7.97635e-08 0.936732 3.14932e-07 0.000566025 0.00149086 0.000151507 0.00689149 4.81966e-07 0.0137825 0.000560531 0.0285923 2.20612e-07 0.00370313 0.00222392 5.0686e-08 0.00324825 0.0015695 3.64624e-07 0.000486482 
0.000178373 4.63462e-05 0.00040989 0.000154203 0.0042779 1.01873e-07 5.49677e-05 2.49723e-07 0.000162569 0.993991 2.36127e-05 1.14307e-07 7.50447e-05 2.11811e-07 2.62622e-08 6.35264e-05 3.19252e-05 0.000496632 3.34774e-05 
2.97043e-06 0.11204 0.00604168 0.0174867 0.0171887 7.6099e-07 6.54272e-06 7.84094e-08 5.44644e-05 0.724804 0.0110049 0.000159523 1.31528e-08 6.65054e-08 8.24594e-09 0.0851305 1.78833e-08 1.41126e-06 0.0260779 
4.10369e-08 0.0210787 1.62027e-07 0.000234304 0.000263323 1.01155e-07 0.74127 8.76539e-05 0.0172004 0.0290014 0.184561 8.09855e-05 0.00223092 0.00010017 2.6077e-08 0.00132908 0.000118325 1.28935e-06 0.00244152 
2.57958e-06 0.000318175 1.0185e-05 0.00169969 0.00386994 6.03225e-05 0.000502609 1.55869e-05 5.14711e-05 0.991891 0.000545105 7.13467e-06 7.49104e-05 1.32205e-05 1.6392e-06 0.000148736 3.55501e-06 1.17921e-05 0.00077221 
8.38921e-07 0.0853938 4.23597e-09 0.0153516 8.01675e-07 2.64455e-09 0.107346 5.06348e-06 0.00613033 0.777994 0.00775499 2.96733e-09 1.18474e-06 4.594e-06 6.81747e-10 6.89876e-06 3.38114e-06 6.05498e-06 1.55042e-09 
8.82397e-05 0.0170759 0.000135066 0.0135708 0.000376528 0.00299738 0.0153397 1.7934e-07 0.74273 0.184812 0.00364606 1.88738e-05 0.000427874 2.25963e-05 1.71252e-07 0.000911018 0.0174746 8.12543e-05 0.000291417 
5.62192e-05 0.228033 9.29582e-06 0.0039238 0.0394001 2.91155e-06 0.0029869 4.81915e-08 0.095392 0.00879958 0.0797423 2.20589e-08 0.54159 4.08752e-08 5.06807e-09 5.9011e-09 1.08593e-05 4.12237e-06 4.85574e-05 
0.000426788 0.0447778 0.00297344 0.0247228 0.174428 8.76168e-05 0.0255544 4.47653e-07 0.0161088 0.0209567 0.573516 0.000653462 0.00111015 0.0381664 4.70775e-08 0.00245601 0.00115109 2.98699e-05 0.0728805 
0.00195848 3.88908e-07 0.00100301 2.22989e-07 0.000648259 3.30929e-05 0.0091337 1.75754e-09 0.000730934 0.889393 0.0871821 1.07144e-06 2.94819e-10 1.49071e-09 1.84832e-10 2.15212e-10 4.00853e-10 0.00991151 3.92454e-06 
0.0177367 0.0354121 0.00965844 0.00250502 0.179316 0.068207 0.00111292 4.01137e-05 0.0921571 0.188818 0.0224262 0.000688983 0.00568579 8.69011e-06 4.0714e-06 0.00174948 0.014666 0.263223 0.096584 
0.000507693 0.0882391 0.000606055 0.022543 0.121448 0.000496257 0.00793288 0.00234713 0.0263943 0.667151 0.0404724 0.00415382 0.00288139 0.00209942 0.000300877 0.00900463 0.00168974 0.000822835 0.000908836 
6.92599e-06 0.000590782 2.7346e-05 0.000119278 0.000166881 0.000184027 0.00124363 0.0002389 0.000386118 0.995287 0.000170805 1.91561e-05 0.000197718 3.54962e-05 4.40114e-06 0.00116331 0.000116716 3.16609e-05 1.0009e-05 
4.60957e-05 0.00777541 1.74038e-05 0.00573101 0.51583 4.65598e-06 0.000146151 2.8131e-05 0.0111867 0.170956 2.39741e-05 3.05657e-06 0.280772 0.000220601 2.37984e-06 0.00703146 1.88331e-05 4.26282e-05 0.000163493 
0.00345817 0.0558041 0.000856035 0.114382 0.00691298 0.000265268 0.0746021 0.0244529 0.541104 0.0230574 0.0499688 0.00543455 0.00533988 0.000211791 3.17124e-05 0.0895281 0.00278291 6.9047e-05 0.00173842 
5.46999e-08 0.465929 1.29706e-06 0.0202963 0.00769488 6.62466e-09 0.0179729 1.62392e-08 0.361873 0.0164037 0.0534395 0.000961286 0.0286115 1.01373e-07 3.69605e-09 0.0216905 0.0051257 4.4261e-08 4.7851e-07 
0.000393013 0.00775419 0.00150906 0.0500972 0.168752 7.70453e-05 0.00180917 5.36019e-05 0.0479119 0.649714 0.00966867 0.00958194 0.00139638 0.00195217 3.37129e-05 0.0255391 0.00471904 0.00164188 0.0173964 
0.000199463 0.026521 8.08767e-06 0.00176417 0.818219 1.10674e-06 0.00373707 2.11885e-05 0.0200235 0.00618775 0.00610803 1.24182e-06 0.00132393 5.45364e-05 4.06105e-07 0.000312146 0.108627 2.05246e-06 0.00688864 
0.00353988 5.20316e-05 0.000166925 8.25465e-06 0.00166289 3.29773e-07 1.55414e-07 8.08378e-07 5.70624e-05 0.989371 5.55161e-05 3.70023e-07 0.00433382 0.000482285 8.50132e-08 3.21982e-05 5.31393e-05 3.76225e-05 0.000145595 
0.000685934 3.65224e-05 0.00035142 0.0048047 0.101703 0.000599778 0.0177563 1.12769e-05 0.3194 0.514055 4.40979e-06 0.00449704 0.0156562 0.00101432 6.03205e-07 1.71473e-05 0.0193809 2.36037e-05 1.79029e-06 
3.12401e-06 0.222574 0.0283049 0.284823 1.77588e-07 0.00776064 0.160761 3.37582e-07 0.0700188 0.00554596 0.104192 0.00524613 0.00057833 2.07446e-10 2.5721e-11 0.109721 0.000180417 1.19734e-07 0.000290988 
4.67938e-07 0.0110379 2.17081e-06 0.0692499 0.227853 0.00764346 1.13911e-06 2.44057e-06 0.0293948 0.517276 8.98847e-05 1.67162e-06 0.000105585 1.75057e-06 2.35422e-07 0.00529008 0.131912 0.000126776 1.05397e-05 
0.0112007 0.0426166 1.70196e-07 1.00178e-06 0.0016793 6.59879e-05 0.0462891 2.60465e-07 0.015271 0.523232 0.318613 0.000280406 0.000205479 2.20922e-07 2.73918e-08 0.0023903 6.53555e-05 1.4081e-05 0.0380748 
3.82911e-06 6.60043e-05 0.00476295 0.00253333 0.207118 3.13299e-09 0.000289861 3.93171e-07 0.249974 0.525452 0.000869085 1.09789e-05 0.00389297 6.514e-09 8.07665e-10 1.19991e-06 5.06751e-06 3.83269e-05 0.00498176 
2.83979e-05 0.0681924 1.03109e-06 1.63321e-06 0.00631202 0.000406747 0.288945 0.383162 0.0215063 0.142823 0.0290747 7.29864e-05 6.79409e-05 0.00260781 2.82435e-07 0.0559218 0.000842252 3.35351e-05 5.61058e-07 
8.33355e-06 0.00546496 1.13429e-05 0.00292663 0.00195674 2.23065e-08 0.00779909 5.46802e-08 0.0156474 0.0156436 0.94281 0.000233455 0.00344333 0.000177618 5.75045e-09 0.00192377 0.00037066 6.77401e-06 0.00157665 
2.2367e-08 0.029747 1.45023e-06 0.000480607 2.79779e-05 2.38157e-05 0.0124072 0.00014117 0.0442824 0.0295241 0.000825918 6.18634e-08 0.00105811 0.865829 1.42132e-08 0.0150922 0.000557614 1.02247e-07 1.26799e-06 
3.56909e-10 0.0136556 1.47187e-06 0.0252412 3.45444e-06 2.17547e-05 1.28438e-06 2.1566e-09 0.10884 0.837164 0.00315004 1.86711e-06 1.75385e-06 1.82919e-09 2.26799e-10 0.0118722 4.18885e-05 2.74757e-06 7.81786e-07 
1.18474e-07 0.293924 1.26391e-10 2.33625e-06 0.0290833 7.8907e-11 0.00301524 0.000108667 0.0368316 2.55877e-11 0.00901316 4.62877e-05 0.0162968 1.6406e-10 2.03417e-11 0.607536 0.0041415 1.46334e-10 5.13543e-07 
5.40549e-07 0.458808 0.0299893 0.0179598 0.00681816 3.1385e-06 0.0518115 0.0352442 0.233492 0.11536 0.00216092 2.2815e-06 0.0111649 1.57373e-09 1.95125e-10 0.0371453 4.23177e-10 1.40369e-09 4.03303e-05 
0.000178208 0.736398 0.000198904 0.00557171 0.0258076 6.12291e-05 0.00562332 2.5196e-06 0.107022 0.0824891 0.0134962 4.04109e-05 0.00367015 3.53916e-05 2.64974e-07 0.0189877 0.000291754 3.76e-06 0.000121623 
3.37621e-07 0.299864 0.000122125 0.457434 0.00111926 0.173231 0.00106304 8.65915e-09 2.07474e-05 2.61577e-06 7.06336e-06 1.42474e-05 1.48089e-05 4.77251e-07 9.1064e-10 0.0669449 0.000159253 6.55095e-09 1.68042e-06 
3.44323e-09 0.323813 1.8583e-11 0.00320113 0.642255 1.16015e-11 3.79041e-08 2.8439e-11 0.0304639 1.56502e-08 0.000239805 1.6998e-08 4.26645e-08 5.90361e-08 2.99079e-12 3.48238e-12 2.67726e-05 2.15151e-11 6.8016e-12 
0.00264921 0.0499709 0.000225983 0.336177 0.0754668 0.00144619 0.000118588 0.00130676 0.188018 0.00942591 0.00513987 0.000497257 0.0168727 0.00757594 9.89518e-05 0.0724771 0.0239607 0.207614 0.000958876 
9.89465e-08 0.0252898 2.71666e-05 0.0107765 0.0103515 2.439e-07 0.0842855 5.97878e-07 6.92345e-05 0.850212 0.0135181 2.73669e-07 0.00277351 5.07108e-07 6.28759e-08 0.00261598 1.37031e-05 5.04536e-05 1.43693e-05 
9.17838e-07 0.0074582 0.978724 9.11581e-06 0.000588612 2.54872e-10 0.0024901 6.24773e-10 0.00130662 0.0028802 0.000302004 5.94366e-06 0.000770697 4.7653e-07 6.57044e-11 0.00232159 0.00309752 1.81475e-05 2.55904e-05 
0.000291781 0.00360656 0.000470906 4.61522e-06 0.0117742 0.000148001 0.0137665 2.79516e-06 0.0263624 0.644936 0.194589 0.0787072 0.0014836 0.00559132 2.28363e-08 0.0149848 0.00213489 1.12384e-05 0.0011337 
1.22314e-05 0.000118299 6.4049e-05 0.000608442 0.00702322 4.20649e-05 3.23237e-05 5.59e-06 5.82328e-05 0.988528 0.00315252 5.03848e-05 8.21886e-05 4.74133e-06 5.87873e-07 2.218e-05 1.27495e-06 8.82417e-05 0.000105909 
2.91974e-10 0.00254296 1.15281e-09 2.39522e-08 1.70569e-07 4.59132e-07 4.24445e-06 1.76423e-09 4.3003e-07 0.97707 0.0188619 8.07551e-10 0.00151247 1.49639e-09 1.85536e-10 1.24749e-06 4.0238e-10 1.33471e-09 6.52853e-06 
6.55319e-07 3.99204e-06 4.35682e-06 6.99845e-07 8.99436e-07 8.49734e-10 0.601322 2.08297e-09 0.0298588 0.0232893 0.345506 9.53448e-10 3.49408e-10 1.76674e-09 2.19056e-10 2.06625e-06 4.75076e-10 1.57584e-09 1.17076e-05 
8.63945e-09 0.000433804 3.41113e-08 0.000104836 0.000114191 2.98357e-05 8.23074e-05 5.22033e-08 0.000194967 0.998451 0.000126114 2.38953e-08 8.8453e-05 9.74555e-05 5.48996e-09 5.49805e-05 0.000221469 3.94936e-08 1.24852e-08 
0.000882557 0.396115 7.83909e-07 0.0677649 0.0696935 0.0003127 0.00779295 7.20193e-07 0.169735 0.213098 0.0387936 1.43193e-06 8.32279e-07 8.2087e-10 1.01779e-10 0.01762 0.0181843 5.69655e-07 3.66775e-06 
0.000244847 0.142931 0.0170953 0.02625 0.0680454 0.0303137 0.00245114 0.00256137 0.179184 0.257589 0.0597342 0.00564206 0.173013 6.27306e-05 4.6396e-05 0.0175723 0.0147759 0.00100552 0.0014829 
4.20286e-09 0.3501 1.38114e-06 0.0568921 0.00575267 9.19395e-06 0.413967 2.53955e-08 0.0144878 0.00354442 0.00275133 1.16244e-08 0.0016307 2.154e-08 2.67072e-09 0.15086 3.34696e-06 1.92126e-08 6.07371e-09 
1.69183e-06 0.0172201 6.67988e-06 0.0191676 0.814051 4.1703e-06 0.00128753 0.00136441 0.0774986 0.00603567 0.00140453 0.00471329 0.0146974 0.00346879 1.07508e-06 0.0385465 0.000228701 7.73387e-06 0.000294134 
0.000638881 0.00875909 0.000461878 0.0313713 0.314997 0.00307987 0.0034566 5.10698e-08 0.0307675 0.590893 0.0019645 0.00190113 0.0063816 0.00172618 4.00293e-08 0.000337631 0.00156006 0.00164225 6.15605e-05 
5.82005e-07 0.000206709 2.29795e-06 0.000375435 0.00902087 1.43463e-06 0.000903196 3.51673e-06 0.000815204 0.980444 0.000292728 1.60973e-06 0.00647991 2.98282e-06 3.69837e-07 7.6428e-05 0.00136949 2.66053e-06 8.41077e-07 
4.68972e-12 0.0255161 1.00268e-05 0.000759128 0.00238644 2.03319e-07 0.00357089 3.97207e-08 0.0868562 0.000781723 0.868413 1.2971e-11 0.00246818 2.39644e-05 2.9801e-12 0.00306393 0.00556139 2.14382e-11 0.00058886 
1.76521e-10 2.19133e-06 0.000167736 0.0018182 0.00199472 0.00114427 0.00061605 1.06662e-09 0.195495 0.00094061 0.00447079 4.88227e-10 0.00295707 2.33191e-07 1.12171e-10 0.785811 0.0031325 0.00144955 1.60062e-07 
6.4057e-05 0.577572 0.000172925 0.0774058 0.0972607 4.27694e-05 0.0145418 0.000690754 0.031057 0.0348511 0.107405 4.51104e-05 0.0356482 1.15332e-06 4.15905e-10 0.0219859 0.000117731 2.89406e-06 0.00113508 
7.57331e-07 6.49458e-05 0.837117 5.41454e-05 0.000173024 1.8668e-06 1.84201e-05 4.57612e-06 0.0413233 0.119864 0.000182901 6.31305e-05 9.37703e-05 1.77708e-05 4.81248e-07 0.000787173 0.000191522 3.462e-06 3.8021e-05 
0.0025317 7.62802e-05 3.22346e-06 0.00374681 0.932134 2.01243e-06 9.48409e-07 4.93312e-06 0.00356528 0.0266914 0.0111056 2.25806e-06 8.27507e-07 0.0100462 5.18792e-07 0.00477272 1.12513e-06 3.73208e-06 0.00531041 
2.22735e-05 0.00648024 2.77361e-05 0.0455741 0.0367253 2.36257e-06 0.00386965 8.56003e-06 0.0476382 0.811072 0.0245593 0.000255898 0.00180546 3.74081e-05 1.2306e-06 0.0192419 0.00237652 8.69869e-05 0.000215089 
2.42283e-05 0.0914668 0.00030119 0.0678166 0.0589709 1.60903e-07 0.0541175 0.000216954 0.0951434 0.50288 0.0423807 0.000216905 0.0181903 3.18555e-07 1.95719e-09 0.000325651 0.0674013 1.40796e-08 0.000546997 
2.04362e-11 0.28166 5.6483e-06 0.0130314 0.0576824 4.53875e-08 5.62667e-07 1.23484e-10 0.627855 0.0114984 0.00164575 5.6523e-11 3.128e-07 1.04737e-10 1.29862e-11 0.00661988 3.97137e-07 9.34201e-11 2.9533e-11 
3.12095e-08 0.00883284 7.11767e-06 0.000262023 4.51293e-05 2.79398e-05 0.0514275 1.88581e-07 0.0227554 0.883796 0.0319259 8.63201e-08 1.67903e-05 1.59951e-07 1.98322e-08 0.000896242 6.14642e-06 1.42668e-07 4.51019e-08 
1.79416e-11 3.93001e-08 7.08394e-11 0.00318089 8.52942e-08 0.000492558 2.08424e-11 1.08411e-10 3.7977e-07 0.952556 2.2878e-06 9.92966e-08 3.78276e-07 6.63713e-05 1.14011e-11 1.04886e-07 2.4726e-11 8.20168e-11 0.0437005 
3.09156e-07 0.024378 1.18413e-06 0.00258852 4.64117e-07 0.00125692 0.840123 1.17241e-09 0.0147521 0.0258569 0.0885544 0.00118705 0.000774089 9.94414e-10 1.23296e-10 0.000525294 3.29096e-07 7.08059e-08 1.23219e-06 
0.000311273 0.0846102 8.02521e-06 0.280261 0.0995504 0.000471983 0.00326947 5.6715e-06 0.0768146 0.0425871 0.31459 3.54827e-06 0.00841142 4.78553e-08 5.93353e-09 0.0626433 0.0250345 0.000184208 0.00124355 
1.00609e-08 0.0487675 4.6387e-07 0.104671 0.009087 7.01088e-05 0.00205206 4.57633e-07 0.145499 0.00175224 0.00173086 7.66732e-07 0.103738 2.18494e-10 2.70909e-11 0.581404 0.00122602 9.30567e-09 2.70801e-07 
0.00048825 3.12586e-05 0.024347 1.42496e-05 0.00212341 5.1806e-05 7.54899e-08 3.92658e-07 3.35447e-05 0.964823 0.00764629 2.22807e-05 7.93492e-05 0.000157824 4.12939e-08 7.65262e-05 7.51632e-05 1.69376e-05 1.22832e-05 
5.39736e-06 0.0265843 0.000154683 1.13385e-05 1.63669e-05 0.0499175 0.022071 3.34048e-05 0.0154918 0.730119 0.114456 0.0335066 5.40218e-09 2.73154e-08 3.38681e-09 2.42935e-05 7.34512e-09 2.4364e-08 0.00760872 
2.14435e-06 5.34601e-05 2.73027e-09 3.42347e-05 2.39313e-05 1.70453e-09 4.17798e-06 4.17835e-09 0.999857 4.75411e-06 5.17868e-06 1.91258e-09 6.30879e-06 3.544e-09 4.39417e-10 2.50756e-06 1.04923e-06 3.16107e-09 4.99758e-06 
6.61923e-05 0.0180391 8.09678e-06 0.0892016 0.303468 3.00148e-09 0.124894 7.35759e-09 0.139512 0.116696 0.000822985 0.000324477 0.00243878 6.24056e-09 7.73761e-10 0.157654 0.0467287 0.000145628 1.75967e-09 
9.80661e-06 0.00745561 0.000258354 0.0113462 0.00574975 3.89315e-05 0.00179923 1.14779e-08 0.0217879 0.917413 0.0220682 3.34454e-06 2.67264e-06 9.73532e-09 1.20707e-09 0.0108664 3.79795e-05 4.19099e-06 0.00115889 
8.40552e-07 0.00858479 4.36398e-07 3.46249e-06 0.000361993 3.40745e-06 2.31331e-06 0.0012255 0.00463692 1.16188e-06 8.23524e-05 1.89729e-08 0.00133302 1.07061e-05 4.35904e-09 0.940861 0.0428915 9.90577e-08 9.91325e-09 
0.00139686 0.0695492 9.44103e-05 0.00445772 0.0104321 0.00993152 0.0339627 0.0244145 0.111161 0.616268 0.0274291 0.0281568 0.0210133 0.016474 1.56923e-05 0.0112777 0.0133117 2.79946e-05 0.000625121 
2.79541e-05 0.00046795 1.01132e-06 0.0254727 0.000249017 0.00231617 0.0352442 0.00013609 0.000993752 0.00441711 0.000319237 7.08437e-07 0.000123085 1.31273e-06 1.62764e-07 1.89517e-07 0.899392 0.000143614 0.0306941 
4.15589e-06 0.297512 0.000151182 1.06385e-06 0.00346799 7.44105e-06 0.00664893 8.04411e-08 0.0089875 0.315265 0.0244763 3.68207e-08 0.0141481 6.82286e-08 8.45959e-09 0.323648 0.00565197 1.19349e-05 1.86198e-05 
7.07986e-05 0.213437 0.00051312 0.00045262 0.000834089 5.99028e-06 0.0139938 1.67687e-06 0.522598 0.000898291 0.0122297 5.82157e-05 0.0585617 3.34251e-10 4.14435e-11 0.168742 0.00729068 0.0002355 7.73035e-05 
5.86648e-07 0.0918378 7.42956e-07 0.701792 0.0494789 7.90723e-05 0.00063743 8.35756e-07 0.0265686 0.0811202 0.000648233 1.43127e-06 0.0399733 5.1467e-07 1.35973e-07 0.00418342 0.00353277 5.11379e-05 9.27647e-05 
5.67884e-07 0.0235893 9.35001e-06 0.00219928 2.75269e-05 0.00984688 0.00808938 6.45171e-08 0.150227 0.70428 0.0242173 2.95317e-08 0.000937908 5.47222e-08 6.78495e-09 0.0669839 0.00669687 4.88095e-08 0.00289397 
0.0018481 0.000977167 0.000570894 0.000167676 0.170734 9.06625e-08 0.0237822 4.18157e-05 0.0122015 0.143486 0.000582492 0.00118431 0.000145161 1.20643e-05 2.33722e-08 0.640012 5.06883e-08 0.00413491 0.000119426 
0.00352911 0.0675738 1.75641e-07 0.0681369 0.370347 0.00101868 8.25378e-08 1.86652e-11 0.24938 0.0986581 0.079161 0.0574803 1.26023e-06 7.44092e-07 1.96293e-12 4.45708e-08 0.0047123 5.22613e-08 6.51796e-08 
5.26155e-07 0.0146305 2.1701e-06 0.00155506 7.89683e-07 0.0078799 0.780144 3.32236e-09 0.0551225 0.0859986 0.053141 0.000715376 0.000466147 2.81797e-09 3.49397e-10 0.000316661 5.60161e-07 2.38142e-05 2.09651e-06 
7.45592e-05 6.20999e-05 1.90988e-06 0.207502 0.26988 2.80054e-08 2.03826e-05 6.86502e-08 0.106044 0.0479304 0.085991 3.71328e-06 0.003747 5.82278e-08 7.2196e-09 0.276191 0.00248441 6.733e-05 1.64187e-08 
9.87579e-06 0.379746 3.61543e-09 0.308052 6.06448e-05 2.03953e-07 0.0114208 1.6004e-07 0.0120997 2.05123e-07 0.0119157 2.53264e-09 0.27024 4.69297e-09 5.81876e-10 0.00306938 0.00279352 4.18589e-09 0.000591979 
3.24668e-06 0.185105 0.00267561 0.000940448 0.0279983 8.47986e-06 0.0169235 0.23303 0.45184 0.00156352 0.00372706 5.26013e-05 0.00175288 1.32726e-11 1.64566e-12 0.0483834 0.0253027 1.18385e-11 0.000692634 
0.000612026 0.00195167 5.36877e-07 0.00183601 0.0022623 0.00134104 0.0054024 8.21625e-07 0.00222099 0.00991262 0.00840488 0.00315949 0.0085452 6.96887e-07 8.64063e-08 0.949093 0.000225058 6.21588e-07 0.0050307 
1.40118e-07 0.000896111 0.00031828 0.00110437 4.53866e-05 0.000151612 0.000542221 8.46651e-07 0.000530154 0.0451244 0.000108766 0.0889469 0.000371584 2.42693e-05 8.90381e-08 0.000473431 0.86128 6.40521e-07 8.05191e-05 
2.63885e-10 0.0949957 1.0419e-09 1.8489e-06 0.00209965 6.50468e-10 0.0516096 1.5945e-09 0.438373 0.182098 3.6819e-06 7.2986e-10 0.0168982 1.67899e-06 1.67686e-10 0.197722 0.0161962 1.2063e-09 1.42297e-07 
6.18042e-05 1.46718e-06 3.1799e-07 0.0462297 0.0478249 3.10483e-07 0.0013772 1.24748e-10 0.00122646 0.899264 0.00100898 3.71217e-07 2.0926e-11 1.05809e-10 1.31192e-11 1.52756e-11 2.30491e-07 0.00200546 0.000999278 
1.63639e-09 0.860403 6.461e-09 0.00911749 8.87378e-06 0.00124387 0.0314857 9.88777e-09 0.0319974 6.71375e-05 0.0230015 0.000114286 0.0125109 8.38662e-09 1.03985e-09 0.00828399 0.0216296 1.05142e-07 0.000135959 
7.3707e-05 0.143431 8.87287e-05 0.212555 0.0967598 2.90033e-05 0.00912307 6.40426e-06 0.00372782 0.186009 0.0212716 3.54666e-06 0.000727781 4.08673e-05 2.43389e-06 0.204349 0.121742 4.84505e-06 5.48215e-05 
2.42353e-06 0.0288968 1.27812e-06 0.000194057 0.00147755 0.00119461 0.199223 0.507851 0.117754 0.0633671 0.000399574 1.46773e-05 1.92768e-06 5.22713e-07 6.48107e-08 0.0415417 0.038079 4.66234e-07 1.47391e-07 
0.000218608 7.00975e-05 0.0337233 0.00341592 0.0155973 3.65253e-07 0.000989559 8.95352e-07 0.000195301 0.909191 0.0110941 1.9626e-05 1.50191e-07 7.5942e-07 9.41598e-08 0.0214203 2.04208e-07 0.00304368 0.00101844 
1.98989e-06 2.26503e-05 4.84871e-07 0.0113564 0.000478229 3.02709e-07 0.00206686 7.42037e-07 0.0166059 0.873639 0.00842562 3.39656e-07 0.00192283 0.000428089 7.80364e-08 0.0464795 0.0385704 5.61377e-07 1.77469e-07 
0.000349774 0.0638246 0.000380648 0.0245048 0.18824 6.61329e-06 0.0199625 0.000506969 0.0103451 0.57929 0.0938481 0.00820487 0.00495076 4.2422e-05 1.82484e-08 0.00518986 0.000199968 8.03901e-05 7.31326e-05 
8.63556e-08 0.0449753 0.00012408 0.0533772 0.00450258 5.67208e-05 0.0149063 5.21798e-07 0.021277 0.762003 0.0901529 2.38845e-07 0.000459805 4.42579e-07 5.48749e-08 0.00228037 0.00235216 3.94758e-07 0.00353121 
1.85612e-08 3.82952e-07 7.32857e-08 0.000459026 0.00295029 4.57529e-08 5.33134e-05 1.12155e-07 1.24307e-05 6.69502e-06 0.000831549 5.13372e-08 8.01899e-06 9.51277e-08 1.17948e-08 0.99566 2.55799e-08 8.48492e-08 1.74242e-05 
1.07558e-05 0.000123235 5.58166e-05 0.0179458 0.000106374 1.56429e-05 0.020354 0.0118698 0.000149491 0.378839 0.166341 3.10746e-05 0.013475 0.342007 1.3394e-07 0.0474022 0.000179437 1.19192e-05 0.00108232 
4.71384e-12 0.0136694 5.37932e-06 0.000464235 0.00127849 1.46651e-07 0.00191307 2.87188e-08 0.0507453 0.000470524 0.924075 2.94774e-10 0.00132231 1.28492e-05 2.99543e-12 0.0022566 0.00297943 1.84878e-09 0.000807491 
1.54564e-07 8.80698e-06 6.10271e-07 0.00186984 0.0525879 3.80997e-07 0.000278631 9.33945e-07 0.0191445 0.01413 6.99121e-07 0.000294228 3.56903e-05 0.000265643 9.82185e-08 0.00536894 0.905687 5.83361e-05 0.000267198 
3.93985e-06 0.0532002 8.98144e-09 0.272034 0.0149835 9.15284e-06 0.0545913 1.3745e-08 1.30186e-05 0.407882 0.170667 6.29157e-09 8.99128e-06 5.44555e-06 1.4455e-09 1.21621e-05 3.13491e-09 1.03986e-08 0.0265896 
3.44323e-09 0.323813 1.8583e-11 0.00320113 0.642255 1.16015e-11 3.79041e-08 2.8439e-11 0.0304639 1.56502e-08 0.000239805 1.6998e-08 4.26645e-08 5.90361e-08 2.99079e-12 3.48238e-12 2.67726e-05 2.15151e-11 6.8016e-12 
0.000499316 0.0181228 0.000411143 0.0256411 0.000345931 4.70283e-06 0.0209474 0.547783 0.155038 0.0604502 0.00727608 0.00310796 0.0411548 0.000106336 7.21577e-07 0.116875 0.00221011 2.10658e-05 4.58219e-06 
5.17951e-05 0.0338132 0.000277479 0.0491515 0.00305915 0.000134137 1.7415e-05 0.00032355 0.000874216 0.872004 0.0297471 5.10716e-06 6.55574e-06 0.000380928 2.12929e-06 0.000108572 0.00994013 5.44799e-06 9.79702e-05 
2.18599e-07 4.19312e-07 0.00199326 0.00362903 0.00588423 2.06435e-07 4.97025e-07 2.80976e-10 1.47098e-06 0.984448 2.13576e-07 1.28613e-10 6.78752e-07 2.38319e-10 2.95489e-11 5.74611e-07 2.88442e-07 0.00404067 3.02465e-07 
8.77329e-07 0.00314955 6.25792e-05 0.00822203 0.000653337 0.000604666 0.0146054 2.14862e-09 0.567619 0.281515 0.000760212 7.90512e-07 0.0744961 0.0475479 2.2596e-10 0.000180552 0.000362345 1.36728e-05 0.000206746 
7.35299e-06 0.00939993 9.55507e-05 0.00877218 0.0483583 2.40936e-05 9.67488e-06 2.22313e-05 0.00217259 0.917545 0.000586655 4.16736e-05 0.000302086 4.20484e-07 5.21354e-08 0.0123728 0.000238479 4.21678e-05 8.63813e-06 
6.12612e-06 0.00734045 6.38743e-06 0.00291449 0.0046393 0.000137897 0.000231665 5.60031e-06 0.980176 0.00268246 0.00138728 5.86877e-06 0.000116284 3.07646e-05 2.41737e-06 7.59741e-05 0.000130312 1.76297e-05 9.32202e-05 
5.03503e-05 0.0173472 1.32891e-06 0.0358867 0.260128 7.1913e-09 0.0300052 0.00185812 0.0235403 0.620028 0.0109256 3.16704e-06 0.000212409 1.49519e-08 1.85387e-09 1.63577e-07 5.8403e-06 7.08439e-06 4.21603e-09 
1.22286e-06 0.0142412 3.66484e-08 0.0807535 0.0110325 1.33746e-06 0.00812236 7.00577e-07 0.0540838 0.00925705 3.09896e-06 2.01677e-05 7.10975e-07 0.199725 1.2993e-10 0.602621 0.0160283 9.34687e-10 0.0041082 
1.60717e-06 0.00259919 1.22154e-08 7.81489e-07 0.000516189 0.000329353 0.000626831 1.86942e-08 0.288261 0.7047 0.0019641 8.55698e-09 1.62269e-05 0.00031341 1.96598e-09 0.000653891 8.50039e-06 4.95902e-06 3.65202e-06 
4.02492e-05 0.180912 1.60807e-05 0.00650303 1.42276e-06 2.65964e-07 0.018173 6.51962e-07 0.00195712 0.000103347 0.000896613 2.98426e-07 0.707086 5.52981e-07 6.85636e-08 0.0843031 4.51866e-06 4.93232e-07 9.50209e-07 
0.00102464 0.0059703 0.0121066 0.0120225 0.391559 0.00190452 0.00782648 0.000326179 0.00460597 0.149384 0.227695 0.0101131 0.00970189 0.00164027 0.000163514 0.155181 0.00413348 0.000257863 0.00438345 
0.000879399 0.012784 0.0252037 0.00184746 0.0223837 0.00133964 0.0300276 4.98955e-06 0.000654899 0.170768 0.00178418 0.0362472 8.36974e-07 4.23205e-06 5.24727e-07 0.09002 1.138e-06 3.77477e-06 0.606044 
6.50466e-07 0.194137 0.0107616 0.0144901 0.00365066 6.57047e-06 0.0311705 3.94314e-09 0.0319259 0.655801 0.047464 1.33238e-05 0.00718427 5.178e-06 4.14681e-10 0.00165071 0.00141241 0.000300367 2.60021e-05 
2.96427e-08 0.513135 1.13521e-05 0.0487281 0.0308117 3.89937e-05 0.0423318 3.77225e-10 0.130398 0.0304568 0.155293 1.83933e-06 0.00484799 1.66629e-05 3.96709e-11 0.0383201 0.00497741 3.30189e-08 0.000630806 
1.14128e-07 0.0480649 0.000180609 0.0362706 0.00911512 2.81323e-07 0.012166 6.89611e-07 0.0253259 0.0117792 0.00393916 3.15659e-07 0.0151339 5.84915e-07 7.2523e-08 0.834356 0.000183952 5.21715e-07 0.00348214 
1.60717e-06 0.00259919 1.22154e-08 7.81489e-07 0.000516189 0.000329353 0.000626831 1.86942e-08 0.288261 0.7047 0.0019641 8.55698e-09 1.62269e-05 0.00031341 1.96598e-09 0.000653891 8.50039e-06 4.95902e-06 3.65202e-06 
0.000350946 0.0187617 1.4601e-07 1.78351e-05 2.5994e-05 7.8642e-05 0.000829697 2.23451e-07 0.000640093 0.823726 0.148885 0.000101863 0.00635166 1.94646e-06 2.34993e-08 0.000225792 1.54097e-06 1.69049e-07 8.91827e-07 
1.98897e-08 0.031618 2.5164e-08 0.641136 0.313303 7.66987e-05 0.000365636 7.61917e-09 1.29375e-07 0.00877498 0.000185359 0.000296036 2.15474e-07 1.74096e-08 4.60624e-09 0.00404817 1.17217e-07 0.000195482 7.74283e-09 
1.5173e-06 0.23767 0.00100005 0.0200703 0.000665624 0.00057451 0.0969566 1.1436e-06 0.250113 0.0350248 0.0964084 1.39822e-05 0.0689187 0.00865423 1.22648e-07 0.119869 0.0640543 5.25222e-07 3.00164e-06 
0.000128676 0.019277 1.73168e-05 0.000732947 5.09747e-05 0.00024319 0.00280805 0.802638 0.00321558 0.130279 0.0125081 4.39762e-05 0.000713719 0.0108606 1.25469e-06 0.0155919 0.000176724 0.000710655 3.13704e-06 
0.000161741 0.0303411 0.000838602 0.00260415 0.161775 0.000165202 0.0106105 1.26465e-05 0.0298779 0.628349 0.0975839 0.00183089 0.000434422 0.0288872 9.08698e-06 0.00343731 0.00057637 0.000315666 0.00218967 
1.63167e-07 0.138449 3.21833e-06 0.016572 0.0261542 5.75896e-06 0.157856 1.09426e-09 3.41674e-06 0.327229 0.180879 5.0088e-10 1.00974e-06 1.86554e-07 1.15078e-10 0.152837 2.24866e-07 8.27845e-10 1.0076e-05 
3.23919e-11 0.752395 4.39082e-07 0.1436 1.49715e-06 0.000111027 0.000690454 1.95726e-10 0.0250775 8.56777e-07 0.00525632 1.8293e-05 0.0503453 1.66011e-10 2.05835e-11 0.0225014 1.83861e-06 1.48074e-10 4.68107e-11 
0.00045755 0.00940677 0.00618783 0.00622784 0.0375325 0.00354513 0.0134748 0.00311653 0.0301208 0.809865 0.0375209 0.000965339 0.0151182 7.8737e-05 7.58388e-05 0.00080243 0.0024758 0.000137903 0.0228903 
0.00086677 0.0143157 4.13706e-05 0.0401143 0.040869 1.13548e-05 0.0033081 8.58036e-08 0.0188122 0.723206 0.0171551 0.000958618 0.000875411 2.72293e-05 9.02355e-09 0.138437 0.000261564 6.49135e-08 0.000740355 
0.000349696 0.0914284 3.88118e-05 0.0163127 0.0138584 0.000322453 0.0640876 0.48312 0.0596611 0.0733434 0.00795667 0.000482326 0.00131544 0.000257322 1.48185e-06 0.178373 0.000928267 0.000245972 0.00791706 
3.90273e-06 0.139466 8.75913e-05 0.0189329 0.00813414 0.000515955 0.0148976 0.00148345 0.108789 0.00451735 0.00124046 5.88617e-05 0.0233966 3.75219e-06 3.72004e-07 0.560623 0.116101 0.00161232 0.000136144 
2.56667e-09 0.183185 1.0134e-08 2.36878e-06 0.00353829 6.32677e-09 0.229572 0.0470421 0.282265 0.129281 0.0390797 0.000561187 0.000712529 5.30168e-06 1.631e-09 1.07113e-05 0.0843807 1.1733e-08 0.000364105 
2.61079e-10 0.0171885 3.19659e-06 7.83366e-06 7.50677e-06 6.43553e-10 2.79057e-06 1.57755e-09 8.2589e-06 0.982764 1.19913e-06 7.22102e-10 3.81089e-06 1.33805e-09 1.65904e-10 3.22618e-06 1.61947e-06 5.96857e-06 1.69821e-06 
0.000356119 0.213131 0.0644252 0.012975 0.0111143 0.0963715 0.0353835 6.4074e-10 0.155617 0.351677 0.0304024 0.00217127 0.00108837 5.78521e-08 6.73834e-11 0.0251244 1.46137e-10 7.49395e-07 0.000162827 
0.000327631 0.00307676 0.00150592 0.00298558 9.0072e-06 4.61418e-06 0.0017425 1.81081e-06 0.0416403 0.940006 0.000144862 8.28872e-07 0.00777846 1.5359e-06 1.90434e-07 2.21736e-07 0.000749675 2.01671e-05 4.10336e-06 
7.80318e-05 0.0296362 0.000757677 0.13563 0.551992 6.77777e-05 0.00016039 1.33939e-05 0.117137 0.0297065 0.0110774 0.00712399 0.0539105 3.41541e-05 2.5405e-06 0.0586799 0.00102609 0.00278412 0.000182064 
0.000709997 0.0115945 4.88255e-08 0.00260093 5.23025e-05 0.000444779 2.52342e-05 1.53228e-06 0.000428468 0.740385 0.223038 3.42026e-08 5.73987e-05 1.28179e-05 7.85809e-09 0.0204936 1.70422e-08 5.65294e-08 0.000155564 
3.29118e-09 0.00902874 2.24235e-06 0.045902 6.4318e-05 8.31683e-05 0.0618785 4.35197e-05 0.090707 0.740389 0.000192756 0.00125443 4.42139e-05 0.000114321 2.09139e-09 0.0286775 0.02155 1.5045e-08 6.87504e-05 
0.000230256 0.000581107 0.000535019 0.000140487 0.00465857 4.02978e-05 0.000110407 8.86919e-07 0.000261201 0.992651 0.000168968 4.05974e-07 0.000118619 0.000131233 9.32729e-08 7.37458e-05 0.000296842 6.70985e-07 2.1212e-07 
1.48244e-05 0.00658426 1.71665e-07 0.0188487 0.0674002 3.4328e-05 0.121363 3.15534e-06 0.0166729 0.225332 0.0117438 0.000175987 0.00551487 2.22827e-07 2.76281e-08 0.0444421 0.0494064 1.98751e-07 0.432463 
0.00274501 0.11726 0.00047947 0.0565498 0.030924 0.0326668 0.0185602 0.00149238 0.518755 0.0209868 0.0271145 0.00533831 0.0427469 0.0012562 0.000267755 0.101973 0.0179701 0.0023325 0.00058181 
1.97124e-11 0.624171 2.60505e-07 0.0155393 0.00115777 4.17773e-07 0.0026137 1.63549e-05 0.11706 0.00253775 0.00354662 1.82169e-08 0.0197953 3.98167e-05 1.25263e-11 0.092098 0.121424 1.19885e-07 2.84871e-11 
1.79416e-11 3.93001e-08 7.08394e-11 0.00318089 8.52942e-08 0.000492558 2.08424e-11 1.08411e-10 3.7977e-07 0.952556 2.2878e-06 9.92966e-08 3.78276e-07 6.63713e-05 1.14011e-11 1.04886e-07 2.4726e-11 8.20168e-11 0.0437005 
0.00209915 0.0498915 0.024914 0.00123619 0.0274276 0.0784314 0.00654247 1.78092e-05 0.148207 0.532406 0.0566181 0.0362709 0.0137487 2.22538e-05 2.5765e-06 0.0163712 9.66591e-05 6.25582e-06 0.00569083 
3.78175e-05 0.0689554 1.53217e-06 0.0446137 0.289714 7.29428e-05 0.0085197 1.34192e-09 0.0130988 0.43013 0.00767704 0.000238702 0.00571041 1.13819e-09 1.41123e-10 0.0745106 0.0555266 0.000389685 0.000802712 
0.108177 0.00179388 0.000655621 0.0488004 0.00231308 3.44193e-05 0.0168621 0.00461276 0.0290872 0.678094 0.0702285 0.00164846 0.000328809 0.0297991 1.3095e-05 0.00674586 6.66157e-05 5.59659e-05 0.000682434 
9.52339e-06 0.0558792 0.00154883 0.00288019 0.0228272 0.2954 0.163634 3.382e-05 0.085303 0.0550148 0.0521628 0.000186069 0.0141637 7.10094e-05 6.92104e-06 0.229436 0.0214147 1.73022e-05 1.07583e-05 
6.99115e-05 0.0475267 0.000339409 0.0615778 0.0883599 9.09351e-05 0.00671403 0.00117021 0.0265967 0.723922 0.0309494 0.000236826 0.00842451 0.000145256 3.78556e-05 0.00189887 0.000678513 0.000343792 0.00091716 
1.22834e-06 0.0617198 0.00124915 0.0259591 0.0118822 2.70615e-05 0.00809314 1.16298e-08 0.0198453 0.75247 0.0712025 0.0152111 0.0258054 2.2823e-06 1.22305e-09 0.00332197 0.00142392 1.00069e-06 0.00178483 
2.93e-08 0.707427 6.22653e-06 0.146164 0.00805253 0.00657811 0.00285273 0.000119414 0.0107763 0.000233222 0.0168204 0.00516874 0.003314 0.000313468 1.86187e-08 0.0902452 0.000976462 3.35072e-05 0.000918496 
4.33321e-05 0.000816263 1.00364e-06 1.33213e-06 1.79637e-07 6.68241e-10 0.00735001 1.63807e-09 0.000432323 0.933435 0.0579186 7.49802e-10 2.74779e-10 1.38938e-09 1.72268e-10 2.00583e-10 3.73605e-10 1.23926e-09 1.98193e-06 
1.01538e-05 0.0654518 0.00238935 0.00987458 0.702002 0.000113795 0.00586318 1.14938e-06 0.045138 0.00149106 0.0153022 0.000440947 0.00032729 1.67057e-05 1.20874e-07 0.039248 0.112286 4.32121e-05 2.7489e-07 
1.53035e-05 9.16164e-05 1.22987e-06 0.000217859 1.60503e-05 0.0672984 0.0375742 1.88217e-06 0.0219871 0.723162 0.132522 8.61534e-07 0.0119892 2.70848e-05 1.97939e-07 0.00421736 0.000644691 1.42393e-06 0.000231234 
7.54571e-09 0.0736542 0.000118949 1.54835e-05 0.0338544 1.86e-08 0.00435797 4.55945e-08 0.0584723 0.00109387 0.0975968 2.08702e-08 0.000999357 6.28186e-06 4.79495e-09 0.72402 0.00570106 3.44938e-08 0.00010957 
0.000126995 0.165016 2.72037e-06 0.050485 0.21125 0.00992115 0.166498 3.5608e-06 0.206921 0.115887 0.063564 9.27279e-07 0.0100268 2.23151e-08 2.76683e-09 0.000236967 3.87674e-05 1.84152e-05 1.39169e-06 
1.14579e-05 7.03657e-05 1.11278e-05 0.000741971 0.00388211 5.96895e-09 9.37111e-05 4.03791e-05 0.00914547 0.971626 0.0100246 6.69749e-09 0.002976 3.68326e-05 1.53876e-09 0.000179989 1.25098e-05 1.10695e-08 0.00114769 
0.000120284 0.0129853 3.05179e-05 0.77946 0.0185332 4.97745e-05 0.000440007 2.86868e-06 0.0085164 0.139976 0.0295811 0.000154228 0.000589318 0.000316187 2.71014e-06 0.0015133 9.55485e-05 1.37611e-05 0.00761914 
1.99766e-05 0.0173247 9.88874e-06 0.0138827 0.0167395 1.77393e-06 0.00585967 3.92816e-06 0.00400759 0.00177577 0.0101705 1.26161e-09 0.0192891 0.0181043 2.89857e-10 0.594782 0.297991 2.08517e-09 3.69745e-05 
2.61456e-10 0.0261861 0.00446549 0.1681 9.10886e-08 0.20422 0.0419957 1.57983e-09 0.053322 0.43053 0.0584874 7.23144e-10 2.65009e-10 4.82529e-06 1.66143e-10 0.00817223 0.00290625 1.1952e-09 0.00160922 
1.49366e-05 0.00273366 7.84819e-06 0.0149362 0.87629 3.96283e-05 7.70582e-06 1.20107e-05 0.00234137 0.0974819 1.19561e-05 0.000192343 6.0991e-05 1.01872e-05 4.86056e-06 0.00470385 5.36526e-05 0.00104876 4.83309e-05 
0.00011314 0.0877382 7.40566e-08 0.685616 0.000442629 0.00433558 0.0165854 1.13335e-07 0.0155609 0.0214598 0.153106 0.00604271 0.000849176 0.000404042 1.19188e-08 0.00113795 0.00319828 7.62168e-05 0.00333387 
8.56123e-11 1.01685e-08 3.58343e-07 0.00309653 5.53552e-07 3.70622e-05 2.946e-07 8.6093e-07 0.105782 0.000116151 2.91833e-08 2.36789e-10 0.00827835 4.3877e-10 5.44026e-11 0.882607 6.99832e-06 7.42237e-05 6.78895e-08 
3.97196e-07 0.260403 0.0705777 0.000137717 0.0907481 9.79077e-07 4.61414e-07 2.40003e-06 0.000147853 0.249319 9.56961e-05 1.09858e-06 3.46623e-05 2.03566e-06 2.52399e-07 0.328246 5.74803e-05 0.000225 5.74002e-07 
1.65558e-05 0.000782871 3.86611e-07 0.000176536 2.55979e-05 3.5657e-05 0.0829735 5.91662e-07 0.006093 0.817751 7.03575e-05 2.70824e-07 0.0161994 0.0652261 6.22222e-08 0.0102066 5.1616e-05 0.000390125 1.41505e-07 
5.44036e-05 0.00423057 6.2965e-05 6.88217e-05 0.00373705 4.12606e-06 0.000468603 0.000104561 0.00059401 0.0638769 0.000128156 3.18375e-06 0.000542956 0.908613 2.99054e-06 0.0149358 0.000749026 2.66915e-05 0.00179643 
0.000967293 0.00819559 0.000868891 0.00692773 0.0130601 0.000109115 0.000845427 7.66691e-05 0.0112426 0.907864 0.00661118 0.000651869 0.00129396 0.000360661 1.25646e-06 0.00406563 0.00011632 0.0362953 0.000446641 
1.10851e-08 0.000296514 4.37677e-08 0.000538529 0.000265395 2.73245e-08 0.00129547 6.69811e-08 0.00116985 0.993819 0.000419935 3.06596e-08 0.000121357 5.68121e-08 7.04407e-09 0.000109093 0.00196461 5.06736e-08 1.60195e-08 
1.19163e-05 0.0104223 0.00309734 0.10666 0.00179992 0.00120411 0.00657221 7.54044e-07 0.00234024 0.615876 0.140741 2.3847e-05 2.12656e-05 6.39565e-07 7.92991e-08 0.010337 0.00225732 0.0986264 7.48334e-06 
0.000687544 5.11629e-06 8.36847e-10 0.0925539 0.408799 1.72461e-06 1.62528e-06 1.28069e-09 0.0562985 0.438251 1.78571e-06 4.10411e-06 2.1483e-10 4.35589e-07 1.34684e-10 4.03047e-06 6.97819e-05 2.22942e-06 0.00331952 
0.000106528 0.0423559 0.000379479 3.91308e-05 4.76829e-05 0.0165283 0.626362 1.68265e-06 0.0302729 0.0832252 0.140102 0.000502075 0.0105443 0.00011304 1.76956e-07 0.0279559 0.00332681 1.27299e-06 0.0181359 
0.0082141 0.15334 0.000682674 0.0773529 0.0394071 0.00153235 0.0126009 0.0014771 0.229988 0.0266558 0.0190074 0.000765265 0.0372934 0.00526165 0.000542247 0.378256 0.00454128 0.00191337 0.00116855 
3.41621e-05 0.0198098 4.63352e-05 0.00752487 0.020503 4.03904e-05 0.00199124 2.37916e-07 0.0267918 0.832396 0.0382481 0.000189699 0.000678593 4.34984e-06 2.50205e-08 0.000628948 0.0510768 1.42206e-05 2.17248e-05 
0.0472248 0.0552025 0.00102129 0.160857 0.00452077 0.000583221 0.0219611 0.00141281 0.213578 0.012266 0.228998 0.020174 0.191447 0.000605009 0.000194137 0.0326053 0.00491995 0.000562139 0.00186646 
2.06593e-07 0.213905 1.10852e-05 0.0137071 6.80953e-07 1.5909e-10 0.200007 1.9538e-07 0.177671 0.225374 0.118421 1.08908e-06 3.86028e-07 3.9726e-07 4.10123e-11 8.5961e-07 0.0428951 1.18309e-07 0.00800497 
0.0143022 0.0801156 3.5713e-08 0.455709 0.413357 9.05837e-06 0.000138943 5.46545e-08 8.92809e-05 1.7039e-05 3.24748e-05 1.82435e-05 0.0357669 0.000240761 5.74774e-09 7.88762e-05 0.000107051 6.58727e-06 1.15188e-05 
7.84286e-05 7.36127e-05 0.000182306 0.00387929 0.0350859 2.30821e-07 2.29214e-05 5.65816e-07 1.5081e-05 0.936479 0.0206158 1.80984e-05 9.4913e-08 0.000132705 5.95041e-08 6.92847e-08 0.00109394 0.000103625 0.00221863 
1.01067e-07 0.00991502 8.88675e-07 9.31332e-05 0.00178119 0.000281038 0.0170608 1.38762e-10 1.64588e-07 0.935085 0.0290322 6.35164e-11 2.35118e-07 1.17696e-10 1.4593e-11 4.77479e-07 3.16484e-11 1.04979e-10 0.00674986 
6.01811e-08 0.743103 2.30628e-07 0.112909 0.0650025 4.36179e-11 0.0287092 1.06921e-10 0.0459386 1.25744e-06 0.00268973 4.55207e-07 1.0905e-06 9.06887e-11 1.12444e-11 0.00164423 3.34115e-07 8.08898e-11 2.55718e-11 
7.71597e-05 0.00324061 4.78395e-08 0.00037447 0.00466644 0.000626274 0.75499 9.23603e-07 0.0431152 0.112127 0.0376422 0.0103043 0.0185198 0.000138137 8.8213e-11 0.0107153 0.000288759 4.17294e-07 0.00317266 
9.46479e-07 0.0670259 1.98367e-05 0.219216 0.00106405 0.00209261 0.318219 0.0567315 0.0599896 0.00625822 0.19787 0.0049844 0.00208317 2.03758e-05 9.81821e-10 0.045324 0.0190341 7.06301e-09 6.69028e-05 
6.86862e-05 0.048411 0.00266618 0.0478512 0.00893167 0.000499382 0.0446977 0.0142579 0.087646 0.522633 0.0790522 0.00184618 0.00786071 0.000225584 6.66689e-05 0.126146 0.0062439 0.000125614 0.000770265 
5.90328e-07 0.358486 3.61026e-07 0.160211 2.02441e-06 5.25788e-07 0.0837367 2.30115e-10 0.109494 0.0245768 0.184123 1.59061e-06 1.82199e-06 7.58661e-05 2.42001e-11 0.00538726 0.070109 2.09082e-07 0.00379372 
1.88724e-06 0.00639071 2.08415e-08 0.418212 0.0105282 8.25421e-06 0.0255565 1.15422e-06 0.00137358 0.266723 0.198014 1.45996e-08 0.0488964 2.7053e-08 3.35427e-09 0.00330225 7.27456e-09 5.94595e-05 0.0209314 
1.01242e-10 1.02239e-06 5.92765e-05 9.53175e-07 0.0019776 7.14954e-05 5.80826e-06 5.34855e-07 0.00399183 0.00153687 0.00930544 1.54064e-05 5.43074e-07 0.000924106 6.43347e-11 0.981502 0.000606188 4.6281e-10 8.44445e-07 
4.8039e-06 0.0174221 6.66743e-06 0.137354 0.367099 1.02837e-06 0.0286525 5.50597e-07 0.0224498 0.411462 0.00165637 1.37728e-05 0.000203242 9.02275e-05 4.05815e-07 0.00278566 4.61049e-05 0.0107326 1.97876e-05 
0.00437569 0.0286195 1.24211e-05 4.36095e-06 3.71517e-06 5.78659e-10 0.00443232 1.41848e-09 9.96145e-06 0.832395 7.83553e-06 9.74577e-07 0.120131 4.57306e-06 1.49174e-10 1.09082e-05 1.26176e-05 9.66891e-07 0.0099785 
2.38003e-07 0.00493553 9.39711e-07 0.000388669 0.00818154 5.8667e-07 2.76483e-07 1.43811e-06 0.00753682 0.972277 0.000933011 6.58275e-07 2.41237e-07 1.21978e-06 1.51239e-07 1.76098e-07 0.00574031 1.08798e-06 3.43946e-07 
4.7888e-05 0.0324497 5.42074e-06 0.00707945 0.0214624 0.000304476 0.114917 0.0361506 0.0656871 0.256787 0.154604 0.0065904 0.00649302 9.61991e-05 2.95825e-06 0.291562 0.00366642 3.10229e-05 0.00206292 
1.11298e-05 0.127175 0.000838041 0.0194684 0.00841781 0.0106302 0.0246286 1.4922e-06 0.0324787 0.714081 0.04856 0.0015133 0.000841665 0.00052314 8.49148e-07 0.00864855 0.0020212 5.13123e-05 0.000109755 
4.46842e-06 0.00552191 9.39885e-08 0.00490236 0.00106951 5.86778e-08 0.0182075 1.43838e-07 0.0362872 0.0309303 0.00817996 0.000492907 0.000830075 2.86214e-05 1.51267e-08 0.885796 0.00545432 1.08819e-07 0.00229485 
7.55709e-10 2.71156e-06 2.98378e-09 0.0714306 0.148261 1.8628e-09 0.0100131 4.56632e-09 0.0051108 0.350461 0.277416 2.09016e-09 0.0776362 3.87307e-09 4.80218e-10 0.0596666 2.20529e-06 3.45458e-09 1.0921e-09 
6.37683e-10 0.0206595 3.61496e-06 0.00136374 0.000797264 1.47065e-07 0.00119251 5.08634e-07 0.069378 0.000293715 0.89696 6.60521e-09 0.00455193 8.6061e-06 4.05217e-10 0.00159039 0.0018569 3.43048e-08 0.00134344 
4.71384e-12 0.0136694 5.37932e-06 0.000464235 0.00127849 1.46651e-07 0.00191307 2.87188e-08 0.0507453 0.000470524 0.924075 2.94774e-10 0.00132231 1.28492e-05 2.99543e-12 0.0022566 0.00297943 1.84878e-09 0.000807491 
1.03275e-05 0.0289146 0.0239691 0.0190479 0.0422501 5.02979e-05 0.00319008 1.2151e-06 0.0191923 0.808563 0.00231777 1.86788e-05 0.0109214 6.81932e-05 1.27786e-07 0.0404098 0.000730404 5.02409e-06 0.000340071 
1.10048e-06 0.0251717 4.34505e-06 0.840818 0.0835812 2.71265e-06 0.000113425 6.64958e-06 0.00737401 0.000430073 0.00064319 0.000617069 0.0256852 0.00296918 6.99303e-07 0.000617232 0.0119576 5.03064e-06 1.59034e-06 
2.84156e-05 0.0134596 0.00037582 0.0114527 0.0125152 0.0011855 0.015531 0.00317834 0.088365 0.788 0.0399078 0.000789769 0.00392722 0.000358218 9.8947e-06 0.00388505 0.00230432 1.68904e-05 0.0147096 
2.87114e-10 0.0689723 2.04164e-06 0.000196098 3.34534e-08 7.07727e-10 6.09037e-05 1.73486e-09 3.37847e-06 0.893786 0.0369724 7.94108e-10 4.88935e-06 1.47148e-09 1.82447e-10 2.12436e-10 1.78096e-06 1.31249e-09 4.14918e-10 
0.0149988 0.0555859 0.00260147 0.0158781 0.020478 0.00156556 0.0236384 0.0683853 0.0296036 0.118413 0.0500454 0.00416209 0.00742258 0.00242779 0.00143256 0.556026 0.0095635 0.00591372 0.0118586 
