3.38163e-05 0.00958491 1.70438e-08 0.141857 0.00337262 0.000408211 0.000352314 1.10178e-08 0.00132403 4.99374e-05 0.0051947 6.24135e-05 0.00486793 4.55022e-05 0.0179147 0.807215 0.00531824 8.37754e-09 0.00239877 
1.72289e-05 0.135435 0.00608653 0.0985939 0.00951106 0.00059699 0.0478999 3.93454e-06 0.0254722 0.0210241 0.0432578 0.000547586 0.028674 0.000345266 0.000455902 0.559651 0.0223439 1.55867e-05 6.84029e-05 
9.05275e-05 0.0154339 1.05213e-06 0.00407981 0.000652342 0.000515886 0.000479523 8.26331e-07 0.000441459 4.46279e-05 0.0158044 7.25411e-08 0.00496198 1.3882e-05 0.0115918 0.922341 0.0234075 3.10814e-08 0.00013975 
4.84729e-07 0.0230856 6.71776e-05 0.00805727 0.00761821 0.000606568 0.000677764 6.57316e-10 0.142166 0.00232362 0.0377389 3.00876e-10 0.0409091 1.07488e-07 0.000133498 0.725583 0.00964636 0.000580229 0.000806519 
9.30808e-05 0.0484165 0.000181167 0.170469 0.0742032 0.00018905 0.00802546 0.000163225 0.020718 0.0505256 0.231129 0.00359448 0.00824851 0.000952213 0.000919408 0.361343 0.014599 7.43766e-05 0.00615544 
6.8609e-06 0.0248228 0.00143371 0.0241152 0.0569845 6.29064e-05 0.00182758 2.6871e-06 0.082057 0.0240268 0.0208097 9.18596e-05 0.00275889 0.000636607 0.00229927 0.742296 0.0154656 9.90624e-06 0.000292272 
0.00749135 0.160128 0.000122704 0.130186 0.0390942 0.000926291 0.0529839 5.23337e-06 0.0239051 0.00384378 0.1727 0.00028243 0.000575722 2.41981e-06 0.00171121 0.389176 0.0159678 4.31207e-06 0.00089316 
0.000238491 0.0622629 0.00577117 0.0743191 0.0226964 0.00713866 0.0167198 9.45867e-06 0.0336022 0.0538066 0.0964129 0.00617537 0.0385201 0.00171729 0.0241416 0.498306 0.0556418 2.12564e-05 0.00249921 
3.34402e-06 7.79158e-07 1.32033e-05 0.0101826 0.00407273 8.24292e-06 0.00932711 2.0206e-05 1.11468e-06 0.000537271 9.78224e-07 9.249e-06 3.38946e-06 1.71384e-05 2.12497e-06 0.974854 0.000926309 1.52866e-05 4.83256e-06 
1.49852e-07 0.134298 0.000395711 0.0664903 0.133989 0.000176494 0.00142581 9.90891e-11 0.0695782 0.0146682 0.160819 6.40512e-07 0.0117404 0.000614185 0.0166603 0.370663 0.0164165 7.49644e-11 0.00206453 
5.86516e-06 0.041956 0.000181151 0.00194378 0.0160553 0.000127044 0.0113402 1.05867e-09 0.0262186 0.00629961 0.182964 3.52364e-07 0.00692526 8.39249e-07 0.00370369 0.690147 0.00228954 2.99635e-07 0.00984186 
2.27985e-06 0.0917196 4.77915e-05 0.0295116 0.0428487 2.5183e-05 0.111733 5.78372e-05 0.0110244 0.161744 0.0527949 0.0407367 0.00212833 0.0164597 6.41593e-06 0.381113 0.0537119 3.60364e-06 0.00433043 
0.00717881 0.00734674 0.00019244 0.00174203 0.000202021 0.000470048 0.00128709 5.96431e-05 0.101917 0.0070317 0.000123131 1.09141e-06 0.00738416 2.71225e-08 2.7637e-07 0.864993 5.41215e-05 4.94912e-08 1.64717e-05 
0.00014465 0.0942177 0.000758366 0.0677173 0.0164432 4.11406e-07 0.0550672 0.0338143 0.0288499 0.0293195 0.189208 6.78177e-05 0.0012757 0.00280634 0.00620087 0.44936 0.024694 3.09433e-09 5.46438e-05 
0.00727439 0.0686105 0.0012388 0.0159069 0.010607 0.000114813 0.00908282 3.40086e-07 0.167472 0.0330182 0.00368502 8.94235e-05 0.023121 1.76894e-06 4.4665e-05 0.651588 0.00178726 0.00551056 0.000846855 
0.000301409 0.299024 0.000884618 0.0922479 0.0140334 0.00112905 0.00733597 3.9867e-05 0.0898698 0.00544134 0.0211378 0.00586973 0.0540473 0.000266429 0.00537356 0.34268 0.0561948 5.21018e-06 0.00411806 
1.52752e-05 0.0601019 4.93194e-05 0.0906407 0.0215585 1.75351e-07 0.000661958 9.75159e-07 0.0554208 2.24343e-05 0.00320652 5.79784e-08 0.077579 2.62036e-07 3.22075e-06 0.600331 0.0904079 2.46077e-08 3.1426e-07 
3.45885e-09 0.00219846 3.23793e-06 0.00935484 2.00504e-09 0.00225321 0.0164857 1.11232e-05 0.0411348 0.130696 0.0753785 9.5666e-09 3.50585e-09 0.00373237 7.1123e-05 0.718665 4.76676e-09 1.58115e-08 1.60842e-05 
0.00320742 0.104238 0.000161103 0.0265983 0.00785194 0.000302215 0.0284731 0.0305111 0.135881 0.00618835 0.0475509 0.000930046 0.0450075 0.000611221 0.0181038 0.539992 0.00319323 7.21989e-07 0.00119678 
1.11711e-06 0.0976194 4.57611e-06 0.177957 0.00780997 0.0132719 0.0405364 6.91933e-05 0.253418 0.00544221 0.0452601 6.44373e-05 0.0137825 0.000612678 0.0262679 0.301261 0.0118267 1.72763e-05 0.00477741 
3.38163e-05 0.00958491 1.70438e-08 0.141857 0.00337262 0.000408211 0.000352314 1.10178e-08 0.00132403 4.99374e-05 0.0051947 6.24135e-05 0.00486793 4.55022e-05 0.0179147 0.807215 0.00531824 8.37754e-09 0.00239877 
2.25431e-05 0.0648551 4.94411e-06 0.0417728 0.00813683 0.000539651 0.000440781 0.00015491 0.330987 6.06484e-05 0.000311551 2.93638e-06 0.111078 2.38468e-05 0.0295068 0.402999 0.00888217 7.69745e-09 0.000221269 
1.18474e-07 0.293924 1.26391e-10 2.33625e-06 0.0290833 7.8907e-11 0.00301524 0.000108667 0.0368316 2.55877e-11 0.00901316 4.62877e-05 0.0162968 1.6406e-10 2.03417e-11 0.607536 0.0041415 1.46334e-10 5.13543e-07 
1.66355e-05 0.0263733 0.000284736 0.0224279 0.0211518 0.000539607 0.00205597 0.00118655 0.0401007 0.00244425 0.0549421 0.000528209 0.00985625 0.000214572 0.0011253 0.794709 0.0103926 3.61923e-05 0.0116147 
3.48113e-07 0.027619 1.29727e-08 0.142943 0.0283486 0.000828994 0.0142367 2.4897e-07 0.103486 0.0442914 0.150076 0.129076 0.00925623 0.000633521 0.000883001 0.217785 0.0026097 1.57725e-07 0.127925 
6.57454e-05 0.0453736 0.00209946 0.106386 0.044921 0.0749517 0.0189399 1.27358e-07 0.0503651 0.0614028 0.133679 3.73816e-06 0.0129958 0.0078869 0.000124279 0.438785 0.000175744 2.09472e-06 0.00184252 
5.56453e-05 0.0528644 1.13765e-08 0.0758524 0.0113173 0.000301492 0.00048759 9.98653e-09 0.0106129 0.00077375 0.00503498 0.000392698 0.00376993 6.04773e-05 0.00977378 0.820443 0.00675029 5.60114e-09 0.00150961 
0.00135021 0.163391 0.00764946 0.00908829 0.137715 0.000325046 0.0026612 0.000808776 0.108928 0.00688827 0.0557244 3.97659e-05 0.0111959 1.01772e-05 0.000830328 0.421959 0.0702967 3.35095e-06 0.00113541 
5.21938e-05 0.0231133 5.73711e-06 0.0113414 0.020558 0.000215961 0.00102165 6.49498e-10 0.0878268 0.0259939 0.0220143 2.97298e-10 0.0456412 4.1968e-07 0.000158668 0.724963 0.0347068 3.40546e-07 0.00238634 
0.000102547 0.0377721 0.0366569 0.0150829 0.0184812 0.000412049 0.00574325 0.00165311 0.0545954 0.0287489 0.0450954 0.00432862 0.00690832 0.000282623 0.0136644 0.693162 0.0275942 0.000124578 0.00959138 
3.39685e-05 0.0130728 1.29001e-06 0.00453442 0.00172615 0.000126589 0.000697317 8.52049e-05 0.0437209 0.0453318 0.245205 1.51056e-05 0.00243861 1.67448e-06 0.000345562 0.441258 0.0139108 7.39425e-06 0.187488 
4.31763e-05 0.0310151 2.81056e-07 0.112934 0.00701728 0.000349686 0.000449363 9.43833e-07 0.0088745 0.000548773 0.00533629 0.000202862 0.00655101 5.70128e-05 0.0190162 0.799507 0.00621995 6.21677e-08 0.0018765 
0.000138116 0.00976983 0.00113192 0.0170379 0.277692 8.62794e-05 2.24692e-05 4.35631e-05 0.0275677 0.15551 0.00336019 0.00124277 0.00479726 0.00280044 7.46013e-05 0.280722 0.216785 0.000171696 0.00104682 
5.21938e-05 0.0231133 5.73711e-06 0.0113414 0.020558 0.000215961 0.00102165 6.49498e-10 0.0878268 0.0259939 0.0220143 2.97298e-10 0.0456412 4.1968e-07 0.000158668 0.724963 0.0347068 3.40546e-07 0.00238634 
1.28901e-05 0.0910895 0.00415767 0.0306831 0.0352188 0.00291251 0.016433 0.00336987 0.0933135 0.0746345 0.0733979 8.11018e-05 0.0419868 0.00132194 0.028627 0.422668 0.0795993 2.58997e-06 0.000489934 
0.00626075 0.0431009 0.000326204 0.000144156 0.0018199 0.000173416 0.00051247 1.23498e-10 0.31532 0.00870655 2.49822e-05 3.85669e-06 0.0249624 1.04748e-10 7.81933e-06 0.597329 0.00125716 3.67132e-06 4.68044e-05 
1.54178e-05 0.0120824 2.35698e-07 0.0478862 0.00426213 1.25924e-05 0.00227609 0.000176 0.00688884 0.00239523 0.0100428 0.000352241 0.0915066 5.1564e-05 0.0598973 0.74583 0.0161305 6.81764e-05 0.000125852 
2.05494e-05 0.100909 1.0168e-05 0.047747 0.0099715 0.00721858 0.0171162 6.48965e-05 0.0160708 0.00695531 0.0292076 2.2147e-05 0.0316837 5.88688e-06 0.00661936 0.683894 0.0352201 2.4716e-06 0.00726042 
0.0221588 0.194546 2.89765e-06 0.101332 0.0027686 0.000363433 0.011906 0.00010581 0.100899 0.000939946 0.0532487 1.40149e-05 0.090711 0.000212814 0.0204742 0.388902 0.0088086 1.4255e-06 0.00260417 
1.99095e-05 0.132049 1.16857e-05 0.21868 0.182756 5.691e-07 5.12446e-05 2.34532e-07 0.0479906 0.00562231 0.0322371 2.96032e-06 0.0163045 5.03571e-05 0.000426143 0.343854 0.0178722 1.16104e-06 0.00207045 
0.000354441 0.166097 0.00556965 0.0849932 0.0266991 9.30781e-05 0.00147353 9.87132e-05 0.218822 0.00994916 0.0419796 0.0134208 0.117417 0.000635928 0.00619815 0.271149 0.0340259 7.38627e-05 0.000950816 
5.19848e-07 0.012503 1.1403e-05 0.00491488 0.00117084 3.12393e-05 4.63375e-05 1.23712e-06 0.140422 0.0086856 0.0072477 1.68712e-07 0.0032214 0.000143789 1.82601e-07 0.560208 0.261391 3.5645e-08 4.42105e-07 
2.62736e-06 0.240365 1.41961e-07 0.00527336 0.00808845 0.00327408 0.00839184 7.70827e-11 0.0909453 0.0111239 0.0303057 1.53783e-07 0.015306 5.91309e-05 0.0126329 0.504527 0.0689056 3.13872e-08 0.000798453 
0.000310029 0.0283195 2.6121e-05 0.004251 0.0390367 0.0694488 0.00323963 3.34339e-05 0.115683 0.222869 0.0958454 8.0862e-06 0.00651467 2.04554e-06 0.000378191 0.223963 0.190062 1.42911e-08 1.01707e-05 
0.00013713 0.165982 5.62381e-07 4.37219e-05 0.00457841 0.0016351 0.0105237 3.17539e-09 0.0926175 0.0779495 0.00916256 6.08495e-07 0.0640649 1.257e-05 0.00506073 0.438481 0.129196 1.26098e-07 0.000553687 
9.08617e-06 0.0666578 1.3085e-05 0.169137 0.0335626 0.00302682 0.000200916 6.65661e-09 0.0136431 0.00109202 0.111979 2.26992e-06 0.0169156 3.17745e-06 0.00138054 0.56782 0.01198 8.61608e-05 0.0024919 
0.0218421 0.0125076 5.34603e-08 0.0318314 5.01877e-05 9.40212e-05 0.00355241 0.000206979 0.0202498 0.00027004 0.0205988 5.1887e-06 0.11916 1.2414e-06 0.022398 0.737032 0.00878094 1.0392e-06 0.00141781 
7.75841e-07 0.000485543 9.59402e-05 0.00102293 0.0398976 1.13146e-05 7.2496e-05 4.68796e-06 0.0672572 0.000524088 0.000190192 4.45116e-05 0.000839629 0.000410663 2.88939e-05 0.648083 0.240766 0.000231513 3.37555e-05 
1.73408e-05 0.193974 0.000214545 0.0126425 0.137529 9.99958e-06 0.00590065 1.86876e-08 0.2436 0.0296851 0.0959278 0.00123876 0.00262425 4.80279e-05 0.000441716 0.248655 0.0193999 2.00419e-06 0.00809013 
2.70746e-05 0.141214 0.000136515 0.00747952 0.00696998 5.34144e-05 0.00246186 3.65824e-09 0.18681 0.0484214 0.0530148 1.33858e-05 0.110866 0.00338056 0.000300801 0.35459 0.083526 1.75828e-07 0.000734369 
4.20144e-06 0.025787 0.000136823 0.00312379 0.0123964 0.000157045 0.00156672 1.77048e-06 0.0487257 0.0555132 0.0436162 1.76396e-06 0.0101894 8.88722e-06 9.40452e-05 0.782462 0.00257002 6.80622e-06 0.0136379 
1.00609e-08 0.0487675 4.6387e-07 0.104671 0.009087 7.01088e-05 0.00205206 4.57633e-07 0.145499 0.00175224 0.00173086 7.66732e-07 0.103738 2.18494e-10 2.70909e-11 0.581404 0.00122602 9.30567e-09 2.70801e-07 
0.00018771 0.255109 0.000200899 0.0837446 0.0321799 8.00421e-05 0.00285202 1.23243e-09 0.0525515 0.0164363 0.0258155 0.0254412 0.0339035 2.27429e-05 0.00503779 0.384022 0.081858 3.57223e-08 0.000557952 
0.0104094 0.0281802 0.000172337 0.000292058 0.011136 0.00553987 0.0396415 0.00445272 0.244859 0.0244365 0.0258347 0.000438712 0.255732 3.59767e-05 0.0165764 0.293388 0.0350427 0.00375883 7.34441e-05 
2.91885e-05 0.0228442 0.000805349 0.0563767 0.013508 2.28218e-05 0.0498525 0.0010984 0.0326397 0.00100331 0.117314 7.25104e-05 0.0239612 0.00018572 0.000349355 0.673448 0.00514289 4.11227e-06 0.00134202 
0.143054 0.0195791 0.000735462 0.00456562 0.000750168 0.00091054 0.0147832 0.000219911 0.159987 0.00950367 0.118508 7.41915e-05 0.000183432 2.87742e-07 0.000160921 0.510945 0.0156237 0.000315765 0.000100697 
3.4173e-07 0.0298776 8.59977e-06 0.010439 0.0208631 1.24169e-05 0.0096006 2.04444e-08 0.186041 0.245176 0.0769447 9.3581e-09 0.00837176 0.000275882 7.38283e-05 0.380542 0.0143617 0.0121063 0.00530583 
4.15589e-06 0.297512 0.000151182 1.06385e-06 0.00346799 7.44105e-06 0.00664893 8.04411e-08 0.0089875 0.315265 0.0244763 3.68207e-08 0.0141481 6.82286e-08 8.45959e-09 0.323648 0.00565197 1.19349e-05 1.86198e-05 
7.45592e-05 6.20999e-05 1.90988e-06 0.207502 0.26988 2.80054e-08 2.03826e-05 6.86502e-08 0.106044 0.0479304 0.085991 3.71328e-06 0.003747 5.82278e-08 7.2196e-09 0.276191 0.00248441 6.733e-05 1.64187e-08 
1.51692e-05 1.5173e-05 0.0151695 1.51721e-05 0.0682862 0.00153135 1.51684e-05 1.51438e-05 0.0364294 0.0333897 0.0789133 1.51604e-05 1.51692e-05 0.0151635 1.51711e-05 0.719099 0.0318666 1.51512e-05 1.5167e-05 
4.70594e-05 0.0410064 2.43636e-07 0.104695 0.00849275 0.000341887 0.000469852 8.14359e-07 0.00938199 0.000648649 0.00535643 0.000270294 0.00614983 5.965e-05 0.0173445 0.797378 0.00658627 5.42564e-08 0.00177045 
5.56453e-05 0.0528644 1.13765e-08 0.0758524 0.0113173 0.000301492 0.00048759 9.98653e-09 0.0106129 0.00077375 0.00503498 0.000392698 0.00376993 6.04773e-05 0.00977378 0.820443 0.00675029 5.60114e-09 0.00150961 
4.13659e-05 0.0277559 3.04648e-07 0.1182 0.00641817 0.000356516 0.00043797 1.02501e-06 0.00840395 0.00049918 0.00535321 0.000178786 0.00681278 5.59309e-05 0.0200654 0.79738 0.00610559 6.71555e-08 0.00193397 
4.54975e-05 0.0378546 3.10525e-07 0.110224 0.00782778 0.000347956 0.000466592 1.04698e-06 0.00952023 0.000618132 0.00546836 0.000237016 0.00687586 6.05103e-05 0.0190688 0.792978 0.00661034 6.82104e-08 0.00179465 
8.92579e-09 1.29031e-06 1.38489e-08 1.04009e-07 6.4194e-06 0.000159833 7.28841e-07 6.25968e-11 1.17319e-06 9.9517e-07 0.0047942 4.54897e-08 5.35969e-07 6.08209e-05 0.000398291 0.993044 2.55933e-07 4.73567e-11 0.00153164 
7.43343e-05 0.109592 0.00052098 0.1749 0.0141961 4.98412e-05 0.00287327 3.94167e-07 0.0197492 0.00162706 0.00605472 0.0169356 0.00952298 5.63632e-05 0.000938447 0.642248 0.000525976 2.53511e-05 0.000109348 
5.20519e-08 0.0045952 3.94708e-10 0.0413421 0.0136254 2.4642e-10 0.00533658 9.0256e-07 0.00678872 0.00237875 0.0172172 2.76496e-10 0.0943101 8.3061e-07 9.18003e-06 0.787405 0.0261249 3.35855e-07 0.000864675 
0.00204734 0.0684497 8.39111e-05 0.0275113 0.0166828 0.0003046 0.00302753 9.57386e-07 0.266033 0.0148234 0.0102064 1.08823e-05 0.2353 4.9941e-06 0.000506486 0.351867 0.00274203 7.04319e-08 0.00039752 
0.000317416 0.0214744 4.96238e-05 9.89984e-07 1.91449e-06 0.0004443 0.0100206 1.24823e-06 0.0591374 0.0369965 0.000297676 4.67094e-10 4.52136e-07 1.0721e-06 3.31178e-09 0.871229 2.32739e-10 6.44711e-08 2.7227e-05 
6.77342e-06 0.0335127 8.69974e-06 0.0180932 0.0687837 2.33197e-06 1.05372e-05 9.73745e-09 0.0104993 0.00148537 0.0144723 1.85857e-07 0.00673994 8.25912e-09 0.00118246 0.827786 0.0174114 1.7367e-07 4.81117e-06 
2.95739e-11 0.00568253 1.16767e-10 0.0158377 1.71435e-11 7.28989e-11 0.00151211 3.05592e-06 9.858e-12 2.36393e-11 0.107164 8.26143e-09 2.99758e-11 1.51569e-10 1.87928e-11 0.869801 4.07568e-11 1.35192e-10 4.27383e-11 
2.05494e-05 0.100909 1.0168e-05 0.047747 0.0099715 0.00721858 0.0171162 6.48965e-05 0.0160708 0.00695531 0.0292076 2.2147e-05 0.0316837 5.88688e-06 0.00661936 0.683894 0.0352201 2.4716e-06 0.00726042 
0.0256253 0.0199922 3.7767e-05 0.0871912 0.0771651 0.00294938 0.00697642 1.68345e-06 0.150573 0.00581532 0.0984392 0.00035267 0.0111686 0.0036781 0.00423409 0.498899 0.000534882 1.55215e-05 0.00635028 
1.65399e-05 0.0216244 0.000151555 0.364252 0.0221439 0.000354697 0.148037 1.31891e-09 0.00172674 0.00760603 0.0508411 6.03712e-10 0.00019773 1.11868e-09 0.00130572 0.381687 3.00812e-10 9.97803e-10 5.59484e-05 
3.75775e-05 0.17368 0.000338222 0.0526216 0.0271337 9.69098e-05 0.0304743 0.0130266 0.0493484 0.0268009 0.159231 0.00183648 0.115192 2.58915e-06 0.064483 0.230557 0.0274975 5.53913e-06 0.0276367 
1.93105e-08 0.0369201 0.00146393 0.00218671 0.1307 0.00441674 6.91219e-06 2.44085e-06 0.0692409 0.0262707 0.0536426 2.46569e-07 0.00657265 1.50482e-07 0.00174111 0.663107 0.000537968 1.16951e-08 0.0031896 
0.00159267 0.0101487 0.00447949 0.098263 0.00896242 0.00589578 0.0752967 0.00628623 0.0174683 0.0231985 0.32953 0.0118646 0.00414004 0.00504484 0.0154329 0.380355 0.000770086 6.17197e-06 0.00126454 
1.14128e-07 0.0480649 0.000180609 0.0362706 0.00911512 2.81323e-07 0.012166 6.89611e-07 0.0253259 0.0117792 0.00393916 3.15659e-07 0.0151339 5.84915e-07 7.2523e-08 0.834356 0.000183952 5.21715e-07 0.00348214 
1.24224e-05 0.0185098 7.48651e-05 0.299875 0.05207 0.00100024 0.0798066 7.26723e-08 0.0299591 0.0235818 0.0915178 0.000726481 0.00145131 1.3874e-05 7.25526e-05 0.375084 2.66024e-05 0.00021044 0.0260071 
1.37324e-11 0.0243719 2.98039e-06 0.0455219 0.0161313 5.22264e-08 0.00871227 8.29771e-11 0.000182745 1.09767e-11 0.382425 1.5576e-08 3.69276e-08 7.03796e-11 8.43879e-08 0.522651 1.28582e-08 6.27751e-11 1.21042e-06 
1.1127e-05 0.111312 3.85798e-05 0.00321415 0.0485403 0.00132399 0.013848 7.2339e-07 0.0567482 0.0101502 0.168224 0.000242162 0.000589573 0.000130783 0.0152734 0.553409 0.0165838 0.000200753 0.00015855 
0.00616798 0.0571669 2.53e-05 0.00844976 0.00939692 0.00245576 0.113738 6.48399e-08 0.0516076 0.00668389 0.0839611 9.77681e-05 0.0920651 0.00110498 2.69315e-05 0.560164 0.000143647 1.33764e-06 0.00674311 
7.63879e-05 0.0778596 8.86757e-05 0.111829 0.11272 6.28401e-06 0.0183695 0.00742755 0.149377 0.138484 0.0106668 0.000366914 0.00883039 0.000762362 0.000642737 0.179983 0.179204 3.09084e-05 0.00327444 
3.38163e-05 0.00958491 1.70438e-08 0.141857 0.00337262 0.000408211 0.000352314 1.10178e-08 0.00132403 4.99374e-05 0.0051947 6.24135e-05 0.00486793 4.55022e-05 0.0179147 0.807215 0.00531824 8.37754e-09 0.00239877 
5.62745e-07 0.0967376 5.4975e-06 0.00608453 0.00361616 1.38715e-06 0.000320843 5.5678e-05 0.04697 4.4982e-07 0.0971724 1.55646e-06 0.000702193 1.44249e-05 0.01074 0.735434 0.000252571 3.11426e-06 0.00188679 
0.000103506 0.207231 0.00618516 0.0179381 0.0107918 0.000567257 0.0437711 4.33124e-05 0.134281 0.00298546 0.00296319 0.000759049 0.0152017 0.000115858 0.000165571 0.551112 0.00574954 1.7049e-05 1.85658e-05 
4.31763e-05 0.0310151 2.81056e-07 0.112934 0.00701728 0.000349686 0.000449363 9.43833e-07 0.0088745 0.000548773 0.00533629 0.000202862 0.00655101 5.70128e-05 0.0190162 0.799507 0.00621995 6.21677e-08 0.0018765 
0.0174712 0.130938 5.0756e-05 0.0349364 0.0532804 0.015495 0.0986857 0.054927 0.0164677 0.00325274 0.178957 0.000665965 0.016971 3.88816e-05 0.012557 0.337878 0.0254001 6.01972e-06 0.00202096 
0.00591322 0.21359 0.0012005 0.190554 0.089194 0.00222713 0.0097498 6.24536e-05 0.102932 0.0107709 0.0458254 0.00361672 0.0370216 0.00194982 0.0066592 0.253649 0.0162409 2.4955e-05 0.00881752 
0.000218249 0.019862 4.8185e-05 0.00639193 0.138214 0.000323582 0.00406231 4.2365e-06 0.0360957 0.00158756 0.039863 0.0153033 0.10389 0.0131098 0.000374178 0.498868 0.120336 2.45179e-10 0.00144804 
2.87895e-06 0.097268 2.36808e-06 0.0146352 0.223842 6.52362e-05 0.000104262 9.71071e-08 0.241681 5.46257e-05 0.000225734 8.4766e-05 0.0015523 0.000757276 0.000203146 0.407505 0.00417695 4.54644e-07 0.00783806 
1.26164e-06 0.017458 2.67897e-07 0.0109026 0.000731032 0.00241812 0.00154399 2.41085e-09 0.189745 2.01735e-05 0.000427737 9.61773e-08 0.31645 3.19486e-07 4.30739e-05 0.396249 0.06352 4.58815e-07 0.000489453 
3.17074e-05 0.069565 0.000267032 0.0262807 0.0270807 0.00441987 0.00778158 0.00722196 0.0957718 0.0100865 0.0864854 0.000325847 0.00868831 0.00137716 0.000636656 0.617508 0.0317362 0.000886745 0.00384883 
0.0133339 0.00929517 9.78149e-08 0.0648631 0.00583128 0.000879913 0.1742 6.84869e-06 0.0998518 0.137035 0.0942926 0.0381826 0.000890936 3.69745e-06 2.91051e-05 0.360348 3.0746e-05 1.50914e-06 0.000923177 
8.54479e-05 0.000125279 0.0456786 0.00115165 0.205181 0.00025338 0.00112342 4.83462e-06 0.122999 0.0619676 0.0455004 0.00204927 0.0108839 1.45041e-05 0.0014371 0.462756 0.0375504 0.000114973 0.00112388 
0.000110851 0.0705593 0.00102764 0.0665444 0.108576 0.00643323 0.00575052 7.70797e-07 0.108403 0.0107811 0.0314264 2.79205e-05 0.0149831 0.0740289 0.0101373 0.315253 0.175408 0.000103699 0.000445336 
0.0391646 0.108751 5.23592e-05 0.0583966 0.119317 0.00514844 0.0377847 1.45993e-08 0.0678203 0.0501584 0.0238677 0.00177842 0.0335538 4.38872e-07 0.00467495 0.448082 0.0010457 2.39473e-05 0.00037984 
7.66717e-05 7.9096e-05 0.00707989 0.00200309 0.0157723 3.14024e-05 2.31833e-06 1.00959e-09 0.0947486 0.00484765 0.00465678 9.58679e-06 1.70763e-05 2.06175e-05 0.00932878 0.854326 0.00697819 2.009e-05 2.09537e-06 
5.67986e-06 0.0259663 7.49105e-05 0.03635 0.0046718 0.00144104 0.0678837 1.25751e-07 0.348985 0.0085066 0.0335601 2.45357e-06 0.0777908 1.63405e-05 0.00049053 0.35744 0.0340598 0.00270322 5.1476e-05 
3.6865e-07 0.0476044 5.43979e-10 0.0140267 2.09498e-07 0.000309566 0.0580368 2.76204e-06 0.0627895 0.000374467 0.0273538 3.81061e-10 0.186199 7.06105e-10 0.000628268 0.594641 0.00691375 1.2208e-07 0.00111869 
7.24079e-07 0.0389145 3.25663e-05 0.0365206 0.00495367 0.000893273 0.00485815 0.000349836 0.0562389 0.16785 0.0893144 4.44218e-06 0.0312831 0.000124672 0.0403503 0.50831 0.00152466 6.44726e-06 0.0184704 
8.79385e-08 0.203277 1.70289e-07 0.0806606 0.148258 9.20562e-06 0.0708534 5.86855e-06 0.0318888 0.00625569 0.220514 4.99405e-05 0.00190228 2.0719e-09 0.00329931 0.227574 0.000538678 4.3203e-07 0.00491239 
0.000256478 0.111106 0.00144077 0.141052 0.181995 0.00144872 0.0576712 3.771e-05 0.0211948 0.0520775 0.0771354 0.0744009 0.00158509 0.000356065 3.92448e-05 0.202903 0.0742142 3.39497e-06 0.00108239 
1.37324e-11 0.0243719 2.98039e-06 0.0455219 0.0161313 5.22264e-08 0.00871227 8.29771e-11 0.000182745 1.09767e-11 0.382425 1.5576e-08 3.69276e-08 7.03796e-11 8.43879e-08 0.522651 1.28582e-08 6.27751e-11 1.21042e-06 
2.25998e-05 0.179142 0.000171537 0.137142 0.0654572 0.00204898 0.000784996 1.26046e-06 0.197248 0.0056559 0.0774688 0.00112091 0.0233849 5.15388e-06 0.00173449 0.280459 0.0275705 3.60278e-07 0.000580737 
3.38163e-05 0.00958491 1.70438e-08 0.141857 0.00337262 0.000408211 0.000352314 1.10178e-08 0.00132403 4.99374e-05 0.0051947 6.24135e-05 0.00486793 4.55022e-05 0.0179147 0.807215 0.00531824 8.37754e-09 0.00239877 
5.86516e-06 0.041956 0.000181151 0.00194378 0.0160553 0.000127044 0.0113402 1.05867e-09 0.0262186 0.00629961 0.182964 3.52364e-07 0.00692526 8.39249e-07 0.00370369 0.690147 0.00228954 2.99635e-07 0.00984186 
0.00571011 0.164798 0.00118234 0.0644896 0.0303085 0.0027717 0.0935867 0.00602437 0.225807 0.0217945 0.0709246 0.00276948 0.0634201 0.000113952 0.00115803 0.233497 0.00843548 2.49251e-05 0.003184 
0.000165631 0.016287 1.66445e-05 0.00692985 0.0112392 1.79399e-06 0.00278203 4.66409e-06 0.266655 0.00147944 3.93476e-07 3.4457e-06 0.0189531 2.82299e-06 1.74228e-07 0.674094 0.0013828 9.20554e-07 5.52017e-07 
1.15811e-08 0.32005 1.93607e-05 0.047622 0.0660136 0.000229627 0.00147373 4.12866e-06 0.0769158 0.000450673 0.0814636 1.58813e-05 0.0036162 1.19218e-05 0.000808226 0.399224 0.000621816 1.71917e-09 0.00145966 
4.49064e-05 0.100776 0.00179429 0.19568 0.0174157 0.000137507 0.0094363 4.01854e-06 0.19998 0.0558964 0.110088 6.51028e-05 0.00652068 0.000470345 0.00297334 0.289715 0.00646951 2.67e-05 0.00250573 
3.80341e-05 0.118445 1.65421e-07 0.188114 0.0225967 5.29514e-08 0.00987872 0.000194756 0.112378 0.00218936 0.159358 8.80822e-08 0.00653121 1.12225e-10 8.10124e-08 0.379568 0.00070649 7.106e-07 5.46991e-08 
7.79269e-10 0.00257917 2.80309e-05 0.00159157 0.00026183 0.0593223 0.0107453 2.705e-06 0.0903085 0.119141 0.0104795 9.88891e-07 0.0119638 0.00334017 6.15775e-07 0.689864 4.04069e-08 2.08114e-05 0.000350188 
8.08702e-07 0.0116586 1.20073e-06 0.00523315 0.00225449 0.000139163 0.000408893 6.75131e-05 0.1135 0.000161235 0.000122733 3.77916e-07 0.040883 1.40208e-06 7.39194e-07 0.805253 0.0203119 1.22223e-08 1.85021e-06 
4.99159e-05 0.222272 1.54928e-05 0.00522122 0.0243028 0.00114449 0.0437712 0.0354962 0.0638378 0.00665657 0.0397032 0.0011842 0.0236679 0.000550213 8.32104e-05 0.509412 0.0222528 1.46781e-06 0.000377488 
3.46907e-06 4.51429e-06 2.28509e-07 2.41847e-05 0.00617003 4.31972e-05 1.10756e-05 3.49355e-10 0.00707978 0.00681527 0.365564 1.59912e-10 1.9169e-05 0.00186895 4.13328e-06 0.612385 1.67407e-07 6.08153e-07 6.78462e-06 
0.000831554 0.00704043 8.85589e-06 0.00582886 0.000544176 9.49538e-05 0.00163788 6.36334e-07 0.0235896 0.108004 0.0082608 4.73885e-07 0.0124403 3.93067e-09 1.59572e-06 0.831707 1.48982e-06 3.50596e-09 7.14496e-06 
7.54571e-09 0.0736542 0.000118949 1.54835e-05 0.0338544 1.86e-08 0.00435797 4.55945e-08 0.0584723 0.00109387 0.0975968 2.08702e-08 0.000999357 6.28186e-06 4.79495e-09 0.72402 0.00570106 3.44938e-08 0.00010957 
8.07084e-05 0.0791988 6.24786e-05 0.206226 0.0203897 0.000160116 0.00435077 0.000234215 0.0805412 0.021852 0.0118276 0.000140189 0.0409982 8.9537e-06 6.60503e-05 0.476283 0.0295362 1.18879e-06 0.0280426 
6.38507e-05 0.124021 2.74375e-05 0.0261377 0.00310081 0.00230201 0.00196703 6.79695e-08 0.0685065 0.000675858 0.0299858 1.88257e-06 0.025795 1.72715e-05 0.00182798 0.398021 0.315535 0.000296642 0.00171686 
8.14212e-10 0.323041 1.01577e-07 0.0194078 0.0606566 8.121e-05 0.00410089 0.0580473 0.00283083 0.00400704 0.148175 0.000267726 0.0062471 4.1729e-09 0.00666926 0.364849 0.000852942 2.67544e-08 0.000765924 
0.0021518 0.0225585 1.37947e-06 0.0523957 0.0140994 0.000138486 6.79901e-08 2.48867e-07 0.147558 0.00072589 0.0550377 1.85362e-08 0.0657062 1.00993e-11 0.00371285 0.512127 0.123786 7.92796e-08 2.46046e-07 
8.98972e-05 0.0182083 0.000326765 0.0387185 0.101539 9.52381e-05 4.97643e-05 1.67869e-10 0.00697326 0.00414285 0.0287656 0.000357823 0.020568 0.0252499 0.0032922 0.725304 0.0256117 1.92158e-05 0.000687997 
8.56123e-11 1.01685e-08 3.58343e-07 0.00309653 5.53552e-07 3.70622e-05 2.946e-07 8.6093e-07 0.105782 0.000116151 2.91833e-08 2.36789e-10 0.00827835 4.3877e-10 5.44026e-11 0.882607 6.99832e-06 7.42237e-05 6.78895e-08 
3.97196e-07 0.260403 0.0705777 0.000137717 0.0907481 9.79077e-07 4.61414e-07 2.40003e-06 0.000147853 0.249319 9.56961e-05 1.09858e-06 3.46623e-05 2.03566e-06 2.52399e-07 0.328246 5.74803e-05 0.000225 5.74002e-07 
1.07871e-07 2.12334e-10 6.26324e-08 0.00123948 5.28266e-10 2.24633e-09 0.00673219 0.00621799 0.0159703 0.003519 2.51917e-05 2.52051e-09 0.000303979 2.33313e-07 5.79089e-10 0.965951 1.29736e-06 4.16585e-09 3.94876e-05 
0.000128905 0.00319032 1.0719e-05 1.1875e-06 1.57353e-07 1.44203e-07 0.00159821 4.53135e-07 0.003172 0.00114963 0.000371325 4.22239e-10 0.000200783 7.82407e-10 1.13319e-09 0.990167 1.03715e-08 6.97869e-10 8.96017e-06 
1.91031e-05 0.0111272 0.0184283 0.0111938 0.0929786 1.29618e-05 0.000332691 8.26938e-05 0.0200808 0.00883042 0.0122602 6.9102e-07 0.00281215 0.0065377 0.00097647 0.604473 0.209688 4.38023e-05 0.000120788 
0.010161 0.169643 0.000257948 0.15164 0.0648064 0.000738352 0.00175879 1.23515e-10 0.158775 0.00541552 0.00247026 0.000181223 0.171218 1.9016e-05 7.01203e-05 0.25995 0.00270021 2.32701e-05 0.000171459 
0.0082141 0.15334 0.000682674 0.0773529 0.0394071 0.00153235 0.0126009 0.0014771 0.229988 0.0266558 0.0190074 0.000765265 0.0372934 0.00526165 0.000542247 0.378256 0.00454128 0.00191337 0.00116855 
0.000352768 1.65136e-07 0.00149321 4.37712e-09 1.36274e-05 1.02704e-06 3.75479e-06 0.00180044 0.0116968 0.0229596 0.301736 2.74371e-08 0.00159402 0.000243074 0.00518274 0.600543 0.052366 1.18066e-05 1.41695e-06 
0.0678132 0.0644069 0.00160919 0.0507077 0.00201625 0.00375407 0.0773738 6.16366e-05 0.226786 0.00496983 0.0545854 0.00011659 0.0626179 5.77596e-05 0.00201003 0.336978 0.04337 2.53068e-06 0.000763291 
4.87556e-06 0.021994 0.00368814 0.0111033 0.00460298 0.00803331 0.00175345 1.71822e-06 0.0556464 0.0198796 0.0109476 0.00473378 0.00351059 2.54302e-05 0.00249168 0.849493 0.00116314 2.73519e-07 0.000927179 
4.77071e-05 0.199149 6.34742e-05 0.061302 0.110759 0.00395944 0.106771 3.16036e-08 0.130435 0.0193058 0.0538631 0.000523474 0.0120774 0.000793628 0.000509686 0.29964 0.000255808 9.95213e-06 0.000535807 
0.00161202 0.0107157 4.41283e-05 0.0234464 0.021655 0.00383393 0.000269749 4.07718e-06 0.130018 0.00870182 0.0223316 2.13119e-05 0.0110384 1.6046e-05 0.000180192 0.66547 0.100547 6.88514e-06 8.78803e-05 
2.99172e-05 0.00197249 0.0553482 0.00118105 0.0178598 1.55159e-05 3.12276e-07 0.00288789 0.0532411 0.00948999 0.0252407 1.64572e-05 0.00192004 1.3777e-06 0.000135186 0.827421 0.00322637 1.22884e-06 1.17089e-05 
7.74376e-08 0.144503 0.00383803 0.0131237 0.13797 4.03573e-05 0.0357566 0.000111822 0.0714661 0.0123701 0.183089 0.00196154 0.0153692 0.0133714 0.000527315 0.360578 0.00232228 8.35354e-05 0.00351836 
7.79269e-10 0.00257917 2.80309e-05 0.00159157 0.00026183 0.0593223 0.0107453 2.705e-06 0.0903085 0.119141 0.0104795 9.88891e-07 0.0119638 0.00334017 6.15775e-07 0.689864 4.04069e-08 2.08114e-05 0.000350188 
8.16438e-06 0.0362105 4.2815e-06 0.00125687 0.00196016 1.89393e-05 0.00545778 2.48175e-08 0.0181893 0.00107089 0.0496344 1.13598e-08 0.00533236 2.10498e-08 8.01728e-05 0.880213 0.000127838 3.86638e-05 0.000396314 
2.52606e-05 0.22609 9.65664e-05 0.154722 0.0584466 0.000119775 0.000770021 1.17821e-05 0.0483784 0.00280893 0.00777912 0.00310856 0.0346421 0.00131552 0.00312774 0.235898 0.220769 8.81855e-05 0.00180271 
3.78648e-08 0.0639319 0.000117554 0.0330245 0.00605731 0.000440253 0.0297724 8.71954e-05 0.119525 0.0105756 0.241861 0.00299116 0.0638573 5.7538e-05 0.00834942 0.411709 0.00476838 3.66649e-05 0.00283795 
0.000140313 0.245412 0.000364746 0.155263 0.00540547 1.82133e-07 0.0212622 0.00333524 0.203971 0.00109694 0.0617221 0.00306439 0.0167457 5.13724e-11 4.60022e-05 0.279403 0.00159633 6.22921e-09 0.00117152 
0.00943325 0.0541378 0.000576708 0.0146405 0.00837774 0.00150262 0.0107032 4.24417e-06 0.196708 0.00160773 0.0492694 0.000173982 0.0374933 6.12925e-07 8.66845e-05 0.603979 0.0106416 1.09278e-08 0.000664017 
1.53173e-05 0.0213747 0.00122815 0.00196157 0.019215 5.6979e-05 3.7163e-07 3.6081e-05 0.16697 0.000932834 0.00139639 2.002e-07 0.04237 8.50772e-07 2.59442e-06 0.724853 0.0195831 1.08386e-06 1.18554e-06 
0.000711184 0.0913158 0.00599419 0.10423 0.184426 0.00787814 0.0036878 3.9486e-07 0.109163 0.0247013 0.0924346 0.00228283 0.0522774 0.000235087 0.00125351 0.261679 0.0576448 1.55758e-05 6.89968e-05 
0.0027842 0.0775912 0.00183794 0.060473 0.0342434 0.00137493 0.00986112 2.23733e-06 0.186017 0.00316263 0.0535941 0.00317342 0.154612 2.9312e-06 0.0014418 0.327844 0.0725466 3.07207e-05 0.00940736 
0.000782322 0.178585 0.00108568 0.0251375 0.0140403 0.000337015 0.115064 3.64796e-05 0.155465 0.0262399 0.0841346 0.004487 0.0344371 0.00969335 0.00384277 0.324417 0.0203378 8.26604e-05 0.00179416 
0.00485195 0.0745957 0.000855174 0.103902 0.0437821 0.00193043 0.00375242 0.000179495 0.121419 0.0103781 0.0869665 0.00250774 0.0608122 0.000607943 0.0028616 0.333667 0.00415089 0.000593787 0.142185 
7.98921e-05 0.209527 0.00155779 0.0249342 0.104032 1.02631e-05 0.00765121 0.000176544 0.133684 0.0186939 0.0470814 3.42722e-08 0.0588214 2.42671e-07 0.0051664 0.308146 0.0797108 5.13729e-08 0.000727147 
0.0020897 0.220791 0.00114118 0.166954 0.130941 0.00125486 0.0044529 0.000339149 0.03697 0.0119144 0.105963 0.00030143 0.0136998 0.000110151 0.0304529 0.261712 0.0070924 1.53334e-06 0.00381907 
1.46971e-07 0.0078772 2.99982e-09 0.00367316 0.0172741 3.69361e-07 8.2332e-06 4.59086e-09 0.00127898 0.00458634 0.00104809 6.68278e-08 0.0190237 9.03105e-07 7.50027e-09 0.942133 2.00236e-06 0.00308431 9.57277e-06 
9.78736e-05 0.246595 4.55454e-11 0.0283528 0.0338609 0.00104853 0.000158933 0.00227238 0.0528405 4.97034e-05 0.0300903 0.0010282 0.162799 0.000551791 0.000206934 0.265745 0.173967 4.4537e-07 0.000335212 
0.000496713 0.0656898 0.00223362 0.0703038 0.0355362 0.000484978 0.00633607 6.40321e-06 0.248063 0.0266864 0.00792744 0.025335 0.0065498 0.000862932 0.0173826 0.451971 0.0339076 3.30783e-07 0.00022606 
0.0022731 0.0768249 7.79026e-05 0.172346 0.0935818 0.000488828 0.000315496 5.39824e-11 0.118358 0.00593129 0.0202608 0.00198033 0.0604858 0.0107474 0.0103681 0.351972 0.0304285 7.26094e-07 0.0435593 
0.000274374 0.0859874 8.08091e-05 0.0425476 0.0386666 0.000387113 0.0116849 4.22673e-06 0.0776978 0.0967344 0.0372291 0.0196626 0.0788988 0.0129129 0.0218489 0.463289 0.0117058 0.000127231 0.000260275 
0.000304738 0.127169 0.00094704 0.0079933 0.000370338 5.19515e-05 0.0112519 1.54511e-05 0.178345 0.00248034 0.00029823 4.71203e-06 0.00162491 2.46124e-06 5.90675e-06 0.66854 0.00055366 8.20306e-10 4.08076e-05 
0.0208774 0.0753565 4.83388e-05 0.0101418 0.0205508 0.00352152 0.0133685 1.516e-06 0.0767248 0.0123327 0.039711 0.00138453 0.0528928 0.00422674 0.00647782 0.649201 0.0124176 0.000144865 0.000620279 
3.33445e-08 0.0301548 0.000148011 0.00967461 0.0988602 8.21933e-08 0.0626787 0.00012469 0.0343385 0.0710481 0.0997932 0.0412365 0.000126925 1.70893e-07 0.000540485 0.551072 2.17804e-07 0.000179468 2.3471e-05 
2.10702e-05 0.204524 9.38844e-06 0.124558 0.0411927 0.0003023 0.00252826 2.49288e-05 0.105753 0.000464729 0.0169643 8.03725e-05 0.0645334 5.9034e-08 0.0607789 0.358975 0.0178983 5.26838e-07 0.0013903 
0.0149988 0.0555859 0.00260147 0.0158781 0.020478 0.00156556 0.0236384 0.0683853 0.0296036 0.118413 0.0500454 0.00416209 0.00742258 0.00242779 0.00143256 0.556026 0.0095635 0.00591372 0.0118586 
2.30932e-07 2.65723e-10 4.50283e-09 5.03211e-10 1.17616e-08 1.1803e-05 1.32483e-09 6.89104e-09 5.66829e-06 1.67639e-05 8.01587e-05 3.15427e-09 1.15594e-09 4.99328e-06 2.58045e-06 0.999871 1.57168e-09 5.21331e-09 7.1414e-06 
1.7879e-05 0.113476 0.0174606 0.00993956 0.0480604 2.80276e-05 0.20539 3.13223e-05 0.199194 0.0507507 0.0753903 0.00167887 0.0191315 7.15489e-05 0.00607087 0.207763 0.0431755 5.89682e-07 0.00236948 
5.89582e-08 0.0303041 3.26697e-07 0.0407785 0.0613432 8.4012e-08 7.37663e-05 2.51707e-10 0.0485728 0.000860289 0.00408798 7.91776e-08 1.9158e-07 3.67028e-07 4.32891e-08 0.813747 5.82557e-07 1.15901e-07 0.000230848 
2.54466e-05 0.176815 0.00634268 0.041256 0.107368 0.000111547 0.00996324 6.69939e-07 0.0071114 2.29772e-06 0.0414056 6.92228e-06 0.0352309 0.000117498 0.000163809 0.556175 0.011332 1.99582e-07 0.00657241 
2.31337e-08 0.216044 4.56137e-07 0.0911199 0.0559728 5.86858e-05 0.0227789 5.10823e-08 0.00537171 0.00361648 0.276693 9.81524e-11 0.0059277 1.81876e-10 2.25506e-11 0.314393 0.000781864 1.62224e-10 0.00724199 
4.31763e-05 0.0310151 2.81056e-07 0.112934 0.00701728 0.000349686 0.000449363 9.43833e-07 0.0088745 0.000548773 0.00533629 0.000202862 0.00655101 5.70128e-05 0.0190162 0.799507 0.00621995 6.21677e-08 0.0018765 
2.23284e-05 0.136985 0.000468124 0.0907531 0.0964582 0.000547369 0.000588009 5.23279e-05 0.123921 0.00356168 0.00350147 4.55332e-05 0.0676059 2.5428e-06 0.00547926 0.313467 0.155982 4.28164e-05 0.00051642 
5.56453e-05 0.0528644 1.13765e-08 0.0758524 0.0113173 0.000301492 0.00048759 9.98653e-09 0.0106129 0.00077375 0.00503498 0.000392698 0.00376993 6.04773e-05 0.00977378 0.820443 0.00675029 5.60114e-09 0.00150961 
0.000522776 0.00270391 0.00278299 0.0217651 0.108579 0.000498059 0.000614113 7.74173e-09 0.193229 0.0373693 0.00474771 0.000116149 0.00184062 2.54906e-05 0.011913 0.610627 0.00172254 1.29992e-05 0.000930837 
9.68352e-05 0.155989 0.000261524 0.0218444 0.0843091 0.00292503 0.00325776 4.64588e-05 0.176843 0.00390614 0.0203896 0.00074093 0.0494585 0.00476933 0.00229237 0.326806 0.143114 1.79512e-06 0.00294781 
1.70401e-09 0.228374 6.728e-09 7.51882e-10 9.87788e-10 4.20034e-09 1.97952e-09 1.02964e-08 0.214273 1.36207e-09 3.4146e-05 4.71301e-09 0.015005 9.61525e-06 1.08282e-09 0.542304 2.34836e-09 7.78958e-09 2.46253e-09 
2.30932e-07 2.65723e-10 4.50283e-09 5.03211e-10 1.17616e-08 1.1803e-05 1.32483e-09 6.89104e-09 5.66829e-06 1.67639e-05 8.01587e-05 3.15427e-09 1.15594e-09 4.99328e-06 2.58045e-06 0.999871 1.57168e-09 5.21331e-09 7.1414e-06 
4.24299e-06 0.217424 0.000242696 0.0119337 0.0024109 1.54123e-06 0.0763047 8.48669e-06 0.245499 6.42614e-05 0.0268145 0.000144461 0.0338826 2.51396e-05 0.000352334 0.383133 0.00172303 4.96049e-06 2.70089e-05 
0.000165631 0.0823814 0.000225969 0.205658 0.0862954 2.05583e-05 0.00457008 2.5249e-05 0.0106281 0.104988 0.00541474 0.000178794 4.01445e-05 2.08768e-08 2.22898e-05 0.498922 0.00011816 0.000171645 0.000173311 
1.54285e-06 0.155187 1.17418e-05 0.138231 0.00480834 0.000103166 0.00679963 3.3184e-09 0.277356 0.00129305 0.033706 1.61633e-05 0.0142857 4.69726e-05 0.00158063 0.351683 0.00893101 2.60292e-06 0.00595651 
3.38163e-05 0.00958491 1.70438e-08 0.141857 0.00337262 0.000408211 0.000352314 1.10178e-08 0.00132403 4.99374e-05 0.0051947 6.24135e-05 0.00486793 4.55022e-05 0.0179147 0.807215 0.00531824 8.37754e-09 0.00239877 
2.45275e-08 0.114993 1.98021e-08 0.0032466 0.00421603 1.52358e-05 0.0276631 0.00172291 0.223088 0.00154247 0.00365438 2.93776e-05 0.0125431 1.6144e-07 0.000625732 0.605938 0.000325779 4.89293e-07 0.000396097 
4.69751e-11 0.124146 0.000171256 0.292266 0.20387 0.00107989 0.00043439 7.96004e-05 0.00843678 0.00201159 0.0187599 0.00940953 0.0101446 3.13902e-06 0.000106969 0.323698 0.00508418 7.40416e-06 0.000291073 
0.00990276 0.00948055 0.00022527 0.00124664 1.57738e-07 4.11005e-06 0.00126015 2.28094e-07 0.433437 0.0027153 0.00114677 6.46012e-05 0.00124844 2.20099e-10 8.6674e-08 0.534596 0.000422267 0.0042204 2.92389e-05 
9.86366e-09 1.12017e-05 5.90842e-06 4.35226e-09 5.7178e-09 2.43136e-08 2.15979e-05 5.96005e-08 5.20631e-06 1.09003e-05 2.88541e-09 2.72812e-08 9.99769e-09 5.0552e-08 6.26789e-09 0.999917 2.7671e-05 4.50899e-08 1.42543e-08 
0.000140313 0.245412 0.000364746 0.155263 0.00540547 1.82133e-07 0.0212622 0.00333524 0.203971 0.00109694 0.0617221 0.00306439 0.0167457 5.13724e-11 4.60022e-05 0.279403 0.00159633 6.22921e-09 0.00117152 
0.0514379 0.16241 0.0538512 0.0130367 0.00730066 0.00100866 0.0127567 1.60726e-07 0.0569623 0.036396 0.0217008 0.00501481 0.138976 0.000205318 0.0219311 0.267458 0.149035 5.2232e-05 0.000466631 
2.98997e-05 0.192628 0.0006354 0.0372141 0.0122131 0.000864778 0.00617047 5.57756e-06 0.274176 0.000766654 0.0789345 0.00494886 0.052513 1.10614e-05 0.0117669 0.299556 0.0153317 4.60742e-05 0.0121882 
0.00296829 0.148772 0.00115732 0.0653181 0.0722892 0.0116265 0.00157721 3.71285e-07 0.0802566 0.0322435 0.0450195 0.000208291 0.0535408 0.000379311 0.0115932 0.270878 0.201288 1.25299e-05 0.000870759 
8.72573e-08 0.0775027 4.28037e-09 0.061005 0.00644363 0.000244746 0.00334995 2.9814e-07 0.220132 0.00685542 0.0091349 0.000110472 0.00129365 5.55608e-09 2.81624e-05 0.49608 0.117491 4.95575e-09 0.000327822 
6.97054e-06 0.0525869 4.22085e-05 0.102172 0.0250193 0.000224235 0.000352607 3.64718e-08 0.103712 0.000315686 0.00655936 6.2821e-05 0.0866623 8.56509e-06 0.000644055 0.383583 0.237025 1.60547e-07 0.00102248 
0.000152811 0.0463014 0.000128439 0.00372621 0.00614982 0.000922056 0.00716861 0.00151102 0.0214673 0.0188307 0.0208666 1.70632e-05 0.00559959 0.00450755 0.00582544 0.842969 0.0105885 0.000478415 0.00278969 
5.82648e-10 0.168918 0.000816365 8.14617e-07 0.0378641 1.13357e-07 0.0650421 1.70494e-07 0.137184 0.0116801 0.105244 1.6115e-09 0.0238461 2.98611e-09 0.000176862 0.365331 0.0838876 2.66346e-09 7.95164e-06 
4.56533e-09 1.14191e-05 3.95822e-06 0.000709682 0.0275844 0.000660511 6.87693e-05 2.75857e-08 0.000212482 9.32395e-06 0.0144192 6.21581e-07 0.00082915 4.53695e-06 1.97209e-06 0.782649 0.172819 2.08695e-08 1.62499e-05 
0.00207937 0.136647 0.00192507 0.0030498 0.113022 0.000226609 0.0418026 5.40064e-05 0.120707 0.115032 0.0502736 0.00153696 0.0748945 0.000278516 0.000636918 0.265327 0.0699062 7.1098e-05 0.00252927 
1.47448e-05 0.0119531 7.47313e-08 0.0913407 0.000730509 2.50657e-06 0.0111134 1.11543e-09 0.00021244 0.0012768 0.331373 2.19815e-05 0.0233891 0.00324516 0.0177089 0.454324 0.00518309 7.39449e-06 0.0481034 
0.00011675 0.157038 0.000139366 0.19629 0.0881996 0.0019725 0.0314004 0.000246432 0.130185 0.0267973 0.0981393 0.00592092 0.0334062 3.77339e-05 0.008718 0.209517 0.00324682 2.41141e-05 0.00860545 
1.20112e-08 0.0235858 4.7424e-08 0.0485113 0.00580767 0.000129283 0.010098 7.25767e-08 0.00130047 1.63325e-06 0.0436872 6.31457e-06 0.00352355 0.000550927 7.69542e-07 0.857105 0.00563722 5.49069e-08 5.43253e-05 
