3.38163e-05 0.00958491 1.70438e-08 0.141857 0.00337262 0.000408211 0.000352314 1.10178e-08 0.00132403 4.99374e-05 0.0051947 6.24135e-05 0.00486793 4.55022e-05 0.0179147 0.807215 0.00531824 8.37754e-09 0.00239877 
1.72289e-05 0.135435 0.00608653 0.0985939 0.00951106 0.00059699 0.0478999 3.93454e-06 0.0254722 0.0210241 0.0432578 0.000547586 0.028674 0.000345266 0.000455902 0.559651 0.0223439 1.55867e-05 6.84029e-05 
0.00366106 0.0397217 0.001174 0.078401 0.227499 0.000222146 0.00386137 0.000134287 0.173456 0.00466496 0.0100225 0.0342007 0.0354701 0.000261463 0.00112659 0.316348 0.0245923 0.0424561 0.00272696 
4.84729e-07 0.0230856 6.71776e-05 0.00805727 0.00761821 0.000606568 0.000677764 6.57316e-10 0.142166 0.00232362 0.0377389 3.00876e-10 0.0409091 1.07488e-07 0.000133498 0.725583 0.00964636 0.000580229 0.000806519 
9.30808e-05 0.0484165 0.000181167 0.170469 0.0742032 0.00018905 0.00802546 0.000163225 0.020718 0.0505256 0.231129 0.00359448 0.00824851 0.000952213 0.000919408 0.361343 0.014599 7.43766e-05 0.00615544 
6.8609e-06 0.0248228 0.00143371 0.0241152 0.0569845 6.29064e-05 0.00182758 2.6871e-06 0.082057 0.0240268 0.0208097 9.18596e-05 0.00275889 0.000636607 0.00229927 0.742296 0.0154656 9.90624e-06 0.000292272 
0.000518023 0.11597 0.0331033 0.103813 0.09764 0.0136664 0.00473518 0.0033026 0.138221 0.0381854 0.0709414 0.000777489 0.061545 0.000642242 0.01024 0.241068 0.0641877 0.00050234 0.000940538 
0.000238491 0.0622629 0.00577117 0.0743191 0.0226964 0.00713866 0.0167198 9.45867e-06 0.0336022 0.0538066 0.0964129 0.00617537 0.0385201 0.00171729 0.0241416 0.498306 0.0556418 2.12564e-05 0.00249921 
0.000181856 0.103525 0.00168637 0.0359787 0.0532163 0.00132949 0.0134128 1.37084e-05 0.113914 0.0353097 0.0498358 0.00379011 0.0561856 0.0102038 0.000944143 0.509012 0.00877261 7.77781e-07 0.0026879 
6.25691e-05 0.0995952 1.78199e-05 0.217279 0.0102295 0.231421 0.0234049 0.000425039 0.0173368 0.00629256 0.0267981 0.00378908 0.012921 0.000710513 0.0279199 0.252262 0.0100695 0.000107747 0.0593577 
3.92471e-05 0.416853 1.22872e-07 0.0550432 0.000105096 0.000126088 0.00479303 1.88041e-07 0.00410015 2.48753e-08 0.00169621 8.60729e-08 0.00672085 0.000301103 2.02038e-05 0.502344 0.0077774 8.01805e-05 4.49727e-08 
6.31057e-07 0.206849 0.00786841 0.0849472 0.0869099 2.02669e-05 0.0483941 2.37883e-08 0.0334963 0.0137226 0.117795 0.000190769 0.00730767 2.01768e-08 0.0487602 0.297498 0.00907979 3.37421e-05 0.0371259 
0.00320742 0.104238 0.000161103 0.0265983 0.00785194 0.000302215 0.0284731 0.0305111 0.135881 0.00618835 0.0475509 0.000930046 0.0450075 0.000611221 0.0181038 0.539992 0.00319323 7.21989e-07 0.00119678 
0.00727439 0.0686105 0.0012388 0.0159069 0.010607 0.000114813 0.00908282 3.40086e-07 0.167472 0.0330182 0.00368502 8.94235e-05 0.023121 1.76894e-06 4.4665e-05 0.651588 0.00178726 0.00551056 0.000846855 
1.52752e-05 0.0601019 4.93194e-05 0.0906407 0.0215585 1.75351e-07 0.000661958 9.75159e-07 0.0554208 2.24343e-05 0.00320652 5.79784e-08 0.077579 2.62036e-07 3.22075e-06 0.600331 0.0904079 2.46077e-08 3.1426e-07 
3.45885e-09 0.00219846 3.23793e-06 0.00935484 2.00504e-09 0.00225321 0.0164857 1.11232e-05 0.0411348 0.130696 0.0753785 9.5666e-09 3.50585e-09 0.00373237 7.1123e-05 0.718665 4.76676e-09 1.58115e-08 1.60842e-05 
0.00320742 0.104238 0.000161103 0.0265983 0.00785194 0.000302215 0.0284731 0.0305111 0.135881 0.00618835 0.0475509 0.000930046 0.0450075 0.000611221 0.0181038 0.539992 0.00319323 7.21989e-07 0.00119678 
2.25431e-05 0.0648551 4.94411e-06 0.0417728 0.00813683 0.000539651 0.000440781 0.00015491 0.330987 6.06484e-05 0.000311551 2.93638e-06 0.111078 2.38468e-05 0.0295068 0.402999 0.00888217 7.69745e-09 0.000221269 
6.97223e-05 0.0936905 3.90377e-11 0.00858009 0.0227278 8.60952e-05 2.42723e-07 5.97424e-11 0.0149254 0.000281923 0.00258227 0.00115587 0.000392106 2.46589e-05 0.000447478 0.85039 0.00435525 4.51973e-11 0.000290256 
2.70746e-05 0.141214 0.000136515 0.00747952 0.00696998 5.34144e-05 0.00246186 3.65824e-09 0.18681 0.0484214 0.0530148 1.33858e-05 0.110866 0.00338056 0.000300801 0.35459 0.083526 1.75828e-07 0.000734369 
0.00135021 0.163391 0.00764946 0.00908829 0.137715 0.000325046 0.0026612 0.000808776 0.108928 0.00688827 0.0557244 3.97659e-05 0.0111959 1.01772e-05 0.000830328 0.421959 0.0702967 3.35095e-06 0.00113541 
3.39685e-05 0.0130728 1.29001e-06 0.00453442 0.00172615 0.000126589 0.000697317 8.52049e-05 0.0437209 0.0453318 0.245205 1.51056e-05 0.00243861 1.67448e-06 0.000345562 0.441258 0.0139108 7.39425e-06 0.187488 
0.009137 0.0870589 1.24947e-05 0.0306084 0.0257034 7.53989e-05 0.00518501 0.0001291 0.0787194 0.00207071 0.0526957 9.1801e-05 0.110953 1.3959e-05 0.0320053 0.543945 0.0173454 9.22335e-06 0.00424045 
2.46288e-05 0.268676 0.00229088 0.044727 0.00792223 0.000232698 0.119498 8.04651e-05 0.0576651 0.0143279 0.0309029 8.86595e-05 0.0353215 3.94459e-05 0.00286837 0.349301 0.0653486 1.58434e-07 0.000685437 
5.66439e-07 0.277096 2.33301e-07 0.222806 0.0539137 1.58995e-08 0.000769096 5.22668e-08 0.00462898 1.95071e-05 0.019574 0.000149691 0.0489164 1.64479e-07 1.07542e-07 0.303729 0.0683952 1.51199e-08 8.88325e-07 
0.0221588 0.194546 2.89765e-06 0.101332 0.0027686 0.000363433 0.011906 0.00010581 0.100899 0.000939946 0.0532487 1.40149e-05 0.090711 0.000212814 0.0204742 0.388902 0.0088086 1.4255e-06 0.00260417 
7.13614e-05 0.0265004 0.00322991 0.0243778 0.0157844 1.92001e-05 0.0537969 1.30633e-06 0.0223603 0.0541308 0.208195 0.000407713 0.0336526 4.323e-05 0.000463605 0.541552 0.00659264 1.82266e-05 0.00880257 
0.00411985 0.0406801 0.000691141 0.0293641 0.0343593 0.000865987 0.0125804 1.62688e-06 0.0246474 0.00483303 0.223907 0.00347363 0.0337143 0.000915657 0.0102014 0.480111 0.0105473 3.72433e-06 0.0849832 
0.000354441 0.166097 0.00556965 0.0849932 0.0266991 9.30781e-05 0.00147353 9.87132e-05 0.218822 0.00994916 0.0419796 0.0134208 0.117417 0.000635928 0.00619815 0.271149 0.0340259 7.38627e-05 0.000950816 
0.00273937 0.0541972 0.000495198 0.0301267 0.0437774 0.00183676 0.00186815 0.000343446 0.0572222 0.0282334 0.0228119 0.00487491 0.106933 1.15745e-05 0.00163801 0.603147 0.0384322 0.000924426 0.000386593 
3.38163e-05 0.00958491 1.70438e-08 0.141857 0.00337262 0.000408211 0.000352314 1.10178e-08 0.00132403 4.99374e-05 0.0051947 6.24135e-05 0.00486793 4.55022e-05 0.0179147 0.807215 0.00531824 8.37754e-09 0.00239877 
0.000310029 0.0283195 2.6121e-05 0.004251 0.0390367 0.0694488 0.00323963 3.34339e-05 0.115683 0.222869 0.0958454 8.0862e-06 0.00651467 2.04554e-06 0.000378191 0.223963 0.190062 1.42911e-08 1.01707e-05 
0.00013713 0.165982 5.62381e-07 4.37219e-05 0.00457841 0.0016351 0.0105237 3.17539e-09 0.0926175 0.0779495 0.00916256 6.08495e-07 0.0640649 1.257e-05 0.00506073 0.438481 0.129196 1.26098e-07 0.000553687 
2.86445e-07 0.0668869 2.73446e-07 0.0025383 0.00156978 0.00409863 0.000791902 0.0003127 0.00428113 0.000128692 0.0112069 1.34875e-06 0.00246777 1.85407e-06 9.75437e-05 0.822189 0.0832098 2.35726e-10 0.000217383 
4.90494e-05 0.191574 0.0361516 0.0871601 0.0240011 0.000131401 0.0110241 7.63636e-05 0.0194869 0.0417179 0.0763273 4.34132e-05 0.0226501 0.0083691 0.00804291 0.440618 0.00139623 3.89493e-05 0.0311419 
3.18318e-05 0.0199222 8.69944e-05 0.0294578 2.17479e-06 0.000475199 0.0470813 1.84436e-06 0.268251 0.00278688 0.0271691 6.45596e-06 0.00502683 1.69095e-06 3.22703e-06 0.5975 7.01439e-07 4.76058e-10 0.00219452 
7.75841e-07 0.000485543 9.59402e-05 0.00102293 0.0398976 1.13146e-05 7.2496e-05 4.68796e-06 0.0672572 0.000524088 0.000190192 4.45116e-05 0.000839629 0.000410663 2.88939e-05 0.648083 0.240766 0.000231513 3.37555e-05 
1.73408e-05 0.193974 0.000214545 0.0126425 0.137529 9.99958e-06 0.00590065 1.86876e-08 0.2436 0.0296851 0.0959278 0.00123876 0.00262425 4.80279e-05 0.000441716 0.248655 0.0193999 2.00419e-06 0.00809013 
0.000103517 0.22071 5.08763e-05 0.116114 0.201356 0.00140563 0.00023008 8.06887e-11 0.0975485 0.00146988 0.00922377 0.00173501 0.0122602 0.000584213 0.00755169 0.298959 0.0130192 8.50407e-07 0.0176768 
2.03631e-05 0.0896784 8.30801e-06 0.0141199 0.0246534 0.218159 0.0103248 7.63482e-07 0.0443634 0.0142688 0.230733 0.00257733 0.0312051 3.85735e-06 0.000735517 0.236886 0.060159 9.46849e-06 0.0220936 
4.20144e-06 0.025787 0.000136823 0.00312379 0.0123964 0.000157045 0.00156672 1.77048e-06 0.0487257 0.0555132 0.0436162 1.76396e-06 0.0101894 8.88722e-06 9.40452e-05 0.782462 0.00257002 6.80622e-06 0.0136379 
0.000488984 0.12523 0.0353126 0.0505999 0.0034467 0.00931357 0.00655906 1.98203e-06 0.0435901 0.0524627 0.293925 0.000192759 0.0458069 0.00240435 0.00147784 0.317219 0.00255933 0.000111552 0.00929848 
2.91885e-05 0.0228442 0.000805349 0.0563767 0.013508 2.28218e-05 0.0498525 0.0010984 0.0326397 0.00100331 0.117314 7.25104e-05 0.0239612 0.00018572 0.000349355 0.673448 0.00514289 4.11227e-06 0.00134202 
0.00921432 0.0281717 5.35948e-05 0.0415962 0.00260363 7.25181e-06 0.000330602 0.00277685 0.174898 0.00132699 0.00261436 4.52975e-05 0.00402769 6.19366e-10 9.68672e-09 0.719181 0.0131391 1.77266e-06 1.1821e-05 
7.70438e-05 0.168382 9.96282e-05 0.0526471 0.00679767 7.81976e-08 0.00818554 6.57804e-05 0.0518367 0.0104537 0.010023 0.00732131 0.00571962 1.62586e-07 0.000133643 0.677129 0.00109521 1.74473e-05 1.57324e-05 
9.15982e-05 0.0661344 0.000137701 0.060716 0.14627 0.000334924 0.00462181 0.000206092 0.0216639 0.0893511 0.0887775 0.000142264 0.0713894 1.36477e-06 0.00272242 0.419776 0.0166404 3.10962e-06 0.0110201 
3.4173e-07 0.0298776 8.59977e-06 0.010439 0.0208631 1.24169e-05 0.0096006 2.04444e-08 0.186041 0.245176 0.0769447 9.3581e-09 0.00837176 0.000275882 7.38283e-05 0.380542 0.0143617 0.0121063 0.00530583 
4.15589e-06 0.297512 0.000151182 1.06385e-06 0.00346799 7.44105e-06 0.00664893 8.04411e-08 0.0089875 0.315265 0.0244763 3.68207e-08 0.0141481 6.82286e-08 8.45959e-09 0.323648 0.00565197 1.19349e-05 1.86198e-05 
1.50761e-11 0.105194 5.95252e-11 0.308241 0.109752 3.71621e-11 0.00531027 9.10961e-11 0.00891655 3.18542e-07 0.0158849 5.90865e-08 0.0646735 7.7266e-11 2.33722e-07 0.380222 0.00180593 6.89174e-11 2.1787e-11 
1.54732e-06 0.0793018 0.00249813 0.00115366 0.1715 3.36742e-08 0.00130614 8.25462e-08 0.00100648 0.00031166 0.173432 3.77843e-08 0.000412317 7.68193e-05 0.000195309 0.568645 0.00011626 6.24491e-08 4.30181e-05 
1.36218e-08 0.0305427 0.00607439 0.0110974 0.0112679 0.00204969 0.0329403 8.23086e-08 0.0169148 0.00600729 0.0345866 6.97948e-06 0.047754 2.27617e-05 1.1242e-05 0.739236 0.0614868 6.22694e-08 1.44549e-06 
0.000121296 0.0509326 3.88236e-07 0.000138184 0.00594313 0.00102722 0.00796489 0.0155585 0.117148 0.0361546 0.0316564 2.71962e-07 0.0233283 0.00258247 0.000290018 0.705166 0.00197808 9.32324e-07 8.19908e-06 
0.0018481 0.000977167 0.000570894 0.000167676 0.170734 9.06625e-08 0.0237822 4.18157e-05 0.0122015 0.143486 0.000582492 0.00118431 0.000145161 1.20643e-05 2.33722e-08 0.640012 5.06883e-08 0.00413491 0.000119426 
0.000612026 0.00195167 5.36877e-07 0.00183601 0.0022623 0.00134104 0.0054024 8.21625e-07 0.00222099 0.00991262 0.00840488 0.00315949 0.0085452 6.96887e-07 8.64063e-08 0.949093 0.000225058 6.21588e-07 0.0050307 
5.25955e-05 0.206596 0.00024196 0.0105456 0.203338 5.45119e-05 0.0300376 5.97453e-06 0.0982463 0.00969463 0.152479 0.000942999 0.00439945 2.06901e-05 0.00338737 0.272458 0.00743575 3.08674e-05 3.17845e-05 
2.11282e-05 0.127632 0.00190166 0.0471819 0.047655 0.00225161 0.00789103 0.000927504 0.168973 0.0144302 0.0713287 0.000687482 0.0201692 0.00211302 0.0481296 0.396696 0.0405995 7.62054e-06 0.00140407 
0.00245849 0.0755644 0.0210184 0.0536098 0.0871705 0.0015758 0.0210619 0.00334455 0.0983344 0.0368296 0.0968371 0.000555474 0.0216655 2.87535e-05 0.00382005 0.414828 0.0177207 0.0422317 0.0013446 
0.00563556 0.240884 6.07318e-05 0.0786568 0.130759 2.71161e-06 0.0153699 4.84609e-10 0.0864237 0.00599372 0.0294983 0.00386986 0.0544009 1.1835e-06 0.00075222 0.340456 0.00704501 2.13772e-08 0.000189437 
2.05287e-05 0.0350233 1.16028e-05 0.0336011 0.0207393 0.00122809 0.00117022 4.35272e-09 0.0489299 0.0010536 0.0152789 1.76451e-05 0.0446561 0.0011069 0.0148927 0.605539 0.176446 2.6133e-06 0.000282615 
6.50869e-05 0.0193204 0.000372141 2.02619e-05 0.00764242 9.04779e-07 0.00556146 0.000520739 0.000174593 0.00027076 0.368419 3.11124e-07 0.0022145 3.87826e-06 0.0019149 0.565855 0.0275818 6.04472e-05 1.60329e-06 
0.00100682 0.10305 0.000149665 0.0350518 0.11046 0.00069434 0.00138537 1.90653e-05 0.20069 0.0410088 0.0231987 0.00104124 0.036149 0.000293017 0.000891532 0.416385 0.028187 4.36275e-05 0.000294445 
0.0256253 0.0199922 3.7767e-05 0.0871912 0.0771651 0.00294938 0.00697642 1.68345e-06 0.150573 0.00581532 0.0984392 0.00035267 0.0111686 0.0036781 0.00423409 0.498899 0.000534882 1.55215e-05 0.00635028 
0.00163417 0.0785866 0.00152557 0.186162 0.106139 0.00455391 0.00305655 2.75577e-05 0.104686 0.0263566 0.0384156 0.00094448 0.116422 0.000128228 0.00343449 0.30247 0.00557663 5.16417e-06 0.0198754 
3.75775e-05 0.17368 0.000338222 0.0526216 0.0271337 9.69098e-05 0.0304743 0.0130266 0.0493484 0.0268009 0.159231 0.00183648 0.115192 2.58915e-06 0.064483 0.230557 0.0274975 5.53913e-06 0.0276367 
4.09045e-06 0.0486337 0.000682347 0.0654832 0.113988 3.50124e-05 0.00214873 8.52802e-07 0.00015853 0.000280526 0.0288541 4.39697e-06 0.0409998 0.00025274 0.0115523 0.685637 0.000860958 2.33694e-06 0.000421737 
9.08874e-06 0.0144474 6.27298e-06 0.0451 0.133582 0.0118677 0.0218765 0.000109712 0.0234061 0.0950909 0.108551 6.90106e-06 0.104838 9.68042e-07 0.00273194 0.390828 0.0312305 1.86144e-06 0.0163152 
0.00035072 0.0826365 2.1406e-05 0.00509048 0.00106409 7.01095e-05 0.142602 0.165211 0.14711 0.0432757 0.0408203 3.59807e-06 0.0148551 0.00040698 0.000131221 0.332749 0.0235506 2.17702e-07 5.18978e-05 
0.00159267 0.0101487 0.00447949 0.098263 0.00896242 0.00589578 0.0752967 0.00628623 0.0174683 0.0231985 0.32953 0.0118646 0.00414004 0.00504484 0.0154329 0.380355 0.000770086 6.17197e-06 0.00126454 
1.35721e-05 0.0658717 1.11342e-06 0.215296 0.00480426 4.63247e-05 0.00410368 5.44434e-09 0.286239 0.00046584 0.122209 4.9666e-06 0.0065484 4.34159e-06 0.00014089 0.294219 3.1477e-05 4.11884e-09 9.45721e-07 
9.15159e-06 0.00063514 4.98244e-05 0.00721408 0.113736 2.33481e-08 0.000527207 5.72337e-08 0.000450014 0.00690703 0.00317579 1.65283e-05 7.51007e-05 0.000213667 2.86763e-05 0.864718 0.000459819 0.000348149 0.0014351 
0.0116909 0.0608599 0.00134818 0.0115174 0.0291271 0.00243927 0.00200017 2.72621e-05 0.3928 0.0266667 0.00584201 2.80979e-05 0.0196575 1.09095e-06 0.00475612 0.395043 0.0360788 1.56958e-05 0.000101058 
2.04346e-05 6.26793e-07 1.39435e-05 0.0140634 0.029885 2.22361e-07 1.54613e-05 1.52743e-06 0.311261 0.000460597 0.0563834 2.23769e-05 0.00511394 3.77147e-09 4.90258e-05 0.577757 0.0035129 1.15485e-07 0.00143826 
1.07871e-07 2.12334e-10 6.26324e-08 0.00123948 5.28266e-10 2.24633e-09 0.00673219 0.00621799 0.0159703 0.003519 2.51917e-05 2.52051e-09 0.000303979 2.33313e-07 5.79089e-10 0.965951 1.29736e-06 4.16585e-09 3.94876e-05 
5.84784e-06 0.153858 0.00753749 0.0323147 0.00203477 0.000629398 0.00565567 4.42973e-05 0.019125 0.0263412 0.0425031 5.80618e-05 0.00805047 0.00015502 0.00222061 0.671657 0.0274017 4.88599e-07 0.00040661 
3.18318e-05 0.0199222 8.69944e-05 0.0294578 2.17479e-06 0.000475199 0.0470813 1.84436e-06 0.268251 0.00278688 0.0271691 6.45596e-06 0.00502683 1.69095e-06 3.22703e-06 0.5975 7.01439e-07 4.76058e-10 0.00219452 
7.63879e-05 0.0778596 8.86757e-05 0.111829 0.11272 6.28401e-06 0.0183695 0.00742755 0.149377 0.138484 0.0106668 0.000366914 0.00883039 0.000762362 0.000642737 0.179983 0.179204 3.09084e-05 0.00327444 
7.00061e-06 0.0516363 3.84359e-07 0.0112235 0.0138612 1.26012e-05 0.00295995 5.88215e-07 0.016366 0.000618627 0.0365752 6.78209e-07 0.00318034 4.98913e-07 0.000402045 0.815007 0.0477404 4.45005e-07 0.00040763 
3.3101e-06 0.193715 2.87337e-06 0.131263 0.000252899 8.6003e-05 0.0866334 4.01176e-08 0.011247 8.11562e-05 0.0724834 0.021046 0.0584944 5.13884e-06 0.00227742 0.398315 0.024026 3.03504e-08 6.83585e-05 
0.00083395 0.034565 0.000484304 0.0351026 0.0512933 0.000341192 0.000941999 5.07074e-06 0.156363 0.00229413 0.0119213 6.16034e-05 0.0122071 0.000483763 0.00633174 0.6689 0.0169246 0.000113921 0.000832004 
2.77949e-07 0.00620456 2.63499e-08 0.00328647 0.0302811 6.47934e-06 6.45409e-05 4.03254e-08 0.00341546 0.00473547 0.00286867 3.62705e-06 0.03471 1.70257e-06 2.65014e-05 0.912248 0.00148716 0.000641987 1.77686e-05 
0.065916 0.0744908 0.000160467 0.00664199 0.0068165 0.0115179 0.0249747 4.21606e-08 0.0502427 0.0490482 0.0365356 0.00444889 0.0190154 1.1006e-06 0.00919185 0.640259 0.000275309 5.21937e-07 0.000462662 
0.0174712 0.130938 5.0756e-05 0.0349364 0.0532804 0.015495 0.0986857 0.054927 0.0164677 0.00325274 0.178957 0.000665965 0.016971 3.88816e-05 0.012557 0.337878 0.0254001 6.01972e-06 0.00202096 
4.85267e-06 0.0305226 3.28108e-05 0.00856072 0.0140513 0.000199048 0.000432305 5.92717e-08 0.0935433 0.0680065 0.0579187 5.9585e-08 0.0282372 2.89213e-09 0.000235873 0.656505 0.00397704 3.04346e-06 0.0377701 
5.10766e-05 0.0565345 0.00335485 0.0228343 0.0078405 0.000109273 0.00402198 6.63028e-05 0.0154285 0.0163245 0.0179554 0.000729822 0.0301127 4.30802e-07 0.000219654 0.764362 0.0547939 1.35083e-05 0.00524726 
0.00484748 0.00876323 0.000175424 0.00307877 0.000211927 0.000195664 0.00197568 8.65339e-05 0.0647755 0.00644465 3.74662e-06 1.49486e-07 0.00938286 2.17312e-10 7.03108e-08 0.900007 1.31152e-05 2.17111e-06 3.56586e-05 
5.21938e-05 0.0231133 5.73711e-06 0.0113414 0.020558 0.000215961 0.00102165 6.49498e-10 0.0878268 0.0259939 0.0220143 2.97298e-10 0.0456412 4.1968e-07 0.000158668 0.724963 0.0347068 3.40546e-07 0.00238634 
0.000218249 0.019862 4.8185e-05 0.00639193 0.138214 0.000323582 0.00406231 4.2365e-06 0.0360957 0.00158756 0.039863 0.0153033 0.10389 0.0131098 0.000374178 0.498868 0.120336 2.45179e-10 0.00144804 
2.87895e-06 0.097268 2.36808e-06 0.0146352 0.223842 6.52362e-05 0.000104262 9.71071e-08 0.241681 5.46257e-05 0.000225734 8.4766e-05 0.0015523 0.000757276 0.000203146 0.407505 0.00417695 4.54644e-07 0.00783806 
3.17074e-05 0.069565 0.000267032 0.0262807 0.0270807 0.00441987 0.00778158 0.00722196 0.0957718 0.0100865 0.0864854 0.000325847 0.00868831 0.00137716 0.000636656 0.617508 0.0317362 0.000886745 0.00384883 
0.00469563 0.022233 0.000181334 0.0218686 0.00809397 3.66677e-06 0.00835958 8.59441e-07 0.0231865 0.0716205 0.00231284 2.67253e-06 0.0830746 1.21338e-07 2.10727e-06 0.752814 8.57641e-10 0.000242743 0.00130668 
0.000851845 0.0913198 2.37247e-06 0.157885 0.174926 0.00100758 0.000191024 7.98551e-10 0.0625376 0.0103885 0.0304773 0.000641691 0.0578621 9.27411e-06 0.00895415 0.354049 0.0464631 1.3247e-05 0.00242085 
0.000501034 0.0386882 0.0133641 0.0436402 0.0249459 0.000178046 0.0302501 2.95488e-08 0.173288 0.099285 0.1036 0.00458823 0.0238381 0.170205 0.00223966 0.259393 0.0102771 3.85177e-05 0.00168026 
8.79385e-08 0.203277 1.70289e-07 0.0806606 0.148258 9.20562e-06 0.0708534 5.86855e-06 0.0318888 0.00625569 0.220514 4.99405e-05 0.00190228 2.0719e-09 0.00329931 0.227574 0.000538678 4.3203e-07 0.00491239 
0.000217878 0.150945 0.000156753 0.0747956 0.0303892 0.000948479 0.00300793 1.57472e-06 0.0708853 0.00151355 0.0377653 0.000770139 0.154668 1.69213e-05 0.00595701 0.325163 0.140063 9.06638e-07 0.00273412 
4.06703e-06 0.0579296 1.46342e-07 0.0615018 0.066436 0.00192816 0.00949847 1.26847e-07 0.0267381 0.00432213 0.12683 1.14302e-05 0.0264422 7.66647e-07 0.00513998 0.594682 0.00713351 7.24757e-08 0.0114011 
1.81411e-11 0.0416913 0.00242159 0.0280934 0.0131707 6.11992e-05 0.00872119 1.09616e-10 0.00421893 0.000845573 0.264899 1.85664e-06 0.000329179 7.07901e-06 0.000100402 0.632781 4.88199e-05 8.29287e-11 0.00260941 
1.4485e-05 0.0665333 0.000108619 0.0208025 0.0157044 0.00118776 0.010777 0.00704655 0.131142 0.00554302 0.0297458 2.2216e-05 0.00550886 0.000472487 0.000145988 0.658517 0.0456838 1.56394e-06 0.00104199 
5.67986e-06 0.0259663 7.49105e-05 0.03635 0.0046718 0.00144104 0.0678837 1.25751e-07 0.348985 0.0085066 0.0335601 2.45357e-06 0.0777908 1.63405e-05 0.00049053 0.35744 0.0340598 0.00270322 5.1476e-05 
7.24079e-07 0.0389145 3.25663e-05 0.0365206 0.00495367 0.000893273 0.00485815 0.000349836 0.0562389 0.16785 0.0893144 4.44218e-06 0.0312831 0.000124672 0.0403503 0.50831 0.00152466 6.44726e-06 0.0184704 
5.3603e-07 1.24895e-07 2.11642e-06 0.0500346 0.0707408 1.3213e-06 6.22695e-07 3.23893e-06 0.000226859 0.003921 0.000273452 1.48257e-06 0.000616058 2.7472e-06 4.98559e-05 0.871599 0.00197274 0.000552946 7.74637e-07 
5.86516e-06 0.041956 0.000181151 0.00194378 0.0160553 0.000127044 0.0113402 1.05867e-09 0.0262186 0.00629961 0.182964 3.52364e-07 0.00692526 8.39249e-07 0.00370369 0.690147 0.00228954 2.99635e-07 0.00984186 
2.40863e-06 0.251403 0.000361968 0.0026286 0.00398541 0.000327078 0.004217 1.14959e-06 0.0313397 0.070872 0.12069 4.60725e-05 0.00359249 0.00046833 0.00200435 0.48192 0.00399046 8.47357e-06 0.0221416 
0.000166067 0.0876488 5.20078e-05 0.0733091 0.179489 0.0022855 0.000122294 9.87773e-11 0.078343 0.00190804 0.0125044 0.00238688 0.0163627 0.000587768 0.0131478 0.501369 0.0153249 1.68455e-08 0.0149928 
7.79269e-10 0.00257917 2.80309e-05 0.00159157 0.00026183 0.0593223 0.0107453 2.705e-06 0.0903085 0.119141 0.0104795 9.88891e-07 0.0119638 0.00334017 6.15775e-07 0.689864 4.04069e-08 2.08114e-05 0.000350188 
3.46907e-06 4.51429e-06 2.28509e-07 2.41847e-05 0.00617003 4.31972e-05 1.10756e-05 3.49355e-10 0.00707978 0.00681527 0.365564 1.59912e-10 1.9169e-05 0.00186895 4.13328e-06 0.612385 1.67407e-07 6.08153e-07 6.78462e-06 
0.000831554 0.00704043 8.85589e-06 0.00582886 0.000544176 9.49538e-05 0.00163788 6.36334e-07 0.0235896 0.108004 0.0082608 4.73885e-07 0.0124403 3.93067e-09 1.59572e-06 0.831707 1.48982e-06 3.50596e-09 7.14496e-06 
5.64869e-06 5.65011e-06 5.64314e-06 0.120345 5.64949e-06 0.0124267 5.6484e-06 5.63921e-06 0.178544 5.64907e-06 5.65001e-06 5.64539e-06 0.298255 5.64094e-06 5.64937e-06 0.324834 0.0655222 5.64198e-06 5.64785e-06 
0.000166067 0.0876488 5.20078e-05 0.0733091 0.179489 0.0022855 0.000122294 9.87773e-11 0.078343 0.00190804 0.0125044 0.00238688 0.0163627 0.000587768 0.0131478 0.501369 0.0153249 1.68455e-08 0.0149928 
8.14212e-10 0.323041 1.01577e-07 0.0194078 0.0606566 8.121e-05 0.00410089 0.0580473 0.00283083 0.00400704 0.148175 0.000267726 0.0062471 4.1729e-09 0.00666926 0.364849 0.000852942 2.67544e-08 0.000765924 
0.0021518 0.0225585 1.37947e-06 0.0523957 0.0140994 0.000138486 6.79901e-08 2.48867e-07 0.147558 0.00072589 0.0550377 1.85362e-08 0.0657062 1.00993e-11 0.00371285 0.512127 0.123786 7.92796e-08 2.46046e-07 
8.98972e-05 0.0182083 0.000326765 0.0387185 0.101539 9.52381e-05 4.97643e-05 1.67869e-10 0.00697326 0.00414285 0.0287656 0.000357823 0.020568 0.0252499 0.0032922 0.725304 0.0256117 1.92158e-05 0.000687997 
0.000100936 0.0130453 0.00044173 0.00156796 0.0547586 0.000127829 0.00108376 3.22593e-05 0.0915008 0.0957454 0.127166 0.000288991 0.0012427 0.00270374 0.0244664 0.492841 0.0917434 4.69778e-07 0.00114273 
1.07871e-07 2.12334e-10 6.26324e-08 0.00123948 5.28266e-10 2.24633e-09 0.00673219 0.00621799 0.0159703 0.003519 2.51917e-05 2.52051e-09 0.000303979 2.33313e-07 5.79089e-10 0.965951 1.29736e-06 4.16585e-09 3.94876e-05 
0.00021634 0.0313358 0.00018101 0.0449268 0.00722997 0.000784421 0.0719774 2.34804e-05 0.0636278 0.0544761 0.0678795 0.000201389 0.0246882 0.00136369 0.000520006 0.592674 0.0373149 5.13664e-05 0.000528021 
4.87556e-06 0.021994 0.00368814 0.0111033 0.00460298 0.00803331 0.00175345 1.71822e-06 0.0556464 0.0198796 0.0109476 0.00473378 0.00351059 2.54302e-05 0.00249168 0.849493 0.00116314 2.73519e-07 0.000927179 
6.16001e-05 0.0916572 0.000534286 7.3833e-08 0.0404091 0.00949108 0.00351445 3.42098e-06 0.271732 0.15473 0.024283 0.000479407 0.0347957 1.42658e-07 0.00823531 0.323664 0.0325293 8.63348e-08 0.00387975 
4.77071e-05 0.199149 6.34742e-05 0.061302 0.110759 0.00395944 0.106771 3.16036e-08 0.130435 0.0193058 0.0538631 0.000523474 0.0120774 0.000793628 0.000509686 0.29964 0.000255808 9.95213e-06 0.000535807 
0.00161202 0.0107157 4.41283e-05 0.0234464 0.021655 0.00383393 0.000269749 4.07718e-06 0.130018 0.00870182 0.0223316 2.13119e-05 0.0110384 1.6046e-05 0.000180192 0.66547 0.100547 6.88514e-06 8.78803e-05 
7.74376e-08 0.144503 0.00383803 0.0131237 0.13797 4.03573e-05 0.0357566 0.000111822 0.0714661 0.0123701 0.183089 0.00196154 0.0153692 0.0133714 0.000527315 0.360578 0.00232228 8.35354e-05 0.00351836 
1.58934e-10 0.175473 6.27523e-10 0.140517 0.0451645 2.1276e-07 0.0276175 9.60348e-10 2.38865e-08 0.000759813 0.208264 3.55918e-07 0.000432076 2.38228e-06 0.000153125 0.400187 0.00143001 7.26537e-10 2.29681e-10 
5.21938e-05 0.0231133 5.73711e-06 0.0113414 0.020558 0.000215961 0.00102165 6.49498e-10 0.0878268 0.0259939 0.0220143 2.97298e-10 0.0456412 4.1968e-07 0.000158668 0.724963 0.0347068 3.40546e-07 0.00238634 
1.53173e-05 0.0213747 0.00122815 0.00196157 0.019215 5.6979e-05 3.7163e-07 3.6081e-05 0.16697 0.000932834 0.00139639 2.002e-07 0.04237 8.50772e-07 2.59442e-06 0.724853 0.0195831 1.08386e-06 1.18554e-06 
5.06202e-05 0.135524 1.60605e-06 0.0336895 0.0174407 0.000297751 0.00254457 4.23426e-05 0.263924 0.00212377 0.0124396 2.24635e-05 0.0963035 8.51834e-07 0.00480247 0.291582 0.138968 4.27461e-07 0.000242255 
5.73428e-06 0.000746066 3.48825e-06 0.236075 0.0284146 6.93169e-05 5.17794e-08 2.69329e-07 0.0321025 0.042195 0.0858175 0.0115762 0.0735748 1.41532e-06 9.66968e-07 0.479972 0.00896706 1.50247e-05 0.000462556 
0.0056701 0.000693177 0.0040839 0.0314939 0.0327809 0.00397845 3.6131e-05 2.44924e-06 0.0365343 0.0338062 0.0112916 0.00175328 0.00683928 3.73523e-07 0.000158329 0.81417 0.0162093 0.000463464 3.51767e-05 
0.000782322 0.178585 0.00108568 0.0251375 0.0140403 0.000337015 0.115064 3.64796e-05 0.155465 0.0262399 0.0841346 0.004487 0.0344371 0.00969335 0.00384277 0.324417 0.0203378 8.26604e-05 0.00179416 
1.60738e-10 5.93056e-05 6.35282e-07 0.0172141 0.164517 0.0226722 3.34989e-05 2.92345e-07 0.140252 4.57401e-05 4.69125e-05 2.08994e-06 2.46341e-05 0.012665 5.32168e-06 0.642433 1.17629e-05 7.34784e-10 1.68179e-05 
4.46842e-06 0.00552191 9.39885e-08 0.00490236 0.00106951 5.86778e-08 0.0182075 1.43838e-07 0.0362872 0.0309303 0.00817996 0.000492907 0.000830075 2.86214e-05 1.51267e-08 0.885796 0.00545432 1.08819e-07 0.00229485 
1.46971e-07 0.0078772 2.99982e-09 0.00367316 0.0172741 3.69361e-07 8.2332e-06 4.59086e-09 0.00127898 0.00458634 0.00104809 6.68278e-08 0.0190237 9.03105e-07 7.50027e-09 0.942133 2.00236e-06 0.00308431 9.57277e-06 
5.40196e-05 0.00221809 3.242e-08 0.031538 0.119395 5.12511e-05 0.014731 4.50862e-07 0.0280236 0.0364052 0.0512314 1.23098e-05 0.0435692 4.20823e-08 0.0250657 0.588639 0.0386993 3.27265e-07 0.0203664 
0.00264962 0.120949 0.00503299 0.0255078 0.0891052 0.00105803 0.0146223 0.000613054 0.116915 0.0836665 0.155107 0.00193671 0.0170557 0.000848364 0.0401893 0.286905 0.0243347 0.00895566 0.0045477 
0.000298511 0.11167 2.55184e-05 0.0570755 0.0981439 0.0258605 0.0898702 0.0129015 0.0391912 0.112645 0.127451 0.0470469 0.052693 0.0448846 9.23104e-05 0.177525 0.000595786 2.9546e-05 0.00200091 
6.42883e-05 0.142677 5.47641e-05 0.0309686 0.0256054 1.53168e-05 6.77661e-05 1.62498e-05 0.153063 0.00047092 0.0413711 9.17013e-05 0.0284508 9.6934e-08 0.000109308 0.558809 0.0124562 4.64112e-10 0.00570918 
0.000103173 0.0193175 0.00017689 0.0277462 0.0117231 0.000191685 0.0137233 7.08519e-06 0.0256765 0.00947846 0.0605072 0.00585763 0.000253924 5.36132e-05 0.00517824 0.807332 0.00240931 1.74074e-05 0.0102464 
3.26061e-05 0.0825693 0.000278844 0.0923756 0.00326865 5.09085e-05 0.00970165 1.15877e-06 0.105086 0.00210791 0.0471418 0.000711872 0.00707741 0.000176564 0.00657221 0.629308 0.000243667 2.86199e-05 0.0132674 
1.7879e-05 0.113476 0.0174606 0.00993956 0.0480604 2.80276e-05 0.20539 3.13223e-05 0.199194 0.0507507 0.0753903 0.00167887 0.0191315 7.15489e-05 0.00607087 0.207763 0.0431755 5.89682e-07 0.00236948 
4.84729e-07 0.0230856 6.71776e-05 0.00805727 0.00761821 0.000606568 0.000677764 6.57316e-10 0.142166 0.00232362 0.0377389 3.00876e-10 0.0409091 1.07488e-07 0.000133498 0.725583 0.00964636 0.000580229 0.000806519 
0.000307092 0.15547 0.000816566 0.0054734 0.000289476 0.000109878 0.00819218 5.27765e-07 0.135714 0.00184246 0.00017017 8.15907e-07 0.000683451 7.49501e-07 2.5876e-06 0.689769 0.00112149 9.96945e-10 3.61465e-05 
2.54466e-05 0.176815 0.00634268 0.041256 0.107368 0.000111547 0.00996324 6.69939e-07 0.0071114 2.29772e-06 0.0414056 6.92228e-06 0.0352309 0.000117498 0.000163809 0.556175 0.011332 1.99582e-07 0.00657241 
4.63816e-06 5.095e-08 3.08799e-07 0.000135166 0.00130343 0.000474356 7.69038e-10 4.00013e-09 0.000189434 7.3826e-05 0.000366738 7.66514e-07 0.00220971 0.00598372 4.05836e-05 0.985396 0.0029336 3.02624e-09 0.000887798 
4.31763e-05 0.0310151 2.81056e-07 0.112934 0.00701728 0.000349686 0.000449363 9.43833e-07 0.0088745 0.000548773 0.00533629 0.000202862 0.00655101 5.70128e-05 0.0190162 0.799507 0.00621995 6.21677e-08 0.0018765 
4.74545e-05 0.038218 1.83197e-07 0.100673 0.00837346 0.000336077 0.000472125 6.04433e-07 0.00942822 0.000639525 0.00527132 0.000258018 0.00560112 5.89239e-05 0.0158249 0.806576 0.00645635 4.1699e-08 0.00176526 
1.18253e-06 0.00536019 1.73711e-06 0.00857177 0.0046476 0.00312166 0.000990665 0.000223619 0.146633 0.0395039 0.0343073 8.05414e-06 0.0195611 8.40139e-07 5.2838e-05 0.564537 0.172363 4.91133e-09 0.00011427 
2.13858e-06 0.0491721 1.69638e-05 0.0735872 0.00557942 8.25889e-05 0.000766544 2.22552e-05 0.00755347 2.09531e-05 0.000326576 2.30357e-06 0.00464575 9.85686e-06 0.000116467 0.708848 0.149213 1.23302e-06 3.29472e-05 
2.30932e-07 2.65723e-10 4.50283e-09 5.03211e-10 1.17616e-08 1.1803e-05 1.32483e-09 6.89104e-09 5.66829e-06 1.67639e-05 8.01587e-05 3.15427e-09 1.15594e-09 4.99328e-06 2.58045e-06 0.999871 1.57168e-09 5.21331e-09 7.1414e-06 
4.24299e-06 0.217424 0.000242696 0.0119337 0.0024109 1.54123e-06 0.0763047 8.48669e-06 0.245499 6.42614e-05 0.0268145 0.000144461 0.0338826 2.51396e-05 0.000352334 0.383133 0.00172303 4.96049e-06 2.70089e-05 
0.00152871 0.0701416 0.00241092 8.04311e-07 0.163751 0.00586832 0.00932858 8.02811e-07 0.0809976 0.268207 0.0494683 0.00225114 0.00514742 8.03058e-07 8.04259e-07 0.280597 0.0176902 0.00682806 0.0357807 
3.58123e-06 0.113344 0.00230278 0.0469965 0.0213126 0.0136876 0.0487706 1.99815e-06 0.207348 0.0913323 0.0472445 0.000544279 0.0054887 2.09869e-07 3.93193e-05 0.314509 0.0866129 5.23593e-10 0.000461277 
8.70052e-06 0.0275391 1.24685e-05 0.0135985 0.0239832 0.00283558 0.000148663 3.59036e-07 0.118478 0.000305064 0.000120806 3.01906e-08 0.0291218 6.25528e-05 0.000689695 0.738197 0.0448657 1.34914e-07 3.23399e-05 
0.00990276 0.00948055 0.00022527 0.00124664 1.57738e-07 4.11005e-06 0.00126015 2.28094e-07 0.433437 0.0027153 0.00114677 6.46012e-05 0.00124844 2.20099e-10 8.6674e-08 0.534596 0.000422267 0.0042204 2.92389e-05 
9.86366e-09 1.12017e-05 5.90842e-06 4.35226e-09 5.7178e-09 2.43136e-08 2.15979e-05 5.96005e-08 5.20631e-06 1.09003e-05 2.88541e-09 2.72812e-08 9.99769e-09 5.0552e-08 6.26789e-09 0.999917 2.7671e-05 4.50899e-08 1.42543e-08 
8.12556e-06 0.0324363 7.99821e-05 0.363466 0.0237544 1.09946e-06 0.0976311 1.64351e-09 0.0025899 0.00306757 0.0533822 7.52293e-10 5.26513e-07 1.394e-09 0.000966912 0.422615 3.74846e-10 1.24338e-09 3.33855e-07 
0.00282986 0.171157 3.66806e-06 0.151849 0.152783 0.000533455 0.0334782 4.90607e-09 0.0474236 0.0169481 0.133595 0.000792126 0.0727915 0.00067985 0.0197824 0.186617 0.00558269 2.50963e-07 0.00315302 
2.7608e-05 0.052902 8.29916e-05 0.00918669 0.00675826 2.10934e-06 0.0105311 5.17068e-06 0.0202785 9.60989e-05 0.0282155 0.000284384 0.0101693 4.38567e-06 0.000210728 0.846397 0.0112236 3.9118e-06 0.00362091 
6.97054e-06 0.0525869 4.22085e-05 0.102172 0.0250193 0.000224235 0.000352607 3.64718e-08 0.103712 0.000315686 0.00655936 6.2821e-05 0.0866623 8.56509e-06 0.000644055 0.383583 0.237025 1.60547e-07 0.00102248 
0.000152811 0.0463014 0.000128439 0.00372621 0.00614982 0.000922056 0.00716861 0.00151102 0.0214673 0.0188307 0.0208666 1.70632e-05 0.00559959 0.00450755 0.00582544 0.842969 0.0105885 0.000478415 0.00278969 
5.82648e-10 0.168918 0.000816365 8.14617e-07 0.0378641 1.13357e-07 0.0650421 1.70494e-07 0.137184 0.0116801 0.105244 1.6115e-09 0.0238461 2.98611e-09 0.000176862 0.365331 0.0838876 2.66346e-09 7.95164e-06 
7.21889e-05 0.17156 0.00403239 0.171123 0.127242 0.000361899 0.0146386 0.00429796 0.015218 0.0172298 0.130434 0.000494817 0.0133076 4.56658e-05 0.037431 0.26811 0.00869124 7.05658e-06 0.0157032 
5.21938e-05 0.0231133 5.73711e-06 0.0113414 0.020558 0.000215961 0.00102165 6.49498e-10 0.0878268 0.0259939 0.0220143 2.97298e-10 0.0456412 4.1968e-07 0.000158668 0.724963 0.0347068 3.40546e-07 0.00238634 
0.000345899 0.106794 0.000278148 0.134367 0.0578168 0.00146166 0.00105154 0.00156403 0.0754496 0.0172763 0.0867386 0.00377635 0.18082 0.00632145 0.00981993 0.220044 0.0931789 4.96687e-06 0.00289063 
5.86516e-06 0.041956 0.000181151 0.00194378 0.0160553 0.000127044 0.0113402 1.05867e-09 0.0262186 0.00629961 0.182964 3.52364e-07 0.00692526 8.39249e-07 0.00370369 0.690147 0.00228954 2.99635e-07 0.00984186 
1.00492e-07 0.0227056 0.0019247 0.0083895 0.0137356 0.000703259 0.0133847 0.000781805 0.027852 0.000349841 0.0479845 2.27072e-05 0.000395883 9.23258e-05 5.3837e-05 0.808238 0.0530457 1.36025e-05 0.000325909 
6.56654e-08 0.108112 4.60596e-07 0.373654 0.049601 2.61349e-10 0.00877709 6.4065e-10 2.33136e-07 9.08416e-07 0.035284 2.93248e-10 1.07466e-10 5.43388e-10 3.54116e-06 0.424567 1.46117e-10 4.84675e-10 1.53221e-10 
3.38163e-05 0.00958491 1.70438e-08 0.141857 0.00337262 0.000408211 0.000352314 1.10178e-08 0.00132403 4.99374e-05 0.0051947 6.24135e-05 0.00486793 4.55022e-05 0.0179147 0.807215 0.00531824 8.37754e-09 0.00239877 
3.6396e-07 0.12018 2.52454e-08 0.0246994 0.001658 0.000182603 0.0368856 1.45871e-06 0.042919 1.40876e-05 0.0216163 1.10352e-05 0.00724837 1.86532e-06 1.18876e-05 0.691036 0.0521686 2.92288e-08 0.0013652 
0.00596109 0.0146465 0.00024584 0.0729182 0.0449232 0.00192283 0.00226784 1.02895e-05 0.144026 0.00760102 0.0332827 0.000828931 0.0138575 8.15175e-05 0.0161694 0.610036 0.0280798 0.000795622 0.0023455 
0.000866505 0.0415852 0.00074751 0.0334414 0.0395438 0.000411654 0.00102214 0.000773285 0.115108 0.00253773 0.0245021 0.00107626 0.0159879 0.0175912 0.00243101 0.677176 0.0160366 6.41246e-05 0.0090977 
7.65533e-05 0.0690169 0.00112761 0.180057 0.138355 5.16519e-05 0.0038277 2.20581e-07 0.234066 0.00469493 0.000742378 5.86648e-05 0.00215658 0.000213521 0.00142594 0.362031 0.00196467 9.73575e-05 3.64387e-05 
0.00027565 0.0148449 0.000557493 0.0434936 0.00529018 0.00273092 0.00831442 0.00281228 0.0268112 0.0298152 0.192021 0.000168071 0.00535226 0.004866 0.00777653 0.445913 0.00782171 0.000161714 0.200973 
1.98867e-08 0.00023733 0.0287224 0.00684394 7.95787e-07 0.000380891 2.8144e-06 1.6072e-07 0.0283435 9.49889e-07 0.00377034 3.2331e-10 0.0275146 5.99093e-10 1.93266e-05 0.865644 0.0385186 1.57343e-07 4.46119e-07 
2.7863e-06 0.0683569 1.2843e-05 0.0796302 0.363009 0.000148453 2.40734e-05 7.01257e-09 0.025839 0.00335189 0.0364408 0.000115768 0.00460832 0.000926759 2.39225e-05 0.411131 0.00613356 0.000120083 0.000124606 
3.20511e-07 0.0523653 1.26548e-06 0.0146993 0.0333489 7.9005e-07 0.00188255 0.000109966 0.00324875 0.00121593 0.229529 8.86478e-07 3.63894e-05 1.64264e-06 0.000189606 0.662445 0.000870822 1.46515e-06 5.21368e-05 
4.57501e-05 0.0382096 2.62169e-07 0.105116 0.00821812 0.00034024 0.000467939 8.80221e-07 0.00974258 0.000675868 0.00525442 0.00026165 0.00621928 5.78792e-05 0.0176912 0.799514 0.00639871 5.80367e-08 0.00178496 
2.60257e-08 0.0837439 4.45745e-06 0.0290871 0.00509482 1.09625e-08 0.000808652 0.000439652 0.0998384 0.000427022 0.0130173 0.000475197 0.00428269 4.70767e-05 0.000511976 0.755709 0.0015056 7.99987e-09 0.00500693 
5.01906e-06 0.0637592 0.000178282 0.0178803 0.007021 0.00113372 0.0290912 5.02517e-06 0.00175851 0.000320025 0.374131 5.91267e-05 0.00199629 2.54681e-08 0.0956053 0.404544 0.00201233 1.16582e-06 0.000498691 
2.97419e-05 0.0512266 0.000653012 0.0360213 0.0256529 5.25147e-05 0.000345862 2.25182e-07 0.118702 0.0678073 0.0119116 2.97083e-07 0.14016 2.38266e-06 3.43444e-10 0.536547 0.00869283 7.88804e-05 0.0021152 
0.000925851 0.046011 3.80057e-06 0.0356231 0.00143012 1.69534e-05 0.0244014 0.000640553 0.0482931 0.00951833 0.193704 4.28296e-05 0.0808435 3.72048e-07 2.72638e-05 0.497466 0.0571982 6.26466e-05 0.00379112 
0.00194361 0.276265 0.000589494 0.0999239 0.0342042 0.00221665 0.0142027 8.43026e-07 0.18963 0.0125098 0.0299332 0.0013579 0.0305224 0.00358019 0.000898703 0.288791 0.0106655 1.23019e-05 0.00275159 
5.14718e-07 0.124786 1.56973e-05 0.0129635 0.00623109 0.000500528 0.0183936 2.82187e-06 0.0690499 0.000425675 0.0336656 0.000220465 0.0537636 0.000121516 0.000125301 0.678084 0.00160569 1.75586e-07 4.43013e-05 
6.97223e-05 0.0936905 3.90377e-11 0.00858009 0.0227278 8.60952e-05 2.42723e-07 5.97424e-11 0.0149254 0.000281923 0.00258227 0.00115587 0.000392106 2.46589e-05 0.000447478 0.85039 0.00435525 4.51973e-11 0.000290256 
7.38871e-06 0.309534 1.00926e-06 0.0516766 0.000736742 6.89128e-05 0.00253547 6.7051e-08 0.011581 0.00014488 0.0228061 3.71316e-05 0.0108225 5.13795e-06 6.25049e-05 0.577722 0.0106573 5.24934e-07 0.00160108 
3.46907e-06 4.51429e-06 2.28509e-07 2.41847e-05 0.00617003 4.31972e-05 1.10756e-05 3.49355e-10 0.00707978 0.00681527 0.365564 1.59912e-10 1.9169e-05 0.00186895 4.13328e-06 0.612385 1.67407e-07 6.08153e-07 6.78462e-06 
6.37726e-05 0.0780074 8.67303e-05 0.0202182 0.00471611 0.000261355 0.00199703 8.66716e-08 0.0860528 0.0104516 0.00358227 0.00493682 0.00916053 1.67117e-06 1.06398e-05 0.596264 0.184184 3.59981e-06 7.91655e-07 
0.00010009 0.0273887 0.000596222 0.0472993 0.0447863 0.000538105 0.00147317 2.66062e-06 0.0812448 0.00258623 0.0238172 0.000314129 0.0181469 0.000768918 0.00178968 0.72976 0.0159913 9.3482e-05 0.00330274 
1.10265e-06 0.00287776 0.0030519 0.000778948 0.00294092 2.71801e-06 1.28093e-06 6.66271e-06 3.67553e-07 8.81386e-07 0.00141958 3.04976e-06 1.11764e-06 5.65119e-06 7.00685e-07 0.988899 1.51961e-06 5.04058e-06 1.59349e-06 
0.0107076 0.00853573 0.000886575 0.0130301 0.00509725 0.000835925 0.00295299 0.00543486 0.0556743 0.00532007 0.0082831 0.000104352 0.0185737 0.000139586 0.000225296 0.858359 0.00553996 1.39628e-06 0.000298587 
4.84729e-07 0.0230856 6.71776e-05 0.00805727 0.00761821 0.000606568 0.000677764 6.57316e-10 0.142166 0.00232362 0.0377389 3.00876e-10 0.0409091 1.07488e-07 0.000133498 0.725583 0.00964636 0.000580229 0.000806519 
0.000106412 0.0658034 0.00138531 0.00347467 0.000459289 0.000637886 0.0123866 6.96024e-05 0.0300292 0.000332917 0.00876755 0.000318006 0.00976556 2.88368e-07 2.29211e-10 0.844562 0.0216532 2.06151e-06 0.000245579 
0.00259439 0.103089 0.000153863 0.00506681 0.0685643 0.000353785 0.00452662 4.63119e-09 0.0936241 0.104039 0.147039 0.0931204 0.0273913 0.000596125 0.0177668 0.322368 0.00164436 2.28139e-08 0.00806161 
2.60496e-05 0.0881101 9.02348e-07 0.110643 0.11502 0.000207046 0.00342544 6.54938e-06 0.0255472 0.00671889 0.0613673 0.000690517 0.0220029 1.70573e-06 0.0673625 0.257182 0.240169 5.67474e-06 0.00151364 
0.000170643 0.0255815 0.00041192 0.0456727 0.0753888 0.00205581 0.00376615 0.0347666 0.0527713 0.0220961 0.0118534 0.00101311 0.0176708 1.12166e-05 0.0101679 0.666971 0.0116204 0.0137339 0.00427674 
0.00041444 0.123341 0.00172571 0.212395 0.085205 0.0157444 0.026332 1.85463e-06 0.0488795 0.00541102 0.145006 0.000625668 0.0311277 5.58375e-05 0.00953602 0.235263 0.0473687 5.51912e-05 0.0115117 
0.00196252 0.179175 0.0590058 0.111799 0.0551142 0.000655896 0.0184098 8.49805e-06 0.0769834 0.0196995 0.144252 0.00118367 0.00940791 0.00364964 0.0270681 0.257104 0.000620154 0.000360442 0.0335393 
