0.000124816 0.0559416 0.00158434 0.0277963 0.00951042 0.00139446 0.0074697 0.00136258 0.00775465 0.00844142 0.539265 0.0029892 0.0107278 0.000714827 0.0713818 0.02352 0.00331142 2.43086e-06 0.226707 
0.00238718 0.25674 0.00119073 0.200437 0.0513774 0.00153054 0.00979074 0.000374302 0.0630401 0.0466985 0.0570484 0.0144405 0.236011 0.00688693 0.012622 0.0233718 0.00606907 4.41825e-06 0.0099788 
0.367479 0.0173596 0.00276328 0.00851287 0.0028953 7.30485e-06 0.000467448 1.97483e-09 0.137825 0.0337558 0.00776684 0.413399 0.00658231 1.06985e-06 0.000140763 0.000728818 1.6621e-06 1.49403e-09 0.000313173 
0.000207588 0.00535575 0.000151844 0.0030956 0.0018303 8.5569e-06 0.00247037 7.80126e-10 0.0220274 0.461368 0.0104125 7.41432e-06 0.000205305 6.61688e-10 0.00109185 3.56678e-07 3.35139e-05 5.90193e-10 0.491733 
5.27692e-06 0.0164144 4.87014e-06 0.00585626 0.000331695 0.00098475 0.373207 1.48387e-08 0.534528 0.0352244 0.0259913 0.000204385 0.00116537 0.00315844 0.000218472 0.000733237 0.00177405 1.1226e-08 0.000197584 
3.57352e-05 0.0157876 4.41415e-06 0.497008 0.0240795 0.13612 0.00249479 1.18024e-06 0.0303528 0.0520013 0.0255923 0.00486541 0.056353 0.000173427 0.000117472 0.039809 0.000617808 2.82832e-07 0.114585 
1.22527e-06 0.47313 3.25701e-05 0.283816 0.0242279 1.26096e-06 0.012193 6.12118e-07 0.0248263 0.010241 0.0736075 0.0182666 0.000298007 2.29867e-06 0.0132078 0.0434403 0.000269494 4.36898e-07 0.0224381 
4.67978e-06 0.0051537 3.15118e-05 0.00929348 0.0544588 9.87822e-06 2.06147e-05 6.23005e-09 0.914465 0.000627192 0.00160908 4.51611e-05 9.81116e-05 3.73637e-05 1.20981e-07 0.0037788 0.010016 4.71325e-09 0.000349955 
1.22676e-05 0.73561 0.000314233 0.0206722 0.0335867 0.000333719 0.0229314 0.0032777 0.0184196 0.0280061 0.0976055 4.3397e-06 0.00924003 4.87908e-05 0.000749531 0.00882575 0.00897662 3.8069e-06 0.0113815 
1.54157e-07 0.628675 0.000176757 0.026587 0.0133566 4.22206e-05 0.0144916 4.25099e-06 0.055888 0.0598798 0.134454 3.74701e-05 0.00518352 8.5734e-08 0.0334689 0.00576707 0.00505161 2.06609e-08 0.0169363 
2.41855e-06 0.0970809 9.32917e-05 0.0792253 0.0028036 0.0013814 0.00878501 2.4361e-08 0.0148431 0.00321854 0.0693738 0.620156 0.000668852 3.92935e-05 0.00465292 0.0301014 6.32895e-05 2.68186e-09 0.0675105 
0.000530603 0.0763886 0.0326845 0.0269608 0.100959 0.00185531 0.0117767 2.3226e-08 0.210407 0.0456864 0.100367 0.0186659 0.0223555 1.88561e-05 0.0134824 0.012452 0.000148344 1.11969e-10 0.32526 
0.000437534 0.0926934 0.0120562 0.0765405 0.0385117 0.00136978 0.0258225 0.000221242 0.10062 0.208503 0.209512 0.0819722 0.0136245 2.43552e-07 0.00080275 0.0399264 0.0270855 1.79733e-09 0.0703 
2.41855e-06 0.0970809 9.32917e-05 0.0792253 0.0028036 0.0013814 0.00878501 2.4361e-08 0.0148431 0.00321854 0.0693738 0.620156 0.000668852 3.92935e-05 0.00465292 0.0301014 6.32895e-05 2.68186e-09 0.0675105 
6.78238e-06 0.111888 1.77553e-05 0.000561394 0.0227637 0.000189388 0.0143518 2.72579e-06 0.119761 0.653427 0.0399036 1.63261e-06 3.4702e-06 5.02197e-06 0.0220092 0.00637668 0.00616012 2.09554e-08 0.00257135 
0.0322025 0.491382 0.000258546 0.0401395 0.196589 3.83666e-07 0.00466469 7.83489e-10 0.11981 0.00986873 0.0289944 0.00428158 0.0187196 0.000158511 0.0148383 0.0243429 0.00457799 5.81038e-11 0.00917147 
0.000252574 0.0525666 0.00215626 0.0572279 0.0218769 0.00305546 0.0329921 0.00011015 0.0447929 0.0720301 0.592129 0.00111424 0.0128813 0.000118275 0.0269745 0.0135258 0.00172165 1.68672e-05 0.0644576 
6.60778e-06 0.0071622 0.000477921 0.0170421 0.00772727 0.000112724 0.916938 0.00566863 0.00233893 0.0142499 0.0183688 6.10179e-05 0.000477678 2.0689e-05 0.00120753 0.00121509 1.35859e-05 1.00991e-10 0.00691156 
2.45748e-05 0.23961 1.46882e-05 0.164119 0.0532949 0.000121585 0.0248056 0.00343324 0.30993 0.000136048 0.0635878 0.00050385 0.106748 4.40464e-05 0.00366875 0.020089 0.00685317 1.75504e-06 0.00301366 
9.49044e-08 0.203823 0.00457209 0.179122 0.0214149 0.00122755 1.84223e-06 2.46671e-10 0.0798516 0.0357118 0.337404 0.100617 0.0325371 2.09222e-10 9.60994e-08 1.60863e-06 2.46799e-07 1.86615e-10 0.00371476 
5.77454e-05 1.73084e-07 7.82576e-05 3.25806e-09 2.5869e-05 6.2213e-07 4.17509e-06 3.61294e-12 1.86326e-06 2.99237e-05 0.000305704 0.99917 3.90405e-06 1.65501e-09 0.000166485 5.43252e-06 1.39887e-07 2.73332e-12 0.000150032 
0.00320742 0.104238 0.000161103 0.0265983 0.00785194 0.000302215 0.0284731 0.0305111 0.135881 0.00618835 0.0475509 0.000930046 0.0450075 0.000611221 0.0181038 0.539992 0.00319323 7.21989e-07 0.00119678 
7.36931e-05 0.222381 0.000385202 0.0089288 0.0420917 0.00452767 0.032273 4.91056e-06 0.0331793 0.0394964 0.477208 0.0062298 0.0217879 1.0497e-06 0.104551 0.00450555 0.00029033 7.15141e-07 0.00208417 
0.0235126 0.0242461 0.0033406 0.0100891 0.00340855 0.000520706 0.000761819 1.9737e-06 0.320315 0.316429 0.00975075 0.00903525 0.051521 4.57846e-06 1.9799e-05 0.224228 0.00271625 1.39874e-06 9.6864e-05 
6.23371e-08 0.0475206 7.28945e-08 0.0364484 0.00179154 0.117892 0.0105923 1.66111e-08 0.0120036 0.00170378 0.194008 0.000254337 0.00253361 2.05949e-08 0.0874875 0.0054921 5.60785e-05 1.6952e-09 0.482216 
7.7545e-06 0.0736378 0.226724 0.0277515 0.00490803 0.00363723 0.159179 1.93104e-06 0.154419 0.114108 0.176171 0.000587186 0.028476 0.000180903 0.00826315 0.0175134 0.00350081 1.61217e-06 0.000931644 
0.000493682 0.208505 0.0012605 0.0094949 0.0649316 0.000983255 0.00741368 0.000301234 0.0553318 0.37654 0.189164 2.07838e-05 0.0137685 9.39225e-05 0.000373703 0.00194977 0.0646561 7.40191e-08 0.00471809 
2.64857e-07 0.052714 1.72224e-05 0.0112695 0.00589689 0.00228632 0.0488368 2.24831e-05 0.0311652 0.0337012 0.573731 5.52911e-07 0.0099267 3.35663e-08 0.00130507 0.224897 0.00407993 4.54631e-09 0.000149356 
1.30525e-05 0.184014 7.62465e-05 0.423285 0.166414 1.84482e-05 0.000330056 2.73075e-06 0.137975 0.0277108 0.0158236 0.00026175 0.00331149 6.41279e-06 0.0176604 0.00224117 2.78562e-05 1.35102e-06 0.020827 
2.25431e-05 0.0648551 4.94411e-06 0.0417728 0.00813683 0.000539651 0.000440781 0.00015491 0.330987 6.06484e-05 0.000311551 2.93638e-06 0.111078 2.38468e-05 0.0295068 0.402999 0.00888217 7.69745e-09 0.000221269 
2.88261e-06 0.0851752 1.83173e-06 0.00902936 0.019871 0.00409673 0.000941882 1.39241e-06 0.0211171 1.65399e-05 0.180959 2.88415e-06 0.00319623 2.59357e-07 0.361792 0.30303 0.00877779 9.2618e-09 0.00198829 
0.00709918 0.0946054 0.00472871 0.0156981 0.0371153 0.00383319 0.100158 0.00132724 0.203812 0.169604 0.10853 0.0541104 0.0281613 0.00623576 0.000134205 0.126752 0.0318024 2.28243e-06 0.00628929 
1.57981e-05 0.387436 3.07186e-05 0.439849 0.0381915 5.23527e-05 0.0087892 0.00153605 0.011871 0.0110632 0.040394 0.000515785 0.0104282 0.000122653 0.0240405 0.0192359 0.00184258 7.88108e-06 0.00457747 
0.00171161 0.0264566 0.0268789 0.0284889 0.0220951 0.00194248 0.00587908 1.36967e-07 0.626463 0.0498161 0.0798165 0.0512691 0.00642497 1.89172e-05 0.0441561 0.00840478 0.0166757 1.36501e-10 0.00350205 
1.84162e-05 0.515808 7.28893e-06 0.0939275 0.035981 0.000627833 0.0356946 1.03357e-07 0.129671 0.00759529 0.0411193 0.000869728 0.0391157 4.88276e-05 0.00583178 0.0800369 0.01286 5.16294e-11 0.000786722 
6.60778e-06 0.0071622 0.000477921 0.0170421 0.00772727 0.000112724 0.916938 0.00566863 0.00233893 0.0142499 0.0183688 6.10179e-05 0.000477678 2.0689e-05 0.00120753 0.00121509 1.35859e-05 1.00991e-10 0.00691156 
0.000204611 0.142557 2.28993e-05 0.177809 0.00868145 0.00377946 0.178921 0.000379961 0.19336 0.154042 0.0680862 0.00382174 0.0161696 0.000109989 0.000374322 0.0471734 0.000739881 5.87909e-06 0.00376078 
0.00154495 0.28618 0.00185658 0.366556 0.026198 0.000351821 0.0246457 0.000119654 0.0573168 0.0061227 0.0452745 0.00206852 0.0180216 0.000151396 0.0123021 0.0946176 0.0454078 1.7695e-05 0.0112463 
0.000221358 0.199994 2.33644e-07 0.39465 0.00242913 0.00124368 0.0130826 4.48206e-08 0.00895478 1.36329e-05 0.00983537 3.27906e-05 0.22338 1.70683e-08 0.00019948 0.138355 0.00692864 1.52241e-08 0.000677991 
5.27121e-07 0.473519 1.78088e-07 0.0654844 0.0131101 1.06275e-06 0.0974541 1.71616e-11 0.0108548 0.0147184 0.170259 1.07702e-05 1.2411e-07 5.49564e-08 0.00156242 3.60658e-08 1.18101e-07 1.29834e-11 0.153026 
4.39558e-05 0.0344016 0.000158388 0.00716293 0.0193179 3.44404e-05 0.02116 0.000847906 0.0140095 0.19955 0.608912 0.00153336 0.000493301 0.030801 0.00503967 0.0410546 0.00011111 1.88442e-06 0.0153664 
3.40281e-05 0.103835 0.00195959 0.00932227 0.0464598 4.23026e-06 0.0444338 2.04537e-09 0.059887 0.348314 0.306661 0.000452291 0.000440016 7.0245e-06 0.0657367 4.12467e-05 0.000217182 1.5474e-09 0.0121953 
0.000238085 0.0719827 0.000233642 0.0639497 0.00830333 0.000989538 0.100851 0.0100404 0.0322029 0.0192518 0.637487 0.0104939 0.00381989 0.000403217 0.000122676 0.0201116 0.00229105 1.90947e-06 0.0172261 
8.8849e-07 0.0958011 0.000197354 0.00819021 0.000295845 0.435589 0.0405927 0.00316746 0.373298 0.00522364 0.00190697 4.86827e-05 0.00348984 0.00445424 2.17636e-06 0.0223192 0.00529082 5.80654e-08 0.000131158 
4.43105e-05 0.070859 0.000566678 0.0329656 0.00979275 0.00045175 0.0438643 3.14895e-05 0.0114399 0.00286091 0.47538 0.00171363 0.0166053 5.7024e-05 0.251149 0.00462618 0.00786661 8.02471e-07 0.0697247 
3.71743e-05 0.509419 0.000374643 0.0139573 0.0209406 0.00489009 0.0319332 2.03191e-08 0.250758 0.040247 0.0267725 0.000310537 0.0119645 2.53426e-05 0.00723969 0.00347322 0.069043 3.50352e-09 0.00861405 
9.49044e-08 0.203823 0.00457209 0.179122 0.0214149 0.00122755 1.84223e-06 2.46671e-10 0.0798516 0.0357118 0.337404 0.100617 0.0325371 2.09222e-10 9.60994e-08 1.60863e-06 2.46799e-07 1.86615e-10 0.00371476 
3.2538e-05 0.126728 0.000184735 0.0339631 0.0338111 0.00180882 0.0284523 0.0064939 0.544415 0.0212052 0.139734 0.000202916 0.0111426 7.72707e-06 0.00164589 0.0360406 0.010663 8.58487e-08 0.00346945 
0.0114274 0.243299 0.00325228 0.053149 0.0245758 0.00204566 0.00614808 5.10999e-05 0.456447 0.0121167 0.0180598 0.00136744 0.0629083 0.00019789 0.0147675 0.0452201 0.0398172 3.54608e-06 0.00514679 
0.000139289 0.0815913 1.30576e-05 0.000133787 0.0118927 0.00044405 0.0813881 7.12326e-08 0.00986 0.00417438 0.714014 0.0253337 0.00220459 5.70208e-06 0.0624476 0.000258874 0.00286963 6.34088e-08 0.00322897 
2.41855e-06 0.0970809 9.32917e-05 0.0792253 0.0028036 0.0013814 0.00878501 2.4361e-08 0.0148431 0.00321854 0.0693738 0.620156 0.000668852 3.92935e-05 0.00465292 0.0301014 6.32895e-05 2.68186e-09 0.0675105 
0.00286332 0.293116 0.00104682 0.0847858 0.032042 0.000869891 0.00713383 0.001325 0.23206 0.00129887 0.0243055 0.00442846 0.178382 0.000169044 0.00936022 0.118658 0.00764992 1.39472e-06 0.000504138 
0.351716 0.0222251 0.357899 0.00206834 0.0111303 0.000100434 0.00275572 3.00196e-11 0.0388415 0.0373917 0.0435861 0.0935155 0.015402 1.79722e-08 0.0203197 0.000166841 0.000408256 2.27109e-11 0.00247406 
0.000158183 0.358023 0.00492396 0.0819345 0.0356477 8.89823e-05 0.0492129 2.36133e-05 0.21607 0.0187117 0.031097 0.0232254 0.11477 9.8988e-05 0.00663984 0.0570878 0.00103825 7.54703e-07 0.00124799 
0.000180543 0.0918827 0.00136243 0.0182998 0.0127566 0.00987148 0.0775978 5.97241e-05 0.0219724 0.388537 0.242517 2.50403e-05 0.048568 1.97479e-05 0.0107401 0.051907 0.000206443 2.88422e-06 0.0234932 
0.0171789 0.0778349 0.00229721 0.0532363 0.0333465 0.0032289 0.0320778 0.00187894 0.630152 0.0303422 0.0434792 0.00450065 0.0241526 0.0118094 0.0107897 0.012984 0.00908375 2.33482e-06 0.00162473 
0.0256932 0.0521206 7.47019e-05 0.287374 0.0131354 0.000306871 0.106281 5.87833e-05 0.0394037 0.0478318 0.124667 0.0142288 0.257646 2.01088e-05 0.00554851 0.0217732 0.00136631 7.51181e-06 0.0024626 
0.00144533 0.111026 0.00029581 0.0777064 0.0223007 0.0230676 0.0242562 0.00214495 0.0294836 0.0373844 0.257228 0.00883525 0.00903381 0.00347217 0.0580949 0.0152258 0.0016489 3.04207e-05 0.31732 
0.000265727 0.21619 0.000656521 0.369748 0.056057 0.000439736 0.0193406 1.27063e-06 0.0321054 0.0116906 0.150501 4.49451e-05 0.0520492 0.0523335 0.0215398 0.0028819 0.00780521 7.71347e-07 0.00634781 
4.85631e-05 0.19528 8.96942e-05 0.14033 0.0353486 0.00296314 0.0383957 4.19234e-05 0.0257324 0.0301768 0.211733 0.00102196 0.00136936 0.186346 0.0185948 0.110908 0.000487931 6.53901e-06 0.00112442 
3.54518e-06 0.22982 0.000111308 0.553864 0.0285908 0.00101225 0.00433779 6.79896e-07 0.0632994 0.0230766 0.0192484 0.000185327 0.0156338 1.05632e-05 0.0161846 0.0343976 0.00457143 3.80058e-09 0.00565223 
0.282346 0.0326839 0.00142167 0.37974 0.0335742 3.73866e-05 0.000975817 1.04107e-08 0.113804 0.0366629 0.0296753 0.0432957 0.0214715 1.4727e-06 0.000671865 0.00161554 0.000109729 7.87605e-09 0.0219127 
0.000310029 0.0283195 2.6121e-05 0.004251 0.0390367 0.0694488 0.00323963 3.34339e-05 0.115683 0.222869 0.0958454 8.0862e-06 0.00651467 2.04554e-06 0.000378191 0.223963 0.190062 1.42911e-08 1.01707e-05 
9.79533e-06 0.104537 1.09596e-06 0.0104149 0.137478 3.11184e-06 7.90917e-05 1.63189e-11 0.739233 7.24292e-05 0.00247161 1.54872e-05 0.00464351 1.38413e-11 0.000651522 6.13074e-05 0.000294625 1.23458e-11 3.33113e-05 
0.000260477 0.0867783 0.0018957 0.0383287 0.016581 0.0118714 0.0264408 0.000660048 0.0417011 0.03518 0.579618 0.00172427 0.0449639 0.0245624 0.0243958 0.0360158 0.000887787 1.12656e-06 0.028133 
9.24007e-05 0.056752 0.000660903 0.0243461 0.00508113 0.00420256 0.106047 3.73437e-06 0.0161048 0.0275089 0.651016 0.00116234 0.0217314 0.000120208 0.0374617 0.0225201 0.00123158 3.50272e-06 0.0239538 
5.10747e-05 0.28894 0.000356178 0.0933491 0.0185157 0.00051224 0.00859505 5.74731e-08 0.399246 0.00528549 0.00708637 0.00432956 0.0241749 0.000372237 0.000410118 0.122759 0.0246124 3.58636e-08 0.00140487 
0.00035198 0.0594703 0.000664403 0.00154463 0.0112949 0.00385393 0.0048727 0.0453138 0.0766558 0.665335 0.0903001 0.000662816 0.00202008 0.00487518 0.00638547 0.0127013 0.0134576 3.49936e-05 0.000205345 
0.000456832 0.232789 0.000378316 0.282112 0.043823 0.000868403 0.0429683 4.53771e-08 0.0451617 0.0286572 0.0488153 0.000218024 0.25774 0.00017375 0.000535994 0.00526976 0.000418634 7.26633e-09 0.00961476 
2.59007e-06 0.189946 6.45275e-07 0.00233241 0.0898559 0.0293194 0.0293906 5.75581e-05 0.113893 0.113602 0.209872 2.11251e-07 0.013537 1.17218e-06 0.000532637 0.172332 0.0351534 5.62675e-08 0.000170578 
6.93449e-07 0.539615 2.69051e-07 0.0704306 0.136896 1.34095e-06 0.0129628 1.28191e-05 0.0812296 0.0303194 0.0329788 0.000106996 0.0668204 6.14598e-05 0.000225349 0.0163647 0.0114284 3.45503e-08 0.000545197 
0.00194306 0.365824 0.000826902 0.0978074 0.0638921 0.00043748 0.005924 0.000100105 0.201931 0.0108913 0.0283286 0.00226052 0.0931816 0.000668041 0.00877438 0.03156 0.0821241 1.26932e-05 0.0035121 
0.00390648 0.351268 0.0052496 0.159814 0.123682 0.00203182 0.0540809 0.000618715 0.0921124 0.0493367 0.064194 0.00219042 0.0197968 0.000419151 0.014995 0.0371856 0.0066536 9.18319e-05 0.0123729 
0.000111394 0.0888987 4.07362e-08 0.253764 0.00541274 0.000118191 0.256612 6.23522e-10 0.0792579 0.00880097 0.0796368 0.000109182 0.0073833 1.59187e-05 5.99217e-05 0.197071 0.00815512 4.71717e-10 0.0145927 
7.70427e-09 0.0381203 0.000110501 0.00137845 0.0021188 1.41588e-05 8.60958e-05 1.31544e-11 0.0236996 8.90097e-05 0.0196981 1.43337e-06 9.5004e-05 9.29331e-10 0.913914 0.000617392 1.47366e-05 9.95177e-12 4.23285e-05 
2.41855e-06 0.0970809 9.32917e-05 0.0792253 0.0028036 0.0013814 0.00878501 2.4361e-08 0.0148431 0.00321854 0.0693738 0.620156 0.000668852 3.92935e-05 0.00465292 0.0301014 6.32895e-05 2.68186e-09 0.0675105 
0.000221508 0.1083 0.00227104 0.385716 0.00894365 1.21297e-05 0.000808878 2.39548e-05 0.164959 0.000952627 0.0349963 0.0214883 0.13979 1.10321e-05 0.000913135 0.0331887 0.0105091 6.74794e-06 0.0868878 
2.41855e-06 0.0970809 9.32917e-05 0.0792253 0.0028036 0.0013814 0.00878501 2.4361e-08 0.0148431 0.00321854 0.0693738 0.620156 0.000668852 3.92935e-05 0.00465292 0.0301014 6.32895e-05 2.68186e-09 0.0675105 
6.26626e-08 0.13999 6.24237e-06 0.0222075 0.0217681 0.00203853 0.0664891 5.91525e-11 0.0193019 0.181124 0.522442 0.000278319 7.046e-08 5.0172e-11 0.0118186 0.00332762 0.000481802 4.47509e-11 0.00872589 
0.00124373 0.130744 0.000419704 0.174277 0.349823 0.00097922 0.00152095 0.000477248 0.0684212 0.0115492 0.0193315 0.00215352 0.0735927 0.00147568 0.0110591 0.0752811 0.0721852 8.65099e-06 0.00545715 
0.0516016 0.00762212 0.000963984 0.00159272 0.00989914 0.00435208 0.00021086 0.004055 0.0190729 0.00748111 0.00466363 0.877601 0.00746177 3.57931e-05 0.00297643 0.000142016 4.8882e-05 3.70682e-08 0.000219133 
0.00206253 0.0581009 0.0124836 0.00176871 0.00827229 0.000990972 0.042578 0.00639635 0.0464951 0.743382 0.0427611 0.0308205 0.00160175 0.000161016 0.000501002 0.000657394 0.000831697 1.42638e-05 0.000120445 
1.28225e-07 0.0310904 0.00122221 0.220523 0.00254787 0.00480723 0.639232 2.2764e-08 0.0049857 0.0246767 0.0217693 1.14146e-06 0.00018503 1.9308e-08 0.00199599 4.66632e-06 5.78788e-06 1.72218e-08 0.0469533 
0.000175829 0.242289 0.000847467 0.0870535 0.0124686 0.00103755 0.209065 8.41755e-06 0.261147 0.0291515 0.10245 0.00210385 0.021432 0.000363031 0.00514912 0.0202577 0.00150098 3.45604e-06 0.00349674 
4.75251e-06 0.0150985 0.000274414 0.0123516 0.0272494 0.00206673 0.288785 3.44941e-08 0.0192461 0.0220715 0.396431 0.000597042 0.00456138 0.00045126 0.193608 0.00438271 1.36897e-06 5.00242e-11 0.0128188 
1.8656e-05 0.46451 7.45374e-05 0.0642977 0.000940455 0.000187338 0.0535782 2.14727e-08 0.00399155 0.174804 0.0908613 0.00561084 0.133126 1.58507e-05 0.000133932 0.00369488 0.000948313 1.62449e-08 0.00320699 
8.92579e-09 1.29031e-06 1.38489e-08 1.04009e-07 6.4194e-06 0.000159833 7.28841e-07 6.25968e-11 1.17319e-06 9.9517e-07 0.0047942 4.54897e-08 5.35969e-07 6.08209e-05 0.000398291 0.993044 2.55933e-07 4.73567e-11 0.00153164 
0.000390039 0.275304 0.00650577 0.0188659 0.125078 0.000371992 0.0749078 1.05345e-07 0.0355933 0.0547203 0.241334 0.00122765 0.00572422 6.2672e-05 0.129776 0.00961633 0.00205223 3.77647e-10 0.0184695 
0.000855686 0.0511768 0.00111263 0.0225756 0.0228523 0.00321017 0.0733553 0.00143062 0.028019 0.0234553 0.630341 0.00115289 0.0281798 0.000873022 0.0668509 0.0192341 0.00555993 2.92122e-05 0.0197353 
0.0570055 0.0954498 0.101282 0.0407104 0.0299304 0.0199125 0.0711042 0.00196351 0.224152 0.0768928 0.156356 0.0172485 0.0466272 0.000854812 0.0247636 0.0111503 0.00328088 0.000153892 0.0211616 
0.000135119 0.0427829 0.00101542 0.21073 0.0637104 0.0133096 0.00953366 0.000112875 0.0563976 0.0125349 0.11203 0.000420883 0.0180485 2.28351e-05 0.341647 0.0177824 0.0985552 1.19122e-05 0.0012195 
4.46747e-05 0.0314182 0.00221163 0.00832117 0.0064369 0.000293857 0.0169076 0.000376891 0.025076 0.0427524 0.474237 2.96372e-05 0.0051973 5.3048e-05 0.00100404 0.38474 5.54448e-07 5.31112e-09 0.000899307 
1.66697e-05 0.14261 0.000174626 0.638186 0.0279892 0.00266482 0.00758493 5.49429e-06 0.041124 0.00256167 0.043765 0.00116566 0.0200613 0.00055101 0.00354722 0.0634846 0.00416779 5.01339e-06 0.000335146 
0.0241952 0.0831159 0.00219097 0.0389345 0.0419866 0.00534001 0.00149008 6.12391e-06 0.732953 0.00540795 0.012693 0.00476853 0.0194984 0.00193483 0.00594195 0.0166629 0.00151874 2.05993e-06 0.00135906 
6.94944e-07 0.312464 4.96841e-07 0.00240872 0.0133868 0.000320133 0.0266442 0.0339878 0.184768 0.0281585 0.0266878 0.000129358 0.277011 3.96305e-08 0.00398675 0.0691829 0.0204641 5.87413e-09 0.000399424 
0.000327046 0.196363 7.61595e-05 0.0964767 0.0505356 0.00107684 0.0271342 7.88837e-07 0.0816266 0.0315808 0.266585 0.00146482 0.017816 3.19882e-05 0.0453139 0.106738 0.052524 1.16152e-07 0.0243285 
7.492e-05 0.155391 0.00155494 0.265063 0.0354721 0.000201599 0.00658951 0.00022063 0.0883314 0.101106 0.191187 2.39927e-05 0.0156144 0.0455535 0.0721028 0.0022065 0.00316909 2.51793e-07 0.016138 
0.00918239 0.286873 0.0997942 0.0930684 0.0144005 0.000109135 0.0124001 9.03722e-06 0.265411 0.0280098 0.0597779 0.0567104 0.0223419 0.00216633 0.029206 0.0165932 0.00124801 2.03872e-06 0.00269715 
0.000434655 0.0530662 0.000180685 0.0212744 0.00454122 0.00119115 0.788072 0.038458 0.00121565 0.0161927 0.0423196 0.000144528 0.00032446 3.57991e-10 0.0200976 0.000456928 0.000635404 3.1931e-10 0.0113951 
4.33391e-05 0.397954 0.000143398 0.0530283 0.220236 7.87191e-05 0.0659059 7.40267e-06 0.035767 0.021397 0.105621 0.000371711 0.0228358 0.000288538 0.0258692 0.0262404 0.00990459 3.28614e-06 0.0143041 
5.67222e-05 0.0115316 4.45173e-05 0.00542459 0.0329015 0.000185148 0.00642936 2.38373e-10 0.0126453 0.0249165 0.0144227 0.00231086 0.0128098 0.800733 0.00048164 0.0579444 0.0162599 1.80338e-10 0.000902124 
6.25232e-07 0.636186 2.32622e-06 0.0513213 0.274538 2.04225e-05 0.00407996 1.68185e-09 0.00469016 0.00159973 0.00305997 0.000151078 0.00436915 3.0516e-08 0.000116956 0.0156209 0.00424316 2.64966e-11 6.55264e-08 
2.81103e-05 0.374755 0.000489095 0.109498 0.0265233 3.20953e-05 0.0363743 1.4071e-12 0.0169717 0.00219923 0.417407 3.71158e-05 0.00741199 1.19347e-12 0.00169741 9.81079e-08 0.00028484 1.06452e-12 0.0062902 
0.0492157 0.140391 6.44443e-05 0.512034 0.00552759 0.000215059 0.0407679 4.5558e-05 0.0051989 0.000897239 0.0338603 0.000667272 0.167553 1.60579e-07 1.75843e-05 0.0391101 0.000908651 5.91945e-08 0.00352572 
9.05347e-10 0.710369 5.00522e-05 0.00378504 0.0740262 7.44069e-10 0.00236226 6.75287e-13 0.19301 0.0014282 0.0117922 4.67455e-05 0.000957374 5.72765e-13 0.00061407 2.42288e-09 0.00079408 5.10878e-13 0.000764626 
0.000230434 0.137117 1.0814e-07 0.0695925 0.0325454 0.000136509 0.113672 1.00111e-06 0.16315 0.0373454 0.0719813 1.24558e-05 0.0865441 1.10759e-05 0.000185953 0.271569 0.00613361 2.38819e-10 0.0097731 
0.00109 0.469286 0.00251462 0.222043 0.0405099 0.000211124 0.0307303 2.69781e-05 0.045172 0.0270481 0.0502266 0.000884879 0.0258683 1.21974e-05 0.024868 0.0309086 0.00860423 4.87206e-06 0.0199899 
0.000190157 0.230414 0.000236254 0.0180416 0.298747 0.00232436 0.00124666 4.72843e-06 0.0567731 0.0218871 0.0558954 0.00142723 0.164976 5.61143e-05 0.0212298 0.10684 0.0140809 1.64321e-06 0.00562827 
6.20849e-05 0.130865 0.000454392 0.020519 0.0217557 0.00405088 0.0412152 0.000100904 0.093346 0.351202 0.142301 0.000547661 0.0778962 0.000977494 0.00473005 0.103223 0.0028626 6.72975e-06 0.00388373 
0.0516016 0.00762212 0.000963984 0.00159272 0.00989914 0.00435208 0.00021086 0.004055 0.0190729 0.00748111 0.00466363 0.877601 0.00746177 3.57931e-05 0.00297643 0.000142016 4.8882e-05 3.70682e-08 0.000219133 
0.000115049 0.37003 0.000481578 0.0110424 0.0851668 0.0019522 0.00674246 1.56994e-07 0.223331 0.0527904 0.0438008 0.00573883 0.0125468 5.55345e-06 0.0391596 0.133468 0.00617307 3.27749e-08 0.00745494 
0.000293773 0.55848 0.00555672 0.0926207 0.0342031 0.00077129 0.0429298 0.00281799 0.0654096 0.0400153 0.0797036 0.00714167 0.0330245 0.00229717 0.00767972 0.0208946 0.00466146 7.2904e-05 0.0014261 
1.60227e-05 0.00681014 0.00490912 0.000194513 6.43968e-05 0.0121842 0.000626403 4.076e-07 0.0400613 0.870086 0.0624403 1.85739e-05 0.00174459 3.45719e-07 0.000253692 0.000152043 0.000309764 3.08364e-07 0.000127875 
3.3101e-06 0.193715 2.87337e-06 0.131263 0.000252899 8.6003e-05 0.0866334 4.01176e-08 0.011247 8.11562e-05 0.0724834 0.021046 0.0584944 5.13884e-06 0.00227742 0.398315 0.024026 3.03504e-08 6.83585e-05 
0.041595 0.0888776 0.00424585 0.185468 0.131961 0.0039797 0.00875614 0.00414753 0.130598 0.0144023 0.0332847 0.194078 0.139277 0.000336279 0.00493919 0.0122056 0.000996346 6.48446e-06 0.000844322 
0.000634125 0.0433705 0.000924154 0.0117525 0.0148582 0.0307682 0.014161 0.000110716 0.0515992 0.613608 0.127112 0.00722003 0.000657461 0.00530656 0.00360052 0.066364 0.00369845 2.84539e-07 0.00425454 
6.60778e-06 0.0071622 0.000477921 0.0170421 0.00772727 0.000112724 0.916938 0.00566863 0.00233893 0.0142499 0.0183688 6.10179e-05 0.000477678 2.0689e-05 0.00120753 0.00121509 1.35859e-05 1.00991e-10 0.00691156 
6.09456e-08 0.032884 1.00589e-05 0.00902469 0.000304262 2.45366e-05 0.00624584 5.38299e-07 0.0109607 0.000226927 0.527451 0.00572122 0.00247784 1.77137e-07 0.0247331 0.0217812 0.00172052 1.78407e-08 0.356433 
0.000466283 0.0221451 0.0157042 0.00569712 0.00549524 0.000984825 0.00737648 0.000147006 0.285755 0.596015 0.0270134 0.000218594 0.00240185 0.000252129 0.000269983 0.00507362 0.0249423 2.2935e-06 3.91063e-05 
0.0753727 0.0627459 0.00143884 0.0598152 0.0200443 0.000815643 0.00490788 3.00179e-05 0.644516 0.0144123 0.00265606 0.000951678 0.0404839 0.00129564 0.00752183 0.0553031 0.00564314 1.04496e-05 0.00203486 
1.38952e-06 0.0546212 0.00443785 0.00516776 0.0506288 0.0106566 0.00452569 3.0578e-07 0.0435412 0.000221845 0.232305 3.06097e-05 0.0130505 1.46622e-08 0.0207376 0.543127 0.0147168 1.3078e-08 0.00223026 
0.000619047 0.209619 0.000275462 0.077682 0.0197374 0.00151164 0.0122174 7.89559e-05 0.0941378 0.0112939 0.100712 0.00279764 0.424017 4.89436e-05 0.0102051 0.0233923 0.005231 8.52758e-06 0.00641516 
4.7149e-05 0.13857 0.00549634 0.0519791 0.0193851 0.00115907 0.0723635 6.46263e-05 0.053898 0.0340081 0.516017 0.000600696 0.0154791 4.25849e-05 0.0335053 0.0149843 0.00399998 2.88802e-05 0.0383717 
0.0516016 0.00762212 0.000963984 0.00159272 0.00989914 0.00435208 0.00021086 0.004055 0.0190729 0.00748111 0.00466363 0.877601 0.00746177 3.57931e-05 0.00297643 0.000142016 4.8882e-05 3.70682e-08 0.000219133 
0.333689 0.050557 0.00613468 0.0684015 0.04037 0.000155936 0.000608344 4.84531e-07 0.131353 0.0812371 0.00867023 0.0654401 0.163992 4.16485e-07 4.30606e-06 0.0392719 0.00988049 3.23614e-07 0.000233315 
1.54484e-06 0.128156 2.59161e-07 0.574135 0.0109654 1.57203e-05 0.0139697 5.50667e-07 0.0427734 0.000143856 0.0408469 0.00148425 0.00204134 0.000139514 1.73172e-05 0.185306 2.38558e-06 5.45111e-10 1.04464e-06 
0.00028583 0.128263 0.000325237 0.122532 0.17579 0.00208311 0.0296213 8.15815e-06 0.0231874 0.0268273 0.316205 0.00559395 0.0104009 0.00404084 0.00275616 0.0587823 0.040587 3.22747e-06 0.0527071 
2.36711e-08 0.221951 2.16339e-08 0.0101144 0.661263 0.00133559 1.06387e-07 6.24563e-12 0.0500796 2.33e-08 2.42468e-07 2.05267e-07 2.64434e-07 5.29742e-12 0.055255 9.13923e-08 2.17519e-07 4.72504e-12 9.71077e-09 
2.41855e-06 0.0970809 9.32917e-05 0.0792253 0.0028036 0.0013814 0.00878501 2.4361e-08 0.0148431 0.00321854 0.0693738 0.620156 0.000668852 3.92935e-05 0.00465292 0.0301014 6.32895e-05 2.68186e-09 0.0675105 
0.000110624 0.483056 0.000242804 0.0693204 0.0123646 0.00241832 0.122456 1.15918e-05 0.120451 0.0324976 0.0692175 8.14199e-05 0.0249706 4.8835e-05 0.0254441 0.0269333 0.00471191 7.63755e-06 0.00565683 
1.63183e-05 0.419784 1.83924e-05 0.403072 0.0171384 0.000575024 0.00111414 6.76328e-07 0.00765388 0.0923862 0.0242572 0.000385192 0.0163226 9.29372e-06 0.001248 0.0015405 0.000116795 5.12514e-09 0.014361 
0.0160835 0.339046 0.000313226 0.049236 0.422305 0.00164148 0.00141722 2.03418e-07 0.0461637 0.00589579 0.0261503 0.00314063 0.0233106 0.000187156 0.0324695 0.0198424 0.0115198 4.56797e-09 0.00127737 
7.76931e-08 0.167278 5.53729e-05 0.00972752 0.0267282 0.000184457 0.00858315 2.15388e-11 0.752445 0.0204862 0.00540524 0.000492815 0.00313117 1.7203e-05 0.000519791 0.0035229 0.00125443 1.62949e-11 0.000168663 
0.00254007 0.113527 0.00520835 0.0731115 0.115671 0.000558328 0.00412362 0.000356128 0.295293 0.0514244 0.0657949 0.00973624 0.1507 0.010926 0.00112526 0.0455313 0.0228382 2.40812e-05 0.0315113 
0.250278 0.0273919 0.0141043 0.080526 0.0314488 0.00153732 0.000977873 1.92111e-08 0.272522 0.125689 0.0451125 0.0353419 0.0182154 0.000627135 0.0396513 0.00492506 0.0101223 3.70387e-11 0.0415294 
1.35737e-07 0.0410161 1.26685e-05 0.00071515 0.00977027 0.000601499 0.00263639 4.16347e-07 0.39897 0.536085 0.00919267 5.32099e-06 0.000165313 2.10702e-07 0.000164831 1.56915e-05 0.000185486 6.69399e-08 0.00046327 
2.41855e-06 0.0970809 9.32917e-05 0.0792253 0.0028036 0.0013814 0.00878501 2.4361e-08 0.0148431 0.00321854 0.0693738 0.620156 0.000668852 3.92935e-05 0.00465292 0.0301014 6.32895e-05 2.68186e-09 0.0675105 
2.92654e-05 0.251431 2.51148e-05 0.119 0.00176756 0.00170937 0.204051 2.51983e-08 0.0366299 0.00175442 0.283224 0.000900018 0.0359687 0.000272421 0.0046493 0.013432 4.85606e-08 3.94918e-10 0.0451563 
0.00909551 0.0856474 0.022037 0.0340446 0.174131 0.00475835 0.0136471 8.41852e-08 0.178667 0.0199967 0.0942666 0.0310989 0.28661 0.000232378 0.000331012 0.0421309 0.00143558 6.56839e-08 0.00187082 
0.00517327 0.0729286 0.0567125 0.0476568 0.157715 0.00288476 0.0172034 0.000255323 0.196541 0.118747 0.142859 0.0133538 0.0492512 0.00108265 0.00550426 0.0532709 0.00687101 0.000144475 0.0518455 
5.77454e-05 1.73084e-07 7.82576e-05 3.25806e-09 2.5869e-05 6.2213e-07 4.17509e-06 3.61294e-12 1.86326e-06 2.99237e-05 0.000305704 0.99917 3.90405e-06 1.65501e-09 0.000166485 5.43252e-06 1.39887e-07 2.73332e-12 0.000150032 
0.000616546 0.154523 0.0195598 0.13751 0.0661586 0.000901499 0.0562639 0.00217056 0.0382913 0.388948 0.0552626 0.0291726 0.0276292 5.77136e-05 0.0115391 0.00132851 0.00421177 2.39949e-05 0.00582996 
0.000103914 0.0596858 0.00127314 0.0743447 0.00879552 0.0108642 0.174534 0.000421724 0.0196969 0.0163012 0.495792 0.00162091 0.0193628 4.69071e-05 0.0251345 0.0127063 0.00152027 6.04952e-06 0.0777893 
0.00660514 0.276977 3.58232e-05 0.120787 0.0835971 0.000720393 0.0302174 0.000189516 0.138316 0.032005 0.062637 0.0101488 0.0184062 0.000959003 0.0124842 0.0889481 0.116551 4.60457e-06 0.000410412 
0.000131931 0.0520772 0.000211308 0.548195 0.0654408 0.018015 0.0317131 0.00306089 0.0825908 0.104542 0.0640787 0.000585117 0.00335702 2.95177e-05 0.000972985 0.0230879 5.09019e-05 9.86155e-06 0.00185047 
0.000180304 0.546975 6.36965e-05 0.212403 0.144702 1.49591e-08 3.75935e-08 6.78939e-12 0.0313202 0.00747013 0.0125564 3.97822e-08 0.0202683 5.75863e-12 0.00839312 1.10074e-07 0.0133991 5.13642e-12 0.00226779 
7.92764e-05 0.367423 0.000795921 0.166142 0.0669068 5.25472e-05 0.00392742 4.28824e-05 0.279661 0.01296 0.0221605 0.000941086 0.0230225 5.1188e-05 0.0101135 0.00934877 0.035673 8.05533e-06 0.000690635 
0.0079617 0.0359612 3.33964e-05 0.0825928 0.00718784 0.0578074 0.0383119 0.00304046 0.0438843 0.150183 0.495662 0.000196698 0.0188113 1.07819e-05 0.00924774 0.0295551 0.00633202 9.11032e-06 0.013211 
0.351716 0.0222251 0.357899 0.00206834 0.0111303 0.000100434 0.00275572 3.00196e-11 0.0388415 0.0373917 0.0435861 0.0935155 0.015402 1.79722e-08 0.0203197 0.000166841 0.000408256 2.27109e-11 0.00247406 
2.41855e-06 0.0970809 9.32917e-05 0.0792253 0.0028036 0.0013814 0.00878501 2.4361e-08 0.0148431 0.00321854 0.0693738 0.620156 0.000668852 3.92935e-05 0.00465292 0.0301014 6.32895e-05 2.68186e-09 0.0675105 
0.000130814 0.0615621 0.0057815 0.0346158 0.0116911 0.00233534 0.0417153 0.000698392 0.015261 0.0119584 0.594596 0.00133216 0.00583264 0.000144029 0.102905 0.00904567 0.00432603 3.75473e-05 0.0960313 
0.00157705 0.0776482 0.000117564 0.0557555 0.000801127 0.000873849 0.0343688 2.99601e-06 0.0122917 0.347459 0.400843 0.000104446 0.011702 0.00023832 0.0041263 0.0453039 0.00373138 1.97304e-06 0.00305326 
0.000185438 0.25395 7.58808e-05 0.284843 0.0137454 0.000114971 0.0160121 2.73606e-12 0.0120862 0.000855377 0.0147329 0.000199548 0.395146 2.32067e-12 0.000202267 0.00166428 0.000130272 2.06992e-12 0.00605651 
0.000117935 0.70601 0.000152271 0.174781 0.0503822 2.08284e-05 0.00119467 5.60927e-05 0.0179185 0.00440706 0.0175112 0.00415032 0.00465799 0.00217098 0.00301184 0.0121208 0.00092466 3.78079e-07 0.000410811 
8.90305e-05 0.207658 0.00129222 0.103232 0.0211826 0.00136475 0.0256724 3.39071e-06 0.0140313 0.35689 0.160114 0.00108743 0.00163895 2.41462e-05 0.049983 0.000206515 3.92774e-05 2.80456e-07 0.0554908 
2.79046e-05 0.0190232 0.00139951 0.00594953 0.00250168 0.00176984 0.0265318 1.13243e-05 0.251976 0.0533684 0.406651 0.000157199 0.0057127 1.49182e-05 0.135877 0.00460597 0.00015863 2.96036e-08 0.0842642 
1.4979e-06 0.000442053 7.0671e-08 2.60356e-05 0.000419942 1.61111e-08 0.00011297 5.78238e-09 8.73382e-05 0.000376783 0.0345468 3.13535e-08 8.32041e-05 5.81534e-07 0.963353 2.58275e-05 3.06235e-05 8.03961e-12 0.000493615 
0.000164554 0.0272441 6.52927e-07 0.469704 0.027205 0.00250449 0.000911465 3.48142e-05 0.278675 0.00235051 0.00666163 0.0673373 0.00889928 7.12857e-05 0.00269588 0.00563642 0.00137041 1.12197e-07 0.0985327 
0.000244469 0.314232 2.13911e-05 0.103382 0.0749617 3.08453e-06 0.0099331 0.000605923 0.119095 0.122709 0.140547 0.00037827 0.0167583 0.000674556 0.0314654 0.00442345 0.00720066 3.95582e-07 0.0533648 
8.39772e-05 0.0251052 0.000470243 0.122533 0.00635428 0.00582014 0.0568179 1.7913e-05 0.0132741 0.00790201 0.563216 0.000416739 0.0198233 0.00101811 0.066992 0.0109597 0.00116535 1.23145e-06 0.0980288 
0.000776506 0.124967 0.00758385 0.0362038 0.0482885 0.00848279 0.0244488 0.00679221 0.093076 0.455089 0.08656 0.00821734 0.0142607 0.00870037 0.0138801 0.0282816 0.0130416 0.00028896 0.0210604 
0.00333285 0.173278 2.08448e-05 0.565391 0.0106573 0.00121323 0.00107783 4.48767e-08 0.0161481 0.000687454 0.0170735 0.000800757 0.115762 0.0140151 0.00995862 0.0559258 0.00010437 2.8378e-08 0.0145531 
0.000950853 0.0542561 0.00224748 0.00750856 0.046695 0.00139655 0.0100888 2.22109e-05 0.0728835 0.683434 0.0769342 0.00234156 0.00952995 0.0141778 0.00237491 0.0113168 0.00168241 1.65484e-05 0.00214286 
7.31464e-08 0.0557441 2.84188e-07 0.00056199 0.00074926 4.80825e-06 0.822529 9.37481e-10 0.00536093 0.00177934 0.0565417 0.000207584 0.000620529 7.95154e-10 0.0472844 0.00311301 0.000255349 7.09238e-10 0.00524779 
3.01058e-05 0.593567 0.00421471 0.0184121 0.00879436 0.00164374 0.0104447 8.88278e-06 0.163768 0.00645733 0.0488941 0.000300824 0.00135086 1.66795e-05 0.00424129 0.115865 0.0190102 5.4861e-06 0.00297516 
0.00939136 0.0581328 0.000360259 0.010131 0.0041186 0.000876706 0.0226714 0.000243798 0.0914084 0.0531083 0.0207104 4.6356e-05 0.0154313 0.00262788 0.000151783 0.709296 0.000187893 7.6403e-07 0.00110532 
0.00438823 0.60836 0.000703595 0.0682313 0.0562354 0.00208211 0.012878 0.000141344 0.0773432 0.0121606 0.0383763 0.00070059 0.0500564 0.000281258 0.0119936 0.041064 0.0108474 4.95651e-05 0.00410754 
0.000105278 0.595506 6.81677e-05 0.0278712 0.0271482 0.000300406 0.00387779 3.03896e-05 0.125398 0.00215776 0.0483347 8.76865e-05 0.0190201 0.0153588 0.000663367 0.0713142 0.0615989 3.80973e-06 0.00115477 
4.57849e-06 0.0181664 1.42599e-05 0.00570929 0.00289125 6.29945e-06 0.00400024 1.00658e-08 0.000770774 0.00136496 0.0180802 6.89212e-05 0.0015229 7.96121e-08 0.00263461 0.000526352 0.000155464 9.27015e-10 0.944083 
7.91414e-05 0.145805 1.12265e-05 0.0742195 0.00709808 0.00084624 0.00207281 1.40536e-06 0.09285 0.00431494 0.444879 0.000350384 0.000495671 6.2e-06 0.0973394 0.00992957 0.00258521 6.9898e-08 0.117116 
0.000127736 0.0574813 2.02547e-05 0.113879 0.0296441 0.000980298 0.0871598 0.000484398 0.127335 0.00846345 0.0347503 0.000256914 0.00429093 0.000188074 0.00782592 0.517122 0.00874644 1.01057e-06 0.00124275 
3.08373e-08 0.214592 2.7434e-05 0.228591 0.0444876 2.9088e-05 0.0954354 2.50927e-08 0.012527 0.031501 0.252185 0.000270351 0.0413346 0.00497587 0.0645808 0.00556061 0.000257593 1.1737e-10 0.00364478 
0.00742649 0.122729 0.000475923 0.0527932 0.0810351 0.00228456 0.0154309 0.00913114 0.0629212 0.184767 0.297469 0.0583472 0.00625906 0.000412264 0.0388346 0.00591273 0.000211935 8.88785e-05 0.0534697 
0.000925792 0.306556 6.90634e-05 0.0670582 0.104058 0.00142236 0.0295205 0.000161487 0.0653373 0.0731867 0.145921 0.0185827 0.0449404 0.00109841 0.0624593 0.0185969 0.0190086 1.96148e-05 0.0410782 
0.0397383 0.0678462 0.00506057 0.00909836 0.0497839 0.000703532 0.0918769 0.00307491 0.119532 0.0707664 0.316574 0.0406266 0.0222906 0.00369834 0.0173074 0.0696033 0.00195527 0.000162286 0.0703012 
3.12647e-06 0.118664 9.06975e-05 0.181363 0.0224174 0.00289162 0.437276 3.57844e-06 0.0358869 0.00499236 0.161323 0.00352277 0.00390598 5.33152e-05 0.00290254 0.0206762 4.54721e-05 1.65788e-06 0.00397906 
2.41855e-06 0.0970809 9.32917e-05 0.0792253 0.0028036 0.0013814 0.00878501 2.4361e-08 0.0148431 0.00321854 0.0693738 0.620156 0.000668852 3.92935e-05 0.00465292 0.0301014 6.32895e-05 2.68186e-09 0.0675105 
0.000405351 0.158668 6.98608e-09 0.460513 0.00671632 3.81431e-08 0.00116474 1.03088e-11 6.4935e-05 0.000545069 0.000438237 0.000115999 0.293537 4.01769e-09 0.000126321 0.00518137 0.000120444 7.79896e-12 0.072404 
1.48748e-05 0.262992 0.00389599 0.224491 0.00516881 3.40534e-06 0.0152362 2.55817e-07 0.245116 0.00321076 0.0760692 0.00481607 0.0242472 4.14335e-06 0.0001035 0.133086 0.00129086 1.41036e-09 0.000254421 
3.69225e-05 0.213507 0.00463473 0.129584 0.0194265 0.000167897 0.0581572 3.43691e-11 0.00565949 0.000362868 0.395223 0.000263856 0.0248389 0.00166027 0.0130625 0.0785807 0.00182573 2.60014e-11 0.0530084 
0.000349501 0.0118266 0.00822647 0.0440676 0.0722242 4.65657e-05 0.0135769 2.35055e-05 0.491222 0.159184 0.0261596 0.00525286 0.0351989 4.02631e-05 0.0577748 0.0129742 0.00312126 6.20475e-06 0.058725 
0.000185438 0.25395 7.58808e-05 0.284843 0.0137454 0.000114971 0.0160121 2.73606e-12 0.0120862 0.000855377 0.0147329 0.000199548 0.395146 2.32067e-12 0.000202267 0.00166428 0.000130272 2.06992e-12 0.00605651 
0.377571 0.00455244 0.000176392 0.0277455 0.000587211 0.00088194 0.00288374 8.90009e-08 0.00234399 0.0055202 0.0672394 0.000921015 0.483142 2.15785e-08 0.000121942 0.0240966 8.40877e-05 7.03425e-09 0.00213245 
5.39198e-05 0.00276909 8.65279e-06 0.0264977 0.0144932 0.00158307 7.75474e-05 1.90291e-07 0.00212923 0.000206683 0.00107803 1.69484e-05 0.00350649 0.0248749 0.00175677 0.0617895 0.859011 4.24559e-10 0.000146952 
2.41855e-06 0.0970809 9.32917e-05 0.0792253 0.0028036 0.0013814 0.00878501 2.4361e-08 0.0148431 0.00321854 0.0693738 0.620156 0.000668852 3.92935e-05 0.00465292 0.0301014 6.32895e-05 2.68186e-09 0.0675105 
6.74902e-05 0.00975036 0.000149751 0.00519006 2.34478e-05 0.551201 0.14539 1.09952e-09 0.0446034 0.0203769 0.160274 0.0425252 0.000949532 0.00307037 0.00662551 0.000212031 7.80181e-07 8.31826e-10 0.0095897 
0.000218492 0.0706771 0.00155758 0.0456523 0.0785364 0.000218202 0.0417095 1.11851e-05 0.0707286 0.0292802 0.0353655 0.000297598 0.0107981 0.00295723 0.018019 0.0284641 0.564416 4.15452e-06 0.00108896 
2.46426e-05 0.0291193 1.14659e-05 0.0755349 0.00426814 3.52851e-05 1.97636e-05 1.63249e-05 0.0159162 0.000129701 0.00657623 2.27339e-08 0.0435287 3.56848e-06 0.0156523 0.324843 0.483966 9.67191e-09 0.000354988 
0.000306002 0.150337 0.000248613 0.00643965 0.0705755 0.00111303 0.00104814 5.97663e-05 0.712726 0.0183496 0.0175313 0.00637986 0.00200564 0.00066762 0.00959766 0.000904027 0.00109109 2.21292e-05 0.000597681 
0.00071788 0.0680211 0.000443413 0.121897 0.627394 0.0014141 0.000326023 0.00865921 0.0489141 0.0333425 0.0227195 0.0288937 0.00953183 0.000172917 0.019482 0.0034245 0.00128583 0.000108042 0.00325236 
0.000123937 0.682937 0.00131398 0.0291512 0.0533495 5.54179e-05 0.00788704 2.42773e-06 0.179893 0.0168948 0.00377941 0.000252059 0.0034177 6.3076e-05 0.00467293 0.00441933 0.00100397 6.69054e-07 0.0107826 
6.42883e-05 0.142677 5.47641e-05 0.0309686 0.0256054 1.53168e-05 6.77661e-05 1.62498e-05 0.153063 0.00047092 0.0413711 9.17013e-05 0.0284508 9.6934e-08 0.000109308 0.558809 0.0124562 4.64112e-10 0.00570918 
2.92654e-05 0.251431 2.51148e-05 0.119 0.00176756 0.00170937 0.204051 2.51983e-08 0.0366299 0.00175442 0.283224 0.000900018 0.0359687 0.000272421 0.0046493 0.013432 4.85606e-08 3.94918e-10 0.0451563 
0.00802911 0.105966 0.000296921 0.106497 0.0288872 0.00258196 0.0339519 0.00205636 0.238986 0.108981 0.0227887 0.00271551 0.266801 0.0010524 0.0125584 0.0383218 0.0172097 1.41737e-05 0.00230494 
0.00381265 0.0914837 2.60565e-05 0.0252737 0.0087166 0.00685433 0.00137286 6.33355e-05 0.458719 0.0468559 0.01815 8.89572e-05 0.11629 0.000197779 0.000691058 0.200661 0.018241 8.56865e-06 0.00249381 
4.68017e-06 0.886028 7.11727e-06 5.81462e-05 0.0547745 8.24895e-06 2.00851e-05 4.88414e-10 2.87462e-05 0.040995 9.70687e-05 2.75006e-06 6.94768e-06 0.000435183 2.43471e-06 2.27271e-06 5.80382e-06 3.69502e-10 0.0175234 
