3.97542e-05 0.658837 0.00298257 0.0175538 0.0326061 4.89143e-05 0.0222063 0.000886544 0.201435 0.014607 0.0144826 0.000390745 0.00625651 7.81042e-06 0.0116628 0.00582643 0.0039422 4.19779e-08 0.00622755 
0.0498066 0.0918532 6.66217e-05 0.0480491 0.0358416 0.00837718 0.00318769 8.88734e-07 0.252558 0.0137335 0.150776 0.16248 0.105782 0.00845029 0.0506113 0.0133588 0.000322188 5.39451e-07 0.00474412 
0.00030678 0.545368 0.00210454 0.0890001 0.0518585 0.0178818 0.0160546 0.000105976 0.0578031 0.0903284 0.0988768 0.00222846 0.0100939 0.000881939 0.00845413 0.00508195 0.00203861 5.3776e-06 0.00152643 
0.000163282 0.299746 0.000400372 0.130519 0.168106 0.00107399 0.0435095 3.473e-05 0.0270058 0.0385657 0.161883 0.000559673 0.0299947 0.000742572 0.0207115 0.063379 0.00415358 1.05567e-05 0.00944142 
0.000400789 0.220921 0.00120845 0.0158147 0.0033871 0.0208037 0.00765005 0.000173334 0.467244 0.11259 0.00705594 0.00869772 0.0110714 0.000119232 7.70836e-05 0.0582942 0.0643453 8.13793e-07 0.000144341 
2.70173e-05 0.106358 0.000173575 0.443112 0.0554362 0.000950139 0.255127 2.5897e-05 0.0133625 0.010526 0.0778545 0.000218388 0.0097089 6.462e-06 0.00694544 0.0145153 0.00026765 2.76639e-06 0.00538216 
0.000928918 0.0218468 8.49623e-05 0.0249802 0.0161543 0.000956077 0.000282088 3.95602e-06 0.0117839 0.00336457 0.335326 0.000294257 0.0301344 0.000517601 0.0166059 0.0219115 0.000332363 2.69151e-06 0.514489 
4.67978e-06 0.0051537 3.15118e-05 0.00929348 0.0544588 9.87822e-06 2.06147e-05 6.23005e-09 0.914465 0.000627192 0.00160908 4.51611e-05 9.81116e-05 3.73637e-05 1.20981e-07 0.0037788 0.010016 4.71325e-09 0.000349955 
9.46799e-05 0.00497834 0.000167975 0.014443 0.000273131 0.000168013 3.71781e-05 1.69293e-06 0.938368 0.00610951 1.89695e-05 2.1767e-06 0.000528758 0.000953631 1.51074e-06 0.0338312 1.68717e-05 1.28076e-06 3.77531e-06 
0.00144597 0.023657 0.110764 0.00883001 0.0149634 0.00025067 0.0239948 4.01883e-05 0.114309 0.311753 0.108768 0.0341257 0.15362 3.26042e-05 0.0110955 0.0651007 0.0162269 2.29364e-07 0.00102312 
0.000150639 0.273408 5.43014e-05 0.263821 0.152789 0.000731938 0.0136647 7.1827e-06 0.0332256 0.0212441 0.0272375 0.000550277 0.179509 2.08771e-06 0.0199419 0.00789835 0.000777515 3.18414e-11 0.00498663 
1.64323e-05 0.0354756 6.05415e-06 0.00236934 0.0101204 8.41969e-05 0.0176877 0.00283904 0.128119 0.750303 0.0289021 0.000492525 0.000643547 0.00829007 0.00771506 0.0053404 0.00155456 7.69137e-07 4.04393e-05 
5.88766e-05 0.0661756 0.00063232 0.0901424 0.0519064 0.000339926 0.0484515 1.26358e-05 0.0536694 0.0362468 0.471735 0.000537795 0.0245263 4.3317e-05 0.0910601 0.0150568 0.0133247 8.49525e-07 0.036079 
2.20618e-08 0.00842235 5.39659e-05 0.0103185 0.000838834 0.00125066 0.728731 1.80355e-10 0.0154821 0.000495111 0.230886 3.54543e-05 0.000248332 2.07635e-07 8.17171e-05 0.00315482 8.65822e-08 1.36445e-10 5.29072e-07 
1.52699e-05 0.0855595 0.000233955 0.0114144 0.0211512 0.000127026 0.0151595 8.78825e-07 0.373269 0.197653 0.0874636 2.88463e-05 0.000326642 4.20397e-07 0.00394319 0.0310644 0.172574 3.74973e-07 1.47264e-05 
1.81603e-05 0.797874 3.81747e-05 0.000448911 0.00366748 0.000193307 0.000263058 2.69895e-05 0.144477 0.0279949 0.00160722 2.23476e-05 0.00177878 1.90287e-05 0.0165837 0.00121986 0.0036865 1.31334e-05 6.72943e-05 
7.76931e-08 0.167278 5.53729e-05 0.00972752 0.0267282 0.000184457 0.00858315 2.15388e-11 0.752445 0.0204862 0.00540524 0.000492815 0.00313117 1.7203e-05 0.000519791 0.0035229 0.00125443 1.62949e-11 0.000168663 
0.000286596 0.185418 0.00382921 0.0780687 0.153218 0.000400223 0.00782657 0.000146352 0.218704 0.0499488 0.0536817 0.0023163 0.0172083 0.0012168 0.00865996 0.0459745 0.172451 1.76473e-05 0.000628087 
0.000375391 0.108275 8.39609e-05 0.0454023 0.000957171 0.000269719 0.00115832 0.000665099 0.0609787 0.150739 0.0745998 3.58114e-05 0.00140028 5.72145e-05 0.00128168 0.537969 0.000212348 5.54701e-06 0.0155346 
0.0315941 0.103371 0.000130676 0.177719 0.130548 0.000283869 0.0455763 1.8304e-06 0.0101023 0.0282233 0.406088 0.000806098 0.0133327 0.000435478 0.00697598 0.0387711 0.0028789 1.51516e-06 0.00315904 
2.19347e-09 0.613732 8.40588e-09 0.0352646 0.308978 1.22429e-08 0.00774635 3.89706e-12 0.00624285 0.00142081 0.0162933 0.000248886 0.00915366 3.33846e-10 2.67626e-08 0.000346316 0.000573586 2.94826e-12 5.86262e-08 
0.0870557 0.0654909 0.00810506 0.038637 0.0506878 0.00684927 0.00898822 0.000626597 0.184327 0.010966 0.0297331 0.365137 0.126737 0.000680816 0.00946962 0.00501853 0.000484877 3.38189e-08 0.00100552 
0.00157958 0.327107 0.000768675 0.0535934 0.15096 0.00107747 0.00716097 0.000515574 0.142382 0.00742251 0.0353195 0.00111626 0.113816 0.00105831 0.0112237 0.0781468 0.0634798 2.49147e-05 0.00324782 
0.000465674 0.592946 0.00180004 0.0814967 0.0409109 0.000905322 0.0352785 2.68212e-07 0.0702854 0.0135337 0.0625748 0.00200162 0.00866774 0.00093449 0.00153599 0.0672876 0.00702481 7.84042e-10 0.0123504 
4.77231e-06 0.107365 0.0047886 0.00806707 0.0175608 0.00280918 0.0179197 6.39616e-05 0.0771043 0.433138 0.164119 0.0192864 0.00633989 0.000199514 0.0675483 0.0175824 0.0123737 1.64879e-06 0.0437278 
0.00570688 0.185267 4.72644e-05 0.0316824 0.0267713 8.33745e-05 0.0250471 0.000384527 0.290237 0.234578 0.0339595 7.40916e-05 0.0203187 0.00193689 0.00497913 0.134325 0.00442051 4.49161e-06 0.000176192 
0.000158885 0.27689 0.0252999 0.295415 0.0549848 0.013342 0.0236458 8.15717e-05 0.103084 0.00549108 0.0965938 0.0008571 0.0328185 0.000872453 0.0127167 0.0388043 0.0060618 1.8379e-05 0.0128647 
0.000251632 0.124438 0.0005014 0.0568999 0.0153907 0.000720705 0.0649804 0.0317513 0.0460011 0.0763224 0.510154 0.000482009 0.0107076 0.0131085 0.0140002 0.015223 0.000196291 2.02215e-05 0.0188506 
1.35737e-07 0.0410161 1.26685e-05 0.00071515 0.00977027 0.000601499 0.00263639 4.16347e-07 0.39897 0.536085 0.00919267 5.32099e-06 0.000165313 2.10702e-07 0.000164831 1.56915e-05 0.000185486 6.69399e-08 0.00046327 
1.31681e-06 0.734568 7.06288e-05 0.00716876 0.00241712 3.93835e-06 0.0357794 1.24818e-06 0.134464 0.0226958 0.02742 6.94031e-06 0.00575328 2.53389e-06 2.32538e-07 0.0291146 0.00051866 4.42315e-09 1.30748e-05 
0.00191956 0.0637734 0.000539241 0.0448167 0.0456743 0.0035506 0.0968171 0.000310008 0.320701 0.161506 0.0739491 0.017348 0.0613075 0.0101887 0.0134806 0.0665366 0.0162365 1.18803e-05 0.00133317 
2.25431e-05 0.0648551 4.94411e-06 0.0417728 0.00813683 0.000539651 0.000440781 0.00015491 0.330987 6.06484e-05 0.000311551 2.93638e-06 0.111078 2.38468e-05 0.0295068 0.402999 0.00888217 7.69745e-09 0.000221269 
0.000127393 5.27805e-07 1.02811e-08 0.00131189 4.56979e-07 2.49937e-08 0.00014222 6.8351e-12 0.00482867 0.000795672 0.0492056 0.00283467 0.00192798 2.19766e-08 0.930535 6.72264e-10 3.64838e-08 5.171e-12 0.00828987 
2.0274e-08 0.653283 3.08368e-08 0.185758 0.00273171 8.01424e-05 0.0106538 5.40754e-09 0.0438402 0.00161466 0.0653691 1.1918e-08 0.0142595 0.0010338 1.05472e-08 0.0194569 0.000899885 1.22901e-11 0.00101954 
8.63029e-06 0.370021 2.93501e-05 0.00645106 0.031239 3.4869e-06 0.00192607 4.49721e-09 0.0595297 0.362906 0.122993 2.0765e-06 0.00151468 3.81445e-09 0.0418182 0.000237006 0.000279085 3.4023e-09 0.00104102 
0.00304601 0.0362949 0.00191202 0.0678026 0.0678557 0.0003167 0.0351555 0.000194382 0.286493 0.0408383 0.149725 0.0612165 0.0617592 0.092539 0.0113601 0.066991 0.0150086 0.000113813 0.00137791 
0.00152976 0.0822654 0.00152913 0.0542947 0.0174509 0.0012916 0.0128414 4.09275e-06 0.0708034 0.020893 0.131486 0.00191477 0.0586671 0.0610521 0.460372 0.00493801 0.00521321 2.86675e-06 0.013451 
0.000145802 0.472564 0.000205278 0.0396168 0.0835418 0.00206239 0.0905002 6.97334e-05 0.0817192 0.0768755 0.0949903 0.000706879 0.0135949 0.000266072 0.006979 0.0181239 0.0132708 1.84678e-05 0.00474926 
0.000152926 0.323369 5.86127e-05 0.016056 0.0132122 0.000748634 0.0145299 0.00202276 0.338376 0.0136049 0.050186 0.0420926 0.124547 0.00141312 0.0252787 0.0270223 0.00564133 2.35373e-06 0.00168547 
0.000180754 0.452347 0.0046454 0.242987 0.00831151 0.00571387 0.0621682 7.34385e-06 0.0444099 0.0132726 0.051657 1.30944e-05 0.0394643 6.75064e-06 0.00575786 0.0603307 0.0072435 1.07121e-07 0.00148274 
0.0119184 0.358224 0.000781424 0.202376 0.0909142 0.00227358 0.0337344 0.00103341 0.0956189 0.00880293 0.0456832 0.00269882 0.0814267 0.000116908 0.0193867 0.0383375 0.00170819 3.71397e-06 0.00496095 
0.00120815 0.0444779 0.000892662 0.00414006 0.0280617 0.0271809 0.0483291 9.26706e-09 0.334088 0.444895 0.028228 0.000380416 0.0188421 0.00327469 6.1976e-05 0.00799505 0.00788489 5.29577e-10 5.94826e-05 
1.28901e-05 0.0910895 0.00415767 0.0306831 0.0352188 0.00291251 0.016433 0.00336987 0.0933135 0.0746345 0.0733979 8.11018e-05 0.0419868 0.00132194 0.028627 0.422668 0.0795993 2.58997e-06 0.000489934 
0.000259897 0.156514 0.0690842 0.0220424 0.0128126 0.00511671 0.0366444 6.86738e-10 0.0723971 0.326266 0.232527 0.0215061 0.02699 2.45267e-06 0.00175558 4.91124e-07 0.00161854 5.19542e-10 0.0144628 
5.31328e-05 0.0964003 0.00417428 0.035203 0.0033944 0.000537389 0.0282746 0.0133673 0.0431531 0.0306979 0.546821 0.00133246 0.00481856 4.21489e-05 0.00302889 0.0370919 0.00626697 2.03184e-06 0.14534 
0.000114419 0.109242 0.00023562 0.487307 0.0618076 0.000299951 0.00349221 2.02182e-05 0.015901 0.285679 0.0112198 0.000185652 0.00905941 9.48883e-06 0.00610301 0.0021984 0.000602151 7.61172e-06 0.00651669 
0.00805739 0.432385 0.00104701 0.0622886 0.226267 0.000970644 0.00327133 0.000100988 0.138539 0.0144852 0.0272474 0.00237467 0.0342415 0.000300719 0.0125666 0.0240419 0.0101404 1.05362e-05 0.00166407 
0.000243255 0.436108 0.00285877 0.0967673 0.146084 8.82193e-05 0.00652526 4.69179e-06 0.0349042 0.0805977 0.104716 0.0035285 0.0230716 0.000401184 0.0143408 0.0323574 0.0143477 4.54645e-08 0.00305484 
8.68886e-05 0.417271 9.30061e-05 0.0654291 0.0784744 1.36458e-05 0.0201015 2.63441e-12 0.327027 0.00722029 0.0648509 0.000518086 0.000984763 4.69458e-09 0.0012186 5.08075e-08 0.00290365 1.99302e-12 0.013808 
0.000296049 0.53614 0.000101857 0.0664684 0.0637598 0.000135952 0.0303569 0.00792588 0.0673878 0.0304335 0.0521465 0.000821353 0.0419193 0.00361539 0.00124767 0.00763222 0.0732075 6.94263e-06 0.0163969 
0.00816096 0.126025 0.00106154 0.169622 0.0807328 0.000943719 0.0119952 1.57133e-06 0.547764 0.00901807 0.0159574 0.00216824 0.0153185 0.000187078 0.00376118 0.00659998 0.000351848 1.48281e-06 0.000329433 
1.04192e-05 0.0107839 8.41469e-08 0.00421747 4.29671e-07 5.5703e-06 0.000153084 6.56927e-05 0.00981983 8.42248e-06 0.0041938 9.72027e-08 0.202104 4.37013e-07 0.011825 0.737025 0.0197729 4.23145e-08 1.41718e-05 
0.000530603 0.0763886 0.0326845 0.0269608 0.100959 0.00185531 0.0117767 2.3226e-08 0.210407 0.0456864 0.100367 0.0186659 0.0223555 1.88561e-05 0.0134824 0.012452 0.000148344 1.11969e-10 0.32526 
0.000181445 0.226879 0.000164977 0.431572 0.0372742 0.000743233 0.00678284 0.000402349 0.0866061 0.0111912 0.10218 0.00294991 0.0253011 8.96007e-05 0.0438319 0.0160953 0.00549547 3.47164e-06 0.00225578 
0.000109207 0.250348 1.86058e-05 0.0189055 0.0354551 0.00236611 0.0285817 2.28169e-06 0.0908758 0.0250629 0.0690587 0.00013047 0.0453536 0.00116796 0.00022079 0.393631 0.0334177 1.3281e-07 0.00529431 
0.00324176 0.10286 0.00940712 0.350616 0.117832 0.0235823 0.00483588 4.40913e-05 0.0778251 0.0702894 0.0415644 0.0229862 0.0939632 0.00350404 0.0436709 0.0265921 0.00464589 2.7316e-05 0.00251267 
0.00109436 0.245972 0.000535704 0.0435131 0.0776849 0.000970751 0.0505408 0.00581253 0.0883623 0.0940218 0.294052 0.00128802 0.0132469 0.0127559 0.0299174 0.0237556 0.0056495 1.15703e-06 0.010825 
0.000189974 0.329561 0.00219747 0.0706833 0.172058 0.00169987 0.0582815 2.75211e-08 0.179102 0.0162161 0.125283 0.000333755 0.00748441 2.10234e-05 0.0060595 0.00971803 0.0184382 8.61226e-09 0.0026729 
6.60778e-06 0.0071622 0.000477921 0.0170421 0.00772727 0.000112724 0.916938 0.00566863 0.00233893 0.0142499 0.0183688 6.10179e-05 0.000477678 2.0689e-05 0.00120753 0.00121509 1.35859e-05 1.00991e-10 0.00691156 
0.00858085 0.320815 0.000309609 0.13431 0.0739669 0.00781483 0.00560278 0.00115808 0.0724457 0.154841 0.124676 0.0222906 0.0410976 0.00711931 0.00650184 0.00601892 0.0036468 2.7515e-05 0.0087781 
1.06173e-05 0.0660013 6.89991e-05 0.0084511 0.0105021 0.0010161 0.0578417 0.0173479 0.685913 0.0109486 0.0736455 0.000132464 0.0233294 4.38803e-07 0.00225088 0.0277641 0.0142323 2.50899e-09 0.000543215 
0.00332354 0.149848 0.000147005 0.38919 0.0271502 0.0054486 0.000838864 2.22841e-06 0.164481 0.00281574 0.0138114 0.00120824 0.171052 0.000105997 0.00741281 0.0412274 0.000651146 1.57981e-09 0.0212852 
0.000168788 0.0777689 0.0156105 0.0518019 0.1174 0.010282 0.0792205 2.3805e-05 0.0321539 0.458068 0.0920347 0.000361347 0.0500089 5.86728e-05 8.9648e-05 0.0100556 0.00182739 2.83435e-06 0.00306255 
5.77454e-05 1.73084e-07 7.82576e-05 3.25806e-09 2.5869e-05 6.2213e-07 4.17509e-06 3.61294e-12 1.86326e-06 2.99237e-05 0.000305704 0.99917 3.90405e-06 1.65501e-09 0.000166485 5.43252e-06 1.39887e-07 2.73332e-12 0.000150032 
0.351716 0.0222251 0.357899 0.00206834 0.0111303 0.000100434 0.00275572 3.00196e-11 0.0388415 0.0373917 0.0435861 0.0935155 0.015402 1.79722e-08 0.0203197 0.000166841 0.000408256 2.27109e-11 0.00247406 
1.06156e-05 0.0288247 0.0184817 0.00397829 0.0216281 1.70916e-06 0.0283756 0.00635258 0.0416398 0.0494165 0.0237679 0.00146351 0.0176097 3.31825e-06 0.000102171 0.718593 0.0243066 7.1765e-07 0.0154438 
0.00297376 0.559108 0.000575727 0.0642417 0.0851694 0.00207113 0.00953485 0.000101736 0.144162 0.0178941 0.0369695 0.00155672 0.0193564 0.000931744 0.010323 0.011079 0.028869 3.37097e-05 0.00504804 
0.000167894 0.0469091 0.230447 0.000679147 0.0110218 0.00368517 0.00811273 0.0002441 0.126223 0.439252 0.0179139 0.00915754 0.0515879 0.000272714 0.039293 0.00208903 0.0126599 8.25597e-05 0.000200648 
5.77454e-05 1.73084e-07 7.82576e-05 3.25806e-09 2.5869e-05 6.2213e-07 4.17509e-06 3.61294e-12 1.86326e-06 2.99237e-05 0.000305704 0.99917 3.90405e-06 1.65501e-09 0.000166485 5.43252e-06 1.39887e-07 2.73332e-12 0.000150032 
0.000122827 0.101508 0.00693717 0.0159098 0.0425109 0.000142133 0.0266235 6.21853e-05 0.0582209 0.147427 0.551837 0.000247841 0.00192191 0.00514536 0.00606411 0.0288942 0.00400437 3.85762e-05 0.00238263 
0.000313863 0.222405 0.000113712 0.306892 0.0258183 0.0394332 0.0188405 1.27426e-05 0.0855882 0.0328574 0.14407 0.0031392 0.0351703 2.11027e-05 0.00989826 0.00918473 0.0391535 7.64554e-07 0.0270874 
0.00039936 0.261844 3.31448e-06 0.0452275 0.147854 2.81255e-05 0.00460983 5.05912e-06 0.4253 0.0162879 0.0197628 4.49425e-05 0.0373763 1.02943e-06 0.00102582 0.0318056 0.0057457 3.24856e-09 0.00267866 
0.000619933 0.0650814 8.0149e-06 0.00669051 0.0224788 0.473124 0.00115049 2.46572e-06 0.0111225 0.016356 0.0637198 0.293332 0.0091744 2.94389e-05 0.0162814 0.00098152 0.0156153 1.06029e-06 0.00423121 
0.00532408 0.0948861 0.00231596 0.192307 0.0618685 0.00227019 0.0227015 3.73804e-05 0.510773 0.0174346 0.010692 0.0120844 0.0392677 0.000198459 0.00875106 0.0179546 0.000695566 2.23068e-05 0.000416269 
0.0197541 0.0442295 4.48375e-05 0.0397938 0.0147673 0.00075172 0.100974 0.000127438 0.100919 0.0371521 0.551974 0.000173076 0.00251878 3.85895e-05 0.010896 0.00759964 0.00101029 2.9749e-05 0.0672462 
2.41855e-06 0.0970809 9.32917e-05 0.0792253 0.0028036 0.0013814 0.00878501 2.4361e-08 0.0148431 0.00321854 0.0693738 0.620156 0.000668852 3.92935e-05 0.00465292 0.0301014 6.32895e-05 2.68186e-09 0.0675105 
8.29477e-05 0.075807 0.000861271 0.0139383 0.0309128 7.65663e-05 0.00183872 6.75203e-05 0.668574 0.0407251 0.00818776 2.09942e-05 0.0451904 0.000150147 0.00869861 0.0812902 0.0177044 1.60831e-05 0.00585738 
1.38111e-06 0.0100156 3.41485e-07 0.000973825 0.00042252 3.91823e-06 0.000824512 8.19453e-06 0.000500425 0.000537834 0.135471 2.23723e-06 0.00081543 5.83403e-06 0.819916 0.019752 0.00867609 3.28358e-09 0.00207365 
0.00121879 0.111646 0.026226 0.130195 0.0567474 0.000501504 0.0100762 2.63723e-05 0.410353 0.0273224 0.051307 0.0358686 0.0191215 0.000138203 0.0543428 0.0485337 0.0122035 3.52666e-06 0.00416817 
0.00206253 0.0581009 0.0124836 0.00176871 0.00827229 0.000990972 0.042578 0.00639635 0.0464951 0.743382 0.0427611 0.0308205 0.00160175 0.000161016 0.000501002 0.000657394 0.000831697 1.42638e-05 0.000120445 
0.00160477 0.0289874 0.200764 0.0260455 0.0286578 0.00753896 0.000942066 1.14354e-06 0.371043 0.24837 0.0044078 0.0377734 0.0292086 0.0119627 5.09851e-05 0.00196214 0.000441711 4.05368e-10 0.000237859 
0.000176282 0.038635 0.00559729 0.067884 0.0195037 0.000764724 0.0150941 0.019197 0.0607612 0.500039 0.100147 0.00023515 0.0520109 0.0111138 0.00113633 0.0380938 0.0680047 4.52135e-06 0.00160192 
0.000127393 5.27805e-07 1.02811e-08 0.00131189 4.56979e-07 2.49937e-08 0.00014222 6.8351e-12 0.00482867 0.000795672 0.0492056 0.00283467 0.00192798 2.19766e-08 0.930535 6.72264e-10 3.64838e-08 5.171e-12 0.00828987 
2.16712e-05 0.495928 0.000821244 0.162761 0.0148819 7.14558e-06 0.00687913 6.00817e-07 0.0441483 0.126043 0.0631517 0.00137114 0.0393607 1.175e-05 0.00752502 0.0272031 0.00728298 1.22101e-07 0.00260213 
0.000169221 0.0935941 0.000292916 0.0222426 0.0427083 0.0154068 0.0570841 9.30111e-09 0.0533743 0.012179 0.629455 0.0221598 0.0168237 9.76263e-05 0.000549185 0.02723 0.00152552 7.03662e-09 0.00510791 
0.000482312 0.0782326 0.00749432 0.0291766 0.0225794 0.00240914 0.0994667 2.86713e-06 0.0341944 0.0130375 0.55708 0.000998318 0.0113365 0.000677769 0.0428848 0.0122915 0.00149454 1.32576e-06 0.0861598 
2.69953e-07 0.00614071 4.96998e-06 0.00191802 7.79004e-07 1.64182e-06 0.022496 7.09259e-07 0.143297 0.421538 0.375688 1.14836e-06 1.86769e-06 1.20376e-07 0.0151514 1.82471e-06 0.0137575 6.70641e-11 5.70331e-07 
0.000127393 5.27805e-07 1.02811e-08 0.00131189 4.56979e-07 2.49937e-08 0.00014222 6.8351e-12 0.00482867 0.000795672 0.0492056 0.00283467 0.00192798 2.19766e-08 0.930535 6.72264e-10 3.64838e-08 5.171e-12 0.00828987 
0.00204695 0.0564297 1.4431e-06 0.0194431 0.0187557 0.00258937 0.397396 2.70698e-07 0.104214 0.0254464 0.204229 1.36345e-05 0.0490895 2.528e-05 0.0102592 0.0104098 0.00729478 1.83568e-07 0.0923567 
1.34824e-05 0.681922 0.000123699 0.0149825 0.00194724 4.78258e-07 0.0045974 0.089503 0.123299 0.0570514 0.00854675 0.0103428 5.17216e-05 7.40578e-07 0.000330116 0.000454198 1.17075e-05 2.69744e-08 0.00682177 
0.0570055 0.0954498 0.101282 0.0407104 0.0299304 0.0199125 0.0711042 0.00196351 0.224152 0.0768928 0.156356 0.0172485 0.0466272 0.000854812 0.0247636 0.0111503 0.00328088 0.000153892 0.0211616 
0.000799757 0.0564749 4.22894e-05 0.7292 0.0237085 0.000109924 0.00505059 5.12972e-06 0.0233295 0.0081976 0.0227737 0.00251154 0.115778 0.000188213 0.00393241 0.00124896 0.00127364 3.22365e-06 0.00537228 
2.15625e-05 0.629762 7.62677e-05 0.12269 0.0104193 3.08404e-05 0.0206462 2.25915e-09 0.0951971 0.00542061 0.0830141 0.000924231 0.00834703 0.0009721 0.000451175 0.00724395 0.00121147 7.19106e-12 0.0135716 
2.90954e-05 0.712959 2.77357e-05 0.140952 0.08816 2.57166e-05 0.00369041 4.30503e-12 0.00904709 0.0194675 0.00840094 0.000375684 0.00606574 5.03492e-09 1.7971e-08 4.28957e-05 6.47292e-05 3.25691e-12 0.0106916 
0.00016125 0.174026 0.0321519 0.1028 0.370104 4.08489e-08 0.00110753 3.37008e-07 0.130353 0.0293556 0.0504176 0.000428205 0.000556701 6.60163e-08 6.94479e-05 0.000307253 0.10786 3.18703e-08 0.00030029 
4.25607e-05 0.0835027 0.000259036 0.0248592 0.0319796 0.00366522 0.00136147 1.71164e-05 0.81501 0.0203129 0.00280626 9.38011e-05 0.00934546 0.000175626 0.000347414 0.00304304 0.00309095 1.54281e-05 7.20252e-05 
5.87956e-05 0.151819 0.00159699 0.376209 0.0640403 0.184176 0.000744861 8.62743e-07 0.158222 0.000374291 0.00928975 8.64172e-06 0.0404063 1.60138e-09 0.00522798 0.00712929 0.000562207 1.42835e-09 0.000133376 
8.63394e-05 0.224963 0.000525225 0.0908316 0.0109081 0.0218585 0.0498186 7.57373e-10 0.273937 0.148527 0.135832 1.70169e-05 0.0072948 0.0161432 0.00121714 0.00722522 0.00221981 5.72979e-10 0.00859565 
0.00159267 0.0101487 0.00447949 0.098263 0.00896242 0.00589578 0.0752967 0.00628623 0.0174683 0.0231985 0.32953 0.0118646 0.00414004 0.00504484 0.0154329 0.380355 0.000770086 6.17197e-06 0.00126454 
5.63666e-05 0.39654 4.2888e-05 0.0475219 0.0184599 0.0048534 0.264055 0.000518541 0.0666432 0.0295259 0.0609836 0.00059622 0.0171175 0.00355962 0.000403678 0.0742957 0.0119825 7.99481e-06 0.0028365 
1.35721e-05 0.0658717 1.11342e-06 0.215296 0.00480426 4.63247e-05 0.00410368 5.44434e-09 0.286239 0.00046584 0.122209 4.9666e-06 0.0065484 4.34159e-06 0.00014089 0.294219 3.1477e-05 4.11884e-09 9.45721e-07 
2.41855e-06 0.0970809 9.32917e-05 0.0792253 0.0028036 0.0013814 0.00878501 2.4361e-08 0.0148431 0.00321854 0.0693738 0.620156 0.000668852 3.92935e-05 0.00465292 0.0301014 6.32895e-05 2.68186e-09 0.0675105 
0.000124211 0.260126 0.00138751 0.164529 0.0890336 0.000140802 0.0260375 0.00045279 0.175062 0.0425105 0.0560805 0.00253163 0.0910586 0.000103119 0.00150926 0.0782378 0.00142538 7.16794e-08 0.00965015 
0.000338131 0.0285136 0.000215223 0.0134517 0.00749413 0.00121913 0.00416644 1.1116e-05 0.0162378 0.00345224 0.0935316 0.00246795 0.00575551 0.00195769 0.708901 0.00280135 0.000996107 2.73641e-06 0.108487 
2.09398e-05 0.015938 3.79615e-05 0.00884383 0.022513 0.535163 0.00105949 0.000454323 0.058715 0.0852288 0.135942 3.55595e-06 0.00374588 0.000111362 0.0698948 0.0264695 0.0351181 6.59968e-07 0.00073954 
4.51691e-05 0.282434 0.000458844 0.0329105 0.0134415 0.000130341 0.0262226 1.42989e-06 0.0294976 0.422781 0.00286937 0.000197801 0.187888 0.000114807 2.54838e-05 0.000523536 0.000404801 1.08176e-06 5.25289e-05 
7.85431e-05 0.0135048 0.000239119 0.0528397 0.00175318 0.00777058 0.252381 1.35355e-10 0.00251694 0.0162675 0.603187 0.00257975 0.000789494 8.68892e-08 0.000100976 4.57901e-08 9.09961e-05 1.02401e-10 0.0459003 
0.000150718 0.435718 0.000120341 0.0995167 0.0975896 6.49237e-05 0.0375876 7.81613e-07 0.103705 0.0773 0.0871379 0.0120967 0.0183328 3.21645e-06 0.000197911 0.0203449 0.00866648 2.44011e-08 0.00146605 
7.24753e-05 0.665275 0.00150658 0.060236 0.0283519 0.000207839 0.0109513 6.72233e-07 0.110478 0.0133899 0.0387494 0.000554819 0.0123002 5.74779e-05 0.0286979 0.00618744 0.0199996 5.09006e-07 0.00298367 
1.60227e-05 0.00681014 0.00490912 0.000194513 6.43968e-05 0.0121842 0.000626403 4.076e-07 0.0400613 0.870086 0.0624403 1.85739e-05 0.00174459 3.45719e-07 0.000253692 0.000152043 0.000309764 3.08364e-07 0.000127875 
0.106682 0.119496 0.00534468 0.111024 0.178022 0.00632489 0.00152464 0.000212237 0.375136 0.0127462 0.0209955 0.00292753 0.0274518 0.000244612 0.000421347 0.0216407 0.00723242 1.35659e-05 0.00256052 
0.000634125 0.0433705 0.000924154 0.0117525 0.0148582 0.0307682 0.014161 0.000110716 0.0515992 0.613608 0.127112 0.00722003 0.000657461 0.00530656 0.00360052 0.066364 0.00369845 2.84539e-07 0.00425454 
2.90954e-05 0.712959 2.77357e-05 0.140952 0.08816 2.57166e-05 0.00369041 4.30503e-12 0.00904709 0.0194675 0.00840094 0.000375684 0.00606574 5.03492e-09 1.7971e-08 4.28957e-05 6.47292e-05 3.25691e-12 0.0106916 
0.0516016 0.00762212 0.000963984 0.00159272 0.00989914 0.00435208 0.00021086 0.004055 0.0190729 0.00748111 0.00466363 0.877601 0.00746177 3.57931e-05 0.00297643 0.000142016 4.8882e-05 3.70682e-08 0.000219133 
6.60778e-06 0.0071622 0.000477921 0.0170421 0.00772727 0.000112724 0.916938 0.00566863 0.00233893 0.0142499 0.0183688 6.10179e-05 0.000477678 2.0689e-05 0.00120753 0.00121509 1.35859e-05 1.00991e-10 0.00691156 
8.39622e-05 0.043442 0.113998 0.00125373 0.0129242 0.00220496 0.00878313 9.56437e-11 0.131358 0.0133493 0.576609 0.00126273 0.000440379 0.000523114 0.087093 0.000305229 0.00212469 7.23579e-11 0.00424452 
0.000213761 0.116607 0.00696751 0.586918 0.0739205 0.00128622 0.00888644 3.14752e-05 0.0807121 0.055318 0.0198313 0.00401496 0.0141142 9.89209e-06 0.00547977 0.00712721 8.16761e-05 4.27052e-06 0.0184752 
0.000987046 0.091123 0.00231383 0.0250423 0.0863246 0.00173837 0.024147 0.000100748 0.0687085 0.146332 0.484371 0.00223821 0.00227815 0.000131266 0.0339697 0.0131635 0.0122017 4.05688e-05 0.00478896 
0.00142615 0.064865 0.0195236 0.052151 0.0157207 0.00128628 0.0215142 0.000539088 0.713823 0.013785 0.00474933 0.0287224 0.0100056 7.04611e-06 0.000576739 0.0319404 0.0190787 5.80525e-07 0.000285204 
0.00160477 0.0289874 0.200764 0.0260455 0.0286578 0.00753896 0.000942066 1.14354e-06 0.371043 0.24837 0.0044078 0.0377734 0.0292086 0.0119627 5.09851e-05 0.00196214 0.000441711 4.05368e-10 0.000237859 
9.33013e-06 0.298261 0.000106429 0.191608 0.00660937 5.8853e-05 0.277589 3.3203e-05 0.0285581 0.0241385 0.140957 5.0662e-05 0.00182308 0.00177977 0.00374007 0.00948446 0.00981301 1.98811e-06 0.00537728 
9.59246e-06 0.0738437 0.00422982 0.00496965 0.202245 0.000121486 0.000233104 6.82218e-08 0.00409775 0.00378052 0.498681 0.000365428 0.00397876 1.52137e-06 0.0625021 0.126827 0.0141007 5.16122e-08 1.27377e-05 
1.54484e-06 0.128156 2.59161e-07 0.574135 0.0109654 1.57203e-05 0.0139697 5.50667e-07 0.0427734 0.000143856 0.0408469 0.00148425 0.00204134 0.000139514 1.73172e-05 0.185306 2.38558e-06 5.45111e-10 1.04464e-06 
0.000794991 0.24755 0.000464282 0.0374738 0.00216533 0.000222122 0.259756 8.73368e-06 0.0600835 0.0309725 0.203932 0.00427453 0.00424634 0.00957229 0.128158 0.00414756 0.0051477 3.67038e-09 0.0010306 
0.000217593 0.600432 0.000294362 0.0156379 0.110743 0.000104378 0.00332464 4.77697e-08 0.0651669 0.0322854 0.0346981 0.00619234 0.00684613 0.00283779 0.111093 0.00601151 0.00298513 3.01786e-09 0.00112986 
9.45588e-05 0.0566298 0.00352167 0.0182896 0.11478 0.0128989 0.0135938 0.0179221 0.0257345 0.570234 0.127415 0.00235681 0.00171834 0.000152808 0.00948773 0.0100903 0.0133932 7.45942e-06 0.00167899 
0.000160473 0.488851 0.0122924 0.0189051 0.0151068 0.00387692 0.0134667 0.00130968 0.22894 0.0205397 0.0238498 0.0281058 0.00643401 0.00047378 0.00415147 0.00553936 0.126819 7.32634e-06 0.00117108 
0.00061082 0.214603 0.00300811 0.110329 0.130315 0.00245566 0.0141084 0.0015866 0.152275 0.0474242 0.0927973 0.00173123 0.0389754 0.0032413 0.0111724 0.126617 0.0445074 3.03198e-05 0.0042109 
5.30365e-06 0.0870259 1.41623e-05 0.00043695 0.0177069 0.000147488 0.0111642 2.89666e-06 0.0931494 0.730427 0.031037 1.28671e-06 2.78947e-06 5.26346e-06 0.0171208 0.00496013 0.0047918 2.14334e-08 0.00200053 
2.41855e-06 0.0970809 9.32917e-05 0.0792253 0.0028036 0.0013814 0.00878501 2.4361e-08 0.0148431 0.00321854 0.0693738 0.620156 0.000668852 3.92935e-05 0.00465292 0.0301014 6.32895e-05 2.68186e-09 0.0675105 
0.00061722 0.134351 0.00444413 0.0107748 0.013953 0.00406907 0.0100317 9.27099e-06 0.289648 0.479231 0.0117715 0.00205433 0.00304857 0.00430765 0.0014441 0.0284406 0.00117869 3.10328e-06 0.000622372 
0.018122 0.135019 0.0100405 0.0430828 0.028012 0.0248176 0.00788602 1.49518e-05 0.0484999 0.0659267 0.184192 0.00169719 0.0277458 0.000453502 0.0102942 0.0153871 0.000371473 1.22629e-05 0.378425 
0.000160514 0.198512 0.000137424 0.0536666 0.00542179 1.23602e-05 0.0219187 1.93583e-06 0.000826534 0.552622 0.0724992 8.3684e-05 7.95239e-05 1.64193e-06 0.0815685 4.70688e-05 7.36717e-05 1.46452e-06 0.0123662 
8.01812e-05 0.0139948 0.0146852 0.00393417 0.498219 3.30239e-05 0.0197291 7.58828e-08 0.0387105 0.354365 0.00903146 0.0426597 0.0036212 6.43624e-08 0.000333936 0.000575504 6.54964e-06 5.7408e-08 2.06557e-05 
0.00333059 0.358489 0.00221023 0.0814333 0.0941131 0.00577889 0.00783528 0.000350701 0.205801 0.0143172 0.0381376 0.00144609 0.0589666 0.000803859 0.0191125 0.0546702 0.0465334 6.12787e-05 0.00660859 
7.82668e-05 0.0641706 0.000307011 0.108495 0.0128118 7.94345e-05 0.00243665 4.62694e-06 0.00858176 0.00196387 0.00852606 1.0833e-05 0.767601 0.000102102 0.000132923 0.0231837 0.000786882 1.25848e-07 0.000726979 
7.76931e-08 0.167278 5.53729e-05 0.00972752 0.0267282 0.000184457 0.00858315 2.15388e-11 0.752445 0.0204862 0.00540524 0.000492815 0.00313117 1.7203e-05 0.000519791 0.0035229 0.00125443 1.62949e-11 0.000168663 
1.6648e-08 0.00304664 0.000245384 0.025695 0.00567776 0.00174015 0.878461 4.39042e-08 0.000457563 0.0136282 0.0692155 7.07476e-08 0.000763167 5.19092e-06 3.41257e-05 0.000621667 9.25583e-05 2.23838e-10 0.000316084 
0.000320549 0.0200127 0.000755515 0.0109568 0.0145758 0.0174619 0.0158938 2.19577e-05 0.872709 0.0239753 0.00557516 0.000178164 0.00681464 0.000132635 0.00554536 0.00170389 0.00333897 9.6126e-07 2.6603e-05 
1.38164e-05 0.087544 5.51115e-05 0.00284658 0.0139319 1.99284e-06 0.0167615 6.07332e-09 0.00916752 0.0429553 0.553173 1.12879e-06 0.0139714 7.034e-06 0.0400746 0.0222877 0.00490458 4.59468e-09 0.192303 
0.00571011 0.164798 0.00118234 0.0644896 0.0303085 0.0027717 0.0935867 0.00602437 0.225807 0.0217945 0.0709246 0.00276948 0.0634201 0.000113952 0.00115803 0.233497 0.00843548 2.49251e-05 0.003184 
0.0171789 0.0778349 0.00229721 0.0532363 0.0333465 0.0032289 0.0320778 0.00187894 0.630152 0.0303422 0.0434792 0.00450065 0.0241526 0.0118094 0.0107897 0.012984 0.00908375 2.33482e-06 0.00162473 
2.67692e-06 0.466746 0.000591238 0.0330926 0.0293505 0.000406486 0.00660831 1.78233e-07 0.00647167 0.0196757 0.19078 2.69632e-05 8.43056e-05 0.00601602 0.163014 0.0739746 6.13668e-05 1.3484e-07 0.00309702 
0.000106317 0.091985 8.14689e-05 0.243817 0.126116 1.46549e-05 0.0178056 5.85219e-06 0.0995314 0.338772 0.0214386 0.000774089 0.0236784 0.000783917 0.00721076 0.00319174 0.0220148 3.43167e-06 0.00266797 
8.08702e-07 0.0116586 1.20073e-06 0.00523315 0.00225449 0.000139163 0.000408893 6.75131e-05 0.1135 0.000161235 0.000122733 3.77916e-07 0.040883 1.40208e-06 7.39194e-07 0.805253 0.0203119 1.22223e-08 1.85021e-06 
8.02915e-05 0.135494 0.000235315 0.170531 0.0926809 0.00128446 0.126915 1.69306e-05 0.0930799 0.0390542 0.221046 0.000857988 0.0459696 0.00210327 0.00474835 0.0470219 0.00499188 1.01627e-05 0.0138796 
0.00119785 0.290736 0.00112987 0.16465 0.121624 0.00249036 0.0254284 7.75689e-05 0.0607219 0.026694 0.0712144 0.00190574 0.0471368 0.000713538 0.0157036 0.135994 0.027862 5.10636e-05 0.00466864 
0.0026263 0.302526 0.000333704 0.0614907 0.0724429 0.000973928 0.0115255 0.000418994 0.139314 0.00853845 0.0384886 0.000656824 0.0824447 0.00050128 0.0144996 0.201728 0.0592945 6.53734e-05 0.00212948 
6.60778e-06 0.0071622 0.000477921 0.0170421 0.00772727 0.000112724 0.916938 0.00566863 0.00233893 0.0142499 0.0183688 6.10179e-05 0.000477678 2.0689e-05 0.00120753 0.00121509 1.35859e-05 1.00991e-10 0.00691156 
0.000427068 0.522745 6.87607e-05 0.126376 0.025421 0.000136335 0.0172562 1.41579e-06 0.009603 0.00200948 0.00944595 0.00122705 0.207149 1.43593e-06 0.000880871 0.0748409 0.000413052 1.55103e-10 0.00199721 
3.98611e-05 0.722113 9.67758e-05 0.0171813 0.0610484 0.000368375 0.00333692 3.20093e-12 0.0382228 0.026821 0.0655378 0.0014509 0.00113707 1.78197e-08 0.0198847 1.94222e-05 0.00146569 2.42162e-12 0.0412759 
5.77454e-05 1.73084e-07 7.82576e-05 3.25806e-09 2.5869e-05 6.2213e-07 4.17509e-06 3.61294e-12 1.86326e-06 2.99237e-05 0.000305704 0.99917 3.90405e-06 1.65501e-09 0.000166485 5.43252e-06 1.39887e-07 2.73332e-12 0.000150032 
6.73693e-08 0.229116 0.000234611 0.120872 0.0134094 0.00146148 0.0585493 4.33768e-07 0.031214 0.0045365 0.470563 1.64446e-07 0.0126849 5.5457e-10 0.00262226 0.0255874 0.010293 4.94649e-10 0.0188555 
2.15842e-05 0.315789 1.25741e-05 0.0263689 0.0102432 3.17424e-06 0.000256395 2.86707e-07 0.038772 0.0113056 0.160491 0.000132511 0.00144639 2.43179e-07 0.095022 0.00152669 0.21337 2.16904e-07 0.125238 
0.000251658 0.0222949 0.00211776 0.0049274 0.0425937 0.0122906 0.0012893 9.52957e-09 0.00892162 0.554759 0.0292783 4.31111e-05 0.00223672 4.52095e-06 8.0775e-05 1.59692e-06 0.318814 7.20946e-09 9.47409e-05 
1.35737e-07 0.0410161 1.26685e-05 0.00071515 0.00977027 0.000601499 0.00263639 4.16347e-07 0.39897 0.536085 0.00919267 5.32099e-06 0.000165313 2.10702e-07 0.000164831 1.56915e-05 0.000185486 6.69399e-08 0.00046327 
0.000126837 0.103085 0.000324538 0.661455 0.00767111 0.0249847 0.0241891 0.00162462 0.0920005 0.0132878 0.0162751 0.00143667 0.0362268 0.000285867 0.000967554 0.0129042 0.00152541 5.64354e-08 0.00162907 
0.0870557 0.0654909 0.00810506 0.038637 0.0506878 0.00684927 0.00898822 0.000626597 0.184327 0.010966 0.0297331 0.365137 0.126737 0.000680816 0.00946962 0.00501853 0.000484877 3.38189e-08 0.00100552 
0.000222792 0.0837324 0.00872167 0.0413367 0.0351781 0.0061761 0.0569592 1.43084e-05 0.0240275 0.0118221 0.468711 0.00924315 0.00844554 0.00103745 0.106627 0.0216277 0.00803908 8.7112e-06 0.108069 
7.7936e-05 0.305259 0.000476404 0.0741202 0.00113844 0.134357 0.11335 7.11926e-09 0.0642224 0.0312283 0.0419247 0.000102107 0.148291 0.0149708 9.63593e-07 0.0495894 0.0205916 5.38597e-09 0.000300322 
0.000262464 0.0905791 0.00377631 0.0116985 0.0393106 0.0159191 0.0124175 0.000243565 0.169477 0.172458 0.340593 0.000941739 0.00586242 0.00358833 0.104826 0.00106201 0.0217282 1.40789e-06 0.00525454 
0.000415053 0.0343053 0.0166712 0.0196209 0.02947 8.19971e-05 0.000133963 0.0372631 0.572629 0.00322192 0.0011953 0.0834862 0.0108756 6.92895e-07 0.00036131 0.165513 0.0247103 1.88006e-09 4.5285e-05 
2.41855e-06 0.0970809 9.32917e-05 0.0792253 0.0028036 0.0013814 0.00878501 2.4361e-08 0.0148431 0.00321854 0.0693738 0.620156 0.000668852 3.92935e-05 0.00465292 0.0301014 6.32895e-05 2.68186e-09 0.0675105 
9.86681e-05 0.462532 0.000795645 0.0785342 0.0894891 0.000318512 0.0514473 5.41879e-05 0.0958391 0.050803 0.0628567 0.00177808 0.013303 2.07045e-05 0.0214183 0.0229098 0.0442702 1.38199e-05 0.00351769 
1.59568e-05 0.0315655 0.00229948 0.0762908 0.417349 0.000161624 0.0119851 0.0244743 0.0262546 0.0219142 0.0581759 0.220516 0.0019452 0.0040083 0.0156342 0.0439118 0.0109751 1.5075e-05 0.0325085 
0.000605161 0.458007 0.000500368 0.0494366 0.0238484 3.00603e-05 0.0875741 0.00427112 0.0851165 0.149661 0.0843455 0.000255586 0.0122021 0.0227348 0.00213703 0.0118372 0.00274173 1.63073e-05 0.00468021 
0.00330008 0.155959 0.000370219 0.0273222 0.13746 0.0413271 0.0127442 5.74182e-05 0.307797 0.0187887 0.0762268 0.003048 0.0237761 0.000612578 0.171695 0.0160189 0.00303927 1.99993e-06 0.000454704 
0.000823855 0.198873 0.000284543 0.378665 0.0289876 0.0015363 0.0283838 4.61056e-05 0.0157385 0.0106409 0.108934 0.00263607 0.0116196 3.34451e-05 0.0335481 0.124366 0.0073837 8.37412e-06 0.0474912 
0.00106567 0.524505 0.000150014 0.0340402 0.0241912 0.00176907 0.0325141 1.88023e-05 0.184954 0.0299095 0.0398834 0.0222702 0.0409242 0.000755098 0.00410032 0.0418911 0.0150264 1.10914e-06 0.00203058 
0.351716 0.0222251 0.357899 0.00206834 0.0111303 0.000100434 0.00275572 3.00196e-11 0.0388415 0.0373917 0.0435861 0.0935155 0.015402 1.79722e-08 0.0203197 0.000166841 0.000408256 2.27109e-11 0.00247406 
0.000197657 0.255832 0.00142644 0.118389 0.0807272 0.000733472 0.012103 0.000464518 0.200721 0.0177377 0.0533038 0.003391 0.0281286 0.000135677 0.0198757 0.0335787 0.164937 2.02683e-05 0.00829674 
0.000528412 0.37031 0.000893113 0.191617 0.0886003 0.00115247 0.00397625 1.3053e-08 0.0971961 0.0217939 0.169349 0.000576368 0.0323398 9.57792e-07 0.0136624 0.00330603 0.000179211 9.87506e-09 0.00451889 
0.000238276 0.117625 0.00583289 0.0931668 0.108689 6.17055e-05 0.0152788 0.0230421 0.033542 0.455038 0.0295226 0.00523175 0.0302261 2.07391e-05 0.0516209 0.0110766 0.0196889 1.82339e-05 7.94671e-05 
1.35737e-07 0.0410161 1.26685e-05 0.00071515 0.00977027 0.000601499 0.00263639 4.16347e-07 0.39897 0.536085 0.00919267 5.32099e-06 0.000165313 2.10702e-07 0.000164831 1.56915e-05 0.000185486 6.69399e-08 0.00046327 
0.00279941 0.152288 0.0055662 0.0326955 0.200099 0.000144466 0.107953 5.15751e-07 0.125218 0.256468 0.0403988 0.0210521 0.00161465 0.0100765 0.0367603 0.00203549 0.00481732 2.80031e-09 1.23649e-05 
0.000930171 0.1195 0.00213323 0.0796943 0.0203265 0.00102178 0.00298191 3.0453e-05 0.509136 0.0541892 0.0447412 0.00247539 0.0168815 0.0112176 0.0421522 0.0798336 0.0109462 2.11282e-05 0.0017872 
0.00484894 0.0615093 0.000302791 0.00824501 0.000285394 0.00249548 0.230483 0.0791714 0.0176472 0.527514 0.0110945 0.0120394 0.0224432 6.79634e-08 4.09777e-05 0.0194171 0.00213049 6.062e-08 0.000331097 
0.0720378 0.123354 5.92334e-05 0.0118566 0.0159502 0.000193254 0.0158642 0.0049047 0.116522 0.00976963 0.0306244 2.9411e-05 0.0134494 0.00093067 0.019078 0.0133674 0.550732 7.62253e-07 0.00127601 
3.12647e-06 0.118664 9.06975e-05 0.181363 0.0224174 0.00289162 0.437276 3.57844e-06 0.0358869 0.00499236 0.161323 0.00352277 0.00390598 5.33152e-05 0.00290254 0.0206762 4.54721e-05 1.65788e-06 0.00397906 
0.00579713 0.209924 0.00266274 0.0795113 0.134874 0.000807837 0.00398868 0.000344726 0.31918 0.0866809 0.0551698 0.00212835 0.0241092 0.000639262 0.0144282 0.0328144 0.0205948 6.74478e-05 0.00627696 
3.45429e-08 0.205097 3.02825e-08 0.531907 0.0351608 0.000150713 0.000874188 5.26843e-07 0.020134 0.00289513 0.132677 3.51334e-08 0.00660282 0.000125297 0.0125094 0.0450977 0.00374761 1.50084e-08 0.00302081 
2.41497e-05 0.16188 7.82299e-07 0.00319701 0.00477202 0.0188645 0.0142442 6.71263e-07 0.429122 0.280738 0.0159802 0.000212312 0.0151885 3.35312e-05 0.000124077 0.0521781 0.00312018 3.00994e-10 0.000319841 
0.000496713 0.0656898 0.00223362 0.0703038 0.0355362 0.000484978 0.00633607 6.40321e-06 0.248063 0.0266864 0.00792744 0.025335 0.0065498 0.000862932 0.0173826 0.451971 0.0339076 3.30783e-07 0.00022606 
3.02125e-05 0.00022344 5.65404e-05 5.20818e-05 5.59233e-05 0.0292373 8.40882e-05 2.50074e-09 0.881753 0.000256878 6.70473e-05 4.01793e-05 6.17072e-05 0.0799151 0.000826108 0.00729557 9.46855e-06 1.8919e-09 3.48095e-05 
0.00225229 0.109686 7.55233e-08 0.455029 0.137184 0.00553019 0.00710922 6.41751e-11 0.0481937 0.0267644 0.0161394 1.09364e-05 0.058288 5.7159e-07 0.078798 1.76034e-07 1.65586e-05 4.85507e-11 0.0549972 
3.83305e-05 0.0326975 0.00128459 0.0143983 0.00798001 0.00227373 0.101929 0.0348931 0.391836 0.294453 0.0555134 0.0013334 0.00294124 0.000461616 0.000370093 0.0392371 0.0180266 4.09771e-07 0.000332809 
2.55422e-07 0.488553 2.01582e-08 0.216657 0.194203 2.02592e-05 0.000173348 7.85054e-08 0.0020476 6.02294e-05 0.0148498 0.000566333 0.0385427 1.65959e-05 0.00402893 0.0377455 0.00188869 3.15699e-10 0.000646216 
0.00412393 0.451089 0.00118768 0.16598 0.0669165 0.00220765 0.0614369 3.81176e-05 0.0684208 0.0421541 0.0599872 0.0050477 0.0141953 0.000769798 0.00458162 0.0425335 0.00178461 2.51696e-05 0.00752105 
0.0187779 0.0836394 2.40809e-05 0.0972972 0.211957 0.000159586 0.0497075 0.00655462 0.166056 0.0704198 0.126194 6.56715e-05 0.0267693 0.00018328 0.0485952 0.0499911 0.0412661 7.91259e-06 0.00233381 
1.80258e-05 0.26207 0.000336286 0.601722 0.00756323 0.00112196 0.0101886 3.80179e-09 0.0205993 0.000732346 0.00606182 0.0093705 0.0458887 2.30173e-06 0.000569481 0.00695416 0.000146707 6.94149e-12 0.0266539 
0.000377894 0.0690036 0.00324764 0.0288161 0.0187008 0.00287922 0.0217168 0.000802171 0.0198402 0.0259659 0.709306 0.00456719 0.00796469 0.00386764 0.0444602 0.0100452 0.00340408 3.47552e-05 0.0249997 
0.00381265 0.0914837 2.60565e-05 0.0252737 0.0087166 0.00685433 0.00137286 6.33355e-05 0.458719 0.0468559 0.01815 8.89572e-05 0.11629 0.000197779 0.000691058 0.200661 0.018241 8.56865e-06 0.00249381 
8.39551e-05 0.145807 6.77992e-05 0.133825 0.00535736 0.00529743 0.0220456 0.00136505 0.0527135 0.0414383 0.501334 2.58274e-06 0.0330311 3.02176e-05 0.00659601 0.0353808 0.0071711 1.97312e-06 0.00845088 
1.75246e-05 0.0810768 9.36607e-06 0.0194082 0.001922 4.41122e-05 0.01479 0.0407623 0.0281085 0.0124935 0.649249 0.000442078 0.00107784 0.0069908 0.0432669 0.000296416 0.000199755 4.45051e-07 0.0998448 
8.72214e-07 0.0164382 0.000147848 0.00373892 0.00537075 5.33266e-06 0.00120445 1.21993e-05 0.00218621 0.000167493 0.577967 0.00219249 0.00364511 1.08814e-06 0.115088 0.0536411 0.00109532 7.42461e-09 0.217097 
1.6926e-06 0.124408 3.70633e-05 0.0123115 0.00526462 9.29801e-05 0.0225989 2.65768e-05 0.0509524 0.0260749 0.028549 9.95915e-05 0.0198512 0.000467791 0.00281931 0.103633 0.602554 1.40539e-06 0.000255783 
