0.00031544 0.145717 0.000937356 0.0109609 0.488958 0.000184708 0.118519 2.17263e-05 0.0961517 0.00764958 0.00294898 6.51815e-06 0.000229186 1.54034e-06 0.000197785 0.125949 0.00098407 0.000266407 4.34335e-07 
7.40359e-06 6.47742e-05 9.07336e-06 1.57924e-05 9.73746e-06 0.999108 5.20751e-05 3.08501e-09 7.12571e-05 0.000115004 1.79225e-05 1.01686e-05 1.38695e-05 2.61665e-09 0.000418782 3.79277e-05 4.30621e-05 4.67018e-06 7.37826e-10 
0.00042687 0.0565743 0.000305358 0.0495702 0.807668 4.1689e-05 0.000484523 0.000368643 0.0212696 0.0243484 0.0119837 0.000127525 0.00978212 0.00132521 0.00782974 0.00614218 0.00167032 7.4449e-05 7.03121e-06 
2.52744e-08 0.290735 1.39513e-11 0.137218 0.505582 7.50988e-06 0.000630838 2.13508e-11 0.00669607 0.00251649 0.0372036 8.13881e-05 0.00397405 8.29251e-08 0.00238101 0.0120825 0.000891814 7.52502e-09 5.10635e-12 
0.0202936 0.0702065 8.80445e-05 0.00271878 0.00132393 0.000172816 0.0151979 5.67956e-05 0.485392 0.0374278 0.046384 0.00161286 0.00456591 2.32178e-05 7.30943e-06 0.0203765 0.294121 2.75191e-05 3.15526e-06 
4.44639e-05 0.00810003 0.000350268 0.00119727 0.974246 0.000155164 0.000595616 0.000508967 0.00573136 0.000125981 9.24738e-05 0.00016016 0.00115838 7.28669e-05 0.00420755 0.00208557 0.00104392 0.000103401 2.05465e-05 
0.0202936 0.0702065 8.80445e-05 0.00271878 0.00132393 0.000172816 0.0151979 5.67956e-05 0.485392 0.0374278 0.046384 0.00161286 0.00456591 2.32178e-05 7.30943e-06 0.0203765 0.294121 2.75191e-05 3.15526e-06 
7.63402e-07 0.624817 1.0242e-05 0.0115994 0.00790201 1.03562e-05 0.00163203 1.49289e-06 0.309291 0.00238162 0.00427098 5.35455e-06 0.0100952 1.30293e-07 0.00868607 0.0142803 0.0050157 4.47889e-07 5.4759e-08 
2.66889e-07 3.94364e-07 0.0123962 0.00166807 0.015015 9.01076e-11 0.00880641 2.20882e-10 0.0183372 0.925407 0.0174742 5.00473e-05 5.70639e-07 1.87348e-10 8.06073e-07 2.10996e-07 5.04284e-08 0.000842964 5.28272e-11 
4.67127e-06 0.286582 1.34831e-05 0.154031 0.0712823 7.47616e-07 0.00132905 2.58317e-07 0.0544971 0.000452777 0.00510567 0.000441529 0.363667 1.22775e-10 0.000286092 0.0537012 0.00860439 1.09509e-10 3.46193e-11 
2.06498e-05 0.126325 2.15802e-06 0.0275551 0.00273478 8.16191e-06 0.00608297 3.30259e-06 0.0058913 0.772494 0.0425234 0.00159604 2.44086e-05 2.50664e-05 0.000556913 0.00109926 0.0128517 0.000205223 7.89862e-07 
2.47865e-07 0.764909 0.00680378 5.72745e-06 0.0299507 7.51606e-10 0.0027357 1.84243e-09 0.0209648 0.00242682 0.137226 2.75833e-06 2.6099e-06 1.56271e-09 9.62686e-07 0.034961 9.22566e-06 3.51974e-07 4.40643e-10 
2.97131e-05 0.0154382 0.000430671 0.0168098 0.00266904 9.2946e-05 0.000427176 1.39192e-07 0.000958272 0.279689 0.00668483 0.174649 0.471844 1.1806e-07 5.51633e-05 0.0294854 0.000196747 0.000539465 3.32897e-08 
7.40359e-06 6.47742e-05 9.07336e-06 1.57924e-05 9.73746e-06 0.999108 5.20751e-05 3.08501e-09 7.12571e-05 0.000115004 1.79225e-05 1.01686e-05 1.38695e-05 2.61665e-09 0.000418782 3.79277e-05 4.30621e-05 4.67018e-06 7.37826e-10 
1.35896e-08 0.0833792 0.198974 0.0667535 0.0456947 7.38495e-06 0.0273428 3.38241e-06 0.0357982 0.417912 0.112883 4.29376e-07 0.00565564 2.84488e-06 0.000338834 0.00524817 5.61615e-06 2.783e-07 1.1297e-10 
0.000928404 0.0170221 2.92595e-06 0.00981747 0.0506349 6.31279e-07 2.90253e-06 1.25187e-05 0.159536 0.736635 0.0236201 1.50336e-07 5.93835e-07 1.98838e-10 0.000787373 1.42384e-06 1.33674e-06 0.000995843 5.60669e-11 
2.05406e-06 0.128898 1.17015e-05 0.0181943 0.238267 7.72872e-05 0.0268143 6.92268e-08 0.0157492 0.456407 0.0575155 0.00227425 0.00909772 5.87169e-08 3.48552e-06 0.0461861 0.000480982 2.03055e-05 1.65566e-08 
0.00032917 0.00826069 0.00163515 0.00283075 0.00147907 0.00100842 0.761032 6.51525e-06 0.14213 0.0732579 0.00349388 0.000267697 0.00115356 5.52611e-06 9.32353e-05 0.00207307 0.000936646 4.92902e-06 1.55822e-06 
0.000707584 0.244094 9.53311e-07 2.56367e-05 0.146227 0.000378086 4.80386e-06 5.65475e-09 0.068844 0.329604 0.0802544 0.0147808 1.69698e-05 0.00808308 0.0403231 0.048589 0.0180659 3.93957e-07 1.35242e-09 
0.000601584 0.0330574 0.146437 0.252775 0.179515 7.50354e-07 0.00015049 0.000238734 0.00594089 0.165555 0.0377433 7.70138e-06 0.000640463 3.72512e-06 0.0839049 0.0795068 0.00127605 0.0126454 1.92853e-07 
0.000288347 0.0668226 0.00432431 0.00853944 0.00313 0.127308 0.0333484 0.000219591 0.468047 0.143774 0.00426143 9.15265e-06 0.0466924 2.40006e-05 0.00579074 0.0553228 0.0318245 0.000269759 3.26649e-06 
0.00146248 0.277226 0.101175 1.47157e-06 0.115884 3.1376e-10 1.37531e-06 6.16068e-07 4.73089e-06 0.424282 0.0120032 5.95008e-06 0.0679518 6.52357e-10 2.91267e-07 7.06444e-07 7.89561e-07 1.75143e-07 1.83947e-10 
0.000112375 0.000272808 2.22642e-06 0.00247269 0.0947848 1.38997e-06 0.00330002 6.04247e-05 0.000866213 0.845885 0.000150621 0.0386829 0.00134405 2.88998e-06 0.010847 0.000440272 0.000771228 2.57772e-06 8.14898e-07 
0.000597971 0.0791753 0.00939789 0.00787102 0.0329565 6.13145e-05 1.0203e-05 4.0939e-09 0.165542 0.677998 0.00498613 0.000373697 0.0155616 1.76705e-05 7.21613e-07 0.00523555 0.000211744 2.44694e-06 9.79116e-10 
0.00042687 0.0565743 0.000305358 0.0495702 0.807668 4.1689e-05 0.000484523 0.000368643 0.0212696 0.0243484 0.0119837 0.000127525 0.00978212 0.00132521 0.00782974 0.00614218 0.00167032 7.4449e-05 7.03121e-06 
0.000612634 0.156139 0.0024509 0.168628 0.197658 4.58429e-10 0.00237367 8.90643e-07 0.225878 0.171235 0.00236057 1.45002e-06 0.0308477 9.53147e-10 1.10731e-06 0.0349747 0.00683693 8.5016e-10 2.68762e-10 
2.52744e-08 0.290735 1.39513e-11 0.137218 0.505582 7.50988e-06 0.000630838 2.13508e-11 0.00669607 0.00251649 0.0372036 8.13881e-05 0.00397405 8.29251e-08 0.00238101 0.0120825 0.000891814 7.52502e-09 5.10635e-12 
0.000928404 0.0170221 2.92595e-06 0.00981747 0.0506349 6.31279e-07 2.90253e-06 1.25187e-05 0.159536 0.736635 0.0236201 1.50336e-07 5.93835e-07 1.98838e-10 0.000787373 1.42384e-06 1.33674e-06 0.000995843 5.60669e-11 
1.92518e-05 0.187355 1.40615e-07 0.126222 0.607001 0.000295187 0.00398451 1.98311e-08 0.0215607 0.00824684 0.00822237 9.36361e-05 0.0242882 7.14542e-08 0.00539168 0.00431113 0.00299463 1.29816e-05 1.49003e-08 
0.00042687 0.0565743 0.000305358 0.0495702 0.807668 4.1689e-05 0.000484523 0.000368643 0.0212696 0.0243484 0.0119837 0.000127525 0.00978212 0.00132521 0.00782974 0.00614218 0.00167032 7.4449e-05 7.03121e-06 
0.000331923 6.62935e-05 8.39698e-05 7.36691e-06 0.114725 4.98177e-06 0.236377 2.00162e-09 0.381602 0.156318 2.63586e-06 1.37523e-06 0.0289154 0.000174698 0.000129669 0.0453404 0.035914 4.69583e-06 4.78716e-10 
7.40359e-06 6.47742e-05 9.07336e-06 1.57924e-05 9.73746e-06 0.999108 5.20751e-05 3.08501e-09 7.12571e-05 0.000115004 1.79225e-05 1.01686e-05 1.38695e-05 2.61665e-09 0.000418782 3.79277e-05 4.30621e-05 4.67018e-06 7.37826e-10 
0.00301111 0.0250808 0.000528935 0.0603453 0.487947 5.86387e-05 0.000699095 0.00115906 0.0231384 0.0658894 0.00115685 0.00357907 0.00259059 0.00969075 0.00307403 0.0104911 0.0024328 0.299099 2.88644e-05 
6.17861e-05 0.0254365 2.94337e-05 1.41075e-05 0.0742979 2.06947e-07 0.00450362 5.07294e-07 0.0160333 0.735268 0.115705 1.8818e-05 0.0084318 4.30277e-07 1.02383e-06 0.00726421 0.0129289 5.13115e-06 1.21327e-07 
8.4418e-09 0.525238 8.20233e-08 0.0466639 0.103937 3.3507e-08 0.000120896 1.1798e-07 0.0725355 3.19536e-08 2.46171e-08 2.6112e-05 0.118488 6.19375e-11 0.00271613 0.0494211 0.0808524 1.07594e-08 1.74647e-11 
0.000104694 0.294387 0.00409316 0.00462554 0.102692 0.000339239 0.030712 8.60439e-10 0.103476 0.262228 0.0929787 5.70025e-07 0.027928 7.29808e-10 1.93855e-06 8.2593e-07 0.0764315 8.86747e-07 2.05787e-10 
6.12853e-05 0.0541566 0.00168681 0.0196017 0.0310287 2.40095e-06 0.124123 7.51696e-07 0.00323532 0.637681 0.111251 1.9582e-05 0.00246924 0.0013159 0.00088895 0.00916836 0.00330206 6.94011e-06 3.55979e-09 
1.88345e-06 0.00715495 6.90358e-05 0.00488966 0.000980103 0.000619281 0.00534941 3.07929e-08 0.147504 0.714116 0.117704 7.97286e-06 7.45879e-06 0.00105687 5.75534e-06 5.11916e-06 0.000528243 2.32959e-08 7.36457e-09 
2.10484e-06 0.0067933 8.58292e-09 0.00735018 0.0031446 2.27545e-06 4.96048e-06 1.31351e-08 0.0501869 0.678549 0.135517 6.0124e-09 0.0505543 6.93364e-06 6.68212e-06 0.050461 0.01742 9.93719e-09 3.14146e-09 
1.92518e-05 0.187355 1.40615e-07 0.126222 0.607001 0.000295187 0.00398451 1.98311e-08 0.0215607 0.00824684 0.00822237 9.36361e-05 0.0242882 7.14542e-08 0.00539168 0.00431113 0.00299463 1.29816e-05 1.49003e-08 
0.00113903 0.0741561 0.00325322 0.00419495 0.00910741 0.000227854 0.039434 4.2556e-05 0.0519005 0.106257 0.00441828 1.45716e-05 0.00535263 0.0368652 1.66067e-05 0.0138792 0.00416029 0.645579 1.36443e-06 
0.00074968 0.017086 0.0015387 0.0121656 0.40588 0.00328566 0.000295241 0.00231084 0.21344 0.0142889 0.00513683 0.00258719 0.0062811 0.000778602 0.000863949 0.285614 0.0274828 0.000142198 7.27451e-05 
6.58772e-05 0.00845684 0.000102539 0.000104548 0.00409613 0.000233423 0.0122902 1.39435e-05 4.89559e-05 0.908038 0.0151627 4.09907e-06 0.000159311 9.1994e-05 0.00359489 0.0462174 0.000399224 0.000919713 6.96179e-08 
7.63402e-07 0.624817 1.0242e-05 0.0115994 0.00790201 1.03562e-05 0.00163203 1.49289e-06 0.309291 0.00238162 0.00427098 5.35455e-06 0.0100952 1.30293e-07 0.00868607 0.0142803 0.0050157 4.47889e-07 5.4759e-08 
0.000834122 0.0143731 0.00288175 0.0119434 0.00625386 1.22379e-07 0.0138591 0.00156025 0.00559197 0.0295413 0.872045 0.00045328 0.00101655 0.0104834 0.0199924 0.00643953 0.00273005 2.26953e-07 7.17471e-08 
1.08131e-06 0.0011848 1.56337e-05 2.04864e-06 1.15497e-06 3.38e-06 0.00458174 2.74817e-08 0.0657542 0.919198 7.37316e-06 1.25793e-08 3.17385e-06 4.4817e-05 2.00295e-06 7.6026e-06 7.14049e-06 0.00918565 6.57266e-09 
8.35139e-05 0.000927469 8.9095e-08 0.000429147 0.000387204 5.56228e-08 0.000346044 1.36349e-07 0.103413 0.000402247 0.119604 0.000206021 0.000125818 0.000832787 1.86553e-05 0.000434114 0.772789 1.03153e-07 3.26099e-08 
1.43015e-06 0.0305453 5.11753e-09 2.44817e-05 0.0923954 9.18935e-07 0.00133166 7.83176e-09 0.00217646 0.855769 0.00726059 1.30773e-06 1.5085e-05 6.64275e-09 0.00299244 3.87562e-06 0.00748131 4.30488e-07 1.87308e-09 
1.14788e-08 0.730279 1.05935e-11 0.170089 1.93035e-07 3.68823e-08 0.0125657 1.6212e-11 0.026747 7.18597e-09 0.00387404 7.42081e-12 0.00972298 3.98784e-08 8.07063e-06 0.0425825 0.00413101 1.47047e-07 3.87734e-12 
3.20755e-06 0.638686 5.51399e-07 0.00236406 0.0190037 1.12437e-05 0.0214055 0.000168998 0.220364 0.00725551 0.0182701 2.32958e-07 0.00157142 2.88158e-08 7.5575e-06 0.0619158 0.00897236 9.48037e-08 8.1253e-09 
1.08131e-06 0.0011848 1.56337e-05 2.04864e-06 1.15497e-06 3.38e-06 0.00458174 2.74817e-08 0.0657542 0.919198 7.37316e-06 1.25793e-08 3.17385e-06 4.4817e-05 2.00295e-06 7.6026e-06 7.14049e-06 0.00918565 6.57266e-09 
1.03565e-06 0.00103756 3.08456e-08 0.00632275 0.00418287 1.92572e-08 0.011825 4.72055e-08 0.05474 0.809356 0.104005 0.00475478 0.0034508 4.00388e-08 1.9265e-07 6.26419e-07 0.000319073 3.62235e-06 1.12899e-08 
8.11751e-05 0.000124642 0.00184786 0.000799353 0.0503566 8.84844e-05 0.00017091 2.78869e-06 0.000377474 0.859802 0.000215801 0.000387863 0.0153362 0.00112449 5.97143e-05 0.0345524 0.0296351 0.00503636 6.66957e-07 
1.86696e-05 0.00154349 0.00025986 0.00354002 0.000499945 0.000258337 0.0285075 6.23764e-06 0.826821 0.0103392 0.0849367 5.17215e-05 0.00110124 5.29065e-06 0.00185044 0.0398871 0.000340887 3.10774e-05 1.49182e-06 
1.03565e-06 0.00103756 3.08456e-08 0.00632275 0.00418287 1.92572e-08 0.011825 4.72055e-08 0.05474 0.809356 0.104005 0.00475478 0.0034508 4.00388e-08 1.9265e-07 6.26419e-07 0.000319073 3.62235e-06 1.12899e-08 
2.42661e-06 0.762255 0.000167905 0.00589839 0.0128728 0.0122906 0.0131114 0.000706542 0.132039 0.00650451 0.000533444 8.19056e-07 0.00733709 2.98433e-11 0.0042369 0.0358603 0.00618263 5.3377e-08 8.41503e-12 
0.00163516 0.0102497 0.000475923 0.073532 0.0146741 8.04047e-06 0.0174828 0.00117198 0.000199071 0.810378 0.00575262 0.00206907 0.0046134 9.62744e-06 0.000115743 0.0148608 0.0427186 4.65895e-05 6.66943e-06 
0.166498 0.127349 0.146944 0.0271013 0.0570611 0.000397159 0.00252476 1.15257e-05 0.349644 0.0612088 0.00867699 0.000214677 0.0310303 2.74657e-05 0.0107018 0.0101731 0.000400258 2.49877e-05 1.0841e-05 
1.43015e-06 0.0305453 5.11753e-09 2.44817e-05 0.0923954 9.18935e-07 0.00133166 7.83176e-09 0.00217646 0.855769 0.00726059 1.30773e-06 1.5085e-05 6.64275e-09 0.00299244 3.87562e-06 0.00748131 4.30488e-07 1.87308e-09 
7.40359e-06 6.47742e-05 9.07336e-06 1.57924e-05 9.73746e-06 0.999108 5.20751e-05 3.08501e-09 7.12571e-05 0.000115004 1.79225e-05 1.01686e-05 1.38695e-05 2.61665e-09 0.000418782 3.79277e-05 4.30621e-05 4.67018e-06 7.37826e-10 
0.00118725 0.00386682 0.0172157 0.00225631 0.00127046 0.00371431 0.0170779 1.37933e-06 0.0383119 0.0967436 0.00812678 6.31365e-07 0.003494 1.16992e-06 0.00220501 0.00837758 0.794374 0.00177501 3.29886e-07 
0.535438 0.0365263 0.070237 0.0179754 0.0321784 0.00053928 0.00512225 0.00401197 0.178732 0.0126814 0.0131626 0.0540423 0.0117226 0.000805275 0.00148832 0.0156167 0.000838358 0.0084099 0.000472162 
0.000197838 0.0503145 1.38131e-06 0.00746901 0.0899487 2.43241e-08 4.35748e-09 2.49199e-07 0.832551 0.00034326 0.00206197 0.00122133 0.015583 1.01127e-11 0.000304548 1.00256e-06 1.84723e-06 7.93852e-08 2.85152e-12 
2.72329e-06 0.000127122 0.000180695 0.000185665 0.00388483 0.000162633 0.0130092 1.91024e-07 0.540651 0.0322263 0.0588736 8.74382e-08 2.1114e-05 3.46497e-05 1.34703e-05 0.103238 0.247136 0.000253269 4.56861e-08 
6.53718e-07 0.00971952 5.44784e-07 2.4048e-07 0.000373041 0.000352319 0.000693303 4.43963e-09 0.0108678 1.0062e-06 0.000105335 2.41699e-08 0.00194332 0.000354998 7.97784e-06 0.952519 0.0230613 3.35874e-09 1.0618e-09 
0.00470911 0.0578394 0.0025498 0.0146838 0.00154383 9.04841e-07 0.0445116 5.06817e-05 0.024594 0.659771 0.0145173 0.170423 0.00167153 1.74764e-06 0.000198172 2.8898e-07 0.00293385 2.48403e-07 1.53999e-10 
7.63402e-07 0.624817 1.0242e-05 0.0115994 0.00790201 1.03562e-05 0.00163203 1.49289e-06 0.309291 0.00238162 0.00427098 5.35455e-06 0.0100952 1.30293e-07 0.00868607 0.0142803 0.0050157 4.47889e-07 5.4759e-08 
9.97518e-08 0.108235 3.90093e-06 0.0859938 0.0458713 6.86931e-08 3.92292e-07 0.175659 0.208753 0.00642017 0.0384313 0.000366975 0.00549195 1.71383e-07 2.26274e-07 0.162803 0.161724 0.000246834 4.02727e-08 
0.0210297 0.134083 0.00908737 0.0771201 0.158734 0.0018057 0.00802781 0.00222801 0.380563 0.017218 0.0145133 0.00225446 0.0321563 0.0013801 0.00197837 0.06937 0.00850756 0.0590095 0.000933229 
1.21643e-06 0.042527 1.88348e-07 0.256932 0.399395 8.66615e-07 0.0194042 0.000129542 0.00290662 0.0768582 0.143788 0.00101678 0.014602 0.00031054 1.08882e-05 0.0417988 0.000186051 0.000132099 6.89378e-08 
0.000219397 0.00265952 1.91299e-08 0.000168246 0.000936504 4.62714e-06 0.00405471 2.9276e-08 0.00999606 0.816116 0.160589 4.09274e-06 2.70358e-05 2.48314e-08 0.00113621 0.00406453 4.07191e-06 2.03311e-05 7.00179e-09 
7.63402e-07 0.624817 1.0242e-05 0.0115994 0.00790201 1.03562e-05 0.00163203 1.49289e-06 0.309291 0.00238162 0.00427098 5.35455e-06 0.0100952 1.30293e-07 0.00868607 0.0142803 0.0050157 4.47889e-07 5.4759e-08 
8.33574e-05 0.00379499 0.00443911 0.000682311 0.000164662 0.000330983 0.0148471 1.86201e-11 0.260404 0.692433 0.0133514 8.52307e-12 0.00071227 1.57932e-11 0.000452479 0.00560949 0.00265446 4.07588e-05 4.45327e-12 
7.63402e-07 0.624817 1.0242e-05 0.0115994 0.00790201 1.03562e-05 0.00163203 1.49289e-06 0.309291 0.00238162 0.00427098 5.35455e-06 0.0100952 1.30293e-07 0.00868607 0.0142803 0.0050157 4.47889e-07 5.4759e-08 
3.13692e-05 0.319154 0.000166058 0.0287333 0.490663 1.14325e-07 3.7196e-08 1.0975e-11 0.120415 0.00507539 0.00150621 6.80933e-09 0.00304403 1.08829e-08 7.88185e-06 0.0217348 0.00935731 0.000111364 2.62484e-12 
0.00158948 0.688774 3.58556e-08 0.156374 0.0134308 0.000466865 2.79082e-05 5.48727e-08 0.0237106 0.0790069 0.034718 0.000916627 0.000510781 0.000354688 8.10006e-07 1.505e-06 0.000116088 1.86151e-07 1.31236e-08 
1.10174e-08 0.326832 1.64104e-08 0.023842 0.537771 2.38203e-12 0.00135292 5.83911e-12 0.0643719 0.00294385 0.0116088 1.70706e-05 0.0124465 4.95263e-12 7.48878e-05 0.00763124 0.0111076 3.09667e-09 1.39651e-12 
2.8294e-06 0.0724874 1.0612e-05 0.00492914 0.00184676 9.00678e-06 0.684987 1.52657e-05 0.22007 0.00104452 0.00454677 4.36662e-06 0.00234666 3.12259e-08 0.000388956 0.00577004 0.0015389 1.4104e-06 8.80488e-09 
3.86521e-07 1.25888e-06 5.60474e-06 0.0046285 4.13613e-07 1.20923e-06 0.111759 4.49054e-10 1.24728e-05 0.872469 0.0111148 2.05548e-10 1.13751e-06 3.80879e-10 7.17864e-07 2.72741e-06 2.56056e-06 5.77873e-07 1.07398e-10 
8.27107e-05 0.0275051 6.17946e-08 0.000338448 0.000305638 3.85789e-08 0.288228 9.45692e-08 0.0841309 0.0427311 0.00917897 0.000121078 0.0531328 0.0073599 6.81728e-06 0.0217954 0.465078 4.92797e-06 2.26176e-08 
0.000307247 0.0167995 2.00127e-06 0.0189905 0.00145388 0.000117192 0.00947291 2.31853e-09 0.781921 0.0579512 0.00114935 2.56554e-06 0.000918047 6.5747e-07 2.70021e-08 0.0985593 0.012355 1.75405e-09 5.5451e-10 
2.94197e-07 0.088562 1.02613e-08 0.137022 0.00908139 0.00089765 0.00308952 1.57037e-08 0.0306606 0.279498 0.0174818 3.32093e-06 0.109891 8.78534e-07 1.4718e-05 0.246606 0.0771912 7.52674e-07 3.75576e-09 
0.00197122 0.0989198 0.00371471 0.0483877 0.373609 0.000284168 0.0162872 0.010694 0.0918362 0.211999 0.0715341 0.00144411 0.00323065 0.0360627 0.00952476 0.0160112 0.00410719 0.000331818 5.00041e-05 
1.92518e-05 0.187355 1.40615e-07 0.126222 0.607001 0.000295187 0.00398451 1.98311e-08 0.0215607 0.00824684 0.00822237 9.36361e-05 0.0242882 7.14542e-08 0.00539168 0.00431113 0.00299463 1.29816e-05 1.49003e-08 
7.40359e-06 6.47742e-05 9.07336e-06 1.57924e-05 9.73746e-06 0.999108 5.20751e-05 3.08501e-09 7.12571e-05 0.000115004 1.79225e-05 1.01686e-05 1.38695e-05 2.61665e-09 0.000418782 3.79277e-05 4.30621e-05 4.67018e-06 7.37826e-10 
0.00038984 0.0156728 4.83026e-06 0.031135 0.0204307 1.71529e-06 0.000931216 1.55633e-08 0.0868358 0.811079 0.0182475 0.00672368 0.00270867 0.000109775 1.30166e-05 0.00510072 0.00042563 0.00018996 3.72219e-09 
6.98493e-07 0.102907 8.31573e-07 0.0521871 0.0190291 3.68731e-06 0.0365637 2.05255e-08 0.370097 0.00955991 0.104288 7.66318e-06 0.0731113 3.25765e-05 2.59792e-05 0.111742 0.120444 3.51264e-07 4.90898e-09 
7.63402e-07 0.624817 1.0242e-05 0.0115994 0.00790201 1.03562e-05 0.00163203 1.49289e-06 0.309291 0.00238162 0.00427098 5.35455e-06 0.0100952 1.30293e-07 0.00868607 0.0142803 0.0050157 4.47889e-07 5.4759e-08 
2.23081e-06 0.107893 2.59397e-05 0.0012966 0.0068921 9.51839e-06 0.000143991 3.66314e-05 0.869572 1.30304e-05 1.53445e-05 9.37854e-06 0.000559505 6.41646e-07 0.010835 0.00234244 0.000350338 2.92573e-06 1.80927e-07 
0.00021093 0.000686989 0.00305858 0.962471 0.000225714 0.000659895 0.0030341 2.45055e-07 0.00680659 0.0171877 0.00144382 1.1217e-07 0.000620753 2.07851e-07 0.000391748 0.00148838 0.00139733 0.000315353 5.86084e-08 
3.63176e-10 0.426902 2.37721e-11 0.0041595 0.465867 1.53169e-05 0.000506258 3.63803e-11 0.0124323 4.07588e-05 0.00256732 2.08461e-06 0.00909081 4.89807e-08 1.6583e-05 0.00797879 0.0704219 2.7523e-11 8.70088e-12 
1.03565e-06 0.00103756 3.08456e-08 0.00632275 0.00418287 1.92572e-08 0.011825 4.72055e-08 0.05474 0.809356 0.104005 0.00475478 0.0034508 4.00388e-08 1.9265e-07 6.26419e-07 0.000319073 3.62235e-06 1.12899e-08 
4.67127e-06 0.286582 1.34831e-05 0.154031 0.0712823 7.47616e-07 0.00132905 2.58317e-07 0.0544971 0.000452777 0.00510567 0.000441529 0.363667 1.22775e-10 0.000286092 0.0537012 0.00860439 1.09509e-10 3.46193e-11 
0.00101597 0.0937533 0.00204226 0.0297844 0.078467 0.00109645 0.00390948 0.00103863 0.0400377 0.658316 0.0276206 0.000522031 0.0194212 0.00120051 0.00510509 0.0038471 0.031476 0.00133449 1.15512e-05 
7.21466e-05 0.0351345 1.8569e-05 0.0111762 2.91968e-05 0.00544808 0.154291 8.57393e-08 0.0301466 0.65004 0.0303405 4.72878e-06 0.000548168 7.27224e-08 6.86648e-06 0.081154 0.00148811 0.000101416 2.05058e-08 
0.00102932 6.5013e-05 1.30955e-05 0.00215 0.00319087 3.88997e-08 0.000321799 7.151e-06 0.00216367 0.977724 0.00969718 2.09321e-06 0.000147687 0.00141399 0.000296763 2.91374e-05 0.00037795 0.00137029 2.28056e-08 
0.000307247 0.0167995 2.00127e-06 0.0189905 0.00145388 0.000117192 0.00947291 2.31853e-09 0.781921 0.0579512 0.00114935 2.56554e-06 0.000918047 6.5747e-07 2.70021e-08 0.0985593 0.012355 1.75405e-09 5.5451e-10 
0.000307247 0.0167995 2.00127e-06 0.0189905 0.00145388 0.000117192 0.00947291 2.31853e-09 0.781921 0.0579512 0.00114935 2.56554e-06 0.000918047 6.5747e-07 2.70021e-08 0.0985593 0.012355 1.75405e-09 5.5451e-10 
1.24028e-05 0.432361 9.45838e-08 0.00735394 0.00971606 0.00139944 0.00897031 1.99472e-10 0.409607 0.00528134 0.012061 8.8369e-07 0.00655895 3.75899e-06 2.99897e-06 0.0372252 0.0694461 3.89103e-08 4.77066e-11 
3.50071e-06 0.0438372 0.000226062 0.000303579 0.00206858 0.000255979 0.0144823 5.29256e-07 0.00551087 0.789318 0.084374 4.92976e-06 0.000522028 4.48905e-07 0.00537017 0.0536989 1.99738e-05 2.55247e-06 1.26579e-07 
0.00470911 0.0578394 0.0025498 0.0146838 0.00154383 9.04841e-07 0.0445116 5.06817e-05 0.024594 0.659771 0.0145173 0.170423 0.00167153 1.74764e-06 0.000198172 2.8898e-07 0.00293385 2.48403e-07 1.53999e-10 
0.000178443 0.0743475 2.07088e-11 0.295476 0.467995 6.72422e-08 0.00742898 3.16924e-11 2.41286e-08 0.0198081 0.0158398 9.57582e-08 0.0509406 1.42496e-07 9.74555e-07 0.0657399 0.00224443 3.11933e-08 7.57969e-12 
6.89635e-07 0.0956432 0.000186012 0.00341609 0.000766601 1.35305e-05 0.0191262 0.156701 0.686461 0.00127826 0.00409393 2.81353e-06 0.0246924 0.00129345 0.000534203 0.00236085 0.0034265 2.54115e-06 1.62517e-09 
0.00042687 0.0565743 0.000305358 0.0495702 0.807668 4.1689e-05 0.000484523 0.000368643 0.0212696 0.0243484 0.0119837 0.000127525 0.00978212 0.00132521 0.00782974 0.00614218 0.00167032 7.4449e-05 7.03121e-06 
0.00755107 0.099323 0.00432836 0.0377371 0.039513 0.000746584 0.011397 6.58968e-05 0.678003 0.0249389 0.00546771 0.0112306 0.00264915 0.000714445 0.000552505 0.0223765 0.0533473 3.58986e-05 2.2436e-05 
1.72386e-05 0.011713 5.44793e-05 0.757424 0.132568 0.000214523 0.0116154 3.44413e-05 0.0122974 0.00493226 0.0384974 2.95272e-05 0.00180579 4.42945e-08 6.17259e-05 0.0282108 0.000353458 0.000170812 1.96201e-08 
5.5269e-05 0.0604411 8.42045e-05 0.0268755 0.0146412 0.618446 0.0153654 8.54127e-05 0.0825844 0.033916 0.00341579 0.000147166 0.086701 0.0357614 0.00785241 0.00822035 0.00535873 3.46371e-05 1.36262e-05 
3.56972e-05 0.00179451 2.31018e-08 0.000816862 0.000806562 8.79929e-05 0.000562801 3.53545e-08 0.992765 0.000383513 9.00315e-05 7.60763e-05 0.000615004 0.000974611 3.9787e-05 0.000880129 7.17735e-05 2.6747e-08 8.45556e-09 
7.63402e-07 0.624817 1.0242e-05 0.0115994 0.00790201 1.03562e-05 0.00163203 1.49289e-06 0.309291 0.00238162 0.00427098 5.35455e-06 0.0100952 1.30293e-07 0.00868607 0.0142803 0.0050157 4.47889e-07 5.4759e-08 
0.000206425 0.19812 0.00052983 0.222882 0.0704219 8.65064e-12 0.0212597 0.000275834 0.0674351 0.363974 0.0435773 0.000285197 0.00388756 7.41045e-07 1.4132e-06 0.000774282 0.00636853 1.60427e-11 5.0716e-12 
0.000286619 0.131842 0.00229111 0.0187193 0.0787664 5.52659e-07 0.00438699 2.74174e-06 0.145742 0.555521 0.00159853 1.7767e-06 0.00460049 0.00296821 1.68871e-07 1.36888e-05 0.0532544 3.23229e-06 7.98891e-10 
2.69993e-09 0.751633 2.62467e-08 0.105213 0.00847886 1.072e-08 0.00953684 3.77518e-08 0.0874562 0.000456147 0.00388508 1.07845e-08 0.0026184 8.00342e-12 3.74565e-07 0.0295756 0.00114726 3.43356e-09 2.25675e-12 
0.000298149 0.692956 0.00174505 5.35331e-08 0.0153157 4.32772e-11 0.00112655 1.06086e-10 0.0834673 1.12649e-06 5.68726e-07 0.000232969 0.0110275 8.99804e-11 4.61685e-05 0.00167834 0.192105 8.0258e-11 2.53721e-11 
7.40359e-06 6.47742e-05 9.07336e-06 1.57924e-05 9.73746e-06 0.999108 5.20751e-05 3.08501e-09 7.12571e-05 0.000115004 1.79225e-05 1.01686e-05 1.38695e-05 2.61665e-09 0.000418782 3.79277e-05 4.30621e-05 4.67018e-06 7.37826e-10 
3.68769e-07 0.248464 0.0138882 0.0205982 0.0544705 5.41044e-11 0.132353 6.89793e-07 0.144381 0.113638 0.10574 2.00397e-07 4.49423e-07 0.0162263 8.83872e-06 0.115589 0.0346412 1.00437e-07 3.17197e-11 
0.000178443 0.0743475 2.07088e-11 0.295476 0.467995 6.72422e-08 0.00742898 3.16924e-11 2.41286e-08 0.0198081 0.0158398 9.57582e-08 0.0509406 1.42496e-07 9.74555e-07 0.0657399 0.00224443 3.11933e-08 7.57969e-12 
6.90443e-07 0.110698 0.00474159 1.38923e-05 2.84413e-05 9.53848e-06 0.189884 0.000177749 0.238491 0.454503 4.97959e-06 1.85532e-07 6.70226e-06 0.00104734 0.000244052 6.32233e-06 1.04873e-05 0.000132706 9.69395e-08 
1.06801e-05 0.608435 1.67408e-07 0.0567053 0.265471 0.000999464 8.78365e-08 0.00197885 0.00386846 0.0624318 9.84366e-05 1.28909e-07 3.20088e-08 9.66274e-08 1.81574e-08 1.08206e-07 7.95576e-08 1.38177e-07 1.45806e-08 
0.00137075 0.0940216 0.000463204 0.0203574 0.152482 0.00106586 0.0459781 0.000221576 0.344791 0.121672 0.0456006 0.000376912 0.0444463 0.0167432 0.000575676 0.0835461 0.0254652 0.000686789 0.000136405 
0.000276472 1.70421e-06 8.46597e-07 0.00769968 0.912468 4.61877e-09 8.3397e-08 5.63286e-11 0.0457517 0.0272664 0.00503883 1.31522e-07 7.32297e-07 1.7869e-06 8.47164e-08 0.00115116 8.22235e-07 0.000341174 1.34718e-11 
2.32978e-05 0.0995116 0.00219852 0.00496932 0.00601038 0.000246277 0.00449097 8.08282e-08 0.00753337 0.0218388 0.00896366 6.51896e-06 0.0042072 4.02799e-09 6.05241e-05 0.751536 0.0884001 3.89557e-06 1.13579e-09 
3.35226e-05 0.138624 0.000540422 0.0040362 0.00459083 0.00145791 0.0593128 0.000158344 0.0362678 0.68617 0.04302 0.000393157 7.10399e-05 0.0003694 8.69927e-06 0.0224567 0.00132642 0.00115828 4.31545e-06 
0.000295035 2.04406e-07 0.00318608 0.000310228 0.000295566 0.000353616 9.02764e-07 7.29134e-11 2.02523e-06 0.995198 4.29595e-07 3.3375e-11 1.84699e-07 6.18438e-11 1.16561e-07 4.42853e-07 4.15762e-07 0.000356648 1.74383e-11 
0.000843363 0.0742302 1.85132e-07 0.000383032 0.872632 1.36012e-07 0.00436603 4.78976e-07 0.0189156 0.00492402 0.00656968 2.4227e-06 0.000586855 2.74546e-06 0.00159282 0.00836076 0.00658922 2.67034e-08 2.60213e-08 
4.60829e-06 0.0658073 2.24602e-08 0.0324712 0.0307183 1.40221e-08 0.00564467 3.43726e-08 0.233341 0.430376 0.00478533 3.06192e-07 0.184435 2.91542e-08 4.35262e-07 0.00716773 0.0052433 5.78678e-06 8.22072e-09 
4.53726e-07 0.127614 1.71494e-05 0.185905 0.127877 6.71725e-05 0.0156556 2.2673e-06 0.104744 0.000414406 0.0707876 6.56653e-06 0.00502683 5.13524e-07 0.0142482 0.143787 0.203842 4.49756e-06 8.57255e-08 
0.0311548 0.000123993 0.0297445 0.00199856 0.00965687 1.50395e-07 0.0581546 3.68666e-07 0.0226036 0.323106 0.235114 0.284799 0.000594962 0.000224452 0.00183809 0.000651713 0.000189268 4.47057e-05 8.81717e-08 
2.84199e-05 0.0170299 0.00209339 0.00451871 0.0029529 0.00225006 0.0120004 3.51018e-06 0.877042 0.0195342 0.00110125 0.00415476 0.00838117 0.000175788 0.0460876 0.0023344 0.00030134 9.03896e-06 1.17157e-06 
0.0202936 0.0702065 8.80445e-05 0.00271878 0.00132393 0.000172816 0.0151979 5.67956e-05 0.485392 0.0374278 0.046384 0.00161286 0.00456591 2.32178e-05 7.30943e-06 0.0203765 0.294121 2.75191e-05 3.15526e-06 
0.00042687 0.0565743 0.000305358 0.0495702 0.807668 4.1689e-05 0.000484523 0.000368643 0.0212696 0.0243484 0.0119837 0.000127525 0.00978212 0.00132521 0.00782974 0.00614218 0.00167032 7.4449e-05 7.03121e-06 
2.36286e-05 0.000407152 8.16325e-05 0.000338327 0.000177156 3.46669e-09 0.000392594 4.41979e-05 0.000158406 0.670301 0.000244582 1.28403e-05 2.87964e-05 0.326963 0.000566333 0.000182415 7.73354e-05 6.4933e-07 2.03241e-09 
4.23493e-06 0.082581 4.82173e-05 0.0138162 0.329881 1.60298e-06 0.0427184 5.73873e-05 0.146239 0.177147 0.129995 3.72988e-05 0.00544562 0.000148691 0.000625063 0.0254948 0.0457543 5.61321e-06 4.09108e-10 
1.51941e-05 0.718902 1.81575e-05 0.00592632 0.0160591 2.14461e-05 0.00694158 9.68314e-10 0.195192 0.0447831 0.00336483 5.65056e-05 0.00208367 8.21306e-10 0.00155079 0.00105523 0.0039898 3.99486e-05 2.31586e-10 
0.000182235 0.140675 3.97962e-06 0.0646436 0.38143 7.80023e-05 0.0171612 1.10025e-10 1.96559e-06 0.252013 0.00507232 0.000105524 0.0166169 8.27956e-06 0.113779 0.00343226 0.00477772 1.85556e-05 2.63142e-11 
0.00147863 0.0138807 3.49045e-06 0.0106304 0.00986327 2.48768e-09 0.00085087 1.5327e-07 0.0275406 0.766288 0.150799 1.08821e-07 1.45162e-06 8.70263e-07 0.000336081 0.0139841 0.00434285 4.61342e-09 1.45845e-09 
0.00197186 0.0680273 0.00453895 0.0169554 0.0266468 1.1016e-06 0.0152789 4.51255e-09 0.0292306 0.639608 0.111108 0.00573663 0.0194839 0.0577548 9.58662e-07 0.00345104 6.86878e-07 0.00020447 1.07924e-09 
0.000307247 0.0167995 2.00127e-06 0.0189905 0.00145388 0.000117192 0.00947291 2.31853e-09 0.781921 0.0579512 0.00114935 2.56554e-06 0.000918047 6.5747e-07 2.70021e-08 0.0985593 0.012355 1.75405e-09 5.5451e-10 
0.000335313 0.522335 0.00130586 0.064238 0.130614 2.77324e-08 0.0073943 1.14018e-07 0.0610107 0.189111 0.0172887 3.31242e-08 0.00221381 7.66095e-07 1.46098e-06 4.70579e-07 0.00414986 1.6585e-11 5.24304e-12 
1.41359e-07 0.224407 5.06932e-10 2.44741e-06 0.0561822 1.58877e-05 0.116995 7.75797e-10 5.35008e-07 0.479461 0.0958526 0.00249475 0.024581 6.1202e-06 3.34588e-07 1.22556e-06 2.47895e-07 5.86918e-10 1.85543e-10 
3.55725e-06 0.00166561 0.000164768 0.00429154 1.83274e-05 5.24821e-05 0.02574 4.42622e-08 0.28071 0.673212 0.0114123 0.000968401 6.31969e-05 3.75423e-08 0.00122697 0.00046419 2.23309e-06 4.70177e-06 1.05859e-08 
7.40359e-06 6.47742e-05 9.07336e-06 1.57924e-05 9.73746e-06 0.999108 5.20751e-05 3.08501e-09 7.12571e-05 0.000115004 1.79225e-05 1.01686e-05 1.38695e-05 2.61665e-09 0.000418782 3.79277e-05 4.30621e-05 4.67018e-06 7.37826e-10 
4.83109e-05 0.0702539 0.00475886 0.0137475 0.506819 0.00013681 0.0013053 2.68959e-07 0.218482 0.0852603 0.0435223 0.000380667 0.015165 2.28126e-07 2.27702e-05 0.00285604 0.0372227 1.87944e-05 6.43254e-08 
0.0173446 0.100843 0.100285 0.0396189 0.126973 9.53004e-05 0.00360787 9.22934e-05 0.00408102 0.555596 0.0105878 0.012305 0.00306983 0.00599821 3.18393e-05 0.00248764 0.00372893 0.0132481 5.32198e-06 
8.64066e-07 0.74403 0.000523935 0.00165124 0.0068979 2.04765e-05 0.000661872 1.88438e-05 0.172909 0.000644281 6.62284e-05 5.66011e-08 0.000330962 9.67747e-06 0.0711127 0.000777011 0.000341539 3.55141e-06 8.98846e-09 
3.88746e-09 0.168163 2.26292e-08 0.018028 0.763792 1.23698e-10 5.61627e-06 2.09959e-12 0.0399821 9.66254e-05 0.00102829 8.3446e-07 0.00351179 1.78083e-12 6.66682e-06 0.00177703 0.00360745 4.55781e-09 5.02147e-13 
5.4133e-08 0.135354 8.02062e-10 0.00102724 0.0170638 0.00118956 0.0132679 1.22746e-09 0.463595 0.0397758 0.000214949 5.61851e-10 0.0168814 1.04111e-09 2.15943e-06 0.272471 0.0391556 6.33259e-07 2.93565e-10 
0.0106966 0.106194 0.000375958 0.204715 0.00512113 0.00481624 0.0655485 7.31198e-07 0.443585 0.0753032 0.0200119 0.00447606 0.0139604 1.87704e-06 3.5287e-05 0.0450558 9.56349e-05 6.52498e-06 5.05105e-08 
3.51708e-05 0.0127146 4.3349e-05 0.00479242 0.000534817 0.000150851 0.00139921 0.000289636 0.786297 0.185608 0.00122439 0.000327237 2.09121e-05 1.25433e-05 2.06333e-05 0.00576276 0.000670828 8.6211e-05 9.44321e-06 
1.92518e-05 0.187355 1.40615e-07 0.126222 0.607001 0.000295187 0.00398451 1.98311e-08 0.0215607 0.00824684 0.00822237 9.36361e-05 0.0242882 7.14542e-08 0.00539168 0.00431113 0.00299463 1.29816e-05 1.49003e-08 
7.63402e-07 0.624817 1.0242e-05 0.0115994 0.00790201 1.03562e-05 0.00163203 1.49289e-06 0.309291 0.00238162 0.00427098 5.35455e-06 0.0100952 1.30293e-07 0.00868607 0.0142803 0.0050157 4.47889e-07 5.4759e-08 
0.000186527 0.000399484 0.001755 7.98939e-05 0.000813311 8.03847e-05 0.00229785 3.36866e-08 0.0278163 0.954733 0.00897438 1.21052e-05 0.00041186 2.85723e-08 5.66464e-05 0.000604249 0.00100311 0.000775526 8.05664e-09 
7.63402e-07 0.624817 1.0242e-05 0.0115994 0.00790201 1.03562e-05 0.00163203 1.49289e-06 0.309291 0.00238162 0.00427098 5.35455e-06 0.0100952 1.30293e-07 0.00868607 0.0142803 0.0050157 4.47889e-07 5.4759e-08 
7.63402e-07 0.624817 1.0242e-05 0.0115994 0.00790201 1.03562e-05 0.00163203 1.49289e-06 0.309291 0.00238162 0.00427098 5.35455e-06 0.0100952 1.30293e-07 0.00868607 0.0142803 0.0050157 4.47889e-07 5.4759e-08 
0.000190178 0.0392885 0.00744044 0.0128405 0.00307313 6.78629e-10 1.54858e-05 1.74468e-06 6.24828e-06 0.89151 0.0184351 2.68522e-05 1.13607e-06 1.17148e-05 0.00635256 0.0081944 0.0126121 1.25852e-09 3.97859e-10 
0.00376408 0.103857 0.00520072 0.0288548 0.382001 0.000992521 0.000164543 1.99475e-05 0.414574 0.015961 0.0058062 0.00205097 0.0253112 0.000871201 0.00329297 0.00449198 0.0027828 2.58244e-06 7.20391e-07 
4.60882e-06 0.00123352 4.4814e-05 0.0546157 0.000486153 1.83019e-05 8.8226e-05 6.44573e-05 0.000872444 0.0244647 1.34549e-05 1.84116e-05 0.000174283 4.37337e-09 0.000639639 0.917099 0.000156057 5.85515e-06 1.23317e-09 
7.54538e-05 0.00129581 0.000260806 0.00107683 0.000563942 6.43832e-07 0.00124972 0.000142209 0.000504208 0.809585 0.00077845 4.15737e-05 9.19036e-05 0.00094641 0.0018025 0.180397 0.000246471 0.000940183 3.77459e-07 
0.00197122 0.0989198 0.00371471 0.0483877 0.373609 0.000284168 0.0162872 0.010694 0.0918362 0.211999 0.0715341 0.00144411 0.00323065 0.0360627 0.00952476 0.0160112 0.00410719 0.000331818 5.00041e-05 
2.00998e-07 0.827116 3.93614e-06 0.119167 0.00461567 1.85004e-05 0.000658938 5.37231e-06 0.0150363 2.73897e-06 4.4303e-05 1.04977e-06 0.00113694 5.45624e-09 0.00424482 0.0180625 0.00988516 1.30616e-07 1.53852e-09 
0.00334503 0.0976703 0.00606027 0.0670512 0.0340739 0.00140433 0.00410859 0.000402576 0.595028 0.0673638 0.0156548 0.00499365 0.052984 0.000771953 0.0112194 0.0294602 0.0055814 0.00244144 0.000385581 
0.0151766 0.0492073 0.000412629 0.0142439 0.0167119 0.0338597 0.0358094 1.27879e-05 0.709228 0.0422207 0.0529769 0.000401902 0.0018361 6.71504e-06 8.74544e-06 0.0204038 0.00711743 0.000362195 3.75925e-06 
0.0340295 0.0218683 0.125092 0.0276753 0.0989247 0.000862309 0.00386962 0.014747 0.490548 0.0295897 0.0237232 0.0343498 0.0156956 0.000258961 0.000299713 0.0758406 0.00143816 0.00100624 0.000180887 
4.18864e-05 0.860054 4.67366e-08 0.0261975 5.06651e-07 1.81388e-05 0.00580109 6.72258e-08 0.089352 5.94609e-06 0.000905685 1.92112e-08 0.00819931 4.79932e-11 0.000310986 0.00626637 0.00284613 6.14072e-09 1.35328e-11 
1.8672e-07 0.0845175 4.69181e-05 0.0104372 0.0244275 4.48031e-05 0.0703537 9.97627e-09 0.0166296 0.77181 0.0182806 4.56648e-09 0.000214836 0.00237258 7.24445e-05 0.000172808 0.000616413 2.63018e-06 2.38597e-09 
5.08313e-07 0.0493373 0.0132748 0.00579713 5.43941e-07 0.00079672 7.31178e-06 5.90549e-10 0.123038 0.807731 3.47943e-06 2.70315e-10 1.49593e-06 3.10603e-06 9.44061e-07 3.5868e-06 3.36739e-06 7.59959e-07 1.41238e-10 
8.87619e-05 0.0623266 0.00239835 0.0791725 0.182781 9.44314e-05 0.0131113 1.33209e-05 0.0165312 0.515594 0.0990322 9.8356e-05 0.00746725 0.000191625 0.0042638 0.0160352 0.000701162 8.59972e-05 1.24325e-05 
1.0023e-05 0.229215 6.14942e-07 0.000138596 6.65858e-06 2.51392e-07 0.00435196 8.84597e-07 0.150997 0.000250238 0.000364256 2.52983e-07 0.599705 1.57098e-09 8.76077e-06 0.0145991 0.000350301 8.15407e-08 4.42974e-10 
0.000112255 0.0324908 0.00779811 0.000227922 0.000767604 0.00344723 0.0196176 4.65267e-10 0.144569 0.744617 0.00387956 2.37263e-07 0.0326833 3.9463e-10 0.000710553 0.00907774 6.66135e-07 1.68263e-07 1.11275e-10 
3.92939e-05 0.0923687 0.008954 0.00735976 0.0114691 0.000759885 0.00495181 9.2289e-07 0.0160069 0.82901 0.00489697 0.00140693 0.0009875 7.82778e-07 1.26753e-05 2.4361e-05 0.0214666 0.000283146 2.20723e-07 
2.92606e-06 0.557158 0.000979261 0.273353 0.00027194 1.10925e-05 0.139874 3.81432e-05 0.000487773 0.000591898 0.00572576 1.12591e-05 0.0115672 0.000152891 0.00761654 0.000176962 0.00197552 4.87242e-06 5.06393e-07 
0.00042687 0.0565743 0.000305358 0.0495702 0.807668 4.1689e-05 0.000484523 0.000368643 0.0212696 0.0243484 0.0119837 0.000127525 0.00978212 0.00132521 0.00782974 0.00614218 0.00167032 7.4449e-05 7.03121e-06 
0.000649284 0.0850932 2.71458e-08 0.0162528 0.00467339 1.05211e-06 0.211053 4.15433e-08 0.00577632 0.590824 0.0671869 1.90158e-08 0.0144891 3.52362e-08 8.97768e-07 0.00381219 0.000187714 3.1429e-08 9.93568e-09 
0.000307247 0.0167995 2.00127e-06 0.0189905 0.00145388 0.000117192 0.00947291 2.31853e-09 0.781921 0.0579512 0.00114935 2.56554e-06 0.000918047 6.5747e-07 2.70021e-08 0.0985593 0.012355 1.75405e-09 5.5451e-10 
7.40359e-06 6.47742e-05 9.07336e-06 1.57924e-05 9.73746e-06 0.999108 5.20751e-05 3.08501e-09 7.12571e-05 0.000115004 1.79225e-05 1.01686e-05 1.38695e-05 2.61665e-09 0.000418782 3.79277e-05 4.30621e-05 4.67018e-06 7.37826e-10 
6.89635e-07 0.0956432 0.000186012 0.00341609 0.000766601 1.35305e-05 0.0191262 0.156701 0.686461 0.00127826 0.00409393 2.81353e-06 0.0246924 0.00129345 0.000534203 0.00236085 0.0034265 2.54115e-06 1.62517e-09 
0.000134949 0.000719083 3.33801e-05 0.00172872 3.71292e-06 3.62397e-09 1.66116e-06 8.88351e-09 0.0231548 0.851796 0.0536486 0.000680229 0.000141893 7.53482e-09 0.0108056 0.0571198 3.02941e-05 9.52461e-07 2.12462e-09 
1.5419e-05 0.716498 2.67862e-08 0.0100133 0.0190276 0.000189139 0.0142281 3.85289e-08 0.128915 0.00104154 0.00290422 1.76961e-05 0.069724 2.45939e-11 3.82085e-07 0.0096373 0.0277786 9.73899e-06 6.93482e-12 
0.000307247 0.0167995 2.00127e-06 0.0189905 0.00145388 0.000117192 0.00947291 2.31853e-09 0.781921 0.0579512 0.00114935 2.56554e-06 0.000918047 6.5747e-07 2.70021e-08 0.0985593 0.012355 1.75405e-09 5.5451e-10 
1.5419e-05 0.716498 2.67862e-08 0.0100133 0.0190276 0.000189139 0.0142281 3.85289e-08 0.128915 0.00104154 0.00290422 1.76961e-05 0.069724 2.45939e-11 3.82085e-07 0.0096373 0.0277786 9.73899e-06 6.93482e-12 
1.79337e-05 0.044659 1.20959e-06 0.000976884 4.00165e-05 2.25742e-05 0.0401514 0.773468 0.00436195 0.0264551 0.0179527 4.49111e-05 0.000813686 2.23536e-05 0.000303191 0.090665 4.36122e-05 7.65172e-08 2.41895e-08 
0.000307247 0.0167995 2.00127e-06 0.0189905 0.00145388 0.000117192 0.00947291 2.31853e-09 0.781921 0.0579512 0.00114935 2.56554e-06 0.000918047 6.5747e-07 2.70021e-08 0.0985593 0.012355 1.75405e-09 5.5451e-10 
0.0272622 0.0587265 8.74218e-06 1.05241e-05 0.259804 2.09538e-08 0.000786704 5.13645e-08 0.013848 0.49489 0.143704 2.35113e-08 0.000903888 4.35664e-08 1.0106e-05 8.20791e-06 3.64877e-05 3.8859e-08 1.22846e-08 
7.63402e-07 0.624817 1.0242e-05 0.0115994 0.00790201 1.03562e-05 0.00163203 1.49289e-06 0.309291 0.00238162 0.00427098 5.35455e-06 0.0100952 1.30293e-07 0.00868607 0.0142803 0.0050157 4.47889e-07 5.4759e-08 
4.78361e-08 1.69187e-06 1.11036e-10 5.96874e-07 7.20569e-07 6.93208e-11 0.000936976 1.69927e-10 1.95929e-07 0.966251 0.0328081 7.77817e-11 1.96709e-07 1.44129e-10 4.23547e-07 6.03635e-08 2.36453e-07 1.28556e-10 4.06406e-11 
0.000252817 0.106174 0.0307941 0.063721 0.231846 4.55303e-07 0.0149176 3.0994e-10 0.202725 0.232586 0.0504634 0.0543988 4.93919e-06 3.9459e-07 0.00176551 5.08186e-06 0.0103436 8.20913e-07 7.41266e-11 
2.2406e-06 0.449223 8.00775e-07 0.0258543 0.0159886 6.16699e-08 0.000727705 1.16789e-09 0.0375874 0.000718331 0.00948755 1.57989e-06 0.00714438 1.86899e-05 4.64728e-05 0.000674105 0.452524 8.83553e-10 2.79319e-10 
7.06272e-05 0.0660679 0.000182464 0.0743357 0.0235032 1.38146e-06 0.00710901 9.7365e-05 0.0224984 0.760888 0.014541 0.000101407 0.0281641 1.27394e-05 2.42924e-05 0.000266063 0.00213681 1.35302e-09 4.27732e-10 
7.63402e-07 0.624817 1.0242e-05 0.0115994 0.00790201 1.03562e-05 0.00163203 1.49289e-06 0.309291 0.00238162 0.00427098 5.35455e-06 0.0100952 1.30293e-07 0.00868607 0.0142803 0.0050157 4.47889e-07 5.4759e-08 
7.63402e-07 0.624817 1.0242e-05 0.0115994 0.00790201 1.03562e-05 0.00163203 1.49289e-06 0.309291 0.00238162 0.00427098 5.35455e-06 0.0100952 1.30293e-07 0.00868607 0.0142803 0.0050157 4.47889e-07 5.4759e-08 
6.56007e-09 0.660873 6.37871e-08 2.58268e-07 0.022836 2.60504e-08 1.25579e-07 9.17469e-08 0.314428 2.48554e-08 1.91513e-08 2.62065e-08 0.00186078 6.22494e-12 9.10446e-07 4.49973e-07 2.22127e-07 8.33407e-09 1.75527e-12 
