0.00397006 0.427602 8.68356e-07 0.0369842 0.0798242 8.22404e-05 0.0019503 2.73067e-05 0.115403 0.000531979 0.0447901 0.00559923 0.22496 1.04108e-06 0.000727191 0.0401444 0.0136173 7.23632e-06 0.00377704 
8.17215e-06 0.157374 2.99935e-07 0.017948 0.000458336 0.000139641 0.081808 2.29432e-05 0.0525411 0.00108651 0.0308246 0.000209606 0.00392148 0.000154026 3.96718e-06 0.583654 0.0690353 1.38468e-05 0.000796539 
3.89575e-05 0.493171 1.84143e-07 0.0593748 0.0341073 9.22548e-05 0.0112985 1.34482e-06 0.0564051 0.0184147 0.119209 0.000519024 0.0315894 0.000300435 0.00319586 0.121436 0.00319911 0.000126358 0.0475213 
5.76756e-06 0.00458396 1.42609e-12 0.00233317 0.000221786 3.77928e-05 0.000528168 2.18246e-12 0.000722282 0.000818339 0.0111714 0.000299668 0.000242251 6.20872e-06 0.73798 1.93073e-05 2.01304e-06 1.05246e-09 0.241028 
5.23025e-05 0.0133288 3.39092e-10 0.00163953 0.0011685 0.000268688 0.00541602 5.18939e-10 0.0170698 0.030416 0.116874 0.000121904 0.000253522 0.00456795 0.441624 0.00200236 1.69856e-05 4.36759e-08 0.365179 
1.70282e-06 0.000512108 3.52946e-12 0.000182934 0.000423599 3.96936e-06 5.47376e-05 5.40142e-12 0.000245176 3.26325e-05 0.019378 0.973821 0.00481435 2.7628e-07 0.000188284 0.000295039 6.78049e-07 8.67943e-06 3.65578e-05 
3.59617e-06 0.0384856 3.90409e-12 0.00203724 0.0666856 0.000449655 0.000246867 5.97473e-12 0.110351 0.724441 0.02686 7.77219e-05 0.00162353 4.4574e-06 0.000129975 0.00208549 0.00155676 1.20275e-06 0.0249595 
0.105086 0.0584907 1.09189e-05 0.0017652 0.00503806 0.00300426 0.0255098 0.000133555 0.643569 0.0024336 0.034959 0.000347668 0.0404382 1.10049e-05 0.000246758 0.0679619 0.00985101 2.84429e-05 0.00111548 
3.59617e-06 0.0384856 3.90409e-12 0.00203724 0.0666856 0.000449655 0.000246867 5.97473e-12 0.110351 0.724441 0.02686 7.77219e-05 0.00162353 4.4574e-06 0.000129975 0.00208549 0.00155676 1.20275e-06 0.0249595 
3.44848e-06 0.0758059 1.16598e-08 0.0102857 7.78643e-05 5.56401e-05 0.00253506 1.78439e-08 0.389475 0.491816 0.0188594 7.35077e-06 0.00192748 0.00104328 3.84243e-06 0.00793324 0.000154873 1.34995e-08 1.58197e-05 
0.000182527 0.139005 3.3238e-08 0.0453926 0.160062 0.000244435 0.00689807 2.53526e-05 0.255973 0.0924804 0.195996 0.00278364 0.0304126 1.24386e-06 0.00400016 0.00329264 0.0616306 0.000721668 0.000898305 
0.00195461 0.0235044 2.24274e-10 0.152948 0.00594246 0.0005186 0.151174 6.83102e-08 0.00670044 0.012395 0.184317 0.000249927 0.000474896 0.000748773 0.00710578 0.00586835 8.66586e-05 2.05094e-05 0.445991 
3.00017e-05 0.0105422 8.11089e-10 9.5593e-07 0.00141042 5.78676e-07 0.00321465 1.24127e-09 0.00248256 0.0486631 0.00936773 0.00129572 3.2064e-05 1.05282e-09 7.85885e-08 0.000200952 0.000734226 5.11836e-07 0.922024 
2.55363e-08 0.0895013 1.15474e-10 0.00114753 0.0390356 0.000594817 0.0374033 1.76719e-10 0.725764 0.0201948 0.076916 0.0017554 0.00398439 4.21769e-08 0.00227392 0.000950387 4.82909e-07 1.33694e-10 0.00047793 
4.42122e-06 0.152284 1.43971e-06 0.263367 0.0750118 2.75828e-06 0.0232333 4.13023e-06 0.0443714 0.0331621 0.291073 0.000138769 0.00179148 0.00501814 0.0187371 0.0740293 0.0096942 4.52786e-06 0.00807143 
6.80862e-05 2.91198e-07 3.72787e-12 0.133515 0.0881139 0.000462338 0.00220576 5.70505e-12 0.319694 0.393326 0.0168869 1.55353e-05 0.0260865 2.01382e-08 4.22293e-05 0.016113 0.000825353 2.6873e-06 0.00264224 
0.000384628 0.0328564 5.4893e-07 0.000275088 0.123158 0.000418751 0.00028583 0.0001818 0.0514951 0.663708 0.0442956 2.62541e-05 1.33037e-05 0.000872458 9.44032e-05 0.061224 0.0128003 0.000107646 0.00780186 
3.26554e-06 3.46063e-05 2.43227e-09 0.000665759 0.00030982 1.7616e-05 1.33829e-05 3.72229e-09 4.47237e-05 0.903099 1.32993e-05 3.37373e-05 0.000195249 3.15717e-09 0.000244895 2.8351e-05 0.0952735 3.66368e-06 1.94971e-05 
0.00317708 0.0753161 2.10424e-07 0.105781 0.00881833 0.0209763 0.00704935 0.000267909 0.0305581 0.00509186 0.394389 0.00638432 0.047342 5.59008e-05 0.0938938 0.0259757 0.0063745 4.33689e-05 0.168505 
8.27104e-07 0.204616 4.05766e-08 0.0034117 0.015942 0.000458298 0.186953 3.88054e-07 0.0580006 0.298781 0.169829 0.00234649 0.00867314 0.000185725 0.00192388 0.0210345 0.00236439 0.00012845 0.0253511 
0.000128525 0.788148 3.1132e-09 0.00059789 0.000183835 6.41406e-05 0.206554 4.76438e-09 0.00012006 5.41401e-05 0.000161897 0.00081192 0.000432689 4.2435e-05 0.000974836 1.30688e-05 1.21714e-05 3.60442e-09 0.00170054 
1.6231e-08 0.0136563 3.24298e-10 0.0609062 0.00678591 1.68681e-06 0.131176 4.96299e-10 0.00437313 0.0135868 0.149078 3.97213e-05 0.000295327 0.00112314 0.00885884 4.38174e-07 2.67177e-07 7.2257e-08 0.610118 
5.76756e-06 0.00458396 1.42609e-12 0.00233317 0.000221786 3.77928e-05 0.000528168 2.18246e-12 0.000722282 0.000818339 0.0111714 0.000299668 0.000242251 6.20872e-06 0.73798 1.93073e-05 2.01304e-06 1.05246e-09 0.241028 
2.16289e-07 0.181195 2.7623e-08 0.0283474 0.01232 1.28355e-06 0.08347 0.00072366 0.0486371 0.0300384 0.525179 7.26199e-05 0.0356691 3.58558e-08 0.00376948 0.00707931 0.0255756 3.19816e-08 0.0179216 
0.00771171 0.150364 1.14595e-05 0.0255285 0.0221957 0.000133517 0.00263069 0.00641954 0.463178 0.0126679 0.0205627 0.00147941 0.191183 1.97135e-05 0.0208071 0.0651972 0.00890172 2.38992e-05 0.000984481 
0.00101672 0.0169168 1.67523e-12 0.791353 0.0400933 0.000748996 2.46941e-08 2.56373e-12 0.016119 0.00208596 0.0106807 0.00502477 0.0889885 4.79752e-05 0.00944269 0.000800292 0.000117243 5.23874e-09 0.0165638 
0.000512372 0.504864 1.0184e-07 0.029311 0.0306009 0.00125834 0.00129407 0.00114371 0.072741 0.0124436 0.0304851 0.0396883 0.0193746 0.237568 0.000429093 0.0179068 0.000339572 2.93712e-06 3.65967e-05 
1.29676e-07 0.00427497 7.21491e-09 1.10169e-05 5.59445e-05 2.99691e-05 0.273106 2.17026e-06 0.00299451 0.714921 0.00383065 4.76533e-07 4.43596e-07 9.36523e-09 8.38581e-05 0.000140216 1.51484e-06 1.73944e-07 0.000546456 
8.9658e-05 0.274723 4.6716e-10 0.311089 0.0125815 0.00878988 0.0106529 7.14932e-10 0.0334512 0.223033 0.0236665 0.00804715 0.0494487 0.000666393 0.00514499 0.0016109 0.000184512 5.40871e-10 0.0368208 
2.15153e-05 0.0705514 6.5747e-07 0.0360341 0.00433426 0.000332077 0.00981668 6.55565e-05 0.681264 0.040811 0.0334208 6.43578e-05 0.0547206 7.53891e-05 0.00474603 0.0430286 0.00228685 9.55711e-07 0.0184253 
0.000243566 0.000803665 4.00532e-07 0.00296771 0.000982106 0.00385111 0.96529 6.12966e-07 0.00174487 0.0084818 0.00400321 0.000280856 0.00207711 5.19906e-07 0.000277254 0.00231937 0.00472548 4.63731e-07 0.00194993 
6.97223e-05 0.0936905 3.90377e-11 0.00858009 0.0227278 8.60952e-05 2.42723e-07 5.97424e-11 0.0149254 0.000281923 0.00258227 0.00115587 0.000392106 2.46589e-05 0.000447478 0.85039 0.00435525 4.51973e-11 0.000290256 
3.00017e-05 0.0105422 8.11089e-10 9.5593e-07 0.00141042 5.78676e-07 0.00321465 1.24127e-09 0.00248256 0.0486631 0.00936773 0.00129572 3.2064e-05 1.05282e-09 7.85885e-08 0.000200952 0.000734226 5.11836e-07 0.922024 
0.000119736 0.00168093 7.98898e-07 0.0020806 0.00134288 0.000601739 0.0235063 0.00330028 0.00173816 0.787637 0.111747 0.00056349 0.0018929 1.037e-06 0.000366576 0.0471038 0.0141085 0.000148608 0.0020592 
3.00017e-05 0.0105422 8.11089e-10 9.5593e-07 0.00141042 5.78676e-07 0.00321465 1.24127e-09 0.00248256 0.0486631 0.00936773 0.00129572 3.2064e-05 1.05282e-09 7.85885e-08 0.000200952 0.000734226 5.11836e-07 0.922024 
0.000801304 0.0244974 9.43478e-07 0.0057263 0.0247897 0.00174869 0.00341335 2.28645e-05 0.0935494 0.67609 0.0713622 0.00203385 0.0126359 0.0192609 0.0016413 0.0134232 0.0475572 1.89326e-05 0.00142688 
2.39616e-05 0.00739473 3.11589e-12 0.000926357 0.00114317 0.000162953 0.000478116 4.76849e-12 0.0150897 0.951247 0.00647826 3.86069e-05 0.00171819 1.7418e-05 0.000207877 0.000445446 0.000760517 5.8915e-10 0.0138674 
2.80587e-05 0.178483 3.90732e-07 0.0633166 0.270247 0.000684789 0.0220264 2.37488e-06 0.0734758 0.0725499 0.232723 3.61057e-05 0.00619373 5.80138e-07 0.01363 0.016777 0.00183863 4.37153e-05 0.0479426 
4.274e-06 0.314569 1.30916e-10 0.0850058 0.0538822 3.27009e-07 9.39877e-07 2.0035e-10 0.056454 0.190206 0.248213 3.06853e-05 0.0251734 4.79227e-06 0.00206974 2.45356e-07 0.00440555 1.51572e-10 0.0199809 
3.00017e-05 0.0105422 8.11089e-10 9.5593e-07 0.00141042 5.78676e-07 0.00321465 1.24127e-09 0.00248256 0.0486631 0.00936773 0.00129572 3.2064e-05 1.05282e-09 7.85885e-08 0.000200952 0.000734226 5.11836e-07 0.922024 
5.29018e-05 0.142156 6.77312e-06 0.0133848 0.0393905 0.00638733 0.0485396 6.21661e-05 0.0467527 0.576809 0.0501046 0.000115064 0.0243825 0.000476983 0.00389542 0.0124101 0.0343894 9.22382e-06 0.000674669 
4.48166e-05 0.0995542 3.49428e-05 0.0539529 0.0459727 0.000309169 0.0480131 0.0102914 0.0975051 0.0953073 0.376139 0.000175445 0.011612 0.0111155 0.00138274 0.117741 0.0263815 7.85519e-05 0.00438894 
0.0209557 0.0466172 4.73492e-07 0.592437 0.126615 5.05503e-05 0.0163614 1.55438e-05 0.0126217 0.00134022 0.0304643 2.82701e-05 0.000880368 1.85621e-06 0.000227299 0.100198 0.00683186 3.15648e-06 0.0443496 
1.25137e-05 0.266738 5.80451e-12 0.0584151 0.0207243 5.42059e-06 0.000340725 0.0477756 0.0663931 3.05222e-06 0.03818 0.00634688 0.444633 1.95332e-06 1.14435e-05 0.0432897 0.00650604 4.13063e-06 0.000618813 
0.000532681 0.140655 2.01945e-07 0.0293367 0.0155948 1.01653e-05 0.00019078 0.00835009 0.0405407 6.93957e-05 0.0364056 0.0384493 0.665731 3.68668e-06 2.13958e-05 0.0201485 0.00288564 3.32441e-06 0.00107164 
3.89575e-05 0.493171 1.84143e-07 0.0593748 0.0341073 9.22548e-05 0.0112985 1.34482e-06 0.0564051 0.0184147 0.119209 0.000519024 0.0315894 0.000300435 0.00319586 0.121436 0.00319911 0.000126358 0.0475213 
0.00100173 0.0275753 3.06776e-09 0.00344612 0.0476457 2.32621e-05 0.0118274 4.69484e-09 0.00506337 0.0219219 0.0996078 0.00561328 0.00529705 0.711852 1.56373e-06 0.0483527 0.0105212 2.75048e-05 0.000222473 
3.89575e-05 0.493171 1.84143e-07 0.0593748 0.0341073 9.22548e-05 0.0112985 1.34482e-06 0.0564051 0.0184147 0.119209 0.000519024 0.0315894 0.000300435 0.00319586 0.121436 0.00319911 0.000126358 0.0475213 
0.000188202 0.0248928 2.27048e-09 0.46647 0.00771176 5.07465e-05 0.00405129 3.4747e-09 0.0952477 0.00682897 0.0875212 0.000137782 0.289037 2.94717e-09 0.000664007 0.000865932 0.00879717 2.60958e-07 0.00753548 
5.11669e-07 0.0850238 1.08634e-10 0.016197 0.00688659 1.17915e-07 0.00292763 3.8745e-07 0.0215456 0.000537589 0.00426721 4.28661e-08 0.104447 1.41011e-10 2.47325e-07 0.752061 0.0036037 1.25775e-10 0.00250164 
2.54273e-09 0.199765 2.33883e-12 0.345878 0.432298 2.38274e-05 0.000130046 3.57929e-12 0.00502162 0.000604677 0.000966317 6.11762e-06 0.00278699 3.03589e-12 2.37864e-05 0.0111924 0.000987305 1.26023e-05 0.000303666 
0.000233545 0.00557073 8.22733e-10 0.794312 0.0285661 0.000220282 6.33237e-05 1.25909e-09 0.0564756 0.0199178 0.00274252 0.00203277 0.0305896 1.30086e-05 0.042778 0.000484457 0.0103107 0.00023604 0.00545358 
0.00272008 0.0708613 0.000402409 0.0188809 0.102994 0.000994156 0.00526541 0.0396673 0.114765 0.369762 0.0312111 0.00833559 0.00268255 0.0369508 0.0537102 0.0405978 0.000924021 0.0979957 0.0012796 
3.59617e-06 0.0384856 3.90409e-12 0.00203724 0.0666856 0.000449655 0.000246867 5.97473e-12 0.110351 0.724441 0.02686 7.77219e-05 0.00162353 4.4574e-06 0.000129975 0.00208549 0.00155676 1.20275e-06 0.0249595 
1.15825e-05 0.566562 3.41705e-09 0.0120757 0.00372292 8.04591e-08 0.0472157 1.06535e-07 0.0898726 0.0266495 0.00859251 2.88365e-07 0.00514842 4.43546e-09 2.19711e-05 0.220657 0.0194684 7.66714e-08 1.62164e-07 
7.60679e-08 0.0208609 7.02427e-10 0.00363814 0.0166073 1.10431e-06 0.0712784 1.07498e-09 0.243938 0.00350797 0.0305187 5.25323e-07 0.343334 9.11777e-10 0.0469126 0.217466 0.00158365 8.1326e-10 0.000352376 
0.000172164 0.318392 1.62922e-06 0.205597 0.0147894 0.00431037 0.0322702 0.000520463 0.108745 0.0338804 0.111542 0.000411682 0.112702 0.0025392 0.000660169 0.0369417 0.0144386 2.24957e-05 0.00206295 
0.000122075 0.0138793 6.34588e-11 0.000461655 0.00329403 0.000243099 0.0166626 9.71161e-11 0.0899081 0.162421 0.569365 0.0400451 2.07235e-07 5.74665e-07 0.00753156 1.26805e-07 1.03955e-06 0.000240027 0.0958243 
5.76756e-06 0.00458396 1.42609e-12 0.00233317 0.000221786 3.77928e-05 0.000528168 2.18246e-12 0.000722282 0.000818339 0.0111714 0.000299668 0.000242251 6.20872e-06 0.73798 1.93073e-05 2.01304e-06 1.05246e-09 0.241028 
3.59617e-06 0.0384856 3.90409e-12 0.00203724 0.0666856 0.000449655 0.000246867 5.97473e-12 0.110351 0.724441 0.02686 7.77219e-05 0.00162353 4.4574e-06 0.000129975 0.00208549 0.00155676 1.20275e-06 0.0249595 
3.59617e-06 0.0384856 3.90409e-12 0.00203724 0.0666856 0.000449655 0.000246867 5.97473e-12 0.110351 0.724441 0.02686 7.77219e-05 0.00162353 4.4574e-06 0.000129975 0.00208549 0.00155676 1.20275e-06 0.0249595 
1.62807e-05 0.00378022 3.68626e-09 0.00204675 0.00296167 0.00133563 0.00259019 1.25582e-06 0.674211 0.23874 0.010731 2.26628e-05 0.0531508 2.5542e-07 0.000374301 0.00990146 2.16814e-06 6.25113e-05 7.20419e-05 
4.65189e-05 0.000117542 4.03231e-11 0.000186525 0.000479068 9.21889e-08 0.857014 6.17096e-11 0.00685568 0.0451817 0.0829225 0.000213504 0.00160589 0.000161069 2.9952e-06 3.2742e-07 0.000115666 1.92491e-09 0.00509647 
3.06747e-07 0.246112 6.14086e-09 0.0284661 0.0190069 0.000231976 0.000167042 0.00832036 0.297728 9.9863e-06 0.0166972 0.00192329 0.295857 7.25131e-06 1.80627e-05 0.0555128 0.0295823 1.56847e-06 0.00035798 
2.05329e-05 0.0339927 7.26377e-12 0.0300192 0.0118388 0.0497048 0.00396157 1.11163e-11 0.00113252 0.000623625 0.187495 0.00016604 0.00106901 1.67481e-06 0.248257 0.0061718 0.000783358 8.40989e-12 0.424763 
0.00240294 0.193424 0.00116659 0.0671058 0.154478 0.00144763 0.00730441 0.00130622 0.0923921 0.0737703 0.0465075 0.018396 0.0103662 0.00629422 0.0257399 0.0109426 0.00661086 0.271652 0.00869306 
0.00369881 0.0228104 7.07986e-06 0.0449406 0.00191912 0.00285053 0.00734882 0.000485057 0.0135524 0.00285517 0.836339 0.00601326 0.0160372 2.48587e-05 0.0056393 0.0133823 0.000960084 2.32647e-05 0.0211125 
0.000120065 0.287543 2.6441e-11 0.0107067 0.416204 7.76012e-08 0.000777908 4.04648e-11 0.244056 0.00208875 0.00390842 0.0045107 0.0300832 1.71641e-07 1.61751e-08 2.76987e-07 1.44528e-06 5.51341e-08 5.5173e-08 
5.76756e-06 0.00458396 1.42609e-12 0.00233317 0.000221786 3.77928e-05 0.000528168 2.18246e-12 0.000722282 0.000818339 0.0111714 0.000299668 0.000242251 6.20872e-06 0.73798 1.93073e-05 2.01304e-06 1.05246e-09 0.241028 
6.04782e-05 0.0159395 3.29526e-07 0.0693366 0.0274719 1.0359e-05 0.0124245 9.02732e-06 0.0780474 0.784354 0.00606236 0.000693146 0.00101195 0.000111496 0.000185832 0.00061435 0.00252938 1.12333e-05 0.00112604 
1.73085e-05 0.000783671 2.79064e-12 0.000608819 0.00021345 0.000176596 0.000410145 4.27074e-12 0.0125579 0.96907 0.0053129 1.20831e-05 0.00187995 1.82454e-05 3.17715e-08 0.000451323 0.000248249 9.89425e-11 0.00823907 
6.04782e-05 0.0159395 3.29526e-07 0.0693366 0.0274719 1.0359e-05 0.0124245 9.02732e-06 0.0780474 0.784354 0.00606236 0.000693146 0.00101195 0.000111496 0.000185832 0.00061435 0.00252938 1.12333e-05 0.00112604 
0.000128725 0.404191 5.25487e-05 0.0451648 0.0780346 0.000241492 0.00468895 0.000496916 0.0698884 0.0146024 0.024048 0.00124618 0.0189885 0.000217987 0.00560663 0.0618433 0.267241 5.36213e-05 0.00326412 
8.79935e-05 0.0759474 1.92814e-11 0.0965921 0.0211516 6.04474e-05 0.000310841 2.95078e-11 0.0296909 0.00148825 0.00958019 2.32113e-08 0.0273504 1.93562e-08 0.00715564 0.285215 0.442262 1.04292e-08 0.00310691 
9.18593e-09 0.438165 2.46474e-12 0.112202 0.0310199 0.00110206 0.00734233 3.77198e-12 0.0874127 0.118361 0.165839 0.00151421 0.0144704 1.70228e-08 0.00774314 0.00676668 0.00340022 7.4317e-09 0.00466107 
0.000144669 0.111526 2.44906e-10 0.017414 0.418703 0.000556555 0.00171563 5.14144e-05 0.0134459 0.0150902 0.198375 0.0136271 0.0987912 0.00258422 0.0674306 0.0159002 0.0227613 1.75976e-06 0.00188188 
2.45275e-08 0.114993 1.98021e-08 0.0032466 0.00421603 1.52358e-05 0.0276631 0.00172291 0.223088 0.00154247 0.00365438 2.93776e-05 0.0125431 1.6144e-07 0.000625732 0.605938 0.000325779 4.89293e-07 0.000396097 
0.00102678 0.0244992 6.31468e-10 0.00019671 0.00128969 6.01324e-07 0.000372061 6.15502e-08 0.002562 0.953503 0.000978034 0.000418582 0.013718 8.19669e-10 5.90133e-08 3.50715e-07 4.8384e-07 7.31105e-10 0.00143455 
0.00345544 0.0957555 2.42646e-07 0.39744 0.249952 0.0119314 0.00420189 0.000208579 0.0292988 0.0599298 0.0399448 0.00236556 0.00546843 0.0530126 0.000725031 0.0446627 0.000566724 8.37357e-05 0.000996543 
8.10413e-06 0.185918 1.14348e-11 0.36725 0.335175 0.00217025 0.000293395 1.74996e-11 0.02072 0.00249663 0.0125879 4.44355e-05 0.0448955 1.48428e-11 0.0013676 0.0260528 0.000741559 4.24721e-09 0.000279096 
2.17836e-07 0.682751 2.19851e-09 0.00291554 0.0848113 0.0136974 0.0127392 3.36455e-09 0.038485 0.0278244 0.0606443 0.00100215 0.0216408 0.000131706 0.00588969 0.0394984 0.00499554 0.000403375 0.00257029 
9.0835e-05 0.030376 1.11137e-10 0.00208017 0.00972075 0.00119976 0.128952 1.84588e-07 0.015129 0.104888 0.577453 0.00542682 0.0147006 1.25947e-07 0.0449065 0.000205638 0.00329405 1.40018e-06 0.0615742 
4.63801e-08 0.00365841 1.63028e-11 0.000238567 0.000266527 6.13922e-06 0.00318361 2.49495e-11 0.000398135 0.00132655 0.154943 5.3253e-05 0.00166583 2.11617e-11 0.493347 4.31598e-05 1.92231e-07 8.03703e-08 0.340869 
2.77949e-07 0.00620456 2.63499e-08 0.00328647 0.0302811 6.47934e-06 6.45409e-05 4.03254e-08 0.00341546 0.00473547 0.00286867 3.62705e-06 0.03471 1.70257e-06 2.65014e-05 0.912248 0.00148716 0.000641987 1.77686e-05 
1.27197e-08 0.017856 3.98066e-11 0.423701 0.526409 9.26523e-06 0.000667418 6.09192e-11 0.00029953 0.00854058 0.00706272 1.45053e-06 0.00197122 5.16705e-11 0.000165112 0.010999 0.000773807 1.2696e-05 0.00153107 
0.015515 0.16006 3.48141e-05 0.409094 0.0048557 0.000584201 0.114155 0.00121777 0.0303467 0.0241585 0.194913 0.00187373 0.00529863 0.00198048 0.00993823 0.01409 0.00867083 8.32325e-05 0.00313113 
3.47273e-05 0.122898 2.95374e-07 0.0685988 0.178476 8.98957e-05 0.000553942 1.11154e-06 0.0848412 0.0656455 0.0910843 0.000598076 0.00329111 2.34149e-05 0.000205817 0.0929169 0.290161 2.70286e-06 0.000577171 
3.38908e-06 0.0272608 4.04768e-12 0.00174612 0.0680593 0.000425833 0.000174879 6.19449e-12 0.110426 0.736426 0.0277906 7.22601e-05 0.00164405 3.81008e-06 0.000131467 0.00194505 0.00153743 8.93431e-07 0.0223523 
3.59617e-06 0.0384856 3.90409e-12 0.00203724 0.0666856 0.000449655 0.000246867 5.97473e-12 0.110351 0.724441 0.02686 7.77219e-05 0.00162353 4.4574e-06 0.000129975 0.00208549 0.00155676 1.20275e-06 0.0249595 
1.13993e-08 0.613241 7.57581e-11 1.37234e-06 0.0062412 1.43257e-09 0.04711 1.15939e-10 0.058685 0.0228823 0.147293 4.16319e-08 0.00247758 9.83369e-11 0.0233775 0.0124968 0.0643243 6.5102e-09 0.00187028 
0.00612531 0.185498 2.60315e-05 0.507225 0.0739146 0.0129528 0.0101956 3.31979e-05 0.0452783 0.00893985 0.0658137 0.00101817 0.0106605 0.000215593 0.0286193 0.0258353 0.0137669 3.57173e-05 0.0038461 
4.80932e-05 0.0618851 2.73164e-08 0.168659 0.468427 0.000622578 0.00100039 4.18044e-08 0.0481342 0.230217 0.0158747 5.66368e-05 0.000555529 3.54577e-08 8.89935e-05 0.00125026 0.000143275 0.000682183 0.00235391 
0.000259751 0.0016633 9.70285e-08 0.0048177 0.00879787 0.00148003 0.0742174 0.00224673 0.0084739 0.712409 0.152194 0.0102321 0.0164053 1.25947e-07 0.00135111 0.00359253 0.000356282 0.000100681 0.00140211 
0.0832704 0.307835 2.51284e-08 0.145386 0.0164088 0.00160468 0.00461789 5.8796e-08 0.0103846 0.00109836 0.0140242 0.000117108 0.27665 1.47236e-07 0.00130265 0.134007 0.00194795 0.00112954 0.000215384 
0.0133339 0.00929517 9.78149e-08 0.0648631 0.00583128 0.000879913 0.1742 6.84869e-06 0.0998518 0.137035 0.0942926 0.0381826 0.000890936 3.69745e-06 2.91051e-05 0.360348 3.0746e-05 1.50914e-06 0.000923177 
1.6231e-08 0.0136563 3.24298e-10 0.0609062 0.00678591 1.68681e-06 0.131176 4.96299e-10 0.00437313 0.0135868 0.149078 3.97213e-05 0.000295327 0.00112314 0.00885884 4.38174e-07 2.67177e-07 7.2257e-08 0.610118 
5.85992e-05 0.0179298 8.60403e-08 0.0457709 0.100148 5.61634e-05 0.113008 1.81409e-06 0.0276318 0.544227 0.130702 0.000149283 2.85202e-05 1.11684e-07 1.84083e-06 0.00107317 0.0143184 0.00486263 3.12147e-05 
2.81233e-05 0.0662533 1.33012e-06 0.158468 0.267185 0.000153117 0.000637935 1.95689e-05 0.0770465 0.177772 0.17043 9.4453e-06 0.0351453 9.22983e-05 0.000747254 0.0401896 0.00458713 2.20615e-05 0.00121311 
0.000254519 0.0152775 3.69424e-10 0.00123713 0.29692 0.000715431 0.00279866 5.65358e-10 0.0476689 0.254124 0.06564 0.308199 0.00327574 1.44358e-07 9.02731e-05 0.000311365 0.00317225 1.31088e-05 0.00030216 
0.000147441 0.0145792 3.41678e-08 0.0494475 0.00642492 0.000216777 0.0140795 5.22897e-08 0.0307383 0.667383 0.0999943 0.00432284 0.0200384 1.1347e-05 0.0510816 0.0164438 0.00363218 1.30014e-05 0.0214457 
0.000978185 0.0589189 1.03374e-08 0.0002302 0.00143787 4.07799e-05 0.0125187 0.000109923 0.409505 0.413772 0.0606575 1.16643e-05 5.38432e-05 0.00289083 0.00150553 0.0331761 4.99481e-05 1.10273e-05 0.0041323 
0.000102617 0.0176457 0.000100076 0.0303749 0.0309223 0.0053756 0.35319 0.000728498 0.0401468 0.183524 0.179963 0.00030132 0.00466064 0.00814462 0.0040686 0.0429676 0.00841865 0.0626977 0.026668 
7.60414e-08 0.0855435 5.11939e-10 0.0735933 0.632343 6.18192e-06 0.00133214 7.8346e-10 0.00123148 0.00789686 0.160271 1.02196e-06 0.0197865 1.19001e-06 4.78834e-07 0.0124141 0.0044555 8.10267e-06 0.00111501 
5.14113e-05 0.114674 1.31562e-07 0.000496166 0.0285457 0.00673225 0.0025569 5.74276e-06 0.013554 0.0197694 0.111281 0.68477 0.00193882 5.71192e-05 0.00997687 0.00237293 0.00139872 4.4697e-07 0.00181885 
5.9085e-05 0.222596 7.53941e-10 0.0951107 0.331214 0.000415065 0.00235607 8.44559e-08 0.195548 0.0144538 0.00875593 1.94388e-06 0.0279549 2.60324e-06 0.000117844 0.0706827 0.0305173 8.72903e-10 0.000213623 
7.87668e-07 0.0121015 1.88321e-08 0.00359621 0.00286482 3.0157e-05 0.494486 4.87196e-06 0.0540338 0.0419638 0.366339 9.14148e-06 0.00399804 2.2993e-06 3.09779e-06 0.0154343 0.00442425 2.18035e-08 0.000707564 
1.229e-06 0.16188 1.97768e-10 0.000811737 0.00145111 6.41031e-08 0.614235 3.02659e-10 0.0507917 0.00020319 0.160113 1.81099e-06 0.00179205 5.65197e-09 0.000285212 0.000241152 0.00185751 2.28973e-10 0.00633419 
0.000128547 0.0192983 2.1252e-06 0.0110672 0.0312953 0.0238699 1.5748e-05 6.67327e-05 0.796686 0.116307 9.43526e-06 0.000226959 9.39939e-05 2.75859e-06 1.26807e-05 9.08887e-05 0.000819852 2.46053e-06 4.24337e-06 
5.76756e-06 0.00458396 1.42609e-12 0.00233317 0.000221786 3.77928e-05 0.000528168 2.18246e-12 0.000722282 0.000818339 0.0111714 0.000299668 0.000242251 6.20872e-06 0.73798 1.93073e-05 2.01304e-06 1.05246e-09 0.241028 
4.9799e-06 0.0740562 1.29783e-06 0.518254 0.0412595 0.00899869 9.57294e-05 1.66359e-05 0.0118013 0.00375343 0.0320535 1.46198e-05 0.0163547 0.000346284 0.0566985 0.0797916 0.0141031 0.000101771 0.142295 
4.52303e-07 0.0474307 4.26813e-10 0.000624298 0.0362435 0.00390847 0.000212558 6.53185e-10 0.0216324 0.0282648 0.106413 0.731343 0.000211773 8.94384e-05 0.0154853 0.00709896 0.00104002 4.94158e-10 1.17744e-06 
2.98128e-06 0.0378512 8.39009e-11 0.532631 0.0361645 0.000129656 0.0029861 0.000380077 0.00638341 0.00873415 0.180324 0.0108254 0.0093799 1.08907e-10 0.00174135 0.170558 1.28399e-07 9.71393e-11 0.00190822 
7.54761e-07 0.275679 6.06904e-12 0.0479438 0.0203512 2.60705e-08 0.000350633 0.0207992 0.0696064 1.11454e-08 0.0403296 0.00407304 0.46877 2.25047e-08 1.92571e-08 0.0453186 0.00612246 3.91249e-06 0.000652071 
2.87053e-05 0.744769 3.53939e-10 0.00222769 0.0567852 0.000793604 0.00495377 5.41661e-10 0.0707749 0.00136725 0.024984 0.000819284 0.0470802 2.83604e-06 0.000734431 0.042293 0.000893068 4.09786e-10 0.00149334 
0.000437315 8.51517e-08 1.09942e-10 0.0053356 0.000133123 1.52506e-07 0.00465456 1.68253e-10 0.205916 6.01294e-07 0.546351 1.72257e-07 0.00295971 1.42709e-10 0.0181569 0.0940749 3.57852e-08 2.99957e-07 0.121979 
0.00102678 0.0244992 6.31468e-10 0.00019671 0.00128969 6.01324e-07 0.000372061 6.15502e-08 0.002562 0.953503 0.000978034 0.000418582 0.013718 8.19669e-10 5.90133e-08 3.50715e-07 4.8384e-07 7.31105e-10 0.00143455 
0.00710637 0.217957 1.10561e-06 0.161859 0.183408 7.84694e-05 0.0303545 5.08958e-06 0.0672799 0.0217173 0.174661 0.000127984 0.00145251 0.000215276 0.00122239 0.0245349 0.105345 1.74872e-06 0.00267221 
0.0425804 0.0794361 2.3294e-05 0.0900433 0.0868358 0.0142771 0.0952096 0.00271127 0.0289402 0.18296 0.108169 0.0603619 0.0893434 0.0144974 3.4926e-05 0.100962 0.0028929 0.000145859 0.000575624 
0.000120644 0.00351297 4.31921e-08 0.000271564 0.00162008 0.00287283 0.00484726 6.61003e-08 0.0295245 0.896796 0.0210536 2.57047e-05 0.0272641 5.6065e-08 0.000684679 0.000212238 0.00901613 5.00072e-08 0.00217784 
5.76756e-06 0.00458396 1.42609e-12 0.00233317 0.000221786 3.77928e-05 0.000528168 2.18246e-12 0.000722282 0.000818339 0.0111714 0.000299668 0.000242251 6.20872e-06 0.73798 1.93073e-05 2.01304e-06 1.05246e-09 0.241028 
0.142343 0.0107234 4.65883e-10 0.0340365 0.000220762 0.00381072 0.00774827 9.58341e-08 0.00407857 0.00129331 0.56754 0.109192 0.000243759 8.6605e-05 0.0221178 0.0609928 1.49752e-05 3.19792e-07 0.0355577 
0.000627543 0.135729 9.84188e-06 0.142916 0.0822826 0.0017526 0.14459 0.00146762 0.0800124 0.0537628 0.0643673 0.00349002 0.252297 0.00184925 0.000786632 0.0198894 0.00361837 0.00115398 0.0093971 
3.00017e-05 0.0105422 8.11089e-10 9.5593e-07 0.00141042 5.78676e-07 0.00321465 1.24127e-09 0.00248256 0.0486631 0.00936773 0.00129572 3.2064e-05 1.05282e-09 7.85885e-08 0.000200952 0.000734226 5.11836e-07 0.922024 
1.15408e-05 0.0135004 3.00335e-12 0.000405887 0.000774164 0.00331854 0.00140107 4.59626e-12 0.0292251 0.920885 0.0121776 1.92502e-05 0.00287492 1.21669e-05 0.00469156 0.000553774 0.00125858 8.5064e-11 0.00889012 
0.000413855 0.0250941 4.60427e-07 0.026784 0.00576484 0.158054 0.0401835 0.000600988 0.021415 0.0194601 0.540017 0.00143338 0.00625414 0.000739667 0.0288657 0.0342834 0.0342267 4.00015e-05 0.0563694 
0.00294826 0.180969 1.21753e-07 0.0456978 4.01899e-06 0.000126727 0.726671 0.000585703 0.00517398 0.0140535 0.00488953 8.40533e-06 0.00169773 1.58041e-07 6.65267e-06 0.0161099 0.00025599 5.72382e-06 0.000795461 
1.86551e-07 0.853039 9.36968e-09 0.0131794 0.00201649 0.0114177 0.00314565 1.22926e-05 0.0142092 0.00614333 0.00892807 2.49052e-06 0.035814 2.37199e-06 0.000175745 0.0514953 0.000343966 5.84896e-07 7.41829e-05 
7.89943e-08 0.000479566 3.55097e-12 0.000152191 0.000381916 3.70538e-06 4.56467e-05 5.43432e-12 0.000198738 2.63931e-05 0.0194754 0.978139 0.000751251 9.70132e-09 0.00014545 0.000160031 7.97174e-09 6.03395e-06 3.49606e-05 
9.24798e-08 0.622202 2.60891e-10 0.0132056 0.000450386 5.3324e-06 0.0100561 3.99262e-10 0.252213 1.47757e-05 0.00878629 0.0020988 0.0385606 1.88205e-07 6.51816e-08 0.00842743 0.0439155 3.02056e-10 6.36289e-05 
4.58211e-07 0.0508854 2.11882e-10 0.00427854 0.000742596 0.000426053 0.714358 0.000190433 0.0477165 0.0396577 0.11006 2.72354e-05 0.00174043 1.37315e-05 0.00121034 0.0257571 0.00273987 8.96992e-08 0.000195071 
1.61265e-05 0.63106 1.40142e-06 0.114173 0.013246 3.93296e-05 0.00652299 0.000257406 0.0550003 0.00660655 0.0585851 0.00134549 0.0148472 0.000152705 0.00116837 0.0773699 0.00140956 5.27611e-05 0.0181465 
2.87053e-05 0.744769 3.53939e-10 0.00222769 0.0567852 0.000793604 0.00495377 5.41661e-10 0.0707749 0.00136725 0.024984 0.000819284 0.0470802 2.83604e-06 0.000734431 0.042293 0.000893068 4.09786e-10 0.00149334 
0.0019305 0.144835 6.80047e-07 0.126748 0.00536418 6.31139e-05 0.0426472 1.14036e-06 0.0216745 0.289198 0.145511 0.00231948 0.0118445 0.000171573 0.14476 0.0187682 0.000458897 4.22846e-06 0.0436996 
3.00017e-05 0.0105422 8.11089e-10 9.5593e-07 0.00141042 5.78676e-07 0.00321465 1.24127e-09 0.00248256 0.0486631 0.00936773 0.00129572 3.2064e-05 1.05282e-09 7.85885e-08 0.000200952 0.000734226 5.11836e-07 0.922024 
0.082641 0.195584 3.36165e-11 0.281399 0.00844023 0.00251152 0.115207 2.83004e-07 0.0870407 0.20605 5.22633e-06 1.41529e-06 0.00307873 4.36355e-11 2.27239e-07 8.55298e-06 0.0122779 0.000855685 0.00489878 
1.09349e-05 0.642516 1.08212e-07 0.0632264 0.0117992 0.000731026 0.00388543 1.40002e-05 0.0941355 0.0150024 0.0145031 1.09099e-05 0.0355496 0.00130255 0.000140196 0.117026 0.000123161 1.07958e-05 1.3308e-05 
0.0217433 0.00155246 6.86886e-08 0.0442524 0.000144202 0.780761 0.00846896 2.74205e-07 0.0322343 0.0462879 0.0190316 0.000137507 0.00235071 0.000103893 0.00215514 0.039134 1.97276e-06 5.71674e-06 0.00163444 
0.00724541 0.1315 0.00213703 0.0423843 0.0393207 0.00335267 0.0162746 0.00232548 0.529693 0.0246077 0.0390151 0.00506673 0.0416455 0.00221822 0.0075664 0.0863165 0.0123794 0.0028605 0.0040909 
1.0011e-06 0.0912089 2.08367e-09 0.131589 0.000344519 0.00012929 0.0779011 3.1888e-09 0.434901 0.00661508 0.125468 6.98146e-08 0.00568019 0.000531263 0.00094702 0.0849822 0.0288706 2.41244e-09 0.0108311 
1.86551e-07 0.853039 9.36968e-09 0.0131794 0.00201649 0.0114177 0.00314565 1.22926e-05 0.0142092 0.00614333 0.00892807 2.49052e-06 0.035814 2.37199e-06 0.000175745 0.0514953 0.000343966 5.84896e-07 7.41829e-05 
0.00106311 0.0385386 1.60821e-05 0.351852 0.456569 5.72142e-05 4.14703e-05 0.000374902 0.0179188 0.000232916 0.000319258 0.000179734 0.00716632 4.35409e-05 4.03808e-05 0.0880989 0.0329618 0.00450892 1.67767e-05 
1.13052e-05 0.131833 4.27132e-09 0.0120584 0.0216982 2.70191e-06 0.0502292 6.53674e-09 0.0153393 0.526322 0.172934 7.5073e-05 0.000106671 5.54434e-09 0.00180099 0.00385443 0.00101495 4.94527e-09 0.0627202 
0.000126217 0.0362487 4.08315e-05 0.021766 0.0256491 0.000368047 0.0042929 0.00136695 0.0156079 0.809506 0.0361871 0.000680176 0.00512857 0.00079246 0.000463611 0.00712557 0.000669584 0.000150157 0.0338304 
3.59617e-06 0.0384856 3.90409e-12 0.00203724 0.0666856 0.000449655 0.000246867 5.97473e-12 0.110351 0.724441 0.02686 7.77219e-05 0.00162353 4.4574e-06 0.000129975 0.00208549 0.00155676 1.20275e-06 0.0249595 
2.71078e-05 0.0950354 2.27378e-05 0.490917 0.0616238 0.000479812 0.00472406 7.09137e-05 0.141488 0.0423783 0.0124597 5.94785e-05 0.0356697 0.00158712 0.0330257 0.0553845 0.0233226 0.000347294 0.00137729 
7.83384e-05 0.241366 5.81721e-11 0.0841717 0.0597326 0.000120369 0.00218822 4.42989e-07 0.0514086 0.00353877 0.172759 0.0025455 0.285013 1.8981e-05 0.0151187 0.0688579 0.0102602 9.59742e-07 0.0028212 
9.65562e-06 0.229244 6.05031e-07 0.214086 0.00301785 4.17209e-05 0.396013 6.2307e-05 0.0939825 7.19079e-07 0.0160394 4.23012e-05 0.0141349 1.81394e-05 1.8345e-05 0.0319682 5.53378e-05 3.72374e-06 0.00126159 
1.91317e-05 0.00470901 1.58e-12 0.00425976 0.00128289 0.0147856 0.00160358 2.41799e-12 0.000483605 0.000287884 0.0607575 0.000309763 0.000456336 3.11321e-06 0.267854 0.000223128 9.21701e-05 1.8293e-12 0.642873 
8.73917e-06 0.0051676 3.06191e-07 0.0370216 0.0940635 0.00292497 0.00205232 4.68588e-07 0.0428575 0.760099 0.036831 8.12011e-06 0.00154884 4.4485e-05 0.000297384 0.0170061 1.42521e-05 2.92817e-06 5.12883e-05 
2.37015e-07 0.764548 2.89372e-10 0.00867476 0.0494979 1.51382e-06 2.03787e-05 4.42848e-10 0.165381 5.07058e-05 7.84326e-05 0.00150818 0.0101769 3.75616e-10 1.07733e-05 6.05564e-06 4.42918e-05 3.35031e-10 3.55066e-07 
1.34759e-08 0.226565 8.74116e-09 0.0543361 0.467388 9.42668e-06 0.0154055 4.09185e-05 0.0353776 0.0307959 0.0163969 0.0063452 0.00497589 9.36409e-07 0.000159102 0.099151 0.0429497 2.93723e-07 0.000103034 
0.000748158 0.0135546 3.94296e-05 0.00688273 0.00171705 0.00243339 0.0285802 0.000272316 0.125962 0.622635 0.0785049 0.00976691 0.0187975 0.0385402 0.000247252 0.00480603 0.0432862 0.000102366 0.00312381 
3.59617e-06 0.0384856 3.90409e-12 0.00203724 0.0666856 0.000449655 0.000246867 5.97473e-12 0.110351 0.724441 0.02686 7.77219e-05 0.00162353 4.4574e-06 0.000129975 0.00208549 0.00155676 1.20275e-06 0.0249595 
3.31983e-07 7.56788e-06 6.72161e-11 0.965313 7.01652e-06 0.000310072 7.65366e-07 1.02866e-10 7.92581e-06 0.0108073 1.97408e-06 2.07223e-07 0.0235369 8.72491e-11 1.86079e-07 3.0155e-06 1.53205e-06 7.78997e-08 1.92882e-06 
0.000602992 0.0804409 1.00705e-10 0.129906 0.676414 0.000203654 0.000222953 3.77672e-06 0.0290638 0.0190053 0.00783413 0.00177644 0.0233745 3.53422e-05 0.0288907 0.00107713 0.00112349 1.75382e-05 7.42021e-06 
1.86551e-07 0.853039 9.36968e-09 0.0131794 0.00201649 0.0114177 0.00314565 1.22926e-05 0.0142092 0.00614333 0.00892807 2.49052e-06 0.035814 2.37199e-06 0.000175745 0.0514953 0.000343966 5.84896e-07 7.41829e-05 
3.92697e-06 0.24505 5.46689e-13 0.0532328 0.00367555 5.93997e-06 0.00289336 8.36641e-13 0.0171894 0.000263581 0.0123914 3.23786e-05 0.00484746 7.09623e-13 0.657719 0.000107887 0.00187461 9.51007e-07 0.000711409 
1.70282e-06 0.000512108 3.52946e-12 0.000182934 0.000423599 3.96936e-06 5.47376e-05 5.40142e-12 0.000245176 3.26325e-05 0.019378 0.973821 0.00481435 2.7628e-07 0.000188284 0.000295039 6.78049e-07 8.67943e-06 3.65578e-05 
0.000430556 0.0498421 0.000248233 0.118958 0.135001 0.00762814 0.0183569 0.00357219 0.157943 0.398032 0.0435879 0.00174122 0.00135008 0.000614457 0.0123858 0.0397624 0.00427552 0.00491143 0.00135846 
7.89943e-08 0.000479566 3.55097e-12 0.000152191 0.000381916 3.70538e-06 4.56467e-05 5.43432e-12 0.000198738 2.63931e-05 0.0194754 0.978139 0.000751251 9.70132e-09 0.00014545 0.000160031 7.97174e-09 6.03395e-06 3.49606e-05 
0.000295055 0.384362 2.07238e-09 0.124702 0.000298621 0.000480612 0.00216143 2.76448e-06 0.1183 0.000151738 0.00148091 0.00624854 0.297124 2.1123e-07 5.30758e-05 0.0571263 0.00721156 8.37497e-07 8.84054e-07 
0.0244804 0.0272733 2.90675e-08 0.0417143 0.00843076 0.000355378 0.372797 2.63331e-07 0.0247501 0.00129706 0.481476 4.47056e-05 0.000876945 3.66107e-08 0.00353444 0.0016688 0.00274875 8.49501e-07 0.00855101 
0.000162935 0.0296062 3.84402e-07 0.0460472 0.258345 0.00222668 0.0248783 9.81342e-07 0.0752628 0.442274 0.0107484 0.00778412 0.00127129 0.00783823 0.000969317 0.0916059 0.000677377 2.69385e-05 0.000274286 
6.98456e-05 0.010089 6.66921e-10 0.0533016 0.702473 0.000924226 2.99411e-06 1.02064e-09 0.0721674 0.148792 0.00455866 8.14168e-05 0.000826476 8.65689e-10 0.000130771 0.00186116 0.000205662 0.00100309 0.00351281 
2.4813e-06 0.0450648 2.41872e-08 0.324273 0.0192503 0.000280763 0.0617579 4.49258e-08 0.00152511 0.0534011 0.370768 0.000329521 0.00275771 2.73705e-05 0.07988 0.00364362 0.00235345 3.56478e-05 0.0346496 
3.18119e-05 0.0665598 5.15483e-12 0.0486994 0.00898604 9.51798e-05 0.0265068 7.88885e-12 0.00666574 0.00411399 0.156918 0.0030009 0.00218433 2.64471e-05 0.139961 0.00557727 0.000633963 1.60133e-06 0.530037 
2.45275e-08 0.114993 1.98021e-08 0.0032466 0.00421603 1.52358e-05 0.0276631 0.00172291 0.223088 0.00154247 0.00365438 2.93776e-05 0.0125431 1.6144e-07 0.000625732 0.605938 0.000325779 4.89293e-07 0.000396097 
0.00262512 0.038235 1.76525e-08 0.631859 0.141838 0.00162925 0.122683 1.36229e-05 0.00224456 0.0102103 0.0255098 0.00013625 0.000896989 1.65061e-05 0.00248814 0.019045 0.000103072 0.00013784 0.000328531 
1.1544e-05 0.00623756 5.04059e-12 0.000430109 0.000204173 0.000180732 0.00179004 7.71402e-12 0.0097921 0.94846 0.0139452 8.06179e-06 0.00169254 1.21733e-05 3.70105e-08 0.000884739 0.000165535 1.21341e-10 0.0161851 
3.00017e-05 0.0105422 8.11089e-10 9.5593e-07 0.00141042 5.78676e-07 0.00321465 1.24127e-09 0.00248256 0.0486631 0.00936773 0.00129572 3.2064e-05 1.05282e-09 7.85885e-08 0.000200952 0.000734226 5.11836e-07 0.922024 
8.77993e-05 0.00200147 1.77766e-08 0.987886 0.00185565 9.1015e-05 0.000202416 2.72049e-08 0.00209613 0.000714374 0.000522082 5.4804e-05 0.00270525 2.30747e-08 4.92122e-05 0.000797507 0.000405179 2.06021e-05 0.000510113 
4.63612e-06 0.579197 1.34892e-08 0.193043 0.000845476 1.77474e-07 0.0101309 2.06436e-08 0.0226313 5.06511e-05 0.0813556 0.0371617 0.0336285 2.43175e-05 0.000405133 0.0302538 0.0102695 3.82379e-07 0.000997709 
7.8525e-05 0.407475 1.30179e-05 0.138317 0.159118 0.000690669 0.00945423 0.00286375 0.0631704 0.0405985 0.0507619 0.00506611 0.0202229 0.000133878 0.0474752 0.0212703 0.0305004 1.82367e-05 0.0027717 
8.72573e-08 0.0775027 4.28037e-09 0.061005 0.00644363 0.000244746 0.00334995 2.9814e-07 0.220132 0.00685542 0.0091349 0.000110472 0.00129365 5.55608e-09 2.81624e-05 0.49608 0.117491 4.95575e-09 0.000327822 
3.59617e-06 0.0384856 3.90409e-12 0.00203724 0.0666856 0.000449655 0.000246867 5.97473e-12 0.110351 0.724441 0.02686 7.77219e-05 0.00162353 4.4574e-06 0.000129975 0.00208549 0.00155676 1.20275e-06 0.0249595 
3.42549e-07 0.0725658 6.93515e-10 0.000497472 0.00509891 2.49904e-07 0.0045352 0.000153495 0.711494 4.63461e-05 0.0196533 1.29462e-06 0.069264 9.0021e-10 1.07299e-07 0.115607 0.00107835 6.65606e-07 2.84662e-06 
3.73818e-05 0.0376511 3.104e-06 0.00633012 0.428683 0.000281244 0.00651479 4.6053e-05 0.0414309 0.374288 0.017661 0.00279342 0.00532565 0.000814502 8.30507e-05 0.0731077 0.00364836 0.000202528 0.00109806 
7.89943e-08 0.000479566 3.55097e-12 0.000152191 0.000381916 3.70538e-06 4.56467e-05 5.43432e-12 0.000198738 2.63931e-05 0.0194754 0.978139 0.000751251 9.70132e-09 0.00014545 0.000160031 7.97174e-09 6.03395e-06 3.49606e-05 
0.0280766 0.0500709 1.63615e-06 0.708139 0.0668558 0.000152832 0.00129713 2.18524e-06 0.0293267 0.00315761 0.00645649 4.26308e-05 0.0572528 0.000954266 1.8417e-05 0.0181906 0.0299211 1.00211e-05 7.28414e-05 
8.50051e-06 3.96601e-05 1.67805e-09 0.000145636 0.000402565 5.44868e-06 1.88111e-05 2.56806e-09 1.82766e-06 0.673141 0.26494 7.75936e-06 8.97318e-05 2.17818e-09 7.8969e-05 2.30502e-05 0.0610945 2.52762e-06 1.84871e-07 
8.70961e-05 0.000287381 1.43225e-07 0.00106122 0.000351189 0.00137711 0.00341758 2.19189e-07 0.000623945 0.912929 0.0014315 0.000100431 0.0750177 1.85912e-07 9.91426e-05 0.000829379 0.00168977 1.65824e-07 0.00069727 
6.97223e-05 0.0936905 3.90377e-11 0.00858009 0.0227278 8.60952e-05 2.42723e-07 5.97424e-11 0.0149254 0.000281923 0.00258227 0.00115587 0.000392106 2.46589e-05 0.000447478 0.85039 0.00435525 4.51973e-11 0.000290256 
2.30076e-06 0.439421 2.73959e-09 0.08422 0.167662 3.56758e-05 0.000760011 4.55684e-06 0.073538 0.00189798 0.00387411 1.42717e-08 0.00417451 5.17392e-06 7.44077e-05 0.162585 0.0617029 1.32082e-06 4.05705e-05 
0.00102678 0.0244992 6.31468e-10 0.00019671 0.00128969 6.01324e-07 0.000372061 6.15502e-08 0.002562 0.953503 0.000978034 0.000418582 0.013718 8.19669e-10 5.90133e-08 3.50715e-07 4.8384e-07 7.31105e-10 0.00143455 
0.00102678 0.0244992 6.31468e-10 0.00019671 0.00128969 6.01324e-07 0.000372061 6.15502e-08 0.002562 0.953503 0.000978034 0.000418582 0.013718 8.19669e-10 5.90133e-08 3.50715e-07 4.8384e-07 7.31105e-10 0.00143455 
0.000369562 0.06678 3.29584e-06 0.00135962 0.0184296 0.0673145 0.393457 0.000453916 0.0932258 0.0489304 0.0221273 2.14689e-05 0.0854242 7.20601e-05 0.0092111 0.177344 0.0132548 3.94384e-05 0.00218156 
5.14113e-05 0.114674 1.31562e-07 0.000496166 0.0285457 0.00673225 0.0025569 5.74276e-06 0.013554 0.0197694 0.111281 0.68477 0.00193882 5.71192e-05 0.00997687 0.00237293 0.00139872 4.4697e-07 0.00181885 
0.000149034 0.00856229 1.8246e-09 0.179525 0.76121 1.00795e-05 0.000110369 2.79233e-09 6.27083e-07 0.028862 0.000554127 1.65578e-06 0.0191655 2.36841e-09 7.74997e-07 0.00175804 2.85785e-05 1.33733e-05 4.90498e-05 
0.00875834 0.00914341 1.39783e-05 0.111821 0.00878204 0.000266779 0.169471 2.55289e-05 0.0037499 0.512147 0.127042 0.00319108 7.49018e-05 3.50082e-05 0.000167109 0.0414561 0.00260492 0.000294152 0.000956303 
9.6671e-06 0.171754 7.57202e-08 0.0202792 0.077937 7.46014e-05 0.000538071 7.99352e-06 0.673233 0.0291908 0.0031615 0.000701715 0.00426309 3.83487e-07 0.00697423 0.00302374 0.00226023 2.45618e-07 0.00659127 
6.97223e-05 0.0936905 3.90377e-11 0.00858009 0.0227278 8.60952e-05 2.42723e-07 5.97424e-11 0.0149254 0.000281923 0.00258227 0.00115587 0.000392106 2.46589e-05 0.000447478 0.85039 0.00435525 4.51973e-11 0.000290256 
