0.00397006 0.427602 8.68356e-07 0.0369842 0.0798242 8.22404e-05 0.0019503 2.73067e-05 0.115403 0.000531979 0.0447901 0.00559923 0.22496 1.04108e-06 0.000727191 0.0401444 0.0136173 7.23632e-06 0.00377704 
8.17215e-06 0.157374 2.99935e-07 0.017948 0.000458336 0.000139641 0.081808 2.29432e-05 0.0525411 0.00108651 0.0308246 0.000209606 0.00392148 0.000154026 3.96718e-06 0.583654 0.0690353 1.38468e-05 0.000796539 
3.89575e-05 0.493171 1.84143e-07 0.0593748 0.0341073 9.22548e-05 0.0112985 1.34482e-06 0.0564051 0.0184147 0.119209 0.000519024 0.0315894 0.000300435 0.00319586 0.121436 0.00319911 0.000126358 0.0475213 
0.00102678 0.0244992 6.31468e-10 0.00019671 0.00128969 6.01324e-07 0.000372061 6.15502e-08 0.002562 0.953503 0.000978034 0.000418582 0.013718 8.19669e-10 5.90133e-08 3.50715e-07 4.8384e-07 7.31105e-10 0.00143455 
3.89575e-05 0.493171 1.84143e-07 0.0593748 0.0341073 9.22548e-05 0.0112985 1.34482e-06 0.0564051 0.0184147 0.119209 0.000519024 0.0315894 0.000300435 0.00319586 0.121436 0.00319911 0.000126358 0.0475213 
3.89575e-05 0.493171 1.84143e-07 0.0593748 0.0341073 9.22548e-05 0.0112985 1.34482e-06 0.0564051 0.0184147 0.119209 0.000519024 0.0315894 0.000300435 0.00319586 0.121436 0.00319911 0.000126358 0.0475213 
5.23025e-05 0.0133288 3.39092e-10 0.00163953 0.0011685 0.000268688 0.00541602 5.18939e-10 0.0170698 0.030416 0.116874 0.000121904 0.000253522 0.00456795 0.441624 0.00200236 1.69856e-05 4.36759e-08 0.365179 
0.105086 0.0584907 1.09189e-05 0.0017652 0.00503806 0.00300426 0.0255098 0.000133555 0.643569 0.0024336 0.034959 0.000347668 0.0404382 1.10049e-05 0.000246758 0.0679619 0.00985101 2.84429e-05 0.00111548 
3.59617e-06 0.0384856 3.90409e-12 0.00203724 0.0666856 0.000449655 0.000246867 5.97473e-12 0.110351 0.724441 0.02686 7.77219e-05 0.00162353 4.4574e-06 0.000129975 0.00208549 0.00155676 1.20275e-06 0.0249595 
1.99519e-09 0.00168978 7.22657e-13 0.0940213 0.889461 5.48797e-05 4.44398e-09 1.10594e-12 1.24155e-08 0.00362759 8.06115e-05 8.50935e-06 3.44875e-08 9.38036e-13 4.04134e-06 0.0105254 0.000162151 7.54847e-05 0.000289108 
0.000182527 0.139005 3.3238e-08 0.0453926 0.160062 0.000244435 0.00689807 2.53526e-05 0.255973 0.0924804 0.195996 0.00278364 0.0304126 1.24386e-06 0.00400016 0.00329264 0.0616306 0.000721668 0.000898305 
4.07436e-09 0.00305746 9.93526e-12 0.00125338 0.000436769 0.0819727 0.00480249 1.52047e-11 6.31031e-05 0.000264366 0.152702 3.39184e-06 1.33455e-05 1.28176e-08 0.153408 0.000401038 0.000168241 2.04144e-09 0.601454 
8.73917e-06 0.0051676 3.06191e-07 0.0370216 0.0940635 0.00292497 0.00205232 4.68588e-07 0.0428575 0.760099 0.036831 8.12011e-06 0.00154884 4.4485e-05 0.000297384 0.0170061 1.42521e-05 2.92817e-06 5.12883e-05 
3.00017e-05 0.0105422 8.11089e-10 9.5593e-07 0.00141042 5.78676e-07 0.00321465 1.24127e-09 0.00248256 0.0486631 0.00936773 0.00129572 3.2064e-05 1.05282e-09 7.85885e-08 0.000200952 0.000734226 5.11836e-07 0.922024 
4.42122e-06 0.152284 1.43971e-06 0.263367 0.0750118 2.75828e-06 0.0232333 4.13023e-06 0.0443714 0.0331621 0.291073 0.000138769 0.00179148 0.00501814 0.0187371 0.0740293 0.0096942 4.52786e-06 0.00807143 
5.14113e-05 0.114674 1.31562e-07 0.000496166 0.0285457 0.00673225 0.0025569 5.74276e-06 0.013554 0.0197694 0.111281 0.68477 0.00193882 5.71192e-05 0.00997687 0.00237293 0.00139872 4.4697e-07 0.00181885 
6.25691e-05 0.0995952 1.78199e-05 0.217279 0.0102295 0.231421 0.0234049 0.000425039 0.0173368 0.00629256 0.0267981 0.00378908 0.012921 0.000710513 0.0279199 0.252262 0.0100695 0.000107747 0.0593577 
0.000188202 0.0248928 2.27048e-09 0.46647 0.00771176 5.07465e-05 0.00405129 3.4747e-09 0.0952477 0.00682897 0.0875212 0.000137782 0.289037 2.94717e-09 0.000664007 0.000865932 0.00879717 2.60958e-07 0.00753548 
0.000302763 0.0224399 1.49444e-09 0.443653 0.259503 0.000135819 0.00123768 2.29191e-05 0.0235202 0.00628634 0.0297173 0.00176235 0.0602278 0.000107629 0.0995296 0.00878165 0.0353993 2.16636e-05 0.00735138 
3.26554e-06 3.46063e-05 2.43227e-09 0.000665759 0.00030982 1.7616e-05 1.33829e-05 3.72229e-09 4.47237e-05 0.903099 1.32993e-05 3.37373e-05 0.000195249 3.15717e-09 0.000244895 2.8351e-05 0.0952735 3.66368e-06 1.94971e-05 
8.27104e-07 0.204616 4.05766e-08 0.0034117 0.015942 0.000458298 0.186953 3.88054e-07 0.0580006 0.298781 0.169829 0.00234649 0.00867314 0.000185725 0.00192388 0.0210345 0.00236439 0.00012845 0.0253511 
0.000855177 0.0863976 0.000212042 0.0999377 0.325601 0.000296679 0.0669279 0.0361793 0.0393823 0.122033 0.133742 0.00661964 0.0303003 0.000281701 0.0134007 0.0305032 0.00143293 0.0015273 0.00436891 
1.41584e-05 0.0467205 6.9037e-09 0.00852753 0.00284335 2.56698e-06 0.0150487 1.05653e-08 0.73759 0.0823004 0.0361779 0.000178673 0.000175002 1.98986e-06 1.5248e-05 0.00146286 0.0682367 3.90232e-06 0.000700172 
4.09929e-06 0.00608171 4.46122e-08 0.7944 0.171946 0.00124993 4.45664e-05 4.33655e-07 0.00736388 0.000216923 0.00131504 0.00036479 0.00378539 5.13055e-07 0.000188546 0.00435732 0.00865521 2.94572e-06 2.30384e-05 
2.16289e-07 0.181195 2.7623e-08 0.0283474 0.01232 1.28355e-06 0.08347 0.00072366 0.0486371 0.0300384 0.525179 7.26199e-05 0.0356691 3.58558e-08 0.00376948 0.00707931 0.0255756 3.19816e-08 0.0179216 
0.00771171 0.150364 1.14595e-05 0.0255285 0.0221957 0.000133517 0.00263069 0.00641954 0.463178 0.0126679 0.0205627 0.00147941 0.191183 1.97135e-05 0.0208071 0.0651972 0.00890172 2.38992e-05 0.000984481 
2.43105e-05 0.00779129 3.16616e-12 0.00084658 0.00126991 0.000159066 0.000473276 4.84542e-12 0.0152117 0.950653 0.00651398 4.25525e-05 0.0016637 1.70821e-05 0.000193911 0.000422274 0.000749937 6.11083e-10 0.0139671 
0.000188202 0.0248928 2.27048e-09 0.46647 0.00771176 5.07465e-05 0.00405129 3.4747e-09 0.0952477 0.00682897 0.0875212 0.000137782 0.289037 2.94717e-09 0.000664007 0.000865932 0.00879717 2.60958e-07 0.00753548 
0.000512372 0.504864 1.0184e-07 0.029311 0.0306009 0.00125834 0.00129407 0.00114371 0.072741 0.0124436 0.0304851 0.0396883 0.0193746 0.237568 0.000429093 0.0179068 0.000339572 2.93712e-06 3.65967e-05 
1.29676e-07 0.00427497 7.21491e-09 1.10169e-05 5.59445e-05 2.99691e-05 0.273106 2.17026e-06 0.00299451 0.714921 0.00383065 4.76533e-07 4.43596e-07 9.36523e-09 8.38581e-05 0.000140216 1.51484e-06 1.73944e-07 0.000546456 
0.000106102 0.0951729 4.59036e-07 0.010271 0.0230357 1.26756e-06 0.00113926 9.64859e-06 0.0344084 0.209982 0.14053 0.466926 0.00254332 1.3804e-06 0.00268622 0.00218552 0.00849688 1.2165e-06 0.00250235 
3.21786e-06 0.0193008 2.31249e-06 0.0116505 0.0569307 1.33493e-05 0.00115533 3.53899e-06 0.0187723 0.00101068 0.000292385 7.21675e-05 0.00159601 3.0017e-06 4.69175e-06 0.0103744 0.878723 1.51725e-05 7.64236e-05 
0.00122328 0.14403 7.46639e-11 0.0329489 0.00452236 0.00168991 0.0550562 1.14264e-10 0.024527 0.00155574 0.130869 0.00190038 0.00102784 2.63473e-07 0.13492 0.129906 5.711e-05 1.59474e-08 0.335765 
5.19743e-05 0.0246942 2.06494e-11 0.00279612 0.0010396 0.000290498 0.00744228 3.16014e-11 0.0184532 0.0311719 0.0876445 0.000201079 0.000286654 0.00456064 0.498214 0.00209156 1.68174e-05 8.02964e-09 0.321045 
0.000302737 0.406523 4.60951e-11 0.0684325 0.100459 1.15398e-08 3.023e-06 7.05429e-11 0.0228845 0.0504928 0.339862 0.000967843 0.0100507 5.98332e-11 1.69649e-05 5.96112e-08 1.46896e-06 5.34216e-08 4.1082e-06 
3.89575e-05 0.493171 1.84143e-07 0.0593748 0.0341073 9.22548e-05 0.0112985 1.34482e-06 0.0564051 0.0184147 0.119209 0.000519024 0.0315894 0.000300435 0.00319586 0.121436 0.00319911 0.000126358 0.0475213 
0.00425978 0.0023045 7.21107e-08 0.0136232 0.000592665 0.00380998 0.0446608 8.49212e-08 0.000534945 0.000293055 0.706066 1.4065e-05 0.000209735 1.44074e-07 0.00950028 0.0542943 0.000110057 2.7907e-07 0.159726 
1.27197e-08 0.017856 3.98066e-11 0.423701 0.526409 9.26523e-06 0.000667418 6.09192e-11 0.00029953 0.00854058 0.00706272 1.45053e-06 0.00197122 5.16705e-11 0.000165112 0.010999 0.000773807 1.2696e-05 0.00153107 
7.54761e-07 0.275679 6.06904e-12 0.0479438 0.0203512 2.60705e-08 0.000350633 0.0207992 0.0696064 1.11454e-08 0.0403296 0.00407304 0.46877 2.25047e-08 1.92571e-08 0.0453186 0.00612246 3.91249e-06 0.000652071 
0.00175753 0.0806553 0.000810625 0.0368662 0.0687535 0.0407929 0.0145026 0.000898363 0.121276 0.122172 0.0333175 0.015825 0.0795962 0.00114793 0.0216097 0.0612221 0.291555 0.00289618 0.00434493 
7.61073e-05 0.019661 1.09171e-05 0.0153735 0.0233544 0.000298309 0.246432 0.000197684 0.141618 0.301657 0.203111 0.00958023 0.00583732 0.00103747 0.00128625 0.0249557 0.00103216 2.62202e-05 0.00445561 
1.71145e-05 0.000454105 8.55187e-12 0.000372704 1.81136e-08 2.37803e-08 0.00110136 1.30876e-11 5.67232e-08 0.00050121 0.908147 7.19379e-08 8.24014e-08 0.0383113 2.54465e-08 0.000158591 7.71456e-08 9.45795e-09 0.0509358 
4.274e-06 0.314569 1.30916e-10 0.0850058 0.0538822 3.27009e-07 9.39877e-07 2.0035e-10 0.056454 0.190206 0.248213 3.06853e-05 0.0251734 4.79227e-06 0.00206974 2.45356e-07 0.00440555 1.51572e-10 0.0199809 
6.46313e-05 0.123803 5.17271e-06 0.0287031 0.230017 4.54667e-05 0.0052607 0.0116174 0.0543068 0.180149 0.254072 0.00120868 0.00319966 0.000604874 0.000272876 0.104468 0.000871761 1.27846e-05 0.00131821 
1.42883e-05 0.111996 5.30661e-08 0.077872 0.0431349 0.000272405 0.0118853 9.10169e-07 0.0113903 0.00286118 0.328092 0.000569369 0.0042537 7.76172e-06 0.251691 0.0250156 0.00426038 3.16885e-07 0.126683 
4.48166e-05 0.0995542 3.49428e-05 0.0539529 0.0459727 0.000309169 0.0480131 0.0102914 0.0975051 0.0953073 0.376139 0.000175445 0.011612 0.0111155 0.00138274 0.117741 0.0263815 7.85519e-05 0.00438894 
0.0174893 0.063354 1.85405e-08 0.375409 0.037404 0.0012 0.0322318 1.09011e-06 0.131969 0.165223 0.0700981 0.000840969 0.00707593 6.98207e-07 0.000600013 0.00717297 0.0807436 0.000220373 0.00896634 
1.89389e-05 0.622742 7.41483e-11 0.0144607 0.00697644 0.00229937 0.0156741 5.86083e-08 0.251373 0.0012156 0.019395 5.08818e-05 0.00288963 0.0194342 2.70744e-05 0.0185954 0.0241726 2.97044e-07 0.000674676 
3.00017e-05 0.0105422 8.11089e-10 9.5593e-07 0.00141042 5.78676e-07 0.00321465 1.24127e-09 0.00248256 0.0486631 0.00936773 0.00129572 3.2064e-05 1.05282e-09 7.85885e-08 0.000200952 0.000734226 5.11836e-07 0.922024 
8.07583e-08 0.110368 5.74433e-08 0.0093393 0.046571 0.000313109 4.66269e-05 8.791e-08 0.419058 0.211114 0.0795621 0.00114951 3.29663e-06 0.0237297 7.45207e-05 7.20665e-05 0.0948604 3.24517e-05 0.00370619 
0.000168806 0.0298916 1.39813e-08 0.0215426 0.00261964 0.000268227 0.000954474 2.07343e-07 0.00863416 0.00180438 0.500612 0.00567051 0.00157555 0.000158353 0.2655 0.00253612 6.96064e-06 3.01186e-06 0.158053 
2.37793e-05 0.19122 1.93738e-07 0.01168 0.00246074 6.62867e-05 0.235073 3.12145e-06 0.404689 0.010854 0.0187077 0.0142501 0.108335 2.87436e-05 1.13189e-05 0.00107287 0.00136426 2.55273e-07 0.000160282 
0.0218421 0.0125076 5.34603e-08 0.0318314 5.01877e-05 9.40212e-05 0.00355241 0.000206979 0.0202498 0.00027004 0.0205988 5.1887e-06 0.11916 1.2414e-06 0.022398 0.737032 0.00878094 1.0392e-06 0.00141781 
1.25137e-05 0.266738 5.80451e-12 0.0584151 0.0207243 5.42059e-06 0.000340725 0.0477756 0.0663931 3.05222e-06 0.03818 0.00634688 0.444633 1.95332e-06 1.14435e-05 0.0432897 0.00650604 4.13063e-06 0.000618813 
0.000119619 0.0173045 1.59597e-06 0.00451436 0.000233911 0.647585 0.0981845 6.15356e-06 0.0521239 0.00524382 0.0794872 0.0451444 0.00260718 0.00620714 0.0298481 0.000200957 0.00018912 1.89532e-06 0.0109962 
0.0188537 0.186035 2.96601e-10 0.148047 0.00136837 0.286565 0.0536053 5.06473e-08 0.000946476 0.0414318 0.235095 2.67284e-05 0.000551527 3.85e-10 0.000446174 0.0249201 0.000548948 0.000114312 0.00144376 
1.21895e-07 0.0197615 4.00918e-08 7.1242e-05 2.53101e-06 0.000148677 0.00153716 6.13557e-08 0.781949 0.0260306 0.00135244 0.00255442 1.93569e-06 0.151681 1.31004e-07 0.0148838 2.38673e-07 4.64178e-08 2.47643e-05 
2.28446e-06 0.00792242 8.37146e-07 0.00395899 0.0576929 0.0166422 0.502573 0.00150009 0.00149486 0.104801 0.298357 5.66957e-05 0.0036414 1.12507e-06 0.000635412 1.46791e-06 1.8827e-06 7.07633e-06 0.000708313 
3.89575e-05 0.493171 1.84143e-07 0.0593748 0.0341073 9.22548e-05 0.0112985 1.34482e-06 0.0564051 0.0184147 0.119209 0.000519024 0.0315894 0.000300435 0.00319586 0.121436 0.00319911 0.000126358 0.0475213 
2.28858e-05 0.00318607 2.80178e-12 0.00148446 0.00027612 0.000184443 0.000518634 4.28779e-12 0.013905 0.956791 0.0060556 1.43576e-05 0.0020287 1.9595e-05 0.0003074 0.000591973 0.000770309 5.06835e-10 0.0138439 
0.000188202 0.0248928 2.27048e-09 0.46647 0.00771176 5.07465e-05 0.00405129 3.4747e-09 0.0952477 0.00682897 0.0875212 0.000137782 0.289037 2.94717e-09 0.000664007 0.000865932 0.00879717 2.60958e-07 0.00753548 
2.54273e-09 0.199765 2.33883e-12 0.345878 0.432298 2.38274e-05 0.000130046 3.57929e-12 0.00502162 0.000604677 0.000966317 6.11762e-06 0.00278699 3.03589e-12 2.37864e-05 0.0111924 0.000987305 1.26023e-05 0.000303666 
3.38908e-06 0.0272608 4.04768e-12 0.00174612 0.0680593 0.000425833 0.000174879 6.19449e-12 0.110426 0.736426 0.0277906 7.22601e-05 0.00164405 3.81008e-06 0.000131467 0.00194505 0.00153743 8.93431e-07 0.0223523 
4.80779e-05 0.153354 6.98875e-09 0.0182181 0.640759 0.000669868 0.00277483 1.86929e-08 0.0817722 0.00272826 0.0691792 0.000810807 0.00291586 1.47499e-06 0.00854321 0.0101224 0.00777162 3.14192e-08 0.00033172 
7.34388e-08 0.0017849 2.93776e-12 0.00210046 1.59932e-07 0.00213866 0.000909241 4.49589e-12 0.00448998 0.000864453 0.785773 0.111798 0.0745593 6.71184e-08 0.00307922 5.4888e-08 5.51679e-08 2.80806e-05 0.0124744 
0.00495599 0.101073 1.18886e-05 0.219027 0.253948 0.00084062 0.0972293 0.000205375 0.0498861 0.0550222 0.155391 0.00585408 0.0138653 0.000197327 0.00245943 0.0336868 0.000182132 2.33364e-05 0.0061412 
0.000101695 0.00181422 4.45215e-08 0.000972513 0.0088798 0.374257 0.0135834 6.81348e-08 0.0163184 0.566861 0.0148427 1.12754e-06 1.70978e-05 0.000395823 0.000142052 4.37281e-07 0.00147417 4.36603e-07 0.000337893 
4.26785e-06 5.76696e-08 2.16519e-12 0.00101467 0.000355735 0.000193361 0.000387002 3.31356e-12 0.0141159 0.960523 0.00799006 4.29832e-06 0.00159378 1.1427e-05 3.34045e-08 0.000752181 8.99056e-05 1.07184e-10 0.0129647 
1.81022e-06 0.118101 2.30307e-07 0.006942 0.00870268 0.256422 0.0237108 2.28153e-06 0.185454 0.125714 0.167011 0.000742291 0.0250447 4.45274e-06 0.000319524 0.0572925 0.0203929 2.51412e-07 0.00414139 
0.000172164 0.318392 1.62922e-06 0.205597 0.0147894 0.00431037 0.0322702 0.000520463 0.108745 0.0338804 0.111542 0.000411682 0.112702 0.0025392 0.000660169 0.0369417 0.0144386 2.24957e-05 0.00206295 
4.52303e-07 0.0474307 4.26813e-10 0.000624298 0.0362435 0.00390847 0.000212558 6.53185e-10 0.0216324 0.0282648 0.106413 0.731343 0.000211773 8.94384e-05 0.0154853 0.00709896 0.00104002 4.94158e-10 1.17744e-06 
3.59617e-06 0.0384856 3.90409e-12 0.00203724 0.0666856 0.000449655 0.000246867 5.97473e-12 0.110351 0.724441 0.02686 7.77219e-05 0.00162353 4.4574e-06 0.000129975 0.00208549 0.00155676 1.20275e-06 0.0249595 
8.64989e-06 0.00680692 1.90598e-12 0.00337315 0.000319558 5.364e-05 0.000792249 2.91687e-12 0.00106147 0.00122751 0.0148755 0.000421478 0.000363371 7.98244e-06 0.612548 2.89603e-05 3.01935e-06 1.49206e-09 0.358108 
0.0246363 0.0383511 6.99917e-09 0.0219774 0.00900835 0.35289 0.0228032 1.07114e-08 0.044753 0.399826 0.0427481 0.00125926 0.0367598 9.0852e-09 0.000143374 0.00127209 0.000324373 0.00308621 0.000162245 
3.59617e-06 0.0384856 3.90409e-12 0.00203724 0.0666856 0.000449655 0.000246867 5.97473e-12 0.110351 0.724441 0.02686 7.77219e-05 0.00162353 4.4574e-06 0.000129975 0.00208549 0.00155676 1.20275e-06 0.0249595 
5.62178e-08 0.0593016 4.68824e-12 0.0549074 0.00753477 0.000158614 0.0223691 7.17479e-12 0.00247809 0.0025911 0.127686 0.00315863 0.00170865 1.85655e-08 0.224839 0.00251417 9.48703e-05 3.54015e-09 0.490658 
6.49514e-05 0.335778 6.99362e-10 0.0590972 0.0129141 1.15911e-05 0.160823 4.55975e-07 0.0785939 0.0122002 0.276939 8.00171e-05 0.0244287 9.07798e-10 1.22638e-05 0.0325017 0.00112834 2.95553e-06 0.00542352 
3.32079e-05 0.0419079 1.23845e-06 0.0305541 0.0396062 0.000101357 0.112575 9.81815e-06 0.0116788 0.480517 0.138683 3.50109e-05 0.000808426 0.0175157 0.000858031 0.0787603 0.00236807 2.74332e-05 0.0439598 
1.62807e-05 0.00378022 3.68626e-09 0.00204675 0.00296167 0.00133563 0.00259019 1.25582e-06 0.674211 0.23874 0.010731 2.26628e-05 0.0531508 2.5542e-07 0.000374301 0.00990146 2.16814e-06 6.25113e-05 7.20419e-05 
3.10755e-05 0.246234 1.97706e-11 0.157636 0.214392 0.00101088 0.0114757 4.2707e-08 0.0319821 0.241993 0.021297 5.02706e-05 0.00223297 2.56629e-11 0.000822685 0.0440583 0.00551069 7.65553e-06 0.0212652 
4.65189e-05 0.000117542 4.03231e-11 0.000186525 0.000479068 9.21889e-08 0.857014 6.17096e-11 0.00685568 0.0451817 0.0829225 0.000213504 0.00160589 0.000161069 2.9952e-06 3.2742e-07 0.000115666 1.92491e-09 0.00509647 
0.000193705 0.0783407 1.41006e-06 0.0697268 0.00547307 5.06824e-05 0.302857 2.14806e-05 0.462818 0.00253048 0.00928965 0.000308476 0.0575926 0.00268128 3.22103e-05 0.00672214 0.000877746 1.28169e-05 0.000470583 
2.43765e-05 0.299117 3.86836e-07 0.0519428 0.0635431 0.000279992 0.120349 5.4399e-06 0.117461 0.105947 0.115919 0.000445617 0.00644903 8.60773e-05 0.000135218 0.110069 0.00808484 1.87411e-05 0.000121536 
4.21543e-05 0.00901631 1.23674e-07 0.0267641 0.106461 0.0122832 2.23436e-06 3.70212e-06 0.041823 0.357996 0.128007 3.52281e-05 1.81561e-06 0.000397836 0.0550508 0.244315 0.00102004 5.1872e-05 0.0167279 
0.00510193 0.041655 4.56366e-05 0.238836 0.532265 0.000330843 0.000286125 8.69482e-05 0.0377893 0.0320112 0.00585901 0.012798 0.0820105 0.000122606 0.00426543 0.00426328 0.0015374 0.000138083 0.000598438 
3.06747e-07 0.246112 6.14086e-09 0.0284661 0.0190069 0.000231976 0.000167042 0.00832036 0.297728 9.9863e-06 0.0166972 0.00192329 0.295857 7.25131e-06 1.80627e-05 0.0555128 0.0295823 1.56847e-06 0.00035798 
3.04896e-07 0.0264687 1.23263e-07 0.0881362 0.00372226 0.0246333 0.00700418 3.82672e-06 0.464003 0.220823 0.0190622 0.000598156 0.00226909 0.000772532 0.000148946 0.141352 0.000109073 0.000600808 0.000292185 
1.16987e-09 0.768951 5.70179e-13 0.181639 0.0274156 1.99983e-07 0.00130507 8.7259e-13 0.0102151 2.02122e-08 0.00862242 6.8429e-06 0.000454763 7.40114e-13 0.000147105 7.37369e-10 0.000307099 6.60806e-10 0.000935083 
5.45098e-07 0.159531 6.6329e-10 0.169968 0.170816 0.000673137 7.24051e-06 6.44449e-07 0.0123138 0.364133 0.00190991 7.69756e-07 0.00489133 2.51919e-06 3.45928e-06 0.0880926 0.0276051 3.23118e-05 1.91922e-05 
0.00102678 0.0244992 6.31468e-10 0.00019671 0.00128969 6.01324e-07 0.000372061 6.15502e-08 0.002562 0.953503 0.000978034 0.000418582 0.013718 8.19669e-10 5.90133e-08 3.50715e-07 4.8384e-07 7.31105e-10 0.00143455 
0.000120065 0.287543 2.6441e-11 0.0107067 0.416204 7.76012e-08 0.000777908 4.04648e-11 0.244056 0.00208875 0.00390842 0.0045107 0.0300832 1.71641e-07 1.61751e-08 2.76987e-07 1.44528e-06 5.51341e-08 5.5173e-08 
0.000611747 0.182447 5.86465e-06 0.0779183 0.283566 0.00986307 0.00140583 0.00500589 0.052778 0.0523124 0.0424979 0.126001 0.0156745 6.02027e-05 0.137052 0.00326913 0.00249233 9.8323e-06 0.00702877 
1.94912e-07 0.783972 2.03896e-09 0.00208083 0.00133342 1.16975e-07 0.040932 3.12038e-09 0.108444 0.000513043 0.0262381 1.55348e-06 0.0220043 2.64665e-09 2.08099e-05 0.00204307 0.0118572 2.36068e-09 0.000559047 
2.43105e-05 0.00779129 3.16616e-12 0.00084658 0.00126991 0.000159066 0.000473276 4.84542e-12 0.0152117 0.950653 0.00651398 4.25525e-05 0.0016637 1.70821e-05 0.000193911 0.000422274 0.000749937 6.11083e-10 0.0139671 
1.73085e-05 0.000783671 2.79064e-12 0.000608819 0.00021345 0.000176596 0.000410145 4.27074e-12 0.0125579 0.96907 0.0053129 1.20831e-05 0.00187995 1.82454e-05 3.17715e-08 0.000451323 0.000248249 9.89425e-11 0.00823907 
1.80846e-09 1.62859e-07 2.28224e-12 2.35837e-05 0.00220227 0.0036067 0.00354292 3.4927e-12 0.0487186 0.896157 0.0265994 1.63042e-05 0.00226773 4.55249e-06 3.08542e-07 0.000754219 0.000158444 1.52904e-10 0.0159479 
5.31154e-06 0.0307428 4.952e-11 0.0675382 0.00387998 8.98511e-05 0.031091 7.57844e-11 0.00168377 9.74761e-05 0.51769 4.75817e-06 6.65591e-05 6.42789e-11 1.22748e-07 0.345371 0.00114717 9.01633e-09 0.000591738 
9.18593e-09 0.438165 2.46474e-12 0.112202 0.0310199 0.00110206 0.00734233 3.77198e-12 0.0874127 0.118361 0.165839 0.00151421 0.0144704 1.70228e-08 0.00774314 0.00676668 0.00340022 7.4317e-09 0.00466107 
2.41303e-05 0.119588 1.21722e-06 0.0937629 0.0424135 0.000210078 0.0289528 4.35759e-06 0.0389364 0.00438502 0.0298044 9.26752e-05 0.0435868 0.000388587 0.312732 0.277827 0.00498357 2.5827e-06 0.00230489 
2.45275e-08 0.114993 1.98021e-08 0.0032466 0.00421603 1.52358e-05 0.0276631 0.00172291 0.223088 0.00154247 0.00365438 2.93776e-05 0.0125431 1.6144e-07 0.000625732 0.605938 0.000325779 4.89293e-07 0.000396097 
0.00345544 0.0957555 2.42646e-07 0.39744 0.249952 0.0119314 0.00420189 0.000208579 0.0292988 0.0599298 0.0399448 0.00236556 0.00546843 0.0530126 0.000725031 0.0446627 0.000566724 8.37357e-05 0.000996543 
5.76756e-06 0.00458396 1.42609e-12 0.00233317 0.000221786 3.77928e-05 0.000528168 2.18246e-12 0.000722282 0.000818339 0.0111714 0.000299668 0.000242251 6.20872e-06 0.73798 1.93073e-05 2.01304e-06 1.05246e-09 0.241028 
8.10413e-06 0.185918 1.14348e-11 0.36725 0.335175 0.00217025 0.000293395 1.74996e-11 0.02072 0.00249663 0.0125879 4.44355e-05 0.0448955 1.48428e-11 0.0013676 0.0260528 0.000741559 4.24721e-09 0.000279096 
3.47273e-05 0.122898 2.95374e-07 0.0685988 0.178476 8.98957e-05 0.000553942 1.11154e-06 0.0848412 0.0656455 0.0910843 0.000598076 0.00329111 2.34149e-05 0.000205817 0.0929169 0.290161 2.70286e-06 0.000577171 
0.000199702 2.05852e-07 2.90041e-11 2.25415e-05 0.000477834 0.00153847 0.136747 4.43872e-11 0.00471154 0.000353903 0.817896 3.2429e-05 0.00658491 3.76484e-11 2.99864e-05 0.000285093 1.19367e-07 2.54125e-08 0.0311203 
3.59617e-06 0.0384856 3.90409e-12 0.00203724 0.0666856 0.000449655 0.000246867 5.97473e-12 0.110351 0.724441 0.02686 7.77219e-05 0.00162353 4.4574e-06 0.000129975 0.00208549 0.00155676 1.20275e-06 0.0249595 
3.59617e-06 0.0384856 3.90409e-12 0.00203724 0.0666856 0.000449655 0.000246867 5.97473e-12 0.110351 0.724441 0.02686 7.77219e-05 0.00162353 4.4574e-06 0.000129975 0.00208549 0.00155676 1.20275e-06 0.0249595 
0.00612531 0.185498 2.60315e-05 0.507225 0.0739146 0.0129528 0.0101956 3.31979e-05 0.0452783 0.00893985 0.0658137 0.00101817 0.0106605 0.000215593 0.0286193 0.0258353 0.0137669 3.57173e-05 0.0038461 
4.80932e-05 0.0618851 2.73164e-08 0.168659 0.468427 0.000622578 0.00100039 4.18044e-08 0.0481342 0.230217 0.0158747 5.66368e-05 0.000555529 3.54577e-08 8.89935e-05 0.00125026 0.000143275 0.000682183 0.00235391 
0.000259751 0.0016633 9.70285e-08 0.0048177 0.00879787 0.00148003 0.0742174 0.00224673 0.0084739 0.712409 0.152194 0.0102321 0.0164053 1.25947e-07 0.00135111 0.00359253 0.000356282 0.000100681 0.00140211 
0.0133339 0.00929517 9.78149e-08 0.0648631 0.00583128 0.000879913 0.1742 6.84869e-06 0.0998518 0.137035 0.0942926 0.0381826 0.000890936 3.69745e-06 2.91051e-05 0.360348 3.0746e-05 1.50914e-06 0.000923177 
1.90876e-06 0.0196589 2.55064e-09 0.000608165 0.000313478 7.09709e-06 0.102719 3.90344e-09 0.0105581 0.000178838 0.365502 0.498259 0.00151614 2.56057e-06 3.23513e-06 1.65713e-05 0.000485893 6.57706e-08 0.000169174 
2.81233e-05 0.0662533 1.33012e-06 0.158468 0.267185 0.000153117 0.000637935 1.95689e-05 0.0770465 0.177772 0.17043 9.4453e-06 0.0351453 9.22983e-05 0.000747254 0.0401896 0.00458713 2.20615e-05 0.00121311 
9.07723e-07 0.0217335 6.13612e-07 0.147812 0.0330265 0.000335875 0.00678112 2.55885e-06 0.00272345 1.35126e-06 0.666499 3.41074e-06 0.00355514 0.000100247 0.0509852 0.0488478 0.00555393 2.9431e-06 0.0120341 
8.63726e-05 0.408538 6.384e-06 0.0825361 0.215547 0.000630048 0.0132648 7.10171e-06 0.135523 0.0760357 0.0190616 0.0200703 0.0243351 0.00013904 0.0011332 0.00075216 0.00193696 5.75484e-05 0.000339624 
5.14113e-05 0.114674 1.31562e-07 0.000496166 0.0285457 0.00673225 0.0025569 5.74276e-06 0.013554 0.0197694 0.111281 0.68477 0.00193882 5.71192e-05 0.00997687 0.00237293 0.00139872 4.4697e-07 0.00181885 
0.000254519 0.0152775 3.69424e-10 0.00123713 0.29692 0.000715431 0.00279866 5.65358e-10 0.0476689 0.254124 0.06564 0.308199 0.00327574 1.44358e-07 9.02731e-05 0.000311365 0.00317225 1.31088e-05 0.00030216 
1.1544e-05 0.00623756 5.04059e-12 0.000430109 0.000204173 0.000180732 0.00179004 7.71402e-12 0.0097921 0.94846 0.0139452 8.06179e-06 0.00169254 1.21733e-05 3.70105e-08 0.000884739 0.000165535 1.21341e-10 0.0161851 
0.000978185 0.0589189 1.03374e-08 0.0002302 0.00143787 4.07799e-05 0.0125187 0.000109923 0.409505 0.413772 0.0606575 1.16643e-05 5.38432e-05 0.00289083 0.00150553 0.0331761 4.99481e-05 1.10273e-05 0.0041323 
5.8565e-07 0.0113041 2.7887e-07 0.0143266 0.00456357 0.0198467 0.00174267 4.26777e-07 0.00254272 0.894837 0.0410267 8.80397e-05 3.75543e-05 0.00773421 0.000223809 0.000149896 0.00132772 3.22872e-07 0.000246592 
0.00102678 0.0244992 6.31468e-10 0.00019671 0.00128969 6.01324e-07 0.000372061 6.15502e-08 0.002562 0.953503 0.000978034 0.000418582 0.013718 8.19669e-10 5.90133e-08 3.50715e-07 4.8384e-07 7.31105e-10 0.00143455 
5.24812e-10 0.917828 9.35761e-11 0.003126 0.00594737 4.15976e-05 0.00230112 6.67578e-08 0.00697355 0.000209105 0.0173249 0.00044847 0.0015405 1.21465e-10 2.55459e-06 0.0391983 0.00492848 1.85325e-07 0.000129438 
1.229e-06 0.16188 1.97768e-10 0.000811737 0.00145111 6.41031e-08 0.614235 3.02659e-10 0.0507917 0.00020319 0.160113 1.81099e-06 0.00179205 5.65197e-09 0.000285212 0.000241152 0.00185751 2.28973e-10 0.00633419 
4.9799e-06 0.0740562 1.29783e-06 0.518254 0.0412595 0.00899869 9.57294e-05 1.66359e-05 0.0118013 0.00375343 0.0320535 1.46198e-05 0.0163547 0.000346284 0.0566985 0.0797916 0.0141031 0.000101771 0.142295 
4.52303e-07 0.0474307 4.26813e-10 0.000624298 0.0362435 0.00390847 0.000212558 6.53185e-10 0.0216324 0.0282648 0.106413 0.731343 0.000211773 8.94384e-05 0.0154853 0.00709896 0.00104002 4.94158e-10 1.17744e-06 
0.000152477 0.0267439 3.04558e-07 0.123959 0.074194 0.00143398 0.146564 5.12149e-07 0.0101288 0.168981 0.088065 0.0436459 0.000727153 0.000489469 0.000494 0.110667 0.200866 1.03245e-05 0.00287658 
0.00026836 0.686106 2.51349e-08 0.0330041 0.0655551 0.000233317 0.0130603 1.57634e-05 0.0476214 0.0247412 0.0338935 0.000307224 0.0681587 4.06321e-08 6.62554e-05 0.0195928 0.00730471 3.62418e-08 7.12795e-05 
7.54761e-07 0.275679 6.06904e-12 0.0479438 0.0203512 2.60705e-08 0.000350633 0.0207992 0.0696064 1.11454e-08 0.0403296 0.00407304 0.46877 2.25047e-08 1.92571e-08 0.0453186 0.00612246 3.91249e-06 0.000652071 
0.00710637 0.217957 1.10561e-06 0.161859 0.183408 7.84694e-05 0.0303545 5.08958e-06 0.0672799 0.0217173 0.174661 0.000127984 0.00145251 0.000215276 0.00122239 0.0245349 0.105345 1.74872e-06 0.00267221 
3.80555e-05 0.241376 6.41564e-07 0.176413 0.00927433 0.000542556 0.0741767 8.19518e-07 0.135731 0.0121298 0.107626 0.000377323 0.0202485 6.71287e-05 0.0211052 0.175007 0.00209471 1.2123e-05 0.0237799 
0.000120644 0.00351297 4.31921e-08 0.000271564 0.00162008 0.00287283 0.00484726 6.61003e-08 0.0295245 0.896796 0.0210536 2.57047e-05 0.0272641 5.6065e-08 0.000684679 0.000212238 0.00901613 5.00072e-08 0.00217784 
0.142343 0.0107234 4.65883e-10 0.0340365 0.000220762 0.00381072 0.00774827 9.58341e-08 0.00407857 0.00129331 0.56754 0.109192 0.000243759 8.6605e-05 0.0221178 0.0609928 1.49752e-05 3.19792e-07 0.0355577 
0.000627543 0.135729 9.84188e-06 0.142916 0.0822826 0.0017526 0.14459 0.00146762 0.0800124 0.0537628 0.0643673 0.00349002 0.252297 0.00184925 0.000786632 0.0198894 0.00361837 0.00115398 0.0093971 
3.00017e-05 0.0105422 8.11089e-10 9.5593e-07 0.00141042 5.78676e-07 0.00321465 1.24127e-09 0.00248256 0.0486631 0.00936773 0.00129572 3.2064e-05 1.05282e-09 7.85885e-08 0.000200952 0.000734226 5.11836e-07 0.922024 
1.15408e-05 0.0135004 3.00335e-12 0.000405887 0.000774164 0.00331854 0.00140107 4.59626e-12 0.0292251 0.920885 0.0121776 1.92502e-05 0.00287492 1.21669e-05 0.00469156 0.000553774 0.00125858 8.5064e-11 0.00889012 
0.000413855 0.0250941 4.60427e-07 0.026784 0.00576484 0.158054 0.0401835 0.000600988 0.021415 0.0194601 0.540017 0.00143338 0.00625414 0.000739667 0.0288657 0.0342834 0.0342267 4.00015e-05 0.0563694 
7.89943e-08 0.000479566 3.55097e-12 0.000152191 0.000381916 3.70538e-06 4.56467e-05 5.43432e-12 0.000198738 2.63931e-05 0.0194754 0.978139 0.000751251 9.70132e-09 0.00014545 0.000160031 7.97174e-09 6.03395e-06 3.49606e-05 
9.24798e-08 0.622202 2.60891e-10 0.0132056 0.000450386 5.3324e-06 0.0100561 3.99262e-10 0.252213 1.47757e-05 0.00878629 0.0020988 0.0385606 1.88205e-07 6.51816e-08 0.00842743 0.0439155 3.02056e-10 6.36289e-05 
0.0188537 0.186035 2.96601e-10 0.148047 0.00136837 0.286565 0.0536053 5.06473e-08 0.000946476 0.0414318 0.235095 2.67284e-05 0.000551527 3.85e-10 0.000446174 0.0249201 0.000548948 0.000114312 0.00144376 
0.00700061 0.0339086 2.26433e-07 0.353021 0.0815536 0.400437 0.00198882 2.95268e-06 0.00628106 0.0677181 0.00913706 0.0013213 0.0162849 2.73201e-06 0.00881014 0.0121815 5.25518e-05 1.85894e-05 0.000279624 
3.00017e-05 0.0105422 8.11089e-10 9.5593e-07 0.00141042 5.78676e-07 0.00321465 1.24127e-09 0.00248256 0.0486631 0.00936773 0.00129572 3.2064e-05 1.05282e-09 7.85885e-08 0.000200952 0.000734226 5.11836e-07 0.922024 
2.87053e-05 0.744769 3.53939e-10 0.00222769 0.0567852 0.000793604 0.00495377 5.41661e-10 0.0707749 0.00136725 0.024984 0.000819284 0.0470802 2.83604e-06 0.000734431 0.042293 0.000893068 4.09786e-10 0.00149334 
0.00197283 0.0949008 1.36694e-07 0.0458811 0.00560338 0.00039462 0.105937 1.32468e-06 0.0491964 0.0203652 0.478645 0.168641 0.0140982 0.000327048 0.000586631 0.009878 0.00272338 7.13127e-07 0.000847356 
3.89575e-05 0.493171 1.84143e-07 0.0593748 0.0341073 9.22548e-05 0.0112985 1.34482e-06 0.0564051 0.0184147 0.119209 0.000519024 0.0315894 0.000300435 0.00319586 0.121436 0.00319911 0.000126358 0.0475213 
2.21337e-06 0.200279 1.35949e-10 0.0356526 0.000747631 3.40808e-05 0.0354619 1.34044e-07 0.00291052 0.0918553 0.558157 0.000995518 0.000204655 1.76467e-10 0.00932981 0.00308273 1.90333e-07 2.48263e-05 0.0612615 
0.000459923 0.0762291 2.18242e-08 0.0126572 0.0132003 0.000490706 0.0643921 0.000168513 0.0143537 0.608872 0.175513 0.000135462 0.00843535 4.45117e-05 3.13951e-05 0.00131704 0.0027496 2.52374e-06 0.0209476 
1.86551e-07 0.853039 9.36968e-09 0.0131794 0.00201649 0.0114177 0.00314565 1.22926e-05 0.0142092 0.00614333 0.00892807 2.49052e-06 0.035814 2.37199e-06 0.000175745 0.0514953 0.000343966 5.84896e-07 7.41829e-05 
8.10413e-06 0.185918 1.14348e-11 0.36725 0.335175 0.00217025 0.000293395 1.74996e-11 0.02072 0.00249663 0.0125879 4.44355e-05 0.0448955 1.48428e-11 0.0013676 0.0260528 0.000741559 4.24721e-09 0.000279096 
5.70096e-05 0.0868844 1.5152e-05 0.129337 0.0264017 1.96186e-05 0.0061906 0.00978587 0.0679594 0.0242406 0.444124 0.000116015 0.0163844 9.69255e-05 0.0215333 0.0790282 0.0300898 0.000181116 0.0575551 
0.00106311 0.0385386 1.60821e-05 0.351852 0.456569 5.72142e-05 4.14703e-05 0.000374902 0.0179188 0.000232916 0.000319258 0.000179734 0.00716632 4.35409e-05 4.03808e-05 0.0880989 0.0329618 0.00450892 1.67767e-05 
4.07436e-09 0.00305746 9.93526e-12 0.00125338 0.000436769 0.0819727 0.00480249 1.52047e-11 6.31031e-05 0.000264366 0.152702 3.39184e-06 1.33455e-05 1.28176e-08 0.153408 0.000401038 0.000168241 2.04144e-09 0.601454 
5.45077e-07 0.120374 1.66827e-10 0.0169238 0.000614187 0.00191005 0.384317 2.35366e-07 0.00308739 0.0196094 0.22465 4.37537e-06 0.00230887 2.16548e-10 0.0053982 0.000149263 8.33209e-07 1.9315e-10 0.220652 
1.7586e-07 0.168329 6.57053e-10 0.130702 0.00394633 1.89078e-07 0.494161 6.17014e-08 0.0101951 0.000585898 0.0750764 0.000234524 0.00294279 8.52881e-10 3.48595e-05 0.111169 0.000701143 4.05206e-08 0.00192266 
0.0136368 0.177603 1.06148e-08 0.322533 0.0326137 3.44487e-05 0.0374838 1.99963e-07 0.15683 0.00810318 0.122704 0.000185136 0.00702142 0.029682 0.0485011 0.0227457 0.0194043 8.50329e-06 0.000909826 
7.83384e-05 0.241366 5.81721e-11 0.0841717 0.0597326 0.000120369 0.00218822 4.42989e-07 0.0514086 0.00353877 0.172759 0.0025455 0.285013 1.8981e-05 0.0151187 0.0688579 0.0102602 9.59742e-07 0.0028212 
1.46971e-07 0.0078772 2.99982e-09 0.00367316 0.0172741 3.69361e-07 8.2332e-06 4.59086e-09 0.00127898 0.00458634 0.00104809 6.68278e-08 0.0190237 9.03105e-07 7.50027e-09 0.942133 2.00236e-06 0.00308431 9.57277e-06 
9.78736e-05 0.246595 4.55454e-11 0.0283528 0.0338609 0.00104853 0.000158933 0.00227238 0.0528405 4.97034e-05 0.0300903 0.0010282 0.162799 0.000551791 0.000206934 0.265745 0.173967 4.4537e-07 0.000335212 
6.60096e-07 0.0091662 3.15004e-08 0.0408814 0.00463232 0.000231337 0.0902376 4.82075e-08 0.0029639 0.00930526 0.0996124 3.86233e-05 0.000240393 0.000848489 0.00597479 1.76977e-05 1.07955e-05 1.57229e-06 0.735836 
5.40196e-05 0.00221809 3.242e-08 0.031538 0.119395 5.12511e-05 0.014731 4.50862e-07 0.0280236 0.0364052 0.0512314 1.23098e-05 0.0435692 4.20823e-08 0.0250657 0.588639 0.0386993 3.27265e-07 0.0203664 
3.92697e-06 0.24505 5.46689e-13 0.0532328 0.00367555 5.93997e-06 0.00289336 8.36641e-13 0.0171894 0.000263581 0.0123914 3.23786e-05 0.00484746 7.09623e-13 0.657719 0.000107887 0.00187461 9.51007e-07 0.000711409 
0.00127421 0.0204893 7.25318e-11 0.00588101 0.000305667 0.0058113 0.12779 0.667504 0.0246193 0.087376 0.0452444 2.75452e-09 0.000966118 9.41491e-11 0.000111826 0.00554863 2.23623e-07 8.39763e-11 0.00707875 
2.37015e-07 0.764548 2.89372e-10 0.00867476 0.0494979 1.51382e-06 2.03787e-05 4.42848e-10 0.165381 5.07058e-05 7.84326e-05 0.00150818 0.0101769 3.75616e-10 1.07733e-05 6.05564e-06 4.42918e-05 3.35031e-10 3.55066e-07 
1.68251e-06 0.0549369 3.77912e-08 0.0101904 0.00526559 0.00104325 0.00415519 1.07288e-05 0.832016 0.000345607 0.000292835 3.5754e-06 1.79424e-05 4.90544e-08 1.13478e-07 0.0541895 0.0375271 2.05627e-06 1.76107e-06 
3.31983e-07 7.56788e-06 6.72161e-11 0.965313 7.01652e-06 0.000310072 7.65366e-07 1.02866e-10 7.92581e-06 0.0108073 1.97408e-06 2.07223e-07 0.0235369 8.72491e-11 1.86079e-07 3.0155e-06 1.53205e-06 7.78997e-08 1.92882e-06 
1.70282e-06 0.000512108 3.52946e-12 0.000182934 0.000423599 3.96936e-06 5.47376e-05 5.40142e-12 0.000245176 3.26325e-05 0.019378 0.973821 0.00481435 2.7628e-07 0.000188284 0.000295039 6.78049e-07 8.67943e-06 3.65578e-05 
4.88153e-05 0.528046 9.00931e-11 0.0757258 0.314444 0.00272424 0.00129583 1.37877e-10 0.0412554 0.0155484 0.00603917 0.000107017 0.00645657 0.000203405 7.76944e-06 0.0018575 0.000236253 2.89767e-07 0.00600373 
7.76793e-06 0.0218675 6.31695e-07 0.0596448 0.0787493 0.064084 0.00813823 1.08463e-05 0.0369273 0.281513 0.0325161 2.47498e-05 0.000412256 0.00446602 7.74227e-05 0.0830586 0.00994011 0.000114854 0.318446 
2.93153e-08 0.0105213 2.82539e-09 0.0777585 0.186599 5.02518e-06 0.0098637 2.5876e-08 0.0015845 0.000164378 0.398917 0.00205619 4.58868e-05 2.30787e-07 0.000991962 0.246266 0.00513183 0.00010683 0.0599876 
7.89943e-08 0.000479566 3.55097e-12 0.000152191 0.000381916 3.70538e-06 4.56467e-05 5.43432e-12 0.000198738 2.63931e-05 0.0194754 0.978139 0.000751251 9.70132e-09 0.00014545 0.000160031 7.97174e-09 6.03395e-06 3.49606e-05 
5.76756e-06 0.00458396 1.42609e-12 0.00233317 0.000221786 3.77928e-05 0.000528168 2.18246e-12 0.000722282 0.000818339 0.0111714 0.000299668 0.000242251 6.20872e-06 0.73798 1.93073e-05 2.01304e-06 1.05246e-09 0.241028 
0.000295055 0.384362 2.07238e-09 0.124702 0.000298621 0.000480612 0.00216143 2.76448e-06 0.1183 0.000151738 0.00148091 0.00624854 0.297124 2.1123e-07 5.30758e-05 0.0571263 0.00721156 8.37497e-07 8.84054e-07 
0.00332784 0.0963054 1.35226e-09 0.114642 0.049281 0.000569135 0.00359149 2.06947e-09 0.590367 0.0471475 0.0109052 0.00422878 0.00881667 0.000375984 0.0115683 0.0033434 0.00174713 1.56562e-09 0.0537837 
0.0244804 0.0272733 2.90675e-08 0.0417143 0.00843076 0.000355378 0.372797 2.63331e-07 0.0247501 0.00129706 0.481476 4.47056e-05 0.000876945 3.66107e-08 0.00353444 0.0016688 0.00274875 8.49501e-07 0.00855101 
0.00212584 0.177798 1.55743e-05 0.410696 0.0155423 1.89443e-05 0.000882586 1.7422e-05 0.101454 0.0154385 0.00978973 0.00148009 0.122005 5.85593e-05 0.0105957 0.056428 0.00621531 7.81103e-05 0.0693613 
6.98456e-05 0.010089 6.66921e-10 0.0533016 0.702473 0.000924226 2.99411e-06 1.02064e-09 0.0721674 0.148792 0.00455866 8.14168e-05 0.000826476 8.65689e-10 0.000130771 0.00186116 0.000205662 0.00100309 0.00351281 
2.4813e-06 0.0450648 2.41872e-08 0.324273 0.0192503 0.000280763 0.0617579 4.49258e-08 0.00152511 0.0534011 0.370768 0.000329521 0.00275771 2.73705e-05 0.07988 0.00364362 0.00235345 3.56478e-05 0.0346496 
7.89943e-08 0.000479566 3.55097e-12 0.000152191 0.000381916 3.70538e-06 4.56467e-05 5.43432e-12 0.000198738 2.63931e-05 0.0194754 0.978139 0.000751251 9.70132e-09 0.00014545 0.000160031 7.97174e-09 6.03395e-06 3.49606e-05 
1.95576e-05 0.681556 5.69601e-08 0.0922364 0.0120507 0.00011339 0.00914088 0.00022329 0.0898911 0.028466 0.0145453 2.55513e-05 0.028368 4.7573e-06 0.000872949 0.0394724 0.00233747 4.50975e-06 0.000671742 
2.45275e-08 0.114993 1.98021e-08 0.0032466 0.00421603 1.52358e-05 0.0276631 0.00172291 0.223088 0.00154247 0.00365438 2.93776e-05 0.0125431 1.6144e-07 0.000625732 0.605938 0.000325779 4.89293e-07 0.000396097 
7.99318e-05 0.193111 8.60856e-08 0.296878 0.0767143 7.81672e-07 0.0379573 1.67482e-06 0.0280678 0.0430675 0.0795454 3.70546e-05 0.210807 6.57633e-06 0.0172888 0.0116942 0.00211274 1.32812e-07 0.00262932 
0.00262512 0.038235 1.76525e-08 0.631859 0.141838 0.00162925 0.122683 1.36229e-05 0.00224456 0.0102103 0.0255098 0.00013625 0.000896989 1.65061e-05 0.00248814 0.019045 0.000103072 0.00013784 0.000328531 
8.77993e-05 0.00200147 1.77766e-08 0.987886 0.00185565 9.1015e-05 0.000202416 2.72049e-08 0.00209613 0.000714374 0.000522082 5.4804e-05 0.00270525 2.30747e-08 4.92122e-05 0.000797507 0.000405179 2.06021e-05 0.000510113 
4.63612e-06 0.579197 1.34892e-08 0.193043 0.000845476 1.77474e-07 0.0101309 2.06436e-08 0.0226313 5.06511e-05 0.0813556 0.0371617 0.0336285 2.43175e-05 0.000405133 0.0302538 0.0102695 3.82379e-07 0.000997709 
1.58473e-05 0.0496009 7.23949e-09 0.0156112 0.00476879 0.00414412 0.00822682 1.18169e-06 0.867188 0.040545 0.000826416 4.52572e-08 0.00160907 0.00303981 2.21844e-08 0.000366138 0.00376638 8.38178e-09 0.000289712 
0.000343351 0.0568133 0.000153178 0.0218223 0.115844 0.000237383 0.0353562 0.0997565 0.132596 0.256079 0.0932132 0.00837073 0.0968948 0.000568947 0.000604031 0.0213653 0.0224613 0.00303782 0.0344838 
0.00018573 0.0826329 4.62644e-08 0.0271913 0.000719387 0.000304414 0.140186 2.21285e-05 0.0405041 0.029496 0.63288 0.000165577 0.0150973 9.03311e-06 5.28242e-06 0.0194122 0.000717984 4.98646e-06 0.0104656 
8.72573e-08 0.0775027 4.28037e-09 0.061005 0.00644363 0.000244746 0.00334995 2.9814e-07 0.220132 0.00685542 0.0091349 0.000110472 0.00129365 5.55608e-09 2.81624e-05 0.49608 0.117491 4.95575e-09 0.000327822 
3.89575e-05 0.493171 1.84143e-07 0.0593748 0.0341073 9.22548e-05 0.0112985 1.34482e-06 0.0564051 0.0184147 0.119209 0.000519024 0.0315894 0.000300435 0.00319586 0.121436 0.00319911 0.000126358 0.0475213 
3.59617e-06 0.0384856 3.90409e-12 0.00203724 0.0666856 0.000449655 0.000246867 5.97473e-12 0.110351 0.724441 0.02686 7.77219e-05 0.00162353 4.4574e-06 0.000129975 0.00208549 0.00155676 1.20275e-06 0.0249595 
2.12065e-05 0.0245324 3.88137e-12 0.0121031 0.0101098 2.50156e-05 0.0029077 5.93997e-12 0.00499954 0.0326335 0.076536 0.00102252 0.00172064 7.16169e-05 0.0886898 0.00122806 0.00111324 2.97285e-09 0.742286 
8.50051e-06 3.96601e-05 1.67805e-09 0.000145636 0.000402565 5.44868e-06 1.88111e-05 2.56806e-09 1.82766e-06 0.673141 0.26494 7.75936e-06 8.97318e-05 2.17818e-09 7.8969e-05 2.30502e-05 0.0610945 2.52762e-06 1.84871e-07 
8.70961e-05 0.000287381 1.43225e-07 0.00106122 0.000351189 0.00137711 0.00341758 2.19189e-07 0.000623945 0.912929 0.0014315 0.000100431 0.0750177 1.85912e-07 9.91426e-05 0.000829379 0.00168977 1.65824e-07 0.00069727 
