0.000163526 0.0193912 0.270589 4.574e-12 2.51408e-08 0.00140305 0.0022276 6.26369e-11 0.00591674 0.635583 0.0582626 8.58977e-08 1.47702e-07 1.78262e-07 0.00217494 4.41124e-08 5.47804e-08 4.7123e-07 0.00428774 
5.02252e-08 0.0184315 1.98305e-07 2.21615e-08 0.00453028 0.0583364 0.800849 3.03482e-07 0.0163735 0.0371236 0.00937074 0.000653036 0.00584935 2.57408e-07 0.0349191 0.00146793 0.00771781 2.29595e-07 0.00437678 
1.85287e-07 2.39922e-06 3.09331e-06 6.28414e-11 8.25581e-11 3.51059e-10 2.4322e-06 8.60559e-10 1.2391e-06 0.978038 0.0219466 3.93908e-10 2.31111e-07 7.29909e-10 9.05007e-11 1.05376e-10 1.96273e-10 6.51043e-10 6.11292e-06 
3.88221e-05 0.0131944 3.42416e-09 3.82664e-10 0.00292868 1.28041e-06 0.0498915 5.24026e-09 0.0335695 0.816077 0.0712326 6.83781e-06 0.0033451 4.44469e-09 1.13617e-06 0.00209209 0.00584937 1.05109e-06 0.00177083 
1.5098e-05 0.0253481 5.79998e-07 1.60911e-07 7.95576e-05 2.21116e-06 0.000598365 8.87617e-07 0.000819807 0.928358 0.00456324 4.06293e-07 0.00197182 7.5286e-07 7.19495e-07 0.0372854 6.47219e-05 0.000832155 5.77635e-05 
5.96819e-05 6.36834e-11 3.339e-05 2.96687e-12 8.74367e-06 4.60615e-09 4.33371e-09 4.06287e-11 1.55757e-06 2.11751e-05 2.78751e-05 0.999845 9.58056e-07 6.39609e-09 5.21497e-07 6.12814e-07 2.24411e-10 3.07371e-11 5.45523e-09 
1.26315e-07 0.0435391 4.98733e-07 5.57355e-08 3.8214e-05 7.94361e-06 0.0138881 7.6325e-07 0.00295274 0.779838 0.0876053 3.49366e-07 0.00324627 6.47374e-07 0.0586935 0.00632733 1.74079e-07 5.77426e-07 0.00386048 
3.96284e-06 0.000315157 0.00327927 1.74857e-06 0.000918579 9.76828e-06 0.000594215 2.39452e-05 0.000571713 0.00239102 0.00624128 0.00662887 6.28108e-05 2.03098e-05 0.00280387 0.00279263 0.000225296 8.44061e-05 0.973031 
1.11179e-07 0.00577937 4.38969e-07 4.90567e-08 0.00232021 0.000932052 0.00102044 6.71789e-07 0.973187 0.00794495 0.001018 0.00246032 0.00148761 5.69799e-07 4.246e-05 0.000913181 0.000658996 5.08232e-07 0.00223346 
3.89536e-09 0.0704306 1.53801e-08 1.7188e-09 2.98277e-05 1.94041e-06 0.0667757 2.35374e-08 0.618466 5.63815e-06 0.00594417 0.00198336 0.000964619 9.31191e-06 2.47532e-09 0.226778 0.00861086 1.78069e-08 5.62932e-09 
2.81439e-07 0.227023 3.86346e-07 2.67239e-09 0.00195684 2.35541e-06 0.051321 3.65961e-08 1.70499e-05 0.086005 0.539195 4.37253e-07 1.44218e-05 3.10401e-08 6.23688e-05 7.01496e-06 0.0943909 2.76862e-08 3.8972e-06 
6.52684e-05 2.16893e-07 0.000347529 1.17625e-10 0.00108125 1.0875e-06 0.0233723 0.00155361 0.0016796 0.0724531 0.780789 9.42041e-07 2.70199e-10 0.00319336 0.00819946 0.0419903 3.67378e-10 1.2186e-09 0.0652733 
1.79717e-09 1.18927e-05 5.68373e-06 7.92987e-10 0.107746 4.42997e-09 2.15057e-05 1.08593e-08 1.4378e-05 0.740261 0.151872 4.97067e-09 1.45909e-06 9.21063e-09 1.14202e-09 1.44954e-05 2.74944e-05 8.21542e-09 2.36367e-05 
7.92494e-11 0.501883 3.12902e-10 3.49682e-11 0.0249219 1.95348e-10 0.0555005 4.78859e-10 0.364004 0.00458495 0.00269018 2.1919e-10 0.0184766 4.06159e-10 0.00142823 1.63016e-06 0.0265042 3.62274e-10 4.36357e-06 
1.06369e-07 0.00722145 0.0122295 3.13566e-09 3.71348e-06 1.46286e-06 0.000347499 4.29401e-08 0.00727013 0.938099 0.0347032 1.96552e-08 5.51673e-06 3.6421e-08 0.000111728 5.25805e-09 2.94824e-06 3.24857e-08 3.28749e-06 
5.73477e-05 0.0219803 2.53741e-06 1.65042e-08 3.83814e-05 0.000209055 0.00478352 0.892733 0.0063187 0.0714026 0.000629379 7.82478e-05 0.000301995 1.91699e-07 2.37685e-08 0.000386909 0.00107798 1.70986e-07 5.40539e-08 
2.17384e-08 0.735963 8.58301e-08 9.59188e-09 0.00010462 5.35845e-08 0.260803 1.31353e-07 4.86455e-05 1.68238e-05 0.00293256 6.01247e-08 1.34818e-05 9.69313e-05 4.15642e-07 1.60842e-08 2.99584e-08 9.93729e-08 2.01357e-05 
4.34969e-09 0.00862976 1.7174e-08 1.91927e-09 1.11163e-06 1.07219e-08 0.13643 2.62827e-08 6.51078e-05 0.01575 0.773282 1.20305e-08 1.86164e-05 2.22925e-08 0.0493438 0.0164156 6.08023e-05 1.98838e-08 2.63871e-06 
0.000431335 0.0510556 2.829e-06 7.63474e-10 0.00361109 4.2651e-09 2.01003e-09 1.04551e-08 5.01133e-06 0.943392 0.00138571 4.78567e-09 4.8e-06 8.86784e-09 1.09951e-09 1.7359e-06 0.000109994 7.90967e-09 2.5005e-09 
6.21247e-05 0.0129097 1.43594e-06 2.35997e-10 1.40609e-05 2.12208e-05 0.00295622 3.23178e-09 0.00280427 0.755695 0.197771 1.4793e-09 1.72103e-05 2.74114e-09 3.29457e-06 0.0277342 6.88288e-06 2.44496e-09 2.83468e-06 
6.00381e-06 0.0751748 1.15412e-05 6.10108e-07 0.000920363 4.26832e-05 0.0142024 8.3549e-06 0.00755311 0.00327882 0.00949542 1.08806e-05 0.0066517 7.08647e-06 0.00852718 0.000118664 0.873917 6.32078e-06 6.72491e-05 
1.62791e-05 0.0661666 0.000224896 2.99168e-09 8.25409e-05 1.67129e-08 9.29487e-05 4.09685e-08 0.0268654 0.90638 6.54537e-05 1.87527e-08 6.87227e-09 3.47487e-08 4.30846e-09 5.01663e-09 0.000105596 3.09941e-08 9.79822e-09 
1.54285e-10 0.138158 2.31545e-06 6.8077e-11 2.83522e-06 2.20617e-06 0.318838 0.000111965 2.18062e-06 0.0143279 0.528516 2.73147e-06 2.64755e-05 7.90722e-10 1.65699e-06 1.55263e-06 6.71918e-06 7.05284e-10 5.35334e-07 
1.43676e-06 0.00570143 5.06822e-06 2.36161e-09 0.0629078 1.46438e-06 0.00159548 0.00129544 0.0209212 0.673236 0.050502 1.64311e-06 4.59201e-06 0.000627318 3.96332e-06 0.180408 0.00221711 2.44665e-08 0.000569758 
5.96819e-05 6.36834e-11 3.339e-05 2.96687e-12 8.74367e-06 4.60615e-09 4.33371e-09 4.06287e-11 1.55757e-06 2.11751e-05 2.78751e-05 0.999845 9.58056e-07 6.39609e-09 5.21497e-07 6.12814e-07 2.24411e-10 3.07371e-11 5.45523e-09 
0.000423996 0.12055 0.216822 5.71773e-10 6.62462e-08 0.00912842 0.0138852 7.94434e-06 0.00400051 1.40989e-05 0.555653 9.7765e-07 0.0100095 2.02818e-06 1.60542e-05 0.00181385 0.026193 5.35085e-06 0.0414733 
5.51757e-07 0.0395451 2.17852e-06 2.43459e-07 3.19845e-07 1.36007e-06 6.39911e-05 3.33396e-06 0.317974 0.619827 3.1511e-05 0.0182663 5.59255e-07 2.8278e-06 5.05882e-05 0.00132041 0.00290641 2.52226e-06 7.97364e-07 
0.00479178 0.0565171 0.000383375 5.88535e-07 2.15758e-06 2.49413e-06 0.00534854 3.31181e-06 0.0357276 0.78107 0.043323 1.17283e-06 0.00312238 0.000873606 1.93221e-05 0.0606521 0.00541441 6.43392e-06 0.00274038 
5.96819e-05 6.36834e-11 3.339e-05 2.96687e-12 8.74367e-06 4.60615e-09 4.33371e-09 4.06287e-11 1.55757e-06 2.11751e-05 2.78751e-05 0.999845 9.58056e-07 6.39609e-09 5.21497e-07 6.12814e-07 2.24411e-10 3.07371e-11 5.45523e-09 
2.96311e-07 0.0610478 1.16993e-06 1.30745e-07 1.71767e-07 0.0201872 0.337616 0.00398355 0.0804635 0.0582089 0.152629 0.00063413 5.25529e-05 1.51862e-06 2.15708e-05 0.0480706 4.08357e-07 2.45063e-06 0.23708 
5.96819e-05 6.36834e-11 3.339e-05 2.96687e-12 8.74367e-06 4.60615e-09 4.33371e-09 4.06287e-11 1.55757e-06 2.11751e-05 2.78751e-05 0.999845 9.58056e-07 6.39609e-09 5.21497e-07 6.12814e-07 2.24411e-10 3.07371e-11 5.45523e-09 
1.5477e-09 0.147049 6.11081e-09 6.8291e-10 9.56681e-07 0.0967577 2.48446e-05 9.35186e-09 0.127941 0.51914 0.108995 4.28067e-09 1.56873e-09 4.27908e-05 2.92149e-06 7.21864e-06 2.65009e-05 7.07501e-09 1.13882e-05 
9.44445e-09 0.243039 2.88799e-05 4.16729e-09 1.71298e-06 0.0117111 6.8546e-06 5.70674e-08 0.00897742 0.728365 0.00771474 1.2599e-05 9.57279e-09 4.84035e-08 9.7933e-07 8.20316e-05 5.11411e-05 4.31735e-08 9.03798e-06 
8.93127e-09 0.657341 3.52636e-08 3.94085e-09 0.000286828 2.20153e-08 2.07608e-05 5.39666e-08 4.07892e-05 0.000476896 4.9643e-05 2.47024e-08 7.5146e-05 4.57734e-08 5.33545e-05 1.25623e-05 0.341642 4.08276e-08 1.29069e-08 
1.12505e-07 0.675847 7.2518e-07 1.0129e-11 5.456e-07 5.65849e-11 0.00567993 1.38708e-10 0.292506 0.0200786 0.00326468 6.34913e-11 0.00251875 2.58946e-07 2.3341e-07 1.69849e-11 0.000101931 1.04937e-10 8.62558e-07 
3.7163e-06 0.00669974 6.66658e-09 7.45019e-10 9.39718e-06 4.162e-09 1.96145e-09 1.02024e-08 2.47697e-06 0.993273 1.38348e-06 4.66999e-09 1.7114e-09 6.06609e-06 1.07294e-09 6.25896e-07 2.32692e-09 3.09511e-06 2.44005e-09 
0.00154562 0.0163056 0.000663073 4.84811e-10 0.0597007 7.20632e-07 1.77353e-06 6.63908e-09 0.00137451 0.632904 0.28282 6.5515e-07 1.06864e-05 5.63114e-09 2.41914e-05 8.12961e-10 0.00305236 1.01942e-06 0.00159506 
4.54554e-10 6.61955e-06 1.79472e-09 2.00568e-10 1.1963e-05 5.93957e-06 9.87497e-06 2.74661e-09 5.13661e-06 0.290816 0.698738 0.000419157 4.33133e-06 2.32962e-09 0.0099745 1.34866e-07 6.26436e-10 2.07791e-09 8.14614e-06 
1.86509e-06 0.0563889 9.02708e-05 2.37404e-09 4.55503e-05 0.000158761 0.052156 3.25105e-08 0.154245 0.582423 0.0965417 1.48812e-08 0.00583318 3.96229e-06 0.00020903 0.0201293 0.0317161 2.45953e-08 5.75904e-05 
0.000535576 0.291708 5.87242e-06 6.16586e-11 0.00112507 0.135138 0.00517362 8.44362e-10 0.167783 0.322606 0.0313775 5.53249e-07 0.0211802 7.16171e-10 0.0123969 0.00990705 0.00106065 3.78327e-07 1.46766e-06 
9.78132e-08 0.0366958 0.00146382 2.27035e-11 0.114781 9.25995e-07 0.0193472 3.10905e-10 0.016755 0.672118 0.103678 3.98616e-07 0.00106859 3.95819e-07 1.63515e-07 1.32828e-05 0.0138864 1.99953e-06 0.0201881 
8.15733e-07 6.92495e-06 7.18176e-06 2.76661e-10 1.89037e-06 1.54555e-09 3.64262e-06 3.78863e-09 0.00359863 0.995613 0.000738678 1.73419e-09 9.59707e-06 3.21344e-09 3.98432e-10 1.07635e-05 7.08646e-06 2.00923e-06 9.06107e-10 
4.01374e-08 1.60281e-05 1.58475e-07 1.77103e-08 2.3267e-08 9.89375e-08 4.85359e-05 2.42527e-07 1.43362e-05 0.999817 1.79681e-05 1.11013e-07 4.06828e-08 2.05707e-07 3.35709e-05 2.96977e-08 5.53147e-08 1.83481e-07 5.15084e-05 
4.61261e-11 1.84867e-07 1.82121e-10 2.03528e-11 1.28372e-07 1.15985e-06 3.26914e-07 2.78714e-10 3.89013e-07 0.977717 0.0213763 1.27577e-10 4.67529e-11 2.364e-10 0.000903805 9.90078e-08 6.3568e-11 4.43011e-07 6.66585e-11 
0.000634583 0.00411282 0.105124 7.94903e-10 1.92313e-05 6.36099e-05 0.000533993 1.08855e-08 0.00166739 0.693018 0.193161 0.000106897 1.2322e-05 1.48752e-05 0.000118054 3.68049e-06 4.571e-06 0.000900948 0.000504141 
1.28358e-06 0.0721434 2.05391e-08 2.29533e-09 0.000440741 0.123781 0.0234182 3.14326e-08 0.168163 0.154405 0.0879665 8.27193e-06 0.00033307 0.354475 0.00196808 0.0109377 0.00168292 4.00824e-06 0.000271143 
5.96819e-05 6.36834e-11 3.339e-05 2.96687e-12 8.74367e-06 4.60615e-09 4.33371e-09 4.06287e-11 1.55757e-06 2.11751e-05 2.78751e-05 0.999845 9.58056e-07 6.39609e-09 5.21497e-07 6.12814e-07 2.24411e-10 3.07371e-11 5.45523e-09 
7.59204e-07 0.000900882 2.99758e-06 3.34993e-07 0.000307656 0.000339989 0.00226794 4.58744e-06 0.000648687 0.00310053 0.0028291 2.09983e-06 0.000645377 0.984456 4.82438e-07 0.000505712 0.000946234 3.47056e-06 0.00303759 
7.67869e-07 0.00010052 3.03179e-06 3.38816e-07 4.45121e-07 6.30705e-05 8.92017e-07 4.63979e-06 0.00266684 0.993379 0.00261008 2.1238e-06 7.78303e-07 3.93539e-06 0.00104606 5.68147e-07 1.05823e-06 0.000114942 1.10967e-06 
3.16557e-10 0.0783026 1.24987e-09 1.39678e-10 2.66097e-06 1.01447e-05 0.185954 0.00179074 3.82297e-05 0.494389 0.229462 2.10218e-06 2.43885e-06 1.62238e-09 2.11235e-06 0.0100372 4.36259e-10 1.01441e-06 5.3071e-06 
4.81072e-07 0.0173786 7.88182e-06 5.33521e-09 1.81069e-05 2.07514e-05 0.00156539 7.30611e-08 0.00825629 0.955766 0.0169169 3.34426e-08 1.22556e-08 6.1969e-08 7.68347e-09 7.87521e-06 4.55995e-05 5.52733e-08 1.55013e-05 
9.89214e-10 2.5356e-06 3.90574e-09 4.36483e-10 2.40898e-06 3.17014e-05 0.0499459 5.97726e-09 2.20958e-06 0.836228 0.11377 2.736e-09 1.00266e-09 7.10278e-06 6.28599e-10 3.73352e-06 1.36327e-09 3.16993e-06 3.86121e-06 
9.83151e-10 0.000285814 7.4217e-06 1.14197e-11 9.78803e-06 0.00183515 0.00150915 1.56384e-10 0.00121299 0.105663 0.612982 7.15822e-11 9.38357e-08 1.02665e-07 0.275638 1.00908e-07 5.5359e-05 1.1831e-10 0.000800529 
0.000352768 1.65136e-07 0.00149321 4.37712e-09 1.36274e-05 1.02704e-06 3.75479e-06 0.00180044 0.0116968 0.0229596 0.301736 2.74371e-08 0.00159402 0.000243074 0.00518274 0.600543 0.052366 1.18066e-05 1.41695e-06 
6.16001e-05 0.0916572 0.000534286 7.3833e-08 0.0404091 0.00949108 0.00351445 3.42098e-06 0.271732 0.15473 0.024283 0.000479407 0.0347957 1.42658e-07 0.00823531 0.323664 0.0325293 8.63348e-08 0.00387975 
2.56781e-07 0.0804571 0.0320597 1.13303e-07 1.48852e-07 6.32959e-07 0.189778 1.55158e-06 0.00745095 0.620198 0.0221675 0.00145342 0.0122885 0.000703544 1.63173e-07 0.0305864 0.00184144 1.17383e-06 0.00101085 
0.000235747 0.0425912 0.172265 4.43055e-08 0.00764421 3.61004e-05 0.000621422 5.02388e-05 0.00153215 0.663854 0.00862212 1.71334e-05 0.0676426 3.54961e-05 0.00221214 0.0323642 0.000166995 9.295e-05 1.56454e-05 
3.94823e-08 8.09641e-05 1.55889e-07 1.74213e-08 2.28872e-08 9.73228e-08 9.63638e-05 2.38569e-07 0.000114512 0.000151517 3.58156e-05 1.09201e-07 4.00188e-08 2.0235e-07 2.50891e-08 2.9213e-08 0.99952 1.80486e-07 5.70573e-08 
6.55256e-07 8.32732e-06 1.07816e-05 5.67842e-09 0.00217509 3.17222e-08 8.45325e-06 7.77611e-08 4.30335e-06 0.952445 0.0451453 3.5594e-08 1.30441e-08 3.82886e-05 8.17776e-09 9.52192e-09 1.77355e-08 0.000142112 2.12275e-05 
0.00140155 0.0183625 0.0694696 8.15022e-07 6.52651e-06 0.00289237 0.216763 5.3797e-06 0.017978 0.543039 0.0144055 0.00048798 0.00913276 0.0566005 0.0426947 0.00605338 8.1541e-05 0.000335456 0.00028955 
7.02943e-07 4.44414e-06 2.13332e-09 2.38407e-10 1.66032e-06 1.33185e-09 0.272486 3.26478e-09 0.00421622 0.398733 0.324553 1.34645e-06 3.72458e-06 2.76913e-09 3.43341e-10 3.99776e-10 7.44619e-10 2.46992e-09 7.80821e-10 
1.55097e-05 0.578924 3.40018e-08 3.79984e-09 4.99206e-09 2.12276e-08 0.00019709 5.20356e-08 0.237099 0.113434 0.0703153 2.38185e-08 8.72872e-09 4.41356e-08 5.47233e-09 6.3718e-09 1.18681e-08 3.93668e-08 1.49465e-05 
1.63977e-07 0.0625713 3.40998e-05 7.23536e-08 6.91643e-06 4.04199e-07 0.00859714 9.9082e-07 0.124356 0.59981 0.171761 4.53533e-07 0.0291242 2.14337e-05 8.08782e-05 0.00305107 0.000522011 7.4959e-07 6.09068e-05 
3.55368e-06 8.9205e-08 1.51162e-06 1.32002e-09 1.73419e-09 0.000286283 0.00191517 1.80766e-08 0.00213534 0.00524409 0.621916 8.27428e-09 3.03226e-09 6.37722e-05 0.368418 2.21143e-07 1.35801e-05 1.36756e-08 2.81132e-06 
9.9235e-12 9.97711e-07 0.00667523 4.37867e-12 1.26612e-08 4.77017e-07 1.35569e-06 5.99621e-11 1.29204e-06 2.52244e-06 0.812671 1.50984e-07 1.13669e-07 1.1194e-07 0.168814 1.62275e-07 4.11659e-07 4.53634e-11 0.0118318 
6.27644e-05 0.00580586 0.00574855 1.04884e-08 0.00317112 3.6248e-05 0.00953338 1.43629e-07 0.0110253 0.916016 0.0409436 6.87263e-05 0.000278657 0.000135831 0.000306268 7.05853e-06 0.00490172 2.12351e-05 0.00193756 
0.00179894 0.00393905 2.02879e-06 2.26726e-07 0.00685113 1.26659e-06 0.0134908 3.10482e-06 0.00246658 0.0431676 0.909386 0.0052598 0.00567745 2.63345e-06 3.26519e-07 0.0018633 7.15217e-05 2.34891e-06 0.00601551 
3.92371e-09 0.0709575 0.152395 1.7313e-09 2.41704e-06 9.67183e-09 0.0407761 2.42092e-06 0.0491527 0.314648 0.203565 0.0765453 0.00334629 1.57376e-05 1.63223e-05 3.05573e-06 1.49604e-05 1.79365e-08 0.0885598 
5.49303e-07 0.000179087 3.81754e-05 2.42376e-07 5.60844e-05 0.252887 0.000161901 0.00014414 0.292858 0.000446718 0.421126 1.51928e-06 5.56768e-07 0.00344249 2.87812e-05 0.0283929 0.000232564 2.51104e-06 7.93818e-07 
1.12505e-07 0.675847 7.2518e-07 1.0129e-11 5.456e-07 5.65849e-11 0.00567993 1.38708e-10 0.292506 0.0200786 0.00326468 6.34913e-11 0.00251875 2.58946e-07 2.3341e-07 1.69849e-11 0.000101931 1.04937e-10 8.62558e-07 
5.10513e-08 0.00244654 8.52285e-07 1.73144e-11 2.27468e-11 9.67257e-11 6.70133e-07 2.37105e-10 3.41402e-07 0.977651 0.0198984 1.08531e-10 3.97733e-11 2.01108e-10 2.49352e-11 2.90338e-11 5.40781e-11 1.79379e-10 1.68426e-06 
1.70401e-09 0.228374 6.728e-09 7.51882e-10 9.87788e-10 4.20034e-09 1.97952e-09 1.02964e-08 0.214273 1.36207e-09 3.4146e-05 4.71301e-09 0.015005 9.61525e-06 1.08282e-09 0.542304 2.34836e-09 7.78958e-09 2.46253e-09 
1.12505e-07 0.675847 7.2518e-07 1.0129e-11 5.456e-07 5.65849e-11 0.00567993 1.38708e-10 0.292506 0.0200786 0.00326468 6.34913e-11 0.00251875 2.58946e-07 2.3341e-07 1.69849e-11 0.000101931 1.04937e-10 8.62558e-07 
1.09262e-07 5.53008e-05 4.314e-07 4.82108e-08 6.33371e-08 2.69327e-07 6.3724e-05 6.60206e-07 5.73739e-05 0.72311 0.276365 3.02199e-07 0.000157025 5.59974e-07 6.94306e-08 8.08428e-08 1.50577e-07 0.000189176 1.57898e-07 
3.82995e-05 5.72096e-05 1.42161e-06 7.49084e-08 7.26144e-06 5.27024e-06 0.0212679 1.02581e-06 0.000153079 0.000310953 0.31983 1.34124e-06 3.00554e-05 3.3535e-05 0.646642 0.000103306 0.00526922 7.76058e-07 0.00624654 
1.30493e-08 0.0100889 1.75031e-05 5.75792e-09 0.000168917 1.07705e-06 0.0665032 7.88498e-08 0.100543 0.800149 0.00134454 3.60923e-08 3.20416e-07 0.0166554 8.29225e-09 0.00234908 0.00217892 5.96527e-08 1.88581e-08 
5.25358e-09 8.93711e-06 2.07428e-08 2.3181e-09 0.984582 0.0151799 6.10297e-09 9.52647e-05 6.32199e-05 5.16562e-05 1.92119e-05 1.45305e-08 5.32497e-09 2.6925e-08 3.3384e-09 3.88713e-09 7.24014e-09 2.40158e-08 7.59214e-09 
5.96819e-05 6.36834e-11 3.339e-05 2.96687e-12 8.74367e-06 4.60615e-09 4.33371e-09 4.06287e-11 1.55757e-06 2.11751e-05 2.78751e-05 0.999845 9.58056e-07 6.39609e-09 5.21497e-07 6.12814e-07 2.24411e-10 3.07371e-11 5.45523e-09 
9.78132e-08 0.0366958 0.00146382 2.27035e-11 0.114781 9.25995e-07 0.0193472 3.10905e-10 0.016755 0.672118 0.103678 3.98616e-07 0.00106859 3.95819e-07 1.63515e-07 1.32828e-05 0.0138864 1.99953e-06 0.0201881 
6.14915e-05 0.000104162 0.00692274 3.03884e-07 3.49355e-06 1.69763e-06 0.825003 4.16143e-06 0.0011224 0.156988 0.00956433 1.90483e-06 6.9806e-07 3.52965e-06 4.37637e-07 5.09571e-07 9.49124e-07 3.14827e-06 0.000213344 
3.2745e-07 2.62991e-05 1.29288e-06 1.44485e-07 1.89817e-07 8.07154e-07 7.97579e-05 1.97859e-06 0.00269414 0.994799 0.00225158 9.0567e-07 3.31899e-07 1.6782e-06 5.51224e-05 2.4228e-07 4.5127e-07 1.49687e-06 8.46982e-05 
1.48471e-07 0.00827143 0.00328337 6.55116e-08 0.0204322 3.65977e-07 0.00241482 8.97125e-07 0.942723 0.013743 0.00440838 4.10645e-07 1.50488e-07 7.60924e-07 0.000254829 1.09854e-07 0.00163711 0.000747257 0.00208145 
3.53837e-05 0.0441691 0.00240105 7.99505e-12 5.11533e-07 4.46639e-11 3.09439e-07 1.09485e-10 0.00652666 0.873483 0.0733816 5.01153e-11 1.83656e-11 9.28634e-11 2.48715e-07 1.34066e-11 3.44625e-07 4.88778e-07 7.77722e-07 
5.96819e-05 6.36834e-11 3.339e-05 2.96687e-12 8.74367e-06 4.60615e-09 4.33371e-09 4.06287e-11 1.55757e-06 2.11751e-05 2.78751e-05 0.999845 9.58056e-07 6.39609e-09 5.21497e-07 6.12814e-07 2.24411e-10 3.07371e-11 5.45523e-09 
7.59221e-07 5.82128e-07 0.0188901 1.39526e-10 0.00962772 1.5667e-07 0.00477275 1.91068e-09 2.84695e-07 0.955708 0.0109925 1.66259e-06 3.20508e-10 1.62061e-09 2.00937e-10 2.33965e-10 4.92477e-06 1.4455e-09 5.03123e-07 
1.34278e-06 0.102089 3.78875e-06 6.98778e-10 4.89156e-06 3.90368e-09 1.8397e-09 9.56916e-09 6.20806e-06 0.89498 0.00276983 4.38014e-09 5.94587e-06 8.11638e-09 1.00634e-09 2.09738e-06 0.000136265 7.23941e-09 2.2886e-09 
2.62386e-09 1.49131e-05 2.43757e-05 1.15776e-09 4.01364e-05 6.46773e-09 4.82725e-06 1.58545e-08 0.126792 0.863028 0.0100568 7.25715e-09 7.66897e-06 1.34475e-08 4.4013e-06 1.11384e-05 9.26158e-06 1.19945e-08 6.53467e-06 
0.00216395 0.15638 2.21318e-08 2.47332e-09 5.8899e-06 1.38171e-08 0.0306112 3.38701e-08 0.0162225 0.69714 0.0344481 0.00119266 0.00166537 0.0446092 0.00114453 3.96842e-06 0.00926026 2.56239e-08 0.00515276 
9.44445e-09 0.243039 2.88799e-05 4.16729e-09 1.71298e-06 0.0117111 6.8546e-06 5.70674e-08 0.00897742 0.728365 0.00771474 1.2599e-05 9.57279e-09 4.84035e-08 9.7933e-07 8.20316e-05 5.11411e-05 4.31735e-08 9.03798e-06 
4.94335e-06 2.41464e-05 6.38616e-08 7.13681e-09 9.37601e-09 1.09068e-05 0.000149729 9.77325e-08 0.0530595 0.944658 0.00012773 7.6845e-05 0.000517051 4.12837e-05 4.54303e-05 0.00122445 5.61317e-05 7.39381e-08 3.64605e-06 
4.60278e-10 9.54589e-07 1.81733e-09 2.03094e-10 0.000240802 1.13457e-09 8.60913e-06 2.7812e-09 5.0646e-07 0.0783056 0.00493762 1.27305e-09 4.66533e-10 2.35896e-09 1.60896e-06 0.246923 0.661914 0.00766747 6.65164e-10 
5.96819e-05 6.36834e-11 3.339e-05 2.96687e-12 8.74367e-06 4.60615e-09 4.33371e-09 4.06287e-11 1.55757e-06 2.11751e-05 2.78751e-05 0.999845 9.58056e-07 6.39609e-09 5.21497e-07 6.12814e-07 2.24411e-10 3.07371e-11 5.45523e-09 
0.0016473 0.0940204 0.101683 6.93151e-11 2.11063e-07 0.0655126 0.0179868 9.49211e-10 0.0979527 0.450902 0.112236 0.000275656 0.00842643 0.0190974 0.00350965 0.0228084 0.00157815 0.000351858 0.00201106 
3.94456e-05 9.64717e-06 0.00582189 1.06564e-08 0.00186628 5.95311e-08 0.000474203 1.4593e-07 4.98738e-06 0.908042 0.0836708 6.67971e-08 2.4479e-08 1.23775e-07 1.53467e-08 1.78692e-08 3.32831e-08 4.55302e-05 2.45999e-05 
9.15544e-06 0.0183867 0.00011816 2.41202e-08 5.46241e-06 0.000407098 0.0311579 3.30305e-07 0.049511 0.822432 0.0561194 1.12561e-05 0.0214688 2.80158e-07 0.000294532 3.34711e-05 7.45303e-06 7.83622e-06 2.95546e-05 
5.96819e-05 6.36834e-11 3.339e-05 2.96687e-12 8.74367e-06 4.60615e-09 4.33371e-09 4.06287e-11 1.55757e-06 2.11751e-05 2.78751e-05 0.999845 9.58056e-07 6.39609e-09 5.21497e-07 6.12814e-07 2.24411e-10 3.07371e-11 5.45523e-09 
4.01374e-08 1.60281e-05 1.58475e-07 1.77103e-08 2.3267e-08 9.89375e-08 4.85359e-05 2.42527e-07 1.43362e-05 0.999817 1.79681e-05 1.11013e-07 4.06828e-08 2.05707e-07 3.35709e-05 2.96977e-08 5.53147e-08 1.83481e-07 5.15084e-05 
5.96819e-05 6.36834e-11 3.339e-05 2.96687e-12 8.74367e-06 4.60615e-09 4.33371e-09 4.06287e-11 1.55757e-06 2.11751e-05 2.78751e-05 0.999845 9.58056e-07 6.39609e-09 5.21497e-07 6.12814e-07 2.24411e-10 3.07371e-11 5.45523e-09 
4.22277e-07 0.00221886 1.66729e-06 1.86326e-07 2.44787e-07 1.0409e-06 0.000473294 2.55158e-06 0.000139798 0.961187 0.0330745 1.16795e-06 4.28015e-07 2.1642e-06 0.00032736 3.12443e-07 0.00206478 1.93036e-06 0.000502288 
8.76444e-05 0.0115058 0.000118848 7.82142e-08 0.00166236 4.36939e-07 0.0114615 2.44898e-05 0.0375886 0.737109 0.199703 4.90269e-07 0.000101669 9.08467e-07 1.1264e-07 0.000214542 0.000399707 8.10307e-07 1.98185e-05 
1.80346e-07 0.00441346 1.37611e-06 6.52775e-11 5.96961e-05 4.78498e-07 0.238269 8.93919e-10 0.161198 0.31236 0.00736111 4.09178e-10 0.00518899 1.10949e-06 3.39728e-07 0.266633 0.00451364 6.76281e-10 2.13794e-10 
6.87019e-08 0.290455 1.14696e-06 2.33007e-11 9.36739e-07 1.30168e-10 9.01826e-07 3.19083e-10 0.0419012 0.366285 0.178275 1.46055e-10 2.09822e-06 2.7064e-10 3.35564e-11 6.01747e-07 3.93059e-07 2.41397e-10 0.123078 
1.04431e-11 2.28549e-06 4.12326e-11 4.60792e-12 0.494766 7.23366e-06 0.0129186 6.31015e-11 0.0666015 0.0165393 0.142815 8.09873e-08 0.00221932 3.4646e-08 0.0432052 0.0859191 0.135006 9.16759e-08 5.42722e-07 
1.70401e-09 0.228374 6.728e-09 7.51882e-10 9.87788e-10 4.20034e-09 1.97952e-09 1.02964e-08 0.214273 1.36207e-09 3.4146e-05 4.71301e-09 0.015005 9.61525e-06 1.08282e-09 0.542304 2.34836e-09 7.78958e-09 2.46253e-09 
1.04132e-05 3.61638e-05 1.09939e-05 1.15748e-10 0.119742 6.18312e-07 0.140662 1.58506e-09 0.000611822 0.327079 0.293722 0.0927797 2.65887e-10 7.39158e-05 0.000102226 3.08691e-06 1.24739e-06 0.00219092 0.0229741 
3.82886e-07 8.11384e-08 1.10127e-06 7.42483e-10 2.15034e-05 6.36818e-06 0.00424775 1.01677e-08 1.26954e-08 0.000822424 0.992156 4.6541e-09 3.3379e-07 8.62402e-09 6.33751e-05 1.24504e-09 3.11694e-07 7.6922e-09 0.00268007 
5.91908e-10 4.81739e-05 2.33704e-09 2.61175e-10 0.173961 1.89689e-05 0.000162551 1.07654e-06 1.14043e-05 0.379276 0.443562 3.767e-06 4.33171e-05 3.0366e-06 0.000488443 6.15766e-05 2.54516e-05 2.70579e-09 0.00233274 
1.93147e-10 0.0463324 3.05806e-07 8.52247e-11 0.0569268 4.76103e-10 0.646394 1.16708e-09 0.0262576 0.0392364 0.182132 5.34213e-10 0.00271487 9.99792e-08 1.50978e-06 1.4291e-10 1.38442e-06 8.82937e-10 2.90317e-06 
3.72757e-07 1.03728e-06 3.0678e-07 2.28408e-11 9.30251e-07 1.65891e-06 5.05185e-07 3.12785e-10 5.85462e-06 0.429065 0.244403 1.43172e-10 0.00607916 2.65298e-10 1.47369e-06 3.83008e-11 2.60394e-06 1.6588e-07 0.320439 
9.77912e-07 0.00245259 1.62694e-05 2.2867e-09 3.00417e-09 1.27745e-08 1.27837e-05 3.13145e-08 0.00192583 0.988869 0.00669024 1.43337e-08 5.25285e-09 2.65603e-08 3.29319e-09 3.83448e-09 7.14208e-09 2.36905e-08 3.2123e-05 
3.71448e-05 0.000480974 0.00062012 1.25979e-08 1.65505e-08 7.03773e-08 0.000487587 1.72517e-07 0.000248403 0.995067 0.00183243 7.89671e-08 2.89389e-08 1.46326e-07 1.81428e-08 2.11249e-08 3.93471e-08 1.30515e-07 0.00122546 
6.63687e-05 0.00803403 8.2393e-05 3.73923e-07 9.86102e-05 2.0889e-06 9.84444e-07 5.12055e-06 3.00097e-05 0.954334 0.0001472 0.00110477 0.0356125 0.000470732 4.00814e-06 6.27016e-07 1.16788e-06 3.87388e-06 1.22465e-06 
5.25063e-11 7.64635e-07 2.07312e-10 2.3168e-11 1.38187e-06 6.8609e-07 0.0103813 3.17266e-10 0.00385728 0.161895 0.823861 1.46676e-08 5.0032e-07 2.69099e-10 6.77349e-07 1.55786e-08 7.23607e-11 2.40023e-10 9.40975e-07 
2.66504e-07 0.000628235 0.000648502 1.17593e-07 1.54488e-07 0.00415899 0.00146552 1.61033e-06 0.000762118 0.702434 0.255779 7.37104e-07 0.000432415 1.36585e-06 1.69351e-07 1.97186e-07 3.67278e-07 0.000351036 0.0333348 
1.28358e-06 0.0721434 2.05391e-08 2.29533e-09 0.000440741 0.123781 0.0234182 3.14326e-08 0.168163 0.154405 0.0879665 8.27193e-06 0.00033307 0.354475 0.00196808 0.0109377 0.00168292 4.00824e-06 0.000271143 
1.86114e-06 0.0099882 0.0362618 9.2334e-09 1.47525e-05 0.00260988 0.114543 1.26443e-07 0.292712 0.387044 0.0251894 8.94332e-05 8.73632e-05 1.07247e-07 1.44632e-05 0.131443 2.88387e-08 9.56589e-08 3.02408e-08 
1.41697e-10 0.284984 3.13358e-06 6.25227e-11 0.15017 3.4928e-10 2.30465e-06 8.56195e-10 0.197768 0.297746 0.0374488 3.9191e-10 1.43623e-10 7.26209e-10 2.43203e-07 1.04842e-10 0.0318749 7.13165e-07 1.98649e-06 
3.02454e-05 0.169484 4.08875e-05 1.81264e-07 0.000374595 0.000254577 0.000685339 2.48226e-06 0.0938967 0.00064546 0.00153989 4.66929e-05 0.717947 2.1054e-06 0.0067568 0.000759811 0.00710938 1.87792e-06 0.000421864 
8.45799e-06 5.80399e-06 1.24112e-06 1.38701e-07 0.0115602 7.74842e-07 4.99076e-05 1.89939e-06 0.000383432 1.63431e-05 0.000647883 8.69415e-07 1.57955e-05 0.000702302 9.45765e-06 0.969404 0.0171561 3.5342e-05 4.54266e-07 
8.45911e-07 5.71739e-05 3.33993e-06 3.73252e-07 5.63399e-05 2.08515e-06 0.0795128 5.11136e-06 0.00231785 0.784722 0.128778 0.00122012 6.17272e-05 0.00183416 0.000227175 0.000147353 0.000125011 3.86693e-06 0.000924354 
3.71448e-05 0.000480974 0.00062012 1.25979e-08 1.65505e-08 7.03773e-08 0.000487587 1.72517e-07 0.000248403 0.995067 0.00183243 7.89671e-08 2.89389e-08 1.46326e-07 1.81428e-08 2.11249e-08 3.93471e-08 1.30515e-07 0.00122546 
1.49458e-05 0.117822 1.00634e-07 1.12463e-08 1.47748e-08 2.58556e-05 4.64413e-05 1.54008e-07 0.135866 0.730123 9.74681e-06 7.04947e-08 2.58341e-08 1.30626e-07 1.61962e-08 0.0160909 3.51255e-08 1.16512e-07 3.68332e-08 
5.2453e-07 6.79194e-06 8.75685e-06 1.77897e-10 9.35088e-07 9.93813e-10 6.88532e-06 4.89667e-07 0.0154376 0.765324 0.191509 1.12626e-07 4.08653e-10 2.0663e-09 2.56198e-10 2.98309e-10 5.55628e-10 1.84304e-09 0.0277053 
2.78917e-10 0.0271912 0.00036709 1.2307e-10 0.130676 5.47713e-06 0.0592969 1.68534e-09 0.0522353 0.656787 0.030102 7.71438e-10 0.00710703 1.42947e-09 4.58707e-07 0.0198665 0.00263475 1.27502e-09 0.0137305 
1.53822e-07 0.00202862 6.07339e-07 6.78727e-08 0.00198854 3.79167e-07 0.954747 9.29458e-07 0.00250222 0.0177671 0.00278538 0.0036167 0.00216734 0.00276 9.77466e-08 0.00522413 0.00440955 7.03168e-07 2.22294e-07 
1.0304e-07 0.00574043 0.00227868 4.54655e-08 0.0141801 2.5399e-07 0.0016759 6.22611e-07 0.0064778 0.963309 0.00305945 2.84991e-07 1.0444e-07 5.28087e-07 0.000176853 7.62392e-08 0.00113616 0.000518602 0.00144454 
7.75895e-07 0.099367 3.06349e-06 3.42358e-07 0.0113901 1.91256e-06 0.0299527 4.68829e-06 0.200394 0.656101 0.00142898 8.79675e-06 7.86439e-07 3.97652e-06 4.93045e-07 0.00121705 0.000120369 3.54686e-06 1.12127e-06 
2.29723e-08 0.00120567 3.82277e-07 5.06282e-11 6.6513e-11 3.4203e-07 0.00854832 6.9331e-10 0.00211952 0.811052 0.0564454 3.17352e-10 1.16299e-10 5.88052e-10 7.2912e-11 0.000218812 1.58127e-10 5.24513e-10 0.120409 
2.30837e-05 0.000237797 0.00129722 6.43235e-07 0.000939496 0.0710251 1.69347e-06 8.80855e-06 0.000323074 0.924212 0.000150674 4.03198e-06 1.47759e-06 0.000700187 4.01501e-06 0.000307099 0.000754549 6.66398e-06 2.10669e-06 
1.28358e-06 0.0721434 2.05391e-08 2.29533e-09 0.000440741 0.123781 0.0234182 3.14326e-08 0.168163 0.154405 0.0879665 8.27193e-06 0.00033307 0.354475 0.00196808 0.0109377 0.00168292 4.00824e-06 0.000271143 
0.00120574 0.00810677 3.7337e-06 6.53424e-11 0.00143082 7.42214e-05 9.41607e-05 8.94808e-10 0.00154126 0.986469 0.00106373 1.0755e-06 1.37129e-06 7.58959e-10 1.29675e-06 1.93986e-07 2.29132e-06 3.02618e-06 1.3364e-06 
1.36083e-07 0.24218 1.93543e-08 2.16293e-09 0.0471599 0.00103511 0.13194 2.96195e-08 0.233234 0.039872 0.257888 0.000606492 0.00287207 2.51227e-08 3.09451e-05 0.0408869 0.00158937 7.05327e-05 0.000633803 
2.84375e-05 0.051958 8.02897e-05 3.49419e-08 0.000127385 1.95201e-07 9.19932e-08 4.78499e-07 0.000161654 0.94243 0.00145128 2.19026e-07 0.000154853 4.05854e-07 5.03214e-08 5.85466e-05 0.00354802 3.62002e-07 1.1444e-07 
0.000562663 0.0019373 5.41716e-07 6.05391e-08 0.000986293 0.983786 1.59384e-07 8.2903e-07 0.000649467 0.00948652 0.000260919 3.79476e-07 1.39066e-07 7.03168e-07 8.71851e-08 0.00057874 0.000264905 0.000690538 0.000793297 
4.94979e-08 2.16401e-05 1.95434e-07 2.18405e-08 2.86931e-08 1.22011e-07 5.75006e-08 2.99087e-07 2.23235e-05 0.999709 1.57256e-05 1.36903e-07 5.01705e-08 2.5368e-07 3.14536e-08 3.66235e-08 0.00022991 2.2627e-07 7.15311e-08 
7.11376e-05 0.000760323 0.000443401 1.65118e-08 0.00441661 0.000673458 0.000504312 2.26115e-07 0.00125612 0.00997568 0.000673239 0.000289906 0.000242788 1.91787e-07 2.37794e-08 0.975697 0.00113463 0.00145422 0.00240656 
5.96819e-05 6.36834e-11 3.339e-05 2.96687e-12 8.74367e-06 4.60615e-09 4.33371e-09 4.06287e-11 1.55757e-06 2.11751e-05 2.78751e-05 0.999845 9.58056e-07 6.39609e-09 5.21497e-07 6.12814e-07 2.24411e-10 3.07371e-11 5.45523e-09 
1.02141e-06 0.0348538 1.65364e-05 1.81842e-08 2.38895e-08 1.01585e-07 0.00152162 2.49016e-07 0.00035287 0.919589 0.0396976 1.13983e-07 4.17713e-08 2.11211e-07 2.61878e-08 0.000135813 0.00163517 1.8839e-07 0.00219537 
1.16641e-07 0.0282201 1.86878e-06 2.75511e-09 1.93859e-07 1.53913e-08 0.00506608 3.77289e-08 0.00869416 0.914338 0.0221537 0.00321388 6.32885e-09 0.00280112 1.44112e-06 4.61994e-09 1.47021e-05 2.85433e-08 0.0154949 
9.78132e-08 0.0366958 0.00146382 2.27035e-11 0.114781 9.25995e-07 0.0193472 3.10905e-10 0.016755 0.672118 0.103678 3.98616e-07 0.00106859 3.95819e-07 1.63515e-07 1.32828e-05 0.0138864 1.99953e-06 0.0201881 
7.32412e-05 0.0647275 0.0677956 1.71413e-09 0.0150378 0.0136859 0.000885834 2.34736e-08 0.0446823 0.763045 0.0274334 1.96492e-06 3.36503e-06 4.07551e-06 0.000467399 1.00659e-06 1.2517e-06 1.07407e-05 0.00214355 
0.000130419 0.00270539 0.00554315 6.22742e-08 0.00104679 5.62869e-05 0.00016493 8.52791e-07 4.378e-06 0.921626 0.0183577 0.00231546 0.000189088 7.23321e-07 0.000737447 0.0471203 1.94501e-07 6.45167e-07 2.03957e-07 
7.88585e-06 0.00732407 8.78378e-07 9.81625e-08 0.00250737 8.62431e-05 0.0167928 1.45744e-05 0.0274087 0.923149 0.0134008 6.72756e-05 0.00466278 1.16209e-05 9.78136e-05 0.00162757 0.000265225 3.10442e-05 0.00254379 
0.00305835 4.84072e-05 0.004315 4.11494e-07 0.00146111 2.29879e-06 0.0190598 0.00116479 0.00575118 2.37272e-05 0.597822 2.57936e-06 0.000117611 4.77955e-06 0.000410699 0.366593 1.28522e-06 4.26312e-06 0.000159148 
1.33384e-09 0.00817247 5.26644e-09 5.88547e-10 7.73205e-10 3.28788e-09 1.54949e-09 8.05964e-09 0.684117 6.08245e-05 2.84133e-05 3.68918e-09 0.00143214 6.83604e-09 8.47593e-10 0.305521 0.000668528 6.09741e-09 1.92758e-09 
3.56964e-08 3.74729e-05 1.40941e-07 1.57508e-08 0.000115792 0.318185 6.53217e-06 2.15693e-07 0.120221 0.546943 0.000312178 9.87303e-08 0.00452137 1.82947e-07 1.61972e-05 0.00743671 0.00026296 1.6318e-07 0.00194087 
3.82886e-07 8.11384e-08 1.10127e-06 7.42483e-10 2.15034e-05 6.36818e-06 0.00424775 1.01677e-08 1.26954e-08 0.000822424 0.992156 4.6541e-09 3.3379e-07 8.62402e-09 6.33751e-05 1.24504e-09 3.11694e-07 7.6922e-09 0.00268007 
1.44352e-07 0.0473355 1.00938e-05 3.24583e-10 0.00161484 0.000131666 0.00338922 4.44488e-09 0.00468609 0.18955 0.630512 2.03458e-09 0.000242431 7.5914e-08 0.120335 0.00203802 1.09112e-06 3.36271e-09 0.000153154 
5.96819e-05 6.36834e-11 3.339e-05 2.96687e-12 8.74367e-06 4.60615e-09 4.33371e-09 4.06287e-11 1.55757e-06 2.11751e-05 2.78751e-05 0.999845 9.58056e-07 6.39609e-09 5.21497e-07 6.12814e-07 2.24411e-10 3.07371e-11 5.45523e-09 
2.31397e-09 0.042946 0.170062 1.02102e-09 6.70819e-06 7.41558e-05 2.68835e-05 1.3982e-08 1.42703e-05 0.774286 0.0125304 5.76641e-06 2.34541e-09 1.18592e-08 3.82457e-06 1.71211e-09 3.18896e-09 8.47287e-06 3.54497e-05 
1.65294e-07 0.00559879 6.52635e-07 7.29347e-08 0.598647 4.07445e-07 0.000203761 0.000880789 0.0089032 0.000349536 0.15284 1.51777e-06 0.000343403 8.22699e-06 0.00222356 0.209525 0.0192218 2.54662e-06 0.00124909 
1.76123e-07 0.000818211 2.93073e-06 3.91611e-10 5.1448e-10 2.18771e-09 2.3029e-06 5.36277e-09 1.17303e-06 0.975334 0.0238353 2.45473e-09 8.9958e-10 4.5486e-09 5.63977e-10 6.56676e-10 1.22312e-09 4.05713e-09 5.78684e-06 
3.71448e-05 0.000480974 0.00062012 1.25979e-08 1.65505e-08 7.03773e-08 0.000487587 1.72517e-07 0.000248403 0.995067 0.00183243 7.89671e-08 2.89389e-08 1.46326e-07 1.81428e-08 2.11249e-08 3.93471e-08 1.30515e-07 0.00122546 
1.7573e-05 0.0373294 3.83131e-07 4.28166e-08 0.000306005 0.00677314 0.0722056 0.000108248 0.365536 0.44401 0.00460439 0.0002959 0.00083917 0.0620027 0.00147412 3.29696e-05 0.00441068 4.43584e-07 5.33389e-05 
1.69538e-08 0.0950283 6.69389e-08 7.48071e-09 9.82781e-09 4.17905e-08 3.51105e-05 1.02442e-07 0.049383 0.847278 3.53506e-05 4.68912e-08 1.71841e-08 9.40804e-05 1.07733e-08 0.00813111 1.47583e-05 7.7501e-08 2.45005e-08 
8.2499e-10 0.00778685 2.18402e-06 5.68613e-14 0.000274348 9.87932e-05 0.000487754 7.78666e-13 0.00145213 0.000140943 0.00576578 1.11206e-05 0.000612994 6.6045e-13 0.98286 2.09988e-08 1.96544e-07 5.89089e-13 0.000506863 
1.56584e-08 0.00629441 2.06289e-08 3.47427e-12 1.96383e-07 1.33034e-07 3.39047e-05 4.75772e-11 0.031211 0.0016751 0.159307 2.39197e-08 8.19276e-07 4.0354e-11 0.786231 0.00465055 0.00940488 3.59938e-11 0.00119102 
5.96819e-05 6.36834e-11 3.339e-05 2.96687e-12 8.74367e-06 4.60615e-09 4.33371e-09 4.06287e-11 1.55757e-06 2.11751e-05 2.78751e-05 0.999845 9.58056e-07 6.39609e-09 5.21497e-07 6.12814e-07 2.24411e-10 3.07371e-11 5.45523e-09 
5.96819e-05 6.36834e-11 3.339e-05 2.96687e-12 8.74367e-06 4.60615e-09 4.33371e-09 4.06287e-11 1.55757e-06 2.11751e-05 2.78751e-05 0.999845 9.58056e-07 6.39609e-09 5.21497e-07 6.12814e-07 2.24411e-10 3.07371e-11 5.45523e-09 
8.97352e-07 1.16195e-05 1.4981e-05 3.04342e-10 3.99831e-10 1.70019e-09 1.17792e-05 4.16771e-09 6.00098e-06 0.999881 4.42683e-05 1.9077e-09 6.99113e-10 3.53497e-09 4.38297e-10 5.10339e-10 9.50555e-10 3.15302e-09 2.9605e-05 
3.71448e-05 0.000480974 0.00062012 1.25979e-08 1.65505e-08 7.03773e-08 0.000487587 1.72517e-07 0.000248403 0.995067 0.00183243 7.89671e-08 2.89389e-08 1.46326e-07 1.81428e-08 2.11249e-08 3.93471e-08 1.30515e-07 0.00122546 
6.48353e-06 0.00560244 0.000106269 7.04046e-08 9.24942e-08 3.93311e-07 8.32561e-05 9.6413e-07 0.00124211 0.992434 0.00031226 4.41316e-07 1.61728e-07 8.17757e-07 1.01393e-07 1.18059e-07 2.19895e-07 7.29398e-07 0.000209022 
9.44445e-09 0.243039 2.88799e-05 4.16729e-09 1.71298e-06 0.0117111 6.8546e-06 5.70674e-08 0.00897742 0.728365 0.00771474 1.2599e-05 9.57279e-09 4.84035e-08 9.7933e-07 8.20316e-05 5.11411e-05 4.31735e-08 9.03798e-06 
6.09973e-09 0.0444196 2.40837e-08 2.69146e-09 3.6392e-05 1.50357e-08 0.16389 0.0912671 0.0782328 0.458238 0.134617 1.68708e-08 6.18262e-09 0.000143917 7.4275e-07 0.0291485 8.40626e-09 2.78838e-08 5.51861e-06 
0.00049947 0.070268 2.14734e-10 2.39974e-11 3.15267e-11 1.3406e-10 0.340545 5.91852e-07 6.03704e-07 0.00929381 0.129754 4.63316e-06 3.13116e-06 2.78733e-10 1.49647e-06 9.6983e-07 2.95316e-06 2.48616e-10 0.449625 
1.48354e-06 1.5764e-05 1.58761e-05 1.48224e-08 1.9473e-08 2.68884e-05 4.05693e-05 2.02981e-07 0.00744828 0.957448 0.0348977 9.29113e-08 3.4049e-08 9.7925e-05 2.13465e-08 2.48552e-08 2.54408e-06 1.53562e-07 4.8941e-06 
7.2567e-07 0.00410886 2.86518e-06 3.20196e-07 4.20659e-07 1.78876e-06 8.42996e-07 0.00789705 0.00396724 0.94328 0.00127389 2.00708e-06 7.35531e-07 3.71911e-06 4.61129e-07 0.0378537 0.00160111 3.31727e-06 1.04869e-06 
1.28358e-06 0.0721434 2.05391e-08 2.29533e-09 0.000440741 0.123781 0.0234182 3.14326e-08 0.168163 0.154405 0.0879665 8.27193e-06 0.00033307 0.354475 0.00196808 0.0109377 0.00168292 4.00824e-06 0.000271143 
1.0044e-07 0.0236717 1.67682e-06 3.4065e-11 4.47529e-11 1.90302e-10 0.00277005 4.6649e-10 0.00597869 0.967074 0.000500448 2.13529e-10 7.82515e-11 3.95668e-10 4.90585e-11 5.71221e-11 2.76734e-07 3.52916e-10 3.31368e-06 
5.31175e-10 2.58185e-05 6.83371e-08 2.82885e-12 1.49093e-08 5.14567e-08 9.51138e-08 3.87386e-11 2.28719e-05 0.176343 0.521662 1.7732e-11 6.49822e-12 1.64873e-08 0.301564 4.74358e-12 3.32758e-08 2.93071e-11 0.00038251 
9.78132e-08 0.0366958 0.00146382 2.27035e-11 0.114781 9.25995e-07 0.0193472 3.10905e-10 0.016755 0.672118 0.103678 3.98616e-07 0.00106859 3.95819e-07 1.63515e-07 1.32828e-05 0.0138864 1.99953e-06 0.0201881 
3.76457e-06 4.8746e-05 6.28482e-05 1.27678e-09 1.67737e-09 7.13263e-09 4.94162e-05 1.74843e-08 2.51753e-05 0.9995 0.000185714 8.00319e-09 2.93292e-09 1.48299e-08 1.83874e-09 2.14097e-09 3.98776e-09 1.32275e-08 0.000124199 
0.000851823 0.00274234 0.00022505 4.00947e-10 0.000345046 2.23986e-09 9.30288e-07 5.49062e-09 9.17528e-07 0.989438 0.00340189 2.51325e-09 2.44946e-06 4.65704e-09 5.77422e-10 0.00288071 1.80915e-06 0.000109442 1.31316e-09 
1.11933e-05 0.000749095 0.000214678 4.71802e-07 6.19832e-07 0.000886637 0.000250359 0.0001675 0.00550943 0.992049 2.66914e-05 2.95739e-06 2.01667e-06 5.48003e-06 2.93303e-05 5.77237e-05 3.06466e-05 4.88792e-06 1.54522e-06 
9.6014e-07 0.0015204 1.58928e-05 5.04655e-09 6.62993e-09 2.43554e-05 0.0102716 6.91082e-08 0.00435177 0.827842 0.0645987 3.16332e-08 1.15926e-08 5.86163e-08 4.52143e-05 0.000180827 1.57619e-08 5.22828e-08 0.0911477 
4.80058e-10 0.000225137 7.42967e-07 2.11822e-10 5.69028e-06 0.000844768 0.000422078 2.90072e-09 0.00017782 0.00131763 0.115397 8.21368e-07 7.34721e-06 1.80964e-07 0.881337 1.84403e-06 9.69416e-06 2.19449e-09 0.000252087 
7.83564e-07 0.0101039 8.53291e-05 3.45741e-07 4.54219e-07 1.93146e-06 0.00647921 0.000452205 0.00311594 0.00141292 0.000345463 2.1672e-06 0.00231702 4.01582e-06 4.97918e-07 0.0092775 0.966396 3.58191e-06 1.13236e-06 
5.62821e-05 2.7021e-06 1.14035e-05 4.43872e-09 0.0131043 4.13159e-05 0.0128328 6.07845e-08 0.000783777 0.930857 0.0397704 3.30044e-06 4.06608e-06 5.15562e-08 3.84194e-06 3.25551e-05 6.79108e-06 0.00179435 0.000694712 
4.15709e-06 0.00202425 4.08002e-05 2.11324e-11 0.150297 0.00176596 0.000178801 2.8939e-10 0.00386186 0.179658 0.00915105 0.000758891 4.75395e-05 2.45455e-10 0.00192328 0.627704 0.000762492 0.000377969 0.0214442 
4.71392e-05 0.00741387 0.000892805 1.08774e-08 5.98725e-05 6.07657e-08 0.000958043 1.48956e-07 0.00148875 0.983885 0.00417804 6.81823e-08 0.000303952 1.26342e-07 1.5665e-08 0.000340892 0.000224441 1.1269e-07 0.000206175 
0.000985671 0.00276412 1.55608e-06 1.73898e-07 0.00374696 9.71472e-07 4.5783e-07 0.00476515 0.000801493 0.0251078 0.961819 1.09004e-06 3.99466e-07 2.01985e-06 2.50439e-07 2.91603e-07 5.43138e-07 1.8016e-06 5.69543e-07 
0.000313689 0.0290697 9.51147e-09 1.06295e-09 0.0159878 6.80632e-06 0.00320076 1.45561e-08 3.94196e-06 0.951271 1.248e-07 3.01997e-06 5.89195e-06 1.23462e-08 2.69723e-06 6.24054e-05 5.32315e-05 8.11833e-06 1.10246e-05 
9.78132e-08 0.0366958 0.00146382 2.27035e-11 0.114781 9.25995e-07 0.0193472 3.10905e-10 0.016755 0.672118 0.103678 3.98616e-07 0.00106859 3.95819e-07 1.63515e-07 1.32828e-05 0.0138864 1.99953e-06 0.0201881 
0.00183067 3.61821e-05 0.000698683 1.94178e-08 5.46254e-06 1.08476e-07 9.73609e-05 2.6591e-07 7.76239e-05 0.99699 0.000144105 4.30593e-05 1.15183e-05 2.2554e-07 1.89358e-05 3.25609e-08 6.06477e-08 2.0117e-07 4.54006e-05 
1.28358e-06 0.0721434 2.05391e-08 2.29533e-09 0.000440741 0.123781 0.0234182 3.14326e-08 0.168163 0.154405 0.0879665 8.27193e-06 0.00033307 0.354475 0.00196808 0.0109377 0.00168292 4.00824e-06 0.000271143 
