0.00879027 0.200501 9.61693e-05 0.302137 0.0341127 0.00792464 0.00126887 1.65697e-05 0.0623919 0.197861 0.0322101 0.00430904 0.0757128 0.000641881 0.0354115 0.0170752 0.000855705 3.0025e-07 0.0186833 
0.000478521 0.370365 5.38085e-05 0.412934 0.0341026 0.00299229 0.00169096 5.16407e-11 0.0248227 0.0143174 0.015346 0.0250067 0.0442939 0.000282891 0.0230792 0.0206298 0.00083858 3.07377e-07 0.00876431 
0.000171682 0.0613004 0.000159297 0.435269 0.283753 0.000591786 0.0109472 3.48574e-06 0.0500477 0.0239619 0.0295315 0.00373337 0.00750445 9.9737e-07 0.00885279 0.0155862 0.0625724 1.07318e-05 0.00600198 
0.00507801 0.139522 0.0002172 0.285757 0.0425423 0.00594046 0.0040383 1.34017e-09 0.0913276 0.0116085 0.127475 0.0016454 0.205738 0.00112683 0.0342027 0.0108636 0.0187 1.80305e-06 0.0142152 
3.07187e-05 0.275165 0.000103452 0.295545 0.228272 9.05308e-05 0.00319456 2.33469e-05 0.0134939 0.00312841 0.041473 0.00286582 0.011526 4.03688e-06 0.000522829 0.0688582 0.00160087 2.2863e-05 0.0540797 
3.57352e-05 0.0157876 4.41415e-06 0.497008 0.0240795 0.13612 0.00249479 1.18024e-06 0.0303528 0.0520013 0.0255923 0.00486541 0.056353 0.000173427 0.000117472 0.039809 0.000617808 2.82832e-07 0.114585 
0.00120664 0.150453 0.00155751 0.197514 0.17886 0.00765134 0.004906 0.00421842 0.0881081 0.0415223 0.0635452 0.022949 0.0233472 0.00475999 0.00680907 0.0882474 0.00672938 0.102822 0.00479366 
1.62412e-05 0.0721079 1.83201e-05 0.838118 0.000767749 3.25029e-06 0.000386328 1.76684e-12 0.000169537 0.000209231 0.0300699 0.000313701 0.00428517 8.08728e-06 0.0368941 0.00358928 0.000319282 3.15637e-06 0.0127212 
8.11429e-05 0.285499 3.41272e-05 0.371081 0.00908434 0.000468203 0.0152639 0.00112825 0.0266713 0.0110213 0.0597858 0.0281015 0.131438 6.86628e-05 0.00336303 0.0495627 0.00559982 1.04346e-05 0.00173805 
0.000132002 0.111666 0.000800951 0.242164 0.228116 0.00230374 0.00566624 1.33039e-05 0.120705 0.0386902 0.0318493 0.00234078 0.0734888 2.32892e-05 0.0147139 0.0420431 0.0581576 0.000127824 0.0269984 
5.86292e-05 0.121073 1.4122e-05 0.386915 0.0595315 0.000121598 0.0099465 0.0358163 0.0254756 0.0138787 0.0344402 3.90065e-06 0.0461435 0.000202505 0.0285855 0.0714689 0.155632 7.30181e-06 0.0106846 
0.000405351 0.158668 6.98608e-09 0.460513 0.00671632 3.81431e-08 0.00116474 1.03088e-11 6.4935e-05 0.000545069 0.000438237 0.000115999 0.293537 4.01769e-09 0.000126321 0.00518137 0.000120444 7.79896e-12 0.072404 
0.000153879 0.163987 2.5282e-05 0.493166 0.0510802 0.000104193 0.0156887 4.39968e-07 0.0313083 0.0252094 0.0627225 0.00018299 0.016047 1.00864e-05 0.0117385 0.0407068 0.0798592 1.96677e-06 0.00800696 
0.00639937 0.0543338 1.38436e-05 0.2099 0.137225 0.000810162 0.0304218 0.000195887 0.111888 0.0664498 0.0193726 0.0986221 0.142272 0.00157778 0.0193508 0.0141018 0.0843846 8.76639e-06 0.00267202 
0.000226697 0.122775 0.00217118 0.278388 0.155108 0.00587752 0.0118906 2.37297e-05 0.0277204 0.0252423 0.0746499 0.00464072 0.00969839 0.000491206 0.0132565 0.230714 0.0322389 0.000145457 0.00474169 
1.91981e-05 0.161696 0.000113835 0.701393 0.0320272 4.90871e-06 0.00182516 6.36114e-11 0.00095287 0.000183631 0.0406046 0.000269774 0.00701631 4.5407e-08 0.0019121 0.0232848 0.0124225 1.46523e-06 0.0162723 
1.22835e-05 0.14041 0.0208379 0.723445 0.017374 4.65113e-05 0.00910821 4.12027e-08 0.00881398 0.00941079 0.0263435 6.85116e-05 0.00143481 9.10586e-07 0.0257507 0.00332251 0.000404351 6.41699e-06 0.0132092 
5.44052e-05 0.389475 2.05353e-05 0.429362 0.0979927 0.000704682 0.0057208 7.31166e-11 0.00692741 0.00111644 0.0137825 2.03009e-05 0.0476425 0.000177618 3.07234e-05 0.00572806 0.00122939 1.41278e-08 1.51649e-05 
9.55278e-07 0.279777 9.54339e-07 0.41467 9.55412e-07 9.54815e-07 0.044419 9.53673e-07 0.132718 0.0363039 0.0261817 9.5472e-07 0.0104134 9.53966e-07 9.55393e-07 0.0510173 0.0044902 9.54143e-07 9.55135e-07 
0.000645006 0.21618 3.13353e-05 0.449707 0.0758446 1.15507e-05 0.0137832 2.41611e-06 0.013497 0.0659445 0.101241 0.000615589 0.00552512 0.00265733 0.00518149 0.0259269 0.00015763 0.00042216 0.0226262 
3.63055e-06 0.161105 6.65655e-06 0.534128 0.00233803 3.59556e-06 0.115728 1.06829e-05 0.0012927 0.10451 0.0150227 5.40574e-05 0.00304494 5.53238e-07 0.000143196 0.0193124 4.47034e-05 4.93461e-07 0.0432504 
0.000363367 0.120024 9.12739e-06 0.31214 0.179818 6.72082e-05 0.00139761 0.000391399 0.178235 0.00604089 0.0331093 0.000185089 0.0539679 7.93594e-06 0.000538526 0.0143199 0.0992612 3.39267e-05 8.96047e-05 
7.24159e-05 0.236659 0.000168396 0.301641 0.117155 0.000238787 0.0713141 0.000382739 0.0738674 0.00140738 0.018998 0.000818805 0.152757 1.21553e-06 0.00171416 0.0179181 0.00196648 9.26334e-06 0.00291075 
2.43828e-05 0.0772507 0.000117181 0.446059 0.289139 0.00129078 0.00120727 3.13112e-09 0.0426637 0.00437967 0.00743414 0.000526829 0.082635 0.00027299 0.0169195 0.0182666 0.0117394 1.33299e-05 5.96669e-05 
3.28245e-05 0.259961 1.13113e-05 0.610548 0.00708736 7.76723e-06 0.00250941 2.26537e-07 0.0227304 0.0448659 0.0181129 0.000286009 0.00938833 3.85684e-08 0.00198125 0.000546542 0.00643506 4.3604e-05 0.015452 
0.00698149 0.0839274 0.00012809 0.328649 0.0524902 0.00130816 0.00888841 2.8472e-05 0.256537 0.0201713 0.0549828 0.000356183 0.000526493 2.39893e-06 0.00323186 0.00669475 0.171553 0.000145819 0.00339718 
0.000169254 0.176607 0.0963118 0.283399 0.0877679 0.000139965 0.00091929 2.64656e-06 0.119112 0.0287441 0.0232073 0.0029024 0.0107542 0.000166479 0.00561054 0.0275069 0.105971 0.00010316 0.0306043 
0.000141498 0.0771014 0.000167972 0.724585 0.0456716 0.00297043 0.00898685 2.45651e-08 0.0171369 0.00579997 0.0188703 0.000463102 0.00317173 1.53802e-05 0.000265816 0.00473655 0.00665998 1.05778e-06 0.083254 
1.30525e-05 0.184014 7.62465e-05 0.423285 0.166414 1.84482e-05 0.000330056 2.73075e-06 0.137975 0.0277108 0.0158236 0.00026175 0.00331149 6.41279e-06 0.0176604 0.00224117 2.78562e-05 1.35102e-06 0.020827 
1.96809e-07 0.133665 3.30549e-08 0.359022 0.157888 0.00259183 0.0046847 3.33522e-07 0.123506 0.00495763 0.00178878 2.23342e-05 0.00386926 2.88103e-10 9.29426e-07 0.207388 0.000447349 4.21381e-06 0.000164219 
3.07272e-05 0.0710564 1.26386e-05 0.8538 0.0193858 2.97333e-05 0.000391031 4.9553e-12 0.00322823 0.000665523 0.015471 0.00145595 0.0202721 8.69527e-09 0.00209242 0.00439202 0.000406791 9.54839e-07 0.00730901 
2.65315e-06 0.00877886 1.04755e-05 0.910554 1.53799e-06 6.53993e-06 3.0821e-06 1.60315e-05 8.84385e-07 0.0704108 0.010168 7.33816e-06 2.6892e-06 1.35976e-05 1.68595e-06 1.96307e-06 3.65639e-06 1.21284e-05 3.83416e-06 
7.93643e-05 0.190282 0.0261353 0.444034 0.0586255 1.36869e-05 0.00253342 3.3773e-12 0.00336105 0.0167786 0.0810835 0.000207243 0.00453878 2.89145e-06 0.106314 0.00394643 0.000629322 5.29279e-05 0.0613821 
0.0587421 0.117073 0.00114013 0.610435 0.0330436 0.000217945 0.000272707 6.8731e-10 0.129428 0.000344915 0.00537673 0.000194862 0.029102 5.7793e-08 0.000349576 0.0110941 0.00306201 6.54762e-06 0.000117731 
0.000794733 0.0346908 0.000487904 0.578632 0.0148536 0.00158483 0.0130581 6.45498e-08 0.00103743 0.273731 0.0374525 7.30909e-07 0.0134071 2.39447e-06 0.00549585 0.0231385 0.000120177 1.1153e-05 0.00150063 
1.20829e-05 0.0696595 6.41146e-05 0.799257 0.0118745 2.17339e-05 0.000183308 1.24155e-12 0.00351487 0.000969173 0.0290629 0.000182236 0.0211326 5.39069e-06 0.0504152 0.00317671 0.000375163 1.10456e-06 0.010092 
3.84683e-05 0.0534103 9.29733e-07 0.584827 0.247756 0.00141538 9.08702e-05 4.17317e-09 0.0112339 0.00708932 0.00378703 0.000759886 0.077761 2.4859e-07 6.60641e-05 0.0107894 0.000585286 3.5413e-05 0.000353495 
2.89093e-07 0.180945 2.87394e-05 0.559541 0.0314119 1.72935e-05 0.000540921 1.72836e-09 0.160361 0.00139721 0.0329211 7.0928e-06 0.00820561 1.24944e-06 0.0133282 0.0110096 1.48562e-05 2.78854e-06 0.000266208 
0.000455164 0.0436179 0.000221351 0.821712 0.0572782 0.000180117 0.00015959 1.04897e-08 0.00889637 0.00280462 0.00300083 0.00208876 0.0370885 2.29577e-06 0.0128887 0.00173978 0.000502014 6.24715e-06 0.00735718 
0.000114462 0.179741 0.000319674 0.559769 0.0168502 0.00108882 0.00073188 9.68178e-10 0.0244286 0.00590209 0.0317422 0.00101117 0.154864 8.11499e-05 0.0124304 0.00789366 0.00175772 3.68474e-06 0.00127034 
0.000133953 0.0578228 2.03252e-08 0.728362 0.0289122 0.000195535 0.000345444 2.27763e-12 0.0285343 0.0115603 0.041491 0.00268536 0.0948869 1.09777e-05 2.77514e-05 0.00272649 0.000705966 1.80379e-05 0.00158058 
3.7269e-05 0.127575 0.000186082 0.47839 0.184628 0.000990087 0.00273072 2.01701e-09 0.029114 0.00475128 0.0306848 0.000292822 0.0931014 0.000152056 0.00934606 0.0297302 0.0080128 1.26933e-05 0.000264029 
3.5855e-05 0.287172 0.00538356 0.530963 0.0349181 2.30779e-05 0.0097835 7.3634e-11 0.0166741 0.0124832 0.0125343 0.0001606 0.0508833 7.39397e-06 0.00150515 0.00694489 0.00273233 4.43326e-07 0.0277957 
1.55591e-06 0.106037 5.66701e-06 0.585246 0.00741985 0.00121321 0.0199078 2.17475e-05 0.0275677 0.00013325 0.115759 0.00159713 0.00207767 0.000121495 0.00256635 0.120224 0.00915372 1.17044e-08 0.000946338 
1.98267e-05 0.0764548 1.92163e-05 0.879571 0.00377762 1.02303e-05 0.000196075 1.66523e-12 0.000833648 0.000315306 0.0094479 1.52109e-05 0.0171957 1.89617e-08 0.00692238 0.00384169 0.000558608 4.45264e-07 0.000820401 
0.000227726 0.177431 0.000136451 0.653892 0.0443998 0.00029762 0.000556798 2.53139e-06 0.0343078 0.00197537 0.00857036 0.00126833 0.0286494 1.92257e-06 0.0117614 0.0126135 0.00318686 2.92221e-06 0.0207187 
6.77558e-05 0.0395602 2.18361e-05 0.598229 0.224444 0.000702469 0.000315993 6.65361e-12 0.0400673 0.00698316 0.00339668 0.000186273 0.0577218 3.51215e-06 0.0076702 0.0124075 0.00774787 3.49424e-05 0.00043979 
3.78403e-05 0.0959332 1.22203e-05 0.726698 0.00292137 6.29949e-05 0.00240248 1.36006e-07 0.00220705 0.00154634 0.080719 0.00051502 0.0114281 5.39835e-06 0.0292394 0.0264386 0.000919239 1.00697e-05 0.0189037 
0.000155637 0.302652 0.000151465 0.372966 0.107796 5.8762e-07 0.00277143 4.12762e-10 0.0385114 0.0548909 0.0440172 0.0619022 0.000251929 1.84662e-07 0.00463269 0.00602171 0.000418186 3.83365e-07 0.00285885 
0.00324176 0.10286 0.00940712 0.350616 0.117832 0.0235823 0.00483588 4.40913e-05 0.0778251 0.0702894 0.0415644 0.0229862 0.0939632 0.00350404 0.0436709 0.0265921 0.00464589 2.7316e-05 0.00251267 
0.0404729 0.115629 4.47264e-09 0.630919 0.0055949 0.000741269 0.00648771 8.33362e-09 0.00137318 0.00102254 0.00249308 0.000140447 0.131119 2.90668e-09 8.92001e-05 0.014129 7.90307e-05 2.79224e-08 0.0497093 
2.42417e-05 0.124693 0.00494019 0.619823 0.126179 6.19265e-05 0.000803616 1.63334e-08 0.0013801 0.00241 0.00419651 0.000308483 0.00491311 2.95172e-09 0.000222134 0.064891 0.0111383 0.000243356 0.0337718 
0.000265727 0.21619 0.000656521 0.369748 0.056057 0.000439736 0.0193406 1.27063e-06 0.0321054 0.0116906 0.150501 4.49451e-05 0.0520492 0.0523335 0.0215398 0.0028819 0.00780521 7.71347e-07 0.00634781 
0.00617297 0.27321 0.00252948 0.411976 0.0256325 0.00320494 0.00761302 2.62654e-05 0.104912 0.0621031 0.0207246 0.00109596 0.0217173 1.72199e-05 0.0110401 0.0207414 0.00918789 1.60654e-05 0.0180792 
0.000218732 0.12156 0.0270925 0.684968 0.0593804 1.06783e-05 0.00121115 9.24078e-13 0.000792502 0.00512782 0.0138025 0.000196603 0.00572043 1.14154e-08 0.0110965 0.013449 0.00155185 0.000241866 0.0535788 
0.0323741 0.127823 0.000257053 0.43238 0.0146421 0.000791835 0.00202009 2.25368e-07 0.0209473 0.00361611 0.0451673 0.00647187 0.273975 0.000869402 0.00969731 0.0072183 0.000784733 4.96139e-05 0.0209142 
3.07272e-05 0.0710564 1.26386e-05 0.8538 0.0193858 2.97333e-05 0.000391031 4.9553e-12 0.00322823 0.000665523 0.015471 0.00145595 0.0202721 8.69527e-09 0.00209242 0.00439202 0.000406791 9.54839e-07 0.00730901 
3.68853e-09 0.216537 5.14066e-08 0.72826 0.0407723 5.76996e-05 4.32553e-05 2.68494e-12 0.00944559 3.43464e-08 0.000159733 1.79072e-05 0.00399871 2.27732e-12 3.24635e-06 3.63298e-08 0.000394333 4.67392e-09 0.000310775 
3.98281e-06 0.123838 5.10277e-06 0.373348 0.143433 0.00012354 0.0391012 0.000144101 0.0434176 0.00399235 0.102537 0.00172964 0.0291666 9.35899e-07 0.00166158 0.118072 0.00105187 3.7077e-05 0.0183373 
0.0001141 0.0846897 0.0704483 0.29618 0.16969 0.00629755 0.0109184 4.92666e-06 0.0214345 0.0189333 0.11219 0.000212585 0.164565 0.000543034 0.0120573 0.0248263 0.00541372 1.25371e-05 0.00146931 
0.00332354 0.149848 0.000147005 0.38919 0.0271502 0.0054486 0.000838864 2.22841e-06 0.164481 0.00281574 0.0138114 0.00120824 0.171052 0.000105997 0.00741281 0.0412274 0.000651146 1.57981e-09 0.0212852 
0.00440974 0.223867 3.89815e-05 0.655996 0.0114001 3.56933e-05 0.0140544 2.04188e-08 0.00388665 0.000825288 0.0379428 1.16101e-05 0.0278847 0.000253061 0.00767827 0.00941208 0.000175974 1.91425e-06 0.00212547 
0.0404729 0.115629 4.47264e-09 0.630919 0.0055949 0.000741269 0.00648771 8.33362e-09 0.00137318 0.00102254 0.00249308 0.000140447 0.131119 2.90668e-09 8.92001e-05 0.014129 7.90307e-05 2.79224e-08 0.0497093 
0.0218789 0.0652031 0.000669647 0.527978 0.0420603 0.0121726 0.0100781 0.000367857 0.0331202 0.0648782 0.0377838 0.00223054 0.120139 0.0168061 0.0263899 0.0118079 0.00532077 7.96935e-05 0.00103563 
0.000456832 0.232789 0.000378316 0.282112 0.043823 0.000868403 0.0429683 4.53771e-08 0.0451617 0.0286572 0.0488153 0.000218024 0.25774 0.00017375 0.000535994 0.00526976 0.000418634 7.26633e-09 0.00961476 
0.000794406 0.144969 0.000671648 0.355706 0.0381934 0.00118257 0.00514031 4.12288e-05 0.0871865 0.00296911 0.0667027 0.0055854 0.237874 7.37076e-06 0.00861525 0.0335058 0.00359429 6.25401e-06 0.00725572 
4.09929e-06 0.00608171 4.46122e-08 0.7944 0.171946 0.00124993 4.45664e-05 4.33655e-07 0.00736388 0.000216923 0.00131504 0.00036479 0.00378539 5.13055e-07 0.000188546 0.00435732 0.00865521 2.94572e-06 2.30384e-05 
0.0078882 0.0620479 0.0911584 0.282565 0.0451755 0.00462126 0.040255 4.39736e-06 0.0798875 0.163376 0.0347374 4.57629e-05 0.0113412 7.34076e-07 0.0419479 0.107814 0.021691 0.000144133 0.00529867 
0.00160758 0.181949 0.000257289 0.204016 0.0445929 0.0579387 0.00104649 8.03817e-06 0.125306 0.00162043 0.0742524 0.00017916 0.196596 0.000189742 0.00114286 0.103902 0.00180719 3.34381e-05 0.00355429 
0.000455356 0.0366679 0.156115 0.467424 0.0197332 0.000276365 0.00139676 0.000240198 0.0579496 0.121653 0.0411854 0.00109838 0.0122077 8.31384e-05 0.00598127 0.0318429 0.0307919 2.53405e-05 0.0148726 
0.000965777 0.205809 9.49299e-05 0.435166 0.0127712 0.00485022 0.003029 1.503e-05 0.151267 0.00938759 0.0573203 0.00724223 0.02669 0.00016343 0.00840326 0.0581852 0.000138219 7.38214e-08 0.0185012 
0.0394354 0.0040347 3.97254e-06 0.25221 0.202097 0.00881055 0.00182807 3.02168e-07 0.183613 0.241049 0.019942 0.00258263 0.0246648 0.000640247 0.00120615 0.0115075 0.00499057 1.45836e-05 0.00136951 
4.55777e-05 0.0582405 7.72584e-06 0.907216 0.00431677 5.61451e-05 7.84675e-05 1.25323e-11 0.00253615 0.000505284 0.00578792 2.48988e-05 0.0139209 3.02366e-08 0.00345871 0.00321661 0.000223561 1.81807e-07 0.000364355 
0.0024364 0.149382 0.0016347 0.321491 0.0995291 0.051565 8.329e-05 6.06254e-12 0.0623334 0.0143192 0.0995647 0.0092741 0.0470998 0.000336284 0.089133 0.0125918 0.00287726 6.60394e-07 0.0363481 
0.000831445 0.0378037 0.00169522 0.308532 0.0263668 0.000360878 0.00301625 7.20752e-06 0.258979 0.0145133 0.0162176 0.0159692 0.280271 1.47345e-05 0.00409102 0.0136474 0.0162806 6.33842e-08 0.00140225 
4.97746e-05 0.416024 7.73855e-05 0.445244 0.0208763 0.0003107 0.00175553 3.62865e-11 0.00356269 0.0100798 0.0319425 6.76069e-05 0.0648099 6.49741e-05 0.00172477 0.00152384 0.000558903 1.55912e-07 0.00132682 
1.3669e-06 0.302302 0.000132885 0.618885 0.0125642 8.24275e-05 0.000337871 1.4304e-11 0.0243493 0.00588335 0.00915721 2.28288e-05 0.0244352 1.13156e-08 0.000325372 0.00103425 0.000348631 4.4801e-07 0.000138144 
0.000142721 0.216092 2.0032e-05 0.66969 0.00528916 2.15788e-07 0.0102057 7.39591e-08 0.00735343 0.00175192 0.0347788 0.000294173 0.0454921 0.000295268 0.00431658 0.00148607 0.000431155 8.34877e-07 0.00235967 
1.64699e-05 0.110273 6.78332e-06 0.815077 0.0251043 2.06027e-05 0.00269289 1.32772e-11 0.00261439 0.000754584 0.0136348 0.000872606 0.015154 8.26771e-09 0.00170671 0.00705847 0.000306555 5.14917e-07 0.00470581 
6.51978e-06 0.241109 3.80871e-05 0.276132 0.232619 1.01809e-05 0.00581254 1.11884e-10 0.0950756 0.0252365 0.074195 0.00818118 0.0019446 1.98092e-07 0.0168701 0.00967258 0.00172377 7.98497e-05 0.0112938 
0.000211702 0.365702 0.000285568 0.425238 0.06557 0.000949805 0.0101338 7.28884e-11 0.0209749 0.0496736 0.0182267 0.000143238 0.0303524 0.000137608 1.35645e-05 0.005639 0.00626992 7.5575e-06 0.00047056 
1.64699e-05 0.110273 6.78332e-06 0.815077 0.0251043 2.06027e-05 0.00269289 1.32772e-11 0.00261439 0.000754584 0.0136348 0.000872606 0.015154 8.26771e-09 0.00170671 0.00705847 0.000306555 5.14917e-07 0.00470581 
3.72365e-05 0.0131106 1.10132e-05 0.800596 0.107999 0.000487964 2.67068e-05 1.27646e-12 0.00285506 0.00125275 0.00152212 9.03423e-05 0.0408861 4.82994e-06 0.01736 0.0124521 0.000832984 1.60509e-05 0.000458835 
4.12605e-05 0.0428104 5.58861e-07 0.626439 0.231374 0.000151759 0.000466218 9.0806e-12 0.00137776 0.00195065 0.00345465 0.00045585 0.0626885 3.30962e-08 0.000953676 0.0227047 0.00473096 1.02806e-05 0.000389855 
0.000190282 0.194211 7.10875e-05 0.429106 0.0808017 0.000103245 0.0060577 9.15755e-08 0.220098 0.00150603 0.00291808 0.000740963 0.0300365 2.83863e-05 0.00432108 0.0260684 0.00112758 2.06027e-06 0.00261276 
0.000405351 0.158668 6.98608e-09 0.460513 0.00671632 3.81431e-08 0.00116474 1.03088e-11 6.4935e-05 0.000545069 0.000438237 0.000115999 0.293537 4.01769e-09 0.000126321 0.00518137 0.000120444 7.79896e-12 0.072404 
4.71984e-07 0.0921442 0.00018152 0.870293 0.0145766 1.11388e-08 0.00219571 1.66561e-11 0.00090947 0.00202938 0.00204251 3.82583e-05 2.84845e-05 1.41274e-11 1.72418e-06 0.0154823 8.53267e-08 1.59676e-07 7.59234e-05 
7.62047e-06 0.0523968 1.22461e-06 0.426283 0.313821 2.57621e-06 1.82799e-06 2.27828e-09 0.0080294 0.142485 0.00197393 5.38717e-05 0.00717282 1.22927e-06 0.0420328 0.00554583 0.000153473 3.5275e-05 2.4057e-06 
3.72365e-05 0.0131106 1.10132e-05 0.800596 0.107999 0.000487964 2.67068e-05 1.27646e-12 0.00285506 0.00125275 0.00152212 9.03423e-05 0.0408861 4.82994e-06 0.01736 0.0124521 0.000832984 1.60509e-05 0.000458835 
0.00332354 0.149848 0.000147005 0.38919 0.0271502 0.0054486 0.000838864 2.22841e-06 0.164481 0.00281574 0.0138114 0.00120824 0.171052 0.000105997 0.00741281 0.0412274 0.000651146 1.57981e-09 0.0212852 
0.000134053 0.287016 0.00198631 0.300228 0.0464356 0.00225613 0.0141076 3.62935e-06 0.0843575 0.00575207 0.0557533 0.00104758 0.104784 0.0001697 0.0189831 0.0641333 0.0110007 4.46057e-05 0.00180714 
0.000135323 0.0912897 0.00167074 0.395991 0.0535908 8.03557e-05 0.00914729 1.31718e-07 0.0241637 0.122847 0.286219 0.00150701 0.00837922 5.65984e-05 0.00116456 0.000890123 0.000115321 6.50564e-05 0.00268671 
0.000258482 0.104689 0.000203071 0.33178 0.230286 0.000300362 0.0797342 1.87948e-06 0.0440852 0.0356254 0.0601824 0.00401384 0.0510319 0.00841396 0.0129099 0.0324664 0.00273142 7.9468e-05 0.00120709 
0.000128865 0.159473 1.03685e-06 0.253856 0.222727 4.51691e-06 0.00196957 2.58477e-09 0.0497855 0.000383948 0.000315181 4.06964e-05 0.112843 6.69702e-08 3.97688e-05 0.0245293 0.0213629 1.95547e-09 0.152539 
0.00228962 0.198967 4.77224e-05 0.214539 0.0803476 0.000718797 0.0135524 0.00240965 0.0205332 0.00940247 0.178922 0.000107078 0.0234693 0.000221988 0.10466 0.113337 0.0122124 2.47813e-05 0.024239 
3.07272e-05 0.0710564 1.26386e-05 0.8538 0.0193858 2.97333e-05 0.000391031 4.9553e-12 0.00322823 0.000665523 0.015471 0.00145595 0.0202721 8.69527e-09 0.00209242 0.00439202 0.000406791 9.54839e-07 0.00730901 
6.05054e-05 0.194338 0.105688 0.31992 0.0709983 1.42125e-06 0.124538 9.81156e-09 0.081999 0.00275251 0.0715238 0.00882935 0.00970685 8.32198e-09 0.00959746 8.27108e-06 3.46353e-05 8.99872e-08 3.56951e-06 
3.31532e-05 0.0203748 2.21291e-06 0.581799 0.285884 0.000172919 0.000162058 6.65655e-10 0.0210737 0.00327156 0.0011158 0.00103745 0.00942727 4.19787e-05 0.000621842 0.0150452 0.059862 1.29592e-05 6.27303e-05 
3.07272e-05 0.0710564 1.26386e-05 0.8538 0.0193858 2.97333e-05 0.000391031 4.9553e-12 0.00322823 0.000665523 0.015471 0.00145595 0.0202721 8.69527e-09 0.00209242 0.00439202 0.000406791 9.54839e-07 0.00730901 
4.24319e-06 0.184194 0.000138927 0.413953 0.139096 0.00945924 0.00353067 1.5602e-08 0.0765014 0.00399209 0.02524 0.000137688 0.0443578 3.54095e-06 0.0222107 0.010571 0.0655566 6.69778e-06 0.00104624 
1.80258e-05 0.26207 0.000336286 0.601722 0.00756323 0.00112196 0.0101886 3.80179e-09 0.0205993 0.000732346 0.00606182 0.0093705 0.0458887 2.30173e-06 0.000569481 0.00695416 0.000146707 6.94149e-12 0.0266539 
1.62412e-05 0.0721079 1.83201e-05 0.838118 0.000767749 3.25029e-06 0.000386328 1.76684e-12 0.000169537 0.000209231 0.0300699 0.000313701 0.00428517 8.08728e-06 0.0368941 0.00358928 0.000319282 3.15637e-06 0.0127212 
8.53946e-05 0.132583 5.02351e-06 0.413842 0.295068 0.0142429 0.000857678 1.16576e-07 0.00790035 0.00322926 0.00637324 0.000659608 0.071146 3.10454e-05 0.0036713 0.045427 0.0041076 5.74172e-05 0.000713527 
0.000283851 0.0359052 0.000126644 0.341047 0.326829 0.0395139 0.00216403 3.80171e-09 0.112776 0.00228388 0.0217611 0.00691377 0.027299 0.0389078 0.0130406 0.00897872 0.000459927 2.41466e-05 0.0216855 
0.105367 0.0342799 0.000551356 0.255001 0.127059 0.0112521 0.0578513 0.000163958 0.082943 0.0872394 0.00892789 0.00298955 0.0229492 0.000133204 0.000956086 0.0227574 0.00106994 0.173756 0.00475212 
3.49352e-05 0.183273 2.32024e-05 0.414484 0.0189916 0.000986426 0.00141264 8.82696e-08 0.0380296 0.0131275 0.00751996 1.60161e-05 0.256415 7.44517e-06 0.00306882 0.0511013 0.0110743 1.78618e-07 0.000434566 
0.00212814 0.249106 0.000212476 0.3558 0.0410867 0.000410347 0.0199831 2.19364e-10 0.0663628 0.00924421 0.0591097 0.00500081 0.0698254 4.57496e-05 0.0168203 0.0621067 0.00966921 0.0132058 0.0198821 
0.000155247 0.0100804 1.06116e-10 0.327707 0.108434 0.0023484 0.025702 1.62397e-10 0.0405209 0.0039079 0.0169672 0.000667784 0.00351526 2.15502e-07 0.0151416 0.112566 0.206474 1.88531e-08 0.125811 
7.92801e-05 0.062226 2.90649e-05 0.806748 0.0170901 7.42959e-06 0.00324078 8.82174e-09 0.0239809 0.00551886 0.0145825 0.00011104 0.0123663 3.70394e-06 0.0251302 0.00869197 0.0172806 2.86435e-06 0.0029106 
0.000100455 0.0102602 7.28869e-06 0.826283 0.0836102 0.000201613 1.48371e-05 8.25648e-09 0.00920002 0.00584176 0.00275624 0.00193079 0.0269754 5.65565e-06 0.028302 0.000734707 4.09283e-05 3.37302e-05 0.00370114 
0.000157885 0.101271 7.55497e-05 0.601583 0.126963 0.000209108 0.00281901 5.49513e-10 0.0206664 0.0870082 0.0312308 0.00316732 0.00923002 0.0018181 0.00129971 0.00863427 0.002393 2.38407e-05 0.00144949 
1.62412e-05 0.0721079 1.83201e-05 0.838118 0.000767749 3.25029e-06 0.000386328 1.76684e-12 0.000169537 0.000209231 0.0300699 0.000313701 0.00428517 8.08728e-06 0.0368941 0.00358928 0.000319282 3.15637e-06 0.0127212 
1.64699e-05 0.110273 6.78332e-06 0.815077 0.0251043 2.06027e-05 0.00269289 1.32772e-11 0.00261439 0.000754584 0.0136348 0.000872606 0.015154 8.26771e-09 0.00170671 0.00705847 0.000306555 5.14917e-07 0.00470581 
0.0183874 0.165864 0.011494 0.268038 0.0238895 0.00567711 0.0379664 0.00132522 0.0529218 0.0283572 0.164669 0.00251889 0.167332 0.000490038 0.0124157 0.0244935 0.00597179 1.60418e-05 0.00817235 
0.000110091 0.11443 0.00020074 0.434175 0.124604 0.00152462 0.0947742 1.20574e-07 0.0942023 0.0364372 0.0279487 0.00116783 0.014934 0.0110131 0.00404631 0.0230535 0.0159812 1.11957e-05 0.00138582 
0.000458921 0.305344 0.0439964 0.510707 0.0232342 0.000169381 0.0049426 3.71562e-09 0.0139297 0.0017808 0.0462327 0.00172035 0.029072 0.000140763 0.00058572 0.00946575 0.000863768 3.50536e-05 0.00732073 
4.71984e-07 0.0921442 0.00018152 0.870293 0.0145766 1.11388e-08 0.00219571 1.66561e-11 0.00090947 0.00202938 0.00204251 3.82583e-05 2.84845e-05 1.41274e-11 1.72418e-06 0.0154823 8.53267e-08 1.59676e-07 7.59234e-05 
6.35854e-05 0.0907489 5.89322e-05 0.32094 0.0443015 0.000672668 0.00836039 3.78495e-06 0.0307694 0.103336 0.0517237 0.000677775 0.0458033 0.000220662 0.00180882 0.296096 0.00130927 0.000107419 0.00299737 
1.18977e-05 0.162391 1.15344e-05 0.79788 0.00749655 1.01913e-05 0.000295967 2.65488e-12 0.00469845 0.000189189 0.00727943 1.27548e-05 0.0118747 1.50001e-08 0.00418716 0.00230504 0.000651691 2.677e-07 0.000704344 
9.3162e-05 0.0343847 1.63544e-05 0.554691 0.172775 0.00242674 8.75729e-05 1.75294e-12 0.0210966 0.00624193 0.00943112 0.000229083 0.134955 1.72907e-05 0.0201477 0.0345387 0.00823122 8.19098e-05 0.000554672 
1.62412e-05 0.0721079 1.83201e-05 0.838118 0.000767749 3.25029e-06 0.000386328 1.76684e-12 0.000169537 0.000209231 0.0300699 0.000313701 0.00428517 8.08728e-06 0.0368941 0.00358928 0.000319282 3.15637e-06 0.0127212 
2.65689e-05 0.129071 9.60976e-05 0.389888 0.289543 0.00105706 0.00118819 2.48396e-09 0.0618759 0.00371113 0.00693759 0.000485171 0.070523 0.000204747 0.0189927 0.0168943 0.00937571 1.04341e-05 0.000119942 
0.000565709 0.240016 0.000105756 0.43189 0.0250968 0.000856857 0.00748451 7.40133e-09 0.0484828 0.00644572 0.0239217 0.000233423 0.0183052 4.68016e-05 0.0114658 0.0713218 0.110088 5.06408e-07 0.00367316 
0.00134802 0.125182 0.00124508 0.580762 0.0752146 0.00466986 0.000872969 6.33498e-09 0.0231937 0.0241569 0.0316554 0.00502058 0.0410389 0.00013709 0.0522363 0.013538 0.00370258 5.41973e-06 0.0160203 
4.19108e-05 0.117019 1.90431e-05 0.413611 0.231381 0.000242432 0.00351593 3.07846e-08 0.0194951 5.03371e-05 0.0230344 0.000197735 0.0270778 0.00264508 0.0378115 0.050059 0.0720254 1.22295e-05 0.00176074 
4.58343e-08 0.0863026 0.0338779 0.70086 0.00730678 3.4879e-08 0.0161543 6.98521e-08 0.00729277 0.0155486 0.0496661 8.27582e-05 0.000399949 1.58441e-06 0.0528013 0.00508785 0.000276848 8.5944e-08 0.0243407 
1.09655e-05 0.0553877 5.17149e-06 0.661234 0.0211942 0.000331939 0.00364238 1.11657e-06 0.0616339 0.00735359 0.00689121 4.03932e-05 0.0123872 6.70755e-05 0.00663235 0.0159478 0.146433 7.84858e-07 0.000805664 
6.79053e-05 0.0720699 5.40419e-06 0.294865 0.180355 3.20419e-05 0.00593169 0.000356051 0.105746 0.0251465 0.0196614 0.000370607 0.0168051 4.55199e-08 0.00324839 0.0214246 0.253815 2.26111e-05 7.77055e-05 
0.00010462 0.391473 0.0102942 0.495226 0.0013636 0.00196285 0.00524104 4.3475e-07 0.00614619 0.00202871 0.0546405 0.000103662 0.00567546 9.90333e-06 0.0163259 0.00768517 0.000655453 3.57866e-06 0.00105999 
0.0012811 0.159284 0.00713681 0.40113 0.0122809 0.00113966 0.037873 4.70867e-05 0.0367455 0.180649 0.0667128 0.000764654 0.0515492 0.00151822 0.013993 0.0171904 0.000883415 4.84476e-05 0.00977231 
1.64699e-05 0.110273 6.78332e-06 0.815077 0.0251043 2.06027e-05 0.00269289 1.32772e-11 0.00261439 0.000754584 0.0136348 0.000872606 0.015154 8.26771e-09 0.00170671 0.00705847 0.000306555 5.14917e-07 0.00470581 
0.00326833 0.0866297 0.00876362 0.253823 0.191641 0.00245155 0.000830684 4.92671e-08 0.233567 0.0487755 0.0524667 0.00248963 0.0251 0.000660076 0.0196185 0.0412149 0.0165705 6.20638e-05 0.0120673 
4.26886e-05 0.0227993 0.0399465 0.861054 0.063256 3.25998e-07 1.35995e-06 6.01134e-08 0.00732464 2.17441e-05 0.00155802 0.000186347 0.000416681 5.92033e-05 2.84935e-07 0.00178003 0.0014753 2.1658e-06 7.51081e-05 
6.09266e-05 0.0640165 1.57662e-08 0.395901 0.190562 0.000312565 0.000426851 8.3828e-12 0.0240959 0.0103181 0.00665719 4.06551e-05 0.00271696 7.11013e-12 0.00868184 0.0420844 0.243249 4.8388e-09 0.0108764 
0.000247578 0.051927 0.000113017 0.776836 0.0520639 0.000825299 0.000589452 4.41818e-08 0.0124146 0.0083206 0.0114131 0.00095275 0.0623914 8.41364e-05 0.0120106 0.0067018 0.000557185 9.89817e-06 0.00254184 
4.55777e-05 0.0582405 7.72584e-06 0.907216 0.00431677 5.61451e-05 7.84675e-05 1.25323e-11 0.00253615 0.000505284 0.00578792 2.48988e-05 0.0139209 3.02366e-08 0.00345871 0.00321661 0.000223561 1.81807e-07 0.000364355 
6.79053e-05 0.0720699 5.40419e-06 0.294865 0.180355 3.20419e-05 0.00593169 0.000356051 0.105746 0.0251465 0.0196614 0.000370607 0.0168051 4.55199e-08 0.00324839 0.0214246 0.253815 2.26111e-05 7.77055e-05 
5.44052e-05 0.389475 2.05353e-05 0.429362 0.0979927 0.000704682 0.0057208 7.31166e-11 0.00692741 0.00111644 0.0137825 2.03009e-05 0.0476425 0.000177618 3.07234e-05 0.00572806 0.00122939 1.41278e-08 1.51649e-05 
6.05097e-05 0.137028 0.00398005 0.65366 0.00647885 0.000140625 0.0104401 8.4542e-06 0.0457905 0.02677 0.0269542 0.000232408 0.0478804 9.33988e-05 0.00785614 0.0282244 0.000208917 8.26331e-06 0.00418539 
3.68853e-09 0.216537 5.14066e-08 0.72826 0.0407723 5.76996e-05 4.32553e-05 2.68494e-12 0.00944559 3.43464e-08 0.000159733 1.79072e-05 0.00399871 2.27732e-12 3.24635e-06 3.63298e-08 0.000394333 4.67392e-09 0.000310775 
0.00023286 0.0336652 0.000160518 0.372267 0.0157094 4.16312e-06 0.0146725 3.7348e-09 0.00276622 0.162639 0.240441 0.000736742 0.0998353 3.16778e-09 0.000630502 0.0422272 6.9903e-05 2.82551e-09 0.0139419 
0.00663509 0.285333 0.00104938 0.319174 0.176952 0.0116058 0.0041401 8.3334e-07 0.0410547 0.0298554 0.0256375 0.00443077 0.0638302 0.000377691 0.00879441 0.00889348 0.00501404 4.91644e-05 0.00717221 
0.00507615 0.105683 0.00119424 0.700697 0.0198735 0.000733015 0.00855048 7.90417e-09 0.0125944 0.00340878 0.0419032 0.000162843 0.0211989 1.23419e-05 0.013026 0.0577469 0.00681904 3.65548e-06 0.00131607 
5.01526e-08 0.0503828 0.0564603 0.651537 0.0121777 3.81627e-08 0.0096705 6.1514e-08 0.00236408 0.0131021 0.072694 0.00013788 0.000163473 1.45816e-06 0.0880014 0.0026328 0.000107547 9.40374e-08 0.0405672 
1.62523e-06 0.218103 5.32424e-05 0.688008 0.0111532 2.5276e-07 0.000177562 5.00596e-08 0.047264 0.00115857 0.0110702 4.98126e-05 0.00231214 6.78843e-08 0.01021 1.23897e-07 0.0034933 1.26709e-08 0.00694524 
4.81782e-05 0.200298 8.27477e-05 0.646878 0.0509942 1.24672e-05 0.00301588 2.14777e-11 0.0291194 0.0196898 0.00939372 0.000570275 0.0275477 5.1482e-07 0.000556178 0.00993725 0.00163412 4.25631e-07 0.000220876 
2.95949e-05 0.208054 9.41783e-05 0.690127 0.0325257 0.000486478 0.00174527 4.19248e-08 0.0108124 0.00186739 0.0151457 0.000470848 0.0265455 1.69707e-10 0.00326665 0.00183368 0.000638812 3.2388e-06 0.00635333 
1.22835e-05 0.14041 0.0208379 0.723445 0.017374 4.65113e-05 0.00910821 4.12027e-08 0.00881398 0.00941079 0.0263435 6.85116e-05 0.00143481 9.10586e-07 0.0257507 0.00332251 0.000404351 6.41699e-06 0.0132092 
6.65592e-06 0.303715 0.000550846 0.602538 0.00441554 3.58969e-08 0.000196265 6.0745e-07 0.000434448 0.00099185 0.0325919 0.000738682 0.00488035 6.9797e-07 0.00276156 0.0441206 4.03514e-05 5.0045e-08 0.00201655 
0.0125994 0.119141 3.25857e-05 0.351061 0.0329762 0.000807125 0.00190517 0.00965015 0.0548131 0.00352181 0.0341736 0.00113453 0.0350604 0.0002127 0.158692 0.0541573 0.108164 2.17644e-06 0.0218952 
4.7209e-06 0.0446243 5.71436e-07 0.664679 0.0131776 0.00033465 0.00118734 1.95844e-09 0.0335347 0.000923659 0.00552248 5.6491e-06 0.011563 0.000125112 0.0123801 0.0184507 0.192374 1.45543e-06 0.00111134 
0.000233616 0.166305 0.000528696 0.575821 0.0856671 0.000195088 0.0041306 2.51727e-07 0.0067185 0.0120035 0.0544427 0.000248533 0.0226964 8.97499e-06 0.0207044 0.0283828 0.0113958 8.39942e-06 0.0105081 
0.00136564 0.171381 0.000377255 0.259842 0.0170163 0.128965 0.0298912 3.72074e-07 0.0458424 0.0184252 0.0937855 0.014641 0.174826 0.000769928 0.0152496 0.00647017 0.0173076 3.90846e-06 0.00384012 
6.08749e-05 0.133751 0.000271756 0.251861 0.0605612 0.00185825 0.0715196 1.86987e-10 0.175793 0.00821828 0.118385 0.000751962 0.0156935 0.000583901 0.00881367 0.0983559 0.0486253 0.000185349 0.00470946 
0.000120284 0.0129853 3.05179e-05 0.77946 0.0185332 4.97745e-05 0.000440007 2.86868e-06 0.0085164 0.139976 0.0295811 0.000154228 0.000589318 0.000316187 2.71014e-06 0.0015133 9.55485e-05 1.37611e-05 0.00761914 
0.00021093 0.000686989 0.00305858 0.962471 0.000225714 0.000659895 0.0030341 2.45055e-07 0.00680659 0.0171877 0.00144382 1.1217e-07 0.000620753 2.07851e-07 0.000391748 0.00148838 0.00139733 0.000315353 5.86084e-08 
0.00352241 0.114523 0.000225775 0.505518 0.141421 0.00096089 0.00141987 1.72415e-11 0.0494169 0.00284591 0.0526929 0.000974044 0.0720134 0.00462167 0.0144475 0.0245227 0.0088688 2.01818e-05 0.00198518 
1.64699e-05 0.110273 6.78332e-06 0.815077 0.0251043 2.06027e-05 0.00269289 1.32772e-11 0.00261439 0.000754584 0.0136348 0.000872606 0.015154 8.26771e-09 0.00170671 0.00705847 0.000306555 5.14917e-07 0.00470581 
0.000364789 0.140084 5.72805e-06 0.310275 0.00979286 0.000529141 0.0208804 0.079963 0.0200993 0.0194169 0.116175 2.85213e-06 0.0824204 4.96017e-08 0.00671285 0.161991 0.0240468 1.00596e-06 0.00723777 
2.00674e-05 0.12485 0.000121339 0.688209 0.038488 6.36542e-05 0.00762348 1.44499e-10 0.00666362 0.115631 0.00521226 0.00092605 1.90862e-05 1.22561e-10 0.000165749 0.0103227 0.00162237 1.13679e-05 5.07976e-05 
0.000549485 0.135638 0.00866226 0.622083 0.0143179 5.2665e-05 0.00076226 2.22208e-11 0.026429 0.0268461 0.0452997 0.000241379 0.0693642 7.4067e-05 0.000711901 0.00203854 0.00142904 6.38994e-07 0.0454999 
2.64311e-05 0.190892 0.000412577 0.3594 0.0714666 0.00165264 0.0315664 1.69014e-05 0.0180242 0.0227711 0.107889 0.00110689 0.0430264 0.00367317 0.00875243 0.0825362 0.0174498 1.53051e-06 0.0393354 
0.0404729 0.115629 4.47264e-09 0.630919 0.0055949 0.000741269 0.00648771 8.33362e-09 0.00137318 0.00102254 0.00249308 0.000140447 0.131119 2.90668e-09 8.92001e-05 0.014129 7.90307e-05 2.79224e-08 0.0497093 
3.07272e-05 0.0710564 1.26386e-05 0.8538 0.0193858 2.97333e-05 0.000391031 4.9553e-12 0.00322823 0.000665523 0.015471 0.00145595 0.0202721 8.69527e-09 0.00209242 0.00439202 0.000406791 9.54839e-07 0.00730901 
0.0485585 0.2222 0.0260626 0.294223 0.178279 0.00205196 0.00230031 7.35615e-07 0.0705738 0.00191863 0.0353582 0.00123687 0.0623447 0.000268508 0.016746 0.0232545 0.00587867 0.000119411 0.00862438 
0.000219528 0.291587 0.00381508 0.379513 0.0541988 7.30024e-05 0.0124668 2.47934e-07 0.0149115 0.00945757 0.0340313 0.000142647 0.147949 8.13251e-05 0.00874073 0.0248745 0.00219236 1.0286e-05 0.0157351 
1.01267e-05 0.245586 5.47487e-05 0.345405 0.0608865 0.000284351 0.0326201 9.5518e-06 0.0314332 0.00255582 0.131434 0.000382337 0.0223264 2.56419e-05 0.0494747 0.0475093 0.0190896 8.84943e-06 0.0109042 
1.68357e-08 0.105697 2.26103e-08 0.469794 0.138076 1.88023e-08 2.4959e-07 1.38317e-10 0.000994142 2.74234e-06 0.0466889 1.01677e-07 0.00667685 1.17318e-10 0.0748902 0.156355 0.000804499 6.55751e-08 1.99504e-05 
4.93347e-05 0.238912 0.000423943 0.556284 0.00671567 0.000168088 0.00380742 9.68589e-06 0.0354459 0.000709021 0.0255361 0.0235355 0.0658945 1.54695e-05 0.00869318 0.0284234 0.000876393 1.91174e-06 0.00449863 
0.00533957 0.108219 0.000178523 0.495438 0.0173563 0.00120502 0.023954 0.000531573 0.068673 0.0192296 0.155283 0.000633682 0.051718 9.89416e-05 0.000247345 0.0486261 0.000886886 1.97349e-06 0.00237967 
0.000549485 0.135638 0.00866226 0.622083 0.0143179 5.2665e-05 0.00076226 2.22208e-11 0.026429 0.0268461 0.0452997 0.000241379 0.0693642 7.4067e-05 0.000711901 0.00203854 0.00142904 6.38994e-07 0.0454999 
0.00030813 0.284463 0.0031804 0.332952 0.12838 7.37488e-05 0.00096932 1.7351e-11 0.0928524 0.0157687 0.0337251 0.000470929 0.0501692 7.17543e-05 0.00119897 0.00850209 0.0261266 1.67467e-05 0.0207707 
5.01526e-08 0.0503828 0.0564603 0.651537 0.0121777 3.81627e-08 0.0096705 6.1514e-08 0.00236408 0.0131021 0.072694 0.00013788 0.000163473 1.45816e-06 0.0880014 0.0026328 0.000107547 9.40374e-08 0.0405672 
1.46987e-05 0.308003 0.000111771 0.601803 0.00889305 6.41979e-05 0.00134724 3.65903e-09 0.00184315 0.000240601 0.00383693 7.78953e-05 0.0497738 4.23934e-07 9.5944e-05 0.00254947 0.000120278 3.34005e-09 0.0212247 
0.082641 0.195584 3.36165e-11 0.281399 0.00844023 0.00251152 0.115207 2.83004e-07 0.0870407 0.20605 5.22633e-06 1.41529e-06 0.00307873 4.36355e-11 2.27239e-07 8.55298e-06 0.0122779 0.000855685 0.00489878 
0.00307703 0.170541 0.00582525 0.258996 0.127954 0.000322911 0.021252 1.89609e-07 0.0780398 0.0791484 0.169379 0.00332199 0.00372275 1.89667e-07 0.0171148 0.0145499 0.0363289 0.000550327 0.00987498 
0.000278267 0.265399 0.00065171 0.338982 0.105123 5.81998e-05 0.00100474 6.29434e-11 0.00538523 0.210657 0.0416145 0.00179176 0.0179182 0.000287194 0.000121648 0.00247276 0.000155351 8.34057e-05 0.00801493 
3.7269e-05 0.127575 0.000186082 0.47839 0.184628 0.000990087 0.00273072 2.01701e-09 0.029114 0.00475128 0.0306848 0.000292822 0.0931014 0.000152056 0.00934606 0.0297302 0.0080128 1.26933e-05 0.000264029 
8.9001e-06 0.217889 1.91016e-05 0.299532 0.262338 5.89193e-05 6.78084e-06 1.7558e-08 0.0199092 0.000795037 0.00114704 4.48001e-05 0.0104778 1.48924e-08 0.000721687 0.181231 0.00384095 1.59154e-07 0.00197964 
1.07152e-05 0.285992 0.00121856 0.52994 0.0358447 1.32714e-06 0.013496 5.31244e-10 0.0039389 0.0375554 0.0615904 0.00011526 0.000107581 8.35669e-07 0.0068515 0.00463378 0.00146496 7.10204e-05 0.017167 
0.0839796 0.0517751 0.00301762 0.251851 0.0553457 0.00181831 0.00972491 2.47071e-06 0.0827631 0.0736515 0.0902852 0.157278 0.10493 0.000472795 0.0125425 0.00648745 0.00754188 3.55526e-06 0.00652963 
5.43029e-05 0.0239265 2.44564e-08 0.481364 0.429007 5.42462e-05 0.000391464 1.32717e-12 0.00286492 0.0418121 0.00015637 0.000131849 0.000181877 1.12568e-12 7.0546e-05 0.00676786 0.0131547 3.83669e-05 2.44624e-05 
0.00437724 0.280632 1.55611e-05 0.384245 0.00569562 3.00021e-05 0.188442 3.46197e-05 0.00527505 0.0243286 0.0461078 0.000120185 0.00436221 6.88088e-07 0.00308737 0.00455455 0.000194756 6.6948e-08 0.0484968 
0.000126407 0.218913 0.000283618 0.256535 0.0784348 3.29171e-05 0.00211648 8.58604e-11 0.0877487 0.0166573 0.193106 0.00111944 0.0718172 1.66173e-07 0.0307044 0.0300683 0.00595093 1.61705e-07 0.00638573 
1.62412e-05 0.0721079 1.83201e-05 0.838118 0.000767749 3.25029e-06 0.000386328 1.76684e-12 0.000169537 0.000209231 0.0300699 0.000313701 0.00428517 8.08728e-06 0.0368941 0.00358928 0.000319282 3.15637e-06 0.0127212 
1.69544e-05 0.249362 1.19096e-06 0.444378 0.14983 9.88548e-05 0.0038467 6.65883e-11 0.00623054 0.00422055 0.0370464 0.000146292 0.0402117 3.70984e-06 0.0221974 0.036286 0.00570744 4.3193e-06 0.000412258 
8.94759e-06 0.0947741 3.71175e-05 0.807158 0.00102372 2.03776e-09 0.000320726 1.29278e-12 0.000504625 0.000639183 0.0558765 0.000596677 0.000577738 7.06063e-09 0.00659866 0.000780137 1.30682e-05 1.85969e-06 0.0310887 
0.000130027 0.0883942 0.000139085 0.749101 0.0338274 7.54234e-06 0.006518 6.15982e-10 0.00448173 0.0144599 0.0354818 0.000231688 0.0021195 3.89202e-06 0.0376387 0.0115592 0.0114718 6.57832e-06 0.00442791 
0.000191235 0.0692864 0.000150558 0.704281 0.0211056 0.000284758 0.00956909 0.00129493 0.148703 0.00099923 0.00722541 0.00101478 0.0202425 6.3866e-06 0.00213498 0.0100713 0.0031075 5.46477e-06 0.000325738 
0.000930839 0.0755708 0.00021617 0.444701 0.109971 0.00234286 0.0338841 1.20596e-10 0.0261543 0.03027 0.0499129 0.000810723 0.0272456 0.00168373 0.00798048 0.184411 0.0019758 7.50891e-07 0.00193752 
9.31441e-05 0.0873172 0.000185355 0.430649 0.369085 0.000518175 0.000335087 1.67698e-11 0.0108866 0.00829318 0.00338429 1.75464e-05 0.0498567 7.28288e-06 0.0240892 0.00756091 0.00718951 6.33375e-06 0.000525019 
0.000106698 0.047872 1.18516e-05 0.54158 0.220673 0.00186595 0.000535486 3.07188e-12 0.0307353 0.00546707 0.00990145 0.000349919 0.0820045 0.0264073 0.0137946 0.0146729 0.00383663 2.03048e-05 0.000165184 
0.000102967 0.0402708 1.4467e-05 0.442454 0.355733 0.0027562 0.00044015 4.41893e-12 0.0448354 0.0100914 0.00434112 0.000403584 0.0378828 0.0462452 0.00186047 0.00982025 0.00267177 2.6649e-05 4.98481e-05 
3.79983e-05 0.143692 0.00046846 0.665186 0.0416253 0.00278124 0.00285787 3.01447e-09 0.0302431 0.00580686 0.040353 0.000578175 0.0492227 0.00045605 0.00637983 0.00872933 0.00128168 1.80512e-05 0.000282349 
