2.95847e-05 0.253128 5.16604e-05 0.633168 0.0106727 0.000902798 0.000953525 0.000260977 0.00508722 0.0572886 0.0148663 0.000333679 0.0113813 2.84736e-05 0.0010808 0.00133959 0.000318674 7.78166e-07 0.0091069 
0.000191235 0.0692864 0.000150558 0.704281 0.0211056 0.000284758 0.00956909 0.00129493 0.148703 0.00099923 0.00722541 0.00101478 0.0202425 6.3866e-06 0.00213498 0.0100713 0.0031075 5.46477e-06 0.000325738 
0.000145139 0.109637 0.000126174 0.56735 0.124479 1.41038e-05 0.00534097 4.32602e-07 0.0245813 0.0366667 0.0290407 0.000496183 0.0378288 3.26253e-08 0.0146227 0.0176136 0.0313549 0.000285907 0.000415909 
4.24383e-05 0.111574 0.0517318 0.377777 0.122616 0.00356561 0.0154443 1.44257e-09 0.0836123 0.0041378 0.0775489 0.00100292 0.00934781 1.07738e-05 0.0473475 0.0200256 0.072573 6.81618e-06 0.00163483 
3.57352e-05 0.0157876 4.41415e-06 0.497008 0.0240795 0.13612 0.00249479 1.18024e-06 0.0303528 0.0520013 0.0255923 0.00486541 0.056353 0.000173427 0.000117472 0.039809 0.000617808 2.82832e-07 0.114585 
1.95607e-05 0.181254 0.000198285 0.500545 0.124954 0.000619745 0.00910364 4.65911e-09 0.0399804 0.00307126 0.0184508 0.000216739 0.0473552 0.000297463 0.0191622 0.0362022 0.010177 1.36735e-05 0.00837913 
7.25113e-06 0.427822 4.72941e-05 0.444186 0.056751 5.46384e-05 0.00129542 1.2004e-11 0.0112205 0.00227285 0.011861 0.000102662 0.000788914 1.74322e-08 0.0176969 0.0185949 0.000132893 1.7604e-05 0.00714893 
0.0404729 0.115629 4.47264e-09 0.630919 0.0055949 0.000741269 0.00648771 8.33362e-09 0.00137318 0.00102254 0.00249308 0.000140447 0.131119 2.90668e-09 8.92001e-05 0.014129 7.90307e-05 2.79224e-08 0.0497093 
0.000389784 0.118561 0.00465186 0.542152 0.10641 3.90169e-08 0.00622648 2.55217e-09 0.028168 0.0248098 0.107408 0.00962968 0.00153477 8.32822e-08 0.000787284 0.0309566 0.00380405 2.55212e-05 0.0144845 
3.17278e-06 0.274331 1.78364e-05 0.282003 0.0143656 0.000990973 0.099468 0.00154507 0.0511242 0.000358354 0.0738556 0.00109719 0.0164477 5.87384e-06 0.00580519 0.115781 0.00107532 4.16123e-08 0.0617242 
0.000132002 0.111666 0.000800951 0.242164 0.228116 0.00230374 0.00566624 1.33039e-05 0.120705 0.0386902 0.0318493 0.00234078 0.0734888 2.32892e-05 0.0147139 0.0420431 0.0581576 0.000127824 0.0269984 
0.00865198 0.0573016 0.0500639 0.194155 0.104671 0.00379718 0.0157195 1.05322e-06 0.121352 0.0818739 0.079038 0.0149732 0.100225 0.00158136 0.0100247 0.141277 0.0116045 0.00368912 1.05483e-06 
1.4397e-05 0.0675351 5.05147e-05 0.343884 0.0223541 0.000241886 0.0201791 1.66972e-08 0.0842843 0.00124159 0.0228551 0.00037682 0.248749 0.000205007 0.00306357 0.170634 0.00555514 4.80279e-06 0.00877056 
0.000457133 0.163532 0.00397252 0.207867 0.114851 0.00430323 0.0157512 0.000739554 0.0937943 0.122011 0.0865048 0.000485238 0.00994183 0.000715605 0.00830436 0.0578918 0.10674 4.23097e-05 0.0020946 
3.07272e-05 0.0710564 1.26386e-05 0.8538 0.0193858 2.97333e-05 0.000391031 4.9553e-12 0.00322823 0.000665523 0.015471 0.00145595 0.0202721 8.69527e-09 0.00209242 0.00439202 0.000406791 9.54839e-07 0.00730901 
0.00827569 0.0673363 0.00163524 0.560516 0.0422037 0.00596496 0.021318 0.000251817 0.0818817 0.0154104 0.0434831 0.00750585 0.0561417 0.00155894 0.0095038 0.0552636 0.00990914 3.45365e-05 0.0118051 
0.000266007 0.262575 0.00484237 0.410683 0.0304943 7.93415e-06 0.00254894 1.45698e-07 0.0907555 0.0431208 0.0954592 0.0133387 0.0115829 1.49391e-05 0.0226084 0.00476216 0.00201578 2.09656e-06 0.00492216 
8.94759e-06 0.0947741 3.71175e-05 0.807158 0.00102372 2.03776e-09 0.000320726 1.29278e-12 0.000504625 0.000639183 0.0558765 0.000596677 0.000577738 7.06063e-09 0.00659866 0.000780137 1.30682e-05 1.85969e-06 0.0310887 
0.00298588 0.066807 0.000118999 0.306423 0.273782 0.00748362 0.133721 1.46272e-10 0.0701247 0.0440407 0.0176761 0.0169665 0.0313439 0.0082102 0.00545459 0.0137277 0.000479772 4.08034e-06 0.00065036 
0.000218732 0.12156 0.0270925 0.684968 0.0593804 1.06783e-05 0.00121115 9.24078e-13 0.000792502 0.00512782 0.0138025 0.000196603 0.00572043 1.14154e-08 0.0110965 0.013449 0.00155185 0.000241866 0.0535788 
0.000119125 0.0897895 0.000167058 0.694649 0.0435021 1.41832e-05 0.0100889 1.46453e-09 0.00868447 0.0201724 0.0411371 0.00023301 0.00293999 5.06133e-06 0.0551075 0.0109288 0.0161903 1.1619e-05 0.0062603 
0.000417788 0.138687 0.326905 0.41581 0.0106627 9.42355e-06 3.16784e-05 8.4387e-11 1.72824e-07 0.0213644 0.0564998 3.86269e-11 0.013513 2.03961e-07 0.000820632 1.15937e-06 1.92467e-11 6.38418e-11 0.0152767 
3.15301e-06 0.184475 1.11536e-05 0.754721 0.00666554 2.20642e-09 0.000150643 2.44421e-08 0.000740676 0.000191793 0.0208971 0.000290919 0.0113399 7.64252e-09 0.00197984 0.00906062 0.000144916 5.61554e-07 0.00932696 
4.09242e-08 0.332272 0.000322809 0.460101 0.11545 0.00122185 0.00363362 2.77467e-08 0.0171821 0.0173939 0.0129311 0.000342179 0.0106386 5.5059e-08 0.0172393 0.00308194 0.00799095 2.47701e-11 0.000198331 
0.000112753 0.113341 0.000113074 0.620353 0.0819098 0.000588718 2.14789e-05 1.92294e-06 0.0696461 0.00181754 0.00445046 0.000286754 0.0797388 1.90128e-05 0.023306 0.00100399 0.00319933 9.50649e-06 8.11337e-05 
1.60974e-06 0.230319 7.75001e-06 0.375304 0.00062637 0.00413627 0.164435 3.4481e-07 0.00584648 0.00101705 0.0993129 2.73471e-05 0.000705091 0.000145054 7.36573e-06 0.11262 0.000171194 2.60932e-06 0.00531454 
7.24159e-05 0.236659 0.000168396 0.301641 0.117155 0.000238787 0.0713141 0.000382739 0.0738674 0.00140738 0.018998 0.000818805 0.152757 1.21553e-06 0.00171416 0.0179181 0.00196648 9.26334e-06 0.00291075 
0.00241072 0.243488 8.15259e-05 0.436106 0.107775 0.000368634 0.00427115 9.00073e-12 0.0467428 0.00682037 0.0456259 0.00180105 0.0715181 0.000175958 0.00170294 0.0206985 0.00100623 0.00204174 0.00736581 
0.0666176 0.161581 0.00989658 0.609106 0.0393742 1.25497e-05 0.00121363 2.43022e-09 0.00511275 0.00401798 0.0268954 0.00014182 0.00400983 1.88681e-05 0.0220386 0.00482783 0.00207041 0.000293829 0.0427714 
1.51112e-06 0.437634 0.000415057 0.502181 0.00481133 6.35853e-09 0.00125898 4.32954e-13 0.00101346 0.000371274 0.0451335 5.83014e-05 0.0042568 1.76304e-09 0.000194325 0.000633692 1.10606e-09 2.21634e-06 0.00203445 
3.07272e-05 0.0710564 1.26386e-05 0.8538 0.0193858 2.97333e-05 0.000391031 4.9553e-12 0.00322823 0.000665523 0.015471 0.00145595 0.0202721 8.69527e-09 0.00209242 0.00439202 0.000406791 9.54839e-07 0.00730901 
6.18423e-05 0.21031 8.43801e-09 0.564814 0.114033 1.91855e-05 0.000842845 3.07386e-12 0.0776091 0.00286925 0.00030684 0.00558001 0.0140405 2.60719e-12 0.000979299 0.00733736 0.00100978 1.39762e-09 0.000186941 
2.46619e-07 0.287533 9.87669e-06 0.428975 0.204225 0.000144732 0.000624124 1.81237e-10 0.0136173 0.00413457 0.0297273 2.5025e-07 0.00926324 1.13198e-06 0.0177087 0.00295474 0.000928766 0.000129334 2.32938e-05 
5.95397e-05 0.0263448 1.87444e-08 0.825958 0.0288791 0.000391036 7.28678e-06 1.42788e-12 0.00644777 0.000534524 0.00203205 0.00013464 0.106276 1.8402e-09 5.54966e-05 0.0025327 0.000113968 7.5623e-06 0.000225509 
0.00388278 0.229688 0.00501521 0.240866 0.0485858 0.00287441 0.0303248 0.000894161 0.114363 0.0118759 0.040531 0.0017569 0.0606929 0.000711395 0.0158788 0.116735 0.0664611 0.000264932 0.00859856 
0.000638989 0.113848 0.000223377 0.460391 0.162955 0.00112502 0.0441276 4.37919e-06 0.0117894 0.0131595 0.0598345 0.000671458 0.0251871 0.002601 0.0474941 0.0315697 0.00514175 4.16408e-07 0.0192375 
4.26886e-05 0.0227993 0.0399465 0.861054 0.063256 3.25998e-07 1.35995e-06 6.01134e-08 0.00732464 2.17441e-05 0.00155802 0.000186347 0.000416681 5.92033e-05 2.84935e-07 0.00178003 0.0014753 2.1658e-06 7.51081e-05 
3.49352e-05 0.183273 2.32024e-05 0.414484 0.0189916 0.000986426 0.00141264 8.82696e-08 0.0380296 0.0131275 0.00751996 1.60161e-05 0.256415 7.44517e-06 0.00306882 0.0511013 0.0110743 1.78618e-07 0.000434566 
1.22835e-05 0.14041 0.0208379 0.723445 0.017374 4.65113e-05 0.00910821 4.12027e-08 0.00881398 0.00941079 0.0263435 6.85116e-05 0.00143481 9.10586e-07 0.0257507 0.00332251 0.000404351 6.41699e-06 0.0132092 
3.37621e-07 0.299864 0.000122125 0.457434 0.00111926 0.173231 0.00106304 8.65915e-09 2.07474e-05 2.61577e-06 7.06336e-06 1.42474e-05 1.48089e-05 4.77251e-07 9.1064e-10 0.0669449 0.000159253 6.55095e-09 1.68042e-06 
0.00114601 0.0868162 0.0301077 0.644318 0.00979975 0.00806265 0.00463865 2.92476e-05 0.0382501 0.00589577 0.105574 0.00105191 0.013432 0.000953615 0.010847 0.00363687 0.00358423 3.9125e-07 0.0318563 
0.00228019 0.0590328 0.000501958 0.571143 0.0768399 0.000866492 0.00137141 1.07909e-08 0.0384402 0.00236861 0.0476324 0.00275808 0.135953 8.06228e-05 0.00404571 0.0158779 0.00132425 3.97716e-07 0.0394827 
0.00211598 0.0363847 0.00110126 0.748837 0.0292139 0.0061328 0.000268487 3.67028e-08 0.0148319 0.00133836 0.015902 0.000850644 0.0772398 0.00018716 0.0423583 0.00941725 0.000653203 7.5328e-07 0.0131661 
0.0159117 0.0641145 0.000146565 0.434435 0.108446 0.00427727 0.0132715 2.29421e-10 0.209484 0.0710809 0.0528347 0.000760094 0.0127948 0.000480188 0.00374273 0.00119958 0.000393561 2.37994e-07 0.00662682 
0.000114419 0.109242 0.00023562 0.487307 0.0618076 0.000299951 0.00349221 2.02182e-05 0.015901 0.285679 0.0112198 0.000185652 0.00905941 9.48883e-06 0.00610301 0.0021984 0.000602151 7.61172e-06 0.00651669 
0.0844483 0.0245284 0.00112927 0.648141 0.0243739 0.00011326 0.00378171 4.30843e-08 0.0185001 0.00860303 0.00833508 0.00267131 0.12554 0.00195714 0.00289945 0.00152416 0.00114964 5.82251e-05 0.0422459 
6.79053e-05 0.0720699 5.40419e-06 0.294865 0.180355 3.20419e-05 0.00593169 0.000356051 0.105746 0.0251465 0.0196614 0.000370607 0.0168051 4.55199e-08 0.00324839 0.0214246 0.253815 2.26111e-05 7.77055e-05 
0.000610359 0.0656065 0.00317398 0.660311 0.0639321 7.12993e-05 0.000484473 4.90963e-06 0.101863 0.0190969 0.0039892 2.1044e-05 0.0262186 0.000220869 0.00030154 0.0352048 0.0186562 2.64731e-05 0.000206223 
1.87123e-07 0.0161988 2.37367e-07 0.769041 0.0515806 5.54526e-07 0.00179196 1.42096e-09 0.0857848 0.0127323 0.00206694 4.5658e-07 0.000443894 1.64776e-07 4.34296e-08 0.0392555 0.0209554 0.000147169 7.309e-08 
0.000542572 0.0486032 0.00282639 0.65695 0.0323116 0.00706501 0.0050283 0.00156897 0.135723 0.0799181 0.00942556 0.000961525 0.00664948 0.00110087 0.00171688 0.000867907 0.00750922 0.000483617 0.000747355 
0.000305144 0.224268 0.0330433 0.5292 0.0382582 0.000371 0.00318144 5.48891e-05 0.0509462 0.00326032 0.0444774 0.013718 0.0199775 4.48e-06 0.00393738 0.0291643 0.000665445 2.32205e-05 0.00514403 
8.40326e-05 0.289528 0.000107412 0.491309 0.0481487 0.000612285 0.000405915 7.5594e-08 0.0780355 0.00177439 0.0174354 0.000281813 0.0407071 5.29561e-05 0.00868835 0.019399 0.00242812 6.5993e-07 0.00100157 
3.07272e-05 0.0710564 1.26386e-05 0.8538 0.0193858 2.97333e-05 0.000391031 4.9553e-12 0.00322823 0.000665523 0.015471 0.00145595 0.0202721 8.69527e-09 0.00209242 0.00439202 0.000406791 9.54839e-07 0.00730901 
1.3427e-05 0.308503 5.81371e-05 0.60634 0.003108 4.99754e-06 0.00102422 1.46026e-11 0.00108713 0.000775077 0.0201723 0.000340337 0.0148689 3.87506e-06 0.0214518 0.0102993 0.000869459 1.78459e-06 0.0110782 
0.000164741 0.0319327 0.0250448 0.346528 0.0105821 8.30644e-05 0.128741 2.3264e-09 0.0395814 0.331602 0.0409824 0.000163819 0.000999218 1.41181e-06 0.0179347 0.0067573 0.000548196 2.60409e-05 0.0183265 
3.38724e-06 0.0318752 4.21194e-07 0.757904 0.0094134 0.000463151 0.000848403 5.47778e-09 0.0239541 0.000659958 0.00394492 4.06754e-06 0.00826005 8.96564e-05 0.00884369 0.014709 0.137417 1.06822e-06 0.00160786 
0.000314912 0.159919 0.00106119 0.477299 0.0157912 0.00270642 0.00439776 1.4333e-05 0.00767685 0.136135 0.087554 0.00175984 0.0594585 1.42745e-08 1.83757e-05 0.0419933 0.00038726 5.58595e-07 0.00351297 
0.000141498 0.0771014 0.000167972 0.724585 0.0456716 0.00297043 0.00898685 2.45651e-08 0.0171369 0.00579997 0.0188703 0.000463102 0.00317173 1.53802e-05 0.000265816 0.00473655 0.00665998 1.05778e-06 0.083254 
4.55777e-05 0.0582405 7.72584e-06 0.907216 0.00431677 5.61451e-05 7.84675e-05 1.25323e-11 0.00253615 0.000505284 0.00578792 2.48988e-05 0.0139209 3.02366e-08 0.00345871 0.00321661 0.000223561 1.81807e-07 0.000364355 
6.79053e-05 0.0720699 5.40419e-06 0.294865 0.180355 3.20419e-05 0.00593169 0.000356051 0.105746 0.0251465 0.0196614 0.000370607 0.0168051 4.55199e-08 0.00324839 0.0214246 0.253815 2.26111e-05 7.77055e-05 
3.79983e-05 0.143692 0.00046846 0.665186 0.0416253 0.00278124 0.00285787 3.01447e-09 0.0302431 0.00580686 0.040353 0.000578175 0.0492227 0.00045605 0.00637983 0.00872933 0.00128168 1.80512e-05 0.000282349 
3.88768e-06 0.0849032 0.000139576 0.86587 0.0121928 1.04797e-05 0.00182152 1.15182e-11 0.000640175 0.00138576 0.00466187 4.12026e-05 0.00118416 2.35088e-08 0.00260658 0.0232616 0.00104122 4.38447e-07 0.000235578 
1.5476e-05 0.270766 2.44948e-06 0.29424 0.161332 2.97883e-05 0.0482784 8.01701e-07 0.0610401 0.0156041 0.0454983 8.69709e-06 0.00427293 4.137e-05 0.000644386 0.070083 0.0261404 0.00116577 0.000836624 
0.00160758 0.181949 0.000257289 0.204016 0.0445929 0.0579387 0.00104649 8.03817e-06 0.125306 0.00162043 0.0742524 0.00017916 0.196596 0.000189742 0.00114286 0.103902 0.00180719 3.34381e-05 0.00355429 
1.62412e-05 0.0721079 1.83201e-05 0.838118 0.000767749 3.25029e-06 0.000386328 1.76684e-12 0.000169537 0.000209231 0.0300699 0.000313701 0.00428517 8.08728e-06 0.0368941 0.00358928 0.000319282 3.15637e-06 0.0127212 
0.000455356 0.0366679 0.156115 0.467424 0.0197332 0.000276365 0.00139676 0.000240198 0.0579496 0.121653 0.0411854 0.00109838 0.0122077 8.31384e-05 0.00598127 0.0318429 0.0307919 2.53405e-05 0.0148726 
0.00400543 0.229932 1.03053e-05 0.336711 0.00978217 0.00125966 0.027556 1.76417e-05 0.032671 0.00859562 0.0627618 0.000273605 0.243475 7.88163e-07 0.0156947 0.0204943 0.00594243 9.84904e-07 0.000815937 
0.148236 0.06544 0.000739226 0.211337 0.067894 0.00295727 0.00625395 1.35779e-12 0.170883 0.0182798 0.0717491 0.00178873 0.118734 0.000358844 0.0323239 0.0691706 0.00697795 5.78932e-06 0.00687195 
0.000405351 0.158668 6.98608e-09 0.460513 0.00671632 3.81431e-08 0.00116474 1.03088e-11 6.4935e-05 0.000545069 0.000438237 0.000115999 0.293537 4.01769e-09 0.000126321 0.00518137 0.000120444 7.79896e-12 0.072404 
0.000460305 0.0346404 4.84857e-05 0.289394 0.0827915 0.123347 0.00375074 0.000170764 0.121485 0.0249977 0.0176582 0.000565496 0.0442178 1.94048e-05 0.0144544 0.0340461 0.207122 2.95096e-05 0.000801317 
0.000489284 0.146915 0.00615616 0.269151 0.124175 0.000644029 0.0388608 0.0238583 0.0247115 0.234085 0.0874224 0.0009821 0.00234036 3.0513e-05 0.00091829 0.0113602 0.00092843 0.000283489 0.0266879 
3.72365e-05 0.0131106 1.10132e-05 0.800596 0.107999 0.000487964 2.67068e-05 1.27646e-12 0.00285506 0.00125275 0.00152212 9.03423e-05 0.0408861 4.82994e-06 0.01736 0.0124521 0.000832984 1.60509e-05 0.000458835 
0.0119546 0.0610352 0.0297422 0.250565 0.203672 0.000598471 0.00155217 2.70671e-11 0.24804 0.0219375 0.0441611 0.0105318 0.0275149 0.00802353 0.0527901 0.0223624 0.00409675 1.9895e-05 0.00140331 
8.87957e-05 0.294857 6.72597e-05 0.593746 0.0259965 5.61291e-05 0.000287624 1.56847e-11 0.0177818 0.000193972 0.00390251 7.86934e-05 0.0351398 1.8942e-08 0.00362248 0.0022346 0.0215818 1.79833e-07 0.000364305 
4.14094e-05 0.0320767 0.000181246 0.915513 0.00815316 0.000546861 0.000838758 1.23897e-06 0.00708794 0.00148499 0.00793688 1.50832e-05 0.0103257 4.2386e-06 0.000402622 0.00661272 0.00864206 4.15556e-06 0.000131389 
0.0404729 0.115629 4.47264e-09 0.630919 0.0055949 0.000741269 0.00648771 8.33362e-09 0.00137318 0.00102254 0.00249308 0.000140447 0.131119 2.90668e-09 8.92001e-05 0.014129 7.90307e-05 2.79224e-08 0.0497093 
0.00010829 0.100832 0.0079028 0.361266 0.0291492 0.0994545 0.00845813 2.9822e-09 0.10063 0.00119286 0.226762 0.00816568 0.0211965 0.00222521 0.00332617 0.0188067 0.00488646 3.3958e-05 0.00560312 
0.00847555 0.111884 0.00124409 0.335673 0.0849926 0.00187157 0.00400507 1.0617e-06 0.204705 0.00844165 0.0500268 0.00354681 0.149932 0.000115161 0.0150667 0.0120112 0.00686168 1.88074e-05 0.00112694 
0.0404729 0.115629 4.47264e-09 0.630919 0.0055949 0.000741269 0.00648771 8.33362e-09 0.00137318 0.00102254 0.00249308 0.000140447 0.131119 2.90668e-09 8.92001e-05 0.014129 7.90307e-05 2.79224e-08 0.0497093 
0.000239296 0.0696048 3.97632e-05 0.470813 0.262043 0.000376429 0.000864847 3.03325e-10 0.0588325 0.0151272 0.0132619 0.000492648 0.0177395 0.00330008 0.00609833 0.0301564 0.0506211 1.78017e-05 0.000371056 
0.000120658 0.109195 0.0271551 0.576781 0.102246 0.0120136 0.00468259 1.40578e-08 0.0256063 0.0118717 0.0406974 4.61617e-05 0.0148347 4.72089e-06 0.00431567 0.0445065 0.00316039 3.40979e-05 0.0227283 
0.00316283 0.133625 0.000332758 0.367796 0.076724 0.00309459 0.00540963 8.57738e-07 0.0734114 0.108662 0.0977073 0.0181779 0.0772693 0.00189087 0.0113541 0.0150717 0.00531621 3.21919e-05 0.000961682 
2.24471e-05 0.352803 0.000714564 0.443678 0.0753359 3.67196e-05 0.00584315 3.64778e-06 0.0188906 0.0104475 0.0512983 9.28103e-05 0.00877781 0.000257865 0.00797836 0.0115676 0.00237427 2.98575e-06 0.00987448 
0.00386861 0.200246 0.000445556 0.393076 0.105761 0.00112588 0.00418271 1.19524e-08 0.0322736 0.00374575 0.12147 0.000923476 0.0606994 4.59459e-05 0.0206108 0.0237635 0.000936736 1.12882e-05 0.0268144 
1.62412e-05 0.0721079 1.83201e-05 0.838118 0.000767749 3.25029e-06 0.000386328 1.76684e-12 0.000169537 0.000209231 0.0300699 0.000313701 0.00428517 8.08728e-06 0.0368941 0.00358928 0.000319282 3.15637e-06 0.0127212 
1.86348e-05 0.161897 0.035955 0.62236 0.0341765 4.8489e-05 0.0113996 2.0051e-05 0.0123612 0.0103272 0.035412 0.0001669 0.00131486 0.00881898 0.0402526 0.00416085 0.000590902 1.12765e-05 0.0207078 
3.84334e-05 0.125316 0.000693552 0.370864 0.0315404 0.000909273 0.250192 3.75544e-06 0.0124785 0.0356904 0.100606 0.000724598 0.00901582 3.83498e-05 0.0191535 0.0140432 0.00971174 8.05994e-06 0.0189721 
0.000126407 0.218913 0.000283618 0.256535 0.0784348 3.29171e-05 0.00211648 8.58604e-11 0.0877487 0.0166573 0.193106 0.00111944 0.0718172 1.66173e-07 0.0307044 0.0300683 0.00595093 1.61705e-07 0.00638573 
0.000157885 0.101271 7.55497e-05 0.601583 0.126963 0.000209108 0.00281901 5.49513e-10 0.0206664 0.0870082 0.0312308 0.00316732 0.00923002 0.0018181 0.00129971 0.00863427 0.002393 2.38407e-05 0.00144949 
5.40252e-05 0.233679 0.00156801 0.52077 0.0299474 1.462e-06 0.00858812 1.33343e-11 0.0126676 0.109493 0.0644272 0.000335731 0.000141491 9.31593e-09 0.00601159 0.000714933 0.00023912 3.06425e-05 0.0113307 
4.95593e-05 0.137474 0.00361304 0.46712 0.150502 0.000675142 0.0117773 8.41755e-06 0.0256506 0.00829474 0.0536414 0.000199698 0.0937122 0.000270528 0.00881688 0.0310824 0.00658934 8.66754e-06 0.000514331 
1.62412e-05 0.0721079 1.83201e-05 0.838118 0.000767749 3.25029e-06 0.000386328 1.76684e-12 0.000169537 0.000209231 0.0300699 0.000313701 0.00428517 8.08728e-06 0.0368941 0.00358928 0.000319282 3.15637e-06 0.0127212 
0.000692821 0.112623 0.000435777 0.379494 0.0724976 0.001312 0.00356452 2.70898e-05 0.0687968 0.00325711 0.0458646 0.00379926 0.265366 0.00228494 0.00614893 0.0259789 0.00323606 8.43884e-06 0.00461227 
0.00134802 0.125182 0.00124508 0.580762 0.0752146 0.00466986 0.000872969 6.33498e-09 0.0231937 0.0241569 0.0316554 0.00502058 0.0410389 0.00013709 0.0522363 0.013538 0.00370258 5.41973e-06 0.0160203 
0.000659239 0.185774 0.000337989 0.202518 0.00880835 0.00062545 0.152925 9.06601e-06 0.131138 0.00693416 0.0850785 0.0062106 0.163189 0.000399782 0.000656974 0.0319822 0.00752106 4.09648e-06 0.0152277 
2.22058e-06 0.00308251 3.99483e-05 0.406194 0.0475791 6.57759e-06 0.00108344 5.2446e-08 0.142077 0.396139 0.000804537 6.71218e-05 0.000851861 1.98042e-06 0.000644483 0.000572172 0.000758696 1.86126e-05 7.73929e-05 
4.58343e-08 0.0863026 0.0338779 0.70086 0.00730678 3.4879e-08 0.0161543 6.98521e-08 0.00729277 0.0155486 0.0496661 8.27582e-05 0.000399949 1.58441e-06 0.0528013 0.00508785 0.000276848 8.5944e-08 0.0243407 
3.10491e-06 0.0603333 0.000102542 0.825615 0.0152979 1.05161e-05 0.00125915 5.6694e-11 0.00184916 0.000641561 0.0135309 1.19674e-05 0.00020149 5.61605e-08 4.65718e-05 0.0691489 0.0113587 2.62919e-07 0.000589104 
0.00510877 0.066973 3.78355e-05 0.294308 0.00850604 0.000944895 0.00771888 0.00106562 0.0224006 0.000415398 0.175324 0.000581146 0.00739766 2.47215e-05 0.270296 0.0346226 0.00411376 1.94032e-06 0.100158 
1.01267e-05 0.245586 5.47487e-05 0.345405 0.0608865 0.000284351 0.0326201 9.5518e-06 0.0314332 0.00255582 0.131434 0.000382337 0.0223264 2.56419e-05 0.0494747 0.0475093 0.0190896 8.84943e-06 0.0109042 
0.000167158 0.127437 1.22578e-07 0.677177 0.00454466 0.000665418 0.01945 0.000309991 0.0134591 0.00951594 0.0479668 2.56495e-05 0.0225297 1.1231e-10 0.000179499 0.0665969 0.00623326 2.79332e-08 0.00374147 
2.84778e-07 0.0614955 1.10385e-09 0.913262 0.00655944 6.89141e-10 1.17959e-06 8.20416e-06 0.000523975 8.4267e-07 0.00902711 6.02407e-05 0.00779134 1.43284e-09 2.38486e-07 0.00080904 0.000144623 2.67297e-07 0.000315832 
1.64699e-05 0.110273 6.78332e-06 0.815077 0.0251043 2.06027e-05 0.00269289 1.32772e-11 0.00261439 0.000754584 0.0136348 0.000872606 0.015154 8.26771e-09 0.00170671 0.00705847 0.000306555 5.14917e-07 0.00470581 
0.00845731 0.0490644 0.0051501 0.7893 0.00642316 0.000526403 0.00068275 0.000122753 0.0365447 0.0265121 0.0636287 0.000411375 0.00712386 8.91193e-06 0.00499037 0.000238517 2.10615e-05 7.84059e-06 0.000785565 
0.000191235 0.0692864 0.000150558 0.704281 0.0211056 0.000284758 0.00956909 0.00129493 0.148703 0.00099923 0.00722541 0.00101478 0.0202425 6.3866e-06 0.00213498 0.0100713 0.0031075 5.46477e-06 0.000325738 
4.55777e-05 0.0582405 7.72584e-06 0.907216 0.00431677 5.61451e-05 7.84675e-05 1.25323e-11 0.00253615 0.000505284 0.00578792 2.48988e-05 0.0139209 3.02366e-08 0.00345871 0.00321661 0.000223561 1.81807e-07 0.000364355 
0.00208723 0.165269 0.00154841 0.350237 0.119994 0.00953015 0.0112246 5.1071e-11 0.100767 0.0467037 0.0678022 0.00679237 0.0412297 0.000139502 0.00997189 0.0424631 0.00387332 4.6064e-06 0.0203613 
1.64699e-05 0.110273 6.78332e-06 0.815077 0.0251043 2.06027e-05 0.00269289 1.32772e-11 0.00261439 0.000754584 0.0136348 0.000872606 0.015154 8.26771e-09 0.00170671 0.00705847 0.000306555 5.14917e-07 0.00470581 
4.58343e-08 0.0863026 0.0338779 0.70086 0.00730678 3.4879e-08 0.0161543 6.98521e-08 0.00729277 0.0155486 0.0496661 8.27582e-05 0.000399949 1.58441e-06 0.0528013 0.00508785 0.000276848 8.5944e-08 0.0243407 
1.49364e-05 0.0450556 1.13145e-05 0.778324 0.0134619 0.000437168 0.00242337 2.03722e-09 0.0335415 0.000743663 0.0258616 8.93674e-06 0.0230809 0.000104182 0.01345 0.0258162 0.0364922 1.45579e-06 0.00117112 
0.00173372 0.25324 6.16292e-05 0.483959 0.00736766 0.000138242 0.0939012 6.97257e-05 0.0234593 0.0112166 0.0755057 0.000104314 0.0277074 7.82104e-06 3.50634e-05 0.00165598 9.34006e-05 4.50599e-05 0.019698 
2.89587e-05 0.184647 9.21401e-05 0.675388 0.0119619 1.46508e-05 0.00115017 2.37211e-10 0.0265526 0.00109932 0.0317451 0.000182137 0.00317025 1.39631e-05 0.0229334 0.0301016 0.00463583 1.33434e-07 0.00628261 
3.83493e-05 0.0400712 0.000417802 0.333892 0.00989703 0.000181938 0.0173453 1.06869e-10 0.00950056 0.217435 0.236073 0.000194952 0.0344229 3.73338e-07 0.0786687 0.00719979 0.0041856 6.79422e-07 0.0104753 
5.65698e-09 0.236184 7.88332e-08 0.720434 0.0135911 1.92852e-05 0.00148352 8.60405e-12 0.0199192 0.00156644 0.000638821 5.98579e-06 0.00338012 7.29779e-12 1.08801e-06 0.00232836 0.000344384 7.17069e-09 0.000103632 
0.000107682 0.111872 0.00016555 0.796327 0.0486151 0.000160814 3.44823e-05 5.53143e-08 0.0280695 0.00103535 0.00111823 0.00218452 0.00483191 4.69165e-08 0.00295336 0.00209887 0.000282236 4.18472e-08 0.000143528 
4.61054e-06 0.280627 0.00106851 0.284544 0.116556 8.71879e-05 0.000801264 1.25706e-07 0.175698 0.0003423 0.00859671 6.94745e-05 0.0336509 0.000316 0.0154839 0.00766657 0.0743108 1.72312e-05 0.000159338 
1.62412e-05 0.0721079 1.83201e-05 0.838118 0.000767749 3.25029e-06 0.000386328 1.76684e-12 0.000169537 0.000209231 0.0300699 0.000313701 0.00428517 8.08728e-06 0.0368941 0.00358928 0.000319282 3.15637e-06 0.0127212 
0.0116015 0.266686 0.000782382 0.453465 0.0174955 0.000111604 0.0141492 2.92916e-05 0.0332362 0.0412381 0.0915887 0.00277338 0.00499444 0.00129105 0.03733 0.0114753 0.00125736 4.73375e-06 0.0104904 
0.00266559 0.111968 4.82468e-05 0.764793 0.0127891 0.0014284 0.0012139 7.05314e-08 0.0198561 0.0136837 0.020775 0.00049562 0.0236927 5.46456e-05 0.0138925 0.00487328 0.000492317 4.07275e-06 0.00727407 
2.95949e-05 0.208054 9.41783e-05 0.690127 0.0325257 0.000486478 0.00174527 4.19248e-08 0.0108124 0.00186739 0.0151457 0.000470848 0.0265455 1.69707e-10 0.00326665 0.00183368 0.000638812 3.2388e-06 0.00635333 
5.98018e-06 0.0612588 6.431e-08 0.928321 0.0038691 4.9606e-08 3.08421e-08 4.89763e-12 0.00033738 0.000139899 0.000992078 5.74819e-05 0.00469222 4.15407e-12 4.62466e-05 0.000192105 1.11703e-12 1.56735e-09 8.71052e-05 
0.000120284 0.0129853 3.05179e-05 0.77946 0.0185332 4.97745e-05 0.000440007 2.86868e-06 0.0085164 0.139976 0.0295811 0.000154228 0.000589318 0.000316187 2.71014e-06 0.0015133 9.55485e-05 1.37611e-05 0.00761914 
3.81442e-05 0.175652 0.000141026 0.41872 0.109985 0.00168163 0.00450122 1.01862e-06 0.221447 0.00342799 0.0101327 0.00123837 0.0104196 0.000537877 0.0208482 0.0141361 0.00589656 1.99222e-05 0.00117512 
3.07272e-05 0.0710564 1.26386e-05 0.8538 0.0193858 2.97333e-05 0.000391031 4.9553e-12 0.00322823 0.000665523 0.015471 0.00145595 0.0202721 8.69527e-09 0.00209242 0.00439202 0.000406791 9.54839e-07 0.00730901 
6.16368e-05 0.272276 0.00033217 0.402028 0.184582 8.37785e-06 0.00121002 1.21667e-12 0.00308196 0.0617262 0.0616801 0.000588708 0.000372987 3.86304e-09 0.00443247 0.00183297 0.000222113 7.51379e-05 0.00548979 
1.64699e-05 0.110273 6.78332e-06 0.815077 0.0251043 2.06027e-05 0.00269289 1.32772e-11 0.00261439 0.000754584 0.0136348 0.000872606 0.015154 8.26771e-09 0.00170671 0.00705847 0.000306555 5.14917e-07 0.00470581 
3.15301e-06 0.184475 1.11536e-05 0.754721 0.00666554 2.20642e-09 0.000150643 2.44421e-08 0.000740676 0.000191793 0.0208971 0.000290919 0.0113399 7.64252e-09 0.00197984 0.00906062 0.000144916 5.61554e-07 0.00932696 
1.5577e-05 0.235405 0.0159446 0.293818 0.0657142 2.41642e-05 0.163258 2.3066e-06 0.052867 0.0292786 0.0889342 0.00164647 0.00776279 4.74012e-05 0.00663087 0.0353679 0.00189823 2.13837e-05 0.00136346 
0.00379272 0.105979 0.000733814 0.276662 0.0802193 0.00692755 0.00622325 0.000191824 0.202521 0.0283866 0.0253542 0.00211921 0.0866183 0.00032422 0.0121576 0.149383 0.0110468 2.00766e-05 0.00133865 
0.00332187 0.0698094 0.000518483 0.296134 0.0856416 0.000455638 0.0110633 1.49802e-08 0.00991604 0.0107966 0.197564 0.002367 0.234049 0.000804395 0.0221451 0.0360878 0.00110295 3.90505e-07 0.0182214 
0.0278978 0.248402 0.0492429 0.388684 0.027436 0.000979515 0.00275167 1.49437e-06 0.025157 0.0127439 0.0423623 0.0036811 0.121325 3.82106e-05 0.00864877 0.00614462 0.000471988 2.85999e-09 0.0340319 
4.26886e-05 0.0227993 0.0399465 0.861054 0.063256 3.25998e-07 1.35995e-06 6.01134e-08 0.00732464 2.17441e-05 0.00155802 0.000186347 0.000416681 5.92033e-05 2.84935e-07 0.00178003 0.0014753 2.1658e-06 7.51081e-05 
0.0404729 0.115629 4.47264e-09 0.630919 0.0055949 0.000741269 0.00648771 8.33362e-09 0.00137318 0.00102254 0.00249308 0.000140447 0.131119 2.90668e-09 8.92001e-05 0.014129 7.90307e-05 2.79224e-08 0.0497093 
0.000237423 0.158627 3.47146e-06 0.468081 0.00579836 0.00018449 0.104425 8.46378e-11 0.0399919 0.0284942 0.0575785 4.95696e-05 0.0313168 6.52205e-08 0.0811339 0.0156895 0.00765843 1.26222e-06 0.000729303 
0.0519803 0.0299039 0.000699818 0.729074 0.015228 9.09739e-05 0.00269352 2.92897e-08 0.0172003 0.0057518 0.00797052 0.00176154 0.103252 0.00121442 0.00340319 0.00150387 0.000735852 3.6314e-05 0.027499 
0.000549485 0.135638 0.00866226 0.622083 0.0143179 5.2665e-05 0.00076226 2.22208e-11 0.026429 0.0268461 0.0452997 0.000241379 0.0693642 7.4067e-05 0.000711901 0.00203854 0.00142904 6.38994e-07 0.0454999 
0.00030813 0.284463 0.0031804 0.332952 0.12838 7.37488e-05 0.00096932 1.7351e-11 0.0928524 0.0157687 0.0337251 0.000470929 0.0501692 7.17543e-05 0.00119897 0.00850209 0.0261266 1.67467e-05 0.0207707 
0.00448144 0.0292532 0.000307693 0.430461 0.0831234 0.00209312 0.000835525 1.72195e-06 0.0338053 0.393295 0.000432004 0.000700237 0.00459856 5.15744e-05 0.000298431 0.0122487 0.00345457 0.0004089 0.000148984 
0.000305302 0.0853609 0.000196371 0.537293 0.126977 0.000151593 0.000763733 9.67345e-08 0.0548881 0.034593 0.022262 0.00299405 0.100472 4.93375e-06 0.00828965 0.0133488 0.00656598 8.11439e-06 0.00552558 
5.00119e-05 0.107251 0.0003626 0.447607 0.155908 0.000748886 0.0177466 3.86791e-08 0.091983 0.00907951 0.0316537 0.000274061 0.0929198 0.000153702 0.00799603 0.0305535 0.00559593 9.62431e-06 0.000106255 
0.000278267 0.265399 0.00065171 0.338982 0.105123 5.81998e-05 0.00100474 6.29434e-11 0.00538523 0.210657 0.0416145 0.00179176 0.0179182 0.000287194 0.000121648 0.00247276 0.000155351 8.34057e-05 0.00801493 
0.000300603 0.21456 0.000376338 0.286268 0.229776 0.00305011 0.00465628 4.02884e-09 0.0875164 0.0454299 0.040051 0.00421618 0.0233059 1.84455e-05 0.0342085 0.00548075 0.0152444 2.66435e-05 0.00551489 
4.50171e-05 0.0711315 0.000371139 0.222578 0.222107 0.00238746 0.212607 8.65478e-09 0.0728095 0.00569259 0.0553425 0.00106238 0.00501757 0.000197352 0.016101 0.0471609 0.0595537 5.31121e-11 0.00583558 
0.0238855 0.0508776 0.0106491 0.737905 0.0659169 0.000894443 0.0022064 2.40032e-06 0.0105875 0.0188232 0.014968 0.00405184 0.0226654 1.38813e-06 0.00780816 0.0155439 0.000340885 1.12531e-05 0.0128617 
0.00010094 0.0800786 0.00994157 0.460191 0.0440393 2.08357e-05 0.000528169 1.52779e-10 0.308671 0.00240065 0.0149875 0.00659684 0.0313907 3.26821e-05 0.0247893 0.0113679 0.00171995 1.22841e-05 0.00313059 
7.89085e-06 0.33799 6.8154e-06 0.434838 0.040718 0.00202269 0.00568767 8.48941e-07 0.0537009 0.00423116 0.0251185 0.0017422 0.014996 0.000197143 0.0201671 0.0368978 0.0146791 1.18394e-05 0.00698588 
4.26886e-05 0.0227993 0.0399465 0.861054 0.063256 3.25998e-07 1.35995e-06 6.01134e-08 0.00732464 2.17441e-05 0.00155802 0.000186347 0.000416681 5.92033e-05 2.84935e-07 0.00178003 0.0014753 2.1658e-06 7.51081e-05 
0.000262155 0.386092 0.00476674 0.401354 0.0227808 7.70442e-08 0.0077772 7.69522e-08 0.0100383 0.0115939 0.0950405 0.00204155 0.0120865 7.69758e-08 0.0249237 0.00609006 7.70719e-08 0.000100164 0.0150519 
0.000190908 0.129422 0.00063219 0.674833 0.0363748 0.000302361 0.0039395 1.10624e-09 0.00478437 0.0816905 0.0363292 0.00138292 0.00203967 3.94211e-05 0.00740673 0.0116935 0.000486241 4.78084e-06 0.0084469 
0.000686947 0.140622 0.000770307 0.581882 0.0499832 0.000164308 0.00426054 2.92838e-07 0.0236068 0.00896609 0.0284306 0.000610862 0.130805 0.000101987 0.0157978 0.00276157 0.00307187 6.79142e-06 0.00747075 
0.000426665 0.158331 6.66541e-08 0.378026 0.0022062 0.0029064 0.0121199 3.19858e-09 0.00945431 0.0168765 0.368569 2.92698e-05 0.00032435 0.0230349 0.00885132 0.0145329 0.000491473 1.69506e-05 0.0038036 
1.62412e-05 0.0721079 1.83201e-05 0.838118 0.000767749 3.25029e-06 0.000386328 1.76684e-12 0.000169537 0.000209231 0.0300699 0.000313701 0.00428517 8.08728e-06 0.0368941 0.00358928 0.000319282 3.15637e-06 0.0127212 
0.00464792 0.184984 0.00018085 0.280859 0.105834 0.00192493 0.0249694 4.53588e-11 0.130026 0.114305 0.0683586 0.000385891 0.0525042 5.0046e-05 0.00849051 0.00802235 0.012097 1.01913e-07 0.00235907 
2.57695e-05 0.0760376 0.00420679 0.55511 0.0336148 2.02074e-05 0.00830914 1.10237e-10 0.0114663 0.00101737 0.0216664 0.00122826 0.0128809 8.12849e-05 0.0173368 0.0541148 0.201491 1.64433e-05 0.00137593 
1.80258e-05 0.26207 0.000336286 0.601722 0.00756323 0.00112196 0.0101886 3.80179e-09 0.0205993 0.000732346 0.00606182 0.0093705 0.0458887 2.30173e-06 0.000569481 0.00695416 0.000146707 6.94149e-12 0.0266539 
1.64699e-05 0.110273 6.78332e-06 0.815077 0.0251043 2.06027e-05 0.00269289 1.32772e-11 0.00261439 0.000754584 0.0136348 0.000872606 0.015154 8.26771e-09 0.00170671 0.00705847 0.000306555 5.14917e-07 0.00470581 
8.10413e-06 0.185918 1.14348e-11 0.36725 0.335175 0.00217025 0.000293395 1.74996e-11 0.02072 0.00249663 0.0125879 4.44355e-05 0.0448955 1.48428e-11 0.0013676 0.0260528 0.000741559 4.24721e-09 0.000279096 
4.53576e-06 0.0825968 0.000790906 0.411673 0.0319568 0.000112237 0.0384648 5.39419e-10 0.00782354 0.0122295 0.0812299 0.0321555 0.00228247 4.26755e-05 0.0631576 0.0200607 0.00256797 5.10645e-07 0.212851 
1.01267e-05 0.245586 5.47487e-05 0.345405 0.0608865 0.000284351 0.0326201 9.5518e-06 0.0314332 0.00255582 0.131434 0.000382337 0.0223264 2.56419e-05 0.0494747 0.0475093 0.0190896 8.84943e-06 0.0109042 
9.30572e-06 0.164388 8.98662e-08 0.566601 0.0502904 0.000782206 0.00360849 0.000193455 0.0102675 0.112604 0.0295931 2.62514e-05 6.26877e-05 2.48561e-05 1.2874e-05 0.000143156 3.13672e-08 0.00099825 0.0603949 
2.31153e-06 0.368193 0.000109165 0.500121 0.0150629 0.000783277 0.00350766 8.35e-11 0.02041 0.00602044 0.0585709 0.000813785 0.00473072 1.28695e-05 0.00915584 0.000821033 7.53991e-05 2.41725e-07 0.0116098 
3.82876e-05 0.149277 0.00080666 0.432232 0.0625994 0.0174664 0.0221531 0.00393592 0.0734147 0.0493769 0.0617703 0.000139634 0.0143435 0.0201268 0.00524819 0.0634773 0.0199195 3.50173e-05 0.00363858 
0.000934874 0.0859579 0.00294122 0.507674 0.067877 0.00664331 0.0347858 5.36094e-06 0.0404154 0.11301 0.059146 0.00532353 0.0257574 0.000144747 0.0190081 0.0169906 0.00788958 0.000336997 0.00515818 
4.1054e-06 0.0457605 4.05445e-06 0.336048 0.243165 0.114438 0.0341956 4.36033e-10 0.0181812 0.0597573 0.104215 1.73069e-05 0.00573727 3.69835e-10 0.000552582 0.0264115 0.00823297 6.40373e-05 0.00321567 
5.65698e-09 0.236184 7.88332e-08 0.720434 0.0135911 1.92852e-05 0.00148352 8.60405e-12 0.0199192 0.00156644 0.000638821 5.98579e-06 0.00338012 7.29779e-12 1.08801e-06 0.00232836 0.000344384 7.17069e-09 0.000103632 
3.12253e-05 0.15756 0.000246789 0.597946 0.124741 8.53248e-05 0.000107898 5.32413e-12 0.0752572 0.00260109 0.00771593 0.000198804 0.0237662 4.51582e-12 0.00255255 0.00379399 0.00286519 4.72832e-06 0.000526138 
2.57695e-05 0.0760376 0.00420679 0.55511 0.0336148 2.02074e-05 0.00830914 1.10237e-10 0.0114663 0.00101737 0.0216664 0.00122826 0.0128809 8.12849e-05 0.0173368 0.0541148 0.201491 1.64433e-05 0.00137593 
6.86835e-05 0.0557836 0.000127931 0.482626 0.14684 3.68521e-05 0.00904168 1.93341e-07 0.000701162 0.0665746 0.151507 1.96952e-05 0.00726036 6.64153e-06 0.0151295 0.010642 0.000390428 0.000281823 0.0529626 
2.10602e-09 0.121644 6.20713e-09 0.363627 0.253347 3.08169e-08 0.000540365 4.18546e-09 0.0679007 0.000162251 0.0518026 2.18954e-08 0.0184395 2.33892e-07 0.00634407 0.0340043 0.082114 2.48461e-08 7.35493e-05 
3.15301e-06 0.184475 1.11536e-05 0.754721 0.00666554 2.20642e-09 0.000150643 2.44421e-08 0.000740676 0.000191793 0.0208971 0.000290919 0.0113399 7.64252e-09 0.00197984 0.00906062 0.000144916 5.61554e-07 0.00932696 
4.58343e-08 0.0863026 0.0338779 0.70086 0.00730678 3.4879e-08 0.0161543 6.98521e-08 0.00729277 0.0155486 0.0496661 8.27582e-05 0.000399949 1.58441e-06 0.0528013 0.00508785 0.000276848 8.5944e-08 0.0243407 
0.000767509 0.0846804 0.000291036 0.360358 0.0457894 0.279396 0.00597473 8.89723e-06 0.0422732 0.0308213 0.0314074 0.00224801 0.0997661 0.00206515 0.00567805 0.00450489 0.00138911 2.07211e-05 0.00255995 
0.0114369 0.0644409 7.862e-06 0.540221 0.0346286 0.000539903 0.0220067 2.32489e-07 0.118617 0.00217165 0.0341829 6.56083e-05 0.00524606 3.15972e-07 0.00122234 0.00960958 0.153618 3.51239e-06 0.00198159 
0.000164244 0.0297721 5.36515e-05 0.645957 0.164977 0.000434031 0.000245548 2.52972e-12 0.012364 0.00404456 0.0126461 0.00213701 0.0318013 4.02056e-06 0.0711036 0.00547644 0.00162029 3.01792e-05 0.017169 
6.79053e-05 0.0720699 5.40419e-06 0.294865 0.180355 3.20419e-05 0.00593169 0.000356051 0.105746 0.0251465 0.0196614 0.000370607 0.0168051 4.55199e-08 0.00324839 0.0214246 0.253815 2.26111e-05 7.77055e-05 
0.0192783 0.305025 1.88391e-08 0.378029 0.0448044 0.000353932 0.015972 3.2513e-06 0.00665836 0.0110718 0.0682055 6.71294e-05 0.0624445 7.25633e-09 4.25631e-05 0.00807291 3.77865e-05 5.99948e-08 0.0799334 
8.36277e-09 0.0215001 0.000311238 0.678625 0.00973758 4.75847e-05 0.00826471 6.12388e-08 0.00355729 0.00322035 0.0291073 6.8255e-05 0.00194991 0.00277874 0.091267 0.0182567 0.00721116 3.59106e-09 0.124097 
0.000109578 0.196541 0.000326829 0.539484 0.0461559 0.000227244 0.0237744 4.63288e-09 0.0127509 0.050482 0.0787805 0.00161491 0.00614459 0.000131166 0.0282133 0.00303516 0.000755928 1.24669e-05 0.0114602 
0.000142173 0.277425 0.0316221 0.29312 0.0051915 0.000191081 0.126909 2.75111e-06 0.0799956 0.00778876 0.0656062 0.00247175 0.0528695 1.34222e-06 0.00345958 0.0150884 0.00347605 1.93404e-05 0.0346199 
4.70031e-05 0.259275 0.000165134 0.511002 0.0168548 0.00671421 0.0278854 7.98106e-06 0.0226629 0.0050433 0.107318 0.000365761 0.0184926 0.000981985 0.00912223 0.00920685 0.000640076 9.66096e-07 0.00421365 
3.07272e-05 0.0710564 1.26386e-05 0.8538 0.0193858 2.97333e-05 0.000391031 4.9553e-12 0.00322823 0.000665523 0.015471 0.00145595 0.0202721 8.69527e-09 0.00209242 0.00439202 0.000406791 9.54839e-07 0.00730901 
0.00667105 0.217048 0.00334987 0.328133 0.105554 0.00264315 0.0180712 4.52286e-05 0.0511283 0.0103055 0.131331 0.00119041 0.00909483 0.000472091 0.0206372 0.0857109 0.00409798 1.2037e-05 0.004504 
0.000703682 0.165383 0.0866646 0.637327 0.0322572 0.00018328 0.00155056 1.83548e-11 0.00429249 0.00119729 0.0251065 0.00349162 0.0260101 7.47575e-09 0.00104954 0.00462575 0.00048035 7.56756e-05 0.00960082 
0.00187282 0.272705 0.0015311 0.360303 0.036845 0.00466111 0.0141899 6.60002e-11 0.0540412 0.00617389 0.141138 0.000276854 0.0231083 3.01631e-05 0.0453177 0.036316 0.000358034 3.99577e-05 0.00109123 
4.7522e-05 0.0213118 1.58463e-07 0.614221 0.300908 0.000154844 0.000113438 1.51954e-12 0.0105478 0.00497361 0.000128616 0.00126516 0.00673583 3.50586e-09 2.47384e-05 0.0158896 0.0236471 5.63959e-06 2.48182e-05 
0.000451666 0.159964 4.53491e-05 0.430355 0.0583981 0.00069408 0.0632745 0.00238043 0.0386131 0.0746432 0.0948916 0.0014963 0.00701962 0.0135467 0.00253486 0.0256592 0.0117284 2.35213e-06 0.0143018 
6.07815e-05 0.200145 0.000570302 0.56255 0.0237133 0.00257658 0.0155998 0.000114733 0.0942662 0.0515565 0.0287378 0.000230267 0.00253314 0.000135733 0.00465949 0.000417648 0.00279386 5.16862e-05 0.00928752 
0.00455998 0.0831057 0.00173476 0.424764 0.0225311 0.00014963 0.0194345 3.69693e-07 0.0744819 0.0347006 0.1706 0.0684982 0.0678836 3.46039e-05 0.0107624 0.0113469 0.00105148 6.61821e-08 0.00435985 
0.0404729 0.115629 4.47264e-09 0.630919 0.0055949 0.000741269 0.00648771 8.33362e-09 0.00137318 0.00102254 0.00249308 0.000140447 0.131119 2.90668e-09 8.92001e-05 0.014129 7.90307e-05 2.79224e-08 0.0497093 
0.00292306 0.251751 0.000133784 0.280026 0.0981472 0.00814201 0.014099 5.65976e-10 0.205231 0.0373111 0.0315334 0.0029251 0.0345491 0.000614145 0.00424379 0.0181227 0.00563148 1.16663e-06 0.00461483 
7.80551e-06 0.080507 1.36377e-07 0.481632 0.0230651 1.89876e-08 0.15073 1.24212e-10 0.0229417 0.0188282 0.208846 1.14584e-08 0.000573808 1.49863e-07 0.000271201 0.00767539 0.0013802 3.75549e-05 0.00350351 
0.0404729 0.115629 4.47264e-09 0.630919 0.0055949 0.000741269 0.00648771 8.33362e-09 0.00137318 0.00102254 0.00249308 0.000140447 0.131119 2.90668e-09 8.92001e-05 0.014129 7.90307e-05 2.79224e-08 0.0497093 
0.000234281 0.0276639 2.40587e-08 0.451484 0.0944628 0.000189465 2.5647e-05 7.24094e-12 0.0288044 0.000785872 0.00224148 0.000541615 0.391244 2.69874e-06 5.55266e-05 0.0020152 0.000183025 7.48013e-06 5.88401e-05 
0.00191844 0.169905 2.49937e-06 0.354465 0.090071 0.000828127 0.00301518 2.69883e-10 0.0254025 0.000955514 0.209448 0.000351632 0.114275 9.80074e-05 0.00354759 0.0172949 0.000639426 5.86701e-07 0.00778238 
