1.6022e-05 0.0027879 5.11294e-05 0.000472468 0.992347 5.9217e-07 0.0002024 6.13446e-10 0.000800655 0.000288378 0.00106002 5.99709e-06 0.000261437 0.0002356 5.19779e-05 0.000729729 2.24629e-05 6.05998e-05 0.000605957 
1.32215e-05 0.221563 4.8486e-09 0.00536826 0.703004 4.43861e-05 9.30949e-05 9.81981e-13 0.0468774 0.000538042 0.00556698 0.000842521 0.00403033 2.64371e-05 0.000156768 0.00517476 0.00640362 1.9851e-09 0.000296759 
0.00182883 0.198881 0.00512886 0.152886 0.320723 0.00338489 0.00310089 1.24102e-08 0.0962924 0.0235749 0.0219506 0.0076181 0.0748331 0.0127067 0.0340121 0.0348489 0.00795906 1.2786e-05 0.000258686 
2.13549e-05 0.0876253 0.000132597 0.307137 0.357181 0.00126368 0.0118922 2.18044e-09 0.0108679 0.148418 0.047982 0.000105578 0.00237748 1.84941e-09 0.000157619 0.0132244 0.0113324 0.000156412 0.000124446 
6.62279e-05 0.240882 0.000145472 0.191536 0.334992 3.80104e-06 0.0754467 1.23009e-11 0.0393732 0.0105566 0.0409638 0.000191758 0.0621065 1.04334e-11 5.15787e-05 0.00150683 0.00191959 2.12344e-08 0.000257107 
1.99519e-09 0.00168978 7.22657e-13 0.0940213 0.889461 5.48797e-05 4.44398e-09 1.10594e-12 1.24155e-08 0.00362759 8.06115e-05 8.50935e-06 3.44875e-08 9.38036e-13 4.04134e-06 0.0105254 0.000162151 7.54847e-05 0.000289108 
0.000141259 0.230925 0.00520856 0.0692807 0.527015 0.00038881 0.00272209 0.000133937 0.0761366 0.0208242 0.00997504 4.00725e-05 0.00450208 1.72657e-08 4.30609e-05 0.0238654 0.0286394 6.32149e-05 9.5083e-05 
0.000148529 0.0667028 0.00031466 0.0688077 0.281427 1.0297e-05 0.00411619 1.45174e-10 0.25319 0.0511866 0.0940258 0.000800754 0.00249859 0.000231211 0.00343526 0.0949937 0.0748615 1.4411e-06 0.00324864 
0.000151284 0.0102302 7.32413e-08 0.072779 0.801168 1.77734e-05 0.00129324 1.56815e-10 0.00232591 0.0429727 0.00205688 0.00116247 0.0211111 1.01025e-08 2.08723e-05 0.00401816 0.0406011 5.48009e-06 8.61385e-05 
1.14059e-05 0.259675 9.89937e-08 0.164755 0.395324 4.68674e-05 0.000137052 3.66302e-10 0.0229623 0.106587 0.0326684 2.1116e-05 0.0083142 4.69239e-08 0.00152227 0.00571698 0.00102584 1.53285e-05 0.00121666 
1.35424e-05 0.350981 1.32541e-06 0.00299346 0.386211 2.53408e-05 0.000149764 7.45203e-13 0.242447 0.000487729 0.00610654 0.000469597 0.00464121 1.71171e-09 0.00197894 0.00122825 0.00199611 1.58087e-10 0.00026948 
0.000325369 0.1156 0.00426805 0.0481938 0.643777 0.000962101 0.00640512 3.88286e-09 0.0855667 0.0155355 0.0313831 0.0012939 0.0199672 0.000713961 0.00968882 0.0080449 0.000690788 2.15195e-05 0.00756221 
0.00243304 0.14587 0.00047004 0.151606 0.324034 0.00162156 0.00525299 4.73825e-05 0.245277 0.0400715 0.0206344 0.00343764 0.029064 0.00267573 0.00789695 0.00840586 0.00931572 0.000112437 0.00177452 
0.000865898 0.128432 8.50451e-07 0.141359 0.296179 0.00185362 0.00877435 1.09027e-05 0.0312195 0.0836067 0.185233 0.000495484 0.0152969 2.01985e-05 0.00852799 0.0810293 0.00873763 1.00536e-05 0.0083469 
1.6022e-05 0.0027879 5.11294e-05 0.000472468 0.992347 5.9217e-07 0.0002024 6.13446e-10 0.000800655 0.000288378 0.00106002 5.99709e-06 0.000261437 0.0002356 5.19779e-05 0.000729729 2.24629e-05 6.05998e-05 0.000605957 
8.7945e-05 0.01224 8.26295e-07 0.0440097 0.628311 1.07232e-06 2.12218e-07 1.01717e-10 0.0732501 0.00219178 0.00157594 0.000129208 7.14717e-07 8.62747e-11 8.26867e-08 0.00295808 0.235229 1.42661e-05 1.67592e-07 
1.49818e-08 0.0658851 0.000899909 0.0132633 0.781156 0.000764546 0.00557691 7.148e-06 0.0155505 0.0121422 0.0614282 0.00369945 0.00145936 0.000221754 6.95258e-05 0.0252631 2.09661e-07 8.1874e-08 0.0126128 
0.00042687 0.0565743 0.000305358 0.0495702 0.807668 4.1689e-05 0.000484523 0.000368643 0.0212696 0.0243484 0.0119837 0.000127525 0.00978212 0.00132521 0.00782974 0.00614218 0.00167032 7.4449e-05 7.03121e-06 
0.000923017 0.107165 0.00214962 0.00512336 0.426145 0.000876307 0.00271866 7.70235e-08 0.0475998 0.293067 0.0237676 0.000136168 0.0145085 5.51818e-06 0.00158356 0.0300903 0.0436018 0.000371727 0.000166847 
1.87768e-06 1.51146e-05 1.32364e-09 3.60945e-06 0.586535 8.26358e-10 1.23846e-05 2.02567e-09 0.116598 0.28455 2.18887e-05 9.27218e-10 3.29636e-06 1.71813e-09 0.000192622 0.0120246 3.33573e-05 1.53249e-09 8.43022e-06 
2.8707e-05 0.0147542 7.23927e-05 0.0365679 0.808666 0.000110824 0.000529884 2.75371e-09 0.0566014 0.0729415 0.00456313 6.58001e-05 0.00188979 3.15192e-06 0.00138678 0.000755708 0.000552734 0.000461648 4.84136e-05 
0.00160069 0.0642545 2.04397e-06 0.11553 0.415797 0.00440924 0.0586283 1.10094e-06 0.163205 0.0602086 0.0451382 0.000174157 0.0169623 1.06155e-09 7.7299e-05 0.0498518 0.00399344 0.000166507 5.16618e-08 
4.67473e-07 0.176094 4.02291e-05 0.0258247 0.543421 3.18369e-05 0.032704 1.34128e-06 0.0227922 0.00213255 0.108228 4.9308e-05 0.00145846 1.0739e-05 0.00115591 0.0821168 0.00368597 1.17091e-05 0.000240746 
7.25257e-05 0.137626 0.000502056 0.128372 0.376831 0.00770758 0.0110548 2.05467e-05 0.0951241 0.0400825 0.145954 2.95329e-05 0.00653728 1.10931e-05 0.000132879 0.0105775 0.0268619 0.00281582 0.00968612 
0.00114384 0.0907699 0.00405262 0.0345232 0.469017 0.000365466 0.00556801 7.23682e-05 0.217213 0.0304809 0.0482536 0.00182426 0.0129196 0.001456 0.0103094 0.0319717 0.0357313 8.55546e-05 0.00424181 
0.000199463 0.026521 8.08767e-06 0.00176417 0.818219 1.10674e-06 0.00373707 2.11885e-05 0.0200235 0.00618775 0.00610803 1.24182e-06 0.00132393 5.45364e-05 4.06105e-07 0.000312146 0.108627 2.05246e-06 0.00688864 
0.00600216 0.196912 0.062199 0.16407 0.38095 6.0332e-05 0.0034507 1.45041e-10 0.12253 0.0136004 0.0202433 0.000165439 0.0072623 1.32637e-07 0.00179236 0.00750512 0.00800181 2.30258e-05 0.00523204 
5.13729e-05 0.195242 2.83273e-05 0.0877378 0.339205 0.000284748 0.00353098 2.13842e-07 0.0404401 0.00670995 0.0560248 0.000184316 0.0482425 0.00178834 0.0480981 0.115729 0.046485 1.00206e-05 0.0102077 
0.00299125 0.101865 0.00857512 0.105122 0.503615 0.00279157 0.00882859 2.84346e-06 0.108867 0.0205528 0.0387004 0.00151266 0.0183736 0.00575474 0.0202118 0.0251078 0.00685133 0.0148023 0.00547396 
9.08554e-07 9.08782e-07 9.07662e-07 9.08723e-07 0.820087 9.08114e-07 0.0146279 9.07029e-07 9.08756e-07 0.00690639 0.0369877 9.08024e-07 9.08551e-07 9.07307e-07 0.00499857 0.0510662 0.0627741 0.00254184 9.08419e-07 
0.00164099 0.00129967 0.0034347 0.012889 0.59771 0.000187155 0.0010642 5.44709e-06 0.0354472 0.0152438 0.0107383 0.00420272 0.0816392 0.171467 0.00106404 0.0356672 0.000720498 0.0244268 0.0011518 
5.88494e-05 0.075857 0.000564366 0.180267 0.233379 0.00181486 0.0147212 1.23108e-06 0.131727 0.00373513 0.134102 0.00068498 0.0262341 0.0100103 0.0128607 0.131275 0.0325984 7.54412e-05 0.0100343 
4.27863e-05 0.0255401 8.39339e-06 0.360299 0.582572 0.000148794 0.000109666 2.97335e-12 0.01443 0.0039562 0.000593855 5.7438e-05 0.00777725 1.61145e-06 1.54123e-05 0.00360175 0.000759184 4.92881e-05 3.75428e-05 
0.000247899 0.0978226 4.01131e-05 0.170351 0.386503 0.000787243 0.000323244 3.30018e-06 0.282014 0.0120672 0.00521191 0.0202375 0.0168446 1.29604e-06 0.00229611 0.00200245 0.00191694 6.68803e-05 0.00126205 
0.0016404 0.112626 0.000990634 0.0417977 0.250212 0.0111236 0.0150933 0.000445897 0.0478942 0.0735207 0.070848 0.00100322 0.025612 0.00111239 0.00691071 0.0738701 0.235534 0.000192334 0.0295726 
2.04858e-05 0.189312 0.00295493 0.0282242 0.489844 7.35881e-05 0.0007649 0.00142366 0.0835055 0.0337812 0.0576631 0.00280763 0.00594636 8.58755e-06 0.000455029 0.0879752 0.00562491 0.00918755 0.000426821 
0.00112918 0.0714587 0.00505302 0.0534422 0.573713 0.000319553 0.00200771 1.27195e-06 0.0144866 0.21239 0.0197374 0.000224594 0.00100781 2.32652e-11 0.0429186 0.000264703 0.000162475 0.00132296 0.000359996 
0.000186125 0.166463 0.011484 0.0901459 0.30638 0.00431005 0.0243951 3.55243e-11 0.191909 0.0271244 0.0936292 0.0012494 0.0113526 6.22707e-05 0.00307841 0.0323017 0.00548921 0.000657071 0.0297828 
1.81105e-05 0.0510347 0.000139857 0.243607 0.580607 1.81012e-05 0.000480226 4.00983e-12 0.0386274 0.0544945 0.000722613 0.000131095 6.06445e-05 3.40106e-12 0.000106811 0.00391292 0.0257027 0.000288673 4.69016e-05 
0.00137484 0.139113 0.000461079 0.193995 0.323873 2.03707e-05 0.00191331 0.000746219 0.0276096 0.0102151 0.02052 0.000960271 0.0628022 1.36168e-06 0.000934141 0.114149 0.0994205 1.51839e-05 0.00187626 
1.77496e-05 0.128364 0.000115035 0.278515 0.36423 0.000495476 0.00548704 1.53394e-08 0.0278643 0.00216365 0.0324521 0.00023583 0.011162 0.0021331 0.00849997 0.0350288 0.100977 1.57123e-05 0.0022428 
1.6022e-05 0.0027879 5.11294e-05 0.000472468 0.992347 5.9217e-07 0.0002024 6.13446e-10 0.000800655 0.000288378 0.00106002 5.99709e-06 0.000261437 0.0002356 5.19779e-05 0.000729729 2.24629e-05 6.05998e-05 0.000605957 
4.58202e-06 0.147058 0.000291184 0.0417815 0.403462 6.47073e-05 0.0149986 0.0234054 0.0141208 0.157171 0.145023 0.00505834 0.0174621 5.47118e-05 0.00167584 0.0201167 0.00463324 0.00035649 0.00326107 
0.000159159 0.387599 0.000296211 0.0450621 0.42056 4.47902e-08 0.00217362 9.19918e-08 0.0232457 0.110897 0.00647147 8.01715e-05 0.00101571 1.1665e-07 0.000444016 0.00104611 0.000749705 6.70235e-06 0.000192351 
0.000251275 0.0171735 0.00053811 0.00460821 0.798917 5.06556e-05 0.00257619 6.75351e-08 0.00755051 0.0298328 0.00158321 3.7937e-06 0.00254568 0.00074271 0.000293908 0.0230773 0.108319 0.000239499 0.00169644 
0.00325725 0.0832673 0.00470982 0.0715635 0.350931 0.000724377 0.0028527 1.07017e-08 0.0796618 0.319907 0.0250453 0.0017141 0.00836573 2.52218e-05 0.0196418 0.0166892 0.000463256 0.00101249 0.010168 
0.00303108 0.0343697 6.95688e-05 0.0876218 0.621654 0.00352118 7.8943e-05 4.74214e-09 0.152202 0.036006 0.0167514 0.00067995 0.0311234 0.000102621 0.000758424 0.00783392 0.00179093 2.09075e-05 0.00238392 
8.3517e-06 0.188668 1.6988e-06 0.0639627 0.541802 0.000196951 0.000436177 4.49684e-09 0.167732 0.000660345 0.0125757 8.95384e-06 0.00371101 0.000174109 0.00484473 0.0059715 0.00610378 2.66992e-08 0.0031428 
0.00642996 0.0526529 3.522e-05 0.221986 0.242002 0.000913924 0.054161 0.000231079 0.0769395 0.0784328 0.0391199 0.000380634 0.00765862 8.35734e-10 0.0295266 0.119347 0.0686338 7.10039e-06 0.00154165 
0.00017115 0.0705843 9.21576e-09 0.00740399 0.832552 5.60615e-06 0.00026651 4.76582e-09 0.051472 0.00276197 0.000654045 9.90498e-05 0.000320371 3.21199e-08 1.33758e-05 0.000477113 0.0331891 6.30672e-06 2.30631e-05 
1.00866e-05 0.117014 0.000142335 0.00499899 0.370766 5.77956e-05 0.15051 1.75503e-07 0.0166066 0.0309534 0.161884 2.31821e-06 0.0036283 2.07802e-07 0.0236501 0.051585 7.37084e-05 1.44325e-05 0.0681028 
0.00048289 0.215603 0.00875674 0.10103 0.263708 4.29358e-05 0.0068873 1.69256e-08 0.026761 0.137505 0.189352 0.00152668 0.00710854 0.00106988 0.00836601 0.00372749 0.0159139 0.000350592 0.0118072 
0.000218879 0.28552 8.62456e-05 0.0390438 0.29964 0.000538227 0.00510004 2.15491e-10 0.198444 0.0123871 0.0394695 0.0296187 0.0104367 1.73187e-05 0.00180448 0.026558 0.0481201 0.000160619 0.00283648 
0.000199932 0.0522021 0.00111397 0.0211963 0.29074 0.00244815 0.00614954 9.65351e-11 0.144031 0.264511 0.126712 0.00219105 0.0117282 3.09196e-05 0.0159284 0.0179904 0.0128751 0.000752859 0.029199 
0.000815898 0.0748381 0.00249485 0.0219752 0.283017 0.00183496 0.00128073 2.28204e-08 0.129342 0.277594 0.0852123 0.000861332 9.05291e-05 0.000750741 0.000410633 0.0279769 0.000712398 0.0894625 0.00132942 
1.69183e-06 0.0172201 6.67988e-06 0.0191676 0.814051 4.1703e-06 0.00128753 0.00136441 0.0774986 0.00603567 0.00140453 0.00471329 0.0146974 0.00346879 1.07508e-06 0.0385465 0.000228701 7.73387e-06 0.000294134 
0.000594697 0.0317953 0.00705929 0.0410572 0.54847 0.00019889 0.00539991 3.21756e-05 0.00855303 0.303996 0.0406615 0.00209901 0.00320198 3.97308e-05 0.000131894 0.000756713 0.00435873 0.00152829 6.58895e-05 
5.33533e-05 0.229975 6.55168e-05 0.285252 0.440847 4.64985e-08 0.00126166 1.66882e-12 0.0184389 0.0105176 0.00119332 0.00035596 0.0103332 1.37314e-08 3.63307e-09 0.00043983 0.00126669 1.3889e-08 6.10698e-09 
0.0021018 0.171846 8.82879e-08 0.0501152 0.510495 1.45918e-05 0.00494398 0.000103278 0.119606 0.0997096 0.0298492 6.18464e-08 0.00573447 3.20911e-06 0.000319093 0.0039342 0.0011001 2.96875e-05 9.47278e-05 
0.0361051 0.195765 0.00028409 0.0703043 0.402572 0.00427366 0.000272459 2.88419e-12 0.1907 0.00629591 0.00604998 0.00162909 0.0563362 0.000201941 0.0135451 0.00298538 0.0121937 9.38891e-06 0.000476303 
6.30073e-05 0.204665 0.011151 0.0851188 0.53341 2.77677e-05 0.00308566 4.93791e-07 0.0443741 0.0188357 0.0590407 6.92401e-05 0.00775695 9.1357e-07 0.00192277 0.0260366 0.0036467 0.000215953 0.000578675 
2.92165e-06 0.0147519 1.50748e-06 0.0595204 0.728803 1.454e-05 0.00369226 5.08824e-09 0.109541 0.00569457 0.00717065 9.10962e-06 0.00160769 1.32902e-09 2.59243e-05 0.0370634 0.0217686 0.000125659 0.0102067 
3.4192e-11 0.0806155 0.357453 0.000911281 0.406328 3.45402e-07 4.10695e-07 2.06603e-10 0.0216251 0.0637343 0.0265519 2.31465e-07 0.000149188 1.75237e-10 0.000134695 0.00668237 0.0349108 1.30774e-06 0.00090196 
9.51468e-06 0.215538 6.81805e-07 0.0596581 0.465209 4.25657e-07 0.0306024 1.04342e-06 0.0295051 0.0541695 0.0886905 0.0534826 0.000463733 2.82441e-05 4.03636e-07 0.000342225 0.00038772 7.89384e-07 0.00191076 
0.000275644 0.16837 0.00337302 0.0745788 0.470225 0.000290173 0.0101389 9.12285e-11 0.0973234 0.0953368 0.0273228 0.000316641 0.0217321 8.92358e-05 0.00022554 0.0212168 0.0069778 0.00115959 0.00104854 
3.87191e-05 0.146581 2.53768e-05 0.0721968 0.636993 0.000112443 0.00286931 6.93007e-07 0.0826255 0.00671153 0.0213113 0.000218007 0.00444854 8.38074e-07 0.00134964 0.0219483 0.000317279 0.000202899 0.00204823 
1.33762e-06 0.150224 2.12055e-08 0.0697557 0.605924 2.30034e-05 0.000430072 1.26096e-08 0.0224973 2.88739e-05 0.0370983 9.21414e-06 0.00532296 8.25577e-10 0.00110296 0.102689 0.00476714 7.94076e-08 0.000126151 
0.000666219 0.0699654 4.50539e-07 0.164244 0.619282 1.12622e-05 0.0010587 2.14521e-10 1.22265e-06 0.0556335 0.0724989 4.44745e-05 0.00760755 1.81952e-10 0.00649643 0.00224036 0.000242997 5.19403e-06 1.44821e-06 
2.62544e-10 0.120128 1.21233e-06 0.0157074 0.607605 2.48883e-06 0.0177805 6.09121e-05 0.104032 0.103166 0.0170277 7.8264e-07 0.000980557 1.24325e-06 0.00167819 0.010334 0.000431542 0.000849129 0.000212606 
0.00042687 0.0565743 0.000305358 0.0495702 0.807668 4.1689e-05 0.000484523 0.000368643 0.0212696 0.0243484 0.0119837 0.000127525 0.00978212 0.00132521 0.00782974 0.00614218 0.00167032 7.4449e-05 7.03121e-06 
6.23176e-07 0.00191134 0.00193449 0.000121348 0.793505 1.53611e-06 7.2393e-07 3.7655e-06 0.000464302 0.0109356 0.035125 1.7236e-06 0.0451525 0.00035476 2.1122e-05 0.0501077 0.0601453 0.000211902 9.00574e-07 
0.00656192 0.0474274 6.0537e-05 0.265732 0.354581 0.00171854 0.00336694 2.31781e-11 0.0635845 0.026771 0.0372005 0.00316436 0.0288694 4.36694e-05 0.0265966 0.0136917 0.117409 1.68069e-05 0.00320485 
1.6022e-05 0.0027879 5.11294e-05 0.000472468 0.992347 5.9217e-07 0.0002024 6.13446e-10 0.000800655 0.000288378 0.00106002 5.99709e-06 0.000261437 0.0002356 5.19779e-05 0.000729729 2.24629e-05 6.05998e-05 0.000605957 
1.8002e-05 0.196876 0.00144124 0.0188471 0.483943 0.000116586 0.00301481 1.31614e-09 0.050573 0.209571 0.00689757 5.32911e-05 0.0106838 0.0141727 0.000113864 0.00262877 0.000757288 6.37886e-05 0.000229052 
0.000305591 0.207556 0.00052985 0.14997 0.33655 7.38357e-05 0.00373524 1.26676e-07 0.040772 0.0458616 0.1413 0.00484225 0.00221008 0.000189978 0.0282417 0.00396631 0.0122587 0.000100874 0.0215357 
3.32711e-08 0.0374015 1.84392e-07 0.072733 0.675759 4.73892e-08 2.31968e-05 2.49236e-11 0.129197 0.00879412 0.0129322 5.55109e-05 0.00229964 2.07141e-07 0.000555165 0.0601151 3.28911e-07 0.000133774 8.70758e-08 
2.54273e-09 0.199765 2.33883e-12 0.345878 0.432298 2.38274e-05 0.000130046 3.57929e-12 0.00502162 0.000604677 0.000966317 6.11762e-06 0.00278699 3.03589e-12 2.37864e-05 0.0111924 0.000987305 1.26023e-05 0.000303666 
5.02382e-09 0.449588 1.83528e-08 0.0453139 0.468471 4.53405e-05 1.46166e-08 2.83675e-12 0.0219512 0.00232751 0.00149843 0.000970973 0.00346828 5.3658e-08 0.000510502 0.00489672 0.000957644 7.51349e-09 4.48463e-08 
3.6619e-05 0.277002 7.00689e-05 0.0255353 0.558855 0.00109625 0.00590143 3.57602e-08 0.0249491 0.0049908 0.0526574 0.000188518 0.00189277 0.0020936 0.0269786 0.00702722 0.00180761 1.76507e-05 0.00890006 
6.28932e-05 0.144378 8.59912e-05 0.148194 0.320625 6.9529e-06 0.0847176 9.58274e-05 0.0508077 0.0780616 0.126166 2.62774e-05 0.00679302 0.000102613 0.00836103 0.0165859 0.0146306 5.96219e-06 0.000293652 
3.11993e-05 0.21486 0.0018383 0.198003 0.375286 2.37376e-09 0.000111682 2.97862e-10 0.166814 0.018753 0.0132524 6.87471e-05 0.00180594 2.52641e-10 3.35305e-05 0.00393242 0.00382818 0.000634206 0.000747438 
0.00131945 0.0231863 0.00838754 0.0812064 0.52407 3.15162e-05 0.001811 1.43744e-05 0.0197962 0.243142 0.0195157 0.00213498 0.0101016 0.00131208 0.00660979 0.0136987 8.09202e-05 0.0434133 0.000167744 
0.00495599 0.101073 1.18886e-05 0.219027 0.253948 0.00084062 0.0972293 0.000205375 0.0498861 0.0550222 0.155391 0.00585408 0.0138653 0.000197327 0.00245943 0.0336868 0.000182132 2.33364e-05 0.0061412 
7.54944e-06 0.332712 4.87651e-05 0.117191 0.344024 2.01992e-06 0.0786032 1.34079e-07 0.0554976 0.00288421 0.0145298 0.00014954 0.0287868 3.30598e-06 6.01955e-05 0.0249057 0.000381949 2.12768e-05 0.000190669 
0.00339856 0.132237 0.0043167 0.0472444 0.4335 0.000946247 0.0324983 7.45891e-07 0.11986 0.0502993 0.116359 0.00121958 0.0121372 0.000733298 0.00273 0.0188269 0.0169877 3.82213e-06 0.00670079 
5.80295e-05 0.231071 0.000103448 0.0756153 0.252242 0.000752105 0.0113597 3.01122e-11 0.0739129 0.108195 0.20292 0.00188406 0.00580208 1.25735e-05 0.00241834 0.00807877 0.00606163 0.000237453 0.0192756 
0.00317871 0.217819 0.00409049 0.111091 0.379367 0.00102718 0.00810767 2.22879e-05 0.139041 0.0283138 0.0487619 0.00549021 0.0156708 0.000374766 0.00734017 0.0137099 0.00792801 0.000139817 0.00852614 
0.000669076 0.0726344 0.00643003 0.0419495 0.30877 0.00691576 0.00369815 5.6621e-08 0.286914 0.129373 0.0243368 0.0210252 0.0484746 0.0296971 0.000374394 0.00737523 0.00648298 1.32037e-05 0.00486649 
0.00250202 0.0915137 0.043339 0.0309649 0.232542 0.00109828 0.000835707 2.82027e-07 0.193584 0.22583 0.0218965 0.00629869 0.0115319 0.000765775 0.0268685 0.0172333 0.0900999 0.0028815 0.000213198 
0.000151284 0.0102302 7.32413e-08 0.072779 0.801168 1.77734e-05 0.00129324 1.56815e-10 0.00232591 0.0429727 0.00205688 0.00116247 0.0211111 1.01025e-08 2.08723e-05 0.00401816 0.0406011 5.48009e-06 8.61385e-05 
4.29386e-06 0.193497 1.7417e-05 0.0388962 0.607953 9.68383e-05 0.00159261 2.58811e-10 0.0671598 0.0308911 0.0341192 0.000182908 0.000953419 1.6579e-06 0.000770875 0.0100889 0.0101154 1.28884e-05 0.00364723 
0.000342432 0.0408088 1.27459e-05 0.125431 0.291719 0.000605631 0.192822 3.41028e-08 0.011501 0.0896649 0.0750367 0.0334967 0.00467737 2.89253e-08 9.94212e-05 0.023186 0.000819034 0.109048 0.000728583 
9.39869e-05 0.0845207 0.000780328 0.220871 0.28505 0.00125232 0.0130773 8.64587e-11 0.0127013 0.0181416 0.211294 5.9285e-05 0.00370745 2.07042e-05 0.0938625 0.0150364 0.0281474 7.05649e-06 0.0113768 
0.00016125 0.174026 0.0321519 0.1028 0.370104 4.08489e-08 0.00110753 3.37008e-07 0.130353 0.0293556 0.0504176 0.000428205 0.000556701 6.60163e-08 6.94479e-05 0.000307253 0.10786 3.18703e-08 0.00030029 
0.000212138 0.041493 0.03911 0.304306 0.359073 5.0974e-05 0.000260954 0.00347127 0.0735657 0.0505607 0.000702068 0.000168276 0.00940435 1.26067e-05 0.000709123 0.0550436 0.0206882 0.0410741 9.42872e-05 
0.0148396 0.133436 0.00282988 0.103217 0.357611 0.00221165 0.000924805 1.61366e-07 0.140383 0.0816537 0.0354675 0.00477007 0.0226079 0.00253408 0.0278393 0.0568704 0.0116202 0.000163879 0.00102027 
0.000146724 0.0678013 0.0328082 0.0290461 0.301525 0.000396464 0.0237499 0.00832461 0.0416715 0.186673 0.111296 0.00017141 0.0248724 0.000330867 0.0119976 0.132894 0.0093329 0.0091127 0.00785009 
1.54874e-06 0.0842939 1.04512e-05 0.0176922 0.801384 3.73175e-05 0.000779071 2.77819e-11 0.0336152 0.00801796 0.00864383 0.00142192 0.00981117 9.82963e-06 0.000558484 0.0187302 0.0146003 2.73729e-06 0.000390295 
0.000175814 0.113898 0.0248978 0.0455956 0.341899 1.43356e-08 0.0178332 7.76414e-08 0.110682 0.0539672 0.139633 0.00167182 0.0306095 1.127e-10 0.00302213 0.00209554 0.00269816 0.00148855 0.109833 
2.21271e-05 0.0470794 0.000160581 0.0542032 0.886848 1.5206e-06 0.00200623 3.79273e-09 0.00124717 0.00445791 0.000316517 0.000744415 8.82583e-05 5.48054e-10 7.14855e-06 0.00174434 0.00107313 1.72754e-08 2.07538e-07 
0.00842394 0.121548 0.0653547 0.12742 0.283213 0.000668988 0.0376853 1.42152e-07 0.0687208 0.0470038 0.0461716 0.0859201 0.0627954 0.000945523 0.00528978 0.014516 0.000981583 0.000263801 0.0230786 
1.6022e-05 0.0027879 5.11294e-05 0.000472468 0.992347 5.9217e-07 0.0002024 6.13446e-10 0.000800655 0.000288378 0.00106002 5.99709e-06 0.000261437 0.0002356 5.19779e-05 0.000729729 2.24629e-05 6.05998e-05 0.000605957 
0.000611747 0.182447 5.86465e-06 0.0779183 0.283566 0.00986307 0.00140583 0.00500589 0.052778 0.0523124 0.0424979 0.126001 0.0156745 6.02027e-05 0.137052 0.00326913 0.00249233 9.8323e-06 0.00702877 
0.000190157 0.230414 0.000236254 0.0180416 0.298747 0.00232436 0.00124666 4.72843e-06 0.0567731 0.0218871 0.0558954 0.00142723 0.164976 5.61143e-05 0.0212298 0.10684 0.0140809 1.64321e-06 0.00562827 
6.78905e-05 0.0216396 0.000509392 0.0245328 0.410518 0.000153029 0.0636745 0.000295825 0.0221512 0.380839 0.0722556 4.33897e-06 0.000557563 8.66443e-07 5.53524e-05 0.000311507 0.000275322 9.8324e-05 0.00206072 
0.0282599 0.194335 0.00024474 0.0941674 0.363818 0.00423209 0.00051388 2.75511e-12 0.186379 0.00887887 0.00999834 0.00238993 0.0601985 0.00192947 0.0301936 0.00404935 0.0100459 9.36717e-06 0.000357231 
1.21643e-06 0.042527 1.88348e-07 0.256932 0.399395 8.66615e-07 0.0194042 0.000129542 0.00290662 0.0768582 0.143788 0.00101678 0.014602 0.00031054 1.08882e-05 0.0417988 0.000186051 0.000132099 6.89378e-08 
0.000144669 0.111526 2.44906e-10 0.017414 0.418703 0.000556555 0.00171563 5.14144e-05 0.0134459 0.0150902 0.198375 0.0136271 0.0987912 0.00258422 0.0674306 0.0159002 0.0227613 1.75976e-06 0.00188188 
1.6022e-05 0.0027879 5.11294e-05 0.000472468 0.992347 5.9217e-07 0.0002024 6.13446e-10 0.000800655 0.000288378 0.00106002 5.99709e-06 0.000261437 0.0002356 5.19779e-05 0.000729729 2.24629e-05 6.05998e-05 0.000605957 
1.6022e-05 0.0027879 5.11294e-05 0.000472468 0.992347 5.9217e-07 0.0002024 6.13446e-10 0.000800655 0.000288378 0.00106002 5.99709e-06 0.000261437 0.0002356 5.19779e-05 0.000729729 2.24629e-05 6.05998e-05 0.000605957 
4.29386e-06 0.193497 1.7417e-05 0.0388962 0.607953 9.68383e-05 0.00159261 2.58811e-10 0.0671598 0.0308911 0.0341192 0.000182908 0.000953419 1.6579e-06 0.000770875 0.0100889 0.0101154 1.28884e-05 0.00364723 
0.00611813 0.0459346 0.00190812 0.0952821 0.341354 0.000663717 0.00177459 4.6869e-05 0.0935466 0.298352 0.0286208 0.00557749 0.0442112 0.000933636 0.00154276 0.0184309 0.0115137 0.000245838 0.00394379 
2.54367e-05 0.113781 4.71344e-05 0.0571436 0.691864 6.26602e-06 0.000270223 3.26046e-12 0.0926421 0.00822011 0.00105029 3.32997e-05 0.00130814 2.76546e-12 0.000115185 0.00390758 0.0294514 2.99685e-06 0.00013117 
0.0361051 0.195765 0.00028409 0.0703043 0.402572 0.00427366 0.000272459 2.88419e-12 0.1907 0.00629591 0.00604998 0.00162909 0.0563362 0.000201941 0.0135451 0.00298538 0.0121937 9.38891e-06 0.000476303 
3.13692e-05 0.319154 0.000166058 0.0287333 0.490663 1.14325e-07 3.7196e-08 1.0975e-11 0.120415 0.00507539 0.00150621 6.80933e-09 0.00304403 1.08829e-08 7.88185e-06 0.0217348 0.00935731 0.000111364 2.62484e-12 
0.000151284 0.0102302 7.32413e-08 0.072779 0.801168 1.77734e-05 0.00129324 1.56815e-10 0.00232591 0.0429727 0.00205688 0.00116247 0.0211111 1.01025e-08 2.08723e-05 0.00401816 0.0406011 5.48009e-06 8.61385e-05 
4.23742e-05 0.0626334 0.000622321 0.127718 0.396394 0.00157811 0.00958414 1.13252e-05 0.0480559 0.273925 0.0275505 0.0123613 0.0064346 0.000806274 0.000152289 0.0276587 0.002476 0.00107975 0.000916781 
2.49167e-06 0.0917112 6.98988e-05 0.0148774 0.618943 0.0002179 2.02556e-06 8.1188e-07 0.139118 0.000402297 0.0624619 0.00094868 0.0107265 9.44972e-05 0.00707056 0.0301591 0.0110773 0.000637225 0.0114785 
7.80318e-05 0.0296362 0.000757677 0.13563 0.551992 6.77777e-05 0.00016039 1.33939e-05 0.117137 0.0297065 0.0110774 0.00712399 0.0539105 3.41541e-05 2.5405e-06 0.0586799 0.00102609 0.00278412 0.000182064 
4.29386e-06 0.193497 1.7417e-05 0.0388962 0.607953 9.68383e-05 0.00159261 2.58811e-10 0.0671598 0.0308911 0.0341192 0.000182908 0.000953419 1.6579e-06 0.000770875 0.0100889 0.0101154 1.28884e-05 0.00364723 
1.10174e-08 0.326832 1.64104e-08 0.023842 0.537771 2.38203e-12 0.00135292 5.83911e-12 0.0643719 0.00294385 0.0116088 1.70706e-05 0.0124465 4.95263e-12 7.48878e-05 0.00763124 0.0111076 3.09667e-09 1.39651e-12 
1.30799e-05 0.00985139 0.00223698 0.0535534 0.631629 3.42481e-06 0.00115992 3.62871e-07 0.0201877 0.270439 0.00325645 1.50788e-06 0.000295515 3.07781e-07 5.40792e-07 0.006861 0.000392888 0.000116496 1.59181e-06 
3.17646e-05 0.269928 1.36966e-08 0.131152 0.312282 1.0573e-08 0.00453308 6.4257e-12 0.0103667 0.00157359 0.0634036 6.65154e-06 0.0494303 5.45015e-12 0.0126255 0.116532 0.0279984 4.71071e-06 0.000132937 
3.84633e-05 0.041844 2.42774e-05 0.0482387 0.802938 7.00506e-05 0.00127305 4.30293e-08 0.0609831 0.00462107 0.00425284 0.000300452 0.00554923 2.72772e-05 0.000319573 0.0282481 0.00109283 4.67865e-05 0.000131845 
1.04551e-06 0.178931 0.000652714 0.0340548 0.302428 2.82319e-05 0.00848471 3.85096e-07 0.0559841 0.00200491 0.0254201 0.000144472 0.00523205 2.36352e-08 0.206661 0.0179831 0.074406 1.54755e-06 0.0875818 
2.81233e-05 0.0662533 1.33012e-06 0.158468 0.267185 0.000153117 0.000637935 1.95689e-05 0.0770465 0.177772 0.17043 9.4453e-06 0.0351453 9.22983e-05 0.000747254 0.0401896 0.00458713 2.20615e-05 0.00121311 
0.0016872 0.0185278 0.000159858 0.0724005 0.381985 0.00320513 0.000826883 1.73213e-10 0.0252322 0.0774446 0.174273 0.00125543 0.0026729 0.000380349 0.156946 0.0416785 0.00816181 6.24856e-05 0.0331006 
9.55571e-05 0.174573 0.00040925 0.283816 0.355226 0.000553231 0.00139076 4.91826e-09 0.0626147 0.00387071 0.0124827 0.000553197 0.0307418 3.03176e-05 0.00596661 0.0600324 0.00464884 0.000312621 0.00268194 
1.6022e-05 0.0027879 5.11294e-05 0.000472468 0.992347 5.9217e-07 0.0002024 6.13446e-10 0.000800655 0.000288378 0.00106002 5.99709e-06 0.000261437 0.0002356 5.19779e-05 0.000729729 2.24629e-05 6.05998e-05 0.000605957 
1.71857e-05 0.105217 0.0516116 0.0165532 0.580348 4.2493e-05 0.000686665 1.14685e-08 0.0518216 0.0534527 0.0349729 0.000332936 0.00347121 0.000787516 0.00105494 0.024882 0.0123559 0.059023 0.00336927 
0.000146684 0.00871996 0.00221807 0.0495512 0.266048 4.58969e-06 0.00382218 1.60019e-07 0.00157935 0.252199 0.162832 8.08095e-05 0.0039974 1.07252e-06 0.00397826 0.0108479 0.000572487 0.00128858 0.232112 
5.48283e-05 0.056713 0.000309272 0.186083 0.452265 0.00318525 0.000530611 4.15089e-06 0.0926578 0.0517042 0.0197462 0.0212746 0.0203365 0.0012852 0.000388608 0.0763377 0.016397 0.000117617 0.000608981 
0.000363338 0.189578 0.000135286 0.211673 0.253821 0.00261314 0.00441693 7.21535e-11 0.198101 0.0176691 0.0334484 0.00751166 0.0329971 0.00863515 0.00390305 0.0198227 0.0141831 5.55408e-05 0.00107256 
0.00495495 0.0769829 0.232171 0.0755152 0.587665 6.15423e-05 2.00833e-06 3.66181e-10 0.00235468 0.00743838 0.00203433 0.000334292 0.00112801 9.85998e-07 0.00078144 0.00596573 0.000422412 0.00209527 9.25662e-05 
0.000681745 0.225917 0.000311376 0.019441 0.365185 0.000273526 0.0422016 4.60968e-06 0.07377 0.0142299 0.178014 0.000230081 0.018828 0.000833904 0.0181753 0.036512 0.00343707 4.61827e-06 0.00194962 
6.64853e-05 0.178267 1.04637e-05 0.00018686 0.499043 8.7009e-05 0.0487324 6.80513e-07 0.0600176 0.03289 0.0898168 0.00995628 0.00911765 0.000381407 0.00229418 0.036165 0.0325327 0.000391088 4.37341e-05 
0.00717915 0.0530782 4.31714e-05 0.109785 0.399868 0.00259664 0.000124077 4.87472e-09 0.195942 0.0299231 0.0170698 0.00704682 0.0774432 0.0170716 0.0070914 0.067766 0.00613185 0.000760201 0.00107902 
0.00957256 0.28492 0.000190549 0.263066 0.298682 0.000203335 0.0128527 2.25147e-05 0.0297448 0.0425483 0.0306413 0.000318309 0.00424237 3.40384e-05 0.00541326 0.0147082 0.00158564 0.000197982 0.00105572 
1.6022e-05 0.0027879 5.11294e-05 0.000472468 0.992347 5.9217e-07 0.0002024 6.13446e-10 0.000800655 0.000288378 0.00106002 5.99709e-06 0.000261437 0.0002356 5.19779e-05 0.000729729 2.24629e-05 6.05998e-05 0.000605957 
2.12988e-05 0.11869 1.31682e-05 0.14758 0.447022 5.10076e-05 0.00669758 3.8782e-10 0.161091 0.0688536 0.0173708 0.00501079 0.00275526 3.28942e-10 0.0106529 0.00141418 8.86276e-05 2.43121e-08 0.012687 
1.35424e-05 0.350981 1.32541e-06 0.00299346 0.386211 2.53408e-05 0.000149764 7.45203e-13 0.242447 0.000487729 0.00610654 0.000469597 0.00464121 1.71171e-09 0.00197894 0.00122825 0.00199611 1.58087e-10 0.00026948 
0.00319424 0.0700419 2.132e-05 0.00552763 0.357935 1.55943e-07 0.00266193 2.90745e-11 0.00337385 0.0348107 0.127833 0.000563956 0.00488703 5.16048e-08 0.0650652 0.000562178 4.56862e-08 0.31453 0.00899195 
0.0192081 0.00726473 0.000150772 0.205433 0.30253 0.00219767 8.85331e-06 3.6434e-06 0.0705468 0.0130843 0.0062698 0.00139113 0.272331 0.0385263 0.00389326 0.0227281 0.015702 0.0176358 0.00109553 
3.38919e-05 0.239265 0.00221069 0.00345347 0.387999 3.92018e-05 0.00151451 2.22836e-06 0.279104 0.0273917 0.0451605 4.71246e-05 0.00327023 3.93553e-05 0.00484298 0.0038551 0.00128797 1.23157e-05 0.000471209 
0.000416397 0.0758448 0.00159325 0.094812 0.589129 6.92943e-05 0.000617805 2.10491e-07 0.136139 0.0187761 0.00295935 0.000802215 0.0178874 8.22673e-05 0.00385806 0.0326843 0.0230944 0.00103509 0.000199663 
3.50628e-05 0.0180326 8.8412e-05 0.0414028 0.841008 0.000135269 0.000647503 2.51967e-09 0.0115304 0.0803962 0.00291947 8.03541e-05 0.00142097 3.63559e-06 0.000572828 0.000828861 0.000675409 0.000192417 3.01549e-05 
0.000151284 0.0102302 7.32413e-08 0.072779 0.801168 1.77734e-05 0.00129324 1.56815e-10 0.00232591 0.0429727 0.00205688 0.00116247 0.0211111 1.01025e-08 2.08723e-05 0.00401816 0.0406011 5.48009e-06 8.61385e-05 
5.74366e-06 0.124533 1.26321e-08 0.00503086 0.76433 8.31922e-06 0.000737085 2.48089e-11 0.0164947 0.000179255 0.0241682 9.7372e-05 0.0133016 7.44988e-06 0.00116493 0.0109328 0.0263021 4.4323e-06 0.0127022 
0.000163425 0.29384 0.000167902 0.0178438 0.331387 9.31446e-05 0.00377723 3.07199e-10 0.0499552 0.0296077 0.230476 0.000179379 0.00770779 6.2293e-07 0.0104972 0.00985846 0.0133939 6.69407e-07 0.00105074 
0.0282599 0.194335 0.00024474 0.0941674 0.363818 0.00423209 0.00051388 2.75511e-12 0.186379 0.00887887 0.00999834 0.00238993 0.0601985 0.00192947 0.0301936 0.00404935 0.0100459 9.36717e-06 0.000357231 
0.00209839 0.0520796 2.666e-08 0.0630926 0.362473 0.00864512 0.000268323 3.42407e-12 0.295526 0.0565379 0.0631325 0.00495961 0.0372704 0.001259 0.00508042 0.0407915 0.00444661 3.46669e-06 0.00233558 
0.000892178 0.22316 0.00275744 0.0977187 0.371425 0.000236507 0.00535957 0.00168606 0.161493 0.0561311 0.0260888 0.00167671 0.00755109 0.00322351 0.00691172 0.00365133 0.00287704 0.0183644 0.00879607 
3.23919e-07 8.10253e-06 7.79711e-08 0.00691041 0.882627 1.75779e-06 7.88795e-06 8.50782e-08 0.00227129 0.0891845 0.000105883 7.07792e-07 9.60046e-06 7.21617e-08 1.72321e-05 0.0175684 0.001281 5.34711e-06 4.62648e-07 
7.08467e-06 0.239591 6.76122e-07 0.00269085 0.70501 2.35334e-05 4.77317e-05 2.77433e-10 0.0410624 0.000271547 0.00278943 0.000428016 0.00202249 1.54657e-05 7.97274e-05 0.00259465 0.00321371 2.76884e-07 0.000151077 
0.000154712 0.113467 7.0055e-05 0.197019 0.32024 0.000194335 0.00171208 3.70689e-10 0.0468473 0.279495 0.0166111 0.000676717 0.0175117 0.000255096 0.00194668 0.00267542 0.00111374 8.80418e-06 1.17491e-07 
0.00027064 0.0344538 0.000217907 0.18554 0.398076 0.000477113 0.000710489 0.0032347 0.096996 0.0672824 0.00848134 0.00081489 0.0108791 6.08304e-05 0.0123264 0.0615437 0.0432272 0.0745672 0.000840471 
0.00893298 0.101661 0.000177827 0.0942054 0.256219 0.0010443 0.00730071 1.97315e-08 0.130516 0.179253 0.0715867 0.00610174 0.0243168 0.0349338 0.00055267 0.0207906 0.0328831 0.000314118 0.02921 
1.05413e-05 0.0168776 2.51667e-05 0.219519 0.746755 6.04258e-06 0.00089034 5.13395e-10 0.012978 0.00106254 0.000263181 6.14171e-06 0.00049733 4.35452e-10 4.69943e-06 0.000595722 0.000416345 2.82822e-05 6.44298e-05 
1.6022e-05 0.0027879 5.11294e-05 0.000472468 0.992347 5.9217e-07 0.0002024 6.13446e-10 0.000800655 0.000288378 0.00106002 5.99709e-06 0.000261437 0.0002356 5.19779e-05 0.000729729 2.24629e-05 6.05998e-05 0.000605957 
1.6022e-05 0.0027879 5.11294e-05 0.000472468 0.992347 5.9217e-07 0.0002024 6.13446e-10 0.000800655 0.000288378 0.00106002 5.99709e-06 0.000261437 0.0002356 5.19779e-05 0.000729729 2.24629e-05 6.05998e-05 0.000605957 
0.0282599 0.194335 0.00024474 0.0941674 0.363818 0.00423209 0.00051388 2.75511e-12 0.186379 0.00887887 0.00999834 0.00238993 0.0601985 0.00192947 0.0301936 0.00404935 0.0100459 9.36717e-06 0.000357231 
0.0282599 0.194335 0.00024474 0.0941674 0.363818 0.00423209 0.00051388 2.75511e-12 0.186379 0.00887887 0.00999834 0.00238993 0.0601985 0.00192947 0.0301936 0.00404935 0.0100459 9.36717e-06 0.000357231 
0.00815089 0.215874 0.000443332 0.15461 0.430953 0.00627272 0.00537375 2.31929e-06 0.0191752 0.00686374 0.0669404 0.00228166 0.00839874 3.92522e-05 0.0122351 0.0545393 0.00242364 7.58858e-06 0.00541563 
1.48981e-05 0.152997 0.00319655 0.0717225 0.526464 0.000226305 0.00523411 3.20263e-11 0.0638778 0.0262327 0.126765 0.0010756 0.00167753 5.69848e-07 0.00881339 0.00911377 0.00225674 0.000124449 0.000207605 
0.000151284 0.0102302 7.32413e-08 0.072779 0.801168 1.77734e-05 0.00129324 1.56815e-10 0.00232591 0.0429727 0.00205688 0.00116247 0.0211111 1.01025e-08 2.08723e-05 0.00401816 0.0406011 5.48009e-06 8.61385e-05 
0.000106097 0.0719691 0.00655817 0.144652 0.372847 5.86587e-05 0.00646899 2.92695e-05 0.0975473 0.170652 0.0386507 0.00381574 0.00623981 5.66706e-05 0.00175917 0.0424557 0.0345547 0.000316339 0.00126215 
0.00146584 0.101315 0.00558201 0.115704 0.3566 0.00359653 0.00924526 0.000496964 0.181692 0.0326461 0.0237159 0.0086839 0.0141047 0.00799807 0.00746672 0.0584108 0.0473263 0.0204474 0.00350218 
0.013068 0.38532 0.00034054 0.0422439 0.388413 0.00138756 0.00123692 8.77028e-08 0.0848527 0.00430253 0.0199148 0.00139952 0.0235214 0.000120576 0.013777 0.0154809 0.00393114 2.96602e-06 0.000686859 
6.79021e-05 0.0916337 0.0122618 0.0227087 0.763713 0.000303389 0.011571 9.66817e-09 0.00932869 0.00795409 0.0484164 0.0153085 0.00603193 9.18292e-05 0.00181451 0.00622155 1.37075e-06 0.000773666 0.00179782 
6.02715e-06 0.0254946 0.00185477 0.0704653 0.413729 0.00719851 0.000103598 0.000543379 0.243294 0.0213946 0.0308489 1.63631e-05 0.0200336 0.000117714 0.00967576 0.0970078 0.0570477 4.06484e-05 0.00112759 
0.000360935 0.0349579 0.000533254 0.0887205 0.675482 0.00013449 0.0031211 0.00353911 0.0374293 0.0513166 0.0044195 0.000313059 0.00953303 0.00578615 0.00163878 0.0156278 0.0160941 0.0508009 0.000191805 
0.00027854 0.0675996 0.00106896 0.0161029 0.434988 3.98318e-07 0.0130302 1.49951e-09 0.0387795 0.268835 0.0905733 0.000273727 0.00700854 0.0156328 0.000216743 0.0128169 0.0187527 1.73918e-07 0.0140425 
3.05143e-05 0.0573376 1.21408e-08 0.373565 0.422289 0.0130807 0.000245433 2.83669e-10 5.70379e-07 0.000241096 0.0115603 1.53162e-07 0.0130049 5.88372e-09 1.26848e-07 0.106784 0.00140224 4.09176e-07 0.000457801 
1.59568e-05 0.0315655 0.00229948 0.0762908 0.417349 0.000161624 0.0119851 0.0244743 0.0262546 0.0219142 0.0581759 0.220516 0.0019452 0.0040083 0.0156342 0.0439118 0.0109751 1.5075e-05 0.0325085 
0.0279959 9.42739e-05 0.00978955 0.0257611 0.496702 9.32714e-07 0.00280029 0.000466731 0.0391092 0.278662 0.00121433 0.0290054 0.00970582 9.31885e-07 9.33279e-07 0.0118532 9.33049e-07 0.061237 0.00559911 
4.90095e-07 0.00860119 5.81604e-07 0.0416178 0.88728 1.82521e-05 0.000515538 1.03333e-08 9.22459e-06 0.012581 0.00647549 2.95879e-05 0.000178064 2.28853e-05 0.00348331 0.0357667 0.00340364 6.46414e-06 9.52373e-06 
1.58479e-05 0.0119551 2.05627e-08 0.00390409 0.926283 0.000339242 0.000472076 3.14687e-08 0.0353971 0.00236882 0.00569514 0.000236187 0.000720055 5.40907e-05 0.000115271 0.00243831 0.00982399 2.82939e-05 0.00015287 
1.90392e-06 3.50397e-05 0.040762 0.000221978 0.706573 5.17851e-06 0.0266551 1.98316e-09 6.64081e-06 2.57888e-05 0.0558505 0.169778 2.06286e-06 1.68208e-09 2.08559e-10 7.79274e-05 4.52312e-10 1.65187e-06 3.1783e-06 
8.93556e-05 0.192795 0.00573589 0.0566247 0.202713 0.000205785 0.00838476 3.67928e-07 0.13596 0.0424334 0.174268 6.56917e-05 0.00450818 0.000553679 0.0169315 0.152465 0.00481434 5.97281e-06 0.00144495 
2.63252e-05 0.132501 2.54613e-05 0.0392907 0.549393 0.000172902 1.53216e-05 6.47796e-11 0.257742 0.00143552 0.000199211 9.20331e-05 0.0127182 6.20203e-08 0.000476024 0.000979003 0.00492309 4.69966e-06 5.81315e-06 
5.32474e-09 0.121895 0.00615051 0.0700879 0.262667 0.00374579 0.00266136 6.22534e-07 0.0722303 0.0676859 0.106073 2.74645e-07 0.016699 0.000154321 0.00205436 0.261989 0.00276347 7.20072e-08 0.00314225 
0.000140689 0.0158318 0.0319086 0.0517293 0.382017 0.000256434 0.000112855 2.60856e-07 0.0125735 0.220479 0.090636 0.0354961 0.00408951 0.000804832 0.0198762 0.127808 0.00114115 0.00483189 0.00026644 
0.00112788 0.143228 0.0882384 0.014095 0.494546 1.81481e-05 0.00535143 1.02514e-10 0.092518 0.109207 0.00151115 1.2348e-07 0.00820475 0.0134458 0.02695 0.00023431 7.3941e-05 0.000212658 0.00103755 
0.000552956 0.213594 0.00554648 0.00307835 0.368465 7.40119e-05 0.0274527 0.00134557 0.0997898 0.155728 0.0677019 5.57895e-06 0.0229248 5.4742e-09 3.6387e-05 0.0167755 0.0162473 8.41971e-05 0.000596614 
0.00387957 0.107412 0.000718298 0.0749713 0.23916 0.00144168 0.00275996 1.31865e-05 0.0646087 0.113462 0.0381741 0.00491688 0.00926603 0.0871342 0.0478865 0.00616748 0.00601854 0.190924 0.00108545 
0.000105639 0.0855306 0.0473424 0.0369946 0.536773 0.000246335 0.0181123 2.24409e-07 0.0623531 0.0540783 0.0994737 0.00130204 0.00200612 2.90119e-05 0.0036341 0.0118525 0.00112816 8.45916e-06 0.0390296 
1.48981e-05 0.152997 0.00319655 0.0717225 0.526464 0.000226305 0.00523411 3.20263e-11 0.0638778 0.0262327 0.126765 0.0010756 0.00167753 5.69848e-07 0.00881339 0.00911377 0.00225674 0.000124449 0.000207605 
0.00490257 0.0351408 0.000306929 0.0295569 0.212138 0.0181564 0.00201489 1.40583e-06 0.150431 0.199089 0.0217148 0.00331598 0.0144968 0.00108755 0.00253059 0.0492898 0.0122999 0.189451 0.054076 
1.8232e-12 0.423971 7.19857e-12 0.0437934 0.485959 5.41414e-09 4.1809e-05 9.60123e-10 0.00656339 7.07494e-05 0.00117253 2.87669e-06 0.00447732 9.34402e-12 2.55006e-05 0.0326103 0.00131239 8.33441e-12 2.63477e-12 
0.000111113 0.0842621 6.88463e-06 0.211623 0.320852 0.0489282 0.00421203 5.50593e-10 0.0634152 0.0994578 0.07716 9.33275e-05 0.0127106 3.8963e-06 0.000123422 0.0714078 0.00423288 1.05128e-05 0.001389 
6.08089e-06 0.0408045 0.00154343 0.0361217 0.455035 8.04192e-06 0.00226795 3.34582e-06 0.0255916 0.0302514 0.00491575 1.36832e-05 0.0225606 5.05014e-06 2.82918e-05 0.376948 0.00320898 2.65522e-05 0.000660068 
0.0001129 0.164934 0.00126474 0.0570134 0.399836 0.000910413 0.00070711 3.83619e-08 0.16076 0.0622804 0.0486665 0.000502197 0.00215207 1.06903e-05 0.0248571 0.0521812 0.0213627 0.000238326 0.00221082 
4.66177e-05 0.13082 0.000838933 0.266799 0.311372 0.00116545 0.00761068 0.000184331 0.0397141 0.0854631 0.0519262 0.000781353 0.0480554 1.83337e-06 0.00219607 0.0190037 0.00868272 0.000171423 0.0251681 
0.00111742 0.0380383 0.039306 0.0829602 0.371662 0.000113291 0.00134774 7.84757e-12 0.346091 0.0307169 0.00258944 0.0186491 0.00963809 1.50385e-08 0.00333232 0.0228818 0.024688 2.05795e-07 0.00686749 
