0.000667032 0.143622 0.0561365 0.152834 0.287904 0.000685197 0.00239821 2.35073e-08 0.0777381 0.0341908 0.0723263 0.000984017 0.00652738 0.000994321 0.0121843 0.0144713 0.021281 0.000404119 0.114651 
0.00182883 0.198881 0.00512886 0.152886 0.320723 0.00338489 0.00310089 1.24102e-08 0.0962924 0.0235749 0.0219506 0.0076181 0.0748331 0.0127067 0.0340121 0.0348489 0.00795906 1.2786e-05 0.000258686 
1.6022e-05 0.0027879 5.11294e-05 0.000472468 0.992347 5.9217e-07 0.0002024 6.13446e-10 0.000800655 0.000288378 0.00106002 5.99709e-06 0.000261437 0.0002356 5.19779e-05 0.000729729 2.24629e-05 6.05998e-05 0.000605957 
0.00177521 0.0585051 1.72165e-07 0.270632 0.287614 0.0032557 0.00525608 1.72044e-07 0.0500742 0.0348311 0.00448189 0.0012058 0.00670393 1.72097e-07 0.0045848 0.0737656 0.195006 0.000327218 0.00198171 
8.3517e-06 0.188668 1.6988e-06 0.0639627 0.541802 0.000196951 0.000436177 4.49684e-09 0.167732 0.000660345 0.0125757 8.95384e-06 0.00371101 0.000174109 0.00484473 0.0059715 0.00610378 2.66992e-08 0.0031428 
0.0502305 0.133422 0.115635 0.0933896 0.171333 0.00373728 0.011726 0.000556845 0.0735807 0.139799 0.0974287 0.00899766 0.00616269 0.00291337 0.031711 0.0199135 0.00378008 0.00771014 0.027973 
4.67473e-07 0.176094 4.02291e-05 0.0258247 0.543421 3.18369e-05 0.032704 1.34128e-06 0.0227922 0.00213255 0.108228 4.9308e-05 0.00145846 1.0739e-05 0.00115591 0.0821168 0.00368597 1.17091e-05 0.000240746 
0.000855177 0.0863976 0.000212042 0.0999377 0.325601 0.000296679 0.0669279 0.0361793 0.0393823 0.122033 0.133742 0.00661964 0.0303003 0.000281701 0.0134007 0.0305032 0.00143293 0.0015273 0.00436891 
2.28756e-05 0.275892 1.6812e-05 0.149168 0.496618 7.53483e-05 0.00053797 1.08255e-05 0.0605515 0.00335659 0.00131429 0.000109387 0.00413589 4.01043e-06 0.00103465 0.00529618 0.00157829 0.000170906 0.000106271 
0.00482732 0.141152 0.00219996 0.0880279 0.352623 0.00134104 7.20667e-05 9.06545e-12 0.291275 0.0180394 0.0237759 0.00262163 0.036172 0.000581427 0.0140637 0.0171537 0.0037959 4.4585e-05 0.00223394 
6.64441e-06 0.0222595 1.33302e-05 0.00241565 0.535388 0.00106847 0.000946459 0.00230049 0.0527091 0.268212 0.032504 0.000115389 0.0258702 3.71577e-06 3.44971e-06 0.0265325 0.0294567 1.52244e-06 0.000192875 
9.75265e-09 0.0499139 7.06695e-10 0.312957 0.369619 5.42349e-08 5.80323e-09 3.59306e-12 0.0203576 0.000381527 0.000967362 2.10534e-08 0.0194011 3.07804e-10 5.02598e-09 5.76982e-07 0.226352 1.93025e-08 5.01336e-05 
0.00545178 0.122168 0.00247266 0.0463588 0.398424 0.000909874 0.0228835 1.41431e-07 0.0955088 0.048507 0.0950412 0.0352471 0.102035 0.00540832 0.00419882 0.00697323 0.002061 8.97361e-07 0.00635015 
0.00270758 0.0829889 0.104061 0.102142 0.267977 0.000724009 0.021254 1.38226e-08 0.0495254 0.042931 0.0962371 0.0215118 0.168291 0.000875851 0.00336657 0.0329049 0.000647329 0.000267579 0.00158704 
0.00137484 0.139113 0.000461079 0.193995 0.323873 2.03707e-05 0.00191331 0.000746219 0.0276096 0.0102151 0.02052 0.000960271 0.0628022 1.36168e-06 0.000934141 0.114149 0.0994205 1.51839e-05 0.00187626 
9.01433e-05 0.145407 0.000344398 0.0612393 0.419544 0.00139111 0.000733653 3.49864e-08 0.0592708 0.00739189 0.0321923 0.00340628 0.00489855 0.000202603 0.0722848 0.0496444 0.133526 4.37391e-07 0.00843301 
1.56164e-05 0.0465732 3.87227e-06 0.053303 0.687751 9.37751e-05 0.001066 1.21045e-10 0.0504569 0.0517684 0.0152908 6.82048e-05 0.00810415 1.02668e-10 0.0161298 0.0568102 0.0113224 2.88043e-05 0.00121357 
1.27197e-08 0.017856 3.98066e-11 0.423701 0.526409 9.26523e-06 0.000667418 6.09192e-11 0.00029953 0.00854058 0.00706272 1.45053e-06 0.00197122 5.16705e-11 0.000165112 0.010999 0.000773807 1.2696e-05 0.00153107 
6.45173e-06 0.198053 0.00113202 0.0527133 0.547773 0.000268093 0.000751726 4.08594e-08 0.110114 0.0173202 0.0545065 0.00037124 0.00346655 2.53901e-11 0.000589972 0.0091733 0.00352818 0.000121096 0.000111642 
3.83015e-05 0.246953 4.87084e-05 0.0227688 0.441605 2.82571e-06 0.0257727 7.77492e-07 0.230017 0.0101137 0.0060066 2.77893e-06 0.00315799 0.00313322 0.000750718 0.0080594 0.00155338 1.30938e-05 1.28544e-06 
8.95609e-08 0.0245806 1.98828e-06 0.0263519 0.342897 1.13105e-07 0.0693781 1.47452e-05 7.01938e-07 0.281828 0.191599 9.52202e-08 0.00584647 6.19898e-05 0.00672803 0.050707 2.43965e-06 5.37107e-07 6.14788e-07 
0.00303108 0.0343697 6.95688e-05 0.0876218 0.621654 0.00352118 7.8943e-05 4.74214e-09 0.152202 0.036006 0.0167514 0.00067995 0.0311234 0.000102621 0.000758424 0.00783392 0.00179093 2.09075e-05 0.00238392 
0.000569848 0.118382 8.51422e-08 0.156267 0.491272 0.00208084 0.000800623 5.29503e-12 0.0424134 0.010855 0.0614637 0.0101215 0.0351181 6.59793e-06 0.00612378 0.00207527 0.0613265 1.74756e-05 0.00110632 
0.000294699 0.0677076 0.000642273 0.012488 0.374615 3.03995e-05 0.00251974 4.73098e-05 0.0803228 0.0904341 0.0132774 7.93462e-05 0.014743 2.24422e-08 0.00367121 0.0859334 0.00255758 0.25 0.000635636 
0.000277587 0.0233806 1.92305e-10 0.0718244 0.400823 0.000109315 0.00762139 2.943e-10 0.0188893 0.072423 0.00628459 0.00282768 0.253171 2.4962e-10 3.09501e-11 0.0157253 0.126642 1.01103e-07 1.25913e-07 
0.000943963 0.210786 0.0018749 0.0807484 0.372652 0.00278926 0.00842858 0.00010714 0.161167 0.0412081 0.0405282 0.00114067 0.0143653 0.00163993 0.0257821 0.0231766 0.00854169 8.63207e-05 0.00403427 
0.0113741 0.0144413 0.00152193 0.0365047 0.60077 0.000259107 0.000214518 2.71002e-06 0.131526 0.0468889 0.0351966 0.000278559 0.0238507 0.00149025 0.000894079 0.0164597 0.0285516 4.47875e-05 0.0497306 
1.00866e-05 0.117014 0.000142335 0.00499899 0.370766 5.77956e-05 0.15051 1.75503e-07 0.0166066 0.0309534 0.161884 2.31821e-06 0.0036283 2.07802e-07 0.0236501 0.051585 7.37084e-05 1.44325e-05 0.0681028 
0.00139368 0.0236774 0.000582569 0.030333 0.603493 0.000478494 2.33344e-05 1.97163e-08 0.0275903 0.167609 0.00872002 0.00163757 0.00104964 0.00441341 0.0164289 0.00277703 0.000317141 0.0631602 0.0463148 
1.26885e-05 0.145422 0.00147934 0.0781875 0.419185 0.00278319 0.0660312 1.98107e-08 0.0018164 0.264637 0.00875335 0.0062553 0.00232927 1.68031e-08 1.02892e-05 0.00018352 0.00158089 0.000889389 0.000443653 
0.000199932 0.0522021 0.00111397 0.0211963 0.29074 0.00244815 0.00614954 9.65351e-11 0.144031 0.264511 0.126712 0.00219105 0.0117282 3.09196e-05 0.0159284 0.0179904 0.0128751 0.000752859 0.029199 
0.000111016 0.123502 0.00121791 0.0122615 0.50139 6.40321e-05 0.00102653 1.2001e-11 0.250977 0.0167674 0.0244022 0.000255466 0.00386621 8.71935e-08 0.0249767 0.0162978 0.0228799 4.37712e-06 7.00257e-08 
6.81825e-05 0.219031 1.28277e-05 0.158324 0.408657 6.37969e-05 0.00662077 2.47743e-08 0.0474573 0.00731636 0.0701379 0.00116754 0.00646741 9.29344e-05 0.00970675 0.0105291 0.0327264 9.127e-06 0.0216123 
1.13992e-05 0.419716 3.38772e-05 0.0271726 0.531272 1.36769e-05 0.000159745 3.03562e-09 0.0162805 0.00349733 0.000474393 1.86622e-05 0.000378116 8.83421e-08 3.1949e-05 0.000415544 0.000350603 0.000117888 5.58671e-05 
3.87191e-05 0.146581 2.53768e-05 0.0721968 0.636993 0.000112443 0.00286931 6.93007e-07 0.0826255 0.00671153 0.0213113 0.000218007 0.00444854 8.38074e-07 0.00134964 0.0219483 0.000317279 0.000202899 0.00204823 
1.92518e-05 0.187355 1.40615e-07 0.126222 0.607001 0.000295187 0.00398451 1.98311e-08 0.0215607 0.00824684 0.00822237 9.36361e-05 0.0242882 7.14542e-08 0.00539168 0.00431113 0.00299463 1.29816e-05 1.49003e-08 
0.000362039 0.0979059 0.00579808 0.0412467 0.415059 7.13907e-05 0.00168212 1.08639e-10 0.31206 0.00855473 0.0260987 0.000316197 0.00828697 0.00534159 0.0289583 0.0418822 0.00473399 0.000109204 0.00153312 
0.0593546 0.154049 0.0349759 0.108056 0.165071 0.0439319 0.0126859 8.92113e-07 0.0798726 0.0752405 0.0517897 0.0735316 0.0972117 0.000283543 0.0181542 0.0105242 0.00411166 0.000122554 0.0110332 
0.0361051 0.195765 0.00028409 0.0703043 0.402572 0.00427366 0.000272459 2.88419e-12 0.1907 0.00629591 0.00604998 0.00162909 0.0563362 0.000201941 0.0135451 0.00298538 0.0121937 9.38891e-06 0.000476303 
1.6022e-05 0.0027879 5.11294e-05 0.000472468 0.992347 5.9217e-07 0.0002024 6.13446e-10 0.000800655 0.000288378 0.00106002 5.99709e-06 0.000261437 0.0002356 5.19779e-05 0.000729729 2.24629e-05 6.05998e-05 0.000605957 
0.000213203 0.0432326 7.1333e-05 0.0108742 0.721588 0.000241009 0.00736694 4.77724e-11 0.0602514 0.13102 0.0165299 0.000577267 0.0023754 0.000334243 0.000130803 0.000892776 0.00402341 1.79801e-07 0.000276952 
2.36711e-08 0.221951 2.16339e-08 0.0101144 0.661263 0.00133559 1.06387e-07 6.24563e-12 0.0500796 2.33e-08 2.42468e-07 2.05267e-07 2.64434e-07 5.29742e-12 0.055255 9.13923e-08 2.17519e-07 4.72504e-12 9.71077e-09 
0.000671969 0.234889 0.0146198 0.033988 0.287746 0.00115846 0.00564601 5.81563e-06 0.0988195 0.0271863 0.0609943 0.0143281 0.0720663 0.000482499 0.100995 0.00651009 0.0105036 4.29871e-05 0.0293456 
4.10104e-05 0.305416 0.000214572 0.286466 0.340178 0.000138119 0.0356159 6.76079e-09 0.00683999 0.0053548 0.00355615 2.58544e-05 0.0039251 5.73437e-09 8.83262e-05 0.00160904 0.00158497 1.38627e-06 0.00894438 
2.54273e-09 0.199765 2.33883e-12 0.345878 0.432298 2.38274e-05 0.000130046 3.57929e-12 0.00502162 0.000604677 0.000966317 6.11762e-06 0.00278699 3.03589e-12 2.37864e-05 0.0111924 0.000987305 1.26023e-05 0.000303666 
7.7307e-06 0.0141391 7.84951e-06 9.97757e-07 0.445846 0.00162699 0.000303084 4.67165e-11 0.0124411 0.106015 0.0106659 0.000722546 0.00067344 4.88757e-09 0.00156461 0.38227 0.00258025 0.000753515 0.0203824 
1.25723e-05 0.0419769 5.49756e-06 0.0570779 0.358314 0.00033716 0.00743201 2.98084e-09 0.0443075 0.0305616 0.0290372 0.00198749 0.00233448 2.08488e-06 0.000173415 0.113191 0.00718521 0.193876 0.112189 
0.00035185 0.108907 0.000554071 0.251169 0.308299 0.000668044 0.00364892 5.59151e-12 0.013665 0.267841 0.00554774 0.000313603 0.000625915 4.74261e-12 0.0111906 0.00225617 0.0240579 7.37211e-05 0.000831692 
0.00728769 0.0586073 0.000288455 0.269898 0.429687 0.00204266 0.000211704 1.53446e-12 0.143132 0.0509557 0.00269194 0.00210582 0.0246163 0.000108543 0.000500182 0.00506805 0.00233973 0.000194238 0.000264702 
0.000321428 0.00677048 0.0014306 0.0018976 0.977729 0.000446638 0.000495576 3.53065e-07 0.00290794 0.00409146 0.000468358 1.6161e-07 0.00176496 2.99463e-07 3.71301e-08 4.32331e-08 0.00167501 2.67106e-07 8.44406e-08 
0.000219641 0.0802058 0.00733263 0.0112119 0.394615 0.00140787 0.00603851 1.94274e-07 0.0585622 0.349469 0.0457799 4.61683e-05 0.00910915 0.000231228 0.00231241 0.0179027 0.00149341 0.0134404 0.000622141 
0.00164099 0.00129967 0.0034347 0.012889 0.59771 0.000187155 0.0010642 5.44709e-06 0.0354472 0.0152438 0.0107383 0.00420272 0.0816392 0.171467 0.00106404 0.0356672 0.000720498 0.0244268 0.0011518 
1.13611e-06 0.0789855 1.08916e-05 0.0173713 0.533873 0.000627781 0.00296757 3.73026e-05 0.0700945 0.015074 0.034157 0.00248219 0.0399851 0.00115849 1.27869e-05 0.187502 0.0151105 1.43125e-06 0.000547574 
3.80646e-09 0.0869475 1.76591e-08 0.0627372 0.831204 2.07235e-09 0.000216865 9.58306e-13 0.0050481 0.00400372 0.000683516 1.4972e-05 0.000654936 8.12817e-13 2.62364e-05 0.00485487 0.00360825 1.45731e-08 1.53582e-09 
0.000397782 0.121696 0.0429423 0.0172882 0.375475 5.43321e-06 0.00159718 2.51918e-08 0.062523 0.167338 0.152474 0.000395514 0.00174881 1.09938e-05 0.000337022 0.0540402 0.000975007 0.000678545 7.63967e-05 
3.23919e-07 8.10253e-06 7.79711e-08 0.00691041 0.882627 1.75779e-06 7.88795e-06 8.50782e-08 0.00227129 0.0891845 0.000105883 7.07792e-07 9.60046e-06 7.21617e-08 1.72321e-05 0.0175684 0.001281 5.34711e-06 4.62648e-07 
9.39869e-05 0.0845207 0.000780328 0.220871 0.28505 0.00125232 0.0130773 8.64587e-11 0.0127013 0.0181416 0.211294 5.9285e-05 0.00370745 2.07042e-05 0.0938625 0.0150364 0.0281474 7.05649e-06 0.0113768 
0.000223633 0.030793 0.000145987 0.0180743 0.759328 0.000189835 0.000353074 1.95066e-06 0.0112759 0.0541042 0.00449114 3.81753e-05 0.104487 5.15041e-06 0.00305552 0.0014382 0.0114266 0.000386771 0.000180669 
3.44323e-09 0.323813 1.8583e-11 0.00320113 0.642255 1.16015e-11 3.79041e-08 2.8439e-11 0.0304639 1.56502e-08 0.000239805 1.6998e-08 4.26645e-08 5.90361e-08 2.99079e-12 3.48238e-12 2.67726e-05 2.15151e-11 6.8016e-12 
7.07806e-05 0.0305477 6.90175e-05 0.00495769 0.287679 0.00211114 0.0254931 4.96857e-07 0.238771 0.23337 0.0417435 0.000709697 0.00669343 0.00243372 0.0399269 0.0543965 0.0304249 3.7589e-07 0.000601692 
1.81292e-07 0.0284129 0.00192834 0.00254632 0.419113 4.42413e-11 0.00204578 1.08449e-10 0.142737 0.188467 0.184224 4.96411e-11 0.0305212 9.19847e-11 5.30349e-07 6.70639e-07 2.57265e-07 9.10791e-07 8.42987e-07 
9.08554e-07 9.08782e-07 9.07662e-07 9.08723e-07 0.820087 9.08114e-07 0.0146279 9.07029e-07 9.08756e-07 0.00690639 0.0369877 9.08024e-07 9.08551e-07 9.07307e-07 0.00499857 0.0510662 0.0627741 0.00254184 9.08419e-07 
0.00176609 0.040444 0.084772 0.0465424 0.35375 0.00278448 7.59888e-05 5.4194e-09 0.0706481 0.3287 0.0176906 0.00403272 0.0274654 5.79003e-05 0.00432598 0.0128018 0.000430855 0.000141862 0.0035694 
0.000393632 0.137376 0.00132857 0.0129741 0.260497 0.000118852 0.00480968 0.00319694 0.0726715 0.208659 0.0647433 0.00104181 0.00374824 5.26078e-05 0.00598499 0.203972 0.0174357 0.000723566 0.000273336 
0.000198454 0.166867 0.00489016 0.125078 0.240001 0.00206953 0.0241975 1.91244e-07 0.0576241 0.225408 0.0735718 0.00208232 0.00337522 2.578e-05 0.00204327 0.0500244 0.0176697 0.000708099 0.00416635 
0.000193499 0.0362517 0.00334094 0.0590522 0.611714 3.77552e-05 0.017014 1.46384e-05 0.0180027 0.0262283 0.0298972 0.000264615 0.00679501 0.00620058 0.000202136 0.0335836 0.00175771 0.147287 0.00216205 
0.000378534 0.0254155 0.00254119 0.00774964 0.670693 0.000151528 0.000407498 2.42356e-07 0.0459583 0.0804503 0.037991 0.00450662 0.00299007 0.00209664 0.0483387 0.0311525 0.0298735 1.42155e-05 0.00929086 
0.0084263 0.186157 0.000333185 0.112596 0.40732 0.000996066 0.00455547 0.00075364 0.0254238 0.0150052 0.0423272 0.0016106 0.0107142 0.000328085 0.0118492 0.152146 0.00774503 0.00155373 0.0101601 
0.00161723 0.0120698 0.0987814 0.0306788 0.578706 0.00164376 0.00315844 2.17035e-09 0.00671354 0.167353 0.0599961 7.79399e-05 0.00261254 3.95779e-07 0.0002032 0.00948929 0.00748882 0.00276377 0.0166461 
2.54367e-05 0.113781 4.71344e-05 0.0571436 0.691864 6.26602e-06 0.000270223 3.26046e-12 0.0926421 0.00822011 0.00105029 3.32997e-05 0.00130814 2.76546e-12 0.000115185 0.00390758 0.0294514 2.99685e-06 0.00013117 
5.90939e-07 0.0382531 0.0206072 0.119448 0.180956 3.29594e-06 0.0581009 0.128651 0.164313 0.0184327 0.0466738 0.0162195 0.0570869 0.00026022 0.0615061 0.0735016 0.00587329 2.21211e-05 0.01009 
0.000295903 0.167281 0.0133492 0.0926161 0.31578 0.000166638 0.0464503 1.48359e-07 0.10541 0.107058 0.127006 0.00175167 0.00526877 1.19538e-05 0.010781 0.00190638 0.00157506 0.000150651 0.00314185 
3.99426e-05 0.24734 1.20377e-06 0.0975167 0.51023 1.57591e-07 6.63671e-05 1.58424e-05 0.0759382 0.00508981 0.0112052 0.00068436 0.00193752 1.7035e-10 7.68784e-07 0.0460532 0.00388039 5.62038e-08 4.04792e-08 
5.81102e-05 0.188649 9.13932e-05 0.179657 0.408378 1.42271e-07 0.0718021 2.61724e-08 0.00363583 0.00359896 0.0648258 8.74366e-05 0.000819209 0.000103225 0.000522668 0.0740877 7.79819e-05 9.61955e-05 0.00350926 
2.46093e-05 0.0958072 0.010443 0.0640677 0.546465 0.000520755 0.000709736 1.2114e-06 0.0491369 0.0902243 0.0534932 0.0102425 0.0246394 0.000487585 0.00010746 0.0206602 0.0106271 0.000152389 0.0221903 
2.99194e-06 0.0163735 1.17107e-06 0.00502027 0.847871 0.000665664 0.0124259 1.41474e-08 0.00279546 0.0238253 0.00228951 4.27267e-06 4.91123e-05 1.76131e-05 2.11041e-05 0.0802556 0.00790652 0.000119002 0.000356076 
7.80318e-05 0.0296362 0.000757677 0.13563 0.551992 6.77777e-05 0.00016039 1.33939e-05 0.117137 0.0297065 0.0110774 0.00712399 0.0539105 3.41541e-05 2.5405e-06 0.0586799 0.00102609 0.00278412 0.000182064 
6.81582e-05 0.144283 0.001899 0.188318 0.265925 3.76421e-05 0.172861 3.15288e-07 0.0131659 0.00591635 0.0597649 0.000174158 0.00810949 1.19298e-05 0.00174584 0.0905394 0.0454802 2.66435e-05 0.0016726 
0.00178865 0.0428503 0.00042013 0.0237003 0.559424 0.000130118 0.00641171 8.45076e-11 0.00419438 0.247396 0.00857583 0.00103349 0.00535363 0.00568661 0.00320819 0.00110715 0.0018519 0.0865855 0.000281922 
0.000153474 0.216735 0.000269953 0.19263 0.234678 0.00142131 0.0128155 4.0449e-09 0.144482 0.0565585 0.0224991 0.000510178 0.0293623 0.00938261 0.0388882 0.0150419 0.0236824 7.67015e-05 0.000811877 
0.21498 0.00924242 0.01977 0.107653 0.299987 0.00115916 4.42974e-05 0.0173025 0.163466 0.0217955 0.00101434 0.00869591 0.0398549 1.45052e-05 0.000285438 0.0581741 0.00985862 0.0261514 0.000551095 
0.0016872 0.0185278 0.000159858 0.0724005 0.381985 0.00320513 0.000826883 1.73213e-10 0.0252322 0.0774446 0.174273 0.00125543 0.0026729 0.000380349 0.156946 0.0416785 0.00816181 6.24856e-05 0.0331006 
1.86536e-05 0.0803204 1.51738e-05 0.20997 0.586858 3.66278e-06 0.0385848 1.07128e-11 0.0332666 0.00100571 0.00953022 8.91277e-05 0.0313672 9.08637e-12 3.4588e-05 0.00780004 0.00107058 1.76523e-05 4.66746e-05 
8.01812e-05 0.0139948 0.0146852 0.00393417 0.498219 3.30239e-05 0.0197291 7.58828e-08 0.0387105 0.354365 0.00903146 0.0426597 0.0036212 6.43624e-08 0.000333936 0.000575504 6.54964e-06 5.7408e-08 2.06557e-05 
0.0825057 0.223822 0.000172446 0.0830028 0.271827 0.0281475 0.00113951 5.18725e-10 0.181397 0.039266 0.0369422 0.00358432 0.0258439 0.00351348 0.00907103 0.00233377 0.00665007 9.8242e-07 0.000781085 
6.64853e-05 0.178267 1.04637e-05 0.00018686 0.499043 8.7009e-05 0.0487324 6.80513e-07 0.0600176 0.03289 0.0898168 0.00995628 0.00911765 0.000381407 0.00229418 0.036165 0.0325327 0.000391088 4.37341e-05 
0.00957256 0.28492 0.000190549 0.263066 0.298682 0.000203335 0.0128527 2.25147e-05 0.0297448 0.0425483 0.0306413 0.000318309 0.00424237 3.40384e-05 0.00541326 0.0147082 0.00158564 0.000197982 0.00105572 
5.84117e-05 0.115332 3.83805e-05 0.1641 0.240292 0.00384387 0.0431016 2.43887e-09 0.190341 0.018393 0.106061 0.00575282 0.00851613 7.27728e-05 0.00789101 0.0294336 0.0451426 9.04208e-05 0.0215377 
0.0361051 0.195765 0.00028409 0.0703043 0.402572 0.00427366 0.000272459 2.88419e-12 0.1907 0.00629591 0.00604998 0.00162909 0.0563362 0.000201941 0.0135451 0.00298538 0.0121937 9.38891e-06 0.000476303 
1.35424e-05 0.350981 1.32541e-06 0.00299346 0.386211 2.53408e-05 0.000149764 7.45203e-13 0.242447 0.000487729 0.00610654 0.000469597 0.00464121 1.71171e-09 0.00197894 0.00122825 0.00199611 1.58087e-10 0.00026948 
0.0192081 0.00726473 0.000150772 0.205433 0.30253 0.00219767 8.85331e-06 3.6434e-06 0.0705468 0.0130843 0.0062698 0.00139113 0.272331 0.0385263 0.00389326 0.0227281 0.015702 0.0176358 0.00109553 
0.00231076 0.0596895 0.000217428 0.356218 0.408044 0.00216777 0.000322059 3.31867e-12 0.0475389 0.00932272 0.0121994 0.00196569 0.0427294 3.10569e-05 0.00487999 0.0327075 0.0186595 9.61615e-06 0.000986053 
0.000151284 0.0102302 7.32413e-08 0.072779 0.801168 1.77734e-05 0.00129324 1.56815e-10 0.00232591 0.0429727 0.00205688 0.00116247 0.0211111 1.01025e-08 2.08723e-05 0.00401816 0.0406011 5.48009e-06 8.61385e-05 
3.02147e-05 0.248384 0.000279954 0.00664578 0.390042 1.37575e-07 0.0299689 2.37974e-07 0.184173 0.12112 0.0154076 0.000163567 0.0010119 7.11729e-06 0.000853858 0.000640167 0.00103847 3.63673e-08 0.00023273 
7.31017e-11 0.038132 3.39956e-07 0.0523083 0.464677 0.000431489 9.66721e-05 4.41712e-10 0.328882 0.00374379 0.000223237 0.000472448 0.018863 4.05241e-07 0.000114508 0.0756162 0.0136101 3.34171e-10 0.00282912 
0.00209839 0.0520796 2.666e-08 0.0630926 0.362473 0.00864512 0.000268323 3.42407e-12 0.295526 0.0565379 0.0631325 0.00495961 0.0372704 0.001259 0.00508042 0.0407915 0.00444661 3.46669e-06 0.00233558 
3.05143e-05 0.0573376 1.21408e-08 0.373565 0.422289 0.0130807 0.000245433 2.83669e-10 5.70379e-07 0.000241096 0.0115603 1.53162e-07 0.0130049 5.88372e-09 1.26848e-07 0.106784 0.00140224 4.09176e-07 0.000457801 
9.41792e-07 0.14685 1.72235e-09 0.277572 0.458728 5.82452e-05 0.00019861 1.1615e-09 0.0338218 0.000561408 0.00348504 9.68639e-06 0.0262104 6.48946e-08 0.000734291 0.0266996 0.0248692 2.86453e-05 0.000173176 
0.000154712 0.113467 7.0055e-05 0.197019 0.32024 0.000194335 0.00171208 3.70689e-10 0.0468473 0.279495 0.0166111 0.000676717 0.0175117 0.000255096 0.00194668 0.00267542 0.00111374 8.80418e-06 1.17491e-07 
0.0282599 0.194335 0.00024474 0.0941674 0.363818 0.00423209 0.00051388 2.75511e-12 0.186379 0.00887887 0.00999834 0.00238993 0.0601985 0.00192947 0.0301936 0.00404935 0.0100459 9.36717e-06 0.000357231 
5.70026e-06 0.188832 0.000476658 0.0531915 0.237408 0.000633088 0.0427654 1.34854e-09 0.15265 0.0786662 0.043181 4.26952e-06 0.00779538 0.0122176 0.0301843 0.039936 0.111916 3.37289e-06 0.000133837 
1.58011e-06 0.0106752 0.00140975 0.0611678 0.295781 0.00461868 0.0822777 6.17092e-05 0.111327 0.243246 0.0978522 0.0170882 0.0166761 6.54308e-05 0.00445022 0.0272581 0.0166279 0.000115483 0.00929988 
4.02589e-05 0.135716 3.34546e-05 0.294321 0.529137 2.2724e-05 0.000872727 4.94701e-06 0.0109413 0.00758081 0.0056042 0.000124834 0.00128252 6.71279e-07 5.74336e-05 0.00931357 0.00475733 0.000134912 5.50231e-05 
1.48981e-05 0.152997 0.00319655 0.0717225 0.526464 0.000226305 0.00523411 3.20263e-11 0.0638778 0.0262327 0.126765 0.0010756 0.00167753 5.69848e-07 0.00881339 0.00911377 0.00225674 0.000124449 0.000207605 
3.05143e-05 0.0573376 1.21408e-08 0.373565 0.422289 0.0130807 0.000245433 2.83669e-10 5.70379e-07 0.000241096 0.0115603 1.53162e-07 0.0130049 5.88372e-09 1.26848e-07 0.106784 0.00140224 4.09176e-07 0.000457801 
0.000151284 0.0102302 7.32413e-08 0.072779 0.801168 1.77734e-05 0.00129324 1.56815e-10 0.00232591 0.0429727 0.00205688 0.00116247 0.0211111 1.01025e-08 2.08723e-05 0.00401816 0.0406011 5.48009e-06 8.61385e-05 
8.23229e-05 0.190506 0.0310966 0.0181164 0.244527 6.38821e-08 0.0302673 2.16592e-08 0.0136125 0.234379 0.218873 0.00672169 0.00162336 4.47624e-05 0.00425087 0.00170564 0.000708713 3.37163e-05 0.00345197 
0.000106097 0.0719691 0.00655817 0.144652 0.372847 5.86587e-05 0.00646899 2.92695e-05 0.0975473 0.170652 0.0386507 0.00381574 0.00623981 5.66706e-05 0.00175917 0.0424557 0.0345547 0.000316339 0.00126215 
4.31164e-05 0.00398347 0.000521771 0.000717917 0.456936 0.000205176 0.000795795 1.47842e-05 0.149575 0.182493 0.000981098 0.000561594 0.000584606 0.195322 0.00428672 0.00114895 0.00102966 0.000124241 0.000675457 
0.00027854 0.0675996 0.00106896 0.0161029 0.434988 3.98318e-07 0.0130302 1.49951e-09 0.0387795 0.268835 0.0905733 0.000273727 0.00700854 0.0156328 0.000216743 0.0128169 0.0187527 1.73918e-07 0.0140425 
0.000350261 0.00425034 0.00321062 0.00219814 0.9804 6.03722e-08 0.000452413 1.47991e-07 0.00294069 0.0016817 0.00120223 0.000250708 0.0014771 1.25523e-07 0.000222574 1.81217e-08 0.00109702 1.11961e-07 0.000265493 
1.59568e-05 0.0315655 0.00229948 0.0762908 0.417349 0.000161624 0.0119851 0.0244743 0.0262546 0.0219142 0.0581759 0.220516 0.0019452 0.0040083 0.0156342 0.0439118 0.0109751 1.5075e-05 0.0325085 
0.00123172 0.00735912 0.0179039 0.104292 0.343155 9.08258e-05 7.73965e-06 1.36231e-10 0.0262495 0.0647073 0.011092 0.000156631 0.00506278 1.15548e-10 0.00258361 0.0928277 1.82991e-06 0.323185 9.29108e-05 
4.90095e-07 0.00860119 5.81604e-07 0.0416178 0.88728 1.82521e-05 0.000515538 1.03333e-08 9.22459e-06 0.012581 0.00647549 2.95879e-05 0.000178064 2.28853e-05 0.00348331 0.0357667 0.00340364 6.46414e-06 9.52373e-06 
5.78264e-05 0.147888 0.000812645 0.089716 0.549964 0.000165039 0.00278203 1.02628e-05 0.070129 0.018605 0.017446 5.3804e-05 0.00270873 0.000618681 0.000109219 0.0956436 0.00177529 0.00052557 0.000989657 
0.0022169 0.0583884 0.00019554 0.120175 0.44692 3.81758e-05 0.00493715 1.21321e-08 0.0209959 0.13576 0.0130602 0.000200014 0.0151062 0.0134409 0.00131389 0.026928 0.130182 0.0100547 8.71403e-05 
0.000178443 0.0743475 2.07088e-11 0.295476 0.467995 6.72422e-08 0.00742898 3.16924e-11 2.41286e-08 0.0198081 0.0158398 9.57582e-08 0.0509406 1.42496e-07 9.74555e-07 0.0657399 0.00224443 3.11933e-08 7.57969e-12 
1.90392e-06 3.50397e-05 0.040762 0.000221978 0.706573 5.17851e-06 0.0266551 1.98316e-09 6.64081e-06 2.57888e-05 0.0558505 0.169778 2.06286e-06 1.68208e-09 2.08559e-10 7.79274e-05 4.52312e-10 1.65187e-06 3.1783e-06 
8.93556e-05 0.192795 0.00573589 0.0566247 0.202713 0.000205785 0.00838476 3.67928e-07 0.13596 0.0424334 0.174268 6.56917e-05 0.00450818 0.000553679 0.0169315 0.152465 0.00481434 5.97281e-06 0.00144495 
2.63252e-05 0.132501 2.54613e-05 0.0392907 0.549393 0.000172902 1.53216e-05 6.47796e-11 0.257742 0.00143552 0.000199211 9.20331e-05 0.0127182 6.20203e-08 0.000476024 0.000979003 0.00492309 4.69966e-06 5.81315e-06 
0.00015975 0.0743754 2.38143e-05 0.163333 0.634311 0.000668944 0.000266864 2.62109e-06 0.034389 0.020754 0.00814696 0.0295312 0.0271933 0.00342004 8.34934e-05 0.00194811 0.00124388 0.000107562 4.16674e-05 
0.0122829 0.176141 0.000271316 0.0329794 0.294949 0.00592989 0.0143153 3.12816e-11 0.129869 0.046285 0.0976159 0.00874941 0.0723339 0.0819105 0.006022 0.00838939 0.00405274 9.61179e-06 0.00789383 
0.000204395 0.195139 3.41744e-05 0.146677 0.475465 0.000154616 0.00397318 8.48554e-08 0.0267027 0.039407 0.0255424 0.00370595 0.0238175 0.0019846 0.024382 0.00703938 0.0235978 8.7945e-06 0.00216445 
0.00167618 0.0595782 0.0125435 0.0310142 0.333235 0.000330642 0.000548697 6.313e-09 0.264108 0.164363 0.0169831 0.000969198 0.00326594 0.0178987 0.0402747 0.0139696 0.00466565 0.0213129 0.0132621 
0.00219528 0.0720679 0.000413939 0.0101936 0.636212 9.08056e-07 0.0436309 7.63681e-07 0.0727749 0.0306783 0.00551898 1.20615e-09 0.109556 0.000224513 1.99316e-06 0.00114896 0.0153791 1.89439e-06 4.73871e-07 
0.000424826 0.113469 0.00012957 0.00493086 0.691488 0.000168212 0.0230805 8.13771e-07 0.0733726 0.0187227 0.0686976 8.82362e-05 0.000228775 6.90225e-07 0.00250572 0.000669488 0.00182347 1.62869e-05 0.000182508 
0.000380401 0.0443443 0.0022272 0.0784029 0.621095 0.000866156 0.00294409 1.53364e-11 0.097308 0.034007 0.00970648 3.34522e-06 0.00949274 0.0695466 3.74105e-05 0.018529 0.0101769 0.000433869 0.000499119 
2.54021e-05 0.110601 0.000561355 0.000111481 0.43906 0.000335066 1.62858e-05 0.000265493 0.00716263 0.280153 0.0370136 0.00091971 4.53637e-11 2.29376e-10 2.84401e-11 0.0912438 0.0322468 2.04592e-10 0.000284939 
0.000151284 0.0102302 7.32413e-08 0.072779 0.801168 1.77734e-05 0.00129324 1.56815e-10 0.00232591 0.0429727 0.00205688 0.00116247 0.0211111 1.01025e-08 2.08723e-05 0.00401816 0.0406011 5.48009e-06 8.61385e-05 
0.000722865 0.185667 6.00729e-05 0.0121959 0.332393 6.62623e-07 0.0449009 3.19691e-07 0.00754619 0.286764 0.0535205 0.00686713 0.0232826 1.0654e-08 0.0336627 0.00470656 0.00022042 0.00391646 0.00357347 
0.000373782 0.19686 0.00120824 0.0381697 0.341573 0.000397567 0.00304545 2.37784e-08 0.0343697 0.0673586 0.2659 0.0124018 0.00536723 8.17681e-07 0.00985164 0.000533628 0.0193748 0.000642567 0.00257019 
1.56997e-05 0.189459 0.000741231 0.00630197 0.372124 5.78699e-07 0.0116964 2.03645e-06 0.0560561 0.00614391 0.0120729 5.82347e-07 5.49662e-06 3.36663e-09 2.01713e-05 0.323739 0.0215856 1.87521e-07 3.52234e-05 
0.000594697 0.0317953 0.00705929 0.0410572 0.54847 0.00019889 0.00539991 3.21756e-05 0.00855303 0.303996 0.0406615 0.00209901 0.00320198 3.97308e-05 0.000131894 0.000756713 0.00435873 0.00152829 6.58895e-05 
0.000151284 0.0102302 7.32413e-08 0.072779 0.801168 1.77734e-05 0.00129324 1.56815e-10 0.00232591 0.0429727 0.00205688 0.00116247 0.0211111 1.01025e-08 2.08723e-05 0.00401816 0.0406011 5.48009e-06 8.61385e-05 
1.6022e-05 0.0027879 5.11294e-05 0.000472468 0.992347 5.9217e-07 0.0002024 6.13446e-10 0.000800655 0.000288378 0.00106002 5.99709e-06 0.000261437 0.0002356 5.19779e-05 0.000729729 2.24629e-05 6.05998e-05 0.000605957 
0.12982 0.123707 8.89216e-05 0.0105704 0.4432 0.00181262 0.000113585 1.37521e-05 0.212901 0.00839767 0.0167085 0.00533575 0.0394405 0.000379137 0.00504067 0.00122643 0.000754409 6.12249e-06 0.000483244 
0.00125305 0.125184 0.00350583 0.0888061 0.352308 0.00507676 0.00584265 5.14639e-05 0.190323 0.0965945 0.0651231 0.000150445 0.0068404 0.0185594 0.00916834 0.0159098 0.0104192 0.000120487 0.00476347 
0.00071788 0.0680211 0.000443413 0.121897 0.627394 0.0014141 0.000326023 0.00865921 0.0489141 0.0333425 0.0227195 0.0288937 0.00953183 0.000172917 0.019482 0.0034245 0.00128583 0.000108042 0.00325236 
0.0623982 0.186144 0.00173532 0.0759298 0.332188 0.000148129 0.00340021 8.39512e-07 0.161755 0.03333 0.0415526 0.0702846 0.0122848 2.87175e-05 0.000719655 0.00371586 0.0131587 1.00541e-05 0.00121501 
1.6022e-05 0.0027879 5.11294e-05 0.000472468 0.992347 5.9217e-07 0.0002024 6.13446e-10 0.000800655 0.000288378 0.00106002 5.99709e-06 0.000261437 0.0002356 5.19779e-05 0.000729729 2.24629e-05 6.05998e-05 0.000605957 
7.34195e-05 0.112976 0.000396996 0.202277 0.391108 3.00675e-10 1.85642e-06 7.37051e-10 0.00469063 0.0201887 0.0249063 3.23912e-06 0.0274512 6.25152e-10 2.94623e-07 0.0504174 4.87668e-07 5.57605e-10 0.165509 
0.00344172 0.13913 0.169981 0.158559 0.186293 0.000989051 0.00382923 3.98143e-10 0.152415 0.103931 0.0324143 0.00103198 0.0124283 0.00279568 0.0225163 0.00238831 0.00117766 0.00265465 0.00402284 
0.00292297 0.082712 3.35473e-05 0.034791 0.431674 0.000342811 0.00236385 3.47776e-07 0.0883649 0.182555 0.00458617 0.00944569 0.000302036 1.99315e-06 0.0122282 0.00885768 0.000221273 0.13855 4.66306e-05 
0.00252076 0.0135626 0.0853374 0.032168 0.422963 7.93102e-05 0.000453366 3.21805e-05 0.0372035 0.152177 0.00850314 0.00197932 0.000445481 0.0627089 0.00262466 0.00900722 0.00125901 0.166467 0.000508177 
0.00177521 0.0585051 1.72165e-07 0.270632 0.287614 0.0032557 0.00525608 1.72044e-07 0.0500742 0.0348311 0.00448189 0.0012058 0.00670393 1.72097e-07 0.0045848 0.0737656 0.195006 0.000327218 0.00198171 
0.00131617 0.00662367 2.52717e-05 0.0715783 0.247361 0.000100724 2.25429e-05 4.19881e-06 0.00931707 0.11957 0.191005 0.000659471 0.0119816 0.0393157 0.0232297 0.165888 0.0543744 9.55564e-07 0.057625 
4.45502e-09 0.0559151 5.67063e-07 0.00245665 0.449584 3.28781e-06 0.00620329 2.69192e-08 0.00318526 0.0128319 0.0111155 6.14444e-05 0.0200431 3.67861e-06 4.55046e-06 0.0328597 0.405726 3.69513e-06 2.02017e-06 
3.7366e-05 0.092783 0.00236551 0.0777245 0.368707 0.00174371 0.087954 3.26666e-06 0.138099 0.00348471 0.163011 0.000301578 0.00273917 0.000648176 0.0016446 0.0268121 0.000399999 9.23268e-05 0.0314491 
4.52245e-05 0.00974294 0.000675385 0.160572 0.492602 0.00106096 0.0179209 2.60125e-08 0.0348519 0.0564012 0.042959 0.000414868 0.00116887 0.0886457 0.00576083 0.0701459 0.0145923 1.28919e-06 0.0024387 
8.458e-06 0.100433 0.00473812 0.0378685 0.547005 0.00180739 5.86358e-05 5.3829e-11 0.0648307 0.00449782 0.0334073 0.00235641 0.0119605 4.82364e-07 0.0254179 0.0163392 0.149021 4.07235e-11 0.000249188 
0.000556941 0.00384121 1.69764e-10 1.34022e-07 0.520725 1.05985e-10 0.00101341 2.59803e-10 0.000236488 0.0271027 0.0204052 0.00114871 0.00952097 3.57429e-07 0.0023903 2.24248e-07 5.92548e-11 0.411254 0.00180499 
0.000180858 0.305096 0.00214727 0.220205 0.329453 0.000102655 0.00936579 6.92965e-05 0.048098 0.0311519 0.015786 0.00080855 0.00545063 0.000266202 0.00494614 0.0035897 0.00509915 0.000751568 0.0174323 
0.00789625 0.0983007 0.00173126 0.0511469 0.43982 0.000200969 0.0871518 2.17052e-05 0.0263766 0.0232685 0.214181 0.000818628 0.00485202 7.79781e-05 0.0049117 0.0115278 0.00129967 0.000424992 0.0259919 
0.000109251 0.0992005 3.78005e-05 0.218929 0.539667 0.000140398 0.000970671 1.02298e-12 0.0255346 0.0600615 0.0121937 0.00049448 0.0109614 0.0117992 0.00016962 0.0152499 0.00416963 0.000112292 0.000198874 
0.000191847 0.222875 0.020068 0.186873 0.46731 0.000194383 0.000448634 2.10397e-09 0.0281126 0.0105334 0.00678697 0.000270176 0.0383588 0.00152466 0.0025947 0.00339927 0.000516871 0.000474319 0.00946731 
0.000548687 0.0108507 6.77723e-06 0.0314692 0.818882 7.3838e-06 0.00673214 2.5274e-06 0.000572739 0.117434 1.8122e-05 0.000170039 0.0106576 1.36672e-06 1.69459e-07 0.00180815 0.000677135 0.000160554 3.8538e-07 
0.000151284 0.0102302 7.32413e-08 0.072779 0.801168 1.77734e-05 0.00129324 1.56815e-10 0.00232591 0.0429727 0.00205688 0.00116247 0.0211111 1.01025e-08 2.08723e-05 0.00401816 0.0406011 5.48009e-06 8.61385e-05 
3.73818e-05 0.0376511 3.104e-06 0.00633012 0.428683 0.000281244 0.00651479 4.6053e-05 0.0414309 0.374288 0.017661 0.00279342 0.00532565 0.000814502 8.30507e-05 0.0731077 0.00364836 0.000202528 0.00109806 
0.0159892 0.0908968 0.00267157 0.0322083 0.725964 0.000960992 0.00226832 4.27135e-07 0.0501169 0.0341469 0.0294669 0.00108915 0.00674348 9.97192e-05 0.00123721 0.00287344 0.00274622 1.98888e-05 0.00050063 
0.00139368 0.0236774 0.000582569 0.030333 0.603493 0.000478494 2.33344e-05 1.97163e-08 0.0275903 0.167609 0.00872002 0.00163757 0.00104964 0.00441341 0.0164289 0.00277703 0.000317141 0.0631602 0.0463148 
7.29454e-05 0.168107 0.0055192 0.0402355 0.354507 0.000709955 0.000672739 4.07873e-07 0.0823784 0.198831 0.132388 3.10527e-05 0.00663545 0.000231171 0.00272135 0.00295914 0.00358599 7.74572e-05 0.000336399 
0.000271405 0.0193309 0.00541761 0.0774654 0.60539 9.0476e-05 0.00024219 1.94807e-06 0.0963735 0.0235361 0.119472 0.00387526 0.0141634 6.34647e-06 0.00183978 0.0113433 0.0202419 1.47378e-06 0.000937326 
5.77622e-08 0.190113 8.52212e-06 0.0323215 0.344622 0.000173378 0.0227525 0.132511 0.0145376 0.0370481 0.173003 2.24464e-07 0.00716941 1.78608e-06 0.00201877 0.0341367 0.00793227 5.20304e-08 0.0016495 
5.01203e-07 0.020939 8.30664e-09 0.0919257 0.71804 0.000100969 4.90492e-05 2.15762e-08 0.0154993 0.00367178 0.00268998 1.45804e-05 0.00538155 1.09362e-09 0.000143218 0.0956244 0.0457742 3.38961e-05 0.000112247 
1.12233e-05 0.0717385 8.75855e-07 0.109083 0.772676 0.000108334 0.000132076 1.62538e-12 0.0124066 0.0096684 0.0031626 7.50099e-05 0.00686283 2.38873e-10 0.00282647 0.00754933 0.00166918 0.000108786 0.00192029 
6.70675e-05 0.185154 2.90172e-05 0.0918589 0.504824 0.000319618 0.00131054 0.00185906 0.118781 0.0186828 0.0103706 0.0109682 0.0136609 0.00120579 0.000764374 0.035368 0.00469404 3.46398e-05 4.77116e-05 
0.000173357 0.0930972 0.0139526 0.0417319 0.456069 0.000200295 0.029623 3.22909e-05 0.0677804 0.141056 0.0640386 0.00114976 0.0076272 0.0150062 0.00617646 0.0370914 0.00271674 0.017258 0.00521984 
2.78147e-06 0.299579 4.03863e-08 0.231937 0.413896 0.00041806 0.00326755 1.26049e-11 0.0226951 0.000907238 0.00709944 1.03977e-05 0.00450519 1.06912e-11 0.00179546 0.0115972 0.00135243 7.35388e-06 0.000930068 
0.00300939 0.0920731 0.00652269 0.0118846 0.28597 1.75823e-07 0.0896036 4.30997e-07 0.0882636 0.111899 0.241198 0.0376635 0.0106107 0.000301568 6.62359e-06 0.0168228 0.000830454 2.59468e-06 0.00333753 
0.007102 0.165379 0.00329155 0.0582888 0.245225 0.00150641 0.00364993 8.62338e-05 0.177032 0.00419615 0.0235238 0.000435078 0.0606117 0.00593968 0.00318909 0.154976 0.0750047 0.00610174 0.00446121 
0.000843363 0.0742302 1.85132e-07 0.000383032 0.872632 1.36012e-07 0.00436603 4.78976e-07 0.0189156 0.00492402 0.00656968 2.4227e-06 0.000586855 2.74546e-06 0.00159282 0.00836076 0.00658922 2.67034e-08 2.60213e-08 
1.28284e-11 0.268673 5.06507e-11 0.0567398 0.499301 3.16217e-11 2.84301e-06 1.01947e-07 0.0270847 6.16737e-05 0.000612476 3.43044e-09 0.0154301 5.01174e-09 9.72268e-09 0.00436775 0.127726 5.86427e-11 5.02258e-08 
1.1157e-05 0.319114 1.00837e-05 0.156261 0.332128 3.10224e-05 0.0125587 1.39146e-11 0.0142033 0.00891651 0.110161 0.0013516 0.00197231 1.37551e-05 0.0288747 0.00424235 0.00121431 1.24266e-08 0.00893595 
3.16943e-05 0.0103089 3.81068e-05 0.0539939 0.587044 0.00142235 0.000864321 1.91275e-08 0.0831401 0.254292 0.000396904 1.38126e-05 4.58986e-06 0.00456838 5.3623e-07 0.00347107 0.000141606 0.000125833 0.000141423 
4.42857e-05 0.111949 0.000757447 0.371353 0.380115 0.000218307 0.00606108 8.36774e-07 0.0426005 0.0293115 0.00564671 0.00765733 0.0112244 0.000575816 0.00172726 0.016043 0.00108446 4.61402e-05 0.013584 
0.00137014 0.14747 0.000202417 0.162162 0.200414 0.00864666 0.00174033 0.00715885 0.0785191 0.0614373 0.0461504 0.144958 0.030625 0.0012197 0.0889076 0.00257559 0.0118592 9.33586e-07 0.00458329 
5.01374e-05 0.176752 9.85566e-05 0.152712 0.432594 3.27649e-06 0.0313988 7.53135e-05 0.045495 0.119395 0.0331612 0.000501633 0.000708262 0.000707585 9.19881e-05 0.00368215 0.000148791 0.0001616 0.00226276 
8.05939e-08 0.129133 1.01966e-07 0.0213093 0.672654 2.38884e-07 0.00220117 8.57351e-12 0.061388 0.0949992 0.00512196 1.96616e-07 8.73112e-07 7.05445e-08 0.000294922 3.09492e-07 0.0127772 7.13542e-08 0.000119254 
0.000546396 0.0919537 0.000546578 0.0123865 0.513297 0.000192203 0.225485 9.55451e-09 0.010956 0.0175826 0.0915413 0.00116772 0.00651845 0.000241015 0.000494599 0.00352666 2.79851e-05 4.38152e-06 0.0235325 
2.48268e-05 0.00416974 7.8806e-08 0.0257331 0.721402 9.35855e-06 0.000677191 3.26572e-09 0.0056833 0.0165755 0.149541 1.4705e-06 0.00159943 2.96332e-11 0.00657082 0.0101999 0.000362261 0.000213223 0.0572361 
2.24683e-05 0.0756245 0.000180068 0.157776 0.245374 0.00553589 0.0145532 4.56739e-10 0.173447 0.0478698 0.032226 3.24661e-05 0.00731725 9.57908e-06 0.0434036 0.0276016 0.16301 2.36278e-06 0.00601362 
8.53242e-05 0.0805959 0.00105568 0.0317981 0.607793 0.000314583 0.00354797 7.87498e-08 0.0904906 0.0860126 0.0132883 4.48908e-05 0.0022409 8.60032e-06 0.0659949 0.0055408 0.00151469 0.000218786 0.00945416 
0.000311465 0.427548 2.39067e-05 0.0178813 0.45389 0.000475509 0.000202363 3.61169e-10 0.0429869 0.00274627 0.00815624 0.00274905 0.00399917 1.93853e-06 0.0368925 0.00138297 0.000526794 2.26854e-08 0.000225573 
0.00119357 0.0772749 0.000164883 0.0439382 0.565084 2.04339e-06 0.0143522 2.36176e-08 0.00640729 0.255111 0.0130608 0.000243711 7.85284e-05 2.28761e-05 0.000720358 0.00713964 0.0130111 3.05849e-08 0.0021943 
0.00603201 0.0789698 0.00060483 0.135564 0.580683 0.00382775 0.000441317 6.40712e-12 0.0693763 0.0302057 0.0176252 0.00127265 0.0251696 0.000251576 0.0337901 0.00862135 0.00629631 1.47059e-05 0.00125309 
0.00660096 0.0224866 0.00554991 0.0276487 0.291566 6.53179e-07 0.00588181 6.52399e-07 0.243286 0.138028 0.168642 6.53115e-07 0.0246374 6.52599e-07 0.030392 6.53553e-07 0.00679613 0.00724584 0.0212361 
0.000985766 0.169207 0.000159427 0.138621 0.360774 0.00402764 0.00546425 1.44701e-07 0.0901176 0.0515457 0.0366361 0.00291182 0.0252203 5.80427e-05 0.0105099 0.0588817 0.0206811 0.00470522 0.0194923 
0.000197978 0.182471 0.000253253 0.0375404 0.460475 0.000861566 0.00384319 4.15264e-08 0.0435669 0.235087 0.0067712 0.00393999 0.00389023 3.43956e-07 3.11502e-05 0.0173547 0.00165133 0.000651028 0.00141397 
0.00172347 0.0261615 0.024145 0.0657541 0.289879 0.0005034 0.00876884 0.000847357 0.124536 0.233303 0.10422 0.0175026 0.0056082 0.000176537 0.00184851 0.011508 0.000265731 0.0799504 0.00329825 
6.15448e-05 0.012676 8.27767e-05 0.0138236 0.643484 4.88493e-05 0.0316362 0.00224058 0.0911957 0.078462 0.053741 0.00388111 0.00118768 1.64644e-06 0.000118508 0.0188337 0.00667416 0.0413824 0.000468804 
0.00100193 0.0364077 0.000375875 0.033487 0.324042 0.00200092 0.00100865 2.37929e-07 0.168567 0.0756788 0.0666444 0.00204528 0.166293 0.0293972 0.0557151 0.0205462 0.00660001 2.86982e-06 0.010185 
0.00287091 0.0498843 2.39277e-05 0.126038 0.285574 0.00695685 0.00804945 4.75396e-06 0.0836921 0.0191253 0.250261 0.00509828 0.110981 0.000254299 0.00174062 0.0217192 0.022526 5.03124e-05 0.00514961 
0.000332731 0.0306115 0.00230485 0.0149331 0.362813 0.0001897 0.0703619 0.0166578 0.0762023 0.0631642 0.2204 0.0074269 0.00611568 0.00155586 0.00593369 0.0559174 0.000779044 0.0615125 0.00278727 
1.04551e-06 0.178931 0.000652714 0.0340548 0.302428 2.82319e-05 0.00848471 3.85096e-07 0.0559841 0.00200491 0.0254201 0.000144472 0.00523205 2.36352e-08 0.206661 0.0179831 0.074406 1.54755e-06 0.0875818 
0.00201148 0.125019 0.000147472 0.260288 0.396809 0.000174406 0.00213662 3.3549e-08 0.0281529 0.0207042 0.0260106 0.00204695 0.00646121 0.00166485 0.00532602 0.0236984 0.0880708 0.00330887 0.00796923 
