0.00626095 0.0266292 0.0505997 0.0270792 0.123318 7.3576e-05 0.00067123 0.000778542 0.421438 0.213768 0.00742248 0.0120192 0.00460127 0.00266239 0.0159115 0.0537954 0.0058393 0.0258514 0.00128033 
2.15728e-05 0.0444962 0.000852627 0.0732168 0.0441901 4.66118e-07 0.0224181 4.26345e-06 0.0517925 0.0236895 0.541844 0.023454 0.0324967 0.000109933 0.0545116 0.0248424 0.0523766 5.46778e-05 0.00962832 
4.58343e-08 0.0863026 0.0338779 0.70086 0.00730678 3.4879e-08 0.0161543 6.98521e-08 0.00729277 0.0155486 0.0496661 8.27582e-05 0.000399949 1.58441e-06 0.0528013 0.00508785 0.000276848 8.5944e-08 0.0243407 
3.26731e-06 0.613651 0.000227894 0.325792 0.0336916 6.96287e-13 0.00405598 1.70682e-12 0.00221528 0.00301898 0.0143011 0.000192572 0.0027296 1.44769e-12 5.80321e-08 0.000120549 5.33359e-09 1.67994e-09 7.97242e-08 
4.8744e-05 0.0920638 1.55565e-07 0.750837 0.0225079 1.98088e-10 0.0347972 4.85576e-10 0.000717539 6.37194e-08 0.0324119 0.00150578 0.00132052 4.11856e-10 2.08868e-07 0.0634495 0.000329109 9.66075e-08 1.09344e-05 
5.24306e-05 0.101906 2.76433e-05 0.579866 0.0153491 2.45923e-10 0.0352337 6.02836e-10 0.000390065 4.00763e-07 0.0356291 5.42037e-06 9.02038e-07 5.11314e-10 1.56211e-06 0.231537 9.582e-07 4.56067e-10 3.20902e-07 
0.000423486 0.0176355 2.27867e-09 0.00133305 0.000441284 1.42259e-09 0.00148006 3.48723e-09 0.0163082 0.043402 0.0293159 0.884519 0.00168581 0.000624865 5.2027e-07 3.63911e-05 1.75727e-06 0.00127166 0.0015204 
8.1825e-06 0.104666 0.00129991 0.0116577 0.0275233 2.57857e-07 0.0360875 2.64093e-06 0.118037 0.098679 0.592749 3.2912e-05 0.00345055 0.000275136 4.03657e-05 0.00495872 0.000262709 1.38097e-05 0.00025555 
9.00636e-05 0.0198145 0.00854077 0.00290485 0.0796729 2.10925e-08 0.0631338 0.00211475 0.264732 0.117507 0.0548207 0.00152419 0.0615283 2.8168e-06 5.8781e-05 0.0352495 0.244002 3.83699e-05 0.0442647 
7.34195e-05 0.112976 0.000396996 0.202277 0.391108 3.00675e-10 1.85642e-06 7.37051e-10 0.00469063 0.0201887 0.0249063 3.23912e-06 0.0274512 6.25152e-10 2.94623e-07 0.0504174 4.87668e-07 5.57605e-10 0.165509 
7.61391e-05 0.0217866 0.00468712 0.00433395 0.14163 1.6834e-06 0.0562713 1.567e-05 0.00437347 0.0910088 0.569016 0.0266595 0.00461934 2.85763e-05 0.000873645 0.0386047 1.41491e-05 0.000196535 0.0358028 
9.72538e-06 0.277088 0.000822192 0.654672 0.00662083 1.51979e-08 0.000293607 2.78061e-07 0.000650921 0.00148592 0.0394861 0.00110558 0.00731573 8.97684e-07 0.00413645 0.00323412 6.00182e-05 4.84521e-08 0.00301764 
1.87768e-06 1.51146e-05 1.32364e-09 3.60945e-06 0.586535 8.26358e-10 1.23846e-05 2.02567e-09 0.116598 0.28455 2.18887e-05 9.27218e-10 3.29636e-06 1.71813e-09 0.000192622 0.0120246 3.33573e-05 1.53249e-09 8.43022e-06 
0.000244867 0.0615417 0.000360074 0.0680719 0.10555 0.000104491 0.0281638 0.000345472 0.122932 0.525277 0.046522 0.00248565 0.00325232 0.00145767 0.000382626 0.0295116 0.00156948 0.000833894 0.0013938 
0.000283969 0.154497 4.18215e-06 0.206279 0.00602693 6.82619e-07 0.00195214 7.25658e-06 0.0196633 0.0557648 0.067526 0.452568 0.0154453 0.000252803 0.001408 0.00197529 0.000893289 0.0033512 0.0121006 
2.24564e-08 5.88341e-07 4.41119e-10 0.0482451 5.11642e-06 2.75394e-10 0.361975 0.00109923 0.0753762 0.00126971 0.511676 3.09007e-10 2.12905e-06 5.7259e-10 0.000281872 1.90541e-05 3.51514e-05 5.10722e-10 1.52415e-05 
5.37582e-07 0.14462 0.05829 0.00604853 0.0360655 3.14914e-10 0.00109313 7.71953e-10 0.0502707 0.00932639 1.29236e-07 0.0910648 0.561821 6.54756e-10 5.97129e-08 0.0413978 6.38534e-07 5.8401e-10 4.68668e-07 
7.40365e-06 0.149622 0.000631915 0.0889119 0.4354 2.19534e-10 0.00127165 5.38148e-10 0.219318 0.0401212 0.0208419 0.00240246 0.00822079 9.27239e-08 0.000689542 0.00633662 0.000895297 2.86464e-05 0.0252996 
8.03885e-06 0.00462786 0.000193642 1.34122e-05 0.00550661 8.06149e-09 0.00390019 2.48586e-06 0.00874217 0.0485733 0.7646 9.04543e-09 4.84286e-05 1.67611e-08 0.00193955 0.00633208 2.36593e-05 3.88089e-07 0.155488 
3.25792e-06 1.58134e-05 3.07266e-07 0.0561418 1.51824e-05 6.37305e-10 7.68915e-06 1.56224e-09 2.7199e-05 0.229577 0.711419 1.66623e-05 5.13114e-05 5.81716e-05 0.00127263 5.75804e-08 0.00139274 1.18189e-09 8.22366e-07 
0.000292117 0.0442425 2.9984e-05 0.0386874 0.0126853 2.54446e-09 0.0232848 4.9663e-06 4.98784e-06 0.371585 0.45979 1.03048e-05 0.0424906 6.86023e-07 2.34797e-06 0.00285663 0.00402918 3.0185e-07 3.21562e-06 
0.000423323 0.0536653 0.00185073 0.145983 0.250914 0.00022211 0.0106844 0.00133818 0.0551325 0.339453 0.0561504 0.00321902 0.00657541 0.00111405 0.000937097 0.0384771 0.0105721 0.0209716 0.00231606 
6.5279e-05 0.463635 2.56952e-07 0.0296952 0.160823 7.75304e-10 0.000631191 1.90052e-09 0.176868 0.00412979 0.0241521 0.000118948 0.0908378 1.61198e-09 1.38608e-05 0.00853749 0.0404894 1.43781e-09 1.27315e-06 
0.00136073 0.0955938 0.0859199 0.00955829 0.0133459 1.12587e-05 0.0136123 1.53186e-05 0.0148189 0.644251 0.0519851 0.000299902 0.0031998 3.649e-05 0.00426976 0.0143509 0.000177849 0.0291602 0.0180322 
1.39664e-05 0.440741 9.56246e-06 0.0264805 0.0097973 7.39594e-06 0.0792306 0.00478973 0.279929 0.00426327 0.0110247 2.79857e-05 0.0471824 0.000128192 0.00116116 0.0420485 0.0526713 0.000128223 0.000364897 
4.48994e-06 0.654264 0.000157509 0.227992 0.0334274 3.8736e-13 0.000530507 9.49542e-13 0.00515195 0.0034686 0.033201 0.000147446 0.00692324 8.05384e-13 0.0306026 9.18562e-09 9.0311e-09 9.3459e-10 0.00412925 
1.59113e-05 0.227937 0.000205976 0.110101 0.0508206 1.37528e-05 0.00324218 5.07891e-05 0.0338086 0.00700335 0.199251 0.000478964 0.0208992 3.30724e-05 0.137224 0.0960028 0.000659211 3.23789e-05 0.112221 
5.37582e-07 0.14462 0.05829 0.00604853 0.0360655 3.14914e-10 0.00109313 7.71953e-10 0.0502707 0.00932639 1.29236e-07 0.0910648 0.561821 6.54756e-10 5.97129e-08 0.0413978 6.38534e-07 5.8401e-10 4.68668e-07 
2.2319e-05 0.0193463 0.00200029 0.00180725 0.0153188 6.02043e-08 0.025202 2.35432e-05 0.0436471 0.78731 0.0768755 6.75525e-08 0.000147537 1.85519e-05 0.000370587 0.0247349 0.00228368 0.000330416 0.000561049 
0.000222017 0.238849 0.00336248 0.000858202 0.000514869 5.02808e-07 0.03212 5.48616e-06 0.0168818 0.127327 0.381771 2.53517e-05 0.0140484 8.1293e-06 2.24179e-06 0.00318158 0.0525694 2.42567e-06 0.12825 
0.00113281 0.499905 1.86331e-05 0.0168365 0.0646248 1.27086e-08 0.140016 0.000923536 0.125559 0.0272143 0.0324432 7.728e-05 0.018403 6.03626e-07 0.00240625 0.0481937 0.00281515 0.0162835 0.00314741 
0.00707281 0.0189398 0.0578287 0.0166957 0.128753 1.57141e-08 0.000488427 4.9375e-05 0.0149672 0.598582 0.0716845 0.00357527 0.047072 3.26722e-08 4.53767e-05 3.07063e-05 0.0333936 0.000599315 0.000222285 
1.39869e-05 0.245739 0.028882 0.014261 0.124535 4.11066e-08 0.0453931 4.67545e-08 0.0236391 0.1391 0.277723 5.79201e-06 0.0143632 0.00293499 0.0491805 0.0052365 0.00617033 4.78158e-08 0.0228215 
0.00177165 0.00989551 2.80458e-07 0.00156943 0.0707711 2.67558e-07 0.0107921 0.0318997 0.00953777 0.0748468 0.0740687 0.457241 0.0308519 2.84075e-05 0.000379642 0.0697965 0.00118431 0.154563 0.00080185 
9.2667e-06 0.113798 0.00364527 0.00109133 0.121353 5.18522e-11 0.0539754 4.69258e-07 0.495289 0.156735 0.0407332 5.81809e-11 0.00427776 4.28046e-07 3.22627e-07 2.09189e-06 0.000467919 5.54097e-07 0.00862087 
0.00339515 0.0246413 0.000187599 0.13968 0.0840097 9.1848e-06 0.00332957 0.000130642 0.0258082 0.0412973 0.00297709 0.000301244 0.560113 3.30856e-05 0.00058099 0.015398 0.00208467 0.0955184 0.000504859 
1.65743e-05 0.788593 7.49452e-05 0.01099 0.0208824 8.25683e-06 0.0193461 0.0124525 0.0126336 0.0569684 0.0334768 8.43143e-05 0.00659432 0.00020574 0.0170503 0.0104972 0.00251919 1.47193e-05 0.0075921 
1.19731e-06 0.000165942 3.56669e-08 0.000245098 0.000537239 3.07703e-10 0.0029051 2.89308e-06 0.00279118 0.000270734 0.955404 2.94404e-05 1.66387e-05 6.39764e-10 0.0356621 0.000999553 2.04883e-05 5.70638e-10 0.000947965 
1.6326e-06 0.00795383 7.77411e-05 0.0784928 0.0154242 7.23994e-09 3.8498e-06 1.77474e-08 0.0340536 0.702557 0.0177445 0.000713774 0.00930259 0.102549 3.45465e-05 0.0173443 0.00396243 4.74391e-06 0.00977901 
0.000179301 0.198897 3.47176e-05 0.00567283 0.0990474 4.27539e-08 0.0882714 0.000291834 0.36243 0.156443 0.0723819 0.000293028 0.000883747 0.00014238 0.00441173 0.00304863 0.00586167 0.000152545 0.00155678 
2.12213e-07 0.209656 3.10214e-10 0.521856 0.268462 1.93669e-10 3.14895e-06 4.74745e-10 1.29903e-06 5.46443e-07 2.96721e-06 1.28232e-06 2.4688e-06 4.0267e-10 1.79242e-06 1.03187e-05 7.90538e-07 8.26431e-07 7.95932e-08 
3.54525e-05 0.215836 5.42237e-05 0.136922 0.350858 1.69865e-06 0.0240619 1.15704e-05 0.0351762 0.205304 0.0256748 0.00034535 0.0005061 0.000484795 0.000255466 0.00262242 9.67716e-05 0.000121173 0.00163139 
5.37582e-07 0.14462 0.05829 0.00604853 0.0360655 3.14914e-10 0.00109313 7.71953e-10 0.0502707 0.00932639 1.29236e-07 0.0910648 0.561821 6.54756e-10 5.97129e-08 0.0413978 6.38534e-07 5.8401e-10 4.68668e-07 
3.15301e-06 0.184475 1.11536e-05 0.754721 0.00666554 2.20642e-09 0.000150643 2.44421e-08 0.000740676 0.000191793 0.0208971 0.000290919 0.0113399 7.64252e-09 0.00197984 0.00906062 0.000144916 5.61554e-07 0.00932696 
7.30912e-06 0.11485 2.86957e-06 0.0151656 0.00474862 2.5421e-06 0.000582294 4.39152e-06 0.000917728 0.000270243 0.0109156 2.65729e-05 0.000161532 3.72481e-06 0.851317 4.64564e-06 0.000173084 6.82064e-06 0.000839587 
1.00286e-07 0.0442598 0.0702884 0.00274646 1.19386e-06 1.17553e-10 0.0264735 2.8816e-10 0.0158862 0.262387 0.573472 0.000461848 3.59943e-07 2.44412e-10 1.15305e-05 9.95592e-07 2.54942e-06 2.18004e-10 0.00400811 
6.5648e-08 0.00518909 0.00395459 0.0847608 0.0212054 2.16208e-10 0.00146292 5.29995e-10 0.0764349 0.766949 0.0121469 2.01719e-07 0.00312626 4.49531e-10 5.32385e-07 0.013871 0.00321704 0.00170142 0.00597947 
0.0125131 0.00685464 0.013269 0.0130899 0.0646834 3.73484e-06 0.00162995 0.000139161 0.0111469 0.33662 0.00878363 0.392456 0.000257991 0.0820178 3.30044e-05 0.000132126 0.000389523 0.0559002 7.98933e-05 
5.37582e-07 0.14462 0.05829 0.00604853 0.0360655 3.14914e-10 0.00109313 7.71953e-10 0.0502707 0.00932639 1.29236e-07 0.0910648 0.561821 6.54756e-10 5.97129e-08 0.0413978 6.38534e-07 5.8401e-10 4.68668e-07 
0.000482926 0.000970491 0.00065144 0.00678709 0.648712 8.38705e-06 0.00204626 0.000318412 0.161673 0.0262581 0.00901871 7.53069e-05 0.00126636 0.0125898 0.000122095 0.0305268 0.000377067 0.0974299 0.000684865 
0.000181016 0.178067 0.00144235 0.130706 0.0588747 3.99033e-05 0.032284 6.31912e-05 0.0611292 0.0756582 0.0645376 0.00310359 0.109948 0.0969968 0.0123417 0.168887 0.00457864 4.57757e-05 0.0011152 
0.000353593 7.76882e-05 0.000106788 0.0441594 0.286228 4.7715e-07 0.000164305 5.75956e-07 0.0593457 0.34242 0.130685 0.000646865 0.00292365 0.000487514 5.45505e-05 0.00769895 1.55214e-06 0.123856 0.000789082 
1.19731e-06 0.000165942 3.56669e-08 0.000245098 0.000537239 3.07703e-10 0.0029051 2.89308e-06 0.00279118 0.000270734 0.955404 2.94404e-05 1.66387e-05 6.39764e-10 0.0356621 0.000999553 2.04883e-05 5.70638e-10 0.000947965 
0.000280104 0.00796811 0.000208912 0.0149784 0.242675 2.74586e-07 0.00296907 1.21814e-05 0.0123941 0.148065 0.0154435 6.94748e-06 0.00227111 6.39663e-06 0.00207791 0.0704934 0.00304239 0.474057 0.00304991 
1.74944e-06 0.502543 3.72904e-09 0.130896 0.0127236 2.32807e-09 0.0164144 9.94143e-07 0.0419148 7.65563e-06 0.0576556 2.22375e-06 0.0358932 4.84044e-09 0.000179864 0.185512 0.0157828 4.31743e-09 0.000472437 
0.0334856 0.0517057 0.0382939 0.0132376 0.0152323 0.0001298 0.00922279 0.000190827 0.650985 0.0424798 0.0123522 0.0499965 0.00655808 0.000139611 0.000165153 0.0659898 0.00270207 0.00412398 0.0030086 
2.80318e-05 0.0712843 6.98316e-06 0.0116063 0.0125926 3.94045e-10 0.000402033 9.6593e-10 0.137349 0.00378421 0.0220915 0.000105751 0.00937056 2.38968e-06 0.00343162 0.717461 0.00977958 6.62769e-08 0.000704038 
6.88753e-06 0.0294314 0.0145277 0.000481128 0.0437006 4.32582e-08 0.0185709 5.8582e-05 0.000101286 0.813976 0.0685914 2.50768e-05 0.000290406 5.34314e-05 2.29924e-06 0.00880139 1.81424e-05 1.89248e-05 0.00134409 
0.000206637 0.0350559 0.0011153 0.00149325 0.000694726 7.14662e-08 0.664645 1.75186e-07 0.00469515 0.149444 0.102982 0.0267962 0.00853166 1.4859e-07 0.000942674 0.000148486 8.47544e-05 8.68065e-06 0.00315561 
7.70438e-05 0.168382 9.96282e-05 0.0526471 0.00679767 7.81976e-08 0.00818554 6.57804e-05 0.0518367 0.0104537 0.010023 0.00732131 0.00571962 1.62586e-07 0.000133643 0.677129 0.00109521 1.74473e-05 1.57324e-05 
2.98172e-06 0.00329412 3.63727e-06 0.0330041 0.0122233 2.27078e-06 0.0580441 0.0296798 0.00640098 0.015056 9.55301e-05 8.48439e-06 0.00120129 4.72132e-06 0.000273737 0.840124 0.000483655 3.90686e-05 5.79e-05 
1.54732e-06 0.0793018 0.00249813 0.00115366 0.1715 3.36742e-08 0.00130614 8.25462e-08 0.00100648 0.00031166 0.173432 3.77843e-08 0.000412317 7.68193e-05 0.000195309 0.568645 0.00011626 6.24491e-08 4.30181e-05 
2.48703e-05 0.0638049 0.00120081 0.0194942 0.0108209 7.67861e-06 0.080038 0.000287535 0.00332945 0.0313677 0.536126 0.020755 0.00692794 0.000576887 0.00874684 0.091026 1.61312e-05 4.30949e-05 0.125406 
1.65524e-07 0.215124 1.03859e-10 0.00997698 0.0144605 6.484e-11 0.0114701 1.58943e-10 0.0681288 0.000379479 0.65656 1.26184e-07 0.00310608 1.34813e-10 0.00326811 0.0174952 6.47878e-07 9.27581e-08 2.95351e-05 
0.00177165 0.00989551 2.80458e-07 0.00156943 0.0707711 2.67558e-07 0.0107921 0.0318997 0.00953777 0.0748468 0.0740687 0.457241 0.0308519 2.84075e-05 0.000379642 0.0697965 0.00118431 0.154563 0.00080185 
0.010622 0.644213 2.08185e-06 0.00741983 0.00109329 1.30846e-07 0.0191448 2.67142e-07 0.0488414 0.0801294 0.0330622 1.29643e-06 0.0138418 3.2572e-05 7.85131e-05 0.00538045 0.135411 1.85562e-05 0.000707044 
0.000445712 0.0002791 0.125327 0.0109864 0.0149022 1.82086e-08 2.94254e-06 4.46352e-08 0.202466 0.220307 0.271188 2.66791e-05 0.0718962 6.65605e-05 0.0255368 0.0243891 0.0317779 3.37681e-08 0.000402951 
5.20519e-08 0.0045952 3.94708e-10 0.0413421 0.0136254 2.4642e-10 0.00533658 9.0256e-07 0.00678872 0.00237875 0.0172172 2.76496e-10 0.0943101 8.3061e-07 9.18003e-06 0.787405 0.0261249 3.35855e-07 0.000864675 
0.000129828 0.118982 0.00689684 2.32072e-06 0.130008 6.09943e-10 0.00767045 1.49516e-09 6.83949e-07 0.538367 0.190792 0.000246096 0.00561707 1.26817e-09 0.000224614 7.40437e-07 7.27001e-07 1.1278e-07 0.00106095 
4.27255e-08 0.738681 5.45938e-05 0.168743 0.000182461 3.27937e-12 0.00672098 8.03879e-12 0.0278845 0.000140733 0.0162761 0.000101979 0.0354677 1.43435e-05 0.000239416 0.00357523 0.00109878 2.97096e-08 0.000818913 
0.000520876 0.130276 0.000185505 0.0594044 0.0646123 2.15236e-05 0.0185584 0.00359045 0.115169 0.319206 0.0775124 0.00226893 0.0226682 0.000114288 0.00745351 0.15181 0.0186555 0.000283643 0.00768889 
0.0712717 0.138815 0.000120595 0.0668407 0.479956 2.26125e-05 0.000358848 4.85313e-05 0.0743412 0.0791081 0.00763406 7.79341e-05 0.0219544 0.000103321 0.00024646 0.00103372 0.0555874 0.00239027 8.96436e-05 
1.81292e-07 0.0284129 0.00192834 0.00254632 0.419113 4.42413e-11 0.00204578 1.08449e-10 0.142737 0.188467 0.184224 4.96411e-11 0.0305212 9.19847e-11 5.30349e-07 6.70639e-07 2.57265e-07 9.10791e-07 8.42987e-07 
2.12213e-07 0.209656 3.10214e-10 0.521856 0.268462 1.93669e-10 3.14895e-06 4.74745e-10 1.29903e-06 5.46443e-07 2.96721e-06 1.28232e-06 2.4688e-06 4.0267e-10 1.79242e-06 1.03187e-05 7.90538e-07 8.26431e-07 7.95932e-08 
1.5713e-08 0.0115117 2.06729e-08 0.0229027 0.00541063 5.40866e-10 0.0215372 0.00680597 0.0134038 0.000639629 0.90119 1.74355e-05 0.00845148 3.11488e-06 0.00078429 0.00265052 0.00259534 8.22501e-07 0.00209572 
0.000396524 0.0753389 5.97258e-05 0.0609791 0.00133049 1.83987e-05 0.66587 0.000449319 0.0583863 0.0274162 0.0222447 0.00103948 0.0340325 0.000127124 0.0223559 0.0269073 0.00138172 5.37031e-05 0.00161317 
3.07029e-05 0.518384 0.0235062 0.178921 0.160795 5.76375e-11 0.0237479 1.41288e-10 0.00839631 0.0249461 0.044286 6.9848e-08 0.00930909 1.19838e-10 0.000208952 1.46707e-08 0.000240292 7.80909e-08 0.00722806 
9.72538e-06 0.277088 0.000822192 0.654672 0.00662083 1.51979e-08 0.000293607 2.78061e-07 0.000650921 0.00148592 0.0394861 0.00110558 0.00731573 8.97684e-07 0.00413645 0.00323412 6.00182e-05 4.84521e-08 0.00301764 
0.00016633 0.0224914 0.142669 0.00408915 0.0385437 9.25249e-10 1.38834e-06 1.54327e-08 0.49546 0.0145216 0.00819812 0.116981 0.0823095 1.92374e-09 0.000250439 0.0448491 0.0292402 1.71588e-09 0.000228987 
6.97378e-08 0.000827058 5.34089e-08 0.00411243 6.53084e-08 3.63678e-10 0.00354016 0.000771031 0.00139621 0.0321467 0.131913 5.57397e-08 0.00334183 6.94153e-07 0.00883938 0.00170825 7.34535e-08 4.99985e-07 0.811403 
0.0118997 0.0460821 0.00723092 0.0547597 0.135231 0.000151335 0.0157326 0.0044723 0.177316 0.259721 0.122047 0.00193166 0.0152879 0.0128971 0.0409534 0.0799252 0.00213966 0.0112875 0.000933342 
9.03996e-07 0.000130895 8.2544e-08 1.24221e-05 5.20714e-05 3.91677e-12 0.000135102 1.91174e-10 0.000168091 5.19347e-05 0.0422107 1.41179e-09 1.07983e-08 8.1436e-12 0.956119 7.78071e-06 0.000313559 7.26369e-12 0.00079701 
2.27748e-09 0.963525 0.000525326 0.00918663 5.70181e-05 8.78262e-11 0.000565953 7.69845e-08 0.00185226 2.04413e-09 0.00146494 9.85457e-11 0.010937 1.82605e-10 9.74028e-07 0.0118827 1.04309e-07 2.35872e-07 1.58107e-06 
1.30884e-05 0.0104705 9.33306e-09 0.0401814 0.0788231 5.82671e-09 6.5652e-06 4.25371e-05 0.017872 0.586612 0.0942758 7.44935e-07 0.0744159 1.21147e-08 0.000168948 0.0744406 0.022541 2.59808e-06 0.000133257 
0.0361409 0.0532881 0.0831755 0.0538119 0.0794895 0.000910172 0.0956568 0.00781208 0.401527 0.0112098 0.0402138 0.0125068 0.0238551 0.00143073 0.000978323 0.0713762 0.0209734 0.00384512 0.00179906 
0.000423486 0.0176355 2.27867e-09 0.00133305 0.000441284 1.42259e-09 0.00148006 3.48723e-09 0.0163082 0.043402 0.0293159 0.884519 0.00168581 0.000624865 5.2027e-07 3.63911e-05 1.75727e-06 0.00127166 0.0015204 
2.99572e-05 0.0378875 3.25407e-05 0.00400065 0.0241791 4.3919e-08 0.0230231 0.000164532 0.00536987 0.804455 0.0942622 3.89264e-06 0.000126378 5.91002e-05 1.46442e-05 0.000968343 0.000130521 8.14481e-08 0.00529304 
0.000133781 0.024995 0.0217667 0.00254122 0.0843491 2.09384e-05 0.0211284 5.06935e-05 0.0796713 0.627263 0.0478312 0.000111692 0.0034956 0.0212288 0.000832488 0.0527767 0.00707319 0.00470078 2.94535e-05 
3.71749e-08 0.126101 2.80604e-06 0.00769605 0.0664051 3.81654e-11 2.22493e-06 9.35556e-11 0.024975 0.230217 0.318159 0.000231178 0.150103 4.60322e-07 0.000696367 3.72331e-07 0.059239 1.52888e-06 0.0161705 
7.63879e-05 0.0778596 8.86757e-05 0.111829 0.11272 6.28401e-06 0.0183695 0.00742755 0.149377 0.138484 0.0106668 0.000366914 0.00883039 0.000762362 0.000642737 0.179983 0.179204 3.09084e-05 0.00327444 
4.53716e-07 0.00488877 6.75185e-06 3.2624e-07 0.12195 3.5344e-09 2.06091e-06 8.66393e-09 0.0152833 0.749261 0.0116575 3.96578e-09 0.000670692 7.34858e-09 1.5437e-06 0.00144566 0.0787104 0.0140278 0.00209428 
5.01526e-08 0.0503828 0.0564603 0.651537 0.0121777 3.81627e-08 0.0096705 6.1514e-08 0.00236408 0.0131021 0.072694 0.00013788 0.000163473 1.45816e-06 0.0880014 0.0026328 0.000107547 9.40374e-08 0.0405672 
0.000310098 0.43197 0.00393126 2.70639e-06 0.41245 2.39377e-11 0.0128018 5.86789e-11 0.024455 0.0296452 0.0442751 0.000584849 0.0395662 4.97703e-11 5.84948e-06 4.02448e-08 5.58095e-07 1.11026e-07 1.30657e-06 
4.58343e-08 0.0863026 0.0338779 0.70086 0.00730678 3.4879e-08 0.0161543 6.98521e-08 0.00729277 0.0155486 0.0496661 8.27582e-05 0.000399949 1.58441e-06 0.0528013 0.00508785 0.000276848 8.5944e-08 0.0243407 
4.58343e-08 0.0863026 0.0338779 0.70086 0.00730678 3.4879e-08 0.0161543 6.98521e-08 0.00729277 0.0155486 0.0496661 8.27582e-05 0.000399949 1.58441e-06 0.0528013 0.00508785 0.000276848 8.5944e-08 0.0243407 
0.000210303 0.122944 0.0173415 0.602703 0.0446302 1.57722e-07 0.017914 5.4193e-07 0.0254779 0.0558032 0.0359355 0.0291353 0.000190973 1.44593e-05 0.0251491 0.0108042 0.00014918 3.8855e-07 0.0115963 
0.00519916 0.000916104 0.00539769 0.00288554 0.101672 3.99848e-09 1.75218e-06 5.64568e-06 0.0017243 0.557822 0.0300294 0.0123909 0.00227054 5.02297e-05 0.00229346 0.000345061 3.70318e-06 0.273803 0.00318921 
1.36598e-05 0.0137677 9.46899e-05 0.00116598 0.00533512 1.48828e-06 0.0197519 0.000206555 0.0272099 0.0959114 0.799012 0.00226983 0.00112691 2.47139e-05 0.0234653 0.000591363 0.000261389 1.76788e-06 0.00978858 
0.000411852 0.0885071 0.0132313 0.0066664 0.0367284 5.51617e-07 0.0107244 4.21751e-05 0.0459654 0.696762 0.06904 0.0138304 0.00430411 5.62978e-06 0.000286911 0.00870342 0.00470694 4.13745e-06 7.8749e-05 
7.74763e-05 0.00509527 3.98995e-06 0.00401359 0.0130477 2.90318e-11 0.00507926 7.18778e-09 0.0233205 0.320013 0.0842686 1.59651e-07 1.83854e-07 6.03618e-11 0.545078 1.72553e-07 1.33098e-06 1.13117e-07 5.73606e-07 
0.00361868 0.0704975 0.00401131 0.0645963 0.293906 0.000705535 0.0146695 0.0037698 0.0992085 0.293365 0.0394081 0.00217709 0.0123234 0.0065773 0.00525622 0.0196841 0.00842367 0.0553297 0.00247233 
2.84778e-07 0.0614955 1.10385e-09 0.913262 0.00655944 6.89141e-10 1.17959e-06 8.20416e-06 0.000523975 8.4267e-07 0.00902711 6.02407e-05 0.00779134 1.43284e-09 2.38486e-07 0.00080904 0.000144623 2.67297e-07 0.000315832 
0.0572972 0.027414 0.0508906 0.0200111 0.0839482 7.14784e-05 0.0406396 0.00119225 0.0580305 0.11128 0.0399957 0.430624 0.0291554 0.00670185 0.00583924 0.0225702 0.00626196 0.00528964 0.00278717 
1.19731e-06 0.000165942 3.56669e-08 0.000245098 0.000537239 3.07703e-10 0.0029051 2.89308e-06 0.00279118 0.000270734 0.955404 2.94404e-05 1.66387e-05 6.39764e-10 0.0356621 0.000999553 2.04883e-05 5.70638e-10 0.000947965 
2.60573e-05 0.0356337 2.39056e-05 0.00821542 0.0671291 1.85675e-05 0.278261 0.00894618 0.0452411 0.0705932 0.36696 0.00466389 0.00950526 0.000214692 0.00231072 0.0818279 0.018274 0.00086805 0.00128726 
3.15301e-06 0.184475 1.11536e-05 0.754721 0.00666554 2.20642e-09 0.000150643 2.44421e-08 0.000740676 0.000191793 0.0208971 0.000290919 0.0113399 7.64252e-09 0.00197984 0.00906062 0.000144916 5.61554e-07 0.00932696 
5.01526e-08 0.0503828 0.0564603 0.651537 0.0121777 3.81627e-08 0.0096705 6.1514e-08 0.00236408 0.0131021 0.072694 0.00013788 0.000163473 1.45816e-06 0.0880014 0.0026328 0.000107547 9.40374e-08 0.0405672 
4.58343e-08 0.0863026 0.0338779 0.70086 0.00730678 3.4879e-08 0.0161543 6.98521e-08 0.00729277 0.0155486 0.0496661 8.27582e-05 0.000399949 1.58441e-06 0.0528013 0.00508785 0.000276848 8.5944e-08 0.0243407 
0.00121738 0.170326 1.76636e-06 0.00152286 0.0256635 1.14141e-07 0.00410535 2.79796e-07 0.114101 0.00702667 0.338396 5.90378e-06 0.260835 2.37318e-07 0.0049852 0.0326097 0.0368273 2.11676e-07 0.00237515 
1.22151e-09 0.669219 1.96654e-05 0.0099863 0.202088 8.85323e-13 0.000930274 2.17021e-12 0.111296 0.00168196 0.0014294 5.82176e-05 0.00255209 1.84073e-12 7.89701e-09 5.68497e-05 0.000681559 1.64184e-12 6.02136e-09 
0.000250173 0.00899374 0.00134097 0.0192304 0.00643257 2.39743e-10 0.00277754 2.50104e-07 0.00953629 0.918653 0.00482421 7.27498e-08 3.40268e-05 0.000548057 3.19786e-06 0.0168867 0.00920984 0.00127867 6.13023e-07 
1.34027e-07 0.12392 1.10474e-11 0.632823 0.191914 6.89701e-12 7.68393e-07 3.39826e-09 0.0357877 1.39338e-07 2.3229e-07 0.000919583 4.62277e-07 1.434e-11 1.15322e-06 0.0146287 3.86915e-06 4.96285e-07 6.22741e-08 
0.00124194 0.0572822 8.59926e-05 7.33099e-05 0.0741778 3.41194e-07 0.170771 8.36375e-07 0.0386692 0.429897 0.172763 0.0323971 0.000321152 0.00167616 0.00157977 0.00281837 0.0161177 0.000112 1.49036e-05 
2.56264e-05 0.226567 0.00117299 0.094767 0.00506393 3.08921e-07 0.0136111 1.65802e-05 0.0287798 0.00677866 0.458061 0.00235728 0.0233685 7.1685e-05 0.0826404 0.027852 0.000349282 4.7578e-06 0.0285126 
0.00028956 0.00654045 0.00238605 0.0336577 0.0105081 1.90306e-10 0.00509943 4.66502e-10 0.0564978 0.505305 0.335097 0.00895277 0.00818749 0.0129149 0.000177607 0.00509221 0.00292111 0.000163699 0.00620881 
3.4304e-07 0.0276654 0.000627119 0.00757038 0.434623 2.25587e-09 0.0560642 5.52986e-09 0.00265081 0.037807 0.369564 2.95205e-06 0.000118303 5.90425e-05 0.00583908 0.0146245 0.0164438 7.87888e-06 0.0263324 
0.000141624 0.725088 9.58261e-08 0.00803931 0.193929 3.34694e-11 0.00847275 8.20441e-11 0.0104229 0.0106383 0.00651091 0.000894324 0.00904865 1.0397e-07 0.000186072 0.0159446 0.0106823 4.32342e-08 1.2568e-06 
6.82411e-06 0.475139 0.000535716 0.116127 0.214742 4.52925e-06 0.00624015 0.000421359 0.0384784 0.00319243 0.0536267 0.000171761 0.00530656 0.00094302 0.00995389 0.0654531 0.00696067 2.21352e-05 0.00267417 
0.000205643 0.00538032 0.00326219 0.00192225 0.037422 3.45109e-06 0.00370499 0.0880282 0.00558019 0.747385 0.0907234 0.00190472 0.00885892 0.000878483 4.83199e-05 0.0020152 7.66681e-06 0.00119747 0.00147199 
4.85583e-06 0.0477518 0.00025425 0.000518284 0.0382383 6.54123e-11 0.00211344 2.21053e-09 0.0199862 0.0148807 0.778769 8.11633e-08 0.00132117 3.15787e-05 0.0179525 0.00056003 0.00029438 2.78323e-07 0.0773235 
0.000102788 0.0755683 0.000164555 0.045792 0.00835584 9.2043e-08 0.00302395 4.2818e-07 0.00675664 0.72219 0.0488446 1.03277e-07 0.0176798 0.00224923 0.0206253 0.0468366 0.00108911 8.77371e-07 0.000719306 
1.65297e-07 0.277421 1.7437e-10 0.0512363 0.267743 1.0886e-10 0.0521581 5.14735e-08 0.263468 0.00688427 0.000338795 1.22147e-10 1.2699e-06 2.26338e-10 5.45565e-08 0.0180923 0.0626566 2.01883e-10 2.91451e-07 
6.65592e-06 0.303715 0.000550846 0.602538 0.00441554 3.58969e-08 0.000196265 6.0745e-07 0.000434448 0.00099185 0.0325919 0.000738682 0.00488035 6.9797e-07 0.00276156 0.0441206 4.03514e-05 5.0045e-08 0.00201655 
2.1327e-05 0.00557989 0.791817 0.00259479 0.0353433 5.26072e-10 5.18969e-06 1.28957e-09 0.0396822 0.0299878 0.0700613 0.0128859 0.000769819 0.00196328 0.000568606 0.00404945 0.00189076 1.08172e-07 0.00277894 
0.000892178 0.22316 0.00275744 0.0977187 0.371425 0.000236507 0.00535957 0.00168606 0.161493 0.0561311 0.0260888 0.00167671 0.00755109 0.00322351 0.00691172 0.00365133 0.00287704 0.0183644 0.00879607 
0.00110098 1.17654e-06 0.0236929 0.0165702 0.0589398 4.52222e-10 0.0326051 1.10854e-09 0.120193 0.158208 0.299987 0.0559045 0.229609 2.24355e-07 1.04696e-06 2.21111e-07 0.00039522 9.83564e-08 0.00279175 
2.69828e-05 0.0214138 1.02534e-05 0.000369054 0.00398385 3.47557e-07 0.0028963 0.19116 0.00959631 0.00427447 0.194574 0.00322293 0.00558686 4.11757e-05 2.1348e-06 0.00223375 0.000751538 4.08664e-05 0.559815 
0.000465636 0.0919613 0.00127387 0.0466464 0.0445124 2.54142e-05 0.370936 0.000244692 0.0431156 0.113724 0.142581 0.000409538 0.022345 0.0345814 0.0218384 0.0167017 0.0258071 0.000443894 0.0223861 
0.000267229 0.0318095 0.00222808 0.0437336 0.0158599 1.29002e-06 0.00724704 5.77303e-06 0.010509 0.054926 0.223342 4.57456e-05 0.000715816 2.67497e-05 0.0161315 0.0041284 0.000124588 1.49117e-06 0.588896 
0.00318674 0.143512 0.000724349 0.0185302 0.0781736 4.77126e-07 0.0183102 0.000232018 0.0935326 0.275393 0.220083 0.012293 0.0166121 0.0162181 0.00449825 0.0265426 0.0208037 5.69585e-06 0.0513489 
0.00050242 0.116602 0.00378376 0.134467 0.319518 1.62617e-05 0.0106682 3.30299e-05 0.111548 0.236788 0.0296324 0.00120241 0.0183441 0.000234502 0.0023849 0.0109313 0.00235508 0.000648548 0.000339427 
0.000360935 0.0349579 0.000533254 0.0887205 0.675482 0.00013449 0.0031211 0.00353911 0.0374293 0.0513166 0.0044195 0.000313059 0.00953303 0.00578615 0.00163878 0.0156278 0.0160941 0.0508009 0.000191805 
3.80509e-06 0.0395518 0.000198011 0.000403254 0.0535895 1.73586e-10 0.0063577 3.94527e-09 0.0155458 0.0352703 0.770326 1.58038e-07 0.00102803 0.000270944 0.0139642 0.000435801 0.00290845 3.40055e-07 0.0601464 
7.34195e-05 0.112976 0.000396996 0.202277 0.391108 3.00675e-10 1.85642e-06 7.37051e-10 0.00469063 0.0201887 0.0249063 3.23912e-06 0.0274512 6.25152e-10 2.94623e-07 0.0504174 4.87668e-07 5.57605e-10 0.165509 
0.00177165 0.00989551 2.80458e-07 0.00156943 0.0707711 2.67558e-07 0.0107921 0.0318997 0.00953777 0.0748468 0.0740687 0.457241 0.0308519 2.84075e-05 0.000379642 0.0697965 0.00118431 0.154563 0.00080185 
0.0016089 0.0383988 0.0013393 0.0100011 0.0616607 5.52613e-05 0.00107997 0.00152678 0.0403072 0.792928 0.0145519 8.80612e-05 0.00407471 0.00180928 0.000223819 0.0169183 0.00835648 0.00424858 0.000822544 
8.48698e-07 0.187207 0.0119285 0.00377141 0.11282 2.81326e-08 0.00164996 6.8962e-08 0.0139925 0.1304 0.257714 1.78538e-05 0.000262253 5.84923e-08 0.000473041 0.135686 8.81674e-06 3.38185e-05 0.144033 
0.00173014 0.0240104 0.229559 0.0261495 0.0758425 4.23294e-05 0.000942582 0.0507055 0.0269647 0.396686 0.090765 0.0105059 0.0115772 0.00457575 0.0178328 0.000148928 0.030454 0.000609235 0.000898708 
5.01526e-08 0.0503828 0.0564603 0.651537 0.0121777 3.81627e-08 0.0096705 6.1514e-08 0.00236408 0.0131021 0.072694 0.00013788 0.000163473 1.45816e-06 0.0880014 0.0026328 0.000107547 9.40374e-08 0.0405672 
0.0423475 0.0210527 0.00178558 0.00716441 0.0269955 7.12131e-08 0.00210531 4.37515e-05 0.00306279 0.00871061 0.771556 0.000264893 0.00372173 2.26464e-07 0.00283658 0.0247294 2.9774e-06 1.72697e-06 0.0836182 
0.00101449 0.0094171 0.000230002 0.0154883 0.52887 6.14649e-05 0.0238064 0.000188683 0.00748188 0.287554 0.0369201 0.000201837 0.00119508 0.000147301 0.00168861 0.0293956 0.00911694 0.0452012 0.00202126 
0.00113838 0.0600418 0.0406374 0.0146469 0.0161232 1.62152e-06 0.0247578 5.07699e-06 0.0847949 0.646878 0.033793 0.000139344 0.0112139 0.0179679 0.00192584 0.00767293 0.0380848 5.10219e-06 0.000172098 
9.03996e-07 0.000130895 8.2544e-08 1.24221e-05 5.20714e-05 3.91677e-12 0.000135102 1.91174e-10 0.000168091 5.19347e-05 0.0422107 1.41179e-09 1.07983e-08 8.1436e-12 0.956119 7.78071e-06 0.000313559 7.26369e-12 0.00079701 
0.000471131 0.0115817 0.0638192 3.51001e-05 0.00529337 1.52301e-07 0.0369193 0.00115641 0.0227545 0.625715 0.0391109 1.70889e-07 6.27072e-05 3.16658e-07 2.30034e-05 0.173591 0.0182746 8.98425e-05 0.00110146 
0.1668 0.0469284 0.304989 0.0464656 0.0436292 1.55722e-05 0.00167942 4.41445e-05 0.301572 0.0131292 0.00218042 0.0371247 0.0131958 5.94525e-05 0.000308775 0.0163274 0.00354355 0.000889989 0.00111744 
5.01526e-08 0.0503828 0.0564603 0.651537 0.0121777 3.81627e-08 0.0096705 6.1514e-08 0.00236408 0.0131021 0.072694 0.00013788 0.000163473 1.45816e-06 0.0880014 0.0026328 0.000107547 9.40374e-08 0.0405672 
8.62168e-05 0.0968822 0.00312901 0.00241727 0.0107397 1.43353e-08 0.0112946 3.51403e-08 0.00364517 0.803876 0.0666769 1.6085e-08 0.000956909 2.98054e-08 4.2242e-07 0.000284346 3.29586e-06 8.67202e-07 6.93524e-06 
4.58343e-08 0.0863026 0.0338779 0.70086 0.00730678 3.4879e-08 0.0161543 6.98521e-08 0.00729277 0.0155486 0.0496661 8.27582e-05 0.000399949 1.58441e-06 0.0528013 0.00508785 0.000276848 8.5944e-08 0.0243407 
0.000106729 0.0287894 4.2562e-05 3.44717e-07 3.823e-07 1.60477e-11 0.00284635 3.9338e-11 0.0178762 0.890971 0.0587482 4.19565e-07 1.29205e-06 1.46479e-06 1.77932e-08 1.4499e-09 3.47228e-07 2.97606e-11 0.000615037 
0.0026103 0.448618 0.0360001 0.0126919 0.13689 0.000100306 0.00315774 0.000115932 0.0187926 0.192974 0.046582 0.00801377 0.00231665 0.0036368 0.0312057 0.0088906 0.00162503 0.0443482 0.00143031 
3.15301e-06 0.184475 1.11536e-05 0.754721 0.00666554 2.20642e-09 0.000150643 2.44421e-08 0.000740676 0.000191793 0.0208971 0.000290919 0.0113399 7.64252e-09 0.00197984 0.00906062 0.000144916 5.61554e-07 0.00932696 
5.01526e-08 0.0503828 0.0564603 0.651537 0.0121777 3.81627e-08 0.0096705 6.1514e-08 0.00236408 0.0131021 0.072694 0.00013788 0.000163473 1.45816e-06 0.0880014 0.0026328 0.000107547 9.40374e-08 0.0405672 
0.000228345 0.0374781 6.58948e-09 0.0036328 4.06216e-06 4.11387e-09 0.591462 2.47087e-06 0.03377 0.220759 0.0740334 0.000812973 0.00250169 0.00052822 0.00241419 0.0165414 0.00046633 1.9176e-05 0.0153454 
0.00107302 0.0867383 0.015278 0.0132476 0.452079 8.05753e-08 0.0417109 1.97516e-07 0.0366401 0.0679807 0.0932349 0.0372054 0.0105812 0.02087 0.00686655 0.0735353 0.0428547 5.09301e-05 5.27907e-05 
0.000110675 0.0802128 4.08452e-10 0.157615 2.03423e-06 2.55e-10 0.021383 6.25087e-10 0.0112761 0.382333 0.338327 1.21311e-05 0.00519141 8.02113e-07 6.77739e-07 0.000458192 1.86439e-06 1.211e-05 0.00306209 
6.8299e-05 0.0850623 0.0010985 0.0174134 0.0224862 1.70122e-05 0.00416185 4.17023e-05 0.0375917 0.641779 0.0117794 0.000333111 0.0964056 0.00113171 1.77003e-05 0.00120419 0.0021514 3.15493e-05 0.0772253 
0.00307163 0.0743224 0.000999814 0.143367 0.258009 6.02842e-05 0.00762049 0.000549344 0.0394915 0.0506069 0.0461913 0.00927147 0.166694 0.000443706 0.000938766 0.0440125 0.00698937 0.144187 0.00317413 
9.13246e-08 8.9322e-06 1.33499e-10 0.770661 0.130122 8.33443e-11 0.00487983 2.04303e-10 5.59027e-07 2.35158e-07 0.0277104 5.5184e-07 1.06243e-06 1.73286e-10 7.71355e-07 0.066613 3.40203e-07 3.55649e-07 3.42524e-08 
5.06441e-06 0.168842 2.41215e-08 0.783747 0.0151028 1.50593e-08 0.00115381 3.69151e-08 0.0068073 9.0632e-05 0.00283607 3.05884e-05 0.00058363 3.13107e-08 0.000105502 0.0205297 0.000121413 3.76058e-05 6.98988e-06 
0.0001104 0.176941 0.00542831 0.0130555 0.0404746 1.91912e-05 0.0158731 0.00809162 0.00826893 0.081534 0.543968 0.000269451 0.000992826 0.0491627 0.0123627 0.0126214 0.000621068 2.96545e-05 0.0301757 
0.00016633 0.0224914 0.142669 0.00408915 0.0385437 9.25249e-10 1.38834e-06 1.54327e-08 0.49546 0.0145216 0.00819812 0.116981 0.0823095 1.92374e-09 0.000250439 0.0448491 0.0292402 1.71588e-09 0.000228987 
5.37582e-07 0.14462 0.05829 0.00604853 0.0360655 3.14914e-10 0.00109313 7.71953e-10 0.0502707 0.00932639 1.29236e-07 0.0910648 0.561821 6.54756e-10 5.97129e-08 0.0413978 6.38534e-07 5.8401e-10 4.68668e-07 
0.000496309 1.00995e-05 2.20154e-05 0.00151537 0.010099 6.50876e-08 3.35967e-05 1.59551e-07 0.0575849 0.92127 0.000761724 2.59599e-05 6.82896e-06 6.92731e-06 2.49054e-06 0.00765464 4.31694e-06 1.20706e-07 0.000505289 
5.01526e-08 0.0503828 0.0564603 0.651537 0.0121777 3.81627e-08 0.0096705 6.1514e-08 0.00236408 0.0131021 0.072694 0.00013788 0.000163473 1.45816e-06 0.0880014 0.0026328 0.000107547 9.40374e-08 0.0405672 
1.19731e-06 0.000165942 3.56669e-08 0.000245098 0.000537239 3.07703e-10 0.0029051 2.89308e-06 0.00279118 0.000270734 0.955404 2.94404e-05 1.66387e-05 6.39764e-10 0.0356621 0.000999553 2.04883e-05 5.70638e-10 0.000947965 
1.43919e-05 0.00485985 0.000242397 0.00484572 0.000631699 3.63721e-09 0.123633 5.86206e-08 0.00148814 0.0926741 0.761692 1.00959e-08 2.86001e-07 0.000125621 0.000588008 0.000631092 0.000175315 6.10923e-08 0.00839876 
5.37582e-07 0.14462 0.05829 0.00604853 0.0360655 3.14914e-10 0.00109313 7.71953e-10 0.0502707 0.00932639 1.29236e-07 0.0910648 0.561821 6.54756e-10 5.97129e-08 0.0413978 6.38534e-07 5.8401e-10 4.68668e-07 
4.58343e-08 0.0863026 0.0338779 0.70086 0.00730678 3.4879e-08 0.0161543 6.98521e-08 0.00729277 0.0155486 0.0496661 8.27582e-05 0.000399949 1.58441e-06 0.0528013 0.00508785 0.000276848 8.5944e-08 0.0243407 
0.000242959 0.00436305 0.706871 0.00678345 0.0294475 2.76728e-09 0.0178076 6.78348e-09 0.109062 0.0278356 0.0402404 0.0264381 0.000447112 0.000276478 0.00888565 0.0182509 0.00217042 7.93195e-06 0.000869779 
1.98841e-05 0.602872 3.67225e-05 0.1861 0.036487 1.02459e-08 0.00660859 1.30167e-05 0.0261621 0.00235568 0.0482014 0.000152926 0.0163535 6.04555e-06 0.0342978 0.00836861 0.0256602 1.35705e-06 0.00630293 
0.000383372 0.100925 0.00678761 0.0360937 0.602533 6.54812e-07 0.0188596 1.40235e-06 0.048897 0.00523281 0.088435 0.000162383 0.0100338 0.00201509 0.00385164 0.00421169 0.00443593 2.0038e-06 0.067139 
0.000141624 0.725088 9.58261e-08 0.00803931 0.193929 3.34694e-11 0.00847275 8.20441e-11 0.0104229 0.0106383 0.00651091 0.000894324 0.00904865 1.0397e-07 0.000186072 0.0159446 0.0106823 4.32342e-08 1.2568e-06 
5.01526e-08 0.0503828 0.0564603 0.651537 0.0121777 3.81627e-08 0.0096705 6.1514e-08 0.00236408 0.0131021 0.072694 0.00013788 0.000163473 1.45816e-06 0.0880014 0.0026328 0.000107547 9.40374e-08 0.0405672 
0.000744733 0.266887 0.0244788 0.015898 0.0092211 1.07033e-07 0.0314209 2.62373e-07 0.150116 0.399986 0.0525801 0.000339769 0.0202431 1.51541e-05 5.02896e-06 0.0120375 0.0145529 5.41434e-05 0.00141898 
4.24299e-06 0.217424 0.000242696 0.0119337 0.0024109 1.54123e-06 0.0763047 8.48669e-06 0.245499 6.42614e-05 0.0268145 0.000144461 0.0338826 2.51396e-05 0.000352334 0.383133 0.00172303 4.96049e-06 2.70089e-05 
0.000556896 0.0498306 0.00129726 0.00885321 0.0187468 5.29279e-08 0.0135434 1.93604e-06 0.168672 0.00882059 0.0979093 0.000901803 0.472211 5.56144e-05 5.2418e-05 0.0385735 0.00135173 5.87745e-05 0.118563 
0.000249479 0.0392822 9.22416e-05 0.332324 0.214851 8.7032e-05 0.000954653 0.0029176 0.0401242 0.00819588 0.00574555 0.0511635 0.0320541 0.000134305 0.00139126 0.20028 0.0196367 0.0503766 0.000140034 
7.7539e-06 0.0890954 1.47111e-05 0.0523623 0.0120508 4.38929e-08 0.113231 0.00911006 0.00982093 0.00478723 0.640003 0.000355922 0.00546842 5.25452e-07 0.0400245 0.0091784 0.00013956 4.03831e-06 0.0143453 
0.000210303 0.122944 0.0173415 0.602703 0.0446302 1.57722e-07 0.017914 5.4193e-07 0.0254779 0.0558032 0.0359355 0.0291353 0.000190973 1.44593e-05 0.0251491 0.0108042 0.00014918 3.8855e-07 0.0115963 
2.7608e-05 0.052902 8.29916e-05 0.00918669 0.00675826 2.10934e-06 0.0105311 5.17068e-06 0.0202785 9.60989e-05 0.0282155 0.000284384 0.0101693 4.38567e-06 0.000210728 0.846397 0.0112236 3.9118e-06 0.00362091 
1.19731e-06 0.000165942 3.56669e-08 0.000245098 0.000537239 3.07703e-10 0.0029051 2.89308e-06 0.00279118 0.000270734 0.955404 2.94404e-05 1.66387e-05 6.39764e-10 0.0356621 0.000999553 2.04883e-05 5.70638e-10 0.000947965 
0.00044119 0.142772 0.00394994 0.017019 0.0280062 1.56877e-08 0.00560689 3.22957e-06 0.0190793 0.572243 0.0586846 3.2775e-05 0.0178927 2.94353e-06 0.00787133 0.0855739 0.00358633 3.85115e-05 0.0371971 
0.00464701 0.0804285 0.0053445 0.0585486 0.165422 3.09653e-06 0.00713279 3.48428e-05 0.0822449 0.253931 0.0622673 4.14359e-06 0.0277166 1.88868e-05 0.000327611 0.0294346 0.00979298 0.208698 0.00400173 
0.000618266 0.0150459 0.000591245 0.0708043 0.239769 0.000249798 0.00185177 0.000435487 0.0488933 0.0467891 0.323135 0.000311862 0.00368486 0.0197016 0.0374821 0.133701 0.00166263 0.0107484 0.044524 
1.19731e-06 0.000165942 3.56669e-08 0.000245098 0.000537239 3.07703e-10 0.0029051 2.89308e-06 0.00279118 0.000270734 0.955404 2.94404e-05 1.66387e-05 6.39764e-10 0.0356621 0.000999553 2.04883e-05 5.70638e-10 0.000947965 
0.00033767 0.0210432 0.00514795 0.0376018 0.602621 0.000284749 0.0565817 0.0152518 0.13234 0.017131 0.0209061 0.00367115 0.00157402 0.000431031 0.000847747 0.0678789 0.0122193 0.000684011 0.0034471 
0.000240947 0.504587 4.3193e-10 0.164895 0.0203511 2.69657e-10 0.038344 0.000569508 0.0252481 0.00123159 0.00987763 0.02979 0.00606629 1.37763e-07 0.000312139 0.163306 0.0351209 5.1921e-05 8.48214e-06 
0.00300939 0.0920731 0.00652269 0.0118846 0.28597 1.75823e-07 0.0896036 4.30997e-07 0.0882636 0.111899 0.241198 0.0376635 0.0106107 0.000301568 6.62359e-06 0.0168228 0.000830454 2.59468e-06 0.00333753 
0.00081522 0.177705 0.00241939 0.0981518 0.172613 0.000359578 0.0206742 0.00072992 0.33118 0.0351846 0.0608913 0.00138123 0.00749949 0.0020456 0.0115563 0.0394277 0.00649369 0.0262566 0.00461578 
0.00171619 0.200416 0.0247967 0.0358743 0.285968 3.68202e-05 0.0110836 0.00426325 0.0907669 0.0385366 0.109151 0.000926819 0.00842781 0.00626172 0.0176925 0.0222981 0.00172925 0.137864 0.00219092 
0.00410063 0.0761716 0.0225667 0.0425713 0.465391 4.68582e-06 0.00609952 3.41237e-05 0.157714 0.0838843 0.00196972 0.054291 0.0678082 0.000143675 4.62676e-05 0.0141778 0.000964163 0.000812219 0.00124863 
2.13203e-08 0.317716 0.000342189 0.18394 0.0279054 7.15922e-11 0.0111814 1.75495e-10 0.255498 0.0059942 0.00827149 1.84155e-05 0.00391509 2.18388e-07 1.32773e-07 0.183333 0.00186828 1.32768e-10 1.59551e-05 
0.000121547 0.0422066 0.0139311 0.0281131 0.0199454 3.72921e-07 0.0587531 3.94229e-07 0.0471033 0.403902 0.315654 0.000789006 0.000764797 0.00264407 0.0177014 0.0203626 0.0207058 9.00212e-05 0.00721127 
