0.00626095 0.0266292 0.0505997 0.0270792 0.123318 7.3576e-05 0.00067123 0.000778542 0.421438 0.213768 0.00742248 0.0120192 0.00460127 0.00266239 0.0159115 0.0537954 0.0058393 0.0258514 0.00128033 
2.15728e-05 0.0444962 0.000852627 0.0732168 0.0441901 4.66118e-07 0.0224181 4.26345e-06 0.0517925 0.0236895 0.541844 0.023454 0.0324967 0.000109933 0.0545116 0.0248424 0.0523766 5.46778e-05 0.00962832 
0.000368176 0.0729048 0.0530987 0.0279299 0.143818 4.27397e-09 0.0352931 1.04769e-08 0.00664309 0.351992 0.204047 0.00163427 0.0059704 8.88627e-09 5.29365e-05 0.0114637 0.000361984 3.13226e-06 0.0844184 
4.8744e-05 0.0920638 1.55565e-07 0.750837 0.0225079 1.98088e-10 0.0347972 4.85576e-10 0.000717539 6.37194e-08 0.0324119 0.00150578 0.00132052 4.11856e-10 2.08868e-07 0.0634495 0.000329109 9.66075e-08 1.09344e-05 
0.000100622 0.121875 0.000335089 0.185129 0.23267 1.00746e-10 0.00653745 3.98924e-05 0.0585956 0.231642 0.0115755 0.000230641 0.049135 6.57805e-09 1.98136e-07 0.000388406 0.101585 8.79079e-07 0.000159938 
0.000246407 0.0273054 0.000170023 0.00920306 0.326747 4.90116e-05 0.00047283 0.0338183 0.288185 0.0238499 0.0322178 0.000421845 0.00218099 0.0224836 6.84668e-05 0.0129362 6.33893e-05 0.218858 0.000723157 
9.00636e-05 0.0198145 0.00854077 0.00290485 0.0796729 2.10925e-08 0.0631338 0.00211475 0.264732 0.117507 0.0548207 0.00152419 0.0615283 2.8168e-06 5.8781e-05 0.0352495 0.244002 3.83699e-05 0.0442647 
9.46737e-05 0.0103913 0.00121928 0.00770064 0.0369717 1.91284e-09 1.0938e-08 1.06838e-06 0.0050211 0.00391486 0.00280088 6.15332e-06 0.00730437 0.0183076 0.000797711 0.0276108 4.60602e-07 0.871976 0.00588133 
0.000524271 0.00648624 0.00258191 0.00571076 0.142577 5.28863e-06 0.000746306 6.17258e-05 0.0070843 0.467784 0.0142751 0.000981421 0.00155715 0.0105963 0.000278084 0.00367663 2.40393e-05 0.334451 0.000598613 
7.61391e-05 0.0217866 0.00468712 0.00433395 0.14163 1.6834e-06 0.0562713 1.567e-05 0.00437347 0.0910088 0.569016 0.0266595 0.00461934 2.85763e-05 0.000873645 0.0386047 1.41491e-05 0.000196535 0.0358028 
9.72538e-06 0.277088 0.000822192 0.654672 0.00662083 1.51979e-08 0.000293607 2.78061e-07 0.000650921 0.00148592 0.0394861 0.00110558 0.00731573 8.97684e-07 0.00413645 0.00323412 6.00182e-05 4.84521e-08 0.00301764 
1.98841e-05 0.602872 3.67225e-05 0.1861 0.036487 1.02459e-08 0.00660859 1.30167e-05 0.0261621 0.00235568 0.0482014 0.000152926 0.0163535 6.04555e-06 0.0342978 0.00836861 0.0256602 1.35705e-06 0.00630293 
6.2351e-05 0.00875201 0.00258344 9.99931e-07 0.00175189 7.72563e-08 0.000701358 1.8938e-07 0.00945584 0.837161 0.123605 4.9536e-05 0.00668437 0.00045284 0.00220943 0.00265503 0.000592642 1.43272e-07 0.00328183 
0.00237935 0.0308859 0.00664476 0.0919146 0.0553551 3.42409e-05 0.00188191 3.73662e-05 0.0679986 0.685872 0.00454113 0.0121194 0.00481264 0.00231358 0.000203334 0.000977708 0.00146753 0.0272663 0.00329468 
1.87768e-06 1.51146e-05 1.32364e-09 3.60945e-06 0.586535 8.26358e-10 1.23846e-05 2.02567e-09 0.116598 0.28455 2.18887e-05 9.27218e-10 3.29636e-06 1.71813e-09 0.000192622 0.0120246 3.33573e-05 1.53249e-09 8.43022e-06 
1.19731e-06 0.000165942 3.56669e-08 0.000245098 0.000537239 3.07703e-10 0.0029051 2.89308e-06 0.00279118 0.000270734 0.955404 2.94404e-05 1.66387e-05 6.39764e-10 0.0356621 0.000999553 2.04883e-05 5.70638e-10 0.000947965 
5.37582e-07 0.14462 0.05829 0.00604853 0.0360655 3.14914e-10 0.00109313 7.71953e-10 0.0502707 0.00932639 1.29236e-07 0.0910648 0.561821 6.54756e-10 5.97129e-08 0.0413978 6.38534e-07 5.8401e-10 4.68668e-07 
0.000139172 0.0251923 8.97159e-05 0.0439202 0.0857315 3.1247e-07 0.0501718 2.14605e-06 0.090591 0.13165 0.330987 0.000240622 0.0193413 0.00872037 0.00413322 0.0565271 0.000911096 1.05766e-05 0.151641 
2.86914e-05 0.0331202 0.00119784 0.0176155 0.0322391 7.31241e-07 0.0643 1.7925e-06 0.195007 0.530601 0.0037938 6.2028e-05 0.000848313 0.00133272 3.19726e-05 0.114716 0.00507305 1.35609e-06 2.8356e-05 
3.25792e-06 1.58134e-05 3.07266e-07 0.0561418 1.51824e-05 6.37305e-10 7.68915e-06 1.56224e-09 2.7199e-05 0.229577 0.711419 1.66623e-05 5.13114e-05 5.81716e-05 0.00127263 5.75804e-08 0.00139274 1.18189e-09 8.22366e-07 
0.000292117 0.0442425 2.9984e-05 0.0386874 0.0126853 2.54446e-09 0.0232848 4.9663e-06 4.98784e-06 0.371585 0.45979 1.03048e-05 0.0424906 6.86023e-07 2.34797e-06 0.00285663 0.00402918 3.0185e-07 3.21562e-06 
6.5279e-05 0.463635 2.56952e-07 0.0296952 0.160823 7.75304e-10 0.000631191 1.90052e-09 0.176868 0.00412979 0.0241521 0.000118948 0.0908378 1.61198e-09 1.38608e-05 0.00853749 0.0404894 1.43781e-09 1.27315e-06 
0.00136073 0.0955938 0.0859199 0.00955829 0.0133459 1.12587e-05 0.0136123 1.53186e-05 0.0148189 0.644251 0.0519851 0.000299902 0.0031998 3.649e-05 0.00426976 0.0143509 0.000177849 0.0291602 0.0180322 
1.19731e-06 0.000165942 3.56669e-08 0.000245098 0.000537239 3.07703e-10 0.0029051 2.89308e-06 0.00279118 0.000270734 0.955404 2.94404e-05 1.66387e-05 6.39764e-10 0.0356621 0.000999553 2.04883e-05 5.70638e-10 0.000947965 
1.28949e-05 0.0801985 0.000459325 0.0120532 0.0257675 2.63049e-08 0.00624268 4.49806e-07 0.0363332 0.538632 0.209834 1.4942e-06 0.026818 3.67306e-07 0.0433129 0.00543799 0.00227325 2.85694e-05 0.0125939 
1.39664e-05 0.440741 9.56246e-06 0.0264805 0.0097973 7.39594e-06 0.0792306 0.00478973 0.279929 0.00426327 0.0110247 2.79857e-05 0.0471824 0.000128192 0.00116116 0.0420485 0.0526713 0.000128223 0.000364897 
2.25375e-05 0.0493709 0.00648058 0.105539 0.0255165 2.09781e-07 0.0269908 8.11754e-06 0.0548899 0.612767 0.0340893 0.000246258 0.00374847 2.93559e-06 0.00134957 0.0706066 0.000228146 0.000104565 0.00803888 
1.59113e-05 0.227937 0.000205976 0.110101 0.0508206 1.37528e-05 0.00324218 5.07891e-05 0.0338086 0.00700335 0.199251 0.000478964 0.0208992 3.30724e-05 0.137224 0.0960028 0.000659211 3.23789e-05 0.112221 
2.2319e-05 0.0193463 0.00200029 0.00180725 0.0153188 6.02043e-08 0.025202 2.35432e-05 0.0436471 0.78731 0.0768755 6.75525e-08 0.000147537 1.85519e-05 0.000370587 0.0247349 0.00228368 0.000330416 0.000561049 
9.62261e-05 0.204642 0.00822584 0.320713 0.119914 2.19767e-06 0.0121078 5.07842e-05 0.0264164 0.038302 0.106811 0.0174191 0.000794014 6.62982e-05 0.0253153 0.0349192 0.000709864 3.3864e-06 0.083492 
5.01526e-08 0.0503828 0.0564603 0.651537 0.0121777 3.81627e-08 0.0096705 6.1514e-08 0.00236408 0.0131021 0.072694 0.00013788 0.000163473 1.45816e-06 0.0880014 0.0026328 0.000107547 9.40374e-08 0.0405672 
6.40498e-06 0.000566056 2.83449e-08 0.0356861 0.0729194 1.7696e-08 0.100579 4.33784e-08 0.00769856 0.0415412 0.0210008 0.00165942 8.86321e-05 3.67928e-08 0.0666899 0.000115412 0.000519935 3.28173e-08 0.650929 
0.000159159 0.387599 0.000296211 0.0450621 0.42056 4.47902e-08 0.00217362 9.19918e-08 0.0232457 0.110897 0.00647147 8.01715e-05 0.00101571 1.1665e-07 0.000444016 0.00104611 0.000749705 6.70235e-06 0.000192351 
1.39779e-05 0.158769 0.000334497 0.0244215 0.00132135 4.21949e-08 0.00416655 1.22758e-05 0.798174 0.0041263 0.00109911 0.000334867 0.000139861 2.00853e-06 1.04532e-05 0.00702813 3.16596e-05 7.82508e-08 1.46484e-05 
0.00707281 0.0189398 0.0578287 0.0166957 0.128753 1.57141e-08 0.000488427 4.9375e-05 0.0149672 0.598582 0.0716845 0.00357527 0.047072 3.26722e-08 4.53767e-05 3.07063e-05 0.0333936 0.000599315 0.000222285 
6.40162e-07 0.591386 0.000337936 0.00643435 0.0869805 2.15325e-08 0.0119971 5.27831e-08 0.00655219 0.0915093 0.107885 0.00115151 0.000945117 3.13378e-06 0.000148147 0.0915762 4.10588e-06 3.99323e-08 0.00308778 
1.39869e-05 0.245739 0.028882 0.014261 0.124535 4.11066e-08 0.0453931 4.67545e-08 0.0236391 0.1391 0.277723 5.79201e-06 0.0143632 0.00293499 0.0491805 0.0052365 0.00617033 4.78158e-08 0.0228215 
1.8896e-08 0.169021 0.000180831 0.070766 0.0138472 3.32625e-10 0.230933 8.15369e-10 0.30417 3.76605e-05 0.103861 0.000258086 0.0565935 2.05553e-07 3.25727e-08 0.043804 0.00641877 6.16856e-10 0.000108312 
9.2667e-06 0.113798 0.00364527 0.00109133 0.121353 5.18522e-11 0.0539754 4.69258e-07 0.495289 0.156735 0.0407332 5.81809e-11 0.00427776 4.28046e-07 3.22627e-07 2.09189e-06 0.000467919 5.54097e-07 0.00862087 
1.98841e-05 0.602872 3.67225e-05 0.1861 0.036487 1.02459e-08 0.00660859 1.30167e-05 0.0261621 0.00235568 0.0482014 0.000152926 0.0163535 6.04555e-06 0.0342978 0.00836861 0.0256602 1.35705e-06 0.00630293 
8.12743e-05 0.329094 0.000440382 0.315516 0.152007 7.90819e-05 0.00152144 0.00127039 0.0192468 0.00869169 0.0153108 0.000333637 0.0557129 0.000838205 0.00646832 0.074109 0.00425363 0.0114971 0.00352855 
2.12213e-07 0.209656 3.10214e-10 0.521856 0.268462 1.93669e-10 3.14895e-06 4.74745e-10 1.29903e-06 5.46443e-07 2.96721e-06 1.28232e-06 2.4688e-06 4.0267e-10 1.79242e-06 1.03187e-05 7.90538e-07 8.26431e-07 7.95932e-08 
0.000189336 0.759485 0.00285838 0.0649509 0.0268093 1.5506e-06 0.000337019 5.14471e-06 0.0376268 0.0376761 0.0310448 0.0004868 0.0153447 3.1923e-05 7.05803e-05 0.00676009 0.000129064 0.000187272 0.0160053 
5.37582e-07 0.14462 0.05829 0.00604853 0.0360655 3.14914e-10 0.00109313 7.71953e-10 0.0502707 0.00932639 1.29236e-07 0.0910648 0.561821 6.54756e-10 5.97129e-08 0.0413978 6.38534e-07 5.8401e-10 4.68668e-07 
3.15301e-06 0.184475 1.11536e-05 0.754721 0.00666554 2.20642e-09 0.000150643 2.44421e-08 0.000740676 0.000191793 0.0208971 0.000290919 0.0113399 7.64252e-09 0.00197984 0.00906062 0.000144916 5.61554e-07 0.00932696 
0.0377024 0.0948602 8.16041e-05 0.0202752 0.0143264 2.90706e-06 0.418072 0.0394015 0.141584 0.0410942 0.0719799 0.0020019 0.0121864 0.0014983 0.0841309 0.00320879 0.0172891 3.02892e-05 0.000274526 
7.30912e-06 0.11485 2.86957e-06 0.0151656 0.00474862 2.5421e-06 0.000582294 4.39152e-06 0.000917728 0.000270243 0.0109156 2.65729e-05 0.000161532 3.72481e-06 0.851317 4.64564e-06 0.000173084 6.82064e-06 0.000839587 
0.00350322 4.30673e-08 0.821784 0.00112202 0.000282031 1.19457e-11 1.9013e-05 2.92827e-11 0.115256 0.0131834 0.000802348 0.0191277 0.00119315 2.84711e-05 8.62096e-06 0.0228246 0.000290071 0.000340025 0.00023514 
0.000450043 0.36704 0.0231006 0.146156 0.2592 5.72057e-05 0.010643 0.00233128 0.0450341 0.0421048 0.0543442 0.000884429 0.0242565 0.000959534 0.00362824 0.00800722 0.0103265 9.86796e-05 0.00137825 
0.002092 0.122288 0.00124086 0.0249151 0.273317 4.54486e-10 0.000399805 1.11409e-09 0.0479316 0.472307 0.0385151 0.000116835 2.98981e-07 9.4495e-10 0.00120079 0.000155126 0.0130176 3.60768e-06 0.00249931 
0.0125131 0.00685464 0.013269 0.0130899 0.0646834 3.73484e-06 0.00162995 0.000139161 0.0111469 0.33662 0.00878363 0.392456 0.000257991 0.0820178 3.30044e-05 0.000132126 0.000389523 0.0559002 7.98933e-05 
0.000482926 0.000970491 0.00065144 0.00678709 0.648712 8.38705e-06 0.00204626 0.000318412 0.161673 0.0262581 0.00901871 7.53069e-05 0.00126636 0.0125898 0.000122095 0.0305268 0.000377067 0.0974299 0.000684865 
0.000181016 0.178067 0.00144235 0.130706 0.0588747 3.99033e-05 0.032284 6.31912e-05 0.0611292 0.0756582 0.0645376 0.00310359 0.109948 0.0969968 0.0123417 0.168887 0.00457864 4.57757e-05 0.0011152 
0.000353593 7.76882e-05 0.000106788 0.0441594 0.286228 4.7715e-07 0.000164305 5.75956e-07 0.0593457 0.34242 0.130685 0.000646865 0.00292365 0.000487514 5.45505e-05 0.00769895 1.55214e-06 0.123856 0.000789082 
1.19731e-06 0.000165942 3.56669e-08 0.000245098 0.000537239 3.07703e-10 0.0029051 2.89308e-06 0.00279118 0.000270734 0.955404 2.94404e-05 1.66387e-05 6.39764e-10 0.0356621 0.000999553 2.04883e-05 5.70638e-10 0.000947965 
0.000556317 0.0307455 5.00448e-10 0.00302576 0.0770522 3.12434e-10 0.000453458 7.65875e-10 0.00563623 0.786706 0.0296205 3.50567e-10 0.00186871 1.02077e-05 0.0586744 1.11114e-06 0.00564777 5.79411e-10 1.48091e-06 
0.000244799 0.0721999 5.82556e-08 0.0467509 0.00125089 3.63695e-08 0.00779831 8.91531e-08 0.0441275 0.48516 0.0380486 0.000140102 0.00105381 7.5618e-08 0.00290252 7.41832e-05 0.299929 8.03806e-05 0.000238068 
6.97378e-08 0.000827058 5.34089e-08 0.00411243 6.53084e-08 3.63678e-10 0.00354016 0.000771031 0.00139621 0.0321467 0.131913 5.57397e-08 0.00334183 6.94153e-07 0.00883938 0.00170825 7.34535e-08 4.99985e-07 0.811403 
0.000280104 0.00796811 0.000208912 0.0149784 0.242675 2.74586e-07 0.00296907 1.21814e-05 0.0123941 0.148065 0.0154435 6.94748e-06 0.00227111 6.39663e-06 0.00207791 0.0704934 0.00304239 0.474057 0.00304991 
0.00355435 0.669473 8.75579e-07 0.0276876 0.14544 6.43141e-07 0.0047574 2.26408e-06 0.0626331 0.00636402 0.0094673 0.00320864 0.00804925 1.2969e-05 0.014475 0.041952 0.00139365 0.00127017 0.000257755 
7.34195e-05 0.112976 0.000396996 0.202277 0.391108 3.00675e-10 1.85642e-06 7.37051e-10 0.00469063 0.0201887 0.0249063 3.23912e-06 0.0274512 6.25152e-10 2.94623e-07 0.0504174 4.87668e-07 5.57605e-10 0.165509 
1.64842e-06 0.0623388 7.71213e-05 0.0431111 0.00503497 2.10416e-07 0.00286398 0.0222812 0.00725044 0.00135824 0.76966 0.000538307 0.00579506 7.22831e-07 0.0010253 0.00182024 0.0013081 6.15832e-06 0.0755288 
1.74944e-06 0.502543 3.72904e-09 0.130896 0.0127236 2.32807e-09 0.0164144 9.94143e-07 0.0419148 7.65563e-06 0.0576556 2.22375e-06 0.0358932 4.84044e-09 0.000179864 0.185512 0.0157828 4.31743e-09 0.000472437 
0.0334856 0.0517057 0.0382939 0.0132376 0.0152323 0.0001298 0.00922279 0.000190827 0.650985 0.0424798 0.0123522 0.0499965 0.00655808 0.000139611 0.000165153 0.0659898 0.00270207 0.00412398 0.0030086 
2.80318e-05 0.0712843 6.98316e-06 0.0116063 0.0125926 3.94045e-10 0.000402033 9.6593e-10 0.137349 0.00378421 0.0220915 0.000105751 0.00937056 2.38968e-06 0.00343162 0.717461 0.00977958 6.62769e-08 0.000704038 
6.88753e-06 0.0294314 0.0145277 0.000481128 0.0437006 4.32582e-08 0.0185709 5.8582e-05 0.000101286 0.813976 0.0685914 2.50768e-05 0.000290406 5.34314e-05 2.29924e-06 0.00880139 1.81424e-05 1.89248e-05 0.00134409 
7.70438e-05 0.168382 9.96282e-05 0.0526471 0.00679767 7.81976e-08 0.00818554 6.57804e-05 0.0518367 0.0104537 0.010023 0.00732131 0.00571962 1.62586e-07 0.000133643 0.677129 0.00109521 1.74473e-05 1.57324e-05 
0.000640838 0.00291544 0.00540754 0.00693236 0.00138138 2.34597e-07 0.000304199 3.13784e-06 0.0497822 0.91245 0.00229641 0.0107246 0.00639443 5.2379e-06 8.97124e-07 0.000183499 0.000514348 1.06371e-06 6.17715e-05 
1.54732e-06 0.0793018 0.00249813 0.00115366 0.1715 3.36742e-08 0.00130614 8.25462e-08 0.00100648 0.00031166 0.173432 3.77843e-08 0.000412317 7.68193e-05 0.000195309 0.568645 0.00011626 6.24491e-08 4.30181e-05 
1.88107e-06 0.212003 0.000173986 0.276954 0.0754229 1.56383e-07 0.0768005 2.48106e-06 0.0210899 0.284631 0.0220744 2.73551e-05 0.000215513 2.24952e-06 0.000744067 0.0286441 0.00104842 0.000104713 6.01796e-05 
0.00175948 0.0250783 0.00463112 0.00423653 0.154757 1.95342e-05 0.00499279 8.09663e-05 0.0650577 0.603286 0.0774987 0.00018137 0.00573044 0.0154357 0.00219548 0.00767742 0.0218258 0.00010724 0.00544796 
3.15301e-06 0.184475 1.11536e-05 0.754721 0.00666554 2.20642e-09 0.000150643 2.44421e-08 0.000740676 0.000191793 0.0208971 0.000290919 0.0113399 7.64252e-09 0.00197984 0.00906062 0.000144916 5.61554e-07 0.00932696 
6.01756e-09 0.0241311 1.54405e-07 0.737819 0.0196129 6.33102e-12 0.000938242 1.55193e-11 0.000657313 1.14745e-05 0.000200562 3.63048e-08 8.86823e-08 1.31632e-11 0.00113185 0.214593 0.00089882 5.44222e-06 3.95484e-09 
9.09887e-05 0.0484936 1.33679e-07 0.0291869 0.00484065 3.34224e-08 0.0123538 7.23908e-08 0.0722528 0.767677 0.0590954 0.00120223 0.000461426 0.000193673 0.000551852 0.00124984 0.00202093 5.88085e-06 0.000322809 
9.29698e-06 0.0442027 5.92359e-08 8.32791e-07 0.00801977 2.62478e-11 0.00571179 0.198557 0.0192501 0.00775702 0.406667 0.00535899 0.0108223 9.13541e-08 3.27675e-08 0.00368435 0.00125143 1.05824e-05 0.288697 
0.000129828 0.118982 0.00689684 2.32072e-06 0.130008 6.09943e-10 0.00767045 1.49516e-09 6.83949e-07 0.538367 0.190792 0.000246096 0.00561707 1.26817e-09 0.000224614 7.40437e-07 7.27001e-07 1.1278e-07 0.00106095 
4.27255e-08 0.738681 5.45938e-05 0.168743 0.000182461 3.27937e-12 0.00672098 8.03879e-12 0.0278845 0.000140733 0.0162761 0.000101979 0.0354677 1.43435e-05 0.000239416 0.00357523 0.00109878 2.97096e-08 0.000818913 
0.0712717 0.138815 0.000120595 0.0668407 0.479956 2.26125e-05 0.000358848 4.85313e-05 0.0743412 0.0791081 0.00763406 7.79341e-05 0.0219544 0.000103321 0.00024646 0.00103372 0.0555874 0.00239027 8.96436e-05 
1.81292e-07 0.0284129 0.00192834 0.00254632 0.419113 4.42413e-11 0.00204578 1.08449e-10 0.142737 0.188467 0.184224 4.96411e-11 0.0305212 9.19847e-11 5.30349e-07 6.70639e-07 2.57265e-07 9.10791e-07 8.42987e-07 
2.12213e-07 0.209656 3.10214e-10 0.521856 0.268462 1.93669e-10 3.14895e-06 4.74745e-10 1.29903e-06 5.46443e-07 2.96721e-06 1.28232e-06 2.4688e-06 4.0267e-10 1.79242e-06 1.03187e-05 7.90538e-07 8.26431e-07 7.95932e-08 
1.5713e-08 0.0115117 2.06729e-08 0.0229027 0.00541063 5.40866e-10 0.0215372 0.00680597 0.0134038 0.000639629 0.90119 1.74355e-05 0.00845148 3.11488e-06 0.00078429 0.00265052 0.00259534 8.22501e-07 0.00209572 
5.04488e-05 0.130519 0.000333199 0.0432316 0.12561 1.79396e-07 0.0333294 6.75545e-05 0.067945 0.482478 0.0473936 0.000713641 0.000538485 0.0222344 7.57608e-05 0.00227708 0.0098564 0.027749 0.00559641 
2.41218e-06 0.0328943 5.57843e-07 0.0864015 0.0408191 3.48266e-07 0.0128834 8.53712e-07 0.0273113 0.0295329 0.214821 0.000112636 0.00316388 0.540097 0.000310782 0.00141668 0.000226437 6.45863e-07 0.0100042 
0.000396524 0.0753389 5.97258e-05 0.0609791 0.00133049 1.83987e-05 0.66587 0.000449319 0.0583863 0.0274162 0.0222447 0.00103948 0.0340325 0.000127124 0.0223559 0.0269073 0.00138172 5.37031e-05 0.00161317 
4.58343e-08 0.0863026 0.0338779 0.70086 0.00730678 3.4879e-08 0.0161543 6.98521e-08 0.00729277 0.0155486 0.0496661 8.27582e-05 0.000399949 1.58441e-06 0.0528013 0.00508785 0.000276848 8.5944e-08 0.0243407 
6.22754e-08 0.160229 2.63931e-06 0.00326251 0.0275246 2.05254e-08 0.27557 8.11858e-07 0.00637172 0.0137325 0.442607 1.88783e-07 0.000603021 2.67387e-07 0.0525717 0.00832522 0.00799272 3.0132e-08 0.00120619 
2.06475e-05 0.341608 0.00899407 0.0282595 0.338375 2.78782e-10 0.00387327 6.83384e-10 0.1306 0.0601091 0.070415 0.000234661 0.00435239 2.12372e-07 0.000326662 0.00713841 0.00515219 5.17004e-10 0.000540178 
9.2626e-05 0.0991593 0.00521116 0.0583557 0.0095497 2.98155e-11 0.00511482 0.082747 0.475047 0.00724932 0.0564041 0.0478342 0.0827387 0.000112335 8.42365e-05 0.0614469 0.00853956 1.29994e-08 0.000313427 
0.00016633 0.0224914 0.142669 0.00408915 0.0385437 9.25249e-10 1.38834e-06 1.54327e-08 0.49546 0.0145216 0.00819812 0.116981 0.0823095 1.92374e-09 0.000250439 0.0448491 0.0292402 1.71588e-09 0.000228987 
0.000141624 0.725088 9.58261e-08 0.00803931 0.193929 3.34694e-11 0.00847275 8.20441e-11 0.0104229 0.0106383 0.00651091 0.000894324 0.00904865 1.0397e-07 0.000186072 0.0159446 0.0106823 4.32342e-08 1.2568e-06 
6.97378e-08 0.000827058 5.34089e-08 0.00411243 6.53084e-08 3.63678e-10 0.00354016 0.000771031 0.00139621 0.0321467 0.131913 5.57397e-08 0.00334183 6.94153e-07 0.00883938 0.00170825 7.34535e-08 4.99985e-07 0.811403 
9.03996e-07 0.000130895 8.2544e-08 1.24221e-05 5.20714e-05 3.91677e-12 0.000135102 1.91174e-10 0.000168091 5.19347e-05 0.0422107 1.41179e-09 1.07983e-08 8.1436e-12 0.956119 7.78071e-06 0.000313559 7.26369e-12 0.00079701 
0.000465182 0.0156316 0.272799 0.0129136 0.0128814 2.26078e-11 0.00172131 1.74571e-07 0.0693237 0.577852 0.0117264 0.00748967 0.0161509 2.75858e-08 0.00055155 8.44354e-07 4.53581e-07 9.20807e-05 0.000400484 
1.19731e-06 0.000165942 3.56669e-08 0.000245098 0.000537239 3.07703e-10 0.0029051 2.89308e-06 0.00279118 0.000270734 0.955404 2.94404e-05 1.66387e-05 6.39764e-10 0.0356621 0.000999553 2.04883e-05 5.70638e-10 0.000947965 
1.67281e-07 0.196539 5.67134e-05 0.0408205 0.0786624 1.96822e-09 0.00379399 4.82473e-09 0.000846527 1.51942e-06 0.12796 1.21658e-07 0.00276285 1.1541e-06 0.0100646 0.517809 0.0194693 3.65008e-09 0.0012123 
2.27748e-09 0.963525 0.000525326 0.00918663 5.70181e-05 8.78262e-11 0.000565953 7.69845e-08 0.00185226 2.04413e-09 0.00146494 9.85457e-11 0.010937 1.82605e-10 9.74028e-07 0.0118827 1.04309e-07 2.35872e-07 1.58107e-06 
5.37582e-07 0.14462 0.05829 0.00604853 0.0360655 3.14914e-10 0.00109313 7.71953e-10 0.0502707 0.00932639 1.29236e-07 0.0910648 0.561821 6.54756e-10 5.97129e-08 0.0413978 6.38534e-07 5.8401e-10 4.68668e-07 
0.000462494 0.00586877 0.00210276 0.00722728 0.147539 4.99114e-09 0.00931165 1.22349e-08 0.0130061 0.512329 0.120639 6.42805e-06 0.0530167 0.000224692 0.000881154 0.103748 0.00129981 1.33079e-06 0.0223352 
0.000423486 0.0176355 2.27867e-09 0.00133305 0.000441284 1.42259e-09 0.00148006 3.48723e-09 0.0163082 0.043402 0.0293159 0.884519 0.00168581 0.000624865 5.2027e-07 3.63911e-05 1.75727e-06 0.00127166 0.0015204 
0.000274366 0.00177617 0.00326786 0.00314388 0.00018088 1.05149e-09 0.0101706 2.57753e-09 0.025188 0.952556 0.0034273 5.60926e-07 1.3536e-07 2.18621e-09 8.35895e-06 2.74967e-06 2.59142e-06 5.29341e-07 1.20316e-07 
0.0462846 4.63688e-07 0.00187164 0.00084254 0.0517532 2.57082e-07 1.82724e-05 3.88582e-06 0.136169 0.499869 1.2482e-05 0.10315 1.97659e-05 0.065522 0.000547502 0.0767102 1.48278e-05 3.62611e-05 0.0171741 
7.63879e-05 0.0778596 8.86757e-05 0.111829 0.11272 6.28401e-06 0.0183695 0.00742755 0.149377 0.138484 0.0106668 0.000366914 0.00883039 0.000762362 0.000642737 0.179983 0.179204 3.09084e-05 0.00327444 
4.53716e-07 0.00488877 6.75185e-06 3.2624e-07 0.12195 3.5344e-09 2.06091e-06 8.66393e-09 0.0152833 0.749261 0.0116575 3.96578e-09 0.000670692 7.34858e-09 1.5437e-06 0.00144566 0.0787104 0.0140278 0.00209428 
5.01526e-08 0.0503828 0.0564603 0.651537 0.0121777 3.81627e-08 0.0096705 6.1514e-08 0.00236408 0.0131021 0.072694 0.00013788 0.000163473 1.45816e-06 0.0880014 0.0026328 0.000107547 9.40374e-08 0.0405672 
4.58343e-08 0.0863026 0.0338779 0.70086 0.00730678 3.4879e-08 0.0161543 6.98521e-08 0.00729277 0.0155486 0.0496661 8.27582e-05 0.000399949 1.58441e-06 0.0528013 0.00508785 0.000276848 8.5944e-08 0.0243407 
3.00722e-05 0.154239 0.00351654 0.198994 0.351831 1.33694e-07 0.0439785 3.21679e-07 0.0996157 0.103009 0.0246735 6.59854e-06 0.00972178 2.6172e-06 1.6749e-05 0.00333697 0.00670783 0.000301966 1.78762e-05 
4.23265e-05 0.309122 1.29951e-06 0.069577 0.016241 1.12578e-07 0.0246148 2.75964e-07 0.226988 0.0960376 0.101793 2.28734e-05 0.00234375 0.116433 0.000120229 0.00458027 0.026531 2.09504e-05 0.00552992 
0.00519916 0.000916104 0.00539769 0.00288554 0.101672 3.99848e-09 1.75218e-06 5.64568e-06 0.0017243 0.557822 0.0300294 0.0123909 0.00227054 5.02297e-05 0.00229346 0.000345061 3.70318e-06 0.273803 0.00318921 
0.00339515 0.0246413 0.000187599 0.13968 0.0840097 9.1848e-06 0.00332957 0.000130642 0.0258082 0.0412973 0.00297709 0.000301244 0.560113 3.30856e-05 0.00058099 0.015398 0.00208467 0.0955184 0.000504859 
1.36598e-05 0.0137677 9.46899e-05 0.00116598 0.00533512 1.48828e-06 0.0197519 0.000206555 0.0272099 0.0959114 0.799012 0.00226983 0.00112691 2.47139e-05 0.0234653 0.000591363 0.000261389 1.76788e-06 0.00978858 
2.1327e-05 0.00557989 0.791817 0.00259479 0.0353433 5.26072e-10 5.18969e-06 1.28957e-09 0.0396822 0.0299878 0.0700613 0.0128859 0.000769819 0.00196328 0.000568606 0.00404945 0.00189076 1.08172e-07 0.00277894 
1.19731e-06 0.000165942 3.56669e-08 0.000245098 0.000537239 3.07703e-10 0.0029051 2.89308e-06 0.00279118 0.000270734 0.955404 2.94404e-05 1.66387e-05 6.39764e-10 0.0356621 0.000999553 2.04883e-05 5.70638e-10 0.000947965 
2.84778e-07 0.0614955 1.10385e-09 0.913262 0.00655944 6.89141e-10 1.17959e-06 8.20416e-06 0.000523975 8.4267e-07 0.00902711 6.02407e-05 0.00779134 1.43284e-09 2.38486e-07 0.00080904 0.000144623 2.67297e-07 0.000315832 
0.0572972 0.027414 0.0508906 0.0200111 0.0839482 7.14784e-05 0.0406396 0.00119225 0.0580305 0.11128 0.0399957 0.430624 0.0291554 0.00670185 0.00583924 0.0225702 0.00626196 0.00528964 0.00278717 
1.19731e-06 0.000165942 3.56669e-08 0.000245098 0.000537239 3.07703e-10 0.0029051 2.89308e-06 0.00279118 0.000270734 0.955404 2.94404e-05 1.66387e-05 6.39764e-10 0.0356621 0.000999553 2.04883e-05 5.70638e-10 0.000947965 
0.000106985 0.0208404 0.000299101 0.0801111 0.445269 1.60538e-08 0.00292102 8.99836e-06 0.0375708 0.102057 0.0158817 0.000229254 0.00131866 7.42117e-06 7.23001e-06 0.0332305 8.93827e-05 0.25974 0.000310853 
2.60573e-05 0.0356337 2.39056e-05 0.00821542 0.0671291 1.85675e-05 0.278261 0.00894618 0.0452411 0.0705932 0.36696 0.00466389 0.00950526 0.000214692 0.00231072 0.0818279 0.018274 0.00086805 0.00128726 
4.48435e-05 0.000120666 0.00013326 8.32769e-05 0.00156381 1.77469e-06 0.000126902 4.35032e-06 0.000185214 0.994307 0.000725454 0.00032405 0.000816466 3.68986e-06 2.26862e-05 8.66885e-05 0.0013894 2.03109e-05 4.01493e-05 
3.15301e-06 0.184475 1.11536e-05 0.754721 0.00666554 2.20642e-09 0.000150643 2.44421e-08 0.000740676 0.000191793 0.0208971 0.000290919 0.0113399 7.64252e-09 0.00197984 0.00906062 0.000144916 5.61554e-07 0.00932696 
0.00146591 0.0504529 0.108957 0.0227308 0.204021 9.88106e-06 0.00226425 3.55543e-05 0.0161477 0.396537 0.0431799 0.000737281 0.00433521 0.0200908 0.00889529 0.0138084 0.0178092 0.0879413 0.000580425 
0.00121738 0.170326 1.76636e-06 0.00152286 0.0256635 1.14141e-07 0.00410535 2.79796e-07 0.114101 0.00702667 0.338396 5.90378e-06 0.260835 2.37318e-07 0.0049852 0.0326097 0.0368273 2.11676e-07 0.00237515 
0.000250173 0.00899374 0.00134097 0.0192304 0.00643257 2.39743e-10 0.00277754 2.50104e-07 0.00953629 0.918653 0.00482421 7.27498e-08 3.40268e-05 0.000548057 3.19786e-06 0.0168867 0.00920984 0.00127867 6.13023e-07 
8.05569e-08 0.00821214 0.000271338 0.0250089 0.00193292 2.23629e-08 0.00695481 3.10229e-07 0.000503993 0.00291925 0.933786 6.48004e-05 2.25013e-05 1.02591e-06 0.000123061 0.00166288 0.000232575 1.24075e-05 0.0182907 
4.58343e-08 0.0863026 0.0338779 0.70086 0.00730678 3.4879e-08 0.0161543 6.98521e-08 0.00729277 0.0155486 0.0496661 8.27582e-05 0.000399949 1.58441e-06 0.0528013 0.00508785 0.000276848 8.5944e-08 0.0243407 
5.37582e-07 0.14462 0.05829 0.00604853 0.0360655 3.14914e-10 0.00109313 7.71953e-10 0.0502707 0.00932639 1.29236e-07 0.0910648 0.561821 6.54756e-10 5.97129e-08 0.0413978 6.38534e-07 5.8401e-10 4.68668e-07 
0.0013539 0.0427742 0.00791647 0.0630815 0.3476 0.000165435 0.000289812 0.00118825 0.0371719 0.0194494 0.065402 0.00324251 0.0451655 0.00332155 0.00137318 0.0712836 0.00211507 0.267457 0.0196482 
6.16553e-06 0.163734 1.76175e-06 0.153481 0.0306769 2.24101e-09 0.0423202 8.281e-08 0.00251653 0.00896245 0.493011 6.39445e-08 0.00109374 4.90221e-07 0.0122181 0.000585667 0.0125383 1.00703e-08 0.0788533 
5.01526e-08 0.0503828 0.0564603 0.651537 0.0121777 3.81627e-08 0.0096705 6.1514e-08 0.00236408 0.0131021 0.072694 0.00013788 0.000163473 1.45816e-06 0.0880014 0.0026328 0.000107547 9.40374e-08 0.0405672 
0.00028956 0.00654045 0.00238605 0.0336577 0.0105081 1.90306e-10 0.00509943 4.66502e-10 0.0564978 0.505305 0.335097 0.00895277 0.00818749 0.0129149 0.000177607 0.00509221 0.00292111 0.000163699 0.00620881 
3.4304e-07 0.0276654 0.000627119 0.00757038 0.434623 2.25587e-09 0.0560642 5.52986e-09 0.00265081 0.037807 0.369564 2.95205e-06 0.000118303 5.90425e-05 0.00583908 0.0146245 0.0164438 7.87888e-06 0.0263324 
0.000141624 0.725088 9.58261e-08 0.00803931 0.193929 3.34694e-11 0.00847275 8.20441e-11 0.0104229 0.0106383 0.00651091 0.000894324 0.00904865 1.0397e-07 0.000186072 0.0159446 0.0106823 4.32342e-08 1.2568e-06 
4.85583e-06 0.0477518 0.00025425 0.000518284 0.0382383 6.54123e-11 0.00211344 2.21053e-09 0.0199862 0.0148807 0.778769 8.11633e-08 0.00132117 3.15787e-05 0.0179525 0.00056003 0.00029438 2.78323e-07 0.0773235 
0.000102788 0.0755683 0.000164555 0.045792 0.00835584 9.2043e-08 0.00302395 4.2818e-07 0.00675664 0.72219 0.0488446 1.03277e-07 0.0176798 0.00224923 0.0206253 0.0468366 0.00108911 8.77371e-07 0.000719306 
1.65297e-07 0.277421 1.7437e-10 0.0512363 0.267743 1.0886e-10 0.0521581 5.14735e-08 0.263468 0.00688427 0.000338795 1.22147e-10 1.2699e-06 2.26338e-10 5.45565e-08 0.0180923 0.0626566 2.01883e-10 2.91451e-07 
3.09713e-06 0.641067 3.43888e-07 0.000558748 0.0253988 5.78118e-09 0.167551 1.65325e-05 0.134108 0.0186959 0.00582806 0.00029132 2.0646e-06 1.202e-08 3.39573e-05 0.000806914 0.00563656 1.07213e-08 1.09699e-06 
2.1327e-05 0.00557989 0.791817 0.00259479 0.0353433 5.26072e-10 5.18969e-06 1.28957e-09 0.0396822 0.0299878 0.0700613 0.0128859 0.000769819 0.00196328 0.000568606 0.00404945 0.00189076 1.08172e-07 0.00277894 
0.000892178 0.22316 0.00275744 0.0977187 0.371425 0.000236507 0.00535957 0.00168606 0.161493 0.0561311 0.0260888 0.00167671 0.00755109 0.00322351 0.00691172 0.00365133 0.00287704 0.0183644 0.00879607 
0.00028956 0.00654045 0.00238605 0.0336577 0.0105081 1.90306e-10 0.00509943 4.66502e-10 0.0564978 0.505305 0.335097 0.00895277 0.00818749 0.0129149 0.000177607 0.00509221 0.00292111 0.000163699 0.00620881 
1.05997e-07 4.6539e-06 0.00110415 0.00406366 0.0586278 2.96759e-09 0.00321058 7.27452e-09 0.00622946 0.403138 0.211627 3.99824e-05 0.299755 6.17011e-09 1.28983e-07 6.05218e-06 0.0121912 5.50343e-09 2.23368e-06 
2.69828e-05 0.0214138 1.02534e-05 0.000369054 0.00398385 3.47557e-07 0.0028963 0.19116 0.00959631 0.00427447 0.194574 0.00322293 0.00558686 4.11757e-05 2.1348e-06 0.00223375 0.000751538 4.08664e-05 0.559815 
3.15301e-06 0.184475 1.11536e-05 0.754721 0.00666554 2.20642e-09 0.000150643 2.44421e-08 0.000740676 0.000191793 0.0208971 0.000290919 0.0113399 7.64252e-09 0.00197984 0.00906062 0.000144916 5.61554e-07 0.00932696 
0.000267229 0.0318095 0.00222808 0.0437336 0.0158599 1.29002e-06 0.00724704 5.77303e-06 0.010509 0.054926 0.223342 4.57456e-05 0.000715816 2.67497e-05 0.0161315 0.0041284 0.000124588 1.49117e-06 0.588896 
0.00050242 0.116602 0.00378376 0.134467 0.319518 1.62617e-05 0.0106682 3.30299e-05 0.111548 0.236788 0.0296324 0.00120241 0.0183441 0.000234502 0.0023849 0.0109313 0.00235508 0.000648548 0.000339427 
3.80509e-06 0.0395518 0.000198011 0.000403254 0.0535895 1.73586e-10 0.0063577 3.94527e-09 0.0155458 0.0352703 0.770326 1.58038e-07 0.00102803 0.000270944 0.0139642 0.000435801 0.00290845 3.40055e-07 0.0601464 
0.000270043 0.0285834 0.00517983 0.0157509 0.250702 5.39385e-05 0.00376784 6.74438e-05 0.0409396 0.318262 0.125393 0.000131341 0.00289411 0.0348627 0.0020653 0.126784 0.00609274 0.0362126 0.00198624 
8.63087e-06 0.0310739 0.000301197 0.00239499 0.00803564 7.20459e-10 0.489285 1.80824e-06 0.0184881 0.164687 0.246758 0.00508644 0.00124589 1.49795e-09 0.0190409 0.00402166 2.37934e-06 0.000169352 0.00939921 
0.000144615 0.0255583 0.487474 0.0141299 0.0209958 1.35587e-11 0.0136674 3.32367e-11 0.017545 0.319782 0.0869039 7.45619e-08 0.00545254 2.22736e-07 0.00834502 6.08449e-07 1.80424e-07 5.28292e-08 9.14218e-08 
7.02157e-05 0.0116333 0.879348 1.20026e-05 0.000878824 2.51356e-08 0.0186456 2.65791e-06 0.0015801 0.00776269 0.0420608 4.11145e-06 7.32626e-06 5.22611e-08 0.000173509 1.34068e-05 0.0377312 3.65606e-05 3.92242e-05 
0.0016089 0.0383988 0.0013393 0.0100011 0.0616607 5.52613e-05 0.00107997 0.00152678 0.0403072 0.792928 0.0145519 8.80612e-05 0.00407471 0.00180928 0.000223819 0.0169183 0.00835648 0.00424858 0.000822544 
3.79509e-05 0.0436383 0.000184081 0.0193677 0.0754255 1.07683e-07 0.338678 5.46651e-07 0.0275413 0.00836571 0.425236 3.14498e-05 0.00244693 4.45855e-07 0.0165031 2.85427e-06 0.000159459 6.3359e-06 0.0423746 
8.48698e-07 0.187207 0.0119285 0.00377141 0.11282 2.81326e-08 0.00164996 6.8962e-08 0.0139925 0.1304 0.257714 1.78538e-05 0.000262253 5.84923e-08 0.000473041 0.135686 8.81674e-06 3.38185e-05 0.144033 
5.47791e-06 0.0164513 6.26776e-06 0.823033 0.0175508 1.09246e-06 0.0662288 7.51663e-06 0.0387648 0.00733743 0.0138326 2.65443e-05 0.0119095 0.00192711 1.73689e-05 0.0027655 8.82286e-05 2.02597e-06 4.51224e-05 
0.00173014 0.0240104 0.229559 0.0261495 0.0758425 4.23294e-05 0.000942582 0.0507055 0.0269647 0.396686 0.090765 0.0105059 0.0115772 0.00457575 0.0178328 0.000148928 0.030454 0.000609235 0.000898708 
5.01526e-08 0.0503828 0.0564603 0.651537 0.0121777 3.81627e-08 0.0096705 6.1514e-08 0.00236408 0.0131021 0.072694 0.00013788 0.000163473 1.45816e-06 0.0880014 0.0026328 0.000107547 9.40374e-08 0.0405672 
0.00101449 0.0094171 0.000230002 0.0154883 0.52887 6.14649e-05 0.0238064 0.000188683 0.00748188 0.287554 0.0369201 0.000201837 0.00119508 0.000147301 0.00168861 0.0293956 0.00911694 0.0452012 0.00202126 
9.03996e-07 0.000130895 8.2544e-08 1.24221e-05 5.20714e-05 3.91677e-12 0.000135102 1.91174e-10 0.000168091 5.19347e-05 0.0422107 1.41179e-09 1.07983e-08 8.1436e-12 0.956119 7.78071e-06 0.000313559 7.26369e-12 0.00079701 
0.000471131 0.0115817 0.0638192 3.51001e-05 0.00529337 1.52301e-07 0.0369193 0.00115641 0.0227545 0.625715 0.0391109 1.70889e-07 6.27072e-05 3.16658e-07 2.30034e-05 0.173591 0.0182746 8.98425e-05 0.00110146 
5.37582e-07 0.14462 0.05829 0.00604853 0.0360655 3.14914e-10 0.00109313 7.71953e-10 0.0502707 0.00932639 1.29236e-07 0.0910648 0.561821 6.54756e-10 5.97129e-08 0.0413978 6.38534e-07 5.8401e-10 4.68668e-07 
5.01526e-08 0.0503828 0.0564603 0.651537 0.0121777 3.81627e-08 0.0096705 6.1514e-08 0.00236408 0.0131021 0.072694 0.00013788 0.000163473 1.45816e-06 0.0880014 0.0026328 0.000107547 9.40374e-08 0.0405672 
4.58343e-08 0.0863026 0.0338779 0.70086 0.00730678 3.4879e-08 0.0161543 6.98521e-08 0.00729277 0.0155486 0.0496661 8.27582e-05 0.000399949 1.58441e-06 0.0528013 0.00508785 0.000276848 8.5944e-08 0.0243407 
0.000106729 0.0287894 4.2562e-05 3.44717e-07 3.823e-07 1.60477e-11 0.00284635 3.9338e-11 0.0178762 0.890971 0.0587482 4.19565e-07 1.29205e-06 1.46479e-06 1.77932e-08 1.4499e-09 3.47228e-07 2.97606e-11 0.000615037 
0.0026103 0.448618 0.0360001 0.0126919 0.13689 0.000100306 0.00315774 0.000115932 0.0187926 0.192974 0.046582 0.00801377 0.00231665 0.0036368 0.0312057 0.0088906 0.00162503 0.0443482 0.00143031 
5.01526e-08 0.0503828 0.0564603 0.651537 0.0121777 3.81627e-08 0.0096705 6.1514e-08 0.00236408 0.0131021 0.072694 0.00013788 0.000163473 1.45816e-06 0.0880014 0.0026328 0.000107547 9.40374e-08 0.0405672 
0.000228345 0.0374781 6.58948e-09 0.0036328 4.06216e-06 4.11387e-09 0.591462 2.47087e-06 0.03377 0.220759 0.0740334 0.000812973 0.00250169 0.00052822 0.00241419 0.0165414 0.00046633 1.9176e-05 0.0153454 
9.13246e-08 8.9322e-06 1.33499e-10 0.770661 0.130122 8.33443e-11 0.00487983 2.04303e-10 5.59027e-07 2.35158e-07 0.0277104 5.5184e-07 1.06243e-06 1.73286e-10 7.71355e-07 0.066613 3.40203e-07 3.55649e-07 3.42524e-08 
5.06441e-06 0.168842 2.41215e-08 0.783747 0.0151028 1.50593e-08 0.00115381 3.69151e-08 0.0068073 9.0632e-05 0.00283607 3.05884e-05 0.00058363 3.13107e-08 0.000105502 0.0205297 0.000121413 3.76058e-05 6.98988e-06 
0.0001104 0.176941 0.00542831 0.0130555 0.0404746 1.91912e-05 0.0158731 0.00809162 0.00826893 0.081534 0.543968 0.000269451 0.000992826 0.0491627 0.0123627 0.0126214 0.000621068 2.96545e-05 0.0301757 
0.00016633 0.0224914 0.142669 0.00408915 0.0385437 9.25249e-10 1.38834e-06 1.54327e-08 0.49546 0.0145216 0.00819812 0.116981 0.0823095 1.92374e-09 0.000250439 0.0448491 0.0292402 1.71588e-09 0.000228987 
1.03966e-06 0.0386364 2.46601e-07 2.68263e-06 0.031111 1.53955e-07 0.0651675 3.77393e-07 0.00754152 5.87413e-06 0.855689 0.000148589 0.000336567 3.20098e-07 3.45583e-07 0.0013138 2.84015e-05 2.85511e-07 1.61853e-05 
7.34195e-05 0.112976 0.000396996 0.202277 0.391108 3.00675e-10 1.85642e-06 7.37051e-10 0.00469063 0.0201887 0.0249063 3.23912e-06 0.0274512 6.25152e-10 2.94623e-07 0.0504174 4.87668e-07 5.57605e-10 0.165509 
0.000496309 1.00995e-05 2.20154e-05 0.00151537 0.010099 6.50876e-08 3.35967e-05 1.59551e-07 0.0575849 0.92127 0.000761724 2.59599e-05 6.82896e-06 6.92731e-06 2.49054e-06 0.00765464 4.31694e-06 1.20706e-07 0.000505289 
5.96393e-05 0.145903 2.85131e-10 0.0147565 0.0019632 1.78009e-10 0.735558 0.0147076 0.0125114 0.00118283 0.0265354 1.46168e-06 0.00312044 3.70111e-10 0.000974167 0.002076 0.0078573 3.3012e-10 0.0327924 
1.19731e-06 0.000165942 3.56669e-08 0.000245098 0.000537239 3.07703e-10 0.0029051 2.89308e-06 0.00279118 0.000270734 0.955404 2.94404e-05 1.66387e-05 6.39764e-10 0.0356621 0.000999553 2.04883e-05 5.70638e-10 0.000947965 
1.43919e-05 0.00485985 0.000242397 0.00484572 0.000631699 3.63721e-09 0.123633 5.86206e-08 0.00148814 0.0926741 0.761692 1.00959e-08 2.86001e-07 0.000125621 0.000588008 0.000631092 0.000175315 6.10923e-08 0.00839876 
2.50512e-05 0.00744064 0.00050709 0.0123678 0.000292257 5.31369e-07 0.122895 0.000318208 0.0329254 0.47368 0.328592 2.32861e-05 0.0125589 3.27684e-06 0.000395291 0.00585269 0.00149905 9.52333e-05 0.000527654 
9.03996e-07 0.000130895 8.2544e-08 1.24221e-05 5.20714e-05 3.91677e-12 0.000135102 1.91174e-10 0.000168091 5.19347e-05 0.0422107 1.41179e-09 1.07983e-08 8.1436e-12 0.956119 7.78071e-06 0.000313559 7.26369e-12 0.00079701 
0.000383372 0.100925 0.00678761 0.0360937 0.602533 6.54812e-07 0.0188596 1.40235e-06 0.048897 0.00523281 0.088435 0.000162383 0.0100338 0.00201509 0.00385164 0.00421169 0.00443593 2.0038e-06 0.067139 
0.000141624 0.725088 9.58261e-08 0.00803931 0.193929 3.34694e-11 0.00847275 8.20441e-11 0.0104229 0.0106383 0.00651091 0.000894324 0.00904865 1.0397e-07 0.000186072 0.0159446 0.0106823 4.32342e-08 1.2568e-06 
0.000744733 0.266887 0.0244788 0.015898 0.0092211 1.07033e-07 0.0314209 2.62373e-07 0.150116 0.399986 0.0525801 0.000339769 0.0202431 1.51541e-05 5.02896e-06 0.0120375 0.0145529 5.41434e-05 0.00141898 
4.24299e-06 0.217424 0.000242696 0.0119337 0.0024109 1.54123e-06 0.0763047 8.48669e-06 0.245499 6.42614e-05 0.0268145 0.000144461 0.0338826 2.51396e-05 0.000352334 0.383133 0.00172303 4.96049e-06 2.70089e-05 
1.39779e-05 0.158769 0.000334497 0.0244215 0.00132135 4.21949e-08 0.00416655 1.22758e-05 0.798174 0.0041263 0.00109911 0.000334867 0.000139861 2.00853e-06 1.04532e-05 0.00702813 3.16596e-05 7.82508e-08 1.46484e-05 
1.19731e-06 0.000165942 3.56669e-08 0.000245098 0.000537239 3.07703e-10 0.0029051 2.89308e-06 0.00279118 0.000270734 0.955404 2.94404e-05 1.66387e-05 6.39764e-10 0.0356621 0.000999553 2.04883e-05 5.70638e-10 0.000947965 
2.7608e-05 0.052902 8.29916e-05 0.00918669 0.00675826 2.10934e-06 0.0105311 5.17068e-06 0.0202785 9.60989e-05 0.0282155 0.000284384 0.0101693 4.38567e-06 0.000210728 0.846397 0.0112236 3.9118e-06 0.00362091 
0.149653 0.00526128 0.00145802 0.00193207 1.94484e-05 2.22884e-08 0.0935369 5.4636e-08 0.0101087 0.713989 0.00476664 0.0153875 0.000426446 1.19305e-05 5.06952e-05 6.35722e-06 0.00137349 1.26098e-05 0.00200571 
6.57572e-09 0.334688 1.45385e-11 0.575271 0.0284122 9.07653e-12 0.00199598 2.22495e-11 0.0131837 0.000117507 0.00537597 3.97304e-08 0.000798458 1.88716e-11 9.87634e-05 0.0399104 0.000131544 1.61823e-05 6.89246e-07 
2.1057e-08 0.44594 1.647e-06 0.0418014 0.0584206 6.45467e-11 0.0169749 1.58225e-10 0.0429415 0.165184 0.219354 7.24249e-11 2.28414e-07 4.50443e-08 0.00180126 0.00151735 0.00526608 1.19703e-10 0.000796995 
0.00044119 0.142772 0.00394994 0.017019 0.0280062 1.56877e-08 0.00560689 3.22957e-06 0.0190793 0.572243 0.0586846 3.2775e-05 0.0178927 2.94353e-06 0.00787133 0.0855739 0.00358633 3.85115e-05 0.0371971 
0.000618266 0.0150459 0.000591245 0.0708043 0.239769 0.000249798 0.00185177 0.000435487 0.0488933 0.0467891 0.323135 0.000311862 0.00368486 0.0197016 0.0374821 0.133701 0.00166263 0.0107484 0.044524 
0.000226509 0.0120154 4.38502e-07 0.00349628 0.00584286 3.31511e-07 0.0047405 5.7346e-07 0.0121205 0.367446 0.0203349 0.567683 0.00392163 0.000561711 4.97844e-06 0.00100378 7.12061e-06 0.000124192 0.00046969 
1.19731e-06 0.000165942 3.56669e-08 0.000245098 0.000537239 3.07703e-10 0.0029051 2.89308e-06 0.00279118 0.000270734 0.955404 2.94404e-05 1.66387e-05 6.39764e-10 0.0356621 0.000999553 2.04883e-05 5.70638e-10 0.000947965 
0.00033767 0.0210432 0.00514795 0.0376018 0.602621 0.000284749 0.0565817 0.0152518 0.13234 0.017131 0.0209061 0.00367115 0.00157402 0.000431031 0.000847747 0.0678789 0.0122193 0.000684011 0.0034471 
2.01374e-05 0.00680368 0.000339217 0.00678389 0.000884186 4.45989e-09 0.0724285 7.21722e-08 0.00102715 0.107169 0.791644 1.24148e-08 3.48621e-07 3.21721e-07 0.000823124 0.000883469 5.5872e-05 7.44341e-08 0.0111367 
