3.93891e-05 0.0323837 0.000373183 0.0660111 0.0168682 0.114796 0.406063 4.77254e-08 0.0333848 0.0642799 0.187793 0.0029902 0.0156892 0.0094091 0.0284917 0.0154596 0.00340452 0.00100477 0.00155846 
0.00625218 0.10716 0.000633887 0.249624 0.0113115 0.00980899 0.327049 8.68409e-05 0.00602124 0.029822 0.105215 0.00260554 0.0131576 0.020429 0.0373327 0.0419809 0.0279368 6.66283e-06 0.00356645 
5.02252e-08 0.0184315 1.98305e-07 2.21615e-08 0.00453028 0.0583364 0.800849 3.03482e-07 0.0163735 0.0371236 0.00937074 0.000653036 0.00584935 2.57408e-07 0.0349191 0.00146793 0.00771781 2.29595e-07 0.00437678 
0.00152966 0.0504888 6.5932e-06 0.00541892 0.000469019 0.000351527 0.550452 3.26795e-09 0.0133039 0.00919534 0.0557454 0.139514 0.146356 1.33064e-06 0.0211099 0.00140181 0.000389995 5.00573e-06 0.00426027 
0.00100975 0.00740566 8.43973e-05 0.00335203 0.0013322 0.0227847 0.748813 8.71103e-11 0.0108705 0.00518329 0.108354 0.0119032 0.00053622 0.00177862 1.75762e-05 0.0109174 0.000541117 1.66347e-07 0.0651161 
2.55078e-06 0.148365 9.64612e-05 0.00713967 0.0133241 6.29207e-06 0.543295 5.64328e-09 0.0385865 0.00347161 0.0628435 3.25423e-05 0.000298032 8.43515e-06 0.0492974 0.0155325 0.0417548 4.71141e-07 0.0759457 
1.91045e-08 0.00498659 8.27104e-06 0.000354911 0.000452979 2.9124e-05 0.9617 1.15438e-07 0.000576943 0.000295024 0.023281 3.32551e-06 9.35387e-05 9.79121e-08 0.000528333 0.00349423 0.000177531 2.56266e-06 0.004015 
8.13718e-06 0.0648455 8.43937e-05 0.0548399 0.00189772 0.000223627 0.785556 1.13478e-06 0.00748117 0.0109236 0.037456 0.000129078 0.0247719 0.00162618 0.000838936 0.00694451 0.00208796 1.29862e-05 0.000270806 
0.00858337 0.0616504 9.02554e-05 0.0638696 0.00269147 0.013186 0.468381 0.00237579 0.184112 0.0280712 0.048909 0.0115394 0.00847487 0.047594 0.000112164 0.0453484 0.00351239 6.60517e-07 0.00149807 
4.24461e-05 0.0390335 0.000266835 0.0526126 0.0286101 0.000589822 0.539657 0.00575686 0.00680873 0.0207446 0.122361 0.000328108 0.0028258 5.4866e-05 0.107333 0.011647 0.00105525 6.49431e-08 0.0602727 
2.25626e-06 0.0623274 5.24468e-05 0.00437125 0.03341 0.0141451 0.309784 6.17419e-06 0.0941281 0.164127 0.194327 0.000681267 0.0761449 0.00260456 9.494e-06 0.0384412 3.67315e-05 1.93252e-07 0.00540066 
0.00125792 0.0781996 0.00756313 0.0935882 0.0196849 0.0850879 0.261977 2.36234e-07 0.204896 0.014096 0.108384 0.00107561 0.105793 0.00173667 0.00386791 0.00649058 0.000837661 3.54036e-06 0.00545993 
2.20618e-08 0.00842235 5.39659e-05 0.0103185 0.000838834 0.00125066 0.728731 1.80355e-10 0.0154821 0.000495111 0.230886 3.54543e-05 0.000248332 2.07635e-07 8.17171e-05 0.00315482 8.65822e-08 1.36445e-10 5.29072e-07 
4.14331e-05 0.0399918 2.54083e-08 0.0560084 0.00811618 0.00132262 0.669144 3.93746e-09 0.0271485 0.00554172 0.166621 0.000319173 0.0141389 0.00166175 0.000474351 0.00633334 0.000858436 1.40448e-08 0.00227797 
2.8431e-05 0.0591387 8.20858e-06 0.0369594 0.00888042 0.00507186 0.70884 1.03522e-09 0.0443455 0.00454125 0.0761053 0.000321166 0.0372079 7.40358e-06 0.00596621 0.00874835 0.000868397 0.000228243 0.00273343 
1.03864e-08 0.0334697 4.1009e-08 0.0113003 0.121639 0.000122327 0.508698 6.27593e-08 0.00243745 0.186834 0.0990225 6.81305e-05 0.00464416 5.32312e-08 0.000561085 0.000733915 0.000661414 2.5602e-06 0.0298053 
7.45839e-08 0.0170581 1.37234e-06 0.0250356 0.0269884 0.000291522 0.810433 1.96142e-07 0.0273416 0.00435829 0.0705732 3.17192e-07 0.00445652 1.71744e-07 0.0020203 0.0107125 9.38558e-08 5.11655e-06 0.000723922 
0.0851774 0.0927338 4.79459e-05 0.165753 0.00695632 0.028671 0.427649 2.91033e-06 0.0157118 0.0286463 0.116016 4.38567e-05 0.00515216 7.59309e-05 0.000151157 0.0215055 0.0017564 1.5407e-05 0.00393418 
0.0674562 0.0266165 0.102304 0.0836128 0.00656568 0.000117401 0.291598 1.01887e-05 0.2246 0.0390415 0.0320691 0.0691621 0.0334973 0.000363548 3.45653e-05 0.0185918 0.000600882 0.00263647 0.00112216 
2.23854e-05 0.0507374 7.0051e-05 0.0364579 0.0388984 1.2742e-05 0.771412 9.82266e-07 0.0335843 0.0248648 0.00543711 2.40746e-05 0.000613699 1.93347e-06 0.00028268 0.0370653 0.000421976 4.26443e-06 8.77528e-05 
0.000140004 0.0354954 0.00074863 0.0566668 0.0400121 0.000918977 0.770451 4.24527e-06 0.0471117 0.01531 0.00139873 0.00195032 0.0245079 1.01903e-06 3.04515e-05 0.00524154 1.56337e-06 6.46544e-07 9.42455e-06 
4.41525e-05 0.173563 0.000859466 0.0945612 0.0843901 0.000405879 0.378378 1.67973e-06 0.0471444 0.0599609 0.0836447 0.000127628 0.0282741 0.00018679 0.0409299 0.00253223 0.00329699 3.63362e-06 0.00169439 
0.000111831 0.0476859 6.27522e-05 0.00928047 0.0169015 0.000596743 0.712943 0.000856606 0.0155383 0.019226 0.12549 0.00225582 0.00139639 0.00749232 0.0126165 0.0153835 0.00652262 1.40388e-07 0.00563896 
0.000184829 0.0196941 0.0161626 0.00890868 0.000968323 0.000342226 0.562455 0.000856789 0.00384504 0.0679712 0.270737 0.000187548 0.000215499 0.000200015 0.0021748 0.0261372 0.00106728 5.48081e-06 0.0178871 
7.34513e-08 0.0139397 4.75922e-05 0.0067189 0.000530253 0.0427832 0.342557 0.000286808 0.129439 0.0330927 0.0908806 0.0513081 0.235256 1.23259e-05 2.73243e-05 0.0453404 0.0010935 3.35769e-07 0.00668628 
0.00702517 0.0014353 1.30203e-05 0.124186 0.0076389 0.0653714 0.580969 5.94365e-08 0.000616066 0.00399506 0.0810385 6.2584e-05 0.0060769 4.82761e-11 0.00249239 0.00745183 0.00018041 3.23991e-06 0.111444 
4.6195e-05 0.184971 4.76894e-05 0.0259165 0.00915393 0.000886592 0.289693 1.13337e-07 0.268761 0.0661134 0.0979869 0.000666504 0.00491062 0.000148281 0.00626739 0.0159922 0.0230559 4.47453e-08 0.00538172 
0.000440152 0.276043 1.7771e-05 0.071274 0.0763067 5.2939e-05 0.413937 1.39238e-08 0.00776631 0.105871 0.0269049 1.11616e-06 0.000202066 0.00482249 0.0036216 5.87205e-05 0.0115606 3.44706e-06 0.00111662 
0.000243566 0.000803665 4.00532e-07 0.00296771 0.000982106 0.00385111 0.96529 6.12966e-07 0.00174487 0.0084818 0.00400321 0.000280856 0.00207711 5.19906e-07 0.000277254 0.00231937 0.00472548 4.63731e-07 0.00194993 
9.87352e-06 0.230554 0.00924072 0.0452264 0.0298204 0.000223797 0.302516 1.04073e-06 0.19292 0.0448828 0.0441955 0.0154719 0.00655148 5.78116e-07 2.97625e-07 0.0762029 0.00125248 3.99876e-05 0.000890279 
0.000320875 0.148013 0.00206782 0.0438233 0.0606214 0.000586654 0.381478 0.00946008 0.00934381 0.192129 0.113075 0.000254445 0.00250189 0.000899827 0.0106453 0.0115474 0.0017252 3.81756e-05 0.011469 
0.000188922 0.0284666 0.0017278 0.0124259 0.0286572 0.0027695 0.457823 3.15931e-07 0.0156431 0.13407 0.275369 0.0177166 0.00612338 1.39179e-06 0.00059834 0.00980216 0.000333725 5.346e-07 0.0082824 
2.17122e-06 0.195395 3.76415e-06 0.0965203 0.0506349 2.12634e-05 0.375491 3.77286e-08 0.0495625 0.0774523 0.106035 0.000107366 0.0086493 0.00353695 3.46801e-06 0.0305224 0.00118575 3.72318e-05 0.00483813 
6.60778e-06 0.0071622 0.000477921 0.0170421 0.00772727 0.000112724 0.916938 0.00566863 0.00233893 0.0142499 0.0183688 6.10179e-05 0.000477678 2.0689e-05 0.00120753 0.00121509 1.35859e-05 1.00991e-10 0.00691156 
4.56763e-05 0.0200224 0.000101137 0.00733013 0.102901 0.000234516 0.510158 2.54825e-08 0.000137696 0.19407 0.0587252 0.000181606 0.00500167 2.16137e-08 0.01144 0.084944 0.00369873 5.6428e-05 0.000950986 
5.28504e-05 0.0220597 0.000310632 0.0630643 0.13658 0.204631 0.419386 5.60442e-08 0.031484 0.0189786 0.0296988 0.000197913 0.037741 2.68419e-07 0.00410505 0.0219121 0.00057233 2.7149e-07 0.00922593 
6.91535e-07 0.0514171 0.000449205 0.0723321 0.0201184 0.000118473 0.549577 2.81681e-05 0.103136 0.000571737 0.110492 0.00119228 0.0107395 7.13571e-05 0.000137757 0.073362 0.00356505 2.52976e-07 0.00269057 
0.00167645 0.0654296 4.35887e-05 0.0898165 0.0391038 6.4865e-07 0.386844 4.96118e-10 0.0437232 0.162288 0.182576 1.42696e-06 0.0248134 1.89095e-06 0.0003793 2.58858e-07 0.00011539 3.75331e-10 0.00318671 
2.82318e-05 0.16345 0.000946613 0.0702375 0.00583146 0.189131 0.278157 6.68497e-07 0.0390674 0.00929583 0.175922 0.00619031 0.0316922 0.00016718 0.000645849 0.0265789 0.00225135 2.35033e-07 0.000406808 
0.00047888 0.0884608 0.0133873 0.243187 0.0215123 0.000968018 0.430157 4.69357e-08 0.0763044 0.0135617 0.0484855 0.000503112 0.00893463 0.000127421 0.00291625 0.0336406 0.0103583 8.4719e-05 0.00693176 
6.55319e-07 3.99204e-06 4.35682e-06 6.99845e-07 8.99436e-07 8.49734e-10 0.601322 2.08297e-09 0.0298588 0.0232893 0.345506 9.53448e-10 3.49408e-10 1.76674e-09 2.19056e-10 2.06625e-06 4.75076e-10 1.57584e-09 1.17076e-05 
2.43106e-05 0.00983361 0.0382531 0.00123459 1.29169e-06 0.00728817 0.301619 2.12817e-09 0.00592439 0.170837 0.15579 8.39431e-07 0.0220961 4.18473e-05 0.15446 0.0478398 0.0742573 1.61004e-09 0.0104984 
8.80204e-05 0.0304353 2.62825e-10 0.150554 6.48306e-07 5.74458e-07 0.220115 4.02222e-10 1.6664e-06 0.15745 0.190579 1.84111e-10 6.74708e-11 0.19443 3.2575e-07 0.0555814 0.000764776 2.7417e-07 4.90702e-07 
2.27437e-05 0.0684056 4.77929e-05 0.110799 0.0825353 0.00201842 0.433165 3.91927e-06 0.0236108 0.0255546 0.117333 0.00107485 0.0106325 6.69165e-05 0.032818 0.0730791 0.0182638 2.88563e-07 0.000567696 
0.00439093 0.163605 0.00405407 0.187963 0.0364482 0.000270468 0.214735 4.56785e-09 0.103242 0.0869648 0.111623 8.54002e-05 0.0422286 1.89749e-07 0.0250285 0.0116795 0.000662912 3.12324e-05 0.00698708 
1.26404e-06 0.010912 0.000452671 0.0153338 0.00258776 0.00173128 0.577315 4.19441e-09 0.00151711 0.0100655 0.373609 1.07713e-05 1.31126e-05 3.55762e-09 0.000800944 0.00177102 5.91107e-05 3.17322e-09 0.00381938 
5.52238e-08 0.256188 0.000182654 0.0242045 0.0052372 1.3254e-05 0.412017 6.91717e-09 0.0082107 0.0115782 0.0574259 7.56529e-07 0.157774 0.000219457 0.00231798 0.0567843 0.00309865 5.23308e-09 0.00474749 
4.20286e-09 0.3501 1.38114e-06 0.0568921 0.00575267 9.19395e-06 0.413967 2.53955e-08 0.0144878 0.00354442 0.00275133 1.16244e-08 0.0016307 2.154e-08 2.67072e-09 0.15086 3.34696e-06 1.92126e-08 6.07371e-09 
4.80402e-05 0.11371 0.00783522 0.0183982 0.0736418 2.44732e-05 0.500434 5.70776e-06 0.0149927 0.17398 0.0229396 0.024349 0.0337057 6.65995e-05 0.000979033 0.0139991 0.000884229 2.89094e-06 3.46319e-06 
4.78371e-07 0.00025125 1.88877e-06 0.000487686 0.0195628 0.000103842 0.948852 2.89053e-06 0.00449886 0.022107 0.00257617 0.000100169 9.10571e-05 2.6903e-05 5.41716e-05 0.000181625 0.00104555 2.18679e-06 5.32396e-05 
6.60778e-06 0.0071622 0.000477921 0.0170421 0.00772727 0.000112724 0.916938 0.00566863 0.00233893 0.0142499 0.0183688 6.10179e-05 0.000477678 2.0689e-05 0.00120753 0.00121509 1.35859e-05 1.00991e-10 0.00691156 
1.09855e-06 0.0585361 0.000102395 0.0661829 0.00416288 0.000234646 0.394439 2.69036e-07 0.0745436 0.149044 0.0183552 0.000978831 0.00218431 0.109914 0.000689206 0.11948 0.000726318 4.14579e-06 0.000422127 
2.65308e-05 0.14721 7.62298e-05 0.00212391 0.0144596 0.000565718 0.500367 1.03279e-08 0.133666 0.0601919 0.117227 0.000197653 0.000941414 0.000954358 0.00324875 0.00704714 8.53302e-05 1.1179e-06 0.01161 
0.213215 0.026266 0.000722297 0.0307928 0.00341869 0.000154597 0.282215 8.29157e-11 0.0250615 0.00632908 0.0160459 0.116085 0.179837 1.10674e-07 0.000210859 0.000369099 0.000615716 2.81521e-06 0.0986586 
0.0248864 0.0375113 0.00041527 0.056025 0.0174074 0.0556594 0.22714 0.000381383 0.17799 0.0415058 0.151 0.00939664 0.157661 5.92086e-05 0.00242798 0.0324303 0.000889465 2.34592e-06 0.00721045 
9.32778e-07 0.0161838 9.15382e-05 0.0102717 0.000389754 3.67845e-06 0.55827 8.82756e-08 0.0223443 0.0474359 0.2384 0.000234424 3.17605e-05 3.38452e-06 0.0227692 9.59444e-05 1.02847e-06 8.92291e-06 0.083464 
1.71089e-10 0.0616356 0.00094725 0.0366986 0.000955781 1.08718e-07 0.592549 1.03379e-09 0.0340929 0.0134528 0.238968 1.7924e-05 0.00225563 8.76845e-10 0.0115083 0.00227881 0.00312112 7.82102e-10 0.00151798 
2.05487e-05 0.154562 0.000118613 0.066469 0.0425005 0.00219454 0.35431 2.57087e-06 0.0534675 0.228245 0.0901466 0.000517428 5.41739e-05 5.48153e-05 0.0021878 0.000671646 8.30991e-05 0.000153159 0.00424076 
0.00909497 0.0637628 0.000202277 0.0660901 0.157688 0.00143746 0.357679 8.17404e-07 0.110172 0.0123454 0.152069 0.00413629 0.0124809 4.08007e-05 0.00817452 0.0324886 0.00568937 0.000825232 0.0056226 
3.70374e-05 0.0723044 7.4927e-05 0.0232791 0.0215948 0.000474067 0.413368 2.10978e-06 0.142428 0.0607752 0.212385 0.000872535 0.0404784 0.000161376 0.00524317 0.00104289 0.00250474 8.58745e-06 0.00296478 
2.13402e-07 0.00243718 3.92239e-06 0.0188675 0.0122541 0.000846174 0.798187 5.62201e-07 0.000200866 0.0336349 0.0938676 0.00317879 0.000275859 4.48366e-07 0.00467229 0.00960241 2.68578e-07 2.09e-09 0.0219697 
0.000125533 0.0467618 0.000593293 0.00982525 0.0068939 1.69189e-05 0.551331 5.54793e-08 0.0198515 0.152485 0.175736 0.000446873 0.001473 0.000165331 0.00101042 0.000395869 0.000239684 0.000213226 0.0324357 
9.38509e-05 0.0274753 0.000610205 0.0454243 0.0455496 0.000983732 0.767944 2.09271e-07 0.0162972 0.00699311 0.0150764 0.0153404 0.0421992 6.80262e-10 0.00433674 0.0114921 0.000183669 6.0676e-10 1.67841e-07 
1.09806e-05 0.129339 5.14344e-05 0.173272 0.00398437 0.00018478 0.567703 4.1173e-08 0.0045903 0.0233783 0.0871428 3.09614e-05 0.00267817 0.00260916 0.000653225 0.000435403 0.000281021 3.72902e-05 0.0036179 
0.00010252 0.0713462 0.000844441 0.066223 0.00848671 0.0037501 0.511185 2.80467e-07 0.062147 0.144223 0.116989 0.00476724 0.0016147 0.00105995 4.1202e-05 0.0021427 0.00211867 4.62038e-06 0.00295273 
9.96477e-05 0.0400289 0.000563082 0.033093 0.0257897 0.00177574 0.439265 0.00214515 0.00892817 0.018434 0.0902481 0.000553334 0.00264989 5.47348e-05 0.303166 0.00412558 0.00559696 4.41774e-09 0.0234833 
0.000206637 0.0350559 0.0011153 0.00149325 0.000694726 7.14662e-08 0.664645 1.75186e-07 0.00469515 0.149444 0.102982 0.0267962 0.00853166 1.4859e-07 0.000942674 0.000148486 8.47544e-05 8.68065e-06 0.00315561 
0.00056757 0.136304 0.00662545 0.0545037 0.0469753 0.000260684 0.294736 8.69894e-08 0.0727739 0.14349 0.117296 0.00171036 0.0896489 0.000297381 0.00413139 0.0222106 0.00709839 0.000291007 0.00107921 
1.96534e-10 0.0170031 3.25304e-05 0.0126814 0.0013028 3.44049e-07 0.814617 1.18754e-09 0.00980054 0.00640043 0.014602 5.43579e-10 0.0453755 0.000285601 1.75245e-05 0.0467555 0.0310108 8.98417e-10 0.000114547 
0.000193115 0.019349 0.000228315 0.0778144 0.355187 0.000484385 0.400773 0.00159423 0.00730074 0.0785913 0.0189322 0.000798505 0.0154852 2.52342e-05 0.00141971 0.00729026 0.0102471 1.40632e-06 0.00428433 
6.60778e-06 0.0071622 0.000477921 0.0170421 0.00772727 0.000112724 0.916938 0.00566863 0.00233893 0.0142499 0.0183688 6.10179e-05 0.000477678 2.0689e-05 0.00120753 0.00121509 1.35859e-05 1.00991e-10 0.00691156 
1.84725e-05 0.069306 2.58405e-05 0.00290311 0.0152962 7.76419e-05 0.72236 0.000397161 0.019379 0.0271003 0.0460158 0.000111151 0.0142752 1.56745e-06 0.00026729 0.0798539 0.000194445 0.000322088 0.00209457 
2.96311e-07 0.0610478 1.16993e-06 1.30745e-07 1.71767e-07 0.0201872 0.337616 0.00398355 0.0804635 0.0582089 0.152629 0.00063413 5.25529e-05 1.51862e-06 2.15708e-05 0.0480706 4.08357e-07 2.45063e-06 0.23708 
5.26155e-07 0.0146305 2.1701e-06 0.00155506 7.89683e-07 0.0078799 0.780144 3.32236e-09 0.0551225 0.0859986 0.053141 0.000715376 0.000466147 2.81797e-09 3.49397e-10 0.000316661 5.60161e-07 2.38142e-05 2.09651e-06 
0.213215 0.026266 0.000722297 0.0307928 0.00341869 0.000154597 0.282215 8.29157e-11 0.0250615 0.00632908 0.0160459 0.116085 0.179837 1.10674e-07 0.000210859 0.000369099 0.000615716 2.81521e-06 0.0986586 
2.08261e-05 0.132401 0.000998819 0.0916436 0.0173941 6.56522e-05 0.379695 9.2688e-07 0.0267566 0.0491715 0.268296 4.62053e-06 0.000942396 7.73282e-08 0.0230986 0.00448934 0.00132824 1.10381e-10 0.00369214 
8.29627e-06 0.0463593 0.00403731 0.0443442 0.013323 0.000477495 0.393366 4.67841e-07 0.0304788 0.293711 0.140334 0.000485696 0.000899583 0.00175963 0.0169228 0.00205296 8.82837e-05 3.05967e-08 0.0113506 
5.02979e-05 0.0283348 0.000282674 0.172045 0.0166848 0.00188278 0.356717 1.3243e-07 0.0161055 0.245703 0.0735524 0.00360279 0.0224803 5.3702e-05 0.00378308 0.0413171 0.00155784 9.79702e-06 0.0158368 
6.60778e-06 0.0071622 0.000477921 0.0170421 0.00772727 0.000112724 0.916938 0.00566863 0.00233893 0.0142499 0.0183688 6.10179e-05 0.000477678 2.0689e-05 0.00120753 0.00121509 1.35859e-05 1.00991e-10 0.00691156 
0.00204695 0.0564297 1.4431e-06 0.0194431 0.0187557 0.00258937 0.397396 2.70698e-07 0.104214 0.0254464 0.204229 1.36345e-05 0.0490895 2.528e-05 0.0102592 0.0104098 0.00729478 1.83568e-07 0.0923567 
6.60778e-06 0.0071622 0.000477921 0.0170421 0.00772727 0.000112724 0.916938 0.00566863 0.00233893 0.0142499 0.0183688 6.10179e-05 0.000477678 2.0689e-05 0.00120753 0.00121509 1.35859e-05 1.00991e-10 0.00691156 
0.000528767 0.0821101 0.0092816 0.136276 7.82281e-09 0.000700418 0.261504 4.58367e-06 0.0919429 0.0911808 0.00629386 0.00386692 0.0417197 0.00700966 2.45229e-06 0.260068 0.00750652 3.05304e-06 1.06985e-06 
0.00633615 0.108699 0.0008895 0.116851 0.00545704 0.00924529 0.425074 2.2847e-08 0.0617116 0.0147602 0.0991291 0.00813898 0.035303 0.00543303 0.00918864 0.0195706 0.00269385 6.49155e-07 0.071519 
1.8399e-06 0.0174003 4.84702e-06 0.00323586 0.000480504 8.0624e-06 0.798018 2.54269e-08 0.0140003 0.0625766 0.0838814 0.000213866 0.0189387 1.68297e-09 0.000205449 1.14533e-06 5.87045e-05 2.64518e-05 0.000947748 
0.000249251 0.124888 0.131643 0.0246433 0.0259345 0.00152533 0.211902 0.00261044 0.131965 0.0508037 0.031388 0.00387999 0.081049 0.000929739 0.00283765 0.0987024 0.0742041 3.20036e-07 0.000845823 
9.29914e-10 0.0872795 0.00580476 0.0163944 0.023384 0.000116624 0.486988 0.00165058 0.0144342 0.0380082 0.239512 0.00126447 0.02152 2.22404e-05 0.00058881 0.0185828 0.00823666 6.91637e-05 0.0361435 
2.4688e-08 0.215482 1.79048e-07 0.110449 0.00140819 1.31895e-05 0.626105 7.08275e-09 0.00616989 0.000205687 0.036709 1.61477e-05 0.00109507 1.46977e-07 1.70639e-07 0.000582616 0.000112863 6.60828e-07 0.00164933 
4.65189e-05 0.000117542 4.03231e-11 0.000186525 0.000479068 9.21889e-08 0.857014 6.17096e-11 0.00685568 0.0451817 0.0829225 0.000213504 0.00160589 0.000161069 2.9952e-06 3.2742e-07 0.000115666 1.92491e-09 0.00509647 
1.71149e-05 0.0689189 0.00294368 0.0439155 0.03936 0.000485657 0.518459 0.00190079 0.0176024 0.150861 0.0868444 2.30022e-05 0.00238659 1.10669e-08 0.00123588 0.0524271 0.00540232 2.98735e-07 0.00721694 
0.0533153 0.168601 9.20226e-06 0.00759662 0.00221151 0.000102333 0.46525 3.59858e-07 0.122255 0.00947547 0.137285 0.000580738 0.0116799 1.12957e-05 3.34699e-05 0.0159769 0.00209695 0.000705833 0.00281267 
6.18328e-05 0.0174414 0.0022954 0.0330082 0.0101654 0.00415012 0.558866 0.00151305 0.0399711 0.185419 0.0843895 0.000623403 0.00156946 0.00514306 0.0440009 0.00328031 0.000171164 7.66254e-09 0.00793069 
0.000268263 0.0320207 0.000180576 0.00933428 0.00271899 0.00119101 0.802469 0.0384556 0.00128328 0.0173317 0.0626407 0.000144464 0.00014799 1.76571e-08 0.0200967 0.000486142 0.000692108 2.55729e-10 0.0105379 
0.00116261 0.217286 0.00016691 0.0788797 0.00258012 0.00167279 0.262141 3.48992e-06 0.00920356 0.00317015 0.0972107 3.99044e-05 0.248899 1.84629e-06 0.00559631 0.0426097 0.00272716 1.56144e-07 0.0266496 
0.000721601 0.197029 2.82354e-06 0.030807 0.0121629 0.000608077 0.47194 4.87881e-08 0.114572 0.029348 0.0657466 0.00578768 0.0207272 0.000219225 0.00844364 0.0395884 0.0005011 7.36035e-07 0.00179376 
0.000802338 0.13773 4.27245e-05 0.201784 0.107379 4.98505e-05 0.445968 3.50316e-08 0.0443183 0.00563932 0.0148635 0.00293071 0.0115636 2.97132e-08 2.92371e-07 0.00920823 0.00255121 7.84015e-06 0.0151599 
8.15971e-06 0.0554977 9.50412e-06 0.00868824 0.00114266 2.37627e-05 0.419558 3.10102e-07 0.00417041 0.000893484 0.366487 0.0002853 0.00252808 1.89736e-08 0.000600298 0.000777516 0.00183908 2.1787e-06 0.137489 
6.60778e-06 0.0071622 0.000477921 0.0170421 0.00772727 0.000112724 0.916938 0.00566863 0.00233893 0.0142499 0.0183688 6.10179e-05 0.000477678 2.0689e-05 0.00120753 0.00121509 1.35859e-05 1.00991e-10 0.00691156 
3.51601e-08 0.00464506 1.15711e-07 0.0205293 0.00641735 0.000429255 0.905878 2.28471e-10 0.000364034 0.00989051 0.0305702 1.04579e-10 0.00305815 1.49723e-05 0.000251064 0.012163 0.0039258 1.72846e-10 0.0018629 
0.000990291 0.0818214 0.000288074 0.0176136 0.00569113 0.00347131 0.650854 2.05607e-05 0.117843 0.0119315 0.0458027 0.00671678 0.0267672 0.000133025 0.00103937 0.0261245 0.00105564 8.43857e-06 0.00182759 
0.00147222 0.0146117 8.74173e-08 0.0027222 0.000635489 0.000199582 0.493861 5.85712e-08 0.00633758 0.00116762 0.220893 4.14819e-05 0.00395656 0.000391907 0.013316 0.236489 9.2422e-07 4.43112e-08 0.00390405 
1.08848e-05 0.096635 0.00462827 0.0110512 0.0274782 4.49481e-07 0.683071 2.18841e-07 0.0030869 0.0978052 0.0561527 0.000165737 0.0139792 1.09672e-05 0.000167382 0.000186951 0.000162818 3.6273e-09 0.00540679 
4.83235e-06 0.0142444 3.16569e-07 0.0144318 0.0103935 0.0021708 0.810398 1.93665e-07 0.00364398 0.066737 0.0732971 0.000190959 0.00153372 0.0001717 8.68371e-05 0.0026656 2.55605e-05 8.35157e-07 2.49541e-06 
1.15379e-05 0.261935 7.70775e-06 0.183428 0.010167 0.00327239 0.35307 3.91874e-05 0.0880801 0.0156963 0.0368122 0.0019541 0.0165652 1.58807e-06 0.000225068 0.0270941 0.0015902 1.45027e-06 4.91708e-05 
3.49142e-08 0.00108386 6.42712e-07 0.0143987 0.00279312 0.000484404 0.961236 9.17492e-08 0.00032763 0.00377191 0.0141536 1.48514e-07 0.00143769 5.55427e-08 0.000154951 2.35965e-07 4.39333e-08 3.26786e-11 0.000156784 
2.45583e-06 0.0117372 2.29811e-05 0.138795 0.0300359 0.000655743 0.594172 1.34975e-11 0.00101182 0.0137749 0.1255 1.76217e-06 0.0189728 0.000119386 0.00364766 0.00724927 0.000609447 1.08482e-08 0.0536918 
0.000123413 0.12118 2.66667e-07 0.0114875 0.00808656 6.53582e-05 0.500597 6.78701e-10 0.0798586 0.000412165 0.079681 0.0135093 0.158209 1.45511e-05 0.000142536 0.0112334 0.0149893 4.8909e-05 0.00036207 
0.000112562 0.207782 0.000116641 0.125835 0.0918472 0.015845 0.297974 2.76741e-05 0.0355821 0.0187086 0.0895862 0.000184958 0.0160894 0.000111729 0.000190291 0.0198923 0.0525216 4.1406e-05 0.0275513 
6.60778e-06 0.0071622 0.000477921 0.0170421 0.00772727 0.000112724 0.916938 0.00566863 0.00233893 0.0142499 0.0183688 6.10179e-05 0.000477678 2.0689e-05 0.00120753 0.00121509 1.35859e-05 1.00991e-10 0.00691156 
4.83235e-06 0.0142444 3.16569e-07 0.0144318 0.0103935 0.0021708 0.810398 1.93665e-07 0.00364398 0.066737 0.0732971 0.000190959 0.00153372 0.0001717 8.68371e-05 0.0026656 2.55605e-05 8.35157e-07 2.49541e-06 
0.000166334 0.328892 0.0100156 0.0583304 0.0149831 3.57641e-05 0.349593 2.53535e-07 0.035702 0.0285123 0.0170989 0.00663245 0.0886858 2.48837e-09 0.0124618 0.0390506 0.00969218 2.2195e-09 0.00014788 
9.38509e-05 0.0274753 0.000610205 0.0454243 0.0455496 0.000983732 0.767944 2.09271e-07 0.0162972 0.00699311 0.0150764 0.0153404 0.0421992 6.80262e-10 0.00433674 0.0114921 0.000183669 6.0676e-10 1.67841e-07 
0.000156698 0.0778794 0.000151684 0.051834 0.0305094 0.000227567 0.49472 2.75108e-08 0.0192608 0.0200062 0.222669 3.62478e-05 0.0130736 7.2222e-06 0.00069539 0.00135202 0.0110352 1.9966e-06 0.056384 
0.00200482 0.0811501 9.71104e-05 0.331214 0.00723001 0.00189907 0.374811 1.86944e-07 0.0316923 0.00286661 0.108414 0.00124531 0.0352175 5.72811e-05 0.00185675 0.00472642 0.000111859 7.60496e-07 0.0154051 
0.00702517 0.0014353 1.30203e-05 0.124186 0.0076389 0.0653714 0.580969 5.94365e-08 0.000616066 0.00399506 0.0810385 6.2584e-05 0.0060769 4.82761e-11 0.00249239 0.00745183 0.00018041 3.23991e-06 0.111444 
3.87554e-06 0.109915 0.000954275 0.0449986 0.165172 0.000617661 0.220933 1.3468e-05 0.142831 0.119456 0.0527548 3.26568e-06 0.00198669 0.000546218 0.0363876 0.0554251 0.0347851 8.63642e-08 0.0132161 
3.41711e-05 0.088084 0.000224429 0.26614 0.0545693 0.00140125 0.333413 5.56853e-05 0.0190483 0.0289716 0.129433 0.0003005 0.00909593 0.000211334 0.00958178 0.0123385 0.000919253 1.33544e-05 0.0461647 
1.49733e-05 0.157058 0.00244443 0.165764 0.00212211 7.40172e-07 0.298578 1.77968e-09 0.00617895 0.154744 0.0973294 6.2611e-05 0.000225407 1.95105e-07 0.10418 0.00500698 0.0025719 2.75811e-06 0.00371635 
2.30556e-05 0.0974926 0.00013379 0.0107628 0.023746 2.23808e-05 0.502818 7.05246e-07 0.0621125 0.0449813 0.226891 0.000213448 0.00180014 0.000493894 0.000688857 5.19925e-05 0.014865 1.33799e-05 0.012889 
5.59813e-08 0.0138907 4.48248e-06 0.00107592 5.11758e-06 7.84335e-06 0.497461 1.87356e-08 0.000515331 0.0146921 0.411825 5.20481e-07 0.000113621 1.58912e-08 1.25182e-07 0.0603904 1.14095e-05 1.41742e-08 6.48742e-06 
0.0886595 0.0407595 0.0487454 0.0426228 0.00624309 0.000150109 0.227973 2.06368e-10 0.202217 0.0570959 0.0972816 0.129645 0.0306067 2.74598e-05 0.000720586 0.00893775 0.000125663 6.94231e-06 0.0181823 
0.00010102 0.0505412 0.000849144 0.0458166 0.0518179 0.00197853 0.554916 1.52433e-06 0.0195233 0.0430354 0.138635 0.0478065 0.00309269 0.00195803 0.00843946 0.00989754 0.0123596 0.000206229 0.00902451 
1.0688e-10 0.0360781 4.21995e-10 0.00981662 0.00737811 0.00100018 0.66956 6.45812e-10 8.60609e-05 0.010229 0.237999 2.95611e-10 8.83141e-07 0.000133499 7.42673e-05 0.0209152 0.00310369 4.8858e-10 0.00362558 
0.000102617 0.0176457 0.000100076 0.0303749 0.0309223 0.0053756 0.35319 0.000728498 0.0401468 0.183524 0.179963 0.00030132 0.00466064 0.00814462 0.0040686 0.0429676 0.00841865 0.0626977 0.026668 
4.38786e-05 0.109485 0.000189702 0.029331 0.00361824 0.0017598 0.664947 1.89489e-09 0.0516479 0.0123163 0.118796 0.000427424 0.0029143 6.53371e-05 0.00052751 0.00142781 7.37324e-05 1.43355e-09 0.00242923 
9.99083e-05 0.129943 5.68e-06 0.0517395 0.00838683 5.7791e-07 0.510436 5.96825e-08 0.0342709 0.000336924 0.0166718 4.08582e-07 0.215976 3.44363e-09 0.000399903 0.0144276 0.0166659 1.70984e-08 0.000638958 
1.53373e-06 1.11318e-08 2.27579e-06 0.0448645 0.0241558 1.53168e-06 0.879074 4.9123e-07 0.0435315 0.000727682 1.27098e-06 6.60969e-07 1.89199e-06 1.10949e-06 3.94859e-07 0.00722447 0.000410476 1.27401e-08 2.64086e-07 
6.60778e-06 0.0071622 0.000477921 0.0170421 0.00772727 0.000112724 0.916938 0.00566863 0.00233893 0.0142499 0.0183688 6.10179e-05 0.000477678 2.0689e-05 0.00120753 0.00121509 1.35859e-05 1.00991e-10 0.00691156 
3.56775e-07 0.00623198 0.000998667 0.00108503 5.29423e-07 3.9791e-08 0.937319 1.21362e-09 0.000172108 0.0227299 0.0254993 0.00018519 1.72957e-05 1.02937e-09 6.4651e-06 0.000482982 0.0014892 5.03531e-07 0.00378091 
1.15311e-05 0.157145 0.00143273 0.0508093 0.0168286 0.000199084 0.489728 1.58947e-09 0.0563756 0.010465 0.106476 0.000793141 0.00782686 2.97051e-06 0.000592863 0.0972277 0.00198156 6.243e-06 0.002097 
0.00013982 0.108087 1.08318e-05 0.041959 0.0038668 0.0114841 0.764258 2.7845e-09 0.0128851 0.00476174 0.0278681 0.00224981 0.00723572 3.38386e-10 0.00435631 0.00852784 0.000900239 6.12433e-06 0.00140313 
0.000198492 0.0647186 7.25831e-05 0.01147 0.00371338 1.02213e-06 0.679537 0.0232487 0.006397 0.118765 0.0742386 0.00147102 0.00432788 1.47678e-09 8.46706e-08 0.00845183 1.09227e-06 3.17726e-07 0.0033875 
4.40661e-05 0.133367 0.00602258 0.0197781 0.0140266 1.30849e-06 0.382352 4.96272e-10 0.0278526 0.121828 0.229157 0.00119521 0.00691421 1.2283e-06 0.0184118 0.00609983 0.00517554 0.000173897 0.0275988 
7.65439e-05 0.00296522 2.884e-08 0.00160963 0.00354193 0.000196441 0.750294 6.1635e-09 0.0389392 0.126721 0.0682722 0.000173472 0.00486751 1.23662e-07 5.07284e-08 3.4947e-07 7.85125e-05 5.53231e-07 0.00226402 
1.229e-06 0.16188 1.97768e-10 0.000811737 0.00145111 6.41031e-08 0.614235 3.02659e-10 0.0507917 0.00020319 0.160113 1.81099e-06 0.00179205 5.65197e-09 0.000285212 0.000241152 0.00185751 2.28973e-10 0.00633419 
1.78119e-05 0.0684235 0.00709415 0.0280848 0.0326949 0.000469612 0.745065 0.000106892 0.0243506 0.0319839 0.0220834 0.000496849 0.0219047 1.21395e-05 0.0122026 0.00453867 0.000190396 1.92897e-10 0.000279823 
5.69482e-06 0.11635 4.98717e-05 0.0184097 0.00436101 2.04342e-05 0.697831 4.88013e-07 0.0211886 0.0251984 0.0735046 0.000136758 0.000414273 2.86186e-06 0.000171648 0.00325846 0.0303153 7.63921e-06 0.00877358 
4.29756e-07 0.0254358 4.45074e-07 0.0156562 0.000138449 6.12566e-06 0.849031 6.81133e-07 0.00449526 0.000109389 0.0366936 8.937e-06 0.0382296 5.77724e-07 6.20607e-07 0.00804453 0.0221445 5.15301e-07 2.93473e-06 
7.94637e-05 0.0601691 0.00059057 0.190177 0.0342115 2.47253e-05 0.608482 1.7746e-06 0.00315753 0.022342 0.0295269 0.00028712 0.000957438 2.64329e-06 0.0370982 0.00330562 0.00917327 1.24793e-05 0.000401395 
3.34597e-10 6.38351e-05 8.69417e-12 1.88146e-05 1.27646e-12 6.96984e-09 0.917842 1.33054e-11 7.33999e-13 1.76012e-12 0.0800736 6.09033e-12 2.23191e-12 1.12854e-11 2.4908e-09 3.33937e-09 3.03464e-12 1.0066e-11 0.00200159 
7.56971e-08 0.129513 6.64557e-07 0.0128806 0.000974462 3.36045e-06 0.7455 1.14683e-09 0.00184904 0.000114763 0.0889845 0.000108366 0.000821466 1.76446e-05 7.47398e-05 0.00337073 2.61565e-10 8.6762e-10 0.0157868 
0.00056698 0.0725858 0.00241588 0.0231919 0.0200015 0.00201517 0.378487 0.00117972 0.0504755 0.0388727 0.344119 0.00141435 0.00721337 0.00151734 0.0228324 0.0132489 0.00474777 3.11544e-05 0.0150841 
9.66071e-05 0.14185 0.000835607 0.119461 0.163726 0.000141902 0.33271 2.38408e-09 0.0121049 0.0674402 0.0648893 0.00936347 0.0580187 0.000240465 0.00548863 0.0188537 0.00124328 9.41431e-05 0.00344193 
0.0147577 0.111155 0.000634855 0.0238678 0.0165522 5.57759e-05 0.365425 1.70436e-08 0.158471 0.00533154 0.0507958 0.00495723 0.222237 1.8289e-05 0.000157813 0.0173233 0.00772119 0.000250527 0.000288128 
8.15971e-06 0.0554977 9.50412e-06 0.00868824 0.00114266 2.37627e-05 0.419558 3.10102e-07 0.00417041 0.000893484 0.366487 0.0002853 0.00252808 1.89736e-08 0.000600298 0.000777516 0.00183908 2.1787e-06 0.137489 
5.41308e-07 0.118828 0.00043931 0.0399148 0.0261925 0.000215488 0.239655 0.000166147 0.160949 0.0340159 0.0280634 0.00438273 0.128829 1.12052e-06 1.70975e-05 0.213816 0.00376897 0.000122264 0.000622286 
0.00562117 0.00147468 1.04338e-05 0.119542 0.00611125 0.0615228 0.61867 5.07871e-08 0.000492888 0.00319617 0.0793036 5.01097e-05 0.00488878 6.61467e-11 0.00199415 0.00781829 0.000144373 2.60767e-06 0.0891564 
0.000106528 0.0423559 0.000379479 3.91308e-05 4.76829e-05 0.0165283 0.626362 1.68265e-06 0.0302729 0.0832252 0.140102 0.000502075 0.0105443 0.00011304 1.76956e-07 0.0279559 0.00332681 1.27299e-06 0.0181359 
5.32903e-05 0.0719129 1.33992e-05 0.0278209 0.00168398 0.00102131 0.434249 0.000380878 0.0281443 0.275857 0.145915 7.97252e-05 0.00846679 1.7002e-08 0.000577558 0.00240416 0.000143094 1.51649e-08 0.00127623 
2.14663e-08 0.185236 0.000252478 0.0014386 0.11778 1.64339e-05 0.251719 6.29531e-11 0.0881109 0.126564 0.214549 2.49372e-05 0.000889302 5.14933e-07 0.000654616 7.84036e-06 0.000297484 4.76262e-11 0.0124585 
0.000551967 0.159872 0.0236329 0.155178 0.0501057 0.00100633 0.346086 5.23104e-06 0.0110892 0.0402516 0.138273 0.0203872 0.0218943 0.000290245 0.00603097 0.00868347 0.0012504 0.000158419 0.0152532 
0.000306832 0.0118513 0.0174907 0.10689 0.00224197 0.000192562 0.533449 5.1579e-08 0.0448405 0.0339629 0.235663 0.000236173 0.00386643 5.01952e-05 0.000166845 0.00369412 0.00403178 5.00247e-09 0.00106544 
2.35875e-06 0.174818 9.20896e-07 0.00106035 0.0255311 0.000203853 0.478813 8.53481e-06 0.0355406 0.110261 0.122613 0.0246335 2.49351e-06 6.73284e-10 0.00592768 0.0195282 6.23622e-06 5.18196e-06 0.00104478 
0.0110235 0.123636 0.000244674 0.163977 0.0864608 0.00035716 0.234061 3.33184e-08 0.0591629 0.0224318 0.166118 0.00117932 0.0464176 0.00044255 0.0453172 0.00830345 0.0136535 3.7823e-07 0.0172134 
0.213215 0.026266 0.000722297 0.0307928 0.00341869 0.000154597 0.282215 8.29157e-11 0.0250615 0.00632908 0.0160459 0.116085 0.179837 1.10674e-07 0.000210859 0.000369099 0.000615716 2.81521e-06 0.0986586 
0.00687621 0.117406 0.000616734 0.0743474 0.00247136 0.00671594 0.331722 3.35267e-06 0.279924 0.00455227 0.117305 0.00607996 0.0165613 0.000104852 0.000976041 0.0278664 0.00352138 7.99465e-05 0.00286946 
3.10289e-05 0.261897 1.12938e-05 0.0585346 0.0857774 2.20081e-05 0.281237 5.32806e-09 0.14545 0.00808391 0.0585195 0.000210064 0.0412694 0.000150125 0.00620866 0.0183558 0.000235743 6.82154e-07 0.0340061 
0.000177072 0.143131 0.00132242 0.056158 0.0163588 0.00291366 0.458242 1.11211e-07 0.00665148 0.0757718 0.110491 0.0132059 0.0893001 1.34754e-07 0.00143423 0.0211388 0.00145708 8.87244e-07 0.00224543 
6.60778e-06 0.0071622 0.000477921 0.0170421 0.00772727 0.000112724 0.916938 0.00566863 0.00233893 0.0142499 0.0183688 6.10179e-05 0.000477678 2.0689e-05 0.00120753 0.00121509 1.35859e-05 1.00991e-10 0.00691156 
0.00164551 0.157174 0.001171 0.145718 0.00178728 0.0105153 0.248166 3.78376e-06 0.138006 0.00910131 0.0687114 0.0031364 0.162486 0.000982847 0.00205787 0.0480025 0.000520181 2.4141e-07 0.000814615 
9.46479e-07 0.0670259 1.98367e-05 0.219216 0.00106405 0.00209261 0.318219 0.0567315 0.0599896 0.00625822 0.19787 0.0049844 0.00208317 2.03758e-05 9.81821e-10 0.045324 0.0190341 7.06301e-09 6.69028e-05 
4.48462e-10 0.0726881 0.00258452 0.0350722 0.0088317 2.51312e-07 0.443902 4.55007e-08 1.49361e-06 0.12159 0.291774 0.00115759 1.36836e-07 2.2984e-09 0.013674 0.00523158 6.18042e-10 3.68945e-07 0.00349228 
0.000109989 0.151785 0.000484463 0.112207 0.0405164 1.26652e-05 0.505973 1.25689e-07 0.0114522 0.0265965 0.0499901 5.07644e-05 0.00901369 1.06607e-07 6.32383e-06 0.034989 0.0190702 2.13429e-05 0.0377203 
1.91213e-06 0.0645145 7.41587e-08 0.148427 0.00302818 0.000580026 0.516545 1.73111e-10 0.0412833 5.00812e-05 0.173132 0.00109274 0.0190613 1.58985e-05 8.20124e-05 0.0308399 0.000205735 3.76774e-09 0.0011405 
7.31464e-08 0.0557441 2.84188e-07 0.00056199 0.00074926 4.80825e-06 0.822529 9.37481e-10 0.00536093 0.00177934 0.0565417 0.000207584 0.000620529 7.95154e-10 0.0472844 0.00311301 0.000255349 7.09238e-10 0.00524779 
1.77458e-07 0.177674 2.52588e-07 0.014002 0.00494121 0.000212195 0.284615 1.01539e-08 0.12076 0.130394 0.132197 0.0054604 0.000311077 2.83906e-10 0.000117138 0.0668134 0.0618343 2.80498e-05 0.000640064 
5.00888e-08 0.117676 0.00483004 0.059868 0.0328317 0.00080341 0.236396 3.02658e-07 0.0841855 0.06172 0.146527 0.000327774 0.00405918 5.18579e-06 0.000177593 0.0266491 0.223287 2.1518e-05 0.000633595 
1.7586e-07 0.168329 6.57053e-10 0.130702 0.00394633 1.89078e-07 0.494161 6.17014e-08 0.0101951 0.000585898 0.0750764 0.000234524 0.00294279 8.52881e-10 3.48595e-05 0.111169 0.000701143 4.05206e-08 0.00192266 
0.213215 0.026266 0.000722297 0.0307928 0.00341869 0.000154597 0.282215 8.29157e-11 0.0250615 0.00632908 0.0160459 0.116085 0.179837 1.10674e-07 0.000210859 0.000369099 0.000615716 2.81521e-06 0.0986586 
0.00468082 0.0819401 0.000967601 0.0501968 0.0613555 0.0023965 0.279255 2.41939e-05 0.0299685 0.233311 0.152506 0.00764706 0.0227902 5.41856e-06 0.00191254 0.0270082 0.0210233 4.65543e-05 0.0229642 
3.12647e-06 0.118664 9.06975e-05 0.181363 0.0224174 0.00289162 0.437276 3.57844e-06 0.0358869 0.00499236 0.161323 0.00352277 0.00390598 5.33152e-05 0.00290254 0.0206762 4.54721e-05 1.65788e-06 0.00397906 
0.000241912 0.0183332 0.00109067 0.197064 0.00452165 0.000770382 0.300619 1.72651e-05 0.0331546 0.297016 0.0170187 0.00265911 0.00255383 0.000807419 0.000103929 0.123494 0.000525501 8.67623e-07 7.96915e-06 
2.13579e-05 0.0224189 9.71307e-08 0.0427273 0.00413154 0.000709836 0.569183 1.25252e-08 0.0171041 0.00330218 0.294772 0.000171729 0.0178372 0.000893595 0.00053823 0.0033943 1.52407e-06 9.33178e-08 0.0227931 
1.8399e-06 0.0174003 4.84702e-06 0.00323586 0.000480504 8.0624e-06 0.798018 2.54269e-08 0.0140003 0.0625766 0.0838814 0.000213866 0.0189387 1.68297e-09 0.000205449 1.14533e-06 5.87045e-05 2.64518e-05 0.000947748 
2.70384e-06 0.0118824 8.59951e-09 0.232496 0.0220156 0.000647196 0.411917 2.21366e-11 0.00382424 0.00739785 0.22083 2.58512e-05 0.00820848 2.44253e-08 0.000943282 0.00183838 0.000947294 4.75578e-06 0.0770193 
0.000196553 0.17799 0.000147936 0.0818221 0.153206 0.000362721 0.331211 1.17895e-09 0.0350647 0.161341 0.0256306 5.39646e-10 0.00385368 3.1232e-06 0.00117304 0.0250374 0.00034437 8.91917e-10 0.00261533 
2.82515e-05 0.0597768 1.85353e-05 0.143892 0.0841645 0.109457 0.43952 1.14967e-07 0.0646744 0.0118413 0.0202409 0.000508168 0.00761759 0.000124824 6.4388e-05 0.013887 0.0438038 0.000188117 0.000192235 
0.113572 0.0206657 0.00150143 0.030009 0.0257154 0.00557191 0.639424 0.00217487 0.0577596 0.0202035 0.0310248 0.00210951 0.0209103 0.00051669 0.00451961 0.0170794 0.000282486 1.15327e-06 0.00695821 
1.00192e-05 0.184416 2.46666e-05 0.152277 0.108819 9.56189e-08 0.21144 7.22185e-10 0.0849287 0.11906 0.0852683 0.00222608 0.00125687 5.52467e-07 0.00309098 0.0387375 0.0058697 9.49183e-05 0.00248035 
4.24564e-05 0.019688 0.000222145 0.0073232 3.83517e-07 5.50122e-06 0.446739 1.45531e-05 0.0877244 0.0224576 0.128745 0.000532456 0.214263 1.52782e-08 5.94289e-06 0.0705119 4.30722e-06 8.17885e-06 0.00171206 
8.86455e-06 0.123918 1.53301e-05 0.0481533 0.0526815 0.000159149 0.467522 1.45792e-05 0.0671292 0.0121919 0.154799 0.00122303 0.0107867 0.000263777 0.0256715 0.0188854 0.0145656 8.7553e-05 0.0019234 
6.50971e-07 0.0670997 1.22727e-05 0.117894 0.00179088 0.000496924 0.573832 4.73861e-09 0.0380739 0.000128172 0.17161 0.000588188 0.00366769 1.21159e-05 0.000253213 0.0215474 0.000145042 1.67946e-07 0.00284834 
5.25469e-06 0.0203611 2.95596e-05 0.0177602 0.0488489 4.78439e-05 0.595535 8.40843e-08 0.00728647 0.180556 0.0839408 3.06318e-05 0.001178 3.17786e-05 0.000376921 0.00570454 0.0258214 7.55864e-06 0.0124786 
0.000111394 0.0888987 4.07362e-08 0.253764 0.00541274 0.000118191 0.256612 6.23522e-10 0.0792579 0.00880097 0.0796368 0.000109182 0.0073833 1.59187e-05 5.99217e-05 0.197071 0.00815512 4.71717e-10 0.0145927 
3.16136e-05 0.023635 1.66642e-05 0.0140554 0.00336217 0.000309198 0.752244 6.58276e-05 0.0150739 0.0338167 0.0893145 0.00172669 0.00879663 0.0122651 0.00638059 0.0338861 0.0013613 8.9873e-07 0.00365753 
5.8617e-06 0.04254 7.18872e-05 0.0393109 0.0284348 0.000276087 0.417102 1.57454e-06 0.0171163 0.163796 0.215704 0.00502497 0.000274825 0.000121289 0.0231571 0.00206987 4.59232e-05 8.97616e-05 0.0448573 
9.96286e-05 0.129937 5.45446e-06 0.0517347 0.0083846 4.41621e-07 0.530738 3.05976e-08 0.0342678 0.000335877 0.016668 3.12059e-07 0.206581 1.79469e-09 0.00039921 0.0144241 0.00578512 8.78326e-09 0.000638142 
9.41264e-09 0.0417769 8.85173e-11 0.0942664 0.03243 0.000557459 0.354388 1.35465e-10 0.0833122 0.000261998 0.324713 1.69528e-07 0.0318607 1.14899e-10 0.013252 0.00731815 0.00978945 1.02484e-10 0.00607325 
3.56775e-07 0.00623198 0.000998667 0.00108503 5.29423e-07 3.9791e-08 0.937319 1.21362e-09 0.000172108 0.0227299 0.0254993 0.00018519 1.72957e-05 1.02937e-09 6.4651e-06 0.000482982 0.0014892 5.03531e-07 0.00378091 
3.8174e-06 0.195896 0.000196126 0.273396 0.0236917 6.05778e-05 0.303227 7.94163e-06 0.0178012 0.0564567 0.0974507 0.000383387 0.0182116 1.12359e-05 0.00186875 0.0031039 0.00225049 1.48143e-05 0.00596792 
2.13288e-05 0.26547 0.0125285 0.183082 0.00206426 0.00126151 0.28622 7.03574e-10 0.0782992 0.0186269 0.0413406 7.53156e-05 0.0238182 0.000429224 0.02476 0.0544737 0.00475026 1.04251e-05 0.00276845 
0.00034859 0.259895 0.000157196 0.176913 0.0245902 0.00876882 0.326852 6.55263e-10 0.0234962 0.00441481 0.102896 0.00420396 0.00448483 0.000572838 0.000353272 0.0237812 0.000465851 8.24481e-07 0.0378061 
6.60778e-06 0.0071622 0.000477921 0.0170421 0.00772727 0.000112724 0.916938 0.00566863 0.00233893 0.0142499 0.0183688 6.10179e-05 0.000477678 2.0689e-05 0.00120753 0.00121509 1.35859e-05 1.00991e-10 0.00691156 
7.77345e-06 0.0421996 0.00109516 0.018306 0.00212605 4.92663e-05 0.505658 0.0145586 0.0193889 0.0355091 0.278403 0.000204025 0.000609042 1.89567e-05 0.0129904 0.00425224 2.17096e-05 3.00534e-06 0.0645986 
0.000123413 0.12118 2.66667e-07 0.0114875 0.00808656 6.53582e-05 0.500597 6.78701e-10 0.0798586 0.000412165 0.079681 0.0135093 0.158209 1.45511e-05 0.000142536 0.0112334 0.0149893 4.8909e-05 0.00036207 
