0.00625218 0.10716 0.000633887 0.249624 0.0113115 0.00980899 0.327049 8.68409e-05 0.00602124 0.029822 0.105215 0.00260554 0.0131576 0.020429 0.0373327 0.0419809 0.0279368 6.66283e-06 0.00356645 
5.02252e-08 0.0184315 1.98305e-07 2.21615e-08 0.00453028 0.0583364 0.800849 3.03482e-07 0.0163735 0.0371236 0.00937074 0.000653036 0.00584935 2.57408e-07 0.0349191 0.00146793 0.00771781 2.29595e-07 0.00437678 
4.10369e-08 0.0210787 1.62027e-07 0.000234304 0.000263323 1.01155e-07 0.74127 8.76539e-05 0.0172004 0.0290014 0.184561 8.09855e-05 0.00223092 0.00010017 2.6077e-08 0.00132908 0.000118325 1.28935e-06 0.00244152 
1.91045e-08 0.00498659 8.27104e-06 0.000354911 0.000452979 2.9124e-05 0.9617 1.15438e-07 0.000576943 0.000295024 0.023281 3.32551e-06 9.35387e-05 9.79121e-08 0.000528333 0.00349423 0.000177531 2.56266e-06 0.004015 
2.25626e-06 0.0623274 5.24468e-05 0.00437125 0.03341 0.0141451 0.309784 6.17419e-06 0.0941281 0.164127 0.194327 0.000681267 0.0761449 0.00260456 9.494e-06 0.0384412 3.67315e-05 1.93252e-07 0.00540066 
6.60778e-06 0.0071622 0.000477921 0.0170421 0.00772727 0.000112724 0.916938 0.00566863 0.00233893 0.0142499 0.0183688 6.10179e-05 0.000477678 2.0689e-05 0.00120753 0.00121509 1.35859e-05 1.00991e-10 0.00691156 
2.65549e-07 0.0186283 6.37949e-05 0.11031 0.0147789 0.0275869 0.278835 1.01352e-09 0.0124837 0.00384062 0.251679 0.00158711 0.000369219 1.2132e-06 0.0394067 0.0550898 0.00239073 0.000583 0.182366 
9.38509e-05 0.0274753 0.000610205 0.0454243 0.0455496 0.000983732 0.767944 2.09271e-07 0.0162972 0.00699311 0.0150764 0.0153404 0.0421992 6.80262e-10 0.00433674 0.0114921 0.000183669 6.0676e-10 1.67841e-07 
0.00319798 0.188683 0.0113248 0.119188 0.072064 0.00722394 0.255994 0.00150271 0.0633585 0.0391435 0.150448 0.00300504 0.0156447 0.00376754 0.0171611 0.0292775 0.011237 2.52121e-05 0.0077529 
7.45839e-08 0.0170581 1.37234e-06 0.0250356 0.0269884 0.000291522 0.810433 1.96142e-07 0.0273416 0.00435829 0.0705732 3.17192e-07 0.00445652 1.71744e-07 0.0020203 0.0107125 9.38558e-08 5.11655e-06 0.000723922 
6.60778e-06 0.0071622 0.000477921 0.0170421 0.00772727 0.000112724 0.916938 0.00566863 0.00233893 0.0142499 0.0183688 6.10179e-05 0.000477678 2.0689e-05 0.00120753 0.00121509 1.35859e-05 1.00991e-10 0.00691156 
2.23854e-05 0.0507374 7.0051e-05 0.0364579 0.0388984 1.2742e-05 0.771412 9.82266e-07 0.0335843 0.0248648 0.00543711 2.40746e-05 0.000613699 1.93347e-06 0.00028268 0.0370653 0.000421976 4.26443e-06 8.77528e-05 
8.68102e-09 2.35044e-07 2.4465e-11 4.17222e-07 3.59189e-12 1.81772e-07 0.823695 3.74407e-11 7.02455e-09 4.9529e-12 0.17619 1.71379e-11 6.28051e-12 3.17565e-11 6.49721e-08 0.000113334 8.53934e-12 2.83252e-11 6.15184e-07 
0.000184829 0.0196941 0.0161626 0.00890868 0.000968323 0.000342226 0.562455 0.000856789 0.00384504 0.0679712 0.270737 0.000187548 0.000215499 0.000200015 0.0021748 0.0261372 0.00106728 5.48081e-06 0.0178871 
2.90552e-06 0.00846161 1.3193e-05 0.00994858 4.56663e-05 7.25103e-05 0.460385 7.43547e-11 8.19092e-05 0.00123353 0.427908 5.35396e-05 2.6084e-05 5.11435e-06 0.00663726 2.49778e-05 1.874e-08 6.26674e-09 0.0851 
1.65161e-06 0.102718 0.00109369 0.0232296 0.0876073 0.000975394 0.33346 8.83026e-06 0.0253726 0.105332 0.176445 0.000533369 0.0165224 6.07357e-06 0.00182261 0.116252 0.00376583 8.52585e-05 0.00476703 
1.87063e-08 0.00136291 3.44315e-07 0.0212252 0.00122408 0.000452404 0.964815 4.9166e-08 0.000196528 0.00360332 0.00663469 7.95667e-08 0.000273968 2.95303e-08 9.29176e-05 1.2641e-07 2.35388e-08 2.9165e-11 0.000118716 
4.6195e-05 0.184971 4.76894e-05 0.0259165 0.00915393 0.000886592 0.289693 1.13337e-07 0.268761 0.0661134 0.0979869 0.000666504 0.00491062 0.000148281 0.00626739 0.0159922 0.0230559 4.47453e-08 0.00538172 
0.0199901 9.15024e-06 7.27662e-06 6.36008e-05 8.42219e-06 0.0238534 0.479559 9.43419e-06 0.0163894 0.414914 0.00918214 8.75265e-05 0.000819034 2.50307e-06 0.000958967 6.55393e-07 1.7741e-05 2.24185e-06 0.0341262 
0.000767477 0.118345 4.77332e-05 0.0374116 0.189028 0.00253303 0.212428 0.000258104 0.0573539 0.189884 0.0855293 0.00401642 0.0244031 0.000413579 0.00483971 0.046766 0.0182258 0.000208238 0.00754096 
0.00105423 0.190137 3.18851e-05 0.0986913 0.161721 0.00021981 0.276784 1.28157e-06 0.0397582 0.014227 0.11088 0.000670837 0.00681355 7.54104e-05 0.0101848 0.0609046 0.0139342 0.000257836 0.0136525 
5.08312e-05 0.0764073 0.0147778 0.00078814 0.00243809 3.25987e-05 0.727488 0.000526979 0.0246245 0.0182487 0.0676338 7.29881e-05 0.00021802 2.02574e-06 2.43471e-05 0.0566715 0.000173018 2.71594e-06 0.00981812 
0.000149543 0.0845925 0.0019157 0.00129903 0.00143483 0.00658245 0.685575 1.49784e-05 0.0633949 0.00388607 0.00858865 0.000186307 0.00053563 1.27044e-05 0.129865 0.0112298 0.000122636 0.000133923 0.000479895 
3.69051e-11 2.63214e-06 8.16143e-07 0.162978 0.105079 5.64104e-07 0.348785 2.22997e-10 8.59903e-07 0.160442 0.200108 1.02073e-10 0.00810978 6.90383e-06 1.11397e-06 5.87632e-06 5.08603e-11 1.68705e-10 0.014481 
6.60778e-06 0.0071622 0.000477921 0.0170421 0.00772727 0.000112724 0.916938 0.00566863 0.00233893 0.0142499 0.0183688 6.10179e-05 0.000477678 2.0689e-05 0.00120753 0.00121509 1.35859e-05 1.00991e-10 0.00691156 
6.30084e-07 0.018078 1.09322e-06 0.00348412 0.0145909 1.27234e-05 0.796989 2.75243e-05 0.00353147 7.19323e-05 0.133596 1.53268e-06 0.0019915 3.65456e-05 0.00174584 0.00721987 0.000895481 3.05035e-07 0.0177258 
4.65148e-05 0.0104711 4.69216e-07 0.0326187 1.16574e-06 1.65986e-07 0.876374 1.38663e-08 0.0243414 0.00433371 0.0437174 3.34605e-07 0.0027238 0.00402638 7.28004e-05 1.44825e-06 1.96552e-06 1.73115e-06 0.00126651 
5.53046e-05 0.103407 0.00236761 0.0737932 0.042358 0.000740652 0.5235 1.42727e-06 0.0314057 0.0422831 0.128901 0.000562164 0.0109647 0.00306844 0.00476636 0.0216744 0.00551326 3.88808e-06 0.00463385 
6.55319e-07 3.99204e-06 4.35682e-06 6.99845e-07 8.99436e-07 8.49734e-10 0.601322 2.08297e-09 0.0298588 0.0232893 0.345506 9.53448e-10 3.49408e-10 1.76674e-09 2.19056e-10 2.06625e-06 4.75076e-10 1.57584e-09 1.17076e-05 
2.43106e-05 0.00983361 0.0382531 0.00123459 1.29169e-06 0.00728817 0.301619 2.12817e-09 0.00592439 0.170837 0.15579 8.39431e-07 0.0220961 4.18473e-05 0.15446 0.0478398 0.0742573 1.61004e-09 0.0104984 
0.00439093 0.163605 0.00405407 0.187963 0.0364482 0.000270468 0.214735 4.56785e-09 0.103242 0.0869648 0.111623 8.54002e-05 0.0422286 1.89749e-07 0.0250285 0.0116795 0.000662912 3.12324e-05 0.00698708 
0.00254872 0.00544502 3.91361e-05 0.074951 0.00418484 0.0288568 0.720048 6.35422e-07 0.00240068 0.00475771 0.0937671 9.06702e-05 0.00629245 9.73042e-06 0.00383275 0.0116366 0.000795947 1.15556e-06 0.0403414 
4.78371e-07 0.00025125 1.88877e-06 0.000487686 0.0195628 0.000103842 0.948852 2.89053e-06 0.00449886 0.022107 0.00257617 0.000100169 9.10571e-05 2.6903e-05 5.41716e-05 0.000181625 0.00104555 2.18679e-06 5.32396e-05 
2.95505e-05 0.0764072 0.000130367 0.0124254 0.0467514 6.3475e-05 0.56289 0.000433719 0.046717 0.072035 0.0926916 0.0222916 0.00771651 5.54776e-06 0.000484744 0.0223567 0.00403226 0.0263464 0.00619164 
6.60778e-06 0.0071622 0.000477921 0.0170421 0.00772727 0.000112724 0.916938 0.00566863 0.00233893 0.0142499 0.0183688 6.10179e-05 0.000477678 2.0689e-05 0.00120753 0.00121509 1.35859e-05 1.00991e-10 0.00691156 
4.41307e-05 0.108666 2.54706e-05 0.0712304 0.0725602 0.00179601 0.370557 3.40267e-09 0.128643 0.118541 0.0934888 0.000684603 0.00677333 0.000462561 0.000981306 0.00841903 0.0088753 2.75867e-06 0.00824953 
8.58672e-05 0.25801 3.39711e-05 0.174372 0.0119902 0.000586173 0.417883 1.06852e-08 0.0297712 0.00390503 0.0435372 0.0262357 0.00469082 2.22438e-05 0.00380713 0.00135666 0.000207658 1.78632e-07 0.0235049 
1.71089e-10 0.0616356 0.00094725 0.0366986 0.000955781 1.08718e-07 0.592549 1.03379e-09 0.0340929 0.0134528 0.238968 1.7924e-05 0.00225563 8.76845e-10 0.0115083 0.00227881 0.00312112 7.82102e-10 0.00151798 
2.05487e-05 0.154562 0.000118613 0.066469 0.0425005 0.00219454 0.35431 2.57087e-06 0.0534675 0.228245 0.0901466 0.000517428 5.41739e-05 5.48153e-05 0.0021878 0.000671646 8.30991e-05 0.000153159 0.00424076 
8.15971e-06 0.0554977 9.50412e-06 0.00868824 0.00114266 2.37627e-05 0.419558 3.10102e-07 0.00417041 0.000893484 0.366487 0.0002853 0.00252808 1.89736e-08 0.000600298 0.000777516 0.00183908 2.1787e-06 0.137489 
0.000125533 0.0467618 0.000593293 0.00982525 0.0068939 1.69189e-05 0.551331 5.54793e-08 0.0198515 0.152485 0.175736 0.000446873 0.001473 0.000165331 0.00101042 0.000395869 0.000239684 0.000213226 0.0324357 
9.38509e-05 0.0274753 0.000610205 0.0454243 0.0455496 0.000983732 0.767944 2.09271e-07 0.0162972 0.00699311 0.0150764 0.0153404 0.0421992 6.80262e-10 0.00433674 0.0114921 0.000183669 6.0676e-10 1.67841e-07 
0.0132036 0.0650588 1.28068e-05 0.0720024 0.0739169 0.0265358 0.341054 8.5903e-09 0.109943 0.13307 0.0591424 0.00499496 0.0766679 4.8272e-05 0.0011774 0.00449141 0.00827285 1.41466e-05 0.0103933 
0.00475627 0.171109 0.0169751 0.164943 0.0956987 0.00264602 0.200201 0.0024354 0.0401278 0.0307726 0.176421 0.00267917 0.00692657 0.00190778 0.00915508 0.0401886 0.00348342 0.021918 0.00765561 
0.0384725 0.119944 0.000664895 0.0203054 0.0208662 0.000407042 0.305566 1.42378e-06 0.0573638 0.15229 0.201702 0.000547156 0.0110036 0.000365991 0.00183107 0.0614502 0.00533521 4.039e-05 0.001843 
0.000193115 0.019349 0.000228315 0.0778144 0.355187 0.000484385 0.400773 0.00159423 0.00730074 0.0785913 0.0189322 0.000798505 0.0154852 2.52342e-05 0.00141971 0.00729026 0.0102471 1.40632e-06 0.00428433 
5.53857e-05 0.287271 0.000103484 0.00312752 0.111817 7.72081e-07 0.451192 3.57338e-08 0.0391953 0.00730839 0.0740781 0.000838424 0.0106803 7.90867e-06 0.00959075 0.00203204 0.000305684 0.000437019 0.00195876 
3.03728e-08 0.0471242 2.20628e-07 0.0860486 0.0169795 1.58329e-10 0.644592 3.88115e-10 0.0166323 0.0617829 0.0709711 0.000635403 0.00898293 3.7572e-07 0.000131504 0.0238695 0.0206498 2.93623e-10 0.00159944 
2.96311e-07 0.0610478 1.16993e-06 1.30745e-07 1.71767e-07 0.0201872 0.337616 0.00398355 0.0804635 0.0582089 0.152629 0.00063413 5.25529e-05 1.51862e-06 2.15708e-05 0.0480706 4.08357e-07 2.45063e-06 0.23708 
2.08261e-05 0.132401 0.000998819 0.0916436 0.0173941 6.56522e-05 0.379695 9.2688e-07 0.0267566 0.0491715 0.268296 4.62053e-06 0.000942396 7.73282e-08 0.0230986 0.00448934 0.00132824 1.10381e-10 0.00369214 
0.000110882 0.169073 0.00258178 0.0509618 0.127316 0.000624588 0.408025 5.49844e-06 0.0712439 0.0308705 0.0510196 0.00106067 0.0147307 0.000307957 0.0010966 0.0576948 0.00360589 0.000941729 0.00872877 
1.37296e-05 0.0322173 3.79648e-05 0.0538032 0.068356 0.00126598 0.681847 7.17505e-07 0.00479255 0.0339946 0.0880459 0.000101012 0.0110027 6.98474e-07 0.000197608 0.00405129 0.00760091 4.96012e-05 0.0126215 
9.50543e-06 0.0764938 0.0019947 0.06992 0.032767 0.000726616 0.403325 1.81885e-05 0.028168 0.0410109 0.276178 0.00276297 0.00452825 0.00142559 0.0378976 0.00878821 0.0029764 0.000278713 0.0107307 
1.98429e-05 0.186374 7.42916e-06 0.0845561 0.00435224 0.0805162 0.387317 7.02462e-07 0.0217441 0.0353241 0.124471 0.0129798 0.0188893 0.000132114 0.000646435 0.0274757 0.00225265 2.44106e-07 0.012941 
0.00204695 0.0564297 1.4431e-06 0.0194431 0.0187557 0.00258937 0.397396 2.70698e-07 0.104214 0.0254464 0.204229 1.36345e-05 0.0490895 2.528e-05 0.0102592 0.0104098 0.00729478 1.83568e-07 0.0923567 
0.000147138 0.102955 0.000155392 0.0433375 0.0087574 0.00130692 0.462873 1.51497e-05 0.0935775 0.158538 0.0692162 0.000230243 0.00280214 6.94671e-05 0.0015592 0.00199135 0.00282175 4.9958e-05 0.0495968 
0.000442084 0.0137062 0.000114428 0.00253327 0.000451326 0.00902403 0.3878 1.67211e-05 0.0528219 0.364849 0.132283 0.0114987 0.00275391 0.000102087 3.28431e-05 0.0113405 0.000149878 1.38489e-06 0.0100781 
0.000528767 0.0821101 0.0092816 0.136276 7.82281e-09 0.000700418 0.261504 4.58367e-06 0.0919429 0.0911808 0.00629386 0.00386692 0.0417197 0.00700966 2.45229e-06 0.260068 0.00750652 3.05304e-06 1.06985e-06 
0.000124771 0.00156755 2.08139e-10 0.00500987 0.0027866 3.73501e-08 0.706242 3.18531e-10 0.0263366 0.22274 0.0223173 0.00312664 0.0026559 2.70172e-10 0.000284941 2.1929e-07 0.00333218 2.4098e-10 0.00347554 
2.4688e-08 0.215482 1.79048e-07 0.110449 0.00140819 1.31895e-05 0.626105 7.08275e-09 0.00616989 0.000205687 0.036709 1.61477e-05 0.00109507 1.46977e-07 1.70639e-07 0.000582616 0.000112863 6.60828e-07 0.00164933 
0.000239177 0.0100675 0.0907448 0.0193523 0.122017 0.0053256 0.260492 6.39669e-07 0.0616767 0.194707 0.0825731 0.0765417 0.00463584 0.00345214 0.0194506 0.0446133 0.00345588 4.83932e-07 0.000655402 
0.000434655 0.0530662 0.000180685 0.0212744 0.00454122 0.00119115 0.788072 0.038458 0.00121565 0.0161927 0.0423196 0.000144528 0.00032446 3.57991e-10 0.0200976 0.000456928 0.000635404 3.1931e-10 0.0113951 
6.60778e-06 0.0071622 0.000477921 0.0170421 0.00772727 0.000112724 0.916938 0.00566863 0.00233893 0.0142499 0.0183688 6.10179e-05 0.000477678 2.0689e-05 0.00120753 0.00121509 1.35859e-05 1.00991e-10 0.00691156 
0.0533153 0.168601 9.20226e-06 0.00759662 0.00221151 0.000102333 0.46525 3.59858e-07 0.122255 0.00947547 0.137285 0.000580738 0.0116799 1.12957e-05 3.34699e-05 0.0159769 0.00209695 0.000705833 0.00281267 
0.000320622 0.000320702 0.000320307 0.064457 0.000320667 0.000320467 0.769773 0.000320084 0.000320693 0.160642 0.000320697 0.000320435 0.000320621 0.000320182 0.000320661 0.00032065 0.000320582 0.000320241 0.000320574 
8.67081e-07 0.122128 5.02672e-07 0.0500491 0.00201182 1.41074e-08 0.51002 4.37693e-11 0.001309 0.00247912 0.290662 2.02285e-05 0.00101687 5.61142e-08 0.00363808 1.73286e-05 4.78777e-08 1.22551e-08 0.0166464 
0.000802338 0.13773 4.27245e-05 0.201784 0.107379 4.98505e-05 0.445968 3.50316e-08 0.0443183 0.00563932 0.0148635 0.00293071 0.0115636 2.97132e-08 2.92371e-07 0.00920823 0.00255121 7.84015e-06 0.0151599 
8.15971e-06 0.0554977 9.50412e-06 0.00868824 0.00114266 2.37627e-05 0.419558 3.10102e-07 0.00417041 0.000893484 0.366487 0.0002853 0.00252808 1.89736e-08 0.000600298 0.000777516 0.00183908 2.1787e-06 0.137489 
0.000990291 0.0818214 0.000288074 0.0176136 0.00569113 0.00347131 0.650854 2.05607e-05 0.117843 0.0119315 0.0458027 0.00671678 0.0267672 0.000133025 0.00103937 0.0261245 0.00105564 8.43857e-06 0.00182759 
6.60778e-06 0.0071622 0.000477921 0.0170421 0.00772727 0.000112724 0.916938 0.00566863 0.00233893 0.0142499 0.0183688 6.10179e-05 0.000477678 2.0689e-05 0.00120753 0.00121509 1.35859e-05 1.00991e-10 0.00691156 
1.08848e-05 0.096635 0.00462827 0.0110512 0.0274782 4.49481e-07 0.683071 2.18841e-07 0.0030869 0.0978052 0.0561527 0.000165737 0.0139792 1.09672e-05 0.000167382 0.000186951 0.000162818 3.6273e-09 0.00540679 
6.60778e-06 0.0071622 0.000477921 0.0170421 0.00772727 0.000112724 0.916938 0.00566863 0.00233893 0.0142499 0.0183688 6.10179e-05 0.000477678 2.0689e-05 0.00120753 0.00121509 1.35859e-05 1.00991e-10 0.00691156 
1.15379e-05 0.261935 7.70775e-06 0.183428 0.010167 0.00327239 0.35307 3.91874e-05 0.0880801 0.0156963 0.0368122 0.0019541 0.0165652 1.58807e-06 0.000225068 0.0270941 0.0015902 1.45027e-06 4.91708e-05 
7.8926e-05 0.00530225 0.000855626 0.00456244 0.00180127 0.000817477 0.469638 1.47937e-06 0.0251531 0.141258 0.302392 0.0314504 8.73422e-10 0.000266693 0.00540332 0.0026971 0.00245161 3.93916e-09 0.00586948 
0.00029409 0.155044 7.97723e-05 0.132455 0.0052526 0.00314446 0.278732 5.85332e-09 0.111003 0.0429589 0.17286 0.0383138 0.000559819 0.00331897 0.0356807 0.00737365 0.000562734 1.3278e-05 0.012353 
4.91022e-06 0.00562623 0.000206286 0.0173597 0.00870472 0.00105109 0.618735 3.42009e-08 0.00547652 0.0109349 0.161981 6.84991e-05 0.00216095 7.38901e-12 0.057644 0.00167615 0.000207774 6.59063e-12 0.108163 
2.05022e-05 0.109092 0.000386354 0.0740139 0.182885 0.00526676 0.437424 3.59131e-09 0.0426325 0.0119996 0.0645581 0.000746612 0.00395515 0.00014928 0.00244462 0.0494372 0.0089096 1.3187e-05 0.00606609 
6.60778e-06 0.0071622 0.000477921 0.0170421 0.00772727 0.000112724 0.916938 0.00566863 0.00233893 0.0142499 0.0183688 6.10179e-05 0.000477678 2.0689e-05 0.00120753 0.00121509 1.35859e-05 1.00991e-10 0.00691156 
0.000166334 0.328892 0.0100156 0.0583304 0.0149831 3.57641e-05 0.349593 2.53535e-07 0.035702 0.0285123 0.0170989 0.00663245 0.0886858 2.48837e-09 0.0124618 0.0390506 0.00969218 2.2195e-09 0.00014788 
9.38509e-05 0.0274753 0.000610205 0.0454243 0.0455496 0.000983732 0.767944 2.09271e-07 0.0162972 0.00699311 0.0150764 0.0153404 0.0421992 6.80262e-10 0.00433674 0.0114921 0.000183669 6.0676e-10 1.67841e-07 
0.000156698 0.0778794 0.000151684 0.051834 0.0305094 0.000227567 0.49472 2.75108e-08 0.0192608 0.0200062 0.222669 3.62478e-05 0.0130736 7.2222e-06 0.00069539 0.00135202 0.0110352 1.9966e-06 0.056384 
4.93872e-09 0.100665 1.02337e-05 1.7848e-05 1.52608e-05 0.000384546 0.412058 2.48903e-05 0.0404591 0.200613 0.211214 7.57164e-05 0.0183739 2.53113e-08 0.000574709 0.0104915 0.00500168 2.25764e-08 2.09362e-05 
3.87554e-06 0.109915 0.000954275 0.0449986 0.165172 0.000617661 0.220933 1.3468e-05 0.142831 0.119456 0.0527548 3.26568e-06 0.00198669 0.000546218 0.0363876 0.0554251 0.0347851 8.63642e-08 0.0132161 
1.49733e-05 0.157058 0.00244443 0.165764 0.00212211 7.40172e-07 0.298578 1.77968e-09 0.00617895 0.154744 0.0973294 6.2611e-05 0.000225407 1.95105e-07 0.10418 0.00500698 0.0025719 2.75811e-06 0.00371635 
7.62589e-07 0.000107268 8.35936e-12 0.000541912 2.19907e-05 5.7403e-09 0.755959 1.2793e-11 4.83035e-09 4.3499e-08 0.195491 9.47259e-08 2.91235e-08 1.08508e-11 3.96724e-05 3.80913e-05 2.91778e-12 9.67834e-12 0.0478009 
8.83878e-07 0.0867482 0.000878963 0.0259928 0.0115502 0.000435127 0.367481 0.000180525 0.199748 0.0281205 0.0148604 0.00530243 0.0924777 2.36253e-08 3.54682e-06 0.164125 0.00186084 3.42131e-05 0.000200063 
2.1484e-06 0.00281102 5.88451e-07 0.014823 0.000632493 0.000113393 0.933345 8.44456e-08 5.51874e-05 0.0103582 0.0306191 1.36125e-07 0.000169579 0.00651302 0.000361217 0.000154186 1.49533e-05 2.55917e-07 2.62848e-05 
5.59813e-08 0.0138907 4.48248e-06 0.00107592 5.11758e-06 7.84335e-06 0.497461 1.87356e-08 0.000515331 0.0146921 0.411825 5.20481e-07 0.000113621 1.58912e-08 1.25182e-07 0.0603904 1.14095e-05 1.41742e-08 6.48742e-06 
0.0886595 0.0407595 0.0487454 0.0426228 0.00624309 0.000150109 0.227973 2.06368e-10 0.202217 0.0570959 0.0972816 0.129645 0.0306067 2.74598e-05 0.000720586 0.00893775 0.000125663 6.94231e-06 0.0181823 
0.00111401 0.0819222 0.00281695 0.0634229 0.0643186 0.000936739 0.22884 0.0031765 0.0244239 0.111676 0.228437 0.0216202 0.0059861 0.00281977 0.0423308 0.0456374 0.00607204 1.87524e-05 0.0644307 
1.77621e-05 0.0681054 4.29514e-05 0.0497346 0.00861429 0.000590696 0.665342 8.90939e-09 0.0224605 0.015694 0.138484 0.00173925 0.0056922 0.00094143 0.000744298 0.00439987 5.62791e-07 3.44814e-08 0.0173959 
4.38786e-05 0.109485 0.000189702 0.029331 0.00361824 0.0017598 0.664947 1.89489e-09 0.0516479 0.0123163 0.118796 0.000427424 0.0029143 6.53371e-05 0.00052751 0.00142781 7.37324e-05 1.43355e-09 0.00242923 
5.03886e-06 0.20951 2.06844e-06 0.0732019 0.00598948 0.000884859 0.42919 9.84509e-09 0.147161 0.00172195 0.0662881 0.000368694 0.0142004 1.36337e-05 0.0343146 0.00592238 0.00286508 1.03054e-08 0.00836036 
9.99083e-05 0.129943 5.68e-06 0.0517395 0.00838683 5.7791e-07 0.510436 5.96825e-08 0.0342709 0.000336924 0.0166718 4.08582e-07 0.215976 3.44363e-09 0.000399903 0.0144276 0.0166659 1.70984e-08 0.000638958 
1.53373e-06 1.11318e-08 2.27579e-06 0.0448645 0.0241558 1.53168e-06 0.879074 4.9123e-07 0.0435315 0.000727682 1.27098e-06 6.60969e-07 1.89199e-06 1.10949e-06 3.94859e-07 0.00722447 0.000410476 1.27401e-08 2.64086e-07 
1.15311e-05 0.157145 0.00143273 0.0508093 0.0168286 0.000199084 0.489728 1.58947e-09 0.0563756 0.010465 0.106476 0.000793141 0.00782686 2.97051e-06 0.000592863 0.0972277 0.00198156 6.243e-06 0.002097 
1.6648e-08 0.00304664 0.000245384 0.025695 0.00567776 0.00174015 0.878461 4.39042e-08 0.000457563 0.0136282 0.0692155 7.07476e-08 0.000763167 5.19092e-06 3.41257e-05 0.000621667 9.25583e-05 2.23838e-10 0.000316084 
7.65439e-05 0.00296522 2.884e-08 0.00160963 0.00354193 0.000196441 0.750294 6.1635e-09 0.0389392 0.126721 0.0682722 0.000173472 0.00486751 1.23662e-07 5.07284e-08 3.4947e-07 7.85125e-05 5.53231e-07 0.00226402 
3.2731e-05 0.126169 0.000951339 0.155784 0.241314 0.000599267 0.304889 5.30826e-05 0.0788356 0.0186636 0.0407361 0.000190229 0.00520084 0.00554841 0.00535638 0.0136089 0.000281888 3.9616e-05 0.00174588 
4.29756e-07 0.0254358 4.45074e-07 0.0156562 0.000138449 6.12566e-06 0.849031 6.81133e-07 0.00449526 0.000109389 0.0366936 8.937e-06 0.0382296 5.77724e-07 6.20607e-07 0.00804453 0.0221445 5.15301e-07 2.93473e-06 
7.94637e-05 0.0601691 0.00059057 0.190177 0.0342115 2.47253e-05 0.608482 1.7746e-06 0.00315753 0.022342 0.0295269 0.00028712 0.000957438 2.64329e-06 0.0370982 0.00330562 0.00917327 1.24793e-05 0.000401395 
6.60778e-06 0.0071622 0.000477921 0.0170421 0.00772727 0.000112724 0.916938 0.00566863 0.00233893 0.0142499 0.0183688 6.10179e-05 0.000477678 2.0689e-05 0.00120753 0.00121509 1.35859e-05 1.00991e-10 0.00691156 
8.15971e-06 0.0554977 9.50412e-06 0.00868824 0.00114266 2.37627e-05 0.419558 3.10102e-07 0.00417041 0.000893484 0.366487 0.0002853 0.00252808 1.89736e-08 0.000600298 0.000777516 0.00183908 2.1787e-06 0.137489 
3.61688e-07 0.166927 2.90957e-07 0.149186 0.00183935 1.12191e-08 0.498622 7.58119e-11 0.00104181 0.00124351 0.168837 4.88682e-05 0.0023081 6.23228e-08 0.00123038 0.000271635 1.41158e-05 7.13088e-09 0.00843029 
5.41308e-07 0.118828 0.00043931 0.0399148 0.0261925 0.000215488 0.239655 0.000166147 0.160949 0.0340159 0.0280634 0.00438273 0.128829 1.12052e-06 1.70975e-05 0.213816 0.00376897 0.000122264 0.000622286 
0.00294826 0.180969 1.21753e-07 0.0456978 4.01899e-06 0.000126727 0.726671 0.000585703 0.00517398 0.0140535 0.00488953 8.40533e-06 0.00169773 1.58041e-07 6.65267e-06 0.0161099 0.00025599 5.72382e-06 0.000795461 
0.00562117 0.00147468 1.04338e-05 0.119542 0.00611125 0.0615228 0.61867 5.07871e-08 0.000492888 0.00319617 0.0793036 5.01097e-05 0.00488878 6.61467e-11 0.00199415 0.00781829 0.000144373 2.60767e-06 0.0891564 
8.40149e-06 0.00481576 0.00123552 0.00308696 0.0103099 0.000990128 0.483739 0.0347485 0.00990605 0.0197968 0.411063 0.000338824 0.00107827 0.00525105 0.00184063 0.004483 0.000138191 3.83962e-07 0.00716983 
0.000106528 0.0423559 0.000379479 3.91308e-05 4.76829e-05 0.0165283 0.626362 1.68265e-06 0.0302729 0.0832252 0.140102 0.000502075 0.0105443 0.00011304 1.76956e-07 0.0279559 0.00332681 1.27299e-06 0.0181359 
0.000434655 0.0530662 0.000180685 0.0212744 0.00454122 0.00119115 0.788072 0.038458 0.00121565 0.0161927 0.0423196 0.000144528 0.00032446 3.57991e-10 0.0200976 0.000456928 0.000635404 3.1931e-10 0.0113951 
9.45695e-06 0.0051884 2.36248e-05 0.00634081 0.0053408 3.01563e-05 0.485068 2.3771e-11 0.000130838 0.00599867 0.380771 0.000697879 0.00132784 1.70089e-05 0.0257283 4.67095e-05 3.45456e-09 1.16207e-09 0.0832806 
0.213215 0.026266 0.000722297 0.0307928 0.00341869 0.000154597 0.282215 8.29157e-11 0.0250615 0.00632908 0.0160459 0.116085 0.179837 1.10674e-07 0.000210859 0.000369099 0.000615716 2.81521e-06 0.0986586 
0.00687621 0.117406 0.000616734 0.0743474 0.00247136 0.00671594 0.331722 3.35267e-06 0.279924 0.00455227 0.117305 0.00607996 0.0165613 0.000104852 0.000976041 0.0278664 0.00352138 7.99465e-05 0.00286946 
4.58211e-07 0.0508854 2.11882e-10 0.00427854 0.000742596 0.000426053 0.714358 0.000190433 0.0477165 0.0396577 0.11006 2.72354e-05 0.00174043 1.37315e-05 0.00121034 0.0257571 0.00273987 8.96992e-08 0.000195071 
2.59616e-06 0.0180792 0.000118553 0.00571582 0.000968374 0.00011382 0.553913 3.22891e-05 0.0229454 0.00203128 0.308018 0.000863558 0.00227557 0.00010038 0.000506017 0.00396557 0.0010222 6.75059e-06 0.0793212 
2.16556e-05 0.0908127 0.00652955 0.0366012 0.0439994 0.00165047 0.556066 0.00471297 0.0376684 0.106003 0.100108 0.000771324 0.00276555 0.000180455 0.00335954 0.00233846 0.00348575 1.47114e-05 0.00291084 
7.31464e-08 0.0557441 2.84188e-07 0.00056199 0.00074926 4.80825e-06 0.822529 9.37481e-10 0.00536093 0.00177934 0.0565417 0.000207584 0.000620529 7.95154e-10 0.0472844 0.00311301 0.000255349 7.09238e-10 0.00524779 
7.31464e-08 0.0557441 2.84188e-07 0.00056199 0.00074926 4.80825e-06 0.822529 9.37481e-10 0.00536093 0.00177934 0.0565417 0.000207584 0.000620529 7.95154e-10 0.0472844 0.00311301 0.000255349 7.09238e-10 0.00524779 
3.12647e-06 0.118664 9.06975e-05 0.181363 0.0224174 0.00289162 0.437276 3.57844e-06 0.0358869 0.00499236 0.161323 0.00352277 0.00390598 5.33152e-05 0.00290254 0.0206762 4.54721e-05 1.65788e-06 0.00397906 
0.000241912 0.0183332 0.00109067 0.197064 0.00452165 0.000770382 0.300619 1.72651e-05 0.0331546 0.297016 0.0170187 0.00265911 0.00255383 0.000807419 0.000103929 0.123494 0.000525501 8.67623e-07 7.96915e-06 
2.13579e-05 0.0224189 9.71307e-08 0.0427273 0.00413154 0.000709836 0.569183 1.25252e-08 0.0171041 0.00330218 0.294772 0.000171729 0.0178372 0.000893595 0.00053823 0.0033943 1.52407e-06 9.33178e-08 0.0227931 
0.000152592 0.0387826 8.42437e-08 0.0274233 0.0278214 6.85368e-05 0.432982 2.04377e-08 0.0273448 0.218708 0.109225 0.000680977 0.00433852 7.38037e-06 0.000537641 0.00868589 0.0951162 3.14372e-05 0.00809412 
2.82515e-05 0.0597768 1.85353e-05 0.143892 0.0841645 0.109457 0.43952 1.14967e-07 0.0646744 0.0118413 0.0202409 0.000508168 0.00761759 0.000124824 6.4388e-05 0.013887 0.0438038 0.000188117 0.000192235 
0.000291637 0.237693 0.00272524 0.05656 0.0179163 0.00266733 0.41427 1.11426e-05 0.123245 0.0190713 0.0908372 0.00212363 0.012098 0.000692908 0.00676611 0.00975694 0.00138497 3.11955e-07 0.00188831 
1.00192e-05 0.184416 2.46666e-05 0.152277 0.108819 9.56189e-08 0.21144 7.22185e-10 0.0849287 0.11906 0.0852683 0.00222608 0.00125687 5.52467e-07 0.00309098 0.0387375 0.0058697 9.49183e-05 0.00248035 
4.24564e-05 0.019688 0.000222145 0.0073232 3.83517e-07 5.50122e-06 0.446739 1.45531e-05 0.0877244 0.0224576 0.128745 0.000532456 0.214263 1.52782e-08 5.94289e-06 0.0705119 4.30722e-06 8.17885e-06 0.00171206 
6.50971e-07 0.0670997 1.22727e-05 0.117894 0.00179088 0.000496924 0.573832 4.73861e-09 0.0380739 0.000128172 0.17161 0.000588188 0.00366769 1.21159e-05 0.000253213 0.0215474 0.000145042 1.67946e-07 0.00284834 
5.25469e-06 0.0203611 2.95596e-05 0.0177602 0.0488489 4.78439e-05 0.595535 8.40843e-08 0.00728647 0.180556 0.0839408 3.06318e-05 0.001178 3.17786e-05 0.000376921 0.00570454 0.0258214 7.55864e-06 0.0124786 
0.000692954 0.00764976 7.01184e-05 0.0886749 1.04856e-05 0.00160076 0.795702 8.781e-06 0.0444294 0.0293736 0.0217716 0.00516166 0.00191194 0.000986675 3.75351e-05 0.000314867 0.00128878 7.48133e-06 0.000306407 
5.8617e-06 0.04254 7.18872e-05 0.0393109 0.0284348 0.000276087 0.417102 1.57454e-06 0.0171163 0.163796 0.215704 0.00502497 0.000274825 0.000121289 0.0231571 0.00206987 4.59232e-05 8.97616e-05 0.0448573 
0.000339821 0.0735741 0.00136392 0.0259156 0.0185169 0.00244511 0.30971 2.37762e-06 0.027836 0.0147583 0.227234 0.00104732 0.00930123 0.000714746 0.254071 0.00881314 0.00304336 0.000521768 0.0207914 
8.78559e-06 0.0904072 1.7336e-05 0.0550715 0.0214689 0.000603146 0.451132 1.85313e-06 0.123721 0.0583967 0.101632 0.0189288 0.0308144 2.57386e-07 0.00222499 0.0419215 0.0007611 6.34953e-09 0.00288854 
7.54503e-06 0.36488 0.00190646 0.0090374 0.00194954 0.00128123 0.461035 1.58983e-08 0.00441827 0.00262657 0.105544 2.38147e-06 0.000163693 2.74979e-09 0.00410574 5.96699e-05 5.7421e-05 1.14518e-05 0.0429139 
3.56775e-07 0.00623198 0.000998667 0.00108503 5.29423e-07 3.9791e-08 0.937319 1.21362e-09 0.000172108 0.0227299 0.0254993 0.00018519 1.72957e-05 1.02937e-09 6.4651e-06 0.000482982 0.0014892 5.03531e-07 0.00378091 
0.00100975 0.00740566 8.43973e-05 0.00335203 0.0013322 0.0227847 0.748813 8.71103e-11 0.0108705 0.00518329 0.108354 0.0119032 0.00053622 0.00177862 1.75762e-05 0.0109174 0.000541117 1.66347e-07 0.0651161 
0.00236334 0.147305 0.000266971 0.147984 0.113171 0.000408665 0.174771 3.96486e-07 0.0514595 0.144071 0.0702077 0.0190676 0.0215017 0.0018246 0.00955391 0.0733092 0.00925713 9.75253e-05 0.0133802 
0.000953876 0.0378185 3.12753e-06 0.0209644 0.00990253 0.000125526 0.665172 2.45537e-08 0.182067 0.0193939 0.00950503 0.000220108 0.0258504 7.86349e-05 6.45074e-05 0.0230575 0.000436101 0.00152498 0.00286252 
4.36944e-05 0.145142 8.32882e-05 0.0137291 0.00956954 0.0027933 0.555655 1.7642e-09 0.09154 0.0214714 0.122754 0.00692358 0.00139938 1.97429e-05 0.00643463 0.00438077 0.0158898 7.51715e-06 0.00216377 
0.000123413 0.12118 2.66667e-07 0.0114875 0.00808656 6.53582e-05 0.500597 6.78701e-10 0.0798586 0.000412165 0.079681 0.0135093 0.158209 1.45511e-05 0.000142536 0.0112334 0.0149893 4.8909e-05 0.00036207 
0.00933705 0.218912 0.00132551 0.0666084 0.0275671 0.0016614 0.309306 2.19629e-08 0.0465835 0.0227643 0.115329 0.00121382 0.138374 8.18247e-05 0.00488256 0.0123786 0.00425959 1.4333e-05 0.0194005 
6.18667e-05 0.0828849 0.000794943 0.0312601 0.0102017 0.000813801 0.508328 1.47546e-06 0.115753 0.0297751 0.0285088 0.00759675 0.100582 0.000436706 0.000189979 0.0726213 0.00638157 4.65999e-07 0.00380756 
1.83458e-05 0.174797 0.000247503 0.0381781 0.0723388 0.00120126 0.52274 4.46567e-06 0.09115 0.0350049 0.0333637 0.00453741 0.00805414 1.56038e-05 0.0055191 0.00242308 0.00993214 1.62389e-05 0.000458236 
0.000153159 0.127906 0.00259325 0.166678 0.0901399 0.0054207 0.171851 6.10826e-06 0.0441319 0.117367 0.107275 0.000486257 0.0201697 0.000275832 0.0081622 0.111585 0.024275 0.000145309 0.00137904 
0.00339365 0.0683427 0.000275535 0.0488633 0.0177351 0.00736305 0.372076 4.82973e-05 0.0330549 0.0397005 0.324969 0.01938 0.0146269 0.00208171 0.0123137 0.0216416 0.00655072 2.22641e-06 0.00758137 
7.07806e-05 0.0648162 3.2649e-05 0.0257659 0.00214582 0.0102641 0.688145 5.52008e-10 0.0588373 0.0095182 0.0989284 0.000348406 0.013132 2.00075e-05 0.0110405 0.00535867 0.0106516 1.72314e-07 0.000924683 
7.18062e-07 0.00257361 2.68741e-07 0.000166648 3.59929e-07 3.88009e-05 0.777681 2.8753e-08 0.00260246 0.0114552 0.18832 0.0121093 0.00036017 6.85364e-07 0.000566459 2.92089e-05 0.000960094 2.55837e-07 0.00313463 
2.18228e-08 0.0601443 0.000785112 0.08509 0.00900385 0.0110544 0.456726 3.70202e-11 0.0213271 0.00163348 0.329105 0.00100403 0.00551209 0.000749032 0.00114241 0.00668798 5.14683e-08 4.40478e-09 0.0100356 
3.38967e-09 0.132953 1.33835e-08 2.52783e-05 1.96494e-09 0.000135366 0.387669 2.04819e-08 5.05072e-05 0.137326 0.341715 9.37526e-09 3.43573e-09 5.73458e-05 1.50994e-06 6.27032e-05 4.71814e-07 1.54953e-08 4.41359e-06 
0.00702517 0.0014353 1.30203e-05 0.124186 0.0076389 0.0653714 0.580969 5.94365e-08 0.000616066 0.00399506 0.0810385 6.2584e-05 0.0060769 4.82761e-11 0.00249239 0.00745183 0.00018041 3.23991e-06 0.111444 
2.29044e-05 0.157997 0.00180916 0.100881 0.0536904 0.000162025 0.24318 8.97429e-05 0.00803839 0.0277229 0.197123 0.000437706 0.0228119 5.70392e-08 0.0105676 0.0592903 0.00139241 2.64288e-05 0.114758 
6.60778e-06 0.0071622 0.000477921 0.0170421 0.00772727 0.000112724 0.916938 0.00566863 0.00233893 0.0142499 0.0183688 6.10179e-05 0.000477678 2.0689e-05 0.00120753 0.00121509 1.35859e-05 1.00991e-10 0.00691156 
2.07698e-06 0.00233917 9.00637e-05 0.00142415 8.21231e-05 6.15465e-05 0.538299 5.49905e-09 0.000624173 0.0666837 0.290908 0.00184507 2.03826e-05 2.2405e-05 0.0134279 2.73802e-05 0.000469247 1.56158e-07 0.0836733 
3.82845e-07 0.040347 0.00070784 0.0100718 0.00111548 0.00231361 0.544334 1.98297e-09 0.011237 0.0195108 0.359039 2.48195e-06 6.26174e-09 1.8789e-06 0.000425857 0.00383023 0.00145907 1.68512e-08 0.00560408 
0.000112402 0.0989536 2.82221e-07 0.0188229 0.00346526 0.0044343 0.545389 3.06489e-06 0.11043 0.0965637 0.0650949 0.000123189 0.042676 1.00547e-06 0.000196119 0.0115691 0.000564507 2.39939e-06 0.00159809 
0.000196553 0.17799 0.000147936 0.0818221 0.153206 0.000362721 0.331211 1.17895e-09 0.0350647 0.161341 0.0256306 5.39646e-10 0.00385368 3.1232e-06 0.00117304 0.0250374 0.00034437 8.91917e-10 0.00261533 
0.000201346 0.025232 0.00312319 0.0373272 0.00727371 0.000178187 0.688887 5.42563e-07 0.0295488 0.0439105 0.0859199 0.0281864 0.0179602 8.63591e-05 0.00304474 0.023389 9.15541e-05 4.10752e-08 0.00563932 
0.000160806 0.000160847 0.000160648 0.000160836 0.000160829 0.000160728 0.997106 0.000160536 0.000160842 0.000160817 0.000160844 0.000160712 0.000160806 0.000160585 0.000160826 0.00016082 0.000160786 0.000160615 0.000160782 
6.14915e-05 0.000104162 0.00692274 3.03884e-07 3.49355e-06 1.69763e-06 0.825003 4.16143e-06 0.0011224 0.156988 0.00956433 1.90483e-06 6.9806e-07 3.52965e-06 4.37637e-07 5.09571e-07 9.49124e-07 3.14827e-06 0.000213344 
2.21591e-07 0.175698 7.33457e-07 0.0249513 0.000722917 0.000805441 0.201346 8.11972e-07 0.0643517 0.174073 0.11596 0.007058 0.0509699 9.25823e-07 0.000259651 0.118205 0.065111 3.03108e-08 0.000486296 
9.47488e-06 0.0427521 3.445e-05 0.0205504 0.00781268 0.00104431 0.719559 0.000268547 0.0308859 0.0544899 0.0998595 0.000165393 0.00421405 3.65904e-05 0.00118912 0.00933705 0.0029936 1.85011e-05 0.00478001 
3.49142e-08 0.00108386 6.42712e-07 0.0143987 0.00279312 0.000484404 0.961236 9.17492e-08 0.00032763 0.00377191 0.0141536 1.48514e-07 0.00143769 5.55427e-08 0.000154951 2.35965e-07 4.39333e-08 3.26786e-11 0.000156784 
1.08848e-05 0.096635 0.00462827 0.0110512 0.0274782 4.49481e-07 0.683071 2.18841e-07 0.0030869 0.0978052 0.0561527 0.000165737 0.0139792 1.09672e-05 0.000167382 0.000186951 0.000162818 3.6273e-09 0.00540679 
9.5374e-06 0.043639 8.38363e-06 0.0425577 0.0442436 0.0092703 0.389376 4.18651e-10 0.0224269 0.0170606 0.381556 9.47939e-06 0.0149768 6.40792e-05 0.00146007 0.0106086 0.000261021 3.16724e-10 0.0224725 
2.8431e-05 0.0591387 8.20858e-06 0.0369594 0.00888042 0.00507186 0.70884 1.03522e-09 0.0443455 0.00454125 0.0761053 0.000321166 0.0372079 7.40358e-06 0.00596621 0.00874835 0.000868397 0.000228243 0.00273343 
0.000128635 0.106143 0.00844872 0.0266162 0.00505618 0.000812544 0.326402 2.62917e-05 0.109647 0.0461802 0.321774 0.00219186 0.0064298 8.85798e-05 0.00823974 0.0191805 0.00271345 1.25419e-06 0.00991903 
0.000445043 0.111745 0.00024799 0.0375019 0.0519183 0.0447124 0.331733 9.47711e-08 0.0326822 0.10641 0.199064 0.0001651 0.055048 0.00739439 0.000319632 0.0103876 0.000283609 0.000275327 0.00966726 
3.36492e-05 3.36577e-05 3.36162e-05 0.168311 3.3654e-05 3.36329e-05 0.5855 3.35927e-05 0.121198 0.0370503 3.36571e-05 0.0874706 3.36491e-05 3.3603e-05 3.36533e-05 3.36522e-05 3.3645e-05 3.36093e-05 3.36442e-05 
1.92008e-07 0.0947496 0.00212253 0.0302146 0.00334603 0.00200867 0.496253 2.31423e-09 0.0171792 0.0415927 0.287192 1.24477e-06 7.35261e-09 9.42323e-07 0.00127739 0.00725036 8.78551e-08 1.97824e-08 0.0168112 
1.84575e-08 0.00909132 0.00175437 2.3773e-05 0.0470676 1.57517e-06 0.903724 3.73135e-07 9.13661e-06 0.00269136 0.013474 7.65398e-05 8.52493e-07 9.4596e-08 6.42203e-06 8.07557e-06 2.56625e-06 0.0220387 2.88285e-05 
0.000284763 0.0681396 0.000628261 0.0316339 0.0038238 0.000203771 0.382478 5.73882e-08 0.0352366 0.0676229 0.281609 0.00348699 0.0209107 0.000351433 0.0505993 0.0113559 0.00390259 1.95698e-05 0.0377132 
3.64656e-07 0.000782569 9.85599e-05 0.00292673 0.000517678 2.93424e-07 0.653973 4.20598e-10 0.00137157 0.0108516 0.25166 0.00131427 0.000104812 8.13272e-05 0.0485709 0.00296532 7.7569e-05 3.18197e-10 0.0247037 
3.91347e-07 0.0365405 0.000741006 0.000602964 0.0444524 8.37155e-05 0.77695 2.72664e-06 0.000239652 0.0459156 0.088364 0.00035062 1.81871e-05 1.60859e-05 9.38555e-05 0.00419838 6.89643e-05 4.89241e-06 0.00135652 
3.63527e-05 0.0900519 5.10023e-06 0.043653 0.00947923 0.00814642 0.684493 2.9037e-07 0.0413962 0.00557603 0.0962441 0.00127228 0.00725656 3.17731e-05 0.000593427 0.00301998 0.00252597 5.321e-05 0.00616535 
0.000493787 0.0439241 0.0109783 0.0241771 0.0640993 0.00439861 0.528907 0.0018036 0.0476426 0.0682933 0.121992 0.00214136 0.00346973 9.66958e-05 0.0545994 0.00706521 0.0016087 4.88117e-07 0.0143083 
1.34551e-05 0.0107803 1.34419e-05 0.0686474 1.3457e-05 1.34486e-05 0.348482 1.34325e-05 1.34581e-05 0.309502 0.0807628 0.0255632 1.3455e-05 1.34366e-05 0.114396 1.34563e-05 0.0417191 1.34391e-05 1.34531e-05 
0.213215 0.026266 0.000722297 0.0307928 0.00341869 0.000154597 0.282215 8.29157e-11 0.0250615 0.00632908 0.0160459 0.116085 0.179837 1.10674e-07 0.000210859 0.000369099 0.000615716 2.81521e-06 0.0986586 
0.000217232 0.0812283 0.000377877 0.0533583 0.0104742 0.000642236 0.681805 7.11668e-09 0.0179079 0.00620393 0.0928242 0.00110589 0.0430476 0.000378428 0.000156968 0.00483145 0.000358692 1.49474e-05 0.00506732 
1.84575e-08 0.00909132 0.00175437 2.3773e-05 0.0470676 1.57517e-06 0.903724 3.73135e-07 9.13661e-06 0.00269136 0.013474 7.65398e-05 8.52493e-07 9.4596e-08 6.42203e-06 8.07557e-06 2.56625e-06 0.0220387 2.88285e-05 
1.87063e-08 0.00136291 3.44315e-07 0.0212252 0.00122408 0.000452404 0.964815 4.9166e-08 0.000196528 0.00360332 0.00663469 7.95667e-08 0.000273968 2.95303e-08 9.29176e-05 1.2641e-07 2.35388e-08 2.9165e-11 0.000118716 
6.86448e-05 0.0750106 1.02272e-08 3.28034e-05 1.60679e-05 0.000302652 0.835808 0.000765374 0.0874238 0.000361923 0.00010828 7.23588e-07 2.62547e-09 1.32753e-08 9.5484e-06 6.90148e-06 1.53535e-05 1.18409e-08 6.88804e-05 
6.60778e-06 0.0071622 0.000477921 0.0170421 0.00772727 0.000112724 0.916938 0.00566863 0.00233893 0.0142499 0.0183688 6.10179e-05 0.000477678 2.0689e-05 0.00120753 0.00121509 1.35859e-05 1.00991e-10 0.00691156 
0.000375383 0.0846134 0.00290477 0.0502232 0.0653482 8.5956e-09 0.453476 3.8246e-10 0.0180121 0.0349159 0.199547 0.0433805 0.00810559 7.32334e-06 0.0018798 0.00706966 0.000192219 2.72686e-06 0.0299465 
5.37287e-06 0.016752 3.13364e-05 0.00168394 0.0138288 2.08182e-06 0.554912 0.00128211 0.00446372 0.0449647 0.299095 6.99656e-05 0.0013745 0.000216527 0.0185223 0.000784251 7.43555e-05 0.000206178 0.0417308 
4.71682e-05 0.203562 0.00421433 0.00951125 0.00712474 5.59828e-08 0.309792 4.64137e-10 0.0229833 0.0359909 0.300297 1.8434e-07 0.000936232 3.93672e-10 0.00917157 0.00354104 8.45116e-08 3.51136e-10 0.0928282 
3.37909e-08 0.00797747 6.899e-05 0.0239416 0.00999082 8.11279e-05 0.862708 8.92035e-08 0.00444528 0.0137251 0.0374204 1.43559e-07 0.0250842 6.58397e-08 0.00108817 0.012038 0.000719673 2.54874e-06 0.000708417 
0.00631079 0.0948053 8.05706e-05 0.23819 0.0258698 0.026035 0.306746 5.0706e-07 0.03702 0.0113106 0.192657 0.00293894 0.00818927 0.000803345 0.011282 0.0277704 0.00403039 8.77695e-06 0.00595157 
1.88553e-06 0.00562426 8.54043e-08 0.0055216 0.000496075 0.000234831 0.766313 3.77026e-10 0.00924781 0.00242106 0.207286 5.15151e-07 0.000720671 1.35167e-07 0.000545024 0.000988195 5.85079e-08 2.85233e-10 0.000599701 
6.60778e-06 0.0071622 0.000477921 0.0170421 0.00772727 0.000112724 0.916938 0.00566863 0.00233893 0.0142499 0.0183688 6.10179e-05 0.000477678 2.0689e-05 0.00120753 0.00121509 1.35859e-05 1.00991e-10 0.00691156 
0.000171965 0.0544315 3.69051e-07 0.0585254 0.0419638 0.000187081 0.605213 6.35565e-05 0.0109826 0.203744 0.00971869 0.000351645 0.00419884 0.000162273 7.31915e-06 0.00984247 0.000137342 0.000147365 0.000151125 
6.60778e-06 0.0071622 0.000477921 0.0170421 0.00772727 0.000112724 0.916938 0.00566863 0.00233893 0.0142499 0.0183688 6.10179e-05 0.000477678 2.0689e-05 0.00120753 0.00121509 1.35859e-05 1.00991e-10 0.00691156 
2.65549e-07 0.0186283 6.37949e-05 0.11031 0.0147789 0.0275869 0.278835 1.01352e-09 0.0124837 0.00384062 0.251679 0.00158711 0.000369219 1.2132e-06 0.0394067 0.0550898 0.00239073 0.000583 0.182366 
0.00562117 0.00147468 1.04338e-05 0.119542 0.00611125 0.0615228 0.61867 5.07871e-08 0.000492888 0.00319617 0.0793036 5.01097e-05 0.00488878 6.61467e-11 0.00199415 0.00781829 0.000144373 2.60767e-06 0.0891564 
4.735e-07 0.041589 8.95133e-05 0.0822989 0.0291618 0.00249726 0.637189 4.27588e-05 0.00747185 0.00777456 0.178122 4.75815e-05 9.13761e-05 0.00121267 0.000163539 0.0110843 3.48654e-06 9.89037e-05 0.00106084 
