0.00108071 0.00745289 0.218988 0.0467473 0.0573243 0.0282027 1.73296e-05 2.35267e-05 0.394806 0.0296893 0.0487159 0.000153717 0.001196 0.00126135 0.0598683 0.0739827 0.00291112 0.000843299 0.0267355 
3.6426e-05 0.00411982 8.52535e-05 0.00683675 0.0237171 7.61516e-07 2.80805e-07 0.00598635 0.00121916 0.559355 0.00992576 0.00342237 0.000780627 5.24846e-07 0.00312107 0.103929 0.000816279 0.275845 0.000803243 
0.000753385 0.00276371 0.00581512 0.00466855 0.016139 0.000180467 8.52959e-08 3.77423e-07 0.705482 0.0266216 0.00631173 8.8527e-05 0.00570099 0.000282743 0.211589 0.00910207 0.00338194 0.00012056 0.00099791 
2.696e-05 0.00212188 3.53433e-05 4.69101e-05 3.62374e-05 1.30628e-08 6.15618e-09 3.20212e-08 0.00479643 0.963402 0.028572 0.000165829 2.37935e-05 2.71597e-08 0.000721898 2.55355e-05 7.30327e-09 2.42251e-08 2.50251e-05 
0.000138116 0.00976983 0.00113192 0.0170379 0.277692 8.62794e-05 2.24692e-05 4.35631e-05 0.0275677 0.15551 0.00336019 0.00124277 0.00479726 0.00280044 7.46013e-05 0.280722 0.216785 0.000171696 0.00104682 
0.000508909 1.6497e-05 0.000888912 0.00614154 0.0356218 0.00398821 7.02456e-09 4.53305e-06 0.0265877 0.631736 0.139135 0.0114627 0.0178954 0.067963 0.000431566 0.0254455 0.0167131 5.26174e-06 0.0154547 
0.000204211 0.00387268 0.00564936 0.011036 0.160606 4.6925e-05 7.48089e-09 0.00824785 0.45086 0.00446576 0.000219743 4.00325e-05 0.00133934 3.30041e-08 0.000136654 0.120199 0.00493143 0.228143 2.43029e-06 
2.92044e-05 0.0115583 2.79724e-06 9.93286e-07 0.0660649 0.000373559 3.31551e-09 1.72455e-08 0.0353488 0.0272888 0.589146 0.00834468 0.0657348 0.00834799 0.0885131 0.0616279 4.09037e-06 0.000331989 0.0372825 
0.000753385 0.00276371 0.00581512 0.00466855 0.016139 0.000180467 8.52959e-08 3.77423e-07 0.705482 0.0266216 0.00631173 8.8527e-05 0.00570099 0.000282743 0.211589 0.00910207 0.00338194 0.00012056 0.00099791 
0.00489633 0.0120199 5.80304e-05 0.203694 0.1277 2.32618e-06 4.75699e-10 9.63753e-08 0.172139 0.463526 7.86573e-07 9.9299e-06 0.0119435 2.09868e-09 0.00151702 7.70687e-07 7.92978e-07 6.42664e-06 0.00248651 
0.000116176 0.0400575 0.000736497 0.00268833 0.0152401 0.0441502 2.71518e-07 1.41229e-06 0.295823 0.341137 0.00927963 0.000852048 0.200332 9.00159e-05 0.000530092 0.00220917 0.0457114 1.07936e-05 0.00103406 
4.84095e-09 0.0239303 7.32442e-09 0.00809855 0.0349798 0.00113225 3.44691e-09 4.51775e-08 0.862367 0.00353462 0.0111434 3.6991e-06 0.0103366 8.73223e-09 0.000173502 0.0432458 0.000527207 1.2569e-08 0.00052737 
0.000297231 0.00136105 0.00252103 0.00397747 0.051359 0.000224809 2.97424e-06 0.000263554 0.00671437 0.825804 0.0151294 0.0186931 0.000692501 0.000749264 4.96038e-05 0.017448 0.00170675 0.052229 0.000777095 
0.000463654 0.00049601 2.14717e-06 0.0229133 0.000516673 2.01216e-05 8.32249e-08 4.32891e-07 0.00155694 0.00260509 0.0250045 2.18058e-05 0.235534 0.708984 8.01038e-06 0.000560301 9.87322e-08 1.9954e-06 0.00131114 
2.13927e-05 0.000370912 0.00912961 0.00152622 0.0172413 2.53761e-06 2.10711e-08 0.00140743 0.00696836 0.0235677 0.00109231 0.00123479 0.021011 9.2961e-08 0.000101372 0.000230222 0.144727 0.770541 0.00082605 
0.000105942 0.0180556 0.0110583 0.0178614 0.433866 5.06141e-06 4.83797e-11 6.04778e-08 0.0931952 0.218981 0.191397 1.55671e-07 0.00575708 0.00013257 0.000913154 0.00697214 0.000529656 0.000186608 0.000982829 
0.000305957 0.00858034 0.00304554 0.00816641 0.0988292 1.73609e-09 8.18175e-10 4.25571e-09 0.207638 0.656402 6.12354e-07 3.32371e-05 0.00181825 3.60961e-09 0.000100585 5.18681e-06 5.98118e-06 0.0150688 1.01782e-09 
2.92818e-06 2.81917e-05 0.00327812 4.05532e-06 0.0960664 3.72367e-07 1.52635e-08 0.000192008 0.00761663 0.0761302 2.53698e-05 4.01604e-06 0.00257542 6.73391e-08 6.36388e-05 0.104082 0.499615 0.210313 2.2923e-06 
0.00115705 0.00213226 0.00372026 0.00778154 0.0894835 8.93543e-05 1.56916e-07 0.000334439 0.0488239 0.580758 0.0159513 0.000101014 0.00725291 0.0295468 0.000134585 0.0248439 0.000654132 0.185982 0.00125292 
0.00301466 0.000278977 2.36185e-06 0.0116929 0.0856734 0.0195725 1.84318e-07 9.58726e-07 0.000544135 0.0446788 4.0606e-05 0.000112954 0.0269683 0.000103979 4.56119e-05 0.00158966 3.269e-05 0.805351 0.000296865 
1.16233e-05 2.91921e-07 0.000238621 1.25958e-06 0.195819 1.87342e-06 2.38556e-10 1.24084e-09 3.76075e-05 0.0697867 0.70629 5.33954e-06 4.99756e-07 1.05246e-09 3.65512e-07 2.43259e-07 0.027807 9.38739e-10 2.96765e-10 
0.000126243 0.00265387 0.00662534 0.00834235 0.0663073 5.33158e-05 8.27543e-10 5.09904e-07 0.797006 0.00283162 0.00101504 4.33626e-05 0.00365539 2.01275e-05 0.000629105 0.0897496 0.0208338 9.75049e-06 9.74924e-05 
2.92818e-06 2.81917e-05 0.00327812 4.05532e-06 0.0960664 3.72367e-07 1.52635e-08 0.000192008 0.00761663 0.0761302 2.53698e-05 4.01604e-06 0.00257542 6.73391e-08 6.36388e-05 0.104082 0.499615 0.210313 2.2923e-06 
0.0332346 0.0180006 0.00031923 0.127379 0.0695501 0.000596674 7.88178e-08 1.81311e-05 0.225231 0.019015 0.0141049 0.0036177 0.0661587 3.23396e-06 0.000204917 0.191887 0.0019556 0.222009 0.00671415 
3.48571e-05 0.566907 2.30844e-08 0.0159957 0.226607 3.32843e-05 1.11324e-12 5.7905e-12 0.178411 0.00126358 0.00720814 2.22669e-08 0.00183595 4.9114e-12 0.00151495 6.70771e-08 0.000187753 4.38072e-12 1.56507e-08 
0.000515093 0.000138682 2.01029e-06 0.0218794 0.101864 2.08781e-05 1.20328e-12 1.36301e-07 0.00350111 0.0040281 1.45587e-05 0.000102054 0.001931 1.37704e-07 9.17219e-06 0.012746 7.17653e-09 0.853124 0.000123862 
0.00832485 0.00472995 0.00626622 0.00250461 0.0177182 0.000163052 4.02244e-07 7.0876e-06 0.648226 0.000160384 0.00150256 3.14765e-05 0.00390132 5.31878e-07 0.00179981 0.233752 0.0708825 2.46944e-05 4.06041e-06 
0.0334468 0.0578302 0.0812694 0.0521123 0.0836721 0.001431 0.000298244 0.000330529 0.261031 0.0889682 0.0694118 0.145486 0.0840309 0.0190217 0.000876079 0.0185602 0.00127847 0.000343451 0.000601943 
1.78481e-05 0.000127474 1.29164e-05 0.867236 9.69035e-05 1.24401e-05 1.08548e-09 5.64609e-09 3.44799e-05 0.131992 1.78221e-05 2.58441e-09 6.08051e-05 5.27259e-06 7.36337e-06 9.1538e-05 0.000267207 4.27147e-09 2.02566e-05 
0.0059883 1.22982e-07 0.00333816 0.0166769 0.177424 0.000252834 2.11796e-12 9.38717e-06 0.600149 0.078902 1.85921e-07 0.0297623 0.0874728 4.39176e-07 9.15373e-09 1.53555e-06 4.02268e-09 2.19578e-05 1.1119e-07 
7.7365e-05 0.420035 2.07783e-08 0.00571157 0.00123642 0.000281506 6.1134e-09 3.17986e-08 0.000437671 0.452089 0.000188738 0.000167401 0.00203869 5.6666e-05 6.01973e-05 0.000443115 0.116974 6.49774e-05 0.00013766 
2.696e-05 0.00212188 3.53433e-05 4.69101e-05 3.62374e-05 1.30628e-08 6.15618e-09 3.20212e-08 0.00479643 0.963402 0.028572 0.000165829 2.37935e-05 2.71597e-08 0.000721898 2.55355e-05 7.30327e-09 2.42251e-08 2.50251e-05 
0.000126243 0.00265387 0.00662534 0.00834235 0.0663073 5.33158e-05 8.27543e-10 5.09904e-07 0.797006 0.00283162 0.00101504 4.33626e-05 0.00365539 2.01275e-05 0.000629105 0.0897496 0.0208338 9.75049e-06 9.74924e-05 
2.99172e-05 0.00197249 0.0553482 0.00118105 0.0178598 1.55159e-05 3.12276e-07 0.00288789 0.0532411 0.00948999 0.0252407 1.64572e-05 0.00192004 1.3777e-06 0.000135186 0.827421 0.00322637 1.22884e-06 1.17089e-05 
0.00177117 0.0110664 0.00239812 0.00312062 0.146409 6.65097e-11 3.13443e-11 1.63036e-10 0.00717845 0.613887 0.181059 0.0184034 0.0146888 1.03023e-05 1.62902e-07 2.21402e-06 1.00774e-06 2.71367e-06 1.30239e-06 
0.00645745 0.00523088 0.000114822 0.0116092 0.0813189 0.00294808 2.44388e-05 4.33865e-05 0.673096 0.037663 0.00256094 0.00223906 0.0850094 0.00164436 0.000216987 0.010261 0.0267072 0.0524904 0.000364207 
0.000463654 0.00049601 2.14717e-06 0.0229133 0.000516673 2.01216e-05 8.32249e-08 4.32891e-07 0.00155694 0.00260509 0.0250045 2.18058e-05 0.235534 0.708984 8.01038e-06 0.000560301 9.87322e-08 1.9954e-06 0.00131114 
5.06331e-07 0.262244 8.4579e-06 0.00500921 0.246714 2.07707e-09 9.78872e-10 5.09157e-09 0.338271 0.0325901 0.00659242 2.33059e-09 0.0328589 4.31857e-09 2.10217e-07 3.22128e-06 0.0757075 2.92696e-07 1.21772e-09 
5.73428e-06 0.000746066 3.48825e-06 0.236075 0.0284146 6.93169e-05 5.17794e-08 2.69329e-07 0.0321025 0.042195 0.0858175 0.0115762 0.0735748 1.41532e-06 9.66968e-07 0.479972 0.00896706 1.50247e-05 0.000462556 
4.63816e-06 5.095e-08 3.08799e-07 0.000135166 0.00130343 0.000474356 7.69038e-10 4.00013e-09 0.000189434 7.3826e-05 0.000366738 7.66514e-07 0.00220971 0.00598372 4.05836e-05 0.985396 0.0029336 3.02624e-09 0.000887798 
0.783884 0.00455096 0.00429705 0.00922218 0.0149702 0.000365544 5.85242e-05 0.000105707 0.104296 0.00873856 0.0101437 0.00104511 0.00885803 0.000261883 0.00289486 0.0253712 0.002659 0.0176908 0.000585931 
4.47281e-05 6.82119e-08 9.37452e-06 0.0338961 0.273528 1.15701e-05 3.35287e-08 4.85468e-07 0.000353843 0.0429023 0.000174617 0.000101941 3.87286e-05 4.59215e-07 1.64129e-06 0.0441967 2.35221e-07 0.604179 0.000559384 
0.000471895 0.0673236 0.0088167 0.0605454 0.525094 1.15465e-09 6.94804e-12 3.614e-11 0.0322513 0.0267131 0.00732105 4.2949e-05 0.0155462 0.128151 0.000270628 0.0171413 0.00656477 0.0973279 0.00641792 
3.61405e-05 2.67783e-07 4.28905e-10 3.59207e-06 1.45507e-05 6.68643e-08 1.26193e-10 6.56387e-10 4.43472e-06 3.8453e-05 8.30163e-08 3.57811e-06 4.02475e-06 5.56735e-10 8.56104e-08 2.80467e-06 3.83577e-08 0.999892 2.46131e-07 
0.000222251 0.0086741 0.00230137 0.0150408 0.171661 4.55111e-08 2.14482e-08 1.11562e-07 0.0287997 0.0232709 0.000189438 1.02736e-06 0.00151648 0.00237091 3.88716e-08 0.109315 2.54447e-08 0.636636 3.37408e-07 
0.00018062 0.00166148 1.0264e-06 0.0425267 0.159654 0.00727402 3.52713e-09 1.83462e-08 0.382495 0.275004 0.039854 0.00286109 1.10307e-07 0.000880118 0.00863653 0.029172 5.20293e-05 0.0493856 0.000361467 
0.0961111 0.0113075 0.000401051 0.0906143 0.0866784 0.0039183 8.17698e-07 0.0115815 0.217068 0.0174397 0.00888832 0.00533655 0.0729845 0.000295608 0.000571372 0.151869 0.00120381 0.218838 0.00489209 
1.53146e-06 3.86221e-05 1.43934e-09 0.893979 5.78174e-05 2.95646e-05 4.23484e-10 2.20274e-09 1.47034e-05 5.15793e-06 0.00161369 1.23019e-05 0.086106 1.86832e-09 8.11014e-07 0.0181375 4.52656e-07 1.66645e-09 2.52925e-06 
0.00418826 0.122261 0.0031593 0.248074 0.117813 0.029846 0.000913414 0.00112442 0.122153 0.00351342 0.0176523 0.00146257 0.0913698 0.00295297 0.00960947 0.186941 0.0293403 0.00125572 0.00636882 
8.26264e-05 6.01642e-05 0.109103 0.0032879 0.130835 0.000352446 8.40449e-08 0.000149459 0.0955187 0.00361726 0.644289 0.000768599 0.000613916 3.67063e-05 0.00100495 0.00739562 0.0011048 0.0015868 0.000192878 
9.5852e-05 0.0190022 3.55221e-06 0.014459 0.0425525 2.21767e-06 1.04513e-06 5.43622e-06 0.0068387 0.812051 0.00209564 2.48835e-06 0.0460695 4.6109e-06 0.000322951 0.0548173 0.00105725 0.000481526 0.000137673 
0.000126243 0.00265387 0.00662534 0.00834235 0.0663073 5.33158e-05 8.27543e-10 5.09904e-07 0.797006 0.00283162 0.00101504 4.33626e-05 0.00365539 2.01275e-05 0.000629105 0.0897496 0.0208338 9.75049e-06 9.74924e-05 
1.76573e-06 1.23421e-06 2.70942e-06 1.4492e-06 1.15981e-05 2.25505e-10 1.06275e-10 5.52784e-10 4.05582e-06 0.0168298 0.983073 9.31169e-06 8.29915e-06 3.49305e-05 5.52328e-07 7.50677e-06 1.26077e-10 9.20084e-06 4.41583e-06 
0.000262532 0.00222914 0.00473187 0.00124718 0.0365896 3.06019e-08 1.44219e-08 7.50151e-08 0.00350237 0.583632 0.000151081 0.000751409 0.000635616 0.0208578 4.41832e-07 0.00323841 0.00423544 0.335963 0.0019729 
0.0121385 5.04462e-07 0.0011141 0.0131579 0.203977 8.46066e-05 1.77329e-11 4.32191e-05 0.200054 0.330709 7.62636e-07 0.200511 0.0291613 0.00893939 4.21486e-08 7.06974e-06 1.65114e-08 0.000101095 5.11933e-07 
2.72523e-05 0.0803534 7.00177e-06 0.00013007 2.98357e-05 4.37126e-06 2.06006e-06 1.07154e-05 0.000670163 0.000125432 0.116305 4.90479e-06 3.68114e-05 9.08856e-06 0.000511133 0.000971732 0.80079 8.10654e-06 2.56273e-06 
0.000290052 0.0436395 0.00331057 0.0017992 0.183493 0.00228773 4.69194e-09 2.44049e-08 0.226279 0.343007 0.0599329 0.00080488 0.0558206 2.06998e-08 8.68803e-05 0.0479293 0.00601045 0.0253067 2.46027e-06 
1.05242e-06 0.00169311 2.34707e-08 0.00711482 0.859028 0.00019972 6.90556e-09 3.5919e-08 0.108913 0.000123352 0.00264873 1.64414e-08 0.0023104 3.04658e-08 3.02317e-06 0.0169819 0.000954054 2.74229e-06 2.60856e-05 
9.57219e-07 0.389071 3.97871e-08 0.0840785 1.64207e-06 0.00613922 1.17062e-08 6.08893e-08 5.31789e-06 0.337872 0.0997957 2.78712e-08 3.84108e-05 5.16452e-08 0.000144693 0.0345807 0.0475788 7.6768e-07 0.000692095 
9.95681e-06 0.000178122 6.23656e-07 0.00275899 0.00927572 3.89354e-07 1.83492e-07 9.5443e-07 0.0995455 0.87873 0.00880293 4.36876e-07 0.000137553 8.09529e-07 0.000273039 0.000125787 0.000157766 7.2206e-07 2.28266e-07 
0.000199041 9.3896e-08 2.98739e-07 0.000341985 0.00223301 2.87381e-08 5.46421e-09 2.84219e-08 3.67394e-07 0.108287 2.27382e-08 6.0235e-07 1.43683e-06 1.66795e-05 1.74789e-08 6.46655e-06 1.65483e-08 0.872311 0.0166018 
0.000126243 0.00265387 0.00662534 0.00834235 0.0663073 5.33158e-05 8.27543e-10 5.09904e-07 0.797006 0.00283162 0.00101504 4.33626e-05 0.00365539 2.01275e-05 0.000629105 0.0897496 0.0208338 9.75049e-06 9.74924e-05 
0.000126243 0.00265387 0.00662534 0.00834235 0.0663073 5.33158e-05 8.27543e-10 5.09904e-07 0.797006 0.00283162 0.00101504 4.33626e-05 0.00365539 2.01275e-05 0.000629105 0.0897496 0.0208338 9.75049e-06 9.74924e-05 
0.0243889 0.0316361 0.0118603 0.0437507 0.158592 0.0039864 6.93713e-05 0.013464 0.497162 0.0638687 0.0112661 0.00250742 0.0306143 0.000689749 0.0436463 0.0317494 0.0205655 0.00830073 0.00188152 
0.000340496 0.0135909 0.000647623 0.117362 0.117581 0.000964278 2.24765e-10 3.86891e-05 0.00620107 0.0421005 0.644431 0.0220912 0.0167039 2.33499e-06 0.00146065 0.0152673 8.81494e-05 0.000218956 0.000910111 
0.000138116 0.00976983 0.00113192 0.0170379 0.277692 8.62794e-05 2.24692e-05 4.35631e-05 0.0275677 0.15551 0.00336019 0.00124277 0.00479726 0.00280044 7.46013e-05 0.280722 0.216785 0.000171696 0.00104682 
0.00156245 0.00454307 0.00086046 0.0647444 0.0203149 2.93488e-06 1.45741e-08 7.58067e-08 0.00233427 0.874599 0.0214537 0.00136534 0.00019141 3.32809e-05 2.9787e-06 1.4205e-05 0.00642347 0.000436872 0.00111772 
0.0044147 0.00383807 0.00225949 0.0503656 0.359045 0.000266226 0.000178403 0.0021222 0.14462 0.0324338 0.00411315 0.000447765 0.0205562 0.000192504 0.000369641 0.21552 0.124178 0.0345524 0.000525877 
0.000126243 0.00265387 0.00662534 0.00834235 0.0663073 5.33158e-05 8.27543e-10 5.09904e-07 0.797006 0.00283162 0.00101504 4.33626e-05 0.00365539 2.01275e-05 0.000629105 0.0897496 0.0208338 9.75049e-06 9.74924e-05 
0.000126243 0.00265387 0.00662534 0.00834235 0.0663073 5.33158e-05 8.27543e-10 5.09904e-07 0.797006 0.00283162 0.00101504 4.33626e-05 0.00365539 2.01275e-05 0.000629105 0.0897496 0.0208338 9.75049e-06 9.74924e-05 
2.35463e-07 6.251e-08 0.0175717 0.00418717 0.0502663 2.74689e-08 3.49781e-12 1.55029e-05 0.020271 0.0654266 1.84088e-07 0.0024756 0.054662 1.54316e-11 9.2231e-05 2.53595e-06 2.41508e-07 0.783321 0.00170794 
2.92818e-06 2.81917e-05 0.00327812 4.05532e-06 0.0960664 3.72367e-07 1.52635e-08 0.000192008 0.00761663 0.0761302 2.53698e-05 4.01604e-06 0.00257542 6.73391e-08 6.36388e-05 0.104082 0.499615 0.210313 2.2923e-06 
4.25779e-05 0.000558386 0.000255191 0.000356179 0.00645367 6.4827e-05 9.65542e-07 5.02223e-06 0.013718 0.947457 0.019587 0.00561079 0.000122994 0.00421744 0.0014237 1.164e-05 1.14545e-06 3.7995e-06 0.000110098 
5.52613e-05 7.87341e-05 4.28487e-05 0.253202 0.0487857 2.90943e-07 1.37114e-07 7.13194e-07 3.55804e-06 0.381565 0.0606385 1.565e-05 0.00645122 0.00252018 1.67027e-06 0.0715217 0.165986 0.00911254 1.84354e-05 
2.696e-05 0.00212188 3.53433e-05 4.69101e-05 3.62374e-05 1.30628e-08 6.15618e-09 3.20212e-08 0.00479643 0.963402 0.028572 0.000165829 2.37935e-05 2.71597e-08 0.000721898 2.55355e-05 7.30327e-09 2.42251e-08 2.50251e-05 
3.23625e-05 1.06157e-05 0.00222714 0.0879626 0.0356762 0.000739365 2.99971e-08 1.56029e-07 0.0154739 0.449858 0.373718 1.35924e-05 3.10138e-06 4.04514e-05 0.00433396 0.0280205 0.000443639 1.18041e-07 0.00144693 
3.83989e-05 6.23901e-06 2.03661e-05 5.47547e-05 0.0636479 8.4471e-07 1.5487e-07 0.000292155 0.0164675 0.000460369 0.000724878 1.16542e-05 2.18462e-05 0.000196311 0.000199059 0.000170411 1.83727e-07 0.917677 1.03452e-05 
0.000126243 0.00265387 0.00662534 0.00834235 0.0663073 5.33158e-05 8.27543e-10 5.09904e-07 0.797006 0.00283162 0.00101504 4.33626e-05 0.00365539 2.01275e-05 0.000629105 0.0897496 0.0208338 9.75049e-06 9.74924e-05 
0.000753385 0.00276371 0.00581512 0.00466855 0.016139 0.000180467 8.52959e-08 3.77423e-07 0.705482 0.0266216 0.00631173 8.8527e-05 0.00570099 0.000282743 0.211589 0.00910207 0.00338194 0.00012056 0.00099791 
0.00530601 0.0120432 0.000272383 0.0810382 0.0854401 0.00151423 7.58617e-05 0.00474068 0.162451 0.00383623 0.00695147 0.00140734 0.560592 0.000352989 0.0154569 0.0277981 0.00771746 0.0222754 0.000730965 
0.00154599 4.56454e-05 0.0184896 0.00061224 0.00404117 2.01744e-07 9.5077e-08 4.9454e-07 0.00303448 0.966488 0.000197994 2.26368e-07 0.000516267 4.19459e-07 6.76511e-05 0.00103836 0.00382745 9.34943e-05 1.18276e-07 
1.78481e-05 0.000127474 1.29164e-05 0.867236 9.69035e-05 1.24401e-05 1.08548e-09 5.64609e-09 3.44799e-05 0.131992 1.78221e-05 2.58441e-09 6.08051e-05 5.27259e-06 7.36337e-06 9.1538e-05 0.000267207 4.27147e-09 2.02566e-05 
0.00147756 2.66671e-05 0.0612196 0.0190801 0.0120049 6.51682e-07 2.65351e-08 0.172674 0.0067187 0.505768 0.0468007 7.03251e-06 0.0013069 1.17067e-07 2.1153e-05 0.000346387 1.36937e-05 0.115424 0.0571098 
0.00203477 1.05498e-06 5.2408e-07 0.0284033 0.65529 2.85922e-09 6.70385e-12 3.48699e-11 0.0673332 0.0132256 1.7523e-07 0.000309467 4.53323e-07 2.95759e-11 5.24431e-08 0.00613545 5.08999e-07 0.227266 8.33963e-12 
7.01453e-07 0.799865 2.63218e-09 0.0763265 0.0186801 0.00114439 7.74443e-10 4.02824e-09 0.00132235 3.75724e-06 0.00776763 1.84386e-09 0.0146929 3.41667e-09 1.90391e-06 0.0801929 9.18745e-10 3.0475e-09 2.02643e-06 
4.85779e-09 0.000267403 7.10537e-07 0.0004403 0.00328935 1.63131e-06 9.24836e-11 4.8105e-10 0.00139763 0.000266849 0.000330056 2.1738e-08 0.000532261 2.54509e-06 6.51421e-07 0.00449494 0.988901 3.63932e-10 7.46221e-05 
0.00069126 0.0180514 0.00386923 0.0475993 0.090711 0.000611087 7.17107e-06 4.29167e-05 0.0308582 0.499751 0.0251549 0.000162666 0.0030111 0.0351227 0.0831575 0.0180768 0.00835872 0.132903 0.00185962 
2.92818e-06 2.81917e-05 0.00327812 4.05532e-06 0.0960664 3.72367e-07 1.52635e-08 0.000192008 0.00761663 0.0761302 2.53698e-05 4.01604e-06 0.00257542 6.73391e-08 6.36388e-05 0.104082 0.499615 0.210313 2.2923e-06 
0.0122992 0.00251179 0.104808 0.0444985 0.0771059 0.000119572 3.56766e-05 0.0357784 0.157159 0.0694862 0.0265008 0.000605719 0.00483352 0.000787517 0.0209173 0.408 0.0217979 0.00488944 0.00786522 
1.78481e-05 0.000127474 1.29164e-05 0.867236 9.69035e-05 1.24401e-05 1.08548e-09 5.64609e-09 3.44799e-05 0.131992 1.78221e-05 2.58441e-09 6.08051e-05 5.27259e-06 7.36337e-06 9.1538e-05 0.000267207 4.27147e-09 2.02566e-05 
0.00288277 0.0467773 0.00347378 0.0149562 0.0224699 0.000841038 1.242e-06 8.02965e-06 0.0540105 0.637269 0.0710485 0.000140365 0.0148688 0.000347519 0.0231576 0.0932042 0.0107863 8.59752e-06 0.00374848 
4.7278e-08 0.00263362 0.00365222 0.0202387 0.0349719 0.000387938 5.47025e-13 2.84533e-12 0.916633 0.000304878 1.4877e-08 1.52395e-08 0.00206481 0.00186539 0.00342246 0.013401 2.04745e-07 1.85145e-08 0.000424056 
4.5562e-08 0.000444892 1.28958e-10 0.0103781 0.00160207 3.70139e-08 3.79422e-11 1.97355e-10 7.10197e-05 0.00202609 0.978008 0.00576287 0.000689345 1.67393e-10 6.06483e-07 0.000248392 1.2e-07 5.91709e-07 0.000768134 
0.000126243 0.00265387 0.00662534 0.00834235 0.0663073 5.33158e-05 8.27543e-10 5.09904e-07 0.797006 0.00283162 0.00101504 4.33626e-05 0.00365539 2.01275e-05 0.000629105 0.0897496 0.0208338 9.75049e-06 9.74924e-05 
0.000124791 0.000841159 0.0152045 0.00206124 0.0686317 0.000352657 2.97725e-07 3.34851e-06 0.501185 0.0678662 0.00598356 0.000190622 0.0178187 0.00654348 0.0328089 0.146608 0.133521 5.04565e-05 0.000203479 
1.78481e-05 0.000127474 1.29164e-05 0.867236 9.69035e-05 1.24401e-05 1.08548e-09 5.64609e-09 3.44799e-05 0.131992 1.78221e-05 2.58441e-09 6.08051e-05 5.27259e-06 7.36337e-06 9.1538e-05 0.000267207 4.27147e-09 2.02566e-05 
2.696e-05 0.00212188 3.53433e-05 4.69101e-05 3.62374e-05 1.30628e-08 6.15618e-09 3.20212e-08 0.00479643 0.963402 0.028572 0.000165829 2.37935e-05 2.71597e-08 0.000721898 2.55355e-05 7.30327e-09 2.42251e-08 2.50251e-05 
2.69392e-05 0.0739738 1.63615e-05 0.00181351 0.0071698 1.02147e-05 4.81391e-06 2.59111e-05 0.912285 2.06107e-05 8.51355e-06 0.000103639 0.00444363 2.12379e-05 1.61101e-05 1.02182e-05 1.30675e-05 1.89432e-05 1.80812e-05 
0.000252805 0.00714983 0.000308674 0.00181509 0.0283955 0.161196 0.000190465 0.000986758 0.0451851 0.099659 0.000489624 0.000618925 0.00190432 0.00054075 0.00271049 0.00639417 0.000779294 0.64108 0.000342995 
0.000299262 0.0305178 5.55855e-06 0.287294 0.095463 3.54071e-10 1.66865e-10 8.67941e-10 0.0512294 0.342147 0.192739 1.8951e-05 1.90728e-05 0.000163651 2.52846e-06 1.0373e-05 5.54299e-06 5.91623e-07 8.50877e-05 
6.47402e-06 0.998587 4.25317e-08 2.9474e-05 0.000199203 2.65529e-08 1.25137e-08 6.50896e-08 0.000116701 0.000372842 0.000230982 2.97938e-08 9.06343e-05 5.52078e-08 0.000180035 8.28989e-05 0.000103933 4.92426e-08 1.55671e-08 
6.53774e-05 0.000416746 0.00435159 0.0417531 0.469012 0.0131555 2.94324e-06 7.11362e-05 0.157101 0.157163 0.00954329 3.6234e-05 0.00413475 4.46477e-06 1.21643e-05 0.0883068 0.0547158 5.22964e-05 0.000102406 
0.000199041 9.3896e-08 2.98739e-07 0.000341985 0.00223301 2.87381e-08 5.46421e-09 2.84219e-08 3.67394e-07 0.108287 2.27382e-08 6.0235e-07 1.43683e-06 1.66795e-05 1.74789e-08 6.46655e-06 1.65483e-08 0.872311 0.0166018 
0.00020388 0.000338298 0.00064174 0.00349379 0.00410137 3.45007e-05 3.02906e-08 2.10801e-06 1.75472e-05 0.576054 0.296813 7.21185e-08 2.60326e-05 0.00063427 0.116996 5.99017e-06 9.91527e-06 0.000357592 0.000269882 
0.0186957 0.0174954 0.000242932 0.102629 0.108564 0.00293374 3.08657e-05 0.00503894 0.410386 0.00526093 0.00899299 0.00330923 0.122244 0.000409738 0.0442235 0.0774169 0.0107859 0.060606 0.000734889 
5.86526e-06 3.38217e-05 2.41022e-06 0.103449 0.0352329 2.59162e-05 1.36461e-08 7.09799e-08 0.0447009 0.0292381 0.0399513 0.0138215 0.0729447 8.82801e-07 7.17418e-07 0.656185 0.0036236 1.03257e-05 0.000772566 
9.57219e-07 0.389071 3.97871e-08 0.0840785 1.64207e-06 0.00613922 1.17062e-08 6.08893e-08 5.31789e-06 0.337872 0.0997957 2.78712e-08 3.84108e-05 5.16452e-08 0.000144693 0.0345807 0.0475788 7.6768e-07 0.000692095 
0.0427633 0.0184723 0.193675 0.073632 0.0483954 0.00144119 0.000193395 0.000498589 0.275731 0.0124281 0.011016 0.0233943 0.238613 0.00449635 0.00323543 0.0275585 0.00529758 0.0181225 0.00103555 
8.96451e-05 6.33671e-07 0.00023068 0.0116599 0.60581 0.000276572 2.02329e-09 1.05241e-08 1.53904e-05 0.119781 0.000259344 1.89393e-05 0.00066921 0.0769098 3.485e-06 0.0229761 0.158761 7.96184e-09 0.00253827 
0.000798285 0.106479 0.003411 0.0111217 0.642807 0.00092594 0.000631416 0.00104579 0.0477758 0.0311376 0.01562 0.00410813 0.00313754 0.00498102 0.0149471 0.0269134 0.00202697 0.0799014 0.0022313 
0.000126243 0.00265387 0.00662534 0.00834235 0.0663073 5.33158e-05 8.27543e-10 5.09904e-07 0.797006 0.00283162 0.00101504 4.33626e-05 0.00365539 2.01275e-05 0.000629105 0.0897496 0.0208338 9.75049e-06 9.74924e-05 
2.04665e-05 0.0027243 0.580511 0.000125947 0.028084 0.00644637 4.96936e-10 2.58479e-09 0.0277682 0.0161633 0.230906 1.35562e-05 2.26847e-07 0.047902 0.0114439 0.017355 0.017257 1.95549e-09 0.0132792 
7.92994e-05 2.27285e-06 5.14936e-07 0.0191021 6.3916e-05 2.98334e-07 1.50008e-09 7.8026e-09 0.0608955 0.144911 0.00622137 0.143335 0.0962953 6.61801e-09 7.9733e-07 0.0161701 1.77959e-09 0.512375 0.000547018 
1.57064e-06 0.04325 0.00155554 0.0287863 0.0958925 1.96408e-07 6.54216e-09 0.0247241 0.0313483 0.0580192 0.0235471 0.000592087 0.00140769 1.08161e-06 0.00102831 0.232154 0.40913 0.0463919 0.00217019 
0.00421185 0.000418448 0.000937259 0.000492249 0.00392349 1.34547e-05 6.34085e-06 3.29817e-05 0.00137275 0.34317 0.00483844 0.00316252 0.00281076 0.0118349 0.000190145 0.00254143 7.52235e-06 0.00313485 0.616901 
0.000285677 0.00334157 0.00394818 0.00533777 0.0839531 0.000438807 1.94324e-05 0.162151 0.633598 0.0470061 0.00218811 7.11233e-05 0.000609625 6.75076e-05 0.0377693 0.0183277 0.000756484 8.95232e-05 4.18567e-05 
1.2244e-05 0.00123238 0.0176677 0.000162269 0.00440138 3.74611e-05 4.20886e-09 3.22242e-06 0.00657439 0.914133 0.0381564 1.53362e-06 9.21732e-07 7.07245e-06 4.06731e-08 0.0143211 0.00325243 3.51433e-05 1.628e-06 
0.0316302 0.0929336 0.0101704 0.0520638 0.215079 0.00209296 7.92117e-05 0.00777401 0.420054 0.0193648 0.0251939 0.0104741 0.0342884 0.00224119 0.00337976 0.0430089 0.0194453 0.00240229 0.00832353 
1.6034e-06 6.39157e-06 0.0016953 0.000557209 0.000867051 3.19188e-08 1.50425e-08 7.82431e-08 0.00125484 0.684372 0.000244162 3.92299e-05 2.38884e-05 6.63643e-08 9.06589e-07 6.27149e-05 1.78454e-08 0.310874 4.65809e-07 
3.89086e-09 6.8877e-06 1.10301e-11 0.000963464 8.87506e-07 6.26165e-05 3.2453e-12 1.68803e-11 0.00194178 0.0190968 0.0934984 1.37023e-08 1.38809e-06 1.52399e-08 0.290292 1.70539e-05 3.85e-12 1.00019e-09 0.594119 
0.000393252 0.00484588 0.00292037 0.00749704 0.140038 0.000250093 3.81752e-09 1.98567e-08 0.658507 0.0137287 0.0582909 1.22166e-06 0.000720519 0.00194613 0.088466 0.00724488 0.0132211 1.0368e-05 0.001918 
0.000199041 9.3896e-08 2.98739e-07 0.000341985 0.00223301 2.87381e-08 5.46421e-09 2.84219e-08 3.67394e-07 0.108287 2.27382e-08 6.0235e-07 1.43683e-06 1.66795e-05 1.74789e-08 6.46655e-06 1.65483e-08 0.872311 0.0166018 
0.0430851 0.0310582 0.00723031 0.0411432 0.243946 0.00108647 5.24317e-05 0.00912344 0.408234 0.114215 0.00218312 0.025987 0.00935373 5.44508e-05 0.0103476 0.0372467 0.00790863 0.0048605 0.00288458 
9.57219e-07 0.389071 3.97871e-08 0.0840785 1.64207e-06 0.00613922 1.17062e-08 6.08893e-08 5.31789e-06 0.337872 0.0997957 2.78712e-08 3.84108e-05 5.16452e-08 0.000144693 0.0345807 0.0475788 7.6768e-07 0.000692095 
0.00203477 1.05498e-06 5.2408e-07 0.0284033 0.65529 2.85922e-09 6.70385e-12 3.48699e-11 0.0673332 0.0132256 1.7523e-07 0.000309467 4.53323e-07 2.95759e-11 5.24431e-08 0.00613545 5.08999e-07 0.227266 8.33963e-12 
0.000152683 0.0573441 0.000846159 0.0267289 0.028518 0.000359441 5.06129e-05 9.1787e-05 0.21619 0.00140223 0.00238107 0.000204943 0.0148605 0.000950566 0.000112112 0.0297165 0.618425 0.000299959 0.00136626 
0.00054001 0.00803576 0.00581491 0.00639034 0.0263559 0.000360351 2.20642e-08 3.52658e-08 0.782015 0.0754124 0.00107805 0.000127008 0.002905 6.68617e-05 0.0780384 0.0116213 0.00103112 8.23368e-05 0.000125017 
0.00088654 0.189008 6.29718e-07 0.00534002 0.545527 0.00143639 1.1218e-10 5.835e-10 0.0594921 0.163139 0.0220256 6.07344e-07 0.00978778 4.94914e-10 0.000514058 0.0018085 6.42905e-05 4.41438e-10 0.000970173 
0.000126243 0.00265387 0.00662534 0.00834235 0.0663073 5.33158e-05 8.27543e-10 5.09904e-07 0.797006 0.00283162 0.00101504 4.33626e-05 0.00365539 2.01275e-05 0.000629105 0.0897496 0.0208338 9.75049e-06 9.74924e-05 
7.7383e-05 0.00588133 4.5688e-07 0.0057048 0.001235 0.000281442 1.34423e-07 6.99199e-07 0.166226 0.807554 0.0099426 0.000167506 0.00203636 5.71644e-05 6.01956e-05 0.000442667 0.000129824 6.54047e-05 0.000137656 
2.46991e-07 2.82323e-06 1.54787e-05 5.9996e-06 0.0349651 6.75722e-10 3.18451e-10 1.65641e-09 1.00607e-05 0.904774 0.00380127 0.0564051 4.41819e-06 1.40493e-09 7.1438e-07 5.90252e-06 4.19384e-06 2.63283e-06 1.74348e-06 
0.00541725 0.200046 8.21817e-05 0.0525624 0.18948 0.00172932 3.26829e-05 0.0329369 0.34837 0.00946585 0.00190018 0.000711364 0.0259387 0.000327178 0.00343906 0.0625034 0.0611883 0.00358142 0.00028785 
0.00029913 7.76051e-07 0.0567587 1.20607e-06 1.59497e-06 3.65905e-06 2.1027e-10 1.09371e-09 0.00707199 0.908612 0.0272479 5.00629e-10 5.50578e-07 9.27664e-10 2.31191e-08 7.0994e-07 2.49449e-10 2.15215e-06 2.61577e-10 
0.00121205 0.137925 0.0069599 0.0230067 0.0150352 0.0586487 1.23228e-05 0.000103274 0.485981 0.0616003 0.0012288 0.0571986 0.0340815 6.85546e-05 0.000169426 0.0457307 0.0708781 5.84389e-05 0.000101652 
4.73567e-06 0.000288777 1.5121e-07 0.0236821 0.255833 0.0247468 4.4489e-08 0.000129285 0.0164285 0.660227 0.000625963 1.05924e-07 0.000739442 1.96276e-07 1.35777e-05 0.0134492 0.00326295 0.00025055 0.000318031 
0.000198489 0.000700054 3.79243e-05 0.0203529 0.00273522 0.000124813 2.02775e-07 1.05473e-06 0.00959947 0.964584 0.00053239 4.82048e-05 3.8412e-05 8.94601e-07 4.18989e-05 2.49663e-05 0.000416591 0.000296947 0.000265061 
0.00316552 2.6282e-07 0.0670781 0.118177 0.0337392 1.23913e-07 5.80297e-11 0.000979426 0.661678 0.0102486 4.99789e-07 0.0298044 0.00155011 2.56014e-10 4.07868e-07 0.0735685 9.40282e-06 4.04269e-07 7.21893e-11 
9.6649e-05 0.000288077 4.6158e-08 0.0140687 0.188825 0.000476649 1.35806e-08 0.000128814 0.0164241 0.760018 0.00062501 3.2334e-08 0.000738401 5.99149e-08 1.34563e-05 0.0134435 0.00325914 0.000791759 0.000802412 
0.000346581 0.00406119 0.0266327 0.0167985 0.102632 1.10181e-05 3.12107e-08 1.62341e-07 0.00721992 0.830047 0.00375131 0.000313433 0.00446399 1.37695e-07 0.000201885 0.00050792 0.00195942 0.00103362 1.88928e-05 
0.000126243 0.00265387 0.00662534 0.00834235 0.0663073 5.33158e-05 8.27543e-10 5.09904e-07 0.797006 0.00283162 0.00101504 4.33626e-05 0.00365539 2.01275e-05 0.000629105 0.0897496 0.0208338 9.75049e-06 9.74924e-05 
0.000337644 0.000157895 0.000492309 0.0437671 0.916771 4.14239e-05 7.34377e-06 1.95936e-05 0.0246294 0.00631855 0.000972941 2.19455e-05 0.00067747 1.66189e-05 0.000182879 0.000358065 0.000192639 0.00502159 1.32675e-05 
0.00108595 0.0297665 0.00436715 0.0255698 0.132902 4.65787e-05 3.25312e-06 0.090056 0.176032 0.378939 0.0242542 0.000257632 0.00080998 0.00293663 0.000779698 0.0358273 0.0173282 0.0789428 9.50856e-05 
0.00529594 0.00471774 0.000370564 0.349472 0.0228307 0.00187505 7.2248e-07 3.65849e-05 0.267448 0.00581839 0.00379253 0.00105696 0.0302209 0.00309333 0.000104967 0.0550515 0.000553438 0.246013 0.002247 
0.000199041 9.3896e-08 2.98739e-07 0.000341985 0.00223301 2.87381e-08 5.46421e-09 2.84219e-08 3.67394e-07 0.108287 2.27382e-08 6.0235e-07 1.43683e-06 1.66795e-05 1.74789e-08 6.46655e-06 1.65483e-08 0.872311 0.0166018 
0.000195588 0.00150931 0.0159575 0.00552479 0.348338 6.93368e-05 8.13103e-07 0.000107401 0.128917 0.0283076 0.353618 1.70157e-06 0.0125334 2.47195e-05 0.000809652 0.0579506 0.0129783 0.000204721 0.0329516 
0.000530351 0.000698052 2.3176e-06 1.41811e-07 0.00933346 4.1915e-06 3.75805e-10 1.95474e-09 0.00961024 0.974313 0.00410627 8.94751e-10 4.02579e-07 1.65797e-09 1.37895e-07 4.47075e-07 0.000906377 0.000357736 0.000136426 
0.000126243 0.00265387 0.00662534 0.00834235 0.0663073 5.33158e-05 8.27543e-10 5.09904e-07 0.797006 0.00283162 0.00101504 4.33626e-05 0.00365539 2.01275e-05 0.000629105 0.0897496 0.0208338 9.75049e-06 9.74924e-05 
0.000201988 0.000649307 0.00028659 0.0438934 0.00113912 0.000435386 1.22182e-07 6.35524e-07 0.00108852 0.00187996 0.840896 0.000158725 0.0152268 0.00161302 0.00116117 0.0101493 0.000225696 4.80796e-07 0.0809935 
1.78481e-05 0.000127474 1.29164e-05 0.867236 9.69035e-05 1.24401e-05 1.08548e-09 5.64609e-09 3.44799e-05 0.131992 1.78221e-05 2.58441e-09 6.08051e-05 5.27259e-06 7.36337e-06 9.1538e-05 0.000267207 4.27147e-09 2.02566e-05 
9.54424e-05 0.308277 5.61229e-06 1.38474e-05 0.17142 4.23715e-05 2.59227e-09 1.34836e-08 0.211492 0.260234 0.0148004 0.00397632 0.0293679 1.14365e-08 0.000135201 8.13614e-06 2.75784e-06 0.000100882 2.83666e-05 
0.000972449 0.00288977 2.39255e-05 0.0393723 0.501383 4.03145e-05 5.06079e-09 0.000515122 0.00538699 0.294889 0.0016392 1.51416e-05 0.000986298 0.00033153 0.000494749 0.0497878 0.000122132 0.101139 1.16806e-05 
4.85779e-09 0.000267403 7.10537e-07 0.0004403 0.00328935 1.63131e-06 9.24836e-11 4.8105e-10 0.00139763 0.000266849 0.000330056 2.1738e-08 0.000532261 2.54509e-06 6.51421e-07 0.00449494 0.988901 3.63932e-10 7.46221e-05 
0.00213029 0.00284665 0.00596062 0.0314024 0.0250636 0.00023216 3.50388e-10 1.82253e-09 0.0386944 0.843931 0.0383304 0.00699399 0.000684883 4.72681e-05 0.0012219 0.00169946 7.6926e-07 5.63448e-05 0.000704045 
0.000515093 0.000138682 2.01029e-06 0.0218794 0.101864 2.08781e-05 1.20328e-12 1.36301e-07 0.00350111 0.0040281 1.45587e-05 0.000102054 0.001931 1.37704e-07 9.17219e-06 0.012746 7.17653e-09 0.853124 0.000123862 
0.000190193 0.0357003 1.14775e-05 0.00122498 0.352033 8.62753e-07 2.09728e-08 0.000462038 0.127628 0.0219545 1.97435e-05 9.62816e-06 0.00698379 9.25273e-08 0.000288334 0.330181 0.120836 0.00108059 0.00139577 
5.06331e-07 0.262244 8.4579e-06 0.00500921 0.246714 2.07707e-09 9.78872e-10 5.09157e-09 0.338271 0.0325901 0.00659242 2.33059e-09 0.0328589 4.31857e-09 2.10217e-07 3.22128e-06 0.0757075 2.92696e-07 1.21772e-09 
0.000605799 0.175448 1.65748e-06 0.0312117 0.140768 0.000371528 6.75113e-11 3.51158e-10 0.257228 0.367843 0.0113877 1.65537e-07 0.010876 2.97845e-10 0.000121558 1.19676e-06 0.00145568 0.00167346 0.00100567 
0.0332346 0.0180006 0.00031923 0.127379 0.0695501 0.000596674 7.88178e-08 1.81311e-05 0.225231 0.019015 0.0141049 0.0036177 0.0661587 3.23396e-06 0.000204917 0.191887 0.0019556 0.222009 0.00671415 
4.85279e-06 0.00960214 0.00030913 0.000319955 0.0171456 4.62323e-08 2.17881e-08 1.1333e-07 3.19793e-05 1.16449e-05 0.790864 5.18751e-08 1.53125e-05 0.000140487 0.0172076 0.00038153 2.58479e-08 8.57382e-08 0.163965 
0.000126243 0.00265387 0.00662534 0.00834235 0.0663073 5.33158e-05 8.27543e-10 5.09904e-07 0.797006 0.00283162 0.00101504 4.33626e-05 0.00365539 2.01275e-05 0.000629105 0.0897496 0.0208338 9.75049e-06 9.74924e-05 
0.000738462 0.00661961 0.00623181 0.00240034 0.0685263 3.17277e-07 1.73238e-10 4.40593e-08 0.00497952 0.906277 0.000496551 0.000241922 6.7669e-08 7.64288e-10 1.53308e-07 0.0034829 4.6758e-06 6.53696e-07 2.15509e-10 
0.0280945 6.66277e-06 7.5721e-05 0.13146 0.0536989 0.00113337 2.35583e-08 1.22537e-07 0.00494064 0.00581197 0.358061 0.171847 0.000807783 1.03934e-07 0.218117 0.0232809 0.000501417 0.000128025 0.00203503 
2.79612e-05 1.90951e-05 0.000176209 4.68772e-05 0.0143505 1.12953e-05 4.02676e-07 2.09451e-06 0.919857 0.00409557 0.0571612 9.85925e-06 5.08111e-05 9.67043e-06 0.000259801 0.00237059 0.000120068 0.0014222 8.49025e-06 
0.00133952 0.0155957 0.000632656 0.0599179 0.57552 0.000589799 2.95868e-05 0.0171212 0.0551752 0.114565 0.00834783 0.00176892 0.00194499 0.00343093 0.0180769 0.0167238 0.00258659 0.0986938 0.00793907 
0.000371661 0.0336297 0.118322 0.0561527 0.0777214 0.000316955 3.6246e-05 0.00247933 0.101451 0.28645 0.0167792 0.0403907 0.0130434 0.000287811 0.00182614 0.0917065 0.041575 0.000242255 0.117218 
9.57219e-07 0.389071 3.97871e-08 0.0840785 1.64207e-06 0.00613922 1.17062e-08 6.08893e-08 5.31789e-06 0.337872 0.0997957 2.78712e-08 3.84108e-05 5.16452e-08 0.000144693 0.0345807 0.0475788 7.6768e-07 0.000692095 
1.78481e-05 0.000127474 1.29164e-05 0.867236 9.69035e-05 1.24401e-05 1.08548e-09 5.64609e-09 3.44799e-05 0.131992 1.78221e-05 2.58441e-09 6.08051e-05 5.27259e-06 7.36337e-06 9.1538e-05 0.000267207 4.27147e-09 2.02566e-05 
0.000126243 0.00265387 0.00662534 0.00834235 0.0663073 5.33158e-05 8.27543e-10 5.09904e-07 0.797006 0.00283162 0.00101504 4.33626e-05 0.00365539 2.01275e-05 0.000629105 0.0897496 0.0208338 9.75049e-06 9.74924e-05 
1.02655e-05 1.39976e-06 3.1669e-05 0.00619718 0.239665 0.000231028 1.6212e-10 0.000273304 0.215187 0.276423 0.00469181 1.48833e-06 0.00361237 7.15239e-10 6.23787e-07 0.241902 0.00502954 5.61482e-07 0.00674204 
0.000753385 0.00276371 0.00581512 0.00466855 0.016139 0.000180467 8.52959e-08 3.77423e-07 0.705482 0.0266216 0.00631173 8.8527e-05 0.00570099 0.000282743 0.211589 0.00910207 0.00338194 0.00012056 0.00099791 
2.696e-05 0.00212188 3.53433e-05 4.69101e-05 3.62374e-05 1.30628e-08 6.15618e-09 3.20212e-08 0.00479643 0.963402 0.028572 0.000165829 2.37935e-05 2.71597e-08 0.000721898 2.55355e-05 7.30327e-09 2.42251e-08 2.50251e-05 
1.78481e-05 0.000127474 1.29164e-05 0.867236 9.69035e-05 1.24401e-05 1.08548e-09 5.64609e-09 3.44799e-05 0.131992 1.78221e-05 2.58441e-09 6.08051e-05 5.27259e-06 7.36337e-06 9.1538e-05 0.000267207 4.27147e-09 2.02566e-05 
9.57219e-07 0.389071 3.97871e-08 0.0840785 1.64207e-06 0.00613922 1.17062e-08 6.08893e-08 5.31789e-06 0.337872 0.0997957 2.78712e-08 3.84108e-05 5.16452e-08 0.000144693 0.0345807 0.0475788 7.6768e-07 0.000692095 
9.61917e-06 1.01929e-07 3.48935e-06 0.000196656 0.0028911 0.000551652 5.02821e-08 2.61541e-07 0.000532434 0.000126679 0.000284288 1.29419e-05 0.00254327 0.0169937 6.42076e-05 0.967538 0.00748842 1.97865e-07 0.000762499 
0.000289175 6.73891e-07 0.0127964 0.0126347 0.023583 6.96329e-07 1.74105e-10 1.39231e-07 0.00766144 0.846326 9.26602e-06 1.333e-06 0.00374358 0.0211958 2.19702e-05 0.000233155 2.4208e-07 0.0712317 0.000270306 
9.8679e-06 8.82093e-07 1.29324e-05 1.7172e-05 1.32648e-05 1.04841e-09 4.94088e-10 2.56998e-09 0.0508716 0.782523 0.045872 6.07017e-05 8.70869e-06 2.17981e-09 6.48682e-06 0.120583 8.85146e-06 2.52951e-06 9.15892e-06 
0.0488181 0.00235361 0.296543 0.00326528 0.0201296 0.000362829 5.13077e-05 0.00253992 0.358388 0.0993118 0.00407129 0.0174889 0.0114746 5.40875e-05 0.00514397 0.0994056 0.00803518 0.0220084 0.000555058 
0.000355564 0.0790316 0.00900755 0.00172648 0.0659186 0.00270464 8.779e-08 6.59079e-07 0.668795 0.136684 0.0204102 3.72588e-05 0.0019305 8.61739e-06 0.00751192 0.0030497 0.00093032 0.0017837 0.000113032 
6.20874e-07 0.0116296 2.35001e-09 0.213227 2.03208e-08 2.20997e-06 6.91422e-10 3.59641e-09 0.00010569 0.0460464 0.403163 1.6462e-09 2.60354e-08 3.0504e-09 0.290742 8.54428e-07 8.20255e-10 1.60248e-07 0.0350826 
0.000256453 7.91656e-05 0.000230925 0.000399499 0.0186199 4.95406e-05 9.85225e-07 5.12461e-06 0.00429308 0.00342148 0.0075696 0.00111544 0.00420736 0.0548048 0.000527426 0.900093 0.00063306 0.000592555 0.00310036 
