0.0111055 0.181927 0.000920051 0.12364 0.0950693 0.00271713 0.000545887 8.033e-08 0.327973 0.0443494 0.0931734 0.000757982 0.0173881 0.000238913 0.0641136 0.0327282 0.00181996 4.37164e-07 0.00153175 
4.14337e-05 0.171253 0.000523652 0.0669331 0.0747649 0.000952556 0.110004 5.71432e-09 0.0205265 0.402901 0.125001 0.000503751 0.00262746 0.00710839 0.00777319 0.00520218 0.00119599 2.91983e-05 0.00265912 
0.0379199 0.0117246 0.512344 0.0107298 0.0303027 0.000857654 0.000628441 2.67485e-11 0.33587 0.0309861 0.0018181 0.00361024 0.00324542 6.01772e-06 0.00857448 0.00634795 0.00415362 0.000680776 0.000199994 
0.00572006 3.8919e-07 3.8871e-07 0.0319898 3.89147e-07 0.000389293 3.89072e-07 3.88439e-07 0.0614127 0.0408967 0.00408681 0.00322797 0.0101168 3.88558e-07 3.89139e-07 0.0545948 3.89043e-07 0.785111 0.00245131 
5.5995e-05 0.0292392 0.00238908 5.23248e-05 0.00720056 3.64659e-05 0.109962 1.82665e-06 0.00694574 0.782257 0.018309 0.00010192 0.0357848 0.00101609 0.0003434 0.00539206 0.000279532 1.27407e-05 0.000620361 
0.000512328 0.0825665 0.00614545 0.0200952 0.0074607 0.00195112 0.125638 4.35692e-10 0.0380016 0.03704 0.479507 0.0215307 0.00392716 0.000107618 0.143224 0.00477627 0.00744564 1.70498e-06 0.0200683 
0.00173998 0.60815 0.00017516 0.0307097 0.0315712 0.000119493 0.0002332 1.64688e-09 0.264023 0.00240217 0.0196757 0.000283693 0.0107386 7.37395e-06 0.0186877 0.00382789 0.0052194 7.41333e-07 0.00243477 
0.0116487 0.0819173 0.00210588 0.0221813 0.0982991 0.00493846 8.78077e-05 6.24575e-09 0.621205 0.104362 0.0136011 0.000869138 0.00390813 0.000468148 0.00514599 0.0202509 0.00692712 0.00168823 0.000395591 
0.985355 0.00109395 1.77672e-05 0.00205399 0.000695741 0.000105994 5.09684e-05 4.25977e-11 0.00652415 9.22493e-05 0.000312196 0.000597162 0.00216667 1.87683e-06 2.65434e-05 0.000811224 4.76899e-05 5.19475e-06 4.15256e-05 
6.42564e-05 0.291174 0.000655671 0.500824 0.025521 0.000874869 0.000636059 5.10716e-09 0.0524068 0.0250393 0.0534919 0.000194354 0.0153875 0.000227492 0.0173441 0.00808696 0.00126631 4.09353e-06 0.00680216 
0.985355 0.00109395 1.77672e-05 0.00205399 0.000695741 0.000105994 5.09684e-05 4.25977e-11 0.00652415 9.22493e-05 0.000312196 0.000597162 0.00216667 1.87683e-06 2.65434e-05 0.000811224 4.76899e-05 5.19475e-06 4.15256e-05 
0.985355 0.00109395 1.77672e-05 0.00205399 0.000695741 0.000105994 5.09684e-05 4.25977e-11 0.00652415 9.22493e-05 0.000312196 0.000597162 0.00216667 1.87683e-06 2.65434e-05 0.000811224 4.76899e-05 5.19475e-06 4.15256e-05 
4.32585e-05 0.439393 0.0107309 0.410315 0.0449736 0.00106309 0.0149571 7.78691e-08 0.0162223 0.00807256 0.0158033 0.000114593 0.00213712 2.5983e-06 0.00275375 0.0317941 0.000474319 1.96058e-05 0.00112902 
3.07272e-05 0.0710564 1.26386e-05 0.8538 0.0193858 2.97333e-05 0.000391031 4.9553e-12 0.00322823 0.000665523 0.015471 0.00145595 0.0202721 8.69527e-09 0.00209242 0.00439202 0.000406791 9.54839e-07 0.00730901 
2.8707e-05 0.0147542 7.23927e-05 0.0365679 0.808666 0.000110824 0.000529884 2.75371e-09 0.0566014 0.0729415 0.00456313 6.58001e-05 0.00188979 3.15192e-06 0.00138678 0.000755708 0.000552734 0.000461648 4.84136e-05 
0.00133594 0.10522 0.00638382 0.0324729 0.160664 0.00016174 0.0436096 2.52631e-08 0.0481097 0.225173 0.242359 0.00981549 0.0157143 0.0262748 0.0187588 0.00835998 0.0129321 0.000139605 0.0425149 
0.000112838 0.435941 4.73204e-05 0.134868 0.114846 0.00016047 0.00394109 1.6149e-07 0.0288343 0.00329956 0.122508 0.000103866 0.0533405 0.000411998 0.00694195 0.0491991 0.0051485 6.07792e-05 0.0402345 
6.43709e-05 0.128458 0.000413697 0.199564 0.229454 0.00689027 0.00943871 1.41197e-06 0.0857097 0.0782372 0.0746023 0.000964866 0.0249756 0.00411466 0.00709764 0.0742999 0.0484922 3.41323e-06 0.0272183 
0.985355 0.00109395 1.77672e-05 0.00205399 0.000695741 0.000105994 5.09684e-05 4.25977e-11 0.00652415 9.22493e-05 0.000312196 0.000597162 0.00216667 1.87683e-06 2.65434e-05 0.000811224 4.76899e-05 5.19475e-06 4.15256e-05 
5.51781e-05 5.5192e-05 5.51239e-05 5.51884e-05 5.51859e-05 5.51514e-05 5.51753e-05 5.50855e-05 0.331197 5.51818e-05 0.667865 5.51459e-05 5.51779e-05 5.51024e-05 5.51848e-05 5.5183e-05 5.51712e-05 5.51126e-05 5.51699e-05 
3.36345e-06 0.101724 1.97126e-07 0.0138324 0.0618866 6.22493e-08 0.0130242 5.13289e-10 0.425786 0.326498 0.0117477 8.55409e-06 0.00287109 6.81533e-07 2.90308e-05 0.00449396 0.00695676 9.7917e-05 0.0310401 
0.000616353 0.252474 0.0739786 0.0599091 0.0460338 0.000604852 0.0218736 8.11649e-06 0.122297 0.0572256 0.198857 0.0513161 0.0306751 0.00102742 0.00256402 0.00260037 0.0033094 1.35418e-05 0.0746157 
1.60974e-06 0.230319 7.75001e-06 0.375304 0.00062637 0.00413627 0.164435 3.4481e-07 0.00584648 0.00101705 0.0993129 2.73471e-05 0.000705091 0.000145054 7.36573e-06 0.11262 0.000171194 2.60932e-06 0.00531454 
0.000744662 0.00906805 0.0020935 0.00230521 0.0305854 7.0091e-05 0.0162857 2.96602e-08 0.0622425 0.83171 0.0266199 2.25135e-05 0.00773301 2.30211e-06 0.00614166 0.00274081 4.14264e-05 0.00155798 3.46636e-05 
0.000738499 0.082128 5.5011e-05 0.0160016 0.00602289 0.000203243 0.108818 1.19102e-06 0.0270119 0.0671233 0.266144 0.000326872 0.00567953 6.48553e-05 0.00952624 0.0106919 0.000519383 1.442e-06 0.398943 
1.42716e-05 0.0611549 0.000326214 0.0169751 0.00171396 0.00042913 0.211915 1.13222e-07 0.0865827 0.278128 0.253563 0.000385885 0.000133272 0.000161525 0.00645889 0.00196819 0.00166719 1.05569e-06 0.078421 
0.00384265 0.298814 0.000226542 0.116141 0.348397 6.13502e-05 0.00343606 5.21648e-05 0.0656259 0.0218373 0.0626755 0.000782574 0.0131136 7.1016e-05 0.00951441 0.0131567 0.040418 5.37116e-05 0.00178074 
0.000330258 0.0100287 2.98987e-07 0.0418685 0.00368523 0.000201714 5.78844e-05 4.99782e-12 0.00622542 1.98053e-06 0.0050363 0.00129849 0.93059 6.00852e-09 5.73431e-05 0.000446508 3.8073e-05 1.48008e-07 0.000133067 
1.70835e-05 0.0210605 0.000778185 0.0184264 0.00128431 1.50476e-06 0.000497788 4.11208e-08 0.000560115 0.000380808 0.0191472 6.50436e-05 0.000257434 2.83326e-07 0.0114593 0.000180792 3.38614e-06 1.298e-06 0.925878 
0.985355 0.00109395 1.77672e-05 0.00205399 0.000695741 0.000105994 5.09684e-05 4.25977e-11 0.00652415 9.22493e-05 0.000312196 0.000597162 0.00216667 1.87683e-06 2.65434e-05 0.000811224 4.76899e-05 5.19475e-06 4.15256e-05 
0.000110694 0.0523828 2.24687e-06 0.0628293 0.0262428 0.589941 0.00663672 2.81442e-09 0.16139 0.00571322 0.00586955 8.3019e-05 0.0293687 9.88785e-08 0.0418778 3.23855e-06 0.0166908 3.62326e-08 0.000857162 
9.25034e-05 0.0672947 0.000986891 0.00636463 0.0211522 0.000208271 0.000541481 1.32783e-12 0.174438 0.00115448 0.00411185 8.07026e-05 0.00611098 1.82352e-06 0.705031 0.00394556 0.00799319 5.64434e-06 0.000485802 
0.51423 0.05882 0.00117577 0.00575169 0.0797643 0.00235355 0.00185583 7.93182e-12 0.153931 0.0199479 0.0231299 0.0675812 0.0233098 0.000111264 0.0452626 1.98155e-05 0.000775961 9.57154e-06 0.00196947 
0.001408 0.0345523 0.000201909 0.0235824 0.198475 0.00194993 0.0297979 2.02735e-10 0.0499607 0.0295467 0.231047 0.0111404 0.340079 6.37253e-06 0.000246552 0.0466994 0.000774589 6.85062e-09 0.000531928 
0.0243725 0.184788 0.000282994 0.0130547 0.04524 9.76464e-05 0.021148 1.11331e-11 0.0475799 0.00913596 0.310859 1.02673e-05 0.00086928 1.48379e-05 0.281443 0.00200083 0.00676103 2.20015e-06 0.0523391 
0.000140413 0.119997 0.000334259 0.035123 0.174383 0.000424031 0.00323774 3.97697e-07 0.60946 0.035699 0.0118766 1.26788e-05 0.00010521 5.46062e-06 0.000830562 0.00583041 2.85902e-05 0.0001664 0.0023455 
2.26484e-07 0.0323577 0.474238 0.0127372 0.0324854 0.000262187 0.00246948 8.71589e-08 0.130678 0.00557601 0.196874 0.000158969 0.00535523 0.000312292 0.0975293 0.00834191 7.88937e-05 3.91686e-07 0.000545074 
1.5778e-05 0.0223348 1.95215e-07 0.342268 0.0629803 0.00133968 0.005256 2.79275e-10 0.0341484 0.476242 0.0264072 0.00130192 0.00485106 3.9967e-06 0.0100305 0.00443706 0.0079827 0.000291935 0.000108886 
1.01427e-06 0.0317618 0.000131593 0.028967 0.000941636 1.81808e-05 0.00794034 1.18248e-07 0.00366863 0.00260645 0.635547 0.000710205 3.45326e-05 3.53009e-07 0.0767756 0.00098169 1.11007e-05 1.58541e-07 0.209903 
1.63859e-07 0.259537 0.000163862 0.0110463 0.0301381 0.00492993 0.029395 1.63584e-07 0.164944 0.058338 0.163521 0.000769852 0.0247756 0.00209468 0.00853827 0.221246 0.00869999 1.63665e-07 0.0118618 
1.07627e-05 0.554149 7.5998e-05 0.360063 0.0581243 1.09369e-08 0.00222697 4.00559e-12 0.00229523 0.00581672 0.0109154 0.000339941 0.00463529 4.66724e-09 4.24455e-08 0.000197449 1.37961e-05 1.23081e-09 0.00113625 
6.98952e-06 0.0194452 5.46259e-06 0.0054663 0.00343443 5.49626e-06 0.00441267 1.94003e-10 0.000621311 0.00144685 0.0264325 6.63571e-05 0.00196302 1.19169e-07 0.00361045 0.000194464 0.000182213 6.14056e-10 0.932706 
0.985355 0.00109395 1.77672e-05 0.00205399 0.000695741 0.000105994 5.09684e-05 4.25977e-11 0.00652415 9.22493e-05 0.000312196 0.000597162 0.00216667 1.87683e-06 2.65434e-05 0.000811224 4.76899e-05 5.19475e-06 4.15256e-05 
7.70984e-06 0.283882 0.000543584 0.0318564 0.0238279 0.000578843 0.0114051 1.05615e-08 0.0356346 0.0157921 0.470393 0.0023708 0.00626739 8.16292e-06 0.0563448 0.0105437 0.0496825 4.45049e-05 0.000816469 
0.00481257 0.594347 8.48662e-06 0.0631139 0.0122416 0.000279557 0.141468 7.72576e-07 0.0653334 0.0026666 0.0643804 0.00229128 0.0233159 1.42588e-05 0.00790937 0.0111541 0.00559392 1.03976e-06 0.00106772 
0.00121951 0.126394 3.04616e-06 0.125659 0.131323 0.000504238 0.000117325 1.46151e-09 0.0213302 0.0101589 0.0196674 0.000111672 0.139786 0.000486664 0.0139888 0.0616685 0.346521 7.52512e-07 0.00105969 
0.00013507 0.0241792 1.85129e-05 0.0199447 0.00431313 0.00100768 0.0244334 4.88636e-08 0.0342169 0.0518918 0.546304 6.5483e-05 0.0189439 1.32702e-05 0.00560087 0.0366221 0.00288922 3.52252e-07 0.22942 
0.000155637 0.302652 0.000151465 0.372966 0.107796 5.8762e-07 0.00277143 4.12762e-10 0.0385114 0.0548909 0.0440172 0.0619022 0.000251929 1.84662e-07 0.00463269 0.00602171 0.000418186 3.83365e-07 0.00285885 
0.0259197 7.71724e-05 0.00527105 6.17504e-08 0.00895154 2.29326e-06 5.96894e-05 7.12212e-11 0.00810792 0.0736042 1.67558e-08 0.858698 0.000118052 0.0156247 2.33057e-09 2.54316e-08 0.000448558 0.00311746 1.50169e-08 
0.000815898 0.0748381 0.00249485 0.0219752 0.283017 0.00183496 0.00128073 2.28204e-08 0.129342 0.277594 0.0852123 0.000861332 9.05291e-05 0.000750741 0.000410633 0.0279769 0.000712398 0.0894625 0.00132942 
0.00883133 0.0548384 2.57786e-05 0.424449 0.0736209 0.00100919 0.00327553 1.06166e-08 0.0172518 0.00446468 0.0384268 0.00931381 0.295399 0.000735596 0.0134858 0.0145337 0.00113184 2.97553e-07 0.0392066 
0.00010647 0.0371349 2.39495e-05 0.741184 0.023867 8.49692e-05 0.0044521 1.42822e-07 0.0103009 0.086504 0.0388634 0.00101926 0.0408467 6.40552e-05 0.00137715 0.00902672 0.00409567 6.14865e-05 0.000986968 
0.00022683 0.2074 0.0112557 0.154426 0.0113422 6.77928e-05 0.00583057 4.34218e-06 0.00568747 0.0141529 0.306889 0.00117209 0.188249 4.92998e-05 0.0165281 0.0201769 0.00549832 7.11639e-06 0.0510359 
0.0299137 0.00349877 0.000549439 0.0056225 0.0111038 0.000298187 0.000110243 3.83096e-05 0.116028 0.63769 0.0976432 0.0843314 0.00471669 0.000167354 0.00199783 0.00165629 0.000404368 0.00232624 0.00190274 
1.22835e-05 0.14041 0.0208379 0.723445 0.017374 4.65113e-05 0.00910821 4.12027e-08 0.00881398 0.00941079 0.0263435 6.85116e-05 0.00143481 9.10586e-07 0.0257507 0.00332251 0.000404351 6.41699e-06 0.0132092 
1.62412e-05 0.0721079 1.83201e-05 0.838118 0.000767749 3.25029e-06 0.000386328 1.76684e-12 0.000169537 0.000209231 0.0300699 0.000313701 0.00428517 8.08728e-06 0.0368941 0.00358928 0.000319282 3.15637e-06 0.0127212 
0.0248579 0.00354865 3.37042e-05 0.018554 0.00445145 0.00237418 0.000159288 3.45899e-12 0.013197 0.00145 0.0013886 0.000969012 0.925439 0.000505929 0.000548838 0.0019186 0.000234961 4.63068e-07 0.000368578 
0.0575522 0.0313688 4.7047e-05 0.034116 0.0390866 0.000165153 0.104229 1.87808e-10 0.129697 0.0101377 0.435799 0.000583892 0.00720233 1.43724e-05 0.00764203 0.00871469 0.00159072 4.55913e-06 0.132049 
9.47979e-06 0.202353 1.23631e-05 0.705889 0.00338267 3.72518e-06 0.000552196 9.38427e-08 0.00247957 0.000644219 0.0253693 0.000686226 0.0463692 5.80985e-07 0.00172075 0.00364246 9.62052e-05 7.61752e-06 0.00678162 
4.06011e-05 0.0176496 0.00075818 0.0196737 0.0279552 0.000173778 0.00514552 5.03676e-08 0.00677109 0.00214228 0.302757 0.000123684 0.00978096 3.01683e-06 0.0304778 0.0380244 0.00428281 4.68338e-05 0.534194 
5.53883e-05 0.197394 0.000301213 0.474084 0.102701 0.00162763 0.00106973 1.13029e-11 0.0226808 0.0466256 0.0408713 0.00819491 0.0223947 5.83767e-05 0.0510401 0.0146527 0.00581958 6.90442e-06 0.0104218 
0.0132036 0.0650588 1.28068e-05 0.0720024 0.0739169 0.0265358 0.341054 8.5903e-09 0.109943 0.13307 0.0591424 0.00499496 0.0766679 4.8272e-05 0.0011774 0.00449141 0.00827285 1.41466e-05 0.0103933 
0.079192 0.010805 0.00274178 0.0129159 0.0174929 0.00213135 0.000669712 2.13329e-06 0.226041 0.00918721 0.00347224 0.037858 0.567272 0.0182385 0.00198374 0.00921054 0.000397369 1.35038e-05 0.000375614 
3.37783e-06 0.678827 6.77894e-05 0.126235 0.0504943 4.63567e-05 0.00982294 4.82675e-11 0.0770004 0.0127561 0.00451408 0.000159781 0.00540594 2.03075e-06 4.17753e-05 0.0317366 0.00284003 1.14762e-05 3.4385e-05 
0.00871882 0.010499 3.9478e-05 0.0643858 0.00528406 0.00120967 0.000281159 2.25147e-12 0.00680185 0.0013406 0.00959904 0.00180326 0.879334 4.88181e-05 0.00461175 0.0044391 0.00106054 1.20634e-06 0.000541574 
0.00318987 0.0882038 2.39124e-05 0.454359 0.00855592 0.00487161 0.0111977 4.38993e-09 0.0316303 0.00128257 0.0374459 0.00625336 0.326904 0.000116783 0.00916797 0.00670365 0.000529083 1.24872e-05 0.00955197 
7.3581e-05 0.0109581 0.000375688 0.0540256 0.0410125 0.000461242 0.013127 1.41315e-07 0.0270265 0.0178176 0.705237 0.00459775 0.0513556 0.00145344 0.0301907 0.0153957 0.000493085 3.23682e-05 0.0263664 
3.21792e-05 0.149988 1.68155e-07 0.690998 0.0373671 9.84526e-05 5.88837e-05 1.03987e-11 0.0113753 9.13182e-05 0.00150818 2.4107e-05 0.096107 2.63255e-09 1.03084e-05 0.0115413 0.000778786 3.59504e-08 2.04502e-05 
0.00238853 0.178367 0.00390097 0.117784 0.153037 0.00387298 0.00833747 3.21285e-07 0.0849108 0.0270181 0.119837 0.000332816 0.0430378 0.000107726 0.0354403 0.169446 0.0483601 1.41437e-05 0.00380603 
0.548892 0.153463 0.00035317 0.0550773 0.0636966 0.000168132 0.00214502 8.50974e-10 0.112494 0.00404808 0.0181937 0.00564165 0.0171918 9.96856e-06 0.00740523 0.00246321 0.00101944 0.000292337 0.00744628 
0.000377189 0.216614 0.050348 0.195318 0.041387 0.000311942 0.00742904 2.25164e-08 0.053951 0.179944 0.125135 0.00484224 0.106497 7.74085e-05 0.00376333 0.00619345 0.00148147 8.78998e-05 0.00624157 
1.09368e-05 0.0319653 4.07251e-07 0.196721 0.0178299 0.0029027 0.000366245 1.405e-08 0.00691831 5.86425e-05 0.0114131 3.98733e-05 0.0103753 7.78933e-05 0.0538758 0.00901206 0.656405 6.90534e-07 0.00202681 
3.07272e-05 0.0710564 1.26386e-05 0.8538 0.0193858 2.97333e-05 0.000391031 4.9553e-12 0.00322823 0.000665523 0.015471 0.00145595 0.0202721 8.69527e-09 0.00209242 0.00439202 0.000406791 9.54839e-07 0.00730901 
0.00378683 0.00327391 5.37029e-08 0.00121545 0.00281921 5.07529e-07 1.65288e-07 2.93416e-11 1.78666e-06 0.000477572 4.06774e-06 0.186429 0.80144 4.38036e-07 3.74918e-07 3.58216e-07 3.60043e-07 5.55172e-08 0.000550301 
0.014144 0.252344 0.00258078 0.419798 0.156796 0.00168633 0.0089879 6.66815e-06 0.0360933 0.0121287 0.0299857 0.00284305 0.00820732 0.000563473 0.0251281 0.024896 0.00204673 7.93745e-05 0.00168422 
7.62047e-06 0.0523968 1.22461e-06 0.426283 0.313821 2.57621e-06 1.82799e-06 2.27828e-09 0.0080294 0.142485 0.00197393 5.38717e-05 0.00717282 1.22927e-06 0.0420328 0.00554583 0.000153473 3.5275e-05 2.4057e-06 
0.000526497 0.00257368 0.987084 0.00211347 0.00044741 2.56826e-06 5.05555e-05 6.34329e-13 0.000325016 0.00106768 0.0015165 1.37184e-05 4.62876e-05 1.0344e-09 0.00113006 0.000100093 1.29823e-05 0.000375809 0.00261354 
7.43099e-05 0.0592 0.00199789 1.24701e-05 0.0121031 0.347601 0.000719298 1.40681e-08 0.238371 0.0238218 0.20523 1.63817e-05 0.05524 0.00231316 0.00159986 0.00279285 0.0485643 1.49506e-05 0.000326719 
0.00970383 0.0227137 0.000323568 0.0195648 0.0352987 0.000565134 0.0569698 1.63629e-07 0.021026 0.167403 0.0480128 0.37742 0.112061 0.0830344 0.00684371 0.00505145 0.000479305 2.83e-05 0.033501 
0.985355 0.00109395 1.77672e-05 0.00205399 0.000695741 0.000105994 5.09684e-05 4.25977e-11 0.00652415 9.22493e-05 0.000312196 0.000597162 0.00216667 1.87683e-06 2.65434e-05 0.000811224 4.76899e-05 5.19475e-06 4.15256e-05 
0.00242145 0.0818915 0.0275051 0.0668234 0.104859 0.0140731 0.0118859 5.69143e-08 0.24825 0.241222 0.0737925 0.0319263 0.0510094 1.12613e-06 0.0194496 0.0158694 0.00352375 0.000236696 0.00525906 
0.0520346 0.0380169 0.00950852 0.0174336 0.0100667 0.226467 0.0110524 6.40967e-10 0.321582 0.260846 0.0245468 0.0040623 0.00126487 0.00074458 0.0010921 0.0119373 0.00878161 2.51912e-05 0.000537486 
1.64699e-05 0.110273 6.78332e-06 0.815077 0.0251043 2.06027e-05 0.00269289 1.32772e-11 0.00261439 0.000754584 0.0136348 0.000872606 0.015154 8.26771e-09 0.00170671 0.00705847 0.000306555 5.14917e-07 0.00470581 
0.00520153 0.373398 0.00874642 0.0801298 0.125386 0.000277522 0.00585012 1.99125e-09 0.255785 0.0220505 0.0566029 0.000659315 0.0109688 0.000251029 0.0262796 0.011595 0.00528871 0.000584993 0.0109445 
0.985355 0.00109395 1.77672e-05 0.00205399 0.000695741 0.000105994 5.09684e-05 4.25977e-11 0.00652415 9.22493e-05 0.000312196 0.000597162 0.00216667 1.87683e-06 2.65434e-05 0.000811224 4.76899e-05 5.19475e-06 4.15256e-05 
3.27885e-05 2.06659e-08 1.91268e-08 0.00158309 1.78708e-06 0.974488 0.00120066 2.17391e-09 0.000361679 0.0170447 0.00168723 4.22188e-06 0.00334644 4.22229e-08 8.82113e-05 3.1503e-06 2.19372e-08 2.21768e-07 0.000157496 
0.00018689 0.0690354 0.0356422 0.00193385 0.0234631 0.0598881 0.00949429 4.83665e-08 0.0282655 0.549167 0.192897 0.00248421 0.00351305 6.66679e-05 0.0122151 0.00161172 0.0096272 0.000108691 0.000399697 
1.6022e-05 0.0027879 5.11294e-05 0.000472468 0.992347 5.9217e-07 0.0002024 6.13446e-10 0.000800655 0.000288378 0.00106002 5.99709e-06 0.000261437 0.0002356 5.19779e-05 0.000729729 2.24629e-05 6.05998e-05 0.000605957 
0.000911299 0.0294613 0.000220292 0.00143162 1.6854e-06 0.000107638 0.0710946 3.82187e-09 0.0695215 0.607969 0.199385 2.27023e-06 0.000342387 6.7426e-05 0.0162224 7.43289e-05 0.000538138 3.6086e-06 0.00264523 
0.000399696 0.00160563 2.52818e-05 0.001194 0.000196772 0.979961 0.000252586 7.38895e-10 0.00605027 0.00182503 0.000321044 2.30436e-05 0.00243583 5.57142e-05 0.00492213 0.000128032 0.000582222 5.67583e-06 1.57545e-05 
0.756666 0.042811 0.000848936 0.0321749 0.0101715 0.00179521 0.00155589 6.49493e-10 0.0555575 0.0366942 0.0182569 0.00830378 0.0176031 0.000197249 0.00722328 0.00387659 0.00301964 3.21914e-06 0.00324074 
2.85763e-05 0.0520957 0.00254255 0.0646501 0.284451 0.000587194 0.00233465 1.39205e-09 0.340834 0.0816158 0.0288586 3.87701e-05 0.03996 0.000302136 0.00724772 0.0781589 0.0034357 4.50598e-05 0.0128142 
0.985355 0.00109395 1.77672e-05 0.00205399 0.000695741 0.000105994 5.09684e-05 4.25977e-11 0.00652415 9.22493e-05 0.000312196 0.000597162 0.00216667 1.87683e-06 2.65434e-05 0.000811224 4.76899e-05 5.19475e-06 4.15256e-05 
9.08804e-06 0.742812 1.7079e-05 0.110969 0.0382717 1.23733e-05 0.000339877 2.76766e-09 0.0346759 0.00490964 0.0357897 0.000146125 0.00207538 8.53665e-06 0.0224254 0.00021408 0.00395218 9.11981e-07 0.00337132 
0.0361051 0.195765 0.00028409 0.0703043 0.402572 0.00427366 0.000272459 2.88419e-12 0.1907 0.00629591 0.00604998 0.00162909 0.0563362 0.000201941 0.0135451 0.00298538 0.0121937 9.38891e-06 0.000476303 
0.000770109 0.0804385 0.194648 0.046478 0.0141746 0.000263314 0.0121766 3.85085e-11 0.01876 0.00370958 0.317375 6.97619e-05 0.00251259 0.000110211 0.0295379 0.0086488 0.00198635 0.000389354 0.267951 
0.00103514 0.0518965 1.86495e-05 0.1413 0.00273153 0.000472044 0.034002 7.76186e-07 0.0933976 0.000714599 0.0194508 3.25669e-05 0.0702044 9.88287e-07 4.95146e-06 0.577421 0.00491274 0.000208448 0.00219551 
0.021822 4.64315e-06 0.0162356 0.0120761 0.0204322 0.00835615 4.64174e-06 4.63419e-06 4.64302e-06 0.903399 4.64307e-06 4.63928e-06 4.64197e-06 4.63561e-06 4.64255e-06 4.64239e-06 4.6414e-06 0.0176232 4.64129e-06 
3.99373e-06 0.0551044 3.3689e-05 0.154971 0.00240383 2.01963e-08 0.000457591 3.43336e-10 0.00433702 0.00105824 0.774002 0.000619734 0.0018039 6.97912e-08 0.00204044 5.27332e-05 0.000340246 3.81515e-07 0.0027708 
0.00015258 0.0588143 4.68419e-05 0.4614 0.0587988 0.000959701 0.000365126 1.1793e-11 0.00803519 0.00156765 0.0124243 0.00242607 0.371991 7.17766e-06 0.00413194 0.0165636 0.00183858 1.9633e-05 0.000457371 
7.89405e-08 0.0721615 9.9874e-08 0.322476 0.103864 0.00355678 0.00448819 8.39762e-12 0.336943 0.0367918 0.0175868 1.92582e-07 8.552e-07 6.90972e-08 0.00641329 3.03143e-07 0.0951392 6.98904e-08 0.000577769 
0.00143479 0.113611 0.00360437 0.0390412 0.178474 4.03283e-07 0.179231 1.6523e-08 0.346121 0.0215387 0.00251273 0.000128942 0.106967 2.20974e-05 0.000208265 0.00499197 0.00208611 2.2258e-06 2.33935e-05 
0.00208723 0.165269 0.00154841 0.350237 0.119994 0.00953015 0.0112246 5.1071e-11 0.100767 0.0467037 0.0678022 0.00679237 0.0412297 0.000139502 0.00997189 0.0424631 0.00387332 4.6064e-06 0.0203613 
0.0714657 0.0132297 0.00409434 0.0538666 0.119798 3.55853e-05 0.000108584 1.23972e-06 0.612701 0.0796075 0.0167437 0.0037424 0.00949111 9.14439e-06 5.86118e-05 0.00940229 0.00556745 4.18968e-05 3.44496e-05 
0.985355 0.00109395 1.77672e-05 0.00205399 0.000695741 0.000105994 5.09684e-05 4.25977e-11 0.00652415 9.22493e-05 0.000312196 0.000597162 0.00216667 1.87683e-06 2.65434e-05 0.000811224 4.76899e-05 5.19475e-06 4.15256e-05 
0.00188126 0.128745 1.04324e-05 0.023648 0.183563 4.05249e-05 5.14782e-05 3.42528e-10 0.551222 0.000141001 0.000682536 9.39235e-05 0.0320696 2.11693e-05 1.44701e-05 0.0588109 0.018992 7.98249e-08 1.1782e-05 
0.985355 0.00109395 1.77672e-05 0.00205399 0.000695741 0.000105994 5.09684e-05 4.25977e-11 0.00652415 9.22493e-05 0.000312196 0.000597162 0.00216667 1.87683e-06 2.65434e-05 0.000811224 4.76899e-05 5.19475e-06 4.15256e-05 
0.0173701 0.00200841 2.74339e-06 0.004504 0.00293673 0.00158804 0.000111459 6.01166e-12 0.019918 0.00162879 0.0120668 0.00761911 0.067911 0.848297 0.00892014 0.00329157 0.000376062 9.90332e-06 0.00144047 
0.000670727 0.288331 0.000223403 6.98732e-08 0.0145191 0.00231132 0.0132519 6.97429e-08 0.124581 0.018144 0.11835 0.000370114 0.0346366 6.97643e-08 0.239042 0.0230769 0.11594 6.97772e-08 0.00655199 
0.000713164 0.141574 7.99893e-05 0.000266123 0.00209053 0.000107913 0.0029565 3.28706e-07 0.130754 0.000867296 0.00334055 1.78575e-05 0.0411685 4.7576e-06 2.80881e-06 0.670834 0.0052092 4.16153e-06 7.76162e-06 
0.000526497 0.00257368 0.987084 0.00211347 0.00044741 2.56826e-06 5.05555e-05 6.34329e-13 0.000325016 0.00106768 0.0015165 1.37184e-05 4.62876e-05 1.0344e-09 0.00113006 0.000100093 1.29823e-05 0.000375809 0.00261354 
0.00622551 0.287663 0.000213361 0.0439528 0.14768 0.00309682 0.010428 1.65655e-05 0.350189 0.020273 0.0465103 0.00240455 0.0558763 0.000135925 0.0116437 0.00424765 0.00667915 1.99141e-05 0.00274442 
2.81317e-05 0.372835 0.000107669 0.0461364 0.191114 0.000150626 0.00366488 1.8945e-10 0.292722 0.00746914 0.0275997 0.000268179 0.00958953 4.46946e-05 0.0100966 0.0135285 0.0119104 3.14125e-06 0.0127311 
1.70835e-05 0.0210605 0.000778185 0.0184264 0.00128431 1.50476e-06 0.000497788 4.11208e-08 0.000560115 0.000380808 0.0191472 6.50436e-05 0.000257434 2.83326e-07 0.0114593 0.000180792 3.38614e-06 1.298e-06 0.925878 
6.58699e-05 0.0296395 0.0199845 0.00821884 0.00693425 0.000558363 0.0510996 1.37189e-08 0.19204 0.381053 0.16604 0.000133075 0.00513348 0.00157356 0.0149857 0.0120899 0.106703 0.000146329 0.0036013 
0.217251 0.0257114 0.272453 0.0168134 0.0459649 0.000113653 0.00218811 6.13955e-08 0.101957 0.199927 0.0140202 0.079047 0.017035 0.000738627 0.00204833 0.00220751 0.000665282 0.000382607 0.00147613 
0.985355 0.00109395 1.77672e-05 0.00205399 0.000695741 0.000105994 5.09684e-05 4.25977e-11 0.00652415 9.22493e-05 0.000312196 0.000597162 0.00216667 1.87683e-06 2.65434e-05 0.000811224 4.76899e-05 5.19475e-06 4.15256e-05 
0.00479229 0.0475634 1.78475e-05 0.542432 0.0589242 0.000453005 0.000132081 4.58472e-07 0.0433666 0.00233551 0.0291476 0.000965474 0.0450248 0.00159444 0.154886 0.0450142 0.00625869 1.23214e-05 0.0170793 
0.000497657 0.0956338 2.23013e-05 0.130096 0.116084 4.02936e-05 0.0233738 1.8269e-10 0.0254996 0.00492115 0.0350542 0.00109821 0.552896 5.80892e-06 0.00010496 0.0128472 0.00114782 1.53014e-06 0.000676107 
8.227e-06 0.00407002 6.05134e-05 0.026786 0.00609785 0.00162656 0.0306588 1.7841e-06 0.0442148 0.748742 0.0180827 2.45149e-05 0.00886963 0.045165 0.0219969 0.0108678 0.0184099 2.46208e-05 0.0142927 
0.00602404 0.0715526 0.00204463 0.0319134 0.101238 0.00094157 0.00311556 0.00015985 0.0887635 0.57314 0.0226379 0.0121609 0.0304944 0.00551663 0.00846704 0.0176145 0.00469999 0.000362284 0.0191534 
1.09368e-05 0.0319653 4.07251e-07 0.196721 0.0178299 0.0029027 0.000366245 1.405e-08 0.00691831 5.86425e-05 0.0114131 3.98733e-05 0.0103753 7.78933e-05 0.0538758 0.00901206 0.656405 6.90534e-07 0.00202681 
0.985355 0.00109395 1.77672e-05 0.00205399 0.000695741 0.000105994 5.09684e-05 4.25977e-11 0.00652415 9.22493e-05 0.000312196 0.000597162 0.00216667 1.87683e-06 2.65434e-05 0.000811224 4.76899e-05 5.19475e-06 4.15256e-05 
4.26886e-05 0.0227993 0.0399465 0.861054 0.063256 3.25998e-07 1.35995e-06 6.01134e-08 0.00732464 2.17441e-05 0.00155802 0.000186347 0.000416681 5.92033e-05 2.84935e-07 0.00178003 0.0014753 2.1658e-06 7.51081e-05 
0.00805755 9.74355e-08 4.94732e-08 0.00703497 0.00925983 0.00709127 0.000229817 2.60575e-12 0.097615 0.77748 0.018544 0.00111828 0.033886 0.000472175 1.29035e-07 0.00535242 5.4104e-05 1.14716e-07 0.033804 
0.00330977 0.200575 0.00347535 0.377351 0.0376184 0.000732647 0.0628389 3.91932e-06 0.0260373 0.0316155 0.159088 0.00164023 0.0231468 0.000126773 0.0209197 0.0282141 0.00634691 5.27864e-06 0.0169546 
0.0051719 0.166168 0.00158553 0.189765 0.015398 0.00284479 0.0038957 1.29316e-08 0.371031 0.0122331 0.0123243 0.00557524 0.143165 0.000403364 0.00727286 0.0457837 0.0163653 4.50077e-07 0.00101753 
4.26663e-05 0.332549 8.47861e-05 0.209192 0.0074561 8.89629e-05 0.00655298 3.47175e-09 0.0160723 0.100257 0.143354 9.67984e-05 0.0482574 1.08538e-07 0.000922961 0.0307053 0.00268169 8.8757e-07 0.101685 
0.00217707 0.000392554 0.0017833 0.00136644 0.000457142 0.000599836 0.000323115 1.1071e-08 0.00218517 0.0475559 0.0375889 0.00283995 0.000246816 0.888999 0.0118123 0.000226914 0.000256445 1.28837e-05 0.00117652 
0.0010074 0.284604 0.000687631 0.0799743 0.25007 4.70578e-05 0.00105631 2.00686e-05 0.133637 0.0840219 0.0327809 0.000582224 0.00108084 0.00449234 0.0119871 0.0333206 0.00154773 0.0684421 0.0106409 
2.52606e-05 0.22609 9.65664e-05 0.154722 0.0584466 0.000119775 0.000770021 1.17821e-05 0.0483784 0.00280893 0.00777912 0.00310856 0.0346421 0.00131552 0.00312774 0.235898 0.220769 8.81855e-05 0.00180271 
0.985355 0.00109395 1.77672e-05 0.00205399 0.000695741 0.000105994 5.09684e-05 4.25977e-11 0.00652415 9.22493e-05 0.000312196 0.000597162 0.00216667 1.87683e-06 2.65434e-05 0.000811224 4.76899e-05 5.19475e-06 4.15256e-05 
0.00744195 0.06332 0.00631996 0.0155852 0.0919836 0.00115275 0.00622888 7.78886e-08 0.518153 0.21102 0.0190501 0.0149005 0.0116135 0.00526357 0.0147097 0.00617123 0.00383288 5.36587e-05 0.00319918 
0.000935547 0.0189813 0.00357998 0.0297677 0.0661493 0.00517506 0.00763666 3.84839e-10 0.509345 0.252341 0.0298675 6.03657e-05 0.00491923 0.006345 0.0127153 0.0231489 0.0212923 1.04665e-06 0.00773833 
0.985355 0.00109395 1.77672e-05 0.00205399 0.000695741 0.000105994 5.09684e-05 4.25977e-11 0.00652415 9.22493e-05 0.000312196 0.000597162 0.00216667 1.87683e-06 2.65434e-05 0.000811224 4.76899e-05 5.19475e-06 4.15256e-05 
0.000300603 0.21456 0.000376338 0.286268 0.229776 0.00305011 0.00465628 4.02884e-09 0.0875164 0.0454299 0.040051 0.00421618 0.0233059 1.84455e-05 0.0342085 0.00548075 0.0152444 2.66435e-05 0.00551489 
1.62412e-05 0.0721079 1.83201e-05 0.838118 0.000767749 3.25029e-06 0.000386328 1.76684e-12 0.000169537 0.000209231 0.0300699 0.000313701 0.00428517 8.08728e-06 0.0368941 0.00358928 0.000319282 3.15637e-06 0.0127212 
0.00919271 0.0384868 5.40133e-06 0.0149813 0.144267 0.00101737 1.83421e-05 6.92958e-08 0.144351 0.470283 0.0660764 0.0465603 0.0351264 2.45152e-05 0.00368475 0.02298 0.00208983 2.24031e-05 0.000832484 
0.0157229 0.077421 6.60885e-05 0.36828 0.0521824 0.00492617 0.00885789 2.39519e-06 0.110868 0.20729 0.0476329 0.00104919 0.0588463 0.000368655 0.00798841 0.013607 0.00663042 7.41566e-06 0.0182528 
0.000196225 0.0113087 0.00122482 0.205641 0.52936 5.09011e-05 6.92208e-05 1.11694e-05 0.074215 0.0217506 0.00615298 0.000426711 0.00945957 0.0222868 0.00511958 0.0364345 0.000758504 0.0734127 0.00212107 
0.985355 0.00109395 1.77672e-05 0.00205399 0.000695741 0.000105994 5.09684e-05 4.25977e-11 0.00652415 9.22493e-05 0.000312196 0.000597162 0.00216667 1.87683e-06 2.65434e-05 0.000811224 4.76899e-05 5.19475e-06 4.15256e-05 
2.94165e-06 0.132536 1.44512e-06 0.0299901 0.0177079 7.34769e-05 0.00310034 8.62108e-09 0.0489747 0.00044754 0.0015956 6.70319e-06 0.656371 2.39922e-08 0.00207298 0.0990749 0.00780608 0.000196 4.2903e-05 
1.55437e-05 0.198217 1.03915e-06 0.544504 0.00252777 2.6318e-05 0.00205885 8.07251e-10 0.00486984 0.000722236 0.045383 0.000152518 0.0729422 2.76152e-06 0.000532202 0.126909 0.00103406 7.87899e-07 0.000101595 
0.00180267 0.173801 0.000766065 0.00697285 0.00291905 0.000655821 0.0330048 1.63358e-07 0.124271 0.485273 0.103698 2.96933e-07 0.00396916 3.93504e-07 0.00208529 0.0582187 0.000795224 8.26029e-05 0.00168494 
0.000399696 0.00160563 2.52818e-05 0.001194 0.000196772 0.979961 0.000252586 7.38895e-10 0.00605027 0.00182503 0.000321044 2.30436e-05 0.00243583 5.57142e-05 0.00492213 0.000128032 0.000582222 5.67583e-06 1.57545e-05 
0.000526497 0.00257368 0.987084 0.00211347 0.00044741 2.56826e-06 5.05555e-05 6.34329e-13 0.000325016 0.00106768 0.0015165 1.37184e-05 4.62876e-05 1.0344e-09 0.00113006 0.000100093 1.29823e-05 0.000375809 0.00261354 
0.985355 0.00109395 1.77672e-05 0.00205399 0.000695741 0.000105994 5.09684e-05 4.25977e-11 0.00652415 9.22493e-05 0.000312196 0.000597162 0.00216667 1.87683e-06 2.65434e-05 0.000811224 4.76899e-05 5.19475e-06 4.15256e-05 
0.985355 0.00109395 1.77672e-05 0.00205399 0.000695741 0.000105994 5.09684e-05 4.25977e-11 0.00652415 9.22493e-05 0.000312196 0.000597162 0.00216667 1.87683e-06 2.65434e-05 0.000811224 4.76899e-05 5.19475e-06 4.15256e-05 
7.11895e-05 0.0217532 0.00705538 0.00746249 0.0476804 0.57071 0.00916649 9.80769e-11 0.0786045 0.0595131 0.160279 3.1077e-05 0.00446663 3.56768e-05 0.00985969 0.00890294 0.00302065 4.27866e-06 0.0113827 
4.98991e-05 0.297197 0.000591654 0.0721274 0.0440178 0.00046706 0.0715424 4.17137e-10 0.269887 0.157451 0.069373 0.00290951 0.00365779 2.25617e-05 6.04185e-07 0.000679818 0.00393069 8.89232e-06 0.00608583 
1.39212e-05 0.699984 5.51911e-05 0.0387621 0.0345234 1.87908e-05 0.00282596 9.20011e-13 0.0318537 0.00774453 0.134383 0.000212833 0.00058311 9.74397e-06 0.0335439 5.19229e-05 0.00403464 1.12756e-08 0.0113994 
0.000526497 0.00257368 0.987084 0.00211347 0.00044741 2.56826e-06 5.05555e-05 6.34329e-13 0.000325016 0.00106768 0.0015165 1.37184e-05 4.62876e-05 1.0344e-09 0.00113006 0.000100093 1.29823e-05 0.000375809 0.00261354 
0.985355 0.00109395 1.77672e-05 0.00205399 0.000695741 0.000105994 5.09684e-05 4.25977e-11 0.00652415 9.22493e-05 0.000312196 0.000597162 0.00216667 1.87683e-06 2.65434e-05 0.000811224 4.76899e-05 5.19475e-06 4.15256e-05 
0.000362232 0.0373287 2.49291e-06 0.0259035 0.0575218 0.000270915 0.0526997 1.63672e-07 0.00524005 0.513495 0.230934 0.00200479 0.0067147 0.00296125 0.0109271 0.0215627 0.0228544 1.89858e-05 0.00919694 
0.0173701 0.00200841 2.74339e-06 0.004504 0.00293673 0.00158804 0.000111459 6.01166e-12 0.019918 0.00162879 0.0120668 0.00761911 0.067911 0.848297 0.00892014 0.00329157 0.000376062 9.90332e-06 0.00144047 
0.000453232 0.162301 0.00093652 0.212433 0.00906933 0.000642989 0.020774 3.04098e-08 0.0558045 0.00449371 0.10253 0.000173866 0.391892 0.000574098 0.00330821 0.0325753 0.00144482 5.11071e-07 0.00059273 
1.83458e-05 0.174797 0.000247503 0.0381781 0.0723388 0.00120126 0.52274 4.46567e-06 0.09115 0.0350049 0.0333637 0.00453741 0.00805414 1.56038e-05 0.0055191 0.00242308 0.00993214 1.62389e-05 0.000458236 
0.00174077 0.186457 0.00229405 0.0418396 0.0417295 0.0354893 0.00391389 1.70077e-09 0.111508 0.162473 0.0665404 0.00487397 0.0196708 0.287154 0.00879454 7.45151e-05 0.00040544 8.76082e-07 0.0250403 
3.28948e-05 0.0873297 6.12459e-06 0.0987106 0.00364404 0.000431582 0.0889341 1.36318e-08 0.0780857 0.00144353 0.102088 0.000362315 0.518103 2.00225e-06 0.00570872 0.00917291 0.00472763 2.62528e-07 0.00121647 
0.000592752 0.0128932 2.38047e-05 0.0142931 0.044193 0.000318524 0.00260693 2.50407e-11 0.0464488 0.00278656 0.0178265 0.0394088 0.274323 0.500456 0.000613846 0.026419 0.0163075 1.67526e-06 0.000487335 
0.985355 0.00109395 1.77672e-05 0.00205399 0.000695741 0.000105994 5.09684e-05 4.25977e-11 0.00652415 9.22493e-05 0.000312196 0.000597162 0.00216667 1.87683e-06 2.65434e-05 0.000811224 4.76899e-05 5.19475e-06 4.15256e-05 
1.14581e-05 0.106266 0.00242659 0.0194802 0.718681 6.73434e-05 0.00917507 3.16629e-07 0.0472865 0.00779509 0.0444444 2.79694e-05 0.00383731 0.0224455 0.00148675 0.0137722 0.002305 1.96511e-05 0.000471389 
3.16651e-07 0.0444687 0.00188427 2.88985e-06 0.219839 3.82e-05 0.011074 3.24467e-08 0.0249393 0.599795 0.0865064 0.000434665 9.61096e-06 0.000497398 0.00229808 0.00727838 0.000639863 0.000211053 8.23665e-05 
0.000190421 0.176894 0.000253121 0.133185 0.0176377 0.000724578 0.00731518 2.11558e-07 0.0237849 0.03742 0.385926 0.000562752 0.0991419 0.0553992 0.0155898 0.0314487 0.00186507 1.05289e-05 0.0126509 
0.000277585 0.119942 0.00261639 0.0264191 0.232856 0.00484953 0.00186107 3.86384e-08 0.37393 0.0809086 0.065013 0.00133999 0.00285491 4.75627e-05 0.0808032 0.000873332 0.0042811 3.5789e-05 0.00109096 
0.985355 0.00109395 1.77672e-05 0.00205399 0.000695741 0.000105994 5.09684e-05 4.25977e-11 0.00652415 9.22493e-05 0.000312196 0.000597162 0.00216667 1.87683e-06 2.65434e-05 0.000811224 4.76899e-05 5.19475e-06 4.15256e-05 
7.86536e-06 0.11628 3.10435e-07 0.316807 0.0230673 5.91923e-08 0.181823 4.5099e-10 0.098872 0.0899158 0.144809 3.57341e-08 0.00660456 3.93918e-07 3.67236e-05 0.0153839 0.00138146 3.96885e-05 0.00497133 
0.000329652 0.00346188 9.1838e-05 0.0043598 0.00581066 0.92869 0.0242618 5.45035e-09 0.00715411 0.00263013 0.00547243 0.000320901 0.0044081 5.00785e-05 0.0112626 0.0014734 5.90961e-05 2.1071e-07 0.000162942 
0.00719149 0.0642222 0.0204276 0.356901 0.120755 0.00126704 0.04371 9.75284e-06 0.0138608 0.1737 0.0519487 0.00316733 0.0500578 0.000113918 0.0210885 0.00553785 0.000391626 8.22363e-05 0.0655666 
0.0523309 0.00463106 1.80721e-05 0.00200321 0.00638302 0.00552826 1.05343e-05 1.95182e-10 0.0102923 0.00441803 0.0149537 0.00619776 0.526423 0.0365485 0.328222 0.000163037 5.53769e-07 1.11017e-06 0.00187516 
0.985355 0.00109395 1.77672e-05 0.00205399 0.000695741 0.000105994 5.09684e-05 4.25977e-11 0.00652415 9.22493e-05 0.000312196 0.000597162 0.00216667 1.87683e-06 2.65434e-05 0.000811224 4.76899e-05 5.19475e-06 4.15256e-05 
0.0195034 0.0774479 0.00342176 0.0505777 0.0118271 5.35759e-05 0.0144673 2.21849e-07 0.0635978 0.00691293 0.481874 0.000875972 0.00473086 3.69301e-05 0.0330007 0.00392211 0.000594128 1.05359e-05 0.227145 
0.00137302 0.173084 0.0145843 0.0617551 0.198746 0.000543425 0.0940805 1.56897e-07 0.0774426 0.220365 0.0794108 0.0144757 0.0151875 0.000617766 0.00219363 0.0375847 0.00061006 1.45201e-06 0.00794418 
0.0180765 0.0333685 0.0212984 0.258428 0.232808 0.0018515 0.00193293 1.70802e-07 0.142216 0.14979 0.00643274 0.0213359 0.103268 6.54212e-05 0.000895909 0.00458543 0.00127651 0.000890988 0.00147951 
2.57695e-05 0.0760376 0.00420679 0.55511 0.0336148 2.02074e-05 0.00830914 1.10237e-10 0.0114663 0.00101737 0.0216664 0.00122826 0.0128809 8.12849e-05 0.0173368 0.0541148 0.201491 1.64433e-05 0.00137593 
0.00668919 0.206204 0.000643291 0.521572 0.0559487 0.000415028 0.00930696 3.63126e-06 0.00777364 0.0130875 0.0762579 0.000144983 0.0316987 2.68498e-05 0.0486937 0.0141747 0.00083959 7.6339e-06 0.00651193 
9.52225e-05 0.0229594 0.0101646 0.0699614 0.096467 0.000101894 0.00502424 2.3654e-07 0.163538 0.526621 0.0210875 6.94076e-06 0.0216286 6.16278e-05 0.0222974 0.00289266 0.0283045 1.00859e-05 0.0087784 
0.0417867 1.30576e-05 1.30415e-05 1.30567e-05 0.11099 1.30479e-05 0.047006 1.30324e-05 1.30572e-05 0.13187 0.117529 0.426638 0.0809492 1.30364e-05 1.30559e-05 0.00523522 1.30526e-05 1.30388e-05 0.0378649 
0.000131077 0.277966 0.293762 0.0473449 0.0158073 7.79088e-05 0.001005 4.13581e-07 0.0176687 0.27319 0.0328327 0.030527 0.000413767 3.57224e-05 0.00267801 0.000291308 1.18051e-05 7.84632e-05 0.00617848 
2.33923e-05 0.0183363 2.10032e-05 0.0197306 0.0394261 0.00119973 0.000817386 5.40404e-08 0.00838746 0.0119192 0.0041505 8.4676e-05 0.00147137 0.00479864 0.00426677 0.255277 0.629046 5.40396e-06 0.00103885 
0.00786793 0.0957001 3.33718e-05 0.259604 0.0969179 0.00378275 0.000438793 9.25568e-11 0.0396086 0.0786946 0.0207189 0.00153245 0.342676 0.0012706 0.000461117 0.00680833 0.00168756 1.87896e-05 0.042179 
0.000588104 0.0171368 0.000524631 0.00871945 0.00680109 0.856853 0.00229899 2.08387e-07 0.0203952 0.0240358 0.0185731 0.00145209 0.0178985 0.00116287 0.0169184 0.00368289 0.00221703 1.09564e-05 0.000730506 
1.67359e-05 0.155343 1.28763e-05 0.326787 0.0257738 2.49788e-05 0.0106069 2.31471e-07 0.0222286 0.00413616 0.187537 4.96315e-06 0.0762468 1.33805e-05 0.00123135 0.1299 0.0548491 5.06499e-06 0.00528244 
0.00195339 1.8312e-05 0.0051564 0.013064 0.0269517 0.0306109 0.000564612 1.16683e-08 0.182657 0.474212 0.0429423 0.016133 0.0129707 0.000710724 0.00431485 0.151176 0.0360356 1.81954e-05 0.000510484 
4.42275e-05 0.0228704 0.0042571 0.00555514 0.0163649 0.00255123 0.033408 5.94919e-07 0.0107715 0.0634661 0.691025 8.44533e-05 0.00222342 0.00186647 0.0351872 0.00915091 0.00175476 1.25515e-06 0.0994172 
0.00297337 0.0434176 0.000570646 0.0472333 0.0195005 0.0109698 0.0122526 5.55131e-07 0.0290019 0.0251871 0.201603 0.00141065 0.018315 0.0036564 0.0706185 0.00820176 0.00293375 1.63421e-05 0.502137 
0.985355 0.00109395 1.77672e-05 0.00205399 0.000695741 0.000105994 5.09684e-05 4.25977e-11 0.00652415 9.22493e-05 0.000312196 0.000597162 0.00216667 1.87683e-06 2.65434e-05 0.000811224 4.76899e-05 5.19475e-06 4.15256e-05 
7.25601e-07 0.375547 1.40859e-06 0.358179 0.00106116 2.35229e-07 0.00205232 2.89031e-08 0.000355974 0.0390468 0.0278705 1.86906e-05 0.000766353 6.50058e-07 0.0553195 0.136049 0.000746683 1.74448e-07 0.00298421 
2.86534e-05 0.522289 0.000200531 0.0129462 0.0854755 0.000500372 0.00459564 1.16011e-05 0.320095 0.018963 0.0135698 7.80809e-05 0.00203226 0.0021689 0.00650326 0.00641869 0.000960443 1.77133e-05 0.00314582 
0.000117094 0.0198759 3.90539e-05 0.0148285 0.0249791 0.00119876 0.010187 2.86413e-07 0.0288847 0.764842 0.0952574 8.60939e-05 0.00466687 0.000925836 0.00423112 0.0102247 0.0183928 0.000151232 0.00111169 
4.84095e-07 0.0116086 3.00484e-08 0.0100007 0.000107736 0.000102981 0.852268 1.21977e-09 0.00286551 0.0137413 0.103418 1.47684e-08 0.000415906 7.54032e-08 0.000107775 0.00250906 2.48335e-07 1.00522e-08 0.00285328 
0.395782 0.0108139 0.00030702 0.0112355 0.0067515 0.00231443 0.00186831 3.11425e-08 0.0191009 0.0117182 0.0250716 0.464759 0.0123021 0.00766987 0.0197251 0.00112861 0.000215752 1.90684e-06 0.00923451 
