9.63272e-06 0.00985178 0.00107138 0.00107845 0.00245852 0.013481 0.00850827 0.736393 0.161946 0.00710573 0.00617222 1.06648e-05 0.000245135 7.2932e-07 0.0421745 0.000707637 0.00850307 1.1968e-05 0.000270823 
2.83979e-05 0.0681924 1.03109e-06 1.63321e-06 0.00631202 0.000406747 0.288945 0.383162 0.0215063 0.142823 0.0290747 7.29864e-05 6.79409e-05 0.00260781 2.82435e-07 0.0559218 0.000842252 3.35351e-05 5.61058e-07 
5.89698e-07 0.0569209 5.89119e-07 5.89808e-07 0.00855241 5.89412e-07 0.0377393 0.551149 0.213695 0.0307259 0.0773281 0.00141504 0.00448228 5.88889e-07 0.00619317 0.00495448 5.89624e-07 5.88998e-07 0.00684008 
9.97687e-09 0.0187191 5.44022e-06 2.81468e-05 2.84382e-05 2.45927e-08 3.04302e-05 0.820364 0.0520479 0.0024673 0.0485035 2.75943e-08 0.000250367 1.90796e-05 3.55473e-05 0.0573332 4.71417e-05 9.38894e-07 0.000119127 
5.73477e-05 0.0219803 2.53741e-06 1.65042e-08 3.83814e-05 0.000209055 0.00478352 0.892733 0.0063187 0.0714026 0.000629379 7.82478e-05 0.000301995 1.91699e-07 2.37685e-08 0.000386909 0.00107798 1.70986e-07 5.40539e-08 
3.70658e-08 0.00124823 1.46348e-07 2.88508e-06 0.000133814 9.13662e-08 0.327164 0.339058 7.99077e-05 0.332219 5.04101e-05 1.02518e-07 3.75695e-08 1.89965e-07 2.35536e-08 1.92692e-05 5.10817e-08 1.6944e-07 2.35423e-05 
0.000241226 0.220101 0.00101292 0.0155045 0.013135 0.00102481 0.0320221 0.228538 0.151352 0.0928084 0.0962142 0.00394909 0.0256547 1.10245e-09 0.00566355 0.106409 0.00600561 2.79519e-08 0.000364668 
2.69942e-07 0.0332203 0.0228589 0.0422452 0.108892 4.18339e-10 1.97152e-10 0.513236 0.0666856 0.0608217 0.149225 0.00027803 1.7202e-10 1.62121e-05 2.06154e-07 0.00232831 4.81829e-06 7.75813e-10 0.00018682 
2.42353e-06 0.0288968 1.27812e-06 0.000194057 0.00147755 0.00119461 0.199223 0.507851 0.117754 0.0633671 0.000399574 1.46773e-05 1.92768e-06 5.22713e-07 6.48107e-08 0.0415417 0.038079 4.66234e-07 1.47391e-07 
1.90388e-06 0.021499 8.60999e-07 4.06237e-05 2.32235e-08 3.32505e-06 0.00851467 0.906006 0.00984644 0.00896903 0.00119654 5.00515e-06 0.000328003 0.000142655 9.11499e-07 0.0391765 0.00426312 1.83138e-07 5.5127e-06 
0.000499316 0.0181228 0.000411143 0.0256411 0.000345931 4.70283e-06 0.0209474 0.547783 0.155038 0.0604502 0.00727608 0.00310796 0.0411548 0.000106336 7.21577e-07 0.116875 0.00221011 2.10658e-05 4.58219e-06 
0.000128676 0.019277 1.73168e-05 0.000732947 5.09747e-05 0.00024319 0.00280805 0.802638 0.00321558 0.130279 0.0125081 4.39762e-05 0.000713719 0.0108606 1.25469e-06 0.0155919 0.000176724 0.000710655 3.13704e-06 
3.47391e-07 0.0553664 0.0190338 0.064087 0.118918 5.03269e-10 2.37178e-10 0.350371 0.0795317 0.101367 0.209227 4.06792e-06 2.06942e-10 1.2839e-06 2.73506e-07 0.00193209 7.22759e-06 9.33316e-10 0.000153668 
0.000349696 0.0914284 3.88118e-05 0.0163127 0.0138584 0.000322453 0.0640876 0.48312 0.0596611 0.0733434 0.00795667 0.000482326 0.00131544 0.000257322 1.48185e-06 0.178373 0.000928267 0.000245972 0.00791706 
3.47391e-07 0.0553664 0.0190338 0.064087 0.118918 5.03269e-10 2.37178e-10 0.350371 0.0795317 0.101367 0.209227 4.06792e-06 2.06942e-10 1.2839e-06 2.73506e-07 0.00193209 7.22759e-06 9.33316e-10 0.000153668 
4.95199e-06 6.24097e-06 0.000425241 0.018539 0.000139476 5.83833e-07 2.75146e-07 0.899285 8.45005e-06 0.0746716 0.00511348 0.00139395 2.40071e-07 0.000104027 1.51836e-06 1.75247e-07 5.58643e-05 1.65457e-05 0.000233295 
0.000274552 0.00386936 0.000256232 0.000152624 3.536e-09 0.0133342 0.0117791 0.947635 0.012841 0.00650632 0.00179545 0.000219359 0.000158703 3.12624e-08 9.98032e-06 0.00115367 1.15963e-05 2.78845e-08 3.20264e-06 
4.84939e-05 6.2135e-05 5.43103e-06 0.000116311 0.00139321 3.39064e-06 1.59792e-06 0.997634 8.41109e-05 0.000367906 5.16411e-05 4.34675e-05 1.39422e-06 7.04969e-06 1.45431e-05 1.01776e-06 1.89566e-06 0.00016081 1.98783e-06 
4.87939e-08 0.0123204 0.0029495 0.0108933 5.29297e-06 0.000110006 0.00679428 0.789162 0.0241095 0.0643093 0.016421 1.55044e-05 0.000181453 0.000236239 3.03737e-07 0.0646799 0.00781168 2.23052e-07 7.05138e-08 
1.85566e-05 0.0008773 0.000254311 0.00384548 2.19959e-05 0.173117 0.00032631 0.688384 0.000689983 0.000658621 0.0236048 1.00669e-06 0.000262716 1.86539e-06 1.67123e-05 0.0642595 3.3327e-05 1.66384e-06 0.0436251 
5.22904e-05 0.0548032 1.05517e-05 0.00362417 0.000142069 0.00174902 0.0186982 0.598295 0.0993727 0.0905763 0.0937811 0.00449969 0.00112481 0.000106775 1.22604e-06 0.0328043 0.000337746 1.25752e-06 1.9217e-05 
5.2256e-07 0.0124366 5.79246e-06 0.0152407 0.00255705 0.000122363 0.0339197 0.868955 0.0225656 0.00376153 0.0221889 1.37375e-06 0.00130369 8.46642e-06 1.53945e-05 0.0164543 0.000410605 4.44555e-07 5.15859e-05 
2.00349e-06 0.254324 5.02277e-07 0.00819837 0.00184781 2.01179e-05 0.0274049 0.541762 0.0176395 0.0192165 0.0582238 3.51849e-07 0.00558728 2.13137e-06 5.82826e-06 0.0657438 9.78903e-06 1.90107e-06 8.80495e-06 
0.00011974 0.0259212 0.0399168 0.0382382 0.0287069 0.000685779 0.135322 0.355523 0.0982377 0.104416 0.00819854 0.000568312 0.000825039 0.0136537 0.000248139 0.00700351 0.00501965 0.136629 0.000766579 
5.2256e-07 0.0124366 5.79246e-06 0.0152407 0.00255705 0.000122363 0.0339197 0.868955 0.0225656 0.00376153 0.0221889 1.37375e-06 0.00130369 8.46642e-06 1.53945e-05 0.0164543 0.000410605 4.44555e-07 5.15859e-05 
3.47391e-07 0.0553664 0.0190338 0.064087 0.118918 5.03269e-10 2.37178e-10 0.350371 0.0795317 0.101367 0.209227 4.06792e-06 2.06942e-10 1.2839e-06 2.73506e-07 0.00193209 7.22759e-06 9.33316e-10 0.000153668 
4.27881e-08 0.00963246 4.82752e-08 0.0116175 9.40593e-05 0.000894797 0.0508818 0.619837 0.000359993 0.00934428 0.240739 5.82952e-12 0.00030383 1.08021e-11 0.000354917 0.0343371 4.29922e-08 9.63493e-12 0.0216036 
1.50553e-06 0.0208709 7.32307e-07 0.0528339 2.82779e-06 2.63993e-06 0.000269138 0.84972 0.00955711 0.00864037 0.0323415 3.95994e-06 1.19357e-06 2.36205e-07 3.22406e-05 0.0256051 2.76409e-06 5.58368e-06 0.00010802 
0.00127421 0.0204893 7.25318e-11 0.00588101 0.000305667 0.0058113 0.12779 0.667504 0.0246193 0.087376 0.0452444 2.75452e-09 0.000966118 9.41491e-11 0.000111826 0.00554863 2.23623e-07 8.39763e-11 0.00707875 
1.74101e-06 0.0667293 0.000136882 0.000548094 0.00300657 0.000842235 0.00229201 0.660486 0.0890644 0.00428205 0.00496022 0.000151282 0.0027383 0.0458795 0.000364298 0.115331 0.00198949 1.93238e-06 0.00119398 
0.000388887 0.047338 0.00185266 0.00989612 0.00403242 0.00210621 0.0572921 0.302929 0.11494 0.263726 0.10586 0.0169096 0.031292 0.000834799 0.0105244 0.0294528 0.000263613 0.000127074 0.000233485 
7.9394e-08 0.0450539 1.65496e-05 0.00025075 0.000217382 5.25779e-05 0.00830601 0.559786 0.138489 0.0882512 0.00258222 2.1959e-07 0.0207255 4.069e-07 5.1618e-07 0.132687 0.00357977 3.62935e-07 1.14735e-07 
0.000191119 0.0228426 2.74941e-05 0.0181035 2.53581e-06 0.00148955 0.154635 0.560069 0.00294441 0.0363762 0.166962 0.000444865 0.0242218 3.95649e-05 0.000410711 0.00925469 0.000748105 1.09975e-08 0.00123722 
2.63122e-05 0.0630709 0.00104267 0.0173327 0.0112084 0.000451089 0.00510259 0.340625 0.29003 0.0389719 0.0734512 3.15536e-05 0.00166619 0.000188515 0.000371622 0.149525 0.00603958 5.41444e-06 0.000859143 
0.000519067 0.11465 5.96422e-06 0.0375065 0.00217458 0.0013546 0.0387178 0.273451 0.061387 0.199952 0.0600821 0.00332379 0.0117263 2.60675e-05 0.000201373 0.178251 0.00357226 1.6586e-06 0.0130969 
2.3581e-05 0.0568539 1.70511e-05 0.000137429 0.00013871 0.00428111 0.0207237 0.855518 0.00406994 0.0538531 0.000167584 4.76182e-05 0.00201798 5.43843e-06 8.23635e-06 0.00164934 0.000462082 3.17509e-07 2.44634e-05 
9.17764e-05 0.0197698 0.0195658 0.0221901 0.021587 1.22139e-05 0.108752 0.377024 0.0754622 0.143436 0.004122 0.000327272 0.000609146 0.0133681 7.56888e-05 0.00696887 0.00296514 0.183179 0.000493467 
1.29888e-05 0.0878792 7.54076e-06 0.00312399 0.000127847 0.000352319 0.0111348 0.691949 0.0712941 0.0492274 0.00402288 6.58463e-05 0.00947358 2.32212e-06 3.22966e-06 0.0627711 0.00854196 3.077e-07 9.57482e-06 
0.000259342 0.101874 4.39751e-06 0.0435238 0.000305402 0.0020266 0.0352315 0.246646 0.0724416 0.195874 0.0599639 0.00230513 0.0213009 2.75393e-05 0.000272017 0.200816 0.00290265 1.65328e-06 0.0142232 
5.34113e-07 0.0153181 0.00381955 0.00587884 0.0250009 3.24824e-06 0.209006 0.332214 0.134218 0.083129 0.0403766 0.118613 0.000884688 3.86989e-10 0.0301699 0.000954831 6.72082e-07 3.45175e-10 0.00041236 
0.00131861 0.0793968 0.00152339 5.80924e-06 0.014258 0.000247304 0.0119451 0.314361 0.0855287 0.284025 0.0696985 0.00583902 0.00797792 0.021299 0.0631776 0.03691 0.00248829 1.01286e-08 7.55888e-07 
2.32956e-07 0.0480573 4.53075e-11 0.0124125 0.00967202 0.00148567 0.0362617 0.548082 0.0360199 0.239099 0.0345255 3.17383e-11 2.8032e-07 5.88109e-11 9.33438e-08 0.0343817 2.34067e-07 5.24564e-11 1.86397e-06 
3.47391e-07 0.0553664 0.0190338 0.064087 0.118918 5.03269e-10 2.37178e-10 0.350371 0.0795317 0.101367 0.209227 4.06792e-06 2.06942e-10 1.2839e-06 2.73506e-07 0.00193209 7.22759e-06 9.33316e-10 0.000153668 
2.80946e-06 0.0720825 0.000908734 2.03322e-06 2.48106e-06 4.93789e-06 0.0328287 0.783103 9.45069e-05 0.0500387 0.000323425 7.39183e-06 0.055269 5.21204e-07 6.46236e-08 0.00532574 5.15064e-06 4.64888e-07 1.46966e-07 
0.000808267 0.120215 0.000242876 0.0505263 0.00566835 0.000154819 0.0936858 0.570283 0.0166681 0.0698986 0.0397412 0.000215921 0.00147359 3.95083e-06 0.000593584 0.00359022 0.000113732 3.55655e-05 0.0260806 
8.25214e-05 0.0329316 3.66644e-05 0.0242981 0.00365069 0.00132426 0.0255418 0.478122 0.401671 0.00698405 0.0113244 0.00114149 0.00429112 6.12561e-05 0.00108667 0.00719883 8.13847e-06 5.95651e-10 0.000245507 
3.47391e-07 0.0553664 0.0190338 0.064087 0.118918 5.03269e-10 2.37178e-10 0.350371 0.0795317 0.101367 0.209227 4.06792e-06 2.06942e-10 1.2839e-06 2.73506e-07 0.00193209 7.22759e-06 9.33316e-10 0.000153668 
0.0010643 0.0630199 0.00215276 0.038063 0.0405038 0.00295367 0.0199842 0.253776 0.176647 0.0319431 0.0829789 0.00538487 0.00930483 0.000132882 0.00675789 0.246812 0.0153856 1.01319e-05 0.00312455 
2.53209e-08 0.0032545 0.00444364 0.222953 0.0448921 1.4087e-10 0.0695006 0.38916 0.0363265 0.0176041 0.135762 0.00189695 2.83071e-06 6.35713e-07 0.00418268 0.0266563 5.9146e-06 2.55299e-07 0.0433584 
0.000237699 0.121878 1.68766e-06 0.0328496 0.00262729 0.000187804 0.0753789 0.422648 0.0481842 0.186002 0.0612475 0.00430659 0.00273438 0.000242561 0.000342218 0.0374074 0.00335096 8.64847e-05 0.000286716 
3.47391e-07 0.0553664 0.0190338 0.064087 0.118918 5.03269e-10 2.37178e-10 0.350371 0.0795317 0.101367 0.209227 4.06792e-06 2.06942e-10 1.2839e-06 2.73506e-07 0.00193209 7.22759e-06 9.33316e-10 0.000153668 
1.79337e-05 0.044659 1.20959e-06 0.000976884 4.00165e-05 2.25742e-05 0.0401514 0.773468 0.00436195 0.0264551 0.0179527 4.49111e-05 0.000813686 2.23536e-05 0.000303191 0.090665 4.36122e-05 7.65172e-08 2.41895e-08 
3.47391e-07 0.0553664 0.0190338 0.064087 0.118918 5.03269e-10 2.37178e-10 0.350371 0.0795317 0.101367 0.209227 4.06792e-06 2.06942e-10 1.2839e-06 2.73506e-07 0.00193209 7.22759e-06 9.33316e-10 0.000153668 
5.89698e-07 0.0569209 5.89119e-07 5.89808e-07 0.00855241 5.89412e-07 0.0377393 0.551149 0.213695 0.0307259 0.0773281 0.00141504 0.00448228 5.88889e-07 0.00619317 0.00495448 5.89624e-07 5.88998e-07 0.00684008 
0.000206748 0.0377983 2.23329e-05 0.0148251 0.0038142 0.0023732 0.270773 0.566986 0.0212153 0.033998 0.028768 0.0043637 0.00444699 0.000639706 0.000331308 0.00903777 0.000227285 1.98587e-08 0.000173846 
3.47391e-07 0.0553664 0.0190338 0.064087 0.118918 5.03269e-10 2.37178e-10 0.350371 0.0795317 0.101367 0.209227 4.06792e-06 2.06942e-10 1.2839e-06 2.73506e-07 0.00193209 7.22759e-06 9.33316e-10 0.000153668 
4.24238e-05 0.00786907 0.000765171 0.00161846 0.00189137 0.000901487 0.00496441 0.905833 0.0128692 0.053973 0.00272197 0.000113765 0.00319025 1.70371e-06 8.92918e-08 0.00240103 0.000841005 2.40483e-06 5.58233e-07 
3.86219e-06 0.220322 2.11899e-07 0.000402246 0.0616635 0.00115653 0.00106965 0.365993 0.0110284 0.00555151 0.0196314 5.12793e-05 0.161297 2.75054e-07 2.29126e-05 0.151579 0.00020293 1.27351e-05 1.18767e-05 
3.47391e-07 0.0553664 0.0190338 0.064087 0.118918 5.03269e-10 2.37178e-10 0.350371 0.0795317 0.101367 0.209227 4.06792e-06 2.06942e-10 1.2839e-06 2.73506e-07 0.00193209 7.22759e-06 9.33316e-10 0.000153668 
0.000418354 0.0195106 3.68182e-06 0.054682 0.00235663 4.07596e-08 0.00100677 0.778845 0.00810197 0.0418768 0.0519159 0.000238646 3.72144e-05 9.26476e-07 3.50282e-06 0.0295828 0.0112357 6.16503e-06 0.000176963 
0.000291588 0.0972892 0.00202579 0.00609629 0.0894741 0.00527708 0.0146357 0.365191 0.0771692 0.0470013 0.13305 0.0399426 0.110016 0.000197182 0.00395159 0.00161806 0.00584619 4.59814e-07 0.00092624 
1.04158e-05 0.0801388 3.43254e-07 0.00379259 0.00315843 0.000107924 0.154262 0.629216 0.0178391 0.0288445 0.0057927 0.000198553 0.0202742 8.81183e-08 6.02259e-05 0.0445725 0.0116594 1.85075e-06 6.991e-05 
1.62159e-05 3.77832e-06 6.40257e-05 7.15515e-06 9.4001e-06 3.99718e-05 1.88377e-05 0.999531 5.40533e-06 1.29619e-05 4.74363e-06 4.48505e-05 1.64363e-05 8.31079e-05 1.03045e-05 1.19982e-05 2.23477e-05 7.41281e-05 2.34342e-05 
1.62159e-05 3.77832e-06 6.40257e-05 7.15515e-06 9.4001e-06 3.99718e-05 1.88377e-05 0.999531 5.40533e-06 1.29619e-05 4.74363e-06 4.48505e-05 1.64363e-05 8.31079e-05 1.03045e-05 1.19982e-05 2.23477e-05 7.41281e-05 2.34342e-05 
0.000343695 0.386556 6.77724e-06 0.0288005 0.000465125 0.000218842 0.0061471 0.440152 0.0439291 0.00390976 0.00191088 0.000211763 0.0149198 1.77408e-06 3.92786e-06 0.0410152 0.0313789 3.1055e-08 2.87047e-05 
2.82075e-05 0.0828973 0.00359517 0.00225831 0.0267281 7.85573e-05 0.23048 0.244367 0.125925 0.164021 0.0595855 0.0343214 0.000745184 1.56291e-08 0.0235788 0.000858185 0.000269412 9.34924e-06 0.000253813 
0.000153874 0.0178592 0.00212591 0.00181359 0.0337665 0.00187586 0.00305327 0.332321 0.0240088 0.0571629 0.193518 0.000657724 0.00216728 0.000165271 0.326545 0.000128938 0.000262051 7.82587e-06 0.00240783 
2.72278e-05 0.0659439 0.0227169 0.00966313 0.0155948 0.00134764 0.0601464 0.51931 0.0519493 0.121507 0.064999 6.87087e-05 0.000710061 2.47249e-06 1.0803e-05 0.0646612 0.00133989 8.12143e-07 6.07293e-07 
4.09586e-06 9.54337e-07 1.61718e-05 1.80726e-06 2.3743e-06 1.00962e-05 4.75807e-06 0.999882 1.36529e-06 3.27395e-06 1.19816e-06 1.13284e-05 4.15152e-06 2.09916e-05 2.60272e-06 3.03053e-06 5.64464e-06 1.87234e-05 5.91907e-06 
0.0184257 0.234716 0.00175896 1.03529e-06 1.03524e-06 0.0129334 0.116029 0.295231 0.0399644 0.190574 0.0200865 0.0174839 0.0142853 1.03367e-06 1.03522e-06 0.013769 0.0247366 1.03386e-06 1.03494e-06 
7.9394e-08 0.0450539 1.65496e-05 0.00025075 0.000217382 5.25779e-05 0.00830601 0.559786 0.138489 0.0882512 0.00258222 2.1959e-07 0.0207255 4.069e-07 5.1618e-07 0.132687 0.00357977 3.62935e-07 1.14735e-07 
5.69406e-05 0.0223082 1.6959e-06 6.02756e-05 7.76384e-05 0.00022985 0.00586788 0.81684 0.039501 0.108721 0.000665827 0.000149642 0.000786634 1.98857e-05 1.02959e-05 0.00379317 0.000874281 1.50224e-05 2.0411e-05 
3.86219e-06 0.220322 2.11899e-07 0.000402246 0.0616635 0.00115653 0.00106965 0.365993 0.0110284 0.00555151 0.0196314 5.12793e-05 0.161297 2.75054e-07 2.29126e-05 0.151579 0.00020293 1.27351e-05 1.18767e-05 
8.09352e-09 0.203403 2.12738e-07 4.02881e-07 1.16324e-07 3.31952e-11 0.0593045 0.479969 0.208448 0.00215106 0.00300882 2.12343e-07 0.00914197 2.34731e-07 8.55749e-12 0.0234816 0.0110907 6.15607e-11 5.06188e-08 
2.71119e-05 0.00451143 0.000845777 0.00330153 0.00458513 1.67518e-07 0.000105615 0.833081 0.00357649 0.0133079 0.0078276 1.87964e-07 0.0035047 0.000127718 0.00177145 0.114943 0.00848376 3.10663e-07 9.82104e-08 
0.000435418 0.147938 0.00155502 0.0018824 0.0152713 0.142749 0.0100768 0.496699 0.0376411 0.0820389 0.0363421 0.00620427 0.00686284 0.000820834 0.00224858 0.00988121 0.00130544 2.95962e-07 4.72173e-05 
7.63741e-05 0.00596908 0.000395996 0.000985383 0.000173683 0.000102793 0.0337979 0.83826 0.00148533 0.0464126 0.0233898 0.000162802 0.00593086 0.00027123 0.00379322 0.0387019 7.82694e-05 5.59686e-07 1.19173e-05 
0.000343695 0.386556 6.77724e-06 0.0288005 0.000465125 0.000218842 0.0061471 0.440152 0.0439291 0.00390976 0.00191088 0.000211763 0.0149198 1.77408e-06 3.92786e-06 0.0410152 0.0313789 3.1055e-08 2.87047e-05 
0.000445137 0.0758099 5.20254e-05 0.0192468 0.00851992 0.110757 0.102839 0.236726 0.0229182 0.161923 0.221735 0.00235428 0.0192663 2.45932e-05 0.000356052 0.0163162 0.000130256 1.24529e-05 0.000567701 
0.000323662 0.147632 0.000216931 0.00676081 0.00545813 0.000268173 0.00591344 0.356897 0.0295303 0.0889348 0.00817487 0.000254156 0.0348004 4.4104e-05 6.04605e-05 0.248428 0.0265706 3.80131e-06 0.0397287 
0.000536533 0.166219 2.92725e-05 0.0822031 0.0262684 0.000800169 0.00515386 0.266708 0.265294 0.0192331 0.00150365 0.000118353 0.0173062 1.26434e-05 1.02113e-05 0.143937 0.00464434 4.261e-06 1.86032e-05 
3.52325e-06 0.0221723 0.00782542 0.160827 0.0476103 1.35903e-05 5.79535e-06 0.361933 0.0318456 0.118442 0.21445 0.000181712 1.25006e-05 1.66275e-06 2.01071e-06 0.0332454 5.26642e-05 2.35517e-08 0.00137489 
1.95962e-07 0.206302 0.000102081 0.0185564 0.0642675 0.00298236 0.0503698 0.402715 0.0346302 0.0347202 0.134162 5.03123e-10 0.0437624 2.47595e-06 0.00181114 0.00233482 0.00061746 9.25272e-06 0.00265555 
3.47391e-07 0.0553664 0.0190338 0.064087 0.118918 5.03269e-10 2.37178e-10 0.350371 0.0795317 0.101367 0.209227 4.06792e-06 2.06942e-10 1.2839e-06 2.73506e-07 0.00193209 7.22759e-06 9.33316e-10 0.000153668 
2.61782e-05 0.00868788 1.03099e-06 0.000240741 1.10721e-05 9.50394e-05 0.00500903 0.881572 0.000697309 0.098961 0.00273899 3.55228e-05 8.88112e-06 7.42132e-08 9.20162e-09 0.00134086 0.000574016 6.61945e-08 2.09262e-08 
1.48788e-06 3.46676e-07 5.87462e-06 6.63079e-05 8.62498e-07 3.66758e-06 1.72844e-06 0.999743 0.000149284 1.18931e-06 4.35248e-07 4.11522e-06 1.5081e-06 7.62549e-06 9.45476e-07 1.10088e-06 2.0505e-06 6.80156e-06 2.15019e-06 
5.89698e-07 0.0569209 5.89119e-07 5.89808e-07 0.00855241 5.89412e-07 0.0377393 0.551149 0.213695 0.0307259 0.0773281 0.00141504 0.00448228 5.88889e-07 0.00619317 0.00495448 5.89624e-07 5.88998e-07 0.00684008 
0.000518189 0.102146 0.00667274 0.0474237 0.00422149 0.000146942 0.0140342 0.383224 0.00648428 0.0354585 0.0189776 0.000215747 0.0288833 0.000109952 0.000176854 0.326883 0.0238871 1.38688e-07 0.000535121 
2.62465e-06 0.0520038 0.00021272 0.00943713 1.1252e-07 0.00292462 0.0579081 0.730634 0.104072 0.0296692 0.00012707 6.91943e-06 0.000331086 1.62238e-05 1.0801e-06 0.00836829 0.00428385 8.87323e-07 2.80511e-07 
1.58374e-06 0.0049661 8.35821e-07 2.94817e-08 3.87317e-08 2.79053e-06 0.0200719 0.927396 0.0108324 0.0140699 6.40944e-05 4.16822e-06 0.000104514 3.42433e-07 4.2458e-08 0.0224075 2.89902e-06 3.05434e-07 7.45281e-05 
1.75893e-07 0.000482421 3.43916e-06 1.73888e-07 2.05757e-07 2.46874e-05 0.000256688 0.977729 0.001775 0.00548417 0.000319069 4.61998e-07 2.40159e-05 3.86166e-09 4.78803e-10 0.0138997 3.25119e-07 3.44441e-09 1.08888e-09 
3.64437e-06 0.00035831 1.37774e-05 0.0141239 3.3826e-05 0.000108841 0.0131318 0.708112 0.0104356 0.0664112 0.0556383 2.61603e-07 0.00025262 0.000253275 0.000460595 0.0973032 0.0331058 0.000222691 3.04013e-05 
2.23865e-05 0.00334962 4.28083e-05 0.000832553 0.00271563 4.25582e-05 0.000973124 0.969987 0.00695379 0.00257468 0.00363869 0.000798342 0.00101892 2.17449e-05 9.58846e-05 0.00492493 0.00114253 0.000786265 7.86412e-05 
0.000125964 0.147534 0.000308137 0.0482571 0.0016348 0.000166992 0.0159305 0.51185 0.00909105 0.0225175 0.1463 0.000648943 0.016889 1.36393e-05 0.00341083 0.06892 0.0033511 4.14057e-06 0.00304578 
3.47391e-07 0.0553664 0.0190338 0.064087 0.118918 5.03269e-10 2.37178e-10 0.350371 0.0795317 0.101367 0.209227 4.06792e-06 2.06942e-10 1.2839e-06 2.73506e-07 0.00193209 7.22759e-06 9.33316e-10 0.000153668 
0.000405029 0.0515019 0.00905294 0.0243074 0.00938238 0.000172718 0.0386562 0.52166 0.0210471 0.0062729 0.093312 0.00361658 0.00541383 1.90917e-07 0.000572772 0.0248742 0.0089961 1.09561e-05 0.180744 
5.24392e-05 0.018681 9.11535e-07 0.00424802 0.000483759 0.000586703 0.0291718 0.883958 0.0106618 0.0428456 0.00426615 9.76806e-05 0.000365337 4.87918e-07 2.05465e-06 0.00443681 0.000130254 7.78551e-08 1.14006e-05 
3.74888e-11 1.34344e-06 1.48018e-10 3.20925e-07 0.197416 4.52896e-07 0.0279631 0.761476 0.00370458 5.58267e-06 0.00943057 1.03688e-10 1.02599e-06 1.92133e-10 1.57252e-07 1.44266e-07 5.16647e-11 2.91506e-07 4.28049e-07 
7.22e-05 0.0509333 9.37803e-05 0.170101 0.0219541 0.000340526 0.00359874 0.393052 0.00361867 0.000503935 0.0520886 0.000218022 0.00675044 0.000106131 0.0171401 0.275363 0.00102464 1.6969e-05 0.00302394 
1.81225e-05 0.00120864 0.00016673 0.000351655 0.00057547 0.000534706 0.00391013 0.957009 0.00640843 0.0256001 0.00191666 6.33857e-05 0.000637571 5.84628e-08 6.03119e-11 0.00115653 0.000442987 8.68297e-08 1.3716e-10 
0.000160752 0.0201816 4.97695e-07 7.24141e-06 0.000623927 1.9238e-06 0.0294721 0.8917 0.0147223 0.0334679 0.00739847 2.79964e-05 2.50723e-05 2.14119e-06 1.46438e-08 0.000636756 0.00115452 4.36168e-07 0.000416528 
2.12732e-08 4.63629e-06 8.39934e-08 7.39188e-05 1.23317e-08 5.24378e-08 0.00366304 0.764164 3.82525e-06 0.210566 0.0140592 5.8838e-08 2.15623e-08 1.09027e-07 1.35181e-08 0.00742911 3.57795e-05 9.72463e-08 3.07426e-08 
1.19977e-06 0.108883 0.000794499 0.0156599 0.00156749 0.00264178 0.0608988 0.546651 0.01212 0.0245215 0.168333 0.000872688 0.000285612 2.16535e-06 2.49676e-05 0.0560384 0.000689127 1.38936e-05 5.11824e-07 
0.000129988 0.0906295 6.71326e-07 0.01906 0.00185192 1.64857e-05 0.0649693 0.563732 0.0740167 0.0913301 0.0555316 0.002877 0.00176564 0.000135418 0.000175926 0.0311559 0.00232241 7.02022e-05 0.000229711 
1.38797e-05 0.00911447 1.64651e-05 0.000598083 0.000669296 0.000309894 0.00117838 0.91355 0.00877526 0.0340953 0.00112966 2.69507e-05 0.00196289 7.7545e-08 1.18951e-07 0.0284463 0.00011245 3.62134e-09 3.53399e-07 
1.62159e-05 3.77832e-06 6.40257e-05 7.15515e-06 9.4001e-06 3.99718e-05 1.88377e-05 0.999531 5.40533e-06 1.29619e-05 4.74363e-06 4.48505e-05 1.64363e-05 8.31079e-05 1.03045e-05 1.19982e-05 2.23477e-05 7.41281e-05 2.34342e-05 
7.32613e-06 0.00782568 1.68192e-09 0.000584603 0.00184897 1.90457e-05 0.000299242 0.850425 0.0249976 0.111538 0.000489138 0.000219377 0.000260135 6.25842e-07 5.2344e-07 0.00104143 0.000442308 4.58716e-07 9.71055e-07 
5.84994e-05 0.0510689 0.00801765 0.00910751 0.00386928 0.000882584 0.00759933 0.750166 0.015973 0.100102 0.0150358 0.000720827 0.00491458 3.7082e-05 0.00102619 0.0298869 0.00129883 8.7142e-07 0.000233331 
9.07369e-06 6.70164e-06 0.000255364 3.71823e-05 0.00135449 3.15983e-09 4.03851e-06 0.354608 0.247802 0.0619107 0.00436172 6.03963e-05 0.172199 2.53194e-06 8.14582e-10 0.15737 6.25639e-06 1.20378e-05 1.85251e-09 
2.02914e-06 0.0153648 0.00135078 0.00170532 0.0499713 1.02881e-05 0.00116106 0.390769 0.0299861 0.0018242 0.146496 0.00282099 0.00538125 1.31115e-05 0.000133479 0.346858 0.00187165 1.62268e-05 0.00426394 
2.64869e-08 1.21377e-08 4.30627e-08 0.000713855 0.0287203 1.51438e-05 3.36809e-08 0.945371 0.00552163 0.0114546 4.05537e-08 3.61612e-08 0.00109011 1.73588e-12 1.12252e-05 2.85266e-07 4.66779e-13 0.00693873 0.000163205 
1.82656e-06 4.2559e-07 7.21186e-06 8.05956e-07 1.05883e-06 4.50242e-06 2.12188e-06 0.999947 6.08856e-07 1.46003e-06 5.34323e-07 5.05196e-06 1.85138e-06 9.36127e-06 1.16069e-06 1.35147e-06 2.51725e-06 8.34979e-06 2.63963e-06 
2.64642e-05 0.263043 0.0106718 0.0195388 0.0881334 8.39737e-06 0.000833216 0.359591 0.137957 0.00444881 0.00518558 0.000504923 0.00372544 6.89361e-06 0.00853881 0.0796097 0.0178787 5.91334e-07 0.000296884 
3.47391e-07 0.0553664 0.0190338 0.064087 0.118918 5.03269e-10 2.37178e-10 0.350371 0.0795317 0.101367 0.209227 4.06792e-06 2.06942e-10 1.2839e-06 2.73506e-07 0.00193209 7.22759e-06 9.33316e-10 0.000153668 
6.6276e-06 0.0880464 0.00869351 0.0204623 0.000364574 0.00322512 0.0143703 0.695597 0.0110762 0.0862891 0.00705428 0.000804989 0.00026844 4.27662e-06 1.35156e-09 0.06304 0.00066494 3.0886e-05 8.62272e-07 
3.47391e-07 0.0553664 0.0190338 0.064087 0.118918 5.03269e-10 2.37178e-10 0.350371 0.0795317 0.101367 0.209227 4.06792e-06 2.06942e-10 1.2839e-06 2.73506e-07 0.00193209 7.22759e-06 9.33316e-10 0.000153668 
1.22696e-05 0.018297 0.00320636 0.0271132 0.0580387 3.75423e-05 0.00132778 0.452785 0.0135314 0.0345916 0.373536 0.00130139 0.000566046 0.00126099 2.60224e-05 0.00975974 0.000328583 9.65801e-06 0.00427149 
6.0909e-07 0.0392424 3.01386e-05 0.000498832 2.86504e-06 0.000250714 0.269828 0.319771 0.00562511 0.254105 0.0214719 0.000127448 0.000869078 4.60549e-05 0.000142285 0.0744215 0.0116255 1.70327e-06 0.00193993 
2.16931e-07 0.0738653 9.67317e-08 0.00312611 0.000145687 0.000565355 0.00817274 0.469259 0.0696663 0.0658117 0.0297306 2.70721e-05 0.0157732 0.000517434 0.000638456 0.210957 2.05566e-05 1.99013e-06 0.0517215 
3.96797e-05 0.118452 0.0206816 0.0011546 0.014534 0.0842078 0.0350861 0.319126 0.231398 0.0812545 0.0144197 0.00126012 0.0122492 9.95241e-06 8.08969e-05 0.0178492 0.0481584 4.85161e-07 3.7037e-05 
5.89698e-07 0.0569209 5.89119e-07 5.89808e-07 0.00855241 5.89412e-07 0.0377393 0.551149 0.213695 0.0307259 0.0773281 0.00141504 0.00448228 5.88889e-07 0.00619317 0.00495448 5.89624e-07 5.88998e-07 0.00684008 
7.81108e-07 0.0874795 4.05565e-05 0.00389326 0.00145107 0.000387949 0.0327166 0.72928 0.00473868 0.0552768 0.00944556 0.000101249 0.00110368 1.41229e-05 0.0350243 0.0379047 0.0010563 2.71936e-07 8.41908e-05 
8.93338e-05 0.0568492 9.20542e-05 0.0168536 0.0113531 4.70393e-06 0.030076 0.840994 0.000931664 0.00205737 0.0356336 4.17782e-05 0.00339856 5.09864e-06 0.000338833 0.00101765 0.000110579 1.13309e-06 0.000151461 
4.39852e-06 0.0292129 0.0098311 0.00334894 0.00367101 0.000783258 0.011385 0.529251 0.282325 0.0758169 0.0273138 2.53105e-05 0.00895625 0.000409557 4.00008e-05 0.0123195 0.00339155 2.01219e-06 0.00191332 
5.32612e-05 0.0262024 1.50004e-05 0.0017614 0.000148626 0.000186184 0.00318004 0.447149 0.0194756 0.306984 0.013269 0.000138768 0.00056692 3.57053e-06 1.66161e-06 0.173444 0.0071231 2.76216e-06 0.000293952 
0.00336962 0.0241941 2.98713e-05 0.0539074 0.00319564 4.22926e-05 5.61957e-05 0.535375 0.0022642 0.0799072 0.00384761 0.000216735 0.000189326 4.27859e-08 9.42673e-07 0.293394 1.15052e-08 1.06347e-05 1.20645e-08 
1.50993e-05 0.0962552 0.000249437 0.00653625 0.00926741 3.025e-05 0.150549 0.316491 0.309946 0.0478827 0.0133074 0.00482889 0.00847543 3.60973e-05 0.00280921 0.0279876 0.00168022 3.26734e-07 0.0036531 
2.2154e-08 0.0218939 6.68539e-05 4.95947e-07 0.02838 0.000102491 0.00057152 0.753808 0.011208 0.175515 0.00305577 6.12742e-08 5.9773e-05 1.13541e-07 1.89638e-05 0.00432687 0.000992095 1.01273e-07 3.20155e-08 
0.00029804 0.0244601 0.00129104 0.195803 0.0094372 0.000864695 0.0102584 0.407898 0.104489 0.0149668 0.0772269 0.000166962 0.00132857 0.000774572 0.000511961 0.138707 0.00212024 0.000244359 0.00915186 
0.000309522 0.314974 0.000102092 0.0689045 0.00258868 0.000208334 0.00652342 0.430451 0.0201456 0.0102364 0.00175207 0.000212911 0.0217704 1.42026e-07 1.41256e-05 0.0905059 0.0312646 1.74059e-09 3.64228e-05 
0.000418354 0.0195106 3.68182e-06 0.054682 0.00235663 4.07596e-08 0.00100677 0.778845 0.00810197 0.0418768 0.0519159 0.000238646 3.72144e-05 9.26476e-07 3.50282e-06 0.0295828 0.0112357 6.16503e-06 0.000176963 
0.0882222 0.0264902 1.27485e-05 0.0287931 0.00590609 0.220728 0.030114 0.43035 0.0305548 0.0268392 0.0916319 0.00401759 0.00400655 3.4281e-09 8.07093e-05 0.00595867 2.21853e-05 0.00065303 0.00561798 
1.85336e-05 0.0673497 1.30113e-06 0.0027467 0.000398222 0.000331282 0.00958846 0.834772 0.00958523 0.0469389 0.000857212 0.000144155 0.00154975 2.02119e-07 1.91725e-05 0.0253684 0.00030819 5.428e-09 2.27991e-05 
3.47391e-07 0.0553664 0.0190338 0.064087 0.118918 5.03269e-10 2.37178e-10 0.350371 0.0795317 0.101367 0.209227 4.06792e-06 2.06942e-10 1.2839e-06 2.73506e-07 0.00193209 7.22759e-06 9.33316e-10 0.000153668 
3.47391e-07 0.0553664 0.0190338 0.064087 0.118918 5.03269e-10 2.37178e-10 0.350371 0.0795317 0.101367 0.209227 4.06792e-06 2.06942e-10 1.2839e-06 2.73506e-07 0.00193209 7.22759e-06 9.33316e-10 0.000153668 
6.38184e-08 0.0892803 0.000411416 0.0267173 0.0106119 0.000156725 0.0121224 0.377683 0.0760947 0.0233319 0.0302892 0.00288918 0.0724676 0.000476949 4.05536e-08 0.271404 0.00545723 1.81261e-05 0.000587716 
3.47391e-07 0.0553664 0.0190338 0.064087 0.118918 5.03269e-10 2.37178e-10 0.350371 0.0795317 0.101367 0.209227 4.06792e-06 2.06942e-10 1.2839e-06 2.73506e-07 0.00193209 7.22759e-06 9.33316e-10 0.000153668 
7.50815e-05 0.100209 1.11786e-05 0.0131044 0.000655719 0.00282393 0.0480419 0.541245 0.0368387 0.0967916 0.0525019 0.00035653 0.00111969 0.00123444 0.00601934 0.0881162 0.00382939 1.00879e-06 0.00702605 
5.51966e-06 0.0644577 4.4739e-07 0.0170807 0.00086545 7.06348e-06 0.0519804 0.269932 0.0994989 0.0552401 0.0800983 0.000437411 0.002022 0.133644 0.000587378 0.134167 0.0895233 0.000134212 0.000318015 
3.33409e-07 0.00889607 1.31641e-06 0.000289033 0.000537063 0.0029682 0.00451098 0.95929 0.00265381 0.0108401 0.00323423 0.00102749 9.57683e-05 1.70875e-06 2.11866e-07 2.4669e-07 0.00466155 1.52412e-06 0.000990515 
