0.00989454 0.229191 0.0172954 0.078318 0.0259702 4.11902e-06 0.000416201 4.1141e-06 0.48062 4.12129e-06 0.00907246 0.0140074 0.0391536 4.11536e-06 4.12151e-06 0.0778981 0.0181343 4.11612e-06 4.1204e-06 
0.985355 0.00109395 1.77672e-05 0.00205399 0.000695741 0.000105994 5.09684e-05 4.25977e-11 0.00652415 9.22493e-05 0.000312196 0.000597162 0.00216667 1.87683e-06 2.65434e-05 0.000811224 4.76899e-05 5.19475e-06 4.15256e-05 
1.62412e-05 0.0721079 1.83201e-05 0.838118 0.000767749 3.25029e-06 0.000386328 1.76684e-12 0.000169537 0.000209231 0.0300699 0.000313701 0.00428517 8.08728e-06 0.0368941 0.00358928 0.000319282 3.15637e-06 0.0127212 
6.94365e-05 0.601811 0.00107609 0.0442105 0.115268 0.000203178 0.0171099 7.36264e-06 0.0765946 0.0158697 0.0589853 0.000150447 0.00656341 0.000555861 0.00876604 0.0214915 0.0241621 1.36717e-05 0.00709287 
6.50971e-07 0.0670997 1.22727e-05 0.117894 0.00179088 0.000496924 0.573832 4.73861e-09 0.0380739 0.000128172 0.17161 0.000588188 0.00366769 1.21159e-05 0.000253213 0.0215474 0.000145042 1.67946e-07 0.00284834 
0.505547 0.0665193 8.44226e-06 0.0674216 0.247423 0.000234349 0.00117762 4.00904e-09 0.0459064 0.00280471 0.0025915 0.00204567 0.0273156 9.14248e-07 0.000188727 0.0227114 0.00695991 0.000581241 0.000563284 
0.0275732 0.129159 0.000702393 0.0996972 0.140713 0.0020762 0.0391748 8.9694e-10 0.357159 0.0155524 0.131895 0.000342743 0.010396 0.00201554 0.000975336 0.0327179 0.00950215 3.86101e-06 0.000344209 
0.000399696 0.00160563 2.52818e-05 0.001194 0.000196772 0.979961 0.000252586 7.38895e-10 0.00605027 0.00182503 0.000321044 2.30436e-05 0.00243583 5.57142e-05 0.00492213 0.000128032 0.000582222 5.67583e-06 1.57545e-05 
0.102674 0.0130577 0.000266316 0.00728531 0.0310815 0.000829298 0.00169193 1.87287e-10 0.422127 0.148991 0.00498096 0.00126595 0.251023 0.000135525 0.000193295 0.00453888 0.00973604 7.18771e-06 0.000115207 
0.0068251 0.0469594 1.02905e-05 0.178439 0.0329856 0.00461655 0.00893156 8.80482e-09 0.0782363 0.00462717 0.173388 0.00182494 0.384675 0.0211979 0.0381845 0.0127023 0.00463745 9.06358e-06 0.00175019 
0.985355 0.00109395 1.77672e-05 0.00205399 0.000695741 0.000105994 5.09684e-05 4.25977e-11 0.00652415 9.22493e-05 0.000312196 0.000597162 0.00216667 1.87683e-06 2.65434e-05 0.000811224 4.76899e-05 5.19475e-06 4.15256e-05 
2.7998e-06 0.0043191 3.0317e-05 0.00796802 0.000313329 0.0306003 0.000265301 2.92151e-11 0.00699343 0.0012876 0.877148 1.77551e-05 0.000189675 2.88145e-05 0.0466433 0.0023642 1.2212e-06 8.70108e-10 0.0218271 
0.000143942 0.0336959 0.000254335 0.00628164 0.00995703 0.00534762 0.0165321 2.47113e-06 0.508407 0.370429 0.0203907 0.000487275 0.00537704 0.00424148 0.00439332 0.00643999 0.00669326 1.99821e-05 0.000905668 
0.985355 0.00109395 1.77672e-05 0.00205399 0.000695741 0.000105994 5.09684e-05 4.25977e-11 0.00652415 9.22493e-05 0.000312196 0.000597162 0.00216667 1.87683e-06 2.65434e-05 0.000811224 4.76899e-05 5.19475e-06 4.15256e-05 
5.90395e-06 0.104454 0.000116167 0.429698 0.177109 0.000400587 0.012422 2.2853e-08 0.0106372 1.93196e-05 0.0537056 6.8045e-05 0.0208852 0.000303324 0.0664928 0.0641588 0.0581828 5.4132e-05 0.00128725 
0.000389732 0.555294 0.000208388 0.246601 0.00796415 0.000300077 0.00629473 1.69619e-12 0.0164442 0.00896163 0.0926506 0.000145286 0.0285096 0.000377197 0.00637237 0.0228781 0.00248367 2.25975e-09 0.00412466 
0.529863 0.0138555 0.19622 0.014864 0.0173954 0.000808113 0.00151293 1.87379e-09 0.186264 0.0136102 0.00342862 0.00326748 0.00482197 1.93993e-05 0.00472122 0.00596048 0.0025393 0.000566213 0.000281942 
0.024735 0.178367 0.000263584 0.0599269 0.0612174 0.0109095 0.0187035 4.03715e-11 0.452464 0.0133483 0.0252921 0.00205056 0.0351223 0.00784183 0.0651276 0.0407606 0.00322881 3.1517e-06 0.000638146 
5.92061e-06 0.154264 0.00124719 0.00581722 0.0350452 0.000690013 0.0418885 6.93992e-10 0.0457959 0.393871 0.309884 0.00108224 0.00429397 0.000313071 0.000217476 0.000198298 0.000779314 4.381e-08 0.0046077 
0.00102613 0.146578 8.36921e-05 0.00589584 0.0270985 0.000575249 0.0162184 9.97443e-09 0.651906 0.0612184 0.0350298 0.000815706 0.0133692 1.83163e-05 0.00842365 0.0214377 0.0089939 3.83108e-06 0.00130726 
0.000218807 0.529408 0.00992341 0.327278 0.00286132 0.000458329 0.00393352 2.88082e-12 0.00987318 0.00425427 0.0586351 2.16151e-05 0.0101274 2.03013e-05 0.0342761 0.00587402 0.000607496 6.58266e-06 0.00222246 
0.00100013 0.0498991 2.43236e-05 0.0273184 0.0658895 9.18865e-05 0.117168 1.23847e-05 0.156112 0.284479 0.100053 0.00860277 0.00493608 3.21031e-05 0.00648798 0.0195593 1.96895e-05 0.154694 0.00362003 
0.151163 0.0279965 0.0381062 0.0162816 0.0163708 0.100019 0.0049443 3.05834e-07 0.13916 0.00880909 0.00708011 0.419197 0.0516362 0.00153033 0.00193464 0.0138771 0.000318201 6.4348e-06 0.00156966 
0.00074421 0.00295549 7.36119e-06 0.255739 7.36946e-06 0.0773381 0.0486364 7.35605e-06 0.0346466 0.477514 7.37015e-06 0.0176813 7.36839e-06 0.0529872 7.36931e-06 0.0206408 7.3675e-06 7.35967e-06 0.0110584 
4.51097e-05 0.0531823 0.00291584 0.0176777 0.00932428 0.000163433 0.00270726 2.43808e-09 0.00307388 0.00440608 0.0956185 0.000460561 0.00163025 3.32454e-05 0.347276 0.00227335 0.00150183 4.40542e-06 0.457706 
0.000278267 0.265399 0.00065171 0.338982 0.105123 5.81998e-05 0.00100474 6.29434e-11 0.00538523 0.210657 0.0416145 0.00179176 0.0179182 0.000287194 0.000121648 0.00247276 0.000155351 8.34057e-05 0.00801493 
3.07272e-05 0.0710564 1.26386e-05 0.8538 0.0193858 2.97333e-05 0.000391031 4.9553e-12 0.00322823 0.000665523 0.015471 0.00145595 0.0202721 8.69527e-09 0.00209242 0.00439202 0.000406791 9.54839e-07 0.00730901 
2.70272e-05 0.027088 0.0225607 0.00203412 0.000272635 0.000409068 0.0360334 3.53605e-09 0.0787718 0.6935 0.131206 3.20497e-05 0.00557068 6.37633e-07 0.00116819 1.62557e-05 9.2104e-06 9.67817e-05 0.0012036 
0.000526497 0.00257368 0.987084 0.00211347 0.00044741 2.56826e-06 5.05555e-05 6.34329e-13 0.000325016 0.00106768 0.0015165 1.37184e-05 4.62876e-05 1.0344e-09 0.00113006 0.000100093 1.29823e-05 0.000375809 0.00261354 
6.98952e-06 0.0194452 5.46259e-06 0.0054663 0.00343443 5.49626e-06 0.00441267 1.94003e-10 0.000621311 0.00144685 0.0264325 6.63571e-05 0.00196302 1.19169e-07 0.00361045 0.000194464 0.000182213 6.14056e-10 0.932706 
0.00182049 0.0582162 0.00707417 0.0561494 0.255285 0.000694006 0.000855465 1.32977e-10 0.58761 0.00739584 0.00184072 0.00227039 0.0120455 4.8516e-05 0.00206712 0.00499449 0.00140591 4.15981e-05 0.000185811 
5.53046e-05 0.103407 0.00236761 0.0737932 0.042358 0.000740652 0.5235 1.42727e-06 0.0314057 0.0422831 0.128901 0.000562164 0.0109647 0.00306844 0.00476636 0.0216744 0.00551326 3.88808e-06 0.00463385 
0.000163387 0.255392 0.00205438 0.359552 0.127587 0.000923381 0.00976222 1.63191e-05 0.0710943 0.0264326 0.0498477 0.000992874 0.0135161 0.00240575 0.0220038 0.0311068 0.00453812 4.16649e-05 0.0225697 
9.71216e-05 0.00590067 6.22399e-09 0.0101849 0.00237298 0.000812396 8.89455e-06 7.14386e-12 0.0127406 0.000208681 0.0126045 0.00207987 0.951009 9.58314e-09 0.000651992 0.000836838 0.000115247 1.07464e-05 0.000365089 
0.000130268 0.2185 0.00657505 0.0452324 0.0214306 0.0664959 0.00965642 7.20179e-08 0.344703 0.0380856 0.0551569 0.00048546 0.0415138 0.000111765 0.00265218 0.129467 0.0171755 1.19574e-06 0.00262698 
1.22835e-05 0.14041 0.0208379 0.723445 0.017374 4.65113e-05 0.00910821 4.12027e-08 0.00881398 0.00941079 0.0263435 6.85116e-05 0.00143481 9.10586e-07 0.0257507 0.00332251 0.000404351 6.41699e-06 0.0132092 
0.0332782 0.47603 7.55494e-06 0.166477 0.0319373 0.000709844 0.00372481 1.90498e-08 0.0250907 0.00250362 0.0486381 0.000255141 0.136231 2.04494e-06 0.0203102 0.0485563 0.00111531 0.000369154 0.00476337 
0.0197751 0.138297 0.00100714 0.0225969 0.132986 0.0145833 0.00347031 4.54045e-08 0.409281 0.141532 0.0423493 0.00329382 0.0335451 0.00515846 0.00309715 0.00754094 0.0200131 4.61237e-06 0.00146911 
6.77558e-05 0.0395602 2.18361e-05 0.598229 0.224444 0.000702469 0.000315993 6.65361e-12 0.0400673 0.00698316 0.00339668 0.000186273 0.0577218 3.51215e-06 0.0076702 0.0124075 0.00774787 3.49424e-05 0.00043979 
0.985355 0.00109395 1.77672e-05 0.00205399 0.000695741 0.000105994 5.09684e-05 4.25977e-11 0.00652415 9.22493e-05 0.000312196 0.000597162 0.00216667 1.87683e-06 2.65434e-05 0.000811224 4.76899e-05 5.19475e-06 4.15256e-05 
0.000451844 0.179207 0.0111422 0.0427458 0.0406504 0.000883162 0.0273259 2.18738e-05 0.261473 0.18944 0.180727 0.000700703 0.00353583 0.010574 0.0168551 0.0126015 0.0159291 2.35361e-05 0.0057119 
4.59878e-05 1.45098e-09 1.34436e-09 0.00233348 1.18337e-05 0.983753 0.0011985 1.40068e-10 0.000979997 0.00133888 0.00484256 4.07113e-06 0.00497996 2.96838e-09 2.03348e-05 3.07846e-06 1.42012e-09 1.80041e-07 0.000488032 
5.49988e-05 0.119512 7.99772e-05 0.0323172 0.0213134 0.0338454 0.0767654 1.8382e-07 0.106763 0.390154 0.114986 0.000295505 0.0115986 0.0063054 0.00643771 0.0115502 0.0660662 0.00157241 0.00038205 
0.985355 0.00109395 1.77672e-05 0.00205399 0.000695741 0.000105994 5.09684e-05 4.25977e-11 0.00652415 9.22493e-05 0.000312196 0.000597162 0.00216667 1.87683e-06 2.65434e-05 0.000811224 4.76899e-05 5.19475e-06 4.15256e-05 
0.00178878 0.46409 0.000847908 0.134882 0.128725 0.00397607 0.00676603 9.42805e-07 0.0592617 0.00791385 0.0534601 0.000863369 0.0247987 6.85535e-05 0.00916639 0.0836418 0.0129258 0.00183651 0.0049872 
0.00411075 0.00167439 1.06863e-07 0.035151 0.0669273 0.0080364 0.0028809 1.34251e-11 0.410013 0.399968 0.0294603 0.000494597 0.0268098 0.000672568 2.78705e-07 0.00920636 0.00117549 9.85368e-06 0.00340957 
0.00871882 0.010499 3.9478e-05 0.0643858 0.00528406 0.00120967 0.000281159 2.25147e-12 0.00680185 0.0013406 0.00959904 0.00180326 0.879334 4.88181e-05 0.00461175 0.0044391 0.00106054 1.20634e-06 0.000541574 
0.000102967 0.0402708 1.4467e-05 0.442454 0.355733 0.0027562 0.00044015 4.41893e-12 0.0448354 0.0100914 0.00434112 0.000403584 0.0378828 0.0462452 0.00186047 0.00982025 0.00267177 2.6649e-05 4.98481e-05 
2.68116e-05 0.0414116 0.00113036 0.00981082 0.0174759 3.8599e-06 0.0278386 5.57251e-10 0.0298079 0.00142567 0.698563 4.95524e-05 0.012431 4.8374e-07 0.036718 0.0955615 0.00153792 3.50838e-07 0.0262065 
5.3114e-06 0.0849073 0.000306187 0.767278 0.0962671 5.08885e-05 0.00114145 1.43038e-09 0.00734925 0.00138405 0.0166807 0.000300529 0.0026266 8.00656e-08 0.0087365 0.0120952 3.01427e-07 1.02982e-05 0.000859778 
0.000124471 0.0739415 0.00568521 0.282977 0.216816 1.95492e-05 0.000864634 1.57047e-09 0.00952023 0.0339079 0.00563332 0.000177038 0.000599561 1.03538e-07 0.00477745 0.0195983 0.300367 0.000143412 0.0448471 
2.01899e-05 0.00790219 0.000517181 0.0174858 0.000712015 0.000157722 0.037263 5.81617e-10 0.00136206 0.000991872 0.859484 0.00239449 0.00858976 1.34133e-06 0.000195963 0.000929922 3.02284e-05 2.40853e-06 0.0619601 
0.985355 0.00109395 1.77672e-05 0.00205399 0.000695741 0.000105994 5.09684e-05 4.25977e-11 0.00652415 9.22493e-05 0.000312196 0.000597162 0.00216667 1.87683e-06 2.65434e-05 0.000811224 4.76899e-05 5.19475e-06 4.15256e-05 
0.985355 0.00109395 1.77672e-05 0.00205399 0.000695741 0.000105994 5.09684e-05 4.25977e-11 0.00652415 9.22493e-05 0.000312196 0.000597162 0.00216667 1.87683e-06 2.65434e-05 0.000811224 4.76899e-05 5.19475e-06 4.15256e-05 
0.854648 0.0202223 0.010983 0.0134842 0.017888 0.000634899 0.000485482 1.71915e-08 0.00807499 0.0566803 0.00451198 0.00681517 0.00209238 1.49948e-06 0.00174197 0.000755179 7.55009e-05 0.000579593 0.000325202 
0.985355 0.00109395 1.77672e-05 0.00205399 0.000695741 0.000105994 5.09684e-05 4.25977e-11 0.00652415 9.22493e-05 0.000312196 0.000597162 0.00216667 1.87683e-06 2.65434e-05 0.000811224 4.76899e-05 5.19475e-06 4.15256e-05 
3.79983e-05 0.143692 0.00046846 0.665186 0.0416253 0.00278124 0.00285787 3.01447e-09 0.0302431 0.00580686 0.040353 0.000578175 0.0492227 0.00045605 0.00637983 0.00872933 0.00128168 1.80512e-05 0.000282349 
4.85323e-09 0.446192 0.00441504 0.320806 0.16311 0.00132871 0.000116998 1.55119e-10 0.01568 0.0039611 0.0145697 6.5597e-05 0.00393885 1.87253e-06 0.000382098 0.0147043 0.00262182 9.98132e-07 0.00810509 
0.000525234 0.36936 2.88537e-09 0.319732 0.101714 0.00037114 0.000807054 3.24149e-12 0.0479197 0.00390975 0.0145886 0.00737958 0.0331625 3.12459e-05 0.0594143 0.00102511 9.68099e-05 4.79335e-10 0.0399631 
5.02131e-05 0.692981 0.000187936 0.0321559 0.177535 4.36385e-05 0.000657884 4.01904e-12 0.0535481 0.0185464 0.00721603 0.000119938 0.00659393 2.68051e-08 0.00221486 3.36447e-08 0.000973154 3.75506e-09 0.00717603 
0.000608073 0.0654619 0.00505474 0.126534 0.112937 0.000150186 0.00441137 3.89507e-09 0.0866743 0.399917 0.0780932 0.00264571 0.0560208 0.0152504 0.00763775 0.00123181 0.00243268 0.0256998 0.00923992 
0.114169 0.033352 0.00466986 0.117563 0.000538654 0.196296 0.0453471 3.23548e-08 0.00343072 0.0740181 0.184343 0.000267142 0.00325135 1.7291e-07 0.175226 0.00101462 1.59709e-05 0.000133363 0.0463629 
0.496779 0.00138551 0.00097884 0.00126948 0.00242579 0.000106939 5.20638e-05 2.30851e-09 0.0044005 0.00147168 0.00297759 0.477987 0.00177213 1.09299e-05 0.00197035 0.00127845 0.000152566 1.49461e-06 0.00498031 
3.37073e-06 0.690279 6.42737e-05 0.00947708 0.103648 4.60932e-06 0.00202001 7.01211e-13 0.176428 0.00149132 0.0119409 0.000147293 0.00124597 9.00606e-09 0.000410589 0.000167823 0.00085655 1.26122e-09 0.00181461 
0.00308183 0.0234893 0.00258729 0.00623309 0.0236799 0.511492 0.0172254 3.29738e-10 0.0532472 0.126929 0.185264 0.000352138 0.0153968 1.17627e-07 0.0204698 0.00094236 0.00014906 2.16519e-07 0.00946116 
6.31635e-05 0.242194 0.00178495 0.129403 0.106947 0.00453221 0.0155012 3.86631e-08 0.106903 0.191692 0.0771751 0.00214332 0.1011 0.000127527 0.000241373 0.0113603 0.0036164 0.000145264 0.00506991 
9.22658e-05 0.173779 7.48663e-06 0.484255 0.246248 0.000142675 0.00154399 8.9533e-07 0.0202052 0.00626483 0.0111339 0.000286665 0.0390273 1.66137e-05 9.94573e-05 0.0148156 0.0019327 3.30878e-05 0.000115823 
0.985355 0.00109395 1.77672e-05 0.00205399 0.000695741 0.000105994 5.09684e-05 4.25977e-11 0.00652415 9.22493e-05 0.000312196 0.000597162 0.00216667 1.87683e-06 2.65434e-05 0.000811224 4.76899e-05 5.19475e-06 4.15256e-05 
4.69998e-05 0.00273477 1.85053e-07 0.00290681 0.000341877 0.983888 0.000893737 1.39063e-10 0.00144148 0.00235765 0.000564238 1.4603e-06 0.00446145 2.81609e-09 5.65207e-05 3.06805e-05 0.000257915 6.60488e-08 1.65686e-05 
0.985355 0.00109395 1.77672e-05 0.00205399 0.000695741 0.000105994 5.09684e-05 4.25977e-11 0.00652415 9.22493e-05 0.000312196 0.000597162 0.00216667 1.87683e-06 2.65434e-05 0.000811224 4.76899e-05 5.19475e-06 4.15256e-05 
0.00223829 0.65489 4.75779e-05 0.0336161 0.0194301 4.70494e-05 0.0064117 1.7551e-08 0.108017 0.00606114 0.0100789 5.30995e-05 0.0296402 0.000865572 0.00316234 0.00598284 0.119347 2.18191e-06 0.000108854 
0.000540766 0.0361547 0.000720153 0.489364 0.0762703 1.83053e-07 0.00934089 2.49739e-08 0.144946 0.00731659 0.0422163 0.0273775 0.0732014 0.0161107 0.0164743 0.0228632 0.0339301 0.00317215 2.31844e-07 
0.000110208 0.216951 0.0787099 0.031369 0.0272123 0.000530261 0.00428099 3.98432e-08 0.17771 0.426263 0.0237764 7.46288e-05 0.00578192 0.000501067 0.00299721 0.00171281 0.000427801 0.000191967 0.00139956 
1.09368e-05 0.0319653 4.07251e-07 0.196721 0.0178299 0.0029027 0.000366245 1.405e-08 0.00691831 5.86425e-05 0.0114131 3.98733e-05 0.0103753 7.78933e-05 0.0538758 0.00901206 0.656405 6.90534e-07 0.00202681 
0.985355 0.00109395 1.77672e-05 0.00205399 0.000695741 0.000105994 5.09684e-05 4.25977e-11 0.00652415 9.22493e-05 0.000312196 0.000597162 0.00216667 1.87683e-06 2.65434e-05 0.000811224 4.76899e-05 5.19475e-06 4.15256e-05 
0.00117121 0.509284 0.00108258 0.0708045 0.170402 0.00194735 0.00293317 1.09265e-07 0.150547 0.0115258 0.0201762 0.00439737 0.0134294 0.00243746 0.0031964 0.0212241 0.00782469 0.000382723 0.00723359 
2.80363e-05 0.220673 4.62702e-05 0.422219 0.28854 0.000287176 0.00100297 3.55568e-12 0.0114302 0.00302771 0.0163415 0.000181193 0.0162415 1.32474e-05 0.000849853 0.017052 0.00189525 1.05373e-05 0.000160789 
0.00871882 0.010499 3.9478e-05 0.0643858 0.00528406 0.00120967 0.000281159 2.25147e-12 0.00680185 0.0013406 0.00959904 0.00180326 0.879334 4.88181e-05 0.00461175 0.0044391 0.00106054 1.20634e-06 0.000541574 
0.985355 0.00109395 1.77672e-05 0.00205399 0.000695741 0.000105994 5.09684e-05 4.25977e-11 0.00652415 9.22493e-05 0.000312196 0.000597162 0.00216667 1.87683e-06 2.65434e-05 0.000811224 4.76899e-05 5.19475e-06 4.15256e-05 
3.33284e-05 0.183161 3.95614e-05 0.471283 0.0159419 2.17656e-05 0.00182317 2.45249e-09 0.00723649 0.00247129 0.110889 0.000101474 0.0402792 1.55308e-05 0.0747467 0.0323265 0.00754026 9.37543e-07 0.0520892 
0.000196514 4.79283e-06 0.000325127 0.00356304 0.00254606 6.03775e-06 0.00093987 1.14851e-08 0.000553191 0.982482 0.00823632 0.000223239 2.21411e-06 0.000275886 4.82483e-07 6.75728e-07 1.01551e-06 7.2712e-06 0.000636744 
0.0172209 0.0142639 0.000430362 0.0152793 0.0107083 0.000438596 0.000724124 1.2924e-11 0.203168 0.0562841 0.0143955 0.200984 0.454022 0.00289758 0.000378084 0.00498478 0.00343266 2.05039e-07 0.000387515 
0.00100682 0.10305 0.000149665 0.0350518 0.11046 0.00069434 0.00138537 1.90653e-05 0.20069 0.0410088 0.0231987 0.00104124 0.036149 0.000293017 0.000891532 0.416385 0.028187 4.36275e-05 0.000294445 
0.0173701 0.00200841 2.74339e-06 0.004504 0.00293673 0.00158804 0.000111459 6.01166e-12 0.019918 0.00162879 0.0120668 0.00761911 0.067911 0.848297 0.00892014 0.00329157 0.000376062 9.90332e-06 0.00144047 
9.58511e-06 0.17091 0.000401127 0.00469384 0.053336 0.00115375 0.00185267 5.07701e-07 0.187799 0.0149525 0.0314244 6.55631e-06 0.0620902 5.15207e-07 6.05591e-05 0.438745 0.0311753 0.0010362 0.000351092 
0.985355 0.00109395 1.77672e-05 0.00205399 0.000695741 0.000105994 5.09684e-05 4.25977e-11 0.00652415 9.22493e-05 0.000312196 0.000597162 0.00216667 1.87683e-06 2.65434e-05 0.000811224 4.76899e-05 5.19475e-06 4.15256e-05 
3.61954e-05 0.0850596 2.78393e-05 0.126777 0.256293 0.000160254 0.000440308 2.39295e-10 0.00378672 0.00498953 0.347786 0.00121354 0.0100979 7.51257e-06 0.092909 0.0385632 0.0295871 1.03154e-07 0.00226471 
0.985355 0.00109395 1.77672e-05 0.00205399 0.000695741 0.000105994 5.09684e-05 4.25977e-11 0.00652415 9.22493e-05 0.000312196 0.000597162 0.00216667 1.87683e-06 2.65434e-05 0.000811224 4.76899e-05 5.19475e-06 4.15256e-05 
3.07272e-05 0.0710564 1.26386e-05 0.8538 0.0193858 2.97333e-05 0.000391031 4.9553e-12 0.00322823 0.000665523 0.015471 0.00145595 0.0202721 8.69527e-09 0.00209242 0.00439202 0.000406791 9.54839e-07 0.00730901 
2.16443e-05 0.195121 3.70124e-05 0.755031 0.0033756 3.69889e-06 0.00113088 6.93734e-12 0.000883784 0.000286562 0.0134069 0.000475818 0.0172448 5.6632e-07 0.00363076 0.00601895 6.80283e-05 7.82951e-07 0.00326306 
2.42518e-06 0.00558506 0.00578127 0.00743479 4.56288e-07 3.37549e-07 0.00657683 9.70203e-10 0.0325517 0.915413 0.0238215 0.000265431 6.93347e-07 1.10708e-06 4.55711e-06 0.000426761 0.00213269 5.97887e-07 4.37648e-07 
0.00107891 0.130926 0.0176489 0.0417029 0.502412 0.000799214 0.00101204 1.93007e-09 0.0428693 0.156062 0.0444386 0.000804399 0.002126 2.61137e-07 0.000646533 0.00118427 0.00961439 0.0009122 0.0457616 
0.00094288 0.47114 0.00264937 0.0550354 0.126266 0.0018527 0.0116478 3.89339e-07 0.197005 0.0168327 0.0656042 0.000514723 0.00532496 4.51553e-05 0.0273178 0.0082191 0.00605449 5.75297e-05 0.00348883 
0.985355 0.00109395 1.77672e-05 0.00205399 0.000695741 0.000105994 5.09684e-05 4.25977e-11 0.00652415 9.22493e-05 0.000312196 0.000597162 0.00216667 1.87683e-06 2.65434e-05 0.000811224 4.76899e-05 5.19475e-06 4.15256e-05 
0.00394438 0.0901214 0.000202606 0.205585 0.218067 0.00100084 0.000372607 1.49123e-09 0.134643 0.0170141 0.0704649 0.00244087 0.152323 4.35693e-05 0.000465538 0.0854387 0.0144598 1.75553e-05 0.0033955 
1.09368e-05 0.0319653 4.07251e-07 0.196721 0.0178299 0.0029027 0.000366245 1.405e-08 0.00691831 5.86425e-05 0.0114131 3.98733e-05 0.0103753 7.78933e-05 0.0538758 0.00901206 0.656405 6.90534e-07 0.00202681 
3.33327e-06 0.536985 0.000336047 0.0356263 0.00386697 0.000407814 0.00539764 3.09546e-06 0.049008 0.138649 0.146819 5.63611e-05 0.0321665 0.00337383 0.0174126 0.00292368 0.00551941 1.19719e-05 0.0214322 
0.985355 0.00109395 1.77672e-05 0.00205399 0.000695741 0.000105994 5.09684e-05 4.25977e-11 0.00652415 9.22493e-05 0.000312196 0.000597162 0.00216667 1.87683e-06 2.65434e-05 0.000811224 4.76899e-05 5.19475e-06 4.15256e-05 
0.000526497 0.00257368 0.987084 0.00211347 0.00044741 2.56826e-06 5.05555e-05 6.34329e-13 0.000325016 0.00106768 0.0015165 1.37184e-05 4.62876e-05 1.0344e-09 0.00113006 0.000100093 1.29823e-05 0.000375809 0.00261354 
1.47601e-05 0.263357 0.000179764 0.0635679 0.106288 0.00260293 0.0439672 1.16709e-05 0.0441803 0.0203898 0.192401 0.00328253 0.0205167 0.000261307 0.00681115 0.133687 0.0840767 2.38526e-05 0.0143816 
0.0795769 0.0467537 0.00123144 0.103091 0.058795 0.0119873 0.0121669 5.53985e-08 0.102252 0.0276271 0.253839 0.00288679 0.07873 0.182237 0.0112243 0.021699 0.00255042 0.000168323 0.00318325 
0.985355 0.00109395 1.77672e-05 0.00205399 0.000695741 0.000105994 5.09684e-05 4.25977e-11 0.00652415 9.22493e-05 0.000312196 0.000597162 0.00216667 1.87683e-06 2.65434e-05 0.000811224 4.76899e-05 5.19475e-06 4.15256e-05 
0.00413112 1.14319e-06 5.8047e-07 0.00268519 0.0155329 0.00255675 0.000344334 4.50228e-11 0.306913 0.516409 0.00415968 0.000499111 0.136138 0.000675999 1.51394e-06 0.00920898 0.000108811 2.91925e-07 0.000633322 
0.00164048 2.20076e-07 0.000736463 0.000945505 0.0782541 1.09439e-07 2.10433e-08 1.15128e-10 0.0131591 0.0101232 0.00845628 0.0107115 0.0233905 0.779073 0.000212947 0.0710781 2.81031e-06 1.64064e-06 0.00221421 
0.00296229 0.0958057 0.254886 0.00234106 0.0203907 0.00208848 0.000505479 2.13845e-10 0.0239512 0.457136 0.0435851 0.00067658 0.0247627 0.000383735 0.0515623 0.0136067 0.00134138 0.00255006 0.00146435 
0.0113678 0.123427 0.000535551 0.0486729 0.0175243 0.0102385 0.263637 2.69942e-06 0.0235182 0.0784902 0.295482 6.0162e-05 0.00727097 1.23779e-05 0.00190758 0.108746 0.00385599 0.000341468 0.00490939 
0.213215 0.026266 0.000722297 0.0307928 0.00341869 0.000154597 0.282215 8.29157e-11 0.0250615 0.00632908 0.0160459 0.116085 0.179837 1.10674e-07 0.000210859 0.000369099 0.000615716 2.81521e-06 0.0986586 
0.985355 0.00109395 1.77672e-05 0.00205399 0.000695741 0.000105994 5.09684e-05 4.25977e-11 0.00652415 9.22493e-05 0.000312196 0.000597162 0.00216667 1.87683e-06 2.65434e-05 0.000811224 4.76899e-05 5.19475e-06 4.15256e-05 
4.19108e-05 0.117019 1.90431e-05 0.413611 0.231381 0.000242432 0.00351593 3.07846e-08 0.0194951 5.03371e-05 0.0230344 0.000197735 0.0270778 0.00264508 0.0378115 0.050059 0.0720254 1.22295e-05 0.00176074 
5.78505e-06 0.0709739 0.000106582 0.182952 0.103784 0.000186122 0.00886306 4.23957e-06 0.458736 0.0242514 0.006052 0.00065596 0.000691983 8.86087e-05 0.00535923 0.00973831 0.121854 0.000100772 0.0055966 
0.000526497 0.00257368 0.987084 0.00211347 0.00044741 2.56826e-06 5.05555e-05 6.34329e-13 0.000325016 0.00106768 0.0015165 1.37184e-05 4.62876e-05 1.0344e-09 0.00113006 0.000100093 1.29823e-05 0.000375809 0.00261354 
4.69998e-05 0.00273477 1.85053e-07 0.00290681 0.000341877 0.983888 0.000893737 1.39063e-10 0.00144148 0.00235765 0.000564238 1.4603e-06 0.00446145 2.81609e-09 5.65207e-05 3.06805e-05 0.000257915 6.60488e-08 1.65686e-05 
0.000156698 0.0778794 0.000151684 0.051834 0.0305094 0.000227567 0.49472 2.75108e-08 0.0192608 0.0200062 0.222669 3.62478e-05 0.0130736 7.2222e-06 0.00069539 0.00135202 0.0110352 1.9966e-06 0.056384 
1.49733e-05 0.157058 0.00244443 0.165764 0.00212211 7.40172e-07 0.298578 1.77968e-09 0.00617895 0.154744 0.0973294 6.2611e-05 0.000225407 1.95105e-07 0.10418 0.00500698 0.0025719 2.75811e-06 0.00371635 
0.000114801 0.498658 8.06123e-05 0.0271522 0.0260526 7.53284e-05 0.0202895 1.95975e-11 0.0483823 0.0263396 0.158401 4.00345e-05 0.00234338 8.91017e-09 0.155803 0.000651 0.00112579 7.81483e-08 0.0344903 
0.00477313 0.101477 0.00807925 0.0303011 0.0204517 0.00982989 0.0519967 3.58027e-08 0.156031 0.254207 0.0355713 0.274978 0.0175248 4.37258e-05 0.00392794 0.0231921 0.000653161 2.7027e-07 0.00696232 
1.11098e-05 0.617753 4.773e-08 0.071819 0.00247876 0.00060678 0.00221239 3.49128e-11 0.0724816 0.000355062 0.0210684 0.000154085 0.0675887 0.000229223 0.000183719 0.132602 0.010156 9.36296e-06 0.000291408 
0.00800137 0.0332789 0.000847931 0.116323 0.0643811 0.0341519 0.0015382 1.43097e-08 0.49536 0.0229843 0.0180755 0.000748124 0.0149264 0.00740259 0.0164712 0.0368182 0.100325 0.000656997 0.0277094 
8.30053e-05 0.66651 0.000307156 0.0841009 0.0935887 0.000622002 0.0110166 9.8025e-08 0.04687 0.00104756 0.0493254 0.00216994 0.0189607 0.000382817 0.00130938 0.0208872 0.00246098 1.10147e-06 0.000356473 
1.77621e-05 0.0681054 4.29514e-05 0.0497346 0.00861429 0.000590696 0.665342 8.90939e-09 0.0224605 0.015694 0.138484 0.00173925 0.0056922 0.00094143 0.000744298 0.00439987 5.62791e-07 3.44814e-08 0.0173959 
4.55777e-05 0.0582405 7.72584e-06 0.907216 0.00431677 5.61451e-05 7.84675e-05 1.25323e-11 0.00253615 0.000505284 0.00578792 2.48988e-05 0.0139209 3.02366e-08 0.00345871 0.00321661 0.000223561 1.81807e-07 0.000364355 
0.00032276 0.366804 0.00021267 0.229466 0.0467393 0.000181357 0.0101738 2.81459e-07 0.0184298 0.0782927 0.164337 0.00324051 0.00463671 0.000533723 0.0612615 0.007274 0.000505804 1.69399e-06 0.00758709 
1.6022e-05 0.0027879 5.11294e-05 0.000472468 0.992347 5.9217e-07 0.0002024 6.13446e-10 0.000800655 0.000288378 0.00106002 5.99709e-06 0.000261437 0.0002356 5.19779e-05 0.000729729 2.24629e-05 6.05998e-05 0.000605957 
2.04596e-07 0.0597574 0.00251426 0.275908 0.107592 2.04497e-07 0.00689471 2.04252e-07 0.0219377 0.00171893 0.201369 0.00302646 0.0115394 2.04315e-07 0.252113 0.0216279 0.0184524 2.04353e-07 0.0155472 
0.0173701 0.00200841 2.74339e-06 0.004504 0.00293673 0.00158804 0.000111459 6.01166e-12 0.019918 0.00162879 0.0120668 0.00761911 0.067911 0.848297 0.00892014 0.00329157 0.000376062 9.90332e-06 0.00144047 
5.03886e-06 0.20951 2.06844e-06 0.0732019 0.00598948 0.000884859 0.42919 9.84509e-09 0.147161 0.00172195 0.0662881 0.000368694 0.0142004 1.36337e-05 0.0343146 0.00592238 0.00286508 1.03054e-08 0.00836036 
0.985355 0.00109395 1.77672e-05 0.00205399 0.000695741 0.000105994 5.09684e-05 4.25977e-11 0.00652415 9.22493e-05 0.000312196 0.000597162 0.00216667 1.87683e-06 2.65434e-05 0.000811224 4.76899e-05 5.19475e-06 4.15256e-05 
0.00871882 0.010499 3.9478e-05 0.0643858 0.00528406 0.00120967 0.000281159 2.25147e-12 0.00680185 0.0013406 0.00959904 0.00180326 0.879334 4.88181e-05 0.00461175 0.0044391 0.00106054 1.20634e-06 0.000541574 
0.00388515 0.23765 0.00101236 0.148901 0.127374 0.000543172 0.0174469 9.69964e-06 0.208594 0.0288245 0.0426363 0.00657371 0.0180504 0.000108076 0.00897618 0.0688606 0.0755416 4.58845e-05 0.00496785 
0.00314762 0.00512856 0.00488479 0.00960617 0.0607883 0.000823873 0.0394272 3.02537e-06 0.00533184 0.748082 0.0792722 0.0050124 0.00163378 0.00877142 0.00245813 0.0189612 0.00207657 8.86665e-06 0.00458158 
0.00430892 0.0284012 0.0336057 0.0727566 0.175965 0.0442043 0.0296724 2.61485e-10 0.11978 0.207218 0.131961 0.00328174 0.1351 0.000221686 0.00476476 0.00690782 0.000173975 5.95302e-05 0.00161666 
0.000667032 0.143622 0.0561365 0.152834 0.287904 0.000685197 0.00239821 2.35073e-08 0.0777381 0.0341908 0.0723263 0.000984017 0.00652738 0.000994321 0.0121843 0.0144713 0.021281 0.000404119 0.114651 
1.78799e-05 0.0736877 1.46189e-08 0.00941368 0.0095506 1.84979e-06 0.00030112 1.26189e-12 0.00521907 0.000408535 0.056389 8.58508e-05 0.000675233 4.5171e-09 0.819786 0.000213945 0.0198174 2.69366e-10 0.00443176 
0.0788327 0.0358019 0.373124 0.0653349 0.0418818 0.00366228 0.00519787 2.57498e-06 0.273959 0.0099381 0.0269343 0.0358752 0.0307575 8.68894e-05 0.0014946 0.0130924 0.000734372 0.000534217 0.00275544 
0.000395131 0.35756 0.00105356 0.424181 0.0673314 0.000261259 0.0060295 5.18954e-09 0.036403 0.0044166 0.0407153 0.000254882 0.0184657 8.22348e-05 0.0110172 0.0150113 0.00401211 1.2012e-05 0.0127983 
0.985355 0.00109395 1.77672e-05 0.00205399 0.000695741 0.000105994 5.09684e-05 4.25977e-11 0.00652415 9.22493e-05 0.000312196 0.000597162 0.00216667 1.87683e-06 2.65434e-05 0.000811224 4.76899e-05 5.19475e-06 4.15256e-05 
0.000526497 0.00257368 0.987084 0.00211347 0.00044741 2.56826e-06 5.05555e-05 6.34329e-13 0.000325016 0.00106768 0.0015165 1.37184e-05 4.62876e-05 1.0344e-09 0.00113006 0.000100093 1.29823e-05 0.000375809 0.00261354 
0.0036681 0.0832165 0.000685446 1.95601e-07 0.0511084 9.36116e-05 0.00114343 2.54675e-10 0.245407 0.0292475 0.00625327 0.289696 0.144558 0.00120042 2.18792e-07 0.0284358 0.115172 1.62393e-07 0.000113645 
1.09368e-05 0.0319653 4.07251e-07 0.196721 0.0178299 0.0029027 0.000366245 1.405e-08 0.00691831 5.86425e-05 0.0114131 3.98733e-05 0.0103753 7.78933e-05 0.0538758 0.00901206 0.656405 6.90534e-07 0.00202681 
0.00399042 0.00743532 0.00328532 0.0340166 0.0785687 0.0046584 0.0100214 8.23079e-09 0.144023 0.0311196 0.0262114 0.0137447 0.589236 0.00288642 0.0060173 0.0437137 0.000361052 1.54183e-05 0.000694952 
0.000875449 0.240231 0.000904841 0.0135707 0.0496604 0.00122282 0.00249616 7.1438e-07 0.622739 0.00522705 0.0101948 0.00109933 0.0158032 0.000100062 0.00538728 0.0205481 0.00863843 1.28102e-06 0.00129957 
0.00701143 0.168442 0.000698235 0.156252 0.167779 0.00149336 0.00273712 1.90612e-11 0.357425 0.038517 0.0275059 0.00078555 0.0327419 0.00149239 0.0111651 0.0227093 0.00221057 4.23368e-05 0.000991889 
0.00174077 0.186457 0.00229405 0.0418396 0.0417295 0.0354893 0.00391389 1.70077e-09 0.111508 0.162473 0.0665404 0.00487397 0.0196708 0.287154 0.00879454 7.45151e-05 0.00040544 8.76082e-07 0.0250403 
0.00021634 0.0313358 0.00018101 0.0449268 0.00722997 0.000784421 0.0719774 2.34804e-05 0.0636278 0.0544761 0.0678795 0.000201389 0.0246882 0.00136369 0.000520006 0.592674 0.0373149 5.13664e-05 0.000528021 
0.0123939 0.121219 0.000774623 0.169226 0.169866 0.000447359 0.0128888 7.19188e-10 0.195503 0.0205763 0.098699 0.00663516 0.116224 7.12363e-05 0.000378899 0.0645774 0.00219031 2.76052e-05 0.00830135 
2.7983e-06 0.644455 0.000692849 0.148274 0.0354363 0.000189586 0.0105896 1.05534e-10 0.0278749 0.00360844 0.112917 2.94495e-05 0.00672821 1.27059e-08 0.000106175 0.00550524 0.00224403 9.18363e-07 0.00134606 
0.985355 0.00109395 1.77672e-05 0.00205399 0.000695741 0.000105994 5.09684e-05 4.25977e-11 0.00652415 9.22493e-05 0.000312196 0.000597162 0.00216667 1.87683e-06 2.65434e-05 0.000811224 4.76899e-05 5.19475e-06 4.15256e-05 
3.0232e-05 0.196381 6.81669e-05 0.0657987 0.0078383 0.00290302 0.00685574 1.56624e-07 0.622029 0.048584 0.0296953 0.000742242 0.00609712 0.000155099 0.00329869 0.00682669 0.000977033 1.27926e-06 0.00171809 
0.000592752 0.0128932 2.38047e-05 0.0142931 0.044193 0.000318524 0.00260693 2.50407e-11 0.0464488 0.00278656 0.0178265 0.0394088 0.274323 0.500456 0.000613846 0.026419 0.0163075 1.67526e-06 0.000487335 
0.985355 0.00109395 1.77672e-05 0.00205399 0.000695741 0.000105994 5.09684e-05 4.25977e-11 0.00652415 9.22493e-05 0.000312196 0.000597162 0.00216667 1.87683e-06 2.65434e-05 0.000811224 4.76899e-05 5.19475e-06 4.15256e-05 
0.985355 0.00109395 1.77672e-05 0.00205399 0.000695741 0.000105994 5.09684e-05 4.25977e-11 0.00652415 9.22493e-05 0.000312196 0.000597162 0.00216667 1.87683e-06 2.65434e-05 0.000811224 4.76899e-05 5.19475e-06 4.15256e-05 
4.90095e-07 0.00860119 5.81604e-07 0.0416178 0.88728 1.82521e-05 0.000515538 1.03333e-08 9.22459e-06 0.012581 0.00647549 2.95879e-05 0.000178064 2.28853e-05 0.00348331 0.0357667 0.00340364 6.46414e-06 9.52373e-06 
0.000662873 0.192308 0.200969 0.0333942 0.0201903 9.64878e-06 0.00433738 8.38251e-09 0.0507452 0.0173809 0.224604 0.000691793 0.00813509 2.60298e-05 0.127397 0.00899836 0.00573269 0.000158624 0.104258 
0.00854456 0.147154 0.0156605 0.0535573 0.142506 0.000530731 0.00745594 2.71358e-09 0.12418 0.1045 0.160684 0.00606351 0.0794777 0.0110974 0.0554375 0.0538818 0.0119194 8.85812e-08 0.0173511 
0.00606938 0.0518428 0.0110878 0.027714 0.0312958 0.000554825 0.0279858 9.49625e-08 0.378512 0.192263 0.0140644 0.129217 0.0530086 0.0016298 0.00014492 0.00475425 0.0690165 4.11996e-05 0.000797453 
0.000256583 0.216439 0.0229527 0.0337603 0.01385 0.000106007 0.00237984 4.40627e-09 0.0980183 0.343145 0.241654 0.000466278 0.00185477 0.0194684 0.000231559 0.00251505 0.000175163 3.4265e-05 0.00269219 
1.09368e-05 0.0319653 4.07251e-07 0.196721 0.0178299 0.0029027 0.000366245 1.405e-08 0.00691831 5.86425e-05 0.0114131 3.98733e-05 0.0103753 7.78933e-05 0.0538758 0.00901206 0.656405 6.90534e-07 0.00202681 
0.000399696 0.00160563 2.52818e-05 0.001194 0.000196772 0.979961 0.000252586 7.38895e-10 0.00605027 0.00182503 0.000321044 2.30436e-05 0.00243583 5.57142e-05 0.00492213 0.000128032 0.000582222 5.67583e-06 1.57545e-05 
0.000236011 0.00909752 0.0135793 0.00846098 0.00146874 0.000171897 0.000200802 7.0952e-07 0.0294672 0.855742 0.0304388 0.00151882 0.000233783 0.00162849 0.000257119 0.0291666 4.1284e-06 6.33581e-05 0.0182638 
0.000931384 0.0857954 6.16985e-05 0.016543 0.0852133 0.00139662 0.000672454 5.92303e-09 0.0636031 0.00185218 0.013213 0.000794194 0.696966 0.00247249 0.000263669 0.0249481 0.00188418 2.63953e-06 0.00338688 
0.00372735 0.00513267 0.00164364 0.000808278 0.00142576 0.000145336 0.231252 3.08642e-07 0.0107151 0.00362214 0.0321605 0.287888 0.269768 7.38397e-06 0.000163818 9.99592e-05 0.000295581 4.53892e-06 0.15114 
0.00727963 0.281996 0.191612 0.111669 0.0225498 0.00224595 0.0103802 7.68216e-08 0.0235599 0.0923396 0.123704 0.00153819 0.00389378 7.68452e-08 0.109861 0.00337852 0.00117728 0.00298221 0.00983291 
1.1378e-06 0.487442 1.13668e-06 0.32934 1.13795e-06 0.00386776 0.00352811 1.13588e-06 0.0409708 1.13787e-06 0.0116094 0.0014794 0.0738438 1.13623e-06 1.13793e-06 0.0479066 1.13765e-06 1.13644e-06 1.13763e-06 
0.00162615 0.0440499 0.00401477 0.0166442 0.0477612 0.000129174 0.0424541 2.07017e-09 0.0868416 0.519135 0.204064 0.00324277 0.01901 5.83759e-06 0.000382946 1.22597e-06 0.00362365 0.000459559 0.00655398 
0.985355 0.00109395 1.77672e-05 0.00205399 0.000695741 0.000105994 5.09684e-05 4.25977e-11 0.00652415 9.22493e-05 0.000312196 0.000597162 0.00216667 1.87683e-06 2.65434e-05 0.000811224 4.76899e-05 5.19475e-06 4.15256e-05 
0.000399696 0.00160563 2.52818e-05 0.001194 0.000196772 0.979961 0.000252586 7.38895e-10 0.00605027 0.00182503 0.000321044 2.30436e-05 0.00243583 5.57142e-05 0.00492213 0.000128032 0.000582222 5.67583e-06 1.57545e-05 
1.62412e-05 0.0721079 1.83201e-05 0.838118 0.000767749 3.25029e-06 0.000386328 1.76684e-12 0.000169537 0.000209231 0.0300699 0.000313701 0.00428517 8.08728e-06 0.0368941 0.00358928 0.000319282 3.15637e-06 0.0127212 
0.000526497 0.00257368 0.987084 0.00211347 0.00044741 2.56826e-06 5.05555e-05 6.34329e-13 0.000325016 0.00106768 0.0015165 1.37184e-05 4.62876e-05 1.0344e-09 0.00113006 0.000100093 1.29823e-05 0.000375809 0.00261354 
0.00137532 0.0196292 0.000143146 0.0144998 0.0626685 0.0145968 0.00236199 1.28511e-09 0.104744 0.00699282 0.0139918 0.0312041 0.252686 0.437131 0.000952921 0.0188708 0.0177781 1.19885e-06 0.000372587 
0.985355 0.00109395 1.77672e-05 0.00205399 0.000695741 0.000105994 5.09684e-05 4.25977e-11 0.00652415 9.22493e-05 0.000312196 0.000597162 0.00216667 1.87683e-06 2.65434e-05 0.000811224 4.76899e-05 5.19475e-06 4.15256e-05 
0.985355 0.00109395 1.77672e-05 0.00205399 0.000695741 0.000105994 5.09684e-05 4.25977e-11 0.00652415 9.22493e-05 0.000312196 0.000597162 0.00216667 1.87683e-06 2.65434e-05 0.000811224 4.76899e-05 5.19475e-06 4.15256e-05 
0.985355 0.00109395 1.77672e-05 0.00205399 0.000695741 0.000105994 5.09684e-05 4.25977e-11 0.00652415 9.22493e-05 0.000312196 0.000597162 0.00216667 1.87683e-06 2.65434e-05 0.000811224 4.76899e-05 5.19475e-06 4.15256e-05 
6.64778e-05 0.100301 3.2033e-06 0.0427911 0.018803 0.000180683 0.00352678 1.48536e-11 0.0214713 0.014183 0.0708955 0.000693106 0.00193547 2.60461e-06 0.556674 0.000698102 0.000328211 2.77687e-06 0.167444 
0.00034455 0.0733198 0.00712833 0.059796 0.0288565 0.000994476 0.0776701 0.000189903 0.0160116 0.0324427 0.18759 0.000667783 0.00582162 0.000225589 0.00900588 0.0266063 0.000639291 0.0992156 0.373474 
0.00135244 0.251723 1.30683e-07 0.191173 0.0150268 0.0940823 0.0126354 5.96784e-11 0.361642 0.0220062 0.000649722 3.31029e-05 0.0210309 4.78976e-07 0.00309293 0.0252862 0.000264669 6.72706e-08 2.14744e-07 
0.00014425 0.298638 7.19947e-05 0.0563918 0.0102124 0.00262082 0.128579 3.42023e-08 0.240585 0.0316803 0.175972 0.000606551 0.00396376 2.46502e-05 0.00476707 0.00395856 0.0304465 5.15995e-06 0.0113315 
0.0363145 0.287436 0.00987006 0.0445204 0.0457054 0.0837298 0.000346842 3.91509e-08 0.331763 0.00392505 0.0314566 0.000989032 0.0324356 6.04818e-06 0.0204231 0.0694657 0.00087889 1.97766e-07 0.000733935 
0.395782 0.0108139 0.00030702 0.0112355 0.0067515 0.00231443 0.00186831 3.11425e-08 0.0191009 0.0117182 0.0250716 0.464759 0.0123021 0.00766987 0.0197251 0.00112861 0.000215752 1.90684e-06 0.00923451 
0.000618824 0.503683 0.01416 0.0535786 0.184215 2.72045e-05 0.00447312 1.52329e-09 0.0431332 0.013198 0.0879073 0.000315805 0.00428256 1.02489e-07 0.0724007 0.00258559 0.0147033 3.07927e-09 0.000718112 
0.00111742 0.0380383 0.039306 0.0829602 0.371662 0.000113291 0.00134774 7.84757e-12 0.346091 0.0307169 0.00258944 0.0186491 0.00963809 1.50385e-08 0.00333232 0.0228818 0.024688 2.05795e-07 0.00686749 
1.55865e-05 0.326469 0.00712052 0.116996 0.0268996 0.000163411 0.0186273 2.46135e-06 0.164264 0.00961719 0.16252 0.000983995 0.0564809 3.56942e-06 0.0154043 0.0413504 0.0196503 3.91648e-06 0.0334275 
0.985355 0.00109395 1.77672e-05 0.00205399 0.000695741 0.000105994 5.09684e-05 4.25977e-11 0.00652415 9.22493e-05 0.000312196 0.000597162 0.00216667 1.87683e-06 2.65434e-05 0.000811224 4.76899e-05 5.19475e-06 4.15256e-05 
0.395782 0.0108139 0.00030702 0.0112355 0.0067515 0.00231443 0.00186831 3.11425e-08 0.0191009 0.0117182 0.0250716 0.464759 0.0123021 0.00766987 0.0197251 0.00112861 0.000215752 1.90684e-06 0.00923451 
0.000445415 0.055392 0.00806614 0.0134091 0.00768042 4.74232e-05 0.251311 2.70617e-07 0.00742321 0.0408765 0.0733073 0.000363364 0.46653 5.04578e-05 5.43221e-05 0.0735294 2.21371e-05 1.27217e-05 0.00147918 
0.000443821 0.0590071 0.00165912 0.0325885 0.00313506 0.000339356 0.00269073 2.00301e-08 0.0067231 0.00240564 0.165414 0.00269297 0.00205841 8.10578e-05 0.0797142 0.00106723 4.07654e-05 1.71534e-06 0.639938 
4.44135e-05 0.217701 0.0136443 0.0183388 0.0993047 0.000149794 0.00599555 9.86258e-08 0.14952 0.288835 0.18665 0.0004011 0.0035002 0.0010964 0.000544018 0.00166155 0.0108997 1.69354e-05 0.00169606 
4.65389e-06 0.0582829 0.000389089 0.141661 0.122417 2.39742e-05 0.110868 6.0713e-08 0.0112895 0.0468683 0.152476 0.00475431 0.0310939 1.13181e-06 0.124777 0.0204878 0.00193727 1.28235e-06 0.172667 
0.00407254 0.041969 0.0105526 0.301149 0.000541265 9.43151e-05 0.00795386 9.4699e-06 0.0105755 0.108778 0.027146 0.00195564 0.00136198 7.5299e-05 0.000128375 0.0974581 9.61318e-05 3.81453e-05 0.386044 
0.985355 0.00109395 1.77672e-05 0.00205399 0.000695741 0.000105994 5.09684e-05 4.25977e-11 0.00652415 9.22493e-05 0.000312196 0.000597162 0.00216667 1.87683e-06 2.65434e-05 0.000811224 4.76899e-05 5.19475e-06 4.15256e-05 
8.22822e-07 0.495259 1.03045e-06 0.0916798 0.129438 0.000324687 0.0037422 1.28396e-10 0.17225 0.01113 0.0220988 0.000115748 0.0133772 0.00653068 0.000380743 0.0289181 0.0246708 2.29207e-07 8.20904e-05 
1.11968e-05 0.0218829 6.29063e-06 0.00403088 0.00134724 1.57687e-05 0.000960947 1.50004e-08 0.0280831 0.000592598 0.847443 0.000615351 0.00107393 0.000118006 0.0534539 0.00100361 0.000814443 2.48768e-07 0.038547 
0.0013967 0.236063 0.00136357 0.0527624 0.0946417 0.00241728 0.00352099 1.45993e-07 0.280917 0.132185 0.0939268 0.000234687 0.00141245 3.39682e-05 0.00254697 0.0136701 0.00349807 0.0784492 0.000959813 
