0.000173709 6.18286e-07 0.0421384 0.0432448 0.00562673 1.74774e-05 0.0255181 4.58332e-09 0.596555 0.107568 6.86614e-05 1.33865e-05 0.0218612 0.00414496 0.117275 0.035249 0.00052062 1.35621e-05 1.02069e-05 
1.36352e-05 0.188958 6.45573e-06 0.0315483 0.261272 0.000995685 0.00381631 1.55762e-11 0.507436 0.000293653 0.00301433 0.000240145 0.0010638 0.000244587 0.000130063 0.000838377 5.27861e-05 2.09328e-09 7.51068e-05 
0.000445837 0.0759878 1.98425e-05 0.00413439 0.00527705 2.70096e-05 0.00132494 8.10988e-09 0.877199 0.00149876 0.00393645 5.69848e-05 0.0248242 1.91834e-06 1.16142e-05 0.00415762 0.00108536 2.10021e-07 1.11624e-05 
0.000172871 0.0609782 0.0017374 0.0103184 0.0867485 0.0229267 0.0155764 1.60916e-06 0.292345 0.227666 0.0846897 0.000431016 0.00864389 0.102247 0.038477 0.0104447 0.0328163 0.000166193 0.00361197 
0.0139514 0.171528 0.000981904 0.0685404 0.203792 0.0059172 0.00281581 9.36491e-06 0.377131 0.010277 0.0250999 0.00362866 0.0176889 0.00141178 0.0476887 0.0115589 0.0372491 5.8846e-05 0.000670598 
0.00129384 0.0899106 0.00114721 0.0160902 0.0268199 0.00412149 0.0190979 1.87767e-07 0.248509 0.197634 0.0702615 0.00448972 0.00620851 0.0156051 0.000526453 0.106546 0.189409 3.17054e-06 0.00232541 
4.25887e-05 0.209856 7.97442e-05 0.00923197 0.0129627 0.000323462 0.00213653 9.38302e-05 0.62178 0.0327458 0.0235293 8.42585e-05 0.0293176 5.70107e-05 0.000335731 0.0548416 0.000683752 7.5044e-06 0.00189103 
0.0150043 0.105191 0.000552939 0.0941688 0.00427609 0.000195216 0.00052821 4.57906e-05 0.447582 0.000830008 0.0170807 0.000932137 0.271732 7.89674e-05 0.00563671 0.0282164 0.000638183 1.48598e-05 0.00729584 
0.00235753 0.0993023 4.55186e-05 0.133664 0.0718759 0.00191524 0.00158983 1.02451e-07 0.339105 0.00512973 0.133551 0.000863389 0.14686 0.00049791 0.0041044 0.0441816 0.0144357 1.13436e-06 0.000519533 
0.00107873 0.0160795 0.00023185 0.00602025 7.23766e-05 0.00121184 0.175278 3.58422e-05 0.378603 0.359084 0.0519349 0.00064614 1.40131e-06 1.02764e-06 2.91072e-05 0.00625002 0.00152605 1.88724e-09 0.00191601 
0.0363145 0.287436 0.00987006 0.0445204 0.0457054 0.0837298 0.000346842 3.91509e-08 0.331763 0.00392505 0.0314566 0.000989032 0.0324356 6.04818e-06 0.0204231 0.0694657 0.00087889 1.97766e-07 0.000733935 
0.0259312 0.0939492 0.00144765 0.234333 0.033069 0.00165441 0.0127003 1.08466e-07 0.442286 0.0190156 0.0432686 0.00172742 0.0266254 0.000153338 0.0270321 0.0129938 0.00579673 9.1275e-06 0.018007 
0.00364636 0.110322 0.00131782 0.179091 0.0577109 0.113695 0.0175126 8.4603e-07 0.25336 0.0559576 0.0765476 0.00534399 0.075311 0.0088908 0.00841768 0.0194331 0.0056661 2.58605e-05 0.00774926 
0.0227219 0.0263882 0.000282509 0.0391397 0.046372 0.0214008 0.00956133 3.87257e-09 0.631665 0.0981806 0.0178927 0.00298431 0.0479839 0.00980132 0.00230897 0.0123699 0.00877923 2.80949e-07 0.00216694 
0.163796 0.061477 0.00177037 0.0442608 0.0200798 0.0128346 0.0192243 4.12478e-06 0.515883 0.0263485 0.0155504 0.0336188 0.030486 0.00141275 0.00144042 0.0485328 0.0017356 4.89522e-05 0.00149596 
0.0604535 0.110872 0.00294069 0.0198083 0.00142512 6.66131e-05 0.149205 0.000472945 0.50711 0.00940413 0.0185702 0.0188873 0.0283849 9.63001e-06 0.00016603 0.0465506 0.00798258 1.3803e-05 0.0176766 
0.000156011 0.24295 0.000302316 0.0196614 0.0115125 0.000628939 0.0240958 1.93993e-06 0.307563 0.201965 0.0772606 0.00548689 0.0456992 0.0360052 0.00445499 0.012468 0.00307988 4.89578e-06 0.0067037 
0.0887097 0.121886 0.000633472 0.0339282 0.160458 0.00439097 0.00362384 5.24183e-06 0.370033 0.0238829 0.0192377 0.00396174 0.0758508 0.000282909 0.00996507 0.0638839 0.0134762 0.00474374 0.00104662 
0.0214759 0.0934347 0.00124345 0.121821 0.0867624 2.79732e-06 0.00152361 2.37791e-10 0.336618 0.0148604 0.0208893 0.00115943 0.0501812 2.0169e-10 0.0112945 0.223434 0.010864 0.00437352 6.11265e-05 
2.10233e-05 0.141382 1.50094e-05 0.139739 0.0956081 0.00192667 0.00779886 1.0747e-09 0.504815 0.00613298 0.0519761 0.000132675 0.0106402 0.000231848 0.00260167 0.0227575 0.0128493 6.02382e-06 0.00136596 
2.38414e-05 0.180307 3.68316e-05 0.041644 0.0284879 0.00205937 0.00345049 1.54253e-12 0.728806 0.000792344 0.00618757 0.000674826 0.00258836 0.000287058 0.000314074 0.00341037 0.000106813 4.02723e-07 0.00082222 
0.0235126 0.0242461 0.0033406 0.0100891 0.00340855 0.000520706 0.000761819 1.9737e-06 0.320315 0.316429 0.00975075 0.00903525 0.051521 4.57846e-06 1.9799e-05 0.224228 0.00271625 1.39874e-06 9.6864e-05 
0.0751125 0.0814053 0.00115058 0.005707 0.0309714 0.000196526 0.140498 4.87475e-06 0.480276 0.118082 0.00338415 0.0028883 0.0404549 9.9152e-11 0.00859751 0.00865734 0.000872397 1.23878e-05 0.00172927 
0.0118208 0.15114 0.00269285 0.0403141 0.131076 0.00181374 0.00602438 6.0211e-05 0.501593 0.0260373 0.0393835 0.00369215 0.0383765 0.00498724 0.0049365 0.026568 0.00776334 1.01968e-05 0.00171075 
0.000301874 0.208873 1.96539e-05 0.00106835 0.00755855 0.000135882 0.0320858 0.00744047 0.430712 0.110021 0.0577632 0.00907618 0.0125949 0.00311975 0.0328275 0.0584579 0.0138882 8.50831e-06 0.0140478 
0.00608055 0.0873942 0.00025374 0.0662731 0.232008 0.00671321 0.00301636 3.16596e-08 0.398836 0.0447228 0.0290155 0.00198662 0.0289461 0.000787614 0.0085843 0.0632346 0.0193957 5.10272e-05 0.00270115 
0.00128772 0.0399963 0.000501932 0.11824 0.00471122 0.00559221 0.110261 4.46843e-08 0.284788 0.00470539 0.273401 0.00167595 0.12914 0.000136009 0.00104558 0.0172932 0.00070306 8.93056e-06 0.00651203 
0.118007 0.0440989 0.0177441 0.00761228 0.0965175 0.000115089 0.0164899 2.78641e-06 0.422023 0.133463 0.0127835 0.0882094 0.0276305 2.22802e-05 0.0112256 0.00198199 0.0010286 3.73317e-06 0.00104102 
0.00255109 0.0139236 5.06145e-05 0.0593494 0.121537 0.000439285 4.13563e-05 4.59964e-09 0.738369 0.00384772 0.00875164 7.1651e-05 0.0144649 2.57269e-07 0.00150245 0.0191151 0.0153176 2.87235e-05 0.000638751 
0.00677839 0.0688531 0.00809867 0.184206 0.31598 3.35267e-05 0.00667256 0.00197468 0.316971 0.00779591 0.00131276 0.00530158 0.00809153 5.15419e-06 3.51767e-06 0.0577293 0.00940496 0.000720603 6.7231e-05 
0.0251183 0.0595224 0.256866 0.0249151 0.0689388 0.0637813 0.00402029 2.61855e-06 0.263286 0.129195 0.027503 0.0107201 0.0201168 0.00108236 0.0251981 0.0108828 0.00753561 0.000386765 0.000928792 
0.00496791 0.0821533 2.02e-07 0.150744 0.12919 3.25131e-06 3.4624e-08 5.39626e-08 0.334029 0.0038348 0.0369605 1.91102e-06 0.136867 1.41884e-06 0.0016264 0.112605 0.00653453 2.53982e-08 0.000480146 
9.79684e-10 0.0502403 1.49669e-05 0.0316121 0.0845872 0.000848253 0.000109944 1.9461e-09 0.544994 1.36948e-05 0.00165164 1.03874e-05 0.0192402 9.71014e-05 0.000387618 0.0499138 0.216225 4.34013e-06 5.03629e-05 
0.000561902 0.33003 1.41195e-06 0.0244281 0.0796719 0.0018175 0.00234993 0.000507209 0.362606 0.00681204 0.0545881 0.00577976 0.0324422 6.44634e-05 0.0196983 0.0677978 0.00834446 2.95595e-06 0.00249616 
0.00102613 0.146578 8.36921e-05 0.00589584 0.0270985 0.000575249 0.0162184 9.97443e-09 0.651906 0.0612184 0.0350298 0.000815706 0.0133692 1.83163e-05 0.00842365 0.0214377 0.0089939 3.83108e-06 0.00130726 
0.0122459 0.201604 0.171212 0.0114881 0.0335927 0.000130258 0.0232087 2.11757e-06 0.222692 0.0363003 0.177286 0.00018498 0.0304151 0.000340386 0.0396069 0.0155033 0.0207754 7.88934e-05 0.00333261 
0.0217593 0.128992 0.000180352 0.0780781 0.116231 0.00304321 0.0217646 2.60713e-07 0.311368 0.00940751 0.162716 0.0140234 0.0284363 0.000277859 0.023771 0.0605464 0.000118364 3.25491e-05 0.0192546 
0.00364358 0.155057 0.000654666 0.0637053 0.0877147 0.00524436 0.0139759 0.00023808 0.585574 0.00912872 0.0120731 0.00220586 0.0318707 5.60055e-05 0.00443488 0.0147971 0.00785211 0.000131759 0.00164182 
0.105971 0.13622 0.000153126 0.0658104 0.101622 0.0421421 0.0344018 6.13411e-10 0.162437 0.00415676 0.104496 0.00504782 0.130607 0.000676874 0.0938981 0.00561256 0.00433338 1.73696e-09 0.00241367 
0.000145595 0.0755101 8.79743e-05 0.00551232 0.0897992 0.00130605 0.00251563 1.03817e-10 0.72112 0.0095451 0.0229739 2.21953e-05 0.010898 0.00345038 0.000399945 0.0362693 0.0182739 7.72895e-05 0.00209319 
0.000193081 0.0538823 0.000542923 0.0168817 0.0380047 8.0987e-06 0.000213567 8.87748e-08 0.488528 0.00167907 0.0554783 0.0713785 0.248066 1.93667e-05 7.58696e-05 0.0188754 0.00600879 3.74092e-09 0.000163543 
0.021843 0.0839725 0.00146821 0.0187742 0.00388651 0.00135261 0.0184819 1.47884e-08 0.711245 0.0713233 0.00909964 0.000412591 0.022211 3.11023e-05 0.00320337 0.02593 0.00608553 7.08507e-05 0.000609002 
0.00492878 0.283449 0.146014 0.0223798 0.060611 0.000302203 7.91724e-05 4.46036e-12 0.432366 0.00122735 0.0140799 8.51245e-05 0.0182957 3.78319e-12 0.000713924 0.0144966 0.000932686 2.10877e-05 1.82634e-05 
0.0194141 0.225719 0.00189638 0.0547346 0.127291 0.00290837 0.00110221 3.7892e-06 0.436705 0.0177161 0.0232201 0.00191782 0.0418392 0.000245058 0.0179278 0.0192061 0.0042958 0.000118432 0.00373911 
0.140266 0.059669 0.076297 0.0202591 0.0240348 0.0172444 0.00353782 2.73689e-06 0.415379 0.0476692 0.01775 0.0717491 0.0389976 0.000101326 0.0337521 0.0100939 0.0206962 0.000783304 0.00171722 
0.00651059 0.281629 0.0013101 0.0930774 0.129542 0.0260329 0.00874321 1.91763e-05 0.312688 0.0137302 0.0548052 0.000347088 0.00583377 0.00259541 0.00139012 0.044871 0.00755575 2.06542e-05 0.00929751 
0.000317798 0.00491002 0.00151724 0.0230868 0.331263 4.99096e-05 5.43526e-05 3.33381e-10 0.433591 0.00380692 0.00905542 0.000222635 0.00635588 3.79598e-05 0.0138129 0.0599017 0.111916 4.13294e-05 5.99796e-05 
1.19035e-05 0.216138 4.06299e-05 0.0201367 0.0580646 3.61732e-05 0.04858 2.36077e-06 0.487262 0.0934845 0.0107453 9.60657e-05 0.0226139 4.7631e-06 0.00989801 0.0220794 0.00891831 6.0006e-05 0.00182795 
0.0141906 0.218845 0.000129236 0.0689395 0.052322 0.0048341 0.00349705 1.81652e-06 0.554202 0.00691635 0.0245247 0.000695576 0.0177535 1.83036e-05 0.000657882 0.0264646 0.00496899 3.65026e-06 0.0010353 
0.0113811 0.0612785 0.000367817 0.0157328 0.0202865 0.00195826 0.0171014 0.000785147 0.696438 0.025219 0.0269299 0.00207841 0.0460453 0.000236816 0.0031391 0.0660597 0.00329923 5.25873e-06 0.00165828 
0.00020232 0.0501749 0.00284081 0.181255 0.0203858 0.000101184 0.000710995 1.01875e-08 0.395731 0.00915277 0.0591871 0.0704677 0.0617503 3.36753e-05 0.00531659 0.0124189 0.00234318 2.77644e-09 0.127928 
0.000360173 0.124423 0.0113778 0.00452695 0.0246334 0.108957 0.0425717 6.28211e-08 0.201317 0.143015 0.162784 0.014821 0.0172298 0.000928694 0.0610364 0.0468252 0.033893 8.10079e-06 0.00129281 
9.79533e-06 0.104537 1.09596e-06 0.0104149 0.137478 3.11184e-06 7.90917e-05 1.63189e-11 0.739233 7.24292e-05 0.00247161 1.54872e-05 0.00464351 1.38413e-11 0.000651522 6.13074e-05 0.000294625 1.23458e-11 3.33113e-05 
0.00378964 0.149113 0.0631258 0.052155 0.0446265 3.85428e-08 0.00743503 4.58234e-06 0.259379 0.0852517 0.0376242 0.202794 0.0641699 0.000600674 0.0169598 0.00913413 0.00165977 2.66848e-05 0.00214984 
0.016298 0.265451 0.000893779 0.0664921 0.13035 0.000848063 0.0031834 3.45706e-11 0.380281 0.00269347 0.0236661 0.00103584 0.041388 3.22513e-05 0.0089235 0.00878195 0.0484831 4.38913e-05 0.00115557 
0.0119054 0.17916 0.000202181 0.0685244 0.0401891 0.00114235 0.00760749 6.95591e-05 0.401748 0.00245822 0.0322735 0.0128253 0.0148643 0.000166898 0.00466789 0.189362 0.0295418 1.04389e-06 0.00329018 
1.09862e-05 0.412398 2.29163e-05 0.0221684 0.00250056 3.87042e-05 0.0223256 7.77197e-09 0.498801 0.0125851 0.00558293 4.19682e-06 0.000695471 3.65635e-06 1.49804e-07 0.0223412 0.000520387 5.87977e-09 5.32558e-07 
4.77762e-05 0.334662 0.00226354 0.046063 0.0428868 0.00105057 0.013471 1.79709e-05 0.401133 0.0262189 0.0536022 0.000558428 0.00850029 0.0230684 0.000894995 0.00160813 0.0429579 1.20837e-05 0.000982997 
0.00098278 0.0693503 0.0013349 0.02892 0.039686 0.00311955 0.048647 7.12689e-07 0.308648 0.186209 0.120498 0.0113037 0.00856755 0.0112377 0.123235 0.0147977 0.00663951 7.86442e-06 0.0168156 
0.227917 0.0424313 0.00412601 0.0196606 0.0402279 4.12845e-05 0.00276304 3.51902e-08 0.430804 0.0371008 0.0286864 0.0600724 0.0422837 0.000538232 0.0081669 0.0514266 0.0024798 2.50525e-05 0.00124961 
0.0157516 0.0219602 0.0710075 0.0353916 0.0814954 9.57007e-05 0.013295 0.0381886 0.595285 0.00611746 0.0112119 0.0175431 0.00185494 7.62094e-07 0.000157309 0.0670914 0.00916 0.0111729 0.00321949 
0.000106234 0.246786 0.00159373 0.0295112 0.0790331 0.0016133 0.0220455 5.77982e-07 0.425059 0.0429125 0.0799742 0.000657236 0.00590754 8.13698e-05 0.0274317 0.0119812 0.0145609 4.95873e-05 0.0106947 
0.00105465 0.0263757 0.0256129 0.0223386 0.0187693 1.38585e-05 0.0010556 2.19462e-05 0.721695 0.0143985 0.0198953 0.118455 0.00809712 6.88554e-05 4.4141e-06 0.0163296 0.00330167 3.23847e-08 0.00251197 
0.0596645 0.100926 0.000193551 0.0142664 0.00242048 8.45373e-05 0.0473106 0.000554899 0.666196 0.006364 0.00749576 0.0249589 0.0284909 2.69704e-06 1.65242e-05 0.0241554 0.0167755 6.96543e-07 0.000122216 
0.00757614 0.0756387 6.32159e-05 0.299228 0.0316981 0.00109991 0.0698243 9.2134e-08 0.324764 0.1013 0.0566931 0.000270435 0.00749377 1.01445e-07 8.91438e-05 0.015876 0.000122359 9.73884e-06 0.0082532 
0.0203603 0.154223 0.0463328 0.0446822 0.0998673 0.00768686 0.00499776 0.000226035 0.322018 0.0767901 0.0221123 0.0482999 0.0251656 0.0904912 0.00312597 0.017401 0.00247077 0.00700234 0.00674593 
0.000115722 0.152149 0.000477455 0.0490834 0.0494925 0.00200815 0.00745384 3.89675e-06 0.589824 0.056379 0.0208154 0.000157148 0.020781 0.000928636 0.0273786 0.0113351 0.00425209 1.47863e-07 0.00736484 
0.192397 0.0583174 0.000540538 0.0680322 0.0145502 0.000206208 0.000162122 4.32781e-11 0.415654 0.0360474 0.0035082 0.0035102 0.190287 0.00381091 0.000156452 0.00254741 0.00986163 4.74366e-07 0.000411128 
0.00269836 0.00460587 0.0159831 0.00166961 0.0544629 0.0385346 0.102894 4.06021e-06 0.447579 0.0550599 0.021391 0.213172 0.0282514 0.00575077 0.000206753 0.00692444 0.000782977 1.14567e-06 2.84963e-05 
0.0165031 0.00195352 0.00196846 0.00160396 0.00139835 2.24911e-05 0.000393522 6.27984e-09 0.515702 0.023518 8.35221e-07 0.0478177 0.0921694 0.00527222 3.26447e-08 0.0717791 0.219758 3.17377e-05 0.000108354 
0.0237583 0.0637966 0.0354419 0.0964613 0.0913846 0.000461363 0.0159237 0.000129819 0.468551 0.107581 0.0258198 0.000404045 0.0186109 7.56618e-05 0.000952178 0.0418063 0.00638582 0.00144056 0.00101565 
0.000579564 0.0693413 0.000742502 0.015528 0.0156837 0.000830694 0.00675507 1.18183e-05 0.742102 0.012465 0.0517016 0.00131393 0.0226704 2.35633e-05 0.00380136 0.0483229 0.00724961 2.118e-05 0.000856148 
5.99662e-05 0.243652 0.000593646 0.00859015 0.129195 3.60334e-05 0.00333162 6.65024e-12 0.57828 0.0217902 0.00637109 0.000123905 0.00192451 1.63116e-08 0.0035491 0.000669785 0.00100527 1.88271e-05 0.000809438 
0.000119335 0.0430407 0.000243884 0.0661259 0.00447174 2.04038e-05 0.0651685 9.61894e-07 0.449033 0.170685 0.0310834 0.00556576 0.0237147 0.0163945 1.45583e-06 0.0459279 0.0780865 6.69924e-05 0.000249345 
0.00742923 0.19952 0.00644253 0.0534525 0.0626375 0.000971812 0.0155487 1.90315e-08 0.365141 0.00847704 0.110438 0.00361217 0.0718134 0.000243145 0.00889639 0.0495293 0.028649 2.44034e-05 0.00717462 
2.50981e-05 0.0709173 0.00271467 0.0591397 0.0123754 0.000138824 0.0016335 9.01838e-09 0.726818 0.0169599 0.0709776 1.26219e-05 0.0172662 1.4694e-06 0.000692374 0.0152587 0.00399878 6.75555e-07 0.00106897 
2.43569e-05 0.0404263 8.18034e-05 0.00514587 0.00496077 0.000469027 0.130506 4.94286e-05 0.781123 0.00149763 0.0215895 5.08438e-05 0.0101086 2.0945e-05 0.00154541 0.00043878 7.12204e-05 2.78017e-05 0.0018631 
5.30329e-05 0.193154 0.000664846 0.0460463 0.011786 0.000221749 0.0683497 3.72004e-06 0.584472 0.0420568 0.031324 0.00254405 0.00770519 0.000956359 0.0007176 0.00638587 0.00267208 6.90702e-06 0.000879649 
1.57915e-05 0.264369 0.00110512 0.000136481 0.139922 0.000189244 0.000872014 1.71819e-09 0.541836 0.00503963 0.00557913 0.000482553 0.00736607 1.30698e-07 0.00373412 0.00897158 0.0203582 3.71514e-08 2.33681e-05 
0.000115358 0.302881 0.00318919 0.0574478 0.0179525 0.00131442 0.00538261 6.43924e-12 0.566631 0.0124275 0.0187049 0.00162215 0.00568367 5.11651e-05 0.00476527 0.00107608 0.000117503 3.919e-06 0.000633736 
0.000506047 0.0832586 0.242327 0.0675355 0.0875631 0.000943128 0.00692569 1.39695e-09 0.362305 0.0477698 0.0503232 5.81384e-05 0.00213578 2.2541e-07 0.0108079 0.0352597 0.000609935 0.00138035 0.000290737 
6.12612e-06 0.00734045 6.38743e-06 0.00291449 0.0046393 0.000137897 0.000231665 5.60031e-06 0.980176 0.00268246 0.00138728 5.86877e-06 0.000116284 3.07646e-05 2.41737e-06 7.59741e-05 0.000130312 1.76297e-05 9.32202e-05 
0.00430317 0.284868 0.000660971 0.0514192 0.0382431 0.00306314 0.0101605 1.40231e-06 0.434934 0.0267847 0.0379187 0.00145499 0.014695 0.0037193 0.020415 0.0408525 0.0243825 2.67021e-05 0.00209754 
0.0133203 0.0962617 4.22136e-05 0.0069702 0.0595766 0.0139504 0.000489725 5.51912e-05 0.567145 0.0438923 0.100183 0.0403894 0.0260292 0.00191898 0.0220541 0.00435905 0.000734541 2.50143e-05 0.00260324 
4.46578e-05 0.0343088 5.81051e-06 3.90113e-05 0.000261254 9.78273e-05 0.0556896 1.88273e-08 0.383175 0.358408 0.0229085 0.105396 0.00118073 0.00791513 0.000234754 0.0120253 0.0183062 1.42435e-08 3.34001e-06 
0.00308651 0.194787 0.00393822 0.0959352 0.0635668 3.05417e-07 0.00293358 3.05052e-07 0.406707 0.0482829 0.0407417 0.0851727 0.0197398 0.0010378 0.00345362 0.00861799 0.0170487 3.05203e-07 0.00494975 
3.25987e-05 0.107398 0.00231785 0.0163817 0.0153033 8.48719e-06 0.0167209 0.0125366 0.706435 0.0383018 0.00619592 0.00487961 0.0043159 1.59373e-07 1.44533e-05 0.0564506 0.0118024 1.07852e-05 0.000894267 
0.0232595 0.236543 0.000483394 0.018516 0.131622 0.00437722 0.000692144 1.1836e-05 0.412745 0.0236233 0.0205311 0.0035014 0.0800305 0.000967241 0.00955283 0.0309667 0.00210157 2.74438e-06 0.000471962 
0.00851507 0.0183772 0.00423144 0.0136457 0.0152929 0.00171862 0.0412661 1.99551e-07 0.466223 0.267234 0.0603636 3.52463e-06 0.00732512 1.69256e-07 0.00476522 0.0775573 0.00591526 0.000156391 0.00740866 
0.00152379 0.0936365 0.00621939 0.0642982 0.129181 0.0159661 0.011223 3.00511e-06 0.362392 0.119812 0.0511991 0.00288764 0.0390203 0.00726178 0.0209119 0.0379131 0.0313325 1.30789e-05 0.00520538 
0.0193577 0.173419 0.0187588 0.192197 0.175518 0.00129138 0.00437764 1.16248e-05 0.256863 0.0169437 0.00694089 0.0175455 0.0810331 9.01982e-05 0.00148335 0.0147457 0.00417079 1.92622e-05 0.0152332 
0.00288205 0.158952 0.000583582 0.0326582 0.0285322 0.00321999 0.00483352 3.07341e-05 0.657641 0.0296694 0.0184932 0.000360588 0.0157981 0.00359704 0.00360921 0.021603 0.0111863 0.000446982 0.00590264 
0.000240079 0.139329 3.97657e-06 0.073503 0.00318135 0.00368358 0.0314042 7.07156e-09 0.317152 0.0111843 0.171866 0.0143437 0.0958772 0.000196936 0.0225812 0.106965 0.000195014 5.0167e-07 0.00829312 
0.00163253 0.0340092 0.0235202 0.0110197 0.00335909 0.127124 0.0130147 2.37899e-06 0.356191 0.123677 0.0212134 0.0017764 0.00211226 0.208556 0.000485702 0.0408167 0.0303325 1.28376e-05 0.00114453 
0.000915057 0.0431703 0.0114304 0.0833926 0.225797 0.000306202 0.00734339 5.34028e-11 0.365452 0.187721 0.0406366 0.00396073 0.00423211 2.58831e-05 0.0108984 0.0107596 0.00235965 0.000836609 0.000762201 
3.96997e-06 0.0535298 0.00168932 0.102371 0.00669109 0.000533563 0.119099 2.67411e-07 0.529273 0.0149828 0.0752958 0.00604352 0.0447264 2.26813e-07 0.0308012 0.0105559 0.00438604 6.00015e-06 1.22171e-05 
0.120958 0.13046 0.000434099 0.0529151 0.011652 0.105453 0.0156147 4.74426e-11 0.423295 0.0179287 0.0497432 0.000131404 0.024119 7.96398e-08 0.000559374 0.0398607 0.00680666 9.30847e-08 6.83923e-05 
0.00719305 0.111278 0.000145998 0.00891665 0.00109528 0.0577178 0.00293087 2.30372e-06 0.699302 0.00114236 0.012603 5.637e-05 0.0266186 3.1627e-08 0.00128692 0.0306511 0.0387575 2.06324e-05 0.000281399 
0.00385163 0.0825682 0.00124482 0.0968473 0.223619 0.000595427 0.0020274 8.45334e-05 0.322477 0.0184336 0.0642152 0.00657607 0.0827016 0.000350285 0.0140097 0.049184 0.0304154 1.7656e-05 0.000780964 
0.00719305 0.111278 0.000145998 0.00891665 0.00109528 0.0577178 0.00293087 2.30372e-06 0.699302 0.00114236 0.012603 5.637e-05 0.0266186 3.1627e-08 0.00128692 0.0306511 0.0387575 2.06324e-05 0.000281399 
0.000360173 0.124423 0.0113778 0.00452695 0.0246334 0.108957 0.0425717 6.28211e-08 0.201317 0.143015 0.162784 0.014821 0.0172298 0.000928694 0.0610364 0.0468252 0.033893 8.10079e-06 0.00129281 
0.00160477 0.0289874 0.200764 0.0260455 0.0286578 0.00753896 0.000942066 1.14354e-06 0.371043 0.24837 0.0044078 0.0377734 0.0292086 0.0119627 5.09851e-05 0.00196214 0.000441711 4.05368e-10 0.000237859 
5.06804e-05 0.423001 0.000801594 0.00768673 0.0690982 2.62089e-08 0.00773663 2.21654e-11 0.425961 0.00183064 0.0589583 4.87386e-05 0.000549741 8.20945e-06 7.40177e-05 0.00349783 0.000406742 3.13164e-06 0.000287551 
0.000131008 0.00310829 0.000534224 0.00183331 0.0274681 0.000308223 0.000184401 7.97976e-08 0.950767 0.00322208 0.00184673 6.97095e-06 0.00689735 2.3221e-05 0.000578993 0.000467818 0.00101674 0.000658168 0.000947083 
0.00188126 0.128745 1.04324e-05 0.023648 0.183563 4.05249e-05 5.14782e-05 3.42528e-10 0.551222 0.000141001 0.000682536 9.39235e-05 0.0320696 2.11693e-05 1.44701e-05 0.0588109 0.018992 7.98249e-08 1.1782e-05 
5.76254e-07 0.0797645 0.289502 0.00738118 9.28218e-07 3.43166e-07 0.00332108 1.08339e-10 0.358695 0.0958095 0.0774942 2.84972e-05 0.0825907 3.34874e-07 0.00318003 0.000411457 0.000240125 0.000134017 0.00144549 
5.11501e-06 0.15616 0.000201674 0.00845632 0.0133272 0.0258865 0.0175708 0.000302366 0.581043 0.00907469 0.0194114 0.000454213 0.00375395 1.25025e-05 0.000240237 0.136075 0.00482169 9.81736e-08 0.0232026 
0.00116154 0.209465 0.00015474 0.0219227 0.135755 0.00194041 0.00686502 1.99912e-06 0.513587 0.0264023 0.0318177 0.00162827 0.0162497 0.000152754 0.0128179 0.0104784 0.00435464 0.00275972 0.00248569 
6.23989e-05 0.0308342 0.0103423 0.0244689 0.0422611 0.000734862 0.000964706 1.73959e-11 0.85932 0.00229559 0.00415913 0.00703561 0.00988532 9.07002e-05 0.00245148 0.0045969 0.000297147 1.40325e-06 0.000198058 
0.000126243 0.00265387 0.00662534 0.00834235 0.0663073 5.33158e-05 8.27543e-10 5.09904e-07 0.797006 0.00283162 0.00101504 4.33626e-05 0.00365539 2.01275e-05 0.000629105 0.0897496 0.0208338 9.75049e-06 9.74924e-05 
1.50816e-05 0.173622 0.000588102 0.0147204 0.0359968 0.00619363 0.00307467 7.52873e-08 0.536969 0.0476695 0.0331869 0.000892722 0.00332002 0.000726431 0.0177385 0.0183177 0.105765 5.69575e-08 0.00120387 
0.106415 0.134553 0.000365882 0.0141969 0.0650404 0.0289011 0.000381437 2.84618e-10 0.478473 0.0137525 0.0582952 0.00436662 0.0171372 0.00369638 0.0363097 0.0122527 0.021314 6.33835e-08 0.0045487 
4.96892e-06 0.166663 3.80949e-09 0.0107192 0.00261379 1.65251e-05 0.000668007 4.53819e-12 0.807028 0.000708867 0.00375459 1.22661e-05 0.0029764 1.01873e-05 1.04658e-06 0.00470962 9.29531e-05 3.78434e-07 1.96657e-05 
0.00622551 0.287663 0.000213361 0.0439528 0.14768 0.00309682 0.010428 1.65655e-05 0.350189 0.020273 0.0465103 0.00240455 0.0558763 0.000135925 0.0116437 0.00424765 0.00667915 1.99141e-05 0.00274442 
0.00262149 0.0821829 0.00193088 0.0280658 0.0217309 0.00218796 0.010848 0.00131271 0.681943 0.0395682 0.0312379 0.00362628 0.0254715 0.00587182 0.00516774 0.0412869 0.00474893 0.00579483 0.00440203 
8.62619e-07 0.0934982 7.05296e-07 0.0255444 0.374203 4.2506e-05 5.31896e-06 1.28064e-05 0.487931 0.00943994 0.000146188 3.62014e-06 0.00068663 1.77493e-08 1.95797e-05 0.00727072 0.00112083 2.28974e-05 5.04985e-05 
1.21667e-07 0.286842 2.34563e-07 0.0489788 0.0434935 0.000578111 0.000357661 2.6935e-10 0.582088 0.00154952 0.00965812 0.000126527 0.0133556 2.28458e-10 0.0080287 0.00358906 0.00063278 2.03773e-10 0.00072138 
6.92315e-07 0.115405 1.48677e-06 0.00465009 0.00339512 0.000120606 0.00044328 6.64086e-08 0.819256 0.000132525 0.000296498 3.40231e-06 0.025274 4.88786e-07 5.04787e-06 0.0254125 0.00559728 1.026e-08 6.08936e-06 
4.69139e-05 0.00567064 0.0330579 0.0101867 0.115402 2.58056e-06 2.62019e-06 1.94558e-10 0.813327 0.00201504 0.00036234 0.00788273 0.00973413 4.15083e-06 0.000126446 0.00180992 0.000360283 2.00936e-06 6.134e-06 
3.36345e-06 0.101724 1.97126e-07 0.0138324 0.0618866 6.22493e-08 0.0130242 5.13289e-10 0.425786 0.326498 0.0117477 8.55409e-06 0.00287109 6.81533e-07 2.90308e-05 0.00449396 0.00695676 9.7917e-05 0.0310401 
1.74337e-05 0.0679725 2.62189e-05 0.0034906 0.00118931 0.00339115 0.0261115 1.54102e-08 0.670204 0.0222445 0.0355183 1.42234e-07 0.00118223 0.00252283 1.92595e-06 0.157277 0.000174316 1.16583e-08 0.00867596 
0.000287588 0.124216 0.000204312 0.0317517 0.0603865 0.000307471 0.246709 1.7884e-06 0.31213 0.0976306 0.0598885 0.00309384 0.0128007 0.00157647 0.0300202 0.0121051 0.00603591 0.000386253 0.000467981 
0.154886 0.0613066 0.000948259 0.0100912 0.0569166 0.0245919 0.000167517 2.70484e-09 0.522579 0.00271864 0.0223238 0.0399719 0.047295 0.00034108 0.0468388 0.00492206 0.00273068 6.40109e-08 0.00137124 
1.82082e-05 0.236001 1.89911e-05 0.066846 0.165895 0.000266286 0.000914083 2.68674e-11 0.477101 0.00401829 0.0238015 0.000109936 0.00581574 2.63071e-08 0.0152471 7.62759e-05 0.000526856 2.52833e-09 0.00334409 
2.72368e-05 0.0851354 8.74609e-05 0.0343639 0.0158689 0.00121288 0.0347308 3.69149e-05 0.375168 0.0731122 0.201243 0.000892123 0.000843253 0.000167903 0.000738578 0.101761 0.0463471 1.24628e-09 0.0282628 
0.0232992 0.221936 0.000469881 0.00195355 0.00408872 0.000587195 0.0146377 2.80512e-05 0.529813 0.0409928 0.0463313 4.15969e-05 0.026532 1.98459e-05 0.0163653 0.0440101 0.0217497 0.000305041 0.00683951 
0.0249585 0.0798252 0.00249268 0.021889 0.0267679 0.00683409 0.0170754 0.00066319 0.559171 0.0505178 0.0476711 0.0475942 0.0494125 0.00464025 0.0100862 0.0378976 0.00718554 0.00118975 0.00412843 
0.0139794 0.167299 0.000913222 0.0143558 0.0473906 0.00194828 0.00191853 1.37153e-10 0.64905 0.0161749 0.0086928 0.00060366 0.00893001 0.000179313 0.0501034 0.0117734 0.00626322 1.47495e-05 0.000409394 
7.77326e-05 0.300028 7.17596e-05 0.00912557 0.0195454 0.00777765 0.0163451 4.04146e-05 0.414919 0.152693 0.0251701 0.00145557 0.00884059 0.000264925 0.00231444 0.0282473 0.00812426 2.04182e-07 0.0049587 
0.0651049 0.057729 0.0140064 0.0417476 0.0489465 0.0981431 0.0223473 2.90064e-11 0.335148 0.0774567 0.108351 0.0609565 0.0441432 0.00013359 0.01164 0.00946049 0.000952194 1.62422e-07 0.00373376 
0.00103179 0.0967025 0.0570541 0.0442655 0.0314303 0.00133966 0.00358602 0.00299975 0.452764 0.158369 0.0362326 0.00501653 0.00506701 1.24776e-05 0.0777762 0.00565074 0.0140028 7.24853e-05 0.00662651 
0.000552462 0.11126 0.0621433 0.0723094 0.0331047 0.000144993 0.00134744 6.59512e-08 0.43607 0.147673 0.0362579 0.00492067 0.0388013 1.81241e-05 0.0389826 0.0111684 0.00434896 2.7725e-05 0.00086946 
0.00793043 0.0143679 0.258216 0.0191305 0.0633157 0.000373755 0.00186037 0.000142962 0.37498 0.116344 0.0260713 0.0471399 0.00851226 2.32494e-05 0.00127455 0.0158186 0.00100596 0.0420695 0.00142283 
0.00528121 0.165583 0.00112085 0.187497 0.207921 0.00130654 0.0059248 2.18513e-05 0.235871 0.0353422 0.07237 0.0016922 0.0292361 0.000620182 0.0126388 0.0120756 0.0176797 1.26649e-05 0.00780598 
6.70803e-05 0.0429518 0.033865 0.0403272 0.284209 0.000884107 0.00139376 1.2864e-09 0.51279 0.0178779 0.0219435 0.000846011 0.00548909 6.62199e-06 0.00106991 0.0258083 0.00111326 0.000203274 0.00915368 
0.000302244 0.0614726 0.0229101 0.00743551 0.0179563 0.000849421 0.0615252 6.10004e-08 0.462355 0.154592 0.0310059 0.00675712 0.0801194 0.0477647 0.00979386 0.00896396 0.0170455 2.12314e-06 0.00914886 
0.132512 0.0393581 0.00161315 0.0235301 0.00761798 0.00147767 0.00702241 3.46267e-10 0.410189 0.0385069 0.0755017 0.000681118 0.234471 4.65776e-05 0.00047437 0.0137797 0.00825604 6.70865e-06 0.00495637 
0.000129473 0.134085 0.00104473 0.0535203 0.0303894 0.0013505 0.0221543 0.000807009 0.486277 0.0060454 0.0483492 0.000303127 0.0518464 5.18206e-06 0.0204957 0.0883664 0.0538729 6.19218e-05 0.000896433 
0.0236341 0.0424405 0.000847955 0.00678013 0.0014505 0.000492316 0.000169022 2.07985e-07 0.887119 0.0326381 0.00120983 0.000223747 6.7631e-06 2.1368e-10 4.25107e-05 0.00196516 0.000826709 0.000134826 1.82531e-05 
3.75219e-06 0.0123703 3.72577e-06 0.00484543 0.000274918 7.57397e-05 0.000885157 1.3557e-06 0.949871 1.33207e-05 0.00448687 1.54461e-05 0.00263365 1.14988e-06 0.000688622 0.0230527 1.69716e-05 4.09112e-05 0.000718944 
0.00468973 0.184523 0.00116891 0.0597387 0.138227 0.000711214 0.068237 3.04761e-05 0.220639 0.00405607 0.12269 0.00422909 0.020957 0.000627929 0.0165198 0.100522 0.0327102 4.34551e-05 0.0196799 
4.16777e-05 0.131587 6.75853e-05 0.0260813 0.185356 0.00533324 0.00360767 1.84151e-12 0.579489 0.0020785 0.0226931 0.00177898 0.00731898 6.49974e-05 0.0266435 0.00535469 0.00176626 3.44963e-06 0.000734868 
0.00687159 0.228421 0.00147238 0.063662 0.0557213 0.0154691 0.0188626 0.000393498 0.393604 0.0423921 0.0583989 0.00234601 0.0364005 0.00191104 0.00789443 0.0423095 0.0190514 2.97696e-05 0.00478936 
0.000802007 0.188547 0.0260249 0.040405 0.0802752 0.00130863 0.0173838 2.57197e-07 0.247684 0.198293 0.0984646 0.0181131 0.0272169 0.0058436 0.0221022 0.019543 0.00463227 0.000184296 0.00317614 
7.78574e-10 0.322269 2.8281e-05 0.00672268 0.00362368 9.86622e-09 0.00339192 2.23917e-12 0.65112 0.00110879 0.00465135 0.00111792 0.000831563 1.89922e-12 6.60066e-05 0.00117538 0.00342349 1.69401e-12 0.000469686 
0.0297525 0.117208 0.000813465 0.12271 0.0320781 0.00783461 0.0119508 0.00035476 0.284401 0.0467891 0.178068 0.00675179 0.0175903 5.92792e-05 0.0424719 0.0714835 0.0178478 4.33404e-06 0.0118303 
1.7264e-06 0.00714311 2.98668e-06 0.000951988 0.000576783 0.000166568 0.0317484 2.38571e-10 0.892618 0.0540767 0.00515994 7.32685e-06 0.00181547 0.00383504 4.87987e-06 0.00119192 0.000698752 3.93616e-08 5.66663e-07 
6.49878e-06 0.257116 3.8606e-05 0.00827055 0.0088733 0.00216496 0.00624421 1.34913e-11 0.54344 0.00454617 0.0210777 6.08493e-05 0.0363087 0.000151353 1.45792e-06 0.0644952 0.0399787 3.56692e-08 0.00722547 
0.000270507 0.138093 0.000756022 0.0829082 0.0182059 0.00597925 0.00603974 3.09872e-05 0.32626 0.0452891 0.0154827 2.72502e-05 0.110112 6.29026e-10 0.0102216 0.156404 0.0832424 4.23828e-05 0.00063544 
7.94401e-05 0.0422587 0.00132147 0.00453844 0.0161058 0.000794939 8.94763e-05 3.15971e-10 0.721972 0.00056251 0.000378886 3.0546e-05 0.0824041 7.87218e-06 0.118914 0.00753628 0.00294657 8.41016e-06 5.09901e-05 
0.0013967 0.236063 0.00136357 0.0527624 0.0946417 0.00241728 0.00352099 1.45993e-07 0.280917 0.132185 0.0939268 0.000234687 0.00141245 3.39682e-05 0.00254697 0.0136701 0.00349807 0.0784492 0.000959813 
0.0143804 0.118188 0.000168279 0.0416637 0.191985 0.000186692 1.14469e-05 4.72607e-07 0.324262 0.00602259 0.0386951 0.0039047 0.217876 0.00351595 0.00212049 0.0348089 0.0011023 2.5672e-05 0.00108153 
2.19843e-05 0.168342 0.000168324 0.00939965 0.00716432 0.00228463 0.0292476 0.00110348 0.57869 0.01556 0.0386832 0.00227705 0.00422033 0.000947577 0.000354356 0.12997 0.000590071 1.32749e-08 0.0109752 
0.0223837 0.140655 0.000139769 0.0754092 0.317582 0.00131896 0.00223073 9.5344e-07 0.335604 0.0250669 0.0156524 0.000760908 0.0348657 0.00105546 0.00240549 0.0137918 0.0106188 1.78355e-05 0.000440517 
0.0789147 0.0277523 0.0547779 0.0331064 0.0223565 0.00135343 0.00808294 0.0222574 0.482288 0.00350621 0.025678 0.0999717 0.00920586 1.50488e-05 0.000689006 0.105684 0.0239293 0.000101906 0.000330333 
1.88891e-06 0.0179511 1.88706e-06 0.0925759 0.115619 0.00698748 0.0181345 1.88574e-06 0.35973 0.156981 0.194983 1.88781e-06 1.88891e-06 1.88632e-06 1.88914e-06 1.88908e-06 0.017 0.00151122 0.0185104 
5.03845e-05 0.069247 0.00066856 0.0357503 0.0485458 0.00127077 0.00193054 1.39972e-05 0.580673 0.000550276 0.0120811 0.000277019 0.0900672 0.000131142 0.0470534 0.0165181 0.094815 5.56845e-07 0.000355379 
0.0132007 0.157952 0.00122923 0.0969331 0.0937682 0.0022317 0.00550127 1.505e-08 0.299276 0.0222248 0.0375429 8.19655e-05 0.0265178 6.19581e-05 0.049944 0.107241 0.0788725 2.09061e-05 0.00740023 
0.00604291 0.0171208 0.00245698 0.0422764 0.0490305 0.000449863 4.72622e-05 7.89229e-07 0.47438 0.107561 0.0597294 0.0596159 0.106845 2.67585e-05 0.00686986 0.0224179 0.038216 5.76398e-06 0.00690771 
2.72368e-05 0.0851354 8.74609e-05 0.0343639 0.0158689 0.00121288 0.0347308 3.69149e-05 0.375168 0.0731122 0.201243 0.000892123 0.000843253 0.000167903 0.000738578 0.101761 0.0463471 1.24628e-09 0.0282628 
0.0282433 0.065946 0.00346834 0.105834 0.0298337 0.000615658 0.00728362 3.11698e-09 0.408149 0.175471 0.00762415 0.0333743 0.0110576 0.0127055 6.18613e-05 0.0320869 0.00620217 0.0704983 0.00154488 
0.0150047 0.176381 0.000230261 0.0515518 0.0721301 0.000833854 0.0303085 3.25075e-05 0.386589 0.0469193 0.062064 0.0171788 0.0511654 0.000793425 0.015635 0.0326214 0.035529 5.38067e-06 0.0050266 
2.35486e-06 0.219047 1.39461e-05 0.00981311 0.0028633 0.00248062 0.0107053 2.141e-08 0.311822 0.00507899 0.164787 1.56709e-06 0.00146476 8.47781e-07 0.0126832 0.0285789 0.229667 4.94562e-05 0.000941883 
4.76214e-05 0.366015 0.00020115 0.0140692 0.0594396 0.000290497 0.00319857 6.65416e-11 0.53924 0.00703884 0.00203377 5.5529e-05 0.00321477 2.30457e-05 0.00105721 0.00184923 0.00195467 8.39915e-08 0.000271436 
0.0011746 0.140347 0.0122223 0.038806 0.00529583 0.0074087 0.0460736 0.0154995 0.50589 0.00671022 0.0287325 0.0697048 0.0886271 4.67732e-06 0.0112669 0.0136437 0.00832004 1.99589e-06 0.000270327 
5.20879e-06 0.0764143 0.000132014 0.0147685 0.0803095 0.000396179 0.0028055 0.0016923 0.685307 0.0625916 0.00519563 7.85306e-05 0.00239394 0.00166463 0.00015863 0.0387367 0.026954 1.5741e-05 0.000380228 
0.00214249 0.120013 0.00108365 0.0322593 0.0332787 0.00108348 0.0247545 0.000444844 0.573579 0.0294874 0.0249812 0.0955274 0.0279667 0.000847823 0.00292927 0.0247529 0.00432708 1.09711e-06 0.000539908 
4.33859e-06 0.106061 4.66551e-08 0.0144095 0.0224554 0.000197849 0.000337678 6.71121e-08 0.814772 0.000597185 0.0137996 9.44307e-07 0.00541284 1.15298e-05 0.000970661 0.020794 0.000126002 6.16939e-09 4.8908e-05 
0.0137285 0.0215338 0.000638144 0.00358996 0.000828123 0.000452762 0.000184252 6.09924e-06 0.938995 0.0168927 0.000674174 0.00020043 0.000148947 6.68568e-07 6.5126e-05 0.0012421 0.000533821 0.000256734 2.83385e-05 
0.00263619 0.132295 0.000139066 0.0109603 0.0456989 8.7438e-05 0.000155027 5.08025e-13 0.789497 0.000772812 0.000500126 6.45043e-05 0.00374493 3.82536e-05 0.000236397 0.0121802 0.000922687 2.88439e-06 6.82437e-05 
0.0377837 0.0343 0.0164792 0.182302 0.0490271 0.000622776 6.51119e-05 3.67139e-08 0.463074 0.0753884 0.0853261 0.00477384 0.0145788 0.00201431 0.0099612 0.00396511 0.00208364 2.31767e-06 0.0182519 
0.00279376 0.130309 4.23752e-05 0.00285569 0.0302963 8.52345e-05 7.24268e-06 9.3543e-10 0.81538 6.33127e-05 2.28884e-05 0.000111326 0.0116118 1.6074e-08 2.06403e-05 0.00574303 0.000640463 2.13474e-08 1.73555e-05 
0.0171368 0.0553492 4.52714e-05 0.173994 0.0509889 0.00305838 0.000321406 6.46675e-07 0.388162 0.00572593 0.0267327 0.00153113 0.239587 0.00151448 0.00623548 0.0245245 0.00454436 3.81707e-05 0.000509481 
0.0161199 0.0429985 0.0113914 0.105905 0.0970284 9.06044e-06 0.0262905 0.00198183 0.40767 0.0843623 0.00367799 0.0176454 0.0259715 1.91488e-05 5.22862e-06 0.0952559 0.0614276 0.00219138 4.90337e-05 
0.000343681 1.53916e-07 0.00582016 0.0299776 0.0112366 0.000960209 9.81071e-10 5.08408e-11 0.827008 0.00139208 0.00102167 2.49298e-05 0.0304185 1.30645e-05 0.0882281 0.00247844 0.00103236 2.47126e-05 1.93526e-05 
0.00489298 0.0859525 0.00463596 0.0363497 0.0946106 0.00136571 0.00215436 8.49461e-08 0.446803 0.0271353 0.0148352 0.00405402 0.230101 0.00093141 0.030935 0.0129613 0.0017055 0.000110918 0.000465035 
4.16777e-05 0.131587 6.75853e-05 0.0260813 0.185356 0.00533324 0.00360767 1.84151e-12 0.579489 0.0020785 0.0226931 0.00177898 0.00731898 6.49974e-05 0.0266435 0.00535469 0.00176626 3.44963e-06 0.000734868 
0.000691488 0.0921609 0.000429729 0.0600148 0.0585538 0.00100506 0.00104274 1.70503e-07 0.387924 0.0374455 0.173309 0.0602988 0.0510934 0.000145818 0.0375956 0.0208367 0.0104311 9.62958e-06 0.00701132 
0.0244494 0.076465 0.00607629 0.0563932 0.0237196 0.00590456 0.112347 2.12413e-09 0.210971 0.0518388 0.0723533 0.132853 0.167224 4.13376e-05 0.00182437 0.0189688 0.00820851 1.42415e-06 0.0303598 
0.0947439 0.0426621 0.0520159 0.0203983 0.0131272 0.0167112 0.0865685 7.79539e-06 0.171057 0.127139 0.164065 0.144422 0.0425144 0.00123447 0.0137897 0.00210319 0.000176579 8.39113e-06 0.00725492 
0.00584488 0.113387 0.000683042 0.0210921 0.157534 0.00474986 0.00136542 0.000718255 0.572573 0.00683612 0.0152271 0.000609852 0.0154861 0.00030482 0.0160121 0.0372551 0.0095413 0.0194831 0.00129755 
0.001017 0.180958 0.00585237 0.00131079 0.0194876 0.00514782 0.00139668 3.71831e-07 0.277391 0.160978 0.221694 0.0807561 0.0100745 0.00680233 0.0167341 0.00518423 0.000559049 2.1582e-07 0.00465584 
0.00115501 0.0974067 0.000334597 0.155742 0.0298871 6.64749e-05 0.00119711 4.66834e-05 0.327753 0.0123937 0.0447469 0.0176381 0.0801361 5.86464e-05 0.0291904 0.193792 0.000226785 2.54305e-06 0.0082268 
0.0106112 0.147091 0.0179474 0.201502 0.155313 0.00134183 0.00926885 3.36098e-07 0.249028 0.00811638 0.048519 0.000997037 0.0346799 5.4463e-05 0.0107505 0.0606773 0.0427248 0.00021654 0.00116085 
8.43112e-05 0.0117835 0.00206894 0.0179709 0.0222192 0.00055764 0.0109871 1.45556e-06 0.818634 0.0657476 0.0029954 0.000107863 0.0056666 6.07481e-05 0.0255771 0.00855263 0.0068739 5.3898e-05 5.71237e-05 
0.000104832 0.0405121 0.000189733 0.0507848 0.0450166 6.0456e-05 0.00149291 5.36134e-05 0.384266 0.025011 0.0385308 0.000264452 0.00264558 0.00010972 0.0356782 0.266421 0.005234 1.86714e-06 0.103622 
0.0721339 0.0433813 0.0237949 0.0556402 0.0265867 0.00232233 0.0176197 2.57755e-09 0.469403 0.0610243 0.0520478 0.0883865 0.0364047 0.0143801 0.0112107 0.0155566 0.00655975 8.58459e-05 0.00346161 
0.00302744 0.0219189 0.252125 0.0157442 0.0847699 0.000588367 0.000451814 0.00142308 0.408007 0.0880892 0.00422261 0.0115448 0.00155397 7.24195e-07 0.0114888 0.0479012 0.00469458 0.0416709 0.000778173 
9.80049e-05 0.224622 0.000540002 0.0109308 0.0803584 0.000263485 0.000317661 2.65429e-08 0.566127 0.0260723 0.0496426 8.70288e-05 0.0015731 0.000354999 0.0296898 0.003959 0.000807674 2.28533e-06 0.0045536 
0.0146007 0.301197 0.00183075 0.136402 0.026304 0.0252747 0.0131621 4.7029e-07 0.35321 0.00726305 0.0331641 0.000299142 0.0259913 0.000242597 0.00953055 0.04647 0.00403551 1.69231e-05 0.00100485 
0.015419 0.0869663 0.00373922 0.0161369 0.00726964 0.00308151 0.0111139 4.0199e-08 0.716264 0.0558086 0.0267149 0.0303203 0.00539066 0.000261335 0.000471178 0.00887199 0.0112113 1.81013e-06 0.000957207 
0.000658063 0.161872 0.122487 0.120888 0.105058 0.0217171 0.00896033 2.5711e-07 0.267995 0.0478287 0.0136654 0.0106718 0.0978253 0.00053337 0.00446807 0.0127933 0.00105884 7.77088e-06 0.00151198 
1.71384e-07 0.124433 0.000437276 0.00577827 0.00346122 0.000470596 0.244635 1.07193e-05 0.247867 0.198164 0.0171017 2.77717e-07 0.00541383 6.62642e-08 3.5893e-05 0.133428 0.0153467 6.03394e-06 0.00341051 
6.25844e-06 0.102798 4.02561e-05 0.00419115 0.111143 0.000710645 0.00297992 4.85198e-12 0.737274 0.0185554 0.0106933 0.000121987 0.00168248 3.47325e-08 0.00446988 0.00367576 0.00120091 1.03858e-05 0.000446117 
0.00279376 0.130309 4.23752e-05 0.00285569 0.0302963 8.52345e-05 7.24268e-06 9.3543e-10 0.81538 6.33127e-05 2.28884e-05 0.000111326 0.0116118 1.6074e-08 2.06403e-05 0.00574303 0.000640463 2.13474e-08 1.73555e-05 
0.00172963 0.0803101 0.000949811 0.00581368 0.0518576 0.000159812 0.0100735 2.56134e-07 0.577224 0.214376 0.00786358 0.0212929 0.0051446 0.0126722 0.00414371 0.00198913 0.00431863 1.51554e-05 6.62396e-05 
