0.00298599 0.131473 0.000972298 0.120157 0.148641 0.00345267 0.0146049 0.000136637 0.254335 0.174595 0.0690238 0.0050833 0.0212466 5.13709e-05 0.00788917 0.03781 0.00697804 1.5373e-05 0.000549493 
2.24534e-05 0.095221 0.00578556 0.0837809 0.166764 0.000168379 0.0207858 2.63314e-06 0.269289 0.0658754 0.040898 1.82007e-06 0.0113614 0.00292892 0.00800785 0.139762 0.0849093 0.00149781 0.00293766 
6.18959e-05 0.227724 0.00210854 0.0505554 0.0240403 0.0138798 0.0712494 2.72832e-05 0.383915 0.0354811 0.0808685 0.000379572 0.0182483 0.00276357 0.0347635 0.0190646 0.0288966 2.81195e-06 0.00596926 
0.0358551 0.21498 0.000385192 0.0961391 0.060278 0.00384931 0.00786349 5.06085e-06 0.494787 0.0137244 0.0200949 0.00194544 0.0226577 0.000332033 0.00549328 0.0167207 0.00407979 8.50214e-06 0.000801273 
3.26433e-08 0.063332 0.00483724 0.00140347 0.00462652 0.00674529 0.00941325 0.00869652 0.787376 0.050512 0.0135516 0.000208851 0.00730142 8.60315e-05 3.52105e-05 0.0312792 0.0104834 3.4909e-08 0.000112262 
0.000400789 0.220921 0.00120845 0.0158147 0.0033871 0.0208037 0.00765005 0.000173334 0.467244 0.11259 0.00705594 0.00869772 0.0110714 0.000119232 7.70836e-05 0.0582942 0.0643453 8.13793e-07 0.000144341 
0.00785956 0.0811605 0.000402905 0.0850971 0.15307 0.00258431 0.0137655 5.60436e-07 0.329795 0.0521366 0.0202294 0.000985552 0.0753541 0.000202382 0.0063929 0.141945 0.0263484 0.000175545 0.0024943 
3.35244e-05 0.00788737 0.0236137 0.0228465 0.0690891 7.85041e-06 0.000101081 2.11227e-10 0.855962 0.00143103 0.000460765 0.00537738 0.0112839 2.97951e-06 9.03932e-05 0.00154822 0.000257398 1.44225e-06 5.57425e-06 
0.00263058 0.108022 0.00183858 0.0177753 0.0219378 0.000708412 0.140503 0.000230391 0.348945 0.0733927 0.0325197 0.142799 0.0908519 5.9017e-07 0.000247569 0.0128292 0.000142993 1.21743e-05 0.00461258 
9.23876e-08 0.120118 0.00304722 0.00949864 0.142124 9.5591e-09 9.56493e-08 1.88299e-09 0.724979 4.17087e-06 5.08861e-07 1.081e-05 0.000217752 1.59712e-09 7.49842e-08 2.30574e-10 4.46635e-08 1.42455e-09 6.74502e-08 
6.25844e-06 0.102798 4.02561e-05 0.00419115 0.111143 0.000710645 0.00297992 4.85198e-12 0.737274 0.0185554 0.0106933 0.000121987 0.00168248 3.47325e-08 0.00446988 0.00367576 0.00120091 1.03858e-05 0.000446117 
4.65221e-05 0.0483243 1.05094e-05 0.0165944 0.0279779 6.82444e-05 5.33694e-05 4.83057e-11 0.846551 0.00384862 0.000655607 1.31068e-06 0.00357814 8.94278e-05 7.61593e-05 0.0493147 0.00279215 3.03452e-08 1.76383e-05 
0.000331996 0.194097 0.00103778 0.0912014 0.135316 0.00205556 0.00411734 1.23296e-05 0.342611 0.0355428 0.0138479 0.00180849 0.00982876 0.0027642 0.00855947 0.00617255 0.150404 2.9941e-05 0.000261808 
9.03773e-06 2.68488e-05 0.000171995 0.222212 0.163987 0.00189463 5.94198e-06 1.46673e-08 0.410888 0.0507621 0.118944 0.000197788 9.32269e-06 1.25261e-06 0.0125581 0.00992549 3.34527e-09 7.19943e-05 0.00833469 
0.000720457 0.110382 0.000101613 0.0169497 0.0680593 0.000132567 0.00348283 1.46226e-07 0.738066 0.0310523 0.00471813 0.000119509 0.00805804 8.86997e-05 0.00342542 0.00899129 0.00543938 3.44762e-06 0.000208495 
9.88712e-05 0.0678238 3.49806e-05 0.0410872 0.0486959 0.00612062 0.010532 3.33973e-09 0.259383 0.0499726 0.222053 0.00131259 0.116698 7.16455e-05 0.0855795 0.033283 0.011696 9.45847e-08 0.0455568 
3.90364e-05 0.0375352 0.000176058 0.0665978 0.0660657 0.00052862 0.00170558 1.17705e-07 0.622765 0.001613 0.00882225 0.000149503 0.0124958 0.00336391 0.0361172 0.104692 0.0370295 2.7484e-05 0.000276474 
0.0471227 0.074804 0.0052744 0.191314 0.0334659 0.133473 0.00209622 2.01873e-06 0.232698 0.0144922 0.0461355 0.00285884 0.165065 0.000276202 0.0149547 0.0309755 0.00336341 4.41854e-05 0.00158469 
0.00235753 0.0993023 4.55186e-05 0.133664 0.0718759 0.00191524 0.00158983 1.02451e-07 0.339105 0.00512973 0.133551 0.000863389 0.14686 0.00049791 0.0041044 0.0441816 0.0144357 1.13436e-06 0.000519533 
0.000173709 6.18286e-07 0.0421384 0.0432448 0.00562673 1.74774e-05 0.0255181 4.58332e-09 0.596555 0.107568 6.86614e-05 1.33865e-05 0.0218612 0.00414496 0.117275 0.035249 0.00052062 1.35621e-05 1.02069e-05 
0.0520346 0.0380169 0.00950852 0.0174336 0.0100667 0.226467 0.0110524 6.40967e-10 0.321582 0.260846 0.0245468 0.0040623 0.00126487 0.00074458 0.0010921 0.0119373 0.00878161 2.51912e-05 0.000537486 
1.58219e-05 0.0954774 4.09554e-05 0.0166778 0.0820115 6.67716e-05 0.00248918 1.46648e-11 0.769838 0.00255304 0.0028355 0.00654938 0.00355053 0.00280463 5.10192e-05 0.0126022 0.00227074 2.86103e-05 0.000136448 
6.71113e-05 0.189098 1.88583e-05 0.00607262 0.017499 0.00716168 0.0079317 1.21632e-06 0.644144 0.010826 0.0213887 0.000365161 0.0019217 1.22733e-08 0.0639305 0.000912583 0.026586 6.70327e-07 0.00207455 
0.140556 0.0978914 0.0197985 0.0762199 0.0224049 0.00135135 0.015565 1.40109e-05 0.305732 0.0230629 0.0745351 0.00104543 0.00593916 0.000112726 0.136434 0.0694314 0.00670482 5.83496e-05 0.0031434 
0.000173728 0.00368023 0.00154399 0.00755096 0.0629434 3.79547e-05 5.73304e-10 3.87225e-13 0.886163 0.00189232 0.000367878 2.71709e-05 0.00101817 6.03397e-05 0.00188708 0.0271364 0.00539731 2.92306e-05 9.10327e-05 
0.0887097 0.121886 0.000633472 0.0339282 0.160458 0.00439097 0.00362384 5.24183e-06 0.370033 0.0238829 0.0192377 0.00396174 0.0758508 0.000282909 0.00996507 0.0638839 0.0134762 0.00474374 0.00104662 
0.00108071 0.00745289 0.218988 0.0467473 0.0573243 0.0282027 1.73296e-05 2.35267e-05 0.394806 0.0296893 0.0487159 0.000153717 0.001196 0.00126135 0.0598683 0.0739827 0.00291112 0.000843299 0.0267355 
0.048346 0.0906437 0.000150199 0.0359837 0.186683 0.00830896 0.000430908 3.43896e-08 0.403437 0.0403248 0.0111862 0.00199135 0.1604 0.000284534 0.0028657 0.00540863 0.00309486 1.3688e-05 0.000447036 
1.15852e-05 0.0964973 0.00290806 0.0153029 0.0467966 0.00181862 0.0169001 3.34184e-06 0.43817 0.0426295 0.0575425 4.91496e-05 0.0470432 0.00418953 0.006098 0.0629533 0.125115 8.6272e-06 0.0359627 
0.0118208 0.15114 0.00269285 0.0403141 0.131076 0.00181374 0.00602438 6.0211e-05 0.501593 0.0260373 0.0393835 0.00369215 0.0383765 0.00498724 0.0049365 0.026568 0.00776334 1.01968e-05 0.00171075 
2.3539e-05 0.120075 2.53985e-05 0.0266426 0.0908584 0.00289964 0.00123554 2.45017e-08 0.704283 0.00873853 0.00730058 0.000285014 0.0124035 4.91729e-05 0.00367399 0.015033 0.00108381 0.000190122 0.00519865 
2.10233e-05 0.141382 1.50094e-05 0.139739 0.0956081 0.00192667 0.00779886 1.0747e-09 0.504815 0.00613298 0.0519761 0.000132675 0.0106402 0.000231848 0.00260167 0.0227575 0.0128493 6.02382e-06 0.00136596 
0.00282307 0.270481 0.0176788 0.0314135 0.162065 0.000876564 0.00605273 3.8226e-05 0.373379 0.0115065 0.0385035 0.0129047 0.0271579 0.000301719 0.0154795 0.0161516 0.00630454 5.46342e-05 0.00682738 
0.000192903 0.124235 1.24561e-05 0.0865333 0.0313405 0.00231341 0.00147169 5.77941e-10 0.355805 0.00247949 0.0202102 0.00103178 0.342132 0.000148097 0.00424162 0.0167126 0.0103262 1.44951e-06 0.000812609 
0.0251183 0.0595224 0.256866 0.0249151 0.0689388 0.0637813 0.00402029 2.61855e-06 0.263286 0.129195 0.027503 0.0107201 0.0201168 0.00108236 0.0251981 0.0108828 0.00753561 0.000386765 0.000928792 
1.40026e-05 0.156218 0.000572491 0.0546145 0.049993 0.00501093 0.00335908 2.20519e-06 0.426326 0.0596681 0.0562645 7.41755e-05 0.0287732 5.23143e-12 0.0990675 0.02626 0.0275476 1.27939e-06 0.00623308 
0.00161607 0.0813248 2.49663e-05 0.00386574 0.0100055 0.000290147 9.12515e-05 3.36387e-06 0.733348 0.000183364 0.00023582 0.000392557 0.0258179 2.09901e-09 4.87373e-06 0.137995 0.00473592 2.48393e-07 6.37872e-05 
0.000237875 0.153411 0.00175143 0.00715403 0.0210697 0.204467 0.029009 2.47739e-07 0.231698 0.0754072 0.110153 0.00125381 0.0220981 0.00114988 0.0788783 0.0579463 0.00192725 7.76987e-10 0.00238719 
0.280037 0.0284652 0.00588147 0.0834931 0.0374739 0.00339902 0.0587284 1.07002e-06 0.308717 0.00274062 0.0325024 0.0376231 0.0659571 0.000229262 0.0180129 0.0326938 0.00281255 5.60842e-05 0.00117607 
0.000436265 0.239227 0.00760846 0.069661 0.1609 0.000345818 0.00539924 9.80735e-06 0.306296 0.0268492 0.0304873 0.00154953 0.02258 0.000170214 0.0123331 0.0831799 0.0286085 2.02507e-05 0.00433922 
2.15153e-05 0.0705514 6.5747e-07 0.0360341 0.00433426 0.000332077 0.00981668 6.55565e-05 0.681264 0.040811 0.0334208 6.43578e-05 0.0547206 7.53891e-05 0.00474603 0.0430286 0.00228685 9.55711e-07 0.0184253 
0.000753385 0.00276371 0.00581512 0.00466855 0.016139 0.000180467 8.52959e-08 3.77423e-07 0.705482 0.0266216 0.00631173 8.8527e-05 0.00570099 0.000282743 0.211589 0.00910207 0.00338194 0.00012056 0.00099791 
3.38377e-05 0.00543047 0.0160197 0.0223763 0.0105439 9.04747e-06 0.0163562 4.28245e-09 0.426423 0.135007 0.223125 0.000722212 0.0403793 1.64185e-05 0.000353169 0.013732 0.000925337 8.1004e-06 0.0885389 
0.00102613 0.146578 8.36921e-05 0.00589584 0.0270985 0.000575249 0.0162184 9.97443e-09 0.651906 0.0612184 0.0350298 0.000815706 0.0133692 1.83163e-05 0.00842365 0.0214377 0.0089939 3.83108e-06 0.00130726 
0.000496111 0.12558 0.00184816 0.033718 0.10263 0.0014909 0.00493868 6.75251e-11 0.624501 0.0588905 0.00391562 6.25991e-05 0.00918645 4.11336e-06 0.00455668 0.0173836 0.00933591 0.00121348 0.000247764 
0.0439272 0.0984875 0.00592063 0.0232166 0.151965 0.0187481 0.00289677 1.42464e-08 0.340812 0.0528433 0.106414 0.00151166 0.0166785 0.00885327 0.0790142 0.00877692 0.00372407 0.000114283 0.0360952 
0.0136459 0.0806187 0.000171147 0.0281881 0.10287 0.00128023 3.33379e-05 1.97023e-10 0.65678 0.0429981 0.00394287 0.000915351 0.0388322 0.00118326 0.000400949 0.0216235 0.00641943 7.07132e-07 9.60282e-05 
0.0343749 0.133853 0.00250423 0.0331581 0.0311249 0.00205215 0.0044982 2.95098e-11 0.668489 0.00563264 0.039448 0.00213505 0.00903923 0.000101358 0.0162187 0.00360592 0.012695 7.82505e-06 0.00106169 
0.0122459 0.201604 0.171212 0.0114881 0.0335927 0.000130258 0.0232087 2.11757e-06 0.222692 0.0363003 0.177286 0.00018498 0.0304151 0.000340386 0.0396069 0.0155033 0.0207754 7.88934e-05 0.00333261 
0.000150031 0.0220603 0.0049196 0.27955 0.0512564 0.000307293 0.000365579 2.31977e-07 0.401181 0.0134751 0.00808285 2.0961e-05 0.0224558 1.15888e-05 0.0432948 0.0984429 0.0535969 0.000279757 0.000549375 
2.6382e-05 0.427843 4.94465e-05 0.0149053 0.00986009 0.000585049 0.00369637 1.30226e-11 0.501599 0.00234512 0.0316626 2.42656e-05 0.00240683 4.96231e-05 0.000150755 0.00149182 0.000485566 3.01362e-09 0.00281864 
0.0476645 0.0471457 0.089212 0.0442409 0.0235404 0.00121677 0.00168087 1.72029e-05 0.532959 0.180411 0.00219119 0.0161996 0.00667335 5.69612e-06 9.24023e-05 0.00558319 0.000331911 0.0007904 4.38064e-05 
1.35969e-05 0.200682 0.00215698 0.107877 0.0203584 0.0283137 0.00364947 2.12404e-09 0.368534 0.0637741 0.0231089 0.000220318 0.035485 6.59827e-07 0.000272152 0.0438637 0.101334 0.000137351 0.000219453 
0.000401751 0.280344 0.000238388 0.197905 0.0531327 0.00949515 0.00334856 1.5416e-05 0.344018 0.00764902 0.0172428 0.00055915 0.026817 9.93717e-05 0.00504858 0.0460952 0.0027746 1.09296e-06 0.00481474 
8.34158e-06 0.0186118 0.00107964 0.089152 0.121568 0.00102878 0.000272428 0.000134407 0.558361 0.00779093 0.00705592 1.12893e-05 0.0138731 0.00019185 0.000597774 0.0996869 0.0796893 7.17022e-06 0.000878616 
0.00038522 0.128205 0.00536179 0.0106352 0.0656446 0.00898429 0.0138071 7.08195e-08 0.580518 0.0954911 0.0276309 0.00102245 0.0135015 3.33865e-05 0.0395968 0.00611803 0.00225271 8.24064e-05 0.000728705 
0.0341745 0.177024 0.00316811 0.0807847 0.0494721 0.000586003 0.00117211 3.68529e-07 0.23001 0.0923686 0.129777 0.06405 0.102399 0.0011244 0.000296619 0.0178948 0.00358308 1.30043e-05 0.0121023 
4.57908e-05 0.218404 0.000485268 0.0272278 0.196339 0.000339141 0.00168372 3.32339e-06 0.42913 0.0178319 0.029965 0.0055425 0.012256 3.17357e-06 0.00823967 0.0204443 0.00210694 3.16201e-05 0.0299219 
0.0200643 0.220341 0.00186536 0.0795427 0.0570269 0.00372034 0.0114 6.18788e-05 0.426338 0.064037 0.0380013 0.00143373 0.0326171 0.0076388 0.00409041 0.0261082 0.00496374 4.47846e-07 0.000748361 
0.00147118 0.0374577 0.176338 0.0105316 0.0580794 0.0233444 0.00414404 3.74587e-09 0.330863 0.0522121 0.0150077 0.115638 0.123228 0.0475403 1.86725e-05 0.00375286 0.000257324 2.88665e-07 0.000115775 
0.0143034 0.208156 0.00182475 0.0290573 0.0409779 0.000470037 0.0284515 2.51568e-06 0.245962 0.097864 0.0316892 0.000159561 0.0186303 3.47661e-06 7.5241e-05 0.205902 0.0749288 3.17037e-06 0.00153897 
0.00753344 0.124913 0.0022617 0.0778135 0.0702094 0.000331308 0.00165205 5.10196e-10 0.514123 0.00641044 0.0306037 0.000241949 0.0703962 0.000101486 0.00154038 0.0311449 0.0598611 2.0272e-05 0.000842411 
0.0213854 0.168017 0.000318292 0.10128 0.0276773 0.000295738 0.0032513 1.04703e-05 0.396641 0.00255147 0.0101931 0.00246959 0.0572597 0.00274765 0.00209763 0.13722 0.0621304 4.64936e-05 0.00440703 
0.000542849 0.153161 0.000181542 0.0214003 0.092562 0.000564702 0.00128822 1.54542e-10 0.646433 0.00363197 0.00462169 7.96946e-05 0.00698768 0.000485752 0.00376569 0.0597065 0.00435065 2.45891e-05 0.000212056 
1.58219e-05 0.0954774 4.09554e-05 0.0166778 0.0820115 6.67716e-05 0.00248918 1.46648e-11 0.769838 0.00255304 0.0028355 0.00654938 0.00355053 0.00280463 5.10192e-05 0.0126022 0.00227074 2.86103e-05 0.000136448 
0.000127648 0.00830313 0.0580144 0.00836883 0.0754264 1.97761e-06 3.17967e-05 1.49483e-09 0.798239 0.00184332 0.000100257 0.00909608 0.0386011 3.30994e-06 0.000230521 0.00129502 0.000258575 1.59791e-06 5.70796e-05 
0.000612634 0.156139 0.0024509 0.168628 0.197658 4.58429e-10 0.00237367 8.90643e-07 0.225878 0.171235 0.00236057 1.45002e-06 0.0308477 9.53147e-10 1.10731e-06 0.0349747 0.00683693 8.5016e-10 2.68762e-10 
0.250278 0.0273919 0.0141043 0.080526 0.0314488 0.00153732 0.000977873 1.92111e-08 0.272522 0.125689 0.0451125 0.0353419 0.0182154 0.000627135 0.0396513 0.00492506 0.0101223 3.70387e-11 0.0415294 
0.00020232 0.0501749 0.00284081 0.181255 0.0203858 0.000101184 0.000710995 1.01875e-08 0.395731 0.00915277 0.0591871 0.0704677 0.0617503 3.36753e-05 0.00531659 0.0124189 0.00234318 2.77644e-09 0.127928 
9.79533e-06 0.104537 1.09596e-06 0.0104149 0.137478 3.11184e-06 7.90917e-05 1.63189e-11 0.739233 7.24292e-05 0.00247161 1.54872e-05 0.00464351 1.38413e-11 0.000651522 6.13074e-05 0.000294625 1.23458e-11 3.33113e-05 
3.14203e-05 0.188856 4.32192e-06 0.0784852 0.256906 0.00240036 0.000708515 5.71616e-12 0.416419 0.00104854 0.0076419 0.000893491 0.0140113 2.25582e-05 0.00159854 0.0275999 0.00331843 4.59887e-07 5.43029e-05 
0.018817 0.110381 0.00493541 0.0366301 0.00572833 0.000344421 0.0275215 1.33648e-07 0.369208 0.291504 0.0739775 0.00472971 0.00568451 2.50884e-06 0.00702503 0.0410033 0.00191789 6.41644e-05 0.000525445 
0.0327825 0.101293 0.000256799 0.0811591 0.216284 0.00135331 0.00174285 7.08665e-10 0.48477 0.000375477 0.0100332 0.000503803 0.00516723 0.000647125 0.0017484 0.0598042 0.000917437 5.50767e-05 0.00110674 
0.0119054 0.17916 0.000202181 0.0685244 0.0401891 0.00114235 0.00760749 6.95591e-05 0.401748 0.00245822 0.0322735 0.0128253 0.0148643 0.000166898 0.00466789 0.189362 0.0295418 1.04389e-06 0.00329018 
0.00108868 0.231798 0.0087276 0.0332691 0.025835 0.0115338 0.00768015 0.00056235 0.379262 0.0482457 0.0398169 0.00188518 0.0320615 0.00138662 0.0102284 0.0392243 0.12394 0.000934905 0.00251973 
0.00492878 0.283449 0.146014 0.0223798 0.060611 0.000302203 7.91724e-05 4.46036e-12 0.432366 0.00122735 0.0140799 8.51245e-05 0.0182957 3.78319e-12 0.000713924 0.0144966 0.000932686 2.10877e-05 1.82634e-05 
0.00723696 0.0414546 0.000381988 0.040567 0.0162565 0.0034001 0.0223495 3.95989e-10 0.543358 0.172075 0.0496516 0.00411909 0.0708077 6.42712e-05 0.0111144 0.0134556 0.00239344 2.45888e-06 0.00131153 
0.000349811 0.125603 0.157893 0.0410042 0.141796 0.00042349 0.0191605 9.51708e-07 0.167575 0.0871592 0.0933492 0.00573282 0.0481919 4.96808e-06 0.0807726 0.0137796 0.0142102 1.62143e-05 0.00297729 
5.11468e-06 0.109184 0.0250204 0.0323625 0.146798 5.497e-05 0.0153682 1.82894e-09 0.198494 0.174499 0.178369 0.000782166 0.0262359 0.0170608 0.00152535 0.0543146 0.00300831 3.21872e-05 0.0168852 
0.0476645 0.0471457 0.089212 0.0442409 0.0235404 0.00121677 0.00168087 1.72029e-05 0.532959 0.180411 0.00219119 0.0161996 0.00667335 5.69612e-06 9.24023e-05 0.00558319 0.000331911 0.0007904 4.38064e-05 
7.56504e-06 0.0357494 0.000819509 0.0348476 0.0739375 0.0135127 0.00216903 0.0342053 0.308461 0.0252546 0.0142787 0.000176954 0.00945535 5.74573e-06 0.0824277 0.188468 0.170162 7.30372e-06 0.00605389 
0.00262142 0.0925008 2.42171e-07 0.00496022 0.0475354 3.54311e-08 8.75986e-06 3.23193e-11 0.815444 1.7481e-05 7.39584e-05 0.000639101 0.0358459 2.74127e-11 3.70083e-06 4.21622e-07 0.000348198 1.80302e-08 1.0871e-08 
0.00189064 0.098755 0.000961348 0.261952 0.147517 0.00972338 0.00823044 7.65651e-06 0.275297 0.0245505 0.0184257 0.000998282 0.0447407 0.025003 0.0338584 0.0229005 0.0250121 2.39313e-05 0.000152139 
0.0528589 0.130806 0.00129498 0.0250035 0.1302 0.0113921 0.000219264 7.56412e-05 0.570225 0.00506214 0.00939395 0.00038033 0.0216569 0.000712388 0.00140154 0.0141375 0.0247664 1.00811e-06 0.000412683 
0.000117307 0.0882992 7.87665e-05 0.0519556 0.0263574 0.000417911 0.0132202 0.00652179 0.676449 0.0195176 0.0244699 0.00533529 0.0192954 0.000867785 0.000172824 0.0394859 0.00208014 0.0207185 0.00463975 
0.0615926 0.00170476 2.60147e-05 0.013543 0.117101 0.00116529 0.000917036 7.927e-09 0.370882 0.0562433 0.000233798 0.00151334 0.00131556 0.000154405 5.43857e-05 0.0999428 0.000146194 0.273376 8.90887e-05 
0.0338631 0.01604 0.0110784 0.0180836 0.0326235 6.93848e-05 0.00014789 6.71444e-12 0.784766 0.000806099 0.000538503 0.00189347 0.00495553 6.40613e-06 0.0367945 0.0559584 0.00232036 3.04753e-05 2.42507e-05 
6.46848e-05 0.097964 0.000202475 0.0410621 0.0352331 0.00296888 0.00454536 0.000535426 0.760227 0.00136992 0.00920407 0.000626581 0.00652598 0.00195954 0.00502788 0.026688 8.84121e-05 0.00458386 0.00112241 
7.03538e-09 0.431375 9.74405e-07 0.0139656 0.00359272 0.000623464 0.0338096 1.79451e-11 0.475619 0.000788101 0.0126819 2.55695e-06 0.00914943 2.58031e-08 7.19615e-05 0.0153787 0.00290473 9.49909e-10 3.61152e-05 
3.17847e-09 0.00607382 6.74635e-05 0.00100664 0.000451094 0.000247291 0.00683783 0.258731 0.614515 0.00472727 0.00220858 0.000116152 0.00568109 4.73255e-07 1.6725e-07 0.0972067 0.00210774 1.45298e-08 2.17866e-05 
0.00354048 0.243733 0.00160695 0.0452733 0.114753 0.00235344 0.0106956 0.000329898 0.324653 0.0367288 0.0351361 0.001335 0.0345952 0.0022061 0.0105071 0.0398535 0.0887039 9.30384e-05 0.00390253 
6.73968e-07 0.181316 8.52644e-08 0.0243687 0.152331 0.000170375 0.0881304 2.39457e-08 0.302574 0.0177509 0.122003 0.00302998 0.00368691 5.17374e-05 0.0069274 0.0338709 0.0556967 0.00322859 0.00486344 
0.167257 0.0270346 0.000935435 0.157414 0.171441 0.00127494 0.00858492 5.96566e-07 0.179782 0.0820443 0.119155 0.00544158 0.0223538 6.77501e-05 0.00749578 0.0118137 0.00549849 0.000163821 0.0322414 
0.000216847 0.0808154 0.00116188 0.0700193 0.178326 0.00770011 0.00232664 1.22575e-05 0.415775 0.0884403 0.0636428 0.00560981 0.0138678 0.0117749 0.0145963 0.00424581 0.0331923 4.00195e-05 0.00823645 
0.191217 0.206888 0.000115761 0.00532456 0.0181433 0.00137014 0.00396432 2.5234e-09 0.360134 0.0036511 0.0204197 0.000311315 0.0452541 2.76373e-05 0.110604 0.00655558 0.0242596 2.22434e-05 0.00173882 
7.40037e-05 0.0531541 0.00596771 0.00935586 0.0279494 0.00343022 0.0184252 7.09014e-07 0.56301 0.0790819 0.139325 0.000171407 0.00549514 0.00681015 0.000922951 0.0212077 0.0601735 0.000146943 0.00529844 
2.43569e-05 0.0404263 8.18034e-05 0.00514587 0.00496077 0.000469027 0.130506 4.94286e-05 0.781123 0.00149763 0.0215895 5.08438e-05 0.0101086 2.0945e-05 0.00154541 0.00043878 7.12204e-05 2.78017e-05 0.0018631 
1.21978e-05 0.155001 1.6144e-10 0.0181596 0.181284 1.06503e-07 1.3913e-05 2.47064e-10 0.632377 0.000784916 0.00143393 8.75067e-07 0.000727959 5.0776e-08 1.67936e-07 0.00666537 0.00347805 1.86913e-10 6.16918e-05 
0.00172963 0.0803101 0.000949811 0.00581368 0.0518576 0.000159812 0.0100735 2.56134e-07 0.577224 0.214376 0.00786358 0.0212929 0.0051446 0.0126722 0.00414371 0.00198913 0.00431863 1.51554e-05 6.62396e-05 
5.30329e-05 0.193154 0.000664846 0.0460463 0.011786 0.000221749 0.0683497 3.72004e-06 0.584472 0.0420568 0.031324 0.00254405 0.00770519 0.000956359 0.0007176 0.00638587 0.00267208 6.90702e-06 0.000879649 
0.00242145 0.0818915 0.0275051 0.0668234 0.104859 0.0140731 0.0118859 5.69143e-08 0.24825 0.241222 0.0737925 0.0319263 0.0510094 1.12613e-06 0.0194496 0.0158694 0.00352375 0.000236696 0.00525906 
0.0360584 0.0812671 0.000636797 0.00334389 0.00645289 0.0162709 0.00587904 2.19043e-09 0.762127 0.0242543 0.0205923 8.47003e-05 0.0166453 0.0012019 0.00622581 0.015172 0.00353776 4.44191e-07 0.000249675 
4.50556e-07 0.0193604 4.83451e-10 0.354257 0.0148773 0.0429702 1.03861e-06 7.39863e-10 0.547095 0.00170178 2.67858e-06 5.54179e-05 0.0184338 6.27537e-10 2.52547e-07 0.000965031 0.000277026 1.06153e-07 2.61729e-06 
0.00231994 0.266985 0.000703376 0.208241 0.0994654 0.000364418 0.000562435 2.2993e-09 0.285274 0.00338381 0.017827 0.000228554 0.0249511 6.03568e-05 0.0481713 0.0290455 0.00741342 7.29571e-06 0.00499549 
0.000121785 0.0884282 0.0016839 0.133392 0.1619 0.00032826 0.00256515 2.76708e-08 0.273432 0.0765684 0.0478546 0.00424821 0.0106255 0.00114357 0.00578688 0.0162675 0.0931674 0.000435206 0.0820508 
0.000885146 0.0922781 0.0548788 0.0386477 0.0637594 0.000334913 0.011729 3.01579e-05 0.284349 0.0592979 0.0457172 0.0182199 0.0575782 6.95114e-09 0.00460331 0.100304 0.0319284 8.31297e-11 0.135459 
0.00810933 0.027034 8.3928e-05 0.0442319 0.133451 0.00164899 7.47725e-05 3.20762e-06 0.66722 0.0040992 0.0118947 0.000420272 0.0537343 0.000482964 0.00476976 0.0255794 0.0164034 4.01725e-05 0.00071828 
4.46578e-05 0.0343088 5.81051e-06 3.90113e-05 0.000261254 9.78273e-05 0.0556896 1.88273e-08 0.383175 0.358408 0.0229085 0.105396 0.00118073 0.00791513 0.000234754 0.0120253 0.0183062 1.42435e-08 3.34001e-06 
4.55741e-06 0.0583908 1.27928e-05 0.00622858 0.000156022 0.00995464 0.0835902 2.13564e-06 0.62364 0.00744643 0.0616058 7.42206e-06 0.077906 0.000880968 0.00191037 0.0644678 0.00349617 5.6007e-07 0.000298458 
0.000100803 0.0824687 0.000605319 0.0269304 0.0155727 0.00073864 0.1666 9.03101e-10 0.463842 0.0113861 0.0292326 0.0455955 0.0990536 0.00775354 0.0203849 0.0271974 0.00122043 2.99838e-08 0.00131679 
0.000214648 0.207737 0.150902 0.0222044 0.0466176 0.000504233 0.0047848 2.12054e-09 0.429353 0.017535 0.0821094 0.000374692 0.00139586 0.000127881 0.0129856 0.016788 0.000388749 1.02587e-05 0.00596743 
5.91259e-06 0.0441835 4.28474e-06 0.00387993 0.000832931 0.000251233 0.00570182 0.000124261 0.750036 0.019885 0.11395 2.88039e-06 0.00420903 8.23756e-06 0.0195425 0.0255609 0.0116161 8.30638e-05 0.000122739 
8.63394e-05 0.224963 0.000525225 0.0908316 0.0109081 0.0218585 0.0498186 7.57373e-10 0.273937 0.148527 0.135832 1.70169e-05 0.0072948 0.0161432 0.00121714 0.00722522 0.00221981 5.72979e-10 0.00859565 
0.0363199 0.11221 0.000120323 0.160796 0.0713307 0.00479644 0.00615282 1.68896e-10 0.446101 0.00138457 0.0170263 0.00121536 0.0698562 9.54993e-05 0.00309396 0.0558634 0.0129012 1.18888e-07 0.000735507 
0.00282744 0.243179 3.00464e-05 0.142099 0.183689 0.00162843 0.00629834 6.57542e-07 0.33151 0.00351854 0.0143746 0.000471488 0.019144 0.000199507 0.0066914 0.0168587 0.0270077 1.65031e-06 0.000470647 
0.00565124 0.0502968 0.000158262 0.0376291 0.0205159 0.0142661 0.00180197 9.62572e-13 0.772616 0.00517694 0.0170841 0.00927281 0.0522052 0.00194184 0.0012105 0.00915058 0.000216254 1.37988e-07 0.000806286 
0.000321347 0.0462867 1.26715e-05 0.0149598 0.121264 0.131183 0.00777727 0.00128229 0.225373 0.0161542 0.160812 0.0200207 0.217695 8.80289e-05 0.0176351 0.00915589 0.00843404 1.25937e-05 0.00153149 
0.00243378 0.220645 7.95181e-05 0.0178566 0.0522731 0.0016681 0.000601792 1.36201e-11 0.630026 0.0148306 0.00853622 0.00238941 0.0338572 0.000339962 0.007643 0.00336511 0.000385014 1.90441e-09 0.00306889 
1.39779e-05 0.158769 0.000334497 0.0244215 0.00132135 4.21949e-08 0.00416655 1.22758e-05 0.798174 0.0041263 0.00109911 0.000334867 0.000139861 2.00853e-06 1.04532e-05 0.00702813 3.16596e-05 7.82508e-08 1.46484e-05 
5.55991e-05 0.132683 8.795e-05 0.0364317 0.00585754 7.46023e-06 0.0703026 2.0072e-06 0.688852 0.00180975 0.00495717 0.000184787 0.00900215 0.000156108 0.000951397 0.0315305 0.0161106 1.8183e-05 0.000998631 
0.00118172 0.0889885 0.00183224 0.0305522 0.0535693 0.00899265 0.0273183 1.98351e-07 0.454928 0.0291028 0.11617 0.0098785 0.0139978 3.32417e-05 0.00343424 0.0986923 0.0420158 0.000343831 0.0189684 
0.000285291 0.0849372 0.0200281 0.0765818 0.0216908 0.173368 0.0267823 3.76229e-06 0.249002 0.10179 0.171701 0.000599424 0.00532589 4.06524e-05 0.0360576 0.0200097 0.00286157 9.43389e-05 0.00884092 
0.00030537 0.159407 9.57595e-05 0.0242869 0.0176882 0.00177548 0.0159956 0.00243076 0.31451 0.018352 0.110489 0.0493495 0.202344 0.00335569 0.0516281 0.0214527 0.00231735 5.2208e-06 0.00421105 
0.0125209 0.145489 0.00185316 0.0694825 0.0491501 0.00313803 0.015405 0.00140472 0.274682 0.020338 0.0389997 0.00346415 0.142795 0.00255715 0.0131393 0.177735 0.0250808 0.000153791 0.00261157 
1.40432e-09 0.00101595 0.000115336 0.000442305 0.000663707 0.00182982 5.43264e-05 8.48554e-09 0.989845 5.97192e-05 4.1163e-05 4.11755e-05 0.00198523 0.000137475 4.97067e-05 0.00277751 0.000821364 6.41961e-09 0.000120551 
0.250278 0.0273919 0.0141043 0.080526 0.0314488 0.00153732 0.000977873 1.92111e-08 0.272522 0.125689 0.0451125 0.0353419 0.0182154 0.000627135 0.0396513 0.00492506 0.0101223 3.70387e-11 0.0415294 
0.000897675 0.152809 0.000257082 0.0301176 0.0197822 0.00129082 0.00254892 1.45039e-05 0.611099 0.00450454 0.00396628 0.000386763 0.0114241 0.00582058 0.0013835 0.12989 0.0234641 3.71861e-05 0.000306505 
3.09076e-07 0.316177 3.3237e-06 0.00324876 0.0798244 0.000151877 4.80165e-05 1.31377e-07 0.548299 0.000547094 2.7262e-05 1.23767e-06 0.0118807 8.44296e-08 0.00191152 0.0376019 0.000274225 1.24609e-08 3.04112e-06 
0.0264689 0.105653 0.00479228 0.0520469 0.0342331 0.00460445 0.00557865 0.000255269 0.630178 0.0148664 0.00964799 0.0146951 0.021888 0.000150813 0.00126864 0.0679837 0.00520929 3.60819e-06 0.000475911 
0.00156448 0.0228567 0.0474331 0.00877058 0.0564008 0.000382388 6.37946e-05 2.91274e-11 0.731276 0.0464509 0.0173618 0.00359273 0.0020308 7.79791e-05 0.0511586 0.0060368 0.000692419 1.214e-05 0.00383796 
0.0753727 0.0627459 0.00143884 0.0598152 0.0200443 0.000815643 0.00490788 3.00179e-05 0.644516 0.0144123 0.00265606 0.000951678 0.0404839 0.00129564 0.00752183 0.0553031 0.00564314 1.04496e-05 0.00203486 
0.0263105 0.148247 0.000699363 0.0651703 0.0530224 0.00124987 0.00662957 3.35873e-05 0.515388 0.0193745 0.0676728 0.041692 0.0172214 0.000395686 0.00278336 0.02796 0.00405954 1.15313e-06 0.00208925 
3.36345e-06 0.101724 1.97126e-07 0.0138324 0.0618866 6.22493e-08 0.0130242 5.13289e-10 0.425786 0.326498 0.0117477 8.55409e-06 0.00287109 6.81533e-07 2.90308e-05 0.00449396 0.00695676 9.7917e-05 0.0310401 
0.000461156 0.0611286 0.00116645 0.0299069 0.0737362 5.80631e-05 0.00406875 1.74497e-08 0.326865 0.148417 0.130899 0.000227579 0.00978199 7.82945e-06 0.0541571 0.00460215 0.0148949 2.96855e-05 0.139592 
0.0717446 0.130423 0.00551019 0.0142569 0.109883 2.92522e-05 0.000552873 1.30429e-09 0.262943 0.0852818 0.133079 0.0251311 0.113966 0.000601395 0.0031805 0.0315419 0.00934412 0.000333191 0.00219758 
0.0159636 0.0431363 5.05682e-05 0.268972 0.115348 0.000200477 0.00121238 8.38101e-10 0.306546 0.0190221 0.0423755 0.00338345 0.0212193 0.000231742 0.00073926 0.0472576 0.11306 4.73203e-05 0.0012344 
0.00232563 0.122309 0.000293359 0.175369 0.073661 0.0353545 0.0867593 0.00113672 0.236851 0.0346238 0.101026 0.0180533 0.0540851 0.0134572 0.0200115 0.0212601 0.00131595 5.06245e-05 0.00205589 
4.77096e-08 0.0215869 1.30384e-07 0.00956372 0.00160193 2.05666e-06 0.000203455 3.02076e-07 0.956576 5.37919e-05 0.000133025 4.68159e-08 0.00549482 1.55494e-07 5.59812e-08 0.00467081 0.000109413 9.11095e-10 3.02327e-06 
0.000407573 0.0407173 2.7333e-05 0.0225764 0.0037804 0.000252133 0.00176711 1.8949e-06 0.857855 0.000282884 0.00176992 7.10633e-06 0.0117951 5.28577e-07 1.24428e-05 0.0582993 0.000379717 3.83799e-06 6.36917e-05 
0.000497668 0.112135 2.17298e-07 0.0665076 0.127066 4.02146e-06 0.00107311 4.09106e-08 0.34039 0.000525289 0.106282 0.000495925 0.0359459 3.82815e-07 0.20774 0.00115806 0.00017343 2.76819e-09 3.88434e-06 
7.51102e-06 0.0934609 0.000247691 0.0070978 0.00270996 8.37702e-05 0.0543663 0.0203945 0.69973 0.00245767 0.0162003 0.00868253 0.00849365 0.0010672 0.000475546 0.0833527 0.00112862 1.06229e-06 4.1895e-05 
0.00188126 0.128745 1.04324e-05 0.023648 0.183563 4.05249e-05 5.14782e-05 3.42528e-10 0.551222 0.000141001 0.000682536 9.39235e-05 0.0320696 2.11693e-05 1.44701e-05 0.0588109 0.018992 7.98249e-08 1.1782e-05 
1.01447e-06 0.243053 0.000214391 0.0367684 0.053904 0.00225852 0.0054387 1.51133e-06 0.269617 0.010619 0.0125325 0.000221644 0.0603711 0.00177566 0.000709873 0.243176 0.0583412 0.000310111 0.000686398 
0.000816443 0.0132782 0.00304288 0.0137767 0.0799125 0.00283745 0.0312602 1.07272e-10 0.464573 0.0857679 0.167092 0.00180377 0.00667231 1.80418e-05 0.118778 0.00204306 0.000938183 0.000239504 0.00714947 
0.00634237 0.00398978 0.00117122 0.00319745 0.00258435 1.5718e-05 0.00347303 7.03622e-07 0.957534 0.000419153 0.000449166 0.00265273 0.00112313 3.77701e-06 6.31194e-05 0.00497695 0.0118555 1.7356e-06 0.000146089 
0.0838523 0.109823 0.000754746 0.0424373 0.0116256 0.00190153 9.82346e-07 4.76199e-10 0.640036 0.00797298 0.000210727 0.00616326 0.0600716 3.96154e-05 0.00381369 0.0193613 0.0118622 3.73546e-06 6.87081e-05 
0.00622551 0.287663 0.000213361 0.0439528 0.14768 0.00309682 0.010428 1.65655e-05 0.350189 0.020273 0.0465103 0.00240455 0.0558763 0.000135925 0.0116437 0.00424765 0.00667915 1.99141e-05 0.00274442 
0.0444105 0.0104882 0.0845553 0.00820171 0.217997 0.000258785 4.51192e-05 7.77205e-09 0.271874 0.0291538 0.221776 0.0160017 0.0158258 0.0129323 0.0088054 0.0466074 0.00887435 1.00078e-05 0.0021826 
0.0332346 0.0180006 0.00031923 0.127379 0.0695501 0.000596674 7.88178e-08 1.81311e-05 0.225231 0.019015 0.0141049 0.0036177 0.0661587 3.23396e-06 0.000204917 0.191887 0.0019556 0.222009 0.00671415 
0.00491934 0.321941 0.000948876 0.0771359 0.0177143 0.000979154 0.00705442 2.84123e-06 0.417392 0.0234001 0.0395326 0.00129507 0.0165908 0.000178132 0.0175529 0.0420746 0.00297204 3.36272e-05 0.00828161 
0.00405603 0.182272 0.000250799 0.0224861 0.327572 0.000965818 1.70317e-05 2.99302e-12 0.419684 0.00148081 0.00194742 0.000340109 0.0126889 0.000174486 0.0139032 0.0106722 0.0011784 3.89883e-06 0.000306059 
0.0106037 0.00806666 0.0351416 0.00280655 0.00782104 0.0001102 0.0417317 5.15314e-06 0.740228 0.0942402 0.0226349 0.00323778 0.0215854 1.02176e-05 0.000195388 0.0111872 0.000175267 0.000203356 1.57779e-05 
0.140032 0.106909 0.0236453 0.0576191 0.0820933 0.00169539 0.012536 6.61067e-08 0.268447 0.0608926 0.127277 0.0343115 0.0192568 0.000164615 0.0270198 0.0147463 0.0218095 4.56538e-06 0.00154125 
0.0126393 0.184117 0.000312492 0.0499204 0.0302923 0.00224336 0.00043733 3.01371e-08 0.631344 0.0017316 0.00294382 0.000590508 0.0311831 0.000101901 0.000648633 0.0448254 0.00654669 6.58955e-07 0.000121849 
9.93035e-06 0.0422335 2.68579e-09 0.00331447 0.00417941 3.30126e-05 9.44279e-05 1.5363e-12 0.948329 0.000534759 0.00026816 1.90467e-06 0.00059707 2.03288e-05 2.09023e-06 0.000354594 2.14425e-05 6.83495e-10 5.75629e-06 
0.0365986 0.161032 0.0351576 0.101926 0.0914977 0.0034816 0.0813601 0.00109657 0.24512 0.0322538 0.0468036 0.0877477 0.0584161 3.58293e-05 0.000537211 0.0113971 0.00191901 8.44591e-05 0.00353504 
0.000126608 3.88257e-06 0.0325843 0.0229709 0.0540277 0.000292505 0.000350884 5.2976e-10 0.462145 0.000955724 1.41737e-05 0.135352 0.00238633 1.54676e-06 0.00405057 0.0921418 4.54575e-06 6.95104e-07 0.19259 
0.0431212 0.108128 0.000274605 0.119062 0.00711209 0.0899851 0.0184901 6.2026e-06 0.459904 0.00470874 0.0343562 3.34097e-05 0.00432709 0.000116722 0.00113285 0.0949328 0.014132 2.5192e-05 0.000151971 
6.15526e-05 0.0146294 0.000132081 0.0194758 0.0900153 0.000792192 0.00036573 9.76739e-06 0.715034 0.0598725 0.00437418 0.00122931 0.00427555 0.00296299 0.00133784 0.0721001 0.0121021 9.06899e-06 0.00122091 
0.00141077 0.114852 0.00012728 0.0500167 0.10212 0.00642743 0.00147909 5.21557e-10 0.6516 0.00198312 0.0323385 0.00191555 0.0178625 0.00388853 0.0016047 0.00992757 0.000999252 7.12126e-06 0.00143999 
2.72368e-05 0.0851354 8.74609e-05 0.0343639 0.0158689 0.00121288 0.0347308 3.69149e-05 0.375168 0.0731122 0.201243 0.000892123 0.000843253 0.000167903 0.000738578 0.101761 0.0463471 1.24628e-09 0.0282628 
8.38161e-05 0.199722 0.0467031 0.031162 0.0256022 0.0010115 0.0790763 0.00026855 0.456898 0.012513 0.0866771 0.004159 0.0259254 8.57475e-06 0.000969454 0.0131495 0.0125146 4.94576e-06 0.00355111 
0.000506047 0.0832586 0.242327 0.0675355 0.0875631 0.000943128 0.00692569 1.39695e-09 0.362305 0.0477698 0.0503232 5.81384e-05 0.00213578 2.2541e-07 0.0108079 0.0352597 0.000609935 0.00138035 0.000290737 
0.154886 0.0613066 0.000948259 0.0100912 0.0569166 0.0245919 0.000167517 2.70484e-09 0.522579 0.00271864 0.0223238 0.0399719 0.047295 0.00034108 0.0468388 0.00492206 0.00273068 6.40109e-08 0.00137124 
0.0075695 0.103373 0.00138657 0.00667812 0.00203475 0.000434887 0.172666 0.0124188 0.593342 0.00590084 0.0822041 0.000294685 0.00293258 9.74159e-11 0.00139803 0.00699523 0.000132474 2.46463e-06 0.000235139 
0.000454038 0.175182 0.00192634 0.0397132 0.0615632 0.00538771 0.0114005 0.00134885 0.323802 0.0401983 0.0144889 0.153117 0.139034 0.000308342 0.00152068 0.0272498 0.00238029 1.39923e-10 0.000925965 
0.000147452 0.152545 0.000116522 0.0884683 0.0907191 0.0043071 0.175159 0.000133074 0.196793 0.12398 0.0510642 0.00217882 0.0137717 0.00101388 0.00280162 0.038176 0.0555284 4.90424e-05 0.00304815 
5.75328e-05 0.122537 4.71522e-05 0.00720334 0.0300716 0.000351748 0.00794183 1.5498e-06 0.721902 0.0630133 0.0173942 0.00222102 0.00112031 9.11946e-05 0.0215025 0.0032315 0.000300561 6.6833e-07 0.00101181 
0.000451625 0.145804 0.00548717 0.09239 0.00828459 0.000526611 0.0751332 8.75792e-08 0.378247 0.00860537 0.0896496 0.0583051 0.0311015 0.000345714 0.000113257 0.0794806 0.0234176 1.56921e-06 0.00265528 
0.174437 0.0448608 0.0486065 0.0335482 0.159643 0.000361025 0.00167407 0.0104082 0.338986 0.0604298 0.00366191 0.0223643 0.0255042 7.60178e-05 0.0169751 0.0358272 0.01819 0.00421589 0.000231274 
0.166359 0.0626844 0.0491851 0.0222676 0.021589 0.017825 0.00880999 2.39096e-08 0.181456 0.166439 0.0902336 0.146581 0.0451055 7.64032e-07 0.00285346 0.00435904 0.000569644 8.23982e-05 0.0135991 
4.48228e-05 0.0923957 1.66982e-06 0.00979769 0.000371266 0.00133336 0.0260698 3.40568e-09 0.675194 0.0668675 0.0264132 0.000450236 0.00168243 0.0701433 0.00495231 0.00012652 0.0236163 6.08901e-06 0.000533302 
0.0652824 0.190019 0.00274806 0.010027 0.00434785 0.27028 0.0195644 5.4371e-09 0.275665 0.023279 0.0525529 0.00330926 0.00532896 2.18938e-06 0.000962251 0.0699066 0.00607395 1.12325e-06 0.000650194 
0.0301911 0.325751 0.01057 0.0306109 0.0934883 0.00153039 0.00635064 1.21344e-11 0.424112 0.00131754 0.0174956 0.000838364 0.0144991 4.77025e-05 0.000496996 0.00929718 0.00606325 0.000169606 0.0271708 
0.00302744 0.0219189 0.252125 0.0157442 0.0847699 0.000588367 0.000451814 0.00142308 0.408007 0.0880892 0.00422261 0.0115448 0.00155397 7.24195e-07 0.0114888 0.0479012 0.00469458 0.0416709 0.000778173 
0.000547945 0.0283931 0.000998534 0.128825 0.0409383 0.00147045 0.00103599 1.08304e-09 0.461245 0.00768012 0.00520727 0.00387397 0.283066 1.61599e-06 0.0162647 0.0190531 0.0011512 1.0202e-05 0.000237011 
0.00528121 0.165583 0.00112085 0.187497 0.207921 0.00130654 0.0059248 2.18513e-05 0.235871 0.0353422 0.07237 0.0016922 0.0292361 0.000620182 0.0126388 0.0120756 0.0176797 1.26649e-05 0.00780598 
5.06331e-07 0.262244 8.4579e-06 0.00500921 0.246714 2.07707e-09 9.78872e-10 5.09157e-09 0.338271 0.0325901 0.00659242 2.33059e-09 0.0328589 4.31857e-09 2.10217e-07 3.22128e-06 0.0757075 2.92696e-07 1.21772e-09 
0.027825 0.042135 0.00159353 0.0693682 0.0301786 0.000433352 0.0283374 1.64954e-05 0.358053 0.0568737 0.00299868 0.334962 0.012893 0.000358015 0.000170749 0.0221537 0.00933122 1.3731e-06 0.00231762 
0.000289655 0.0160255 5.08444e-06 4.06567e-05 0.00199794 0.00107234 0.000375041 3.26773e-06 0.453004 0.0907686 0.0558069 0.000817612 0.0187479 0.290231 0.0130074 0.0309921 0.0197911 4.35015e-06 0.00702005 
0.000201304 0.232538 0.0109987 0.158136 0.0363664 0.000730016 0.0412596 0.00157268 0.244698 0.0244379 0.0646515 0.00247766 0.053731 0.000155871 0.0122281 0.0598984 0.0527425 2.12122e-05 0.00315502 
6.70803e-05 0.0429518 0.033865 0.0403272 0.284209 0.000884107 0.00139376 1.2864e-09 0.51279 0.0178779 0.0219435 0.000846011 0.00548909 6.62199e-06 0.00106991 0.0258083 0.00111326 0.000203274 0.00915368 
0.000302244 0.0614726 0.0229101 0.00743551 0.0179563 0.000849421 0.0615252 6.10004e-08 0.462355 0.154592 0.0310059 0.00675712 0.0801194 0.0477647 0.00979386 0.00896396 0.0170455 2.12314e-06 0.00914886 
0.00718276 0.15317 0.00569115 0.188531 0.0335507 0.000188488 5.86468e-05 1.03888e-11 0.512009 0.00161226 0.0135981 6.41279e-05 0.0219707 1.78527e-05 0.02116 0.0352588 0.00558036 0.00010986 0.000246442 
0.000488561 0.393277 0.00111707 0.0120573 0.0107225 0.000167574 0.00036444 1.48349e-07 0.46814 0.000133583 0.00169872 0.00076157 0.0222971 3.8577e-08 2.8706e-06 0.0534894 0.0351275 0.000127785 2.66899e-05 
0.000356457 0.158198 0.0117649 0.0538375 0.0313891 0.00460469 0.0226921 2.47829e-05 0.450906 0.134574 0.0492523 0.00343245 0.000660583 0.00178999 0.0231671 0.0490728 0.000286288 1.05282e-05 0.00398052 
7.17484e-07 0.297983 2.80737e-05 0.0431879 0.14546 0.000111388 0.00586225 0.000208372 0.361986 0.00011036 0.00694399 3.53612e-05 0.00518489 2.4777e-07 0.0237415 0.0282639 0.0804465 7.33779e-06 0.00043835 
0.000665216 0.21745 0.000192805 0.0585957 0.0780605 0.011467 0.0363729 1.8994e-07 0.234265 0.0458572 0.047001 0.000510776 0.0904261 2.79921e-05 0.00318255 0.139831 0.0343985 2.19725e-05 0.00167401 
0.0121871 0.148667 8.19804e-05 0.0307061 0.024723 0.000719551 0.00676418 3.3899e-08 0.704638 0.00541018 0.0292339 0.00075803 0.0154599 0.00296682 0.00349961 0.00869161 0.00275567 2.24794e-05 0.00271522 
0.000516562 0.0636015 0.00571277 0.0236707 0.213155 5.92413e-05 0.00566758 5.63089e-08 0.261029 0.199209 0.0893233 0.000108657 0.00352842 0.00932403 0.00644194 0.0960292 0.021468 0.000169224 0.000985645 
0.00077087 0.129636 0.000206324 0.000642447 0.0120423 0.0673231 0.00261615 3.64284e-10 0.656744 0.0429793 0.0103879 1.55275e-06 0.00297312 0.0327538 7.86816e-05 0.00704662 0.0329952 1.84952e-05 0.00078329 
0.000349501 0.0118266 0.00822647 0.0440676 0.0722242 4.65657e-05 0.0135769 2.35055e-05 0.491222 0.159184 0.0261596 0.00525286 0.0351989 4.02631e-05 0.0577748 0.0129742 0.00312126 6.20475e-06 0.058725 
2.34571e-05 0.196431 8.78722e-06 0.0439058 0.090115 1.67241e-05 0.210947 9.51402e-09 0.273688 0.00606601 0.103442 0.000158438 0.0309572 0.000115353 0.00466119 0.0137711 0.00017806 5.9736e-07 0.0255135 
0.000444071 0.0929918 0.00148509 0.0358152 0.0522555 0.000256477 0.00806655 0.0499011 0.582485 0.0357575 0.0342199 0.00208923 0.0114752 0.0012206 0.00304453 0.0689112 0.0195459 1.89986e-06 3.35731e-05 
2.10233e-05 0.141382 1.50094e-05 0.139739 0.0956081 0.00192667 0.00779886 1.0747e-09 0.504815 0.00613298 0.0519761 0.000132675 0.0106402 0.000231848 0.00260167 0.0227575 0.0128493 6.02382e-06 0.00136596 
0.0044513 0.0797118 0.0019031 0.0104712 0.00387694 0.00016288 0.00229572 2.9292e-06 0.847078 0.00945901 0.0068803 0.0147111 0.00474337 6.81004e-05 0.00359053 0.00796497 0.00247996 2.33343e-05 0.000125226 
