0.000145836 0.190789 0.00639762 0.00379771 0.013994 7.2779e-08 0.129236 7.47279e-05 0.239836 0.364566 0.00994326 0.00478905 0.0116262 0.00138589 6.51413e-08 0.00732623 0.0160341 5.15305e-07 5.83345e-05 
0.000368209 0.0946671 0.00348809 0.0388645 0.327245 7.73422e-05 0.0141429 8.00004e-06 0.0468372 0.349957 0.04171 0.000662596 0.00133888 9.64283e-05 0.0313703 0.0026088 0.0244515 0.0207526 0.00135406 
1.85287e-07 2.39922e-06 3.09331e-06 6.28414e-11 8.25581e-11 3.51059e-10 2.4322e-06 8.60559e-10 1.2391e-06 0.978038 0.0219466 3.93908e-10 2.31111e-07 7.29909e-10 9.05007e-11 1.05376e-10 1.96273e-10 6.51043e-10 6.11292e-06 
0.00295729 0.0177579 0.0142597 0.00962785 0.0421553 0.0131556 0.00216317 6.06226e-07 0.263004 0.563921 0.00466343 0.00416073 0.0130092 0.0408914 0.000540659 0.00112504 0.00628381 3.43612e-05 0.000288691 
0.000251658 0.0222949 0.00211776 0.0049274 0.0425937 0.0122906 0.0012893 9.52957e-09 0.00892162 0.554759 0.0292783 4.31111e-05 0.00223672 4.52095e-06 8.0775e-05 1.59692e-06 0.318814 7.20946e-09 9.47409e-05 
4.33421e-05 0.212566 1.54355e-05 0.0747342 0.213643 7.61136e-05 0.00138717 0.000209389 0.00276313 0.475454 0.00430278 0.000244764 0.000572083 6.39114e-07 0.000103597 0.00614723 0.00211654 0.00533292 0.00028766 
4.2241e-08 4.28196e-05 0.000117044 0.00578271 2.44864e-08 1.04123e-07 0.0203871 0.0126065 0.0972493 0.760507 0.0671874 0.000649736 6.266e-05 0.0191269 2.68421e-08 4.95497e-05 0.0161816 1.93097e-07 4.93324e-05 
1.64323e-05 0.0354756 6.05415e-06 0.00236934 0.0101204 8.41969e-05 0.0176877 0.00283904 0.128119 0.750303 0.0289021 0.000492525 0.000643547 0.00829007 0.00771506 0.0053404 0.00155456 7.69137e-07 4.04393e-05 
0.000643478 0.053251 0.00285647 0.0090231 0.0739361 0.0026004 0.0288826 4.22991e-06 0.157779 0.539576 0.0805689 0.000744853 0.00158685 0.00467254 0.009076 0.0176118 0.00710894 0.0017578 0.00831961 
0.0876698 0.11093 0.00982508 0.0153007 0.043518 0.000359021 0.00659164 2.59965e-07 0.0421922 0.57661 0.0611734 0.0167558 0.00381554 0.00176373 0.00937005 0.00860203 0.00338415 2.05696e-05 0.00211811 
0.00333803 0.0988225 0.0004559 0.0124692 0.0100209 0.00149396 0.011768 8.2311e-05 0.0389643 0.634214 0.0689229 0.0818724 0.000325856 0.00386857 0.00487039 0.00721351 0.00401174 2.67786e-05 0.0172587 
1.35737e-07 0.0410161 1.26685e-05 0.00071515 0.00977027 0.000601499 0.00263639 4.16347e-07 0.39897 0.536085 0.00919267 5.32099e-06 0.000165313 2.10702e-07 0.000164831 1.56915e-05 0.000185486 6.69399e-08 0.00046327 
5.00261e-05 0.00198058 4.91905e-07 0.00118835 0.000369774 7.14009e-05 0.031075 2.57907e-10 0.00374582 0.959469 0.000964571 2.47427e-05 0.000323726 2.18752e-10 9.79825e-05 2.39331e-07 0.000107247 1.77897e-05 0.000513657 
0.000107004 0.0887092 0.0424703 0.0115022 0.0468558 0.000116182 0.00260583 5.6658e-08 0.00233417 0.671441 0.102495 0.00163115 0.0015955 8.28877e-05 0.0144844 0.00402633 0.00489803 0.000120865 0.00452453 
6.78238e-06 0.111888 1.77553e-05 0.000561394 0.0227637 0.000189388 0.0143518 2.72579e-06 0.119761 0.653427 0.0399036 1.63261e-06 3.4702e-06 5.02197e-06 0.0220092 0.00637668 0.00616012 2.09554e-08 0.00257135 
0.00237935 0.0308859 0.00664476 0.0919146 0.0553551 3.42409e-05 0.00188191 3.73662e-05 0.0679986 0.685872 0.00454113 0.0121194 0.00481264 0.00231358 0.000203334 0.000977708 0.00146753 0.0272663 0.00329468 
0.000409322 0.130753 0.00142823 0.0352338 0.0634996 0.0122449 0.00966643 6.65798e-10 0.125155 0.363772 0.167682 0.00352492 0.0174405 0.00301729 0.00743016 0.0116712 0.0440305 3.27701e-06 0.00303795 
2.3378e-05 0.0814406 7.75948e-08 2.39408e-07 0.00614837 0.0717114 0.027539 2.59613e-10 0.0945385 0.506286 0.100727 3.22789e-08 0.00603748 4.40791e-07 0.022632 0.0717771 0.00565831 1.07369e-07 0.00548002 
0.00302894 0.0886006 0.124502 0.00963391 0.0271959 3.48448e-05 0.00109536 1.56316e-10 0.00243452 0.595242 0.103066 0.0387769 0.000203225 0.000858702 0.00161574 0.000428664 0.000290721 0.000159915 0.00283216 
2.81078e-05 0.049137 0.00145853 0.037603 0.0159532 1.28173e-05 0.171957 5.92582e-06 0.0193594 0.438957 0.241431 0.00129421 0.000695396 2.42556e-07 5.05559e-05 0.0173143 0.0014681 4.92312e-05 0.00322427 
3.26554e-06 3.46063e-05 2.43227e-09 0.000665759 0.00030982 1.7616e-05 1.33829e-05 3.72229e-09 4.47237e-05 0.903099 1.32993e-05 3.37373e-05 0.000195249 3.15717e-09 0.000244895 2.8351e-05 0.0952735 3.66368e-06 1.94971e-05 
4.61059e-06 0.133624 1.88954e-05 0.00571817 0.0136147 9.32576e-06 0.000117269 7.77123e-10 0.154251 0.477412 0.000793982 6.05248e-05 0.000503238 4.48091e-06 4.22341e-05 5.62416e-06 4.95096e-05 6.27787e-07 0.21377 
0.0635519 0.0672745 0.0679236 0.00607983 0.00782691 0.054152 0.0184062 9.89518e-07 0.115409 0.338245 0.168222 0.0118323 0.0410345 0.00728488 0.0273222 0.000657194 0.000122818 2.50596e-05 0.00462911 
0.000313134 0.00906997 0.0271702 0.0781002 0.0789333 1.42701e-05 0.00431101 7.32995e-07 0.0288905 0.679015 0.06739 0.00233216 0.000186555 0.015349 0.000349173 0.00665715 0.000192625 0.000998187 0.000726561 
0.00136073 0.0955938 0.0859199 0.00955829 0.0133459 1.12587e-05 0.0136123 1.53186e-05 0.0148189 0.644251 0.0519851 0.000299902 0.0031998 3.649e-05 0.00426976 0.0143509 0.000177849 0.0291602 0.0180322 
0.000284587 0.14852 0.00573914 0.00822172 0.172886 0.000124084 0.00766038 8.82998e-11 0.10109 0.415586 0.0724712 0.00349054 0.0162211 0.000915476 0.00368116 0.0226034 0.0134938 0.00470432 0.00230642 
0.0011273 0.0161443 0.000571383 0.0255651 0.0161952 0.0163063 0.20737 6.46549e-07 0.0335176 0.551348 0.0872434 0.00238455 0.0340723 3.27089e-07 0.000137044 1.2253e-07 0.00131057 1.03758e-07 0.00670566 
4.95528e-07 1.15458e-07 0.000197607 0.00037192 2.87249e-07 1.22146e-06 5.75644e-07 2.99419e-06 1.65177e-07 0.999416 1.44956e-07 1.37055e-06 5.02262e-07 2.53962e-06 3.14885e-07 3.66642e-07 6.82905e-07 2.26521e-06 7.16105e-07 
0.000335677 0.216391 0.0156036 0.00646343 0.0103083 0.000755261 0.0168071 1.08922e-11 0.0223747 0.266449 0.151458 7.51406e-05 0.00317587 4.622e-08 0.263307 0.00104155 0.0118742 3.26245e-05 0.013548 
0.00017679 0.00630756 0.00220303 0.000956932 0.0125006 8.50321e-05 3.44729e-05 7.70151e-09 0.00783132 0.906637 0.0441728 3.90011e-05 6.39795e-06 6.53227e-09 0.0115587 5.99938e-06 0.000373073 0.00431055 0.00280087 
0.000196577 0.0651816 0.0104752 0.0216471 0.0703024 0.000194994 0.00692971 4.60587e-10 0.0104638 0.760377 0.0353663 2.03567e-05 0.00026396 7.43134e-07 0.000436891 0.00854865 0.000160636 0.000293591 0.00914035 
0.000119736 0.00168093 7.98898e-07 0.0020806 0.00134288 0.000601739 0.0235063 0.00330028 0.00173816 0.787637 0.111747 0.00056349 0.0018929 1.037e-06 0.000366576 0.0471038 0.0141085 0.000148608 0.0020592 
0.000972282 0.227996 7.466e-07 0.223122 0.0442492 0.00455729 0.0153203 7.46079e-07 0.0129325 0.435576 0.0130074 0.00485557 7.47331e-07 7.46308e-07 7.47424e-07 7.474e-07 0.00605339 0.00440479 0.00694993 
3.22463e-06 0.00476267 0.00747306 0.00933172 0.00561316 1.90458e-05 7.32701e-06 5.99171e-07 0.0105949 0.954358 0.00441388 6.07675e-06 0.00187294 0.000403833 0.000717586 1.41822e-05 4.03436e-05 0.000293332 7.42707e-05 
1.6025e-05 0.0473834 0.000117234 0.0108789 0.011898 0.000162505 0.0200564 0.00189745 0.0272279 0.778356 0.031936 0.00066457 0.0019851 0.0180283 0.0358902 0.00883103 0.00231706 0.000122772 0.00223095 
0.00103656 0.0462561 0.0741177 0.00408844 0.0140658 0.00404447 0.00145221 2.23112e-09 0.0396745 0.471622 0.291597 0.00608059 0.0263991 4.09955e-05 0.0036161 0.000287357 3.81207e-05 0.000195252 0.0153884 
2.51206e-10 0.00304197 0.000272702 0.000581839 0.0730038 1.02517e-06 0.0865577 1.5179e-09 0.0834148 0.480301 0.162904 1.80201e-07 2.11652e-06 0.0383843 4.57329e-07 0.0634263 0.00651997 1.14834e-09 0.00158747 
0.000797917 0.0228034 0.00119845 0.011908 0.0246258 0.01102 0.0016814 1.06932e-07 0.0152302 0.846797 0.00128199 7.91914e-05 0.0107776 5.06641e-06 0.000240356 0.00539948 0.0439238 0.00192562 0.000305045 
0.00146248 0.277226 0.101175 1.47157e-06 0.115884 3.1376e-10 1.37531e-06 6.16068e-07 4.73089e-06 0.424282 0.0120032 5.95008e-06 0.0679518 6.52357e-10 2.91267e-07 7.06444e-07 7.89561e-07 1.75143e-07 1.83947e-10 
0.00706644 0.0834479 5.14752e-05 0.190345 0.0904003 0.00254523 0.0548506 4.8211e-07 0.0642061 0.268866 0.0261267 0.00123742 0.0578284 0.000128592 0.00272849 0.0154194 0.133553 4.22524e-06 0.00119398 
0.000161255 0.0560296 0.00392773 0.0374612 0.224129 5.70256e-05 0.00125127 4.971e-08 0.015143 0.462466 0.0360733 0.000464302 0.0367054 0.000181722 0.00254875 0.0111247 0.100057 1.84497e-05 0.0122006 
0.00364268 0.0567337 7.26366e-06 0.109817 7.27183e-06 7.26728e-06 0.0196374 7.2586e-06 7.27242e-06 0.518451 0.221818 7.26656e-06 7.27077e-06 7.26082e-06 7.27168e-06 0.0698131 7.26989e-06 7.26217e-06 7.26972e-06 
8.63945e-09 0.000433804 3.41113e-08 0.000104836 0.000114191 2.98357e-05 8.23074e-05 5.22033e-08 0.000194967 0.998451 0.000126114 2.38953e-08 8.8453e-05 9.74555e-05 5.48996e-09 5.49805e-05 0.000221469 3.94936e-08 1.24852e-08 
0.00738852 0.154537 0.123 0.0243942 0.0527738 0.000229644 0.0998051 2.33205e-05 0.0995831 0.18122 0.0216545 0.0817633 0.136013 3.1069e-06 4.6743e-06 0.0135946 0.00370192 8.4758e-08 0.000309777 
0.000485848 0.0359676 0.273581 0.000456154 0.0244086 0.000574193 0.0069423 3.31087e-10 0.0366587 0.470384 0.0699637 0.000969962 0.000453051 0.0021569 3.14508e-07 0.0342854 0.0377698 6.25801e-07 0.00494175 
1.33904e-09 8.86102e-06 4.23484e-06 4.01829e-06 0.0715234 3.30069e-09 1.60235e-05 8.09104e-09 0.00965216 0.373661 0.340807 3.70355e-09 1.35723e-09 6.86266e-09 3.23425e-06 1.08002e-05 1.84537e-09 6.12115e-09 0.204309 
0.00011155 0.273864 0.0802516 0.0529577 0.0019488 6.08396e-05 0.0106822 9.692e-11 0.00826066 0.434855 0.130352 0.00029512 0.00212666 9.68253e-08 0.000875093 2.51782e-05 3.68624e-05 0.000147731 0.00314888 
0.000393954 0.0604561 0.0151531 0.0171377 0.2364 3.07891e-05 0.0014865 0.000467522 0.15645 0.411628 0.0448137 0.00699018 0.00137446 5.00222e-08 0.015871 0.00834459 1.39742e-05 0.0224132 0.000575377 
9.90053e-05 9.46284e-05 0.0107028 0.0516603 0.000345097 0.00153505 1.72313e-05 1.95935e-08 0.000475727 0.932819 0.00136309 2.52877e-05 0.000170457 1.66189e-08 9.80581e-06 2.12277e-05 1.56069e-05 0.000642827 2.85934e-06 
0.000940288 0.116139 0.196763 0.0311752 0.00776067 5.53354e-08 0.00581359 2.5924e-11 0.0130677 0.539217 0.0748665 0.00170907 0.00658722 8.83672e-07 0.00470023 3.98008e-06 0.000331356 1.36351e-07 0.000923735 
2.14102e-06 2.36524e-05 2.5257e-09 0.0451277 0.13942 0.00653982 1.67268e-06 3.86527e-09 0.286905 0.508852 0.00742247 2.90694e-06 6.48381e-10 3.27845e-09 0.00366003 4.73306e-10 6.69506e-06 1.80315e-05 0.00201794 
0.00105205 0.0143338 1.24598e-05 3.49351e-07 0.00107095 0.00158197 0.00198561 5.43189e-09 0.114548 0.839628 0.01927 1.1753e-06 0.0042477 4.60723e-09 3.1103e-05 3.53135e-06 7.80413e-07 0.00222983 3.11428e-06 
0.000933684 0.00737812 0.00154627 0.0689563 0.0167971 1.01952e-06 0.0890763 1.67578e-09 0.0159019 0.72704 0.0655104 7.67061e-10 0.00365534 0.000186609 7.681e-06 0.00191483 0.000859873 1.23495e-07 0.00023391 
6.15081e-07 0.0285007 0.000609712 0.0173118 0.0120677 0.00206974 0.0099122 8.53915e-06 0.105495 0.505653 0.00636844 2.88042e-05 0.000132091 1.79265e-05 7.67374e-05 0.293484 0.000381367 0.000231773 0.0176497 
6.21247e-05 0.0129097 1.43594e-06 2.35997e-10 1.40609e-05 2.12208e-05 0.00295622 3.23178e-09 0.00280427 0.755695 0.197771 1.4793e-09 1.72103e-05 2.74114e-09 3.29457e-06 0.0277342 6.88288e-06 2.44496e-09 2.83468e-06 
5.06221e-05 0.168446 0.0076144 0.0529882 0.112242 0.000699176 0.00737852 0.000341259 0.0351146 0.364917 0.234482 0.000390005 0.000543971 0.000143913 0.00140634 0.0089446 0.00165784 4.89038e-05 0.00258992 
0.000734324 0.0788173 0.27862 0.0408235 0.00547729 0.000476297 0.0074053 1.10377e-08 0.0614389 0.4556 0.0627129 5.05235e-09 1.85153e-09 8.71827e-05 0.00299696 0.00088132 0.00177581 2.44398e-06 0.00215022 
0.000556317 0.0307455 5.00448e-10 0.00302576 0.0770522 3.12434e-10 0.000453458 7.65875e-10 0.00563623 0.786706 0.0296205 3.50567e-10 0.00186871 1.02077e-05 0.0586744 1.11114e-06 0.00564777 5.79411e-10 1.48091e-06 
0.000645163 0.0555397 1.19004e-06 0.00730063 0.172397 0.000418752 0.0089418 0.000634961 0.130713 0.308255 0.0929302 2.56641e-06 0.0703232 8.30814e-07 0.000515027 0.146504 0.00183787 1.273e-05 0.00302623 
0.00127374 0.0539488 0.00270102 0.0711019 0.0570665 6.41074e-06 0.0152446 1.92997e-09 0.0335841 0.591969 0.11208 0.00830155 0.00220663 0.00197592 0.00960589 0.0178125 0.00616953 0.00260861 0.0123436 
0.000854264 0.0158043 0.0131764 0.0177183 0.01589 0.0101032 0.00815144 8.95656e-09 0.0313689 0.718489 0.0557872 0.000433339 0.0676775 0.0282485 0.00329274 0.00195666 0.00781299 3.70182e-05 0.00319844 
0.116356 0.060412 0.00763883 0.0346057 0.0482212 0.00258415 0.0168663 0.00016114 0.125212 0.285522 0.112032 0.0600603 0.0712065 0.00314916 0.0180997 0.0203551 0.00918864 0.000462316 0.00786714 
0.00339241 0.0378004 0.00466341 0.00622622 0.00440387 0.000489166 0.00978155 2.4228e-06 0.0202143 0.817944 0.052613 0.000695701 0.00178251 0.00912722 0.00420523 0.00634306 0.000148547 0.0149909 0.005176 
0.000390877 0.196407 0.0305209 0.00691992 0.00502353 0.00709617 0.00804445 1.43719e-09 0.0383024 0.531332 0.0329205 2.40718e-05 3.73928e-05 1.219e-09 0.0399599 0.00101829 5.06354e-07 7.71284e-06 0.101994 
3.7535e-08 6.1307e-06 1.482e-07 7.12332e-05 2.17584e-08 9.25226e-08 8.72504e-05 2.26802e-07 1.25117e-08 0.832615 1.09801e-08 1.03815e-07 0.000129391 1.92369e-07 2.38517e-08 0.166805 0.000284557 1.71584e-07 5.42431e-08 
1.42944e-06 0.17392 0.199496 5.04447e-06 2.58864e-10 1.10076e-09 0.140598 1.35186e-06 0.014879 0.458265 2.7041e-05 7.53544e-06 2.67097e-06 2.74868e-06 2.83769e-10 5.6203e-07 1.84688e-06 2.04137e-09 0.0127926 
0.000181824 0.119949 0.0495038 0.0405177 0.00494668 0.00050753 0.0202982 3.42982e-07 0.0100722 0.456353 0.191012 0.00018289 0.00114607 1.23405e-05 0.0239064 0.00179769 8.60001e-05 0.000166388 0.0793589 
2.28858e-05 0.00318607 2.80178e-12 0.00148446 0.00027612 0.000184443 0.000518634 4.28779e-12 0.013905 0.956791 0.0060556 1.43576e-05 0.0020287 1.9595e-05 0.0003074 0.000591973 0.000770309 5.06835e-10 0.0138439 
0.000469494 0.0693848 0.015205 0.0197122 0.207312 2.68253e-05 0.00127188 5.26218e-08 0.00999199 0.528979 0.116696 0.00100423 0.00297847 0.00057372 8.13211e-05 0.0195281 0.00255076 0.000161486 0.00407175 
0.305464 0.121228 0.00115339 0.0419767 0.15981 3.91639e-05 0.00173419 3.12624e-11 0.018892 0.331373 0.0103045 0.000365205 0.000400244 6.60071e-08 0.000245419 0.00056916 0.00130475 0.00507956 6.10162e-05 
0.000280703 0.0236586 0.0100652 0.00395263 0.0170275 0.000772616 0.0379989 0.00302948 0.0207896 0.582768 0.231096 0.000607794 0.0075944 0.000294913 0.0188191 0.00416207 0.00604719 4.01689e-07 0.0310345 
0.000345018 0.145368 0.00396927 0.00894321 0.0341515 0.000199181 0.0333559 3.4807e-07 0.267895 0.466221 0.0275627 0.00010049 0.000869596 8.67548e-05 0.000136019 0.00707863 0.000650469 5.57389e-08 0.0030665 
0.00184127 0.00556308 0.0684917 0.00340045 0.00628606 2.9388e-08 0.000101019 2.06207e-09 0.0159722 0.891074 0.00407021 0.000534305 3.3466e-07 0.000337599 0.000190965 0.000507488 4.70309e-10 0.000419268 0.00120976 
3.97284e-05 0.00891669 0.0199707 0.0240308 0.00596417 0.000831702 0.00161616 4.75522e-06 0.0743332 0.527264 0.263104 0.00885457 2.54899e-05 8.13126e-06 0.004442 0.0184991 0.00265175 9.02964e-05 0.0393532 
8.72685e-08 0.071357 0.00456946 1.21556e-07 0.102983 4.98011e-07 7.46655e-07 6.93746e-07 0.0712873 0.715158 0.027535 3.30249e-07 4.65305e-11 2.35275e-10 7.87922e-08 4.9934e-07 0.00369568 2.31049e-07 0.00341161 
0.00016833 0.271385 1.00919e-05 0.135636 0.0225579 0.000465006 0.0364914 4.60981e-07 0.0433839 0.289436 0.114854 1.49657e-05 0.0152878 7.50773e-08 0.0182357 0.00852963 0.000165582 4.6289e-05 0.0433322 
0.000138122 0.0690607 7.90517e-05 0.0104255 0.00525256 3.69863e-05 0.013585 2.51136e-07 0.0169387 0.748686 0.0127855 0.00678696 0.000233074 2.2785e-07 0.016891 0.00357136 0.000386318 1.02893e-05 0.0951324 
0.00132862 0.000957307 0.00497777 6.34177e-07 1.08221e-06 4.75122e-07 1.72109e-10 8.95218e-10 4.93852e-11 0.99273 2.8175e-07 4.09772e-10 1.33665e-06 7.59307e-10 9.41457e-11 1.0962e-10 1.63546e-07 2.30338e-06 4.49834e-07 
1.08131e-06 0.0011848 1.56337e-05 2.04864e-06 1.15497e-06 3.38e-06 0.00458174 2.74817e-08 0.0657542 0.919198 7.37316e-06 1.25793e-08 3.17385e-06 4.4817e-05 2.00295e-06 7.6026e-06 7.14049e-06 0.00918565 6.57266e-09 
0.00033399 0.167212 0.0305431 0.00504828 0.00414276 1.85066e-05 0.0147609 2.15175e-09 0.026218 0.360744 0.296489 0.000275979 0.000460093 1.82507e-09 0.0863696 5.12627e-06 0.000761739 8.60327e-06 0.00660907 
0.00413112 1.14319e-06 5.8047e-07 0.00268519 0.0155329 0.00255675 0.000344334 4.50228e-11 0.306913 0.516409 0.00415968 0.000499111 0.136138 0.000675999 1.51394e-06 0.00920898 0.000108811 2.91925e-07 0.000633322 
0.000345976 0.232951 1.20976e-05 0.0335926 0.00354747 0.000555986 0.0161079 1.70953e-06 0.172008 0.33231 0.0387159 8.34789e-05 0.10392 1.91038e-05 0.000611051 0.00758023 0.0287458 6.03772e-06 0.0288861 
5.32252e-05 0.0976267 0.00613731 0.0226191 0.0286713 2.68616e-05 0.00481071 0.000300505 0.0307792 0.577097 0.144318 0.000411764 0.00510479 4.8895e-06 0.0349565 0.00274277 0.000367824 0.000380769 0.0435913 
0.000527429 0.0361892 0.00109434 0.0117632 0.213586 0.00305635 0.0527773 5.66838e-08 0.0814135 0.3865 0.116694 0.00256388 0.00418878 2.42042e-10 0.0378806 0.00673928 0.00397459 0.00325052 0.0378008 
9.09887e-05 0.0484936 1.33679e-07 0.0291869 0.00484065 3.34224e-08 0.0123538 7.23908e-08 0.0722528 0.767677 0.0590954 0.00120223 0.000461426 0.000193673 0.000551852 0.00124984 0.00202093 5.88085e-06 0.000322809 
1.5477e-09 0.147049 6.11081e-09 6.8291e-10 9.56681e-07 0.0967577 2.48446e-05 9.35186e-09 0.127941 0.51914 0.108995 4.28067e-09 1.56873e-09 4.27908e-05 2.92149e-06 7.21864e-06 2.65009e-05 7.07501e-09 1.13882e-05 
0.000315607 0.021533 0.000525047 0.0205732 0.0126538 8.63772e-06 0.00031749 1.53505e-06 0.00404397 0.847036 0.0665899 0.000158469 0.000888378 2.9064e-05 0.00191182 0.0160855 0.000991777 3.81032e-06 0.00633347 
0.0030029 0.184773 0.0880867 0.0789868 0.0376429 0.00641613 0.00296919 1.52164e-09 0.0768777 0.334153 0.0788264 0.000817513 0.00135064 7.63304e-05 0.0693824 0.00102626 0.0284793 0.000120319 0.00701286 
3.59617e-06 0.0384856 3.90409e-12 0.00203724 0.0666856 0.000449655 0.000246867 5.97473e-12 0.110351 0.724441 0.02686 7.77219e-05 0.00162353 4.4574e-06 0.000129975 0.00208549 0.00155676 1.20275e-06 0.0249595 
9.99028e-05 0.100671 4.84952e-05 0.00311567 0.00404654 5.94585e-07 0.0778286 0.000957832 0.0151944 0.707932 0.0778617 5.72303e-07 0.00177637 6.50991e-07 8.43927e-05 0.00461253 0.000546344 8.58099e-07 0.0052223 
0.00161944 0.0261873 0.172632 0.0165439 0.0150188 0.00209294 0.00202076 2.75692e-08 0.064798 0.608965 0.0422476 0.000130072 0.00495531 0.0301977 0.0059638 0.00200603 0.00364818 0.000252913 0.000720122 
3.59617e-06 0.0384856 3.90409e-12 0.00203724 0.0666856 0.000449655 0.000246867 5.97473e-12 0.110351 0.724441 0.02686 7.77219e-05 0.00162353 4.4574e-06 0.000129975 0.00208549 0.00155676 1.20275e-06 0.0249595 
0.0134355 0.090063 0.000257584 0.0185735 0.0451635 0.0147828 0.0742716 6.70227e-08 0.172354 0.472686 0.0474898 0.00954207 0.0100568 2.01856e-05 0.00296943 0.0135539 0.00907838 1.40253e-05 0.00568809 
1.03565e-06 0.00103756 3.08456e-08 0.00632275 0.00418287 1.92572e-08 0.011825 4.72055e-08 0.05474 0.809356 0.104005 0.00475478 0.0034508 4.00388e-08 1.9265e-07 6.26419e-07 0.000319073 3.62235e-06 1.12899e-08 
0.00049274 0.0101908 0.000202952 0.0172954 0.0291243 0.00059634 0.0134159 0.00327198 0.00172376 0.842595 0.0610367 0.000558353 0.00685806 1.2453e-07 0.00036344 0.00523202 0.00051886 0.000822527 0.00570045 
0.000213013 0.0814716 0.0206436 0.018197 0.00382075 0.000545859 0.0344184 0.000332917 0.0305186 0.632544 0.15247 0.00269542 0.00211675 3.49988e-05 0.00606506 0.00163039 0.00053109 4.57502e-06 0.0117462 
0.000191136 0.165592 0.00148578 0.0826528 0.047203 0.000126451 0.0204051 1.71478e-08 0.097589 0.483087 0.0502558 0.0187733 0.0069989 3.31326e-06 0.00482894 0.00090189 0.00229177 0.00223074 0.0153827 
2.08634e-05 0.147803 0.00011932 0.0599525 0.0117021 0.000859575 0.0287169 9.36401e-05 0.133882 0.374567 0.0549828 4.22106e-06 0.000525991 4.75907e-06 0.0189229 0.166669 0.00117281 5.07683e-09 6.2303e-07 
1.27014e-10 0.17365 3.57433e-06 0.0207652 0.0124174 0.0188116 0.00764879 7.67473e-10 0.0622025 0.440935 0.117126 4.91881e-07 0.00717908 0.127474 1.78162e-07 0.0117834 2.13591e-06 5.8062e-10 4.06478e-07 
0.012475 0.0274431 0.0206912 0.0515782 0.172004 0.00275424 0.00226426 7.33333e-07 0.136481 0.242633 0.053419 0.217495 0.0310684 0.00644147 0.0106226 0.00494735 0.000665887 7.21313e-07 0.00701559 
1.35161e-08 3.14926e-09 0.000149478 5.96388e-09 4.54512e-05 3.33169e-08 1.57014e-08 8.16703e-08 4.50539e-09 0.999384 0.000130086 3.73833e-08 1.36998e-08 6.92712e-08 4.30302e-06 1.00006e-08 1.49203e-05 0.000185421 8.59632e-05 
4.50548e-05 0.00886227 4.51154e-06 0.00138378 0.00295637 0.00198661 0.00455409 1.08584e-06 0.000380343 0.868485 0.109882 1.40172e-06 6.45712e-05 1.29201e-05 1.11942e-05 0.000196299 7.41389e-07 2.39045e-06 0.00116861 
3.49536e-06 0.0122487 0.000577394 0.00438998 0.000645694 5.98921e-06 0.000382704 1.42949e-06 0.000952293 0.89649 0.0810865 3.23544e-05 5.81901e-06 2.12322e-05 0.00112686 2.82991e-05 0.000346832 0.00019844 0.00145572 
0.000701488 0.00701578 0.107374 0.00279751 0.0012287 0.000130479 0.000516998 2.625e-08 2.56969e-05 0.868144 0.00943293 5.86002e-05 0.000245039 2.22647e-08 0.00114383 8.1832e-06 1.18046e-05 0.000730722 0.000434121 
8.33574e-05 0.00379499 0.00443911 0.000682311 0.000164662 0.000330983 0.0148471 1.86201e-11 0.260404 0.692433 0.0133514 8.52307e-12 0.00071227 1.57932e-11 0.000452479 0.00560949 0.00265446 4.07588e-05 4.45327e-12 
0.00025707 0.0570597 0.00180224 0.0028488 0.00700787 0.0107597 0.0194374 4.24277e-10 0.0189263 0.803893 0.0551634 0.000241583 0.00198097 0.000535601 7.3769e-05 0.000236607 0.0105534 8.65305e-06 0.00921348 
0.000144172 0.00470809 0.000223063 0.00627184 0.00064618 9.06406e-05 0.0344248 3.897e-06 0.0179935 0.924342 0.00695773 2.28848e-05 0.00117031 3.69013e-07 0.000982291 0.000291094 0.000209922 9.28341e-05 0.00142402 
0.000634125 0.0433705 0.000924154 0.0117525 0.0148582 0.0307682 0.014161 0.000110716 0.0515992 0.613608 0.127112 0.00722003 0.000657461 0.00530656 0.00360052 0.066364 0.00369845 2.84539e-07 0.00425454 
0.00296229 0.0958057 0.254886 0.00234106 0.0203907 0.00208848 0.000505479 2.13845e-10 0.0239512 0.457136 0.0435851 0.00067658 0.0247627 0.000383735 0.0515623 0.0136067 0.00134138 0.00255006 0.00146435 
0.00121126 0.000583866 0.000333511 0.0192483 0.18458 1.40638e-06 0.000114131 2.27127e-08 2.85237e-06 0.658823 0.0750134 0.00307745 1.04581e-06 0.00015505 0.00362836 0.00118537 0.00854369 0.0265161 0.016981 
0.000282262 0.301038 0.000555427 1.2534e-06 0.0182833 0.0727788 0.0059807 3.20068e-10 0.0816061 0.454931 0.0378644 6.09546e-05 0.0014363 2.71476e-10 0.00710142 0.000836219 0.000375413 3.69299e-05 0.0168313 
0.000121454 0.135468 0.00020104 0.109201 0.0695776 0.00325397 0.0869106 4.01868e-11 0.191456 0.239784 0.05945 0.00320313 0.00318972 1.39528e-05 0.0125755 0.0118623 0.0441637 1.48441e-05 0.0295522 
1.86509e-06 0.0563889 9.02708e-05 2.37404e-09 4.55503e-05 0.000158761 0.052156 3.25105e-08 0.154245 0.582423 0.0965417 1.48812e-08 0.00583318 3.96229e-06 0.00020903 0.0201293 0.0317161 2.45953e-08 5.75904e-05 
8.9203e-07 1.42659e-05 0.00118486 1.50855e-05 5.17095e-07 2.19883e-06 1.03625e-06 5.39003e-06 1.15945e-05 0.997021 0.00154053 2.4672e-06 2.44081e-05 4.57172e-06 6.04538e-06 7.7189e-05 5.53506e-05 4.07775e-06 2.83557e-05 
0.00019771 0.0285793 0.00945182 0.115559 0.224844 1.01925e-06 0.00259078 4.92617e-06 0.0601168 0.540531 0.00172561 0.000787628 0.00524214 8.9741e-10 0.000265868 0.0100608 9.67039e-06 2.30476e-05 8.92112e-06 
0.00020544 0.042807 0.0216693 0.0181104 0.00609208 0.00431395 0.15823 1.3335e-07 0.0218884 0.270017 0.268645 4.9558e-05 0.00898979 4.38799e-05 0.118489 0.0458081 0.00092473 7.54868e-08 0.0137164 
0.000411852 0.0885071 0.0132313 0.0066664 0.0367284 5.51617e-07 0.0107244 4.21751e-05 0.0459654 0.696762 0.06904 0.0138304 0.00430411 5.62978e-06 0.000286911 0.00870342 0.00470694 4.13745e-06 7.8749e-05 
0.00158507 0.00324001 0.00576562 0.00528036 0.00125205 4.88124e-09 0.00312353 1.19655e-08 0.0415539 0.633942 0.295867 2.8413e-06 0.00493561 5.35625e-07 0.000103848 1.46518e-09 3.33323e-06 1.19198e-06 0.00334348 
0.000162339 0.0782641 0.10135 0.0402947 0.0590385 0.00337522 0.0130666 4.64356e-08 0.147189 0.377679 0.10323 8.87491e-05 0.0130734 0.000744321 0.015391 0.00322941 0.000323657 0.000450962 0.0430491 
4.48435e-05 0.000120666 0.00013326 8.32769e-05 0.00156381 1.77469e-06 0.000126902 4.35032e-06 0.000185214 0.994307 0.000725454 0.00032405 0.000816466 3.68986e-06 2.26862e-05 8.66885e-05 0.0013894 2.03109e-05 4.01493e-05 
0.00123444 0.296084 0.0109797 0.016805 0.0437903 0.00283794 0.0345801 0.00586067 0.210971 0.297524 0.044847 0.00691675 0.0130689 0.00028908 0.00292425 0.00312311 0.00796443 3.17641e-09 0.000199531 
0.0278501 0.229153 3.00355e-06 9.85099e-06 0.00973103 6.11053e-05 0.0607015 8.47889e-08 0.172741 0.462752 0.0125724 3.1366e-06 0.00176517 7.19164e-08 0.000602442 0.0164419 0.00559233 2.13283e-06 1.70454e-05 
8.46503e-05 0.0324657 0.0268297 0.0146267 0.00905575 0.000431044 0.00546534 1.5513e-08 0.0547301 0.753997 0.0200505 0.0514071 0.00967099 1.31579e-08 0.000156376 0.0137134 0.00630258 1.3079e-06 0.00101154 
0.000147441 0.0145792 3.41678e-08 0.0494475 0.00642492 0.000216777 0.0140795 5.22897e-08 0.0307383 0.667383 0.0999943 0.00432284 0.0200384 1.1347e-05 0.0510816 0.0164438 0.00363218 1.30014e-05 0.0214457 
3.12555e-05 0.109375 0.00229019 0.129756 0.0624622 0.000399768 0.0155053 0.000109143 0.0458004 0.388424 0.14927 0.000280401 0.00144906 0.00136724 0.00537247 0.00462536 0.00124286 1.15931e-05 0.0822276 
3.29625e-05 0.0489926 0.000926966 0.00674056 0.0212988 0.00905101 0.0209001 0.0365413 0.114601 0.573006 0.135883 0.00522789 0.0082657 3.87501e-06 0.00715748 6.84656e-05 0.00859207 2.82713e-09 0.00270947 
0.00766358 0.0382164 4.20418e-05 0.201087 0.0524246 0.000556798 0.00848416 9.97592e-07 0.058017 0.57669 0.0316179 0.00269179 0.00936108 0.00568178 0.000180434 0.00302615 0.00302323 0.000107136 0.00112787 
5.41026e-08 0.0696117 1.13023e-10 0.000385162 0.0187128 0.000223446 0.0183165 1.72968e-10 0.00994285 0.622366 0.14064 3.18607e-05 5.53479e-07 1.46708e-10 0.105514 1.3891e-07 0.0142548 4.72146e-08 4.14158e-07 
8.15733e-07 6.92495e-06 7.18176e-06 2.76661e-10 1.89037e-06 1.54555e-09 3.64262e-06 3.78863e-09 0.00359863 0.995613 0.000738678 1.73419e-09 9.59707e-06 3.21344e-09 3.98432e-10 1.07635e-05 7.08646e-06 2.00923e-06 9.06107e-10 
0.000962738 0.0834291 0.0292667 0.0515907 0.122508 0.00138247 0.00509669 4.75723e-05 0.114276 0.395922 0.119531 0.000977555 0.00447979 0.00632558 0.0252077 0.0206071 0.00120349 7.01055e-05 0.0171154 
3.78175e-05 0.0689554 1.53217e-06 0.0446137 0.289714 7.29428e-05 0.0085197 1.34192e-09 0.0130988 0.43013 0.00767704 0.000238702 0.00571041 1.13819e-09 1.41123e-10 0.0745106 0.0555266 0.000389685 0.000802712 
0.000695155 0.0655457 0.000263531 0.0543656 0.0965454 7.84375e-05 0.000862085 2.54857e-08 0.29364 0.444688 0.0368717 1.16928e-06 5.61566e-06 9.79137e-06 7.37706e-07 1.24952e-06 0.0064233 1.8874e-09 2.34372e-06 
0.00132236 0.00961291 0.000635021 0.0171266 0.0992992 0.000258328 0.00263954 0.00481758 0.0330322 0.603615 0.0109222 0.0338998 0.0108341 1.94621e-05 1.07167e-05 0.00394765 0.00855145 0.156684 0.00277094 
8.63344e-05 0.0902222 0.00161317 0.0140572 0.0236459 0.00147168 0.038241 2.56165e-06 0.150658 0.646409 0.0101976 0.000155948 0.00874191 6.96394e-07 0.00189567 0.00862938 0.00144855 0.000489763 0.00203345 
1.9238e-05 0.0366602 0.000620045 0.0380313 0.0476578 0.000794284 0.00362022 1.34792e-06 0.00120536 0.824948 0.0342657 1.08356e-05 0.000172615 2.51125e-05 0.00267538 0.00343848 0.00113976 3.11232e-05 0.00468337 
0.00129644 0.00181164 0.00941146 0.158859 0.123408 0.000461919 0.00584639 2.66583e-10 0.0218334 0.543474 0.115615 0.0035271 0.000730447 2.2611e-10 1.25556e-05 0.00242304 0.00661634 0.000193011 0.00448024 
1.71789e-06 0.0189856 0.002467 0.0710565 0.0196837 1.6101e-06 0.188277 1.68526e-07 0.0563606 0.466846 0.0149307 0.0828787 0.00202548 5.34682e-05 0.000494402 0.00146379 4.11428e-06 0.0671305 0.00733866 
5.41095e-05 0.0316824 9.7891e-05 0.0144509 0.021413 0.000517475 0.00835878 1.22171e-06 0.030354 0.829793 0.0497675 0.000500812 0.00199793 4.33347e-06 0.000591446 0.00791191 0.00132285 7.91234e-05 0.00110111 
0.000570215 0.0891163 0.00240535 0.00589851 0.0193366 0.0090446 0.0224067 1.37993e-10 0.0255823 0.62819 0.169893 0.00158019 0.0177511 1.60491e-06 0.000205192 1.03711e-07 0.000104827 1.3541e-07 0.00791378 
1.35737e-07 0.0410161 1.26685e-05 0.00071515 0.00977027 0.000601499 0.00263639 4.16347e-07 0.39897 0.536085 0.00919267 5.32099e-06 0.000165313 2.10702e-07 0.000164831 1.56915e-05 0.000185486 6.69399e-08 0.00046327 
1.35737e-07 0.0410161 1.26685e-05 0.00071515 0.00977027 0.000601499 0.00263639 4.16347e-07 0.39897 0.536085 0.00919267 5.32099e-06 0.000165313 2.10702e-07 0.000164831 1.56915e-05 0.000185486 6.69399e-08 0.00046327 
0.000989289 0.172405 0.0498237 0.0506353 0.0394871 0.000390486 0.00219961 3.47259e-10 0.0249839 0.628366 0.0209744 2.6846e-05 0.000121828 0.000260601 0.000854195 0.000798149 2.93305e-05 0.000300596 0.00735356 
0.173411 2.80333e-06 0.0518225 0.00996055 0.00907213 9.54017e-05 0.000392248 2.29126e-09 0.148846 0.569749 0.00350852 0.0157478 0.0125399 7.62365e-06 0.000136029 1.17452e-05 0.00388338 0.000490187 0.000323265 
1.35737e-07 0.0410161 1.26685e-05 0.00071515 0.00977027 0.000601499 0.00263639 4.16347e-07 0.39897 0.536085 0.00919267 5.32099e-06 0.000165313 2.10702e-07 0.000164831 1.56915e-05 0.000185486 6.69399e-08 0.00046327 
4.81072e-07 0.0173786 7.88182e-06 5.33521e-09 1.81069e-05 2.07514e-05 0.00156539 7.30611e-08 0.00825629 0.955766 0.0169169 3.34426e-08 1.22556e-08 6.1969e-08 7.68347e-09 7.87521e-06 4.55995e-05 5.52733e-08 1.55013e-05 
0.000245266 0.0436569 0.00360079 0.0026997 0.00796171 2.55735e-05 0.0515742 6.00523e-08 0.0109445 0.701075 0.124649 0.0210382 0.0190636 5.98387e-05 6.77017e-05 0.0109335 1.36965e-08 0.000814533 0.00159006 
1.15408e-05 0.0135004 3.00335e-12 0.000405887 0.000774164 0.00331854 0.00140107 4.59626e-12 0.0292251 0.920885 0.0121776 1.92502e-05 0.00287492 1.21669e-05 0.00469156 0.000553774 0.00125858 8.5064e-11 0.00889012 
9.00742e-06 0.000835086 0.000920774 0.00289057 0.0133271 0.000106994 0.0045396 6.01485e-09 0.0220039 0.949474 0.00506985 4.543e-06 5.03656e-07 1.19633e-06 0.000107259 0.000483892 0.000151523 4.55045e-09 7.46027e-05 
0.00280518 0.286858 0.0294695 0.0145219 0.00465253 0.000714073 0.00495785 1.3864e-05 0.015629 0.348261 0.161208 0.0390035 0.00189628 0.036388 0.0222681 0.0288793 0.0015222 2.19743e-05 0.000930153 
0.0133855 0.0198456 0.0052768 0.04117 0.0179431 0.000399467 0.00192894 3.21332e-09 0.014276 0.835678 0.0352637 0.000347657 6.65375e-05 7.95839e-06 0.00991593 0.00159627 1.77709e-05 2.57649e-05 0.00285529 
0.000107799 0.0935987 0.000560243 0.0284551 0.00653761 0.00655488 0.0714093 7.29905e-06 0.0763438 0.527353 0.0453045 0.00128438 0.115827 0.00116935 0.00086573 0.0219097 1.49032e-07 4.66994e-06 0.00270679 
0.00107362 3.85972e-05 0.025617 0.00249655 0.0669727 0.0019509 9.04038e-06 1.33692e-07 0.105437 0.684615 0.0666238 0.00343248 0.016086 4.47728e-05 0.0242785 0.000605789 0.000428589 0.00019576 9.32298e-05 
0.000515681 0.0276673 0.020203 0.00489852 0.0282937 3.81075e-06 0.00388671 8.64213e-08 0.0140336 0.504875 0.252779 0.00119158 0.00603712 0.128822 0.00122469 0.00220577 0.00316962 4.09928e-07 0.000191655 
0.00932765 0.00453937 0.244012 0.00417382 0.0170025 0.0109771 0.0176276 2.11987e-07 0.0536442 0.497032 0.0928968 0.0151027 0.00555581 0.00329025 0.0148912 0.00579061 0.00262948 0.000283991 0.00122239 
0.000296566 2.86118e-07 0.00767753 0.000280507 0.00561342 0.000219224 4.72672e-07 2.64132e-10 1.07273e-07 0.966802 0.0169992 0.000571649 4.43069e-11 2.24032e-10 7.07858e-09 3.23432e-11 9.83805e-07 0.00153786 2.77657e-07 
0.000256583 0.216439 0.0229527 0.0337603 0.01385 0.000106007 0.00237984 4.40627e-09 0.0980183 0.343145 0.241654 0.000466278 0.00185477 0.0194684 0.000231559 0.00251505 0.000175163 3.4265e-05 0.00269219 
7.43205e-05 0.153733 0.023871 0.0224078 0.0101507 0.00650265 0.0702002 3.01188e-06 0.0564939 0.366297 0.223165 0.000196721 0.00443791 0.000311718 0.00904146 0.0080316 0.00184836 0.000307163 0.0429259 
1.09615e-05 1.09643e-05 1.09508e-05 0.187488 1.09631e-05 1.09562e-05 0.0602963 1.09431e-05 1.0964e-05 0.652267 0.0997843 1.09551e-05 1.09615e-05 1.09465e-05 1.09629e-05 1.09625e-05 1.09602e-05 1.09485e-05 1.09599e-05 
0.000236011 0.00909752 0.0135793 0.00846098 0.00146874 0.000171897 0.000200802 7.0952e-07 0.0294672 0.855742 0.0304388 0.00151882 0.000233783 0.00162849 0.000257119 0.0291666 4.1284e-06 6.33581e-05 0.0182638 
0.0019305 0.144835 6.80047e-07 0.126748 0.00536418 6.31139e-05 0.0426472 1.14036e-06 0.0216745 0.289198 0.145511 0.00231948 0.0118445 0.000171573 0.14476 0.0187682 0.000458897 4.22846e-06 0.0436996 
7.84286e-05 7.36127e-05 0.000182306 0.00387929 0.0350859 2.30821e-07 2.29214e-05 5.65816e-07 1.5081e-05 0.936479 0.0206158 1.80984e-05 9.4913e-08 0.000132705 5.95041e-08 6.92847e-08 0.00109394 0.000103625 0.00221863 
0.000459923 0.0762291 2.18242e-08 0.0126572 0.0132003 0.000490706 0.0643921 0.000168513 0.0143537 0.608872 0.175513 0.000135462 0.00843535 4.45117e-05 3.13951e-05 0.00131704 0.0027496 2.52374e-06 0.0209476 
7.99862e-05 0.0438622 3.33338e-05 0.000145 0.0817513 0.000620798 0.00321117 1.62037e-07 0.044776 0.796867 0.000272327 7.41698e-08 0.0207857 0.000750935 0.000273726 0.00265508 0.0035979 1.23541e-05 0.000305367 
1.42672e-05 0.0379881 6.0497e-06 0.0350246 0.00868414 0.0024159 0.0201829 5.40631e-07 0.0167652 0.798492 0.0254219 0.000124838 0.00261925 0.000227151 0.0346617 0.000113311 0.014907 4.96728e-06 0.00234599 
8.62168e-05 0.0968822 0.00312901 0.00241727 0.0107397 1.43353e-08 0.0112946 3.51403e-08 0.00364517 0.803876 0.0666769 1.6085e-08 0.000956909 2.98054e-08 4.2242e-07 0.000284346 3.29586e-06 8.67202e-07 6.93524e-06 
0.00214181 0.00968706 0.00619084 0.0190806 0.00971794 0.00978942 0.209088 5.6224e-07 0.0370482 0.56559 0.0523474 0.00680017 0.0673056 2.84525e-07 8.23235e-05 1.06535e-07 0.00110552 9.03812e-08 0.00402408 
1.47866e-11 7.33079e-07 1.57436e-07 8.91699e-07 4.65976e-07 3.64485e-11 0.000574718 8.93468e-11 1.70515e-07 0.975617 0.0187591 4.08971e-11 1.54885e-07 1.49883e-07 0.00504537 2.02844e-08 5.5666e-07 6.7594e-11 4.03429e-08 
0.00809797 0.0746784 0.0193152 0.0638066 0.114016 0.0106472 0.0189945 3.5628e-09 0.121869 0.210272 0.209248 0.0283696 0.0363754 0.00737171 0.0400231 0.0186131 0.00244332 0.000176628 0.0156828 
6.8299e-05 0.0850623 0.0010985 0.0174134 0.0224862 1.70122e-05 0.00416185 4.17023e-05 0.0375917 0.641779 0.0117794 0.000333111 0.0964056 0.00113171 1.77003e-05 0.00120419 0.0021514 3.15493e-05 0.0772253 
0.000748158 0.0135546 3.94296e-05 0.00688273 0.00171705 0.00243339 0.0285802 0.000272316 0.125962 0.622635 0.0785049 0.00976691 0.0187975 0.0385402 0.000247252 0.00480603 0.0432862 0.000102366 0.00312381 
0.00373108 0.00451233 1.4785e-05 0.0252043 0.00754484 0.00315697 0.0014456 2.84689e-12 0.0546532 0.749374 0.0428784 0.00117966 0.0157903 0.000265098 0.00446776 0.00300546 3.624e-05 1.58021e-07 0.0827395 
8.95011e-05 0.109231 9.95653e-05 0.0528391 0.00191735 0.006478 0.0270054 1.72225e-09 0.0228655 0.625134 0.10231 0.00211601 0.0450308 2.26431e-06 8.3843e-05 0.000520519 0.000360876 2.95553e-06 0.00391322 
0.0459523 0.062816 0.00120047 0.0271068 0.0340599 0.00902686 0.019503 0.00473164 0.12514 0.502738 0.102249 0.0171289 0.00691693 1.97082e-05 0.00519564 0.0149942 0.0112068 5.17547e-06 0.0100091 
0.00321924 0.0772882 0.175449 0.0154783 0.0921034 0.00677138 0.00318709 3.00865e-05 0.0416496 0.468552 0.0687845 0.00158305 0.0148932 0.00010881 0.0265131 0.0012692 0.00229191 0.000235941 0.00059131 
0.00206981 0.00431808 0.000761851 0.0203111 0.327928 8.35867e-07 0.00436411 1.47353e-07 0.00479288 0.348219 0.163863 0.0267747 0.0167564 0.0256345 0.000207908 0.00489009 0.000260467 0.0437734 0.00507337 
4.97602e-05 0.0931167 5.74963e-05 0.00755856 0.114787 0.000108399 0.00659605 5.83339e-07 0.0627712 0.611171 0.0422848 0.0209853 0.0145915 0.00133047 0.0014853 0.0166798 0.00595573 1.46657e-05 0.000455752 
1.53192e-07 0.258578 4.64912e-10 1.55089e-05 0.0335435 1.77081e-06 2.80426e-06 7.11491e-10 6.7906e-07 0.674753 0.0050953 2.1172e-06 1.19349e-10 6.03474e-10 7.48241e-11 8.71228e-11 0.028002 3.17633e-06 1.58269e-06 
0.00455817 0.010325 0.147305 0.0452164 0.0172888 4.52967e-05 0.00124031 5.42679e-08 0.0894066 0.501119 0.126091 0.0138908 0.0150319 0.00147032 0.00223205 0.00341362 0.00300084 0.0178344 0.000529813 
0.00188805 0.0692989 0.0359802 0.0156061 0.0831127 0.0851417 0.033149 2.90684e-09 0.0801976 0.355745 0.175049 0.00160478 0.0113637 0.0003578 0.0182832 0.00568219 0.0235195 7.82247e-07 0.0040199 
0.00364539 0.0414379 0.00905576 0.0470478 0.00736657 0.0712223 0.0103893 0.000155811 0.0964252 0.356945 0.0633946 0.00132526 0.0221159 0.00293167 0.00605444 0.00657121 0.000286474 4.39228e-06 0.253625 
6.90443e-07 0.110698 0.00474159 1.38923e-05 2.84413e-05 9.53848e-06 0.189884 0.000177749 0.238491 0.454503 4.97959e-06 1.85532e-07 6.70226e-06 0.00104734 0.000244052 6.32233e-06 1.04873e-05 0.000132706 9.69395e-08 
2.65233e-06 0.00113398 2.76105e-07 2.49273e-06 6.57873e-10 2.79746e-09 1.86606e-06 6.85746e-09 0.0015016 0.996561 3.91141e-06 3.1389e-09 2.72495e-06 5.81637e-09 2.7252e-06 8.39702e-10 1.56402e-09 3.40802e-05 0.000752874 
0.0926853 0.114878 0.000308864 0.04933 0.0301181 5.11264e-05 0.00144992 3.39272e-08 0.203948 0.412978 0.000994372 0.0704494 0.00816539 3.06646e-05 3.83537e-07 0.00985597 2.82302e-05 2.02641e-06 0.00472646 
0.00935573 0.0523089 0.128867 0.00346146 0.0753398 2.68639e-06 0.00139099 5.28843e-10 0.0275917 0.36733 0.245733 0.0201587 0.00589171 3.51649e-06 0.0167039 0.00267345 0.0308218 2.55732e-07 0.0123649 
0.000669558 3.04014e-12 1.20555e-06 2.08994e-07 1.86829e-07 3.2809e-07 9.24749e-08 7.88404e-11 1.14734e-06 0.996413 0.00148088 0.000390118 2.46e-07 1.24387e-06 5.7218e-08 4.32512e-07 1.69389e-06 2.44606e-07 0.00103925 
0.000703659 0.0597992 2.88366e-07 0.0162522 0.00204876 0.000941109 0.0224463 1.95325e-06 0.0105801 0.796643 0.0739357 7.91432e-08 0.000420045 5.4389e-11 0.00611565 8.47039e-07 0.000365368 8.0684e-05 0.00966544 
0.000128867 0.0928211 0.00259725 0.114135 0.0443047 2.46653e-05 0.0355468 1.37206e-05 0.0234564 0.583412 0.0754569 3.05809e-05 0.00438822 1.92119e-07 0.00213753 0.00138408 0.000843216 0.000445147 0.018874 
3.82788e-05 0.0300475 0.0363522 0.0059692 0.0944408 0.00171525 0.000222243 8.57276e-08 0.101756 0.678355 0.02448 0.00115996 0.00185128 0.00363087 0.00395826 0.0145492 0.000708449 0.000157654 0.000607293 
5.00261e-05 0.00198058 4.91905e-07 0.00118835 0.000369774 7.14009e-05 0.031075 2.57907e-10 0.00374582 0.959469 0.000964571 2.47427e-05 0.000323726 2.18752e-10 9.79825e-05 2.39331e-07 0.000107247 1.77897e-05 0.000513657 
0.000343351 0.0568133 0.000153178 0.0218223 0.115844 0.000237383 0.0353562 0.0997565 0.132596 0.256079 0.0932132 0.00837073 0.0968948 0.000568947 0.000604031 0.0213653 0.0224613 0.00303782 0.0344838 
1.57561e-07 0.0140005 4.67407e-07 0.402472 0.0838071 0.0187033 0.00191588 3.2537e-07 0.0246325 0.425403 0.0257545 1.61508e-06 1.4578e-05 0.00166578 2.35141e-05 8.70954e-06 6.46191e-05 1.83706e-06 0.00152901 
0.000831857 0.000771983 0.0197821 0.00206898 0.014433 0.0158592 0.000195116 4.78833e-05 0.176266 0.624785 0.0404531 0.000942462 0.0134816 0.00455173 0.00376597 0.0575101 0.0220374 2.86314e-06 0.00221399 
