3.92471e-05 0.416853 1.22872e-07 0.0550432 0.000105096 0.000126088 0.00479303 1.88041e-07 0.00410015 2.48753e-08 0.00169621 8.60729e-08 0.00672085 0.000301103 2.02038e-05 0.502344 0.0077774 8.01805e-05 4.49727e-08 
1.93966e-05 0.00314027 4.38326e-09 0.0056699 0.00367238 3.6386e-09 0.00422135 7.41032e-11 0.000330144 9.80284e-12 0.362744 4.22704e-07 0.000196802 6.28529e-11 0.609072 0.0101449 9.44088e-08 5.60617e-11 0.00078837 
7.99134e-08 0.0494749 7.00646e-08 0.334814 0.00232185 2.45433e-07 0.000376534 6.05946e-07 0.00140698 1.71729e-08 0.0124619 4.89701e-05 0.0143414 3.66861e-07 0.000485973 0.566599 0.0169225 2.40196e-06 0.000742398 
1.37324e-11 0.0243719 2.98039e-06 0.0455219 0.0161313 5.22264e-08 0.00871227 8.29771e-11 0.000182745 1.09767e-11 0.382425 1.5576e-08 3.69276e-08 7.03796e-11 8.43879e-08 0.522651 1.28582e-08 6.27751e-11 1.21042e-06 
2.00384e-05 0.029523 1.70353e-05 0.679664 0.03848 1.44761e-05 0.000508329 0.00010994 0.0641951 5.56663e-06 0.00722107 0.000325622 0.0286834 0.000109841 0.0141148 0.0198673 0.117071 1.16767e-05 5.78929e-05 
5.62745e-07 0.0967376 5.4975e-06 0.00608453 0.00361616 1.38715e-06 0.000320843 5.5678e-05 0.04697 4.4982e-07 0.0971724 1.55646e-06 0.000702193 1.44249e-05 0.01074 0.735434 0.000252571 3.11426e-06 0.00188679 
1.37324e-11 0.0243719 2.98039e-06 0.0455219 0.0161313 5.22264e-08 0.00871227 8.29771e-11 0.000182745 1.09767e-11 0.382425 1.5576e-08 3.69276e-08 7.03796e-11 8.43879e-08 0.522651 1.28582e-08 6.27751e-11 1.21042e-06 
1.36885e-05 0.693307 0.000752469 0.138469 0.00379561 0.0570796 0.00256825 2.77538e-10 0.027819 3.67145e-11 0.00242406 1.56889e-05 0.0145473 1.82068e-05 5.15637e-06 0.0453039 0.0137466 0.00013394 5.34765e-07 
1.13763e-06 0.000160891 5.54803e-12 3.85725e-05 4.07526e-10 5.43829e-09 0.926514 8.4906e-12 4.79287e-09 1.12319e-12 0.0605209 9.39935e-08 2.88982e-08 7.20156e-12 1.94355e-09 2.60571e-09 1.9365e-12 6.42344e-12 0.0127644 
1.04386e-07 0.691457 3.32026e-10 0.0893246 1.45282e-06 3.35356e-07 0.00695805 5.08125e-10 0.00632349 6.7218e-11 0.00264064 2.32587e-10 0.0105366 0.000289625 4.09816e-06 0.180091 0.0123728 1.10697e-06 1.21526e-10 
2.32476e-11 0.000272645 4.55131e-08 0.000720911 3.20347e-08 7.32554e-10 0.0131067 1.40472e-10 3.08621e-08 1.85825e-11 0.981967 1.28232e-07 2.89992e-05 1.19146e-10 2.58181e-07 0.00273634 0.000199834 2.70031e-08 0.000967188 
2.82533e-12 0.713328 1.11553e-11 0.0753201 0.002603 0.000214654 3.28212e-12 1.70719e-11 0.109934 2.25837e-12 0.00381259 2.42324e-08 0.0350005 1.448e-11 0.000118524 0.0430023 0.0166663 9.30043e-08 4.08298e-12 
7.99134e-08 0.0494749 7.00646e-08 0.334814 0.00232185 2.45433e-07 0.000376534 6.05946e-07 0.00140698 1.71729e-08 0.0124619 4.89701e-05 0.0143414 3.66861e-07 0.000485973 0.566599 0.0169225 2.40196e-06 0.000742398 
1.46163e-06 0.0471679 3.28591e-07 0.336149 0.0032671 5.54446e-06 0.000363787 3.73541e-05 0.00179223 9.45784e-08 0.0162123 5.16034e-05 0.0153209 6.0412e-06 0.00740525 0.549364 0.0215686 6.31103e-06 0.0012803 
0.00881737 0.364513 0.564277 0.00307919 0.00293833 1.93711e-07 0.000639128 4.74848e-07 0.00851871 6.28159e-08 0.00782532 0.00215202 0.00219055 4.02757e-07 0.000609287 0.00666935 0.00529605 0.0122863 0.0101871 
1.11766e-10 0.420594 4.41287e-10 0.477538 0.0111287 1.97158e-08 2.28518e-07 6.75336e-10 0.00798866 8.93378e-11 0.0736146 4.56705e-05 0.0001808 5.72807e-10 0.00091565 8.06815e-07 2.54672e-05 5.10916e-10 0.00796718 
2.82533e-12 0.713328 1.11553e-11 0.0753201 0.002603 0.000214654 3.28212e-12 1.70719e-11 0.109934 2.25837e-12 0.00381259 2.42324e-08 0.0350005 1.448e-11 0.000118524 0.0430023 0.0166663 9.30043e-08 4.08298e-12 
5.01724e-10 0.769746 1.98097e-09 0.0559221 0.00077519 4.91735e-07 0.0088526 1.03506e-06 0.00659184 4.01044e-10 0.0398689 1.91306e-06 0.00475313 2.57137e-09 0.0675031 0.0268282 0.0177712 2.29354e-09 0.00138446 
7.99134e-08 0.0494749 7.00646e-08 0.334814 0.00232185 2.45433e-07 0.000376534 6.05946e-07 0.00140698 1.71729e-08 0.0124619 4.89701e-05 0.0143414 3.66861e-07 0.000485973 0.566599 0.0169225 2.40196e-06 0.000742398 
2.88845e-11 0.0189473 1.14045e-10 0.00761075 0.0318793 7.11995e-11 0.00754746 1.65128e-07 8.55476e-08 2.30883e-11 0.863075 7.98897e-11 4.28623e-09 1.09104e-08 0.0087065 0.0618113 3.98068e-11 1.3204e-10 0.000422345 
2.88845e-11 0.0189473 1.14045e-10 0.00761075 0.0318793 7.11995e-11 0.00754746 1.65128e-07 8.55476e-08 2.30883e-11 0.863075 7.98897e-11 4.28623e-09 1.09104e-08 0.0087065 0.0618113 3.98068e-11 1.3204e-10 0.000422345 
4.37647e-13 0.825379 3.00684e-08 0.153141 0.00868933 1.51041e-08 1.07278e-08 2.64445e-12 0.00613361 3.49825e-13 0.00113387 1.21046e-12 0.00342758 2.24297e-12 5.00615e-09 0.00208142 1.12189e-08 2.00062e-12 1.39968e-05 
7.99134e-08 0.0494749 7.00646e-08 0.334814 0.00232185 2.45433e-07 0.000376534 6.05946e-07 0.00140698 1.71729e-08 0.0124619 4.89701e-05 0.0143414 3.66861e-07 0.000485973 0.566599 0.0169225 2.40196e-06 0.000742398 
5.77448e-08 0.463911 1.17826e-07 0.0262084 0.00569769 6.12505e-06 0.00451425 0.00508159 0.21734 4.59005e-08 0.0430069 7.81612e-05 0.0244749 1.73796e-07 0.000355764 0.176435 0.0242509 6.19978e-05 0.00857671 
5.25626e-08 0.800426 8.13126e-06 0.00736267 0.000132361 5.17523e-05 0.0560416 6.60018e-05 0.000228521 4.20149e-08 0.0414096 4.27001e-05 0.000411794 9.26848e-06 1.17233e-05 0.0662973 0.0274998 2.4028e-07 7.59601e-08 
2.88845e-11 0.0189473 1.14045e-10 0.00761075 0.0318793 7.11995e-11 0.00754746 1.65128e-07 8.55476e-08 2.30883e-11 0.863075 7.98897e-11 4.28623e-09 1.09104e-08 0.0087065 0.0618113 3.98068e-11 1.3204e-10 0.000422345 
2.00384e-05 0.029523 1.70353e-05 0.679664 0.03848 1.44761e-05 0.000508329 0.00010994 0.0641951 5.56663e-06 0.00722107 0.000325622 0.0286834 0.000109841 0.0141148 0.0198673 0.117071 1.16767e-05 5.78929e-05 
1.89265e-05 0.00436155 9.30385e-05 0.014255 0.000932943 0.000311782 0.00146303 5.01634e-07 0.000908826 4.83113e-07 0.0260804 2.20521e-06 8.43079e-05 0.000165593 0.00114935 0.948138 0.00168523 1.21369e-06 0.000347449 
8.2867e-08 0.00739612 5.78299e-09 0.000754049 0.00015079 3.61037e-09 0.000891588 4.36858e-06 0.00353109 1.17076e-09 0.0309794 4.05103e-09 4.0169e-05 7.50654e-09 0.000111506 0.956048 9.30078e-05 6.69546e-09 2.11665e-09 
9.21768e-13 0.518718 0.00034987 0.4536 0.00929968 8.3993e-06 0.000148348 5.56972e-12 0.00887064 7.36798e-13 0.00137531 2.12239e-09 0.00720298 4.72413e-12 4.09514e-07 0.000389916 1.1158e-08 4.21369e-12 3.644e-05 
1.39977e-07 0.157478 1.23679e-07 0.11266 0.14889 0.000808915 6.16573e-05 2.56984e-06 0.0296521 3.02616e-08 0.000388227 1.77979e-06 0.030465 6.42765e-07 0.0891484 0.411188 0.0190473 0.000173994 3.36215e-05 
1.2518e-09 0.921191 4.4382e-06 0.0386574 0.000311521 3.57869e-05 0.00200963 7.56391e-09 0.00340061 1.0006e-09 0.0166248 1.45813e-07 0.00472595 0.00122143 1.65858e-07 0.0102427 0.00157402 5.72237e-09 6.18365e-07 
1.6039e-07 0.0896195 1.54419e-10 0.0139088 0.0218605 9.64049e-11 8.58142e-05 2.36319e-10 0.08016 3.12618e-11 0.0490155 3.67891e-07 0.0274025 2.00441e-10 8.20385e-08 0.461828 0.256119 1.78784e-10 5.65192e-11 
1.39734e-10 0.0113712 5.51714e-10 0.00456929 0.0224898 3.4444e-10 0.00453068 3.00484e-07 1.55427e-07 1.11694e-10 0.914459 3.8648e-10 7.87441e-09 2.0266e-08 0.00523089 0.0370949 1.92572e-10 6.38766e-10 0.000253976 
1.80415e-09 0.000622821 1.00391e-10 1.88981e-05 7.10439e-08 3.7331e-08 0.885358 1.53637e-10 3.18666e-08 2.03241e-11 0.111279 7.0325e-11 2.57719e-11 2.36011e-07 1.35056e-05 1.78799e-08 3.50409e-11 1.16232e-10 0.00270744 
2.74879e-07 0.71558 2.91457e-09 0.0536092 3.99757e-06 8.82706e-07 0.00418093 4.4604e-09 0.00379719 5.9005e-10 0.00158656 2.04168e-09 0.0328691 0.000177636 2.59767e-06 0.180755 0.00743332 3.04802e-06 1.06677e-09 
4.80611e-12 0.0378907 1.89761e-11 0.0152177 0.0542228 1.18469e-11 0.00424042 5.59117e-08 2.89799e-08 3.84167e-12 0.746569 1.32929e-11 1.44703e-09 3.67067e-09 0.0174034 0.123612 6.62347e-12 2.19702e-11 0.000843912 
1.37324e-11 0.0243719 2.98039e-06 0.0455219 0.0161313 5.22264e-08 0.00871227 8.29771e-11 0.000182745 1.09767e-11 0.382425 1.5576e-08 3.69276e-08 7.03796e-11 8.43879e-08 0.522651 1.28582e-08 6.27751e-11 1.21042e-06 
1.89265e-05 0.00436155 9.30385e-05 0.014255 0.000932943 0.000311782 0.00146303 5.01634e-07 0.000908826 4.83113e-07 0.0260804 2.20521e-06 8.43079e-05 0.000165593 0.00114935 0.948138 0.00168523 1.21369e-06 0.000347449 
7.22921e-06 0.0898547 1.57857e-07 0.189554 0.00138686 0.000318408 0.0350807 1.25599e-06 0.000377029 3.86586e-08 0.559332 1.82786e-07 0.0371278 8.23563e-07 0.0239031 0.0591194 0.000862711 7.87523e-08 0.00307406 
1.36885e-05 0.693307 0.000752469 0.138469 0.00379561 0.0570796 0.00256825 2.77538e-10 0.027819 3.67145e-11 0.00242406 1.56889e-05 0.0145473 1.82068e-05 5.15637e-06 0.0453039 0.0137466 0.00013394 5.34765e-07 
7.11958e-06 0.811627 1.10311e-07 0.0541747 0.000139639 2.28562e-05 0.00442884 1.68818e-07 0.00392063 2.23323e-08 0.00168589 7.72739e-08 0.0066489 0.000361756 7.65259e-06 0.109049 0.00781941 0.000106479 4.03753e-08 
1.69585e-09 0.00173826 8.18353e-07 0.024549 0.00022676 4.18021e-09 0.884437 1.0247e-08 0.000609099 1.35554e-09 0.0621087 0.000507165 0.00639621 8.69134e-09 4.40244e-06 0.0192387 1.23651e-05 7.75224e-09 0.0001717 
2.32308e-12 0.839195 1.10994e-07 0.126825 0.0187686 2.38794e-07 2.69867e-12 1.40371e-11 0.00905434 1.85691e-12 0.00523857 6.42525e-12 2.48889e-07 1.1906e-11 2.65732e-08 0.000889243 5.95513e-08 1.06195e-11 2.91601e-05 
1.13763e-06 0.000160891 5.54803e-12 3.85725e-05 4.07526e-10 5.43829e-09 0.926514 8.4906e-12 4.79287e-09 1.12319e-12 0.0605209 9.39935e-08 2.88982e-08 7.20156e-12 1.94355e-09 2.60571e-09 1.9365e-12 6.42344e-12 0.0127644 
1.13763e-06 0.000160891 5.54803e-12 3.85725e-05 4.07526e-10 5.43829e-09 0.926514 8.4906e-12 4.79287e-09 1.12319e-12 0.0605209 9.39935e-08 2.88982e-08 7.20156e-12 1.94355e-09 2.60571e-09 1.9365e-12 6.42344e-12 0.0127644 
9.56701e-08 0.0738276 1.51773e-06 8.39235e-05 0.0475795 3.32065e-05 0.00101124 0.000440247 0.00931669 7.64721e-08 0.580805 0.000850223 0.0236438 4.90316e-07 0.164421 0.0903442 0.00604473 4.37338e-07 0.00159534 
8.39597e-09 0.000368954 3.315e-08 0.997692 0.000437062 2.06958e-08 6.14563e-05 5.0732e-08 0.000181916 6.71116e-09 6.97545e-05 7.89774e-05 6.04299e-05 4.303e-08 1.49441e-05 0.000653528 0.000302008 7.29616e-05 6.07879e-06 
3.8273e-11 0.0232933 6.7228e-06 0.225164 0.00967991 8.48293e-08 0.0294156 2.31262e-10 0.000109739 3.05928e-11 0.28256 3.51545e-08 5.99684e-08 1.96152e-10 1.90356e-07 0.429768 2.08974e-08 1.74958e-10 2.73033e-06 
