0.000138122 0.0690607 7.90517e-05 0.0104255 0.00525256 3.69863e-05 0.013585 2.51136e-07 0.0169387 0.748686 0.0127855 0.00678696 0.000233074 2.2785e-07 0.016891 0.00357136 0.000386318 1.02893e-05 0.0951324 
0.000194156 0.0420758 0.00423911 0.0421735 0.170078 9.30869e-06 0.000577947 4.81257e-05 0.0384893 0.635613 0.00295086 0.000406118 0.00316084 2.37918e-06 2.78941e-05 0.0190346 0.000400136 0.0400335 0.000485891 
0.00449105 0.0410017 0.0904979 0.0123289 0.00504361 0.00885663 0.0293515 7.10399e-09 0.141878 0.347019 0.203431 0.0929793 0.00326876 2.45398e-05 0.0149023 0.00214881 0.000153665 0.000144882 0.00247833 
0.000183262 0.000660145 6.33745e-05 0.00205217 0.125253 8.5924e-05 2.26269e-05 1.43934e-07 0.00391977 0.738026 0.0417875 0.000258133 0.00509182 0.00105849 0.0814631 2.771e-05 1.671e-05 3.14326e-06 2.73898e-05 
0.000649509 0.182857 0.00280899 0.0232779 0.0724818 8.69646e-05 0.0123718 6.72511e-11 0.0634828 0.443285 0.126751 0.00854251 0.0104072 0.022475 0.00424094 9.53533e-05 0.000842343 0.000122283 0.0252216 
2.69972e-05 0.0068776 1.26509e-08 0.0637148 0.000685977 0.000453465 0.00187627 1.33994e-05 0.0419522 0.858447 0.0130961 0.000985938 1.11516e-05 2.3063e-06 2.24275e-07 0.0105661 0.000949288 7.28955e-06 0.000333871 
0.0214037 0.0593814 0.00307229 0.0354795 0.0992121 0.00137453 0.00618833 5.18603e-10 0.152345 0.46588 0.080409 0.00290518 0.0570868 0.00907049 0.000285564 0.00385568 6.54321e-05 5.34563e-05 0.00193133 
0.00152845 0.0599205 0.0186273 0.00355861 0.00470412 0.00757573 0.0817355 0.00536191 0.0572211 0.384341 0.0907633 0.199603 0.0729609 5.07951e-05 0.000442485 0.00975995 0.00135401 3.07555e-06 0.000487411 
8.89549e-05 0.0393306 0.000466673 0.201896 0.190651 1.66166e-05 0.00171226 3.47624e-09 0.112251 0.411064 0.018718 9.59516e-06 0.00917532 0.00155795 0.000141945 0.00572553 0.00639646 5.82761e-05 0.000739201 
0.0613661 0.0247113 0.000214982 0.16023 0.0101821 0.0016414 0.000197341 2.24662e-08 0.158115 0.374501 0.0436518 0.139526 0.0188815 0.00100793 0.000453588 0.00430652 0.000114746 6.28174e-07 0.000898863 
0.000331343 0.0844748 0.000558646 0.00564001 0.0229215 0.000100166 0.0417182 1.90629e-09 0.0820606 0.623828 0.0455232 0.000693515 0.086475 0.000705039 0.00101368 0.00162021 0.0021601 7.48296e-08 0.000176299 
0.00519797 0.0168641 0.00134228 0.030631 0.0803315 0.00305383 0.00345535 7.81742e-08 0.0563882 0.551577 0.0402455 0.0010612 0.00225894 0.0138145 0.00903115 0.0408684 0.00960374 0.130813 0.00346285 
8.27104e-07 0.204616 4.05766e-08 0.0034117 0.015942 0.000458298 0.186953 3.88054e-07 0.0580006 0.298781 0.169829 0.00234649 0.00867314 0.000185725 0.00192388 0.0210345 0.00236439 0.00012845 0.0253511 
1.80239e-05 0.00909403 0.00136913 0.0305135 0.00492368 0.000704582 0.00728974 3.49217e-07 0.0306301 0.8194 0.0639405 5.81596e-06 0.00011892 0.014082 0.000124974 0.0158712 3.08875e-05 3.39448e-06 0.00187896 
0.000331866 0.0196081 0.0512811 0.184334 0.360317 1.27504e-05 0.00220382 2.23635e-10 0.00952163 0.36491 0.0022 0.000251954 0.00363601 1.89683e-10 0.0002432 0.000188098 1.09358e-07 0.000952839 7.73205e-06 
4.69802e-05 0.207207 0.000695983 0.112525 0.0270604 0.000996712 0.00422108 4.79711e-08 0.0160166 0.558551 0.0621558 0.000148898 0.000428551 7.06446e-05 0.000127113 0.00482847 0.000609835 9.69818e-05 0.00421342 
9.99563e-05 0.039214 0.00190408 0.0759251 0.0101199 1.74472e-07 0.00272297 4.90802e-07 0.0367472 0.487637 0.271566 0.0175649 0.000162525 3.64501e-06 0.00137173 0.000196667 0.000304151 8.36388e-07 0.0544588 
0.0112007 0.0426166 1.70196e-07 1.00178e-06 0.0016793 6.59879e-05 0.0462891 2.60465e-07 0.015271 0.523232 0.318613 0.000280406 0.000205479 2.20922e-07 2.73918e-08 0.0023903 6.53555e-05 1.4081e-05 0.0380748 
1.77486e-05 0.243378 0.00193226 0.0152369 0.0290239 6.09848e-05 0.00715321 2.76553e-09 0.045146 0.618495 0.017662 8.54629e-05 0.000344646 0.00292837 0.00268169 0.000973123 0.00053784 6.82176e-05 0.0142742 
0.000488998 4.28375e-05 0.000384942 0.00115949 0.0236282 0.000111084 0.000413995 2.495e-05 0.00642429 0.818326 0.0599021 0.00074869 0.0012098 0.00802333 0.0203359 0.0400381 0.00401754 1.47374e-05 0.0147051 
0.00743924 0.000246818 0.000125395 0.00224738 0.00879608 0.00330052 0.000241666 1.20825e-07 0.155138 0.739789 0.00234496 0.00143635 0.0712021 0.00122701 0.00032687 0.00524808 0.00020379 1.6008e-05 0.000670384 
0.000168188 0.0754378 0.000893769 0.0560521 0.102645 0.0070533 0.0139934 1.86434e-05 0.0763654 0.558379 0.0309161 0.00071611 0.033506 0.0003763 0.0212098 0.00166837 0.00327763 9.90676e-07 0.0173219 
3.85151e-07 0.0291972 2.16941e-05 0.119449 0.0576551 0.00159527 0.0039782 2.17149e-06 0.18934 0.417666 0.0126861 6.41323e-07 1.82727e-06 4.69848e-06 0.000105591 0.156128 0.0121611 3.60816e-06 4.12681e-06 
1.06369e-07 0.00722145 0.0122295 3.13566e-09 3.71348e-06 1.46286e-06 0.000347499 4.29401e-08 0.00727013 0.938099 0.0347032 1.96552e-08 5.51673e-06 3.6421e-08 0.000111728 5.25805e-09 2.94824e-06 3.24857e-08 3.28749e-06 
0.000780838 0.162819 0.00484265 0.0336858 0.0745021 0.000503942 0.006961 2.96385e-10 0.100802 0.218788 0.150096 0.00940273 0.216979 7.21271e-07 0.00904758 0.00594229 0.00328878 5.40177e-05 0.0015042 
3.61317e-05 0.044779 0.00963804 0.011088 0.00401868 0.000793764 0.0252039 4.61808e-08 0.0441615 0.779972 0.0665442 0.000833927 0.00832664 4.688e-06 0.00123308 0.00212168 0.000794502 4.90327e-05 0.000401626 
3.39755e-06 8.88917e-08 1.7406e-12 0.00161855 0.00165095 0.000237366 0.00196215 2.66378e-12 0.0565406 0.921586 0.00691992 3.65913e-09 0.00413761 4.35131e-05 5.14894e-08 0.00384678 0.000539132 2.0354e-10 0.000913941 
5.82005e-07 0.000206709 2.29795e-06 0.000375435 0.00902087 1.43463e-06 0.000903196 3.51673e-06 0.000815204 0.980444 0.000292728 1.60973e-06 0.00647991 2.98282e-06 3.69837e-07 7.6428e-05 0.00136949 2.66053e-06 8.41077e-07 
6.04622e-06 0.219454 0.000147096 0.00665601 0.0491566 1.54448e-06 0.214853 2.06828e-09 0.053931 0.301581 0.125446 3.60959e-05 0.0129211 0.00111085 0.00654017 0.000824782 0.0059072 1.45637e-06 0.00142567 
0.00805755 9.74355e-08 4.94732e-08 0.00703497 0.00925983 0.00709127 0.000229817 2.60575e-12 0.097615 0.77748 0.018544 0.00111828 0.033886 0.000472175 1.29035e-07 0.00535242 5.4104e-05 1.14716e-07 0.033804 
0.451101 0.00881781 0.00145401 0.00649061 0.0233463 0.000361083 0.00168527 7.18118e-07 0.026148 0.453684 0.00355745 0.0123941 0.00198497 4.97881e-10 0.00525849 5.81014e-05 7.32776e-05 0.00294616 0.000638289 
0.00105205 0.0143338 1.24598e-05 3.49351e-07 0.00107095 0.00158197 0.00198561 5.43189e-09 0.114548 0.839628 0.01927 1.1753e-06 0.0042477 4.60723e-09 3.1103e-05 3.53135e-06 7.80413e-07 0.00222983 3.11428e-06 
0.000933684 0.00737812 0.00154627 0.0689563 0.0167971 1.01952e-06 0.0890763 1.67578e-09 0.0159019 0.72704 0.0655104 7.67061e-10 0.00365534 0.000186609 7.681e-06 0.00191483 0.000859873 1.23495e-07 0.00023391 
0.00698819 0.237429 6.97436e-06 0.0956675 0.106136 0.0132649 6.98085e-06 6.96949e-06 0.048188 0.241573 0.228346 0.0153567 0.00698817 6.97163e-06 6.98206e-06 6.98183e-06 6.98034e-06 6.97292e-06 6.98018e-06 
0.000585933 0.195829 0.00167834 0.0337893 0.0814645 0.00622359 0.00516912 3.81356e-05 0.0330406 0.44385 0.0431191 0.000354051 0.0608665 3.6359e-05 0.0339366 0.0314186 0.0285116 2.60492e-05 6.28512e-05 
1.40307e-05 0.0802883 0.000198258 0.0535078 0.0429183 0.000587564 0.0225058 4.5768e-08 0.0960186 0.588239 0.089138 0.000100841 0.0097307 0.00428754 0.00161656 0.00385763 0.00541342 6.06449e-06 0.0015715 
0.000162785 0.0679167 0.00062152 0.0394004 0.0179014 0.00142756 0.209632 1.09149e-07 0.0637886 0.417094 0.0837633 0.00584336 0.00904182 5.4353e-06 0.000729041 0.0431635 0.0357434 1.64413e-05 0.00374875 
1.51345e-05 0.054659 0.00049331 0.203922 0.2394 4.0756e-05 0.0460967 1.4363e-06 0.0507145 0.316787 0.05331 1.10936e-06 0.0192906 0.00175631 5.2391e-08 0.0108407 1.00186e-05 1.01644e-05 0.00265186 
0.00113024 1.45785e-07 2.4704e-06 0.00129882 0.000431163 8.73567e-05 7.26844e-07 3.78065e-06 0.00186968 0.829407 7.91652e-06 1.73054e-06 6.34187e-07 0.130456 3.97593e-07 0.0337236 0.000915797 2.8602e-06 0.00065961 
0.00339241 0.0378004 0.00466341 0.00622622 0.00440387 0.000489166 0.00978155 2.4228e-06 0.0202143 0.817944 0.052613 0.000695701 0.00178251 0.00912722 0.00420523 0.00634306 0.000148547 0.0149909 0.005176 
0.000279683 0.0670264 0.000357383 0.115576 0.105386 0.117946 0.0143542 2.58177e-07 0.149159 0.225325 0.118042 0.00242998 0.0302533 0.000155856 0.0453084 0.00564712 0.000557691 1.4455e-05 0.00218135 
0.00102678 0.0244992 6.31468e-10 0.00019671 0.00128969 6.01324e-07 0.000372061 6.15502e-08 0.002562 0.953503 0.000978034 0.000418582 0.013718 8.19669e-10 5.90133e-08 3.50715e-07 4.8384e-07 7.31105e-10 0.00143455 
1.71456e-06 0.0337651 0.00374789 0.0164809 0.122871 0.000417207 0.00938984 8.96638e-10 0.247593 0.352019 0.063605 4.92469e-05 9.1445e-06 7.70381e-05 0.00731088 0.000727071 0.000473522 0.136381 0.00508138 
0.000193952 0.0134939 0.0147253 0.0530205 0.0730656 0.00145655 0.0370618 7.94573e-07 0.0182224 0.482613 0.147667 6.17051e-05 0.00418497 0.00227411 0.00160458 0.00115424 0.000205805 7.63233e-06 0.148986 
0.000110399 0.265775 0.0534908 0.0545107 0.0375956 0.00553333 0.0115995 2.16048e-09 0.0671194 0.284723 0.168554 0.000272727 0.00542156 0.000185996 0.0192292 0.00766479 0.00920221 1.69311e-05 0.00899517 
9.6364e-08 0.00349869 3.80476e-07 3.03678e-05 0.0601849 4.30268e-05 0.00875694 0.0116048 0.00341628 0.904607 0.00677818 2.66526e-07 9.70484e-05 4.93873e-07 1.4919e-05 3.7331e-05 0.000860429 2.79712e-05 4.0584e-05 
3.65483e-11 8.51578e-12 1.44305e-10 1.61267e-11 1.97055e-07 9.00906e-11 4.24574e-11 2.20841e-10 1.21828e-11 0.999996 1.90309e-06 1.01087e-10 3.7045e-11 1.87313e-10 1.7024e-06 2.70422e-11 5.03685e-11 1.67074e-10 5.28173e-11 
7.58401e-05 0.0184411 0.00107649 0.00033287 0.000943577 0.000617594 0.000429496 6.6735e-06 0.0250414 0.903126 0.0288439 0.000294414 0.00439582 5.66033e-06 0.00208013 0.000375542 0.0130566 0.000152952 0.000704183 
2.10484e-06 0.0067933 8.58292e-09 0.00735018 0.0031446 2.27545e-06 4.96048e-06 1.31351e-08 0.0501869 0.678549 0.135517 6.0124e-09 0.0505543 6.93364e-06 6.68212e-06 0.050461 0.01742 9.93719e-09 3.14146e-09 
5.67884e-07 0.0235893 9.35001e-06 0.00219928 2.75269e-05 0.00984688 0.00808938 6.45171e-08 0.150227 0.70428 0.0242173 2.95317e-08 0.000937908 5.47222e-08 6.78495e-09 0.0669839 0.00669687 4.88095e-08 0.00289397 
0.000138122 0.0690607 7.90517e-05 0.0104255 0.00525256 3.69863e-05 0.013585 2.51136e-07 0.0169387 0.748686 0.0127855 0.00678696 0.000233074 2.2785e-07 0.016891 0.00357136 0.000386318 1.02893e-05 0.0951324 
0.000111148 0.203614 0.00514493 0.00771289 0.00798492 0.00214428 0.00518153 3.20207e-07 0.0039739 0.661125 0.0872366 2.84547e-05 0.00841214 2.71593e-07 0.000789876 0.00188627 4.16137e-06 4.85072e-06 0.00464513 
0.000110208 0.216951 0.0787099 0.031369 0.0272123 0.000530261 0.00428099 3.98432e-08 0.17771 0.426263 0.0237764 7.46288e-05 0.00578192 0.000501067 0.00299721 0.00171281 0.000427801 0.000191967 0.00139956 
0.000542208 0.073556 0.0068284 0.0227151 0.109118 7.56904e-05 0.0245345 3.76548e-08 0.0203145 0.551785 0.0805351 0.00092675 0.00377484 9.45526e-05 0.0168521 0.000997566 0.00380471 0.000173137 0.0833722 
0.000602473 0.251804 0.000444888 0.315896 0.01144 0.00108595 0.00765579 4.89043e-11 0.0258722 0.348677 0.0086819 0.000649557 4.3595e-07 9.30982e-08 1.07485e-09 0.00269799 0.0210412 2.03465e-05 0.00343006 
5.30365e-06 0.0870259 1.41623e-05 0.00043695 0.0177069 0.000147488 0.0111642 2.89666e-06 0.0931494 0.730427 0.031037 1.28671e-06 2.78947e-06 5.26346e-06 0.0171208 0.00496013 0.0047918 2.14334e-08 0.00200053 
0.0025785 1.08806e-06 5.59112e-06 6.24207e-10 1.96895e-06 3.48709e-09 1.64338e-09 8.54797e-09 4.71554e-10 0.997413 4.13829e-10 3.9127e-09 1.43388e-09 7.25023e-09 8.98948e-10 1.04671e-09 1.94959e-09 6.46684e-09 2.04437e-09 
0.000343502 0.0149249 0.00391951 0.0022177 0.00342472 0.00395143 0.0708306 1.52216e-09 0.0299246 0.605107 0.123661 0.000789691 0.0220453 4.99077e-07 0.000762388 0.00333749 0.114077 3.44326e-06 0.000678924 
3.43002e-10 9.17489e-06 1.35428e-09 0.0550063 0.0517439 8.4549e-10 0.260594 2.07257e-09 0.159308 0.368171 0.0831734 9.48685e-10 0.0131466 5.80284e-06 2.17962e-10 0.00878002 6.07901e-05 1.56797e-09 4.95684e-10 
0.000216446 0.0999228 0.0122988 0.00708262 0.0131385 0.000127218 0.0700355 0.00030093 0.0240993 0.689783 0.0398623 0.0168342 0.00737906 0.000218067 0.00415322 8.77623e-05 0.00212542 4.76206e-06 0.01233 
0.000191136 0.165592 0.00148578 0.0826528 0.047203 0.000126451 0.0204051 1.71478e-08 0.097589 0.483087 0.0502558 0.0187733 0.0069989 3.31326e-06 0.00482894 0.00090189 0.00229177 0.00223074 0.0153827 
0.0015091 0.0529008 0.0330205 0.0712672 0.188855 0.00262601 0.0121211 0.000279647 0.0540051 0.268354 0.155639 0.00655655 0.0135419 0.00918771 0.0185939 0.083522 0.0112058 0.00558645 0.0112282 
0.00165712 0.0830283 0.0158129 0.0639167 0.059812 0.0517078 0.0053023 4.45128e-10 0.0617981 0.450085 0.0261602 0.00319416 0.0721237 0.00449369 0.0115006 0.0186439 0.010484 0.057547 0.00273293 
1.60717e-06 0.00259919 1.22154e-08 7.81489e-07 0.000516189 0.000329353 0.000626831 1.86942e-08 0.288261 0.7047 0.0019641 8.55698e-09 1.62269e-05 0.00031341 1.96598e-09 0.000653891 8.50039e-06 4.95902e-06 3.65202e-06 
0.00132862 0.000957307 0.00497777 6.34177e-07 1.08221e-06 4.75122e-07 1.72109e-10 8.95218e-10 4.93852e-11 0.99273 2.8175e-07 4.09772e-10 1.33665e-06 7.59307e-10 9.41457e-11 1.0962e-10 1.63546e-07 2.30338e-06 4.49834e-07 
0.00459623 0.0914446 2.29471e-06 0.0330847 0.0636373 0.00666026 0.0250379 2.29311e-06 0.0753592 0.639751 0.0280317 0.0167604 2.29695e-06 2.29381e-06 0.00344816 2.29716e-06 0.00964834 0.00252596 2.29662e-06 
0.012475 0.0274431 0.0206912 0.0515782 0.172004 0.00275424 0.00226426 7.33333e-07 0.136481 0.242633 0.053419 0.217495 0.0310684 0.00644147 0.0106226 0.00494735 0.000665887 7.21313e-07 0.00701559 
0.00447922 0.0531296 2.75408e-05 0.00992871 1.63514e-06 0.074922 0.0341414 0.00317171 0.00383717 0.765919 0.0451459 4.13605e-05 0.000571265 8.48446e-08 9.95343e-08 0.00307393 1.70664e-06 3.38292e-06 0.001604 
0.011338 0.181014 0.00692485 0.0366005 0.134423 0.0126054 0.0216982 0.0343794 0.083582 0.260143 0.119139 0.0052527 0.0229313 0.00010044 0.0268228 0.026552 0.00664064 5.15361e-05 0.00980139 
2.36559e-05 0.0850169 0.00159673 0.00539953 0.0106995 0.000424952 0.090645 2.24181e-05 0.0150922 0.414369 0.314253 3.82981e-06 0.00057462 5.94518e-06 0.00246658 0.0549651 5.46852e-09 3.70451e-07 0.00444058 
0.00023283 0.0275865 3.17373e-06 0.0103938 0.000417839 0.00251787 0.0105566 1.25731e-09 0.0435481 0.703829 0.0645655 1.12954e-06 2.10907e-10 0.106722 0.000191967 0.00219208 0.0272403 5.92615e-08 1.6962e-06 
6.72199e-05 0.0840494 0.000120483 1.60538e-06 1.62029e-06 3.72625e-06 0.19807 1.79914e-06 0.0153073 0.569808 0.0701081 3.54325e-05 0.0436927 6.13369e-08 9.59517e-08 0.0185553 1.68768e-06 2.04334e-06 0.000172598 
0.00202772 0.223037 0.0373973 0.00394475 0.0403699 0.000603665 0.00616158 4.02455e-07 0.237789 0.277132 0.105507 0.0096637 0.0147339 4.21112e-10 0.0328379 0.00403683 0.00402764 0.000323705 0.000406632 
0.0130876 0.0789054 0.0106495 0.0286992 0.0119648 0.0010683 0.103013 2.43326e-06 0.086391 0.428093 0.120285 0.018235 0.0347863 0.00118803 0.00365757 0.0215755 0.0267856 7.06709e-05 0.0115426 
4.86863e-05 0.0023453 0.00013121 0.0096391 0.0301106 0.000251608 0.00268894 8.64627e-08 0.0431893 0.872144 0.0320493 7.34838e-05 0.000758482 7.3336e-08 6.15512e-06 5.34694e-05 0.00306145 5.59206e-06 0.00344294 
0.000812416 6.44863e-05 0.00202474 5.56729e-05 0.000225214 2.05438e-07 0.000100755 5.03594e-07 0.000143448 0.996018 0.000150361 8.12182e-05 9.33629e-05 4.01013e-05 0.000131821 6.16655e-08 1.14858e-07 5.77475e-05 1.20442e-07 
0.000709997 0.0115945 4.88255e-08 0.00260093 5.23025e-05 0.000444779 2.52342e-05 1.53228e-06 0.000428468 0.740385 0.223038 3.42026e-08 5.73987e-05 1.28179e-05 7.85809e-09 0.0204936 1.70422e-08 5.65294e-08 0.000155564 
4.83097e-07 0.0065471 0.000426125 0.099564 0.00609463 0.00184709 0.00123754 2.08881e-08 0.0712684 0.745353 0.0544005 0.000345674 1.79486e-06 1.77169e-08 2.43488e-07 0.0017817 0.00496444 1.8521e-06 0.00616545 
0.000234928 0.00943162 4.34405e-05 0.0055281 0.000316678 0.0175405 0.00542533 7.79794e-07 0.0138383 0.924874 0.0177269 4.04028e-05 9.15399e-05 1.26175e-05 0.00265491 0.00115878 0.000315409 5.31693e-06 0.00076035 
3.29118e-09 0.00902874 2.24235e-06 0.045902 6.4318e-05 8.31683e-05 0.0618785 4.35197e-05 0.090707 0.740389 0.000192756 0.00125443 4.42139e-05 0.000114321 2.09139e-09 0.0286775 0.02155 1.5045e-08 6.87504e-05 
3.8849e-05 0.0396316 0.000914698 0.0511288 0.0993956 0.000807458 0.0151915 0.00316761 0.189899 0.543829 0.0275219 0.000364276 0.00135829 0.000747994 0.000135154 0.0176987 0.00793301 2.17962e-05 0.000215104 
0.000715034 0.101127 0.0173862 0.0778334 0.0162027 0.000528026 0.0513126 0.000124049 0.0713799 0.316434 0.24728 0.000732947 0.0630512 1.02065e-05 0.000295029 0.0063736 0.00254961 1.94299e-06 0.0266619 
0.00025609 0.0147165 0.000130496 0.0144063 0.00202178 2.14931e-07 0.0175289 1.77965e-09 0.00854689 0.746011 0.127827 0.00226148 0.00446054 1.74227e-07 0.0290138 0.00172917 0.00127254 0.0295257 0.000291781 
0.000250173 0.00899374 0.00134097 0.0192304 0.00643257 2.39743e-10 0.00277754 2.50104e-07 0.00953629 0.918653 0.00482421 7.27498e-08 3.40268e-05 0.000548057 3.19786e-06 0.0168867 0.00920984 0.00127867 6.13023e-07 
5.8565e-07 0.0113041 2.7887e-07 0.0143266 0.00456357 0.0198467 0.00174267 4.26777e-07 0.00254272 0.894837 0.0410267 8.80397e-05 3.75543e-05 0.00773421 0.000223809 0.000149896 0.00132772 3.22872e-07 0.000246592 
0.00102678 0.0244992 6.31468e-10 0.00019671 0.00128969 6.01324e-07 0.000372061 6.15502e-08 0.002562 0.953503 0.000978034 0.000418582 0.013718 8.19669e-10 5.90133e-08 3.50715e-07 4.8384e-07 7.31105e-10 0.00143455 
8.28733e-05 0.0333786 0.00103991 0.0248853 0.0844994 0.00131994 0.104908 0.0490205 0.028065 0.554843 0.0956686 0.0022429 0.00297808 5.1675e-06 6.67335e-05 0.00755732 0.00152855 2.99551e-06 0.00790721 
6.5576e-05 0.00302475 0.000291985 0.0489339 0.146461 0.00146968 0.0144074 6.64995e-09 0.0506022 0.636197 0.0577869 9.88414e-07 0.00081365 5.64036e-09 9.04722e-07 0.00707569 0.0314722 5.83651e-05 0.00133822 
0.000677133 8.73109e-08 0.0034773 0.00166929 0.0197696 9.72196e-11 0.00448732 2.38316e-10 1.31469e-11 0.935173 0.0311756 1.09086e-10 0.0012737 2.02135e-10 2.7822e-07 2.9182e-11 1.90294e-07 1.04589e-06 0.00229558 
1.88895e-05 0.239451 0.000333997 0.0193289 0.0988866 1.69901e-05 0.0145836 5.66048e-07 0.00996679 0.438781 0.0381319 3.4107e-05 6.17651e-06 6.4363e-06 0.0157481 0.119426 1.84247e-06 2.61934e-05 0.00525043 
1.73443e-06 3.84903e-06 0.00870807 3.77973e-06 0.0471793 0.00141506 2.073e-05 6.16118e-09 3.39885e-10 0.9265 0.0160256 0.000104632 2.37718e-05 5.2258e-09 8.2943e-06 7.54442e-10 3.65498e-06 4.66115e-09 1.91707e-06 
0.000102788 0.0755683 0.000164555 0.045792 0.00835584 9.2043e-08 0.00302395 4.2818e-07 0.00675664 0.72219 0.0488446 1.03277e-07 0.0176798 0.00224923 0.0206253 0.0468366 0.00108911 8.77371e-07 0.000719306 
8.57571e-06 0.117913 0.000129472 0.00103129 0.0868075 0.000755069 0.0774313 0.0295225 0.0712909 0.416626 0.0865841 0.00255788 0.00897014 0.00868818 0.000147268 0.0837369 0.00766573 1.37486e-06 0.000133141 
4.33321e-05 0.000816263 1.00364e-06 1.33213e-06 1.79637e-07 6.68241e-10 0.00735001 1.63807e-09 0.000432323 0.933435 0.0579186 7.49802e-10 2.74779e-10 1.38938e-09 1.72268e-10 2.00583e-10 3.73605e-10 1.23926e-09 1.98193e-06 
0.000117486 0.151932 0.00265592 0.0722374 0.0451328 0.0034716 0.0417756 6.49089e-06 0.0446831 0.454381 0.0858565 0.00426413 0.00936659 0.00150828 0.00690997 0.0504167 0.0236622 0.000993901 0.000628513 
0.000279532 0.0341655 0.000225651 0.00542419 0.0131463 9.12713e-07 0.102344 3.71299e-09 0.0111328 0.510053 0.285099 0.00362064 4.91832e-06 3.14929e-09 0.0033697 0.0304319 5.77658e-06 4.85479e-05 0.000647729 
0.000684058 0.114424 0.00152127 0.029149 0.00329778 0.00115514 0.0949236 6.63937e-09 0.0907642 0.444755 0.118182 0.000304239 0.0059099 1.3549e-05 0.00228821 0.014881 0.0726627 2.06822e-06 0.00508205 
0.0183496 0.145376 0.163951 0.0873788 0.0393971 3.93051e-05 0.002687 3.5801e-06 0.0962428 0.194825 0.0979904 0.00805292 0.0935312 2.6157e-05 0.0116662 0.0239427 0.00071209 8.44555e-05 0.0157433 
0.0111844 0.02154 0.00651981 0.0221625 0.139009 3.14951e-05 0.0039501 1.28202e-08 0.168152 0.313982 0.0214033 6.34026e-05 0.000813288 0.049145 0.00992444 0.0101087 0.00120495 0.220331 0.000473546 
4.69333e-06 0.121086 4.46352e-07 1.97178e-05 2.18677e-05 0.305429 0.00103798 8.06075e-09 0.164564 0.385638 1.53163e-05 2.40013e-05 0.0213755 8.37894e-05 0.000433018 0.00011013 1.98624e-05 6.09824e-09 0.000136819 
8.3291e-05 4.5726e-05 0.000234967 2.62323e-08 3.44628e-08 1.46545e-07 6.90631e-08 3.59229e-07 1.98171e-08 0.999634 1.73912e-08 1.64432e-07 6.0259e-08 3.04691e-07 3.77784e-08 4.39879e-08 8.19316e-08 2.7177e-07 8.59149e-08 
3.31179e-05 0.296845 0.000208945 0.00715599 0.0116026 4.86968e-05 0.00479998 6.98223e-08 0.0245911 0.574787 0.0664988 1.03581e-05 0.00369764 7.38287e-05 0.00134873 0.00315735 0.000820077 6.8587e-05 0.00425286 
7.6272e-06 0.264739 0.0258559 0.00130254 0.0466163 4.61195e-06 0.00631834 6.10318e-09 0.0102609 0.627838 0.00871626 0.000211065 0.00535252 1.34439e-05 2.0652e-06 0.000950408 0.000955875 4.61727e-09 0.000856003 
0.000688616 0.012863 0.000585168 0.000373174 0.00962441 0.00207111 0.00667594 1.12509e-07 0.0673258 0.738174 0.0318469 7.5491e-05 0.000529949 9.17303e-06 0.0150411 0.0431287 0.00809724 3.68954e-06 0.0628869 
0.00307664 0.118261 0.000391643 0.0247125 0.128102 2.27198e-05 0.000858585 6.26396e-08 0.0131336 0.505629 0.126865 0.0135718 0.0148243 2.20999e-06 0.00499232 0.00296173 0.00161545 2.44025e-05 0.0409546 
0.00102932 6.5013e-05 1.30955e-05 0.00215 0.00319087 3.88997e-08 0.000321799 7.151e-06 0.00216367 0.977724 0.00969718 2.09321e-06 0.000147687 0.00141399 0.000296763 2.91374e-05 0.00037795 0.00137029 2.28056e-08 
0.00280518 0.286858 0.0294695 0.0145219 0.00465253 0.000714073 0.00495785 1.3864e-05 0.015629 0.348261 0.161208 0.0390035 0.00189628 0.036388 0.0222681 0.0288793 0.0015222 2.19743e-05 0.000930153 
2.06593e-07 0.213905 1.10852e-05 0.0137071 6.80953e-07 1.5909e-10 0.200007 1.9538e-07 0.177671 0.225374 0.118421 1.08908e-06 3.86028e-07 3.9726e-07 4.10123e-11 8.5961e-07 0.0428951 1.18309e-07 0.00800497 
1.09615e-05 1.09643e-05 1.09508e-05 0.187488 1.09631e-05 1.09562e-05 0.0602963 1.09431e-05 1.0964e-05 0.652267 0.0997843 1.09551e-05 1.09615e-05 1.09465e-05 1.09629e-05 1.09625e-05 1.09602e-05 1.09485e-05 1.09599e-05 
0.00177117 0.0110664 0.00239812 0.00312062 0.146409 6.65097e-11 3.13443e-11 1.63036e-10 0.00717845 0.613887 0.181059 0.0184034 0.0146888 1.03023e-05 1.62902e-07 2.21402e-06 1.00774e-06 2.71367e-06 1.30239e-06 
7.84286e-05 7.36127e-05 0.000182306 0.00387929 0.0350859 2.30821e-07 2.29214e-05 5.65816e-07 1.5081e-05 0.936479 0.0206158 1.80984e-05 9.4913e-08 0.000132705 5.95041e-08 6.92847e-08 0.00109394 0.000103625 0.00221863 
3.59617e-06 0.0384856 3.90409e-12 0.00203724 0.0666856 0.000449655 0.000246867 5.97473e-12 0.110351 0.724441 0.02686 7.77219e-05 0.00162353 4.4574e-06 0.000129975 0.00208549 0.00155676 1.20275e-06 0.0249595 
5.30365e-06 0.0870259 1.41623e-05 0.00043695 0.0177069 0.000147488 0.0111642 2.89666e-06 0.0931494 0.730427 0.031037 1.28671e-06 2.78947e-06 5.26346e-06 0.0171208 0.00496013 0.0047918 2.14334e-08 0.00200053 
3.63983e-05 0.0587543 2.27376e-05 0.0774211 0.0210963 0.000147696 0.00940535 9.70755e-08 0.0115693 0.613616 0.010943 6.26603e-06 0.0063404 0.00276565 0.00232471 0.00739752 0.174868 2.85589e-06 0.00328253 
4.26785e-06 5.76696e-08 2.16519e-12 0.00101467 0.000355735 0.000193361 0.000387002 3.31356e-12 0.0141159 0.960523 0.00799006 4.29832e-06 0.00159378 1.1427e-05 3.34045e-08 0.000752181 8.99056e-05 1.07184e-10 0.0129647 
5.00261e-05 0.00198058 4.91905e-07 0.00118835 0.000369774 7.14009e-05 0.031075 2.57907e-10 0.00374582 0.959469 0.000964571 2.47427e-05 0.000323726 2.18752e-10 9.79825e-05 2.39331e-07 0.000107247 1.77897e-05 0.000513657 
0.000201241 0.014884 0.195521 1.14066e-05 0.000181886 1.28267e-06 0.00764308 5.90094e-10 1.81798e-06 0.751692 0.0259936 9.83948e-05 6.63329e-05 5.00506e-10 0.00304478 5.78804e-07 3.75819e-07 3.16061e-06 0.000654456 
7.99862e-05 0.0438622 3.33338e-05 0.000145 0.0817513 0.000620798 0.00321117 1.62037e-07 0.044776 0.796867 0.000272327 7.41698e-08 0.0207857 0.000750935 0.000273726 0.00265508 0.0035979 1.23541e-05 0.000305367 
0.000471131 0.0115817 0.0638192 3.51001e-05 0.00529337 1.52301e-07 0.0369193 0.00115641 0.0227545 0.625715 0.0391109 1.70889e-07 6.27072e-05 3.16658e-07 2.30034e-05 0.173591 0.0182746 8.98425e-05 0.00110146 
0.222092 0.051361 0.121498 0.0084611 0.0105787 0.000384726 0.00476118 3.59051e-06 0.0401801 0.443105 0.00511685 0.0158892 0.0714911 1.24615e-07 5.73145e-05 0.00386696 0.000378889 2.2836e-07 0.000773699 
1.42672e-05 0.0379881 6.0497e-06 0.0350246 0.00868414 0.0024159 0.0201829 5.40631e-07 0.0167652 0.798492 0.0254219 0.000124838 0.00261925 0.000227151 0.0346617 0.000113311 0.014907 4.96728e-06 0.00234599 
0.000126217 0.0362487 4.08315e-05 0.021766 0.0256491 0.000368047 0.0042929 0.00136695 0.0156079 0.809506 0.0361871 0.000680176 0.00512857 0.00079246 0.000463611 0.00712557 0.000669584 0.000150157 0.0338304 
1.37611e-05 0.0312322 4.57813e-05 0.263033 0.255839 0.00734447 0.00664273 9.28957e-09 0.00155519 0.321896 0.104925 0.000195187 0.000804188 6.57161e-07 0.0021586 0.00133997 0.00187258 7.78236e-06 0.00109333 
0.00437569 0.0286195 1.24211e-05 4.36095e-06 3.71517e-06 5.78659e-10 0.00443232 1.41848e-09 9.96145e-06 0.832395 7.83553e-06 9.74577e-07 0.120131 4.57306e-06 1.49174e-10 1.09082e-05 1.26176e-05 9.66891e-07 0.0099785 
0.000294623 0.0831008 0.00713433 0.00920801 0.181951 0.00418095 0.000263328 2.64881e-09 0.043632 0.345417 0.248729 0.00237603 0.00180723 0.00521144 0.0137178 0.0319213 0.00311153 0.00114151 0.0168022 
0.0105133 0.0177952 2.11555e-05 0.00119351 0.0408607 1.89148e-06 0.00161307 6.07375e-05 0.0106918 0.55994 0.00714463 7.67899e-05 0.00297053 0.00105085 9.66357e-05 9.06158e-06 1.18282e-09 0.3441 0.00186061 
0.00122093 0.00122124 0.00121973 0.00122116 0.0012211 0.00122034 0.00122087 0.00121888 0.0012212 0.97803 0.00122122 0.00122022 0.00122092 0.00121925 0.00122108 0.00122104 0.00122078 0.00121948 0.00122075 
0.000107427 0.0121847 0.00138596 0.0446163 0.000973044 5.45213e-06 0.00302685 1.30789e-08 0.0604337 0.776768 0.0824982 0.000465135 0.000276653 1.10933e-08 0.0054846 0.00602744 0.000914596 0.000135948 0.00469599 
7.8938e-05 0.016222 0.000890787 0.00967902 0.0726438 0.000441291 0.0289611 4.31699e-05 0.167743 0.437589 0.0145099 0.000299269 0.00851937 9.49207e-09 1.98131e-05 0.234928 0.00021052 0.00640325 0.000818117 
0.00413112 1.14319e-06 5.8047e-07 0.00268519 0.0155329 0.00255675 0.000344334 4.50228e-11 0.306913 0.516409 0.00415968 0.000499111 0.136138 0.000675999 1.51394e-06 0.00920898 0.000108811 2.91925e-07 0.000633322 
0.00123307 0.00934844 0.000473211 0.0136624 0.0161104 0.00158615 0.00284109 3.00841e-08 0.0073592 0.85141 0.0333513 0.000171573 0.00913593 0.0460284 0.000234391 0.00524113 0.000224831 0.00120882 0.000379166 
0.000188641 0.00444306 0.00391648 0.0251061 0.119373 0.000115209 0.034818 1.27234e-10 0.00105187 0.7254 0.0789875 1.48454e-07 0.00320873 2.7898e-06 4.50147e-07 2.37457e-06 2.9019e-11 0.00102698 0.00235904 
2.87114e-10 0.0689723 2.04164e-06 0.000196098 3.34534e-08 7.07727e-10 6.09037e-05 1.73486e-09 3.37847e-06 0.893786 0.0369724 7.94108e-10 4.88935e-06 1.47148e-09 1.82447e-10 2.12436e-10 1.78096e-06 1.31249e-09 4.14918e-10 
3.41272e-05 0.0056802 1.74635e-06 0.00090907 1.29761e-06 1.08634e-06 6.25895e-06 6.72019e-09 1.59484e-05 0.993276 1.66631e-06 1.45485e-06 1.12728e-09 5.69994e-09 2.50866e-07 6.48677e-05 4.65828e-06 5.1497e-07 8.26526e-07 
0.0126422 3.25288e-11 0.115018 9.05597e-07 9.38852e-07 3.4413e-10 1.6218e-10 8.43573e-10 4.65362e-11 0.860002 4.08395e-11 4.39037e-05 1.41505e-10 7.15503e-10 9.76746e-08 1.03296e-10 1.92399e-10 0.0122909 1.41429e-07 
0.0277376 0.0531996 6.23548e-06 0.0512938 0.195636 0.00662577 0.00579738 1.12505e-11 0.108434 0.428594 0.0282558 0.00160098 0.0582238 0.000775797 0.00132855 0.0124473 0.00438068 4.8762e-05 0.0156134 
1.73736e-05 0.00646355 0.00127042 0.00593627 0.0206206 1.03086e-05 0.0259332 3.00892e-07 0.00597518 0.923159 0.00493115 0.000112264 1.2184e-05 2.55211e-07 5.62439e-05 0.000488551 0.00107411 0.00365228 0.000286752 
0.0133855 0.0198456 0.0052768 0.04117 0.0179431 0.000399467 0.00192894 3.21332e-09 0.014276 0.835678 0.0352637 0.000347657 6.65375e-05 7.95839e-06 0.00991593 0.00159627 1.77709e-05 2.57649e-05 0.00285529 
0.000860669 0.00695057 0.000671186 0.00921063 0.39648 2.25294e-05 0.000751324 7.35597e-08 1.50943e-06 0.556279 0.0203449 0.000286624 0.00027132 6.23919e-08 0.0028624 0.00148273 0.0022671 0.00113527 0.000121906 
0.00152845 0.0599205 0.0186273 0.00355861 0.00470412 0.00757573 0.0817355 0.00536191 0.0572211 0.384341 0.0907633 0.199603 0.0729609 5.07951e-05 0.000442485 0.00975995 0.00135401 3.07555e-06 0.000487411 
8.0824e-05 0.176159 0.00169695 0.205746 0.0303425 2.6994e-05 0.0213999 1.83264e-10 0.00637539 0.39473 0.0983651 0.00167267 0.000505679 1.94986e-05 0.030771 0.000422008 0.00529194 9.57838e-06 0.0263862 
0.000479324 0.0981191 1.49478e-07 0.00640275 0.00504173 0.000323523 0.0182517 6.61133e-12 0.236059 0.616642 0.015386 0.000849898 1.63138e-07 1.40756e-07 0.000129765 0.000225459 0.0012892 8.50791e-09 0.000800731 
0.000775573 0.155679 0.00440209 0.0769543 0.023088 0.00192397 0.0372933 0.00487506 0.0931737 0.373722 0.171857 0.00713706 0.00701431 0.000374963 0.014695 0.0182682 0.00575733 0.000585948 0.00242358 
0.00011966 0.19635 0.0230783 1.286e-06 0.055015 2.65547e-10 9.63099e-07 6.5094e-10 5.05541e-07 0.622675 0.0997842 0.000547712 0.00151071 5.52115e-10 0.000305132 4.65702e-07 1.48464e-10 1.50524e-06 0.000609298 
0.000484383 0.0238551 3.0106e-05 0.00297772 0.0302622 0.00184126 0.012803 4.6057e-07 0.0114378 0.832189 0.030956 9.37324e-05 0.0211649 0.0029453 4.91077e-06 0.028288 0.000363974 0.000290019 1.25094e-05 
8.73143e-05 0.00445854 0.000158426 0.013837 0.00225762 0.00055152 0.0796707 4.50205e-05 0.0373165 0.750246 0.0292426 1.06915e-05 0.0152412 0.0547791 0.000288555 0.0106972 3.19458e-06 1.22472e-08 0.00110917 
7.99807e-06 0.0654379 0.0328732 0.0164832 0.000178668 0.000155847 0.182716 3.69691e-06 0.0201735 0.621655 0.04971 0.00182212 0.00011782 2.98564e-08 0.000213363 0.00288824 0.000349847 3.14226e-05 0.00518211 
0.000281731 0.0989847 0.0087623 0.0453359 0.0136044 0.00113349 0.00214876 6.4354e-07 0.0249322 0.56204 0.189282 0.000116527 0.00238772 9.23289e-07 2.11295e-05 0.0333529 0.0136033 0.000179692 0.00383172 
1.46437e-05 0.00452008 3.28661e-09 0.000328389 0.00144476 0.000520296 0.00369216 7.64918e-12 0.0455878 0.885984 0.0268488 4.91856e-05 0.00477979 0.000111248 2.75175e-08 0.0125688 0.000234679 1.28907e-10 0.0133151 
8.81247e-05 0.0455185 0.00247621 0.0496233 0.00647225 0.0225608 0.171567 2.65549e-07 0.0179604 0.650874 0.0146417 0.000348983 0.00156267 0.00285005 0.0113689 0.00130329 0.000656182 2.82121e-05 9.9296e-05 
5.00261e-05 0.00198058 4.91905e-07 0.00118835 0.000369774 7.14009e-05 0.031075 2.57907e-10 0.00374582 0.959469 0.000964571 2.47427e-05 0.000323726 2.18752e-10 9.79825e-05 2.39331e-07 0.000107247 1.77897e-05 0.000513657 
1.30493e-08 0.0100889 1.75031e-05 5.75792e-09 0.000168917 1.07705e-06 0.0665032 7.88498e-08 0.100543 0.800149 0.00134454 3.60923e-08 3.20416e-07 0.0166554 8.29225e-09 0.00234908 0.00217892 5.96527e-08 1.88581e-08 
0.000103502 0.0161409 0.000233224 0.0128107 0.00683498 0.000672831 0.00221025 7.20769e-08 0.028895 0.897999 0.0177069 0.000130677 0.0010676 0.00105782 0.000529179 0.0115972 0.000127881 2.3756e-05 0.00185836 
0.000255553 0.121726 0.0123909 0.0538283 0.119554 0.000127026 0.0680497 3.02342e-06 0.0939925 0.344649 0.122065 0.000422824 0.00157873 0.000721099 0.00370035 0.0115603 0.0222015 0.000664972 0.0225107 
7.21009e-06 0.0701195 9.49504e-08 8.76035e-05 0.0222351 0.0159124 0.0243946 1.4531e-07 0.016346 0.714506 0.102055 5.63854e-05 0.00763906 1.23249e-07 0.000526364 0.015021 0.0110358 1.09932e-07 5.75841e-05 
3.53837e-05 0.0441691 0.00240105 7.99505e-12 5.11533e-07 4.46639e-11 3.09439e-07 1.09485e-10 0.00652666 0.873483 0.0733816 5.01153e-11 1.83656e-11 9.28634e-11 2.48715e-07 1.34066e-11 3.44625e-07 4.88778e-07 7.77722e-07 
0.0359928 0.00026962 4.13968e-06 0.00744929 0.00904371 0.00722206 0.000439357 2.54582e-12 0.0842689 0.755697 0.0167606 0.00140128 0.0354209 0.000528943 0.000173435 0.00478685 5.78188e-05 1.43069e-07 0.0404836 
1.20696e-06 0.0914723 1.18234e-05 0.0134849 0.00878435 0.00301812 0.0244115 8.42955e-09 0.0656959 0.266955 0.151267 0.2261 0.000970428 0.0266048 0.116542 0.000559822 0.000255456 9.81406e-07 0.00386446 
0.00875834 0.00914341 1.39783e-05 0.111821 0.00878204 0.000266779 0.169471 2.55289e-05 0.0037499 0.512147 0.127042 0.00319108 7.49018e-05 3.50082e-05 0.000167109 0.0414561 0.00260492 0.000294152 0.000956303 
0.00032618 0.167644 0.00338841 0.00325983 0.00971663 0.000153442 0.0686062 0.049648 0.109487 0.352 0.150271 0.0398176 0.000820002 0.000138235 0.0272824 0.00490051 0.000374967 6.3433e-07 0.0121645 
1.41378e-07 0.154055 6.21595e-05 0.00649038 0.0297644 0.00301047 0.027372 6.69584e-08 0.154479 0.432638 0.0256332 3.06492e-08 0.0240787 0.00441102 0.0010058 0.124123 0.00284941 5.22806e-05 0.00997351 
2.32187e-05 0.158071 0.000147181 0.00953952 0.0115081 0.00106896 0.244041 1.19943e-05 0.0285611 0.357627 0.141633 8.65171e-06 0.000930373 3.08593e-08 0.000261943 0.00725232 5.16784e-05 2.7525e-08 0.0392624 
0.000160817 0.0798866 0.00110501 0.000975647 0.0119319 0.00511283 0.0124742 8.91669e-07 0.171409 0.6627 0.0300778 9.39175e-05 0.00100584 0.000105324 0.00584346 0.0151351 0.00183695 1.29894e-05 0.000131963 
0.00220844 0.0448225 0.00123816 0.0247294 0.0692065 0.000719814 0.0315284 5.7841e-07 0.0118587 0.556178 0.0628577 0.122929 0.0391621 0.0198605 0.0013681 0.00208624 0.00741873 1.50342e-06 0.00182563 
4.48803e-08 1.71103e-06 5.62166e-10 0.000226368 0.00119249 3.44417e-07 3.72278e-07 5.95577e-07 0.0031307 0.99461 1.79597e-07 1.26606e-07 3.02148e-07 1.19958e-07 6.20654e-08 0.000792638 5.72293e-08 4.33286e-05 1.23045e-07 
1.80191e-05 0.00929706 3.35375e-05 0.00137589 0.000564242 0.000655978 0.00217881 6.17578e-12 0.0473738 0.88824 0.0247168 2.10248e-05 0.00226471 1.78335e-05 0.00548504 0.00159677 0.001607 4.62531e-10 0.0145533 
0.000138734 0.199174 0.00496327 0.0620004 0.0567316 3.04221e-05 0.0149063 7.09526e-09 0.00845467 0.567194 0.0567561 0.000176341 0.00247425 6.01806e-09 0.0045289 0.000366227 0.000149293 7.17297e-05 0.021883 
0.000251658 0.0222949 0.00211776 0.0049274 0.0425937 0.0122906 0.0012893 9.52957e-09 0.00892162 0.554759 0.0292783 4.31111e-05 0.00223672 4.52095e-06 8.0775e-05 1.59692e-06 0.318814 7.20946e-09 9.47409e-05 
1.60203e-05 0.110979 0.00187775 0.0154567 0.279305 9.11598e-05 0.0529697 4.64084e-08 0.0367848 0.353372 0.0805835 0.0027486 0.00879335 0.00242525 7.48489e-05 0.0296609 0.00535968 0.00259952 0.016903 
0.000235717 0.184707 1.46285e-08 0.0668743 0.0149826 0.00299895 0.225683 2.23872e-08 0.0905592 0.250627 0.138583 8.1321e-05 0.0115705 1.89884e-08 0.00050493 0.00235339 0.00534467 1.69367e-08 0.0048945 
0.00039269 0.0537519 0.0172037 0.079679 0.18662 2.98167e-06 0.0176511 1.83617e-09 0.124775 0.425573 0.045603 5.44949e-05 0.000490912 4.012e-07 0.000470829 0.0419228 0.00399832 0.00172587 8.39028e-05 
0.00413112 1.14319e-06 5.8047e-07 0.00268519 0.0155329 0.00255675 0.000344334 4.50228e-11 0.306913 0.516409 0.00415968 0.000499111 0.136138 0.000675999 1.51394e-06 0.00920898 0.000108811 2.91925e-07 0.000633322 
0.00253902 0.0143045 0.00132957 0.00427799 0.319467 2.21594e-05 0.00388278 1.35748e-09 0.00711757 0.455434 0.153636 0.00196752 0.000658354 0.0212692 1.51634e-07 0.00143337 0.00980542 0.000583575 0.00227241 
4.94335e-06 2.41464e-05 6.38616e-08 7.13681e-09 9.37601e-09 1.09068e-05 0.000149729 9.77325e-08 0.0530595 0.944658 0.00012773 7.6845e-05 0.000517051 4.12837e-05 4.54303e-05 0.00122445 5.61317e-05 7.39381e-08 3.64605e-06 
0.000511518 0.0849365 0.206589 0.00826489 0.0523362 0.0013696 0.00788993 3.54999e-07 0.0470685 0.516544 0.0194196 0.000732711 0.000778588 1.73646e-05 0.0299524 0.0026222 0.0204647 0.000156657 0.000344806 
1.54842e-05 0.00103404 4.14971e-08 2.65018e-06 0.000194778 0.00194872 0.0403617 6.35063e-08 0.0630398 0.863926 0.0285046 2.88208e-06 5.83895e-06 5.38648e-08 5.86211e-05 1.12399e-06 0.000816822 1.05007e-06 8.59284e-05 
3.38686e-07 0.00511633 4.86612e-06 6.37437e-07 0.00294133 1.05675e-06 0.0899555 2.6147e-08 0.0960701 0.733008 0.0506493 1.08549e-07 9.88508e-07 2.21774e-08 6.23814e-07 0.0219991 0.000242838 5.1947e-07 8.05894e-06 
0.00025609 0.0147165 0.000130496 0.0144063 0.00202178 2.14931e-07 0.0175289 1.77965e-09 0.00854689 0.746011 0.127827 0.00226148 0.00446054 1.74227e-07 0.0290138 0.00172917 0.00127254 0.0295257 0.000291781 
1.12291e-05 0.11356 8.87257e-08 0.00936077 0.0255724 4.81014e-10 0.0151637 1.17912e-09 0.0717968 0.714517 0.0452071 0.00046853 0.00130954 4.80509e-07 0.00156096 0.00125527 5.53228e-05 8.92045e-10 0.000161647 
0.000605372 0.0520024 0.00315327 0.0304082 0.00249638 0.000277836 0.0175775 6.9059e-09 0.00544348 0.702404 0.121234 0.000333885 0.0139681 1.5156e-06 0.0170723 0.0140806 0.0119728 0.000638447 0.00632969 
0.000196514 4.79283e-06 0.000325127 0.00356304 0.00254606 6.03775e-06 0.00093987 1.14851e-08 0.000553191 0.982482 0.00823632 0.000223239 2.21411e-06 0.000275886 4.82483e-07 6.75728e-07 1.01551e-06 7.2712e-06 0.000636744 
0.000894458 0.0995867 0.00011577 0.0503949 0.14622 0.0754322 0.00203115 1.12087e-07 0.0836799 0.30808 0.0545489 0.000604446 0.00918175 2.81027e-05 0.00126693 0.16419 0.00116633 3.42855e-06 0.00257472 
1.09857e-05 0.237609 0.000586676 0.00265388 0.0268734 9.74216e-05 0.000341599 0.000140781 0.0995161 0.624669 0.00272594 7.56356e-05 0.00179481 0.00013695 0.000904167 0.0016136 0.000179562 2.01544e-05 5.0598e-05 
0.000187293 0.0723897 0.00723326 0.0230373 0.0349536 1.47813e-05 0.0180669 5.20835e-08 0.0147422 0.76629 0.0322608 0.000124094 0.00208031 0.000231794 0.0263787 0.00126627 3.05147e-05 6.15614e-05 0.000651014 
1.35737e-07 0.0410161 1.26685e-05 0.00071515 0.00977027 0.000601499 0.00263639 4.16347e-07 0.39897 0.536085 0.00919267 5.32099e-06 0.000165313 2.10702e-07 0.000164831 1.56915e-05 0.000185486 6.69399e-08 0.00046327 
0.0810511 0.0468547 0.1871 0.0738605 0.0477829 0.000260657 0.0122963 6.11408e-10 0.095614 0.301992 0.0289941 0.0482117 0.0616702 3.1993e-05 9.98117e-07 0.00704643 0.000620052 5.88978e-05 0.0065543 
0.000111968 0.026401 0.00517739 0.00639794 0.100922 0.000388078 0.00118564 0.0117724 0.0478557 0.721049 0.0220832 0.0015101 0.00671156 0.0157845 1.9911e-05 0.0187543 0.00690363 0.00648509 0.000486965 
6.53997e-06 0.213558 1.22506e-05 0.0125877 1.20985e-05 3.96337e-06 0.00589111 3.39317e-08 0.147384 0.55171 0.0280826 8.70539e-06 0.0379925 0.000849629 1.77255e-06 0.000154804 2.0555e-06 2.56705e-08 0.0017426 
0.000236596 0.0173577 0.000126344 0.0821688 0.0177498 0.00114699 0.0214199 2.27784e-07 0.120076 0.654583 0.0235456 0.00261851 0.0454049 0.00147814 0.00213325 0.00767859 0.000481967 0.00088559 0.000907733 
8.18705e-07 0.0326198 0.193772 0.00351941 0.00247901 6.2307e-07 1.35619e-06 5.3789e-10 0.000893868 0.70351 0.0421388 0.00018482 0.00336194 4.9989e-07 0.0023806 2.81144e-07 0.000532816 0.0138649 0.000739106 
0.000232769 0.00973041 0.000766977 0.154292 0.264439 0.0013634 0.000521961 1.14675e-05 0.0305322 0.443003 0.0411563 0.000911687 0.00268817 0.000438668 0.00108482 0.0222249 0.0022626 0.000564117 0.023775 
5.27996e-05 0.0863373 2.10979e-05 0.172984 0.0026412 0.00044323 0.02171 2.41288e-07 0.151941 0.389585 0.0877795 0.0131315 0.00362327 0.000193909 0.000156633 0.0434956 0.00166173 0.000927212 0.0233144 
