0.895278 9.99853e-05 0.104622 
0.19018 9.98179e-06 0.80981 
0.707742 0.000119658 0.292139 
0.0234817 0.223076 0.753442 
0.0798311 0.863944 0.056225 
0.143389 3.49282e-05 0.856576 
0.038687 0.0994207 0.861892 
0.0870515 0.126629 0.78632 
0.0933084 0.000135493 0.906556 
0.0719116 0.359035 0.569053 
0.430495 0.00359414 0.565911 
0.0249052 0.118797 0.856298 
0.000594084 0.987246 0.0121595 
0.100207 0.00172711 0.898066 
0.389173 0.000835133 0.609992 
0.0409487 0.000424106 0.958627 
0.686364 0.00170403 0.311932 
0.475818 0.0165712 0.507611 
0.116176 0.0150728 0.868751 
0.328928 0.105288 0.565784 
0.179965 6.36184e-05 0.819971 
0.000594084 0.987246 0.0121595 
0.511791 0.0154479 0.472761 
0.00381124 0.00036479 0.995824 
0.120645 0.000138693 0.879216 
0.245189 0.0016073 0.753204 
0.107939 0.0121804 0.87988 
0.000594084 0.987246 0.0121595 
0.864023 0.00162781 0.13435 
0.138207 0.789812 0.0719807 
0.610388 0.0158941 0.373718 
0.122489 0.841309 0.0362018 
0.464146 0.0132077 0.522647 
0.000594084 0.987246 0.0121595 
0.111956 1.70279e-07 0.888043 
0.137388 0.027034 0.835578 
0.910995 0.0125838 0.0764216 
0.0224661 0.0191731 0.958361 
0.162062 0.0226936 0.815245 
0.0628437 0.188573 0.748583 
0.494358 0.0054447 0.500197 
0.114774 0.385084 0.500142 
0.0476952 4.24462e-05 0.952262 
0.0654341 0.00148751 0.933078 
0.0119332 0.00195141 0.986115 
0.760599 0.0237282 0.215673 
0.0163842 0.0163909 0.967225 
0.958362 1.60337e-06 0.0416359 
0.118959 0.00790873 0.873132 
0.0697264 0.00886973 0.921404 
2.00077e-05 0.0125105 0.987469 
0.0309761 0.916921 0.0521033 
0.000594084 0.987246 0.0121595 
0.124028 0.000587161 0.875385 
0.286021 0.127675 0.586304 
0.142403 0.469062 0.388535 
0.00330463 0.0032972 0.993398 
0.831098 0.0193335 0.149569 
0.117498 0.000114749 0.882387 
0.99012 0.000590519 0.00928927 
0.395093 0.581176 0.023731 
0.962111 0.00114885 0.0367404 
0.719431 0.00484458 0.275725 
0.0368534 0.000483576 0.962663 
0.11188 0.00105068 0.887069 
0.208154 0.00336571 0.78848 
0.693658 5.94059e-05 0.306283 
0.698359 6.07831e-07 0.301641 
0.12514 0.0728235 0.802037 
0.100435 0.571414 0.328151 
0.0230567 0.00323379 0.97371 
0.066004 0.0376516 0.896344 
0.704177 0.000858079 0.294965 
0.0300912 0.00012587 0.969783 
0.020907 0.000519962 0.978573 
0.0515683 0.0205475 0.927884 
0.122928 0.0410627 0.836009 
0.110392 0.000445815 0.889162 
0.938275 0.000405116 0.0613198 
0.0545873 0.0132534 0.932159 
0.0361249 0.000471545 0.963404 
0.108853 0.000286119 0.890861 
4.02562e-06 4.0251e-06 0.999992 
0.333368 0.0817299 0.584902 
0.0220573 0.770898 0.207045 
0.622323 0.0563614 0.321316 
0.0375591 0.000398266 0.962043 
0.242907 0.551506 0.205587 
0.276501 4.43853e-06 0.723495 
0.262172 0.21085 0.526978 
0.0333207 0.469935 0.496744 
0.0520728 0.00644738 0.94148 
0.0479804 0.000338159 0.951681 
0.0639109 0.000856789 0.935232 
0.187549 0.00011133 0.81234 
0.0149129 2.39382e-09 0.985087 
0.0516003 0.000624493 0.947775 
0.707742 0.000119658 0.292139 
0.364418 0.000186105 0.635396 
0.851824 0.000459926 0.147716 
0.0172652 0.000327949 0.982407 
0.0402346 0.0120253 0.94774 
0.0163842 0.0163909 0.967225 
0.329926 0.00494799 0.665126 
-nan -nan -nan 
0.637343 0.0131854 0.349472 
0.000594084 0.987246 0.0121595 
0.149161 0.00271389 0.848125 
0.26461 1.1154e-06 0.735389 
0.902269 0.000500483 0.097231 
0.831282 0.0549198 0.113798 
0.419168 0.0177967 0.563035 
0.023228 1.36413e-05 0.976758 
0.103164 0.703056 0.19378 
0.250861 0.0953175 0.653821 
0.296078 1.96586e-05 0.703902 
0.0732526 0.657918 0.26883 
0.0937072 0.00869868 0.897594 
0.0842001 0.262992 0.652808 
0.078457 0.00162875 0.919914 
0.0418444 7.36634e-05 0.958082 
0.13286 0.000257418 0.866882 
0.27193 0.146983 0.581088 
0.80918 0.000290495 0.190529 
0.733834 2.05205e-05 0.266145 
0.0628437 0.188573 0.748583 
0.270916 0.00298235 0.726102 
0.0429571 0.0202072 0.936836 
0.128101 0.582037 0.289862 
0.0512832 5.31827e-09 0.948717 
0.0836335 0.00368815 0.912678 
0.105547 6.25466e-05 0.89439 
0.000594084 0.987246 0.0121595 
0.123905 0.00787676 0.868218 
0.253516 0.0343658 0.712118 
0.00070027 0.000345484 0.998954 
0.0784346 0.772133 0.149432 
0.174104 0.0184532 0.807443 
0.0710605 0.359283 0.569657 
0.989058 0.0040413 0.00690108 
0.396545 0.00145267 0.602003 
0.0878295 0.0120516 0.900119 
0.083179 0.0501456 0.866675 
0.26863 0.00171231 0.729657 
0.584344 0.0012127 0.414443 
0.198995 0.000144429 0.80086 
0.00568671 0.000261839 0.994051 
0.176764 0.000459912 0.822776 
0.218142 0.0018885 0.779969 
0.000476582 0.0125003 0.987023 
0.322002 0.00291266 0.675085 
0.231763 0.0154124 0.752825 
2.00077e-05 0.0125105 0.987469 
0.61206 0.00524551 0.382694 
0.000594084 0.987246 0.0121595 
0.0819008 0.000524274 0.917575 
0.0272083 0.00491664 0.967875 
0.800133 0.00170377 0.198163 
0.000594084 0.987246 0.0121595 
0.0197854 0.000556329 0.979658 
0.166122 0.433547 0.400331 
0.246382 0.0014662 0.752152 
0.217488 0.00984854 0.772664 
0.186128 0.0767536 0.737119 
0.77554 4.00157e-05 0.22442 
0.662196 0.00737008 0.330434 
0.0607522 0.00928843 0.929959 
0.14582 0.00122187 0.852958 
0.0388411 0.411442 0.549717 
0.28085 6.3965e-05 0.719087 
0.0138967 0.0034635 0.98264 
0.0760206 0.000547065 0.923432 
0.462827 9.77768e-05 0.537075 
0.0392057 0.925097 0.0356977 
0.083197 2.64628e-06 0.9168 
0.607573 0.000868456 0.391558 
0.99012 0.000590519 0.00928927 
0.125029 0.00255807 0.872413 
0.082199 0.627379 0.290422 
0.0705964 0.0290761 0.900327 
0.563851 0.0348879 0.401261 
0.0450098 0.00347465 0.951516 
0.0907095 0.000355263 0.908935 
0.374555 0.000748136 0.624697 
0.315398 0.00126308 0.683339 
0.130016 0.0298731 0.840111 
0.89731 0.0242222 0.0784673 
0.0403459 0.736482 0.223172 
0.187649 0.00420056 0.808151 
0.0704576 0.00408568 0.925457 
0.0677461 0.63058 0.301674 
0.61753 0.000505567 0.381965 
0.987391 3.72443e-11 0.0126089 
0.0851651 0.0210942 0.893741 
0.0137627 0.000170528 0.986067 
0.0303711 0.0856514 0.883977 
0.179359 0.661044 0.159596 
0.39677 0.000401171 0.602829 
0.000594084 0.987246 0.0121595 
0.908804 0.000502117 0.0906941 
0.235431 0.728072 0.0364971 
0.437273 0.00315557 0.559571 
0.218211 0.0167264 0.765063 
0.64465 0.000130506 0.35522 
0.138105 0.00179283 0.860103 
0.940513 0.00011186 0.0593748 
0.000594084 0.987246 0.0121595 
0.128101 0.582037 0.289862 
0.0164506 0.0393511 0.944198 
0.59247 0.00831697 0.399213 
0.047324 0.00146594 0.95121 
0.0837133 0.000201725 0.916085 
0.0817375 0.00182787 0.916435 
0.0382472 0.0655304 0.896222 
0.0136063 0.0185502 0.967843 
0.254346 0.649575 0.0960784 
0.0500313 0.0195983 0.93037 
0.0163842 0.0163909 0.967225 
0.0365745 9.32772e-07 0.963425 
0.299172 0.00672928 0.694099 
0.7608 0.0416839 0.197516 
0.125029 0.00255807 0.872413 
0.0189177 0.00108628 0.979996 
0.020828 0.0238453 0.955327 
0.000594084 0.987246 0.0121595 
0.143268 0.173511 0.683221 
0.520195 0.00331765 0.476488 
0.125029 0.00255807 0.872413 
0.0606265 2.78239e-05 0.939346 
0.000594084 0.987246 0.0121595 
0.137078 0.720786 0.142136 
0.274381 0.148931 0.576688 
0.000594084 0.987246 0.0121595 
0.0720728 1.31618e-06 0.927926 
0.000594084 0.987246 0.0121595 
0.0628437 0.188573 0.748583 
0.103858 0.181571 0.714572 
0.0586725 0.000236207 0.941091 
0.00956373 1.50068e-05 0.990421 
0.312527 0.0122774 0.675195 
0.00147757 0.0124382 0.986084 
0.165783 0.000163506 0.834054 
0.100912 0.00948329 0.889604 
0.18066 0.00640842 0.812931 
0.939991 0.000356604 0.0596519 
0.869395 2.29714e-05 0.130583 
0.0307918 0.000177879 0.96903 
0.00457056 0.00124966 0.99418 
0.0381353 0.0281306 0.933734 
0.222306 0.046482 0.731212 
0.0162178 0.000223186 0.983559 
0.46935 0.0129395 0.51771 
0.0623155 0.000928368 0.936756 
0.000594084 0.987246 0.0121595 
0.585197 0.00310307 0.411699 
0.842385 0.000361006 0.157254 
0.482334 3.33077e-05 0.517633 
0.0150468 0.00671801 0.978235 
0.0609439 0.000349504 0.938707 
0.122489 0.841309 0.0362018 
-nan -nan -nan 
0.0328144 0.00308703 0.964099 
0.463952 0.0194818 0.516566 
0.892199 0.00134647 0.106455 
2.75139e-05 6.92212e-05 0.999903 
0.024165 0.00908257 0.966752 
0.315212 0.00285125 0.681936 
0.227798 9.45853e-05 0.772108 
0.0728738 0.434703 0.492424 
0.108235 1.00397e-08 0.891765 
0.239476 0.00630885 0.754216 
0.0614864 0.0211583 0.917355 
0.687312 0.000791754 0.311897 
0.30667 0.00301594 0.690314 
0.595017 0.000170113 0.404813 
0.158966 0.00313556 0.837899 
0.731297 0.00310034 0.265603 
0.014425 0.000111451 0.985464 
0.0696829 5.17133e-06 0.930312 
0.0396861 0.00133991 0.958974 
0.707742 0.000119658 0.292139 
0.0356387 0.00298649 0.961375 
0.136104 0.0410589 0.822837 
0.625948 0.11874 0.255312 
0.129992 4.83579e-05 0.86996 
0.65014 2.73882e-07 0.34986 
0.000594084 0.987246 0.0121595 
0.942061 4.71504e-05 0.0578915 
0.0430196 0.00147098 0.955509 
0.940865 0.00045268 0.0586828 
0.111485 0.000201512 0.888314 
0.29916 0.00180901 0.699031 
0.00345222 0.00523346 0.991314 
0.983837 0.0026549 0.0135078 
0.156805 0.186341 0.656854 
0.0508571 0.0434155 0.905727 
0.20433 0.0641211 0.731549 
0.0385739 1.59045e-09 0.961426 
0.000594084 0.987246 0.0121595 
0.635048 0.035324 0.329628 
0.0900105 1.31851e-05 0.909976 
0.0686055 0.386822 0.544572 
0.0906434 0.000404056 0.908953 
0.260356 0.0501283 0.689516 
0.00794466 0.0547552 0.9373 
0.0405902 8.179e-05 0.959328 
0.0248246 0.00754687 0.967629 
0.435126 0.000814511 0.56406 
0.661043 0.0179973 0.32096 
4.25468e-05 4.25412e-05 0.999915 
0.137176 0.112839 0.749986 
0.0382524 0.00647451 0.955273 
0.687371 0.116854 0.195775 
0.0252531 0.0424364 0.932311 
0.315969 0.482531 0.201501 
0.0764311 0.00359414 0.919975 
0.122489 0.841309 0.0362018 
0.018763 0.005767 0.97547 
0.0227796 0.00196565 0.975255 
0.0661392 0.0286387 0.905222 
0.991688 0.00232522 0.00598723 
0.405111 0.0402962 0.554593 
0.889222 3.31987e-07 0.110778 
0.641122 0.012199 0.346679 
0.0154323 0.962161 0.0224063 
0.962343 0.00145028 0.0362069 
0.962343 0.00145028 0.0362069 
0.000594084 0.987246 0.0121595 
0.0554821 0.000164841 0.944353 
0.393517 0.00582813 0.600655 
0.328928 0.105288 0.565784 
0.000594084 0.987246 0.0121595 
0.235431 0.728072 0.0364971 
0.957089 3.28957e-06 0.0429079 
0.105453 0.0281029 0.866444 
0.517734 0.00661201 0.475654 
0.0571607 5.08525e-05 0.942788 
0.23848 0.0732023 0.688318 
0.000594084 0.987246 0.0121595 
0.999641 3.66091e-06 0.000355264 
0.0846127 0.173456 0.741931 
0.0179479 0.00140343 0.980649 
0.212294 0.00157561 0.78613 
0.141314 0.000306722 0.858379 
0.0965 0.396092 0.507408 
0.00411405 0.00045957 0.995426 
0.627433 0.00532814 0.367239 
0.000594084 0.987246 0.0121595 
0.196426 0.0427724 0.760802 
0.111174 0.000174752 0.888652 
0.120668 0.0162109 0.863121 
0.265315 2.88939e-05 0.734656 
0.00456131 6.63769e-05 0.995372 
0.0957548 0.000231602 0.904014 
0.211621 0.00624453 0.782135 
0.000594084 0.987246 0.0121595 
0.103354 0.00922801 0.887418 
0.00411194 0.000711107 0.995177 
0.0105575 0.0165826 0.97286 
0.129396 0.419426 0.451178 
0.104114 0.015307 0.880579 
0.151713 0.748964 0.0993232 
0.142403 0.469062 0.388535 
0.150497 0.0464256 0.803078 
0.109824 0.0548165 0.835359 
0.153121 0.00255406 0.844325 
0.0399115 0.835218 0.124871 
0.991703 1.56089e-05 0.00828112 
0.0351842 0.000478981 0.964337 
0.0441949 0.00163607 0.954169 
0.040981 0.000510484 0.958509 
0.269682 0.0243515 0.705966 
0.0952487 0.0699453 0.834806 
0.763324 0.00160511 0.235071 
0.103825 0.0507132 0.845461 
0.62444 6.8624e-06 0.375553 
0.00202991 0.00580794 0.992162 
0.0830561 3.28471e-06 0.916941 
0.134387 0.025128 0.840485 
0.198995 0.000144429 0.80086 
0.0333291 0.91397 0.0527008 
0.217445 0.00838009 0.774175 
0.00330463 0.0032972 0.993398 
0.0305883 0.00031904 0.969093 
0.135347 3.4377e-05 0.864619 
0.141972 0.0582922 0.799735 
0.230631 0.00998038 0.759388 
0.0627001 0.0166431 0.920657 
0.434784 0.00037739 0.564838 
0.994876 0.00279526 0.00232884 
0.703205 0.000529953 0.296265 
0.122489 0.841309 0.0362018 
0.0417242 0.0299311 0.928345 
0.198995 0.000144429 0.80086 
0.43509 0.000263515 0.564647 
0.0353718 0.00207844 0.96255 
0.0640453 0.00400949 0.931945 
0.382069 0.00203461 0.615897 
0.164376 0.221161 0.614463 
0.110611 0.0114132 0.877976 
0.000594084 0.987246 0.0121595 
0.00909657 2.82772e-05 0.990875 
0.318392 0.274296 0.407313 
0.0732077 0.396704 0.530089 
0.000594084 0.987246 0.0121595 
0.185214 0.0497665 0.765019 
0.0554514 1.15784e-06 0.944547 
0.102617 0.0128819 0.884501 
0.416164 0.000143475 0.583692 
0.0575008 0.00126499 0.941234 
0.220789 8.56703e-06 0.779203 
0.12551 0.3744 0.50009 
0.122489 0.841309 0.0362018 
0.143107 0.0150573 0.841836 
0.214814 0.00278832 0.782398 
0.750698 0.000344712 0.248957 
0.0924297 0.000945641 0.906625 
0.754514 0.000220224 0.245266 
0.100764 0.000890967 0.898345 
0.0628437 0.188573 0.748583 
0.149123 0.00827716 0.8426 
0.182181 0.00072622 0.817092 
0.00948109 7.32164e-05 0.990446 
0.871676 0.00833662 0.119987 
0.620674 0.00107563 0.37825 
0.241216 0.0113917 0.747392 
0.00546024 0.604964 0.389576 
0.000594084 0.987246 0.0121595 
0.0724499 0.0180133 0.909537 
0.0275796 0.0299113 0.942509 
0.121699 0.00129578 0.877005 
0.0511124 0.247254 0.701634 
0.0523018 0.0937845 0.853914 
0.000594084 0.987246 0.0121595 
0.177634 0.00271133 0.819655 
0.0312996 2.93336e-05 0.968671 
0.00650116 5.43078e-06 0.993493 
0.595132 0.0289493 0.375919 
0.649374 0.00166429 0.348962 
0.295236 0.0129099 0.691854 
0.0185672 0.000372138 0.981061 
0.000594084 0.987246 0.0121595 
0.0292399 0.000225529 0.970535 
0.0167831 0.000151068 0.983066 
0.0197854 0.000556329 0.979658 
0.371351 0.00462321 0.624026 
0.20482 0.673608 0.121571 
0.271486 0.0530197 0.675494 
0.000594084 0.987246 0.0121595 
0.311905 0.00331235 0.684783 
0.000594084 0.987246 0.0121595 
2.00077e-05 0.0125105 0.987469 
0.0465716 0.000413836 0.953015 
0.0429369 0.000169146 0.956894 
0.89325 0.0162617 0.0904879 
2.00077e-05 0.0125105 0.987469 
0.106237 0.0875796 0.806183 
0.000594084 0.987246 0.0121595 
0.133842 0.00026986 0.865888 
0.000783276 1.14748e-12 0.999217 
0.23171 0.0225239 0.745766 
0.0824123 0.00342607 0.914162 
0.792481 0.000314681 0.207204 
0.122489 0.841309 0.0362018 
0.000594084 0.987246 0.0121595 
0.0728738 0.434703 0.492424 
0.0842337 0.0306299 0.885136 
0.231647 0.0233045 0.745048 
0.129304 0.000795493 0.8699 
0.446595 0.041465 0.51194 
0.00129532 0.996954 0.00175074 
0.0882997 7.75922e-08 0.9117 
0.0794549 0.0014734 0.919072 
0.0358041 0.118851 0.845345 
0.0223003 0.00827596 0.969424 
0.0366868 4.03953e-05 0.963273 
0.948265 0.000146693 0.0515882 
0.122489 0.841309 0.0362018 
0.365702 0.0200135 0.614285 
0.370815 0.0151643 0.614021 
0.355115 0.26201 0.382875 
2.00077e-05 0.0125105 0.987469 
0.245329 2.71393e-05 0.754644 
0.00436637 0.707507 0.288127 
0.883322 0.000597196 0.116081 
0.122489 0.841309 0.0362018 
0.000238247 0.0584378 0.941324 
0.253588 0.0447586 0.701654 
0.0638116 0.0049623 0.931226 
0.000594084 0.987246 0.0121595 
0.967136 0.00131537 0.0315486 
0.916457 0.00139994 0.0821433 
0.533493 0.132232 0.334275 
0.0230411 0.00315327 0.973806 
0.122489 0.841309 0.0362018 
0.000594084 0.987246 0.0121595 
0.158358 0.00112101 0.840521 
0.0975135 0.0254 0.877087 
0.0847153 0.000574453 0.91471 
0.0210439 0.0263227 0.952633 
0.182387 0.243457 0.574156 
0.218579 0.000138635 0.781283 
0.256199 2.11082e-06 0.743799 
0.804787 4.29341e-06 0.195209 
0.808988 0.00918326 0.181828 
0.596784 0.0343036 0.368913 
0.942241 0.00167121 0.0560873 
0.610398 0.00184087 0.387761 
0.0562174 0.222876 0.720907 
0.155102 0.30197 0.542927 
0.0989005 0.554465 0.346635 
0.179558 0.00132524 0.819117 
0.556344 0.000986175 0.442669 
0.668767 8.28193e-10 0.331233 
0.000594084 0.987246 0.0121595 
0.098105 0.332181 0.569714 
0.067091 0.00362515 0.929284 
0.128301 0.612754 0.258945 
0.000594084 0.987246 0.0121595 
0.0031134 0.00241365 0.994473 
0.100304 0.0689542 0.830741 
0.982986 0.000974254 0.0160393 
0.0360624 0.000305446 0.963632 
0.0718685 0.00456674 0.923565 
0.0641256 0.00016805 0.935706 
0.243607 0.00295488 0.753438 
0.417891 1.78264e-08 0.582109 
0.606888 0.0670828 0.326029 
0.0913819 0.000112119 0.908506 
0.0101878 1.53906e-07 0.989812 
0.00286326 0.000795012 0.996342 
0.721126 0.000417168 0.278457 
0.0716949 8.91396e-05 0.928216 
0.163369 0.00120094 0.83543 
0.0177092 8.97104e-06 0.982282 
0.640242 0.000874254 0.358884 
0.0522865 0.384832 0.562882 
2.00077e-05 0.0125105 0.987469 
0.000594084 0.987246 0.0121595 
0.207684 0.631928 0.160387 
0.00728754 0.000700528 0.992012 
0.724141 0.000323629 0.275535 
-nan -nan -nan 
0.433142 0.000175146 0.566683 
0.820851 0.012 0.167149 
0.0634046 0.000652312 0.935943 
0.965246 0.000478072 0.0342758 
0.000476582 0.0125003 0.987023 
0.000594084 0.987246 0.0121595 
2.00077e-05 0.0125105 0.987469 
0.0126525 0.00890211 0.978445 
0.231801 0.00269129 0.765507 
0.20915 0.0120212 0.778829 
0.0360624 0.000305446 0.963632 
0.816443 0.000229447 0.183328 
0.19119 0.0508579 0.757952 
0.108426 0.00821985 0.883354 
0.0582423 0.929099 0.0126582 
0.231672 0.00979212 0.758536 
0.0727435 0.0010901 0.926166 
0.118021 0.00115726 0.880821 
0.00863736 0.00203841 0.989324 
0.000594084 0.987246 0.0121595 
0.765096 0.0183681 0.216536 
0.883322 0.000597196 0.116081 
0.00213037 7.71653e-05 0.997792 
0.0664624 0.000653531 0.932884 
0.000594084 0.987246 0.0121595 
0.338802 0.000352816 0.660846 
0.385436 0.0412751 0.573289 
0.0412636 0.00487182 0.953865 
0.000594084 0.987246 0.0121595 
0.060416 0.127522 0.812062 
0.0333291 0.91397 0.0527008 
0.169051 0.00180842 0.82914 
0.000594084 0.987246 0.0121595 
0.197275 0.0324593 0.770265 
0.0326994 0.0365652 0.930735 
0.0604706 0.00105941 0.93847 
0.0333088 0.000748018 0.965943 
0.0728738 0.434703 0.492424 
0.167094 0.00597792 0.826928 
0.0222432 1.23509e-05 0.977744 
0.295051 0.32895 0.375999 
0.119446 0.0592203 0.821334 
0.001816 0.000662392 0.997522 
0.0932166 0.000589769 0.906194 
0.0739641 0.000470421 0.925566 
0.377136 0.202963 0.419901 
0.119283 0.262565 0.618152 
0.00381124 0.00036479 0.995824 
0.00568671 0.000261839 0.994051 
0.0656133 5.03002e-05 0.934336 
0.127264 0.509799 0.362937 
0.548161 0.00149944 0.45034 
0.0775485 5.62611e-05 0.922395 
0.0588873 0.000149061 0.940964 
0.000594084 0.987246 0.0121595 
0.235413 0.00116553 0.763421 
0.0620128 0.00232838 0.935659 
0.322342 0.00063885 0.67702 
0.517303 7.13835e-05 0.482626 
0.122489 0.841309 0.0362018 
0.92482 0.00133583 0.0738442 
0.137078 0.720786 0.142136 
0.162187 0.0816192 0.756193 
0.130036 0.108269 0.761695 
0.000594084 0.987246 0.0121595 
0.275481 0.00308278 0.721436 
7.46878e-05 0.000714725 0.999211 
0.0138176 0.0840805 0.902102 
0.312106 3.11293e-05 0.687863 
0.000594084 0.987246 0.0121595 
0.962343 0.00145028 0.0362069 
0.085747 4.26647e-05 0.91421 
0.0749963 0.138407 0.786597 
0.237096 0.000109709 0.762794 
0.000594084 0.987246 0.0121595 
0.00273007 0.000721737 0.996548 
0.154036 0.0186691 0.827295 
0.000594084 0.987246 0.0121595 
0.000682284 0.000947872 0.99837 
0.170072 0.00176322 0.828165 
0.911426 0.0014861 0.0870881 
0.0986005 0.0137756 0.887624 
0.90509 0.00597951 0.08893 
0.064307 0.214348 0.721345 
0.136104 0.0410589 0.822837 
0.346356 5.59929e-08 0.653644 
0.0948285 0.000494135 0.904677 
0.115365 0.6239 0.260735 
0.109087 7.44014e-07 0.890913 
0.577478 0.00058465 0.421937 
0.0846127 0.173456 0.741931 
0.00116014 0.0405523 0.958288 
0.258315 4.33656e-05 0.741642 
0.610314 0.0733285 0.316357 
0.000594084 0.987246 0.0121595 
0.0129829 0.000153553 0.986864 
0.55203 0.00046659 0.447503 
0.737528 0.000337333 0.262135 
0.242977 0.0123025 0.744721 
0.0234817 0.223076 0.753442 
0.282998 0.0464119 0.67059 
0.0696966 0.631207 0.299096 
-nan -nan -nan 
0.115716 0.00335822 0.880925 
0.132089 2.86623e-06 0.867909 
0.441812 0.267784 0.290404 
0.000594084 0.987246 0.0121595 
0.0634046 0.000652312 0.935943 
0.157229 0.0016226 0.841148 
0.0161729 0.963394 0.0204332 
0.0928378 0.0223782 0.884784 
0.309421 0.602322 0.0882565 
0.0875056 0.00282221 0.909672 
2.00077e-05 0.0125105 0.987469 
0.0968994 0.0216665 0.881434 
0.0869231 0.0014967 0.91158 
0.441282 0.0525566 0.506161 
0.707742 0.000119658 0.292139 
0.00590031 0.0612796 0.93282 
0.0450101 0.190584 0.764406 
0.45491 0.363385 0.181705 
0.0346662 0.00158316 0.963751 
0.000594084 0.987246 0.0121595 
0.169381 0.00193016 0.828688 
0.835028 0.000135847 0.164836 
0.166087 0.000345584 0.833568 
0.148239 0.0738737 0.777887 
0.000594084 0.987246 0.0121595 
0.927226 0.0258635 0.0469108 
0.577478 0.00058465 0.421937 
0.0312376 0.0545343 0.914228 
0.00171836 0.000246552 0.998035 
0.302855 0.00934086 0.687804 
0.775807 6.29624e-06 0.224187 
0.0662073 0.000298613 0.933494 
0.0160342 0.225436 0.75853 
0.0728738 0.434703 0.492424 
0.000476582 0.0125003 0.987023 
0.0292686 3.40105e-05 0.970697 
0.0449201 0.00900784 0.946072 
0.0213449 0.00162805 0.977027 
0.201901 0.00101986 0.79708 
0.926755 0.00286489 0.0703797 
0.122489 0.841309 0.0362018 
0.000594084 0.987246 0.0121595 
0.696629 0.00667037 0.2967 
0.000594084 0.987246 0.0121595 
0.0637883 9.869e-06 0.936202 
0.173868 0.0253046 0.800828 
0.0486198 0.00699324 0.944387 
2.00077e-05 0.0125105 0.987469 
0.122489 0.841309 0.0362018 
0.00151544 1.72949e-05 0.998467 
0.156883 0.00102518 0.842092 
0.39039 0.00025187 0.609358 
0.0769131 0.0224059 0.900681 
0.127563 0.0108408 0.861596 
0.210401 0.00140959 0.78819 
0.0632068 0.0225131 0.91428 
0.0353196 0.000173469 0.964507 
0.569004 0.00241467 0.428582 
0.106373 0.000729635 0.892897 
0.122489 0.841309 0.0362018 
0.771962 0.00644534 0.221592 
0.0697508 0.321946 0.608303 
0.290535 0.0601673 0.649298 
0.0780481 0.000386673 0.921565 
0.0018925 0.912234 0.085873 
0.142836 0.252745 0.604419 
0.06713 0.0437079 0.889162 
0.106839 0.00636336 0.886798 
0.0333291 0.91397 0.0527008 
0.0531136 0.000116433 0.94677 
0.148993 0.41868 0.432327 
0.873877 0.0274978 0.098625 
0.0469206 0.00370406 0.949375 
0.055486 0.039641 0.904873 
0.0728738 0.434703 0.492424 
0.702027 0.00274935 0.295224 
0.159485 0.00289095 0.837624 
0.505589 0.0134367 0.480974 
0.0709422 4.01304e-06 0.929054 
0.122953 0.000352931 0.876694 
0.584252 1.4491e-05 0.415734 
0.122489 0.841309 0.0362018 
0.173043 0.119426 0.707531 
0.854457 9.2104e-06 0.145533 
0.000594084 0.987246 0.0121595 
0.109966 0.359388 0.530646 
0.000594084 0.987246 0.0121595 
0.0302953 0.00420463 0.9655 
0.957181 1.92342e-06 0.0428171 
0.240489 0.000366237 0.759145 
0.240063 0.000280906 0.759656 
0.794264 0.0208236 0.184913 
0.000594084 0.987246 0.0121595 
0.0192491 0.00104971 0.979701 
0.17684 0.00106058 0.822099 
0.882422 1.47011e-09 0.117578 
0.149198 0.0433962 0.807406 
0.232864 0.00297135 0.764164 
0.218579 0.000138635 0.781283 
7.15008e-05 0.0175339 0.982395 
0.0137609 0.000711725 0.985527 
0.115173 0.0186983 0.866129 
0.145308 0.0454364 0.809255 
0.000594084 0.987246 0.0121595 
0.142403 0.469062 0.388535 
2.00077e-05 0.0125105 0.987469 
0.125029 0.00255807 0.872413 
0.405713 0.310784 0.283503 
0.130599 3.95164e-05 0.869361 
0.13868 0.00815834 0.853161 
0.235431 0.728072 0.0364971 
0.03906 1.09292e-06 0.960939 
0.669752 0.00141348 0.328834 
0.0388508 0.0027791 0.95837 
6.43355e-05 2.3917e-06 0.999933 
0.00161627 0.0144334 0.98395 
0.0953181 0.000825756 0.903856 
0.000594084 0.987246 0.0121595 
0.0273934 0.0326562 0.93995 
0.000476582 0.0125003 0.987023 
0.24802 0.0203203 0.73166 
0.687777 1.27524e-06 0.312221 
0.104806 0.0427197 0.852475 
0.021742 0.0656985 0.912559 
0.159284 0.0125617 0.828154 
0.000594084 0.987246 0.0121595 
0.00602395 0.00784644 0.98613 
0.999415 0.000401938 0.000183157 
0.387824 0.000407216 0.611769 
0.368779 0.00307822 0.628143 
0.795262 0.000132956 0.204605 
0.000594084 0.987246 0.0121595 
0.0170343 0.959746 0.0232201 
0.117624 0.000190509 0.882185 
0.254447 0.0235526 0.722001 
0.0973542 0.00570406 0.896942 
0.387381 1.34352e-08 0.612619 
0.053947 0.000195612 0.945857 
0.0526132 0.00133448 0.946052 
0.477444 0.00103342 0.521523 
0.118151 0.00290505 0.878944 
0.147494 0.0218622 0.830643 
0.0112813 3.09055e-06 0.988716 
0.0741161 5.18381e-05 0.925832 
0.0829352 0.294357 0.622708 
0.254319 0.0951804 0.6505 
0.0422459 0.225263 0.732491 
0.0556398 0.00592964 0.938431 
0.0283767 0.000126179 0.971497 
0.292319 0.00813865 0.699542 
0.321013 0.0798194 0.599168 
0.0195453 5.72067e-05 0.980397 
9.17889e-05 4.59951e-05 0.999862 
0.140499 0.00875643 0.850744 
0.0874741 0.059166 0.85336 
0.196885 0.000260791 0.802854 
0.875973 0.0291492 0.0948773 
0.329311 2.30697e-08 0.670689 
0.505199 0.0195518 0.475249 
0.0138387 0.000281805 0.98588 
0.0957518 0.00203949 0.902209 
0.640242 0.000874254 0.358884 
0.226414 0.0549414 0.718644 
0.0855549 0.00034748 0.914098 
0.1054 2.58913e-06 0.894598 
0.707101 0.00864757 0.284251 
0.000476582 0.0125003 0.987023 
0.118479 0.0323666 0.849154 
0.827527 0.00234443 0.170129 
0.00120408 0.000970714 0.997825 
0.00336963 1.513e-05 0.996615 
0.295051 0.32895 0.375999 
0.000594084 0.987246 0.0121595 
0.0609439 0.000349504 0.938707 
0.164376 0.221161 0.614463 
0.0528766 0.00459156 0.942532 
0.0832295 0.00260236 0.914168 
0.244386 0.00118696 0.754427 
0.00515748 0.00159881 0.993244 
0.0304087 0.370375 0.599216 
0.152307 0.00390569 0.843788 
0.098105 0.332181 0.569714 
0.0499365 2.84697e-06 0.950061 
0.707742 0.000119658 0.292139 
0.148468 0.00162653 0.849906 
0.51346 0.0210715 0.465469 
0.120252 8.11749e-05 0.879667 
0.268485 2.25074e-05 0.731493 
0.0247766 0.793363 0.18186 
0.000594084 0.987246 0.0121595 
0.000594084 0.987246 0.0121595 
0.000594084 0.987246 0.0121595 
0.707742 0.000119658 0.292139 
0.135351 0.304385 0.560265 
0.141919 0.00162938 0.856452 
0.0241022 0.00674116 0.969157 
0.126201 0.0157363 0.858063 
0.707742 0.000119658 0.292139 
0.792707 0.00594921 0.201344 
0.107756 0.00106542 0.891179 
0.000594084 0.987246 0.0121595 
0.0357012 5.16472e-05 0.964247 
0.0544292 0.346609 0.598962 
0.991688 0.00232522 0.00598723 
0.675205 0.000394871 0.324401 
0.0163842 0.0163909 0.967225 
0.0242838 0.00342944 0.972287 
0.0723194 2.71733e-09 0.927681 
0.827702 0.000707129 0.171591 
0.0537576 0.862232 0.08401 
0.000594084 0.987246 0.0121595 
0.5413 0.000566036 0.458134 
0.000594084 0.987246 0.0121595 
0.000594084 0.987246 0.0121595 
0.118068 0.000785675 0.881146 
0.00117255 0.0152827 0.983545 
-nan -nan -nan 
0.0170343 0.959746 0.0232201 
0.845001 0.0613076 0.0936915 
0.000476582 0.0125003 0.987023 
0.0555225 0.000608137 0.943869 
0.000594084 0.987246 0.0121595 
0.000594084 0.987246 0.0121595 
0.136001 0.000382812 0.863616 
0.000594084 0.987246 0.0121595 
0.125029 0.00255807 0.872413 
0.0170343 0.959746 0.0232201 
0.125029 0.00255807 0.872413 
0.000594084 0.987246 0.0121595 
0.345906 0.0722332 0.581861 
0.0964559 0.0246101 0.878934 
0.522613 0.0258577 0.451529 
0.0665286 0.00148613 0.931985 
0.000594084 0.987246 0.0121595 
0.168647 0.0314278 0.799925 
0.225705 0.0955047 0.678791 
0.308859 0.00118886 0.689953 
0.752595 0.00179921 0.245606 
0.863772 0.000253228 0.135975 
0.708026 0.000224564 0.29175 
0.871676 0.00833662 0.119987 
0.0840009 0.00446133 0.911538 
0.104022 3.36182e-06 0.895975 
0.0420137 0.000612736 0.957374 
0.935546 0.00118676 0.0632671 
0.0163842 0.0163909 0.967225 
0.0837554 0.108644 0.8076 
0.238993 0.0565828 0.704424 
0.360216 0.00546237 0.634322 
0.902414 0.000129361 0.0974571 
0.0220289 0.150124 0.827847 
0.883142 7.29733e-07 0.116857 
0.351717 0.000239347 0.648044 
0.0163842 0.0163909 0.967225 
0.0485067 0.113581 0.837912 
0.164245 0.00556141 0.830194 
0.000594084 0.987246 0.0121595 
0.79804 0.000107594 0.201853 
0.119283 0.262565 0.618152 
0.000594084 0.987246 0.0121595 
0.00850326 0.000720439 0.990776 
0.707742 0.000119658 0.292139 
0.0781166 7.78348e-05 0.921806 
0.0433413 0.00153979 0.955119 
0.962343 0.00145028 0.0362069 
0.192867 0.139735 0.667397 
0.0556398 0.00592964 0.938431 
0.00480795 0.569514 0.425678 
0.0151887 0.000100717 0.984711 
0.370446 0.000144065 0.62941 
0.0100838 0.0100381 0.979878 
0.157619 0.0184122 0.823969 
0.142403 0.469062 0.388535 
0.000594084 0.987246 0.0121595 
0.230644 0.360584 0.408771 
0.0331631 0.000139369 0.966698 
0.12181 0.00122386 0.876966 
0.150452 0.0370287 0.812519 
0.529265 0.067533 0.403202 
0.0519267 0.000814214 0.947259 
0.0945321 0.0019344 0.903534 
0.814068 4.72619e-06 0.185927 
0.97924 4.36176e-05 0.0207164 
0.705301 0.00850452 0.286195 
0.0441224 1.84191e-05 0.955859 
0.940513 0.00011186 0.0593748 
0.873131 8.16695e-05 0.126787 
0.000594084 0.987246 0.0121595 
0.225245 0.0448826 0.729872 
0.01673 0.00239066 0.980879 
0.327151 5.09124e-05 0.672798 
0.00204806 0.0164618 0.98149 
0.550712 0.0039635 0.445324 
0.416877 0.00287389 0.580249 
0.000476582 0.0125003 0.987023 
0.0535261 0.00225064 0.944223 
0.0682124 0.0352204 0.896567 
0.127201 0.000267859 0.872531 
0.0526132 0.00133448 0.946052 
0.0597858 0.000172936 0.940041 
0.0682212 0.0159859 0.915793 
0.072448 0.00374033 0.923812 
0.19722 1.18293e-05 0.802768 
0.367996 1.05638e-05 0.631994 
0.0816556 0.109431 0.808913 
0.126411 0.00157067 0.872018 
0.122489 0.841309 0.0362018 
0.991902 0.000732034 0.00736564 
0.000594084 0.987246 0.0121595 
0.707742 0.000119658 0.292139 
0.330815 0.00841945 0.660766 
0.00491314 6.30843e-06 0.995081 
0.271501 0.00130836 0.72719 
0.145308 0.0454364 0.809255 
0.440518 0.00334369 0.556138 
0.0399115 0.835218 0.124871 
0.00996599 0.00966053 0.980373 
0.307378 0.000647078 0.691975 
0.162259 0.641255 0.196486 
0.167005 4.76453e-05 0.832947 
0.0210439 0.0263227 0.952633 
0.0791999 7.1466e-05 0.920729 
0.125029 0.00255807 0.872413 
0.002716 1.68687e-08 0.997284 
0.0151492 0.181257 0.803594 
0.940513 0.00011186 0.0593748 
0.0440005 0.0506144 0.905385 
0.09163 0.00482492 0.903545 
0.0223109 0.140965 0.836724 
0.030651 0.000171402 0.969178 
0.64823 0.099249 0.252521 
0.0646493 0.001798 0.933553 
0.331227 0.00687847 0.661895 
0.642085 0.031697 0.326218 
0.0454019 0.00129692 0.953301 
0.125029 0.00255807 0.872413 
0.00345222 0.00523346 0.991314 
0.0360624 0.000305446 0.963632 
0.0236907 8.52979e-05 0.976224 
0.325714 0.153715 0.520571 
0.122018 0.0431556 0.834826 
0.889297 0.00646189 0.104241 
0.102485 0.00595647 0.891559 
0.149915 0.0261414 0.823943 
0.000594084 0.987246 0.0121595 
0.477514 0.000545384 0.521941 
0.60081 0.00145668 0.397733 
0.0169319 0.000784513 0.982284 
0.0516003 0.000624493 0.947775 
0.345851 0.0129195 0.641229 
0.000594084 0.987246 0.0121595 
0.10671 0.00158155 0.891708 
0.016517 0.000130939 0.983352 
0.000594084 0.987246 0.0121595 
0.267828 0.0642895 0.667882 
0.504659 0.00236593 0.492975 
0.0194466 0.082858 0.897695 
0.000476582 0.0125003 0.987023 
0.0993165 0.0225233 0.87816 
0.842112 0.00502535 0.152863 
0.00746916 0.806078 0.186453 
0.486001 0.00545706 0.508542 
0.0309761 0.916921 0.0521033 
0.962343 0.00145028 0.0362069 
0.060921 0.209688 0.729391 
0.0702776 0.0154281 0.914294 
0.0294834 0.00518897 0.965328 
0.000594084 0.987246 0.0121595 
0.138207 0.789812 0.0719807 
0.000594084 0.987246 0.0121595 
0.148749 0.000269414 0.850982 
0.883322 0.000597196 0.116081 
0.164115 0.0385808 0.797304 
0.0728738 0.434703 0.492424 
0.231296 0.00935974 0.759344 
0.469314 0.0151052 0.515581 
0.0333291 0.91397 0.0527008 
0.0947268 0.0720224 0.833251 
0.0634046 0.000652312 0.935943 
0.0374994 0.00204076 0.96046 
0.0382335 0.000501182 0.961265 
2.00077e-05 0.0125105 0.987469 
0.0389886 0.034047 0.926964 
0.644317 0.00016889 0.355514 
0.0884237 0.00265447 0.908922 
0.0690895 0.0207917 0.910119 
0.000594084 0.987246 0.0121595 
0.0608001 0.0207833 0.918417 
0.0664624 0.000653531 0.932884 
0.445025 0.00176855 0.553206 
0.0932951 3.00531e-05 0.906675 
0.00261086 0.119838 0.877551 
0.0673521 0.000413667 0.932234 
0.856203 0.000418766 0.143378 
0.553663 0.0147924 0.431545 
0.115173 0.0186983 0.866129 
0.756863 0.00430601 0.238831 
0.580297 0.0144797 0.405223 
0.773316 0.00206587 0.224618 
0.6699 0.00411011 0.32599 
0.0524898 0.0240645 0.923446 
0.0129291 0.0042439 0.982827 
0.00591632 0.155782 0.838302 
0.000594084 0.987246 0.0121595 
0.534096 0.000143052 0.465761 
0.0472216 0.000307397 0.952471 
0.105126 0.0106803 0.884193 
0.0502325 0.0461434 0.903624 
0.105804 0.0118463 0.88235 
0.000594084 0.987246 0.0121595 
0.120427 0.0588064 0.820767 
0.162022 0.000341395 0.837637 
0.913047 0.011883 0.0750697 
0.707742 0.000119658 0.292139 
0.298445 0.000146557 0.701408 
0.329901 0.000142419 0.669956 
0.0891638 0.00155171 0.909284 
0.61323 1.64691e-05 0.386753 
0.261003 9.36563e-09 0.738997 
0.0802952 0.000848098 0.918857 
0.000594084 0.987246 0.0121595 
0.0672174 0.00319912 0.929583 
0.392456 0.063142 0.544402 
0.000594084 0.987246 0.0121595 
0.713524 0.0435 0.242976 
0.122489 0.841309 0.0362018 
0.000594084 0.987246 0.0121595 
0.145362 0.505274 0.349364 
0.000594084 0.987246 0.0121595 
0.404044 0.000540565 0.595415 
0.136115 0.0355536 0.828331 
0.137286 0.171924 0.690789 
0.0163842 0.0163909 0.967225 
0.0251689 0.00532953 0.969502 
0.395093 0.581176 0.023731 
0.0955258 0.0048579 0.899616 
0.0640036 0.000753735 0.935243 
0.834074 0.000767231 0.165158 
0.38838 0.000256476 0.611363 
0.72135 0.0469502 0.2317 
0.0628437 0.188573 0.748583 
0.0499202 0.000170532 0.949909 
0.0798311 0.863944 0.056225 
0.0556398 0.00592964 0.938431 
0.284004 0.473201 0.242794 
0.0643 0.101345 0.834355 
0.000594084 0.987246 0.0121595 
0.13974 0.0315774 0.828683 
0.13374 0.00474936 0.861511 
0.000476582 0.0125003 0.987023 
0.000594084 0.987246 0.0121595 
0.000315699 0.145941 0.853743 
0.0767365 0.0267984 0.896465 
0.447912 1.1522e-08 0.552088 
0.0309761 0.916921 0.0521033 
0.016418 0.000812981 0.982769 
0.0725934 0.00116524 0.926241 
0.312418 0.0943344 0.593248 
0.111682 3.96205e-05 0.888278 
0.414994 0.0304225 0.554584 
0.347172 0.136066 0.516762 
0.549386 0.0111856 0.439429 
0.707742 0.000119658 0.292139 
0.885607 0.000243032 0.11415 
0.147027 1.87016e-05 0.852954 
0.17548 0.00185821 0.822661 
0.573561 0.0738118 0.352627 
0.229641 0.0304122 0.739947 
0.0175177 0.000287553 0.982195 
0.137078 0.720786 0.142136 
0.00204457 0.0430116 0.954944 
0.0665666 0.00293877 0.930495 
0.353434 0.0246533 0.621913 
0.314809 0.000926584 0.684265 
0.0513258 6.89838e-05 0.948605 
0.10278 0.000275149 0.896945 
0.148179 0.0156664 0.836154 
0.0877747 0.215573 0.696653 
0.000594084 0.987246 0.0121595 
0.535011 0.00334327 0.461645 
0.0502496 0.011336 0.938414 
0.000594084 0.987246 0.0121595 
0.147627 3.74042e-05 0.852335 
0.117941 0.788643 0.093416 
0.00604042 0.000392492 0.993567 
0.194887 1.05602e-05 0.805103 
0.250321 0.0316973 0.717982 
0.0438776 0.00455754 0.951565 
0.901331 0.000116454 0.098553 
1 8.06089e-12 2.08251e-09 
0.737684 0.00110958 0.261207 
0.0687685 0.00379992 0.927432 
0.688321 5.91689e-05 0.31162 
0.395437 0.00329798 0.601265 
0.230455 0.00303876 0.766506 
0.0369771 0.00956264 0.95346 
0.012126 0.000916613 0.986957 
0.117287 0.000317196 0.882396 
0.0440157 0.000353175 0.955631 
0.0266796 0.00450005 0.96882 
0.0516003 0.000624493 0.947775 
0.209194 0.133942 0.656864 
0.0361068 0.0217712 0.942122 
0.222406 0.0137476 0.763846 
0.0828155 0.213876 0.703308 
0.0349646 0.00655527 0.95848 
0.22601 0.00861619 0.765374 
0.0462778 5.00629e-05 0.953672 
0.419755 0.00128778 0.578957 
0.739274 0.0139332 0.246793 
0.0939148 0.000582823 0.905502 
0.0378509 0.422646 0.539503 
0.218579 0.000138635 0.781283 
0.00568671 0.000261839 0.994051 
0.707742 0.000119658 0.292139 
0.000594084 0.987246 0.0121595 
0.00211184 0.000259284 0.997629 
0.713863 2.42037e-06 0.286135 
0.120882 0.188985 0.690133 
0.0711756 0.0279137 0.900911 
0.124781 0.000689046 0.87453 
0.0846127 0.173456 0.741931 
0.0634046 0.000652312 0.935943 
0.25617 5.56077e-05 0.743774 
0.144119 0.308748 0.547134 
0.208589 0.49207 0.299341 
0.125029 0.00255807 0.872413 
0.000594084 0.987246 0.0121595 
0.645762 0.00520554 0.349032 
0.000594084 0.987246 0.0121595 
0.0935244 1.30643e-05 0.906463 
0.0482538 0.0671388 0.884607 
0.294448 0.0001566 0.705395 
0.0878965 0.0892671 0.822836 
9.23522e-06 0.654137 0.345853 
0.0812759 3.16998e-05 0.918692 
0.0503693 0.00116675 0.948464 
0.045482 0.0288839 0.925634 
0.559548 0.000813365 0.439639 
0.162187 0.0816192 0.756193 
0.734652 2.47695e-07 0.265347 
0.046944 5.16579e-05 0.953004 
0.119574 0.219546 0.66088 
0.000594084 0.987246 0.0121595 
0.1316 6.0259e-05 0.868339 
0.0333291 0.91397 0.0527008 
0.397159 0.00501547 0.597825 
0.0367868 0.00021746 0.962996 
0.0777323 0.00651818 0.91575 
0.028159 0.0449026 0.926938 
0.827946 0.0298183 0.142236 
0.719403 0.0103983 0.270198 
0.147043 0.22842 0.624537 
0.940513 0.00011186 0.0593748 
0.178843 0.0109407 0.810216 
0.0194277 0.000622206 0.97995 
0.0958913 0.0902196 0.813889 
0.271501 0.00130836 0.72719 
0.0444803 0.000269079 0.955251 
0.000594084 0.987246 0.0121595 
0.0719688 0.0341253 0.893906 
0.452958 0.250109 0.296933 
0.0845899 0.128594 0.786816 
0.00470405 0.832865 0.162431 
0.000594084 0.987246 0.0121595 
0.937233 0.00036456 0.0624025 
0.0297734 9.97907e-05 0.970127 
0.237466 3.78983e-07 0.762534 
0.000594084 0.987246 0.0121595 
0.125029 0.00255807 0.872413 
0.000594084 0.987246 0.0121595 
0.15351 0.0233272 0.823162 
0.351142 0.00527459 0.643583 
0.284004 0.473201 0.242794 
0.16297 2.82788e-05 0.837002 
0.490801 0.000574768 0.508624 
0.122489 0.841309 0.0362018 
0.831334 0.000271956 0.168394 
0.108328 8.06598e-05 0.891591 
0.157769 0.000170154 0.84206 
0.206222 0.00742452 0.786353 
0.0843087 0.00881286 0.906878 
0.290649 0.000777238 0.708574 
0.0018925 0.912234 0.085873 
2.00077e-05 0.0125105 0.987469 
0.747878 0.00917388 0.242948 
0.0265527 0.00651602 0.966931 
0.0226793 0.236629 0.740692 
0.0609304 0.033142 0.905928 
0.0104215 0.00452623 0.985052 
0.299654 0.0174448 0.682902 
0.040981 0.000510484 0.958509 
0.853546 0.0087673 0.137687 
0.0360624 0.000305446 0.963632 
0.0547621 0.00108263 0.944155 
0.035838 0.00196924 0.962193 
0.091906 1.28871e-05 0.908081 
0.0197854 0.000556329 0.979658 
0.798722 0.00747249 0.193806 
0.0637241 1.96361e-05 0.936256 
0.131284 9.77274e-05 0.868619 
0.0505554 0.000784471 0.94866 
0.553653 0.000198337 0.446149 
0.408571 0.385675 0.205754 
0.000594084 0.987246 0.0121595 
0.0686871 0.0300969 0.901216 
0.748584 0.00786772 0.243548 
0.231751 0.437427 0.330821 
0.143805 0.00309385 0.853102 
0.0110644 0.973944 0.0149919 
0.000594084 0.987246 0.0121595 
0.00287268 0.77693 0.220197 
0.72232 0.00077497 0.276905 
0.000594084 0.987246 0.0121595 
0.0899606 0.19353 0.71651 
0.117858 0.0162706 0.865871 
0.203573 0.00106904 0.795358 
0.0477057 0.0135714 0.938723 
0.346356 5.59929e-08 0.653644 
0.707742 0.000119658 0.292139 
0.122489 0.841309 0.0362018 
0.0104873 0.0975826 0.89193 
0.269682 0.0243515 0.705966 
0.65506 0.00339805 0.341542 
2.00077e-05 0.0125105 0.987469 
0.307441 0.000154311 0.692405 
0.349958 0.000166696 0.649876 
0.102436 0.0307199 0.866844 
0.15442 0.000134916 0.845446 
0.84212 0.00369216 0.154188 
0.518024 3.18762e-05 0.481944 
0.0562082 0.0176644 0.926127 
0.065761 0.16256 0.771679 
0.23999 0.00424068 0.755769 
0.250892 0.00800787 0.7411 
0.899344 0.000906974 0.0997493 
0.172199 0.00256417 0.825237 
0.00530085 0.000600452 0.994099 
0.321794 0.0142802 0.663926 
0.337407 0.0107547 0.651838 
0.0329522 0.429422 0.537626 
0.111506 0.201544 0.68695 
0.0604767 0.000300083 0.939223 
0.210401 0.00140959 0.78819 
0.892446 0.0341011 0.073453 
0.0163842 0.0163909 0.967225 
0.345965 0.451807 0.202228 
0.0326994 0.0365652 0.930735 
0.667227 0.200371 0.132402 
2.00077e-05 0.0125105 0.987469 
0.235201 0.000348985 0.764451 
0.0718873 0.271822 0.65629 
0.771507 0.000906695 0.227586 
0.0714577 0.00318592 0.925356 
0.0286234 0.0431442 0.928232 
0.0163842 0.0163909 0.967225 
0.188276 0.00253582 0.809188 
0.819537 0.000268071 0.180195 
0.763294 7.01156e-05 0.236636 
0.139553 0.000161569 0.860286 
0.0323291 0.000432707 0.967238 
0.196009 0.000799694 0.803191 
0.0643419 0.0193721 0.916286 
0.256328 0.494713 0.248959 
0.0394956 0.357406 0.603098 
0.0310734 0.621531 0.347395 
0.0866301 0.00288635 0.910484 
0.160593 0.0547619 0.784645 
0.176172 0.184694 0.639135 
0.768253 3.84795e-06 0.231743 
0.0243299 0.274229 0.701441 
0.00712778 0.000185476 0.992687 
0.000594084 0.987246 0.0121595 
0.461694 0.0119048 0.526401 
0.00436807 0.000619818 0.995012 
0.0161149 0.00276731 0.981118 
0.152298 0.0565575 0.791144 
0.0464566 0.139427 0.814116 
0.28526 0.304268 0.410472 
