0.112911 1.15571e-05 0.881486 0.00559223 
0.699316 7.98802e-06 0.164281 0.136395 
0.342728 8.22248e-07 0.644018 0.0132523 
0.413436 0.00352749 0.0127235 0.570313 
0.0802437 0.829615 0.0827095 0.00743144 
0.876488 6.25703e-06 0.119479 0.00402706 
0.762932 0.0413546 0.0336387 0.162075 
0.831436 0.0797023 0.0725581 0.0163035 
0.914539 6.64082e-05 0.0690806 0.016314 
0.531903 0.217841 0.0567563 0.193499 
0.199997 2.6267e-05 0.0920452 0.707932 
0.941097 0.0325999 0.0214034 0.00489993 
0.015191 0.983465 0.000562616 0.000781803 
0.781922 0.000999509 0.0993661 0.117713 
0.220753 7.14231e-05 0.0823129 0.696863 
0.962739 7.34e-05 0.0327932 0.00439429 
0.174687 0.0460693 0.747026 0.0322185 
0.401926 0.0058761 0.361008 0.23119 
0.860196 0.0156682 0.109394 0.0147412 
0.67887 0.0275242 0.279231 0.0143741 
0.851397 3.87025e-05 0.131806 0.0167583 
0.015191 0.983465 0.000562616 0.000781803 
0.417317 0.000297449 0.402195 0.180191 
0.997089 4.92117e-05 0.00260987 0.000252079 
0.87715 0.000280108 0.102825 0.0197446 
0.739057 0.000135576 0.186975 0.0738316 
0.764864 0.00400302 0.0974664 0.133666 
0.015191 0.983465 0.000562616 0.000781803 
0.127765 0.0037189 0.858499 0.0100175 
0.0768384 0.721506 0.140245 0.061411 
0.216537 0.00126761 0.307585 0.47461 
0.0357224 0.843704 0.110142 0.0104315 
0.239203 0.00352996 0.150703 0.606563 
0.015191 0.983465 0.000562616 0.000781803 
0.897138 1.70274e-07 0.0982297 0.00463199 
0.735322 0.00625938 0.112112 0.146307 
0.0818875 0.000981375 0.896901 0.0202299 
0.938762 0.037517 0.0116949 0.0120259 
0.808242 0.0133874 0.13213 0.0462398 
0.919261 0.00802147 0.0446058 0.0281118 
0.477855 0.000359483 0.276354 0.245431 
0.55867 0.333456 0.0963306 0.0115434 
0.951691 2.26009e-06 0.0411312 0.00717511 
0.924329 6.72139e-05 0.0546156 0.0209882 
0.971614 0.000562135 0.00895217 0.0188722 
0.17828 0.000277713 0.591541 0.229902 
2.18561e-05 0.000597696 0.00323416 0.996146 
0.0342737 1.70855e-06 0.945339 0.0203857 
0.892629 0.00188272 0.0889104 0.0165782 
0.883264 0.002799 0.0534806 0.0604566 
0.00172482 0.997627 1.95139e-05 0.000628318 
0.0178609 3.55352e-05 0.0099024 0.972201 
0.015191 0.983465 0.000562616 0.000781803 
0.868907 2.6121e-05 0.100614 0.0304524 
0.459702 0.11294 0.270557 0.156801 
0.189937 0.0017088 0.0637694 0.744585 
0.953135 0.000696034 0.00151073 0.0446581 
0.110758 0.0162395 0.628985 0.244017 
0.482014 1.39257e-05 0.109965 0.408006 
0.0121523 0.000166989 0.986806 0.000874893 
0.00535959 0.0284381 0.114921 0.851281 
0.043652 2.99715e-05 0.95181 0.00450815 
0.19932 0.00366125 0.387774 0.409245 
0.849558 1.89112e-05 0.0229266 0.127497 
0.847646 1.75818e-06 0.0911068 0.0612459 
0.626627 3.82223e-06 0.239919 0.13345 
0.973341 1.19076e-07 0.0206782 0.00598057 
0.339467 7.02819e-07 0.645946 0.0145862 
0.8495 0.0288082 0.116516 0.0051761 
0.00137727 0.0014062 3.97722e-05 0.997177 
0.617898 0.000507743 0.0124505 0.369144 
0.488101 0.0535589 0.0325895 0.42575 
0.0387497 0.000220998 0.137151 0.823878 
0.971487 0.000164284 0.0250265 0.00332204 
0.9398 2.29326e-08 0.0132581 0.0469414 
0.938119 0.0107991 0.043743 0.00733903 
0.82398 0.00913434 0.0969012 0.0699842 
0.90461 0.000195602 0.0921576 0.00303721 
0.0675426 9.75357e-05 0.930653 0.00170708 
0.922797 0.00914922 0.0456707 0.0223828 
0.94058 0.000411409 0.0292777 0.0297311 
0.888106 4.47147e-05 0.0974437 0.0144055 
0.999988 4.02494e-06 4.02557e-06 4.02526e-06 
0.478796 0.011371 0.277208 0.232625 
0.182164 0.68672 0.0111334 0.119982 
0.225822 0.000359883 0.520514 0.253305 
0.960297 8.97482e-05 0.0304012 0.00921245 
0.163811 0.426866 0.181294 0.228029 
0.145136 5.62102e-07 0.112871 0.741992 
0.524594 0.114799 0.252182 0.108424 
0.451646 0.275607 0.0216374 0.251109 
0.612071 0.00382981 0.00333087 0.380769 
0.956994 7.07452e-05 0.0352499 0.00768503 
0.934085 0.00024004 0.0507476 0.0149278 
0.794967 0.00013943 0.163593 0.0413006 
0.988291 1.07952e-09 0.0112435 0.000465558 
0.394557 4.82677e-05 0.0147611 0.590634 
0.342728 8.22248e-07 0.644018 0.0132523 
0.503742 9.0814e-05 0.255988 0.240178 
0.149785 0.000272623 0.352644 0.497298 
0.984923 1.72203e-05 0.0131482 0.00191124 
0.915716 0.00106151 0.0353309 0.0478912 
2.18561e-05 0.000597696 0.00323416 0.996146 
0.658486 0.000538978 0.238366 0.10261 
-nan -nan -nan -nan 
0.261759 0.000296892 0.501843 0.236101 
0.015191 0.983465 0.000562616 0.000781803 
0.889774 0.00040482 0.109449 0.000372847 
0.651732 0.000112654 0.179384 0.168772 
0.10213 0.000158274 0.844059 0.0536535 
0.0409349 6.9549e-06 0.365555 0.593503 
0.535139 0.0174296 0.386171 0.0612596 
0.947424 1.21496e-05 0.0190482 0.0335161 
0.155684 0.602832 0.0604839 0.181 
0.628502 0.00958569 0.20452 0.157392 
0.744352 1.8381e-06 0.254469 0.00117703 
0.0782478 0.000397899 0.0175093 0.903845 
0.879991 0.00678291 0.0798144 0.0334117 
0.852985 0.0419559 0.0659675 0.0390911 
0.922556 0.000214014 0.063131 0.0140986 
0.942931 7.29498e-07 0.0372884 0.0197797 
0.883619 4.58973e-05 0.111163 0.00517239 
0.520849 0.0689853 0.190271 0.219895 
0.179377 7.66721e-05 0.804722 0.0158242 
0.28913 1.1159e-05 0.709991 0.000867861 
0.919261 0.00802147 0.0446058 0.0281118 
0.765508 0.00142931 0.205259 0.0278035 
0.889285 0.0138246 0.0321134 0.0647766 
0.335248 0.527496 0.113714 0.0235424 
0.95881 2.27747e-09 0.0408794 0.000310554 
0.928178 0.000627178 0.0701214 0.00107301 
0.928372 1.49148e-05 0.069213 0.00240059 
0.015191 0.983465 0.000562616 0.000781803 
0.785044 0.00143736 0.0913623 0.122157 
0.706226 0.0109077 0.218499 0.0643679 
0.996821 3.51764e-06 0.000500516 0.00267477 
0.0442508 0.00207448 0.0301545 0.92352 
0.773085 0.000884715 0.127828 0.0982029 
0.393984 0.000745002 0.0455494 0.559722 
0.00375596 2.33972e-06 0.00592721 0.990314 
0.473849 4.66168e-05 0.286947 0.239158 
0.90501 0.00463034 0.0822401 0.00812006 
0.717363 0.0440148 0.0606981 0.177924 
0.736065 0.000261683 0.238164 0.0255097 
0.437883 0.000504681 0.552422 0.00918988 
0.796882 9.36305e-05 0.186124 0.0169002 
0.993623 0.000640239 0.00469049 0.00104631 
0.814333 0.00187697 0.175474 0.00831588 
0.807544 0.00102198 0.183493 0.00794087 
0.00191482 0.996714 0.000269909 0.00110144 
0.668388 0.000760402 0.211158 0.119693 
0.312092 5.74167e-06 0.0773824 0.61052 
0.00172482 0.997627 1.95139e-05 0.000628318 
0.352628 0.000540742 0.523484 0.123348 
0.015191 0.983465 0.000562616 0.000781803 
0.901722 8.67533e-06 0.0681995 0.0300697 
0.97965 0.000461954 0.0196613 0.000226787 
0.251664 5.64668e-07 0.332667 0.415669 
0.015191 0.983465 0.000562616 0.000781803 
0.955387 1.46348e-05 0.0118132 0.0327857 
0.321637 0.36935 0.0925585 0.216454 
0.767553 0.000393845 0.216155 0.0158982 
0.547458 0.00524516 0.10471 0.342587 
0.258206 0.00630727 0.118748 0.616739 
0.211025 8.04111e-06 0.734761 0.0542061 
0.27267 0.000980799 0.37949 0.346859 
0.904439 0.0125489 0.0504182 0.0325942 
0.375715 0.000985079 0.0840385 0.539261 
0.388664 0.251808 0.0283802 0.331148 
0.767844 1.89412e-05 0.231841 0.000295543 
0.957362 0.000721441 0.00997928 0.0319369 
0.852912 0.000778034 0.0545727 0.0917368 
0.398809 0.0152988 0.493063 0.0928289 
0.00078972 0.000357332 0.000324522 0.998528 
0.926206 1.31754e-10 0.0731236 0.000670225 
0.416857 0.000416313 0.573418 0.00930892 
0.0121523 0.000166989 0.986806 0.000874893 
0.865461 1.5488e-05 0.10477 0.0297533 
0.214593 0.271065 0.0429884 0.471354 
0.0969795 0.000921989 0.00531798 0.896781 
0.465846 0.0105235 0.462346 0.0612847 
0.952257 0.000356961 0.0349764 0.0124096 
0.916073 0.00020471 0.0734604 0.0102619 
0.593041 0.000143315 0.275029 0.131787 
0.676507 0.000677953 0.232731 0.0900833 
0.664868 0.0019981 0.0729534 0.260181 
0.0812422 0.0029627 0.831813 0.0839821 
0.242755 0.712418 0.0408565 0.00397127 
0.77782 0.000226373 0.163366 0.0585879 
0.927831 3.55406e-05 0.0547442 0.0173897 
0.498611 0.40693 0.0702843 0.0241746 
0.368978 9.12138e-05 0.578036 0.0528956 
0.0248327 4.49626e-11 0.975167 6.79681e-07 
0.736966 0.00474894 0.0458065 0.212479 
0.968515 1.25726e-05 0.00595524 0.0255169 
0.939956 0.0224005 0.0220342 0.0156094 
0.332662 0.248734 0.170353 0.248251 
0.630914 0.000592431 0.341901 0.0265929 
0.015191 0.983465 0.000562616 0.000781803 
0.0392575 0.000209265 0.940295 0.0202385 
0.031614 0.475679 0.237326 0.255381 
0.414954 0.0148318 0.341558 0.228656 
0.749271 0.00302979 0.186106 0.0615936 
0.370231 4.72414e-05 0.616857 0.0128643 
0.642895 0.0194199 0.115321 0.222363 
0.0672668 3.30823e-05 0.931321 0.00137943 
0.015191 0.983465 0.000562616 0.000781803 
0.335248 0.527496 0.113714 0.0235424 
0.976075 0.0081633 0.0126871 0.00307446 
0.333146 0.00565171 0.394028 0.267174 
0.946176 0.00157196 0.0457513 0.00650031 
0.92874 2.36029e-05 0.0649467 0.0062892 
0.914267 0.000509871 0.0675711 0.0176517 
0.908059 0.0351993 0.0307347 0.0260073 
0.909727 0.0160768 0.00495034 0.0692458 
0.053331 0.564137 0.1453 0.237231 
0.889956 0.0154102 0.0410135 0.0536202 
2.18561e-05 0.000597696 0.00323416 0.996146 
0.964639 7.4266e-07 0.0249068 0.0104535 
0.721649 2.46291e-06 0.209481 0.0688678 
0.164601 0.00623724 0.775481 0.0536806 
0.865461 1.5488e-05 0.10477 0.0297533 
0.355946 5.36801e-07 0.0102631 0.63379 
0.840304 0.0518702 0.0201268 0.0876995 
0.015191 0.983465 0.000562616 0.000781803 
0.730486 0.0840187 0.121834 0.0636614 
0.514946 0.00114049 0.464257 0.0196562 
0.865461 1.5488e-05 0.10477 0.0297533 
0.238484 1.7195e-05 0.0117624 0.749736 
0.015191 0.983465 0.000562616 0.000781803 
0.0782849 0.00149384 0.0664396 0.853782 
0.409792 0.000184537 0.135764 0.45426 
0.015191 0.983465 0.000562616 0.000781803 
0.939731 3.65441e-07 0.0596843 0.000584715 
0.015191 0.983465 0.000562616 0.000781803 
0.919261 0.00802147 0.0446058 0.0281118 
0.63432 0.0398364 0.0435337 0.28231 
0.930552 9.50328e-05 0.0467591 0.0225938 
0.991116 3.66288e-06 0.00789969 0.000980945 
0.594093 0.00165138 0.250202 0.154054 
0.145412 0.791258 0.00660982 0.0567204 
0.834771 2.62429e-05 0.145765 0.0194376 
0.822722 0.00242075 0.0511872 0.12367 
0.836054 0.00589517 0.134918 0.0231321 
0.0726492 0.000374286 0.832491 0.0944852 
0.129566 2.27524e-05 0.834429 0.0359818 
0.780089 0.000377441 0.00433061 0.215203 
0.00720023 0.000834286 0.00291406 0.989051 
0.872945 0.013262 0.0322045 0.0815888 
0.773958 0.0117714 0.190089 0.0241822 
0.0552958 1.91421e-07 8.37218e-05 0.94462 
0.369193 0.0609494 0.415191 0.154667 
0.949446 0.000135909 0.0478724 0.00254612 
0.015191 0.983465 0.000562616 0.000781803 
0.121508 0.000206112 0.158443 0.719843 
0.189944 0.000295781 0.804002 0.00575842 
0.57339 4.83874e-06 0.423277 0.00332757 
0.941179 2.97252e-08 0.0107178 0.0481031 
0.947725 3.45857e-05 0.0514956 0.000744401 
0.0357224 0.843704 0.110142 0.0104315 
-nan -nan -nan -nan 
0.956722 0.000631294 0.0265436 0.0161029 
0.502532 0.00271025 0.420094 0.0746631 
0.111384 0.000881379 0.861248 0.0264866 
0.999605 2.07974e-08 7.9602e-06 0.000387301 
0.188716 0.00107461 0.0232968 0.786913 
0.697133 0.0013165 0.276858 0.024692 
0.64161 1.21363e-05 0.136562 0.221816 
0.501073 0.147801 0.0482704 0.302855 
0.910296 4.45807e-11 0.0809306 0.00877375 
0.736041 0.0035423 0.192115 0.0683018 
0.360137 0.00898807 0.0320374 0.598838 
0.278362 0.000472279 0.633176 0.0879897 
0.719806 0.000189241 0.185303 0.0947012 
0.162227 4.34006e-05 0.326943 0.510786 
0.8705 0.000310716 0.105872 0.0233165 
0.0302348 0.000160164 0.0458457 0.923759 
0.986187 8.01005e-09 0.0113533 0.0024595 
0.935813 3.59072e-09 0.0599995 0.00418755 
0.922046 0.00344845 0.030006 0.0444992 
0.342728 8.22248e-07 0.644018 0.0132523 
0.97232 0.000324674 0.0251331 0.00222216 
0.873922 0.0170849 0.105291 0.00370191 
0.0670104 0.0244664 0.175651 0.732872 
0.896396 2.63873e-09 0.098902 0.00470243 
0.336263 3.81409e-08 0.629433 0.0343038 
0.015191 0.983465 0.000562616 0.000781803 
0.0498908 0.000835774 0.922438 0.0268349 
0.768126 0.00019436 0.0342881 0.197392 
0.0649409 0.000280364 0.929378 0.0054011 
0.892506 2.65377e-05 0.0901355 0.0173322 
0.569315 0.000311826 0.0763147 0.354058 
0.974154 0.000406135 0.00294604 0.0224938 
0.0156998 0.00196489 0.981933 0.000402312 
0.649561 0.0211066 0.122627 0.206706 
0.870949 0.0312135 0.0290899 0.0687473 
0.758466 0.022896 0.176372 0.0422669 
0.973081 7.66663e-10 0.0267071 0.00021153 
0.015191 0.983465 0.000562616 0.000781803 
0.272863 0.0217664 0.499685 0.205686 
0.857102 3.85357e-06 0.0667602 0.0761343 
0.464743 0.275936 0.0358619 0.223459 
0.911704 9.25971e-06 0.081373 0.00691343 
0.183605 0.000598028 0.0126386 0.803159 
0.900583 0.00826967 0.00374283 0.0874044 
0.963684 9.93491e-06 0.0314493 0.00485693 
0.969037 0.00413611 0.0155594 0.011268 
0.631711 0.000239943 0.327872 0.040177 
0.321605 0.0124352 0.604188 0.0617721 
0.999872 4.25381e-05 4.25447e-05 4.25415e-05 
0.742545 0.0667809 0.111171 0.0795029 
0.964483 0.000574827 0.0286893 0.00625283 
0.0202396 0.0021114 0.0297131 0.947936 
0.899073 0.0216995 0.0176172 0.0616103 
0.294065 0.323963 0.304299 0.0776722 
0.890079 0.00250105 0.0640423 0.0433775 
0.0357224 0.843704 0.110142 0.0104315 
0.774073 0.000552717 0.00909836 0.216276 
0.970737 0.00110975 0.017823 0.0103302 
0.928484 0.0114943 0.0565584 0.00346301 
0.00781231 0.00032998 0.989024 0.00283343 
0.19513 0.00816683 0.264101 0.532602 
0.00799734 2.47409e-10 0.0786207 0.913382 
0.137623 0.00392519 0.181413 0.677039 
0.00631786 0.000358536 0.00453195 0.988792 
0.0415726 0.00117942 0.957036 0.000212015 
0.0415726 0.00117942 0.957036 0.000212015 
0.015191 0.983465 0.000562616 0.000781803 
0.95099 0.000186778 0.0480221 0.000800669 
0.556227 0.00332451 0.334822 0.105627 
0.67887 0.0275242 0.279231 0.0143741 
0.015191 0.983465 0.000562616 0.000781803 
0.031614 0.475679 0.237326 0.255381 
0.0470022 7.80587e-08 0.95049 0.00250789 
0.636684 0.0841846 0.0613345 0.217797 
0.227678 0.000166185 0.116138 0.656019 
0.92068 0.00117715 0.0452181 0.0329248 
0.502059 0.0220543 0.138052 0.337835 
0.015191 0.983465 0.000562616 0.000781803 
0.000515073 4.49367e-06 0.999478 2.15591e-06 
0.235278 0.0120584 0.00667448 0.745989 
0.722904 0.00081046 0.0107327 0.265552 
0.780094 0.000616274 0.189425 0.0298644 
0.392394 0.0108046 0.00695613 0.589845 
0.564842 0.314577 0.0879483 0.0326333 
0.00209469 0.000267947 0.00350089 0.994136 
0.361236 1.43969e-05 0.55843 0.0803196 
0.015191 0.983465 0.000562616 0.000781803 
0.551392 0.00226083 0.135836 0.310512 
0.84948 2.29197e-05 0.0796365 0.0708606 
0.436628 0.00499901 0.0478369 0.510536 
0.765595 1.16303e-05 0.216606 0.0177874 
0.777801 3.86193e-06 0.000735427 0.22146 
0.915572 6.67774e-06 0.0796457 0.004776 
0.747734 0.00112678 0.180665 0.0704741 
0.015191 0.983465 0.000562616 0.000781803 
0.880535 0.00556323 0.0857166 0.0281857 
0.987631 1.35101e-05 0.00222578 0.0101294 
0.000107947 1.90292e-06 4.66538e-07 0.99989 
0.299174 0.0972348 0.0409453 0.562646 
0.891901 0.0121972 0.0869402 0.00896144 
0.114689 0.00261576 0.1107 0.771994 
0.189937 0.0017088 0.0637694 0.744585 
0.207941 0.000115936 0.0239905 0.767953 
0.714452 0.000984272 0.0663875 0.218176 
0.842569 0.000407226 0.12749 0.0295333 
0.0572896 0.272799 0.0197694 0.650142 
0.0105452 4.0913e-05 0.988946 0.000467781 
0.973552 9.02004e-05 0.0258769 0.000480961 
0.895064 0.000132084 1.52853e-05 0.104789 
0.474704 0.000266862 0.0189352 0.506094 
0.670544 0.0230185 0.247409 0.0590285 
0.739035 0.182529 0.0539893 0.0244469 
0.248275 0.00099845 0.73926 0.0114659 
0.874628 0.00231915 0.0788263 0.0442263 
0.14861 0.000169249 0.0798279 0.771393 
0.985752 0.00293833 0.0014928 0.00981705 
0.930248 5.67401e-09 0.0679835 0.00176853 
0.868555 0.00300909 0.116861 0.0115753 
0.796882 9.36305e-05 0.186124 0.0169002 
0.0176976 0.00101061 0.010568 0.970724 
0.370323 0.00113297 0.0783615 0.550183 
0.953135 0.000696034 0.00151073 0.0446581 
0.965141 4.70788e-05 0.0255378 0.00927365 
0.895517 1.81504e-08 0.0913917 0.0130915 
0.753939 0.00109149 0.0778838 0.167085 
0.755008 0.00127158 0.201013 0.0427076 
0.900165 0.0111834 0.0514135 0.0372377 
0.522159 0.000106169 0.301183 0.176552 
0.00296269 0.00203743 0.993775 0.0012249 
0.273153 0.00592231 0.698941 0.0219833 
0.0357224 0.843704 0.110142 0.0104315 
0.901639 0.011951 0.0297318 0.0566781 
0.796882 9.36305e-05 0.186124 0.0169002 
0.436978 0.000655307 0.326562 0.235805 
0.952405 0.000184986 0.0267007 0.0207098 
0.9295 0.00144058 0.0541273 0.0149324 
0.61131 0.000576872 0.324886 0.0632268 
0.391675 0.0569603 0.142512 0.408853 
0.887265 0.00305874 0.0905477 0.0191283 
0.015191 0.983465 0.000562616 0.000781803 
0.991564 1.41259e-05 0.00592043 0.00250144 
0.446092 0.140088 0.309605 0.104214 
0.592643 0.235126 0.0569049 0.115326 
0.015191 0.983465 0.000562616 0.000781803 
0.767621 0.025437 0.166171 0.0407714 
0.946914 4.17501e-07 0.0526412 0.000444142 
0.888617 0.000827015 0.0827455 0.0278106 
0.610679 5.69066e-05 0.382137 0.00712716 
0.768243 0.000393403 0.0198198 0.211543 
0.816613 2.12664e-08 0.182984 0.000402844 
0.558 0.236542 0.128515 0.0769434 
0.0357224 0.843704 0.110142 0.0104315 
0.112921 0.0081253 0.00418602 0.874768 
0.801492 0.00106545 0.191469 0.00597354 
0.255504 9.95817e-05 0.722345 0.0220512 
0.295818 1.95693e-05 0.0569351 0.647227 
0.0847325 5.12211e-05 0.0303951 0.884821 
0.89979 0.00103976 0.0782524 0.0209178 
0.919261 0.00802147 0.0446058 0.0281118 
0.855855 0.00750672 0.128046 0.00859156 
0.784282 0.00446905 0.167698 0.0435517 
0.989015 1.00938e-05 0.00705918 0.00391556 
0.132384 0.00540662 0.852931 0.00927823 
0.419576 3.20752e-05 0.558907 0.0214846 
0.716592 0.0301311 0.201335 0.0519417 
0.176343 0.375384 0.000499704 0.447773 
0.015191 0.983465 0.000562616 0.000781803 
0.883678 0.00562474 0.0579124 0.0527846 
0.967143 0.00949928 0.0217969 0.00156102 
0.870484 0.021089 0.105414 0.00301323 
0.469481 0.233216 0.0413419 0.255961 
0.787849 0.0568283 0.0300761 0.125247 
0.015191 0.983465 0.000562616 0.000781803 
0.839185 0.000844358 0.139347 0.0206236 
0.94949 0.00306872 0.0394554 0.00798579 
0.986971 5.90446e-06 0.0053839 0.00763908 
0.320036 0.0221293 0.544002 0.113833 
0.347366 0.000124144 0.603427 0.0490827 
0.513928 8.62196e-05 0.152129 0.333857 
0.966341 5.32622e-08 0.0129351 0.0207241 
0.015191 0.983465 0.000562616 0.000781803 
0.739583 0.00591322 0.00653456 0.24797 
0.9813 5.49199e-05 0.011448 0.00719701 
0.955387 1.46348e-05 0.0118132 0.0327857 
0.632462 0.000260499 0.317793 0.0494846 
0.171252 0.55014 0.208583 0.0700248 
0.636711 0.123914 0.239348 2.70319e-05 
0.015191 0.983465 0.000562616 0.000781803 
0.704313 0.000313816 0.28067 0.0147024 
0.015191 0.983465 0.000562616 0.000781803 
0.00172482 0.997627 1.95139e-05 0.000628318 
0.916874 3.74834e-05 0.0234196 0.0596687 
0.925836 7.02684e-05 0.0224287 0.0516651 
0.042235 0.00026884 0.750967 0.206529 
0.00172482 0.997627 1.95139e-05 0.000628318 
0.827586 0.0613827 0.0951235 0.0159078 
0.015191 0.983465 0.000562616 0.000781803 
0.874205 1.55731e-05 0.117198 0.00858111 
0.999424 1.23313e-12 0.000575639 2.05274e-08 
0.304584 0.000328959 0.119285 0.575802 
0.925457 0.0012034 0.0682013 0.00513867 
0.229262 1.71241e-05 0.765102 0.00561885 
0.0357224 0.843704 0.110142 0.0104315 
0.015191 0.983465 0.000562616 0.000781803 
0.501073 0.147801 0.0482704 0.302855 
0.853378 0.0152838 0.0716689 0.059669 
0.264523 0.0175193 0.705623 0.0123341 
0.877754 6.71729e-05 0.115647 0.00653191 
0.419371 0.0159702 0.266257 0.298402 
0.000719102 1.87891e-07 0.000497552 0.998783 
0.900746 3.4168e-08 0.0700831 0.029171 
0.923631 0.000643276 0.0667699 0.00895615 
0.867166 0.0203513 0.0218122 0.0906708 
0.97255 5.58849e-05 0.0158047 0.0115899 
0.969309 1.8123e-05 0.0274694 0.00320352 
0.0593323 7.17655e-05 0.937378 0.00321762 
0.0357224 0.843704 0.110142 0.0104315 
0.492166 0.00024512 0.177556 0.330034 
0.183674 0.00122447 0.0599143 0.755188 
0.205628 0.0942883 0.124857 0.575227 
0.00172482 0.997627 1.95139e-05 0.000628318 
0.777944 6.59988e-06 0.208759 0.0132896 
0.241917 0.745012 0.00152089 0.0115497 
0.0305955 5.02484e-05 0.0244021 0.944952 
0.0357224 0.843704 0.110142 0.0104315 
0.977471 0.0196503 0.000112742 0.00276583 
0.742053 0.0265231 0.192958 0.0384659 
0.938358 0.00254459 0.0545291 0.00456816 
0.015191 0.983465 0.000562616 0.000781803 
0.0330349 4.79107e-05 0.948855 0.0180625 
0.0847443 1.21529e-05 0.895316 0.0199276 
0.24136 0.0465388 0.297092 0.415009 
0.9562 7.47142e-05 0.012892 0.0308329 
0.0357224 0.843704 0.110142 0.0104315 
0.015191 0.983465 0.000562616 0.000781803 
0.801811 0.00347859 0.146344 0.0483659 
0.736491 0.0863875 0.0764643 0.100657 
0.924639 1.01037e-06 0.0749331 0.000426711 
0.0125435 0.00292772 1.84217e-06 0.984527 
0.43698 0.184105 0.124883 0.254032 
0.821263 3.5716e-05 0.17843 0.000271758 
0.795171 5.31005e-07 0.201623 0.0032049 
0.212111 3.6156e-06 0.781422 0.00646277 
0.169926 0.00131179 0.756301 0.0724619 
0.206106 0.00737932 0.137255 0.649259 
0.0645176 0.00136497 0.933722 0.000395684 
0.120483 9.49949e-05 0.138054 0.741368 
0.671007 0.166579 0.0452791 0.117135 
0.487411 0.219293 0.110798 0.182499 
0.158575 2.83219e-05 0.0301434 0.811253 
0.822896 0.000111956 0.135232 0.0417603 
0.309961 5.71146e-06 0.490943 0.199091 
0.0127907 4.31052e-10 0.0300388 0.957171 
0.015191 0.983465 0.000562616 0.000781803 
0.435226 0.152994 0.0856088 0.326171 
0.94112 0.00134299 0.0525035 0.00503326 
0.0875769 0.000220951 0.0405975 0.871605 
0.015191 0.983465 0.000562616 0.000781803 
0.959595 0.000497227 0.00145951 0.0384483 
0.899508 0.0145155 0.0764047 0.00957132 
0.0197097 0.000128484 0.979041 0.00112088 
0.95167 0.000360129 0.0276241 0.0203459 
0.930206 0.000724264 0.0583652 0.0107048 
0.923693 0.000112331 0.0452964 0.0308984 
0.740734 0.00118034 0.195427 0.0626587 
0.657544 3.87257e-08 0.340196 0.00226007 
0.0560307 0.0364737 0.100096 0.8074 
0.891701 1.94766e-06 0.106534 0.00176357 
0.940858 2.29115e-11 0.00511655 0.0540254 
0.996395 2.17967e-05 0.00182835 0.00175447 
0.29749 0.000164528 0.675176 0.0271692 
0.915569 0.000596893 0.0533715 0.0304622 
0.542196 0.0176053 0.178609 0.26159 
0.985422 2.44104e-06 0.0134342 0.00114128 
0.114294 0.000199966 0.0383295 0.847176 
0.545722 0.306916 0.0471649 0.100197 
0.00172482 0.997627 1.95139e-05 0.000628318 
0.015191 0.983465 0.000562616 0.000781803 
0.0457625 0.0284199 0.0570757 0.868742 
0.935717 0.00121345 0.00288889 0.0601806 
0.277714 0.000207864 0.713193 0.00888548 
-nan -nan -nan -nan 
0.236701 7.00861e-05 0.245737 0.517492 
0.172852 0.00608671 0.790344 0.0307165 
0.944711 6.45325e-05 0.0540158 0.00120836 
0.035184 0.000107696 0.952639 0.0120693 
0.00191482 0.996714 0.000269909 0.00110144 
0.015191 0.983465 0.000562616 0.000781803 
0.00172482 0.997627 1.95139e-05 0.000628318 
0.65467 0.306423 0.0185068 0.0204 
0.749176 0.000115263 0.152553 0.0981558 
0.785169 0.029301 0.177717 0.00781317 
0.95167 0.000360129 0.0276241 0.0203459 
0.192451 3.48333e-06 0.801771 0.00577408 
0.367891 0.0588253 0.0464941 0.526789 
0.848058 0.0192803 0.0948233 0.0378381 
0.0116538 4.78822e-05 0.031696 0.956602 
0.782533 0.00373733 0.198932 0.0147979 
0.920823 8.41526e-05 0.0611028 0.0179899 
0.893086 0.0002831 0.0839095 0.022721 
0.990569 0.00022686 0.00579851 0.00340586 
0.015191 0.983465 0.000562616 0.000781803 
0.233305 0.00868773 0.7061 0.0519071 
0.0305955 5.02484e-05 0.0244021 0.944952 
0.981921 6.23694e-07 0.00142356 0.0166548 
0.267585 0.0116199 0.0236939 0.697102 
0.015191 0.983465 0.000562616 0.000781803 
0.679142 0.000827058 0.304581 0.0154501 
0.452119 3.18836e-05 0.3295 0.218349 
0.95482 0.00265969 0.0353217 0.00719878 
0.015191 0.983465 0.000562616 0.000781803 
0.844392 0.0671858 0.0460371 0.0423853 
0.0176976 0.00101061 0.010568 0.970724 
0.374006 0.000616424 0.0275648 0.597813 
0.015191 0.983465 0.000562616 0.000781803 
0.33347 0.161426 0.10974 0.395363 
0.818007 0.0227876 0.0155924 0.143613 
0.431654 0.000431971 0.00649095 0.561423 
0.965138 0.000168162 0.0235398 0.0111543 
0.501073 0.147801 0.0482704 0.302855 
0.484462 0.00181518 0.0951408 0.418582 
0.969913 5.02958e-05 0.026974 0.00306257 
0.188008 0.0979092 0.188004 0.526079 
0.621086 0.0394525 0.0536622 0.2858 
0.000452829 9.25748e-05 0.000159724 0.999295 
0.915385 6.01074e-05 0.0773563 0.00719855 
0.930428 0.000244293 0.0615123 0.00781506 
0.157126 0.0570021 0.210727 0.575145 
0.819476 0.04462 0.0919799 0.0439244 
0.997089 4.92117e-05 0.00260987 0.000252079 
0.993623 0.000640239 0.00469049 0.00104631 
0.941317 5.21388e-06 0.0536175 0.0050605 
0.388897 0.407515 0.083564 0.120024 
0.040393 0.000251329 0.126813 0.832543 
0.944937 2.83524e-05 0.0542324 0.000802723 
0.914975 1.28015e-05 0.0475952 0.037417 
0.015191 0.983465 0.000562616 0.000781803 
0.478747 0.00110247 0.0841032 0.436048 
0.854736 0.000165116 0.0348947 0.110205 
0.360762 0.00287295 0.290229 0.346136 
0.499908 1.43623e-06 0.494029 0.00606178 
0.0357224 0.843704 0.110142 0.0104315 
0.0819721 0.00101682 0.915901 0.00111007 
0.0782849 0.00149384 0.0664396 0.853782 
0.515128 0.0246946 0.120506 0.339671 
0.593314 0.0171135 0.0720451 0.317528 
0.015191 0.983465 0.000562616 0.000781803 
0.72572 9.97406e-05 0.232359 0.0418205 
0.453437 0.000110063 1.7989e-05 0.546435 
0.51255 0.0184726 0.00639706 0.46258 
0.706226 9.05809e-07 0.257739 0.0360347 
0.015191 0.983465 0.000562616 0.000781803 
0.0415726 0.00117942 0.957036 0.000212015 
0.925356 0.000115728 0.0722962 0.00223171 
0.857616 0.0729857 0.0681062 0.00129187 
0.419276 0.000315039 0.100004 0.480405 
0.015191 0.983465 0.000562616 0.000781803 
0.897056 0.0191846 0.0818492 0.00191042 
0.412808 0.00973493 0.120676 0.456781 
0.015191 0.983465 0.000562616 0.000781803 
0.830173 0.126666 0.00215193 0.0410089 
0.845149 0.000815274 0.148043 0.00599341 
0.0645245 0.00066219 0.860845 0.0739683 
0.88881 0.0143679 0.0847788 0.0120435 
0.0885281 0.00529226 0.877599 0.0285811 
0.789683 0.0845006 0.0508158 0.0750002 
0.873922 0.0170849 0.105291 0.00370191 
0.676757 0.000257615 0.319945 0.00304062 
0.88218 1.05036e-05 0.0896416 0.0281676 
0.0896724 0.000105713 0.0211802 0.889042 
0.0551701 0.000105818 0.0087007 0.936023 
0.243527 1.29843e-05 0.0608366 0.695623 
0.235278 0.0120584 0.00667448 0.745989 
0.961315 0.0033408 0.000455331 0.0348888 
0.251594 9.65997e-06 0.0944059 0.65399 
0.313824 0.00052403 0.54604 0.139612 
0.015191 0.983465 0.000562616 0.000781803 
0.40491 0.000201135 0.00656174 0.588327 
0.461667 1.05154e-06 0.531625 0.00670689 
0.26855 1.0778e-05 0.689433 0.0420067 
0.350386 0.00013004 0.0881321 0.561352 
0.413436 0.00352749 0.0127235 0.570313 
0.538133 0.00639121 0.185908 0.269567 
0.251196 0.0601424 0.0978098 0.590852 
-nan -nan -nan -nan 
0.75953 0.00183933 0.0771707 0.16146 
0.88585 1.91983e-10 0.113882 0.000268368 
0.168447 0.155974 0.384454 0.291125 
0.015191 0.983465 0.000562616 0.000781803 
0.944711 6.45325e-05 0.0540158 0.00120836 
0.840268 0.000386689 0.125885 0.0334607 
0.00400982 0.000603317 0.00325172 0.992135 
0.594164 0.0941114 0.0455978 0.266127 
0.0755384 0.00132963 0.199611 0.723521 
0.897028 0.000937987 0.0701517 0.0318828 
0.00172482 0.997627 1.95139e-05 0.000628318 
0.798159 0.0124879 0.0763427 0.11301 
0.928878 7.62146e-05 0.0599593 0.0110867 
0.387024 0.0137792 0.251758 0.347439 
0.342728 8.22248e-07 0.644018 0.0132523 
0.976168 0.0141447 0.00368609 0.00600162 
0.715167 0.189714 0.0453094 0.0498098 
0.22827 0.0296325 0.396961 0.345137 
0.960748 0.000551146 0.0285183 0.0101827 
0.015191 0.983465 0.000562616 0.000781803 
0.843955 0.000753556 0.142074 0.0132175 
0.145496 0.00138187 0.433977 0.419145 
0.817821 3.90581e-05 0.122226 0.0599133 
0.100359 0.00133316 0.0477961 0.850511 
0.015191 0.983465 0.000562616 0.000781803 
0.050622 0.0155232 0.908331 0.025524 
0.243527 1.29843e-05 0.0608366 0.695623 
0.918283 0.0403706 0.0238267 0.0175195 
0.994577 5.50146e-06 0.000973161 0.00444443 
0.670019 0.00899501 0.315389 0.00559688 
0.228595 6.29602e-06 0.771393 6.29652e-06 
0.89909 0.00017479 0.0562326 0.044503 
0.966612 0.00604353 0.0116239 0.0157202 
0.501073 0.147801 0.0482704 0.302855 
0.00191482 0.996714 0.000269909 0.00110144 
0.975031 3.95348e-06 0.0213072 0.00365825 
0.93115 0.00339214 0.0379583 0.0274996 
0.938906 0.000382246 0.0132212 0.0474904 
0.81083 0.000529331 0.181959 0.00668135 
0.0806459 0.0023399 0.91674 0.000274446 
0.0357224 0.843704 0.110142 0.0104315 
0.015191 0.983465 0.000562616 0.000781803 
0.283198 0.00588124 0.640688 0.0702325 
0.015191 0.983465 0.000562616 0.000781803 
0.440226 7.18551e-07 0.0141067 0.545666 
0.819227 0.015546 0.152534 0.0126929 
0.945161 0.00252244 0.0377747 0.0145413 
0.00172482 0.997627 1.95139e-05 0.000628318 
0.0357224 0.843704 0.110142 0.0104315 
0.983612 5.5678e-05 0.000664906 0.0156673 
0.291991 0.000251714 0.112917 0.594841 
0.192543 8.42593e-05 0.0155335 0.791839 
0.869745 0.000100381 0.0599111 0.0702438 
0.859331 0.00699161 0.111466 0.0222108 
0.254788 0.224989 0.0336646 0.486558 
0.927695 0.00834679 0.0503981 0.0135603 
0.784809 9.53126e-05 0.0090033 0.206092 
0.140079 0.01081 0.461911 0.3872 
0.836592 0.000104051 0.0790292 0.0842747 
0.0357224 0.843704 0.110142 0.0104315 
0.0685293 0.00541446 0.258158 0.667898 
0.820383 0.0914432 0.0517055 0.0364684 
0.375982 0.00315343 0.150071 0.470793 
0.906124 0.000179252 0.042121 0.0515753 
0.0133416 0.0977807 5.49334e-05 0.888823 
0.470723 0.0389386 0.0912229 0.399116 
0.632486 0.00974314 0.0229191 0.334852 
0.887562 0.00590737 0.089741 0.0167894 
0.0176976 0.00101061 0.010568 0.970724 
0.943234 0.000143467 0.0508775 0.00574502 
0.352112 0.0593543 0.0916696 0.496864 
0.00232988 0.00215566 0.00691243 0.988602 
0.952337 3.53633e-05 0.0391976 0.00843036 
0.873379 0.0347124 0.0487009 0.0432081 
0.501073 0.147801 0.0482704 0.302855 
0.299757 7.23797e-08 0.548236 0.152006 
0.8395 0.000866928 0.136643 0.0229895 
0.263836 0.00289711 0.411793 0.321474 
0.932775 1.54328e-06 0.0660787 0.00114428 
0.854223 0.000205734 0.0962159 0.0493556 
0.668116 4.06692e-06 0.245854 0.0860258 
0.0357224 0.843704 0.110142 0.0104315 
0.692531 0.0777833 0.137631 0.0920538 
0.172034 3.58998e-06 0.826451 0.00151155 
0.015191 0.983465 0.000562616 0.000781803 
0.588398 0.26896 0.113406 0.0292357 
0.015191 0.983465 0.000562616 0.000781803 
0.950048 0.00168192 0.0243315 0.0239386 
0.0469085 4.35413e-08 0.950638 0.00245292 
0.747596 6.25451e-05 0.215792 0.0365499 
0.330743 0.000207407 0.0745436 0.594506 
0.188996 0.00998442 0.779642 0.0213775 
0.015191 0.983465 0.000562616 0.000781803 
0.97347 3.48125e-05 0.00894358 0.0175515 
0.749944 0.0149581 0.167744 0.0673542 
0.0174302 1.50389e-09 0.334464 0.648106 
0.0873149 0.00768982 0.0809339 0.824061 
0.760952 3.03161e-07 0.203453 0.0355941 
0.821263 3.5716e-05 0.17843 0.000271758 
0.993239 0.00589764 3.38407e-05 0.000829921 
0.982301 0.00194176 0.010843 0.00491454 
0.712899 0.00532911 0.0821272 0.199645 
0.797944 0.028373 0.123586 0.0500974 
0.015191 0.983465 0.000562616 0.000781803 
0.189937 0.0017088 0.0637694 0.744585 
0.00172482 0.997627 1.95139e-05 0.000628318 
0.865461 1.5488e-05 0.10477 0.0297533 
0.0940399 0.00977392 0.22531 0.670876 
0.851416 0.00078584 0.128878 0.0189196 
0.255222 0.000667995 0.032089 0.712021 
0.031614 0.475679 0.237326 0.255381 
0.971004 2.81708e-07 0.0281825 0.000812855 
0.34073 0.000415451 0.634781 0.0240731 
0.947134 0.000206101 0.028689 0.0239707 
0.99982 1.18084e-06 1.89353e-05 0.000159927 
0.987405 0.00679659 0.000905849 0.00489289 
0.884789 0.000152325 0.08047 0.0345884 
0.015191 0.983465 0.000562616 0.000781803 
0.864281 0.0236017 0.0150855 0.0970314 
0.00191482 0.996714 0.000269909 0.00110144 
0.659991 0.00588398 0.205704 0.128422 
0.177747 3.97785e-06 0.653651 0.168598 
0.140548 0.00489078 0.0807711 0.77379 
0.939183 0.0343514 0.0175633 0.00890235 
0.767427 0.00135884 0.124921 0.106294 
0.015191 0.983465 0.000562616 0.000781803 
0.995574 2.35097e-05 0.00323211 0.00116993 
0.000137452 1.33325e-05 0.000439207 0.99941 
0.173253 0.00372357 0.0559744 0.767049 
0.433161 0.00173963 0.318509 0.246591 
0.215754 1.27774e-05 0.780192 0.00404081 
0.015191 0.983465 0.000562616 0.000781803 
0.004292 7.0516e-05 0.00372022 0.991917 
0.886378 0.000361284 0.101109 0.0121517 
0.431024 0.00742343 0.0863562 0.475197 
0.833016 0.0342177 0.0875571 0.0452095 
0.68819 2.61352e-08 0.311655 0.000154738 
0.926885 4.90625e-05 0.0399123 0.0331534 
0.94656 8.5763e-05 0.0398786 0.0134759 
0.564689 1.04808e-05 0.427991 0.00730864 
0.869284 0.00907133 0.109276 0.012368 
0.210909 0.000640452 0.0510906 0.73736 
0.992139 8.46193e-07 0.00716589 0.000694654 
0.919885 1.42504e-05 0.065737 0.0143643 
0.483897 0.177388 0.0419756 0.296739 
0.334072 0.0372963 0.0703261 0.558306 
0.332254 0.089945 0.0337004 0.544101 
0.953044 0.00121115 0.0455605 0.000184101 
0.0723755 5.61025e-05 0.00246949 0.925099 
0.320334 0.00284522 0.141477 0.535344 
0.425792 0.0120216 0.196331 0.365856 
0.972973 1.23072e-05 0.015766 0.0112491 
0.445044 1.13044e-05 4.93e-05 0.554895 
0.857084 0.00446946 0.119727 0.0187201 
0.669664 0.01911 0.0709454 0.240281 
0.31223 4.97975e-05 0.0810302 0.60669 
0.0979312 0.0202604 0.871471 0.0103376 
0.723682 6.498e-08 0.22732 0.0489987 
0.373136 2.8129e-06 0.392512 0.234349 
0.973896 0.000159831 0.0079028 0.0180418 
0.887915 0.00309697 0.046853 0.0621354 
0.114294 0.000199966 0.0383295 0.847176 
0.483759 0.0222162 0.0856335 0.408392 
0.836726 0.000652915 0.0674824 0.0951383 
0.904723 1.18679e-06 0.0950539 0.000221805 
0.271077 0.00241277 0.706357 0.020154 
0.00191482 0.996714 0.000269909 0.00110144 
0.138129 0.0194767 0.0572805 0.785114 
0.0703046 3.25456e-07 0.452381 0.477314 
0.984658 0.000195948 0.000745688 0.0144006 
0.995045 1.64549e-05 0.00288483 0.00205404 
0.188008 0.0979092 0.188004 0.526079 
0.015191 0.983465 0.000562616 0.000781803 
0.947725 3.45857e-05 0.0514956 0.000744401 
0.391675 0.0569603 0.142512 0.408853 
0.35154 0.562079 0.0285241 0.0578572 
0.920667 0.00128619 0.0718696 0.00617726 
0.677333 0.00175759 0.1861 0.134809 
0.980391 0.000171779 0.00296412 0.0164735 
0.867296 0.060955 0.022973 0.0487758 
0.858816 0.00116408 0.125189 0.0148316 
0.435226 0.152994 0.0856088 0.326171 
0.96352 8.90631e-07 0.032392 0.00408731 
0.342728 8.22248e-07 0.644018 0.0132523 
0.858231 0.000625792 0.114773 0.0263697 
0.0510965 0.0118469 0.191813 0.745244 
0.89134 6.05778e-06 0.0956203 0.0130335 
0.0769589 5.33441e-09 0.258226 0.664815 
0.0769591 7.97019e-05 0.00722834 0.915733 
0.015191 0.983465 0.000562616 0.000781803 
0.015191 0.983465 0.000562616 0.000781803 
0.015191 0.983465 0.000562616 0.000781803 
0.342728 8.22248e-07 0.644018 0.0132523 
0.235474 0.078883 0.101725 0.583917 
0.759684 0.000140866 0.0943646 0.145811 
0.962458 0.00292855 0.0207369 0.0138765 
0.828157 0.00461602 0.103721 0.0635061 
0.342728 8.22248e-07 0.644018 0.0132523 
0.209825 0.00233633 0.776551 0.0112884 
0.86706 0.000216945 0.0810637 0.0516593 
0.015191 0.983465 0.000562616 0.000781803 
0.96958 9.50335e-05 0.0286991 0.00162563 
0.600541 0.241238 0.0456226 0.112598 
0.00781231 0.00032998 0.989024 0.00283343 
0.32377 0.000125317 0.638299 0.0378057 
2.18561e-05 0.000597696 0.00323416 0.996146 
0.943163 0.00132704 0.0148048 0.0407053 
0.940926 4.71633e-07 0.0587398 0.000333828 
0.160593 0.00019194 0.800605 0.0386103 
0.0189222 0.00036303 0.0109343 0.96978 
0.015191 0.983465 0.000562616 0.000781803 
0.48145 0.000191605 0.504589 0.0137689 
0.015191 0.983465 0.000562616 0.000781803 
0.015191 0.983465 0.000562616 0.000781803 
0.887228 9.75321e-05 0.0969443 0.0157299 
2.00557e-06 0.000580078 3.43358e-05 0.999384 
-nan -nan -nan -nan 
0.004292 7.0516e-05 0.00372022 0.991917 
0.00781392 0.00954567 0.213097 0.769544 
0.00191482 0.996714 0.000269909 0.00110144 
0.954399 3.26619e-05 0.0434155 0.00215324 
0.015191 0.983465 0.000562616 0.000781803 
0.015191 0.983465 0.000562616 0.000781803 
0.878463 4.32275e-05 0.11243 0.0090637 
0.015191 0.983465 0.000562616 0.000781803 
0.865461 1.5488e-05 0.10477 0.0297533 
0.004292 7.0516e-05 0.00372022 0.991917 
0.865461 1.5488e-05 0.10477 0.0297533 
0.015191 0.983465 0.000562616 0.000781803 
0.556877 0.00194323 0.279421 0.161759 
0.87995 0.0125061 0.0802973 0.0272463 
0.442452 3.48796e-05 0.459783 0.0977301 
0.930482 0.00012679 0.0552392 0.0141522 
0.015191 0.983465 0.000562616 0.000781803 
0.82247 0.00965914 0.143146 0.0247248 
0.203082 0.144048 0.0797346 0.573135 
0.668002 0.00022683 0.200309 0.131463 
0.17943 0.000291932 0.361209 0.459069 
0.122134 6.72924e-05 0.859729 0.0180694 
0.248733 3.87453e-06 0.611661 0.139602 
0.132384 0.00540662 0.852931 0.00927823 
0.90953 0.00095955 0.0656082 0.0239025 
0.843841 1.15221e-05 0.0488784 0.107269 
0.905262 0.0207294 0.049272 0.0247365 
0.0731638 0.000965159 0.925564 0.000307281 
2.18561e-05 0.000597696 0.00323416 0.996146 
0.853444 0.0495701 0.0648386 0.0321473 
0.252033 0.0164227 0.0587203 0.672824 
0.56745 0.00124151 0.30227 0.129038 
0.0685952 0.00134809 0.129443 0.800614 
0.573815 0.139794 0.0156585 0.270733 
0.137062 4.48908e-06 0.854649 0.00828421 
0.630162 8.70552e-05 0.278897 0.0908539 
2.18561e-05 0.000597696 0.00323416 0.996146 
0.511469 0.0236186 0.0296726 0.43524 
0.389582 0.000526453 0.102785 0.507106 
0.015191 0.983465 0.000562616 0.000781803 
0.146066 1.51217e-06 0.0607623 0.79317 
0.819476 0.04462 0.0919799 0.0439244 
0.015191 0.983465 0.000562616 0.000781803 
0.964646 0.000323287 0.00341746 0.0316134 
0.342728 8.22248e-07 0.644018 0.0132523 
0.900588 2.52254e-05 0.0443187 0.0550677 
0.881739 0.000429605 0.0296619 0.0881694 
0.0415726 0.00117942 0.957036 0.000212015 
0.721352 0.0299479 0.154576 0.0941238 
0.953044 0.00121115 0.0455605 0.000184101 
0.42675 0.56396 0.00308914 0.00620128 
0.985371 9.18708e-06 0.0121709 0.00244896 
0.643379 0.000139614 0.340022 0.016459 
0.921517 0.00295937 0.00536613 0.0701579 
0.40108 0.000749994 0.063 0.53517 
0.189937 0.0017088 0.0637694 0.744585 
0.015191 0.983465 0.000562616 0.000781803 
0.401021 0.222125 0.200152 0.176702 
0.969321 3.40636e-05 0.026908 0.00373666 
0.651076 0.0194604 0.140772 0.188692 
0.693728 0.0232089 0.10688 0.176183 
0.213596 0.0199602 0.148493 0.617951 
0.921836 0.000203697 0.0395687 0.0383921 
0.879185 0.00179323 0.0911912 0.0278301 
0.205077 2.92178e-07 0.793472 0.00145004 
0.0193888 8.62623e-06 0.97588 0.00472268 
0.272211 0.00100319 0.667476 0.0593101 
0.633132 1.66585e-05 0.0103879 0.356463 
0.0672668 3.30823e-05 0.931321 0.00137943 
0.136148 5.60833e-05 0.861349 0.0024464 
0.015191 0.983465 0.000562616 0.000781803 
0.236611 0.00050332 0.0616771 0.701209 
0.98361 1.13783e-06 0.010926 0.00546315 
0.709692 7.55806e-10 0.27634 0.0139684 
0.140108 0.840989 0.0133007 0.0056026 
0.435377 0.00116884 0.50194 0.0615139 
0.585213 1.79133e-05 0.368656 0.0461131 
0.00191482 0.996714 0.000269909 0.00110144 
0.950922 8.89959e-05 0.0428764 0.00611242 
0.825144 0.0219211 0.0519214 0.101013 
0.862747 0.00113841 0.122645 0.0134693 
0.94656 8.5763e-05 0.0398786 0.0134759 
0.945227 2.7367e-06 0.0467871 0.00798271 
0.860807 0.0106526 0.0474525 0.0810881 
0.935147 0.00143186 0.0584258 0.0049956 
0.32719 0.0161622 0.628249 0.0283989 
0.661368 5.29929e-06 0.3341 0.00452639 
0.855506 0.033331 0.0837678 0.0273955 
0.893568 0.000561871 0.103537 0.00233323 
0.0357224 0.843704 0.110142 0.0104315 
0.00747694 2.39188e-12 0.946871 0.0456517 
0.015191 0.983465 0.000562616 0.000781803 
0.342728 8.22248e-07 0.644018 0.0132523 
0.668528 0.00486708 0.294222 0.032383 
0.992553 7.05568e-06 0.00484528 0.00259508 
0.745986 0.000693957 0.23201 0.0213101 
0.797944 0.028373 0.123586 0.0500974 
0.57974 0.00220622 0.390388 0.0276651 
0.0572896 0.272799 0.0197694 0.650142 
0.529703 0.00184982 0.00719702 0.46125 
0.696005 0.000287842 0.271567 0.0321405 
0.23515 0.441256 0.181475 0.142119 
0.818316 9.8065e-08 0.152416 0.0292679 
0.0125435 0.00292772 1.84217e-06 0.984527 
0.220761 1.63558e-05 0.0588431 0.720379 
0.865461 1.5488e-05 0.10477 0.0297533 
0.998259 5.12691e-09 0.00149148 0.000249827 
0.799339 0.074519 0.00921912 0.116923 
0.0672668 3.30823e-05 0.931321 0.00137943 
0.4294 0.0817961 0.0235645 0.46524 
0.86997 0.00441257 0.074924 0.0506933 
0.546809 0.0126945 0.00518017 0.435316 
0.969528 7.08542e-05 0.0231051 0.00729659 
0.117973 0.0215563 0.0423268 0.818143 
0.922071 8.16616e-05 0.0499597 0.0278878 
0.575841 4.13988e-05 0.244244 0.179874 
0.238807 0.00918588 0.424094 0.327914 
0.932908 0.000196661 0.0400092 0.0268864 
0.865461 1.5488e-05 0.10477 0.0297533 
