0.630808 0.0167138 0.0065879 3.95624e-06 0.115737 0.00155866 0.0146634 0.000567726 0.0940259 0.119333 2.97328e-07 
0.550936 0.0346361 0.0650194 7.08544e-05 0.00473396 0.0180312 0.000956948 0.00495733 0.210254 0.110343 6.15935e-05 
0.388377 0.072308 0.0965433 5.2353e-05 0.00268043 0.0357107 0.00396033 0.0165477 0.322756 0.0608577 0.000206568 
0.880406 0.00336708 0.0215554 2.45992e-05 0.000493823 0.00111914 0.00269799 0.00072115 0.0470899 0.0425248 4.29545e-07 
0.76887 0.0157618 0.0315259 4.68359e-05 0.00826489 0.00105306 0.00475654 0.00638134 0.136073 0.0272449 2.15233e-05 
0.834184 0.0243564 0.00124007 2.79516e-09 0.00292591 0.0196313 1.00161e-06 0.0595064 0.0579836 9.6153e-08 0.000171651 
0.880406 0.00336708 0.0215554 2.45992e-05 0.000493823 0.00111914 0.00269799 0.00072115 0.0470899 0.0425248 4.29545e-07 
0.901316 0.00238623 0.0217119 0.000425291 0.000575116 2.46175e-08 8.62316e-09 0.000361733 0.0681431 0.00508028 1.46358e-09 
0.365304 0.047069 0.0783193 0.0336111 0.000836151 0.00873867 0.0122946 0.31971 0.130037 0.00330574 0.000773943 
0.446345 0.019081 0.0373616 0.00183599 0.00959297 0.000772062 0.1275 0.00616028 0.0370684 0.314281 1.88726e-06 
0.621776 0.10488 0.00238509 0.00533499 0.101217 3.3115e-08 0.000600698 0.0140707 0.0183363 0.0904691 0.0409294 
0.536924 0.00618186 0.229122 5.5046e-05 0.0338201 0.00397887 0.000503676 0.0762569 0.0951688 0.0179879 2.39685e-07 
0.942631 0.0396546 0.0062981 0.00118116 0.00167802 6.80024e-06 0.000205587 0.000291177 0.00679137 0.0012542 7.78456e-06 
0.808315 0.0217276 0.0391993 0.000172058 0.0021615 0.000834962 9.90594e-05 0.0138059 0.0728149 0.0408634 6.03934e-06 
0.521602 0.000517387 0.0579023 1.5685e-06 6.60942e-05 0.0273302 0.00614418 0.00266947 0.36041 0.0233557 1.07117e-06 
0.675353 0.167812 0.0945567 8.97669e-05 0.00821975 0.00171474 0.00077187 0.00424141 0.027533 0.0197072 2.42652e-07 
0.34997 0.192324 0.0585479 0.000244513 0.0082878 0.00764206 1.15675e-06 0.0501357 0.309035 0.0237913 2.05035e-05 
0.880406 0.00336708 0.0215554 2.45992e-05 0.000493823 0.00111914 0.00269799 0.00072115 0.0470899 0.0425248 4.29545e-07 
0.216111 0.0474372 0.12519 0.0709908 0.0129516 0.0910738 0.0722132 0.10003 0.188151 0.075582 0.000268706 
0.352659 0.349542 0.0105791 0.000251507 0.0125159 0.00746651 0.00394783 0.00545437 0.198109 0.059352 0.000123235 
0.628606 0.00797343 0.0219502 0.000271432 0.00155254 0.00019616 0.0913754 0.00499461 0.0471809 0.195873 2.5727e-05 
0.576535 0.122679 0.0182456 0.00021265 0.00691672 5.18029e-06 1.94173e-05 0.000265475 0.254646 0.0204612 1.41598e-05 
0.457501 0.0655239 0.0664372 1.00569e-05 0.00305328 0.0278018 0.00681095 0.000180393 0.356077 0.0165394 6.50668e-05 
0.522885 0.19985 0.0242197 0.000365249 0.142949 0.000229273 0.0101616 0.0177237 0.0693648 0.0076195 0.00463157 
0.490235 0.00283003 0.0223127 1.22198e-05 0.00876298 0.002682 0.00140265 0.00105536 0.170146 0.300561 3.40836e-07 
0.929014 0.0377842 0.00910814 0.000823995 0.00331889 5.17031e-05 0.00149646 0.00292863 0.0123223 0.0031416 1.04308e-05 
0.436302 0.0188646 0.0515194 0.0277403 0.00836969 0.003932 0.0194096 0.00217675 0.38845 0.0431228 0.000112945 
0.715154 0.021084 0.0287398 0.000107695 0.0179978 0.000445537 0.0057515 0.00476871 0.123339 0.0826102 1.08764e-06 
0.244017 0.0484983 0.126571 0.00110518 0.0269789 0.00954705 0.00815302 0.129289 0.178431 0.227324 8.51577e-05 
0.797153 0.00193432 0.0928585 6.25321e-05 0.00773728 0.00248115 0.0301406 0.00196207 0.0591478 0.0065044 1.81737e-05 
0.396247 0.0221209 0.0663275 9.18527e-06 0.000393264 0.00229023 0.0338409 0.0951097 0.354422 0.0292384 7.77081e-07 
0.624861 0.0504908 0.0314611 0.00087574 0.0174091 0.00542237 0.00417953 0.00848463 0.237733 0.0185777 0.000505054 
0.267512 0.170883 0.132176 0.00111923 0.00885837 0.00717882 0.089145 0.0174259 0.215414 0.0902874 5.84236e-07 
0.660244 0.0108152 0.0424514 0.000164442 0.000866404 0.0367374 0.0193342 0.0094534 0.0911661 0.128665 0.000101779 
0.601217 0.114613 0.0512931 0.000173172 0.00198932 0.0134548 0.00476721 0.0025491 0.177339 0.0324565 0.000148134 
0.507233 0.020147 0.0241154 0.00010042 0.0352984 0.00130309 0.0105905 0.0107684 0.163751 0.22669 2.05986e-06 
0.623941 0.105392 0.0608489 0.0049159 0.0272632 0.00110339 0.013538 0.0627077 0.0738286 0.026098 0.000363136 
0.41454 0.122517 0.0445412 0.00921091 0.111474 0.00680464 0.0130025 0.00455174 0.157661 0.115368 0.000329063 
0.731908 0.0105368 0.0177266 0.0172604 0.00963696 0.00168838 0.00387467 0.00714138 0.181868 0.0183565 2.95956e-06 
0.430791 0.0102576 0.297131 0.000358564 0.00821968 0.0330659 0.0308011 0.0150348 0.161347 0.0129731 1.95535e-05 
0.613582 0.0160285 0.0995585 0.00019729 0.00866109 0.000130589 0.000471365 0.118264 0.1242 0.0179446 0.000961964 
0.700327 0.10525 0.00873763 0.000666764 0.00499272 0.00162302 0.00186891 0.00225636 0.138395 0.035746 0.000136131 
0.630516 0.001664 0.0554351 0.00010543 0.0152784 0.000360065 0.0250831 0.011943 0.232334 0.027281 2.88648e-07 
0.55822 0.147464 0.0589077 0.0412842 0.0145993 3.25202e-11 9.8591e-05 0.0220672 0.144769 0.0125855 4.33131e-06 
0.676496 0.00562116 0.00539528 4.27253e-05 0.00432276 7.40205e-05 0.00122015 0.00082257 0.0786565 0.227346 2.97966e-06 
0.383889 0.153632 0.0284262 0.00354736 0.021782 0.00362512 0.00405379 0.00639598 0.320956 0.0736589 3.37968e-05 
0.736909 0.0153017 0.0343787 3.36146e-05 0.0104168 0.00128423 0.00593816 0.00893387 0.156441 0.0303408 2.27783e-05 
0.849358 0.0918295 0.00209993 0.0426344 0.00256014 0.000147639 0.00103475 0.00324619 0.00317347 0.00300159 0.000914798 
0.767627 0.137504 0.0372974 0.0383756 0.00256503 1.36043e-05 0.000928652 0.012482 0.00020077 0.000550982 0.00245535 
0.522208 0.0201362 0.0481483 8.3285e-05 0.0085756 0.00425757 0.0530918 0.038894 0.186361 0.118231 1.34448e-05 
0.633697 0.000185809 0.0260849 6.7855e-06 0.000130352 0.0924294 0.000176786 0.0329247 0.195867 0.0184962 1.31844e-06 
0.70762 0.157411 0.0360121 0.0215043 0.00499601 0.000408763 0.0177601 0.00299012 0.0325303 0.0174182 0.00134828 
0.847577 0.0393546 0.0131234 0.000257668 0.0147199 0.000737801 0.000211362 0.00126636 0.0638792 0.0188707 2.2115e-06 
0.482726 0.0390938 0.0361175 0.00130765 0.0426676 0.00198222 0.0176192 0.00350679 0.310857 0.0640834 3.85438e-05 
0.942631 0.0396546 0.0062981 0.00118116 0.00167802 6.80024e-06 0.000205587 0.000291177 0.00679137 0.0012542 7.78456e-06 
0.561689 0.0476366 0.066258 0.00399352 0.00191711 2.1619e-06 0.0679141 0.0530918 0.103228 0.0942695 1.08231e-07 
0.597386 0.265042 9.99062e-06 0.0184811 2.13304e-06 2.08403e-11 1.55281e-06 0.117621 1.70324e-06 0.0014542 1.22728e-07 
0.698117 0.00735887 0.0289944 4.81819e-05 0.0236288 0.000343923 0.0288747 0.00173924 0.0591854 0.151707 2.16666e-06 
0.407401 0.0423103 0.0968309 0.000115423 0.0417164 0.0108132 0.0159309 0.0371967 0.305012 0.0420819 0.000591248 
0.659364 0.131945 0.0900441 0.0511238 0.00163162 0.000418143 0.0305565 0.018348 0.00561858 0.00893062 0.00201962 
0.549491 0.169246 0.00230566 0.020587 0.00176925 1.41965e-07 0.00628352 0.00305995 0.204093 0.00658928 0.0365752 
0.880406 0.00336708 0.0215554 2.45992e-05 0.000493823 0.00111914 0.00269799 0.00072115 0.0470899 0.0425248 4.29545e-07 
0.44208 0.0100923 0.0293464 4.70935e-06 0.00118841 0.0271121 0.0195222 0.00796775 0.400657 0.0619888 4.06634e-05 
0.778088 0.00709752 0.0332272 4.41718e-05 0.00671339 0.00124974 0.0111855 0.00284331 0.11256 0.04699 1.62035e-06 
0.631456 0.0137256 0.0405926 0.00282549 0.01024 0.00401159 0.0216898 0.00855667 0.230202 0.0366186 8.19599e-05 
0.651466 3.68597e-11 3.58528e-06 8.01593e-11 1.29264e-06 1.26087e-10 1.72806e-06 1.11718e-06 0.266151 0.0823754 8.29852e-07 
0.407963 0.00799138 0.25569 2.16704e-06 0.0100496 0.000721005 0.120277 0.000534577 0.0755078 0.100474 0.0207896 
0.343328 0.142626 0.0691596 0.00574791 0.00744493 2.16459e-05 0.00177905 0.0120485 0.119287 0.297853 0.000704054 
0.323088 0.160125 0.0331226 2.83538e-05 0.0237505 0.00265422 0.0241192 0.00281686 0.299022 0.13046 0.000813543 
0.921282 0.00114744 0.00595892 1.01548e-05 0.00131231 9.03316e-05 0.00383681 0.000449858 0.0543026 0.0116099 2.88634e-08 
0.499576 0.044595 0.0737773 0.000158284 0.0103683 0.0111788 0.0222522 0.0300219 0.264687 0.0433678 1.6767e-05 
0.341882 0.172005 0.0972462 3.90599e-05 0.00248122 0.0714427 0.000773744 0.00209713 0.299048 0.0127868 0.000197673 
0.509012 0.0102115 0.029726 0.000144187 0.00232277 0.00355703 0.00252124 0.0971962 0.201192 0.144104 1.31483e-05 
0.645089 0.00631648 0.0275372 0.00391543 0.0275705 0.000283349 0.000907023 0.00243125 0.0938327 0.192117 6.95931e-07 
0.934111 0.0022192 0.00563753 3.2091e-05 0.00148404 6.02579e-05 0.00301926 0.00076219 0.0449342 0.00774014 2.06577e-08 
0.370281 0.060968 0.0345881 0.000116787 0.0119524 0.0119747 0.00567665 0.0480338 0.275946 0.180327 0.000136203 
0.854013 0.00280968 0.0394815 0.0393489 0.00109227 0.000393333 4.57652e-06 0.00103762 0.0538758 0.00776932 0.000174203 
0.55542 0.00158315 0.0338089 2.05074e-05 0.000849699 0.00219842 0.00118311 0.0516086 0.344766 0.00805179 0.000510306 
0.785153 0.00994557 0.0285 0.000208864 0.000583767 0.00527288 0.000111546 0.00193741 0.163209 0.00507779 4.44593e-07 
0.922556 0.035576 0.0133055 0.000708179 0.00405898 3.32956e-05 0.00324831 0.00043363 0.0160293 0.00404667 3.79531e-06 
0.880406 0.00336708 0.0215554 2.45992e-05 0.000493823 0.00111914 0.00269799 0.00072115 0.0470899 0.0425248 4.29545e-07 
0.465811 0.438813 0.00113674 0.00100234 0.00243669 0.000171671 0.00152717 0.00346572 0.0673127 0.0182025 0.000120898 
0.609522 0.00247802 0.0250687 0.0260281 0.00198996 0.000405942 2.24136e-05 0.00254676 0.0743575 0.253277 0.0043031 
0.718964 0.00460224 0.000737507 4.82164e-09 0.000400087 0.000425736 1.55969e-08 0.00219268 0.25437 0.0183082 1.31665e-09 
0.428752 0.017003 0.228394 0.0163797 0.00513388 0.0352696 0.0107557 0.0391447 0.205038 0.0139769 0.000152336 
0.641683 0.0448367 0.00429115 0.00625986 0.00443968 0.00064908 0.000679292 0.0454568 0.0394795 0.114673 0.0975524 
0.39461 0.188444 0.0485873 0.0160463 0.00297714 3.48091e-05 0.120509 0.0017519 0.0791475 0.137794 0.0100987 
0.945549 0.000122855 0.00916229 3.07504e-07 0.000172476 4.28336e-10 4.73103e-07 9.99938e-07 0.0343858 0.0106054 1.50933e-07 
0.848177 0.00209888 0.0190978 1.3186e-05 0.000559362 0.00468703 0.00203949 0.000871633 0.0783621 0.0440935 2.31728e-07 
0.739738 0.042238 0.0391214 5.65183e-06 0.0170944 0.000653674 7.56862e-07 0.000645362 0.146603 0.0138969 2.3317e-06 
0.352863 0.0959391 0.0639854 0.323359 0.00433998 0.00697466 0.0371139 0.0322073 0.0646772 0.0165757 0.00196506 
0.765981 0.0994113 0.00894318 0.0459579 0.00382779 4.47752e-05 0.0151367 0.00514061 0.0168754 0.0112459 0.0274352 
0.942631 0.0396546 0.0062981 0.00118116 0.00167802 6.80024e-06 0.000205587 0.000291177 0.00679137 0.0012542 7.78456e-06 
0.629551 0.0459827 0.0585298 0.00288123 0.0182819 0.00556446 0.0134724 0.0922401 0.125228 0.00826686 1.85114e-06 
0.741902 0.0162413 0.0610928 0.000211273 0.00751102 0.0138574 0.00323108 0.00978589 0.115261 0.0308871 1.87293e-05 
0.329128 0.0524591 0.0361962 0.0011282 0.0291771 0.00709708 0.0245996 0.0199246 0.326393 0.173743 0.000154862 
0.726406 0.0280706 0.0410239 8.51728e-06 0.00671457 0.00380921 0.00805162 0.0137827 0.164124 0.00540195 0.002607 
0.422216 0.197269 0.0373936 0.013147 0.0179016 0.0040599 0.00165793 0.0258051 0.236048 0.0437356 0.000766114 
0.859784 0.0160179 0.0357457 0.00360034 0.00530146 0.0144276 0.00452283 0.00498266 0.0343831 0.0212219 1.25718e-05 
0.6637 0.0152787 0.0123674 7.89681e-08 0.000368343 0.00120318 0.010898 0.00117437 0.185015 0.109988 7.47481e-06 
0.709317 0.0170295 0.041489 0.00085477 0.00284028 0.00423328 0.101402 0.0011903 0.0575667 0.0637562 0.000320566 
0.736909 0.0153017 0.0343787 3.36146e-05 0.0104168 0.00128423 0.00593816 0.00893387 0.156441 0.0303408 2.27783e-05 
0.847577 0.0393546 0.0131234 0.000257668 0.0147199 0.000737801 0.000211362 0.00126636 0.0638792 0.0188707 2.2115e-06 
0.303262 0.11998 0.261595 8.41743e-07 0.0456276 0.00227094 1.36241e-07 0.00187445 0.171737 0.0936519 6.59917e-08 
0.338231 0.0320116 0.0619285 4.09712e-05 0.0127351 0.00553197 0.123705 0.027231 0.227467 0.171098 2.00287e-05 
0.624001 0.0289798 0.230361 1.27485e-05 0.0144151 0.000804364 0.0132173 0.00521918 0.03665 0.0463386 4.87202e-11 
0.310009 0.299896 0.0292641 0.00125491 0.00409547 0.0108421 0.00700285 0.0214482 0.184073 0.131992 0.000122235 
0.908348 0.0118966 0.00788184 3.1141e-05 0.000266241 0.00957956 0.00608135 0.00100124 0.0492531 0.00563873 2.2578e-05 
0.414099 0.0270544 0.078193 0.00284685 0.00550479 0.00208553 0.0120625 0.0365015 0.382295 0.0393323 2.49028e-05 
0.625484 0.0236785 0.0219971 0.000930607 0.00872745 0.000302061 0.0255401 0.0169232 0.255933 0.0204825 1.04617e-06 
0.877321 0.000139897 0.0396233 8.15431e-06 0.000576406 0.00167831 0.0394383 0.000467516 0.037868 0.00287779 1.71944e-06 
0.5503 0.00427714 0.0286636 1.97407e-05 0.0680215 0.00153351 0.0187911 0.0697027 0.217373 0.0411241 0.000194124 
0.73215 0.0163304 0.0340846 1.69732e-05 0.000820444 0.0236635 0.000176988 0.000544663 0.184213 0.00790737 9.18244e-05 
0.380036 0.0222208 0.0442253 6.08613e-05 0.0344584 0.00125109 0.00246978 0.0212807 0.3404 0.153487 0.000108994 
0.561077 0.0812475 0.0233841 0.00181831 0.212802 0.000852251 0.0241536 0.0330384 0.0497492 0.0118638 1.42812e-05 
0.409375 0.0930533 0.0678539 0.00230172 0.0165171 0.0905846 0.0129496 0.0610267 0.234656 0.0115366 0.000145806 
0.848177 0.00209888 0.0190978 1.3186e-05 0.000559362 0.00468703 0.00203949 0.000871633 0.0783621 0.0440935 2.31728e-07 
0.731246 0.0259433 0.0994886 0.000426085 0.00161446 0.00166441 0.00194325 0.0227134 0.102009 0.0129469 4.52348e-06 
0.547853 0.0264513 0.0176817 5.6165e-05 0.00715925 0.0101014 0.00675139 0.00487161 0.110445 0.268626 3.90392e-06 
0.553156 0.000455379 0.0176182 8.56185e-08 0.00640948 4.7858e-08 1.00385e-06 0.025902 0.101708 0.29475 1.18366e-11 
0.84664 0.116562 0.0190412 0.000425873 0.00286828 2.2825e-08 0.00213139 0.00680982 0.00465102 0.000855057 1.55935e-05 
0.465 0.030761 0.0502814 0.0113898 0.0033842 0.00723727 0.00857046 0.0621536 0.286885 0.0739362 0.000400532 
0.860013 0.00122134 0.00496472 6.77086e-06 0.00095511 0.000238062 0.00255791 0.000304144 0.117083 0.0126564 1.93965e-08 
0.821854 0.101183 0.00416801 0.0489176 0.00193748 1.77966e-05 0.00165538 0.00841869 0.00726166 0.00327434 0.0013116 
0.85469 0.000211642 0.0373934 1.21108e-05 0.00296232 0.00148384 0.0649533 0.00033069 0.0338205 0.00414086 1.68235e-06 
0.5554 0.236535 0.0137527 0.0212417 0.00076068 0.000959926 0.00217451 0.13068 0.0341831 0.00363546 0.000675941 
0.395767 0.0137353 0.121725 1.75043e-05 0.00736047 0.175793 0.0373299 0.00845457 0.229763 0.0100306 2.41134e-05 
0.573953 0.0295943 0.107525 0.0122906 0.00360696 0.0311769 0.00110013 0.0128634 0.128713 0.0991405 3.71263e-05 
0.564993 0.023358 0.175145 0.0232294 0.00368712 0.0135467 0.0173449 0.0289847 0.125625 0.0226895 0.00139621 
0.318067 0.291455 0.0388706 0.00281466 0.0144279 0.00278579 0.0215826 0.0021463 0.161086 0.145973 0.000790832 
0.244612 0.0116684 0.10033 4.39164e-05 0.000162697 0.236934 0.00823037 0.0744384 0.223922 0.099657 1.48509e-06 
0.476942 0.0130879 0.00751219 1.1378e-06 0.00933151 1.13762e-06 1.13791e-06 1.13787e-06 0.465354 0.0277669 1.13724e-06 
0.460387 0.110313 0.0542876 0.00804127 0.00779216 0.00629061 0.0077194 0.0164363 0.31341 0.0153109 1.1742e-05 
0.372041 0.0381626 0.0363221 0.000301273 0.307246 0.00627633 0.0304978 0.0423393 0.150177 0.016382 0.000255448 
0.577975 0.0309284 0.048942 0.000102528 0.0163786 0.00250874 0.0109939 0.0522497 0.162618 0.097291 1.17201e-05 
0.344993 0.0469511 0.0990165 0.0141902 0.029866 0.0596456 0.0036594 0.0819823 0.223874 0.0957104 0.000111572 
0.480031 0.0138226 0.0909521 0.0375233 0.00299885 0.0162949 0.00010542 0.011617 0.300542 0.0460913 2.17992e-05 
0.7019 0.0268565 0.0349209 3.90227e-05 0.00236706 0.000469329 0.0199617 0.00571249 0.186183 0.0215798 9.81894e-06 
0.457076 0.0216647 0.0381173 8.22047e-05 0.00461134 0.00854525 0.0402364 0.0119568 0.267095 0.150549 6.68689e-05 
0.45272 0.0270041 0.0709675 9.19382e-05 0.015799 0.000332782 0.00037928 0.00195906 0.274215 0.156531 5.08742e-07 
0.746507 0.00255651 0.00327813 2.28512e-05 0.000702471 0.00011286 0.00059443 0.00209943 0.118608 0.125513 5.78507e-06 
0.769089 0.147297 0.00650221 0.0148059 0.00750304 3.93831e-05 0.0107565 0.00399504 0.0105804 0.00508707 0.0243441 
0.243357 0.23445 0.111577 0.000454933 0.00919024 0.0783722 0.00129114 0.0987683 0.165583 0.0101625 0.0467945 
0.74986 0.0376726 0.0441593 0.00187776 0.00235314 0.00210106 0.00439202 0.00888944 0.0399875 0.108625 8.20169e-05 
0.458937 0.0667401 0.140091 5.94599e-05 0.11802 0.040996 3.28573e-05 0.0355677 0.116653 0.0229014 6.39546e-08 
0.592583 0.0181207 0.0777731 3.02802e-05 0.00457139 0.0110516 0.0184836 0.00428989 0.201389 0.0717017 6.02531e-06 
0.508522 0.00623752 0.016431 6.45066e-06 0.00502998 4.18074e-12 0.000818858 0.00276343 0.248173 0.212018 1.57093e-08 
0.660275 0.0160648 0.0354089 2.1342e-05 0.00814292 0.000646851 0.0138543 0.0126212 0.227387 0.0254528 0.000124858 
0.624367 0.0289015 0.014276 0.000133228 0.0157434 0.000232393 1.57781e-07 0.106514 0.149424 0.0601624 0.000245908 
0.655284 0.0465868 0.0687689 0.0040046 0.00196876 0.00289956 0.0140192 0.00377463 0.0658089 0.136778 0.000106545 
0.484745 0.00792227 0.166079 7.61107e-06 0.00108417 0.000744541 5.29125e-05 0.103588 0.18719 0.0485856 1.0566e-06 
0.283557 0.0496498 0.15146 0.0146961 0.00739406 0.161404 0.00574685 0.0369557 0.265904 0.0231608 7.17988e-05 
0.932225 0.0339722 0.01223 0.0017102 0.00603477 4.68038e-05 0.0029043 0.00366744 0.00595912 0.00123017 2.03695e-05 
0.919119 0.0112472 0.0047656 2.46077e-05 0.0002283 0.00876485 0.0013592 0.000930571 0.0491472 0.00440735 6.3936e-06 
0.626925 2.54982e-05 0.053907 7.0284e-14 3.32169e-09 0.000854508 0.000257846 0.000686696 0.313001 0.00434137 1.10301e-06 
0.934111 0.0022192 0.00563753 3.2091e-05 0.00148404 6.02579e-05 0.00301926 0.00076219 0.0449342 0.00774014 2.06577e-08 
0.397702 0.0506247 0.114995 0.000330999 0.00423136 0.220991 0.014652 0.0148862 0.151455 0.0299865 0.000145129 
0.634076 0.0868157 0.00648986 0.059287 0.00534283 2.24771e-05 0.000456583 0.000238669 0.166503 0.0407606 6.99616e-06 
0.569282 0.00627234 0.0424817 0.000157846 5.10142e-09 0.0555104 0.00337335 0.0183281 0.125823 0.178604 0.000167857 
0.364805 0.0700719 0.183426 0.000291606 0.00950773 0.000342114 0.0364235 0.0115467 0.276389 0.0471956 3.22719e-07 
0.499278 0.0433585 0.069911 0.0002535 0.000205122 0.04362 0.029843 0.0386516 0.134066 0.140812 2.2124e-07 
0.892337 0.0685799 0.00207484 0.000226258 0.0108921 6.64248e-05 0.00149285 0.000620596 0.0162754 0.00743484 3.3224e-07 
0.619665 0.0120112 0.0270773 1.83982e-05 0.00200771 0.00101217 0.0281138 0.0664575 0.223996 0.019638 2.0868e-06 
0.560856 0.298821 0.0248912 0.00271805 0.00556688 4.11884e-05 0.00347812 0.0471325 0.0522427 0.00416729 8.44642e-05 
0.654069 0.00081942 0.022669 4.90844e-05 0.117194 0.000394293 0.0101956 0.00217546 0.177857 0.0145751 1.03092e-06 
0.316293 0.212658 0.00843394 0.0172727 0.00150433 0.00117159 0.00172253 0.125474 0.087257 0.227421 0.00079209 
0.492969 0.0427684 0.12213 0.00107028 0.00991713 0.000877922 0.0901675 0.0206365 0.145229 0.0740234 0.000211086 
0.420004 0.00749779 0.145895 5.14443e-05 0.00642509 0.00884911 0.0205192 0.0778478 0.282793 0.0301119 5.85e-06 
0.640361 0.0183208 0.00808279 7.24159e-05 0.0141478 6.41372e-05 0.0154186 0.00379522 0.043075 0.256639 2.33553e-05 
0.901316 0.00238623 0.0217119 0.000425291 0.000575116 2.46175e-08 8.62316e-09 0.000361733 0.0681431 0.00508028 1.46358e-09 
0.452504 0.00146826 0.174789 1.15583e-08 0.00616034 0.000880544 0.0827765 0.0449238 0.232677 0.00256405 0.00125631 
0.862897 0.0710948 0.00775009 0.0349931 0.00257593 6.38388e-05 0.0026883 0.00671356 0.00672574 0.00367242 0.000824761 
0.874301 0.0763827 0.00617823 0.0230262 0.00188495 1.57726e-05 0.000972285 0.00539371 0.00824123 0.00304465 0.000559104 
0.685298 0.0027116 0.0364399 0.000349727 0.00123637 1.62969e-05 2.18524e-05 0.00128356 0.0929769 0.178148 0.00151758 
0.215383 0.191021 0.0487799 0.0716938 0.0284073 0.00156751 0.0290277 0.0166451 0.195436 0.200687 0.00135227 
0.743006 0.0178222 0.0457379 0.00508449 0.00175862 0.00425883 0.0233023 0.00461615 0.067416 0.0869335 6.38446e-05 
0.879496 0.000706156 0.0488233 8.63396e-05 0.000930718 0.00086282 0.0144785 0.000547366 0.0501794 0.00388887 7.63285e-07 
0.466258 0.0718358 0.0128878 2.99479e-05 0.0295928 0.00382872 0.0389906 0.000498155 0.197094 0.178574 0.000410126 
0.480709 0.0335855 0.143029 0.0280941 0.00983935 0.00922608 0.0225959 0.00909215 0.203992 0.0591123 0.000724368 
0.333901 0.300154 0.00197286 3.91718e-05 0.0220989 0.000191636 0.00172547 0.00737865 0.130551 0.201935 5.2089e-05 
0.89327 9.48056e-08 0.0398935 8.53814e-05 0.0522831 3.93789e-06 0.00250168 0.0053964 8.58571e-07 0.0065648 1.07279e-09 
0.946579 0.0051888 0.000829962 5.05334e-08 0.00307307 0.0342906 3.44731e-08 0.00166426 0.00722646 0.00110626 4.14279e-05 
0.59891 0.172759 2.73863e-05 2.61177e-08 0.0212711 0.000159491 1.11379e-11 3.87656e-05 0.156704 0.0501304 4.4468e-11 
0.454092 0.0379204 0.0431024 0.00669433 0.00139342 0.0113854 0.017164 0.0607497 0.328786 0.0386085 0.000104109 
0.520749 0.00676293 0.101783 0.00456175 0.00863184 0.0252316 0.00210818 0.141645 0.149522 0.03897 3.56133e-05 
0.642574 0.117485 0.00155386 0.00276994 0.0018043 1.07408e-05 6.58883e-05 0.153722 0.0418476 0.0381586 8.77231e-06 
0.824731 0.00628138 0.00798004 0.000671316 0.00120762 0.000108038 0.0189345 0.00376373 0.0586026 0.0777167 3.49907e-06 
0.610667 0.0980211 0.0630051 0.000559127 0.00867862 0.00775298 0.0332924 0.0189395 0.113372 0.045707 5.02782e-06 
0.868748 0.0715071 0.00343326 0.0280556 0.00204792 3.45687e-05 0.00248925 0.00362891 0.0028229 0.00212313 0.0151091 
0.536935 0.00476873 0.156721 1.56876e-05 0.00146397 0.00261635 0.0186456 0.186656 0.0377218 0.0541343 0.000321206 
0.446303 0.00648875 0.247298 3.78453e-08 0.0151462 0.00020086 0.0107891 0.00626559 0.185385 0.082111 1.28996e-05 
0.848177 0.00209888 0.0190978 1.3186e-05 0.000559362 0.00468703 0.00203949 0.000871633 0.0783621 0.0440935 2.31728e-07 
0.768946 0.0203104 0.0596448 1.23753e-05 3.32933e-05 0.00158975 0.100903 0.000118733 0.0477915 0.0006257 2.45146e-05 
0.550064 0.0139464 0.193559 0.00249884 0.0015203 0.000331317 0.00222358 0.000774941 0.146283 0.0886091 0.000189046 
0.756067 0.0159862 0.0632479 0.000849002 0.00406828 0.00362674 0.0339445 0.0311652 0.0753081 0.0157373 5.09988e-09 
0.654303 0.0558027 0.181877 0.000586107 0.00104398 0.0197524 0.00180585 0.00701827 0.034979 0.0427434 8.84791e-05 
0.293259 0.0887195 0.168878 0.000676047 0.00772223 0.00972913 0.0167327 0.0204061 0.20769 0.185221 0.000966293 
0.497026 0.0593694 0.0186682 3.00678e-06 1.05117e-05 9.97886e-05 4.33183e-05 0.0170168 0.278041 0.129643 7.8707e-05 
0.464145 0.0682836 0.00705045 0.00251882 0.000347556 0.000414664 0.00511506 0.0176158 0.0769743 0.357147 0.000387321 
0.56639 0.0304346 0.0450096 0.000211333 0.00904918 2.69479e-05 0.00384138 0.00908096 0.235402 0.100541 1.34599e-05 
0.934111 0.0022192 0.00563753 3.2091e-05 0.00148404 6.02579e-05 0.00301926 0.00076219 0.0449342 0.00774014 2.06577e-08 
0.428172 0.027614 0.0677101 0.00166099 0.00687639 0.000479607 0.0204999 0.00139235 0.386074 0.0594689 5.20366e-05 
0.667374 0.00459972 0.00696463 8.5784e-08 0.0744815 0.0012328 5.85206e-08 0.089233 0.153801 0.00231345 2.33644e-07 
0.731246 0.0259433 0.0994886 0.000426085 0.00161446 0.00166441 0.00194325 0.0227134 0.102009 0.0129469 4.52348e-06 
0.834184 0.0243564 0.00124007 2.79516e-09 0.00292591 0.0196313 1.00161e-06 0.0595064 0.0579836 9.6153e-08 0.000171651 
0.522208 0.0201362 0.0481483 8.3285e-05 0.0085756 0.00425757 0.0530918 0.038894 0.186361 0.118231 1.34448e-05 
0.298977 0.240806 0.0568986 0.0125583 0.0147249 0.00262126 0.0230924 0.0217306 0.144163 0.18393 0.000497497 
0.747798 0.00119329 0.000243984 3.01964e-09 0.000180309 3.52116e-08 9.76895e-09 3.35421e-05 0.219659 0.0308916 8.23494e-10 
0.615901 0.076769 0.0493452 0.00720733 0.0135646 0.048416 0.00284932 0.0788696 0.0749498 0.0321214 7.10377e-06 
0.932225 0.0339722 0.01223 0.0017102 0.00603477 4.68038e-05 0.0029043 0.00366744 0.00595912 0.00123017 2.03695e-05 
0.372312 0.116397 0.0163488 5.50553e-08 0.016579 0.0105806 6.55475e-05 3.68066e-07 0.313778 0.15371 0.000229686 
0.4367 0.0387363 0.0689883 1.62026e-05 0.00335935 0.0439893 0.00788345 0.00442821 0.370509 0.0253369 5.3184e-05 
0.345617 0.0230855 0.0271771 2.94012e-05 0.00410152 0.00247578 0.00680593 0.00412276 0.252631 0.333949 5.21228e-06 
0.670816 0.0119175 0.00593928 7.58427e-05 0.000849632 1.99591e-05 6.35762e-05 0.0104974 0.0363277 0.263487 6.25972e-06 
0.880406 0.00336708 0.0215554 2.45992e-05 0.000493823 0.00111914 0.00269799 0.00072115 0.0470899 0.0425248 4.29545e-07 
0.340248 0.190273 0.0585158 0.012397 0.0135799 0.00184289 0.0312466 0.0167856 0.259528 0.0746733 0.000910721 
0.393689 0.00086302 0.340565 0.0050056 0.00132178 0.0149021 0.000988451 0.00642964 0.21943 0.0167579 4.74979e-05 
0.267121 0.238133 0.130681 1.31442e-05 0.0224429 0.000402517 1.42502e-07 0.00464596 0.264127 0.0713058 0.00112701 
0.788868 0.094948 0.0256818 0.037461 0.00509301 7.01712e-05 0.00964417 0.00869846 0.0152983 0.0123881 0.00184931 
0.527509 0.0600271 0.089966 6.44644e-06 0.0114572 0.0373906 5.76439e-05 0.00905172 0.225952 0.0385402 4.19085e-05 
0.382571 0.0491413 0.0816616 0.00174039 0.312379 0.0108114 0.011478 0.0486513 0.0672755 0.0342471 4.34938e-05 
0.739978 0.03505 0.043259 0.00877103 0.00458097 0.00486722 0.0600316 0.00141696 0.065517 0.0364147 0.000113283 
0.517795 0.00678557 0.0253343 3.25067e-06 0.00269414 0.0013146 0.00316877 0.000470697 0.425858 0.0165738 1.29684e-06 
0.848177 0.00209888 0.0190978 1.3186e-05 0.000559362 0.00468703 0.00203949 0.000871633 0.0783621 0.0440935 2.31728e-07 
0.805928 0.13653 0.00159856 0.0372561 0.00203771 5.94336e-05 0.00427695 0.00763831 0.00113165 0.00255014 0.000993041 
0.788284 0.102612 0.0042703 0.0442763 0.00227887 2.85608e-05 0.00289255 0.00628081 0.00309222 0.00272237 0.0432616 
0.953953 0.0381827 0.00163966 0.000426141 0.00242069 0.000167433 9.96858e-05 0.00078716 0.0019299 0.000387565 6.15266e-06 
0.547654 0.0188696 0.0977299 0.0110022 0.0260334 0.00187062 7.15489e-05 0.00448724 0.250563 0.0262161 0.0155018 
0.449471 0.0277748 0.000773562 0.322911 0.00256605 2.02219e-05 0.000111796 0.00543892 0.0843268 0.106606 3.24956e-07 
0.36423 0.000471402 0.223602 6.67287e-06 0.0120506 9.53684e-08 0.00029013 0.0508187 0.219801 0.128722 6.81863e-06 
0.84859 0.0905497 0.0202937 0.0230139 0.00269338 2.67899e-05 0.000562464 0.00552206 0.00526937 0.00230681 0.0011718 
0.506421 0.0766592 0.0579682 0.00408271 0.109375 0.000859418 0.0209615 0.00977684 0.14789 0.0654754 0.000531372 
0.325336 0.0859482 0.241526 3.33047e-05 0.0101887 0.00510149 0.0235217 0.173593 0.124169 0.00997696 0.000605918 
0.463433 0.00946192 0.0247186 1.47148e-09 0.00337245 0.00171714 0.0374607 0.000563381 0.453561 0.00568579 2.54875e-05 
0.58544 0.0595712 0.0142222 0.00834367 0.0475702 0.0196743 1.43522e-05 0.00512939 0.102316 0.157711 7.4233e-06 
0.408785 0.0318932 0.0643848 3.587e-05 0.0200583 0.0030316 0.0653062 0.00280542 0.314935 0.0887601 5.09003e-06 
0.469596 0.0301558 0.0427075 0.00858302 0.00112107 0.000170815 0.180247 0.0365027 0.135098 0.0956221 0.000196502 
0.446545 0.00823822 0.0398332 0.000121179 0.0028861 0.169665 0.000400552 0.00552597 0.121912 0.204803 6.94634e-05 
0.216111 0.0474372 0.12519 0.0709908 0.0129516 0.0910738 0.0722132 0.10003 0.188151 0.075582 0.000268706 
0.848177 0.00209888 0.0190978 1.3186e-05 0.000559362 0.00468703 0.00203949 0.000871633 0.0783621 0.0440935 2.31728e-07 
0.65779 0.0163029 0.0356695 0.00193998 0.00181238 0.0358335 0.0173962 0.00796179 0.0799014 0.14518 0.000212281 
0.716922 0.0382851 0.0704295 0.0028614 0.00229358 0.0020718 0.0100141 0.00269643 0.0566489 0.0977002 7.64445e-05 
0.487678 0.0263682 0.0477665 2.91018e-05 0.0197629 0.000591186 0.000236669 0.016297 0.227022 0.174192 5.53765e-05 
0.84664 0.116562 0.0190412 0.000425873 0.00286828 2.2825e-08 0.00213139 0.00680982 0.00465102 0.000855057 1.55935e-05 
0.519257 0.0165386 0.118191 9.20468e-05 0.0106379 0.00572037 0.00279728 0.00603386 0.254824 0.0659077 1.58001e-09 
0.284328 0.146041 0.058704 0.00229216 0.0439582 0.00188747 0.00174784 0.0367282 0.156824 0.267485 4.03576e-06 
0.454431 0.0419094 0.0894763 0.0114784 0.0166642 0.0602496 0.000513198 0.0669213 0.243199 0.0151423 1.5864e-05 
0.634076 0.0868157 0.00648986 0.059287 0.00534283 2.24771e-05 0.000456583 0.000238669 0.166503 0.0407606 6.99616e-06 
0.901316 0.00238623 0.0217119 0.000425291 0.000575116 2.46175e-08 8.62316e-09 0.000361733 0.0681431 0.00508028 1.46358e-09 
0.830479 0.000391616 0.003358 3.18072e-12 0.000157655 6.9198e-05 5.16196e-08 0.00246222 0.0750243 0.0880582 3.1717e-10 
0.430841 0.151823 0.128421 0.00707566 0.115355 0.00125383 0.0173206 0.00602138 0.0796147 0.0621651 0.000109282 
0.793616 0.00266122 0.00194115 3.27021e-05 0.00404031 2.91095e-05 0.0180536 0.00136245 0.0196274 0.158632 4.62101e-06 
0.574608 0.330627 0.0143876 0.0430721 0.0020444 1.35986e-05 0.000585604 0.0205176 0.00741196 0.00452282 0.00221001 
0.751411 0.0974668 0.0126408 0.0461972 0.00617215 8.90121e-05 0.0152871 0.00877744 0.0196692 0.0145884 0.0277009 
0.602163 0.0296604 0.0665727 0.00138847 0.00237122 5.83004e-05 0.0123469 0.121026 0.0667982 0.0976123 1.73088e-06 
0.593122 0.014959 0.0244083 1.46813e-05 0.0103532 0.110252 0.0132672 0.00140809 0.202781 0.029434 3.7399e-09 
0.337458 0.00319029 0.0365407 2.68186e-05 0.000400037 4.58466e-05 0.0365215 0.00357788 0.319486 0.262753 4.97599e-09 
0.353484 0.119057 0.050999 4.64534e-05 0.00234204 0.00120121 0.0051992 0.0847256 0.262772 0.120173 4.6516e-07 
0.571506 0.0446129 0.0129399 2.68964e-08 0.00517109 0.00040222 0.00687397 0.00426572 0.262365 0.0918626 2.39186e-07 
0.294776 0.140172 0.0286703 0.000950286 0.259683 2.90626e-05 0.0195867 0.00802354 0.0666743 0.181372 6.24205e-05 
0.56943 0.0395627 0.0554865 0.00159047 0.00867818 0.00666432 0.0390155 0.000766628 0.14111 0.137689 6.29789e-06 
0.877321 0.000139897 0.0396233 8.15431e-06 0.000576406 0.00167831 0.0394383 0.000467516 0.037868 0.00287779 1.71944e-06 
0.323226 0.00747942 0.107353 2.97943e-06 0.0393393 0.00159429 0.077946 0.000276787 0.133405 0.309319 5.83168e-05 
0.747798 0.00119329 0.000243984 3.01964e-09 0.000180309 3.52116e-08 9.76895e-09 3.35421e-05 0.219659 0.0308916 8.23494e-10 
0.985023 0.00325654 7.17235e-08 2.49358e-07 0.000727402 0.00062796 1.70109e-07 1.94141e-07 0.00359817 0.00676605 6.7916e-07 
0.880406 0.00336708 0.0215554 2.45992e-05 0.000493823 0.00111914 0.00269799 0.00072115 0.0470899 0.0425248 4.29545e-07 
0.386363 0.0732719 0.0679944 0.00416293 0.0593432 0.000169124 0.0308501 0.0904112 0.160593 0.113194 0.0136467 
0.901316 0.00238623 0.0217119 0.000425291 0.000575116 2.46175e-08 8.62316e-09 0.000361733 0.0681431 0.00508028 1.46358e-09 
0.690324 0.0126958 0.0909066 0.00227043 0.000792168 0.000234366 0.0251446 0.0598017 0.0597238 0.0578973 0.000208851 
0.693414 0.018768 0.0614023 3.47018e-05 0.000216593 0.000659871 0.0313658 0.0114454 0.125051 0.0576406 1.49748e-06 
0.877321 0.000139897 0.0396233 8.15431e-06 0.000576406 0.00167831 0.0394383 0.000467516 0.037868 0.00287779 1.71944e-06 
0.776061 0.0116756 0.00897121 6.2438e-05 0.00367587 6.99916e-05 0.00166161 0.00480367 0.070196 0.122578 0.000244941 
0.381213 0.0156175 0.187828 1.12418e-11 0.00370776 0.000465141 0.00280012 0.00209144 0.296181 0.110051 4.50881e-05 
0.699 0.0155266 0.0204835 2.1398e-05 0.00222149 0.00177274 0.0201606 0.011824 0.151216 0.0766516 0.00112199 
0.597386 0.265042 9.99062e-06 0.0184811 2.13304e-06 2.08403e-11 1.55281e-06 0.117621 1.70324e-06 0.0014542 1.22728e-07 
0.431165 0.0170952 0.0424534 4.42432e-05 0.00821947 0.0122267 0.00866816 0.0184075 0.288069 0.173635 1.66215e-05 
0.364335 0.0693446 0.0932004 2.25334e-05 0.0798692 8.15063e-05 4.2158e-06 0.344943 0.0393973 0.00869132 0.000110618 
0.453815 1.07129e-06 0.0123377 0.000203587 7.68563e-07 5.33017e-07 5.37072e-07 0.196054 0.134573 0.203013 2.13145e-11 
0.932225 0.0339722 0.01223 0.0017102 0.00603477 4.68038e-05 0.0029043 0.00366744 0.00595912 0.00123017 2.03695e-05 
0.932368 0.0052445 0.00198368 5.27556e-05 0.00133154 4.61651e-09 0.00015099 0.000753388 0.0250183 0.0330942 2.35988e-06 
0.281206 0.0481842 0.0436697 0.000108801 0.12461 0.00224233 0.0344286 0.085914 0.206096 0.17353 1.09121e-05 
0.945969 0.0345169 0.00715716 0.00152256 0.00216868 2.60202e-05 0.000200929 0.00255655 0.00513267 0.000734115 1.58199e-05 
0.24234 0.112161 0.112975 0.0011104 0.00279937 0.0174919 0.0175455 0.197708 0.235451 0.059943 0.00047439 
0.344414 0.094021 0.0974499 0.00225809 0.0263649 0.0585132 0.0457038 0.0386291 0.23139 0.0609711 0.000285319 
0.693414 0.018768 0.0614023 3.47018e-05 0.000216593 0.000659871 0.0313658 0.0114454 0.125051 0.0576406 1.49748e-06 
0.341663 0.0439244 0.0492236 0.00116104 0.32349 0.00255772 0.0186028 0.0052472 0.0580694 0.155691 0.000369757 
0.708941 0.000970443 0.13667 4.85496e-06 0.00261773 0.00250623 0.0232752 0.0643459 0.0520172 0.00858459 6.69226e-05 
0.429639 0.0045518 0.053785 2.62678e-05 0.00119925 0.000379237 0.000591857 0.0100431 0.405555 0.0941678 6.19517e-05 
0.893093 0.00127622 0.0100792 3.50409e-05 0.0016961 0.00139331 6.71727e-06 4.96576e-05 0.0881458 0.00422486 1.80596e-08 
0.824731 0.00628138 0.00798004 0.000671316 0.00120762 0.000108038 0.0189345 0.00376373 0.0586026 0.0777167 3.49907e-06 
0.50358 0.0888325 0.0223798 0.003183 0.0157671 0.000949766 0.0159028 0.0037743 0.32056 0.0249711 9.91037e-05 
0.330227 0.0166638 0.139332 2.18886e-05 0.00440418 0.0401325 0.0606251 0.197497 0.15187 0.059216 1.01209e-05 
0.359518 0.0509929 0.173244 0.00639681 0.0278795 0.0157252 0.0222878 0.0547925 0.16936 0.119641 0.000162378 
0.439736 0.057077 0.124418 2.4155e-11 9.73958e-08 3.79947e-11 2.93329e-07 0.0109349 0.358893 0.0089412 6.57893e-11 
0.553837 0.000555587 0.0286252 1.26982e-06 0.00220464 0.000614508 5.75708e-05 0.00419754 0.37473 0.0351768 5.06192e-09 
0.901316 0.00238623 0.0217119 0.000425291 0.000575116 2.46175e-08 8.62316e-09 0.000361733 0.0681431 0.00508028 1.46358e-09 
0.736909 0.0153017 0.0343787 3.36146e-05 0.0104168 0.00128423 0.00593816 0.00893387 0.156441 0.0303408 2.27783e-05 
0.750771 0.00622552 0.00458868 0.000373509 0.00115123 0.000167355 0.0400306 0.0029085 0.0219525 0.171823 7.80413e-06 
0.568888 0.0104133 0.0360701 1.90419e-07 4.85949e-06 4.70023e-07 0.0101231 0.00755091 0.35131 0.0152915 0.00034768 
0.599737 0.00483105 0.123621 6.8461e-06 0.164586 0.00835147 0.0147814 0.0195822 0.0436697 0.0207867 4.63206e-05 
0.700327 0.10525 0.00873763 0.000666764 0.00499272 0.00162302 0.00186891 0.00225636 0.138395 0.035746 0.000136131 
0.736909 0.0153017 0.0343787 3.36146e-05 0.0104168 0.00128423 0.00593816 0.00893387 0.156441 0.0303408 2.27783e-05 
0.84664 0.116562 0.0190412 0.000425873 0.00286828 2.2825e-08 0.00213139 0.00680982 0.00465102 0.000855057 1.55935e-05 
0.465755 0.0287939 0.101151 0.0300756 0.023841 0.0367218 0.013463 0.0169344 0.202728 0.0779708 0.00256497 
0.519524 0.0391347 0.0325061 0.000555741 0.195847 0.0278401 0.0278326 0.0562133 0.0806903 0.0198275 2.92363e-05 
0.4116 0.0116508 0.10483 0.00310107 0.0102988 0.000249267 0.000397893 0.00234323 0.186964 0.268054 0.000510391 
0.454227 0.089525 0.030863 9.55287e-07 0.00726143 0.00706892 9.55373e-07 0.0390746 0.343696 0.028281 9.54818e-07 
0.877321 0.000139897 0.0396233 8.15431e-06 0.000576406 0.00167831 0.0394383 0.000467516 0.037868 0.00287779 1.71944e-06 
0.587133 0.172629 0.00954791 0.0299702 0.00545292 3.49377e-05 0.00670664 0.00404211 0.0909777 0.0916892 0.00181687 
0.430412 0.0147463 0.0932619 0.000156179 0.0115328 0.00159403 0.0280527 0.00303933 0.059469 0.357706 2.93219e-05 
0.667879 0.12186 0.0660839 0.0177437 0.00554445 6.89671e-06 0.0185291 0.00396294 0.0166496 0.0810344 0.00070547 
0.42762 0.0240806 0.0740411 0.00100978 0.202372 0.00184825 0.00722151 0.0054508 0.147783 0.10831 0.000263055 
0.515665 0.22728 0.0246593 0.0099066 0.0556849 0.00378322 0.00043841 0.00250966 0.140604 0.0191793 0.000288917 
0.276098 0.0196015 0.220668 2.85167e-05 0.0736363 0.0059435 0.104193 0.0148394 0.200787 0.0841901 1.50435e-05 
0.561592 0.0103099 0.0229705 0.000240171 0.00126489 0.000141567 0.0843442 0.00886444 0.0546865 0.255565 2.1419e-05 
0.469175 0.0968513 0.0545318 0.0503409 0.0174017 0.00727189 0.000569887 0.0198966 0.246854 0.0314679 0.00563877 
0.523111 0.0296032 0.207713 0.00106976 0.122033 0.0870719 0.00200588 0.00265481 0.0184028 0.00628276 5.14804e-05 
0.583313 0.0324115 0.042995 6.61224e-06 0.222187 6.61115e-06 6.61283e-06 6.61265e-06 0.119054 6.61304e-06 6.60898e-06 
0.66758 0.000619502 0.0103391 5.22765e-06 7.96236e-05 0.000779067 8.60968e-05 0.00449998 0.290536 0.0254751 4.3722e-07 
0.513991 0.00954378 0.0326859 2.94963e-05 0.157591 0.00854166 0.0191023 0.00149943 0.0900226 0.166992 9.25297e-07 
0.454227 0.089525 0.030863 9.55287e-07 0.00726143 0.00706892 9.55373e-07 0.0390746 0.343696 0.028281 9.54818e-07 
0.635532 0.00283664 0.0115684 2.47867e-06 0.000524151 0.00242356 0.0019463 0.00207045 0.269156 0.0739392 6.7797e-07 
0.877321 0.000139897 0.0396233 8.15431e-06 0.000576406 0.00167831 0.0394383 0.000467516 0.037868 0.00287779 1.71944e-06 
0.616816 0.0281297 0.0242064 3.54087e-05 0.00270154 0.0142691 0.0156982 0.00625894 0.148913 0.142941 3.05795e-05 
0.847423 0.000124785 0.0827547 4.25523e-06 1.16424e-05 0.00265516 0.0106796 0.00114157 0.05228 0.00292386 1.11418e-06 
0.339086 0.0538046 0.0265801 0.000183391 0.0104453 0.00116592 0.0246494 0.0803939 0.239541 0.224149 1.0434e-06 
0.883569 0.00352458 0.00777597 2.35975e-05 0.000875092 8.22977e-05 0.00139147 0.00109712 0.0616159 0.0400395 5.73753e-06 
0.542573 0.00388325 0.0521552 0.015817 0.0043433 0.00343617 0.0205113 0.012159 0.316321 0.0287969 3.95709e-06 
0.415156 0.0851352 0.0691125 0.0538766 0.0166773 0.000926919 0.00749476 0.07516 0.222904 0.0535352 2.12013e-05 
0.890707 0.0658511 0.0172308 0.001048 0.00533786 3.42676e-05 0.00484903 0.00676743 0.00607133 0.00207612 2.74856e-05 
0.821854 0.101183 0.00416801 0.0489176 0.00193748 1.77966e-05 0.00165538 0.00841869 0.00726166 0.00327434 0.0013116 
0.502056 0.00844223 0.0528589 3.03525e-05 0.00227824 0.000797775 0.000234165 0.00483784 0.402395 0.0260669 2.413e-06 
0.763688 0.0060905 0.0260233 2.43931e-05 0.000589664 0.000711047 0.00317998 0.0012396 0.179154 0.0192819 1.78626e-05 
0.753882 0.0077896 0.055763 0.000211619 0.00496583 0.0161646 0.0127712 0.0205899 0.122816 0.00446727 0.000578315 
0.622165 0.00620173 0.0254976 7.12047e-05 0.000594584 0.00190157 0.0256697 0.000829077 0.201916 0.115153 3.56721e-07 
0.404194 0.0458585 0.142362 0.00012947 0.0312479 0.0430561 0.0150185 0.0108102 0.280262 0.0270325 2.88337e-05 
0.835515 0.0250676 0.0177178 0.000188642 0.00188833 0.000327449 0.000179311 0.0218337 0.0912955 0.00598536 1.01006e-06 
0.472771 0.0198424 0.164982 6.70206e-05 0.0126901 0.0115973 0.0425088 0.0134663 0.181379 0.0806964 2.05184e-07 
0.315827 0.0181362 0.26898 0.00519644 0.0150526 0.00623495 0.0117082 0.0276504 0.306878 0.0139721 0.0103654 
0.366254 0.0729852 0.164727 0.00217312 0.00158017 0.0453007 0.00279103 0.0047478 0.262266 0.0736999 0.00347534 
0.462989 0.124817 0.0254719 0.0490125 0.148237 0.00250057 0.00710501 0.0283954 0.0902609 0.0600193 0.00119118 
0.254949 0.228295 0.0810278 0.0403455 0.0131555 0.00190604 0.00871496 0.204206 0.0811912 0.0861802 2.9126e-05 
0.595241 0.0778641 0.0676695 0.0115835 0.00130173 9.16283e-06 0.00041685 0.0667556 0.0870332 0.0916693 0.000456112 
0.524718 0.0646832 0.0437574 0.000516038 0.00128484 0.0210847 0.0211822 0.154441 0.040611 0.127013 0.000709298 
0.901316 0.00238623 0.0217119 0.000425291 0.000575116 2.46175e-08 8.62316e-09 0.000361733 0.0681431 0.00508028 1.46358e-09 
0.304484 0.107727 0.155353 0.000128006 7.01299e-05 0.00788413 0.0192686 0.155969 0.201356 0.0153269 0.0324331 
