2.24268e-08 0.0945406 0.0798587 3.09781e-07 0.000389228 0.00455949 0.0176421 0.790624 0.0111894 0.000714246 0.000481865 
3.32932e-07 0.167011 0.0190868 0.000669916 0.0040143 0.0119602 0.0301144 0.76198 0.00432984 0.000832802 8.76777e-07 
5.41769e-11 1.75415e-06 0.0379633 1.55699e-10 1.33545e-10 3.11057e-06 1.06215e-10 0.957192 0.00483914 5.92074e-07 4.24066e-10 
5.60874e-08 0.000118666 0.000264316 1.61189e-07 0.994229 0.000887654 1.09961e-07 0.00389051 0.000553041 5.58075e-05 4.3902e-07 
6.0153e-10 5.88323e-06 0.243174 1.72874e-09 3.5601e-06 0.014479 9.08194e-06 0.742321 3.10538e-06 5.08003e-06 4.70843e-09 
1.08481e-08 9.02423e-05 0.080365 0.00146966 1.15137e-07 2.83585e-05 0.00119967 0.910165 5.75329e-07 0.000872852 0.00580895 
6.36476e-08 0.0455336 0.15228 1.82917e-07 1.7249e-05 0.164529 0.0359895 0.5564 0.0429401 0.00231019 4.98197e-07 
6.68616e-06 0.000338967 0.997084 1.92153e-05 0.000231856 3.02248e-05 0.00066935 0.000986951 0.000123072 0.000457258 5.23355e-05 
2.05482e-09 3.91054e-05 3.36333e-05 5.90535e-09 5.0651e-09 0.000219225 4.02854e-09 9.42571e-05 1.20369e-07 3.40194e-09 0.999614 
1.2514e-07 0.000283016 0.00952929 3.59639e-07 0.941992 0.000102935 2.45341e-07 0.0135226 3.8298e-05 0.0345298 9.79525e-07 
3.31167e-05 0.0321492 0.0209307 6.46213e-05 0.000347226 0.00674252 0.00118852 0.883264 0.051002 0.00382387 0.000454118 
0.000220301 0.0127714 0.00185766 0.00057071 0.894361 0.00906608 0.00223743 0.0247522 0.0497138 0.00369554 0.000753727 
1.14305e-06 0.000121355 0.00146828 3.28501e-06 6.57121e-06 8.6911e-05 0.000280788 0.0159077 0.00109118 0.981024 8.94716e-06 
1.33922e-08 0.00664042 0.000898946 0.000204637 0.00174385 0.00700943 3.40791e-07 0.980673 0.00280762 1.07226e-05 1.06066e-05 
5.86417e-10 1.99946e-05 0.216174 1.6853e-09 1.25774e-05 8.48552e-06 1.14969e-09 0.574031 1.28226e-05 0.209741 4.59014e-09 
4.95606e-07 6.54946e-07 0.00491657 1.42432e-06 1.22166e-06 0.950598 9.71649e-07 0.0362628 0.00411074 0.00410341 3.87932e-06 
1.65137e-09 8.27107e-05 0.000465213 4.74586e-09 0.84737 6.71925e-05 0.00675225 0.144948 0.000115986 0.00019849 1.2926e-08 
1.13252e-10 4.23561e-06 0.43611 4.5599e-07 6.70271e-07 0.472437 2.22034e-10 0.0181227 0.0733245 9.18929e-07 8.86471e-10 
2.544e-09 0.00533686 0.0692045 7.3112e-09 3.49083e-07 0.000250956 5.96519e-07 0.916608 0.00855378 4.52814e-05 1.9913e-08 
6.61585e-10 8.74289e-10 0.000441853 0.000213239 0.0507391 1.87015e-06 1.29706e-09 0.889088 0.0498981 0.00961763 2.61183e-07 
1.48638e-09 2.02338e-05 5.86092e-05 9.82921e-06 4.47033e-05 6.71919e-09 2.91409e-09 0.917526 0.0823026 3.76533e-05 1.16345e-08 
9.61548e-10 1.70439e-05 0.00226476 2.76339e-09 8.93913e-05 0.000395069 1.36523e-06 0.236055 3.68492e-05 0.761141 7.52645e-09 
3.26556e-08 0.264291 4.58884e-05 9.38488e-08 0.000518241 1.4762e-07 7.35997e-05 0.248579 0.486492 5.40643e-08 2.55609e-07 
9.65634e-09 1.7143e-05 0.0385908 2.79678e-05 2.38027e-08 4.36515e-08 0.0025317 0.956825 0.00191789 8.94362e-05 7.55843e-08 
2.43736e-06 0.235031 0.0320495 0.0024142 0.0758675 0.00339187 2.04625e-05 0.638815 0.0120625 0.000342324 3.23927e-06 
2.51898e-07 0.00422083 0.00111474 1.25306e-05 0.00387594 0.000117712 5.00193e-06 0.982847 0.00481567 0.00298869 1.97172e-06 
1.25063e-06 0.00210333 0.00802459 3.59417e-06 0.000194102 0.00777177 2.45189e-06 0.893409 0.0884113 6.91348e-05 9.78919e-06 
2.79556e-10 0.389558 3.08966e-05 7.23153e-06 1.22667e-05 1.26373e-09 1.43601e-05 0.506541 0.103807 2.07815e-05 9.19264e-06 
5.79949e-08 0.061409 0.0330518 1.30644e-07 0.00179589 0.00148341 1.87433e-07 0.663897 0.150847 0.0872055 0.000309683 
3.24794e-10 0.120364 1.93334e-06 4.48137e-06 8.00611e-10 4.1125e-06 0.00149226 0.81623 7.06428e-06 0.0618584 3.73744e-05 
1.77327e-08 0.0064261 0.00239171 3.35863e-05 4.37107e-08 0.000156157 0.000147734 0.986437 8.22927e-05 0.00430562 1.93678e-05 
1.26987e-06 0.0215587 0.035037 0.000875182 0.00133524 0.00176538 0.00398394 0.832044 0.0195807 0.0129949 0.0708244 
2.02066e-09 0.102732 0.00755446 0.00012487 0.000408521 0.00805729 0.000698054 0.768915 0.00688386 0.104547 7.83316e-05 
6.22533e-10 8.22681e-10 1.64724e-06 4.29562e-06 1.53453e-09 2.81416e-09 1.22049e-09 0.983623 0.0163626 8.45244e-06 4.87283e-09 
1.27705e-06 0.150689 0.0634721 0.00996046 0.0653772 0.00498006 0.02554 0.477435 0.167175 0.0272008 0.00816892 
5.03656e-11 9.11917e-07 6.8283e-07 0.000750956 1.2415e-10 2.27678e-10 9.87432e-11 0.966417 2.24956e-07 0.0328303 3.55204e-07 
1.04017e-05 0.0252815 0.0589269 0.000123724 0.0462852 0.0282682 0.000782817 0.709517 0.0396388 0.00161431 0.0895513 
4.9677e-10 0.0129767 0.0132709 3.52069e-07 0.0283633 2.19023e-06 7.35713e-07 0.706642 0.0368364 0.196499 0.0054091 
3.5451e-10 0.00135412 0.0984377 7.20414e-07 8.73863e-10 0.000700097 6.95028e-10 0.89266 0.00504145 0.001806 2.7749e-09 
1.86011e-06 0.000540759 0.29194 6.29821e-05 4.98425e-05 0.00084033 0.00506853 0.67484 0.00939448 0.0170003 0.000260758 
9.49456e-07 0.0115649 0.0370418 0.000307682 4.18684e-06 2.48671e-06 0.00146024 0.931472 0.0167128 0.00143022 3.13799e-06 
3.81025e-12 0.0276912 0.0969289 6.24275e-08 8.14314e-07 1.55035e-07 0.573347 0.241854 0.0185463 0.041631 3.58192e-08 
2.95932e-08 0.000393904 0.000153347 0.000659246 7.29468e-08 1.33776e-07 0.000148252 0.998234 8.25756e-05 0.000309169 1.95252e-05 
1.68805e-10 6.58859e-06 5.1982e-06 9.23262e-05 0.101619 7.63084e-10 3.30947e-10 0.864938 0.000965113 0.0321898 0.000183632 
2.3674e-05 0.629215 0.161733 0.000124568 3.6651e-05 0.000874117 0.111505 0.0508435 0.0375195 0.0079854 0.000140499 
3.82123e-09 0.000192402 0.000119403 0.000113124 0.000101738 0.000153755 7.49163e-09 0.00389625 6.38304e-05 0.000557994 0.994801 
1.4266e-08 5.88819e-07 2.31858e-05 4.0999e-08 3.51655e-08 3.71086e-05 3.80789e-05 0.999872 2.85251e-05 2.36187e-08 1.11666e-07 
1.80785e-11 0.00258082 0.0244061 5.19557e-11 6.37298e-07 8.17237e-11 1.20511e-06 0.97301 2.02376e-07 2.63419e-07 4.24665e-07 
1.22799e-05 0.0468044 0.0673552 0.000316512 0.0285755 0.000119289 0.000132286 0.537743 0.254187 0.0647274 2.64609e-05 
2.33151e-07 0.0357041 0.29267 0.000460257 1.91312e-05 0.000863637 0.00245713 0.664941 0.00140424 0.000784182 0.000695558 
1.72957e-05 0.00981941 0.00235633 0.00127378 0.00504074 0.000250936 0.000875198 0.953492 0.0165088 0.0100355 0.000330164 
9.38572e-08 0.00277846 0.00294053 2.69736e-07 0.00187422 4.24281e-07 0.000607415 0.977828 0.00105067 0.0100538 0.00286591 
2.80506e-07 0.00167027 0.00242321 8.06146e-07 6.91444e-07 1.26803e-06 0.000945383 0.99307 9.58857e-05 4.64404e-07 0.00179184 
1.13253e-07 0.0584289 0.0125167 0.00292961 0.00496944 5.11959e-07 0.00581754 0.0512892 0.0100105 0.850313 0.0037241 
2.90561e-05 0.0074716 0.0223504 3.20084e-05 0.0119291 0.000437677 0.000386386 0.934733 0.0180892 0.00123749 0.00330451 
2.83539e-09 0.00874666 0.0092349 8.1486e-09 0.0165751 6.16915e-06 5.55886e-09 0.945273 0.0201633 1.17642e-06 2.21938e-08 
2.93625e-10 0.000176397 0.123981 8.43848e-10 1.39696e-05 5.31065e-06 1.15708e-07 0.864385 0.0114384 4.86123e-10 2.29833e-09 
3.70831e-06 4.90055e-06 0.000178818 1.06573e-05 1.4544e-05 1.67634e-05 7.27025e-06 0.999645 8.35126e-05 6.13944e-06 2.90265e-05 
0.00291399 0.0314297 0.0824767 0.010771 0.0047225 0.00655745 0.0438696 0.510759 0.199099 0.0630679 0.0443332 
4.46044e-05 0.764497 0.0643871 0.000198419 0.0398095 0.00218845 0.0029259 0.116346 0.00851434 0.000970072 0.000118769 
2.05514e-07 0.738936 0.00207993 9.45257e-05 0.000681622 9.29024e-07 2.54056e-05 0.0542369 0.000219552 0.203623 0.000101432 
3.88176e-08 0.000405303 6.09983e-05 1.11558e-07 0.00016276 0.000509053 7.6103e-08 0.000399618 0.998423 3.86238e-05 3.03842e-07 
1.27705e-06 0.150689 0.0634721 0.00996046 0.0653772 0.00498006 0.02554 0.477435 0.167175 0.0272008 0.00816892 
1.27219e-06 0.0154981 0.251991 0.000575421 3.80997e-05 0.00493501 0.0151256 0.636679 0.0493922 0.0253874 0.000376484 
1.17539e-07 0.00785974 0.000932833 3.37794e-07 0.001391 5.31334e-07 2.30438e-07 0.966899 0.0114732 0.0114424 9.20027e-07 
2.44144e-09 0.000911397 0.0277719 7.01645e-09 6.01812e-09 6.4367e-06 4.78652e-09 0.969834 4.75968e-06 0.00143503 3.6778e-05 
3.48764e-10 0.116911 0.0665245 0.000754083 0.00115027 0.00178 0.00733174 0.694442 0.0140516 0.0790645 0.0179905 
5.39619e-09 1.99742e-05 3.57295e-06 1.70744e-05 1.33015e-08 6.34474e-05 1.27058e-05 0.987891 0.0119051 8.66676e-05 4.22383e-08 
1.69113e-09 2.99491e-05 0.00751218 4.86013e-09 1.67161e-06 0.162479 3.31551e-09 0.0482358 0.781742 2.79982e-09 1.32372e-08 
8.97295e-10 2.75632e-05 0.648612 3.82536e-06 2.21182e-09 0.0027072 0.345836 0.00271675 9.67367e-05 1.48555e-09 3.54422e-07 
6.86601e-09 0.016135 0.0503195 3.89464e-05 0.00439152 1.92402e-05 0.000314553 0.914426 0.0132226 0.001133 5.37432e-08 
3.01727e-10 0.125856 0.193747 8.67133e-10 0.00129217 0.00241886 3.12946e-06 0.652875 0.0238058 2.31952e-06 2.36175e-09 
3.20118e-05 0.0145362 0.0881239 3.8014e-05 0.00336739 0.00206522 0.00085055 0.870817 0.00595965 0.0139169 0.000292995 
1.49503e-11 4.84063e-07 0.0307871 4.29656e-11 3.72207e-09 8.58371e-07 2.93105e-11 0.965143 0.00406841 1.63385e-07 1.17022e-10 
2.0621e-07 0.0118043 0.329296 5.92626e-07 4.93176e-05 9.32172e-07 4.0428e-07 0.658345 0.000415069 3.41399e-07 8.74946e-05 
4.16228e-07 0.0782832 0.110263 4.72893e-07 0.00995598 0.227913 9.39015e-07 0.478286 0.0739333 0.0213627 6.01182e-07 
7.28388e-08 2.14843e-06 0.0512682 1.83571e-07 7.92671e-07 4.76149e-07 8.08379e-07 0.930081 0.011394 0.00725227 1.05328e-07 
1.3821e-09 0.000186118 1.10831e-05 9.53681e-06 1.05646e-05 6.24778e-09 2.70965e-09 0.994578 0.000231101 0.00497405 1.08183e-08 
2.01194e-09 6.14208e-05 1.81297e-05 5.78212e-09 0.0245769 5.0941e-05 3.94448e-09 4.14205e-05 2.59063e-05 0.975225 1.57484e-08 
2.73156e-07 0.243618 0.12885 0.000493872 0.000418568 0.0107215 0.0684481 0.514574 0.0319159 0.000689271 0.000270996 
6.14976e-08 0.00971177 0.957052 0.000229936 0.00254688 2.78e-07 0.000747643 0.0274792 0.00046015 0.00177168 4.81368e-07 
2.51061e-07 3.31779e-07 0.025029 5.17054e-05 6.18862e-07 0.000305877 4.92213e-07 0.9617 0.0128622 4.15655e-07 4.91934e-05 
1.17188e-07 0.000191798 0.00307462 3.36786e-07 2.88866e-07 6.12613e-05 6.26119e-05 0.996561 4.68196e-05 1.94015e-07 9.1728e-07 
8.51125e-09 0.00171559 0.0064175 4.5359e-07 0.00172173 2.19255e-06 0.000801948 0.345875 4.54706e-08 0.642495 0.000970528 
8.39425e-08 0.925463 0.00728589 2.41242e-07 0.00115894 0.00345349 0.00100405 0.0221444 0.0236271 0.015468 0.00039489 
4.44159e-08 0.663721 0.0468183 2.69731e-05 0.00188019 0.00134885 0.000892883 0.280013 0.00269843 0.00260034 3.47662e-07 
3.8153e-06 0.0376686 0.060531 0.000196987 0.000494876 5.8842e-05 0.000641739 0.871634 0.0254765 0.00326098 3.24248e-05 
1.16422e-10 0.00586549 0.0160717 7.69882e-07 3.50143e-06 1.15836e-06 2.28249e-10 0.968911 7.76584e-07 0.00914552 9.11286e-10 
5.8373e-10 7.71402e-10 0.00088246 1.21388e-06 0.101442 2.60273e-06 1.14442e-09 0.796439 0.0997604 0.00147223 2.9868e-07 
2.62573e-06 0.0236062 0.0328564 0.000158089 0.00891085 0.00377679 0.00147922 0.867677 0.0527201 0.00864292 0.000169749 
4.84444e-07 0.678762 0.05177 0.000321139 0.00212311 0.00171185 0.161461 0.089762 0.00791858 0.00476394 0.00140576 
5.97547e-07 0.256083 0.0125586 1.15714e-06 0.00182763 1.61115e-05 0.00120297 0.70821 0.00606188 0.0140373 6.7125e-07 
7.86233e-06 0.00964536 0.0443352 0.000415351 0.00604566 0.0008791 0.00179292 0.864776 0.0464239 0.0256469 3.21702e-05 
3.40074e-09 0.0300308 0.0304877 2.19152e-05 0.00673498 0.0258836 9.33397e-05 0.894868 0.0116564 0.000223137 2.66191e-08 
1.8876e-09 2.49448e-09 0.221733 5.42478e-09 0.0215305 8.53292e-09 3.7007e-09 0.673406 1.23721e-05 0.0833172 1.47751e-08 
4.46925e-11 1.8315e-07 1.52582e-06 1.28442e-10 0.164077 2.62663e-06 1.57806e-07 0.0107099 0.000718928 0.82449 2.10247e-07 
1.09932e-08 0.00105763 0.195045 2.24552e-05 2.70981e-08 1.77691e-05 2.15525e-08 0.802796 0.000461143 0.000599798 8.60485e-08 
1.05103e-08 1.38895e-08 1.47784e-05 3.32564e-05 2.59078e-08 7.13153e-05 2.06058e-08 0.999859 1.40265e-05 6.97773e-06 8.22689e-08 
1.4266e-08 5.88819e-07 2.31858e-05 4.0999e-08 3.51655e-08 3.71086e-05 3.80789e-05 0.999872 2.85251e-05 2.36187e-08 1.11666e-07 
5.76821e-07 0.0244697 0.842818 1.65772e-06 0.0182012 2.60752e-06 1.13087e-06 0.0432377 0.0479075 0.0143256 0.00903457 
1.63526e-10 0.00184622 0.03798 0.00518181 5.33667e-07 1.78633e-05 3.20597e-10 0.947383 4.19931e-07 0.000270959 0.00731884 
1.76003e-07 5.81347e-06 0.0444325 5.05815e-07 0.00143114 0.000363517 0.000372924 0.930545 0.0228471 2.91389e-07 1.37765e-06 
5.90866e-05 0.0291904 0.0113578 0.000214849 0.000735596 7.16198e-05 6.08591e-05 0.952384 0.00406065 0.00159217 0.000273477 
2.29566e-10 1.27447e-06 0.0189105 6.5975e-10 1.97497e-05 5.60491e-06 1.12563e-06 0.871626 0.0531554 0.0562782 1.79871e-06 
9.29065e-08 0.0682274 0.215589 5.75158e-06 0.00014461 0.00637472 7.60361e-07 0.685965 0.0202421 0.00331634 0.000134036 
1.21314e-08 0.00232622 0.000905546 0.000198762 2.99037e-08 5.484e-08 0.000875273 0.993267 0.000487605 0.00182571 0.000114044 
8.50834e-08 0.00498731 0.0636918 3.07334e-05 0.015612 0.000104334 1.3342e-05 0.900872 0.0146583 2.76231e-05 2.38127e-06 
1.12422e-07 0.0152982 0.0136039 3.23089e-07 0.0126356 9.33624e-06 0.854129 0.0344878 0.00270637 0.065547 0.00158197 
2.82031e-10 0.00753262 0.0404995 5.1409e-07 0.00882299 1.32348e-05 0.000381976 0.732672 7.77754e-06 0.20678 0.00328952 
7.62161e-10 0.000560622 0.00501018 3.7563e-07 1.16231e-05 0.000212929 1.69096e-07 0.988461 0.00554617 0.000196445 5.96576e-09 
6.87505e-05 0.116267 0.0208821 0.0017816 0.000441626 0.00029591 0.0147426 0.826023 0.0132925 0.0059733 0.000230808 
1.76931e-05 0.0182823 0.0230473 0.000196698 5.69637e-05 0.000655742 0.00253645 0.946823 0.00585594 0.00237025 0.000157569 
1.08265e-08 1.63822e-05 0.999628 3.11143e-08 2.66872e-08 0.000318 2.12257e-08 2.42244e-08 3.72375e-05 1.79243e-08 8.47438e-08 
9.03958e-08 0.0243087 0.701974 3.07011e-07 2.28348e-06 0.00753924 2.05375e-06 0.26617 2.72685e-06 1.12562e-06 1.44857e-07 
2.28943e-09 1.01824e-05 0.0103439 6.57958e-09 4.93712e-07 1.80604e-05 4.48849e-09 0.975955 0.0136687 3.43924e-06 1.79203e-08 
4.4369e-08 0.00143659 0.951273 1.27512e-07 1.09369e-07 0.00254744 8.69867e-08 0.042371 0.00188628 0.000484888 3.47295e-07 
2.96369e-11 0.149425 0.00402564 6.29797e-05 0.0678325 0.000861269 0.000709057 0.67086 0.0980616 0.00157476 0.00658691 
1.21055e-08 1.39482e-05 0.103917 3.479e-08 0.000146734 0.0158531 5.33615e-05 0.398025 0.423208 0.0587829 9.47551e-08 
1.08481e-08 9.02423e-05 0.080365 0.00146966 1.15137e-07 2.83585e-05 0.00119967 0.910165 5.75329e-07 0.000872852 0.00580895 
1.90475e-11 0.00221247 0.000701892 0.0868795 8.8466e-07 0.000190886 3.73432e-11 0.894615 0.0057277 0.00905867 0.000613287 
4.45574e-11 0.0184872 0.0367443 1.28053e-10 0.0160566 1.83314e-06 5.3296e-07 0.205714 0.640881 0.0821135 2.09611e-07 
1.03298e-08 0.00033446 0.00219278 2.96868e-08 2.54628e-08 0.000593085 2.02519e-08 0.996327 0.000439156 0.00011289 8.08557e-08 
8.59658e-11 0.0036391 0.0486481 2.47057e-10 0.0174739 0.0191004 2.79164e-07 0.591166 0.167498 0.152474 6.72891e-10 
2.25815e-08 0.21357 0.000998668 6.48968e-08 5.56629e-08 1.02079e-07 4.42716e-08 0.606668 0.17874 2.24688e-05 1.76755e-07 
3.65263e-08 0.00398714 0.00317034 1.04973e-07 0.000504295 0.00150273 0.000436898 0.973215 0.010281 0.00673066 0.00017183 
6.65677e-08 0.0797231 0.00307516 1.91309e-07 0.000266584 0.00101411 1.30508e-07 0.00273287 0.911748 0.00143972 5.21054e-07 
1.82092e-06 0.00302346 0.0356603 0.000260465 0.000444635 0.0141704 0.000562827 0.813614 0.0248304 0.104458 0.00297297 
4.51954e-11 0.00310777 0.259939 1.29887e-10 1.68833e-05 3.57908e-07 8.86068e-11 0.73537 0.00156586 6.81562e-08 3.53764e-10 
5.18171e-07 0.000197825 0.000140441 1.71197e-05 0.0410692 2.34239e-06 1.01589e-06 0.95739 0.000278791 0.000898725 4.05594e-06 
1.33044e-08 0.00509461 0.00123812 0.00123844 0.00142795 8.52291e-07 0.000310188 0.957584 0.0314893 0.00161467 2.00443e-06 
2.23506e-06 0.000129687 0.989742 6.42334e-06 2.69997e-05 0.000342212 0.00394145 0.00546845 0.000157414 0.000166081 1.74948e-05 
1.57079e-09 0.0414613 0.00472569 0.00144043 3.87197e-09 7.10076e-09 0.0089654 0.935802 0.00067287 0.00693159 5.6742e-07 
3.1528e-08 4.16644e-08 0.000493596 2.27844e-05 0.0522954 4.88191e-05 6.18115e-08 0.894716 0.0514225 0.00099137 9.79615e-06 
2.62775e-05 0.0379301 0.257349 3.03397e-05 0.00730901 9.43067e-05 0.0722998 0.499661 0.0740255 0.0469043 0.00436968 
5.64595e-08 7.46115e-08 0.00047142 0.000697874 0.00567835 2.55225e-07 1.1069e-07 0.98885 0.0023479 0.00195369 4.41932e-07 
1.23e-08 8.12887e-05 0.000167773 3.53489e-08 3.03193e-08 5.5602e-08 0.000368976 0.649774 0.349585 2.24204e-05 9.62772e-08 
2.28662e-10 0.00473625 7.33008e-06 6.5715e-10 0.0137287 5.70566e-06 1.221e-06 0.926098 0.0554205 2.25678e-06 1.78983e-09 
3.91744e-06 0.00855536 0.837631 1.12583e-05 0.00342719 1.77088e-05 0.00251674 0.0102698 0.000538348 0.131989 0.00503938 
2.36835e-08 4.38484e-05 0.999629 6.8064e-08 5.83795e-08 3.22255e-05 4.64322e-08 5.29921e-08 0.000164847 0.000129433 1.85381e-07 
9.38376e-07 0.000523522 0.0345002 2.0866e-05 0.0143596 1.61704e-05 0.0025716 0.922488 2.76615e-05 0.0254852 6.57959e-06 
1.61512e-09 0.00204062 0.0247063 4.6417e-09 1.81012e-05 0.00325453 0.000164222 0.939013 0.0306803 1.6137e-05 0.000106977 
6.06828e-10 0.0430942 0.00223092 0.00314643 0.00010082 7.67772e-05 1.1897e-09 0.619755 0.091025 0.240034 0.000536695 
3.71546e-06 0.00043519 0.00311748 1.06779e-05 9.15855e-06 0.000844721 7.28427e-06 0.994824 0.000221347 0.000497078 2.90825e-05 
9.25371e-09 0.0450302 0.00589216 2.65942e-08 0.0287313 6.05798e-05 1.81422e-08 0.89591 0.0243681 7.86507e-06 7.24328e-08 
4.9677e-10 0.0129767 0.0132709 3.52069e-07 0.0283633 2.19023e-06 7.35713e-07 0.706642 0.0368364 0.196499 0.0054091 
5.4093e-07 0.138408 0.0362711 1.70164e-06 0.00267986 0.00151009 0.00354467 0.76125 0.0560141 0.000220245 9.97461e-05 
4.71286e-10 6.22807e-10 0.96795 1.35443e-09 1.16171e-09 2.13045e-09 9.23969e-10 1.6135e-05 7.10955e-07 0.032033 3.72584e-07 
3.32932e-07 0.167011 0.0190868 0.000669916 0.0040143 0.0119602 0.0301144 0.76198 0.00432984 0.000832802 8.76777e-07 
4.0894e-05 0.00105337 0.166043 0.00106378 0.0218707 0.00167327 0.000324371 0.662181 0.144801 0.000183934 0.000764883 
1.06214e-06 0.00529981 0.381389 3.15963e-05 0.0030053 0.00123905 0.001359 0.543727 0.0346809 0.0290822 0.000185822 
6.29798e-09 0.26334 0.000158312 1.80997e-08 0.307605 6.80393e-06 7.65245e-06 0.417844 0.0065412 0.00432805 0.000170394 
1.28823e-08 3.06897e-05 0.0108753 2.65738e-06 3.17547e-08 5.82344e-08 1.1566e-05 0.979961 0.00710201 0.00201516 1.60334e-06 
5.03656e-11 9.11917e-07 6.8283e-07 0.000750956 1.2415e-10 2.27678e-10 9.87432e-11 0.966417 2.24956e-07 0.0328303 3.55204e-07 
1.50393e-07 0.00925033 0.175415 4.32214e-07 6.46642e-05 0.000165572 0.00475978 0.753087 0.0572233 2.48989e-07 3.34131e-05 
2.15243e-11 4.12733e-06 0.0952773 0.00084673 5.30572e-11 2.8227e-07 0.00372868 0.841047 0.00467263 0.0544235 2.02345e-07 
5.03203e-07 0.973939 0.000499567 1.44615e-06 1.24039e-06 2.27473e-06 9.86544e-07 0.00529296 0.00108014 0.0136636 0.00551825 
3.94435e-10 0.00115372 0.0372788 1.13357e-09 2.54161e-05 3.20494e-06 7.73302e-10 0.960179 0.00135955 6.10306e-07 3.08742e-09 
1.05308e-08 5.58054e-06 5.39797e-05 3.02644e-08 8.30922e-05 0.000142861 2.06459e-08 0.999325 0.000389678 1.74347e-08 8.24291e-08 
1.03298e-08 0.00033446 0.00219278 2.96868e-08 2.54628e-08 0.000593085 2.02519e-08 0.996327 0.000439156 0.00011289 8.08557e-08 
2.55569e-08 0.480802 0.0326879 1.61961e-05 0.0234619 0.00154068 0.0068565 0.221538 0.127873 0.105223 2.00045e-07 
5.93796e-07 0.536188 0.071986 0.000288648 0.00312718 0.000949621 0.335788 0.00610661 0.025994 0.0193263 0.000245129 
6.034e-09 0.113823 3.90604e-05 1.73411e-08 0.0266477 2.72767e-08 6.74702e-07 0.755319 0.104164 7.0149e-06 4.72307e-08 
3.62342e-10 0.000186938 4.00461e-05 9.37303e-06 1.58993e-05 1.6396e-06 1.86127e-05 0.902688 3.20275e-05 0.0969953 1.19149e-05 
3.865e-08 0.146408 0.0224718 0.000184844 1.44045e-07 8.69447e-08 0.00118755 0.807836 0.0189085 0.00292235 7.99829e-05 
2.49241e-10 8.06996e-06 5.29082e-05 7.16292e-10 6.14374e-10 1.43102e-05 4.88643e-10 0.999911 1.05961e-05 2.72384e-06 1.95091e-09 
1.03298e-08 0.00033446 0.00219278 2.96868e-08 2.54628e-08 0.000593085 2.02519e-08 0.996327 0.000439156 0.00011289 8.08557e-08 
5.6211e-08 0.000143696 0.0108888 1.61545e-07 1.38559e-07 0.000101177 1.10203e-07 0.984756 0.00394681 0.000162709 4.39988e-07 
3.32932e-07 0.167011 0.0190868 0.000669916 0.0040143 0.0119602 0.0301144 0.76198 0.00432984 0.000832802 8.76777e-07 
1.31531e-08 0.0142403 0.0249507 1.10747e-06 1.16537e-05 2.20726e-05 2.57871e-08 0.955576 0.0051983 2.17762e-08 1.02955e-07 
1.03581e-09 6.92639e-05 8.22059e-06 2.97681e-09 0.00123807 2.81411e-06 2.43891e-06 0.877473 0.000101108 0.121105 8.10773e-09 
3.84555e-07 0.358322 0.0787339 0.000525731 0.00069696 0.00256663 0.0531542 0.450159 0.0546079 0.00111532 0.000118664 
7.33761e-06 0.17366 0.256254 0.000233043 9.3051e-05 0.00237361 0.0501626 0.335021 0.179582 0.00242416 0.000189605 
3.5809e-07 4.73218e-07 5.20386e-05 0.000691205 8.82687e-07 3.51056e-05 7.02046e-07 0.998912 0.000300617 3.86332e-06 2.80293e-06 
3.06765e-11 0.00476861 6.51194e-06 8.81612e-11 7.56172e-11 1.76129e-06 6.01422e-11 0.955053 0.0401696 3.3525e-07 2.40118e-10 
2.30162e-12 4.04659e-08 0.450446 6.61461e-12 5.67345e-12 3.602e-08 0.374905 0.174617 3.1904e-05 4.12724e-08 1.46645e-08 
1.04572e-09 3.38585e-05 0.000221983 3.00529e-09 2.57768e-09 6.00399e-05 2.05016e-09 0.999628 4.44572e-05 1.14282e-05 8.18529e-09 
3.83856e-07 0.00701337 6.48803e-05 7.75116e-06 0.00701015 0.000220025 7.52561e-07 0.982797 0.00288224 6.35509e-07 3.00461e-06 
1.62756e-06 0.00013831 0.00036006 4.67744e-06 0.0197536 7.35739e-06 1.29068e-05 0.00154224 0.978082 8.46176e-05 1.27396e-05 
1.24973e-06 0.0259125 0.0199093 0.00266216 0.0502346 0.0059188 2.80241e-06 0.258249 1.36433e-06 0.636897 0.000210527 
1.1592e-07 0.299364 0.0529686 0.000237434 0.0029612 4.57421e-06 0.00137169 0.542071 0.0974201 0.00345963 0.000141006 
2.73283e-07 0.501051 0.104124 0.0144544 0.00235018 0.0140422 0.190926 0.128647 0.0320031 0.0048371 0.00756514 
7.97622e-07 0.00343847 0.00753189 0.00247321 5.28119e-06 0.000197255 0.00164093 0.968044 0.00998963 0.00667549 3.31466e-06 
3.22452e-08 0.0025613 0.040495 4.13323e-05 7.26896e-05 0.00842576 0.000159067 0.889541 5.8671e-06 0.0583299 0.000368229 
3.57177e-05 0.127969 0.0184666 0.000240354 0.000346036 0.000361602 0.0294465 0.787229 0.0342877 0.00136377 0.000253001 
1.05551e-06 7.96964e-05 5.92703e-05 7.83631e-06 2.13268e-05 5.76541e-05 2.5898e-05 0.00128189 0.000404623 1.7475e-06 0.998059 
7.86233e-06 0.00964536 0.0443352 0.000415351 0.00604566 0.0008791 0.00179292 0.864776 0.0464239 0.0256469 3.21702e-05 
5.84497e-08 0.000424907 0.00404893 0.000420114 1.44078e-07 2.64222e-07 1.14592e-07 0.992005 0.00106788 0.00203224 4.57511e-07 
9.25371e-09 0.0450302 0.00589216 2.65942e-08 0.0287313 6.05798e-05 1.81422e-08 0.89591 0.0243681 7.86507e-06 7.24328e-08 
2.13065e-07 2.81567e-07 0.000254424 6.12327e-07 5.25202e-07 0.962432 4.1772e-07 0.0298181 0.00567362 2.26923e-05 0.00179719 
5.74639e-07 0.0145947 0.016988 9.92241e-06 0.000632358 0.00122494 0.000206325 0.952828 0.00158957 0.0119071 1.83786e-05 
2.85101e-07 0.00123736 0.110875 0.000164387 1.29299e-05 7.45645e-06 0.192128 0.112914 0.000526826 0.581601 0.000531948 
3.25615e-06 3.3004e-05 0.995795 9.35783e-06 8.02635e-06 1.47194e-05 6.38377e-06 0.0023593 0.000510782 0.00123511 2.54873e-05 
9.33008e-11 0.000434316 0.407235 1.08647e-06 2.29985e-10 9.66512e-07 2.76652e-06 0.589589 0.00222863 0.000508303 7.30305e-10 
2.544e-09 0.00533686 0.0692045 7.3112e-09 3.49083e-07 0.000250956 5.96519e-07 0.916608 0.00855378 4.52814e-05 1.9913e-08 
3.57177e-05 0.127969 0.0184666 0.000240354 0.000346036 0.000361602 0.0294465 0.787229 0.0342877 0.00136377 0.000253001 
1.84067e-07 0.000376727 0.376449 8.00691e-05 0.000893307 2.73963e-06 0.567459 0.0429764 0.0114087 1.21506e-06 0.000352607 
1.88723e-08 0.98339 0.00208577 0.000488188 0.000828102 8.53123e-08 0.000969428 0.00854678 0.00166813 0.00140292 0.000620579 
3.52787e-09 0.0456363 0.0153108 7.09309e-07 5.35545e-06 0.00062011 6.91649e-09 0.934342 0.00407569 8.75184e-06 2.76141e-08 
1.22799e-05 0.0468044 0.0673552 0.000316512 0.0285755 0.000119289 0.000132286 0.537743 0.254187 0.0647274 2.64609e-05 
1.33557e-06 1.76496e-06 0.00558638 3.83829e-06 3.29216e-06 6.03744e-06 2.61842e-06 0.992422 0.00196018 2.21116e-06 1.04541e-05 
1.80271e-11 0.0147605 1.56469e-06 2.62672e-06 2.48889e-07 0.000371569 2.15626e-07 0.984422 5.07405e-06 3.32184e-06 0.00043259 
2.95065e-09 3.2758e-05 0.000330254 0.0064642 0.00012729 3.86948e-05 5.78484e-09 0.942921 8.98469e-05 0.0499543 4.15959e-05 
4.56248e-08 0.00177446 0.0165266 0.000549641 8.37684e-08 0.00106355 8.75981e-08 0.973338 0.00232831 0.00441107 8.10989e-06 
3.65372e-07 0.000592653 0.00551271 0.000184099 4.56164e-07 0.00129455 7.01503e-07 0.99012 0.000776993 0.00147309 4.41571e-05 
0.000218216 0.0541268 0.00955372 0.00924268 0.00188292 0.126487 0.00226959 0.679226 0.0207083 0.0620731 0.0342118 
3.42719e-11 1.76814e-05 0.091667 8.86543e-07 0.0197016 4.18455e-07 1.76047e-06 0.811755 0.0281756 0.045861 0.00281854 
1.26401e-08 0.166188 0.475232 3.63263e-08 3.38048e-05 0.00103115 6.56604e-05 0.0536892 1.25894e-05 0.303748 9.89394e-08 
1.19023e-09 0.0459126 0.065946 3.4206e-09 0.00500041 0.00156057 2.33348e-09 0.755218 0.126357 5.02627e-06 5.77931e-07 
1.04561e-11 0.0171244 0.059696 3.42598e-07 0.00725764 1.72529e-06 0.000768992 0.911121 4.66111e-06 0.00402536 4.91886e-08 
6.06828e-10 0.0430942 0.00223092 0.00314643 0.00010082 7.67772e-05 1.1897e-09 0.619755 0.091025 0.240034 0.000536695 
2.05482e-09 3.91054e-05 3.36333e-05 5.90535e-09 5.0651e-09 0.000219225 4.02854e-09 9.42571e-05 1.20369e-07 3.40194e-09 0.999614 
1.06651e-06 0.00620277 0.0203659 3.06503e-06 2.62893e-06 4.82115e-06 2.09092e-06 0.964314 0.00909345 1.7657e-06 8.34802e-06 
4.18129e-07 0.531984 0.0366954 0.00285748 0.000982829 7.2775e-07 4.29032e-06 0.26626 0.146115 0.0150988 6.7911e-07 
5.82179e-10 0.841296 6.43426e-05 1.50598e-05 2.55455e-05 2.63174e-09 2.99052e-05 0.158456 5.1459e-05 4.32778e-05 1.91438e-05 
2.88091e-07 0.000185624 0.0364361 0.000218692 0.0367421 2.44254e-05 5.22265e-05 0.925279 0.000651552 2.87913e-05 0.000381292 
3.77791e-05 0.085507 0.0714632 0.000231654 0.0400295 0.588365 3.94887e-05 0.189912 0.0232771 0.00105446 8.25916e-05 
1.12422e-07 0.0152982 0.0136039 3.23089e-07 0.0126356 9.33624e-06 0.854129 0.0344878 0.00270637 0.065547 0.00158197 
3.68986e-06 0.000117118 0.000738955 1.06043e-05 9.09544e-06 0.000215706 7.23407e-06 0.998675 0.000149521 4.39894e-05 2.88821e-05 
3.14634e-09 6.69464e-05 3.38368e-06 1.08597e-05 1.78458e-05 0.000106687 1.296e-05 4.15427e-05 0.99974 5.20904e-09 2.46277e-08 
9.39844e-07 1.24201e-06 0.000177614 2.70101e-06 0.99123 0.00030865 2.0122e-05 5.19395e-05 6.85399e-06 0.00816818 3.16834e-05 
2.97895e-07 0.00249281 9.37893e-05 8.56119e-07 0.000864134 1.34663e-06 3.22781e-05 0.0411282 0.000278331 0.954979 0.000128871 
9.75001e-08 1.28847e-07 0.993925 2.80205e-07 2.40336e-07 4.40749e-07 1.91152e-07 0.000611057 5.71142e-06 0.00545615 7.63175e-07 
6.71028e-08 0.00930677 0.0390413 0.000159749 0.000109533 0.00235376 0.00133549 0.878393 0.0631679 0.00613226 2.11426e-07 
2.0786e-08 0.0482942 0.00264208 0.00372644 0.619072 0.00194931 0.0114915 0.310189 0.000569762 0.000245865 0.00181907 
9.68488e-11 0.00673427 0.372495 2.12317e-07 2.30391e-06 0.051974 2.75921e-06 0.405628 0.0358423 0.127316 4.65674e-06 
3.42719e-11 1.76814e-05 0.091667 8.86543e-07 0.0197016 4.18455e-07 1.76047e-06 0.811755 0.0281756 0.045861 0.00281854 
2.45282e-07 0.00138709 0.12452 0.000114083 0.305874 0.000918271 4.80882e-07 0.566708 0.000186458 0.000289654 1.91993e-06 
2.01194e-09 6.14208e-05 1.81297e-05 5.78212e-09 0.0245769 5.0941e-05 3.94448e-09 4.14205e-05 2.59063e-05 0.975225 1.57484e-08 
3.70494e-06 0.000210827 0.00207942 0.000111945 0.000809386 0.000259946 7.26364e-06 0.994871 0.000567023 0.000789326 0.000290377 
1.82092e-06 0.00302346 0.0356603 0.000260465 0.000444635 0.0141704 0.000562827 0.813614 0.0248304 0.104458 0.00297297 
1.17188e-07 0.000191798 0.00307462 3.36786e-07 2.88866e-07 6.12613e-05 6.26119e-05 0.996561 4.68196e-05 1.94015e-07 9.1728e-07 
9.7855e-07 0.0246681 0.0151745 0.000200996 7.40171e-05 0.00158966 2.67944e-05 0.882361 0.017344 0.0257403 0.0328197 
1.57026e-07 0.00590697 4.89111e-06 4.51276e-07 0.000348243 7.09835e-07 3.07854e-07 0.000462041 0.00038594 0.992889 1.22911e-06 
5.5433e-10 0.000482161 0.0129459 0.000217861 1.36642e-09 2.50585e-09 2.51064e-07 0.967419 1.48232e-06 0.0177249 0.00120845 
7.18915e-09 9.50051e-09 6.00274e-05 8.88624e-05 0.000723042 3.24986e-08 1.40945e-08 0.99858 0.000298965 0.00024877 5.62726e-08 
1.02854e-05 0.579908 0.0747202 0.00140744 1.47599e-05 0.0891056 0.00785798 0.0230096 0.209191 0.0125506 0.00222437 
4.16152e-08 0.93964 6.39269e-05 1.19598e-07 1.02581e-07 0.00065471 8.15879e-08 0.00048239 0.058936 0.0002225 3.2574e-07 
7.10549e-10 3.62592e-07 0.00267744 5.7899e-05 0.000459729 0.00112683 0.0144124 0.499484 0.0437789 5.8353e-09 0.438002 
6.44051e-11 0.289114 0.0861359 1.66603e-06 2.82604e-06 2.91143e-10 3.30835e-06 0.603795 0.0142377 0.00670761 2.11784e-06 
1.80785e-11 0.00258082 0.0244061 5.19557e-11 6.37298e-07 8.17237e-11 1.20511e-06 0.97301 2.02376e-07 2.63419e-07 4.24665e-07 
6.12913e-11 0.000200435 0.0767763 1.76145e-10 1.51082e-10 3.51904e-06 1.20163e-10 0.872176 0.0497716 0.00107239 4.79753e-10 
9.09288e-11 0.0199464 0.00302904 2.6132e-10 3.74629e-07 2.02263e-06 2.45616e-05 0.966109 0.0108887 1.50541e-10 7.11739e-10 
1.97336e-07 0.00773959 0.000503743 5.67123e-07 4.8643e-07 8.92057e-07 3.86883e-07 0.912805 0.078947 3.26707e-07 1.54463e-06 
1.85128e-08 0.000369443 0.000446866 5.32039e-08 0.00456799 8.36871e-08 3.62949e-08 0.992102 0.00194988 0.000563983 1.44908e-07 
2.12877e-07 5.93217e-05 0.00038727 6.11787e-07 5.24739e-07 0.000105652 4.17352e-07 0.966511 0.0329126 2.0278e-05 1.66628e-06 
8.21231e-10 0.0126439 4.41088e-05 3.25646e-06 1.40273e-05 0.236072 1.61005e-09 0.410843 0.340367 1.32643e-05 6.42813e-09 
8.50834e-08 0.00498731 0.0636918 3.07334e-05 0.015612 0.000104334 1.3342e-05 0.900872 0.0146583 2.76231e-05 2.38127e-06 
4.6057e-06 0.0500577 0.00789668 4.82649e-06 0.277837 0.00212866 0.00726103 0.457796 0.196047 0.000788492 0.000178738 
5.05982e-06 0.0464992 0.167129 0.000649339 0.00804918 0.000760151 0.0193375 0.616525 0.00142871 0.109369 0.0302485 
5.33114e-09 0.676471 0.190258 1.53212e-08 1.31412e-08 2.43404e-06 1.04519e-08 0.133201 5.07116e-05 1.67786e-05 4.17291e-08 
5.24409e-10 0.117745 0.145242 6.61247e-05 0.0437023 1.31466e-06 0.125031 0.45757 0.0874639 0.0231404 3.79498e-05 
1.79132e-10 7.04431e-07 0.768817 5.14806e-10 2.83729e-06 0.0264851 0.196713 0.00334116 0.00463386 7.01545e-06 1.73082e-07 
2.44336e-07 0.0116893 0.51468 0.000234493 0.0351225 5.49876e-07 0.000317217 0.428892 0.00497133 0.00409197 4.21634e-07 
2.76212e-06 5.39543e-06 0.000792565 7.93804e-06 2.4871e-05 0.000118985 0.975655 0.0233274 6.02485e-06 3.77934e-05 2.16203e-05 
7.89763e-10 3.44424e-05 0.015348 2.2697e-09 4.41931e-05 0.080005 1.54835e-09 0.185618 0.718941 8.23871e-06 1.24255e-06 
4.16228e-07 0.0782832 0.110263 4.72893e-07 0.00995598 0.227913 9.39015e-07 0.478286 0.0739333 0.0213627 6.01182e-07 
6.11148e-09 0.0444305 0.0318288 1.75638e-08 0.0484327 2.76269e-08 2.46316e-05 0.855849 0.00838158 0.0110526 4.78372e-08 
1.64858e-11 6.41762e-06 0.00233392 0.000260601 4.06372e-11 0.000141819 3.23208e-11 0.983286 0.000332236 0.00047785 0.0131614 
7.86233e-06 0.00964536 0.0443352 0.000415351 0.00604566 0.0008791 0.00179292 0.864776 0.0464239 0.0256469 3.21702e-05 
1.66139e-08 0.0148359 7.459e-06 4.10672e-06 0.0613554 2.05169e-05 1.85426e-06 0.273625 0.640807 0.00934305 1.30044e-07 
5.83631e-11 0.00226952 1.23892e-05 1.6773e-10 1.43864e-10 3.35092e-06 1.14423e-10 0.997712 2.48122e-06 6.37823e-07 4.56833e-10 
2.16533e-05 0.00063327 0.000135665 0.000657931 5.38814e-05 8.49652e-05 6.30687e-05 0.994479 0.00219724 0.00138445 0.000289085 
1.08189e-10 0.104768 0.0399112 1.61712e-06 1.20277e-05 4.84227e-06 1.08177e-05 0.855271 1.43631e-05 5.92897e-06 8.46843e-10 
1.03555e-08 0.0800287 0.00284708 4.76233e-05 3.05633e-05 4.6812e-08 2.03023e-08 0.317023 0.591054 0.00896907 8.10569e-08 
8.05037e-05 0.0216459 0.0125972 0.000384001 0.111796 0.00847212 0.00624396 0.761162 0.0768052 0.000722444 9.09947e-05 
8.05522e-08 0.16515 0.280186 0.116463 0.00024894 3.78876e-07 2.23359e-06 0.403311 0.0275751 0.00271422 0.00434905 
8.33588e-07 3.63933e-05 0.00588026 3.32164e-05 0.000858551 0.000118948 3.17295e-05 0.984457 0.00229817 0.00609361 0.00019119 
3.39912e-11 8.23601e-05 1.07053e-05 0.00413938 7.20659e-07 7.89814e-06 4.6562e-05 0.988314 0.00738974 9.96133e-07 7.37025e-06 
1.27219e-06 0.0154981 0.251991 0.000575421 3.80997e-05 0.00493501 0.0151256 0.636679 0.0493922 0.0253874 0.000376484 
4.86834e-08 0.942849 0.00363397 0.000797634 1.20004e-07 2.20073e-07 0.00351248 0.0394653 0.00195676 0.0073266 0.000457661 
1.10089e-10 3.94698e-05 1.04107e-05 1.64552e-06 0.00123614 4.92731e-06 1.10077e-05 0.998676 1.46154e-05 6.03309e-06 8.61715e-10 
9.81165e-09 8.16996e-05 0.00164969 2.81977e-08 0.000703825 4.43536e-08 1.9236e-08 0.96851 0.0287979 0.000256672 7.68e-08 
1.08481e-08 9.02423e-05 0.080365 0.00146966 1.15137e-07 2.83585e-05 0.00119967 0.910165 5.75329e-07 0.000872852 0.00580895 
2.19729e-06 0.0424465 0.141219 0.000689206 0.00888144 0.000585314 0.0377727 0.767795 2.69016e-06 0.000598199 8.58939e-06 
6.39838e-08 0.0691045 0.0351754 7.30328e-07 1.2387e-06 3.30068e-06 0.00448963 0.817611 0.038217 0.0353959 9.2862e-07 
4.48261e-11 0.00863246 0.00241959 0.00153264 1.10496e-10 5.27057e-07 8.78828e-11 0.985846 3.71805e-07 0.00111082 0.000457224 
1.45981e-05 0.00324144 0.0230814 3.33634e-05 0.000368172 0.00233741 0.00136033 0.713604 0.000295061 0.241824 0.0138407 
1.4266e-08 5.88819e-07 2.31858e-05 4.0999e-08 3.51655e-08 3.71086e-05 3.80789e-05 0.999872 2.85251e-05 2.36187e-08 1.11666e-07 
3.80174e-09 0.0836971 0.0934802 0.000197531 3.95847e-06 0.00329367 0.00310338 0.78547 0.0153549 0.015396 2.98867e-06 
1.33044e-08 0.00509461 0.00123812 0.00123844 0.00142795 8.52291e-07 0.000310188 0.957584 0.0314893 0.00161467 2.00443e-06 
2.67473e-07 0.0649019 0.0210155 0.000120053 0.000297055 6.0342e-07 8.44678e-05 0.798646 0.00478488 0.108413 0.0017366 
4.71794e-09 0.000193908 9.63328e-05 1.49283e-05 0.000100027 2.13275e-08 9.24966e-09 0.999397 6.97793e-05 0.000128108 3.69294e-08 
2.65385e-07 0.075157 0.0110566 7.62689e-07 0.0151774 1.19967e-06 5.20295e-07 0.892779 0.00261679 0.00320783 2.07728e-06 
1.54464e-11 0.149529 0.0216102 0.00065769 0.000941834 0.00040803 0.00160705 0.789452 0.0308168 0.0049755 1.63828e-06 
1.21221e-06 0.0115786 0.122971 0.000308665 5.33299e-06 3.17488e-06 0.00146208 0.854418 0.00781591 0.00143245 3.99703e-06 
4.18456e-08 0.100521 0.0939597 5.90376e-05 1.03149e-07 0.00056279 2.18529e-05 0.759873 0.0147554 0.0297551 0.000491764 
1.69477e-11 2.23964e-11 0.504796 4.87058e-11 4.17757e-11 1.14159e-06 0.495202 8.22912e-07 2.31983e-07 2.80584e-11 4.64431e-07 
3.43125e-08 0.00374548 0.00297819 9.86105e-08 0.00047373 0.00141165 0.000410418 0.00905178 0.975444 0.00632272 0.000161416 
1.15541e-06 0.164207 0.321771 0.00020584 2.21977e-05 0.000861272 0.0464033 0.26098 0.190666 0.0148528 2.98756e-05 
0.000207334 0.50466 0.0699202 0.0018313 0.0106013 0.000456913 0.16654 0.216505 0.020274 0.0081675 0.000836181 
2.544e-09 0.00533686 0.0692045 7.3112e-09 3.49083e-07 0.000250956 5.96519e-07 0.916608 0.00855378 4.52814e-05 1.9913e-08 
3.10305e-08 0.000365003 0.000269357 0.000142775 0.00194292 1.40274e-07 6.08363e-08 0.994726 0.000926877 0.00140769 0.000218843 
7.25359e-07 0.0513641 0.569632 5.20606e-06 0.083048 3.52863e-06 2.53371e-06 4.16034e-06 0.264442 0.0314966 1.18188e-06 
1.4266e-08 5.88819e-07 2.31858e-05 4.0999e-08 3.51655e-08 3.71086e-05 3.80789e-05 0.999872 2.85251e-05 2.36187e-08 1.11666e-07 
1.01336e-10 1.94314e-05 0.0325336 1.6603e-06 2.49792e-10 4.58089e-10 7.31133e-06 0.920141 4.07306e-06 0.0472917 9.52636e-07 
2.01815e-05 0.129476 0.593482 0.000819971 9.91943e-05 0.00127389 0.0177549 0.0706189 0.179977 0.0064407 3.73431e-05 
3.24794e-10 0.120364 1.93334e-06 4.48137e-06 8.00611e-10 4.1125e-06 0.00149226 0.81623 7.06428e-06 0.0618584 3.73744e-05 
6.29068e-11 2.03681e-06 0.0627757 1.80788e-10 1.55064e-10 3.61179e-06 1.23331e-10 0.937215 2.67439e-06 6.87479e-07 4.92399e-10 
2.32742e-09 7.38477e-06 2.75137e-05 1.20465e-05 5.73706e-09 1.05211e-08 8.21794e-06 0.953643 1.01254e-05 0.0462823 9.1271e-06 
1.18644e-10 1.56789e-10 0.839608 3.07216e-07 0.15281 5.36332e-10 0.0065811 8.0174e-06 0.000992189 1.00197e-06 9.28681e-10 
6.31657e-07 0.000195144 7.61621e-05 1.84151e-05 0.000133277 0.000267419 0.0657212 0.9264 0.000762511 0.00641032 1.44625e-05 
4.2358e-05 0.0289558 0.0421761 0.000536052 0.000144833 0.00147949 0.00866609 0.911294 0.00340288 0.00219431 0.00110812 
4.36929e-08 0.257743 0.209595 0.000139005 0.00607359 6.26519e-07 0.147839 0.17143 0.19724 0.0097571 0.00018259 
3.5088e-07 0.947849 0.00136054 0.000312639 0.00101193 5.46873e-05 0.00180892 0.0464695 0.000810993 0.000269104 5.22977e-05 
4.09413e-06 0.0621175 0.142933 5.19021e-06 0.00349435 0.0016397 5.84849e-06 0.407487 0.362622 0.0188594 0.00083133 
6.28724e-10 8.30863e-10 0.00677064 0.0002155 0.389131 3.24075e-06 1.60612e-06 0.442387 0.0165641 0.144927 4.9213e-09 
1.70284e-06 0.0703212 0.367715 0.00123024 0.000394355 0.00493553 0.0351609 0.435272 0.0258558 0.0587364 0.00037667 
7.47711e-10 0.12192 0.00711278 5.88522e-06 0.000360658 0.00356882 5.30095e-05 0.769063 0.0928166 0.000575303 0.00452384 
4.39576e-07 0.424494 0.0277465 0.000898501 0.0346904 9.84994e-07 5.80508e-06 0.436191 0.0235803 0.052391 9.19419e-07 
6.33496e-07 0.0451792 0.159345 0.000510398 0.0818303 8.81622e-05 0.000713822 0.578205 0.101213 0.0288595 0.00405499 
3.38502e-10 6.97883e-06 0.000187475 9.7282e-10 5.84916e-07 1.5302e-09 5.20966e-05 0.999743 2.33648e-06 7.1179e-06 2.6496e-09 
5.07092e-10 0.0124197 0.0860573 3.54895e-07 2.63048e-06 0.000523167 0.0121894 0.857908 0.023007 0.00789288 3.96923e-09 
3.76713e-07 0.000372349 0.102312 1.08263e-06 0.000622567 1.70293e-06 7.38557e-07 0.886926 0.00546743 0.000567256 0.00372827 
2.93368e-07 0.00288802 0.0289676 6.91671e-06 0.00921447 0.0429001 0.00138162 0.311858 0.00282061 0.59991 5.25608e-05 
4.50117e-12 2.37344e-07 0.942363 1.29359e-11 3.3297e-08 8.548e-08 0.057636 7.95741e-08 5.3259e-08 1.30419e-07 3.52326e-11 
2.7584e-08 5.91555e-05 0.028153 7.92735e-08 6.79941e-08 0.000186561 5.40792e-08 0.932711 0.038876 1.3419e-05 2.15912e-07 
4.78106e-07 0.350916 0.0595705 0.000272228 0.00177001 4.89779e-07 0.0170668 0.343734 0.212884 0.0136096 0.000176247 
2.30054e-11 0.0222724 0.00635344 6.6115e-11 1.58839e-07 1.32085e-06 4.51027e-11 0.966677 0.00469556 2.51415e-07 1.26231e-07 
1.20924e-07 0.000472203 0.000978651 0.000101537 0.049123 8.18748e-07 3.63049e-07 0.903227 0.00785349 0.0321738 0.00606946 
4.82308e-11 0.339983 0.00520731 1.32809e-07 0.138751 6.57575e-07 1.22085e-07 0.0599667 0.455245 0.000846609 3.77523e-10 
4.45393e-09 0.00101297 0.000267664 0.000145934 0.000671917 0.000734911 6.54992e-05 0.99486 0.00198546 0.000255881 3.48628e-08 
9.39456e-07 0.00176722 0.0250659 1.64881e-05 4.9763e-06 0.0427474 0.000132938 0.923162 0.00614888 0.000835029 0.000118519 
3.08354e-10 0.00276265 0.0295495 8.86178e-10 5.70257e-05 0.0801759 0.00132862 0.643844 6.56502e-06 0.242276 2.41362e-09 
1.4266e-08 5.88819e-07 2.31858e-05 4.0999e-08 3.51655e-08 3.71086e-05 3.80789e-05 0.999872 2.85251e-05 2.36187e-08 1.11666e-07 
1.89316e-07 0.110928 0.000297306 5.44073e-07 0.00157711 8.55801e-07 3.71159e-07 0.882194 0.000402711 0.0045972 1.48185e-06 
1.42108e-08 0.0199311 0.00786838 4.08405e-08 0.0388629 6.42401e-08 2.78608e-08 0.910296 0.0226088 0.000432606 1.11234e-07 
