0.50761 0.0175601 0.0559082 0.000160839 0.00366508 0.0145687 0.0080323 0.00672418 0.342546 0.043221 3.71836e-06 
0.422376 0.0898909 0.164934 0.215643 0.00666312 0.0012937 8.63764e-05 0.0868453 0.0120513 0.000185775 3.01433e-05 
0.705989 0.0441205 0.0670866 0.000774967 0.0243804 0.000462262 0.120444 0.00130694 0.0139345 0.0177127 0.00378806 
0.417705 0.0159667 0.0449456 2.72817e-05 0.02568 0.0468347 0.0667298 0.00390034 0.207683 0.170386 0.000141242 
0.932225 0.0339722 0.01223 0.0017102 0.00603477 4.68038e-05 0.0029043 0.00366744 0.00595912 0.00123017 2.03695e-05 
0.406012 0.106365 0.0223333 0.00199522 0.0150134 0.000740409 0.0360588 0.0272945 0.264857 0.117853 0.00147883 
0.385056 0.00246995 0.0147396 3.52681e-06 0.000419559 0.00196169 0.00279916 0.00435939 0.304249 0.283934 6.7841e-06 
0.604222 0.00177304 0.092963 2.65667e-08 0.0324621 0.010349 0.00115836 0.014547 0.213488 0.0290137 2.31807e-05 
0.497147 0.00175298 0.0194712 5.55274e-06 0.000364492 0.00226903 0.0199759 0.00174604 0.40381 0.0534509 6.44433e-06 
0.560914 0.0223121 0.0013039 0.000139807 0.00408914 0.00030339 0.000207497 0.00933137 0.137656 0.263735 7.06492e-06 
0.424033 0.00941427 0.282147 2.10637e-05 0.016808 0.00125718 0.116641 0.000415484 0.0665378 0.0589477 0.0237778 
0.329087 0.232222 0.123028 0.00865131 0.0457858 1.05474e-06 0.00717508 0.0829221 1.05515e-06 0.166275 0.00485125 
0.880406 0.00336708 0.0215554 2.45992e-05 0.000493823 0.00111914 0.00269799 0.00072115 0.0470899 0.0425248 4.29545e-07 
0.325098 0.0140076 0.278019 9.03479e-08 0.0205816 0.00731485 0.0242409 0.0310222 0.211846 0.0877928 7.68053e-05 
0.433554 0.0323993 0.0381915 0.000473084 0.00308173 0.00452449 0.0163124 0.0241317 0.397794 0.0493998 0.000138136 
0.777766 0.000135608 0.0442328 3.2162e-06 4.42165e-06 0.00107247 0.0144807 0.00201061 0.152207 0.00808759 4.50254e-08 
0.597386 0.265042 9.99062e-06 0.0184811 2.13304e-06 2.08403e-11 1.55281e-06 0.117621 1.70324e-06 0.0014542 1.22728e-07 
0.725145 0.0794789 0.0353486 0.000382235 0.029282 0.000144745 0.0020305 0.037116 0.0832827 0.00778826 1.44538e-06 
0.479344 0.068905 0.0397825 0.00429583 0.000300986 0.0189904 0.00505203 0.1251 0.153884 0.0929187 0.0114265 
0.446345 0.019081 0.0373616 0.00183599 0.00959297 0.000772062 0.1275 0.00616028 0.0370684 0.314281 1.88726e-06 
0.503073 0.0757467 0.0341157 1.75678e-05 0.0291251 0.00430254 0.00381177 0.00288735 0.307248 0.0396608 1.17709e-05 
0.35775 0.293365 0.00187837 0.00201938 0.0252385 0.00200083 2.76487e-05 0.00102069 0.276765 0.039782 0.000151767 
0.885968 0.00168784 0.0045978 8.67787e-06 0.00159018 0.000128188 7.58027e-06 9.83475e-05 0.10374 0.00216637 6.62122e-06 
0.521602 0.000517387 0.0579023 1.5685e-06 6.60942e-05 0.0273302 0.00614418 0.00266947 0.36041 0.0233557 1.07117e-06 
0.447787 0.0127273 0.0809322 0.000109377 0.0610191 0.00169889 0.00914951 0.0110674 0.188218 0.11591 0.0713816 
0.694415 0.0662213 0.0282148 1.84483e-08 0.0043406 0.00080202 6.59639e-07 0.00730048 0.164225 0.0344805 1.04626e-08 
0.562767 0.0471082 0.0475226 0.00278081 0.00891242 0.00067913 0.0532782 0.0262977 0.12737 0.122885 0.000398152 
0.848746 0.0392721 0.00868488 0.000247757 0.00153233 3.96121e-05 3.50733e-05 0.0455558 0.00355261 0.0521931 0.000140378 
0.344597 0.34119 0.0344489 0.00637818 0.00971542 3.18957e-08 0.00134199 6.4508e-07 0.171961 0.0903641 2.45506e-06 
0.880406 0.00336708 0.0215554 2.45992e-05 0.000493823 0.00111914 0.00269799 0.00072115 0.0470899 0.0425248 4.29545e-07 
0.562326 0.019042 0.0600892 0.000112105 0.0169845 0.000203408 0.0236883 0.0158957 0.242067 0.0595682 2.34147e-05 
0.620884 0.0122122 0.0115265 0.183307 0.0332483 0.0577802 0.011489 0.00585754 0.0144504 0.0492424 1.83604e-06 
0.454227 0.089525 0.030863 9.55287e-07 0.00726143 0.00706892 9.55373e-07 0.0390746 0.343696 0.028281 9.54818e-07 
0.430653 0.127595 0.0427586 0.00192796 0.00355128 5.79906e-05 0.000501495 0.372981 0.0108835 0.00904983 4.12219e-05 
0.58825 0.0408328 0.0386512 0.00194449 0.0040584 0.000773474 0.141041 0.000513096 0.0551791 0.127484 0.00127196 
0.556577 0.011328 0.104996 0.000724633 0.00789749 0.0025181 0.0469614 0.0221317 0.123775 0.123072 1.92112e-05 
0.501494 0.0145811 0.0611601 0.000482344 0.00402104 0.0156835 0.0196891 0.00574612 0.342913 0.0342029 2.75153e-05 
0.249801 0.164175 0.101933 0.000155503 0.00351542 0.0541162 0.00026378 0.184822 0.22249 0.0182053 0.000524061 
0.264523 0.0811646 0.228682 4.72116e-05 0.160613 0.0234854 0.000287683 0.0609349 0.0677316 0.0905046 0.0220252 
0.731246 0.0259433 0.0994886 0.000426085 0.00161446 0.00166441 0.00194325 0.0227134 0.102009 0.0129469 4.52348e-06 
0.597386 0.265042 9.99062e-06 0.0184811 2.13304e-06 2.08403e-11 1.55281e-06 0.117621 1.70324e-06 0.0014542 1.22728e-07 
0.834933 0.0191467 0.0206813 0.00173378 0.00189128 0.00152179 0.0459676 0.00140208 0.0337223 0.0389351 6.49609e-05 
0.705989 0.0441205 0.0670866 0.000774967 0.0243804 0.000462262 0.120444 0.00130694 0.0139345 0.0177127 0.00378806 
0.389252 0.0151111 0.000601309 9.53992e-05 0.000540613 0.0910079 2.30329e-07 0.0177001 0.33123 0.154462 1.96213e-08 
0.809489 0.00964243 0.0329387 0.000871995 0.00151416 0.0111702 0.00222948 0.045898 0.0839442 0.00228883 1.32457e-05 
0.84859 0.0905497 0.0202937 0.0230139 0.00269338 2.67899e-05 0.000562464 0.00552206 0.00526937 0.00230681 0.0011718 
0.859643 0.0300371 0.0877463 0.00149321 0.012704 2.74991e-05 0.000192284 0.000679201 0.00662784 0.000843772 5.75831e-06 
0.372658 0.04267 0.0734862 0.000224214 0.0093622 0.00954233 0.0230573 0.0258875 0.309723 0.132969 0.000420374 
0.386491 0.0206008 0.137626 6.826e-05 0.00847444 0.0379006 0.0468456 0.00249497 0.244142 0.115277 7.92934e-05 
0.593254 0.0162359 0.0268697 3.80452e-05 0.0160469 0.00104344 0.0093334 0.00596833 0.161542 0.169652 1.69148e-05 
0.518126 0.011451 0.127463 0.000111388 0.0189708 0.00335524 0.000432686 0.000219329 0.307659 0.012211 2.39344e-07 
0.595585 0.00213957 0.0548982 4.25473e-08 0.000981472 0.00075824 0.00940204 0.0342261 0.185018 0.116991 6.73531e-08 
0.40385 0.00243597 0.026019 2.57547e-08 0.138484 1.05269e-07 0.000321798 6.07545e-08 0.214557 0.214332 2.10219e-08 
0.456472 0.118507 0.0956832 0.00703356 0.00324305 0.0670142 0.000156821 0.00725292 0.212071 0.0318138 0.000752686 
0.265886 0.0107859 0.248419 0.00021207 0.0870836 0.0732855 0.00484062 0.0174893 0.227557 0.0644401 4.01154e-07 
0.715154 0.021084 0.0287398 0.000107695 0.0179978 0.000445537 0.0057515 0.00476871 0.123339 0.0826102 1.08764e-06 
0.40099 0.161214 0.110198 1.929e-05 0.00346295 0.0029581 0.051127 0.000256216 0.134752 0.134297 0.000726396 
0.244017 0.0484983 0.126571 0.00110518 0.0269789 0.00954705 0.00815302 0.129289 0.178431 0.227324 8.51577e-05 
0.522596 0.0368921 0.0584665 0.167828 0.153478 0.00263554 0.000249707 0.00717926 0.0409389 0.00973524 8.29327e-07 
0.475911 0.00531337 0.0414898 0.000246102 0.175919 0.0109118 0.0332522 0.0183952 0.165743 0.0728156 2.39807e-06 
0.511189 0.0570371 0.0588799 0.00369052 0.0758565 0.00664322 0.00683486 0.00772093 0.116026 0.155227 0.000896153 
0.687116 0.00493111 0.100473 1.29907e-05 0.000798904 0.000565368 8.34795e-05 0.0630363 0.112907 0.0296309 0.000444922 
0.655284 0.0465868 0.0687689 0.0040046 0.00196876 0.00289956 0.0140192 0.00377463 0.0658089 0.136778 0.000106545 
0.788573 0.0113932 0.00719726 0.0025493 0.0420362 0.101205 0.00107075 0.0294732 0.0159882 0.000426014 8.79314e-05 
0.745684 0.00861919 0.000678329 1.89021e-05 0.00732057 1.19743e-05 0.0560352 0.0713995 0.0772321 0.0329807 1.94891e-05 
0.369861 0.0537761 0.0474419 0.00805046 0.0119555 0.00713964 0.0327597 0.050871 0.325391 0.030686 0.0620675 
0.877321 0.000139897 0.0396233 8.15431e-06 0.000576406 0.00167831 0.0394383 0.000467516 0.037868 0.00287779 1.71944e-06 
0.390049 0.12935 0.119587 0.000690581 0.000245569 0.0104733 0.0456872 0.21526 0.0846914 0.00363086 0.000335322 
0.447478 0.00153736 0.0958158 9.44319e-06 0.000605244 0.0223735 0.00669053 0.00994753 0.333288 0.0822534 1.55753e-06 
0.523976 0.111604 0.00110161 4.09922e-05 0.0302982 0.000163234 8.50695e-07 1.8462e-05 0.267722 0.0650744 9.69252e-09 
0.430791 0.0102576 0.297131 0.000358564 0.00821968 0.0330659 0.0308011 0.0150348 0.161347 0.0129731 1.95535e-05 
0.561592 0.0103099 0.0229705 0.000240171 0.00126489 0.000141567 0.0843442 0.00886444 0.0546865 0.255565 2.1419e-05 
0.55822 0.147464 0.0589077 0.0412842 0.0145993 3.25202e-11 9.8591e-05 0.0220672 0.144769 0.0125855 4.33131e-06 
0.676496 0.00562116 0.00539528 4.27253e-05 0.00432276 7.40205e-05 0.00122015 0.00082257 0.0786565 0.227346 2.97966e-06 
0.414494 0.0139528 0.0206036 9.83291e-06 0.0459222 0.000944556 0.132683 0.0159677 0.246766 0.10864 1.64238e-05 
0.849358 0.0918295 0.00209993 0.0426344 0.00256014 0.000147639 0.00103475 0.00324619 0.00317347 0.00300159 0.000914798 
0.456778 0.0230366 0.0510714 1.05676e-05 0.000825844 0.00469002 0.0135136 0.010475 0.395608 0.0437959 0.000194468 
0.595241 0.0778641 0.0676695 0.0115835 0.00130173 9.16283e-06 0.00041685 0.0667556 0.0870332 0.0916693 0.000456112 
0.458937 0.0667401 0.140091 5.94599e-05 0.11802 0.040996 3.28573e-05 0.0355677 0.116653 0.0229014 6.39546e-08 
0.400885 0.0457789 0.0824461 8.95208e-06 0.0370502 0.00163815 0.000378559 0.0140388 0.104142 0.31356 7.31775e-05 
0.824731 0.00628138 0.00798004 0.000671316 0.00120762 0.000108038 0.0189345 0.00376373 0.0586026 0.0777167 3.49907e-06 
0.521379 0.309065 0.0143873 0.000750767 0.0159046 0.00106885 0.00514145 0.0192752 0.0651997 0.0478278 2.90134e-07 
0.540416 0.00195374 0.0216744 1.90351e-09 0.000472401 0.00385796 0.00516711 0.0013875 0.422186 0.00288446 3.67189e-08 
0.450903 0.025889 0.226332 0.000768197 0.0138639 0.0023134 0.0756982 0.0098751 0.0854378 0.0801948 0.0287244 
0.600869 0.022706 0.158668 0.000332542 0.00600805 0.0616452 7.81275e-05 0.00208464 0.101833 0.0457754 2.95972e-09 
0.597386 0.265042 9.99062e-06 0.0184811 2.13304e-06 2.08403e-11 1.55281e-06 0.117621 1.70324e-06 0.0014542 1.22728e-07 
0.591076 0.0797143 0.0744399 0.00157697 0.0357658 0.00368909 0.0157335 0.0144132 0.0810112 0.102572 7.99052e-06 
0.54684 0.00310156 0.0170595 8.49638e-05 0.00192438 0.0103578 1.64459e-07 3.29199e-07 0.420458 0.000173188 1.42408e-09 
0.880406 0.00336708 0.0215554 2.45992e-05 0.000493823 0.00111914 0.00269799 0.00072115 0.0470899 0.0425248 4.29545e-07 
0.942631 0.0396546 0.0062981 0.00118116 0.00167802 6.80024e-06 0.000205587 0.000291177 0.00679137 0.0012542 7.78456e-06 
0.392671 0.0271588 0.0945934 0.000139726 0.0018906 0.00843213 0.000213466 0.0443323 0.322099 0.108434 3.6023e-05 
0.597386 0.265042 9.99062e-06 0.0184811 2.13304e-06 2.08403e-11 1.55281e-06 0.117621 1.70324e-06 0.0014542 1.22728e-07 
0.793616 0.00266122 0.00194115 3.27021e-05 0.00404031 2.91095e-05 0.0180536 0.00136245 0.0196274 0.158632 4.62101e-06 
0.788868 0.094948 0.0256818 0.037461 0.00509301 7.01712e-05 0.00964417 0.00869846 0.0152983 0.0123881 0.00184931 
0.864736 0.0837922 0.0116605 0.00618711 0.00016249 6.84243e-07 0.000314853 0.0286582 0.00246801 0.00110962 0.000910276 
0.901402 0.0454022 0.010063 0.0182184 0.00380201 0.000123132 0.00427167 0.00500168 0.00671796 0.00473055 0.00026703 
0.495113 0.253333 0.00822298 2.54177e-05 0.0145337 6.15247e-05 0.000151331 0.00108337 0.170882 0.0565362 5.74078e-05 
0.880406 0.00336708 0.0215554 2.45992e-05 0.000493823 0.00111914 0.00269799 0.00072115 0.0470899 0.0425248 4.29545e-07 
0.793616 0.00266122 0.00194115 3.27021e-05 0.00404031 2.91095e-05 0.0180536 0.00136245 0.0196274 0.158632 4.62101e-06 
0.545691 0.185899 0.0203522 0.00404142 0.00401336 0.00446674 0.00850722 0.00179873 0.186506 0.0372978 0.0014273 
0.305463 0.212528 0.0815642 0.0260832 0.00762923 0.00882937 0.00164146 0.00444845 0.198192 0.152783 0.000837634 
0.727904 0.0310183 0.0396003 2.14411e-05 0.0163118 0.00201432 0.00330594 0.00421931 0.152458 0.0229821 0.000164163 
0.546383 0.00677361 0.0906287 0.0101901 0.00335581 0.0353311 0.0235376 0.0357439 0.238497 0.00953445 2.44154e-05 
0.455637 0.0903991 0.0912161 0.00366274 0.00866038 0.00112985 0.0110399 0.102771 0.15189 0.0829408 0.00065271 
0.364402 0.0248934 0.265788 0.000761067 0.0145882 0.0178319 0.0296702 0.041349 0.219365 0.0209036 0.00044722 
0.582801 0.117675 0.0125766 0.00225676 0.183924 0.00060979 0.0125353 0.00969589 0.0593987 0.0185251 2.46348e-06 
0.498729 0.00468223 0.00518894 0.000109337 0.0270992 0.000825582 0.00407588 0.00480949 0.141631 0.312831 1.88411e-05 
0.730639 0.00240047 0.0359581 6.42084e-06 0.000991579 0.00245229 0.0282254 0.0113092 0.138343 0.0496734 1.55333e-06 
0.647215 0.0244521 0.00929047 3.72948e-05 0.0616992 0.000214415 0.000305606 0.0048257 0.226997 0.0248305 0.000133457 
0.440159 0.0450126 0.0680881 0.00145124 0.0116057 0.0262519 0.0192963 0.00907653 0.298366 0.067047 0.0136458 
0.751411 0.0974668 0.0126408 0.0461972 0.00617215 8.90121e-05 0.0152871 0.00877744 0.0196692 0.0145884 0.0277009 
0.690637 0.00211661 0.0565854 0.00537506 0.00525747 0.0146962 0.0242429 0.0195399 0.085296 0.0962389 1.44868e-05 
0.464016 0.029076 0.00459106 0.000132023 0.00616912 0.000126288 0.00326817 0.0150531 0.0964908 0.380688 0.000388796 
0.932225 0.0339722 0.01223 0.0017102 0.00603477 4.68038e-05 0.0029043 0.00366744 0.00595912 0.00123017 2.03695e-05 
0.648512 0.0299162 0.119909 4.94132e-05 0.0001304 0.00061503 0.0626577 0.0174964 0.0644428 0.0562709 5.71209e-08 
0.411631 0.0663302 0.192486 0.000764799 0.0132218 0.000955935 0.0271686 0.139857 0.124116 0.023434 3.44396e-05 
0.304065 0.00796843 0.270809 0.000171194 0.0125896 0.0187238 0.0348173 0.125483 0.207774 0.0175542 4.44325e-05 
0.598992 0.239933 0.047763 0.0127971 0.00884567 6.4047e-05 0.00329838 0.00403929 0.0394255 0.0274391 0.0174031 
0.740683 0.0178975 0.0162818 0.000327774 0.0239978 4.60527e-05 0.000163089 0.00308616 0.0962138 0.101248 5.48736e-05 
0.773977 0.00407739 0.0439594 1.15153e-05 0.00695833 0.00604744 0.0219322 0.0355476 0.0894385 0.0180498 6.05209e-07 
0.412777 0.157405 0.0292308 0.00111437 0.272315 0.0182885 2.15174e-06 0.000580556 0.0749414 0.0328379 0.000507932 
0.341472 0.0193791 0.0905884 6.74443e-05 0.00529845 0.011899 0.000540766 0.0115748 0.338691 0.180374 0.000115492 
0.523111 0.0296032 0.207713 0.00106976 0.122033 0.0870719 0.00200588 0.00265481 0.0184028 0.00628276 5.14804e-05 
0.721287 0.00204089 0.00785681 3.84399e-05 0.013951 0.000292662 0.0104601 0.00229654 0.0852969 0.156479 1.05288e-06 
0.73919 0.0179309 0.0355822 0.00371041 0.000482437 0.00516186 0.00370099 0.0154363 0.129842 0.0485541 0.000408816 
0.848177 0.00209888 0.0190978 1.3186e-05 0.000559362 0.00468703 0.00203949 0.000871633 0.0783621 0.0440935 2.31728e-07 
0.852426 0.0082789 0.0119767 0.000332465 0.00284638 0.000610704 0.0150052 0.00933315 0.0573428 0.0418383 9.55411e-06 
0.934111 0.0022192 0.00563753 3.2091e-05 0.00148404 6.02579e-05 0.00301926 0.00076219 0.0449342 0.00774014 2.06577e-08 
0.55542 0.00158315 0.0338089 2.05074e-05 0.000849699 0.00219842 0.00118311 0.0516086 0.344766 0.00805179 0.000510306 
0.457024 0.0286398 0.120969 0.00453635 0.0471241 0.00846692 0.0030676 0.0533749 0.26024 0.016403 0.00015341 
0.714513 0.00968363 0.0102647 0.0226704 0.0054916 0.0192369 0.00012501 0.00847905 0.0942808 0.115214 4.0729e-05 
0.424516 0.0023447 0.0849337 5.14429e-05 0.126841 0.00101965 0.00382381 0.000962313 0.350083 0.00542315 1.49173e-06 
0.859784 0.0160179 0.0357457 0.00360034 0.00530146 0.0144276 0.00452283 0.00498266 0.0343831 0.0212219 1.25718e-05 
0.586118 0.169667 0.0136377 0.0262364 0.00867544 7.38689e-05 0.00361768 0.00936603 0.0751179 0.0701987 0.037292 
0.453269 0.0720565 0.083377 0.000259925 0.026066 0.00238711 0.0119766 0.0794364 0.242031 0.0290301 0.000110463 
0.338186 0.0109915 0.147537 0.0396468 0.00111086 0.00967523 0.00188438 0.247887 0.0835806 0.118435 0.00106591 
0.688033 0.0063326 0.0529834 0.0108543 0.0431562 0.00240844 0.0126016 0.0401586 0.0986005 0.0448612 9.90393e-06 
0.290007 0.260014 0.0600355 0.00386386 0.0478716 0.000214649 0.000479168 0.0513438 0.215525 0.070254 0.000391698 
0.47602 0.0608608 0.0456227 8.27121e-05 0.01233 0.124562 0.00156361 0.0149152 0.231926 0.0320834 3.44335e-05 
0.763688 0.0060905 0.0260233 2.43931e-05 0.000589664 0.000711047 0.00317998 0.0012396 0.179154 0.0192819 1.78626e-05 
0.970677 0.00701325 0.000295864 5.73941e-05 0.000597685 9.56354e-06 1.59188e-05 0.000422559 0.00770323 0.0132068 8.80943e-07 
0.693414 0.018768 0.0614023 3.47018e-05 0.000216593 0.000659871 0.0313658 0.0114454 0.125051 0.0576406 1.49748e-06 
0.310009 0.299896 0.0292641 0.00125491 0.00409547 0.0108421 0.00700285 0.0214482 0.184073 0.131992 0.000122235 
0.391598 0.0414732 0.106516 0.134665 0.00628267 0.00706763 0.017029 0.0561835 0.17612 0.0629525 0.000113324 
0.58825 0.0408328 0.0386512 0.00194449 0.0040584 0.000773474 0.141041 0.000513096 0.0551791 0.127484 0.00127196 
0.407997 0.0753262 0.0576388 0.000146257 0.00831411 0.0180674 0.0204536 0.0358307 0.334951 0.0412691 6.03919e-06 
0.547778 0.00721253 0.141735 4.62824e-05 0.00103252 0.00231678 0.111846 0.0102453 0.159861 0.0179225 3.36465e-06 
0.821854 0.101183 0.00416801 0.0489176 0.00193748 1.77966e-05 0.00165538 0.00841869 0.00726166 0.00327434 0.0013116 
0.854013 0.00280968 0.0394815 0.0393489 0.00109227 0.000393333 4.57652e-06 0.00103762 0.0538758 0.00776932 0.000174203 
0.793616 0.00266122 0.00194115 3.27021e-05 0.00404031 2.91095e-05 0.0180536 0.00136245 0.0196274 0.158632 4.62101e-06 
0.597892 0.252596 0.0298467 0.0263264 0.00596154 7.04909e-05 0.0165121 0.0207558 0.0302467 0.01816 0.00163167 
0.565465 0.0201967 0.0410523 0.112903 0.0184416 0.0550827 0.0111005 0.0178168 0.0943822 0.0635568 2.98542e-06 
0.532444 0.0913684 0.0321154 0.000114008 0.198384 0.00536376 0.0014461 0.00589985 0.116432 0.0164284 3.75125e-06 
0.502056 0.00844223 0.0528589 3.03525e-05 0.00227824 0.000797775 0.000234165 0.00483784 0.402395 0.0260669 2.413e-06 
0.880406 0.00336708 0.0215554 2.45992e-05 0.000493823 0.00111914 0.00269799 0.00072115 0.0470899 0.0425248 4.29545e-07 
0.629738 0.0101965 0.00871851 0.000600888 0.00347188 0.000170351 0.0258403 0.00817841 0.122948 0.19012 1.77521e-05 
0.417985 0.00152274 0.0243918 2.61884e-08 7.68391e-07 0.22762 0.0542899 0.00729393 0.258128 0.00872433 4.30112e-05 
0.543539 0.0034917 0.0499967 2.03042e-11 0.00136546 3.19375e-11 0.0606026 7.37697e-08 0.0580889 0.282915 5.48288e-08 
0.256966 0.0345607 0.211236 0.01019 0.00959179 0.00281947 0.0499939 0.200296 0.190457 0.0338858 2.70027e-06 
0.188938 0.131703 0.141411 0.0080721 0.0139534 0.0197158 0.0513481 0.157666 0.176771 0.110422 3.32628e-08 
0.443585 0.0122216 0.0374114 1.77782e-05 0.000765338 0.0152312 0.00467933 0.0332782 0.391689 0.0610194 0.000102335 
0.547853 0.0264513 0.0176817 5.6165e-05 0.00715925 0.0101014 0.00675139 0.00487161 0.110445 0.268626 3.90392e-06 
0.940706 0.0118247 0.0326642 0.000840788 0.00127866 0.000136323 0.00016906 0.00585487 8.32695e-05 0.00143789 0.00500383 
0.624597 0.0250999 0.0277443 0.000454793 0.0111114 0.0020878 0.00860142 0.0288344 0.144619 0.126846 4.07462e-06 
0.582577 0.0166053 0.181356 8.23288e-05 5.3516e-05 0.000408523 0.104429 0.0148108 0.026027 0.0736512 6.53407e-08 
0.523655 0.00727247 0.0393724 1.28109e-06 0.00475707 0.00017607 0.000341976 0.00985051 0.281366 0.133205 1.54151e-06 
0.802759 0.000502611 0.0167502 1.13436e-08 0.017836 3.06367e-05 6.67677e-07 0.000890815 0.0635262 0.0977044 3.45317e-09 
0.923437 0.0343168 0.0141875 0.00127873 0.00660655 7.0201e-05 0.00399938 0.00542387 0.00893866 0.00172991 1.13421e-05 
0.788933 0.0141851 0.108336 1.26886e-05 6.15693e-05 4.55013e-05 0.00481682 0.000510066 0.0396872 0.0434116 8.34276e-07 
0.400795 0.116671 0.174421 0.000257581 0.000939344 0.00101277 0.0122029 0.0106197 0.244665 0.0383984 1.72184e-05 
0.593254 0.0162359 0.0268697 3.80452e-05 0.0160469 0.00104344 0.0093334 0.00596833 0.161542 0.169652 1.69148e-05 
0.382959 0.0506416 0.0645695 6.48145e-05 0.00594939 0.0243101 0.0424731 0.0205853 0.353578 0.0548052 6.43505e-05 
0.297293 0.0806064 0.129452 0.0105668 0.169504 0.00659509 0.0200993 0.134312 0.0734086 0.0753414 0.0028218 
0.716922 0.0382851 0.0704295 0.0028614 0.00229358 0.0020718 0.0100141 0.00269643 0.0566489 0.0977002 7.64445e-05 
0.521575 0.00137259 0.079543 0.00384875 0.000609601 0.149824 0.00315101 0.0431015 0.191175 0.00579833 1.31445e-07 
0.739978 0.03505 0.043259 0.00877103 0.00458097 0.00486722 0.0600316 0.00141696 0.065517 0.0364147 0.000113283 
0.475981 0.0453373 0.00223175 0.000127472 0.0192096 0.000108852 8.61022e-06 0.000180672 0.392725 0.0640896 1.56188e-09 
0.684267 0.0119659 0.00392401 0.000113849 0.00507366 0.000135102 0.00118301 0.0115454 0.0856762 0.195941 0.000175187 
0.478844 0.000878945 0.110257 7.70819e-08 7.70851e-08 0.00658951 0.0257478 0.0160958 0.336362 0.0251857 3.85991e-05 
0.372312 0.116397 0.0163488 5.50553e-08 0.016579 0.0105806 6.55475e-05 3.68066e-07 0.313778 0.15371 0.000229686 
0.808315 0.0217276 0.0391993 0.000172058 0.0021615 0.000834962 9.90594e-05 0.0138059 0.0728149 0.0408634 6.03934e-06 
0.932794 0.0328813 0.00342957 0.000262952 0.00328243 0.000456621 0.00025022 0.00439425 0.0195196 0.00272744 1.2412e-06 
0.419607 0.00567392 0.131124 2.67153e-05 0.00266999 0.0133236 0.00736377 0.0184859 0.340939 0.0607805 6.0321e-06 
0.483411 0.0140096 0.0305417 4.5212e-09 0.00293351 4.97339e-05 0.000370218 0.00301795 0.295704 0.169943 1.88287e-05 
0.660275 0.0160648 0.0354089 2.1342e-05 0.00814292 0.000646851 0.0138543 0.0126212 0.227387 0.0254528 0.000124858 
0.655284 0.0465868 0.0687689 0.0040046 0.00196876 0.00289956 0.0140192 0.00377463 0.0658089 0.136778 0.000106545 
0.484745 0.00792227 0.166079 7.61107e-06 0.00108417 0.000744541 5.29125e-05 0.103588 0.18719 0.0485856 1.0566e-06 
0.854013 0.00280968 0.0394815 0.0393489 0.00109227 0.000393333 4.57652e-06 0.00103762 0.0538758 0.00776932 0.000174203 
0.431096 0.0493741 0.0788854 3.74987e-05 0.0502301 0.00376673 0.00568404 0.0534436 0.170254 0.157193 3.62327e-05 
0.545314 0.16852 0.0303362 0.0300834 0.0218734 0.0023881 0.0440207 0.0143203 0.0966374 0.0461438 0.000362528 
0.570035 0.230613 0.0243977 0.00694314 0.00848712 0.000440954 0.0103321 0.00892239 0.0676299 0.0698139 0.00238529 
0.675751 0.0120175 0.0301329 0.000868636 0.00716592 0.00316743 0.00521665 0.0315216 0.1669 0.0662306 0.00102713 
0.465259 0.064367 0.0689821 0.00173424 0.00342655 0.0111223 0.0506028 0.00461013 0.235852 0.0938794 0.000164326 
0.929822 0.0473814 0.00830805 0.00237326 0.0031118 2.39674e-05 0.000182111 0.00536846 0.00300447 0.000397586 2.66253e-05 
0.331251 0.0555651 0.0291618 0.000792502 0.0419465 0.0016246 0.000972293 0.216064 0.139989 0.182323 0.000310741 
0.448146 0.016448 0.0166393 0.000198331 0.00758643 0.00062848 0.0121127 0.0046111 0.18454 0.309068 2.12317e-05 
0.731246 0.0259433 0.0994886 0.000426085 0.00161446 0.00166441 0.00194325 0.0227134 0.102009 0.0129469 4.52348e-06 
0.608267 0.0500454 0.0220946 0.0013365 0.000641229 4.92572e-06 0.0226745 0.229084 0.0344167 0.0314346 2.4738e-07 
0.571422 0.00866026 0.0136532 1.35997e-10 0.00118133 2.13916e-10 3.61794e-07 0.000221848 0.203759 0.201101 3.70404e-10 
0.250453 0.0830001 0.135483 0.00869459 0.0143346 0.00220595 0.154737 0.118356 0.148604 0.0837877 0.000343369 
0.607806 0.0158745 0.106319 0.000219413 0.00274579 0.0256943 0.00207858 0.106438 0.0705015 0.0623005 2.22538e-05 
0.484429 0.0108778 0.033808 2.53703e-05 0.0309028 0.00482244 0.00159839 0.0252673 0.239645 0.16862 3.74283e-06 
0.776192 0.0286121 0.00685379 0.00460122 0.0229862 0.00966517 1.00984e-05 0.00261823 0.0728934 0.0755517 1.62498e-05 
0.515303 0.0213355 0.000498131 1.07614e-06 0.0548191 0.000336809 3.36413e-08 0.00116074 0.259669 0.146877 2.92917e-09 
0.420004 0.00749779 0.145895 5.14443e-05 0.00642509 0.00884911 0.0205192 0.0778478 0.282793 0.0301119 5.85e-06 
0.552114 0.0445367 0.0323596 5.80958e-06 5.05421e-05 0.000630024 0.00135827 0.00353234 0.358627 0.00677976 5.22258e-06 
0.932225 0.0339722 0.01223 0.0017102 0.00603477 4.68038e-05 0.0029043 0.00366744 0.00595912 0.00123017 2.03695e-05 
0.595241 0.0778641 0.0676695 0.0115835 0.00130173 9.16283e-06 0.00041685 0.0667556 0.0870332 0.0916693 0.000456112 
0.854872 0.00776734 0.0143948 0.000398091 0.000983469 0.00166749 0.0110616 0.00720263 0.0844383 0.0167372 0.000477481 
0.771635 0.00470209 0.100607 3.09355e-05 0.0169668 0.000208582 0.00151264 0.0514259 0.0206314 0.03228 1.65323e-07 
0.508522 0.00623752 0.016431 6.45066e-06 0.00502998 4.18074e-12 0.000818858 0.00276343 0.248173 0.212018 1.57093e-08 
0.659364 0.131945 0.0900441 0.0511238 0.00163162 0.000418143 0.0305565 0.018348 0.00561858 0.00893062 0.00201962 
0.946166 0.0105069 0.0121998 0.000389211 0.00214832 0.000242388 0.00255091 0.00371444 0.0196977 0.00238104 3.27433e-06 
0.253846 0.212049 0.133869 5.61077e-06 0.0808472 0.00201067 0.0545204 0.101341 0.128418 0.0330874 5.701e-06 
0.480471 0.052035 0.0142994 0.000116577 0.00475997 0.00173336 0.0062972 0.0118352 0.112747 0.311672 0.00403341 
0.588903 0.0444416 0.0778503 5.24142e-05 0.00535512 0.0218739 0.0030666 0.0243726 0.0762131 0.151787 0.00608363 
0.848177 0.00209888 0.0190978 1.3186e-05 0.000559362 0.00468703 0.00203949 0.000871633 0.0783621 0.0440935 2.31728e-07 
0.657717 0.000781362 0.043748 9.63897e-07 0.001232 0.00223892 0.00202408 0.00970706 0.260799 0.0217516 7.45443e-08 
0.621776 0.10488 0.00238509 0.00533499 0.101217 3.3115e-08 0.000600698 0.0140707 0.0183363 0.0904691 0.0409294 
0.946579 0.0051888 0.000829962 5.05334e-08 0.00307307 0.0342906 3.44731e-08 0.00166426 0.00722646 0.00110626 4.14279e-05 
0.552544 0.00213474 0.00252982 1.38065e-06 0.000367254 0.000116418 0.000418717 0.00271673 0.193956 0.245214 9.46121e-07 
0.278067 0.258578 0.0120611 0.186021 0.0275816 0.00803923 0.000715657 0.0747583 0.130041 0.0199413 0.00419569 
0.63387 0.132049 0.00804122 0.0363572 0.138536 0.000122189 0.012037 0.0110864 0.0249003 0.0022446 0.000756773 
0.67753 0.0121323 0.0784349 4.85712e-05 0.000169707 0.000592064 0.0439117 0.00984731 0.10629 0.0710412 2.08432e-06 
0.572302 0.0030961 0.0921539 5.88511e-06 0.00637401 0.00487154 0.000170463 0.00258108 0.254698 0.0637455 1.4202e-06 
0.73204 0.0170255 0.0166797 5.24217e-05 0.00425161 0.0253965 8.03855e-05 0.00255075 0.187854 0.0140688 2.55622e-07 
0.755711 0.000619708 0.0334547 0.000286821 0.00157265 0.000541906 8.99394e-06 0.000119879 0.184954 0.0224925 0.000238029 
0.371384 0.0520351 0.0333714 1.31051e-05 0.000320142 0.06228 0.000251919 0.288932 0.160111 0.0313016 1.32111e-07 
0.854013 0.00280968 0.0394815 0.0393489 0.00109227 0.000393333 4.57652e-06 0.00103762 0.0538758 0.00776932 0.000174203 
0.942631 0.0396546 0.0062981 0.00118116 0.00167802 6.80024e-06 0.000205587 0.000291177 0.00679137 0.0012542 7.78456e-06 
0.453821 0.131357 0.0163581 5.81058e-08 0.0123492 0.000222278 0.000198646 0.00874531 0.334446 0.0425027 2.34551e-08 
0.58576 0.00944645 0.181873 6.81146e-05 0.000153687 0.00587171 0.00771036 0.0137788 0.108717 0.0859977 0.000623918 
0.854013 0.00280968 0.0394815 0.0393489 0.00109227 0.000393333 4.57652e-06 0.00103762 0.0538758 0.00776932 0.000174203 
0.768946 0.0203104 0.0596448 1.23753e-05 3.32933e-05 0.00158975 0.100903 0.000118733 0.0477915 0.0006257 2.45146e-05 
0.880406 0.00336708 0.0215554 2.45992e-05 0.000493823 0.00111914 0.00269799 0.00072115 0.0470899 0.0425248 4.29545e-07 
0.84833 0.0549877 0.0225859 0.000626559 0.0108594 6.90277e-05 0.00857644 0.00205477 0.0415584 0.0103514 2.37731e-07 
0.499897 0.0164413 0.0251321 3.04909e-05 0.0157887 0.0043612 0.000366115 0.00204199 0.409944 0.0259964 2.53983e-07 
0.682102 0.0120896 0.0266795 0.012124 0.0225272 0.000547374 0.0140806 0.00117603 0.20037 0.0282495 5.41456e-05 
0.497976 0.00805798 0.0113328 0.000243064 0.0484196 0.000255529 0.0159115 0.000892633 0.144277 0.272629 4.47351e-06 
0.852419 0.0686471 0.0173786 0.000996499 0.014239 8.41101e-05 0.000258224 0.00243851 0.0392574 0.00428185 7.41284e-08 
0.705989 0.0441205 0.0670866 0.000774967 0.0243804 0.000462262 0.120444 0.00130694 0.0139345 0.0177127 0.00378806 
0.513927 0.0979194 0.10262 0.000278184 0.00339073 0.0108384 0.0395087 0.0322273 0.168846 0.029982 0.000462885 
0.428172 0.027614 0.0677101 0.00166099 0.00687639 0.000479607 0.0204999 0.00139235 0.386074 0.0594689 5.20366e-05 
0.479419 0.0934156 0.0142164 0.0341822 0.297466 0.0152741 0.0159764 0.0118274 0.0123433 0.00757758 0.0183028 
0.84859 0.0905497 0.0202937 0.0230139 0.00269338 2.67899e-05 0.000562464 0.00552206 0.00526937 0.00230681 0.0011718 
0.564717 0.0474891 0.0485417 0.0072843 0.00854726 0.0112804 0.0208739 0.0085865 0.18965 0.0929206 0.000109677 
0.877321 0.000139897 0.0396233 8.15431e-06 0.000576406 0.00167831 0.0394383 0.000467516 0.037868 0.00287779 1.71944e-06 
0.310335 0.047483 0.0559806 0.0473752 0.0282241 0.00125199 0.00107356 0.0143668 0.186464 0.307443 2.27447e-06 
0.582996 0.0332341 0.0174009 2.5326e-07 0.0662625 0.000884278 4.9869e-07 0.0903092 0.00217541 0.206736 7.82044e-08 
0.395218 0.0361403 0.0551214 0.0412502 0.00562461 0.00812953 0.00622451 0.0371424 0.377783 0.0372422 0.000124149 
0.73215 0.0163304 0.0340846 1.69732e-05 0.000820444 0.0236635 0.000176988 0.000544663 0.184213 0.00790737 9.18244e-05 
0.64315 0.0139662 0.0326172 9.10455e-05 0.00485077 0.0300954 0.000443597 0.0488124 0.116266 0.109603 0.000104187 
0.582577 0.0166053 0.181356 8.23288e-05 5.3516e-05 0.000408523 0.104429 0.0148108 0.026027 0.0736512 6.53407e-08 
0.383029 0.0252078 0.0434311 0.000101287 0.0286758 0.00173299 0.000970195 0.00714578 0.277208 0.232495 3.24215e-06 
0.84352 9.69783e-05 0.0283968 1.27863e-06 0.000262373 0.000796755 0.00320412 0.00034251 0.106828 0.0165509 3.36081e-07 
0.89327 9.48056e-08 0.0398935 8.53814e-05 0.0522831 3.93789e-06 0.00250168 0.0053964 8.58571e-07 0.0065648 1.07279e-09 
0.476942 0.0130879 0.00751219 1.1378e-06 0.00933151 1.13762e-06 1.13791e-06 1.13787e-06 0.465354 0.0277669 1.13724e-06 
0.657522 0.181331 0.0306834 0.0353268 0.0184918 0.00519049 0.00494054 0.0191228 0.032877 0.0140394 0.000474646 
0.540721 0.271255 0.0741849 0.0174341 0.0151878 0.000119074 0.0137308 0.0260852 0.0264228 0.014808 5.07506e-05 
0.718562 0.00806606 0.00501011 2.43334e-06 0.0315956 0.00116479 0.00116326 0.00181031 0.133963 0.098639 2.27971e-05 
0.602381 0.0849545 0.00881428 0.000935733 0.00803691 0.00123388 0.000201771 0.0776641 0.200196 0.0132503 0.00233121 
0.53602 0.104743 0.029784 0.00267634 0.0177028 0.00455097 0.0274706 0.00433389 0.205874 0.0667432 0.000101811 
0.601221 0.00374495 0.058012 1.78465e-05 0.00151788 0.0268973 0.0191799 0.000923319 0.274705 0.0137808 1.60089e-07 
0.340248 0.190273 0.0585158 0.012397 0.0135799 0.00184289 0.0312466 0.0167856 0.259528 0.0746733 0.000910721 
0.770826 0.00165262 0.0219708 1.06104e-05 0.000800081 0.00107056 0.0069678 0.00153225 0.107794 0.0873748 9.94229e-07 
0.597386 0.265042 9.99062e-06 0.0184811 2.13304e-06 2.08403e-11 1.55281e-06 0.117621 1.70324e-06 0.0014542 1.22728e-07 
0.788868 0.094948 0.0256818 0.037461 0.00509301 7.01712e-05 0.00964417 0.00869846 0.0152983 0.0123881 0.00184931 
0.821854 0.101183 0.00416801 0.0489176 0.00193748 1.77966e-05 0.00165538 0.00841869 0.00726166 0.00327434 0.0013116 
0.398753 0.0891139 0.160021 0.00085158 0.0200653 0.009963 0.0172867 0.015205 0.18087 0.102525 0.00534531 
0.932209 0.00844148 0.0114454 0.000102101 0.00085592 6.27274e-06 1.35695e-05 0.000614156 0.0238084 0.0225036 2.00983e-07 
0.479344 0.068905 0.0397825 0.00429583 0.000300986 0.0189904 0.00505203 0.1251 0.153884 0.0929187 0.0114265 
0.265021 0.0485958 0.064375 0.00164814 0.0261444 0.0074053 0.0150858 0.0587657 0.259688 0.253018 0.000252786 
0.449471 0.0277748 0.000773562 0.322911 0.00256605 2.02219e-05 0.000111796 0.00543892 0.0843268 0.106606 3.24956e-07 
0.693119 0.0242249 0.0124777 4.59555e-05 0.00126693 0.000864202 0.00037655 0.000318782 0.164594 0.102366 0.000346612 
0.909038 0.00259202 0.00321271 1.15947e-08 0.00882492 0.000377942 0.00229516 5.50437e-05 0.0234765 0.0501077 2.04246e-05 
0.791947 0.00370542 0.0207815 7.60667e-05 0.00446758 0.0183277 0.0021721 0.00646448 0.132739 0.019244 7.53251e-05 
0.408272 0.0330602 0.0591772 0.0464693 0.00132647 0.0083621 0.0404371 0.22931 0.086842 0.0861462 0.000598344 
0.593219 0.121192 0.00565719 0.10775 0.0221047 0.00017802 0.000578705 0.0378901 0.0286708 0.0827396 2.06879e-05 
0.512445 0.0125835 0.0799589 0.0017351 0.0171022 0.00424978 0.064419 0.00360937 0.272814 0.0310517 3.15075e-05 
0.452583 0.0311357 0.063101 0.0089512 0.0163288 0.0040062 0.0261953 0.092056 0.126916 0.178567 0.000160401 
0.932225 0.0339722 0.01223 0.0017102 0.00603477 4.68038e-05 0.0029043 0.00366744 0.00595912 0.00123017 2.03695e-05 
0.915215 0.0556853 0.00913608 0.000219087 0.00142088 5.55681e-06 0.00106261 0.0115921 0.00223995 0.00340681 1.7051e-05 
0.877321 0.000139897 0.0396233 8.15431e-06 0.000576406 0.00167831 0.0394383 0.000467516 0.037868 0.00287779 1.71944e-06 
0.281917 0.0198042 0.11507 0.260054 0.160515 0.00173598 0.000232253 0.0229971 0.128 0.00967321 9.21624e-08 
0.942631 0.0396546 0.0062981 0.00118116 0.00167802 6.80024e-06 0.000205587 0.000291177 0.00679137 0.0012542 7.78456e-06 
0.329549 0.272916 0.0495749 0.011172 0.093253 0.0157021 0.0291134 0.0606537 0.102363 0.0311024 0.00460058 
0.231175 0.188711 0.199667 0.00121003 0.00326006 0.0547936 0.0364151 0.00676141 0.207819 0.0421051 0.0280819 
0.483411 0.0140096 0.0305417 4.5212e-09 0.00293351 4.97339e-05 0.000370218 0.00301795 0.295704 0.169943 1.88287e-05 
0.931463 0.0459692 0.00457737 0.000394382 0.00396085 0.000684862 0.000375293 0.0065912 0.00388066 0.00210164 1.85521e-06 
0.830479 0.000391616 0.003358 3.18072e-12 0.000157655 6.9198e-05 5.16196e-08 0.00246222 0.0750243 0.0880582 3.1717e-10 
0.398373 0.0197871 0.024676 4.27541e-05 0.0228215 0.000773708 0.0152126 0.00585024 0.331534 0.180929 9.31967e-07 
0.742834 0.0103432 0.0686724 3.29453e-08 5.27633e-11 1.23184e-06 0.0017855 0.0461303 0.130232 1.12991e-06 4.7556e-08 
0.460164 0.20152 0.0277518 0.0378295 0.00550719 0.000379397 0.0485701 0.0092191 0.139036 0.0697742 0.000248717 
0.523111 0.0296032 0.207713 0.00106976 0.122033 0.0870719 0.00200588 0.00265481 0.0184028 0.00628276 5.14804e-05 
0.736909 0.0153017 0.0343787 3.36146e-05 0.0104168 0.00128423 0.00593816 0.00893387 0.156441 0.0303408 2.27783e-05 
0.775368 8.42441e-08 6.29751e-07 3.91459e-12 3.20319e-07 1.89656e-07 1.03083e-07 0.000943467 0.203944 0.0197436 1.06619e-11 
0.801429 0.0382753 0.0261581 0.000312007 0.0188378 1.49434e-05 0.0819315 0.000486089 0.0227474 0.00980725 2.9415e-07 
0.597386 0.265042 9.99062e-06 0.0184811 2.13304e-06 2.08403e-11 1.55281e-06 0.117621 1.70324e-06 0.0014542 1.22728e-07 
0.593122 0.014959 0.0244083 1.46813e-05 0.0103532 0.110252 0.0132672 0.00140809 0.202781 0.029434 3.7399e-09 
0.493802 0.02237 0.135817 9.78311e-07 3.93255e-05 2.69058e-06 1.25888e-05 0.328886 3.79048e-05 0.0189852 4.6714e-05 
0.84859 0.0905497 0.0202937 0.0230139 0.00269338 2.67899e-05 0.000562464 0.00552206 0.00526937 0.00230681 0.0011718 
0.718562 0.00806606 0.00501011 2.43334e-06 0.0315956 0.00116479 0.00116326 0.00181031 0.133963 0.098639 2.27971e-05 
0.531287 0.0416126 0.00371957 3.94374e-05 0.00158576 2.56143e-05 0.000495325 0.00319528 0.210379 0.207647 1.33471e-05 
0.640857 0.0171091 0.019061 0.00022191 0.00749806 0.00176877 0.0183406 0.00635544 0.233167 0.0556209 3.51908e-07 
0.727715 0.00453881 0.0182113 5.29884e-05 0.000903294 0.00656139 0.00166734 0.00225911 0.202857 0.0352323 1.43386e-06 
0.206699 0.205843 0.166417 0.0266839 0.0482694 1.69923e-06 1.69965e-06 0.077504 0.200588 0.0679901 1.69867e-06 
0.510212 0.0854443 0.064399 5.12432e-05 0.00860352 0.00842132 0.0121557 0.202975 0.0617795 0.0459513 7.54336e-06 
0.374731 0.109643 0.00962213 0.000103731 0.00152309 0.004273 0.000810534 0.00401782 0.318282 0.176779 0.000213876 
0.774155 0.0186229 0.069506 8.77493e-06 0.00113175 0.00669757 0.030002 0.000385781 0.0707905 0.00498735 0.0237129 
0.4276 0.00903131 0.00528426 0.00153933 0.00811601 0.00150449 0.0146175 0.0389102 0.0457571 0.247733 0.199907 
0.617087 0.00550162 0.0865906 0.00153766 0.00311126 0.0874033 0.0410261 0.017093 0.127486 0.0131206 4.23383e-05 
0.687457 0.00609821 0.0277153 4.82854e-06 0.00412867 0.000196566 0.0230385 0.00105288 0.225765 0.0245431 8.61042e-08 
0.792387 0.0104645 0.0321064 6.31874e-06 0.0012711 0.000420638 0.00025227 0.00471331 0.13194 0.0264383 5.1012e-07 
0.534209 0.0002304 0.000355585 6.60218e-07 1.65054e-05 0.000155843 1.97514e-07 1.04644e-06 0.464734 0.000295334 1.90846e-06 
0.382075 0.0822512 0.037216 8.81443e-05 0.0315635 0.000353887 0.00516688 0.00480284 0.340836 0.115628 1.79784e-05 
0.526844 0.00500518 0.236672 0.000277729 0.00548486 0.000992354 0.0232836 0.159303 0.0349395 0.00719685 1.11937e-06 
0.877321 0.000139897 0.0396233 8.15431e-06 0.000576406 0.00167831 0.0394383 0.000467516 0.037868 0.00287779 1.71944e-06 
0.520727 0.0356894 0.0213922 2.71502e-05 0.0379943 0.00426955 0.0244306 0.00233797 0.271001 0.0816431 0.000487726 
0.983542 9.21712e-06 0.00535157 7.84506e-10 6.72883e-10 1.23399e-09 0.00258716 0.00622413 0.00228579 4.51937e-10 3.31665e-07 
0.592823 0.22708 0.0550909 0.000478439 0.00994817 0.000795863 0.0169016 0.00458712 0.0754627 0.0166813 0.000150974 
0.5325 0.0215808 0.00824378 6.89606e-05 0.0223199 0.000699903 0.000163521 0.00600803 0.204639 0.203751 2.55937e-05 
0.626731 0.00202241 0.104966 6.21993e-06 0.00198973 0.00441366 0.0175289 0.0336418 0.180854 0.0278454 1.83571e-06 
0.934111 0.0022192 0.00563753 3.2091e-05 0.00148404 6.02579e-05 0.00301926 0.00076219 0.0449342 0.00774014 2.06577e-08 
0.840776 0.077204 0.00228232 0.000176871 0.00265338 0.00261964 9.3275e-06 0.00489987 0.0662634 0.00311122 4.41608e-06 
0.504701 0.132546 0.0288337 0.000352918 0.053812 0.00179487 0.00477632 0.0837027 0.067843 0.121581 5.6023e-05 
0.532025 0.0808656 0.0716031 0.00147532 0.0319195 0.00385578 0.027312 0.153892 0.0899747 0.00641986 0.000656506 
0.595238 0.0663096 0.0113955 0.00833654 0.00592426 0.000181283 0.0161842 0.00261967 0.223071 0.0702632 0.00047693 
0.471117 0.182571 0.0518838 0.00160909 0.0116599 0.0019298 0.0165747 0.0661036 0.143464 0.0522865 0.000800473 
0.923437 0.0343168 0.0141875 0.00127873 0.00660655 7.0201e-05 0.00399938 0.00542387 0.00893866 0.00172991 1.13421e-05 
0.877321 0.000139897 0.0396233 8.15431e-06 0.000576406 0.00167831 0.0394383 0.000467516 0.037868 0.00287779 1.71944e-06 
0.697125 0.00727879 0.0379801 0.000109964 0.021765 0.000727553 0.0179343 0.0135376 0.0374378 0.165996 0.000107922 
0.432691 0.00415843 0.0609114 6.96037e-05 0.0194089 0.00128242 0.101935 0.0402196 0.144963 0.194356 4.13015e-06 
0.932368 0.0052445 0.00198368 5.27556e-05 0.00133154 4.61651e-09 0.00015099 0.000753388 0.0250183 0.0330942 2.35988e-06 
0.758614 0.11981 0.0291347 0.0111558 0.004371 0.000294354 0.00593327 0.00612857 0.0400447 0.0239479 0.000565077 
0.546199 0.0518654 0.0482904 0.00805605 0.00084015 0.00622122 0.0564166 0.00417527 0.220661 0.0572402 3.45859e-05 
0.992373 0.000762753 0.000762793 0.000762637 0.000762668 0.000762512 0.000762705 0.000762684 0.000762809 0.000762729 0.000762262 
0.720508 0.082368 0.0380598 0.000298576 0.00102027 0.0278577 0.00152432 0.00171865 0.0958384 0.0306778 0.000128642 
0.597386 0.265042 9.99062e-06 0.0184811 2.13304e-06 2.08403e-11 1.55281e-06 0.117621 1.70324e-06 0.0014542 1.22728e-07 
0.364805 0.0700719 0.183426 0.000291606 0.00950773 0.000342114 0.0364235 0.0115467 0.276389 0.0471956 3.22719e-07 
0.301788 0.0280291 0.243228 0.00031594 0.00168703 0.0663237 0.0316531 0.00755053 0.286411 0.0329966 1.74123e-05 
0.945969 0.0345169 0.00715716 0.00152256 0.00216868 2.60202e-05 0.000200929 0.00255655 0.00513267 0.000734115 1.58199e-05 
0.822079 0.00312889 0.0646028 1.22817e-05 0.000641348 0.00937649 0.0384699 0.000540072 0.0558636 0.00517463 0.000110635 
0.357744 0.064954 0.0210853 7.46866e-06 0.0138964 0.000177111 7.65875e-05 0.0323438 0.190503 0.319198 1.43285e-05 
0.868748 0.0715071 0.00343326 0.0280556 0.00204792 3.45687e-05 0.00248925 0.00362891 0.0028229 0.00212313 0.0151091 
0.344414 0.094021 0.0974499 0.00225809 0.0263649 0.0585132 0.0457038 0.0386291 0.23139 0.0609711 0.000285319 
0.774534 0.0554285 0.033578 0.00513789 0.00454958 0.000380373 0.00572083 0.0357434 0.0641737 0.0197387 0.00101546 
