0.0616162 0.460503 0.0224647 0.182008 0.00324909 0.000137353 0.0231464 0.041898 0.185511 0.0168068 0.00265997 
0.046432 0.775824 0.037954 0.0238329 0.00478338 0.000111507 0.000163341 0.00568825 0.08212 0.0229727 0.000117814 
0.0231042 0.509176 0.0158638 0.00542747 0.0127139 5.91496e-05 0.00504522 0.0707802 0.254238 0.0986427 0.00494914 
0.096338 0.303918 0.101267 0.010941 0.0264887 0.000276059 0.0187736 0.0730457 0.0845526 0.280675 0.00372497 
0.0939832 0.360421 0.00336295 0.0139816 0.0733853 0.000371454 0.00270321 0.118947 0.0779224 0.253945 0.0009774 
0.00779893 0.92171 0.0195321 0.00190748 2.85786e-05 0.0229059 0.0104575 0.00965443 0.00301166 0.00142876 0.00156494 
0.00565625 0.547197 0.0064603 0.185464 0.00441031 5.13848e-13 0.0943448 0.00166063 0.115432 0.039256 0.000118595 
0.0964126 0.58214 0.0962332 7.33485e-05 0.0423082 2.15348e-06 1.17221e-05 0.0852731 0.0102275 0.0873086 9.4338e-06 
0.00417963 0.863799 0.00648203 0.000830459 0.00642077 0.0023625 2.94068e-05 0.00760293 0.105851 0.0024416 4.74654e-07 
0.0672568 0.67933 0.00621561 0.0416354 0.0024877 1.65295e-05 0.0035527 0.0274157 0.125427 0.0253117 0.0213507 
0.0611141 0.397568 0.028532 2.43989e-05 0.000502825 8.17006e-06 0.00161251 0.363327 0.135642 0.0116661 2.57817e-06 
0.0475753 0.501275 0.0297195 0.0219702 0.0473967 0.00196463 0.00469651 0.00400195 0.269809 0.0714836 0.000107657 
0.037145 0.445444 0.094836 0.29788 0.00682513 0.00279037 0.0268197 0.0541361 0.0138416 0.0202806 1.11538e-06 
0.214009 0.338598 0.119881 0.00295137 0.0088555 0.000500069 0.00397549 0.00506163 0.189622 0.115437 0.00111029 
0.0685104 0.638871 0.00656392 0.0762449 0.00224037 0.000137931 7.03889e-05 0.117021 0.0387111 0.0512417 0.00038783 
0.0667715 0.80164 0.0138522 0.000843441 0.0108142 0.00107237 0.0023043 0.023733 0.0727323 0.00621497 2.2133e-05 
0.000439616 0.977482 0.00135064 1.19178e-07 0.000889422 0.00061881 8.13014e-08 0.00879634 0.00803323 0.00238929 3.24597e-07 
0.0138088 0.648834 0.00691022 1.12342e-05 0.0436377 0.000147167 0.00179698 0.0262757 0.125097 0.122362 0.0111193 
0.098873 0.349725 0.088867 0.0118084 0.00579255 0.00212188 0.00816162 0.251473 0.165037 0.0181131 2.68365e-05 
0.0079 0.851123 0.00466431 0.0207783 0.0084166 0.000375716 0.0068475 0.0388263 0.0357997 0.0248058 0.00046262 
0.123157 0.585069 0.0319147 0.105636 0.00274057 0.0025045 0.0109478 0.0247954 0.0960324 0.0156243 0.00157819 
0.00779893 0.92171 0.0195321 0.00190748 2.85786e-05 0.0229059 0.0104575 0.00965443 0.00301166 0.00142876 0.00156494 
0.106899 0.554342 0.0110394 0.039124 0.0680042 0.000153113 0.000117931 0.0410873 0.142368 0.0368645 1.21033e-08 
0.0987063 0.341831 0.0392733 0.0241362 0.0205212 0.00151686 0.0637048 0.017894 0.330212 0.0600915 0.00211255 
0.208376 0.429157 0.0122564 0.000485442 0.0344198 0.00262071 0.00422975 0.0693831 0.201329 0.0377085 3.42905e-05 
0.0658651 0.412768 0.0598283 0.186398 0.00950867 0.000871729 0.0291587 0.106478 0.0744174 0.0423016 0.0124046 
0.0217081 0.659626 0.00191839 0.0270444 0.00230354 0.00115771 0.00013743 0.134874 0.121174 0.029352 0.000704968 
0.0455866 0.67498 0.0122606 0.117792 0.00159573 0.00859842 0.00516971 0.025512 0.0290983 0.00702605 0.0723799 
0.125388 0.303695 0.168633 1.94836e-06 0.0140873 0.238996 3.97853e-05 0.00210907 0.130441 0.0165377 7.04955e-05 
0.0869959 0.29365 0.143671 0.0190338 0.0233092 0.0309175 0.0325804 0.0156303 0.24249 0.110434 0.00128872 
0.00779893 0.92171 0.0195321 0.00190748 2.85786e-05 0.0229059 0.0104575 0.00965443 0.00301166 0.00142876 0.00156494 
0.124112 0.378147 0.014276 0.0460922 0.000326291 0.00015247 0.0325917 0.00675483 0.34457 0.0503683 0.0026099 
0.0223903 0.508896 0.0278122 0.0422888 0.00117417 0.00161784 0.00030267 0.295346 0.0131673 0.0846322 0.00237279 
0.0201196 0.620622 0.0115831 0.0199238 0.0229713 0.00274303 0.00341138 0.0557452 0.234857 0.00780635 0.000216725 
0.0091759 0.783487 2.11319e-05 0.0147065 0.148143 0.000211689 2.33525e-08 0.0101489 0.01841 0.0154762 0.000219751 
0.0412609 0.545698 0.0249986 0.00260212 0.00918739 0.000610611 0.00320419 0.0263829 0.308421 0.0373701 0.000264907 
0.0881083 0.374013 0.0872357 0.0226557 0.00704932 0.0128558 0.0113575 0.16981 0.181963 0.0447861 0.000165142 
0.0350961 0.75843 0.0797438 0.0447068 0.00032296 0.00130152 0.0518461 0.0097621 0.0114136 0.00597479 0.00140266 
0.00142108 0.717976 0.00537631 0.000415266 0.00337284 0.000162735 0.00906972 0.00705344 0.245956 0.00917587 2.06648e-05 
0.0939832 0.360421 0.00336295 0.0139816 0.0733853 0.000371454 0.00270321 0.118947 0.0779224 0.253945 0.0009774 
0.221394 0.278822 0.023104 4.8971e-06 0.0355695 2.33564e-05 0.00128246 0.0531229 0.217771 0.168901 5.36903e-06 
0.183324 0.360663 0.0327828 0.228373 0.001349 0.0117658 0.000612132 0.0395187 0.0892425 0.0523041 6.4394e-05 
0.111599 0.597525 0.0081054 3.03145e-10 0.00665509 0.00155193 3.60328e-07 0.0547371 0.206226 0.0136002 2.03527e-07 
0.260709 0.454385 0.0232741 0.0108067 0.022642 0.00542847 4.7678e-05 0.0323612 0.158931 0.0312233 0.000191169 
0.179406 0.192356 0.0674961 0.0711869 0.0752346 0.0170578 0.0220749 0.0896417 0.160575 0.124691 0.000279045 
0.00280469 0.617991 0.000923811 0.000179798 0.00202536 0.0013081 0.000224443 0.014145 0.303848 0.0550553 0.00149388 
0.157714 0.348258 0.0292106 0.0608985 0.00175864 0.00432324 0.218437 0.0880385 0.0455693 0.0303307 0.0154618 
0.00779893 0.92171 0.0195321 0.00190748 2.85786e-05 0.0229059 0.0104575 0.00965443 0.00301166 0.00142876 0.00156494 
0.00779893 0.92171 0.0195321 0.00190748 2.85786e-05 0.0229059 0.0104575 0.00965443 0.00301166 0.00142876 0.00156494 
0.0579369 0.438642 0.0356397 1.4584e-06 0.0198927 0.0032793 6.5573e-05 0.0017439 0.41931 0.0234206 6.74356e-05 
0.00137259 0.957274 3.35479e-06 0.0239614 0.000469644 4.43297e-07 4.67136e-06 5.46956e-05 0.0131015 0.00375685 5.55552e-07 
0.0483835 0.394655 0.0566486 0.00322527 0.00286704 0.0156869 0.0120685 0.0375203 0.344698 0.0838887 0.000358203 
0.0305827 0.475772 0.050434 0.0264207 0.00687165 0.00993335 0.00780054 0.0792431 0.00714978 0.288676 0.0171156 
0.0091759 0.783487 2.11319e-05 0.0147065 0.148143 0.000211689 2.33525e-08 0.0101489 0.01841 0.0154762 0.000219751 
0.00779893 0.92171 0.0195321 0.00190748 2.85786e-05 0.0229059 0.0104575 0.00965443 0.00301166 0.00142876 0.00156494 
0.107039 0.229594 0.196297 0.0234696 0.00249837 0.00870496 0.0195978 0.114489 0.190771 0.105267 0.00227127 
0.0727033 0.41057 0.0540166 0.0721485 0.00838496 0.0010841 0.0224386 0.000923186 0.323936 0.0337643 3.06493e-05 
3.85064e-05 0.865167 0.0102362 2.19318e-07 1.88112e-07 3.44976e-07 0.000747909 0.117553 4.42608e-08 0.00622072 3.64079e-05 
0.0562907 0.588785 0.0188456 0.00613644 0.0375046 0.00220898 0.00923859 0.0559438 0.202561 0.0210018 0.00148339 
0.0939832 0.360421 0.00336295 0.0139816 0.0733853 0.000371454 0.00270321 0.118947 0.0779224 0.253945 0.0009774 
0.00818564 0.928384 0.0180508 0.00124493 0.0119144 0.00759669 1.6982e-07 0.0165129 0.00439588 0.00371436 6.78007e-07 
2.62309e-06 0.458047 0.0109707 2.61504e-10 0.0773235 0.00447669 1.78394e-10 0.117961 0.267223 0.0639951 7.12239e-10 
0.0939832 0.360421 0.00336295 0.0139816 0.0733853 0.000371454 0.00270321 0.118947 0.0779224 0.253945 0.0009774 
0.0082308 0.769155 0.014012 2.03645e-06 0.0390774 0.000321946 0.000744353 0.0280313 0.133044 0.00735805 2.30134e-05 
0.00779893 0.92171 0.0195321 0.00190748 2.85786e-05 0.0229059 0.0104575 0.00965443 0.00301166 0.00142876 0.00156494 
0.0257831 0.506742 0.0145808 0.00848414 0.00409618 0.00511636 0.0484729 0.00326301 0.362392 0.0209549 0.000114206 
0.00779893 0.92171 0.0195321 0.00190748 2.85786e-05 0.0229059 0.0104575 0.00965443 0.00301166 0.00142876 0.00156494 
0.10789 0.203982 0.1083 0.000326544 0.114865 0.00066126 0.000216977 0.0403689 0.158408 0.197116 0.0678648 
0.0215789 0.697609 0.000305079 0.0441596 0.00396882 0.000208971 4.08484e-06 0.0163066 0.0155587 0.0443833 0.155916 
0.0350961 0.75843 0.0797438 0.0447068 0.00032296 0.00130152 0.0518461 0.0097621 0.0114136 0.00597479 0.00140266 
0.00779893 0.92171 0.0195321 0.00190748 2.85786e-05 0.0229059 0.0104575 0.00965443 0.00301166 0.00142876 0.00156494 
0.192517 0.365203 0.0579184 0.00505256 0.00187221 0.00351022 0.0478267 0.033115 0.279873 0.0130113 0.000100906 
0.00826037 0.495776 0.00725589 0.00212994 0.00369634 0.0040968 0.00446534 0.230219 0.216165 0.0259434 0.00199236 
0.00779893 0.92171 0.0195321 0.00190748 2.85786e-05 0.0229059 0.0104575 0.00965443 0.00301166 0.00142876 0.00156494 
0.0713479 0.481195 0.0221947 0.0925551 0.0368642 0.000230192 0.00914665 0.0137817 0.208477 0.0610748 0.00313233 
0.0290737 0.598687 0.100184 0.0176016 0.00336007 0.000816605 0.0270493 0.05869 0.150492 0.0121913 0.00185432 
0.119257 0.405861 0.0694956 0.00291989 0.011881 0.00471652 0.00156358 0.185688 0.0847615 0.110819 0.00303717 
0.0461534 0.401566 0.0388994 0.00182657 0.0256822 0.00608617 0.0088628 0.020502 0.372256 0.0781458 1.91028e-05 
0.00904528 0.593897 0.00776176 0.00595333 0.0158454 0.0100572 2.22149e-05 0.0549174 0.238362 0.0641345 3.07269e-06 
0.000367763 0.969699 0.00236791 0.000308512 0.00137062 0.000827298 0.000307053 0.0212165 0.00259619 0.000305903 0.000633683 
0.00572383 0.71737 0.02881 0.0201733 0.00262158 0.000142883 0.00605813 0.0540444 0.072407 0.0919603 0.000688529 
0.0301465 0.497349 0.0496186 0.0123127 0.14201 0.00549532 0.00178409 0.0419835 0.181615 0.0376605 2.41998e-05 
0.0808133 0.29713 0.245221 2.9182e-05 0.0188151 0.000155161 0.0161195 0.00241798 0.261597 0.0776484 5.34776e-05 
0.0287627 0.3407 0.00873826 0.111553 0.0018611 4.17789e-05 0.00341667 0.145507 0.124292 0.235127 4.25859e-07 
0.0838354 0.222948 0.132868 0.01411 0.0106542 0.00948639 0.0392434 0.194168 0.0825977 0.200172 0.00991628 
0.047304 0.285844 0.128102 0.135823 0.00871023 0.0126675 0.000587296 0.125935 0.195034 0.0598477 0.0001454 
0.232826 0.292011 0.0413007 0.0340486 0.0393551 0.0110148 0.0213919 0.00529938 0.257217 0.0650688 0.000466344 
0.182936 0.53884 0.0151231 0.0358204 0.0257569 1.84887e-06 0.00206881 0.153206 0.0393492 0.00685433 4.42817e-05 
0.00496401 0.837269 0.019585 0.00546902 0.0495583 0.000464135 0.000278489 0.0129795 0.0566605 0.0127291 4.30229e-05 
0.096338 0.303918 0.101267 0.010941 0.0264887 0.000276059 0.0187736 0.0730457 0.0845526 0.280675 0.00372497 
0.00779893 0.92171 0.0195321 0.00190748 2.85786e-05 0.0229059 0.0104575 0.00965443 0.00301166 0.00142876 0.00156494 
0.0432163 0.504245 0.0144649 0.00742255 0.00288731 0.000462062 0.00334937 0.0112403 0.393608 0.0184384 0.000665703 
0.046691 0.343539 0.0761045 0.0973768 0.0116189 0.00486972 0.000603663 0.0100111 0.292342 0.116844 4.33718e-08 
0.0150822 0.504621 0.0138439 0.00353194 0.0851582 0.000235582 0.00175795 0.00257242 0.336029 0.00288619 0.0342822 
0.160752 0.281908 0.172735 3.17948e-05 0.00705248 0.00135213 0.00387303 0.105858 0.105465 0.160949 2.34335e-05 
0.00387848 0.737486 0.0393919 0.0204485 0.00398438 3.04217e-07 0.00251952 0.0552616 0.109848 0.0254073 0.0017737 
0.028836 0.541002 0.0364984 0.00339096 0.0746221 1.83568e-06 0.0382319 0.0427876 0.0425945 0.191545 0.000490076 
0.0363647 0.795992 0.0176277 0.0464822 0.00447496 0.000275057 0.000969141 0.0154386 0.0691143 0.0130895 0.000171504 
0.0192517 0.493505 0.00826836 0.00778998 0.184606 7.80912e-05 7.18073e-05 0.0709873 0.17094 0.0444599 4.28687e-05 
0.00779893 0.92171 0.0195321 0.00190748 2.85786e-05 0.0229059 0.0104575 0.00965443 0.00301166 0.00142876 0.00156494 
0.131093 0.332457 0.0513956 0.253963 0.0159255 0.000609541 0.00136768 0.0787477 0.105923 0.0271312 0.00138651 
0.161233 0.317 0.144751 1.78059e-07 0.00366171 4.88086e-07 4.2062e-06 0.0531405 0.305893 0.0142162 9.99209e-05 
0.00601669 0.852197 0.000148145 1.98233e-10 0.00103734 1.28333e-05 5.76631e-08 7.54842e-05 0.1389 0.00161134 9.73542e-07 
0.00779893 0.92171 0.0195321 0.00190748 2.85786e-05 0.0229059 0.0104575 0.00965443 0.00301166 0.00142876 0.00156494 
0.04612 0.525455 0.0205299 0.00942775 0.0488806 0.00033791 0.000529154 0.0489823 0.183801 0.115858 7.7867e-05 
0.219602 0.308639 0.16013 0.00019253 0.0415736 0.0194951 0.0248749 0.0298929 0.1882 0.00739944 5.83664e-07 
0.0177684 0.603453 0.0830455 2.10456e-05 0.0663569 0.0212283 9.29843e-05 0.0413471 0.0605252 0.106148 1.32436e-05 
0.0722274 0.458109 0.0904211 0.013905 0.00419624 0.0085379 0.0440227 0.0419484 0.181351 0.0784714 0.00680943 
0.037145 0.445444 0.094836 0.29788 0.00682513 0.00279037 0.0268197 0.0541361 0.0138416 0.0202806 1.11538e-06 
0.173664 0.413835 0.0170569 0.001541 0.188872 0.00530707 0.00698312 0.00057232 0.0732531 0.118765 0.000150719 
0.0346683 0.502693 0.0598697 0.04768 0.0157905 0.00372175 0.0126599 0.13336 0.126724 0.0576764 0.00515544 
0.0248292 0.698606 0.0211255 0.00565515 0.018879 0.00251708 0.00186206 0.0233944 0.167667 0.0346043 0.000860263 
0.00779893 0.92171 0.0195321 0.00190748 2.85786e-05 0.0229059 0.0104575 0.00965443 0.00301166 0.00142876 0.00156494 
0.0846351 0.536355 0.00949664 0.204343 0.00305357 0.00304363 0.0106679 0.0207592 0.111917 0.0157291 6.74234e-07 
0.0574254 0.642892 0.00364577 0.0588588 0.00685641 0.00938535 0.000378985 0.0500316 0.151189 0.019055 0.000281905 
0.0939832 0.360421 0.00336295 0.0139816 0.0733853 0.000371454 0.00270321 0.118947 0.0779224 0.253945 0.0009774 
0.00445793 0.843449 8.83312e-05 2.53947e-05 0.0148084 2.18784e-05 0.0115857 0.0703602 0.0551199 3.95952e-05 4.42018e-05 
9.74022e-07 0.360338 0.171861 3.55071e-07 0.07196 0.0014695 0.0122859 0.100202 0.277293 0.00450181 8.72875e-05 
0.080779 0.440782 0.042315 0.0112646 0.0421426 0.00455025 0.018696 0.111879 0.159326 0.0859509 0.00231517 
0.0805359 0.385463 0.0729507 0.00240158 0.00441833 0.00355967 0.0248954 0.0124643 0.355795 0.0571599 0.000356237 
0.0869053 0.502896 0.0237054 0.0117276 0.0669075 0.000414984 0.00160499 0.0503027 0.229529 0.0258626 0.000143763 
0.0974612 0.355647 0.0725125 0.227455 0.0159995 0.00976318 0.0454389 0.0861426 0.0558013 0.0337782 3.01865e-09 
0.0192517 0.493505 0.00826836 0.00778998 0.184606 7.80912e-05 7.18073e-05 0.0709873 0.17094 0.0444599 4.28687e-05 
0.0235554 0.498642 0.00874946 0.0118673 0.00648785 0.00125249 0.0490845 0.00990769 0.359203 0.0310931 0.000156978 
0.00779893 0.92171 0.0195321 0.00190748 2.85786e-05 0.0229059 0.0104575 0.00965443 0.00301166 0.00142876 0.00156494 
0.0160232 0.805559 0.0318625 0.000106857 0.00216398 0.00434738 0.0025668 0.0261261 0.0798623 0.0309951 0.000387008 
0.0289721 0.364296 0.00553593 0.210796 0.0332617 0.000136808 0.0172287 0.054622 0.128406 0.155936 0.00080937 
0.194918 0.60425 0.0415114 0.00241825 0.0225098 0.00820561 7.49307e-07 0.0182103 0.104522 0.00345137 1.91666e-06 
0.00779893 0.92171 0.0195321 0.00190748 2.85786e-05 0.0229059 0.0104575 0.00965443 0.00301166 0.00142876 0.00156494 
0.0184723 0.644036 0.00218234 0.017773 0.00285602 5.23073e-05 0.000481758 0.0401573 0.118071 0.106537 0.0493807 
0.00308384 0.575906 0.00475682 0.000260721 0.000967707 0.00201281 1.24416e-06 0.376681 0.00309669 0.0332269 6.26458e-06 
0.0939832 0.360421 0.00336295 0.0139816 0.0733853 0.000371454 0.00270321 0.118947 0.0779224 0.253945 0.0009774 
0.00458358 0.789353 0.000751187 2.871e-05 0.00353571 2.19888e-06 6.81987e-05 0.000841843 0.159947 0.0407477 0.000141108 
0.0539396 0.53448 0.122737 0.221839 0.000338604 0.00125136 1.99178e-05 0.0450462 0.0175959 0.00269544 5.68239e-05 
0.0232767 0.523477 0.0252449 5.51276e-05 0.00224222 0.0056255 0.0015888 0.0127262 0.153655 0.251819 0.000289951 
0.0323587 0.379232 0.0365234 0.000178324 0.0225829 0.0531718 0.00957243 0.262999 0.188533 0.0148307 1.81818e-05 
0.062484 0.39203 0.0295753 0.37884 0.00179713 0.000827635 0.000303811 0.0768729 0.0307771 0.0262071 0.000284316 
0.0386986 0.602414 0.00784625 0.000635156 0.0123012 0.000129761 0.0118209 0.102528 0.116249 0.107213 0.000163833 
0.0959753 0.351529 0.0955503 0.0118425 0.0240614 0.00171452 0.0645352 0.0524016 0.201667 0.100586 0.000137176 
0.00779893 0.92171 0.0195321 0.00190748 2.85786e-05 0.0229059 0.0104575 0.00965443 0.00301166 0.00142876 0.00156494 
0.0998358 0.321949 0.0520149 0.0393408 0.0445794 0.0163453 0.00860546 0.0470542 0.139756 0.193818 0.0367019 
0.064579 0.571103 0.0413049 0.0281771 0.0455256 0.00227176 0.00279873 0.0152926 0.181413 0.0473452 0.000188884 
0.000583642 0.659361 0.00110884 2.73938e-06 0.000679723 3.97253e-05 1.81419e-05 0.00262711 0.322951 0.0125949 3.2972e-05 
5.32738e-05 0.981645 4.96463e-05 3.37002e-06 0.0177383 5.45745e-05 7.25813e-05 0.000189234 0.000155648 3.37736e-05 4.67474e-06 
0.0323044 0.833848 0.0102925 7.93491e-05 0.000738696 0.00119017 9.80556e-05 0.00808983 0.099031 0.0143164 1.10986e-05 
0.0154552 0.51821 0.00644464 0.00406803 0.00650668 0.000146295 0.0195624 0.0428566 0.34849 0.0381632 9.66217e-05 
0.0135141 0.559085 0.109498 0.143092 0.00050958 0.00763463 0.0793319 0.0855924 0.000546468 3.39091e-07 0.00119558 
0.00779893 0.92171 0.0195321 0.00190748 2.85786e-05 0.0229059 0.0104575 0.00965443 0.00301166 0.00142876 0.00156494 
0.0667715 0.80164 0.0138522 0.000843441 0.0108142 0.00107237 0.0023043 0.023733 0.0727323 0.00621497 2.2133e-05 
0.0521363 0.435601 0.00788631 0.000341549 0.0506055 0.00039646 0.000761982 0.00333797 0.121626 0.327178 0.000128248 
0.0350961 0.75843 0.0797438 0.0447068 0.00032296 0.00130152 0.0518461 0.0097621 0.0114136 0.00597479 0.00140266 
0.0828362 0.605339 0.0152865 0.0156895 0.0535301 0.00139085 0.000207165 0.00635449 0.148247 0.0710861 3.35949e-05 
0.0660337 0.725352 0.00329907 0.00970918 0.00247101 0.0861694 8.80083e-05 0.00751598 0.0811728 0.0181873 1.62635e-06 
0.0620208 0.292748 0.0750984 0.00100139 0.0223205 0.00262927 0.0197039 0.090273 0.25794 0.176246 1.87734e-05 
0.0287485 0.862501 0.0204097 0.010319 0.00641748 0.00370344 6.75976e-06 0.00225824 0.0624936 0.00314013 1.91988e-06 
0.182936 0.53884 0.0151231 0.0358204 0.0257569 1.84887e-06 0.00206881 0.153206 0.0393492 0.00685433 4.42817e-05 
0.0176957 0.566807 0.132782 0.00591811 0.0594049 2.29003e-06 0.00159706 0.00506775 0.130062 0.0777401 0.00292347 
0.23197 0.312994 0.0221207 0.000823366 0.00359066 0.00066085 0.0975145 0.0348218 0.207049 0.0876375 0.000817599 
0.0426479 0.440567 0.0610781 0.00124952 0.0263435 0.00947093 0.172105 0.106713 0.130853 0.00402572 0.00494645 
0.0198161 0.531422 0.0260742 0.0213302 0.0289035 2.71744e-05 0.000645855 0.264644 0.0710705 0.0356858 0.000380345 
0.0607888 0.42531 0.0432172 0.00144011 0.0608817 0.000558619 0.00590875 0.022158 0.263426 0.115382 0.000928623 
0.1068 0.279042 0.147504 0.00240935 0.0189035 0.00296793 0.0293906 0.267229 0.109914 0.0357851 5.40749e-05 
0.0170491 0.346934 0.0331219 0.0180946 0.168242 0.0064892 0.0488739 0.044446 0.306941 0.00979922 9.09316e-06 
0.00779893 0.92171 0.0195321 0.00190748 2.85786e-05 0.0229059 0.0104575 0.00965443 0.00301166 0.00142876 0.00156494 
0.0421503 0.497888 0.0171398 0.00495892 0.0139236 0.00231968 0.080641 0.0599572 0.23992 0.04052 0.000580945 
0.180087 0.487126 0.0132426 0.0051348 0.00564858 0.000407515 0.0317274 0.0244067 0.18337 0.0662909 0.00255814 
0.00411154 0.647009 3.47248e-05 3.72286e-06 0.00404079 5.37021e-07 1.5095e-05 1.40558e-05 0.335753 0.00899814 2.00352e-05 
0.00896786 0.6686 0.00792913 0.00571615 0.00176228 0.00010912 8.11168e-05 0.00383145 0.11878 0.183823 0.000399588 
0.198039 0.437484 0.123424 0.000569717 0.0471107 7.12504e-05 0.000244102 0.0298473 0.0979155 0.0652912 3.66449e-06 
0.158456 0.363243 0.0595118 0.0627113 0.0389584 0.009389 0.0196679 0.0426179 0.188463 0.0566766 0.000304743 
0.00232613 0.753418 0.0374284 0.00221414 0.00310507 0.000850839 0.149279 0.0167633 0.0172729 0.0173318 1.03863e-05 
0.00779893 0.92171 0.0195321 0.00190748 2.85786e-05 0.0229059 0.0104575 0.00965443 0.00301166 0.00142876 0.00156494 
0.0114788 0.659633 0.032168 0.0308359 0.00199435 0.000422835 0.000458003 0.0273612 0.206349 0.0292651 3.33058e-05 
0.098717 0.519998 0.0297396 0.000213754 0.015617 0.00817588 0.0081714 0.0404069 0.179024 0.0987626 0.00117437 
0.0731772 0.744706 0.00250034 0.063366 0.0278487 0.000339382 0.000708286 0.019185 0.052145 0.0159954 2.89721e-05 
0.0384602 0.824162 0.0225786 0.0387336 0.000834471 0.00108295 0.000103666 0.0213722 0.0471345 0.00497479 0.000562575 
0.00335197 0.771863 0.0416705 0.000304527 0.012878 0.00149749 0.000834408 0.00812515 0.156899 0.00256986 6.16634e-06 
0.000658484 0.666388 0.000390492 9.56612e-06 0.00116461 7.33886e-09 1.47341e-05 0.000670572 0.3275 0.00320357 1.90429e-09 
0.0806856 0.373467 0.0180353 1.38858e-05 0.00142637 0.000993499 5.79373e-05 0.0428821 0.212672 0.269743 2.3409e-05 
0.0577131 0.410271 0.129197 0.289458 0.000426957 0.000249162 0.00326309 0.0596515 0.0435515 0.00621781 2.67347e-08 
0.0350961 0.75843 0.0797438 0.0447068 0.00032296 0.00130152 0.0518461 0.0097621 0.0114136 0.00597479 0.00140266 
0.00779893 0.92171 0.0195321 0.00190748 2.85786e-05 0.0229059 0.0104575 0.00965443 0.00301166 0.00142876 0.00156494 
0.00533398 0.536458 0.0232479 3.20625e-07 0.0365831 0.00219961 9.74223e-05 0.016205 0.377684 0.0021898 5.856e-07 
0.0720857 0.278358 0.190684 0.000741842 0.000612249 0.241895 0.0153077 0.0404007 0.114316 0.0455731 2.6113e-05 
0.0939832 0.360421 0.00336295 0.0139816 0.0733853 0.000371454 0.00270321 0.118947 0.0779224 0.253945 0.0009774 
0.00779893 0.92171 0.0195321 0.00190748 2.85786e-05 0.0229059 0.0104575 0.00965443 0.00301166 0.00142876 0.00156494 
0.00779893 0.92171 0.0195321 0.00190748 2.85786e-05 0.0229059 0.0104575 0.00965443 0.00301166 0.00142876 0.00156494 
0.0446582 0.577099 0.0714606 0.000122749 0.192426 0.00223237 0.0262819 0.0449604 0.0226377 0.0181037 1.76819e-05 
0.254972 0.3881 0.0158443 0.00981579 0.00170539 0.000228561 0.00425573 0.0479293 0.23744 0.0396882 2.14014e-05 
0.0134719 0.418158 0.085044 0.0329115 0.0154742 0.00289617 0.00504172 0.22107 0.0721676 0.132632 0.00113329 
0.0514781 0.42733 0.0349662 0.00654661 0.00834682 0.000473966 0.00338174 0.0762344 0.228159 0.162468 0.00061591 
0.0350961 0.75843 0.0797438 0.0447068 0.00032296 0.00130152 0.0518461 0.0097621 0.0114136 0.00597479 0.00140266 
0.0534862 0.610465 0.0106322 0.0102146 0.0300008 0.00319312 0.00117241 0.0028954 0.0603955 0.189779 0.0277653 
0.00779893 0.92171 0.0195321 0.00190748 2.85786e-05 0.0229059 0.0104575 0.00965443 0.00301166 0.00142876 0.00156494 
0.0102569 0.609023 0.0253096 2.76138e-05 0.0294306 0.0140464 0.000867736 0.0288319 0.265342 0.0168043 5.97398e-05 
0.20589 0.241391 0.131126 0.0444304 0.031363 0.00497651 0.0454355 0.0423496 0.171847 0.0798493 0.00134134 
0.00188479 0.632718 0.00254981 1.87345e-05 0.00673934 0.00023337 0.0322334 0.0052702 0.299735 0.0184875 0.000129253 
0.0144765 0.681959 0.00510717 0.00243715 0.0096925 8.90968e-05 0.00276583 0.00436139 0.196272 0.0828288 9.73582e-06 
0.00779893 0.92171 0.0195321 0.00190748 2.85786e-05 0.0229059 0.0104575 0.00965443 0.00301166 0.00142876 0.00156494 
0.117301 0.321208 0.113381 0.000715533 0.00168966 0.0132744 0.0218679 0.0924274 0.25339 0.063688 0.00105726 
0.0768554 0.69248 0.021299 0.000377231 0.00747702 0.000426544 0.000867647 0.0273976 0.157938 0.0144641 0.000417032 
0.134094 0.400029 0.225018 0.0815943 0.00299167 0.001304 0.0458274 0.0539531 0.044692 0.0104669 2.95012e-05 
0.137072 0.313876 0.118172 0.000248656 0.00899454 0.0256447 0.00195966 0.0317575 0.0960418 0.183384 0.0828482 
0.0704676 0.590532 0.0114667 0.00558338 0.000472747 1.1199e-05 0.0514305 0.0222795 0.153064 0.0924259 0.00226565 
0.00615809 0.494403 0.00144352 2.18422e-05 0.000563419 3.60607e-06 0.00196235 2.98124e-05 0.455625 0.0397897 7.17422e-09 
0.0225553 0.353118 0.00469346 9.45085e-05 0.104566 0.000729091 0.000222398 0.169352 0.0286399 0.310551 0.00547853 
0.049817 0.76924 0.0181654 0.00375654 0.00199891 0.0118847 0.0102214 0.0109636 0.100516 0.0233379 9.88962e-05 
0.0127727 0.804732 0.0247333 2.02804e-05 3.70327e-05 0.000501403 0.00145942 0.0225756 0.132471 0.000648887 4.77142e-05 
0.0660044 0.405948 0.0062225 0.0161903 0.00184424 1.22733e-05 0.00349603 0.0103766 0.232647 0.257226 3.30743e-05 
0.0154127 0.569811 4.17904e-05 1.47178e-05 0.00507669 4.41952e-08 1.4966e-05 0.00117962 0.391028 0.0174211 4.89055e-08 
0.0376092 0.577008 0.0386809 0.00526569 0.00528393 0.032118 0.000272075 0.18288 0.10628 0.0115743 0.00302746 
0.0408055 0.756616 0.00283832 0.0758709 0.00152324 1.14223e-05 2.9374e-05 0.0783631 0.021412 0.0218578 0.000672769 
0.00235332 0.707958 0.0228245 1.46843e-05 0.00427241 3.97652e-05 0.000195782 0.0715647 0.158066 0.0325817 0.000128606 
0.065859 0.796217 0.00398656 0.004463 0.0203388 0.000218288 1.30859e-05 0.0043899 0.0221807 0.0719323 0.0104012 
0.00292596 0.761833 0.00211554 0.00212181 0.0466741 1.39171e-09 0.00071705 0.000639576 0.0596118 0.123348 1.32445e-05 
0.00972852 0.760329 0.00940389 0.00124061 0.000270136 0.000510684 2.97465e-05 0.0439082 0.124277 0.0499674 0.000334532 
0.0209283 0.86083 0.0149418 0.00382479 0.000261943 0.00166919 0.000713318 0.0175542 0.0760319 0.00258233 0.000662228 
0.0308859 0.698404 0.0235481 0.0661162 0.0039137 4.22247e-06 0.00037398 0.0317139 0.0302472 0.113545 0.00124688 
0.0317639 0.56939 0.000150921 2.5595e-06 1.79353e-07 9.22804e-09 7.73214e-06 3.82651e-06 0.382803 0.0158778 8.49553e-09 
0.00227057 0.512613 0.0172918 1.23513e-06 0.00618326 0.0105965 1.45823e-05 0.00715041 0.416337 0.0275244 1.75089e-05 
0.144159 0.668537 0.00616375 0.0111549 0.0218573 0.0173321 0.000714516 0.00204487 0.0661868 0.0618264 2.30959e-05 
0.182936 0.53884 0.0151231 0.0358204 0.0257569 1.84887e-06 0.00206881 0.153206 0.0393492 0.00685433 4.42817e-05 
0.0589371 0.43471 0.162883 0.00824872 0.00897861 0.00173381 0.0435556 0.0236716 0.199672 0.0521823 0.00542663 
0.00779893 0.92171 0.0195321 0.00190748 2.85786e-05 0.0229059 0.0104575 0.00965443 0.00301166 0.00142876 0.00156494 
0.234954 0.432557 0.028223 1.57722e-09 0.00434261 2.78222e-06 1.07596e-09 0.0684677 0.157138 0.074315 4.29577e-09 
0.0318884 0.67181 0.135226 0.00735971 0.00662852 0.0441618 0.00108229 0.0411079 0.0534817 0.0071147 0.000139172 
0.0880751 0.498132 0.194036 0.0147369 0.0525051 0.00502531 0.00557495 0.0597945 0.0632117 0.017754 0.00115504 
0.00176377 0.689017 0.00343211 0.010949 0.0115194 0.000352685 6.45767e-05 0.138834 0.0866693 0.0573932 5.09459e-06 
0.0453543 0.76101 0.0307126 0.000281305 0.049847 0.000792231 0.0024595 0.0622074 0.00626268 0.0409998 7.30235e-05 
0.0194895 0.553035 0.0257836 0.000204858 0.0609686 0.000644463 0.0209293 0.171429 0.100383 0.047043 9.00747e-05 
0.00613813 0.876643 0.000447936 2.11511e-05 0.000910446 1.3711e-07 0.00014653 0.00149871 0.0793866 0.0348048 2.6915e-06 
0.00779893 0.92171 0.0195321 0.00190748 2.85786e-05 0.0229059 0.0104575 0.00965443 0.00301166 0.00142876 0.00156494 
0.010427 0.750423 0.0549134 0.00237313 0.00275414 5.88984e-05 0.0140446 0.15471 0.00797581 0.00232068 2.31079e-08 
0.00779893 0.92171 0.0195321 0.00190748 2.85786e-05 0.0229059 0.0104575 0.00965443 0.00301166 0.00142876 0.00156494 
0.0400552 0.325709 0.206508 0.000568578 0.00925819 0.0117115 1.88913e-06 0.111458 0.119033 0.174185 0.00151231 
0.0578134 0.424687 0.133189 0.249632 0.000826631 0.000923486 0.0120625 0.0752467 0.0397344 0.00588528 1.18026e-07 
0.0105405 0.654503 0.0023064 0.000161148 0.104038 0.000869286 3.72868e-08 0.0563975 0.132261 0.0389239 9.91098e-10 
0.00779893 0.92171 0.0195321 0.00190748 2.85786e-05 0.0229059 0.0104575 0.00965443 0.00301166 0.00142876 0.00156494 
0.00509577 0.587866 0.0077931 0.0426387 0.000106145 0.00872086 0.00368104 0.319684 0.0036852 0.0132966 0.00743249 
0.00520742 0.705869 0.103154 0.000225499 0.00180665 0.00955761 0.013347 0.0800277 0.00758537 0.0732065 1.33721e-05 
0.0282047 0.759978 0.020306 0.0105562 0.000175366 0.00150375 0.000968634 0.118858 0.0150851 0.0443302 3.37466e-05 
0.136945 0.338736 0.0959626 6.27884e-05 0.0587725 0.00462164 0.000818918 0.0582178 0.290253 0.0155999 9.3496e-06 
0.00779893 0.92171 0.0195321 0.00190748 2.85786e-05 0.0229059 0.0104575 0.00965443 0.00301166 0.00142876 0.00156494 
0.00779893 0.92171 0.0195321 0.00190748 2.85786e-05 0.0229059 0.0104575 0.00965443 0.00301166 0.00142876 0.00156494 
0.00323809 0.59389 0.00385262 0.000371606 0.0130063 7.30028e-05 0.000320287 0.0934766 0.27206 0.0192482 0.000463614 
0.00779893 0.92171 0.0195321 0.00190748 2.85786e-05 0.0229059 0.0104575 0.00965443 0.00301166 0.00142876 0.00156494 
0.0556388 0.48767 0.0737943 5.74196e-07 0.103278 0.00246584 0.000362669 0.0157671 0.229801 0.0309883 0.000233285 
0.0893199 0.554782 0.160511 0.0104046 0.00342015 0.000124707 0.0371111 0.0157986 0.0240835 0.068914 0.0355305 
0.0165297 0.402112 0.283103 0.00067778 0.00219733 0.00984373 0.00393097 0.0349258 0.156648 0.0899065 0.000124911 
0.0737616 0.342995 0.035255 0.0705726 0.00192327 0.000410843 0.0039931 0.198835 0.115259 0.14027 0.016725 
0.0531123 0.557821 0.0113102 0.0302746 0.00181527 0.00047494 0.00192615 0.000269407 0.276052 0.064467 0.00247783 
0.174822 0.36561 0.01386 0.000817988 0.042172 0.0341273 0.000147812 0.0572624 0.200973 0.110105 0.000102439 
0.0518167 0.585511 0.0338563 0.000231173 0.00730241 0.00549586 0.00652951 0.150429 0.137425 0.0213833 1.97749e-05 
0.00308384 0.575906 0.00475682 0.000260721 0.000967707 0.00201281 1.24416e-06 0.376681 0.00309669 0.0332269 6.26458e-06 
0.0542643 0.342715 0.278317 0.000583238 0.0358853 0.00306534 0.000513517 0.0365076 0.103702 0.144447 5.82417e-10 
0.0136956 0.595296 0.00806528 2.89877e-06 0.0174552 9.96255e-06 0.00276773 0.00509345 0.260728 0.0968357 5.00822e-05 
0.0135141 0.559085 0.109498 0.143092 0.00050958 0.00763463 0.0793319 0.0855924 0.000546468 3.39091e-07 0.00119558 
0.0710755 0.581792 0.0427683 0.010496 0.0973756 0.000381925 0.016947 0.0422333 0.102919 0.0335637 0.000448217 
0.182077 0.357437 0.0367419 0.0005333 0.0325314 0.00513963 0.00533614 0.0662444 0.232988 0.0809701 1.18722e-10 
0.00779893 0.92171 0.0195321 0.00190748 2.85786e-05 0.0229059 0.0104575 0.00965443 0.00301166 0.00142876 0.00156494 
0.0377426 0.337159 0.0799071 3.52058e-07 1.59804e-06 5.33512e-07 0.00175289 0.212531 1.91897e-06 0.330902 5.37957e-07 
0.00779893 0.92171 0.0195321 0.00190748 2.85786e-05 0.0229059 0.0104575 0.00965443 0.00301166 0.00142876 0.00156494 
0.283567 0.29882 0.0362935 5.89661e-05 0.00655239 0.00627323 0.00216521 0.0416259 0.243009 0.081579 5.67114e-05 
0.199898 0.348583 0.097497 0.0249327 0.143968 0.00321723 0.0483993 0.0451963 0.078046 0.0098661 0.000397204 
0.144417 0.341997 0.169824 1.08167e-07 0.0679919 0.00232756 0.000923424 0.0442754 0.186684 0.0415583 5.48953e-07 
0.0672517 0.517457 0.0490488 0.0828202 0.0448878 0.00189196 0.0616123 0.0343387 0.0681624 0.0725144 1.43422e-05 
0.0350961 0.75843 0.0797438 0.0447068 0.00032296 0.00130152 0.0518461 0.0097621 0.0114136 0.00597479 0.00140266 
0.0271818 0.560191 0.0297309 0.0843714 0.0202124 0.000793357 0.0750523 0.0321991 0.160848 0.00925809 0.000161777 
0.0669794 0.3066 0.00910484 0.00154058 0.0887229 0.00714661 0.0316474 0.088383 0.270313 0.11885 0.0107127 
0.170023 0.246851 0.0120491 0.0107849 0.00848358 0.000211078 0.127806 0.00943701 0.240716 0.173499 0.000138835 
0.00779893 0.92171 0.0195321 0.00190748 2.85786e-05 0.0229059 0.0104575 0.00965443 0.00301166 0.00142876 0.00156494 
0.0237198 0.481064 0.0359821 0.031238 0.00777275 0.00254219 0.0201166 0.00429045 0.354337 0.0383041 0.000632815 
0.00293409 0.960269 0.00450269 0.00248922 0.0049966 4.08246e-07 0.000390696 0.00817977 0.0125075 0.00146295 0.0022673 
0.0439321 0.553253 0.0186047 6.20061e-06 0.0214814 4.85226e-05 0.000929818 0.0213569 0.161574 0.178796 1.78959e-05 
0.173828 0.734416 0.00107812 2.30583e-05 5.27876e-05 0.00161894 0.000466587 0.0043869 0.0777124 0.00497957 0.00143761 
0.0136517 0.595168 0.0744973 0.00375973 0.0620678 0.0676826 0.0088188 0.0703836 0.0265021 0.0768786 0.000589879 
0.0333267 0.438603 0.0247923 0.00838705 0.0115401 0.000347987 0.0432113 0.228174 0.136525 0.0748116 0.000281042 
0.0323358 0.700552 0.00575384 0.0229881 0.00547944 0.000828311 0.00243793 0.00208257 0.209058 0.0184731 1.03413e-05 
0.0350961 0.75843 0.0797438 0.0447068 0.00032296 0.00130152 0.0518461 0.0097621 0.0114136 0.00597479 0.00140266 
0.00779893 0.92171 0.0195321 0.00190748 2.85786e-05 0.0229059 0.0104575 0.00965443 0.00301166 0.00142876 0.00156494 
0.00779893 0.92171 0.0195321 0.00190748 2.85786e-05 0.0229059 0.0104575 0.00965443 0.00301166 0.00142876 0.00156494 
0.107921 0.466839 0.0345487 0.00180504 0.0125762 0.00347899 0.0123108 0.031373 0.291717 0.0374214 9.37192e-06 
0.00292596 0.761833 0.00211554 0.00212181 0.0466741 1.39171e-09 0.00071705 0.000639576 0.0596118 0.123348 1.32445e-05 
0.0767488 0.525597 0.0390394 0.00369169 0.0048176 0.00218769 0.00617486 0.0220794 0.269479 0.0501044 7.96301e-05 
0.0507159 0.664486 0.0698267 0.0141273 0.0158089 0.000883985 0.0448665 0.0775256 0.037158 0.0231673 0.00143373 
0.00779893 0.92171 0.0195321 0.00190748 2.85786e-05 0.0229059 0.0104575 0.00965443 0.00301166 0.00142876 0.00156494 
0.114701 0.399061 0.0417964 0.0153763 0.0408951 0.001622 0.011587 0.0148152 0.304964 0.0545779 0.000604077 
0.103273 0.682023 0.000224241 3.65182e-06 0.000781771 2.96708e-07 5.2841e-06 7.26338e-05 0.19728 0.0163359 5.14977e-07 
0.207835 0.453949 0.0403974 0.0361091 0.00239539 0.00554195 0.00102741 0.00450479 0.193235 0.0546105 0.00039474 
0.0618996 0.786934 0.0163534 0.0228631 0.0051063 0.00107017 0.00227521 0.0307578 0.0449847 0.0244431 0.00331279 
0.0092856 0.381001 0.0350306 0.080681 0.0034891 0.000955586 0.0207239 0.300381 0.101419 0.0667959 0.000237818 
0.0577131 0.410271 0.129197 0.289458 0.000426957 0.000249162 0.00326309 0.0596515 0.0435515 0.00621781 2.67347e-08 
0.00779893 0.92171 0.0195321 0.00190748 2.85786e-05 0.0229059 0.0104575 0.00965443 0.00301166 0.00142876 0.00156494 
0.10627 0.313877 0.308853 0.0107796 0.0318457 0.00364007 0.0769699 0.0873351 0.0450358 0.0124361 0.00295753 
0.00779893 0.92171 0.0195321 0.00190748 2.85786e-05 0.0229059 0.0104575 0.00965443 0.00301166 0.00142876 0.00156494 
0.0822316 0.521801 0.119731 0.0536248 0.0095621 0.00157692 0.0334503 0.0253919 0.113974 0.0378131 0.000844212 
0.00779893 0.92171 0.0195321 0.00190748 2.85786e-05 0.0229059 0.0104575 0.00965443 0.00301166 0.00142876 0.00156494 
0.0101724 0.925141 0.000141296 0.000138543 0.00430083 5.03529e-08 1.9318e-06 4.46535e-05 0.0413273 0.0186513 8.10077e-05 
0.0613636 0.401839 0.0800399 0.00177917 0.00858502 0.00094516 0.00508003 0.00507906 0.271167 0.151751 0.0123715 
0.0171005 0.340189 0.132284 2.24495e-05 0.0502764 0.00644387 0.0127884 0.152193 0.265267 0.022677 0.000759112 
0.0253521 0.484849 0.00211119 0.370476 0.00407987 0.000965882 5.20183e-05 0.0412788 0.0662676 0.00455303 1.44148e-05 
0.0482804 0.591542 0.0645857 0.120452 0.0040867 0.00152602 0.00726326 0.101358 0.0472721 0.00906791 0.00456539 
0.00723292 0.788074 0.106994 0.00118755 0.000956413 0.0233288 0.00797297 0.0491816 0.0108448 0.0008894 0.00333772 
0.19832 0.323652 0.0149102 0.000874769 0.084093 0.000750272 0.0012208 0.199348 0.00689633 0.169889 4.64225e-05 
0.0288547 0.625894 0.0105914 0.0577984 0.0219427 0.00106735 5.86448e-06 0.0496427 0.166516 0.0341605 0.00352551 
0.0933572 0.558977 0.0478214 0.034801 0.00307115 0.00118757 0.107827 0.0112462 0.0812447 0.059335 0.00113235 
0.0141818 0.618828 0.0297726 1.0714e-05 0.0179087 0.000486554 0.000137997 0.13207 0.164086 0.0221055 0.000411866 
0.00779893 0.92171 0.0195321 0.00190748 2.85786e-05 0.0229059 0.0104575 0.00965443 0.00301166 0.00142876 0.00156494 
0.0586808 0.646138 0.00474863 2.13967e-05 0.00218912 0.000327391 0.00175127 0.002178 0.217035 0.0667854 0.000145434 
0.0244637 0.881542 0.0313095 0.000392445 0.000450302 0.0055281 0.000102287 0.0284764 0.0135006 0.00184407 0.0123906 
0.0137016 0.782237 0.0107728 0.000742034 0.00969054 2.23173e-06 0.000181085 0.0640365 0.0277452 0.0908902 1.25805e-06 
0.0551584 0.570432 0.0336929 0.0214985 0.058491 0.00230726 0.00040841 0.00378994 0.221248 0.0314283 0.00154455 
0.0092856 0.381001 0.0350306 0.080681 0.0034891 0.000955586 0.0207239 0.300381 0.101419 0.0667959 0.000237818 
0.00782158 0.531574 0.00682418 3.67157e-06 0.0152752 4.92078e-05 0.00216905 0.00376073 0.407539 0.024972 1.16674e-05 
0.0278513 0.452916 0.0730133 0.0456803 0.0329246 0.0020691 0.143016 0.00653925 0.194393 0.0214305 0.0001669 
0.0549234 0.536739 0.0249217 0.116345 0.0113466 0.00049211 0.0291167 0.0296049 0.160275 0.0357439 0.000492059 
0.000377742 0.830683 0.00556537 1.73589e-06 0.00370837 0.0214352 6.36779e-06 0.0521199 0.085433 0.000669581 7.61068e-08 
0.160983 0.396974 0.037069 0.0123986 0.0179674 0.000181852 0.0196978 0.0482588 0.191652 0.112495 0.00232273 
0.119064 0.580936 0.0193269 0.146729 0.0107487 0.00532673 0.00544649 0.0298368 0.0372985 0.0412895 0.00399776 
0.0697005 0.407074 0.0290636 0.00289727 0.156163 0.0102762 0.00182598 0.0105352 0.155119 0.15727 7.41309e-05 
0.0503676 0.79252 0.000666672 0.0481888 0.0115417 6.0725e-06 0.00131592 0.000225406 0.0605341 0.0345871 4.67517e-05 
0.135111 0.368797 0.0724775 2.43852e-05 0.0722025 0.0134082 0.0073998 0.0115877 0.162837 0.104574 0.0515815 
0.0256929 0.623581 0.0138898 0.000519176 0.0251153 0.00258682 0.00893871 0.00298716 0.29187 0.00451652 0.000302651 
0.0350961 0.75843 0.0797438 0.0447068 0.00032296 0.00130152 0.0518461 0.0097621 0.0114136 0.00597479 0.00140266 
0.0479974 0.448338 0.0356938 0.000707332 0.00632888 0.00171244 0.00276438 0.157811 0.294812 0.00362295 0.000210847 
0.0455866 0.67498 0.0122606 0.117792 0.00159573 0.00859842 0.00516971 0.025512 0.0290983 0.00702605 0.0723799 
0.11268 0.776179 0.00177568 0.013279 0.00289544 0.00217221 9.68404e-05 0.0116286 0.0718298 0.0074631 5.08398e-07 
0.00830925 0.338464 0.00948578 1.25113e-05 0.0142587 9.6604e-05 0.253845 0.000558061 0.30637 0.0684899 0.000110573 
0.112015 0.545274 0.133495 0.0763254 0.000271984 0.0046567 0.025422 0.0579288 0.0223363 0.0195559 0.00271883 
0.00592584 0.904809 0.000511456 0.0114381 0.000560394 1.20408e-05 4.01456e-08 0.00351481 0.0613464 0.0111595 0.000722324 
0.0396628 0.673784 0.0192953 0.0251429 0.00995064 0.00112699 0.0107801 0.061984 0.0872831 0.0709861 4.4801e-06 
0.000601647 0.724145 0.000273835 3.19075e-06 0.000586572 7.05921e-09 4.91321e-06 0.000354148 0.272682 0.0013484 2.21585e-09 
0.0559185 0.434427 0.0672951 0.0202891 0.0225357 0.00114249 0.00359019 0.0585954 0.0927011 0.2435 5.80679e-06 
0.159353 0.317113 0.112333 0.00907595 0.0476762 2.39387e-05 0.00657332 0.000798189 0.0262247 0.015006 0.305822 
0.0680706 0.481832 0.0581318 0.027785 0.015011 0.000143567 0.00152649 0.214761 0.0769676 0.0557387 3.17936e-05 
0.000550288 0.64698 0.00598621 0.000225216 0.00212546 0.00996881 0.000101329 0.260872 0.072794 0.000393654 2.92301e-06 
0.0939832 0.360421 0.00336295 0.0139816 0.0733853 0.000371454 0.00270321 0.118947 0.0779224 0.253945 0.0009774 
0.13605 0.473404 1.36039e-05 1.36011e-05 0.0476194 1.35989e-05 1.36023e-05 0.0176961 0.302025 0.0231382 1.35944e-05 
0.263767 0.330278 0.100234 0.00576867 0.0327789 0.0349506 0.00638741 0.100949 0.0507932 0.0730504 0.0010436 
0.00132802 0.942128 0.0289148 2.82541e-05 0.0151621 2.2096e-06 0.00248164 0.00656798 0.00225056 0.00106894 6.80036e-05 
0.0365175 0.469013 0.00389365 0.000359374 0.0167927 8.57447e-06 0.000325421 0.000706855 0.44031 0.0320307 4.28677e-05 
0.00779893 0.92171 0.0195321 0.00190748 2.85786e-05 0.0229059 0.0104575 0.00965443 0.00301166 0.00142876 0.00156494 
0.0123609 0.649981 0.0178674 0.0103786 0.00108319 0.00116952 0.0207944 0.00562948 0.23676 0.0439198 5.51464e-05 
0.0182754 0.838274 0.00504769 5.4857e-06 0.00419444 0.000218284 0.00277734 0.00773446 0.0426406 0.080806 2.60742e-05 
0.0323358 0.700552 0.00575384 0.0229881 0.00547944 0.000828311 0.00243793 0.00208257 0.209058 0.0184731 1.03413e-05 
0.249943 0.517386 0.0191978 0.00995301 0.022634 0.00014351 0.00220279 0.0284225 0.117249 0.0326093 0.000258497 
0.0380618 0.483283 0.011364 0.0142444 0.0311029 0.000418794 0.000192982 0.348825 0.0604092 0.0120931 4.78382e-06 
0.00779893 0.92171 0.0195321 0.00190748 2.85786e-05 0.0229059 0.0104575 0.00965443 0.00301166 0.00142876 0.00156494 
0.0364174 0.397948 0.100454 0.0103668 0.0432573 0.00926337 0.0310907 0.0644266 0.258185 0.0476421 0.00094853 
