0.0459219 0.316857 0.00985326 0.234127 0.00398374 0.000589277 0.00765211 0.153697 0.199623 0.0276702 2.5879e-05 
0.0616162 0.460503 0.0224647 0.182008 0.00324909 0.000137353 0.0231464 0.041898 0.185511 0.0168068 0.00265997 
0.019169 0.462388 0.204962 0.00435971 0.0322167 0.0330886 1.7359e-06 0.0154029 0.219289 0.00898633 0.000136324 
0.00779893 0.92171 0.0195321 0.00190748 2.85786e-05 0.0229059 0.0104575 0.00965443 0.00301166 0.00142876 0.00156494 
0.0231042 0.509176 0.0158638 0.00542747 0.0127139 5.91496e-05 0.00504522 0.0707802 0.254238 0.0986427 0.00494914 
0.00779893 0.92171 0.0195321 0.00190748 2.85786e-05 0.0229059 0.0104575 0.00965443 0.00301166 0.00142876 0.00156494 
0.0301466 0.452746 0.116765 0.00117268 0.0573333 0.00490852 0.00934793 0.233563 0.0514523 0.0425581 6.41976e-06 
0.256005 0.421478 0.0944509 0.000338973 0.0246662 0.0069462 0.00466917 0.0678498 0.0840295 0.0337599 0.00580601 
0.123157 0.585069 0.0319147 0.105636 0.00274057 0.0025045 0.0109478 0.0247954 0.0960324 0.0156243 0.00157819 
0.122837 0.29318 0.11765 0.00122218 0.0202952 0.193209 0.00406478 0.0830414 0.134324 0.0301685 6.82102e-06 
0.00779893 0.92171 0.0195321 0.00190748 2.85786e-05 0.0229059 0.0104575 0.00965443 0.00301166 0.00142876 0.00156494 
0.00417963 0.863799 0.00648203 0.000830459 0.00642077 0.0023625 2.94068e-05 0.00760293 0.105851 0.0024416 4.74654e-07 
0.0915244 0.682248 0.0216558 0.00241272 0.0202034 0.0006328 0.00275643 0.00701291 0.070555 0.100073 0.000924842 
0.0351222 0.845195 0.00113557 1.1311e-07 0.00535633 3.00808e-06 0.000493764 0.000201657 0.0722349 0.0297248 0.0105322 
0.0257806 0.423581 0.244922 0.0269171 0.0212854 0.00115402 0.00844378 0.0599924 0.139543 0.047351 0.00103001 
0.0102946 0.554201 0.00266482 4.15336e-06 0.00388227 0.000409597 0.000207519 0.279225 0.0185478 0.130404 0.00015875 
0.11307 0.353842 0.0410709 0.0346072 0.00315307 5.7257e-06 0.02579 0.00338875 0.337113 0.0262552 0.061705 
0.232887 0.377527 0.0528392 0.0221449 0.00350957 0.0257155 0.0291045 0.0174018 0.194192 0.0441935 0.000485279 
0.388542 0.517234 0.0032592 0.0260833 0.0201136 0.0173384 0.00341092 0.00170594 0.0103242 0.0113763 0.000611397 
0.23058 0.456749 0.0645328 0.00343301 0.00278257 0.000544833 0.000615711 0.0921129 0.116369 0.0202461 0.0120334 
0.0318493 0.242003 0.0556921 0.0736821 0.190788 0.00583016 0.00837469 0.220912 0.114975 0.0554794 0.000414597 
0.111822 0.442127 0.0105402 0.0500044 0.00937231 5.0943e-06 0.00387914 0.0331084 0.208925 0.127331 0.00288462 
0.223703 0.392452 0.0386239 0.0510985 0.00297162 0.0248689 6.8004e-05 0.203553 0.051814 0.0103605 0.000486902 
0.0282185 0.492765 0.00722945 1.10242e-05 0.000549614 0.00100377 0.000407023 0.00107982 0.451293 0.0172103 0.000232682 
0.161199 0.336222 0.0624818 0.134335 0.019142 0.00613281 0.0275463 0.0354959 0.124492 0.0922049 0.000748129 
0.0218309 0.64162 0.0279425 0.0294405 0.0228515 5.03301e-05 4.19782e-06 0.165612 0.0864356 0.00389885 0.000313286 
0.00340709 0.896903 0.00795937 0.000823188 0.00159964 0.000406443 0.0160872 0.00746457 0.0483031 0.0169803 6.61696e-05 
0.054107 0.243119 0.0218638 0.001523 0.00904873 0.0233222 0.0253503 0.229588 0.184984 0.205825 0.00126915 
0.00779893 0.92171 0.0195321 0.00190748 2.85786e-05 0.0229059 0.0104575 0.00965443 0.00301166 0.00142876 0.00156494 
0.0128376 0.288027 0.281489 0.00119357 0.000155082 0.00469247 0.173211 0.0537721 0.156004 0.0276231 0.000993958 
0.0358295 0.605093 0.00854953 0.00172071 0.0154218 2.17411e-05 0.00240441 0.000929673 0.12733 0.202664 3.54773e-05 
0.123157 0.585069 0.0319147 0.105636 0.00274057 0.0025045 0.0109478 0.0247954 0.0960324 0.0156243 0.00157819 
0.0556856 0.626957 0.0334323 0.00727761 0.00423808 0.0546481 0.000121849 0.0954387 0.0782662 0.0431558 0.000778984 
0.00779893 0.92171 0.0195321 0.00190748 2.85786e-05 0.0229059 0.0104575 0.00965443 0.00301166 0.00142876 0.00156494 
0.168292 0.391083 0.124395 0.00116598 0.0151025 0.0108169 0.0500702 0.0263749 0.193754 0.0099002 0.00904589 
0.000976509 0.870041 0.00269846 0.0358859 0.0168617 0.000525596 1.18803e-07 0.00297232 0.0626296 0.00740651 1.97041e-06 
0.123336 0.333675 0.0299462 0.012303 1.48217e-06 0.00563257 1.48224e-06 0.177421 0.242232 0.0754501 1.48138e-06 
0.0621607 0.525582 0.035775 0.00547817 0.121547 0.000524365 0.000966982 0.0378784 0.167104 0.039388 0.00359545 
0.00192519 0.781616 0.00251531 0.00140592 0.000593235 0.001315 9.01158e-05 0.191308 0.00166225 0.0171154 0.000453729 
0.0644905 0.482366 0.139195 0.0377572 0.000177086 0.00237217 0.0322735 0.152701 0.0113615 0.05084 0.0264666 
0.111531 0.3683 0.0635716 0.00227184 0.0196881 0.0200502 0.0432025 0.15599 0.199849 0.0111112 0.0044348 
0.0853126 0.491669 0.117452 0.00538167 0.0294012 0.000227796 0.00293649 0.0231467 0.0670219 0.176455 0.000995387 
0.132436 0.516519 0.0348845 0.00625986 0.14324 0.00129631 0.000421754 0.0265332 0.119969 0.0184278 1.30457e-05 
0.1382 0.641438 0.0589801 0.000818972 0.0034491 1.35813e-05 0.000209804 0.00855795 0.105386 0.0429467 4.04121e-09 
0.0569986 0.6469 0.153505 0.000216556 0.00212229 0.00254801 0.00687894 0.0323956 0.0484402 0.0498878 0.000106377 
0.0881083 0.374013 0.0872357 0.0226557 0.00704932 0.0128558 0.0113575 0.16981 0.181963 0.0447861 0.000165142 
0.251611 0.42763 0.0267888 0.0121077 0.00331547 0.000526533 0.00318449 0.0452748 0.141084 0.0378551 0.0506221 
0.00779893 0.92171 0.0195321 0.00190748 2.85786e-05 0.0229059 0.0104575 0.00965443 0.00301166 0.00142876 0.00156494 
0.0214111 0.432202 0.103472 0.00171595 0.00165548 0.00159061 0.0139444 0.196661 0.0955651 0.131781 2.98431e-07 
0.00779893 0.92171 0.0195321 0.00190748 2.85786e-05 0.0229059 0.0104575 0.00965443 0.00301166 0.00142876 0.00156494 
0.0618996 0.786934 0.0163534 0.0228631 0.0051063 0.00107017 0.00227521 0.0307578 0.0449847 0.0244431 0.00331279 
0.19832 0.323652 0.0149102 0.000874769 0.084093 0.000750272 0.0012208 0.199348 0.00689633 0.169889 4.64225e-05 
0.100891 0.531527 0.0369743 0.00628247 0.00111246 0.00397 0.0217148 0.0894679 0.185789 0.0222486 2.19262e-05 
0.00779893 0.92171 0.0195321 0.00190748 2.85786e-05 0.0229059 0.0104575 0.00965443 0.00301166 0.00142876 0.00156494 
0.0667715 0.80164 0.0138522 0.000843441 0.0108142 0.00107237 0.0023043 0.023733 0.0727323 0.00621497 2.2133e-05 
0.0507196 0.391198 0.0271145 3.26521e-05 0.000682435 0.144347 4.47323e-06 0.0121853 0.372684 0.00103184 1.05204e-07 
0.0518694 0.637275 0.0384353 0.00502974 0.00147193 0.01108 0.00548099 0.0619102 0.075601 0.11123 0.000616823 
0.0350961 0.75843 0.0797438 0.0447068 0.00032296 0.00130152 0.0518461 0.0097621 0.0114136 0.00597479 0.00140266 
0.00779893 0.92171 0.0195321 0.00190748 2.85786e-05 0.0229059 0.0104575 0.00965443 0.00301166 0.00142876 0.00156494 
0.0527966 0.4041 0.0655142 0.0221359 0.0692476 0.0011806 0.0104871 0.0113335 0.23504 0.128059 0.000106179 
0.0720857 0.278358 0.190684 0.000741842 0.000612249 0.241895 0.0153077 0.0404007 0.114316 0.0455731 2.6113e-05 
0.00242357 0.95133 0.0191599 3.99914e-05 0.00426286 0.00201461 1.83686e-05 0.00711522 0.0124785 0.00111608 4.0543e-05 
0.0523132 0.400612 0.0319881 4.99204e-05 0.00846325 0.0054918 0.0366543 0.0475224 0.379827 0.0366379 0.000439467 
0.0358295 0.605093 0.00854953 0.00172071 0.0154218 2.17411e-05 0.00240441 0.000929673 0.12733 0.202664 3.54773e-05 
0.00137259 0.957274 3.35479e-06 0.0239614 0.000469644 4.43297e-07 4.67136e-06 5.46956e-05 0.0131015 0.00375685 5.55552e-07 
0.00779893 0.92171 0.0195321 0.00190748 2.85786e-05 0.0229059 0.0104575 0.00965443 0.00301166 0.00142876 0.00156494 
0.00779893 0.92171 0.0195321 0.00190748 2.85786e-05 0.0229059 0.0104575 0.00965443 0.00301166 0.00142876 0.00156494 
0.200691 0.644992 0.00350716 0.0798775 0.0024774 9.51798e-05 0.00342035 0.0307102 0.0167122 0.0162719 0.00124506 
0.00288514 0.83774 0.00215068 0.00015893 0.00888668 0.000227158 0.000650626 0.00517858 0.0749633 0.0466559 0.0205025 
0.203654 0.370372 0.0142866 0.00511984 0.00615871 0.00509567 0.00976192 0.0279394 0.265661 0.091896 5.38943e-05 
0.0939832 0.360421 0.00336295 0.0139816 0.0733853 0.000371454 0.00270321 0.118947 0.0779224 0.253945 0.0009774 
0.0350961 0.75843 0.0797438 0.0447068 0.00032296 0.00130152 0.0518461 0.0097621 0.0114136 0.00597479 0.00140266 
0.0466236 0.348895 0.0664873 0.00408687 0.172627 0.0083834 0.00190772 0.0132727 0.261413 0.0721572 0.00414629 
0.0111418 0.778942 0.0867089 0.000125303 0.00221315 0.00030931 8.18999e-05 0.019029 0.091354 0.00987131 0.000223364 
0.00779893 0.92171 0.0195321 0.00190748 2.85786e-05 0.0229059 0.0104575 0.00965443 0.00301166 0.00142876 0.00156494 
0.0767556 0.466861 0.0589207 0.100781 0.0123783 0.0120985 0.0216261 0.110076 0.0864597 0.0540288 1.39141e-05 
0.117182 0.697122 0.0212264 0.000419981 0.0118546 0.00113019 3.21707e-05 0.0174451 0.082542 0.0510461 2.35405e-09 
0.0527342 0.610396 0.0412321 0.00014612 0.0155116 0.0561238 0.025351 0.0212086 0.163072 0.014199 2.57568e-05 
0.0939832 0.360421 0.00336295 0.0139816 0.0733853 0.000371454 0.00270321 0.118947 0.0779224 0.253945 0.0009774 
0.138061 0.306208 0.0617827 0.000169149 0.130668 0.0333358 0.00931297 0.0215512 0.165421 0.133222 0.000267393 
0.23669 0.331261 0.000895334 0.0614282 0.0308081 7.65019e-06 6.63654e-05 4.77979e-05 0.302587 0.0362046 4.27235e-06 
0.0660337 0.725352 0.00329907 0.00970918 0.00247101 0.0861694 8.80083e-05 0.00751598 0.0811728 0.0181873 1.62635e-06 
0.0452429 0.35796 0.120311 0.000117814 0.0775146 0.00509476 0.0179474 0.141936 0.178608 0.0551149 0.000152458 
0.0679715 0.304706 0.223991 0.071787 0.0303449 0.0246828 0.0262831 0.071648 0.158469 0.0199317 0.000185498 
0.00779893 0.92171 0.0195321 0.00190748 2.85786e-05 0.0229059 0.0104575 0.00965443 0.00301166 0.00142876 0.00156494 
0.0995538 0.559263 0.0135324 1.59166e-05 0.0225472 0.000607053 0.0486129 0.0039603 0.187315 0.0645876 4.94091e-06 
0.0617811 0.294819 0.12325 3.05766e-05 0.128092 0.000655257 0.0144858 0.176002 0.190496 0.0102128 0.00017571 
0.10789 0.203982 0.1083 0.000326544 0.114865 0.00066126 0.000216977 0.0403689 0.158408 0.197116 0.0678648 
0.0999824 0.409049 0.0108832 0.0503482 0.0474889 0.000390606 0.019379 0.0249309 0.233211 0.104115 0.00022159 
0.0407748 0.432819 0.0309043 0.000122023 0.00533199 0.0706294 0.000699689 0.0380405 0.363959 0.0166992 1.98368e-05 
0.128686 0.249245 0.168558 0.000141192 0.191479 0.0273006 8.93495e-05 0.020187 0.183638 0.00215588 0.0285193 
0.0212902 0.549679 0.0372905 0.000219815 0.00728057 0.00658122 0.0178721 0.0910223 0.254637 0.0141009 2.65396e-05 
0.0287626 0.793205 0.0011828 0.000130579 0.00912819 0.000508345 9.42103e-05 0.0211642 0.0802049 0.0653315 0.000287347 
0.0158864 0.66799 0.12597 5.83264e-05 0.00510607 0.000697063 0.00230662 0.0350562 0.136487 0.0104215 2.0618e-05 
0.192517 0.365203 0.0579184 0.00505256 0.00187221 0.00351022 0.0478267 0.033115 0.279873 0.0130113 0.000100906 
0.122675 0.621276 0.0186927 0.0167177 0.028982 0.026803 0.0037551 0.0311214 0.123526 0.00640445 4.66653e-05 
0.139178 0.458942 0.0111387 0.000371409 0.0100101 0.17461 4.09756e-05 0.00779934 0.196429 0.00142896 5.09343e-05 
0.0618996 0.786934 0.0163534 0.0228631 0.0051063 0.00107017 0.00227521 0.0307578 0.0449847 0.0244431 0.00331279 
0.00779893 0.92171 0.0195321 0.00190748 2.85786e-05 0.0229059 0.0104575 0.00965443 0.00301166 0.00142876 0.00156494 
0.05973 0.681975 0.00352836 0.0127532 0.0149927 0.00253534 0.000467434 0.0182681 0.183962 0.0217859 2.52772e-06 
0.033248 0.312736 0.110577 4.14847e-05 0.00357943 0.0578619 0.00644401 0.0381576 0.300494 0.136055 0.000805028 
0.00779893 0.92171 0.0195321 0.00190748 2.85786e-05 0.0229059 0.0104575 0.00965443 0.00301166 0.00142876 0.00156494 
0.00779893 0.92171 0.0195321 0.00190748 2.85786e-05 0.0229059 0.0104575 0.00965443 0.00301166 0.00142876 0.00156494 
0.157224 0.318697 0.0238943 0.00550632 0.0196627 0.0121201 0.0102988 0.0416309 0.299928 0.111003 3.46277e-05 
0.00627662 0.593154 0.000295012 0.000849747 0.0113416 5.10792e-07 1.25776e-05 0.000533939 0.367749 0.0197702 1.66912e-05 
0.0010869 0.985255 0.000487955 3.78781e-08 6.97212e-05 5.21045e-07 5.29952e-07 4.8518e-05 0.0125786 0.000471726 9.56749e-07 
0.0703727 0.727439 0.00191416 0.000493227 0.000622924 8.04025e-10 0.117222 0.0654876 0.00660486 0.00983748 5.71531e-06 
0.223912 0.293312 0.00986826 0.0161058 0.00720764 0.0179369 0.0019348 0.0179486 0.238294 0.172751 0.000728628 
0.0445748 0.460774 0.0457204 0.000397216 0.009667 0.00245529 0.000605924 0.00272142 0.377861 0.0530834 0.00213983 
0.11268 0.776179 0.00177568 0.013279 0.00289544 0.00217221 9.68404e-05 0.0116286 0.0718298 0.0074631 5.08398e-07 
0.359571 0.360813 0.0394182 0.0110965 0.00697558 0.000751723 0.00589414 0.0851074 0.0597421 0.0705573 7.36741e-05 
0.0280699 0.412323 0.0637033 1.73702e-06 0.305826 1.98866e-05 5.49936e-06 0.0335707 0.145622 0.0108463 1.16482e-05 
0.00779893 0.92171 0.0195321 0.00190748 2.85786e-05 0.0229059 0.0104575 0.00965443 0.00301166 0.00142876 0.00156494 
0.0464069 0.369812 0.164069 0.00132042 0.119877 0.00379867 0.00701181 0.0369462 0.197959 0.0495898 0.00320983 
0.0136741 0.741079 0.0430323 0.000530848 0.076677 0.000819481 0.0092481 0.0473796 0.00246048 0.0649013 0.000197251 
0.0135141 0.559085 0.109498 0.143092 0.00050958 0.00763463 0.0793319 0.0855924 0.000546468 3.39091e-07 0.00119558 
0.0444391 0.268299 0.113297 4.92518e-05 0.00053282 0.0010615 0.0168738 0.185646 0.19383 0.175961 1.15392e-05 
0.00779893 0.92171 0.0195321 0.00190748 2.85786e-05 0.0229059 0.0104575 0.00965443 0.00301166 0.00142876 0.00156494 
0.0150822 0.504621 0.0138439 0.00353194 0.0851582 0.000235582 0.00175795 0.00257242 0.336029 0.00288619 0.0342822 
0.00779893 0.92171 0.0195321 0.00190748 2.85786e-05 0.0229059 0.0104575 0.00965443 0.00301166 0.00142876 0.00156494 
0.0782499 0.628934 0.0346976 5.69917e-05 0.192262 0.0106727 2.16221e-06 0.00361369 0.0429997 0.00850434 6.66115e-06 
0.0935023 0.330437 0.158403 0.294745 0.00804555 0.00101277 0.0384148 0.0146568 0.0283979 0.0286142 0.00377123 
0.341268 0.43106 0.0173108 0.0324663 0.00664183 0.000900563 0.00495033 0.00784246 0.141536 0.0159064 0.000117722 
0.00474054 0.803778 0.0363715 1.24376e-05 0.0459056 0.000982413 0.000274302 0.0876806 0.00322525 0.015635 0.00139451 
0.00242472 0.840152 0.0202168 0.0117519 5.23934e-06 0.00351822 0.000567244 0.105402 0.00719814 0.00876364 1.14182e-09 
0.0595728 0.558387 0.00836066 0.0211169 0.00653805 2.96088e-05 0.00155988 0.0024309 0.283571 0.0566693 0.00176379 
0.0219154 0.643508 0.00705372 0.0454467 0.045375 0.00428879 9.68786e-06 0.025898 0.201848 0.00464587 1.05244e-05 
0.0135141 0.559085 0.109498 0.143092 0.00050958 0.00763463 0.0793319 0.0855924 0.000546468 3.39091e-07 0.00119558 
0.11268 0.776179 0.00177568 0.013279 0.00289544 0.00217221 9.68404e-05 0.0116286 0.0718298 0.0074631 5.08398e-07 
0.0644406 0.413726 0.0691218 0.321768 0.00193165 0.00148352 0.0686901 0.0142719 0.0302074 0.0124449 0.00191427 
0.021541 0.587139 0.000265778 1.77691e-06 0.0264969 1.00559e-07 0.000175034 0.000183114 0.350926 0.0132704 1.22526e-07 
0.00779893 0.92171 0.0195321 0.00190748 2.85786e-05 0.0229059 0.0104575 0.00965443 0.00301166 0.00142876 0.00156494 
0.00972198 0.630537 0.0299016 1.23868e-05 0.00031112 0.000881863 0.000440947 0.125767 0.198809 0.00361759 2.87424e-07 
0.169281 0.525015 0.0963525 0.00026065 0.00704248 0.00157222 0.000308518 0.00116065 0.194169 0.00467772 0.000160614 
0.0490096 0.579473 0.0553415 0.143009 0.00179367 0.00927573 0.0474305 0.0581843 0.0472213 0.00757929 0.0016816 
0.00779893 0.92171 0.0195321 0.00190748 2.85786e-05 0.0229059 0.0104575 0.00965443 0.00301166 0.00142876 0.00156494 
0.00625953 0.700824 0.0247313 0.0218794 0.0531684 0.00399204 0.0094263 0.0195929 0.150864 0.00897398 0.0002879 
0.0615613 0.743739 0.0304969 0.00020817 0.00592823 0.000465987 1.25676e-05 0.00299805 0.102798 0.0513128 0.000478326 
0.00449465 0.786657 1.82948e-05 0.000187883 0.0158834 1.11386e-05 1.06487e-05 0.0866179 0.0816962 0.024422 9.09084e-07 
0.124269 0.676816 0.015023 0.019881 0.0177465 0.00107774 0.00252348 0.0548288 0.0306989 0.0560159 0.00111982 
0.0384602 0.824162 0.0225786 0.0387336 0.000834471 0.00108295 0.000103666 0.0213722 0.0471345 0.00497479 0.000562575 
0.00407215 0.654345 0.000613272 7.5154e-07 0.00349663 1.92114e-06 8.39195e-05 3.02472e-05 0.306056 0.0312956 4.00056e-06 
0.019807 0.431121 0.0233399 0.201282 0.000648866 0.00139057 0.00347238 0.247406 0.0394309 0.0318583 0.000243547 
0.0248292 0.698606 0.0211255 0.00565515 0.018879 0.00251708 0.00186206 0.0233944 0.167667 0.0346043 0.000860263 
0.249943 0.517386 0.0191978 0.00995301 0.022634 0.00014351 0.00220279 0.0284225 0.117249 0.0326093 0.000258497 
0.091197 0.51921 0.0675362 0.046337 0.00431727 2.94446e-05 0.00204125 0.12039 0.0712616 0.0772445 0.00043596 
0.134187 0.247927 0.182555 0.000254998 0.0975745 0.00152808 0.0129305 0.0714814 0.0697446 0.181338 0.000478012 
0.126615 0.457344 0.143784 0.0295612 0.0623216 0.00537028 0.0117805 0.0243703 0.110221 0.0280047 0.000628308 
0.251105 0.34139 0.0207593 0.00231102 0.111334 0.00212191 0.000397306 0.0159629 0.2101 0.0445186 1.62095e-07 
0.05805 0.770458 0.024796 0.036928 0.000557468 0.00215369 0.00130133 0.0138291 0.0531664 0.0341139 0.00464613 
0.0079 0.851123 0.00466431 0.0207783 0.0084166 0.000375716 0.0068475 0.0388263 0.0357997 0.0248058 0.00046262 
0.0045263 0.57529 0.0761848 8.57026e-06 0.0437333 0.0450292 3.10238e-07 0.0247814 0.223878 0.00656792 7.26932e-07 
0.0122629 0.395243 0.0579358 2.71402e-05 0.0444281 0.00880162 9.24598e-06 0.134062 0.337622 0.00960819 6.51804e-08 
0.080779 0.440782 0.042315 0.0112646 0.0421426 0.00455025 0.018696 0.111879 0.159326 0.0859509 0.00231517 
0.0260839 0.663974 0.00811471 0.0482401 0.000159548 1.30828e-06 0.00816218 0.0761138 0.154653 0.0144983 1.50544e-08 
0.0244069 0.748525 0.0364602 0.0156306 0.00297923 0.0118057 0.00806703 0.0914208 5.96043e-06 0.0606979 2.59193e-07 
0.120441 0.290834 0.040189 0.258208 0.000833295 0.05421 0.000957774 0.0669776 0.157913 0.00942201 1.40294e-05 
0.00779893 0.92171 0.0195321 0.00190748 2.85786e-05 0.0229059 0.0104575 0.00965443 0.00301166 0.00142876 0.00156494 
0.117301 0.321208 0.113381 0.000715533 0.00168966 0.0132744 0.0218679 0.0924274 0.25339 0.063688 0.00105726 
0.0135141 0.559085 0.109498 0.143092 0.00050958 0.00763463 0.0793319 0.0855924 0.000546468 3.39091e-07 0.00119558 
0.0452296 0.565659 0.0561115 0.0388589 0.0232511 0.00609715 0.0134052 0.0540944 0.167525 0.0265303 0.00323808 
0.181652 0.519084 0.0147759 0.0232189 0.00387465 0.000287641 0.00410285 0.0953649 0.0492684 0.0505182 0.0578522 
0.125567 0.520941 0.0261391 0.0632458 0.00791377 0.00424312 0.00114369 0.029774 0.138797 0.0816638 0.000571678 
0.0117834 0.262763 0.116739 0.000155599 0.190642 0.0121886 0.00835767 0.236075 0.143434 0.0178613 4.70734e-07 
0.0118329 0.579125 0.0300924 2.91027e-05 0.214156 0.000170172 0.000326385 0.000188784 0.128071 0.0358662 0.000142601 
0.0079 0.851123 0.00466431 0.0207783 0.0084166 0.000375716 0.0068475 0.0388263 0.0357997 0.0248058 0.00046262 
0.109229 0.296443 0.0692393 6.6513e-05 0.0285753 0.0844807 0.0104346 0.0162374 0.26285 0.122438 6.01495e-06 
0.122235 0.357997 0.0630993 0.00647039 0.0393067 0.00751331 0.00433355 0.0376198 0.32079 0.040363 0.000272017 
0.00779893 0.92171 0.0195321 0.00190748 2.85786e-05 0.0229059 0.0104575 0.00965443 0.00301166 0.00142876 0.00156494 
0.0360233 0.494421 0.00323077 0.0026951 0.0235561 0.00062183 0.000226208 0.00024978 0.424798 0.0135676 0.000610621 
0.0137295 0.403311 0.0719615 0.000829411 0.0192585 0.00456445 0.0481106 0.332311 0.085617 0.0202248 8.23318e-05 
0.0119668 0.913351 0.00580008 5.36316e-06 0.000104604 0.000133785 0.000119388 1.70829e-05 0.0251622 0.0433115 2.84679e-05 
0.0858916 0.61603 0.0524227 0.0178898 0.0227705 0.00246993 0.00673402 0.0828813 0.0532429 0.0596021 6.49658e-05 
0.0726551 0.393748 0.144191 0.000323068 0.00182813 0.00384117 0.0795513 0.172907 0.124995 0.00596017 1.99794e-09 
0.114156 0.314335 0.0442329 0.237249 0.00848682 0.00106693 0.0256242 0.144125 0.0678226 0.0428603 4.07841e-05 
0.00779893 0.92171 0.0195321 0.00190748 2.85786e-05 0.0229059 0.0104575 0.00965443 0.00301166 0.00142876 0.00156494 
0.00308384 0.575906 0.00475682 0.000260721 0.000967707 0.00201281 1.24416e-06 0.376681 0.00309669 0.0332269 6.26458e-06 
0.0146669 0.319709 0.0887638 0.0162556 0.0538213 0.00301277 0.000247638 0.296024 0.130363 0.0771274 8.73369e-06 
0.161469 0.277388 0.133658 0.00363194 0.110036 0.00989911 0.00614993 0.0331235 0.151849 0.112768 2.6086e-05 
0.0443866 0.842486 0.00221244 0.0195022 0.00195685 6.96757e-05 2.81595e-05 0.00266425 0.0216846 0.0414769 0.023532 
0.0572632 0.573821 0.022826 0.00152698 0.0344337 0.00227773 0.000473524 0.00943416 0.279367 0.0141116 0.00446556 
0.0544571 0.583612 0.00680318 5.71095e-05 0.00407234 0.000121625 0.00568284 0.00388122 0.231769 0.109439 0.000104193 
0.0690602 0.361957 0.043699 0.0464522 0.010826 0.00494507 0.0208153 0.0701102 0.247344 0.123817 0.000974157 
0.0951668 0.429499 0.0346098 0.0062302 0.0228653 0.00375644 0.0255701 0.0155971 0.264976 0.101558 0.000171416 
0.19832 0.323652 0.0149102 0.000874769 0.084093 0.000750272 0.0012208 0.199348 0.00689633 0.169889 4.64225e-05 
0.127442 0.428867 0.030855 0.0251312 0.00780373 7.20929e-05 0.00328722 0.0248521 0.204107 0.146739 0.000843666 
0.00779893 0.92171 0.0195321 0.00190748 2.85786e-05 0.0229059 0.0104575 0.00965443 0.00301166 0.00142876 0.00156494 
0.0341267 0.709017 0.00377774 0.000991811 0.00499705 6.25769e-06 6.34856e-08 0.022775 0.223854 0.000454871 1.01457e-09 
0.0185042 0.459721 0.0781032 0.00161453 0.00708026 0.00433996 0.00843855 0.211713 0.116273 0.0941863 2.62032e-05 
0.00779893 0.92171 0.0195321 0.00190748 2.85786e-05 0.0229059 0.0104575 0.00965443 0.00301166 0.00142876 0.00156494 
0.0287627 0.3407 0.00873826 0.111553 0.0018611 4.17789e-05 0.00341667 0.145507 0.124292 0.235127 4.25859e-07 
0.123157 0.585069 0.0319147 0.105636 0.00274057 0.0025045 0.0109478 0.0247954 0.0960324 0.0156243 0.00157819 
0.00779893 0.92171 0.0195321 0.00190748 2.85786e-05 0.0229059 0.0104575 0.00965443 0.00301166 0.00142876 0.00156494 
0.00104605 0.746594 0.00512042 3.57766e-05 0.000293333 0.000129993 0.00022757 0.00642663 0.214705 0.025394 2.73717e-05 
0.0192517 0.493505 0.00826836 0.00778998 0.184606 7.80912e-05 7.18073e-05 0.0709873 0.17094 0.0444599 4.28687e-05 
0.0836556 0.404317 0.0291981 0.0170396 0.0100989 0.0112569 0.0110772 0.219015 0.114604 0.095974 0.00376393 
0.0268955 0.677175 0.0119896 0.0028009 0.0382581 0.0617457 8.08792e-05 0.00555531 0.157035 0.0184632 7.56956e-08 
0.253079 0.340461 0.0205305 0.000551167 0.0248963 0.00075133 0.00523691 0.00561724 0.299934 0.0402015 0.00874081 
0.0350961 0.75843 0.0797438 0.0447068 0.00032296 0.00130152 0.0518461 0.0097621 0.0114136 0.00597479 0.00140266 
0.085202 0.541029 0.0299848 0.0227395 0.0190035 0.0161486 0.0110253 0.0104251 0.260627 0.00375639 5.89724e-05 
0.0261513 0.394784 0.0863844 0.026816 0.00184034 0.00649023 0.0286543 0.148646 0.0143055 0.185382 0.0805456 
0.0176957 0.566807 0.132782 0.00591811 0.0594049 2.29003e-06 0.00159706 0.00506775 0.130062 0.0777401 0.00292347 
0.0123587 0.708798 0.0037724 1.45895e-05 0.00468184 0.00198437 1.16131e-06 0.048339 0.21731 0.00273983 6.44608e-09 
0.130975 0.342823 0.0468801 0.0581795 0.0124143 0.00597849 0.0195106 0.0774253 0.286583 0.0191771 5.34286e-05 
0.00935791 0.539133 0.000669531 0.00205212 0.00468793 2.79669e-05 0.000289903 0.000369523 0.411381 0.0320229 7.71809e-06 
0.00838293 0.49877 0.0578988 0.000560798 0.077855 0.00019113 0.0030748 0.3245 0.00623428 0.0225302 1.42436e-06 
0.1068 0.279042 0.147504 0.00240935 0.0189035 0.00296793 0.0293906 0.267229 0.109914 0.0357851 5.40749e-05 
0.00779893 0.92171 0.0195321 0.00190748 2.85786e-05 0.0229059 0.0104575 0.00965443 0.00301166 0.00142876 0.00156494 
0.0701366 0.465917 0.0201296 2.73991e-05 0.00635252 0.000189788 0.0013553 0.0101559 0.095779 0.328702 0.00125459 
0.096338 0.303918 0.101267 0.010941 0.0264887 0.000276059 0.0187736 0.0730457 0.0845526 0.280675 0.00372497 
0.0478307 0.641081 0.0667046 0.0148775 0.00521312 0.00172167 0.000255693 0.0164917 0.157182 0.0486287 1.28616e-05 
0.249688 0.506394 0.122416 0.0336899 0.000902849 0.000952371 0.0303009 0.010041 0.0349365 0.00990713 0.000770679 
0.11634 0.355821 0.0250335 0.236232 0.00364419 0.00847324 0.00379804 0.0675029 0.0747283 0.0884944 0.0199325 
0.00565625 0.547197 0.0064603 0.185464 0.00441031 5.13848e-13 0.0943448 0.00166063 0.115432 0.039256 0.000118595 
0.0552246 0.494248 0.119624 0.000799597 0.0250282 0.050879 0.0080035 0.00131337 0.242909 0.00185555 0.000115175 
2.38379e-05 0.89988 1.24229e-05 2.47727e-09 4.47282e-06 1.3842e-05 1.68996e-09 3.75987e-05 0.0968515 0.00317583 6.74718e-09 
0.00959057 0.729547 0.0730687 0.000486428 0.0132846 0.000301527 0.0268044 0.0549292 0.0616191 0.0299619 0.000406305 
0.000110981 0.761243 0.000742213 0.000137369 0.000196633 0.000183669 6.95992e-05 0.0905451 0.132045 0.0143963 0.000330433 
0.00670553 0.899389 0.000447961 1.79421e-05 0.000887994 8.66863e-09 0.000143906 0.00149881 0.0561501 0.0347556 2.70011e-06 
0.0939832 0.360421 0.00336295 0.0139816 0.0733853 0.000371454 0.00270321 0.118947 0.0779224 0.253945 0.0009774 
0.0244642 0.570349 0.0182035 8.5505e-05 0.0209735 0.00783731 0.00243817 0.0664182 0.253743 0.0354166 7.11935e-05 
0.059464 0.28171 0.0163367 0.00693157 0.129223 0.0314856 0.236721 0.123445 0.0546933 0.0567789 0.00321022 
0.00779893 0.92171 0.0195321 0.00190748 2.85786e-05 0.0229059 0.0104575 0.00965443 0.00301166 0.00142876 0.00156494 
0.0169138 0.600032 0.0961305 0.0144325 0.037113 0.00753644 7.89014e-06 0.0838011 0.142145 0.00188498 1.92917e-06 
0.0370046 0.666507 0.00517177 0.00173374 0.00830675 0.000147752 0.00123336 0.00822688 0.242567 0.0283065 0.00079477 
0.0618996 0.786934 0.0163534 0.0228631 0.0051063 0.00107017 0.00227521 0.0307578 0.0449847 0.0244431 0.00331279 
0.168163 0.418624 0.0641834 0.00258377 0.0328251 0.0390095 0.004166 0.0360827 0.155231 0.0788241 0.000307305 
0.0581975 0.683812 0.0225701 0.00158849 0.0186656 0.0171011 6.44931e-05 0.0212438 0.153123 0.00871809 0.0149154 
0.132829 0.503443 0.100436 0.109901 0.0121366 0.000846063 0.000534977 0.0194704 0.110094 0.00975249 0.000554806 
0.0350961 0.75843 0.0797438 0.0447068 0.00032296 0.00130152 0.0518461 0.0097621 0.0114136 0.00597479 0.00140266 
0.00779893 0.92171 0.0195321 0.00190748 2.85786e-05 0.0229059 0.0104575 0.00965443 0.00301166 0.00142876 0.00156494 
0.0737189 0.57698 0.104035 0.0198816 0.0219066 0.00270928 0.0280573 0.0276327 0.0767272 0.0671924 0.00115898 
0.135514 0.704556 0.07449 3.91882e-07 7.76078e-08 1.49254e-06 0.0854268 6.1786e-06 3.49583e-06 8.23522e-07 6.77682e-07 
0.0350961 0.75843 0.0797438 0.0447068 0.00032296 0.00130152 0.0518461 0.0097621 0.0114136 0.00597479 0.00140266 
0.00103053 0.584078 0.00292348 1.23722e-06 0.0132976 0.000206237 2.00281e-05 0.00258281 0.380476 0.0152803 0.000103956 
0.183324 0.360663 0.0327828 0.228373 0.001349 0.0117658 0.000612132 0.0395187 0.0892425 0.0523041 6.4394e-05 
0.0534319 0.518839 5.80993e-05 0.389452 1.36688e-05 1.56855e-05 1.12075e-07 0.0273113 0.00114672 0.00973141 3.76008e-09 
0.0644464 0.443283 0.186439 0.000741295 0.0311753 0.0444088 0.00868143 0.107737 0.103384 0.0097042 4.36102e-07 
0.0964126 0.58214 0.0962332 7.33485e-05 0.0423082 2.15348e-06 1.17221e-05 0.0852731 0.0102275 0.0873086 9.4338e-06 
0.195811 0.342791 0.0219766 0.0260429 0.0139702 0.001313 0.011077 0.00593698 0.316124 0.063858 0.00109944 
0.0760695 0.436078 0.146791 0.000707253 0.0116115 0.00199565 0.0262434 0.090089 0.093768 0.116561 8.62255e-05 
0.0613893 0.607643 0.0661175 0.0166713 0.00779092 0.0200141 0.0005601 0.0491885 0.12046 0.041798 0.00836753 
0.142149 0.613953 0.0374754 0.0269554 0.00089512 0.000138062 0.00109725 0.12226 0.0208061 0.0118204 0.0224501 
0.199173 0.53602 0.0551331 0.0743965 0.0124354 0.000942913 0.00406757 0.0118341 0.074226 0.0312457 0.000525375 
0.00779893 0.92171 0.0195321 0.00190748 2.85786e-05 0.0229059 0.0104575 0.00965443 0.00301166 0.00142876 0.00156494 
0.0446582 0.577099 0.0714606 0.000122749 0.192426 0.00223237 0.0262819 0.0449604 0.0226377 0.0181037 1.76819e-05 
0.0409243 0.467073 0.0887635 0.0141923 0.00371667 0.00143752 0.0202356 0.0240099 0.325153 0.0118102 0.00268412 
0.0091759 0.783487 2.11319e-05 0.0147065 0.148143 0.000211689 2.33525e-08 0.0101489 0.01841 0.0154762 0.000219751 
0.00779893 0.92171 0.0195321 0.00190748 2.85786e-05 0.0229059 0.0104575 0.00965443 0.00301166 0.00142876 0.00156494 
0.334029 0.47623 0.0273841 0.00285557 0.00769599 0.0152927 0.00115732 0.0508238 0.0765052 0.00608074 0.00194512 
0.21839 0.324852 0.185507 0.0285145 0.0035811 0.0182593 0.00201277 0.115466 0.0704641 0.0325087 0.000444264 
0.0685104 0.638871 0.00656392 0.0762449 0.00224037 0.000137931 7.03889e-05 0.117021 0.0387111 0.0512417 0.00038783 
0.149635 0.391416 0.0547174 0.056964 0.0039987 0.00608428 0.0113031 0.0326006 0.19995 0.0923888 0.000941517 
0.104559 0.41658 0.048033 0.0998608 0.0105375 0.00176197 0.00673046 0.166436 0.0895798 0.055921 7.48762e-07 
0.0109821 0.73899 0.0187153 0.00172953 0.00435935 0.129768 1.2688e-05 0.0311386 0.0506381 0.0136546 1.16661e-05 
0.0534166 0.537345 0.0733034 0.0090942 0.00258735 0.00693717 0.0358415 0.217252 0.0543389 0.00980399 8.02624e-05 
0.00188479 0.632718 0.00254981 1.87345e-05 0.00673934 0.00023337 0.0322334 0.0052702 0.299735 0.0184875 0.000129253 
0.0142478 0.760158 0.038724 0.0016074 0.0314301 5.94784e-05 0.00529411 0.0326119 0.0431932 0.0714548 0.00121922 
0.0100389 0.397198 0.00068027 0.0103188 0.121804 2.04352e-07 5.78404e-06 7.16933e-05 0.348044 0.11183 9.29304e-06 
0.0350961 0.75843 0.0797438 0.0447068 0.00032296 0.00130152 0.0518461 0.0097621 0.0114136 0.00597479 0.00140266 
0.0350961 0.75843 0.0797438 0.0447068 0.00032296 0.00130152 0.0518461 0.0097621 0.0114136 0.00597479 0.00140266 
0.115421 0.419144 0.00904204 1.0865e-05 0.0813791 2.34896e-05 0.0036432 0.0109603 0.248716 0.111605 5.50014e-05 
0.203409 0.485469 0.0487372 0.0301151 0.000230553 0.000334293 0.0535967 0.0566261 0.094206 0.0205186 0.00675689 
0.0332518 0.360805 0.0417656 0.042311 0.0284799 0.00137935 0.0013254 0.276743 0.175215 0.0386827 4.16801e-05 
0.0625822 0.340422 0.026517 0.00784185 0.0442366 0.00116497 0.0153515 0.0161728 0.259132 0.22506 0.00151993 
0.00779893 0.92171 0.0195321 0.00190748 2.85786e-05 0.0229059 0.0104575 0.00965443 0.00301166 0.00142876 0.00156494 
0.0843532 0.794135 0.00389573 0.00086991 0.000622606 1.15238e-05 0.000527316 0.0061943 0.0598977 0.0481241 0.00136823 
0.0782499 0.628934 0.0346976 5.69917e-05 0.192262 0.0106727 2.16221e-06 0.00361369 0.0429997 0.00850434 6.66115e-06 
0.015967 0.631824 0.106227 0.00236663 0.00136686 0.0160298 0.020314 0.138002 0.0540739 0.0123624 0.0014672 
0.285072 0.297337 0.0149533 0.0381723 0.00657963 0.0003998 0.0514216 0.00509598 0.136518 0.164245 0.00020565 
0.0280332 0.879488 0.00639266 0.000331378 0.00981836 2.07718e-05 0.00108288 0.00288626 0.0317385 0.039161 0.00104671 
0.0795418 0.598449 0.0330923 0.00637752 0.026992 0.000604878 0.0184818 0.0107504 0.139315 0.0836117 0.00278402 
0.00779893 0.92171 0.0195321 0.00190748 2.85786e-05 0.0229059 0.0104575 0.00965443 0.00301166 0.00142876 0.00156494 
0.0367326 0.393485 0.25742 0.00074235 0.00436903 0.000721247 0.00037982 0.020003 0.262114 0.0240024 3.03967e-05 
0.100073 0.337158 0.119213 0.0265432 0.206846 0.00785919 0.015956 0.00442478 0.0491179 0.126437 0.00637198 
0.148 0.342603 0.0861655 0.0538709 0.00505122 0.00532504 0.0166231 0.0453663 0.169054 0.126921 0.00101959 
0.0827345 0.438665 0.15363 0.00444787 0.0116729 0.0224931 0.00332496 0.0945453 0.0947825 0.0933956 0.000308296 
0.0394585 0.671266 0.128561 0.0252631 0.000284503 0.00204326 0.00253744 0.0893684 0.0364163 0.00480184 3.38895e-08 
0.0089218 0.492129 0.0310705 0.0137555 0.010168 0.000212319 3.31917e-05 0.099114 0.317068 0.0251351 0.00239313 
0.0293604 0.545081 0.00986822 0.000993048 0.0102858 0.0012577 0.0128039 0.00495991 0.368732 0.0165338 0.000124207 
0.0623694 0.760649 0.0112865 0.000230593 0.125709 0.000235631 8.64203e-05 0.00223705 0.0195502 0.017611 3.54416e-05 
0.147391 0.421883 0.0340586 0.00258043 0.0111525 0.00152682 0.0302403 0.00742604 0.27685 0.0661353 0.000757449 
0.00779893 0.92171 0.0195321 0.00190748 2.85786e-05 0.0229059 0.0104575 0.00965443 0.00301166 0.00142876 0.00156494 
0.0662729 0.536804 0.00450112 0.000223836 0.0775424 0.000518457 2.10842e-05 0.00036912 0.261695 0.0520379 1.39097e-05 
0.0507544 0.488621 0.218002 6.54659e-06 0.00513503 0.00535896 0.000795417 0.0279998 0.158983 0.0443 4.31368e-05 
0.0137756 0.450317 0.0195879 0.000289903 0.0300348 0.0006802 0.0350762 0.0659023 0.366605 0.0152152 0.00251527 
0.235447 0.245423 0.0774699 0.00280466 0.0255528 0.00586026 0.00126764 0.00621172 0.233059 0.166902 7.53152e-07 
0.225743 0.367873 0.0631077 0.00266103 0.0995334 0.0116144 0.0242569 0.0250095 0.067477 0.112282 0.000441937 
0.0426896 0.450814 0.0257448 0.00278644 0.0179882 0.00398895 0.00477499 0.0141648 0.38155 0.0501562 0.00534276 
0.0369487 0.408478 0.0470872 0.00403197 0.234607 0.000162804 0.0280734 0.0116733 0.124919 0.103984 3.44309e-05 
0.0317639 0.56939 0.000150921 2.5595e-06 1.79353e-07 9.22804e-09 7.73214e-06 3.82651e-06 0.382803 0.0158778 8.49553e-09 
0.0939832 0.360421 0.00336295 0.0139816 0.0733853 0.000371454 0.00270321 0.118947 0.0779224 0.253945 0.0009774 
0.051006 0.769078 0.0304745 0.00142967 0.054728 0.00129498 1.88083e-06 0.00504079 0.074637 0.0122893 2.00297e-05 
0.0752328 0.523185 0.0654576 0.0217776 0.0190113 7.59482e-05 0.0229131 0.0453505 0.15155 0.0752026 0.000242666 
0.00453998 0.733918 0.0287558 9.10515e-06 0.0159681 0.000206315 0.0142152 0.0266187 0.169346 0.00591523 0.000507303 
0.0399795 0.934002 0.00184986 0.00120274 0.00777485 0.0023973 2.76545e-05 0.000581516 0.0102387 0.00194569 5.24562e-08 
0.0164273 0.814746 0.00227972 6.12954e-05 0.00370469 8.68712e-05 0.0302578 0.0359031 0.0907002 0.00575111 8.1743e-05 
0.0253521 0.484849 0.00211119 0.370476 0.00407987 0.000965882 5.20183e-05 0.0412788 0.0662676 0.00455303 1.44148e-05 
0.182936 0.53884 0.0151231 0.0358204 0.0257569 1.84887e-06 0.00206881 0.153206 0.0393492 0.00685433 4.42817e-05 
0.00779893 0.92171 0.0195321 0.00190748 2.85786e-05 0.0229059 0.0104575 0.00965443 0.00301166 0.00142876 0.00156494 
0.134348 0.386948 0.0212586 0.113611 0.0391243 0.000230298 0.00960114 0.0121148 0.210875 0.068694 0.00319486 
0.00604134 0.706882 0.00655796 0.00023002 0.0112979 0.0213887 2.1623e-05 0.0590313 0.124986 0.0534994 0.0100642 
0.291912 0.303155 0.124505 0.000556035 0.00381468 0.0026503 0.0870176 0.00761956 0.142682 0.0358473 0.000241247 
0.010427 0.750423 0.0549134 0.00237313 0.00275414 5.88984e-05 0.0140446 0.15471 0.00797581 0.00232068 2.31079e-08 
0.0154213 0.482555 0.013243 0.0556667 0.0890041 0.000434028 8.92594e-06 0.0051987 0.308476 0.0162278 0.0137645 
0.00779893 0.92171 0.0195321 0.00190748 2.85786e-05 0.0229059 0.0104575 0.00965443 0.00301166 0.00142876 0.00156494 
0.00779893 0.92171 0.0195321 0.00190748 2.85786e-05 0.0229059 0.0104575 0.00965443 0.00301166 0.00142876 0.00156494 
0.0610085 0.646641 0.011973 0.0560098 0.00137204 0.00127846 0.000190197 0.141439 0.0168881 0.061781 0.00141799 
0.0244637 0.881542 0.0313095 0.000392445 0.000450302 0.0055281 0.000102287 0.0284764 0.0135006 0.00184407 0.0123906 
0.206087 0.455898 0.0357505 0.000377095 0.00455287 0.000205268 0.00526194 0.0997808 0.189173 0.00277897 0.000133506 
0.00779893 0.92171 0.0195321 0.00190748 2.85786e-05 0.0229059 0.0104575 0.00965443 0.00301166 0.00142876 0.00156494 
0.00779893 0.92171 0.0195321 0.00190748 2.85786e-05 0.0229059 0.0104575 0.00965443 0.00301166 0.00142876 0.00156494 
0.1541 0.462335 0.0463729 0.0073595 0.00914711 0.00738458 0.00536247 0.0371667 0.235285 0.0354865 2.627e-07 
0.0620208 0.292748 0.0750984 0.00100139 0.0223205 0.00262927 0.0197039 0.090273 0.25794 0.176246 1.87734e-05 
0.00779893 0.92171 0.0195321 0.00190748 2.85786e-05 0.0229059 0.0104575 0.00965443 0.00301166 0.00142876 0.00156494 
0.0490901 0.750348 0.0233704 0.000761738 0.0781842 0.00258763 3.90759e-05 0.0066598 0.0635382 0.0209134 0.00450775 
0.13579 0.427086 0.0776682 0.00203152 0.0117869 0.000399959 0.0067368 0.018334 0.241719 0.0781298 0.00031775 
0.0689609 0.643574 0.0218025 0.00236432 0.0102279 0.0150921 4.24817e-05 0.0667442 0.099525 0.0716214 4.5614e-05 
0.156145 0.371858 0.109913 2.64363e-05 0.00816596 0.00328067 0.00543046 0.00223942 0.332101 0.010841 1.81701e-07 
0.00779893 0.92171 0.0195321 0.00190748 2.85786e-05 0.0229059 0.0104575 0.00965443 0.00301166 0.00142876 0.00156494 
0.000389041 0.510948 0.00755987 0.000148408 0.000941616 5.48668e-08 2.37956e-08 0.322094 0.153453 0.00426976 0.000196539 
0.00779893 0.92171 0.0195321 0.00190748 2.85786e-05 0.0229059 0.0104575 0.00965443 0.00301166 0.00142876 0.00156494 
0.0079 0.851123 0.00466431 0.0207783 0.0084166 0.000375716 0.0068475 0.0388263 0.0357997 0.0248058 0.00046262 
0.209118 0.565498 0.0442701 0.000182118 0.00368794 0.138216 0.00135147 0.00010084 0.0282653 0.0087981 0.000511808 
0.00323809 0.59389 0.00385262 0.000371606 0.0130063 7.30028e-05 0.000320287 0.0934766 0.27206 0.0192482 0.000463614 
0.0508056 0.629236 0.151226 0.00287055 0.00335886 0.0281334 0.0271488 0.0768212 0.0147146 0.0147316 0.000953825 
0.135415 0.419651 0.0119603 0.0015707 0.00249615 0.00180782 0.000861339 0.0101565 0.364594 0.0494843 0.00200266 
0.247609 0.248703 0.0395628 0.0231862 0.0496266 0.00191217 0.0388111 0.00495177 0.234407 0.109963 0.00126778 
0.00779893 0.92171 0.0195321 0.00190748 2.85786e-05 0.0229059 0.0104575 0.00965443 0.00301166 0.00142876 0.00156494 
0.0446026 0.325216 0.129109 0.00259511 0.0185982 0.00083484 0.00451082 0.229365 0.201701 0.0433312 0.000135466 
0.0317639 0.56939 0.000150921 2.5595e-06 1.79353e-07 9.22804e-09 7.73214e-06 3.82651e-06 0.382803 0.0158778 8.49553e-09 
0.189049 0.389744 0.00947441 0.302334 0.00154266 0.00102133 0.000186121 0.03161 0.0698729 0.0047313 0.000434247 
0.00103053 0.584078 0.00292348 1.23722e-06 0.0132976 0.000206237 2.00281e-05 0.00258281 0.380476 0.0152803 0.000103956 
0.0337631 0.563533 0.0200291 0.0211642 0.0228844 0.00166725 0.000766484 0.00289792 0.279902 0.0533641 2.79428e-05 
0.283567 0.29882 0.0362935 5.89661e-05 0.00655239 0.00627323 0.00216521 0.0416259 0.243009 0.081579 5.67114e-05 
0.0455544 0.446219 0.190419 2.4722e-05 0.00258119 0.00378978 0.023445 0.176171 0.0274491 0.0843465 2.38643e-07 
0.0350961 0.75843 0.0797438 0.0447068 0.00032296 0.00130152 0.0518461 0.0097621 0.0114136 0.00597479 0.00140266 
0.00955343 0.601809 3.2252e-05 0.00167496 0.0025401 3.2534e-07 2.51621e-05 2.08343e-05 0.370689 0.0136431 1.20728e-05 
0.0672517 0.517457 0.0490488 0.0828202 0.0448878 0.00189196 0.0616123 0.0343387 0.0681624 0.0725144 1.43422e-05 
0.0289377 0.345973 0.241494 0.0286639 0.015682 0.00209217 0.0200068 0.0316257 0.26942 0.0154396 0.000665245 
0.182936 0.53884 0.0151231 0.0358204 0.0257569 1.84887e-06 0.00206881 0.153206 0.0393492 0.00685433 4.42817e-05 
0.06718 0.573028 0.100996 0.0189572 0.00868183 3.55962e-05 0.00128792 0.00635598 0.179551 0.0384378 0.00548813 
0.170023 0.246851 0.0120491 0.0107849 0.00848358 0.000211078 0.127806 0.00943701 0.240716 0.173499 0.000138835 
0.115657 0.435444 0.0318987 0.0037471 0.00813775 0.00416185 0.0450104 0.0157301 0.179328 0.15969 0.00119444 
0.00779893 0.92171 0.0195321 0.00190748 2.85786e-05 0.0229059 0.0104575 0.00965443 0.00301166 0.00142876 0.00156494 
0.0441692 0.491888 0.139594 2.87808e-10 0.00239496 8.12977e-06 2.1999e-07 0.238766 0.0565268 0.0266524 5.91772e-07 
0.00779893 0.92171 0.0195321 0.00190748 2.85786e-05 0.0229059 0.0104575 0.00965443 0.00301166 0.00142876 0.00156494 
0.00779893 0.92171 0.0195321 0.00190748 2.85786e-05 0.0229059 0.0104575 0.00965443 0.00301166 0.00142876 0.00156494 
0.023581 0.620734 0.048718 2.02059e-07 1.85769e-05 0.000600861 1.45572e-05 0.0433455 0.262663 0.000304785 1.92567e-05 
0.0079 0.851123 0.00466431 0.0207783 0.0084166 0.000375716 0.0068475 0.0388263 0.0357997 0.0248058 0.00046262 
