0.279988 0.0719378 0.0308856 9.07193e-05 0.0248947 0.00317605 0.0116537 0.0131746 0.444404 0.119795 3.35553e-09 
0.102918 0.237045 0.0671421 1.99905e-06 0.0175476 0.0526821 2.93411e-06 0.255939 0.264731 0.00198852 8.14215e-07 
0.131695 0.00701679 0.536278 5.49305e-05 0.0203624 0.0119935 0.0377299 0.0196079 0.147476 0.0877665 1.84697e-05 
0.00104828 0.155449 0.0420153 0.00330945 0.257394 0.0134509 0.0400656 0.0714841 0.408273 0.0075055 4.57216e-06 
0.934111 0.0022192 0.00563753 3.2091e-05 0.00148404 6.02579e-05 0.00301926 0.00076219 0.0449342 0.00774014 2.06577e-08 
0.00508318 0.00549022 0.000435395 0.00099786 0.96862 0.000282383 0.00979614 0.00509662 0.00401722 0.000172269 8.88877e-06 
0.0426527 0.00957722 0.0468017 9.10679e-07 0.0112985 0.818153 0.003498 0.00182804 0.0619529 0.00423652 9.44001e-08 
0.172444 0.188334 0.0972517 0.0137749 0.00190814 0.496727 0.000281009 0.0260522 0.00310616 0.000108607 1.24987e-05 
0.123157 0.585069 0.0319147 0.105636 0.00274057 0.0025045 0.0109478 0.0247954 0.0960324 0.0156243 0.00157819 
0.848177 0.00209888 0.0190978 1.3186e-05 0.000559362 0.00468703 0.00203949 0.000871633 0.0783621 0.0440935 2.31728e-07 
0.00354461 0.000499056 0.00446113 4.8998e-05 0.979102 0.000432023 0.000676142 0.00909004 0.00178221 0.000361599 2.26206e-06 
0.0147445 0.579468 0.00546886 0.000275833 0.00581681 0.000916242 0.00355943 0.0226265 0.297981 0.0691375 6.01929e-06 
0.45645 0.0107456 0.0251323 1.3083e-05 0.0100814 0.00749067 0.00527292 0.0110659 0.417051 0.0566861 1.05719e-05 
0.0473771 0.0236441 0.0452207 6.51015e-06 0.00083025 0.0455542 0.00149388 0.0020361 0.817726 0.0161091 1.86484e-06 
0.141801 0.172294 0.021504 0.00363699 0.00518136 0.00396128 0.00955067 0.039258 0.335076 0.266522 0.00121367 
0.524361 0.00913565 0.0471177 0.000232009 0.338984 0.00361041 0.0113895 0.011257 0.0202002 0.0337074 4.53727e-06 
0.201522 0.00178108 0.0148841 1.11552e-05 0.467203 0.00129437 0.0703709 3.8017e-05 0.069646 0.173249 2.11165e-07 
0.0192517 0.493505 0.00826836 0.00778998 0.184606 7.80912e-05 7.18073e-05 0.0709873 0.17094 0.0444599 4.28687e-05 
0.0506531 0.653172 0.0754593 0.00203255 0.00575642 0.0017315 0.0818828 0.0431121 0.0794987 0.00658678 0.00011457 
0.619358 0.0952998 0.014284 0.0114711 0.180806 0.00129621 0.003169 0.00114633 0.0187272 0.0542947 0.000147485 
0.0169138 0.600032 0.0961305 0.0144325 0.037113 0.00753644 7.89014e-06 0.0838011 0.142145 0.00188498 1.92917e-06 
0.0323491 0.0727965 0.016016 0.000135126 0.230956 0.000195915 0.00074829 0.520476 0.0108261 0.115391 0.000110422 
0.523111 0.0296032 0.207713 0.00106976 0.122033 0.0870719 0.00200588 0.00265481 0.0184028 0.00628276 5.14804e-05 
0.0181342 0.00552707 0.0322603 1.10139e-06 0.000165047 0.00054271 0.00166878 0.000408625 0.904599 0.0366928 4.3499e-09 
0.0724767 0.320533 0.0314506 0.00562893 0.0267382 0.000996018 0.00887964 0.0392366 0.248946 0.244733 0.000381449 
0.0066428 0.41178 0.0222131 0.00023976 0.0162337 0.0117262 0.00482685 0.383277 0.128241 0.0148176 2.06013e-06 
0.0155666 0.0111655 0.272498 0.000496602 0.0151272 0.570269 0.00241856 0.0865703 0.0241593 0.00172574 4.00219e-06 
0.102876 0.00387756 0.723181 0.000221181 0.0183615 0.00750242 0.0339082 0.06908 0.0295061 0.011485 1.85879e-06 
0.0321557 0.17941 0.0827227 0.000840218 0.101845 0.00196793 0.0927801 0.0182718 0.40923 0.0806329 0.000144547 
0.113478 0.000464383 0.341755 2.09381e-05 0.013605 0.00308284 0.48842 0.0113355 0.0132953 0.0145423 4.66056e-09 
0.168 0.00288525 0.670396 3.28952e-06 0.0227342 0.00228277 0.0651632 0.00193372 0.0508895 0.0157114 4.26743e-07 
0.0221708 0.677329 0.0876826 0.00239064 0.0213601 0.000723956 0.0427156 0.0518944 0.0789786 0.0147547 1.14551e-08 
0.0209466 0.00186015 0.948152 3.69887e-05 0.000990105 0.00263345 0.00185951 0.00355636 0.0188225 0.00114178 5.13662e-07 
0.0935769 0.112957 0.0363369 1.01321e-06 0.00363522 0.0544354 0.00381165 0.00114278 0.643474 0.0506292 1.73058e-07 
0.138377 0.0238231 0.0587108 1.93127e-05 0.00460315 0.00146641 0.000229575 0.0345442 0.723465 0.014745 1.74055e-05 
0.423446 0.00501836 0.0576487 0.000306425 0.0013514 0.000306272 0.000235242 0.215741 0.235521 0.0603444 8.19547e-05 
0.000168708 0.00179002 0.000528477 0.00152213 9.81547e-07 2.53009e-05 0.995013 0.000885458 2.86439e-06 6.31343e-05 3.59113e-08 
0.0537638 0.00994534 0.526584 3.91306e-05 0.163229 0.00649896 0.000407842 0.0752142 0.125778 0.0385371 1.89634e-06 
0.130672 0.0997125 0.0453245 0.00389596 0.00246173 0.00966378 0.00934798 0.00348119 0.631271 0.0638468 0.000322778 
0.201522 0.00178108 0.0148841 1.11552e-05 0.467203 0.00129437 0.0703709 3.8017e-05 0.069646 0.173249 2.11165e-07 
0.174691 0.0156379 0.063034 0.000220355 0.00141195 0.00912064 0.0218361 0.0475584 0.631296 0.0350065 0.000187146 
0.0834973 0.275238 0.0270533 0.0212399 0.00561989 0.00217531 0.010199 0.0256824 0.386532 0.161511 0.00125134 
0.0289155 0.0266795 0.252589 7.89589e-06 0.00041941 0.054883 0.00422969 0.0279999 0.592337 0.0119345 4.90595e-06 
0.00668169 0.7736 0.0269599 0.00107674 0.00353226 0.000563422 0.0481629 0.0235273 0.077723 0.0381518 2.0717e-05 
0.0419829 0.0217763 0.677015 0.00246897 0.00965476 0.0399342 0.0619637 0.0183406 0.105506 0.0208475 0.000511059 
0.201522 0.00178108 0.0148841 1.11552e-05 0.467203 0.00129437 0.0703709 3.8017e-05 0.069646 0.173249 2.11165e-07 
0.0312598 0.0439844 0.327841 0.000261291 0.00981789 0.0531174 0.0619621 0.366043 0.083624 0.0220888 3.43629e-07 
0.0191961 0.113684 0.0242173 0.0018503 0.615656 0.00106955 0.0470881 0.0486646 0.126993 0.00156411 1.763e-05 
0.0426527 0.00957722 0.0468017 9.10679e-07 0.0112985 0.818153 0.003498 0.00182804 0.0619529 0.00423652 9.44001e-08 
0.00615809 0.494403 0.00144352 2.18422e-05 0.000563419 3.60607e-06 0.00196235 2.98124e-05 0.455625 0.0397897 7.17422e-09 
0.0338682 0.041986 0.0194194 0.00237715 0.800676 0.00193877 0.0647309 0.0105064 0.0221424 0.00235432 8.54295e-07 
0.332137 0.0361999 0.0770058 0.00662272 0.0145275 0.0196629 0.0289771 0.0121114 0.349652 0.123077 2.67471e-05 
0.640831 0.00702832 0.00492196 6.14388e-05 0.00235518 3.97961e-05 0.000632168 0.00475642 0.0922261 0.247115 3.28783e-05 
0.211316 0.116443 0.0265639 0.000121928 0.000800311 0.0210046 0.0191617 0.00132702 0.324448 0.278797 1.65355e-05 
0.0339028 0.0343972 0.0529711 7.97213e-06 0.00110763 0.00490669 0.0208077 0.00564166 0.817792 0.0284641 6.16092e-07 
0.239289 0.0361988 0.12844 0.00231778 0.0209983 0.00601924 0.0180361 0.104581 0.312606 0.130676 0.000838097 
0.00771876 0.0427485 0.0212827 0.000176918 0.000657445 0.000987965 0.000500126 0.166486 0.161504 0.597938 1.22631e-07 
0.00384583 0.0475288 0.548224 6.89788e-05 0.0135435 0.000413143 0.306147 0.0468821 0.031039 0.00228877 1.81408e-05 
0.00508318 0.00549022 0.000435395 0.00099786 0.96862 0.000282383 0.00979614 0.00509662 0.00401722 0.000172269 8.88877e-06 
0.116466 0.0906986 0.204248 2.00883e-05 0.00658557 0.0921749 0.00160919 0.212139 0.247873 0.028171 1.47538e-05 
0.0842214 0.0242179 0.124618 0.000138763 0.00916016 0.0472828 6.94779e-05 0.585408 0.11907 0.0058042 9.42253e-06 
0.0729365 0.0981935 0.0252213 0.000233219 0.0246998 0.000174427 0.000745528 0.00710768 0.732017 0.0386073 6.36565e-05 
0.129144 0.0600627 0.365211 0.000891497 0.00936811 0.00657728 0.0665088 0.126985 0.188309 0.0469113 3.09808e-05 
0.0526772 0.0224321 0.6726 0.000529934 0.135137 0.008784 0.0356525 0.011774 0.0303254 0.0299528 0.000134645 
0.201522 0.00178108 0.0148841 1.11552e-05 0.467203 0.00129437 0.0703709 3.8017e-05 0.069646 0.173249 2.11165e-07 
0.0396564 0.00773791 0.709082 0.000121427 0.0128136 0.00997931 0.0759133 0.0314256 0.0538224 0.0593352 0.000112892 
0.0915982 0.0782125 0.0231156 0.514172 0.000793036 0.00260946 0.00921857 0.00522495 0.245113 0.0297912 0.0001516 
0.597038 0.00391441 0.269548 0.000337204 0.000755709 0.000261247 0.000411411 0.01029 0.114532 0.00291252 5.00582e-08 
0.0506513 5.38768e-06 0.62393 5.38686e-06 0.0296343 0.136271 5.38734e-06 0.0678841 0.0916027 5.38751e-06 5.38421e-06 
0.0439455 0.0122158 0.0102227 1.24941e-05 0.0323457 0.0105618 1.00873e-06 0.00800253 0.782605 0.100087 2.14187e-08 
0.698117 0.00735887 0.0289944 4.81819e-05 0.0236288 0.000343923 0.0288747 0.00173924 0.0591854 0.151707 2.16666e-06 
0.0679715 0.304706 0.223991 0.071787 0.0303449 0.0246828 0.0262831 0.071648 0.158469 0.0199317 0.000185498 
5.41993e-06 5.41978e-06 0.768568 5.41895e-06 5.41917e-06 0.12733 0.0894262 0.0146375 5.42018e-06 5.41961e-06 5.41629e-06 
0.0325682 0.0343239 0.817879 0.00172084 0.00159451 0.00811225 0.0378481 0.0142421 0.0429494 0.0087078 5.43453e-05 
0.0123902 0.00161185 0.753609 2.42452e-05 0.00455727 0.195876 0.00105312 0.0206185 0.00944892 0.000810054 1.84357e-07 
0.0931376 0.00410687 0.0562693 3.16884e-06 2.83995e-05 0.00453106 0.0961108 0.00131082 0.727967 0.016535 2.49157e-07 
0.665618 0.00394493 0.0278077 0.00701564 0.00353333 0.0128015 5.0168e-05 0.00198864 0.210706 0.0665113 2.25981e-05 
0.0246132 0.00148958 0.279941 3.39832e-05 0.0220666 0.0340206 0.00100175 0.513693 0.0668524 0.0562814 6.30394e-06 
0.0158864 0.66799 0.12597 5.83264e-05 0.00510607 0.000697063 0.00230662 0.0350562 0.136487 0.0104215 2.0618e-05 
0.123911 0.0966608 0.0420562 0.00691777 0.0278045 0.00164868 0.00194975 0.0138113 0.561682 0.123454 0.000103934 
0.0901348 5.30393e-05 0.00388739 0.0014401 0.0183402 0.0018292 0.000140472 0.839319 0.0133908 0.0314374 2.71804e-05 
0.00583842 0.0103297 0.0112195 2.35422e-06 3.77306e-05 0.000453363 0.848541 0.00418375 0.119023 0.000370032 8.34817e-07 
0.0137633 0.0415028 0.062089 0.00161653 0.000965747 0.00539081 0.00529317 0.735507 0.129013 0.00477584 8.28929e-05 
0.880406 0.00336708 0.0215554 2.45992e-05 0.000493823 0.00111914 0.00269799 0.00072115 0.0470899 0.0425248 4.29545e-07 
0.0816383 0.0117808 0.131003 8.90077e-05 0.00786273 0.0374775 0.021451 0.0137781 0.572993 0.121924 3.41327e-06 
0.373374 0.0221818 0.0646363 2.00957e-05 0.0350338 0.00621714 0.00951779 0.0505015 0.413867 0.0246395 1.13274e-05 
0.0271095 0.00518938 0.122068 0.000622487 0.00220839 0.00446315 0.165779 0.573858 0.0703712 0.0282403 9.11285e-05 
0.0134623 0.0669434 0.0133926 0.00161124 0.711706 0.000843648 0.00284318 0.0884985 0.0896473 0.0108587 0.000193708 
0.138783 0.150188 0.0262741 0.301687 0.0046528 0.00114317 0.00234337 0.0963222 0.0954105 0.182958 0.000238556 
0.719695 0.0125184 0.0176043 0.000290196 0.00553745 0.000116386 0.0172644 0.0087788 0.152755 0.0654041 3.59133e-05 
0.0128719 0.313974 0.0112485 0.551684 0.00585039 0.000154402 0.024165 0.0660547 0.0116776 0.00232028 1.2841e-08 
0.000939061 0.0927987 0.700911 6.42591e-06 0.00104317 0.00479182 0.0984364 0.0692168 0.0300098 0.00184562 6.93412e-07 
0.201522 0.00178108 0.0148841 1.11552e-05 0.467203 0.00129437 0.0703709 3.8017e-05 0.069646 0.173249 2.11165e-07 
0.204437 0.0346736 0.12415 0.000415486 0.0899821 0.0015229 0.0905184 0.0401892 0.301258 0.112827 2.70441e-05 
0.011007 0.0286935 0.530206 0.000197846 0.0209343 0.0271685 0.230573 0.0302216 0.0958319 0.0250474 0.000119252 
0.288654 0.354941 0.0357707 0.0442345 0.0104078 0.00295303 0.00179791 0.0509985 0.152245 0.057356 0.000641543 
0.0422233 0.0849612 0.376535 0.000722989 0.087759 0.0252731 0.148993 0.0516259 0.165023 0.0168791 4.91073e-06 
0.880406 0.00336708 0.0215554 2.45992e-05 0.000493823 0.00111914 0.00269799 0.00072115 0.0470899 0.0425248 4.29545e-07 
0.127917 0.0245036 0.134077 0.000255844 0.0275234 0.00238277 0.0144367 0.0379777 0.600881 0.0300269 1.85737e-05 
0.085602 0.0757185 0.337839 0.000283572 0.00462957 0.013259 0.00151335 0.22114 0.196033 0.0639114 6.99521e-05 
0.0485038 0.0212189 0.0944233 0.00017749 0.000437146 0.00323155 0.00427602 0.679364 0.132176 0.0160572 0.000134618 
0.0271 0.00159557 0.869639 2.48455e-06 0.00132464 0.000891853 0.0389971 0.00707813 0.0472421 0.00612855 1.36605e-07 
0.0442843 0.0232134 0.707204 0.000210011 0.0127644 1.48429e-05 0.0130335 0.175818 0.0141834 0.00927461 4.20171e-07 
0.045408 0.0254166 0.0451113 0.00212241 0.232138 0.00152922 0.00891863 0.587686 0.038727 0.0129387 4.96938e-06 
0.0262212 0.0225314 0.196782 8.70082e-05 0.00253126 0.00092112 6.7711e-05 0.554555 0.0814506 0.114851 2.38008e-06 
0.0523221 0.0343704 0.0373539 0.000337375 0.00384702 0.000961415 0.119778 0.0331923 0.681065 0.0365202 0.000253122 
0.162072 0.00569368 0.0117055 4.1259e-07 0.0421881 0.0310391 4.52449e-06 0.0561894 0.669299 0.0218079 1.25875e-07 
0.500723 0.00730348 0.0421414 1.35268e-05 0.109269 0.000508176 0.0136649 0.00707791 0.284068 0.0352224 7.38535e-06 
0.0148155 0.00876208 0.0854864 6.30916e-05 0.000711075 0.0114068 0.836272 0.00395741 0.0363125 0.00221201 8.56241e-07 
0.119283 0.0360425 0.0289193 3.8931e-05 0.00396991 0.00856592 0.0020634 0.0209466 0.704981 0.0751554 3.38291e-05 
0.793616 0.00266122 0.00194115 3.27021e-05 0.00404031 2.91095e-05 0.0180536 0.00136245 0.0196274 0.158632 4.62101e-06 
6.08733e-06 0.388725 0.335355 0.00020547 0.00557791 0.00175807 0.000142985 0.00806828 0.210953 0.049206 2.05866e-06 
0.144159 0.668537 0.00616375 0.0111549 0.0218573 0.0173321 0.000714516 0.00204487 0.0661868 0.0618264 2.30959e-05 
0.0131733 0.803255 0.00488383 0.000350106 0.0438496 0.00020297 0.00423613 0.0586632 0.0656838 0.00569885 3.32702e-06 
0.000275953 0.042418 0.0107559 2.07831e-05 0.00267176 0.000623594 0.000205192 0.550537 0.386609 0.00588218 2.38361e-07 
0.00839006 0.00467416 0.741688 0.000194233 4.69742e-07 0.126316 0.0283548 0.0194749 0.0573159 0.0135915 3.66577e-11 
0.232858 0.143465 0.117262 0.000150943 0.172633 0.00362561 0.00263312 0.050882 0.23659 0.0398321 6.82555e-05 
0.0161658 0.0527318 0.0703557 0.000222808 0.00371706 0.00947427 0.111659 0.523157 0.208485 0.00397453 5.7315e-05 
0.1139 0.0744118 0.047777 0.00295466 0.181056 0.00377141 0.0131186 0.00888632 0.467619 0.0862553 0.000249496 
0.0258207 0.0240241 0.0403073 0.0128663 0.00036195 0.00402118 0.0114091 0.819099 0.0288795 0.0329877 0.000222854 
0.000819078 0.000831816 0.00269551 0.000500677 0.000449148 0.00217666 0.978099 0.00925541 0.00328825 0.00170972 0.000174409 
0.0260839 0.663974 0.00811471 0.0482401 0.000159548 1.30828e-06 0.00816218 0.0761138 0.154653 0.0144983 1.50544e-08 
0.0541279 0.0247322 0.108402 2.90341e-05 0.0282586 0.0433602 0.000600455 0.027942 0.702056 0.0104922 6.36775e-09 
0.278187 0.0832178 0.16682 0.000271519 0.00156293 0.118855 1.83153e-05 0.128675 0.203832 0.0185591 5.98463e-07 
0.201522 0.00178108 0.0148841 1.11552e-05 0.467203 0.00129437 0.0703709 3.8017e-05 0.069646 0.173249 2.11165e-07 
0.681332 0.00509997 0.128076 9.68768e-05 0.00176683 0.000274608 0.00514833 0.135457 0.0234166 0.0193292 2.26172e-06 
0.731246 0.0259433 0.0994886 0.000426085 0.00161446 0.00166441 0.00194325 0.0227134 0.102009 0.0129469 4.52348e-06 
0.201522 0.00178108 0.0148841 1.11552e-05 0.467203 0.00129437 0.0703709 3.8017e-05 0.069646 0.173249 2.11165e-07 
0.0198232 0.0264875 0.0430759 0.000141765 0.00701166 0.262226 0.00169737 0.0613652 0.559635 0.0185345 2.36769e-06 
0.117377 0.00783462 0.0364964 2.74807e-05 0.00116728 0.0201595 0.0101069 0.00843248 0.723435 0.0749615 1.12623e-06 
0.0176246 0.149311 0.0218916 0.000673811 0.00609957 0.000401533 0.00623109 0.139729 0.201607 0.456261 0.000169734 
0.0695832 0.558818 0.154412 0.00837434 0.0280754 0.00333622 0.00886935 0.0883549 0.0501556 0.0283704 0.00165001 
0.0671614 0.0670043 0.0903097 0.00630134 0.00448361 0.00119367 0.0535257 0.0137546 0.667228 0.0279305 0.00110694 
0.466313 0.0102508 0.12576 0.00227222 0.00657861 0.00199527 0.00969677 0.0169913 0.223797 0.134569 0.00177512 
0.0426527 0.00957722 0.0468017 9.10679e-07 0.0112985 0.818153 0.003498 0.00182804 0.0619529 0.00423652 9.44001e-08 
0.0537713 0.0866319 0.124561 0.0106905 0.0378418 0.0107779 0.0129442 0.444215 0.168223 0.0482577 0.00208611 
0.000297579 0.00209982 0.0265893 3.57255e-05 0.00914051 0.927104 0.0188926 0.00552826 0.0102659 2.60389e-05 2.0401e-05 
0.00508318 0.00549022 0.000435395 0.00099786 0.96862 0.000282383 0.00979614 0.00509662 0.00401722 0.000172269 8.88877e-06 
0.142406 0.0671996 0.0498467 0.00226672 0.00933584 0.00512313 0.00436198 0.410141 0.252655 0.0566617 1.64276e-06 
0.0398096 0.521464 0.0318983 0.0103143 0.00412011 0.00237667 0.00403795 0.00584878 0.360744 0.0171365 0.00224911 
0.0243645 0.0337001 0.0293052 0.136337 0.328569 0.00823974 0.0217827 0.0121379 0.385922 0.019641 1.68251e-07 
0.324206 0.0169009 0.0001304 3.91007e-07 0.000117155 4.09696e-06 1.53989e-05 0.000848005 0.350391 0.307386 3.80419e-08 
0.0246481 0.0207992 0.864962 8.57438e-05 0.00224139 0.0179189 0.0353187 0.000787764 0.020391 0.0128451 2.39434e-06 
0.67753 0.0121323 0.0784349 4.85712e-05 0.000169707 0.000592064 0.0439117 0.00984731 0.10629 0.0710412 2.08432e-06 
0.0818697 0.0176008 0.0283378 3.89718e-05 0.030107 0.00250667 0.000331164 0.053031 0.457607 0.32857 4.88602e-07 
0.00383885 0.0174689 0.0902344 0.000149082 0.00236971 0.00248427 0.00612287 0.762694 0.111817 0.00282042 2.82802e-07 
0.523111 0.0296032 0.207713 0.00106976 0.122033 0.0870719 0.00200588 0.00265481 0.0184028 0.00628276 5.14804e-05 
0.161469 0.277388 0.133658 0.00363194 0.110036 0.00989911 0.00614993 0.0331235 0.151849 0.112768 2.6086e-05 
0.0426527 0.00957722 0.0468017 9.10679e-07 0.0112985 0.818153 0.003498 0.00182804 0.0619529 0.00423652 9.44001e-08 
0.108123 0.125951 0.136187 0.0269528 0.0232555 0.0331193 0.0481425 0.0591921 0.156149 0.282927 5.02963e-07 
0.000168708 0.00179002 0.000528477 0.00152213 9.81547e-07 2.53009e-05 0.995013 0.000885458 2.86439e-06 6.31343e-05 3.59113e-08 
0.176065 0.0341984 0.0502771 0.00445851 0.0110502 0.0131442 0.0148137 0.0166783 0.566632 0.112397 0.000285129 
0.0215591 0.400272 0.0643982 0.00261731 0.0311513 0.0366748 0.0439229 0.142256 0.215649 0.0414731 2.58364e-05 
0.236392 0.00752336 0.342977 3.38646e-05 0.00399941 0.0550308 0.103716 0.0889272 0.0995307 0.0618569 1.30276e-05 
0.201522 0.00178108 0.0148841 1.11552e-05 0.467203 0.00129437 0.0703709 3.8017e-05 0.069646 0.173249 2.11165e-07 
0.0879405 0.287058 0.150823 0.00139384 0.00322485 0.0469833 0.0377967 0.330181 0.0472796 0.00623052 0.00108876 
0.00655426 0.847135 0.0248231 0.00495766 0.0183988 0.00336683 0.019039 0.0374891 0.030781 0.00745385 1.40459e-06 
0.0115144 0.0576833 0.194914 0.000427478 0.185954 0.0282596 0.00632171 0.513021 9.60759e-07 0.00190354 4.80598e-07 
0.263705 0.0416942 0.0685859 2.12396e-05 0.0561604 0.00222292 0.048091 0.0187828 0.452339 0.0483961 2.1273e-06 
0.000275953 0.042418 0.0107559 2.07831e-05 0.00267176 0.000623594 0.000205192 0.550537 0.386609 0.00588218 2.38361e-07 
0.0125016 0.00157828 0.961567 5.79831e-05 0.00083042 0.00653302 0.000147483 0.00287926 0.00920866 0.00469597 4.03471e-07 
0.220898 0.0126707 0.0901739 0.000211145 0.00963744 0.00499262 0.0429931 0.00582564 0.543686 0.0689096 1.8484e-06 
0.0575073 0.053257 0.257225 0.00159881 0.00381426 0.000758459 0.0126941 0.371455 0.170461 0.0711704 5.86173e-05 
0.329284 0.000757603 0.377086 0.00705991 0.0451566 0.00176649 0.002368 0.233047 0.00118029 0.00228876 4.4033e-06 
0.201522 0.00178108 0.0148841 1.11552e-05 0.467203 0.00129437 0.0703709 3.8017e-05 0.069646 0.173249 2.11165e-07 
0.7348 0.00620396 0.00666963 0.000183219 0.0107035 0.000191936 0.01753 0.00677106 0.125893 0.0910529 7.21669e-07 
0.0104567 0.00111517 0.0571311 9.40089e-06 0.0121775 0.00123716 0.823879 0.000403663 0.0836401 0.00994999 1.85441e-10 
0.0426527 0.00957722 0.0468017 9.10679e-07 0.0112985 0.818153 0.003498 0.00182804 0.0619529 0.00423652 9.44001e-08 
0.813066 0.0458646 0.00316917 0.00168195 0.00160152 0.0117804 4.41198e-05 0.0355164 0.0847682 0.00250481 2.55718e-06 
0.202189 0.0781212 0.0755223 0.00537593 0.00592303 0.00223896 0.0896288 0.0823209 0.293276 0.165364 3.96179e-05 
0.671934 0.0790968 0.0679289 0.000330193 0.000465856 0.0120611 0.00261171 0.00218993 0.127916 0.0354274 3.84204e-05 
0.079771 0.00576982 0.607057 3.86284e-05 0.00385869 0.00739077 0.233137 0.00480703 0.0460919 0.012077 1.53868e-06 
0.00202898 0.156984 0.0501592 0.00306392 0.00917732 0.024225 0.00156791 0.00464506 0.732195 0.0159514 2.76026e-06 
0.38814 0.0478919 0.117583 0.00183867 0.024121 0.0115637 0.0688612 0.00526982 0.232346 0.101332 0.00105204 
0.0635249 0.0204341 0.576141 1.54764e-05 0.00554376 0.0227062 0.10851 0.0326557 0.125278 0.0451889 2.84341e-06 
0.901316 0.00238623 0.0217119 0.000425291 0.000575116 2.46175e-08 8.62316e-09 0.000361733 0.0681431 0.00508028 1.46358e-09 
0.70623 0.0457977 0.0246461 0.0246447 0.166543 0.00530657 0.00499858 0.0107758 0.00742621 0.00316244 0.000469515 
0.00140095 0.226229 0.0628182 0.00506945 0.0472021 0.00735157 0.00312102 0.00137353 0.642589 0.00281672 2.84492e-05 
0.170111 0.0137302 0.0217628 0.000146651 0.00138542 0.00934885 0.00133744 0.0377548 0.162841 0.581566 1.61417e-05 
0.254409 0.00346777 0.11944 2.01772e-05 0.00010209 0.0129523 9.85141e-06 0.519932 0.0867308 0.00293544 3.44976e-09 
0.396941 0.139226 0.0794326 0.022279 0.00468616 0.00851433 0.0042498 0.0279466 0.265867 0.050709 0.00014841 
0.76021 0.0143122 0.0339721 0.00235454 0.00267482 0.00872531 0.0147581 0.00806366 0.121947 0.0327979 0.000183885 
0.0842113 0.0116032 0.0290516 0.000108204 0.781799 0.000351504 8.76125e-05 0.000572454 0.0700971 0.0221142 3.88273e-06 
0.000168974 0.0898937 0.0300098 0.00354494 0.301184 0.1453 0.0072531 0.0309144 0.127666 0.264057 6.83797e-06 
0.0192607 0.0953408 0.444673 0.0030007 0.0519442 0.00468196 0.108105 0.0253877 0.163594 0.0839553 5.69226e-05 
0.527096 0.43652 1.81131e-05 1.81093e-05 0.0362384 1.81064e-05 1.8111e-05 1.81105e-05 1.81134e-05 1.81116e-05 1.81004e-05 
0.0111342 0.0100927 0.294824 4.1029e-05 0.00734741 0.000334049 0.622312 0.0225909 0.0305109 0.000807909 4.9403e-06 
0.0790818 0.051427 0.0114466 0.632875 0.00144597 0.000880079 0.00390604 0.0140875 0.117181 0.0875289 0.000140811 
0.559452 0.0292681 0.0312504 0.000847976 0.214839 0.011617 0.0193134 0.0303125 0.0812984 0.0217687 3.26681e-05 
0.00527147 0.000344479 0.759507 3.2118e-06 0.120919 0.0608682 0.0443491 0.000287211 0.000302735 0.00814718 4.16269e-11 
0.0811228 0.0163307 0.170887 0.0199575 0.00105107 0.0342354 0.00637974 0.0115697 0.617203 0.0412625 7.67225e-09 
0.0743156 0.201024 0.0337957 0.00201 0.0167337 0.00886342 0.020678 0.0298364 0.528753 0.0839389 5.0727e-05 
0.0413676 0.0213876 0.0638396 0.0161038 0.023524 0.0631421 0.0164116 0.0407408 0.705429 0.00805022 4.19019e-06 
0.0731772 0.744706 0.00250034 0.063366 0.0278487 0.000339382 0.000708286 0.019185 0.052145 0.0159954 2.89721e-05 
0.167853 0.0643784 0.0302424 0.00309156 0.00464789 0.000713501 0.000977347 0.608147 0.0756053 0.0441406 0.000202674 
0.0332321 0.000409699 0.0257802 0.00302449 7.98186e-05 0.000819876 0.0531508 0.110411 0.0997668 0.673299 2.68191e-05 
0.553112 0.0947494 0.0390173 0.00734458 0.00347819 0.021802 0.00809923 0.00751186 0.242431 0.0223416 0.000113001 
0.0875787 0.0133766 0.0469186 1.06194e-05 0.0433368 0.000891593 0.0129022 0.00312224 0.631199 0.160661 3.14514e-06 
0.11268 0.776179 0.00177568 0.013279 0.00289544 0.00217221 9.68404e-05 0.0116286 0.0718298 0.0074631 5.08398e-07 
0.634076 0.0868157 0.00648986 0.059287 0.00534283 2.24771e-05 0.000456583 0.000238669 0.166503 0.0407606 6.99616e-06 
0.00174033 0.027421 0.0348896 2.24547e-07 0.00705427 0.000103484 6.57349e-07 0.708811 0.219084 0.000896058 7.71566e-09 
0.0666097 0.00582348 0.723991 6.64942e-05 0.0307327 0.0175916 0.00965842 0.0360411 0.103529 0.00594749 8.58575e-06 
0.00842022 0.000723028 0.105228 0.00170233 0.000166048 0.0014831 0.00129658 0.0296668 0.00767487 0.843639 3.53035e-09 
0.0248849 0.00950609 0.0962633 0.000714759 0.756933 0.0426851 0.0184276 0.0170331 0.0282896 0.00512111 0.000141937 
0.490945 0.00918977 0.13725 0.00312755 0.0031135 0.00570074 0.00475071 0.0813336 0.168737 0.095574 0.000278757 
0.0441148 0.021156 0.681376 2.8468e-05 0.00366749 0.0351521 0.0358423 0.0419686 0.121853 0.0148364 5.18341e-06 
0.00507275 0.00752432 0.0143735 7.65933e-05 0.00983604 0.79785 0.00014381 0.127353 0.0114493 0.0263214 4.32877e-08 
0.502056 0.00844223 0.0528589 3.03525e-05 0.00227824 0.000797775 0.000234165 0.00483784 0.402395 0.0260669 2.413e-06 
0.134126 0.0296883 0.130152 0.0537509 0.377393 0.0189355 3.89198e-05 0.00325017 0.190698 0.0619632 3.98743e-06 
0.0592789 0.247559 0.147203 0.0375151 0.0226555 0.00545296 0.0186286 0.396724 0.0597635 0.00518042 3.89627e-05 
0.422769 0.0460138 0.097325 0.00096047 0.000341611 0.0807385 0.0116487 0.299139 0.0169289 0.0241033 3.13755e-05 
0.0932672 0.00674985 0.591201 4.80987e-06 0.00666163 0.104894 0.0389331 0.0241206 0.11306 0.0211078 3.415e-07 
0.718964 0.00460224 0.000737507 4.82164e-09 0.000400087 0.000425736 1.55969e-08 0.00219268 0.25437 0.0183082 1.31665e-09 
0.0128719 0.313974 0.0112485 0.551684 0.00585039 0.000154402 0.024165 0.0660547 0.0116776 0.00232028 1.2841e-08 
0.0861864 0.0877773 0.0868416 0.0226136 0.0038812 0.00307189 0.00261335 0.52901 0.0684722 0.107603 0.00192952 
0.066202 0.0830814 0.282414 0.000228643 0.00931591 0.00314891 0.0280872 0.17811 0.278007 0.0713644 4.04967e-05 
0.0434682 0.127068 0.0674706 0.000394062 0.57149 0.0566046 0.0812737 0.00992889 0.0228516 0.0194273 2.22952e-05 
0.054588 0.0692126 0.153459 0.000672939 0.071325 0.0199327 0.00196044 0.414594 0.165247 0.0490083 5.3902e-07 
0.163813 0.00740458 0.0901359 3.3797e-06 0.00651696 0.000399655 0.00146316 0.000722379 0.540355 0.189186 5.26279e-07 
0.0436303 0.0131232 0.673964 0.00253654 0.00338248 0.0177076 0.170635 0.0159395 0.0476953 0.0111209 0.000265675 
0.0558741 0.0380419 0.0188203 0.69459 0.172019 0.00380951 0.00323424 0.0107419 0.00247553 0.000349917 4.4093e-05 
0.382481 0.174977 0.198486 0.00594081 0.00900395 0.0230203 0.0148188 0.0130445 0.148252 0.0297801 0.000195222 
0.0224156 0.0129822 0.665615 0.000369293 0.0129038 0.0196086 0.0367757 0.127941 0.0533836 0.0479941 1.15862e-05 
0.880406 0.00336708 0.0215554 2.45992e-05 0.000493823 0.00111914 0.00269799 0.00072115 0.0470899 0.0425248 4.29545e-07 
0.0369216 0.00962723 0.143439 4.5168e-05 0.0208048 0.0165104 0.000369079 0.691102 0.0467566 0.0344213 2.66193e-06 
0.693414 0.018768 0.0614023 3.47018e-05 0.000216593 0.000659871 0.0313658 0.0114454 0.125051 0.0576406 1.49748e-06 
0.328285 0.226579 0.033627 0.00270486 0.0231273 0.00262049 0.00491855 0.0257677 0.246378 0.105771 0.000220981 
0.0539855 0.379194 0.0184586 0.0454677 0.0278391 0.00338581 0.0323153 0.0117004 0.360239 0.0666305 0.000784294 
0.101093 0.184085 0.123008 0.000144489 0.0286872 0.00510885 1.67947e-07 0.1414 0.403799 0.0126755 5.54469e-08 
0.0512118 0.0425509 0.351699 7.31677e-05 0.0191625 0.0242182 0.0496975 0.0311565 0.346379 0.0838339 1.7484e-05 
0.131219 0.0172243 0.0400176 5.34284e-06 0.317522 0.000211269 0.00108 0.000219014 0.471335 0.0211658 5.00618e-07 
0.0291145 0.422034 0.0119539 0.00218362 0.0177439 0.00036581 0.0198469 0.0071373 0.456326 0.033273 2.11751e-05 
0.794046 0.00841196 0.0414396 6.43169e-05 0.0102824 0.000349897 0.000118547 0.0556197 0.0330083 0.0566182 4.16146e-05 
0.339256 0.166978 0.0380974 0.0014833 0.0313199 0.00507962 0.00677388 0.0277232 0.305195 0.0780912 2.11494e-06 
0.0571892 0.129137 0.0949007 0.000204339 0.00153198 0.120111 0.000244579 0.454151 0.0790969 0.0633679 6.49621e-05 
0.144855 0.0937742 0.041019 3.64885e-05 0.0678879 0.0212543 0.000265737 0.00461161 0.109813 0.516469 1.41466e-05 
0.349129 0.0258865 0.0616008 0.00185196 0.0502582 0.00633032 0.0181962 0.0152445 0.256493 0.214912 9.79826e-05 
0.00982219 0.0130286 0.0446311 1.34575e-05 0.00331775 0.0313976 0.00706351 0.711732 0.170895 0.00809459 4.69924e-06 
0.165857 0.0795151 0.0608289 0.00413461 0.00391084 0.0113759 3.08388e-07 0.665213 0.000870083 0.00829425 1.91698e-08 
0.127286 0.00358604 0.0469459 1.36071e-05 0.00459046 0.0296303 0.000425679 0.733651 0.0492194 0.00464647 5.2426e-06 
0.04888 0.0326474 0.36392 0.000139238 0.00669275 0.0613328 0.000364471 0.323713 0.148017 0.0142456 4.79449e-05 
0.201522 0.00178108 0.0148841 1.11552e-05 0.467203 0.00129437 0.0703709 3.8017e-05 0.069646 0.173249 2.11165e-07 
0.395218 0.0361403 0.0551214 0.0412502 0.00562461 0.00812953 0.00622451 0.0371424 0.377783 0.0372422 0.000124149 
0.0304333 0.00141172 0.0869274 2.88438e-05 1.57925e-05 0.825381 0.0331627 0.000541864 0.0194284 0.00266613 2.70339e-06 
0.60157 0.0152277 0.035663 0.000343232 0.0102117 0.00177848 0.00877064 0.0179292 0.135241 0.173232 3.2906e-05 
0.08496 0.0470268 0.19318 0.00124324 0.00330483 0.00530464 0.00848943 0.0508123 0.501441 0.104238 3.03006e-07 
0.00916927 0.530802 0.00990502 0.00142179 0.00891485 0.000479679 0.00184307 0.0116341 0.357812 0.0678602 0.000158181 
0.0979157 0.00947713 0.161977 7.19517e-05 0.00434005 9.26542e-05 0.0207011 0.0415185 0.401854 0.262051 1.06012e-06 
0.482555 0.00744843 0.0133287 0.000141845 0.00775603 0.000721833 0.000374534 0.00130369 0.314847 0.171523 7.19958e-07 
0.197051 0.00779755 0.137581 0.000230066 0.000784056 0.005149 0.00781614 0.204588 0.133361 0.305552 9.05033e-05 
0.142093 0.0133604 0.0748468 0.000133302 0.0486721 0.00629796 0.0148804 0.0161126 0.112247 0.571293 6.2728e-05 
0.0800574 0.204918 0.0959145 0.000295522 0.0302787 0.00235967 0.00114682 0.00387644 0.556873 0.0242684 1.18751e-05 
0.0643613 0.0683807 0.0393742 0.000860442 0.0157493 0.00673275 0.0127487 0.0149578 0.745086 0.0315515 0.00019742 
0.114344 0.242418 0.0913693 0.176548 0.0134532 0.011811 0.0084301 0.149793 0.167884 0.0239134 3.60841e-05 
0.0534967 0.0224663 0.115182 0.000109513 0.0785633 0.0328074 0.0355664 0.269766 0.316522 0.0754632 5.72384e-05 
0.393689 0.00086302 0.340565 0.0050056 0.00132178 0.0149021 0.000988451 0.00642964 0.21943 0.0167579 4.74979e-05 
0.0426527 0.00957722 0.0468017 9.10679e-07 0.0112985 0.818153 0.003498 0.00182804 0.0619529 0.00423652 9.44001e-08 
0.230341 0.032833 0.0931908 0.00049355 0.0133236 0.329222 0.000352621 0.00526465 0.280484 0.0144957 1.05217e-08 
0.848177 0.00209888 0.0190978 1.3186e-05 0.000559362 0.00468703 0.00203949 0.000871633 0.0783621 0.0440935 2.31728e-07 
0.00354461 0.000499056 0.00446113 4.8998e-05 0.979102 0.000432023 0.000676142 0.00909004 0.00178221 0.000361599 2.26206e-06 
0.146733 0.114961 0.0670905 0.00400805 0.0554401 0.0185072 0.0143078 0.0486877 0.454418 0.0746464 0.00119999 
0.192573 0.364374 0.0452228 0.00106114 0.0687162 0.000215526 0.000944871 0.00481064 0.251316 0.0707656 3.49206e-07 
0.0441348 0.0122465 0.0697353 0.00577344 0.0014167 0.676968 0.000619991 0.0776528 0.100768 0.0105592 0.000124777 
0.201522 0.00178108 0.0148841 1.11552e-05 0.467203 0.00129437 0.0703709 3.8017e-05 0.069646 0.173249 2.11165e-07 
0.136493 0.0302645 0.172145 0.000411963 0.0311533 0.0119915 0.0138998 0.495668 0.0573292 0.0504419 0.000202444 
0.0392217 0.0299428 0.230383 2.84188e-07 1.28484e-05 6.3621e-07 0.000908881 0.679654 0.0141975 0.00567804 8.81928e-10 
0.0300426 0.0358742 0.532901 0.0191638 0.00338208 0.103645 0.0141505 0.124227 0.0872321 0.0493473 3.50633e-05 
0.848177 0.00209888 0.0190978 1.3186e-05 0.000559362 0.00468703 0.00203949 0.000871633 0.0783621 0.0440935 2.31728e-07 
0.449242 0.0622364 0.0498171 0.00578785 0.0104592 0.00664868 0.00211174 0.0145897 0.339204 0.0598936 9.87961e-06 
0.0315177 0.0550068 0.49503 0.0275376 0.000448212 0.0176418 0.154158 0.0843969 0.0554145 0.078826 2.30288e-05 
0.201631 0.0868987 0.118845 0.0549892 0.121669 0.00981506 0.00073559 0.213129 0.155486 0.0368013 1.61627e-07 
0.0153191 0.5675 0.0120229 0.00390337 0.177522 0.0017779 0.000746978 0.0228809 0.159177 0.0391334 1.70578e-05 
0.0341806 0.669085 0.0582296 0.000401208 0.00591205 7.34152e-05 0.0235249 0.078407 0.0867861 0.0433402 5.98986e-05 
0.21314 0.069141 0.0900238 0.00103088 0.0048595 0.0277303 0.00465059 0.151659 0.353299 0.0844656 2.7287e-08 
0.000355737 0.000355727 0.996443 0.000355673 0.000355687 0.000355615 0.000355705 0.000355695 0.000355753 0.000355716 0.000355498 
0.786593 0.00193503 0.0206509 2.03131e-05 0.000115035 0.0028128 0.0611203 0.00191381 0.1126 0.0122313 7.10825e-06 
0.0345151 0.472888 0.212325 0.00330603 0.0717843 0.0027712 0.0106932 0.128561 0.0147118 0.0484434 6.97689e-07 
0.177655 0.084307 0.0624797 0.00290818 0.00489121 0.0103411 0.00057062 0.00767765 0.599498 0.0491071 0.000564425 
0.0336361 0.000639694 0.893035 2.55825e-05 0.000311243 0.0354642 0.00350735 0.00263596 0.0266636 0.00408154 4.35258e-08 
0.0413252 0.0188944 0.162733 0.000337985 0.0305669 0.000309722 0.028946 0.0115157 0.435294 0.270035 4.16382e-05 
0.454431 0.0419094 0.0894763 0.0114784 0.0166642 0.0602496 0.000513198 0.0669213 0.243199 0.0151423 1.5864e-05 
0.231696 0.000613802 0.146094 4.94519e-06 0.000240055 0.0145419 0.51972 0.0117258 0.0312264 0.0441373 3.81178e-07 
0.0458966 0.400143 0.0119305 0.007823 0.0307464 0.024959 0.000679743 0.00537325 0.460622 0.0118109 1.51871e-05 
0.0859404 0.0541787 0.414188 1.391e-06 0.00489027 0.000737229 0.00153891 0.0119612 0.398761 0.0278027 2.39097e-08 
0.0284405 1.92924e-06 0.186271 0.000449665 0.000976481 0.0440556 0.0068115 0.368971 0.331118 0.0329038 4.06529e-07 
0.0370684 0.0152126 0.02483 0.000606269 0.749588 0.000291523 0.109828 0.0625755 2.04401e-07 1.00999e-08 2.01348e-12 
0.0292794 0.0589903 0.0278932 1.23054e-05 0.0290929 0.00123437 0.00789598 0.0279202 0.780151 0.0375284 2.14461e-06 
0.0913922 0.348039 0.0280788 0.0895077 0.00228063 7.97687e-05 0.0415876 0.0175266 0.364025 0.017472 1.01026e-05 
0.602498 0.0408195 0.0178189 4.32651e-05 0.0284053 0.00130035 0.0601156 0.00215267 0.214912 0.0319328 1.15522e-06 
0.066239 0.012411 0.270457 2.37551e-05 0.00154359 0.0911056 0.000821786 0.256833 0.286414 0.0141475 3.83596e-06 
0.448471 0.0746884 0.201007 0.000206307 0.00725158 0.00776351 0.0138345 0.00489618 0.180551 0.0612285 0.000102799 
0.819551 0.00043633 0.0539462 0.00305617 0.00280553 0.00907693 0.0264502 0.000727628 0.0772433 0.00669532 1.18728e-05 
0.0208495 0.049587 0.3191 0.000622838 0.00245703 0.00876424 0.000227911 0.399573 0.196658 0.00215938 8.97823e-08 
0.00980075 0.0940903 0.00781928 6.00332e-05 0.0279858 0.0113674 5.47171e-05 0.668766 0.166819 0.0132335 3.4914e-06 
0.0426527 0.00957722 0.0468017 9.10679e-07 0.0112985 0.818153 0.003498 0.00182804 0.0619529 0.00423652 9.44001e-08 
0.170718 0.00100222 0.169274 4.58847e-06 0.00242205 0.000205547 9.03479e-05 0.633509 0.0146073 0.00816714 6.89578e-09 
0.276806 0.0380894 0.0648691 0.00402714 0.0248731 0.00265027 0.0188961 0.0140823 0.241963 0.313556 0.000188087 
0.13085 0.0183545 0.418696 1.48515e-06 0.0268374 5.31466e-06 0.0151831 0.31849 0.0678531 0.00372797 1.0506e-07 
0.382075 0.0822512 0.037216 8.81443e-05 0.0315635 0.000353887 0.00516688 0.00480284 0.340836 0.115628 1.79784e-05 
0.00602073 0.032524 0.0244752 3.11282e-05 0.134747 0.00315685 0.00884995 0.00612999 0.00145433 0.782611 7.48226e-11 
0.120198 0.112944 0.0862757 0.0191262 0.10824 0.0302703 0.019534 0.0504567 0.367951 0.0832276 0.00177654 
0.0591182 0.018813 0.410205 4.67347e-05 0.197675 0.00578393 0.00796747 0.0721971 0.166939 0.0612536 1.26154e-06 
0.019976 0.132864 0.0643742 0.00226459 0.00343212 0.00091421 0.239364 0.0197063 0.419806 0.096441 0.000857677 
0.0905531 0.0606878 0.069599 0.00131983 0.0560077 0.000811969 0.00887676 0.0105946 0.640732 0.0607726 4.44783e-05 
0.201522 0.00178108 0.0148841 1.11552e-05 0.467203 0.00129437 0.0703709 3.8017e-05 0.069646 0.173249 2.11165e-07 
0.00514096 0.097811 0.0625411 0.592454 0.00659716 0.0352203 5.38877e-05 0.176862 0.0221291 0.00119104 2.47887e-08 
0.834814 0.000772536 0.0371497 6.84192e-06 0.000136927 0.00150609 0.00498082 0.000295495 0.114994 0.00534376 2.47481e-07 
0.0338682 0.041986 0.0194194 0.00237715 0.800676 0.00193877 0.0647309 0.0105064 0.0221424 0.00235432 8.54295e-07 
0.0538404 0.0296498 0.120337 0.00487807 0.173534 0.00279689 0.00523008 0.307442 0.0299203 0.271649 0.000723312 
0.901316 0.00238623 0.0217119 0.000425291 0.000575116 2.46175e-08 8.62316e-09 0.000361733 0.0681431 0.00508028 1.46358e-09 
0.13579 0.427086 0.0776682 0.00203152 0.0117869 0.000399959 0.0067368 0.018334 0.241719 0.0781298 0.00031775 
0.13527 0.00907813 0.0925141 0.450836 0.290905 0.00340909 0.000143778 0.00686417 0.0094391 0.00154058 3.36533e-09 
0.00218989 0.0529141 0.0245553 5.62721e-05 0.00106873 0.000466934 0.000115131 0.803646 0.0872036 0.0277621 2.25013e-05 
0.0246191 0.00112938 0.0816052 2.47519e-05 1.26343e-05 0.846459 0.0280234 0.000447199 0.0155428 0.0021343 2.16309e-06 
6.11187e-06 6.1117e-06 0.0849629 6.11076e-06 6.11101e-06 6.10977e-06 6.11131e-06 0.0745621 0.840426 6.11151e-06 6.10776e-06 
0.149751 0.254503 0.00329327 0.00222126 0.000959817 0.000459578 0.0033025 0.427316 0.0167402 0.141195 0.000259202 
0.0373248 0.0427249 0.107692 0.00716459 0.00170108 0.011798 0.226811 0.0310364 0.0411404 0.491041 0.00156578 
0.138608 0.041104 0.299563 0.000396141 0.000448911 0.0233895 0.066738 0.34974 0.0696805 0.0103138 1.72086e-05 
0.877321 0.000139897 0.0396233 8.15431e-06 0.000576406 0.00167831 0.0394383 0.000467516 0.037868 0.00287779 1.71944e-06 
0.597986 0.0332217 0.00726599 0.000947208 0.233435 0.00124196 0.00877119 0.0170136 0.0223637 0.0775525 0.000201596 
0.0164435 0.00292456 0.15611 6.90721e-06 0.00319745 0.00659184 0.697233 0.00290604 0.0429063 0.0716805 4.43047e-07 
0.128691 0.44914 0.0677564 0.167119 0.0063719 0.00235274 0.0179724 0.0448389 0.087194 0.0280096 0.000554644 
0.420938 0.202036 0.02114 0.00951091 0.0165421 0.016758 0.00397213 0.0032131 0.222867 0.0830066 1.65994e-05 
0.0579843 0.559633 0.00680839 5.92939e-05 0.00575954 0.00068957 0.000224274 0.0312945 0.330897 0.00663802 1.18515e-05 
0.00717165 0.653878 0.000204099 1.23117e-08 0.000169147 1.01284e-06 0.000154322 7.64055e-05 0.31151 0.0268359 3.23535e-09 
0.0134928 0.0185975 0.00567703 0.000210099 0.955316 0.000395059 0.00342618 0.00288472 2.81797e-07 1.16083e-08 1.95193e-12 
0.11268 0.776179 0.00177568 0.013279 0.00289544 0.00217221 9.68404e-05 0.0116286 0.0718298 0.0074631 5.08398e-07 
0.111713 0.000583541 0.0965698 1.33296e-06 6.15369e-06 0.0240736 0.00117031 0.00761134 0.741195 0.0170754 6.8566e-09 
0.315777 0.0593356 0.139449 0.00954224 0.0236119 0.00511698 0.00263846 0.129974 0.205776 0.108762 1.74538e-05 
0.00354461 0.000499056 0.00446113 4.8998e-05 0.979102 0.000432023 0.000676142 0.00909004 0.00178221 0.000361599 2.26206e-06 
0.0967389 0.466406 0.159504 0.00102435 0.0136889 0.0151507 0.022738 0.0151273 0.165155 0.0444618 5.36231e-06 
0.0876112 0.0724052 0.000785478 0.000128792 0.000471257 0.00805541 0.00293455 0.794796 0.0124687 0.0203074 3.58339e-05 
0.201522 0.00178108 0.0148841 1.11552e-05 0.467203 0.00129437 0.0703709 3.8017e-05 0.069646 0.173249 2.11165e-07 
0.226459 0.0296582 0.0398487 9.93487e-06 0.000381736 0.00252214 0.00247773 0.00336613 0.637031 0.0582447 2.71371e-10 
0.0979955 0.0564036 0.080637 8.18132e-06 0.0286104 0.0319079 0.00151614 0.275731 0.367967 0.0592233 1.23016e-07 
0.265113 0.0172083 0.0312363 6.23746e-05 0.000341592 0.00657904 0.0552096 0.00308736 0.426119 0.195043 3.92837e-07 
0.0462445 0.276741 0.0223855 0.000511694 0.0016286 0.0109364 0.0322613 0.346255 0.199267 0.063709 5.91002e-05 
0.0638524 0.00723241 0.322882 9.84144e-05 0.0546718 0.000898583 0.0648192 0.0518703 0.308647 0.125014 1.31043e-05 
0.0689532 0.0605438 0.0317923 0.000517547 0.0154478 0.00184099 0.00549012 0.174427 0.254569 0.386304 0.000114349 
0.12421 0.0778189 0.144077 0.000689825 0.038619 0.0643026 0.0274612 0.376999 0.123205 0.0225244 9.32117e-05 
0.135732 0.355846 0.0589492 0.000278476 0.0103509 0.00106701 0.118837 0.0566904 0.215055 0.0469973 0.00019582 
0.0385934 0.419711 0.114891 0.000328285 0.00647451 0.00921192 0.0285396 0.280687 0.08522 0.0162976 4.62169e-05 
0.0720857 0.278358 0.190684 0.000741842 0.000612249 0.241895 0.0153077 0.0404007 0.114316 0.0455731 2.6113e-05 
0.0285964 0.0113574 0.628418 0.000599901 0.000312142 0.00362491 0.29434 0.00275554 0.0277061 0.00226966 1.98245e-05 
0.235115 0.0854451 0.0924078 0.065054 0.00564666 0.00929108 0.0174845 0.0455908 0.386279 0.0575208 0.000165539 
0.306329 0.0275926 0.0491117 5.01873e-05 0.0385224 0.00224909 0.00316114 0.0184217 0.142282 0.41224 4.00826e-05 
0.026002 0.263063 0.243176 2.39644e-05 0.0011175 0.0366066 0.0117167 0.00736711 0.33244 0.0784868 7.17794e-07 
