0.308567 0.111075 0.0738691 0.013343 0.00365211 0.0114315 0.0142378 0.0180769 0.358577 0.087122 4.83703e-05 
0.651141 0.00910588 0.0292162 3.89445e-05 0.000619747 0.000572742 0.000354279 0.0210443 0.255118 0.0327786 9.67428e-06 
0.0169765 0.41535 0.021177 0.00123545 0.00487374 0.00454131 0.0126941 0.133546 0.285226 0.103697 0.000682938 
0.00532284 0.0107883 0.0209426 0.000204022 0.00586163 0.00086624 0.00617255 0.929726 0.0113515 0.00875958 5.16639e-06 
0.0266704 0.362153 0.0188651 0.0492445 0.0196591 0.00126664 0.0101923 0.0537102 0.426467 0.030599 0.00117352 
0.877321 0.000139897 0.0396233 8.15431e-06 0.000576406 0.00167831 0.0394383 0.000467516 0.037868 0.00287779 1.71944e-06 
0.563013 0.0196195 0.0373086 0.00454024 0.00822245 0.0054872 0.00679865 0.00271231 0.0854052 0.266579 0.000313758 
0.673299 0.00266387 0.0309794 9.1206e-05 0.00308056 4.0614e-05 1.88196e-05 0.179142 0.1106 8.13205e-05 4.26387e-06 
0.0979894 0.471489 0.0259654 0.00847513 0.0238989 0.00154577 0.0155317 0.0237179 0.251052 0.079202 0.00113308 
0.0296731 0.0883375 0.526851 0.065985 0.0087198 0.0452145 0.0189659 0.0427248 0.159442 0.0135548 0.000532047 
0.545606 0.0123239 0.0581131 0.000639216 0.00141645 0.0270107 0.0125477 0.0535725 0.220326 0.0683723 7.17689e-05 
0.101409 0.0288293 0.32453 0.00085241 0.000773841 0.0948189 0.0330013 0.0726613 0.333553 0.00954291 2.8144e-05 
0.157378 0.0722147 0.129587 0.00391564 0.0194299 0.00230615 0.0317017 0.0345157 0.37929 0.169145 0.000516737 
0.0169138 0.600032 0.0961305 0.0144325 0.037113 0.00753644 7.89014e-06 0.0838011 0.142145 0.00188498 1.92917e-06 
0.0318493 0.242003 0.0556921 0.0736821 0.190788 0.00583016 0.00837469 0.220912 0.114975 0.0554794 0.000414597 
0.0556043 0.315894 0.0273612 0.00100347 0.170797 0.00051366 0.0145448 0.193038 0.164611 0.0565587 7.49103e-05 
0.177806 0.599405 0.0160729 0.08579 0.0213523 0.00122445 0.000937428 0.0323497 0.0520357 0.0129293 9.68553e-05 
0.0246191 0.00112938 0.0816052 2.47519e-05 1.26343e-05 0.846459 0.0280234 0.000447199 0.0155428 0.0021343 2.16309e-06 
0.296318 0.0279551 0.0595864 0.00996064 0.00327921 0.00775044 0.0232751 0.00875314 0.531254 0.0318672 1.50129e-06 
0.828843 0.00375159 0.00326742 4.63809e-05 0.00328636 4.1036e-05 0.0128292 0.000908303 0.022848 0.124174 5.16503e-06 
0.161199 0.336222 0.0624818 0.134335 0.019142 0.00613281 0.0275463 0.0354959 0.124492 0.0922049 0.000748129 
0.086102 0.248247 0.0144119 0.188079 0.0528796 0.00100639 0.00362137 0.0769019 0.23467 0.0940735 7.45339e-06 
0.00935791 0.539133 0.000669531 0.00205212 0.00468793 2.79669e-05 0.000289903 0.000369523 0.411381 0.0320229 7.71809e-06 
0.103532 0.00728395 0.654931 0.00026852 0.00104669 0.106758 0.0685401 0.0226081 0.0287183 0.00630432 8.90864e-06 
0.923437 0.0343168 0.0141875 0.00127873 0.00660655 7.0201e-05 0.00399938 0.00542387 0.00893866 0.00172991 1.13421e-05 
0.0247397 0.00320918 0.829715 4.51786e-05 0.00900257 0.0695898 0.00208852 0.04115 0.0188514 0.00160885 8.45386e-09 
0.0817655 0.0245634 0.125095 0.00197344 0.118 0.00998931 0.0101127 0.0568446 0.175954 0.3954 0.000302582 
0.0140228 0.408605 0.00603949 0.492285 0.00536547 0.000849409 0.00412713 0.0172321 0.035929 0.0152263 0.000318456 
0.100648 0.142502 0.0537851 0.00290098 0.030507 0.00101768 0.021829 0.0104584 0.573297 0.0630475 7.54263e-06 
0.170079 0.0319164 0.117512 0.00082725 0.0159132 0.0393952 0.0272214 0.0353179 0.482146 0.0795032 0.000167947 
0.201522 0.00178108 0.0148841 1.11552e-05 0.467203 0.00129437 0.0703709 3.8017e-05 0.069646 0.173249 2.11165e-07 
0.0485743 0.0307952 0.128201 0.000433816 0.00591459 0.00668525 0.00398063 0.641013 0.0842631 0.050066 7.29636e-05 
0.00247914 0.243169 0.0253381 0.000159628 0.0040964 0.00137987 0.223131 0.47471 0.0253251 0.00020591 5.81086e-06 
0.0896298 0.200709 0.0826269 0.00172631 0.0350622 0.350501 0.00762536 0.0611059 0.167334 0.00366202 1.72319e-05 
0.139569 0.0380357 0.439268 1.31758e-07 0.00184381 0.0196085 9.55882e-06 0.0486713 0.300278 0.0127155 3.69788e-08 
0.137216 0.00632817 0.153149 0.000263247 0.00143115 0.0172572 0.00782985 0.0125907 0.254128 0.409762 4.54892e-05 
0.0869959 0.29365 0.143671 0.0190338 0.0233092 0.0309175 0.0325804 0.0156303 0.24249 0.110434 0.00128872 
0.0360544 0.00783432 0.275536 0.000229112 0.000323104 0.396938 0.224428 0.0213183 0.02696 0.010358 1.98911e-05 
0.396527 0.0105397 0.041011 1.89133e-06 0.00346612 0.00529671 0.000115053 0.00128407 0.534718 0.00704024 2.82579e-09 
0.0847888 0.124953 0.071255 0.0317942 0.2657 0.0435979 0.00101362 0.0283959 0.206179 0.141894 0.000428608 
0.0342779 0.0654382 0.0555094 0.57797 0.00711957 0.00285254 0.00099068 0.0841568 0.157762 0.0138447 7.81894e-05 
0.00508318 0.00549022 0.000435395 0.00099786 0.96862 0.000282383 0.00979614 0.00509662 0.00401722 0.000172269 8.88877e-06 
0.00845043 0.307975 0.112098 0.401709 0.000237989 0.00110992 0.0274542 0.092184 0.0432882 0.00549383 1.97806e-11 
0.593254 0.0162359 0.0268697 3.80452e-05 0.0160469 0.00104344 0.0093334 0.00596833 0.161542 0.169652 1.69148e-05 
0.0278525 0.391907 0.017032 0.000180053 0.0048253 0.000207593 0.00401562 0.00171063 0.437295 0.114852 0.000121435 
0.40385 0.00243597 0.026019 2.57547e-08 0.138484 1.05269e-07 0.000321798 6.07545e-08 0.214557 0.214332 2.10219e-08 
0.105896 0.0487842 0.0567358 0.00509187 0.00459152 0.00569558 0.0147042 0.021302 0.544534 0.192517 0.000148349 
0.558301 0.0580445 0.180914 0.015795 0.00457444 0.00265186 0.0762643 0.0110279 0.0584174 0.0333327 0.00067687 
0.0651636 0.000278244 0.513576 4.0516e-08 0.00267738 0.0397632 0.0086948 0.225108 0.141371 0.00336744 2.82707e-09 
0.0417313 0.0626696 0.0679508 5.36374e-05 0.000582446 0.00735168 0.0441431 0.0142058 0.692696 0.0686069 8.23869e-06 
0.045307 0.243082 0.110853 0.170379 0.00496156 0.252855 0.00196752 0.108115 0.0389663 0.0235116 1.80229e-06 
0.0720857 0.278358 0.190684 0.000741842 0.000612249 0.241895 0.0153077 0.0404007 0.114316 0.0455731 2.6113e-05 
0.174584 0.401618 0.0403906 0.0105943 0.0261953 0.00321198 0.00518643 0.00178349 0.279256 0.0569854 0.000195519 
0.0512244 0.0508912 0.1779 0.000282884 0.00373692 0.0321432 0.000421081 0.544147 0.044552 0.0946091 9.23231e-05 
0.0667715 0.80164 0.0138522 0.000843441 0.0108142 0.00107237 0.0023043 0.023733 0.0727323 0.00621497 2.2133e-05 
0.0546837 0.290315 0.0439844 0.00214905 0.101861 0.0019819 0.0113752 0.0445223 0.41522 0.0323445 0.00156246 
0.0441234 0.0171856 0.0249879 0.00278287 0.791142 0.0150419 2.30247e-05 0.0214681 0.0700279 0.0132132 3.75007e-06 
0.00636211 0.305862 0.00781036 7.12401e-08 0.0050241 0.00156512 0.0006087 0.019696 0.641324 0.0117472 1.03173e-11 
0.249444 0.0255159 0.00306215 4.0961e-05 0.0414869 0.00176165 0.0456345 0.000895105 0.619165 0.0129869 7.06763e-06 
0.00653737 0.0305394 0.857492 3.15924e-05 0.00420446 0.00572105 0.0750828 0.00923531 0.0108011 0.000347533 7.22855e-06 
0.25188 0.0417623 0.0541965 0.000104802 0.00881975 0.000107152 0.0114861 0.00853734 0.196484 0.426539 8.33874e-05 
0.136384 0.0964884 0.133349 0.000362024 0.140029 0.00344191 0.0404279 0.204028 0.145064 0.100426 2.84735e-07 
0.188205 0.0379934 0.043434 0.00728088 0.0133118 0.000482858 0.0258489 0.0180321 0.12022 0.545065 0.000125729 
0.0527966 0.4041 0.0655142 0.0221359 0.0692476 0.0011806 0.0104871 0.0113335 0.23504 0.128059 0.000106179 
0.379256 0.0210132 0.0631022 0.000947392 0.0340305 0.00279462 0.0162537 0.0408383 0.380963 0.0607192 8.16399e-05 
0.0426527 0.00957722 0.0468017 9.10679e-07 0.0112985 0.818153 0.003498 0.00182804 0.0619529 0.00423652 9.44001e-08 
0.00990972 0.0666497 0.237368 2.31416e-05 0.00345025 0.000938755 0.171273 0.0765672 0.421452 0.0123452 2.21268e-05 
0.085653 0.0188673 0.0637892 1.59117e-05 0.000473702 0.0097734 0.000763633 0.00874612 0.744678 0.067229 1.0983e-05 
0.0790167 0.0519685 0.260268 0.0244291 0.026695 0.00863282 0.00161955 0.340357 0.200326 0.00663849 4.86899e-05 
0.0729365 0.0981935 0.0252213 0.000233219 0.0246998 0.000174427 0.000745528 0.00710768 0.732017 0.0386073 6.36565e-05 
0.206248 0.126408 0.0608815 0.00580569 0.0283254 0.00362151 0.0360854 0.0396918 0.434888 0.0558126 0.00223198 
0.105901 0.0357642 0.731486 9.58475e-05 0.00851637 0.0070376 0.0313879 0.0337838 0.0124024 0.0336206 3.93125e-06 
0.228397 0.13798 0.116882 0.003634 0.0194271 0.0012153 0.0126518 0.2138 0.0318321 0.234164 1.72151e-05 
0.0162431 0.627126 0.00697348 0.00141566 0.004922 4.36744e-05 8.67299e-05 0.266477 0.0456797 0.0310323 5.50615e-08 
0.0157842 0.0984289 0.03868 0.000248501 0.00119644 0.0120625 0.00200766 0.676093 0.146291 0.00920759 5.60712e-07 
0.337547 0.000606141 0.377303 0.00564923 0.0417766 0.00141345 0.00189458 0.230259 0.00094979 0.00259869 3.55005e-06 
0.0777544 0.0857439 0.0352872 0.00833783 0.0612586 0.000248064 0.0203429 0.00681032 0.53698 0.167152 8.54291e-05 
0.000649821 0.0565404 0.323759 2.3408e-05 0.0947964 0.047461 0.0533323 0.143034 0.214219 0.0661744 1.00972e-05 
4.34035e-06 0.0449135 0.755217 8.88531e-07 0.102434 0.014933 0.000475078 0.00142669 0.0805955 9.08649e-07 3.12661e-11 
0.000444103 0.00106137 9.22874e-05 0.000136233 0.000246496 0.000114271 0.000332651 0.996739 6.21629e-05 0.00076449 6.4537e-06 
0.0357361 0.00655232 0.766333 3.08324e-05 0.00124218 0.00606766 0.0895611 0.015179 0.077532 0.00176385 2.05799e-06 
0.15399 0.0500897 0.0210022 0.000250548 0.0335333 0.00174175 0.00414341 0.0170251 0.188848 0.529373 3.45405e-06 
0.880406 0.00336708 0.0215554 2.45992e-05 0.000493823 0.00111914 0.00269799 0.00072115 0.0470899 0.0425248 4.29545e-07 
0.0791691 0.0294091 1.56201e-05 0.000187278 7.74363e-08 5.3911e-06 1.40787e-06 0.172934 0.718273 4.9452e-06 6.64401e-11 
0.184878 0.02623 0.124149 7.41919e-06 0.00150686 0.000910212 0.00192138 0.0015752 0.638083 0.0207365 2.47118e-06 
0.0233462 0.0160931 0.0587651 0.00019089 0.0127003 0.00180128 0.000327105 0.785467 0.0765161 0.0247754 1.7628e-05 
0.10888 0.0306411 0.0545456 5.58072e-05 0.325903 0.00240795 0.00296051 0.0420595 0.3839 0.0486203 2.64071e-05 
0.00974835 0.123196 0.00591031 5.0454e-05 0.00643914 0.000124066 0.70541 0.000650914 0.132529 0.0159131 2.88897e-05 
0.0158357 0.00184705 0.0820689 0.000112489 0.00175678 0.0120804 0.803696 0.00267284 0.022838 0.057087 4.89796e-06 
0.130775 0.106306 0.0808217 0.0335982 0.00275462 0.00817431 0.0544368 0.0216325 0.425569 0.135707 0.000225087 
0.0311888 0.15997 0.0243561 0.00200955 0.719629 0.000298779 0.011035 0.00556985 0.0269406 0.0190025 1.04558e-08 
0.0111299 0.0112706 0.175958 0.000881042 0.00180436 0.00395358 0.73609 0.00531529 0.0512328 0.00221585 0.000148282 
0.024611 0.00835593 0.22888 8.47588e-05 0.000624563 0.00105895 0.0930373 0.146555 0.438656 0.0581369 1.10764e-11 
0.0152142 0.154839 0.484274 6.21559e-05 0.00690943 0.00859843 0.0812607 0.0202514 0.113865 0.114718 8.02906e-06 
0.0118239 0.467356 0.0505768 7.3687e-05 0.0504001 0.00293177 0.0427477 0.154658 0.0584508 0.160972 9.57268e-06 
0.0974882 0.471856 0.0639508 0.0173652 0.0299192 0.000557118 0.0320166 0.0929247 0.133882 0.0597331 0.000306417 
0.590511 0.000727925 0.0333502 2.14788e-05 0.000244079 0.00256075 0.0922977 0.011354 0.177988 0.0909415 3.49116e-06 
0.0134623 0.0669434 0.0133926 0.00161124 0.711706 0.000843648 0.00284318 0.0884985 0.0896473 0.0108587 0.000193708 
0.408388 0.0182339 0.0655757 0.00077381 0.00212347 2.72619e-05 0.000677691 0.0489777 0.417608 0.0376144 1.23855e-08 
0.00842022 0.000723028 0.105228 0.00170233 0.000166048 0.0014831 0.00129658 0.0296668 0.00767487 0.843639 3.53035e-09 
0.232826 0.292011 0.0413007 0.0340486 0.0393551 0.0110148 0.0213919 0.00529938 0.257217 0.0650688 0.000466344 
0.123358 0.0894323 0.0760616 0.00162327 0.00853786 0.000995447 0.0061532 0.207624 0.31567 0.170318 0.000227248 
0.0263457 0.183802 0.00922894 2.63883e-05 0.152829 0.00168346 0.0194176 0.310847 0.235054 0.0607648 6.67764e-07 
0.0756859 0.0270816 0.650556 0.0115174 0.0132457 0.0527228 0.0509297 0.0226349 0.0687383 0.0244579 0.00243031 
0.0645266 0.243409 0.059139 4.51407e-05 0.00489904 0.0116145 0.0124282 0.028335 0.571119 0.00448392 3.19128e-09 
0.105065 0.075826 0.0756826 0.00782769 0.0469146 0.00272382 0.0105841 0.427048 0.0310473 0.217273 7.43776e-06 
0.176994 0.159162 0.32925 0.00104122 0.0541697 0.00040369 0.0061336 0.0245833 0.127147 0.121114 1.75141e-06 
0.0386311 0.070341 0.166691 0.00828033 0.00945152 0.0136581 0.000916662 0.372249 0.304991 0.0144346 0.000355441 
0.0176001 0.317571 0.0298149 0.275892 0.000776495 0.00174902 0.00442826 0.294662 0.0354006 0.0217487 0.000357032 
0.0028033 0.072704 0.00421516 0.000156212 2.13666e-06 2.90853e-06 2.24056e-05 0.916082 0.00267714 0.00133456 2.84013e-07 
0.0527552 0.0175592 0.506244 0.000778584 0.00546985 0.0726867 0.265075 0.017932 0.0513538 0.00955339 0.000591941 
0.0338682 0.041986 0.0194194 0.00237715 0.800676 0.00193877 0.0647309 0.0105064 0.0221424 0.00235432 8.54295e-07 
0.000107594 9.94881e-05 0.0369737 7.07705e-07 6.65197e-05 3.76645e-05 0.961542 0.000237785 0.000770335 0.00016372 2.38037e-07 
0.700327 0.10525 0.00873763 0.000666764 0.00499272 0.00162302 0.00186891 0.00225636 0.138395 0.035746 0.000136131 
0.0847565 0.0578595 0.16622 3.67149e-05 6.49619e-05 0.0100121 0.0863626 0.0232274 0.557101 0.0143224 3.6464e-05 
0.116595 0.199425 0.119727 0.000139035 0.00822411 0.000413716 0.0370239 0.281001 0.172568 0.0648194 6.33426e-05 
0.511854 0.0139801 0.172176 2.21218e-06 0.0276053 0.000427175 0.0765747 0.0363233 0.00612445 0.154932 3.84756e-07 
0.648512 0.0299162 0.119909 4.94132e-05 0.0001304 0.00061503 0.0626577 0.0174964 0.0644428 0.0562709 5.71209e-08 
0.230535 0.0950426 0.00162188 1.92127e-05 0.00139314 2.77641e-05 4.61351e-05 0.00590766 0.641083 0.0243238 4.73956e-08 
0.114154 0.00520758 0.0313921 5.5048e-06 0.000195364 0.00467597 0.000399139 0.0687492 0.767934 0.00728721 5.59243e-08 
0.800552 0.000786853 0.0294677 2.66697e-05 0.00179243 0.0897556 0.000996786 0.000296531 0.066686 0.00963929 2.82496e-09 
0.731246 0.0259433 0.0994886 0.000426085 0.00161446 0.00166441 0.00194325 0.0227134 0.102009 0.0129469 4.52348e-06 
0.0113536 0.00993078 0.0176911 0.00104323 0.893795 0.00151611 0.0186733 0.0284327 0.0160558 0.00138836 0.000119666 
0.850767 0.0137249 0.00864405 0.000448301 0.00642637 9.99719e-05 0.00490007 0.0031653 0.0443652 0.0674533 5.77447e-06 
0.0161658 0.0527318 0.0703557 0.000222808 0.00371706 0.00947427 0.111659 0.523157 0.208485 0.00397453 5.7315e-05 
0.0598007 0.0120936 0.312401 0.00046779 0.0598276 0.223336 0.00181445 0.086526 0.238205 0.00546672 6.1509e-05 
3.63285e-06 0.1471 0.0399668 1.01265e-07 0.00595949 0.00850342 2.32242e-06 3.30156e-07 0.798459 4.87864e-06 2.65076e-08 
0.0686825 0.67258 0.0699142 0.00167022 0.00794336 0.0247745 0.00614638 0.0745012 0.058888 0.0141964 0.000702786 
0.848177 0.00209888 0.0190978 1.3186e-05 0.000559362 0.00468703 0.00203949 0.000871633 0.0783621 0.0440935 2.31728e-07 
0.000512784 0.0472017 0.0148076 3.30151e-05 0.00278243 0.00192757 0.000218014 0.561463 0.364437 0.00660172 1.59973e-05 
0.0148155 0.00876208 0.0854864 6.30916e-05 0.000711075 0.0114068 0.836272 0.00395741 0.0363125 0.00221201 8.56241e-07 
0.233588 0.0890139 0.0519955 0.0326943 0.00515598 0.00252306 0.0368016 0.0928209 0.425606 0.0297041 9.67118e-05 
0.0010141 0.000710208 0.0756646 3.23021e-05 8.61626e-06 0.921415 0.000701387 0.000134006 1.89035e-05 0.00029901 2.26803e-06 
0.0231742 0.0335219 0.132609 1.49131e-05 0.0673054 0.0077635 0.00141078 0.0115555 0.707208 0.0154367 1.26276e-09 
0.00636211 0.305862 0.00781036 7.12401e-08 0.0050241 0.00156512 0.0006087 0.019696 0.641324 0.0117472 1.03173e-11 
0.0426527 0.00957722 0.0468017 9.10679e-07 0.0112985 0.818153 0.003498 0.00182804 0.0619529 0.00423652 9.44001e-08 
0.21622 0.00521207 0.00989003 3.60013e-05 0.71026 0.000476163 0.0209561 7.78091e-05 0.0120162 0.0248488 6.87602e-06 
0.0161658 0.0527318 0.0703557 0.000222808 0.00371706 0.00947427 0.111659 0.523157 0.208485 0.00397453 5.7315e-05 
0.582317 0.123032 0.0204749 0.000139244 0.00419285 0.00362244 0.000114 0.00136208 0.254268 0.0104036 7.36718e-05 
0.25347 0.104304 0.0481875 0.000480733 0.0363044 0.0100821 0.00920282 0.014605 0.457979 0.0652141 0.000171108 
0.102586 0.316106 0.15186 0.0040295 0.0136871 0.0168711 0.0081269 0.2661 0.0648883 0.0555208 0.000223592 
0.0839386 0.0705189 0.0126383 4.94154e-05 0.0125757 2.15242e-05 9.0393e-05 0.00346606 0.319319 0.497372 1.00096e-05 
0.00384583 0.0475288 0.548224 6.89788e-05 0.0135435 0.000413143 0.306147 0.0468821 0.031039 0.00228877 1.81408e-05 
0.0269161 0.13502 0.119868 0.000670406 2.5555e-05 0.0020944 0.00744993 0.646435 0.0580944 0.00342508 5.71611e-07 
0.443361 0.000925696 0.0199297 2.31753e-06 0.000142709 0.00107998 0.000103086 0.00749539 0.484306 0.0426548 1.29374e-08 
0.772039 0.0081552 0.0929557 8.40998e-05 0.00517038 0.000270452 0.0225573 0.000614453 0.0622995 0.0358526 1.6572e-06 
0.67753 0.0121323 0.0784349 4.85712e-05 0.000169707 0.000592064 0.0439117 0.00984731 0.10629 0.0710412 2.08432e-06 
0.0203297 0.162266 0.140391 0.0778012 0.0166237 0.0139525 0.000297226 0.519223 0.0418197 0.00729679 1.03172e-07 
0.0498573 0.0398507 0.0111414 0.000116057 0.00651446 0.000760858 0.000439454 0.00648778 0.443996 0.440834 2.30368e-06 
0.227163 0.00383214 0.251738 0.000374849 0.000311166 0.0672833 0.191724 0.0200948 0.217357 0.0199147 0.000208158 
0.00026151 0.0188609 0.0351586 8.30687e-06 0.00536406 0.00397088 0.0144798 0.693608 0.205614 0.0226741 1.07153e-08 
0.264077 0.0230867 0.00378122 2.9931e-05 0.0887544 0.000448175 0.0016709 0.000774742 0.397532 0.219843 2.17002e-06 
0.067546 0.745882 0.00803267 0.00543717 0.00581765 0.0215529 0.00919303 0.0286573 0.0744692 0.0334033 8.39487e-06 
0.188938 0.131703 0.141411 0.0080721 0.0139534 0.0197158 0.0513481 0.157666 0.176771 0.110422 3.32628e-08 
0.0207074 0.0179728 0.706359 1.98592e-05 0.00177879 0.01676 0.0605884 0.0604599 0.101332 0.0140063 1.53723e-05 
0.289018 0.0345912 0.372942 0.000617866 0.00248745 0.00131961 0.265322 0.0105566 0.0184062 0.0047049 3.36473e-05 
0.0387537 0.119308 0.00944073 0.000738576 0.00180042 0.00276208 0.000157174 0.722558 0.0468133 0.0576687 1.80415e-07 
0.0206474 0.140044 0.0159033 0.000531023 0.00632055 0.00110034 0.0106806 0.774484 0.0194117 0.010823 5.35491e-05 
0.0426527 0.00957722 0.0468017 9.10679e-07 0.0112985 0.818153 0.003498 0.00182804 0.0619529 0.00423652 9.44001e-08 
0.36484 0.172703 0.099402 0.00226161 0.0158022 0.0829356 0.00193294 0.043497 0.214999 0.00161871 7.32967e-06 
0.246035 0.238462 0.178907 0.0275337 0.0159382 0.00572081 0.0325455 0.0858229 0.13117 0.0370285 0.000836358 
0.00452916 0.329302 0.0503784 3.11541e-05 0.0583965 0.120426 0.00886532 0.0255986 0.388518 0.0139335 2.19273e-05 
0.476942 0.0130879 0.00751219 1.1378e-06 0.00933151 1.13762e-06 1.13791e-06 1.13787e-06 0.465354 0.0277669 1.13724e-06 
0.000168708 0.00179002 0.000528477 0.00152213 9.81547e-07 2.53009e-05 0.995013 0.000885458 2.86439e-06 6.31343e-05 3.59113e-08 
0.0419382 0.143623 0.074833 2.45255e-05 0.00904411 0.000861676 0.00861362 0.00954852 0.647661 0.0638485 3.88333e-06 
0.0246191 0.00112938 0.0816052 2.47519e-05 1.26343e-05 0.846459 0.0280234 0.000447199 0.0155428 0.0021343 2.16309e-06 
0.718496 0.000415016 0.0684211 1.27832e-06 0.000291756 0.00164678 0.00650726 0.000888629 0.195817 0.00751466 3.35714e-07 
0.102994 0.174353 0.0472112 0.0032854 0.0326095 0.00361605 0.00357441 0.00821137 0.536142 0.0878295 0.000173753 
0.162805 0.0596823 0.0530068 9.5729e-07 0.126869 0.000906445 3.71928e-06 0.00283243 0.585129 0.00876381 7.90752e-07 
0.0224122 0.0959446 0.199028 0.002573 0.00329232 0.007799 0.500373 0.0390343 0.0610621 0.0684679 1.35737e-05 
0.0195691 0.0289782 0.323086 0.00036856 0.220317 0.0315875 0.035575 0.139323 0.18016 0.0210235 1.2584e-05 
0.0426527 0.00957722 0.0468017 9.10679e-07 0.0112985 0.818153 0.003498 0.00182804 0.0619529 0.00423652 9.44001e-08 
0.0343522 0.0670048 0.0554259 0.000185685 0.027317 0.000168936 0.00345521 0.561584 0.166973 0.0833952 0.000137805 
0.0336746 0.027685 0.0902171 0.00653673 0.0110004 0.0322912 2.8113e-05 0.255513 0.421681 0.121359 1.40081e-05 
0.0344996 0.0292739 0.0913942 0.00141079 0.0489155 0.0584266 0.000549543 0.683652 0.0492184 0.00265937 2.83552e-07 
0.194334 0.191631 0.0260688 0.0896623 0.0282769 0.000525559 0.00111567 0.0227241 0.299901 0.145617 0.000144525 
0.0142609 0.0231497 0.0176273 3.49458e-05 0.000817039 0.000182959 0.00785386 0.0194649 0.26117 0.655421 1.75399e-05 
0.133742 0.0936765 0.0869338 3.69398e-05 0.057076 0.554961 2.87747e-05 0.0447552 0.0285851 0.000204737 1.51094e-07 
0.877321 0.000139897 0.0396233 8.15431e-06 0.000576406 0.00167831 0.0394383 0.000467516 0.037868 0.00287779 1.71944e-06 
0.764249 0.0529021 0.023382 0.00404915 0.00746106 0.00479955 0.00286048 0.0148511 0.0462666 0.0778074 0.00137178 
0.519509 0.00401892 0.185011 0.0035245 0.000679497 0.0017379 0.00141881 0.0441878 0.180313 0.0595981 2.70701e-07 
0.156236 0.000479389 0.0743147 5.4058e-05 0.00014611 0.10328 0.0118554 0.402713 0.221254 0.0296639 3.8878e-06 
0.746497 0.00675052 0.0631801 2.12048e-06 0.0121566 0.00131846 0.0398239 0.000368266 0.0657481 0.0641543 3.46647e-07 
0.000275953 0.042418 0.0107559 2.07831e-05 0.00267176 0.000623594 0.000205192 0.550537 0.386609 0.00588218 2.38361e-07 
0.0270964 0.0559897 0.261595 0.000609221 0.00160651 0.00455315 0.0470658 0.206177 0.375195 0.019966 0.000145764 
0.431096 0.0493741 0.0788854 3.74987e-05 0.0502301 0.00376673 0.00568404 0.0534436 0.170254 0.157193 3.62327e-05 
0.120832 0.262151 0.0534349 0.0108218 0.101852 0.000404616 0.0466124 0.00745077 0.248513 0.147915 1.19373e-05 
0.232184 0.0337954 0.0533554 0.00362364 0.271214 0.00747138 0.0189672 0.0192712 0.181343 0.178716 5.86143e-05 
0.0359769 0.525886 0.0225475 0.00184877 0.00299575 0.00130485 0.00110853 0.00227295 0.398679 0.00689676 0.000482726 
0.624562 0.0264358 0.0872627 0.000519993 0.00968959 0.000394557 0.00576706 0.0270532 0.181256 0.0370511 7.83825e-06 
0.15607 0.176461 0.00823143 0.000102099 0.00294793 0.0532967 0.0146933 0.000190381 0.274855 0.313112 3.95525e-05 
0.848177 0.00209888 0.0190978 1.3186e-05 0.000559362 0.00468703 0.00203949 0.000871633 0.0783621 0.0440935 2.31728e-07 
0.00636211 0.305862 0.00781036 7.12401e-08 0.0050241 0.00156512 0.0006087 0.019696 0.641324 0.0117472 1.03173e-11 
0.201522 0.00178108 0.0148841 1.11552e-05 0.467203 0.00129437 0.0703709 3.8017e-05 0.069646 0.173249 2.11165e-07 
0.0490422 0.0100464 0.671812 0.00302991 0.0119033 0.0168269 0.159312 0.0274312 0.0284859 0.0213965 0.000713853 
0.0298597 0.0102671 0.72539 6.8076e-05 0.00587964 0.00371482 0.00940727 0.0242674 0.185148 0.00599685 1.60605e-06 
0.0509246 0.160056 0.14965 0.00386632 0.0121186 0.0185662 0.0221444 0.0195062 0.51932 0.0437913 5.57065e-05 
0.0779842 0.384406 0.0160338 0.324938 0.00101664 0.00841934 0.0016768 0.0425421 0.140674 0.00220095 0.000108319 
0.13113 0.112244 0.0508586 0.00510402 0.0694153 0.00304101 0.00827682 0.0129519 0.168011 0.437536 0.00143142 
0.0886031 0.0565248 0.0967714 0.0106136 0.00483844 0.00920791 0.026775 0.280665 0.106855 0.31607 0.00307575 
0.0650315 0.374569 0.0951413 0.000497797 0.0576957 0.00915073 0.000231514 0.107162 0.288248 0.00221935 5.30947e-05 
0.0900879 0.0393666 0.0814349 0.00251228 0.0176443 0.0264844 0.0116009 0.0180571 0.49383 0.218608 0.000373473 
6.0898e-05 1.7124e-05 0.000103816 1.0758e-06 4.62746e-06 0.00626338 2.77124e-05 0.0268679 0.914321 0.0523319 6.9355e-07 
0.247066 0.0268118 0.0631041 0.0283618 0.0106119 0.00369728 0.0494808 0.0203421 0.509937 0.0405768 9.90457e-06 
0.0405448 0.0265638 0.0659178 4.17627e-05 0.0022742 0.00127852 0.0210694 0.00487496 0.288273 0.54914 2.17759e-05 
0.341812 0.089812 0.114737 0.00107153 0.0573337 0.0119911 0.0103246 0.0228273 0.270271 0.0795674 0.000252757 
0.545314 0.16852 0.0303362 0.0300834 0.0218734 0.0023881 0.0440207 0.0143203 0.0966374 0.0461438 0.000362528 
0.197142 0.25846 0.0847074 0.0502397 0.0487439 0.0232414 0.00430574 0.079918 0.181122 0.0716718 0.000447734 
0.00314084 0.0477207 0.00778572 1.77641e-05 0.712426 0.0022224 0.012987 0.000937101 0.0193069 0.193456 3.95245e-08 
0.0140228 0.408605 0.00603949 0.492285 0.00536547 0.000849409 0.00412713 0.0172321 0.035929 0.0152263 0.000318456 
0.00840076 0.0267737 0.153363 0.000455173 0.00234437 0.00292831 0.726881 0.0142793 0.0577786 0.00679204 4.12735e-06 
0.000363826 0.00248691 0.947733 2.38936e-05 3.2009e-05 0.00578617 0.0410023 0.000208359 0.000422122 0.00194107 3.32546e-10 
0.0272103 0.0025076 0.0579103 2.118e-05 0.000250512 0.0285091 0.866425 0.000400909 0.00904552 0.00771677 2.70957e-06 
0.07008 0.0234775 1.09008e-06 9.00429e-07 5.47827e-07 2.60196e-06 0.00255547 0.897685 1.32575e-05 0.00618319 2.85133e-10 
0.231832 0.0053052 0.131187 2.27117e-05 0.000360844 0.00991531 0.0315447 0.0164871 0.415424 0.157921 3.27797e-08 
0.592899 4.39078e-06 0.0566103 6.29001e-08 0.000248182 0.0766842 1.60067e-07 0.00101549 0.259412 0.013127 4.70255e-11 
0.0371556 0.0310445 0.0481071 0.000141154 0.502274 0.00436254 0.0106439 0.00943445 0.198162 0.158668 6.95133e-06 
0.582577 0.0166053 0.181356 8.23288e-05 5.3516e-05 0.000408523 0.104429 0.0148108 0.026027 0.0736512 6.53407e-08 
0.00363278 0.181668 0.0226177 0.000428087 0.217154 0.0121616 0.00069446 0.186998 0.373122 0.00152318 5.11711e-08 
0.0589007 0.0561747 0.0144539 6.4157e-05 0.000322422 4.50325e-05 9.32423e-05 0.104969 0.504081 0.260888 7.7894e-06 
0.490418 0.00874131 0.272598 0.0163205 0.0649493 0.00234826 0.0359428 0.000836187 0.0290115 0.0785565 0.000276771 
0.0203725 0.0188728 0.31503 2.96486e-05 0.00122338 0.00137835 0.00735012 0.556089 0.0785182 0.00113521 2.73099e-07 
0.0183259 0.00702907 0.02694 0.000355135 0.322437 0.00155287 7.21654e-05 0.552129 0.0299326 0.0412272 4.60559e-09 
0.781889 0.00489388 0.0149068 1.18565e-05 0.000962923 0.0111334 6.30582e-06 0.000502767 0.17954 0.00615229 7.498e-07 
0.0290013 0.00340884 0.785366 1.3661e-05 0.004324 0.139453 0.0129163 0.00453794 0.019522 0.00145641 3.67193e-08 
0.0758136 0.0228459 0.192274 2.64563e-06 0.00213469 0.0867764 0.00336116 0.0194429 0.560696 0.0366527 4.25346e-08 
0.141851 0.103537 0.182678 5.62284e-08 0.0671824 0.00638159 0.00459825 0.00950443 0.47688 0.00738748 7.99158e-10 
0.241869 0.004092 0.0977013 0.0437283 3.39176e-05 0.160307 3.25974e-06 0.134881 0.20656 0.110825 1.4865e-09 
0.0246191 0.00112938 0.0816052 2.47519e-05 1.26343e-05 0.846459 0.0280234 0.000447199 0.0155428 0.0021343 2.16309e-06 
0.0540413 0.00390314 0.577527 7.26083e-05 0.0135805 0.00821122 0.200373 0.0160303 0.117858 0.00840139 1.23776e-06 
0.0246191 0.00112938 0.0816052 2.47519e-05 1.26343e-05 0.846459 0.0280234 0.000447199 0.0155428 0.0021343 2.16309e-06 
0.0162242 0.044717 0.00636698 0.00040604 0.843989 0.00370285 0.0124407 0.0370482 0.0337513 0.00131984 3.34084e-05 
0.0171998 0.0114345 0.184003 0.00104578 5.07728e-07 0.00698863 0.0411622 0.356024 0.303248 0.0788936 3.67534e-07 
0.55817 0.0599275 0.0373973 0.00211361 0.0203425 0.0059951 0.0284147 0.00449386 0.145223 0.137023 0.000899479 
0.922643 0.0253882 0.0237128 0.000809407 0.00236037 5.97678e-06 0.00149102 0.000196959 0.0204322 0.00295605 4.06529e-06 
0.316977 0.0162633 0.0732147 0.00292877 0.0125077 0.00207895 0.0171183 0.00691581 0.0711189 0.480774 0.000101816 
0.244125 0.0885366 0.0622268 0.00360607 0.089752 0.00131218 0.0120052 0.0102485 0.381409 0.106738 4.0347e-05 
0.0990486 0.0402774 0.091276 0.000324028 0.0086755 0.0127605 0.0317832 0.104422 0.329883 0.281359 0.000190614 
0.0966364 0.00341185 0.773039 2.00538e-05 0.0010765 0.00388987 0.0563575 0.00664194 0.0449815 0.0139408 4.58116e-06 
0.000168708 0.00179002 0.000528477 0.00152213 9.81547e-07 2.53009e-05 0.995013 0.000885458 2.86439e-06 6.31343e-05 3.59113e-08 
0.150241 0.158706 0.132482 0.0150477 0.0210295 0.00870274 0.00931665 0.0138274 0.43722 0.0532871 0.000139296 
0.120805 0.0743438 0.425252 0.000593037 0.00489538 0.0310279 0.00912623 0.0298383 0.259248 0.0448341 3.71543e-05 
0.101093 0.184085 0.123008 0.000144489 0.0286872 0.00510885 1.67947e-07 0.1414 0.403799 0.0126755 5.54469e-08 
0.149635 0.391416 0.0547174 0.056964 0.0039987 0.00608428 0.0113031 0.0326006 0.19995 0.0923888 0.000941517 
0.237131 0.0401785 0.243956 8.27707e-05 0.0314217 0.000539132 0.079547 0.256413 0.0980415 0.0126818 7.21634e-06 
0.0313173 0.000541001 0.909326 1.50076e-05 0.000493494 0.0253355 0.00223043 0.00209534 0.0248086 0.00383686 3.46964e-09 
0.0604411 0.101514 0.0501789 0.282616 0.0176861 0.00358724 0.0189425 0.0310842 0.282235 0.150663 0.0010522 
0.0109626 0.156938 0.0463419 0.00401917 0.10941 0.000722613 0.0484651 0.536619 0.0126544 0.0738469 1.94782e-05 
0.394015 0.021144 0.0736382 0.0165445 0.194256 0.0100661 0.0044039 0.0309726 0.182857 0.0719833 0.000119706 
0.000665087 0.016285 0.0394336 0.00120061 0.129807 0.000635707 0.0386585 0.722642 0.0503593 0.00025662 5.59171e-05 
0.00141959 0.000889671 0.0564797 4.10398e-05 6.32675e-05 0.939337 0.00147564 1.20895e-05 2.64406e-05 0.000252435 3.14391e-06 
0.00651861 0.782219 0.00957712 0.000350058 0.00785766 0.00319193 0.00791907 0.0283808 0.147793 0.00601818 0.000174952 
0.0229189 0.105079 0.160622 0.000254341 0.00332466 0.366979 0.00687639 0.0470024 0.275157 0.0117807 6.16335e-06 
0.0254407 0.427943 0.0544961 0.00482541 0.00530035 0.00847925 0.025362 0.181153 0.197193 0.0695741 0.00023205 
0.563983 0.00579532 0.100404 0.00141559 0.0157643 0.00493172 0.011686 0.00491894 0.258509 0.0324059 0.000185998 
0.0624883 0.245379 0.139671 0.0302369 0.00656139 0.017432 0.00648163 0.00603328 0.184265 0.301406 4.47372e-05 
0.0858216 0.471806 0.0696263 7.14944e-05 0.0512424 0.0152817 0.021879 0.168389 0.0800339 0.0358475 1.3327e-06 
0.609958 0.0617774 0.0533294 1.57848e-05 0.00115229 0.00148804 0.0114994 0.0115238 0.223089 0.026161 5.75214e-06 
0.0104567 0.00111517 0.0571311 9.40089e-06 0.0121775 0.00123716 0.823879 0.000403663 0.0836401 0.00994999 1.85441e-10 
0.151284 0.139125 0.0510376 0.0892591 0.0467804 0.00412908 0.0622962 0.00601751 0.417416 0.0326493 5.68181e-06 
0.050305 0.334684 0.011628 0.00228533 0.0707177 0.000737029 0.00718096 0.00299713 0.401524 0.117927 1.35396e-05 
0.158244 0.342495 0.15151 0.00306198 0.00421792 0.000179836 0.0261081 0.0208592 0.218081 0.0751072 0.000135803 
0.000947324 2.68721e-07 0.951597 2.16151e-06 0.0281917 0.000379078 0.0179376 0.000297382 9.54519e-05 0.000552325 1.51054e-11 
0.211942 0.0349437 0.0302832 0.000315786 0.0985986 0.00363439 0.0121081 0.009329 0.211684 0.387107 5.37569e-05 
0.369479 0.041263 0.00773422 0.556155 0.00316788 0.000253873 0.00186782 0.0028976 0.013694 0.00332785 0.000159792 
0.202964 0.0502411 0.556405 4.51605e-05 0.00334908 0.0224648 0.0445052 0.0137013 0.0279936 0.0782995 3.17356e-05 
0.0335978 0.0286526 0.0227592 0.00151288 0.763071 0.00481949 0.0174954 0.065614 0.0603458 0.00186047 0.00027095 
0.141803 0.0925172 0.307584 0.00036622 0.015768 0.00154817 0.049567 0.232069 0.138538 0.020064 0.000174903 
0.0480699 0.727895 0.0119627 0.038123 0.00350958 0.00209713 0.000233572 0.0144646 0.134355 0.0191812 0.000108751 
0.000275953 0.042418 0.0107559 2.07831e-05 0.00267176 0.000623594 0.000205192 0.550537 0.386609 0.00588218 2.38361e-07 
0.0291484 0.172411 0.209652 8.87923e-05 0.02298 0.0162182 0.000200816 0.233785 0.173637 0.141828 5.05244e-05 
0.0634815 0.00931695 0.0243336 7.0576e-05 0.0109256 0.011771 0.0445053 0.532546 0.179819 0.123188 4.23516e-05 
0.00625719 0.0421176 0.00521376 0.445795 0.000439923 0.000438879 0.00701668 0.449845 0.0243711 0.0182859 0.000219349 
0.525521 0.0298524 0.0629447 0.223893 0.127664 0.0015001 0.000214513 0.0107894 0.0157144 0.00190131 4.81378e-06 
0.311542 0.0545908 0.222516 0.000399241 0.00655848 0.000952507 0.0216573 0.0731607 0.247902 0.0607204 1.81581e-07 
0.141162 0.0180075 0.18198 0.000482277 8.17313e-08 0.011481 0.0069149 0.0590603 0.552148 0.0287636 8.16878e-08 
0.0257357 0.00501877 0.810845 2.15032e-06 0.00704071 0.109905 0.02317 0.000595891 0.0170054 0.000682021 2.49063e-11 
0.0212595 0.00257965 0.014575 9.64775e-06 4.22903e-08 3.16823e-06 0.000367472 0.0111557 0.937628 0.0124223 1.06529e-10 
0.477775 0.00420545 0.160886 1.03494e-05 0.000180605 9.13353e-07 0.000710359 0.0478562 0.298075 0.0103003 2.77856e-09 
0.0191447 0.000187714 0.0218174 1.73757e-05 1.76636e-05 0.000216401 0.0119224 0.00271883 0.712661 0.231295 1.69951e-06 
0.357302 0.00148005 0.0403139 2.08948e-05 0.0883098 7.26053e-05 0.00248681 0.0369485 0.0403424 0.432722 4.39221e-07 
0.032525 0.645833 0.00677609 5.99289e-05 0.0566486 0.00310231 0.00518777 0.0532131 0.192579 0.0040685 7.19743e-06 
0.140794 0.0133089 0.13974 2.00716e-05 0.0153202 0.00313477 0.000839707 0.0359853 0.621546 0.0293084 2.95041e-06 
0.215603 0.190191 0.0509448 0.00668333 0.00789567 0.00389596 0.035301 0.0256682 0.381256 0.0818014 0.000758928 
0.437676 0.080348 0.0418005 0.00276151 0.0334104 0.00160523 0.0249612 0.156165 0.136404 0.0845997 0.00026738 
0.0279049 0.0371821 0.0455956 0.000117099 0.0303208 0.74859 0.00135661 0.0484067 0.0482082 0.0123023 1.57062e-05 
0.0179387 0.0368719 0.162206 6.43177e-06 0.000189102 0.0198898 0.00259094 0.0277416 0.67777 0.0547949 1.42144e-07 
0.000168708 0.00179002 0.000528477 0.00152213 9.81547e-07 2.53009e-05 0.995013 0.000885458 2.86439e-06 6.31343e-05 3.59113e-08 
0.0591134 0.0482112 0.224923 0.00105766 0.0238849 0.0116153 0.0220905 0.511738 0.0759207 0.0209534 0.000492101 
0.0996952 0.0784314 0.0115089 9.85313e-06 0.000499863 0.00372611 0.0191475 0.0114737 0.749678 0.0258288 5.46528e-07 
0.37067 0.01047 0.0297297 0.000584141 0.0255473 0.00105882 0.00599064 0.0222932 0.0776217 0.456029 6.16522e-06 
0.0477713 0.0321856 0.511947 0.000271829 0.00122824 0.0267199 0.000284251 0.0175714 0.323952 0.0380672 4.35138e-07 
0.00845043 0.307975 0.112098 0.401709 0.000237989 0.00110992 0.0274542 0.092184 0.0432882 0.00549383 1.97806e-11 
0.0583528 0.0201856 0.478965 0.00233477 0.00180775 0.0259409 0.00397183 0.142721 0.132068 0.133652 1.07933e-06 
0.00748138 0.066012 0.0140492 8.75049e-05 0.168735 0.235167 0.00315647 0.287394 0.208449 0.00946861 3.60784e-08 
0.00354461 0.000499056 0.00446113 4.8998e-05 0.979102 0.000432023 0.000676142 0.00909004 0.00178221 0.000361599 2.26206e-06 
0.0670508 0.169359 0.475218 3.55417e-05 0.0649417 0.00216953 0.00304579 0.0085793 0.0539805 0.155603 1.67619e-05 
0.130404 0.0664691 0.0446916 0.00103287 0.0265548 0.00700007 0.0175869 0.0150657 0.644923 0.0462589 1.24645e-05 
0.0129527 0.0484833 0.106774 0.00115684 0.00799844 0.0029192 0.000508622 0.546726 0.0689642 0.203446 7.10613e-05 
0.0426527 0.00957722 0.0468017 9.10679e-07 0.0112985 0.818153 0.003498 0.00182804 0.0619529 0.00423652 9.44001e-08 
0.337458 0.00319029 0.0365407 2.68186e-05 0.000400037 4.58466e-05 0.0365215 0.00357788 0.319486 0.262753 4.97599e-09 
0.0155086 0.263248 0.177391 0.000415982 0.154511 0.0119336 0.00573516 0.250295 0.109037 0.0119242 4.14425e-07 
0.00508318 0.00549022 0.000435395 0.00099786 0.96862 0.000282383 0.00979614 0.00509662 0.00401722 0.000172269 8.88877e-06 
0.000862918 0.000384989 0.0450889 2.30614e-11 0.000100038 0.00211812 0.941576 0.000653118 0.00787632 0.00133937 1.65736e-12 
0.877321 0.000139897 0.0396233 8.15431e-06 0.000576406 0.00167831 0.0394383 0.000467516 0.037868 0.00287779 1.71944e-06 
0.0575756 0.34735 0.158318 0.0100797 0.025647 0.00348464 0.00870087 0.262862 0.102969 0.0228843 0.000128684 
0.102798 0.0576731 0.0362177 0.00188918 0.00178634 0.00277196 0.00736209 0.00421357 0.726981 0.0580958 0.000211388 
0.0317639 0.56939 0.000150921 2.5595e-06 1.79353e-07 9.22804e-09 7.73214e-06 3.82651e-06 0.382803 0.0158778 8.49553e-09 
0.00797376 0.0510741 0.00230124 2.82104e-05 0.00101566 0.0109434 0.00498783 0.12726 0.791024 0.00338895 2.30141e-06 
0.114662 0.0643425 0.081258 0.00259412 0.00932059 0.0484868 0.0178969 0.0140757 0.618667 0.0286854 1.11349e-05 
0.192354 0.0430689 0.043994 0.000139986 0.00515917 0.0208634 0.00380286 0.601258 0.0870398 0.00221944 0.000100499 
0.27709 0.0408999 0.19431 0.00420969 0.242414 0.00205298 0.00334514 0.00288708 0.17649 0.0561815 0.000120492 
0.662641 0.0378416 0.078729 0.000553827 0.0100117 0.00735223 0.000130091 0.0034737 0.122978 0.0762886 6.97326e-10 
0.0239276 0.0996758 0.0547407 4.89552e-05 0.00854731 0.0194554 0.00191808 0.0348645 0.733024 0.0237958 2.22094e-06 
0.0845301 0.0468886 0.485531 8.8305e-07 1.67283e-06 1.54818e-05 0.000337747 0.299046 7.65411e-06 0.0836408 2.28185e-07 
0.0931182 0.00566988 0.00277311 5.87174e-06 0.197287 0.00110248 0.00145681 0.000635276 0.189429 0.508522 1.3051e-07 
0.0814301 0.0151087 0.623451 0.00122862 0.00445054 0.0176648 0.113215 0.0291449 0.105045 0.00883852 0.000422607 
0.295206 0.00841019 0.143962 1.90797e-05 6.53784e-06 0.00653357 0.00423794 0.360986 0.136345 0.0442909 2.76128e-06 
0.36799 0.0672681 0.0631757 0.0888925 0.0645051 0.00386885 0.00284979 0.0399384 0.0633941 0.237946 0.000171353 
0.0964077 0.351452 0.0112857 0.00362704 0.0478662 0.0338672 0.00110423 0.00944961 0.418682 0.0260024 0.00025629 
0.229718 0.0997629 0.238526 0.000139754 0.0115315 0.192921 0.00157898 0.0521004 0.142418 0.0312932 9.34713e-06 
0.0326655 0.0307358 0.138558 0.0152711 0.00645376 0.01895 0.0493288 0.0275128 0.65026 0.0302001 6.4176e-05 
0.00959519 0.0708347 0.0986549 2.56482e-05 0.0447713 0.00472813 0.000461157 0.584152 0.171366 0.0154092 2.69523e-06 
0.138783 0.150188 0.0262741 0.301687 0.0046528 0.00114317 0.00234337 0.0963222 0.0954105 0.182958 0.000238556 
0.0369383 0.0627878 0.290224 0.000168521 0.00513732 0.0682922 0.139919 0.175274 0.211716 0.00954211 1.05084e-06 
0.0459219 0.316857 0.00985326 0.234127 0.00398374 0.000589277 0.00765211 0.153697 0.199623 0.0276702 2.5879e-05 
0.0316101 0.0304361 0.0658315 3.59516e-05 0.00105254 0.00650794 0.0277852 0.376099 0.451163 0.00947731 1.02066e-06 
0.182688 0.271935 0.02463 0.214754 0.00406539 0.0165064 0.0109852 0.210582 0.0464966 0.0173322 2.61002e-05 
0.0974612 0.355647 0.0725125 0.227455 0.0159995 0.00976318 0.0454389 0.0861426 0.0558013 0.0337782 3.01865e-09 
0.0672517 0.517457 0.0490488 0.0828202 0.0448878 0.00189196 0.0616123 0.0343387 0.0681624 0.0725144 1.43422e-05 
0.0289377 0.345973 0.241494 0.0286639 0.015682 0.00209217 0.0200068 0.0316257 0.26942 0.0154396 0.000665245 
0.923437 0.0343168 0.0141875 0.00127873 0.00660655 7.0201e-05 0.00399938 0.00542387 0.00893866 0.00172991 1.13421e-05 
0.716922 0.0382851 0.0704295 0.0028614 0.00229358 0.0020718 0.0100141 0.00269643 0.0566489 0.0977002 7.64445e-05 
0.274475 0.0401972 0.0146615 0.000208164 0.00447868 0.000255288 0.048183 0.00195673 0.475329 0.140255 3.80138e-07 
0.196713 0.0338993 0.0389862 0.000272576 0.319581 0.00322305 0.00371814 0.088299 0.212716 0.102565 2.60553e-05 
0.121497 0.13876 0.0380632 0.00206263 0.0154479 0.0052796 0.102769 0.160411 0.273752 0.140487 0.00147135 
0.230837 0.0177558 0.056171 0.000592141 0.0109622 0.00609231 0.0235423 0.0174558 0.376487 0.259929 0.000175964 
0.0519217 0.0106013 0.642704 1.07918e-05 0.000115504 0.000927679 0.0205315 0.260855 0.011355 0.000977342 4.23908e-07 
0.0475569 0.0229997 0.584914 0.000114875 0.0356291 0.0868753 0.0358961 0.0426334 0.122591 0.020754 3.59059e-05 
0.201522 0.00178108 0.0148841 1.11552e-05 0.467203 0.00129437 0.0703709 3.8017e-05 0.069646 0.173249 2.11165e-07 
0.0379164 0.0128466 0.595908 0.000213488 0.00825441 0.00414676 0.0640508 0.0298262 0.227856 0.0188515 0.000129932 
0.0737339 0.0401334 0.15532 0.0238616 0.0311509 0.0426478 0.0839752 0.00523378 0.531556 0.0122413 0.000145312 
0.0813256 0.0301056 0.124987 0.000204607 0.151002 0.0287773 0.00112329 0.209569 0.0628131 0.310058 3.39912e-05 
0.025231 0.000552722 0.923092 2.09101e-05 0.000173102 0.0244875 0.00274959 0.00193093 0.0184767 0.00328564 4.22014e-07 
0.0398013 0.014809 0.650643 0.00160844 0.0121851 0.0332897 0.184742 0.0192682 0.0407901 0.00201358 0.000848739 
0.071202 0.222957 0.258615 0.000820508 0.0437563 0.012531 0.00714936 0.0414996 0.261974 0.0794393 5.6109e-05 
0.00625719 0.0421176 0.00521376 0.445795 0.000439923 0.000438879 0.00701668 0.449845 0.0243711 0.0182859 0.000219349 
0.0579454 0.310527 0.0234148 0.00134202 0.0208367 0.00218395 0.0397417 0.194785 0.080279 0.268808 0.000136081 
