0.0664024 0.0650063 0.759882 0.00277985 0.00330367 0.000517234 0.0125692 0.0062185 0.00939331 0.0726321 0.001295 
0.0224251 0.00291651 0.872023 0.000204945 0.00157874 0.0673306 0.00243702 0.0069873 0.0228524 0.00124226 1.83115e-06 
0.00155439 7.74799e-05 0.961858 8.92441e-05 1.0365e-07 0.027137 0.00332363 0.00140745 1.66377e-07 0.0010061 0.00354621 
0.0888004 0.00276111 0.484582 9.7352e-05 0.000308866 0.125669 0.100487 0.01271 0.171199 0.0133856 2.2987e-09 
0.00441264 0.000216704 0.572863 3.4332e-12 6.99651e-05 0.0492489 0.324061 0.000643918 0.00428823 0.00162721 0.0425682 
2.42062e-06 0.0430882 0.68941 2.42018e-06 0.0193647 2.41978e-06 0.0288052 0.00169665 0.197534 0.0200923 2.41899e-06 
0.000703629 0.0234689 0.922091 4.84354e-12 0.00108832 0.00116738 9.20525e-07 0.000876165 0.0469553 0.0036488 1.3192e-11 
0.0314577 0.000679401 0.904337 2.29071e-05 0.00020848 0.030415 0.00340741 0.00237713 0.0230174 0.00407717 1.94573e-09 
0.00969026 0.00279394 0.574787 6.39393e-05 1.23436e-06 0.00321525 0.395025 0.000733512 0.0130718 0.000615686 2.34673e-06 
0.104822 0.021816 0.258181 0.00893118 0.00551339 0.0435648 0.00377837 0.255293 0.147853 0.150245 2.80266e-06 
0.00703808 0.013497 0.917037 6.48822e-06 0.00205772 0.00737544 0.000905532 0.0377991 0.00842984 0.00585368 6.88222e-09 
0.113836 0.216201 0.38286 0.00126204 0.00238933 0.0265017 0.00404847 0.0733428 0.130173 0.0493038 8.10216e-05 
0.00476216 0.00113423 0.806988 0.000326977 0.00846724 0.0763203 0.032701 0.0456063 0.013763 0.0086098 0.00132093 
0.0346766 0.00770589 0.713241 2.25956e-05 0.0172109 0.058013 0.00516179 0.0277493 0.131625 0.00458801 5.79778e-06 
0.329284 0.000757603 0.377086 0.00705991 0.0451566 0.00176649 0.002368 0.233047 0.00118029 0.00228876 4.4033e-06 
0.189285 0.0189399 0.274235 1.80242e-05 0.0322661 0.0413327 0.134205 0.00724197 0.223812 0.0786573 6.61758e-06 
0.0151736 0.00183416 0.926724 4.24563e-05 0.000372084 0.0281647 0.000705808 0.00212329 0.01411 0.0107501 1.85805e-10 
0.0245693 0.0324212 0.48535 0.000103492 0.000812983 0.000773345 0.00201279 0.257826 0.146858 0.0490434 0.000229455 
0.133457 0.0404807 0.454277 0.0341166 0.00482031 0.024101 0.049715 0.0926236 0.133038 0.0308528 0.00251804 
0.037629 0.0310392 0.869678 0.000209376 0.00141954 0.000984041 0.00425048 0.0201571 0.0343542 0.000279249 1.28565e-08 
0.137479 0.100873 0.448353 0.000274521 0.0259046 0.0244889 0.0603139 0.0907855 0.0836509 0.0278728 3.6112e-06 
0.0189995 0.00183512 0.685536 6.83489e-08 0.000968063 0.0716033 0.0406675 0.0743036 0.0988861 0.00718273 1.80973e-05 
0.0509296 0.00326642 0.685514 0.000352338 0.000978033 0.077761 0.00792768 0.0250041 0.14372 0.00454121 6.24473e-06 
0.0490145 0.017995 0.707122 4.34306e-05 0.00490316 0.00618241 0.000147527 0.107494 0.0836474 0.0234514 1.54508e-07 
0.0200244 0.0007834 0.806736 1.53376e-07 3.67083e-05 0.0607795 0.0783272 0.00257512 0.0277399 0.00299733 2.80645e-07 
0.0527549 0.0149693 0.437466 1.33553e-05 0.00319573 0.00615672 0.0351568 0.134342 0.255294 0.0606516 5.47431e-08 
0.00931257 0.0177976 0.353891 2.30361e-05 9.9839e-06 0.00997852 0.0669519 0.311818 0.208917 0.0213006 7.41216e-10 
0.112575 0.0429954 0.707035 0.00911516 0.00597184 0.017673 0.00401228 0.0364708 0.0603682 0.00353108 0.000251677 
0.0609388 0.0917803 0.383837 4.11218e-06 0.00456531 0.0634424 0.0153359 0.0430395 0.313332 0.0234733 0.000252168 
0.0441508 0.0226183 0.438224 2.59964e-05 0.152875 0.0224944 0.0815987 0.0181299 0.159266 0.0606128 3.68335e-06 
0.0453732 0.0266831 0.339261 4.59108e-08 0.000838454 0.0827814 0.114613 0.110374 0.275918 0.00411324 4.37089e-05 
0.0289143 0.00827642 0.859007 4.99662e-12 6.52397e-05 0.0755315 8.05714e-05 0.00477916 0.0151031 0.00824246 5.39975e-08 
0.135783 0.00110123 0.497444 6.96156e-08 0.000580995 0.0429642 0.0343943 0.0600805 0.22333 0.00431009 1.08923e-05 
0.0607626 0.0266442 0.463731 0.00100048 2.04145e-07 0.394248 0.0264792 2.0415e-07 0.00916803 0.0171294 0.000836756 
0.00217347 0.000195808 0.507692 5.91285e-12 6.59351e-08 0.000995649 7.44214e-07 0.479189 0.00688798 0.00286494 2.12595e-07 
0.071332 0.00138501 0.723024 9.87401e-06 0.00214347 0.0266963 0.0217543 0.0742505 0.0701182 0.00919874 8.734e-05 
0.0121785 0.047446 0.405095 0.000190014 0.12895 0.00313142 0.0689053 0.239479 0.0904223 0.00402263 0.000179386 
0.102176 0.0080694 0.684649 3.37066e-05 0.00356609 0.0572035 0.00839538 0.0423458 0.0811544 0.0124049 1.97445e-06 
0.0333782 0.000961746 0.736804 2.95573e-07 0.00110296 0.000955096 0.0245022 0.0172626 0.169609 0.0154223 1.55058e-06 
0.0438402 0.00692903 0.791066 9.43267e-05 0.00804788 0.0177777 0.0459585 0.0394808 0.0308956 0.0158827 2.75012e-05 
0.0314577 0.000679401 0.904337 2.29071e-05 0.00020848 0.030415 0.00340741 0.00237713 0.0230174 0.00407717 1.94573e-09 
0.00694473 0.00247517 0.872048 1.89458e-05 0.000691846 0.0455083 0.00122915 0.0577136 0.0113301 0.00201373 2.6892e-05 
0.0538004 0.0170657 0.564413 0.00813928 0.00315286 0.0798524 0.221041 0.0101981 0.0303334 0.0119506 5.34057e-05 
0.0533627 0.0296507 0.774064 5.15145e-05 0.0309745 0.00503296 0.0295233 0.000912354 0.0602059 0.0154183 0.000803587 
0.0105207 0.0744247 0.341532 1.7973e-07 8.52346e-07 9.04021e-07 0.0605077 0.3411 0.141438 0.0304748 3.6323e-10 
0.0441017 0.0176829 0.650901 1.96731e-06 0.00187443 0.00034414 0.0224957 0.00756214 0.200949 0.0540794 7.61617e-06 
0.0332485 0.0346236 0.681734 9.98981e-05 0.0331715 0.00353991 0.00260721 0.0174548 0.139807 0.0537135 1.88435e-07 
0.0158352 0.0193913 0.485819 3.88258e-07 2.5695e-08 0.295779 0.0278632 0.130401 0.0244352 0.000462828 1.24037e-05 
0.062475 0.0803074 0.290994 0.0125529 0.0116965 0.00534312 0.00789257 0.235082 0.160947 0.132664 4.54685e-05 
0.0128342 0.00257127 0.468442 8.64033e-08 0.00567947 0.253786 0.0193257 0.0544931 0.0896464 0.092745 0.000477224 
0.00805006 0.00544195 0.846568 4.5909e-10 0.0303454 2.37687e-06 0.0786255 0.000427156 0.0282143 0.00232499 3.37796e-07 
0.276132 0.00135939 0.317813 0.0102489 0.00771399 1.93245e-06 0.000271563 0.0541246 0.147894 0.00161295 0.182828 
3.90824e-07 7.17227e-11 0.942302 1.55976e-10 1.33783e-10 9.08016e-07 4.15084e-07 0.0576916 1.36932e-06 3.16296e-06 4.24822e-10 
0.109714 0.0861174 0.32238 0.0104031 0.0078261 0.0107381 0.000878618 0.305402 0.128631 0.00520893 0.0127015 
0.0380832 0.00718426 0.571111 0.00727161 0.00667243 0.0219658 0.0020922 0.156619 0.178721 0.0102791 9.60519e-10 
0.0315286 0.00339698 0.598589 7.92413e-05 0.000601179 0.296535 0.0137195 0.00353942 0.0442274 0.00777155 1.22206e-05 
0.0328534 0.0796907 0.726509 0.000275349 0.0281885 0.0171055 0.0154327 0.0319888 0.0438904 0.0123344 0.0117315 
0.0275598 0.0137739 0.526876 5.14223e-08 8.00632e-08 0.00473996 0.0802244 0.182749 0.148756 0.0153215 1.37901e-07 
0.129144 0.0600627 0.365211 0.000891497 0.00936811 0.00657728 0.0665088 0.126985 0.188309 0.0469113 3.09808e-05 
0.0475244 0.00511566 0.646071 1.01208e-05 0.000240561 3.39184e-06 0.281449 0.00112067 0.014474 0.00398653 4.31772e-06 
0.0611408 0.0154099 0.753209 0.00042056 0.0031105 0.000375735 0.00735472 0.0684256 0.0711061 0.0194464 3.27987e-07 
0.0246867 0.026131 0.652015 0.000559807 0.0742947 0.0893834 0.0305649 0.0704506 0.011743 0.0201705 6.98032e-07 
0.000363826 0.00248691 0.947733 2.38936e-05 3.2009e-05 0.00578617 0.0410023 0.000208359 0.000422122 0.00194107 3.32546e-10 
0.181598 0.197057 0.346166 0.067061 0.0225861 0.00109769 0.00938738 0.0452988 0.0916361 0.0380135 9.86208e-05 
0.034477 0.0326759 0.705922 0.00258234 0.0226882 0.0135048 0.0290191 0.0512419 0.103231 0.00457122 8.64125e-05 
0.0254538 0.00804195 0.627385 0.000148459 0.00142563 0.0271879 0.215717 0.0229779 0.0669674 0.00460533 9.04791e-05 
0.0233903 4.08905e-10 0.745015 8.89251e-10 0.0493251 5.87104e-06 6.99549e-07 0.0242924 0.141541 0.0164301 2.42199e-09 
0.10138 0.0230449 0.600758 0.0093955 0.0296568 0.0174276 0.0144597 0.0363708 0.15439 0.0131137 2.83723e-06 
0.0328571 0.00437693 0.797748 4.31437e-07 0.00529789 0.0761369 0.0241857 0.000278856 0.0587011 0.000415468 1.33378e-06 
0.0637452 0.0473658 0.381022 1.6135e-06 0.00624702 0.0470153 0.0239762 0.0200965 0.254955 0.155573 1.82863e-06 
0.0314577 0.000679401 0.904337 2.29071e-05 0.00020848 0.030415 0.00340741 0.00237713 0.0230174 0.00407717 1.94573e-09 
0.0460238 0.0187956 0.720366 0.00069297 0.00857069 0.0495264 0.016848 0.0345023 0.0772917 0.0252625 0.00211975 
0.041013 0.0582103 0.247916 0.00262056 0.0140478 0.0831277 0.0147789 0.156084 0.17301 0.209182 8.45979e-06 
0.0139296 0.000920776 0.949767 1.60423e-06 0.00382083 0.000888158 0.00699498 0.000597374 0.0138147 0.00925018 1.46932e-05 
0.0174793 0.0260293 0.355414 0.043508 0.012407 0.00709402 0.352139 0.0339523 0.141416 0.0105537 7.44546e-06 
0.310037 0.00234141 0.428094 2.03636e-05 0.0369562 0.00198158 0.00127045 0.00775899 0.147771 0.0637684 7.11485e-11 
0.183854 0.0421345 0.246889 9.55773e-05 0.152862 0.00795952 0.0545927 0.0585375 0.185307 0.0677664 1.51021e-06 
0.00242164 0.00273954 0.897366 0.000125901 9.8445e-05 1.08921e-06 0.000900347 0.0600255 0.023359 0.0129623 1.65293e-07 
0.0130804 0.00944472 0.813874 2.09078e-05 0.00132175 0.00464659 0.0241455 0.0965609 0.0261104 0.0107951 2.33168e-08 
0.0567427 0.0205745 0.611544 0.00551945 0.00805148 0.0407692 0.144632 0.0183507 0.0844461 0.00824198 0.00112813 
0.0603375 0.0104788 0.464892 0.000387348 0.000572384 0.0238468 0.35534 0.0522479 0.0261906 0.00569134 1.464e-05 
0.0494168 0.00460786 0.852816 0.000215507 0.00515104 0.000622498 0.0125511 0.0106979 0.0272315 0.0366716 1.83002e-05 
0.0403181 0.0580521 0.400054 0.000167631 0.00112847 0.024939 0.330341 0.00479818 0.0735881 0.0666128 2.33727e-07 
0.00249424 0.00270702 0.913858 1.30589e-08 0.0416122 0.0329212 0.0013373 0.00121112 3.87814e-05 0.00382044 1.82758e-08 
0.0191474 0.000715413 0.783611 8.34857e-06 0.00182705 0.0384322 2.45186e-05 0.139039 0.0162492 3.36931e-05 0.00091224 
0.0124606 0.00343662 0.566928 0.000327242 1.60506e-06 0.00435223 0.396769 0.000806714 0.0141922 0.000722903 2.74449e-06 
0.00538952 0.000496243 0.533831 3.90493e-08 4.53133e-08 0.019829 0.436409 0.000484678 0.0034359 0.000125162 3.94365e-08 
0.0848494 0.0359234 0.765975 2.51976e-07 0.00871351 0.0096681 0.0140984 0.024841 0.0392909 0.0166039 3.56739e-05 
7.63907e-06 0.135979 0.390373 7.63769e-06 0.0618755 0.0290261 0.00306299 0.255123 0.12453 7.63862e-06 7.63393e-06 
0.0108493 0.0030828 0.55783 2.70039e-07 0.000168957 0.0127505 0.00377757 0.0277123 0.363311 0.0205171 7.73642e-12 
0.00329667 0.0980918 0.544016 0.000120297 0.0028441 0.0115443 0.244389 0.0145169 0.0756361 0.00553474 1.02327e-05 
0.0328571 0.00437693 0.797748 4.31437e-07 0.00529789 0.0761369 0.0241857 0.000278856 0.0587011 0.000415468 1.33378e-06 
1.94755e-05 2.24971e-10 0.603353 1.90856e-06 4.19635e-10 7.69562e-10 2.33664e-06 0.0699478 0.249863 0.0768128 1.33253e-09 
0.0584016 0.00649238 0.477633 0.000280445 0.00121441 0.0252966 0.203005 0.0537602 0.11158 0.016028 0.0463082 
0.000363826 0.00248691 0.947733 2.38936e-05 3.2009e-05 0.00578617 0.0410023 0.000208359 0.000422122 0.00194107 3.32546e-10 
0.22185 0.0126294 0.331006 0.000948925 0.0128573 0.00356276 0.00630565 0.284208 0.073358 0.0527478 0.00052687 
0.0757695 0.0385658 0.439698 0.0011174 0.0137099 0.0111371 0.0577008 0.170869 0.0772329 0.110956 0.00324301 
0.00607976 1.89521e-07 0.983592 3.30747e-05 0.00013716 3.31074e-05 0.00170538 0.007056 9.87085e-05 0.00126432 5.91425e-11 
0.00042323 0.0179267 0.937592 5.03215e-12 0.000991476 0.00100952 1.69899e-06 0.000741025 0.0384805 0.00283417 1.37057e-11 
0.0255889 0.0309498 0.286507 0.000437046 0.0305484 0.19622 0.00315771 0.259252 0.0572726 0.0772583 0.0328085 
0.0468349 0.00131248 0.752883 1.98583e-05 0.0163601 0.0124982 0.11599 0.00140898 0.0438038 0.00888765 1.32791e-06 
0.0184012 0.0117421 0.688722 0.000340697 0.0646171 0.0179646 0.134503 0.0347287 0.00895001 0.0200311 4.56147e-09 
0.0311023 0.00244562 0.875935 5.77103e-06 0.000236571 0.0628857 0.0160869 0.0005407 0.00979081 0.000967243 3.11389e-06 
0.0181398 0.000429569 0.794809 1.677e-05 0.000824311 0.0129376 0.0681806 0.00237058 0.0972104 0.00507934 1.79039e-06 
0.0691552 0.0176263 0.471999 8.21561e-06 0.000792803 0.00157207 0.0609645 0.0090357 0.239281 0.129522 4.24392e-05 
0.0851564 0.0287695 0.703598 0.000112071 0.012145 0.00588462 0.0011459 0.0648339 0.0783409 0.0200137 9.77267e-08 
0.0415227 0.00440267 0.702397 0.000750136 0.019826 5.40501e-07 1.72706e-05 0.0211552 0.0444307 0.165496 1.96363e-06 
0.0168585 0.0404669 0.642706 1.2032e-12 0.0141511 0.00103625 0.0143024 0.0142521 0.0256493 0.230577 4.45715e-08 
0.118037 0.0796214 0.412363 2.46983e-06 0.0145112 0.0348012 0.00328414 0.0290839 0.3034 0.00427483 0.000620894 
0.0647122 0.00486956 0.530148 1.00754e-05 0.00561065 0.000880483 0.0971063 0.00445011 0.0331522 0.259059 1.59921e-06 
0.0678977 0.0312658 0.277998 2.85409e-05 0.00644938 0.00378248 0.22021 0.182578 0.198547 0.0112282 1.52406e-05 
0.00785802 0.0522635 0.546761 0.00027278 0.00164069 0.00418692 0.173605 0.0754189 0.08994 0.0480226 3.08635e-05 
0.00384583 0.0475288 0.548224 6.89788e-05 0.0135435 0.000413143 0.306147 0.0468821 0.031039 0.00228877 1.81408e-05 
0.0189446 0.0286401 0.756794 0.000730187 0.00275855 0.00322939 0.0337783 0.0406109 0.084577 0.0299368 1.96855e-10 
0.0250749 0.00176056 0.822927 1.72977e-07 0.000166506 0.0579162 0.049654 0.00360251 0.0249598 0.0139146 2.3987e-05 
0.171997 0.0136296 0.434883 6.02961e-07 0.0294866 0.0629394 0.0134478 0.037688 0.193776 0.0417909 0.000362201 
0.0527751 0.0416651 0.502875 0.000257657 0.00497955 0.0560425 0.0111249 0.134946 0.143922 0.0513929 1.91613e-05 
0.0117368 0.0444186 0.751039 0.00495394 0.0064247 0.000329247 0.0374744 0.0524494 0.0816407 0.0082143 0.00131846 
0.00127202 0.00119812 0.598151 0.00129879 0.00318452 0.186982 0.00301227 0.197538 0.0068724 3.31481e-08 0.000490401 
0.111091 0.0101308 0.737046 1.81872e-05 0.000726465 0.0174943 0.0189927 0.00277681 0.0861745 0.015537 1.19843e-05 
1.4659e-08 0.00078806 0.551122 2.50756e-11 0.00116092 0.000413884 0.318794 0.126866 0.000830245 2.49369e-05 1.77662e-07 
0.227163 0.00383214 0.251738 0.000374849 0.000311166 0.0672833 0.191724 0.0200948 0.217357 0.0199147 0.000208158 
0.0285141 0.00240222 0.891602 3.66229e-05 0.00325788 0.000333729 0.0189177 0.0452359 0.00939814 0.000292921 8.36186e-06 
0.13938 0.0713257 0.221834 0.00219598 0.114228 0.00894295 0.0330736 0.044525 0.167782 0.196486 0.000226018 
0.0314577 0.000679401 0.904337 2.29071e-05 0.00020848 0.030415 0.00340741 0.00237713 0.0230174 0.00407717 1.94573e-09 
0.145636 0.0178666 0.739608 0.00151214 0.000587466 0.00428133 0.0165358 0.0146087 0.00845462 0.0133282 0.0375803 
0.276581 0.10548 0.291182 0.00198458 0.00594379 2.68336e-07 0.000387854 0.139783 0.0818056 0.0966696 0.000182396 
0.151635 0.0112589 0.645498 0.000112533 0.0133643 0.0611507 0.0631625 0.01451 0.0287934 0.0104918 2.28213e-05 
0.0224978 0.012332 0.788432 5.1473e-06 0.00318404 0.0254496 0.0754838 0.0173013 0.0535905 0.00172347 4.29053e-08 
0.011724 0.00552305 0.849286 1.16361e-06 0.000524582 9.7235e-05 0.00121059 0.109716 0.0150396 0.00685559 2.23573e-05 
0.114268 0.0631124 0.500125 0.00272337 0.0305616 0.025703 0.029073 0.0222386 0.122473 0.0897214 7.28459e-07 
0.00155439 7.74799e-05 0.961858 8.92441e-05 1.0365e-07 0.027137 0.00332363 0.00140745 1.66377e-07 0.0010061 0.00354621 
0.0714878 0.00600003 0.530225 7.85246e-07 0.0543429 0.00452277 0.0252633 0.13391 0.110007 0.0642378 3.02309e-06 
0.0924526 0.0025547 0.474134 2.87813e-05 0.0200081 0.00543604 0.242322 0.00393815 0.124215 0.0349089 2.91002e-06 
0.0367231 0.151467 0.432109 0.101369 0.0389351 0.0162957 0.0143644 0.0893678 0.0906026 0.028676 8.98247e-05 
0.0661734 0.0212184 0.315069 0.000685055 0.00714783 0.310839 0.0184837 0.0487522 0.0727792 0.0815443 0.057308 
0.0676562 0.000188838 0.694454 0.000453183 4.67734e-06 0.00525622 0.103418 0.0229397 0.0832003 0.022429 1.95381e-08 
0.151809 0.0258327 0.403787 0.000169701 0.000416539 0.0189804 1.7476e-05 0.315025 0.081464 0.00249283 5.28351e-06 
0.0276229 0.00413156 0.861464 2.26246e-07 2.40263e-07 1.06648e-07 0.0407102 0.0648622 1.91849e-07 0.00119482 1.3659e-05 
0.188498 0.0495796 0.294431 1.16229e-07 0.0177233 0.00122538 0.0107362 7.18076e-05 0.283435 0.1543 3.1716e-08 
0.00969026 0.00279394 0.574787 6.39393e-05 1.23436e-06 0.00321525 0.395025 0.000733512 0.0130718 0.000615686 2.34673e-06 
0.0313659 0.0168089 0.77377 0.000427741 0.0152827 0.0115836 0.0271316 0.0284059 0.0640352 0.0305481 0.00064044 
0.0176017 0.0367981 0.47232 0.00135292 0.0100593 0.0231751 0.0552376 0.150668 0.104428 0.128347 1.19945e-05 
0.0304721 0.0183452 0.362127 0.0273047 0.00261921 0.000184632 0.186951 0.156018 0.100002 0.114011 0.00196534 
0.0038495 0.0399202 0.746639 4.96956e-10 1.04928e-06 0.00146559 0.201334 0.0047833 0.000965874 0.00104093 1.34216e-06 
0.0402568 0.0367908 0.46145 0.000114571 0.00170993 0.0013672 0.0511812 0.181871 0.121505 0.103701 5.29201e-05 
0.0212226 0.0013745 0.880296 1.92296e-05 0.000376071 0.0327264 0.0237957 0.00311043 0.0337179 0.00336084 5.75526e-07 
0.0320417 0.0211674 0.617985 0.010323 0.00693731 0.00841959 0.20306 0.0355482 0.0579349 0.00650889 7.40106e-05 
0.00197494 0.00119658 0.877484 0.000149962 0.000275774 0.0243834 0.00314474 0.00125793 0.00301927 0.000907393 0.0862062 
0.0415592 0.000778284 0.522803 0.0260571 0.00294536 0.29139 0.00243433 0.00678385 0.0993806 0.00586616 1.69652e-06 
0.079771 0.00576982 0.607057 3.86284e-05 0.00385869 0.00739077 0.233137 0.00480703 0.0460919 0.012077 1.53868e-06 
0.0334448 0.00111185 0.371556 0.000813897 0.0109092 0.000587179 0.127186 0.139586 0.0997931 0.212756 0.00225513 
0.332967 0.000350923 0.441551 1.26819e-06 0.00360299 0.000698902 0.075288 0.0956836 0.0325101 0.0148828 0.00246279 
0.0188557 0.0368395 0.40846 0.0104631 0.00753541 0.0195195 0.384418 0.0259148 0.069646 0.018302 4.60202e-05 
0.0298597 0.0102671 0.72539 6.8076e-05 0.00587964 0.00371482 0.00940727 0.0242674 0.185148 0.00599685 1.60605e-06 
0.163785 0.06633 0.561183 0.0403276 0.00483478 0.0641881 0.0198265 0.0100043 0.0445062 0.0202058 0.00480863 
0.0444941 0.0987485 0.526799 2.0158e-07 0.000330638 0.0652825 0.00183925 0.0180941 0.206815 0.0375753 2.18324e-05 
0.207039 0.167519 0.208145 9.48637e-05 0.00413461 0.0162809 0.0988943 0.0386953 0.132967 0.12623 5.09445e-11 
6.14976e-08 0.00971177 0.957052 0.000229936 0.00254688 2.78e-07 0.000747643 0.0274792 0.00046015 0.00177168 4.81368e-07 
0.0692601 0.0672887 0.325242 0.000549429 0.00118729 0.0292415 0.0110254 0.116134 0.324918 0.0546664 0.000486208 
0.0427643 0.056626 0.400295 0.00264905 0.0151292 0.00293431 0.0487574 0.043414 0.0303155 0.352177 0.00493767 
0.000363826 0.00248691 0.947733 2.38936e-05 3.2009e-05 0.00578617 0.0410023 0.000208359 0.000422122 0.00194107 3.32546e-10 
0.0469704 0.0449177 0.519262 0.00163672 0.0174383 0.0198926 0.0309569 0.164515 0.112764 0.0411749 0.000470564 
0.0109548 0.001198 0.820085 1.19721e-05 4.25964e-05 0.00134518 0.000833834 0.157663 0.00621938 0.00164627 5.71976e-08 
0.0154842 0.0643955 0.365301 2.31523e-05 0.0107255 0.0180569 0.269541 0.0318966 0.208887 0.0156814 7.98853e-06 
0.0316942 0.0173695 0.813686 7.70266e-05 0.00588033 0.0159835 0.0173942 0.0270617 0.0439547 0.0259846 0.000914029 
0.0724314 0.0113616 0.567369 0.000453244 0.0226752 0.0443367 0.0702764 0.0731303 0.105934 0.0320055 2.59985e-05 
0.0268002 0.0267616 0.541413 9.88462e-05 0.000450141 0.0544721 0.00118202 0.0728611 0.264538 0.011423 5.62286e-08 
0.000530862 0.0230484 0.921915 4.67739e-12 0.00113651 0.00129791 3.83378e-10 0.000952718 0.0474743 0.00364389 1.27395e-11 
0.0696471 0.00297795 0.670823 0.000215449 9.0807e-05 0.0118316 2.04251e-05 0.131989 0.0454843 0.066916 4.38388e-06 
0.0218338 0.00786648 0.364395 1.58512e-06 0.00857076 0.0131291 0.161582 0.105187 0.150079 0.167343 1.16043e-05 
0.119475 0.129111 0.383126 0.000661947 0.0115912 0.00218901 0.0796487 0.00663668 0.249829 0.0177318 1.52066e-07 
3.52434e-06 0.0606953 0.607709 1.06751e-09 6.99901e-06 9.73359e-06 8.66408e-06 0.0441815 0.177915 0.10947 2.9075e-09 
0.0313173 0.000541001 0.909326 1.50076e-05 0.000493494 0.0253355 0.00223043 0.00209534 0.0248086 0.00383686 3.46964e-09 
0.0541727 0.0792969 0.621279 0.00124585 0.00823804 0.00856979 0.0220097 0.0100073 0.165706 0.0292302 0.000243818 
0.0673318 0.136316 0.654512 0.000157433 0.00495105 0.0261811 0.0480069 0.010092 0.0405119 0.0113302 0.000609902 
0.0996117 0.00563841 0.621729 7.13589e-05 0.00258365 0.0162872 0.101439 0.0612081 0.0604932 0.0307901 0.000148569 
0.0120039 0.00570173 0.896701 3.69983e-06 0.000905273 0.0373291 0.01416 0.0317847 0.000894214 0.000516457 4.78829e-08 
0.180689 0.0117333 0.411486 0.000246541 0.0141921 0.000639933 0.0658292 0.262361 0.0444715 0.00834988 1.91192e-06 
0.0654629 0.00360219 0.624201 3.26567e-06 0.0121162 0.00378746 0.0472495 0.214781 0.022812 0.00598427 4.51106e-07 
0.0932672 0.00674985 0.591201 4.80987e-06 0.00666163 0.104894 0.0389331 0.0241206 0.11306 0.0211078 3.415e-07 
0.077332 0.0420132 0.369413 7.53438e-05 0.0664512 0.000217489 0.00415829 0.0931217 0.331668 0.0152375 0.000311909 
0.0351337 0.000400305 0.50026 2.04237e-05 0.00218363 0.00558826 0.439345 0.00817096 0.00663956 0.00225825 4.25741e-08 
0.0665315 0.0223204 0.49496 0.00506587 0.0473235 0.0701496 0.00714824 0.206725 0.0125691 0.0663452 0.000861593 
0.0821074 0.00802449 0.40614 5.01552e-09 0.0103909 0.00218669 0.0899836 0.0028762 0.386557 0.0112945 0.000439342 
0.0329239 0.0486606 0.276321 3.45885e-05 0.141789 0.0333916 0.0296314 0.175907 0.245599 0.0157347 6.89783e-06 
0.0862701 0.105438 0.263522 0.000306894 0.00139396 3.76563e-05 0.09056 0.132435 0.233134 0.0868933 9.37141e-06 
0.0209466 0.00186015 0.948152 3.69887e-05 0.000990105 0.00263345 0.00185951 0.00355636 0.0188225 0.00114178 5.13662e-07 
0.0605503 0.0971213 0.661782 9.38212e-05 3.99714e-07 0.00996168 0.0316894 0.0360717 0.0936227 0.0091066 3.85367e-11 
0.227163 0.00383214 0.251738 0.000374849 0.000311166 0.0672833 0.191724 0.0200948 0.217357 0.0199147 0.000208158 
0.147678 0.000571305 0.51763 3.99999e-05 0.126272 0.181228 0.00712837 0.00294385 0.0114192 0.00502974 5.89694e-05 
0.0623157 0.0182087 0.614415 0.00297345 0.0150844 0.020946 0.0706824 0.0444716 0.12744 0.0233105 0.000153068 
0.0598915 0.0107421 0.623281 0.0034646 0.0139149 0.0471979 0.05796 0.00566188 0.0501 0.126821 0.000965565 
0.0932267 0.0214851 0.531456 0.00162165 0.00451723 0.0149773 0.0821636 0.0809877 0.130642 0.0284118 0.0105106 
0.087291 0.0302755 0.660627 0.00277389 0.00119182 0.0130216 0.0536365 0.114273 0.0205405 0.0162836 8.60234e-05 
0.0935447 0.00733857 0.698448 0.000731515 0.0273111 0.0699028 0.0255594 0.00245214 0.069257 0.0053616 9.3339e-05 
0.099423 0.105334 0.546867 0.0119174 0.00826558 0.0660688 0.0178069 0.0155945 0.113736 0.0145738 0.000413721 
0.079771 0.00576982 0.607057 3.86284e-05 0.00385869 0.00739077 0.233137 0.00480703 0.0460919 0.012077 1.53868e-06 
0.0213511 0.00461875 0.469023 0.000102429 0.00210468 0.0224341 0.0571622 0.23474 0.098075 0.0896694 0.000718896 
0.00220513 0.0506537 0.82415 3.5335e-06 0.00104116 0.00160551 0.0486772 0.00719078 0.0549939 0.00946927 9.40367e-06 
0.0604283 0.021557 0.724261 0.000146492 0.00083249 0.0227964 0.0746345 0.0298034 0.0461948 0.0193012 4.42292e-05 
0.0324716 0.0123897 0.6453 0.000744231 0.00126164 0.0297376 0.00517442 0.221896 0.0477904 0.00323449 1.16583e-07 
0.0363742 0.0125752 0.718204 0.00807835 0.0136462 0.0249704 0.0330832 0.0651445 0.0638235 0.0240153 8.4805e-05 
0.040097 0.024197 0.442446 5.14749e-06 0.0136665 0.0365272 0.209269 0.0160123 0.142936 0.00262555 0.0722185 
0.0114887 0.0115122 0.479132 4.24314e-05 0.00145652 0.00249344 0.0419379 0.379373 0.0618936 0.0106703 2.94595e-08 
0.000920616 0.000449985 0.723851 8.04847e-05 8.54711e-05 0.000234963 0.0193288 0.00396341 0.000394745 0.250686 4.92156e-06 
0.0690824 0.0288862 0.711454 0.00531583 0.00953087 0.046708 0.00574745 0.0522467 0.065264 0.00524759 0.000517435 
0.0485677 0.0183406 0.409868 7.45183e-05 0.00516861 0.0423167 0.048115 0.310271 0.113689 0.00358864 2.97718e-07 
0.12154 0.0225395 0.576397 0.00950419 0.0115 0.126857 0.0173161 0.00530596 0.0930427 0.0158641 0.00013429 
0.0355433 0.000198615 0.452092 9.98685e-06 4.21635e-05 0.0604413 0.361253 0.00639185 0.0584651 0.0255626 2.10443e-08 
0.282811 0.00404617 0.490249 0.006071 0.0295082 0.00323914 0.00719273 0.143866 0.0158325 0.0171807 3.66594e-06 
0.19139 0.00178347 0.648698 8.27734e-06 0.00218667 0.036621 0.0270045 0.0193248 0.0533461 0.0196346 3.01106e-06 
3.7402e-06 6.05182e-06 0.55385 1.69691e-07 3.95661e-06 7.7219e-06 2.8868e-10 0.413935 3.04888e-06 0.0321897 1.15256e-09 
0.0719555 0.0131565 0.336078 0.000401332 0.00032646 0.185888 0.0148405 0.0808752 0.212121 0.0843573 2.35268e-07 
0.0178827 2.07146e-05 0.428159 1.76185e-06 0.204982 0.0744747 1.57441e-06 0.268463 0.00570384 0.000275708 3.58987e-05 
0.280856 0.000155702 0.591108 4.62262e-06 0.00161547 0.000178587 0.0108029 0.0165516 0.093646 0.00504537 3.57909e-05 
0.0222248 0.0350534 0.680287 3.06553e-05 0.0342356 0.00151002 0.0550742 0.0691839 0.0486962 0.0536316 7.26396e-05 
0.0234659 0.0448569 0.333155 0.00545229 0.00901287 0.00131665 0.0221201 0.32968 0.0895025 0.141438 7.1804e-11 
0.0477713 0.0321856 0.511947 0.000271829 0.00122824 0.0267199 0.000284251 0.0175714 0.323952 0.0380672 4.35138e-07 
0.0583528 0.0201856 0.478965 0.00233477 0.00180775 0.0259409 0.00397183 0.142721 0.132068 0.133652 1.07933e-06 
0.0357734 0.0536911 0.40883 0.000240281 1.37561e-06 0.0804303 4.98507e-08 0.331705 0.0893281 7.99514e-07 8.64969e-11 
0.0776245 0.000855723 0.416655 1.81996e-09 0.0832876 0.00479014 0.156036 0.00527116 0.043875 0.211604 1.32134e-06 
0.116087 0.0247043 0.57404 0.0114624 0.0363455 0.0187164 0.012813 0.0385768 0.155148 0.0121039 3.61238e-06 
0.0859404 0.0541787 0.414188 1.391e-06 0.00489027 0.000737229 0.00153891 0.0119612 0.398761 0.0278027 2.39097e-08 
0.00653007 0.0293311 0.581714 2.14751e-06 0.0443877 0.0401504 0.0771034 0.107766 0.108591 0.00379141 0.000633344 
0.183499 0.0171832 0.332079 0.000128078 5.00868e-05 0.00437097 0.0021191 0.0939828 0.126422 0.240076 8.90974e-05 
0.00155439 7.74799e-05 0.961858 8.92441e-05 1.0365e-07 0.027137 0.00332363 0.00140745 1.66377e-07 0.0010061 0.00354621 
0.0313173 0.000541001 0.909326 1.50076e-05 0.000493494 0.0253355 0.00223043 0.00209534 0.0248086 0.00383686 3.46964e-09 
0.0222034 0.0235389 0.45286 0.000100803 0.00886982 0.0403874 0.00111807 0.0722176 0.249663 0.127291 0.00175099 
0.118843 0.021091 0.457177 1.06941e-08 0.000431683 0.0238719 0.179351 0.00332271 0.16816 0.0277129 3.94108e-05 
0.17865 0.00102699 0.612516 3.73667e-06 0.00826415 0.000216114 0.155909 0.00257671 0.0262489 0.0145881 7.83887e-09 
0.0284118 0.00647037 0.246273 1.67769e-07 0.0104455 0.0482176 0.200096 0.0719995 0.22356 0.154686 0.00984006 
0.010083 0.092308 0.747173 0.00030112 0.0150721 0.00185206 0.0384148 0.0328104 0.0408135 0.0207394 0.000432844 
0.0591182 0.018813 0.410205 4.67347e-05 0.197675 0.00578393 0.00796747 0.0721971 0.166939 0.0612536 1.26154e-06 
0.0798175 0.0191532 0.566461 0.00143746 0.0147074 0.0153123 0.172688 0.0182673 0.0960485 0.0159774 0.000129712 
0.002213 1.42913e-06 0.971914 2.96879e-08 0.00583158 1.03056e-05 9.5511e-07 0.00831154 1.52539e-05 0.0117015 8.08588e-08 
0.0394019 0.0228711 0.669232 0.00400867 0.013809 0.0590545 0.0378105 0.0286364 0.109026 0.0155665 0.000583036 
0.0702947 0.129859 0.244467 0.000426581 0.0341244 0.00390715 0.13633 0.0813602 0.231731 0.0674881 1.13353e-05 
4.34035e-06 0.0449135 0.755217 8.88531e-07 0.102434 0.014933 0.000475078 0.00142669 0.0805955 9.08649e-07 3.12661e-11 
0.0913225 0.0727003 0.404413 0.00223587 0.0183539 0.00351457 0.00995372 0.211757 0.144263 0.0269884 0.0144971 
0.0572095 0.0287425 0.589555 0.00060569 0.0128396 0.0245552 0.0649435 0.0284455 0.156278 0.0367839 4.2169e-05 
0.000926542 0.0652954 0.492266 1.07738e-05 0.0132032 0.00574286 0.0343393 0.174469 0.200584 0.0131551 7.01891e-06 
0.0908563 0.00230806 0.528144 1.34551e-05 0.00742377 0.000114966 0.0574437 0.0221078 0.283583 0.00792307 8.12879e-05 
0.0158145 0.000394445 0.371388 1.42137e-05 0.000155379 0.271429 0.000365888 0.317542 0.0228946 5.95144e-07 1.17519e-06 
0.17865 0.00102699 0.612516 3.73667e-06 0.00826415 0.000216114 0.155909 0.00257671 0.0262489 0.0145881 7.83887e-09 
0.227163 0.00383214 0.251738 0.000374849 0.000311166 0.0672833 0.191724 0.0200948 0.217357 0.0199147 0.000208158 
0.163959 0.0525319 0.325594 0.00763342 0.00732852 0.0812839 0.109026 0.0420299 0.138998 0.0707644 0.000850402 
0.0103429 0.00397395 0.778734 0.000153696 0.000149637 0.0153753 0.0158356 0.101725 0.0665894 0.00710214 1.77129e-05 
0.152765 0.0190919 0.622614 0.012821 0.000706363 0.00868103 0.120346 0.0447416 0.0181929 4.11986e-05 1.77933e-08 
0.0237493 0.00593632 0.618454 0.000114881 0.0226364 0.0652285 0.044682 0.0689304 0.146874 0.00339199 1.83805e-06 
0.0541795 0.0366493 0.615655 2.78069e-06 0.00348931 0.00910522 0.00132804 0.117819 0.0960866 0.0655215 0.000163724 
0.125429 1.15148e-05 0.636617 0.000577586 0.0548516 1.12933e-05 3.05766e-09 0.171927 0.0105569 1.88888e-05 1.22078e-08 
0.0863002 0.0493897 0.583688 1.27531e-05 0.0301511 0.00327526 0.000170766 0.0462221 0.189033 0.0117563 4.4259e-08 
0.0702902 0.0364356 0.542067 0.000134931 0.00484378 0.0182496 0.0433075 0.174495 0.0782342 0.0319422 1.47355e-07 
0.0519217 0.0106013 0.642704 1.07918e-05 0.000115504 0.000927679 0.0205315 0.260855 0.011355 0.000977342 4.23908e-07 
0.0666459 0.112001 0.251923 3.48849e-06 0.0310523 3.48792e-06 0.0840833 0.124202 0.233785 0.0962975 3.48677e-06 
0.00141523 0.0971571 0.645793 0.000200384 0.0015123 0.000488922 0.0827915 0.0154455 0.0222721 0.132924 5.57016e-09 
0.0956111 0.0132975 0.696297 0.00083348 0.00628823 0.000832269 0.112669 0.00120732 0.0701733 0.002785 6.45263e-06 
0.0924526 0.0025547 0.474134 2.87813e-05 0.0200081 0.00543604 0.242322 0.00393815 0.124215 0.0349089 2.91002e-06 
0.0195032 0.0490223 0.565733 0.000203223 0.0011422 0.0562042 0.0608064 0.119674 0.106913 0.0207975 3.708e-08 
3.91744e-06 0.00855536 0.837631 1.12583e-05 0.00342719 1.77088e-05 0.00251674 0.0102698 0.000538348 0.131989 0.00503938 
0.121592 0.00122732 0.644814 4.7512e-08 0.00105314 0.00104567 3.30893e-05 0.000140869 0.22664 0.00318232 0.000270933 
0.000483964 0.00495532 0.843636 2.29735e-06 0.00219364 0.0340168 0.0740848 0.00212934 0.0369997 0.00147737 2.11914e-05 
0.049549 0.0199602 0.651358 0.0101225 0.0144657 0.0117563 0.0454276 0.0555375 0.125989 0.0157481 8.63455e-05 
1.98243e-05 0.179356 0.336354 0.00213115 5.16142e-05 1.51175e-05 2.18569e-06 0.148481 0.333582 6.89941e-06 1.34232e-09 
0.0711758 0.00122721 0.514574 1.60756e-09 4.85094e-06 0.00687398 0.0896943 0.23477 0.0790676 0.0026085 3.49876e-06 
0.0955283 0.0897334 0.275052 0.000548552 0.00741417 0.0231016 0.0349969 0.150653 0.272818 0.0479626 0.00219125 
0.0289653 0.00424199 0.683527 7.69106e-06 0.0012325 0.00478295 0.228651 0.0205961 0.0234464 0.00375368 0.000795548 
0.00155439 7.74799e-05 0.961858 8.92441e-05 1.0365e-07 0.027137 0.00332363 0.00140745 1.66377e-07 0.0010061 0.00354621 
0.132118 0.0311449 0.416265 0.000165265 8.74484e-07 0.00290105 8.57039e-06 0.032187 0.368406 0.0168035 1.21068e-07 
0.0933251 0.023216 0.514863 2.27948e-08 0.000616756 0.153888 0.00237143 0.00197112 0.0554143 0.154334 3.0709e-07 
0.0187877 0.0143554 0.547524 7.55911e-05 6.45723e-08 1.16499e-06 0.00894592 0.324711 0.0731313 0.0124682 2.26168e-10 
0.003649 0.00275938 0.688405 1.38981e-10 0.00157859 0.0220186 0.000754235 0.0176251 0.257148 0.00606226 2.41107e-08 
0.0550488 0.0111892 0.344168 0.000140304 0.00487969 0.00475257 0.342977 0.0100673 0.0974755 0.129284 1.66205e-05 
0.0204667 0.00818169 0.442817 1.96982e-05 0.00125935 0.43662 0.00229919 0.0323273 0.0553752 0.000632867 1.61746e-06 
0.00969026 0.00279394 0.574787 6.39393e-05 1.23436e-06 0.00321525 0.395025 0.000733512 0.0130718 0.000615686 2.34673e-06 
0.0484394 0.0122927 0.826856 0.00385645 0.00558728 0.00738711 0.0296622 0.0152843 0.0365697 0.0140111 5.35772e-05 
0.0651636 0.000278244 0.513576 4.0516e-08 0.00267738 0.0397632 0.0086948 0.225108 0.141371 0.00336744 2.82707e-09 
0.122053 0.000702409 0.519377 8.30677e-09 0.0375398 0.00207572 0.0413129 0.00153357 0.154355 0.121051 1.56339e-11 
0.00323746 1.14604e-05 0.504176 2.55415e-08 6.64516e-06 0.4881 8.9322e-06 0.00155622 0.00271783 0.00018624 6.95656e-08 
0.074575 0.196962 0.276358 3.24947e-06 0.227866 0.00573464 0.00287911 0.0518347 0.107139 0.0128583 0.0437894 
0.112453 0.0158663 0.682431 0.000306634 0.0072762 0.000102267 0.0424773 0.00808769 0.0468394 0.0386162 0.0455447 
0.0150927 0.0329938 0.711557 0.000476515 0.00318931 0.115966 0.0453556 0.0124356 0.0419963 0.0208634 7.32698e-05 
0.00691433 5.53085e-07 0.809261 5.53001e-07 0.00718985 0.0797302 0.0121677 0.0116143 0.044859 0.0282624 5.52729e-07 
0.00723236 0.00651277 0.771782 0.000384518 0.0180755 0.000157288 0.0254193 0.0107438 0.0631953 0.096497 1.55452e-09 
0.0206917 0.00186485 0.894923 2.05309e-05 0.0336781 9.56393e-05 0.00635043 0.00284791 0.0370558 0.00247236 1.00374e-10 
0.176814 0.0282571 0.324259 0.000117184 0.00304964 0.00825813 0.0579056 0.109389 0.263393 0.0285503 6.16333e-06 
0.0409567 0.0145797 0.389622 4.10663e-05 0.000738482 0.259215 0.223678 0.0306359 0.033694 0.00672371 0.000114603 
0.276581 0.10548 0.291182 0.00198458 0.00594379 2.68336e-07 0.000387854 0.139783 0.0818056 0.0966696 0.000182396 
0.0931277 0.00232481 0.589152 6.93576e-06 0.00112307 0.00118638 0.0449742 0.00103403 0.235459 0.0316116 6.47703e-09 
0.000918503 0.0360453 0.706891 1.85276e-06 4.42725e-06 0.00175148 0.000139749 0.189073 0.059697 0.00547534 2.65443e-06 
0.0861924 0.0227379 0.577942 0.000641934 0.0206161 0.118458 0.0852905 0.0106268 0.0491674 0.0249896 0.00333761 
0.0871499 0.0337608 0.465933 0.00134584 0.00405145 0.0542541 0.0875787 0.220982 0.0371208 0.00721415 0.000609844 
0.0580094 0.00856723 0.689623 1.0024e-05 0.0268062 0.00805089 0.0680047 0.00172972 0.118933 0.0202559 1.06844e-05 
0.0314577 0.000679401 0.904337 2.29071e-05 0.00020848 0.030415 0.00340741 0.00237713 0.0230174 0.00407717 1.94573e-09 
0.0167247 0.087597 0.364935 0.000991162 0.136392 0.000633553 0.0415463 0.148506 0.185258 0.017415 2.44663e-10 
0.111091 0.0101308 0.737046 1.81872e-05 0.000726465 0.0174943 0.0189927 0.00277681 0.0861745 0.015537 1.19843e-05 
0.0255103 0.0362064 0.694479 9.75273e-05 0.00185487 0.0394022 0.00639544 0.075665 0.0731762 0.0472023 1.1238e-05 
0.0710368 6.02638e-08 0.427418 1.28232e-08 1.97379e-06 0.00581849 0.089862 0.0112543 0.389719 0.00488916 2.41371e-07 
0.03355 0.00155818 0.912588 2.18604e-05 0.0247136 0.00354371 0.00102021 0.000827538 0.0168418 0.00533429 4.87465e-07 
0.044503 0.0601354 0.487807 2.59731e-05 0.0457594 0.0115989 0.0329409 0.0682202 0.102783 0.146192 3.40446e-05 
0.0031782 0.0389415 0.536961 7.55852e-06 0.0045197 0.264233 0.0470511 0.01093 0.0941726 4.38365e-06 1.28604e-06 
0.300624 0.00516329 0.345059 0.000228951 0.024004 0.00837554 0.0150474 0.00201874 0.131388 0.168092 9.41098e-09 
0.0433562 0.0116323 0.76194 4.30656e-06 0.0207911 0.0238498 0.00130716 0.0545353 0.0719557 0.0105511 7.69915e-05 
0.003649 0.00275938 0.688405 1.38981e-10 0.00157859 0.0220186 0.000754235 0.0176251 0.257148 0.00606226 2.41107e-08 
0.0217163 0.001261 0.769524 1.71231e-08 0.00293608 4.21888e-11 0.0045626 0.00231697 0.0107604 0.186923 7.30516e-11 
0.0258402 0.0126432 0.466371 1.29244e-07 0.0386538 0.00747291 0.267592 0.0828762 0.0630379 0.0355133 1.97594e-09 
0.0446322 0.0182187 0.549794 0.000794134 0.00799385 0.00454558 0.0785345 0.122953 0.140013 0.0324829 3.83619e-05 
0.165825 0.0637986 0.571248 0.0349589 0.00370461 0.0623445 0.0195895 0.0103602 0.0434712 0.0204032 0.00429616 
0.143479 0.036919 0.192417 0.000479222 0.00347736 0.174121 0.0601408 0.191832 0.150815 0.0410151 0.00530324 
0.057883 0.0677122 0.528344 0.00478976 0.0156997 0.0890401 0.026311 0.0716858 0.0976918 0.0405521 0.000290306 
0.209167 0.0912879 0.323116 1.68829e-06 0.0528633 0.00104873 0.11423 0.0355122 0.116124 0.0566158 3.31537e-05 
0.107253 0.0825223 0.700893 0.00195524 0.00391567 0.00805447 0.0232414 0.0220681 0.0291618 0.0201027 0.000832107 
0.0291529 0.262761 0.343598 0.00531125 0.0558657 0.00177727 0.0887495 0.125196 0.0695786 0.0103666 0.0076425 
0.0331698 0.028058 0.581242 0.00800704 0.00114146 0.00940333 0.240222 0.0233994 0.0452505 0.0300717 3.50346e-05 
0.130209 0.0317259 0.499958 0.000903008 0.000237775 6.54214e-07 0.000556148 0.0554052 0.26627 0.014608 0.00012595 
0.00686321 0.00981017 0.756936 1.73972e-05 0.00212023 0.00942317 0.00109004 0.0232707 0.183397 0.00707135 6.65835e-08 
7.26234e-06 7.62253e-05 0.495444 4.41867e-06 1.31489e-05 0.0169699 0.281959 0.188878 2.12479e-05 0.0166257 7.35428e-07 
0.211256 0.0285975 0.543098 5.6264e-06 0.12039 0.000230441 0.000280306 0.0155706 0.0585395 0.022031 6.90897e-07 
0.0730482 0.0359779 0.595467 0.00099085 0.00986278 0.152085 0.0531822 0.00908187 0.0481487 0.0213896 0.000766184 
0.0217163 0.001261 0.769524 1.71231e-08 0.00293608 4.21888e-11 0.0045626 0.00231697 0.0107604 0.186923 7.30516e-11 
0.0240206 0.0146496 0.573894 1.77834e-05 0.00601491 0.0374283 0.234727 0.0310096 0.0682286 0.00993549 7.48206e-05 
0.0207077 0.00872554 0.592402 5.91477e-05 0.00538473 0.0080322 0.307937 0.0305253 0.0166229 0.00959459 8.91663e-06 
0.16016 0.0534609 0.483447 0.00560915 0.0122282 0.0474631 0.00193365 0.094471 0.126552 0.0146747 4.7746e-07 
0.00820644 0.0430349 0.339594 0.000507614 0.00220576 0.320052 0.00185355 0.26557 0.017704 0.00126388 7.84373e-06 
0.0674402 0.0424826 0.329896 3.59567e-05 0.00733634 0.0127018 0.225694 0.0149777 0.282684 0.0167394 1.09311e-05 
0.00324545 0.00791924 0.825058 2.14064e-05 0.0137194 0.089806 0.00835472 0.0277878 0.0234374 0.000648559 1.89231e-06 
0.22291 0.0118722 0.498087 2.19737e-06 0.0772895 0.000229511 0.00813887 0.0718931 0.0741711 0.0354059 1.54343e-07 
6.99404e-07 4.01679e-10 0.851874 8.73538e-10 7.49247e-10 0.000531202 5.95914e-10 0.132582 0.0150116 7.55343e-07 2.37919e-09 
0.051952 0.0394929 0.443924 0.0242557 0.0116821 0.0118783 0.0158984 0.256417 0.116983 0.0274236 9.28296e-05 
0.0538725 0.0809514 0.359112 0.000142746 0.0155606 0.0053081 0.0168657 0.298894 0.104365 0.0649277 1.16039e-07 
0.0181909 0.00213212 0.528508 0.00379816 0.00359404 0.050696 0.000321002 0.286391 0.0975767 0.00877163 2.04539e-05 
0.0809715 0.0126585 0.602389 7.08147e-05 0.0258588 0.0077232 0.0202118 0.0300576 0.187105 0.032948 6.28924e-06 
0.18015 0.00138864 0.722016 2.92022e-05 7.39894e-05 0.00147538 0.0845066 0.000783863 0.00224278 0.0073339 2.31235e-08 
0.111418 0.161373 0.248849 0.000299679 0.0122114 0.0800486 0.0163966 0.143357 0.19606 0.0299391 4.74743e-05 
0.0142333 0.113451 0.411154 4.86669e-05 0.150733 0.0512731 0.0175857 0.0571346 0.149197 0.0301648 0.00502424 
0.022785 0.000669739 0.881562 1.0593e-05 0.000839073 0.0148639 0.0499552 0.004921 0.0212866 0.00310649 4.12072e-09 
0.0152142 0.154839 0.484274 6.21559e-05 0.00690943 0.00859843 0.0812607 0.0202514 0.113865 0.114718 8.02906e-06 
0.0645939 0.0626396 0.371883 2.21465e-05 0.0117386 0.00202064 0.0207417 0.209874 0.210697 0.0457381 5.15315e-05 
0.191402 2.21636e-07 0.247611 1.29949e-05 1.71392e-05 0.00155535 0.224461 0.133436 0.193163 0.00834073 1.69163e-06 
0.0821647 0.00775322 0.661809 0.000319043 0.000192882 0.0167487 0.0702479 0.0245577 0.128919 0.00720701 8.11887e-05 
0.138413 0.233762 0.275224 3.20623e-05 1.06398e-06 3.20197e-05 0.0176623 0.268208 0.0390267 0.0234813 0.0041577 
0.198455 0.000834267 0.648266 2.13444e-06 0.0153742 0.0122251 0.0265832 0.00368054 0.0826602 0.0119194 6.02584e-08 
0.128219 0.0242548 0.293279 0.000161557 0.010912 0.00626914 0.00659357 0.171826 0.255272 0.102989 0.000224722 
0.0289338 0.00145479 0.829342 0.000687066 0.00029632 0.00773426 0.0468416 0.00840965 0.0704864 0.00581012 3.73272e-06 
0.0867358 0.0563796 0.299223 0.0182179 8.67146e-06 0.0936417 8.67188e-06 0.202058 0.125768 0.11795 8.66685e-06 
0.12762 0.112003 0.223596 0.0108408 0.0116028 0.00160286 0.013982 0.158747 0.165558 0.171562 0.00288594 
