0.055859 0.0349565 0.481688 0.000172634 0.0128399 0.00320095 0.0317965 0.289559 0.0607725 0.0291549 1.83007e-08 
0.0572053 0.0819239 0.318738 0.000103864 0.00125383 0.0548584 0.0881431 0.156316 0.219851 0.0214636 0.000142191 
0.199773 0.0215736 0.366594 0.000180118 0.0278975 0.0300482 0.00532797 0.0248099 0.215566 0.107384 0.000845454 
0.0501232 0.032846 0.361893 8.71701e-05 0.269354 7.14354e-05 0.00272921 0.112467 0.114103 0.0563256 4.27932e-08 
0.0966761 0.00108339 0.77062 1.84313e-05 0.0234537 0.0214756 0.0727187 0.000680121 0.00174898 0.0115245 9.0385e-09 
0.0245604 0.00789422 0.616361 3.98033e-05 0.0144288 0.0845448 0.0592688 0.00600973 0.0608939 0.125997 1.63332e-06 
0.160679 0.0244058 0.642788 3.0118e-05 0.00817838 2.00003e-05 0.00131661 0.00072053 0.0803172 0.0815335 1.16186e-05 
0.0659266 0.0125611 0.835441 0.00121763 0.0040358 0.00600657 0.0208206 0.00271063 0.0261238 0.0246637 0.00049279 
0.0699904 0.0494868 0.45464 0.00122278 0.00881865 0.0198527 0.0747789 0.0845729 0.15425 0.0818975 0.000489703 
0.143236 0.0520582 0.44094 8.80292e-05 0.0144858 0.00684417 0.0903653 0.00787854 0.219807 0.0242927 4.39373e-06 
0.036157 0.0239117 0.393609 0.027223 0.120716 0.0304262 0.0268012 0.0744122 0.208909 0.0578068 2.70559e-05 
0.086719 0.00286455 0.787833 8.43938e-06 0.0044565 0.00911465 0.0240603 0.0203195 0.0394625 0.0249703 0.000191633 
0.278673 0.0672485 0.332134 1.27303e-07 1.19982e-06 1.33879e-05 2.40291e-07 0.0226511 0.286257 0.0130218 1.62252e-08 
0.0218555 0.0116856 0.75767 3.53508e-05 0.00749267 0.0516263 0.0501 0.0282034 0.0684661 0.00276777 9.71335e-05 
0.0933251 0.023216 0.514863 2.27948e-08 0.000616756 0.153888 0.00237143 0.00197112 0.0554143 0.154334 3.0709e-07 
0.180765 0.0265252 0.353122 0.0227192 0.0967402 0.0150517 0.0227337 0.0679339 0.204709 0.00605605 0.00364409 
0.113297 0.0531015 0.458476 0.000176795 0.0555657 0.00258166 0.00518448 0.267309 0.0401427 0.00413562 2.8718e-05 
0.0570556 9.91113e-07 0.738519 1.33662e-10 0.000173235 0.000136897 0.0075513 0.178065 0.0170323 0.00146593 3.64046e-10 
0.0313173 0.000541001 0.909326 1.50076e-05 0.000493494 0.0253355 0.00223043 0.00209534 0.0248086 0.00383686 3.46964e-09 
0.0626772 0.0183403 0.573346 0.000110201 0.0119286 0.00131468 0.0737583 0.0309405 0.164838 0.0627456 7.37722e-07 
0.0637929 0.00646075 0.467023 1.48302e-07 0.00186513 0.0670385 0.285638 0.00355156 0.0544762 0.0040387 0.0461156 
0.132859 0.0155493 0.315664 0.000949356 0.0110384 0.0136381 0.0451948 0.104843 0.303911 0.0563501 2.9826e-06 
0.103532 0.00728395 0.654931 0.00026852 0.00104669 0.106758 0.0685401 0.0226081 0.0287183 0.00630432 8.90864e-06 
0.25715 0.0309628 0.273932 0.00336647 0.00899345 0.0165286 0.000637904 0.181801 0.124856 0.101771 6.23256e-08 
0.0444922 0.383216 0.409137 4.27097e-06 0.0132456 0.0252467 0.0114769 0.0327143 0.0724213 0.00620728 0.00183847 
0.0453298 0.0191931 0.396943 0.00012279 0.00224483 0.030075 0.364526 0.0393251 0.077987 0.0128665 0.0113867 
0.308805 0.027775 0.322364 0.000171602 0.00360768 0.0155571 0.00843357 0.0148811 0.289358 0.00904202 4.96122e-06 
0.0312494 0.0968291 0.373726 0.000241573 0.0853087 0.000317149 0.0334378 0.229425 0.143232 0.00621492 1.85797e-05 
0.0270584 0.0249477 0.427988 8.06184e-06 0.000674201 0.0146307 0.381966 0.0358078 0.0766978 0.0102174 3.64884e-06 
0.0727169 0.00681691 0.754622 0.000158248 0.000292088 0.00695622 0.000860198 0.00610169 0.0476509 0.103471 0.000354269 
0.0200244 0.0007834 0.806736 1.53376e-07 3.67083e-05 0.0607795 0.0783272 0.00257512 0.0277399 0.00299733 2.80645e-07 
0.081899 0.023477 0.686607 0.00352342 0.0345406 0.016321 0.000108463 0.010817 0.125419 0.0171271 0.000159676 
0.0209466 0.00186015 0.948152 3.69887e-05 0.000990105 0.00263345 0.00185951 0.00355636 0.0188225 0.00114178 5.13662e-07 
0.250212 0.000993201 0.668831 1.79791e-05 5.02236e-05 0.0018283 0.0538093 0.0011618 0.0129257 0.0101705 9.3286e-08 
0.0609388 0.0917803 0.383837 4.11218e-06 0.00456531 0.0634424 0.0153359 0.0430395 0.313332 0.0234733 0.000252168 
0.0441508 0.0226183 0.438224 2.59964e-05 0.152875 0.0224944 0.0815987 0.0181299 0.159266 0.0606128 3.68335e-06 
0.000518145 2.58444e-05 0.986115 2.97559e-05 4.63616e-08 0.00975113 0.0011079 0.000536522 0.000398215 0.000335379 0.00118244 
0.0453732 0.0266831 0.339261 4.59108e-08 0.000838454 0.0827814 0.114613 0.110374 0.275918 0.00411324 4.37089e-05 
0.0314577 0.000679401 0.904337 2.29071e-05 0.00020848 0.030415 0.00340741 0.00237713 0.0230174 0.00407717 1.94573e-09 
0.0871697 0.0265309 0.380426 1.85165e-05 0.000318058 0.00871812 0.0033764 0.0328821 0.27429 0.184747 0.00152278 
0.18118 0.0851898 0.263726 3.44464e-08 0.0753468 0.0063542 0.000142982 0.105066 0.246592 0.0363976 4.84575e-06 
0.17865 0.00102699 0.612516 3.73667e-06 0.00826415 0.000216114 0.155909 0.00257671 0.0262489 0.0145881 7.83887e-09 
0.0624269 0.0443997 0.537326 0.00201554 0.0227175 0.0152756 0.177478 0.0241679 0.0832283 0.0300707 0.000893764 
0.00619115 0.00398803 0.759048 0.000241579 0.000387153 0.0224183 0.0255078 0.0832681 0.0913425 0.00592549 0.00168182 
0.0483204 0.0329485 0.285109 0.000625871 0.000444679 0.022652 0.176629 0.246343 0.181121 0.00577822 2.88095e-05 
0.0277449 0.0139271 0.573731 5.36214e-05 0.0156885 0.0895043 0.208492 0.0218885 0.03876 0.00615369 0.00405698 
0.0215603 0.00995634 0.641321 1.78706e-05 0.00182525 0.02345 0.218014 0.00716576 0.0670207 0.00965652 1.17753e-05 
0.0387885 0.00120111 0.906844 5.58122e-08 0.00456693 8.77898e-08 0.00146971 0.00126888 0.0291061 0.0167546 1.52012e-07 
0.0461341 0.0471556 0.642083 0.000363837 0.0269937 0.0303599 0.0108881 0.0526641 0.106755 0.0364535 0.000148525 
0.0321902 0.0020242 0.8322 2.86029e-06 0.000929591 0.0587283 0.0387383 0.00488106 0.022584 0.00772105 2.50094e-08 
0.148618 0.0169561 0.251066 5.64149e-05 0.0533658 0.017371 0.00553818 0.037379 0.231942 0.237689 1.87714e-05 
0.0105207 0.0744247 0.341532 1.7973e-07 8.52346e-07 9.04021e-07 0.0605077 0.3411 0.141438 0.0304748 3.6323e-10 
0.0441017 0.0176829 0.650901 1.96731e-06 0.00187443 0.00034414 0.0224957 0.00756214 0.200949 0.0540794 7.61617e-06 
0.0158352 0.0193913 0.485819 3.88258e-07 2.5695e-08 0.295779 0.0278632 0.130401 0.0244352 0.000462828 1.24037e-05 
0.162151 0.0274417 0.427249 0.000822704 0.00182731 0.00996969 0.316336 0.0336388 0.0196799 0.000882185 2.43402e-06 
0.0514842 0.0116608 0.578031 5.79342e-07 7.41033e-07 0.0524638 0.0673278 0.044545 0.181858 0.0126284 3.63601e-09 
0.288761 0.000363285 0.374025 1.04512e-11 0.038843 1.25004e-07 0.00180084 1.06852e-07 0.178919 0.117288 2.84652e-11 
0.0128342 0.00257127 0.468442 8.64033e-08 0.00567947 0.253786 0.0193257 0.0544931 0.0896464 0.092745 0.000477224 
0.00750083 0.0485626 0.767417 0.000204204 0.00459738 0.0613641 0.0122675 0.0069322 0.0831935 0.00796026 4.1795e-07 
0.00653737 0.0305394 0.857492 3.15924e-05 0.00420446 0.00572105 0.0750828 0.00923531 0.0108011 0.000347533 7.22855e-06 
0.035107 0.0244187 0.460013 0.000128725 0.0166618 0.017828 0.00966848 0.343581 0.0689135 0.0236747 4.97478e-06 
0.123193 0.0316689 0.657776 0.000695566 0.127928 0.00443572 4.76637e-05 0.000287651 0.0402016 0.0137655 5.09942e-07 
0.0456735 0.00845724 0.480988 4.65271e-05 0.00461402 0.337116 0.0161375 0.0227255 0.0657567 0.0183432 0.000141487 
0.0997539 0.00846116 0.72706 1.3526e-08 0.00128673 0.0133973 0.0132179 0.00338163 0.104013 0.0294277 8.51067e-07 
0.179533 0.101641 0.423172 0.000799397 0.075525 0.0190318 0.00117436 0.012368 0.128682 0.0320602 0.0260125 
0.0241501 0.0111042 0.497323 1.46944e-05 0.000443992 0.0202871 0.371654 0.00589813 0.0596134 0.0051004 0.00441143 
0.0441396 0.0242644 0.680356 0.000533597 0.0113554 0.0330662 0.0791477 0.0333979 0.0706373 0.0227533 0.000348344 
0.0829351 0.00285463 0.441737 4.07866e-07 0.00224949 0.00331833 0.368525 0.0393671 0.0337708 0.00371465 0.021527 
0.191603 0.00738587 0.414169 0.00254826 0.137371 0.0110443 0.0204073 0.0657507 0.103986 0.0457228 1.23537e-05 
0.0315286 0.00339698 0.598589 7.92413e-05 0.000601179 0.296535 0.0137195 0.00353942 0.0442274 0.00777155 1.22206e-05 
0.148669 0.0271306 0.416958 0.000239726 0.00438429 0.0319074 0.0218711 0.137091 0.199516 0.0121916 4.14847e-05 
0.0328534 0.0796907 0.726509 0.000275349 0.0281885 0.0171055 0.0154327 0.0319888 0.0438904 0.0123344 0.0117315 
0.0738916 0.00380127 0.433029 9.78823e-05 0.000423085 0.0734357 0.328539 0.00415131 0.0406631 0.041642 0.000325701 
0.0275598 0.0137739 0.526876 5.14223e-08 8.00632e-08 0.00473996 0.0802244 0.182749 0.148756 0.0153215 1.37901e-07 
0.0622567 0.0369967 0.582409 0.00310626 0.0097823 0.0341097 0.0960744 0.0549294 0.0942366 0.0225638 0.00353541 
0.0396671 0.00180904 0.66247 3.30338e-05 0.0157128 0.122986 0.00614355 0.0754832 0.0507312 0.0249538 1.03515e-05 
0.0622203 0.0266285 0.400007 0.000368708 0.00342741 0.00479297 0.0298573 0.0926333 0.348856 0.0312028 5.62629e-06 
0.0506513 5.38768e-06 0.62393 5.38686e-06 0.0296343 0.136271 5.38734e-06 0.0678841 0.0916027 5.38751e-06 5.38421e-06 
0.091256 0.0109085 0.670724 0.0107295 0.0352965 0.0136124 0.073613 0.0166351 0.0541591 0.0229874 7.85746e-05 
0.106422 0.0120804 0.353699 3.16437e-05 0.00494121 0.00400173 0.0404824 0.339926 0.118758 0.0184969 0.00115983 
0.0589202 0.149965 0.370635 0.0124317 0.0490095 0.00321123 0.00519455 0.0971031 0.0656689 0.184054 0.00380618 
0.000530862 0.0230484 0.921915 4.67739e-12 0.00113651 0.00129791 3.83378e-10 0.000952718 0.0474743 0.00364389 1.27395e-11 
0.0761926 0.0115759 0.46978 1.51432e-06 0.0192611 3.40654e-07 2.15502e-07 0.156569 0.259235 0.00738346 1.68489e-07 
0.0737894 0.00241441 0.390021 1.23368e-06 2.45578e-10 1.01668e-06 1.95321e-10 0.222691 0.0924729 0.218154 0.000454735 
0.085602 0.0757185 0.337839 0.000283572 0.00462957 0.013259 0.00151335 0.22114 0.196033 0.0639114 6.99521e-05 
0.0072435 0.000360436 0.954718 2.78534e-07 0.000147365 1.37305e-05 0.0188286 0.000498565 0.00659341 0.0115963 2.59646e-07 
0.0430982 0.0172533 0.567358 0.00191965 0.00784442 0.0449917 0.0820456 0.108864 0.120629 0.00594969 4.64559e-05 
0.0435493 0.00938092 0.379747 0.000595794 0.0270704 0.0314012 0.00209182 0.324627 0.0679209 0.0995259 0.0140894 
0.13254 0.000384496 0.50905 1.06877e-07 0.000224471 0.01274 0.133928 0.00722474 0.191244 0.012664 4.2949e-07 
0.183499 0.0171832 0.332079 0.000128078 5.00868e-05 0.00437097 0.0021191 0.0939828 0.126422 0.240076 8.90974e-05 
0.00206815 0.0109727 0.539972 3.78996e-07 0.0168636 0.00128979 0.194633 0.0130141 0.209813 0.00901982 0.00235305 
0.026192 9.37401e-06 0.488275 7.85576e-11 2.0214e-05 0.303587 0.0162621 0.00663615 0.144086 0.0149319 2.13962e-10 
0.041013 0.0582103 0.247916 0.00262056 0.0140478 0.0831277 0.0147789 0.156084 0.17301 0.209182 8.45979e-06 
0.090565 0.00516223 0.643186 0.000198111 0.0212159 0.184349 0.00367123 0.0202663 0.0276998 0.00368493 1.1127e-06 
0.167405 0.00554741 0.590612 0.00335347 0.00561554 0.00548815 0.0516353 0.0144048 0.147225 0.00870162 1.16367e-05 
0.0378446 0.0098317 0.818861 4.14678e-06 0.0113642 0.0175288 0.000236029 0.0261529 0.064681 0.0134955 3.63775e-09 
4.34035e-06 0.0449135 0.755217 8.88531e-07 0.102434 0.014933 0.000475078 0.00142669 0.0805955 9.08649e-07 3.12661e-11 
0.124513 0.0314122 0.433995 0.0146702 0.00211019 0.00320961 0.00377558 0.0521427 0.100453 0.233453 0.000265029 
0.171997 0.0136296 0.434883 6.02961e-07 0.0294866 0.0629394 0.0134478 0.037688 0.193776 0.0417909 0.000362201 
0.00909839 0.00141691 0.586992 1.09068e-07 0.00186633 0.190923 0.171671 0.000777966 0.0331308 0.00412332 2.41754e-08 
4.34035e-06 0.0449135 0.755217 8.88531e-07 0.102434 0.014933 0.000475078 0.00142669 0.0805955 9.08649e-07 3.12661e-11 
0.175228 0.0982671 0.319202 0.00865603 0.0821992 0.00832426 0.010474 0.0437439 0.198597 0.0516433 0.00366563 
0.0494168 0.00460786 0.852816 0.000215507 0.00515104 0.000622498 0.0125511 0.0106979 0.0272315 0.0366716 1.83002e-05 
0.0120039 0.00570173 0.896701 3.69983e-06 0.000905273 0.0373291 0.01416 0.0317847 0.000894214 0.000516457 4.78829e-08 
0.0620169 0.0236871 0.650159 0.000627031 0.0243596 0.0399023 0.0778682 0.0312258 0.0671256 0.021372 0.00165668 
0.139463 0.00515487 0.656031 5.17087e-06 0.0727504 0.0234752 0.000245782 0.000157639 0.0510627 0.0516542 3.93801e-08 
0.000939061 0.0927987 0.700911 6.42591e-06 0.00104317 0.00479182 0.0984364 0.0692168 0.0300098 0.00184562 6.93412e-07 
0.116524 0.00287921 0.457189 0.000173088 0.00239345 0.00387513 0.0156079 0.0187805 0.192582 0.159163 0.0308334 
0.0140762 0.0333817 0.771479 1.07447e-06 0.00147024 0.00277067 0.0024557 0.0052061 0.141831 0.027328 4.32388e-07 
0.00504431 0.0525975 0.34285 0.000620283 0.00269579 0.282066 0.00226535 0.289033 0.021638 0.00118059 9.56839e-06 
1.68491e-06 0.0175565 0.706551 4.03487e-10 2.45749e-06 6.34666e-10 4.70711e-06 0.275868 6.86449e-06 8.13562e-06 1.09895e-09 
0.0673179 0.0208909 0.550354 0.00853798 0.00801377 0.0181141 0.184844 0.0475626 0.0771127 0.0170991 0.000152776 
0.0290928 0.0131877 0.878243 0.00144803 0.00320977 0.00146143 0.00771359 0.0420901 0.0133289 0.00996294 0.000261437 
0.00492676 0.0084154 0.782402 1.84781e-05 0.00511304 0.0235972 0.045136 0.0455809 0.0748702 0.00821762 0.00172242 
0.266719 0.104498 0.277064 0.019044 0.00633429 0.00848917 0.0543621 0.0419225 0.205945 0.0153315 0.000291197 
0.085602 0.0757185 0.337839 0.000283572 0.00462957 0.013259 0.00151335 0.22114 0.196033 0.0639114 6.99521e-05 
0.00155439 7.74799e-05 0.961858 8.92441e-05 1.0365e-07 0.027137 0.00332363 0.00140745 1.66377e-07 0.0010061 0.00354621 
0.0713704 0.00699758 0.460901 7.9968e-05 0.0105116 0.00246321 0.000848807 0.345598 0.0945072 0.00672187 5.56291e-07 
0.00631981 0.0254456 0.629932 0.00401912 0.00901748 0.00440702 0.120918 0.10289 0.0321853 0.0648587 7.85493e-06 
0.0115643 0.0597001 0.460916 0.000117174 0.000694796 0.0268193 0.208201 0.00707028 0.181303 0.0436142 1.39111e-07 
0.0851216 0.0215959 0.822406 0.000266433 0.00121907 0.00092156 0.00317818 0.0250876 0.0353077 0.00458408 0.000311958 
0.0716679 0.000168477 0.835444 6.00261e-07 0.00391489 0.000358024 0.00554666 0.0260135 0.0524849 0.00438686 1.45961e-05 
0.01226 0.0935805 0.349571 0.0269701 2.30495e-07 3.22229e-10 2.798e-07 0.104815 0.075632 0.33717 8.29992e-07 
0.139551 0.00259931 0.795155 3.48154e-06 2.98322e-06 0.00490093 0.00328155 0.00197487 0.0458576 0.0066733 1.36508e-08 
0.0346699 0.0129135 0.733845 2.40976e-05 0.00103227 0.0191764 0.0948559 0.0242717 0.0421805 0.0370275 3.04168e-06 
0.000363826 0.00248691 0.947733 2.38936e-05 3.2009e-05 0.00578617 0.0410023 0.000208359 0.000422122 0.00194107 3.32546e-10 
0.0179376 0.0195483 0.395851 2.49113e-05 0.00528619 0.000927478 0.0265207 0.362059 0.160195 0.0116006 4.94281e-05 
0.0727177 0.0454717 0.718916 0.000128078 0.00302882 0.0211576 0.0338039 0.00358292 0.0435071 0.0576858 4.39205e-09 
0.179111 0.00975646 0.451961 0.000196152 0.000554919 0.00355996 0.200789 0.0307142 0.116961 0.00634017 5.60837e-05 
0.22185 0.0126294 0.331006 0.000948925 0.0128573 0.00356276 0.00630565 0.284208 0.073358 0.0527478 0.00052687 
0.021466 0.022175 0.818943 5.15249e-05 0.00838895 0.0500765 0.024296 0.0473226 0.00617557 0.00108652 1.87196e-05 
0.0789878 0.0163349 0.487805 0.0017731 0.00602544 0.0068928 0.240885 0.0124882 0.134483 0.0143207 4.39663e-06 
0.00786187 0.0697645 0.572904 0.0110474 0.00363697 0.0102921 0.0730703 0.0879785 0.135129 0.00509455 0.0232205 
0.192466 0.0878272 0.362609 0.00380982 0.0207109 0.00157282 0.00576067 0.00498794 0.28057 0.0396781 8.2016e-06 
0.0255889 0.0309498 0.286507 0.000437046 0.0305484 0.19622 0.00315771 0.259252 0.0572726 0.0772583 0.0328085 
0.0673318 0.136316 0.654512 0.000157433 0.00495105 0.0261811 0.0480069 0.010092 0.0405119 0.0113302 0.000609902 
0.0107306 0.0403536 0.436981 1.07706e-06 0.147998 0.0804337 9.62294e-07 0.229902 0.0534125 0.000165484 2.16969e-05 
0.0313173 0.000541001 0.909326 1.50076e-05 0.000493494 0.0253355 0.00223043 0.00209534 0.0248086 0.00383686 3.46964e-09 
0.198734 0.227406 0.233248 0.00691557 0.0348696 0.00131965 0.006551 0.0314865 0.156258 0.101738 0.00147352 
2.91135e-08 0.00123862 0.883655 1.17233e-11 4.94071e-05 0.00271979 0.0928246 0.0129593 0.00646594 8.73866e-05 3.19299e-11 
0.00155439 7.74799e-05 0.961858 8.92441e-05 1.0365e-07 0.027137 0.00332363 0.00140745 1.66377e-07 0.0010061 0.00354621 
0.291842 0.00116528 0.511343 0.00410765 0.0426326 0.00166829 0.0118062 0.0100401 0.081199 0.0441956 4.55032e-07 
0.109515 0.228733 0.322445 0.00845825 0.138739 0.020359 0.00283082 0.0664126 0.0733843 0.0290457 7.61843e-05 
0.0314577 0.000679401 0.904337 2.29071e-05 0.00020848 0.030415 0.00340741 0.00237713 0.0230174 0.00407717 1.94573e-09 
0.0743178 0.0130394 0.521635 0.000326988 0.00124292 0.00214136 0.0111731 0.0998681 0.0885237 0.187732 3.32942e-08 
4.34035e-06 0.0449135 0.755217 8.88531e-07 0.102434 0.014933 0.000475078 0.00142669 0.0805955 9.08649e-07 3.12661e-11 
0.00785802 0.0522635 0.546761 0.00027278 0.00164069 0.00418692 0.173605 0.0754189 0.08994 0.0480226 3.08635e-05 
0.135897 0.0567221 0.526826 0.00862474 0.00869908 0.0241151 0.08221 0.0346186 0.0960489 0.0245019 0.00173661 
0.0211256 0.00810231 0.568326 3.89463e-05 0.000297116 0.125138 0.0609055 0.126981 0.0872258 0.00183251 2.65491e-05 
0.261686 3.85601e-06 0.37533 1.44195e-06 0.0185179 0.19835 0.00323228 0.111653 0.0269964 0.0042288 6.46099e-07 
0.0767912 0.0131073 0.611053 0.000582778 0.00616582 0.140072 0.0641209 0.0134656 0.0381297 0.0202429 0.0162687 
0.0344879 0.0643008 0.298307 0.0048326 0.0194402 0.0046959 0.00229096 0.296555 0.211679 0.0634046 7.12765e-06 
0.126425 0.0205765 0.539947 0.00765072 0.0101936 0.0243748 0.13144 0.0559799 0.0523695 0.0308142 0.000229004 
0.111091 0.0101308 0.737046 1.81872e-05 0.000726465 0.0174943 0.0189927 0.00277681 0.0861745 0.015537 1.19843e-05 
0.0166326 0.00947656 0.73375 0.00409886 0.00030523 0.143078 0.00385069 0.0660495 0.0211676 0.00158459 5.63927e-06 
0.0285141 0.00240222 0.891602 3.66229e-05 0.00325788 0.000333729 0.0189177 0.0452359 0.00939814 0.000292921 8.36186e-06 
0.0107423 0.00930071 0.503783 2.48517e-07 0.00623093 0.00774407 0.00130093 0.406888 0.0311536 0.0228553 2.48384e-07 
0.140464 0.0271524 0.520977 0.000123138 0.0312933 0.000220183 0.000902982 0.0413087 0.160549 0.0769679 4.13446e-05 
0.201696 0.0334182 0.443621 1.10334e-08 0.0644855 3.73252e-08 0.034276 0.000250354 0.0430293 0.135288 0.043936 
0.266258 0.0441771 0.396477 0.000521212 0.00938971 0.011996 0.093259 0.108184 0.0508143 0.0189232 4.89019e-07 
0.0355609 0.0200911 0.588944 0.00954627 0.0100416 0.181433 0.0885888 0.0173282 0.040128 0.008259 7.92782e-05 
0.0425195 0.00963801 0.449764 0.000125712 0.377709 0.00158919 0.000747202 0.0245096 0.0728038 0.0205933 1.11875e-06 
0.106396 0.0181504 0.394646 0.000351371 0.00399465 0.252092 0.0246816 0.0506765 0.132123 0.0167416 0.000146849 
0.142519 0.0142351 0.536304 0.000145653 0.000400582 0.00128155 0.0462118 0.0345965 0.205364 0.0189425 2.4808e-08 
0.00989251 0.00753617 0.526694 1.25693e-05 0.00449061 0.332915 0.0140012 0.0282353 0.073504 0.00270334 1.52976e-05 
0.0285027 0.00788173 0.560868 8.32784e-05 0.000761471 0.0712266 0.141067 0.101939 0.0657004 0.00499082 0.0169781 
0.126129 0.0285992 0.471092 1.02296e-06 0.0223276 0.0324072 0.148279 0.107037 0.0329997 0.00358943 0.0275391 
0.00155439 7.74799e-05 0.961858 8.92441e-05 1.0365e-07 0.027137 0.00332363 0.00140745 1.66377e-07 0.0010061 0.00354621 
0.085602 0.0757185 0.337839 0.000283572 0.00462957 0.013259 0.00151335 0.22114 0.196033 0.0639114 6.99521e-05 
0.213854 0.00233923 0.418664 4.18403e-05 0.000603894 3.95903e-07 0.000269401 0.0275049 0.321473 0.0152244 2.5909e-05 
0.00115588 8.49161e-06 0.868911 1.72037e-08 3.52277e-05 8.28006e-06 0.0910608 0.0387498 3.04027e-05 3.7371e-06 3.63178e-05 
0.0660386 0.062598 0.352202 6.99326e-05 0.0208717 0.00834426 0.00998822 0.126246 0.32186 0.0300827 0.00169855 
0.0365412 0.00755283 0.640981 0.000382271 0.000194741 0.0119823 0.265457 0.00587587 0.0286556 0.00236411 1.32044e-05 
0.0338317 0.0128443 0.430824 0.000329624 0.00926884 0.0445688 0.379646 0.0178445 0.0535359 0.0147038 0.0026022 
0.111033 0.0376609 0.415913 0.00180981 0.0686209 0.0103586 0.0116998 0.0188361 0.192026 0.131919 0.000123071 
0.0995934 0.0312349 0.506831 0.00239641 0.00416139 0.0633846 0.119808 0.0385605 0.11371 0.0203062 1.38875e-05 
0.0868141 0.0292467 0.43888 0.000389687 0.00855528 0.010034 0.255289 0.0497399 0.110314 0.0103915 0.00034523 
0.113227 0.198751 0.231588 0.00763586 0.0198847 0.00497141 0.0445248 0.211338 0.105727 0.0608965 0.00145689 
0.0250036 0.00211395 0.730387 4.86876e-07 0.0165694 0.0245982 0.104655 0.0337253 0.00575404 0.0571924 7.18498e-07 
8.97295e-10 2.75632e-05 0.648612 3.82536e-06 2.21182e-09 0.0027072 0.345836 0.00271675 9.67367e-05 1.48555e-09 3.54422e-07 
0.0487156 0.00800978 0.720787 0.000712638 0.00424288 0.0102373 0.000224831 0.0112193 0.161671 0.0281022 0.00607725 
0.0253659 0.000407385 0.753095 6.27774e-06 4.05954e-09 0.0821169 0.112994 0.0227495 0.000734463 0.00253023 8.62809e-09 
0.0673318 0.136316 0.654512 0.000157433 0.00495105 0.0261811 0.0480069 0.010092 0.0405119 0.0113302 0.000609902 
0.0212226 0.0013745 0.880296 1.92296e-05 0.000376071 0.0327264 0.0237957 0.00311043 0.0337179 0.00336084 5.75526e-07 
0.215403 0.0161462 0.374877 2.68945e-08 0.0594325 0.0122595 4.34247e-08 0.00550828 0.174358 0.142016 8.38872e-11 
0.109198 0.062524 0.247019 0.00485601 0.00440596 0.00603039 0.188959 0.227175 0.123041 0.0265355 0.000256047 
0.112875 0.0248003 0.464053 0.00553529 0.0218286 0.0166726 0.0415036 0.0866009 0.180722 0.0454012 7.84006e-06 
0.0421626 0.00588675 0.444379 0.000797049 0.0103943 0.004806 0.079295 0.220261 0.0339117 0.150198 0.00790862 
0.0209466 0.00186015 0.948152 3.69887e-05 0.000990105 0.00263345 0.00185951 0.00355636 0.0188225 0.00114178 5.13662e-07 
0.0985755 0.17832 0.301263 0.00908998 0.0126026 0.00612732 0.00180672 0.100728 0.234991 0.0545111 0.00198479 
0.0252004 0.000134814 0.943708 3.07391e-06 0.00140618 0.00887832 0.00932697 0.000140418 0.00883868 0.00236332 1.87492e-10 
0.0785903 0.0295494 0.405302 0.00295544 0.0234403 0.233186 0.0117104 0.101022 0.0945501 0.019608 8.51666e-05 
0.229107 0.0662475 0.286488 0.0243861 0.0202939 0.00223942 0.0565873 0.0444161 0.123119 0.146365 0.000750372 
0.0684691 0.0646954 0.439508 0.0222588 0.0201531 0.0114972 0.000646238 0.274625 0.0920243 0.00591518 0.00020795 
0.0055439 0.0101044 0.608259 4.23304e-05 0.0278425 0.0301208 0.00168234 0.247339 0.0425309 0.026505 2.99011e-05 
0.00155439 7.74799e-05 0.961858 8.92441e-05 1.0365e-07 0.027137 0.00332363 0.00140745 1.66377e-07 0.0010061 0.00354621 
0.332967 0.000350923 0.441551 1.26819e-06 0.00360299 0.000698902 0.075288 0.0956836 0.0325101 0.0148828 0.00246279 
0.0228301 0.0110444 0.333387 0.017991 0.00360094 0.034694 0.291035 0.0131319 0.248286 0.0239982 1.16692e-06 
0.0427876 0.0544285 0.374269 0.00181861 0.00180834 0.0079327 0.0306607 0.296233 0.108667 0.0710355 0.0103593 
0.152941 0.130138 0.314649 0.257749 0.00167739 0.00169242 0.0091241 0.0686388 0.0553816 0.00446568 0.00354271 
0.00701921 0.000948084 0.767942 3.68664e-08 0.00746183 0.200673 0.00262235 0.00114899 0.0110887 0.00109556 7.86594e-11 
0.065342 0.0111971 0.641606 0.00626294 0.00368857 0.0215075 0.145336 0.014408 0.0714473 0.0111359 0.00806878 
0.0386267 0.0255835 0.343284 0.00029445 0.0105927 0.00218655 0.00691021 0.259011 0.264527 0.0489754 8.47899e-06 
0.187169 0.180518 0.207763 0.200616 0.00570844 0.0152393 0.00099365 0.0639142 0.110585 0.0274933 1.01322e-07 
0.0658807 0.0467564 0.465772 8.42568e-05 0.0470292 0.000372708 0.12829 0.0212862 0.082076 0.142449 3.05049e-06 
0.0344345 0.00926486 0.445336 0.000288932 0.0102532 0.0124925 0.313459 0.0366056 0.12448 0.00775608 0.00562925 
0.0313173 0.000541001 0.909326 1.50076e-05 0.000493494 0.0253355 0.00223043 0.00209534 0.0248086 0.00383686 3.46964e-09 
0.0257201 0.000898997 0.947923 4.21454e-07 0.00289361 9.22106e-05 0.00346318 0.00120779 0.0110731 0.00672795 2.99725e-11 
0.0445928 0.0179901 0.459641 0.00898456 0.0765751 0.0058045 1.16061e-05 0.0697644 0.256996 0.0589313 0.000708187 
0.102746 0.030412 0.666202 0.000330928 0.0218405 0.0621977 0.0095162 0.0196356 0.0746957 0.01236 6.31176e-05 
0.0663858 0.0212927 0.798219 0.000617864 0.00186663 0.00610314 0.0352544 0.0305533 0.0191625 0.0204303 0.000114073 
0.0268002 0.0267616 0.541413 9.88462e-05 0.000450141 0.0544721 0.00118202 0.0728611 0.264538 0.011423 5.62286e-08 
0.0460395 0.0299719 0.34452 0.010843 0.0176917 0.186827 0.0246561 0.232856 0.081484 0.0178934 0.0072171 
0.0784041 0.0241979 0.485686 0.000405439 0.0035552 0.00376168 0.223223 0.0853366 0.078203 0.0172185 8.56457e-06 
0.00227375 0.0417605 0.779749 0.00395265 0.000822135 0.00309559 0.0625646 0.0626273 0.039812 0.0033417 3.47449e-07 
0.250212 0.000993201 0.668831 1.79791e-05 5.02236e-05 0.0018283 0.0538093 0.0011618 0.0129257 0.0101705 9.3286e-08 
0.0462119 0.000553095 0.671506 6.28586e-06 0.000634591 0.200738 0.0109504 0.00274074 0.0626254 0.00403329 4.68099e-07 
0.160404 0.0295416 0.533958 0.00179554 0.0258821 0.0291503 0.111553 0.0170145 0.0666948 0.0239407 6.48657e-05 
0.129438 0.0966525 0.43548 0.00022323 0.00566577 0.0233863 0.00177572 0.0379841 0.195653 0.0737405 9.67078e-07 
0.0107668 0.00491466 0.580962 2.6341e-06 3.52098e-05 0.0630437 0.00362124 0.0783625 0.253333 0.0049584 2.12254e-07 
0.062846 0.00600919 0.661111 0.00197331 0.00444931 0.0245458 0.00617079 0.0231437 0.185609 0.0240745 6.82032e-05 
0.0128342 0.00257127 0.468442 8.64033e-08 0.00567947 0.253786 0.0193257 0.0544931 0.0896464 0.092745 0.000477224 
0.0605503 0.0971213 0.661782 9.38212e-05 3.99714e-07 0.00996168 0.0316894 0.0360717 0.0936227 0.0091066 3.85367e-11 
3.25137e-05 1.4586e-11 0.994888 3.17204e-11 3.1431e-07 0.0038472 2.27835e-06 1.34379e-07 0.00122936 2.99581e-07 8.63945e-11 
0.167761 0.000652028 0.472471 8.73556e-06 0.0154017 0.00391589 0.289929 0.0125401 0.0184405 0.0188807 5.09741e-08 
0.0182347 0.0201979 0.796718 0.000154275 0.0141159 0.0124954 0.0304673 0.0475994 0.0524481 0.00396769 0.0036013 
0.0663858 0.0212927 0.798219 0.000617864 0.00186663 0.00610314 0.0352544 0.0305533 0.0191625 0.0204303 0.000114073 
0.0128342 0.00257127 0.468442 8.64033e-08 0.00567947 0.253786 0.0193257 0.0544931 0.0896464 0.092745 0.000477224 
0.142512 0.0174863 0.547645 0.00202633 0.0021917 0.15498 0.0433303 0.00505308 0.0145635 0.0642984 0.00591331 
0.0430708 1.59458e-05 0.730369 1.59433e-05 1.5944e-05 1.59407e-05 1.59448e-05 0.102059 1.59469e-05 0.124389 1.59355e-05 
0.000177306 1.14044e-05 0.662783 0.000288801 0.000169469 0.000291376 8.50329e-05 0.335151 0.000794547 0.000247893 3.21667e-07 
0.0932672 0.00674985 0.591201 4.80987e-06 0.00666163 0.104894 0.0389331 0.0241206 0.11306 0.0211078 3.415e-07 
0.0068684 0.00627449 0.478772 0.000852338 0.00773115 0.0641475 0.259171 0.157899 0.0167418 0.00154153 1.68312e-07 
0.0465686 0.0278764 0.528742 0.000397031 0.00928204 0.0137923 0.200287 0.0376034 0.1188 0.0164289 0.000222896 
0.0195418 0.00656002 0.627084 8.86607e-05 0.01003 0.0260489 0.26244 0.0278108 0.00943063 0.010953 1.18804e-05 
0.000797055 0.001303 0.91448 8.61366e-07 0.00177024 0.0308473 0.0464704 0.000267273 0.00366787 0.000393029 2.65813e-06 
0.00969026 0.00279394 0.574787 6.39393e-05 1.23436e-06 0.00321525 0.395025 0.000733512 0.0130718 0.000615686 2.34673e-06 
0.0792106 0.0162673 0.455593 7.67013e-05 0.0291354 0.0204086 0.149099 0.00117545 0.175222 0.073812 3.42595e-12 
0.0224156 0.0129822 0.665615 0.000369293 0.0129038 0.0196086 0.0367757 0.127941 0.0533836 0.0479941 1.15862e-05 
0.0862701 0.105438 0.263522 0.000306894 0.00139396 3.76563e-05 0.09056 0.132435 0.233134 0.0868933 9.37141e-06 
0.035094 0.0386859 0.482886 3.90424e-05 0.000698321 0.000345379 0.000606325 0.00364124 0.431522 0.00646697 1.45291e-05 
0.01226 0.0935805 0.349571 0.0269701 2.30495e-07 3.22229e-10 2.798e-07 0.104815 0.075632 0.33717 8.29992e-07 
0.0505789 0.0117899 0.397477 0.000136048 0.0264042 0.0072712 0.00102474 0.247135 0.162562 0.0955872 3.44112e-05 
0.139686 0.0222854 0.410785 1.39311e-05 0.0370833 0.0162146 0.0593571 0.0329355 0.272452 0.00918012 7.53088e-06 
0.00844918 0.00563227 0.459704 7.89872e-05 0.270908 0.00536136 0.00281679 0.233794 0.0132384 1.62942e-05 3.76646e-08 
0.048079 0.0131845 0.735333 0.000128874 0.0132443 0.029045 0.0200875 0.0405578 0.0866372 0.013678 2.45523e-05 
0.133939 0.0530706 0.336656 0.0027707 0.163582 0.00719959 0.0158514 0.00839671 0.228602 0.0491027 0.000829494 
0.146786 0.0062108 0.36344 3.00609e-05 0.00502561 0.0438344 2.10521e-07 0.209494 0.225049 0.00013153 9.35086e-10 
0.0954712 0.0222497 0.50584 0.000479832 0.013762 0.0361113 0.163327 0.020849 0.108977 0.0317363 0.00119565 
0.000710513 9.71155e-05 0.994426 9.41244e-11 8.03999e-07 4.72152e-05 1.37073e-07 0.000336591 0.0043043 7.72311e-05 2.5636e-10 
0.182079 0.0366523 0.424461 0.00197321 0.00280292 0.0404623 0.0477316 0.0281248 0.217242 0.0184659 4.6168e-06 
0.0659367 0.0169341 0.837225 0.00195523 0.00492426 0.00906046 0.0267603 0.00367565 0.0169561 0.0160086 0.00056307 
0.145227 0.13375 0.246215 0.00120069 0.0398806 0.0472014 0.029756 0.0147147 0.21909 0.122176 0.00078883 
0.146387 0.092681 0.336574 0.00473548 0.0104594 0.0527733 0.000564829 0.110742 0.203435 0.0411987 0.000449061 
0.079771 0.00576982 0.607057 3.86284e-05 0.00385869 0.00739077 0.233137 0.00480703 0.0460919 0.012077 1.53868e-06 
0.0513407 0.0173512 0.530659 0.00680277 0.00517519 0.0329773 0.247243 0.0329521 0.0585458 0.0168682 8.53883e-05 
0.0253659 0.000407385 0.753095 6.27774e-06 4.05954e-09 0.0821169 0.112994 0.0227495 0.000734463 0.00253023 8.62809e-09 
0.0363742 0.0125752 0.718204 0.00807835 0.0136462 0.0249704 0.0330832 0.0651445 0.0638235 0.0240153 8.4805e-05 
0.0199255 0.00402787 0.582308 0.000126627 0.00383445 0.00145914 0.00104111 0.164089 0.0873263 0.135727 0.000134896 
0.0900741 0.110549 0.260481 0.00116453 0.0396278 0.00790722 0.098464 0.152669 0.228417 0.0106168 2.8915e-05 
0.00530223 0.0141085 0.514212 0.000326668 3.81129e-05 0.00411557 0.0493886 0.363103 0.0412822 0.0081231 2.01436e-07 
0.0383388 0.0885383 0.68602 8.8142e-06 0.00319266 0.00547302 7.70076e-05 0.046599 0.0171885 0.113354 0.00120945 
0.0514419 0.0342318 0.518478 0.000215143 0.0267436 0.0595214 0.021579 0.0677072 0.209061 0.0108736 0.000146505 
1.92347e-05 0.00892905 0.470396 3.30211e-06 0.382069 3.55256e-06 3.28687e-06 0.00598204 4.48349e-06 0.132589 2.40536e-07 
0.00426992 0.0607061 0.611503 0.00134128 0.000188786 0.0663647 0.0152326 0.210338 0.0295049 0.000541717 8.29548e-06 
0.0569335 0.0563949 0.678225 1.73788e-05 0.00094859 0.00908513 0.0102039 0.0562459 0.117575 0.0104613 0.00390942 
0.0438294 0.000844344 0.864183 1.6701e-05 0.00337887 0.0353012 0.00751636 0.0110478 0.0291025 0.0047788 5.35804e-07 
0.026192 9.37401e-06 0.488275 7.85576e-11 2.0214e-05 0.303587 0.0162621 0.00663615 0.144086 0.0149319 2.13962e-10 
0.0203847 0.0236135 0.553472 0.000215153 0.00174747 0.00419876 0.0109671 0.146739 0.231101 0.00756048 6.5102e-07 
0.0800858 0.00369327 0.643071 7.68479e-05 0.00432113 0.00806823 0.205986 0.0252934 0.0238706 0.00552132 1.22608e-05 
0.0492636 0.0179865 0.554509 4.44055e-05 0.00292145 0.133673 0.0959673 0.0526103 0.0869197 0.00593298 0.000171635 
0.0558306 0.0195241 0.488899 0.000986827 0.029021 0.120117 0.0102544 0.0451807 0.12185 0.107789 0.000548082 
0.0458263 0.00161546 0.440197 2.81402e-05 0.000646329 0.417096 0.0574918 0.000520945 0.0300995 0.00644857 3.04209e-05 
0.0615416 0.0361894 0.453689 0.00526886 0.0132029 0.0097246 0.0541567 0.121546 0.192837 0.0516222 0.000222007 
0.10078 0.0353844 0.491876 0.000223419 0.00983168 0.044935 0.0804561 0.064315 0.150989 0.0211919 1.71898e-05 
4.59684e-06 0.0702657 0.66529 9.3705e-10 0.0791313 0.00760571 0.0292131 0.0346616 0.00529532 0.108533 2.55218e-09 
9.03958e-08 0.0243087 0.701974 3.07011e-07 2.28348e-06 0.00753924 2.05375e-06 0.26617 2.72685e-06 1.12562e-06 1.44857e-07 
0.325394 0.0128748 0.396024 7.80524e-08 0.000976106 0.0247649 0.13082 0.00451817 0.0967898 0.0078333 4.90426e-06 
0.0663401 0.0286496 0.461751 0.0113924 0.00646376 0.000163886 0.00492738 0.0788942 0.245215 0.0961531 4.98801e-05 
0.310037 0.00234141 0.428094 2.03636e-05 0.0369562 0.00198158 0.00127045 0.00775899 0.147771 0.0637684 7.11485e-11 
0.0782645 0.0435317 0.472626 0.00189508 0.00198049 0.00750698 0.298684 0.00243177 0.0854624 0.00626227 0.00135519 
0.0252455 0.00366595 0.730384 1.15235e-06 0.0476026 0.000844707 1.77969e-06 0.157542 0.0319303 0.00276795 1.40749e-05 
0.0684654 0.0256688 0.555856 3.39807e-05 0.00450437 0.18696 0.0203042 0.0145991 0.11677 0.0068289 1.04406e-05 
0.211556 0.0170435 0.297352 0.000289977 0.0601577 0.0255248 0.00135835 0.064273 0.248809 0.073636 2.24708e-07 
0.0572053 0.0819239 0.318738 0.000103864 0.00125383 0.0548584 0.0881431 0.156316 0.219851 0.0214636 0.000142191 
1.16505e-06 0.00313822 0.611212 2.31273e-05 0.000778646 0.00967629 5.63462e-07 0.0653734 0.274073 0.0357238 1.75468e-08 
0.0691552 0.0176263 0.471999 8.21561e-06 0.000792803 0.00157207 0.0609645 0.0090357 0.239281 0.129522 4.24392e-05 
0.0670508 0.169359 0.475218 3.55417e-05 0.0649417 0.00216953 0.00304579 0.0085793 0.0539805 0.155603 1.67619e-05 
0.0877715 0.015318 0.736231 9.05681e-06 0.00451667 0.00238493 0.0200822 0.011877 0.100944 0.020861 4.42724e-06 
2.61964e-06 4.39926e-09 0.992308 9.56713e-09 8.20587e-09 0.00456914 0.00310197 1.68977e-05 1.5691e-06 5.51142e-09 2.60573e-08 
0.000396986 1.77106e-05 0.961119 1.0407e-06 0.000130456 0.00158578 0.0284662 0.000490909 0.0030942 0.0046878 1.01146e-05 
0.103682 0.0053916 0.524808 3.84311e-05 0.00457717 0.0187904 0.151417 0.0182764 0.12572 0.0472981 9.33864e-08 
0.119849 0.0271129 0.575059 5.01179e-06 0.0094933 0.00428633 1.07538e-05 0.0378262 0.203743 0.0218569 0.000757035 
0.0815083 0.0387771 0.643915 0.0107464 0.0176893 0.0189773 0.0611423 0.0545645 0.0577616 0.0149174 5.88348e-07 
0.0317274 0.067387 0.383061 0.000231291 0.0281672 0.00382854 0.00561326 0.118765 0.238037 0.122927 0.000254769 
0.0651636 0.000278244 0.513576 4.0516e-08 0.00267738 0.0397632 0.0086948 0.225108 0.141371 0.00336744 2.82707e-09 
0.00512858 0.0159226 0.51261 0.000475916 0.00287319 0.00146098 0.40731 0.0151909 0.0385684 0.000458525 4.93454e-07 
0.222595 0.00372753 0.534763 3.54593e-05 0.0505652 0.00401008 0.0214676 0.0013012 0.0958662 0.0656676 1.93672e-06 
0.0475863 0.0186618 0.69504 0.00319582 0.010891 0.0209943 0.0764031 0.0348899 0.074694 0.0173953 0.000248573 
0.0341725 0.0218192 0.569423 0.0106844 0.0153654 0.0156652 0.0058699 0.09396 0.209026 0.0239772 3.71063e-05 
0.0539398 0.0534328 0.591731 0.00333135 0.0221264 0.0117882 0.0390076 0.0884617 0.0990714 0.036333 0.000776479 
0.0253659 0.000407385 0.753095 6.27774e-06 4.05954e-09 0.0821169 0.112994 0.0227495 0.000734463 0.00253023 8.62809e-09 
0.255777 0.0982967 0.319818 0.120864 0.000563116 0.0455868 0.0024336 0.000941018 0.13053 0.0244396 0.00075037 
0.0124606 0.00343662 0.566928 0.000327242 1.60506e-06 0.00435223 0.396769 0.000806714 0.0141922 0.000722903 2.74449e-06 
0.0215541 0.00706292 0.86046 1.99409e-05 0.00334536 0.000731946 0.00085243 0.011485 0.0861236 0.00825884 0.000105789 
0.179111 0.00975646 0.451961 0.000196152 0.000554919 0.00355996 0.200789 0.0307142 0.116961 0.00634017 5.60837e-05 
0.0356454 0.0293728 0.723953 0.000102028 0.0295229 0.00110344 0.000580132 0.0167977 0.123644 0.0392775 1.46817e-06 
0.0469583 0.104903 0.397167 2.59484e-06 0.0392277 0.173159 0.000781168 0.113186 0.0785752 0.0460395 4.70984e-07 
0.00855032 0.0699568 0.666787 3.15293e-05 0.0436539 0.00790476 0.0116856 0.0795818 0.106052 0.00578878 7.27268e-06 
0.00155439 7.74799e-05 0.961858 8.92441e-05 1.0365e-07 0.027137 0.00332363 0.00140745 1.66377e-07 0.0010061 0.00354621 
0.0932959 0.033597 0.322109 2.50772e-07 0.0687532 0.0165506 0.00666084 0.199894 0.130552 0.128576 1.1315e-05 
0.0212448 0.00201591 0.867152 2.59382e-06 0.00182068 0.0066908 0.0753581 0.000620551 0.0171879 0.00790639 2.49749e-11 
0.0689074 0.0731756 0.479686 0.000682417 0.023733 0.00132802 0.262122 0.00646019 0.0523398 0.00540951 0.0261552 
0.0473035 0.0321879 0.559158 0.00103756 0.0728439 0.00402334 0.0919297 0.0627868 0.0304908 0.0982386 5.20735e-08 
0.200384 0.0966579 0.208784 0.0493474 0.143927 0.0276429 0.00170888 0.0381905 0.17749 0.0557896 7.7282e-05 
0.0526711 0.0431896 0.27538 0.000790223 0.0791738 0.0180161 0.0947836 0.250927 0.150296 0.0347052 6.69747e-05 
0.0913225 0.0727003 0.404413 0.00223587 0.0183539 0.00351457 0.00995372 0.211757 0.144263 0.0269884 0.0144971 
0.0254778 0.017719 0.544084 0.000263328 0.0243193 0.00469796 0.0921908 0.0906956 0.179924 0.0201307 0.000497645 
0.106793 0.0157944 0.350029 3.47308e-05 0.135471 0.00148397 0.00256175 0.00324305 0.341265 0.0433236 4.94165e-08 
0.0590294 0.0124486 0.715773 0.00313067 0.00109667 0.0387949 0.00797679 0.101172 0.0347864 0.0254341 0.000357583 
0.0741377 0.00958025 0.471362 6.50912e-05 0.00185381 0.00137282 0.110698 0.0457598 0.194204 0.0909665 8.11923e-09 
0.078375 0.0375719 0.431284 1.0199e-06 0.00684998 0.0407997 0.0141834 0.140307 0.208966 0.0407816 0.000879232 
0.0158145 0.000394445 0.371388 1.42137e-05 0.000155379 0.271429 0.000365888 0.317542 0.0228946 5.95144e-07 1.17519e-06 
0.105337 0.0109671 0.498057 1.40725e-07 0.0086446 0.00183384 0.00980428 0.114553 0.241689 0.00815386 0.00095992 
0.0253659 0.000407385 0.753095 6.27774e-06 4.05954e-09 0.0821169 0.112994 0.0227495 0.000734463 0.00253023 8.62809e-09 
0.0438126 0.126086 0.577407 0.00939752 0.0269482 0.0738074 0.00237642 0.0753038 0.0458259 0.0190336 1.46352e-06 
0.0726196 0.0202822 0.799984 2.17074e-05 0.0278354 0.0142567 0.0221613 0.00719722 0.0240936 0.0115023 4.64303e-05 
0.0512431 0.136612 0.34798 1.29501e-05 0.0580828 0.0071722 0.000332219 0.226927 0.168592 0.00298529 6.0053e-05 
0.170925 0.0114504 0.258104 2.81819e-07 0.000867877 0.116537 0.0414108 0.158016 0.242078 0.000610863 1.55676e-07 
0.0771978 0.0402655 0.709087 0.000590282 0.00496319 0.0500746 0.0441556 0.0141513 0.0413081 0.0179704 0.000236629 
0.200319 0.0170347 0.429846 0.000230518 0.0108733 9.37632e-06 0.0119206 0.0246125 0.263602 0.0415521 4.81381e-10 
0.00094991 1.0418e-06 0.885656 1.86354e-07 0.000525264 0.000304908 0.111376 0.00113426 5.16375e-05 5.86401e-08 1.14426e-08 
0.247887 0.0299408 0.285034 8.86657e-05 0.0218865 0.000162685 0.0729551 0.0992107 0.142953 0.0998798 1.92785e-06 
0.0251109 0.026093 0.602489 1.00385e-05 0.00078066 0.0531122 0.0575573 0.0721247 0.157663 0.00497871 8.02568e-05 
0.0889386 0.0440155 0.265895 6.863e-05 0.0610047 0.0409303 0.0350638 0.0671926 0.233386 0.163328 0.000176628 
0.0563301 0.0830584 0.326625 5.3394e-05 0.00380633 0.0583344 0.0298121 0.230836 0.198317 0.0128271 4.89022e-09 
0.0709391 0.0267733 0.57412 0.000235811 0.0213325 0.0170366 0.0271171 0.146501 0.0808008 0.035111 3.27558e-05 
0.287694 0.0723539 0.428953 0.00713264 0.00183811 0.000451949 0.0191186 0.0316343 0.0570127 0.0937183 9.28235e-05 
0.199012 0.00320682 0.562457 1.30101e-07 0.000767883 7.25919e-07 3.34748e-05 0.0341048 0.155401 0.0450162 7.7185e-10 
0.0284555 0.215771 0.381671 0.000368406 0.00334436 0.0220132 0.0593095 0.0785317 0.164893 0.0456426 1.70118e-07 
0.00969026 0.00279394 0.574787 6.39393e-05 1.23436e-06 0.00321525 0.395025 0.000733512 0.0130718 0.000615686 2.34673e-06 
0.0379492 0.0191462 0.742306 0.000197047 0.0112614 0.0329663 0.00349699 0.0490478 0.0890107 0.014618 2.40174e-07 
0.00430195 0.00134309 0.748265 1.59728e-09 9.27059e-06 0.0467014 0.184449 0.00184041 0.00821674 0.00487274 4.17854e-07 
0.00244802 0.0105192 0.828817 0.00161226 7.62682e-05 0.000210004 0.024528 0.0306026 0.0996704 0.00151645 4.56421e-08 
0.0888785 0.0303358 0.751908 0.00335562 0.00145251 0.0106365 0.0665831 0.0089692 0.0226955 0.0151162 6.8635e-05 
0.042043 0.00610542 0.850652 0.000363498 0.0142096 0.00361004 0.0152849 0.0450598 0.0163949 0.00627068 6.17779e-06 
0.0195032 0.0490223 0.565733 0.000203223 0.0011422 0.0562042 0.0608064 0.119674 0.106913 0.0207975 3.708e-08 
0.276581 0.10548 0.291182 0.00198458 0.00594379 2.68336e-07 0.000387854 0.139783 0.0818056 0.0966696 0.000182396 
