0.000317428 0.824591 0.0125625 5.49516e-08 0.0338697 0.00796087 0.0416708 0.0112863 0.0292307 0.00359304 0.0349177 
0.112226 0.323911 0.151008 0.00168743 0.00666557 0.032631 0.00917932 0.0252113 0.301678 0.0323758 0.00342616 
0.00179107 0.000186212 0.0329308 1.42311e-08 0.00291192 0.942493 0.000628243 0.00066989 0.0171153 0.00127309 3.87603e-08 
0.0976005 0.18911 0.0665223 0.000847689 0.0151554 0.0257485 0.0172388 0.344666 0.172658 0.0153249 0.0551272 
0.080907 0.126448 0.0329403 8.95429e-06 0.00318095 0.00158216 0.0736123 0.00628823 0.642683 0.0323169 3.29957e-05 
0.0308715 0.0885799 0.287967 1.22322e-07 0.0218717 0.0141108 0.0711342 0.258718 0.210304 0.0164413 1.56569e-06 
0.15496 5.59991e-08 0.143578 5.59905e-08 0.00138308 0.0105302 0.131746 0.0111541 0.509287 0.0372887 7.2808e-05 
0.0236997 0.241384 0.0082308 3.0991e-05 0.0128233 0.00182531 0.0104838 0.00733016 0.631858 0.061926 0.000407655 
0.00944227 0.37913 0.000453713 5.63076e-10 0.0027359 2.01291e-05 0.000600662 7.25164e-05 0.574525 0.033007 1.32323e-05 
0.256005 0.421478 0.0944509 0.000338973 0.0246662 0.0069462 0.00466917 0.0678498 0.0840295 0.0337599 0.00580601 
0.0432215 0.129387 0.0740657 6.02516e-06 0.00355923 5.88463e-05 0.000177444 0.0108291 0.641082 0.0976014 1.27645e-05 
0.0287496 0.0674645 0.343755 0.000467292 0.00882492 0.447637 0.0552029 0.00380789 0.0349231 0.00778888 0.0013782 
0.00495382 0.0482429 0.181577 3.16479e-06 0.0350917 0.0056661 0.00199 0.46966 0.220082 0.0325541 0.000179716 
0.119199 0.135462 0.0999147 0.000389699 0.00329652 0.112784 0.0244144 0.0321183 0.209737 0.260426 0.00225807 
0.244596 0.0112461 0.0433183 0.000651426 0.262162 0.0135198 0.071995 0.00750605 0.320731 0.0173347 0.00693976 
6.48153e-05 0.00963352 0.00561026 1.3222e-10 4.50048e-05 0.00154204 0.000152971 0.982466 4.78358e-09 0.00048141 3.83539e-06 
0.107977 0.0585733 0.0229681 0.000319897 0.00922917 0.00134714 0.00225302 0.0139889 0.600143 0.182878 0.000323214 
0.043973 0.0158708 0.51638 0.000105158 0.00718723 0.00790188 0.309432 0.00313658 0.0680279 0.0278267 0.000158619 
0.000169513 0.910388 1.3735e-05 1.18926e-09 0.000153974 1.05202e-07 4.81409e-07 2.51509e-06 0.0881995 0.00106403 8.13186e-06 
0.16579 0.138649 0.126007 3.25218e-05 0.00023964 0.000705859 0.0318993 0.175998 0.0884526 0.272101 0.000125685 
0.131644 0.206833 0.046904 0.00021704 0.0137474 0.00534858 0.0165466 0.0132806 0.53402 0.0312391 0.000218865 
0.343503 0.0635684 0.0798791 3.55744e-05 0.0031474 0.119252 0.000477953 0.013172 0.360771 0.0160774 0.000116457 
0.0527224 0.0644034 0.0131478 1.29856e-05 0.0429541 0.0080346 0.000906893 0.0270087 0.719739 0.0692948 0.00177553 
0.068018 0.12842 0.0378927 3.9291e-06 0.00225912 0.0111327 0.0565572 0.00583286 0.672068 0.0177908 2.4386e-05 
0.0404724 0.129523 0.417198 0.000257321 0.01033 0.00728543 0.0198688 0.301328 0.049538 0.0238347 0.000364929 
0.0723582 0.0455087 0.0250589 0.000118812 0.00371225 0.000645679 0.00172298 0.00548626 0.323242 0.520372 0.00177372 
0.326584 0.00130343 0.18525 6.54441e-07 0.000429186 0.000157873 0.00375874 0.0470605 0.427652 0.00779501 9.34844e-06 
0.01735 0.000955505 0.860242 3.37546e-06 0.00314761 0.0188113 0.0458037 0.00135913 0.0241334 0.0258313 0.00236253 
0.0406491 0.0609223 0.0866554 5.54391e-05 0.0124896 0.02461 0.00782543 0.0338032 0.628136 0.104773 8.02695e-05 
0.191326 1.05516e-06 0.276441 3.10508e-11 2.07471e-06 2.4914e-07 9.65939e-07 0.503559 2.89195e-06 0.0286663 3.39129e-08 
0.125404 0.114986 0.0165372 0.00109613 0.00999716 0.00129627 0.00225243 0.038776 0.150834 0.451671 0.0871498 
0.41941 0.0225779 0.0626533 0.000143248 0.0308696 0.0185875 0.0107805 0.00856674 0.407779 0.018105 0.000527357 
0.00924844 0.0215996 0.0112626 1.38378e-05 0.0112709 0.0019645 0.00651785 0.0423439 0.690806 0.204531 0.000440858 
0.291329 0.0576196 0.0418631 0.00257289 0.0198718 0.00442798 0.0243676 0.0847105 0.287005 0.161183 0.0250491 
2.03647e-05 0.997907 3.64258e-06 3.29572e-06 6.66536e-05 5.65936e-06 4.45917e-06 0.00102201 9.55551e-05 0.000824938 4.63701e-05 
0.48151 0.000253758 0.0156458 2.67482e-09 2.90276e-09 2.66929e-08 0.00018181 0.0105206 0.468844 0.0230438 4.42141e-07 
0.0518017 0.0133414 0.304166 2.37781e-05 0.00479601 0.0402542 0.00244939 0.401203 0.159902 0.0220276 3.57006e-05 
0.0792839 0.0353682 0.0224538 1.12628e-05 0.0518719 0.00597411 0.00221883 0.0184128 0.32813 0.455912 0.00036293 
0.0807223 0.102764 0.00933091 7.12808e-07 0.0222132 0.000536444 0.00144734 0.0188964 0.671587 0.0924706 3.04216e-05 
0.0574826 0.0189378 0.0566804 3.33914e-07 0.0324278 0.00406161 0.234913 0.00431332 0.526132 0.0650478 3.28782e-06 
0.132744 0.00034755 0.606983 1.48021e-06 0.00157775 0.0355601 0.0115556 0.00873571 0.128146 0.0742588 8.93608e-05 
0.0556155 0.160591 0.0383825 3.14044e-06 0.00230314 0.0724821 0.0102649 0.00905689 0.571772 0.0795172 1.16608e-05 
0.212646 0.0183688 0.0610794 1.36952e-05 0.0197264 0.00175707 0.000551486 0.020076 0.635618 0.0301263 3.63608e-05 
0.0471712 0.0609886 0.0876742 7.74346e-05 0.0496903 0.00640875 0.00657549 0.0279687 0.558085 0.154991 0.000369178 
0.0259803 0.0660873 0.0115869 8.65182e-06 0.0106047 0.00829972 0.00841145 0.0533417 0.779169 0.0364953 1.51499e-05 
0.686309 0.0155004 0.000209161 1.43032e-05 4.67634e-05 0.015862 0.0107251 0.270516 0.000655674 0.00014233 1.99844e-05 
0.123112 0.0173782 0.0245438 1.76756e-05 0.0837416 0.000770166 0.000960109 0.00360954 0.41816 0.327417 0.000289772 
0.0476399 0.0358637 0.136733 5.22124e-05 0.0213382 0.00604945 0.0487276 0.237312 0.21667 0.249393 0.000221741 
0.0387885 0.00120111 0.906844 5.58122e-08 0.00456693 8.77898e-08 0.00146971 0.00126888 0.0291061 0.0167546 1.52012e-07 
0.00822718 0.369477 0.0667502 2.0542e-07 0.0199257 0.000108598 0.033906 0.391473 0.103363 0.00662741 0.000141832 
0.33842 0.032411 0.0829969 3.15462e-05 0.0270224 0.00650486 0.000172338 0.00780137 0.32791 0.176376 0.000352886 
0.460027 0.0203807 0.0266035 7.99364e-05 0.105975 8.0604e-05 0.130972 0.00621888 0.0286155 0.22092 0.000126852 
0.0153426 0.0199601 0.0922691 3.02804e-05 0.00409414 0.000620251 6.24808e-05 0.00200058 0.105664 0.759887 6.91343e-05 
0.0289015 0.0625031 0.451789 0.00010362 0.00477144 0.00097531 0.04118 0.233776 0.0560208 0.119518 0.000460622 
0.627362 0.00286072 0.0192105 1.17393e-09 7.82189e-08 0.000124476 0.00981489 0.00195459 0.1185 0.220173 2.72561e-07 
0.0476988 0.0189944 0.0729229 0.000310802 0.0178359 0.00237184 0.00158063 0.685329 0.0401941 0.112411 0.000350443 
0.00203578 0.0297863 0.0449654 8.96253e-07 0.0316658 0.00980833 2.25406e-06 0.76839 0.0538988 0.0594451 1.21162e-06 
0.099627 0.101689 0.0262175 2.50386e-05 0.00410912 0.00251108 0.00614085 0.00428565 0.703547 0.051299 0.000549507 
0.483411 0.0140096 0.0305417 4.5212e-09 0.00293351 4.97339e-05 0.000370218 0.00301795 0.295704 0.169943 1.88287e-05 
0.635689 0.0685751 0.0219013 5.28057e-06 0.00235738 0.0263619 0.00074363 0.00186776 0.229515 0.0129737 9.97695e-06 
0.293183 0.0258059 0.0323271 2.07448e-09 0.0114952 0.000192513 0.0626207 0.000143122 0.360958 0.213275 6.41094e-07 
0.27627 0.0155704 0.0683057 2.51518e-05 0.0142963 0.000304463 0.000577424 0.0384142 0.385609 0.200015 0.00061174 
0.00180305 0.0943772 0.0473839 2.98324e-09 0.00264379 0.0011862 0.00275744 0.682291 0.0988123 0.0686762 6.90385e-05 
0.0349779 0.0328536 0.0859474 0.000188068 0.021094 0.00618571 0.00316396 0.460044 0.0858954 0.247084 0.0225656 
0.0461785 0.0379709 0.782831 4.12309e-05 0.0105618 0.0203457 0.0109098 0.0176929 0.0578746 0.0152929 0.000301128 
0.110684 0.0264299 0.00503149 1.55378e-07 0.0462686 0.000315976 9.19968e-05 0.0754034 0.114806 0.620969 2.71268e-07 
0.240281 0.0350472 0.138959 0.000611359 0.0206607 0.00368739 0.00989731 0.0292188 0.481483 0.038837 0.00131788 
3.1186e-07 0.102612 0.052995 2.63403e-07 0.00173964 0.0266823 9.9679e-05 0.73822 0.0756136 0.00193919 9.76248e-05 
0.095943 0.012098 0.511124 0.000328958 0.00625877 0.0766192 0.184158 0.0213704 0.0750658 0.011253 0.00578095 
0.102398 0.0406189 0.0182823 4.0042e-06 0.0664972 0.00087098 0.0126559 0.0977629 0.576807 0.0840881 1.419e-05 
0.113772 0.127078 0.0742516 1.12867e-05 0.00274255 0.00189569 0.00133831 0.0837417 0.58048 0.0146411 4.73105e-05 
0.344789 0.186472 0.089372 1.32118e-05 0.00202439 0.00356392 0.00348481 0.00212703 0.32681 0.04073 0.000613412 
0.0664092 0.00593102 0.117166 3.40393e-06 0.0114221 0.0227871 0.000848289 0.489156 0.203173 0.0830958 7.45505e-06 
0.514628 0.0315121 0.0326845 1.12303e-05 0.0130805 0.00209614 0.0365235 0.00100977 0.238921 0.127648 0.00188599 
0.0169762 0.034059 0.0616669 4.93616e-05 0.00267802 9.6198e-05 0.000629971 0.227514 0.143352 0.512448 0.000530668 
0.100961 0.0204932 0.681253 4.14041e-05 0.0161056 0.000465277 0.000688442 0.0054996 0.106538 0.0288622 0.0390925 
0.0636454 0.0242211 0.543693 5.79278e-06 0.000212181 0.00994152 0.182618 0.126826 0.0418566 0.00649466 0.000485166 
3.15146e-06 0.0146356 0.0348256 5.66504e-09 0.017698 8.91084e-09 1.52638e-06 0.611517 0.251563 0.0697563 1.54295e-08 
0.040023 0.343068 0.0716046 0.0001741 0.0597276 0.00152528 0.00748404 0.267434 0.110715 0.0960972 0.00214763 
0.00144653 0.0174729 0.0149316 9.9883e-11 0.000670049 0.00237546 0.00262433 0.957648 0.0015336 0.00128707 1.08767e-05 
0.0082308 0.769155 0.014012 2.03645e-06 0.0390774 0.000321946 0.000744353 0.0280313 0.133044 0.00735805 2.30134e-05 
0.297048 0.0273858 0.160436 2.54174e-06 0.00299442 0.0160084 0.000958561 0.00443241 0.488035 0.00269693 2.56677e-06 
0.77306 0.0286135 0.0450815 4.75531e-06 0.000313683 0.000620447 0.000702344 0.000141672 0.055514 0.095418 0.000530024 
0.139346 0.0551014 0.014831 1.74704e-05 0.0105841 9.37727e-05 0.00261714 0.0111733 0.166864 0.599007 0.00036532 
0.407401 0.0423103 0.0968309 0.000115423 0.0417164 0.0108132 0.0159309 0.0371967 0.305012 0.0420819 0.000591248 
0.0556081 0.0236302 0.0747844 1.30566e-05 0.0701826 0.00207444 0.0196642 0.00855585 0.237771 0.507626 9.00313e-05 
0.144027 0.0338028 0.0471196 0.000185258 0.0170629 0.000659471 0.0030778 0.0216001 0.626829 0.104416 0.00121938 
0.159015 0.0640984 0.046189 5.86524e-09 0.00831814 0.00293628 0.0111064 0.012935 0.678349 0.0170516 1.63252e-06 
0.0153861 0.00509765 0.0353741 3.50656e-06 0.000354422 0.130678 0.0387343 0.619602 0.140306 0.0110666 0.00339683 
0.727904 0.0310183 0.0396003 2.14411e-05 0.0163118 0.00201432 0.00330594 0.00421931 0.152458 0.0229821 0.000164163 
0.214379 0.127893 0.0385286 0.000212517 0.0384541 0.00212237 0.016367 0.0208608 0.455219 0.0842989 0.00166516 
0.596307 0.115179 0.0149776 2.65639e-05 0.00881006 0.00025108 0.00297278 0.00036668 0.233846 0.0268357 0.000428535 
0.183583 0.388775 0.0821131 0.00340696 0.014354 0.00641371 0.00800956 0.155701 0.103196 0.0467281 0.00771941 
9.08729e-07 9.08703e-07 0.0375323 9.08565e-07 0.0773229 0.0118103 0.00163647 0.00390798 0.00190933 0.865332 0.000545779 
0.0976005 0.18911 0.0665223 0.000847689 0.0151554 0.0257485 0.0172388 0.344666 0.172658 0.0153249 0.0551272 
0.302641 0.00990336 0.346382 0.000283799 0.0148201 0.0364677 0.00486613 0.0348733 0.142972 0.100385 0.00640565 
0.0541991 0.0972351 0.113588 2.22822e-05 0.00281847 0.54282 0.0237874 0.135427 0.000185094 0.0298786 3.89725e-05 
0.075584 0.00374817 0.69272 1.24414e-05 0.00533643 0.0690345 0.0885442 0.00347562 0.0291751 0.0323149 5.46206e-05 
3.69469e-06 0.0131699 0.0101428 9.78551e-09 0.00434308 0.00168744 8.91567e-06 0.0014794 0.968321 1.5342e-06 0.000841995 
0.0769856 0.00904565 0.0384939 2.16892e-05 0.105449 0.00049918 0.0107152 0.0480391 0.49518 0.213549 0.00202144 
0.175241 0.0229248 0.43069 9.38712e-07 0.00965918 0.0580095 0.0737345 0.00218702 0.146256 0.0807692 0.000526744 
0.413925 0.0204975 0.214901 5.49912e-06 0.0400268 0.0445912 0.000123767 0.0210926 0.0537482 0.190992 9.63407e-05 
0.0423675 0.110917 0.0056859 4.74557e-07 0.00800387 1.27309e-05 0.00735959 0.00150616 0.814326 0.00980889 1.17401e-05 
0.29 0.0471523 0.0992409 5.2521e-05 0.0376424 0.0299697 0.00606113 0.129547 0.18648 0.173658 0.000195657 
0.0907556 0.379845 0.105115 6.11857e-05 0.0271574 0.0186784 0.00412823 0.0238724 0.283999 0.0658767 0.000511244 
0.0361611 0.000889189 0.88218 2.64049e-06 0.00386007 0.00353845 0.0281484 0.000736344 0.0327887 0.0116896 4.97682e-06 
0.0439567 0.0181054 0.568717 1.8341e-05 0.0187524 0.00944723 0.00759434 0.202089 0.0985512 0.0326268 0.000141627 
0.00538952 0.000496243 0.533831 3.90493e-08 4.53133e-08 0.019829 0.436409 0.000484678 0.0034359 0.000125162 3.94365e-08 
0.0628121 0.00796798 0.263133 0.000301032 0.00185068 0.00296962 0.00819456 0.41392 0.116071 0.111337 0.0114431 
0.199794 0.0177112 0.00010186 8.98445e-06 0.0363251 7.98008e-05 1.14765e-05 0.19076 0.0842987 0.470887 2.1537e-05 
0.0394667 0.010404 0.169889 6.99446e-09 0.230066 0.0618085 1.4446e-05 0.291055 0.136102 0.061192 2.6886e-06 
0.00180305 0.0943772 0.0473839 2.98324e-09 0.00264379 0.0011862 0.00275744 0.682291 0.0988123 0.0686762 6.90385e-05 
0.0851216 0.0215959 0.822406 0.000266433 0.00121907 0.00092156 0.00317818 0.0250876 0.0353077 0.00458408 0.000311958 
0.0716679 0.000168477 0.835444 6.00261e-07 0.00391489 0.000358024 0.00554666 0.0260135 0.0524849 0.00438686 1.45961e-05 
0.00981519 0.11404 0.0616954 1.38274e-08 0.0123921 2.01675e-05 7.60689e-06 0.292376 0.456251 0.0505683 0.00283371 
0.0171276 0.13343 0.146246 0.000110571 0.00895342 0.00125975 0.0171782 0.185055 0.273991 0.216521 0.000127166 
0.0434405 0.00270038 0.461776 1.41461e-08 0.0127246 0.0425379 0.0720554 0.249818 0.107531 0.00720542 0.000210677 
0.000135036 0.0155908 0.000628554 2.3063e-10 0.000134994 0.000621145 2.23679e-09 0.982889 8.3571e-09 8.94909e-08 1.88132e-09 
0.139132 0.362586 0.000902435 1.08907e-09 0.00100768 3.18308e-08 2.21735e-05 2.2034e-05 0.0533656 0.442336 0.000626786 
0.14012 0.230458 0.0849027 1.48868e-05 0.0253928 0.0033751 0.00197938 0.00147818 0.466387 0.0458186 7.37157e-05 
0.834184 0.0243564 0.00124007 2.79516e-09 0.00292591 0.0196313 1.00161e-06 0.0595064 0.0579836 9.6153e-08 0.000171651 
0.115353 0.0102884 0.141857 1.96454e-05 0.0059681 0.00673306 0.0132457 0.0259665 0.31678 0.363609 0.000178859 
0.361351 0.00452923 0.0113138 7.39803e-09 0.00383897 0.000226517 9.17067e-05 0.00216107 0.609668 0.0068192 7.59349e-07 
0.281491 0.00047399 0.0109713 5.62229e-13 0.000406328 0.000227714 5.27475e-06 1.3745e-05 0.701723 0.00468435 3.4266e-06 
0.0990712 0.0625982 0.19753 0.000279217 0.0213022 0.0236017 0.0834963 0.11285 0.290923 0.107582 0.000766249 
0.00395858 0.000296963 0.0474764 4.68886e-08 1.8649e-05 0.828885 2.78944e-05 0.108611 0.0101497 0.000574567 1.31105e-06 
0.0174447 0.804638 0.00489932 2.74948e-05 0.00151467 0.000235681 0.00219594 0.00208685 0.145336 0.0214346 0.000186884 
0.115722 0.0794261 0.122778 5.85754e-05 0.343385 0.0119869 0.00707489 0.227147 0.0855152 0.00683373 7.30058e-05 
0.549211 0.0365994 0.0325867 0.000194981 0.00882533 0.00799293 0.00701359 0.0671002 0.214426 0.0756698 0.000380445 
0.025401 0.00646009 0.0996931 1.63705e-06 0.0205708 0.0027936 0.0920154 0.656421 0.0826544 0.0130019 0.000986958 
0.115079 0.0173128 0.0685678 2.92766e-06 0.00141505 0.00780302 0.0307473 0.00640885 0.742837 0.00982179 4.51347e-06 
0.0190041 0.00448992 0.0180434 6.8924e-09 0.000209538 0.0376502 0.000920062 0.00288951 0.912358 0.00443558 1.32363e-08 
0.108588 0.0229631 0.572713 1.40003e-05 0.00400591 0.0532644 0.0118783 0.104108 0.114989 0.00745532 2.10944e-05 
0.0595179 0.00436869 0.660382 7.86979e-06 0.00256563 6.72379e-05 1.27239e-05 0.0130723 0.0451869 0.214752 6.66558e-05 
0.060956 0.0263793 0.195489 1.81898e-05 0.0376339 0.011541 0.537524 0.0115798 0.0898887 0.0287965 0.000194612 
0.193939 0.0100215 0.0724569 0.000187565 0.0115237 0.00549417 0.0257008 0.0236231 0.452538 0.203888 0.0006274 
0.3994 0.0337721 0.0824214 0.00128413 0.0160665 0.0235469 0.0214046 0.0141659 0.28268 0.123841 0.00141752 
0.0383643 0.152347 0.147945 0.00013208 0.0353815 0.00271651 0.00571481 0.301264 0.0646032 0.251369 0.000162109 
0.48151 0.000253758 0.0156458 2.67482e-09 2.90276e-09 2.66929e-08 0.00018181 0.0105206 0.468844 0.0230438 4.42141e-07 
0.0461216 0.0136397 0.670883 0.000161425 0.00604015 0.0522936 0.11786 0.0131122 0.0685308 0.0111188 0.000238179 
0.0124266 0.107502 0.0391023 9.83266e-10 0.00506806 3.02686e-06 0.000753199 0.704995 0.0398776 0.0860631 0.0042095 
0.0938253 0.0477381 0.135662 0.0002916 0.0350113 0.00142842 0.0031229 0.263979 0.0841662 0.334385 0.000390508 
0.513043 0.00359793 0.102074 1.91803e-08 0.00757148 4.01596e-05 0.0281576 0.00075747 0.338326 0.00643001 2.65796e-06 
0.0145396 0.210683 0.339734 0.00038053 0.0309824 0.120578 0.0193204 0.056994 0.200252 0.00477644 0.00175971 
0.0197576 0.195691 0.00332377 7.58453e-07 0.0126776 0.000237009 0.000353237 0.0023177 0.446142 0.318384 0.00111493 
0.0201578 0.191229 0.0786019 0.000481847 0.20287 0.00171983 0.00181378 0.0220712 0.417582 0.00982023 0.053652 
0.0707609 0.0149572 0.0204997 8.06479e-06 0.00219155 0.00832972 0.00816545 0.0536453 0.746973 0.0744606 8.21514e-06 
0.0595234 0.0110337 0.252478 0.000115171 0.000386133 0.0202223 0.00363436 0.421287 0.191349 0.0398284 0.000142696 
0.0405327 0.00195938 0.0139612 2.85297e-05 0.77667 0.00193629 0.000612372 0.134715 0.0209483 0.00856235 7.39959e-05 
0.0649468 0.0011052 0.722423 2.49036e-06 0.0186549 0.00713364 0.000755966 0.0874593 0.0618525 0.0356323 3.39978e-05 
0.504162 0.0557526 0.0605547 3.56276e-10 0.00413156 1.41579e-06 1.00325e-06 0.00667342 0.336012 0.032711 9.70364e-10 
0.0897432 0.0381666 0.0958127 9.39501e-06 0.00237781 0.180656 0.00384978 0.0685559 0.508623 0.0121685 3.64426e-05 
0.0441462 0.0116129 0.055483 7.22088e-05 0.000909453 0.00152706 0.00027178 0.402442 0.351034 0.13236 0.00014128 
0.00472756 0.0103148 0.211829 3.85167e-05 0.0458223 0.0141024 0.00346078 0.63523 0.0216856 0.0515495 0.00123965 
0.00640508 0.00404131 0.0805257 4.08818e-06 0.0374884 0.00436073 0.0459792 0.632621 0.132294 0.0539482 0.00233209 
0.167191 0.0551071 0.243623 0.000428633 0.0357131 0.00458235 0.0177742 0.256575 0.176438 0.0190991 0.0234688 
0.0327652 0.260259 0.123143 9.42398e-05 0.391751 0.000605022 0.0894892 0.0174617 0.0509978 0.0333032 0.00013017 
0.360054 0.0257503 0.448321 9.33802e-06 0.00153855 0.0233425 0.0246255 0.00128653 0.0587278 0.0562326 0.000112432 
0.0875719 0.108576 0.103212 7.52726e-05 0.00931498 0.00218827 0.00375305 0.0224201 0.239512 0.421413 0.00196403 
0.339873 0.0365636 0.117588 0.000129772 0.0085944 0.0467466 0.000350549 0.00955068 0.385269 0.0551494 0.000185135 
5.67215e-05 3.68564e-06 9.66223e-06 4.37966e-10 0.0273688 1.2332e-05 1.28503e-06 0.601596 0.370053 0.000896385 2.86405e-06 
0.0661288 0.509239 0.0476434 0.000134928 0.0968092 0.0319922 0.00161863 0.0244759 0.177464 0.044358 0.000136403 
0.102246 0.000323407 0.00164319 7.05114e-07 8.99822e-06 0.000282093 0.000208529 0.0017897 0.135909 0.757544 4.39051e-05 
0.0660386 0.062598 0.352202 6.99326e-05 0.0208717 0.00834426 0.00998822 0.126246 0.32186 0.0300827 0.00169855 
0.000978655 0.0258706 0.895836 5.35091e-10 0.000708476 0.000809486 2.11357e-06 0.000593996 0.0729305 0.00226976 1.45739e-09 
0.317476 0.0161995 0.0962996 2.01372e-06 0.0005717 0.0254265 0.00680437 0.00307694 0.514139 0.0199311 7.31502e-05 
0.73215 0.0163304 0.0340846 1.69732e-05 0.000820444 0.0236635 0.000176988 0.000544663 0.184213 0.00790737 9.18244e-05 
0.101998 0.40951 0.0474088 0.00258489 0.00847507 0.0139748 0.0191255 0.0978799 0.173187 0.115565 0.0102899 
0.0425949 0.0104945 0.0793558 1.49761e-05 0.0572004 0.000720271 0.027854 0.00380851 0.632283 0.145647 2.67224e-05 
0.441522 0.112551 0.0762119 6.60086e-05 0.0186387 0.0109156 0.0251468 0.0571939 0.0930156 0.164637 0.000101039 
0.097806 0.236504 0.181213 0.000273949 0.00407412 0.00553406 0.00133988 0.006387 0.439042 0.0268285 0.000997417 
0.313173 0.0161946 0.0251697 0.000777649 0.0181668 0.0110559 0.0172053 0.105218 0.209244 0.192932 0.0908627 
0.0735375 0.0422882 0.0226739 1.27984e-05 0.0271542 0.00320148 0.0170278 0.00775992 0.525349 0.279987 0.00100859 
0.0148295 0.00557433 0.00683075 8.8522e-10 0.00619396 6.22536e-05 0.939067 3.12105e-05 0.0230663 0.00433449 1.05302e-05 
0.318807 0.0930033 0.113984 0.00190133 0.152666 0.00900338 0.00711266 0.0350369 0.209045 0.0563458 0.00309475 
0.0122407 0.0999515 0.29359 4.51585e-07 4.51604e-07 0.0312902 0.010704 0.0176586 0.463114 0.0711338 0.000316405 
0.0321067 0.0517291 0.0503761 8.70494e-05 0.642767 0.00482156 0.0104773 0.0196063 0.122048 0.0658813 9.9907e-05 
0.125183 0.0222822 0.311323 0.000127845 0.0113859 0.00722711 0.00155877 0.0905984 0.196364 0.233124 0.000825491 
0.0119927 0.112139 0.0560244 2.96713e-09 0.505822 0.00977962 0.0037743 0.0881285 0.137088 0.0752519 8.07428e-08 
0.563722 0.00653766 0.0687151 4.27582e-07 1.8131e-05 0.01286 0.0103047 0.00615978 0.320322 0.0110848 0.000275112 
0.0775182 0.0384809 0.541325 4.19145e-05 0.00218847 0.0257041 0.00282344 0.038934 0.220347 0.0501764 0.00246077 
0.0305256 0.0719861 0.128089 0.000145813 0.00616058 0.00734139 0.00941063 0.409608 0.1585 0.178081 0.000152132 
0.144246 0.00357355 0.600835 1.11166e-05 0.00210692 0.0105836 0.0145053 0.0213483 0.153294 0.0494823 1.45741e-05 
0.134645 0.22563 0.105102 0.000306386 0.00926394 0.00185861 0.0473964 0.355711 0.10213 0.0167922 0.00116492 
0.105964 0.014637 0.0663737 0.000534886 0.00772511 0.0178352 0.000869326 0.0468546 0.116518 0.0897676 0.532921 
0.197331 0.015063 0.0745829 5.12451e-06 0.00372974 0.000416366 0.00422547 0.0117008 0.687812 0.00512593 8.01494e-06 
0.0872367 0.305362 0.107045 2.51288e-05 0.0362095 0.00139226 0.0134553 0.000882946 0.397955 0.0487314 0.00170453 
0.0253589 0.000358967 0.13245 6.42071e-07 0.0042722 3.90772e-05 0.768717 0.063052 0.00475539 0.000979853 1.55034e-05 
0.142317 0.11448 0.0476422 0.000231749 0.0474644 0.00638609 0.00501749 0.0191878 0.0762542 0.530879 0.0101404 
0.0997539 0.00846116 0.72706 1.3526e-08 0.00128673 0.0133973 0.0132179 0.00338163 0.104013 0.0294277 8.51067e-07 
0.0229657 0.325943 0.0117388 4.62253e-05 0.000769692 0.00141509 0.000319594 0.0143557 0.45823 0.164156 6.10128e-05 
0.220617 0.108631 0.00783377 5.59056e-06 0.505313 8.11915e-06 0.000564425 0.00101975 0.07325 0.0827471 1.07365e-05 
0.0704384 0.0744021 0.0781764 0.000396442 0.0164632 0.00105863 0.0180888 0.00436235 0.626844 0.0279109 0.0818585 
0.000245023 0.0303102 0.00018611 1.22122e-07 0.0473854 2.93371e-05 4.17694e-06 0.101982 0.00599795 0.00274073 0.811119 
0.175685 0.0134907 0.0261806 1.49516e-05 0.156628 0.00135527 0.00384578 0.0054289 0.296936 0.215829 0.104606 
0.0502949 0.0122513 0.239602 1.74169e-08 0.00931089 0.20464 0.00291719 0.0136668 0.229198 0.238119 1.09928e-06 
0.104037 0.107475 0.0284087 0.000260376 0.0476977 0.00182412 0.00592456 0.0236712 0.579654 0.100734 0.000312872 
0.0165557 0.0199652 0.0317238 0.00101094 0.00447364 0.00428981 0.00762123 0.8386 0.0313327 0.0432171 0.00121019 
0.0062095 7.32566e-05 0.26236 1.0499e-06 0.00010622 0.146635 0.000239281 0.573896 0.00987494 0.000567367 3.71442e-05 
0.324472 0.00507238 0.190764 7.36197e-07 0.0554009 0.000897105 0.000555441 0.145407 0.144618 0.13191 0.000902488 
0.139686 0.0321664 0.0436405 0.00017106 0.0038783 0.0123258 0.00393262 0.016344 0.0927252 0.654005 0.00112512 
0.0643562 0.0722342 0.060367 6.12485e-05 0.00391792 0.000729405 0.00733534 0.00372552 0.76743 0.0197242 0.000118822 
0.068476 0.0114793 0.134715 8.21978e-06 3.56121e-05 0.0327463 0.00213303 0.441455 0.183929 0.111318 0.0137056 
0.0218338 0.00786648 0.364395 1.58512e-06 0.00857076 0.0131291 0.161582 0.105187 0.150079 0.167343 1.16043e-05 
0.125591 0.0612329 0.0544054 0.00057362 0.0285677 0.00118707 0.0123758 0.0579525 0.604951 0.0492269 0.00393683 
0.110547 0.0855529 0.0446165 0.000448232 0.00140452 0.00278085 0.023961 0.415927 0.14754 0.16553 0.00169174 
0.0596854 0.115355 0.0067221 6.61212e-08 0.00630438 0.00503372 1.42408e-06 0.140721 0.639486 0.0265068 0.000183533 
0.271699 0.00614201 0.0225128 6.23348e-08 0.00193982 9.45801e-05 0.0028536 0.00418339 0.663801 0.0266744 0.000100091 
0.578321 0.0227983 0.0418084 9.84493e-05 0.00391052 0.00393951 0.00732245 0.0129342 0.126399 0.201167 0.00130111 
0.165653 0.0126852 0.50227 0.000372253 0.0185454 0.0111548 0.0235992 0.0536022 0.0637049 0.129782 0.0186307 
0.140712 0.066416 0.184312 1.16863e-06 0.00333151 0.00316037 0.00135509 0.0460782 0.347973 0.206642 1.91151e-05 
0.264056 0.079784 0.0775783 0.00369214 0.00561915 0.00528264 0.00465098 0.0503458 0.14637 0.350994 0.0116271 
0.0306199 0.0485206 0.00706881 1.11341e-05 5.10481e-05 0.00359274 0.000183477 0.0180979 0.414335 0.477456 6.31704e-05 
0.0673318 0.136316 0.654512 0.000157433 0.00495105 0.0261811 0.0480069 0.010092 0.0405119 0.0113302 0.000609902 
0.205316 0.0292952 0.161403 3.81096e-05 0.0113245 0.00349618 0.000122366 0.0844781 0.433321 0.0711568 4.91853e-05 
0.0204774 0.369911 0.0256965 4.85493e-05 0.00366262 0.000565564 0.0271172 0.00278835 0.426065 0.122816 0.000850746 
0.411708 0.186372 0.160308 1.40232e-05 0.00131539 0.00782677 0.0150015 0.0303428 0.176379 0.00869524 0.00203768 
0.0324484 0.0233963 0.146624 0.00168911 0.00401273 0.00815807 0.00656003 0.713294 0.00760417 0.00311839 0.0530941 
0.0456166 0.170842 0.039754 2.49532e-06 0.0163432 0.0014425 0.0360517 0.0198765 0.617379 0.0525482 0.000143892 
0.159133 0.0397967 0.249651 0.000988317 0.0146384 0.00416881 0.0350402 0.0848541 0.271976 0.138682 0.0010705 
0.0522462 0.156358 0.144974 1.45978e-05 0.0908368 0.0360836 0.00163245 0.0415736 0.467085 0.0083173 0.000878251 
0.161673 0.0201476 0.0262029 9.21144e-05 0.00777285 0.0008632 0.00230263 0.0179917 0.722781 0.0349267 0.00524685 
0.059155 0.0164508 0.161758 0.000540414 0.0115232 0.0189213 0.053336 0.504691 0.116406 0.0542967 0.0029213 
0.232909 0.000370497 0.0599158 2.37425e-11 1.80555e-06 0.402855 2.0381e-07 0.00339199 0.298707 0.00184588 2.47236e-06 
0.0822873 0.0219293 0.0426637 0.00208185 0.0208033 0.00386046 0.0173555 0.0408411 0.603545 0.161702 0.00293078 
0.278149 0.0696597 0.101256 0.00560594 0.0540746 0.00840318 0.00914432 0.114457 0.0614501 0.143588 0.154212 
0.344496 0.10562 0.108345 4.60607e-05 0.00424415 0.00388097 0.00859982 0.00773953 0.365319 0.0427724 0.00893724 
0.462144 0.00848586 0.0458732 5.08411e-06 0.000149779 0.0058273 0.000667592 0.00529305 0.432297 0.0392404 1.69151e-05 
0.0605638 0.00518049 0.0379415 7.36667e-06 0.020413 0.000115684 0.000203392 0.00446195 0.55253 0.318571 1.22875e-05 
0.58576 0.00944645 0.181873 6.81146e-05 0.000153687 0.00587171 0.00771036 0.0137788 0.108717 0.0859977 0.000623918 
0.114605 0.0512673 0.032987 1.58418e-05 0.0593913 0.0379222 0.000327089 0.0220647 0.53727 0.14405 9.90386e-05 
0.000797055 0.001303 0.91448 8.61366e-07 0.00177024 0.0308473 0.0464704 0.000267273 0.00366787 0.000393029 2.65813e-06 
0.00512305 0.805885 0.00101259 2.41864e-07 0.0198955 4.06927e-06 2.448e-05 0.00553327 0.0304402 0.132051 3.03431e-05 
0.0180926 0.0848405 0.2176 0.00371622 0.00431972 0.0342378 0.00699568 0.116494 0.0686505 0.428299 0.0167542 
0.00282323 0.000134709 0.19468 4.31607e-07 0.00944075 4.92058e-05 0.777322 0.000550057 0.0133976 0.00159796 4.1236e-06 
0.139693 0.063854 0.254835 1.54716e-05 0.00749405 0.0130665 0.0104631 0.214252 0.274146 0.0208031 0.00137745 
0.126997 0.338363 0.225359 1.45827e-05 0.031342 0.0109077 0.00652235 0.0109884 0.112026 0.135874 0.00160571 
0.0448845 0.0360869 0.00970804 0.000177589 0.000912304 0.000437611 0.000300576 0.231976 0.237544 0.428379 0.00959275 
0.0381359 0.0100744 0.18989 0.000802561 0.00234327 0.00359157 0.629001 0.0280487 0.0803268 0.0158642 0.0019223 
0.094108 0.0762296 0.0215795 0.000173863 0.00904437 0.00209709 0.00299993 0.011862 0.748045 0.0331344 0.000726436 
0.0689521 0.0869326 0.0580934 0.000116601 0.0494479 0.00124062 0.0263701 0.0476255 0.647367 0.012882 0.000971599 
0.0184178 0.300804 0.00366837 4.02438e-06 0.000167046 0.000348289 0.000143866 0.00075376 0.517323 0.158309 6.0938e-05 
0.035049 0.0205387 0.473429 0.00138796 0.00785698 0.0321509 0.291563 0.0394236 0.0831412 0.0140701 0.00138871 
0.232405 0.0649647 0.013856 4.17419e-10 0.0871318 0.00786063 0.0278764 0.0664836 0.457177 0.0422454 1.1369e-09 
0.0154118 0.00339678 0.442525 4.24479e-07 4.24496e-07 0.00326838 0.0783239 0.382904 0.0594833 0.00908537 0.0056008 
0.0605669 0.0650492 0.048691 6.21762e-05 0.488285 0.236179 0.000318858 0.0183362 0.0620305 0.0204 8.07066e-05 
0.00101475 0.000221725 0.869905 6.11418e-10 0.000125055 0.0907784 0.00359926 0.0343402 9.65751e-06 5.24151e-06 5.35089e-07 
0.0247772 6.25946e-05 0.409877 3.86442e-09 0.000306004 0.46432 0.0368872 0.00121335 0.0583542 0.00420286 5.40679e-08 
0.0102569 0.609023 0.0253096 2.76138e-05 0.0294306 0.0140464 0.000867736 0.0288319 0.265342 0.0168043 5.97398e-05 
0.0319307 0.0202202 0.045872 3.27905e-05 0.00137433 0.00996506 0.00023943 0.173759 0.147219 0.569324 6.32136e-05 
0.228676 0.1444 0.0439375 1.31222e-06 4.30326e-06 0.00430255 0.000595046 0.385443 0.192625 1.31085e-05 1.82623e-06 
0.00479115 0.0108778 0.776695 9.27843e-10 0.00254871 0.120247 0.0222035 0.00529134 0.0521092 0.0052364 3.40489e-09 
0.0630426 0.0166755 0.371699 4.31261e-05 0.00458144 0.0177898 0.00424419 0.242594 0.271602 0.00766456 6.29804e-05 
0.775368 8.42441e-08 6.29751e-07 3.91459e-12 3.20319e-07 1.89656e-07 1.03083e-07 0.000943467 0.203944 0.0197436 1.06619e-11 
0.0022274 0.0374752 0.0144927 1.648e-09 0.0192713 1.73078e-06 0.014541 0.0366368 0.873429 0.00192462 1.9507e-08 
0.0298862 0.0179361 0.0578805 0.00185475 0.77759 0.0234275 0.0187703 0.0345434 0.0297654 0.00304349 0.00530198 
0.344496 0.10562 0.108345 4.60607e-05 0.00424415 0.00388097 0.00859982 0.00773953 0.365319 0.0427724 0.00893724 
0.00180305 0.0943772 0.0473839 2.98324e-09 0.00264379 0.0011862 0.00275744 0.682291 0.0988123 0.0686762 6.90385e-05 
0.830479 0.000391616 0.003358 3.18072e-12 0.000157655 6.9198e-05 5.16196e-08 0.00246222 0.0750243 0.0880582 3.1717e-10 
0.00538125 0.345816 0.00107785 3.58422e-05 0.0517472 9.64025e-05 0.000215288 0.00728551 0.069409 0.518858 7.76259e-05 
0.00786289 0.0369305 0.620869 4.47191e-09 1.12818e-06 0.0362165 0.00312614 0.153581 0.134309 0.00710291 1.21798e-08 
0.53523 4.29612e-07 0.0521884 9.54014e-08 0.0150091 0.00177451 0.0402841 0.0115591 0.241565 0.102388 2.68469e-07 
0.710918 0.0146983 0.0201433 2.75741e-05 0.000760162 0.00148579 0.00137112 0.000524264 0.176286 0.0735725 0.000212977 
0.694431 0.0049043 0.10324 4.80321e-05 0.0318932 0.0117462 0.0227199 0.00493747 0.116102 0.00988263 9.54517e-05 
0.353341 0.00592416 0.159633 8.5595e-08 0.00471656 0.0077366 0.00137829 0.00514467 0.433046 0.0280958 0.000983947 
0.729014 0.000450781 0.0250486 1.52351e-08 9.88522e-05 0.0010495 0.0236114 0.000306985 0.216753 0.00366598 1.20949e-07 
0.0226935 0.0136471 0.222867 2.79537e-05 0.620668 0.0059687 0.00085245 0.00230692 0.0983378 0.0125946 3.56627e-05 
0.0785253 0.0191705 0.59852 0.00185154 0.00952984 0.0360066 0.123192 0.0187115 0.0896711 0.013118 0.0117035 
0.0522147 3.72792e-07 9.77307e-07 4.4299e-11 2.12781e-06 1.24735e-06 1.29977e-07 0.939593 0.0080969 9.06667e-05 2.89691e-07 
0.153898 0.0750812 0.174963 8.49204e-06 0.22309 0.000437891 0.0127112 0.00633886 0.278793 0.0738536 0.000824269 
0.341861 0.0262006 0.0527607 9.68005e-05 0.0136886 0.0019332 0.00311548 0.0314025 0.340854 0.187919 0.000168183 
0.495814 0.000543009 0.0141378 2.77386e-12 0.00448304 0.000226904 7.82997e-09 0.0017219 0.481811 0.00126229 2.23317e-08 
0.0360339 0.0453385 0.653531 0.000207902 0.01393 0.028937 0.0521439 0.0223795 0.0785101 0.0672037 0.0017843 
0.118051 0.0129453 0.209789 0.000394979 0.0133011 0.00712288 0.0200883 0.0940446 0.339518 0.183881 0.000862478 
0.0385693 0.0675456 0.342298 5.56589e-05 0.103782 0.0698185 0.0215691 0.114361 0.213224 0.0174518 0.0113242 
0.00231829 0.0165324 0.150837 1.17658e-05 0.0036482 0.0234728 0.00018209 0.658993 0.141758 0.00184743 0.000398721 
0.0901843 1.86525e-08 0.0142497 1.1906e-13 0.000449756 0.00169444 0.619939 0.000223445 0.26898 0.00427502 4.72551e-06 
0.0118035 0.0873309 0.0271343 8.54185e-05 0.000697884 0.00438739 0.00978001 0.134982 0.103818 0.550299 0.0696817 
0.0677353 0.0269569 0.012854 9.32609e-06 0.0140449 0.000676864 0.00498138 0.00605254 0.337985 0.528659 4.54705e-05 
0.560566 0.0761618 0.0251459 2.07374e-05 0.0306215 5.45666e-05 0.00724852 0.00238509 0.28828 0.00946708 4.84672e-05 
0.057746 0.0186996 0.0784342 2.82225e-11 0.00107915 0.000942616 0.0199399 0.499974 0.313006 0.0101656 1.33827e-05 
0.487678 0.0263682 0.0477665 2.91018e-05 0.0197629 0.000591186 0.000236669 0.016297 0.227022 0.174192 5.53765e-05 
0.726799 0.0516244 0.0346995 6.19555e-06 0.00642526 0.00508056 0.000307752 2.87343e-05 0.104087 0.0707993 0.000141515 
0.775368 8.42441e-08 6.29751e-07 3.91459e-12 3.20319e-07 1.89656e-07 1.03083e-07 0.000943467 0.203944 0.0197436 1.06619e-11 
0.775368 8.42441e-08 6.29751e-07 3.91459e-12 3.20319e-07 1.89656e-07 1.03083e-07 0.000943467 0.203944 0.0197436 1.06619e-11 
0.170296 0.0128818 0.0912707 1.15871e-05 0.000292821 0.017225 0.00512996 0.221919 0.472047 0.00878936 0.000137459 
0.020773 0.0192568 0.204065 0.000144117 0.0235735 0.00167492 0.000255877 0.547347 0.084354 0.0879838 0.0105722 
0.456778 0.0230366 0.0510714 1.05676e-05 0.000825844 0.00469002 0.0135136 0.010475 0.395608 0.0437959 0.000194468 
0.090456 0.000227652 0.0335722 2.08212e-10 0.00214219 0.00153699 0.0300716 0.00105124 0.770382 0.0705598 5.22391e-08 
0.00117684 0.00117747 0.0433847 1.29833e-05 0.00370285 0.000219822 0.939423 0.000534574 0.00339644 0.000839038 0.00613251 
0.0901843 1.86525e-08 0.0142497 1.1906e-13 0.000449756 0.00169444 0.619939 0.000223445 0.26898 0.00427502 4.72551e-06 
0.0854968 0.13345 0.246787 1.15342e-07 0.0179516 0.0520864 0.00664097 0.123182 0.328448 0.00595527 2.19007e-06 
0.0869199 0.0357929 0.0807714 1.25504e-05 0.0457637 0.00178141 0.0529109 0.0518222 0.361228 0.282916 8.14684e-05 
0.0144027 0.157966 0.0343277 0.000123488 0.000701062 0.00111716 0.00914867 0.760604 0.00154781 0.0183223 0.00173906 
0.403546 0.00170787 0.0134832 3.88348e-09 0.000752237 7.53094e-05 0.000518765 0.000193164 0.560231 0.0194918 7.53302e-07 
0.0268177 0.721503 0.0129009 2.50978e-05 0.00318095 8.31834e-05 0.000233943 0.00551586 0.225566 0.00399455 0.000178212 
0.0664852 0.015377 0.0574331 2.90474e-06 0.136877 0.00957502 0.0900779 0.0834599 0.53063 0.00977042 0.000311533 
0.00172736 0.0755797 0.193355 2.34907e-06 0.259755 0.0001617 0.0780561 0.00951676 0.373276 0.00824465 0.000325557 
0.00248827 0.0112982 0.0381919 1.9707e-05 0.0277172 0.000121335 0.00218486 0.0847099 0.817366 0.0158696 3.32511e-05 
0.493802 0.02237 0.135817 9.78311e-07 3.93255e-05 2.69058e-06 1.25888e-05 0.328886 3.79048e-05 0.0189852 4.6714e-05 
0.718562 0.00806606 0.00501011 2.43334e-06 0.0315956 0.00116479 0.00116326 0.00181031 0.133963 0.098639 2.27971e-05 
0.241167 0.0365277 0.165722 0.000253351 0.0213262 0.0202774 0.00514453 0.0702545 0.27705 0.161279 0.000999333 
0.0222034 0.0235389 0.45286 0.000100803 0.00886982 0.0403874 0.00111807 0.0722176 0.249663 0.127291 0.00175099 
0.626925 2.54982e-05 0.053907 7.0284e-14 3.32169e-09 0.000854508 0.000257846 0.000686696 0.313001 0.00434137 1.10301e-06 
0.0299171 0.135553 0.00678052 3.14686e-05 0.0144898 0.000647744 0.00101475 0.31412 0.24714 0.0500562 0.200248 
0.111918 0.00733875 0.241414 0.000126432 0.538175 0.00149508 0.0103501 0.00147782 0.036403 0.0511535 0.000148619 
0.310076 0.123347 0.213653 9.49324e-06 0.0736134 0.00850334 0.0578874 0.0310991 0.0998204 0.0805037 0.00148745 
0.0976005 0.18911 0.0665223 0.000847689 0.0151554 0.0257485 0.0172388 0.344666 0.172658 0.0153249 0.0551272 
0.0871084 0.00617212 0.486727 3.49761e-08 0.00276376 0.318193 0.0318699 0.0117259 0.0534607 0.00197713 2.46777e-06 
0.0416513 0.0810793 0.0341124 6.42462e-07 0.695033 0.000183649 0.00016802 0.00939909 0.0750441 0.0633266 1.54206e-06 
0.395655 0.0230074 0.010181 1.13102e-06 0.0206124 2.17515e-05 0.000914289 0.000380872 0.365315 0.183909 2.24449e-06 
0.1406 0.262668 0.064248 1.354e-06 0.0441009 0.00379313 0.000106055 0.328913 0.028518 0.126817 0.000234986 
0.998207 0.000170326 0.0002542 5.78757e-09 4.96905e-06 0.000183901 8.48901e-05 0.000325336 0.000442205 0.000278734 4.88817e-05 
0.0570556 9.91113e-07 0.738519 1.33662e-10 0.000173235 0.000136897 0.0075513 0.178065 0.0170323 0.00146593 3.64046e-10 
0.0435728 0.215324 0.00467139 4.02613e-06 0.000594615 0.000690105 9.3455e-05 0.00117459 0.518359 0.215455 6.09674e-05 
0.163559 0.0290167 0.0712143 9.26488e-05 0.0105101 0.0622743 0.00186516 0.0257062 0.281192 0.354349 0.000220115 
0.0409863 0.0840157 0.073845 6.24623e-05 0.00881445 0.00313156 0.00196613 0.601881 0.0904851 0.0941029 0.000709504 
0.141963 0.00669037 0.0890501 2.03445e-05 0.0034956 0.0122725 0.0398256 0.013343 0.612882 0.0803403 0.000117442 
0.0176955 0.0363333 0.054143 0.000526726 0.00268941 0.00246619 0.00308066 0.768475 0.073773 0.0355211 0.00529641 
0.0997539 0.00846116 0.72706 1.3526e-08 0.00128673 0.0133973 0.0132179 0.00338163 0.104013 0.0294277 8.51067e-07 
0.354204 0.0216281 0.0510651 1.05274e-05 0.000825274 0.00468484 0.013507 0.0104714 0.499617 0.0437925 0.000193959 
0.114405 0.00778288 0.506657 2.21716e-07 0.0964156 0.156074 0.031594 0.0165161 0.043292 0.0272333 3.01625e-05 
0.0142932 0.0833631 0.0463058 4.65119e-06 0.00123494 0.00173807 0.0192392 0.71123 0.11988 0.00237857 0.000332799 
0.0360274 0.130649 0.000228896 2.05383e-09 0.0214742 7.8223e-06 0.000449333 4.90999e-05 0.748836 0.062272 6.67706e-06 
0.0675942 0.00124726 0.00102916 7.32769e-06 0.00118549 6.94913e-05 9.30147e-05 0.00477637 0.0326558 0.891285 5.72707e-05 
0.00516134 0.0255059 0.0330014 0.0014369 0.00235796 0.00310904 0.0014743 0.249841 0.00447081 0.436146 0.237496 
0.0200098 0.162753 0.00816467 8.48402e-05 0.00396276 0.035767 0.00143213 0.098737 0.365274 0.294344 0.00947113 
0.0317449 0.00215379 0.135529 7.67892e-08 0.0185637 0.0974372 0.0410118 0.139177 0.437699 0.0830974 0.0135853 
0.234028 0.0496285 0.150804 6.05041e-06 0.00351565 0.0169533 0.00068376 0.00707578 0.523578 0.0136914 3.57605e-05 
0.445924 0.00464086 0.0371327 3.66001e-06 0.0041989 0.00162586 0.00958336 0.00470662 0.204602 0.287571 1.08408e-05 
0.13766 0.143005 0.0809411 0.00101099 0.0129947 0.0109455 0.00531529 0.378115 0.184792 0.0435193 0.0017012 
0.205846 0.12991 0.0776475 8.94397e-05 0.154653 0.00759231 0.00119967 0.00376437 0.369231 0.0498084 0.000258058 
0.0959114 0.0463161 0.0626466 4.85562e-05 0.0165012 0.0254578 0.00855623 0.0431872 0.646535 0.0344301 0.02041 
0.151118 0.0330508 0.163262 3.0453e-05 0.00273017 0.00207033 0.0258523 0.364375 0.116679 0.140277 0.000555615 
0.362883 0.0613932 0.0963687 3.7502e-05 0.0848183 0.00378173 0.00128288 0.00300082 0.194068 0.191606 0.000759992 
1.82641e-05 0.0311484 1.14051e-05 1.72944e-06 0.00346721 4.35831e-06 3.01498e-06 0.617534 0.0496625 0.298146 3.19095e-06 
0.108582 0.0341186 0.304819 7.34465e-05 0.0210862 0.0431472 0.231881 0.0182328 0.147027 0.0892606 0.00177261 
0.0580353 0.0186965 0.134257 2.36319e-05 0.0380803 0.0034198 0.00239881 0.167993 0.190849 0.38621 3.74113e-05 
0.0973062 0.0325482 0.00537927 0.000153615 0.0135943 0.00354326 0.000897249 0.0663676 0.527156 0.252426 0.000627774 
0.00395858 0.000296963 0.0474764 4.68886e-08 1.8649e-05 0.828885 2.78944e-05 0.108611 0.0101497 0.000574567 1.31105e-06 
0.00574753 0.0646758 0.0633003 0.000148785 0.0103387 0.00942498 0.00348065 0.593684 0.234616 0.0131064 0.00147675 
0.067524 0.0711576 0.128422 0.000668586 0.0524814 0.00367441 0.00643722 0.537727 0.0596699 0.0642451 0.00799341 
0.00372313 0.0963246 0.0227262 5.60544e-05 0.0200283 0.00011314 0.00474014 0.0384324 0.785018 0.0287671 7.07732e-05 
0.0209632 0.117539 0.00164293 7.84542e-06 0.00266458 8.17904e-05 0.00236531 0.0117966 0.52042 0.321292 0.00122679 
0.615173 0.000625185 0.0125436 5.34044e-13 3.24767e-08 0.0309846 1.21683e-07 0.00367242 0.333181 0.00381948 2.19346e-07 
0.0405104 0.00398187 0.605235 1.62413e-07 0.00436998 0.09507 0.175159 0.00135187 0.0306465 0.0436509 2.48644e-05 
0.495814 0.000543009 0.0141378 2.77386e-12 0.00448304 0.000226904 7.82997e-09 0.0017219 0.481811 0.00126229 2.23317e-08 
0.00282323 0.000134709 0.19468 4.31607e-07 0.00944075 4.92058e-05 0.777322 0.000550057 0.0133976 0.00159796 4.1236e-06 
