0.0685599 0.204332 0.0506544 5.90745e-05 0.0632999 0.00494829 0.00980902 0.0639343 0.197421 0.336522 0.000460413 
0.025937 0.203778 0.0386485 0.000607827 0.0177088 0.00237898 0.0176316 0.0274751 0.618884 0.0461483 0.000802506 
0.12156 0.0570139 0.124087 0.00011661 0.0504003 0.00750937 0.0370941 0.0380745 0.542232 0.0216078 0.000304083 
0.242594 0.0670084 0.00973798 2.3054e-08 0.295232 8.61258e-06 0.0164587 0.00115572 0.161632 0.206151 2.19327e-05 
0.0601691 0.416764 0.0644669 4.87726e-05 0.000938893 0.00549498 0.00744961 0.196037 0.0360727 0.212464 9.39775e-05 
0.400986 0.196324 0.0689441 0.000460376 0.0144476 0.0105394 0.00596397 0.0150717 0.234046 0.0522028 0.00101491 
0.091469 0.0493136 0.681926 2.0173e-07 0.0132316 0.0962512 6.30473e-06 0.0141508 0.0348551 0.0173728 0.00142358 
0.05716 0.0145656 0.152099 1.13333e-08 0.00526132 0.0158015 0.0360055 0.053605 0.657302 0.00819957 2.22311e-07 
0.0347997 0.13408 0.0342328 4.56695e-09 0.000108888 0.000741529 0.00613866 0.00307539 0.778898 0.00792378 7.2631e-07 
0.052092 0.0399651 0.218512 1.34791e-05 0.00693146 0.0275735 0.0458997 0.043726 0.552496 0.0127551 3.63063e-05 
0.402703 0.00178659 0.351385 4.40261e-06 3.6765e-05 1.35695e-05 0.000142421 0.120507 0.119717 0.00367761 2.63685e-05 
0.223011 0.0927536 0.189014 9.68283e-08 0.0689067 2.65407e-07 0.0106706 0.0157104 0.161304 0.238629 2.7674e-07 
0.0590891 0.172192 0.0393713 1.02542e-05 0.664415 0.00478871 0.000329432 0.0137537 0.041882 0.00365802 0.000510939 
0.236732 1.71171e-05 0.22397 5.36756e-10 0.00165973 0.0181212 0.000454613 2.56577e-05 0.498634 0.0203856 3.28053e-07 
0.0177435 0.000865059 0.776848 7.34599e-09 0.00242955 0.00829445 0.0835322 0.0979543 0.0111542 0.00117829 2.48203e-08 
0.0520183 0.00109903 0.165319 1.23379e-07 0.0221438 0.0184296 0.000499853 0.624913 0.0359786 0.0795927 5.42961e-06 
0.144343 0.2388 0.0748971 1.01873e-06 0.00644571 0.000883329 0.00574825 0.0639386 0.190076 0.272509 0.00235754 
0.196059 0.0298726 0.287039 1.58799e-07 0.000433302 0.00498882 0.00218314 0.370432 0.0900334 0.0189554 3.76467e-06 
0.0891264 0.319643 0.289477 3.12146e-05 0.00468453 0.0113611 0.00469251 0.0937137 0.13708 0.0493887 0.000801639 
0.399316 0.0290984 0.0737957 2.22615e-05 0.0825078 0.00220536 0.0110086 0.00231119 0.294372 0.103536 0.0018261 
0.0407043 0.00743536 0.00920438 2.92945e-06 0.000512071 0.000840927 0.00793273 0.840579 0.090328 0.00243238 2.75145e-05 
0.228124 0.0230896 0.181809 2.41146e-06 0.00884776 0.0455689 0.0015482 0.0229726 0.464992 0.0229634 8.28695e-05 
0.10442 0.295952 0.0543824 8.35718e-06 0.00619458 0.0023856 0.00273514 0.00582792 0.379654 0.148114 0.000326638 
0.019143 0.0684498 0.752075 0.000122566 0.00926166 0.0104085 0.06072 0.0045826 0.065678 0.00794463 0.00161371 
0.340748 0.13827 0.0411467 0.000418735 0.0127716 0.0122866 0.0118677 0.0107883 0.37093 0.0435318 0.01724 
0.0449785 0.0953818 0.0803281 1.99525e-07 3.05268e-06 0.00691193 0.00198053 0.193903 0.440594 0.135893 2.61538e-05 
0.107639 0.00296106 0.106101 6.85995e-07 0.00248746 0.0101851 0.0228944 0.00618732 0.716661 0.024866 1.67504e-05 
0.0789759 0.0286201 0.373435 9.44342e-06 0.104497 0.0103619 0.0211881 0.0581061 0.242135 0.082645 2.6464e-05 
0.00844225 0.265296 0.0165968 7.45574e-05 0.000711236 0.000216437 0.0112029 0.0177346 0.662985 0.0165672 0.000172933 
0.0493266 0.490552 0.107185 0.000172338 0.031703 0.0290363 0.0129001 0.0104319 0.212032 0.055821 0.000840567 
0.153165 0.0936782 0.1421 6.195e-05 0.00327639 0.00222357 0.0126635 0.0618585 0.219812 0.309926 0.00123455 
0.360368 0.022098 0.12709 0.000742271 0.0151833 0.00882073 0.0158408 0.0294735 0.344074 0.0754667 0.000843486 
0.0543595 0.00962841 0.719105 0.000747653 0.00754725 0.0701449 0.010991 0.0127038 0.0507599 0.0573017 0.00671113 
0.108359 0.00517798 0.00612345 1.87017e-09 0.000546207 0.000177738 0.000627968 0.000502075 0.855337 0.0231487 3.39188e-09 
0.0148295 0.00557433 0.00683075 8.8522e-10 0.00619396 6.22536e-05 0.939067 3.12105e-05 0.0230663 0.00433449 1.05302e-05 
0.0476859 0.0107926 0.0609743 0.000218288 0.000533362 0.000883203 0.0091742 0.0083688 0.825389 0.0248783 0.0111023 
0.121171 0.0281979 0.68191 0.000215748 0.00187187 0.0196573 0.0452947 0.0164934 0.0398775 0.0227442 0.0225661 
0.0369232 0.12253 0.0632925 0.000577385 0.0132845 0.00223965 0.00309084 0.0130565 0.573999 0.169754 0.00125221 
0.142423 0.0049349 0.120596 3.1469e-05 0.00806996 0.00429838 0.017004 0.0251204 0.54586 0.131586 7.56329e-05 
0.338031 0.0168666 0.0259125 0.000107552 0.00758841 0.000701849 0.00338098 0.175654 0.284899 0.146328 0.000530456 
0.0219844 0.0331982 0.283599 5.60159e-05 0.000266845 0.000311905 0.0441741 0.191431 0.0989164 0.325654 0.000408532 
0.132744 0.00034755 0.606983 1.48021e-06 0.00157775 0.0355601 0.0115556 0.00873571 0.128146 0.0742588 8.93608e-05 
0.0989507 0.0665673 0.0660325 0.000185565 0.00517922 0.0467417 0.0159976 0.0321545 0.241522 0.423924 0.00274496 
0.212646 0.0183688 0.0610794 1.36952e-05 0.0197264 0.00175707 0.000551486 0.020076 0.635618 0.0301263 3.63608e-05 
0.0471712 0.0609886 0.0876742 7.74346e-05 0.0496903 0.00640875 0.00657549 0.0279687 0.558085 0.154991 0.000369178 
0.140396 0.0463173 0.0614584 6.26397e-06 0.000957019 0.00170585 0.000690716 0.0944959 0.0563481 0.592924 0.00470059 
0.0158898 0.0245048 0.881951 1.45229e-05 0.00939368 0.0253294 0.00611045 0.00575941 0.0247263 0.00612016 0.000200666 
0.151358 0.00709403 0.0694726 5.45961e-06 0.00933739 0.00857974 0.00112448 0.00263911 0.736421 0.0139609 7.3193e-06 
0.0624417 0.129225 0.0709238 1.06352e-05 0.00650499 0.00061756 0.00784834 0.0712057 0.610818 0.0403337 7.09167e-05 
0.0468337 0.0473445 0.109142 3.2719e-05 0.139545 0.0257697 0.00499152 0.42007 0.185694 0.0182554 0.00232192 
0.332431 0.0461578 0.0662672 2.25862e-05 0.04123 0.022178 0.0104216 0.046684 0.402872 0.0314711 0.000264028 
0.27175 0.0208942 0.110726 1.96314e-08 0.0615944 5.40371e-08 4.01751e-08 0.162947 0.351727 0.0199847 0.000376604 
0.0828818 0.0901775 0.195449 3.24591e-05 0.011814 0.00305135 0.0149714 0.011754 0.328304 0.059502 0.202062 
0.0850933 0.257266 0.0661793 0.00176175 0.0315053 0.0326968 0.00369786 0.374708 0.113801 0.012194 0.021097 
0.0774131 0.0613995 0.0608016 0.000200168 0.00726363 0.00203314 0.00308416 0.0122762 0.308954 0.466027 0.000547561 
0.173153 0.0571278 0.0205796 8.05886e-05 0.00283563 0.000631108 0.0131035 0.538771 0.143626 0.0486247 0.00146765 
0.111599 0.597525 0.0081054 3.03145e-10 0.00665509 0.00155193 3.60328e-07 0.0547371 0.206226 0.0136002 2.03527e-07 
0.00370337 8.69159e-05 0.295342 1.46621e-07 0.00012676 0.595677 0.0016221 0.0341581 0.0687032 0.000580823 3.9934e-07 
0.0128342 0.00257127 0.468442 8.64033e-08 0.00567947 0.253786 0.0193257 0.0544931 0.0896464 0.092745 0.000477224 
0.0997539 0.00846116 0.72706 1.3526e-08 0.00128673 0.0133973 0.0132179 0.00338163 0.104013 0.0294277 8.51067e-07 
0.0316599 0.0111417 0.0879729 1.5746e-08 0.00189621 2.00498e-06 5.09787e-07 0.271903 0.547517 0.0479066 5.84063e-07 
0.127472 0.0937896 0.0438572 1.65519e-06 0.0394078 0.000638121 0.00924646 0.0452822 0.629084 0.011215 6.01974e-06 
0.483411 0.0140096 0.0305417 4.5212e-09 0.00293351 4.97339e-05 0.000370218 0.00301795 0.295704 0.169943 1.88287e-05 
0.116662 0.050549 0.10754 0.000177469 0.0101165 0.0306973 0.101482 0.126811 0.350587 0.104518 0.000860242 
0.0461785 0.0379709 0.782831 4.12309e-05 0.0105618 0.0203457 0.0109098 0.0176929 0.0578746 0.0152929 0.000301128 
0.00248353 0.922287 0.00380312 3.9329e-07 0.0255211 0.000171818 0.000381305 0.0214921 0.0211183 0.00269214 4.92422e-05 
0.0207754 0.0695424 0.037513 2.34673e-07 0.0432498 6.98302e-05 7.87428e-07 0.60232 0.215423 0.0110699 3.59648e-05 
0.240281 0.0350472 0.138959 0.000611359 0.0206607 0.00368739 0.00989731 0.0292188 0.481483 0.038837 0.00131788 
0.0529382 0.0210632 0.0580162 4.85289e-06 0.000163751 9.37451e-05 0.0162019 0.0836684 0.735922 0.0318213 0.000106926 
0.355405 0.0238155 0.135236 1.93226e-05 0.000221195 0.0491502 0.0543929 0.130171 0.236552 0.0148014 0.000234513 
0.00585707 0.0099389 0.477493 8.99902e-08 0.000914469 0.235662 0.0663146 0.00384793 0.177233 0.0036373 0.0191016 
0.0084907 0.0264092 0.925208 6.85163e-11 2.45694e-05 0.00424142 0.000190443 0.00502596 0.0281578 0.00213112 0.000120657 
0.313152 0.000783333 0.00155688 2.52206e-09 0.000716783 0.000338955 3.31269e-05 0.000657021 0.304768 0.377992 1.16776e-06 
0.344789 0.186472 0.089372 1.32118e-05 0.00202439 0.00356392 0.00348481 0.00212703 0.32681 0.04073 0.000613412 
0.107703 0.0897438 0.0110126 5.34618e-05 0.000357827 0.000478269 6.26018e-05 0.0121434 0.441709 0.336447 0.000289871 
0.0637929 0.00646075 0.467023 1.48302e-07 0.00186513 0.0670385 0.285638 0.00355156 0.0544762 0.0040387 0.0461156 
0.333591 0.000845842 0.188391 5.48637e-09 9.57041e-05 0.0120857 1.91412e-06 0.0560749 0.374278 0.0346364 8.30203e-09 
0.141675 0.0405 0.0620876 0.00103125 0.0184188 0.00215787 0.0241609 0.011596 0.120204 0.576275 0.00189326 
0.324146 0.00748573 0.0292593 2.24989e-07 0.00366078 0.0212296 0.000530718 0.352278 0.206808 0.0543035 0.000298478 
4.59684e-06 0.0702657 0.66529 9.3705e-10 0.0791313 0.00760571 0.0292131 0.0346616 0.00529532 0.108533 2.55218e-09 
0.343607 0.0135916 0.0672613 2.01282e-05 0.00301956 0.0047906 0.0107015 0.0186365 0.495886 0.0424386 4.72219e-05 
0.0215328 0.000267678 0.411182 2.21608e-07 0.4556 0.000253909 0.018092 0.0262179 0.00523965 0.00260462 0.0590092 
0.297048 0.0273858 0.160436 2.54174e-06 0.00299442 0.0160084 0.000958561 0.00443241 0.488035 0.00269693 2.56677e-06 
0.003649 0.00275938 0.688405 1.38981e-10 0.00157859 0.0220186 0.000754235 0.0176251 0.257148 0.00606226 2.41107e-08 
0.0637452 0.0473658 0.381022 1.6135e-06 0.00624702 0.0470153 0.0239762 0.0200965 0.254955 0.155573 1.82863e-06 
0.0514732 0.104373 0.317519 0.000169535 0.012274 0.00218802 0.0328185 0.173617 0.166709 0.138503 0.000356571 
0.109545 0.111749 0.0245245 0.000215132 0.00989225 0.00247909 0.0157393 0.0322996 0.48434 0.208668 0.000549057 
0.0525624 0.0470954 0.208011 6.75898e-06 0.0299708 0.0208032 0.034361 0.129838 0.310713 0.166367 0.00027195 
0.0435493 0.00938092 0.379747 0.000595794 0.0270704 0.0314012 0.00209182 0.324627 0.0679209 0.0995259 0.0140894 
0.0657858 0.0133645 0.0298144 2.59005e-05 0.00123619 0.00236466 0.313766 0.0164191 0.523866 0.0333186 3.95283e-05 
0.0784844 0.23219 0.105136 3.83227e-05 0.0259857 0.0126105 0.00649433 0.0243609 0.487731 0.0267186 0.000249634 
0.0753702 0.0745178 0.623079 0.000324657 0.00746512 0.0183002 0.0439064 0.0106167 0.0824887 0.0147919 0.0491398 
0.0153861 0.00509765 0.0353741 3.50656e-06 0.000354422 0.130678 0.0387343 0.619602 0.140306 0.0110666 0.00339683 
0.284319 0.000526967 0.0495863 3.49234e-09 0.000151277 0.0746415 0.0449291 0.00439193 0.534376 0.00707751 4.32712e-07 
0.566048 0.0153125 0.0330787 3.36665e-08 7.96141e-05 1.28223e-07 0.00847988 0.00672705 0.333996 0.0361766 0.000101992 
0.0409936 0.00267892 0.077231 7.27643e-05 0.00102912 0.00384081 0.000875277 0.645578 0.194981 0.0326346 8.51934e-05 
0.103243 0.0202431 0.584633 0.00106509 0.0159616 0.0149973 0.0794689 0.120744 0.0482722 0.0076953 0.00367575 
0.746852 0.00114605 0.0428835 1.88784e-05 0.00613329 0.00423355 0.0307314 0.012346 0.149694 0.00576261 0.000199132 
0.0531813 0.130112 0.439611 1.66464e-05 0.0177764 0.00125206 0.000179392 0.151874 0.102861 0.102257 0.00087929 
0.13688 0.0523583 0.111497 0.000645754 0.0165924 0.0092264 0.0248799 0.0609026 0.364932 0.21696 0.00512659 
0.072405 0.0627692 0.0930474 0.000329185 0.0116967 0.000697483 0.022058 0.44412 0.224343 0.047607 0.0209264 
0.1941 0.0235643 0.0610796 1.07837e-05 0.0221445 0.00513632 0.00323366 0.0584168 0.604844 0.0272761 0.000193651 
0.170743 0.0483787 0.144197 7.58718e-06 0.381967 0.00916997 0.000707217 0.00718017 0.0321079 0.205509 3.22928e-05 
0.25229 0.087754 0.0411551 0.000160722 0.00566825 0.00126017 0.0169729 0.207328 0.287244 0.0972411 0.00292629 
0.0432012 0.246669 0.148099 7.79069e-05 0.110305 0.000960503 0.00701821 0.138802 0.280174 0.0242698 0.000423609 
0.302641 0.00990336 0.346382 0.000283799 0.0148201 0.0364677 0.00486613 0.0348733 0.142972 0.100385 0.00640565 
0.503309 0.00942073 0.0190982 1.03293e-05 0.000601866 0.00641043 0.000779883 0.0248331 0.387496 0.0479652 7.54874e-05 
0.525442 0.0141881 0.025639 5.1635e-07 0.00017667 0.00105936 0.00158888 0.0122593 0.3457 0.0739402 5.84123e-06 
0.075584 0.00374817 0.69272 1.24414e-05 0.00533643 0.0690345 0.0885442 0.00347562 0.0291751 0.0323149 5.46206e-05 
0.29679 0.0508364 0.0386487 0.000698193 0.242179 0.00419754 0.0173381 0.0305939 0.298017 0.0173727 0.00332867 
0.29998 0.0707616 0.00298163 1.39757e-08 0.0307131 0.000148338 0.000559773 0.000597271 0.0549069 0.539351 2.26928e-08 
0.0769856 0.00904565 0.0384939 2.16892e-05 0.105449 0.00049918 0.0107152 0.0480391 0.49518 0.213549 0.00202144 
0.0144027 0.157966 0.0343277 0.000123488 0.000701062 0.00111716 0.00914867 0.760604 0.00154781 0.0183223 0.00173906 
0.478844 0.000878945 0.110257 7.70819e-08 7.70851e-08 0.00658951 0.0257478 0.0160958 0.336362 0.0251857 3.85991e-05 
0.629591 0.027653 0.0657681 4.20431e-05 0.0143954 0.00266555 0.00245766 0.105877 0.0913848 0.0600682 9.69052e-05 
0.682282 0.0215863 0.0623821 0.000330481 0.010619 0.000852265 0.0495631 0.00499674 0.132512 0.0334058 0.00147089 
0.0423675 0.110917 0.0056859 4.74557e-07 0.00800387 1.27309e-05 0.00735959 0.00150616 0.814326 0.00980889 1.17401e-05 
0.0246533 0.0243781 0.123096 9.46573e-05 0.0103041 0.00425864 0.0333182 0.613191 0.0815336 0.0349891 0.050183 
0.166328 0.00430712 0.120184 7.23693e-05 0.0679791 0.214112 0.000263983 0.0302191 0.235748 0.160624 0.000161707 
0.196683 0.00165226 0.007332 1.19602e-05 0.000344444 0.000467878 0.000209503 0.0426324 0.736436 0.0142125 1.86482e-05 
0.00253589 0.000889371 0.685247 2.04114e-07 0.00345813 2.56696e-05 0.0215673 0.0893529 0.196418 0.000500678 4.54416e-06 
0.0328571 0.00437693 0.797748 4.31437e-07 0.00529789 0.0761369 0.0241857 0.000278856 0.0587011 0.000415468 1.33378e-06 
0.0108779 0.0264722 0.000318851 3.20926e-09 0.0108695 0.000162844 0.000303186 0.000990482 0.493445 0.45656 3.62875e-09 
0.18827 0.00321102 0.0107663 2.53462e-12 0.00651626 1.09733e-07 0.000164653 4.05631e-05 0.78876 0.00227108 4.55323e-08 
0.0548484 0.0930124 0.029813 1.28598e-06 0.000503621 0.00953488 0.00394172 0.00259685 0.788573 0.0171679 6.62838e-06 
0.0049456 0.0534423 0.0277986 2.44547e-06 0.00191326 0.026761 7.33551e-06 0.0909357 0.791181 2.10231e-05 0.00299218 
0.0850116 0.0280462 0.466404 7.38167e-05 0.0135795 0.00208177 0.00350357 0.0445221 0.252585 0.104086 0.000105825 
0.378352 0.0767657 0.234117 4.62423e-06 0.00376471 0.00400987 0.000967278 0.154638 0.0866152 0.0606597 0.000104907 
0.596737 0.0625941 0.137407 7.65744e-07 0.0460451 0.00660825 0.00602892 0.0229939 0.0962063 0.0253688 9.32067e-06 
0.185172 0.174847 0.0041998 1.42474e-06 0.0156187 4.05691e-05 7.25945e-05 0.117688 0.408084 0.0942506 2.51156e-05 
0.127557 0.0371855 0.0897884 2.99895e-05 0.0287726 0.00904455 0.0266686 0.0911361 0.584647 0.00513205 3.81635e-05 
0.0921029 0.0625575 0.0789336 5.10026e-06 0.00311708 0.353822 0.0313473 0.00292752 0.368195 0.00686459 0.000126668 
0.0330494 0.00791942 0.23997 4.4926e-08 0.00110857 0.079482 0.00432455 0.245202 0.381182 0.00776201 4.13876e-07 
0.0414082 0.333091 0.0116484 0.000118197 0.00469397 0.000924198 0.00729375 0.0609044 0.440526 0.0981955 0.00119558 
0.043944 0.0148784 0.13978 7.64168e-06 0.00494748 0.00100159 0.0116373 0.578585 0.204398 0.000807731 1.34626e-05 
0.188767 0.0366847 0.140457 0.000472185 0.0176648 0.00219339 0.0610312 0.11647 0.323923 0.111108 0.00122803 
0.209223 0.0785857 0.178305 0.000970379 0.00633427 0.00661227 0.0493617 0.0868395 0.308177 0.0744045 0.0011872 
0.493009 0.00793155 0.142719 3.48503e-05 0.0262538 0.000346546 0.0541003 0.000780905 0.0672908 0.2059 0.0016326 
0.268072 0.0258156 0.0297342 3.93629e-06 0.000785594 0.00104437 0.0023595 0.0440599 0.588442 0.0395594 0.000123367 
0.456465 0.0799432 0.0388351 0.00118456 0.010051 0.00133774 0.00851555 0.00470594 0.33859 0.0587687 0.00160294 
0.0880902 0.068559 0.0325615 4.92834e-05 0.538351 0.00142032 0.0019512 0.00080536 0.178984 0.0877038 0.00152389 
0.476933 0.0528108 0.0026921 1.47268e-07 0.0275879 4.93648e-07 0.000683562 0.00298342 0.332929 0.0457268 0.0576536 
0.541577 0.00212176 0.0490335 3.71258e-06 0.0721512 0.000258236 0.0073061 0.00505535 0.192571 0.12991 1.22727e-05 
0.117301 0.321208 0.113381 0.000715533 0.00168966 0.0132744 0.0218679 0.0924274 0.25339 0.063688 0.00105726 
0.0661498 0.0397772 0.0172749 9.6179e-12 0.0345655 0.000941242 0.000142733 0.000671117 0.797256 0.0432204 1.62009e-06 
0.741402 0.00688618 0.00955928 7.38251e-09 0.0811955 0.00568301 0.00502586 0.000636563 0.133469 0.0161421 2.32887e-07 
0.00219224 0.119179 1.19459e-06 1.94842e-07 7.15966e-07 6.54014e-07 4.46341e-06 6.34678e-07 0.846513 0.0321071 7.65222e-07 
0.0124266 0.107502 0.0391023 9.83266e-10 0.00506806 3.02686e-06 0.000753199 0.704995 0.0398776 0.0860631 0.0042095 
0.0249909 0.0333289 0.0695835 3.49229e-05 0.00263755 0.00609104 0.785633 0.00114427 0.0648805 0.0116135 6.20778e-05 
0.466986 0.020595 0.190336 3.85484e-05 0.0290048 0.00229339 0.00409984 0.0905987 0.154715 0.0304265 0.0109063 
0.513043 0.00359793 0.102074 1.91803e-08 0.00757148 4.01596e-05 0.0281576 0.00075747 0.338326 0.00643001 2.65796e-06 
0.417985 0.00152274 0.0243918 2.61884e-08 7.68391e-07 0.22762 0.0542899 0.00729393 0.258128 0.00872433 4.30112e-05 
0.00516134 0.0255059 0.0330014 0.0014369 0.00235796 0.00310904 0.0014743 0.249841 0.00447081 0.436146 0.237496 
0.0145396 0.210683 0.339734 0.00038053 0.0309824 0.120578 0.0193204 0.056994 0.200252 0.00477644 0.00175971 
0.0669365 0.551272 0.0271867 3.17187e-05 0.0792563 0.00154391 0.00175153 0.0368376 0.119973 0.115131 7.99617e-05 
0.408735 0.0717366 0.0265886 0.000138175 0.128357 0.0604887 0.000212461 0.073265 0.216057 0.0128292 0.00159318 
0.200457 0.0408002 0.227026 7.83775e-06 0.000159505 0.00938107 0.0411105 0.0104174 0.419333 0.0512973 1.08316e-05 
0.443585 0.0122216 0.0374114 1.77782e-05 0.000765338 0.0152312 0.00467933 0.0332782 0.391689 0.0610194 0.000102335 
0.0716808 0.0121611 0.0956938 0.00031408 0.0143835 0.0501255 0.000763835 0.416012 0.220741 0.112695 0.00542946 
0.775368 8.42441e-08 6.29751e-07 3.91459e-12 3.20319e-07 1.89656e-07 1.03083e-07 0.000943467 0.203944 0.0197436 1.06619e-11 
0.000878037 3.77979e-07 0.333701 1.86981e-11 2.76011e-07 5.95658e-06 2.26871e-05 0.66539 1.40301e-06 1.21908e-07 3.07423e-08 
0.0707609 0.0149572 0.0204997 8.06479e-06 0.00219155 0.00832972 0.00816545 0.0536453 0.746973 0.0744606 8.21514e-06 
0.0162473 3.7827e-05 0.202024 5.35603e-07 7.72109e-05 0.00279993 2.23698e-05 0.176675 0.601268 0.000797297 5.08257e-05 
0.0672889 0.0734974 0.321369 7.41686e-06 0.183869 0.0109294 0.126884 0.0299787 0.0351345 0.151019 2.18082e-05 
0.0820283 0.133757 0.0684645 5.93338e-05 0.00425265 0.00631022 0.0156323 0.0157701 0.653961 0.0186064 0.00115772 
0.0976005 0.18911 0.0665223 0.000847689 0.0151554 0.0257485 0.0172388 0.344666 0.172658 0.0153249 0.0551272 
0.845464 0.000737779 0.0326315 1.73536e-05 0.00311325 0.00311784 0.0293631 0.00711106 0.0573261 0.0210691 4.8797e-05 
0.0865226 0.0388995 0.0285753 0.00189376 0.00656741 0.00235139 0.0450001 0.115998 0.165907 0.21244 0.295846 
0.0753896 0.106475 0.0711935 2.76363e-07 0.00297192 0.0122108 4.78093e-06 0.394773 0.327397 0.00958318 4.77915e-07 
0.0767438 0.00985536 0.0380668 1.09814e-05 0.0309628 0.0013064 9.09758e-05 0.807937 0.0348766 2.11126e-05 0.000127944 
0.386491 0.0206008 0.137626 6.826e-05 0.00847444 0.0379006 0.0468456 0.00249497 0.244142 0.115277 7.92934e-05 
0.372207 0.0522021 0.16391 4.96275e-05 0.014117 0.00180707 0.000744209 0.0402248 0.136793 0.217795 0.000150959 
0.056021 0.203069 0.0595426 5.49957e-08 0.481604 7.07015e-06 4.47475e-06 4.62885e-05 9.29087e-05 0.199609 3.48393e-06 
0.0661734 0.0212184 0.315069 0.000685055 0.00714783 0.310839 0.0184837 0.0487522 0.0727792 0.0815443 0.057308 
0.270536 0.0462404 0.052193 0.000513408 0.0103544 0.0105715 0.00898849 0.0283513 0.419947 0.123818 0.0284871 
0.227411 0.0648195 0.0618587 0.000794878 0.022077 0.0128414 0.0142084 0.0801114 0.435782 0.0717372 0.00835919 
0.140023 0.0271858 0.371398 3.36871e-08 0.0384504 0.0156528 0.0147051 0.0228605 0.36194 0.00777081 1.47332e-05 
0.0725376 0.0509079 0.531531 0.000666004 0.00853746 0.00372789 0.0215872 0.197935 0.0227382 0.0412489 0.0485831 
0.055017 0.0414878 0.0502168 1.64124e-06 0.0350149 0.0114181 0.00769653 0.000979604 0.775254 0.0228599 5.35075e-05 
0.116524 0.00287921 0.457189 0.000173088 0.00239345 0.00387513 0.0156079 0.0187805 0.192582 0.159163 0.0308334 
0.0493995 0.323691 0.0930915 2.60188e-05 0.00374344 0.00778503 0.137809 0.0303001 0.283801 0.0701941 0.00015831 
0.124579 0.0281597 0.00693493 5.49779e-08 0.00600638 8.64775e-08 0.000115012 0.770981 0.00665815 0.0562486 0.000317839 
0.132838 0.066882 0.056964 8.1113e-05 0.00261663 0.00845922 0.0046588 0.0749316 0.289499 0.361535 0.00153445 
0.00976297 4.45985e-06 0.822295 1.47446e-09 0.0191252 0.0187433 1.38941e-06 0.0693285 0.0211945 0.0395449 4.01589e-09 
0.0844174 0.153686 0.014338 4.41915e-06 0.00370212 0.0112208 5.04541e-05 0.0353025 0.514844 0.178923 0.00351114 
0.135951 0.0250795 0.0486676 7.2092e-06 0.0060848 0.00567712 0.0130876 0.0681595 0.67661 0.0206502 2.53307e-05 
0.0769935 0.0222391 0.12605 0.000248542 0.000617952 0.00365824 0.00664102 0.374012 0.244275 0.144673 0.000590665 
0.271646 0.000519928 0.00614949 3.04769e-12 0.0918461 2.74706e-08 2.12538e-08 0.00105972 0.469378 0.1594 4.02013e-10 
0.171725 0.0141501 0.547734 5.19259e-11 0.00272589 3.4086e-07 1.20676e-07 0.0767099 0.164559 0.0223952 5.22621e-07 
0.197796 0.0421502 0.46534 4.01008e-06 0.0281065 0.00182189 0.0248758 0.0287452 0.107941 0.103184 3.51483e-05 
0.169238 0.312213 0.105994 9.10079e-06 0.00610045 0.00338595 0.0205638 0.0932856 0.266102 0.023091 1.82146e-05 
0.0761361 0.0268583 0.00363286 1.68439e-05 0.108926 0.000614114 2.90405e-05 0.549644 0.06812 0.15363 0.0123925 
0.00328851 0.00913078 0.0266487 1.70962e-06 3.59321e-05 5.1976e-05 0.00426799 0.942895 0.00736615 0.00626277 5.01936e-05 
0.0618367 0.00415334 0.568453 1.51649e-10 3.30211e-05 0.299339 4.07651e-05 0.00239596 0.0429451 0.0208019 1.38701e-06 
0.0966567 0.126837 0.0492309 0.000345527 0.453721 0.000606812 0.000598377 0.0153541 0.200173 0.050793 0.0056835 
0.485248 0.0603769 0.0659083 0.000171158 0.00152344 0.000196377 0.00234466 0.123967 0.177871 0.081643 0.000750762 
0.0854876 0.00874402 0.356969 3.58398e-06 0.0270508 0.0386656 0.00590511 0.0614889 0.154925 0.260685 7.55536e-05 
0.0119927 0.112139 0.0560244 2.96713e-09 0.505822 0.00977962 0.0037743 0.0881285 0.137088 0.0752519 8.07428e-08 
0.0445724 0.000513261 0.53615 6.31919e-08 0.00145817 0.000173241 2.13256e-05 0.0434024 0.25968 0.0607258 0.0533036 
0.0650041 0.01177 0.0253853 2.90143e-05 0.0064778 0.0018318 0.00281152 0.0216513 0.259431 0.604338 0.00127032 
0.124539 0.0292232 0.240662 4.32839e-05 0.0051525 0.00444989 0.00413319 0.208421 0.299805 0.07666 0.00691113 
0.00132989 0.00359573 0.0826721 6.9832e-09 1.53425e-05 0.000457953 0.891612 0.000521712 0.00796201 0.00330491 0.00852797 
0.0907352 0.0147524 0.0168828 8.0967e-05 0.0131001 0.00123157 0.0003781 0.122184 0.178009 0.562538 0.000108006 
0.19928 0.0182717 0.0163597 4.93223e-09 0.0351045 0.00281217 0.00102248 0.00351642 0.713736 0.00472795 0.00516924 
0.134645 0.22563 0.105102 0.000306386 0.00926394 0.00185861 0.0473964 0.355711 0.10213 0.0167922 0.00116492 
0.0151891 0.00621666 0.170735 5.66077e-07 0.00930111 0.715783 0.000845249 0.0370632 0.0429257 0.00189376 4.671e-05 
0.0713384 0.396817 0.0751028 0.000306119 0.0330006 0.0133078 0.0132842 0.0219911 0.288353 0.0183501 0.0681495 
4.90603e-05 0.0858372 0.0013203 1.11618e-08 0.00513465 0.0407026 2.84198e-06 0.845372 0.0214001 0.000180838 3.04006e-08 
0.073039 0.224468 0.0302815 4.87103e-05 0.0158051 0.00302632 0.050794 0.00428979 0.465047 0.133107 9.34122e-05 
0.0341626 0.0813164 0.171882 0.000176445 0.00613425 0.0231894 0.00756771 0.324182 0.230394 0.120786 0.000208901 
0.0327652 0.260259 0.123143 9.42398e-05 0.391751 0.000605022 0.0894892 0.0174617 0.0509978 0.0333032 0.00013017 
0.0668251 0.00275408 0.162757 1.26205e-05 0.014347 0.00731732 0.705182 0.00215849 0.030961 0.00766103 2.49873e-05 
0.0140791 0.0215449 0.0285263 0.000395142 0.00166657 0.000539051 0.00397564 0.793848 0.0424291 0.00861535 0.0843812 
0.0357971 0.0397571 0.516243 4.99893e-08 0.00297721 0.00246661 0.188714 0.0413123 0.0686278 0.00170034 0.102405 
0.00615587 0.186164 0.130328 1.01009e-05 0.0106722 0.0299431 0.00246831 0.480838 0.150338 0.00307093 1.20483e-05 
0.327275 0.0359243 0.00681609 2.93294e-08 0.00920135 0.000925886 0.0017166 0.181593 0.349498 0.0870125 3.63471e-05 
0.0042627 0.0141061 0.144115 8.86709e-07 0.317382 0.0253077 0.000139264 0.432201 0.000807829 0.061639 3.82731e-05 
0.360021 5.68946e-08 0.367426 6.46035e-09 1.94574e-08 0.00199558 0.00840668 0.0185351 0.223832 0.0197837 1.53003e-07 
0.0182969 0.123925 0.109516 1.49754e-05 0.0028169 0.00408711 0.0831374 0.0429268 0.574653 0.0402052 0.000421722 
0.265938 0.0102852 0.0414905 1.64882e-05 0.0396037 0.000805034 0.00925792 0.00194304 0.203338 0.42729 3.2413e-05 
0.0795447 0.00518158 0.244334 2.94239e-05 0.00319924 0.0294986 0.0115647 0.277224 0.32233 0.0237262 0.00336715 
0.0729949 0.0406561 0.0173491 2.51692e-05 0.0100083 0.00252495 0.00849276 0.0366289 0.657875 0.153361 8.3901e-05 
0.00532916 0.650939 0.00232323 3.62179e-07 0.231502 2.14004e-06 0.000241188 0.000204729 0.0804487 0.0276798 0.00132944 
0.775368 8.42441e-08 6.29751e-07 3.91459e-12 3.20319e-07 1.89656e-07 1.03083e-07 0.000943467 0.203944 0.0197436 1.06619e-11 
0.0566881 0.153062 0.152284 0.000203309 0.00174096 0.00292632 0.0159075 0.227626 0.257907 0.124046 0.00760733 
0.503309 0.00942073 0.0190982 1.03293e-05 0.000601866 0.00641043 0.000779883 0.0248331 0.387496 0.0479652 7.54874e-05 
0.0623636 0.0527947 0.0346693 6.56705e-06 0.0221595 0.00522003 0.0499923 0.0267906 0.225409 0.520568 2.6978e-05 
0.0319668 0.0610149 0.0805587 5.36982e-05 0.000755825 0.000456628 0.0818871 0.0695541 0.189417 0.484189 0.000145764 
0.48964 0.0105641 0.031099 0.000164458 0.0324103 0.00451979 0.0133925 0.0369449 0.185879 0.179711 0.0156747 
0.482192 0.00565063 0.0216394 1.29042e-05 0.000568369 0.00686904 0.000974829 0.0258846 0.401833 0.0542805 9.4335e-05 
0.00533398 0.536458 0.0232479 3.20625e-07 0.0365831 0.00219961 9.74223e-05 0.016205 0.377684 0.0021898 5.856e-07 
0.059155 0.0164508 0.161758 0.000540414 0.0115232 0.0189213 0.053336 0.504691 0.116406 0.0542967 0.0029213 
0.0229148 0.0436672 0.0197306 7.64889e-05 0.00988391 0.0014433 0.0107463 0.0104875 0.809678 0.0712951 7.67267e-05 
0.0562518 0.12743 0.112995 3.06657e-08 0.0246081 0.179101 0.0735367 0.269978 0.0902964 0.0657924 1.02745e-05 
0.0821074 0.00802449 0.40614 5.01552e-09 0.0103909 0.00218669 0.0899836 0.0028762 0.386557 0.0112945 0.000439342 
0.0574826 0.0189378 0.0566804 3.33914e-07 0.0324278 0.00406161 0.234913 0.00431332 0.526132 0.0650478 3.28782e-06 
0.123252 0.0136285 0.627858 0.00130021 0.00493485 0.0126509 0.0916203 0.0158585 0.0605814 0.0448266 0.00348893 
0.854754 0.000684371 0.0304944 1.52395e-05 0.00168827 0.00137749 0.0225528 0.00181663 0.0599526 0.0266226 4.10755e-05 
0.145097 0.311896 0.0116683 6.954e-05 0.0632455 0.000977654 0.000850762 0.00455488 0.42914 0.0323818 0.000118522 
0.0381359 0.0100744 0.18989 0.000802561 0.00234327 0.00359157 0.629001 0.0280487 0.0803268 0.0158642 0.0019223 
0.344389 0.040835 0.0218665 7.99404e-05 0.00233485 0.00533221 0.00380042 0.0994777 0.215975 0.265288 0.000621796 
0.185838 0.0336618 0.0704609 0.00248546 0.0172985 0.0126001 0.00915757 0.023863 0.48456 0.156651 0.00342414 
0.0351147 0.0921293 0.318021 1.22903e-05 0.00884759 0.0056883 0.0547228 0.066764 0.385311 0.0330476 0.000341531 
0.0713631 0.117727 0.0217447 0.000461025 0.00635376 0.115158 0.00360843 0.0179787 0.602349 0.0280893 0.0151667 
0.371915 0.0257207 0.0198439 7.71831e-05 0.00395382 0.000126252 0.0343102 0.0158888 0.111195 0.41658 0.000388624 
0.176934 0.0157659 0.0343039 0.000162739 0.00790882 0.00104757 0.0261356 0.0683443 0.117078 0.551136 0.00118391 
0.0137663 0.00508442 0.0217287 5.2327e-06 0.00291521 0.000196188 0.00183073 0.00100167 0.387857 0.565606 7.96587e-06 
0.0922794 0.0683483 0.133118 5.38315e-05 0.00360921 0.0238034 0.00572199 0.0276384 0.564504 0.0806946 0.000228705 
0.0184905 0.0756637 0.137257 1.94429e-06 0.00474144 0.00151566 0.00833176 0.542659 0.123052 0.0882592 2.71311e-05 
0.513927 0.0979194 0.10262 0.000278184 0.00339073 0.0108384 0.0395087 0.0322273 0.168846 0.029982 0.000462885 
0.153611 0.0300214 0.189738 4.1838e-05 0.0568841 0.0161772 0.00277689 0.0144949 0.491095 0.0449757 0.000184561 
0.0204774 0.369911 0.0256965 4.85493e-05 0.00366262 0.000565564 0.0271172 0.00278835 0.426065 0.122816 0.000850746 
0.103565 0.00999935 0.0565554 2.64197e-08 0.00274791 0.00385873 0.0131527 0.00656851 0.792058 0.0114923 1.37189e-06 
0.5556 0.0276221 0.00635312 0.00014161 0.00504927 0.000161427 0.00280606 0.0107522 0.0916294 0.299548 0.000337138 
0.114228 0.0671119 0.0161971 3.59332e-05 0.0696085 0.000989979 0.000249228 0.00373072 0.678594 0.0491302 0.000124417 
0.214008 0.0572081 0.218129 0.000286772 0.417455 0.0104177 0.0312939 0.030128 0.00568758 0.00767375 0.00771229 
0.51112 0.00544883 0.0769638 2.55749e-05 0.0205424 0.00044531 0.0412256 0.00510491 0.0605422 0.278504 7.74728e-05 
0.196411 0.179188 0.159826 7.90766e-06 0.279973 0.031076 0.0137837 0.016945 0.10085 0.021912 2.63291e-05 
0.5977 0.0220254 0.0738171 6.57202e-05 0.0346809 0.00215099 0.00243987 0.125504 0.121754 0.018995 0.000867036 
0.513043 0.00359793 0.102074 1.91803e-08 0.00757148 4.01596e-05 0.0281576 0.00075747 0.338326 0.00643001 2.65796e-06 
0.0184908 0.0247187 4.94468e-05 5.7183e-11 1.12432e-05 1.00094e-07 2.90651e-05 1.91607e-05 0.918711 0.03797 1.55745e-10 
0.000287772 0.997849 5.78433e-05 6.38105e-06 3.3688e-05 2.9457e-05 2.42501e-05 0.000110703 0.000936539 0.000646795 1.73796e-05 
0.372312 0.116397 0.0163488 5.50553e-08 0.016579 0.0105806 6.55475e-05 3.68066e-07 0.313778 0.15371 0.000229686 
0.000878037 3.77979e-07 0.333701 1.86981e-11 2.76011e-07 5.95658e-06 2.26871e-05 0.66539 1.40301e-06 1.21908e-07 3.07423e-08 
0.0996934 0.0718441 0.0576798 4.40972e-06 0.00452414 0.0174748 0.000446245 0.00857612 0.683761 0.0559486 4.75379e-05 
0.295211 0.0480004 0.0953929 8.63494e-05 0.00536622 0.0265521 0.0038193 0.00532468 0.50038 0.0196034 0.000263097 
0.0232582 0.199079 0.0195834 3.40483e-06 0.0132683 0.00295452 0.00677324 2.11276e-05 0.711756 0.000920069 0.0223827 
0.00604624 0.0329312 0.150831 3.23454e-05 0.210224 0.00472419 0.0340075 0.377011 0.175005 0.00838688 0.000800874 
0.0542634 0.188586 0.0622191 2.59811e-06 0.0109016 0.0620722 0.000605541 0.0542549 0.547574 0.0195065 1.50348e-05 
0.0635494 0.230229 0.146163 9.39762e-05 0.00432735 0.0165399 0.00576873 0.174588 0.320842 0.021484 0.0164143 
0.231175 0.188711 0.199667 0.00121003 0.00326006 0.0547936 0.0364151 0.00676141 0.207819 0.0421051 0.0280819 
0.430979 0.0429183 0.0992819 5.41594e-05 0.0292548 0.0300217 0.00611664 0.118419 0.130012 0.112749 0.000193032 
0.321306 0.0326971 0.0772119 0.000194184 0.02376 0.00685425 0.0173304 0.0132548 0.442431 0.0647185 0.000242123 
0.154868 0.0344066 0.0492184 1.11249e-05 0.0111043 0.00763828 0.0227007 0.0118029 0.627486 0.0804668 0.000297189 
0.0427537 0.0180162 0.118262 0.000679099 0.00190919 0.00070474 0.0269692 0.692965 0.0856726 0.00653719 0.00553211 
0.0437067 0.316027 0.0335168 2.8457e-06 0.0720519 0.250012 1.34099e-05 0.0427694 0.229473 0.00998972 0.00243656 
0.591792 0.0364489 0.0557411 0.000230151 0.00892609 0.0172378 0.0047937 0.139897 0.0580422 0.0865885 0.000302443 
0.151078 0.102876 0.0856438 4.81005e-05 0.108442 0.00606422 0.0383319 0.127827 0.283867 0.0955597 0.000262057 
0.513043 0.00359793 0.102074 1.91803e-08 0.00757148 4.01596e-05 0.0281576 0.00075747 0.338326 0.00643001 2.65796e-06 
0.194084 0.0978253 0.0404162 1.27072e-05 0.0965552 0.021878 0.0717624 0.440532 0.0250649 0.00123422 0.0106349 
0.0522147 3.72792e-07 9.77307e-07 4.4299e-11 2.12781e-06 1.24735e-06 1.29977e-07 0.939593 0.0080969 9.06667e-05 2.89691e-07 
0.0294466 0.0477814 0.458249 0.000536424 0.0108581 0.307587 0.00311612 0.0384504 0.0427617 0.0597017 0.00151104 
0.0115615 0.0508335 0.0187286 6.21664e-08 0.709093 0.0105204 2.36262e-07 0.0493688 0.110411 0.0394831 1.78643e-07 
0.175074 0.0155216 0.0289018 0.000177265 0.00599113 0.00366985 0.00332029 0.0137563 0.711797 0.0415515 0.000238877 
0.0203904 0.130329 0.0985256 3.09702e-05 0.0429545 0.119752 0.000119629 0.541239 0.0435379 0.00307208 4.94591e-05 
0.159867 0.066632 0.133682 1.63877e-06 0.00694942 0.018459 0.117843 0.0111095 0.481589 0.0038357 3.14121e-05 
0.325336 0.0859482 0.241526 3.33047e-05 0.0101887 0.00510149 0.0235217 0.173593 0.124169 0.00997696 0.000605918 
0.0492636 0.0179865 0.554509 4.44055e-05 0.00292145 0.133673 0.0959673 0.0526103 0.0869197 0.00593298 0.000171635 
0.105109 0.00495756 0.5702 9.9442e-08 0.10685 4.69785e-05 0.0927351 0.0274154 0.0211026 0.0715816 2.88472e-07 
0.117119 0.0200808 0.21346 4.96523e-05 0.0280406 0.0107232 0.00713818 0.093184 0.501859 0.00829517 5.05824e-05 
0.0548484 0.0930124 0.029813 1.28598e-06 0.000503621 0.00953488 0.00394172 0.00259685 0.788573 0.0171679 6.62838e-06 
0.230294 0.0100568 0.591386 2.41091e-07 0.0884399 0.00241906 0.0046978 0.00956251 0.0428005 0.0203428 6.99313e-07 
0.0419856 0.0932026 0.0182585 4.80137e-06 0.0399457 0.00371888 0.00455545 0.630328 0.139821 0.0281625 1.72367e-05 
0.0971395 0.0191151 0.00674722 1.07724e-05 0.0302421 1.80473e-05 0.000493908 0.00212704 0.534988 0.30907 4.80068e-05 
0.0148295 0.00557433 0.00683075 8.8522e-10 0.00619396 6.22536e-05 0.939067 3.12105e-05 0.0230663 0.00433449 1.05302e-05 
0.059428 0.00832996 0.171557 0.000407182 0.060009 0.00507272 0.00058869 0.399967 0.0823367 0.194156 0.0181482 
0.00144839 0.0424362 0.0434876 0.000252622 0.0500597 0.00503063 0.000500871 0.756873 0.0761506 0.0227029 0.00105781 
0.137379 0.0271485 0.0341722 3.21955e-05 0.0493409 0.00127871 0.00571757 0.00999927 0.55195 0.182941 4.13415e-05 
0.0455925 0.0323447 0.595839 0.000368202 0.0180703 0.0828953 0.0691837 0.0524461 0.0633755 0.0342726 0.00561231 
0.0340826 0.000349909 0.00759436 8.23659e-07 0.00585136 1.51277e-05 0.00270365 0.0196669 0.0218828 0.907851 1.65211e-06 
0.0869199 0.0357929 0.0807714 1.25504e-05 0.0457637 0.00178141 0.0529109 0.0518222 0.361228 0.282916 8.14684e-05 
0.000396986 1.77106e-05 0.961119 1.0407e-06 0.000130456 0.00158578 0.0284662 0.000490909 0.0030942 0.0046878 1.01146e-05 
0.377156 0.0370745 0.0959628 0.000152517 0.0206971 0.00287135 0.0229899 0.0198352 0.372439 0.0501872 0.000634583 
0.0691552 0.0176263 0.471999 8.21561e-06 0.000792803 0.00157207 0.0609645 0.0090357 0.239281 0.129522 4.24392e-05 
0.0664852 0.015377 0.0574331 2.90474e-06 0.136877 0.00957502 0.0900779 0.0834599 0.53063 0.00977042 0.000311533 
0.365179 0.0125831 0.0981084 3.67843e-05 0.0480481 0.0135775 0.026285 0.022998 0.404977 0.00781307 0.000393452 
0.217484 3.81535e-09 0.00871346 1.44802e-13 1.68762e-05 0.00222361 2.32414e-07 1.79884e-05 0.759829 0.0117151 5.13099e-10 
0.0145232 0.737216 0.00615836 1.63619e-06 0.0173402 0.00490209 5.35922e-05 0.0518884 0.138328 0.0290242 0.000564462 
0.146392 0.0722858 0.178858 0.000436816 0.00266895 0.00394243 0.162597 0.0112627 0.387548 0.0326369 0.00137168 
0.00832586 0.0552189 0.0189804 8.08382e-05 0.00400283 0.000395306 0.000544588 0.60818 0.105148 0.198545 0.000578534 
0.323734 0.070089 0.0369093 7.9276e-05 0.0110698 0.000518757 0.00144688 0.00218632 0.495819 0.0578323 0.00031576 
0.111918 0.00733875 0.241414 0.000126432 0.538175 0.00149508 0.0103501 0.00147782 0.036403 0.0511535 0.000148619 
0.117598 0.109092 0.143562 0.00011252 0.0133423 0.0169956 0.0156531 0.0279471 0.261546 0.292061 0.00209109 
0.0746531 0.0235126 0.586922 0.000820934 0.00362001 0.0139003 0.0281929 0.0710896 0.0952169 0.0949856 0.00708601 
0.0407434 0.187104 0.155134 0.000171125 0.0363203 0.00821937 0.00749104 0.108141 0.372755 0.0833848 0.000535812 
0.0129451 0.000615868 0.444088 1.91823e-07 0.00273883 0.00266626 0.511559 0.00852546 0.0151763 0.00168417 5.15347e-07 
0.0188091 0.00455691 0.425929 0.00025239 0.000422756 0.00557284 0.468196 0.0145445 0.0480908 0.00856059 0.0050643 
0.116886 0.00359815 0.0593361 2.85096e-06 0.580607 5.80636e-06 0.000396657 5.72264e-05 0.121218 0.117884 8.1798e-06 
0.315491 0.0277919 0.0957207 0.000801836 0.0215035 0.00943197 0.0170666 0.013767 0.368746 0.125761 0.00391824 
0.107639 0.00296106 0.106101 6.85995e-07 0.00248746 0.0101851 0.0228944 0.00618732 0.716661 0.024866 1.67504e-05 
0.153255 0.0424046 0.0229428 3.44433e-05 0.00888528 6.69561e-05 0.000884949 0.0534286 0.471495 0.24637 0.000232494 
0.003649 0.00275938 0.688405 1.38981e-10 0.00157859 0.0220186 0.000754235 0.0176251 0.257148 0.00606226 2.41107e-08 
0.727364 3.24245e-07 0.0660111 1.10711e-10 0.00671567 6.59962e-07 3.60992e-06 8.62657e-07 0.146232 0.0536721 3.01535e-10 
0.0222264 0.0964727 0.0646365 2.33133e-08 0.00764685 0.0644309 4.01524e-06 0.00493137 0.347164 0.0973785 0.295109 
0.0885239 0.00131923 0.31856 8.22607e-08 0.000403867 0.0417133 0.481548 0.00788753 0.0527577 0.00728323 3.63523e-06 
0.0226935 0.0136471 0.222867 2.79537e-05 0.620668 0.0059687 0.00085245 0.00230692 0.0983378 0.0125946 3.56627e-05 
0.063237 0.104261 0.0459428 2.10463e-05 0.0369224 0.0164073 0.000161098 0.112849 0.507826 0.0866025 0.0257695 
0.00298119 0.00707838 0.00374353 2.17438e-07 0.00320807 5.37201e-05 0.880473 8.88061e-05 0.100983 0.00138075 8.9576e-06 
0.560062 0.00102483 0.0109291 4.81106e-09 0.000451377 0.00085286 0.000311322 0.000115916 0.409982 0.0162705 4.5536e-07 
0.589468 0.0368011 0.0333457 1.49183e-05 0.0325421 0.0103827 0.0518586 0.133338 0.101454 0.00823108 0.00256437 
0.00348962 0.0500199 0.150429 0.000212432 0.00514239 0.451915 0.197531 0.0145824 0.00817164 0.0596786 0.0588285 
0.430979 0.0429183 0.0992819 5.41594e-05 0.0292548 0.0300217 0.00611664 0.118419 0.130012 0.112749 0.000193032 
0.432202 0.00247353 0.00544953 3.51019e-12 0.000985109 8.65985e-08 0.000187624 0.000195083 0.356945 0.201563 2.18473e-08 
0.579271 0.0235356 0.0318219 0.000607157 0.00425461 0.00157577 0.00389933 0.0733002 0.162664 0.117649 0.00142162 
0.523167 0.0434141 0.0305655 0.000115437 0.00708256 0.00230379 0.00523975 0.0096875 0.114356 0.261044 0.00302508 
0.103992 0.0148802 0.0619184 6.0538e-06 0.0940252 0.00671678 0.011057 0.00847551 0.46868 0.230225 2.35942e-05 
0.0483187 0.683508 0.000349468 4.96671e-08 0.00579898 2.51396e-06 4.30005e-06 0.000704825 0.14441 0.116902 2.85131e-07 
0.226285 0.0420689 0.00603314 0.000240733 0.012404 0.000351979 0.00201212 0.0458759 0.161227 0.503138 0.000363796 
0.205846 0.12991 0.0776475 8.94397e-05 0.154653 0.00759231 0.00119967 0.00376437 0.369231 0.0498084 0.000258058 
0.64863 0.00932088 0.0159264 1.98294e-05 0.00110553 0.000127063 2.63585e-05 0.0444606 0.241772 0.038302 0.000309044 
0.333591 0.000845842 0.188391 5.48637e-09 9.57041e-05 0.0120857 1.91412e-06 0.0560749 0.374278 0.0346364 8.30203e-09 
0.0151117 0.701362 0.0241335 0.00027502 0.00108672 0.00199883 0.009655 0.0540171 0.174752 0.0170393 0.000569079 
0.16637 0.0158969 0.018192 7.39307e-06 0.000689503 0.000168891 0.000496048 0.0503952 0.724954 0.0221745 0.000655655 
0.285606 0.0339754 0.0499317 5.12238e-05 0.0202545 0.00829175 0.00466921 0.0229686 0.389941 0.144681 0.0396296 
0.0260514 0.0389967 0.0160375 0.000703167 0.00279825 0.00634135 0.00620149 0.0924416 0.0423811 0.762803 0.00524485 
0.377114 0.0344569 0.0687592 3.48846e-05 0.00125973 0.410699 0.000458367 0.00176126 0.103284 0.00162747 0.000545017 
0.355743 2.74089e-05 0.00900965 1.37103e-08 0.000566434 0.00267437 0.000297335 0.00911662 0.0352002 0.587364 1.19386e-06 
0.0251109 0.026093 0.602489 1.00385e-05 0.00078066 0.0531122 0.0575573 0.0721247 0.157663 0.00497871 8.02568e-05 
