0.154268 0.0146185 0.0279036 9.43992e-07 6.86843e-09 9.99122e-06 5.46282e-09 0.762944 0.0196406 0.0206141 2.18104e-08 
0.0905308 0.181478 0.0123653 0.0102855 0.0102106 0.00197584 0.00105939 0.0183861 0.0699136 0.589035 0.0147593 
0.019169 0.462388 0.204962 0.00435971 0.0322167 0.0330886 1.7359e-06 0.0154029 0.219289 0.00898633 0.000136324 
0.0809844 0.382088 0.0668623 0.0141822 0.0580125 0.239334 5.1397e-05 0.0363816 0.111524 0.0105206 5.86858e-05 
0.0249768 0.386499 0.0901632 0.0759798 0.0677075 0.00011466 4.42197e-05 0.0281633 0.300993 0.0252512 0.000107334 
0.0694032 0.00098405 0.00448685 0.000112264 0.000183807 0.000270326 9.92266e-05 0.431917 0.26666 0.222481 0.00340242 
0.0019899 0.0451721 0.0630397 0.00100168 0.0111738 0.00955957 0.000705905 0.798752 0.00509606 0.039769 0.0237405 
2.46067e-05 5.98321e-05 4.46901e-05 6.26534e-06 6.27347e-05 7.31265e-06 1.37831e-09 0.851187 0.148575 3.24747e-05 5.5029e-09 
0.0903161 0.181045 0.0376922 0.0190491 0.0333152 0.0111531 0.00072267 0.282757 0.238524 0.0981467 0.00727885 
0.0212246 0.653293 0.018501 0.0597945 0.00232284 0.00582308 0.000839467 0.00447514 0.213698 0.018192 0.00183607 
0.0595468 0.390084 0.0289928 0.000410072 0.0401915 0.00280544 4.22143e-05 0.292083 0.16674 0.0160865 0.00301781 
0.0685104 0.638871 0.00656392 0.0762449 0.00224037 0.000137931 7.03889e-05 0.117021 0.0387111 0.0512417 0.00038783 
0.00308384 0.575906 0.00475682 0.000260721 0.000967707 0.00201281 1.24416e-06 0.376681 0.00309669 0.0332269 6.26458e-06 
0.0695071 0.479142 0.0181285 0.153136 0.0173604 0.0184611 0.00159555 0.0258555 0.181268 0.0334942 0.00205167 
0.00479513 0.0154877 0.0344326 0.199892 0.00990565 0.00011897 1.2304e-05 0.0752525 0.0478552 0.196039 0.416209 
0.0325474 0.0510446 0.00828291 4.06034e-08 5.15366e-08 1.22235e-07 1.17067e-11 0.0104932 0.89367 0.00389243 6.91033e-05 
0.223703 0.392452 0.0386239 0.0510985 0.00297162 0.0248689 6.8004e-05 0.203553 0.051814 0.0103605 0.000486902 
0.120315 0.0535806 0.0192896 0.0187051 0.00174717 0.00111729 0.000143547 0.537794 0.0808504 0.165811 0.000645668 
0.0658861 0.15901 0.0993278 6.03852e-08 0.00993676 0.00694539 4.91477e-09 0.0134063 0.635773 0.00971406 1.56111e-08 
0.174938 4.70025e-06 0.226432 3.93377e-07 0.178446 2.36905e-05 6.33143e-10 0.00154449 0.414551 0.00405874 2.52783e-09 
0.0865378 0.244611 0.25167 0.00613439 0.00744789 0.00427367 0.00367655 0.0844645 0.267659 0.0380009 0.00552535 
0.35775 0.293365 0.00187837 0.00201938 0.0252385 0.00200083 2.76487e-05 0.00102069 0.276765 0.039782 0.000151767 
0.22551 0.0281601 0.00840389 0.000104713 0.265717 0.00101657 2.26371e-05 0.0165775 0.251437 0.203019 3.09335e-05 
0.0529904 0.483038 0.0512917 0.222139 0.000866071 0.0524559 0.000240524 0.0828939 0.0482269 0.00238169 0.00347534 
4.65342e-05 0.00942309 0.332778 0.0117795 0.00342353 0.105478 1.75331e-08 0.513101 0.0239105 5.45566e-05 6.03579e-06 
0.00725442 0.0590442 0.000494958 0.000475461 0.605344 0.00295798 2.82777e-07 0.00382097 0.320577 1.01354e-06 2.93686e-05 
0.3545 0.313672 0.005744 5.38286e-06 2.37771e-05 1.43921e-05 5.34542e-06 0.276258 0.0447817 0.0049848 1.1082e-05 
0.096606 0.0286026 0.0725375 0.0616439 0.0375443 0.0157605 0.00297853 0.468384 0.0722771 0.127181 0.0164845 
0.341606 0.0412281 0.130632 0.0084411 0.0375109 0.00471883 0.00167989 0.116203 0.21387 0.0825643 0.0215466 
0.00801458 0.00581764 0.000608979 0.00262353 0.801753 6.14462e-06 1.15513e-06 0.00755924 0.132611 0.040619 0.000385693 
0.288449 0.00918193 0.0247679 0.000814695 0.327574 0.000164671 1.91592e-06 0.00162638 0.337427 0.00864871 0.00134367 
0.0445928 0.0179901 0.459641 0.00898456 0.0765751 0.0058045 1.16061e-05 0.0697644 0.256996 0.0589313 0.000708187 
0.000602658 0.0314855 0.00148237 5.9957e-07 0.0027495 0.00078725 5.04493e-08 0.904344 0.0576583 0.000875026 1.46456e-05 
0.200791 0.414579 0.0274451 0.0022617 0.00237505 0.00452356 0.000230023 0.0644731 0.202088 0.079733 0.00150141 
0.0184659 0.136957 0.00442999 4.57484e-10 0.0100059 1.9262e-06 3.12089e-10 0.769222 0.0609109 4.60296e-06 2.22394e-06 
0.0921057 0.00181647 0.0108235 2.95538e-05 2.31608e-05 1.32048e-06 3.6296e-07 1.94696e-05 0.0345202 0.86066 7.04134e-07 
0.116128 0.4409 0.00134703 0.000346674 0.407596 3.63941e-06 2.80988e-08 0.00132361 0.0258425 0.00648914 2.31618e-05 
0.0262357 0.0101454 0.00515739 0.000417834 0.00502687 0.00705765 8.15205e-06 0.869005 0.0562551 0.0199204 0.000770423 
0.0602074 0.0853276 0.128411 0.000205109 0.000751123 0.0108044 4.61124e-05 0.622178 0.0408151 0.0511148 0.000139378 
0.067716 0.145749 0.0323409 0.0017376 0.0464934 0.0014036 0.000703595 0.293604 0.205496 0.198993 0.00576277 
0.00192519 0.781616 0.00251531 0.00140592 0.000593235 0.001315 9.01158e-05 0.191308 0.00166225 0.0171154 0.000453729 
0.0437864 0.0649153 5.47123e-06 1.15979e-09 2.21843e-05 4.34199e-05 7.91188e-10 0.865377 0.0258397 9.95576e-06 3.15883e-09 
0.0962045 0.0405421 0.0905496 3.86726e-05 2.23387e-06 0.671885 6.09493e-08 0.0699421 0.0216394 0.00919673 1.7771e-07 
0.000285822 0.000199925 0.000156594 4.72039e-08 0.000367968 0.00116195 3.22018e-08 0.96269 0.0349951 7.87053e-05 6.38635e-05 
0.0559681 0.0280627 0.00961817 0.000961543 0.00196162 0.000178693 2.538e-05 0.123286 0.0883819 0.688777 0.00277939 
0.10043 0.0696585 0.0262981 0.000358854 0.0113406 0.000402386 2.04567e-05 0.320029 0.207231 0.264131 0.000100529 
0.0954983 0.0116475 0.0409165 0.000256317 0.024913 0.00125915 5.6563e-05 0.0613463 0.685427 0.0684668 0.010213 
0.0355846 0.1286 0.110098 0.0319035 0.00690896 0.00110379 0.00030349 0.0339636 0.0567543 0.594323 0.000456947 
0.097558 0.15943 0.076267 0.00645788 0.0212576 0.00255874 0.00221027 0.0102952 0.470776 0.133937 0.0192524 
0.0215789 0.697609 0.000305079 0.0441596 0.00396882 0.000208971 4.08484e-06 0.0163066 0.0155587 0.0443833 0.155916 
0.000179961 0.000218441 0.000136087 9.57735e-09 0.000128156 1.50647e-08 6.53352e-09 0.998644 0.00047509 0.000161111 5.74135e-05 
0.000285822 0.000199925 0.000156594 4.72039e-08 0.000367968 0.00116195 3.22018e-08 0.96269 0.0349951 7.87053e-05 6.38635e-05 
0.854013 0.00280968 0.0394815 0.0393489 0.00109227 0.000393333 4.57652e-06 0.00103762 0.0538758 0.00776932 0.000174203 
0.0436207 0.0178263 0.0133556 4.26404e-06 0.00171197 0.000203017 1.65585e-06 0.00771258 0.000685151 0.914622 0.000256489 
0.00984441 0.0152116 0.043509 9.0474e-06 0.000423519 0.000115913 2.14013e-08 0.887151 0.0434873 0.000242002 6.46646e-06 
0.854013 0.00280968 0.0394815 0.0393489 0.00109227 0.000393333 4.57652e-06 0.00103762 0.0538758 0.00776932 0.000174203 
0.00734085 0.371523 0.00701619 1.99819e-10 0.551309 3.14305e-10 1.36313e-10 7.02588e-07 0.0234829 0.0374337 0.00189304 
0.0215199 0.522784 0.0317213 0.00112484 0.0018592 0.00207575 2.48046e-07 0.289371 0.0180355 0.110679 0.000828684 
0.151749 0.0964432 0.00877403 0.12318 0.00468659 0.154708 0.00252831 0.0660121 0.0676978 0.284496 0.0397259 
0.075652 0.0381238 0.129258 0.00219944 0.0346568 0.0169918 0.00014249 0.440965 0.112836 0.148584 0.000589527 
0.854013 0.00280968 0.0394815 0.0393489 0.00109227 0.000393333 4.57652e-06 0.00103762 0.0538758 0.00776932 0.000174203 
0.0576291 0.04328 0.0321612 0.0396308 0.0812245 0.000801293 3.16132e-07 0.208607 0.313761 0.174847 0.0480582 
0.208252 0.0511482 0.0745473 0.000162202 0.0111444 0.0164674 4.49918e-10 0.282328 0.071659 0.284289 3.52465e-06 
0.0543118 0.324899 0.0911397 0.000120622 0.0553514 0.0360727 4.72891e-05 0.0260244 0.320507 0.0914371 8.95171e-05 
0.0269252 0.0760586 0.0236164 5.37704e-06 0.427864 0.00399184 7.32192e-08 0.0632972 0.0555938 0.322619 2.92477e-05 
0.00762526 0.00291926 0.00288426 0.00158922 2.82863e-07 5.40534e-07 1.15163e-10 0.94357 0.0408253 0.000585871 2.175e-07 
0.39797 0.393219 0.00256567 9.33034e-08 0.096227 3.48126e-05 3.52945e-11 0.0010953 0.0787822 0.0301052 5.03332e-09 
0.194127 0.0136238 0.0119323 0.00111957 0.000410676 0.000130068 0.000110009 0.672638 0.0130837 0.0368758 0.0559494 
0.194127 0.0136238 0.0119323 0.00111957 0.000410676 0.000130068 0.000110009 0.672638 0.0130837 0.0368758 0.0559494 
0.00242357 0.95133 0.0191599 3.99914e-05 0.00426286 0.00201461 1.83686e-05 0.00711522 0.0124785 0.00111608 4.0543e-05 
9.40171e-06 0.999818 4.19718e-06 6.9816e-10 5.92894e-06 1.09817e-09 4.76274e-10 4.72952e-06 0.000153324 4.50498e-06 1.90153e-09 
0.0422557 0.0801074 0.00741116 0.00261269 0.340829 1.14786e-06 1.92241e-07 0.435028 0.0917536 9.38965e-07 2.97342e-07 
0.00368803 0.346687 0.000348956 0.00692147 0.00366464 0.000772086 7.24946e-05 0.0228193 0.0369282 0.185095 0.393002 
0.0943661 0.164047 0.0131655 0.000204205 0.520041 0.00114691 1.21593e-05 0.00599426 0.167703 0.0332825 3.63338e-05 
0.00972479 0.133683 0.128816 0.136474 0.435937 0.0135826 0.000156832 0.00664929 0.0866876 0.0480948 0.000195774 
0.00626738 0.000128768 0.0128276 4.48882e-07 0.0568131 0.00348893 3.06221e-07 0.920258 0.000154506 4.78707e-05 1.3533e-05 
0.0712203 0.028002 0.0659177 0.003249 0.240024 0.00128088 0.000333107 0.0251486 0.0331251 0.477812 0.0538867 
0.0243331 0.0168564 0.0557733 4.8984e-06 0.286814 0.000415799 9.31273e-09 0.295108 0.284026 0.0366556 1.31623e-05 
0.112804 0.0794211 0.0430574 0.00253537 0.11906 0.00443606 1.66805e-07 0.0803311 0.487838 0.0260059 0.0445112 
0.325775 0.0541303 0.00432489 0.439815 0.00133254 0.00355736 5.71805e-05 0.0131726 0.0895659 0.0680407 0.000228907 
0.000976509 0.870041 0.00269846 0.0358859 0.0168617 0.000525596 1.18803e-07 0.00297232 0.0626296 0.00740651 1.97041e-06 
0.00780904 0.0563942 0.00538886 3.2247e-08 0.0211169 2.80026e-06 1.30192e-11 0.00700178 0.773421 0.126289 0.00257647 
0.00142601 0.0299225 0.00244789 3.40316e-05 5.88644e-08 2.01066e-06 4.68179e-08 0.0869526 0.0334514 0.845641 0.000122341 
0.0273209 0.0500257 0.0822017 1.10388e-06 0.00423117 0.469702 6.49166e-10 0.239525 0.125718 5.27266e-07 0.00127455 
0.556963 0.0105642 0.0153391 0.00017209 0.00444421 0.0083222 2.22191e-05 0.0553007 0.296454 0.0523901 2.81195e-05 
0.0138345 0.0103628 0.898706 0.00200096 0.00247301 0.0176076 3.8066e-09 0.0049654 0.0444085 0.00563628 4.52283e-06 
0.20054 0.11627 0.0331119 0.000428792 0.0122572 0.000170072 0.00015308 0.503726 0.0616225 0.0706301 0.00109083 
0.10789 0.203982 0.1083 0.000326544 0.114865 0.00066126 0.000216977 0.0403689 0.158408 0.197116 0.0678648 
0.007445 0.00958027 0.114002 4.97646e-05 0.00115862 0.0379145 1.30109e-07 0.657858 0.161077 0.0108235 9.10831e-05 
0.00986249 0.0235627 0.0116901 0.86207 9.70694e-05 0.00013417 5.49369e-05 0.0386153 0.0173437 0.0361663 0.000403791 
0.00857552 0.0100024 0.0594735 0.000592999 0.000186706 0.000408011 3.58332e-05 0.839572 0.0507714 0.0302735 0.000108502 
0.21003 0.130962 0.0629341 1.48011e-05 0.0703702 0.421242 2.9528e-06 0.025469 0.0416248 0.0369488 0.000401824 
0.00211651 0.0111079 0.0624433 0.00237201 0.0407642 0.0259581 0.00072601 0.630653 0.12767 0.0534353 0.0427536 
0.0791745 0.176768 0.14534 0.0284228 0.0377727 0.0022686 3.1858e-08 0.236696 0.206077 0.0873639 0.000115996 
0.0478994 0.66004 0.000618445 8.10941e-07 0.0018571 0.00272979 5.63052e-07 0.256415 0.0303844 1.30369e-06 5.34e-05 
9.92433e-07 0.0378117 0.0375158 0.0102212 0.0107178 0.00883061 9.92343e-07 0.452198 0.0285844 0.0875284 0.32659 
0.0166377 0.00938926 0.0782165 0.000172027 0.0243806 0.0336689 2.72427e-10 0.583843 0.246559 1.48568e-06 0.00713179 
0.115999 0.157304 0.0166509 0.00488359 0.00313659 0.00442863 0.000158733 0.67785 0.00252402 0.0164355 0.000628147 
4.30495e-05 0.00870824 0.000456518 2.83351e-06 0.000453119 0.000771448 1.27384e-06 0.954297 0.0335057 0.00172898 3.17731e-05 
0.119257 0.405861 0.0694956 0.00291989 0.011881 0.00471652 0.00156358 0.185688 0.0847615 0.110819 0.00303717 
0.0399851 0.0613714 0.0329078 2.86101e-05 0.000316832 0.000604137 1.42367e-06 0.136875 0.720169 0.00773746 3.72553e-06 
3.67275e-07 0.207763 0.00235214 1.11246e-06 0.00212366 0.00496425 1.87025e-09 0.75935 0.0223739 0.00107165 7.46699e-09 
0.896927 0.004532 0.00294123 4.76198e-06 0.00837508 0.00105925 7.13671e-08 0.0109257 0.0740715 0.00116299 2.84934e-07 
0.0198523 0.313202 0.0110546 0.554425 0.00310785 0.00187076 0.00158612 0.0183876 0.0570466 0.0153193 0.00414744 
0.275129 8.89491e-07 0.00933442 0.000336333 0.0126556 0.00643234 1.44087e-08 0.361683 0.314151 0.0202479 2.89489e-05 
0.0169531 0.459587 0.000488534 5.46599e-07 0.480151 0.00106015 1.44815e-09 0.0407823 0.000969828 6.97824e-06 5.78175e-09 
3.67275e-07 0.207763 0.00235214 1.11246e-06 0.00212366 0.00496425 1.87025e-09 0.75935 0.0223739 0.00107165 7.46699e-09 
0.00706775 0.000433397 0.15634 0.00021653 0.00233621 5.49947e-08 2.3851e-08 0.810062 0.0170948 0.00625484 0.000194174 
0.0429814 0.0155399 0.0502205 0.00121699 0.000981662 0.00932681 0.000419269 0.0406494 0.0758651 0.660608 0.102191 
0.0773332 0.530623 0.0567603 0.0419421 0.0252816 0.00256713 0.000938674 0.108094 0.0961759 0.0564464 0.00383855 
0.0264993 0.0220076 0.0692931 0.00220037 0.0936855 6.94482e-07 3.87272e-09 0.77704 0.00925985 1.47481e-06 1.19307e-05 
0.000484451 0.00504387 0.000775843 0.000214262 0.000307519 0.000330526 8.28305e-09 0.0216557 0.0268519 0.747538 0.196798 
0.277708 0.0151692 0.100417 0.00436345 0.0172893 0.000326259 0.000258507 0.40926 0.0635187 0.111148 0.000541889 
0.0166377 0.00938926 0.0782165 0.000172027 0.0243806 0.0336689 2.72427e-10 0.583843 0.246559 1.48568e-06 0.00713179 
0.235953 0.00481542 0.00322193 2.73404e-11 0.00394206 4.30051e-11 1.86512e-11 4.71545e-07 0.720467 0.0315997 7.44651e-11 
1.24761e-06 0.00585471 0.0161698 9.9204e-05 1.72178e-08 3.15755e-08 1.36942e-08 0.592138 0.00971447 0.0297949 0.346228 
0.284594 0.0617364 0.0343899 0.0260434 0.00764383 0.00406166 0.00234901 0.0675078 0.0747528 0.374958 0.0619624 
0.000727641 0.0544284 0.170538 6.4757e-06 0.00634714 0.0101988 8.84925e-09 4.98968e-05 0.757636 6.52776e-05 2.18981e-06 
0.0633624 0.0420651 0.02244 0.00193085 0.0418688 0.00288821 1.21814e-08 0.654638 0.0315601 0.139246 4.86344e-08 
0.854013 0.00280968 0.0394815 0.0393489 0.00109227 0.000393333 4.57652e-06 0.00103762 0.0538758 0.00776932 0.000174203 
0.00762526 0.00291926 0.00288426 0.00158922 2.82863e-07 5.40534e-07 1.15163e-10 0.94357 0.0408253 0.000585871 2.175e-07 
0.0598636 0.0891171 0.00345623 7.14349e-05 0.351761 0.00207118 6.0327e-07 0.00422173 0.319797 0.163909 0.0057311 
6.47725e-06 1.03678e-05 1.26131e-06 2.82896e-10 1.45611e-06 4.13878e-06 1.92988e-10 0.958398 0.0415633 9.89249e-06 4.77788e-06 
0.412777 0.157405 0.0292308 0.00111437 0.272315 0.0182885 2.15174e-06 0.000580556 0.0749414 0.0328379 0.000507932 
0.000108363 0.138422 0.0152481 0.00164755 0.000218093 0.00161254 3.05529e-06 0.836737 0.00287747 0.00183714 0.00128907 
0.490738 0.170286 0.0476703 0.0394519 0.0118504 0.00703047 0.00335909 0.00967295 0.107682 0.108592 0.00366656 
0.194127 0.0136238 0.0119323 0.00111957 0.000410676 0.000130068 0.000110009 0.672638 0.0130837 0.0368758 0.0559494 
0.0659933 0.164935 0.129081 0.00874544 0.40566 0.0188266 0.000368018 0.0128368 0.111732 0.0802275 0.00159346 
0.232955 0.0684491 0.0263153 0.0154491 0.350185 0.00788367 0.000152941 0.00837754 0.262622 0.0115009 0.0161103 
0.0219154 0.643508 0.00705372 0.0454467 0.045375 0.00428879 9.68786e-06 0.025898 0.201848 0.00464587 1.05244e-05 
0.0179354 0.779993 0.00189509 0.000357333 0.0230447 0.00181528 1.65562e-05 0.00011224 0.137208 0.0375852 3.73731e-05 
0.132341 0.299822 0.016845 0.0190161 0.00144335 0.000204151 3.51113e-07 0.022298 0.291705 0.216323 1.76792e-06 
4.59534e-05 0.0402231 8.49977e-05 5.12493e-07 4.39573e-07 0.00704124 3.49615e-07 0.951648 0.000594524 0.000218463 0.000142545 
0.0583456 0.528925 0.0450588 0.000291206 0.00378996 0.00844844 0.000102162 0.0224002 0.327544 0.00493599 0.00015807 
0.0348548 0.0284928 0.224901 0.00669117 0.00503008 0.00468262 6.10912e-06 0.588202 0.0812266 0.0258519 6.10047e-05 
0.0224517 0.0232701 0.0790264 0.00179545 0.00221757 0.0252427 0.000117302 0.688488 0.0910533 0.0661285 0.000209155 
0.151749 0.0964432 0.00877403 0.12318 0.00468659 0.154708 0.00252831 0.0660121 0.0676978 0.284496 0.0397259 
0.181686 0.409294 0.0294804 0.032327 0.157814 0.0286484 0.00070706 0.000769354 0.0773754 0.0808605 0.00103846 
0.666597 0.125428 4.10647e-05 2.70126e-08 0.0262558 0.000239115 8.22677e-12 5.80946e-05 0.134922 0.0464595 3.28454e-11 
0.130401 0.0150116 0.000897273 3.81809e-07 0.0278649 3.25414e-07 1.13998e-07 6.01209e-05 0.786303 0.0394592 1.64801e-06 
0.0145443 0.06719 0.0504788 2.44007e-05 0.612505 0.0403996 9.16259e-06 0.065707 0.102299 0.0465123 0.000330149 
0.0647042 0.0347673 0.0674845 1.68775e-06 0.0105238 0.0176733 1.38767e-07 0.701224 0.0927666 0.0108543 4.42073e-07 
0.0722855 0.576476 0.0880664 0.0292361 0.00379912 0.0103036 0.00182325 0.0913875 0.0913303 0.0289497 0.00634191 
0.0315606 0.135284 0.000165598 2.18163e-06 0.767694 7.92861e-05 1.19605e-06 8.25592e-06 0.0487853 0.016083 0.000336 
0.0045263 0.57529 0.0761848 8.57026e-06 0.0437333 0.0450292 3.10238e-07 0.0247814 0.223878 0.00656792 7.26932e-07 
0.0853238 0.0924918 0.0898706 0.00918114 0.0124238 0.00656709 0.00372702 0.206022 0.183544 0.283617 0.0272319 
0.00567774 0.0147594 0.0395063 3.98198e-06 0.00014743 6.59015e-05 1.94015e-09 0.934069 0.00266756 0.00310266 7.74606e-09 
0.0669068 0.0450435 0.0531269 0.0008434 0.0267379 0.00484339 0.00057543 0.0191452 0.592156 0.158659 0.0319621 
0.0301578 0.134032 0.109616 3.74612e-05 0.00966689 0.000747588 2.17803e-06 0.595804 0.108202 0.000553137 0.0111803 
0.815662 0.0208705 0.00923688 0.000763928 0.00124721 0.000209546 0.000167824 0.121037 0.0303713 0.000234404 0.000199753 
0.141885 2.99535e-06 0.0758575 2.21558e-10 0.135056 3.48535e-06 1.51143e-10 0.619357 0.0278363 2.69322e-06 6.03441e-10 
0.151749 0.0964432 0.00877403 0.12318 0.00468659 0.154708 0.00252831 0.0660121 0.0676978 0.284496 0.0397259 
0.263318 0.0537216 0.0451436 0.000145473 0.0680823 0.0120955 1.75563e-05 0.0271221 0.467513 0.000886847 0.0619537 
0.00203321 0.0104442 0.0200187 7.19586e-05 0.0065255 0.000650679 6.21443e-05 0.835262 0.102501 0.020312 0.00211805 
0.0231052 0.0231799 0.850955 0.00166156 0.00120866 0.0152474 7.54975e-07 0.00219013 0.0369995 0.0445457 0.0009062 
0.0527096 0.243046 0.380156 0.00071675 0.0405311 0.0130305 2.84101e-06 0.165865 0.0913272 0.0123476 0.000267831 
0.00204121 0.00387973 0.0444684 0.00115146 0.00127119 0.000886175 8.32954e-05 0.918604 0.00997158 0.0136803 0.00396231 
0.854013 0.00280968 0.0394815 0.0393489 0.00109227 0.000393333 4.57652e-06 0.00103762 0.0538758 0.00776932 0.000174203 
0.392189 0.0489524 0.162914 0.00344535 0.0205748 0.0149261 0.000430306 0.219224 0.112914 0.0209949 0.00343557 
0.0387902 0.0157022 0.021433 9.46038e-08 0.0017072 0.000330326 2.19306e-08 0.00673309 0.583341 0.331754 0.000208792 
0.0372661 0.0612662 0.138875 0.0474996 0.0212372 0.000943522 0.000893595 0.464391 0.0175443 0.0801196 0.129964 
0.0497409 0.0365419 0.0213996 0.00314999 0.013417 0.000456997 0.000206169 0.0117547 0.26939 0.592723 0.00122065 
0.15363 0.394705 0.111257 0.000570181 0.0336686 0.0284845 0.000138173 0.0176281 0.237903 0.0217223 0.000293655 
0.0325966 0.274911 0.0202595 9.00144e-06 0.0325446 0.0267864 7.84916e-06 0.52764 0.0823237 0.00158997 0.00133181 
0.00217297 0.117878 0.038072 0.00134485 0.0616047 4.26169e-07 1.84828e-07 0.00540713 0.0227233 0.750796 7.37929e-07 
0.163073 0.0763031 0.0790802 0.00245194 0.0246413 0.00897385 0.000332787 0.101599 0.244962 0.294849 0.00373399 
0.00278488 0.00219319 0.0227684 3.77701e-05 0.000664235 0.00211625 6.62908e-08 0.936814 0.000136437 0.0323772 0.000107493 
0.0417938 0.528992 0.00903499 0.00208337 0.0459588 0.000224758 9.3061e-05 0.00827007 0.0718308 0.291591 0.000127156 
0.00898038 0.0123887 0.00829444 0.000332825 7.89574e-06 1.60544e-06 5.2345e-07 0.552003 0.220054 0.197526 0.000411027 
0.141814 0.137681 0.14802 0.00622913 0.00478847 0.0172595 0.00126168 0.0282344 0.235199 0.251286 0.0282269 
0.334422 0.000357593 0.183145 2.0423e-06 0.000426199 3.36754e-06 3.12149e-07 0.437077 0.0205889 0.0239482 2.91031e-05 
0.0241826 0.00579883 0.0887573 0.000151236 0.00247231 0.00438774 1.45888e-08 0.857596 0.00996482 0.00387343 0.00281522 
0.000110981 0.761243 0.000742213 0.000137369 0.000196633 0.000183669 6.95992e-05 0.0905451 0.132045 0.0143963 0.000330433 
0.0164496 0.210292 0.0262053 5.66722e-05 0.645969 0.0119086 3.22591e-08 0.00654796 0.0244798 0.0580891 2.90703e-06 
0.185468 0.117873 0.0107233 0.124302 0.00572755 0.108823 0.00290315 0.0701145 0.0752132 0.260628 0.0382245 
0.00391083 0.0110814 0.0123724 0.0190728 0.000856514 8.8201e-05 1.45367e-07 0.58103 0.0229272 0.0601498 0.288511 
0.49739 0.0132548 0.0299599 0.000150281 0.180115 0.000649176 5.82411e-07 0.0014446 0.255408 0.0208295 0.000797852 
0.59891 0.172759 2.73863e-05 2.61177e-08 0.0212711 0.000159491 1.11379e-11 3.87656e-05 0.156704 0.0501304 4.4468e-11 
0.0592868 0.134962 0.0980125 0.00436248 0.0417852 0.000569761 0.00030041 0.0761859 0.550933 0.0271875 0.00641349 
0.00458144 0.0930974 0.0235837 0.000159696 0.154805 0.00842722 2.40961e-06 0.483179 0.12949 0.0992655 0.00340918 
0.158412 0.0563171 0.167686 0.00457553 0.116555 0.0683144 0.000159375 0.139465 0.147325 0.140643 0.000547201 
0.104687 0.165539 0.0133156 0.0441996 0.0606212 0.00107482 0.000264614 0.011529 0.371818 0.223827 0.00312394 
0.00280151 0.00279889 0.0103396 0.000772377 0.000339777 0.00150012 3.19329e-06 0.975735 0.0017573 0.00280079 0.00115106 
0.147337 0.0241137 0.107272 4.1859e-05 0.0065975 0.00276543 3.59219e-05 0.620061 0.0910735 0.000641065 6.00216e-05 
0.854013 0.00280968 0.0394815 0.0393489 0.00109227 0.000393333 4.57652e-06 0.00103762 0.0538758 0.00776932 0.000174203 
1.12575e-06 2.34203e-06 0.033049 2.18585e-10 1.18133e-06 0.186618 1.49115e-10 0.703993 0.0762718 6.36032e-05 5.95345e-10 
0.0572632 0.573821 0.022826 0.00152698 0.0344337 0.00227773 0.000473524 0.00943416 0.279367 0.0141116 0.00446556 
0.0239813 0.347526 0.0721897 0.000135783 0.126483 0.0578711 4.43573e-06 0.169597 0.192269 0.00990614 3.7135e-05 
0.0016446 4.82538e-07 0.000200708 1.87887e-06 2.63182e-06 1.61693e-06 2.04388e-07 0.0122927 0.00164494 0.98421 5.38875e-07 
0.0145626 0.0366465 0.0458825 0.000511138 1.33023e-06 3.86052e-07 9.97579e-11 0.769071 1.45252e-05 0.132211 0.00109892 
0.0534451 0.180146 0.135244 0.000933422 0.002593 0.0110998 0.000320003 0.424439 0.101904 0.0828657 0.00701036 
0.047995 0.0103562 0.0101609 4.39767e-05 0.00392749 0.00364136 1.8164e-05 0.889882 0.00808249 0.02584 5.26612e-05 
2.75724e-05 0.293575 0.421256 4.14992e-05 0.267063 7.15252e-05 5.31154e-07 0.017328 0.000233865 0.000401174 2.12063e-06 
0.0384602 0.824162 0.0225786 0.0387336 0.000834471 0.00108295 0.000103666 0.0213722 0.0471345 0.00497479 0.000562575 
0.0117162 0.318185 0.108825 0.0435603 0.0141857 0.0236542 0.00618777 0.286859 0.131812 0.0256157 0.0293995 
0.0908381 0.0134008 0.0556694 0.000285736 0.448213 0.0953021 6.31166e-06 0.17497 0.110222 0.000559402 0.0105321 
0.0629288 0.582623 0.00894154 1.69572e-05 0.0171607 0.00904036 1.62513e-06 0.0368494 0.280044 0.00232032 7.33847e-05 
0.0870873 0.0577801 0.0106496 1.79194e-05 0.0332735 0.000697211 8.17449e-06 0.396257 0.239374 0.174796 5.87934e-05 
0.0311609 0.0756345 0.0426147 0.000683687 0.00431892 0.0112917 7.3953e-05 0.819518 0.0119254 0.00269689 8.12529e-05 
0.049353 0.271652 0.0207191 0.0495914 0.132693 0.0239324 1.39668e-05 0.162347 0.269832 0.0197772 8.89448e-05 
0.0366453 0.25772 0.0216292 0.0106149 0.00671748 0.0453917 0.00432845 0.0380053 0.119283 0.202614 0.257051 
0.075272 0.260693 0.00413643 0.0659905 0.000123118 1.42632e-05 4.32844e-06 0.42422 0.130403 0.0319054 0.0072381 
0.194127 0.0136238 0.0119323 0.00111957 0.000410676 0.000130068 0.000110009 0.672638 0.0130837 0.0368758 0.0559494 
0.00143172 0.378829 0.00169474 0.0170909 0.436896 0.00141111 7.84871e-07 0.00284506 0.1057 0.00410498 0.0499949 
0.0139086 0.0342919 0.038583 0.000160175 0.000103437 0.00396174 3.72952e-05 0.892083 0.00468671 0.0110695 0.00111482 
0.00122661 0.00636934 0.116979 3.76992e-07 0.00144501 0.000178348 2.57178e-07 0.748844 0.0203127 0.104422 0.000222493 
0.0084852 0.455571 0.00617191 0.000494888 0.053329 0.000360543 0.000232329 0.0586102 0.343342 0.072444 0.000958464 
0.0969491 0.132926 0.126631 0.0721671 0.0118775 0.00927651 0.000290236 0.32467 0.0932208 0.128801 0.00319033 
0.695761 0.0733485 0.0800122 0.00869894 0.0160027 0.0141903 0.0013778 0.00412354 0.0423808 0.00788293 0.0562214 
0.674593 0.176172 0.00970141 0.00347777 0.0167596 0.00246933 0.000487024 0.00135548 0.0768363 0.036738 0.00140984 
0.0461879 0.0457457 0.651564 0.000195902 0.00309536 0.0861736 2.60418e-06 0.0429302 0.123178 0.000873725 5.30192e-05 
0.0523034 0.0293008 0.0190609 0.000173187 0.0757518 0.000590423 5.10051e-07 0.0989348 0.0516218 0.672225 3.69891e-05 
0.493267 0.00639501 0.0171352 0.0172864 0.0606633 0.00763855 9.53603e-08 0.177367 0.170066 0.0493922 0.000788609 
0.0095591 0.0179791 0.0203632 0.000423428 0.0116793 0.00146685 0.000278658 0.741578 0.111735 0.00941979 0.0755174 
0.0785375 0.0692108 0.0890644 0.00815627 0.0120742 0.000191631 0.000177107 0.144293 0.0960544 0.35242 0.149821 
0.722305 0.0010864 0.012156 0.0243666 0.00119141 0.00241256 2.47806e-08 0.0299907 0.144413 0.0620783 2.98505e-07 
0.0611808 0.721296 0.0232975 0.00113262 0.00530016 0.000514977 0.000309814 0.0995096 0.0561525 0.00999126 0.0213146 
0.0304684 0.0356116 0.0320951 1.64292e-05 0.00262716 0.00617938 5.84075e-08 0.872699 6.31503e-06 0.0195105 0.000785966 
0.0519762 0.000661997 0.000212195 5.8975e-06 0.000418174 6.27091e-07 1.7136e-07 0.022821 0.0693699 0.854526 8.24989e-06 
0.0675695 0.0277558 0.0637777 0.00208092 0.000621957 3.32068e-05 6.14779e-08 0.807744 0.0182823 0.010799 0.00133587 
0.0968182 0.322954 0.159989 0.0306983 0.0159598 0.00919804 0.00134048 0.00795279 0.31718 0.0343842 0.00352527 
0.0294341 0.0419069 0.00511154 5.27173e-05 1.80933e-06 0.000277545 7.25735e-12 0.00880869 0.909689 0.00288197 0.00183626 
0.0238089 0.0148552 0.0250558 0.000206693 0.516273 0.000343435 4.21172e-05 0.348003 0.0695819 0.00164939 0.000180322 
0.206182 0.200149 0.14146 0.00466464 0.0128199 0.0501962 0.00295753 0.167287 0.164877 0.0402701 0.00913735 
0.0100617 0.133513 0.0277163 0.445749 0.000775514 0.000222513 1.46397e-07 0.336367 0.0394504 0.00609305 5.16329e-05 
0.757935 0.0718616 0.010311 0.0927223 0.00620378 0.00121715 0.000195482 0.00128241 0.0242772 0.03375 0.000243596 
0.154842 0.0900853 0.0185641 0.00013774 0.125345 0.00409212 9.3615e-08 0.0941144 0.286163 0.226653 2.13452e-06 
0.0304174 0.00153589 0.204451 3.21132e-07 3.90472e-06 0.00901433 1.24151e-07 0.64924 0.080904 0.0186468 0.0057858 
0.00762526 0.00291926 0.00288426 0.00158922 2.82863e-07 5.40534e-07 1.15163e-10 0.94357 0.0408253 0.000585871 2.175e-07 
0.0269252 0.0760586 0.0236164 5.37704e-06 0.427864 0.00399184 7.32192e-08 0.0632972 0.0555938 0.322619 2.92477e-05 
2.02172e-06 1.82686e-06 0.0336665 5.87005e-07 1.53292e-06 5.74623e-06 1.62777e-11 0.9474 2.14577e-06 0.0186208 0.000298689 
1.49588e-07 0.000585151 9.6666e-05 0.00023314 6.95586e-11 1.27563e-10 5.53235e-11 0.998411 2.92975e-07 0.000673141 7.73301e-07 
0.402746 0.0761601 0.11816 0.00193924 0.0222839 0.00683026 2.95418e-07 0.0313109 0.287186 0.0533761 6.90947e-06 
0.0581975 0.683812 0.0225701 0.00158849 0.0186656 0.0171011 6.44931e-05 0.0212438 0.153123 0.00871809 0.0149154 
0.946579 0.0051888 0.000829962 5.05334e-08 0.00307307 0.0342906 3.44731e-08 0.00166426 0.00722646 0.00110626 4.14279e-05 
0.322809 8.35106e-06 0.00814954 8.13304e-11 4.94593e-06 5.51887e-05 5.54824e-11 0.0894658 0.530365 0.0491423 6.66758e-08 
0.0106794 0.00298762 0.00359268 8.4551e-06 0.000154306 0.000289327 2.02367e-06 0.355784 0.173993 0.452491 1.78878e-05 
0.106342 0.488492 0.111562 0.0772259 0.0139659 0.000516694 0.000388711 0.0113661 0.00522246 0.0179018 0.167017 
2.10893e-06 0.508574 0.183252 0.0110285 0.0637609 2.58598e-06 3.73831e-11 0.0871766 0.12913 0.0170736 1.49253e-10 
0.0830445 0.0414453 0.0203015 0.000291797 0.0126907 0.000250506 5.4632e-06 0.577701 0.103919 0.160284 6.62272e-05 
0.00406347 0.0037079 0.137278 0.0021716 0.00111347 0.00260733 8.49044e-05 0.569726 0.0378106 0.241289 0.000148244 
0.453646 0.0114202 0.113585 0.0456997 0.00652774 0.000550299 8.85207e-05 0.230258 0.105599 0.0317732 0.000852174 
0.0320862 0.00860625 0.143628 2.85479e-06 9.73538e-05 0.00176902 2.73005e-06 0.806385 0.00661036 1.49592e-05 0.000796952 
0.00190335 0.355406 0.0033398 0.00105036 0.264609 0.0121382 1.05592e-08 0.277623 0.0766599 0.0072703 4.21577e-08 
0.0328192 0.0751037 0.0129936 0.00437909 0.00172861 0.00224174 0.000224398 0.818082 0.034807 0.0171052 0.000515465 
0.0308518 1.69075e-07 0.0246912 0.000580583 0.0945917 1.73903e-07 5.47315e-11 0.530351 0.074432 0.244501 1.00342e-07 
0.084248 0.243702 0.396483 7.85764e-07 0.0422731 0.0915466 1.85773e-11 0.00129621 0.12678 0.00405525 0.00961525 
0.224653 0.458277 0.293241 0.00395269 0.00076309 0.0009365 6.50007e-05 0.00463212 0.00994056 0.000105927 0.0034323 
0.0091759 0.783487 2.11319e-05 0.0147065 0.148143 0.000211689 2.33525e-08 0.0101489 0.01841 0.0154762 0.000219751 
0.071811 0.0884871 0.0247626 0.000170441 0.00240828 0.00245121 4.18557e-05 0.0142247 0.494155 0.301294 0.000193943 
5.96971e-05 0.652416 0.0933396 2.74098e-06 0.00609768 2.62958e-05 1.45478e-09 0.248001 4.83685e-05 8.75797e-06 5.80823e-09 
0.0563968 0.00919466 9.03158e-05 2.83737e-05 5.87823e-08 0.000690967 4.67526e-08 0.917513 0.000260326 0.0157412 8.42878e-05 
0.0509002 0.0233591 0.00440628 0.00956201 0.239663 0.00401825 6.82677e-05 0.347822 0.0108081 0.308607 0.000785264 
0.19712 0.130613 0.29662 0.0237211 0.064554 0.00587131 0.00034493 0.106819 0.151305 0.0226233 0.000408656 
0.016044 0.603778 0.00321191 0.000302005 0.0386808 0.00050018 4.54619e-05 0.00537955 0.207334 0.124616 0.000108725 
0.0396655 0.000126324 0.113497 0.000234768 0.110062 0.0474384 0.000125933 0.581825 0.0168265 0.0251867 0.0650113 
0.0483761 0.126839 0.000402097 0.000217012 0.0644553 0.0187755 3.14405e-07 0.455439 0.0832293 0.00491643 0.19735 
8.85849e-07 4.26436e-07 0.00100205 0.000200135 0.0507227 1.36073e-06 6.48353e-10 0.892025 0.0498821 0.00612342 4.18302e-05 
0.234678 0.263236 0.00266601 0.0189364 0.029373 6.32053e-06 1.77123e-06 0.000148333 0.350431 0.100479 4.47483e-05 
0.0957234 0.0104143 0.0714423 0.0531932 0.247867 0.0339619 1.08994e-05 0.165813 0.0244566 0.297093 2.44533e-05 
0.0147505 0.0446323 0.000528107 8.16891e-05 0.8806 0.000140169 6.76006e-05 0.0244194 0.032835 0.00180617 0.000139145 
0.112167 0.0964759 0.0156227 0.455064 7.7601e-05 0.00672893 2.50549e-05 0.167178 0.0189993 0.127198 0.000463336 
0.047941 0.0879182 0.0353726 0.0633288 0.0912537 0.0413479 6.25592e-05 0.19646 0.428347 0.00773444 0.000233339 
0.100466 0.250926 0.0577368 0.0177885 0.00880908 0.015353 0.00432051 0.385547 0.110905 0.0332538 0.0148946 
0.0159477 0.116953 0.00221301 0.0209299 0.776425 0.000345872 1.21613e-06 0.00155367 0.0640989 0.00152192 9.21894e-06 
0.00745144 0.194495 0.087745 0.00532253 0.088903 0.00204629 0.000462835 0.294247 0.0266695 0.252715 0.039942 
0.0330538 0.00630776 0.0282765 3.60105e-05 0.00467526 0.000760316 3.46448e-05 0.61653 0.0419727 0.267912 0.000440954 
0.00762526 0.00291926 0.00288426 0.00158922 2.82863e-07 5.40534e-07 1.15163e-10 0.94357 0.0408253 0.000585871 2.175e-07 
0.58396 0.0949316 0.0600294 0.00114585 0.0548294 0.000819415 0.000519229 0.0210039 0.14054 0.0409678 0.0012529 
0.0363081 0.130346 0.112431 0.0367194 0.00727506 0.00119352 0.000330307 0.0358502 0.0543374 0.584505 0.000703711 
0.00780904 0.0563942 0.00538886 3.2247e-08 0.0211169 2.80026e-06 1.30192e-11 0.00700178 0.773421 0.126289 0.00257647 
0.0145798 0.00117262 0.000207417 6.6698e-06 3.41693e-05 3.10916e-06 1.39476e-06 0.665689 0.318131 2.30492e-06 0.000172097 
0.252666 0.0151204 0.00189215 9.12085e-05 0.00952811 0.000193183 4.3024e-05 0.0128057 0.211056 0.495981 0.000623233 
0.111537 0.147031 0.0686993 0.013598 0.0194227 0.00730481 0.00633272 0.399501 0.0697099 0.0980758 0.0587876 
0.0279271 0.00382618 0.0433266 2.79337e-05 0.00285868 0.000124181 1.95002e-05 0.0985956 0.00174568 0.782441 0.0391075 
0.331276 0.0166568 0.120192 0.0181902 0.19032 0.27049 3.69142e-05 0.00552881 0.0324074 0.0148074 9.51821e-05 
0.00770959 0.869805 0.00664862 0.015671 0.00869591 0.000776033 3.1998e-06 0.00382322 0.0832967 0.00350404 6.63815e-05 
0.0209584 0.00350454 0.107539 0.000171919 0.00210661 0.00229557 5.4909e-10 0.784266 0.0755121 0.0036449 3.00941e-07 
0.00762526 0.00291926 0.00288426 0.00158922 2.82863e-07 5.40534e-07 1.15163e-10 0.94357 0.0408253 0.000585871 2.175e-07 
0.30676 0.0282667 0.0940456 0.000885652 0.00191013 0.000654863 1.14085e-05 0.00690936 0.139258 0.421278 2.00385e-05 
0.00474515 0.0413314 0.0123213 0.00258567 0.00594016 0.00352239 0.00027842 0.785081 0.0707444 0.0729859 0.000464597 
0.0862771 0.0224869 0.331273 5.66534e-05 0.00230907 0.039204 1.36198e-05 0.106906 0.341189 0.0702595 2.59482e-05 
0.0297778 0.0565422 0.0879423 0.000486647 0.127726 0.00169993 0.000162404 0.217712 0.16665 0.16778 0.143521 
0.000242497 0.0472913 0.00116034 0.00040233 0.00123665 5.61169e-05 9.19159e-06 0.930353 0.0124093 0.00125138 0.00558794 
0.0034414 1.43103e-06 0.019903 0.00277624 3.0273e-06 2.74632e-06 2.58872e-10 0.964852 0.00901881 1.3993e-06 1.03355e-09 
3.85346e-06 0.400276 0.308014 0.000434891 6.03417e-05 0.00191156 6.37764e-07 0.269484 0.0174497 0.00235944 5.73688e-06 
0.03175 0.0544546 0.0220841 0.268709 0.01431 0.00164404 0.000397616 0.332508 0.0925982 0.178109 0.00343598 
0.00627144 0.326805 0.122211 0.175937 0.0362936 0.0545457 5.36459e-07 0.239515 0.0295819 0.00883227 7.32732e-06 
0.00887447 0.240813 0.0188073 0.0167932 0.52495 0.000826332 0.000399996 0.0987504 0.0704865 0.00595711 0.0133425 
0.00033242 0.00395299 0.0138745 7.35362e-05 0.0105926 1.35104e-05 4.82427e-08 0.0404049 0.00131673 0.105917 0.823522 
0.000392651 0.00861818 0.0741798 0.000145905 0.038373 0.0315926 6.42105e-08 0.66583 0.0100838 0.170779 5.00272e-06 
0.0754471 0.692749 0.00180677 0.0334228 0.00672985 0.000304756 5.49674e-05 0.00137559 0.170046 0.0169384 0.00112553 
0.194127 0.0136238 0.0119323 0.00111957 0.000410676 0.000130068 0.000110009 0.672638 0.0130837 0.0368758 0.0559494 
0.0820232 0.667691 0.00316742 0.0091799 0.00396092 0.00218974 0.000244827 0.0622708 0.153072 0.0064635 0.00973709 
0.132829 0.503443 0.100436 0.109901 0.0121366 0.000846063 0.000534977 0.0194704 0.110094 0.00975249 0.000554806 
0.016486 0.152074 0.0710335 0.00080945 0.0386792 0.000314541 1.78893e-07 0.614509 0.10284 0.00110711 0.00214676 
0.000208636 7.4901e-05 0.000182195 7.86862e-09 6.74904e-09 1.2377e-08 5.36785e-09 0.999049 0.000198499 0.000196734 9.00325e-05 
0.00461993 0.531035 0.00463868 0.00217923 0.0115663 0.00167694 0.000239127 0.096732 0.322971 0.0238361 0.000505098 
5.14537e-05 0.00490104 0.0100533 1.17891e-06 0.000504194 2.28901e-07 9.9274e-08 0.885289 0.0255826 0.073615 1.46711e-06 
2.20914e-06 0.00915335 0.113156 0.00225048 0.00320733 9.45884e-07 1.09617e-09 0.824496 0.0477096 2.32643e-05 4.37647e-09 
0.0874884 0.0901386 0.0883586 5.91684e-08 0.659645 0.0552931 1.21259e-10 0.0190496 2.13127e-05 5.34082e-06 4.84128e-10 
0.0197183 0.000906462 0.000966788 0.000494388 0.0859982 7.21709e-05 1.92486e-10 0.479957 0.018811 0.393075 6.0591e-07 
0.0472294 0.521312 0.0283824 0.00211743 0.000967097 0.00327634 0.000755014 0.188704 0.0710526 0.134739 0.00146448 
0.0297778 0.0565422 0.0879423 0.000486647 0.127726 0.00169993 0.000162404 0.217712 0.16665 0.16778 0.143521 
1.74963e-05 0.200352 1.71257e-05 3.07336e-05 0.0147702 7.01856e-08 3.04393e-08 0.690364 0.0944285 1.99148e-05 1.21529e-07 
0.0244637 0.881542 0.0313095 0.000392445 0.000450302 0.0055281 0.000102287 0.0284764 0.0135006 0.00184407 0.0123906 
0.534209 0.0002304 0.000355585 6.60218e-07 1.65054e-05 0.000155843 1.97514e-07 1.04644e-06 0.464734 0.000295334 1.90846e-06 
0.999537 3.25429e-06 3.8925e-05 6.73949e-10 1.53769e-05 2.40651e-05 4.59758e-10 5.24711e-10 0.000282548 9.85375e-05 1.83559e-09 
0.394142 0.0538701 0.0097485 4.98026e-05 0.0229998 0.000447103 2.94516e-09 0.0250377 0.468991 0.0247144 2.22647e-07 
0.000914311 0.00718944 0.0115331 0.00236024 0.00370987 0.00235944 2.49964e-06 0.949834 0.00549452 0.0165908 1.15792e-05 
0.0326636 0.0579286 0.0328764 0.000874645 0.0429787 0.102753 2.77865e-07 0.495872 0.232008 0.00204436 4.56243e-07 
3.85346e-06 0.400276 0.308014 0.000434891 6.03417e-05 0.00191156 6.37764e-07 0.269484 0.0174497 0.00235944 5.73688e-06 
0.0490901 0.750348 0.0233704 0.000761738 0.0781842 0.00258763 3.90759e-05 0.0066598 0.0635382 0.0209134 0.00450775 
0.00762526 0.00291926 0.00288426 0.00158922 2.82863e-07 5.40534e-07 1.15163e-10 0.94357 0.0408253 0.000585871 2.175e-07 
0.00198175 0.0899356 0.038823 0.00359685 0.00941082 0.0408605 9.19504e-07 0.574516 0.239551 0.00130047 2.24727e-05 
0.0217581 3.04283e-06 0.0108772 3.60445e-10 1.78532e-06 1.19439e-07 2.4589e-10 0.908286 0.0106162 2.24429e-06 0.0484549 
0.000666903 0.000172733 0.0650888 0.000543777 1.01983e-06 4.67405e-05 1.03467e-09 0.847534 1.70514e-06 0.0147162 0.0712281 
0.080244 0.294218 0.0497788 0.00087378 0.032005 0.000267389 0.000130086 0.0809014 0.414316 0.03162 0.0156455 
0.0389525 0.232593 0.0887133 0.00155184 0.133219 0.0120078 0.000618292 0.112819 0.223379 0.151117 0.00502834 
0.0529243 0.010401 0.105743 0.000722864 0.0133409 0.00575919 1.97981e-09 0.502255 0.196258 0.112592 3.54995e-06 
0.00765771 0.0249672 0.0173397 0.0102736 0.000468665 0.000919233 2.72768e-06 0.837682 0.0320846 0.0658077 0.0027964 
0.0204135 0.31431 0.00575234 0.0047029 0.44251 0.000493915 6.63655e-06 0.0270822 0.161079 0.0236411 8.59191e-06 
0.0219929 0.086539 0.454172 0.00081759 0.0171396 0.0888596 4.66782e-08 0.233538 0.0958545 0.00108679 9.8125e-08 
0.110527 0.00196661 0.00182046 3.75767e-06 3.39541e-06 4.15322e-06 2.61276e-09 0.802252 4.30586e-06 0.0834075 9.99714e-06 
1.74795e-05 0.00417751 0.0215687 6.12682e-07 0.0734299 0.0038441 4.17963e-07 0.893722 0.00321979 1.79745e-05 1.66872e-06 
0.854013 0.00280968 0.0394815 0.0393489 0.00109227 0.000393333 4.57652e-06 0.00103762 0.0538758 0.00776932 0.000174203 
0.264822 0.228987 0.0225625 0.243691 0.0125242 0.0017306 0.00029622 0.171174 0.0107658 0.0281686 0.0152779 
0.194127 0.0136238 0.0119323 0.00111957 0.000410676 0.000130068 0.000110009 0.672638 0.0130837 0.0368758 0.0559494 
0.113592 0.000486684 0.000828241 3.51903e-05 0.000919314 7.46757e-05 4.07827e-09 0.0142315 0.153627 0.71618 2.51425e-05 
0.32754 0.00059672 0.333698 0.000156527 0.00195527 4.09193e-06 1.77466e-06 0.00332036 0.332501 0.000218595 7.08534e-06 
4.06945e-06 0.0278503 1.46016e-06 1.54656e-06 1.8923e-09 3.47027e-09 1.50505e-09 0.972132 7.97024e-06 3.05156e-06 6.00891e-09 
0.019422 0.0250655 0.0397347 0.688677 0.00434801 0.00132182 0.000257758 0.102023 0.0502346 0.0684469 0.000468891 
0.189049 0.389744 0.00947441 0.302334 0.00154266 0.00102133 0.000186121 0.03161 0.0698729 0.0047313 0.000434247 
0.0775459 0.477881 0.0238932 0.00353834 0.00263835 0.000478095 0.000313717 0.00903317 0.335267 0.0684473 0.000964097 
0.0212775 0.0383985 0.0498148 0.142988 0.696885 0.00124344 1.13212e-06 0.0011009 0.0405151 0.00776048 1.44049e-05 
0.0270761 0.0688925 0.0767063 0.000116068 0.0701179 0.00145583 6.27975e-05 0.539349 0.112469 0.103219 0.000535208 
0.116008 0.155438 0.174767 0.00370277 0.0104898 0.0161397 0.000708325 0.0703875 0.397184 0.0542066 0.000968363 
2.61518e-05 0.00062335 0.00011124 0.000794305 8.2188e-05 1.06526e-05 3.34518e-06 0.00296943 0.000323504 0.0146321 0.980424 
0.854013 0.00280968 0.0394815 0.0393489 0.00109227 0.000393333 4.57652e-06 0.00103762 0.0538758 0.00776932 0.000174203 
0.143138 0.223906 0.0196083 0.0116558 0.0409355 0.000147163 8.23858e-06 0.0011214 0.543978 0.0154457 5.59264e-05 
3.67275e-07 0.207763 0.00235214 1.11246e-06 0.00212366 0.00496425 1.87025e-09 0.75935 0.0223739 0.00107165 7.46699e-09 
5.53952e-05 0.152239 0.0014106 3.76432e-05 0.00104551 0.000506274 3.67245e-05 0.843668 0.000320929 0.000595386 8.44475e-05 
0.00762526 0.00291926 0.00288426 0.00158922 2.82863e-07 5.40534e-07 1.15163e-10 0.94357 0.0408253 0.000585871 2.175e-07 
