0.00375396 0.340534 0.0793929 4.24166e-07 0.0198553 0.101804 4.41929e-10 0.00761222 0.410057 0.0369905 8.93608e-07 
0.692872 0.0117251 0.0885161 0.0147667 0.00286514 0.0238034 7.69573e-05 0.0028439 0.155258 0.00638065 0.000892244 
0.000127039 0.00216481 2.47465e-05 0.000126771 2.8588e-05 8.12249e-05 2.92569e-08 0.990378 9.8201e-05 0.00687639 9.38014e-05 
0.08201 0.610768 0.0187341 0.163434 0.00340948 0.00467384 0.00198449 0.0249279 0.0623948 0.0256382 0.00202495 
0.154268 0.0146185 0.0279036 9.43992e-07 6.86843e-09 9.99122e-06 5.46282e-09 0.762944 0.0196406 0.0206141 2.18104e-08 
0.000293717 0.000717646 0.000105389 0.000111625 1.36579e-07 2.5047e-07 1.08628e-07 0.997975 0.000575261 0.00022025 4.337e-07 
0.0905308 0.181478 0.0123653 0.0102855 0.0102106 0.00197584 0.00105939 0.0183861 0.0699136 0.589035 0.0147593 
0.0647885 0.261052 0.0405104 0.0241119 0.0411448 0.00014823 1.3819e-05 0.0657384 0.470314 0.0319581 0.000220411 
0.00135134 0.00113138 0.00256668 0.000129768 0.000241422 0.00220727 1.31122e-05 0.990595 0.00108881 0.000631447 4.40127e-05 
0.0706639 0.059015 0.0349818 0.0970172 0.00553064 0.00857344 0.00192746 0.45436 0.114949 0.139609 0.013373 
0.0809844 0.382088 0.0668623 0.0141822 0.0580125 0.239334 5.1397e-05 0.0363816 0.111524 0.0105206 5.86858e-05 
0.0163528 0.0211258 0.649996 0.000148281 0.000179498 0.015767 1.41807e-05 0.0248479 0.0520873 0.217079 0.00240177 
0.00144836 0.697882 0.00371239 0.00144773 0.0519453 0.119052 2.39872e-05 0.0689259 0.0422707 0.0114076 0.00188453 
0.0212246 0.653293 0.018501 0.0597945 0.00232284 0.00582308 0.000839467 0.00447514 0.213698 0.018192 0.00183607 
0.0331465 0.0527459 0.105165 0.371297 0.125209 0.00570366 6.19752e-05 0.23251 0.00904378 0.0646712 0.000445599 
0.0463417 0.0208693 0.0753249 7.71308e-06 0.435512 0.0397431 6.35066e-06 0.150844 0.0877074 0.14359 5.30977e-05 
0.0948667 0.0014803 0.000642701 0.000821207 0.0235227 0.000222203 7.92515e-05 0.743907 0.0025019 0.131144 0.000811589 
0.223703 0.392452 0.0386239 0.0510985 0.00297162 0.0248689 6.8004e-05 0.203553 0.051814 0.0103605 0.000486902 
0.0605917 0.0319553 0.00606688 0.000493124 0.0102697 0.0111015 4.69156e-05 0.64569 0.0392349 0.184848 0.00970182 
0.437745 0.0329047 0.00236786 2.76621e-07 0.0416213 2.57639e-06 8.26644e-08 0.0207128 0.0977878 0.366858 8.94303e-08 
0.35775 0.293365 0.00187837 0.00201938 0.0252385 0.00200083 2.76487e-05 0.00102069 0.276765 0.039782 0.000151767 
0.00849631 0.0119353 0.060711 0.000263379 0.0146296 0.00218988 2.29218e-05 0.596858 0.02095 0.280955 0.00298885 
0.0685104 0.638871 0.00656392 0.0762449 0.00224037 0.000137931 7.03889e-05 0.117021 0.0387111 0.0512417 0.00038783 
0.0556856 0.626957 0.0334323 0.00727761 0.00423808 0.0546481 0.000121849 0.0954387 0.0782662 0.0431558 0.000778984 
0.00120124 0.232674 0.0068425 5.10431e-06 1.08662e-09 0.0118852 8.64243e-10 0.464293 0.129656 0.153424 1.83575e-05 
0.00677956 0.342008 0.111532 0.00101649 0.0429688 0.00077433 0.000561884 0.356594 0.132935 0.00394384 0.000886768 
0.0107987 0.0134606 0.933216 1.21434e-05 0.000246861 0.00962346 9.93075e-07 0.0189503 0.012069 0.00161907 3.15875e-06 
0.739738 0.042238 0.0391214 5.65183e-06 0.0170944 0.000653674 7.56862e-07 0.000645362 0.146603 0.0138969 2.3317e-06 
0.00247248 0.0289695 0.000315726 0.83621 0.00045286 5.74725e-05 3.46715e-05 0.121822 0.00439887 0.00469514 0.000571213 
0.205332 7.47452e-07 0.0136051 0.000523885 0.0059797 0.00844427 7.47405e-07 0.453813 0.241146 0.0666713 0.00448258 
0.065859 0.796217 0.00398656 0.004463 0.0203388 0.000218288 1.30859e-05 0.0043899 0.0221807 0.0719323 0.0104012 
0.0384455 0.677765 0.0400365 0.0117677 0.0099095 0.00449201 5.67704e-06 0.0117806 0.201505 0.00428037 1.2565e-05 
0.0395572 0.0295986 0.0752495 0.00049888 0.0221952 0.00176412 0.000149888 0.412897 0.113817 0.254445 0.0498269 
0.0566921 0.0806047 0.0600321 2.92324e-05 0.00054576 0.000622661 5.60349e-07 0.016087 0.386152 0.39913 0.000103663 
0.0223903 0.508896 0.0278122 0.0422888 0.00117417 0.00161784 0.00030267 0.295346 0.0131673 0.0846322 0.00237279 
0.0422557 0.0801074 0.00741116 0.00261269 0.340829 1.14786e-06 1.92241e-07 0.435028 0.0917536 9.38965e-07 2.97342e-07 
0.00200601 0.00542702 0.00335553 0.000499544 0.000701002 0.000857154 1.5483e-07 0.0245974 0.941427 0.021129 6.1816e-07 
0.10043 0.0696585 0.0262981 0.000358854 0.0113406 0.000402386 2.04567e-05 0.320029 0.207231 0.264131 0.000100529 
0.0616786 0.244592 0.0459274 0.0348886 0.341739 0.0175929 0.000196612 0.00141427 0.191524 0.0594277 0.00101842 
0.000285822 0.000199925 0.000156594 4.72039e-08 0.000367968 0.00116195 3.22018e-08 0.96269 0.0349951 7.87053e-05 6.38635e-05 
0.0436207 0.0178263 0.0133556 4.26404e-06 0.00171197 0.000203017 1.65585e-06 0.00771258 0.000685151 0.914622 0.000256489 
0.00176895 0.0723938 0.12623 0.0004782 0.0217019 0.012335 2.76539e-07 0.677897 0.0359618 0.0506945 0.000538559 
2.33772e-05 2.34084e-05 0.00221335 2.22774e-08 1.91077e-08 0.270292 1.51973e-08 0.010397 0.716992 5.90339e-05 6.06755e-08 
0.0970195 0.266384 0.106149 0.00890974 0.0394096 0.0211578 0.00372978 0.157282 0.256247 0.0361784 0.00753282 
0.554151 0.115529 0.0567211 5.26599e-10 0.0126147 8.28314e-10 3.59238e-10 0.193689 0.0525084 0.0147867 1.43426e-09 
0.0272017 0.687403 0.00617723 0.0215053 0.0038232 0.107903 2.2544e-06 0.0869967 0.0328169 0.0260947 7.694e-05 
0.012795 0.00734564 0.000284763 0.925859 0.000113012 0.000105822 2.20728e-05 0.0475837 0.00190647 0.00289211 0.0010921 
0.0019401 4.16787e-06 0.275995 1.69793e-07 0.000709137 0.00105011 1.1583e-07 0.71056 0.00948764 0.000253049 4.62453e-07 
0.00550718 0.00590374 0.0217523 1.80008e-08 0.00566895 2.83144e-08 1.22799e-08 0.797353 0.140304 0.0226457 0.000864814 
0.0379079 0.190635 0.0111304 0.00691151 0.541922 0.0035332 0.00110804 0.00918588 0.16517 0.00537527 0.0271197 
0.110082 0.0528994 0.110364 0.000131812 0.0151125 0.0072116 9.89828e-05 0.517214 0.101155 0.0856252 0.000106027 
0.854013 0.00280968 0.0394815 0.0393489 0.00109227 0.000393333 4.57652e-06 0.00103762 0.0538758 0.00776932 0.000174203 
0.0245409 0.22839 0.00329876 0.619292 0.00156388 0.00162321 0.000142079 0.0388462 0.0652051 0.016313 0.0007848 
0.197567 0.0294809 0.0968393 4.83859e-08 0.00808346 0.00169239 2.11399e-09 0.00780646 0.651229 0.0073022 8.44014e-09 
8.86161e-05 0.0175473 0.000216568 3.88232e-07 9.31745e-05 0.0034923 2.64846e-07 0.976045 0.000419289 0.00209648 1.0574e-06 
0.727586 0.162951 0.00830507 1.33638e-05 0.0533054 4.00481e-09 1.73688e-09 0.00671137 7.66499e-07 0.041127 6.93449e-09 
0.0543118 0.324899 0.0911397 0.000120622 0.0553514 0.0360727 4.72891e-05 0.0260244 0.320507 0.0914371 8.95171e-05 
0.0723424 0.0270348 0.0210109 1.2294e-07 0.0067296 1.88648e-06 6.26726e-11 0.0252992 0.66094 0.186638 2.5336e-06 
0.00242357 0.95133 0.0191599 3.99914e-05 0.00426286 0.00201461 1.83686e-05 0.00711522 0.0124785 0.00111608 4.0543e-05 
0.132829 0.503443 0.100436 0.109901 0.0121366 0.000846063 0.000534977 0.0194704 0.110094 0.00975249 0.000554806 
0.185468 0.117873 0.0107233 0.124302 0.00572755 0.108823 0.00290315 0.0701145 0.0752132 0.260628 0.0382245 
0.0560197 0.597161 0.0305827 0.000980818 0.00600304 0.0176979 0.000136029 0.0180351 0.213191 0.0530444 0.00714777 
0.0122801 0.0332366 0.0269559 5.24186e-07 0.00781376 0.000840294 1.43997e-09 0.893482 0.0197491 0.00563867 3.33277e-06 
0.00368803 0.346687 0.000348956 0.00692147 0.00366464 0.000772086 7.24946e-05 0.0228193 0.0369282 0.185095 0.393002 
0.0242429 0.00675997 0.0471665 0.000175145 0.00684391 0.00266052 9.21244e-05 0.631949 0.150239 0.0686741 0.0611974 
0.00142601 0.0299225 0.00244789 3.40316e-05 5.88644e-08 2.01066e-06 4.68179e-08 0.0869526 0.0334514 0.845641 0.000122341 
0.00450929 0.0201597 0.067599 6.66354e-07 0.334395 0.0138381 4.5066e-10 0.0510457 0.480548 0.0278784 2.56792e-05 
0.299766 0.0222833 0.0485267 1.16058e-05 0.0130528 1.08306e-08 4.69719e-09 0.0904802 0.154264 0.371604 1.1204e-05 
2.62309e-06 0.458047 0.0109707 2.61504e-10 0.0773235 0.00447669 1.78394e-10 0.117961 0.267223 0.0639951 7.12239e-10 
0.260692 0.111703 0.0276844 0.0182173 0.0297408 0.00481399 0.000166472 0.00346601 0.541052 0.0020417 0.000422345 
0.0122106 0.0124394 0.00832987 1.18953e-07 0.0884562 4.08777e-05 8.11483e-08 0.87312 0.00509336 0.000248574 6.07348e-05 
0.0582151 0.00999325 0.0237313 5.75199e-06 0.00122858 1.25323e-05 3.28378e-06 0.631811 0.252409 0.0224095 0.000180394 
0.00824535 0.00842072 0.0157717 3.54263e-05 0.0202997 0.000118362 2.64294e-08 0.912901 0.00191545 0.0319569 0.000335285 
0.00910473 0.0538033 0.025117 0.000184722 0.542365 0.00231633 4.62532e-07 0.026934 0.085715 0.254197 0.000262763 
0.000343434 0.0067913 0.121616 1.15769e-05 0.00695309 0.0131184 5.46725e-07 0.725281 0.00032626 0.125525 3.34453e-05 
0.0120004 0.0421653 0.00823973 0.000938995 0.809854 0.00748507 1.41087e-10 0.0237086 0.0882327 0.00737464 3.95043e-07 
0.211244 0.203227 0.0236047 0.0260741 0.00402378 0.0303485 0.000143463 0.273096 0.19323 0.0347974 0.000211109 
1.78774e-05 0.102828 0.0381358 6.63486e-06 0.246656 2.51607e-09 1.09121e-09 0.269165 0.288693 0.0544969 4.35668e-09 
0.00986249 0.0235627 0.0116901 0.86207 9.70694e-05 0.00013417 5.49369e-05 0.0386153 0.0173437 0.0361663 0.000403791 
0.168162 0.0852459 0.162954 0.000163217 0.00702785 0.0539886 8.97016e-05 0.189493 0.224979 0.106844 0.00105281 
0.0287626 0.793205 0.0011828 0.000130579 0.00912819 0.000508345 9.42103e-05 0.0211642 0.0802049 0.0653315 0.000287347 
0.0685341 0.121537 0.0278178 0.00475104 0.0397714 0.000335506 0.000276514 0.218559 0.104325 0.370254 0.0438388 
1.1257e-06 0.00288478 0.000394793 2.01628e-07 2.53062e-07 7.19292e-07 3.354e-11 0.983493 8.70188e-07 0.0103172 0.00290711 
0.139178 0.458942 0.0111387 0.000371409 0.0100101 0.17461 4.09756e-05 0.00779934 0.196429 0.00142896 5.09343e-05 
0.0478994 0.66004 0.000618445 8.10941e-07 0.0018571 0.00272979 5.63052e-07 0.256415 0.0303844 1.30369e-06 5.34e-05 
0.019256 0.0251621 0.110978 7.3557e-05 8.41135e-07 5.57338e-09 2.41716e-09 0.70858 0.0970138 0.0389354 9.65053e-09 
0.0156069 0.0952291 0.00270924 0.723333 0.00288342 0.000626492 0.000189314 0.0477822 0.0941172 0.0135121 0.00401071 
0.00813382 0.206118 0.0393156 0.0183154 0.00237296 0.0164501 0.000153342 0.398776 0.126701 0.131851 0.0518119 
0.132099 0.0899508 0.378076 0.000849417 0.0182103 0.0319919 0.000225887 0.0162069 0.1619 0.170009 0.000480471 
0.00142219 0.13046 0.00146683 0.000330002 0.000256509 0.000125245 4.58449e-07 0.860057 8.48343e-07 0.00578355 9.74784e-05 
0.077892 0.233256 0.0147989 0.0262738 0.0167985 0.00387234 0.00185965 0.0168172 0.209136 0.365743 0.0335532 
0.158641 0.00212425 0.00690581 2.05166e-05 0.000142852 0.000305123 1.07386e-08 0.039896 0.695067 0.0968876 1.01798e-05 
0.0215199 0.522784 0.0317213 0.00112484 0.0018592 0.00207575 2.48046e-07 0.289371 0.0180355 0.110679 0.000828684 
0.0242276 0.0168472 0.0347342 0.000344799 0.000514408 0.0174444 4.60856e-05 0.824849 0.0659392 0.0148727 0.000180367 
0.00762526 0.00291926 0.00288426 0.00158922 2.82863e-07 5.40534e-07 1.15163e-10 0.94357 0.0408253 0.000585871 2.175e-07 
1.24761e-06 0.00585471 0.0161698 9.9204e-05 1.72178e-08 3.15755e-08 1.36942e-08 0.592138 0.00971447 0.0297949 0.346228 
0.243644 0.520044 0.0278496 0.010086 0.020974 0.00111731 8.92852e-05 0.00597959 0.16335 0.00664516 0.000220394 
0.0193852 0.0299592 0.00837326 2.51405e-06 0.205654 0.00344795 1.43448e-06 0.690224 0.0297539 0.0131959 2.77373e-06 
0.609522 0.00247802 0.0250687 0.0260281 0.00198996 0.000405942 2.24136e-05 0.00254676 0.0743575 0.253277 0.0043031 
0.59891 0.172759 2.73863e-05 2.61177e-08 0.0212711 0.000159491 1.11379e-11 3.87656e-05 0.156704 0.0501304 4.4468e-11 
0.00247248 0.0289695 0.000315726 0.83621 0.00045286 5.74725e-05 3.46715e-05 0.121822 0.00439887 0.00469514 0.000571213 
0.00668817 0.239321 0.0847274 0.000277476 0.00187039 4.42049e-07 3.26443e-07 0.317355 0.329238 0.0112263 0.00929581 
0.00289574 0.000605004 0.263608 0.000716244 0.0198309 0.061223 1.07091e-08 0.644043 0.00581512 0.00126342 4.27562e-08 
0.57784 0.0237492 0.0126589 0.077912 0.0226416 0.000471333 3.83918e-05 0.000885453 0.230109 0.0533804 0.000313645 
0.122131 0.0574134 0.0357532 0.0222685 0.00295834 0.00279552 0.000721625 0.363715 0.055372 0.334957 0.00191398 
0.0127745 0.245272 0.00199981 0.000217546 0.00205957 1.03863e-07 2.90235e-09 0.52161 0.00287398 0.154396 0.0587959 
0.0231052 0.0231799 0.850955 0.00166156 0.00120866 0.0152474 7.54975e-07 0.00219013 0.0369995 0.0445457 0.0009062 
0.00259122 1.57283e-05 0.0325882 5.05403e-07 2.24534e-06 0.0215502 5.03013e-07 0.941943 4.25306e-06 0.00130344 1.0381e-06 
0.145817 0.0542683 0.222268 0.000856279 0.00460281 0.000987754 0.00029675 0.387427 0.141821 0.0409434 0.000711312 
0.132829 0.503443 0.100436 0.109901 0.0121366 0.000846063 0.000534977 0.0194704 0.110094 0.00975249 0.000554806 
1.32291e-07 1.60942e-06 0.168286 9.18032e-08 0.0169713 0.027055 2.98082e-11 0.382422 0.0892577 0.316004 1.89237e-06 
0.194918 0.60425 0.0415114 0.00241825 0.0225098 0.00820561 7.49307e-07 0.0182103 0.104522 0.00345137 1.91666e-06 
0.0818107 0.413906 0.0131544 0.00885711 0.0391728 0.000785745 0.000127112 0.00338739 0.387085 0.0512028 0.000511473 
0.081899 0.023477 0.686607 0.00352342 0.0345406 0.016321 0.000108463 0.010817 0.125419 0.0171271 0.000159676 
0.0384602 0.824162 0.0225786 0.0387336 0.000834471 0.00108295 0.000103666 0.0213722 0.0471345 0.00497479 0.000562575 
0.0146414 0.136421 0.193295 0.00320871 0.133576 0.00356765 0.00210204 0.0924732 0.0240847 0.388383 0.0082476 
0.0145443 0.06719 0.0504788 2.44007e-05 0.612505 0.0403996 9.16259e-06 0.065707 0.102299 0.0465123 0.000330149 
0.0232726 0.239127 0.0219654 6.34815e-10 0.61396 0.00240735 4.33061e-10 0.0935309 0.00500066 0.00073652 1.76998e-07 
0.0315606 0.135284 0.000165598 2.18163e-06 0.767694 7.92861e-05 1.19605e-06 8.25592e-06 0.0487853 0.016083 0.000336 
0.00112725 0.060714 0.0581794 7.73513e-06 0.0138166 0.000744593 4.58817e-07 0.168491 0.531237 0.165676 5.72852e-06 
0.0853238 0.0924918 0.0898706 0.00918114 0.0124238 0.00656709 0.00372702 0.206022 0.183544 0.283617 0.0272319 
0.0854861 0.0971322 0.176938 0.000604537 0.000663403 0.000421935 0.000327807 0.0265027 0.556375 0.0551966 0.000351814 
0.0141301 0.00563235 0.0597308 0.000889071 0.00180264 0.00157781 0.000515298 0.353983 0.00158966 0.368309 0.191841 
0.0865378 0.244611 0.25167 0.00613439 0.00744789 0.00427367 0.00367655 0.0844645 0.267659 0.0380009 0.00552535 
0.213291 0.010624 0.0666211 7.5003e-08 9.14906e-07 8.61797e-07 1.04399e-11 0.594607 0.111854 0.00295094 5.01261e-05 
0.0286875 0.00464182 0.139456 8.93036e-05 0.00752149 0.0440263 7.27849e-06 0.668402 0.100946 0.00619937 2.31285e-05 
0.030645 0.394578 4.01843e-05 1.54834e-10 0.567159 2.43547e-10 1.05626e-10 3.88774e-07 0.00377122 0.00370501 0.000101636 
2.56268e-06 2.03798e-05 1.40066e-05 7.10506e-08 6.09411e-08 1.11759e-07 4.84696e-08 0.580028 0.269761 0.150156 1.87348e-05 
0.000341874 0.0310442 0.132503 5.76937e-06 0.00129806 2.28425e-06 1.47491e-06 0.208776 0.0588693 0.567155 3.068e-06 
0.000122686 0.000654007 0.000171171 4.44886e-05 0.00638934 2.09418e-06 3.41191e-08 0.140759 0.00287104 0.848984 2.12207e-06 
0.854013 0.00280968 0.0394815 0.0393489 0.00109227 0.000393333 4.57652e-06 0.00103762 0.0538758 0.00776932 0.000174203 
0.0720902 0.460235 0.00991598 0.00514515 0.101503 0.0295762 0.000111398 0.0726556 0.212707 0.0358967 0.000164673 
0.0877241 0.014879 0.000900371 3.85442e-05 5.29081e-05 0.000292195 6.2365e-06 0.00976382 0.769791 0.116509 4.25884e-05 
0.0231052 0.0231799 0.850955 0.00166156 0.00120866 0.0152474 7.54975e-07 0.00219013 0.0369995 0.0445457 0.0009062 
0.130401 0.0150116 0.000897273 3.81809e-07 0.0278649 3.25414e-07 1.13998e-07 6.01209e-05 0.786303 0.0394592 1.64801e-06 
0.0375393 0.0146385 0.16726 1.45814e-05 0.0240596 1.46864e-06 5.8689e-07 0.628662 2.23357e-05 0.029184 0.0986179 
0.0163929 0.00340454 0.0287509 0.234038 0.69412 0.00161704 4.01652e-06 0.000847614 0.0154822 0.00533295 1.02484e-05 
0.058524 0.106362 0.420053 0.000987957 0.0192658 0.031266 7.62799e-06 0.277631 0.0816276 0.00408183 0.000193566 
0.132829 0.503443 0.100436 0.109901 0.0121366 0.000846063 0.000534977 0.0194704 0.110094 0.00975249 0.000554806 
0.0745301 0.0587951 0.0164031 0.031077 0.0359378 0.00988187 0.000125702 0.0979412 0.669334 0.00548988 0.000484354 
0.567039 0.0712198 0.178564 0.00502215 0.00977379 0.00273252 0.000117144 0.0177782 0.120247 0.0270947 0.000411239 
0.0372661 0.0612662 0.138875 0.0474996 0.0212372 0.000943522 0.000893595 0.464391 0.0175443 0.0801196 0.129964 
0.184103 8.67524e-05 2.57084e-05 0.00937278 7.0802e-05 7.94896e-05 5.84455e-09 2.9888e-05 0.0418416 0.764384 5.65207e-06 
0.022245 0.0464008 0.490807 0.0010977 0.00525419 0.011988 9.59052e-05 0.199403 0.116426 0.0939416 0.0123418 
7.1832e-07 0.000439642 0.0854172 4.45547e-05 2.5807e-07 3.64027e-11 1.57878e-11 0.894504 0.0195935 2.71989e-07 4.41859e-08 
0.0212246 0.653293 0.018501 0.0597945 0.00232284 0.00582308 0.000839467 0.00447514 0.213698 0.018192 0.00183607 
0.0854552 0.031872 0.0095033 0.00141358 0.066006 0.00190209 2.93575e-05 0.23929 0.432223 0.104456 0.0278491 
0.250048 0.215261 0.0892412 0.000139316 0.0562108 0.00511254 1.92768e-07 0.00136988 0.356473 0.026143 1.0827e-06 
0.00199474 0.0986235 0.0284615 5.06875e-06 0.00406328 0.679929 2.93207e-09 0.171594 0.00581842 0.0095108 6.57612e-08 
0.0405924 0.118524 0.0880709 3.29131e-05 0.0378276 0.0192877 2.05172e-05 0.559048 0.0785152 0.0580128 6.75694e-05 
0.0575725 0.0125113 0.000392744 0.0028952 0.0403835 3.03474e-05 2.49076e-05 0.000232947 0.0620306 0.823811 0.000114474 
0.130708 0.371822 0.0640587 0.00223919 0.0202786 3.42815e-05 8.72583e-07 0.00256473 0.148812 0.259479 2.96254e-06 
0.02771 0.109764 0.04204 0.26812 0.00429497 0.000998653 0.000114587 0.46554 0.0715361 0.00919192 0.000690723 
0.0360233 0.494421 0.00323077 0.0026951 0.0235561 0.00062183 0.000226208 0.00024978 0.424798 0.0135676 0.000610621 
0.0428347 0.075646 0.0193142 0.000328232 0.0143657 0.0004446 4.86521e-05 0.0296191 0.17621 0.570692 0.070497 
0.284205 0.17299 0.201749 0.00759102 0.113154 0.00381244 0.00297018 0.0102391 0.117446 0.0816536 0.00418892 
0.0138621 0.623688 0.0464543 0.122928 0.041163 0.00927436 0.000323245 0.00262557 0.130421 0.008195 0.00106419 
0.0164496 0.210292 0.0262053 5.66722e-05 0.645969 0.0119086 3.22591e-08 0.00654796 0.0244798 0.0580891 2.90703e-06 
0.0360468 0.00460977 0.00723871 6.21462e-07 0.233808 4.07303e-06 9.68962e-10 0.00532848 0.0191536 0.691213 0.00259757 
0.238983 0.0162265 0.233483 7.76137e-10 0.00347936 1.22083e-09 5.29469e-10 0.408647 0.0626752 0.0365063 2.11391e-09 
0.00176895 0.0723938 0.12623 0.0004782 0.0217019 0.012335 2.76539e-07 0.677897 0.0359618 0.0506945 0.000538559 
0.00780904 0.0563942 0.00538886 3.2247e-08 0.0211169 2.80026e-06 1.30192e-11 0.00700178 0.773421 0.126289 0.00257647 
1.09543e-06 5.27198e-07 0.000827033 0.0003991 2.47043e-06 1.52983e-06 5.01932e-10 0.99804 0.000527709 0.000199221 1.31794e-06 
0.147337 0.0241137 0.107272 4.1859e-05 0.0065975 0.00276543 3.59219e-05 0.620061 0.0910735 0.000641065 6.00216e-05 
0.0443866 0.842486 0.00221244 0.0195022 0.00195685 6.96757e-05 2.81595e-05 0.00266425 0.0216846 0.0414769 0.023532 
0.00909113 0.0354161 0.0179683 0.000848844 0.00126594 0.000502715 1.15824e-10 0.883081 0.0306456 0.0210039 0.000176219 
0.0249666 0.00989181 0.110129 0.00312618 0.000795769 0.000640762 0.000187917 0.501825 0.0102292 0.306468 0.0317398 
0.047995 0.0103562 0.0101609 4.39767e-05 0.00392749 0.00364136 1.8164e-05 0.889882 0.00808249 0.02584 5.26612e-05 
0.290712 0.0609996 0.00225099 5.96174e-05 0.0046367 0.000644971 3.66994e-05 0.00670004 0.27733 0.356565 6.41391e-05 
0.0117162 0.318185 0.108825 0.0435603 0.0141857 0.0236542 0.00618777 0.286859 0.131812 0.0256157 0.0293995 
0.0127708 0.013691 0.028963 0.809654 0.00736393 0.00213891 0.000172872 0.0969908 0.0146832 0.0127711 0.000800196 
0.0984927 0.0764686 0.0609544 0.647293 0.00441307 0.000232346 0.000196058 0.0273393 0.0580215 0.0260988 0.000490039 
0.0985755 0.17832 0.301263 0.00908998 0.0126026 0.00612732 0.00180672 0.100728 0.234991 0.0545111 0.00198479 
0.153137 0.234491 0.232282 0.0123081 0.00252132 0.00571406 6.47275e-06 0.082654 0.0925375 0.170125 0.0142225 
0.0870873 0.0577801 0.0106496 1.79194e-05 0.0332735 0.000697211 8.17449e-06 0.396257 0.239374 0.174796 5.87934e-05 
0.0240105 0.0675333 0.0261448 0.000144322 0.00211905 0.00137331 6.69858e-05 0.716868 0.153612 0.00801019 0.000117251 
0.674593 0.176172 0.00970141 0.00347777 0.0167596 0.00246933 0.000487024 0.00135548 0.0768363 0.036738 0.00140984 
0.106909 0.00202331 0.00666895 0.000186209 0.132843 0.00166534 1.97983e-05 0.4638 0.166213 0.119642 3.00214e-05 
0.075272 0.260693 0.00413643 0.0659905 0.000123118 1.42632e-05 4.32844e-06 0.42422 0.130403 0.0319054 0.0072381 
0.00247248 0.0289695 0.000315726 0.83621 0.00045286 5.74725e-05 3.46715e-05 0.121822 0.00439887 0.00469514 0.000571213 
0.194127 0.0136238 0.0119323 0.00111957 0.000410676 0.000130068 0.000110009 0.672638 0.0130837 0.0368758 0.0559494 
0.104612 0.0467759 0.0880605 0.00185765 0.0182157 0.00348619 0.00150475 0.0309713 0.352821 0.349416 0.00227939 
0.0661992 0.66869 0.0623831 0.00878196 0.0143998 0.000195269 0.000138402 0.0922036 0.0610755 0.0251468 0.000786647 
0.266062 0.462836 0.00159983 0.000408057 0.00718976 5.09526e-05 3.26076e-05 0.00045 0.248424 0.0128505 9.63401e-05 
0.000926043 0.0291523 0.0634591 0.000226646 0.22242 0.0187754 1.97325e-10 0.310593 0.0250283 0.329104 0.000315065 
0.12187 0.00452522 0.0504545 0.00999757 0.775717 0.0052331 9.79325e-07 0.00755378 0.0232201 0.00120807 0.000220389 
0.0189957 0.0126301 0.0526823 1.25541e-05 0.168131 0.00266425 7.69801e-06 0.0139894 0.709513 0.000353599 0.021021 
0.00755084 0.00248956 0.0381471 1.29497e-07 0.00710685 0.00118223 5.42903e-09 0.886635 0.0552174 0.0016682 2.85905e-06 
0.0091759 0.783487 2.11319e-05 0.0147065 0.148143 0.000211689 2.33525e-08 0.0101489 0.01841 0.0154762 0.000219751 
0.0523034 0.0293008 0.0190609 0.000173187 0.0757518 0.000590423 5.10051e-07 0.0989348 0.0516218 0.672225 3.69891e-05 
0.0198171 0.0564272 0.0201816 1.66258e-05 0.00657643 0.00238122 8.93767e-08 0.383147 0.18908 0.279737 0.0426363 
0.000220833 0.827489 0.00616517 0.000303643 0.0141669 8.5928e-05 1.41481e-07 0.0503893 0.10104 0.000137898 5.64866e-07 
0.0445928 0.0179901 0.459641 0.00898456 0.0765751 0.0058045 1.16061e-05 0.0697644 0.256996 0.0589313 0.000708187 
0.14644 1.15307e-06 0.0100819 4.65778e-05 0.000105282 0.00285987 1.14946e-06 0.636104 0.191215 0.0124552 0.000689533 
0.0275465 0.119164 0.0389903 1.88252e-06 0.00107818 0.000156553 1.92027e-07 0.0121635 0.799795 0.00110019 3.37499e-06 
0.0238089 0.0148552 0.0250558 0.000206693 0.516273 0.000343435 4.21172e-05 0.348003 0.0695819 0.00164939 0.000180322 
0.206182 0.200149 0.14146 0.00466464 0.0128199 0.0501962 0.00295753 0.167287 0.164877 0.0402701 0.00913735 
0.0416403 0.0301642 0.00805992 5.60487e-05 0.00658296 3.98287e-05 2.48969e-05 0.144956 0.121655 0.527591 0.119229 
0.757935 0.0718616 0.010311 0.0927223 0.00620378 0.00121715 0.000195482 0.00128241 0.0242772 0.03375 0.000243596 
0.0782499 0.628934 0.0346976 5.69917e-05 0.192262 0.0106727 2.16221e-06 0.00361369 0.0429997 0.00850434 6.66115e-06 
0.0218761 0.14286 0.302145 2.47297e-05 0.00186786 0.0041167 1.85667e-08 0.40183 0.118315 0.00696505 7.41278e-08 
0.0146147 0.634026 0.0434057 0.00451562 0.00829189 0.000214689 2.21323e-07 0.099243 0.0379827 0.145475 0.01223 
0.0269252 0.0760586 0.0236164 5.37704e-06 0.427864 0.00399184 7.32192e-08 0.0632972 0.0555938 0.322619 2.92477e-05 
2.02172e-06 1.82686e-06 0.0336665 5.87005e-07 1.53292e-06 5.74623e-06 1.62777e-11 0.9474 2.14577e-06 0.0186208 0.000298689 
1.49588e-07 0.000585151 9.6666e-05 0.00023314 6.95586e-11 1.27563e-10 5.53235e-11 0.998411 2.92975e-07 0.000673141 7.73301e-07 
0.132829 0.503443 0.100436 0.109901 0.0121366 0.000846063 0.000534977 0.0194704 0.110094 0.00975249 0.000554806 
0.227982 0.478085 0.0250436 0.00567346 0.0135079 0.0101534 0.000133085 0.0125736 0.174178 0.050681 0.00198948 
0.0124067 0.097298 0.00606993 1.39449e-05 0.00082325 0.000863696 6.48885e-07 0.804224 0.0284969 0.0483053 0.00149731 
0.0226219 0.00907664 0.0825155 1.67503e-05 0.000179816 0.00809671 1.72464e-08 0.674727 0.0119105 0.190634 0.000220455 
0.14366 0.0473659 0.0119992 0.000194249 0.0296782 0.0143966 4.46648e-07 0.0362176 0.705775 0.0106714 4.09591e-05 
0.106342 0.488492 0.111562 0.0772259 0.0139659 0.000516694 0.000388711 0.0113661 0.00522246 0.0179018 0.167017 
0.0908195 0.530303 0.0529586 0.00197268 0.018085 0.0480748 0.000170784 0.0358773 0.18617 0.0208904 0.0146779 
0.453646 0.0114202 0.113585 0.0456997 0.00652774 0.000550299 8.85207e-05 0.230258 0.105599 0.0317732 0.000852174 
0.0441333 0.00888586 0.0166678 1.75561e-05 0.00113508 0.139886 1.40954e-05 0.670891 0.097026 0.0211811 0.000162819 
0.0328192 0.0751037 0.0129936 0.00437909 0.00172861 0.00224174 0.000224398 0.818082 0.034807 0.0171052 0.000515465 
0.100946 0.0247914 0.0218379 0.00149089 0.00256777 0.0119106 0.000495939 0.253335 0.0596331 0.522333 0.000658738 
0.0854493 0.0120322 0.0670528 0.000924337 0.0192135 0.00141019 0.000466913 0.127845 0.428726 0.25212 0.00476008 
0.101157 0.172711 0.018172 7.1315e-05 0.356231 0.00207299 2.33692e-07 0.0579958 0.0958723 0.193749 0.0019676 
0.0601692 0.72198 0.0302056 0.034162 0.00443141 0.000716078 0.000636883 0.0338257 0.0661182 0.0226685 0.0250868 
0.00263921 0.161824 0.0518523 3.33889e-05 0.0047341 0.000318247 2.61383e-05 0.310135 0.0416696 0.42063 0.00613854 
0.268815 0.0126013 0.0534455 0.00198719 0.00927954 0.0116767 0.000101742 0.056836 0.0380564 0.54706 0.000140699 
0.0355846 0.1286 0.110098 0.0319035 0.00690896 0.00110379 0.00030349 0.0339636 0.0567543 0.594323 0.000456947 
0.169641 0.136381 0.0391295 0.00166047 0.0183753 0.00264508 0.00096314 0.0131186 0.549939 0.0660345 0.00211286 
0.116927 0.0306258 0.00701532 0.000347334 0.00810726 6.98772e-07 6.72093e-10 0.769525 0.00798451 0.0594662 2.33321e-07 
0.0991095 0.0820949 0.0240127 0.0427695 0.00297846 0.104877 0.00236791 0.0610516 0.0764111 0.469823 0.0345041 
0.029263 0.00137139 0.056464 3.24301e-06 0.00572224 0.058324 2.57215e-09 0.795611 0.0247011 0.02854 1.02693e-08 
0.854013 0.00280968 0.0394815 0.0393489 0.00109227 0.000393333 4.57652e-06 0.00103762 0.0538758 0.00776932 0.000174203 
0.958078 1.00809e-05 0.0049792 1.35359e-06 1.08819e-05 5.3215e-10 2.30792e-10 6.98033e-06 0.0106187 0.0262952 9.21439e-10 
0.00176895 0.0723938 0.12623 0.0004782 0.0217019 0.012335 2.76539e-07 0.677897 0.0359618 0.0506945 0.000538559 
0.386972 0.476744 4.96202e-05 0.0014492 0.0241735 5.28443e-07 8.09341e-11 7.95177e-07 0.0939723 0.0165613 7.6864e-05 
0.00015162 0.00379845 0.0246563 9.81636e-07 0.0460118 0.000822592 6.69657e-07 0.803646 0.120817 9.18597e-05 2.67361e-06 
0.0129844 0.883428 0.011539 4.59597e-08 0.00813354 9.27011e-06 1.71332e-08 0.0639631 0.0165411 0.00336992 3.20654e-05 
0.609522 0.00247802 0.0250687 0.0260281 0.00198996 0.000405942 2.24136e-05 0.00254676 0.0743575 0.253277 0.0043031 
0.00176895 0.0723938 0.12623 0.0004782 0.0217019 0.012335 2.76539e-07 0.677897 0.0359618 0.0506945 0.000538559 
0.036974 0.0154123 0.00185578 0.00139781 0.0724927 6.70921e-05 2.85862e-06 0.0169644 0.00603375 0.847684 0.00111485 
0.0528865 0.0789577 0.010088 0.224137 0.0186722 0.00247499 0.000961021 0.196092 0.0248703 0.388117 0.00274345 
7.56335e-06 0.495646 0.286417 1.00626e-09 4.48813e-05 1.5828e-09 6.86456e-10 0.203618 0.0142641 2.02948e-06 2.74068e-09 
0.155825 0.171042 0.0496172 0.000968007 0.000292082 3.59035e-05 2.01262e-07 0.435459 0.0279392 0.158821 8.03541e-07 
0.00762526 0.00291926 0.00288426 0.00158922 2.82863e-07 5.40534e-07 1.15163e-10 0.94357 0.0408253 0.000585871 2.175e-07 
0.854013 0.00280968 0.0394815 0.0393489 0.00109227 0.000393333 4.57652e-06 0.00103762 0.0538758 0.00776932 0.000174203 
3.21292e-07 0.0165999 0.481751 4.91122e-11 1.02787e-06 9.81168e-07 3.35036e-11 0.207274 0.292205 0.00216658 3.74672e-07 
0.252666 0.0151204 0.00189215 9.12085e-05 0.00952811 0.000193183 4.3024e-05 0.0128057 0.211056 0.495981 0.000623233 
0.065859 0.796217 0.00398656 0.004463 0.0203388 0.000218288 1.30859e-05 0.0043899 0.0221807 0.0719323 0.0104012 
0.0279271 0.00382618 0.0433266 2.79337e-05 0.00285868 0.000124181 1.95002e-05 0.0985956 0.00174568 0.782441 0.0391075 
0.227355 0.0130501 0.259677 0.0253119 0.0235874 0.00263877 0.00132485 0.0525123 0.36074 0.0113546 0.0224478 
0.00770959 0.869805 0.00664862 0.015671 0.00869591 0.000776033 3.1998e-06 0.00382322 0.0832967 0.00350404 6.63815e-05 
0.0700601 0.0944662 0.0877913 0.0133802 0.0384691 0.00590183 0.00435103 0.390593 0.105587 0.178943 0.0104568 
0.0782499 0.628934 0.0346976 5.69917e-05 0.192262 0.0106727 2.16221e-06 0.00361369 0.0429997 0.00850434 6.66115e-06 
0.0853158 0.42523 4.64353e-05 2.20846e-09 0.0130143 5.21416e-06 1.50658e-09 2.23697e-06 0.476352 3.34614e-05 6.01503e-09 
0.000477906 0.0576584 0.0119127 0.00121786 0.00751833 5.38784e-05 4.94393e-05 0.909598 0.00683035 0.00225573 0.00242717 
0.0380678 0.216504 0.151343 1.48709e-06 2.30712e-06 7.75642e-07 1.37723e-10 0.326754 0.220166 0.0471604 5.49858e-10 
0.0194378 0.57635 0.0408715 0.00219146 0.0120825 0.00209025 0.00137291 0.264428 0.0217413 0.0478596 0.011574 
0.0128849 0.442566 0.153808 0.000429516 0.00159072 8.1345e-05 1.86769e-08 0.135421 0.252408 2.60731e-07 0.0008115 
0.00972852 0.760329 0.00940389 0.00124061 0.000270136 0.000510684 2.97465e-05 0.0439082 0.124277 0.0499674 0.000334532 
0.00474515 0.0413314 0.0123213 0.00258567 0.00594016 0.00352239 0.00027842 0.785081 0.0707444 0.0729859 0.000464597 
0.00132918 2.68245e-06 0.172976 0.000252675 0.0105046 0.00062337 1.32318e-07 0.801001 7.13052e-06 0.0133028 5.28281e-07 
2.22735e-06 0.00503257 0.0467843 1.05342e-06 0.000284704 2.15767e-06 2.0254e-09 0.910644 2.12033e-05 0.036697 0.000530624 
0.00815897 0.0232027 0.0528703 0.00410354 0.00269018 0.00416858 7.01617e-05 0.817468 0.0827112 0.00330115 0.0012551 
0.000242497 0.0472913 0.00116034 0.00040233 0.00123665 5.61169e-05 9.19159e-06 0.930353 0.0124093 0.00125138 0.00558794 
4.52473e-06 0.0071053 0.0103671 0.000314192 3.10645e-06 0.00310323 1.63294e-09 0.941535 8.72725e-06 0.0375569 2.07836e-06 
0.00554833 0.00947927 0.00556585 3.67209e-05 0.0153347 0.00686009 1.55641e-05 0.818935 0.101897 0.0362135 0.000113189 
0.00247248 0.0289695 0.000315726 0.83621 0.00045286 5.74725e-05 3.46715e-05 0.121822 0.00439887 0.00469514 0.000571213 
0.667374 0.00459972 0.00696463 8.5784e-08 0.0744815 0.0012328 5.85206e-08 0.089233 0.153801 0.00231345 2.33644e-07 
6.47725e-06 1.03678e-05 1.26131e-06 2.82896e-10 1.45611e-06 4.13878e-06 1.92988e-10 0.958398 0.0415633 9.89249e-06 4.77788e-06 
0.00033242 0.00395299 0.0138745 7.35362e-05 0.0105926 1.35104e-05 4.82427e-08 0.0404049 0.00131673 0.105917 0.823522 
0.105988 0.242277 0.040656 0.0286251 0.0176322 0.00614263 0.000116341 0.517728 0.00917313 0.0309395 0.000722526 
0.0754471 0.692749 0.00180677 0.0334228 0.00672985 0.000304756 5.49674e-05 0.00137559 0.170046 0.0169384 0.00112553 
0.113784 0.053908 0.00173048 5.32986e-05 0.00144422 4.0356e-05 1.32045e-05 0.0049799 0.221493 0.602493 6.02678e-05 
2.87631e-05 0.00240614 0.220749 0.000786038 1.0341e-05 8.37533e-05 6.89854e-09 0.737127 0.00717812 0.00371747 0.0279137 
0.0530452 0.135 0.0274292 0.000161073 0.110302 4.74844e-06 2.19362e-06 0.0387472 0.61917 0.016136 3.44303e-06 
0.0154213 0.482555 0.013243 0.0556667 0.0890041 0.000434028 8.92594e-06 0.0051987 0.308476 0.0162278 0.0137645 
0.00972479 0.133683 0.128816 0.136474 0.435937 0.0135826 0.000156832 0.00664929 0.0866876 0.0480948 0.000195774 
0.0225228 0.135149 0.00948413 2.48858e-06 5.27759e-07 0.00423663 8.82772e-08 0.633046 0.0389804 0.156578 1.68234e-07 
0.0962045 0.0405421 0.0905496 3.86726e-05 2.23387e-06 0.671885 6.09493e-08 0.0699421 0.0216394 0.00919673 1.7771e-07 
6.60098e-05 5.89215e-05 0.000290838 2.39861e-07 0.000738136 3.77289e-07 1.63629e-07 0.115997 0.76081 0.122038 6.53292e-07 
0.0472294 0.521312 0.0283824 0.00211743 0.000967097 0.00327634 0.000755014 0.188704 0.0710526 0.134739 0.00146448 
0.685063 0.00626021 0.160195 0.0844229 0.00946114 0.00624393 2.70186e-06 0.00968016 0.0333462 0.00496283 0.000362235 
0.0295282 0.698061 0.0137223 0.00180501 0.00549334 4.18781e-05 2.83558e-05 0.152598 0.053183 0.0129309 0.0326072 
0.534209 0.0002304 0.000355585 6.60218e-07 1.65054e-05 0.000155843 1.97514e-07 1.04644e-06 0.464734 0.000295334 1.90846e-06 
0.0990928 0.458335 0.0230255 0.0619556 0.00376194 0.00363364 0.00337189 0.0593944 0.0663496 0.170821 0.0502589 
0.394142 0.0538701 0.0097485 4.98026e-05 0.0229998 0.000447103 2.94516e-09 0.0250377 0.468991 0.0247144 2.22647e-07 
6.47725e-06 1.03678e-05 1.26131e-06 2.82896e-10 1.45611e-06 4.13878e-06 1.92988e-10 0.958398 0.0415633 9.89249e-06 4.77788e-06 
0.0448672 0.0401761 0.00364053 1.68153e-05 0.0540913 0.00280598 3.38558e-07 0.00095754 0.845074 0.00836861 1.81349e-06 
0.00109647 9.18609e-06 0.010959 0.0101555 0.000302849 3.18582e-05 3.87667e-08 0.957167 3.63602e-05 0.0175818 0.00265962 
0.0448672 0.0401761 0.00364053 1.68153e-05 0.0540913 0.00280598 3.38558e-07 0.00095754 0.845074 0.00836861 1.81349e-06 
0.023773 0.0468827 0.0599495 0.00205168 0.00773897 0.0115813 0.000420124 0.366423 0.0713301 0.351423 0.0584262 
0.0157363 4.92113e-05 0.000122522 1.58281e-05 4.13021e-05 0.0261837 1.28814e-08 0.901091 0.0567318 1.93733e-05 8.97822e-06 
0.10838 0.0804745 0.0212646 0.549237 0.0224005 0.00178724 0.00152763 0.0920442 0.110256 0.00842806 0.00419984 
0.110527 0.00196661 0.00182046 3.75767e-06 3.39541e-06 4.15322e-06 2.61276e-09 0.802252 4.30586e-06 0.0834075 9.99714e-06 
0.000831471 0.301978 8.05772e-05 4.39095e-07 3.76618e-07 6.90675e-07 2.99544e-07 0.00125722 0.000689213 0.695161 1.19593e-06 
0.0431639 0.172856 0.00788515 0.00401034 7.68427e-06 1.2609e-05 1.24609e-09 0.687912 0.00103598 0.083116 4.97504e-09 
0.189187 0.0170016 0.0147956 0.726002 0.000932229 0.000157918 4.01407e-05 0.000974352 0.045503 0.00518214 0.000224323 
0.0372661 0.0612662 0.138875 0.0474996 0.0212372 0.000943522 0.000893595 0.464391 0.0175443 0.0801196 0.129964 
0.113592 0.000486684 0.000828241 3.51903e-05 0.000919314 7.46757e-05 4.07827e-09 0.0142315 0.153627 0.71618 2.51425e-05 
0.00142219 0.13046 0.00146683 0.000330002 0.000256509 0.000125245 4.58449e-07 0.860057 8.48343e-07 0.00578355 9.74784e-05 
0.0783384 0.00471533 0.0337496 1.78677e-08 3.20778e-06 6.03089e-06 1.21891e-08 0.0907068 0.792101 0.000379956 4.8665e-08 
0.0302211 0.00990588 0.0188898 0.00410866 0.00396872 0.000718596 0.000139302 0.0848052 0.0249082 0.818845 0.00348958 
0.0892854 0.316764 0.0663648 0.00170735 0.00423269 0.00654882 0.00132783 0.172532 0.202007 0.137239 0.00199054 
0.0295044 0.388233 0.0389353 0.0113656 0.0270879 0.0200034 0.0016767 0.0536024 0.329388 0.0964255 0.00377716 
0.0700852 0.00123081 0.00104499 0.000634084 0.014197 0.000180661 1.00847e-05 0.558143 0.0229402 0.331417 0.000116898 
0.364335 0.0693446 0.0932004 2.25334e-05 0.0798692 8.15063e-05 4.2158e-06 0.344943 0.0393973 0.00869132 0.000110618 
0.354709 0.0206863 0.0936156 0.00180334 0.471318 9.92298e-06 2.09841e-06 4.83494e-06 0.040878 0.00564099 0.011332 
0.364335 0.0693446 0.0932004 2.25334e-05 0.0798692 8.15063e-05 4.2158e-06 0.344943 0.0393973 0.00869132 0.000110618 
0.854013 0.00280968 0.0394815 0.0393489 0.00109227 0.000393333 4.57652e-06 0.00103762 0.0538758 0.00776932 0.000174203 
0.00176895 0.0723938 0.12623 0.0004782 0.0217019 0.012335 2.76539e-07 0.677897 0.0359618 0.0506945 0.000538559 
0.0357361 0.0634225 0.0911257 0.000222243 0.0325195 0.0102477 3.95023e-05 0.535836 0.133668 0.0970078 0.000175228 
0.0355846 0.1286 0.110098 0.0319035 0.00690896 0.00110379 0.00030349 0.0339636 0.0567543 0.594323 0.000456947 
0.0457278 0.00998221 0.035204 0.00020839 0.00122989 0.00488196 9.07351e-06 0.653995 0.0653175 0.183177 0.000267363 
0.0372661 0.0612662 0.138875 0.0474996 0.0212372 0.000943522 0.000893595 0.464391 0.0175443 0.0801196 0.129964 
0.0459394 0.61245 0.0902396 0.00958841 0.0024294 0.0173688 7.45145e-05 0.115011 0.0461814 0.0573933 0.00332463 
0.00682089 0.00364702 0.018023 8.79619e-06 0.0291597 0.00180017 2.69575e-07 0.921544 0.00557096 0.0134239 1.07628e-06 
0.0102195 0.0821405 0.0392392 0.6726 0.00938208 0.00433044 0.000154366 0.103451 0.0473116 0.0305688 0.000602664 
0.0001437 0.00309327 8.52921e-07 4.93397e-09 0.00013458 1.55994e-06 3.36588e-09 0.995816 0.000498265 0.000311524 1.34383e-08 
0.061171 0.260824 0.00181387 0.00760331 0.592722 3.02971e-05 2.38569e-08 0.000538373 0.0570472 0.0182335 1.65698e-05 
0.0171119 0.507248 0.0058683 0.000141271 0.00500139 0.047219 7.1363e-07 0.224449 0.0675015 0.125454 5.8032e-06 
0.00749475 0.00213046 0.0131097 0.00105995 0.0014313 0.00406088 0.000202902 0.941614 0.0142299 0.0143167 0.000349964 
0.0100328 0.0195177 0.0760246 0.00105709 0.00035937 3.66213e-06 6.06748e-07 0.841749 1.84816e-06 0.0509151 0.00033832 
0.0419815 0.000214591 0.00137116 5.52844e-05 3.51657e-05 4.01056e-05 1.59834e-05 0.139553 0.0456564 0.770923 0.000153717 
0.000101718 3.37973e-05 0.0816048 4.56117e-08 0.00178698 0.000759297 3.11156e-08 0.885154 0.0288184 0.00174038 1.24229e-07 
0.00225524 0.0314258 0.00159757 0.000170911 0.0373856 0.0311485 3.25763e-08 0.847094 0.0427401 0.00610681 7.51756e-05 
0.126487 0.0804003 0.00732207 0.102742 0.00391619 0.128994 0.002113 0.0550419 0.0564296 0.344608 0.0919459 
0.00308384 0.575906 0.00475682 0.000260721 0.000967707 0.00201281 1.24416e-06 0.376681 0.00309669 0.0332269 6.26458e-06 
0.0462014 0.587256 0.0107806 0.0116305 0.00627847 0.00101141 0.000151415 0.0100867 0.192614 0.113801 0.0201886 
0.0142604 0.0397941 0.125453 0.000179924 0.091901 0.00976514 6.36327e-05 0.602241 0.0449732 0.0436961 0.0276728 
0.111714 0.12396 0.0381003 0.0197864 0.0624075 0.00287282 0.00196396 0.414876 0.0281259 0.172845 0.0233478 
0.213893 0.0253022 0.0139528 0.000564137 0.485936 0.0643026 2.07586e-10 0.0142258 0.17044 0.0113824 7.39392e-07 
0.0962045 0.0405421 0.0905496 3.86726e-05 2.23387e-06 0.671885 6.09493e-08 0.0699421 0.0216394 0.00919673 1.7771e-07 
0.121117 0.407714 0.0074831 0.0104956 0.0269676 0.000173472 0.000162757 0.0120854 0.352969 0.060484 0.000348011 
0.00296207 0.00808182 0.0039296 0.000272885 0.00489699 0.000158947 2.46416e-08 0.956639 0.0190319 0.00368443 0.000341952 
0.00488378 0.00956518 0.00138246 0.000221298 0.874713 9.84229e-08 3.74065e-11 0.00204943 0.106829 0.000261388 9.46777e-05 
0.0115534 0.0646425 0.00446157 0.00744318 0.000443046 0.000401186 1.85858e-05 0.0845687 0.111143 0.538504 0.176821 
0.313129 0.125223 0.0638269 0.000118266 0.00560448 0.00267895 8.41553e-05 0.0464577 0.429289 0.0134969 9.15404e-05 
0.0166377 0.00938926 0.0782165 0.000172027 0.0243806 0.0336689 2.72427e-10 0.583843 0.246559 1.48568e-06 0.00713179 
0.075463 0.104444 0.0362257 0.0132031 0.0666528 0.0109936 0.0041296 0.0602043 0.562861 0.0614052 0.00441753 
0.603366 0.284255 0.012219 0.00700371 0.00511824 0.00285922 0.000907439 0.0407111 0.0220478 0.00573313 0.0157785 
0.0125507 0.00113792 0.0220495 2.74917e-06 0.00961016 0.0674996 3.50599e-08 0.771872 0.110617 0.00465271 7.78927e-06 
0.132829 0.503443 0.100436 0.109901 0.0121366 0.000846063 0.000534977 0.0194704 0.110094 0.00975249 0.000554806 
0.122078 0.444106 0.0214989 0.0643913 0.024092 0.161633 0.000218545 0.00833786 0.141651 0.0117699 0.000224133 
3.20204e-05 0.062162 0.000268261 4.1962e-06 1.19573e-08 8.33492e-05 9.51022e-09 0.525309 2.36356e-05 0.412053 6.45863e-05 
0.854013 0.00280968 0.0394815 0.0393489 0.00109227 0.000393333 4.57652e-06 0.00103762 0.0538758 0.00776932 0.000174203 
0.0667641 0.626358 0.0204089 0.0216737 0.00596928 0.00902281 0.00212631 0.112234 0.0834536 0.0469874 0.00500196 
0.110279 0.117535 0.0260603 1.97215e-05 0.0478215 0.201166 2.18943e-06 0.0184504 0.472455 0.00611916 9.10571e-05 
0.0217597 0.021016 0.00227663 2.38803e-05 0.242954 3.90351e-05 5.2924e-09 0.0819049 0.578256 0.0517672 2.55799e-06 
0.210228 0.553884 0.0214997 0.0173802 0.0145996 0.00199228 8.02771e-05 0.0128503 0.150609 0.0110861 0.00579052 
