0.0211019 0.014033 0.184981 0.000235346 5.66561e-05 0.00056043 0.00722343 0.678776 0.0760483 0.016983 1.67016e-07 
0.00532284 0.0107883 0.0209426 0.000204022 0.00586163 0.00086624 0.00617255 0.929726 0.0113515 0.00875958 5.16639e-06 
0.00411742 0.000654257 0.000345886 0.000700139 5.52556e-05 0.000407858 1.44161e-05 0.855542 0.000997307 0.13296 0.00420564 
0.00820249 0.0276138 0.0481999 0.000171983 0.00292102 8.06027e-05 4.50059e-05 0.817583 0.0257409 0.0684262 0.0010149 
1.21492e-05 0.0473682 0.0275863 0.0019384 0.0268888 0.0150405 9.26362e-06 0.837525 0.0436312 1.79648e-08 8.49354e-08 
0.0591563 0.00903521 0.00868797 0.00114004 0.0344252 0.00376048 4.00851e-06 0.843964 0.0388033 0.00102258 4.85779e-07 
4.35278e-08 0.0224854 1.77216e-08 0.0459243 1.45613e-07 3.22308e-06 5.43527e-06 0.922484 0.000804457 0.00721636 0.00107671 
1.07315e-07 0.000175379 0.00185204 0.000514692 1.82421e-11 2.81047e-07 2.06041e-07 0.996751 1.90148e-07 0.000705917 2.02802e-07 
0.00401364 0.0710788 0.0289803 0.00253379 0.00365292 0.000932105 0.00639084 0.783244 0.0971559 0.0018884 0.000128833 
0.00620523 0.118965 0.0556543 0.000236788 0.0382947 0.000438855 0.000331418 0.597367 0.175518 0.00691022 7.80151e-05 
0.00776813 0.0346281 0.0401945 0.000412324 0.000715291 0.000667324 0.0084522 0.513909 0.0195708 0.22457 0.149112 
0.0120402 0.231969 0.0294064 0.000426586 0.00277155 0.00787955 0.00254038 0.56878 0.135345 0.00878887 5.29196e-05 
0.00297808 0.0117446 0.136204 2.1721e-06 0.00222391 8.48474e-06 0.00248011 0.829575 0.0100585 0.00472472 9.13595e-08 
6.36476e-08 0.0455336 0.15228 1.82917e-07 1.7249e-05 0.164529 0.0359895 0.5564 0.0429401 0.00231019 4.98197e-07 
0.0520183 0.00109903 0.165319 1.23379e-07 0.0221438 0.0184296 0.000499853 0.624913 0.0359786 0.0795927 5.42961e-06 
0.000275953 0.042418 0.0107559 2.07831e-05 0.00267176 0.000623594 0.000205192 0.550537 0.386609 0.00588218 2.38361e-07 
0.0274395 0.148492 0.246699 0.00023831 0.0391952 0.0340545 0.00765162 0.297571 0.188101 0.0104838 7.45265e-05 
0.0917408 0.0531238 0.0245775 0.000633596 0.00127562 0.000375337 0.00963206 0.54446 0.225464 0.0485793 0.000137738 
9.1786e-05 0.00304867 0.00933847 1.149e-06 8.04961e-05 1.80733e-06 7.16671e-05 0.798301 0.181476 0.00758631 3.12946e-06 
0.00197629 0.0182493 0.012174 5.38477e-06 0.000654503 0.00125435 0.00175569 0.947786 0.0138147 0.00231323 1.62736e-05 
4.04558e-07 0.000843598 4.95894e-06 2.77726e-06 1.04479e-09 0.0015018 3.43419e-06 0.994525 0.00311212 5.81372e-06 3.31768e-09 
0.0344996 0.0292739 0.0913942 0.00141079 0.0489155 0.0584266 0.000549543 0.683652 0.0492184 0.00265937 2.83552e-07 
0.0546565 5.40216e-07 0.0344643 2.89694e-08 0.000431101 3.4589e-08 6.26082e-07 0.90311 0.00733637 2.10517e-08 3.10674e-11 
0.0311881 0.00959809 0.0460137 1.39734e-05 0.00275558 0.053723 0.00227479 0.393064 0.18435 0.276921 9.81407e-05 
0.0114249 0.127665 0.139591 0.00171554 0.062993 0.00151396 0.156432 0.240257 0.14059 0.117793 2.45974e-05 
0.0772509 0.158224 0.148464 0.00917314 0.00322724 0.00875935 0.0116776 0.440217 0.113866 0.0254355 0.00370481 
0.130341 0.0765888 0.143076 2.13195e-07 4.22209e-08 8.11985e-07 3.68817e-06 0.391264 0.237732 0.0194445 0.00154882 
0.0413898 0.0376678 0.139028 0.000247466 0.0179083 0.0376078 0.0077163 0.547946 0.112395 0.0513569 0.00673597 
0.046068 0.200312 0.0993561 7.18468e-06 0.0473529 0.00218492 0.0176425 0.439697 0.0798447 0.0673797 0.000154537 
0.0127508 0.0810354 0.0181681 0.0012275 0.010855 0.00172048 0.000267015 0.670415 0.154059 0.0494206 8.09037e-05 
0.00180305 0.0943772 0.0473839 2.98324e-09 0.00264379 0.0011862 0.00275744 0.682291 0.0988123 0.0686762 6.90385e-05 
0.0437864 0.0649153 5.47123e-06 1.15979e-09 2.21843e-05 4.34199e-05 7.91188e-10 0.865377 0.0258397 9.95576e-06 3.15883e-09 
0.0113564 0.019299 0.0784229 0.00332997 0.060082 0.00421552 0.0532032 0.704408 0.0596872 0.00288511 0.00311097 
0.0442837 0.162734 0.0253133 1.19596e-09 0.201636 4.76907e-06 0.000107059 0.349779 0.159824 0.0563007 1.78312e-05 
0.0493971 0.048896 0.232829 4.77455e-06 0.0127025 0.0183363 0.0017696 0.505584 0.125252 0.00522829 2.32659e-07 
0.00604663 0.00355113 0.0277541 0.000281404 0.0147694 5.93314e-05 8.04701e-07 0.782868 0.0455602 0.0960413 0.0230679 
0.000208329 0.00419346 0.268507 0.000235186 0.163593 0.0116381 0.121065 0.358366 0.0721798 1.4423e-05 3.15287e-07 
0.0777382 0.0800494 0.0548337 0.000462617 0.00169885 0.00407022 0.0133641 0.506067 0.147116 0.113074 0.00152644 
0.0325416 0.0885845 0.0992059 0.0158267 0.0850176 0.00554151 0.0322999 0.340303 0.217384 0.0832905 4.94367e-06 
0.0862221 0.0390743 0.0821549 0.00104527 0.0195385 0.00798113 0.0028021 0.479399 0.256971 0.0247906 2.07222e-05 
0.213412 0.0165469 0.190468 2.31894e-05 0.0394573 0.00013705 0.0315412 0.28267 0.188273 0.0374709 4.81514e-07 
0.0415595 0.0584924 0.108751 0.00057186 0.00202084 0.000461336 0.00649604 0.71675 0.0581108 0.00677166 1.48666e-05 
0.0420089 0.0792458 0.272892 0.000159869 0.00868114 0.00416048 0.0426382 0.283873 0.0842612 0.0835984 0.0984808 
0.0202037 0.0316706 0.0977658 0.00116169 0.00105146 0.0168777 0.0273937 0.503714 0.225158 0.0749973 6.81029e-06 
0.00237182 0.00474871 0.0548692 2.31525e-09 0.00394985 0.00316927 0.00093404 0.713 0.072866 0.144091 6.30588e-09 
0.00301327 0.0244913 0.0320942 2.88484e-11 3.76129e-07 0.00425907 0.261337 0.590446 0.0843582 1.26638e-06 1.57223e-07 
0.158537 0.194437 0.0309945 0.0171573 0.0073749 0.00398837 0.0057961 0.372942 0.115758 0.0915428 0.00147096 
0.0850933 0.257266 0.0661793 0.00176175 0.0315053 0.0326968 0.00369786 0.374708 0.113801 0.012194 0.021097 
0.000961996 1.23677e-06 0.0037582 5.61404e-05 7.90076e-05 6.73804e-05 5.62219e-05 0.977853 0.00601916 0.0111204 2.74917e-05 
0.0681733 0.222639 0.0890082 0.109625 0.00785342 0.00576132 0.00109833 0.407927 0.0332834 0.0532939 0.00133783 
1.33368e-05 0.00235845 0.237342 5.37681e-07 0.0842429 1.47299e-06 3.83698e-06 0.648746 0.0158486 0.011443 1.84693e-09 
0.0645971 0.151047 0.0879924 0.000135404 0.000110568 0.00191469 0.00107479 0.592201 0.0998056 0.00112174 5.99242e-09 
0.0148958 0.0249996 0.0626264 0.000153837 0.00380376 0.00288397 0.000328436 0.805811 0.0552938 0.0290821 0.00012139 
0.275129 8.89491e-07 0.00933442 0.000336333 0.0126556 0.00643234 1.44087e-08 0.361683 0.314151 0.0202479 2.89489e-05 
0.0254948 0.0208656 0.133088 0.000133317 0.0027121 0.0193764 0.00231276 0.612737 0.156693 0.0120035 0.0145844 
0.0240599 0.166829 0.019618 0.00453913 0.017512 2.09099e-06 0.00285817 0.663214 0.00757619 0.0297198 0.0640716 
0.00105011 0.0773123 0.0670542 0.00154778 0.000115857 0.0300522 0.0185059 0.683086 0.0359508 0.0783939 0.00693092 
0.0110402 0.00298888 0.114473 0.00233341 0.0457183 0.00432317 0.000600522 0.700419 0.0515627 0.0664559 8.48169e-05 
0.0121827 0.0135948 0.0903214 8.05359e-06 0.0477543 0.0206565 2.47607e-09 0.799448 0.0160027 3.15641e-05 9.88571e-09 
0.0817348 0.109888 0.03255 0.133269 0.00771634 4.18418e-05 0.00888913 0.571426 0.0256338 0.0212551 0.00759609 
0.000826889 0.0135239 0.0321366 0.000721689 2.04231e-05 0.000392555 0.00178296 0.920605 0.0245265 0.0052857 0.000178268 
0.000930072 0.0235471 0.139349 3.03922e-06 3.689e-05 0.0041644 0.00211214 0.795029 0.0278583 0.00660677 0.000363406 
0.0207895 0.00685373 0.117819 5.75438e-06 0.0816617 0.0131696 2.44301e-05 0.503999 0.216707 0.0385449 0.000425552 
0.000568061 0.0158699 0.0460965 0.000390504 0.000554614 0.0757056 0.00266001 0.812808 0.0403676 0.00484555 0.000133929 
0.232142 0.0460216 0.138872 0.0195991 0.00378212 0.0150447 0.00119711 0.291877 0.17085 0.0803825 0.000231063 
0.00626738 0.000128768 0.0128276 4.48882e-07 0.0568131 0.00348893 3.06221e-07 0.920258 0.000154506 4.78707e-05 1.3533e-05 
0.00947852 0.116451 0.0380473 0.00188436 0.00125537 0.000589001 0.0164458 0.772298 0.0350847 0.00820903 0.000256408 
0.00149754 0.0383572 0.059371 0.00189461 0.00120654 0.000801284 0.0550236 0.82732 0.0120721 0.00210052 0.000355952 
0.065994 0.00801744 0.0235988 9.19788e-05 0.000832925 5.09153e-07 3.02614e-06 0.748922 0.0280852 0.124314 0.000140756 
0.160176 0.109815 0.214395 0.00067361 0.000271544 0.108237 0.0112361 0.297612 0.0670501 0.0301073 0.000426411 
0.00258608 0.00533558 0.00399351 7.31464e-05 0.000132109 8.46277e-05 7.17714e-05 0.960769 0.00761452 0.0193048 3.47835e-05 
0.000444103 0.00106137 9.22874e-05 0.000136233 0.000246496 0.000114271 0.000332651 0.996739 6.21629e-05 0.00076449 6.4537e-06 
0.0751679 0.106594 0.219501 6.94241e-05 0.00839407 0.00449572 0.0551823 0.231173 0.136561 0.161877 0.000984982 
0.0521752 0.029088 0.172199 0.00150827 0.000393328 0.0144159 0.00206359 0.655979 0.019562 0.052365 0.000250456 
0.280235 0.0111239 0.0825172 0.000218288 8.74172e-08 0.145512 0.0164164 0.330642 0.0272337 0.106102 4.17485e-07 
0.0849227 0.058026 0.213009 9.7832e-05 0.00115811 0.000819338 0.0062133 0.389147 0.182478 0.0640691 5.9804e-05 
0.0455985 0.059068 0.0364291 0.000379815 0.0739349 0.00690126 0.0125289 0.465115 0.260596 0.0387274 0.000720774 
0.0246132 0.00148958 0.279941 3.39832e-05 0.0220666 0.0340206 0.00100175 0.513693 0.0668524 0.0562814 6.30394e-06 
0.0579278 0.0335426 0.231865 0.0036007 0.00572742 0.0369668 0.00523262 0.507642 0.0648551 0.052529 0.000110586 
0.00225164 0.246783 0.00932224 0.000801681 0.166227 0.00311258 0.000400288 0.482473 0.0635773 0.0250507 2.09729e-07 
0.0976005 0.18911 0.0665223 0.000847689 0.0151554 0.0257485 0.0172388 0.344666 0.172658 0.0153249 0.0551272 
0.00794012 0.0793305 0.0488777 0.382581 0.016148 5.54579e-05 0.00182681 0.448489 0.0141078 4.83973e-06 0.000639629 
0.0271095 0.00518938 0.122068 0.000622487 0.00220839 0.00446315 0.165779 0.573858 0.0703712 0.0282403 9.11285e-05 
0.00350784 0.000603645 0.00566554 1.4111e-06 0.00323433 1.94274e-09 0.000518495 0.866091 0.045718 0.0746599 3.36393e-09 
0.0222475 0.0306401 0.138135 1.17067e-06 0.000354021 0.0507732 0.000879808 0.723928 0.0235899 0.00914352 0.000307334 
0.0452283 0.0718499 0.12095 0.000531504 0.00980029 0.00657201 0.0202623 0.653654 0.032613 0.038511 2.71349e-05 
0.0434058 0.222594 0.0991115 0.00033201 0.0766435 0.0184336 0.0813228 0.252521 0.186399 0.0190556 0.000181125 
1.27705e-06 0.150689 0.0634721 0.00996046 0.0653772 0.00498006 0.02554 0.477435 0.167175 0.0272008 0.00816892 
0.00813382 0.206118 0.0393156 0.0183154 0.00237296 0.0164501 0.000153342 0.398776 0.126701 0.131851 0.0518119 
0.0379487 0.0521603 0.0110117 0.000221531 0.0014472 0.00308747 9.90086e-05 0.772587 0.0542046 0.0672326 2.20131e-07 
0.0356339 0.0428734 0.0717427 0.000458315 0.0378688 0.0124926 0.00117366 0.424865 0.0697523 0.302927 0.000212473 
0.00212022 0.0385673 0.311374 0.000722771 0.0144093 0.000308006 0.00797408 0.521454 0.10228 0.00078555 4.07185e-06 
3.64135e-06 6.68248e-10 0.00159003 2.6596e-05 1.24647e-09 2.28589e-09 9.91384e-10 0.998349 2.93282e-10 2.36095e-05 7.12856e-06 
0.00948807 0.160297 0.0308697 0.000497101 0.02043 0.0012236 0.0438893 0.612068 0.118455 0.00270405 7.86106e-05 
0.058179 0.114142 0.0435338 0.00313883 0.0206 0.00281734 0.019339 0.495363 0.145642 0.0972282 1.6503e-05 
0.000275953 0.042418 0.0107559 2.07831e-05 0.00267176 0.000623594 0.000205192 0.550537 0.386609 0.00588218 2.38361e-07 
0.00379923 0.0627895 0.32883 3.86332e-05 0.0121954 5.7561e-05 0.00023331 0.589901 0.000146913 0.00200822 6.48249e-07 
0.0546145 0.101577 0.0485673 1.82551e-05 0.0012912 0.000691131 0.0307487 0.700387 0.0565789 0.00550914 1.66617e-05 
1.27685e-06 0.0108676 0.163279 8.74879e-05 0.0048394 5.40531e-07 0.00148005 0.804821 0.00921454 0.0054071 1.52662e-06 
4.94725e-06 0.0136976 0.157388 2.07961e-06 0.028955 0.0905378 1.14502e-06 0.506576 0.118776 0.0840617 5.78312e-09 
0.00790763 0.0859326 0.0648658 0.000133411 0.00351835 0.00308247 0.035133 0.587478 0.198983 0.0129588 6.39691e-06 
0.020455 0.05695 0.213689 0.000128114 0.170174 0.0168344 0.00676348 0.437102 0.0618312 0.0159532 0.000118992 
0.000961996 1.23677e-06 0.0037582 5.61404e-05 7.90076e-05 6.73804e-05 5.62219e-05 0.977853 0.00601916 0.0111204 2.74917e-05 
0.0359011 0.0568261 0.278796 9.64886e-05 0.00018707 0.03094 0.00251318 0.337633 0.228519 0.0272764 0.00131199 
0.000961996 1.23677e-06 0.0037582 5.61404e-05 7.90076e-05 6.73804e-05 5.62219e-05 0.977853 0.00601916 0.0111204 2.74917e-05 
0.261142 0.010089 0.0715132 0.000387 0.0141525 1.32088e-07 0.00472199 0.553012 0.0848783 0.000104155 3.56343e-07 
0.118278 3.58297e-05 3.58316e-05 3.58242e-05 3.58257e-05 3.58184e-05 3.58274e-05 0.634165 0.236529 3.58286e-05 0.0107778 
0.0394667 0.010404 0.169889 6.99446e-09 0.230066 0.0618085 1.4446e-05 0.291055 0.136102 0.061192 2.6886e-06 
0.00762526 0.00291926 0.00288426 0.00158922 2.82863e-07 5.40534e-07 1.15163e-10 0.94357 0.0408253 0.000585871 2.175e-07 
1.08164e-09 0.0290028 8.94107e-10 0.00513714 2.66622e-09 4.88954e-09 2.12058e-09 0.965855 6.27333e-10 5.01588e-06 8.46643e-09 
0.00396491 0.0233938 2.98585e-06 9.69143e-05 4.189e-05 0.0284108 1.82654e-07 0.94117 0.00285348 5.31035e-05 1.19391e-05 
0.0128992 0.0520389 0.057345 0.000519904 0.0214737 0.000232606 0.00334405 0.786778 0.0255052 0.0398139 4.97857e-05 
0.00680133 0.0156331 0.0206838 0.000737287 0.0305981 0.000966434 0.000276347 0.882498 0.0203802 0.0213685 5.72629e-05 
1.68805e-10 6.58859e-06 5.1982e-06 9.23262e-05 0.101619 7.63084e-10 3.30947e-10 0.864938 0.000965113 0.0321898 0.000183632 
0.000135036 0.0155908 0.000628554 2.3063e-10 0.000134994 0.000621145 2.23679e-09 0.982889 8.3571e-09 8.94909e-08 1.88132e-09 
0.00112286 0.265396 0.0329487 3.86797e-05 0.0198215 0.0182341 0.000494455 0.366498 0.288963 0.00648184 6.61734e-07 
0.00947664 0.00821056 0.0696057 0.00725579 0.00780221 1.52695e-08 0.00144302 0.505404 0.0556017 0.310336 0.0248637 
0.00403551 0.0122826 0.0289926 1.26656e-06 0.000670306 0.000950255 0.00104979 0.94177 0.0096146 0.000615812 1.693e-05 
0.0234232 0.00849716 0.123566 0.000358669 0.00064174 0.000407575 0.0383651 0.768272 0.020467 0.00714708 0.0088549 
0.0371827 0.0186939 0.111836 2.10808e-07 0.00480011 0.000627171 0.000216938 0.446001 0.207088 0.173336 0.000218273 
0.00190064 0.226548 0.0133232 2.48472e-05 0.00433308 3.77945e-07 8.3588e-07 0.470696 0.152085 0.131088 8.29577e-07 
0.0120761 0.070045 0.274339 0.00105587 0.000353496 0.000686793 0.00535063 0.545242 0.0392852 0.0510385 0.000527715 
0.00636476 0.00324963 0.13193 0.000224084 3.74035e-05 0.00133602 0.00579522 0.651188 0.187448 0.0123628 6.49758e-05 
0.0783238 0.295583 0.0890526 0.00662123 0.0109569 0.00158794 0.00104647 0.385405 0.0687399 0.0621869 0.000495861 
2.33151e-07 0.0357041 0.29267 0.000460257 1.91312e-05 0.000863637 0.00245713 0.664941 0.00140424 0.000784182 0.000695558 
0.0237451 0.0279359 0.0176331 0.000211641 0.0895854 0.0035775 0.00699636 0.818002 0.0107159 0.00159298 4.34258e-06 
0.0873021 0.0128464 0.33683 0.000148932 0.00558436 0.0031821 0.0114766 0.377445 0.133631 0.0315531 6.2802e-08 
0.084119 0.00766036 0.0512441 1.12649e-05 0.00785027 0.000123106 0.00936114 0.638134 0.0981188 0.103378 1.01679e-07 
0.0578817 0.0181731 0.0351356 0.00199045 0.00180999 0.000972832 8.90054e-05 0.708167 0.0782209 0.0972702 0.000289057 
0.000275953 0.042418 0.0107559 2.07831e-05 0.00267176 0.000623594 0.000205192 0.550537 0.386609 0.00588218 2.38361e-07 
4.34811e-07 4.73655e-07 0.0724865 2.95544e-07 1.85421e-08 0.00227201 1.64732e-10 0.91881 0.00643042 1.59956e-07 6.57696e-10 
0.09575 0.0489855 0.0739707 0.000113209 0.0325386 0.015374 0.00873377 0.487722 0.165623 0.0667863 0.00440343 
0.0243948 0.0762821 0.11162 0.0119832 0.00200316 0.000995023 0.00262523 0.479201 0.21004 0.0808402 1.42706e-05 
0.0657232 0.0389271 0.0716161 0.000493932 0.00420613 0.132432 0.0692906 0.533116 0.0710163 0.01276 0.000418026 
0.0247641 0.0150762 0.0633936 2.61974e-06 0.002652 0.00373936 0.0405075 0.697813 0.149098 0.00293714 1.65073e-05 
0.0622046 0.0377936 0.00733183 0.000186908 0.00115098 0.000579924 4.32241e-05 0.30928 0.286879 0.294028 0.00052158 
0.00144175 0.329136 0.076598 0.000862452 5.77051e-05 2.03082e-06 0.000428672 0.490399 0.0598184 0.0399475 0.00130872 
0.0081857 0.0209173 0.0113293 1.00336e-06 0.00189751 1.62364e-05 2.15924e-05 0.652892 0.292596 0.0121421 1.39294e-06 
0.0976005 0.18911 0.0665223 0.000847689 0.0151554 0.0257485 0.0172388 0.344666 0.172658 0.0153249 0.0551272 
0.0195818 0.0322593 0.0903477 0.00130505 0.0899416 0.00396196 0.000530975 0.559915 0.0943783 0.107751 2.71026e-05 
0.0710998 0.0493095 0.224393 0.00370462 0.00963307 0.00222093 0.0126295 0.540417 0.0447177 0.0370405 0.00483432 
0.024447 0.0174988 0.0155197 1.74808e-05 0.0546097 0.0307787 4.48039e-05 0.800681 0.0391732 0.0172219 7.18935e-06 
0.0112464 0.00106696 0.103118 2.34207e-05 1.30979e-05 0.00013769 4.47807e-05 0.757166 0.0535602 0.0736095 1.34492e-05 
0.0392786 0.0568364 0.142728 0.0055153 0.00827889 0.00154264 0.0317998 0.547418 0.156118 0.00899779 0.0014865 
0.0637674 0.201117 0.0631882 0.00190824 0.000118008 0.00209286 0.00160489 0.49881 0.155161 0.011978 0.000254372 
0.113493 0.0211283 0.0987471 0.000124556 0.0699037 0.000120749 0.0706131 0.355623 0.179179 0.0910595 7.98764e-06 
0.00292955 0.0422779 0.0320632 3.62522e-06 0.00258178 0.0022465 0.00985183 0.884496 0.0218821 0.0016537 1.37933e-05 
0.0759929 0.052911 0.082309 0.00805702 2.17707e-06 0.00196114 0.0187259 0.712141 2.17748e-06 0.0385395 0.00935862 
0.0527095 0.0318384 0.00876829 0.00977854 0.00118639 2.44977e-06 2.84394e-06 0.552364 0.0659915 0.254793 0.0225646 
0.000961996 1.23677e-06 0.0037582 5.61404e-05 7.90076e-05 6.73804e-05 5.62219e-05 0.977853 0.00601916 0.0111204 2.74917e-05 
0.0345362 0.0136071 0.0212334 0.000705586 0.00729642 0.00844226 0.00283176 0.75685 0.13153 0.0229669 2.59167e-09 
0.000275953 0.042418 0.0107559 2.07831e-05 0.00267176 0.000623594 0.000205192 0.550537 0.386609 0.00588218 2.38361e-07 
0.0582092 0.264681 0.130773 0.0352963 0.00610125 0.00693754 0.019845 0.380308 0.0677927 0.0276755 0.00237982 
0.0228371 0.0731248 0.214256 0.000782704 0.00213535 0.000496837 0.0664118 0.55471 0.0399741 0.0252283 4.27286e-05 
0.0015072 0.00533399 0.048528 0.00562267 0.00127674 0.00144185 0.0188722 0.915497 0.00054375 0.000744676 0.000631688 
0.0104091 0.00425793 0.158232 6.15013e-07 1.0589e-05 0.0768396 0.0296227 0.577093 0.137683 0.00585061 1.06383e-06 
4.35278e-08 0.0224854 1.77216e-08 0.0459243 1.45613e-07 3.22308e-06 5.43527e-06 0.922484 0.000804457 0.00721636 0.00107671 
0.00691157 0.00805865 0.00418555 7.09011e-06 0.115148 0.000195373 6.54572e-05 0.631158 0.197997 0.00220614 0.0340679 
0.00841173 0.110848 0.17671 0.000115452 0.00576685 0.0415007 3.8787e-05 0.471866 0.0611864 0.123548 6.62137e-06 
5.68795e-07 0.0415819 0.0171829 0.00153065 3.94747e-07 7.54004e-11 1.20343e-06 0.893777 0.0233312 0.0225943 1.56802e-07 
2.86662e-07 0.00109897 2.36962e-07 0.000659894 7.06618e-07 1.29586e-06 5.6201e-07 0.997713 1.6626e-07 0.000522529 2.24383e-06 
3.48764e-10 0.116911 0.0665245 0.000754083 0.00115027 0.00178 0.00733174 0.694442 0.0140516 0.0790645 0.0179905 
0.00469434 7.47821e-05 0.027574 3.68056e-08 3.90856e-08 4.38434e-09 0.000337982 0.96643 0.000466495 0.000420866 1.24566e-06 
0.00137211 0.00392581 0.00153841 7.41564e-07 5.60898e-07 0.0109296 0.000551834 0.898391 0.0805742 1.29161e-05 0.00270249 
0.315093 0.00722238 0.126455 7.47437e-05 0.0360855 0.0488052 0.035993 0.354734 0.0573864 0.018054 9.72182e-05 
0.0415874 0.000591167 0.000302887 7.8405e-05 5.01827e-05 0.000604392 2.14187e-06 0.852341 0.0725742 0.0318661 2.00508e-06 
0.0591003 0.00491667 0.024242 2.72064e-05 1.24063e-06 0.0133104 1.84165e-06 0.709585 0.0838945 0.104921 6.45161e-07 
0.105077 0.0602119 0.0641764 0.0211699 0.00157225 0.0460314 0.00496166 0.63136 0.0229184 0.0250819 0.0174386 
0.000961996 1.23677e-06 0.0037582 5.61404e-05 7.90076e-05 6.73804e-05 5.62219e-05 0.977853 0.00601916 0.0111204 2.74917e-05 
0.000219519 0.0595947 0.180152 8.2409e-07 1.04386e-09 1.91432e-09 0.00349262 0.636817 0.0846545 0.0350678 4.75147e-07 
1.12575e-06 2.34203e-06 0.033049 2.18585e-10 1.18133e-06 0.186618 1.49115e-10 0.703993 0.0762718 6.36032e-05 5.95345e-10 
0.000357248 0.00105649 0.265783 4.08505e-11 2.92482e-08 0.00313338 0.0722794 0.618973 0.0384175 2.35331e-11 1.96407e-08 
0.00538946 0.25645 0.0321809 0.000338197 0.0478454 0.00126544 0.0028327 0.299077 0.298029 0.056558 3.45866e-05 
0.0118394 5.53823e-05 0.0271573 0.000868342 0.00122053 6.98585e-06 0.00534178 0.6706 0.0155278 0.266846 0.000536668 
0.0203297 0.162266 0.140391 0.0778012 0.0166237 0.0139525 0.000297226 0.519223 0.0418197 0.00729679 1.03172e-07 
0.085692 0.0176616 0.0436611 0.00431317 0.00422727 0.00362071 0.00318181 0.604887 0.0533171 0.179414 2.4196e-05 
0.00625719 0.0421176 0.00521376 0.445795 0.000439923 0.000438879 0.00701668 0.449845 0.0243711 0.0182859 0.000219349 
3.20118e-05 0.0145362 0.0881239 3.8014e-05 0.00336739 0.00206522 0.00085055 0.870817 0.00595965 0.0139169 0.000292995 
0.0343415 0.107688 0.217154 0.00184509 0.129146 0.0126354 0.0184025 0.331047 0.111731 0.0359847 2.57257e-05 
0.0196148 0.0288191 0.0494283 0.000976438 0.0154509 0.00583972 0.0238154 0.761449 0.083626 0.0106499 0.000329986 
0.0254557 0.11485 0.192495 0.000262154 0.0134423 0.0011829 0.0656388 0.45597 0.0996987 0.0305489 0.000456178 
0.0913646 0.0515738 0.0235012 0.241354 0.0022119 7.56389e-05 0.00626056 0.491481 0.0307902 0.0611502 0.000237187 
0.00517836 0.0154763 0.147202 0.000129493 1.11778e-06 5.83743e-05 0.00112688 0.820789 0.00700484 0.00303344 3.14099e-10 
0.00568984 0.0301245 3.07279e-06 3.29895e-09 0.00977006 0.018316 0.00173814 0.934356 2.12645e-06 1.90046e-09 8.98513e-09 
0.0227011 0.0823244 0.0694117 0.000138051 0.0769032 0.00661706 0.0188184 0.616929 0.077479 0.0284234 0.000254818 
0.026694 0.010465 0.0106586 0.000546788 0.00170284 1.4304e-07 3.32755e-07 0.476009 2.01686e-06 0.00562452 0.468297 
0.0240105 0.0675333 0.0261448 0.000144322 0.00211905 0.00137331 6.69858e-05 0.716868 0.153612 0.00801019 0.000117251 
0.0425455 0.0734919 0.0230344 0.000252728 0.0534268 0.000286888 0.00322735 0.405594 0.0693817 0.328734 2.40163e-05 
3.77241e-06 0.0524859 0.134595 2.61257e-07 0.0344059 6.0137e-07 6.745e-06 0.406098 0.252727 0.119677 4.33856e-11 
0.0432766 0.0154217 0.0830163 0.00047822 0.000798725 0.00143774 0.000575575 0.761813 0.0818561 0.0111643 0.00016155 
0.0130956 0.0056007 0.0952397 6.36111e-08 0.0204321 0.00235375 6.34459e-07 0.74565 0.0903791 0.0271881 6.08088e-05 
0.0349285 0.0353426 0.0756316 0.0005396 0.00017839 0.00675531 0.00180313 0.78161 0.0481309 0.00504004 0.0100395 
0.014449 0.0116929 0.109291 0.000645443 1.24367e-05 0.00207161 0.00956716 0.818906 0.027875 0.00545999 2.93504e-05 
0.121185 0.0134119 0.0152681 0.000321407 5.44647e-06 0.000654308 0.00187539 0.636248 0.0800487 0.130405 0.000577179 
0.0196049 0.0264723 0.189199 4.28628e-06 0.0104192 1.80066e-05 0.0863277 0.661236 2.42349e-05 0.00669525 3.53844e-09 
0.0532014 0.133915 0.0287673 0.0056586 0.0451705 0.0190996 0.000536667 0.372692 0.323723 0.0172273 8.22182e-06 
0.0341626 0.0813164 0.171882 0.000176445 0.00613425 0.0231894 0.00756771 0.324182 0.230394 0.120786 0.000208901 
0.000108899 2.61608e-08 0.000181656 5.68923e-08 4.87973e-08 8.94887e-08 1.94443e-05 0.822499 4.1345e-05 0.177149 1.54953e-07 
0.0262361 0.138118 0.122166 0.0103755 0.000286916 0.0833637 0.000690267 0.514798 0.100749 0.00307388 0.000142239 
3.43178e-07 4.53512e-07 2.8368e-07 9.86259e-07 8.45929e-07 1.55134e-06 6.72811e-07 0.999991 1.99038e-07 5.68162e-07 2.6862e-06 
0.0167813 0.0107621 0.107247 0.000301816 6.96642e-08 0.000297523 0.000511004 0.748357 0.0982271 0.0174953 1.969e-05 
0.0165557 0.0199652 0.0317238 0.00101094 0.00447364 0.00428981 0.00762123 0.8386 0.0313327 0.0432171 0.00121019 
0.0062095 7.32566e-05 0.26236 1.0499e-06 0.00010622 0.146635 0.000239281 0.573896 0.00987494 0.000567367 3.71442e-05 
0.0153195 0.000236999 0.126246 2.04553e-07 3.41341e-05 0.0171909 0.00103116 0.499208 0.324764 0.0159694 4.27813e-10 
0.00372258 0.0157322 0.301037 2.38707e-06 0.000610472 0.00172563 0.0141559 0.515956 0.0892399 0.0577728 4.54452e-05 
0.068476 0.0114793 0.134715 8.21978e-06 3.56121e-05 0.0327463 0.00213303 0.441455 0.183929 0.111318 0.0137056 
0.013811 0.0387917 0.27041 6.4094e-05 0.0481972 0.00751648 0.110333 0.395117 0.112545 0.00285712 0.000357365 
0.0525859 0.0704924 0.191348 0.0506947 0.00685708 0.00817454 0.0546117 0.356377 0.134755 0.0738547 0.000248119 
0.181353 0.0217119 0.00451867 4.31697e-05 0.000397805 4.51424e-05 9.26568e-05 0.729642 0.045835 0.0163608 9.28399e-08 
0.0304763 0.0882781 0.115007 0.0010542 0.0594944 0.000963823 0.0315148 0.492837 0.0964577 0.0835899 0.0003271 
3.8153e-06 0.0376686 0.060531 0.000196987 0.000494876 5.8842e-05 0.000641739 0.871634 0.0254765 0.00326098 3.24248e-05 
0.0132097 0.0594495 0.0553239 2.65784e-05 0.000148592 3.02998e-06 0.00388563 0.610723 0.236357 0.019161 0.00171217 
0.0146518 0.043243 0.167427 0.00285237 0.0101326 0.0109657 0.00503068 0.6303 0.0744823 0.032035 0.0088794 
0.014063 0.0433451 0.243141 4.72529e-06 0.00339023 0.000634746 0.0165352 0.658158 0.0169663 0.0037623 8.75468e-08 
0.00174033 0.027421 0.0348896 2.24547e-07 0.00705427 0.000103484 6.57349e-07 0.708811 0.219084 0.000896058 7.71566e-09 
0.00646647 0.0655689 0.00445297 1.95338e-08 0.000238357 0.00681817 3.15483e-09 0.791453 0.105457 0.0195445 1.25957e-08 
0.0995375 0.00186388 0.0451132 0.000402748 0.000465212 0.00661722 0.000923431 0.628838 0.0790725 0.137128 3.81958e-05 
0.0644029 0.0333562 0.0521259 3.08541e-05 0.0114714 0.00340038 0.0206647 0.70076 0.0839717 0.0298096 6.5078e-06 
0.0148078 0.0562058 0.228363 1.80929e-07 3.58309e-08 0.00186124 0.138348 0.494076 0.066337 3.80214e-07 3.12881e-07 
0.020768 0.0448873 0.0343644 1.11696e-06 0.00787065 0.00898412 0.000275652 0.549971 0.283501 0.0493259 5.11871e-05 
0.0252811 0.0198678 0.0427472 3.64092e-05 9.54588e-05 0.0384551 0.000581793 0.597845 0.272823 0.00225829 8.70745e-06 
0.0279883 0.121808 0.165046 0.00105991 1.64413e-05 0.0025915 0.0233201 0.533651 0.105899 0.0181052 0.000513448 
0.0106296 0.0360349 0.224323 0.00488078 0.0122319 0.000258078 0.0151759 0.645386 0.0483635 0.0027165 3.97454e-08 
0.00733238 0.341423 0.0263272 0.0290317 0.118096 0.0127447 0.00175019 0.369592 0.0797637 0.0138971 4.22064e-05 
0.0945302 0.156734 0.110721 0.000148124 0.00610819 0.0165425 0.00259477 0.222061 0.183564 0.206695 0.000301037 
1.39739e-06 6.78212e-06 0.0226618 4.08133e-06 7.6246e-06 5.18955e-06 1.68488e-09 0.801307 0.0573106 0.118695 6.7269e-09 
1.29993e-05 8.20795e-06 8.11752e-06 1.23092e-06 2.05476e-06 3.102e-06 2.14589e-06 0.569576 0.23988 0.190504 2.27114e-06 
0.000878037 3.77979e-07 0.333701 1.86981e-11 2.76011e-07 5.95658e-06 2.26871e-05 0.66539 1.40301e-06 1.21908e-07 3.07423e-08 
0.0397066 0.275689 0.00548327 0.123083 0.0495835 2.75471e-07 0.00183433 0.469489 0.0309648 0.00414909 1.72486e-05 
0.0376893 0.11063 0.0109441 0.00811574 0.0107058 0.00163049 0.000139964 0.497956 0.224352 0.0977367 9.98711e-05 
0.0397105 0.0178343 0.0518784 1.35955e-05 0.000632567 0.00471166 0.00265886 0.466511 0.390752 0.0252805 1.67067e-05 
0.0152348 0.00600819 0.0280535 8.53217e-05 0.0259594 1.36287e-05 0.00127007 0.896656 0.0165549 0.0101631 8.60437e-07 
0.0150604 0.0696209 0.0986163 0.00301482 0.00129032 0.00882096 0.00460526 0.612842 0.178572 0.00755685 4.59746e-07 
0.0413062 0.119701 0.129247 0.000110812 0.00768502 0.000551825 0.00705393 0.407291 0.237034 0.0499682 5.03036e-05 
0.0512407 0.262621 0.0288204 0.00364433 0.133719 0.191075 0.0554336 0.268785 0.00122239 0.00343667 1.78819e-06 
0.0142705 0.0629819 0.102522 0.000957733 0.0664513 0.000692159 0.00277318 0.278234 0.213661 0.257389 6.70673e-05 
0.0247693 0.0185149 0.27004 0.00858033 0.0142769 0.0109786 2.48757e-06 0.544777 0.0988464 0.00916286 5.13053e-05 
0.0141215 0.0410943 0.0281853 0.00113937 0.000366794 0.00427318 0.00694909 0.682683 0.0808195 0.140058 0.000310603 
0.00425335 0.0568167 0.136638 6.36091e-06 0.044091 0.193255 0.000419897 0.410614 0.145606 0.00829921 8.36216e-09 
0.029263 0.00137139 0.056464 3.24301e-06 0.00572224 0.058324 2.57215e-09 0.795611 0.0247011 0.02854 1.02693e-08 
0.154073 0.0160656 0.0303868 1.89898e-05 0.000366766 0.0661453 0.0161691 0.504767 0.204866 0.00714143 1.22527e-07 
0.0976005 0.18911 0.0665223 0.000847689 0.0151554 0.0257485 0.0172388 0.344666 0.172658 0.0153249 0.0551272 
0.000997216 0.255921 0.109983 0.000903393 0.0623784 0.00616506 0.0168938 0.463506 0.0826049 0.000284421 0.000362692 
0.131919 0.0561609 0.0267088 0.000359885 0.0828074 0.00283349 0.000271226 0.339916 0.159962 0.199057 4.84249e-06 
0.0673101 0.0205097 0.0521333 0.000231144 0.000844165 0.0107443 0.00131919 0.781444 0.0429804 0.0224611 2.23366e-05 
7.35328e-06 9.62119e-08 6.01822e-08 2.09233e-07 1.79463e-07 0.0019421 1.42736e-07 0.997817 0.000232284 1.20535e-07 5.69874e-07 
0.00961264 0.0829999 0.197808 0.00419803 0.00654754 0.0272002 0.0294235 0.321118 0.107841 0.0898441 0.123406 
0.0144027 0.157966 0.0343277 0.000123488 0.000701062 0.00111716 0.00914867 0.760604 0.00154781 0.0183223 0.00173906 
0.0196049 0.0264723 0.189199 4.28628e-06 0.0104192 1.80066e-05 0.0863277 0.661236 2.42349e-05 0.00669525 3.53844e-09 
0.0536198 0.0145211 0.220936 0.00201943 0.00596017 0.00099119 0.00052558 0.336908 0.106113 0.257599 0.000807344 
4.35278e-08 0.0224854 1.77216e-08 0.0459243 1.45613e-07 3.22308e-06 5.43527e-06 0.922484 0.000804457 0.00721636 0.00107671 
0.00177855 0.059781 0.0740549 0.02063 0.0496256 0.00140108 0.00233202 0.368273 0.0723112 0.0687737 0.281039 
0.00274911 0.0013857 0.0737779 0.000225981 0.000288589 0.00126041 0.00184791 0.906009 0.00630605 0.00602644 0.000122603 
0.0288014 4.10131e-06 0.167986 2.21299e-07 0.00035833 0.00107804 3.51863e-05 0.784904 0.0166398 0.000192979 4.04387e-09 
0.0363794 0.0553506 0.0570522 0.000335589 0.00423923 0.000169894 0.00830119 0.485499 0.328031 0.0246426 3.64733e-08 
1.01716e-06 0.0439839 0.0204961 0.00260082 6.82076e-06 4.48459e-06 2.16643e-06 0.800037 0.0983001 0.0345678 3.45559e-09 
0.00663025 0.0824576 0.273936 0.000578445 0.0137228 0.0144886 0.0304648 0.325051 0.200953 0.0515764 0.000140983 
0.178359 0.0207623 0.122917 6.13107e-06 0.000705912 0.0190376 0.00119728 0.424736 0.167807 0.064468 3.318e-06 
0.00285823 0.0216253 0.0259459 0.000408456 0.00158765 0.00303856 3.00714e-05 0.923649 0.018396 0.00240761 5.36262e-05 
0.0219993 0.0463254 0.132131 0.000186041 0.0363162 0.0131951 0.00352437 0.559451 0.075642 0.106463 0.00476716 
1.00202e-06 0.0136623 0.316522 0.0124064 3.5432e-06 5.79681e-06 6.02214e-07 0.602949 0.0359925 0.0184565 3.78198e-07 
0.0259633 0.132249 0.0107383 0.00082277 0.00113444 0.00155978 0.000519908 0.627138 0.0905788 0.109014 0.000282025 
5.94349e-07 0.0313887 0.0543702 0.000946754 1.81897e-07 0.000682271 0.0102029 0.758129 0.124342 0.0199377 6.83546e-12 
0.000275953 0.042418 0.0107559 2.07831e-05 0.00267176 0.000623594 0.000205192 0.550537 0.386609 0.00588218 2.38361e-07 
0.0848635 0.110912 0.228233 0.000284237 0.0179541 0.0181038 0.0286529 0.377604 0.10678 0.0263088 0.000303137 
2.07248e-06 0.256759 0.00898451 1.01986e-10 0.00600592 1.60419e-10 6.95731e-11 0.278052 0.274695 0.1755 1.94717e-07 
0.00551175 0.0471213 0.0951183 7.90164e-06 0.00338624 0.00495068 0.0023322 0.713311 0.12826 8.308e-07 1.61455e-09 
0.043454 0.132354 0.000885879 0.000990317 0.0310019 0.000137541 9.50622e-05 0.752036 0.00251477 0.0358909 0.000639962 
0.0259001 0.0512267 0.106268 0.000819679 0.0121123 0.0226242 0.00711715 0.497281 0.101977 0.168894 0.00578018 
0.171866 0.0203144 0.187477 0.000180015 0.0252649 0.00581909 0.0111173 0.412701 0.112382 0.0526309 0.000247249 
0.0373477 0.166085 0.0692592 0.00149962 0.000127884 0.00321045 0.0354711 0.44629 0.230134 0.0104926 8.14333e-05 
0.00123319 0.00123316 0.00123322 0.00123297 0.00123302 0.00123277 0.00123308 0.98767 0.00123325 0.00123312 0.00123236 
0.159932 0.105468 0.113888 0.000515504 3.38147e-05 0.00344739 0.034035 0.283578 0.18729 0.111792 2.01483e-05 
0.0143942 0.0639303 0.0312613 0.00163928 0.0124556 2.80959e-05 0.00551973 0.57115 0.0844624 0.214781 0.000377678 
0.00275218 0.177397 0.0336617 0.000670247 0.106843 0.00272188 0.00626844 0.628965 0.0377964 0.00289316 3.15777e-05 
0.201631 0.0868987 0.118845 0.0549892 0.121669 0.00981506 0.00073559 0.213129 0.155486 0.0368013 1.61627e-07 
0.0283994 0.183175 0.0460076 0.218597 0.00897496 0.0279779 0.0244569 0.266902 0.0327825 0.0142073 0.14852 
0.037708 0.171258 0.0999954 0.00165992 0.0418362 0.00525639 0.0272977 0.36116 0.203864 0.0487549 0.00120952 
0.000961996 1.23677e-06 0.0037582 5.61404e-05 7.90076e-05 6.73804e-05 5.62219e-05 0.977853 0.00601916 0.0111204 2.74917e-05 
0.00203629 0.0102608 0.0341947 0.008579 0.000457709 0.0040822 0.000760565 0.922889 0.00763754 0.00875894 0.000343602 
0.0297778 0.0565422 0.0879423 0.000486647 0.127726 0.00169993 0.000162404 0.217712 0.16665 0.16778 0.143521 
0.000359037 0.0129065 0.0570012 0.0688687 0.00190062 1.18931e-06 0.134809 0.606058 1.83512e-05 0.11662 0.00145787 
0.104551 0.137479 0.0375085 0.00569481 0.0325288 0.0265423 0.00508066 0.413825 0.192772 0.0426876 0.0013305 
0.0285512 0.097332 0.215368 0.012153 4.27367e-05 4.13581e-05 0.000121268 0.566266 0.0294405 0.0472379 0.00344614 
0.064195 0.0490678 0.134967 0.000314267 0.000130977 0.00119237 0.0189996 0.450169 0.20219 0.0784661 0.000308504 
0.11754 0.00179285 0.178684 7.51848e-08 0.0351712 0.00160846 3.94548e-05 0.64188 0.0176824 0.00560159 3.57419e-10 
4.16998e-09 5.51065e-09 0.0012442 1.19841e-08 1.02789e-08 1.88504e-08 0.00135308 0.997403 2.41853e-09 6.90378e-09 3.26402e-08 
0.0635174 0.0277697 0.0268124 0.000672733 0.00155116 0.0107868 0.00111799 0.5341 0.177675 0.155894 0.000102782 
0.00144839 0.0424362 0.0434876 0.000252622 0.0500597 0.00503063 0.000500871 0.756873 0.0761506 0.0227029 0.00105781 
0.0294917 0.0534457 0.0204762 4.68092e-05 0.0123202 0.0129125 0.00426534 0.74702 0.117235 0.00276187 2.48278e-05 
0.000392651 0.00861818 0.0741798 0.000145905 0.038373 0.0315926 6.42105e-08 0.66583 0.0100838 0.170779 5.00272e-06 
0.0179633 0.0310574 0.0406511 0.00140818 0.0106064 0.0258458 0.000115374 0.633309 0.0965846 0.142256 0.00020294 
2.87631e-05 0.00240614 0.220749 0.000786038 1.0341e-05 8.37533e-05 6.89854e-09 0.737127 0.00717812 0.00371747 0.0279137 
2.64674e-05 0.068756 2.75018e-05 3.29892e-06 6.53314e-07 1.25644e-05 5.70697e-05 0.931074 2.94285e-05 6.93254e-06 5.70483e-06 
2.20914e-06 0.00915335 0.113156 0.00225048 0.00320733 9.45884e-07 1.09617e-09 0.824496 0.0477096 2.32643e-05 4.37647e-09 
7.39421e-06 0.0959779 0.0384235 9.21621e-07 1.82517e-07 3.51012e-06 1.59436e-05 0.85297 8.22144e-06 0.0125908 1.59376e-06 
0.0137397 0.0554536 0.357936 0.00540906 0.000286106 0.00111727 0.0203639 0.400568 0.142462 0.00266413 1.56707e-07 
0.0147153 0.0266689 0.113683 0.00441435 0.00543106 0.00553377 0.0388723 0.675812 0.0782299 0.0365654 7.36481e-05 
0.0958192 0.0119688 0.111166 0.000155129 0.000366493 0.0243387 0.00134289 0.593701 0.101481 0.0596592 1.71158e-06 
0.00728908 0.0883763 0.00487153 0.000146344 0.313529 0.0186798 0.000986372 0.323416 0.233631 0.00905846 1.51804e-05 
0.0237615 0.0210052 0.242321 0.0175164 0.000144605 0.0669678 9.63279e-07 0.566222 0.00104972 0.0610057 4.16316e-06 
0.0484228 0.0726268 0.0835418 6.91826e-05 0.00189625 0.0118891 0.000104836 0.621772 0.138219 0.0214584 2.33648e-07 
0.0145733 0.109482 0.184912 0.0179033 0.000715304 0.166529 0.000112061 0.498761 0.00201279 0.00498228 1.72022e-05 
0.06176 0.0214407 0.130327 0.000902498 0.00351331 0.00139742 0.00636347 0.602398 0.095343 0.0755434 0.00101122 
0.0159206 0.220809 0.125264 0.000206662 0.00563915 0.00186992 0.00010941 0.395453 0.104015 0.130555 0.000157721 
0.0989007 0.162228 0.0737359 0.0171614 0.0702819 0.00981787 0.0439298 0.357093 0.0660459 0.100642 0.000163014 
0.0217581 3.04283e-06 0.0108772 3.60445e-10 1.78532e-06 1.19439e-07 2.4589e-10 0.908286 0.0106162 2.24429e-06 0.0484549 
0.0353863 0.0146386 0.0173678 2.29687e-05 0.0335884 0.0111928 0.000590781 0.826167 0.0609895 5.59956e-05 1.0681e-07 
0.00731088 0.301886 0.0104165 0.000140751 0.0183377 0.00865617 6.15931e-06 0.433187 0.209723 0.0103358 2.70937e-09 
0.00590703 0.0486717 0.114396 0.0461058 0.00273997 0.00975053 0.00316519 0.60033 0.160672 0.00825214 1.04005e-05 
0.0152213 0.0989727 0.254587 1.9282e-07 0.0362909 0.0141673 2.07543e-05 0.3201 0.257618 0.00184302 0.00117822 
0.0317417 0.123663 0.0587168 0.00419552 0.0618052 0.000193271 0.0305126 0.383639 0.0771268 0.228385 2.0599e-05 
0.0577084 0.0251502 0.0901623 0.00139919 0.00190252 0.000490459 0.00527153 0.569164 0.157615 0.0909916 0.000144758 
0.00026151 0.0188609 0.0351586 8.30687e-06 0.00536406 0.00397088 0.0144798 0.693608 0.205614 0.0226741 1.07153e-08 
0.0171885 0.061978 0.104625 0.00024575 0.176789 0.00106476 0.0814671 0.329379 0.0641752 0.162556 0.000531953 
0.000508289 0.000160323 0.298639 5.67888e-05 5.34833e-05 0.071639 0.0172876 0.595751 0.00248248 0.0134106 1.12671e-05 
0.0144027 0.157966 0.0343277 0.000123488 0.000701062 0.00111716 0.00914867 0.760604 0.00154781 0.0183223 0.00173906 
0.0203297 0.162266 0.140391 0.0778012 0.0166237 0.0139525 0.000297226 0.519223 0.0418197 0.00729679 1.03172e-07 
0.0124866 0.043 0.051795 0.000327763 0.00233443 0.00029616 0.0192133 0.770651 0.0568223 0.0429676 0.000106055 
4.35278e-08 0.0224854 1.77216e-08 0.0459243 1.45613e-07 3.22308e-06 5.43527e-06 0.922484 0.000804457 0.00721636 0.00107671 
3.84715e-05 0.000190565 5.89628e-05 1.4822e-05 3.61661e-05 5.26219e-06 9.69101e-06 0.999373 0.000156337 9.00055e-05 2.65239e-05 
0.00551175 0.0471213 0.0951183 7.90164e-06 0.00338624 0.00495068 0.0023322 0.713311 0.12826 8.308e-07 1.61455e-09 
0.0422557 0.0801074 0.00741116 0.00261269 0.340829 1.14786e-06 1.92241e-07 0.435028 0.0917536 9.38965e-07 2.97342e-07 
0.0876112 0.0724052 0.000785478 0.000128792 0.000471257 0.00805541 0.00293455 0.794796 0.0124687 0.0203074 3.58339e-05 
0.00349593 0.128744 0.159036 0.000389993 0.00579576 4.05216e-05 1.057e-07 0.361652 0.181596 0.144697 0.0145533 
0.078597 0.0368867 0.118414 0.000263148 0.00288883 0.00539335 0.060705 0.538499 0.147381 0.0108716 0.000100712 
0.0042979 0.0678782 0.123013 0.0194766 0.00266088 0.00213897 0.0144951 0.635088 0.116728 0.0142228 1.26741e-06 
0.0015072 0.00533399 0.048528 0.00562267 0.00127674 0.00144185 0.0188722 0.915497 0.00054375 0.000744676 0.000631688 
3.01428e-06 0.0155828 6.19664e-05 3.62712e-06 0.00201963 3.61715e-05 0.0358074 0.807356 0.139006 0.000121842 2.08794e-06 
0.0313305 0.200958 0.0513824 0.000368571 0.00661426 0.0148016 0.0141399 0.613376 0.0493677 0.0171938 0.000467651 
0.0155993 0.0523899 0.181348 2.38645e-05 0.00206547 0.011452 0.00358886 0.601553 0.122147 0.0098318 1.07564e-06 
0.0214545 0.023178 0.183534 2.90414e-07 0.0726648 0.000329682 0.00211115 0.640505 0.0559431 0.000278647 2.85813e-08 
0.0148262 0.0191721 0.0583883 0.000294585 0.00242958 0.000208261 0.000137264 0.846336 0.0310453 0.0270407 0.000121674 
0.194127 0.0136238 0.0119323 0.00111957 0.000410676 0.000130068 0.000110009 0.672638 0.0130837 0.0368758 0.0559494 
0.305166 0.032474 0.0609353 0.0241511 0.00478677 0.0086711 0.00023722 0.416666 0.125859 0.0210504 2.22806e-06 
0.0807707 0.126861 0.0505608 0.000314838 0.0162048 1.5575e-06 0.000113962 0.446195 0.253307 0.0256702 9.99148e-10 
0.0199444 0.0969387 0.181835 2.55181e-05 0.00209118 0.0341989 1.43581e-05 0.6024 0.0395788 0.0229717 1.43721e-06 
0.0823543 0.0153429 0.0261967 1.44784e-06 0.0397616 0.00394143 0.000595059 0.796387 0.00308326 0.0323358 7.87978e-07 
0.0390475 0.102528 0.132116 7.92376e-05 0.00329756 0.000169057 0.000318293 0.526241 0.128417 0.0677853 1.38133e-08 
0.080621 0.130012 0.199754 0.00433974 0.125883 0.00924951 0.0632419 0.204462 0.139739 0.0424572 0.000239391 
0.0364524 0.166547 0.0528119 0.00353142 0.00366042 0.0564572 0.0161172 0.27563 0.146929 0.200332 0.0415325 
0.00028378 1.33887e-07 8.37484e-08 2.91165e-07 2.49737e-07 4.57989e-07 0.000139239 0.999545 2.9439e-05 1.67734e-07 7.93026e-07 
8.0583e-05 8.05807e-05 8.0585e-05 8.05684e-05 8.05717e-05 8.05553e-05 8.05757e-05 0.958905 8.05867e-05 0.0403697 8.05288e-05 
0.0280443 0.0264559 0.076643 2.50495e-05 0.00141811 0.118239 0.0279648 0.414069 0.29993 0.00720947 1.54311e-06 
