0.00962782 0.0562416 0.0538768 0.000168301 0.0040747 0.0024532 0.00246199 0.747539 0.11689 0.00637737 0.000289386 
0.0015072 0.00533399 0.048528 0.00562267 0.00127674 0.00144185 0.0188722 0.915497 0.00054375 0.000744676 0.000631688 
0.00532284 0.0107883 0.0209426 0.000204022 0.00586163 0.00086624 0.00617255 0.929726 0.0113515 0.00875958 5.16639e-06 
0.00387921 0.0210584 0.0590545 8.10186e-05 0.0269481 0.0191412 0.00358533 0.654462 0.115562 0.0951986 0.00102902 
0.075817 0.215673 0.118886 0.0280747 0.0012915 0.00764898 0.0715906 0.412432 0.0386307 0.0294911 0.000463759 
0.194127 0.0136238 0.0119323 0.00111957 0.000410676 0.000130068 0.000110009 0.672638 0.0130837 0.0368758 0.0559494 
0.00569963 0.343043 0.0387764 2.0471e-06 0.019285 0.00200161 1.19029e-05 0.360714 0.229166 0.00130046 8.90834e-09 
0.0617296 0.0224294 0.219078 8.21794e-05 0.0027123 0.00548201 0.00426072 0.506937 0.113954 0.0633015 3.31043e-05 
0.00620523 0.118965 0.0556543 0.000236788 0.0382947 0.000438855 0.000331418 0.597367 0.175518 0.00691022 7.80151e-05 
0.0023337 0.0378676 7.58015e-05 6.09963e-06 0.00037806 7.32354e-07 0.00023998 0.870221 8.69934e-06 0.0888563 1.17664e-05 
0.000771157 0.0532146 0.0339876 0.000116244 0.0034225 0.000451699 0.0195354 0.80813 0.0460987 0.0342718 5.64975e-08 
0.0195317 0.0469719 0.0406251 0.000123644 0.0209036 0.000185334 0.00049535 0.752461 0.115419 0.00315918 0.000123935 
0.333702 0.00481766 0.176124 0.000312394 0.00154077 0.0010297 0.0728307 0.378238 0.0190862 0.0123185 3.89496e-08 
0.0234344 0.0394636 0.11243 0.00311989 0.00163291 0.0053587 0.0189088 0.731671 0.054278 0.0095982 0.00010418 
0.0976005 0.18911 0.0665223 0.000847689 0.0151554 0.0257485 0.0172388 0.344666 0.172658 0.0153249 0.0551272 
0.00270888 0.00399698 0.0459245 5.4549e-05 0.0202879 0.000399864 0.0125607 0.869312 0.0344267 0.00859264 0.00173516 
0.0493191 0.00670681 0.106489 0.00019092 0.00255465 0.0133016 0.000253884 0.661718 0.144604 0.0147273 0.000134289 
0.0254375 0.128366 0.0556596 1.85485e-05 0.0379678 0.00151293 0.000165734 0.588429 0.147547 0.0148778 1.75144e-05 
0.00026151 0.0188609 0.0351586 8.30687e-06 0.00536406 0.00397088 0.0144798 0.693608 0.205614 0.0226741 1.07153e-08 
0.00340059 0.0745567 0.0576384 0.00123162 0.000627674 0.0853847 0.00485415 0.639204 0.00678931 0.123261 0.00305209 
0.0357283 0.0580544 0.192294 0.00289463 0.0180485 0.035085 0.0563881 0.514525 0.0653028 0.0216624 1.62506e-05 
0.0159675 0.126977 0.0631877 0.0019697 0.0929447 0.00133226 0.00568358 0.601943 0.0366227 0.0499069 0.00346463 
0.183493 0.0470951 0.191025 0.0056829 0.00402665 0.0214354 0.0380579 0.326649 0.116021 0.0663764 0.000136913 
0.0532819 0.275578 0.207332 0.00152011 0.033219 0.0622147 0.00431516 0.2959 0.0521856 0.0134867 0.00096714 
0.0442837 0.162734 0.0253133 1.19596e-09 0.201636 4.76907e-06 0.000107059 0.349779 0.159824 0.0563007 1.78312e-05 
0.0589474 0.0578982 0.222242 0.000655493 0.000586965 0.00323042 0.019121 0.507473 0.102794 0.0266385 0.00041312 
0.194084 0.0978253 0.0404162 1.27072e-05 0.0965552 0.021878 0.0717624 0.440532 0.0250649 0.00123422 0.0106349 
0.000275953 0.042418 0.0107559 2.07831e-05 0.00267176 0.000623594 0.000205192 0.550537 0.386609 0.00588218 2.38361e-07 
0.018017 0.143286 0.0315735 0.0252828 0.000638525 0.001225 0.00812895 0.750168 0.00190802 0.0171925 0.00257921 
0.114989 0.0410846 0.0275999 5.19819e-05 0.00790728 0.0159016 0.00061322 0.666649 0.122926 0.0022694 8.1937e-06 
0.00176895 0.0723938 0.12623 0.0004782 0.0217019 0.012335 2.76539e-07 0.677897 0.0359618 0.0506945 0.000538559 
0.000305938 0.034538 0.0268134 0.000335188 0.0786389 0.022718 5.64695e-07 0.821173 0.0148824 0.000594792 2.72679e-07 
0.00260037 0.0484019 0.0235634 0.0117141 8.97258e-07 5.41581e-07 0.000844438 0.736136 0.134607 0.0416333 0.000498216 
0.0517494 0.0320599 0.393464 0.000606882 2.94165e-05 2.15855e-05 0.00204735 0.487876 0.0233039 0.0088415 1.05474e-07 
0.226092 0.170375 0.0705005 0.0628925 0.00961754 0.0029078 0.0224742 0.280535 0.102319 0.0520569 0.000229471 
0.00382971 0.0119527 0.117412 0.00100817 0.00134254 0.00171661 0.000185108 0.534983 0.314698 0.0128272 4.48779e-05 
0.0019401 4.16787e-06 0.275995 1.69793e-07 0.000709137 0.00105011 1.1583e-07 0.71056 0.00948764 0.000253049 4.62453e-07 
0.177372 6.98264e-06 0.249998 0.00279961 6.98186e-06 6.98044e-06 6.9822e-06 0.290458 0.249306 0.0300315 6.97814e-06 
0.00529636 0.192706 0.13572 0.00507385 0.0394728 0.0413623 0.00591032 0.392639 0.142207 0.0395743 3.78854e-05 
0.0530933 0.234815 0.051198 0.000181444 0.118878 0.00326495 0.0329149 0.26644 0.178821 0.0601327 0.000260184 
0.0327641 0.124877 0.1269 0.000692043 0.0180699 0.00263253 0.011421 0.542721 0.0982398 0.0416749 7.31473e-06 
0.000412116 7.37023e-07 0.0117671 1.94043e-11 1.66433e-11 1.9046e-06 2.48863e-06 0.983564 3.28984e-08 0.00425102 2.96013e-07 
0.0573549 0.0193475 0.263567 0.000228016 9.31717e-05 0.000469893 0.00816204 0.422756 0.197167 0.0308463 7.84402e-06 
0.0176716 0.00673395 0.106992 1.21814e-06 0.122089 3.39849e-05 7.20483e-09 0.70617 0.0203402 0.0199668 1.28002e-06 
9.58766e-06 2.26268e-05 0.168364 2.40646e-06 4.91326e-10 2.40585e-05 3.90777e-10 0.619604 0.211971 2.6073e-06 1.56018e-09 
0.0647263 0.000743416 0.0832259 4.68935e-07 0.000195408 0.000498807 0.000162924 0.766512 0.046721 0.0370911 0.000123126 
0.000136803 0.000136799 0.000136806 0.000136778 0.000136783 0.000136756 0.00013679 0.643034 0.000136809 0.246367 0.109505 
0.0110402 0.00298888 0.114473 0.00233341 0.0457183 0.00432317 0.000600522 0.700419 0.0515627 0.0664559 8.48169e-05 
0.00100155 0.0270946 0.0756818 0.000836107 0.00363253 0.000145584 0.000744945 0.693647 0.123426 0.0729542 0.000835429 
0.00695915 0.0166049 0.0144196 0.00150404 0.00258178 0.000368338 0.000183878 0.837421 0.00142516 0.074252 0.0442803 
0.120361 0.00843516 0.117578 8.85839e-08 0.00195502 1.39338e-07 6.04306e-08 0.700514 0.0316894 0.0194673 2.4127e-07 
4.35278e-08 0.0224854 1.77216e-08 0.0459243 1.45613e-07 3.22308e-06 5.43527e-06 0.922484 0.000804457 0.00721636 0.00107671 
2.51898e-07 0.00422083 0.00111474 1.25306e-05 0.00387594 0.000117712 5.00193e-06 0.982847 0.00481567 0.00298869 1.97172e-06 
0.176374 0.0187233 0.173064 9.00987e-06 0.00362782 0.012618 0.0199605 0.494658 0.0970202 0.00392058 2.45138e-05 
0.11678 1.67089e-06 0.0658591 8.97047e-08 0.000288178 1.07146e-07 1.93649e-06 0.796216 0.0208527 6.51713e-08 3.81758e-10 
0.0976005 0.18911 0.0665223 0.000847689 0.0151554 0.0257485 0.0172388 0.344666 0.172658 0.0153249 0.0551272 
0.00494065 0.0161242 0.328281 3.21103e-05 0.0138486 0.00317485 2.79357e-05 0.598802 0.00809183 0.0266013 7.60137e-05 
0.00743431 0.16194 0.042818 0.00029043 0.00148506 0.00313635 0.000110054 0.439237 0.313261 0.030288 1.83358e-07 
0.0825473 0.127301 0.0414888 2.19758e-07 0.00634518 0.051529 0.00021574 0.350579 0.335526 0.00446868 3.43923e-07 
0.140804 0.07483 0.194586 0.000283953 0.117317 0.00355732 9.52324e-05 0.23716 0.204038 0.0269536 0.000373855 
0.161095 0.0579278 0.071296 0.000122209 0.0175493 0.00967524 0.0213191 0.530058 0.0745146 0.056424 1.90858e-05 
0.00196314 0.0858286 0.0119477 0.000177078 1.06964e-07 0.0453686 4.97707e-06 0.852638 7.48047e-05 0.00198721 1.01053e-05 
0.00604617 0.0565152 0.0893634 0.00150753 0.0072174 0.000401247 0.000975756 0.794269 0.0422533 0.00144992 1.3755e-06 
0.0535677 0.00088454 0.231913 4.45695e-05 0.0117354 0.0018434 0.000268187 0.580695 0.0724104 0.0466379 9.24299e-07 
0.00166383 0.242774 5.8958e-07 0.00108686 4.55621e-06 6.66312e-05 0.000121458 0.542324 0.0556728 0.148926 0.00735965 
0.00856357 0.294761 0.0730009 0.000804251 0.00402535 0.00125708 0.00845025 0.562068 0.0318733 0.0129003 0.00229632 
0.071906 0.0874293 0.101777 0.00309837 0.0365626 0.00377602 0.0101167 0.278591 0.269737 0.135979 0.0010268 
0.195538 1.35963e-05 0.187011 3.2886e-06 1.65862e-09 5.61537e-05 1.34659e-06 0.487731 0.0937157 0.0359289 5.26685e-09 
0.0784019 0.0368205 0.0243202 0.0010436 0.000899626 0.0685236 0.000134669 0.693764 0.0747469 0.0212875 5.76124e-05 
0.00901744 0.0336762 0.0233787 0.000661725 0.0104883 0.0021545 0.000790727 0.780289 0.137959 0.00158455 9.40451e-10 
0.0257326 0.0312662 0.163976 0.000527961 0.00182571 0.00919536 0.016758 0.65789 0.0890264 0.00379601 5.94586e-06 
0.0976005 0.18911 0.0665223 0.000847689 0.0151554 0.0257485 0.0172388 0.344666 0.172658 0.0153249 0.0551272 
0.0118979 0.0217542 0.0574769 0.000728391 0.000272917 0.000926833 0.0160386 0.589623 0.149476 0.149278 0.00252735 
0.0976005 0.18911 0.0665223 0.000847689 0.0151554 0.0257485 0.0172388 0.344666 0.172658 0.0153249 0.0551272 
0.00733238 0.341423 0.0263272 0.0290317 0.118096 0.0127447 0.00175019 0.369592 0.0797637 0.0138971 4.22064e-05 
0.0434058 0.222594 0.0991115 0.00033201 0.0766435 0.0184336 0.0813228 0.252521 0.186399 0.0190556 0.000181125 
0.0361399 0.161068 0.115232 2.41748e-07 0.0536521 0.00574397 0.0615959 0.292759 0.222094 0.0516759 3.9758e-05 
0.00213103 0.0081156 0.0616998 0.000187432 2.85166e-06 6.13342e-05 0.00177301 0.916514 0.00343121 0.00605434 2.94216e-05 
0.0976005 0.18911 0.0665223 0.000847689 0.0151554 0.0257485 0.0172388 0.344666 0.172658 0.0153249 0.0551272 
0.0257331 0.0624894 0.0335449 0.00413684 2.29706e-06 2.29659e-06 0.0147043 0.6301 0.155312 0.0723653 0.00160938 
0.00315593 0.0155042 0.188725 0.000216635 0.107926 0.0113632 0.0332634 0.537522 0.0860676 0.0161938 6.15995e-05 
0.00126891 0.0538717 0.225656 2.92946e-07 0.000567059 0.00393384 0.0119821 0.622431 0.0802872 9.72077e-07 1.40798e-06 
0.0117492 0.0798607 0.137928 0.000141775 0.0462129 0.000459674 0.00242678 0.299107 0.298338 0.123776 3.62964e-07 
0.0153861 0.00509765 0.0353741 3.50656e-06 0.000354422 0.130678 0.0387343 0.619602 0.140306 0.0110666 0.00339683 
0.0100285 0.00365936 0.395968 3.52436e-05 0.0102757 0.00683941 0.00141633 0.453395 0.108292 0.0100909 9.20887e-09 
0.0566911 0.000734602 0.0122999 2.69884e-06 0.0368751 0.012344 0.000966725 0.505576 0.0953137 0.279193 2.34788e-06 
0.0667977 0.00298014 0.233026 9.32701e-08 0.0162958 8.28087e-05 0.0446771 0.571329 0.0430527 0.016325 0.00543349 
0.0146823 0.16955 0.0446752 0.000454694 0.00831383 0.00735465 0.00384866 0.597345 0.132455 0.0213184 2.30688e-06 
0.000584523 0.000584506 0.000584537 0.000584417 0.000584441 0.000584322 0.00058447 0.994156 0.000584549 0.000584488 0.00058413 
0.114064 0.190454 0.111094 0.0242411 0.000287347 0.00978905 0.013124 0.491848 5.03745e-06 0.000373187 0.044721 
0.261142 0.010089 0.0715132 0.000387 0.0141525 1.32088e-07 0.00472199 0.553012 0.0848783 0.000104155 3.56343e-07 
0.118278 3.58297e-05 3.58316e-05 3.58242e-05 3.58257e-05 3.58184e-05 3.58274e-05 0.634165 0.236529 3.58286e-05 0.0107778 
0.0389167 0.209415 0.0102568 0.000336473 0.00369333 7.6972e-05 0.0011915 0.679156 0.0313872 0.00435653 0.0212137 
0.00123319 0.00123316 0.00123322 0.00123297 0.00123302 0.00123277 0.00123308 0.98767 0.00123325 0.00123312 0.00123236 
0.00680133 0.0156331 0.0206838 0.000737287 0.0305981 0.000966434 0.000276347 0.882498 0.0203802 0.0213685 5.72629e-05 
0.0560329 0.147517 0.15679 0.00209977 0.00934364 0.00092529 0.00239428 0.513934 0.0962243 0.0143744 0.000364571 
0.0518235 0.00803347 0.0404675 0.000121188 0.00452136 0.000390084 0.00291506 0.454609 0.138479 0.29837 0.000269613 
0.000541805 0.0140443 0.00317301 2.20019e-05 2.63667e-08 1.19817e-05 4.67013e-06 0.84848 0.0193299 0.111135 0.00325645 
0.030209 0.15289 0.0284199 0.000959051 0.0243255 0.00878446 0.000197618 0.50455 0.128406 0.121237 2.172e-05 
4.59534e-05 0.0402231 8.49977e-05 5.12493e-07 4.39573e-07 0.00704124 3.49615e-07 0.951648 0.000594524 0.000218463 0.000142545 
4.91607e-07 6.49661e-07 4.06374e-07 1.41283e-06 1.2118e-06 2.22231e-06 9.63809e-07 0.999988 2.85125e-07 8.13899e-07 3.84802e-06 
0.000961996 1.23677e-06 0.0037582 5.61404e-05 7.90076e-05 6.73804e-05 5.62219e-05 0.977853 0.00601916 0.0111204 2.74917e-05 
0.0333479 0.0439438 0.355514 0.0002252 0.00429132 0.00888008 0.000288291 0.500093 0.01953 0.0314822 0.0024046 
0.00558182 0.0326849 0.0336831 0.00106485 0.0449285 0.00406702 0.00027001 0.530441 0.106961 0.240129 0.000188122 
0.0297086 0.0727074 0.0798836 0.000163487 0.0234501 0.00921537 4.19896e-05 0.647782 0.117731 0.0192948 2.1476e-05 
0.209286 0.203881 0.175155 0.00694807 0.00888883 0.00503811 0.00541962 0.226741 0.0518652 0.106289 0.000488666 
0.00537325 8.55215e-07 0.0134225 1.21124e-06 1.73714e-06 6.80856e-06 4.515e-11 0.958778 2.36684e-06 0.0218283 0.000584698 
0.261196 0.0247564 0.0574728 0.00191718 0.00758827 0.00835145 0.00802157 0.309778 0.186767 0.126583 0.00756744 
0.00387921 0.0210584 0.0590545 8.10186e-05 0.0269481 0.0191412 0.00358533 0.654462 0.115562 0.0951986 0.00102902 
0.00640445 0.038628 0.0268411 0.000213976 0.00107087 0.00339478 1.76375e-05 0.876222 0.0436686 0.00352825 1.0491e-05 
0.155448 0.0677189 0.0825835 0.00378318 0.00441125 0.00646474 0.016393 0.426587 0.190252 0.0463538 4.18283e-06 
4.05288e-08 5.3559e-08 3.35021e-08 1.16476e-07 9.99028e-08 0.000200994 7.94578e-08 0.999689 0.000109143 6.70991e-08 3.17236e-07 
0.00434485 0.00157137 0.000286236 8.32182e-07 0.00382043 0.00511767 5.67702e-07 0.940772 0.0398722 0.00421196 2.26656e-06 
0.00567774 0.0147594 0.0395063 3.98198e-06 0.00014743 6.59015e-05 1.94015e-09 0.934069 0.00266756 0.00310266 7.74606e-09 
0.00304197 0.00702154 0.020803 9.48632e-06 0.0141578 4.04234e-07 0.000275792 0.887471 0.0658012 0.00141746 2.34965e-08 
0.00225554 0.104339 0.0295039 0.000123985 0.0839703 0.000937661 8.64002e-05 0.564789 0.193869 0.0201153 1.05086e-05 
0.000275953 0.042418 0.0107559 2.07831e-05 0.00267176 0.000623594 0.000205192 0.550537 0.386609 0.00588218 2.38361e-07 
4.45332e-05 0.00011417 0.0326054 4.27115e-05 4.67334e-06 8.93875e-09 0.000130936 0.964114 0.00288343 5.96591e-05 1.54778e-08 
0.0465959 0.00373563 0.00917351 2.72176e-06 0.229817 0.00131343 1.16811e-06 0.515599 0.0513874 0.142374 1.71741e-09 
0.000856168 0.00403649 0.119619 2.15654e-05 0.00425252 0.000336266 0.00232172 0.85926 0.00871884 0.000533789 4.40311e-05 
0.104323 0.003843 0.0506742 0.00907892 0.278383 0.00148847 0.0261741 0.524214 4.61903e-10 0.00171266 0.000108277 
0.00140512 0.0325896 0.00367068 7.64969e-06 0.000570408 0.000853095 8.96937e-05 0.94303 0.00696539 0.0108187 2.82335e-09 
0.00026151 0.0188609 0.0351586 8.30687e-06 0.00536406 0.00397088 0.0144798 0.693608 0.205614 0.0226741 1.07153e-08 
0.0107282 0.0203801 0.0362073 2.85734e-05 0.00464845 2.19138e-07 0.0132068 0.862406 0.0289095 0.0234846 2.7969e-07 
0.0277519 0.0329809 0.32851 9.30157e-05 0.0201358 0.0116163 0.0114884 0.375281 0.182153 0.00969733 0.000292629 
0.00176895 0.0723938 0.12623 0.0004782 0.0217019 0.012335 2.76539e-07 0.677897 0.0359618 0.0506945 0.000538559 
0.050737 0.165205 0.060422 6.1206e-07 0.03268 0.00376185 0.000161537 0.366421 0.319388 0.000648864 0.000574589 
0.0143526 0.141146 0.0900371 0.0455648 0.00338929 0.000387257 0.0145054 0.54983 0.0297681 0.110935 8.51686e-05 
0.0184805 0.00115632 0.0141046 5.80688e-05 0.115342 0.0137399 0.00193468 0.631443 0.0748314 0.128907 2.64224e-06 
0.0541024 0.113888 0.0702162 0.00196625 0.0478906 0.00237263 0.0155734 0.596589 0.0872517 0.0100263 0.000123248 
0.0405924 0.118524 0.0880709 3.29131e-05 0.0378276 0.0192877 2.05172e-05 0.559048 0.0785152 0.0580128 6.75694e-05 
0.109234 0.385195 0.014379 0.032112 0.00145676 1.25658e-05 0.00761486 0.402073 0.0339853 0.0102208 0.00371684 
0.00416644 0.0602653 0.000214058 5.99385e-05 0.00376426 0.000518378 0.000257583 0.792613 0.0986418 0.0394993 6.30893e-08 
0.00563308 0.0242209 0.016957 9.27255e-07 0.00384562 0.000520615 0.000360221 0.920132 0.0256439 0.00268552 2.53231e-08 
0.00167289 0.0145857 0.0590209 0.00237902 0.12359 0.000336436 3.668e-08 0.706338 0.0255612 0.0665161 1.46445e-07 
0.0260533 0.00597381 0.214465 1.98813e-05 0.000195428 0.104598 0.00391186 0.460199 0.147821 0.0367622 6.79443e-08 
0.000275953 0.042418 0.0107559 2.07831e-05 0.00267176 0.000623594 0.000205192 0.550537 0.386609 0.00588218 2.38361e-07 
0.00391083 0.0110814 0.0123724 0.0190728 0.000856514 8.8201e-05 1.45367e-07 0.58103 0.0229272 0.0601498 0.288511 
0.014388 0.0160499 0.021827 0.000554923 0.000190644 0.000511621 0.000654554 0.738887 0.125777 0.0422905 0.0388689 
0.238983 0.0162265 0.233483 7.76137e-10 0.00347936 1.22083e-09 5.29469e-10 0.408647 0.0626752 0.0365063 2.11391e-09 
0.0263213 0.213174 0.0362839 0.0267217 0.000147451 3.40984e-05 0.000583097 0.565919 0.0686088 0.0473793 0.0148271 
1.09543e-06 5.27198e-07 0.000827033 0.0003991 2.47043e-06 1.52983e-06 5.01932e-10 0.99804 0.000527709 0.000199221 1.31794e-06 
0.0403741 0.0102981 0.138326 5.38486e-05 3.84185e-11 0.00183384 6.94794e-07 0.666654 0.137205 0.00525414 1.21996e-10 
0.031536 0.101547 0.134149 0.0736596 0.025138 0.00418803 0.00376057 0.467951 0.123888 0.0339745 0.000209014 
0.0204031 0.0914321 0.181964 0.000132009 0.265552 0.00999599 0.000110859 0.299027 0.115844 0.0155388 8.33644e-07 
0.00909113 0.0354161 0.0179683 0.000848844 0.00126594 0.000502715 1.15824e-10 0.883081 0.0306456 0.0210039 0.000176219 
1.48678e-07 0.0213205 8.76578e-06 9.654e-05 9.13936e-10 1.67605e-09 7.269e-10 0.958235 2.1504e-10 0.0203316 7.83874e-06 
0.04749 0.0879918 0.127015 2.89874e-05 0.0380364 0.000501804 0.0543562 0.530338 0.102115 0.0118871 0.000240612 
0.0534451 0.180146 0.135244 0.000933422 0.002593 0.0110998 0.000320003 0.424439 0.101904 0.0828657 0.00701036 
0.0139808 0.274238 0.0834767 0.0107945 0.0102555 0.0167368 0.0253942 0.298895 0.209791 0.0560639 0.000373372 
0.00131263 0.0292911 0.0626036 0.00113667 0.0123622 0.0336528 0.000819407 0.73486 0.121061 0.00288272 1.77221e-05 
0.0343415 0.107688 0.217154 0.00184509 0.129146 0.0126354 0.0184025 0.331047 0.111731 0.0359847 2.57257e-05 
0.0335628 0.0393288 0.175263 4.67124e-05 0.0112321 0.00301612 0.000521907 0.534207 0.18449 0.018325 6.5414e-06 
5.7693e-06 2.87986e-06 1.47644e-10 5.13307e-10 2.32027e-05 4.68377e-06 1.75435e-07 0.995545 0.00441487 3.19391e-06 1.39806e-09 
0.0240105 0.0675333 0.0261448 0.000144322 0.00211905 0.00137331 6.69858e-05 0.716868 0.153612 0.00801019 0.000117251 
0.0163247 0.000192671 0.0011617 0.00334462 4.90401e-10 3.3117e-05 4.15494e-07 0.852058 9.88689e-06 0.125682 0.00119249 
2.26709e-06 0.00333138 0.00146521 0.00107092 6.6114e-09 1.07323e-06 6.18861e-07 0.980019 0.00170664 0.00799555 0.00440753 
4.02094e-06 0.166038 0.000255652 6.36202e-08 0.000282705 0.00495721 0.000139429 0.688059 0.140248 1.44914e-05 1.96699e-06 
0.0102978 0.00715112 0.106984 0.000636192 0.00173744 0.0172072 2.21083e-06 0.761515 0.075649 0.0186469 0.000173256 
0.00678203 0.0163885 0.0372017 0.000206965 0.000139837 0.000249162 0.0045533 0.811312 0.118617 0.00332868 0.00122078 
0.104073 0.0224118 0.10003 0.000873547 0.000119213 0.043957 0.00174705 0.567114 0.100968 0.0582355 0.000471348 
0.00392087 0.157348 0.0331763 2.7481e-05 0.00887057 0.000229941 0.00442672 0.660974 0.0764848 0.0544628 7.89877e-05 
0.268772 7.47678e-06 1.94206e-05 6.87743e-07 5.22465e-05 0.00918424 1.52944e-06 0.686892 6.15798e-05 0.023003 0.0120065 
0.00267362 0.00660067 0.0904553 2.0847e-05 0.0541614 8.43001e-05 2.55269e-06 0.754157 0.0487525 0.0430876 3.85184e-06 
0.0262361 0.138118 0.122166 0.0103755 0.000286916 0.0833637 0.000690267 0.514798 0.100749 0.00307388 0.000142239 
0.0526365 0.237593 0.0956945 0.000491659 0.00304139 0.0143832 0.0191868 0.394064 0.136411 0.046498 6.43256e-08 
0.00625719 0.0421176 0.00521376 0.445795 0.000439923 0.000438879 0.00701668 0.449845 0.0243711 0.0182859 0.000219349 
0.0081316 0.0358897 0.00375977 0.000120256 0.000576908 0.000177677 5.58217e-05 0.783911 0.0115007 0.155836 4.00674e-05 
0.0795597 0.017078 0.0703251 1.90535e-07 0.0368452 0.000177084 4.10515e-06 0.598841 0.194318 0.00285177 1.85057e-09 
0.0874738 0.255861 0.154052 0.0926785 1.3052e-05 1.30493e-05 0.0652764 0.344594 1.30544e-05 1.3053e-05 1.3045e-05 
0.0163751 0.131394 0.146941 0.0055151 0.00209906 0.0284607 8.77949e-05 0.268156 0.138878 0.262092 9.85123e-07 
0.0181682 0.0697489 0.275465 0.0023878 0.0172099 0.190124 0.0182347 0.303524 0.0351491 0.0695095 0.000479474 
0.0525859 0.0704924 0.191348 0.0506947 0.00685708 0.00817454 0.0546117 0.356377 0.134755 0.0738547 0.000248119 
0.0706333 0.0128227 0.320969 2.51413e-05 0.0199853 0.0306073 0.0155498 0.37505 0.144784 0.00912581 0.00044759 
0.000973116 0.0757025 0.096627 0.0147527 0.000759829 0.0163931 0.191952 0.585013 0.000624135 0.0165694 0.000633001 
0.0098039 0.0817095 0.132613 3.11946e-06 0.00283211 0.00170056 0.000369234 0.645844 0.121172 0.0039525 1.63943e-07 
0.0385378 0.00431421 0.159226 1.12552e-05 0.000547432 0.000107695 0.0131985 0.761972 0.0116613 0.0104215 2.3765e-06 
0.00692796 0.0692785 0.0282255 3.64385e-05 0.029067 0.0152421 0.000975248 0.82747 0.0204945 0.00227246 1.04868e-05 
0.0153861 0.00509765 0.0353741 3.50656e-06 0.000354422 0.130678 0.0387343 0.619602 0.140306 0.0110666 0.00339683 
0.00572375 0.0470155 0.0347904 0.000536092 0.00271046 0.000612083 0.0316929 0.821274 0.0456687 0.00940069 0.000575663 
0.0124067 0.097298 0.00606993 1.39449e-05 0.00082325 0.000863696 6.48885e-07 0.804224 0.0284969 0.0483053 0.00149731 
0.261142 0.010089 0.0715132 0.000387 0.0141525 1.32088e-07 0.00472199 0.553012 0.0848783 0.000104155 3.56343e-07 
0.0813314 0.0420243 0.163186 0.000321665 0.00338434 0.00444989 0.000809811 0.350149 0.312271 0.0400618 0.00201084 
0.0265168 0.0330053 0.130824 0.00305001 0.00164846 0.00729125 0.0122447 0.647931 0.046802 0.0629559 0.0277308 
0.0324484 0.0233963 0.146624 0.00168911 0.00401273 0.00815807 0.00656003 0.713294 0.00760417 0.00311839 0.0530941 
0.112957 0.113471 0.0419764 0.0024812 0.0029824 0.000296002 0.00178957 0.4472 0.0980389 0.176486 0.00232156 
0.0360477 0.0243203 0.0452356 3.06984e-05 0.00591156 0.000323355 0.000766113 0.773072 0.0896243 0.0242526 0.000416143 
0.0253193 0.125778 0.105186 0.070766 0.0381086 0.00636243 0.002887 0.404356 0.171074 0.0501566 5.25161e-06 
2.18861e-06 0.00476384 0.0113876 1.59829e-08 0.0866701 1.00554e-05 0.000432443 0.458613 0.436689 0.00142712 4.24542e-06 
0.00956143 0.0350225 0.244844 0.000477715 0.0116813 0.00436765 0.000722624 0.568769 0.0689684 0.0376601 0.0179253 
0.0231978 0.0215021 0.107503 0.00010554 0.0864192 0.000534032 0.00255107 0.64106 0.11022 0.00537686 0.00153072 
0.0293754 0.00569844 0.0179814 3.61996e-06 0.000969517 0.0841477 3.48277e-05 0.64796 0.131792 0.043074 0.0389631 
0.000878037 3.77979e-07 0.333701 1.86981e-11 2.76011e-07 5.95658e-06 2.26871e-05 0.66539 1.40301e-06 1.21908e-07 3.07423e-08 
0.0562518 0.12743 0.112995 3.06657e-08 0.0246081 0.179101 0.0735367 0.269978 0.0902964 0.0657924 1.02745e-05 
0.000490795 0.00203138 0.000214108 0.003787 0.00472327 0.00013584 3.44051e-05 0.696105 4.09106e-08 0.0152769 0.277201 
0.240424 0.0453603 3.955e-08 7.1398e-05 0.00191559 0.00575711 1.15718e-05 0.70639 2.77495e-08 5.61832e-05 1.43919e-05 
0.00941175 0.286517 0.0249572 0.00506829 0.00914629 0.000837928 0.0132158 0.430075 0.0879976 0.0974818 0.0352915 
0.0747441 0.0519272 0.0396319 0.00283428 0.00604815 0.00146976 7.64423e-06 0.77224 0.0213704 0.0288794 0.000847587 
0.00126066 0.0445998 1.18683e-05 0.000326767 0.00869524 1.95841e-07 9.28028e-05 0.722157 9.86609e-06 0.222843 2.47758e-06 
4.27037e-07 0.00344299 3.52999e-07 1.22726e-06 0.00200106 1.93042e-06 8.37218e-07 0.994101 0.000446062 7.06998e-07 3.3426e-06 
0.00725773 0.0211065 0.0117552 4.13887e-07 0.0792193 0.0198645 0.0353822 0.596938 0.100733 0.122736 0.00500672 
0.00233325 0.0352837 0.0571123 8.19431e-06 0.00763967 0.00154402 0.000312842 0.834353 0.0614062 2.35791e-06 4.61984e-06 
0.00465283 0.00345442 0.038182 0.000338239 0.00191691 0.0110815 0.0018858 0.895681 0.0268714 0.0158802 5.5347e-05 
0.00513157 0.0490594 0.100501 0.000148344 0.0349256 0.000159505 0.000411904 0.74228 0.00943878 0.0579246 1.90862e-05 
0.00752909 0.0465731 0.104413 0.000254224 0.00518747 0.000163296 0.0842221 0.382409 0.105985 0.17289 0.0903742 
0.0258207 0.0240241 0.0403073 0.0128663 0.00036195 0.00402118 0.0114091 0.819099 0.0288795 0.0329877 0.000222854 
0.0905994 0.000853791 0.140166 3.79987e-08 0.0197662 0.000765992 1.87971e-05 0.731365 0.0137973 0.00266749 1.95883e-10 
0.00378394 0.00622206 0.16771 0.000105785 0.0269618 0.339229 0.00041476 0.410252 0.0437335 0.00158667 2.54773e-08 
0.0761259 0.207373 0.0129501 0.00178506 0.0126802 0.0131668 6.66141e-07 0.425447 0.247716 0.00275422 1.19865e-06 
0.0056508 0.230259 0.0139887 0.00181549 0.0482416 0.0010576 0.0178236 0.588191 0.0861186 0.00684586 7.78691e-06 
0.000773027 0.0240579 0.0307238 0.000689063 8.24044e-05 0.000100955 5.26425e-05 0.894988 0.0114194 0.0371128 8.38879e-08 
0.0144027 0.157966 0.0343277 0.000123488 0.000701062 0.00111716 0.00914867 0.760604 0.00154781 0.0183223 0.00173906 
0.0289512 0.0841846 0.273812 0.000124536 2.24674e-05 0.0208851 0.0100367 0.388669 0.19015 0.00316447 3.21909e-07 
0.00762526 0.00291926 0.00288426 0.00158922 2.82863e-07 5.40534e-07 1.15163e-10 0.94357 0.0408253 0.000585871 2.175e-07 
0.0093396 0.0623286 0.0731457 0.00037084 0.0177285 1.09876e-05 0.00273349 0.482 0.290579 0.0617636 2.97283e-09 
0.105018 0.0341703 0.140745 4.69712e-08 0.002797 0.248542 0.00083661 0.2602 0.0641387 0.143487 6.36831e-05 
0.0324049 1.57841e-05 0.00331584 6.19321e-06 1.00993e-05 0.00010543 3.27214e-06 0.650011 0.171863 0.142246 1.96682e-05 
0.0374894 0.0915794 0.160786 0.000759961 0.000960306 0.0132574 0.00623802 0.545811 0.0273437 0.115371 0.00040358 
0.00874349 0.12373 0.0386112 0.00149803 0.00888431 0.00275181 0.0150858 0.760903 0.0324372 0.00733518 1.97412e-05 
0.0848635 0.110912 0.228233 0.000284237 0.0179541 0.0181038 0.0286529 0.377604 0.10678 0.0263088 0.000303137 
0.0322619 0.134152 0.00250015 0.0216878 1.49651e-05 1.35217e-05 3.95896e-07 0.704442 4.69269e-10 0.102097 0.00283057 
0.043454 0.132354 0.000885879 0.000990317 0.0310019 0.000137541 9.50622e-05 0.752036 0.00251477 0.0358909 0.000639962 
0.0259001 0.0512267 0.106268 0.000819679 0.0121123 0.0226242 0.00711715 0.497281 0.101977 0.168894 0.00578018 
0.0364896 0.0932282 0.132186 0.001464 0.0456822 0.00705556 0.0357223 0.462214 0.141987 0.0438715 0.00010035 
0.142254 0.0811655 0.0474139 0.058936 0.0017711 0.000729705 0.0182181 0.336941 0.143306 0.167927 0.00133739 
0.0720315 0.0744863 0.0223534 0.00165285 0.00205733 0.0195702 0.00323583 0.369295 0.265674 0.106216 0.0634269 
0.0106296 0.0360349 0.224323 0.00488078 0.0122319 0.000258078 0.0151759 0.645386 0.0483635 0.0027165 3.97454e-08 
0.0203904 0.130329 0.0985256 3.09702e-05 0.0429545 0.119752 0.000119629 0.541239 0.0435379 0.00307208 4.94591e-05 
0.0431763 0.171598 0.0488493 0.0277052 0.00659884 0.00419416 0.0109464 0.501494 0.0541417 0.06869 0.0626053 
1.76931e-05 0.0182823 0.0230473 0.000196698 5.69637e-05 0.000655742 0.00253645 0.946823 0.00585594 0.00237025 0.000157569 
0.0955886 0.0511853 0.0679721 0.01789 0.00586071 0.000932822 0.00789809 0.275536 0.236167 0.240343 0.000626128 
0.0196049 0.0264723 0.189199 4.28628e-06 0.0104192 1.80066e-05 0.0863277 0.661236 2.42349e-05 0.00669525 3.53844e-09 
0.00026967 0.0470991 0.000302199 1.51736e-05 0.00151725 3.00494e-07 0.00060906 0.691249 0.180081 0.0788558 1.98461e-06 
0.0262808 0.00342651 0.191557 0.000694791 0.00341789 0.0512474 0.0115492 0.523101 0.168524 0.0202012 3.78108e-08 
0.000208636 7.4901e-05 0.000182195 7.86862e-09 6.74904e-09 1.2377e-08 5.36785e-09 0.999049 0.000198499 0.000196734 9.00325e-05 
0.00495313 0.114548 0.172459 0.000232347 0.00016663 0.0173689 0.0485706 0.324121 0.286949 0.0306291 2.13782e-06 
0.256568 1.75714e-05 0.107209 1.75688e-05 1.75695e-05 1.75659e-05 0.024616 0.260051 0.151143 0.200325 1.75601e-05 
0.0116292 0.006908 0.0191768 1.74143e-09 0.000314539 0.0164413 0.00633749 0.836338 0.0835522 0.0192823 2.04183e-05 
0.00625719 0.0421176 0.00521376 0.445795 0.000439923 0.000438879 0.00701668 0.449845 0.0243711 0.0182859 0.000219349 
2.96369e-11 0.149425 0.00402564 6.29797e-05 0.0678325 0.000861269 0.000709057 0.67086 0.0980616 0.00157476 0.00658691 
0.00254033 0.0543808 0.204663 0.00135304 0.0013424 0.0389696 0.00872339 0.65622 0.0176987 0.0134225 0.000687017 
0.000265855 0.337001 0.00466729 1.30658e-08 0.0386725 0.000433444 1.06865e-06 0.566349 0.0140983 0.0385093 2.39787e-06 
0.000275953 0.042418 0.0107559 2.07831e-05 0.00267176 0.000623594 0.000205192 0.550537 0.386609 0.00588218 2.38361e-07 
0.0546565 5.40216e-07 0.0344643 2.89694e-08 0.000431101 3.4589e-08 6.26082e-07 0.90311 0.00733637 2.10517e-08 3.10674e-11 
0.00532284 0.0107883 0.0209426 0.000204022 0.00586163 0.00086624 0.00617255 0.929726 0.0113515 0.00875958 5.16639e-06 
0.0364045 0.0144497 0.00970865 0.0007112 0.0027592 0.00173806 0.0017511 0.441214 0.214562 0.276631 7.13489e-05 
0.00469434 7.47821e-05 0.027574 3.68056e-08 3.90856e-08 4.38434e-09 0.000337982 0.96643 0.000466495 0.000420866 1.24566e-06 
0.000208636 7.4901e-05 0.000182195 7.86862e-09 6.74904e-09 1.2377e-08 5.36785e-09 0.999049 0.000198499 0.000196734 9.00325e-05 
0.00234753 0.215859 0.220344 6.4691e-05 0.00151037 0.000362356 0.00588314 0.255184 0.156768 0.141674 2.6248e-06 
0.000154313 0.0555527 0.00607983 0.000145618 2.24731e-05 0.00155151 0.000379108 0.921827 0.00859929 0.0047534 0.000934905 
0.000275953 0.042418 0.0107559 2.07831e-05 0.00267176 0.000623594 0.000205192 0.550537 0.386609 0.00588218 2.38361e-07 
0.00832586 0.0552189 0.0189804 8.08382e-05 0.00400283 0.000395306 0.000544588 0.60818 0.105148 0.198545 0.000578534 
0.116606 0.0945864 0.102168 0.0798077 0.00867002 0.0150529 0.00291484 0.393909 0.125916 0.0603017 6.7112e-05 
0.0976005 0.18911 0.0665223 0.000847689 0.0151554 0.0257485 0.0172388 0.344666 0.172658 0.0153249 0.0551272 
0.00339163 0.0536679 0.00844358 0.000123789 0.119181 1.93273e-06 0.000450114 0.770433 0.044288 6.73043e-07 1.84507e-05 
2.51216e-06 0.0086995 0.00470121 0.00128409 6.20093e-08 1.19255e-06 5.41677e-06 0.979459 2.7932e-06 0.00394868 0.0018957 
0.000914311 0.00718944 0.0115331 0.00236024 0.00370987 0.00235944 2.49964e-06 0.949834 0.00549452 0.0165908 1.15792e-05 
0.0153861 0.00509765 0.0353741 3.50656e-06 0.000354422 0.130678 0.0387343 0.619602 0.140306 0.0110666 0.00339683 
0.00435159 0.0590519 0.107008 0.00277633 0.00741335 0.053956 0.00121882 0.689633 0.071251 0.00332205 1.77144e-05 
0.00751067 0.02544 0.158267 0.00347032 0.00864035 0.000193795 0.010803 0.749602 0.0341384 0.00193405 1.69082e-07 
0.262427 0.156436 0.0481571 0.00022947 0.0021126 3.60557e-06 0.000215466 0.485547 0.0387445 0.00605961 6.7297e-05 
2.25815e-08 0.21357 0.000998668 6.48968e-08 5.56629e-08 1.02079e-07 4.42716e-08 0.606668 0.17874 2.24688e-05 1.76755e-07 
0.00762526 0.00291926 0.00288426 0.00158922 2.82863e-07 5.40534e-07 1.15163e-10 0.94357 0.0408253 0.000585871 2.175e-07 
0.00198175 0.0899356 0.038823 0.00359685 0.00941082 0.0408605 9.19504e-07 0.574516 0.239551 0.00130047 2.24727e-05 
0.00284157 0.0870186 0.230065 0.00264189 0.143355 0.00226598 0.0962383 0.251058 0.0066132 0.171305 0.00659801 
0.0238965 0.0892835 0.0771141 0.00019305 0.178528 7.49484e-10 3.61901e-05 0.514417 0.0816339 0.0348883 8.55161e-06 
0.0989007 0.162228 0.0737359 0.0171614 0.0702819 0.00981787 0.0439298 0.357093 0.0660459 0.100642 0.000163014 
0.185025 0.0284684 0.0984695 0.0315381 0.0284269 0.0743659 1.33195e-06 0.434233 0.0743291 0.0451262 1.58647e-05 
0.00026151 0.0188609 0.0351586 8.30687e-06 0.00536406 0.00397088 0.0144798 0.693608 0.205614 0.0226741 1.07153e-08 
3.24219e-05 0.0749421 0.0212182 1.40983e-06 0.000376313 0.000771133 0.0019563 0.89654 0.000857584 0.00325761 4.7261e-05 
0.0425443 0.0157699 0.0587484 0.00040586 0.000293395 0.00189255 0.0298641 0.503139 0.278369 0.068786 0.000186998 
0.00026151 0.0188609 0.0351586 8.30687e-06 0.00536406 0.00397088 0.0144798 0.693608 0.205614 0.0226741 1.07153e-08 
0.00959519 0.0708347 0.0986549 2.56482e-05 0.0447713 0.00472813 0.000461157 0.584152 0.171366 0.0154092 2.69523e-06 
0.00349593 0.128744 0.159036 0.000389993 0.00579576 4.05216e-05 1.057e-07 0.361652 0.181596 0.144697 0.0145533 
0.061008 0.0209943 0.124212 0.000193656 0.0159257 6.70555e-05 0.0407517 0.599485 0.130755 0.00659486 1.29669e-05 
0.0015072 0.00533399 0.048528 0.00562267 0.00127674 0.00144185 0.0188722 0.915497 0.00054375 0.000744676 0.000631688 
0.0256046 0.0631396 0.110625 0.00139592 0.0051529 0.00199955 0.00288632 0.492357 0.0501316 0.246615 9.2294e-05 
4.64287e-06 0.00743302 0.008362 0.019037 4.64222e-06 4.64127e-06 4.64244e-06 0.921041 4.64308e-06 0.0278603 0.0162438 
0.0015072 0.00533399 0.048528 0.00562267 0.00127674 0.00144185 0.0188722 0.915497 0.00054375 0.000744676 0.000631688 
0.0823543 0.0153429 0.0261967 1.44784e-06 0.0397616 0.00394143 0.000595059 0.796387 0.00308326 0.0323358 7.87978e-07 
0.0408428 0.102722 0.0976898 0.000349567 0.11037 2.09649e-07 0.000363194 0.323265 0.122454 0.185077 0.0168655 
0.00198597 0.149612 0.02411 0.000463938 0.0368287 0.001575 8.10671e-05 0.481264 0.0383831 0.265097 0.000598592 
0.0311609 0.0756345 0.0426147 0.000683687 0.00431892 0.0112917 7.3953e-05 0.819518 0.0119254 0.00269689 8.12529e-05 
0.00272336 0.0908431 0.0107441 0.00163559 0.0102421 0.0939171 1.28451e-06 0.406835 0.381851 0.0011001 0.000107242 
0.000217147 0.00440854 0.0169367 2.6838e-05 0.00081515 7.1091e-05 2.07726e-06 0.92762 0.0450061 0.00461584 0.000281024 
1.78775e-06 8.81219e-06 3.43039e-06 7.52952e-07 1.13281e-10 2.07745e-10 3.31571e-06 0.778655 1.84714e-06 0.221324 4.32023e-07 
6.06828e-10 0.0430942 0.00223092 0.00314643 0.00010082 7.67772e-05 1.1897e-09 0.619755 0.091025 0.240034 0.000536695 
0.00565759 0.0419066 0.0105498 0.000279898 0.00229724 0.000124325 0.000231029 0.916171 0.00850921 0.0142733 4.19391e-07 
0.0246186 0.0661322 0.185581 0.000568864 0.00170023 0.00854299 0.0148958 0.289433 0.265715 0.134594 0.00821813 
4.9677e-10 0.0129767 0.0132709 3.52069e-07 0.0283633 2.19023e-06 7.35713e-07 0.706642 0.0368364 0.196499 0.0054091 
0.0518062 0.00179211 0.327968 6.34767e-08 0.00398432 0.0470118 0.000545125 0.377333 0.179555 0.0100037 2.91781e-07 
0.106389 0.121972 0.0355595 0.000202937 0.0119504 0.0219405 8.57614e-05 0.485529 0.204619 0.0116991 5.33043e-05 
4.31834e-10 9.13643e-07 0.00122213 5.08953e-06 1.07511e-07 1.9521e-09 8.46622e-10 0.997039 2.50457e-10 0.00172043 1.18339e-05 
0.00832096 0.00593652 0.01897 0.000236453 0.0104826 3.80111e-06 0.000557352 0.955383 4.60537e-05 6.2768e-05 3.34149e-07 
0.149426 0.0274127 0.142537 0.000271063 0.00146885 0.000834502 0.0998069 0.367912 0.200331 0.00999719 2.5683e-06 
0.00258608 0.00533558 0.00399351 7.31464e-05 0.000132109 8.46277e-05 7.17714e-05 0.960769 0.00761452 0.0193048 3.47835e-05 
0.200812 0.00894842 0.227871 1.80775e-08 0.042124 0.0118589 0.000709727 0.305299 0.15077 0.0516063 4.92363e-08 
0.00385171 0.00215293 0.00902589 0.0015026 0.000161954 0.00364879 0.000105898 0.977053 0.00100502 0.00146229 2.99824e-05 
0.261142 0.010089 0.0715132 0.000387 0.0141525 1.32088e-07 0.00472199 0.553012 0.0848783 0.000104155 3.56343e-07 
0.00526551 0.0400055 0.0611936 0.000180889 0.000452519 3.24844e-05 5.32564e-06 0.854672 0.0361343 0.00205519 2.61052e-06 
0.0188167 0.0554636 0.272068 8.60742e-07 0.00147272 0.227769 7.6102e-06 0.397258 0.0192999 0.0078423 8.92277e-07 
1.39584e-05 0.000343309 0.0184952 1.10442e-05 1.18736e-05 4.94738e-07 2.14567e-07 0.981085 6.34755e-08 2.89369e-05 9.75079e-06 
0.105364 0.0870506 0.152312 0.000392643 0.00605108 0.00755449 0.00939053 0.41584 0.139156 0.0768887 1.14868e-07 
5.34206e-06 0.0448773 0.018703 5.34109e-06 0.281492 0.000539362 5.34157e-06 0.353073 0.0892219 0.212072 5.33847e-06 
0.0897552 0.0282025 0.039878 0.00282302 0.000329576 0.00121189 0.0029498 0.793384 0.038718 0.000680002 0.00206814 
0.00621865 0.0214219 0.180962 0.000810393 3.47689e-06 0.000772698 0.0421442 0.720471 0.00844493 0.0186727 7.86286e-05 
1.28823e-08 3.06897e-05 0.0108753 2.65738e-06 3.17547e-08 5.82344e-08 1.1566e-05 0.979961 0.00710201 0.00201516 1.60334e-06 
0.123837 0.00954952 0.127446 7.06279e-06 0.00743344 0.00173126 0.0318216 0.604914 0.0208397 0.0723549 6.46413e-05 
0.00733238 0.341423 0.0263272 0.0290317 0.118096 0.0127447 0.00175019 0.369592 0.0797637 0.0138971 4.22064e-05 
0.0172985 0.270248 0.0510034 0.000858438 0.000720552 0.000224162 0.116923 0.433989 0.103784 0.000126905 0.00482463 
0.0874738 0.255861 0.154052 0.0926785 1.3052e-05 1.30493e-05 0.0652764 0.344594 1.30544e-05 1.3053e-05 1.3045e-05 
0.0474245 0.0658216 0.0276764 2.63286e-05 0.000663956 0.000966607 0.000363598 0.824014 0.0240625 0.00897619 3.98417e-06 
0.0885997 0.18468 0.22082 0.000619676 0.00588605 3.31439e-07 0.0652965 0.309538 0.00335243 0.120924 0.000282801 
0.0783716 0.0233173 0.00321854 0.284764 0.000526579 9.31975e-06 0.000279701 0.480596 0.00648602 0.12243 1.13332e-06 
0.309459 0.0238545 0.0239585 1.62923e-05 0.018563 8.0336e-05 0.0139063 0.481815 0.0520758 0.0761126 0.000158284 
0.0684209 0.0119123 0.144396 0.000197092 0.0130285 0.0044887 0.0179817 0.645765 0.0719081 0.0219011 1.05915e-06 
0.0710547 0.018185 0.0221817 0.000338889 0.146038 0.00130995 0.00199632 0.499109 0.092005 0.147724 5.70379e-05 
0.00374327 0.00415308 0.000922899 0.000464472 2.40707e-09 2.58466e-06 0.000300526 0.983972 0.00115292 0.00514768 0.000140359 
0.0243943 0.0280396 0.0109423 0.00800373 0.00881832 0.00841056 0.00167965 0.600267 0.0389279 0.268442 0.00207424 
0.377293 7.18838e-09 0.114354 2.63165e-10 3.56158e-07 0.000820682 0.000987702 0.450686 0.0296658 0.00816436 0.018028 
0.000242497 0.0472913 0.00116034 0.00040233 0.00123665 5.61169e-05 9.19159e-06 0.930353 0.0124093 0.00125138 0.00558794 
0.0252614 0.000368998 0.148344 0.000169898 0.000109167 0.00223299 0.000399011 0.520788 0.2301 0.0722262 1.14765e-10 
0.0643973 0.148293 0.0336583 0.240895 0.0252826 0.00083611 0.010162 0.262285 0.0740101 0.140162 1.76183e-05 
0.0125716 0.032068 0.065258 0.000159717 0.00176457 0.000442223 0.00106761 0.877994 0.0046387 0.000661381 0.00337392 
0.00176895 0.0723938 0.12623 0.0004782 0.0217019 0.012335 2.76539e-07 0.677897 0.0359618 0.0506945 0.000538559 
0.0217155 0.115294 0.0803897 0.000238313 0.0121676 0.00324133 0.0051854 0.551785 0.0665295 0.143365 8.90877e-05 
0.0295108 0.145596 0.036535 0.00372638 0.17972 0.00728736 0.0663441 0.312135 0.181713 0.0373178 0.000114545 
0.00015933 0.0268126 0.104685 0.000275837 0.0267983 0.0030098 0.000120401 0.770866 0.0593323 0.00597846 0.00196204 
0.268666 0.00970264 0.16135 0.0104454 0.00191765 0.00190219 0.0109203 0.46001 0.0486886 0.0173849 0.00901289 
0.0815244 0.114626 0.132063 0.00456083 0.115699 0.0032577 0.00873678 0.243425 0.14417 0.151939 1.54178e-10 
0.090678 0.115254 0.0222105 0.000379638 0.0314874 0.000854247 0.00134309 0.512573 0.0515843 0.168982 0.00465434 
0.0743859 0.0588535 0.148975 0.00316347 0.00435541 0.0223298 0.0179611 0.541754 0.118591 0.00963186 1.09516e-10 
0.115033 0.00773036 0.0392142 0.00011152 0.00723462 0.0224834 0.000152402 0.550047 0.0410158 0.216978 9.02287e-07 
0.000421439 0.00256214 0.00532639 0.000103986 0.00134953 4.03397e-05 2.78393e-05 0.858755 0.02912 0.102264 2.97931e-05 
0.00302358 0.00453044 0.115203 0.00028826 0.00181433 0.019737 1.35344e-06 0.822969 0.0302092 0.00221113 1.23625e-05 
0.0344996 0.0292739 0.0913942 0.00141079 0.0489155 0.0584266 0.000549543 0.683652 0.0492184 0.00265937 2.83552e-07 
0.000275953 0.042418 0.0107559 2.07831e-05 0.00267176 0.000623594 0.000205192 0.550537 0.386609 0.00588218 2.38361e-07 
0.00636762 0.0108183 0.0162809 3.28041e-06 0.000597175 4.75902e-05 0.00190377 0.914066 0.0465225 0.00338789 4.41666e-06 
0.000275953 0.042418 0.0107559 2.07831e-05 0.00267176 0.000623594 0.000205192 0.550537 0.386609 0.00588218 2.38361e-07 
2.79275e-05 2.79267e-05 2.79282e-05 2.79225e-05 2.79236e-05 2.79179e-05 2.7925e-05 0.74281 0.0754356 0.156413 0.0251458 
0.00700172 1.80175e-06 0.24027 1.90232e-05 1.42686e-06 8.57102e-07 1.96522e-06 0.70333 0.0471462 0.00222615 1.57867e-10 
0.0431837 0.166432 0.0163765 0.0404727 0.00936606 0.000204917 0.00894479 0.443339 0.0621673 0.194377 0.0151353 
3.62342e-10 0.000186938 4.00461e-05 9.37303e-06 1.58993e-05 1.6396e-06 1.86127e-05 0.902688 3.20275e-05 0.0969953 1.19149e-05 
0.0314095 0.0161545 0.0421014 5.16779e-05 8.71967e-05 0.00118064 0.000701379 0.551259 0.182204 0.174821 2.98008e-05 
