0.0343868 0.0448942 0.0301477 0.000330512 0.0101155 0.000194239 0.0273107 0.00640337 0.434431 0.411635 0.000151546 
0.103976 0.31239 0.0228967 0.0419456 0.00765434 0.00169427 0.0053613 0.0116732 0.440041 0.0519618 0.000406081 
0.12156 0.0570139 0.124087 0.00011661 0.0504003 0.00750937 0.0370941 0.0380745 0.542232 0.0216078 0.000304083 
0.315434 0.047189 0.0396219 0.000992195 0.0576392 0.00590992 0.00753356 0.0064831 0.375109 0.14396 0.000127563 
0.0266704 0.362153 0.0188651 0.0492445 0.0196591 0.00126664 0.0101923 0.0537102 0.426467 0.030599 0.00117352 
0.000872142 0.36718 0.0236778 4.95602e-09 0.00705792 0.0034077 0.0008525 0.0061246 0.579647 0.0111366 4.41983e-05 
0.0203626 0.00612453 0.0301705 1.04917e-06 4.41029e-05 0.0144438 0.0119545 0.000573667 0.903266 0.013059 9.01187e-11 
0.145688 0.0617386 0.154673 4.29747e-05 0.0144979 0.00900983 0.0421444 0.0316279 0.44099 0.0991149 0.000471822 
0.132216 0.16039 0.00485333 0.0308771 0.00585123 7.21249e-05 0.0163355 0.00178539 0.542274 0.105221 0.000124567 
0.169239 0.000318454 0.01362 3.46913e-05 0.00135823 0.0215907 0.000203415 0.020503 0.688479 0.0846525 1.38162e-06 
0.161063 0.101735 0.10564 0.00191172 0.0870287 0.0103773 0.00248843 0.0389427 0.399336 0.0914336 4.41271e-05 
0.089816 0.00152694 0.00274099 0.0003089 0.00491916 1.67492e-07 0.000125179 0.00252777 0.474937 0.423095 3.58398e-06 
0.022239 0.0619359 0.0831908 5.0058e-05 0.00087722 0.00814659 0.0459777 0.0248869 0.685761 0.0669317 3.55645e-06 
0.156924 0.288313 0.0567093 0.00372203 0.00475017 0.027024 0.0715056 0.0673576 0.298156 0.0254206 0.000118645 
0.113711 0.0285026 0.107981 9.40312e-05 0.0331258 0.00341358 0.0163258 0.0650871 0.401037 0.230423 0.000298882 
0.149768 0.0274619 0.102979 6.09475e-05 0.00161492 0.290943 0.00978749 0.0198777 0.382131 0.0141322 0.00124443 
0.0587732 0.337572 0.0432457 0.00260785 0.00774289 0.00382323 0.0206134 0.0144804 0.387131 0.123451 0.000559379 
0.1028 0.0997588 0.0302055 4.55079e-05 0.00823379 4.7556e-08 1.50697e-05 0.00311107 0.687405 0.0684163 9.43761e-06 
0.181319 0.19495 0.0209166 0.0109694 0.0430792 0.00174842 0.00394874 0.00085878 0.50019 0.0419515 6.78466e-05 
0.044949 0.0926246 0.0123331 2.33855e-06 0.0135337 0.000180947 0.00741217 0.00370226 0.814088 0.0107081 0.000466194 
0.112081 0.00262689 3.17176e-06 5.14565e-11 4.4135e-11 8.09386e-11 9.16219e-07 0.00808473 0.876687 0.000514961 9.11106e-07 
0.0094392 0.0139383 0.21516 2.66774e-06 0.00034935 0.00117518 0.0431972 0.21569 0.452204 0.048766 7.86581e-05 
0.123021 0.118324 0.0760999 5.01075e-07 0.000225598 0.00184134 0.00189335 0.00793079 0.663369 0.00491292 0.00238244 
0.302565 0.0982919 0.0531057 0.0244036 0.00964187 0.000264403 0.0047176 0.00347974 0.401622 0.10184 6.83966e-05 
0.0475729 0.0710403 0.0232954 5.22535e-06 0.0349045 0.00190725 0.0318588 0.0024384 0.570321 0.216647 9.1174e-06 
0.0316302 0.278492 0.106293 0.0016635 0.0553454 0.00332914 0.011746 0.0743402 0.412481 0.0160577 0.0086216 
0.1193 0.055809 0.161008 5.48151e-07 0.0207818 0.00156299 0.0628676 0.105693 0.431431 0.0415464 9.30432e-08 
0.205678 0.161746 0.10578 0.115587 0.0394858 0.0188768 0.0941017 0.00894842 0.209896 0.0398268 7.29647e-05 
0.1551 0.0267278 0.12884 2.2755e-05 0.0454747 0.00109228 0.00226997 0.013323 0.542792 0.0843563 1.44147e-06 
0.105896 0.0487842 0.0567358 0.00509187 0.00459152 0.00569558 0.0147042 0.021302 0.544534 0.192517 0.000148349 
0.0548484 0.0930124 0.029813 1.28598e-06 0.000503621 0.00953488 0.00394172 0.00259685 0.788573 0.0171679 6.62838e-06 
0.159368 0.32032 0.0363652 0.00100205 0.0362001 0.00037482 0.00411752 0.00789174 0.382238 0.0520802 4.21622e-05 
0.151358 0.00709403 0.0694726 5.45961e-06 0.00933739 0.00857974 0.00112448 0.00263911 0.736421 0.0139609 7.3193e-06 
0.274019 0.17872 0.0522503 0.00011414 0.00373218 7.11398e-09 0.0296521 0.0112255 0.400228 0.0500512 7.75523e-06 
0.00510692 0.331578 0.000899991 0.00137872 0.05555 2.40955e-09 0.00137168 0.000419451 0.584157 0.0195379 3.27393e-07 
0.291291 0.00287126 0.0549071 2.73385e-07 0.0072726 0.00620509 2.73409e-07 2.73402e-07 0.568058 0.0693938 2.7325e-07 
0.271699 0.00614201 0.0225128 6.23348e-08 0.00193982 9.45801e-05 0.0028536 0.00418339 0.663801 0.0266744 0.000100091 
0.0264692 0.0209545 0.0603659 0.000497145 0.016829 0.000328936 0.0444062 0.0109412 0.43099 0.388188 2.93995e-05 
0.0542643 0.0397771 0.0194617 3.00018e-06 0.0442212 0.011027 3.71638e-05 0.00313729 0.823347 0.00470115 2.34337e-05 
0.132302 0.0110194 0.0845679 0.000161981 0.0258151 0.000596328 0.0198225 0.0135308 0.684431 0.0277317 2.15613e-05 
0.0741975 0.0471872 0.0450737 3.70001e-05 0.00019271 0.00191247 0.0306241 0.00347059 0.732594 0.0647041 7.04275e-06 
0.0208434 0.00238231 0.142591 1.89308e-05 0.133858 0.000833415 0.00698606 0.258895 0.397098 0.0364922 1.69696e-06 
0.0170778 0.0863333 1.3816e-06 1.24436e-10 0.0243379 1.80093e-06 5.26734e-05 0.419804 0.430536 0.0218553 6.78176e-07 
0.148797 0.086912 0.148682 0.00391447 0.0115611 0.0015402 0.0940237 0.0164807 0.388869 0.0992023 1.77698e-05 
0.0693523 0.0137839 0.00737369 1.03367e-05 0.000119241 0.000203812 0.00491559 0.00338692 0.810073 0.0907808 3.47529e-09 
0.0944456 0.0655017 0.00393315 7.04023e-06 0.0370744 0.00366457 0.00823212 0.0040331 0.775737 0.00729412 7.75889e-05 
0.271699 0.00614201 0.0225128 6.23348e-08 0.00193982 9.45801e-05 0.0028536 0.00418339 0.663801 0.0266744 0.000100091 
0.0461733 0.0360597 0.267529 5.36562e-05 0.000737163 0.0199612 0.109181 0.201579 0.303764 0.0149608 4.94701e-07 
0.229699 0.0261475 0.105106 5.44856e-08 0.000672535 0.00172765 0.0224189 0.000531952 0.592362 0.0213321 2.44788e-06 
0.0410488 0.0570038 0.0708805 0.000411457 0.101904 0.00617064 0.00463717 0.0847476 0.614824 0.0183707 7.81933e-07 
0.119618 0.134184 0.00767199 1.56403e-05 0.0073125 0.000236584 0.000994487 0.000884902 0.546282 0.182727 7.2903e-05 
0.107703 0.0897438 0.0110126 5.34618e-05 0.000357827 0.000478269 6.26018e-05 0.0121434 0.441709 0.336447 0.000289871 
0.0542088 0.0164955 0.029824 8.56542e-08 2.86448e-08 0.00121913 8.33904e-05 0.00383212 0.752375 0.141838 0.000123568 
0.171205 0.0194075 0.229648 0.00024619 0.00199183 0.0230084 0.024767 0.206074 0.26413 0.0593903 0.000132494 
0.203892 0.0142692 0.0151474 2.57389e-05 0.000791544 0.0272907 7.18326e-05 0.00386047 0.420376 0.314163 0.000112538 
0.120037 0.151842 0.114764 0.00015888 0.00580232 0.0646045 0.00527324 0.0323178 0.492162 0.0126297 0.000408748 
0.155715 0.044602 0.231308 3.07685e-05 8.8053e-05 0.0139591 0.0116842 0.00368658 0.401431 0.128995 0.0085011 
0.110827 0.0604581 0.0733833 2.50881e-05 0.0222141 0.209397 0.00174074 0.051285 0.399345 0.0696396 0.00168472 
0.0777544 0.0857439 0.0352872 0.00833783 0.0612586 0.000248064 0.0203429 0.00681032 0.53698 0.167152 8.54291e-05 
0.096533 0.153306 0.209702 0.000152889 0.0125584 0.0163809 0.0188287 0.155658 0.313506 0.0227284 0.000645531 
0.0899904 0.0129633 0.0761839 7.8798e-05 0.0114483 0.0128361 0.00119651 0.015054 0.702134 0.0781053 9.19116e-06 
0.0418474 0.021247 0.0071174 2.95745e-06 0.0834732 0.000621113 0.0254977 0.00782104 0.778781 0.0335572 3.45221e-05 
0.0791691 0.0294091 1.56201e-05 0.000187278 7.74363e-08 5.3911e-06 1.40787e-06 0.172934 0.718273 4.9452e-06 6.64401e-11 
0.221374 0.231808 0.026067 0.0413953 0.00657089 0.00366021 0.0262554 0.0392832 0.249605 0.152586 0.00139488 
0.153611 0.0300214 0.189738 4.1838e-05 0.0568841 0.0161772 0.00277689 0.0144949 0.491095 0.0449757 0.000184561 
0.200272 3.23733e-07 0.0699177 2.24782e-08 0.0439097 6.18733e-08 2.36062e-08 0.0125314 0.62395 0.0494173 1.07535e-06 
0.0555402 0.0517503 0.0334765 8.0119e-05 0.1237 0.0138875 0.0118259 0.0503271 0.357088 0.302318 6.68245e-06 
0.142011 0.122773 0.0167394 0.000282335 0.0102214 0.000590793 0.00470599 0.0114444 0.67078 0.0204334 1.77136e-05 
0.0703848 0.15667 0.062954 8.99355e-05 0.0343257 0.0159701 0.00860308 0.0624157 0.571121 0.0170922 0.000373516 
0.246605 0.00429093 0.124582 0.000414073 0.00332433 0.0337256 0.000641251 0.00958319 0.528997 0.0478359 1.09272e-06 
0.119406 0.0301229 0.114934 5.20945e-05 0.00874931 0.0202489 0.00304977 0.122989 0.554609 0.0257294 0.000109285 
0.00182438 0.0519129 0.00667195 4.90204e-08 3.34635e-07 1.17101e-06 1.94154e-07 0.0186396 0.920949 2.36698e-07 5.13316e-11 
0.00746141 0.168563 0.139589 5.20836e-05 0.000661247 0.0247691 0.0141862 0.0209214 0.578872 0.044919 5.1108e-06 
0.2387 0.00101216 0.026768 4.46582e-06 3.13428e-09 5.38911e-08 6.41436e-05 0.0241011 0.683979 0.0253714 4.6563e-09 
0.0353583 0.042106 0.0586711 1.93786e-05 0.00473474 2.36999e-07 0.000443617 0.0556213 0.63041 0.172636 2.54678e-10 
0.125971 0.0689165 0.135444 0.00106618 0.0296243 0.013065 0.0126222 0.0178745 0.523608 0.0714597 0.000348775 
0.110479 0.0806333 0.114107 0.000233712 0.0327677 0.0344545 0.00216003 0.216657 0.333895 0.0692698 0.00534404 
0.00981519 0.11404 0.0616954 1.38274e-08 0.0123921 2.01675e-05 7.60689e-06 0.292376 0.456251 0.0505683 0.00283371 
0.231846 0.000655333 0.111615 5.51647e-10 4.41812e-09 0.00186768 8.68694e-05 0.00316089 0.644548 0.0062198 2.92833e-09 
0.0658369 0.0852312 0.04711 1.21467e-05 0.0311107 0.0133422 0.00215182 0.00220143 0.738755 0.0142477 1.09267e-06 
0.146311 0.0850599 0.0187392 0.00143358 0.00993365 0.000352288 0.000821616 0.0491861 0.506306 0.181637 0.000219613 
0.00692558 0.0312863 0.000683323 3.08104e-09 0.00384408 0.00126448 0.00022237 4.33364e-05 0.947538 0.0081928 2.49241e-09 
0.00981519 0.11404 0.0616954 1.38274e-08 0.0123921 2.01675e-05 7.60689e-06 0.292376 0.456251 0.0505683 0.00283371 
0.211224 0.020405 0.21571 0.0001822 0.0343121 0.00152907 0.0108581 0.0266398 0.29393 0.185068 0.000142175 
0.10782 0.0167347 0.029532 0.0040081 0.00977704 0.00598992 0.0496245 0.102079 0.574807 0.0995314 9.6038e-05 
0.0972205 0.0763429 0.0559394 0.00208676 0.0139317 0.00783568 0.014086 0.0263872 0.639358 0.0663912 0.000420796 
0.251098 0.000220907 0.0508315 2.88866e-13 0.000220489 0.000969052 0.000581406 0.000209663 0.689624 0.00623675 8.3107e-06 
0.112926 0.0216057 0.258424 0.00159957 0.00693421 0.00455964 0.121935 0.0755782 0.394323 0.00211294 1.99317e-06 
0.171433 0.216052 0.011527 0.00596812 0.000776941 2.18776e-05 0.00271795 0.0559331 0.457771 0.0765825 0.00121635 
0.273209 0.00388164 0.0651942 3.01956e-05 0.0405102 4.84799e-05 0.00907192 0.00174351 0.309661 0.296642 7.01062e-06 
0.0049456 0.0534423 0.0277986 2.44547e-06 0.00191326 0.026761 7.33551e-06 0.0909357 0.791181 2.10231e-05 0.00299218 
0.202836 0.164522 0.0234509 0.00235529 0.0692152 0.000274728 0.00860344 0.0156469 0.45584 0.0571928 6.35428e-05 
0.000477193 0.0437975 0.0104742 0.0794115 0.0215172 0.000622399 0.000339754 0.22254 0.611516 0.00926573 3.85091e-05 
0.0618516 0.269958 0.0321041 0.10834 0.00118457 0.0028854 0.0239467 0.00376903 0.470196 0.0257638 1.87445e-07 
0.1099 0.215342 0.0160256 5.16132e-05 0.00114799 0.00767772 0.000203954 0.000878916 0.637157 0.00657726 0.00503757 
0.0784978 0.0797794 0.0186647 0.00597771 0.0126656 0.00641861 0.00905852 0.00699886 0.549649 0.232131 0.000158944 
0.0754148 0.211012 0.0845861 9.67899e-06 0.00477907 0.00315923 0.023837 0.0144828 0.508674 0.0735783 0.000467342 
0.0990712 0.0625982 0.19753 0.000279217 0.0213022 0.0236017 0.0834963 0.11285 0.290923 0.107582 0.000766249 
0.122063 0.121975 0.0452412 0.00365198 0.061596 0.00429619 0.020076 0.0128503 0.507953 0.09962 0.000677581 
0.0227978 0.0143633 0.120146 4.48046e-06 0.0115641 0.00400573 0.00323392 0.00246348 0.816919 0.00449981 2.56877e-06 
0.013667 0.193296 0.0575351 4.92383e-09 0.0166875 0.000134628 0.00158964 0.00950865 0.704834 0.00262725 0.000120222 
0.170834 0.0501169 0.223646 0.00252299 0.0108246 0.114659 0.0105816 0.169218 0.237657 0.00986808 7.22382e-05 
0.0865612 0.0114484 0.0108967 1.00814e-05 0.00420954 0.00305827 0.000905942 0.0333853 0.83893 0.0104278 0.000166766 
0.258661 0.045141 0.0866766 0.00273313 0.0471161 0.0112076 0.0160946 0.0220813 0.325412 0.184597 0.000280274 
0.157698 0.148362 0.0153059 0.00182945 0.0015596 0.000447709 0.00031644 0.000862404 0.655042 0.0185444 3.15153e-05 
0.000199034 0.0126686 0.00414089 9.46665e-07 0.00119661 0.28195 3.40921e-05 0.0180599 0.656652 0.0250975 4.1625e-09 
0.125205 0.172478 0.0357714 0.00493453 0.15293 0.00520411 0.0125697 0.00974241 0.311105 0.169853 0.00020818 
0.421943 0.0311206 0.0239728 0.000142213 0.019845 0.00168536 0.0218047 0.00799024 0.458581 0.0129146 3.53749e-09 
0.244424 0.0125243 0.051231 0.000169109 0.0198499 0.0111676 0.0296876 0.0109627 0.482655 0.137327 1.50876e-06 
0.0565304 0.418175 0.0583743 6.54853e-05 0.00429607 0.0149886 0.00178022 0.0158284 0.421791 0.00763907 0.000531466 
0.253585 0.0246016 0.100793 0.00183394 0.00781454 0.0113052 0.00567686 0.185986 0.371424 0.0369293 5.07653e-05 
0.275857 0.00796778 0.0227804 0.000397734 0.00205657 0.000109018 0.00337955 0.00624501 0.653963 0.026667 0.000576672 
0.144405 0.0641391 0.0659872 0.00686152 0.0904133 0.0183075 0.0105374 0.0404976 0.533027 0.0257472 7.67653e-05 
0.452308 0.00242301 0.0443492 9.44115e-08 0.00207097 0.00194611 0.000443128 0.00741455 0.476776 0.0122674 8.21804e-07 
0.0480903 0.192574 0.0498483 0.00179103 0.0152587 0.0313052 0.00829545 0.0214296 0.604097 0.0272111 9.90938e-05 
0.369288 0.00845654 0.0305453 1.05736e-05 0.000243009 0.000260636 0.000864627 0.0235815 0.519673 0.0470666 1.02461e-05 
0.0744152 0.00638586 0.0650077 2.79211e-05 0.000555407 0.0326468 0.0432457 0.0111028 0.753362 0.0132372 1.33181e-05 
0.168015 0.045251 0.0461884 0.00428457 0.0223632 0.00694524 0.0124266 0.00953605 0.639195 0.0455923 0.000203073 
0.230955 0.0508074 0.0563584 1.05637e-05 0.012479 0.00261377 0.000366069 0.00601863 0.603662 0.0367249 3.72078e-06 
0.273071 0.232446 0.0468008 0.00437654 0.047542 0.00151146 0.006857 0.00995968 0.336326 0.0410865 2.32171e-05 
0.12437 0.111745 0.0257425 0.00120608 0.00517194 0.00257494 0.0405503 0.00505092 0.582597 0.100876 0.000115858 
0.0854351 0.013416 0.0195959 4.39737e-05 0.0015111 0.000536928 0.0100832 0.0112574 0.838073 0.0199854 6.21683e-05 
0.0504796 0.0458788 0.0470572 4.11253e-05 0.00290329 0.00451055 0.000384901 0.0314678 0.807715 0.00947991 8.19452e-05 
0.0294097 0.0873266 0.0256675 0.00885266 0.000151308 0.0010196 0.00589446 0.182472 0.321012 0.317799 0.0203941 
0.0528007 0.103312 0.0358379 0.000404541 0.00755376 0.001419 0.000924339 0.0631015 0.711788 0.0225801 0.000277518 
0.0884894 0.117645 0.254128 1.74207e-05 0.00311239 0.0361538 0.0396339 0.0537943 0.271139 0.135885 1.27236e-06 
0.179953 0.0805866 0.102265 5.96579e-06 0.0189756 0.000931265 0.00278766 0.0351667 0.502352 0.0769436 3.2816e-05 
0.2389 0.0889331 0.0340936 0.00379327 0.146461 0.00338852 0.00994446 0.00631383 0.295859 0.169732 0.00258097 
0.0422176 0.103486 0.0140942 0.000434008 0.00673277 0.00362073 0.0115953 0.0014783 0.78603 0.0302862 2.55522e-05 
0.116625 0.174352 0.111007 0.00185708 0.0617035 0.00448855 0.0198081 0.028269 0.379514 0.10218 0.000196909 
0.279988 0.0719378 0.0308856 9.07193e-05 0.0248947 0.00317605 0.0116537 0.0131746 0.444404 0.119795 3.35553e-09 
0.0263083 0.0136788 0.0562455 2.58177e-06 0.000195874 0.00410149 0.0010189 0.0129072 0.8768 0.00874102 1.45683e-09 
7.04184e-05 0.00987153 0.000146286 4.23326e-06 0.0771463 1.71869e-05 1.63686e-05 0.0923604 0.810439 0.00992491 3.54337e-06 
0.183842 0.143767 0.104116 0.0414487 0.0037184 0.00140754 0.0547593 0.00942033 0.373699 0.0806456 0.00317692 
0.0194776 0.40437 0.0349705 0.00224663 0.00745134 0.00101084 0.00164914 0.0597345 0.440535 0.0284919 6.23689e-05 
0.0931222 0.133094 0.00249825 0.000737771 0.00769948 6.48789e-05 3.98602e-07 0.00785474 0.462032 0.292896 1.44174e-06 
0.0613707 0.117146 0.0917065 0.00211595 0.0168855 0.0153474 0.021283 0.0406374 0.535214 0.0980581 0.000234808 
0.0905637 0.0181565 0.00682809 2.94849e-05 0.00128071 0.000323187 0.00283792 0.00705264 0.463069 0.409858 2.62566e-07 
0.105921 5.98777e-08 0.170906 5.98686e-08 5.9871e-08 0.175267 0.0374273 0.0164709 0.482428 0.01158 5.98391e-08 
0.0569804 0.0232259 0.0434559 6.31974e-06 0.00116833 0.00702007 0.00108284 0.0147657 0.631561 0.220733 7.85656e-07 
0.00310362 0.0586392 0.000303855 0.000181017 0.00984733 4.72258e-07 3.37519e-05 9.34418e-05 0.922834 0.00496309 2.0875e-08 
0.0188368 0.0437723 0.11928 1.07837e-05 0.0110579 0.00428285 0.0288186 0.0479965 0.714356 0.0115881 4.00098e-07 
0.0239951 0.415416 0.0724283 0.0103287 0.00568728 1.05488e-12 0.00034811 0.00118171 0.428566 0.0420325 1.55574e-05 
0.0890552 0.343259 0.029997 0.0101495 0.0406145 0.00310461 0.00848964 0.014107 0.357664 0.103213 0.00034542 
0.153886 0.135971 0.0196989 0.122815 0.0436134 0.00111113 0.00474256 0.0110846 0.262904 0.244154 1.96007e-05 
0.0609871 0.0125522 0.132227 8.06605e-06 0.0151211 0.00111835 0.000855979 0.0226537 0.678964 0.051354 0.0241586 
0.450126 0.000925217 0.0166321 2.06559e-06 9.30231e-05 0.00102228 9.5633e-05 0.00699259 0.482361 0.0417504 9.11567e-10 
0.351191 0.0106688 0.0760686 1.70384e-07 0.0167097 0.149914 0.000217652 5.26862e-05 0.389839 0.00533788 2.57601e-07 
0.0176375 0.0230261 0.0162168 6.55349e-08 0.00435115 0.00712754 0.0790221 0.00267972 0.844843 0.00509141 4.50288e-06 
0.0685131 0.0142739 0.255714 2.32658e-11 0.00146216 4.12447e-07 0.000723113 0.146925 0.455151 0.0572378 6.33674e-11 
0.0868409 0.167165 0.199422 8.21098e-05 0.0135746 0.011612 0.0600284 0.0203828 0.387014 0.053828 5.046e-05 
0.018889 0.037264 0.00490675 4.26502e-08 0.00821687 0.00014342 7.63582e-05 0.000121635 0.928807 0.00157515 4.50833e-08 
0.168332 0.131362 0.0369861 0.00179948 0.0640982 0.00159838 0.0163184 0.0144355 0.485479 0.0791466 0.000443181 
0.0861996 0.0297212 0.0446162 8.65725e-05 0.0122319 0.0454933 0.0481183 0.143679 0.524979 0.0648638 1.10448e-05 
0.164107 0.117565 0.0695797 0.0063318 0.0198155 0.0034443 0.070248 0.01517 0.468508 0.0565821 0.00864784 
0.0973633 0.0301943 0.234226 0.000891386 0.0720485 0.0350557 0.01533 0.041676 0.416763 0.0564459 6.3613e-06 
0.0257778 0.130178 0.254099 0.000908467 0.0032302 0.00249976 0.0448125 0.197403 0.322891 0.0182 1.86215e-08 
0.017766 0.0777002 0.173861 0.00117086 0.0176242 0.00280626 0.000985206 0.116193 0.571231 0.02051 0.000152009 
0.0562223 0.0310621 0.198051 0.00127302 0.000704045 0.00554692 0.0186405 0.309736 0.364419 0.0143028 4.21101e-05 
0.166141 0.0460851 0.0518782 2.88382e-05 0.0902414 0.00596 0.0105677 0.0121838 0.42017 0.19658 0.000163702 
0.105928 0.00508058 0.0432691 7.32572e-06 0.00791389 0.00408891 0.0688257 0.00754297 0.746717 0.0105396 8.64883e-05 
0.240672 0.105316 0.0716343 0.000161099 0.0177082 0.0029402 0.0144767 0.0448194 0.340625 0.161602 4.51568e-05 
0.0476859 0.0107926 0.0609743 0.000218288 0.000533362 0.000883203 0.0091742 0.0083688 0.825389 0.0248783 0.0111023 
0.168868 0.0025716 0.0413861 7.80941e-13 0.0322697 0.00200006 3.48691e-05 0.000242384 0.748387 0.00419491 4.55012e-05 
0.0521752 0.418706 0.00206709 0.00660625 0.0054374 3.05407e-05 0.0014165 2.48831e-05 0.474203 0.0393298 3.58088e-06 
0.125417 0.204093 0.0187466 0.0213158 0.153526 0.00182849 7.26577e-05 0.0447625 0.39852 0.0315616 0.000156647 
0.0409519 0.0076665 0.0226651 4.96263e-05 8.38648e-13 2.16088e-07 0.000412001 0.0834482 0.836342 0.00846403 2.66308e-12 
0.0678836 0.0428555 0.146562 5.67487e-05 0.0655304 0.100776 0.00010317 0.123406 0.43956 0.0132666 6.79547e-10 
0.0945283 0.0881665 0.092467 0.000498279 0.00153194 0.00175161 0.037795 0.102816 0.569516 0.0104162 0.000513728 
0.0114772 0.065446 0.125876 1.79271e-06 0.0399809 1.79242e-06 1.79287e-06 0.0455393 0.549053 0.16262 1.79183e-06 
0.0955661 0.06543 0.0492337 3.37502e-05 0.0313102 0.00447491 0.00675849 0.0199429 0.698653 0.0281817 0.00041538 
0.00636211 0.305862 0.00781036 7.12401e-08 0.0050241 0.00156512 0.0006087 0.019696 0.641324 0.0117472 1.03173e-11 
0.0137808 0.029022 0.285211 4.02443e-07 0.116229 0.134927 0.000407477 0.030517 0.346619 0.0432864 2.50189e-07 
0.0485445 0.097749 0.272991 0.00143101 0.029564 0.00082545 0.0359634 0.0731492 0.415553 0.0233031 0.000925672 
0.159056 0.147164 0.0460106 0.000261824 0.009093 0.0274254 0.0202632 0.0215831 0.420874 0.147991 0.000278034 
0.0704922 0.0141154 0.0761333 0.000109714 0.00423124 0.000810369 0.0492571 0.0130376 0.751047 0.0207043 6.14716e-05 
0.162745 0.168086 0.00968737 0.00138818 0.00549113 0.000745406 0.00656778 0.00292696 0.601445 0.040871 4.67226e-05 
0.27488 0.0110029 0.0895419 2.93471e-05 0.0230683 0.0357485 0.000715751 0.0073511 0.468086 0.0895747 1.69525e-06 
0.120283 0.0937237 0.0179444 0.000198412 0.0282551 0.00364403 0.0154269 0.135834 0.297072 0.287593 2.47297e-05 
0.137595 0.023971 0.00597158 1.30682e-05 0.0125012 0.000470701 0.00214097 0.00240763 0.670363 0.144562 4.53317e-06 
0.0182461 0.0475542 0.0147931 7.78339e-05 0.0117811 0.00247443 0.00905678 0.00844029 0.82969 0.0578227 6.36548e-05 
0.128368 0.164498 0.0586065 0.00538583 0.0146232 0.00482312 0.0297352 0.00869014 0.545541 0.0396279 0.000101045 
0.257458 0.0595123 0.0238977 0.000138458 0.000835678 0.000807309 0.0254012 0.0396641 0.560261 0.032025 9.0136e-09 
0.160425 0.184856 0.109995 7.4367e-05 0.00917615 0.00586739 0.000549256 0.0165128 0.45325 0.0592944 3.96141e-08 
0.107639 0.00296106 0.106101 6.85995e-07 0.00248746 0.0101851 0.0228944 0.00618732 0.716661 0.024866 1.67504e-05 
0.211728 0.124096 0.0663706 8.02914e-05 0.0357434 0.0123341 0.0124912 0.00373 0.518385 0.0150175 2.33397e-05 
0.183814 0.023254 0.22046 2.88464e-07 0.0126355 0.0027114 0.0155499 0.0119146 0.326933 0.200334 0.00239337 
0.150241 0.158706 0.132482 0.0150477 0.0210295 0.00870274 0.00931665 0.0138274 0.43722 0.0532871 0.000139296 
0.062625 0.253907 0.0545968 0.0105431 0.00848421 0.00471951 0.0142754 0.00802249 0.41493 0.167041 0.000856379 
0.00981519 0.11404 0.0616954 1.38274e-08 0.0123921 2.01675e-05 7.60689e-06 0.292376 0.456251 0.0505683 0.00283371 
0.090479 0.173097 0.0571977 0.0141111 0.28856 0.00960675 0.00367776 0.019149 0.328736 0.0152958 8.9409e-05 
0.280294 0.0416585 0.164696 3.26405e-08 0.0155117 0.000514927 7.90141e-05 0.00710034 0.487186 0.00295929 2.11391e-08 
0.081422 0.306735 0.0545315 0.000248265 0.0134648 0.00422768 0.0234554 0.0177964 0.472043 0.0260727 2.77436e-06 
0.0134374 0.0526612 0.0475275 7.77564e-05 0.00931118 0.000653732 0.00361069 0.0320863 0.605954 0.17738 0.0573006 
0.249017 0.0451954 0.00782878 0.0451879 0.00547377 0.000164762 0.00957677 0.00161836 0.583789 0.0521477 4.64431e-07 
0.0393233 0.117822 0.0270849 0.000972232 0.027789 0.000619721 0.00271758 0.0077879 0.701946 0.0739254 1.24406e-05 
0.105361 0.00281261 0.397408 1.74331e-05 0.00119787 0.000250596 0.00143758 0.0412151 0.423259 0.0268448 0.000196118 
0.0317512 0.0240523 0.0934024 0.000200968 0.350531 0.00945811 0.00128986 0.097589 0.359663 0.0320559 5.92267e-06 
0.0435971 0.0279829 0.208219 0.000514221 0.0187761 0.031127 0.0027097 0.250893 0.38862 0.0274949 6.64073e-05 
0.29416 0.152876 0.0915727 4.13624e-06 0.0102619 0.000668795 0.00905035 0.00531279 0.294541 0.140356 0.00119572 
0.0827984 0.249254 0.0546264 1.9323e-10 0.089181 0.00808558 1.31818e-10 0.000750964 0.49647 0.0188336 3.29889e-07 
0.00237641 0.196678 0.131192 1.97833e-06 0.198239 0.034815 1.97851e-06 0.166588 0.258035 0.0120713 1.97736e-06 
0.0154503 0.280859 0.010326 4.66733e-06 0.003401 0.000122844 0.0039348 0.00122404 0.602987 0.0816634 2.62254e-05 
0.0839776 0.0579068 0.0264494 6.88633e-05 0.00311528 0.00165344 0.0354335 0.0134311 0.75598 0.021789 0.000194769 
0.0423675 0.110917 0.0056859 4.74557e-07 0.00800387 1.27309e-05 0.00735959 0.00150616 0.814326 0.00980889 1.17401e-05 
0.0668468 0.152205 0.0171746 0.00232634 0.00687788 0.000518662 0.0105193 0.0151958 0.607834 0.11967 0.000830661 
0.293313 0.040831 0.0772921 0.00489948 0.00554426 0.00121733 0.0955455 0.0447457 0.350062 0.08649 5.97982e-05 
0.0236963 0.198674 0.0166373 0.000112601 0.0117083 0.279844 9.59868e-05 0.0156376 0.433643 0.0199488 9.10708e-07 
0.050864 0.0730325 0.038518 0.000941329 0.00206955 0.0049892 0.0289325 0.271071 0.507024 0.0187455 0.00381249 
0.0908652 0.0038087 0.0835444 1.03555e-06 0.00436757 0.000663953 0.00575236 0.000735964 0.508413 0.301848 4.21401e-09 
0.224742 0.105556 0.147688 0.00285737 0.0168526 0.0215951 0.0178114 0.0594507 0.306853 0.0957159 0.000878575 
0.0626732 0.124279 0.0825163 7.63502e-08 0.0684297 1.35489e-05 7.24515e-05 0.268074 0.355912 0.0378918 0.000137911 
0.0855306 0.190588 0.0350314 0.0030479 0.162326 0.00414223 0.0571594 0.12965 0.309986 0.0225385 1.00632e-07 
0.100046 0.117048 0.0132302 0.00025939 0.00948276 0.001381 0.000148818 0.287549 0.468792 0.00206229 1.94757e-07 
0.0810283 0.0109502 0.0562688 5.43986e-05 0.00422722 0.00175638 0.0118975 0.0521125 0.729381 0.0523031 2.0333e-05 
0.0167829 0.0737235 0.0446515 3.43846e-05 0.000177557 0.122847 0.00078711 0.0342428 0.704211 0.00254201 2.36671e-07 
0.233636 0.0879809 0.0814716 0.000124591 0.0334549 0.00460546 0.0890508 0.105188 0.357441 0.00499137 0.00205476 
0.19384 0.213587 0.093492 0.000284803 0.00176921 0.0030319 0.0223071 0.0551396 0.305093 0.11137 8.48791e-05 
0.172513 0.184319 0.0811999 0.117905 0.037714 0.00146357 0.117916 0.00768792 0.192828 0.0820459 0.00440825 
0.0964382 0.310788 0.0100796 0.00733604 0.0410784 0.000875404 0.041168 0.00149882 0.449887 0.0408357 1.52361e-05 
0.105223 0.188014 0.0943035 0.00137179 0.00699781 0.00611878 0.0147652 0.102161 0.348892 0.123149 0.00900274 
0.00671651 0.216112 0.0821196 0.00232903 0.0448112 0.00360576 0.0720347 0.0442911 0.26961 0.253675 0.00469417 
0.365179 0.0125831 0.0981084 3.67843e-05 0.0480481 0.0135775 0.026285 0.022998 0.404977 0.00781307 0.000393452 
0.305133 0.0617536 0.0349881 0.000760188 0.0223795 0.00123032 0.00938406 0.0123175 0.311405 0.240561 8.84495e-05 
0.217484 3.81535e-09 0.00871346 1.44802e-13 1.68762e-05 0.00222361 2.32414e-07 1.79884e-05 0.759829 0.0117151 5.13099e-10 
0.0160129 0.0400078 0.0228938 4.22183e-06 0.0336094 0.00250637 0.000870117 0.00972255 0.873195 0.00117508 2.42672e-06 
0.299879 0.117509 0.0527022 0.0142521 0.000506882 0.000585213 0.000313741 0.0597148 0.394733 0.0597942 9.32866e-06 
0.144296 9.49365e-05 0.0845343 4.74973e-10 1.15265e-05 0.0569714 0.0654628 0.00166264 0.631332 0.0156346 1.74146e-07 
0.257876 0.00736498 0.0171826 2.97379e-05 0.00331826 0.00147738 0.116342 0.0104501 0.410251 0.175683 2.64346e-05 
0.0514133 0.309992 0.00309969 0.00183909 0.170714 5.86906e-08 8.75144e-05 8.40876e-05 0.376491 0.0862745 4.88638e-06 
0.450126 0.000925217 0.0166321 2.06559e-06 9.30231e-05 0.00102228 9.5633e-05 0.00699259 0.482361 0.0417504 9.11567e-10 
0.0569065 0.00462014 0.142243 1.75775e-06 0.000196819 0.0228279 0.0452519 0.00827661 0.707492 0.0121829 1.69375e-07 
0.189579 0.0391114 0.0240878 0.00304719 0.00377483 0.10413 0.0133966 0.0125775 0.540192 0.0700388 6.45831e-05 
0.0341362 0.146982 0.07535 4.93711e-05 0.0211013 0.00390422 0.03118 0.0320136 0.401041 0.254234 8.57188e-06 
0.358202 0.00294111 0.107917 5.28301e-12 0.000555855 0.00899412 0.000243074 0.00224594 0.506161 0.0127398 4.54639e-08 
0.0465452 0.00655877 0.370578 1.98222e-11 0.0213239 0.0224197 0.00106883 0.0111103 0.49157 0.0288249 1.48395e-07 
0.0988964 0.039493 0.0571282 0.00012182 0.00119444 0.0433277 0.00890941 0.00311273 0.725691 0.0221126 1.22945e-05 
0.0868921 0.328007 0.061319 0.000396912 0.0378732 0.00459571 0.00534757 0.0693149 0.333293 0.0612192 0.0117423 
0.223657 0.00141792 0.0115294 2.29674e-10 0.00296136 9.67538e-07 7.48618e-08 0.000113048 0.756304 0.0040157 2.1367e-07 
0.199195 0.0439984 0.0614529 0.00437988 0.023511 0.00496345 0.0117163 0.10335 0.378354 0.168218 0.000861721 
0.0868409 0.167165 0.199422 8.21098e-05 0.0135746 0.011612 0.0600284 0.0203828 0.387014 0.053828 5.046e-05 
0.0974239 0.0627042 0.118717 6.77302e-05 0.000254465 0.0247304 0.0132536 0.0309805 0.602898 0.0489249 4.56163e-05 
0.129155 0.0305073 0.0750626 4.06699e-05 0.0196793 0.01409 0.0202394 0.0285597 0.40439 0.278265 1.08018e-05 
0.266421 0.0502333 0.058714 0.00727116 0.00776669 0.00389898 0.0102215 0.0125199 0.383158 0.199332 0.000464058 
0.0251862 0.0209163 0.000679516 2.54398e-08 0.00238675 1.88276e-05 0.000167836 5.1455e-05 0.786957 0.163636 6.66866e-09 
0.215893 0.019596 0.0644722 0.000186216 0.0584671 0.000831857 0.0394978 0.0103762 0.532445 0.0582143 1.98618e-05 
0.118092 0.0699636 0.0797956 0.00459153 0.0269765 0.00312507 0.0154828 0.0582342 0.533161 0.0905633 1.45753e-05 
0.0799487 0.0151469 0.0612723 0.000271031 0.0092286 0.00400682 0.0532362 0.00817483 0.397647 0.370985 8.23118e-05 
0.24353 0.188219 0.0557104 0.00080026 0.0117192 0.0047908 0.0167342 0.0222152 0.30402 0.152231 2.96292e-05 
0.0375654 0.41627 0.0127834 0.0285816 0.00129738 3.45275e-05 0.000751939 0.00306406 0.486642 0.0128155 0.000194694 
0.030697 0.0975583 0.0576387 0.000639554 0.0392873 0.0018901 0.0152325 0.291278 0.337035 0.128583 0.000161163 
0.135884 0.237788 0.103506 0.0175897 0.0155685 0.00249368 0.0120368 0.12744 0.317535 0.0271586 0.00300006 
0.0409519 0.0076665 0.0226651 4.96263e-05 8.38648e-13 2.16088e-07 0.000412001 0.0834482 0.836342 0.00846403 2.66308e-12 
0.11344 0.106763 0.064491 0.000478248 0.0761579 6.314e-05 0.000653317 0.00849158 0.599701 0.0295456 0.000215349 
0.0169547 0.0252156 2.92231e-07 3.2511e-08 0.000622742 2.78427e-08 0.0769931 3.15927e-08 0.647208 0.232995 1.01174e-05 
0.154514 0.13678 0.0937643 1.9669e-10 0.00112347 4.65553e-07 1.03261e-07 0.0287874 0.550996 0.0340345 5.35712e-10 
0.141693 0.15449 0.126592 0.000199164 0.000940655 0.00111714 0.00950013 0.0484589 0.484199 0.0328018 7.56158e-06 
0.280645 0.0637482 0.00812046 9.02776e-06 0.0172421 0.000260437 0.0177092 0.0006237 0.425741 0.185899 4.68079e-07 
0.019805 0.0062075 0.0187143 0.00025296 0.00252886 3.22984e-05 0.0146793 0.00244566 0.911264 0.0240703 1.42829e-07 
0.130433 0.289322 0.0455446 3.29965e-05 0.00635608 0.121656 0.0134887 0.000743534 0.387886 0.00450685 3.09897e-05 
0.394143 0.0287971 0.0561224 0.0100402 0.00501889 0.00902206 0.0132045 0.0174146 0.436267 0.0298436 0.000126079 
0.0438554 0.143662 0.0531733 0.0328141 0.0270167 0.00137101 0.0157426 0.0738818 0.555454 0.0530047 2.38131e-05 
0.0435128 0.124614 0.147415 0.00972202 0.0870293 0.000561401 0.26427 0.0341793 0.273873 0.0146453 0.000177203 
0.294347 0.0407486 0.0505392 0.00815639 0.00176937 0.00764714 0.00678944 0.0123958 0.527477 0.0500178 0.000112175 
0.111673 0.161512 0.097034 8.66242e-06 0.00515464 0.0112265 0.0421616 0.0395163 0.372124 0.159568 2.1323e-05 
0.249571 0.132161 0.00806561 7.71338e-05 0.00826999 0.000265124 6.33022e-05 0.00322533 0.587156 0.0111445 9.74378e-07 
0.187975 0.0233845 0.0245902 0.00105684 0.0298011 5.82563e-05 0.000109919 0.00248596 0.543144 0.187384 1.06302e-05 
0.18227 0.0473516 0.0132379 0.000101096 0.0234032 0.00247498 0.00126295 0.0149661 0.666399 0.03895 0.0095824 
0.231195 0.0433272 0.17166 6.29061e-05 0.0186917 0.019236 0.115436 0.0126801 0.326187 0.0615187 5.05094e-06 
0.118528 0.0639905 0.0074664 9.89025e-06 0.000572102 0.00123252 0.000674204 0.00144821 0.509911 0.296167 1.76433e-11 
0.0637586 0.0493452 0.0496815 0.0132165 0.0195408 0.00132916 0.0137852 0.0627802 0.682895 0.0432895 0.000378819 
0.00724546 0.316882 0.0013602 1.19242e-06 0.182729 4.88966e-07 3.82369e-06 0.000123889 0.319515 0.172126 1.30626e-05 
0.0814437 0.197029 0.0341763 0.00227134 0.0237049 0.00900232 0.0104462 0.00785547 0.53065 0.102983 0.00043758 
0.141571 0.0250644 0.115203 7.95638e-05 0.0104014 0.311204 0.0298612 0.010693 0.341477 0.0142053 0.00024043 
0.12296 0.124298 0.0384477 6.32919e-05 0.0875927 0.042507 0.0126394 0.121784 0.391525 0.057847 0.000334908 
0.0601072 0.00350495 0.0115494 4.07478e-09 0.000656429 0.000359539 0.000831188 0.000827048 0.914657 0.0075068 8.75691e-08 
0.0671614 0.0670043 0.0903097 0.00630134 0.00448361 0.00119367 0.0535257 0.0137546 0.667228 0.0279305 0.00110694 
0.0494919 0.281856 0.0222526 0.000166569 0.0305773 0.00664065 0.00426204 0.0250537 0.508133 0.0712086 0.000357818 
0.261649 0.071178 0.0364966 0.000419015 0.0218147 0.0175445 0.0212326 0.00785254 0.525984 0.0356954 0.00013397 
0.176659 0.0444706 0.0626847 0.000698566 0.0429326 0.00615849 0.0188295 0.0697904 0.537786 0.0397547 0.00023555 
0.161349 0.0443128 0.196553 0.000760869 0.00200773 0.00167227 0.000576227 0.0444437 0.526269 0.0220542 1.13904e-06 
0.0249809 0.129154 0.176309 9.88337e-06 0.190627 0.0100261 0.0030868 0.160446 0.303066 0.00228475 1.02066e-05 
0.166955 0.0552282 0.0202526 0.000473043 0.00683703 0.00015231 0.00642962 0.00245912 0.7224 0.0188071 6.10192e-06 
0.0678368 0.0207128 0.0376193 0.00882537 0.0148557 0.000327895 0.0262324 0.00746709 0.474363 0.341642 0.000117734 
0.0974621 0.013019 0.0313254 0.000681993 0.0548758 0.00210458 0.0235177 0.0016605 0.522859 0.252484 1.03864e-05 
0.100571 0.0517756 0.0953893 8.72825e-05 0.01865 0.0493672 0.0218674 0.0537128 0.584108 0.0243876 8.46347e-05 
0.289464 0.0327472 0.0177065 1.27057e-05 0.00791145 0.000697861 0.00139657 0.0119609 0.560404 0.0776994 3.51445e-08 
0.237417 0.0695092 0.107999 0.00066469 0.000569023 0.000306069 0.0635436 0.22749 0.251108 0.0412734 0.000120598 
0.182066 0.0577819 0.0652354 0.00765097 0.00893848 0.032023 0.0482476 0.0246565 0.530158 0.0432229 1.95914e-05 
0.0760835 0.0382102 0.0910786 0.0183348 0.00687762 0.0367654 0.00468807 0.0188973 0.681176 0.0277876 0.000100869 
0.307221 7.79291e-06 0.0318934 5.17078e-07 8.14992e-07 2.45476e-05 4.0993e-07 0.0449007 0.373482 0.242469 3.80527e-10 
0.0971216 0.0580865 0.0464698 0.000881912 0.0528747 0.00193477 0.0109582 0.0102323 0.539123 0.182139 0.000178052 
0.0170575 0.0351178 0.0151695 2.09757e-08 5.28258e-07 1.08265e-07 0.164877 0.000967764 0.748129 0.0186714 9.59326e-06 
0.081148 0.325772 0.0412224 9.97145e-05 0.00632385 0.00241775 0.000580163 0.0109194 0.436487 0.0949983 3.18279e-05 
0.311591 0.0188762 0.087198 6.00624e-05 0.180737 0.00539382 0.000724777 0.014397 0.360908 0.02011 4.23852e-06 
0.0483646 0.121286 0.058384 5.78952e-05 0.00918618 0.154702 0.00651234 0.0205092 0.576805 0.00410547 8.72498e-05 
0.113772 0.138542 0.0443125 0.000375284 0.163526 0.00777223 0.00873421 0.0090039 0.420594 0.093338 2.98475e-05 
0.00309753 0.0113718 0.0477658 1.5953e-06 0.014805 0.000108575 4.92448e-06 0.0659345 0.856692 0.000217882 5.28485e-08 
0.196755 0.193108 0.0665103 0.0503313 0.00413518 0.113311 0.00248545 0.00846027 0.201833 0.161332 0.00173894 
0.141117 0.0203822 0.0254645 4.8048e-09 0.0025077 0.0533321 0.000156062 0.00309994 0.722597 0.0313437 1.54144e-07 
0.0409519 0.0076665 0.0226651 4.96263e-05 8.38648e-13 2.16088e-07 0.000412001 0.0834482 0.836342 0.00846403 2.66308e-12 
0.0905856 0.0142942 0.167877 0.000250884 0.00276398 0.0122053 0.00545158 0.171445 0.277984 0.257087 5.51363e-05 
0.0204774 0.369911 0.0256965 4.85493e-05 0.00366262 0.000565564 0.0271172 0.00278835 0.426065 0.122816 0.000850746 
0.00981519 0.11404 0.0616954 1.38274e-08 0.0123921 2.01675e-05 7.60689e-06 0.292376 0.456251 0.0505683 0.00283371 
0.0917977 0.0840878 0.0355395 0.000341029 0.0124018 0.00565564 0.00564698 0.0114527 0.437058 0.313277 0.00274252 
0.138763 0.0254314 0.0458987 0.00429704 0.00951612 0.00765819 0.016923 0.0177514 0.685556 0.0479162 0.000289401 
0.284151 0.108724 0.0958691 2.77746e-05 0.025646 0.00668469 0.00958961 0.119825 0.321805 0.0265262 0.00115107 
0.146579 0.0465224 0.0979255 0.00121443 0.0333202 0.0371988 0.00780881 0.0633584 0.549751 0.0163029 1.85272e-05 
0.136403 0.292503 0.0999336 1.2166e-05 0.0030144 0.0739543 0.0105822 0.0124971 0.329838 0.0412607 1.32938e-06 
0.0644942 0.157186 0.0815574 0.000148378 0.0521056 0.0189813 0.0289764 0.053914 0.334501 0.206645 0.00149006 
0.108396 0.106944 0.0425323 0.000281168 0.0272037 0.00312136 0.00394178 0.0187329 0.676589 0.0122048 5.35879e-05 
0.136403 0.292503 0.0999336 1.2166e-05 0.0030144 0.0739543 0.0105822 0.0124971 0.329838 0.0412607 1.32938e-06 
0.0899841 0.0392714 8.35084e-05 4.66771e-09 0.00214175 9.08868e-12 0.00566806 8.03053e-09 0.843322 0.0195287 1.26759e-09 
0.116527 0.0361583 0.0730915 0.000135678 0.0224516 0.000973463 0.0795435 0.0445824 0.593918 0.0326186 5.46471e-07 
0.268186 0.118344 0.0750607 0.00413959 0.0420836 0.00118687 0.0242299 0.00240702 0.418525 0.0458187 1.79853e-05 
0.0601469 0.104213 0.206092 1.63857e-07 0.125864 0.00403039 0.00588316 0.0533227 0.412965 0.0263352 0.0011466 
0.219623 0.249588 0.0720297 0.0782607 0.00388442 0.00273936 0.0103331 0.0270396 0.311579 0.0249191 4.92077e-06 
0.169627 0.126165 0.236492 0.0390264 0.0169634 0.00977473 0.00174417 0.0312509 0.263058 0.10316 0.0027387 
0.0951098 0.115429 0.0243226 0.00156851 0.00803337 0.000389104 0.00724949 0.0166543 0.622677 0.108432 0.000135776 
0.128734 0.0013549 0.0298028 1.58482e-09 2.30355e-13 5.9354e-08 1.55001e-08 0.0247493 0.797528 0.0178308 7.31481e-13 
0.374312 0.00459418 0.0630351 7.81383e-06 0.000453993 0.0034841 0.0451665 0.0365514 0.456373 0.0160219 7.30051e-07 
0.015059 0.0148984 0.0610491 0.0250656 0.00531487 5.7896e-05 0.00268376 0.0278392 0.785909 0.062119 4.63048e-06 
0.108554 0.017503 0.337046 4.82439e-07 0.0163075 0.0103996 0.0121249 0.0663608 0.397264 0.0339101 0.000529552 
0.182523 0.146809 0.0112129 0.000280094 0.0714698 0.000548494 0.000237197 0.0173967 0.458815 0.110647 6.13583e-05 
0.070597 0.079931 0.212096 0.0119796 0.0909145 0.00109219 0.000232333 0.0909831 0.402502 0.0396717 3.85948e-08 
0.00277726 0.0960714 0.0448317 0.000121649 0.0528749 0.00458296 1.14302e-06 0.341895 0.449655 0.00718942 4.83804e-09 
0.0490331 0.0598234 0.0195616 8.91789e-05 0.00545148 0.000503045 0.00916405 0.0318331 0.64835 0.176184 6.89932e-06 
0.0216676 0.105508 0.0189071 0.000392876 0.00404163 0.00288006 0.00409249 0.17751 0.655256 0.00974494 9.37987e-09 
0.139892 0.146246 0.010365 0.0344029 0.000829782 1.61764e-05 0.0153301 0.00622882 0.424818 0.219198 0.00267305 
0.0568745 0.242671 0.150721 0.000105378 0.000858425 0.00250061 0.00812564 0.089235 0.420741 0.028168 2.7216e-08 
0.00599515 0.07921 0.0770441 0.00028885 0.00787427 0.0365391 0.0391765 0.102936 0.648567 0.00232825 4.08888e-05 
0.0685287 0.0658327 0.029203 6.22155e-07 0.0191412 0.100954 0.00545213 0.010865 0.692319 0.00770399 1.0595e-07 
0.193025 0.0259009 0.0622025 6.94662e-06 0.00254984 0.102535 0.000605319 0.00507295 0.591857 0.0162448 7.57828e-12 
0.230077 0.012265 0.0316719 4.60014e-05 0.00773517 0.00178227 0.003504 0.0151193 0.643169 0.0544116 0.000219252 
0.124742 0.0229062 0.197223 1.22221e-08 0.02186 0.0106214 0.00652948 0.0358045 0.554549 0.0253676 0.000396679 
0.13945 0.0261677 0.0222402 2.5319e-07 0.0377035 0.000534568 0.000451491 0.00177357 0.734669 0.0370097 1.01293e-09 
0.202417 0.0513994 0.0596583 0.00123156 0.00320246 0.0015868 0.0173291 0.0414497 0.466239 0.153729 0.00175879 
0.024611 0.00835593 0.22888 8.47588e-05 0.000624563 0.00105895 0.0930373 0.146555 0.438656 0.0581369 1.10764e-11 
0.156609 0.0568525 0.236397 0.000383472 0.00524555 0.00309326 0.0653956 0.0350529 0.406911 0.0333945 0.000665285 
0.0964324 0.195942 0.118447 0.000593555 0.0356404 0.00299953 0.0503286 0.0238179 0.396277 0.0784835 0.0010383 
0.088074 0.0601035 0.098815 0.000591261 0.0129066 0.0183141 0.0101593 0.0396874 0.604191 0.0577227 0.00943555 
0.10407 0.0858828 0.129529 0.00156148 0.00166511 0.00215022 0.0437321 0.215076 0.241755 0.1744 0.000177948 
0.311851 0.00276516 0.0396171 0.00329419 1.02465e-07 0.000940099 0.062525 0.155599 0.419026 0.00438164 4.85971e-07 
0.090922 0.0909195 0.0909243 0.0909056 0.0909093 0.0908907 0.0909137 0.0909112 0.0909261 0.0909166 0.0908609 
0.155962 0.0169952 0.0110436 6.25288e-09 0.0164361 0.000282429 0.000285025 0.00263339 0.684998 0.111364 1.70305e-08 
0.0426303 0.0288036 0.0214807 0.000170892 0.210766 0.0162445 0.00351568 0.0211509 0.630199 0.0250265 1.16517e-05 
0.213356 0.162341 0.0677801 0.000335357 0.00459253 0.00596405 0.0115447 0.000915926 0.478087 0.0536051 0.00147849 
0.174316 0.00834452 0.145672 1.37206e-08 0.0414947 3.33853e-07 0.000395475 0.00555813 0.531285 0.0929336 7.93184e-11 
0.00648439 3.95577e-08 0.207428 3.88731e-13 3.33421e-13 0.124073 0.00392889 0.00325554 0.648009 0.0068214 7.4219e-10 
0.146722 0.10815 0.239986 7.78816e-06 0.0968387 0.00517814 0.00429328 0.0151916 0.326258 0.05737 3.71808e-06 
