0.0388733 0.241917 0.0154172 1.14314e-05 0.0308017 0.0125302 0.000429691 0.046337 0.595583 0.0136138 0.00448543 
0.070499 0.00807648 0.00438289 0.000164385 0.0572359 0.00216207 0.00547913 0.0189835 0.554366 0.27865 7.7339e-09 
0.0260932 0.0277738 0.0410981 0.00390463 0.00543104 0.0038393 0.0267971 0.00769424 0.852878 0.00448957 8.15623e-07 
0.0766005 0.215995 0.106012 5.99144e-05 0.0237047 0.00953763 0.0351245 0.052497 0.441934 0.0368201 0.00171426 
0.0162805 0.423664 0.00154142 9.05015e-07 0.00390391 6.58299e-06 0.0136176 5.26082e-05 0.474477 0.066456 1.54945e-07 
0.142875 0.00109386 0.0843172 7.97213e-06 3.6888e-05 4.45971e-07 0.000542505 0.0122788 0.726744 0.032104 3.77901e-09 
0.148699 0.0280039 0.156207 0.0272144 0.0203993 0.00316635 0.0272309 0.0430339 0.497727 0.0482704 4.80514e-05 
0.102039 0.107198 3.44009e-06 4.35225e-11 3.95735e-07 0.00105582 0.000257619 1.12499e-05 0.775594 0.0109948 0.00284622 
0.0795221 0.164773 0.199705 0.000895767 0.0143862 0.00407621 0.0063743 0.0886159 0.27567 0.165966 1.5389e-05 
0.0347997 0.13408 0.0342328 4.56695e-09 0.000108888 0.000741529 0.00613866 0.00307539 0.778898 0.00792378 7.2631e-07 
0.103735 0.12344 0.0500629 0.00807596 0.0249508 0.00525416 0.0167445 0.0114527 0.540144 0.115574 0.000565776 
0.0842618 0.0783507 0.0386805 0.0287683 0.00820854 0.0158658 0.0188526 0.00633186 0.609329 0.111351 2.76018e-11 
0.152315 0.0587235 0.037549 6.48658e-06 0.0491007 0.00685832 0.00423701 0.00663829 0.542791 0.141778 3.60005e-06 
0.0791691 0.0294091 1.56201e-05 0.000187278 7.74363e-08 5.3911e-06 1.40787e-06 0.172934 0.718273 4.9452e-06 6.64401e-11 
0.10442 0.295952 0.0543824 8.35718e-06 0.00619458 0.0023856 0.00273514 0.00582792 0.379654 0.148114 0.000326638 
0.080907 0.126448 0.0329403 8.95429e-06 0.00318095 0.00158216 0.0736123 0.00628823 0.642683 0.0323169 3.29957e-05 
0.175928 0.00138327 0.0277688 6.55855e-13 3.03775e-08 2.06336e-08 2.79639e-08 0.00487635 0.745918 0.0441253 1.78631e-12 
0.0133677 0.00417437 0.312505 2.65863e-10 8.95878e-06 0.000261169 0.00045522 0.1915 0.383802 0.0120943 0.0818314 
0.150737 0.03372 0.0207528 1.6601e-05 0.0366413 0.00196277 0.00046585 0.00264216 0.705594 0.0474498 1.69413e-05 
0.0759914 0.172528 0.0417403 0.00998128 0.0258063 0.0028719 0.0155296 0.0109913 0.527009 0.117187 0.000363486 
0.00981519 0.11404 0.0616954 1.38274e-08 0.0123921 2.01675e-05 7.60689e-06 0.292376 0.456251 0.0505683 0.00283371 
0.206431 0.134624 0.0338076 0.00108615 0.00873135 0.00586749 0.000653608 0.229144 0.360136 0.0195196 1.24778e-08 
0.0791691 0.0294091 1.56201e-05 0.000187278 7.74363e-08 5.3911e-06 1.40787e-06 0.172934 0.718273 4.9452e-06 6.64401e-11 
0.346256 0.0270814 0.0594895 2.08986e-08 0.00630179 2.16324e-08 0.00034593 2.11379e-07 0.543451 0.0170626 1.05891e-05 
0.0865378 0.244611 0.25167 0.00613439 0.00744789 0.00427367 0.00367655 0.0844645 0.267659 0.0380009 0.00552535 
0.0698415 0.0487758 0.0218812 0.0778761 0.0269296 0.00634348 0.00306456 0.0507574 0.671094 0.0234121 2.44384e-05 
0.0409111 0.155124 0.221406 0.171192 0.00193343 0.0219497 0.000455206 0.0184832 0.281266 0.0870632 0.000216407 
0.149054 2.33312e-07 0.0241877 1.35909e-08 1.97545e-12 5.09e-07 1.32923e-07 0.0124403 0.806847 0.00747087 6.27294e-12 
0.0933395 0.063468 0.0644869 0.0012883 0.0191644 0.0102623 0.0229145 0.0104253 0.625594 0.0889655 9.12173e-05 
0.294754 0.0111186 0.0694393 1.20711e-05 0.00954185 0.172438 0.00309277 0.0198698 0.412863 0.006869 5.55471e-07 
0.0164031 0.236675 0.107672 0.0112959 0.0104637 0.000270837 0.00103696 0.02892 0.5135 0.0736273 0.000134878 
0.0326663 0.057968 0.00790487 5.75405e-06 0.0189468 9.69263e-05 0.00534535 0.00370759 0.798726 0.0746291 3.03246e-06 
0.0902185 0.290356 0.0223168 1.9856e-05 0.108139 0.000338191 0.000133908 0.0519922 0.338251 0.0981934 4.10194e-05 
0.0628368 0.0276714 0.144467 0.000275666 4.80835e-05 0.00672261 0.125409 0.179542 0.44261 0.0103661 5.1346e-05 
0.109303 0.134797 0.181252 0.000143277 0.0155887 0.0389455 0.03853 0.136155 0.341811 0.00286552 0.000608583 
0.071266 0.295063 0.0239178 0.0105864 0.076664 0.000976191 0.0137264 0.0111514 0.465361 0.0274447 0.00384385 
0.103001 0.00807813 0.0121561 8.6943e-05 0.272093 0.00102449 0.00106276 0.000662794 0.565076 0.0367587 4.66672e-09 
0.0856858 0.0675374 0.0487725 2.60996e-06 0.0531229 0.00248698 0.00115444 0.0408952 0.609237 0.0773708 0.0137342 
0.143345 0.130228 0.0478879 0.00335676 0.0241906 0.0074779 0.0129258 0.0170312 0.531586 0.0814334 0.00053714 
0.231824 0.140854 0.164672 0.00229531 0.0975705 0.00121548 0.0330025 0.00213559 0.301304 0.0251028 2.40932e-05 
0.011216 0.021804 0.350367 4.6534e-07 0.00065628 0.0898072 0.0377224 0.0690542 0.392919 0.0264534 4.19182e-09 
0.120831 0.212843 0.0337226 0.000436432 0.0246131 8.28218e-08 9.97491e-12 0.00451694 0.540836 0.0622005 3.98249e-11 
0.0417313 0.0626696 0.0679508 5.36374e-05 0.000582446 0.00735168 0.0441431 0.0142058 0.692696 0.0686069 8.23869e-06 
3.58312e-05 9.45135e-08 0.384579 2.0554e-07 1.76295e-07 3.23304e-07 1.40216e-07 6.41701e-05 0.615263 1.18407e-07 5.65412e-05 
0.161867 0.00115461 0.164286 1.09154e-12 0.011129 0.000369467 0.000294833 0.000380236 0.356653 0.303866 2.97295e-12 
0.0898452 0.0318959 0.0660535 3.44097e-05 0.0114114 0.00521278 0.0243441 0.0317053 0.617214 0.122276 7.45126e-06 
0.0840145 0.0406921 0.31144 0.0115851 0.0148188 0.0157411 0.0270858 0.120804 0.319952 0.0535651 0.000301984 
0.0239951 0.415416 0.0724283 0.0103287 0.00568728 1.05488e-12 0.00034811 0.00118171 0.428566 0.0420325 1.55574e-05 
0.0450496 0.0231697 0.19885 0.000261822 0.00475914 0.019859 0.0167197 0.303179 0.371799 0.0163493 4.07926e-06 
0.105928 0.00508058 0.0432691 7.32572e-06 0.00791389 0.00408891 0.0688257 0.00754297 0.746717 0.0105396 8.64883e-05 
0.0899505 0.192448 0.0019203 0.00035152 0.000869514 1.53102e-06 7.20903e-07 0.121799 0.320996 0.271663 3.96005e-10 
0.104889 0.270614 0.0200953 4.57483e-05 0.0516022 0.000449341 0.000241191 0.0363337 0.450223 0.0594906 0.00601591 
0.218793 0.0167302 0.129569 4.7792e-05 0.00107043 0.000670506 3.35144e-10 0.022392 0.492872 0.117855 6.25266e-08 
0.160336 0.16767 0.0357928 0.00491341 0.076112 0.00731991 0.00664274 0.014682 0.447601 0.0786468 0.00028354 
0.213527 0.0857071 0.0245109 8.20852e-05 0.0461651 0.0454464 0.000515395 0.0217943 0.405094 0.157153 4.65185e-06 
0.0265722 0.168234 0.0115703 2.24384e-07 0.00330189 7.53648e-07 5.14604e-06 0.000805453 0.789499 1.08102e-05 5.8736e-08 
0.131644 0.206833 0.046904 0.00021704 0.0137474 0.00534858 0.0165466 0.0132806 0.53402 0.0312391 0.000218865 
0.101499 0.0402404 0.0416873 1.60239e-05 0.0446571 0.0091111 0.0480951 0.0296145 0.66082 0.024142 0.000116891 
0.0556245 0.220843 0.0451411 0.00343137 0.0143158 0.00211964 0.0106291 0.0309789 0.395923 0.219456 0.00153756 
0.0886784 0.000206016 0.081217 1.0276e-09 0.00250428 0.000278084 8.19564e-07 0.0857061 0.5178 0.120618 0.102991 
0.0857365 0.151971 0.0999637 0.000679229 0.0304795 0.00653917 0.00666782 0.278246 0.31984 0.019877 7.25465e-09 
0.0991655 0.0193387 0.0697467 1.20562e-05 0.00647048 0.000144534 0.00127401 0.00581098 0.632329 0.165708 2.37294e-09 
0.0444415 0.0414515 0.0464767 4.10103e-05 0.00251895 0.0014757 0.0148733 0.0184657 0.729191 0.101053 1.15814e-05 
0.255128 0.0653094 0.054129 0.000261931 0.205682 0.00137566 0.00484158 0.0196565 0.337913 0.0556853 1.76747e-05 
0.198948 0.0888189 0.0992261 0.000423376 0.0105758 0.00131991 0.00456709 0.00884546 0.537684 0.0495868 4.77147e-06 
0.100046 0.117048 0.0132302 0.00025939 0.00948276 0.001381 0.000148818 0.287549 0.468792 0.00206229 1.94757e-07 
0.217369 1.32324e-06 0.302778 1.11159e-07 5.0172e-08 0.0190732 0.0586925 0.00435688 0.368937 0.0287925 5.50546e-11 
0.184568 0.0350259 0.0394077 0.00160533 0.0594379 0.00879223 0.00349595 0.0201017 0.420102 0.225397 0.00206555 
0.226774 0.035083 0.153695 0.00214585 0.0488653 0.00954592 0.0107334 0.0147059 0.375939 0.122401 0.000111606 
0.21947 0.0286196 0.0265661 4.46343e-08 0.0889515 0.000156198 0.000106492 0.00048612 0.633517 0.00211029 1.66336e-05 
0.0946413 0.055907 0.0311929 0.000490852 0.0230634 0.00124389 0.0115661 0.00568715 0.68603 0.0899605 0.000216461 
7.14194e-06 0.117364 0.0224872 0.000662365 2.58563e-07 0.00259623 0.0306321 0.119289 0.557522 0.149439 6.81902e-07 
0.251038 0.125958 0.0138713 0.0166832 0.1253 0.000367124 0.00380975 0.00835055 0.266493 0.187762 0.00036633 
0.149283 0.00758715 0.0627282 1.41494e-06 0.000507173 0.00245768 0.0600848 0.00653573 0.660538 0.0502752 1.22028e-06 
0.280613 0.00129485 0.0287018 6.6133e-05 0.0024211 1.33652e-05 0.010444 0.00600593 0.490033 0.180407 4.87716e-08 
0.131219 0.0172243 0.0400176 5.34284e-06 0.317522 0.000211269 0.00108 0.000219014 0.471335 0.0211658 5.00618e-07 
0.213777 0.0551698 0.102989 4.80172e-05 0.0270557 0.145256 0.0166744 0.107306 0.314466 0.0168195 0.000438819 
0.206793 0.0566481 0.223653 0.0100882 0.00534737 0.00883836 0.0658655 0.0546476 0.293878 0.0742021 3.94443e-05 
0.0138958 0.0713113 0.0395059 0.00212479 0.00130147 0.068048 0.000239226 0.0102048 0.783254 0.0101071 7.58276e-06 
0.0832066 0.015008 0.137179 0.00937041 0.0263811 0.00287 0.000869618 0.114071 0.586469 0.0245731 1.9235e-06 
0.301374 0.0503778 0.113761 0.00701719 0.00785566 0.00722753 0.00941502 0.0138884 0.455928 0.032901 0.000254206 
0.417472 0.000389723 0.0574333 1.02403e-09 0.000431189 0.00250387 0.0160137 0.00240422 0.490708 0.0126364 7.41792e-06 
0.169239 0.000318454 0.01362 3.46913e-05 0.00135823 0.0215907 0.000203415 0.020503 0.688479 0.0846525 1.38162e-06 
0.0373209 0.358716 0.0016097 1.20126e-05 0.00126346 4.30745e-05 0.000118923 0.00116134 0.572372 0.0273817 2.80012e-07 
0.197997 0.122045 0.10738 0.000267665 0.0219034 0.0371067 0.0141887 0.128468 0.211783 0.158812 4.88829e-05 
0.224912 0.0507797 0.0443111 0.0461669 0.00690924 0.000440617 0.0438473 0.00359824 0.502028 0.0770045 1.68178e-06 
0.171026 0.0505118 0.0805302 1.56772e-05 0.00048062 0.00486016 0.0284089 0.027706 0.355247 0.281177 3.65162e-05 
0.170258 0.138421 0.01411 0.0271312 0.00135078 1.52496e-05 0.0311531 0.0109936 0.408588 0.195908 0.00207083 
0.00701525 0.309023 0.0436223 5.98973e-05 0.0271332 0.016735 0.000593669 0.139178 0.451114 0.00550349 2.28698e-05 
0.152337 0.0386219 0.0598155 0.00223933 0.0156706 0.00173105 0.0318797 0.0166725 0.659248 0.021776 8.89055e-06 
0.179198 0.00101611 0.0341634 2.07183e-06 0.000686686 0.00255756 0.0101804 0.00942578 0.726531 0.0361775 6.20785e-05 
0.211369 0.238117 0.038764 3.6423e-05 0.00562863 0.00351326 0.00590217 0.0186543 0.428633 0.0490568 0.000325823 
0.0312509 0.0502307 0.135996 6.2525e-07 0.0229422 0.0459933 0.00792423 0.03047 0.549927 0.119018 0.00624665 
0.171787 0.0343154 0.0715598 7.52271e-05 0.00105516 0.00058919 0.00184759 0.212701 0.465767 0.0401719 0.000130134 
0.286076 0.00561442 0.00540004 3.34638e-09 0.0119888 0.00204883 8.85775e-09 9.38397e-09 0.684135 0.0047366 5.97992e-08 
0.193075 0.0196441 0.0731916 6.77182e-06 0.0228858 0.00324519 0.0888528 0.0175072 0.56278 0.0187766 3.54083e-05 
0.121458 0.0331486 0.0378504 1.62372e-07 0.0040359 0.00705008 0.0223018 0.00108531 0.763209 0.0098613 5.61341e-08 
0.170972 0.0534422 0.0788489 0.0271178 0.00892029 0.0060311 0.0283603 0.0246319 0.555942 0.0455049 0.000228592 
0.154804 0.0363749 0.0480238 0.00832997 0.109945 0.00942079 0.0245165 0.0110497 0.508104 0.0892159 0.000215677 
0.159015 0.0640984 0.046189 5.86524e-09 0.00831814 0.00293628 0.0111064 0.012935 0.678349 0.0170516 1.63252e-06 
0.248603 0.0419405 0.060496 1.16104e-07 0.0355398 0.00506608 0.0172856 0.0162459 0.530502 0.0443205 1.2291e-08 
0.0596854 0.115355 0.0067221 6.61212e-08 0.00630438 0.00503372 1.42408e-06 0.140721 0.639486 0.0265068 0.000183533 
0.0995831 0.068057 0.026203 2.41832e-05 0.0361808 0.00464162 0.00246661 0.00944084 0.738831 0.0138941 0.000678114 
0.0542088 0.0164955 0.029824 8.56542e-08 2.86448e-08 0.00121913 8.33904e-05 0.00383212 0.752375 0.141838 0.000123568 
0.332687 0.0163906 0.0195311 9.4564e-05 0.00566194 0.00178275 0.00244891 0.0301841 0.472778 0.118325 0.000115933 
0.0866154 0.0679101 0.0276494 5.45268e-05 0.0145905 0.00164237 0.0052757 0.00952304 0.749739 0.0370003 1.33897e-07 
0.140794 0.0133089 0.13974 2.00716e-05 0.0153202 0.00313477 0.000839707 0.0359853 0.621546 0.0293084 2.95041e-06 
0.0741975 0.0471872 0.0450737 3.70001e-05 0.00019271 0.00191247 0.0306241 0.00347059 0.732594 0.0647041 7.04275e-06 
0.0217449 0.154251 0.0583434 4.31313e-05 0.0886225 0.047203 0.00103722 0.0108555 0.61766 0.000238536 3.99755e-07 
0.450126 0.000925217 0.0166321 2.06559e-06 9.30231e-05 0.00102228 9.5633e-05 0.00699259 0.482361 0.0417504 9.11567e-10 
0.0892205 0.196822 0.132195 1.70084e-05 0.00819681 0.00132059 0.00359203 0.255534 0.307473 0.00562496 4.58589e-06 
0.0273141 0.119047 0.122341 1.83206e-05 0.0215154 0.00247368 0.0145176 0.147375 0.523901 0.0214977 2.51412e-10 
0.112575 0.0689802 0.119837 0.00190513 0.0730242 0.0723991 0.0377931 0.0495646 0.428016 0.0349374 0.000967977 
0.0780838 0.0602848 0.0491537 0.0122054 0.00733698 0.00924856 0.0317011 0.0898467 0.277388 0.135415 0.249336 
0.164672 0.0350542 0.0624242 0.000466379 0.00627466 0.000971066 0.0148991 0.0120775 0.407636 0.2928 0.00272451 
0.0107269 0.0670015 0.348594 4.21123e-09 0.0361495 0.0165524 0.00161041 0.0424738 0.476852 3.3631e-05 6.1368e-06 
0.0759121 0.0165776 0.141186 0.017783 0.0279854 0.00434647 0.0231359 0.00111569 0.690204 0.00169469 5.91089e-05 
0.00674756 0.128214 0.00113797 0.000198544 0.00190307 0.000125527 0.000527298 0.0320352 0.824981 0.00401161 0.00011824 
0.0636232 0.375996 0.0244362 0.00601122 0.0113198 0.00739113 0.0132035 0.0122949 0.390313 0.0950771 0.000334156 
0.0502542 0.0338147 0.0875667 7.62131e-05 0.11566 0.00550315 0.00241802 0.0257083 0.544274 0.134632 9.2543e-05 
0.0903383 0.090562 0.0829579 2.31729e-05 0.024513 0.0740626 0.0639837 0.024221 0.518267 0.0310709 1.42241e-07 
0.168527 0.0561566 0.0415187 6.45383e-05 0.0902213 0.000813451 0.00349752 0.00140288 0.605106 0.0326915 8.48483e-07 
0.173716 0.0865756 0.0494689 0.0072555 0.0681477 0.00147113 0.0101636 0.0161652 0.525259 0.061656 0.0001213 
0.0287144 0.226662 0.106126 0.020685 0.01791 0.00733224 0.00794936 0.266058 0.297358 0.0149731 0.00623208 
0.340147 0.00797011 0.0952526 1.70272e-07 0.0162448 1.70244e-07 0.00657327 0.00497244 0.4401 0.0887398 1.70188e-07 
0.273209 0.00388164 0.0651942 3.01956e-05 0.0405102 4.84799e-05 0.00907192 0.00174351 0.309661 0.296642 7.01062e-06 
0.150043 0.0135512 0.252235 0.000117376 0.123858 0.00242554 0.0214809 0.131236 0.25978 0.0452286 4.57335e-05 
0.0342878 0.177606 0.0463683 0.000915101 0.00956747 0.0109581 0.00831736 0.329328 0.361335 0.0213097 7.43738e-06 
0.230788 0.125478 0.050841 0.00220684 0.0268714 0.00868303 0.0355145 0.0150745 0.425179 0.0791407 0.000222612 
0.138058 0.267312 0.218465 0.00432513 0.00745223 1.52105e-07 0.0055558 0.00666682 0.312594 0.0392864 0.000285334 
0.125036 0.00861628 0.26738 0.000799491 0.00142124 1.77596e-07 0.0062709 0.0331115 0.49414 0.0627982 0.000426268 
0.109134 0.0201509 0.0364515 1.50192e-05 0.0118573 0.0084045 0.0152772 0.0124802 0.459627 0.326596 6.74132e-06 
0.192702 0.119287 0.0536482 0.00145548 0.00444144 0.0109245 0.0261318 0.0854867 0.253649 0.251967 0.000306969 
0.198884 0.284655 0.0041092 0.0228554 0.0220194 0.00034622 0.00190003 0.00379982 0.44025 0.0211344 4.63958e-05 
0.0754148 0.211012 0.0845861 9.67899e-06 0.00477907 0.00315923 0.023837 0.0144828 0.508674 0.0735783 0.000467342 
0.127557 0.0371855 0.0897884 2.99895e-05 0.0287726 0.00904455 0.0266686 0.0911361 0.584647 0.00513205 3.81635e-05 
0.144381 0.0593792 0.00899879 1.56324e-05 0.0743344 0.000134488 0.00100808 0.0452191 0.341067 0.325461 1.79457e-06 
0.169239 0.000318454 0.01362 3.46913e-05 0.00135823 0.0215907 0.000203415 0.020503 0.688479 0.0846525 1.38162e-06 
0.139892 0.146246 0.010365 0.0344029 0.000829782 1.61764e-05 0.0153301 0.00622882 0.424818 0.219198 0.00267305 
0.170834 0.0501169 0.223646 0.00252299 0.0108246 0.114659 0.0105816 0.169218 0.237657 0.00986808 7.22382e-05 
0.0307851 0.010702 0.0274112 3.21247e-06 0.000228497 0.00266599 0.0105522 0.0101173 0.876328 0.031206 1.28235e-09 
0.141162 0.0180075 0.18198 0.000482277 8.17313e-08 0.011481 0.0069149 0.0590603 0.552148 0.0287636 8.16878e-08 
0.106301 0.118844 0.0216541 0.000240001 0.0295618 0.00221994 0.00377366 0.0240355 0.354074 0.339294 1.81829e-06 
0.290613 0.0280507 0.0492934 9.77367e-05 0.00123588 0.00665386 2.89774e-05 0.0175157 0.398935 0.207576 1.48874e-08 
0.00938553 0.0531442 0.0519209 0.023495 0.000303009 0.00899414 0.00667646 0.0214932 0.811247 0.0133367 3.587e-06 
0.0678914 0.201048 0.0652045 0.00211693 0.0085016 0.00484101 0.0209907 0.0284781 0.550078 0.0507093 0.000140501 
0.25347 0.104304 0.0481875 0.000480733 0.0363044 0.0100821 0.00920282 0.014605 0.457979 0.0652141 0.000171108 
0.0811228 0.0163307 0.170887 0.0199575 0.00105107 0.0342354 0.00637974 0.0115697 0.617203 0.0412625 7.67225e-09 
0.0423675 0.110917 0.0056859 4.74557e-07 0.00800387 1.27309e-05 0.00735959 0.00150616 0.814326 0.00980889 1.17401e-05 
0.214103 0.101759 0.0188986 9.53791e-05 0.0156302 0.00133673 0.0149787 0.00930917 0.49681 0.127079 6.74171e-07 
0.215528 0.104064 0.0677198 0.00452034 0.0232178 0.0115758 0.0118931 0.0112218 0.47889 0.0689056 0.00246444 
0.159967 0.0197689 0.0570156 7.21617e-07 0.00281934 0.172563 0.173654 0.00109535 0.402936 0.0101755 5.00159e-06 
0.024611 0.00835593 0.22888 8.47588e-05 0.000624563 0.00105895 0.0930373 0.146555 0.438656 0.0581369 1.10764e-11 
0.14106 0.138169 0.111848 0.0046341 0.0113287 0.00204603 0.02626 0.029048 0.474147 0.0592731 0.00218604 
0.0182749 0.158751 0.0268649 0.0465175 0.0792119 0.000113696 0.0121009 0.00316524 0.646414 0.00856667 1.93174e-05 
0.0828669 0.250331 0.0140335 0.00993593 0.0330128 0.00152821 0.0300693 0.0610419 0.492969 0.0238013 0.000411056 
0.21614 0.0134933 0.0469575 2.70904e-07 2.70915e-07 2.7086e-07 2.70928e-07 0.0443771 0.590299 0.0887324 2.70771e-07 
0.089868 0.0293317 0.0687293 0.000109361 0.0225911 0.0109135 0.0216522 0.0481378 0.632292 0.0763595 1.54615e-05 
0.132878 0.116659 0.0270318 0.00429685 0.00794952 0.00641449 0.0164184 0.000971847 0.664587 0.0227617 3.10327e-05 
0.275857 0.00796778 0.0227804 0.000397734 0.00205657 0.000109018 0.00337955 0.00624501 0.653963 0.026667 0.000576672 
0.0201578 0.191229 0.0786019 0.000481847 0.20287 0.00171983 0.00181378 0.0220712 0.417582 0.00982023 0.053652 
0.0685123 0.017853 0.119238 2.95677e-06 0.0170884 0.000299853 0.000362828 0.0328053 0.700911 0.0429254 1.09732e-06 
0.195468 0.0685149 0.08164 0.000170536 0.0012491 0.0279097 0.00148617 0.0914699 0.438712 0.0922579 0.00112175 
0.00636211 0.305862 0.00781036 7.12401e-08 0.0050241 0.00156512 0.0006087 0.019696 0.641324 0.0117472 1.03173e-11 
0.146642 0.0625841 0.0565682 0.00271715 0.0991013 0.00595569 0.0184122 0.0100179 0.549024 0.048405 0.000572469 
0.142875 0.064339 0.259289 5.3645e-07 0.0274095 4.37795e-06 6.5243e-07 0.0285479 0.433933 0.0435727 2.71246e-05 
0.140794 0.0133089 0.13974 2.00716e-05 0.0153202 0.00313477 0.000839707 0.0359853 0.621546 0.0293084 2.95041e-06 
0.273071 0.232446 0.0468008 0.00437654 0.047542 0.00151146 0.006857 0.00995968 0.336326 0.0410865 2.32171e-05 
0.0647949 0.0290623 0.104031 1.11812e-05 0.000513512 0.0285972 0.0128914 0.034613 0.721701 0.00377841 6.1442e-06 
0.0533581 0.0211505 0.0307345 0.00154274 0.00134867 0.0050307 0.0143894 0.0015313 0.861192 0.00972131 5.84583e-07 
0.137164 0.166941 0.0317935 0.000409875 0.0049086 0.00178709 0.0142648 0.0145434 0.519506 0.108578 0.000104178 
0.0482572 0.197836 0.0315683 0.00781363 0.0595004 0.00265833 0.00991308 0.0149666 0.60036 0.0252124 0.00191367 
0.0238409 6.79052e-05 0.233734 1.84532e-09 9.18211e-05 5.52268e-06 0.266019 0.157347 0.318808 8.55972e-05 5.02596e-09 
0.101756 0.112076 0.0593106 0.00102721 0.130698 0.00749426 0.0124558 0.0122717 0.457021 0.105524 0.00036526 
0.0279921 0.220458 0.0213954 0.00499099 0.00903144 0.000242005 0.253011 0.0110033 0.426759 0.0251154 6.25068e-07 
0.00572957 0.169068 0.0423514 1.03115e-06 0.00579782 0.00747415 0.00373756 0.10181 0.620556 0.0434151 5.90034e-05 
0.266305 0.112018 0.075554 6.42125e-06 0.00162329 0.00193734 0.000492912 0.027978 0.42692 0.0842436 0.00292127 
0.339873 0.0365636 0.117588 0.000129772 0.0085944 0.0467466 0.000350549 0.00955068 0.385269 0.0551494 0.000185135 
0.0481466 0.202039 0.057571 6.01541e-06 0.0960301 0.068583 0.0253798 0.00815302 0.471048 0.0230291 1.40871e-05 
0.0234248 0.342177 0.120861 0.00252485 0.0120477 0.00263441 0.0322527 0.0168767 0.441783 0.00541115 5.9264e-06 
0.135964 0.0579542 0.134484 0.00270127 0.00391189 0.0128444 0.0253049 0.0842077 0.470584 0.0718795 0.000163814 
0.207842 0.285253 0.0225394 3.815e-06 3.79936e-05 6.59648e-09 7.80189e-06 0.146584 0.299197 0.0385351 1.14221e-08 
0.0882303 0.0914308 0.153828 0.000328856 0.00248281 0.00937569 0.00609646 0.0245434 0.610423 0.0120802 0.00118098 
0.193675 0.000863982 0.0621713 7.04953e-06 7.70052e-06 3.38162e-08 0.000126779 0.0207351 0.694168 0.0282418 3.43499e-06 
0.220606 0.0448277 0.141906 2.10717e-05 0.000715017 0.0037565 0.00129063 0.016599 0.512188 0.0358565 0.0222335 
0.259653 0.0236911 0.0412765 0.000156253 0.161186 0.00300543 0.00240928 0.0192421 0.295492 0.193742 0.00014629 
0.0884261 0.00764849 0.114321 2.62558e-06 0.00116541 0.00209623 0.0738093 0.294472 0.390379 0.027393 0.000286822 
0.377468 0.032375 0.06555 0.000644911 0.0107824 0.0315535 0.00973455 0.00312444 0.379774 0.0882033 0.000789589 
0.115457 0.14727 0.00365129 1.66229e-09 0.0170393 2.1856e-05 0.00169597 5.58775e-05 0.510453 0.204356 2.69599e-09 
0.372965 0.0134836 0.132958 2.05761e-05 0.0135825 0.00276813 0.0150171 0.0039221 0.42788 0.0173974 6.08289e-06 
0.149809 0.0196702 0.00474206 2.99391e-09 0.0027764 0.000870862 3.34171e-07 0.000257668 0.80539 0.0164838 8.07259e-10 
0.203139 0.216421 0.0609768 0.00434001 0.00606935 0.0274295 0.0122257 0.020162 0.273992 0.169828 0.00541575 
0.0569065 0.00462014 0.142243 1.75775e-06 0.000196819 0.0228279 0.0452519 0.00827661 0.707492 0.0121829 1.69375e-07 
0.0446652 0.135237 0.00213061 3.19419e-05 0.0216228 0.000658637 0.00420312 0.00283191 0.77276 0.015858 1.85865e-07 
0.238197 0.0253055 0.0103461 0.000750663 0.0546118 0.000621942 0.0120126 0.00200395 0.506764 0.149371 1.55486e-05 
0.0569804 0.0232259 0.0434559 6.31974e-06 0.00116833 0.00702007 0.00108284 0.0147657 0.631561 0.220733 7.85656e-07 
0.135619 0.0413416 0.0536804 0.00491034 0.0109911 0.00944938 0.0161026 0.0242487 0.565787 0.137209 0.000660793 
0.0548484 0.0930124 0.029813 1.28598e-06 0.000503621 0.00953488 0.00394172 0.00259685 0.788573 0.0171679 6.62838e-06 
0.023984 0.0253708 0.119227 3.68048e-08 0.0449605 0.00744685 0.0120671 0.0629699 0.693409 0.0105527 1.21837e-05 
0.0112481 0.119417 0.109041 0.00048439 0.0330543 3.70914e-06 0.000129456 0.228405 0.480121 0.0180822 1.35695e-05 
0.0461733 0.0360597 0.267529 5.36562e-05 0.000737163 0.0199612 0.109181 0.201579 0.303764 0.0149608 4.94701e-07 
0.0553699 0.190795 0.199808 2.98857e-05 0.00403162 0.193579 0.000959466 0.00534246 0.203213 0.145308 0.00156452 
0.0487172 0.144767 0.0201735 3.624e-06 0.0971719 0.00642137 0.0411053 0.00043715 0.621974 0.0191231 0.000105891 
1.90238e-07 0.0517807 4.5713e-05 2.87795e-11 0.000327921 5.41578e-06 1.9633e-11 2.24067e-11 0.945393 0.0024475 7.83848e-11 
0.111031 0.128571 0.0428824 0.0056165 0.0114746 0.0092475 0.0153003 0.0116204 0.598309 0.0656075 0.000340014 
0.104227 0.244363 0.164619 0.0231321 0.00802465 0.00116419 0.049934 0.0729323 0.28187 0.0468098 0.00292339 
0.0181342 0.00552707 0.0322603 1.10139e-06 0.000165047 0.00054271 0.00166878 0.000408625 0.904599 0.0366928 4.3499e-09 
0.2387 0.00101216 0.026768 4.46582e-06 3.13428e-09 5.38911e-08 6.41436e-05 0.0241011 0.683979 0.0253714 4.6563e-09 
0.0001074 0.000107397 0.311574 0.00010738 0.000107385 0.000107363 0.00010739 0.22562 0.461947 0.000107393 0.000107328 
0.17631 0.0535946 0.111701 0.000646889 0.00677768 0.016703 0.00644687 0.0244014 0.492888 0.110518 1.36125e-05 
0.00780904 0.0563942 0.00538886 3.2247e-08 0.0211169 2.80026e-06 1.30192e-11 0.00700178 0.773421 0.126289 0.00257647 
1.60745e-05 0.302208 0.106111 1.60716e-05 0.0321607 1.6069e-05 1.6073e-05 0.159135 0.400289 1.60736e-05 1.60637e-05 
0.17375 0.0278349 0.0551082 0.00318209 0.00497097 0.00937087 0.00810131 0.0128282 0.657032 0.0476958 0.000125425 
0.055262 0.12568 0.0353383 5.83702e-05 0.00254947 0.000385545 0.0271508 0.0967381 0.627141 0.0296934 2.99838e-06 
0.0563951 0.0324753 0.154217 4.7605e-05 0.00303853 5.53428e-05 0.00206187 0.202761 0.316192 0.232613 0.000143069 
0.0828391 0.437246 0.00101031 2.67457e-06 0.0106213 0.000834354 4.60205e-06 0.000736087 0.444733 0.0218225 0.000150115 
0.177261 0.0284963 0.12069 2.5241e-05 0.148056 0.0551597 0.00304831 0.00365439 0.350299 0.112604 0.000706798 
0.0275465 0.119164 0.0389903 1.88252e-06 0.00107818 0.000156553 1.92027e-07 0.0121635 0.799795 0.00110019 3.37499e-06 
0.276078 0.00684437 0.0104381 3.2243e-06 0.000832573 0.000392202 0.00178983 0.00158891 0.38532 0.316672 3.97176e-05 
0.240672 0.105316 0.0716343 0.000161099 0.0177082 0.0029402 0.0144767 0.0448194 0.340625 0.161602 4.51568e-05 
0.0258687 0.0198747 0.00264694 1.12551e-08 4.21406e-05 2.77202e-07 1.82569e-07 0.00281965 0.735798 0.212949 1.83357e-11 
0.00636211 0.305862 0.00781036 7.12401e-08 0.0050241 0.00156512 0.0006087 0.019696 0.641324 0.0117472 1.03173e-11 
0.189758 0.185856 0.108038 0.000142705 0.0123261 0.0120972 0.0136265 0.0288523 0.317084 0.131042 0.00117671 
0.0596854 0.115355 0.0067221 6.61212e-08 0.00630438 0.00503372 1.42408e-06 0.140721 0.639486 0.0265068 0.000183533 
0.0991201 0.0908711 0.0374798 9.15607e-08 0.181385 0.0435036 1.35756e-11 0.12774 0.367897 0.0520025 2.65638e-07 
0.00205972 0.0637142 0.0324437 0.000158011 0.0273638 0.00236839 0.0071561 0.110058 0.748073 0.006475 0.000129915 
0.125537 0.0267697 0.0548025 7.59415e-05 0.000153845 0.00949189 0.00438753 0.315958 0.359148 0.103595 8.05775e-05 
0.0575322 0.0823906 0.241329 1.08517e-07 0.0443421 0.00185275 0.0609993 0.241624 0.265743 0.00418774 1.51562e-11 
0.0936254 0.100732 0.103565 0.0857498 0.0334413 0.131159 0.00271514 0.070846 0.361627 0.0165245 1.44576e-05 
0.0197576 0.195691 0.00332377 7.58453e-07 0.0126776 0.000237009 0.000353237 0.0023177 0.446142 0.318384 0.00111493 
0.0421513 0.198259 0.007121 0.0112443 0.0123878 0.000484643 0.00123039 0.03466 0.564674 0.127785 1.76512e-06 
0.169451 0.0154023 0.0239794 1.49041e-05 0.0019763 0.000500903 0.0012089 0.0342316 0.622848 0.130263 0.000123998 
0.369743 0.0130181 0.00749893 0.00240425 0.0130215 0.000496368 2.33638e-05 0.000756521 0.455945 0.137093 1.20921e-08 
0.022239 0.0619359 0.0831908 5.0058e-05 0.00087722 0.00814659 0.0459777 0.0248869 0.685761 0.0669317 3.55645e-06 
0.0267299 0.0285979 0.0752327 0.00212487 0.000585438 0.0657346 0.000175027 0.0140754 0.777394 0.00934214 7.59013e-06 
0.431654 3.77806e-05 1.28119e-05 2.62682e-06 0.0526859 0.00206351 6.4137e-05 0.026426 0.465378 0.0215497 0.000125501 
0.165096 0.082362 0.0523445 0.00472768 0.0104106 0.00894474 0.0208045 0.0206784 0.491534 0.142856 0.000241647 
0.128472 0.0520316 0.0378235 0.000163239 0.0191864 0.0127261 0.00460966 0.0123985 0.421372 0.311212 5.14008e-06 
0.260124 0.0171379 0.0363846 7.91473e-08 1.88363e-07 0.00195964 0.000304636 0.0682421 0.480941 0.134771 0.000135242 
0.120283 0.0937237 0.0179444 0.000198412 0.0282551 0.00364403 0.0154269 0.135834 0.297072 0.287593 2.47297e-05 
0.0957398 0.0584013 0.0212098 0.00131115 0.0393487 0.000972739 0.000381792 0.0632666 0.579218 0.140143 6.60009e-06 
0.0172591 0.0721173 0.00882894 3.76911e-08 0.010525 0.000428348 0.0175668 0.000103777 0.872805 0.000365764 1.12348e-08 
0.349122 0.0501944 0.051905 0.000112378 0.0118695 0.0301383 0.01377 0.00796183 0.425787 0.0591327 6.79402e-06 
0.257458 0.0595123 0.0238977 0.000138458 0.000835678 0.000807309 0.0254012 0.0396641 0.560261 0.032025 9.0136e-09 
0.386371 0.0131493 0.0389846 1.53865e-06 0.0526554 0.044747 3.02632e-05 0.00401583 0.454297 0.00573878 8.60638e-06 
0.450126 0.000925217 0.0166321 2.06559e-06 9.30231e-05 0.00102228 9.5633e-05 0.00699259 0.482361 0.0417504 9.11567e-10 
0.181465 0.0472847 0.176571 0.000488408 0.0392864 0.0253855 0.0010398 0.102504 0.39097 0.0349501 5.59918e-05 
0.430224 0.00818411 0.0610085 1.06043e-05 0.000577213 0.0148989 0.0125769 0.00168254 0.465686 0.00515095 3.65002e-07 
0.101409 0.0288293 0.32453 0.00085241 0.000773841 0.0948189 0.0330013 0.0726613 0.333553 0.00954291 2.8144e-05 
0.0422142 0.0850396 0.00539278 5.79163e-05 0.00240686 5.81062e-05 0.000181775 0.00574052 0.616288 0.2426 1.96146e-05 
0.0103225 0.000343757 0.103269 4.9256e-05 0.000381717 0.000648854 0.00375598 0.0722287 0.790892 0.0180999 8.58619e-06 
0.162708 0.0347702 0.0318488 0.000173324 0.00488504 0.0015645 0.0273753 0.084919 0.360966 0.290734 5.58735e-05 
0.125179 0.0656601 0.214703 2.5799e-05 0.00410028 0.0268184 0.0705124 0.0692168 0.405214 0.0167621 0.00180772 
0.0510449 0.0435061 0.171903 0.0813549 0.00435531 0.0326713 0.0369898 0.118821 0.332442 0.126732 0.000178958 
0.0712416 0.194062 0.0239136 0.00249218 0.00641128 0.00816153 0.00284837 0.0115849 0.587902 0.0894403 0.00194259 
0.213573 0.0618262 0.0736832 7.44548e-09 0.000157825 0.0200229 0.0995525 0.00188827 0.495111 0.0341646 2.01373e-05 
0.249637 0.0802426 0.0223875 7.89613e-08 0.0327719 0.0016794 0.000295553 0.0126483 0.555353 0.0449846 3.51557e-08 
0.0922794 0.0683483 0.133118 5.38315e-05 0.00360921 0.0238034 0.00572199 0.0276384 0.564504 0.0806946 0.000228705 
0.173978 0.0645802 0.229292 0.000282454 0.0102347 0.0238168 0.062512 0.0844332 0.319163 0.0316958 1.11597e-05 
0.0415035 0.200145 0.0179241 7.61471e-05 0.17186 0.0528299 0.0120318 0.00991774 0.288639 0.204858 0.000215795 
0.203258 0.00590454 0.0823242 2.81527e-06 0.00321274 0.000415708 0.019992 0.000853566 0.66106 0.0229756 7.17321e-07 
0.00901357 0.1844 0.125561 8.35798e-05 0.0321174 0.0644161 0.00589044 0.11173 0.453156 0.0136274 4.45551e-06 
0.0124077 0.0952318 1.19981e-05 1.24788e-09 5.28913e-06 1.96286e-09 8.51286e-10 0.0169657 0.870737 0.0046401 3.39877e-09 
0.0843296 0.00130119 0.0791923 2.16784e-06 1.25066e-09 0.0208728 0.0194772 0.00861407 0.775977 0.0102336 2.8591e-13 
0.0421609 0.2858 0.00253372 0.00225393 0.0023912 1.01705e-05 0.0160131 0.000703084 0.476529 0.171182 0.00042279 
0.0646307 0.0434218 0.0640848 0.000763963 0.0163535 0.000347519 0.0332871 0.027961 0.443703 0.305041 0.000405853 
0.0707609 0.0149572 0.0204997 8.06479e-06 0.00219155 0.00832972 0.00816545 0.0536453 0.746973 0.0744606 8.21514e-06 
0.174566 0.113148 0.0346629 0.00018641 0.0221656 0.00165185 0.0268603 0.00888519 0.591357 0.0264864 3.026e-05 
0.301207 0.0268202 0.105053 0.000568053 0.0105947 0.00757156 0.0165191 0.0411669 0.321314 0.168879 0.000306284 
0.0423675 0.110917 0.0056859 4.74557e-07 0.00800387 1.27309e-05 0.00735959 0.00150616 0.814326 0.00980889 1.17401e-05 
0.173553 0.00611312 0.0328199 4.32471e-06 0.000103438 0.00154883 0.00368209 0.00283556 0.688824 0.0905155 1.09721e-11 
0.140794 0.0133089 0.13974 2.00716e-05 0.0153202 0.00313477 0.000839707 0.0359853 0.621546 0.0293084 2.95041e-06 
0.089548 0.029106 0.0294159 1.16892e-05 0.00039341 0.00297279 0.0189852 0.00429585 0.81272 0.0125479 3.02256e-06 
0.00237641 0.196678 0.131192 1.97833e-06 0.198239 0.034815 1.97851e-06 0.166588 0.258035 0.0120713 1.97736e-06 
0.151284 0.139125 0.0510376 0.0892591 0.0467804 0.00412908 0.0622962 0.00601751 0.417416 0.0326493 5.68181e-06 
0.20209 0.00532518 0.00794609 3.89569e-12 0.00184461 0.000583122 2.65758e-12 6.91561e-08 0.77967 0.00246809 7.28545e-05 
0.0750187 0.00770095 0.0238534 2.30933e-05 0.00287101 0.0207049 0.00421854 0.0153136 0.731583 0.118703 1.02737e-05 
0.0360793 0.204908 0.223425 0.00169738 0.00203238 0.000316892 0.0650459 0.0334492 0.375494 0.0575509 5.4371e-07 
0.149768 0.0274619 0.102979 6.09475e-05 0.00161492 0.290943 0.00978749 0.0198777 0.382131 0.0141322 0.00124443 
0.191888 0.0368634 0.0371607 0.00597454 0.0163162 0.00325551 0.0159318 0.00704875 0.525661 0.159813 8.64881e-05 
0.101589 0.0909971 0.0409689 0.00779133 0.0253668 0.00262032 0.0334226 0.0462316 0.588561 0.0613066 0.00114452 
0.170052 0.107042 0.0848523 0.000914582 0.00757881 0.0150595 0.0187216 0.194505 0.372384 0.0288851 5.42335e-06 
0.23435 0.159844 0.0666882 0.0896564 0.00489171 0.00321212 0.0368118 0.00210534 0.302789 0.0989134 0.000737981 
0.0752758 0.0757936 0.0902603 3.72958e-05 0.000745625 0.028089 0.0159082 0.0210272 0.429334 0.263427 0.000102213 
0.227355 0.0130501 0.259677 0.0253119 0.0235874 0.00263877 0.00132485 0.0525123 0.36074 0.0113546 0.0224478 
0.218442 0.00839695 0.153312 5.50352e-06 0.0134275 0.00342702 0.000853006 0.0250269 0.507347 0.0697529 8.80507e-06 
0.0461733 0.0360597 0.267529 5.36562e-05 0.000737163 0.0199612 0.109181 0.201579 0.303764 0.0149608 4.94701e-07 
0.0533113 0.0751443 0.316482 7.40205e-05 7.0682e-05 0.000682395 0.0454176 0.133758 0.35754 0.0174382 8.12988e-05 
0.0212595 0.00257965 0.014575 9.64775e-06 4.22903e-08 3.16823e-06 0.000367472 0.0111557 0.937628 0.0124223 1.06529e-10 
0.159867 0.066632 0.133682 1.63877e-06 0.00694942 0.018459 0.117843 0.0111095 0.481589 0.0038357 3.14121e-05 
0.101292 0.204744 0.040954 0.00387427 0.0373926 0.0164278 0.0172214 0.036499 0.485175 0.0536 0.00281916 
0.085012 0.00182829 0.116783 2.85276e-06 7.02678e-14 0.00254383 0.000400008 0.0333045 0.754281 0.00584434 2.23132e-13 
0.141162 0.0180075 0.18198 0.000482277 8.17313e-08 0.011481 0.0069149 0.0590603 0.552148 0.0287636 8.16878e-08 
0.000859106 0.298808 0.000283349 9.75863e-06 0.000720827 4.11145e-06 0.00021947 0.00183047 0.693259 0.004005 3.97331e-07 
0.26944 0.0076063 0.0668197 1.32884e-06 0.00407682 0.00046273 0.000180107 0.012908 0.60616 0.0323444 7.05367e-07 
0.119832 0.109865 0.235435 4.62115e-05 0.0425048 0.000253773 0.00171655 0.0834275 0.299 0.107058 0.000860477 
0.00720762 0.0212468 0.0193569 2.20989e-05 0.00253816 0.00371595 0.00154472 0.0781868 0.770735 0.0954424 3.21133e-06 
0.293336 0.0746402 0.169623 0.000750975 0.0146499 0.00934886 0.0205658 0.0822685 0.301348 0.033279 0.0001897 
0.06807 0.0129341 0.0473015 0.000428917 0.00635992 0.0686925 7.96949e-05 0.0151396 0.719249 0.0617184 2.60772e-05 
0.0766242 0.000398884 0.0438704 2.50616e-07 8.22461e-06 4.96648e-05 0.00375876 0.00415026 0.860969 0.0101704 4.35342e-08 
0.022882 0.0326745 0.0342776 0.000128124 0.0740275 0.00260869 0.0689242 0.027874 0.408526 0.328077 1.22699e-06 
0.149315 0.0590755 0.0444747 0.0192861 0.000909474 0.00509332 0.0238669 0.00951021 0.628895 0.0595307 4.26307e-05 
0.344496 0.10562 0.108345 4.60607e-05 0.00424415 0.00388097 0.00859982 0.00773953 0.365319 0.0427724 0.00893724 
1.21055e-08 1.39482e-05 0.103917 3.479e-08 0.000146734 0.0158531 5.33615e-05 0.398025 0.423208 0.0587829 9.47551e-08 
0.109602 0.348706 0.0477513 0.00242873 0.00683834 0.0057148 0.00591423 0.00866976 0.422119 0.042141 0.000115044 
0.130404 0.0664691 0.0446916 0.00103287 0.0265548 0.00700007 0.0175869 0.0150657 0.644923 0.0462589 1.24645e-05 
0.0326391 0.00381034 0.020639 3.12092e-07 0.0450744 1.40036e-08 0.00141555 0.000425281 0.869768 0.0262276 6.66909e-07 
0.124505 0.100656 0.0505293 0.0120685 0.0110528 0.00508311 0.0194563 0.0134132 0.56632 0.0967011 0.000213686 
0.271699 0.00614201 0.0225128 6.23348e-08 0.00193982 9.45801e-05 0.0028536 0.00418339 0.663801 0.0266744 0.000100091 
0.148797 0.086912 0.148682 0.00391447 0.0115611 0.0015402 0.0940237 0.0164807 0.388869 0.0992023 1.77698e-05 
0.271699 0.00614201 0.0225128 6.23348e-08 0.00193982 9.45801e-05 0.0028536 0.00418339 0.663801 0.0266744 0.000100091 
0.0238549 0.0170246 0.270725 2.87232e-06 0.0202455 0.0055014 0.00449612 0.285148 0.365095 0.00790449 1.00948e-06 
0.140794 0.0133089 0.13974 2.00716e-05 0.0153202 0.00313477 0.000839707 0.0359853 0.621546 0.0293084 2.95041e-06 
0.224912 0.0507797 0.0443111 0.0461669 0.00690924 0.000440617 0.0438473 0.00359824 0.502028 0.0770045 1.68178e-06 
0.0444952 0.391783 0.0270697 0.000266555 0.0217978 0.000987022 0.00829097 0.0121307 0.446551 0.0465712 5.75527e-05 
0.0718083 0.056407 0.164371 3.96178e-05 0.0349947 0.00387698 0.00114045 0.0405816 0.446244 0.180531 5.10707e-06 
0.161413 0.168066 0.0652845 0.00257643 0.0375831 0.00888432 0.0150607 0.0920635 0.342403 0.105485 0.00117965 
0.0737996 0.288835 0.0487143 0.000634282 0.0173165 0.00471262 0.000905007 0.0116749 0.490219 0.0627769 0.000411854 
0.403546 0.00170787 0.0134832 3.88348e-09 0.000752237 7.53094e-05 0.000518765 0.000193164 0.560231 0.0194918 7.53302e-07 
0.268399 0.0748562 0.137711 0.00208063 0.0115985 0.0126531 0.0277008 0.077157 0.353163 0.0343333 0.000348075 
0.0513319 0.0938657 0.0221822 0.00133726 0.0114961 0.00852064 0.00670124 0.0251899 0.585414 0.191775 0.00218607 
0.21158 0.0296334 0.062936 7.93567e-06 0.09165 0.00122501 0.0955335 0.000642458 0.40315 0.103641 3.89128e-07 
0.354807 0.0214169 0.109613 1.0351e-05 0.00108093 0.116913 0.000208537 0.024345 0.360654 0.0109244 2.67948e-05 
0.2387 0.00101216 0.026768 4.46582e-06 3.13428e-09 5.38911e-08 6.41436e-05 0.0241011 0.683979 0.0253714 4.6563e-09 
0.0905531 0.0606878 0.069599 0.00131983 0.0560077 0.000811969 0.00887676 0.0105946 0.640732 0.0607726 4.44783e-05 
0.0869622 0.28071 0.0572238 3.71677e-05 0.00997676 0.0369938 0.00015809 0.0190323 0.391921 0.116985 7.84713e-08 
0.232022 0.0919776 0.0988568 0.0139993 0.0167692 0.00563095 0.0129618 0.0102789 0.441922 0.0411732 0.0344091 
0.0226647 0.0407703 0.0697006 4.04298e-06 0.00283684 0.00180473 0.000768576 0.00510032 0.849291 0.00704723 1.16984e-05 
0.0879709 0.148809 0.122792 0.0210325 0.0771691 0.00102046 0.0100974 0.0414598 0.280406 0.20901 0.00023228 
0.0465249 0.0758117 0.0314444 3.3732e-07 0.0892621 0.00659931 0.00240625 0.0224072 0.700626 0.0249019 1.60963e-05 
0.274019 0.17872 0.0522503 0.00011414 0.00373218 7.11398e-09 0.0296521 0.0112255 0.400228 0.0500512 7.75523e-06 
0.131978 0.182699 0.0598328 0.000408636 0.0165867 0.0155215 0.0118909 0.0200585 0.506712 0.0532364 0.00107523 
0.287489 0.0827183 0.00188778 1.59853e-08 0.0498199 8.61036e-08 0.000159055 2.32532e-07 0.577925 4.84619e-07 7.4532e-11 
0.22077 0.0178913 0.0797038 0.00038262 0.0964922 0.027852 0.00104611 0.0320199 0.419915 0.103917 9.92363e-06 
0.220116 0.00408489 0.0861716 0.00528849 8.33374e-05 0.00389595 0.093918 0.00305823 0.566252 0.0171254 5.75884e-06 
0.32643 0.108075 0.0411822 0.0019787 0.0136326 0.014869 0.0685079 0.0100688 0.382463 0.02189 0.0109027 
0.0610165 0.096174 0.0356001 1.85129e-06 0.019269 0.00263424 2.89491e-06 0.00619887 0.773946 0.00515389 2.1845e-06 
0.1028 0.0997588 0.0302055 4.55079e-05 0.00823379 4.7556e-08 1.50697e-05 0.00311107 0.687405 0.0684163 9.43761e-06 
0.133914 0.00118857 0.077566 2.51269e-05 1.08752e-06 0.0377345 0.0470291 0.0111408 0.375627 0.315754 2.00968e-05 
0.0375654 0.41627 0.0127834 0.0285816 0.00129738 3.45275e-05 0.000751939 0.00306406 0.486642 0.0128155 0.000194694 
0.00689989 0.0151563 0.0644112 0.000102725 0.000303132 0.0289978 0.248469 0.0107217 0.616016 0.00892284 6.62735e-09 
0.076709 0.0528841 0.0472264 0.000427051 0.00994061 0.00438338 0.0572143 0.216058 0.331704 0.163518 0.0399351 
0.212509 0.0790425 0.11386 0.00085355 0.011354 0.0156344 0.0415426 0.226197 0.252484 0.0239115 0.0226113 
0.000238528 0.00415409 0.154903 0.00580624 1.08484e-05 4.59717e-09 2.10098e-06 0.273859 0.372115 0.188911 7.96019e-09 
0.253598 0.00350528 0.0338501 1.10786e-05 0.000241385 0.00453692 0.0399502 0.00349174 0.566924 0.0938908 4.97295e-07 
0.151839 0.0239328 0.0357652 0.00066634 0.0123744 0.0181766 0.0104082 0.00966843 0.622776 0.114387 5.97886e-06 
0.0800538 0.00331421 0.13469 1.39797e-05 0.00589014 0.013822 0.0366552 0.0110336 0.684764 0.00555629 0.0242068 
0.210606 0.0257127 0.0757738 0.0463731 0.0362651 0.00787809 8.17435e-05 0.0124055 0.522915 0.0619884 3.23673e-08 
0.21108 0.0017311 0.028162 3.91193e-09 0.000390398 0.00142259 1.0077e-07 8.87368e-08 0.754335 0.00287951 2.52195e-09 
0.19666 0.257741 0.0631702 0.00653658 0.0283852 0.0231993 0.0149014 0.0191588 0.300512 0.0871544 0.00258185 
