0.216727 0.016479 0.0183724 2.26387e-05 0.0227084 1.35644e-05 0.0307217 0.00343559 0.284653 0.406865 6.29884e-07 
0.0905308 0.181478 0.0123653 0.0102855 0.0102106 0.00197584 0.00105939 0.0183861 0.0699136 0.589035 0.0147593 
0.0142609 0.0231497 0.0176273 3.49458e-05 0.000817039 0.000182959 0.00785386 0.0194649 0.26117 0.655421 1.75399e-05 
0.204143 0.0407356 0.0116901 7.70455e-05 0.0201396 0.00153658 1.47819e-07 0.186976 0.167997 0.366705 2.72608e-07 
0.0142137 0.0133327 0.00728823 1.52947e-05 0.00181457 1.49767e-05 0.000250118 0.00202436 0.395206 0.56584 2.46167e-09 
0.151749 0.0964432 0.00877403 0.12318 0.00468659 0.154708 0.00252831 0.0660121 0.0676978 0.284496 0.0397259 
0.056847 0.00102478 0.0413594 5.75099e-05 0.000506505 4.54414e-05 0.000176001 0.0762235 0.066712 0.75704 7.42601e-06 
0.133476 0.0653106 0.0503885 0.00136988 0.00780226 0.0110187 0.00611218 0.174884 0.226309 0.323131 0.000197514 
0.035345 0.00186843 0.312099 0.00140324 0.0047938 0.00378553 0.0798872 0.0274363 0.0398683 0.493512 1.00104e-06 
0.138835 0.0126508 0.00720488 0.00182683 0.0535957 0.00479007 0.00689385 0.0161654 0.182656 0.574624 0.000758036 
0.0286774 0.0618871 0.0784826 0.00569347 0.00136338 0.0188072 0.0915887 0.0287686 0.15612 0.527039 0.00157301 
0.0643534 0.0695505 0.0403999 0.000687507 0.00189879 0.00127611 0.0130025 0.0200952 0.179961 0.608167 0.000608401 
0.0650041 0.01177 0.0253853 2.90143e-05 0.0064778 0.0018318 0.00281152 0.0216513 0.259431 0.604338 0.00127032 
0.119463 0.0512091 0.00464479 0.000781672 0.000362456 0.000202262 0.00209182 0.0051916 0.103675 0.711591 0.000786219 
0.15399 0.0500897 0.0210022 0.000250548 0.0335333 0.00174175 0.00414341 0.0170251 0.188848 0.529373 3.45405e-06 
0.0338564 0.00697381 0.0737711 2.55602e-06 0.0705553 0.000813948 0.0163437 0.0138599 0.0444859 0.739331 6.50436e-06 
0.00516134 0.0255059 0.0330014 0.0014369 0.00235796 0.00310904 0.0014743 0.249841 0.00447081 0.436146 0.237496 
0.00842022 0.000723028 0.105228 0.00170233 0.000166048 0.0014831 0.00129658 0.0296668 0.00767487 0.843639 3.53035e-09 
0.0468771 0.0278438 0.125486 7.49747e-05 0.0018959 0.00260357 0.00417709 0.216226 0.208373 0.305586 0.0608575 
0.178574 0.0648504 0.101861 5.32278e-05 0.0514995 0.00337525 0.0132759 0.0717431 0.183712 0.32862 0.00243553 
0.113053 0.0213613 0.153788 0.0397676 0.0243886 0.0100471 0.00987695 0.169187 0.136376 0.321777 0.000377132 
0.00652931 0.0902636 0.00892114 0.00414152 0.0992203 4.49024e-07 0.00247681 0.0487201 8.74811e-05 0.739355 0.000284285 
0.309245 0.00687839 0.0221936 5.1448e-05 0.0474718 0.0116056 0.000949398 0.0295415 0.23979 0.324187 0.00808559 
0.00652931 0.0902636 0.00892114 0.00414152 0.0992203 4.49024e-07 0.00247681 0.0487201 8.74811e-05 0.739355 0.000284285 
0.0811766 0.00243234 0.217033 3.26671e-05 0.00180271 0.0103708 0.00969943 0.151267 0.0860314 0.440152 2.37841e-06 
0.0107707 0.0173397 0.000183638 1.87269e-06 0.00716351 1.98962e-05 1.41897e-05 0.0163566 0.0649376 0.88319 2.27307e-05 
0.246549 0.00552257 0.0111466 4.61871e-05 0.092627 0.000612556 0.000136455 0.0759097 0.183547 0.3839 3.70465e-06 
0.196539 0.0257704 0.045553 0.000106688 0.0134961 0.000679524 0.00253295 0.294087 0.0856722 0.335547 1.63152e-05 
0.246851 0.00618148 0.00061394 6.10191e-05 0.000798596 4.17631e-05 6.45318e-05 0.00329144 0.069964 0.672123 9.03739e-06 
0.203194 0.122146 0.0929903 0.00916546 0.018086 0.0187531 0.000445262 0.186821 0.0986855 0.249714 5.65972e-07 
0.021878 0.0964381 0.0540481 5.74403e-05 0.199488 0.00536207 0.000488468 0.180665 0.101039 0.335885 0.00465142 
0.0584674 0.0622894 0.130811 0.00351378 0.0890449 0.00750417 0.00630306 0.119365 0.208023 0.312366 0.00231175 
0.355743 2.74089e-05 0.00900965 1.37103e-08 0.000566434 0.00267437 0.000297335 0.00911662 0.0352002 0.587364 1.19386e-06 
0.000818586 0.00279058 0.000672417 1.69086e-05 0.000845031 3.77699e-10 4.15348e-07 0.00301348 1.13311e-06 0.991841 6.54001e-10 
0.0103638 0.216446 0.00516511 5.25745e-05 0.00275306 0.00013591 1.32144e-05 0.0464409 0.00793548 0.710687 6.68827e-06 
0.00652931 0.0902636 0.00892114 0.00414152 0.0992203 4.49024e-07 0.00247681 0.0487201 8.74811e-05 0.739355 0.000284285 
0.186075 0.050317 0.0110348 4.41295e-05 0.101413 0.00402289 0.0105754 9.3697e-05 0.147031 0.489235 0.000158137 
0.131521 0.0148064 0.152681 0.000424898 0.00676835 0.00126131 0.00760889 0.252484 0.139817 0.291537 0.00108987 
0.0172416 0.00451253 0.242987 0.000176831 0.00236521 0.0864081 0.0318089 0.0517902 0.200832 0.361876 1.57831e-06 
0.00194589 0.00174268 0.269153 4.0845e-05 0.0175426 7.14005e-05 0.00169624 0.00182934 0.00409429 0.701884 3.1684e-10 
0.0747349 0.0591012 0.0558296 0.000422037 0.0194182 0.00129351 0.00312097 0.154448 0.231338 0.37219 0.0281037 
0.115299 0.078052 0.0760344 0.000476318 0.107949 0.00246202 0.0146262 0.106481 0.21326 0.283009 0.00235023 
0.0990303 0.034271 0.224975 0.000332498 0.00136844 0.00256504 0.0128216 0.114274 0.2524 0.257913 4.96573e-05 
0.0982043 0.0178591 0.0848004 1.61917e-06 0.097095 0.00016109 0.000727212 0.000728535 0.259457 0.440966 1.11197e-07 
0.18677 0.149792 0.0579849 0.0515363 0.105831 0.00565772 0.000452459 0.0269511 0.0999561 0.314417 0.000651257 
0.00102894 0.000610828 0.00213805 1.7271e-05 3.27948e-05 2.96606e-05 0.000106838 0.00082404 0.00893735 0.985883 0.000391166 
0.00117239 0.0212753 0.0462023 0.00227819 0.0041263 7.12771e-06 0.00481124 0.282656 0.231575 0.405895 8.63894e-07 
0.193596 0.0137273 0.134833 3.56361e-05 0.0289506 0.0390135 0.00122072 0.0179338 0.255388 0.315183 0.000119195 
0.142812 0.00254107 0.0187844 4.09577e-05 0.208949 0.000274235 0.0265474 0.000809783 0.0693259 0.529915 7.01908e-07 
0.114601 0.127384 0.0145236 2.20075e-05 0.188829 0.0129839 0.0021947 0.0141547 0.259743 0.26556 4.56654e-06 
0.151749 0.0964432 0.00877403 0.12318 0.00468659 0.154708 0.00252831 0.0660121 0.0676978 0.284496 0.0397259 
0.115083 0.0420818 0.0152992 0.00106424 0.00116357 2.43573e-05 0.0105675 0.293262 0.0610325 0.459991 0.000429951 
0.00423808 0.387374 0.00619976 0.00044044 0.049879 0.000431111 0.000335017 0.016051 0.119902 0.415077 7.19318e-05 
0.0949453 0.0079589 0.0448015 1.42587e-06 0.0125754 3.20067e-05 0.000877422 1.78376e-05 0.253897 0.584893 5.34442e-08 
0.227148 0.0032827 0.00803647 2.09881e-05 0.0028846 0.000923184 0.00617751 0.00985925 0.340354 0.401313 1.06668e-06 
0.0200885 0.0623983 0.0867582 1.5486e-05 0.01176 0.000721824 0.000496256 0.0160514 0.229284 0.572425 6.6812e-07 
0.188205 0.0379934 0.043434 0.00728088 0.0133118 0.000482858 0.0258489 0.0180321 0.12022 0.545065 0.000125729 
0.0359092 0.000621171 0.000467933 2.07077e-05 0.000653502 7.33388e-09 2.91414e-06 0.0146706 0.0776193 0.870035 4.81468e-09 
0.237818 0.0010145 0.00514113 3.75994e-05 0.000269163 0.000645875 0.00129588 0.00604814 0.275809 0.471905 1.61972e-05 
0.00550523 0.0445431 0.21552 0.00596583 0.00146727 0.0156342 0.0394635 0.215005 0.00765504 0.301455 0.147785 
0.0643047 0.0853785 0.0144376 1.55401e-08 0.0014788 1.96305e-08 0.00102139 0.00370492 0.184119 0.645555 9.48971e-08 
0.00771876 0.0427485 0.0212827 0.000176918 0.000657445 0.000987965 0.000500126 0.166486 0.161504 0.597938 1.22631e-07 
0.278761 0.020624 0.0749822 1.27692e-07 0.012617 0.0482352 1.17489e-06 0.00499903 0.148457 0.411323 3.47438e-10 
0.201741 0.00126331 0.000230435 0.000110047 6.77918e-12 0.000148767 3.32344e-05 0.144949 0.0566357 0.594695 0.000193602 
0.0945364 0.0210788 0.0980818 0.000296031 0.000859589 0.0035106 0.0242386 0.019804 0.272376 0.459823 0.00539538 
0.0203245 0.0258213 0.0833749 0.00193208 0.00178957 0.000429596 0.010769 0.307155 0.11295 0.435382 7.24849e-05 
0.15399 0.0500897 0.0210022 0.000250548 0.0335333 0.00174175 0.00414341 0.0170251 0.188848 0.529373 3.45405e-06 
0.171355 0.0416763 0.00575331 1.49531e-05 0.00428128 0.000168014 0.00119574 0.00189526 0.160821 0.612657 0.00018256 
0.00119752 0.00389565 0.0163882 1.08262e-05 0.00378102 0.00135279 0.00106126 0.0366135 0.0268582 0.908285 0.00055617 
0.00101679 0.0669664 0.0230874 0.00296146 0.022994 5.35829e-05 0.00173989 0.0658589 0.100578 0.640308 0.0744352 
0.0173852 0.000722747 0.0387969 0.00175352 0.00385399 0.000766158 0.000615253 0.030746 0.0304015 0.874958 3.91921e-07 
0.389733 0.118416 0.00531806 0.000307826 0.000397234 0.000134652 0.0590081 0.00166495 0.00734952 0.417485 0.000186201 
0.0565211 5.72497e-06 0.251866 8.20348e-07 0.00462378 9.45024e-06 5.86516e-05 0.000287001 0.0799739 0.60665 3.79315e-06 
0.393788 0.0149003 0.00149046 3.15932e-05 0.00182772 7.52665e-05 0.000303703 0.00294617 0.0407553 0.543867 1.43388e-05 
0.0914985 0.0493436 0.024294 0.00466348 0.000961043 3.38089e-05 0.00619518 0.283433 0.048418 0.477143 0.0140168 
0.174158 0.00939421 0.000538626 3.3207e-05 0.0031734 0.0205595 2.23858e-05 0.0485658 0.143858 0.599697 1.28451e-07 
0.299766 0.0222833 0.0485267 1.16058e-05 0.0130528 1.08306e-08 4.69719e-09 0.0904802 0.154264 0.371604 1.1204e-05 
0.234617 0.0724428 0.0356036 0.000351087 0.0105208 0.00359561 0.0236949 0.00635858 0.257273 0.354344 0.00119773 
0.00516134 0.0255059 0.0330014 0.0014369 0.00235796 0.00310904 0.0014743 0.249841 0.00447081 0.436146 0.237496 
0.0266225 0.00643111 0.00925491 1.68463e-07 0.0995882 4.80547e-06 3.44628e-05 0.0453308 0.0956304 0.717033 6.95134e-05 
0.23683 0.0122192 0.0109675 0.00225574 0.0185004 0.000650148 0.0305655 0.0788831 0.011067 0.309886 0.288175 
0.00323978 0.0218567 0.0232907 0.00018454 0.00212786 0.00481538 1.38403e-05 0.00630699 0.0327391 0.905412 1.32575e-05 
0.0355651 0.0364672 0.0954346 0.00622018 0.00263496 0.00983177 0.195081 0.0338798 0.0472755 0.536305 0.00130484 
0.0872603 0.0349635 0.0646961 8.48368e-05 0.130928 0.00184381 0.0394099 0.0903602 0.252245 0.2977 0.000508341 
0.1197 0.0147387 0.161631 8.51817e-05 0.20746 0.0267145 0.0678705 0.00418739 0.155387 0.242063 0.000163433 
4.71709e-05 4.38727e-07 1.80143e-06 0.00332068 2.97378e-05 0.000228502 2.65597e-07 0.0182986 0.00112882 0.976944 7.19842e-10 
0.130774 0.23349 0.0695897 0.0369341 0.00591239 0.00113866 0.00516724 0.0623977 0.198301 0.252681 0.003614 
0.216501 0.0956946 0.00976528 0.000590193 0.0152025 5.19889e-05 0.00394882 0.0149607 0.167127 0.475957 0.000200748 
0.00966795 0.181485 0.145763 0.00120202 0.00762219 6.71202e-05 0.0587481 0.0820985 0.0136765 0.499669 7.12026e-08 
0.0953313 0.0964163 0.0332206 0.00325516 0.00288993 0.000531445 0.0199827 0.00757068 0.206955 0.532554 0.00129318 
0.024076 0.0264634 0.0127948 0.00217103 0.0611438 0.000574717 0.000164516 0.250865 0.0977859 0.329846 0.194115 
0.0243011 0.0342611 0.221509 0.00185684 0.00393243 0.0207176 0.0237892 0.294222 0.0318629 0.343548 2.62109e-08 
0.0241344 0.0177565 0.0118051 3.80992e-06 0.00548657 0.00015215 0.000564021 0.0108655 0.228294 0.700936 1.80531e-06 
0.243684 0.104207 0.191927 7.34172e-06 0.0048698 0.011896 0.00515249 0.0678153 0.0887602 0.261657 0.0200241 
0.0314911 0.135716 0.0653742 0.00157424 0.00100915 7.36807e-05 0.00634223 0.20554 0.0631553 0.487707 0.00201646 
0.00792648 0.188665 0.000580145 2.25015e-05 0.000118561 7.73865e-05 0.0148294 0.00150836 0.378585 0.40767 1.61948e-05 
0.0250372 0.0246922 0.00532291 0.245004 0.000317495 0.00027881 0.000573146 0.0459862 0.0349147 0.590353 0.0275207 
0.138727 7.45144e-08 0.000268 2.11524e-08 4.20265e-08 0.000103656 5.92632e-09 0.00567165 0.0582243 0.796971 3.47714e-05 
0.00842022 0.000723028 0.105228 0.00170233 0.000166048 0.0014831 0.00129658 0.0296668 0.00767487 0.843639 3.53035e-09 
0.161184 0.0154187 0.0562748 0.0108099 0.0309901 0.00328886 0.0101702 0.0181573 0.205247 0.487609 0.000850183 
0.045183 0.0211245 0.00150212 2.32648e-05 0.000277525 0.000165475 7.70678e-05 0.0236459 0.168954 0.738308 0.000739764 
0.0639766 9.99756e-05 0.0795198 6.75417e-06 0.012546 5.35768e-05 0.000898836 0.352557 0.0171845 0.473155 2.7086e-06 
0.203263 0.0430658 0.0366198 0.00502814 0.00301709 0.000574203 0.0245239 0.0570649 0.153012 0.441657 0.0321742 
0.116007 0.0869432 0.0320056 0.00776375 0.0116623 0.00239419 0.00225604 0.289522 0.0908578 0.359653 0.00093581 
0.0891458 0.035259 0.073663 0.000206401 0.0342323 0.0155872 0.0725648 0.147704 0.223623 0.305053 0.00296078 
0.284594 0.0617364 0.0343899 0.0260434 0.00764383 0.00406166 0.00234901 0.0675078 0.0747528 0.374958 0.0619624 
0.00842022 0.000723028 0.105228 0.00170233 0.000166048 0.0014831 0.00129658 0.0296668 0.00767487 0.843639 3.53035e-09 
3.12927e-05 5.59669e-06 0.000228393 1.59137e-06 3.15838e-06 6.93508e-07 4.47073e-07 0.135762 1.50042e-05 0.863951 4.09869e-07 
0.0422077 0.00857815 0.000922817 1.99873e-05 0.00756686 6.13013e-06 3.41662e-05 0.000201444 0.194119 0.746341 3.08211e-06 
0.00832853 0.258633 0.0998185 0.000724954 0.0296822 0.00176716 0.000654615 0.186317 0.0872787 0.32676 3.49185e-05 
0.191114 3.93246e-06 0.00899026 4.9366e-07 0.13988 0.000266179 0.103769 5.17547e-05 0.0350813 0.520844 7.98823e-10 
0.103143 0.0974137 0.0423142 0.00251997 0.0975981 0.000717508 0.036547 0.108762 0.234663 0.238521 0.0378003 
0.0314045 0.0381491 0.00390263 8.24488e-08 0.00273162 3.15448e-05 5.4953e-05 0.0402187 0.0451127 0.835543 0.00285093 
0.0115558 0.0243159 0.00600323 2.32112e-06 0.0380757 1.40379e-05 0.000253892 0.00325329 0.123569 0.792956 6.27955e-07 
0.039287 0.000163985 0.00020301 1.87005e-09 0.000577507 4.48043e-05 1.04439e-05 0.00181366 0.0104191 0.947473 6.97318e-06 
0.237129 0.0301366 0.052506 0.000327433 0.0372838 0.00149306 0.00480157 0.0376689 0.212981 0.385439 0.000234694 
0.0892782 0.0650722 0.0118896 0.00645212 0.0157735 0.000176598 0.0247207 0.0436278 0.238462 0.503389 0.0011583 
0.0385162 0.0276993 0.0200163 0.000556205 6.39389e-05 0.00021551 7.79525e-06 0.105967 0.0792443 0.582592 0.145122 
0.225181 0.0547223 0.192318 2.70719e-05 0.0053255 0.000234164 0.00104732 0.0747249 0.1352 0.311096 0.000124988 
0.0926788 0.172131 0.00163613 0.279696 0.0143108 4.38476e-05 0.000299795 0.0153589 0.0409006 0.366101 0.0168432 
4.71709e-05 4.38727e-07 1.80143e-06 0.00332068 2.97378e-05 0.000228502 2.65597e-07 0.0182986 0.00112882 0.976944 7.19842e-10 
0.0481096 0.00341707 0.0277502 0.000165289 5.9313e-05 5.04816e-06 8.54603e-05 0.390085 0.0152235 0.51471 0.000388999 
0.237168 0.0717626 0.122523 0.0066421 0.0155247 0.0164781 0.0428777 0.00982909 0.216487 0.260635 7.26585e-05 
0.00468118 0.0317519 0.000203246 5.54214e-06 0.000256397 6.2074e-09 5.69151e-07 0.000908005 1.48598e-06 0.962192 1.07484e-08 
0.0374587 0.00323538 0.0124352 3.91155e-05 0.0674756 0.000210859 1.3063e-10 0.351563 0.108152 0.419212 0.000218538 
0.0146414 0.136421 0.193295 0.00320871 0.133576 0.00356765 0.00210204 0.0924732 0.0240847 0.388383 0.0082476 
0.141 0.127404 0.00935013 0.00192405 0.0158192 0.000337768 0.0140232 0.0304618 0.322435 0.336989 0.000255229 
0.21119 0.0751013 0.0435846 0.0049103 0.0208546 0.00486387 0.00823695 0.0209101 0.236504 0.373665 0.000179141 
0.00293681 0.00553275 0.0864449 0.00663698 0.00540869 0.00462102 0.00264321 0.264918 0.0924462 0.451161 0.0772505 
0.00011303 0.00134652 0.253462 2.59243e-05 5.38102e-06 2.15401e-05 4.27759e-06 0.0260458 0.26822 0.450738 1.80799e-05 
0.0191942 0.00667712 0.00365238 8.74062e-05 0.000913624 8.30744e-06 0.000127227 0.00101807 0.434531 0.53379 3.63335e-07 
0.153757 0.018658 0.014962 0.00021867 0.00156693 0.000123435 0.00128406 0.257118 0.185755 0.36655 6.90551e-06 
0.125791 0.102956 0.0189852 2.38407e-07 0.113733 0.00017163 0.00738133 0.000367914 0.0986241 0.531972 1.72843e-05 
0.000798554 0.000390745 0.00195142 1.44971e-05 6.90296e-06 2.44616e-05 9.30086e-05 0.000750429 0.00797683 0.987788 0.00020467 
0.000798554 0.000390745 0.00195142 1.44971e-05 6.90296e-06 2.44616e-05 9.30086e-05 0.000750429 0.00797683 0.987788 0.00020467 
0.00390802 0.00618101 0.00168789 0.00270226 0.00029553 3.09093e-05 8.82235e-05 0.00317612 0.0629195 0.91446 0.00455083 
0.115877 0.00213423 0.00550801 7.20411e-05 0.00104681 8.1237e-05 9.12747e-05 0.00568709 0.211005 0.658477 2.03778e-05 
0.210506 0.0124291 0.0806524 0.011005 0.0109998 0.00207677 0.0143366 0.00776657 0.317675 0.331114 0.0014394 
0.072596 0.053185 0.148981 1.10724e-05 0.00102893 0.00217256 0.00808771 0.0223416 0.285375 0.406114 0.00010614 
0.00504008 0.0602944 0.110348 0.000693317 0.0363714 0.000281152 0.0102092 0.0966834 0.074874 0.506596 0.0986096 
0.0190576 0.000562397 0.00209819 0.000258302 0.0114535 0.000134812 0.000145812 0.0269999 0.0300005 0.909288 1.16083e-06 
0.27185 0.000403492 0.00258882 2.02165e-07 0.249943 0.000474681 0.0479831 2.45009e-05 0.0898993 0.336833 6.12826e-08 
0.186741 0.0614876 0.014918 0.00524262 0.0380735 0.00116004 0.000940886 0.00246896 0.0596711 0.629296 5.4906e-07 
0.123697 0.121071 0.0125852 0.0262501 0.0422972 8.00788e-05 0.0138543 0.0104967 0.0993447 0.529093 0.0212312 
0.0526176 0.0546776 0.0241875 0.00413133 0.28398 0.00184671 0.0050605 0.02693 0.0836914 0.449486 0.0133914 
0.0497409 0.0365419 0.0213996 0.00314999 0.013417 0.000456997 0.000206169 0.0117547 0.26939 0.592723 0.00122065 
0.0341074 0.108641 0.0258875 4.36381e-06 0.0167101 0.00305722 0.000829813 0.060623 0.0973863 0.652687 6.58683e-05 
0.0201355 0.0046686 0.122757 0.000677395 0.00539676 0.00172672 0.352414 0.0177768 0.0335076 0.440936 4.16732e-06 
0.0653796 0.00940615 0.0130165 0.000252728 0.0408906 0.00103056 0.00179592 0.127095 0.101671 0.63502 0.00444235 
0.00319146 0.0201891 0.00562188 2.22352e-05 0.00307007 0.000164114 0.000249667 0.0037358 0.0597185 0.90399 4.71451e-05 
0.00652931 0.0902636 0.00892114 0.00414152 0.0992203 4.49024e-07 0.00247681 0.0487201 8.74811e-05 0.739355 0.000284285 
0.0386083 0.0341036 0.237359 3.3085e-07 0.0818957 0.013387 0.000665995 0.0395023 0.275364 0.278133 0.000980828 
0.129852 0.159207 0.153354 0.0338443 0.0546159 0.000853084 0.0327924 0.148846 0.0452139 0.240743 0.000677845 
0.286854 0.0268174 0.0917685 0.00145258 0.00779209 0.00152951 0.0136174 0.00774092 0.216255 0.345989 0.000183274 
0.0146191 0.0128488 0.0522026 0.00112478 0.0166461 0.0145284 0.00182652 0.298832 0.00907974 0.543765 0.0345271 
0.19225 0.0487037 0.00663355 0.00443121 0.00429408 0.000771058 0.0003378 0.0472224 0.175338 0.519962 5.60057e-05 
0.0786356 0.0295701 0.175057 0.000159586 0.0232695 0.141215 0.00504046 0.0340582 0.249679 0.262574 0.000740933 
0.214744 0.0131058 0.0855103 9.24663e-05 0.0737463 0.000404258 0.0105827 0.00454384 0.195722 0.401538 1.07822e-05 
0.0826471 0.049908 0.0251491 0.0122081 0.0110582 0.000175265 0.0134177 0.0725941 0.0801554 0.652687 2.17408e-07 
0.14201 0.0462713 0.0113498 0.000768619 0.00047617 5.46552e-05 0.00598535 0.028995 0.0453843 0.634148 0.0845568 
0.0257565 0.135473 0.0360361 0.00751068 0.0435651 0.00438631 0.00868226 0.196923 0.063072 0.355509 0.123085 
0.0190576 0.000562397 0.00209819 0.000258302 0.0114535 0.000134812 0.000145812 0.0269999 0.0300005 0.909288 1.16083e-06 
0.0594951 0.0213221 0.0673821 3.37564e-05 0.0112617 0.0708692 0.00197555 0.00873359 0.259848 0.499075 4.35737e-06 
3.06919e-06 8.80817e-06 0.0456866 1.18101e-09 0.0245008 1.48016e-06 0.0196287 0.0335495 0.272909 0.603712 3.21664e-09 
0.0281913 0.0217851 0.105283 9.43503e-06 0.00921163 0.00695461 0.00020248 0.0526985 0.00095808 0.770543 0.00416217 
0.0921057 0.00181647 0.0108235 2.95538e-05 2.31608e-05 1.32048e-06 3.6296e-07 1.94696e-05 0.0345202 0.86066 7.04134e-07 
0.224828 0.0440318 0.0949665 0.000140446 0.0180378 9.46283e-06 0.000204432 0.119356 0.145195 0.351092 0.00213772 
0.239435 0.00313771 0.0658581 6.2523e-07 0.0218742 0.000168296 0.0116393 0.000517826 0.165459 0.49191 4.34274e-07 
0.0306178 0.0859591 0.199719 0.00518988 0.0673038 0.00782543 0.0412792 0.0801139 0.17829 0.293989 0.00971297 
0.245314 0.0394339 0.0447217 0.0113366 0.0297567 0.0210906 0.0244439 0.0498056 0.252418 0.28163 4.91895e-05 
0.082042 0.0888512 0.0532671 0.00577884 0.000749697 0.00074877 0.000262963 0.251575 0.0633904 0.452307 0.00102638 
0.0355846 0.1286 0.110098 0.0319035 0.00690896 0.00110379 0.00030349 0.0339636 0.0567543 0.594323 0.000456947 
0.115587 0.00754319 0.00115263 1.44536e-05 0.00081794 0.000139055 0.000770211 0.00187022 0.148156 0.723943 5.34718e-06 
0.132838 0.066882 0.056964 8.1113e-05 0.00261663 0.00845922 0.0046588 0.0749316 0.289499 0.361535 0.00153445 
0.121019 0.0554376 0.0278765 0.0169774 0.00317537 0.000347858 0.0299421 0.0522852 0.170211 0.522673 5.4792e-05 
0.278761 0.020624 0.0749822 1.27692e-07 0.012617 0.0482352 1.17489e-06 0.00499903 0.148457 0.411323 3.47438e-10 
0.0016446 4.82538e-07 0.000200708 1.87887e-06 2.63182e-06 1.61693e-06 2.04388e-07 0.0122927 0.00164494 0.98421 5.38875e-07 
0.114673 0.0806589 0.0307869 0.000721815 0.0119178 0.0135205 0.0173954 0.00485641 0.217047 0.508155 0.000267153 
0.0538256 0.0334834 0.0235024 0.0450046 0.00379804 0.00286747 0.0241824 0.103421 0.240435 0.468896 0.000585303 
0.0512195 0.0191 0.00344219 0.000526121 0.0904968 9.30528e-05 0.00569097 0.00067531 0.166401 0.66219 0.000165587 
0.19867 0.00892694 0.0886099 1.46987e-05 0.024479 0.00308619 0.00830428 0.0147824 0.114466 0.53866 4.91087e-07 
0.187279 0.0785689 0.0663872 5.66161e-05 0.0651044 0.0167311 0.0015347 0.0173703 0.233809 0.333154 4.85686e-06 
0.00865832 0.132487 0.00868376 0.00222762 0.00223396 0.000402003 0.00100988 0.132543 0.0466606 0.41048 0.254614 
0.137265 0.0121449 0.189966 0.00106101 0.0163191 0.0773486 0.00623004 0.0984747 0.0426139 0.418509 6.68057e-05 
0.199092 0.0938202 0.071024 0.00287618 0.00935295 0.00426002 0.16768 0.0687461 0.115404 0.233482 0.0342627 
0.0392467 0.0573339 0.0468542 0.000750768 0.0197177 8.42597e-05 0.000602772 0.112577 0.275765 0.444952 0.00211595 
0.0908552 0.130028 0.0227235 0.000168634 0.0282484 0.0017397 0.0105383 0.0207431 0.299565 0.395378 1.19988e-05 
0.229797 0.0426526 0.0574967 7.12817e-05 0.0422706 0.000170164 0.00783448 0.117036 0.0260279 0.476642 4.80371e-08 
0.0628164 0.0518568 0.0371517 1.48186e-05 0.0984632 0.000447741 0.0319758 0.00774631 0.220216 0.489312 5.51794e-09 
0.19225 0.0487037 0.00663355 0.00443121 0.00429408 0.000771058 0.0003378 0.0472224 0.175338 0.519962 5.60057e-05 
0.211909 0.0131767 0.0820341 0.000280573 0.0032394 0.00225044 0.0533095 0.0279793 0.18718 0.418636 4.9063e-06 
0.132336 0.0328061 0.23522 0.000377988 0.0236184 0.00151072 0.0536115 0.0177239 0.186467 0.316327 9.18547e-07 
0.171787 0.00769356 0.0666269 0.0250023 0.010079 0.00686244 0.00449267 0.0124897 0.122849 0.572106 1.03616e-05 
0.13113 0.112244 0.0508586 0.00510402 0.0694153 0.00304101 0.00827682 0.0129519 0.168011 0.437536 0.00143142 
0.22809 0.060128 0.0277172 0.00343411 0.109868 0.000203378 0.0131737 0.00189497 0.164111 0.391233 0.000147338 
0.0597298 0.0423919 0.0532277 5.97675e-05 0.0267573 0.00600069 0.000350752 0.00135367 0.0733388 0.736787 3.04044e-06 
0.293821 0.0672139 0.0104298 0.0051374 0.0173103 0.000259545 0.0117135 0.0081634 0.186011 0.399706 0.00023357 
0.00872466 0.0109305 0.311127 6.62468e-07 0.0190326 0.000838984 0.017276 0.0242972 0.0868739 0.520898 6.60285e-09 
0.01102 0.0242698 0.0219877 0.0013918 0.000167521 0.000254513 0.0252166 0.117364 0.0459219 0.654673 0.0977336 
0.233341 0.0342833 0.258294 9.98386e-05 3.90548e-05 0.00813975 0.00164979 0.0731052 0.111818 0.27916 6.9501e-05 
0.303539 0.00794047 0.00128847 5.73727e-06 0.00351048 2.76117e-06 0.000282013 8.50204e-05 0.00942472 0.673921 2.08366e-07 
0.170111 0.0137302 0.0217628 0.000146651 0.00138542 0.00934885 0.00133744 0.0377548 0.162841 0.581566 1.61417e-05 
0.273041 0.106645 0.00466109 0.0108242 0.00133003 6.35545e-05 0.00108042 0.0113744 0.269167 0.3208 0.00101296 
0.109169 0.05318 0.0514874 0.00705533 0.0201804 0.039654 0.0244221 0.0991658 0.269743 0.325374 0.000568441 
0.128322 0.00788363 0.0137083 3.02759e-05 0.00275962 0.000600383 0.00221116 0.00664793 0.252532 0.585287 1.70275e-05 
0.137923 0.0136794 0.0747274 9.73761e-06 0.00407065 0.00854999 0.0056729 0.0158973 0.354017 0.38544 1.28672e-05 
0.217497 0.0942529 0.0407757 0.00857005 0.0147491 0.0706144 6.03986e-05 0.0819425 0.158237 0.237901 0.0753997 
0.0519762 0.000661997 0.000212195 5.8975e-06 0.000418174 6.27091e-07 1.7136e-07 0.022821 0.0693699 0.854526 8.24989e-06 
0.0512534 0.0615343 0.0813389 0.00010531 0.00875082 0.0257962 0.00579055 0.12854 0.157532 0.445011 0.0343472 
0.00842022 0.000723028 0.105228 0.00170233 0.000166048 0.0014831 0.00129658 0.0296668 0.00767487 0.843639 3.53035e-09 
0.112209 0.0741319 0.116029 0.00614154 0.000676897 9.66007e-06 0.00308584 0.0942628 0.0201191 0.572147 0.00118762 
0.015333 0.0662175 0.086179 9.56257e-05 0.0595295 2.49901e-05 0.000140904 0.325339 0.0129911 0.434086 6.31058e-05 
0.00267331 0.0129463 0.0122892 0.00151044 0.0180662 0.000824526 0.00116625 0.00944166 0.190844 0.749901 0.000337779 
0.233931 0.0166306 0.0986108 2.91567e-05 0.0531698 0.00267469 0.00256008 0.00141424 0.16572 0.425249 1.03535e-05 
4.60564e-05 8.83189e-06 0.0185649 1.88977e-08 1.08929e-07 0.301052 0.0162512 0.0736777 0.00613605 0.556177 0.028086 
0.129527 0.051712 0.0102674 7.14906e-05 0.0498123 0.00356402 2.31081e-05 0.000676304 0.181937 0.414329 0.15808 
0.0931182 0.00566988 0.00277311 5.87174e-06 0.197287 0.00110248 0.00145681 0.000635276 0.189429 0.508522 1.3051e-07 
0.180099 0.161426 0.0447887 0.00225489 0.0499875 0.00798684 0.0174173 0.0248493 0.252752 0.257198 0.00124013 
0.0584396 0.176159 0.055255 0.00173617 0.0665829 0.0014487 0.000547385 0.00687455 0.165355 0.467404 0.00019751 
0.0190576 0.000562397 0.00209819 0.000258302 0.0114535 0.000134812 0.000145812 0.0269999 0.0300005 0.909288 1.16083e-06 
0.167827 0.00628574 0.0743919 2.78879e-05 0.0147255 0.00275522 0.00304298 0.0237118 0.222956 0.484274 2.18026e-06 
0.145971 0.0718283 0.0685378 0.00112998 0.132597 0.00129046 0.000367503 0.0245792 0.273976 0.278866 0.000856489 
0.0529489 0.190449 0.0393674 0.00798805 0.100419 0.00231702 0.019643 0.00649538 0.0281612 0.545198 0.00701329 
0.220576 0.047261 0.0172003 0.0176097 0.0645432 0.00218022 0.00086967 0.0202205 0.226322 0.382457 0.000760151 
0.11242 0.0199276 0.103957 0.000286444 0.0207093 0.000464355 0.00942698 0.210326 0.228633 0.285882 0.0079669 
0.200499 0.01785 0.0250404 0.000109826 0.141409 0.00244658 0.00134587 0.00235727 0.137468 0.471315 0.000159044 
0.0169947 0.231047 0.181514 0.00516329 6.53524e-07 0.00856007 0.0373187 0.114631 0.115696 0.283718 0.00535669 
0.0181522 0.0192452 0.0819555 0.000138162 0.0151568 0.0021379 0.00573751 0.362894 0.0635934 0.430988 5.95494e-07 
0.168048 0.00217414 0.197971 6.05043e-05 0.0691081 0.000251377 9.48026e-05 0.000270458 0.0392037 0.522816 1.16765e-06 
0.156755 0.0419238 0.0582497 0.00140608 0.0204233 0.0029275 0.0112197 0.0440943 0.296067 0.361849 0.00508512 
0.0486571 0.000622844 0.00752609 0.000245253 0.0026935 0.000357214 0.109729 0.285026 0.208104 0.337039 5.58932e-08 
0.0446097 0.0874075 0.015766 0.00600635 0.0210546 0.000278769 0.00138946 0.101105 0.00336467 0.713117 0.00590151 
0.132978 0.0118284 0.0513267 1.95096e-05 0.0190168 0.0100819 0.00881402 0.0115288 0.364124 0.390281 1.7672e-06 
0.00194589 0.00174268 0.269153 4.0845e-05 0.0175426 7.14005e-05 0.00169624 0.00182934 0.00409429 0.701884 3.1684e-10 
0.423345 0.00096901 0.013075 0.000133515 0.00110095 8.13425e-08 1.35095e-07 0.00101912 0.0736912 0.481395 0.00527186 
0.0591546 0.172627 0.0715749 0.000751731 0.0261736 0.00858011 0.00196152 0.0593618 0.193924 0.405178 0.000712187 
0.00842022 0.000723028 0.105228 0.00170233 0.000166048 0.0014831 0.00129658 0.0296668 0.00767487 0.843639 3.53035e-09 
0.100946 0.0247914 0.0218379 0.00149089 0.00256777 0.0119106 0.000495939 0.253335 0.0596331 0.522333 0.000658738 
0.0311816 0.00825072 0.204107 1.93803e-05 9.64698e-05 0.00677745 0.00997135 0.0105942 0.00954165 0.719418 4.18138e-05 
0.0180926 0.0848405 0.2176 0.00371622 0.00431972 0.0342378 0.00699568 0.116494 0.0686505 0.428299 0.0167542 
0.192947 0.0100167 0.00150987 9.63743e-05 0.00144462 0.00085074 0.00125651 0.203268 0.0715968 0.517009 3.60836e-06 
0.108405 0.0671029 0.0261613 0.0609935 0.0276001 0.000154826 0.0212515 0.071008 0.24335 0.373882 9.09274e-05 
0.0435763 0.147853 0.019745 0.00194762 0.0972227 1.73099e-05 0.00520928 0.010568 0.336406 0.336954 0.000501305 
0.000111687 5.33097e-05 1.56938e-05 0.0014311 0.000136711 1.70735e-07 7.40475e-08 0.0804897 0.00020839 0.917055 0.000497977 
0.0278178 0.0302034 0.00623378 0.000211709 0.00569589 4.14547e-08 0.000261161 0.00305989 0.300234 0.626282 5.00827e-09 
4.71709e-05 4.38727e-07 1.80143e-06 0.00332068 2.97378e-05 0.000228502 2.65597e-07 0.0182986 0.00112882 0.976944 7.19842e-10 
0.0289875 0.00255105 0.00545852 2.95669e-05 0.00741289 1.26467e-06 1.92005e-05 0.00365218 0.169834 0.781973 8.0859e-05 
0.176934 0.0157659 0.0343039 0.000162739 0.00790882 0.00104757 0.0261356 0.0683443 0.117078 0.551136 0.00118391 
0.0137663 0.00508442 0.0217287 5.2327e-06 0.00291521 0.000196188 0.00183073 0.00100167 0.387857 0.565606 7.96587e-06 
0.207874 0.185714 0.123278 0.00465269 0.000115013 0.0017298 0.00154064 0.0959332 0.022134 0.355404 0.00162498 
0.00516134 0.0255059 0.0330014 0.0014369 0.00235796 0.00310904 0.0014743 0.249841 0.00447081 0.436146 0.237496 
0.264972 0.0259753 0.0328872 0.000185816 0.0133863 0.00750094 0.0575621 0.0502478 0.210965 0.336312 5.22338e-06 
0.121929 0.225279 0.00310105 0.0127489 0.085099 1.79161e-05 0.000816338 0.00264902 0.0639267 0.484365 6.82099e-05 
0.0570265 0.101257 0.0708204 1.47018e-05 0.0201447 5.62858e-10 3.9803e-05 0.340138 0.0577759 0.352741 4.22797e-05 
0.0190576 0.000562397 0.00209819 0.000258302 0.0114535 0.000134812 0.000145812 0.0269999 0.0300005 0.909288 1.16083e-06 
0.0624883 0.245379 0.139671 0.0302369 0.00656139 0.017432 0.00648163 0.00603328 0.184265 0.301406 4.47372e-05 
4.71709e-05 4.38727e-07 1.80143e-06 0.00332068 2.97378e-05 0.000228502 2.65597e-07 0.0182986 0.00112882 0.976944 7.19842e-10 
0.0949453 0.0079589 0.0448015 1.42587e-06 0.0125754 3.20067e-05 0.000877422 1.78376e-05 0.253897 0.584893 5.34442e-08 
0.0536305 0.0448878 0.19258 0.000285644 0.0265619 0.000599317 0.00792273 0.218144 0.0835196 0.371824 4.52698e-05 
0.0828172 0.192451 0.120008 5.83456e-05 0.0351523 0.00137269 0.0777687 0.0342537 0.193759 0.262338 2.13074e-05 
0.0774 0.0438614 0.0185763 1.82524e-05 0.0697511 0.000137733 0.0047859 0.120672 0.213209 0.451492 9.57858e-05 
0.0016446 4.82538e-07 0.000200708 1.87887e-06 2.63182e-06 1.61693e-06 2.04388e-07 0.0122927 0.00164494 0.98421 5.38875e-07 
0.05379 0.107735 0.0102537 0.000344387 0.0145265 0.000226113 0.000542672 0.00714199 0.166376 0.638154 0.000910043 
0.0265002 0.0387446 0.0488928 3.25582e-06 0.000389013 0.0239947 0.00181721 0.0528265 0.0761219 0.719313 0.0113968 
0.217912 0.0599491 0.0221951 0.00360104 0.0282637 0.000174223 0.00112852 0.00711756 0.216953 0.442409 0.000297539 
0.0179175 0.105852 0.0321363 0.00128425 0.0395696 0.00556221 0.00648754 0.290689 0.0711418 0.329797 0.0995632 
0.0938498 0.0726431 0.0050126 0.00270658 0.00274175 4.67711e-05 0.000301857 0.0270594 0.146075 0.624074 0.0254889 
0.197051 0.00779755 0.137581 0.000230066 0.000784056 0.005149 0.00781614 0.204588 0.133361 0.305552 9.05033e-05 
0.0275157 0.0224749 0.0325297 0.000595636 0.0174322 0.00731422 0.0269272 0.0125066 0.0652387 0.780419 0.00704577 
0.0688892 0.128875 0.00811221 0.00606032 0.0161141 1.16968e-05 0.00477673 0.000968372 0.145158 0.621028 6.07116e-06 
0.0841346 0.10876 0.085099 0.00146392 0.0189525 0.0239055 0.00570702 0.0551638 0.197366 0.418713 0.000734663 
0.0432083 0.00519947 0.00843025 0.00287112 0.000219759 2.9383e-05 0.000229477 0.0535967 0.0579201 0.499377 0.328918 
0.0297113 0.0344676 0.0751196 0.00596593 0.00728884 0.0104794 0.151193 0.0334803 0.0674331 0.583555 0.00130604 
0.440147 0.00484408 0.000668314 6.20486e-05 0.00207855 4.49019e-06 5.52696e-05 0.00145285 0.0362385 0.514443 6.12602e-06 
0.000798554 0.000390745 0.00195142 1.44971e-05 6.90296e-06 2.44616e-05 9.30086e-05 0.000750429 0.00797683 0.987788 0.00020467 
0.000798554 0.000390745 0.00195142 1.44971e-05 6.90296e-06 2.44616e-05 9.30086e-05 0.000750429 0.00797683 0.987788 0.00020467 
4.71709e-05 4.38727e-07 1.80143e-06 0.00332068 2.97378e-05 0.000228502 2.65597e-07 0.0182986 0.00112882 0.976944 7.19842e-10 
0.197213 0.102502 0.0478204 0.00767487 0.0408629 0.00545057 0.00597611 0.0245156 0.102981 0.414823 0.0501815 
0.154273 0.149105 0.0879792 0.064392 0.0208021 0.0025043 0.0180314 0.0817653 0.132386 0.274072 0.0146894 
0.0306983 0.0109522 0.0305014 0.000671766 0.00263393 0.00308483 0.00340252 0.0132535 0.0639296 0.840834 3.78071e-05 
0.00652931 0.0902636 0.00892114 0.00414152 0.0992203 4.49024e-07 0.00247681 0.0487201 8.74811e-05 0.739355 0.000284285 
0.0845406 0.00711563 0.0373852 2.38152e-08 0.000139684 0.00152782 5.56421e-08 0.0347527 0.292639 0.541899 1.9249e-10 
0.133393 0.0638615 0.0844378 0.0134022 0.000601189 0.0338899 0.000172434 0.0169564 0.216378 0.433798 0.00310876 
0.232901 0.04188 0.00269989 4.15118e-08 0.00451943 3.57225e-08 4.58086e-08 0.00549023 0.130981 0.58143 9.90144e-05 
0.11521 0.192378 0.0475881 0.00231133 0.00393457 0.00314966 0.0515745 0.0227129 0.272621 0.288363 0.00015702 
0.289286 0.111887 0.0386586 0.00660721 0.0448758 0.000530372 0.0101546 0.0278313 0.097651 0.305522 0.0669952 
0.15399 0.0500897 0.0210022 0.000250548 0.0335333 0.00174175 0.00414341 0.0170251 0.188848 0.529373 3.45405e-06 
0.0548154 0.0321787 0.00314801 0.000101231 0.000188881 0.00232393 0.00374278 0.0555762 0.0797005 0.766955 0.00126952 
0.109754 0.0048975 0.0638148 1.85271e-05 0.0976078 9.46419e-05 0.000935045 0.0012487 0.258733 0.462896 4.98131e-08 
0.0248665 0.0239051 0.00231591 1.22307e-05 0.000989547 1.2413e-08 0.000158065 0.0626772 0.159531 0.725541 3.98596e-06 
0.237437 0.130164 0.0330213 1.21931e-05 0.0337455 0.000740294 0.00126657 0.263513 0.0150943 0.285004 1.52399e-06 
4.39726e-07 1.04936e-06 0.00100079 1.61066e-07 2.36442e-09 0.000910397 3.73315e-08 0.020965 7.63572e-07 0.977121 5.71785e-07 
0.0118035 0.0873309 0.0271343 8.54185e-05 0.000697884 0.00438739 0.00978001 0.134982 0.103818 0.550299 0.0696817 
0.217912 0.0599491 0.0221951 0.00360104 0.0282637 0.000174223 0.00112852 0.00711756 0.216953 0.442409 0.000297539 
0.0678915 0.061393 0.0430481 0.00461087 0.00950654 0.000437859 0.0720205 0.215896 0.170489 0.346241 0.00846549 
0.0664209 0.0486884 0.000645016 5.69845e-05 0.0067013 8.47053e-05 7.59085e-05 0.00657308 0.280519 0.590227 7.93668e-06 
0.0380053 0.00959451 0.0886513 4.40392e-05 0.0480613 0.00135216 0.00232213 0.335375 0.0875351 0.389059 4.05875e-07 
0.351058 0.00300112 0.0622513 0.0002731 0.0394751 0.000384535 0.0115361 0.00451797 0.126808 0.40069 3.73262e-06 
0.00219172 0.005313 0.0499101 0.00327146 0.00234701 1.71614e-05 2.44801e-05 0.0712013 0.0150499 0.843846 0.00682805 
0.15399 0.0500897 0.0210022 0.000250548 0.0335333 0.00174175 0.00414341 0.0170251 0.188848 0.529373 3.45405e-06 
0.393788 0.0149003 0.00149046 3.15932e-05 0.00182772 7.52665e-05 0.000303703 0.00294617 0.0407553 0.543867 1.43388e-05 
0.214877 0.0742115 0.051901 0.00324762 0.00176085 0.0327489 0.0068799 0.262951 0.0655934 0.285011 0.00081768 
0.37067 0.01047 0.0297297 0.000584141 0.0255473 0.00105882 0.00599064 0.0222932 0.0776217 0.456029 6.16522e-06 
0.301791 0.00880603 0.00183344 6.21976e-06 0.0040577 3.78066e-06 0.00207305 0.000117918 0.0109223 0.670388 3.49939e-07 
0.00076281 0.153321 0.153328 0.000762672 0.000762703 0.000762547 0.00076274 0.000762719 0.000762844 0.68725 0.000762297 
0.0413102 0.0618031 0.105597 7.84318e-05 0.0185911 0.000880695 0.0013369 0.2532 0.204671 0.288213 0.0243191 
0.146436 0.122819 0.031751 0.00288795 0.0206271 0.038676 0.000486937 0.104035 0.247476 0.280199 0.00460582 
0.113784 0.053908 0.00173048 5.32986e-05 0.00144422 4.0356e-05 1.32045e-05 0.0049799 0.221493 0.602493 6.02678e-05 
0.245197 2.80376e-05 0.0013733 0.000160921 9.75697e-05 8.00526e-06 1.94106e-06 0.0593255 0.0289655 0.664841 1.44268e-06 
0.120698 0.00692917 0.00730703 0.000423275 0.00115983 5.01394e-05 0.00211901 0.0503161 0.117158 0.693122 0.000717764 
0.0487213 0.0890575 0.0197482 0.113623 0.00204925 0.0283179 0.00175005 0.0961397 0.018293 0.582289 1.09876e-05 
0.113254 0.0663722 0.317917 0.0697015 0.000488163 0.00377077 0.00610454 0.0213374 0.00163159 0.399422 4.84061e-07 
0.0970539 9.34774e-07 0.0680008 6.3886e-11 0.336624 0.0165472 0.000444553 0.000922469 0.137512 0.342894 1.74002e-10 
0.0113434 0.00384423 0.0115355 7.37282e-05 0.292442 0.000221386 3.3268e-06 0.131396 0.0805972 0.468409 0.000133989 
0.287569 0.0549619 0.0185958 0.00332347 0.0607371 0.000200732 0.0025399 0.00291306 0.205781 0.357607 0.00577144 
0.232961 0.00602792 0.0439982 7.321e-06 0.0220716 0.000193535 0.00921072 0.00423612 0.305309 0.375969 1.52182e-05 
0.037664 0.0504229 0.0242478 0.00412562 0.000631156 0.00159579 0.0104926 0.128553 0.302524 0.439274 0.000468 
0.0368605 0.0509259 0.0180339 2.17723e-05 0.0434419 4.5745e-06 5.61495e-05 0.024693 0.37098 0.454794 0.000188304 
0.133103 0.0156045 0.230117 3.31646e-06 0.262309 7.461e-05 0.00619173 0.00464946 0.0722447 0.275702 3.77289e-08 
0.0333259 0.128926 0.145239 0.00688605 0.0318267 0.00919503 0.0142635 0.0636063 0.107329 0.4456 0.0138024 
0.213398 0.0481228 0.0826062 0.0183251 0.00607895 0.0133667 0.00350808 0.176737 0.204738 0.232573 0.000547287 
0.0551592 0.157422 0.0142262 0.000726204 0.0127228 0.000861295 0.000222979 0.143668 0.215171 0.399815 6.26951e-06 
0.00842022 0.000723028 0.105228 0.00170233 0.000166048 0.0014831 0.00129658 0.0296668 0.00767487 0.843639 3.53035e-09 
0.00514087 4.35075e-05 0.0381586 0.00108214 3.91609e-08 0.000234567 0.00911009 0.0749089 0.0266889 0.526147 0.318486 
0.254335 0.0123877 0.0438647 0.000845865 0.00659092 0.000770632 0.0155929 0.0438831 0.270135 0.351233 0.000360954 
0.0917778 0.0106339 0.0413357 7.11528e-05 0.00682462 0.00201875 0.00288178 0.19874 0.122886 0.522744 8.67631e-05 
0.179869 0.00456055 0.0172954 1.58944e-07 0.00221694 0.005887 4.46193e-08 0.107012 0.0787462 0.604412 4.07286e-08 
0.0413415 0.169295 0.0130362 0.0134422 0.0217235 9.16721e-05 0.000802974 0.0292384 0.0309296 0.557284 0.122815 
4.71709e-05 4.38727e-07 1.80143e-06 0.00332068 2.97378e-05 0.000228502 2.65597e-07 0.0182986 0.00112882 0.976944 7.19842e-10 
0.0172805 0.391577 0.0099793 0.000240151 0.0657103 4.93795e-05 0.0136487 0.00146996 0.0654863 0.434536 2.21196e-05 
0.103481 0.0219818 0.00963345 0.000562842 0.000168787 0.000364965 0.0143967 0.118627 0.258334 0.47238 6.96222e-05 
0.00842022 0.000723028 0.105228 0.00170233 0.000166048 0.0014831 0.00129658 0.0296668 0.00767487 0.843639 3.53035e-09 
8.39485e-05 0.00730596 0.171018 1.49864e-06 0.034882 0.00509424 0.100337 0.0982177 0.149188 0.423634 0.0102369 
0.000798554 0.000390745 0.00195142 1.44971e-05 6.90296e-06 2.44616e-05 9.30086e-05 0.000750429 0.00797683 0.987788 0.00020467 
0.000325337 0.00545164 0.000522167 3.37883e-05 0.000452221 0.000241062 0.000228567 0.00237385 0.0053749 0.984176 0.000820602 
0.00313779 0.00111573 0.233043 0.000142591 1.62788e-08 0.229785 0.0109033 0.0262584 0.000358757 0.495247 7.24557e-06 
0.000831471 0.301978 8.05772e-05 4.39095e-07 3.76618e-07 6.90675e-07 2.99544e-07 0.00125722 0.000689213 0.695161 1.19593e-06 
0.114893 0.153103 0.0473804 0.00125671 0.000677746 0.00814498 0.0124792 0.156525 0.201563 0.302378 0.00159958 
0.085797 0.121727 0.119786 0.00798727 0.00342533 9.00247e-07 0.0214299 0.170642 0.132389 0.336816 5.98693e-10 
0.251192 0.0210083 0.227738 0.00126991 0.0191887 0.0317175 0.0124164 0.0154703 0.0503681 0.369622 9.37386e-06 
0.0905741 0.0811411 0.0648183 0.00712117 0.211759 0.00342235 0.0411517 0.0327806 0.165859 0.298863 0.00251056 
0.23683 0.0122192 0.0109675 0.00225574 0.0185004 0.000650148 0.0305655 0.0788831 0.011067 0.309886 0.288175 
0.00842022 0.000723028 0.105228 0.00170233 0.000166048 0.0014831 0.00129658 0.0296668 0.00767487 0.843639 3.53035e-09 
1.40272e-07 0.0126993 0.293065 6.62623e-05 0.0262391 0.00029053 0.137307 0.19241 2.39847e-06 0.337921 3.68255e-10 
0.0262162 0.0137858 0.00352109 0.000719926 0.00323391 0.022641 0.00466417 0.291048 0.229569 0.404601 1.33819e-07 
0.0359092 0.000621171 0.000467933 2.07077e-05 0.000653502 7.33388e-09 2.91414e-06 0.0146706 0.0776193 0.870035 4.81468e-09 
0.0910666 0.220869 0.117807 0.000227527 0.00711629 0.00643837 0.00756726 0.161913 0.132326 0.254477 0.000191221 
