0.240299 0.0247724 0.0372257 0.000179607 0.00948677 0.0029187 0.011129 0.037913 0.138877 0.497198 8.00719e-07 
0.0340411 0.00725127 0.00407156 5.93922e-05 0.000649096 0.000144713 0.000971617 0.111411 0.0585202 0.782803 7.77178e-05 
0.00516134 0.0255059 0.0330014 0.0014369 0.00235796 0.00310904 0.0014743 0.249841 0.00447081 0.436146 0.237496 
0.0887987 0.115573 0.0233561 0.0298675 0.0425415 0.000631541 0.000330045 0.0317565 0.0721445 0.594847 0.000154487 
0.19225 0.0487037 0.00663355 0.00443121 0.00429408 0.000771058 0.0003378 0.0472224 0.175338 0.519962 5.60057e-05 
0.0213053 0.0286081 0.00129829 9.11584e-05 0.0185128 2.87793e-07 3.83368e-05 0.000931427 0.048995 0.880216 3.62929e-06 
0.0650041 0.01177 0.0253853 2.90143e-05 0.0064778 0.0018318 0.00281152 0.0216513 0.259431 0.604338 0.00127032 
0.0435038 0.0965381 0.028054 0.00274389 0.106853 0.00137645 0.000441555 0.00220362 0.0521251 0.666158 2.56137e-06 
1.37771e-06 0.133791 2.83443e-05 1.65595e-06 0.0260796 5.66122e-10 0.000221636 0.260182 2.35626e-05 0.579671 9.80263e-10 
0.0292896 0.204385 0.0596511 0.000807252 0.00255416 0.00742893 7.30856e-05 0.0372602 0.207209 0.451331 1.05252e-05 
0.0360093 0.0048966 0.000252531 1.06984e-06 0.00297783 0.000602664 0.00101154 0.087832 0.0266653 0.839743 8.56816e-06 
0.000348987 0.0335554 2.26373e-05 1.79068e-05 1.9365e-05 9.87259e-05 1.82252e-06 0.0237479 0.0220385 0.920134 1.52592e-05 
0.0713267 0.0245326 0.00703023 0.0157383 0.00666735 0.000275108 0.000367875 0.0525988 0.0549514 0.58924 0.177271 
0.113053 0.0213613 0.153788 0.0397676 0.0243886 0.0100471 0.00987695 0.169187 0.136376 0.321777 0.000377132 
0.208985 0.0771743 0.05244 7.66714e-05 0.00491699 0.00826469 0.00927232 0.0150185 0.21214 0.411246 0.000465086 
0.00652931 0.0902636 0.00892114 0.00414152 0.0992203 4.49024e-07 0.00247681 0.0487201 8.74811e-05 0.739355 0.000284285 
0.0441529 0.00208874 0.00475918 4.86179e-06 0.134208 2.26318e-06 0.00273731 6.26654e-05 0.0794449 0.732511 2.77967e-05 
0.0442242 0.0115533 0.0215607 0.0077862 9.09779e-05 0.000583375 0.055313 0.195061 0.159243 0.504235 0.000348943 
0.0699516 0.0609822 0.0103327 0.000373095 0.00916043 0.00034281 0.0190823 0.00131707 0.355045 0.393551 0.0798615 
0.0434871 0.00528251 0.000666292 2.06044e-05 0.00119437 0.000213801 0.000154204 0.0278233 0.151826 0.769219 0.000112247 
0.214897 0.0214003 0.0206975 0.00519097 0.0346921 0.00242984 0.00148541 0.00587082 0.173326 0.51995 6.02951e-05 
0.0157896 0.00925152 0.02267 5.69178e-05 0.00208038 6.47309e-09 0.00106921 0.0089645 0.190679 0.749439 1.94756e-08 
0.00687631 0.00285245 0.00373856 0.000381174 0.0889224 0.000142644 0.000525328 0.0123687 0.0579309 0.821179 0.00508279 
0.15399 0.0500897 0.0210022 0.000250548 0.0335333 0.00174175 0.00414341 0.0170251 0.188848 0.529373 3.45405e-06 
0.15399 0.0500897 0.0210022 0.000250548 0.0335333 0.00174175 0.00414341 0.0170251 0.188848 0.529373 3.45405e-06 
0.0473112 0.00924299 0.0376438 0.00321198 0.000308402 0.00269794 0.001089 0.386211 0.0658531 0.446088 0.000343285 
0.0650041 0.01177 0.0253853 2.90143e-05 0.0064778 0.0018318 0.00281152 0.0216513 0.259431 0.604338 0.00127032 
0.0516475 0.0181547 0.0449607 0.000589254 0.00520195 6.09319e-05 0.00095363 0.279529 0.0344002 0.563842 0.000659637 
0.0355846 0.1286 0.110098 0.0319035 0.00690896 0.00110379 0.00030349 0.0339636 0.0567543 0.594323 0.000456947 
0.198247 0.0333496 0.00105933 1.93366e-07 0.00129283 0.0020893 5.48479e-06 0.00232912 0.0642664 0.697361 4.93316e-08 
0.344996 0.00929203 0.0825543 1.96316e-05 0.00503667 7.43342e-05 0.0272986 0.00873276 0.169044 0.352947 5.18196e-06 
0.23683 0.0122192 0.0109675 0.00225574 0.0185004 0.000650148 0.0305655 0.0788831 0.011067 0.309886 0.288175 
0.00842022 0.000723028 0.105228 0.00170233 0.000166048 0.0014831 0.00129658 0.0296668 0.00767487 0.843639 3.53035e-09 
0.00102894 0.000610828 0.00213805 1.7271e-05 3.27948e-05 2.96606e-05 0.000106838 0.00082404 0.00893735 0.985883 0.000391166 
0.0774131 0.0613995 0.0608016 0.000200168 0.00726363 0.00203314 0.00308416 0.0122762 0.308954 0.466027 0.000547561 
0.0121908 0.0617315 0.219087 0.00684173 0.0352546 0.00245817 0.000564268 0.124385 0.186741 0.350745 2.06197e-06 
0.00241296 0.0126193 0.000518479 0.000168529 0.0019292 1.39606e-05 6.22828e-05 0.00187479 0.234886 0.745514 2.93697e-09 
0.227148 0.0032827 0.00803647 2.09881e-05 0.0028846 0.000923184 0.00617751 0.00985925 0.340354 0.401313 1.06668e-06 
0.132287 0.0484773 0.0913384 3.56188e-05 0.0221174 0.0346446 0.00937882 0.12459 0.21927 0.317816 4.49002e-05 
0.00790993 0.106355 0.283778 0.116465 1.79516e-07 3.07055e-10 1.72167e-05 0.0781285 0.04538 0.361929 3.81956e-05 
0.25188 0.0417623 0.0541965 0.000104802 0.00881975 0.000107152 0.0114861 0.00853734 0.196484 0.426539 8.33874e-05 
0.137923 0.0136794 0.0747274 9.73761e-06 0.00407065 0.00854999 0.0056729 0.0158973 0.354017 0.38544 1.28672e-05 
0.00771876 0.0427485 0.0212827 0.000176918 0.000657445 0.000987965 0.000500126 0.166486 0.161504 0.597938 1.22631e-07 
0.0878834 0.0197311 0.241353 6.55067e-07 0.00250536 0.000233058 0.00166317 0.174443 0.0444884 0.426804 0.000894586 
0.016726 0.0667664 0.00433749 0.000764372 0.246711 0.000714118 0.000250532 0.00141895 0.0569311 0.481871 0.123509 
0.23965 0.134831 0.00139161 0.000565647 0.000237278 6.00374e-05 0.00316556 0.0150405 0.18607 0.418927 6.0955e-05 
0.0712203 0.028002 0.0659177 0.003249 0.240024 0.00128088 0.000333107 0.0251486 0.0331251 0.477812 0.0538867 
0.00842022 0.000723028 0.105228 0.00170233 0.000166048 0.0014831 0.00129658 0.0296668 0.00767487 0.843639 3.53035e-09 
0.0774131 0.0613995 0.0608016 0.000200168 0.00726363 0.00203314 0.00308416 0.0122762 0.308954 0.466027 0.000547561 
0.393788 0.0149003 0.00149046 3.15932e-05 0.00182772 7.52665e-05 0.000303703 0.00294617 0.0407553 0.543867 1.43388e-05 
0.20465 0.101284 0.00293306 0.00728277 0.000775711 9.73482e-05 0.000708749 0.0365287 0.15708 0.486409 0.00225135 
0.238565 0.00384084 0.0199221 6.95334e-05 0.153207 1.05917e-07 0.0221831 0.00695226 0.130811 0.424449 1.27996e-08 
0.108467 0.077228 0.118675 2.92404e-05 0.00646133 0.000593373 0.0120563 0.107031 0.203377 0.366018 6.25561e-05 
0.141675 0.0405 0.0620876 0.00103125 0.0184188 0.00215787 0.0241609 0.011596 0.120204 0.576275 0.00189326 
0.138855 0.0386421 0.0245786 0.000835204 0.119539 0.00282521 0.0261629 0.00969579 0.24211 0.396719 3.82342e-05 
0.299766 0.0222833 0.0485267 1.16058e-05 0.0130528 1.08306e-08 4.69719e-09 0.0904802 0.154264 0.371604 1.1204e-05 
0.0307471 0.00063969 0.00995592 6.36077e-06 0.00302464 0.00128637 0.00303291 0.00104353 0.0466511 0.903612 2.72547e-09 
0.00842022 0.000723028 0.105228 0.00170233 0.000166048 0.0014831 0.00129658 0.0296668 0.00767487 0.843639 3.53035e-09 
0.219723 0.0245005 0.00846917 4.48185e-06 0.0326724 0.00032044 0.00632611 0.00785053 0.300494 0.392121 0.00751764 
0.255032 0.0338175 0.0121797 0.000176725 0.0113766 0.000151112 0.00734696 0.0127781 0.129215 0.53777 0.000156535 
0.0271934 0.387835 0.011557 0.00234491 0.0776124 5.20043e-05 0.00104041 0.0646576 0.0392133 0.388481 1.40254e-05 
0.15399 0.0500897 0.0210022 0.000250548 0.0335333 0.00174175 0.00414341 0.0170251 0.188848 0.529373 3.45405e-06 
0.022537 0.0418508 0.0351217 5.85146e-06 0.0626801 0.00287446 7.13634e-06 0.00443431 0.263254 0.563915 0.00331986 
0.0211372 0.0990561 0.187473 1.43462e-05 8.18316e-05 8.22577e-07 0.00111802 0.147851 0.195886 0.347353 2.93954e-05 
0.0872603 0.0349635 0.0646961 8.48368e-05 0.130928 0.00184381 0.0394099 0.0903602 0.252245 0.2977 0.000508341 
0.0307973 0.0234911 0.0934043 0.000178337 0.000981494 0.000148498 0.00023189 0.0225769 0.407011 0.42118 6.85321e-09 
0.1197 0.0147387 0.161631 8.51817e-05 0.20746 0.0267145 0.0678705 0.00418739 0.155387 0.242063 0.000163433 
4.71709e-05 4.38727e-07 1.80143e-06 0.00332068 2.97378e-05 0.000228502 2.65597e-07 0.0182986 0.00112882 0.976944 7.19842e-10 
0.0984975 0.13833 0.032357 0.0118747 0.0234384 0.000488485 0.0277566 0.0872374 0.208607 0.371374 3.84841e-05 
0.0685341 0.121537 0.0278178 0.00475104 0.0397714 0.000335506 0.000276514 0.218559 0.104325 0.370254 0.0438388 
0.3089 0.0965125 0.00535369 0.0173577 0.00111308 7.83609e-05 0.00532805 0.045098 0.0743975 0.445136 0.000725391 
0.00516134 0.0255059 0.0330014 0.0014369 0.00235796 0.00310904 0.0014743 0.249841 0.00447081 0.436146 0.237496 
0.213682 0.0255292 0.068153 2.19506e-06 0.00306336 0.00407053 4.24436e-05 0.195934 0.172303 0.31722 7.66345e-07 
0.393316 0.00332839 0.0228177 4.52212e-09 0.0221884 1.53038e-08 0.000525034 1.44032e-05 0.159429 0.398363 1.69181e-05 
0.122302 0.0652119 0.0875406 0.000263958 0.0275679 0.0117597 0.00244658 0.185214 0.229898 0.265614 0.00218208 
0.251192 0.0210083 0.227738 0.00126991 0.0191887 0.0317175 0.0124164 0.0154703 0.0503681 0.369622 9.37386e-06 
0.232641 0.000286414 0.200833 1.20777e-07 0.0529927 0.00471433 0.00821222 0.00012445 0.139734 0.360461 3.00557e-09 
0.00842022 0.000723028 0.105228 0.00170233 0.000166048 0.0014831 0.00129658 0.0296668 0.00767487 0.843639 3.53035e-09 
0.000798554 0.000390745 0.00195142 1.44971e-05 6.90296e-06 2.44616e-05 9.30086e-05 0.000750429 0.00797683 0.987788 0.00020467 
0.12597 0.053903 0.069063 0.0590197 0.00144867 0.0401881 0.0103689 0.254394 0.12339 0.26201 0.000244679 
0.203263 0.0430658 0.0366198 0.00502814 0.00301709 0.000574203 0.0245239 0.0570649 0.153012 0.441657 0.0321742 
0.116007 0.0869432 0.0320056 0.00776375 0.0116623 0.00239419 0.00225604 0.289522 0.0908578 0.359653 0.00093581 
0.0198037 0.0175224 0.0016694 2.26949e-05 0.0029055 6.83686e-05 0.000115636 0.00356587 0.333656 0.62067 6.80708e-07 
0.0891458 0.035259 0.073663 0.000206401 0.0342323 0.0155872 0.0725648 0.147704 0.223623 0.305053 0.00296078 
0.240299 0.0247724 0.0372257 0.000179607 0.00948677 0.0029187 0.011129 0.037913 0.138877 0.497198 8.00719e-07 
0.158957 0.000222171 0.0263446 2.54272e-05 0.000620105 0.0259271 0.00384218 0.0415389 0.137684 0.604198 0.000639915 
0.15399 0.0500897 0.0210022 0.000250548 0.0335333 0.00174175 0.00414341 0.0170251 0.188848 0.529373 3.45405e-06 
0.00436207 0.0178955 0.0443225 5.96172e-06 0.0149115 0.000950159 2.55106e-05 0.173184 0.0788478 0.665494 6.46331e-07 
0.0802877 0.0806806 0.0409731 6.86802e-05 0.186259 0.000162921 0.0101132 0.00935101 0.152002 0.432235 0.00786612 
0.0585541 0.0199435 0.190286 0.0017932 0.0100376 0.00273215 0.198824 0.0498464 0.0750216 0.392919 4.21906e-05 
0.00936576 0.0692531 0.0118358 0.00257001 0.122037 0.000420373 0.0085731 0.0613749 0.100891 0.612487 0.00119113 
0.00516134 0.0255059 0.0330014 0.0014369 0.00235796 0.00310904 0.0014743 0.249841 0.00447081 0.436146 0.237496 
0.0481096 0.00341707 0.0277502 0.000165289 5.9313e-05 5.04816e-06 8.54603e-05 0.390085 0.0152235 0.51471 0.000388999 
0.122724 0.0262006 0.172833 6.96828e-06 0.179783 0.0028074 0.00526581 0.00218576 0.0880371 0.400156 5.95804e-08 
0.0587466 0.00900276 0.0918773 0.000884311 0.00431739 0.0442389 0.000840384 0.0343782 0.0877265 0.614699 0.0532882 
0.2087 0.00618961 0.0107908 4.63352e-05 0.0666283 0.000587676 0.00947138 0.00666345 0.0768327 0.614087 2.51714e-06 
0.0813256 0.0301056 0.124987 0.000204607 0.151002 0.0287773 0.00112329 0.209569 0.0628131 0.310058 3.39912e-05 
0.00293681 0.00553275 0.0864449 0.00663698 0.00540869 0.00462102 0.00264321 0.264918 0.0924462 0.451161 0.0772505 
0.144343 0.2388 0.0748971 1.01873e-06 0.00644571 0.000883329 0.00574825 0.0639386 0.190076 0.272509 0.00235754 
0.00011303 0.00134652 0.253462 2.59243e-05 5.38102e-06 2.15401e-05 4.27759e-06 0.0260458 0.26822 0.450738 1.80799e-05 
2.11452e-05 0.00125619 0.000142872 2.5968e-07 0.0038713 2.13869e-06 1.30551e-06 0.0803341 4.30708e-05 0.914327 4.00896e-07 
0.399728 0.00613401 0.00972247 3.04239e-05 0.0114315 0.00180011 0.0158733 0.000336071 0.112405 0.442535 4.47718e-06 
0.0553862 0.00771938 0.0228007 0.000872294 0.0797019 0.00772315 0.000359506 0.031653 0.0822787 0.711489 1.62192e-05 
0.210506 0.0124291 0.0806524 0.011005 0.0109998 0.00207677 0.0143366 0.00776657 0.317675 0.331114 0.0014394 
0.151749 0.0964432 0.00877403 0.12318 0.00468659 0.154708 0.00252831 0.0660121 0.0676978 0.284496 0.0397259 
0.00723744 0.0843352 0.036058 0.00438458 0.121479 5.08041e-05 0.00232472 0.0494715 0.000379986 0.693968 0.000310348 
0.0619253 0.00128176 0.00718927 9.32143e-05 0.00292969 0.000315362 2.04052e-08 0.00593307 0.22446 0.695872 4.31873e-09 
0.105504 0.14694 0.0271543 0.00170746 0.0324371 0.00765462 0.00795401 0.0270929 0.198686 0.407873 0.0369969 
0.0301844 0.0154886 0.0236976 0.000134783 0.242712 4.7674e-05 0.00106821 0.00562338 0.0285761 0.652162 0.000305763 
0.0231746 0.045316 0.080795 0.000279272 0.00990934 0.0232342 0.00276187 0.181387 0.0620012 0.571119 2.24097e-05 
0.0938253 0.0477381 0.135662 0.0002916 0.0350113 0.00142842 0.0031229 0.263979 0.0841662 0.334385 0.000390508 
0.0272304 0.0226618 0.0135897 0.00177135 0.00415226 9.68944e-06 0.00511138 0.0730655 0.0164094 0.66002 0.175979 
0.184103 8.67524e-05 2.57084e-05 0.00937278 7.0802e-05 7.94896e-05 5.84455e-09 2.9888e-05 0.0418416 0.764384 5.65207e-06 
0.163073 0.0763031 0.0790802 0.00245194 0.0246413 0.00897385 0.000332787 0.101599 0.244962 0.294849 0.00373399 
0.137201 0.0231645 0.000549302 0.00392823 0.00322183 0.000143378 0.000421408 0.190202 0.0674628 0.573475 0.000231226 
0.0183006 0.245127 0.0259061 0.00135603 0.00531841 0.000659774 0.0444509 0.139056 0.147057 0.335189 0.0375791 
0.123084 0.0578765 0.0561099 0.00014366 0.0237631 0.0010182 0.000140753 0.052114 0.104743 0.580986 2.14803e-05 
0.00137227 0.00454537 0.0421422 0.000452156 0.0274792 6.39744e-05 2.6287e-11 0.242115 0.182706 0.498755 0.000368956 
0.0174743 0.07029 2.23244e-05 0.0224386 0.0156888 1.20351e-05 2.48856e-05 0.000248082 0.37149 0.502309 1.79939e-06 
0.0497693 0.147609 0.0447123 0.00141637 0.00385621 0.00172282 0.00649316 0.0178162 0.226111 0.50037 0.00012301 
0.0875719 0.108576 0.103212 7.52726e-05 0.00931498 0.00218827 0.00375305 0.0224201 0.239512 0.421413 0.00196403 
0.0240785 0.00577844 0.020081 9.40964e-12 0.00980946 0.00223722 3.85783e-05 0.000185175 0.0319496 0.905842 2.56284e-11 
0.0308271 0.11265 0.0828597 0.000651282 0.0444817 0.00936865 0.00700024 0.102416 0.132288 0.471245 0.00621232 
0.00652931 0.0902636 0.00892114 0.00414152 0.0992203 4.49024e-07 0.00247681 0.0487201 8.74811e-05 0.739355 0.000284285 
0.245314 0.0394339 0.0447217 0.0113366 0.0297567 0.0210906 0.0244439 0.0498056 0.252418 0.28163 4.91895e-05 
0.0505864 0.0349428 0.212044 0.000695362 0.00491876 0.00280181 0.217136 0.12841 0.0377423 0.248939 0.0617836 
0.198657 0.0754723 0.017158 0.000318621 0.00268202 0.0030637 0.00432863 0.0774535 0.272631 0.348137 9.85976e-05 
0.236826 0.127487 0.0185061 9.1779e-07 0.0377284 8.49657e-05 0.000652899 0.045913 0.222391 0.298717 0.0116941 
0.144251 0.0213917 0.0290211 0.00308755 0.00702035 0.000953891 0.00504119 0.0387344 0.240985 0.503978 0.00553537 
0.121019 0.0554376 0.0278765 0.0169774 0.00317537 0.000347858 0.0299421 0.0522852 0.170211 0.522673 5.4792e-05 
0.0016446 4.82538e-07 0.000200708 1.87887e-06 2.63182e-06 1.61693e-06 2.04388e-07 0.0122927 0.00164494 0.98421 5.38875e-07 
0.0493472 8.92457e-06 0.0143823 1.68775e-07 0.023062 0.000177024 1.46663e-05 0.290781 0.0285403 0.593686 2.76228e-07 
0.294923 0.0352305 0.0239691 0.000130111 0.0262463 0.00160894 0.00816913 0.0157969 0.182741 0.411172 1.33801e-05 
0.00496987 0.0287587 0.000532641 1.5173e-05 0.317545 2.69142e-07 1.67933e-07 0.00755054 0.200939 0.439689 7.3905e-08 
0.00865832 0.132487 0.00868376 0.00222762 0.00223396 0.000402003 0.00100988 0.132543 0.0466606 0.41048 0.254614 
0.137265 0.0121449 0.189966 0.00106101 0.0163191 0.0773486 0.00623004 0.0984747 0.0426139 0.418509 6.68057e-05 
0.0887056 0.0392397 0.0197661 0.000159685 0.00476881 0.0254035 0.000441653 0.128517 0.224939 0.467987 7.13248e-05 
0.255258 0.00892983 0.0186916 3.46077e-05 0.292948 0.00276625 0.0319462 0.00171412 0.0808981 0.306795 1.8193e-05 
0.0392467 0.0573339 0.0468542 0.000750768 0.0197177 8.42597e-05 0.000602772 0.112577 0.275765 0.444952 0.00211595 
2.11452e-05 0.00125619 0.000142872 2.5968e-07 0.0038713 2.13869e-06 1.30551e-06 0.0803341 4.30708e-05 0.914327 4.00896e-07 
0.00652931 0.0902636 0.00892114 0.00414152 0.0992203 4.49024e-07 0.00247681 0.0487201 8.74811e-05 0.739355 0.000284285 
0.19225 0.0487037 0.00663355 0.00443121 0.00429408 0.000771058 0.0003378 0.0472224 0.175338 0.519962 5.60057e-05 
0.00699814 0.0644227 0.0845338 0.00168951 0.0551674 0.0164831 8.04218e-07 0.199119 0.143332 0.415472 0.0127805 
0.00194589 0.00174268 0.269153 4.0845e-05 0.0175426 7.14005e-05 0.00169624 0.00182934 0.00409429 0.701884 3.1684e-10 
0.197051 0.00779755 0.137581 0.000230066 0.000784056 0.005149 0.00781614 0.204588 0.133361 0.305552 9.05033e-05 
0.170111 0.0137302 0.0217628 0.000146651 0.00138542 0.00934885 0.00133744 0.0377548 0.162841 0.581566 1.61417e-05 
0.0559842 0.0312656 0.00285686 0.000297109 0.00543836 0.000163043 0.00203927 0.00943195 0.315981 0.576174 0.000368924 
0.137923 0.0136794 0.0747274 9.73761e-06 0.00407065 0.00854999 0.0056729 0.0158973 0.354017 0.38544 1.28672e-05 
0.174477 0.129148 0.0642281 0.144518 0.0487865 0.078601 5.70967e-05 0.00425049 0.10339 0.25235 0.000194395 
0.192458 0.033942 0.147995 3.967e-06 0.0655467 0.00263723 0.00713375 0.0725557 0.214029 0.263697 2.00685e-06 
0.152869 0.0466013 0.0776451 2.43068e-06 0.107661 7.03336e-06 0.0130252 0.000680124 0.221785 0.379721 2.04166e-06 
0.207001 0.106436 0.0482771 6.6473e-06 0.00147445 0.0722791 5.5461e-05 0.00624164 0.206879 0.350941 0.000408918 
0.0439674 0.0441129 0.0430797 0.000455771 0.00391926 0.000237995 0.0341852 0.167584 0.28171 0.377133 0.00361504 
0.0416403 0.0301642 0.00805992 5.60487e-05 0.00658296 3.98287e-05 2.48969e-05 0.144956 0.121655 0.527591 0.119229 
0.00842022 0.000723028 0.105228 0.00170233 0.000166048 0.0014831 0.00129658 0.0296668 0.00767487 0.843639 3.53035e-09 
0.121986 0.0918919 0.0251684 0.0151241 0.0336528 0.00267746 0.0399172 0.0159672 0.101706 0.529586 0.0223219 
0.377155 0.0135072 0.0470146 0.000141986 0.00820252 0.000200416 0.0109914 0.024105 0.0805008 0.438162 1.8969e-05 
0.0879186 0.232035 0.0608471 0.000150168 1.86922e-07 0.0012774 0.000975588 0.0528997 0.164682 0.399214 3.9672e-08 
0.149731 0.0962018 0.00841779 0.123821 0.00451162 0.157428 0.00277562 0.0659831 0.0662116 0.280221 0.0446981 
0.0332321 0.000409699 0.0257802 0.00302449 7.98186e-05 0.000819876 0.0531508 0.110411 0.0997668 0.673299 2.68191e-05 
0.0181522 0.0192452 0.0819555 0.000138162 0.0151568 0.0021379 0.00573751 0.362894 0.0635934 0.430988 5.95494e-07 
0.0486799 0.0337947 0.0843531 0.00539784 0.00288247 0.0083192 0.167185 0.0291183 0.051985 0.567175 0.0011091 
0.0180105 0.0125151 0.0990623 0.00115284 0.000229812 0.00953388 0.10699 0.0501514 0.0453378 0.473844 0.183172 
0.0446097 0.0874075 0.015766 0.00600635 0.0210546 0.000278769 0.00138946 0.101105 0.00336467 0.713117 0.00590151 
0.0448845 0.0360869 0.00970804 0.000177589 0.000912304 0.000437611 0.000300576 0.231976 0.237544 0.428379 0.00959275 
0.15399 0.0500897 0.0210022 0.000250548 0.0335333 0.00174175 0.00414341 0.0170251 0.188848 0.529373 3.45405e-06 
0.00194589 0.00174268 0.269153 4.0845e-05 0.0175426 7.14005e-05 0.00169624 0.00182934 0.00409429 0.701884 3.1684e-10 
0.423345 0.00096901 0.013075 0.000133515 0.00110095 8.13425e-08 1.35095e-07 0.00101912 0.0736912 0.481395 0.00527186 
0.156534 0.0232361 0.0153569 0.00359096 0.0417843 0.00238621 0.0109365 0.0407593 0.141395 0.56398 4.09232e-05 
0.171355 0.0416763 0.00575331 1.49531e-05 0.00428128 0.000168014 0.00119574 0.00189526 0.160821 0.612657 0.00018256 
0.00842022 0.000723028 0.105228 0.00170233 0.000166048 0.0014831 0.00129658 0.0296668 0.00767487 0.843639 3.53035e-09 
0.25956 0.00363704 0.00479793 2.58052e-05 0.00353782 2.21499e-05 0.00665441 0.000423018 0.0461851 0.675155 1.51215e-06 
0.100946 0.0247914 0.0218379 0.00149089 0.00256777 0.0119106 0.000495939 0.253335 0.0596331 0.522333 0.000658738 
0.171405 0.21468 0.0874503 0.000999899 0.00475562 0.000293178 0.059213 0.104649 0.0556623 0.296361 0.00453136 
0.111235 0.0157422 0.00896245 6.75706e-05 0.0133468 0.00030514 0.000806739 0.00114993 0.36713 0.481235 1.94676e-05 
0.0389756 0.0491006 0.0458842 0.0041262 0.0202401 0.00198209 0.00483118 0.188045 0.082317 0.43934 0.125158 
0.107993 0.0715791 0.0813515 0.00298608 0.0108701 0.00232984 0.00502841 0.0872313 0.197377 0.432366 0.000886973 
0.00516134 0.0255059 0.0330014 0.0014369 0.00235796 0.00310904 0.0014743 0.249841 0.00447081 0.436146 0.237496 
0.0964248 0.177384 0.0114575 0.191244 0.00239231 1.93312e-05 0.000415057 0.0114568 0.0181374 0.276997 0.214072 
4.71709e-05 4.38727e-07 1.80143e-06 0.00332068 2.97378e-05 0.000228502 2.65597e-07 0.0182986 0.00112882 0.976944 7.19842e-10 
0.0291819 0.00825324 0.185494 4.49021e-05 0.0196091 0.00129258 0.000773324 0.0980361 0.0494356 0.607878 5.08551e-07 
0.0488776 0.065038 0.287604 0.000900411 0.00851145 0.00250017 0.00339382 0.0877376 0.0318346 0.301846 0.161757 
0.0731461 0.149652 0.0112992 0.0482881 0.152253 6.34379e-05 0.000171731 0.00101386 0.278383 0.285727 3.05146e-06 
0.00652931 0.0902636 0.00892114 0.00414152 0.0992203 4.49024e-07 0.00247681 0.0487201 8.74811e-05 0.739355 0.000284285 
0.144855 0.0937742 0.041019 3.64885e-05 0.0678879 0.0212543 0.000265737 0.00461161 0.109813 0.516469 1.41466e-05 
0.23683 0.0122192 0.0109675 0.00225574 0.0185004 0.000650148 0.0305655 0.0788831 0.011067 0.309886 0.288175 
0.264972 0.0259753 0.0328872 0.000185816 0.0133863 0.00750094 0.0575621 0.0502478 0.210965 0.336312 5.22338e-06 
0.000341335 0.00310675 0.00948593 0.00924169 0.0076898 7.11096e-05 0.00021266 0.0736445 0.141928 0.411284 0.342994 
0.296563 0.0588469 0.0408499 0.0071051 0.00251668 0.00294866 0.0253235 0.0135527 0.106789 0.445423 8.14429e-05 
0.00652931 0.0902636 0.00892114 0.00414152 0.0992203 4.49024e-07 0.00247681 0.0487201 8.74811e-05 0.739355 0.000284285 
0.118059 0.0894925 0.020619 0.000179513 0.0069713 0.0187215 0.00565622 0.00201228 0.188971 0.548487 0.000831001 
4.71709e-05 4.38727e-07 1.80143e-06 0.00332068 2.97378e-05 0.000228502 2.65597e-07 0.0182986 0.00112882 0.976944 7.19842e-10 
0.0699516 0.0609822 0.0103327 0.000373095 0.00916043 0.00034281 0.0190823 0.00131707 0.355045 0.393551 0.0798615 
0.0949453 0.0079589 0.0448015 1.42587e-06 0.0125754 3.20067e-05 0.000877422 1.78376e-05 0.253897 0.584893 5.34442e-08 
0.135209 0.0320302 0.033364 0.000315434 0.0598017 0.000556697 0.000461775 0.0275391 0.310959 0.399736 2.66461e-05 
0.0693532 0.00137321 0.0547067 0.00060697 0.0678604 0.000542171 2.44679e-05 0.258107 0.236017 0.311408 2.88763e-09 
0.0208542 0.00371352 0.00301355 1.35333e-08 0.00749786 9.28871e-08 1.24076e-05 5.07626e-05 0.024347 0.940511 5.30475e-09 
0.115083 0.0420818 0.0152992 0.00106424 0.00116357 2.43573e-05 0.0105675 0.293262 0.0610325 0.459991 0.000429951 
0.389817 0.0356111 0.00128316 0.0004605 0.000690741 3.27464e-05 0.000122101 0.0189083 0.08411 0.468777 0.000187668 
0.00652931 0.0902636 0.00892114 0.00414152 0.0992203 4.49024e-07 0.00247681 0.0487201 8.74811e-05 0.739355 0.000284285 
0.295678 0.0242775 0.0499024 3.46841e-06 0.0421 0.000847178 0.00507981 0.00527981 0.190446 0.386347 3.89743e-05 
0.297982 0.0485987 0.0523145 1.61035e-05 0.00512036 0.000799799 2.3493e-05 0.0942134 0.103603 0.397326 2.79192e-06 
0.393788 0.0149003 0.00149046 3.15932e-05 0.00182772 7.52665e-05 0.000303703 0.00294617 0.0407553 0.543867 1.43388e-05 
1.10685e-05 0.0152308 0.128902 5.18409e-11 0.27044 1.1743e-06 1.67987e-06 5.08594e-07 0.0550581 0.530355 1.41195e-10 
0.000155659 0.103895 0.273863 3.35654e-07 0.00777013 0.00102372 2.28978e-07 0.069134 0.0421869 0.50197 9.14198e-07 
0.0432083 0.00519947 0.00843025 0.00287112 0.000219759 2.9383e-05 0.000229477 0.0535967 0.0579201 0.499377 0.328918 
0.016412 0.0982173 0.0700138 6.32853e-11 0.237435 5.60076e-07 0.128727 0.00340425 0.190384 0.255407 2.69753e-07 
0.0949795 0.0225502 0.0205806 3.10617e-05 0.0244646 0.00205415 0.000231831 0.00681683 0.148088 0.680168 3.55679e-05 
0.0953527 0.127097 0.0488689 0.0144403 0.0201231 0.000385811 0.00154507 0.129889 0.116109 0.424003 0.022187 
0.303539 0.00794047 0.00128847 5.73727e-06 0.00351048 2.76117e-06 0.000282013 8.50204e-05 0.00942472 0.673921 2.08366e-07 
0.101504 0.0178586 0.00750269 6.95217e-06 0.261243 0.000727918 0.0746158 0.000419774 0.106275 0.429845 1.38252e-06 
0.23921 0.00318341 0.00769406 9.85533e-07 0.0154262 1.28188e-09 4.72822e-05 0.00139233 0.357337 0.375709 1.25057e-08 
0.115019 0.109024 0.141494 0.00589803 0.0358604 0.00494112 0.0615336 0.0380404 0.242863 0.244296 0.00103016 
0.0448599 0.0165428 0.0234344 0.000465727 3.31247e-11 0.00150382 0.00343153 0.230658 0.0262785 0.65282 5.03447e-06 
0.000102192 0.0132298 0.0852515 6.64044e-12 0.408028 0.00630766 0.0135803 0.00226891 0.0283759 0.441874 0.000981562 
0.0279271 0.00382618 0.0433266 2.79337e-05 0.00285868 0.000124181 1.95002e-05 0.0985956 0.00174568 0.782441 0.0391075 
0.0731131 0.0492392 0.0754119 7.5012e-05 0.00261616 0.00430045 0.00258159 0.250499 0.146953 0.395206 3.99948e-06 
0.330899 0.0212555 0.0100379 0.00203952 0.0131133 0.00173512 0.00388243 0.0113783 0.0995566 0.50494 0.00116239 
0.0424844 0.0477661 0.0924979 4.91898e-05 0.0035344 0.0014833 0.0012581 0.188119 0.233782 0.388973 5.31897e-05 
0.109754 0.0048975 0.0638148 1.85271e-05 0.0976078 9.46419e-05 0.000935045 0.0012487 0.258733 0.462896 4.98131e-08 
0.357302 0.00148005 0.0403139 2.08948e-05 0.0883098 7.26053e-05 0.00248681 0.0369485 0.0403424 0.432722 4.39221e-07 
4.39726e-07 1.04936e-06 0.00100079 1.61066e-07 2.36442e-09 0.000910397 3.73315e-08 0.020965 7.63572e-07 0.977121 5.71785e-07 
0.00473179 0.0531452 0.00134194 0.000380012 0.00295174 2.12641e-05 0.000416793 0.219031 0.0240115 0.692937 0.00103162 
0.0380053 0.00959451 0.0886513 4.40392e-05 0.0480613 0.00135216 0.00232213 0.335375 0.0875351 0.389059 4.05875e-07 
0.151749 0.0964432 0.00877403 0.12318 0.00468659 0.154708 0.00252831 0.0660121 0.0676978 0.284496 0.0397259 
0.256511 0.0162655 0.00234549 0.000111691 0.0315131 5.46252e-05 0.00228822 0.00622047 0.115971 0.568705 1.42318e-05 
0.0507118 0.0647845 0.0238021 0.00157927 0.00333801 0.00343735 0.00298187 0.140372 0.17017 0.526838 0.0119847 
0.0826535 0.0949803 0.050701 0.00381566 0.0147298 0.000371407 0.00406617 0.0277842 0.191356 0.466925 0.0626174 
0.189612 0.0838301 0.0349764 0.000191145 0.00744286 0.0141971 0.0126887 0.0607343 0.226035 0.370249 4.29206e-05 
0.0859562 0.0116727 0.0147666 0.00292082 0.000459212 4.69629e-05 0.00888264 0.0414552 0.167822 0.665994 2.33122e-05 
0.134886 0.104007 0.0196837 0.00868515 0.144466 0.00022279 0.0138117 0.0560477 0.19083 0.325308 0.00205144 
0.120698 0.00692917 0.00730703 0.000423275 0.00115983 5.01394e-05 0.00211901 0.0503161 0.117158 0.693122 0.000717764 
0.106324 0.0319193 0.0328098 0.000188665 0.00490797 0.000427232 0.00333822 0.0713315 0.253034 0.495705 1.39767e-05 
0.0435425 0.275146 0.0207991 0.144856 0.0114594 0.000565956 0.000698453 0.104955 0.0320919 0.359983 0.00590284 
0.0699516 0.0609822 0.0103327 0.000373095 0.00916043 0.00034281 0.0190823 0.00131707 0.355045 0.393551 0.0798615 
0.287569 0.0549619 0.0185958 0.00332347 0.0607371 0.000200732 0.0025399 0.00291306 0.205781 0.357607 0.00577144 
0.117598 0.109092 0.143562 0.00011252 0.0133423 0.0169956 0.0156531 0.0279471 0.261546 0.292061 0.00209109 
0.276806 0.0380894 0.0648691 0.00402714 0.0248731 0.00265027 0.0188961 0.0140823 0.241963 0.313556 0.000188087 
0.0432347 0.0383573 0.230508 0.00024289 0.0474668 0.00616662 0.129356 0.0745589 0.105774 0.321852 0.00248315 
0.00975926 0.052421 0.0381895 0.00440232 0.00254691 0.00288456 0.00912002 0.274418 0.11549 0.343401 0.147368 
0.189612 0.0838301 0.0349764 0.000191145 0.00744286 0.0141971 0.0126887 0.0607343 0.226035 0.370249 4.29206e-05 
0.242393 0.00510641 0.0521659 0.000325458 0.00974437 0.0158846 0.00339094 0.0781017 0.173237 0.419412 0.00023852 
0.00723744 0.0843352 0.036058 0.00438458 0.121479 5.08041e-05 0.00232472 0.0494715 0.000379986 0.693968 0.000310348 
0.118148 0.24386 0.0317637 0.00433572 0.00374536 2.18858e-05 0.0168546 0.0151723 0.263766 0.301735 0.00059645 
0.213398 0.0481228 0.0826062 0.0183251 0.00607895 0.0133667 0.00350808 0.176737 0.204738 0.232573 0.000547287 
4.71709e-05 4.38727e-07 1.80143e-06 0.00332068 2.97378e-05 0.000228502 2.65597e-07 0.0182986 0.00112882 0.976944 7.19842e-10 
0.0440368 0.111664 0.0728169 0.00128218 0.0323858 0.000483588 0.000842614 0.257402 0.183426 0.292522 0.00313767 
0.0813694 0.00373198 0.264309 0.000158311 0.0794259 0.0232073 0.0285475 0.000539857 0.116988 0.401711 1.14613e-05 
0.0434871 0.00528251 0.000666292 2.06044e-05 0.00119437 0.000213801 0.000154204 0.0278233 0.151826 0.769219 0.000112247 
0.0433063 0.0349211 0.0120142 0.00682384 0.00864514 0.00124627 0.0029595 0.145913 0.0572798 0.566087 0.120804 
0.131524 4.08021e-05 0.00118004 5.38308e-06 2.37352e-05 0.000246385 0.000418889 0.361872 0.0561123 0.44857 5.24387e-06 
0.0951279 0.118615 0.0529684 0.00217301 0.142325 0.00433986 0.00193779 0.107364 0.201734 0.273394 1.97227e-05 
0.18005 0.00349911 0.0646419 0.000929593 0.0198321 0.00287945 0.00863 0.232691 0.230643 0.256203 2.97735e-07 
0.00842022 0.000723028 0.105228 0.00170233 0.000166048 0.0014831 0.00129658 0.0296668 0.00767487 0.843639 3.53035e-09 
0.216882 0.0304618 0.00722001 0.000230328 0.00303802 0.000129833 0.000415161 0.0840175 0.126247 0.49164 0.0397182 
0.0678918 0.00150469 0.0405341 6.9922e-06 0.000848955 0.000119504 0.00155169 0.151498 0.0966298 0.638806 0.00060872 
0.0910666 0.220869 0.117807 0.000227527 0.00711629 0.00643837 0.00756726 0.161913 0.132326 0.254477 0.000191221 
0.0538256 0.0334834 0.0235024 0.0450046 0.00379804 0.00286747 0.0241824 0.103421 0.240435 0.468896 0.000585303 
0.151749 0.0964432 0.00877403 0.12318 0.00468659 0.154708 0.00252831 0.0660121 0.0676978 0.284496 0.0397259 
0.000798554 0.000390745 0.00195142 1.44971e-05 6.90296e-06 2.44616e-05 9.30086e-05 0.000750429 0.00797683 0.987788 0.00020467 
0.338365 0.0258061 0.0455349 3.49513e-09 0.0204506 1.18321e-08 0.00354919 9.25343e-05 0.194684 0.371518 5.66962e-09 
0.0823613 0.106788 0.197801 0.0001206 0.000104915 0.00455772 0.0478822 0.0412936 0.135664 0.382959 0.000468134 
0.0689532 0.0605438 0.0317923 0.000517547 0.0154478 0.00184099 0.00549012 0.174427 0.254569 0.386304 0.000114349 
0.0580353 0.0186965 0.134257 2.36319e-05 0.0380803 0.0034198 0.00239881 0.167993 0.190849 0.38621 3.74113e-05 
0.00208877 0.0669492 0.00199811 0.00131007 0.00206171 2.17277e-05 0.000398525 0.0200137 0.0112932 0.447438 0.446427 
0.306329 0.0275926 0.0491117 5.01873e-05 0.0385224 0.00224909 0.00316114 0.0184217 0.142282 0.41224 4.00826e-05 
0.258883 0.219804 0.0469306 0.00646009 0.0183599 0.00158952 0.0263597 0.00915845 0.113623 0.298265 0.000566033 
0.041466 0.320521 0.025949 0.0114296 0.132112 0.0010506 0.00558914 0.0238656 0.0555383 0.376434 0.00604448 
0.042607 0.00202771 0.224206 6.46835e-05 0.00264725 0.000100843 0.104602 0.208406 0.111966 0.257156 0.0462166 
0.329113 0.0285006 0.0363214 0.000553183 0.00102622 0.000314579 0.0166245 0.0379161 0.108123 0.441331 0.00017599 
0.142591 0.0150262 0.0210211 0.000572917 0.00405828 0.000949279 0.00627858 0.340624 0.103474 0.365256 0.000148449 
0.00842022 0.000723028 0.105228 0.00170233 0.000166048 0.0014831 0.00129658 0.0296668 0.00767487 0.843639 3.53035e-09 
0.0510574 0.00567404 0.0962696 1.77415e-06 0.00717373 0.000291109 0.00209293 0.000749606 0.396696 0.439994 3.1744e-10 
0.0763346 0.053604 0.0423657 8.5377e-05 0.000518333 0.000508687 0.0204135 0.0237348 0.31151 0.470888 3.71965e-05 
0.0619322 0.00276076 0.00508006 0.000692254 0.00458894 2.75507e-05 0.0025721 0.134417 0.0879019 0.619077 0.0809501 
0.191689 0.0714059 0.0454323 0.000803161 0.0373953 0.000201124 0.000609796 0.00147847 0.0738146 0.577168 2.13355e-06 
0.04071 0.0507097 0.192571 0.00023037 0.0189067 0.000463828 0.000351717 0.196899 1.24086e-05 0.498196 0.000949958 
0.0476963 0.036919 0.046125 0.000184664 0.0429876 8.94453e-05 0.130386 0.135594 0.21327 0.34672 2.8501e-05 
0.15475 0.00211006 0.00450972 6.13435e-05 0.000732381 0.000424697 0.000543446 0.0934077 0.0735185 0.669942 1.37252e-07 
0.270947 0.0357983 0.0248097 6.76961e-06 0.0105199 0.00292656 1.96407e-05 0.0110055 0.237438 0.405588 0.000941114 
0.127578 0.127174 0.00785632 9.81851e-06 0.0024996 0.000108723 0.00171472 0.00211745 0.326114 0.404827 8.26607e-07 
7.44368e-05 7.26207e-06 0.0023468 0.000100399 7.74695e-07 1.86257e-06 3.01321e-05 0.0195886 0.0186508 0.959187 1.1541e-05 
0.0813328 0.0229883 0.0419817 7.15854e-05 0.00242352 0.0300542 0.0141353 0.221076 0.0893514 0.496574 1.10877e-05 
0.15399 0.0500897 0.0210022 0.000250548 0.0335333 0.00174175 0.00414341 0.0170251 0.188848 0.529373 3.45405e-06 
0.132748 0.00554347 0.0635608 7.86605e-06 0.10201 0.0760997 0.0160652 0.0140142 0.125007 0.464941 2.50768e-06 
0.0320043 0.0420183 0.205599 0.00165385 0.0234869 0.00475396 0.0125468 0.139817 0.157294 0.380819 7.96732e-06 
0.101504 0.0178586 0.00750269 6.95217e-06 0.261243 0.000727918 0.0746158 0.000419774 0.106275 0.429845 1.38252e-06 
0.170563 0.182339 0.04352 0.00455879 0.0481978 0.000973978 0.0138199 0.00638092 0.261406 0.267735 0.0005052 
0.0203719 0.0431197 0.0227806 1.67854e-05 0.00482039 8.8222e-05 0.000748931 0.0167088 0.101808 0.787882 0.00165497 
0.0486799 0.0337947 0.0843531 0.00539784 0.00288247 0.0083192 0.167185 0.0291183 0.051985 0.567175 0.0011091 
0.0538744 0.0395105 0.114862 0.000611153 0.00373951 0.00252782 0.0345545 0.237904 0.182103 0.330274 3.86801e-05 
0.280642 0.0691005 0.00806195 0.00622499 0.0300163 0.000180926 6.24528e-05 0.0238537 0.121279 0.452267 0.00831132 
0.107358 0.0309923 0.0601017 6.2656e-05 0.0248055 0.000722832 0.0011332 0.0615584 0.28676 0.426338 0.000168096 
0.13183 0.0050366 0.154681 3.14046e-05 0.0169419 0.00140823 0.00783783 0.135478 0.141923 0.404716 0.000117536 
0.0759998 0.015407 0.0336399 0.00101251 0.0328667 0.000815514 0.000169189 0.202414 0.0762095 0.559069 0.00239669 
0.0403945 5.15558e-06 6.76718e-07 1.46352e-06 2.90778e-06 0.00126988 4.10037e-07 0.0804649 1.38246e-05 0.877846 3.70066e-07 
0.150993 0.0645448 0.082717 0.0704729 0.00170906 0.047855 0.0123593 0.209099 0.147959 0.212042 0.000248842 
0.137216 0.00632817 0.153149 0.000263247 0.00143115 0.0172572 0.00782985 0.0125907 0.254128 0.409762 4.54892e-05 
0.0190576 0.000562397 0.00209819 0.000258302 0.0114535 0.000134812 0.000145812 0.0269999 0.0300005 0.909288 1.16083e-06 
0.0172805 0.391577 0.0099793 0.000240151 0.0657103 4.93795e-05 0.0136487 0.00146996 0.0654863 0.434536 2.21196e-05 
0.0906823 0.142539 0.201953 3.56893e-05 0.0138767 0.000694853 0.00068816 0.166476 0.15279 0.230062 0.000202068 
0.262996 0.00249009 0.040722 5.86522e-06 0.0199464 0.000774587 0.0242002 0.000574506 0.164496 0.483748 4.71419e-05 
0.299709 0.0190161 0.0185295 3.05526e-05 0.0101014 0.00365992 0.0169622 0.00109315 0.117893 0.513003 2.21741e-06 
0.163829 0.0496456 0.0191145 0.0123885 0.00506977 0.000111103 0.00221621 0.0787054 0.105275 0.54588 0.0177643 
0.044633 0.0904804 0.214979 4.08023e-05 0.03474 0.00241238 0.0774716 0.0907774 0.118153 0.32625 6.20033e-05 
0.000798554 0.000390745 0.00195142 1.44971e-05 6.90296e-06 2.44616e-05 9.30086e-05 0.000750429 0.00797683 0.987788 0.00020467 
0.0219686 0.0197947 0.0981142 2.48507e-05 0.0242565 0.00498698 0.000129875 0.1815 0.140048 0.508639 0.000537187 
0.0408769 0.109997 0.0127435 0.00136418 0.0272835 0.000651879 0.00353429 0.0134212 0.221551 0.548742 0.0198353 
4.71709e-05 4.38727e-07 1.80143e-06 0.00332068 2.97378e-05 0.000228502 2.65597e-07 0.0182986 0.00112882 0.976944 7.19842e-10 
0.303539 0.00794047 0.00128847 5.73727e-06 0.00351048 2.76117e-06 0.000282013 8.50204e-05 0.00942472 0.673921 2.08366e-07 
0.143361 0.0127761 0.143743 0.000437228 0.12532 0.000704071 0.00589029 0.00213056 0.116083 0.449517 3.85708e-05 
0.00842022 0.000723028 0.105228 0.00170233 0.000166048 0.0014831 0.00129658 0.0296668 0.00767487 0.843639 3.53035e-09 
0.165041 0.18056 0.00806263 0.0173425 0.00546553 2.29311e-05 0.0158072 0.00319438 0.0307756 0.555592 0.0181362 
0.137923 0.0136794 0.0747274 9.73761e-06 0.00407065 0.00854999 0.0056729 0.0158973 0.354017 0.38544 1.28672e-05 
0.274707 0.000169611 0.00169873 7.83484e-05 0.000315823 5.32267e-09 0.00174851 0.00484324 0.0245388 0.6919 6.17627e-09 
0.0527193 0.0553373 0.0067258 1.95162e-09 0.00171104 0.000709941 1.33136e-09 0.00384173 0.257951 0.358997 0.262006 
0.115083 0.0420818 0.0152992 0.00106424 0.00116357 2.43573e-05 0.0105675 0.293262 0.0610325 0.459991 0.000429951 
4.71709e-05 4.38727e-07 1.80143e-06 0.00332068 2.97378e-05 0.000228502 2.65597e-07 0.0182986 0.00112882 0.976944 7.19842e-10 
0.107951 0.0469688 0.0221109 0.0014254 0.013663 8.90372e-05 0.000650232 0.0683253 0.121838 0.616428 0.000549611 
0.0477225 0.0173038 0.0372504 0.000114315 0.0158314 0.00588232 0.0230366 0.0113841 0.085705 0.753261 0.00250807 
0.15399 0.0500897 0.0210022 0.000250548 0.0335333 0.00174175 0.00414341 0.0170251 0.188848 0.529373 3.45405e-06 
0.000673425 0.00338376 0.0325637 3.69511e-08 4.598e-07 0.0104192 0.00434716 0.459163 1.56791e-06 0.469683 0.019765 
0.0593976 0.00512789 3.09514e-05 6.22108e-06 0.0396965 0.000278589 1.70144e-05 0.249662 0.0273697 0.61841 3.94603e-06 
0.115083 0.0420818 0.0152992 0.00106424 0.00116357 2.43573e-05 0.0105675 0.293262 0.0610325 0.459991 0.000429951 
0.306786 0.0484008 0.047111 0.00204872 0.0315776 0.0174369 0.0188804 0.0159431 0.199905 0.311602 0.000309379 
0.153424 0.133664 0.104308 0.000120055 0.00300093 0.00728194 0.0274849 0.0777795 0.0769791 0.415931 2.6204e-05 
0.0393017 0.0397216 0.18393 0.000263128 0.00337933 0.0131613 3.88581e-05 0.0229788 0.025011 0.67207 0.000144051 
0.0190576 0.000562397 0.00209819 0.000258302 0.0114535 0.000134812 0.000145812 0.0269999 0.0300005 0.909288 1.16083e-06 
0.00376887 0.000116822 0.000872461 2.65918e-07 0.000443957 4.18276e-07 0.00686814 0.0142408 0.204864 0.768823 7.24262e-07 
0.137216 0.00632817 0.153149 0.000263247 0.00143115 0.0172572 0.00782985 0.0125907 0.254128 0.409762 4.54892e-05 
0.15399 0.0500897 0.0210022 0.000250548 0.0335333 0.00174175 0.00414341 0.0170251 0.188848 0.529373 3.45405e-06 
0.0793889 0.0383851 0.00476164 1.12344e-05 0.00464693 0.000110614 0.00155551 0.00101792 0.138238 0.731628 0.000255569 
0.193243 0.00709706 0.0434714 0.000169674 0.0010284 3.87617e-05 0.00742805 0.0146977 0.292241 0.440584 3.98607e-07 
0.0903654 0.0285099 0.0423526 7.74815e-05 0.0084351 0.0242001 0.0210919 0.0710506 0.0351302 0.678742 4.46568e-05 
0.125407 0.101413 0.106221 0.0114959 0.124886 0.00395766 0.0235103 0.0478126 0.197097 0.258045 0.000154017 
0.0425477 0.00709798 0.0888032 1.9744e-05 0.139596 0.0316026 0.000259536 0.00474257 0.193388 0.491938 5.4865e-06 
0.102771 0.0190524 0.0135452 9.73308e-05 0.0228709 8.56266e-05 0.0498175 0.00158198 0.197247 0.59289 4.10586e-05 
0.00652931 0.0902636 0.00892114 0.00414152 0.0992203 4.49024e-07 0.00247681 0.0487201 8.74811e-05 0.739355 0.000284285 
0.160703 0.0332073 0.0707805 0.000173867 0.0138971 0.00305583 0.0231666 0.0593373 0.0753776 0.559898 0.00040256 
0.15399 0.0500897 0.0210022 0.000250548 0.0335333 0.00174175 0.00414341 0.0170251 0.188848 0.529373 3.45405e-06 
0.278575 0.0261526 0.23426 5.56045e-05 0.0164402 0.00170812 0.00228465 0.013486 0.0561704 0.370851 1.60282e-05 
0.137923 0.0136794 0.0747274 9.73761e-06 0.00407065 0.00854999 0.0056729 0.0158973 0.354017 0.38544 1.28672e-05 
0.0909691 0.00642993 0.000123451 0.000169532 2.93009e-08 0.000217303 4.44934e-05 0.0298471 0.178497 0.693702 2.16854e-08 
0.0294331 0.349562 0.00306465 2.15506e-06 0.00548661 0.000141638 0.00772132 0.00289612 0.0581426 0.542765 0.000785108 
0.153958 0.167793 0.0466891 0.000395613 0.0112407 0.000430735 0.0122895 0.109887 0.185699 0.311504 0.000113624 
0.0320327 0.00146702 0.00618188 4.90781e-05 0.00139477 1.84282e-05 6.61716e-08 0.08442 0.00533052 0.869061 4.47386e-05 
0.0672966 0.0384903 0.0410698 4.2548e-05 0.0160894 0.018085 0.000468949 0.0747581 0.0441436 0.688413 0.0111427 
