3.22113e-08 1.58748e-07 0.000184664 9.83807e-05 0.000107448 0.000674363 9.12498e-05 0.998675 3.67365e-05 0.000131773 
0.000276835 0.00766634 0.0313491 0.162908 0.317523 0.00143315 0.00500292 0.247859 0.103498 0.122485 
0.00209985 0.00467552 0.053485 0.0550629 0.108296 0.00246022 0.0238108 0.555434 0.0352661 0.15941 
8.04187e-05 0.00223309 0.0717539 0.107057 0.693581 0.00279297 0.029122 0.0109468 0.00348744 0.0789445 
1.10427e-06 1.42037e-06 8.8442e-05 5.22935e-05 0.000231621 0.999009 0.000201796 0.000318895 2.31456e-06 9.31273e-05 
6.6253e-06 0.000638835 0.0118189 0.000848035 0.0545228 0.000957942 0.000523122 0.930626 1.64371e-05 4.12487e-05 
1.11721e-09 0.274422 1.80112e-05 0.00353329 2.47337e-06 0.182689 8.79604e-06 0.069532 0.00423044 0.465564 
6.6253e-06 0.000638835 0.0118189 0.000848035 0.0545228 0.000957942 0.000523122 0.930626 1.64371e-05 4.12487e-05 
1.10427e-06 1.42037e-06 8.8442e-05 5.22935e-05 0.000231621 0.999009 0.000201796 0.000318895 2.31456e-06 9.31273e-05 
4.61664e-07 1.05242e-06 0.0601638 0.347089 0.00317226 1.21807e-05 0.00249862 0.432284 0.13285 0.0219292 
1.44572e-10 0.000582609 0.0440738 0.771225 0.000141574 0.000141985 0.16794 0.00631142 0.00680244 0.00278106 
8.04536e-07 1.59216e-06 0.177399 0.0228322 6.1843e-05 1.99693e-05 0.0735596 0.609769 0.013653 0.102702 
9.05767e-06 0.00984259 0.0365733 0.0253309 0.604618 6.19862e-05 0.00146125 0.311384 0.00443925 0.00627937 
1.30077e-08 0.000324639 0.032553 2.00516e-08 0.000434516 6.85377e-08 0.00308296 0.962825 0.000778649 1.16671e-06 
4.73408e-06 0.00113484 0.0728119 0.0196177 0.000367808 0.00147692 0.232635 0.584164 0.0697255 0.0180621 
1.10427e-06 1.42037e-06 8.8442e-05 5.22935e-05 0.000231621 0.999009 0.000201796 0.000318895 2.31456e-06 9.31273e-05 
0.00181867 0.00633763 0.128594 0.249433 0.0195313 0.00715694 0.077993 0.17611 0.108627 0.224399 
8.28837e-08 4.08478e-07 0.0131904 0.00366064 8.99824e-05 3.70487e-07 0.00107681 0.977738 0.00167022 0.00257304 
5.6003e-07 2.76002e-06 0.868969 0.000480893 7.76629e-05 2.50332e-06 0.0483527 0.0448051 0.00833367 0.0289747 
1.10427e-06 1.42037e-06 8.8442e-05 5.22935e-05 0.000231621 0.999009 0.000201796 0.000318895 2.31456e-06 9.31273e-05 
6.6253e-06 0.000638835 0.0118189 0.000848035 0.0545228 0.000957942 0.000523122 0.930626 1.64371e-05 4.12487e-05 
2.57824e-11 0.000145444 0.0407283 0.00142815 0.00123115 0.00461365 0.00820305 0.711004 0.00413288 0.228514 
4.13209e-05 0.000122085 0.0947939 0.0863254 0.000223042 0.000349106 0.515283 0.0191962 0.00819999 0.275466 
8.92701e-06 0.000231895 0.00783529 0.000956266 0.00285953 0.752057 0.000684225 0.233012 0.00192851 0.00042715 
1.27738e-05 0.643001 0.119945 0.0559718 4.06092e-05 0.000155194 0.101736 0.0612381 0.00816495 0.00973419 
6.14305e-10 3.0275e-09 0.00900302 0.0147422 8.32608e-10 7.15515e-05 1.00739e-05 0.0291209 0.0814959 0.865556 
1.10427e-06 1.42037e-06 8.8442e-05 5.22935e-05 0.000231621 0.999009 0.000201796 0.000318895 2.31456e-06 9.31273e-05 
1.10427e-06 1.42037e-06 8.8442e-05 5.22935e-05 0.000231621 0.999009 0.000201796 0.000318895 2.31456e-06 9.31273e-05 
1.10427e-06 1.42037e-06 8.8442e-05 5.22935e-05 0.000231621 0.999009 0.000201796 0.000318895 2.31456e-06 9.31273e-05 
0.00015751 0.00107235 0.271383 0.65417 0.022506 0.000371101 0.0416529 0.00260203 0.000454403 0.00563093 
1.6852e-05 0.00293216 0.140236 0.0883975 0.00194468 0.000353936 0.0395865 0.499021 0.181928 0.0455836 
3.78582e-07 2.13513e-05 0.670615 0.0400807 0.000126278 1.17244e-06 0.0103998 0.116557 0.0171927 0.145006 
0.000106491 0.0110582 0.0426476 0.0236812 0.00568155 0.00194829 0.0514408 0.730199 0.0625385 0.0706988 
1.10427e-06 1.42037e-06 8.8442e-05 5.22935e-05 0.000231621 0.999009 0.000201796 0.000318895 2.31456e-06 9.31273e-05 
9.98524e-06 0.246538 0.413818 0.152311 0.00120885 0.0333026 0.0787267 0.0418986 0.0104451 0.0217413 
0.000134205 0.00574715 0.132924 0.0492679 0.00565317 0.178234 0.0905367 0.029719 0.00492162 0.502862 
9.02403e-11 0.963747 0.00268799 0.0161514 8.79238e-06 4.03371e-10 0.00231039 0.00763217 0.00172034 0.00574154 
1.39256e-07 6.23039e-05 0.0220371 0.0752052 0.0345536 2.62842e-07 0.00290135 0.765821 0.00520646 0.0942126 
0.000859483 0.00967996 0.374511 0.00623699 0.018105 0.00135946 0.186531 0.1369 0.10636 0.159457 
6.6253e-06 0.000638835 0.0118189 0.000848035 0.0545228 0.000957942 0.000523122 0.930626 1.64371e-05 4.12487e-05 
1.10427e-06 1.42037e-06 8.8442e-05 5.22935e-05 0.000231621 0.999009 0.000201796 0.000318895 2.31456e-06 9.31273e-05 
1.10427e-06 1.42037e-06 8.8442e-05 5.22935e-05 0.000231621 0.999009 0.000201796 0.000318895 2.31456e-06 9.31273e-05 
0.000659128 0.0336627 0.186515 0.196168 0.00244419 0.00504763 0.0199094 0.37032 0.025987 0.159286 
9.18895e-11 9.51477e-06 0.0701449 0.42777 0.000769416 4.10743e-10 0.0110921 0.182052 0.000120805 0.308042 
2.01137e-06 3.37879e-05 0.077955 0.00298424 0.00083317 0.0131215 0.00515266 0.772931 0.00229236 0.124694 
4.63001e-07 0.0163204 0.0452422 0.0147511 0.00062815 4.86337e-07 0.070646 0.69512 0.139861 0.0174307 
1.10427e-06 1.42037e-06 8.8442e-05 5.22935e-05 0.000231621 0.999009 0.000201796 0.000318895 2.31456e-06 9.31273e-05 
1.10633e-06 5.45238e-06 0.00295781 0.0258298 5.08804e-06 4.94528e-06 0.000327133 0.969267 0.000293368 0.00130881 
2.63668e-05 0.000541367 0.00347484 0.00229293 0.92475 0.00014211 0.000465018 0.0585947 0.000240543 0.00947175 
6.54145e-06 0.0125846 0.0521195 0.15636 3.84729e-05 0.000188798 0.141095 0.557242 0.0416996 0.0386651 
1.10427e-06 1.42037e-06 8.8442e-05 5.22935e-05 0.000231621 0.999009 0.000201796 0.000318895 2.31456e-06 9.31273e-05 
1.5813e-10 7.79319e-10 1.38671e-05 0.234804 2.14325e-10 7.06838e-10 0.0952291 0.492139 0.108916 0.068898 
1.68963e-09 0.00414347 0.0311346 0.136741 1.67775e-07 7.55259e-09 0.00749855 0.00851265 0.072537 0.739433 
1.10427e-06 1.42037e-06 8.8442e-05 5.22935e-05 0.000231621 0.999009 0.000201796 0.000318895 2.31456e-06 9.31273e-05 
2.22308e-08 1.60869e-05 0.00506208 0.0293629 1.18465e-07 9.9371e-08 0.00182538 0.902526 0.0566849 0.00452262 
0.00152685 0.429714 0.13907 0.00379062 0.0181915 0.00354304 0.0223074 0.159781 0.0411998 0.180876 
5.15191e-07 0.71585 3.60124e-05 2.61631e-05 3.39906e-05 2.30289e-06 0.00710074 0.276925 5.2901e-06 1.9642e-05 
3.61455e-05 0.221264 0.640971 0.0290865 0.0288954 0.0025346 0.00586155 0.0499892 0.00199537 0.0193665 
3.76465e-10 3.91522e-06 0.0242182 0.0605862 1.05309e-06 1.68278e-09 3.03396e-07 0.119673 0.640882 0.154635 
7.66784e-05 8.45057e-05 0.000363506 0.000663687 0.000798272 7.76343e-05 0.000949649 0.972552 0.000653023 0.0237809 
0.00023072 0.000981021 0.0224356 0.00826708 0.000413828 0.0018783 0.000981721 0.916263 0.0083423 0.0402061 
6.6253e-06 0.000638835 0.0118189 0.000848035 0.0545228 0.000957942 0.000523122 0.930626 1.64371e-05 4.12487e-05 
8.00532e-05 0.000110098 0.0505097 0.0283801 0.588316 0.0016965 0.000296428 0.201042 0.116423 0.0131459 
0.000139766 0.00114717 0.0414128 0.0196148 0.000752953 0.000709102 0.00915385 0.68065 0.119651 0.126769 
1.19627e-06 1.67189e-06 0.000125865 1.1204e-05 0.000136417 0.999295 0.000229303 0.000123759 1.98935e-06 7.31985e-05 
6.6253e-06 0.000638835 0.0118189 0.000848035 0.0545228 0.000957942 0.000523122 0.930626 1.64371e-05 4.12487e-05 
6.6253e-06 0.000638835 0.0118189 0.000848035 0.0545228 0.000957942 0.000523122 0.930626 1.64371e-05 4.12487e-05 
2.26658e-09 8.9369e-05 3.93231e-06 0.0358134 0.0357971 1.01315e-08 5.54934e-06 0.695445 0.201771 0.0310742 
8.93045e-05 0.00706731 0.478279 0.069099 0.0854337 0.139789 0.108923 0.0845668 0.00533156 0.021422 
8.49843e-06 0.000368213 0.0760047 0.0702799 2.62031e-05 2.88469e-05 0.0175388 0.647872 0.00402418 0.183849 
9.93841e-05 0.000770958 0.697397 0.00555962 0.00108253 0.00309764 0.00964405 0.111868 0.00105366 0.169428 
1.11721e-09 0.274422 1.80112e-05 0.00353329 2.47337e-06 0.182689 8.79604e-06 0.069532 0.00423044 0.465564 
5.14687e-05 0.000140566 0.0512224 0.0410804 0.484713 0.000504759 0.00852563 0.0269118 0.00470201 0.382148 
2.679e-11 2.66676e-07 0.14269 0.761791 0.0002813 8.24749e-05 0.0272912 0.00236417 0.019856 0.0456441 
1.87922e-07 0.000176188 0.0213968 0.00316362 3.24764e-05 3.55736e-05 0.858413 0.00651349 7.13856e-05 0.110197 
6.6253e-06 0.000638835 0.0118189 0.000848035 0.0545228 0.000957942 0.000523122 0.930626 1.64371e-05 4.12487e-05 
0.00326674 0.00723163 0.131133 0.532027 0.00387234 0.00428265 0.109893 0.0280473 0.0609825 0.119264 
1.87327e-07 0.00477453 0.000258117 0.000993754 4.85438e-06 8.37347e-07 0.950353 0.0425842 0.000169882 0.000861076 
0.000383223 0.000873163 0.0938343 0.0659426 0.000870638 0.000598048 0.616268 0.0463695 0.122474 0.0523868 
4.14782e-08 2.04418e-07 0.986873 0.00071462 0.000309255 1.85406e-07 0.00156578 0.00420905 0.000553772 0.0057745 
8.00532e-05 0.000110098 0.0505097 0.0283801 0.588316 0.0016965 0.000296428 0.201042 0.116423 0.0131459 
0.00244125 0.00462272 0.136643 0.0911175 0.0237614 0.0333736 0.0831685 0.255186 0.15125 0.218436 
4.09e-07 0.000310972 0.0291132 0.245615 7.24459e-05 3.9386e-06 0.125129 0.578314 0.0028749 0.0185656 
1.9396e-06 0.00315442 5.55915e-06 0.00026488 6.71342e-05 0.000120168 0.0101666 0.970305 0.0127803 0.00313357 
3.29165e-07 1.31899e-06 0.313526 3.70874e-06 0.000332927 0.428831 1.65124e-05 0.255876 0.00015403 0.00125803 
7.62701e-05 0.000460549 0.0527082 0.088077 0.000156489 0.00019553 0.757051 0.0407255 0.0249813 0.0355681 
2.48443e-07 2.98029e-05 0.0110499 0.00113126 2.88503e-05 6.53575e-06 0.121611 0.722376 0.143468 0.000298581 
1.19627e-06 1.67189e-06 0.000125865 1.1204e-05 0.000136417 0.999295 0.000229303 0.000123759 1.98935e-06 7.31985e-05 
2.14884e-07 1.05902e-06 0.0315957 0.000128329 2.91246e-07 9.60525e-07 0.899238 0.0680232 1.60773e-05 0.000995935 
2.47662e-05 0.00622799 0.0820539 0.0399962 0.000486606 0.0571129 0.344963 0.157367 0.177143 0.134624 
3.40298e-06 0.00162713 0.0854786 0.487326 0.0910789 0.18232 0.0295988 0.0936977 0.000185212 0.0286842 
1.56933e-05 0.00402704 0.0947246 0.0681577 0.598449 5.74749e-05 0.00993549 0.131129 0.0142257 0.0792784 
4.80695e-05 0.00184272 0.0357905 0.00197337 0.861594 8.69935e-05 0.00273006 0.059387 0.010349 0.0261984 
0.000170487 0.00228683 0.096111 0.156071 0.00127531 0.00517324 0.0929153 0.318274 0.116754 0.210969 
5.42691e-07 6.77481e-06 0.0095541 0.396301 0.000319295 8.90207e-06 0.056524 0.493771 0.0104908 0.0330237 
0.000112316 0.0487092 0.161901 0.0184546 0.0119848 0.0475984 0.138971 0.323785 0.0209468 0.227536 
1.10427e-06 1.42037e-06 8.8442e-05 5.22935e-05 0.000231621 0.999009 0.000201796 0.000318895 2.31456e-06 9.31273e-05 
2.09956e-07 5.28106e-05 0.0483956 0.13048 0.000225835 9.77931e-07 0.008204 0.552014 0.16791 0.0927165 
9.37162e-08 5.95146e-07 0.0307418 0.00301215 1.36468e-05 1.31952e-05 0.00455849 0.922021 0.028794 0.0108454 
0.000112637 0.000483907 0.0867818 0.333996 0.000200592 0.000829992 0.0401879 0.0132692 0.154773 0.369365 
6.6253e-06 0.000638835 0.0118189 0.000848035 0.0545228 0.000957942 0.000523122 0.930626 1.64371e-05 4.12487e-05 
0.00285714 0.19008 0.0609031 0.0573954 0.00591955 0.00484615 0.0370832 0.317404 0.0707774 0.252734 
1.18864e-09 1.10214e-05 0.00959187 0.0428785 1.61104e-09 5.31318e-09 0.00565236 0.299869 0.393056 0.248941 
1.42452e-10 0.298596 0.00448584 0.0296037 7.07429e-05 6.36757e-10 0.543175 0.0195212 0.011977 0.0925706 
3.87966e-06 2.81515e-05 0.0710777 0.0155828 1.53559e-05 1.76772e-05 0.223577 0.367335 0.00185417 0.320509 
2.41312e-09 1.18926e-08 0.0274591 0.335891 3.35156e-06 7.74715e-06 0.000899152 0.632333 0.0033296 7.72387e-05 
1.10427e-06 1.42037e-06 8.8442e-05 5.22935e-05 0.000231621 0.999009 0.000201796 0.000318895 2.31456e-06 9.31273e-05 
0.000579736 0.000615554 0.0635562 0.400196 0.00222007 0.000739296 0.0538402 0.0370228 0.0916997 0.349531 
1.10427e-06 1.42037e-06 8.8442e-05 5.22935e-05 0.000231621 0.999009 0.000201796 0.000318895 2.31456e-06 9.31273e-05 
1.26049e-05 0.464611 0.283524 0.109072 0.0681007 1.75408e-05 0.0185021 0.0237007 0.00626752 0.0261919 
4.87051e-07 0.0234556 0.00103204 0.00214264 0.00164003 2.1771e-06 0.637627 0.262459 0.0351969 0.0364439 
0.00112029 0.00202254 0.436985 0.0486833 0.0011968 0.00643245 0.00776993 0.318221 0.0260497 0.15152 
0.00226041 0.0029977 0.0772629 0.0601192 0.157959 0.0757999 0.0221473 0.26128 0.0260965 0.314077 
1.20293e-07 5.92846e-07 0.00258274 0.00136777 2.67486e-05 5.37707e-07 8.62827e-05 0.990892 5.63921e-05 0.00498633 
1.65544e-07 8.15856e-07 0.000244806 0.000756343 0.0015976 7.39977e-07 0.00187711 0.993641 0.000425113 0.00145621 
3.7927e-08 0.000233079 0.644746 0.00169145 0.000461569 1.08207e-05 0.00889511 0.0128294 0.0149559 0.316177 
1.10427e-06 1.42037e-06 8.8442e-05 5.22935e-05 0.000231621 0.999009 0.000201796 0.000318895 2.31456e-06 9.31273e-05 
3.99757e-09 6.47728e-05 0.0257948 0.000415502 0.000107634 0.000345627 0.00491763 0.0182931 0.000275049 0.949786 
0.00152801 0.0516474 0.322114 0.092716 0.0415843 0.015483 0.109177 0.18652 0.0508946 0.128336 
0.00037193 0.000523239 0.0512746 0.00410426 0.00146622 0.144266 0.0500171 0.703276 0.0151878 0.0295122 
3.29165e-07 1.31899e-06 0.313526 3.70874e-06 0.000332927 0.428831 1.65124e-05 0.255876 0.00015403 0.00125803 
1.10427e-06 1.42037e-06 8.8442e-05 5.22935e-05 0.000231621 0.999009 0.000201796 0.000318895 2.31456e-06 9.31273e-05 
1.01271e-05 0.000148645 0.0177672 0.015199 0.000409073 0.000230097 0.000775139 0.834899 0.0461426 0.084419 
9.72461e-05 0.000134146 0.426174 0.000700152 0.000176478 0.00334979 0.0675954 0.117993 0.00263264 0.381148 
1.10427e-06 1.42037e-06 8.8442e-05 5.22935e-05 0.000231621 0.999009 0.000201796 0.000318895 2.31456e-06 9.31273e-05 
1.19627e-06 1.67189e-06 0.000125865 1.1204e-05 0.000136417 0.999295 0.000229303 0.000123759 1.98935e-06 7.31985e-05 
7.33066e-07 2.52893e-06 6.05174e-05 4.24867e-06 8.95103e-06 2.93485e-06 0.0106714 0.834279 0.00121786 0.153752 
7.1447e-06 2.58041e-05 0.019487 0.00556398 5.04301e-05 5.13311e-05 0.23798 0.322368 0.00011644 0.41435 
6.6253e-06 0.000638835 0.0118189 0.000848035 0.0545228 0.000957942 0.000523122 0.930626 1.64371e-05 4.12487e-05 
1.99842e-10 9.8489e-10 9.55837e-06 0.0366643 2.7086e-10 4.19935e-06 4.72212e-06 0.950349 1.90103e-06 0.0129661 
8.22293e-09 8.56819e-05 0.000842528 0.000586528 8.26539e-05 3.0473e-05 0.000247785 0.994157 0.00391182 5.52819e-05 
2.88785e-05 0.00129672 0.0145832 0.687101 0.00644007 7.68552e-05 0.0777247 0.00243419 0.0282199 0.182095 
4.5806e-05 0.00137694 0.189479 0.112023 0.00293431 0.00294861 0.150065 0.103049 0.0130654 0.425014 
2.12899e-07 0.00021104 0.10286 0.00890285 4.0999e-07 7.90815e-05 0.0213405 0.768062 0.0745796 0.0239646 
1.10427e-06 1.42037e-06 8.8442e-05 5.22935e-05 0.000231621 0.999009 0.000201796 0.000318895 2.31456e-06 9.31273e-05 
1.10427e-06 1.42037e-06 8.8442e-05 5.22935e-05 0.000231621 0.999009 0.000201796 0.000318895 2.31456e-06 9.31273e-05 
0.000353125 0.00621664 0.206289 0.0341272 0.274641 0.0612477 0.146521 0.072926 0.00137809 0.196301 
6.6253e-06 0.000638835 0.0118189 0.000848035 0.0545228 0.000957942 0.000523122 0.930626 1.64371e-05 4.12487e-05 
1.10427e-06 1.42037e-06 8.8442e-05 5.22935e-05 0.000231621 0.999009 0.000201796 0.000318895 2.31456e-06 9.31273e-05 
0.00207329 0.00485719 0.206402 0.268206 0.0142063 0.00401506 0.0219637 0.220435 0.0599241 0.197917 
0.00126985 0.00182767 0.0958914 0.065825 0.242249 0.00462765 0.0369328 0.214023 0.00381941 0.333534 
1.10427e-06 1.42037e-06 8.8442e-05 5.22935e-05 0.000231621 0.999009 0.000201796 0.000318895 2.31456e-06 9.31273e-05 
0.000940092 0.00164933 0.080927 0.062484 0.608007 0.00458729 0.0370469 0.0261614 0.0295649 0.148632 
5.09573e-08 5.61191e-06 0.0394108 0.184633 0.000370665 1.46918e-07 0.115282 0.000260042 0.000427027 0.659611 
8.47109e-05 0.104247 0.00723471 0.0405997 0.0298666 0.0022449 0.00713747 0.595326 0.130806 0.082453 
0.000276797 0.273586 0.357271 0.0935188 0.0784821 0.0405375 0.0375289 0.0923297 0.00213619 0.0243329 
9.8369e-08 1.71472e-05 0.0590576 0.00968636 8.92862e-05 2.26455e-06 0.840982 0.0325642 0.0147887 0.0428122 
0.000407848 0.00276729 0.220542 0.51266 0.067394 0.000457862 0.0183692 0.0932698 0.00711673 0.0770154 
1.69367e-09 4.2778e-05 5.22745e-07 0.964672 0.000705048 7.57067e-09 0.0143431 0.019809 0.000425078 2.76147e-06 
4.92438e-05 7.53713e-05 0.446457 0.00505914 0.000495203 6.16872e-05 0.180189 0.0203836 0.0085728 0.338657 
1.10427e-06 1.42037e-06 8.8442e-05 5.22935e-05 0.000231621 0.999009 0.000201796 0.000318895 2.31456e-06 9.31273e-05 
9.66275e-05 0.00694202 0.0192523 0.138391 0.0599156 0.0257256 0.0531286 0.275559 0.13717 0.283818 
1.10427e-06 1.42037e-06 8.8442e-05 5.22935e-05 0.000231621 0.999009 0.000201796 0.000318895 2.31456e-06 9.31273e-05 
2.22216e-05 0.0092944 0.207103 0.00275743 8.84971e-05 0.00047752 0.0219458 0.407034 0.00555881 0.345718 
0.000875542 0.0162648 0.130339 0.0903452 0.00123749 0.00103489 0.00255211 0.638303 0.0571416 0.061907 
2.61496e-05 0.00488887 0.0466476 0.00862892 9.15096e-05 0.000121222 0.0520053 0.516187 0.253536 0.117867 
4.04836e-11 6.04556e-06 0.0637382 0.0122661 0.00160544 0.000261017 0.00273576 0.808024 0.080332 0.0310316 
4.82308e-08 0.00723499 0.000870786 0.00587054 2.32781e-05 0.0162088 0.0685434 0.680605 0.146434 0.074209 
0.00119843 0.00135101 0.275307 0.397735 0.00603006 0.0171749 0.201094 0.0615903 0.00160837 0.0369104 
2.01759e-08 0.916484 0.0065785 0.027846 8.49047e-07 1.36637e-05 0.00670198 0.0161971 0.0236275 0.00255023 
8.32279e-06 3.64254e-05 0.0178916 0.101889 7.31444e-05 1.29296e-05 0.00603225 0.647313 0.108394 0.11835 
3.24182e-07 0.000176132 0.0328079 0.000134922 0.000100804 1.69995e-06 0.00927181 0.0166078 0.0132895 0.927609 
0.00163789 0.191156 0.126722 0.0582603 0.0722663 0.0592972 0.0582338 0.207435 0.0962862 0.128706 
8.38081e-07 0.000210835 0.0988698 0.0166376 3.90858e-05 0.000305812 0.0593732 0.572128 0.205019 0.0474158 
6.6253e-06 0.000638835 0.0118189 0.000848035 0.0545228 0.000957942 0.000523122 0.930626 1.64371e-05 4.12487e-05 
0.000221195 0.00852533 0.30878 0.259687 0.0020558 0.00705815 0.276438 0.0696176 0.00686162 0.060756 
4.2107e-07 6.6892e-06 0.22737 0.00551923 0.00022947 0.00156509 0.00129949 0.458108 0.00635333 0.299548 
2.04097e-05 2.08087e-05 0.1036 0.0165168 0.000382918 0.0260042 0.0797997 0.489531 0.0824604 0.201663 
2.80196e-05 0.0020663 0.0485011 0.682187 0.00160061 2.91972e-05 0.129271 0.00651531 0.0585226 0.0712794 
6.47847e-09 1.00436e-08 0.538685 8.03329e-07 9.41114e-09 0.000249324 0.00898456 0.012037 0.00122264 0.438821 
4.28299e-05 0.000775023 0.219913 0.0118397 0.000365368 0.0267105 0.110726 0.268734 0.0777015 0.283191 
9.03009e-11 0.964023 0.00274342 0.0159839 8.99463e-06 4.03642e-10 0.00231539 0.00750861 0.00166063 0.00575566 
4.92645e-08 1.97466e-07 0.626401 0.0310581 0.000886238 1.3382e-07 0.120076 0.115622 0.00447324 0.101483 
0.000102685 0.0016884 0.0319238 0.00670172 0.745569 0.000122363 0.00744494 0.137954 0.00712255 0.0613705 
1.09083e-08 5.37597e-08 0.000126366 0.000209437 1.47847e-08 4.87597e-08 0.353979 0.645427 0.000115144 0.000143498 
9.18895e-11 9.51477e-06 0.0701449 0.42777 0.000769416 4.10743e-10 0.0110921 0.182052 0.000120805 0.308042 
6.6253e-06 0.000638835 0.0118189 0.000848035 0.0545228 0.000957942 0.000523122 0.930626 1.64371e-05 4.12487e-05 
0.00225339 0.00732326 0.199296 0.622822 0.0233027 0.0319734 0.0175987 0.0193732 0.0189486 0.0571088 
2.32624e-08 1.14645e-07 0.000734171 0.136044 1.58999e-05 0.000129976 0.780703 0.0130737 0.0337298 0.0355692 
1.10427e-06 1.42037e-06 8.8442e-05 5.22935e-05 0.000231621 0.999009 0.000201796 0.000318895 2.31456e-06 9.31273e-05 
7.67321e-05 0.000112206 0.149493 0.000166385 0.00062554 0.00380188 0.00179735 0.699822 0.000403968 0.1437 
9.63818e-06 0.00103143 0.0645327 0.211662 0.000117014 0.00543752 0.151404 0.469772 0.039786 0.0562477 
8.46707e-05 9.7194e-05 0.043566 0.171381 0.0115926 0.0211156 0.0452172 0.206857 0.177635 0.322453 
0.000720834 0.0168495 0.146755 0.0292231 0.00824298 0.00113869 0.0491724 0.443169 0.0548195 0.24991 
9.54478e-05 0.0147778 0.142954 0.701046 0.0226888 0.0209746 0.0297537 0.0179713 0.00180226 0.0479356 
3.79103e-10 0.00132091 0.250589 0.0723046 0.000397913 1.11212e-06 0.0251032 0.563394 0.00186884 0.0850205 
7.33066e-07 2.52893e-06 6.05174e-05 4.24867e-06 8.95103e-06 2.93485e-06 0.0106714 0.834279 0.00121786 0.153752 
1.10427e-06 1.42037e-06 8.8442e-05 5.22935e-05 0.000231621 0.999009 0.000201796 0.000318895 2.31456e-06 9.31273e-05 
1.10427e-06 1.42037e-06 8.8442e-05 5.22935e-05 0.000231621 0.999009 0.000201796 0.000318895 2.31456e-06 9.31273e-05 
4.63001e-07 0.0163204 0.0452422 0.0147511 0.00062815 4.86337e-07 0.070646 0.69512 0.139861 0.0174307 
9.45295e-06 0.00013235 2.18389e-05 0.0399624 3.90428e-05 3.12955e-05 0.00563393 0.87606 0.00756875 0.0705411 
4.63255e-08 1.85646e-07 0.0694429 3.43438e-05 1.43724e-07 1.25761e-07 0.78573 0.00118375 0.00992859 0.13368 
0.000714315 0.00296646 0.365429 0.19516 0.0891543 0.0160418 0.0786646 0.0565553 0.0346995 0.160615 
0.00141429 0.0310113 0.247519 0.464003 0.0147439 0.00152769 0.0644957 0.0186544 0.0187959 0.137834 
9.18895e-11 9.51477e-06 0.0701449 0.42777 0.000769416 4.10743e-10 0.0110921 0.182052 0.000120805 0.308042 
0.00419295 0.00462993 0.0611879 0.0420473 0.809562 0.0118744 0.0264617 0.021454 0.00789725 0.0106921 
0.00110923 0.00670709 0.241294 0.0892183 0.00994382 0.0205955 0.167449 0.0146152 0.0291973 0.419871 
1.69393e-05 0.000366994 0.10927 0.797525 8.83358e-05 2.21346e-05 0.00397907 0.0285935 0.0106723 0.0494661 
7.49311e-05 0.000228365 0.00824271 0.00185441 0.000505189 0.0724427 0.0944981 0.612913 0.0305021 0.178738 
1.10427e-06 1.42037e-06 8.8442e-05 5.22935e-05 0.000231621 0.999009 0.000201796 0.000318895 2.31456e-06 9.31273e-05 
2.99565e-05 0.0224267 0.104669 0.000339607 0.00335251 0.000738169 0.104319 0.274961 0.0190352 0.470128 
0.000686568 0.153363 0.322845 0.064885 0.186944 0.00170727 0.00861983 0.106684 0.0543263 0.0999389 
1.00019e-05 4.60949e-05 0.0572645 5.65422e-05 8.66369e-05 7.17245e-05 0.517229 0.109348 0.00489215 0.310995 
1.03838e-05 0.000430706 0.188132 0.347234 0.0500558 0.00943757 0.0474135 0.184655 0.0403392 0.132292 
0.00050826 0.000612518 0.107644 0.000779709 0.000834971 0.324579 0.0515001 0.0974343 0.00211127 0.413996 
1.10427e-06 1.42037e-06 8.8442e-05 5.22935e-05 0.000231621 0.999009 0.000201796 0.000318895 2.31456e-06 9.31273e-05 
1.98161e-06 6.80644e-05 0.0345314 0.926528 0.0129034 0.00288679 0.0132183 0.00581205 0.000712645 0.00333713 
5.84105e-05 0.00239997 0.0283619 0.00238945 0.808633 0.000117219 0.00036681 0.135536 0.00778942 0.0143474 
3.78879e-05 0.00124115 0.0170811 0.00467036 0.844324 0.000149671 0.00149273 0.128233 0.000329076 0.00244039 
9.43484e-09 4.6498e-08 0.00554271 0.136392 1.27876e-08 4.21734e-08 0.00862598 0.822721 0.0259816 0.00073624 
1.29312e-06 0.00068531 0.0252484 0.0651054 0.000584387 1.46946e-05 0.514552 0.26625 0.0171014 0.110457 
1.609e-06 7.05573e-06 0.000239251 0.0330154 0.00633041 2.45162e-05 0.140496 0.120418 0.0228881 0.67658 
2.5345e-05 0.00110813 0.872492 0.000611599 0.00101267 0.000908515 0.00236593 0.0920747 0.000884248 0.028517 
8.00532e-05 0.000110098 0.0505097 0.0283801 0.588316 0.0016965 0.000296428 0.201042 0.116423 0.0131459 
7.03136e-06 0.000102335 0.353447 0.191109 0.015143 0.000300896 0.325439 0.00227901 0.003771 0.108402 
6.37103e-08 0.00313184 0.178783 0.335214 0.00208469 1.83427e-06 0.011667 0.237589 0.224962 0.006566 
2.01732e-05 4.53228e-05 0.2464 0.00667644 0.000193388 4.36366e-05 0.147191 0.194924 0.0598438 0.344663 
6.18428e-05 0.00918271 0.0372138 0.000109189 0.000288795 0.000180327 0.00676428 0.0116214 0.0328551 0.901723 
0.000175789 0.149507 0.679105 0.0202035 0.0186106 0.00157781 0.0357616 0.0406228 0.00641446 0.0480214 
0.000158464 0.0562371 0.065834 0.0563638 0.0352109 0.015579 0.283344 0.010622 0.176773 0.299878 
1.10427e-06 1.42037e-06 8.8442e-05 5.22935e-05 0.000231621 0.999009 0.000201796 0.000318895 2.31456e-06 9.31273e-05 
1.112e-07 2.07665e-07 0.29749 0.114493 1.38353e-07 3.7352e-05 0.00847157 0.259863 0.0113819 0.308262 
1.10427e-06 1.42037e-06 8.8442e-05 5.22935e-05 0.000231621 0.999009 0.000201796 0.000318895 2.31456e-06 9.31273e-05 
6.45698e-09 3.95468e-06 0.0162522 0.000141007 0.00257466 6.5975e-06 0.000172405 0.899193 0.0733318 0.00832401 
0.00285436 0.0307835 0.0795543 0.0810452 0.00907562 0.00705572 0.0369423 0.291298 0.151769 0.309622 
3.78879e-05 0.00124115 0.0170811 0.00467036 0.844324 0.000149671 0.00149273 0.128233 0.000329076 0.00244039 
4.06064e-06 0.0038711 0.463296 5.11132e-06 3.15885e-05 0.00141405 0.0404968 0.359401 0.000870087 0.130611 
0.000123086 0.000192467 0.408709 0.273095 0.00140573 0.000361496 0.108319 0.00552479 0.0321705 0.1701 
0.000113585 0.310211 0.108664 0.196285 0.0192015 0.000264387 0.0139032 0.176184 0.0786404 0.0965336 
1.10427e-06 1.42037e-06 8.8442e-05 5.22935e-05 0.000231621 0.999009 0.000201796 0.000318895 2.31456e-06 9.31273e-05 
2.02312e-11 9.9706e-11 0.659975 7.01537e-07 2.74206e-11 9.04327e-11 0.214012 0.00878287 0.00316558 0.114064 
5.10018e-06 8.18997e-06 0.00694875 0.0906903 0.0422934 0.000310558 0.000387927 0.772796 0.0838144 0.00274573 
2.75912e-05 0.000394033 0.0760842 0.144913 3.68347e-05 0.00559202 0.735087 0.00314184 0.0118633 0.0228602 
8.86057e-08 1.0354e-07 0.105204 0.000365637 0.000381889 0.61133 0.141104 0.0763313 0.00025896 0.0650246 
0.000113585 0.310211 0.108664 0.196285 0.0192015 0.000264387 0.0139032 0.176184 0.0786404 0.0965336 
1.10427e-06 1.42037e-06 8.8442e-05 5.22935e-05 0.000231621 0.999009 0.000201796 0.000318895 2.31456e-06 9.31273e-05 
1.6841e-09 2.57378e-05 0.0710944 5.93815e-05 0.000116642 0.000298112 7.61131e-06 0.928115 0.000238187 4.48127e-05 
9.6814e-06 0.00196787 0.0433209 0.0624483 0.000844939 0.000915159 0.0720021 0.710418 0.0604951 0.0475776 
5.22714e-08 0.0106344 0.322698 0.00483412 0.000168329 0.000462078 0.0141755 0.334737 0.0105016 0.301789 
4.29161e-08 0.0025045 0.081814 0.0762545 0.481256 5.82447e-07 0.000524407 0.314234 2.1696e-05 0.0433899 
0.00226041 0.0029977 0.0772629 0.0601192 0.157959 0.0757999 0.0221473 0.26128 0.0260965 0.314077 
1.10427e-06 1.42037e-06 8.8442e-05 5.22935e-05 0.000231621 0.999009 0.000201796 0.000318895 2.31456e-06 9.31273e-05 
9.17889e-06 0.0019959 0.0017356 0.0234258 0.00331896 0.300107 0.0752962 0.514971 0.0017149 0.0774246 
1.10427e-06 1.42037e-06 8.8442e-05 5.22935e-05 0.000231621 0.999009 0.000201796 0.000318895 2.31456e-06 9.31273e-05 
1.47876e-06 0.000767918 0.376088 0.0208747 0.017985 9.63755e-06 0.165384 0.235362 0.0644776 0.11905 
4.32404e-09 3.94344e-06 0.00953821 0.757324 9.60605e-05 0.000136518 8.17361e-05 0.224962 0.00342312 0.00443488 
0.000204599 0.00214459 0.010717 0.094047 0.0340114 0.00117961 0.0275389 0.0137855 0.0571586 0.759213 
1.10427e-06 1.42037e-06 8.8442e-05 5.22935e-05 0.000231621 0.999009 0.000201796 0.000318895 2.31456e-06 9.31273e-05 
1.27363e-10 6.27685e-10 0.0597106 0.0789979 2.84266e-07 5.69306e-10 0.21788 0.615974 0.0274346 2.53222e-06 
0.000859483 0.00967996 0.374511 0.00623699 0.018105 0.00135946 0.186531 0.1369 0.10636 0.159457 
0.000221999 0.000811228 0.135035 0.0191911 0.000269321 0.000843173 0.0123033 0.751726 0.016336 0.063263 
5.22714e-08 0.0106344 0.322698 0.00483412 0.000168329 0.000462078 0.0141755 0.334737 0.0105016 0.301789 
2.72313e-05 0.000521444 0.00102315 0.000715319 0.000797525 0.0036308 4.14114e-05 0.304673 0.00290531 0.685664 
1.10427e-06 1.42037e-06 8.8442e-05 5.22935e-05 0.000231621 0.999009 0.000201796 0.000318895 2.31456e-06 9.31273e-05 
3.78879e-05 0.00124115 0.0170811 0.00467036 0.844324 0.000149671 0.00149273 0.128233 0.000329076 0.00244039 
1.10427e-06 1.42037e-06 8.8442e-05 5.22935e-05 0.000231621 0.999009 0.000201796 0.000318895 2.31456e-06 9.31273e-05 
1.10427e-06 1.42037e-06 8.8442e-05 5.22935e-05 0.000231621 0.999009 0.000201796 0.000318895 2.31456e-06 9.31273e-05 
1.40098e-05 0.00219806 0.0697743 0.756875 0.00277299 0.000342645 0.00944129 0.101396 0.0455124 0.0116741 
4.01795e-10 6.53657e-06 2.6181e-05 3.01528e-05 1.40507e-05 1.79601e-09 0.052215 2.32555e-05 0.00653293 0.941152 
1.10427e-06 1.42037e-06 8.8442e-05 5.22935e-05 0.000231621 0.999009 0.000201796 0.000318895 2.31456e-06 9.31273e-05 
5.0977e-05 0.0299213 0.0701279 0.00190858 0.0141089 0.322424 0.000214867 0.435446 0.00362911 0.122169 
1.67436e-05 0.000399162 0.580494 0.109011 0.00340315 5.37064e-05 0.272085 0.000983032 0.000495073 0.0330595 
2.21617e-06 0.00221704 0.000714717 0.0627661 0.0612718 0.00105047 0.376259 0.145976 0.0864564 0.263286 
9.24758e-08 4.55751e-07 0.107712 0.0398314 5.39837e-05 0.000110663 0.00267807 0.705152 0.0685561 0.0759055 
0.00217094 0.0174244 0.22497 0.0952272 0.0174864 0.00625416 0.0469123 0.462947 0.037834 0.0887732 
3.75875e-08 1.44492e-06 0.016418 0.874479 0.000185759 1.64597e-06 0.00661786 0.0742179 0.0106103 0.0174685 
1.70796e-05 7.9423e-05 0.0260959 0.000539257 3.68388e-05 9.44264e-05 0.0776525 0.0334939 0.00121669 0.860774 
2.95164e-08 0.000105198 0.002761 0.522479 0.00163462 4.32673e-07 0.00690848 0.00143115 0.0226036 0.442077 
1.15024e-07 0.000835094 0.241585 0.040282 3.5697e-07 3.12148e-07 0.175617 1.27686e-06 0.03698 0.504699 
8.50578e-10 4.19193e-09 0.103654 1.06184e-05 3.69025e-06 6.4673e-06 0.105586 0.260148 4.66294e-05 0.530544 
1.10427e-06 1.42037e-06 8.8442e-05 5.22935e-05 0.000231621 0.999009 0.000201796 0.000318895 2.31456e-06 9.31273e-05 
0.000144336 0.000394573 0.193307 0.00945649 0.00118592 0.00208127 0.0145447 0.194202 0.0364163 0.548267 
0.00278501 0.00313241 0.136068 0.0456989 0.0572846 0.00942639 0.00378548 0.543199 0.0719461 0.126674 
0.000276797 0.273586 0.357271 0.0935188 0.0784821 0.0405375 0.0375289 0.0923297 0.00213619 0.0243329 
6.6253e-06 0.000638835 0.0118189 0.000848035 0.0545228 0.000957942 0.000523122 0.930626 1.64371e-05 4.12487e-05 
1.10427e-06 1.42037e-06 8.8442e-05 5.22935e-05 0.000231621 0.999009 0.000201796 0.000318895 2.31456e-06 9.31273e-05 
3.08798e-05 7.30292e-05 0.0430282 0.00412344 0.000172348 0.000800727 0.0496355 0.769045 0.0291214 0.10397 
0.00154793 0.476532 0.0235401 0.00158418 0.0581802 0.00769422 0.00256965 0.413119 0.00692634 0.00830656 
6.7065e-05 0.00025271 0.102884 0.0323999 0.000255904 0.000549905 0.711799 0.00746017 0.0103295 0.134002 
1.15925e-10 5.71317e-10 0.167523 0.00548753 0.139473 5.18181e-10 0.000549714 0.327445 0.199435 0.160086 
7.24377e-05 0.00154808 0.092158 0.0366178 0.217653 0.00936797 0.353344 0.0244897 0.121582 0.143167 
0.000656428 0.00291982 0.0235158 0.13213 0.00283286 0.00346994 0.0128803 0.512347 0.150828 0.15842 
1.23358e-05 0.0122837 0.475474 0.185335 0.001511 5.76931e-05 0.0162052 0.153736 0.0165498 0.138836 
0.000615147 0.000928763 0.0404866 0.019045 0.000905369 0.529722 0.00147635 0.0683286 0.106505 0.231987 
1.10427e-06 1.42037e-06 8.8442e-05 5.22935e-05 0.000231621 0.999009 0.000201796 0.000318895 2.31456e-06 9.31273e-05 
6.74336e-05 0.0443578 0.553468 0.178686 0.00930996 0.00276557 0.0545859 0.00854548 0.000760675 0.147453 
3.20578e-05 9.75011e-05 0.0643799 0.00535908 0.000924869 0.000341108 0.0673256 0.796972 0.0320943 0.0324736 
1.10427e-06 1.42037e-06 8.8442e-05 5.22935e-05 0.000231621 0.999009 0.000201796 0.000318895 2.31456e-06 9.31273e-05 
2.52189e-08 0.209204 0.00707959 0.0199418 0.00682691 3.27704e-07 0.0906166 0.0120278 0.00659473 0.647708 
2.10069e-05 0.0005322 0.0149286 0.108875 0.000287252 0.000579158 0.0765862 0.660467 0.000685253 0.137039 
1.92053e-12 0.00110765 0.216895 0.405417 0.000554949 0.0851615 0.233844 0.0110824 0.00496861 0.0409684 
5.96723e-05 0.000811384 0.0310719 0.0489171 0.000361139 0.00133144 0.0119211 0.0102701 0.0608644 0.834392 
3.90417e-05 0.00532196 0.0148429 0.265869 0.0186113 0.000272987 0.344457 0.0503299 0.10711 0.193146 
6.96237e-09 0.000144398 0.0107122 0.0710668 7.15971e-05 0.00378303 0.812385 0.0582966 0.0153268 0.0282132 
8.00042e-06 0.843308 0.0277585 0.0178196 0.00172907 2.28508e-05 0.00148425 0.0658467 0.0176833 0.0243401 
7.20784e-10 2.34245e-06 0.00836495 0.0276532 0.000480777 0.000240395 0.10753 0.474768 0.156985 0.223976 
0.0016002 0.00610306 0.0400878 0.0532172 0.0103166 0.00523017 0.0443524 0.687282 0.0202827 0.131528 
3.29165e-07 1.31899e-06 0.313526 3.70874e-06 0.000332927 0.428831 1.65124e-05 0.255876 0.00015403 0.00125803 
8.4019e-06 0.019617 0.081258 0.0755125 0.000919594 0.122081 0.479124 0.0280888 0.0451954 0.148196 
0.00154507 0.00821216 0.176097 0.233249 0.030972 0.00168622 0.0395134 0.266569 0.0129209 0.229235 
6.6253e-06 0.000638835 0.0118189 0.000848035 0.0545228 0.000957942 0.000523122 0.930626 1.64371e-05 4.12487e-05 
6.20193e-07 3.05652e-06 2.5561e-05 5.87159e-05 9.33899e-05 2.77224e-06 0.000383146 0.994772 8.7269e-05 0.00457388 
3.94646e-05 0.00387182 0.0834276 0.382559 0.000543965 0.000344669 0.054947 0.0334143 0.0190585 0.421794 
6.6253e-06 0.000638835 0.0118189 0.000848035 0.0545228 0.000957942 0.000523122 0.930626 1.64371e-05 4.12487e-05 
1.99842e-10 9.8489e-10 9.55837e-06 0.0366643 2.7086e-10 4.19935e-06 4.72212e-06 0.950349 1.90103e-06 0.0129661 
0.000168341 0.0001786 0.0408091 0.0526132 0.000971056 0.000947556 0.0748208 0.690817 0.0516859 0.0869885 
1.26534e-05 0.00565876 0.486018 0.00260986 0.000408446 0.00468839 0.122708 0.250317 0.00697764 0.1206 
4.64233e-06 0.00139633 0.0102188 4.64258e-06 0.0297136 0.0176343 4.64238e-06 0.940085 0.000933207 4.64293e-06 
0.000334477 0.0352832 0.15892 0.348266 0.000561388 0.0351846 0.0483721 0.0888062 0.0290062 0.255266 
9.4751e-10 1.61557e-06 0.0607233 0.545205 9.36797e-05 4.23534e-09 0.00617561 0.0997024 0.0158304 0.272268 
0.000432012 0.0022308 0.0683109 0.0979721 0.00278731 0.0092312 0.066809 0.300572 0.0501917 0.401463 
5.6006e-05 0.000909803 0.109724 0.00250886 0.00764422 0.000155607 0.218872 0.0990368 0.000913639 0.560178 
6.87287e-05 0.000102651 0.0354474 0.000161829 0.00016449 0.0001006 0.0709442 0.0321159 0.000156845 0.860737 
2.8474e-06 0.000115865 0.321586 0.36729 3.55344e-05 1.46196e-05 0.10164 0.0179071 0.0139258 0.177482 
3.04874e-12 3.00655e-08 0.125067 0.00445715 4.13216e-12 4.22598e-08 0.00373415 5.92947e-05 0.0097363 0.856946 
1.46046e-09 7.19763e-09 0.0343887 0.00120501 0.00316146 6.52821e-09 0.0240858 0.815698 0.104788 0.0166725 
6.31519e-05 0.000158685 0.0745134 0.0898614 0.000447841 0.23976 0.0461577 0.457945 0.00875341 0.0823393 
1.10427e-06 1.42037e-06 8.8442e-05 5.22935e-05 0.000231621 0.999009 0.000201796 0.000318895 2.31456e-06 9.31273e-05 
1.60782e-07 0.0167167 0.0140433 0.00261143 0.000356845 3.12343e-07 0.127377 0.00412711 0.0117158 0.823051 
3.99001e-05 0.00279994 0.0599677 0.0105326 0.00113143 0.0350231 0.0072325 0.862641 0.0041152 0.0165167 
0.000198252 0.00829166 0.31593 0.0159632 0.000526007 0.000669119 0.026516 0.0080309 0.0267437 0.597131 
0.00110926 0.0687608 0.356858 0.0352156 0.166348 0.0331809 0.0812463 0.192129 0.0136348 0.0515173 
0.000235017 0.208617 0.147411 0.0379666 0.00473506 0.00269877 0.0390454 0.374458 0.0439359 0.140896 
7.59233e-06 3.29174e-05 0.0547183 0.190436 4.78425e-05 0.0009123 0.648265 0.0280391 0.0222329 0.0553079 
1.10427e-06 1.42037e-06 8.8442e-05 5.22935e-05 0.000231621 0.999009 0.000201796 0.000318895 2.31456e-06 9.31273e-05 
0.000161807 0.239933 0.108465 0.0542387 0.136261 0.00216274 0.0146819 0.347161 0.00975386 0.0871809 
2.08975e-05 0.0249589 0.0109524 0.024482 0.00255466 8.40207e-05 0.120304 0.716143 0.0706654 0.0298345 
0.000101212 0.000340883 0.212082 0.0105221 0.000953893 0.00662581 0.000471941 0.747785 0.000301554 0.0208151 
0.000353125 0.00621664 0.206289 0.0341272 0.274641 0.0612477 0.146521 0.072926 0.00137809 0.196301 
9.21042e-06 2.7446e-05 0.00232884 0.0032684 0.0184966 1.42398e-05 0.00939802 0.950376 0.0108525 0.00522897 
0.000899026 0.00108419 0.00851784 0.00419841 0.608511 0.354413 0.00312097 0.0057591 0.00293064 0.0105656 
4.38432e-08 8.57188e-07 0.612752 1.71462e-07 0.000230093 0.0141539 0.0588529 0.08426 0.0127028 0.217047 
1.10427e-06 1.42037e-06 8.8442e-05 5.22935e-05 0.000231621 0.999009 0.000201796 0.000318895 2.31456e-06 9.31273e-05 
1.10427e-06 1.42037e-06 8.8442e-05 5.22935e-05 0.000231621 0.999009 0.000201796 0.000318895 2.31456e-06 9.31273e-05 
1.10427e-06 1.42037e-06 8.8442e-05 5.22935e-05 0.000231621 0.999009 0.000201796 0.000318895 2.31456e-06 9.31273e-05 
0.00226041 0.0029977 0.0772629 0.0601192 0.157959 0.0757999 0.0221473 0.26128 0.0260965 0.314077 
0.000344899 0.00107527 0.0427119 0.0790141 0.00659707 0.00307469 0.238536 0.415558 0.171846 0.0412418 
1.10427e-06 1.42037e-06 8.8442e-05 5.22935e-05 0.000231621 0.999009 0.000201796 0.000318895 2.31456e-06 9.31273e-05 
0.000155164 0.000159153 0.000566993 0.00472785 0.000241645 0.00023299 0.00745199 0.825668 0.113075 0.047721 
1.10427e-06 1.42037e-06 8.8442e-05 5.22935e-05 0.000231621 0.999009 0.000201796 0.000318895 2.31456e-06 9.31273e-05 
1.28973e-05 0.0127633 0.133764 0.48155 0.108388 3.42291e-05 0.000624215 0.257829 0.000577176 0.00445773 
1.0765e-05 0.000119162 0.0994511 0.000119684 0.000114165 0.000111066 0.0173838 0.472444 0.0100382 0.400208 
0.00011916 0.0852633 0.012085 0.0606887 0.00515168 0.234908 0.0136104 0.517982 0.0385747 0.0316172 
0.000248393 0.0124985 0.148686 0.00998578 0.000872859 0.00679042 0.0446775 0.646162 0.00783765 0.122241 
8.82193e-12 4.34774e-11 0.00655794 5.97065e-08 6.42966e-05 7.11708e-08 0.000984516 0.218777 0.00111943 0.772497 
1.21082e-06 5.96731e-06 0.000359966 8.47069e-05 0.00221975 5.41231e-06 0.000424585 0.996745 7.96151e-05 7.42284e-05 
4.43361e-09 4.16399e-05 0.117961 7.8085e-05 0.000137352 0.000155764 0.137575 0.0583345 0.000846931 0.684869 
6.6253e-06 0.000638835 0.0118189 0.000848035 0.0545228 0.000957942 0.000523122 0.930626 1.64371e-05 4.12487e-05 
0.00475241 0.0667506 0.074555 0.166056 0.00479283 0.00600725 0.0171948 0.104699 0.292249 0.262943 
1.10427e-06 1.42037e-06 8.8442e-05 5.22935e-05 0.000231621 0.999009 0.000201796 0.000318895 2.31456e-06 9.31273e-05 
1.30245e-05 2.99328e-05 0.000350241 4.75639e-05 2.89744e-05 0.00146505 5.07741e-05 0.99787 6.6688e-05 7.77149e-05 
2.5827e-05 5.36585e-05 0.0257117 0.0245307 9.52776e-05 0.046926 0.0477356 0.669682 0.0799268 0.105313 
1.70547e-06 7.25887e-05 0.00149897 0.00450993 0.00229274 0.0363548 0.000326272 0.951842 0.00222654 0.000874375 
1.10427e-06 1.42037e-06 8.8442e-05 5.22935e-05 0.000231621 0.999009 0.000201796 0.000318895 2.31456e-06 9.31273e-05 
1.06801e-07 7.72486e-05 0.341054 0.00824291 0.000638307 0.00216018 0.0766313 0.385755 0.137088 0.0483531 
0.000735983 0.131908 0.236322 0.0121647 0.00809042 0.00366797 0.0147619 0.239354 0.0551563 0.297838 
1.10427e-06 1.42037e-06 8.8442e-05 5.22935e-05 0.000231621 0.999009 0.000201796 0.000318895 2.31456e-06 9.31273e-05 
0.000184914 0.000697877 0.304525 0.00732728 0.00632031 0.000187544 0.278998 0.026614 0.00103084 0.374114 
4.8519e-05 0.000462579 0.190884 0.348611 0.000918346 0.017206 0.0263157 0.00491604 0.015317 0.39532 
3.16828e-07 1.41281e-05 0.00888427 0.165933 0.025226 5.80861e-07 0.0488318 0.0457653 0.11502 0.590324 
1.98584e-10 1.78374e-07 0.0189369 0.0179302 2.69153e-10 3.27467e-08 0.0195729 0.000432059 0.00125485 0.941873 
0.000614386 0.0102551 0.0856836 0.131282 0.0131454 0.00251935 0.0119565 0.676805 0.0345501 0.0331886 
1.09446e-05 5.09758e-05 0.0391615 0.000354142 4.50577e-05 0.000155701 0.0229809 0.71703 0.00583361 0.214377 
0.000273995 0.000388046 0.0268497 0.0030345 0.00138343 0.0104584 0.00789276 0.840619 0.0294122 0.0796882 
3.01263e-09 0.14246 0.00422929 0.0786678 1.54094e-05 7.08154e-08 0.0830129 0.00032414 0.00131845 0.689972 
1.10427e-06 1.42037e-06 8.8442e-05 5.22935e-05 0.000231621 0.999009 0.000201796 0.000318895 2.31456e-06 9.31273e-05 
1.10427e-06 1.42037e-06 8.8442e-05 5.22935e-05 0.000231621 0.999009 0.000201796 0.000318895 2.31456e-06 9.31273e-05 
4.49243e-07 6.52291e-05 0.0379512 0.113588 1.0303e-05 8.51607e-06 0.824498 0.000322422 0.0195716 0.00398445 
1.10427e-06 1.42037e-06 8.8442e-05 5.22935e-05 0.000231621 0.999009 0.000201796 0.000318895 2.31456e-06 9.31273e-05 
2.04452e-07 0.000197167 0.0441638 0.775235 0.00592172 0.000367657 0.127979 0.00113144 0.00140847 0.0435959 
