0.000119313 2.59437e-07 0.904331 0.00289238 0.00013667 1.77784e-07 0.000339152 0.0689744 0.0181534 0.00505318 
2.08633e-07 5.21262e-07 0.0152187 0.0110758 0.00117062 5.57495e-10 0.000163114 0.945684 0.00486055 0.0218264 
0.000675674 0.000886401 0.03715 0.0657278 0.000115646 1.89486e-07 0.00555188 0.0251998 0.661376 0.203317 
3.71906e-05 0.000441318 0.00492593 0.00324989 0.986619 2.34409e-07 0.000658528 0.000266817 0.000340635 0.00346029 
0.0245391 0.00480461 0.301468 0.0518223 0.031093 3.45744e-05 0.237984 0.150162 0.0937982 0.104294 
6.20424e-05 0.0016754 0.439759 0.0747813 0.108088 4.37694e-05 0.0459412 0.261503 0.0113391 0.0568068 
3.71906e-05 0.000441318 0.00492593 0.00324989 0.986619 2.34409e-07 0.000658528 0.000266817 0.000340635 0.00346029 
3.71906e-05 0.000441318 0.00492593 0.00324989 0.986619 2.34409e-07 0.000658528 0.000266817 0.000340635 0.00346029 
0.000119313 2.59437e-07 0.904331 0.00289238 0.00013667 1.77784e-07 0.000339152 0.0689744 0.0181534 0.00505318 
3.71906e-05 0.000441318 0.00492593 0.00324989 0.986619 2.34409e-07 0.000658528 0.000266817 0.000340635 0.00346029 
0.000159009 7.54605e-08 0.0112098 0.0437588 3.57056e-05 0.000235108 0.00255111 0.56459 0.275075 0.102386 
6.71424e-05 3.18419e-08 0.00602798 0.0217902 0.00137945 5.40653e-12 0.00274048 0.000979079 0.0189764 0.948039 
0.000119313 2.59437e-07 0.904331 0.00289238 0.00013667 1.77784e-07 0.000339152 0.0689744 0.0181534 0.00505318 
0.000769015 3.43545e-07 0.0150181 0.00556077 0.0109327 1.41493e-06 0.819509 0.123761 0.0212684 0.00317996 
0.00174421 0.0153379 0.0325012 0.387149 0.00307755 2.77177e-06 0.012239 0.00739708 0.366046 0.174505 
3.71906e-05 0.000441318 0.00492593 0.00324989 0.986619 2.34409e-07 0.000658528 0.000266817 0.000340635 0.00346029 
0.00276223 0.00107278 0.47769 0.0497571 0.00494786 0.0505871 0.18075 0.17624 0.0187417 0.0374514 
3.71906e-05 0.000441318 0.00492593 0.00324989 0.986619 2.34409e-07 0.000658528 0.000266817 0.000340635 0.00346029 
0.0024491 0.000393488 0.118359 0.0414739 0.00710369 0.000908083 0.0184439 0.0182867 0.0392756 0.753306 
3.71906e-05 0.000441318 0.00492593 0.00324989 0.986619 2.34409e-07 0.000658528 0.000266817 0.000340635 0.00346029 
2.65496e-05 7.425e-10 0.000357156 0.000490958 0.00265583 6.73443e-10 0.000244993 0.988717 8.39828e-05 0.00742371 
0.0045205 0.0141957 0.15669 0.347012 0.0123393 0.000215899 0.0390426 0.0843737 0.21911 0.1225 
0.0051676 0.00168933 0.18103 0.0340429 0.0105489 2.48659e-07 0.0215113 0.292447 0.0702351 0.383328 
0.000180933 0.000171117 0.0124845 0.00696574 0.746144 5.71317e-06 0.00312879 0.207539 0.00309808 0.0202823 
1.67364e-07 2.09288e-08 0.00519805 0.0324787 0.000246228 6.61987e-10 0.00894858 0.00653369 0.000435683 0.946159 
0.00546403 0.109743 0.190723 0.0270777 0.553281 0.000245145 0.0123896 0.0778142 0.00394513 0.0193174 
3.71906e-05 0.000441318 0.00492593 0.00324989 0.986619 2.34409e-07 0.000658528 0.000266817 0.000340635 0.00346029 
0.00292634 4.64089e-07 0.114539 0.330084 0.00520167 0.000325355 0.0273553 0.423142 0.0543438 0.0420825 
2.99976e-05 0.000373185 0.0297849 0.425836 0.000717344 1.6246e-08 0.0212353 0.00267702 0.0215954 0.497751 
3.71906e-05 0.000441318 0.00492593 0.00324989 0.986619 2.34409e-07 0.000658528 0.000266817 0.000340635 0.00346029 
0.00015751 0.00107235 0.271383 0.65417 0.022506 0.000371101 0.0416529 0.00260203 0.000454403 0.00563093 
1.42462e-06 0.219912 0.0956573 0.0510624 0.00523323 1.17148e-08 0.0139352 0.604804 0.00767321 0.00172078 
5.32393e-05 1.63585e-06 0.195391 0.000158084 0.00070783 3.48494e-06 0.0020967 0.0162614 0.0360858 0.749241 
1.6852e-05 0.00293216 0.140236 0.0883975 0.00194468 0.000353936 0.0395865 0.499021 0.181928 0.0455836 
0.00143372 0.000181961 0.0216503 0.0976556 0.0133427 9.46375e-09 0.0360293 0.0557367 0.742684 0.0312856 
1.43101e-07 6.6786e-11 0.0118003 0.175844 0.000404282 3.2563e-08 0.00568988 0.0314844 0.43824 0.336538 
0.002587 0.00298467 0.00602487 0.671063 0.109052 1.48286e-07 0.00361207 0.00672208 0.00385605 0.194099 
0.0104521 0.0156649 0.135714 0.167815 0.000554631 0.00543629 0.141498 0.247156 0.148481 0.127228 
3.71906e-05 0.000441318 0.00492593 0.00324989 0.986619 2.34409e-07 0.000658528 0.000266817 0.000340635 0.00346029 
2.53813e-05 0.00233631 0.000649797 0.791595 0.00211884 6.23158e-11 0.087484 0.0108473 0.0560308 0.0489121 
0.000227613 5.86174e-05 0.0404732 0.0231154 0.000997968 5.18922e-06 0.00610296 0.0224973 0.0351465 0.871375 
0.000514771 0.000156927 0.151456 0.0452429 0.000850756 0.00272986 0.0892467 0.655709 0.0409015 0.0131918 
1.16166e-07 5.31128e-10 0.00303855 0.00784445 0.000104814 0.890998 0.000448435 0.0665952 0.022483 0.00848703 
0.00190968 0.00844199 0.0991827 0.551029 5.08941e-05 1.81982e-06 0.0162394 0.012943 0.0937039 0.216497 
0.000521233 9.96756e-05 0.00487784 0.317956 0.00575182 2.57611e-09 0.00119453 0.0130098 0.00765038 0.648939 
0.000183412 0.000173575 0.181662 0.000974271 0.000452593 1.8431e-07 0.0168369 0.599209 0.017085 0.183423 
0.000257466 0.0028525 0.779546 0.0486677 0.0397874 1.88131e-09 0.0199228 0.0048758 0.040851 0.0632396 
0.00396759 0.000650241 0.403771 0.147643 0.0438949 0.000190219 0.0152815 0.0859405 0.0869752 0.211686 
4.64483e-05 0.00274824 0.00504659 0.0180507 0.0622778 1.22763e-08 0.00511472 0.00122596 0.040629 0.864861 
0.0011003 0.00294278 0.138457 0.243891 5.30431e-05 1.94055e-07 0.205696 0.0110697 0.026742 0.370048 
0.00734818 0.259282 0.156266 0.0508289 0.000771309 8.09928e-07 0.040514 0.0193688 0.163709 0.301911 
1.02627e-05 0.000528436 0.120962 0.236724 0.027753 3.50373e-08 0.115655 0.00273584 5.98006e-05 0.495572 
0.00681487 0.0134329 0.019328 0.0477408 0.00480833 1.58916e-05 0.0520531 0.0167353 0.0219521 0.817119 
5.32393e-05 1.63585e-06 0.195391 0.000158084 0.00070783 3.48494e-06 0.0020967 0.0162614 0.0360858 0.749241 
0.00616182 0.00351665 0.242115 0.0957905 0.289053 1.79071e-05 0.0136883 0.100421 0.14125 0.107986 
3.71906e-05 0.000441318 0.00492593 0.00324989 0.986619 2.34409e-07 0.000658528 0.000266817 0.000340635 0.00346029 
3.71906e-05 0.000441318 0.00492593 0.00324989 0.986619 2.34409e-07 0.000658528 0.000266817 0.000340635 0.00346029 
3.71906e-05 0.000441318 0.00492593 0.00324989 0.986619 2.34409e-07 0.000658528 0.000266817 0.000340635 0.00346029 
0.00267559 2.79689e-05 0.0327004 0.00395761 0.000466637 0.425236 0.211049 0.225769 0.0300313 0.0680863 
9.43552e-05 0.00514678 0.235465 0.566036 0.00453451 2.1783e-08 0.0198922 0.107564 0.019707 0.0415606 
3.71906e-05 0.000441318 0.00492593 0.00324989 0.986619 2.34409e-07 0.000658528 0.000266817 0.000340635 0.00346029 
3.78879e-05 0.00124115 0.0170811 0.00467036 0.844324 0.000149671 0.00149273 0.128233 0.000329076 0.00244039 
3.71906e-05 0.000441318 0.00492593 0.00324989 0.986619 2.34409e-07 0.000658528 0.000266817 0.000340635 0.00346029 
3.71906e-05 0.000441318 0.00492593 0.00324989 0.986619 2.34409e-07 0.000658528 0.000266817 0.000340635 0.00346029 
3.71906e-05 0.000441318 0.00492593 0.00324989 0.986619 2.34409e-07 0.000658528 0.000266817 0.000340635 0.00346029 
4.36045e-06 1.02793e-05 0.00253989 0.145947 0.000138125 1.415e-06 0.785022 0.00501283 0.0598033 0.00152088 
0.0130961 0.00171691 0.27311 0.123342 0.0150239 1.85448e-05 0.0576069 0.0319041 0.0903533 0.393829 
0.000247163 0.00032514 0.00695651 0.00379171 0.000450835 0.0526325 0.0279964 0.878759 0.0132054 0.0156357 
0.00262706 0.00286013 0.620067 0.166579 0.000450163 2.33318e-07 0.0403262 0.053638 0.0259963 0.0874561 
9.0641e-07 0.000385341 0.0797789 0.74758 7.52012e-06 0.00474525 0.121748 0.0127837 0.0257552 0.00721461 
0.0112357 0.000541831 0.175989 0.0304357 0.0135108 0.0381418 0.000822701 0.492208 0.0859659 0.151148 
0.000683573 0.00321759 0.0167291 0.214911 0.23372 3.95993e-08 0.213373 0.0558027 0.036946 0.224617 
3.71906e-05 0.000441318 0.00492593 0.00324989 0.986619 2.34409e-07 0.000658528 0.000266817 0.000340635 0.00346029 
3.71906e-05 0.000441318 0.00492593 0.00324989 0.986619 2.34409e-07 0.000658528 0.000266817 0.000340635 0.00346029 
3.71906e-05 0.000441318 0.00492593 0.00324989 0.986619 2.34409e-07 0.000658528 0.000266817 0.000340635 0.00346029 
0.0004265 3.17726e-08 0.080916 0.0651012 0.00138987 2.88176e-08 0.0265107 0.741885 0.0416673 0.0421034 
0.000282402 0.00338659 0.00201818 0.226948 0.000399732 4.62943e-05 0.170236 0.0744974 0.0763916 0.445793 
0.000154042 0.110317 0.590967 0.0519563 5.37424e-07 2.28007e-07 0.0131668 0.000410442 0.017996 0.215032 
3.71906e-05 0.000441318 0.00492593 0.00324989 0.986619 2.34409e-07 0.000658528 0.000266817 0.000340635 0.00346029 
3.46377e-05 7.5223e-06 0.000111571 6.32957e-05 0.000239131 0.998642 0.000170752 0.000582427 2.85759e-05 0.000119712 
0.00582858 0.00195132 0.0652173 0.418928 0.0139327 0.000531166 0.0548852 0.0232391 0.0998392 0.315648 
0.0221264 0.00614115 0.408616 0.167644 0.0326654 2.12653e-06 0.0628932 0.0495845 0.0557659 0.194561 
0.0178896 0.0245328 0.0132423 0.119174 0.0352498 0.00642747 0.0193881 0.476665 0.0951315 0.1923 
0.00048928 0.000197811 0.152776 0.0263002 0.00074677 0.0447713 0.186457 0.170611 0.000819301 0.416832 
2.11227e-05 0.00630929 0.00787943 0.0146242 0.00120021 6.12678e-05 0.00263817 0.673591 0.109273 0.184402 
0.00103158 0.00215411 0.00462623 0.00643704 0.000571448 0.625324 0.00340702 0.234879 0.0749847 0.0465853 
0.00229304 0.000236502 0.0619088 0.00781897 0.801795 1.82608e-05 0.0048856 0.0284344 0.00756503 0.0850442 
1.39764e-06 3.6914e-08 0.0118158 0.043719 3.35977e-06 4.28405e-05 0.00142707 0.936304 0.00112992 0.00555702 
0.000117622 0.00029452 0.0232154 0.0277408 0.000546558 0.00122922 0.000214216 0.944904 8.39823e-05 0.0016535 
0.00141844 0.000228894 0.328439 0.0198722 0.185064 8.87336e-06 0.00832943 0.393757 0.0403394 0.0225426 
0.000396017 0.000889761 0.0117845 0.224958 0.005377 2.83339e-07 0.00161392 0.0326893 0.0412629 0.681028 
0.000128324 0.0865251 0.0798947 0.188009 0.000781849 1.27271e-06 0.0104277 0.0389761 0.0871372 0.508119 
3.71906e-05 0.000441318 0.00492593 0.00324989 0.986619 2.34409e-07 0.000658528 0.000266817 0.000340635 0.00346029 
0.000878712 5.53104e-07 0.0139066 0.115609 1.85129e-06 0.0199464 0.00397087 0.350872 0.0852704 0.409544 
0.00464234 0.0243809 0.156824 0.0321177 0.0154708 0.00102727 0.0174915 0.285753 0.0813479 0.380944 
3.14557e-07 6.20587e-07 0.0238793 1.88775e-05 0.0411559 3.00235e-06 0.0161764 0.818439 0.0546385 0.0456878 
0.0112357 0.000541831 0.175989 0.0304357 0.0135108 0.0381418 0.000822701 0.492208 0.0859659 0.151148 
3.71906e-05 0.000441318 0.00492593 0.00324989 0.986619 2.34409e-07 0.000658528 0.000266817 0.000340635 0.00346029 
0.001502 0.000840656 0.696857 0.0447544 0.0186947 9.22625e-05 0.0267091 0.0314358 0.0827908 0.0963232 
0.000165883 0.00520403 0.0508381 0.117463 9.51488e-05 4.36781e-05 0.0323051 0.00311175 0.409216 0.381557 
0.00158464 0.0165461 0.348554 0.383801 0.0022613 3.2265e-06 0.109704 0.0140327 0.00452609 0.118987 
0.0183061 0.00138397 0.0311297 0.0864399 0.0562675 2.57696e-05 0.027899 0.0193518 0.0491298 0.710066 
7.63152e-06 6.33978e-10 0.0161908 0.125836 2.06695e-07 0.0111652 0.120692 0.704181 0.0167222 0.00520503 
0.00629384 0.0383374 0.240753 0.358257 0.0156938 0.0244907 0.100972 0.0418337 0.0510274 0.122341 
0.0030442 0.0213333 0.352129 0.0411447 0.0125563 7.93458e-05 0.0182242 0.00589014 0.00868508 0.536914 
0.0227795 0.00644683 0.240067 0.195999 0.23848 9.88197e-09 0.123551 0.0542082 0.0575249 0.0609429 
0.000122259 3.43749e-05 0.775025 0.145782 0.000480131 0.000425411 0.0117844 0.0142077 0.0035083 0.0486308 
3.71906e-05 0.000441318 0.00492593 0.00324989 0.986619 2.34409e-07 0.000658528 0.000266817 0.000340635 0.00346029 
3.46377e-05 7.5223e-06 0.000111571 6.32957e-05 0.000239131 0.998642 0.000170752 0.000582427 2.85759e-05 0.000119712 
2.365e-06 2.3633e-06 0.0936656 0.159412 0.02034 2.3635e-06 0.0165575 0.432802 0.0872801 0.189936 
3.71906e-05 0.000441318 0.00492593 0.00324989 0.986619 2.34409e-07 0.000658528 0.000266817 0.000340635 0.00346029 
6.61351e-07 0.000105218 3.69736e-05 5.43831e-06 1.62707e-05 6.5679e-10 0.0808909 0.318742 0.600201 1.27248e-06 
3.71906e-05 0.000441318 0.00492593 0.00324989 0.986619 2.34409e-07 0.000658528 0.000266817 0.000340635 0.00346029 
9.18895e-11 9.51477e-06 0.0701449 0.42777 0.000769416 4.10743e-10 0.0110921 0.182052 0.000120805 0.308042 
0.00376904 0.00010023 0.156236 0.0606263 0.497424 8.19559e-06 0.0351818 0.155104 0.0085372 0.0830129 
2.12199e-05 0.0378978 0.0616782 0.0387413 0.00502992 1.32661e-05 0.0206005 0.730965 0.0572645 0.0477879 
0.00612569 0.00228144 0.0532895 0.317991 0.00109545 0.0110576 0.16982 0.071856 0.293189 0.0732944 
3.71906e-05 0.000441318 0.00492593 0.00324989 0.986619 2.34409e-07 0.000658528 0.000266817 0.000340635 0.00346029 
1.14238e-06 2.92072e-05 0.029333 0.0782628 0.00100866 4.72887e-07 0.00180007 0.726895 0.0669777 0.0956917 
0.00404999 0.000962748 0.0277935 0.0670607 5.8106e-05 0.0217341 0.0445636 0.723796 0.0629405 0.047041 
0.00248491 0.000627224 0.0672454 0.622643 0.00341845 0.000106006 0.00346187 0.0929988 0.0707956 0.136218 
0.00137212 0.00241951 0.0635812 0.129018 0.0292146 2.02431e-07 0.011412 0.101768 0.0680009 0.593213 
0.000423893 3.61644e-05 0.0190042 0.0288986 0.643019 7.23279e-09 0.0138063 0.224348 0.0211763 0.0492875 
0.0211341 0.00861476 0.38637 0.177986 0.0237818 0.000145058 0.0960014 0.150388 0.0381086 0.0974695 
0.00952578 0.0114345 0.13551 0.0553506 0.00443451 0.00167273 0.0251516 0.0128414 0.0320829 0.711996 
3.71142e-05 0.0001241 0.0119692 0.00795724 1.22987e-05 0.0163624 0.00408489 0.00222509 0.940729 0.0164987 
7.07831e-05 0.000148295 0.0175802 0.349296 0.000244698 4.506e-11 0.0122985 0.00106262 0.0222948 0.597004 
0.000832175 0.000174746 0.0782623 0.530786 0.00681635 2.28867e-06 0.0277615 0.0571447 0.104315 0.193905 
0.00141995 0.00977051 0.753096 0.0949779 0.000405001 7.9178e-06 0.00291498 0.00694648 0.020821 0.109641 
0.00212134 2.39035e-05 0.169948 0.019903 0.0124496 2.42429e-07 0.177434 0.0290302 0.175879 0.41321 
0.00732131 0.0575084 0.0681224 0.0453479 0.00290738 0.0519661 0.0453895 0.40791 0.208533 0.104994 
2.36092e-06 0.000172873 0.0117211 0.00310694 0.00101773 0.00368334 0.00310496 0.951894 0.00662973 0.0186665 
3.71906e-05 0.000441318 0.00492593 0.00324989 0.986619 2.34409e-07 0.000658528 0.000266817 0.000340635 0.00346029 
3.71906e-05 0.000441318 0.00492593 0.00324989 0.986619 2.34409e-07 0.000658528 0.000266817 0.000340635 0.00346029 
3.71906e-05 0.000441318 0.00492593 0.00324989 0.986619 2.34409e-07 0.000658528 0.000266817 0.000340635 0.00346029 
0.0119182 0.00177884 0.420974 0.0359655 0.0142565 8.04569e-05 0.0267862 0.0377832 0.0302131 0.420244 
3.71906e-05 0.000441318 0.00492593 0.00324989 0.986619 2.34409e-07 0.000658528 0.000266817 0.000340635 0.00346029 
5.32393e-05 1.63585e-06 0.195391 0.000158084 0.00070783 3.48494e-06 0.0020967 0.0162614 0.0360858 0.749241 
0.000805953 0.00157446 0.00588693 0.20596 0.696155 8.3791e-07 0.00227876 0.00289888 0.00313536 0.0813042 
0.000696187 9.85935e-05 0.0580807 0.072701 0.00161863 6.90596e-06 0.0064891 0.594833 0.0255404 0.239936 
7.81139e-08 0.00871308 0.000994192 7.2256e-05 0.000136548 3.49166e-07 0.000485542 0.987258 0.00162539 0.000714467 
3.71906e-05 0.000441318 0.00492593 0.00324989 0.986619 2.34409e-07 0.000658528 0.000266817 0.000340635 0.00346029 
4.24465e-06 0.000153432 0.148546 0.594545 1.45338e-05 2.68527e-07 0.00621603 0.0716283 0.00498771 0.173905 
0.0011702 0.000636291 0.133593 0.00857539 0.176864 7.03305e-06 0.0526325 0.444772 0.026278 0.155472 
3.71906e-05 0.000441318 0.00492593 0.00324989 0.986619 2.34409e-07 0.000658528 0.000266817 0.000340635 0.00346029 
1.10427e-06 1.42037e-06 8.8442e-05 5.22935e-05 0.000231621 0.999009 0.000201796 0.000318895 2.31456e-06 9.31273e-05 
3.71906e-05 0.000441318 0.00492593 0.00324989 0.986619 2.34409e-07 0.000658528 0.000266817 0.000340635 0.00346029 
0.00342969 0.00518354 0.695568 0.0214773 0.0455426 1.46824e-06 0.000962014 0.00683116 0.0303712 0.190633 
0.00406285 0.417574 0.100702 0.0792654 0.227633 1.03858e-05 0.00735153 0.100668 0.0176928 0.0450404 
1.88952e-05 3.67642e-06 0.951495 0.0303243 2.95496e-05 1.90065e-05 0.00108808 0.00399424 0.00100722 0.0120203 
3.71906e-05 0.000441318 0.00492593 0.00324989 0.986619 2.34409e-07 0.000658528 0.000266817 0.000340635 0.00346029 
0.00187873 0.000227704 0.00908467 0.180414 0.0735278 5.13459e-06 0.00760129 0.00816175 0.383433 0.335666 
0.00116225 0.000189592 0.117306 0.0326657 0.0533363 4.11607e-05 0.126064 0.0316852 0.0470518 0.590498 
3.71906e-05 0.000441318 0.00492593 0.00324989 0.986619 2.34409e-07 0.000658528 0.000266817 0.000340635 0.00346029 
3.71906e-05 0.000441318 0.00492593 0.00324989 0.986619 2.34409e-07 0.000658528 0.000266817 0.000340635 0.00346029 
0.000112791 8.57746e-10 0.014243 0.125278 0.000231722 7.7797e-10 0.00025812 0.276598 0.334038 0.24924 
0.0022367 2.16014e-05 0.261084 0.0241359 0.00451374 2.09183e-06 0.0489493 0.108369 0.101603 0.449084 
0.00141429 0.0310113 0.247519 0.464003 0.0147439 0.00152769 0.0644957 0.0186544 0.0187959 0.137834 
0.00599061 0.00285863 0.115107 0.23791 0.00679085 2.61293e-06 0.562861 0.0114714 0.0114058 0.0456022 
0.00277501 0.000904064 0.584311 0.049894 0.0256058 3.23548e-05 0.0466904 0.0445857 0.0149313 0.23027 
3.71906e-05 0.000441318 0.00492593 0.00324989 0.986619 2.34409e-07 0.000658528 0.000266817 0.000340635 0.00346029 
0.000702434 0.0128861 0.126929 0.359627 0.000236802 3.03331e-05 0.0173948 0.101717 0.211995 0.168481 
0.000721881 0.617347 0.0439918 0.00475655 0.050026 1.80239e-05 0.0317668 0.142579 0.0300302 0.0787627 
0.000132099 4.43982e-07 0.30828 0.00725208 0.00162869 0.00276559 0.0337371 0.151075 0.00397855 0.491151 
2.08048e-05 0.000174599 0.729012 0.149044 2.66776e-05 2.67724e-08 0.00356999 0.0982619 0.00418799 0.0157018 
3.71906e-05 0.000441318 0.00492593 0.00324989 0.986619 2.34409e-07 0.000658528 0.000266817 0.000340635 0.00346029 
0.000740771 0.000796345 0.870962 0.0578095 0.0070712 3.51898e-07 0.0148225 0.000903502 0.000367238 0.0465269 
3.71906e-05 0.000441318 0.00492593 0.00324989 0.986619 2.34409e-07 0.000658528 0.000266817 0.000340635 0.00346029 
3.71906e-05 0.000441318 0.00492593 0.00324989 0.986619 2.34409e-07 0.000658528 0.000266817 0.000340635 0.00346029 
3.55252e-06 5.16043e-07 0.0189979 1.91041e-05 0.0106641 3.15586e-05 0.0730684 0.720628 0.000161948 0.176425 
0.00816789 0.000210967 0.112507 0.0683494 0.0918801 3.24045e-05 0.0308467 0.3115 0.019792 0.356714 
0.000460614 2.34899e-06 0.0732538 0.657636 0.000273827 0.00164952 0.0307515 0.0578649 0.0851139 0.0929938 
1.46451e-06 9.73241e-06 3.8922e-05 2.99627e-05 0.00429058 2.57945e-06 4.90598e-05 0.526603 2.75649e-05 0.468947 
0.000134101 3.72773e-06 0.00732451 0.0199649 0.00300569 4.74521e-10 0.00396611 0.00696782 0.873058 0.0855748 
0.000462404 1.95666e-05 0.00996979 0.51079 0.00230979 1.22902e-09 0.0122194 0.00119105 0.0169892 0.446048 
4.73109e-05 4.62849e-05 0.0184442 0.00615443 0.00182007 4.58878e-05 0.122811 0.601563 0.00483879 0.244229 
3.71906e-05 0.000441318 0.00492593 0.00324989 0.986619 2.34409e-07 0.000658528 0.000266817 0.000340635 0.00346029 
2.31014e-05 2.67243e-07 0.0271808 0.647187 0.000391169 1.6307e-06 0.00652646 0.0577359 0.161323 0.0996312 
6.92318e-06 2.25083e-06 0.0547566 0.026749 0.833626 0.0497836 0.00353141 0.00243863 3.28983e-05 0.0290731 
2.71444e-05 0.00284916 0.107669 0.0551706 0.10371 6.73286e-06 0.00782744 0.561464 0.0514478 0.109827 
0.0291745 0.000166269 0.350309 0.111477 0.0951527 5.94812e-09 0.0308259 0.10345 0.12001 0.159434 
0.000114996 0.000123039 0.00050789 0.813114 0.0130914 1.62506e-09 0.000700376 0.000560546 0.00332827 0.168459 
3.71906e-05 0.000441318 0.00492593 0.00324989 0.986619 2.34409e-07 0.000658528 0.000266817 0.000340635 0.00346029 
2.65496e-05 7.425e-10 0.000357156 0.000490958 0.00265583 6.73443e-10 0.000244993 0.988717 8.39828e-05 0.00742371 
3.71906e-05 0.000441318 0.00492593 0.00324989 0.986619 2.34409e-07 0.000658528 0.000266817 0.000340635 0.00346029 
0.00230374 0.00516282 0.123749 0.0765667 0.00122327 4.74337e-05 0.0246681 0.358719 0.0678815 0.339678 
2.14111e-07 2.22099e-07 0.0309977 3.78823e-06 1.37745e-07 5.43217e-10 0.00102886 0.967967 6.77067e-07 1.18424e-06 
0.012113 0.0191398 0.243744 0.0595544 0.00271626 9.31458e-05 0.077469 0.0566215 0.103852 0.424697 
0.000292137 1.66842e-05 0.0208991 0.138959 0.00117438 1.16941e-12 0.000981804 0.00208083 0.0411036 0.794492 
0.0116276 0.0019562 0.0559147 0.279974 0.0147448 0.00028304 0.0687788 0.46534 0.0558647 0.045516 
3.71906e-05 0.000441318 0.00492593 0.00324989 0.986619 2.34409e-07 0.000658528 0.000266817 0.000340635 0.00346029 
3.71906e-05 0.000441318 0.00492593 0.00324989 0.986619 2.34409e-07 0.000658528 0.000266817 0.000340635 0.00346029 
0.000101386 0.000509156 0.410183 0.00119668 0.00379034 1.39855e-05 0.249334 0.0173719 0.0009706 0.316529 
3.71906e-05 0.000441318 0.00492593 0.00324989 0.986619 2.34409e-07 0.000658528 0.000266817 0.000340635 0.00346029 
1.43594e-05 2.00712e-05 0.156666 0.000479017 1.07471e-05 0.00023352 0.179616 0.0197736 0.0194653 0.623722 
6.366e-09 0.994675 0.000532338 0.0020499 9.4997e-06 2.84558e-08 0.00023552 0.000370864 0.000350318 0.00177634 
0.00940278 0.00667952 0.108169 0.218691 0.0251518 2.10844e-06 0.0890722 0.0920472 0.0999687 0.350816 
0.000203647 0.0002035 0.000203667 0.000203658 0.0409305 0.000203518 0.000203649 0.224218 0.000203669 0.733426 
0.000109852 0.000258479 0.369019 0.337356 0.00921774 0.00012611 0.0613305 0.000324519 0.0082663 0.213991 
9.6814e-06 0.00196787 0.0433209 0.0624483 0.000844939 0.000915159 0.0720021 0.710418 0.0604951 0.0475776 
3.71906e-05 0.000441318 0.00492593 0.00324989 0.986619 2.34409e-07 0.000658528 0.000266817 0.000340635 0.00346029 
0.000830929 0.0526739 0.0711803 0.0333714 0.649982 0.0157035 0.0219845 0.0628587 0.0287628 0.0626523 
3.46377e-05 7.5223e-06 0.000111571 6.32957e-05 0.000239131 0.998642 0.000170752 0.000582427 2.85759e-05 0.000119712 
0.000245006 0.00436139 0.0503922 0.716465 0.0026812 0.00391336 0.0209562 0.0302216 0.0636847 0.107079 
3.71906e-05 0.000441318 0.00492593 0.00324989 0.986619 2.34409e-07 0.000658528 0.000266817 0.000340635 0.00346029 
0.00160303 0.00197348 0.126896 0.0307108 0.612749 1.33069e-05 0.0309553 0.0511267 0.0143443 0.129628 
3.71906e-05 0.000441318 0.00492593 0.00324989 0.986619 2.34409e-07 0.000658528 0.000266817 0.000340635 0.00346029 
3.71906e-05 0.000441318 0.00492593 0.00324989 0.986619 2.34409e-07 0.000658528 0.000266817 0.000340635 0.00346029 
0.000702062 0.000890191 0.197516 0.00201293 6.98719e-05 5.87209e-08 0.00265678 0.00831754 0.0469686 0.740866 
3.71906e-05 0.000441318 0.00492593 0.00324989 0.986619 2.34409e-07 0.000658528 0.000266817 0.000340635 0.00346029 
0.00263315 0.010279 0.157325 0.0548944 0.0116051 3.12053e-05 0.157298 0.0375501 0.159118 0.409266 
3.71906e-05 0.000441318 0.00492593 0.00324989 0.986619 2.34409e-07 0.000658528 0.000266817 0.000340635 0.00346029 
0.000295916 0.049824 0.0532548 0.0266885 0.0171997 0.00452876 0.00158651 0.682575 0.0289645 0.135082 
0.000265575 0.00140466 0.0425561 0.745712 8.56617e-06 2.61615e-05 0.0459765 0.00149336 0.0394103 0.123147 
3.97262e-05 0.00246481 0.0826704 0.0553421 1.08819e-05 1.18976e-06 0.00732202 0.0561922 0.0132706 0.782686 
0.00167589 0.00445106 0.169632 0.0199183 0.000609938 3.98907e-05 0.108342 0.37349 0.0914541 0.230387 
0.00522733 0.0132345 0.152646 0.0270612 0.000647166 1.02609e-05 0.0358317 0.136945 0.395541 0.232856 
0.000119045 0.000218149 0.28278 0.309626 0.000832695 1.24487e-06 0.0071154 0.304761 0.0680396 0.0265074 
0.000554112 8.34291e-05 0.334102 0.00354098 0.00205502 3.09231e-05 0.00461088 0.313001 0.269807 0.0722147 
1.10427e-06 1.42037e-06 8.8442e-05 5.22935e-05 0.000231621 0.999009 0.000201796 0.000318895 2.31456e-06 9.31273e-05 
3.71906e-05 0.000441318 0.00492593 0.00324989 0.986619 2.34409e-07 0.000658528 0.000266817 0.000340635 0.00346029 
0.0024494 0.000237135 0.00782948 0.00590045 0.00456142 7.8638e-08 0.0149524 0.0166476 0.0168168 0.930605 
1.11341e-05 1.5038e-05 0.0316071 0.064629 0.0107005 0.000209944 0.27488 0.053235 0.0617813 0.502931 
3.71906e-05 0.000441318 0.00492593 0.00324989 0.986619 2.34409e-07 0.000658528 0.000266817 0.000340635 0.00346029 
0.000210572 2.34232e-06 0.0073447 0.00167964 0.000221668 0.00811196 0.000363537 0.67946 0.251491 0.0511142 
0.00465108 0.0041308 0.684105 0.0505102 0.0999436 3.23781e-05 0.0628281 0.0167067 0.00507225 0.0720197 
4.11659e-05 3.20123e-05 0.478171 0.411133 2.18633e-05 5.68928e-05 0.00499583 0.0899782 0.00228027 0.0132899 
0.00199083 0.0430749 0.123122 0.308225 0.00179671 0.000275271 0.0267448 0.148729 0.200656 0.145386 
6.61056e-05 0.0001146 0.674177 0.0761375 0.00106399 2.07057e-09 0.00284368 0.03963 0.11977 0.0861971 
7.62914e-05 0.000443321 0.187394 0.141044 0.00292328 5.45443e-06 0.256615 0.0170375 0.00354895 0.390912 
2.31683e-07 0.0044542 0.970968 0.00710358 3.14015e-07 1.03561e-06 0.00318445 0.00970662 0.00157564 0.00300612 
3.46377e-05 7.5223e-06 0.000111571 6.32957e-05 0.000239131 0.998642 0.000170752 0.000582427 2.85759e-05 0.000119712 
3.71906e-05 0.000441318 0.00492593 0.00324989 0.986619 2.34409e-07 0.000658528 0.000266817 0.000340635 0.00346029 
6.6253e-06 0.000638835 0.0118189 0.000848035 0.0545228 0.000957942 0.000523122 0.930626 1.64371e-05 4.12487e-05 
0.0105861 0.183228 0.224298 0.135775 0.144363 0.00109361 0.00346531 0.129354 0.0289707 0.138867 
2.71535e-06 2.42138e-05 0.0329593 0.860612 4.85587e-06 2.44337e-08 0.0153004 0.00858074 0.0383804 0.0441351 
0.000191988 0.00294785 0.0549972 6.42726e-05 0.00164147 0.0285688 0.00847458 0.352395 0.0199893 0.530729 
3.13299e-05 0.000370329 0.0138042 0.0027108 0.956576 2.69777e-07 0.000679286 0.0139088 0.000284565 0.0116348 
3.71906e-05 0.000441318 0.00492593 0.00324989 0.986619 2.34409e-07 0.000658528 0.000266817 0.000340635 0.00346029 
0.002587 0.00298467 0.00602487 0.671063 0.109052 1.48286e-07 0.00361207 0.00672208 0.00385605 0.194099 
0.00482677 0.0429245 0.0243199 0.0209216 0.000394393 0.000108435 0.0418457 0.127802 0.138432 0.598425 
0.000605071 0.010518 0.454832 0.00798843 0.0145627 4.87826e-05 0.0139888 0.234429 0.00172936 0.261298 
3.71906e-05 0.000441318 0.00492593 0.00324989 0.986619 2.34409e-07 0.000658528 0.000266817 0.000340635 0.00346029 
0.000189386 0.0331912 0.147003 0.035003 0.0187484 0.000280028 0.100491 0.0827829 0.0960692 0.486242 
8.9497e-05 0.00518903 0.0441503 0.0307002 0.0141361 2.9095e-06 0.000137367 0.766215 0.0221918 0.117188 
0.000521233 9.96756e-05 0.00487784 0.317956 0.00575182 2.57611e-09 0.00119453 0.0130098 0.00765038 0.648939 
0.0129022 5.50841e-05 0.307299 0.0500444 0.0214093 0.00149357 0.0300808 0.0533798 0.0413429 0.481993 
0.00470487 0.00169028 0.62234 0.00699393 0.0912016 0.000127109 0.0137724 0.0350929 0.00918838 0.214889 
0.000121602 0.000508297 0.0705775 0.637414 2.40994e-06 2.65368e-05 0.222788 0.00323566 0.0376554 0.0276703 
0.0371345 0.00190946 0.198661 0.14312 0.0836459 2.01937e-06 0.0487559 0.0664825 0.0537223 0.366566 
3.71906e-05 0.000441318 0.00492593 0.00324989 0.986619 2.34409e-07 0.000658528 0.000266817 0.000340635 0.00346029 
4.25399e-06 2.04662e-05 0.249724 0.000184793 1.65897e-05 2.16082e-05 0.0157149 0.12582 0.00165393 0.60684 
3.71906e-05 0.000441318 0.00492593 0.00324989 0.986619 2.34409e-07 0.000658528 0.000266817 0.000340635 0.00346029 
3.71906e-05 0.000441318 0.00492593 0.00324989 0.986619 2.34409e-07 0.000658528 0.000266817 0.000340635 0.00346029 
3.71906e-05 0.000441318 0.00492593 0.00324989 0.986619 2.34409e-07 0.000658528 0.000266817 0.000340635 0.00346029 
3.0625e-05 0.000609142 0.24556 0.136356 0.472246 1.87182e-06 0.00244678 0.114921 0.00331235 0.0245149 
3.71906e-05 0.000441318 0.00492593 0.00324989 0.986619 2.34409e-07 0.000658528 0.000266817 0.000340635 0.00346029 
0.000275791 6.28968e-07 0.0692596 0.00778248 0.000716842 3.09868e-08 0.00704955 0.534377 0.0299183 0.35062 
8.00042e-06 0.843308 0.0277585 0.0178196 0.00172907 2.28508e-05 0.00148425 0.0658467 0.0176833 0.0243401 
7.20784e-10 2.34245e-06 0.00836495 0.0276532 0.000480777 0.000240395 0.10753 0.474768 0.156985 0.223976 
0.000283598 0.00172912 0.0136758 0.670814 0.00806777 1.01337e-12 0.00156638 0.0528166 0.00832731 0.242719 
0.000199405 4.58282e-05 0.0396275 0.00605781 0.000379571 0.000186001 0.0466064 0.0137518 0.00148127 0.891664 
3.71906e-05 0.000441318 0.00492593 0.00324989 0.986619 2.34409e-07 0.000658528 0.000266817 0.000340635 0.00346029 
3.71906e-05 0.000441318 0.00492593 0.00324989 0.986619 2.34409e-07 0.000658528 0.000266817 0.000340635 0.00346029 
0.00512602 0.00738037 0.200836 0.302789 0.000382558 0.00032892 0.144433 0.0336629 0.0847809 0.220281 
8.00825e-05 2.56841e-07 0.0303732 0.0072567 0.014247 1.76035e-07 0.0143862 0.689745 0.171188 0.0727231 
3.46377e-05 7.5223e-06 0.000111571 6.32957e-05 0.000239131 0.998642 0.000170752 0.000582427 2.85759e-05 0.000119712 
0.00584052 0.0155152 0.0932636 0.0446133 3.11361e-05 0.000814026 0.183001 0.404683 0.127254 0.124983 
1.16841e-05 1.84513e-08 0.000402384 0.127788 3.27658e-06 1.24452e-05 0.000247909 0.360696 0.450617 0.0602212 
0.000462404 1.95666e-05 0.00996979 0.51079 0.00230979 1.22902e-09 0.0122194 0.00119105 0.0169892 0.446048 
0.000334477 0.0352832 0.15892 0.348266 0.000561388 0.0351846 0.0483721 0.0888062 0.0290062 0.255266 
3.71906e-05 0.000441318 0.00492593 0.00324989 0.986619 2.34409e-07 0.000658528 0.000266817 0.000340635 0.00346029 
3.71906e-05 0.000441318 0.00492593 0.00324989 0.986619 2.34409e-07 0.000658528 0.000266817 0.000340635 0.00346029 
2.70908e-05 4.19836e-05 0.0407175 0.733906 0.0209536 1.12308e-06 0.0584072 0.119274 0.00202555 0.0246461 
0.000119313 2.59437e-07 0.904331 0.00289238 0.00013667 1.77784e-07 0.000339152 0.0689744 0.0181534 0.00505318 
3.11474e-05 0.0004741 0.839672 0.0634721 0.0242675 2.74417e-12 0.00534292 0.000426192 8.38845e-05 0.0662304 
0.000627345 0.000742005 0.0266405 0.0108649 0.000144897 7.41503e-06 0.00203381 0.0349811 0.898283 0.0256748 
0.000769015 3.43545e-07 0.0150181 0.00556077 0.0109327 1.41493e-06 0.819509 0.123761 0.0212684 0.00317996 
0.00245634 0.00625034 0.191531 0.00808987 0.00035327 0.00126117 0.0111449 0.131176 0.474268 0.173469 
4.14941e-11 1.93834e-07 0.0115118 0.000773361 0.00276162 0.0326025 0.000792879 0.950667 0.000859403 3.11704e-05 
3.71906e-05 0.000441318 0.00492593 0.00324989 0.986619 2.34409e-07 0.000658528 0.000266817 0.000340635 0.00346029 
0.00187816 0.0113759 0.226396 0.120186 0.000570013 0.00960637 0.0358196 0.0581591 0.0571449 0.478863 
0.000375707 0.00159769 0.0123265 0.00255153 0.00125063 0.0489643 0.000889494 0.8952 0.0368422 2.19926e-06 
8.00042e-06 0.843308 0.0277585 0.0178196 0.00172907 2.28508e-05 0.00148425 0.0658467 0.0176833 0.0243401 
3.71906e-05 0.000441318 0.00492593 0.00324989 0.986619 2.34409e-07 0.000658528 0.000266817 0.000340635 0.00346029 
3.71906e-05 0.000441318 0.00492593 0.00324989 0.986619 2.34409e-07 0.000658528 0.000266817 0.000340635 0.00346029 
3.46377e-05 7.5223e-06 0.000111571 6.32957e-05 0.000239131 0.998642 0.000170752 0.000582427 2.85759e-05 0.000119712 
0.00155708 0.000214342 0.0364688 0.0244952 0.018086 6.72515e-06 0.003733 0.883236 0.0210635 0.0111393 
0.0152277 0.000164144 0.0682384 0.0478966 0.0301017 1.31523e-06 0.120067 0.103714 0.444509 0.17008 
0.0018146 0.124494 0.0694851 0.169486 0.000171782 0.00070957 0.0640524 0.0243948 0.259193 0.286199 
0.00546403 0.109743 0.190723 0.0270777 0.553281 0.000245145 0.0123896 0.0778142 0.00394513 0.0193174 
2.98666e-05 3.25736e-06 0.0610847 3.66425e-05 0.000177732 0.000917836 0.000216974 0.925649 0.00318456 0.00869951 
0.00338668 0.0210379 0.174884 0.0327389 0.000886786 4.20357e-05 0.013477 0.308311 0.0482079 0.397028 
0.000298402 2.45196e-05 0.0906841 0.0162348 0.550106 2.39334e-09 0.000606355 0.318175 0.00715177 0.0167189 
9.05767e-06 0.00984259 0.0365733 0.0253309 0.604618 6.19862e-05 0.00146125 0.311384 0.00443925 0.00627937 
0.000723662 0.00177232 0.508273 0.155356 0.000239682 2.37365e-06 0.0576137 0.0556485 0.0166423 0.203728 
1.16327e-09 2.02066e-05 1.10802e-05 0.0822465 0.0128078 5.19977e-09 1.64807e-05 0.884414 0.00444455 0.0160396 
0.000519987 0.0982932 0.204754 0.209947 0.016975 3.32756e-06 0.0808001 0.207095 0.0243195 0.157294 
3.71906e-05 0.000441318 0.00492593 0.00324989 0.986619 2.34409e-07 0.000658528 0.000266817 0.000340635 0.00346029 
0.00224675 1.70179e-05 0.0483427 0.0590745 0.495529 5.57303e-10 0.0468237 0.170059 0.0498918 0.128016 
2.98504e-07 1.02886e-06 2.46937e-05 1.73321e-06 3.6516e-06 1.19478e-06 1.83594e-05 0.230786 0.00068259 0.76848 
0.00133003 2.05575e-05 0.142485 0.00309037 0.0012938 0.51541 0.0888191 0.114229 0.00261573 0.130707 
0.000437053 0.000321003 0.0521172 0.0308532 0.0291352 9.12321e-05 0.0710177 0.372913 0.0526093 0.390505 
0.000786755 0.0196611 0.140349 0.150529 0.00149202 1.98249e-10 0.00586394 0.253329 0.339758 0.0882307 
0.00320555 0.00621259 0.0851766 0.0419781 0.00147324 0.000240638 0.736048 0.00810144 0.050605 0.0669585 
0.0191359 0.210337 0.383656 0.0196738 0.000542197 0.000175805 0.0448312 0.137461 0.135577 0.0486098 
3.71906e-05 0.000441318 0.00492593 0.00324989 0.986619 2.34409e-07 0.000658528 0.000266817 0.000340635 0.00346029 
0.000695504 0.000308701 0.692126 0.0401335 0.000596406 0.00333309 0.243058 0.0122219 0.00199163 0.00553481 
3.71906e-05 0.000441318 0.00492593 0.00324989 0.986619 2.34409e-07 0.000658528 0.000266817 0.000340635 0.00346029 
0.00408442 0.00514052 0.200904 0.134142 0.0219205 2.29994e-09 0.0841722 0.0534677 0.0479841 0.448185 
3.71906e-05 0.000441318 0.00492593 0.00324989 0.986619 2.34409e-07 0.000658528 0.000266817 0.000340635 0.00346029 
0.00600694 0.000270254 0.00727543 0.0243666 0.0606204 1.58505e-08 0.0331892 0.0388193 0.129421 0.700031 
0.0112357 0.000541831 0.175989 0.0304357 0.0135108 0.0381418 0.000822701 0.492208 0.0859659 0.151148 
1.02627e-05 0.000528436 0.120962 0.236724 0.027753 3.50373e-08 0.115655 0.00273584 5.98006e-05 0.495572 
3.71906e-05 0.000441318 0.00492593 0.00324989 0.986619 2.34409e-07 0.000658528 0.000266817 0.000340635 0.00346029 
0.00314087 0.0173831 0.284897 0.158204 0.0303578 9.44145e-08 0.312905 0.114252 0.00344924 0.0754103 
0.000435376 0.00297081 0.154022 0.485344 0.0073642 0.000628846 0.125769 0.00400606 0.0257148 0.193745 
3.71906e-05 0.000441318 0.00492593 0.00324989 0.986619 2.34409e-07 0.000658528 0.000266817 0.000340635 0.00346029 
0.00104812 9.39789e-05 0.0974332 0.00939624 0.00114537 2.87924e-05 0.0186717 0.430861 0.168388 0.272933 
7.34638e-09 2.58425e-11 0.537605 0.237539 7.10709e-12 5.67248e-07 0.102057 0.000784128 1.04573e-07 0.122014 
3.71906e-05 0.000441318 0.00492593 0.00324989 0.986619 2.34409e-07 0.000658528 0.000266817 0.000340635 0.00346029 
3.71906e-05 0.000441318 0.00492593 0.00324989 0.986619 2.34409e-07 0.000658528 0.000266817 0.000340635 0.00346029 
3.80284e-07 0.00029246 0.00400635 0.0103795 7.37921e-05 5.23193e-10 0.86619 0.0437904 0.066994 0.00827281 
3.71906e-05 0.000441318 0.00492593 0.00324989 0.986619 2.34409e-07 0.000658528 0.000266817 0.000340635 0.00346029 
0.00175237 0.0097358 0.117918 0.062922 1.43422e-05 0.0894661 0.630523 0.00128385 0.0210924 0.0652923 
0.00459674 0.000392862 0.476666 0.130652 0.00869686 0.00015409 0.0612943 0.0394873 0.0504791 0.227581 
8.45934e-05 0.000417041 0.404243 0.182242 0.000798496 0.000161602 0.0204397 0.00715609 0.00712096 0.377336 
0.00328915 0.25287 0.0132147 0.265166 5.61598e-05 5.01106e-06 0.0247407 0.0251633 0.330808 0.0846867 
0.00137214 0.00116038 0.0579078 0.0164104 0.00140157 1.27053e-07 0.00322402 0.032734 0.0970896 0.7887 
0.000753333 0.012235 0.0651543 0.348289 0.35831 2.18849e-05 0.0614845 0.0276549 0.0232966 0.1028 
2.46711e-05 1.07415e-05 0.161981 0.000689865 3.81408e-05 2.1219e-06 0.0158334 0.00343485 0.0400171 0.777968 
3.71906e-05 0.000441318 0.00492593 0.00324989 0.986619 2.34409e-07 0.000658528 0.000266817 0.000340635 0.00346029 
0.00346209 3.23225e-05 0.414818 0.361556 0.0207964 3.7388e-09 0.00899561 0.0437944 0.0964795 0.0500664 
0.00117781 0.000143865 0.451859 0.206058 0.000255097 0.00298268 0.034554 0.0098454 0.0322277 0.260896 
3.12463e-05 2.37673e-05 0.0186808 0.496242 0.000764707 1.22074e-06 0.0182637 0.0544505 0.139493 0.27205 
3.71906e-05 0.000441318 0.00492593 0.00324989 0.986619 2.34409e-07 0.000658528 0.000266817 0.000340635 0.00346029 
3.71906e-05 0.000441318 0.00492593 0.00324989 0.986619 2.34409e-07 0.000658528 0.000266817 0.000340635 0.00346029 
3.87697e-06 6.50126e-05 0.0881787 0.113132 4.12467e-06 2.01369e-08 0.18842 0.144078 0.293926 0.172192 
0.002587 0.00298467 0.00602487 0.671063 0.109052 1.48286e-07 0.00361207 0.00672208 0.00385605 0.194099 
0.00636064 0.0257651 0.0765263 0.0907816 0.146994 9.21716e-07 0.0147726 0.292837 0.183597 0.162365 
3.15614e-06 3.18392e-07 0.0349745 0.000264047 0.000834686 5.1967e-09 0.00291176 0.254718 0.324759 0.381534 
6.6253e-06 0.000638835 0.0118189 0.000848035 0.0545228 0.000957942 0.000523122 0.930626 1.64371e-05 4.12487e-05 
0.000676582 0.00105154 0.0433919 0.151792 0.0679126 0.000105992 0.449402 0.017254 0.0436608 0.224753 
0.0138894 0.0016141 0.109416 0.227367 0.00424785 0.0256533 0.0141013 0.0354641 0.100713 0.467533 
1.04986e-05 0.00199011 0.326881 0.460354 0.000894262 2.34055e-09 0.0285306 0.00166635 0.00154571 0.178127 
3.01493e-05 9.25289e-05 0.219108 0.697809 9.58718e-06 1.03963e-07 0.00209666 0.0631795 0.0161019 0.00157315 
3.98317e-10 1.96304e-09 0.00168308 0.192237 0.0254891 1.78046e-09 0.276803 0.361097 0.0495482 0.0931422 
3.03794e-05 0.000103933 0.0827476 0.54062 0.0661106 7.17364e-11 0.00690619 0.152586 0.00260124 0.148293 
0.00154184 1.57444e-05 0.049199 0.00698033 0.00195791 3.05968e-06 0.0430255 0.00327011 0.00608855 0.887918 
0.00100707 0.00156913 0.23209 0.119153 0.00157324 0.000103184 0.0245121 0.407672 0.000721532 0.211598 
5.31602e-11 2.61991e-10 0.0203686 0.0435296 0.00016371 2.37624e-10 1.3035e-06 0.00832858 0.874824 0.0527844 
0.0024254 0.00123852 0.629764 0.235103 0.00258514 1.33172e-07 0.0244396 0.0153647 0.012181 0.0768987 
3.71906e-05 0.000441318 0.00492593 0.00324989 0.986619 2.34409e-07 0.000658528 0.000266817 0.000340635 0.00346029 
2.24027e-05 0.000158451 0.00511414 0.00380184 0.988687 1.69466e-08 0.000447084 0.00029337 6.83395e-05 0.00140755 
0.000277062 0.0184724 0.408338 0.241383 0.0546934 0.0360927 0.0437467 0.0898693 0.00182108 0.105307 
0.00360493 0.00175918 0.165409 0.0186059 0.0151283 0.00778272 0.137599 0.219351 0.00977666 0.420983 
0.0050171 0.000967085 0.0260055 0.564485 0.0316494 1.24776e-06 0.0179979 0.00786173 0.0216945 0.324321 
0.0141499 2.39614e-06 0.0242233 0.0359724 0.0170262 0.0237263 0.0582713 0.158263 0.577711 0.0906535 
7.89593e-05 3.70843e-05 0.0654962 0.00506074 0.00109169 2.44132e-05 0.0181492 0.0156996 0.0036036 0.890758 
3.71906e-05 0.000441318 0.00492593 0.00324989 0.986619 2.34409e-07 0.000658528 0.000266817 0.000340635 0.00346029 
5.24271e-05 0.0202952 0.285264 0.380731 9.91475e-05 8.54324e-08 0.027352 0.0338226 0.138129 0.114255 
1.27525e-05 0.00383575 1.27538e-05 0.280583 1.27517e-05 1.27444e-05 1.27527e-05 0.149219 0.519095 0.0472031 
0.00240037 0.0127936 0.40855 0.00784089 0.00434216 1.83735e-06 0.0289066 0.224762 0.0545057 0.255896 
8.00532e-05 0.000110098 0.0505097 0.0283801 0.588316 0.0016965 0.000296428 0.201042 0.116423 0.0131459 
7.58396e-06 0.214161 0.00285288 0.060171 0.0247546 0.000103776 0.00281639 0.00450577 0.617752 0.0728759 
0.0107041 2.7392e-05 0.124053 0.0377801 0.0126132 3.27234e-07 0.726926 0.0148287 0.0350785 0.0379886 
0.000328754 4.30035e-07 0.0419796 0.0725394 0.000627145 6.58715e-06 0.0157181 0.58167 0.118806 0.168324 
0.00900164 4.3204e-06 0.0433715 0.0452138 0.0160028 3.6397e-06 0.106176 0.588713 0.0798824 0.111631 
3.71906e-05 0.000441318 0.00492593 0.00324989 0.986619 2.34409e-07 0.000658528 0.000266817 0.000340635 0.00346029 
6.6253e-06 0.000638835 0.0118189 0.000848035 0.0545228 0.000957942 0.000523122 0.930626 1.64371e-05 4.12487e-05 
0.0220513 0.000629568 0.391842 0.0374452 0.00184955 0.0543644 0.0726518 0.16459 0.0362315 0.218345 
0.00893918 0.00159327 0.234512 0.151777 0.0425401 1.44519e-07 0.0111644 0.470509 0.0281859 0.050779 
