3.99024e-07 6.68212e-05 0.194553 0.652236 1.15168e-05 1.78363e-06 0.00230739 0.010272 0.0463424 0.094208 
1.58419e-06 0.000135967 0.0499129 0.138268 9.29141e-05 7.96761e-06 0.454133 0.0047094 0.000216548 0.352521 
1.10427e-06 1.42037e-06 8.8442e-05 5.22935e-05 0.000231621 0.999009 0.000201796 0.000318895 2.31456e-06 9.31273e-05 
3.29165e-07 1.31899e-06 0.313526 3.70874e-06 0.000332927 0.428831 1.65124e-05 0.255876 0.00015403 0.00125803 
0.00226041 0.0029977 0.0772629 0.0601192 0.157959 0.0757999 0.0221473 0.26128 0.0260965 0.314077 
2.24056e-06 0.00038242 0.000516277 0.000551736 3.03677e-06 1.00152e-05 0.000154493 0.00895781 0.00471441 0.984708 
1.10427e-06 1.42037e-06 8.8442e-05 5.22935e-05 0.000231621 0.999009 0.000201796 0.000318895 2.31456e-06 9.31273e-05 
8.04187e-05 0.00223309 0.0717539 0.107057 0.693581 0.00279297 0.029122 0.0109468 0.00348744 0.0789445 
3.7876e-05 0.0264172 0.0606883 0.578699 0.0129776 0.000850167 0.0247933 0.0458767 0.142139 0.107521 
1.63017e-09 8.03404e-09 0.198126 0.179495 1.48057e-05 7.28683e-09 2.24066e-05 0.622265 4.75409e-05 2.85279e-05 
1.10427e-06 1.42037e-06 8.8442e-05 5.22935e-05 0.000231621 0.999009 0.000201796 0.000318895 2.31456e-06 9.31273e-05 
9.05767e-06 0.00984259 0.0365733 0.0253309 0.604618 6.19862e-05 0.00146125 0.311384 0.00443925 0.00627937 
1.48647e-06 6.58303e-05 8.84089e-05 6.24685e-05 0.0264289 7.73954e-05 7.58991e-05 0.0206418 0.01006 0.942498 
0.000153906 0.181863 0.37969 0.128436 0.0728249 0.0181654 0.042223 0.113235 0.0108468 0.0525611 
3.69701e-07 7.67904e-05 0.00951675 0.926471 0.00719389 3.94461e-07 0.0378415 0.00704365 0.000726011 0.0111293 
1.10427e-06 1.42037e-06 8.8442e-05 5.22935e-05 0.000231621 0.999009 0.000201796 0.000318895 2.31456e-06 9.31273e-05 
8.28837e-08 4.08478e-07 0.0131904 0.00366064 8.99824e-05 3.70487e-07 0.00107681 0.977738 0.00167022 0.00257304 
6.6253e-06 0.000638835 0.0118189 0.000848035 0.0545228 0.000957942 0.000523122 0.930626 1.64371e-05 4.12487e-05 
1.75151e-07 4.29982e-05 0.0358994 0.000799764 4.06968e-05 0.000158345 0.29304 0.422101 0.000157865 0.24776 
6.6253e-06 0.000638835 0.0118189 0.000848035 0.0545228 0.000957942 0.000523122 0.930626 1.64371e-05 4.12487e-05 
0.000126548 0.00685148 0.545575 0.162427 0.0623753 0.000909763 0.014494 0.113416 0.00688974 0.0869355 
8.92701e-06 0.000231895 0.00783529 0.000956266 0.00285953 0.752057 0.000684225 0.233012 0.00192851 0.00042715 
6.14305e-10 3.0275e-09 0.00900302 0.0147422 8.32608e-10 7.15515e-05 1.00739e-05 0.0291209 0.0814959 0.865556 
7.29734e-06 1.07138e-05 0.0445497 0.00433549 2.78452e-05 8.40404e-06 0.913533 0.0021916 0.000663254 0.0346725 
1.10427e-06 1.42037e-06 8.8442e-05 5.22935e-05 0.000231621 0.999009 0.000201796 0.000318895 2.31456e-06 9.31273e-05 
6.46076e-05 0.000358648 0.146828 0.000459513 0.0014264 0.000486313 0.0166378 0.0578754 0.000805496 0.775058 
1.10427e-06 1.42037e-06 8.8442e-05 5.22935e-05 0.000231621 0.999009 0.000201796 0.000318895 2.31456e-06 9.31273e-05 
8.82193e-12 4.34774e-11 0.00655794 5.97065e-08 6.42966e-05 7.11708e-08 0.000984516 0.218777 0.00111943 0.772497 
1.10427e-06 1.42037e-06 8.8442e-05 5.22935e-05 0.000231621 0.999009 0.000201796 0.000318895 2.31456e-06 9.31273e-05 
0.000106491 0.0110582 0.0426476 0.0236812 0.00568155 0.00194829 0.0514408 0.730199 0.0625385 0.0706988 
0.000323529 0.00660335 0.535142 0.0295266 0.00144939 0.000994442 0.00558367 0.223402 0.0208137 0.176162 
1.10427e-06 1.42037e-06 8.8442e-05 5.22935e-05 0.000231621 0.999009 0.000201796 0.000318895 2.31456e-06 9.31273e-05 
7.27686e-10 0.235907 1.51546e-05 0.00537945 1.53574e-06 7.99435e-08 0.0263049 0.0103544 5.26138e-06 0.722032 
0.000134205 0.00574715 0.132924 0.0492679 0.00565317 0.178234 0.0905367 0.029719 0.00492162 0.502862 
3.29165e-07 1.31899e-06 0.313526 3.70874e-06 0.000332927 0.428831 1.65124e-05 0.255876 0.00015403 0.00125803 
7.0031e-10 1.19968e-07 0.105305 0.00745458 0.00131023 4.06017e-08 0.0140252 0.353251 0.0132201 0.505434 
0.000859483 0.00967996 0.374511 0.00623699 0.018105 0.00135946 0.186531 0.1369 0.10636 0.159457 
1.19627e-06 1.67189e-06 0.000125865 1.1204e-05 0.000136417 0.999295 0.000229303 0.000123759 1.98935e-06 7.31985e-05 
7.25028e-09 9.65115e-05 0.000356618 0.000326039 9.82678e-09 3.24085e-08 0.000178144 0.998492 0.000163949 0.000386499 
1.10427e-06 1.42037e-06 8.8442e-05 5.22935e-05 0.000231621 0.999009 0.000201796 0.000318895 2.31456e-06 9.31273e-05 
1.57019e-06 2.29812e-06 3.52862e-05 0.853906 0.0181323 8.39209e-06 0.0276097 0.00112766 0.0748586 0.0243185 
1.10427e-06 1.42037e-06 8.8442e-05 5.22935e-05 0.000231621 0.999009 0.000201796 0.000318895 2.31456e-06 9.31273e-05 
2.58472e-09 2.55695e-06 0.00752117 0.422838 2.42301e-06 1.15536e-08 0.0225676 0.00300146 0.00372435 0.540343 
3.87177e-07 1.90813e-06 0.000545146 0.00126418 5.24766e-07 1.73067e-06 0.000719925 0.980567 0.000470477 0.016429 
1.80063e-07 8.87412e-07 0.000604228 0.0592861 5.43235e-05 5.23554e-06 9.20567e-05 0.933047 0.00073584 0.00617446 
0.000180365 0.000728315 0.722169 0.0177051 0.00051789 0.0883422 0.129221 0.020049 0.000311983 0.0207754 
1.10427e-06 1.42037e-06 8.8442e-05 5.22935e-05 0.000231621 0.999009 0.000201796 0.000318895 2.31456e-06 9.31273e-05 
0.00226757 0.00233168 0.334626 0.259368 0.0100383 0.00550136 0.0553802 0.116482 0.0507112 0.163294 
0.00226041 0.0029977 0.0772629 0.0601192 0.157959 0.0757999 0.0221473 0.26128 0.0260965 0.314077 
0.000214659 0.000881236 0.0856372 0.139834 0.00114375 0.051298 0.0817855 0.377722 0.0740636 0.187421 
6.48377e-07 1.47654e-06 0.240621 0.0422842 0.00346831 1.71419e-06 0.00238291 0.58743 9.1527e-05 0.123718 
1.05364e-11 9.98663e-05 0.832484 0.0582675 1.42807e-11 4.70973e-11 4.39403e-07 0.0147352 0.0032793 0.0911337 
1.10427e-06 1.42037e-06 8.8442e-05 5.22935e-05 0.000231621 0.999009 0.000201796 0.000318895 2.31456e-06 9.31273e-05 
1.19627e-06 1.67189e-06 0.000125865 1.1204e-05 0.000136417 0.999295 0.000229303 0.000123759 1.98935e-06 7.31985e-05 
3.00767e-09 0.177372 2.43097e-05 1.75218e-05 2.26228e-05 1.34442e-08 0.132102 0.00702736 0.0217961 0.661638 
6.6253e-06 0.000638835 0.0118189 0.000848035 0.0545228 0.000957942 0.000523122 0.930626 1.64371e-05 4.12487e-05 
3.03491e-05 6.36874e-05 0.223408 0.00626388 0.000148451 0.00206563 0.0276099 0.354056 0.0017709 0.384584 
1.95168e-09 9.61854e-09 0.000118876 6.97517e-06 2.64524e-09 8.72396e-09 0.118853 0.865371 0.000835357 0.0148145 
0.000172206 0.000209211 0.896503 0.0591717 0.000796655 0.00170979 0.00143462 0.0211542 0.00233619 0.0165126 
1.39256e-07 6.23039e-05 0.0220371 0.0752052 0.0345536 2.62842e-07 0.00290135 0.765821 0.00520646 0.0942126 
0.000105654 0.000142889 0.160554 0.0039392 0.00215933 0.000686938 0.0385376 0.0527458 0.00745998 0.733669 
0.000208974 0.000601575 0.271946 0.000796015 0.00754361 0.130926 0.0935882 0.314526 0.00780363 0.172059 
2.84425e-08 0.00233447 0.0617643 0.377733 0.0942394 1.98942e-05 0.395469 0.0636161 0.000184481 0.00463939 
1.72154e-09 2.00328e-06 0.0069325 0.0215794 9.37446e-06 1.41304e-05 0.968195 2.50712e-05 0.000241803 0.00300119 
9.0641e-07 0.000385341 0.0797789 0.74758 7.52012e-06 0.00474525 0.121748 0.0127837 0.0257552 0.00721461 
1.02648e-07 0.000512553 0.22568 0.02276 0.000564126 3.27754e-07 0.0729498 0.321496 0.116351 0.239685 
9.93841e-05 0.000770958 0.697397 0.00555962 0.00108253 0.00309764 0.00964405 0.111868 0.00105366 0.169428 
1.10427e-06 1.42037e-06 8.8442e-05 5.22935e-05 0.000231621 0.999009 0.000201796 0.000318895 2.31456e-06 9.31273e-05 
1.15752e-05 0.00145752 0.0572041 0.228136 0.000361882 0.000777709 0.226263 0.398066 0.0419201 0.045802 
0.000243455 0.000333781 0.0953917 0.196943 0.00676169 0.00344159 0.628469 0.00773115 0.00667775 0.054007 
5.14687e-05 0.000140566 0.0512224 0.0410804 0.484713 0.000504759 0.00852563 0.0269118 0.00470201 0.382148 
0.0170224 0.034313 0.23069 0.123538 0.0624935 0.0203923 0.0685526 0.188718 0.028082 0.226198 
3.14285e-07 0.000749029 0.0507577 0.781706 1.7592e-05 0.131007 0.0180657 0.00903286 0.00261478 0.00604817 
1.10427e-06 1.42037e-06 8.8442e-05 5.22935e-05 0.000231621 0.999009 0.000201796 0.000318895 2.31456e-06 9.31273e-05 
0.000383223 0.000873163 0.0938343 0.0659426 0.000870638 0.000598048 0.616268 0.0463695 0.122474 0.0523868 
6.31279e-05 0.000694019 0.129941 0.531829 0.000284533 0.0022551 0.023038 0.207146 0.025396 0.0793534 
0.00105037 0.110382 0.303488 0.0715162 0.320306 0.00907245 0.0477792 0.0954219 0.0103807 0.0306038 
1.10427e-06 1.42037e-06 8.8442e-05 5.22935e-05 0.000231621 0.999009 0.000201796 0.000318895 2.31456e-06 9.31273e-05 
7.0031e-10 1.19968e-07 0.105305 0.00745458 0.00131023 4.06017e-08 0.0140252 0.353251 0.0132201 0.505434 
1.49382e-10 7.36206e-10 0.0266138 0.790402 5.66222e-07 6.52731e-08 0.102153 0.0490111 0.0116822 0.0201369 
1.10427e-06 1.42037e-06 8.8442e-05 5.22935e-05 0.000231621 0.999009 0.000201796 0.000318895 2.31456e-06 9.31273e-05 
1.56933e-05 0.00402704 0.0947246 0.0681577 0.598449 5.74749e-05 0.00993549 0.131129 0.0142257 0.0792784 
1.112e-07 2.07665e-07 0.29749 0.114493 1.38353e-07 3.7352e-05 0.00847157 0.259863 0.0113819 0.308262 
0.000170487 0.00228683 0.096111 0.156071 0.00127531 0.00517324 0.0929153 0.318274 0.116754 0.210969 
5.695e-07 0.00101375 0.0347939 0.0547763 0.000182661 0.000334377 0.00673699 0.798756 0.0261975 0.0772076 
3.38459e-11 5.0208e-08 0.00356305 8.62322e-07 2.93637e-07 0.00270333 7.99753e-07 0.993666 6.47149e-05 1.15518e-06 
2.0304e-10 3.72902e-05 0.0911957 0.634979 3.18246e-06 8.01483e-06 0.000638514 0.259008 0.0013314 0.0127991 
1.10427e-06 1.42037e-06 8.8442e-05 5.22935e-05 0.000231621 0.999009 0.000201796 0.000318895 2.31456e-06 9.31273e-05 
1.10427e-06 1.42037e-06 8.8442e-05 5.22935e-05 0.000231621 0.999009 0.000201796 0.000318895 2.31456e-06 9.31273e-05 
0.000236115 0.00213089 0.175567 0.0362484 0.0121943 0.0486238 0.0515619 0.603233 0.00868722 0.0615171 
0.000112637 0.000483907 0.0867818 0.333996 0.000200592 0.000829992 0.0401879 0.0132692 0.154773 0.369365 
0.00285714 0.19008 0.0609031 0.0573954 0.00591955 0.00484615 0.0370832 0.317404 0.0707774 0.252734 
2.37733e-10 4.10671e-06 0.0719928 0.0308941 0.000112497 0.000540969 0.000727812 0.66989 0.0829566 0.142881 
0.00192496 0.0510231 0.124939 0.0590188 0.584449 0.0135865 0.0148824 0.0948174 0.0127078 0.0426519 
0.00226041 0.0029977 0.0772629 0.0601192 0.157959 0.0757999 0.0221473 0.26128 0.0260965 0.314077 
2.41312e-09 1.18926e-08 0.0274591 0.335891 3.35156e-06 7.74715e-06 0.000899152 0.632333 0.0033296 7.72387e-05 
0.00152801 0.0516474 0.322114 0.092716 0.0415843 0.015483 0.109177 0.18652 0.0508946 0.128336 
3.14557e-07 6.20587e-07 0.0238793 1.88775e-05 0.0411559 3.00235e-06 0.0161764 0.818439 0.0546385 0.0456878 
1.2037e-06 6.61341e-06 0.00386869 0.018224 0.000146241 0.000297482 0.0209059 0.940246 0.0122054 0.00409852 
3.29165e-07 1.31899e-06 0.313526 3.70874e-06 0.000332927 0.428831 1.65124e-05 0.255876 0.00015403 0.00125803 
0.000105937 0.000610842 0.610615 0.191148 0.00237655 0.01349 0.0466396 0.0297019 0.00230094 0.103011 
4.76579e-08 2.34874e-07 0.00494579 0.163328 0.0011872 6.64043e-05 0.00982033 0.786818 0.0328084 0.00102603 
6.65833e-05 0.000311499 0.00893778 0.00357916 0.931871 0.00336352 0.00296341 0.0353042 0.000484235 0.0131188 
1.10427e-06 1.42037e-06 8.8442e-05 5.22935e-05 0.000231621 0.999009 0.000201796 0.000318895 2.31456e-06 9.31273e-05 
7.03474e-06 1.31914e-05 0.00903306 0.0233102 0.000254055 0.0787202 0.000593034 0.770223 0.10608 0.0117662 
3.78879e-05 0.00124115 0.0170811 0.00467036 0.844324 0.000149671 0.00149273 0.128233 0.000329076 0.00244039 
7.78174e-09 2.14451e-07 0.00109691 0.942505 0.00627013 3.02791e-07 0.0268864 0.00617205 0.000362343 0.0167067 
0.00629384 0.0383374 0.240753 0.358257 0.0156938 0.0244907 0.100972 0.0418337 0.0510274 0.122341 
0.000400195 0.00112519 0.121523 0.0132408 0.658862 0.000907173 0.0355399 0.0460087 0.00899833 0.113395 
6.6253e-06 0.000638835 0.0118189 0.000848035 0.0545228 0.000957942 0.000523122 0.930626 1.64371e-05 4.12487e-05 
8.22293e-09 8.56819e-05 0.000842528 0.000586528 8.26539e-05 3.0473e-05 0.000247785 0.994157 0.00391182 5.52819e-05 
2.60519e-10 1.10587e-06 0.068298 0.122436 0.0045485 2.51627e-07 0.119429 0.61457 0.0151625 0.0555552 
1.10427e-06 1.42037e-06 8.8442e-05 5.22935e-05 0.000231621 0.999009 0.000201796 0.000318895 2.31456e-06 9.31273e-05 
1.20958e-06 2.11683e-06 0.04711 0.0283294 0.00303824 1.26977e-05 0.389486 0.197584 0.0129009 0.321535 
0.000274336 0.0903937 0.00765813 0.000955894 0.00143753 0.000898403 0.00075244 0.882709 0.0107313 0.00418937 
2.12899e-07 0.00021104 0.10286 0.00890285 4.0999e-07 7.90815e-05 0.0213405 0.768062 0.0745796 0.0239646 
1.10427e-06 1.42037e-06 8.8442e-05 5.22935e-05 0.000231621 0.999009 0.000201796 0.000318895 2.31456e-06 9.31273e-05 
2.12988e-09 0.00136757 0.000105967 0.0925398 5.29111e-06 9.52051e-09 0.0910494 0.785176 0.000240233 0.029516 
3.39341e-08 1.6898e-05 0.00114158 0.0322408 0.000112078 1.51684e-07 0.0755685 0.735636 0.100675 0.0546085 
2.13989e-06 0.00302077 0.0207011 2.50639e-05 1.50598e-05 0.00140872 0.00353726 0.94814 0.0026494 0.0205004 
0.000353125 0.00621664 0.206289 0.0341272 0.274641 0.0612477 0.146521 0.072926 0.00137809 0.196301 
3.29165e-07 1.31899e-06 0.313526 3.70874e-06 0.000332927 0.428831 1.65124e-05 0.255876 0.00015403 0.00125803 
1.11721e-09 0.274422 1.80112e-05 0.00353329 2.47337e-06 0.182689 8.79604e-06 0.069532 0.00423044 0.465564 
6.6253e-06 0.000638835 0.0118189 0.000848035 0.0545228 0.000957942 0.000523122 0.930626 1.64371e-05 4.12487e-05 
1.10427e-06 1.42037e-06 8.8442e-05 5.22935e-05 0.000231621 0.999009 0.000201796 0.000318895 2.31456e-06 9.31273e-05 
2.09956e-07 5.28106e-05 0.0483956 0.13048 0.000225835 9.77931e-07 0.008204 0.552014 0.16791 0.0927165 
0.00015409 0.0734117 0.199027 0.0771364 0.000467665 0.000206602 0.278799 0.122262 0.0774065 0.171129 
1.10427e-06 1.42037e-06 8.8442e-05 5.22935e-05 0.000231621 0.999009 0.000201796 0.000318895 2.31456e-06 9.31273e-05 
1.10427e-06 1.42037e-06 8.8442e-05 5.22935e-05 0.000231621 0.999009 0.000201796 0.000318895 2.31456e-06 9.31273e-05 
0.00147991 0.00509392 0.165121 0.305207 0.0105447 0.00398295 0.140729 0.0350998 0.110468 0.222275 
6.6253e-06 0.000638835 0.0118189 0.000848035 0.0545228 0.000957942 0.000523122 0.930626 1.64371e-05 4.12487e-05 
0.000664501 0.000779873 0.373462 0.0343937 0.00094954 0.0509294 0.0248697 0.0534496 0.0473528 0.413149 
1.60782e-07 0.0167167 0.0140433 0.00261143 0.000356845 3.12343e-07 0.127377 0.00412711 0.0117158 0.823051 
1.10427e-06 1.42037e-06 8.8442e-05 5.22935e-05 0.000231621 0.999009 0.000201796 0.000318895 2.31456e-06 9.31273e-05 
0.000899026 0.00108419 0.00851784 0.00419841 0.608511 0.354413 0.00312097 0.0057591 0.00293064 0.0105656 
5.95103e-05 7.93511e-05 0.0504854 0.180638 0.000356092 0.00052667 0.424422 0.0238696 0.0479839 0.27158 
0.00157604 0.0582726 0.274377 0.0985691 0.0632873 0.0034449 0.00985218 0.11452 0.0829517 0.293149 
1.27401e-09 2.22262e-06 0.0139957 2.71579e-06 1.72675e-09 5.69478e-09 0.121056 0.477399 0.207404 0.180141 
3.29165e-07 1.31899e-06 0.313526 3.70874e-06 0.000332927 0.428831 1.65124e-05 0.255876 0.00015403 0.00125803 
0.00226041 0.0029977 0.0772629 0.0601192 0.157959 0.0757999 0.0221473 0.26128 0.0260965 0.314077 
8.18182e-09 1.69503e-06 0.0384261 0.249241 1.31256e-07 3.65725e-08 0.520065 0.0246493 0.0962606 0.0713554 
9.66275e-05 0.00694202 0.0192523 0.138391 0.0599156 0.0257256 0.0531286 0.275559 0.13717 0.283818 
2.22216e-05 0.0092944 0.207103 0.00275743 8.84971e-05 0.00047752 0.0219458 0.407034 0.00555881 0.345718 
0.000875542 0.0162648 0.130339 0.0903452 0.00123749 0.00103489 0.00255211 0.638303 0.0571416 0.061907 
5.02848e-06 0.83255 0.000514376 0.00383475 4.42221e-05 1.08047e-05 0.0205258 0.135525 0.00256321 0.00442709 
2.61496e-05 0.00488887 0.0466476 0.00862892 9.15096e-05 0.000121222 0.0520053 0.516187 0.253536 0.117867 
2.17017e-05 0.000190339 0.00109668 0.00662316 0.001531 0.000164796 9.41501e-05 0.932868 0.00622855 0.0511814 
2.79881e-05 0.000460218 0.0831793 0.0466295 0.462913 9.66204e-05 0.00183911 0.386838 0.00575653 0.0122599 
0.000127161 0.00027755 0.00457554 0.00121901 0.00137326 0.00334431 0.00155865 0.935446 0.0408827 0.0111957 
1.50634e-08 0.00033117 0.492408 3.52652e-05 3.30462e-05 5.40274e-07 0.0959927 0.0216667 0.0226801 0.366852 
3.24182e-07 0.000176132 0.0328079 0.000134922 0.000100804 1.69995e-06 0.00927181 0.0166078 0.0132895 0.927609 
9.33173e-07 0.00242543 0.256368 9.33223e-07 0.0302338 0.0719962 0.0265034 0.436544 0.00821371 0.167713 
3.40298e-06 0.00162713 0.0854786 0.487326 0.0910789 0.18232 0.0295988 0.0936977 0.000185212 0.0286842 
9.09884e-05 0.0170656 0.0420412 0.610134 0.00017089 0.00239275 0.132149 0.0453927 0.142424 0.00813938 
0.00223328 0.00407387 0.053275 0.0135489 0.0352024 0.00224074 0.00406333 0.728461 0.0571946 0.0997064 
3.55116e-07 9.68548e-05 0.00539922 0.0101192 0.000404454 1.67613e-05 0.0068799 0.877692 0.014722 0.0846692 
6.94741e-05 0.00174207 0.0859243 0.00378392 0.811985 0.000125233 0.00381312 0.0438393 0.001242 0.0474754 
0.000753803 0.0298443 0.611739 0.0550381 0.00196424 0.00578279 0.111788 0.0256058 0.0858767 0.0716074 
5.00574e-06 0.0404695 0.00662519 0.186183 0.000171911 9.20468e-06 0.474719 0.0946257 0.136629 0.0605624 
1.68951e-08 6.87054e-05 0.0222297 0.00187815 2.19389e-05 8.77507e-06 0.560684 0.0904497 0.0520166 0.272643 
0.000730957 0.142435 0.339279 0.0839119 0.208194 0.00657326 0.028381 0.0909397 0.00816833 0.0913873 
5.4669e-08 2.69427e-07 0.000628359 0.00074633 0.99235 2.44369e-07 0.00018532 0.00377942 0.00184976 0.000460339 
1.95349e-05 3.54372e-05 0.0777172 0.00047473 0.000984349 3.13808e-05 0.00410673 0.801114 0.0020474 0.11347 
1.09083e-08 5.37597e-08 0.000126366 0.000209437 1.47847e-08 4.87597e-08 0.353979 0.645427 0.000115144 0.000143498 
1.10427e-06 1.42037e-06 8.8442e-05 5.22935e-05 0.000231621 0.999009 0.000201796 0.000318895 2.31456e-06 9.31273e-05 
1.10427e-06 1.42037e-06 8.8442e-05 5.22935e-05 0.000231621 0.999009 0.000201796 0.000318895 2.31456e-06 9.31273e-05 
3.24182e-07 0.000176132 0.0328079 0.000134922 0.000100804 1.69995e-06 0.00927181 0.0166078 0.0132895 0.927609 
4.30677e-10 2.12252e-09 0.0137826 2.66065e-07 5.83724e-10 1.92511e-09 0.0253249 0.415586 0.146332 0.398974 
6.6253e-06 0.000638835 0.0118189 0.000848035 0.0545228 0.000957942 0.000523122 0.930626 1.64371e-05 4.12487e-05 
8.94385e-05 0.000298975 0.0254658 0.124887 0.0215502 0.370096 0.117031 0.183393 0.0199402 0.137248 
9.61293e-09 0.00228089 0.475233 0.360968 0.000205959 1.23439e-06 0.132682 0.000272123 0.00226431 0.0260933 
0.000720834 0.0168495 0.146755 0.0292231 0.00824298 0.00113869 0.0491724 0.443169 0.0548195 0.24991 
1.10427e-06 1.42037e-06 8.8442e-05 5.22935e-05 0.000231621 0.999009 0.000201796 0.000318895 2.31456e-06 9.31273e-05 
9.54478e-05 0.0147778 0.142954 0.701046 0.0226888 0.0209746 0.0297537 0.0179713 0.00180226 0.0479356 
1.10427e-06 1.42037e-06 8.8442e-05 5.22935e-05 0.000231621 0.999009 0.000201796 0.000318895 2.31456e-06 9.31273e-05 
1.15024e-07 0.000835094 0.241585 0.040282 3.5697e-07 3.12148e-07 0.175617 1.27686e-06 0.03698 0.504699 
1.10427e-06 1.42037e-06 8.8442e-05 5.22935e-05 0.000231621 0.999009 0.000201796 0.000318895 2.31456e-06 9.31273e-05 
5.21203e-07 0.00506498 0.000444018 0.052543 0.418506 0.426714 0.0179439 0.0703851 8.75064e-05 0.00831129 
1.10427e-06 1.42037e-06 8.8442e-05 5.22935e-05 0.000231621 0.999009 0.000201796 0.000318895 2.31456e-06 9.31273e-05 
9.45295e-06 0.00013235 2.18389e-05 0.0399624 3.90428e-05 3.12955e-05 0.00563393 0.87606 0.00756875 0.0705411 
9.18895e-11 9.51477e-06 0.0701449 0.42777 0.000769416 4.10743e-10 0.0110921 0.182052 0.000120805 0.308042 
6.6253e-06 0.000638835 0.0118189 0.000848035 0.0545228 0.000957942 0.000523122 0.930626 1.64371e-05 4.12487e-05 
0.000145673 0.0128161 0.082609 0.21655 0.000649291 0.0277917 0.0311518 0.144451 0.22856 0.255275 
0.000997084 0.0458923 0.206973 0.318273 0.115997 0.0206016 0.126009 0.0855813 0.0246564 0.0550183 
8.99567e-06 0.0010896 0.0763219 0.185495 0.000763116 2.31286e-05 0.0397265 0.438585 0.04116 0.216827 
3.29165e-07 1.31899e-06 0.313526 3.70874e-06 0.000332927 0.428831 1.65124e-05 0.255876 0.00015403 0.00125803 
1.98559e-09 9.78563e-09 4.85185e-05 4.89941e-05 2.6912e-09 8.87551e-09 3.02823e-05 0.244372 0.64472 0.11078 
1.10427e-06 1.42037e-06 8.8442e-05 5.22935e-05 0.000231621 0.999009 0.000201796 0.000318895 2.31456e-06 9.31273e-05 
5.84105e-05 0.00239997 0.0283619 0.00238945 0.808633 0.000117219 0.00036681 0.135536 0.00778942 0.0143474 
0.0171892 0.224337 0.0465156 0.0573498 0.0330242 0.0752113 0.0702292 0.319823 0.0713574 0.0849635 
1.06508e-10 0.00402341 0.0365195 0.0102687 0.0333521 0.00026002 0.21067 0.609751 0.0783463 0.0168086 
3.78879e-05 0.00124115 0.0170811 0.00467036 0.844324 0.000149671 0.00149273 0.128233 0.000329076 0.00244039 
9.43484e-09 4.6498e-08 0.00554271 0.136392 1.27876e-08 4.21734e-08 0.00862598 0.822721 0.0259816 0.00073624 
6.6253e-06 0.000638835 0.0118189 0.000848035 0.0545228 0.000957942 0.000523122 0.930626 1.64371e-05 4.12487e-05 
2.84425e-08 0.00233447 0.0617643 0.377733 0.0942394 1.98942e-05 0.395469 0.0636161 0.000184481 0.00463939 
1.46451e-06 9.73241e-06 3.8922e-05 2.99627e-05 0.00429058 2.57945e-06 4.90598e-05 0.526603 2.75649e-05 0.468947 
7.3071e-07 0.00777681 9.62216e-05 0.0530771 0.0217684 6.33013e-05 0.0849798 0.179043 0.0156687 0.637526 
1.60506e-06 9.99918e-05 0.00657796 0.000819231 0.00329452 2.53368e-05 0.000295805 0.929542 0.0411096 0.0182344 
9.02885e-11 0.963967 0.00273213 0.016018 8.95343e-06 4.03587e-10 0.00231437 0.00753378 0.00167279 0.00575278 
6.6253e-06 0.000638835 0.0118189 0.000848035 0.0545228 0.000957942 0.000523122 0.930626 1.64371e-05 4.12487e-05 
1.08436e-05 0.00226389 0.242877 0.242611 0.0252555 0.00645613 0.137387 0.166878 0.00965098 0.16661 
1.10427e-06 1.42037e-06 8.8442e-05 5.22935e-05 0.000231621 0.999009 0.000201796 0.000318895 2.31456e-06 9.31273e-05 
3.29165e-07 1.31899e-06 0.313526 3.70874e-06 0.000332927 0.428831 1.65124e-05 0.255876 0.00015403 0.00125803 
1.21402e-05 8.38797e-05 0.0158516 0.313665 1.65878e-05 6.77207e-05 0.471189 0.00960907 0.0469868 0.142518 
6.37103e-08 0.00313184 0.178783 0.335214 0.00208469 1.83427e-06 0.011667 0.237589 0.224962 0.006566 
0.000479414 0.000772187 0.0549187 0.00673816 0.0474615 0.00649609 0.0230214 0.500765 0.0360832 0.323264 
1.15756e-10 0.000349703 0.0264446 0.798124 8.49825e-05 8.54185e-05 0.15042 0.00378703 0.00581883 0.0148849 
0.000131257 0.310969 0.169876 0.221401 0.0319324 0.0174971 0.0547288 0.17767 0.0136101 0.00218448 
1.112e-07 2.07665e-07 0.29749 0.114493 1.38353e-07 3.7352e-05 0.00847157 0.259863 0.0113819 0.308262 
1.10427e-06 1.42037e-06 8.8442e-05 5.22935e-05 0.000231621 0.999009 0.000201796 0.000318895 2.31456e-06 9.31273e-05 
0.00285436 0.0307835 0.0795543 0.0810452 0.00907562 0.00705572 0.0369423 0.291298 0.151769 0.309622 
0.00778431 0.0182409 0.105002 0.487288 0.0185506 0.101077 0.0976833 0.0584033 0.0312046 0.0747664 
0.000112651 0.000993622 0.0762497 0.0227473 0.00411546 0.0224649 0.0654972 0.313335 0.0179224 0.476561 
0.00223928 0.00991053 0.115178 0.0984872 0.0050897 0.00308316 0.0128171 0.331118 0.119785 0.302291 
4.06064e-06 0.0038711 0.463296 5.11132e-06 3.15885e-05 0.00141405 0.0404968 0.359401 0.000870087 0.130611 
4.55945e-11 6.9681e-07 1.06873e-06 1.60766e-06 0.00379262 8.07091e-06 2.10356e-07 0.776635 0.189593 0.029968 
1.10427e-06 1.42037e-06 8.8442e-05 5.22935e-05 0.000231621 0.999009 0.000201796 0.000318895 2.31456e-06 9.31273e-05 
4.93595e-05 0.0014869 0.344217 0.0179196 0.260684 0.00196162 0.00496535 0.313187 0.011851 0.0436788 
0.000185296 0.0002936 0.00455093 0.00282074 0.356619 0.623512 0.00253403 0.00248205 0.00121848 0.00578472 
7.3071e-07 0.00777681 9.62216e-05 0.0530771 0.0217684 6.33013e-05 0.0849798 0.179043 0.0156687 0.637526 
8.86057e-08 1.0354e-07 0.105204 0.000365637 0.000381889 0.61133 0.141104 0.0763313 0.00025896 0.0650246 
2.89342e-06 0.0026051 0.0509321 0.00550069 0.0217022 0.0187982 2.89346e-06 0.85444 0.0460131 2.8938e-06 
9.59461e-08 0.000727774 0.0222769 0.870803 9.7505e-05 1.28893e-05 0.0141484 0.00212628 0.0181763 0.0716305 
1.49777e-05 0.000430655 0.462351 0.234468 0.000158761 8.67646e-05 0.00753771 0.213471 0.0190957 0.0623852 
4.29161e-08 0.0025045 0.081814 0.0762545 0.481256 5.82447e-07 0.000524407 0.314234 2.1696e-05 0.0433899 
3.24198e-05 0.000444271 0.058579 0.0679581 0.694434 0.00550758 0.0100798 0.113044 0.019895 0.0300252 
9.17889e-06 0.0019959 0.0017356 0.0234258 0.00331896 0.300107 0.0752962 0.514971 0.0017149 0.0774246 
1.36028e-05 0.0336034 0.01194 0.322142 0.000351362 0.028556 0.421111 0.0418394 0.0468402 0.0936028 
1.10427e-06 1.42037e-06 8.8442e-05 5.22935e-05 0.000231621 0.999009 0.000201796 0.000318895 2.31456e-06 9.31273e-05 
1.47876e-06 0.000767918 0.376088 0.0208747 0.017985 9.63755e-06 0.165384 0.235362 0.0644776 0.11905 
2.75194e-05 0.000209108 0.00743937 0.0318308 8.79183e-05 0.00042119 0.00133563 0.620815 0.206388 0.131446 
4.48698e-08 1.61919e-05 0.015784 0.0224366 2.10046e-07 4.01549e-07 0.00832779 0.0318342 0.823286 0.098315 
2.72313e-05 0.000521444 0.00102315 0.000715319 0.000797525 0.0036308 4.14114e-05 0.304673 0.00290531 0.685664 
1.10427e-06 1.42037e-06 8.8442e-05 5.22935e-05 0.000231621 0.999009 0.000201796 0.000318895 2.31456e-06 9.31273e-05 
1.87391e-09 9.23527e-09 5.42766e-06 2.74961e-07 2.53984e-09 8.37633e-09 0.0161035 0.877419 0.106471 1.51667e-06 
1.10427e-06 1.42037e-06 8.8442e-05 5.22935e-05 0.000231621 0.999009 0.000201796 0.000318895 2.31456e-06 9.31273e-05 
1.156e-08 7.35404e-06 0.0591761 0.0378331 0.000941299 7.71709e-07 0.0523275 0.731847 0.0769607 0.0409059 
1.10427e-06 1.42037e-06 8.8442e-05 5.22935e-05 0.000231621 0.999009 0.000201796 0.000318895 2.31456e-06 9.31273e-05 
0.000359054 0.0127427 0.0203549 0.813077 0.00893101 0.000738571 0.0942115 0.00595468 0.0131781 0.030452 
2.07101e-05 0.00462834 0.0313522 0.00217555 0.000564467 0.868378 0.0341758 0.0375739 0.0120714 0.00905945 
1.55844e-08 7.68049e-08 0.000601142 0.063905 0.000428566 2.22675e-05 0.0128999 0.776044 0.00645655 0.139643 
4.76331e-05 0.00103318 0.689189 0.115883 0.000109013 0.000760392 0.133307 0.0155301 0.004953 0.0391873 
1.01078e-06 0.00214343 0.0406335 0.115664 0.00127721 2.50578e-06 0.00172953 0.539444 0.130759 0.168347 
1.03785e-07 1.37719e-06 3.70659e-06 0.0664606 0.808377 4.57355e-05 7.36095e-05 0.00330921 0.112869 0.00885906 
1.10427e-06 1.42037e-06 8.8442e-05 5.22935e-05 0.000231621 0.999009 0.000201796 0.000318895 2.31456e-06 9.31273e-05 
1.15024e-07 0.000835094 0.241585 0.040282 3.5697e-07 3.12148e-07 0.175617 1.27686e-06 0.03698 0.504699 
5.40219e-06 6.21594e-05 0.0246635 0.0606195 0.000498493 0.0147238 0.772392 0.00723483 0.00195669 0.117843 
0.000144336 0.000394573 0.193307 0.00945649 0.00118592 0.00208127 0.0145447 0.194202 0.0364163 0.548267 
6.6253e-06 0.000638835 0.0118189 0.000848035 0.0545228 0.000957942 0.000523122 0.930626 1.64371e-05 4.12487e-05 
6.6253e-06 0.000638835 0.0118189 0.000848035 0.0545228 0.000957942 0.000523122 0.930626 1.64371e-05 4.12487e-05 
1.10427e-06 1.42037e-06 8.8442e-05 5.22935e-05 0.000231621 0.999009 0.000201796 0.000318895 2.31456e-06 9.31273e-05 
0.000726015 0.00234529 0.216993 0.0257666 0.00159729 0.103077 0.0325797 0.578187 0.0141277 0.0245995 
3.08798e-05 7.30292e-05 0.0430282 0.00412344 0.000172348 0.000800727 0.0496355 0.769045 0.0291214 0.10397 
0.000117941 0.00145264 0.342303 0.0917684 0.0313078 0.000558121 0.0106743 0.359777 0.00872477 0.153316 
0.0015908 0.00458258 0.20073 0.0519857 0.0147363 0.0282276 0.124072 0.283124 0.0376854 0.253265 
1.10427e-06 1.42037e-06 8.8442e-05 5.22935e-05 0.000231621 0.999009 0.000201796 0.000318895 2.31456e-06 9.31273e-05 
1.23358e-05 0.0122837 0.475474 0.185335 0.001511 5.76931e-05 0.0162052 0.153736 0.0165498 0.138836 
0.000510655 0.00557335 0.349551 0.07337 0.0102827 0.0295673 0.495734 0.00233233 0.012421 0.0206572 
2.43491e-08 7.4786e-08 0.190078 0.00560088 1.06653e-07 0.000144625 0.163967 0.156593 0.0029421 0.480674 
6.54081e-07 4.4261e-06 0.0883174 0.00139944 5.40925e-06 2.00798e-05 0.00039564 0.704206 0.00791727 0.197733 
0.000615147 0.000928763 0.0404866 0.019045 0.000905369 0.529722 0.00147635 0.0683286 0.106505 0.231987 
1.10427e-06 1.42037e-06 8.8442e-05 5.22935e-05 0.000231621 0.999009 0.000201796 0.000318895 2.31456e-06 9.31273e-05 
1.26049e-05 0.464611 0.283524 0.109072 0.0681007 1.75408e-05 0.0185021 0.0237007 0.00626752 0.0261919 
6.74336e-05 0.0443578 0.553468 0.178686 0.00930996 0.00276557 0.0545859 0.00854548 0.000760675 0.147453 
4.18484e-07 8.11865e-07 0.0205477 0.012558 6.74053e-05 1.5515e-06 0.00297676 0.78902 0.103078 0.0717489 
3.20578e-05 9.75011e-05 0.0643799 0.00535908 0.000924869 0.000341108 0.0673256 0.796972 0.0320943 0.0324736 
6.24591e-05 0.000203539 0.00955677 0.0294824 0.00275409 0.00127512 0.00440644 0.941355 0.00936896 0.00153542 
2.10069e-05 0.0005322 0.0149286 0.108875 0.000287252 0.000579158 0.0765862 0.660467 0.000685253 0.137039 
5.51701e-09 7.07203e-05 0.000161771 4.22922e-05 7.47756e-09 2.46608e-08 1.55858e-05 0.999254 0.000155829 0.000299391 
1.94428e-07 9.58204e-07 1.14368e-05 1.67463e-05 0.000137797 8.69085e-07 0.0442578 0.794561 0.159951 0.00106257 
0.000544075 0.0449937 0.258197 0.164269 0.0530528 0.0292528 0.0662398 0.308743 0.0231008 0.0516067 
1.37274e-05 0.000989235 0.021386 0.0183633 0.000314175 0.00233099 0.00247617 0.950499 0.000803115 0.00282459 
9.24611e-11 1.23079e-06 0.0213398 0.0187734 1.25319e-10 4.13298e-10 0.00570607 0.602315 0.196767 0.155097 
4.87445e-08 0.00022095 0.00694935 0.00648357 7.27225e-05 0.60376 0.0162792 0.364723 0.000138086 0.00137296 
3.29165e-07 1.31899e-06 0.313526 3.70874e-06 0.000332927 0.428831 1.65124e-05 0.255876 0.00015403 0.00125803 
8.4019e-06 0.019617 0.081258 0.0755125 0.000919594 0.122081 0.479124 0.0280888 0.0451954 0.148196 
0.00154507 0.00821216 0.176097 0.233249 0.030972 0.00168622 0.0395134 0.266569 0.0129209 0.229235 
3.29455e-09 1.70999e-05 7.42121e-06 0.0194345 4.46531e-09 1.47265e-08 4.35961e-06 0.927981 0.0182825 0.0342728 
2.59278e-05 0.00148937 0.0864923 0.144826 0.0285287 6.62479e-05 0.00381431 0.690725 0.00236191 0.04167 
1.55844e-08 7.68049e-08 0.000601142 0.063905 0.000428566 2.22675e-05 0.0128999 0.776044 0.00645655 0.139643 
6.6253e-06 0.000638835 0.0118189 0.000848035 0.0545228 0.000957942 0.000523122 0.930626 1.64371e-05 4.12487e-05 
1.1281e-08 2.96264e-06 0.000899159 0.0713937 1.31938e-05 0.00196731 0.0581943 0.733882 0.0967844 0.0368627 
1.26534e-05 0.00565876 0.486018 0.00260986 0.000408446 0.00468839 0.122708 0.250317 0.00697764 0.1206 
3.40298e-06 0.00162713 0.0854786 0.487326 0.0910789 0.18232 0.0295988 0.0936977 0.000185212 0.0286842 
9.4751e-10 1.61557e-06 0.0607233 0.545205 9.36797e-05 4.23534e-09 0.00617561 0.0997024 0.0158304 0.272268 
3.29165e-07 1.31899e-06 0.313526 3.70874e-06 0.000332927 0.428831 1.65124e-05 0.255876 0.00015403 0.00125803 
5.6006e-05 0.000909803 0.109724 0.00250886 0.00764422 0.000155607 0.218872 0.0990368 0.000913639 0.560178 
6.87287e-05 0.000102651 0.0354474 0.000161829 0.00016449 0.0001006 0.0709442 0.0321159 0.000156845 0.860737 
5.51701e-09 7.07203e-05 0.000161771 4.22922e-05 7.47756e-09 2.46608e-08 1.55858e-05 0.999254 0.000155829 0.000299391 
1.10427e-06 1.42037e-06 8.8442e-05 5.22935e-05 0.000231621 0.999009 0.000201796 0.000318895 2.31456e-06 9.31273e-05 
0.00154793 0.476532 0.0235401 0.00158418 0.0581802 0.00769422 0.00256965 0.413119 0.00692634 0.00830656 
1.10427e-06 1.42037e-06 8.8442e-05 5.22935e-05 0.000231621 0.999009 0.000201796 0.000318895 2.31456e-06 9.31273e-05 
1.60782e-07 0.0167167 0.0140433 0.00261143 0.000356845 3.12343e-07 0.127377 0.00412711 0.0117158 0.823051 
3.99001e-05 0.00279994 0.0599677 0.0105326 0.00113143 0.0350231 0.0072325 0.862641 0.0041152 0.0165167 
0.000198252 0.00829166 0.31593 0.0159632 0.000526007 0.000669119 0.026516 0.0080309 0.0267437 0.597131 
4.26798e-05 0.000544432 0.0443054 0.0103793 0.000153902 0.000295794 0.0941885 0.015681 0.00119345 0.833216 
0.000235017 0.208617 0.147411 0.0379666 0.00473506 0.00269877 0.0390454 0.374458 0.0439359 0.140896 
0.000227253 0.389838 0.206334 0.0776318 0.111117 0.00153217 0.037931 0.161381 0.00216978 0.0118383 
2.4833e-06 2.69035e-06 0.0206024 9.11392e-06 0.0152255 0.00191831 0.0491131 0.515398 0.375715 0.0220126 
1.10427e-06 1.42037e-06 8.8442e-05 5.22935e-05 0.000231621 0.999009 0.000201796 0.000318895 2.31456e-06 9.31273e-05 
0.000161807 0.239933 0.108465 0.0542387 0.136261 0.00216274 0.0146819 0.347161 0.00975386 0.0871809 
7.96515e-07 1.04719e-05 0.00148041 0.000385778 9.81606e-06 4.00943e-06 0.997984 2.77206e-06 8.04628e-05 4.14208e-05 
0.000899026 0.00108419 0.00851784 0.00419841 0.608511 0.354413 0.00312097 0.0057591 0.00293064 0.0105656 
0.000353125 0.00621664 0.206289 0.0341272 0.274641 0.0612477 0.146521 0.072926 0.00137809 0.196301 
0.000151669 0.0282391 0.308379 0.00606714 0.000375161 0.000212792 0.0276492 0.00671539 0.087536 0.534675 
8.00042e-06 0.843308 0.0277585 0.0178196 0.00172907 2.28508e-05 0.00148425 0.0658467 0.0176833 0.0243401 
0.000899026 0.00108419 0.00851784 0.00419841 0.608511 0.354413 0.00312097 0.0057591 0.00293064 0.0105656 
1.52416e-09 5.25387e-05 0.192432 8.84975e-09 1.86451e-08 6.10053e-09 0.0026999 0.000511265 0.000530416 0.803774 
9.09093e-10 4.48031e-09 8.76207e-05 7.10163e-06 3.20483e-06 4.06361e-09 3.09804e-05 0.948607 1.66885e-05 0.0512472 
7.89016e-05 0.00460722 0.282761 0.0156796 0.000733845 0.00038161 0.0372743 0.407678 0.161593 0.0892117 
4.38432e-08 8.57188e-07 0.612752 1.71462e-07 0.000230093 0.0141539 0.0588529 0.08426 0.0127028 0.217047 
1.10427e-06 1.42037e-06 8.8442e-05 5.22935e-05 0.000231621 0.999009 0.000201796 0.000318895 2.31456e-06 9.31273e-05 
1.10427e-06 1.42037e-06 8.8442e-05 5.22935e-05 0.000231621 0.999009 0.000201796 0.000318895 2.31456e-06 9.31273e-05 
1.85296e-11 9.13198e-11 0.873853 3.6124e-05 2.51143e-11 8.28265e-11 8.51796e-06 0.000175069 0.00011219 0.125815 
0.000680981 0.00356264 0.0993124 0.0136655 0.00282543 0.0807331 0.0674408 0.541222 0.0784425 0.112114 
0.000544169 0.00260663 0.0663068 0.139019 0.0375248 0.000897979 0.00683337 0.491198 0.224031 0.0310378 
9.05767e-06 0.00984259 0.0365733 0.0253309 0.604618 6.19862e-05 0.00146125 0.311384 0.00443925 0.00627937 
0.00393163 0.00400353 0.50699 0.147468 0.0195375 0.0303845 0.1247 0.0694386 0.0382836 0.055262 
0.000436304 0.00122746 0.0669072 0.0266855 0.69162 0.102331 0.0147176 0.0596989 0.00245489 0.0339209 
1.0765e-05 0.000119162 0.0994511 0.000119684 0.000114165 0.000111066 0.0173838 0.472444 0.0100382 0.400208 
7.50155e-05 0.00309297 0.606404 0.0499574 0.000192099 0.000250619 0.0516367 0.137258 0.0265882 0.124545 
5.44288e-07 9.50228e-07 0.0148786 2.32905e-05 0.000474646 0.00221004 0.000644685 0.93646 0.00289836 0.0424091 
6.72487e-10 5.53767e-06 6.92113e-06 0.0943436 0.00844655 3.00599e-09 0.0453114 0.827384 0.000112966 0.0243893 
2.98504e-07 1.02886e-06 2.46937e-05 1.73321e-06 3.6516e-06 1.19478e-06 1.83594e-05 0.230786 0.00068259 0.76848 
0.00475241 0.0667506 0.074555 0.166056 0.00479283 0.00600725 0.0171948 0.104699 0.292249 0.262943 
1.30245e-05 2.99328e-05 0.000350241 4.75639e-05 2.89744e-05 0.00146505 5.07741e-05 0.99787 6.6688e-05 7.77149e-05 
1.39256e-07 6.23039e-05 0.0220371 0.0752052 0.0345536 2.62842e-07 0.00290135 0.765821 0.00520646 0.0942126 
1.06801e-07 7.72486e-05 0.341054 0.00824291 0.000638307 0.00216018 0.0766313 0.385755 0.137088 0.0483531 
9.18895e-11 9.51477e-06 0.0701449 0.42777 0.000769416 4.10743e-10 0.0110921 0.182052 0.000120805 0.308042 
0.000184914 0.000697877 0.304525 0.00732728 0.00632031 0.000187544 0.278998 0.026614 0.00103084 0.374114 
3.89288e-06 5.19927e-05 0.00113012 0.000316839 0.000312448 0.9865 0.00491614 0.00608106 0.00016651 0.000520721 
0.00226041 0.0029977 0.0772629 0.0601192 0.157959 0.0757999 0.0221473 0.26128 0.0260965 0.314077 
6.6253e-06 0.000638835 0.0118189 0.000848035 0.0545228 0.000957942 0.000523122 0.930626 1.64371e-05 4.12487e-05 
3.02317e-09 1.48992e-08 1.06955e-05 1.27039e-05 0.0107748 1.35135e-08 0.000829521 0.262976 0.598304 0.127093 
3.16828e-07 1.41281e-05 0.00888427 0.165933 0.025226 5.80861e-07 0.0488318 0.0457653 0.11502 0.590324 
7.33066e-07 2.52893e-06 6.05174e-05 4.24867e-06 8.95103e-06 2.93485e-06 0.0106714 0.834279 0.00121786 0.153752 
0.000614386 0.0102551 0.0856836 0.131282 0.0131454 0.00251935 0.0119565 0.676805 0.0345501 0.0331886 
2.96819e-07 0.000239891 0.0781338 0.85051 7.45431e-06 0.000137338 0.0478306 0.0086211 0.0114151 0.00310399 
1.05408e-07 5.19485e-07 0.00200808 0.00157751 0.00274316 4.7117e-07 0.000516083 0.991738 0.000562944 0.000852841 
1.10427e-06 1.42037e-06 8.8442e-05 5.22935e-05 0.000231621 0.999009 0.000201796 0.000318895 2.31456e-06 9.31273e-05 
3.93432e-07 1.93896e-06 0.00938192 0.0136608 8.69705e-06 1.75863e-06 0.0109854 0.930712 0.0239208 0.0113263 
1.10427e-06 1.42037e-06 8.8442e-05 5.22935e-05 0.000231621 0.999009 0.000201796 0.000318895 2.31456e-06 9.31273e-05 
2.04452e-07 0.000197167 0.0441638 0.775235 0.00592172 0.000367657 0.127979 0.00113144 0.00140847 0.0435959 
6.22049e-07 0.00110001 0.218785 0.209122 0.000364241 8.14637e-06 0.0609637 0.448219 0.0307603 0.0306765 
1.10427e-06 1.42037e-06 8.8442e-05 5.22935e-05 0.000231621 0.999009 0.000201796 0.000318895 2.31456e-06 9.31273e-05 
0.000192335 0.00026841 0.0700046 0.009946 0.00138194 0.49454 0.00797846 0.349494 0.00168214 0.0645124 
4.06394e-06 5.62928e-06 0.0106954 0.00110718 0.000101879 0.000157774 0.00407667 0.914048 0.00281214 0.0669912 
2.54683e-05 0.000233215 0.0811011 0.00118913 3.6724e-05 0.000979657 0.0943419 0.609181 0.0171954 0.195717 
5.22679e-08 0.000110168 0.0601323 0.0126403 5.146e-05 0.000960425 0.000357866 0.861814 0.00311565 0.0608174 
1.10427e-06 1.42037e-06 8.8442e-05 5.22935e-05 0.000231621 0.999009 0.000201796 0.000318895 2.31456e-06 9.31273e-05 
0.0019009 0.00254934 0.0644134 0.0501243 0.131916 0.12161 0.0184833 0.32542 0.0217699 0.261812 
1.10427e-06 1.42037e-06 8.8442e-05 5.22935e-05 0.000231621 0.999009 0.000201796 0.000318895 2.31456e-06 9.31273e-05 
8.17552e-07 4.58068e-06 0.00154011 0.0267336 5.49513e-05 1.14129e-06 0.00910723 0.779558 0.0355176 0.147482 
0.00141263 0.00243128 0.23584 0.113734 0.00224652 0.00375125 0.0902362 0.0966146 0.0265233 0.427211 
3.77622e-07 1.68391e-05 0.0200564 0.154958 0.269401 6.9232e-07 0.0798382 0.0712403 0.0946847 0.309803 
1.10427e-06 1.42037e-06 8.8442e-05 5.22935e-05 0.000231621 0.999009 0.000201796 0.000318895 2.31456e-06 9.31273e-05 
0.000581868 0.00669802 0.244466 0.336936 0.0680695 0.000923537 0.105409 0.0855248 0.00502447 0.146367 
6.06351e-07 4.07005e-05 0.0899323 0.669856 0.00533554 0.000528475 0.156075 0.00199572 0.00387772 0.072358 
0.00225502 0.0388248 0.214923 0.0659206 0.366126 0.0117581 0.0382151 0.135467 0.0184572 0.108053 
1.19627e-06 1.67189e-06 0.000125865 1.1204e-05 0.000136417 0.999295 0.000229303 0.000123759 1.98935e-06 7.31985e-05 
1.10427e-06 1.42037e-06 8.8442e-05 5.22935e-05 0.000231621 0.999009 0.000201796 0.000318895 2.31456e-06 9.31273e-05 
2.09956e-07 5.28106e-05 0.0483956 0.13048 0.000225835 9.77931e-07 0.008204 0.552014 0.16791 0.0927165 
1.39256e-07 6.23039e-05 0.0220371 0.0752052 0.0345536 2.62842e-07 0.00290135 0.765821 0.00520646 0.0942126 
7.75704e-10 3.82293e-09 6.58592e-07 0.983076 9.89913e-09 3.46737e-09 0.00579273 0.00586034 0.00314012 0.00213015 
3.98317e-10 1.96304e-09 0.00168308 0.192237 0.0254891 1.78046e-09 0.276803 0.361097 0.0495482 0.0931422 
2.98504e-07 1.02886e-06 2.46937e-05 1.73321e-06 3.6516e-06 1.19478e-06 1.83594e-05 0.230786 0.00068259 0.76848 
1.19627e-06 1.67189e-06 0.000125865 1.1204e-05 0.000136417 0.999295 0.000229303 0.000123759 1.98935e-06 7.31985e-05 
1.10427e-06 1.42037e-06 8.8442e-05 5.22935e-05 0.000231621 0.999009 0.000201796 0.000318895 2.31456e-06 9.31273e-05 
8.88474e-10 4.37869e-09 0.150907 0.583393 1.20421e-09 3.97145e-09 0.261398 1.17901e-05 3.7505e-05 0.00425274 
2.6165e-06 2.79957e-06 1.71877e-05 0.00106119 3.8251e-05 0.00400462 0.136049 0.404919 0.240873 0.213033 
