0.000119313 2.59437e-07 0.904331 0.00289238 0.00013667 1.77784e-07 0.000339152 0.0689744 0.0181534 0.00505318 
0.0229398 0.00448811 0.202963 0.372386 0.0996879 3.39866e-07 0.0151738 0.0303113 0.0869751 0.165075 
1.92966e-05 1.46356e-06 0.00561399 0.0852456 0.000263682 1.32744e-06 0.0175871 0.891109 0.000137652 2.11543e-05 
3.65271e-05 1.17713e-05 0.584512 0.369693 0.00294135 2.3825e-08 0.00312889 0.00099248 0.00380514 0.0348788 
0.0735545 0.0528874 0.119105 0.266979 0.112426 7.95148e-08 0.00905868 0.0842427 0.193317 0.0884295 
0.0555028 0.000239386 0.0712952 0.0129414 0.000627087 2.68645e-06 0.0349856 0.0667886 0.0394719 0.718145 
0.105283 1.61166e-05 0.145633 0.107207 1.47073e-07 6.63332e-06 0.029934 0.271721 0.237814 0.102385 
0.0115092 1.08824e-10 1.13917e-05 1.01496e-07 7.69424e-05 2.41583e-05 0.00040846 0.733053 0.162073 0.092844 
6.71424e-05 3.18419e-08 0.00602798 0.0217902 0.00137945 5.40653e-12 0.00274048 0.000979079 0.0189764 0.948039 
3.46377e-05 7.5223e-06 0.000111571 6.32957e-05 0.000239131 0.998642 0.000170752 0.000582427 2.85759e-05 0.000119712 
1.10427e-06 1.42037e-06 8.8442e-05 5.22935e-05 0.000231621 0.999009 0.000201796 0.000318895 2.31456e-06 9.31273e-05 
1.11715e-05 1.11634e-05 0.0715156 1.11721e-05 1.11708e-05 1.11644e-05 0.0849156 0.607746 0.205589 0.0301781 
0.0171918 3.7336e-06 0.116734 0.0509277 5.59202e-06 5.03388e-07 0.0437937 0.701944 0.0496752 0.019724 
0.0019651 0.0139062 0.129616 0.0140486 0.00124213 0.0685743 0.0468024 0.621666 0.0779021 0.0242775 
0.00349008 1.34169e-07 0.0596906 0.0958178 3.37631e-05 1.12902e-06 0.024361 0.401935 0.276016 0.138655 
0.000119313 2.59437e-07 0.904331 0.00289238 0.00013667 1.77784e-07 0.000339152 0.0689744 0.0181534 0.00505318 
8.58462e-05 0.000353364 0.0418092 0.828794 0.00597363 0.00177191 0.027699 0.0300027 0.00498861 0.0585215 
0.0404694 0.000565383 0.428064 0.0181525 0.0283159 2.69899e-06 0.00680814 0.0182878 0.101786 0.357548 
0.0146454 3.00345e-05 0.0264391 0.0427127 0.00158862 1.26402e-06 0.0738326 0.358453 0.377512 0.104785 
0.0179693 5.01864e-05 0.038972 0.00412682 0.000199351 8.94158e-07 0.00390935 0.0193942 0.00705841 0.90832 
0.00520401 0.00242437 0.064413 0.0455754 0.00886747 0.0757242 0.0375671 0.339129 0.153059 0.268036 
6.09497e-06 2.34461e-06 0.000147191 7.81884e-05 0.000140184 0.998975 0.000413703 0.000146422 3.96658e-06 8.64844e-05 
0.0314942 0.00199311 0.0579003 0.0567216 0.00755444 0.0285616 0.0390966 0.686206 0.058441 0.0320307 
0.0342356 5.73674e-05 0.295759 0.0274149 0.000161799 8.00009e-08 0.0183618 0.00540751 0.0517794 0.566823 
0.00180278 0.00500996 0.38326 0.0113224 0.163914 6.58313e-05 0.0235081 0.0237646 0.214589 0.172762 
3.65192e-05 6.13648e-09 0.208383 0.000110791 3.12522e-05 1.7799e-12 0.00031255 0.0273206 0.0226927 0.741112 
0.162471 0.000310645 0.00971962 0.00401658 0.00026622 1.73489e-08 0.0311193 0.00425297 0.593851 0.193993 
0.0134886 0.000423658 0.85977 0.0242462 0.000263795 5.07918e-06 0.000695871 0.0266932 0.0125551 0.0618586 
0.313254 1.14176e-05 0.0106287 0.0202048 5.40883e-05 1.48206e-05 0.0036543 0.00479424 0.515872 0.131512 
0.0156801 0.00726287 0.254487 0.142318 0.00251872 0.00029474 0.0401674 0.0758572 0.0610055 0.400408 
0.0159696 0.000737639 0.29663 0.216081 0.00785468 2.71059e-05 0.0125272 0.0213198 0.0385478 0.390304 
0.000119313 2.59437e-07 0.904331 0.00289238 0.00013667 1.77784e-07 0.000339152 0.0689744 0.0181534 0.00505318 
7.36842e-06 7.36311e-06 7.36915e-06 0.0449572 0.00663851 0.0272532 0.0147444 0.578435 0.0648563 0.263093 
0.000769015 3.43545e-07 0.0150181 0.00556077 0.0109327 1.41493e-06 0.819509 0.123761 0.0212684 0.00317996 
0.0428571 0.00102111 0.655298 0.0949186 0.00197652 1.49184e-05 0.00936168 0.102252 0.0331819 0.059118 
0.0256041 0.000273187 0.147346 0.0301257 0.00645362 0.000254808 0.0203275 0.025391 0.0689828 0.675242 
0.0619319 4.82388e-05 0.0138667 0.00249313 8.60924e-05 2.87823e-07 0.00544136 0.00233383 0.0334472 0.880351 
0.0106279 0.0055567 0.173593 0.0701854 0.000583222 0.000120698 0.0505046 0.0222516 0.066778 0.599799 
0.0205822 9.69253e-06 0.0234343 0.0038165 0.00191323 9.52773e-06 0.00841317 0.00859524 0.00649244 0.926734 
0.0327115 0.0205302 0.122877 0.0771658 0.593838 4.0656e-06 0.0257746 0.0644731 0.0330243 0.0296018 
0.0010854 0.000409232 0.0995785 0.0333253 2.02469e-05 7.91088e-07 0.171035 0.174267 0.223824 0.296455 
0.0868821 0.00188707 0.035742 0.0238288 0.00186384 0.000349902 0.0221977 0.0385455 0.688269 0.100434 
0.0798949 2.74229e-05 0.068482 0.0126793 0.677596 1.2925e-12 0.0016601 0.0673296 0.0318008 0.0605296 
0.215534 0.0056971 0.0554927 0.0391976 0.00224248 0.000596527 0.041141 0.03255 0.493666 0.113882 
0.0277541 0.00477826 0.753786 0.0602415 0.000371975 8.17385e-06 0.0275118 0.00764025 0.0227536 0.0951541 
0.00330748 0.00133246 0.625797 0.0947639 0.000141367 1.77682e-06 0.0330586 0.00633847 0.0422697 0.192989 
0.00221778 0.000149282 0.076722 0.319474 0.000105603 7.68236e-06 0.076186 0.0200161 0.220949 0.284172 
0.00101767 5.87902e-05 0.0485247 0.011273 6.90921e-06 2.96229e-06 0.00101195 0.872098 0.0520327 0.0139734 
0.00179515 1.36401e-07 0.22328 0.31321 1.04189e-05 2.30529e-07 0.000714929 0.00676713 0.0102749 0.443947 
0.0197528 0.000800303 0.32675 0.193448 0.00871185 7.63052e-05 0.0827101 0.044983 0.0485995 0.274168 
7.14475e-05 1.12999e-07 0.00142544 1.79365e-06 3.67097e-05 8.06325e-06 0.00014455 0.991685 0.00286005 0.00376719 
0.00248779 2.55765e-08 0.0260218 8.36253e-05 0.000352817 5.62434e-10 0.0820122 0.00734402 0.873467 0.00823093 
0.882965 1.06487e-06 7.89687e-07 3.15149e-05 4.09863e-05 5.78512e-10 0.0033378 7.9326e-05 0.109053 0.00448986 
0.030057 2.18928e-05 0.211911 0.0856238 0.00019105 2.87953e-05 0.0239141 0.0292309 0.152923 0.466098 
0.0293294 0.000997333 0.0607274 0.00657249 4.12156e-05 1.64717e-06 0.00252492 0.485879 0.314131 0.0997951 
0.0769059 0.00358955 0.00640133 0.00381666 0.0169952 2.40067e-06 0.00618555 0.0508585 0.704435 0.13081 
0.0321289 9.09598e-05 0.196172 0.0568662 9.06788e-05 0.000431376 0.0125868 0.0111224 0.0664653 0.624046 
0.000278303 4.37957e-06 0.0476921 0.549654 0.00530496 0.000480056 0.0274459 0.00373864 0.0348765 0.330525 
0.00120155 8.02551e-06 0.290491 0.628178 8.11056e-06 5.93424e-08 0.00539322 0.0311841 0.0241452 0.0193906 
0.0369269 0.000435958 0.00776028 0.0419869 0.854928 2.22305e-10 0.00650119 0.00650339 0.0257579 0.0191992 
3.8809e-05 1.18919e-05 0.209533 0.346903 0.00316041 0.00174067 0.00535818 0.233266 0.183947 0.0160401 
0.0130961 0.00171691 0.27311 0.123342 0.0150239 1.85448e-05 0.0576069 0.0319041 0.0903533 0.393829 
2.21107e-06 6.83957e-07 1.75263e-06 0.860967 0.0365333 1.52513e-07 1.39759e-06 0.0255873 8.34583e-06 0.0768977 
0.00324971 3.94304e-05 0.229338 0.0508896 0.000151003 5.6418e-07 0.0708394 0.0100899 0.00447229 0.63093 
0.00960145 6.20407e-08 0.0423377 0.001846 3.42705e-05 1.22755e-08 0.00231406 0.795769 0.0229631 0.125134 
0.000683573 0.00321759 0.0167291 0.214911 0.23372 3.95993e-08 0.213373 0.0558027 0.036946 0.224617 
0.00195949 0.000177767 0.560286 0.0579334 0.000115641 0.000101755 0.173283 0.0230738 0.0130116 0.170057 
0.0039164 0.00131362 0.46405 0.00982311 0.000115771 0.00358619 0.068979 0.0302405 0.0549801 0.362996 
0.000613287 1.83037e-05 0.000937712 0.00589278 0.935054 5.45654e-12 6.96724e-05 0.032288 0.0138739 0.0112525 
0.096507 8.34327e-06 0.202604 0.0198351 6.07606e-06 4.46622e-09 0.00483724 0.00221992 0.15688 0.517103 
0.0223743 3.43979e-06 0.00995454 0.00245829 0.000368865 3.27853e-05 0.0367142 0.00572304 0.00129192 0.921079 
0.0724977 0.0128136 0.151529 0.0869438 0.00357439 1.79646e-05 0.0255768 0.0661337 0.229116 0.351797 
8.36188e-07 1.52731e-06 0.202901 0.32105 6.28772e-05 2.44468e-09 0.255422 0.0858869 0.0833549 0.05132 
0.882965 1.06487e-06 7.89687e-07 3.15149e-05 4.09863e-05 5.78512e-10 0.0033378 7.9326e-05 0.109053 0.00448986 
0.0533581 0.000887748 0.0211689 0.0432886 0.000111788 7.28356e-07 0.0131816 0.0275705 0.632052 0.20838 
0.00276223 0.00107278 0.47769 0.0497571 0.00494786 0.0505871 0.18075 0.17624 0.0187417 0.0374514 
7.50679e-05 1.44452e-05 0.0869483 0.155613 8.66361e-09 1.75767e-09 0.00505477 0.00415584 0.0851633 0.662976 
0.0295104 0.000191417 0.0960652 0.0982621 0.00125971 0.000171797 0.00315446 0.276224 0.2867 0.208461 
0.0164471 0.0015545 0.0774079 0.0662141 0.0550899 6.54995e-05 0.0127671 0.0150469 0.0411563 0.714251 
0.00150102 3.9597e-06 0.0752018 0.00189917 0.000116512 3.34792e-05 0.0444316 0.0102839 0.0102962 0.856232 
0.063743 2.57939e-06 0.660298 0.00516845 7.48759e-06 0.000217153 0.00164 0.0244657 0.118668 0.125789 
0.0507907 0.0002714 0.288168 0.159605 0.0158821 0.00254165 0.0237572 0.0432655 0.148081 0.267638 
0.0129711 3.6225e-05 0.099326 0.116952 0.000184728 6.09964e-05 0.0366958 0.0874103 0.570445 0.0759169 
6.51988e-05 7.41035e-09 0.000624071 7.07424e-05 0.000258932 1.23091e-05 1.06137e-06 0.989083 0.00743008 0.00245474 
0.00731472 2.88112e-05 0.0146508 0.440071 0.0221051 3.11995e-07 0.0195041 0.0978747 0.100289 0.298161 
0.00075989 3.46433e-05 0.0641927 0.0859803 0.000345007 0.000905655 0.738024 0.0324396 0.003617 0.0737015 
0.00619199 2.18217e-05 0.197895 0.00562553 0.0107948 0.000291097 0.00668207 0.39885 0.225624 0.148024 
0.000829069 1.20442e-06 0.230347 0.0263218 3.64458e-05 1.21607e-07 0.0204322 0.0543005 0.133945 0.533787 
0.00167822 4.26667e-05 0.0685226 0.10894 0.000127434 0.00179114 0.130174 0.186805 0.0225766 0.479342 
0.000241788 3.16498e-09 0.553819 0.207948 5.83186e-05 1.22117e-05 0.00715624 0.218712 0.00780575 0.00424668 
0.0503383 0.00414351 0.0694435 0.259502 0.0608755 2.03479e-05 0.0187218 0.101929 0.0340951 0.400931 
0.0241635 1.00999e-05 0.011584 0.0125404 0.000136695 0.000184035 0.402103 0.00277489 0.0170558 0.529447 
0.000532105 0.000530413 0.81047 0.101378 0.000407442 1.85647e-05 0.0108215 0.0245761 0.00279056 0.0484755 
3.46377e-05 7.5223e-06 0.000111571 6.32957e-05 0.000239131 0.998642 0.000170752 0.000582427 2.85759e-05 0.000119712 
0.00806203 0.00038636 0.0129903 0.207031 0.00957317 0.000180573 0.00844766 0.0122337 0.0103263 0.730769 
0.0299339 0.000532921 0.0230925 1.15158e-05 0.0023308 9.18155e-06 0.0284049 0.636238 0.216929 0.0625176 
1.08751e-07 5.35962e-07 0.0205108 0.0886688 1.47398e-07 3.63337e-05 0.550719 0.163902 0.0719356 0.104227 
0.00390821 6.32895e-13 0.0451829 0.00586012 5.83105e-09 5.74032e-13 0.00332593 0.005657 0.413213 0.522853 
0.0195642 0.00244694 0.166331 0.0603071 0.00791228 0.000260728 0.0990052 0.0362032 0.0663725 0.541596 
0.0798949 2.74229e-05 0.068482 0.0126793 0.677596 1.2925e-12 0.0016601 0.0673296 0.0318008 0.0605296 
0.00237497 0.00019796 0.0896968 0.00362389 0.000112616 5.22227e-09 0.000858238 0.039784 0.035708 0.827644 
0.0350075 0.00324354 0.066319 0.0440735 0.00197489 0.00329389 0.0160005 0.0506012 0.684976 0.0945097 
7.63567e-06 5.7429e-07 0.000696332 0.0574608 1.11093e-05 2.4918e-09 0.933053 0.000248893 0.00084331 0.00767821 
3.64782e-06 2.60251e-11 0.544481 0.0118561 0.000264203 5.85459e-08 0.00293715 0.230092 0.00306972 0.207296 
0.000242434 8.31083e-06 0.017857 0.0516581 0.00679584 5.35685e-06 0.00618958 0.740364 0.146362 0.0305176 
0.0219504 0.00071473 0.186491 0.0542721 0.00026794 9.51136e-07 0.0503019 0.0161795 0.116648 0.553174 
3.40785e-07 3.03893e-06 0.03346 0.00283387 0.000200938 2.53842e-06 0.00238717 0.134196 0.0145798 0.812336 
0.00365624 1.90739e-05 0.00288654 0.0259309 0.590686 1.25298e-09 0.00586011 0.307682 0.0318616 0.0314169 
0.0726551 2.86064e-05 0.0232843 0.0054395 0.00257431 3.43379e-07 0.683485 0.000273377 0.0121542 0.200105 
0.0598191 0.00339916 0.140359 0.220879 0.0129391 6.25799e-07 0.166181 0.223525 0.0808205 0.0920775 
0.0660871 5.97431e-08 0.0872603 0.0274994 0.00161582 2.95324e-06 0.00351593 0.0122073 0.7861 0.0157114 
0.00313039 6.33936e-08 0.00422916 0.000138282 3.55022e-05 0.000796711 0.00392151 0.867563 0.070069 0.0501164 
0.00646104 2.04245e-07 0.0149507 0.000170654 9.10659e-05 1.49272e-07 0.000835749 0.00364672 0.919137 0.0547065 
0.0663968 0.0138429 0.0203801 0.0180968 0.673917 2.86749e-05 0.00115065 0.128947 0.0467373 0.0305027 
3.03794e-05 0.000103933 0.0827476 0.54062 0.0661106 7.17364e-11 0.00690619 0.152586 0.00260124 0.148293 
0.0817823 3.93538e-05 0.23406 0.120103 0.000201717 1.37184e-06 0.362454 0.0556945 0.0357589 0.109904 
0.000314575 1.01947e-05 0.819137 0.0117518 3.82541e-06 1.79128e-12 0.0208873 0.000201094 0.00251228 0.145182 
0.00248779 2.55765e-08 0.0260218 8.36253e-05 0.000352817 5.62434e-10 0.0820122 0.00734402 0.873467 0.00823093 
0.00334957 0.00206627 0.113229 0.111842 0.0116554 6.28204e-08 0.111021 0.373572 0.0932055 0.180058 
0.000398591 1.49814e-05 0.0574449 0.0099075 0.000669435 1.80875e-05 0.0826677 0.0145213 0.00125851 0.833099 
0.0149435 7.16253e-08 0.627669 8.41873e-09 8.57517e-06 1.36721e-05 0.00100151 0.00979003 0.0180468 0.328527 
0.0106465 0.000352151 0.044249 0.0910547 0.639448 1.94992e-06 0.0105226 0.0321171 0.0319516 0.139656 
0.0465208 0.000273393 0.26504 0.0438095 0.00093293 0.000961174 0.0556085 0.0886522 0.0245535 0.473648 
0.00126032 9.81459e-06 0.00276769 0.00319636 0.941085 6.76823e-12 0.000883355 0.0392196 0.00321793 0.00836033 
0.0256144 2.18537e-10 0.0133081 0.0160806 0.000633448 6.98517e-06 4.58507e-06 0.460278 0.478439 0.00563453 
0.00190026 2.01143e-08 0.000455182 0.00245749 4.4447e-08 7.9776e-07 0.00191284 0.0080694 0.945111 0.0400928 
5.81258e-05 0.000241433 0.0396019 0.0207972 0.000268793 4.05165e-09 0.00845081 0.00549763 0.016924 0.90816 
0.0641406 0.00337736 0.0521511 0.691355 0.0850257 1.9966e-05 0.00554771 0.053893 0.0173974 0.0270921 
0.0417249 0.00105795 0.440577 0.0577132 0.00161163 3.6898e-05 0.0233488 0.0114979 0.0276967 0.394735 
0.0106186 0.00269015 0.128106 0.0797219 0.00567955 1.53211e-06 0.0288153 0.522118 0.147155 0.0750935 
0.00536189 0.000174219 0.00852549 0.00777691 0.960736 7.4592e-08 0.00172179 0.00783393 0.000945484 0.00692455 
0.0451718 9.16321e-06 0.457221 0.000577736 4.28529e-06 3.33053e-08 0.000645228 0.012442 0.160714 0.323215 
0.138722 4.50295e-05 0.265226 0.0384526 0.000147351 1.48853e-07 0.00871851 0.0637681 0.233887 0.251033 
0.00898282 8.16767e-08 0.337446 0.00207627 0.00152844 8.16837e-08 0.00222331 0.0635173 0.19102 0.393206 
0.00017542 2.17397e-07 0.042096 0.588527 0.000289278 3.93001e-07 0.00149111 0.113554 0.153938 0.0999281 
0.0208655 0.000445698 0.112035 0.0208607 0.000245245 2.29493e-06 0.00631002 0.0299541 0.051312 0.757969 
4.19099e-05 9.15978e-06 0.000866656 1.35678e-06 0.000102331 0.9973 0.000122155 0.00104032 6.59963e-05 0.000450028 
0.00153207 0.000298261 0.0275623 0.0574341 0.116154 2.20654e-06 0.00364705 0.000739255 0.723793 0.0688375 
0.000899084 2.58406e-10 0.58493 0.0415316 3.72414e-05 1.46821e-05 0.0197462 0.268316 0.042075 0.0424492 
0.00187873 0.000227704 0.00908467 0.180414 0.0735278 5.13459e-06 0.00760129 0.00816175 0.383433 0.335666 
0.47033 6.8548e-10 0.164101 0.0844544 2.45442e-05 1.28641e-10 0.0537345 0.00384285 0.156357 0.0671556 
0.0726551 2.86064e-05 0.0232843 0.0054395 0.00257431 3.43379e-07 0.683485 0.000273377 0.0121542 0.200105 
0.0179003 0.000222875 0.0756875 0.123558 0.0983398 1.70982e-07 0.0323597 0.0471296 0.110931 0.493872 
0.00162803 4.72306e-10 0.128968 7.73992e-08 0.000447397 4.28379e-10 5.82463e-05 0.73567 0.116995 0.0162331 
0.00017919 6.64041e-06 0.00754023 0.00128514 0.00122764 0.00706484 0.00513251 0.918458 0.0442796 0.0148261 
0.00137161 2.7507e-10 0.0117461 0.000199155 0.000197843 2.21479e-07 4.27604e-08 0.902646 0.060343 0.0234961 
8.47739e-05 6.82299e-07 0.0497809 7.665e-05 0.00717803 0.000184116 0.0177716 0.838706 0.0519572 0.0342603 
0.00510409 9.20323e-05 0.000265819 0.00109323 0.975691 4.05058e-12 0.00252032 0.00512307 0.00357727 0.0065327 
0.00138499 0.000104506 0.0458958 0.0204057 0.000120699 0.000165667 0.0856847 0.668618 0.0880569 0.0895635 
0.0349548 0.000847934 0.00549725 0.0390093 0.151836 0.000444764 0.0412982 0.0621711 0.609976 0.0539649 
0.0322622 1.94151e-05 0.0255398 0.0124316 4.01298e-08 3.30015e-09 0.0155797 0.0009465 0.0516763 0.861544 
0.000566918 6.60508e-05 0.0599657 0.105238 0.000711333 9.9855e-06 0.250067 0.0026162 0.0444965 0.536262 
0.000321419 0.000144565 0.0282999 0.79922 0.00162651 1.14472e-06 0.0212117 0.0120657 0.0454182 0.0916911 
0.119885 0.00761797 0.0633382 0.0419645 0.0159823 0.0169482 0.0037038 0.117895 0.55547 0.057196 
0.16583 7.79835e-05 0.0193144 0.0477453 7.70804e-05 3.91326e-06 0.00407062 0.29625 0.178409 0.288222 
5.35039e-05 8.70853e-11 3.68946e-07 0.573137 1.22638e-08 1.96857e-08 3.47498e-08 5.75751e-05 0.426751 7.21666e-07 
0.0113278 0.0121235 0.0865054 0.0856719 0.0409326 0.0115655 0.095739 0.508585 0.0174861 0.130064 
0.00492128 1.95176e-05 0.0691084 0.0630936 0.00019927 8.69505e-05 0.195673 0.0312351 0.0880621 0.547601 
0.00702721 6.07877e-05 0.0253113 0.00102387 0.00012997 9.69554e-07 0.0102184 0.00528101 0.0171714 0.933775 
0.0145182 1.25421e-07 0.011562 0.125891 0.0794089 3.41541e-06 0.00187944 0.670143 0.0571389 0.0394556 
0.20061 8.76419e-07 0.30007 0.00663376 0.000202725 2.57956e-06 0.0591503 0.0505559 0.0215033 0.36127 
0.0239552 0.00656124 0.0685463 0.0806917 4.55775e-05 0.000146971 0.168585 0.0499015 0.220935 0.380632 
0.00792089 0.000112863 0.502474 0.00372961 7.64874e-05 1.80787e-06 0.00694343 0.0742826 0.152506 0.251952 
6.2156e-08 6.7661e-07 9.4179e-05 0.315724 0.546241 2.65628e-08 0.000565441 0.0293667 0.0903882 0.0176198 
0.00138961 0.000305614 0.431957 0.0491261 0.00584355 0.00160073 0.257515 0.0670531 0.0463813 0.138829 
0.0132494 0.00345884 0.193692 0.510377 0.033632 0.00390225 0.0342171 0.0135935 0.0514886 0.142389 
0.00873095 0.000820021 0.123736 0.452754 0.00109458 0.00133447 0.0655277 0.0213319 0.0401427 0.284529 
0.0443964 2.94779e-05 0.0782664 0.0185375 0.000318887 1.39458e-05 0.0261709 0.679181 0.102351 0.050734 
6.31836e-05 1.53991e-05 0.0430406 0.000149359 0.00031469 2.56518e-07 6.85928e-08 0.92626 0.0126319 0.0175241 
0.00141262 0.000623936 0.0746249 0.0303329 0.000256536 0.000110213 0.693543 0.0201125 0.00637277 0.172611 
0.0011702 0.000636291 0.133593 0.00857539 0.176864 7.03305e-06 0.0526325 0.444772 0.026278 0.155472 
3.91864e-05 2.69732e-07 0.0446978 0.00122493 0.0155061 0.322113 0.000459798 0.590032 0.0117742 0.0141535 
0.0631155 0.00211027 0.132085 0.0685506 0.326955 5.06664e-06 0.00179205 0.275731 0.0243767 0.105279 
0.0326536 7.74465e-07 0.0119855 0.134284 8.28241e-05 1.30838e-06 0.615435 0.0957278 0.0793956 0.0304328 
0.000607697 5.4077e-05 0.0438633 0.0715071 0.118575 0.00120243 0.00995579 0.747127 0.00383049 0.00327655 
0.0088583 0.00036538 0.464986 0.213405 1.41693e-05 6.46611e-08 0.0603016 0.00100971 0.0597712 0.191289 
0.0113038 4.41986e-05 0.0113552 0.0997395 0.167974 4.18168e-06 0.00805196 0.0151176 0.0532359 0.633174 
0.00580807 0.00123945 0.0153802 0.0871794 0.0305053 0.000518237 0.0091826 0.667987 0.0979866 0.0842135 
0.00806913 1.04261e-05 0.045704 0.016422 0.0228074 4.6327e-06 0.0434249 0.0166675 0.0249406 0.821949 
0.00510109 6.50196e-09 0.113316 0.0321656 0.000144533 8.41261e-12 0.0111536 0.309079 0.0305152 0.498524 
0.000731208 0.00104864 0.0200335 0.0820549 0.000769698 0.00516216 0.0206845 0.828199 0.0270217 0.0142944 
2.9869e-06 7.8305e-06 0.0251867 0.00460755 0.000187118 2.40602e-07 0.00125254 0.000152976 0.882468 0.086134 
0.030433 0.000425936 0.0501656 0.0212159 0.00469537 0.00018879 0.0066988 0.608418 0.173809 0.10395 
0.0235706 0.00104393 0.51996 0.164969 0.122803 7.50878e-10 0.0172043 0.00300765 0.0365761 0.110865 
0.00381738 1.9188e-05 0.176929 0.0991397 0.00949516 3.81072e-05 0.00894412 0.441731 0.0536062 0.206281 
4.15647e-07 2.6279e-05 0.294671 0.128933 0.000657804 4.82536e-05 0.000172153 0.000281957 0.575137 7.13318e-05 
0.0408781 0.00101779 0.0691957 0.0200244 4.78117e-05 6.54443e-06 0.118332 0.0378754 0.405952 0.306671 
0.000503423 2.15154e-11 0.166263 2.26496e-06 6.62768e-08 1.36795e-08 0.0134589 0.773774 0.0300687 0.0159293 
0.0100949 0.00627074 0.0277982 0.0520694 0.00195733 7.88348e-07 0.093387 0.0467236 0.0482511 0.713447 
0.00658747 0.000165742 0.0326039 0.00851731 2.22288e-05 9.98726e-05 0.00492494 0.219021 0.311937 0.41612 
0.00133752 3.20221e-05 0.00019163 0.0576467 0.000492044 1.45465e-05 0.0567035 0.598551 0.0164134 0.268617 
0.00462004 0.000281217 0.0144748 0.0401649 0.000847323 2.59794e-05 0.0252236 0.170134 0.139485 0.604743 
0.000103629 8.80099e-07 0.0779909 0.0292834 8.18511e-06 8.6533e-07 0.000352701 0.0993942 0.0573272 0.735538 
0.00240199 0.000427726 0.0312016 0.0805291 0.00580397 1.3331e-05 0.0757761 0.0108387 0.0369303 0.756077 
0.000869297 2.0142e-13 0.0323854 0.000555153 4.48955e-06 2.34498e-07 7.42525e-05 0.000898112 0.0396672 0.925546 
0.0286104 0.0243903 0.31019 0.103873 0.0175616 7.04967e-05 0.102804 0.303753 0.0580523 0.0506954 
0.000469232 7.44136e-08 0.133533 0.00146264 5.32327e-08 5.87304e-08 0.0079249 0.223511 0.121237 0.511861 
0.0104013 0.00134968 0.657036 0.0894544 0.00335555 7.51168e-07 0.0248088 0.0124969 0.0313436 0.169753 
0.0157738 0.00211267 0.482283 0.0558847 0.00826237 0.000265969 0.0322208 0.0186874 0.0508192 0.33369 
0.0203759 0.00151324 0.0659351 0.0346228 0.000143848 0.000882764 0.016514 0.0314831 0.436763 0.391767 
0.0681779 0.0197023 0.187346 0.195802 0.0302323 7.14022e-05 0.00771772 0.141513 0.114827 0.23461 
1.10427e-06 1.42037e-06 8.8442e-05 5.22935e-05 0.000231621 0.999009 0.000201796 0.000318895 2.31456e-06 9.31273e-05 
0.035772 1.14863e-06 0.0338929 0.088664 0.000850857 1.22757e-08 0.0154191 0.0406344 0.0538568 0.730909 
0.00350423 0.000151613 0.70917 0.0737078 0.00279373 1.43266e-05 0.058361 0.00298356 0.00457649 0.144737 
0.00151893 8.28207e-08 0.197086 0.013468 1.27169e-05 1.97884e-06 0.0184559 0.167942 0.216178 0.385336 
0.002587 0.00298467 0.00602487 0.671063 0.109052 1.48286e-07 0.00361207 0.00672208 0.00385605 0.194099 
0.0157632 8.86269e-05 0.0668939 0.111699 0.507909 8.03436e-08 0.0141463 0.14447 0.0264746 0.112555 
0.0780955 7.81544e-09 0.237372 0.0116565 0.00311301 0.00177266 0.00570365 0.168972 0.0507094 0.442605 
0.0774769 1.10517e-05 0.14581 0.0409501 0.00524924 2.71932e-11 0.00132547 0.0115566 0.520687 0.196933 
0.00955998 4.70796e-07 0.299879 0.439818 0.00178658 0.000138001 0.0756533 0.0921703 0.0181352 0.062859 
0.00579529 0.00108586 0.661215 0.107906 0.0138668 2.14827e-06 0.0803422 0.0248619 0.0070168 0.0979083 
0.0269019 7.32405e-05 0.00176444 0.00302787 0.0275266 8.77816e-07 0.31956 0.00342139 0.0235631 0.59416 
0.0588535 0.012827 0.097957 0.0235527 0.566226 2.7607e-05 0.00284094 0.106729 0.0741555 0.0568311 
0.00188003 6.7728e-12 5.63304e-05 1.01776e-05 0.99149 6.14289e-12 2.82928e-05 0.00227081 0.0040069 0.000257444 
0.00865778 0.00043318 0.173333 0.0998874 0.0401363 6.45814e-06 0.0976277 0.0309618 0.0689747 0.479982 
0.00422168 4.42635e-05 0.0630069 0.0170273 0.000167195 0.000242081 0.0637845 0.337628 0.329576 0.184302 
0.00015958 0.000919576 0.223024 0.0806194 0.0011837 1.10279e-05 0.219339 0.0357688 0.00745 0.431525 
0.0236018 7.84879e-05 0.0655476 0.0103135 0.000424559 2.16567e-05 0.0429489 0.0203631 0.00563182 0.831069 
0.0107252 0.00279457 0.0304845 0.0395415 0.581304 5.31229e-06 0.00842366 0.143441 0.089814 0.0934664 
0.0583762 0.000248707 0.0459937 0.00633744 1.46589e-05 1.06389e-06 0.0264377 0.0204928 0.0767637 0.765334 
0.000235247 0.000811495 0.0185927 0.0498162 0.240173 9.37821e-07 0.0193477 0.540753 0.0313673 0.0989028 
0.0345941 0.000358689 0.30118 0.00898332 0.000197357 6.01613e-06 0.188978 0.0444518 0.0762497 0.345 
0.0114817 0.000285164 0.000948016 0.465911 0.00747103 3.29085e-07 0.00774219 0.00144203 0.0168569 0.487862 
0.000417183 2.5798e-07 0.000369993 0.335492 0.474733 8.92215e-06 0.00621856 0.00551587 0.107024 0.0702197 
0.0873332 0.00321063 0.0381997 0.0209387 0.0257704 6.72324e-07 0.0192293 0.00632166 0.04358 0.755416 
0.0726551 2.86064e-05 0.0232843 0.0054395 0.00257431 3.43379e-07 0.683485 0.000273377 0.0121542 0.200105 
0.0381865 0.0068809 0.313628 0.0427926 0.0125467 1.88913e-05 0.175593 0.0359928 0.042436 0.331924 
0.47033 6.8548e-10 0.164101 0.0844544 2.45442e-05 1.28641e-10 0.0537345 0.00384285 0.156357 0.0671556 
3.46377e-05 7.5223e-06 0.000111571 6.32957e-05 0.000239131 0.998642 0.000170752 0.000582427 2.85759e-05 0.000119712 
0.0051927 1.80015e-05 0.133176 0.0778349 0.000181758 0.000216903 0.316449 0.0391764 0.0195918 0.408162 
0.00513244 0.000754019 0.0761503 0.335571 0.105891 7.71809e-07 0.0348879 0.0781328 0.129173 0.234306 
0.0473022 0.000246472 0.0606006 0.109933 0.450953 4.0706e-12 0.0125259 0.217209 0.0348366 0.0663937 
0.00072716 0.000239467 0.0157165 0.0746242 0.248269 4.86726e-09 0.253796 0.0445596 0.00211064 0.359957 
0.000322419 4.43917e-05 0.121603 0.0444527 0.00033771 1.70048e-05 0.0450709 0.0188439 0.0124995 0.756808 
0.0798949 2.74229e-05 0.068482 0.0126793 0.677596 1.2925e-12 0.0016601 0.0673296 0.0318008 0.0605296 
0.0137105 1.55824e-05 0.0782016 0.0122357 7.95964e-05 3.80195e-07 0.0163133 0.0200559 0.0963197 0.763068 
8.78001e-08 2.21606e-07 0.11611 0.692637 0.00123573 9.22079e-10 0.0760709 0.0742058 0.0027396 0.0370014 
0.000172593 4.4928e-06 0.0127671 5.8579e-06 0.000141183 0.000230501 0.0166936 0.84715 0.0296584 0.0931767 
0.000530749 1.22037e-10 0.583083 0.0333145 5.10176e-07 1.10687e-10 0.0744894 0.0176089 0.0876788 0.203294 
0.0130837 7.50002e-08 0.124925 0.078013 1.21017e-07 0.000260452 0.000316028 0.698201 0.0789823 0.00621777 
0.000426817 0.000248887 0.270679 0.00185811 0.00024236 0.0713835 0.154942 0.410785 0.0589316 0.0305027 
0.000108922 1.17057e-05 0.102889 0.00418351 4.13724e-05 4.48313e-06 0.00133016 0.0159249 0.0318983 0.843608 
0.0664505 0.00547035 0.145958 0.0458319 0.000854827 0.000178733 0.0800891 0.430944 0.0844309 0.139792 
0.00539694 0.000338662 0.0537185 0.104515 0.00476084 1.29208e-07 0.00681584 0.564605 0.226865 0.0329842 
0.00475253 0.00282304 0.15959 0.337372 0.0319743 1.10114e-07 0.0128071 0.112341 0.0086492 0.329691 
0.0229395 0.000210922 0.115836 0.556293 0.0100677 0.00110849 0.00842909 0.0330924 0.0463505 0.205672 
0.0695212 0.026541 0.163752 0.102182 0.0121868 9.52899e-06 0.107049 0.146884 0.0640694 0.307805 
0.000931844 6.2805e-05 0.0136379 0.0109539 0.000869998 0.00447359 0.0124784 0.866004 0.0756327 0.0149552 
0.0726551 2.86064e-05 0.0232843 0.0054395 0.00257431 3.43379e-07 0.683485 0.000273377 0.0121542 0.200105 
0.00148011 4.56949e-05 0.000325253 0.00213117 0.978365 1.44844e-12 5.82132e-05 0.00674131 0.00199946 0.00885368 
2.72313e-05 0.000521444 0.00102315 0.000715319 0.000797525 0.0036308 4.14114e-05 0.304673 0.00290531 0.685664 
1.10427e-06 1.42037e-06 8.8442e-05 5.22935e-05 0.000231621 0.999009 0.000201796 0.000318895 2.31456e-06 9.31273e-05 
0.000521233 9.96756e-05 0.00487784 0.317956 0.00575182 2.57611e-09 0.00119453 0.0130098 0.00765038 0.648939 
0.0522215 0.00307523 0.519466 0.0660661 0.000912561 2.89936e-05 0.0155683 0.125657 0.0432715 0.173733 
2.22383e-05 1.59457e-10 0.177911 0.0174222 0.00115273 7.26261e-09 0.000458084 0.74326 0.0270431 0.0327301 
0.0798949 2.74229e-05 0.068482 0.0126793 0.677596 1.2925e-12 0.0016601 0.0673296 0.0318008 0.0605296 
0.000738565 0.013116 0.0669518 0.193054 0.131921 0.21439 0.148326 0.0463126 0.00932862 0.175862 
0.00188003 6.7728e-12 5.63304e-05 1.01776e-05 0.99149 6.14289e-12 2.82928e-05 0.00227081 0.0040069 0.000257444 
0.0108877 0.00286036 0.435692 0.223663 0.0255043 1.45776e-06 0.0524173 0.0134236 0.0816181 0.153933 
0.0250526 0.000829062 0.120837 0.0329802 0.00375417 2.62336e-07 0.0396088 0.00359628 0.0349269 0.738415 
0.0101956 0.000162328 0.0807317 0.0136965 0.000168931 3.74907e-07 0.0149499 0.376024 0.119439 0.384632 
0.00154767 1.67598e-05 0.00281909 0.0111649 0.856664 2.04868e-10 0.00264299 0.0809383 0.0238741 0.0203323 
0.0318362 8.52276e-07 0.619517 0.0118981 0.00402438 1.1539e-06 0.0195416 0.0808381 0.0601184 0.172225 
0.00426308 2.80704e-07 0.504676 0.0715657 8.27441e-05 1.92252e-07 0.0133329 0.199126 0.166747 0.0402062 
0.00290564 0.000451539 0.263601 0.536 0.042416 0.00140953 0.0245063 0.0571188 0.00187518 0.0697158 
0.0034001 1.58225e-08 0.270672 0.034747 0.000213214 1.49213e-08 0.20436 0.00539282 0.0254954 0.45572 
0.0837101 0.0246275 0.0321445 0.0330075 0.657952 3.01344e-06 0.0101495 0.0408941 0.0371755 0.0803363 
0.0198487 1.94375e-05 0.0128744 0.0160932 0.904085 8.15911e-12 0.00294331 0.0302586 0.00177449 0.0121026 
0.736788 3.57137e-05 0.0479661 0.00469902 0.000302502 1.06132e-06 0.000772738 0.0287159 0.11323 0.0674884 
0.00719406 2.33305e-05 0.234994 0.00367013 0.000989779 4.2182e-06 0.15791 0.120802 0.0341752 0.440237 
0.00961144 5.3422e-05 0.125689 0.446785 2.09936e-07 1.7224e-05 0.0171648 0.0102509 0.0405386 0.349889 
0.193625 2.88179e-05 0.00632945 0.0101398 4.50307e-07 5.68125e-07 0.0020325 0.0179476 0.398427 0.371469 
0.0399968 0.000873551 0.0294681 0.0305861 0.100779 8.60565e-05 0.00150947 0.592663 0.136016 0.068022 
0.000521233 9.96756e-05 0.00487784 0.317956 0.00575182 2.57611e-09 0.00119453 0.0130098 0.00765038 0.648939 
0.000911333 0.00544339 0.702257 0.160834 0.0135238 5.37849e-05 0.0102156 0.0446529 0.0161229 0.0459862 
0.000191753 2.6417e-08 0.974622 2.66246e-05 4.12242e-05 0.00127423 0.00154489 0.00298453 0.00468708 0.0146272 
0.00175304 7.18157e-08 0.139716 0.00416665 2.77546e-08 2.13821e-11 0.0141166 0.00881081 0.170555 0.660881 
0.0155451 0.0011641 0.0561869 0.65044 0.0030703 0.00153449 0.0448226 0.0191516 0.0525488 0.155536 
0.000941498 1.6015e-06 0.0605526 0.00961526 0.000788999 6.36368e-06 0.00626571 0.376059 0.386604 0.159165 
9.05124e-05 1.99748e-06 0.00265681 0.0257131 0.000841217 2.21558e-09 0.0045043 0.00295642 0.0102214 0.953014 
3.65192e-05 6.13648e-09 0.208383 0.000110791 3.12522e-05 1.7799e-12 0.00031255 0.0273206 0.0226927 0.741112 
0.0220392 0.00395987 0.454395 0.0401917 0.000477224 0.000233865 0.0479606 0.0265025 0.0629322 0.341308 
0.0297204 0.000162239 0.019023 0.0944824 0.000122035 0.000565048 0.0187218 0.152797 0.281701 0.402705 
4.87408e-06 3.55499e-06 0.939515 0.0525482 7.17423e-05 4.21567e-10 0.000299581 0.000539727 0.000226125 0.00679111 
0.0778425 0.0192892 0.210957 0.0734144 0.0221722 8.37953e-06 0.0394171 0.00091429 0.0414503 0.514535 
0.0107366 0.000927429 0.604396 0.0709329 0.001541 7.20398e-05 0.0507791 0.0354223 0.0327304 0.192463 
0.000351211 0.000306079 0.0420522 0.00460786 0.000396567 9.66971e-07 0.0138228 0.0389924 0.0680134 0.831456 
0.000546446 0.000342674 0.418605 0.0620451 7.5951e-06 1.27865e-06 0.0384168 0.0393197 0.0115554 0.42916 
0.00188003 6.7728e-12 5.63304e-05 1.01776e-05 0.99149 6.14289e-12 2.82928e-05 0.00227081 0.0040069 0.000257444 
0.0411078 3.95751e-05 0.0421059 0.00671884 6.50541e-05 1.55663e-07 0.010891 0.00284332 0.0810872 0.815141 
0.0473423 0.0327408 0.112103 0.152093 0.378679 1.12994e-08 0.00524217 0.0340751 0.0411128 0.196612 
0.0095391 0.00137611 0.215415 0.0241011 0.0020995 0.000368043 0.15582 0.0172554 0.0590648 0.514961 
0.0500383 0.00459253 0.122774 0.362464 0.0616045 3.34828e-05 0.0533529 0.0861988 0.0541007 0.204841 
0.00415018 0.00309903 0.123081 0.0249262 0.0118303 0.000130146 0.0277039 0.0278516 0.0447764 0.732452 
0.000257466 0.0028525 0.779546 0.0486677 0.0397874 1.88131e-09 0.0199228 0.0048758 0.040851 0.0632396 
1.21529e-07 2.2551e-08 7.4691e-07 0.00803066 2.95186e-12 9.73516e-12 0.00922607 0.00103698 0.00966532 0.97204 
0.0256025 0.000483474 0.0915388 0.0747766 0.0948953 9.148e-07 0.000791715 0.0721079 0.273955 0.365848 
0.0202963 4.40452e-06 0.000661617 0.000204318 9.89756e-06 1.09265e-07 0.000132653 0.779211 0.088154 0.111326 
2.49309e-06 6.48349e-05 0.0544018 0.900097 7.24886e-05 5.51202e-09 0.0027267 0.0118535 0.00174317 0.0290382 
6.04047e-05 0.00029813 0.0693141 0.477817 0.00273883 3.34624e-05 0.0323784 0.168622 0.0647835 0.183953 
0.0115571 1.53351e-06 0.21508 0.0140225 0.000182815 8.33765e-05 0.00961343 0.0230754 0.0186083 0.707776 
0.00336399 0.000796072 0.00553402 0.120274 0.729655 1.61085e-06 0.00623773 0.00134663 0.00697524 0.125816 
0.000357162 9.75315e-06 0.0422111 0.00532321 0.0125123 0.000491844 1.70572e-06 0.897833 0.0402688 0.000990707 
0.00633724 8.09914e-05 0.511195 0.0404438 1.1588e-05 0.000370516 0.00840712 0.00694831 0.0456139 0.380592 
0.000924034 0.00913443 0.0681635 0.147825 0.166299 1.08709e-07 0.0125916 0.538124 0.0172395 0.0396989 
0.0198487 1.94375e-05 0.0128744 0.0160932 0.904085 8.15911e-12 0.00294331 0.0302586 0.00177449 0.0121026 
0.0641406 0.00337736 0.0521511 0.691355 0.0850257 1.9966e-05 0.00554771 0.053893 0.0173974 0.0270921 
0.00188696 0.00116608 0.67007 0.100707 0.014746 0.00363102 0.0878527 0.0146508 0.0172785 0.0880106 
0.202736 0.000459577 0.115931 0.00795807 0.0153494 2.09032e-05 0.0367295 0.189095 0.329368 0.102352 
0.0163088 4.24398e-06 0.0277056 0.0311986 0.000552496 5.73065e-06 0.0258635 0.00990796 0.0319302 0.856523 
0.000493884 1.05478e-08 0.335107 0.0767047 0.0250353 9.56676e-09 0.125745 0.37866 0.0266675 0.0315862 
0.00825097 2.65397e-05 0.0881363 0.00450204 9.60423e-05 5.43546e-05 0.0919795 0.0077665 0.0236129 0.775575 
0.0929277 0.000701233 0.432196 0.13899 7.71006e-08 0.000185013 0.0350064 0.00274506 0.00657787 0.290671 
0.0432951 0.00268169 0.0150449 0.0445271 0.00401011 1.07581e-06 0.00931566 0.0100472 0.171402 0.699675 
0.0839342 0.0136591 0.0550213 0.031572 0.0155001 0.000538852 0.00943864 0.419699 0.138838 0.231799 
0.000375912 9.26106e-05 0.0492304 0.0157943 0.063115 9.3473e-07 0.00295629 0.0093479 0.224591 0.634496 
0.947396 2.27729e-07 0.00505807 0.000491504 0.000239913 2.79784e-12 2.27656e-08 0.00535951 0.0363254 0.00512948 
0.00100422 7.52012e-08 0.157492 0.0655976 0.000933949 0.000259281 0.032032 0.114496 0.0175153 0.61067 
0.00290879 0.00023401 0.00613008 0.574304 0.00398946 1.86864e-06 0.00286642 0.00998634 0.0145845 0.384995 
0.00082102 1.29621e-07 0.0425619 0.0821757 0.000200758 2.33155e-07 0.0649831 0.0626203 0.679468 0.0671689 
0.00134596 3.85412e-05 0.463863 0.0343392 9.77706e-05 0.000741272 0.0262676 0.00243927 0.00289713 0.46797 
0.0247401 9.72864e-08 0.0451258 0.0220049 0.0357311 0.000515085 0.115477 0.598063 0.155207 0.00313597 
0.0473022 0.000246472 0.0606006 0.109933 0.450953 4.0706e-12 0.0125259 0.217209 0.0348366 0.0663937 
0.0233534 0.00539889 0.0708798 0.0872302 0.0102199 2.0653e-06 0.0237013 0.263899 0.350782 0.164534 
0.0533954 7.00971e-06 0.0712273 0.0109486 0.0758607 0.0786272 0.302388 0.0786582 0.214167 0.114721 
0.00154444 0.000266908 0.66664 0.169531 0.000241877 2.71234e-05 0.0206117 0.025182 0.0215261 0.0944296 
2.75846e-06 8.81344e-08 0.180294 2.36457e-07 3.99485e-05 2.3504e-11 5.69289e-08 0.0202062 0.521212 0.278245 
0.000925698 0.00013279 0.0189675 0.00831205 0.000771311 0.355315 0.145907 0.385562 0.0337888 0.0503172 
0.02718 0.00010603 0.0964071 0.0247716 3.59505e-05 1.2532e-05 0.0623596 0.0107303 0.0605952 0.717802 
0.00310621 1.76705e-06 0.0432935 0.129552 0.000193994 0.00394372 0.621203 0.0379495 0.0965761 0.0641802 
0.0217801 6.8441e-08 0.312189 0.00893853 6.8486e-08 6.84469e-08 0.00384242 0.0432865 0.331713 0.27825 
0.0592632 1.1554e-06 0.00336558 0.00147078 9.63728e-05 0.757969 0.00371284 0.0863728 0.0126793 0.0750692 
0.00851091 7.17793e-08 0.00536627 0.0111339 0.00143494 5.26446e-08 0.00109177 0.941228 0.0196894 0.0115446 
0.0030065 2.57754e-05 0.173849 0.00796372 0.00020409 3.99397e-06 0.0318057 0.0242617 0.0141027 0.744777 
0.0108849 1.79965e-05 0.00306276 0.00435441 2.242e-05 2.19922e-07 0.00156671 0.94861 0.0119946 0.0194859 
0.000256109 1.13725e-06 0.00939188 0.0271421 0.000130389 5.12741e-06 0.0101902 0.596663 0.348291 0.00792905 
0.0974102 4.388e-06 0.0489272 0.00982005 7.83255e-05 4.30337e-05 0.182097 0.00226572 0.0810179 0.578336 
0.000472855 0.000874842 0.34412 0.153526 0.00262933 7.75461e-05 0.0978564 0.110243 0.0535074 0.236693 
0.000496704 0.000448672 0.506968 0.276552 0.0417043 6.15886e-09 0.00583968 0.00144697 0.00661553 0.159928 
0.0188225 3.43471e-05 0.0214706 0.0818961 6.24869e-05 7.32735e-08 0.0148799 0.0438332 0.0942284 0.724772 
0.00593119 0.000152861 0.501051 0.0627754 0.00174895 1.86076e-05 0.00438896 0.0814247 0.130725 0.211784 
0.00188003 6.7728e-12 5.63304e-05 1.01776e-05 0.99149 6.14289e-12 2.82928e-05 0.00227081 0.0040069 0.000257444 
0.00126674 1.16195e-05 0.0775706 0.0706333 0.020232 6.4587e-06 0.0211415 0.707115 0.09383 0.00819266 
0.000352441 0.00694785 0.590742 0.180121 0.00836954 0.00195392 0.0291438 0.0335481 0.01689 0.131932 
0.0255994 0.000356437 0.0327614 0.134862 0.465857 1.47285e-10 0.00617512 0.0132823 0.0557924 0.265315 
0.000395157 1.86866e-05 0.111111 0.337406 0.00142293 8.43763e-07 0.117291 0.00493952 0.0225377 0.404877 
0.000504834 0.000134939 0.544048 0.0972321 0.0364342 1.73915e-06 0.076454 0.00846769 0.0107894 0.225933 
0.0112357 0.000541831 0.175989 0.0304357 0.0135108 0.0381418 0.000822701 0.492208 0.0859659 0.151148 
0.00080536 9.24278e-10 0.161609 0.189592 1.03452e-05 4.56341e-06 0.0109387 0.0598039 0.252679 0.324558 
9.73311e-09 7.07974e-09 4.01131e-12 0.756009 0.0372108 3.96254e-11 0.00487452 4.74123e-08 0.151063 0.0508432 
0.0191263 0.0140501 0.226686 0.0719112 0.00143475 0.00021729 0.131665 0.0249451 0.0513762 0.458588 
0.0264783 0.000126651 0.065038 0.110435 0.562936 3.0009e-08 0.0161466 0.160955 0.0123148 0.0455696 
0.00789465 2.061e-05 0.275026 0.0654389 2.1165e-06 0.00060537 0.0444988 0.0203444 0.0939349 0.492234 
0.0989124 0.000761899 0.019653 0.00223138 0.000263728 7.72811e-06 0.00150256 0.0170122 0.78368 0.0759751 
1.3586e-07 5.25703e-07 0.0315449 0.00629199 3.70231e-06 6.09112e-10 0.000216253 0.00535506 0.0237491 0.932838 
0.000278695 0.000352946 0.0839263 0.000525786 0.00116883 0.00885576 0.0107131 0.821657 0.00673229 0.0657897 
0.0140689 0.00424292 0.19015 0.0293922 0.000104146 3.54519e-06 0.00706692 0.0500972 0.0934542 0.61142 
0.00284079 0.000103636 0.708036 0.0676333 0.00378236 5.82702e-06 0.0874751 0.0405993 0.0158727 0.0736513 
0.0147406 1.6259e-06 0.0519197 0.128335 5.72022e-05 1.82298e-07 0.129459 0.00205638 0.0264852 0.646945 
0.000133767 4.96688e-07 0.00136125 0.78566 1.36597e-07 4.50493e-07 0.0171936 0.00143904 0.000783604 0.193428 
0.0161531 0.000376521 0.0525235 0.00891707 0.00457984 1.33535e-05 0.0320057 0.337189 0.074924 0.473318 
0.0105584 0.000916096 0.211261 0.0386591 0.000450917 2.51536e-06 0.0317752 0.0593873 0.0598428 0.587147 
0.00175529 4.91728e-08 0.0532386 0.00555242 0.00161585 1.51161e-05 0.108206 0.561558 0.228959 0.0391004 
1.65837e-05 1.39261e-06 0.0606973 0.261381 0.00531855 0.0254616 0.02653 0.242852 0.143454 0.234289 
0.00365583 3.3401e-05 0.194814 0.00362361 0.000137893 1.04447e-06 0.007095 0.00446272 0.0451782 0.740999 
0.0493298 8.37566e-05 0.140578 0.0457197 0.00227749 3.2916e-06 0.0532275 0.323982 0.0910984 0.2937 
0.0138118 0.00581451 0.602369 0.139247 0.00901292 7.33689e-05 0.0132103 0.0293628 0.0760485 0.111049 
1.76259e-05 7.1979e-11 3.16063e-05 3.52135e-06 0.99801 6.52845e-11 1.93139e-06 0.00149925 0.000402344 3.37297e-05 
3.46377e-05 7.5223e-06 0.000111571 6.32957e-05 0.000239131 0.998642 0.000170752 0.000582427 2.85759e-05 0.000119712 
0.00576192 2.46058e-09 0.0125095 0.000162794 8.45792e-05 2.00231e-09 0.000786255 0.00347846 0.927085 0.0501314 
3.12463e-05 2.37673e-05 0.0186808 0.496242 0.000764707 1.22074e-06 0.0182637 0.0544505 0.139493 0.27205 
0.00982244 0.00343078 0.109963 0.0910984 0.000169972 5.17087e-06 0.0676872 0.133077 0.0578072 0.526939 
1.91077e-06 8.56854e-11 0.711274 0.00415916 0.00105808 7.77161e-11 4.45194e-07 0.208286 1.69502e-05 0.0752039 
0.0106052 1.53845e-05 0.0347142 0.00369982 9.99587e-05 1.63602e-05 0.0101947 0.0135622 0.76101 0.166083 
0.020126 0.00127651 0.275976 0.289273 0.00450625 1.45578e-08 0.0582324 0.109928 0.049857 0.190825 
0.00206074 0.000302471 0.0162273 0.0167149 0.00128814 0.00252027 0.0059301 0.80878 0.122507 0.0236683 
0.00683843 2.42863e-05 0.0336697 0.0107264 0.00121348 0.000369991 0.0217622 0.0523991 0.121956 0.75104 
0.0726551 2.86064e-05 0.0232843 0.0054395 0.00257431 3.43379e-07 0.683485 0.000273377 0.0121542 0.200105 
1.1528e-07 0.00133814 0.0972198 0.128559 0.0016901 0.0239896 0.00523979 0.398981 0.0362538 0.306728 
