0.00584858 1.48989e-08 0.0863758 0.00312014 4.39616e-05 3.10881e-08 0.00229643 0.839132 0.026115 0.0370684 
2.91861e-06 1.87191e-08 0.0506545 2.70024e-05 2.0326e-06 9.28772e-07 5.24152e-06 0.816321 0.00222617 0.13076 
0.0572499 1.54757e-05 0.000234195 3.2738e-05 4.22956e-05 0.000105881 0.0457037 0.0621235 0.777065 0.0574273 
0.000434366 0.000240687 0.0380072 0.694576 0.000514079 0.000241208 0.182095 0.00696824 0.0395672 0.0373564 
4.2531e-05 4.25003e-05 0.999617 4.25333e-05 4.25282e-05 4.2504e-05 4.25315e-05 4.25314e-05 4.25355e-05 4.25365e-05 
0.00463184 3.51631e-06 0.117919 0.0875813 2.09058e-05 0.00029532 0.00423127 0.0581772 0.0161008 0.711038 
0.000201188 1.2337e-07 0.0113287 0.00950392 0.000396405 0.0607084 0.00738714 0.713468 0.0110614 0.185945 
0.00547159 0.00027235 0.0537874 0.0730501 0.00727788 0.121878 0.0481535 0.533606 0.0715676 0.0849364 
7.46676e-05 5.74889e-08 0.000617048 1.10786e-05 0.00136603 0.145857 0.00118706 0.00661686 0.0562939 0.787976 
0.00110732 7.35102e-05 0.0431082 0.233627 0.000299848 0.0291162 0.00348714 0.104599 0.180473 0.404109 
0.00359482 2.40969e-06 0.174681 0.0050877 2.83534e-05 6.82127e-05 0.00983827 0.00956584 0.0142012 0.782933 
3.46377e-05 7.5223e-06 0.000111571 6.32957e-05 0.000239131 0.998642 0.000170752 0.000582427 2.85759e-05 0.000119712 
0.0335826 7.69984e-06 0.0490371 0.0354146 0.000233289 0.000964215 0.283946 0.0174962 0.0726232 0.506695 
1.16166e-07 5.31128e-10 0.00303855 0.00784445 0.000104814 0.890998 0.000448435 0.0665952 0.022483 0.00848703 
0.0177034 1.42137e-06 0.0737105 0.0235479 2.05216e-05 1.72757e-05 0.10195 0.0359512 0.274604 0.472494 
0.0223727 2.8266e-05 0.179503 0.0207557 0.00451821 0.000510473 0.175154 0.46524 0.0137774 0.11814 
0.00563401 4.30426e-06 0.307562 0.0186293 0.00109339 0.00027516 0.00426719 0.198321 0.10352 0.360693 
3.46377e-05 7.5223e-06 0.000111571 6.32957e-05 0.000239131 0.998642 0.000170752 0.000582427 2.85759e-05 0.000119712 
0.000143887 0.000112327 0.0170004 0.00150703 0.00136568 0.930252 0.00121364 0.0450245 0.000183417 0.00319703 
0.000838094 3.11092e-06 0.0449111 0.316864 0.000272796 0.00244694 0.0723829 0.377958 0.1495 0.0348233 
0.00624492 1.48652e-06 0.0163274 0.0682313 8.88145e-05 9.59823e-05 0.457916 0.0287121 0.234825 0.187557 
5.32393e-05 1.63585e-06 0.195391 0.000158084 0.00070783 3.48494e-06 0.0020967 0.0162614 0.0360858 0.749241 
0.000707569 0.000317735 0.517618 0.0104214 0.00106614 0.00136551 0.0462913 0.0435282 0.145271 0.233412 
9.55365e-07 9.54676e-07 0.0746222 0.154587 9.55304e-07 9.54758e-07 0.0249362 0.0402223 0.0304803 0.675148 
0.00263714 7.68368e-05 0.0847096 0.0225661 0.00112702 0.00189398 0.0579951 0.0404306 0.00309716 0.785466 
0.000270698 1.85566e-06 0.00491705 0.0129899 1.69453e-05 6.66173e-06 0.0891482 0.718905 0.00879477 0.164949 
0.00998434 8.71236e-05 0.100203 0.0199888 0.000138633 0.00202013 0.00171675 0.688494 0.0684667 0.108901 
0.000242953 5.49273e-08 0.26288 0.0459893 0.000865727 8.29194e-08 0.0579384 0.0047184 0.0264459 0.600919 
0.0212033 2.33232e-07 0.100596 0.00984993 0.000395703 0.000520806 0.00882738 0.340228 0.0896803 0.428698 
0.000222444 8.09332e-06 0.0364297 0.00157684 0.000179409 3.39761e-05 0.00235172 0.16069 0.0540462 0.744462 
0.000173442 9.51025e-07 0.00289946 0.0932922 0.000952284 1.25731e-06 0.0270593 0.00218107 0.251527 0.621913 
0.0112357 0.000541831 0.175989 0.0304357 0.0135108 0.0381418 0.000822701 0.492208 0.0859659 0.151148 
0.00259544 8.31353e-05 0.0850179 0.0277922 0.000668547 0.000647593 0.00062779 0.83803 0.01977 0.0247674 
0.000422911 0.000112897 0.508159 0.174132 0.000191886 0.00548899 0.0312448 0.0550824 0.0490526 0.176113 
0.016259 0.000564558 0.288653 0.0646631 0.000728099 0.00143405 0.230192 0.0198145 0.0659864 0.311706 
0.0155923 3.39682e-05 0.338829 0.0579963 0.12755 0.00187127 0.000657905 0.415021 0.00511802 0.0373301 
0.00403714 3.83238e-06 0.0411278 0.0062133 1.8216e-05 0.000108511 0.819628 0.000723229 0.00270906 0.125431 
0.00276223 0.00107278 0.47769 0.0497571 0.00494786 0.0505871 0.18075 0.17624 0.0187417 0.0374514 
0.000769015 3.43545e-07 0.0150181 0.00556077 0.0109327 1.41493e-06 0.819509 0.123761 0.0212684 0.00317996 
0.0051927 1.80015e-05 0.133176 0.0778349 0.000181758 0.000216903 0.316449 0.0391764 0.0195918 0.408162 
0.000180286 7.08841e-05 0.140769 0.00752534 0.00224687 0.46441 0.167578 0.10631 0.0247746 0.0861346 
6.48951e-06 6.22939e-06 0.0391279 0.034929 1.33271e-05 7.69996e-06 0.719177 1.07487e-05 0.00969254 0.197029 
0.012134 0.00265798 0.202875 0.443583 0.0186979 0.00270108 0.0384857 0.0510068 0.0433435 0.184514 
0.00836981 5.88956e-07 0.173826 0.112637 5.89343e-07 0.534583 0.00636596 0.0449708 0.112231 0.00701512 
0.00149097 0.000421346 0.0984694 0.0487183 0.00125821 0.00319685 0.403555 0.0196362 0.0235849 0.399669 
0.023898 0.000121701 0.113221 0.0136359 0.000138155 0.00147245 0.00607509 0.270768 0.113035 0.457634 
0.128762 1.19226e-07 0.348198 0.0136024 0.00113351 1.19236e-07 0.0084117 0.0283847 0.0729551 0.398552 
0.00313039 6.33936e-08 0.00422916 0.000138282 3.55022e-05 0.000796711 0.00392151 0.867563 0.070069 0.0501164 
7.47385e-07 7.46846e-07 0.0676458 7.47425e-07 0.00194382 0.00224148 0.0103895 0.472353 0.0179399 0.427484 
0.000769015 3.43545e-07 0.0150181 0.00556077 0.0109327 1.41493e-06 0.819509 0.123761 0.0212684 0.00317996 
0.00668427 1.3037e-05 0.117296 0.0364882 0.00234474 0.136367 0.0372087 0.38604 0.146988 0.130571 
0.000769015 3.43545e-07 0.0150181 0.00556077 0.0109327 1.41493e-06 0.819509 0.123761 0.0212684 0.00317996 
0.00833179 4.23741e-06 0.0267433 0.0272811 0.255342 0.00419352 0.000233056 0.661 0.0051493 0.0117208 
0.00345028 1.65245e-05 0.600075 0.107859 9.23439e-05 0.000693446 0.0106847 0.096271 0.0173769 0.163481 
0.0242849 6.92689e-12 0.0742156 0.00353925 5.32579e-05 7.06547e-10 0.0531814 0.00692951 0.384054 0.453742 
7.14475e-05 1.12999e-07 0.00142544 1.79365e-06 3.67097e-05 8.06325e-06 0.00014455 0.991685 0.00286005 0.00376719 
9.57463e-05 1.48655e-05 0.12088 0.0853441 0.00321588 5.90366e-05 0.0232752 0.709372 0.016724 0.0410192 
0.00168129 0.000131078 0.0168094 0.0629628 0.0009545 0.000508978 0.008391 0.0352584 0.700415 0.172888 
0.0244471 9.94267e-07 0.0517499 0.025525 0.00113241 7.7592e-06 0.0106263 0.0703054 0.112162 0.704043 
0.0115598 0.00205822 0.0961455 0.15591 0.00321826 0.00234411 0.183839 0.0137728 0.0566683 0.474484 
0.000850719 2.90874e-05 0.0151325 0.00660355 0.0114087 0.000269391 0.792061 0.125985 0.042111 0.00554825 
0.000547223 2.8583e-06 0.0579819 0.00176261 0.000617161 6.46177e-05 0.00298109 0.223565 0.0431539 0.669324 
0.0273395 0.000637636 0.260566 0.0654188 0.000645652 0.057327 0.164923 0.0121056 0.0744845 0.336553 
0.0139788 7.56204e-09 0.282544 0.00623714 0.00275022 9.80247e-06 0.204108 0.0422201 0.0439799 0.404172 
2.77196e-07 1.87113e-10 4.74183e-07 9.59806e-06 5.56837e-05 2.20794e-07 0.00350187 0.521892 0.18816 0.28638 
1.30911e-05 2.91662e-08 0.688349 0.000216025 0.00022296 0.000260276 0.221003 0.0110815 0.000906733 0.077948 
0.000140997 6.88646e-06 0.0150575 0.0360883 0.014768 0.000157159 0.0585661 0.837456 0.00165425 0.0361048 
0.000329959 2.00163e-10 0.00545934 2.33141e-06 9.29944e-06 1.42422e-08 0.000140067 0.593765 0.344016 0.0562782 
0.0193737 3.50635e-05 0.0252405 0.0545862 0.000521626 5.64437e-05 0.0565532 0.142402 0.621832 0.0793988 
0.0678342 4.22447e-09 0.108424 0.206245 3.82904e-05 2.17554e-07 0.373751 0.0163054 0.0640131 0.163389 
0.0110645 3.73999e-05 0.0943078 0.0444348 0.00339567 3.99254e-05 0.120738 0.183899 0.12602 0.416063 
0.000277738 5.76759e-05 0.0525422 0.0402366 0.000179554 0.00128516 0.0306342 0.822748 0.0126928 0.039346 
1.63847e-06 1.86915e-10 7.89782e-06 1.55072e-07 1.43984e-07 6.6134e-07 5.08769e-06 1.34866e-06 2.00322e-06 0.999981 
0.00102316 3.11616e-06 0.2068 0.0213923 4.73932e-05 3.16639e-06 0.017221 0.00522421 0.0833905 0.664896 
0.0195895 1.16513e-07 0.220137 0.0129124 4.11662e-06 3.95148e-07 0.00438059 0.406386 0.181454 0.155136 
0.000925698 0.00013279 0.0189675 0.00831205 0.000771311 0.355315 0.145907 0.385562 0.0337888 0.0503172 
8.49545e-07 2.93235e-10 0.051121 0.0219529 9.37961e-08 0.000999863 0.0254875 0.806156 0.0215971 0.0726847 
0.00626645 4.86831e-05 0.0754286 0.0591387 0.000499004 0.203754 0.0959292 0.191728 0.274064 0.0931438 
0.000190136 6.83856e-05 0.501489 0.00839454 0.00145076 0.277636 0.0791424 0.0960906 0.022277 0.0132615 
1.30911e-05 2.91662e-08 0.688349 0.000216025 0.00022296 0.000260276 0.221003 0.0110815 0.000906733 0.077948 
0.0154168 0.000106881 0.128351 0.0302968 0.0016949 0.000287569 0.00447613 0.625862 0.105665 0.0878428 
0.000148635 3.52227e-06 0.018704 0.189091 0.000252188 9.23006e-05 0.604054 0.0685761 0.068328 0.0507506 
0.00235755 3.64423e-06 0.229684 0.0594508 0.000127689 4.72787e-06 0.00307904 0.10677 0.0708241 0.527698 
0.0216977 1.14774e-05 0.0351721 0.00204377 0.00121983 1.76572e-05 0.130421 0.0105038 0.00324961 0.795663 
0.000136809 0.00013671 0.000136822 0.000136816 0.0001368 0.123186 0.00013681 0.875719 0.000136823 0.000136826 
0.000635478 6.75905e-06 0.395813 0.0765186 0.000315602 0.0733726 0.0280638 0.201706 0.193164 0.0304041 
3.8809e-05 1.18919e-05 0.209533 0.346903 0.00316041 0.00174067 0.00535818 0.233266 0.183947 0.0160401 
0.0500507 3.14962e-08 0.00377798 0.0177528 1.35725e-05 4.75446e-06 0.0126089 0.77594 0.132993 0.00685895 
0.0107027 3.02966e-07 0.377805 0.0412659 0.00191024 3.02992e-07 0.0326233 0.0658829 0.193816 0.275994 
0.0013757 2.4183e-05 0.449842 0.00407112 6.85932e-05 0.00138946 0.0663629 0.01252 0.00553395 0.458812 
0.000831845 0.000393004 0.78659 0.10938 0.00102465 0.0223861 0.0452841 0.0218751 0.00292737 0.00930792 
0.00417824 4.65744e-06 0.114555 0.0554277 0.000253904 0.000219343 0.12383 0.020926 0.0336143 0.64699 
2.58131e-05 7.82182e-07 0.103852 0.137168 0.000684055 0.591727 0.0292407 0.107353 0.00499093 0.0249575 
0.0362786 5.58745e-05 0.0605132 0.016122 0.009143 0.00135714 0.0414365 0.111421 0.0137145 0.709958 
0.000899084 2.58406e-10 0.58493 0.0415316 3.72414e-05 1.46821e-05 0.0197462 0.268316 0.042075 0.0424492 
0.00033257 3.55276e-07 0.0801101 0.00259193 0.00670624 0.109079 0.0159937 0.657638 0.0416642 0.0858838 
0.0144676 1.55235e-05 0.0577403 0.0804548 0.00649986 0.000103416 0.00762497 0.383444 0.194764 0.254885 
0.0181549 2.09965e-05 0.141561 0.0732793 0.000409236 0.000116294 0.114199 0.0656081 0.0283116 0.55834 
0.000850719 2.90874e-05 0.0151325 0.00660355 0.0114087 0.000269391 0.792061 0.125985 0.042111 0.00554825 
0.00019083 2.531e-06 0.119478 0.0452468 0.000439594 7.7525e-05 0.00884647 0.0718859 0.0931167 0.660716 
0.00429806 0.000746092 0.0451274 0.00646959 0.0113005 0.00578483 0.0798378 0.71923 0.0662078 0.0609976 
0.000647435 1.02079e-11 0.370536 0.00643164 0.000886175 9.66826e-07 0.00472706 0.0727826 0.161245 0.382743 
0.0921662 0.000987178 0.255749 0.0056273 0.00414089 0.00504434 0.0182686 0.337462 0.148544 0.132011 
6.58431e-05 5.34552e-07 0.147672 0.00106478 0.013912 0.0027795 0.0102187 0.579232 0.0553557 0.189699 
5.23627e-05 1.7422e-05 0.00233123 0.00703439 0.000162622 0.000320241 0.0189391 0.927305 0.0284237 0.015414 
0.143716 4.32668e-09 0.0353923 0.620294 6.95362e-06 8.3399e-07 0.00122201 0.141747 0.0346354 0.0229857 
0.00212581 5.30986e-06 0.858276 0.00191182 5.78597e-05 0.00602281 0.00355638 0.0175513 0.0114581 0.0990345 
2.13298e-06 5.96453e-07 0.0286385 1.19156e-06 7.99707e-07 4.40035e-06 0.768623 0.189162 0.000127547 0.0134402 
0.0507907 0.0002714 0.288168 0.159605 0.0158821 0.00254165 0.0237572 0.0432655 0.148081 0.267638 
0.00619199 2.18217e-05 0.197895 0.00562553 0.0107948 0.000291097 0.00668207 0.39885 0.225624 0.148024 
0.0162777 1.22979e-05 0.210818 0.039701 0.000713377 0.00193037 0.00607386 0.49555 0.0415822 0.187341 
0.000241788 3.16498e-09 0.553819 0.207948 5.83186e-05 1.22117e-05 0.00715624 0.218712 0.00780575 0.00424668 
0.0250749 2.89256e-06 0.0254636 0.0109898 0.000245114 0.000210487 0.00396131 0.759889 0.129933 0.0442299 
0.020795 7.37082e-05 0.234364 0.0200629 0.000360028 0.000126046 0.0772218 0.0577254 0.0681782 0.521093 
0.000119386 2.74886e-09 0.175063 0.0274133 0.000193976 0.060921 0.0101965 0.5384 0.0606947 0.126998 
0.00371657 0.000116538 0.0153539 0.55533 0.00560613 0.0308819 0.0022031 0.0256304 0.0893309 0.27183 
0.00390971 2.64086e-08 0.0542272 0.00854565 2.54484e-05 5.48774e-05 0.147621 0.00026431 0.0130156 0.772336 
7.78908e-05 2.30832e-08 6.99826e-05 0.000106146 7.05556e-06 0.000596743 0.957989 0.00561182 0.00694455 0.0285971 
0.0128421 5.49127e-05 0.375907 0.339147 0.000133869 0.00178841 0.0729734 0.011455 0.0443018 0.141396 
0.0261556 0.000180651 0.0868034 0.00675815 0.00139917 0.171353 0.0123728 0.0507051 0.0109666 0.633306 
0.000746934 0.000690446 0.162106 0.407481 0.154969 0.0072903 0.00661637 0.08592 0.0179308 0.156249 
5.25149e-06 5.2477e-06 5.25201e-06 0.699015 0.0110326 5.24815e-06 5.25155e-06 0.0546212 0.100844 0.13446 
4.73857e-05 1.75434e-05 0.0803965 0.000563139 7.29716e-05 0.00610826 0.00653616 0.725014 0.0927864 0.088458 
0.0264886 1.25373e-08 0.00182132 0.00135195 0.0077183 0.000623439 0.000445447 0.921036 0.0395008 0.00101375 
0.0126167 0.000480873 0.374233 0.0199677 0.0112456 0.00323353 0.115106 0.0514452 0.0485387 0.363133 
0.00835409 8.27138e-07 0.117427 0.000918972 5.03819e-05 2.2587e-06 0.00110803 0.396403 0.247897 0.22784 
0.000114665 1.66262e-05 0.0607811 0.0146088 0.00252829 0.0180136 0.257345 0.495317 0.0227104 0.128565 
7.01686e-06 7.0118e-06 0.00281403 0.0456189 0.0140398 7.0124e-06 0.0357933 0.75152 0.0505339 0.0996592 
0.0163121 3.16798e-05 0.0286055 0.0382601 0.0412848 0.0579367 0.206784 0.0114257 0.272896 0.326463 
3.46377e-05 7.5223e-06 0.000111571 6.32957e-05 0.000239131 0.998642 0.000170752 0.000582427 2.85759e-05 0.000119712 
0.0128784 0.000138516 0.116445 0.0067392 0.00656278 0.00114875 0.0505467 0.423759 0.327612 0.05417 
0.190245 3.15585e-05 0.0147581 0.0248447 0.000855688 0.000213261 0.0316578 0.207318 0.483474 0.0466018 
0.00903002 6.96048e-06 0.0434172 0.029176 0.000466092 7.61281e-06 0.0128639 0.0144576 0.0275523 0.863022 
0.000450267 2.25354e-05 0.295817 0.0384046 0.00126604 0.0177565 0.0179222 0.0994387 0.011971 0.516951 
0.00661623 0.00394569 0.211362 0.0314634 0.00533975 0.0657101 0.0483545 0.390251 0.0410738 0.195884 
3.46377e-05 7.5223e-06 0.000111571 6.32957e-05 0.000239131 0.998642 0.000170752 0.000582427 2.85759e-05 0.000119712 
0.00630632 6.98169e-05 0.193306 0.0539416 0.000104859 0.00428776 0.0110532 0.139995 0.0936716 0.497263 
0.000122259 3.43749e-05 0.775025 0.145782 0.000480131 0.000425411 0.0117844 0.0142077 0.0035083 0.0486308 
6.43411e-06 6.42947e-06 6.43474e-06 0.0714287 6.4337e-06 6.43002e-06 0.260591 0.0662784 0.400894 0.200776 
0.0113343 6.74763e-05 0.219582 0.438745 0.0336041 7.73716e-05 0.0158051 0.0210237 0.119172 0.140588 
0.000137365 5.8856e-10 0.0115042 0.00868067 0.000765709 2.02841e-06 0.00387043 0.00229772 0.00164435 0.971098 
0.126793 0.00024192 0.0632141 0.0833357 0.00215189 0.000581527 0.0246504 0.0559348 0.427421 0.215676 
0.0113029 1.63668e-06 0.0430815 0.105649 0.023094 1.63682e-06 0.108593 0.190487 0.343006 0.174783 
0.0273395 0.000637636 0.260566 0.0654188 0.000645652 0.057327 0.164923 0.0121056 0.0744845 0.336553 
7.14475e-05 1.12999e-07 0.00142544 1.79365e-06 3.67097e-05 8.06325e-06 0.00014455 0.991685 0.00286005 0.00376719 
0.0209507 3.76645e-05 0.0118614 0.000477319 6.7053e-05 6.32311e-05 0.104472 0.024349 0.406714 0.431008 
0.0460022 5.54748e-07 0.0343363 0.000388381 0.000313869 1.15614e-06 0.019086 0.00670308 0.850479 0.0426896 
3.46377e-05 7.5223e-06 0.000111571 6.32957e-05 0.000239131 0.998642 0.000170752 0.000582427 2.85759e-05 0.000119712 
0.00174997 4.34553e-06 0.326235 0.00616521 2.71001e-05 3.18471e-05 0.167943 0.0130216 0.0412623 0.44356 
0.00102922 1.53833e-09 0.209891 0.00036205 8.63818e-05 0.000674024 0.179979 0.429033 0.00643203 0.172513 
0.0908091 1.44875e-05 0.0751691 0.0134903 0.00116059 0.0259105 0.0433972 0.606019 0.014675 0.129355 
0.0439414 1.26022e-07 0.0383724 1.74868e-06 0.000121784 4.60866e-06 0.0019758 0.0286744 0.851153 0.0357543 
0.193489 0.00039464 0.0646409 0.359451 0.00118848 0.00241756 0.192435 0.0897864 0.0123207 0.0838763 
0.00789402 1.04329e-05 0.70079 0.0176597 0.029524 2.11723e-05 0.000605669 0.0203882 0.0763712 0.146736 
0.000334276 0.000149375 0.0895629 0.00134821 0.000279153 0.000206379 0.0109331 0.735994 0.152406 0.00878707 
0.000506329 0.000107604 0.0544776 0.651335 0.00475334 0.000809267 0.00687068 0.155466 0.0412746 0.0844001 
0.0130779 2.96942e-06 0.0588457 2.97172e-06 0.0148598 2.96967e-06 0.113518 0.564011 0.0915368 0.144142 
0.000617124 7.78048e-05 0.59793 0.0575309 0.00105035 0.000129999 0.0872125 0.088768 0.0437123 0.122971 
6.92318e-06 2.25083e-06 0.0547566 0.026749 0.833626 0.0497836 0.00353141 0.00243863 3.28983e-05 0.0290731 
0.000850719 2.90874e-05 0.0151325 0.00660355 0.0114087 0.000269391 0.792061 0.125985 0.042111 0.00554825 
6.75712e-05 2.27843e-07 0.04854 0.0150413 1.28942e-05 5.24263e-06 0.0267709 0.160731 0.230841 0.517989 
0.000684123 2.70236e-08 0.0147713 0.00865376 1.48495e-05 3.09221e-06 0.00204545 0.00257042 0.910785 0.060472 
0.000401335 8.72633e-06 0.502383 0.034684 0.000212473 0.000160261 0.140917 0.0163927 0.0106386 0.294201 
0.0287249 8.68572e-08 0.0536836 0.00139209 2.76126e-06 3.92575e-05 0.00959576 0.0411652 0.827321 0.0380751 
3.46377e-05 7.5223e-06 0.000111571 6.32957e-05 0.000239131 0.998642 0.000170752 0.000582427 2.85759e-05 0.000119712 
0.00424258 3.72842e-06 0.176165 0.00612099 0.000334232 0.000716627 0.0100404 0.013242 0.0145313 0.774603 
0.000325591 1.81858e-05 0.35926 0.2667 0.0110276 7.97321e-05 0.00739839 0.309935 0.00859596 0.0366593 
0.000345847 2.57875e-05 0.746288 0.0252617 0.000124996 0.00192652 0.100303 0.00800711 0.00339406 0.114323 
0.0104106 4.37283e-07 0.093438 0.00129846 6.03496e-05 4.83047e-06 0.00184132 0.0128198 0.82231 0.0578164 
0.0143638 0.000102218 0.106871 0.0250185 0.000840537 0.000606724 0.729663 0.0458516 0.0215961 0.0550869 
0.0280609 0.000150671 0.0716474 0.0299463 0.000183928 0.000341923 0.049978 0.17562 0.0159216 0.628149 
0.00833179 4.23741e-06 0.0267433 0.0272811 0.255342 0.00419352 0.000233056 0.661 0.0051493 0.0117208 
0.0119263 0.000706863 0.203524 0.0262878 0.0084075 0.0191653 0.0625709 0.203979 0.0791319 0.384301 
0.000428405 2.29854e-08 0.0148899 0.0016806 0.00417839 0.0010693 6.84489e-05 0.969137 0.00703268 0.00151521 
0.00219146 5.89622e-05 0.297062 0.0492341 0.0585268 0.000870715 0.21853 0.081112 0.0187808 0.273633 
0.000965384 1.38416e-05 0.0325264 0.0801374 0.000112311 0.000734049 0.181866 0.0601304 0.163656 0.479859 
0.000172203 8.33443e-07 0.132747 0.0401821 3.89456e-06 2.21492e-06 0.0306065 0.0246175 0.0507891 0.720878 
0.0278211 1.20413e-08 0.167763 0.0104365 0.000807085 0.000117516 0.00142759 0.534992 0.0678617 0.188774 
0.03082 7.70325e-08 0.0855837 0.00443287 0.000562783 3.08927e-05 0.00132601 0.0208525 0.0979121 0.758479 
0.00107959 4.12428e-05 0.851183 0.0186084 0.00755102 0.00703284 0.0037897 0.0681562 0.0106918 0.0318666 
0.00938856 0.000209997 0.0910345 0.00888929 0.00164075 0.00951524 0.163436 0.23646 0.075163 0.404263 
0.0433129 5.42939e-08 0.174815 0.00408463 0.00172931 0.0033541 0.0230074 0.372672 0.0865079 0.290517 
0.000271588 1.65977e-07 0.21495 0.0200724 3.23863e-06 0.000111932 0.198762 0.0695731 0.0302705 0.465985 
0.000505445 4.77955e-05 0.0690699 0.0785536 0.000218541 0.00874628 0.0243532 0.603003 0.117032 0.0984707 
1.54692e-05 5.86724e-08 0.00128098 0.00109694 0.00115096 0.00032255 0.000165275 0.974992 0.0162109 0.00476519 
3.46377e-05 7.5223e-06 0.000111571 6.32957e-05 0.000239131 0.998642 0.000170752 0.000582427 2.85759e-05 0.000119712 
0.0140686 5.44467e-06 0.00912756 0.161787 0.000893992 1.58222e-05 0.0669961 0.0130786 0.0400478 0.693979 
3.16349e-05 3.16121e-05 3.16381e-05 3.16367e-05 0.0221746 3.16148e-05 3.16353e-05 0.91113 3.16383e-05 0.0664735 
0.000909641 6.68961e-05 0.145974 0.258697 0.000173727 0.0142346 0.0547018 0.426751 0.068692 0.0297991 
0.00014782 1.61245e-07 0.00300732 0.103792 5.56847e-05 1.47128e-05 0.0196826 0.81777 0.00400157 0.0515284 
0.00363844 0.000439303 0.619739 0.0403208 0.00353187 0.00210653 0.00688165 0.280672 0.0111217 0.0315482 
0.00903002 6.96048e-06 0.0434172 0.029176 0.000466092 7.61281e-06 0.0128639 0.0144576 0.0275523 0.863022 
0.0223743 3.43979e-06 0.00995454 0.00245829 0.000368865 3.27853e-05 0.0367142 0.00572304 0.00129192 0.921079 
0.00687286 2.72077e-06 0.00756621 0.118372 8.38376e-05 0.00399333 0.0287654 0.0611 0.723787 0.0494563 
0.024789 2.86292e-06 0.110297 0.0948375 0.019041 0.000270569 0.0369025 0.447926 0.12161 0.144323 
0.0200228 0.00061156 0.0372178 0.0550756 0.615 0.036847 0.012752 0.0982483 0.0292933 0.094932 
0.0645335 1.81176e-06 0.11292 0.00092442 0.000286176 5.57281e-05 0.0145479 0.226015 0.412915 0.167801 
0.000503423 2.15154e-11 0.166263 2.26496e-06 6.62768e-08 1.36795e-08 0.0134589 0.773774 0.0300687 0.0159293 
0.00226643 0.000383195 0.00469541 0.00308713 0.00201092 0.00223821 0.00080749 0.894293 0.0693468 0.0208711 
0.0405845 0.000313813 0.269486 0.00304725 0.00156608 0.0115562 0.0566098 0.286074 0.048934 0.281829 
0.00757059 3.44434e-05 0.290368 0.00364907 9.44282e-05 0.000193983 0.0102255 0.0306681 0.0796102 0.577586 
0.0164616 2.72487e-10 0.04783 0.169533 0.00942467 5.25314e-08 0.0364327 0.44444 0.170123 0.105755 
0.0236959 0.0020972 0.390211 0.151495 0.00480908 0.0269127 0.0294884 0.0357531 0.0619233 0.273614 
4.40999e-05 1.95262e-09 0.137373 0.108218 0.0197865 1.17172e-07 0.0468193 0.00100016 0.00310859 0.68365 
0.0103019 1.08427e-08 0.678252 0.0116964 0.000342989 0.000554851 0.005237 0.0131387 0.169118 0.111358 
0.00111521 3.2703e-05 0.571904 0.0149675 0.000260696 6.3444e-05 0.0689439 0.216816 0.0234339 0.102462 
0.0291273 6.99467e-06 0.180696 0.445206 0.00141692 1.77448e-05 0.0928158 0.0706842 0.0694461 0.110583 
0.0134698 0.00166057 0.1562 0.603567 0.00907092 0.00939158 0.00608408 0.063408 0.0377435 0.099404 
0.0545333 2.53062e-05 0.219083 0.0415751 0.000388151 0.000929181 0.0507642 0.0632916 0.0414373 0.527973 
3.55252e-06 5.16043e-07 0.0189979 1.91041e-05 0.0106641 3.15586e-05 0.0730684 0.720628 0.000161948 0.176425 
0.000161013 0.000160897 0.000161029 0.000161022 0.000161003 0.000160911 0.000161015 0.000161015 0.998551 0.000161034 
0.00532654 7.91518e-05 0.132608 0.0529266 0.000661992 0.000241278 0.0284578 0.0232929 0.0104217 0.745984 
0.000363055 6.34365e-05 0.0936576 0.0346574 0.00965085 0.179964 0.0744411 0.289045 0.0682417 0.249917 
0.00125063 0.000607753 0.168162 0.253479 0.00266387 0.00751182 0.121827 0.249336 0.0525364 0.142626 
0.00222737 0.000208146 0.297194 0.0184987 0.000562286 0.000212021 0.0168547 0.0468088 0.0152216 0.602213 
0.00455648 8.35518e-07 0.00664917 0.00174814 7.17309e-05 1.40158e-05 0.0209996 0.860053 0.092223 0.013684 
0.000899084 2.58406e-10 0.58493 0.0415316 3.72414e-05 1.46821e-05 0.0197462 0.268316 0.042075 0.0424492 
3.46377e-05 7.5223e-06 0.000111571 6.32957e-05 0.000239131 0.998642 0.000170752 0.000582427 2.85759e-05 0.000119712 
0.00833179 4.23741e-06 0.0267433 0.0272811 0.255342 0.00419352 0.000233056 0.661 0.0051493 0.0117208 
0.00311275 0.000162394 0.221463 0.12382 0.0265822 0.0167906 0.0880485 0.306709 0.149643 0.0636674 
0.00413524 0.000538995 0.418345 0.0942865 0.00293031 0.000613689 0.0103461 0.0663177 0.144686 0.2578 
0.000466002 6.3254e-09 0.0675174 0.0919766 0.000104384 7.4714e-06 0.0169269 0.40733 0.249143 0.166528 
1.58425e-07 1.81532e-10 4.21522e-06 2.74298e-07 1.19323e-06 3.30944e-08 2.1155e-07 0.996791 1.80415e-06 0.00320147 
3.46377e-05 7.5223e-06 0.000111571 6.32957e-05 0.000239131 0.998642 0.000170752 0.000582427 2.85759e-05 0.000119712 
0.0456567 4.7689e-08 0.00223696 0.00762586 1.34079e-06 4.86797e-08 0.00058258 0.051578 0.881708 0.0106107 
0.0010236 3.58215e-12 0.38345 0.0612769 1.44414e-05 0.000128482 0.00476742 0.0158072 0.134303 0.399229 
0.0164699 0.000661545 0.101945 0.0543897 0.00421628 0.00118267 0.20657 0.0151589 0.0402569 0.559149 
0.0294873 6.02565e-07 0.0440843 0.0419113 6.02961e-07 0.000542958 0.0435979 0.04402 0.457546 0.338809 
0.133193 2.0757e-05 0.00375907 0.00147213 0.000341889 0.000299654 0.0325101 0.0405712 0.74535 0.0424822 
0.0154919 6.03463e-06 0.0723259 0.0159424 0.000357118 3.95901e-05 0.0402523 0.010493 0.0031636 0.841928 
3.46377e-05 7.5223e-06 0.000111571 6.32957e-05 0.000239131 0.998642 0.000170752 0.000582427 2.85759e-05 0.000119712 
0.0215868 0.000365563 0.184786 0.00146373 0.0025448 0.113262 0.0629385 0.325525 0.0540103 0.233517 
0.00116168 4.81648e-08 0.52711 0.0072863 0.000507797 5.22413e-08 0.033948 0.0889684 0.0482137 0.292804 
0.0128069 2.93115e-05 0.30365 0.000167854 0.0311987 0.542758 0.00539684 0.10279 0.00117237 3.02689e-05 
0.0709106 6.99727e-11 0.0177948 0.00021392 1.23973e-08 5.69234e-08 0.108013 9.87518e-05 0.0269921 0.775977 
0.0764212 5.60356e-06 0.0311726 0.201898 0.00164649 1.52591e-05 0.420464 0.0147421 0.136715 0.11692 
0.0127995 2.68123e-11 0.0435042 0.00374938 7.6102e-05 5.74277e-06 0.000301385 0.332681 0.555574 0.0513088 
0.0236764 1.8255e-05 0.519538 0.0155181 0.000289456 0.000377573 0.0188732 0.0413511 0.0974285 0.282929 
0.000276157 2.61248e-05 0.0356801 0.16981 0.0020753 0.239787 0.0359958 0.153094 0.0174331 0.345823 
0.565945 8.71948e-06 0.0119638 0.00479831 6.72294e-05 1.35734e-05 0.0184128 0.00731867 0.0357363 0.355735 
0.000374922 3.61507e-05 0.0703108 0.000401879 3.64092e-05 5.35797e-05 0.0173078 0.0168047 0.00662484 0.888049 
0.0154714 0.000252441 0.0168258 0.0244328 0.00369586 0.0248332 0.010949 0.716115 0.126327 0.0610974 
0.0128069 2.93115e-05 0.30365 0.000167854 0.0311987 0.542758 0.00539684 0.10279 0.00117237 3.02689e-05 
0.0195117 3.11367e-10 0.0119797 0.0102448 2.02763e-08 0.000327888 0.0466375 0.05467 0.750386 0.106243 
0.0351481 3.95817e-05 0.0158308 0.00489246 0.00956906 0.336791 0.0989754 0.11744 0.0135375 0.367776 
0.0110413 3.43332e-05 0.183296 0.00907193 0.00344893 0.000998208 0.234302 0.123228 0.0126638 0.421915 
0.0051927 1.80015e-05 0.133176 0.0778349 0.000181758 0.000216903 0.316449 0.0391764 0.0195918 0.408162 
0.00775972 4.60615e-05 0.0573304 0.0223629 0.000828092 0.000368542 0.0318359 0.0295913 0.0124295 0.837447 
2.11826e-05 1.83851e-07 0.0154167 0.0632535 0.000454268 2.05491e-07 0.00242283 0.302735 0.0673204 0.548375 
0.038239 1.9396e-05 0.153686 0.0127552 0.000965096 0.0011069 0.0109411 0.536921 0.220607 0.0247597 
0.00477267 0.000164027 0.645426 0.0603298 0.020898 0.00022248 0.0286362 0.0914963 0.0848751 0.0631797 
0.000782251 2.88995e-08 0.0485304 0.00311378 2.54551e-05 8.07838e-07 0.00850665 0.0793695 0.289392 0.57028 
0.0842072 1.13131e-06 0.0225479 0.0758692 0.00113619 0.00228173 0.00488728 0.736929 0.0375563 0.0345839 
0.0112357 0.000541831 0.175989 0.0304357 0.0135108 0.0381418 0.000822701 0.492208 0.0859659 0.151148 
0.00038007 2.00164e-07 0.0974057 0.00870701 0.000153625 3.74774e-07 0.00563924 0.00648642 0.0447622 0.836465 
0.00594697 3.72557e-05 0.240474 0.0145194 0.0393066 0.043888 0.0272279 0.0933548 0.0150791 0.520166 
0.000769015 3.43545e-07 0.0150181 0.00556077 0.0109327 1.41493e-06 0.819509 0.123761 0.0212684 0.00317996 
0.000939382 1.44194e-05 0.18611 0.0870261 0.000631805 3.02192e-05 0.0265867 0.651701 0.033558 0.0134022 
0.0016857 1.59475e-10 0.176007 0.113699 9.26976e-06 4.88157e-07 0.0133542 0.00501251 0.210364 0.479868 
0.000769015 3.43545e-07 0.0150181 0.00556077 0.0109327 1.41493e-06 0.819509 0.123761 0.0212684 0.00317996 
0.000443438 6.23002e-08 0.218189 0.000949797 0.000126511 2.67105e-05 0.0764109 0.318713 0.354064 0.0310766 
0.00771908 5.79674e-06 0.196531 0.0293385 3.4808e-05 0.000490579 0.00685134 0.0825914 0.0232064 0.653231 
0.0340277 8.50894e-05 0.472717 0.0557673 0.00166 0.000429829 0.048818 0.232955 0.101874 0.0516665 
3.46377e-05 7.5223e-06 0.000111571 6.32957e-05 0.000239131 0.998642 0.000170752 0.000582427 2.85759e-05 0.000119712 
0.0051927 1.80015e-05 0.133176 0.0778349 0.000181758 0.000216903 0.316449 0.0391764 0.0195918 0.408162 
1.87838e-06 2.31547e-11 2.36002e-06 1.97214e-07 4.64918e-08 8.42146e-09 7.60764e-08 1.2019e-06 2.48937e-06 0.999992 
0.000569665 6.42348e-07 1.16517e-05 0.963854 2.57726e-05 7.03948e-06 0.000120732 0.000147237 0.0340022 0.00126158 
0.000242953 5.49273e-08 0.26288 0.0459893 0.000865727 8.29194e-08 0.0579384 0.0047184 0.0264459 0.600919 
0.000137365 5.8856e-10 0.0115042 0.00868067 0.000765709 2.02841e-06 0.00387043 0.00229772 0.00164435 0.971098 
0.0575082 1.75873e-07 0.0390255 0.0184388 0.000111279 5.63118e-06 0.656763 0.00844003 0.0418709 0.177836 
0.0100758 5.49011e-05 0.170484 0.0135415 0.00133926 0.000174486 0.000319178 0.711281 0.077196 0.0155338 
0.00395817 1.33606e-06 0.038321 0.0120495 0.000106014 0.295086 0.296643 0.313208 0.00695386 0.0336736 
0.00418313 5.73093e-09 0.216146 0.00573757 2.98926e-06 1.38432e-07 0.309992 0.00156247 0.0708752 0.391501 
0.000199523 1.88667e-05 0.511723 0.156776 0.0543264 1.96521e-05 0.178656 0.0128808 0.010612 0.0747878 
0.00598435 0.000627572 0.0852458 0.0464122 0.0032854 0.00796429 0.699069 0.00431878 0.0476455 0.0994467 
0.0078202 3.14652e-08 0.177998 0.00431654 0.000137832 2.47165e-05 0.121497 0.0136292 0.00540253 0.669173 
0.00924356 0.00441302 0.462591 0.17717 0.0956718 0.00764776 0.0739911 0.0430578 0.0175685 0.108645 
0.0027234 0.000186269 0.0337541 0.363724 0.00710179 0.00132022 0.00547085 0.355237 0.0358271 0.194655 
0.00309449 6.37184e-08 0.000136243 0.000671906 0.00291888 2.61034e-07 4.17622e-05 0.900991 0.0877311 0.00441449 
0.0010165 7.5645e-07 0.00682045 0.0268451 0.000529115 0.00241822 0.142509 0.411473 0.276617 0.131772 
0.043113 9.09817e-05 0.0343173 0.000584625 0.000737994 0.000114557 0.000887828 0.669274 0.0567833 0.194096 
0.00273426 3.74146e-06 0.357299 0.094387 0.0107594 0.00306618 0.0162506 0.431754 0.0384322 0.0453134 
0.00273648 1.83398e-07 0.0783574 0.0719957 1.03033e-05 1.88615e-06 0.00279844 0.00547041 0.783327 0.0553018 
1.16166e-07 5.31128e-10 0.00303855 0.00784445 0.000104814 0.890998 0.000448435 0.0665952 0.022483 0.00848703 
0.00684671 0.00118066 0.0551708 0.659229 0.0116164 0.00209053 0.0611327 0.0139535 0.0207477 0.168032 
0.000769015 3.43545e-07 0.0150181 0.00556077 0.0109327 1.41493e-06 0.819509 0.123761 0.0212684 0.00317996 
6.57066e-05 1.0349e-05 0.000123503 9.69058e-05 0.000240686 0.998358 0.00026938 0.000651625 5.4207e-05 0.000129731 
0.00875013 7.33235e-05 0.0642597 0.24219 0.00105824 0.00217724 0.00304576 0.0222074 0.174813 0.481426 
0.000145498 3.12914e-08 0.0286794 0.141015 0.0051726 4.86434e-05 0.00579563 0.639599 0.145198 0.0343454 
0.02144 5.79052e-10 0.0486087 0.00067996 7.52185e-08 7.75729e-08 0.00067325 0.000745202 0.0177479 0.910105 
0.0147952 1.58224e-05 0.0825952 0.0760321 0.0111012 0.0599403 0.0446463 0.350001 0.0228739 0.337999 
0.00160112 6.38384e-10 0.0957556 0.0407663 0.102913 1.13196e-07 0.0160524 0.301783 0.149528 0.2916 
0.00833179 4.23741e-06 0.0267433 0.0272811 0.255342 0.00419352 0.000233056 0.661 0.0051493 0.0117208 
5.32393e-05 1.63585e-06 0.195391 0.000158084 0.00070783 3.48494e-06 0.0020967 0.0162614 0.0360858 0.749241 
0.020261 9.54971e-07 0.105134 0.0267609 0.00707239 9.55053e-07 0.127296 0.115828 0.304602 0.293043 
0.0042786 2.7652e-05 0.128747 0.00474145 0.00143466 0.000363672 0.139288 0.233714 0.0794076 0.407997 
0.107363 0.000499925 0.325881 0.0465838 0.00117279 0.000706528 0.0682539 0.154447 0.0601461 0.234946 
0.000191753 2.6417e-08 0.974622 2.66246e-05 4.12242e-05 0.00127423 0.00154489 0.00298453 0.00468708 0.0146272 
0.0380439 1.77815e-11 0.181056 0.0120394 9.306e-07 5.32204e-08 0.623058 0.00822656 0.133051 0.00452391 
0.10001 0.099938 0.10002 0.100016 0.100004 0.0999466 0.100011 0.100011 0.100021 0.100023 
0.000702726 3.38172e-07 0.18327 0.0197538 2.59312e-05 1.63761e-06 0.0513478 0.0323668 0.145288 0.567243 
0.0936135 9.51534e-12 0.350697 0.0213022 0.000295887 1.10164e-07 0.00497261 0.0368276 0.187742 0.304549 
1.43101e-07 6.6786e-11 0.0118003 0.175844 0.000404282 3.2563e-08 0.00568988 0.0314844 0.43824 0.336538 
3.46377e-05 7.5223e-06 0.000111571 6.32957e-05 0.000239131 0.998642 0.000170752 0.000582427 2.85759e-05 0.000119712 
0.0051927 1.80015e-05 0.133176 0.0778349 0.000181758 0.000216903 0.316449 0.0391764 0.0195918 0.408162 
0.0276169 0.00029282 0.212753 0.038569 0.0384004 0.00249304 0.0185903 0.0839316 0.164641 0.412712 
0.0243458 8.05283e-06 0.0196387 0.0183496 0.00141439 5.23151e-05 0.000872007 0.659588 0.256913 0.0188181 
0.00182144 1.40708e-08 0.18887 0.00622344 1.16242e-05 1.91356e-06 0.159084 0.00337732 0.0763499 0.564261 
0.00254595 1.17462e-07 0.0282118 0.00954878 5.69637e-05 2.45052e-07 3.89901e-06 0.641884 0.238369 0.0793794 
0.00323418 5.0533e-07 0.239497 0.0139124 4.40361e-05 4.0176e-05 0.315593 0.0133934 0.0351636 0.379122 
9.07998e-07 1.72045e-09 6.69785e-06 0.412178 3.02864e-06 1.71804e-06 4.73254e-06 0.232039 0.244915 0.110851 
0.000100214 4.39907e-06 0.0361604 0.0421426 0.000249054 0.0320435 0.00192907 0.796503 0.068329 0.022539 
1.16166e-07 5.31128e-10 0.00303855 0.00784445 0.000104814 0.890998 0.000448435 0.0665952 0.022483 0.00848703 
0.000527152 0.000126048 0.0514137 0.00625918 0.00161288 0.00680974 0.0497718 0.594858 0.205205 0.0834161 
0.000440358 2.19585e-07 0.0454965 0.00534558 0.00185685 0.0144989 0.0985949 0.522789 0.157857 0.15312 
0.107734 4.57386e-10 0.00079418 0.00488142 1.1672e-08 1.36177e-06 0.00118048 0.000259802 0.883251 0.00189838 
0.199403 1.66231e-08 0.359832 0.143333 0.000122804 2.92833e-06 0.0162728 0.0387868 0.0721382 0.170108 
0.00363844 0.000439303 0.619739 0.0403208 0.00353187 0.00210653 0.00688165 0.280672 0.0111217 0.0315482 
0.0141967 8.99732e-06 0.0139536 3.74269e-05 6.77192e-05 1.17326e-05 0.12955 0.485485 0.356549 0.000139849 
0.0236052 0.00014032 0.0140318 0.059383 0.00138483 0.00327645 0.00293136 0.28848 0.496863 0.109904 
4.47131e-06 1.19435e-06 0.0395003 0.657141 0.039866 0.000347787 0.0460375 0.0291715 0.0594787 0.128451 
0.00833179 4.23741e-06 0.0267433 0.0272811 0.255342 0.00419352 0.000233056 0.661 0.0051493 0.0117208 
0.00398815 8.30237e-08 0.537471 0.0251173 6.87763e-06 1.19063e-07 0.00924613 0.0365195 0.0335285 0.354122 
0.0240055 7.46478e-07 0.0516094 0.245439 0.000445281 0.218249 0.0369192 0.22293 0.124174 0.0762273 
0.00188696 0.00116608 0.67007 0.100707 0.014746 0.00363102 0.0878527 0.0146508 0.0172785 0.0880106 
0.103774 6.13484e-06 0.138661 0.201123 0.0470433 8.57583e-05 0.0265051 0.0032005 0.188336 0.291266 
0.00308101 6.17368e-05 0.403209 0.0014813 0.000247804 0.00196204 0.117047 0.0593116 0.0306561 0.382942 
0.558966 0.000229343 0.0307627 0.0117358 0.000522221 0.00737767 0.000834798 0.0121036 0.33488 0.0425885 
0.0102333 6.62443e-09 0.0139487 0.0138014 4.27057e-05 2.02292e-05 0.00372958 0.00562384 0.917625 0.0349755 
0.023361 1.84082e-06 0.421982 0.0276022 0.000260906 1.41073e-05 0.13788 0.11484 0.0614714 0.212586 
0.0187862 7.7628e-06 0.104095 0.0339885 0.000206933 0.000361683 0.318734 0.457997 0.0446516 0.0211705 
0.000639875 4.65498e-06 0.0170836 0.713649 0.00751419 0.00351424 0.0662553 0.0114848 0.096234 0.0836203 
0.049529 3.23549e-05 0.0364923 0.0656649 0.00458634 9.80662e-05 0.0371387 0.65375 0.104101 0.0486073 
0.00134596 3.85412e-05 0.463863 0.0343392 9.77706e-05 0.000741272 0.0262676 0.00243927 0.00289713 0.46797 
0.0084217 8.04675e-07 0.267134 0.0465366 7.29531e-05 4.90808e-05 0.0083288 0.0235453 0.0995634 0.546347 
0.0488892 0.00140681 0.0841233 0.0921891 0.0094322 0.00662361 0.0811159 0.0787123 0.354492 0.243016 
0.107734 4.57386e-10 0.00079418 0.00488142 1.1672e-08 1.36177e-06 0.00118048 0.000259802 0.883251 0.00189838 
0.00239298 0.000201718 0.0627359 0.0136241 0.000237031 0.00021383 0.0436486 0.688434 0.0641849 0.124327 
0.0588201 1.17132e-06 0.392134 0.0113257 0.00112067 5.85298e-05 0.00837219 0.0197264 0.047197 0.461244 
3.59152e-06 3.58893e-06 0.0933923 0.325054 0.0258609 3.58924e-06 0.0179614 0.0452572 0.188938 0.303526 
0.0222942 5.00083e-06 0.497392 0.105292 1.06197e-05 5.44977e-05 0.0101145 0.0122376 0.0312014 0.321398 
0.0191996 1.02708e-05 0.0353281 0.00601454 0.00459081 0.229357 0.067679 0.0586406 0.00356719 0.575613 
0.00365387 3.76676e-08 0.127666 0.164363 5.84154e-05 0.000252514 0.00190646 0.0418877 0.447303 0.212909 
0.00775972 4.60615e-05 0.0573304 0.0223629 0.000828092 0.000368542 0.0318359 0.0295913 0.0124295 0.837447 
0.0592632 1.1554e-06 0.00336558 0.00147078 9.63728e-05 0.757969 0.00371284 0.0863728 0.0126793 0.0750692 
0.00213492 0.000230703 0.0530465 0.110587 0.00108064 0.00175474 0.0576903 0.135319 0.128434 0.509722 
7.37105e-08 1.12287e-08 0.0316499 0.327535 5.76502e-05 6.64767e-06 0.0160306 0.0190354 0.572762 0.0329228 
0.0082042 4.529e-07 0.0132114 0.0314322 0.000634146 2.22984e-06 0.0421678 0.00415515 0.0302226 0.86997 
0.10001 0.099938 0.10002 0.100016 0.100004 0.0999466 0.100011 0.100011 0.100021 0.100023 
0.00999759 8.18816e-07 0.623219 0.00401613 0.00139372 8.18886e-07 8.19416e-07 0.296711 0.0444993 0.0201608 
0.0209492 4.5536e-10 0.0586709 0.0018612 0.00115554 1.98304e-05 0.0124841 0.0770584 0.273857 0.553944 
0.0011822 9.44277e-08 0.0347938 0.0807541 8.61078e-06 0.00033444 0.0411591 0.105418 0.14151 0.594839 
0.0129923 0.000109942 0.0496282 0.0200077 0.000124032 0.00018767 0.0900191 0.577046 0.189215 0.0606706 
1.16166e-07 5.31128e-10 0.00303855 0.00784445 0.000104814 0.890998 0.000448435 0.0665952 0.022483 0.00848703 
0.0386856 0.000791566 0.123727 0.0397185 0.00567841 0.00336278 0.0380571 0.0386817 0.0753915 0.635906 
0.0072252 5.37583e-05 0.0322359 0.00796546 0.464206 0.000111497 0.000237747 0.465242 0.00483049 0.017892 
0.00737442 2.25794e-07 0.0121263 0.528277 0.000232293 0.000116931 0.109198 0.100363 0.032345 0.209967 
8.03726e-06 8.03147e-06 0.228289 0.274897 0.0184925 8.03215e-06 0.0490357 0.0546619 8.03812e-06 0.374592 
0.0227221 0.000149709 0.302528 0.0121865 0.00109537 0.000216879 0.0329412 0.0369618 0.0616588 0.52954 
0.00507498 0.000275048 0.228883 0.0452818 0.000438403 0.00578632 0.0650314 0.0287895 0.0266341 0.593805 
0.00077782 1.30662e-10 0.331028 0.0163646 0.000305985 6.52966e-06 0.0241736 0.0466965 0.104213 0.476434 
0.00833179 4.23741e-06 0.0267433 0.0272811 0.255342 0.00419352 0.000233056 0.661 0.0051493 0.0117208 
0.000343964 3.7229e-07 0.00961376 0.000364798 8.67784e-07 7.269e-07 0.000549021 9.99837e-05 0.628308 0.360718 
0.0317546 6.99832e-05 0.0899463 0.0066517 0.01811 0.0124646 0.184938 0.453609 0.0807086 0.121747 
0.000169021 6.78465e-08 0.0829513 0.0252492 0.000767396 1.15263e-07 0.0417616 0.0119675 0.0112722 0.825862 
0.0434065 1.02239e-05 0.0178162 0.00226782 0.00191142 3.01781e-05 0.0167379 0.0113696 0.00351241 0.902938 
3.46377e-05 7.5223e-06 0.000111571 6.32957e-05 0.000239131 0.998642 0.000170752 0.000582427 2.85759e-05 0.000119712 
0.000426897 3.67293e-07 0.0357614 0.00122126 0.000191393 4.26234e-07 0.0145442 0.154618 0.0147054 0.77853 
0.000700136 3.29786e-05 0.0265353 0.000218283 0.000893045 3.68855e-05 0.0323257 0.936638 0.00199344 0.000626283 
0.12513 3.26484e-05 0.0695877 0.00682078 0.000443694 0.000146217 0.00915385 0.649561 0.0903514 0.0487728 
0.00267104 3.2906e-08 0.210253 0.0902347 6.86369e-05 8.25636e-06 0.00123717 0.00466769 0.494191 0.196669 
0.00355413 4.22286e-08 0.158146 0.33569 0.00105055 1.6547e-05 0.12862 0.0565623 0.190616 0.125745 
0.00929559 0.000411382 0.0614918 0.0135668 0.00205367 0.122064 0.0150192 0.626425 0.0278179 0.121855 
0.00308101 6.17368e-05 0.403209 0.0014813 0.000247804 0.00196204 0.117047 0.0593116 0.0306561 0.382942 
0.00119772 8.90293e-05 0.0584312 0.068741 0.00882159 0.00210441 0.00141757 0.762368 0.0130931 0.0837363 
0.000647435 1.02079e-11 0.370536 0.00643164 0.000886175 9.66826e-07 0.00472706 0.0727826 0.161245 0.382743 
4.08943e-05 1.1949e-05 0.80949 0.0808773 8.66824e-05 8.07482e-05 0.000864228 0.0163354 0.0093516 0.0828611 
0.0231342 6.94944e-05 0.331516 0.0384475 0.117792 0.000284317 0.010983 0.419064 0.0304425 0.0282669 
0.000137365 5.8856e-10 0.0115042 0.00868067 0.000765709 2.02841e-06 0.00387043 0.00229772 0.00164435 0.971098 
