0.000180924 6.96612e-06 0.208777 0.00952389 0.000226425 5.20851e-05 0.0403033 0.58204 0.0204699 0.138419 
0.0211829 9.05701e-05 0.0681994 0.00593899 0.000382184 0.000115299 0.0465206 0.017239 0.00255273 0.837778 
0.00219156 3.63033e-08 0.104303 0.0372998 1.2915e-05 5.89483e-07 0.0299075 0.0942402 0.256183 0.475861 
7.46676e-05 5.74889e-08 0.000617048 1.10786e-05 0.00136603 0.145857 0.00118706 0.00661686 0.0562939 0.787976 
0.00646309 0.000831905 0.227476 0.0283337 0.00248659 0.00128547 0.0372503 0.273598 0.0547803 0.367495 
0.128655 4.99557e-05 0.0148121 0.00479226 0.000127398 0.00155048 0.0223973 0.472445 0.22959 0.125579 
0.000939382 1.44194e-05 0.18611 0.0870261 0.000631805 3.02192e-05 0.0265867 0.651701 0.033558 0.0134022 
0.0238393 0.000271601 0.149836 0.0431765 0.000798241 0.00598592 0.0420633 0.020259 0.064839 0.648931 
0.00659653 8.30213e-07 0.068403 0.0120075 0.000213026 1.68776e-06 0.00414745 0.184583 0.561817 0.16223 
0.313254 1.14176e-05 0.0106287 0.0202048 5.40883e-05 1.48206e-05 0.0036543 0.00479424 0.515872 0.131512 
0.0590088 3.42737e-10 0.351653 0.000726937 0.000315966 4.96289e-06 0.0037544 0.0626569 0.144403 0.377476 
0.00616476 7.10008e-06 0.0800929 0.0105934 0.0061716 0.00930252 0.0787531 0.542705 0.0707781 0.195432 
0.0455065 2.41868e-06 0.130718 0.0220295 2.42027e-06 2.41889e-06 0.0331626 0.00702171 0.663512 0.0980423 
0.000102188 1.62527e-11 0.0201882 0.060891 6.63828e-10 6.1849e-09 0.00514852 0.000791215 0.908943 0.00393606 
0.00247113 2.88812e-10 0.0643827 2.43889e-07 2.90713e-06 1.57433e-07 2.81906e-06 0.259642 0.567212 0.106286 
0.000942647 3.4993e-05 0.0797275 0.015609 0.000919521 0.00506789 0.0223798 0.730818 0.0388094 0.105691 
0.00013349 9.86623e-10 3.28018e-05 7.62881e-06 8.22173e-06 2.14856e-06 0.127338 0.872263 5.98858e-06 0.000208615 
0.0115978 0.000166575 0.132696 0.0234255 0.00521151 0.0282585 0.0407381 0.0814292 0.0603945 0.616082 
0.00833179 4.23741e-06 0.0267433 0.0272811 0.255342 0.00419352 0.000233056 0.661 0.0051493 0.0117208 
0.000956249 2.76678e-10 0.543797 0.00459509 0.000738427 6.58423e-06 0.0330758 0.0657004 0.0516674 0.299463 
0.000763372 1.04072e-09 0.174706 0.00950828 7.50302e-07 1.79396e-05 0.0129521 0.334556 0.314601 0.152895 
0.000191753 2.6417e-08 0.974622 2.66246e-05 4.12242e-05 0.00127423 0.00154489 0.00298453 0.00468708 0.0146272 
0.000769015 3.43545e-07 0.0150181 0.00556077 0.0109327 1.41493e-06 0.819509 0.123761 0.0212684 0.00317996 
0.42501 0.000447365 0.0251968 0.0356467 0.0182712 0.00179039 0.0716853 0.052547 0.308685 0.0607207 
0.054778 0.000479635 0.0699207 0.0301029 0.00200687 0.000584287 0.0505369 0.0654726 0.272053 0.454065 
0.00298687 1.5353e-05 0.216813 0.532722 0.0135789 0.000454649 0.0601818 0.00515345 0.0216312 0.146462 
0.0112357 0.000541831 0.175989 0.0304357 0.0135108 0.0381418 0.000822701 0.492208 0.0859659 0.151148 
0.0245788 5.64771e-08 0.191855 0.00387226 0.00090981 1.43186e-05 0.000440381 0.233792 0.110963 0.433575 
0.00403714 3.83238e-06 0.0411278 0.0062133 1.8216e-05 0.000108511 0.819628 0.000723229 0.00270906 0.125431 
0.0130681 1.64837e-06 0.0592915 0.00594261 6.74284e-05 4.96914e-05 0.0194761 0.425619 0.183546 0.292938 
0.000752713 3.94638e-05 0.083868 0.0249757 5.87149e-05 0.000239104 0.0825856 0.705014 0.0234855 0.0789813 
0.00747702 2.85274e-07 0.0965145 0.0820595 2.78354e-05 1.36426e-05 0.0234112 9.04777e-05 0.00556035 0.784845 
0.000585293 6.98954e-06 0.0106765 0.0777766 1.98305e-05 0.000151649 0.00632775 0.810024 0.0784308 0.0160005 
0.00290197 9.82633e-05 0.0608981 0.216282 0.187863 0.00117278 0.00242811 0.45455 0.00688269 0.0669235 
0.0241635 1.00999e-05 0.011584 0.0125404 0.000136695 0.000184035 0.402103 0.00277489 0.0170558 0.529447 
0.0136373 1.03556e-08 0.196157 0.000105146 0.000299189 1.09002e-08 3.89605e-05 0.127154 0.204011 0.458597 
0.00149097 0.000421346 0.0984694 0.0487183 0.00125821 0.00319685 0.403555 0.0196362 0.0235849 0.399669 
0.0111317 4.68685e-06 0.244347 0.0864619 0.000152024 2.23557e-05 0.0315927 0.137467 0.110758 0.378063 
0.000284413 8.04785e-06 0.0127984 0.0949569 0.000221429 2.335e-05 0.0397256 0.00413715 0.219251 0.628594 
0.0210783 3.33201e-07 0.0142372 0.0183021 9.74562e-05 0.000275514 0.0238301 0.558503 0.0166628 0.347013 
0.268862 3.53191e-07 0.192837 0.0148717 0.000215867 3.02208e-05 0.00468189 0.0110156 0.425836 0.0816492 
0.0810969 1.04716e-06 0.0160236 0.000660963 0.00116653 0.00627806 0.178484 0.498407 0.0277732 0.190109 
0.00203271 1.47014e-05 0.01815 0.449867 0.015124 0.138422 0.0199255 0.0563243 0.00371816 0.296422 
0.00593691 7.79224e-05 0.252579 0.0156401 0.00131507 0.000106602 0.0551931 0.0845781 0.0599374 0.524636 
0.257347 7.39822e-08 0.000984698 0.0124837 1.49615e-05 1.34013e-07 0.0204011 0.000430599 0.585019 0.123319 
3.42022e-05 5.08557e-06 0.025254 0.0282614 3.54742e-05 4.56652e-05 0.0184725 0.813687 0.0208658 0.0933388 
0.000850719 2.90874e-05 0.0151325 0.00660355 0.0114087 0.000269391 0.792061 0.125985 0.042111 0.00554825 
2.77196e-07 1.87113e-10 4.74183e-07 9.59806e-06 5.56837e-05 2.20794e-07 0.00350187 0.521892 0.18816 0.28638 
0.000642312 7.79762e-05 0.114599 0.000189166 0.000386022 0.00130793 0.0266501 0.680629 0.0771602 0.0983584 
0.00307505 0.00101757 0.344759 0.152186 0.0342772 0.00252125 0.206057 0.00870652 0.016247 0.231153 
0.0178464 0.000473111 0.281726 0.131982 0.00226737 0.00270119 0.143907 0.0266975 0.0904121 0.301988 
0.0223743 3.43979e-06 0.00995454 0.00245829 0.000368865 3.27853e-05 0.0367142 0.00572304 0.00129192 0.921079 
2.04888e-05 9.07211e-06 0.943765 0.00977007 2.6859e-05 2.47494e-05 8.08076e-05 0.0185188 0.000207674 0.0275764 
0.00236966 6.60055e-06 0.540484 0.0358948 0.00360937 0.000194276 0.100639 0.0264164 0.0582108 0.232174 
1.63847e-06 1.86915e-10 7.89782e-06 1.55072e-07 1.43984e-07 6.6134e-07 5.08769e-06 1.34866e-06 2.00322e-06 0.999981 
0.0353907 2.06527e-08 0.0593209 0.0272581 5.83615e-05 2.1131e-07 0.0037947 0.0829866 0.0432053 0.747985 
0.00965263 2.30236e-07 0.197931 0.0160195 0.000304289 1.3131e-06 0.000442925 0.348693 0.282561 0.144394 
0.00833179 4.23741e-06 0.0267433 0.0272811 0.255342 0.00419352 0.000233056 0.661 0.0051493 0.0117208 
0.0146755 0.000110683 0.82896 0.117628 0.000460381 0.00019553 0.00524458 0.0169017 0.00692003 0.00890339 
0.010592 0.00285922 0.487634 0.189058 0.00592407 0.0035583 0.0611058 0.028929 0.0312855 0.179054 
0.00215886 0.000337841 0.146829 0.00567599 0.000359896 0.0161305 0.0297379 0.478147 0.153335 0.167288 
0.00833179 4.23741e-06 0.0267433 0.0272811 0.255342 0.00419352 0.000233056 0.661 0.0051493 0.0117208 
0.0330117 8.24736e-07 0.21357 0.12834 1.94754e-06 4.28242e-06 0.00990041 0.0110562 0.231192 0.372922 
0.00500277 0.000101181 0.107127 0.0115506 0.000846162 0.115507 0.102095 0.0114542 0.0174097 0.628906 
0.0135889 2.33846e-08 0.0759385 0.305939 0.00194957 0.010328 0.0162504 0.334392 0.18277 0.0588445 
4.23823e-05 1.54324e-05 0.358663 0.014475 3.26032e-05 0.000424366 0.0186703 0.0207289 0.0016749 0.585273 
0.0078202 3.14652e-08 0.177998 0.00431654 0.000137832 2.47165e-05 0.121497 0.0136292 0.00540253 0.669173 
0.00151274 5.38649e-07 0.109893 0.390573 0.00980498 2.12432e-05 0.0426131 0.36377 0.000305724 0.081505 
0.0258647 4.32139e-06 0.0176775 0.0396557 0.000628567 9.06205e-06 0.016675 0.0124243 0.0387011 0.84836 
0.00235755 3.64423e-06 0.229684 0.0594508 0.000127689 4.72787e-06 0.00307904 0.10677 0.0708241 0.527698 
0.0217801 6.8441e-08 0.312189 0.00893853 6.8486e-08 6.84469e-08 0.00384242 0.0432865 0.331713 0.27825 
0.0366828 0.000311617 0.296514 0.00123747 0.000527264 0.000518811 0.0456831 0.0781937 0.139547 0.400785 
3.8809e-05 1.18919e-05 0.209533 0.346903 0.00316041 0.00174067 0.00535818 0.233266 0.183947 0.0160401 
0.055283 0.000240365 0.0405746 0.0238917 0.000280804 0.000582079 0.0403666 0.0372598 0.703446 0.0980753 
0.0187296 0.000373839 0.0398685 0.739125 0.0250904 0.00532932 0.0965565 0.0440878 0.0161338 0.0147058 
0.121194 3.27777e-05 0.114046 0.0241014 0.000737143 0.000124956 0.0182464 0.257964 0.234723 0.22883 
0.000698536 1.51817e-06 0.065428 0.044636 2.86446e-05 1.75418e-06 0.00565527 0.511031 0.00384687 0.368672 
0.000326096 8.52018e-06 0.138677 0.4092 2.45596e-05 0.000280458 0.00812947 0.251117 0.0774701 0.114766 
0.0288006 2.92212e-08 0.0439204 0.00578157 0.000121173 6.5596e-06 0.472726 0.0165716 0.0147854 0.417286 
0.0126488 1.3366e-05 0.185778 0.0754638 0.000352557 3.40154e-05 0.0291733 0.217203 0.100654 0.378679 
3.46377e-05 7.5223e-06 0.000111571 6.32957e-05 0.000239131 0.998642 0.000170752 0.000582427 2.85759e-05 0.000119712 
0.0389826 0.000310182 0.0979777 0.0308731 0.000416583 0.00147273 0.00705294 0.359217 0.0602309 0.403466 
3.35536e-06 2.35031e-07 0.0261603 0.000594079 0.000162027 0.000171369 0.00515202 0.819826 0.0148162 0.133114 
7.14475e-05 1.12999e-07 0.00142544 1.79365e-06 3.67097e-05 8.06325e-06 0.00014455 0.991685 0.00286005 0.00376719 
0.00460237 0.000633175 0.318742 0.185776 0.0147348 0.00103926 0.0247356 0.165587 0.113619 0.170531 
0.0122035 2.43647e-05 0.101437 0.00821588 0.000266381 0.000283152 0.0844285 0.00972024 0.00989728 0.773523 
0.00175207 7.16403e-05 0.130173 0.00553222 0.000316352 0.000903784 0.443038 0.196978 0.0576727 0.163562 
0.0021099 4.66663e-08 0.0644178 0.0453824 0.000239863 0.000207369 0.0514629 0.2053 0.235186 0.395694 
0.00110314 2.322e-09 0.031761 0.0323498 0.0373929 0.000461029 0.00175734 0.0813508 0.418337 0.395487 
0.0135568 1.91529e-06 0.0885487 0.0592829 2.62425e-06 0.00246303 0.00265379 0.315485 0.163228 0.354777 
0.0077464 5.56753e-09 0.0040909 0.0501874 1.61062e-06 1.97964e-06 0.0583234 0.859382 0.00385268 0.0164135 
0.00832854 1.2116e-08 0.320229 0.00287177 3.66236e-05 4.3664e-05 0.394244 0.00228073 0.05174 0.220226 
0.0338051 1.31489e-05 0.0162086 0.017543 0.000189408 0.000248197 0.303311 0.0038773 0.0238682 0.600936 
4.3947e-05 8.01572e-12 0.0442292 0.185367 1.03356e-08 4.6206e-06 0.0129843 4.9937e-09 0.00554629 0.751824 
0.0113594 6.37383e-06 0.180975 0.0990467 0.00031156 7.98163e-05 0.0204444 0.00628579 0.0302091 0.651281 
3.46377e-05 7.5223e-06 0.000111571 6.32957e-05 0.000239131 0.998642 0.000170752 0.000582427 2.85759e-05 0.000119712 
0.0177501 0.00107703 0.14728 0.0482283 0.00513117 0.0138842 0.0393872 0.032128 0.0693481 0.625786 
5.02675e-06 2.0672e-07 0.14304 0.0153398 0.00390736 0.00603494 0.0167341 0.526445 0.0162151 0.272278 
0.00490515 5.99724e-06 0.126712 0.622634 0.000104186 2.02171e-05 0.00452525 0.0171999 0.136761 0.0871327 
6.34437e-05 4.18582e-06 0.0141447 0.0151293 6.87717e-06 0.0228478 0.859122 0.0833221 0.00139464 0.00396498 
0.0592012 0.00148053 0.1749 0.0112281 0.243648 0.00791938 0.00416681 0.162576 0.0636099 0.271271 
4.10033e-05 2.10281e-05 0.0290552 0.0643439 0.0115131 0.0435112 0.00866174 0.655617 0.121124 0.0661113 
0.00192078 0.000111481 0.0435862 0.00635898 0.00280052 0.000835642 0.00764677 0.0319405 0.00303267 0.901766 
0.000180746 2.37673e-08 0.0582579 0.00286759 9.10306e-07 2.24781e-07 3.07177e-06 0.855742 0.0761748 0.00677305 
0.00766232 8.10633e-05 0.201902 0.0212013 0.00342886 0.000104317 0.00708409 0.0286143 0.00222556 0.727696 
0.00918323 0.000426179 0.312862 0.0158149 0.000671259 0.00709584 0.133487 0.0589561 0.0237765 0.437727 
0.0102185 4.13003e-06 0.00630677 0.00260958 0.000261026 0.000454615 0.906623 0.0197752 0.0113676 0.0423798 
3.46377e-05 7.5223e-06 0.000111571 6.32957e-05 0.000239131 0.998642 0.000170752 0.000582427 2.85759e-05 0.000119712 
0.000946119 2.11344e-05 0.141167 0.159148 0.000225789 0.000168271 0.0409417 0.0197473 0.0306526 0.606982 
0.0101025 8.65429e-06 0.167068 0.0558999 0.000436743 0.00267377 0.349383 0.23769 0.0570828 0.119654 
0.00595424 0.000276969 0.278642 0.235568 0.0820727 0.00212469 0.00593277 0.303572 0.00899119 0.0768656 
0.0139523 2.62784e-07 0.0505132 0.043898 0.000852204 5.22312e-06 0.0217216 0.535609 0.319621 0.0138271 
4.73857e-05 1.75434e-05 0.0803965 0.000563139 7.29716e-05 0.00610826 0.00653616 0.725014 0.0927864 0.088458 
0.000972169 1.49539e-06 0.0175862 0.0510285 0.000365834 0.000161783 0.0303563 0.803741 0.0831671 0.0126197 
6.01097e-06 1.1309e-07 0.0546979 0.00668586 3.11797e-06 5.52195e-05 0.464273 0.10923 0.0283423 0.336707 
0.0022835 1.11738e-05 0.0572633 0.169445 0.0400153 0.00131548 0.0171957 0.369423 0.30049 0.0425579 
0.000769015 3.43545e-07 0.0150181 0.00556077 0.0109327 1.41493e-06 0.819509 0.123761 0.0212684 0.00317996 
0.0225243 7.58062e-05 0.132635 0.0312949 0.000470831 0.000968342 0.0141444 0.395614 0.284313 0.11796 
0.000114665 1.66262e-05 0.0607811 0.0146088 0.00252829 0.0180136 0.257345 0.495317 0.0227104 0.128565 
0.00463184 3.51631e-06 0.117919 0.0875813 2.09058e-05 0.00029532 0.00423127 0.0581772 0.0161008 0.711038 
0.0128784 0.000138516 0.116445 0.0067392 0.00656278 0.00114875 0.0505467 0.423759 0.327612 0.05417 
0.0252081 5.17797e-05 0.0170638 0.496091 0.00348688 0.00121509 0.0437544 0.0587253 0.0260626 0.328341 
0.000939382 1.44194e-05 0.18611 0.0870261 0.000631805 3.02192e-05 0.0265867 0.651701 0.033558 0.0134022 
0.00363844 0.000439303 0.619739 0.0403208 0.00353187 0.00210653 0.00688165 0.280672 0.0111217 0.0315482 
0.0100006 2.44902e-07 0.0060831 0.000239262 1.46948e-05 4.85731e-06 0.00629859 0.0347921 0.774842 0.167724 
2.43279e-05 8.43397e-06 0.0289156 0.203898 0.118115 0.000187119 0.0449536 0.0010916 0.0139996 0.588807 
0.000979378 0.00034679 0.0909374 0.0150757 0.0370634 0.00223138 0.0536173 0.535993 0.0316172 0.232139 
0.0013437 2.53808e-07 0.362357 0.0447885 0.000580715 0.00043583 0.00556986 0.15988 0.018844 0.4062 
0.0791797 9.53907e-06 0.118969 0.0122482 0.000984939 3.8031e-05 0.357924 0.0131344 0.0153792 0.402133 
0.00111574 0.00077975 0.203997 0.00887484 0.0100696 0.000998434 0.0728982 0.0670648 0.00763554 0.626566 
2.13689e-05 1.03848e-06 0.283713 0.0189962 7.10569e-05 0.000108446 0.0416876 0.0153102 0.017065 0.623026 
3.68857e-05 3.68591e-05 3.68893e-05 0.302515 3.68833e-05 3.68622e-05 3.68861e-05 0.619722 0.077505 3.68905e-05 
0.193875 1.32024e-10 0.4544 7.91598e-07 0.00102123 1.01152e-07 0.011868 0.0514015 0.280537 0.00689702 
0.279992 2.04465e-07 0.0467792 0.00881949 0.0013301 2.04483e-07 0.0691803 0.0121748 0.183721 0.398003 
0.00509768 8.74224e-08 0.383368 0.00710276 0.000559259 0.00312717 0.000554489 0.376556 0.12109 0.102545 
0.0051927 1.80015e-05 0.133176 0.0778349 0.000181758 0.000216903 0.316449 0.0391764 0.0195918 0.408162 
5.32393e-05 1.63585e-06 0.195391 0.000158084 0.00070783 3.48494e-06 0.0020967 0.0162614 0.0360858 0.749241 
0.00174997 4.34553e-06 0.326235 0.00616521 2.71001e-05 3.18471e-05 0.167943 0.0130216 0.0412623 0.44356 
0.000617124 7.78048e-05 0.59793 0.0575309 0.00105035 0.000129999 0.0872125 0.088768 0.0437123 0.122971 
0.000258517 1.33733e-05 0.248686 0.252744 0.000165184 0.000226436 0.0308217 0.148133 0.0918295 0.227123 
0.0312387 3.26397e-06 0.0741272 0.0128938 0.000299126 0.00617684 0.00105858 0.0251334 0.724032 0.125037 
2.13298e-06 5.96453e-07 0.0286385 1.19156e-06 7.99707e-07 4.40035e-06 0.768623 0.189162 0.000127547 0.0134402 
7.14475e-05 1.12999e-07 0.00142544 1.79365e-06 3.67097e-05 8.06325e-06 0.00014455 0.991685 0.00286005 0.00376719 
0.0282473 3.27893e-06 0.0839215 0.0234718 0.000215312 9.97422e-06 0.161433 0.000774626 0.0111521 0.690771 
0.000166162 0.000137957 0.768627 0.0203286 0.000347927 0.0238255 0.0965625 0.0193838 0.00217947 0.0684413 
0.00833179 4.23741e-06 0.0267433 0.0272811 0.255342 0.00419352 0.000233056 0.661 0.0051493 0.0117208 
8.47739e-05 6.82299e-07 0.0497809 7.665e-05 0.00717803 0.000184116 0.0177716 0.838706 0.0519572 0.0342603 
0.0165377 0.000676326 0.425958 0.0762871 0.00542477 0.000847361 0.0378639 0.0394438 0.0680655 0.328896 
0.000850719 2.90874e-05 0.0151325 0.00660355 0.0114087 0.000269391 0.792061 0.125985 0.042111 0.00554825 
0.00929559 0.000411382 0.0614918 0.0135668 0.00205367 0.122064 0.0150192 0.626425 0.0278179 0.121855 
0.000396475 2.72223e-09 0.54975 0.0290114 9.7884e-06 4.95088e-07 0.00111753 0.00037341 0.0311098 0.388231 
0.0121827 1.46656e-06 0.327166 0.115216 0.000294974 1.46669e-06 1.46764e-06 0.0438838 0.33304 0.168212 
0.00628098 0.00316943 0.044851 0.400599 0.0216279 0.0686064 0.0138933 0.234921 0.0120694 0.193982 
0.0264886 1.25373e-08 0.00182132 0.00135195 0.0077183 0.000623439 0.000445447 0.921036 0.0395008 0.00101375 
0.00415291 5.89219e-08 0.0145096 0.00302011 1.44454e-05 1.66173e-05 0.811798 0.0474885 0.00417449 0.114825 
0.167821 0.000148582 0.0262215 0.038067 0.000742449 0.000610755 0.00209464 0.0490845 0.618001 0.0972086 
0.00170769 6.54876e-11 0.0151325 1.03309e-06 0.00352176 9.38529e-07 0.108903 0.746323 0.0852066 0.0392032 
0.000356396 3.39328e-11 0.0352139 0.0199529 4.51573e-05 1.02363e-08 0.0137725 0.01247 0.747606 0.170583 
1.16166e-07 5.31128e-10 0.00303855 0.00784445 0.000104814 0.890998 0.000448435 0.0665952 0.022483 0.00848703 
0.00429812 4.02106e-06 0.0495093 0.0132179 0.000165841 6.82988e-05 0.00737009 0.626154 0.131574 0.167639 
0.00273648 1.83398e-07 0.0783574 0.0719957 1.03033e-05 1.88615e-06 0.00279844 0.00547041 0.783327 0.0553018 
0.000417183 2.5798e-07 0.000369993 0.335492 0.474733 8.92215e-06 0.00621856 0.00551587 0.107024 0.0702197 
0.000175512 1.70343e-11 0.0166791 0.0478865 1.6024e-10 7.60379e-10 0.00462386 0.000652552 0.926658 0.00332416 
0.000861468 5.59281e-05 0.250369 0.0652899 0.000114677 0.000940871 0.106278 0.0869849 0.0529595 0.436146 
0.0237928 7.64216e-05 0.337167 0.0247388 0.00294542 0.000590139 0.340039 0.0370115 0.054247 0.179393 
0.00123456 0.00123367 0.00123468 0.00123463 0.00123448 0.00123377 0.00123457 0.98889 0.00123469 0.00123472 
0.0568563 7.72198e-05 0.275 0.0502589 0.0114187 0.00523982 0.112936 0.0771105 0.178006 0.233097 
0.00148927 0.00145085 0.0422109 0.130588 0.240674 0.0102665 0.026079 0.211875 0.0223181 0.313048 
0.0187336 0.000514073 0.0486729 0.00466077 0.00643162 0.000861258 0.0139376 0.0149879 0.0555442 0.835656 
0.0122744 0.000510645 0.404146 0.0283174 0.00327325 0.0133979 0.0533461 0.136917 0.0756706 0.272147 
0.00263714 7.68368e-05 0.0847096 0.0225661 0.00112702 0.00189398 0.0579951 0.0404306 0.00309716 0.785466 
0.000102522 1.59739e-07 0.042028 0.00227179 0.00203127 6.93594e-07 8.4043e-07 0.902198 0.0183285 0.0330378 
0.00115499 5.31062e-08 0.00640166 0.429644 0.00314399 1.34479e-06 0.00261874 0.000202414 0.0230491 0.533783 
0.0977311 1.03634e-06 0.121501 0.0128573 3.86154e-06 2.15398e-05 0.0435393 0.372765 0.162156 0.189424 
0.0194893 2.82146e-05 0.109945 0.0656901 0.000322005 0.00593617 0.0654588 0.510675 0.046318 0.176137 
0.0218671 0.000421188 0.308745 0.0223497 0.00131942 0.000617171 0.0207187 0.160005 0.178361 0.285596 
0.00786806 0.00114779 0.11857 0.500591 0.0109036 0.00208284 0.0207027 0.0503446 0.0545827 0.233206 
0.00132893 0.000849756 0.0488528 0.0408384 0.000937156 0.001224 0.0104998 0.832701 0.011188 0.0515803 
0.0163644 5.58174e-06 0.0988268 0.0194048 0.000392863 9.64702e-06 0.0777075 0.00970691 0.00958885 0.767993 
0.011348 3.17124e-06 0.0975525 0.0104955 0.000170207 0.000293928 0.24652 0.0395453 0.0083333 0.585738 
0.00628098 0.00316943 0.044851 0.400599 0.0216279 0.0686064 0.0138933 0.234921 0.0120694 0.193982 
0.0380259 6.98498e-06 0.0899624 0.00836133 0.0578289 0.0574774 0.35563 0.0821033 0.160105 0.150498 
0.0264886 1.25373e-08 0.00182132 0.00135195 0.0077183 0.000623439 0.000445447 0.921036 0.0395008 0.00101375 
0.315376 0.000100339 0.0504164 0.113709 0.0011942 0.000193963 0.0074513 0.0386794 0.230076 0.242804 
0.00120483 0.000405554 0.023206 0.0269586 0.0013063 0.00480532 0.0309091 0.773574 0.0395116 0.0981186 
0.000417183 2.5798e-07 0.000369993 0.335492 0.474733 8.92215e-06 0.00621856 0.00551587 0.107024 0.0702197 
0.00308101 6.17368e-05 0.403209 0.0014813 0.000247804 0.00196204 0.117047 0.0593116 0.0306561 0.382942 
0.000769015 3.43545e-07 0.0150181 0.00556077 0.0109327 1.41493e-06 0.819509 0.123761 0.0212684 0.00317996 
0.00486249 0.000116189 0.0768204 0.0270514 0.0258307 0.0608056 0.0156036 0.632348 0.0611843 0.0953777 
0.0154895 1.06999e-06 0.00522122 0.00625849 0.00151643 1.85285e-06 0.0075643 0.00181404 0.00234023 0.959793 
3.55252e-06 5.16043e-07 0.0189979 1.91041e-05 0.0106641 3.15586e-05 0.0730684 0.720628 0.000161948 0.176425 
0.00227783 0.000300012 0.0535518 0.0297193 0.00481684 0.065033 0.0559097 0.589492 0.0118912 0.187008 
0.00905269 7.95564e-06 0.0274304 0.100686 0.113201 2.88445e-05 0.0113661 0.0183653 0.047827 0.672035 
0.00955998 4.70796e-07 0.299879 0.439818 0.00178658 0.000138001 0.0756533 0.0921703 0.0181352 0.062859 
0.0158375 5.1314e-06 0.0422126 0.020017 0.000424526 1.06783e-05 0.0631015 0.0134789 0.0317821 0.81313 
8.03726e-06 8.03147e-06 0.228289 0.274897 0.0184925 8.03215e-06 0.0490357 0.0546619 8.03812e-06 0.374592 
0.260015 1.04111e-05 0.0161343 0.00335024 0.000837945 1.98725e-05 0.00196491 0.148519 0.0652527 0.503895 
0.0022552 5.26906e-05 0.285173 0.0194347 0.000157338 0.000109702 0.0330061 0.256228 0.12033 0.283254 
0.0178811 0.000639071 0.415524 0.032138 0.000829137 0.00447091 0.150994 0.297795 0.042555 0.0371735 
0.0223054 6.36523e-05 0.00100305 0.130497 0.0017286 8.66219e-05 0.0915351 0.0227991 0.0412413 0.68874 
0.00422168 4.42635e-05 0.0630069 0.0170273 0.000167195 0.000242081 0.0637845 0.337628 0.329576 0.184302 
0.00442144 1.63937e-05 0.358986 0.0051891 0.00184143 0.00203696 0.00628754 0.390883 0.136308 0.0940308 
0.00810158 1.57853e-06 0.0143361 0.0162372 8.29718e-05 5.73963e-06 0.000659931 0.00653363 0.904216 0.0498253 
0.0135962 6.56632e-05 0.0441765 0.195144 0.0015973 0.00107833 0.285822 0.0229643 0.0575033 0.378053 
3.00986e-06 3.38038e-07 0.00733997 0.00013763 0.00138269 8.0549e-05 0.0931303 0.106279 4.80576e-05 0.791598 
7.89002e-05 2.08249e-09 0.0750828 0.0785991 0.000672756 0.0027434 0.125368 0.700726 0.000617732 0.0161114 
0.000466002 6.3254e-09 0.0675174 0.0919766 0.000104384 7.4714e-06 0.0169269 0.40733 0.249143 0.166528 
3.46377e-05 7.5223e-06 0.000111571 6.32957e-05 0.000239131 0.998642 0.000170752 0.000582427 2.85759e-05 0.000119712 
0.00217802 6.54085e-05 0.219694 0.00664513 0.000661236 0.00260188 0.0966238 0.115314 0.00447841 0.551738 
0.128636 0.000717345 0.0901166 0.0232831 0.00274946 0.0662409 0.000792104 0.333754 0.325253 0.028458 
0.00297846 2.1471e-10 0.15668 0.000423207 6.34721e-06 7.5111e-09 0.00069082 0.00654197 0.117099 0.715581 
2.09753e-06 3.30607e-11 0.338951 0.000398945 1.19219e-06 1.11245e-08 0.282192 0.000215907 0.00040577 0.377834 
0.0137308 5.57738e-07 0.236731 0.0605621 0.00122839 5.57786e-07 0.0632386 0.1243 0.250464 0.249744 
0.00359482 2.40969e-06 0.174681 0.0050877 2.83534e-05 6.82127e-05 0.00983827 0.00956584 0.0142012 0.782933 
0.000407692 7.20012e-08 0.00622268 0.00470657 1.56497e-07 1.24376e-07 0.00720585 0.0215386 0.0397549 0.920163 
0.0010236 3.58215e-12 0.38345 0.0612769 1.44414e-05 0.000128482 0.00476742 0.0158072 0.134303 0.399229 
0.0131591 0.000176314 0.310339 0.022038 0.014221 0.000254958 0.0017554 0.0893645 0.0268538 0.521838 
0.00909339 1.19794e-05 0.119459 0.00338029 5.12554e-05 7.16919e-05 0.0551106 0.0292138 0.0229928 0.760616 
0.00136787 5.42964e-07 0.623279 0.00389418 2.44671e-05 1.38803e-06 0.0125861 0.00676971 0.0298631 0.322214 
0.00731315 0.000664324 0.298461 0.123276 0.00125932 0.00757592 0.00877213 0.058559 0.0516459 0.442474 
7.2221e-05 1.59666e-08 0.0991687 0.36272 3.34953e-05 0.000585294 0.0601143 3.03713e-05 0.0357245 0.441551 
0.0051927 1.80015e-05 0.133176 0.0778349 0.000181758 0.000216903 0.316449 0.0391764 0.0195918 0.408162 
0.000697979 1.16829e-10 6.5112e-07 4.8283e-07 1.51041e-07 2.37368e-06 3.35628e-06 0.667708 0.20683 0.124757 
0.000342244 4.6368e-09 0.147533 0.00542483 6.18114e-06 1.38795e-07 0.000210171 0.10313 0.312417 0.430937 
0.00833179 4.23741e-06 0.0267433 0.0272811 0.255342 0.00419352 0.000233056 0.661 0.0051493 0.0117208 
0.0264728 0.0123205 0.361282 0.276992 0.0315431 0.0198487 0.0408294 0.0465558 0.0510877 0.133068 
0.000275696 5.19231e-08 0.425331 8.74691e-08 1.84284e-07 6.02965e-08 0.0515163 0.176149 0.00606824 0.340659 
0.00595424 0.000276969 0.278642 0.235568 0.0820727 0.00212469 0.00593277 0.303572 0.00899119 0.0768656 
6.92318e-06 2.25083e-06 0.0547566 0.026749 0.833626 0.0497836 0.00353141 0.00243863 3.28983e-05 0.0290731 
6.20093e-05 4.53516e-11 0.00157453 0.0120665 5.35842e-06 9.08781e-09 0.00239277 0.0498601 0.882899 0.0511397 
0.00313039 6.33936e-08 0.00422916 0.000138282 3.55022e-05 0.000796711 0.00392151 0.867563 0.070069 0.0501164 
0.0353079 4.65701e-06 0.0505925 0.00529641 2.21389e-05 1.999e-05 0.869586 0.00966843 0.0103071 0.0191951 
2.18987e-05 7.92029e-08 0.0359325 0.307238 0.0115826 5.23734e-06 0.0051907 0.187917 0.00120733 0.450905 
3.46377e-05 7.5223e-06 0.000111571 6.32957e-05 0.000239131 0.998642 0.000170752 0.000582427 2.85759e-05 0.000119712 
0.0134211 1.26252e-05 0.418389 0.00933906 0.00402838 0.00024063 0.0352928 0.27645 0.0155756 0.227251 
9.21923e-05 1.73211e-06 0.662744 0.00951753 4.23505e-05 9.33323e-06 0.0497498 0.161358 0.0551401 0.0613449 
0.0563379 4.97613e-05 0.0169622 0.00749288 0.000897367 0.000526576 0.0416758 0.536425 0.278516 0.0611174 
0.0130837 7.50002e-08 0.124925 0.078013 1.21017e-07 0.000260452 0.000316028 0.698201 0.0789823 0.00621777 
0.0110855 0.000617303 0.104971 0.231469 0.00878975 0.00234046 0.2291 0.00492548 0.0631009 0.3436 
1.59449e-05 1.59334e-05 1.59465e-05 1.59458e-05 1.59439e-05 1.59348e-05 1.59451e-05 0.157872 0.63469 0.207326 
3.46377e-05 7.5223e-06 0.000111571 6.32957e-05 0.000239131 0.998642 0.000170752 0.000582427 2.85759e-05 0.000119712 
0.00477267 0.000164027 0.645426 0.0603298 0.020898 0.00022248 0.0286362 0.0914963 0.0848751 0.0631797 
0.00112748 0.000469241 0.188076 0.0582289 0.00162197 0.00060479 0.0253489 0.146927 0.0992873 0.478309 
0.00226346 1.64865e-05 0.000642379 0.0168388 0.122596 0.0011268 0.000153867 0.820779 0.0306834 0.00489952 
0.000635338 3.41977e-07 0.0455 0.32943 5.97199e-05 3.19226e-06 0.3785 0.132754 0.0364436 0.0766742 
3.18902e-05 4.32815e-08 0.0350818 0.000947603 8.21253e-06 2.45443e-07 3.02201e-05 0.92925 0.0126773 0.0219727 
0.00426988 6.13063e-06 0.263712 0.00436024 0.000345849 0.000192807 0.0443713 0.430274 0.0837629 0.168704 
0.00043007 1.89822e-08 0.0004421 0.729065 0.0147068 1.98398e-07 0.0921651 0.000594653 0.104695 0.0579007 
0.00623832 1.13438e-05 0.107841 0.00577925 0.00415315 0.000290071 0.00998984 0.0534896 0.00533487 0.806872 
0.0337542 0.000213795 0.312792 0.00453116 0.0691596 0.000266036 0.0190756 0.152362 0.183211 0.224635 
0.0082042 4.529e-07 0.0132114 0.0314322 0.000634146 2.22984e-06 0.0421678 0.00415515 0.0302226 0.86997 
0.0574234 1.97338e-05 0.237086 0.0230113 0.000121368 4.29676e-05 0.0460583 0.0431142 0.395499 0.197624 
8.59042e-06 2.18792e-10 0.00255772 1.52741e-05 4.86789e-06 5.55838e-07 0.466575 0.0189245 0.511894 1.95314e-05 
0.0430709 3.40392e-05 0.120459 0.0313829 0.00898625 5.75596e-05 0.171182 0.0858089 0.221774 0.317244 
0.000810305 2.21854e-07 0.0154043 0.0233438 3.25893e-05 6.14067e-07 0.000337922 0.0188519 0.937248 0.0039701 
0.00195085 4.46328e-10 0.0236865 0.919622 3.91409e-05 1.37747e-07 0.00832032 0.0275496 0.0153152 0.00351627 
0.057411 5.61905e-06 0.0210397 0.0280401 0.0136399 6.59677e-06 0.144851 0.688847 0.0228794 0.0232794 
5.65046e-06 1.62364e-08 0.336351 1.13282e-07 1.76268e-05 1.18154e-05 0.019434 0.0366243 0.00903754 0.598518 
4.34035e-05 3.00019e-08 0.146768 0.2934 2.01827e-05 0.000353764 0.0693401 1.82738e-05 0.0214352 0.468621 
0.00189312 3.1917e-05 0.176255 0.0339112 0.00283883 0.000172938 0.0299003 0.0607128 0.0162042 0.67808 
0.00128564 1.70104e-05 0.248556 0.0193748 0.00357952 0.000262318 0.0177985 0.361461 0.121007 0.226658 
0.0122182 5.09813e-05 0.0409565 0.000660439 0.00034091 0.00504585 0.000738749 0.813392 0.067161 0.0594358 
0.00833179 4.23741e-06 0.0267433 0.0272811 0.255342 0.00419352 0.000233056 0.661 0.0051493 0.0117208 
0.0135909 4.35225e-06 0.113255 0.0656043 3.47656e-05 4.99796e-05 0.188451 0.16188 0.152219 0.304912 
0.0041028 2.88775e-06 0.188493 0.0825155 0.000192269 0.000115349 0.0405886 0.124452 0.047906 0.511632 
0.460353 4.90951e-07 0.170156 0.0106132 0.00235861 4.90993e-07 0.0721248 0.0806244 0.100679 0.103089 
0.00317386 3.25738e-05 0.277832 0.0707883 0.00098943 0.104405 0.00596824 0.455389 0.0163374 0.065084 
0.0158871 0.00252343 0.0661118 0.199343 0.00598479 0.108123 0.035005 0.0534343 0.172424 0.341163 
0.000769015 3.43545e-07 0.0150181 0.00556077 0.0109327 1.41493e-06 0.819509 0.123761 0.0212684 0.00317996 
0.0013633 6.5744e-06 0.0925056 0.00605328 0.000373782 3.36045e-05 0.0012645 0.51086 0.361065 0.0264738 
0.00264946 9.40192e-06 0.163255 0.0107265 1.80151e-05 0.000183467 0.00554977 0.0537636 0.379559 0.384286 
0.000369678 7.32636e-09 0.174621 0.0330882 8.00233e-06 0.000882487 0.00213979 0.0118159 0.133922 0.643153 
3.46377e-05 7.5223e-06 0.000111571 6.32957e-05 0.000239131 0.998642 0.000170752 0.000582427 2.85759e-05 0.000119712 
0.057094 1.56633e-06 0.0247103 0.0286965 4.87798e-05 8.86005e-06 0.0308185 0.0637507 0.592111 0.20276 
0.107734 4.57386e-10 0.00079418 0.00488142 1.1672e-08 1.36177e-06 0.00118048 0.000259802 0.883251 0.00189838 
0.000363046 2.04326e-10 0.134685 0.0115685 3.46853e-06 5.55594e-07 0.0894045 0.00865818 0.140286 0.61503 
3.46377e-05 7.5223e-06 0.000111571 6.32957e-05 0.000239131 0.998642 0.000170752 0.000582427 2.85759e-05 0.000119712 
0.0112357 0.000541831 0.175989 0.0304357 0.0135108 0.0381418 0.000822701 0.492208 0.0859659 0.151148 
0.00303909 1.86301e-07 0.152836 0.0129581 1.86424e-07 1.86317e-07 0.58877 0.00943393 0.0114299 0.221532 
7.29906e-05 1.45306e-07 0.199039 0.000284749 6.13107e-05 0.00010252 0.357389 0.00485669 0.00080271 0.437391 
0.0936135 9.51534e-12 0.350697 0.0213022 0.000295887 1.10164e-07 0.00497261 0.0368276 0.187742 0.304549 
0.0157841 0.00196537 0.121202 0.159027 0.0241747 0.0500274 0.173706 0.057724 0.0265699 0.36982 
0.00252633 2.99184e-05 0.152302 0.0267526 0.00041503 0.000455932 0.0440448 0.0541934 0.0461212 0.673159 
0.0212332 0.000116022 0.0820122 0.0429705 0.000390842 0.000142618 0.024545 0.012646 0.0271886 0.788755 
0.00222934 2.58082e-05 0.48188 0.00226199 0.000410076 0.00826684 0.0155208 0.160273 0.00634672 0.322785 
0.000139997 5.88834e-07 0.000182809 6.69984e-05 4.37921e-06 0.000672289 0.00944955 0.650055 0.339407 2.18977e-05 
0.00898282 8.16767e-08 0.337446 0.00207627 0.00152844 8.16837e-08 0.00222331 0.0635173 0.19102 0.393206 
0.137622 2.31997e-06 0.0721924 0.0198512 5.13847e-06 3.57583e-06 0.121282 0.0210849 0.062676 0.56528 
0.015328 5.73971e-08 0.0677811 0.0135914 8.79624e-06 6.21075e-08 0.00551123 0.00216362 0.0363074 0.859308 
0.00195247 0.000137819 0.21318 0.111897 0.00612482 0.00114335 0.0895699 0.0571369 0.0894312 0.429427 
0.00350387 6.57483e-05 0.0290641 0.345587 0.000689449 7.01716e-05 0.0178633 0.0569359 0.317615 0.228605 
0.0283944 0.00018285 0.0861898 0.0967933 0.0113448 0.000623589 0.0163114 0.195231 0.0361131 0.528815 
0.0167415 6.07919e-05 0.103658 0.103397 0.0526689 0.00718598 0.174387 0.279469 0.0335492 0.228883 
0.000459729 2.80911e-08 0.00186614 0.000110145 2.79179e-05 4.37074e-08 0.000111392 0.831378 0.126115 0.0399312 
0.000451746 8.09359e-12 0.0442799 0.00263634 4.21667e-09 1.74119e-06 0.0111991 0.00111801 0.0031914 0.937122 
0.0151265 6.41004e-05 0.102061 0.0122671 0.000302676 0.000171195 0.00494971 0.467723 0.255367 0.141969 
0.00734973 0.000783669 0.0741568 0.0509709 0.00396127 0.0110048 0.697269 0.00301921 0.0604511 0.0910332 
0.0681603 0.000276798 0.440996 0.0393364 0.0027242 0.00607231 0.220042 0.0848138 0.0861794 0.0513994 
0.000203044 2.66068e-07 0.0338366 0.00188696 0.00245109 0.000175445 0.000386758 0.804845 0.0579095 0.098305 
0.02111 0.00130004 0.0452399 0.704634 0.00271123 0.00225994 0.039656 0.0133841 0.0514734 0.118231 
0.00756163 7.68606e-05 0.00165131 0.0400957 0.000424181 9.03919e-05 0.0927397 0.693152 0.127644 0.0365641 
0.0214993 1.21571e-05 0.0283273 0.026078 0.000204305 7.81926e-05 0.206243 0.00872178 0.00368424 0.705152 
0.00188696 0.00116608 0.67007 0.100707 0.014746 0.00363102 0.0878527 0.0146508 0.0172785 0.0880106 
0.00253104 0.000430983 0.190339 0.0447853 0.00312923 0.00101379 0.553453 0.0114418 0.0181431 0.174733 
0.0110345 7.92865e-08 0.0654048 0.00327626 0.00872127 9.18022e-08 0.0817108 0.0402827 0.286722 0.502848 
0.01274 0.00024685 0.353694 0.0876246 0.000335497 0.00211125 0.0312935 0.0229291 0.0849584 0.404067 
0.000307501 5.84008e-05 0.0829315 0.0013267 0.000171642 0.0113017 0.00528476 0.727731 0.00168197 0.169205 
0.193875 1.32024e-10 0.4544 7.91598e-07 0.00102123 1.01152e-07 0.011868 0.0514015 0.280537 0.00689702 
0.00678337 0.000927256 0.111943 0.0246924 0.00230121 0.0248261 0.0767571 0.0683646 0.210742 0.472662 
0.0102333 6.62443e-09 0.0139487 0.0138014 4.27057e-05 2.02292e-05 0.00372958 0.00562384 0.917625 0.0349755 
0.0112357 0.000541831 0.175989 0.0304357 0.0135108 0.0381418 0.000822701 0.492208 0.0859659 0.151148 
0.00257679 2.35219e-07 0.0900223 0.00660238 5.83335e-05 3.3936e-06 0.0634324 0.341245 0.0287758 0.467284 
0.000639875 4.65498e-06 0.0170836 0.713649 0.00751419 0.00351424 0.0662553 0.0114848 0.096234 0.0836203 
0.0282213 0.000402219 0.274898 0.0442591 0.0343732 0.00142793 0.0185145 0.254809 0.0678451 0.27525 
0.00232204 2.13887e-07 0.254318 0.284911 0.000133134 0.000222547 0.0073881 0.00160462 0.0239043 0.425197 
6.92318e-06 2.25083e-06 0.0547566 0.026749 0.833626 0.0497836 0.00353141 0.00243863 3.28983e-05 0.0290731 
0.000144097 1.45829e-05 0.0622642 0.0430004 0.000515631 0.128316 0.0181858 0.384619 0.138754 0.224187 
0.000276157 2.61248e-05 0.0356801 0.16981 0.0020753 0.239787 0.0359958 0.153094 0.0174331 0.345823 
0.00313039 6.33936e-08 0.00422916 0.000138282 3.55022e-05 0.000796711 0.00392151 0.867563 0.070069 0.0501164 
0.0057117 1.59731e-09 0.0319258 0.0234457 0.358812 8.25488e-07 0.00724405 0.434881 0.05546 0.0825194 
3.46377e-05 7.5223e-06 0.000111571 6.32957e-05 0.000239131 0.998642 0.000170752 0.000582427 2.85759e-05 0.000119712 
0.000273232 1.50719e-06 0.102185 0.190643 9.90104e-05 2.22055e-06 0.00520044 0.0224669 0.582047 0.0970807 
9.22658e-07 4.55955e-09 0.0155188 0.572825 7.06586e-08 8.93531e-06 0.128607 0.0296084 0.0884824 0.164949 
0.00182144 1.40708e-08 0.18887 0.00622344 1.16242e-05 1.91356e-06 0.159084 0.00337732 0.0763499 0.564261 
0.000209739 7.33042e-08 0.990503 0.000371358 0.000143154 0.00115028 0.00220812 0.00302857 0.000467903 0.0019183 
0.00200267 7.8843e-07 0.483158 0.0159664 0.000563459 0.107218 0.00501311 0.171321 0.120678 0.0940778 
8.61275e-06 2.11384e-08 0.00705053 0.377916 0.00103587 7.15636e-08 0.00437289 0.00579413 0.00353781 0.600284 
0.0223923 0.00056954 0.053434 0.080348 0.00082878 0.00117978 0.278156 0.0220031 0.286024 0.255064 
0.0110345 7.92865e-08 0.0654048 0.00327626 0.00872127 9.18022e-08 0.0817108 0.0402827 0.286722 0.502848 
0.000899084 2.58406e-10 0.58493 0.0415316 3.72414e-05 1.46821e-05 0.0197462 0.268316 0.042075 0.0424492 
0.0799871 1.31312e-05 0.0555352 0.00131223 0.0164511 0.248138 0.00234397 0.504761 0.0305026 0.060956 
0.0223743 3.43979e-06 0.00995454 0.00245829 0.000368865 3.27853e-05 0.0367142 0.00572304 0.00129192 0.921079 
7.37105e-08 1.12287e-08 0.0316499 0.327535 5.76502e-05 6.64767e-06 0.0160306 0.0190354 0.572762 0.0329228 
0.0082042 4.529e-07 0.0132114 0.0314322 0.000634146 2.22984e-06 0.0421678 0.00415515 0.0302226 0.86997 
0.00898331 4.75082e-07 0.0358108 0.0888295 0.00272101 0.000160897 0.0264674 0.455464 0.207032 0.174531 
0.000371474 1.40779e-06 0.167149 0.0339424 0.00227039 0.216764 0.0603708 0.423421 0.0184513 0.0772585 
0.00226346 1.64865e-05 0.000642379 0.0168388 0.122596 0.0011268 0.000153867 0.820779 0.0306834 0.00489952 
0.00691063 5.8328e-06 0.0643428 0.0276421 6.87201e-05 0.000127934 0.00522171 0.012002 0.512717 0.370961 
0.000137365 5.8856e-10 0.0115042 0.00868067 0.000765709 2.02841e-06 0.00387043 0.00229772 0.00164435 0.971098 
0.114973 9.10631e-08 0.0608572 0.0446029 0.000426606 1.9711e-05 0.191987 0.018885 0.152372 0.415876 
0.000155908 1.88206e-08 0.196449 1.09517e-07 0.000138938 2.1063e-08 0.00565982 0.139892 0.00230601 0.655399 
0.000211098 6.62426e-06 0.0235345 0.0397455 0.000137737 0.000147436 0.0113379 0.0502499 0.00875786 0.865871 
0.000769015 3.43545e-07 0.0150181 0.00556077 0.0109327 1.41493e-06 0.819509 0.123761 0.0212684 0.00317996 
7.14475e-05 1.12999e-07 0.00142544 1.79365e-06 3.67097e-05 8.06325e-06 0.00014455 0.991685 0.00286005 0.00376719 
0.0149233 1.65023e-06 0.124734 0.0003996 1.73146e-06 0.000123003 0.153096 0.0556067 0.00120009 0.649915 
0.000191753 2.6417e-08 0.974622 2.66246e-05 4.12242e-05 0.00127423 0.00154489 0.00298453 0.00468708 0.0146272 
0.00437976 1.13167e-06 0.0930217 0.00300751 7.94278e-06 1.90421e-06 0.0118236 0.0063763 0.0293124 0.852068 
1.16166e-07 5.31128e-10 0.00303855 0.00784445 0.000104814 0.890998 0.000448435 0.0665952 0.022483 0.00848703 
0.0002081 4.44481e-07 0.576992 0.0015388 1.96899e-05 7.20929e-05 0.000713055 0.00620298 0.0330164 0.381237 
0.000396569 3.10099e-08 0.109278 6.67805e-06 2.76193e-06 2.40909e-05 0.00161225 0.817941 3.6182e-05 0.0707021 
0.0263905 0.000338837 0.0318139 0.00429851 0.00282541 0.0512125 0.00739655 0.756805 0.0894595 0.0294597 
0.000257393 1.5642e-05 0.0122225 0.0667056 0.000527838 0.000104757 0.00206473 0.850629 0.0495486 0.0179238 
0.0974102 4.388e-06 0.0489272 0.00982005 7.83255e-05 4.30337e-05 0.182097 0.00226572 0.0810179 0.578336 
0.00833179 4.23741e-06 0.0267433 0.0272811 0.255342 0.00419352 0.000233056 0.661 0.0051493 0.0117208 
3.46377e-05 7.5223e-06 0.000111571 6.32957e-05 0.000239131 0.998642 0.000170752 0.000582427 2.85759e-05 0.000119712 
2.09753e-06 3.30607e-11 0.338951 0.000398945 1.19219e-06 1.11245e-08 0.282192 0.000215907 0.00040577 0.377834 
0.0444966 5.84453e-06 0.0868308 0.00930177 0.0659535 0.0676227 0.337298 0.0827095 0.185532 0.12025 
0.00672981 6.5849e-06 0.137576 0.00269673 0.000114885 0.0275988 0.0189578 0.0191864 0.0159941 0.771139 
0.000201188 1.2337e-07 0.0113287 0.00950392 0.000396405 0.0607084 0.00738714 0.713468 0.0110614 0.185945 
0.00276223 0.00107278 0.47769 0.0497571 0.00494786 0.0505871 0.18075 0.17624 0.0187417 0.0374514 
0.00209476 0.000480478 0.0786352 0.0934171 0.00545794 0.0116478 0.0863602 0.187726 0.0119975 0.522183 
0.00129855 1.03767e-05 0.0574573 0.0600291 0.000119242 3.01587e-05 0.00466927 0.213073 0.18307 0.480243 
0.00833179 4.23741e-06 0.0267433 0.0272811 0.255342 0.00419352 0.000233056 0.661 0.0051493 0.0117208 
0.0637922 7.26957e-07 0.122814 0.0199863 0.000488463 8.58286e-05 0.00411419 0.0554729 0.218535 0.514711 
0.00297956 4.08603e-08 0.000856941 0.00154407 2.06267e-06 3.58187e-07 0.689998 0.000302446 0.0528592 0.251457 
3.46377e-05 7.5223e-06 0.000111571 6.32957e-05 0.000239131 0.998642 0.000170752 0.000582427 2.85759e-05 0.000119712 
0.0194428 2.35106e-05 0.588482 0.0137785 0.000117275 0.000116211 0.00553121 0.0509724 0.0286693 0.292867 
0.00585394 4.14844e-07 0.604964 0.0141991 0.00294774 0.00717782 0.0654692 0.0893816 0.0313056 0.178701 
2.49182e-07 8.65812e-11 0.0485419 0.0148292 2.95129e-08 3.38616e-06 0.000217517 0.00193139 0.219991 0.714485 
0.00160916 3.90322e-06 0.730014 0.00682626 5.39064e-05 4.10939e-05 0.0503569 0.0247294 0.00130841 0.185057 
0.00833179 4.23741e-06 0.0267433 0.0272811 0.255342 0.00419352 0.000233056 0.661 0.0051493 0.0117208 
0.0634171 2.34008e-06 0.0836649 0.029529 0.144017 4.0069e-06 0.00216499 0.369627 0.127772 0.179802 
3.46377e-05 7.5223e-06 0.000111571 6.32957e-05 0.000239131 0.998642 0.000170752 0.000582427 2.85759e-05 0.000119712 
0.0298819 6.74316e-06 0.127228 0.0292724 5.96897e-05 8.2012e-05 0.0136255 0.0576482 0.076058 0.666137 
0.00206681 3.97123e-05 0.116189 0.0227998 0.000131448 0.000156777 0.020969 0.0170018 0.0489879 0.771658 
0.0235716 6.84428e-06 0.000174573 8.15461e-05 1.75004e-05 9.16482e-06 0.0048007 0.957259 0.0140691 9.54925e-06 
0.0177545 0.00014834 0.220714 0.0301084 0.00169603 0.297326 0.0953503 0.231084 0.0168623 0.0889568 
3.46377e-05 7.5223e-06 0.000111571 6.32957e-05 0.000239131 0.998642 0.000170752 0.000582427 2.85759e-05 0.000119712 
0.00127301 6.43343e-09 0.0222335 0.00305906 9.34489e-05 5.33605e-06 0.00185319 0.407559 0.3971 0.166823 
