0.00946779 6.42053e-07 2.1575e-10 0.00700701 0.000503279 2.13127e-09 0.176417 0.0076142 0.0403568 0.758634 
0.00189826 5.43198e-05 6.30555e-08 2.9733e-05 3.41078e-06 6.22889e-07 4.23625e-05 1.25584e-06 0.99795 1.96921e-05 
2.2782e-10 1.12277e-09 1.03088e-10 1.66309e-10 3.08779e-10 1.01835e-09 2.14462e-10 0.982472 0.0124058 0.00512258 
2.88897e-06 1.42378e-05 1.30725e-06 2.10896e-06 3.91561e-06 1.29136e-05 0.98911 2.73215e-06 0.00132702 0.00952332 
0.739767 3.49311e-11 3.20723e-12 5.17414e-12 9.60659e-12 3.16823e-11 6.67224e-12 4.82689e-08 0.260233 3.27098e-08 
0.0981891 0.0167507 4.8852e-08 0.0395185 1.46326e-07 4.8258e-07 6.04651e-05 0.664912 0.165783 0.0147852 
7.54293e-06 8.28557e-05 3.72237e-06 0.0159032 1.20573e-05 0.0146089 0.766282 0.0826988 0.0264771 0.0939237 
5.84859e-06 2.88238e-05 2.64648e-06 0.000658883 7.92698e-06 7.03992e-05 0.000476844 0.997965 0.000215463 0.000567983 
9.28574e-06 4.57632e-05 4.20178e-06 6.77863e-06 1.25856e-05 4.15069e-05 8.74129e-06 0.999075 0.000404523 0.000392106 
1.11183e-10 0.00126209 5.03102e-11 8.11643e-11 0.00162585 1.24296e-06 1.04664e-10 0.996723 0.000386982 1.05282e-06 
5.0779e-10 2.50256e-09 2.29774e-10 0.295748 3.13961e-07 2.26981e-09 0.158286 2.51425e-06 0.166015 0.379948 
0.0820748 0.000151953 7.67765e-08 0.00803988 6.18528e-05 0.000551016 0.00898536 0.0416303 0.841439 0.0170654 
0.143188 4.81462e-08 4.42057e-09 0.000640815 2.94161e-06 4.36683e-08 0.0825291 1.50801e-06 0.361395 0.412242 
4.65131e-06 3.81989e-09 3.50726e-10 3.39547e-06 1.05053e-09 3.46462e-09 4.45153e-06 0.96249 4.08742e-05 0.0374565 
0.00946779 6.42053e-07 2.1575e-10 0.00700701 0.000503279 2.13127e-09 0.176417 0.0076142 0.0403568 0.758634 
1.87391e-06 9.23526e-06 8.47941e-07 1.36796e-06 2.53983e-06 8.37632e-06 1.76404e-06 0.0648639 0.923935 0.0111748 
0.00946779 6.42053e-07 2.1575e-10 0.00700701 0.000503279 2.13127e-09 0.176417 0.0076142 0.0403568 0.758634 
1.65977e-08 8.17988e-08 7.51042e-09 1.21164e-08 2.24959e-08 7.4191e-08 1.56245e-08 0.986099 0.0138804 2.03963e-05 
1.19597e-07 5.89415e-07 5.41176e-08 8.73066e-08 1.62098e-07 5.34596e-07 1.12585e-07 0.624998 0.000119801 0.37488 
0.59432 2.78802e-12 2.55984e-13 1.28063e-09 2.90888e-05 2.52871e-12 0.000233054 0.000460517 0.404708 0.00024908 
1.58905e-09 7.83135e-09 7.19041e-10 4.27685e-06 0.0013563 7.10299e-09 0.0944013 0.768362 0.0889577 0.0469187 
4.09437e-05 0.00236278 2.95094e-07 0.000466486 1.90381e-05 0.000219909 0.147919 0.0268608 0.0171169 0.804994 
0.00011308 9.46241e-08 8.68798e-09 4.26426e-05 1.88066e-05 8.58235e-08 1.80743e-08 0.979045 0.019132 0.00164829 
2.71587e-06 1.33847e-05 1.22893e-06 0.996653 3.681e-06 1.21399e-05 2.55663e-06 2.56845e-06 0.00249389 0.000814628 
0.0217825 0.0235703 4.12077e-12 0.0262689 9.71533e-06 4.07067e-11 0.0228406 6.52318e-05 0.899391 0.00607173 
0.00052239 7.99273e-06 3.55733e-08 0.0129375 1.06552e-07 3.51408e-07 0.00244753 0.975069 0.0089811 3.42191e-05 
0.00946779 6.42053e-07 2.1575e-10 0.00700701 0.000503279 2.13127e-09 0.176417 0.0076142 0.0403568 0.758634 
1.11183e-10 0.00126209 5.03102e-11 8.11643e-11 0.00162585 1.24296e-06 1.04664e-10 0.996723 0.000386982 1.05282e-06 
0.00876334 7.4418e-05 5.05895e-07 0.00411246 0.000291259 8.30831e-07 0.118626 0.0871196 0.710229 0.0707826 
1.82832e-07 9.01057e-07 8.27312e-08 0.0861367 8.84204e-06 2.50428e-06 0.0285993 0.861102 0.00308153 0.0210684 
1.62393e-10 8.00326e-10 7.34824e-11 0.957999 2.01234e-07 2.18529e-08 0.0259261 0.000898145 0.00188664 0.0132896 
1.30559e-08 6.43439e-08 5.90778e-09 7.23595e-05 1.76955e-08 5.83595e-08 0.996795 1.23472e-08 0.00156962 0.00156315 
0.00206999 0.0361543 5.86538e-07 9.5926e-05 0.000119512 6.11212e-07 0.0019101 0.313987 0.221979 0.423683 
2.06514e-07 1.01777e-06 9.34472e-08 1.50756e-07 2.79902e-07 9.2311e-07 1.94405e-07 0.999839 3.93036e-05 0.000118991 
3.5737e-11 1.76124e-10 1.61709e-11 1.9047e-07 4.84367e-11 1.00654e-06 0.436975 3.37971e-11 0.438203 0.124821 
0.00488399 1.67921e-06 1.54178e-07 0.000100678 0.000454896 1.52303e-06 0.00666828 0.977588 0.000826849 0.0094739 
0.0657475 1.73198e-05 2.19627e-08 0.0515434 0.000374326 8.72933e-06 0.0465784 0.00301034 0.320377 0.512343 
1.11183e-10 0.00126209 5.03102e-11 8.11643e-11 0.00162585 1.24296e-06 1.04664e-10 0.996723 0.000386982 1.05282e-06 
1.02224e-09 5.03794e-09 4.62562e-10 3.58269e-06 2.52176e-05 4.56938e-09 9.62303e-10 0.999487 0.000478642 5.78966e-06 
1.15805e-05 1.13915e-09 1.04592e-10 6.75109e-07 0.000414692 1.0332e-09 2.1759e-10 4.08795e-06 0.999569 3.39453e-07 
0.00946779 6.42053e-07 2.1575e-10 0.00700701 0.000503279 2.13127e-09 0.176417 0.0076142 0.0403568 0.758634 
7.97966e-09 3.93264e-08 3.61078e-09 0.107101 1.43679e-05 0.501121 0.0243581 0.354258 0.0127464 0.000401607 
7.59993e-10 3.7455e-09 3.43896e-10 3.60767e-06 0.00135516 3.39714e-09 1.92809e-05 0.960668 0.0352826 0.00267153 
6.80926e-06 3.35583e-05 3.08118e-06 0.017189 0.00906263 3.04371e-05 6.41001e-06 0.966009 0.00128829 0.00637068 
2.11201e-08 1.04087e-07 9.55681e-09 1.54178e-08 2.86255e-08 9.44062e-08 1.98818e-08 0.999795 0.000127774 7.65833e-05 
2.36227e-12 1.16421e-11 1.06892e-12 6.78041e-05 8.87819e-10 7.18479e-10 2.22376e-12 3.73379e-09 0.999073 0.000858957 
0.0999105 4.34129e-09 3.98599e-10 1.45853e-06 0.000504697 9.6064e-06 5.87662e-05 0.619931 0.275555 0.0040296 
1.3389e-10 6.59854e-10 6.0585e-11 0.0856408 0.00972037 5.98484e-10 0.00745466 0.637602 0.0834884 0.176093 
2.36227e-12 1.16421e-11 1.06892e-12 6.78041e-05 8.87819e-10 7.18479e-10 2.22376e-12 3.73379e-09 0.999073 0.000858957 
1.62393e-10 8.00326e-10 7.34824e-11 0.957999 2.01234e-07 2.18529e-08 0.0259261 0.000898145 0.00188664 0.0132896 
2.36294e-08 1.16454e-07 1.06923e-08 3.5107e-05 0.00117181 0.000158522 2.22439e-08 0.99769 2.93443e-06 0.000941384 
0.00236568 0.00505175 1.03187e-08 8.46695e-06 3.09077e-08 1.01933e-07 0.224138 0.00286883 0.765549 1.78457e-05 
0.0327517 7.18294e-06 7.47979e-11 7.2266e-06 1.01451e-06 7.38885e-10 0.0178197 0.872445 0.0248691 0.0520986 
0.0217825 0.0235703 4.12077e-12 0.0262689 9.71533e-06 4.07067e-11 0.0228406 6.52318e-05 0.899391 0.00607173 
1.45677e-10 5.62122e-07 6.59185e-11 1.31313e-05 2.56722e-06 1.39941e-07 0.000570669 0.965914 0.0334972 1.30263e-06 
0.0217825 0.0235703 4.12077e-12 0.0262689 9.71533e-06 4.07067e-11 0.0228406 6.52318e-05 0.899391 0.00607173 
7.11926e-07 0.00599937 5.17487e-09 0.000118213 0.000187763 9.45769e-05 0.00515444 0.864568 0.0747218 0.0491549 
0.0120927 0.277936 6.81781e-06 8.02337e-05 0.00038805 0.00137225 0.0528631 0.339491 0.100697 0.215074 
0.00946779 6.42053e-07 2.1575e-10 0.00700701 0.000503279 2.13127e-09 0.176417 0.0076142 0.0403568 0.758634 
0.0197162 0.0168394 8.65358e-12 0.0187645 6.95924e-06 8.54837e-11 0.0163154 4.66356e-05 0.921639 0.0066722 
1.56915e-08 7.07162e-05 7.10038e-09 1.14549e-08 2.12677e-08 1.4804e-05 1.47715e-08 0.88395 0.083368 0.0325965 
3.61258e-10 3.38454e-06 1.63468e-10 8.91398e-06 4.89636e-10 1.61481e-09 1.95547e-05 0.999961 4.52304e-07 6.28949e-06 
0.00053663 0.397143 4.06071e-06 4.50338e-06 0.00117471 7.7107e-05 0.00183893 0.519977 0.0395025 0.0397415 
7.07418e-10 3.52126e-07 3.20105e-10 0.833362 9.5881e-10 3.16213e-09 2.07779e-05 1.60631e-06 1.91547e-05 0.166596 
1.11183e-10 0.00126209 5.03102e-11 8.11643e-11 0.00162585 1.24296e-06 1.04664e-10 0.996723 0.000386982 1.05282e-06 
7.65429e-09 3.77229e-08 3.46355e-09 2.44358e-05 1.03744e-08 3.42144e-08 0.999952 1.08484e-05 2.47163e-06 1.01412e-05 
0.000184123 0.00290477 1.75914e-07 0.300932 1.83345e-06 0.0252574 0.485099 0.00829816 0.0703 0.107022 
0.031757 0.0371725 1.22482e-06 0.000836815 0.00109393 0.000141517 0.00328981 0.822172 0.0411689 0.062366 
3.05328e-05 1.8786e-07 1.72485e-08 2.78266e-08 5.16643e-08 1.70388e-07 3.58833e-08 0.999669 0.000119289 0.000180481 
3.52237e-06 2.01327e-07 1.8485e-08 0.00178445 1.34464e-06 1.82602e-07 1.50134e-05 0.000284091 0.997654 0.000256899 
0.00204508 0.000158546 4.09844e-12 0.000229272 5.78208e-06 4.04861e-11 2.2933e-05 0.000158966 0.997379 2.02692e-07 
0.000237888 1.04408e-06 9.58631e-08 1.54654e-07 7.09163e-05 9.46976e-07 0.00158106 0.997483 0.000513913 0.000110511 
2.12351e-09 1.01328e-06 9.60886e-10 1.55018e-09 0.00183725 5.59299e-06 1.999e-09 0.991923 2.37787e-06 0.00623064 
0.00946779 6.42053e-07 2.1575e-10 0.00700701 0.000503279 2.13127e-09 0.176417 0.0076142 0.0403568 0.758634 
1.94809e-10 1.72912e-06 8.81509e-11 1.42212e-10 7.39571e-07 5.23347e-07 3.4662e-06 0.979127 0.0208656 6.42178e-07 
3.52237e-06 2.01327e-07 1.8485e-08 0.00178445 1.34464e-06 1.82602e-07 1.50134e-05 0.000284091 0.997654 0.000256899 
2.36227e-12 1.16421e-11 1.06892e-12 6.78041e-05 8.87819e-10 7.18479e-10 2.22376e-12 3.73379e-09 0.999073 0.000858957 
0.0318626 0.0320843 5.66268e-12 0.0394033 7.23488e-06 5.59384e-11 0.0342608 8.58731e-05 0.853308 0.00898817 
9.90234e-11 4.8802e-10 4.48079e-11 0.336593 4.08174e-06 1.41448e-06 0.00278421 0.00687668 0.232851 0.420889 
0.253244 1.09461e-10 1.00502e-11 1.27604e-06 1.23454e-07 3.77364e-07 0.0327781 0.248553 0.433962 0.0314611 
0.00574624 8.02225e-07 7.36569e-08 1.18829e-07 6.64079e-05 7.27613e-07 1.53234e-07 0.00843619 0.984969 0.000780473 
6.35939e-05 1.99613e-08 1.83276e-09 6.47555e-05 5.48965e-09 1.81047e-08 3.27941e-05 0.18549 0.745931 0.0684184 
0.00171661 3.20596e-06 3.65395e-07 9.82419e-07 8.75149e-05 1.65464e-06 2.14304e-06 0.978555 0.00172563 0.0179074 
6.42891e-05 0.000142329 1.63952e-07 0.000634162 0.00339579 0.0127252 4.66918e-07 0.95578 0.0270765 0.000180841 
0.00194037 3.90407e-06 4.85179e-07 2.38729e-06 0.000927765 7.18569e-06 0.00014895 0.728093 0.266306 0.00257078 
0.00946779 6.42053e-07 2.1575e-10 0.00700701 0.000503279 2.13127e-09 0.176417 0.0076142 0.0403568 0.758634 
2.94251e-07 0.000304653 2.56384e-07 8.07275e-07 0.00561506 6.19949e-05 0.000602021 0.828546 0.00289548 0.161974 
0.00946779 6.42053e-07 2.1575e-10 0.00700701 0.000503279 2.13127e-09 0.176417 0.0076142 0.0403568 0.758634 
1.0718e-05 3.55613e-07 3.26508e-08 5.26748e-08 1.07074e-05 2.97144e-05 1.15634e-05 0.966845 0.0330857 5.74493e-06 
0.0516446 2.34484e-06 8.67541e-08 0.000922962 0.01428 9.676e-08 0.00375418 0.0152839 0.862807 0.0513052 
2.42695e-06 1.19608e-05 1.09819e-06 1.77168e-06 3.2894e-06 1.08484e-05 2.28464e-06 0.124861 0.869359 0.00574589 
1.11183e-10 0.00126209 5.03102e-11 8.11643e-11 0.00162585 1.24296e-06 1.04664e-10 0.996723 0.000386982 1.05282e-06 
5.75734e-06 2.83741e-05 2.60519e-06 4.20289e-06 7.8033e-06 2.57351e-05 5.41977e-06 0.0620764 0.0141741 0.92367 
7.07418e-10 3.52126e-07 3.20105e-10 0.833362 9.5881e-10 3.16213e-09 2.07779e-05 1.60631e-06 1.91547e-05 0.166596 
0.00946779 6.42053e-07 2.1575e-10 0.00700701 0.000503279 2.13127e-09 0.176417 0.0076142 0.0403568 0.758634 
0.00181727 5.85895e-09 5.37944e-10 2.56184e-07 5.88047e-07 5.31403e-09 4.0176e-07 0.000388578 0.997793 3.06336e-07 
0.00946779 6.42053e-07 2.1575e-10 0.00700701 0.000503279 2.13127e-09 0.176417 0.0076142 0.0403568 0.758634 
2.12013e-08 1.96864e-06 9.59355e-09 1.5477e-08 2.87355e-08 9.47691e-08 1.99582e-08 2.00504e-08 0.999966 3.23092e-05 
0.000123615 1.04728e-06 9.61569e-08 0.0013596 0.0003424 9.49878e-07 0.00157475 0.99405 0.000252827 0.00229434 
0.000278397 0.000298823 2.53891e-07 0.0827847 7.60479e-07 2.50804e-06 0.0128853 0.897534 0.00447733 0.00173753 
0.00946779 6.42053e-07 2.1575e-10 0.00700701 0.000503279 2.13127e-09 0.176417 0.0076142 0.0403568 0.758634 
3.07659e-05 3.05681e-05 5.78108e-06 0.00550296 0.0151222 0.202826 0.0278186 0.72831 0.000170803 0.0201822 
0.0263018 2.52863e-05 3.29121e-09 5.30964e-09 9.85816e-09 3.2512e-08 6.84696e-09 1.34934e-05 0.973655 3.9123e-06 
1.11183e-10 0.00126209 5.03102e-11 8.11643e-11 0.00162585 1.24296e-06 1.04664e-10 0.996723 0.000386982 1.05282e-06 
1.11183e-10 0.00126209 5.03102e-11 8.11643e-11 0.00162585 1.24296e-06 1.04664e-10 0.996723 0.000386982 1.05282e-06 
5.06218e-07 2.49481e-06 2.29063e-07 0.126601 6.8611e-07 2.26278e-06 0.170376 0.166664 0.4962 0.0401527 
0.325701 5.51077e-05 7.61813e-06 1.06806e-05 9.64459e-06 3.32805e-05 0.516513 0.0420052 0.104713 0.0109519 
0.000239861 0.00344346 3.24374e-08 3.63292e-05 0.000493383 3.37968e-08 4.98206e-05 4.85408e-05 0.993234 0.00245454 
2.19833e-05 1.41767e-05 1.97987e-08 0.00098998 0.00683743 0.00191749 0.00602472 0.971592 0.00884192 0.00376061 
0.739767 3.49311e-11 3.20723e-12 5.17414e-12 9.60659e-12 3.16823e-11 6.67224e-12 4.82689e-08 0.260233 3.27098e-08 
1.87989e-05 2.12238e-05 2.67594e-06 9.36262e-05 0.000657053 0.0578856 0.000697599 0.860472 0.0775471 0.00260473 
1.36246e-06 1.95563e-05 6.16511e-07 0.0543817 0.00024906 6.09015e-06 0.00108546 0.00239652 0.00113767 0.940722 
4.87911e-06 2.20798e-08 4.30046e-11 0.0971119 2.06265e-07 1.66654e-06 0.488006 0.187782 0.067062 0.160031 
0.00376549 7.1099e-07 6.528e-08 0.000526677 1.95533e-07 6.44863e-07 4.0878e-05 1.36435e-07 0.995138 0.000527439 
9.73311e-09 7.07974e-09 4.01131e-12 0.756009 0.0372108 3.96254e-11 0.00487452 4.74123e-08 0.151063 0.0508432 
0.000585792 0.000174077 1.59671e-08 0.000195796 5.26565e-05 1.57729e-07 8.63987e-05 0.925735 0.0655863 0.00758342 
3.96992e-08 1.95651e-07 1.79638e-08 2.89806e-08 5.38069e-08 1.77454e-07 9.09447e-05 0.999863 1.50078e-05 3.04503e-05 
3.621e-07 1.78455e-06 1.6385e-07 2.64335e-07 4.90778e-07 0.00420991 3.40869e-07 0.995249 0.000211648 0.000325619 
5.69771e-07 2.80802e-06 2.57821e-07 0.983061 7.72248e-07 2.54686e-06 0.00901143 0.00517343 0.000356804 0.00239042 
7.50959e-05 0.00326679 4.99126e-08 1.26445e-05 1.25905e-05 5.62184e-06 1.03837e-07 0.956057 0.000252555 0.0403172 
2.12661e-08 1.04806e-07 9.62286e-09 1.55243e-08 2.88233e-08 9.50587e-08 7.20888e-05 0.00996739 0.141651 0.848309 
0.00487919 7.05489e-05 8.08227e-08 3.77454e-05 5.91907e-06 7.98401e-07 5.25839e-05 1.64105e-06 0.994444 0.000507311 
0.000106148 1.27561e-07 1.17121e-08 0.106084 3.50813e-08 1.15697e-07 2.43657e-08 2.44783e-08 0.893734 7.60157e-05 
0.000846647 0.000101851 1.35197e-06 0.0011986 0.000181081 0.000333506 0.0292018 0.00109568 0.951954 0.0150853 
5.52945e-12 2.7251e-11 2.50207e-12 0.000113076 3.31106e-09 2.47165e-11 5.20524e-12 1.39405e-08 0.998455 0.00143175 
4.12146e-05 4.5985e-06 2.15046e-10 0.000118501 0.318057 2.12431e-09 1.87263e-06 0.664159 1.15807e-06 0.0176167 
4.97321e-05 0.912067 4.57287e-08 2.77199e-06 0.000546865 0.000361072 0.00235229 9.55726e-08 0.0635883 0.0210318 
3.09039e-06 5.43752e-09 4.9925e-10 6.45147e-07 1.4954e-09 4.9318e-09 0.0512191 1.7948e-05 0.948758 1.68644e-06 
1.1378e-08 5.60744e-08 5.14851e-09 8.30598e-09 3.39423e-05 1.53086e-05 1.07108e-08 0.9998 0.00010871 4.22801e-05 
1.14888e-07 5.7187e-05 5.19867e-08 8.3869e-08 1.55716e-07 0.000205933 0.000540867 0.998091 0.000182189 0.00092266 
8.25823e-08 4.06993e-07 3.73683e-08 6.02854e-08 1.11929e-07 3.6914e-07 0.000202202 0.000773263 0.00137129 0.997652 
5.39566e-05 0.000281818 3.24596e-07 0.0885337 9.7226e-07 3.20523e-05 4.16806e-05 0.687815 0.000992418 0.222248 
4.88343e-06 0.00573711 1.15608e-09 1.21211e-06 1.20187e-06 5.0546e-07 2.40508e-09 0.915433 1.64371e-05 0.0788059 
1.92556e-06 0.000528061 8.71311e-07 0.145226 2.60983e-06 8.60717e-06 9.59129e-05 0.00285144 0.849996 0.00128805 
1.20461e-07 5.93672e-07 5.45084e-08 8.79372e-08 0.000473643 5.38457e-07 1.13398e-07 0.0048646 0.993364 0.00129589 
0.00181727 5.85895e-09 5.37944e-10 2.56184e-07 5.88047e-07 5.31403e-09 4.0176e-07 0.000388578 0.997793 3.06336e-07 
1.84686e-10 0.00129898 8.35699e-11 1.34821e-10 0.000271403 9.20481e-05 1.73857e-10 0.994015 0.00362045 0.000702186 
2.95521e-08 1.45643e-07 1.33723e-08 2.3752e-05 4.00539e-08 1.32097e-07 2.78194e-08 0.999904 1.60403e-05 5.57973e-05 
1.54702e-09 7.62421e-09 7.00022e-10 1.37789e-05 5.66336e-06 6.91511e-09 1.5147e-05 0.254725 0.0480071 0.697234 
0.00279868 0.0640018 0.000227005 0.0562511 0.0192454 0.000422417 0.0113151 0.834899 0.00915948 0.00168026 
2.71587e-06 1.33847e-05 1.22893e-06 0.996653 3.681e-06 1.21399e-05 2.55663e-06 2.56845e-06 0.00249389 0.000814628 
2.16626e-06 1.06761e-05 9.80229e-07 1.58138e-06 2.93608e-06 9.68311e-06 0.0322221 0.0127038 0.00433901 0.950707 
2.06922e-05 2.72187e-08 2.4991e-09 3.64886e-05 7.48555e-09 0.000296276 5.19908e-09 0.999641 5.10457e-06 1.65658e-07 
4.12146e-05 4.5985e-06 2.15046e-10 0.000118501 0.318057 2.12431e-09 1.87263e-06 0.664159 1.15807e-06 0.0176167 
4.45553e-07 9.42377e-11 8.6525e-12 0.0279324 6.79048e-07 8.5473e-11 5.3463e-07 0.0178924 0.922631 0.0315429 
6.2565e-08 1.53404e-09 1.40848e-10 7.61235e-06 4.21883e-10 1.39136e-09 2.93018e-10 2.50246e-06 0.99419 0.00579968 
0.00946779 6.42053e-07 2.1575e-10 0.00700701 0.000503279 2.13127e-09 0.176417 0.0076142 0.0403568 0.758634 
0.000846647 0.000101851 1.35197e-06 0.0011986 0.000181081 0.000333506 0.0292018 0.00109568 0.951954 0.0150853 
8.8481e-08 4.36064e-07 4.00375e-08 0.000137629 1.19924e-07 3.95507e-07 8.32931e-08 0.999781 7.73567e-05 2.45512e-06 
1.11183e-10 0.00126209 5.03102e-11 8.11643e-11 0.00162585 1.24296e-06 1.04664e-10 0.996723 0.000386982 1.05282e-06 
0.00190848 1.04391e-05 9.58469e-07 0.0838097 2.8709e-06 9.46815e-06 0.104287 0.0114202 0.00998677 0.788564 
8.50471e-07 0.000219107 3.84837e-07 6.20848e-07 0.000901892 3.80158e-06 8.00605e-07 0.998543 0.000290681 3.90082e-05 
0.012079 0.0580108 2.13779e-06 7.74772e-05 0.000385067 0.000574487 0.000440948 0.764066 0.0850814 0.0792831 
0.00946779 6.42053e-07 2.1575e-10 0.00700701 0.000503279 2.13127e-09 0.176417 0.0076142 0.0403568 0.758634 
0.00946779 6.42053e-07 2.1575e-10 0.00700701 0.000503279 2.13127e-09 0.176417 0.0076142 0.0403568 0.758634 
4.88343e-06 0.00573711 1.15608e-09 1.21211e-06 1.20187e-06 5.0546e-07 2.40508e-09 0.915433 1.64371e-05 0.0788059 
3.39363e-05 7.49955e-05 6.71265e-08 0.455246 4.65034e-05 6.63104e-07 2.87098e-06 0.498752 0.00898244 0.0368604 
5.52945e-12 2.7251e-11 2.50207e-12 0.000113076 3.31106e-09 2.47165e-11 5.20524e-12 1.39405e-08 0.998455 0.00143175 
7.08773e-09 3.52801e-06 3.20719e-09 5.17408e-09 9.60647e-09 3.16819e-08 6.67215e-09 0.999928 4.28798e-05 2.57007e-05 
0.0003485 5.68528e-07 5.21998e-08 0.000840172 2.4971e-05 8.36021e-05 0.000719161 0.90635 0.0565948 0.035038 
5.53068e-05 4.23792e-07 3.89108e-08 6.27738e-08 0.000313612 2.68961e-05 1.04499e-05 0.998106 0.00107625 0.000410916 
2.03017e-08 1.00053e-07 9.18648e-09 1.48203e-08 2.75162e-08 9.07479e-08 1.91113e-08 0.120094 0.813617 0.0662884 
6.59161e-07 0.993518 2.98269e-07 0.000518335 8.93404e-07 2.94643e-06 0.000849508 0.00360518 0.000978444 0.000526212 
4.83025e-12 2.38051e-11 2.18568e-12 0.000553697 1.99428e-07 9.01845e-10 4.54703e-12 1.92518e-05 0.997616 0.00181061 
1.4532e-10 7.16187e-10 6.57572e-11 1.06085e-10 1.96962e-10 6.49577e-10 1.368e-10 0.925007 0.0270792 0.047914 
6.26467e-07 0.0148228 2.83475e-07 0.0100158 8.49092e-07 2.80029e-06 0.959026 0.00633993 0.00569801 0.0040925 
0.00018227 2.89301e-09 2.65624e-10 6.42829e-06 8.75978e-07 2.62394e-09 5.47126e-06 0.999698 5.66712e-05 5.01668e-05 
5.52945e-12 2.7251e-11 2.50207e-12 0.000113076 3.31106e-09 2.47165e-11 5.20524e-12 1.39405e-08 0.998455 0.00143175 
0.032501 0.00295626 1.23909e-08 3.62258e-06 3.60445e-06 1.59303e-06 2.57778e-08 0.924886 5.78628e-05 0.0395903 
4.62557e-07 2.27963e-06 2.09306e-07 0.992473 6.26934e-07 2.06761e-06 4.35436e-07 0.00441867 0.00210368 0.000998098 
4.12146e-05 4.5985e-06 2.15046e-10 0.000118501 0.318057 2.12431e-09 1.87263e-06 0.664159 1.15807e-06 0.0176167 
3.69021e-09 6.52931e-06 1.66981e-09 1.2494e-05 1.06256e-05 3.21637e-06 7.6729e-06 0.941599 0.0488124 0.00954817 
2.07925e-09 1.02472e-08 9.40857e-10 1.04748e-05 0.00406517 9.29418e-09 5.5982e-05 0.933457 0.0623917 1.98759e-05 
1.43787e-07 7.08631e-07 6.50634e-08 0.0160637 3.93968e-06 6.42723e-07 1.35356e-07 0.983789 9.99138e-05 4.15425e-05 
9.11649e-07 0.000154963 5.06341e-07 0.00318282 0.000282826 0.000610333 0.00263357 0.313214 0.649142 0.0307783 
6.78374e-05 1.94364e-08 1.78456e-09 2.96565e-05 7.48875e-06 1.76287e-08 6.20034e-05 0.787734 0.169956 0.0421434 
0.00689389 3.60561e-05 5.57669e-07 0.0248647 0.00153926 8.10378e-07 0.00322371 0.0254663 0.824619 0.113356 
5.70295e-09 0.000453359 2.58057e-09 4.16318e-09 0.000558988 8.65752e-06 5.36856e-09 0.998838 0.000134087 7.31596e-06 
6.69696e-09 3.30048e-08 3.03036e-09 2.34711e-05 0.000165207 2.99352e-08 6.30429e-09 0.999771 1.9586e-06 3.79296e-05 
5.0731e-10 0.0156387 2.29557e-10 0.00179406 0.0569518 2.26766e-09 4.77564e-10 0.887145 0.0279959 0.0104748 
9.01656e-06 4.44366e-05 4.07998e-06 0.000287219 1.22207e-05 4.03037e-05 0.00073227 0.996572 0.0015336 0.000764759 
4.25613e-05 4.5117e-06 4.14245e-07 0.000389554 8.50293e-06 4.09208e-06 5.97169e-06 0.000607919 0.99352 0.005416 
0.000394196 1.95967e-07 1.79928e-08 0.0291265 5.38939e-08 1.77741e-07 3.74319e-08 0.87594 0.00711153 0.0874269 
0.0178183 6.57556e-11 6.0374e-12 0.00185573 1.99102e-08 1.5507e-06 1.24357e-07 0.699467 0.26934 0.0115176 
2.03939e-06 0.0026678 9.22819e-07 0.00778543 0.000181037 9.11599e-06 0.0120471 0.304057 0.672989 0.00026074 
0.00181727 5.85895e-09 5.37944e-10 2.56184e-07 5.88047e-07 5.31403e-09 4.0176e-07 0.000388578 0.997793 3.06336e-07 
5.68856e-06 2.80351e-05 2.57406e-06 4.15268e-06 7.71008e-06 2.54277e-05 5.35502e-06 0.0107649 0.983018 0.0061382 
5.52945e-12 2.7251e-11 2.50207e-12 0.000113076 3.31106e-09 2.47165e-11 5.20524e-12 1.39405e-08 0.998455 0.00143175 
5.7752e-09 2.84621e-08 2.61327e-09 3.75204e-06 7.82751e-09 2.5815e-08 5.43658e-09 0.999988 1.82579e-06 6.8101e-06 
4.08133e-05 8.09555e-06 2.18553e-10 7.29888e-06 1.63723e-06 5.39955e-06 4.54672e-10 0.999794 0.000142948 2.90904e-08 
3.621e-07 1.78455e-06 1.6385e-07 2.64335e-07 4.90778e-07 0.00420991 3.40869e-07 0.995249 0.000211648 0.000325619 
4.06089e-09 1.26509e-05 1.83754e-09 2.83766e-05 8.18611e-05 0.00249011 0.0251391 0.972217 2.34184e-05 7.83459e-06 
2.13872e-07 0.00427687 9.67765e-08 0.14567 9.09811e-06 2.71166e-06 0.010714 0.809664 0.00064111 0.0290219 
0.009261 3.93516e-05 1.45583e-06 0.0460581 0.000349521 1.62235e-06 1.7434e-05 0.0132415 0.919803 0.0112275 
2.36227e-12 1.16421e-11 1.06892e-12 6.78041e-05 8.87819e-10 7.18479e-10 2.22376e-12 3.73379e-09 0.999073 0.000858957 
1.30559e-08 6.43439e-08 5.90778e-09 7.23595e-05 1.76955e-08 5.83595e-08 0.996795 1.23472e-08 0.00156962 0.00156315 
0.000562129 0.0870962 4.57749e-07 0.293084 8.65513e-05 2.74952e-06 0.000700425 0.577718 0.0244804 0.0162694 
6.36494e-05 2.51206e-07 2.30646e-08 0.0644511 7.08528e-06 2.27842e-07 5.81769e-05 0.886154 6.37324e-05 0.0492021 
3.07659e-05 3.05681e-05 5.78108e-06 0.00550296 0.0151222 0.202826 0.0278186 0.72831 0.000170803 0.0201822 
2.67599e-07 1.31881e-06 1.21088e-07 1.3708e-05 3.62694e-07 1.19616e-06 0.000141064 0.999793 2.59926e-05 2.31662e-05 
3.08653e-05 0.000126173 2.58754e-05 7.97853e-05 0.000189512 3.20885e-05 4.59027e-05 0.999069 0.000211837 0.000189057 
7.54751e-08 3.71966e-07 3.41523e-08 0.0513825 1.02296e-07 6.85355e-06 0.923626 7.13781e-08 0.00397625 0.0210078 
3.5477e-09 1.74842e-08 1.60533e-09 0.282182 2.41664e-06 1.7845e-07 0.000543998 0.716665 0.000320837 0.000285599 
0.000184123 0.00290477 1.75914e-07 0.300932 1.83345e-06 0.0252574 0.485099 0.00829816 0.0703 0.107022 
0.00946779 6.42053e-07 2.1575e-10 0.00700701 0.000503279 2.13127e-09 0.176417 0.0076142 0.0403568 0.758634 
4.12146e-05 4.5985e-06 2.15046e-10 0.000118501 0.318057 2.12431e-09 1.87263e-06 0.664159 1.15807e-06 0.0176167 
3.41624e-06 3.36731e-06 3.09172e-07 0.918962 9.26061e-07 0.00020157 0.00173686 0.0568476 0.0137825 0.00846131 
6.87055e-07 3.38603e-06 3.10891e-07 0.00682162 9.3121e-07 3.07111e-06 0.00439868 0.774449 0.00220742 0.212114 
6.03649e-05 6.26297e-09 5.75039e-10 2.15235e-05 1.72241e-09 5.68047e-09 1.1963e-09 0.995441 7.60293e-05 0.00440152 
1.11183e-10 0.00126209 5.03102e-11 8.11643e-11 0.00162585 1.24296e-06 1.04664e-10 0.996723 0.000386982 1.05282e-06 
1.43929e-07 7.09329e-07 6.51276e-08 1.05069e-07 1.95076e-07 8.92405e-06 1.3549e-07 0.868112 0.0194185 0.112459 
0.0248998 2.74689e-05 6.88112e-12 0.000485322 0.00564602 6.79746e-11 2.19412e-05 7.23998e-05 0.950497 0.0183504 
1.035e-08 5.10082e-08 4.68335e-09 0.0107225 0.000334664 4.62641e-08 9.74314e-09 0.964794 0.00597086 0.0181774 
9.73311e-09 7.07974e-09 4.01131e-12 0.756009 0.0372108 3.96254e-11 0.00487452 4.74123e-08 0.151063 0.0508432 
0.000333634 0.00241578 1.54735e-05 0.00272673 4.80147e-05 0.0158015 0.0105092 0.0519759 0.844536 0.0716373 
4.45024e-05 1.59237e-05 7.51647e-07 2.55704e-06 1.39208e-06 1.87612e-05 0.000167207 0.889822 0.0684154 0.0415112 
1.11183e-10 0.00126209 5.03102e-11 8.11643e-11 0.00162585 1.24296e-06 1.04664e-10 0.996723 0.000386982 1.05282e-06 
0.00946779 6.42053e-07 2.1575e-10 0.00700701 0.000503279 2.13127e-09 0.176417 0.0076142 0.0403568 0.758634 
0.000158595 4.08545e-07 3.75108e-08 0.23029 0.0029487 1.65006e-05 0.00080659 0.601304 0.0861252 0.0783509 
0.000717951 0.000397114 9.829e-05 0.10674 0.000731902 0.000127022 0.0056327 0.849926 0.000339066 0.0352907 
5.90509e-08 2.91022e-07 2.67204e-08 0.219336 8.00356e-08 2.63956e-07 5.55886e-08 0.759078 2.45186e-05 0.0215607 
1.10554e-07 0.000190212 5.00254e-08 0.941145 0.000948408 1.65927e-05 0.000183482 0.0265617 0.0194845 0.0114704 
0.000685494 0.000281255 1.61482e-05 4.09846e-05 3.53025e-05 0.000274774 0.00450709 0.986683 0.00284051 0.00463522 
0.00946779 6.42053e-07 2.1575e-10 0.00700701 0.000503279 2.13127e-09 0.176417 0.0076142 0.0403568 0.758634 
6.29416e-09 3.10197e-08 2.84809e-09 0.00798052 8.53088e-09 2.81347e-08 0.00166632 0.000827792 0.989487 3.82439e-05 
1.32388e-06 6.52452e-06 5.99053e-07 9.66439e-07 1.79434e-06 5.9177e-06 0.00199525 0.00112807 0.995788 0.00107149 
5.14656e-07 4.88203e-05 2.32881e-07 0.0164369 4.37794e-05 3.45921e-05 4.8448e-07 0.966504 0.000184877 0.016746 
1.10554e-07 0.000190212 5.00254e-08 0.941145 0.000948408 1.65927e-05 0.000183482 0.0265617 0.0194845 0.0114704 
5.37864e-06 2.65077e-05 2.43383e-06 3.92643e-06 0.51614 2.40423e-05 5.06327e-06 0.440003 0.0329888 0.0108001 
1.11183e-10 0.00126209 5.03102e-11 8.11643e-11 0.00162585 1.24296e-06 1.04664e-10 0.996723 0.000386982 1.05282e-06 
0.732994 4.29059e-07 3.93944e-08 0.000155908 0.000468876 4.64657e-05 0.0120836 0.0942896 0.148609 0.0113521 
0.281736 2.13716e-11 1.96225e-12 0.00028347 4.29581e-05 1.93839e-11 0.0154484 0.0143844 0.679226 0.00887828 
2.15357e-07 2.49137e-11 2.28747e-12 2.6943e-08 6.85164e-12 2.25966e-11 4.75879e-12 0.997504 0.00249563 1.83306e-08 
5.19947e-08 8.60299e-06 2.35275e-08 0.0966395 7.04718e-08 9.81477e-06 0.807168 2.24706e-05 0.0692279 0.0269232 
0.430757 0.0072951 1.44696e-09 0.000136016 5.78745e-08 5.51125e-07 0.000158546 0.0798524 0.398985 0.082815 
0.535989 0.00209627 1.72168e-11 3.1389e-07 5.15694e-11 1.87252e-07 3.58174e-11 9.39192e-07 0.461913 1.51648e-07 
5.52945e-12 2.7251e-11 2.50207e-12 0.000113076 3.31106e-09 2.47165e-11 5.20524e-12 1.39405e-08 0.998455 0.00143175 
5.52945e-12 2.7251e-11 2.50207e-12 0.000113076 3.31106e-09 2.47165e-11 5.20524e-12 1.39405e-08 0.998455 0.00143175 
1.14888e-07 5.7187e-05 5.19867e-08 8.3869e-08 1.55716e-07 0.000205933 0.000540867 0.998091 0.000182189 0.00092266 
1.11183e-10 0.00126209 5.03102e-11 8.11643e-11 0.00162585 1.24296e-06 1.04664e-10 0.996723 0.000386982 1.05282e-06 
1.11183e-10 0.00126209 5.03102e-11 8.11643e-11 0.00162585 1.24296e-06 1.04664e-10 0.996723 0.000386982 1.05282e-06 
1.63878e-08 2.58317e-06 7.41545e-09 1.19632e-08 2.22115e-08 7.32529e-08 0.0275497 0.955331 0.00283197 0.0142846 
8.033e-07 3.95893e-06 3.63492e-07 5.86413e-07 1.08876e-06 3.59072e-06 7.56199e-07 0.997556 0.000603585 0.00182963 
8.12417e-05 4.57501e-06 2.9162e-06 0.004175 5.9211e-06 0.871223 0.000536109 0.11566 0.00466088 0.00365038 
1.65977e-08 8.17988e-08 7.51042e-09 1.21164e-08 2.24959e-08 7.4191e-08 1.56245e-08 0.986099 0.0138804 2.03963e-05 
8.46565e-07 4.17215e-06 3.83069e-07 6.17996e-07 1.1474e-06 0.994092 7.96928e-07 0.00464435 0.000494819 0.000761274 
4.40138e-09 4.35999e-06 1.99162e-09 1.896e-05 8.35763e-06 7.8893e-06 4.14331e-09 0.984407 1.50593e-05 0.0155387 
6.29416e-09 3.10197e-08 2.84809e-09 0.00798052 8.53088e-09 2.81347e-08 0.00166632 0.000827792 0.989487 3.82439e-05 
4.09868e-06 2.01996e-05 1.85464e-06 2.99205e-06 5.55521e-06 1.8321e-05 3.85836e-06 0.979129 0.0167595 0.0040542 
1.37364e-06 6.79864e-05 6.21569e-07 1.00276e-06 1.86178e-06 0.0371971 0.00316719 0.892504 0.000115878 0.0669432 
9.70677e-07 4.78382e-06 4.39229e-07 0.000113946 1.31562e-06 4.33889e-06 9.04123e-05 0.000202826 0.000118703 0.999462 
2.06061e-07 1.01553e-06 9.3242e-08 1.50425e-07 0.000363352 9.21084e-07 1.93979e-07 0.978236 0.00143577 0.0199626 
1.11183e-10 0.00126209 5.03102e-11 8.11643e-11 0.00162585 1.24296e-06 1.04664e-10 0.996723 0.000386982 1.05282e-06 
3.52237e-06 2.01327e-07 1.8485e-08 0.00178445 1.34464e-06 1.82602e-07 1.50134e-05 0.000284091 0.997654 0.000256899 
1.99806e-10 9.84709e-10 9.04117e-11 0.0562082 2.7081e-10 3.519e-05 2.06918e-06 0.0911561 0.00658713 0.846011 
4.12146e-05 4.5985e-06 2.15046e-10 0.000118501 0.318057 2.12431e-09 1.87263e-06 0.664159 1.15807e-06 0.0176167 
0.000793795 3.36905e-07 3.09331e-08 0.00185934 0.000248351 3.0557e-07 0.000285754 0.980249 0.00838313 0.00817961 
0.0148068 0.000404942 0.000123039 0.0497158 0.00831599 0.000169351 0.0364617 0.818951 0.0518206 0.0192313 
9.21096e-08 4.53946e-07 4.16794e-08 0.0606452 9.31167e-05 4.11727e-07 0.000154474 0.88796 0.00773626 0.0434099 
5.52945e-12 2.7251e-11 2.50207e-12 0.000113076 3.31106e-09 2.47165e-11 5.20524e-12 1.39405e-08 0.998455 0.00143175 
2.17205e-07 7.13162e-10 6.54795e-11 1.05637e-10 1.9613e-10 6.46834e-10 0.999998 1.36852e-10 1.11695e-06 6.28786e-07 
0.0217825 0.0235703 4.12077e-12 0.0262689 9.71533e-06 4.07067e-11 0.0228406 6.52318e-05 0.899391 0.00607173 
0.00270705 1.33279e-05 1.22371e-06 0.007109 0.0124659 1.20883e-05 2.54577e-06 0.930179 0.0196329 0.0278771 
0.000119012 6.74859e-05 5.93684e-06 0.004211 6.67159e-06 3.0751e-05 0.000166604 0.940738 0.0543857 0.000268555 
6.74752e-07 0.000756189 3.05324e-07 4.92572e-07 9.14535e-07 3.01612e-06 6.35189e-07 0.186689 0.0410332 0.771516 
1.35013e-09 2.66821e-06 6.10932e-10 9.85603e-10 1.82992e-09 0.000145451 0.000137647 0.989521 5.01374e-06 0.010188 
7.11533e-05 1.3999e-06 1.28532e-07 0.050345 3.84992e-07 1.2697e-06 0.000198368 0.875193 0.0284464 0.0457425 
0.00968894 0.0780269 0.00502983 0.0674694 0.00871735 0.0718146 0.482733 0.0550645 0.12329 0.0981657 
9.73311e-09 7.07974e-09 4.01131e-12 0.756009 0.0372108 3.96254e-11 0.00487452 4.74123e-08 0.151063 0.0508432 
0.325701 5.51077e-05 7.61813e-06 1.06806e-05 9.64459e-06 3.32805e-05 0.516513 0.0420052 0.104713 0.0109519 
1.11183e-10 0.00126209 5.03102e-11 8.11643e-11 0.00162585 1.24296e-06 1.04664e-10 0.996723 0.000386982 1.05282e-06 
1.53807e-09 2.28162e-06 6.95975e-10 4.9292e-05 5.63062e-06 6.87513e-09 0.736149 0.00989906 0.00565096 0.248243 
0.00651637 8.92521e-05 3.94784e-07 0.000645195 0.359713 1.15025e-06 0.000485295 0.00119448 0.510478 0.120876 
1.75017e-05 6.62985e-08 6.08724e-09 0.0724233 0.000368327 6.01323e-08 4.05365e-05 0.000262092 0.000125724 0.926762 
1.97858e-08 9.75111e-08 8.95305e-09 1.44437e-08 9.6568e-05 4.43095e-05 1.86257e-08 0.999604 0.000250951 4.15611e-06 
4.12146e-05 4.5985e-06 2.15046e-10 0.000118501 0.318057 2.12431e-09 1.87263e-06 0.664159 1.15807e-06 0.0176167 
7.78259e-07 0.00318969 3.52161e-07 0.0298932 0.000700497 0.000455139 0.0650529 0.119801 0.7472 0.0337067 
4.87285e-09 2.4015e-08 2.20496e-09 3.55721e-09 6.61109e-06 2.17815e-08 8.26144e-06 0.999968 1.58592e-05 1.3156e-06 
4.70043e-05 1.71564e-07 1.57522e-08 0.0362101 4.71826e-08 0.000266544 0.0085127 0.0795233 0.115317 0.760123 
1.53807e-09 2.28162e-06 6.95975e-10 4.9292e-05 5.63062e-06 6.87513e-09 0.736149 0.00989906 0.00565096 0.248243 
0.00204508 0.000158546 4.09844e-12 0.000229272 5.78208e-06 4.04861e-11 2.2933e-05 0.000158966 0.997379 2.02692e-07 
0.000221344 9.23738e-06 1.18043e-06 1.40208e-06 1.84568e-05 1.58041e-06 0.000427744 0.260971 0.729195 0.00915337 
1.7053e-09 8.40426e-09 7.71643e-10 0.230862 0.00549772 1.44724e-05 0.0026013 0.0105034 0.4843 0.266221 
0.000166774 3.1166e-05 8.94688e-06 0.00247615 0.000226672 0.247505 0.18472 0.00678498 0.418023 0.140058 
2.01736e-06 9.03157e-06 1.07905e-10 1.31531e-06 1.08555e-06 1.06593e-09 2.94271e-06 0.953416 0.0458393 0.000728462 
6.00801e-07 2.96095e-06 2.71861e-07 4.38587e-07 8.14305e-07 0.00698514 5.65574e-07 0.992118 0.00035117 0.000540271 
0.00646426 1.51669e-05 2.29612e-08 0.00484629 0.000385688 2.2682e-07 0.44888 0.0052987 0.027277 0.506832 
1.03124e-09 5.0823e-09 4.66635e-10 0.0077865 7.40775e-07 4.60962e-09 1.10249e-06 0.00119646 0.957156 0.0338588 
2.06589e-06 5.93418e-09 5.44851e-10 0.000746399 1.33181e-07 5.38226e-09 0.00310379 0.00134248 0.979845 0.0149603 
0.000336224 0.000199509 2.92405e-05 0.00429163 0.000130443 0.00156379 0.00162995 0.981368 0.00954139 0.000909954 
1.14888e-07 5.7187e-05 5.19867e-08 8.3869e-08 1.55716e-07 0.000205933 0.000540867 0.998091 0.000182189 0.00092266 
0.325701 5.51077e-05 7.61813e-06 1.06806e-05 9.64459e-06 3.32805e-05 0.516513 0.0420052 0.104713 0.0109519 
0.430757 0.0072951 1.44696e-09 0.000136016 5.78745e-08 5.51125e-07 0.000158546 0.0798524 0.398985 0.082815 
9.31547e-11 4.59097e-10 4.21523e-11 0.000867116 1.26259e-10 4.16398e-10 4.92658e-05 0.0911949 0.0145369 0.893352 
1.42685e-07 7.03199e-07 6.45647e-08 1.04161e-07 0.000458695 6.37797e-07 0.00197614 0.997417 3.8068e-05 0.000108943 
0.568267 1.14596e-07 2.42906e-11 1.03278e-08 7.27576e-11 6.37261e-09 2.42551e-08 0.0226904 0.408866 0.000176293 
5.79131e-05 0.000886059 4.73115e-06 0.415665 0.225617 3.18464e-05 0.170938 0.0417198 0.0338752 0.111204 
0.00248224 0.000893005 0.000426187 0.00536382 0.00450207 0.0047109 0.0603865 0.0791812 0.83122 0.0108343 
6.01708e-08 5.14913e-06 2.72272e-08 4.3925e-08 8.15534e-08 2.68962e-07 5.66428e-08 0.151337 0.148679 0.699979 
1.06142e-10 5.23103e-10 4.80291e-11 7.74842e-11 1.43861e-10 4.74451e-10 4.2975e-07 0.999999 6.42145e-07 3.8488e-07 
0.00946779 6.42053e-07 2.1575e-10 0.00700701 0.000503279 2.13127e-09 0.176417 0.0076142 0.0403568 0.758634 
3.3228e-10 1.63759e-09 1.50356e-10 0.0145161 3.07177e-07 1.9714e-06 0.0527963 0.692596 0.155563 0.0845257 
0.000184123 0.00290477 1.75914e-07 0.300932 1.83345e-06 0.0252574 0.485099 0.00829816 0.0703 0.107022 
1.11183e-10 0.00126209 5.03102e-11 8.11643e-11 0.00162585 1.24296e-06 1.04664e-10 0.996723 0.000386982 1.05282e-06 
6.52355e-07 3.21502e-06 2.95189e-07 0.976443 8.84179e-07 2.916e-06 0.00915078 0.00271517 0.00767531 0.0040075 
8.87295e-08 4.37288e-07 4.01499e-08 5.15941e-05 3.81644e-06 3.96618e-07 0.043767 0.946808 0.00935018 1.88267e-05 
6.29416e-09 3.10197e-08 2.84809e-09 0.00798052 8.53088e-09 2.81347e-08 0.00166632 0.000827792 0.989487 3.82439e-05 
3.00046e-07 1.47872e-06 1.3577e-07 0.97503 4.06672e-07 1.34119e-06 0.0114397 0.002923 0.00779884 0.00280524 
2.54896e-06 1.25621e-05 1.1534e-06 0.000872128 0.000459189 1.13938e-05 0.00124209 0.921648 0.000275771 0.0754749 
3.60716e-08 3.05457e-11 2.80457e-12 0.000235286 1.42905e-09 1.50082e-09 5.83456e-12 5.99852e-09 0.998537 0.00122736 
1.11183e-10 0.00126209 5.03102e-11 8.11643e-11 0.00162585 1.24296e-06 1.04664e-10 0.996723 0.000386982 1.05282e-06 
5.14656e-07 4.88203e-05 2.32881e-07 0.0164369 4.37794e-05 3.45921e-05 4.8448e-07 0.966504 0.000184877 0.016746 
2.35005e-05 5.22577e-07 3.42476e-11 8.28816e-07 1.12942e-07 3.38312e-10 7.05423e-07 0.861132 0.138836 6.46814e-06 
0.0383769 0.0357354 1.0734e-06 0.000817789 0.000765273 0.000319983 0.000220498 0.743135 0.147559 0.0330687 
1.035e-08 5.10082e-08 4.68335e-09 0.0107225 0.000334664 4.62641e-08 9.74314e-09 0.964794 0.00597086 0.0181774 
0.00432721 0.0048761 0.002944 0.0175268 0.0286048 0.251128 0.0622354 0.318807 0.295417 0.0141335 
1.58647e-09 7.81867e-09 7.17877e-10 1.52885e-05 2.15025e-09 7.09149e-09 3.67404e-05 0.999938 1.99227e-07 9.69841e-06 
0.0264239 0.00100006 0.000518182 0.0139562 0.0034239 0.00696369 0.0228129 0.0322003 0.842801 0.0499001 
8.72792e-06 4.30141e-05 3.94937e-06 6.37142e-06 1.18295e-05 3.90135e-05 8.21617e-06 0.999804 4.64458e-05 2.82705e-05 
1.11183e-10 0.00126209 5.03102e-11 8.11643e-11 0.00162585 1.24296e-06 1.04664e-10 0.996723 0.000386982 1.05282e-06 
6.72808e-07 3.31582e-06 3.04444e-07 4.91153e-07 9.11901e-07 3.00743e-06 6.33359e-07 0.993216 0.00488178 0.00189248 
3.67854e-09 0.000411459 1.66453e-09 2.05423e-05 0.0136274 2.4253e-05 2.55243e-05 0.899696 0.0582143 0.0279806 
0.032501 0.00295626 1.23909e-08 3.62258e-06 3.60445e-06 1.59303e-06 2.57778e-08 0.924886 5.78628e-05 0.0395903 
0.000313673 5.3288e-07 4.89268e-08 0.000363168 1.4655e-07 4.83319e-07 0.00200529 3.07793e-05 0.996463 0.000822991 
0.00853231 9.92721e-06 3.67191e-07 2.40395e-06 0.150216 0.000785922 4.3984e-06 0.635395 0.131726 0.0733277 
2.53254e-06 1.24812e-05 1.14597e-06 1.84876e-06 3.43251e-06 1.13204e-05 2.38405e-06 0.999938 1.64239e-05 9.96943e-06 
0.000121494 2.72799e-05 5.41963e-06 0.0951312 0.000334954 0.0014025 0.0109743 0.632274 0.0151437 0.244585 
2.00799e-10 0.00152513 9.08611e-11 1.46584e-10 0.00163466 7.77287e-05 1.89025e-10 0.995493 0.000445914 0.000823714 
0.00946779 6.42053e-07 2.1575e-10 0.00700701 0.000503279 2.13127e-09 0.176417 0.0076142 0.0403568 0.758634 
2.36227e-12 1.16421e-11 1.06892e-12 6.78041e-05 8.87819e-10 7.18479e-10 2.22376e-12 3.73379e-09 0.999073 0.000858957 
0.00946779 6.42053e-07 2.1575e-10 0.00700701 0.000503279 2.13127e-09 0.176417 0.0076142 0.0403568 0.758634 
1.11183e-10 0.00126209 5.03102e-11 8.11643e-11 0.00162585 1.24296e-06 1.04664e-10 0.996723 0.000386982 1.05282e-06 
1.11183e-10 0.00126209 5.03102e-11 8.11643e-11 0.00162585 1.24296e-06 1.04664e-10 0.996723 0.000386982 1.05282e-06 
1.33117e-08 6.56043e-08 6.02351e-09 9.71758e-09 1.80422e-08 5.95027e-08 1.25312e-08 0.817115 4.16581e-05 0.182843 
0.636843 0.000207077 9.09762e-12 3.67726e-07 1.36501e-07 2.65162e-08 1.66068e-08 0.0466161 0.316272 6.08906e-05 
8.10882e-10 3.99629e-09 3.66923e-10 5.03213e-06 1.31995e-06 3.62461e-09 1.40462e-05 0.263484 0.0791758 0.65732 
0.0255946 7.73774e-06 2.86206e-07 1.87376e-06 6.87355e-05 3.18128e-07 3.42832e-06 0.579149 0.395166 8.04237e-06 
0.0481598 9.06315e-05 5.2209e-10 5.12128e-06 0.000909907 2.50884e-06 0.00667912 0.490759 0.387204 0.0661906 
0.430757 0.0072951 1.44696e-09 0.000136016 5.78745e-08 5.51125e-07 0.000158546 0.0798524 0.398985 0.082815 
4.70582e-09 2.31919e-08 2.12938e-09 0.0020547 1.06137e-06 2.10349e-08 6.53903e-06 0.974967 0.0142659 0.00870447 
0.00167888 0.000187248 2.07112e-09 0.487541 0.00171095 2.04594e-08 7.62682e-05 0.507604 4.71682e-05 0.00115414 
5.35756e-08 0.000729336 2.42429e-08 3.91104e-08 0.000702948 7.83072e-05 5.04343e-08 0.998246 0.000177122 6.61659e-05 
0.0334165 3.36012e-10 3.08511e-11 0.00766928 1.02232e-07 2.93576e-07 0.0366552 0.0269108 0.503555 0.391793 
3.96992e-08 1.95651e-07 1.79638e-08 2.89806e-08 5.38069e-08 1.77454e-07 9.09447e-05 0.999863 1.50078e-05 3.04503e-05 
