0.0002081 4.44481e-07 0.576992 0.0015388 1.96899e-05 7.20929e-05 0.000713055 0.00620298 0.0330164 0.381237 
0.00923984 0.00156507 0.560284 0.0226173 0.0284006 0.00650668 0.0011167 0.228556 0.0313206 0.110393 
0.00147079 1.18131e-05 0.563849 0.125833 0.025927 4.53188e-08 0.0502805 0.00164074 0.0127759 0.218212 
0.000956462 6.70511e-08 0.959792 0.00250383 0.0007745 0.00152651 0.00188656 0.0201081 0.00356917 0.00888298 
0.0452769 0.00966883 0.292616 0.149986 0.00111252 1.69092e-05 0.115054 0.034557 0.139112 0.212601 
0.000561446 1.03646e-05 0.504555 0.0796149 1.66538e-05 0.000607198 0.0712124 0.0159264 0.0465994 0.280896 
0.0992923 0.000660977 0.612462 0.0094065 0.233992 3.2528e-05 0.0240158 0.0104718 0.00256002 0.00710593 
0.00442824 9.28548e-06 0.408275 0.0331003 5.79017e-06 1.41121e-09 0.0192988 0.0177699 0.337626 0.179487 
0.00437714 0.000458113 0.40539 0.0947036 0.00888868 3.05955e-05 0.279637 0.0722955 0.0490355 0.0851842 
0.045304 9.6492e-05 0.66918 0.0109464 0.0247697 1.011e-07 0.00835602 0.00557185 0.0432533 0.192522 
0.0036838 6.67206e-11 0.827505 0.0229241 0.000622932 6.05152e-11 8.33826e-07 0.0339537 0.0914189 0.0198908 
0.0397247 0.00163366 0.418419 0.00915577 4.50987e-05 1.34082e-05 0.16617 0.0285764 0.0359949 0.300267 
0.0117916 0.00026324 0.283614 0.0332604 0.00108111 0.000355763 0.282672 0.0978755 0.0375874 0.251499 
0.0105861 0.183228 0.224298 0.135775 0.144363 0.00109361 0.00346531 0.129354 0.0289707 0.138867 
3.65062e-08 0.000404748 0.41038 0.220749 6.86169e-08 1.49755e-08 0.0105534 0.0183962 0.100724 0.238793 
0.0177282 0.00222702 0.504576 0.106666 0.0189781 3.6696e-05 0.0661894 0.0215479 0.0382447 0.223806 
5.6003e-07 2.76002e-06 0.868969 0.000480893 7.76629e-05 2.50332e-06 0.0483527 0.0448051 0.00833367 0.0289747 
0.0451438 0.00395571 0.40087 0.0323336 0.00438826 4.20128e-06 0.0421513 0.179601 0.13713 0.154422 
0.0177527 0.0109978 0.465987 0.134223 0.00343865 9.04853e-06 0.0111686 0.0167038 0.0425082 0.297211 
0.09426 9.17442e-05 0.499193 0.109841 0.00128073 0.000784262 0.0770396 0.0262114 0.0684078 0.122891 
0.00664632 1.56278e-05 0.624509 0.0191208 2.59886e-06 2.44384e-07 0.00088925 0.00872764 0.0467817 0.293307 
0.0113607 0.0020733 0.808136 0.0172028 0.00887333 2.5781e-06 0.0219491 0.00517341 0.00161891 0.12361 
0.0319804 2.92953e-05 0.545833 0.00533003 5.87102e-05 4.97799e-06 0.00312267 0.0039842 0.0413367 0.36832 
0.0149706 0.0105779 0.26421 0.090107 0.03454 3.24725e-05 0.0309373 0.208212 0.0886303 0.257782 
0.0222878 0.00474914 0.410509 0.135166 0.00314767 0.00343992 0.0378164 0.0246842 0.0432786 0.31492 
0.0134886 0.000423658 0.85977 0.0242462 0.000263795 5.07918e-06 0.000695871 0.0266932 0.0125551 0.0618586 
0.00368938 1.75177e-06 0.556323 0.0181824 3.14453e-05 1.80005e-06 0.00562732 0.00696977 0.0913685 0.317805 
5.16317e-08 0.00117264 0.432188 0.171607 7.93462e-06 1.56203e-05 0.000229779 0.0196736 0.00799524 0.36711 
0.00338274 0.0315376 0.402605 0.0333475 0.000252436 0.000863767 0.0576652 0.0546912 0.140522 0.275132 
0.0028791 0.000892135 0.412033 0.0211402 0.000194337 7.16577e-05 0.00710194 0.0163937 0.18973 0.349563 
0.077423 4.64658e-05 0.3459 0.0124931 0.000545287 5.30829e-05 0.257327 0.0223293 0.0351294 0.248753 
4.70032e-08 4.30351e-07 0.854534 0.0185382 2.93456e-11 9.67812e-11 0.0180226 0.02993 0.0145703 0.064404 
0.001502 0.000840656 0.696857 0.0447544 0.0186947 9.22625e-05 0.0267091 0.0314358 0.0827908 0.0963232 
0.00623995 0.00541723 0.329047 0.239073 0.0101074 1.41082e-07 0.0161645 0.0948122 0.0618117 0.237327 
0.0220012 0.00463468 0.403141 0.0442739 0.0289374 2.86144e-06 0.0292359 0.0361133 0.0332894 0.398371 
0.00469454 3.68963e-07 0.785385 0.00924578 2.26372e-05 3.62672e-07 0.0626991 0.048923 0.0138662 0.0751628 
0.00418631 0.000262928 0.65553 0.181154 0.00430865 3.76468e-06 0.0149839 0.0550885 0.00980512 0.074677 
0.064735 0.00162331 0.257636 0.0543417 0.15421 3.76831e-05 0.00734531 0.223519 0.0447247 0.191827 
0.00572609 0.00211651 0.681861 0.0174784 0.000306347 2.35261e-05 0.0170541 0.0437595 0.0595263 0.172149 
0.00308101 6.17368e-05 0.403209 0.0014813 0.000247804 0.00196204 0.117047 0.0593116 0.0306561 0.382942 
0.0145657 0.00146454 0.410716 0.071518 0.0118861 9.87611e-05 0.0463095 0.0176663 0.0267 0.399075 
0.0566429 7.95018e-05 0.357463 0.00628817 0.000221673 2.12734e-05 0.0493954 0.173837 0.279415 0.0766365 
0.00182031 0.000214714 0.433106 0.10766 0.08245 0.00156084 0.0244327 0.112573 0.0220565 0.214125 
0.00105899 2.96837e-06 0.942709 0.0129055 0.000324379 5.95364e-12 0.000680497 0.00039772 0.00130116 0.0406195 
0.00880859 0.0044766 0.364609 0.0647746 0.000228521 1.11584e-05 0.19009 0.0106256 0.0404413 0.315935 
2.31338e-06 6.71011e-09 0.449218 0.0714472 5.86489e-06 1.26593e-09 0.0121517 0.00928924 0.0347018 0.423184 
0.0039164 0.00131362 0.46405 0.00982311 0.000115771 0.00358619 0.068979 0.0302405 0.0549801 0.362996 
0.00014289 4.06657e-06 0.408953 0.028724 0.00063061 1.09359e-06 0.0203546 0.0285494 0.121684 0.390957 
0.000783387 2.67619e-10 0.817263 0.00869888 2.59464e-05 2.42728e-10 0.00499218 0.0809892 0.0240837 0.063164 
0.00286207 0.00328919 0.416575 0.118013 0.0056671 0.000139373 0.0430487 0.0213573 0.0337602 0.355288 
0.0362273 0.0110898 0.535638 0.13152 0.00347677 3.09955e-05 0.0301207 0.0177909 0.0285093 0.205596 
1.30911e-05 2.91662e-08 0.688349 0.000216025 0.00022296 0.000260276 0.221003 0.0110815 0.000906733 0.077948 
3.61455e-05 0.221264 0.640971 0.0290865 0.0288954 0.0025346 0.00586155 0.0499892 0.00199537 0.0193665 
0.11789 0.00293903 0.478058 0.0596076 0.0373775 5.90524e-05 0.0626688 0.0829183 0.0320281 0.126453 
0.000172206 0.000209211 0.896503 0.0591717 0.000796655 0.00170979 0.00143462 0.0211542 0.00233619 0.0165126 
0.0217894 0.00440161 0.31146 0.198737 0.00319352 0.000965409 0.112081 0.0442437 0.0567266 0.246402 
0.00387834 4.57563e-09 0.605833 0.000663164 8.89105e-06 2.23337e-09 0.00648111 0.0392674 0.0286449 0.315223 
0.0107027 3.02966e-07 0.377805 0.0412659 0.00191024 3.02992e-07 0.0326233 0.0658829 0.193816 0.275994 
0.00166876 0.000584206 0.413644 0.000825096 8.21818e-05 0.000119554 0.000458821 0.0410816 0.132851 0.408686 
0.0102349 0.000246622 0.477407 0.255663 2.98185e-05 5.21866e-08 0.0132096 0.000387001 0.0151916 0.227631 
0.107441 0.00555105 0.437054 0.0426456 0.0028087 0.000339373 0.0292134 0.0779007 0.0931465 0.2039 
0.0182331 0.00957845 0.714424 0.066794 0.00144602 2.46228e-05 0.0197442 0.0351114 0.0159033 0.118741 
0.00101606 0.00352767 0.329448 0.244567 0.00298054 7.83007e-05 0.0511626 0.0531632 0.0210254 0.29303 
0.000723662 0.00177232 0.508273 0.155356 0.000239682 2.37365e-06 0.0576137 0.0556485 0.0166423 0.203728 
0.0123736 0.00144367 0.371717 0.170942 0.00416267 8.39406e-05 0.0256368 0.0588248 0.100409 0.254407 
0.00440075 0.00198497 0.404241 0.037472 0.00393919 4.81971e-06 0.066414 0.159526 0.122223 0.199795 
0.0210644 0.000372434 0.45488 0.0745836 0.0120946 0.000354533 0.100128 0.0171565 0.0304614 0.288905 
0.0179897 0.00177132 0.451925 0.184963 0.0067166 1.56752e-05 0.0546685 0.140765 0.0287267 0.112458 
0.0117644 0.000313379 0.2702 0.193322 0.00913389 0.000628834 0.163576 0.0631376 0.0996624 0.188261 
0.00561203 0.000919701 0.467374 0.0107542 0.000211401 3.52404e-05 0.012503 0.171792 0.0844384 0.24636 
0.0100946 0.00022373 0.579755 0.00761438 1.72288e-05 5.67304e-08 0.01435 0.0609161 0.0222892 0.30474 
0.035622 2.20312e-05 0.323581 0.0175676 0.000428571 4.2132e-06 0.210812 0.0406551 0.0705175 0.30079 
0.00104895 0.00326837 0.390875 0.368002 0.000146271 1.79524e-05 0.00897342 0.0473489 0.0551147 0.125204 
0.0100771 0.0023258 0.449321 0.221986 0.0110698 0.00111927 0.0495761 0.0253101 0.0261651 0.20305 
0.00750182 0.0210014 0.701128 0.105364 0.0317873 6.75608e-07 0.0214708 0.019181 0.0138846 0.0786812 
1.19953e-05 0.000103265 0.795369 0.0447931 0.00163813 6.87312e-09 0.0172599 0.000103933 0.000532526 0.140188 
0.000382338 3.38674e-05 0.376457 0.0230198 8.10946e-05 3.37747e-08 0.0397291 0.0339443 0.370244 0.156109 
0.0229711 0.000720332 0.587641 0.029489 0.00505705 0.000235635 0.0339866 0.0243367 0.0243134 0.271249 
0.00623995 0.00541723 0.329047 0.239073 0.0101074 1.41082e-07 0.0161645 0.0948122 0.0618117 0.237327 
0.00915594 0.00560653 0.6349 0.0943495 0.0381811 1.67198e-06 0.0258559 0.0271856 0.014046 0.150718 
0.0143741 0.00463956 0.448079 0.015957 0.00664867 3.41784e-05 0.0106484 0.0201036 0.0322216 0.447294 
0.0219603 0.000401531 0.38452 0.112984 0.000116673 3.42686e-10 0.0225264 0.178433 0.114026 0.165032 
0.00475034 0.00389975 0.490179 0.0881452 0.00211295 0.00227522 0.0191432 0.0604448 0.0284997 0.30055 
0.000277062 0.0184724 0.408338 0.241383 0.0546934 0.0360927 0.0437467 0.0898693 0.00182108 0.105307 
0.0246735 0.00312236 0.378211 0.0901242 0.01023 0.000556501 0.0887921 0.192799 0.05262 0.158871 
0.0137439 0.00243235 0.414668 0.114593 0.0029217 4.22322e-05 0.0284865 0.021539 0.0515301 0.350044 
0.000859132 0.0010581 0.224927 0.13025 0.162388 7.54393e-06 0.0146893 0.148371 0.186971 0.13048 
0.0325927 1.67661e-07 0.285812 0.0974991 3.46688e-05 0.00016192 0.208949 0.00490964 0.0896484 0.280393 
0.0220792 0.00688172 0.702942 0.0922572 0.0408953 4.69062e-06 0.0223965 0.00862672 0.0385497 0.0653666 
0.001502 0.000840656 0.696857 0.0447544 0.0186947 9.22625e-05 0.0267091 0.0314358 0.0827908 0.0963232 
0.00324854 0.00727571 0.596111 0.151895 0.00279957 2.55977e-06 0.0612749 0.0341828 0.0488131 0.0943968 
0.0114681 0.000700302 0.472049 0.00998894 0.00153547 0.000455 0.0645857 0.33802 0.0329761 0.0682217 
0.084824 0.00164568 0.402372 0.325226 0.00467217 1.17914e-05 0.0086473 0.094245 0.0176621 0.0606936 
0.0105861 0.183228 0.224298 0.135775 0.144363 0.00109361 0.00346531 0.129354 0.0289707 0.138867 
0.000141446 0.000281715 0.496524 0.0634192 0.000180865 1.04226e-05 0.0163049 0.032179 0.00812624 0.382832 
1.91077e-06 8.56854e-11 0.711274 0.00415916 0.00105808 7.77161e-11 4.45194e-07 0.208286 1.69502e-05 0.0752039 
0.000899084 2.58406e-10 0.58493 0.0415316 3.72414e-05 1.46821e-05 0.0197462 0.268316 0.042075 0.0424492 
8.21107e-07 2.27933e-07 0.699439 1.84501e-05 4.05604e-07 1.09938e-08 1.36383e-07 0.0202284 0.017835 0.262478 
0.00433135 2.45535e-05 0.694092 0.0478809 0.0108279 7.76093e-06 0.0295011 0.005595 0.00628453 0.201455 
0.00122982 0.00457419 0.497339 0.121212 0.0189416 3.06838e-05 0.152666 0.109971 0.0183894 0.0756463 
0.00248616 4.10444e-08 0.748979 0.00919409 3.39554e-08 3.87074e-08 0.02632 0.0027211 0.0124637 0.197836 
0.002037 2.37478e-06 0.544621 0.103238 0.0162141 2.38871e-09 0.00781572 0.0417461 0.00939104 0.274935 
0.000258641 0.000656733 0.860214 0.0427108 5.24574e-05 6.5395e-08 0.000996748 0.00129712 0.00478225 0.0890308 
0.00385191 0.00203202 0.3445 0.176451 0.000404221 2.66802e-06 0.0569093 0.0114164 0.0690908 0.335342 
0.0146179 0.00219548 0.605768 0.0334121 0.00679881 0.000513241 0.0354817 0.0280131 0.0370846 0.236115 
0.000119313 2.59437e-07 0.904331 0.00289238 0.00013667 1.77784e-07 0.000339152 0.0689744 0.0181534 0.00505318 
0.000376299 0.231501 0.297536 0.000243452 0.0171622 0.017861 0.00845896 0.152436 0.0154439 0.258981 
0.00599489 1.59007e-05 0.411804 0.181481 2.04007e-06 2.81055e-07 0.0348557 0.00290572 0.125731 0.237209 
0.0731096 0.023224 0.37127 0.147318 0.118942 1.15393e-07 0.0118957 0.041328 0.102968 0.109945 
0.000139651 0.000127255 0.945003 0.0087402 0.000573886 1.85431e-06 0.00603135 0.027954 0.000351309 0.0110772 
0.0191156 0.000145548 0.465182 0.0380971 0.00857491 6.46586e-06 0.0216153 0.0508705 0.0556565 0.340737 
7.1339e-06 0.000646221 0.499536 0.199485 7.25669e-05 1.9327e-07 0.007599 0.243551 0.0010184 0.0480839 
0.0321719 2.98914e-05 0.391875 0.00178588 0.000295786 0.0021016 0.00128488 0.230378 0.150812 0.189265 
4.92438e-05 7.53713e-05 0.446457 0.00505914 0.000495203 6.16872e-05 0.180189 0.0203836 0.0085728 0.338657 
0.0211341 0.00861476 0.38637 0.177986 0.0237818 0.000145058 0.0960014 0.150388 0.0381086 0.0974695 
0.00438542 0.00151708 0.459715 0.0910527 0.0116816 0.000547552 0.0990149 0.0581918 0.0919377 0.181957 
0.0164817 4.74065e-05 0.776566 0.0095796 0.000246777 1.51297e-09 0.00125459 0.00649875 0.0182932 0.171032 
0.000119313 2.59437e-07 0.904331 0.00289238 0.00013667 1.77784e-07 0.000339152 0.0689744 0.0181534 0.00505318 
0.0225097 0.000649214 0.341201 0.0422977 0.00145996 9.60713e-09 0.00496645 0.287865 0.238561 0.0604907 
0.101825 1.16134e-07 0.336353 0.000768376 0.000102802 1.203e-11 0.005284 0.168074 0.199206 0.188387 
0.0146943 0.000141098 0.486899 0.0217353 0.0233818 7.04334e-05 0.0331947 0.0125754 0.0194634 0.387845 
0.0490379 0.000981554 0.707772 0.0934455 0.0187324 3.29488e-06 0.0155475 0.0274896 0.00676296 0.0802274 
0.00913534 0.0135397 0.425745 0.0753298 0.00321696 0.00327842 0.0347686 0.146696 0.0613486 0.226942 
0.000257466 0.0028525 0.779546 0.0486677 0.0397874 1.88131e-09 0.0199228 0.0048758 0.040851 0.0632396 
0.000252318 8.30555e-07 0.904978 0.00157926 5.33978e-07 0.000305825 0.00396086 6.39612e-06 0.0540473 0.0348688 
0.0148895 0.000302992 0.562411 0.0864341 0.000480744 7.19139e-05 0.00658599 0.124462 0.0707785 0.133584 
0.0162904 0.000243202 0.465036 0.00574546 0.00166336 0.0571621 0.033107 0.077467 0.0408234 0.302462 
0.00344503 4.01224e-05 0.565874 0.0276456 0.000590173 0.00028118 0.00689892 0.0237352 0.0665413 0.304948 
0.000263539 0.00157373 0.742782 0.137498 0.00199222 6.55333e-05 0.0190692 0.042427 0.00643942 0.0478893 
0.00142421 3.58254e-06 0.373971 0.0151395 7.12994e-05 5.62218e-07 0.000375548 0.0734848 0.177 0.35853 
0.0417249 0.00105795 0.440577 0.0577132 0.00161163 3.6898e-05 0.0233488 0.0114979 0.0276967 0.394735 
0.00569794 0.000531569 0.632314 0.0227671 0.000365433 0.000377255 0.0037707 0.0998042 0.0592737 0.175098 
8.23823e-05 7.53792e-06 0.350594 0.0162748 0.000672565 0.105009 0.17968 0.0823569 0.0152234 0.250099 
0.102226 5.05099e-08 0.55432 0.0227264 0.00483285 0.000292877 0.00153272 0.189637 0.0127825 0.11165 
0.0196634 0.00141835 0.363086 0.289297 0.00475033 7.38863e-05 0.059021 0.0320081 0.0239459 0.206736 
0.0171544 0.00232956 0.425581 0.0526576 0.00839818 0.000963447 0.0762661 0.111616 0.0517286 0.253305 
0.00979151 0.0230782 0.29035 0.132291 0.029469 0.0731863 0.103161 0.0738742 0.0659119 0.198887 
0.0568563 7.72198e-05 0.275 0.0502589 0.0114187 0.00523982 0.112936 0.0771105 0.178006 0.233097 
0.0427283 8.00428e-05 0.855425 0.0121255 5.53212e-06 2.53755e-05 0.0075601 0.0151361 0.0198941 0.0470196 
0.0149435 7.16253e-08 0.627669 8.41873e-09 8.57517e-06 1.36721e-05 0.00100151 0.00979003 0.0180468 0.328527 
0.0028089 0.000639951 0.620862 0.0447341 6.08169e-05 4.05299e-07 0.00262088 0.0185301 0.0145131 0.29523 
0.0716028 0.00721266 0.515061 0.0350524 0.014416 2.18783e-07 0.00548079 0.0222463 0.0780865 0.250841 
0.0235706 0.00104393 0.51996 0.164969 0.122803 7.50878e-10 0.0172043 0.00300765 0.0365761 0.110865 
0.00114709 0.00016477 0.698445 0.0320878 0.000111987 1.26956e-08 0.00357132 0.193016 0.0109055 0.0605509 
2.48579e-05 2.13054e-05 0.896783 0.0915541 9.90055e-05 5.09122e-10 0.00113468 0.00185212 0.000557289 0.0079739 
0.000831879 0.000230601 0.501359 0.0165303 1.11907e-05 2.59426e-06 0.0423839 0.0184082 0.0623901 0.357852 
8.1314e-05 0.344339 0.563129 5.82897e-07 6.52495e-06 7.15919e-06 1.91447e-06 0.092344 3.43712e-05 5.60035e-05 
0.0126977 0.00290971 0.519011 0.0322506 0.0113561 5.83229e-05 0.0249093 0.056707 0.0281604 0.31194 
0.026247 0.00100999 0.339944 0.120091 0.022897 1.29288e-05 0.0447399 0.0429561 0.0886768 0.313425 
0.0105861 0.183228 0.224298 0.135775 0.144363 0.00109361 0.00346531 0.129354 0.0289707 0.138867 
0.00801795 0.000395385 0.469177 0.0469764 0.00489948 0.00557062 0.0146399 0.00778456 0.0629859 0.379553 
0.0441238 0.00529711 0.238116 0.23448 0.0175547 5.88708e-05 0.0380825 0.148559 0.0585557 0.215173 
0.000876989 0.0440735 0.561091 0.166661 0.000518878 0.00195525 0.0641497 0.030219 0.0142353 0.116219 
0.000847602 1.88567e-06 0.790755 0.128402 0.000371504 4.28926e-09 0.0149333 0.000624083 0.0171982 0.0468663 
0.053919 0.0012589 0.551647 0.0622171 0.000117309 2.39963e-05 0.0670378 0.0110275 0.0275664 0.225185 
0.00375777 2.27799e-06 0.903676 0.0013551 0.000237469 0.00192263 0.00398304 0.0273448 0.0126791 0.0450419 
0.00042119 2.90243e-11 0.688273 0.073256 0.00272312 2.63248e-11 0.0142391 0.068066 0.0209965 0.132025 
0.0255455 0.000384479 0.43953 0.100776 0.000176575 3.55749e-05 0.0441696 0.0147754 0.0279243 0.346683 
4.28579e-08 8.37924e-07 0.631985 0.00256458 1.56185e-08 2.19894e-08 2.88226e-07 0.00157376 1.49605e-07 0.363875 
0.000263539 0.00157373 0.742782 0.137498 0.00199222 6.55333e-05 0.0190692 0.042427 0.00643942 0.0478893 
0.158667 0.00374492 0.274742 0.134255 0.0466391 0.000993921 0.0574553 0.146699 0.0929346 0.0838691 
0.0160805 0.00662581 0.533587 0.0209101 0.0430698 1.24281e-05 0.0180672 0.0188549 0.00445361 0.338339 
0.0180315 0.00236254 0.484476 0.103891 7.72794e-06 0.00221584 0.00955585 0.0424218 0.0871589 0.249879 
0.00402276 0.00286927 0.577376 0.0799387 0.000123833 7.17518e-06 0.0564432 0.00893176 0.0515451 0.218742 
2.74001e-05 0.000157142 0.324073 0.251602 0.0160261 5.72487e-11 0.244614 0.0046815 0.0423604 0.116459 
0.00507695 0.00579799 0.448339 0.0695797 0.0109316 0.00412239 0.241641 0.00870704 0.0290897 0.176715 
0.00948004 0.0116337 0.608579 0.135678 0.0101376 9.35408e-07 0.0110731 0.0159248 0.0344086 0.163084 
0.0248887 0.000576074 0.60945 0.00538504 0.00137165 1.08308e-06 0.0118348 0.0043903 0.0191239 0.322978 
0.000815531 0.00282832 0.71494 0.0970933 0.0404007 8.77666e-05 0.0100014 0.0465861 0.0291354 0.0581115 
0.00318217 6.42247e-06 0.323075 0.0258985 0.0955697 1.74879e-06 0.0811244 0.176737 0.0948812 0.199524 
2.02312e-11 9.9706e-11 0.659975 7.01537e-07 2.74206e-11 9.04327e-11 0.214012 0.00878287 0.00316558 0.114064 
0.0580513 0.00254601 0.619898 0.0793746 0.0117904 6.52193e-07 0.0273548 0.0393018 0.0264882 0.135194 
0.0349843 0.000286647 0.785854 0.0297958 7.70281e-05 1.33658e-06 0.00744036 0.0243046 0.0525545 0.0647019 
0.0173517 3.36225e-06 0.371286 0.198345 0.0490101 3.54129e-09 0.0130121 0.0181105 0.05565 0.277231 
0.0239834 0.00854366 0.427644 0.0651086 0.0166218 2.29757e-05 0.0791245 0.0805627 0.0363664 0.262022 
0.00995377 0.00365906 0.617759 0.115871 0.001707 6.95527e-05 0.0497419 0.0600806 0.0616656 0.0794931 
7.44884e-05 4.95505e-05 0.406128 0.181504 2.81686e-05 2.03706e-05 0.0961806 0.00460459 0.00639693 0.305014 
0.0338589 2.59219e-05 0.666902 0.00527529 9.03142e-05 3.13315e-06 0.00209803 0.0446063 0.0741361 0.173004 
0.00493822 0.0016268 0.7069 0.118547 0.0334684 1.12113e-06 0.0154506 0.0029461 0.000736374 0.115385 
0.00276223 0.00107278 0.47769 0.0497571 0.00494786 0.0505871 0.18075 0.17624 0.0187417 0.0374514 
0.135448 0.0144868 0.33804 0.0541125 0.000642392 0.265469 0.0308589 0.0212319 0.0792344 0.0604757 
0.000932224 0.000741695 0.625357 0.000325114 4.1693e-06 7.99221e-06 0.0608781 0.0545797 0.033545 0.223629 
0.000141519 0.00556808 0.376137 0.218339 0.0250037 0.0384357 0.0365821 0.194183 0.00809334 0.0975162 
0.00149229 2.36486e-05 0.623066 0.0601101 0.0138364 0.000152729 0.00501715 0.134306 0.0335634 0.128432 
0.0115758 1.2974e-05 0.703603 0.000647328 6.12303e-06 5.80458e-10 0.00112687 0.0105912 0.0287078 0.243728 
0.00693464 5.78447e-10 0.611657 0.010381 0.000152252 2.99784e-05 0.0340842 0.0432775 0.00327718 0.290206 
0.00397672 1.59178e-05 0.537725 0.0391555 0.0584067 2.51874e-06 0.00337469 0.10808 0.122225 0.127038 
0.248546 8.02611e-06 0.460788 0.00564386 0.000144348 3.82026e-09 0.000693729 0.00919764 0.142112 0.132866 
0.00113862 0.000115379 0.69143 0.078659 2.56194e-05 0.000256315 0.0716719 0.0114087 0.0224034 0.122891 
0.000233028 0.00111508 0.325533 0.140178 0.154008 0.000585721 0.00938629 0.0784333 0.00528008 0.285248 
0.0317253 0.00223835 0.647454 0.062436 0.0874485 1.28045e-05 0.0181268 0.0295866 0.0141145 0.106857 
0.0296941 0.000895242 0.6113 0.0294337 0.10884 2.64177e-05 0.0975543 0.0165683 0.0185025 0.0871858 
0.00188198 0.00306772 0.566764 0.0972215 0.000297336 4.56371e-07 0.109886 0.0207868 0.0169385 0.183156 
0.0323641 0.000164491 0.437525 0.0133364 0.0014529 0.000513971 0.0503235 0.0670839 0.0529306 0.344305 
0.0384375 0.00192726 0.530393 0.118959 0.0102728 1.62187e-05 0.0420051 0.0344464 0.013066 0.210477 
0.0459071 1.19493e-05 0.497354 0.32539 4.9171e-06 1.55831e-08 0.00973059 0.00166544 0.00640316 0.113533 
0.00517547 0.00658602 0.408427 0.00853952 0.00151692 5.94099e-05 0.00234418 0.290457 0.117385 0.15951 
0.0453904 0.000790561 0.463933 0.0244672 9.3653e-06 5.17202e-06 0.0117024 0.00983364 0.159288 0.28458 
0.0202171 0.0037816 0.351585 0.185403 0.0343095 1.37555e-06 0.0166201 0.310684 0.00848644 0.0689122 
0.0203592 0.00513906 0.57617 0.128777 0.0308929 0.000216893 0.0295042 0.0141691 0.0392054 0.155567 
0.0645223 8.71077e-05 0.467262 0.0131907 0.000128169 2.31508e-06 0.0153736 0.0167286 0.120797 0.301908 
7.35404e-05 2.58881e-05 0.755626 0.0210352 0.00135998 2.25746e-10 0.00145224 0.0215833 0.092014 0.106829 
0.00107647 3.153e-08 0.478801 0.176507 8.80776e-09 5.63125e-09 0.111956 0.0654581 0.132804 0.033397 
0.00462157 7.47159e-05 0.573801 0.163737 0.000291982 2.22845e-08 0.0832289 0.0221921 0.0171202 0.134932 
0.00502831 9.41472e-07 0.74065 0.00106381 3.00979e-05 2.10684e-06 0.0086415 0.0285275 0.071182 0.144874 
0.000148616 0.000127209 0.939967 0.0138349 0.00063448 1.84797e-06 0.00630782 0.0273628 0.000365152 0.0112498 
0.0417249 0.00105795 0.440577 0.0577132 0.00161163 3.6898e-05 0.0233488 0.0114979 0.0276967 0.394735 
0.000932224 0.000741695 0.625357 0.000325114 4.1693e-06 7.99221e-06 0.0608781 0.0545797 0.033545 0.223629 
0.00838327 1.51951e-05 0.686239 0.081886 3.13036e-08 5.70091e-07 0.00962498 0.0018803 0.00533858 0.206632 
0.00017656 2.94827e-05 0.380156 0.331157 0.000182952 1.11127e-08 0.0399053 0.0045552 0.0300495 0.213789 
0.000191753 2.6417e-08 0.974622 2.66246e-05 4.12242e-05 0.00127423 0.00154489 0.00298453 0.00468708 0.0146272 
0.0166211 0.00033014 0.448063 0.0627294 0.00210147 0.000109333 0.033822 0.0206615 0.0612875 0.354275 
0.00632054 0.00247199 0.621054 0.0453327 0.00569032 2.47495e-06 0.0710998 0.0619893 0.0343063 0.151733 
0.000191753 2.6417e-08 0.974622 2.66246e-05 4.12242e-05 0.00127423 0.00154489 0.00298453 0.00468708 0.0146272 
0.000191753 2.6417e-08 0.974622 2.66246e-05 4.12242e-05 0.00127423 0.00154489 0.00298453 0.00468708 0.0146272 
0.254211 0.000156824 0.328381 0.0272645 0.00210526 3.32383e-06 0.0206604 0.322625 8.90238e-05 0.0445034 
0.0409928 0.00143255 0.623572 0.0522798 0.0238868 1.13572e-08 0.00301597 0.050005 0.0566607 0.148154 
0.0143801 0.000460478 0.522579 0.017285 0.00392673 4.17896e-05 0.0239566 0.0122569 0.0232824 0.381831 
0.0443149 0.000934207 0.347115 0.0318481 0.0077569 1.75487e-05 0.179061 0.0964254 0.0130462 0.279481 
0.00888346 0.0702356 0.697988 0.0414918 0.0123107 1.24655e-06 0.00455292 0.0298499 0.00946464 0.125222 
0.00991335 0.000113629 0.350699 0.0211269 0.00116068 0.269051 0.078414 0.059387 0.0605577 0.149576 
0.00555105 8.38424e-06 0.364535 0.0388415 9.43309e-06 2.01869e-07 0.21526 0.000742675 0.0318657 0.343186 
0.00031187 9.32709e-06 0.538019 0.328642 7.25889e-05 1.38475e-08 0.00287868 0.0394486 0.0511047 0.0395125 
0.170375 1.49359e-05 0.389119 0.0725919 0.00332976 0.00010904 0.0128811 0.0831858 0.0506369 0.217757 
0.0490506 0.00135332 0.278776 0.265644 0.00409953 9.80693e-09 0.0663988 0.211345 0.0632967 0.0600363 
0.00894358 1.41484e-05 0.675178 0.00838317 0.000211354 9.5675e-05 0.0317309 0.0199603 0.0110497 0.244434 
0.0209863 0.00242973 0.464352 0.0580472 0.112944 0.00376438 0.0367729 0.0381369 0.101024 0.161542 
3.11474e-05 0.0004741 0.839672 0.0634721 0.0242675 2.74417e-12 0.00534292 0.000426192 8.38845e-05 0.0662304 
0.00934162 0.00425868 0.443321 0.117309 0.0141993 9.88931e-06 0.0107974 0.0221907 0.0469608 0.331611 
0.0341677 0.012482 0.274932 0.15335 0.0190535 0.0030793 0.0097444 0.245712 0.132158 0.115323 
0.00240664 6.45048e-05 0.547977 0.0956195 9.73936e-05 2.19447e-05 0.0436802 0.045977 0.0898119 0.174344 
0.000433364 1.83817e-07 0.555298 0.117579 3.04178e-05 2.75513e-06 0.0983329 0.0438261 0.00988593 0.174612 
0.000617124 7.78048e-05 0.59793 0.0575309 0.00105035 0.000129999 0.0872125 0.088768 0.0437123 0.122971 
0.000156386 0.000221217 0.373689 0.209352 0.102237 8.53958e-05 0.027302 0.191109 0.0429447 0.0529035 
0.00864732 0.000218454 0.337642 0.0197303 0.0862467 0.000169596 0.105555 0.0852082 0.0550809 0.301501 
0.0116872 0.00108867 0.453098 0.0364538 0.0818672 5.66182e-05 0.0381352 0.105653 0.0162576 0.255703 
0.00610056 0.00429603 0.826967 0.0618994 0.00134093 1.46619e-06 0.0048473 0.0382905 0.0319961 0.0242606 
0.000119313 2.59437e-07 0.904331 0.00289238 0.00013667 1.77784e-07 0.000339152 0.0689744 0.0181534 0.00505318 
0.0117544 0.000287307 0.441919 0.0700937 0.000229544 3.94194e-05 0.053372 0.0224021 0.0205547 0.379348 
0.00406901 1.34226e-10 0.531014 0.000708691 0.0042657 1.21742e-10 0.0389828 0.258033 0.0503551 0.112572 
6.63866e-05 0.0330788 0.849052 0.0162095 1.80578e-07 2.03855e-07 0.0135743 0.00670003 2.58925e-05 0.0812926 
0.0262442 0.00320205 0.572428 0.134574 0.00206171 7.94092e-06 0.0104073 0.0668334 0.00639395 0.177847 
0.0235614 0.00110847 0.359958 0.0527503 0.000887868 0.0648404 0.170285 0.00423573 0.0115804 0.310793 
0.0543393 0.00738897 0.507974 0.0445623 0.0305355 7.84971e-08 0.00306983 0.0291582 0.0901017 0.23287 
0.0367848 0.000295192 0.573227 0.0125516 0.000743784 2.40009e-05 0.172954 0.153579 0.0216762 0.028165 
0.0277099 0.00270327 0.354395 0.149871 0.00753761 0.00014295 0.090862 0.071571 0.0615258 0.233682 
0.00986024 1.26984e-06 0.56749 0.00712377 3.25547e-05 6.61113e-12 0.023961 0.0218555 0.00989856 0.359777 
0.00321132 0.00043733 0.356739 0.036803 0.000327859 0.000139295 0.0970707 0.184543 0.0640511 0.256678 
0.0423644 0.00478819 0.710183 0.125534 0.000206466 0.00180908 0.079005 0.0161182 0.00765601 0.0123361 
1.7596e-05 0.0131593 0.480726 0.083591 0.0971995 8.62949e-12 0.0402587 0.134235 0.00253589 0.148277 
0.000174139 0.000656786 0.734958 0.0576536 5.24633e-05 6.58198e-08 0.00967408 0.00229464 0.00606627 0.18847 
0.00665075 0.0116415 0.375865 0.159869 0.00131289 0.00378851 0.0557862 0.120942 0.0555681 0.208576 
0.000638657 0.000177321 0.438946 0.00852123 0.00159041 0.107763 0.00724119 0.240271 0.0108725 0.183978 
0.0137851 0.000999636 0.379668 0.169648 0.00102977 1.34454e-05 0.029868 0.0449896 0.0690452 0.290954 
0.0222942 5.00083e-06 0.497392 0.105292 1.06197e-05 5.44977e-05 0.0101145 0.0122376 0.0312014 0.321398 
0.0164213 0.0818798 0.322519 0.000879453 0.00103568 0.000709965 0.00320711 0.281383 0.0217498 0.270214 
0.00602559 0.000234918 0.543187 0.230668 0.000162391 0.000632682 0.0454267 0.041842 0.100588 0.0312328 
0.00105899 2.96837e-06 0.942709 0.0129055 0.000324379 5.95364e-12 0.000680497 0.00039772 0.00130116 0.0406195 
0.02779 0.000112539 0.575477 0.193929 0.000821479 1.60926e-05 0.0756953 0.0281996 0.0125273 0.085431 
0.00736093 0.0101368 0.467585 0.0578503 0.00674278 1.72479e-06 0.0620396 0.0937916 0.0490994 0.245392 
0.00276223 0.00107278 0.47769 0.0497571 0.00494786 0.0505871 0.18075 0.17624 0.0187417 0.0374514 
0.00722867 0.0151732 0.589059 0.190202 0.000183788 4.02808e-06 0.0150869 0.0429678 0.0381867 0.101908 
2.53728e-05 5.23524e-05 0.831821 0.137396 3.28722e-05 1.04891e-05 0.00792118 0.00464314 0.00288605 0.0152119 
0.0294438 0.00693804 0.721089 0.0744693 0.0189911 1.09028e-05 0.0267783 0.00867649 0.0321088 0.0814941 
0.00219665 0.00658134 0.672413 0.0695025 0.00209765 0.001256 0.0341056 0.0805478 0.0164669 0.114833 
0.000932224 0.000741695 0.625357 0.000325114 4.1693e-06 7.99221e-06 0.0608781 0.0545797 0.033545 0.223629 
5.16317e-08 0.00117264 0.432188 0.171607 7.93462e-06 1.56203e-05 0.000229779 0.0196736 0.00799524 0.36711 
0.0113607 0.0020733 0.808136 0.0172028 0.00887333 2.5781e-06 0.0219491 0.00517341 0.00161891 0.12361 
0.0436937 0.000379159 0.482622 0.100904 0.00928136 0.00886388 0.06493 0.108135 0.00947639 0.171714 
0.0004646 0.000984011 0.835186 0.102326 0.000121764 9.61527e-08 0.00146904 0.0016134 0.00773673 0.0500988 
0.000262795 0.0280832 0.499882 0.452243 0.0127512 2.60028e-06 2.60196e-06 0.00650749 0.000262823 2.60227e-06 
0.100312 9.43745e-05 0.531536 0.09451 0.00155847 1.63434e-05 0.00219944 0.0640569 0.044588 0.161128 
0.0303053 1.10481e-05 0.463064 0.026834 2.57083e-05 3.16405e-10 0.268591 0.00702434 0.0659508 0.138194 
0.0307949 0.0234768 0.371788 0.0298244 0.0285559 5.58696e-06 0.301975 0.119283 0.0381618 0.0561347 
0.00142421 3.58254e-06 0.373971 0.0151395 7.12994e-05 5.62218e-07 0.000375548 0.0734848 0.177 0.35853 
0.0100323 2.79435e-06 0.577806 0.0153621 3.63036e-05 2.35464e-07 0.00215397 0.00321302 0.0568217 0.334572 
0.00389414 0.000951178 0.550513 0.173429 9.22142e-05 7.31068e-07 0.0173463 0.0489344 0.029511 0.175327 
0.0203564 0.00119066 0.697136 0.0883769 0.0139695 3.24239e-05 0.0105371 0.00474484 0.0133553 0.150301 
0.0153969 0.00581981 0.392157 0.0729228 0.00377359 8.1591e-05 0.0294501 0.256653 0.0273897 0.196356 
1.91077e-06 8.56854e-11 0.711274 0.00415916 0.00105808 7.77161e-11 4.45194e-07 0.208286 1.69502e-05 0.0752039 
0.000627915 0.000403256 0.705555 0.0399497 0.00666114 1.33528e-06 0.0156486 0.00418388 0.0211952 0.205774 
0.0347527 2.8408e-06 0.678083 0.0436662 1.26956e-08 2.86972e-08 0.00505443 0.00361202 0.06611 0.168719 
0.000121335 7.56305e-08 0.41549 0.0291141 0.000609046 3.39188e-08 0.0185883 0.0280849 0.112966 0.395027 
0.0415345 1.91393e-05 0.517333 0.00388893 0.00100005 1.17442e-07 0.0706127 0.0395112 0.0555876 0.270512 
0.0716028 0.00721266 0.515061 0.0350524 0.014416 2.18783e-07 0.00548079 0.0222463 0.0780865 0.250841 
0.0451718 9.16321e-06 0.457221 0.000577736 4.28529e-06 3.33053e-08 0.000645228 0.012442 0.160714 0.323215 
4.08943e-05 1.1949e-05 0.80949 0.0808773 8.66824e-05 8.07482e-05 0.000864228 0.0163354 0.0093516 0.0828611 
0.000342789 0.00193354 0.752201 0.134304 0.000153906 0.000419736 0.00988061 0.0238683 0.0052029 0.0716934 
0.0251513 2.31207e-05 0.496301 0.0101923 0.0133624 0.00012857 0.0660908 0.0243068 0.03647 0.327973 
0.00414662 0.00325916 0.385377 0.2097 0.000552801 4.80982e-06 0.0207408 0.0181115 0.172805 0.185302 
0.00109992 2.64367e-06 0.56251 0.0723018 0.000209685 0.013338 0.160577 0.0841019 0.0484883 0.05737 
2.77349e-12 1.36687e-11 0.876633 7.20769e-05 3.75909e-12 1.23974e-11 1.68324e-05 4.61431e-08 0.000224177 0.123054 
0.00178332 0.00131908 0.781393 0.0878847 0.0268055 6.9266e-10 0.0168533 0.000973957 0.00096854 0.0820185 
0.0122773 0.000801274 0.361299 0.0884519 0.00167619 3.38605e-05 0.172787 0.0188425 0.0442794 0.299551 
0.184754 0.000254391 0.551365 2.86928e-06 2.95548e-12 2.34028e-08 9.31939e-07 0.00272384 0.0138676 0.247032 
0.00336454 1.40242e-08 0.544864 0.00566425 8.24946e-08 1.46154e-08 0.00136202 0.00104229 0.0304656 0.413237 
0.0847797 0.000183447 0.292432 0.119219 0.00620409 1.84191e-06 0.250886 0.0153726 0.0200656 0.210856 
0.0160822 0.000842072 0.608779 0.121224 0.000260405 3.5967e-06 0.12377 0.0436962 0.0301139 0.0552286 
0.011282 0.00818568 0.445435 0.0779928 0.034428 0.00194101 0.0352555 0.0979312 0.0997025 0.187846 
0.000119313 2.59437e-07 0.904331 0.00289238 0.00013667 1.77784e-07 0.000339152 0.0689744 0.0181534 0.00505318 
3.64306e-06 0.000261896 0.50433 0.465617 9.62613e-05 8.92741e-05 0.0183105 0.00115956 9.23645e-05 0.0100395 
0.0338589 2.59219e-05 0.666902 0.00527529 9.03142e-05 3.13315e-06 0.00209803 0.0446063 0.0741361 0.173004 
0.0178136 0.000772848 0.461013 0.0789221 0.0526559 7.74336e-06 0.0154372 0.0332166 0.0536364 0.286525 
0.0472368 0.000510877 0.462861 0.0371536 1.2496e-05 1.12893e-08 0.269134 0.0100234 0.0150654 0.158002 
0.000627915 0.000403256 0.705555 0.0399497 0.00666114 1.33528e-06 0.0156486 0.00418388 0.0211952 0.205774 
0.0748663 3.10928e-10 0.304826 0.0397343 0.00252195 2.82009e-10 0.0123475 0.228451 0.301558 0.0356943 
0.000510489 0.164315 0.435278 0.229274 0.000698364 2.40244e-09 0.00817838 0.0173946 0.00460131 0.13975 
0.0248243 0.0343391 0.562545 0.0995971 0.0021549 0.000331014 0.0534545 0.0109741 0.0482202 0.16356 
1.18198e-06 4.40378e-08 0.500467 0.13101 1.49275e-11 3.6822e-05 0.0202789 0.0331561 0.00856369 0.306486 
0.00681343 0.000171588 0.911145 0.019787 0.0185343 9.8932e-08 0.00404937 0.00114332 0.000480344 0.0378758 
0.00647416 0.0129548 0.584176 0.0713513 0.0431386 0.000331994 0.0717409 0.101164 0.00421669 0.104451 
0.000107319 2.2693e-05 0.771832 0.146813 0.000427324 0.000567189 0.0148944 0.0170303 0.00460958 0.0436963 
1.89849e-05 0.000108077 0.913601 0.0449527 0.00732713 1.85744e-08 0.0210676 0.000889588 0.000113093 0.0119214 
0.0111544 0.00118996 0.693466 0.000425845 0.00721662 1.9821e-05 0.000522731 0.155332 0.0825106 0.0481612 
8.0933e-05 0.000234252 0.575984 0.00566097 5.12287e-06 6.12529e-08 0.0053084 0.00522204 0.00597222 0.401532 
0.0236234 1.33688e-05 0.444634 0.00154381 0.00042241 0.000268966 0.0280564 0.20269 0.237761 0.0609874 
0.00275652 0.0215904 0.515794 0.31257 0.00165123 0.000180883 0.0878688 0.0118857 0.00465391 0.0410487 
0.00166429 0.00176051 0.341256 0.0589079 0.00623438 1.30918e-05 0.196332 0.0186073 0.0689929 0.306231 
0.0106435 0.00148421 0.669702 0.0671974 0.0983317 4.22534e-06 0.0502669 0.016497 0.00969022 0.0761826 
0.0319804 2.92953e-05 0.545833 0.00533003 5.87102e-05 4.97799e-06 0.00312267 0.0039842 0.0413367 0.36832 
0.0181466 0.00171206 0.439083 0.133342 0.0565411 8.103e-07 0.0279108 0.0170162 0.0198481 0.286399 
0.058206 0.000697681 0.559135 0.039108 2.1213e-05 4.67753e-07 0.00441806 0.00831082 0.0503825 0.27972 
0.00156585 0.00477043 0.416766 0.314185 0.0195597 0.00128514 0.0289327 0.0708351 0.0323475 0.109753 
0.00170521 0.00170153 0.475928 0.0118693 0.0360701 8.90324e-06 0.0175143 0.248204 0.00277039 0.204229 
0.0121595 0.00207985 0.246932 0.14202 1.63863e-07 0.000409587 0.144587 0.0638621 0.200832 0.187118 
0.00799848 0.000463175 0.572754 0.0495089 0.00318748 7.29294e-05 0.0347219 0.0241466 0.0196302 0.287516 
0.000257466 0.0028525 0.779546 0.0486677 0.0397874 1.88131e-09 0.0199228 0.0048758 0.040851 0.0632396 
0.0137808 0.00278576 0.395061 0.126944 0.00313636 0.000209414 0.0726483 0.0242747 0.0498661 0.311294 
0.00319862 0.00011474 0.395058 0.182763 0.0129228 0.000896702 0.0432794 0.0521842 0.111801 0.197781 
0.000191753 2.6417e-08 0.974622 2.66246e-05 4.12242e-05 0.00127423 0.00154489 0.00298453 0.00468708 0.0146272 
0.00140631 5.86211e-06 0.357187 0.00367457 0.000723245 0.101381 0.0945861 0.132164 0.00854936 0.300323 
0.0112242 0.00445733 0.549556 0.276025 0.00268641 7.59679e-07 0.00468209 0.0946417 0.00295036 0.0537759 
0.0383009 0.000606328 0.585691 0.0503402 0.000114122 1.8961e-07 0.00452765 0.00531215 0.026457 0.28865 
0.0160805 0.00662581 0.533587 0.0209101 0.0430698 1.24281e-05 0.0180672 0.0188549 0.00445361 0.338339 
0.00710348 0.000403415 0.616617 0.0454529 0.00388623 1.73476e-05 0.0225162 0.016906 0.040115 0.246983 
0.00105899 2.96837e-06 0.942709 0.0129055 0.000324379 5.95364e-12 0.000680497 0.00039772 0.00130116 0.0406195 
0.0213456 0.00856757 0.535213 0.0556996 0.000459318 1.49916e-05 0.0146766 0.0461518 0.0625175 0.255354 
0.012317 0.000365865 0.869805 0.0231277 0.000435936 9.57856e-05 0.00837073 0.0340606 0.00505154 0.0463695 
0.00651948 0.0044019 0.713682 0.096926 0.000364009 1.26559e-05 0.0380177 0.0746781 0.0200386 0.0453595 
0.0160694 0.000286403 0.826155 0.00483571 0.000461352 4.97602e-05 0.00307844 0.0708226 0.0197569 0.0584839 
3.67074e-06 0.000101544 0.996573 0.000528936 0.00244642 6.40912e-10 0.000244277 3.21235e-05 1.40581e-06 6.88978e-05 
0.0235601 0.00287875 0.803248 0.0732221 0.0177284 1.02899e-06 0.00479259 0.0159065 0.0160447 0.0426175 
0.00234112 0.000217155 0.509635 0.0123371 4.56309e-05 0.00500843 0.0301522 0.0244923 0.0229308 0.39284 
0.000899084 2.58406e-10 0.58493 0.0415316 3.72414e-05 1.46821e-05 0.0197462 0.268316 0.042075 0.0424492 
0.248157 0.00193988 0.470984 0.020327 0.00319296 0.000492147 0.0121254 0.0332953 0.0591832 0.150303 
0.0114547 0.0256501 0.482479 0.0412004 0.00746539 0.0176056 0.0117425 0.0530953 0.0296683 0.319639 
0.00344384 4.8292e-09 0.624167 0.0147215 7.0592e-10 1.15733e-09 0.00367638 0.00129187 0.036938 0.315761 
7.87412e-05 3.38239e-05 0.385578 0.0140494 0.000158207 0.000140863 0.190605 0.0247046 0.000670722 0.383981 
0.0381847 7.30799e-06 0.51695 0.0240732 0.000324977 0.00121016 0.00898232 0.0959003 0.0708688 0.243499 
0.0202656 0.00205184 0.571877 0.0205187 4.21059e-05 7.315e-06 0.00468595 0.0157856 0.111194 0.253571 
0.030399 0.0528695 0.327243 0.0604491 0.00136587 3.97238e-08 0.286418 0.033405 0.109465 0.0983849 
0.00223053 0.000526671 0.376009 0.230448 0.0023698 9.68984e-06 0.0768018 0.018719 0.0393527 0.253533 
0.0222103 0.000638044 0.440299 0.100737 0.00683477 0.000901148 0.145285 0.0464653 0.0654072 0.171223 
0.00519426 0.00436053 0.64857 0.0367934 0.00137032 3.4115e-05 0.0184482 0.0164411 0.0196447 0.249143 
0.00107467 0.00030189 0.695565 0.00279651 0.000607521 0.000562484 0.0025162 0.0145171 0.0375017 0.244557 
0.0193686 0.000101575 0.649632 0.0474372 0.0213236 6.63614e-06 0.00768046 0.051046 0.0485123 0.154892 
0.00640484 0.000311396 0.403714 0.260207 0.00558204 0.0107494 0.0596169 0.0187948 0.0232803 0.21134 
0.0610989 5.6296e-09 0.414323 0.0272877 0.17606 9.91727e-10 0.00370874 0.0183742 0.0393932 0.259754 
0.0258669 0.000968325 0.408361 0.209188 0.0426743 2.39003e-06 0.0403465 0.011009 0.0165717 0.245012 
0.00725608 0.000941666 0.504757 0.0472249 0.000177422 0.000126641 0.0138491 0.0237359 0.0361138 0.365818 
0.0048814 3.97494e-05 0.564232 0.252731 4.47341e-06 4.53067e-08 0.0129807 0.00907507 0.0295254 0.12653 
0.00104194 0.0097143 0.362038 0.0320853 0.0600239 6.28476e-05 0.0657758 0.0230651 0.0931434 0.353049 
0.00250249 0.00353708 0.386372 0.2864 0.000436962 1.84739e-06 0.21954 0.0162779 0.00831865 0.0766131 
0.0160997 3.39453e-09 0.736785 0.0202706 3.12629e-09 6.00225e-09 0.0361002 0.0054453 0.0115112 0.173788 
0.00263245 2.33423e-05 0.593266 0.00456101 1.7342e-05 0.00344031 0.00122328 0.176968 0.0204645 0.197404 
0.016549 0.000588079 0.669513 0.0112196 0.00016593 1.21593e-05 0.00194278 0.0705974 0.0176348 0.211777 
0.000974646 6.22661e-07 0.346034 0.249664 0.000406686 6.62519e-06 0.209339 0.00437239 0.051599 0.137603 
7.78323e-05 0.0579635 0.507256 0.168051 0.087983 1.68388e-05 0.00938124 0.0312489 0.000492115 0.137529 
0.0220792 0.00688172 0.702942 0.0922572 0.0408953 4.69062e-06 0.0223965 0.00862672 0.0385497 0.0653666 
0.0173897 0.000301677 0.463336 0.0703894 3.35817e-05 2.69616e-07 0.00826914 0.0151912 0.312312 0.112777 
0.00251347 0.000898661 0.628434 0.0560055 0.130955 7.30819e-10 0.0110073 0.00761689 0.0129131 0.149657 
6.56903e-05 0.00233729 0.83876 2.7234e-05 0.0010661 0.0014308 0.0442995 0.0505523 0.00116464 0.0602965 
0.00307754 0.000290489 0.427763 0.161674 0.245579 0.000371728 0.00249853 0.117952 0.0335626 0.0072312 
0.000173643 0.0777865 0.765486 0.0572898 0.0107296 7.44402e-07 0.00212759 0.0209806 0.010041 0.0553848 
0.0398274 0.0134688 0.341605 0.228429 0.0109245 1.36004e-06 0.0703375 0.0750523 0.103143 0.117211 
0.0246066 0.00150198 0.584369 0.0345329 0.0117078 3.26417e-07 0.0710217 0.00307983 0.0728201 0.19636 
0.00692866 0.000126954 0.596873 0.0110919 0.00185388 0.000595042 0.00319046 0.303739 0.0388835 0.0367183 
0.0695662 0.0123542 0.26497 0.0119549 0.00298002 0.000258236 0.210135 0.12372 0.22167 0.0823918 
0.000889067 2.18136e-05 0.374377 0.0221628 0.000421852 4.03598e-05 0.159553 0.0252229 0.0809538 0.336358 
0.000394745 0.00820559 0.58998 0.000328115 0.00360676 7.83734e-07 0.021388 0.0830766 0.0243052 0.268714 
0.0115357 0.000401771 0.636688 0.00502291 0.00130923 0.00190132 0.0821564 0.0953469 0.0471359 0.118502 
0.00344384 4.8292e-09 0.624167 0.0147215 7.0592e-10 1.15733e-09 0.00367638 0.00129187 0.036938 0.315761 
0.0482615 2.73745e-05 0.429798 0.00191229 4.73784e-05 6.05617e-06 0.00191523 0.0118781 0.0950824 0.411072 
3.11474e-05 0.0004741 0.839672 0.0634721 0.0242675 2.74417e-12 0.00534292 0.000426192 8.38845e-05 0.0662304 
0.0382183 0.00178958 0.299191 0.139655 0.0227679 3.55119e-05 0.0266464 0.227645 0.114268 0.129784 
