0.0170244 1.49519e-05 0.526113 0.0635637 8.10755e-05 3.36474e-05 0.0113785 0.0260031 0.0486838 0.307104 
0.0513864 0.0129412 0.675893 0.177444 0.000699847 1.80571e-06 0.00320552 0.00701455 0.000773857 0.0706402 
0.00391866 0.000861937 0.498779 0.109805 0.000239567 1.17069e-07 0.00458439 0.02714 0.0529471 0.301724 
0.0028428 1.49845e-07 0.309497 5.93037e-08 0.00226545 0.000171656 0.0745776 0.307158 0.246431 0.0570559 
0.000956462 6.70511e-08 0.959792 0.00250383 0.0007745 0.00152651 0.00188656 0.0201081 0.00356917 0.00888298 
0.000687461 9.74728e-07 0.40107 0.0157247 0.000944639 1.56379e-08 0.00400448 0.198083 0.174991 0.204493 
0.000384438 7.47794e-06 0.471255 0.00627048 0.000456246 6.64093e-06 0.0155692 0.0271623 0.0537416 0.425147 
0.00876329 0.000179236 0.81217 0.0216495 0.000237649 0.000106768 0.0201946 0.00878779 0.0115177 0.116393 
0.000108275 0.000264555 0.792462 0.0965885 8.52327e-05 1.53478e-06 0.0736999 0.00624334 0.00111474 0.0294318 
0.00616518 6.22745e-05 0.635612 0.00583832 4.89574e-05 3.57867e-05 0.087885 0.00304496 0.0155374 0.24577 
0.0036838 6.67206e-11 0.827505 0.0229241 0.000622932 6.05152e-11 8.33826e-07 0.0339537 0.0914189 0.0198908 
0.00074945 1.67223e-05 0.638916 0.235862 0.000264887 9.41088e-07 0.0256555 0.0134102 0.0331428 0.051982 
0.0397247 0.00163366 0.418419 0.00915577 4.50987e-05 1.34082e-05 0.16617 0.0285764 0.0359949 0.300267 
0.138975 9.95371e-05 0.439858 0.0166967 0.000105552 5.38599e-07 0.00700187 0.301578 0.0308487 0.0648353 
0.0137208 0.00141934 0.456164 0.0448276 0.00678805 7.20426e-05 0.039217 0.0582082 0.0150166 0.364567 
0.000752873 6.62887e-08 0.302027 0.0341269 0.00154964 7.05105e-05 0.12269 0.264273 0.0616404 0.21287 
0.000361783 1.38468e-05 0.428207 0.384267 0.000111016 0.000115619 0.0437627 0.031146 0.0179565 0.0940593 
0.00272941 0.000183987 0.55359 0.0054958 0.000284036 0.00011214 0.0608433 0.151368 0.00621191 0.219181 
0.0042802 0.00392392 0.539288 0.089903 0.0281586 2.99096e-06 0.0352459 0.142175 0.0321611 0.124861 
0.00534153 0.001229 0.468032 0.230214 0.023573 3.83493e-05 0.0575558 0.00648666 0.00864598 0.198884 
9.90831e-07 3.82501e-05 0.962041 0.0363397 8.05478e-06 2.93866e-07 0.000104693 7.4323e-05 1.94913e-05 0.00137282 
9.41268e-06 6.2495e-05 0.331261 0.321512 0.00248562 1.81002e-06 0.0039814 0.216415 0.116257 0.00801399 
3.65062e-08 0.000404748 0.41038 0.220749 6.86169e-08 1.49755e-08 0.0105534 0.0183962 0.100724 0.238793 
0.0104333 9.32358e-05 0.441961 0.0777466 0.000235443 1.19052e-05 0.206147 0.0908094 0.0199903 0.152572 
0.00577055 0.00501219 0.628479 0.0989498 0.0133957 0.000580827 0.0348352 0.03678 0.0398802 0.136317 
0.00402276 0.00286927 0.577376 0.0799387 0.000123833 7.17518e-06 0.0564432 0.00893176 0.0515451 0.218742 
0.021561 0.00826804 0.591268 0.0977818 0.00591255 0.000170511 0.0253903 0.0316979 0.0430482 0.174901 
0.00276223 0.00107278 0.47769 0.0497571 0.00494786 0.0505871 0.18075 0.17624 0.0187417 0.0374514 
0.00276223 0.00107278 0.47769 0.0497571 0.00494786 0.0505871 0.18075 0.17624 0.0187417 0.0374514 
0.058206 0.000697681 0.559135 0.039108 2.1213e-05 4.67753e-07 0.00441806 0.00831082 0.0503825 0.27972 
0.0105861 0.183228 0.224298 0.135775 0.144363 0.00109361 0.00346531 0.129354 0.0289707 0.138867 
0.0482043 9.20456e-06 0.522511 0.000100644 2.64452e-06 3.86403e-09 0.00112379 0.00227963 0.0299187 0.39585 
0.00276223 0.00107278 0.47769 0.0497571 0.00494786 0.0505871 0.18075 0.17624 0.0187417 0.0374514 
0.00105731 1.79271e-07 0.439336 0.0149073 0.000360886 2.25629e-05 0.00820135 0.208774 0.192693 0.134648 
0.00646166 0.00172304 0.427217 0.290764 0.059602 2.42037e-06 0.010362 0.0142742 0.0778578 0.111735 
0.000658264 0.00100945 0.510534 0.0857375 4.94705e-05 2.19752e-06 0.340336 0.000398503 0.00125195 0.0600225 
0.0661315 0.00219968 0.396048 0.195388 0.0459884 0.000133832 0.0295004 0.0336566 0.0306395 0.200314 
0.00565105 0.00173553 0.594744 0.138529 0.0108677 1.86269e-07 0.0168785 0.00814897 0.0152783 0.208167 
0.0291635 1.22052e-07 0.58855 0.0282687 0.224614 1.2337e-10 0.00362191 0.0250165 0.0228705 0.0778947 
0.004359 0.00377563 0.584118 0.101271 0.0598438 8.76003e-09 0.0101194 0.00711268 0.0109444 0.218456 
4.70032e-08 4.30351e-07 0.854534 0.0185382 2.93456e-11 9.67812e-11 0.0180226 0.02993 0.0145703 0.064404 
0.0462585 0.00223913 0.377649 0.0319994 0.000433278 0.000346896 0.259816 0.0292476 0.00723696 0.244773 
0.000489543 0.000381498 0.461246 0.101345 0.00952734 2.98762e-06 0.129139 0.0968224 0.0195729 0.181473 
9.98524e-06 0.246538 0.413818 0.152311 0.00120885 0.0333026 0.0787267 0.0418986 0.0104451 0.0217413 
0.00572609 0.00211651 0.681861 0.0174784 0.000306347 2.35261e-05 0.0170541 0.0437595 0.0595263 0.172149 
0.000343661 0.0554883 0.338603 0.12208 0.0400035 5.40397e-05 0.0373772 0.111078 0.0603501 0.234623 
9.97844e-08 4.9177e-07 0.971363 0.000779493 0.00035177 4.46033e-07 0.00340049 0.0179489 0.00183178 0.00432364 
0.0737914 0.00494143 0.333355 0.0316056 0.00488408 8.40497e-06 0.0199149 0.222376 0.201961 0.107162 
0.00195457 0.000788356 0.55173 0.0621288 0.00934346 3.98819e-06 0.115818 0.017576 0.0298531 0.210804 
0.00260524 1.8977e-06 0.550493 0.00843784 1.23046e-05 9.0795e-08 0.0371696 0.000714349 0.0263225 0.374243 
0.00302288 0.00157772 0.677711 0.132091 0.0034534 4.76711e-05 0.026744 0.0448973 0.0221017 0.0883527 
0.0245391 0.00480461 0.301468 0.0518223 0.031093 3.45744e-05 0.237984 0.150162 0.0937982 0.104294 
0.0500215 0.0945763 0.394696 0.131578 0.0116195 5.0982e-07 0.0142097 0.0588698 0.153275 0.0911531 
0.032788 0.00081637 0.658392 0.0101204 0.000167587 1.61312e-05 0.074241 0.042199 0.0235249 0.157735 
5.02649e-07 0.0196426 0.514382 0.0302482 2.6316e-08 1.98816e-09 0.000926998 0.0023318 0.0137378 0.41873 
0.0686509 0.00608443 0.609241 0.0306339 0.0199427 2.30073e-05 0.0158415 0.059108 0.0340876 0.156387 
0.0140193 1.1468e-07 0.552167 0.0321785 0.00495947 1.38178e-10 0.308743 0.0242852 0.00343443 0.060213 
0.0112525 0.00592968 0.63729 0.0810987 0.00862796 0.000349308 0.0607994 0.0231387 0.0281446 0.143369 
0.000568553 0.000605616 0.328281 0.0224351 0.000522741 0.0018929 0.133621 0.163465 0.0314118 0.317197 
1.30911e-05 2.91662e-08 0.688349 0.000216025 0.00022296 0.000260276 0.221003 0.0110815 0.000906733 0.077948 
0.00755498 0.0036391 0.328242 0.0883226 0.295129 1.2545e-06 0.0520914 0.125264 0.0278554 0.0719 
0.033153 7.45395e-05 0.35024 0.128137 0.000106401 2.11761e-08 0.257132 0.00489711 0.0163473 0.209912 
0.000942366 1.307e-07 0.829331 0.0912848 0.000459405 9.12651e-12 0.00370828 0.0271243 0.00728458 0.0398648 
0.0115357 0.000401771 0.636688 0.00502291 0.00130923 0.00190132 0.0821564 0.0953469 0.0471359 0.118502 
0.000175766 1.05899e-06 0.412491 0.00372433 3.14568e-05 0.00161709 0.00815667 0.27202 0.00784089 0.293942 
0.000185368 0.017989 0.520281 0.146177 0.00152059 9.68076e-05 0.0233408 0.186592 0.0283487 0.0754679 
0.0352096 3.34909e-11 0.786053 0.00774841 0.000490136 3.4328e-07 4.51004e-07 0.0955588 0.0150823 0.0598573 
0.000635478 6.75905e-06 0.395813 0.0765186 0.000315602 0.0733726 0.0280638 0.201706 0.193164 0.0304041 
0.0107027 3.02966e-07 0.377805 0.0412659 0.00191024 3.02992e-07 0.0326233 0.0658829 0.193816 0.275994 
0.0148574 0.0209292 0.354837 0.0030703 0.0010657 0.00364332 0.0455731 0.0490359 0.205022 0.301966 
0.00722135 4.96915e-06 0.469522 0.0996039 6.75834e-06 4.26225e-09 0.0716144 0.000845703 0.0271243 0.324056 
0.0134861 2.25509e-05 0.525196 0.00411655 0.000418708 1.98871e-05 0.160797 0.0120334 0.0664942 0.217416 
0.00370982 0.000103457 0.568364 0.0533088 0.000697712 3.18185e-06 0.014192 0.0161445 0.0398172 0.30366 
2.55634e-05 9.22129e-11 0.522515 0.00341269 0.000123742 0.000814847 0.0126423 0.0274921 0.00758004 0.425394 
0.0611283 0.0172612 0.380121 0.140269 0.00245168 1.0637e-05 0.0518945 0.0758229 0.0551547 0.215886 
0.00110016 0.00049522 0.769445 0.0907239 0.000418089 9.54948e-08 0.0127464 0.083761 0.0145112 0.0267991 
0.00167095 0.000197972 0.397161 0.0675523 1.88066e-05 3.09166e-07 0.0047958 0.132899 0.132757 0.262947 
0.0248817 0.00405616 0.52465 0.00990912 0.00229206 0.00214455 0.0219696 0.275093 0.017322 0.117682 
0.00725608 0.000941666 0.504757 0.0472249 0.000177422 0.000126641 0.0138491 0.0237359 0.0361138 0.365818 
0.0105861 0.183228 0.224298 0.135775 0.144363 0.00109361 0.00346531 0.129354 0.0289707 0.138867 
0.00333864 0.0132352 0.469619 0.0178868 0.000897624 0.000382977 0.0238517 0.0324006 0.0279373 0.41045 
0.00212581 5.30986e-06 0.858276 0.00191182 5.78597e-05 0.00602281 0.00355638 0.0175513 0.0114581 0.0990345 
0.0133937 1.94212e-06 0.527618 0.00238836 8.49511e-06 1.66886e-08 0.0142527 0.00437293 0.0347075 0.403257 
0.14697 0.000154909 0.282601 0.0814396 0.00284035 0.000141553 0.0492194 0.0958865 0.249765 0.0909811 
0.00680476 0.0126484 0.436048 0.0539563 0.0496175 5.29804e-06 0.0569735 0.0924159 0.0473069 0.244223 
0.00381985 0.00644863 0.415737 0.133713 0.0949157 4.94662e-07 0.0642498 0.0230994 0.0591196 0.198896 
0.00233539 0.0134467 0.488605 0.0282099 0.0113896 0.000135286 0.0589698 0.0148316 0.0338311 0.348246 
0.0324978 0.00539345 0.639369 0.156407 0.00637743 3.00682e-06 0.048394 0.0311901 0.0250194 0.0553484 
0.00766317 0.00321845 0.485403 0.138009 0.00377893 0.000167186 0.0329926 0.0153519 0.0326432 0.280773 
0.0288721 0.00330248 0.692231 0.0366813 0.0103938 5.35198e-06 0.008458 0.0167136 0.0383785 0.164964 
0.0543393 0.00738897 0.507974 0.0445623 0.0305355 7.84971e-08 0.00306983 0.0291582 0.0901017 0.23287 
0.0348696 0.0056458 0.305201 0.16941 0.0240776 5.4293e-05 0.100575 0.191543 0.0788184 0.0898058 
0.00924356 0.00441302 0.462591 0.17717 0.0956718 0.00764776 0.0739911 0.0430578 0.0175685 0.108645 
0.103804 0.0509612 0.251176 0.24322 0.0700827 3.05449e-09 0.0114072 0.0749159 0.121862 0.072571 
0.0319804 2.92953e-05 0.545833 0.00533003 5.87102e-05 4.97799e-06 0.00312267 0.0039842 0.0413367 0.36832 
0.00226171 2.30655e-05 0.348011 0.0035794 0.00286337 0.0149079 0.0292211 0.310688 0.0674215 0.221023 
0.0277541 0.00477826 0.753786 0.0602415 0.000371975 8.17385e-06 0.0275118 0.00764025 0.0227536 0.0951541 
0.0645029 0.177819 0.592385 0.025154 0.000468405 9.4481e-07 0.00147054 0.00317164 0.0179791 0.117049 
0.00333864 0.0132352 0.469619 0.0178868 0.000897624 0.000382977 0.0238517 0.0324006 0.0279373 0.41045 
0.00838327 1.51951e-05 0.686239 0.081886 3.13036e-08 5.70091e-07 0.00962498 0.0018803 0.00533858 0.206632 
0.145249 4.91442e-12 0.319559 0.0952542 8.28347e-05 4.45735e-12 0.150851 0.0040642 0.0386678 0.246272 
0.00972538 0.000199349 0.368107 0.189256 0.0215959 4.5538e-05 0.0148674 0.029538 0.0637336 0.302932 
0.00686558 0.000560624 0.576593 0.153065 0.0222019 0.00050075 0.0172577 0.0974071 0.0148885 0.11066 
0.000114763 0.00443317 0.981321 0.00949925 9.31819e-05 3.36835e-05 0.00344373 0.000467973 8.08276e-05 0.000512035 
0.000191753 2.6417e-08 0.974622 2.66246e-05 4.12242e-05 0.00127423 0.00154489 0.00298453 0.00468708 0.0146272 
6.31043e-05 5.34167e-05 0.747467 0.00362084 0.000608773 4.23046e-06 0.0636024 0.017877 0.00183185 0.164872 
0.0105861 0.183228 0.224298 0.135775 0.144363 0.00109361 0.00346531 0.129354 0.0289707 0.138867 
0.00168356 0.0133257 0.529269 0.154691 0.0560554 4.75697e-05 0.0498134 0.0523385 0.0115562 0.13122 
0.000409282 0.00464167 0.903171 0.0392869 6.53519e-05 8.58425e-06 0.00120239 0.000464525 0.0154541 0.0352962 
0.00274002 0.00170574 0.411871 0.192795 0.00572358 2.01295e-07 0.0120778 0.103481 0.112896 0.156709 
0.0247608 0.00346854 0.648754 0.0448279 9.84071e-05 3.7049e-05 0.0189601 0.00773089 0.0428944 0.208467 
0.000267173 4.20395e-07 0.44167 0.0543662 2.56512e-06 6.72644e-06 0.00311695 0.137165 0.0816785 0.281727 
0.0307949 0.0234768 0.371788 0.0298244 0.0285559 5.58696e-06 0.301975 0.119283 0.0381618 0.0561347 
0.00162453 1.7777e-12 0.609672 0.000603527 6.75059e-09 1.61237e-12 0.00673128 0.00789374 0.0933364 0.280139 
0.00363844 0.000439303 0.619739 0.0403208 0.00353187 0.00210653 0.00688165 0.280672 0.0111217 0.0315482 
0.000576402 0.0193034 0.388447 0.362499 0.00468008 3.3135e-05 0.0435685 0.0747848 0.0138007 0.0923062 
0.000899084 2.58406e-10 0.58493 0.0415316 3.72414e-05 1.46821e-05 0.0197462 0.268316 0.042075 0.0424492 
0.0105861 0.183228 0.224298 0.135775 0.144363 0.00109361 0.00346531 0.129354 0.0289707 0.138867 
0.000667485 0.0010142 0.747049 0.03987 5.01387e-05 2.68496e-06 0.167736 0.000400125 0.0012551 0.0419555 
0.00761613 0.000503585 0.503545 0.0273066 5.55132e-05 7.89986e-07 0.00215159 0.0872767 0.125281 0.246263 
0.00433135 2.45535e-05 0.694092 0.0478809 0.0108279 7.76093e-06 0.0295011 0.005595 0.00628453 0.201455 
7.96763e-05 6.5267e-05 0.790489 0.0368676 1.20039e-05 2.98556e-06 0.00272529 0.00535022 0.0718108 0.092597 
0.000119313 2.59437e-07 0.904331 0.00289238 0.00013667 1.77784e-07 0.000339152 0.0689744 0.0181534 0.00505318 
0.0105861 0.183228 0.224298 0.135775 0.144363 0.00109361 0.00346531 0.129354 0.0289707 0.138867 
6.20424e-05 0.0016754 0.439759 0.0747813 0.108088 4.37694e-05 0.0459412 0.261503 0.0113391 0.0568068 
0.00453326 0.000472927 0.592918 0.0836242 0.000552506 0.000351256 0.123678 0.0328832 0.0277784 0.133208 
4.35897e-05 0.000116198 0.569654 0.156903 0.00402787 4.04534e-08 0.139464 0.000964906 0.000430481 0.128396 
0.00210841 0.000713399 0.390738 0.199079 0.0358235 2.02183e-06 0.0465312 0.0109655 0.00332107 0.310718 
0.023507 0.00285764 0.571146 0.0283575 4.50813e-05 1.37439e-06 0.0255632 0.027622 0.0701452 0.250755 
0.00795782 0.00152217 0.676308 0.0566315 0.000334359 0.000606099 0.0109694 0.0780181 0.0108588 0.156793 
8.12042e-09 4.44174e-11 0.947935 0.018798 0.00130852 4.02863e-11 0.00514479 0.00197754 0.00036557 0.0244702 
0.0095066 0.004067 0.325772 0.204509 0.065038 0.105911 0.0682889 0.0565678 0.0154939 0.144845 
0.0417249 0.00105795 0.440577 0.0577132 0.00161163 3.6898e-05 0.0233488 0.0114979 0.0276967 0.394735 
0.0250972 2.20862e-05 0.456799 0.00525789 3.18305e-05 8.02614e-07 0.173812 0.00379273 0.0102939 0.324892 
0.000894934 1.38133e-07 0.568313 0.0265441 1.71948e-06 5.69414e-11 0.000352949 0.00242739 0.0677645 0.333701 
0.0464226 0.0411935 0.398298 0.00828517 0.0141388 3.63393e-06 0.0523487 0.248829 0.119271 0.0712088 
0.0203518 0.000637535 0.639335 0.0402191 0.00436468 0.000994473 0.00962062 0.237464 0.0192312 0.0277824 
0.0183325 0.000804075 0.338506 0.144741 7.09638e-05 8.43502e-05 0.0120016 0.0598225 0.101995 0.323642 
0.0245391 0.00480461 0.301468 0.0518223 0.031093 3.45744e-05 0.237984 0.150162 0.0937982 0.104294 
0.0359584 0.012036 0.475403 0.0756829 0.00782147 7.81069e-07 0.0205286 0.0556135 0.199491 0.117464 
0.0180281 0.00167461 0.81143 0.0420861 0.00101704 2.08393e-05 0.0145233 0.058223 0.0032886 0.0497087 
0.0497138 3.07576e-05 0.580987 0.0764095 0.000475112 0.000144902 0.084673 0.0961391 0.0228245 0.0886021 
1.09536e-06 9.42396e-09 0.870986 1.39592e-09 3.03284e-05 0.000216376 1.80008e-09 0.0288145 0.0510264 0.0489256 
0.000637373 0.00322202 0.624159 0.130345 0.0170669 1.64914e-08 0.0511816 0.00390727 0.00253662 0.166944 
8.28819e-06 7.10654e-06 0.918035 0.0742696 8.76433e-05 5.61558e-10 0.000429351 0.00103721 0.000416512 0.00570934 
0.00276223 0.00107278 0.47769 0.0497571 0.00494786 0.0505871 0.18075 0.17624 0.0187417 0.0374514 
0.00212234 0.0018373 0.441129 0.128854 0.000601284 0.0140095 0.0557674 0.0262602 0.029901 0.299517 
0.00838327 1.51951e-05 0.686239 0.081886 3.13036e-08 5.70091e-07 0.00962498 0.0018803 0.00533858 0.206632 
0.0277541 0.00477826 0.753786 0.0602415 0.000371975 8.17385e-06 0.0275118 0.00764025 0.0227536 0.0951541 
0.000307265 0.000270226 0.585046 0.156201 6.61912e-06 1.32201e-08 0.00901645 0.00120211 0.0113125 0.236638 
0.00141995 0.00977051 0.753096 0.0949779 0.000405001 7.9178e-06 0.00291498 0.00694648 0.020821 0.109641 
0.00317489 0.00257936 0.628139 0.0490185 0.00726981 0.00192611 0.169238 0.0372721 0.0235339 0.0778486 
0.00329065 0.000961868 0.498768 0.37381 0.000261243 0.000759076 0.0189304 0.0482642 0.0266701 0.0282841 
0.0103573 0.267831 0.375114 0.0416942 0.070249 0.000509186 0.021138 0.192286 0.00394221 0.016879 
0.0107027 3.02966e-07 0.377805 0.0412659 0.00191024 3.02992e-07 0.0326233 0.0658829 0.193816 0.275994 
0.00383745 0.0140348 0.667769 0.0648576 0.00631835 3.68355e-06 0.0544705 0.0317357 0.0191822 0.137791 
1.50634e-08 0.00033117 0.492408 3.52652e-05 3.30462e-05 5.40274e-07 0.0959927 0.0216667 0.0226801 0.366852 
0.0719459 0.0283723 0.535142 0.023604 0.00195402 0.00010627 0.0233648 0.196424 0.0375069 0.0815796 
0.000792464 5.00991e-07 0.701748 0.0235641 0.000100905 1.66532e-08 0.010035 0.0152013 0.0131926 0.235365 
0.000345847 2.57875e-05 0.746288 0.0252617 0.000124996 0.00192652 0.100303 0.00800711 0.00339406 0.114323 
0.000567694 0.160277 0.343553 0.067344 0.146107 8.47726e-07 0.0538392 0.0965148 0.0660596 0.0657362 
0.0143067 0.0127474 0.559213 0.040504 0.000305233 3.36327e-08 0.00381208 0.0333794 0.0677425 0.267989 
0.000221195 0.00852533 0.30878 0.259687 0.0020558 0.00705815 0.276438 0.0696176 0.00686162 0.060756 
0.000191753 2.6417e-08 0.974622 2.66246e-05 4.12242e-05 0.00127423 0.00154489 0.00298453 0.00468708 0.0146272 
0.00149198 0.0231115 0.659145 0.0683032 0.00027407 0.000336274 0.0467931 0.0394801 0.0417012 0.119364 
0.000263539 0.00157373 0.742782 0.137498 0.00199222 6.55333e-05 0.0190692 0.042427 0.00643942 0.0478893 
0.0105861 0.183228 0.224298 0.135775 0.144363 0.00109361 0.00346531 0.129354 0.0289707 0.138867 
0.00569794 0.000531569 0.632314 0.0227671 0.000365433 0.000377255 0.0037707 0.0998042 0.0592737 0.175098 
0.000604636 5.86881e-05 0.701494 0.126065 0.000354693 1.36169e-05 0.0261767 0.110087 0.00978526 0.0253599 
0.0138486 0.00232252 0.446215 0.118189 0.00767054 0.000648056 0.102832 0.0217817 0.0340201 0.252473 
4.99714e-05 0.0045101 0.584575 0.148427 0.000401767 1.1257e-06 0.0705597 0.0447144 0.0012214 0.14554 
0.0114594 0.0104472 0.417914 0.00512338 0.00418428 2.72575e-05 0.102935 0.267951 0.0892463 0.0907124 
0.0180547 0.001827 0.440892 0.0497727 0.008129 0.00021802 0.0582274 0.0361696 0.0351846 0.351525 
0.0214592 0.00241278 0.624812 0.027334 0.00128148 1.05931e-05 0.00896884 0.0125865 0.079602 0.221532 
0.000223542 0.0188189 0.645105 0.00511987 0.000868021 7.20199e-06 0.15234 0.0448383 0.0033148 0.129365 
6.48831e-08 1.88439e-06 0.954306 0.002474 5.11836e-07 6.23491e-10 2.28652e-05 7.88105e-06 3.62788e-05 0.0431509 
0.00183825 2.82203e-05 0.500036 0.113342 1.80552e-05 4.4151e-07 0.0286838 0.0222697 0.138224 0.195559 
0.0375903 1.77342e-05 0.615464 0.11214 0.0329018 5.8203e-07 0.0272519 0.0164875 0.0542343 0.103912 
0.0193564 0.000736336 0.40751 0.333716 0.00650827 4.96936e-05 0.0618342 0.0654168 0.0630885 0.041784 
0.0828157 5.18441e-06 0.676952 0.0606027 0.00100724 3.18146e-05 0.0135674 0.057638 0.00739293 0.0999868 
0.00724188 8.36808e-05 0.424983 0.107282 0.000116648 1.11432e-07 0.0218421 0.00560904 0.0206295 0.412212 
0.000745207 0.00348931 0.764571 0.0578317 0.000630601 3.80932e-05 0.0408278 0.106022 0.0125169 0.0133268 
0.00406183 0.00255848 0.647645 0.0331904 0.0240327 0.00024301 0.239146 0.0119979 0.00203899 0.0350855 
0.000714315 0.00296646 0.365429 0.19516 0.0891543 0.0160418 0.0786646 0.0565553 0.0346995 0.160615 
0.0451718 9.16321e-06 0.457221 0.000577736 4.28529e-06 3.33053e-08 0.000645228 0.012442 0.160714 0.323215 
1.91145e-05 0.0168448 0.70476 0.238654 3.5557e-05 8.7152e-07 0.0110056 0.00123612 0.0173024 0.0101419 
0.00395636 0.000430732 0.369131 0.240222 0.0285225 5.16829e-05 0.0630825 0.0603232 0.0243768 0.209903 
0.00184446 0.0034846 0.400584 0.149666 0.0282254 0.00171945 0.197764 0.0304055 0.0025607 0.183746 
0.0244388 0.0294643 0.235546 0.174838 0.134312 1.26613e-05 0.0298899 0.185193 0.106107 0.0801976 
0.000444087 0.00148493 0.669467 0.0838418 0.000221364 0.00388954 0.0658294 0.0481827 0.0283921 0.0982469 
0.00858779 0.000297758 0.634614 0.0183397 0.00110647 3.28748e-07 0.0144288 0.00589044 0.0478107 0.268924 
0.0209346 0.000117923 0.481973 0.100063 0.00111001 1.81005e-05 0.0268422 0.0531162 0.146257 0.169567 
0.036528 1.08633e-06 0.691359 0.000109804 1.08704e-06 0.0265097 0.0243526 0.0815352 0.0661044 0.0734991 
0.0201147 0.00612132 0.311121 0.265075 0.0163925 2.16282e-05 0.0772825 0.0718851 0.0774941 0.154492 
0.000638913 0.0758892 0.220627 0.207958 0.0188475 4.15548e-06 0.0909507 0.201286 0.020848 0.16295 
0.00037281 0.00118315 0.739307 0.196946 0.00609904 4.05881e-08 0.0182643 0.00104236 0.000284529 0.0365016 
0.00430842 0.000634361 0.528732 0.00556483 0.00769019 1.14385e-05 0.013937 0.0155065 0.0163917 0.407223 
0.00354166 0.00252353 0.247338 0.164241 0.0265547 0.223994 0.0810388 0.0824365 0.0466015 0.12173 
0.0013291 9.01113e-05 0.691848 0.105316 0.00945066 1.74426e-07 0.122604 0.0190649 0.00189746 0.0484004 
4.95383e-05 0.00228867 0.669823 0.264183 0.0232162 5.15833e-10 0.0187207 0.0012039 1.39752e-05 0.0205014 
0.0441238 0.00529711 0.238116 0.23448 0.0175547 5.88708e-05 0.0380825 0.148559 0.0585557 0.215173 
0.164371 0.00158137 0.498235 0.0623037 0.0871761 1.68107e-06 0.0551281 0.0292145 0.0622794 0.0397088 
4.88882e-09 2.40937e-08 0.999785 2.28443e-05 3.31969e-06 2.18529e-08 4.51058e-05 0.000103107 4.05907e-05 1.46494e-09 
1.99923e-07 3.51098e-09 0.403194 0.177263 1.36924e-07 1.09574e-06 0.0370417 0.0895074 0.0663383 0.226655 
0.00258607 0.00164124 0.592443 0.209765 0.00242982 1.64897e-07 0.00133589 0.0258679 0.115375 0.048555 
0.0431036 0.000234328 0.23295 0.142854 0.00214609 1.42319e-05 0.0893071 0.225633 0.0815092 0.182248 
0.000263539 0.00157373 0.742782 0.137498 0.00199222 6.55333e-05 0.0190692 0.042427 0.00643942 0.0478893 
0.00357683 0.000798223 0.709718 0.0746593 0.000617254 0.000770765 0.0408731 0.0387612 0.023946 0.106279 
0.00118744 0.0147001 0.501153 0.242243 0.0289822 2.22018e-05 0.0120164 0.0547633 0.0550928 0.0898398 
0.000746111 0.0147158 0.564866 0.234973 0.00346131 0.00018656 0.0275356 0.023316 0.0201016 0.110098 
0.000149078 7.03176e-05 0.849724 0.0865106 0.000146007 4.01361e-08 0.0147532 0.00203268 0.00245022 0.0441637 
0.0214633 0.0163591 0.389628 0.0972677 0.289192 3.89082e-07 0.00537988 0.0764125 0.0144814 0.0898158 
0.118927 2.42498e-05 0.593447 0.0946712 8.9314e-05 5.211e-07 0.00780271 0.0658526 0.0473141 0.0718708 
0.0228289 1.11476e-05 0.557527 0.0351043 0.000229857 7.72202e-07 0.00662743 0.0907763 0.0399495 0.246944 
0.0016111 0.000195243 0.591669 0.0741654 1.72974e-05 0.00109596 0.115947 0.000595212 0.00413395 0.21057 
0.00538612 0.000323276 0.552053 0.110451 6.4172e-05 7.28697e-06 0.166205 0.000759946 0.00310294 0.161647 
0.00430472 7.88782e-05 0.420312 0.101487 0.0514209 1.34761e-07 0.00777081 0.0361237 0.0178812 0.360621 
0.0154955 0.000571967 0.491888 0.124316 8.81819e-05 2.7488e-06 0.0487154 0.00446701 0.0318167 0.282639 
0.000193914 0.0233118 0.446353 0.1509 0.00071464 3.56858e-05 0.0786726 0.00811995 0.0621873 0.229511 
0.000815531 0.00282832 0.71494 0.0970933 0.0404007 8.77666e-05 0.0100014 0.0465861 0.0291354 0.0581115 
0.000275696 5.19231e-08 0.425331 8.74691e-08 1.84284e-07 6.02965e-08 0.0515163 0.176149 0.00606824 0.340659 
0.0173517 3.36225e-06 0.371286 0.198345 0.0490101 3.54129e-09 0.0130121 0.0181105 0.05565 0.277231 
0.0239834 0.00854366 0.427644 0.0651086 0.0166218 2.29757e-05 0.0791245 0.0805627 0.0363664 0.262022 
0.0079553 0.000811018 0.624854 0.0860251 0.0168029 0.000361831 0.0352119 0.0631726 0.0519399 0.112865 
0.0137025 2.49781e-06 0.641627 0.00201123 4.01052e-07 3.93701e-10 0.000639795 0.000888785 0.0589366 0.282191 
0.000724012 0.0114031 0.738925 0.0945631 0.000152717 7.73787e-07 0.0029041 0.00390728 0.0133137 0.134106 
0.0290208 0.00458882 0.376154 0.123099 0.00255664 2.91228e-06 0.0644887 0.158773 0.136167 0.105149 
0.00167273 0.000166762 0.534301 0.0326255 0.0408392 6.63913e-05 0.0472924 0.098048 0.101087 0.143902 
0.0215101 0.00261172 0.596089 0.0221194 0.000496609 7.2226e-05 0.0148686 0.0174573 0.071459 0.253316 
0.0072705 0.00299817 0.406475 0.295784 0.001156 6.03306e-05 0.0208932 0.0763532 0.0709398 0.11807 
0.00397672 1.59178e-05 0.537725 0.0391555 0.0584067 2.51874e-06 0.00337469 0.10808 0.122225 0.127038 
0.00116399 0.001376 0.418288 0.0569529 0.0157133 6.96322e-09 0.219345 0.230877 0.0246011 0.0316823 
0.00647162 0.0215888 0.293141 0.164403 0.0752315 0.000100241 0.017368 0.285294 0.0459214 0.0904794 
0.00502831 9.41472e-07 0.74065 0.00106381 3.00979e-05 2.10684e-06 0.0086415 0.0285275 0.071182 0.144874 
0.0153487 9.14763e-11 0.511941 0.0255769 0.000461514 8.44934e-07 0.00167622 0.295629 0.0489417 0.100425 
0.0385825 0.000935505 0.349738 0.0084277 0.00122034 0.000213942 0.132219 0.135081 0.0462328 0.287348 
0.00120408 0.0135084 0.568594 0.147872 0.00439239 2.44931e-07 0.0122954 0.017818 0.0128145 0.221501 
0.0323641 0.000164491 0.437525 0.0133364 0.0014529 0.000513971 0.0503235 0.0670839 0.0529306 0.344305 
0.00265527 0.00129339 0.809724 0.0427382 0.00875206 3.85874e-06 0.0601295 0.0254111 0.00371884 0.0455734 
0.00907935 0.000350632 0.438677 0.0148221 0.039579 4.19477e-05 0.14794 0.0322323 0.163089 0.154188 
3.22597e-05 0.000687091 0.849696 0.104216 0.00696827 2.5949e-09 0.00754944 0.000583947 2.53628e-05 0.0302424 
0.0316094 0.0304659 0.3047 0.116876 0.22104 5.91172e-06 0.012067 0.0733901 0.0727613 0.137084 
0.00401663 0.000144093 0.414413 0.121748 0.000107321 7.47401e-06 0.21047 0.0300368 0.00548995 0.213568 
0.00333864 0.0132352 0.469619 0.0178868 0.000897624 0.000382977 0.0238517 0.0324006 0.0279373 0.41045 
0.0296099 0.00104432 0.478708 0.154721 0.00424192 8.66368e-07 0.0993534 0.0192632 0.0667995 0.146258 
0.034423 0.000886275 0.648332 0.0635695 0.000308163 6.86258e-07 0.0177413 0.0204493 0.0719565 0.142334 
0.0193686 0.000101575 0.649632 0.0474372 0.0213236 6.63614e-06 0.00768046 0.051046 0.0485123 0.154892 
0.0463142 0.0663629 0.647636 0.0589346 0.00697212 6.53806e-07 0.0164674 0.0410673 0.00662212 0.109623 
6.99456e-05 1.17615e-11 0.870399 0.0235987 1.1864e-08 0.000100582 0.00279613 0.0364332 0.0114625 0.0551395 
0.00838327 1.51951e-05 0.686239 0.081886 3.13036e-08 5.70091e-07 0.00962498 0.0018803 0.00533858 0.206632 
0.021823 5.03459e-05 0.697902 0.109062 0.00967806 0.00134288 0.00687518 0.0776971 0.0335775 0.0419923 
0.0631722 0.000144496 0.282554 0.0807801 0.000965359 0.00750358 0.0226927 0.208423 0.0625701 0.271194 
0.00485184 0.000134003 0.74587 0.0655902 3.22112e-05 6.01089e-08 0.045266 0.00337003 0.00947409 0.125412 
0.00890825 0.000156805 0.533845 0.0229788 0.000235616 1.22604e-05 0.0387933 0.045089 0.0823212 0.267659 
0.0155152 0.0011661 0.465584 0.138841 0.00153161 0.000288544 0.0183389 0.0199501 0.0458862 0.292898 
0.0468796 7.4476e-06 0.538767 0.00445335 0.00423274 0.0100427 0.0133836 0.0754366 0.0112043 0.295593 
0.00148576 0.0814306 0.349124 0.224683 0.0117808 0.000211631 0.00997596 0.0885537 0.102201 0.130554 
0.00217424 4.99374e-08 0.626538 0.0206572 2.38463e-05 1.49468e-08 0.00370212 0.0318385 0.0178807 0.297185 
0.00098917 3.21364e-12 0.573421 0.00310378 1.95002e-05 2.91475e-12 0.00760796 0.00803358 0.0506246 0.356201 
2.53728e-05 5.23524e-05 0.831821 0.137396 3.28722e-05 1.04891e-05 0.00792118 0.00464314 0.00288605 0.0152119 
8.28819e-06 7.10654e-06 0.918035 0.0742696 8.76433e-05 5.61558e-10 0.000429351 0.00103721 0.000416512 0.00570934 
0.0343685 0.00496938 0.468817 0.0346397 0.0349902 1.61631e-05 0.016995 0.0265502 0.00661592 0.372038 
0.0731477 0.0028311 0.497541 0.139198 6.5927e-05 1.81637e-06 0.00163887 0.00659998 0.0376901 0.241286 
0.00441522 0.000324144 0.615014 0.0472215 0.00283065 5.91509e-05 0.00818473 0.0217678 0.0640941 0.236088 
0.00285668 1.14254e-05 0.516475 0.0190914 1.81953e-05 9.25131e-12 0.0105521 0.0150909 0.0244437 0.411461 
0.0737914 0.00494143 0.333355 0.0316056 0.00488408 8.40497e-06 0.0199149 0.222376 0.201961 0.107162 
0.0197431 0.00322179 0.272039 0.215063 0.0711949 6.0026e-05 0.0517829 0.0863805 0.0870759 0.193439 
2.54491e-05 6.79106e-07 0.821825 0.0834037 1.63595e-05 6.87173e-11 0.0347184 0.00046119 2.07319e-05 0.0595286 
0.0132479 0.0142179 0.409961 0.26964 0.023056 0.0125386 0.0215238 0.0904947 0.0494688 0.0958505 
0.0192025 0.000387295 0.663773 0.156423 0.0205138 6.48259e-05 0.0362885 0.00762868 0.00268228 0.0930359 
0.00105167 0.0834743 0.66356 0.0207587 0.0364495 1.00149e-05 0.10159 0.0220846 0.00991289 0.0611084 
0.0192325 0.00145226 0.470885 0.145376 0.00316743 1.54237e-05 0.0710676 0.0275723 0.0537419 0.207489 
0.202741 3.95169e-05 0.302642 0.00190198 1.28824e-05 1.92162e-05 0.249916 0.0388901 0.0374074 0.16643 
0.0155237 0.000416378 0.639442 0.123236 8.00414e-06 4.40388e-09 0.00427864 0.02232 0.114527 0.0802485 
0.00853507 0.00437524 0.540599 0.012154 0.000103732 1.16859e-05 0.0013428 0.103725 0.125867 0.203286 
0.058206 0.000697681 0.559135 0.039108 2.1213e-05 4.67753e-07 0.00441806 0.00831082 0.0503825 0.27972 
0.0036838 6.67206e-11 0.827505 0.0229241 0.000622932 6.05152e-11 8.33826e-07 0.0339537 0.0914189 0.0198908 
0.0287436 0.00404946 0.553894 0.10137 0.0120948 1.64108e-05 0.0512661 0.0270305 0.0248084 0.196726 
0.000737235 0.00018429 0.71145 0.0743931 2.38478e-05 2.3589e-07 0.0822069 0.00357572 0.00377702 0.123652 
0.00177343 0.000506734 0.469433 0.101095 5.03721e-05 4.4837e-07 0.0112793 0.0374796 0.107278 0.271103 
0.036946 0.000182893 0.677459 0.0952952 0.000506658 3.43056e-07 0.0236788 0.0981449 0.0140777 0.0537084 
0.0257015 0.000581863 0.361413 0.102461 0.00384907 0.000549592 0.120933 0.021851 0.0499741 0.312687 
1.91077e-06 8.56854e-11 0.711274 0.00415916 0.00105808 7.77161e-11 4.45194e-07 0.208286 1.69502e-05 0.0752039 
0.00856508 0.000373961 0.688602 0.0310745 1.16783e-05 2.30715e-09 0.0134219 0.00368819 0.00753533 0.246728 
0.00477303 6.53827e-05 0.709169 0.0952564 0.02603 7.58605e-05 0.00547416 0.0293174 0.0128755 0.116963 
0.0331103 0.000272829 0.464604 0.110756 0.00052596 3.52829e-06 0.0202819 0.0253345 0.0486807 0.296431 
0.0143553 0.00145337 0.580514 0.0373899 0.00751457 6.50841e-07 0.029818 0.019735 0.0380222 0.271197 
0.10368 9.54266e-10 0.334903 0.0167591 0.018465 8.65513e-10 0.00927125 0.258566 0.24007 0.0182858 
0.00178781 1.77825e-08 0.588899 0.0156244 1.59234e-06 1.28748e-06 0.038523 0.0313965 0.127035 0.196731 
0.0410756 0.000190563 0.417083 0.0462489 0.00186308 0.0176838 0.0077777 0.141815 0.0214111 0.304851 
0.0341677 0.012482 0.274932 0.15335 0.0190535 0.0030793 0.0097444 0.245712 0.132158 0.115323 
0.00240664 6.45048e-05 0.547977 0.0956195 9.73936e-05 2.19447e-05 0.0436802 0.045977 0.0898119 0.174344 
0.199403 1.66231e-08 0.359832 0.143333 0.000122804 2.92833e-06 0.0162728 0.0387868 0.0721382 0.170108 
1.26534e-05 0.00565876 0.486018 0.00260986 0.000408446 0.00468839 0.122708 0.250317 0.00697764 0.1206 
0.000299306 2.12337e-05 0.531845 0.0516836 2.5425e-09 1.47809e-11 0.00820634 0.00759233 0.134322 0.26603 
0.194339 2.24787e-08 0.596264 0.0646253 0.000282686 1.38143e-08 0.00320748 0.015791 0.123288 0.00220314 
0.00861709 5.30356e-06 0.628924 0.0160955 0.000131946 8.95869e-07 0.0201425 0.00975445 0.242733 0.0735953 
0.00363844 0.000439303 0.619739 0.0403208 0.00353187 0.00210653 0.00688165 0.280672 0.0111217 0.0315482 
0.026146 0.000557244 0.356711 0.218373 0.0547605 5.34426e-09 0.0102466 0.0230327 0.056083 0.25409 
0.00765192 0.00210712 0.48791 0.118824 0.000469924 0.179279 0.0111165 0.135556 0.0260027 0.0310819 
0.0149141 0.000137208 0.678118 0.100545 0.0402812 0.00871941 0.015095 0.0271351 0.0282169 0.0868376 
0.0343685 0.00496938 0.468817 0.0346397 0.0349902 1.61631e-05 0.016995 0.0265502 0.00661592 0.372038 
0.000132995 4.23481e-06 0.834499 0.0765018 0.000391232 6.82101e-05 0.000191411 0.0822776 0.00232254 0.00361107 
0.00308101 6.17368e-05 0.403209 0.0014813 0.000247804 0.00196204 0.117047 0.0593116 0.0306561 0.382942 
0.0530854 0.000406969 0.458959 0.162389 9.64887e-05 0.00032125 0.0105569 0.0660763 0.0639635 0.184145 
0.00116176 0.004353 0.304897 0.229321 0.000957518 0.10206 0.0760171 0.028847 0.00562539 0.24676 
0.00724608 0.00540112 0.62927 0.101489 0.000294701 0.000287025 0.0378821 0.0499788 0.0362591 0.131892 
0.000165986 0.00132011 0.792489 0.00153024 1.43326e-06 3.98596e-06 0.00890555 0.028801 0.0760892 0.0906933 
0.0971147 0.0192701 0.256993 0.0936927 0.000313713 0.000196189 0.0120445 0.179461 0.175472 0.165442 
0.0074989 8.81087e-05 0.419418 0.159243 0.000173656 0.000517211 0.10631 0.00879637 0.0392821 0.258672 
0.0132479 0.0142179 0.409961 0.26964 0.023056 0.0125386 0.0215238 0.0904947 0.0494688 0.0958505 
0.000119313 2.59437e-07 0.904331 0.00289238 0.00013667 1.77784e-07 0.000339152 0.0689744 0.0181534 0.00505318 
3.65262e-05 2.71422e-05 0.709762 0.156422 4.23952e-05 4.42975e-07 0.0278935 0.0422658 0.0323904 0.03116 
0.00665075 0.0116415 0.375865 0.159869 0.00131289 0.00378851 0.0557862 0.120942 0.0555681 0.208576 
0.000121335 7.56305e-08 0.41549 0.0291141 0.000609046 3.39188e-08 0.0185883 0.0280849 0.112966 0.395027 
0.0604203 0.00212958 0.304075 0.0834802 0.15229 5.07502e-05 0.0184062 0.0783744 0.206751 0.0940227 
0.0107085 0.00251622 0.43598 0.0178361 0.00606003 0.000892155 0.0724725 0.13686 0.0409879 0.275687 
0.000119313 2.59437e-07 0.904331 0.00289238 0.00013667 1.77784e-07 0.000339152 0.0689744 0.0181534 0.00505318 
0.00024638 7.90037e-08 0.620648 0.00836491 4.7868e-06 2.11857e-07 0.0385873 0.000268623 0.000686147 0.331194 
0.0152975 0.00136299 0.694906 0.11905 0.000348316 0.00183971 0.036343 0.0267518 0.043368 0.0607322 
0.00602559 0.000234918 0.543187 0.230668 0.000162391 0.000632682 0.0454267 0.041842 0.100588 0.0312328 
0.00746371 9.8019e-05 0.24824 0.0402176 0.00020079 2.62006e-07 0.0202432 0.230792 0.23841 0.214334 
0.00120408 0.0135084 0.568594 0.147872 0.00439239 2.44931e-07 0.0122954 0.017818 0.0128145 0.221501 
0.00894152 0.00152821 0.343969 0.337985 0.0043947 0.00059438 0.0305218 0.0484718 0.0473916 0.176202 
0.00105899 2.96837e-06 0.942709 0.0129055 0.000324379 5.95364e-12 0.000680497 0.00039772 0.00130116 0.0406195 
0.00813886 0.0174992 0.511676 0.0391896 0.00526106 4.14955e-05 0.018858 0.0155641 0.0124362 0.371336 
0.000553874 0.00577096 0.60991 0.05278 0.00140175 2.83227e-05 0.0319558 0.214111 0.0014939 0.0819948 
0.00451259 0.000510089 0.463239 0.0308806 0.0144642 1.88835e-06 0.059318 0.00935148 0.0243423 0.393379 
0.000257466 0.0028525 0.779546 0.0486677 0.0397874 1.88131e-09 0.0199228 0.0048758 0.040851 0.0632396 
8.61791e-06 0.000878867 0.749785 0.102461 0.000102294 8.66602e-09 0.0841955 0.00361177 0.000301168 0.0586554 
0.055926 1.61353e-05 0.487645 0.0378971 0.0222769 1.39455e-05 0.0102355 0.0488662 0.151829 0.185294 
0.00515452 1.59304e-06 0.431733 0.122637 4.7315e-05 1.03846e-09 6.51031e-07 0.0198378 0.0528698 0.367718 
0.0191359 0.210337 0.383656 0.0196738 0.000542197 0.000175805 0.0448312 0.137461 0.135577 0.0486098 
0.00999759 8.18816e-07 0.623219 0.00401613 0.00139372 8.18886e-07 8.19416e-07 0.296711 0.0444993 0.0201608 
0.00219665 0.00658134 0.672413 0.0695025 0.00209765 0.001256 0.0341056 0.0805478 0.0164669 0.114833 
0.0028791 0.000892135 0.412033 0.0211402 0.000194337 7.16577e-05 0.00710194 0.0163937 0.18973 0.349563 
0.0202171 0.0037816 0.351585 0.185403 0.0343095 1.37555e-06 0.0166201 0.310684 0.00848644 0.0689122 
0.0119023 0.0121636 0.273135 0.0380215 0.272684 1.5615e-05 0.00101188 0.267216 0.00761612 0.116233 
0.0143704 2.33001e-05 0.593961 0.0349631 2.64839e-05 6.85934e-06 0.0746935 0.011906 0.00740419 0.262645 
0.0113607 0.0020733 0.808136 0.0172028 0.00887333 2.5781e-06 0.0219491 0.00517341 0.00161891 0.12361 
0.000932224 0.000741695 0.625357 0.000325114 4.1693e-06 7.99221e-06 0.0608781 0.0545797 0.033545 0.223629 
0.00276223 0.00107278 0.47769 0.0497571 0.00494786 0.0505871 0.18075 0.17624 0.0187417 0.0374514 
0.0148574 0.0209292 0.354837 0.0030703 0.0010657 0.00364332 0.0455731 0.0490359 0.205022 0.301966 
9.98498e-05 9.09561e-05 0.918409 0.0337503 0.000452902 1.33275e-06 0.0043083 0.0195063 0.000401999 0.022979 
0.00162179 0.00105186 0.309755 0.173224 0.000166691 1.47886e-06 0.00116725 0.109332 0.125554 0.278125 
0.0082703 0.00372099 0.740179 0.104103 0.00808847 1.4871e-08 0.00540826 0.0191713 0.00969722 0.101361 
0.00046282 2.28168e-05 0.722439 0.0332189 2.2782e-05 8.17287e-07 0.00133693 0.00809213 0.101495 0.132909 
0.0716028 0.00721266 0.515061 0.0350524 0.014416 2.18783e-07 0.00548079 0.0222463 0.0780865 0.250841 
0.00364425 8.73268e-08 0.729652 0.082649 8.73842e-08 8.73342e-08 0.0184745 0.00997136 0.0122884 0.14332 
0.00657268 0.000241252 0.366929 0.0256805 0.00240348 0.276975 0.114633 0.116703 0.0646149 0.025247 
0.0282051 0.00104548 0.501509 0.0293548 0.010223 9.84625e-05 0.0129671 0.0412074 0.0341391 0.34125 
0.000119313 2.59437e-07 0.904331 0.00289238 0.00013667 1.77784e-07 0.000339152 0.0689744 0.0181534 0.00505318 
0.000119313 2.59437e-07 0.904331 0.00289238 0.00013667 1.77784e-07 0.000339152 0.0689744 0.0181534 0.00505318 
0.0283246 0.000998936 0.448689 0.0147372 0.00103651 0.000433027 0.00412053 0.0363763 0.0695287 0.395755 
0.00798964 0.00111853 0.592977 0.172256 0.00484711 0.00162896 0.0133109 0.0419098 0.0377023 0.12626 
0.0145547 0.000560472 0.514693 0.244213 0.00180712 3.55997e-07 0.0123352 0.00984705 0.0396874 0.162301 
0.0175833 0.00279352 0.613052 0.108433 0.027335 6.37784e-06 0.0391744 0.0150636 0.0220612 0.154498 
3.8916e-06 0.00037208 0.634021 5.82736e-05 5.282e-05 0.000150527 0.00174542 0.00711771 0.000787884 0.35569 
0.000831847 0.000136643 0.387065 0.0691534 0.000110151 0.027565 0.121445 0.0645356 0.13455 0.194607 
3.96048e-05 6.06784e-05 0.703771 0.0822691 4.04234e-05 1.72473e-11 0.0325604 0.0200442 0.0133974 0.147817 
0.0287709 7.27718e-05 0.39124 0.168417 0.000261435 5.87785e-06 0.229501 0.00688828 0.0150998 0.159744 
0.00323842 0.000144273 0.492353 0.121696 0.000201707 4.17564e-05 0.276042 0.0172419 0.0241964 0.0648454 
6.20424e-05 0.0016754 0.439759 0.0747813 0.108088 4.37694e-05 0.0459412 0.261503 0.0113391 0.0568068 
0.0362852 0.0600585 0.377594 0.013515 0.000186221 0.000349314 0.00934977 0.16204 0.198999 0.141624 
1.30222e-06 1.62842e-07 0.653248 0.0736313 6.81773e-08 5.15077e-09 0.0102903 0.0347512 0.0139914 0.214086 
0.00723192 1.34494e-05 0.90973 0.0230036 0.000318908 4.52316e-07 0.0018621 0.00769551 0.00338539 0.0467582 
0.0060307 0.00121522 0.631404 0.0853516 0.000335199 1.3065e-05 0.00338919 0.188902 0.0443904 0.0389687 
0.000342789 0.00193354 0.752201 0.134304 0.000153906 0.000419736 0.00988061 0.0238683 0.0052029 0.0716934 
1.78495e-07 3.03389e-05 0.380218 0.051659 0.00110362 5.16734e-10 0.189523 0.210136 0.00852372 0.158806 
0.00546926 0.0147994 0.657149 0.0718684 0.0334364 0.000646356 0.0204474 0.00499615 0.0696558 0.121532 
0.0681301 0.000216845 0.305014 0.0136193 0.000827266 0.00203426 0.141751 0.089804 0.155769 0.222835 
0.00414662 0.00325916 0.385377 0.2097 0.000552801 4.80982e-06 0.0207408 0.0181115 0.172805 0.185302 
0.00736093 0.0101368 0.467585 0.0578503 0.00674278 1.72479e-06 0.0620396 0.0937916 0.0490994 0.245392 
7.66343e-07 7.65791e-07 0.426666 0.00927401 0.00521156 0.0280311 0.0518827 0.151278 7.66425e-07 0.327654 
0.000877561 0.0724628 0.216411 0.153032 0.187171 0.000113792 0.0334075 0.0679638 0.0923137 0.176247 
0.0684084 1.54258e-05 0.579955 0.0274939 0.00259522 3.20211e-06 0.0074835 0.0341998 0.040539 0.239307 
0.0276873 0.000466739 0.451302 0.0391608 1.90222e-05 8.15612e-08 0.331583 0.0017676 0.00984947 0.138164 
0.0154675 0.000127496 0.612912 0.0134513 0.000514515 1.73417e-05 0.301701 0.0107028 0.00620665 0.0389 
0.0047401 0.000224957 0.560724 0.000475069 0.000122151 8.50521e-05 0.000952186 0.0293727 0.00800421 0.395299 
0.184754 0.000254391 0.551365 2.86928e-06 2.95548e-12 2.34028e-08 9.31939e-07 0.00272384 0.0138676 0.247032 
0.0124913 0.000240469 0.619921 0.0622588 0.000308272 4.45792e-06 0.0317003 0.0199815 0.0254652 0.227628 
0.0439956 0.00687608 0.358978 0.0187152 0.0683589 0.000179381 0.0084708 0.145837 0.0815399 0.267049 
0.00441261 6.24461e-08 0.724931 0.0304031 1.3772e-05 3.32982e-05 0.00318803 0.00279105 0.126822 0.107405 
0.0184208 0.0015482 0.460101 0.103033 0.0338149 2.73214e-07 0.0178103 0.0443266 0.0188662 0.302079 
0.00106598 4.08732e-08 0.503002 0.0782491 5.72997e-05 1.22347e-08 0.000245031 0.158235 0.076225 0.18292 
