0.000212484 6.15397e-05 0.0879958 0.615211 0.000513657 1.42098e-07 0.0746998 0.0383394 0.0111557 0.17181 
2.83467e-06 2.55201e-06 0.100079 0.322289 0.00240979 2.73207e-07 0.00118567 0.154142 0.129986 0.289903 
0.00657904 0.000565158 0.290837 0.368006 0.0010929 0.00253925 0.0884388 0.0445883 0.01898 0.178373 
1.13389e-05 0.000704054 0.000151032 0.996772 9.58714e-05 5.06846e-05 1.06741e-05 0.00200483 0.000195892 3.39773e-06 
0.000462791 6.96189e-05 0.00402365 0.634844 0.00865302 1.93516e-07 0.000999178 9.99333e-05 0.00725615 0.343591 
0.00760223 0.0021911 0.00414211 0.62559 0.0647624 2.2406e-07 0.00583982 0.00444735 0.00786448 0.277561 
0.0641406 0.00337736 0.0521511 0.691355 0.0850257 1.9966e-05 0.00554771 0.053893 0.0173974 0.0270921 
5.55393e-05 2.89764e-05 0.352722 0.604251 0.00601117 7.25191e-08 0.010085 0.00497796 0.00991585 0.0119516 
0.000767116 3.74699e-06 0.0646805 0.59023 0.0464883 4.6643e-07 0.0308248 0.182266 0.0154003 0.0693387 
0.0002185 0.00506557 0.224932 0.433352 0.0510112 4.35875e-05 0.0203938 0.182494 0.0103562 0.0721324 
0.00909817 0.000645182 0.0906923 0.435683 0.00119046 8.60223e-07 0.289969 0.00987705 0.0301241 0.132719 
9.83432e-08 0.00445915 0.0464453 0.386989 0.0245056 4.64665e-06 0.00824714 0.301607 0.161369 0.0663735 
0.00595972 2.66072e-05 0.097694 0.477362 0.000121936 5.57713e-07 0.0286143 0.0222965 0.0364504 0.331474 
0.000543462 0.000541726 0.0174903 0.573894 1.05105e-05 1.21867e-05 0.317132 0.0187999 0.0315093 0.0400667 
0.00451518 0.000312673 0.00428481 0.814396 0.00206186 4.64488e-06 0.00339388 0.00266317 0.0167483 0.15162 
4.08201e-05 0.000363402 0.0311432 0.810782 0.000212049 0.00437166 0.0195279 0.0555672 0.0587451 0.0192464 
4.46352e-08 0.000722758 0.0222692 0.902913 9.2719e-05 1.15452e-05 0.0141426 0.00212429 0.018172 0.0395523 
0.02111 0.00130004 0.0452399 0.704634 0.00271123 0.00225994 0.039656 0.0133841 0.0514734 0.118231 
0.00174276 1.95085e-07 0.0788872 0.786878 0.000431092 5.68781e-05 0.000625112 0.0541964 0.0607802 0.0164022 
0.0082231 0.000372175 0.000632017 0.523733 0.00987149 2.19794e-07 0.0063125 0.000961367 0.0143688 0.435525 
0.000811427 2.88694e-05 0.130614 0.716883 6.50962e-05 4.67077e-07 0.0356961 0.0519446 0.0475631 0.0163938 
0.00734149 3.57756e-05 0.157984 0.536417 0.00857185 5.53594e-06 0.179251 0.0156457 0.0139919 0.0807562 
0.0139723 0.0259194 0.112411 0.239803 0.019499 1.41294e-05 0.0353572 0.152603 0.180521 0.2199 
0.0082231 0.000372175 0.000632017 0.523733 0.00987149 2.19794e-07 0.0063125 0.000961367 0.0143688 0.435525 
0.00432973 0.000804849 0.130997 0.352701 0.0181538 6.51857e-06 0.00707008 0.119156 0.305024 0.0617584 
0.000881364 0.000107899 0.000545333 0.995217 5.93419e-05 0.00141416 0.000172628 0.000880392 0.000598085 0.000123635 
0.00183118 0.281792 0.0754309 0.327886 0.000131793 1.21842e-09 0.0413814 0.0136764 0.108863 0.149008 
0.00174421 0.0153379 0.0325012 0.387149 0.00307755 2.77177e-06 0.012239 0.00739708 0.366046 0.174505 
0.000558232 2.13897e-06 0.0235888 0.797089 0.00123689 3.30522e-06 0.0451901 0.0752451 0.045389 0.011697 
0.00413061 7.52848e-10 0.0120152 0.590196 1.59127e-05 6.82829e-10 0.0362826 0.129483 0.145474 0.0824025 
0.000457267 1.41794e-06 0.0796026 0.629825 3.86883e-05 0.0339725 0.0488997 0.00660294 0.0138886 0.186711 
0.00451518 0.000312673 0.00428481 0.814396 0.00206186 4.64488e-06 0.00339388 0.00266317 0.0167483 0.15162 
0.000606635 0.000183562 0.0630485 0.327801 0.000150953 2.86173e-05 0.132562 0.30524 0.0934827 0.0768963 
0.000407586 0.000702043 0.126257 0.647613 0.000209757 0.000101621 0.00717995 0.067301 0.0150655 0.135163 
6.51086e-05 0.000389382 0.127775 0.467418 5.7156e-05 1.02984e-06 0.000576207 0.329281 0.0065028 0.0679341 
0.00130396 4.25038e-05 0.0109196 0.519088 0.000396479 1.25435e-06 0.098835 0.000535065 0.339877 0.0290014 
0.000421322 7.31904e-05 0.000549351 0.658554 0.00479548 2.26204e-08 0.00562644 0.000135848 0.0883786 0.241466 
0.00015751 0.00107235 0.271383 0.65417 0.022506 0.000371101 0.0416529 0.00260203 0.000454403 0.00563093 
0.0123093 0.00250539 0.0186338 0.489446 0.125749 3.40267e-05 0.0224848 0.140683 0.0744067 0.113747 
0.00210368 0.00201861 0.184442 0.436911 0.00701974 0.00296989 0.137166 0.0806716 0.0280043 0.118693 
0.00664358 0.00923636 0.050647 0.541391 0.00669521 2.52309e-07 0.00791345 0.116152 0.171405 0.0899163 
2.10709e-05 0.0118789 0.0501372 0.835306 0.0454533 1.07484e-09 0.00614838 0.0224233 0.00275051 0.0258808 
0.00196341 0.0160136 0.266119 0.580381 0.0120581 2.9514e-06 0.00681893 0.0678516 0.00501401 0.0437774 
0.000462791 6.96189e-05 0.00402365 0.634844 0.00865302 1.93516e-07 0.000999178 9.99333e-05 0.00725615 0.343591 
0.000201274 0.000181461 0.0301227 0.624488 8.6238e-06 8.25407e-07 0.044562 0.00215629 0.146495 0.151784 
2.53813e-05 0.00233631 0.000649797 0.791595 0.00211884 6.23158e-11 0.087484 0.0108473 0.0560308 0.0489121 
2.21107e-06 6.83957e-07 1.75263e-06 0.860967 0.0365333 1.52513e-07 1.39759e-06 0.0255873 8.34583e-06 0.0768977 
0.0500314 0.0285033 0.0447906 0.366571 0.0391815 1.76689e-05 0.0452208 0.0647599 0.158594 0.202329 
0.000346881 0.000819768 0.240259 0.564999 0.0028925 7.80102e-07 0.0182908 0.0195134 0.0344696 0.118409 
0.00204924 0.192345 0.01616 0.405226 2.13286e-05 0.0282465 0.0334671 0.0681145 0.225698 0.0286727 
0.00187372 0.00472385 0.0571195 0.626102 0.0688439 1.17256e-07 0.00817756 0.149303 0.013681 0.0701755 
0.00187372 0.00472385 0.0571195 0.626102 0.0688439 1.17256e-07 0.00817756 0.149303 0.013681 0.0701755 
2.21107e-06 6.83957e-07 1.75263e-06 0.860967 0.0365333 1.52513e-07 1.39759e-06 0.0255873 8.34583e-06 0.0768977 
0.0086292 0.00031531 0.134385 0.486826 0.001242 4.44849e-05 0.0871925 0.0370843 0.0360722 0.208208 
0.00125259 8.33289e-06 0.0793951 0.445776 0.000429967 1.28536e-06 0.16557 0.0205166 0.0996559 0.187395 
0.00451518 0.000312673 0.00428481 0.814396 0.00206186 4.64488e-06 0.00339388 0.00266317 0.0167483 0.15162 
0.00157108 0.000196841 0.292321 0.360296 0.00100364 1.95822e-10 0.219376 0.0152799 0.0618937 0.0480615 
0.010196 0.00148041 0.143271 0.292051 0.0150191 1.12015e-07 0.00531461 0.285726 0.0766845 0.170257 
0.00375689 0.000697129 0.0230896 0.85282 9.12521e-08 3.00947e-07 0.0212828 0.0045144 0.012449 0.0813898 
0.00418255 8.27695e-06 0.186431 0.569889 0.00205516 0.0122319 0.0206253 0.148134 0.0343116 0.0221306 
0.000817002 0.00321808 0.112269 0.63962 0.000608656 4.72799e-07 0.0130985 0.0212802 0.0468677 0.162221 
0.0468008 2.10319e-06 0.0796089 0.410599 0.000433611 2.84362e-05 0.0218841 0.371272 0.0627519 0.00661904 
0.0156169 2.62138e-05 0.0703676 0.558125 0.00389426 3.39883e-07 0.0850894 0.064641 0.0268603 0.175379 
0.00169761 0.000185715 0.280778 0.357537 7.25584e-05 4.07575e-05 0.0368574 0.12075 0.0336427 0.168437 
4.08408e-06 2.01277e-05 0.0012399 0.996194 5.53542e-06 1.82557e-05 3.84462e-06 0.00251109 1.70389e-06 1.2238e-06 
0.000732549 0.000751626 0.0231772 0.737203 0.0191667 2.23209e-07 0.00173061 0.0108746 0.00891312 0.197451 
0.000462404 1.95666e-05 0.00996979 0.51079 0.00230979 1.22902e-09 0.0122194 0.00119105 0.0169892 0.446048 
0.00151274 5.38649e-07 0.109893 0.390573 0.00980498 2.12432e-05 0.0426131 0.36377 0.000305724 0.081505 
0.00120155 8.02551e-06 0.290491 0.628178 8.11056e-06 5.93424e-08 0.00539322 0.0311841 0.0241452 0.0193906 
0.0634703 0.0464722 0.0232818 0.596186 0.00185122 0.000375137 0.0339344 0.151271 0.0231748 0.0599836 
7.96675e-05 0.000163525 0.179111 0.517501 0.000275182 8.79598e-05 0.00418284 0.115987 0.136896 0.0457156 
3.8809e-05 1.18919e-05 0.209533 0.346903 0.00316041 0.00174067 0.00535818 0.233266 0.183947 0.0160401 
7.4424e-06 5.15132e-06 0.00968504 0.82153 1.90577e-05 7.32486e-06 0.00573929 0.162116 0.000794409 9.6396e-05 
0.00424756 0.00120985 0.184886 0.587777 0.0303058 4.68958e-07 0.0103779 0.108255 0.0163489 0.0565907 
0.00657813 0.000913228 0.0198625 0.568021 0.0801123 1.56682e-07 0.0239626 0.00753673 0.0295818 0.263431 
0.0104567 0.00141407 0.00302355 0.564827 0.0496782 3.075e-07 0.007213 0.00406954 0.0111275 0.34819 
0.0152645 0.000477973 0.24892 0.378953 0.00322781 0.00237842 0.0497598 0.0114654 0.0138669 0.275687 
0.000517275 0.00305821 0.160597 0.440807 0.0719937 3.08747e-05 0.0333453 0.163079 0.0208721 0.105699 
0.000403296 7.90456e-05 2.62718e-05 0.750072 0.0204922 1.90488e-07 0.00124911 0.00865085 0.0419518 0.177075 
0.0179102 0.00868673 0.143422 0.257931 0.0130113 7.23283e-05 0.0135875 0.221922 0.206586 0.116872 
6.31279e-05 0.000694019 0.129941 0.531829 0.000284533 0.0022551 0.023038 0.207146 0.025396 0.0793534 
0.000795342 0.000595725 0.205141 0.546387 0.000334171 1.95893e-05 0.0528281 0.112514 0.0436001 0.0377848 
0.00139148 0.0043999 0.0845338 0.469393 0.000236252 4.99158e-07 0.000155511 0.020766 0.30252 0.116604 
0.00863285 0.0198028 0.231734 0.299045 2.84202e-05 0.0027317 0.102596 0.0448112 0.120958 0.16966 
1.62393e-10 8.00326e-10 7.34824e-11 0.957999 2.01234e-07 2.18529e-08 0.0259261 0.000898145 0.00188664 0.0132896 
0.00247698 0.00124291 0.0354406 0.667608 0.0133874 0.000531744 0.0312095 0.0594727 0.0852606 0.103369 
3.01493e-05 9.25289e-05 0.219108 0.697809 9.58718e-06 1.03963e-07 0.00209666 0.0631795 0.0161019 0.00157315 
0.000895673 0.000685839 0.0649868 0.741538 0.00337648 2.53729e-06 0.0375529 0.0154848 0.0106692 0.124807 
0.00125461 6.29861e-05 0.0668534 0.513632 4.94944e-07 1.30403e-07 0.0450586 0.00868885 0.0212246 0.343224 
1.49382e-10 7.36206e-10 0.0266138 0.790402 5.66222e-07 6.52731e-08 0.102153 0.0490111 0.0116822 0.0201369 
0.000114578 0.000653275 0.0160979 0.572511 9.86879e-06 1.86763e-07 0.021034 0.0151954 0.137255 0.237128 
0.0100003 0.00514664 0.185935 0.325476 0.0137265 1.06232e-05 0.0558355 0.0274944 0.119696 0.256679 
3.40298e-06 0.00162713 0.0854786 0.487326 0.0910789 0.18232 0.0295988 0.0936977 0.000185212 0.0286842 
0.0104567 0.00141407 0.00302355 0.564827 0.0496782 3.075e-07 0.007213 0.00406954 0.0111275 0.34819 
0.000347171 0.00326604 0.0784564 0.424744 0.0258441 0.00129601 0.221338 0.128613 0.0217569 0.0943377 
0.00072237 7.25303e-06 0.0660206 0.655228 0.00303809 0.00428727 0.00239906 0.109023 0.0402438 0.119031 
0.00361379 0.00190655 0.135937 0.564527 0.00242889 2.08277e-06 0.0187074 0.0120905 0.0270328 0.233755 
0.00164558 0.00502795 0.114033 0.472642 0.000539595 3.48341e-06 0.0180608 0.0521825 0.0869643 0.2489 
0.00205308 0.0318399 0.220584 0.351808 0.0375977 5.3677e-06 0.0449202 0.211115 0.0159966 0.0840797 
0.000462791 6.96189e-05 0.00402365 0.634844 0.00865302 1.93516e-07 0.000999178 9.99333e-05 0.00725615 0.343591 
0.00032153 0.000321298 0.000321562 0.73988 0.00032151 0.000321326 0.000321534 0.257548 0.000321564 0.000321572 
0.0264675 4.11745e-06 0.0194848 0.73862 0.000496448 1.53333e-06 0.00687129 0.0461058 0.0258835 0.136065 
0.0135454 0.00545915 0.00249232 0.4619 0.0565582 3.01345e-08 0.00902286 0.00750455 0.0256675 0.41785 
0.0048137 0.00521213 0.193025 0.571338 0.0339576 2.29895e-08 0.0165147 0.0127878 0.0224276 0.139924 
0.00216481 6.58312e-06 0.181974 0.51257 0.0952412 4.95957e-06 0.0106322 0.0543511 0.037509 0.105546 
0.0124109 0.000795023 0.194555 0.617518 1.49729e-05 3.2082e-06 0.0272868 0.0273617 0.105998 0.0140558 
0.000462791 6.96189e-05 0.00402365 0.634844 0.00865302 1.93516e-07 0.000999178 9.99333e-05 0.00725615 0.343591 
0.00335559 0.00131195 0.241368 0.289575 0.00115947 0.00116584 0.19914 0.042396 0.113853 0.106676 
0.0108285 4.3309e-05 0.0286802 0.741762 0.000409163 1.90442e-06 0.0697433 0.00280491 0.0336663 0.11206 
0.0233147 0.00165699 0.230491 0.296292 0.0900519 0.000948214 0.0118651 0.0418042 0.167422 0.136154 
0.0167961 0.00261453 0.212233 0.327404 0.0246146 0.000367503 0.121594 0.0314732 0.0421543 0.220748 
0.000824736 1.42598e-05 0.111947 0.798849 0.000244993 0.000263746 0.00487611 0.0408173 0.00077081 0.041392 
0.000759218 0.225968 0.16377 0.457616 0.000368046 0.000100399 0.0123171 0.0137031 0.00782228 0.117576 
0.0320829 6.18181e-05 0.290546 0.473455 1.17164e-05 2.0731e-07 0.0186015 4.12276e-05 0.00108265 0.184117 
0.00387049 0.00040321 0.0010058 0.576643 0.000165389 3.67623e-06 0.00274211 0.00716532 0.387357 0.0206431 
0.0110901 0.00210876 0.0793694 0.467845 0.000531772 4.12084e-08 0.0265304 0.0235519 0.0121372 0.376835 
0.0165627 0.00157628 0.15331 0.49423 0.000839666 4.96327e-06 0.0566521 0.056973 0.046854 0.172997 
0.000701166 0.000666818 0.159745 0.584394 0.0200427 2.07011e-05 0.0481783 0.0149213 0.0197246 0.151605 
0.000412354 0.0301242 0.0664159 0.523595 0.00389842 6.99145e-11 0.0253274 0.0661177 0.000962553 0.283147 
5.73758e-05 3.16672e-08 0.00631888 0.841366 0.0080765 1.04754e-10 0.00545388 0.0474636 0.0403132 0.0509508 
0.00187372 0.00472385 0.0571195 0.626102 0.0688439 1.17256e-07 0.00817756 0.149303 0.013681 0.0701755 
0.000462404 1.95666e-05 0.00996979 0.51079 0.00230979 1.22902e-09 0.0122194 0.00119105 0.0169892 0.446048 
0.002621 0.00479041 0.143127 0.33483 0.00426712 5.40938e-07 0.0615143 0.0963889 0.0344856 0.317975 
0.0717492 0.000127942 0.189694 0.271647 1.44317e-05 4.29055e-08 0.178298 0.00587384 0.192761 0.0898359 
0.0283295 0.0255497 0.143888 0.305425 0.0248056 0.000722186 0.0130586 0.0668793 0.0896856 0.301657 
3.03794e-05 0.000103933 0.0827476 0.54062 0.0661106 7.17364e-11 0.00690619 0.152586 0.00260124 0.148293 
0.0104567 0.00141407 0.00302355 0.564827 0.0496782 3.075e-07 0.007213 0.00406954 0.0111275 0.34819 
0.000636742 0.00887328 0.09059 0.617438 0.00105324 1.4505e-07 0.0102082 0.0104074 0.0677901 0.193002 
0.000482351 0.000134937 0.000333409 0.699191 4.04515e-07 3.99029e-08 0.13811 0.000475582 0.0445635 0.116708 
0.00275707 0.00642545 0.18466 0.564856 0.0157679 5.49007e-06 0.0476605 0.1236 0.0461733 0.00809483 
0.000106431 0.00350452 0.298433 0.456387 0.0164447 1.45181e-07 0.0908711 0.0115882 0.00994196 0.112723 
0.000667417 0.000426269 0.00556246 0.368065 0.024874 0.000120706 0.000768708 0.366884 0.102546 0.130086 
0.0016006 0.00426529 0.219001 0.296737 0.00549822 0.000215228 0.0784754 0.090034 0.114979 0.189195 
3.1048e-05 0.000582492 0.118749 0.825984 0.0171188 2.12644e-07 0.0123268 0.00841915 0.00510156 0.0116868 
0.000426209 0.00316331 0.0598848 0.759958 0.00035318 4.93488e-05 0.0404577 0.00807141 0.0232885 0.104347 
0.00111872 6.04189e-05 0.0423617 0.74421 6.48415e-05 4.78066e-05 0.0315658 0.00226589 0.0375874 0.140718 
5.55393e-05 2.89764e-05 0.352722 0.604251 0.00601117 7.25191e-08 0.010085 0.00497796 0.00991585 0.0119516 
0.00303719 0.00571556 0.0928131 0.450619 0.000303805 0.000274807 0.0140746 0.0333935 0.223599 0.17617 
0.000258517 1.33733e-05 0.248686 0.252744 0.000165184 0.000226436 0.0308217 0.148133 0.0918295 0.227123 
0.00248491 0.000627224 0.0672454 0.622643 0.00341845 0.000106006 0.00346187 0.0929988 0.0707956 0.136218 
0.0108986 0.00146258 0.106687 0.586086 0.00311641 0.00223256 0.0533305 0.0165597 0.0574523 0.162175 
0.0454386 0.000205287 0.0430592 0.749119 0.00029739 8.62194e-09 0.0162452 0.00424218 0.0470986 0.0942943 
6.41845e-07 0.000484165 0.155873 0.681144 1.76063e-06 2.71629e-08 0.016223 0.0264436 0.0948421 0.0249873 
6.22737e-05 6.74813e-09 0.00721396 0.860659 0.00641404 6.12051e-09 0.0962936 0.0253918 2.45114e-05 0.00394077 
0.00309363 0.00164773 0.123415 0.506605 9.3495e-05 1.43538e-06 0.0146708 0.0905124 0.112778 0.147184 
0.00917705 0.0226211 0.0713264 0.367715 0.0177623 4.13221e-06 0.0783614 0.234275 0.0331721 0.165585 
0.0128018 0.000381487 0.0263337 0.735303 8.90778e-05 6.51915e-06 0.103941 0.00528295 0.0562428 0.0596175 
0.00225683 0.000152486 0.0861004 0.35434 0.00216158 0.00377112 0.00639855 0.0755803 0.131813 0.337426 
9.66264e-05 3.21056e-06 2.1144e-06 0.762294 5.19078e-10 7.19174e-06 1.15403e-06 2.51002e-05 0.23756 1.08105e-05 
0.000442597 0.00378908 0.116009 0.582809 0.000423304 1.60948e-06 0.00408342 0.119324 0.0561013 0.117017 
0.000569665 6.42348e-07 1.16517e-05 0.963854 2.57726e-05 7.03948e-06 0.000120732 0.000147237 0.0340022 0.00126158 
1.6382e-06 4.65077e-07 0.0115403 0.948255 2.38352e-07 5.08854e-10 0.00183952 0.00242142 0.000393086 0.0355478 
0.000165242 0.000684107 0.0182346 0.525685 2.91185e-06 9.02877e-06 0.140784 0.00873407 0.0903403 0.215361 
0.000418049 5.37847e-05 0.00374006 0.428865 0.00170509 0.000210569 0.0080199 0.0272843 0.42352 0.106183 
0.000457707 0.000656546 0.0463859 0.465453 5.71109e-07 7.9267e-07 0.0175061 0.315718 0.0568124 0.0970094 
0.00119861 1.24774e-08 0.182847 0.435124 5.91772e-08 2.16554e-07 0.00212978 0.000266973 0.0186482 0.359785 
0.00351045 0.0047573 0.167943 0.503835 0.00419589 5.60401e-07 0.111283 0.058294 0.0529612 0.0932192 
0.0138073 0.00111455 0.134282 0.418979 0.0348606 1.48053e-06 0.0038088 0.0196414 0.0292073 0.344298 
0.00987549 0.00559231 0.240979 0.441598 0.0116611 0.00403776 0.0614466 0.0384837 0.0455993 0.140727 
0.00319045 0.00958652 0.274171 0.471433 0.0181133 4.42783e-06 0.0715048 0.00365768 0.00921998 0.139119 
1.92479e-05 5.95461e-06 0.141752 0.710262 4.54686e-06 4.06282e-06 0.035093 0.0697576 0.0263271 0.0167753 
0.00871853 0.0609275 0.064566 0.640688 0.0612978 6.8438e-08 0.0245393 0.0232305 0.048778 0.0672545 
0.00120644 5.56324e-05 0.138386 0.452038 0.00514625 1.92378e-08 0.0676269 0.0209764 0.0119657 0.302599 
0.00611017 0.00146776 0.122288 0.389251 0.00184672 4.90457e-05 0.175742 0.0141863 0.0312381 0.257821 
0.00994035 1.41655e-05 0.0279593 0.478215 0.00165079 1.07837e-06 0.00872983 0.00722487 0.147651 0.318614 
0.0215482 0.0883723 0.219031 0.291826 0.035446 0.00229292 0.037351 0.081841 0.0740161 0.148276 
0.00426161 4.93013e-08 0.0314988 0.49626 2.40983e-05 9.94998e-05 0.0757173 0.000795104 0.00115379 0.390189 
0.000357268 0.0069404 0.0767315 0.699219 0.0729737 7.02792e-05 0.058249 0.00385007 0.0469363 0.0346728 
2.14623e-08 5.58366e-08 0.0477306 0.451446 1.62523e-05 4.65036e-11 0.0645695 0.000314658 0.000138767 0.435784 
0.000534697 7.85324e-06 0.225418 0.302981 0.0179066 4.0651e-06 0.0223719 0.0978188 0.0662491 0.266708 
0.0111333 0.00197137 0.186477 0.248052 0.0288446 0.00019258 0.148887 0.102171 0.0492164 0.223055 
3.03794e-05 0.000103933 0.0827476 0.54062 0.0661106 7.17364e-11 0.00690619 0.152586 0.00260124 0.148293 
0.0135623 0.00325937 0.179257 0.293852 0.0508404 9.57414e-06 0.0683164 0.130598 0.0596143 0.20069 
9.54478e-05 0.0147778 0.142954 0.701046 0.0226888 0.0209746 0.0297537 0.0179713 0.00180226 0.0479356 
0.00530807 0.00450719 0.282826 0.288384 0.0178661 0.000838497 0.02724 0.190643 0.0629059 0.119481 
0.000462404 1.95666e-05 0.00996979 0.51079 0.00230979 1.22902e-09 0.0122194 0.00119105 0.0169892 0.446048 
0.00124998 0.0101789 0.0380817 0.446572 0.0939855 1.13018e-07 0.00545302 0.303546 0.0331921 0.0677405 
0.000789102 9.05768e-07 3.23809e-05 0.962121 4.96337e-05 1.1164e-05 0.000272254 0.000162396 0.0347469 0.00181399 
0.000227114 2.29515e-07 0.00499821 0.607498 7.16136e-05 1.80164e-09 0.0122082 0.0165826 0.138274 0.22014 
0.0138187 0.0323183 0.0422273 0.483931 5.26298e-05 5.31311e-06 0.0260281 0.0600448 0.0875853 0.253989 
0.0174209 0.0558876 0.225234 0.378568 0.0364985 1.36718e-07 0.0417624 0.0503079 0.0367773 0.157543 
0.0104712 2.05567e-05 0.22794 0.403553 0.00281718 2.00762e-05 0.167653 0.0299313 0.017256 0.140337 
9.18895e-11 9.51477e-06 0.0701449 0.42777 0.000769416 4.10743e-10 0.0110921 0.182052 0.000120805 0.308042 
0.000409587 4.55694e-08 0.0229384 0.692955 0.000207817 9.44182e-06 0.019933 0.00821475 0.150177 0.105155 
0.00451518 0.000312673 0.00428481 0.814396 0.00206186 4.64488e-06 0.00339388 0.00266317 0.0167483 0.15162 
0.00443801 0.00185512 0.0262913 0.412102 0.264892 1.4681e-06 0.0130779 0.0378043 0.0169356 0.222603 
0.0101171 0.000432064 0.197539 0.457173 0.00869097 5.14727e-06 0.0375241 0.0087023 0.0499875 0.229829 
0.0104567 0.00141407 0.00302355 0.564827 0.0496782 3.075e-07 0.007213 0.00406954 0.0111275 0.34819 
0.020269 0.0128943 0.117574 0.402848 0.0242708 8.64606e-06 0.0327418 0.0183966 0.0203653 0.350632 
0.000286908 2.12822e-06 0.0644351 0.765737 3.72425e-05 7.0605e-09 0.0294718 0.000157001 0.0169494 0.122923 
0.0066807 0.00135346 0.333421 0.476993 0.00359098 8.2527e-07 0.0451224 0.0311022 0.0351329 0.0666026 
5.90921e-05 0.000665545 0.30453 0.415507 0.00327104 3.67469e-10 0.00543021 0.000920136 0.00111839 0.268498 
0.00671455 0.000572656 0.0195915 0.471555 0.000615692 8.30549e-09 0.0197734 0.0061368 0.00815252 0.466888 
3.17701e-05 6.43557e-05 0.00950728 0.662344 0.00101567 8.99907e-07 0.0010938 0.0497484 0.00258105 0.273612 
3.17701e-05 6.43557e-05 0.00950728 0.662344 0.00101567 8.99907e-07 0.0010938 0.0497484 0.00258105 0.273612 
0.000446936 4.75143e-07 0.245679 0.494842 2.38405e-05 2.99117e-06 0.0130223 0.00330082 0.00566522 0.237017 
0.00490679 0.0219019 0.280355 0.297131 0.0295183 2.32959e-05 0.274442 0.0072394 0.0356605 0.048822 
0.0104567 0.00141407 0.00302355 0.564827 0.0496782 3.075e-07 0.007213 0.00406954 0.0111275 0.34819 
0.000460614 2.34899e-06 0.0732538 0.657636 0.000273827 0.00164952 0.0307515 0.0578649 0.0851139 0.0929938 
0.000361278 0.00136595 0.0931607 0.296439 4.62399e-05 5.31317e-05 0.19902 0.292569 0.0434734 0.0735117 
0.000286473 8.32521e-05 0.00720137 0.933642 1.78246e-06 5.6269e-05 0.026227 0.0100143 0.001464 0.0210236 
0.0082231 0.000372175 0.000632017 0.523733 0.00987149 2.19794e-07 0.0063125 0.000961367 0.0143688 0.435525 
5.86864e-06 3.76074e-07 0.122427 0.719491 8.6303e-06 5.26287e-09 0.054292 0.0596552 0.00815887 0.0359602 
0.0141222 4.67401e-05 0.0862956 0.436153 3.0859e-05 0.000384009 0.273442 0.0317069 0.0438938 0.113924 
0.00750937 0.000334119 0.279177 0.355451 0.00315724 0.00811064 0.123851 0.0816322 0.0119836 0.128794 
0.00781638 4.50004e-06 0.0501563 0.575795 0.00102278 0.000700859 0.00757763 0.119905 0.149588 0.0874329 
0.0948935 0.00473101 0.028271 0.399028 0.119732 5.7793e-07 0.02198 0.00660156 0.0110883 0.313674 
0.00168631 0.00699832 0.003133 0.574641 0.0750592 3.20907e-10 0.00255484 0.0100239 0.0197637 0.306139 
0.0082231 0.000372175 0.000632017 0.523733 0.00987149 2.19794e-07 0.0063125 0.000961367 0.0143688 0.435525 
0.00104169 0.000198716 0.138084 0.519678 0.00355649 1.73376e-06 0.0969661 0.0668303 0.0270468 0.146596 
0.0489683 0.0347573 0.0832904 0.558694 0.0174922 7.01586e-07 0.0372023 0.0597344 0.0881171 0.0717433 
2.21107e-06 6.83957e-07 1.75263e-06 0.860967 0.0365333 1.52513e-07 1.39759e-06 0.0255873 8.34583e-06 0.0768977 
0.00149056 0.0052252 0.160729 0.337023 0.22058 8.42014e-07 0.0386964 0.00578636 0.0438564 0.186612 
0.00583008 0.00254697 0.00437129 0.62777 0.0801879 2.45207e-07 0.00450079 0.00493846 0.00790589 0.261948 
0.000383442 3.49836e-06 0.0166168 0.395146 0.000413711 0.000927681 0.0282533 0.303902 0.098749 0.155604 
0.000107941 0.00235499 0.186137 0.41664 0.0231692 9.19057e-07 0.0785533 0.0460447 0.0208708 0.226121 
8.42016e-06 3.60535e-05 0.0875356 0.739555 0.0125071 3.22314e-07 0.030484 0.0390539 0.0549257 0.0358941 
0.000650361 6.80721e-08 0.301265 0.369773 5.41987e-07 1.65396e-08 0.00588523 0.00881624 0.0140194 0.29959 
0.0135552 1.30104e-06 0.00109835 0.83014 6.82265e-05 6.79019e-06 0.00452074 0.000146486 0.127317 0.0231455 
0.000215971 0.00177857 0.192504 0.438473 0.0249303 7.27446e-07 0.0485795 0.0839952 0.0081823 0.201341 
0.00187372 0.00472385 0.0571195 0.626102 0.0688439 1.17256e-07 0.00817756 0.149303 0.013681 0.0701755 
0.000605224 0.0371686 0.176655 0.332343 0.000552229 1.97854e-06 0.0432579 0.104079 0.158332 0.147005 
0.00203935 0.00115185 0.231631 0.311779 0.000149649 0.00179275 0.0501743 0.116873 0.0625147 0.221895 
0.00513244 0.000754019 0.0761503 0.335571 0.105891 7.71809e-07 0.0348879 0.0781328 0.129173 0.234306 
0.01384 0.00033455 0.164774 0.548548 9.44631e-05 1.49168e-06 0.0682868 0.0772987 0.0881952 0.0386271 
2.94109e-05 3.12586e-10 0.206201 0.399731 0.000324866 2.83514e-10 0.0162095 0.180023 0.0759971 0.121485 
1.23682e-05 6.95395e-06 0.00462023 0.441504 0.000676985 1.65566e-09 0.0277922 0.121127 0.143552 0.260709 
0.00166919 0.00342842 0.146331 0.42935 0.186199 1.81096e-09 0.0203213 0.0520403 0.0797862 0.080874 
0.0082231 0.000372175 0.000632017 0.523733 0.00987149 2.19794e-07 0.0063125 0.000961367 0.0143688 0.435525 
0.00965853 0.00177627 0.193176 0.610018 4.75639e-09 7.23723e-09 0.0332213 0.00231465 0.0278068 0.122028 
1.5363e-05 0.000854765 0.00393154 0.885716 0.00091692 1.24872e-10 0.0449653 0.00662082 0.0218709 0.0351082 
0.00451518 0.000312673 0.00428481 0.814396 0.00206186 4.64488e-06 0.00339388 0.00266317 0.0167483 0.15162 
0.0395074 0.00172207 0.0393703 0.640932 0.00696555 9.13813e-06 0.00616626 0.0223794 0.111607 0.131341 
0.030887 0.000154972 0.137646 0.446245 0.00637061 0.000666795 0.0758707 0.0145827 0.0600296 0.227546 
0.0051026 3.1971e-05 0.117914 0.514031 7.94147e-06 6.49546e-10 0.0599098 0.00430978 0.158868 0.139825 
2.62309e-11 0.000161917 0.180074 0.32408 0.000239524 5.57883e-05 0.130311 0.186085 0.178991 1.54924e-06 
7.37966e-05 0.000194418 0.259469 0.737602 1.72421e-08 5.6864e-08 0.000263472 0.00160252 0.000452726 0.000341938 
0.00507297 0.00257421 0.00215817 0.588772 0.153317 2.2394e-10 0.00151079 0.00503504 0.00286919 0.238691 
0.00557883 0.00491662 0.0902993 0.557742 0.191668 9.85382e-07 0.0526817 0.0120114 0.0210797 0.0640219 
0.000462791 6.96189e-05 0.00402365 0.634844 0.00865302 1.93516e-07 0.000999178 9.99333e-05 0.00725615 0.343591 
1.5024e-07 0.000325523 0.0807157 0.489011 6.38919e-05 3.54799e-06 0.220219 0.0890788 0.0181449 0.102438 
0.0135454 0.00545915 0.00249232 0.4619 0.0565582 3.01345e-08 0.00902286 0.00750455 0.0256675 0.41785 
0.000462404 1.95666e-05 0.00996979 0.51079 0.00230979 1.22902e-09 0.0122194 0.00119105 0.0169892 0.446048 
0.011999 0.000786666 0.291395 0.374956 0.00616548 4.19388e-05 0.0392152 0.0364092 0.104228 0.134803 
0.0652325 0.00410975 0.0164666 0.542342 0.0565235 2.34889e-07 0.0056424 0.00538916 0.00746137 0.296833 
0.00195085 4.46328e-10 0.0236865 0.919622 3.91409e-05 1.37747e-07 0.00832032 0.0275496 0.0153152 0.00351627 
1.40098e-05 0.00219806 0.0697743 0.756875 0.00277299 0.000342645 0.00944129 0.101396 0.0455124 0.0116741 
0.00251092 0.000482956 0.282477 0.568033 0.000641326 0.0322919 0.00268136 0.0722362 0.032272 0.00637315 
0.000126658 0.00189131 0.0598387 0.735559 0.0560931 4.71759e-07 0.0157418 0.0181022 0.0057803 0.106867 
0.000569665 6.42348e-07 1.16517e-05 0.963854 2.57726e-05 7.03948e-06 0.000120732 0.000147237 0.0340022 0.00126158 
9.19647e-05 0.000174509 0.1179 0.312998 0.000105989 1.1378e-05 0.0139944 0.236713 0.156934 0.161077 
1.17666e-08 3.24897e-07 0.000826179 0.964915 0.0079737 1.21064e-10 0.00556056 0.00914157 5.31736e-05 0.0115298 
0.000108077 0.000656102 0.00334881 0.416919 0.0336164 6.46898e-09 0.000678986 0.10143 0.413149 0.0300936 
0.00136291 7.27761e-05 0.0264684 0.697061 3.33634e-05 0.00179044 0.00210194 0.147104 0.0403639 0.0836409 
5.47444e-07 2.20169e-06 0.0253758 0.529779 0.0498424 7.64179e-07 0.0640332 1.74721e-05 0.00010353 0.330845 
0.00187372 0.00472385 0.0571195 0.626102 0.0688439 1.17256e-07 0.00817756 0.149303 0.013681 0.0701755 
0.0082231 0.000372175 0.000632017 0.523733 0.00987149 2.19794e-07 0.0063125 0.000961367 0.0143688 0.435525 
0.0337049 2.29963e-07 0.0113281 0.503755 5.75454e-07 5.17543e-12 0.0032558 0.153788 0.114744 0.179424 
0.264882 0.0265568 0.00466398 0.356469 0.0277493 1.55975e-06 2.0288e-05 0.0897768 0.154402 0.0754781 
0.0135116 0.000643549 0.283816 0.397091 0.000381166 3.11322e-06 0.0221809 0.00711175 0.0468258 0.228435 
0.0254558 0.00175027 0.197799 0.294449 0.00536436 0.00242792 0.0964346 0.113249 0.0389511 0.22412 
0.00726237 0.00065437 0.179361 0.44959 3.45243e-05 1.12373e-08 0.00706556 0.0676975 0.0635024 0.224832 
0.0254363 4.85742e-08 0.210747 0.569823 5.48593e-06 7.92496e-10 0.0391404 0.0143637 0.0194478 0.121036 
4.88909e-05 3.2895e-08 0.194248 0.342059 0.0227466 0.00016098 0.0053031 0.322469 0.0190327 0.0939318 
0.0169343 0.000858579 0.134801 0.492623 4.6248e-09 2.95529e-09 0.0382066 0.00229258 0.0235287 0.290756 
0.00075235 0.0158989 0.306603 0.518849 0.00708968 6.47008e-05 0.0249719 0.0194272 0.00357131 0.102772 
0.0385566 0.00286655 0.164593 0.437813 0.0277318 1.01764e-05 0.00680536 0.0801946 0.00832554 0.233103 
7.98555e-05 0.000283033 0.131689 0.697107 0.0681722 5.34657e-05 0.0246212 0.0203966 0.0107973 0.0468003 
1.32979e-05 0.00232329 0.0571302 0.733169 0.000113234 0.00016368 0.0330442 0.0569101 0.0593392 0.0577936 
2.21107e-06 6.83957e-07 1.75263e-06 0.860967 0.0365333 1.52513e-07 1.39759e-06 0.0255873 8.34583e-06 0.0768977 
0.00196682 0.00266884 0.0426192 0.488135 0.182951 9.78006e-06 0.00263506 0.0393218 0.0821543 0.157539 
0.0290266 0.00147073 0.231085 0.524319 4.56962e-09 2.43065e-09 0.0156428 8.46971e-05 0.0110989 0.187273 
3.01493e-05 9.25289e-05 0.219108 0.697809 9.58718e-06 1.03963e-07 0.00209666 0.0631795 0.0161019 0.00157315 
0.0761876 2.27449e-07 0.0648601 0.498166 0.000334016 3.46789e-06 0.00926886 0.137168 0.104546 0.109466 
0.00761987 0.0151912 0.273705 0.465139 0.0239102 2.79256e-07 0.0136327 0.0495157 0.0436847 0.107601 
0.0229982 0.00294032 0.154609 0.425445 0.00228384 8.53188e-05 0.0938941 0.10761 0.0457281 0.144406 
0.000180018 9.32174e-06 0.00521104 0.508879 4.369e-05 7.3555e-06 0.0148461 0.00513923 0.0124202 0.453264 
0.000462791 6.96189e-05 0.00402365 0.634844 0.00865302 1.93516e-07 0.000999178 9.99333e-05 0.00725615 0.343591 
0.000594376 0.00581402 0.0423104 0.531713 0.101701 7.73717e-06 0.0127581 0.0848206 0.0970714 0.123209 
0.0054257 0.000141266 0.152529 0.712121 0.0037869 6.40871e-07 0.00757629 0.0521661 0.00739762 0.0588563 
1.66302e-07 0.000119865 0.0403176 0.71831 1.48615e-07 1.09063e-09 0.00170765 0.0159929 0.0340559 0.189496 
0.0357539 0.00349452 0.148597 0.252693 0.00721113 0.000681994 0.186166 0.0993518 0.0778127 0.188238 
0.0258136 0.00718324 0.0888926 0.657743 0.0456082 0.00813882 0.00944711 0.0561048 0.0489395 0.0521289 
2.21107e-06 6.83957e-07 1.75263e-06 0.860967 0.0365333 1.52513e-07 1.39759e-06 0.0255873 8.34583e-06 0.0768977 
0.000462404 1.95666e-05 0.00996979 0.51079 0.00230979 1.22902e-09 0.0122194 0.00119105 0.0169892 0.446048 
0.000511189 0.000131866 0.0457439 0.691231 0.000404685 6.61802e-05 0.00364306 0.0490753 0.159128 0.0500652 
0.014332 0.000106184 0.0896822 0.80497 0.00103015 2.55588e-06 0.0155121 0.000329806 0.0292215 0.044813 
0.00565259 0.000187193 0.0234857 0.364219 0.229284 0.00140403 0.00300576 0.14863 0.0570568 0.167074 
0.0219674 4.85784e-06 0.115663 0.626283 4.00208e-06 7.06453e-09 0.0583916 0.0467233 0.0410248 0.0899385 
0.000569665 6.42348e-07 1.16517e-05 0.963854 2.57726e-05 7.03948e-06 0.000120732 0.000147237 0.0340022 0.00126158 
0.000177175 0.0436639 0.292226 0.433861 0.0200615 1.72633e-06 0.0218426 0.136207 0.00236239 0.049596 
0.0270137 0.0249997 0.115305 0.32031 0.194352 9.11859e-05 0.0236757 0.0701824 0.109431 0.11464 
0.00759425 1.18298e-05 0.101576 0.591324 0.000822217 6.43065e-05 0.0269082 0.0179087 0.00975892 0.244031 
0.000462404 1.95666e-05 0.00996979 0.51079 0.00230979 1.22902e-09 0.0122194 0.00119105 0.0169892 0.446048 
0.00187372 0.00472385 0.0571195 0.626102 0.0688439 1.17256e-07 0.00817756 0.149303 0.013681 0.0701755 
0.00451518 0.000312673 0.00428481 0.814396 0.00206186 4.64488e-06 0.00339388 0.00266317 0.0167483 0.15162 
0.109187 2.74117e-05 0.252016 0.289497 3.3712e-06 2.79814e-07 0.139441 0.00734423 0.176065 0.0264182 
0.00259698 0.011294 0.00133156 0.656987 0.0991982 3.26854e-09 0.00241843 0.0246498 0.0242789 0.177246 
0.00168631 0.00699832 0.003133 0.574641 0.0750592 3.20907e-10 0.00255484 0.0100239 0.0197637 0.306139 
0.0538661 0.00532611 0.15834 0.481893 0.000635339 1.66785e-06 0.0833602 0.0141216 0.0799766 0.12248 
8.5842e-05 0.00810308 0.0401975 0.485749 0.0153086 6.72416e-05 0.00635502 0.419246 0.00749858 0.0173897 
0.00410919 0.000448845 0.179413 0.366397 0.0824972 6.94669e-06 0.0333716 0.0983137 0.0355485 0.199894 
0.00244474 4.73265e-08 0.0814408 0.718014 0.00090725 4.29248e-08 0.00672767 0.0864732 0.0948121 0.0091801 
0.00113932 2.15485e-08 0.228546 0.559946 0.000132779 1.95443e-08 0.0328541 0.0171946 0.111921 0.0482658 
1.0029e-08 4.94262e-08 0.0467077 0.914931 9.78522e-07 4.48293e-08 0.00986994 0.0231085 0.000321172 0.00506079 
0.000303137 0.0144522 0.0182343 0.801439 2.4994e-05 5.95139e-05 0.0568133 0.00461265 0.0510263 0.0530342 
0.01387 0.122785 0.00919384 0.373486 0.0825087 0.000926604 0.0127576 0.144384 0.0383237 0.201764 
0.00187372 0.00472385 0.0571195 0.626102 0.0688439 1.17256e-07 0.00817756 0.149303 0.013681 0.0701755 
3.03794e-05 0.000103933 0.0827476 0.54062 0.0661106 7.17364e-11 0.00690619 0.152586 0.00260124 0.148293 
0.00529106 0.00295342 0.225635 0.336888 0.158147 3.29443e-06 0.0179048 0.127158 0.0155234 0.110494 
0.000186436 0.111789 0.116869 0.371992 0.00559732 6.12405e-08 0.0569237 0.0960214 0.0321573 0.208464 
8.90483e-05 7.39113e-06 0.0995368 0.698372 4.49695e-05 1.01913e-08 0.0463786 0.106263 0.0104459 0.0388623 
0.00313982 0.000260873 0.00998902 0.868313 0.00143113 1.66586e-05 0.00237439 0.00189222 0.0112694 0.101313 
0.0179102 0.00868673 0.143422 0.257931 0.0130113 7.23283e-05 0.0135875 0.221922 0.206586 0.116872 
0.00336432 1.27249e-06 0.00371588 0.52565 8.83934e-10 2.9152e-09 0.0480804 0.242585 0.0776242 0.0989787 
0.000298217 0.000140627 0.125051 0.463941 0.000288929 7.6694e-07 0.248521 0.0263983 0.0629991 0.0723606 
0.000273661 1.21202e-06 0.108364 0.471024 0.000267294 7.17308e-07 0.00297342 0.00394701 0.0413745 0.371774 
0.00227238 6.41277e-07 0.220066 0.530217 0.000761556 4.72348e-11 0.0176156 0.0089699 0.048531 0.171566 
0.0082231 0.000372175 0.000632017 0.523733 0.00987149 2.19794e-07 0.0063125 0.000961367 0.0143688 0.435525 
0.0082231 0.000372175 0.000632017 0.523733 0.00987149 2.19794e-07 0.0063125 0.000961367 0.0143688 0.435525 
0.0254363 4.85742e-08 0.210747 0.569823 5.48593e-06 7.92496e-10 0.0391404 0.0143637 0.0194478 0.121036 
0.000278971 0.00150719 0.123566 0.476798 0.0322109 1.93919e-05 0.0424138 0.0644308 0.122704 0.136071 
3.17376e-10 0.000235736 0.0940177 0.682188 0.000279697 4.16479e-07 0.109812 0.0399139 0.029929 0.0436226 
2.36812e-08 3.73487e-10 0.0966516 0.491134 5.06526e-07 3.38751e-10 0.0241219 0.000170299 0.140033 0.247889 
0.0324481 0.0035129 0.105128 0.415649 0.00115735 4.80446e-06 0.0293508 0.0662481 0.0424472 0.304054 
0.00933162 0.016549 0.0248469 0.693051 0.0772691 1.66517e-07 0.00157009 0.0086566 0.0121546 0.156571 
8.23709e-06 0.0345867 0.0085468 0.4442 1.3865e-06 0.0319871 0.0798047 0.000367773 0.0635157 0.336982 
0.00316771 0.0514715 0.0994288 0.319259 0.0199242 0.000612638 0.111634 0.00937272 0.220326 0.164803 
0.00168873 0.001547 0.00702213 0.658168 0.0601347 2.15585e-07 0.00256944 0.00288507 0.00601247 0.259972 
0.0151738 0.000492647 0.174598 0.328922 0.00332029 6.80114e-07 0.163402 0.107425 0.0437646 0.162901 
0.00123745 0.000475724 0.373993 0.541774 0.000621754 2.14001e-06 0.0237222 0.0104964 0.0135213 0.0341559 
0.0300838 0.0013151 0.242818 0.402867 2.74244e-05 2.06075e-07 0.0299609 0.00415809 0.189419 0.0993508 
0.0787756 4.04057e-05 0.140414 0.45204 0.00242812 1.87607e-05 0.0318768 0.0857941 0.149814 0.0587983 
0.00507297 0.00257421 0.00215817 0.588772 0.153317 2.2394e-10 0.00151079 0.00503504 0.00286919 0.238691 
0.023736 0.0002806 0.027309 0.752309 3.97063e-05 5.55056e-07 0.0191365 0.0519881 0.0917488 0.0334519 
0.00964857 0.00268842 0.0577955 0.358136 0.00118396 0.014439 0.353917 0.107619 0.0206157 0.0739566 
2.8632e-05 2.19419e-07 0.0258198 0.890446 0.0129307 9.0516e-05 0.00910418 0.04157 0.00545202 0.0145575 
0.000462404 1.95666e-05 0.00996979 0.51079 0.00230979 1.22902e-09 0.0122194 0.00119105 0.0169892 0.446048 
0.00495314 0.0542431 0.136166 0.592326 0.0962487 5.67609e-07 0.0084119 0.0686829 0.0152233 0.0237445 
0.0299897 0.00275204 0.10576 0.305877 0.274327 0.000629771 0.00380388 0.152458 0.0114717 0.11293 
0.000133767 4.96688e-07 0.00136125 0.78566 1.36597e-07 4.50493e-07 0.0171936 0.00143904 0.000783604 0.193428 
0.00520125 0.00181824 0.0150468 0.438356 3.16802e-05 7.66873e-07 0.0262978 0.01036 0.111151 0.391737 
0.0115717 0.00236921 0.0371969 0.529983 0.0958917 2.3648e-07 0.0241487 0.0508459 0.0213225 0.22667 
6.72862e-05 0.000894503 0.415543 0.544603 0.00208624 1.12406e-12 0.00333868 0.0313693 8.53534e-05 0.0020131 
0.0119929 0.00215126 0.183172 0.364109 0.161243 1.16947e-06 0.0148381 0.0312646 0.0259253 0.205303 
0.000700714 0.00295993 0.310365 0.339923 0.00237811 1.57252e-09 0.00746509 0.00562689 0.0081068 0.322474 
0.00340294 0.000156837 0.0219092 0.763507 0.000809952 0.000122996 0.0787836 0.0474264 0.0317004 0.0521802 
0.000108077 0.000656102 0.00334881 0.416919 0.0336164 6.46898e-09 0.000678986 0.10143 0.413149 0.0300936 
0.000462791 6.96189e-05 0.00402365 0.634844 0.00865302 1.93516e-07 0.000999178 9.99333e-05 0.00725615 0.343591 
0.000853386 0.000908039 0.240817 0.569124 0.000100953 5.11081e-07 0.0323557 0.012725 0.0360657 0.10705 
0.00532147 2.55961e-05 0.282559 0.343999 0.00351528 3.70159e-07 0.178264 0.0566407 0.0363707 0.093304 
0.000577465 0.00135616 0.00504053 0.65586 0.0489336 1.97047e-09 0.00869858 0.00113534 0.00111164 0.277287 
8.78001e-08 2.21606e-07 0.11611 0.692637 0.00123573 9.22079e-10 0.0760709 0.0742058 0.0027396 0.0370014 
0.0082231 0.000372175 0.000632017 0.523733 0.00987149 2.19794e-07 0.0063125 0.000961367 0.0143688 0.435525 
0.156327 4.18818e-05 0.0797706 0.36623 0.00375206 1.31073e-08 0.0544986 0.165189 0.114612 0.0595787 
2.20224e-05 5.39969e-07 0.00169064 0.986364 0.000208047 4.89748e-07 0.000763338 0.00867282 0.000429726 0.00184842 
0.000741702 1.8006e-05 0.199512 0.539416 0.00401776 0.000106078 0.020937 0.0665698 0.0321427 0.136539 
0.00312069 3.16394e-07 0.113831 0.498557 0.000761499 1.34806e-06 0.00481428 0.0145753 0.0670167 0.297322 
0.00564141 8.30136e-07 0.24174 0.578917 5.66951e-06 6.53595e-06 0.0105645 0.0719363 0.0708966 0.020291 
0.0230861 0.00622091 0.00800954 0.41938 0.0905757 6.34361e-07 0.0149477 0.0168543 0.025743 0.395182 
0.0449612 0.000357775 0.240712 0.436426 0.000171702 0.000511213 0.0632819 0.163431 0.0099392 0.040207 
0.000525769 0.00522872 0.221619 0.459668 0.124752 0.00122885 0.0207039 0.0646246 0.0201949 0.0814542 
0.00372745 0.0993087 0.0295109 0.410204 0.000281495 0.000202281 0.0422934 0.0785984 0.234015 0.101859 
0.00386208 0.009808 0.230405 0.530035 0.00572571 3.25975e-07 0.0496099 0.00614414 0.00428258 0.160127 
0.000298217 0.000140627 0.125051 0.463941 0.000288929 7.6694e-07 0.248521 0.0263983 0.0629991 0.0723606 
0.0082231 0.000372175 0.000632017 0.523733 0.00987149 2.19794e-07 0.0063125 0.000961367 0.0143688 0.435525 
0.000694438 0.00317048 0.178846 0.306115 0.015773 0.0342814 0.015906 0.173541 0.0467505 0.224923 
0.00156613 1.63492e-06 0.0349261 0.708432 0.00165197 1.04189e-07 0.0923174 0.00890623 0.0215519 0.130647 
2.21107e-06 6.83957e-07 1.75263e-06 0.860967 0.0365333 1.52513e-07 1.39759e-06 0.0255873 8.34583e-06 0.0768977 
0.00429888 0.00627395 0.127984 0.495709 0.00826249 1.49061e-05 0.0116808 0.02786 0.0818202 0.236095 
0.0286106 0.00212932 0.0940826 0.432114 0.000177211 4.81494e-07 0.00176683 0.0283654 0.392779 0.0199749 
0.0116551 0.000319131 0.0854909 0.289528 0.00580126 1.3156e-05 0.134658 0.0410328 0.179602 0.251899 
0.00179708 0.0115887 0.0622657 0.410851 0.0507452 5.87533e-08 0.0333788 0.0435693 0.0163929 0.369411 
0.00216434 0.00548183 0.1745 0.308898 0.113678 4.76906e-05 0.0355951 0.0819232 0.153029 0.124682 
0.000175381 1.00771e-05 0.0218973 0.803432 0.0281813 1.44617e-05 0.0316883 0.0487667 0.0329167 0.0329173 
0.0108381 0.00214786 0.0244515 0.503132 0.0960544 5.51215e-06 0.0107417 0.00868433 0.054214 0.289731 
0.00011827 0.00189606 0.166919 0.68831 0.00932548 1.17683e-06 0.0380137 0.00867826 0.0114432 0.0752952 
1.63073e-05 0.00228722 0.0225472 0.5181 0.0714721 7.82006e-09 0.000983142 0.0839736 0.0423407 0.25828 
0.0115956 0.0020989 0.225453 0.374207 0.0810291 1.28643e-06 0.0159081 0.0258297 0.0333775 0.2305 
0.00507297 0.00257421 0.00215817 0.588772 0.153317 2.2394e-10 0.00151079 0.00503504 0.00286919 0.238691 
0.000574194 0.0146306 0.117718 0.716653 0.00362403 0.0013706 0.0486077 0.00356023 0.0313223 0.0619393 
0.000593102 5.6032e-05 0.0822491 0.644168 0.000107249 3.35361e-07 0.115025 0.0118586 0.136289 0.00965332 
