3.99024e-07 6.68212e-05 0.194553 0.652236 1.15168e-05 1.78363e-06 0.00230739 0.010272 0.0463424 0.094208 
6.96724e-07 0.000285904 0.0685153 0.582513 0.000176217 1.49018e-05 0.00226698 0.271867 0.0174433 0.0569166 
0.00115839 0.00863836 0.107324 0.497322 7.45563e-05 1.78331e-08 0.00685102 0.0076851 0.288757 0.0821892 
0.0229398 0.00448811 0.202963 0.372386 0.0996879 3.39866e-07 0.0151738 0.0303113 0.0869751 0.165075 
0.0486402 0.00797221 0.0415468 0.454873 0.0117754 2.95005e-07 0.00708303 0.227957 0.144385 0.0557674 
0.0082231 0.000372175 0.000632017 0.523733 0.00987149 2.19794e-07 0.0063125 0.000961367 0.0143688 0.435525 
5.25499e-05 0.00702358 0.109734 0.625633 0.0353593 3.16211e-05 0.00634824 0.0674896 0.0520625 0.0962652 
0.00432748 0.00454439 0.13967 0.437956 5.33739e-05 5.80284e-06 0.0514991 0.0139812 0.0361853 0.311778 
0.0002185 0.00506557 0.224932 0.433352 0.0510112 4.35875e-05 0.0203938 0.182494 0.0103562 0.0721324 
0.00233399 3.07514e-07 0.0152541 0.464907 0.000305857 2.22939e-07 0.0203413 0.117211 0.0950062 0.28464 
0.00451518 0.000312673 0.00428481 0.814396 0.00206186 4.64488e-06 0.00339388 0.00266317 0.0167483 0.15162 
2.21107e-06 6.83957e-07 1.75263e-06 0.860967 0.0365333 1.52513e-07 1.39759e-06 0.0255873 8.34583e-06 0.0768977 
4.08201e-05 0.000363402 0.0311432 0.810782 0.000212049 0.00437166 0.0195279 0.0555672 0.0587451 0.0192464 
3.03794e-05 0.000103933 0.0827476 0.54062 0.0661106 7.17364e-11 0.00690619 0.152586 0.00260124 0.148293 
0.0433461 0.00362129 0.250772 0.292412 0.148383 3.6295e-07 0.015709 0.0134127 0.0202138 0.21213 
0.000678794 0.0138198 0.0553285 0.571224 0.132689 3.8295e-10 0.00216738 0.0439448 0.0116208 0.168527 
8.58462e-05 0.000353364 0.0418092 0.828794 0.00597363 0.00177191 0.027699 0.0300027 0.00498861 0.0585215 
0.0104567 0.00141407 0.00302355 0.564827 0.0496782 3.075e-07 0.007213 0.00406954 0.0111275 0.34819 
3.70212e-05 1.9885e-05 0.367973 0.531914 0.000712327 6.13033e-07 0.00191712 0.0666678 0.00682526 0.0239325 
0.0040485 0.000487193 0.182114 0.382702 0.0742548 9.88659e-06 0.049761 0.0537224 0.0271434 0.225757 
0.007357 1.00797e-05 0.0925795 0.70419 0.00012582 4.41101e-07 0.014857 0.0426183 0.0546288 0.0836327 
0.00562895 0.000144749 0.330773 0.382397 0.00149055 1.81481e-06 0.117291 0.00415274 0.0252385 0.132882 
0.000244744 2.71201e-07 0.22829 0.539707 2.04903e-05 9.43066e-06 0.00843603 0.0995614 0.0756871 0.0480435 
0.00512629 0.0356002 0.00917759 0.453896 0.00546462 7.05117e-06 0.0367008 0.000902881 0.00807614 0.445048 
0.00104284 0.0045418 0.000539363 0.799082 0.039718 2.39816e-08 0.00514159 0.0180501 0.0158956 0.115989 
0.00015751 0.00107235 0.271383 0.65417 0.022506 0.000371101 0.0416529 0.00260203 0.000454403 0.00563093 
7.21012e-07 0.000649638 0.00552923 0.957082 7.33883e-07 2.96181e-07 0.00246462 0.0257721 0.00179816 0.0067025 
0.000405517 0.00610444 0.2453 0.526101 0.0488528 4.39932e-07 0.0122156 0.0455839 0.000899126 0.114537 
1.43517e-10 0.00172208 0.172865 0.426396 0.000200603 6.41516e-10 0.000603329 0.282298 0.0114842 0.104431 
0.000462791 6.96189e-05 0.00402365 0.634844 0.00865302 1.93516e-07 0.000999178 9.99333e-05 0.00725615 0.343591 
0.00168631 0.00699832 0.003133 0.574641 0.0750592 3.20907e-10 0.00255484 0.0100239 0.0197637 0.306139 
5.80875e-06 0.368111 0.0628837 0.510971 4.03857e-06 1.82771e-07 0.00732832 0.00445169 0.00536193 0.0408826 
0.000412869 0.0395323 0.147438 0.411221 0.0168909 1.0294e-06 0.0739942 0.0216904 0.0725021 0.216318 
0.00598129 0.000421453 0.000473872 0.508737 6.59425e-05 4.3977e-06 0.00262415 0.00163217 0.465235 0.0148253 
0.0376974 0.000644454 0.0433908 0.428576 0.0153952 1.71356e-06 0.230862 0.00169788 0.0628779 0.178857 
0.00168631 0.00699832 0.003133 0.574641 0.0750592 3.20907e-10 0.00255484 0.0100239 0.0197637 0.306139 
0.000346881 0.000819768 0.240259 0.564999 0.0028925 7.80102e-07 0.0182908 0.0195134 0.0344696 0.118409 
0.0638671 0.0102933 0.0235344 0.539856 0.0385234 3.5433e-06 0.00202579 0.133776 0.0226118 0.165509 
0.00451518 0.000312673 0.00428481 0.814396 0.00206186 4.64488e-06 0.00339388 0.00266317 0.0167483 0.15162 
0.00860951 0.00245092 0.0892347 0.526354 0.0779015 1.05292e-06 0.0137687 0.0289658 0.0122966 0.240417 
0.00154379 0.000106714 0.381028 0.464484 7.25446e-05 2.37986e-08 0.0711199 0.00319419 0.00198895 0.076462 
0.00602627 0.0151895 0.111189 0.512152 0.0169735 0.00456151 0.0777339 0.0224198 0.0374721 0.196283 
0.00451518 0.000312673 0.00428481 0.814396 0.00206186 4.64488e-06 0.00339388 0.00266317 0.0167483 0.15162 
0.170295 0.00150727 0.145327 0.29575 0.0110445 1.63552e-07 0.0133501 0.0913588 0.0505153 0.220852 
0.00156794 0.000289112 0.0958617 0.649256 1.6363e-05 0.0264568 0.0612975 0.0164219 0.0719896 0.0768427 
0.00424624 0.00410547 0.221974 0.590838 0.0161008 0.000214871 0.0197301 0.0404461 0.0295897 0.0727544 
0.0104567 0.00141407 0.00302355 0.564827 0.0496782 3.075e-07 0.007213 0.00406954 0.0111275 0.34819 
0.00614615 0.00169546 0.237047 0.38093 0.0220429 2.03561e-07 0.0842504 0.00330618 0.0400518 0.22453 
0.00169761 0.000185715 0.280778 0.357537 7.25584e-05 4.07575e-05 0.0368574 0.12075 0.0336427 0.168437 
0.0309851 0.000415722 0.000492263 0.587556 0.0352121 3.85359e-07 0.191894 0.000105947 0.0273598 0.125979 
0.000462791 6.96189e-05 0.00402365 0.634844 0.00865302 1.93516e-07 0.000999178 9.99333e-05 0.00725615 0.343591 
2.71535e-06 2.42138e-05 0.0329593 0.860612 4.85587e-06 2.44337e-08 0.0153004 0.00858074 0.0383804 0.0441351 
0.00413351 0.002343 0.00312728 0.512077 0.0858753 9.85336e-10 0.00202694 0.0132184 0.00168426 0.375515 
0.00245112 9.98926e-06 0.128251 0.771314 3.34399e-05 1.41865e-06 0.0146563 0.0163284 0.0297649 0.0371898 
0.0151471 3.28246e-05 0.17429 0.328879 5.30411e-06 2.04194e-07 0.0602304 0.0657038 0.032849 0.322862 
0.000462404 1.95666e-05 0.00996979 0.51079 0.00230979 1.22902e-09 0.0122194 0.00119105 0.0169892 0.446048 
3.90288e-07 0.000909905 0.0198883 0.594456 0.000513483 1.67084e-08 0.0124535 0.0140201 0.145506 0.212252 
0.0109372 0.0621443 0.195982 0.285573 0.0519919 3.64335e-07 0.0436127 0.281914 0.052166 0.015679 
0.0152645 0.000477973 0.24892 0.378953 0.00322781 0.00237842 0.0497598 0.0114654 0.0138669 0.275687 
5.86864e-06 3.76074e-07 0.122427 0.719491 8.6303e-06 5.26287e-09 0.054292 0.0596552 0.00815887 0.0359602 
0.000326096 8.52018e-06 0.138677 0.4092 2.45596e-05 0.000280458 0.00812947 0.251117 0.0774701 0.114766 
0.00201809 2.0616e-08 0.174354 0.476046 0.000339471 4.95204e-09 0.0278942 0.053898 0.0480967 0.217353 
0.00419811 0.00575701 0.154203 0.660714 0.00156995 0.000418092 0.0392455 0.020829 0.0515083 0.0615573 
0.000462791 6.96189e-05 0.00402365 0.634844 0.00865302 1.93516e-07 0.000999178 9.99333e-05 0.00725615 0.343591 
6.31279e-05 0.000694019 0.129941 0.531829 0.000284533 0.0022551 0.023038 0.207146 0.025396 0.0793534 
6.58829e-05 0.000451319 0.0633002 0.483415 5.99756e-07 7.62119e-08 0.0723805 0.00519874 0.0185866 0.356601 
0.0104567 0.00141407 0.00302355 0.564827 0.0496782 3.075e-07 0.007213 0.00406954 0.0111275 0.34819 
3.04776e-06 0.00176699 0.00802662 0.453641 0.00104865 1.69371e-05 0.0766369 0.149345 0.054999 0.254516 
0.000125208 0.000266878 0.0381761 0.598083 0.00745388 4.10168e-11 0.00413279 0.00640949 0.0269195 0.318433 
6.72685e-07 9.25254e-09 0.0397179 0.613649 0.0750686 8.392e-09 0.00335732 0.0964468 0.0888513 0.0829079 
0.00072237 7.25303e-06 0.0660206 0.655228 0.00303809 0.00428727 0.00239906 0.109023 0.0402438 0.119031 
0.047111 0.00990934 0.198451 0.474943 0.0336519 1.96234e-06 0.010414 0.0163007 0.00563519 0.203582 
2.0304e-10 3.72902e-05 0.0911957 0.634979 3.18246e-06 8.01483e-06 0.000638514 0.259008 0.0013314 0.0127991 
0.162708 2.91953e-05 0.000946531 0.502849 0.000115174 4.41644e-06 0.003796 0.00112387 0.275957 0.0524709 
7.24167e-06 0.000936441 0.00901906 0.383867 0.0941549 3.55378e-09 0.000583296 0.0502036 0.266227 0.195002 
0.00239025 0.00280592 0.0092723 0.37459 0.0930436 1.21037e-06 0.00713602 0.00932141 0.166609 0.33483 
6.32016e-05 2.08178e-08 0.0325205 0.907095 5.7252e-09 0.0003341 0.000898483 0.000656316 0.013912 0.0445201 
0.00335559 0.00131195 0.241368 0.289575 0.00115947 0.00116584 0.19914 0.042396 0.113853 0.106676 
0.00187372 0.00472385 0.0571195 0.626102 0.0688439 1.17256e-07 0.00817756 0.149303 0.013681 0.0701755 
7.27848e-06 0.000352749 0.0293998 0.847898 2.59738e-05 1.99164e-08 0.000544295 0.00773007 0.00148634 0.112556 
0.0230971 0.00104478 0.0372674 0.330521 2.33333e-05 9.36346e-05 0.00287502 0.108318 0.255905 0.240854 
0.00350401 0.0151947 0.222641 0.418649 0.0610717 4.43114e-09 0.038148 0.0640416 0.0376866 0.139064 
0.000118201 0.0359185 0.19147 0.379155 0.000616036 1.73306e-06 0.0410118 0.00710939 0.150308 0.194291 
0.00170132 0.00145109 0.0397473 0.626365 5.37452e-05 0.0016244 0.0371973 0.0172217 0.194813 0.079826 
0.0167961 0.00261453 0.212233 0.327404 0.0246146 0.000367503 0.121594 0.0314732 0.0421543 0.220748 
3.44816e-05 2.22752e-09 0.0885372 0.668323 2.23724e-06 5.05477e-07 0.00296547 0.000276209 0.0248224 0.215038 
0.000824736 1.42598e-05 0.111947 0.798849 0.000244993 0.000263746 0.00487611 0.0408173 0.00077081 0.041392 
1.2968e-05 5.47654e-06 0.0018566 0.928864 4.76923e-05 4.96719e-06 0.00407203 0.0649777 8.0789e-05 7.8027e-05 
0.000265575 0.00140466 0.0425561 0.745712 8.56617e-06 2.61615e-05 0.0459765 0.00149336 0.0394103 0.123147 
0.00257685 0.00249383 0.0751178 0.350058 0.000122675 1.62798e-07 0.00774116 0.0522081 0.163603 0.346079 
0.00458391 7.98732e-06 0.116894 0.4555 0.0538308 6.9366e-07 0.0457923 0.226098 0.0148264 0.0824649 
0.00187372 0.00472385 0.0571195 0.626102 0.0688439 1.17256e-07 0.00817756 0.149303 0.013681 0.0701755 
0.000462791 6.96189e-05 0.00402365 0.634844 0.00865302 1.93516e-07 0.000999178 9.99333e-05 0.00725615 0.343591 
0.00101266 4.64209e-05 0.0493395 0.710995 0.000389165 8.67498e-11 0.0258187 0.0571889 0.0669509 0.0882585 
0.00168631 0.00699832 0.003133 0.574641 0.0750592 3.20907e-10 0.00255484 0.0100239 0.0197637 0.306139 
3.19888e-05 0.000747106 0.224011 0.672903 0.022247 3.84773e-05 0.011589 0.0559597 0.000439575 0.0120332 
0.0054135 0.00334832 0.0793374 0.416804 2.49906e-05 9.32913e-09 0.00772546 0.0265517 0.180845 0.279949 
0.0717492 0.000127942 0.189694 0.271647 1.44317e-05 4.29055e-08 0.178298 0.00587384 0.192761 0.0898359 
0.000324597 0.000385002 0.0153757 0.899866 0.000111259 1.21948e-05 6.60689e-05 0.00134226 0.00148719 0.0810294 
0.0082231 0.000372175 0.000632017 0.523733 0.00987149 2.19794e-07 0.0063125 0.000961367 0.0143688 0.435525 
0.000462791 6.96189e-05 0.00402365 0.634844 0.00865302 1.93516e-07 0.000999178 9.99333e-05 0.00725615 0.343591 
0.142921 3.48236e-07 0.144525 0.357206 0.002331 3.15848e-07 0.0437666 0.0105332 0.125636 0.173081 
0.000707711 0.00313081 0.118507 0.36065 1.67779e-05 0.00185946 0.196669 0.0309306 0.0285107 0.259018 
0.000216451 1.99185e-05 0.0541918 0.673669 0.000269666 1.84447e-07 0.0428019 0.13383 0.0741033 0.0208984 
0.00729057 0.0028693 0.0578376 0.391077 0.0928919 0.000605265 0.0449191 0.0250605 0.0123273 0.365121 
0.000294448 8.76256e-09 0.202739 0.616897 3.83772e-05 7.94759e-09 0.00266394 0.0391778 0.0261971 0.111992 
0.00867899 0.000207273 0.0375748 0.585358 0.00431443 0.00133305 0.00141081 0.0749482 0.102162 0.184013 
0.193489 0.00039464 0.0646409 0.359451 0.00118848 0.00241756 0.192435 0.0897864 0.0123207 0.0838763 
0.000140767 0.000320798 0.0549487 0.64156 0.00324892 0.000219748 0.00789821 0.0824327 0.0141041 0.195127 
0.0206309 6.35779e-09 0.118605 0.504338 3.0436e-07 3.58749e-06 0.255063 0.0255077 0.0174267 0.0584254 
5.64906e-06 5.64499e-06 5.64962e-06 0.399415 5.6487e-06 5.64547e-06 0.317486 5.64911e-06 5.64966e-06 0.28306 
0.000811755 0.00275754 0.0697422 0.475384 0.00149928 0.000540538 0.0264573 0.00489815 0.217348 0.200562 
0.170083 0.00505972 0.215342 0.323057 0.0247349 2.1965e-05 0.0203731 0.0972463 0.0340051 0.110076 
0.00420445 0.000109015 0.124119 0.455119 5.69939e-07 0.000637322 0.0534374 0.00355444 0.0331525 0.325666 
0.0247101 0.0034779 0.0608609 0.428033 0.0066174 0.00524397 0.0575474 0.0598832 0.0312462 0.32238 
1.81826e-05 2.83676e-05 0.0111748 0.516905 0.0228724 2.29576e-06 0.00199299 0.420393 0.0245553 0.00205754 
0.0022663 0.0646811 0.256944 0.376036 0.00727262 1.4865e-05 0.0139371 0.0954052 0.0182614 0.165181 
0.00119843 0.00135101 0.275307 0.397735 0.00603006 0.0171749 0.201094 0.0615903 0.00160837 0.0369104 
0.000236094 0.00601534 0.245835 0.332182 0.0346933 1.38085e-07 0.0215466 0.0863896 0.0169618 0.25614 
0.00644863 0.00204318 0.0569492 0.791806 0.00337902 4.82128e-06 0.0125215 0.050761 0.0179728 0.0581141 
1.38863e-07 0.0104482 0.0128331 0.675699 0.000388496 6.20711e-07 0.00731008 0.0339104 0.10715 0.152261 
0.00451518 0.000312673 0.00428481 0.814396 0.00206186 4.64488e-06 0.00339388 0.00266317 0.0167483 0.15162 
0.00338563 7.31168e-11 0.152395 0.647736 0.000207386 4.92024e-08 0.0715849 0.0084268 0.00633978 0.109925 
1.6382e-06 4.65077e-07 0.0115403 0.948255 2.38352e-07 5.08854e-10 0.00183952 0.00242142 0.000393086 0.0355478 
5.35039e-05 8.70853e-11 3.68946e-07 0.573137 1.22638e-08 1.96857e-08 3.47498e-08 5.75751e-05 0.426751 7.21666e-07 
0.00760223 0.0021911 0.00414211 0.62559 0.0647624 2.2406e-07 0.00583982 0.00444735 0.00786448 0.277561 
0.000457707 0.000656546 0.0463859 0.465453 5.71109e-07 7.9267e-07 0.0175061 0.315718 0.0568124 0.0970094 
2.21107e-06 6.83957e-07 1.75263e-06 0.860967 0.0365333 1.52513e-07 1.39759e-06 0.0255873 8.34583e-06 0.0768977 
0.00606403 0.0116994 0.0686599 0.607566 0.0435849 6.87603e-05 0.00129055 0.179183 0.00831668 0.0735667 
0.000222515 0.0004338 0.0753626 0.441756 0.000179839 2.46781e-06 0.0399132 0.00553901 0.0708315 0.365759 
0.0110901 0.00210876 0.0793694 0.467845 0.000531772 4.12084e-08 0.0265304 0.0235519 0.0121372 0.376835 
0.008955 0.00305455 0.115552 0.376796 0.00303118 0.00138007 0.087852 0.0461915 0.0837147 0.273473 
0.000139614 4.47703e-05 0.201748 0.422671 0.000161999 4.61e-07 0.235288 0.000643969 0.00782716 0.131475 
9.18895e-11 9.51477e-06 0.0701449 0.42777 0.000769416 4.10743e-10 0.0110921 0.182052 0.000120805 0.308042 
0.000462404 1.95666e-05 0.00996979 0.51079 0.00230979 1.22902e-09 0.0122194 0.00119105 0.0169892 0.446048 
0.00451518 0.000312673 0.00428481 0.814396 0.00206186 4.64488e-06 0.00339388 0.00266317 0.0167483 0.15162 
0.00495761 1.01845e-05 0.0934775 0.638628 1.11489e-05 3.98095e-05 0.0236382 0.0717947 0.0326944 0.134748 
0.0102786 1.9442e-05 0.0634332 0.633491 0.00309638 1.41785e-06 0.00213621 0.0615325 0.0380394 0.187972 
0.000357268 0.0069404 0.0767315 0.699219 0.0729737 7.02792e-05 0.058249 0.00385007 0.0469363 0.0346728 
0.0138413 0.0026077 0.269467 0.469745 0.0187821 1.04386e-06 0.0644956 0.0348129 0.0135163 0.112731 
0.00451518 0.000312673 0.00428481 0.814396 0.00206186 4.64488e-06 0.00339388 0.00266317 0.0167483 0.15162 
0.000460614 2.34899e-06 0.0732538 0.657636 0.000273827 0.00164952 0.0307515 0.0578649 0.0851139 0.0929938 
0.00537237 3.75846e-06 0.076462 0.816159 0.00947032 2.944e-05 0.011692 0.0213647 0.0299973 0.0294487 
0.0293698 0.00905803 0.0422844 0.413246 0.128016 3.00979e-07 0.0127484 0.0296568 0.0101602 0.32546 
9.54478e-05 0.0147778 0.142954 0.701046 0.0226888 0.0209746 0.0297537 0.0179713 0.00180226 0.0479356 
0.00124998 0.0101789 0.0380817 0.446572 0.0939855 1.13018e-07 0.00545302 0.303546 0.0331921 0.0677405 
0.00380229 0.0192977 0.0679935 0.492456 0.0179223 0.00341318 0.0537541 0.0155307 0.0618188 0.264012 
0.00384832 7.04881e-10 0.109433 0.742195 0.00376543 1.08607e-07 0.0287771 0.0203842 0.0249661 0.0666306 
0.0174209 0.0558876 0.225234 0.378568 0.0364985 1.36718e-07 0.0417624 0.0503079 0.0367773 0.157543 
0.00187372 0.00472385 0.0571195 0.626102 0.0688439 1.17256e-07 0.00817756 0.149303 0.013681 0.0701755 
0.0207714 0.000638586 0.310006 0.425142 0.0006686 2.75762e-08 0.0236416 0.0788537 0.0612157 0.0790616 
2.21107e-06 6.83957e-07 1.75263e-06 0.860967 0.0365333 1.52513e-07 1.39759e-06 0.0255873 8.34583e-06 0.0768977 
0.0104567 0.00141407 0.00302355 0.564827 0.0496782 3.075e-07 0.007213 0.00406954 0.0111275 0.34819 
0.0291273 6.99467e-06 0.180696 0.445206 0.00141692 1.77448e-05 0.0928158 0.0706842 0.0694461 0.110583 
0.0111865 0.00126428 0.117064 0.635521 0.0231033 2.19106e-05 0.0561332 0.031509 0.0212266 0.102969 
0.00560277 0.000757817 0.0837641 0.472582 0.000459648 3.79255e-06 0.0296113 0.043134 0.251688 0.112397 
0.000259313 0.000124015 0.00121713 0.752014 0.00719656 1.41229e-09 0.00121975 6.24259e-05 0.00383251 0.234074 
0.067822 0.00114244 0.0843926 0.620454 0.000110557 4.97334e-06 0.00462594 0.033861 0.0796315 0.107955 
0.00635208 5.36967e-05 0.229415 0.376256 0.00184416 6.0466e-06 0.0370286 0.0136687 0.0668708 0.268505 
0.0101763 0.00936374 0.242857 0.533393 0.00536687 0.0015907 0.0273628 0.0347247 0.0567734 0.0783918 
0.00187372 0.00472385 0.0571195 0.626102 0.0688439 1.17256e-07 0.00817756 0.149303 0.013681 0.0701755 
9.7436e-05 9.2419e-08 0.0323365 0.679343 0.000501422 1.68865e-09 0.0746942 0.0265933 0.131301 0.0551326 
0.000294258 2.15734e-07 0.0572245 0.681141 0.00211755 0.00421672 0.00174368 0.125966 0.019383 0.107913 
0.00125063 0.000607753 0.168162 0.253479 0.00266387 0.00751182 0.121827 0.249336 0.0525364 0.142626 
0.0082231 0.000372175 0.000632017 0.523733 0.00987149 2.19794e-07 0.0063125 0.000961367 0.0143688 0.435525 
3.02375e-06 0.00106674 0.022713 0.879774 0.0600955 1.99285e-06 0.0076628 0.0261328 0.000715214 0.00183477 
2.21107e-06 6.83957e-07 1.75263e-06 0.860967 0.0365333 1.52513e-07 1.39759e-06 0.0255873 8.34583e-06 0.0768977 
0.00933162 0.016549 0.0248469 0.693051 0.0772691 1.66517e-07 0.00157009 0.0086566 0.0121546 0.156571 
0.00015252 1.75724e-05 0.194668 0.539854 9.87849e-06 3.60115e-06 0.00105827 0.00125266 0.011569 0.251414 
0.0173675 0.00113647 0.129452 0.271475 0.0178291 7.16626e-08 0.149808 0.0631115 0.129989 0.219831 
0.000142237 0.000207744 0.0615507 0.344146 6.00424e-08 5.90252e-10 0.0394934 0.0708554 0.298387 0.185218 
0.0135454 0.00545915 0.00249232 0.4619 0.0565582 3.01345e-08 0.00902286 0.00750455 0.0256675 0.41785 
2.09994e-05 0.00435987 0.225789 0.63208 0.000129249 1.18123e-08 0.0181507 0.029399 0.0109136 0.0791573 
5.32789e-08 1.47172e-06 0.0730277 0.827111 0.0274262 4.29923e-10 0.0516097 0.00756907 0.000166117 0.0130884 
0.002587 0.00298467 0.00602487 0.671063 0.109052 1.48286e-07 0.00361207 0.00672208 0.00385605 0.194099 
0.107666 1.34469e-05 1.34579e-05 0.371435 1.34557e-05 1.3448e-05 1.34567e-05 0.341814 0.179005 1.34583e-05 
0.0003755 1.46889e-07 0.207426 0.428803 0.0370587 1.76048e-05 0.0115131 0.224816 0.0435368 0.0464537 
0.0326938 0.111723 0.185116 0.351242 0.0318227 6.73175e-05 0.0103154 0.132846 0.00595376 0.138221 
0.00964098 0.0262071 0.0787514 0.361304 0.0825748 1.11366e-05 0.00216992 0.222038 0.0893467 0.127957 
0.000181716 0.000185806 0.00038006 0.528813 0.00612962 3.50187e-08 0.000583461 0.00729682 0.0219476 0.434481 
0.000293012 0.000125502 0.0158369 0.695929 8.97864e-06 5.68116e-07 0.140715 0.0231228 0.105095 0.0188738 
0.0395074 0.00172207 0.0393703 0.640932 0.00696555 9.13813e-06 0.00616626 0.0223794 0.111607 0.131341 
0.030887 0.000154972 0.137646 0.446245 0.00637061 0.000666795 0.0758707 0.0145827 0.0600296 0.227546 
8.78001e-08 2.21606e-07 0.11611 0.692637 0.00123573 9.22079e-10 0.0760709 0.0742058 0.0027396 0.0370014 
2.62309e-11 0.000161917 0.180074 0.32408 0.000239524 5.57883e-05 0.130311 0.186085 0.178991 1.54924e-06 
0.00697756 0.00318513 0.0510211 0.379965 0.00827004 1.41104e-05 0.0228372 0.117218 0.139273 0.271239 
0.00507297 0.00257421 0.00215817 0.588772 0.153317 2.2394e-10 0.00151079 0.00503504 0.00286919 0.238691 
0.00557883 0.00491662 0.0902993 0.557742 0.191668 9.85382e-07 0.0526817 0.0120114 0.0210797 0.0640219 
0.000967572 1.89834e-06 0.037565 0.652188 0.000167745 1.36695e-06 0.00268104 0.0512306 0.181112 0.0740845 
0.0120541 0.00194723 0.208679 0.348052 0.0161534 8.21419e-06 0.0235334 0.0315429 0.171724 0.186306 
0.0182564 0.0242535 0.185165 0.446934 0.0186474 0.00110262 0.0687115 0.0221924 0.0590458 0.155691 
0.000575029 0.00313166 0.196137 0.499673 0.000146479 0.000318693 0.107039 0.00672129 0.00419119 0.182067 
7.64574e-05 9.6926e-08 0.137038 0.477548 0.000155661 0.00524031 0.00839881 0.00430844 0.00978719 0.357447 
4.32404e-09 3.94344e-06 0.00953821 0.757324 9.60605e-05 0.000136518 8.17361e-05 0.224962 0.00342312 0.00443488 
0.00464859 7.08845e-05 0.00679937 0.495303 0.00538678 1.03282e-07 0.00538271 5.94532e-05 0.0236676 0.458682 
0.0154051 0.00191911 0.0789491 0.490513 0.00219484 0.00259702 0.0425053 0.0170388 0.102452 0.246425 
8.72137e-05 1.51159e-06 0.0160901 0.706003 2.10455e-07 6.94075e-07 0.0575629 0.00128884 0.0910773 0.127888 
0.0060181 0.00018752 0.00766914 0.489893 0.0491795 7.11888e-05 0.135644 0.0989238 0.0610476 0.151367 
1.06795e-08 5.36645e-10 0.196555 0.412 4.97285e-07 4.86734e-10 0.276716 0.0345483 0.00193353 0.0782471 
0.000119045 0.000218149 0.28278 0.309626 0.000832695 1.24487e-06 0.0071154 0.304761 0.0680396 0.0265074 
0.0125924 0.00205425 0.0822819 0.355566 0.0783708 0.000117871 0.0574485 0.163391 0.086322 0.161855 
0.000321793 0.000242612 0.000888522 0.665547 0.00662331 1.22841e-08 0.000777062 0.00847266 0.00392241 0.313205 
0.0074208 0.0113603 0.131199 0.310387 0.0546843 8.17721e-08 0.0586972 0.168673 0.133875 0.123703 
0.0168608 0.000309821 0.127775 0.625421 0.0101326 0.000142582 0.0340751 0.044518 0.0311241 0.109641 
0.000264215 2.90873e-06 0.0527147 0.779107 1.26359e-05 1.0358e-06 0.00099705 0.0281375 0.016302 0.122461 
0.00824547 8.49587e-05 0.110336 0.572578 0.000311044 1.87835e-06 0.01944 0.10653 0.14496 0.0375127 
0.0027234 0.000186269 0.0337541 0.363724 0.00710179 0.00132022 0.00547085 0.355237 0.0358271 0.194655 
0.0254558 0.00175027 0.197799 0.294449 0.00536436 0.00242792 0.0964346 0.113249 0.0389511 0.22412 
0.0179102 0.00868673 0.143422 0.257931 0.0130113 7.23283e-05 0.0135875 0.221922 0.206586 0.116872 
5.10607e-05 2.19618e-05 0.00839663 0.912365 0.00899879 6.49804e-08 0.0416719 0.00555468 0.00265619 0.0202841 
0.0361502 0.000188531 0.138438 0.274437 0.194174 0.00355766 0.029494 0.137202 0.0197766 0.166582 
0.0256192 0.00915896 0.32825 0.374402 0.00408517 8.00055e-06 0.0757867 0.013597 0.019368 0.149725 
0.0117215 0.00150726 0.241103 0.347291 0.000111679 2.73144e-06 0.0713605 0.0251297 0.0682439 0.233529 
0.00075235 0.0158989 0.306603 0.518849 0.00708968 6.47008e-05 0.0249719 0.0194272 0.00357131 0.102772 
8.70855e-05 2.00681e-05 0.000379675 0.544676 2.52662e-06 2.33121e-07 0.362557 4.54117e-07 5.10163e-06 0.0922716 
7.98555e-05 0.000283033 0.131689 0.697107 0.0681722 5.34657e-05 0.0246212 0.0203966 0.0107973 0.0468003 
0.002587 0.00298467 0.00602487 0.671063 0.109052 1.48286e-07 0.00361207 0.00672208 0.00385605 0.194099 
9.47404e-05 9.13884e-05 0.0681467 0.844328 0.001523 5.92597e-08 0.0016539 0.0618628 0.00366246 0.0186367 
0.000462791 6.96189e-05 0.00402365 0.634844 0.00865302 1.93516e-07 0.000999178 9.99333e-05 0.00725615 0.343591 
2.21107e-06 6.83957e-07 1.75263e-06 0.860967 0.0365333 1.52513e-07 1.39759e-06 0.0255873 8.34583e-06 0.0768977 
0.000108077 0.000656102 0.00334881 0.416919 0.0336164 6.46898e-09 0.000678986 0.10143 0.413149 0.0300936 
0.00689204 0.000791232 0.0225723 0.807266 0.0278263 1.38508e-05 0.011368 0.029294 0.0212318 0.0727443 
0.00654894 0.00390413 0.00521185 0.538434 0.127857 8.26849e-10 0.00216449 0.0143679 0.00148803 0.300024 
0.00294328 0.00145339 0.170466 0.600944 4.32794e-05 4.20326e-06 0.014696 0.134938 0.0276714 0.04684 
3.00569e-05 0.0113581 0.111215 0.663342 0.00312841 0.00763205 0.0759089 0.070412 0.00287112 0.0541022 
0.0430472 5.22189e-05 0.123349 0.399838 3.26473e-05 5.24962e-08 0.0243158 0.0527984 0.122097 0.23447 
3.71376e-05 5.07673e-06 0.154226 0.300048 1.31518e-05 4.02468e-08 0.0291853 0.259687 0.086907 0.169892 
0.0167902 0.0270091 0.290823 0.442447 0.0039424 1.18167e-06 0.0344369 0.0415195 0.0383768 0.104654 
0.00960943 7.04976e-05 0.232556 0.284924 2.42002e-05 2.24621e-05 0.00318216 0.0679223 0.126261 0.275428 
5.81589e-05 6.4223e-05 0.0132169 0.923279 3.83606e-05 1.90244e-05 0.00031389 0.00460304 0.0182727 0.0401346 
0.000193147 0.000336083 0.0558514 0.781323 0.0246753 3.01464e-07 0.00784006 0.0317659 0.00924064 0.0887742 
4.39438e-06 2.68474e-05 0.0898461 0.860822 0.00569391 4.99018e-07 0.0189013 0.010478 0.000174823 0.0140522 
1.66302e-07 0.000119865 0.0403176 0.71831 1.48615e-07 1.09063e-09 0.00170765 0.0159929 0.0340559 0.189496 
7.15172e-05 9.47897e-05 0.286158 0.434542 4.46841e-05 0.000362494 0.0487961 0.000144399 0.0148364 0.214949 
0.000313779 8.81261e-08 0.0395479 0.831936 7.2497e-06 3.80144e-05 0.0232123 0.00820799 0.00873211 0.0880051 
0.000511189 0.000131866 0.0457439 0.691231 0.000404685 6.61802e-05 0.00364306 0.0490753 0.159128 0.0500652 
0.000521822 0.000247864 0.0506722 0.664288 0.0253728 3.48332e-05 0.0633865 0.0216566 0.0103099 0.163509 
0.000108494 8.2049e-10 7.53338e-11 0.557074 2.25647e-10 7.44179e-10 1.56723e-10 1.23701e-07 0.442818 4.98873e-11 
0.00233399 3.07514e-07 0.0152541 0.464907 0.000305857 2.22939e-07 0.0203413 0.117211 0.0950062 0.28464 
0.0270137 0.0249997 0.115305 0.32031 0.194352 9.11859e-05 0.0236757 0.0701824 0.109431 0.11464 
0.000996519 0.000169584 0.172173 0.521587 0.00112511 1.02727e-06 0.0694729 0.0482458 0.0838253 0.102404 
0.00655786 0.00146206 0.0458987 0.582705 0.0119899 1.1383e-05 0.0623699 0.0120548 0.00829501 0.268655 
0.0302261 0.000126323 0.138523 0.610672 0.0395507 1.7052e-07 0.00643724 0.0820746 0.0634906 0.0288986 
1.55806e-05 0.00909083 0.113557 0.549897 0.000176432 6.70879e-06 0.181667 0.0180637 0.00430056 0.123225 
6.50053e-05 6.80492e-05 0.188299 0.403663 0.0440952 6.82149e-11 0.00533253 0.236994 0.00393023 0.117554 
0.103205 2.57033e-05 0.00107919 0.41762 0.00116043 2.23999e-07 0.043256 0.000194838 0.0204462 0.413013 
2.8474e-06 0.000115865 0.321586 0.36729 3.55344e-05 1.46196e-05 0.10164 0.0179071 0.0139258 0.177482 
0.0147572 0.001358 0.0462454 0.359243 0.00086934 1.29944e-06 0.108382 0.0102255 0.138439 0.320479 
0.00128802 0.000724549 0.0768074 0.71728 0.000922994 1.6135e-08 0.103746 0.00968544 0.0511648 0.0383809 
0.0110548 0.000859074 0.142127 0.435231 0.00556124 0.000122586 0.104884 0.0135038 0.0406237 0.246032 
0.0191074 7.55774e-05 0.249819 0.379319 2.22565e-05 4.33591e-06 0.0203134 0.0868641 0.0374919 0.206983 
0.00563188 0.00025248 0.320418 0.445458 0.0262871 3.66613e-06 0.0301416 0.0411579 0.0274048 0.103245 
0.00204818 1.0632e-05 0.00881615 0.816452 0.000455659 4.08949e-06 0.000592597 0.00458136 0.107216 0.0598228 
0.00926327 0.000275623 0.251356 0.263937 0.000335488 9.82651e-05 0.0805949 0.121991 0.145229 0.126919 
0.0188133 0.000466749 0.0458182 0.366632 8.96363e-05 5.68249e-06 0.0674226 0.00230126 0.2773 0.221151 
0.00291554 9.93903e-05 0.0924078 0.593503 0.00120946 5.00063e-06 0.0504521 0.0162489 0.0469723 0.196186 
0.0988163 0.000405923 0.0725917 0.253824 0.00536494 4.42977e-06 0.0873744 0.230126 0.127626 0.123866 
0.000202693 0.0112804 0.137296 0.475943 0.00173957 9.41049e-11 0.012904 0.0154885 0.0773503 0.267795 
0.0139244 0.00418772 0.252984 0.423953 0.0052691 0.00555759 0.0309424 0.050895 0.0436043 0.168682 
0.00341484 0.00454018 0.0365551 0.556445 0.000184909 1.16915e-06 0.0153234 0.0474864 0.10855 0.227499 
0.000303137 0.0144522 0.0182343 0.801439 2.4994e-05 5.95139e-05 0.0568133 0.00461265 0.0510263 0.0530342 
4.45544e-06 6.644e-08 0.00176331 0.91 0.00401214 1.51619e-10 0.00269709 0.0165409 0.00103749 0.0639449 
1.97049e-05 1.19363e-05 0.0303374 0.632801 0.00329605 1.52245e-07 0.00290655 0.25866 0.0523907 0.0195766 
2.21107e-06 6.83957e-07 1.75263e-06 0.860967 0.0365333 1.52513e-07 1.39759e-06 0.0255873 8.34583e-06 0.0768977 
0.002587 0.00298467 0.00602487 0.671063 0.109052 1.48286e-07 0.00361207 0.00672208 0.00385605 0.194099 
0.0499081 0.000974962 0.10005 0.380433 0.00757176 2.01752e-05 0.106379 0.0911607 0.0448452 0.218657 
0.000334971 1.92473e-06 0.306438 0.354386 4.55101e-06 6.42734e-06 0.0251229 0.00156923 0.0059796 0.306157 
0.0082231 0.000372175 0.000632017 0.523733 0.00987149 2.19794e-07 0.0063125 0.000961367 0.0143688 0.435525 
7.67567e-06 9.23837e-07 0.0735453 0.741191 0.00155792 2.52276e-09 0.10748 0.0244722 0.0119497 0.0397955 
0.0465928 2.68287e-05 0.203029 0.533734 6.3487e-05 6.42598e-07 0.108083 0.0141705 0.0647546 0.0295455 
0.0218212 5.70972e-06 0.272422 0.584548 2.67615e-05 0.000315045 0.0128047 0.0194457 0.0221749 0.0664362 
0.00726789 9.48754e-05 0.0606989 0.483306 0.0133805 0.000874901 0.0365665 0.0259136 0.0799058 0.291991 
0.000547622 0.00452421 0.00448488 0.511398 0.000140776 1.45132e-07 0.00111204 0.00134021 0.190847 0.285605 
2.36812e-08 3.73487e-10 0.0966516 0.491134 5.06526e-07 3.38751e-10 0.0241219 0.000170299 0.140033 0.247889 
0.000609098 3.71581e-05 0.253473 0.384445 6.57478e-05 1.33189e-05 0.028367 0.0945498 0.0736132 0.164827 
0.0201174 0.00509644 0.217223 0.2619 0.0300951 3.44829e-07 0.0183549 0.231591 0.100081 0.115539 
0.00744654 0.0127741 0.0475613 0.424315 0.00485542 0.000147815 0.0512212 0.121264 0.0555821 0.274832 
0.00168873 0.001547 0.00702213 0.658168 0.0601347 2.15585e-07 0.00256944 0.00288507 0.00601247 0.259972 
0.000288109 0.00046776 0.27518 0.44124 0.044701 2.99458e-06 0.0313385 0.067896 0.038921 0.0999646 
0.0272434 0.00856721 0.0956239 0.618835 0.000344754 1.61572e-07 0.0288926 0.00574006 0.0962882 0.118464 
4.65905e-05 1.79672e-06 0.13929 0.482332 8.12685e-07 4.54636e-06 2.14308e-06 0.102839 0.1372 0.138283 
0.00106116 0.00064269 0.232097 0.478648 0.00291693 1.0125e-09 0.139791 0.0620358 0.0183336 0.0644736 
0.0299897 0.00275204 0.10576 0.305877 0.274327 0.000629771 0.00380388 0.152458 0.0114717 0.11293 
0.00909293 0.0118095 0.107722 0.239438 0.163142 1.81695e-07 0.00667725 0.169887 0.0987111 0.19352 
0.0082231 0.000372175 0.000632017 0.523733 0.00987149 2.19794e-07 0.0063125 0.000961367 0.0143688 0.435525 
0.025558 0.000600988 0.103457 0.538482 0.000279487 3.04694e-05 0.0159357 0.110648 0.0901771 0.114832 
2.80196e-05 0.0020663 0.0485011 0.682187 0.00160061 2.91972e-05 0.129271 0.00651531 0.0585226 0.0712794 
0.000241944 1.46133e-11 0.0827884 0.469386 0.00206074 1.32542e-11 0.00537342 0.00270557 0.127968 0.309476 
0.0116406 3.28708e-05 0.0463305 0.480922 0.0129421 1.44499e-10 0.00984619 0.106914 0.052369 0.279004 
0.00654894 0.00390413 0.00521185 0.538434 0.127857 8.26849e-10 0.00216449 0.0143679 0.00148803 0.300024 
6.7937e-06 0.000260164 0.118011 0.8587 5.55275e-06 2.27526e-06 0.0144994 0.00631198 7.43684e-05 0.00212919 
8.41472e-06 2.91199e-06 0.351578 0.358601 0.00994434 5.80424e-10 6.3432e-06 0.263804 2.83205e-08 0.0160541 
0.0168742 0.0158805 0.14801 0.476909 2.57095e-05 2.70152e-08 0.00617607 0.00794456 0.0463237 0.281856 
0.0168354 0.000437358 0.109142 0.324 3.54294e-05 9.48854e-08 0.250099 0.0610928 0.0210664 0.217292 
0.023593 3.536e-05 0.085239 0.723266 0.0244035 6.4747e-06 0.00873433 0.0146084 0.0197769 0.100337 
0.000150785 2.11755e-06 5.99397e-07 0.542234 5.82359e-07 1.92061e-06 0.00582881 0.0349413 0.411187 0.00565355 
0.00194104 0.00309058 0.218504 0.496806 0.058744 0.000164974 0.0209926 0.158489 0.00871407 0.0325536 
5.98356e-08 0.000929313 0.047334 0.861837 0.00011915 1.49794e-05 0.0133735 0.00291569 0.0121493 0.0613274 
0.0195244 0.000574333 0.231243 0.294691 0.00125001 1.45834e-05 0.138493 0.028382 0.0635224 0.222305 
0.000192679 6.01487e-05 0.102099 0.785784 0.00335281 0.00126612 0.0169805 0.0216404 0.0065087 0.0621152 
0.000462791 6.96189e-05 0.00402365 0.634844 0.00865302 1.93516e-07 0.000999178 9.99333e-05 0.00725615 0.343591 
0.00115124 0.000105654 0.0712121 0.409805 0.00046887 1.55325e-06 0.00380802 0.062697 0.345373 0.105378 
0.00204628 0.00261348 0.11721 0.670003 0.00677945 4.46623e-05 0.0321892 0.0330435 0.00965654 0.126414 
0.000525769 0.00522872 0.221619 0.459668 0.124752 0.00122885 0.0207039 0.0646246 0.0201949 0.0814542 
0.0015237 0.0512895 0.209467 0.361922 0.0409764 0.0032856 0.0117571 0.150972 0.023261 0.145546 
0.000298217 0.000140627 0.125051 0.463941 0.000288929 7.6694e-07 0.248521 0.0263983 0.0629991 0.0723606 
0.00859675 0.000995823 0.182441 0.27558 0.0864971 3.82027e-05 0.0402413 0.0641581 0.0912992 0.250153 
0.000694438 0.00317048 0.178846 0.306115 0.015773 0.0342814 0.015906 0.173541 0.0467505 0.224923 
0.00600023 0.000313837 0.33487 0.591406 0.0071906 4.92782e-07 0.0131215 0.0174491 0.0239126 0.0057359 
9.79366e-05 9.7866e-05 0.333115 0.666102 9.79304e-05 9.78744e-05 9.79377e-05 9.79375e-05 9.79471e-05 9.79494e-05 
0.00746625 0.000274968 0.138352 0.374754 0.0101657 0.00174318 0.0805267 0.151158 0.0941633 0.141396 
0.0109101 0.000285041 0.0840155 0.522184 0.00121672 1.18671e-06 0.0830661 0.0285132 0.0957598 0.174049 
0.0524457 1.95809e-05 0.000257086 0.579646 5.5285e-05 8.13026e-09 0.26632 2.71778e-05 0.00123727 0.0999917 
0.00565958 3.4439e-06 0.112383 0.739097 0.00787586 2.37748e-05 0.0140338 0.0682501 0.0299175 0.0227564 
0.0286106 0.00212932 0.0940826 0.432114 0.000177211 4.81494e-07 0.00176683 0.0283654 0.392779 0.0199749 
0.0548167 0.0040081 0.282531 0.334548 0.00067093 6.28779e-07 0.0700506 0.0252014 0.0789186 0.149255 
0.000342818 5.84645e-09 0.150857 0.67948 1.60786e-09 1.0084e-06 0.0065335 0.00421891 0.0459008 0.112666 
0.000342407 0.00780193 0.0433765 0.408707 0.00336855 1.98146e-05 0.0297124 0.202152 0.0459206 0.258599 
9.18895e-11 9.51477e-06 0.0701449 0.42777 0.000769416 4.10743e-10 0.0110921 0.182052 0.000120805 0.308042 
0.0278485 0.00323737 0.00824935 0.41093 0.211383 8.63254e-07 0.0138669 0.0126193 0.00904985 0.302815 
0.0234289 0.00519041 0.136754 0.275156 0.0641447 1.07166e-07 0.0377455 0.159352 0.0838566 0.214371 
0.019037 0.00190108 0.2071 0.457942 0.0163844 0.0426791 0.0641311 0.0119231 0.00586001 0.173043 
0.000462791 6.96189e-05 0.00402365 0.634844 0.00865302 1.93516e-07 0.000999178 9.99333e-05 0.00725615 0.343591 
0.0312855 0.00191345 0.217588 0.42054 0.000913967 0.000777506 0.0247291 0.15451 0.067249 0.0804942 
0.00547069 8.82329e-07 0.00840509 0.828096 0.00185109 7.60275e-10 0.0626477 0.0353979 0.0124646 0.045666 
0.00455514 0.000132902 0.233711 0.649526 0.000412157 0.000431123 0.0143409 0.0320165 0.0186098 0.046264 
0.00191523 8.43612e-06 0.162034 0.469221 1.55895e-07 6.30303e-08 0.0384068 0.111369 0.189433 0.027612 
0.00390023 7.12181e-05 0.148955 0.325241 2.29465e-05 1.74259e-07 0.00714747 0.0236079 0.198543 0.292511 
0.0417991 4.30028e-05 0.0671071 0.521204 0.00160667 6.51668e-05 0.0117488 0.0166016 0.0496632 0.290162 
0.0129818 0.00634908 0.302078 0.413101 0.00432581 0.00214456 0.036153 0.0448595 0.0431891 0.134818 
0.000319498 6.04833e-06 0.0244039 0.610362 0.0117551 0.000504512 0.00836763 0.246107 0.0194425 0.0787319 
0.0142719 0.000730514 0.167772 0.255141 0.0393321 8.13187e-06 0.0920508 0.149849 0.0756846 0.20516 
2.21107e-06 6.83957e-07 1.75263e-06 0.860967 0.0365333 1.52513e-07 1.39759e-06 0.0255873 8.34583e-06 0.0768977 
7.67567e-06 9.23837e-07 0.0735453 0.741191 0.00155792 2.52276e-09 0.10748 0.0244722 0.0119497 0.0397955 
0.0104567 0.00141407 0.00302355 0.564827 0.0496782 3.075e-07 0.007213 0.00406954 0.0111275 0.34819 
0.0214465 0.000198821 0.0671583 0.477984 7.06389e-05 4.44095e-06 0.0119878 0.000277562 0.0173949 0.403477 
0.000129664 0.00258249 0.272762 0.299866 0.139729 4.58608e-07 0.0211309 0.219936 0.00538775 0.0384745 
4.72003e-05 1.91077e-05 0.128333 0.845862 7.65177e-05 1.87488e-07 0.00396395 0.000931829 0.00984645 0.0109201 
0.00233399 3.07514e-07 0.0152541 0.464907 0.000305857 2.22939e-07 0.0203413 0.117211 0.0950062 0.28464 
0.00105627 1.23375e-07 0.113115 0.647452 0.000469046 0.000924506 0.0135815 0.0121771 0.00602291 0.205202 
1.91745e-05 0.109563 0.0395396 0.518148 0.000180287 1.25347e-08 0.00622187 0.0152753 0.0217903 0.289262 
3.71499e-07 3.19735e-05 0.0494838 0.62353 5.18982e-05 4.45805e-08 0.0224255 0.00629619 0.185458 0.112722 
0.00193985 1.96757e-10 0.0261577 0.593567 3.86616e-05 6.36677e-08 0.0262078 0.138417 0.193974 0.0196975 
9.27235e-06 0.000947737 0.257697 0.397176 5.53614e-05 8.83943e-07 0.0170926 0.0147909 0.0847203 0.22751 
0.00152951 0.000224376 0.105501 0.437207 0.00101019 5.62594e-07 0.0109389 0.00138317 0.123398 0.318807 
0.0847768 4.98117e-06 0.212856 0.531253 2.04722e-05 5.72976e-07 0.0359894 0.0207303 0.0260667 0.0883017 
0.00113387 0.0112016 0.205267 0.622132 1.99246e-05 1.38533e-07 0.0567612 0.00511887 0.00953507 0.0888306 
0.00607573 0.0006351 0.257153 0.35379 0.0198892 1.60823e-05 0.0803372 0.0353694 0.0248288 0.221906 
0.000100849 5.04014e-07 0.10529 0.729854 3.70077e-05 3.49483e-07 0.0437337 0.0312165 0.0128731 0.0768936 
0.0082231 0.000372175 0.000632017 0.523733 0.00987149 2.19794e-07 0.0063125 0.000961367 0.0143688 0.435525 
0.00654795 0.00186958 0.0417575 0.466586 0.0464247 1.30727e-05 0.00698173 0.0780614 0.0279538 0.323804 
0.0475523 8.38892e-06 0.122201 0.595682 0.000272348 8.01609e-06 0.00497704 0.0667717 0.110784 0.051743 
3.01493e-05 9.25289e-05 0.219108 0.697809 9.58718e-06 1.03963e-07 0.00209666 0.0631795 0.0161019 0.00157315 
0.0191677 9.56949e-06 0.0948703 0.399218 0.0148908 1.56975e-06 0.0398325 0.0153861 0.0766643 0.339959 
0.0063115 5.86153e-05 0.159316 0.328388 0.0355853 1.31185e-05 0.016343 0.0565434 0.180185 0.217256 
0.000403312 3.30096e-07 0.000941198 0.747824 8.90305e-05 8.29405e-06 0.00150843 0.00161256 0.179042 0.0685705 
0.0201261 0.00546005 0.100548 0.52992 0.020704 1.03867e-05 0.0528808 0.0689172 0.0459534 0.15548 
0.0104567 0.00141407 0.00302355 0.564827 0.0496782 3.075e-07 0.007213 0.00406954 0.0111275 0.34819 
0.0150849 0.000380587 0.0328897 0.543756 0.0038393 0.000160861 0.08066 0.239597 0.0512525 0.0323788 
0.00498988 0.000459443 0.0187425 0.491391 0.000772022 3.41423e-07 0.0300673 0.122356 0.101016 0.230205 
0.00935779 0.000561513 0.200549 0.41159 1.33734e-05 1.17633e-07 0.0268567 0.0807647 0.114088 0.156218 
0.0082231 0.000372175 0.000632017 0.523733 0.00987149 2.19794e-07 0.0063125 0.000961367 0.0143688 0.435525 
0.00879887 0.000229729 0.116366 0.579108 4.8488e-05 2.43051e-07 0.0652278 0.00275897 0.041372 0.18609 
4.1556e-05 4.01302e-06 0.0626019 0.570476 0.00267119 0.00122581 0.143396 0.0249836 0.0141913 0.180409 
8.3472e-06 0.000117547 0.00720416 0.688874 0.0147467 3.31348e-08 0.00315994 0.0331029 0.0305237 0.222262 
0.00343252 0.00152411 0.0962166 0.623331 0.00839245 4.31956e-05 0.0710743 0.018355 0.118031 0.0596003 
9.24517e-07 0.000392417 8.10864e-05 0.893788 0.000596268 5.14555e-08 0.00465943 0.0402098 0.00350243 0.0567698 
0.00166919 0.00342842 0.146331 0.42935 0.186199 1.81096e-09 0.0203213 0.0520403 0.0797862 0.080874 
0.0192329 0.0223589 0.167824 0.317969 0.0279789 3.27674e-05 0.0152894 0.215491 0.0631517 0.150672 
0.0443419 0.0101587 0.0629271 0.496348 0.0385264 2.32332e-07 0.0283452 0.0310908 0.0431622 0.245099 
2.21107e-06 6.83957e-07 1.75263e-06 0.860967 0.0365333 1.52513e-07 1.39759e-06 0.0255873 8.34583e-06 0.0768977 
0.0524457 1.95809e-05 0.000257086 0.579646 5.5285e-05 8.13026e-09 0.26632 2.71778e-05 0.00123727 0.0999917 
0.009181 0.0139492 0.144685 0.425432 0.0333342 0.00238916 0.0297093 0.112051 0.0841365 0.145133 
4.45731e-05 0.000210324 0.0868402 0.827906 0.000603374 3.10594e-05 0.00572015 0.00797386 0.0102502 0.0604199 
8.78001e-08 2.21606e-07 0.11611 0.692637 0.00123573 9.22079e-10 0.0760709 0.0742058 0.0027396 0.0370014 
0.00933162 0.016549 0.0248469 0.693051 0.0772691 1.66517e-07 0.00157009 0.0086566 0.0121546 0.156571 
1.89632e-06 0.00033785 0.118848 0.419735 0.0381415 0.000535661 0.0339188 0.0827115 0.0113212 0.294448 
0.033688 0.00700183 0.17518 0.374408 0.212177 1.10885e-06 0.0107265 0.0175431 0.0481434 0.121131 
0.00436314 0.00409975 0.00922597 0.664654 0.102055 2.64233e-07 0.00306598 0.00719823 0.00558259 0.199755 
0.00360673 0.000414219 0.164481 0.461767 0.00741904 0.0130904 0.0932975 0.0194803 0.00783702 0.228607 
0.00871853 0.0609275 0.064566 0.640688 0.0612978 6.8438e-08 0.0245393 0.0232305 0.048778 0.0672545 
3.83676e-05 0.000394226 0.103875 0.84929 0.00101078 1.73445e-08 0.00548768 0.0274097 0.00853428 0.00396029 
0.00451518 0.000312673 0.00428481 0.814396 0.00206186 4.64488e-06 0.00339388 0.00266317 0.0167483 0.15162 
