0.00901374 0.00152615 0.101363 0.00634755 5.17157e-05 4.78578e-05 0.00440298 0.489589 0.149198 0.23846 
0.403897 4.11182e-05 0.0148952 0.00546248 0.000189592 5.71265e-06 0.0109388 0.0982939 0.370827 0.0954494 
0.0572499 1.54757e-05 0.000234195 3.2738e-05 4.22956e-05 0.000105881 0.0457037 0.0621235 0.777065 0.0574273 
0.000225983 0.0264894 0.0526329 7.3792e-05 0.00023653 0.000566875 0.0133755 0.0753428 0.0822636 0.748793 
0.00549733 0.000484774 0.101761 0.156445 4.93674e-05 0.000208386 0.0712007 0.0184423 0.16733 0.478581 
0.000191753 2.6417e-08 0.974622 2.66246e-05 4.12242e-05 0.00127423 0.00154489 0.00298453 0.00468708 0.0146272 
0.00523827 0.000623982 0.390689 0.0429482 0.0048526 1.8926e-06 0.031568 0.0487146 0.0293315 0.446032 
0.217088 1.18983e-07 0.0146614 0.00757861 6.35876e-06 0.000139829 0.0693118 0.402932 0.152626 0.135655 
0.00591545 1.38505e-05 0.877656 0.0436212 9.79224e-05 1.84472e-05 0.0121425 0.0230369 0.0108367 0.0266614 
4.30058e-05 0.00164597 0.0733118 0.00406546 0.00149984 1.39521e-05 0.00368679 0.0484518 0.730701 0.136581 
0.00600489 0.000904432 0.017057 0.0675275 0.000145273 0.000312425 0.00607915 0.492923 0.346817 0.0622296 
0.000200945 2.36574e-09 0.673076 0.00762211 3.10153e-05 3.45725e-12 0.0383813 0.00737911 0.0199595 0.25335 
0.148957 0.000872449 0.0198976 0.00544397 8.10864e-05 1.27368e-06 0.000738055 0.0438626 0.583576 0.19657 
0.00377161 4.23834e-09 0.011395 0.000400346 5.53833e-05 3.44966e-09 0.00138935 0.00322689 0.929663 0.0500979 
0.000842437 0.001717 0.429453 0.109708 0.000185559 0.000435333 0.0131978 0.0538846 0.0647228 0.325854 
0.0292708 0.0031725 0.156499 0.0151186 0.00942866 6.26504e-05 0.0400494 0.285153 0.34493 0.116314 
0.00162848 0.000340776 0.0279612 0.00697553 0.000397756 0.00056052 0.496341 0.107959 0.225224 0.132611 
0.118028 2.74765e-05 0.0619801 0.0146407 0.000411819 3.8823e-06 0.0332905 0.0126778 0.246734 0.512206 
0.0129958 0.022891 0.462662 0.0733963 0.00308258 7.25333e-05 0.108343 0.0297933 0.0229295 0.263834 
2.96635e-07 2.64254e-10 0.0327658 0.000917241 6.84707e-08 2.39677e-10 6.91495e-08 0.0455529 0.0455501 0.875213 
0.00576033 0.000243021 0.0744181 0.00199479 0.00096985 9.49182e-05 0.0671568 0.468377 0.0371028 0.343883 
0.000329046 4.23394e-08 0.153026 0.050691 0.000196914 0.00114613 0.000743406 0.624816 0.0167293 0.152322 
0.000368536 2.84872e-05 0.0272639 0.0867756 3.15829e-07 2.31316e-07 0.802658 0.0397266 0.00453597 0.0386425 
0.529354 0.00452189 0.0063134 0.000319916 7.98501e-05 1.62159e-07 1.95573e-05 0.00156032 0.435917 0.0219135 
0.0123937 0.000916671 0.572965 0.0379311 0.00242802 0.000803098 0.149875 0.0487205 0.0540301 0.119938 
0.000137035 9.48781e-07 0.0137533 0.00129978 7.60274e-06 1.55907e-06 0.00581779 0.101092 0.0789472 0.798943 
0.0135662 0.000747056 0.271052 0.185728 0.00290179 0.000455421 0.175179 0.0109478 0.0396245 0.299798 
0.0353971 0.301596 0.059822 0.0118705 0.00378882 0.0143622 0.010821 0.255985 0.131925 0.174432 
0.00252303 0.000180986 0.290415 0.1124 0.000169794 3.58554e-06 0.308526 0.0337276 0.104296 0.147759 
0.0719735 3.26328e-06 0.0800333 0.102412 0.00420066 1.47186e-07 0.0944753 0.47995 0.110143 0.0568088 
0.00816303 0.00870189 0.248891 0.0325934 0.00838248 0.00205931 0.0392972 0.367591 0.111237 0.173083 
0.00396105 0.000143514 0.0376934 0.247425 2.17318e-05 1.0603e-05 0.0395361 0.199875 0.231724 0.23961 
7.66103e-07 1.87633e-08 4.93801e-07 0.000393917 3.03285e-08 3.99393e-11 4.40079e-08 0.905588 0.0337014 0.0603149 
0.490442 0.000252403 0.00142123 0.00478394 0.000139301 0.00969039 0.000342587 0.0774736 0.404592 0.0108618 
0.0680652 0.144773 0.062902 0.0229991 0.00500088 0.00267087 0.000885633 0.244484 0.0265666 0.421652 
0.0235614 0.00110847 0.359958 0.0527503 0.000887868 0.0648404 0.170285 0.00423573 0.0115804 0.310793 
0.0186459 0.00404345 0.116037 0.115723 0.00699407 0.00124995 0.177011 0.0221548 0.0582555 0.479885 
7.50679e-05 1.44452e-05 0.0869483 0.155613 8.66361e-09 1.75767e-09 0.00505477 0.00415584 0.0851633 0.662976 
0.0352301 0.00307067 0.723674 0.0620314 0.000914577 0.000139137 0.00781824 0.094477 0.0136469 0.0589983 
0.0683191 6.72292e-05 0.0173524 0.0136573 6.47034e-08 1.57731e-08 0.0017267 0.0687096 0.734752 0.0954158 
0.00106638 3.33659e-07 0.0161386 0.0518715 0.00925438 0.246532 0.0506907 0.493408 0.0936794 0.0373585 
0.00226945 2.92123e-05 0.0340525 0.0112637 0.000246702 1.73827e-08 0.00133485 0.0128683 0.0243411 0.913594 
0.00257555 5.97836e-06 0.0075216 0.00251557 7.21335e-05 5.21924e-07 0.00109491 0.00589012 0.943759 0.0365644 
0.00297329 7.52179e-05 0.2772 0.0254641 0.000319353 0.00111556 0.107554 0.0361889 0.0257637 0.523346 
0.00908536 0.0442551 0.0726196 0.00574167 0.000361422 0.000112208 0.000648159 0.621186 0.0968345 0.149156 
0.0368864 0.640093 0.0223337 0.0234265 4.19512e-05 2.40246e-09 0.00524296 0.00338259 0.133948 0.134645 
0.0389606 0.000789933 0.0359442 0.0187849 0.000661708 0.000178236 0.0414727 0.0297969 0.0368257 0.796585 
0.0039151 1.46128e-06 0.0103883 0.0611348 9.49989e-05 5.61974e-08 0.00896163 0.127027 0.546545 0.241931 
7.1389e-05 0.00342946 0.519548 0.0318548 2.77297e-05 3.87606e-07 0.000967731 0.119736 0.131881 0.192484 
0.0118757 0.00105454 0.273408 0.000654908 0.00346844 0.102765 0.0251419 0.414237 0.01742 0.149975 
0.00349666 6.26305e-05 0.00744399 0.00730496 0.00019141 1.0419e-07 0.00902821 0.00362177 0.019134 0.949716 
0.000992286 1.63477e-07 0.0659833 0.10721 1.49537e-05 7.90699e-06 0.15999 0.0171122 0.0329589 0.615731 
0.00227071 0.0226839 0.12392 0.0865693 0.0030746 8.69939e-05 0.0162537 0.627711 0.00842466 0.109006 
0.000105832 4.60759e-05 0.152095 0.441601 2.01178e-05 0.000352152 0.0390309 1.82351e-05 0.0214348 0.345296 
0.0342141 1.89718e-06 0.0461278 0.0224947 0.00102955 2.77609e-08 0.00106277 0.803892 0.0305389 0.060638 
0.0231385 1.16731e-05 0.0316224 0.0402788 6.83183e-05 0.000277526 0.027216 0.00272946 0.799462 0.0751949 
0.467812 0.00013286 0.00329046 0.00768928 2.85544e-05 5.57469e-07 0.00499996 0.0236977 0.384414 0.107935 
0.00326858 0.000215521 0.0455215 0.109752 2.85443e-05 0.00267256 0.0317119 0.5368 0.158179 0.111851 
0.0135655 1.63828e-05 0.313621 0.0783619 0.00025356 4.31552e-10 0.134271 0.00397616 0.0231959 0.432738 
0.00262102 1.33382e-05 0.0329271 0.00531994 3.30558e-05 8.62371e-05 0.0894769 0.000208917 0.00797399 0.86134 
0.0051969 1.74533e-09 0.195766 0.0137797 2.22351e-06 2.34596e-06 2.55067e-06 0.689263 0.00773242 0.0882547 
0.0117577 0.0024767 0.650511 0.060334 0.00621185 1.32946e-05 0.0265828 0.0253333 0.0329087 0.183871 
0.0023291 1.0668e-05 0.0322508 0.0281905 1.80583e-06 6.76669e-09 0.214665 0.00413813 0.0717652 0.646649 
6.54145e-06 0.0125846 0.0521195 0.15636 3.84729e-05 0.000188798 0.141095 0.557242 0.0416996 0.0386651 
0.00454675 2.86142e-07 0.0781337 0.0233687 5.81199e-05 7.31632e-07 0.00501515 0.0609768 0.131473 0.696427 
0.0319804 2.92953e-05 0.545833 0.00533003 5.87102e-05 4.97799e-06 0.00312267 0.0039842 0.0413367 0.36832 
0.00570426 0.0339133 0.119191 0.000311337 0.000152224 0.00032911 0.451722 0.0587333 0.039789 0.290155 
0.0838913 0.00144963 0.159224 0.022207 0.000186166 7.91142e-07 0.0609165 0.0945091 0.189289 0.388326 
0.0199457 0.00491509 0.130989 0.0058112 0.000885905 0.000286827 0.0175112 0.541907 0.161365 0.116384 
0.0109055 0.00242649 0.324943 0.169632 0.00379092 8.79942e-05 0.109877 0.0140233 0.0320914 0.332223 
0.00680198 0.000545079 0.0383418 0.00031159 0.000472705 1.47062e-06 0.00367098 0.623419 0.25831 0.0681254 
0.000264086 0.00426189 0.022403 4.07923e-06 1.56163e-06 9.29283e-05 0.00168314 0.858864 0.00972769 0.102698 
9.69687e-05 4.47101e-05 0.145234 0.00604174 3.83738e-05 3.60748e-06 0.369281 0.151362 0.00537797 0.322521 
0.0011805 0.0210514 0.332131 0.132709 0.00127335 3.63519e-09 0.00354558 0.296603 0.0751398 0.136366 
0.0250576 0.00110264 0.0744114 0.238815 0.000754657 0.000327206 0.0194062 0.0285258 0.0491189 0.56248 
0.0159349 0.00414944 0.106499 0.252159 0.00228601 9.50451e-07 0.0195387 0.084926 0.129316 0.38519 
0.0201893 2.19625e-05 0.446911 0.0433156 4.27647e-05 8.51316e-05 0.00101292 0.0562301 0.0815817 0.35061 
0.0112779 1.15219e-06 0.281555 0.314711 9.94742e-06 1.36181e-09 0.0639591 0.283975 0.0305314 0.0139797 
0.0238765 0.00366965 0.00664888 0.000103228 0.000137551 4.85439e-06 0.000188546 0.000480904 0.913076 0.0518139 
0.00616518 6.22745e-05 0.635612 0.00583832 4.89574e-05 3.57867e-05 0.087885 0.00304496 0.0155374 0.24577 
0.0126488 1.3366e-05 0.185778 0.0754638 0.000352557 3.40154e-05 0.0291733 0.217203 0.100654 0.378679 
0.00178038 0.0083949 0.0344142 0.0858383 0.000453983 2.05424e-06 0.0672045 0.632724 0.084799 0.0843892 
0.00946146 2.93995e-05 0.172793 0.0366844 0.000108719 8.11337e-05 0.144612 0.00972446 0.18133 0.445175 
0.829094 0.000859664 0.112465 0.0160339 0.000149145 9.28431e-07 0.0127226 0.00165703 0.016153 0.0108639 
0.000827422 4.13705e-05 0.0150744 0.0190889 0.000660212 6.54241e-09 0.000825905 0.0285375 0.22705 0.707894 
0.0484268 0.00675628 0.0465133 0.0437483 0.00114304 4.51244e-06 0.00953654 0.021868 0.721499 0.100504 
0.0457839 3.7513e-05 0.00110733 0.000797822 0.000100448 4.48619e-07 0.00312073 0.000772637 0.0357746 0.912505 
0.00903002 6.96048e-06 0.0434172 0.029176 0.000466092 7.61281e-06 0.0128639 0.0144576 0.0275523 0.863022 
0.00375679 0.0434112 0.0792926 0.134205 0.00221962 2.38276e-07 0.0147585 0.18781 0.333489 0.201058 
0.0765968 0.00011079 0.0631712 0.023291 4.53657e-05 0.00207969 0.00436859 0.60761 0.122738 0.0999889 
0.26537 0.00960632 0.0545504 0.0983729 0.000380268 4.00351e-06 0.000291259 0.550434 0.019268 0.00172295 
0.000950738 0.00080294 0.412745 0.134618 2.46203e-06 8.84515e-06 0.00473886 0.00161987 0.026502 0.418011 
0.0554166 0.0078402 0.162729 0.0763402 0.000316714 2.2471e-07 0.0845489 0.00978158 0.133471 0.469555 
0.000670265 0.00430528 0.119176 0.0100537 0.000384256 0.000916356 0.0498003 0.0045082 0.103772 0.706413 
0.0513864 0.0129412 0.675893 0.177444 0.000699847 1.80571e-06 0.00320552 0.00701455 0.000773857 0.0706402 
3.77513e-07 9.93312e-07 0.395054 5.93899e-07 4.55376e-07 2.26715e-06 2.18904e-07 0.168027 0.20903 0.227884 
0.0210534 0.000610849 0.0366662 0.471586 0.000150971 3.86187e-06 0.272011 0.0649822 0.0454775 0.0874579 
0.00444923 9.37332e-07 0.121205 0.114443 6.66511e-05 6.76212e-05 0.0139253 0.0142727 0.400722 0.330848 
9.55365e-07 9.54676e-07 0.0746222 0.154587 9.55304e-07 9.54758e-07 0.0249362 0.0402223 0.0304803 0.675148 
0.000485341 8.88655e-05 0.0673192 0.0844092 0.000227524 2.13654e-07 0.744425 0.0189307 0.0265258 0.0575878 
7.79836e-05 0.000884605 0.649895 0.0721985 0.000122571 6.46515e-06 0.0298013 0.0977225 0.0036812 0.145609 
0.861626 0.000385543 0.0581295 0.0116729 0.000162009 5.8295e-07 0.0139156 0.00103268 0.0319293 0.021146 
0.0909584 0.000512108 0.0625616 0.0048933 7.40867e-05 0.0001278 0.0407084 0.137048 0.162026 0.50109 
0.00377161 4.23834e-09 0.011395 0.000400346 5.53833e-05 3.44966e-09 0.00138935 0.00322689 0.929663 0.0500979 
3.18902e-05 4.32815e-08 0.0350818 0.000947603 8.21253e-06 2.45443e-07 3.02201e-05 0.92925 0.0126773 0.0219727 
0.0297297 0.0120287 0.0972212 0.0454057 0.000344574 0.0208959 0.0316255 0.457263 0.0753616 0.230124 
0.0513864 0.0129412 0.675893 0.177444 0.000699847 1.80571e-06 0.00320552 0.00701455 0.000773857 0.0706402 
3.6639e-05 1.11709e-06 1.00623e-05 0.0315466 1.77967e-06 4.35514e-07 0.0174122 0.204344 0.0368013 0.709845 
0.0124109 0.000795023 0.194555 0.617518 1.49729e-05 3.2082e-06 0.0272868 0.0273617 0.105998 0.0140558 
0.0168583 0.000791648 0.283382 0.0689947 0.00582385 2.48379e-05 0.0546032 0.012041 0.0555551 0.501925 
0.00112029 0.00202254 0.436985 0.0486833 0.0011968 0.00643245 0.00776993 0.318221 0.0260497 0.15152 
0.206066 0.000109297 0.100801 0.000496567 6.78964e-06 1.02172e-08 0.00221856 0.0190655 0.425827 0.24541 
0.0013242 2.02581e-05 0.0191458 0.0413928 8.8156e-06 0.000147317 0.0196991 0.301828 0.540079 0.0763548 
0.0171918 3.7336e-06 0.116734 0.0509277 5.59202e-06 5.03388e-07 0.0437937 0.701944 0.0496752 0.019724 
0.0506539 0.00294325 0.0310452 0.0119321 0.000294926 1.46274e-06 0.0135958 0.0253033 0.818858 0.0453721 
0.0848312 0.000222422 0.197993 0.214119 0.000109647 8.86892e-06 0.225174 0.0738232 0.0821855 0.121532 
1.21529e-07 2.2551e-08 7.4691e-07 0.00803066 2.95186e-12 9.73516e-12 0.00922607 0.00103698 0.00966532 0.97204 
0.358572 0.000324703 0.166654 0.0136134 0.000917181 2.31388e-06 0.00132389 0.143796 0.201012 0.113784 
0.0385874 0.0690158 0.0494771 0.0513047 0.00030946 6.50179e-07 0.0400272 0.576807 0.119436 0.0550353 
7.27848e-06 0.000352749 0.0293998 0.847898 2.59738e-05 1.99164e-08 0.000544295 0.00773007 0.00148634 0.112556 
0.0819247 0.000322305 0.0537191 0.0125119 5.24344e-05 4.80489e-06 0.0538655 0.00637158 0.460155 0.331073 
0.037816 0.0353554 0.0697391 0.0564175 0.0138547 2.44193e-05 0.0165646 0.106411 0.49918 0.164637 
0.0129977 0.0346735 0.15535 0.0312044 0.0174474 0.000337825 0.0731431 0.0182433 0.0387187 0.617884 
0.00448121 1.50205e-07 0.0129707 0.000468947 6.31203e-05 1.09968e-07 0.00155607 0.00322879 0.924219 0.0530123 
0.00740729 0.000235487 0.136928 0.0440396 0.00246459 0.00190084 0.711487 0.00605142 0.0146209 0.074865 
0.00094789 0.00234426 0.0119035 0.000103603 0.000281136 5.00359e-06 0.0012655 0.00104841 0.953321 0.0287798 
0.241147 0.0690167 0.0256853 0.0195297 0.00116486 3.74727e-08 0.219691 0.00455893 0.190556 0.228651 
0.00463184 3.51631e-06 0.117919 0.0875813 2.09058e-05 0.00029532 0.00423127 0.0581772 0.0161008 0.711038 
0.0249789 2.49836e-05 0.447983 0.000470704 0.000160445 8.79057e-09 0.000473153 0.0250202 0.0487924 0.452096 
7.1447e-06 2.58041e-05 0.019487 0.00556398 5.04301e-05 5.13311e-05 0.23798 0.322368 0.00011644 0.41435 
0.0227485 0.00400928 0.117146 0.168275 0.000298748 5.75474e-05 0.167139 0.0138154 0.0569051 0.449605 
0.000207151 8.38651e-09 0.142925 0.423308 8.60703e-07 0.000235082 0.0585219 0.229924 0.0752548 0.0696229 
0.000334276 0.000149375 0.0895629 0.00134821 0.000279153 0.000206379 0.0109331 0.735994 0.152406 0.00878707 
0.00205559 8.87935e-07 0.0088382 0.0632361 4.03344e-05 8.05351e-07 0.0105398 0.0524784 0.703882 0.158928 
0.000167691 6.18453e-07 0.303457 0.0244225 0.000213969 0.000452367 0.0468914 0.229983 0.061987 0.332424 
0.0402364 0.00328482 0.0796614 0.0584561 0.00363843 0.0189679 0.0826768 0.442782 0.139792 0.130504 
0.000402409 5.12756e-07 0.464977 0.145113 0.000114923 0.000251583 0.114615 0.0679399 0.104085 0.102501 
0.0111593 0.000276447 0.696404 0.0134882 0.000241356 0.00130916 0.119814 0.0946114 0.0115771 0.0511187 
0.00254321 4.50867e-05 0.167776 0.140188 0.000584935 1.16357e-08 0.0141938 0.558871 0.0237227 0.0920745 
0.0133624 8.08333e-05 0.262345 0.0758466 0.00114464 7.16835e-09 0.0556688 0.252447 0.0911875 0.247917 
0.023507 0.00285764 0.571146 0.0283575 4.50813e-05 1.37439e-06 0.0255632 0.027622 0.0701452 0.250755 
0.000549118 0.0117081 0.329516 0.443689 0.000102576 9.03965e-06 0.0619798 0.00732717 0.0874387 0.0576796 
2.16729e-05 7.89498e-06 0.156935 0.000562537 1.35658e-09 1.29095e-09 0.00108486 0.000142349 0.00847181 0.832774 
0.0129206 0.00854182 0.0332585 0.136023 0.0104863 6.92218e-07 0.0110563 0.0128736 0.0633241 0.711515 
0.00313039 6.33936e-08 0.00422916 0.000138282 3.55022e-05 0.000796711 0.00392151 0.867563 0.070069 0.0501164 
0.00349666 6.26305e-05 0.00744399 0.00730496 0.00019141 1.0419e-07 0.00902821 0.00362177 0.019134 0.949716 
0.0249292 0.00059105 0.204004 0.0109784 0.00278011 2.6073e-05 0.0171647 0.49283 0.119722 0.126975 
0.00017937 6.61322e-06 0.000725217 0.00117488 1.69663e-05 1.80893e-10 0.00037666 0.767873 0.152321 0.0773255 
1.03596e-08 2.67948e-08 0.0510879 0.00372652 2.16382e-08 1.40719e-09 0.00254753 0.00304546 0.000956162 0.938636 
0.0115758 1.2974e-05 0.703603 0.000647328 6.12303e-06 5.80458e-10 0.00112687 0.0105912 0.0287078 0.243728 
0.00483686 3.12298e-06 0.0236581 0.148083 8.59438e-05 3.25119e-09 0.000851476 0.00452852 0.476974 0.340979 
0.0950249 0.000248065 0.0372186 0.0804643 0.00061122 8.58255e-05 0.00799366 0.0288036 0.427556 0.321994 
0.213916 0.000455443 0.0716515 0.0117133 0.00151453 2.56773e-05 0.014877 0.0219072 0.486747 0.177191 
0.0457839 3.7513e-05 0.00110733 0.000797822 0.000100448 4.48619e-07 0.00312073 0.000772637 0.0357746 0.912505 
0.0337069 2.50033e-06 0.0883367 0.0262861 8.34449e-06 3.31435e-06 0.112852 0.00275388 0.124975 0.611076 
0.0303074 0.000258824 0.0321784 2.54721e-07 2.83658e-05 3.56736e-05 0.120587 0.25299 0.139555 0.424059 
0.0437711 0.000384834 0.339478 0.00195059 2.81846e-05 2.85596e-07 0.00587332 0.0412654 0.133483 0.433766 
0.00852592 0.00781037 0.0696603 0.0429465 0.00015413 0.000574307 0.0516258 0.519193 0.0866345 0.212875 
4.99821e-05 1.60225e-05 0.00172142 0.00386186 8.92966e-08 1.15159e-09 0.00103615 0.000302713 0.7868 0.206212 
0.00723309 0.000742992 0.705299 0.0518345 0.00140263 1.71606e-06 0.018147 0.0690216 0.0427672 0.10355 
0.0069048 0.000868028 0.0286379 0.00402674 0.000354373 0.0207897 0.00794131 0.890626 0.00827348 0.0315781 
0.00227071 0.0226839 0.12392 0.0865693 0.0030746 8.69939e-05 0.0162537 0.627711 0.00842466 0.109006 
0.00354043 0.000621704 0.0975704 0.0472681 0.000691771 2.70043e-06 0.0575151 0.517491 0.168048 0.10725 
0.00923856 0.0015112 0.0621223 0.0866435 8.15777e-05 3.41738e-05 0.701254 0.0015712 0.02846 0.109084 
0.00745666 0.000288178 0.0308627 0.0417074 4.2254e-06 0.0261925 0.10709 0.0121757 0.229632 0.54459 
3.23042e-06 0.128299 0.0742415 0.0168744 2.84369e-05 8.42268e-08 0.0583086 0.00733873 0.0016233 0.713282 
0.024856 0.000114237 0.366686 0.0033753 0.000899257 7.4785e-05 0.00470254 0.0200066 0.0117869 0.567498 
0.0115357 0.000401771 0.636688 0.00502291 0.00130923 0.00190132 0.0821564 0.0953469 0.0471359 0.118502 
0.00702721 6.07877e-05 0.0253113 0.00102387 0.00012997 9.69554e-07 0.0102184 0.00528101 0.0171714 0.933775 
0.0232279 0.000566335 0.00553138 0.00778613 0.000482337 1.19329e-06 0.00418328 0.00893699 0.0881715 0.861113 
0.00690861 0.00212998 0.0206198 0.000980069 1.83021e-06 1.375e-06 0.0422358 0.0170456 0.845822 0.0642549 
0.000363564 0.277296 0.0551438 0.0563576 0.000395757 0.118916 0.0202043 0.387007 0.0333777 0.0509389 
0.00181044 5.55405e-09 0.00778557 0.000172691 1.52745e-09 5.03749e-09 0.978729 4.1699e-05 0.000322674 0.0111375 
1.50634e-08 0.00033117 0.492408 3.52652e-05 3.30462e-05 5.40274e-07 0.0959927 0.0216667 0.0226801 0.366852 
0.00111205 2.02012e-06 0.202978 0.00812048 0.00072538 0.000128894 0.0716883 0.257953 0.318477 0.138815 
0.00558188 6.15962e-05 0.0339753 0.117889 0.00028618 0.0300115 0.669789 0.0324759 0.0166501 0.093279 
0.00441492 2.29317e-07 0.00316388 0.245709 3.00225e-07 0.000382427 0.0619803 0.196114 0.39245 0.0957849 
0.0046943 7.34916e-06 0.00031554 0.00243397 1.28318e-06 5.9938e-07 5.75748e-08 0.00079813 0.985316 0.00643284 
0.0457839 3.7513e-05 0.00110733 0.000797822 0.000100448 4.48619e-07 0.00312073 0.000772637 0.0357746 0.912505 
0.0340778 2.09197e-08 0.00142035 0.0223807 3.9673e-06 1.17616e-07 0.00745565 0.00039877 0.902807 0.0314556 
0.0718806 0.00256548 0.0559751 0.0143161 6.10167e-05 3.6384e-07 0.00354546 0.074583 0.694871 0.0822022 
0.3238 0.000853496 0.00467525 0.163326 0.00305501 3.42615e-07 0.00389971 0.00980383 0.274364 0.216223 
0.000811542 3.69139e-08 0.899804 4.9041e-05 2.91339e-05 0.00124718 0.000460702 0.0220104 0.0167001 0.0588881 
0.0146454 3.00345e-05 0.0264391 0.0427127 0.00158862 1.26402e-06 0.0738326 0.358453 0.377512 0.104785 
0.0220577 0.00105312 0.05401 0.0279327 0.000489039 0.000742674 0.0457379 0.0233419 0.0256609 0.798974 
0.00185875 0.000117468 0.0638554 0.040002 1.95675e-05 6.86187e-11 0.147084 0.00866027 0.00368756 0.734715 
0.00788305 5.05442e-06 0.000303884 0.0170983 7.62482e-11 2.32873e-07 1.25793e-07 0.0720925 0.705634 0.196983 
0.0088583 0.00036538 0.464986 0.213405 1.41693e-05 6.46611e-08 0.0603016 0.00100971 0.0597712 0.191289 
0.159562 0.00503315 0.239732 0.0421742 0.0143283 3.27046e-05 0.114697 0.0781839 0.115994 0.230262 
0.0692385 3.40287e-07 3.41217e-05 0.00191813 1.10094e-07 9.0749e-11 0.000549725 0.00455633 0.923665 3.73009e-05 
0.00364692 0.000204393 0.261134 0.00178846 1.06263e-05 6.98439e-06 0.0104199 0.661057 0.053334 0.00839716 
0.00277091 0.000153675 0.0168093 0.0039076 0.0027384 1.5125e-05 0.16342 0.409005 0.15585 0.24533 
0.00451518 0.000312673 0.00428481 0.814396 0.00206186 4.64488e-06 0.00339388 0.00266317 0.0167483 0.15162 
0.0230746 0.000234554 0.357556 0.27351 0.00016387 6.40234e-07 0.0394581 0.0268011 0.045262 0.233939 
0.00975214 0.00230149 0.0875165 0.0127093 3.68345e-05 7.48174e-05 0.000545285 0.0139649 0.160724 0.712375 
0.0697405 0.000289735 0.0530351 0.206083 4.00182e-06 4.35399e-09 0.0398408 0.0146106 0.307445 0.308951 
0.02233 0.0044301 0.0958091 0.0583463 0.00420773 1.74265e-05 0.0895938 0.0116774 0.0655789 0.648009 
0.194067 0.000190284 0.0555324 0.12399 0.0118602 0.0040858 0.055963 0.0676226 0.221717 0.264971 
0.594141 0.00640935 0.0401797 0.0106786 0.00118973 0.0492131 0.0259167 0.0302378 0.152039 0.0899951 
0.0290213 0.00186524 0.114988 0.0970447 6.77843e-05 4.01829e-07 0.0141252 0.221293 0.249208 0.272386 
0.0528762 3.47984e-05 0.125213 0.157898 7.01945e-05 3.52334e-06 0.300631 0.000918014 0.0162488 0.346106 
0.668979 2.47902e-05 0.0930941 0.0021912 7.82161e-06 7.31634e-08 0.00146133 0.000210694 0.00769516 0.226336 
0.00775972 4.60615e-05 0.0573304 0.0223629 0.000828092 0.000368542 0.0318359 0.0295913 0.0124295 0.837447 
0.000747919 0.00129085 0.147854 0.0328379 0.000105733 0.0132081 0.085702 0.0586632 0.38508 0.274511 
0.00199231 0.00197639 0.0253425 0.0532148 0.0166623 0.0578487 0.537882 0.134746 0.0932637 0.0770711 
0.00384653 0.146987 0.0278942 0.0542757 0.00305014 0.00165672 0.00575128 0.630459 0.0880032 0.0380758 
0.0450906 0.0327212 0.115652 0.140089 0.00229597 4.05959e-09 0.00672548 0.434164 0.175223 0.0480387 
0.00874713 2.76038e-05 0.0485561 0.016164 5.25571e-05 2.22557e-06 0.208134 0.0373071 0.0738184 0.607191 
0.912011 0.0185597 0.00263772 0.000346052 1.71332e-06 4.7271e-06 0.000451203 0.000833253 0.0590489 0.00610559 
0.0140238 2.36398e-06 0.13183 0.125934 0.000108753 0.00455991 0.00818898 0.585026 0.0678831 0.0624437 
0.0239335 0.00171182 0.180159 0.01758 0.00140116 9.63161e-05 0.0644157 0.0166719 0.0366343 0.657397 
2.08048e-05 0.000174599 0.729012 0.149044 2.66776e-05 2.67724e-08 0.00356999 0.0982619 0.00418799 0.0157018 
0.0142123 0.0043682 0.102142 0.160948 0.000686704 1.32194e-05 0.0267036 0.466282 0.0836494 0.140994 
0.218027 0.000422271 0.00969049 0.0160264 0.00331798 0.000420284 0.021793 0.0313539 0.612845 0.0861037 
0.0154895 1.06999e-06 0.00522122 0.00625849 0.00151643 1.85285e-06 0.0075643 0.00181404 0.00234023 0.959793 
0.0368864 0.640093 0.0223337 0.0234265 4.19512e-05 2.40246e-09 0.00524296 0.00338259 0.133948 0.134645 
3.65192e-05 6.13648e-09 0.208383 0.000110791 3.12522e-05 1.7799e-12 0.00031255 0.0273206 0.0226927 0.741112 
0.00250529 3.20909e-05 0.0854695 0.0499443 0.000841425 0.00081855 0.107675 0.0185049 0.00603169 0.728177 
3.20064e-05 4.12515e-09 0.110304 0.337056 1.19593e-05 1.55211e-07 0.453927 0.00460255 0.0117801 0.0822866 
0.0238765 0.00366965 0.00664888 0.000103228 0.000137551 4.85439e-06 0.000188546 0.000480904 0.913076 0.0518139 
0.00532654 7.91518e-05 0.132608 0.0529266 0.000661992 0.000241278 0.0284578 0.0232929 0.0104217 0.745984 
0.00576192 2.46058e-09 0.0125095 0.000162794 8.45792e-05 2.00231e-09 0.000786255 0.00347846 0.927085 0.0501314 
0.0699112 0.0184863 0.266918 0.0488294 0.00980872 2.22935e-05 0.0377817 0.0276709 0.0603389 0.460233 
0.248157 0.00193988 0.470984 0.020327 0.00319296 0.000492147 0.0121254 0.0332953 0.0591832 0.150303 
0.0368864 0.640093 0.0223337 0.0234265 4.19512e-05 2.40246e-09 0.00524296 0.00338259 0.133948 0.134645 
0.00112369 5.92256e-10 0.043912 0.0103384 1.26861e-07 5.37173e-10 0.00196066 0.620958 0.17644 0.145267 
0.0840159 0.149924 0.00875809 0.00560817 0.00451632 4.30488e-08 0.0307627 0.000431242 0.277694 0.43829 
0.026466 0.000734121 0.100187 0.0235181 0.000971695 1.35765e-08 0.00811058 0.0146225 0.0363795 0.78901 
0.00311701 0.0687455 0.216494 0.054329 0.00527947 0.000648823 0.0465411 0.0738977 0.227911 0.303036 
0.00733919 3.52112e-09 0.128115 0.000298398 0.00257332 0.0858857 0.0179785 0.484773 0.00913151 0.263905 
0.0187779 1.29628e-05 0.0442259 0.0110041 7.42117e-05 2.47452e-05 0.105354 0.000619988 0.0122986 0.807607 
0.0376472 0.00342814 0.37716 0.0127616 0.000255267 0.00911739 0.0266212 0.224791 0.0231286 0.28509 
0.000545485 0.000285025 0.005331 0.103128 0.000166068 2.50805e-06 0.000867871 0.00121569 0.0106304 0.877828 
0.000407692 7.20012e-08 0.00622268 0.00470657 1.56497e-07 1.24376e-07 0.00720585 0.0215386 0.0397549 0.920163 
3.71101e-05 7.16654e-07 0.011169 0.0626576 6.21965e-05 0.0664305 0.00272022 0.198841 0.501575 0.156506 
0.850144 7.71243e-05 0.00522607 0.00126235 9.31175e-05 3.09023e-06 0.00141803 0.00097755 0.103182 0.0376174 
0.0457839 3.7513e-05 0.00110733 0.000797822 0.000100448 4.48619e-07 0.00312073 0.000772637 0.0357746 0.912505 
0.0083764 4.17965e-06 0.391559 0.121714 0.000358912 6.25731e-08 0.0153821 0.00604174 0.200141 0.256423 
0.00155361 0.00500446 0.0110267 0.0737406 7.54756e-05 6.14619e-06 0.0142849 0.845924 0.0336152 0.0147689 
0.00313039 6.33936e-08 0.00422916 0.000138282 3.55022e-05 0.000796711 0.00392151 0.867563 0.070069 0.0501164 
0.056707 0.00495828 0.131266 0.0297066 0.00426466 6.43614e-05 0.00305346 0.38506 0.246838 0.138081 
0.00574518 2.23969e-05 0.474206 0.0125269 0.00462223 1.66907e-09 0.0195412 0.341404 0.0604906 0.0814416 
0.00584869 4.34552e-05 0.0186008 0.108543 0.00067371 4.42962e-06 0.00136466 0.431342 0.365509 0.0680707 
0.00267176 2.25877e-06 9.77644e-05 0.0513675 6.21195e-07 2.04869e-06 0.271452 0.636573 0.0199941 0.0178391 
0.0368864 0.640093 0.0223337 0.0234265 4.19512e-05 2.40246e-09 0.00524296 0.00338259 0.133948 0.134645 
0.0192985 0.00336273 0.387673 0.0299084 0.00133162 0.00115366 0.0378213 0.0551123 0.0438643 0.420474 
0.00138205 3.2812e-05 0.0159174 0.00486172 3.24387e-06 8.76152e-05 0.00399149 0.57635 0.243185 0.154188 
0.0134234 0.000721316 0.648152 0.024321 0.00259642 0.000707138 0.0267551 0.193483 0.022815 0.0670254 
4.63001e-07 0.0163204 0.0452422 0.0147511 0.00062815 4.86337e-07 0.070646 0.69512 0.139861 0.0174307 
5.66329e-05 0.000231926 0.102528 0.00716061 0.000148006 5.12603e-07 0.00943341 0.0134141 0.0245158 0.842511 
6.48451e-05 5.96208e-06 0.562118 0.00132581 3.83847e-05 0.00030296 0.200541 0.0237234 0.00457982 0.2073 
0.204644 0.00589048 0.0782607 0.0043294 0.000891767 9.30653e-05 0.0025897 0.0212271 0.288104 0.39397 
0.0082042 4.529e-07 0.0132114 0.0314322 0.000634146 2.22984e-06 0.0421678 0.00415515 0.0302226 0.86997 
0.00240664 6.45048e-05 0.547977 0.0956195 9.73936e-05 2.19447e-05 0.0436802 0.045977 0.0898119 0.174344 
0.0102157 0.000785593 0.102479 0.211142 0.00145607 0.000367244 0.331341 0.00695985 0.0407567 0.294497 
0.0441423 0.000236613 0.287747 0.0240263 1.31605e-05 1.22126e-06 0.222079 0.00534812 0.0529316 0.363474 
0.00140844 0.00140742 0.00140858 0.00140851 0.00140835 0.00140754 0.00140845 0.987325 0.00140859 0.00140862 
0.0459071 1.19493e-05 0.497354 0.32539 4.9171e-06 1.55831e-08 0.00973059 0.00166544 0.00640316 0.113533 
5.59432e-09 1.1936e-08 0.0635518 1.51682e-08 1.16852e-08 7.58821e-10 0.00129871 0.000262996 0.000280818 0.934606 
0.866618 0.000250553 0.00486642 0.00179948 0.000245139 8.85456e-08 0.00242314 0.00171795 0.0648591 0.0572198 
0.000312396 0.0268063 0.0360768 0.0385802 0.00011103 4.65911e-10 0.00199746 0.00115659 0.0421912 0.852768 
0.0010165 7.5645e-07 0.00682045 0.0268451 0.000529115 0.00241822 0.142509 0.411473 0.276617 0.131772 
0.0254558 0.00175027 0.197799 0.294449 0.00536436 0.00242792 0.0964346 0.113249 0.0389511 0.22412 
0.0327391 0.0131991 0.20312 0.237466 0.00619986 7.39567e-07 0.0160805 0.065791 0.126521 0.298883 
2.31683e-07 0.0044542 0.970968 0.00710358 3.14015e-07 1.03561e-06 0.00318445 0.00970662 0.00157564 0.00300612 
0.00110847 0.000137171 0.120949 0.0514508 0.000348989 3.34686e-06 0.115126 0.0150536 0.0339183 0.661904 
0.00298082 0.0165341 0.160432 0.164466 0.00105439 8.15675e-09 0.0276519 0.0264877 0.243711 0.356682 
0.00389468 0.0157747 0.143596 0.372135 0.00045358 9.32723e-10 0.0282291 0.0147454 0.0478311 0.373341 
0.0265103 0.106943 0.0224112 0.00480923 0.00467176 8.46687e-05 0.00251219 0.613247 0.1661 0.0527097 
0.000896275 1.73748e-05 0.106836 0.685934 7.92733e-05 8.81372e-05 0.0162612 0.0472357 0.0739313 0.0687202 
0.0051927 1.80015e-05 0.133176 0.0778349 0.000181758 0.000216903 0.316449 0.0391764 0.0195918 0.408162 
0.0368864 0.640093 0.0223337 0.0234265 4.19512e-05 2.40246e-09 0.00524296 0.00338259 0.133948 0.134645 
0.0368864 0.640093 0.0223337 0.0234265 4.19512e-05 2.40246e-09 0.00524296 0.00338259 0.133948 0.134645 
0.0746881 3.30289e-05 0.0779011 0.0653665 2.11966e-05 2.72129e-06 0.00990011 0.286104 0.259608 0.226376 
0.00313039 6.33936e-08 0.00422916 0.000138282 3.55022e-05 0.000796711 0.00392151 0.867563 0.070069 0.0501164 
0.0199353 1.25939e-07 0.243652 0.0778904 7.86498e-05 0.000163835 0.0030231 0.0508488 0.170043 0.434365 
0.00800268 0.00157691 0.0767949 0.17155 0.00809015 0.0700261 0.20518 0.0415612 0.043165 0.374053 
0.00903002 6.96048e-06 0.0434172 0.029176 0.000466092 7.61281e-06 0.0128639 0.0144576 0.0275523 0.863022 
0.000936416 0.0067809 0.05247 0.0224622 0.000630197 1.10432e-05 0.00916339 0.0503297 0.772591 0.0846256 
0.0385408 0.000166207 0.0234756 0.00730562 0.00172367 0.000177334 0.0188341 0.0261248 0.843361 0.040291 
0.000794069 6.43929e-06 0.254954 0.0415096 0.000252369 3.07219e-09 0.00685821 0.0117041 0.072706 0.611215 
0.0936135 9.51534e-12 0.350697 0.0213022 0.000295887 1.10164e-07 0.00497261 0.0368276 0.187742 0.304549 
2.02415e-05 6.81658e-06 0.223137 0.000389429 0.000196265 0.000206221 0.0491523 0.0238332 0.000519247 0.70254 
4.30112e-05 2.28934e-08 0.860065 0.0504937 5.09401e-08 5.10986e-09 0.00113273 0.0214134 0.00844037 0.0584119 
0.000194904 6.2944e-10 0.224172 0.079198 1.81246e-06 5.70898e-10 0.0180005 0.431286 0.113383 0.133763 
2.56537e-06 2.16124e-05 1.54249e-05 0.0112416 1.15033e-09 3.79375e-09 0.039738 0.0947717 0.85416 4.86297e-05 
0.00010156 2.72212e-05 0.0184172 0.00420333 1.29974e-05 0.00542056 0.0157761 0.186239 0.172791 0.597011 
0.00431714 1.67243e-06 0.0648609 0.159723 9.72855e-10 1.89397e-07 0.00699526 2.7354e-05 0.000104832 0.763969 
0.00124128 1.29048e-05 0.79105 0.065838 7.82136e-06 5.97807e-07 0.00638303 0.000423144 0.00513606 0.129907 
0.00182144 1.40708e-08 0.18887 0.00622344 1.16242e-05 1.91356e-06 0.159084 0.00337732 0.0763499 0.564261 
0.00799665 6.27791e-05 0.0365967 0.00485037 0.00478774 6.5931e-06 0.00885563 0.0181869 0.00763398 0.911023 
0.0297052 0.00158075 0.171191 0.131285 0.0070251 0.000400294 0.0339893 0.422896 0.0905198 0.111408 
0.0368864 0.640093 0.0223337 0.0234265 4.19512e-05 2.40246e-09 0.00524296 0.00338259 0.133948 0.134645 
0.0249326 6.08725e-06 0.29327 0.0469405 0.000382672 0.000352737 0.17382 0.0871745 0.163934 0.209187 
0.0293578 0.000246795 0.647388 0.0019637 0.000897009 0.00478955 0.0955867 0.0297229 0.0320182 0.15803 
0.00287749 1.04174e-07 0.224802 0.0118761 0.000286004 0.00139243 0.0192923 0.578454 0.0108995 0.15012 
0.00349666 6.26305e-05 0.00744399 0.00730496 0.00019141 1.0419e-07 0.00902821 0.00362177 0.019134 0.949716 
0.127449 0.000776478 0.251752 0.0268501 0.00239285 4.8948e-07 0.0342912 0.00460035 0.0581308 0.493756 
0.00226945 2.92123e-05 0.0340525 0.0112637 0.000246702 1.73827e-08 0.00133485 0.0128683 0.0243411 0.913594 
8.91044e-05 2.1736e-07 0.0139637 0.0220412 0.000864216 0.0184696 0.00234431 0.769855 0.135194 0.0371784 
0.00105899 2.96837e-06 0.942709 0.0129055 0.000324379 5.95364e-12 0.000680497 0.00039772 0.00130116 0.0406195 
0.0188763 0.039932 0.095456 0.0388534 0.00666896 0.0354995 0.0721432 1.10973e-05 0.599321 0.093239 
0.000153987 0.000144298 0.0187372 2.19679e-05 9.14847e-07 2.50771e-06 0.00114717 0.00146091 0.00121148 0.97712 
0.0020001 9.21794e-05 0.189814 0.644422 1.59883e-05 1.63942e-05 0.0555232 0.0237324 0.0373184 0.0470649 
6.62703e-07 2.97178e-11 0.202759 0.00300788 1.5284e-07 2.69539e-11 0.0025015 0.402832 0.00647252 0.382426 
0.00806861 0.000191887 0.0393406 0.00137356 4.93176e-05 3.00331e-06 0.00885843 0.00449786 0.0382456 0.899371 
0.0178245 0.0535391 0.32606 0.00558391 0.000620074 0.000148426 0.0270287 0.127234 0.0578412 0.384121 
0.0258029 0.000699218 0.129948 0.0708321 0.000427559 2.4775e-05 0.0290696 0.0322226 0.0782594 0.632714 
0.00922876 6.63949e-05 0.00409605 0.0101002 0.000394906 1.33743e-09 0.00204105 0.00328137 0.0390609 0.93173 
0.000371785 6.24458e-06 0.0935894 0.0103796 9.14442e-08 3.36032e-06 0.0782016 0.000934503 0.0655919 0.750921 
0.00353322 2.26514e-05 0.00463179 0.0611168 0.000262929 8.81349e-06 0.0151999 0.0014328 0.00847468 0.905316 
6.42841e-05 0.000339852 3.15716e-05 0.000599524 5.1584e-06 5.65981e-06 1.51351e-06 0.998881 2.71727e-05 4.42744e-05 
0.0344372 0.000531927 0.00524044 0.00917752 0.000136216 1.42211e-08 0.0548167 0.00429091 0.06729 0.824079 
5.42836e-08 1.18998e-05 0.00412104 0.0011148 1.23866e-06 2.51773e-10 0.00795081 0.00382295 0.00205356 0.980924 
0.0538661 0.00532611 0.15834 0.481893 0.000635339 1.66785e-06 0.0833602 0.0141216 0.0799766 0.12248 
0.00461992 9.15723e-06 0.00565402 0.00356927 0.000218175 1.13709e-08 0.00504982 0.001673 0.0043226 0.974884 
0.0365521 0.00843773 0.0599015 0.0808989 0.000292002 2.92682e-06 0.0356245 0.084801 0.331573 0.361916 
0.694139 0.000502361 0.233619 0.0189888 0.000238271 1.19187e-06 0.0144805 0.0026232 0.00387084 0.0315369 
6.49191e-11 1.22237e-06 0.0242131 0.056961 1.55995e-08 2.90186e-10 0.0767019 6.31662e-07 0.000162534 0.84196 
0.00314994 0.000834135 0.229816 0.0194981 0.000485936 0.0001732 0.0245006 0.452228 0.02949 0.239824 
0.0235614 0.00110847 0.359958 0.0527503 0.000887868 0.0648404 0.170285 0.00423573 0.0115804 0.310793 
0.0238765 0.00366965 0.00664888 0.000103228 0.000137551 4.85439e-06 0.000188546 0.000480904 0.913076 0.0518139 
0.000782085 2.91788e-05 0.041075 0.0528187 0.000683483 5.72339e-09 0.00182854 0.0492302 0.109376 0.744176 
0.00157904 0.00341268 0.597177 0.0844015 0.00241126 3.37153e-06 0.0517435 0.0223191 0.0481731 0.188779 
0.00915918 0.000123636 0.595006 0.00462119 0.0040191 0.00107422 0.00671195 0.194959 0.0203807 0.163946 
0.0368864 0.640093 0.0223337 0.0234265 4.19512e-05 2.40246e-09 0.00524296 0.00338259 0.133948 0.134645 
0.000458296 0.00147689 0.0129563 0.00770149 0.000202996 2.08279e-05 0.918347 0.000517841 0.015705 0.0426138 
0.0530854 0.000406969 0.458959 0.162389 9.64887e-05 0.00032125 0.0105569 0.0660763 0.0639635 0.184145 
0.00785523 4.61278e-05 0.259508 0.00437963 0.00436304 0.211509 0.0075632 0.409072 0.0348939 0.0608094 
0.0301295 0.0247179 0.583476 0.0495584 0.00266091 3.49679e-06 0.0171771 0.0357012 0.0430625 0.213513 
0.0580725 6.63055e-05 0.161814 0.0215562 0.0107881 0.00018339 0.0709331 0.0330553 0.0140836 0.629447 
0.000778714 7.47216e-06 0.0223817 0.137935 6.48443e-05 0.00450254 0.102968 0.0631361 0.0849914 0.583235 
0.0971147 0.0192701 0.256993 0.0936927 0.000313713 0.000196189 0.0120445 0.179461 0.175472 0.165442 
0.00290239 2.63481e-07 0.752672 0.00581494 0.000107333 5.05772e-07 0.00137139 0.0269269 0.0333975 0.176807 
5.08683e-05 0.0122881 0.443961 0.131123 0.00820983 0.000344241 0.041741 0.21816 0.0309487 0.113174 
0.0103792 2.77252e-05 0.0721674 0.000487443 6.73729e-05 8.22092e-08 0.00163359 0.0104383 0.0400232 0.864776 
0.325701 5.51077e-05 7.61813e-06 1.06806e-05 9.64459e-06 3.32805e-05 0.516513 0.0420052 0.104713 0.0109519 
0.10001 0.099938 0.10002 0.100016 0.100004 0.0999466 0.100011 0.100011 0.100021 0.100023 
0.0152975 0.00136299 0.694906 0.11905 0.000348316 0.00183971 0.036343 0.0267518 0.043368 0.0607322 
0.0130031 0.000779256 0.291005 0.320749 1.70313e-05 0.0010581 0.0396472 0.00696197 0.0138692 0.31291 
0.00514256 0.0391594 0.108189 0.0703605 0.00668913 0.000201835 0.319369 0.0274052 0.151815 0.271668 
0.00359482 2.40969e-06 0.174681 0.0050877 2.83534e-05 6.82127e-05 0.00983827 0.00956584 0.0142012 0.782933 
0.0258206 1.10714e-10 0.0842108 0.0618635 0.000130439 1.00417e-10 0.00443128 0.130504 0.614573 0.0784662 
0.00440687 4.78183e-08 0.0095605 0.00220631 2.00479e-05 6.87445e-10 0.00583056 0.000473118 0.0253032 0.952199 
0.0453634 0.00010995 0.0140619 0.00593573 0.00026972 3.53117e-06 0.0366978 0.0234184 0.0365942 0.837545 
0.0368864 0.640093 0.0223337 0.0234265 4.19512e-05 2.40246e-09 0.00524296 0.00338259 0.133948 0.134645 
3.88645e-05 0.000347316 0.00019073 2.77365e-06 9.41721e-06 1.46222e-07 9.45615e-06 0.0330751 0.908916 0.05741 
8.77973e-05 5.27526e-06 0.00160845 0.00881984 4.54431e-05 9.85976e-06 0.000197027 0.978275 0.00301896 0.00793209 
0.187003 2.39821e-05 3.94588e-05 0.00148251 2.06879e-05 1.7551e-08 1.60218e-07 0.000922743 0.809579 0.00092767 
0.00440687 4.78183e-08 0.0095605 0.00220631 2.00479e-05 6.87445e-10 0.00583056 0.000473118 0.0253032 0.952199 
0.0564268 0.00593662 0.11155 0.0241507 0.000277924 0.000240714 0.132983 0.0539897 0.198269 0.416176 
0.000547622 0.00452421 0.00448488 0.511398 0.000140776 1.45132e-07 0.00111204 0.00134021 0.190847 0.285605 
0.00744654 0.0127741 0.0475613 0.424315 0.00485542 0.000147815 0.0512212 0.121264 0.0555821 0.274832 
4.63001e-07 0.0163204 0.0452422 0.0147511 0.00062815 4.86337e-07 0.070646 0.69512 0.139861 0.0174307 
0.00171018 1.51429e-06 0.0314623 0.00944363 8.93426e-05 5.04458e-07 0.00839505 0.0336319 0.78818 0.127086 
0.00259607 0.000522178 0.0805853 0.148448 0.000624545 0.000137114 0.0128141 0.00822532 0.00868892 0.737358 
0.150697 0.00246958 0.0476218 0.0795445 0.00160993 2.112e-06 0.0447408 0.0110801 0.439965 0.22227 
0.0162244 0.0843373 0.0792658 0.231411 0.000533244 6.83284e-08 0.205854 0.0194005 0.0578256 0.305148 
0.103289 1.76609e-06 0.0196037 0.134597 8.97238e-05 2.08944e-07 0.012515 0.0692898 0.595131 0.0654833 
0.0392571 0.000834567 0.00235904 0.00651813 1.89621e-05 7.87134e-06 0.000264136 0.932342 0.0160768 0.00232129 
0.0427707 0.000152137 0.220304 0.0177761 2.15727e-05 0.000308992 0.0640955 0.0599051 0.306413 0.288253 
0.404412 0.00031262 0.010206 0.00961315 3.13643e-05 4.33558e-06 0.00556789 0.00484572 0.407904 0.157103 
0.00839472 1.53484e-05 0.00778603 0.00400091 0.00129188 0.00591438 0.0197574 0.172887 0.523895 0.256057 
0.00335377 5.19464e-05 0.147889 0.00558295 6.4188e-05 0.000224164 0.101096 0.0182187 0.0624893 0.661029 
0.000133767 4.96688e-07 0.00136125 0.78566 1.36597e-07 4.50493e-07 0.0171936 0.00143904 0.000783604 0.193428 
0.0116911 0.000805942 0.132559 0.00689124 0.000288238 4.23621e-05 0.00155308 0.493859 0.137196 0.215113 
0.0493298 8.37566e-05 0.140578 0.0457197 0.00227749 3.2916e-06 0.0532275 0.323982 0.0910984 0.2937 
0.00169519 1.53472e-07 0.197298 0.040198 0.000576053 0.000183785 0.15688 0.0167485 0.0623198 0.524101 
0.0127529 9.49321e-06 0.156403 0.449166 0.000251106 4.96741e-08 0.0158584 0.0213998 0.0824274 0.261732 
0.00354043 0.000621704 0.0975704 0.0472681 0.000691771 2.70043e-06 0.0575151 0.517491 0.168048 0.10725 
0.00340294 0.000156837 0.0219092 0.763507 0.000809952 0.000122996 0.0787836 0.0474264 0.0317004 0.0521802 
0.00276223 0.00107278 0.47769 0.0497571 0.00494786 0.0505871 0.18075 0.17624 0.0187417 0.0374514 
0.00461992 9.15723e-06 0.00565402 0.00356927 0.000218175 1.13709e-08 0.00504982 0.001673 0.0043226 0.974884 
0.00219175 1.22972e-05 0.00361956 0.0244429 8.23111e-05 0.000638876 0.0735283 0.0180789 0.0185773 0.858828 
0.000463789 7.63262e-08 0.302544 0.174392 3.39135e-08 7.09194e-09 0.0191299 0.0113396 0.0730217 0.419108 
0.0094126 1.3788e-05 0.00821222 0.0969305 0.00114088 0.000397781 0.0495937 0.609749 0.122701 0.101849 
0.0163999 0.000446068 0.00297507 0.00242525 3.29401e-05 1.26442e-06 0.000746319 0.0010187 0.952922 0.0230322 
0.0269274 0.00276858 0.0636747 0.00446343 0.000535073 2.46029e-06 0.00662824 0.159514 0.316092 0.419394 
0.00736093 0.0101368 0.467585 0.0578503 0.00674278 1.72479e-06 0.0620396 0.0937916 0.0490994 0.245392 
0.00900431 4.13117e-05 0.118544 0.124859 7.26322e-05 0.000379373 0.0910211 0.0491374 0.441517 0.165424 
