0.107319 0.00233885 0.021137 0.0141192 0.00124872 0.00143378 0.0177461 0.00912616 0.743712 0.0818196 
0.00872685 0.000103679 0.0734311 0.0494956 0.000103195 0.000179226 0.0304753 0.0101442 0.0673004 0.76004 
0.00455594 3.57411e-06 0.170978 0.000136277 1.18129e-06 2.5709e-06 6.15243e-05 0.00471044 0.0323782 0.787172 
0.000231321 1.79825e-10 0.0271779 0.0919362 4.94546e-11 6.87929e-08 0.0104305 0.0164944 0.0622082 0.791521 
0.0264407 0.000453144 0.0313897 0.0743763 0.000240362 0.000886493 0.0374222 0.0543905 0.637048 0.137353 
0.00356166 8.34917e-05 0.255922 0.298888 3.07542e-09 7.51964e-09 0.0510187 0.00220818 0.0472459 0.341072 
0.00549733 0.000484774 0.101761 0.156445 4.93674e-05 0.000208386 0.0712007 0.0184423 0.16733 0.478581 
0.000505785 1.43896e-05 0.0445136 0.00224641 1.18169e-05 1.78414e-05 0.0614734 0.00873457 0.00198945 0.880493 
0.000310311 0.0149902 0.0114442 0.148847 1.06811e-05 8.66136e-05 0.0246598 0.0112048 0.715306 0.0731404 
0.000267618 1.18209e-08 0.255974 0.0238391 1.54731e-12 5.10301e-12 0.00779538 7.65483e-08 2.11091e-07 0.712123 
0.0109892 0.0436797 0.200941 0.567771 0.000183572 0.000740538 0.0346942 0.0276413 0.0497048 0.063655 
0.00439734 7.89713e-07 0.534895 0.396802 1.66075e-08 1.0218e-06 0.00185432 0.0102973 0.023584 0.0281683 
0.00877018 7.09893e-05 0.0199089 0.179098 3.19125e-05 0.00477558 0.00409258 0.735263 0.0257613 0.0222273 
0.0288108 1.19814e-08 0.0663948 0.00231799 3.29506e-09 1.0867e-08 0.000317654 0.677241 0.199287 0.0256307 
0.0659357 0.000516498 0.0117038 0.0192749 6.09599e-05 0.0012957 0.00344933 0.01282 0.790707 0.0942361 
0.00814326 0.000311113 0.336714 0.471387 0.00015508 0.00229448 0.0266004 0.0530351 0.0306993 0.0706605 
0.0190581 9.76012e-05 0.108378 0.182597 6.0145e-05 0.00279616 0.131375 0.0156345 0.0920529 0.447951 
0.00108398 0.00123225 0.0100226 0.00754471 0.000210153 0.883139 0.034128 0.00642011 0.0071647 0.0490542 
0.000219375 1.03407e-09 0.0178311 0.164032 2.84386e-10 9.37899e-10 0.0457034 2.30066e-05 0.506482 0.265709 
0.00074028 0.000782047 0.145533 0.0553397 0.000378632 0.00594297 0.0235453 0.564574 0.0524794 0.150685 
1.12701e-06 3.3949e-06 0.011671 0.00647277 2.03889e-07 8.20923e-05 2.97566e-07 0.965963 0.0158059 4.39605e-07 
1.21529e-07 2.2551e-08 7.4691e-07 0.00803066 2.95186e-12 9.73516e-12 0.00922607 0.00103698 0.00966532 0.97204 
0.00609632 0.000312896 0.0641863 0.0525587 0.000285078 0.00418818 0.0637052 0.275258 0.287682 0.245728 
0.000337991 0.00939859 0.0321147 0.00299935 5.17282e-07 1.70598e-06 0.0107298 0.828815 0.0350829 0.0805191 
0.00263465 6.70958e-05 0.0701888 0.12384 3.81406e-06 7.96218e-06 0.00984219 0.0315974 0.21809 0.543728 
0.00344384 4.8292e-09 0.624167 0.0147215 7.0592e-10 1.15733e-09 0.00367638 0.00129187 0.036938 0.315761 
0.00315428 0.0655303 0.0847391 0.050057 2.54133e-05 0.000175013 0.00177807 0.108415 0.231555 0.454571 
0.0353971 0.301596 0.059822 0.0118705 0.00378882 0.0143622 0.010821 0.255985 0.131925 0.174432 
0.00107262 7.2253e-06 0.854774 0.0255444 1.98707e-06 6.5533e-06 0.00186059 0.101229 0.00869757 0.00680609 
1.16982e-05 1.07484e-05 0.0753133 0.800768 2.92209e-07 2.69304e-06 0.000128734 0.0778856 7.92054e-05 0.0457994 
0.0259268 0.0136821 0.32954 0.0358478 0.00420336 0.0215553 0.127002 0.0652179 0.0415307 0.335494 
0.0021887 0.00117021 0.0311104 0.0106452 0.000313068 0.000746706 0.0121967 0.59428 0.300631 0.0467174 
0.0216773 0.061435 0.0990994 0.0492786 0.00165273 0.00659374 0.0544118 0.42705 0.160631 0.11817 
6.73357e-05 1.15536e-05 0.00336307 0.0919137 1.66358e-06 0.00122363 0.139549 0.647393 0.0184638 0.0980133 
0.0247071 3.61871e-06 0.269297 0.00385185 2.60321e-06 9.94571e-06 0.00761015 0.00960331 0.10585 0.579065 
0.0255241 0.00103085 0.0495142 0.089553 0.000213751 0.0375343 0.00220301 0.114864 0.524892 0.15467 
0.00934156 0.000213832 0.101234 0.0222942 8.53702e-05 0.00402291 0.0891133 0.0971121 0.0934494 0.583134 
0.00786997 0.00135634 0.0223494 0.0533467 1.28045e-05 0.807574 0.00370518 0.0894592 0.00939291 0.00493363 
0.000557567 0.000247437 0.136221 0.000350868 3.66881e-05 0.000138513 0.00865805 0.0441251 0.0285765 0.781088 
0.00387053 0.000473437 0.0024172 8.56056e-06 1.73623e-07 7.48053e-07 1.93457e-05 0.805988 0.10127 0.0859521 
0.0181079 0.000470459 0.00865979 0.000245684 0.000202176 0.00202862 0.00423221 0.907674 0.0436161 0.0147633 
0.0853031 8.61618e-08 0.0205629 0.0528067 7.1295e-08 0.00295433 0.0502552 0.148492 0.456839 0.182786 
0.00549733 0.000484774 0.101761 0.156445 4.93674e-05 0.000208386 0.0712007 0.0184423 0.16733 0.478581 
0.0570027 0.000124372 0.0387212 0.0446269 1.81012e-05 3.89181e-05 0.0053588 0.75697 0.0843889 0.0127499 
0.0337878 0.021394 0.0397901 0.00646184 2.77237e-05 2.80651e-05 0.0281658 0.190975 0.444719 0.234651 
0.0400551 0.00055109 0.149906 0.0224714 0.000145563 0.00030406 0.219248 0.0259409 0.0442022 0.497175 
0.000156011 5.0717e-09 0.0541047 1.12694e-05 1.3948e-09 4.6e-09 0.193293 0.617231 0.135196 8.11039e-06 
0.0159259 0.0133436 0.0142986 0.00982248 0.00163675 0.00202798 0.0366059 0.0223751 0.758303 0.125661 
0.00211377 0.000938219 0.723729 0.0083133 3.72099e-08 5.24147e-08 0.000946667 0.00282635 0.0559999 0.205133 
0.0240317 0.0096863 0.0681786 0.162125 1.18073e-05 0.000665043 0.0276427 0.022819 0.590504 0.0943357 
0.0121595 0.00207985 0.246932 0.14202 1.63863e-07 0.000409587 0.144587 0.0638621 0.200832 0.187118 
3.14074e-06 0.0431876 0.0999552 0.000236423 2.52025e-07 2.76523e-07 0.000221912 0.374774 0.0898787 0.391742 
0.0122713 0.00561232 0.0848501 0.0343824 0.000387832 0.00679517 0.0212107 0.581369 0.150211 0.10291 
0.00116707 0.0015973 0.489558 0.00672431 0.000153163 0.000167352 0.0351806 0.0550638 0.0426989 0.36769 
0.0176006 0.0010201 0.107288 0.0426894 0.000169979 0.000171291 0.0848846 0.581174 0.0874833 0.0775192 
0.0409263 0.0408205 0.0427637 0.0263364 0.000323203 0.00180479 0.0144661 0.0330444 0.713255 0.0862597 
0.00174331 0.00203738 0.266744 0.180196 0.000157085 0.0024374 0.420228 0.00291468 0.0322801 0.0912616 
0.00301794 6.42065e-05 0.586155 0.0966199 3.87367e-06 4.09702e-06 0.0834648 0.0208151 0.00914195 0.200713 
0.00320049 0.000112068 0.0348458 0.00174312 8.26155e-05 0.000100991 0.00330318 0.196656 0.13278 0.627176 
0.00251532 7.60784e-05 0.103528 0.00131619 3.94747e-06 5.93199e-05 0.023644 0.0126705 0.052918 0.803268 
0.00238809 0.00857883 0.25698 0.00245605 0.000327205 0.000700422 0.161171 0.0416075 0.0185642 0.507226 
0.0111412 2.30523e-06 0.0150506 0.111945 6.33973e-07 2.09083e-06 0.264961 0.35009 0.243473 0.00333462 
5.73006e-07 3.65778e-08 0.0373199 0.952539 1.00594e-08 3.31758e-08 0.00415822 0.00215744 1.61114e-06 0.00382347 
0.000190233 0.00199433 0.0178018 0.146581 9.66096e-05 0.00606783 0.00464457 0.675628 0.052555 0.0944405 
0.000376274 0.000357182 0.0263205 0.0192112 5.55697e-07 4.70283e-06 0.00418164 0.940626 0.00255513 0.00636706 
0.00295117 6.4612e-05 0.631787 0.117653 3.94931e-05 7.2e-05 0.0321665 0.0673678 0.0120163 0.135882 
0.315985 9.25412e-11 6.53821e-06 0.0223959 2.54502e-11 2.01526e-07 3.5708e-07 0.581502 0.0439592 0.0361507 
0.00404542 0.00237084 0.392181 0.0239862 0.000407468 0.00218378 0.0152325 0.0635576 0.0434547 0.45258 
0.000792211 1.93802e-05 0.482465 0.00160019 1.32481e-05 0.000497361 0.186458 0.0301354 0.00929265 0.288727 
6.17121e-06 2.69483e-05 3.89144e-08 0.00349564 6.59118e-09 0.00137674 0.957409 0.00437605 0.0201189 0.0131907 
0.000104987 1.34825e-05 0.163971 0.00572031 6.25796e-06 0.0017508 0.00603253 0.594374 0.109536 0.11849 
2.84671e-06 5.95756e-07 0.000189395 3.43284e-05 1.63842e-07 5.40347e-07 0.000428758 0.714563 0.278435 0.00634629 
0.00194981 4.06733e-05 0.00429774 0.00610794 8.29391e-07 1.59405e-06 0.000896069 0.0329831 0.924943 0.0287794 
0.1468 0.10072 0.0254084 0.018277 6.93431e-05 9.32144e-05 0.000675783 0.0398032 0.632015 0.036137 
0.00570426 0.0339133 0.119191 0.000311337 0.000152224 0.00032911 0.451722 0.0587333 0.039789 0.290155 
0.114466 0.0159345 0.015469 0.0118029 4.5807e-10 7.97139e-07 0.0509468 0.000603863 0.781178 0.00959818 
2.44512e-06 2.11473e-07 2.60579e-07 0.000488843 1.23505e-08 1.3951e-07 7.58805e-08 0.992931 0.00657735 9.77724e-08 
0.005985 1.83721e-07 0.00250948 9.8347e-08 2.0644e-11 1.38282e-07 1.35103e-07 0.730449 0.255965 0.00509052 
0.000816487 1.02737e-07 0.0230084 0.907951 2.82542e-08 9.31817e-08 0.00237514 0.0370935 0.0230858 0.00566952 
0.0382121 9.90922e-05 0.0395905 0.0110774 5.445e-05 0.000352024 0.0105685 0.00899736 0.844904 0.0461443 
0.0134606 0.00428882 0.00771968 0.00524932 0.000119917 0.00158205 0.000275638 0.878722 0.0535412 0.0350409 
0.00255158 4.31141e-08 0.920143 0.00201742 1.95019e-08 1.89668e-06 0.00131758 0.0140361 0.00906342 0.050869 
0.00166876 0.000584206 0.413644 0.000825096 8.21818e-05 0.000119554 0.000458821 0.0410816 0.132851 0.408686 
0.0574707 3.35642e-05 0.0286355 0.0208906 9.63332e-08 0.00151688 0.127693 0.70559 0.0580268 0.000142783 
0.00733077 0.0150674 0.0138812 0.00139111 3.37349e-06 0.000177424 0.000132712 0.833945 0.0950985 0.0329719 
0.000200764 0.000296851 0.0141036 0.00835998 3.24129e-08 2.83369e-05 0.000915298 0.0757239 0.817544 0.0828271 
0.0126847 0.00496422 0.0942581 5.90951e-05 5.76299e-07 0.0379433 0.00171045 0.596956 0.134631 0.116793 
0.0148574 0.0209292 0.354837 0.0030703 0.0010657 0.00364332 0.0455731 0.0490359 0.205022 0.301966 
0.00750735 0.0204927 0.16009 0.0109156 0.000243661 0.00104233 0.00314323 0.0112802 0.0152798 0.770005 
0.000521359 2.17354e-05 0.0476335 0.0243325 2.61991e-06 5.62282e-06 0.0347458 0.514132 0.15469 0.223915 
0.202741 3.95169e-05 0.302642 0.00190198 1.28824e-05 1.92162e-05 0.249916 0.0388901 0.0374074 0.16643 
0.00676534 0.000117305 0.0120791 0.0420534 4.95121e-05 0.000105951 0.0320494 0.0329188 0.78893 0.0849315 
5.98899e-08 8.4497e-07 0.173996 0.0018183 4.79807e-08 0.000131834 0.0101629 0.759701 0.0260604 0.0281285 
0.0134833 0.000530746 0.166423 0.0369296 3.57661e-05 0.0025194 0.00813882 0.0125646 0.271554 0.487821 
0.0123966 0.000223125 0.0900341 0.0368325 0.000128475 0.000775068 0.113339 0.0111139 0.109385 0.625772 
0.000424162 5.27222e-05 0.0343903 0.0153633 5.20554e-06 5.20665e-05 0.0138796 0.324389 0.0387654 0.572678 
4.90725e-05 4.39638e-08 0.00084526 0.000306076 1.20907e-08 3.98749e-08 0.000313238 0.998024 0.000240798 0.000221333 
0.00112592 7.55817e-07 0.205898 0.0438234 3.19188e-08 6.19612e-08 0.0426811 0.131117 0.195938 0.379415 
1.63005e-05 0.00027156 0.0280623 0.589924 1.3776e-09 1.0536e-07 0.00285617 3.64749e-05 0.0375402 0.341293 
0.00156177 0.00357735 0.0745846 0.290115 0.00014507 0.00142296 0.030108 0.11615 0.145978 0.336357 
0.0119728 2.42736e-05 0.19843 0.00221234 7.52022e-06 1.39687e-05 0.00223937 0.0102952 0.0274436 0.747361 
0.0035971 0.0010354 0.267336 0.00132567 6.70445e-05 0.000494141 0.00507475 0.0101336 0.0121825 0.698754 
0.000950738 0.00080294 0.412745 0.134618 2.46203e-06 8.84515e-06 0.00473886 0.00161987 0.026502 0.418011 
0.000591929 0.00882177 0.0161002 0.011336 0.000158039 0.0410392 0.00728264 0.00670582 0.8716 0.0363645 
0.0160997 3.39453e-09 0.736785 0.0202706 3.12629e-09 6.00225e-09 0.0361002 0.0054453 0.0115112 0.173788 
0.0155643 0.0390833 0.255071 0.184844 0.00024788 0.000922234 0.0126088 0.0457331 0.100131 0.345794 
0.000707609 0.00259624 0.0348751 0.0121049 4.94005e-06 0.0191278 0.0023304 0.6171 0.241232 0.0699204 
0.000368362 8.65814e-06 0.030096 0.0390856 1.75028e-06 7.46163e-06 0.00753233 0.562563 0.304092 0.0562455 
0.00779043 0.0179556 0.030835 0.0032405 3.0046e-05 0.00217781 0.0274 0.376525 0.378059 0.155987 
0.000862996 2.6829e-06 0.0711833 0.044792 1.1208e-06 1.2585e-06 0.298442 0.385337 0.124346 0.0750319 
0.00532926 0.00339764 0.0739212 0.0136427 0.000328227 0.00613649 0.000485053 0.784892 0.0593974 0.0524698 
0.0283079 0.00637882 0.102417 0.0509378 8.77555e-05 0.00395627 0.202307 0.377996 0.19218 0.0354317 
2.8749e-07 7.26551e-11 0.812138 0.0604046 1.99813e-11 6.58978e-11 6.55051e-07 0.0212073 0.0124491 0.0938003 
0.0207361 4.05979e-07 0.0170993 0.120368 2.5224e-11 7.37303e-09 0.0433314 5.40157e-08 0.0583667 0.740098 
0.00543427 0.00121365 0.454198 0.0888602 0.000198016 0.00135698 0.0371377 0.0670551 0.213553 0.130993 
1.21529e-07 2.2551e-08 7.4691e-07 0.00803066 2.95186e-12 9.73516e-12 0.00922607 0.00103698 0.00966532 0.97204 
0.00924571 0.000970078 0.149325 0.00623803 0.000398371 0.000712129 0.00414902 0.684968 0.109347 0.0346471 
0.0206503 0.00825439 0.0622209 0.189264 0.00300678 0.00733056 0.0776783 0.0582835 0.291148 0.282164 
0.00839395 0.0355786 0.48982 0.117756 0.00039691 0.00156077 0.145022 0.134413 0.00923697 0.0578222 
0.00911603 0.000731847 0.00354343 0.0921737 0.000116547 0.00311671 0.299227 0.164517 0.0390458 0.388412 
0.00620604 0.000105735 0.285676 0.0861598 3.6567e-05 0.00718008 0.164623 0.0073468 0.06048 0.382186 
0.00378402 0.00281761 0.338052 0.316968 0.00200854 0.00618507 0.130856 0.0549382 0.103107 0.0412837 
0.0230971 0.00104478 0.0372674 0.330521 2.33333e-05 9.36346e-05 0.00287502 0.108318 0.255905 0.240854 
0.000747919 0.00129085 0.147854 0.0328379 0.000105733 0.0132081 0.085702 0.0586632 0.38508 0.274511 
0.0350075 0.00324354 0.066319 0.0440735 0.00197489 0.00329389 0.0160005 0.0506012 0.684976 0.0945097 
0.00125291 2.72198e-05 1.30005e-05 0.0060988 1.31965e-07 4.35218e-07 0.0301656 0.175659 0.614581 0.172201 
0.000513091 0.0137777 0.0619403 0.0144069 0.000368856 0.000488879 0.00613994 0.308276 0.0064278 0.587661 
0.00175237 0.0097358 0.117918 0.062922 1.43422e-05 0.0894661 0.630523 0.00128385 0.0210924 0.0652923 
0.0307303 0.0195406 0.168021 0.0376752 0.0134575 0.0179115 0.0176759 0.321421 0.15116 0.222406 
0.000378869 0.00167564 0.0622437 0.0119226 0.000346869 0.0326618 0.111788 0.699292 0.0438034 0.0358868 
0.0431559 1.33114e-05 0.406033 0.036628 1.00977e-05 0.000131707 0.00732024 0.0150376 0.0945094 0.397161 
0.00173533 0.001181 0.126598 0.071964 5.27685e-05 0.000334677 0.0418708 0.151147 0.0783842 0.526731 
0.000713664 0.00130759 0.107585 0.0125347 0.000121135 0.0288674 0.666362 0.0990698 0.0198462 0.0635925 
0.0441169 0.00135262 0.00392506 0.0348696 7.85587e-08 9.21255e-05 0.0392708 0.528151 0.102782 0.24544 
0.0149716 0.00030006 0.048376 0.0425213 0.000126275 0.000134678 0.0231535 0.205422 0.5801 0.0848945 
0.00124112 4.48281e-06 0.0767467 0.00114551 3.46192e-07 0.0100918 0.0748494 0.818691 0.00637996 0.0108497 
4.95855e-05 4.93605e-05 0.00219128 0.0271924 2.84071e-07 0.000447788 0.89965 0.00630974 0.00297241 0.0611375 
0.00917301 9.95751e-12 0.23986 0.00221299 2.73846e-12 9.0314e-12 0.0003724 0.0529845 0.572852 0.122545 
0.015576 0.00103078 0.19072 0.0262588 0.000131533 0.000171323 0.0305272 0.00917953 0.0217243 0.704681 
0.0229035 0.000122001 0.0319416 0.189152 8.78523e-05 0.0394366 0.0546741 0.123572 0.373428 0.164683 
0.000469232 7.44136e-08 0.133533 0.00146264 5.32327e-08 5.87304e-08 0.0079249 0.223511 0.121237 0.511861 
0.954349 4.3938e-07 0.00150552 0.00203623 5.13648e-13 1.85283e-09 0.00081512 0.000773998 0.0353368 0.00518323 
0.000632018 0.000307549 0.0365101 0.0106195 1.50114e-05 0.0706109 0.311676 0.281591 0.0848227 0.203214 
0.0641652 0.000109391 0.157525 0.000741786 1.66038e-06 1.82178e-06 0.00180301 0.343194 0.295634 0.136824 
0.000320825 0.00154629 0.102405 0.18308 0.000269335 0.00366534 0.240173 0.324181 0.108495 0.0358638 
0.0028821 6.91503e-05 0.0145297 0.180045 3.32739e-05 0.0136669 0.0944302 0.142251 0.454973 0.0971189 
0.000772964 0.000484399 5.07265e-07 4.70691e-07 4.4381e-09 8.31781e-09 6.17968e-07 0.000850327 0.996821 0.00106933 
9.37998e-07 1.31347e-06 2.23786e-06 2.08679e-05 3.2511e-07 5.0049e-07 1.95659e-06 0.931295 0.0636456 0.00503118 
0.000670118 0.000749749 0.954968 0.0128751 0.000154212 0.000327417 0.0158217 0.00895508 0.00174049 0.00373782 
0.912011 0.0185597 0.00263772 0.000346052 1.71332e-06 4.7271e-06 0.000451203 0.000833253 0.0590489 0.00610559 
0.0108263 0.0835621 0.057687 0.0114501 0.00244775 0.0610707 0.136035 0.474316 0.0382558 0.12435 
0.0105643 0.00308865 0.0815528 0.0381957 0.00240608 0.00885625 0.00941588 0.647723 0.15031 0.0478874 
0.0106804 0.000482959 0.0534903 0.0463901 0.000383325 0.000473439 0.00888043 0.125894 0.139511 0.613814 
2.44512e-06 2.11473e-07 2.60579e-07 0.000488843 1.23505e-08 1.3951e-07 7.58805e-08 0.992931 0.00657735 9.77724e-08 
3.19109e-05 8.97117e-07 0.00260582 0.00157721 7.74205e-07 2.82414e-06 0.000200115 0.298433 0.671861 0.0252867 
0.00341299 0.00067108 0.622611 0.213748 1.53958e-07 4.5958e-07 0.0214596 0.0109618 0.0557602 0.0713746 
0.000739195 0.00128687 0.271138 0.167066 9.69165e-05 0.000113363 0.255064 0.0287431 0.0167859 0.258967 
0.0445937 0.00171219 0.0831352 0.0223573 2.47998e-06 0.00124255 0.000712659 0.173176 0.243566 0.429502 
0.00251444 9.34685e-05 0.110292 0.00144315 1.37831e-05 4.77961e-05 0.0232771 0.0156099 0.051374 0.795334 
2.42287e-05 4.78568e-05 0.104541 1.71824e-05 1.09465e-05 4.70579e-05 0.000329871 0.00016702 0.894553 0.000261475 
0.0148574 0.0209292 0.354837 0.0030703 0.0010657 0.00364332 0.0455731 0.0490359 0.205022 0.301966 
0.00108973 2.97369e-05 0.881482 0.0168599 1.47661e-05 9.51555e-05 0.0156057 0.0183409 0.0472418 0.0192403 
0.00280132 2.11408e-05 0.0597113 0.00119627 1.07695e-05 0.000159883 0.0508014 0.0948715 0.727844 0.0625825 
0.00767263 0.000295804 0.0132384 0.0215048 0.000114225 0.000303704 0.00460424 0.677105 0.0995167 0.175645 
0.0176913 1.10092e-05 0.086932 0.00101515 6.4276e-06 3.84622e-05 0.107015 0.00383913 0.00714393 0.776308 
0.00865422 0.195811 0.0604065 0.189238 1.17836e-05 2.72333e-05 0.00260365 0.00264192 0.0612472 0.479359 
0.0202669 0.00441662 0.241794 0.0150895 4.46371e-07 0.000625009 0.0169192 0.0300434 0.0384842 0.632361 
0.00745666 0.000288178 0.0308627 0.0417074 4.2254e-06 0.0261925 0.10709 0.0121757 0.229632 0.54459 
0.0013466 0.000611368 0.0946793 0.0245343 0.000439829 0.000704857 0.010991 0.148228 0.0761718 0.642293 
0.00740641 0.00263695 0.0536226 0.255705 0.00198684 0.00603805 0.0107638 0.475152 0.133439 0.0532486 
0.0671569 0.000106153 0.0175433 0.00117118 1.12486e-05 1.5149e-05 0.00196992 0.00416286 0.856028 0.0518354 
9.51321e-07 4.45913e-06 0.0516444 0.0162613 2.31011e-07 3.23566e-06 0.0959863 0.716055 0.0811639 0.03888 
0.00956223 0.013393 0.395986 0.0394023 0.00259068 0.0341237 0.179614 0.0606361 0.028518 0.236174 
0.0277961 2.74229e-05 0.909479 0.0114021 1.88264e-05 4.4932e-05 0.000715857 0.000972403 0.00183572 0.0477077 
0.00212251 0.00258685 0.681952 0.00871935 8.69524e-05 0.000451026 0.00167034 0.0846982 0.0617351 0.155977 
0.00149885 3.52714e-10 0.00189706 0.00297976 9.70016e-11 3.19909e-10 0.900669 2.33108e-06 0.0745519 0.0184012 
9.66264e-05 3.21056e-06 2.1144e-06 0.762294 5.19078e-10 7.19174e-06 1.15403e-06 2.51002e-05 0.23756 1.08105e-05 
0.00492106 0.00595755 0.269391 0.0897736 0.00307591 0.00829168 0.0164759 0.094727 0.145878 0.361508 
0.061275 0.117965 0.0313359 0.0153198 3.92881e-08 3.32889e-05 0.277581 0.00252028 0.25815 0.23582 
0.0160997 3.39453e-09 0.736785 0.0202706 3.12629e-09 6.00225e-09 0.0361002 0.0054453 0.0115112 0.173788 
0.0217667 0.0469173 0.0151713 0.00900482 0.00339601 0.00445718 0.00586957 0.0339227 0.766268 0.0932268 
0.15764 7.16004e-08 0.00153085 4.26978e-07 1.14886e-11 3.78891e-11 0.000225657 0.00499448 0.83403 0.0015788 
0.00853921 0.0039548 0.168807 0.114191 0.00105248 0.00132769 0.0196145 0.228078 0.150022 0.304413 
0.012016 0.00390025 0.399488 0.0788085 4.61749e-05 5.14794e-05 0.0987937 0.0730303 0.102025 0.231841 
0.000222739 0.0507958 0.0586935 0.00123193 6.95743e-05 0.00043531 0.0473452 0.155555 0.0307898 0.654861 
0.00965591 0.000627302 0.0581483 0.123024 0.000183199 0.230575 0.0249856 0.25068 0.0576631 0.244458 
0.00758099 3.30029e-05 0.00944398 0.0291462 2.7742e-05 0.00861868 0.747956 0.00388194 0.12907 0.0642416 
8.65619e-05 1.35446e-06 0.015294 0.1368 2.46194e-10 8.11942e-10 0.0464816 0.0214596 0.0184552 0.761422 
0.0239552 0.00656124 0.0685463 0.0806917 4.55775e-05 0.000146971 0.168585 0.0499015 0.220935 0.380632 
0.562638 0.000277504 0.0132083 0.00159501 0.000110743 0.000162595 0.00019435 0.0941762 0.322372 0.00526503 
0.0282977 0.000596054 0.101279 0.00181236 0.000159647 0.0107147 0.0381617 0.521164 0.202831 0.0949839 
0.000732308 0.000944556 0.00847881 0.0121878 0.000115123 0.000338656 0.0227621 0.0130692 0.0410483 0.900323 
0.000245213 0.00401003 0.274479 0.0104994 0.000141516 0.00343703 0.0250569 0.481904 0.0217801 0.178448 
0.00569794 0.000531569 0.632314 0.0227671 0.000365433 0.000377255 0.0037707 0.0998042 0.0592737 0.175098 
0.0019042 0.000100555 0.172681 0.18021 1.34709e-10 2.50454e-06 0.0291339 0.00897248 0.2783 0.328695 
1.21529e-07 2.2551e-08 7.4691e-07 0.00803066 2.95186e-12 9.73516e-12 0.00922607 0.00103698 0.00966532 0.97204 
5.70694e-06 4.81428e-06 0.272724 4.86562e-05 1.05286e-08 8.59829e-07 0.415287 0.147426 0.00397138 0.160532 
0.000733735 0.0070852 0.0534244 0.00226075 0.000700546 0.0483691 0.00297703 0.753593 0.010528 0.120328 
0.328089 0.00591879 0.00440219 0.0118764 0.000284505 0.00181922 0.020659 0.0135759 0.577649 0.0357262 
0.112555 0.00220843 0.0877506 0.0146965 0.000186671 0.0022207 0.0518764 0.0486385 0.439971 0.239897 
9.87614e-05 6.70648e-05 0.0709433 0.000396648 6.92738e-06 8.68266e-06 0.0155464 0.773246 0.0401855 0.0995005 
0.0612676 0.000115833 0.293266 0.0073745 6.02282e-05 9.9705e-05 0.434327 0.0153227 0.0228402 0.165326 
0.000250756 6.33214e-05 0.0912104 0.400503 3.95131e-06 9.29957e-06 0.0156981 0.00573248 0.0288292 0.4577 
0.0219481 0.00175924 0.119227 0.0305757 0.000171117 0.000272571 0.0728042 0.0211984 0.00967388 0.72237 
0.0864568 0.00047985 0.14203 0.00231858 1.80025e-06 0.000328847 0.0149059 0.354109 0.0923437 0.307025 
0.000176785 0.00102579 0.306927 0.0254839 4.83108e-05 0.00460091 0.0268411 0.291211 0.135486 0.208199 
0.015723 0.00350057 0.209425 0.0777827 0.00154861 0.0028504 0.0445237 0.0266045 0.0546503 0.563391 
0.0760346 1.84871e-12 0.595304 0.00595725 5.08424e-13 4.02593e-09 0.000400194 0.0881361 0.0424424 0.191726 
2.68333e-05 1.45185e-06 0.0274317 0.00701549 1.19602e-06 1.36885e-06 0.0374642 0.465628 0.0264663 0.435964 
0.00297321 0.000107937 0.100724 0.00220312 1.83911e-06 4.87548e-06 5.65084e-06 0.0193889 0.660082 0.214509 
3.24699e-06 0.00271839 4.65494e-06 0.0815141 7.50869e-07 9.20111e-07 1.58124e-06 0.717669 0.198083 4.0239e-06 
0.0038366 0.000295289 0.018298 0.388091 1.48655e-05 3.12126e-05 0.022105 0.00189287 0.0521764 0.513258 
2.53273e-05 1.99223e-05 0.00295253 0.0465634 2.74786e-08 1.46768e-06 0.0407256 0.0115524 0.826288 0.0718716 
4.31838e-05 0.292818 0.0363476 0.017376 2.34232e-05 0.000201189 0.205023 0.173296 0.21503 0.0598417 
0.000371789 2.52486e-08 0.0741451 0.0153291 6.72511e-09 2.56966e-08 0.00121961 0.00200302 0.07578 0.831151 
0.0108047 0.000365915 0.0144811 0.0143052 0.00010957 0.00120827 0.00183588 0.13149 0.762203 0.0631964 
0.00164994 0.0754822 0.247232 0.0189582 0.0001879 0.00302428 0.347 0.0263586 0.0388497 0.241257 
0.0232575 0.0114795 0.127948 0.103843 0.00793248 0.0090902 0.119047 0.0414369 0.221014 0.334952 
0.0527261 0.0010027 0.143235 0.0384349 0.000470135 0.00591369 0.0018986 0.362244 0.306639 0.0874363 
0.000169459 0.000585621 0.099145 0.0117724 2.94486e-06 0.00291427 0.344068 0.11765 0.0380131 0.385679 
0.000665859 2.20144e-11 0.403111 0.0376647 6.0543e-12 1.9967e-11 0.00197645 0.000649372 0.0538585 0.502074 
0.0393684 1.64562e-05 0.0254576 0.00820056 1.21024e-05 0.000370773 0.00794589 0.0069005 0.764333 0.147395 
0.00148423 0.00144507 0.00913298 0.00454841 0.000919952 0.198999 0.188748 0.0472336 0.54368 0.00380852 
0.00256968 0.000611823 0.0653008 0.000482498 0.000315168 0.00230126 0.221304 0.130564 0.00406987 0.572482 
2.42184e-07 2.22963e-06 0.0613352 0.00958784 1.15451e-07 1.61783e-06 0.229433 0.491132 0.202474 0.00603457 
0.0121595 0.00207985 0.246932 0.14202 1.63863e-07 0.000409587 0.144587 0.0638621 0.200832 0.187118 
4.28579e-08 8.37924e-07 0.631985 0.00256458 1.56185e-08 2.19894e-08 2.88226e-07 0.00157376 1.49605e-07 0.363875 
0.00036663 3.00075e-07 0.276788 0.528826 9.38764e-10 2.58133e-07 0.00935501 8.81802e-05 0.0056045 0.178971 
2.68333e-05 1.45185e-06 0.0274317 0.00701549 1.19602e-06 1.36885e-06 0.0374642 0.465628 0.0264663 0.435964 
0.0113286 9.38525e-07 0.00171232 0.00124917 4.14545e-07 4.96672e-07 0.965628 0.0108294 0.00789894 0.00135202 
4.67273e-06 9.13813e-05 0.0172878 0.939446 5.48495e-07 0.000589661 0.00920412 0.0156888 0.00341975 0.0142674 
0.0189224 0.000149149 0.332622 0.00214961 4.22527e-05 0.000604972 0.0987116 0.00994661 0.0308693 0.505983 
0.00228916 0.00238623 0.0827623 0.0318954 0.000140149 0.000150519 0.0117572 0.722971 0.0642679 0.0813805 
0.000473242 1.05965e-06 0.0464475 0.0013814 2.9142e-07 0.00028929 0.00352205 0.031762 0.0109529 0.90517 
0.000245245 9.64859e-05 0.117752 0.000239252 2.47504e-05 4.08906e-05 0.610547 0.0102539 0.00334259 0.257457 
0.00569035 5.67719e-05 0.0255552 0.02841 4.92038e-07 0.00028401 0.895125 0.0122085 0.0109587 0.0217114 
0.00344384 4.8292e-09 0.624167 0.0147215 7.0592e-10 1.15733e-09 0.00367638 0.00129187 0.036938 0.315761 
0.000456147 0.000217364 0.000393052 0.00452452 1.49223e-06 0.000114803 1.35639e-05 0.645996 0.321465 0.0268176 
0.00652971 0.00104285 0.430128 0.0142596 0.000224756 0.000917062 0.0341091 0.0144637 0.0158175 0.482507 
0.151012 0.000209266 0.0415807 0.0972173 5.31269e-06 1.67131e-05 0.113393 0.0353088 0.493604 0.0676531 
0.0173737 0.000171227 0.101441 0.0579293 6.75986e-05 0.00228956 0.671558 0.0107134 0.0348457 0.103611 
0.00380439 0.00828127 0.102855 0.050503 1.97992e-05 0.00491039 0.0332937 0.0592893 0.410592 0.326451 
0.0131524 0.101873 0.304438 0.097137 0.00608861 0.0310017 0.0749563 0.3159 0.00852691 0.0469269 
0.00202106 8.36001e-06 0.0715308 0.898579 8.58906e-09 1.32315e-08 0.000674635 0.016315 0.00554404 0.00532703 
0.0062962 1.03973e-10 1.24263e-07 0.000135002 2.85942e-11 9.4303e-11 7.66016e-07 1.36698e-07 0.993566 2.21926e-06 
1.21529e-07 2.2551e-08 7.4691e-07 0.00803066 2.95186e-12 9.73516e-12 0.00922607 0.00103698 0.00966532 0.97204 
0.0132114 0.00450033 0.0206069 0.0279387 0.000379527 0.00726314 0.416077 0.0346664 0.432318 0.0430387 
0.00542025 0.00489466 0.483072 0.00533066 6.09864e-05 0.00106752 0.0477929 0.00379744 0.0178053 0.430758 
0.00483425 0.00455413 0.0329558 0.0247393 0.000597379 0.00219253 0.050936 0.0165632 0.0634956 0.799132 
0.000781078 0.000144835 0.0912859 0.000240386 2.52588e-05 8.21145e-05 0.00512072 0.0281628 0.0231154 0.851042 
0.0131227 0.0174089 0.0921219 0.166286 0.000942217 0.00659439 0.191344 0.314493 0.0760196 0.121668 
0.00965853 0.00177627 0.193176 0.610018 4.75639e-09 7.23723e-09 0.0332213 0.00231465 0.0278068 0.122028 
0.000338223 5.15133e-05 0.0814419 0.226941 2.12885e-06 3.32838e-05 0.0470458 0.0185993 0.114272 0.511274 
0.00109718 5.36477e-05 0.121166 0.0425288 1.89969e-06 0.00118913 0.0157054 0.682045 0.0495864 0.0866262 
2.01085e-05 2.93474e-06 0.000146215 8.04819e-06 2.10491e-06 2.31475e-06 2.77241e-05 5.6047e-05 0.000143513 0.999591 
0.0416819 0.00010799 0.297078 0.0101896 2.25794e-05 7.1489e-05 0.0384794 0.00807723 0.0500126 0.554279 
0.111728 0.00105671 0.138542 0.0369987 0.000310344 0.00095615 0.0362286 0.158875 0.111018 0.404286 
0.0122515 0.00842325 0.402488 0.111742 0.00069613 0.0018713 0.0341343 0.0561591 0.0313794 0.340855 
0.00219322 0.000142011 0.00556021 8.55204e-05 3.9255e-06 0.113674 0.103718 0.666724 0.0396466 0.068252 
3.19109e-05 8.97117e-07 0.00260582 0.00157721 7.74205e-07 2.82414e-06 0.000200115 0.298433 0.671861 0.0252867 
0.109176 0.00916538 0.250532 0.153766 0.000316015 0.00261647 0.0112366 0.182129 0.141641 0.139421 
0.00576499 0.000987339 0.0298326 0.00970666 0.000129203 0.000850527 0.00792018 0.00982415 0.763765 0.171219 
0.00648996 0.000437531 0.359522 0.0699757 0.00030361 0.00434703 0.352675 0.0256366 0.0143303 0.166282 
0.0220354 0.000108823 0.011922 0.844922 1.09669e-08 6.75296e-08 0.0080935 0.000153356 0.0298643 0.0829008 
0.000929583 0.00106519 0.304705 0.292731 0.000333264 0.0330335 0.062855 0.0321469 0.0202515 0.251949 
0.00085898 0.000404043 0.0275518 0.0417905 4.76741e-05 0.0626129 0.0223653 0.522489 0.27943 0.0424495 
0.0191422 0.0134657 0.305454 0.0707885 0.00343788 0.128364 0.0512575 0.0994368 0.0240239 0.284629 
0.0115881 2.22645e-05 0.0889561 0.0648128 4.90003e-06 4.98895e-06 0.0119416 0.703793 0.0735506 0.0453259 
0.0229378 0.00358087 0.0193671 0.00691776 0.00243757 0.791315 0.00802983 0.0400582 0.00852647 0.0968292 
0.00251444 9.34685e-05 0.110292 0.00144315 1.37831e-05 4.77961e-05 0.0232771 0.0156099 0.051374 0.795334 
5.90673e-05 0.000367908 0.000262964 0.00015333 8.48996e-07 2.79997e-06 0.000439786 0.913745 0.0808639 0.00410439 
0.149188 5.8471e-05 0.0989347 0.0289683 2.47606e-05 0.0181989 0.0022604 0.0510442 0.534419 0.116904 
0.0123667 0.00332985 0.0582799 0.0324792 2.99233e-05 0.000149027 0.018998 0.513049 0.0856078 0.27571 
0.0590609 0.000943684 0.232103 0.217148 2.36973e-05 0.000200891 0.0622702 0.0238858 0.0197278 0.384635 
0.00812644 0.000531812 0.130524 0.110438 0.000218328 0.00696242 0.44329 0.0556787 0.0760987 0.168132 
0.0194906 0.000199967 0.341446 0.0618733 1.69335e-05 1.70598e-05 0.00306297 0.00541842 0.0289466 0.539529 
0.00812609 0.00356193 0.163493 0.606368 1.16021e-05 1.54961e-05 0.0134156 0.0441275 0.128655 0.0322253 
2.54232e-05 8.2813e-05 0.0625615 0.0296398 6.55489e-07 2.16179e-06 0.140496 0.137648 0.625344 0.00419987 
0.0245719 0.000624238 0.00356976 0.000612546 2.8234e-05 0.0137654 0.0693965 0.00545974 0.763317 0.118654 
1.46275e-05 4.32859e-05 0.0207238 0.016519 1.2213e-06 1.85277e-05 0.0221811 0.534853 0.384768 0.0208775 
0.0448064 2.04245e-06 0.0462673 0.10325 1.12299e-06 2.67551e-05 0.00227267 0.00494995 0.787765 0.0106587 
0.0102656 0.0143081 0.0605731 0.0244006 9.51039e-05 0.000247771 0.00760705 0.0210799 0.352103 0.50932 
0.0318101 0.00520994 0.358243 0.0156452 0.000490499 0.000826856 0.0830878 0.0191268 0.068589 0.416971 
0.00251444 9.34685e-05 0.110292 0.00144315 1.37831e-05 4.77961e-05 0.0232771 0.0156099 0.051374 0.795334 
0.0554196 0.0552024 0.099294 0.00549366 7.82324e-06 2.8949e-05 0.0020873 0.655956 0.0678287 0.0586816 
2.60894e-05 0.138959 0.0122311 0.096671 1.73529e-05 0.000154704 0.0159462 0.576704 0.155063 0.00422837 
0.0554196 0.0552024 0.099294 0.00549366 7.82324e-06 2.8949e-05 0.0020873 0.655956 0.0678287 0.0586816 
0.00357683 0.000798223 0.709718 0.0746593 0.000617254 0.000770765 0.0408731 0.0387612 0.023946 0.106279 
0.00066862 5.75429e-05 0.279835 0.0197339 2.98895e-05 7.00497e-05 0.232371 0.00739738 0.00514332 0.454694 
0.00706456 2.46259e-10 4.74142e-06 0.0872963 6.77249e-11 1.83173e-06 0.0441627 0.00332314 0.771245 0.0869022 
0.00801091 0.00921435 0.0311157 0.052107 0.000158516 0.00109988 0.0256155 0.0421766 0.706755 0.123746 
0.866811 9.42737e-07 0.0109797 0.00197903 2.59267e-07 0.00170757 0.0541628 0.051638 0.00937175 0.00334862 
0.00534106 0.193474 0.05669 0.0425484 1.46934e-06 0.000857442 0.0965086 0.0705621 0.477646 0.0563708 
0.0297204 0.000162239 0.019023 0.0944824 0.000122035 0.000565048 0.0187218 0.152797 0.281701 0.402705 
0.000278746 5.07465e-06 0.0463799 0.00117784 4.65607e-07 2.72058e-06 0.0425684 0.889914 0.0196717 1.51015e-06 
0.122491 0.000142369 0.0362722 0.0252317 8.70865e-05 0.00020361 0.00349864 0.0581348 0.656405 0.0975332 
0.0335192 0.00118741 0.232669 0.00137046 1.01994e-06 8.21113e-05 0.031648 0.299332 0.361922 0.0382693 
0.00010156 2.72212e-05 0.0184172 0.00420333 1.29974e-05 0.00542056 0.0157761 0.186239 0.172791 0.597011 
0.000289842 3.47689e-05 0.143746 0.0141557 2.51548e-05 0.000219748 0.00911701 0.643525 0.166885 0.0220021 
0.000189708 0.000460692 0.00730723 0.0188992 2.08479e-06 5.49261e-06 0.869139 0.00514182 0.0532273 0.0456273 
0.00110235 0.000963182 0.19615 7.5913e-06 4.78838e-08 2.05848e-07 0.458144 0.0301748 0.0160746 0.297383 
1.68561e-07 2.36035e-07 0.0425075 0.130879 5.84231e-08 0.000422805 0.00882561 0.786967 0.013237 0.0171604 
0.767799 0.000122251 0.0220001 0.0661449 4.13806e-05 0.000228575 0.00409259 0.121592 0.0137032 0.00427597 
0.0122978 0.0290632 0.0311971 0.00148712 0.000350521 0.00344133 0.00139412 0.650403 0.212135 0.0582316 
0.000192827 2.48853e-07 0.00269732 0.00652947 6.84384e-08 5.27706e-06 0.0160808 0.902211 0.0721416 0.000141707 
0.0181262 0.0178604 0.0478388 0.0139753 0.0015253 0.0151115 0.0428452 0.0984946 0.259629 0.484594 
0.000265575 0.00140466 0.0425561 0.745712 8.56617e-06 2.61615e-05 0.0459765 0.00149336 0.0394103 0.123147 
0.000371789 2.52486e-08 0.0741451 0.0153291 6.72511e-09 2.56966e-08 0.00121961 0.00200302 0.07578 0.831151 
4.90954e-05 2.22131e-06 0.0460529 0.0367835 1.65462e-09 8.3175e-07 0.00540351 0.820122 0.0210714 0.0705145 
0.0309442 0.00470299 0.519817 0.00796704 0.00116821 0.0227407 0.0213343 0.107525 0.0796545 0.204146 
0.143377 7.04443e-05 0.15311 0.0105119 5.41047e-05 5.77264e-05 0.0140387 0.0100283 0.130347 0.538405 
7.64058e-07 1.89578e-08 0.101586 2.28895e-07 6.19064e-09 1.07507e-08 0.00371798 0.144901 0.63544 0.114353 
0.0234923 0.00246514 0.127955 0.0495771 0.000281264 0.00591409 0.0144742 0.480291 0.117709 0.17784 
0.0056197 1.49624e-05 0.0515233 0.023552 2.98579e-09 0.000582163 0.13902 0.0921538 0.205687 0.481848 
0.000475497 1.81698e-05 0.00471577 2.34911e-05 1.03951e-06 0.00204368 8.33985e-06 0.799053 0.182662 0.0109995 
1.21529e-07 2.2551e-08 7.4691e-07 0.00803066 2.95186e-12 9.73516e-12 0.00922607 0.00103698 0.00966532 0.97204 
0.00467554 0.00207635 0.164093 0.0502164 0.000930838 0.000948831 0.00154473 0.472501 0.131409 0.171604 
0.0354758 3.654e-05 0.00578987 0.000164909 2.34475e-05 0.000497854 0.0228011 0.00243051 0.90273 0.0300499 
0.0109549 0.000505548 0.628626 0.17695 0.000119673 0.000210695 0.0556472 0.0144695 0.0218802 0.0906363 
9.05198e-05 4.92919e-05 0.0538491 0.0708915 1.13406e-05 0.000869684 0.794166 0.000500693 0.0576162 0.021956 
0.00237426 2.76909e-05 0.447703 0.278682 1.18702e-05 0.000289619 0.0697442 0.0103564 0.0318535 0.158958 
0.00385436 0.000266877 0.0512106 0.0989594 0.000133013 0.000695369 0.0481385 0.426415 0.239348 0.130978 
0.00395051 0.00101295 0.105803 0.0468659 5.48541e-10 1.80908e-09 0.0264929 0.572478 0.127047 0.116349 
0.0235614 0.00110847 0.359958 0.0527503 0.000887868 0.0648404 0.170285 0.00423573 0.0115804 0.310793 
0.0929277 0.000701233 0.432196 0.13899 7.71006e-08 0.000185013 0.0350064 0.00274506 0.00657787 0.290671 
0.0704767 6.90641e-07 0.00138155 0.00144876 3.79778e-08 7.94315e-07 0.0505125 0.000614594 0.78901 0.0865547 
1.47646e-07 3.30598e-10 0.702831 0.00202603 9.09195e-11 9.02551e-08 0.0303289 0.216035 0.0314414 0.0173383 
0.286035 0.0295536 0.0854318 0.00220586 0.00211406 0.00760185 0.00432029 0.28129 0.170896 0.130551 
0.00108429 0.0198884 0.0204475 0.0093285 0.000412451 0.000775411 0.00713579 0.814685 0.0807759 0.0454672 
2.44512e-06 2.11473e-07 2.60579e-07 0.000488843 1.23505e-08 1.3951e-07 7.58805e-08 0.992931 0.00657735 9.77724e-08 
0.210551 2.50745e-05 0.072985 0.0232777 9.67773e-08 0.00950632 0.100187 0.0940639 0.275575 0.21383 
0.00247494 1.44484e-05 0.226749 5.86543e-05 1.07362e-07 3.54076e-07 0.0558237 0.567894 0.00996004 0.137025 
0.279501 0.00321304 0.0428833 0.0149709 7.68177e-05 0.000644556 0.00462723 0.0742806 0.506836 0.0729661 
0.0156323 0.0011373 0.346104 0.486315 2.99737e-08 1.31671e-07 0.00448053 0.00604717 0.0673992 0.0728837 
0.000371789 2.52486e-08 0.0741451 0.0153291 6.72511e-09 2.56966e-08 0.00121961 0.00200302 0.07578 0.831151 
0.00372385 0.000572462 0.0535473 0.00463942 0.000339037 0.000586364 0.126636 0.136203 0.0492742 0.624478 
0.0131163 0.000117518 0.406265 0.204053 0.000113022 0.000991988 0.100746 0.00557541 0.0584147 0.210607 
0.209945 0.0015496 0.0371431 0.0269408 0.000173345 0.000213481 0.0261056 0.0284414 0.51962 0.149868 
0.00146026 0.000108339 0.0189143 0.00503969 9.48851e-05 0.000133942 0.0688674 0.650156 0.0244816 0.230744 
0.0494513 0.000628844 0.320039 0.0160689 0.000176731 0.00425302 0.0522724 0.127508 0.0312506 0.398351 
0.0507358 0.0100806 0.115905 0.0876104 0.00714023 0.00721887 0.0440724 0.453517 0.0640007 0.159719 
0.0406167 0.000109399 0.243686 0.00385209 4.43111e-05 9.31126e-05 0.0165734 0.0197386 0.0939839 0.581302 
0.0221623 0.00165767 0.0576234 0.0788337 0.000233337 0.000489014 0.167745 0.10119 0.0744672 0.495599 
0.0554196 0.0552024 0.099294 0.00549366 7.82324e-06 2.8949e-05 0.0020873 0.655956 0.0678287 0.0586816 
0.000639071 0.00337856 0.0601136 0.00212134 5.13929e-05 5.66491e-05 0.0199671 0.912962 0.000270133 0.000440114 
0.0152975 0.00136299 0.694906 0.11905 0.000348316 0.00183971 0.036343 0.0267518 0.043368 0.0607322 
0.0121868 0.0233672 0.0272633 0.0128639 0.000540149 0.00758949 0.00549778 0.661699 0.146999 0.101994 
0.0602088 0.0464173 0.290931 0.0394715 0.000591403 0.00114802 0.00686817 0.250275 0.0399315 0.264158 
0.0146191 0.010127 0.240754 0.0773433 0.00855005 0.0240007 0.154377 0.101266 0.0763112 0.292651 
0.00637984 0.00233085 0.0788329 0.0386383 0.000934271 0.0010256 0.0499714 0.0259093 0.0269213 0.769056 
0.023314 0.00483874 0.0619079 0.306931 0.00166104 0.00301672 0.320111 0.0214545 0.099226 0.157539 
0.0267544 0.00106444 0.0014971 0.179473 2.95256e-07 2.77014e-06 7.57974e-07 0.00155245 0.774299 0.0153551 
0.00189464 0.00399843 0.0555523 0.0209938 0.000161694 0.000362893 0.00831429 0.86945 0.0243315 0.0149407 
0.00838327 1.51951e-05 0.686239 0.081886 3.13036e-08 5.70091e-07 0.00962498 0.0018803 0.00533858 0.206632 
0.00838327 1.51951e-05 0.686239 0.081886 3.13036e-08 5.70091e-07 0.00962498 0.0018803 0.00533858 0.206632 
0.057891 0.00140754 0.0638822 0.00890216 2.0448e-05 3.26494e-05 0.00214762 0.0881461 0.664037 0.113534 
0.0533005 0.0288687 0.208262 0.000170001 0.000144584 0.000827387 0.033371 0.115356 0.197286 0.362413 
0.00628312 0.00362225 0.187546 0.002681 0.000100606 0.000604643 0.00393908 0.496895 0.115046 0.183282 
0.00899632 4.78875e-06 0.00438871 0.010764 1.39628e-07 4.97002e-07 0.00897791 0.000146316 0.935052 0.0316697 
3.19109e-05 8.97117e-07 0.00260582 0.00157721 7.74205e-07 2.82414e-06 0.000200115 0.298433 0.671861 0.0252867 
3.19109e-05 8.97117e-07 0.00260582 0.00157721 7.74205e-07 2.82414e-06 0.000200115 0.298433 0.671861 0.0252867 
5.73006e-07 3.65778e-08 0.0373199 0.952539 1.00594e-08 3.31758e-08 0.00415822 0.00215744 1.61114e-06 0.00382347 
0.00088269 0.00132991 0.117248 0.00530977 0.000828521 0.046714 0.0863068 0.1757 0.00539773 0.560283 
0.00707375 0.00035472 0.692837 0.0886462 1.32713e-05 4.83831e-05 0.0289398 0.0538411 0.0224359 0.10581 
0.00918356 0.186116 0.114266 0.0497646 0.00162796 0.0201081 0.216045 0.189293 0.162893 0.0507027 
0.00502995 0.00113489 0.0562322 0.0938419 0.000191946 0.00128467 0.00202919 0.486115 0.0728298 0.281311 
0.0130027 9.98004e-05 0.0841362 0.00199531 4.04155e-07 3.84959e-05 0.00511374 0.00674846 0.0102809 0.878584 
0.0113184 0.000547765 0.0613317 0.013301 9.22744e-05 0.000882756 0.867072 0.0155061 0.00748133 0.0224672 
1.43594e-05 2.00712e-05 0.156666 0.000479017 1.07471e-05 0.00023352 0.179616 0.0197736 0.0194653 0.623722 
6.24767e-06 1.82385e-07 0.000398132 0.00564175 5.01585e-08 1.65422e-07 0.00119521 0.890275 0.0819895 0.020494 
0.000319055 1.79557e-08 0.00925992 0.0120732 4.93808e-09 0.000107568 9.07029e-07 0.944376 0.0320091 0.00185425 
0.00262458 0.0371412 0.127467 0.0515889 0.00179198 0.0295757 0.0550985 0.452328 0.2045 0.0378848 
0.0347527 2.8408e-06 0.678083 0.0436662 1.26956e-08 2.86972e-08 0.00505443 0.00361202 0.06611 0.168719 
0.012043 0.012732 0.0744973 0.0574209 0.000395412 0.0744849 0.00445152 0.597681 0.134122 0.0321719 
0.00121046 0.000438349 0.437173 0.00156327 0.000165312 0.00207096 0.302794 0.0548858 0.0227712 0.176928 
0.000863947 0.000299028 0.327084 0.325329 7.28643e-05 9.22927e-05 0.103733 0.0118932 0.0527989 0.177834 
1.56232e-06 2.82728e-05 0.00184073 0.0515718 1.31597e-07 0.00167918 0.231737 0.245996 0.0397666 0.427378 
0.00120768 7.13021e-05 0.0264447 0.0173705 1.85021e-05 5.00276e-05 0.018863 0.0334463 0.301899 0.600629 
0.0246696 0.0158945 0.117569 0.00310834 0.00010006 0.00010684 0.0294066 0.0691847 0.120418 0.619542 
0.000308199 7.91652e-05 0.00409853 0.0111717 4.77632e-05 0.00177306 8.7765e-05 0.576348 0.393914 0.0121723 
