0.107319 0.00233885 0.021137 0.0141192 0.00124872 0.00143378 0.0177461 0.00912616 0.743712 0.0818196 
0.0188452 0.011749 0.391877 0.0403 0.00867099 0.0126469 0.0568729 0.399068 0.00869973 0.0512701 
1.23942e-07 1.28501e-08 2.64016e-07 4.01431e-07 3.49898e-11 1.15396e-10 2.43045e-07 4.54133e-07 0.995677 0.00432153 
4.8532e-05 1.37846e-07 0.00628111 0.120327 3.79098e-08 6.78934e-05 0.000186858 0.0339027 0.83329 0.00589601 
0.0264407 0.000453144 0.0313897 0.0743763 0.000240362 0.000886493 0.0374222 0.0543905 0.637048 0.137353 
0.0144772 0.00663723 0.363956 0.00712183 0.00225191 0.0764251 0.0212174 0.296671 0.0272035 0.184038 
0.000102715 3.09032e-06 0.0215745 0.00441683 1.45657e-06 8.31039e-06 0.000314402 0.854908 0.067341 0.0513294 
0.00549733 0.000484774 0.101761 0.156445 4.93674e-05 0.000208386 0.0712007 0.0184423 0.16733 0.478581 
0.00107864 7.56024e-05 0.537127 0.0129221 2.41181e-05 0.000502483 0.0209326 0.0562026 0.0518639 0.319271 
0.000131787 0.000255501 0.00678758 0.106916 3.75195e-05 0.0276012 0.00798802 0.624854 0.003237 0.222191 
1.05545e-05 1.09406e-07 0.0323377 0.0235883 3.00882e-08 0.0055243 0.00067698 0.874418 0.0629979 0.000445982 
0.00218279 0.00102525 0.0377313 0.0161017 2.59221e-05 0.00203566 0.0249856 0.0446253 0.121261 0.750025 
0.00489739 0.0104484 0.0219074 0.0548737 4.95315e-05 5.33164e-05 0.0169081 0.0421929 0.811127 0.037542 
0.00714879 0.00512665 0.0473985 0.00124968 0.000488228 0.155263 0.00811506 0.702926 0.0323122 0.0399719 
0.00814326 0.000311113 0.336714 0.471387 0.00015508 0.00229448 0.0266004 0.0530351 0.0306993 0.0706605 
0.00768014 1.16236e-05 0.132308 0.0423017 8.7113e-06 2.46442e-05 0.0263755 0.0370389 0.38505 0.3692 
9.87614e-05 6.70648e-05 0.0709433 0.000396648 6.92738e-06 8.68266e-06 0.0155464 0.773246 0.0401855 0.0995005 
0.0109161 0.018105 0.238866 0.0816203 0.000233859 0.000237079 0.00762522 0.0725745 0.0404349 0.529387 
0.0156275 0.0102156 0.0875619 0.0317261 0.00121165 0.00530869 0.0052842 0.569493 0.14844 0.125132 
0.00122136 0.00884833 0.0768903 0.00389275 0.000180381 0.00163425 0.0154285 0.160525 0.681865 0.0495139 
0.000469232 7.44136e-08 0.133533 0.00146264 5.32327e-08 5.87304e-08 0.0079249 0.223511 0.121237 0.511861 
0.00838327 1.51951e-05 0.686239 0.081886 3.13036e-08 5.70091e-07 0.00962498 0.0018803 0.00533858 0.206632 
3.53578e-06 0.0632538 0.21711 0.0920371 2.29982e-06 5.80669e-05 5.88253e-06 0.100363 0.0020468 0.52512 
0.0193985 0.00165006 0.470744 0.203566 0.00036033 0.0225075 0.0401177 0.0808488 0.0437651 0.117042 
0.00051504 7.55317e-05 0.0209148 0.000108166 4.40863e-05 6.93295e-05 0.0292355 0.0196756 0.00114698 0.928215 
0.00315428 0.0655303 0.0847391 0.050057 2.54133e-05 0.000175013 0.00177807 0.108415 0.231555 0.454571 
0.010107 0.000306711 0.117347 0.0212695 2.28044e-07 3.5702e-07 0.310221 0.011611 0.333393 0.195744 
0.0321289 9.09598e-05 0.196172 0.0568662 9.06788e-05 0.000431376 0.0125868 0.0111224 0.0664653 0.624046 
0.0255241 0.00103085 0.0495142 0.089553 0.000213751 0.0375343 0.00220301 0.114864 0.524892 0.15467 
0.490442 0.000252403 0.00142123 0.00478394 0.000139301 0.00969039 0.000342587 0.0774736 0.404592 0.0108618 
7.79826e-05 8.98056e-05 0.995819 0.00107121 6.31195e-05 8.14531e-05 0.000215132 0.00204965 0.000196671 0.000336169 
0.0337878 0.021394 0.0397901 0.00646184 2.77237e-05 2.80651e-05 0.0281658 0.190975 0.444719 0.234651 
0.00361325 0.00457548 0.258104 0.0156467 0.00021239 0.00184085 0.0054209 0.00966358 0.100442 0.600481 
0.0563204 0.01205 0.110071 0.0273464 3.35887e-05 0.0259573 0.160824 0.0833453 0.367432 0.156619 
0.00360842 5.66654e-05 0.0620311 0.0188011 4.08025e-05 0.022917 0.0177205 0.237191 0.104846 0.532788 
0.0159259 0.0133436 0.0142986 0.00982248 0.00163675 0.00202798 0.0366059 0.0223751 0.758303 0.125661 
0.613681 0.00650799 0.133941 0.0472091 1.01454e-05 0.000182615 0.00660131 0.0190669 0.126167 0.0466329 
0.0224779 0.000189717 0.126204 0.0327958 5.94925e-05 7.49482e-05 0.0163174 0.111466 0.094248 0.596167 
0.0121595 0.00207985 0.246932 0.14202 1.63863e-07 0.000409587 0.144587 0.0638621 0.200832 0.187118 
0.00166349 0.0132905 0.21445 0.187171 0.00021736 0.0410159 0.0378298 0.044764 0.0991003 0.360498 
3.14074e-06 0.0431876 0.0999552 0.000236423 2.52025e-07 2.76523e-07 0.000221912 0.374774 0.0898787 0.391742 
0.02054 0.00500432 0.043409 0.00215133 8.9461e-07 0.00320024 0.0707591 0.0127013 0.161303 0.680931 
0.0202232 0.00133023 0.56019 0.074951 3.56668e-05 7.09741e-05 0.0433603 0.00687006 0.0953225 0.197646 
0.000665859 2.20144e-11 0.403111 0.0376647 6.0543e-12 1.9967e-11 0.00197645 0.000649372 0.0538585 0.502074 
0.0159439 4.50234e-08 0.00521468 0.0102025 1.23821e-08 5.79179e-05 0.0244881 0.601583 0.278084 0.0644259 
0.0149565 0.000472314 0.0307812 0.0281526 3.182e-07 1.48579e-06 0.000151327 0.00217636 0.0166481 0.90666 
0.00251532 7.60784e-05 0.103528 0.00131619 3.94747e-06 5.93199e-05 0.023644 0.0126705 0.052918 0.803268 
0.250035 0.00113532 0.152759 0.0141563 1.95836e-06 2.67812e-06 0.0951824 0.0061009 0.0525759 0.42805 
0.0131738 0.000906254 0.000849247 0.00275582 5.3245e-06 2.48334e-05 0.0136977 0.0387231 0.845465 0.0843988 
0.0118989 0.00767581 0.380465 0.00273796 0.000614487 0.00437167 0.0805653 0.058534 0.109866 0.343271 
0.10389 3.35585e-05 0.017199 4.79863e-07 5.42556e-11 3.99121e-08 0.000623633 0.140016 0.705648 0.0325891 
0.0176645 0.00313593 0.0390157 0.00611631 0.000393877 0.00388661 0.0172999 0.0641872 0.775935 0.0723649 
0.00885496 0.000203605 0.380638 0.1342 0.000128728 0.000152325 0.106783 0.0449994 0.0984199 0.22562 
0.0111494 0.00201444 0.0805581 0.424703 4.30005e-05 4.32335e-05 0.102906 0.0309995 0.0512216 0.296363 
0.000376274 0.000357182 0.0263205 0.0192112 5.55697e-07 4.70283e-06 0.00418164 0.940626 0.00255513 0.00636706 
0.0578496 0.0135612 0.0735707 0.0518323 0.0027475 0.0366824 0.0285702 0.530295 0.0703068 0.134584 
0.020617 2.20779e-05 0.362235 0.100399 1.24069e-06 1.72541e-06 0.205762 0.0167856 0.00455398 0.289622 
0.0039164 0.00131362 0.46405 0.00982311 0.000115771 0.00358619 0.068979 0.0302405 0.0549801 0.362996 
0.000165973 0.000432876 0.0935681 0.0285159 6.07638e-06 0.000108665 0.745122 0.00260767 0.0854468 0.0440257 
0.00905496 0.000550113 0.00268549 0.000455505 2.44223e-06 6.01966e-06 0.00258897 0.895842 0.0769486 0.0118663 
4.93278e-05 0.000674222 0.799814 0.0122749 6.82759e-06 1.25826e-05 0.0463013 0.00058115 0.000297214 0.139988 
0.114466 0.0159345 0.015469 0.0118029 4.5807e-10 7.97139e-07 0.0509468 0.000603863 0.781178 0.00959818 
7.46876e-05 5.77478e-10 4.08e-05 0.333682 1.58815e-10 1.25757e-06 0.037437 0.418233 0.00410923 0.206422 
0.00177308 0.0219047 0.147653 0.115274 0.00116343 0.00249378 0.0182416 0.00183169 0.0322983 0.657366 
0.520862 5.1441e-05 0.0064934 0.00462856 9.04563e-08 1.02825e-06 0.00143571 0.00829176 0.305272 0.152964 
0.000814669 5.62819e-05 0.0283328 0.0112006 3.47438e-05 0.000104598 0.000690178 0.533356 0.378234 0.0471761 
0.0260215 1.27852e-06 0.133451 0.0581527 3.30986e-08 5.58273e-07 0.360192 0.000285635 0.011348 0.410547 
0.0942493 8.51764e-05 0.238875 0.330793 2.39919e-07 7.05832e-05 0.00114348 0.334623 9.07562e-05 7.02322e-05 
0.00920197 0.000576004 0.0683335 0.0240359 0.000258379 0.0212926 0.0979454 0.540947 0.0778474 0.159562 
0.000816487 1.02737e-07 0.0230084 0.907951 2.82542e-08 9.31817e-08 0.00237514 0.0370935 0.0230858 0.00566952 
0.00286738 0.00187084 0.0557611 0.170707 0.000395695 0.00081995 0.0185226 0.349863 0.15618 0.243013 
0.000152201 6.81619e-07 0.0318109 0.123692 1.68881e-07 3.96776e-05 0.0046904 0.784311 0.0502425 0.00506091 
0.00733077 0.0150674 0.0138812 0.00139111 3.37349e-06 0.000177424 0.000132712 0.833945 0.0950985 0.0329719 
0.000476481 2.4948e-08 0.796138 0.00395299 4.6504e-10 6.54776e-10 0.00125228 0.00590897 0.0172393 0.175032 
0.00362919 0.000438086 0.251546 0.054434 0.000397808 0.00123354 0.0667587 0.27121 0.0771829 0.273171 
0.000628505 0.00493772 0.00865755 0.106432 1.98525e-05 0.000157542 0.0324082 0.657695 0.101826 0.0872375 
0.202741 3.95169e-05 0.302642 0.00190198 1.28824e-05 1.92162e-05 0.249916 0.0388901 0.0374074 0.16643 
0.0134833 0.000530746 0.166423 0.0369296 3.57661e-05 0.0025194 0.00813882 0.0125646 0.271554 0.487821 
0.000465026 0.000231628 0.098472 0.0154651 0.000202036 0.000745864 0.519154 0.013615 0.0156186 0.336031 
0.329158 0.00172757 0.327876 0.0948052 0.000128032 0.00111481 0.0475844 0.0592928 0.0776585 0.060654 
0.0025919 0.0117946 0.318431 0.0354668 5.98212e-09 1.37076e-07 0.072383 0.0275119 0.0364808 0.49534 
0.0765968 0.00011079 0.0631712 0.023291 4.53657e-05 0.00207969 0.00436859 0.60761 0.122738 0.0999889 
0.00991031 0.00034838 0.135793 0.00176367 2.00781e-05 5.94204e-05 0.0281233 0.0197326 0.083813 0.720437 
0.00863285 0.0198028 0.231734 0.299045 2.84202e-05 0.0027317 0.102596 0.0448112 0.120958 0.16966 
0.000950738 0.00080294 0.412745 0.134618 2.46203e-06 8.84515e-06 0.00473886 0.00161987 0.026502 0.418011 
4.30043e-06 4.3121e-07 0.0079521 0.000158991 1.18589e-07 3.91105e-07 0.0561632 0.921154 0.0090034 0.00556308 
1.61904e-06 3.46922e-09 1.57335e-05 0.120487 9.54088e-10 3.14656e-09 0.00481506 0.808941 0.0566171 0.0091222 
0.0142172 0.0126361 0.0778729 0.00237463 0.000848956 0.0120953 0.0252371 0.549602 0.117629 0.187487 
0.000580425 0.000493907 1.24767e-05 0.00171014 4.1015e-06 0.0286482 0.0546594 0.00225552 0.898847 0.0127891 
0.000408835 0.0216756 0.119874 0.198175 3.09107e-05 0.0173606 0.325395 0.088492 0.0517813 0.176807 
0.520862 5.1441e-05 0.0064934 0.00462856 9.04563e-08 1.02825e-06 0.00143571 0.00829176 0.305272 0.152964 
0.00706456 2.46259e-10 4.74142e-06 0.0872963 6.77249e-11 1.83173e-06 0.0441627 0.00332314 0.771245 0.0869022 
8.04766e-05 5.62982e-09 0.260579 0.176732 1.54828e-09 5.10621e-09 0.0023675 4.71556e-06 7.38146e-06 0.560228 
0.0554196 0.0552024 0.099294 0.00549366 7.82324e-06 2.8949e-05 0.0020873 0.655956 0.0678287 0.0586816 
0.00429529 0.000126186 0.224042 0.328141 7.213e-06 4.40688e-05 0.0244222 0.0339852 0.0195199 0.365417 
0.000517037 0.000498873 0.0408156 0.0305412 0.000125194 0.0107606 0.0434856 0.643573 0.172437 0.0572457 
0.0283079 0.00637882 0.102417 0.0509378 8.77555e-05 0.00395627 0.202307 0.377996 0.19218 0.0354317 
2.8749e-07 7.26551e-11 0.812138 0.0604046 1.99813e-11 6.58978e-11 6.55051e-07 0.0212073 0.0124491 0.0938003 
0.139309 0.00154793 0.0365676 0.0690167 1.57967e-06 0.00178042 0.00563911 0.125701 0.094761 0.525676 
0.00062488 0.000115899 0.0826352 0.00137072 2.02127e-05 6.57163e-05 0.00524453 0.0267219 0.0205709 0.86263 
0.00839395 0.0355786 0.48982 0.117756 0.00039691 0.00156077 0.145022 0.134413 0.00923697 0.0578222 
0.00947375 0.00139766 0.241356 0.0135764 0.000138336 0.00104045 0.0195929 0.141382 0.0995954 0.472447 
0.0670971 0.000229889 0.0637349 0.00160996 0.000216431 0.000263349 0.0291599 0.181192 0.466035 0.190462 
0.00838327 1.51951e-05 0.686239 0.081886 3.13036e-08 5.70091e-07 0.00962498 0.0018803 0.00533858 0.206632 
0.00175237 0.0097358 0.117918 0.062922 1.43422e-05 0.0894661 0.630523 0.00128385 0.0210924 0.0652923 
0.0307303 0.0195406 0.168021 0.0376752 0.0134575 0.0179115 0.0176759 0.321421 0.15116 0.222406 
0.950287 4.76131e-07 0.00306683 0.00145784 5.31888e-11 9.52272e-08 0.000585379 0.000555187 0.0403421 0.00370545 
0.00518819 1.69922e-05 0.000950761 0.76343 4.97332e-06 1.31865e-05 0.0322484 1.344e-05 0.09217 0.105964 
0.0963811 0.000336284 0.0602694 0.198681 0.000194898 0.0880467 0.0964808 0.127474 0.0885777 0.243558 
0.00917301 9.95751e-12 0.23986 0.00221299 2.73846e-12 9.0314e-12 0.0003724 0.0529845 0.572852 0.122545 
1.21529e-07 2.2551e-08 7.4691e-07 0.00803066 2.95186e-12 9.73516e-12 0.00922607 0.00103698 0.00966532 0.97204 
0.0229035 0.000122001 0.0319416 0.189152 8.78523e-05 0.0394366 0.0546741 0.123572 0.373428 0.164683 
0.000469232 7.44136e-08 0.133533 0.00146264 5.32327e-08 5.87304e-08 0.0079249 0.223511 0.121237 0.511861 
0.15443 0.0115046 0.0675571 0.0405282 0.000397818 0.036461 0.219286 0.135659 0.276727 0.0574496 
0.000479603 0.000406873 0.17 0.0379819 2.31464e-12 7.63362e-12 0.0143279 3.02073e-05 0.0109463 0.765827 
0.0641652 0.000109391 0.157525 0.000741786 1.66038e-06 1.82178e-06 0.00180301 0.343194 0.295634 0.136824 
0.00189371 0.000438828 0.621021 0.0113444 2.85311e-05 0.000368207 0.156848 0.00437 0.0625331 0.141154 
0.00127456 0.00939065 0.0752939 0.148453 0.000658083 0.00723661 0.50123 0.0189857 0.112473 0.125004 
0.0264489 0.000824555 0.0684525 0.00475442 0.000718374 0.00195247 0.0100056 0.527994 0.196328 0.162521 
0.000320825 0.00154629 0.102405 0.18308 0.000269335 0.00366534 0.240173 0.324181 0.108495 0.0358638 
0.000670118 0.000749749 0.954968 0.0128751 0.000154212 0.000327417 0.0158217 0.00895508 0.00174049 0.00373782 
2.56147e-05 0.0010155 0.103072 0.819506 2.68348e-07 1.99291e-05 0.0620213 0.00772452 0.0018979 0.00471655 
0.0047715 0.00028833 0.000233836 0.0115945 2.74371e-10 9.0487e-10 0.0661008 0.0488731 0.633696 0.234442 
0.00795782 0.00152217 0.676308 0.0566315 0.000334359 0.000606099 0.0109694 0.0780181 0.0108588 0.156793 
3.19109e-05 8.97117e-07 0.00260582 0.00157721 7.74205e-07 2.82414e-06 0.000200115 0.298433 0.671861 0.0252867 
0.0075238 2.20525e-05 0.00809075 0.112509 2.85784e-07 3.66762e-05 0.0773622 0.68971 0.0461473 0.0585973 
0.00117419 0.00104788 0.319611 0.0538012 0.000259277 0.00209328 0.0764509 0.259072 0.131176 0.155314 
0.00873524 0.000714869 0.12407 0.742666 0.00018615 0.0285408 0.0182717 0.026617 0.0232084 0.02699 
0.00107165 4.88837e-06 0.000585849 0.00283397 1.34438e-06 0.00279615 0.322743 0.00796575 0.000525184 0.661472 
0.00068189 0.0131575 0.434675 0.248497 0.000164568 0.0607902 0.0707106 0.0566451 0.0155428 0.0991351 
0.0238211 0.00379759 0.00453842 0.000107231 9.37927e-05 0.00194591 0.00063822 0.000605315 0.92317 0.041282 
0.00498384 0.0504342 0.130059 0.128423 0.000350323 0.00545375 0.440477 0.00411483 0.0468163 0.188889 
0.0183325 0.000804075 0.338506 0.144741 7.09638e-05 8.43502e-05 0.0120016 0.0598225 0.101995 0.323642 
0.00117585 0.000181052 0.51698 0.014863 1.25163e-05 5.23309e-05 0.00300371 0.0139054 0.0570001 0.392826 
0.0757519 0.0106024 0.0497722 0.0335659 0.00189031 0.00266938 0.0177831 0.0333313 0.617511 0.157123 
2.87922e-05 0.000140591 0.423394 0.0612309 3.69237e-12 1.21774e-11 0.0689111 0.00377031 0.0184922 0.424032 
0.00838327 1.51951e-05 0.686239 0.081886 3.13036e-08 5.70091e-07 0.00962498 0.0018803 0.00533858 0.206632 
0.0202669 0.00441662 0.241794 0.0150895 4.46371e-07 0.000625009 0.0169192 0.0300434 0.0384842 0.632361 
7.57589e-07 5.93925e-07 6.60403e-06 0.000400058 2.22517e-07 8.44899e-06 0.951381 1.71874e-06 1.75791e-06 0.0481992 
0.000452503 0.000633638 0.00107957 0.010067 0.000156837 0.000241443 0.000943885 0.0137809 0.00155847 0.971086 
0.0304941 0.00321562 0.260325 0.00123244 6.28297e-07 2.62316e-05 0.00923473 0.501217 0.143131 0.0511228 
0.00740641 0.00263695 0.0536226 0.255705 0.00198684 0.00603805 0.0107638 0.475152 0.133439 0.0532486 
0.000746398 0.0053411 0.112604 0.139602 0.000442837 0.00112687 0.0632287 0.209786 0.382545 0.0845768 
0.000679754 6.14239e-06 0.0405532 3.87554e-05 1.88256e-09 0.000910419 0.00350369 0.875632 0.0583332 0.0203427 
9.66264e-05 3.21056e-06 2.1144e-06 0.762294 5.19078e-10 7.19174e-06 1.15403e-06 2.51002e-05 0.23756 1.08105e-05 
0.00100457 7.64986e-05 0.0303349 0.00695319 2.40759e-05 0.00487486 0.871565 0.0168411 0.0199089 0.0484168 
0.00677365 1.39601e-11 0.0068494 0.00998838 3.83923e-12 1.02788e-05 0.0139391 0.014276 0.680267 0.267896 
0.00955983 0.0542899 0.0527668 0.000291585 9.97967e-05 0.000168211 0.000386429 0.693051 0.157475 0.0319115 
0.00492106 0.00595755 0.269391 0.0897736 0.00307591 0.00829168 0.0164759 0.094727 0.145878 0.361508 
0.00233765 4.36813e-09 0.000407541 0.0422527 1.2013e-09 3.96187e-09 0.0260808 0.000275865 0.515192 0.413453 
0.0217667 0.0469173 0.0151713 0.00900482 0.00339601 0.00445718 0.00586957 0.0339227 0.766268 0.0932268 
0.15764 7.16004e-08 0.00153085 4.26978e-07 1.14886e-11 3.78891e-11 0.000225657 0.00499448 0.83403 0.0015788 
0.000148032 0.00118981 0.02962 0.504216 5.72124e-05 0.000938758 0.0134424 0.347752 0.072958 0.0296777 
0.00493335 2.69805e-05 0.320941 0.00493898 6.87272e-10 1.41685e-09 0.00121064 0.00738469 0.394714 0.26585 
6.39549e-07 0.000279929 0.00827776 0.815055 3.54095e-08 1.1678e-07 0.1333 0.00242272 0.00458345 0.0360804 
0.000425813 4.99632e-07 0.564249 0.236488 2.84855e-07 0.145657 0.00367718 0.00171193 0.00898097 0.0388089 
0.000952218 1.69051e-06 0.640338 0.0165443 1.09548e-09 5.90764e-09 0.00199672 0.00255677 0.0263698 0.311241 
0.00853921 0.0039548 0.168807 0.114191 0.00105248 0.00132769 0.0196145 0.228078 0.150022 0.304413 
0.0151105 1.12957e-07 0.128204 0.141331 1.05657e-10 2.72767e-08 0.0842567 0.000256889 0.00190659 0.628935 
0.0220577 0.00105312 0.05401 0.0279327 0.000489039 0.000742674 0.0457379 0.0233419 0.0256609 0.798974 
0.00965591 0.000627302 0.0581483 0.123024 0.000183199 0.230575 0.0249856 0.25068 0.0576631 0.244458 
0.0604343 4.72123e-05 0.0127209 0.0285844 2.89965e-05 0.0393198 0.123901 0.0202764 0.378216 0.336472 
8.65619e-05 1.35446e-06 0.015294 0.1368 2.46194e-10 8.11942e-10 0.0464816 0.0214596 0.0184552 0.761422 
0.00788305 5.05442e-06 0.000303884 0.0170983 7.62482e-11 2.32873e-07 1.25793e-07 0.0720925 0.705634 0.196983 
0.00196079 0.00677406 0.0435259 0.127481 0.000279129 0.000833179 0.432024 0.0564988 0.175501 0.155122 
0.00569794 0.000531569 0.632314 0.0227671 0.000365433 0.000377255 0.0037707 0.0998042 0.0592737 0.175098 
0.0252793 8.17115e-06 0.0675729 0.06328 8.68584e-10 2.86457e-09 0.690565 0.0910134 0.0622776 3.97322e-06 
0.00228505 0.000149002 0.0169726 0.912048 1.15894e-05 1.56512e-05 0.0127474 5.70962e-05 0.00711973 0.0485935 
0.0201171 3.09241e-05 0.011188 0.00203301 9.46789e-06 0.0016269 0.00679727 0.016139 0.902355 0.0397029 
0.00504215 0.000448282 0.0615178 0.140452 0.000367083 0.0184268 0.00975094 0.545534 0.119125 0.0993354 
0.0380211 0.000135672 0.431193 0.152036 7.20634e-05 0.000897063 0.0138197 0.08771 0.0794978 0.196618 
9.87614e-05 6.70648e-05 0.0709433 0.000396648 6.92738e-06 8.68266e-06 0.0155464 0.773246 0.0401855 0.0995005 
0.0579508 0.0766579 0.00130984 0.0570455 6.02664e-10 9.53436e-06 0.00316854 0.445804 0.114471 0.243582 
0.111728 0.00105671 0.138542 0.0369987 0.000310344 0.00095615 0.0362286 0.158875 0.111018 0.404286 
0.0193633 0.0116745 0.109314 0.0530248 0.0011769 0.00975529 0.0959772 0.101351 0.226591 0.371772 
0.0530532 5.68289e-05 0.0408028 0.0287838 4.51238e-05 0.000114717 0.0668527 0.00423439 0.213915 0.592141 
0.015723 0.00350057 0.209425 0.0777827 0.00154861 0.0028504 0.0445237 0.0266045 0.0546503 0.563391 
0.000747919 0.00129085 0.147854 0.0328379 0.000105733 0.0132081 0.085702 0.0586632 0.38508 0.274511 
2.68333e-05 1.45185e-06 0.0274317 0.00701549 1.19602e-06 1.36885e-06 0.0374642 0.465628 0.0264663 0.435964 
0.0116946 9.2472e-06 0.147787 0.00860191 1.12834e-06 1.6706e-06 0.00964022 0.306271 0.206358 0.309635 
0.770837 0.00549194 0.0284284 0.0189982 0.000650573 0.00491105 0.0180682 0.0106178 0.0999738 0.042023 
0.00534342 7.10711e-06 0.188913 0.669808 2.53952e-06 3.75334e-05 0.0169159 0.00306234 0.00239488 0.113516 
0.00351965 0.000102067 0.0159069 0.00435507 1.52782e-05 0.000185193 0.0045496 0.895924 0.0747704 0.000672319 
0.000657987 0.000101685 0.109948 0.0413626 4.81034e-07 2.06735e-06 0.0548617 0.0146084 0.101143 0.677314 
1.21529e-07 2.2551e-08 7.4691e-07 0.00803066 2.95186e-12 9.73516e-12 0.00922607 0.00103698 0.00966532 0.97204 
0.00158426 0.000228762 0.295583 0.157751 3.9e-13 8.04527e-06 0.210863 0.0413269 0.180266 0.11239 
0.058965 0.00164459 0.119537 0.151106 0.000329102 0.000371635 0.0541365 0.188377 0.0376921 0.38784 
0.0268584 0.000617604 0.00678721 0.00710908 9.29683e-06 1.67159e-05 0.00127009 0.0165312 0.878214 0.0625861 
0.000469232 7.44136e-08 0.133533 0.00146264 5.32327e-08 5.87304e-08 0.0079249 0.223511 0.121237 0.511861 
0.00249271 4.76569e-05 0.686172 0.0102391 1.69842e-05 0.000817426 0.063345 0.0250798 0.0524684 0.159321 
0.126156 0.00283373 0.0571969 0.0243056 0.0011349 0.00180538 0.0233253 0.0619789 0.570327 0.130936 
0.0143115 0.0244694 0.110594 0.0152098 0.000554497 0.028748 0.00638711 0.496694 0.127309 0.175723 
0.0226006 0.000410878 0.427584 0.0556215 0.000340774 0.000928752 0.0767491 0.0297932 0.032672 0.353299 
0.00256968 0.000611823 0.0653008 0.000482498 0.000315168 0.00230126 0.221304 0.130564 0.00406987 0.572482 
9.90594e-05 0.00159277 0.0310047 0.0266221 7.96632e-08 2.62727e-07 0.0582786 0.722772 0.156115 0.0035153 
0.00521705 0.00120486 0.0784313 0.0281765 0.000827166 0.00814205 0.00706994 0.556364 0.150726 0.163842 
3.19109e-05 8.97117e-07 0.00260582 0.00157721 7.74205e-07 2.82414e-06 0.000200115 0.298433 0.671861 0.0252867 
0.00228916 0.00238623 0.0827623 0.0318954 0.000140149 0.000150519 0.0117572 0.722971 0.0642679 0.0813805 
0.0126931 0.00121906 0.0252314 0.0687735 0.000211637 0.000512749 0.00249799 0.00617057 0.0279351 0.854755 
0.00355212 0.000105891 0.0183994 0.0248543 1.0346e-06 0.045636 0.0255124 0.0862477 0.129135 0.666556 
0.0317138 0.00833052 0.0628574 0.05859 0.001135 0.00353057 0.00562111 0.299455 0.396522 0.132245 
0.000245245 9.64859e-05 0.117752 0.000239252 2.47504e-05 4.08906e-05 0.610547 0.0102539 0.00334259 0.257457 
0.012771 0.0410175 0.0841991 0.0368621 0.00171676 0.0498596 0.115583 0.0226022 0.0191537 0.616236 
0.00106336 9.94428e-05 0.108426 0.107123 8.37907e-05 0.006626 0.0445152 0.60609 0.0516522 0.0743206 
0.00798376 0.000509812 0.243556 0.158231 8.05473e-05 0.00132035 0.155553 0.0330677 0.026739 0.372958 
0.0415345 0.0148654 0.0899793 0.0465994 0.00142919 0.00360369 0.00369504 0.151449 0.392675 0.25417 
0.00669019 0.00343677 0.141803 0.127322 0.000903725 0.00226475 0.259836 0.0194059 0.0464151 0.391924 
0.065131 0.000218071 0.0830038 0.00836854 4.46364e-06 1.11903e-05 0.00548376 0.570822 0.214506 0.0524509 
0.00219322 0.000142011 0.00556021 8.55204e-05 3.9255e-06 0.113674 0.103718 0.666724 0.0396466 0.068252 
0.00652971 0.00104285 0.430128 0.0142596 0.000224756 0.000917062 0.0341091 0.0144637 0.0158175 0.482507 
3.68039e-05 0.000218566 0.150028 0.0321775 3.61462e-05 6.50232e-05 0.705989 0.00400296 0.00187374 0.105572 
0.0156686 0.0118714 0.202951 0.020589 0.000635853 0.00116459 0.00944969 0.0424833 0.0648664 0.63032 
0.0386655 0.00237808 0.353132 0.0397952 0.000270804 0.0724988 0.0368565 0.18586 0.113667 0.156877 
0.0347456 0.000509873 0.438324 0.306165 2.47169e-06 7.5903e-06 0.000169852 0.0589598 0.0230317 0.138084 
0.003844 0.00636557 0.114648 0.00139546 0.000155844 0.00800417 0.00510932 0.53357 0.166298 0.16061 
0.000892428 0.000160343 0.030129 0.051563 4.23072e-06 7.24206e-05 0.0399526 0.0102423 0.158559 0.708425 
1.43594e-05 2.00712e-05 0.156666 0.000479017 1.07471e-05 0.00023352 0.179616 0.0197736 0.0194653 0.623722 
0.000106636 0.00025445 0.131227 0.000185052 6.07038e-06 0.000242915 0.00440132 0.0489065 0.020503 0.794167 
0.0111761 0.00447599 0.265784 0.0108577 0.0037252 0.00485301 0.16164 0.0814649 0.0534647 0.402558 
0.00294555 0.00769861 0.175214 0.0327816 0.00266842 0.0820721 0.0175053 0.435261 0.0928273 0.151025 
0.000270614 0.000344972 0.332622 0.0361375 0.000127529 0.0697941 0.167568 0.241188 0.103784 0.0481642 
0.0336168 0.00405385 0.080186 0.0599933 0.00192175 0.00723591 0.0238086 0.142152 0.536608 0.110423 
0.00109718 5.36477e-05 0.121166 0.0425288 1.89969e-06 0.00118913 0.0157054 0.682045 0.0495864 0.0866262 
0.00100053 0.000479181 0.0593477 0.00809345 4.41648e-05 0.00695044 0.0127183 0.178021 0.679882 0.053463 
0.0476111 0.00325302 0.0163783 0.00491192 0.00103839 0.00967055 0.0215361 0.0213149 0.709373 0.164912 
0.0191093 0.000363238 0.0527498 0.0597319 6.0853e-05 7.69851e-05 0.0316399 0.0104394 0.146895 0.678933 
0.00056809 0.0215294 0.067471 0.00314195 0.000501581 0.0234265 0.0208263 0.601979 0.227912 0.032645 
0.111728 0.00105671 0.138542 0.0369987 0.000310344 0.00095615 0.0362286 0.158875 0.111018 0.404286 
0.0122515 0.00842325 0.402488 0.111742 0.00069613 0.0018713 0.0341343 0.0561591 0.0313794 0.340855 
0.000677247 0.000212757 0.723064 0.000742376 2.63437e-05 5.87261e-05 0.00391804 0.0314654 0.0214725 0.218362 
3.19109e-05 8.97117e-07 0.00260582 0.00157721 7.74205e-07 2.82414e-06 0.000200115 0.298433 0.671861 0.0252867 
0.00897519 0.00155319 0.250309 0.361089 0.00010011 0.000606225 0.0156155 0.0252514 0.0451221 0.291378 
0.109176 0.00916538 0.250532 0.153766 0.000316015 0.00261647 0.0112366 0.182129 0.141641 0.139421 
0.00648996 0.000437531 0.359522 0.0699757 0.00030361 0.00434703 0.352675 0.0256366 0.0143303 0.166282 
0.0453867 0.0268793 0.119919 0.00777308 0.000901663 0.00208268 0.0518592 0.0891893 0.438059 0.21795 
0.0554196 0.0552024 0.099294 0.00549366 7.82324e-06 2.8949e-05 0.0020873 0.655956 0.0678287 0.0586816 
0.00549733 0.000484774 0.101761 0.156445 4.93674e-05 0.000208386 0.0712007 0.0184423 0.16733 0.478581 
0.00127684 3.19908e-05 0.273447 0.00140503 2.38413e-05 7.11636e-05 0.269652 0.0230608 0.011387 0.419644 
0.00549733 0.000484774 0.101761 0.156445 4.93674e-05 0.000208386 0.0712007 0.0184423 0.16733 0.478581 
0.00136291 7.27761e-05 0.0264684 0.697061 3.33634e-05 0.00179044 0.00210194 0.147104 0.0403639 0.0836409 
5.90673e-05 0.000367908 0.000262964 0.00015333 8.48996e-07 2.79997e-06 0.000439786 0.913745 0.0808639 0.00410439 
1.21529e-07 2.2551e-08 7.4691e-07 0.00803066 2.95186e-12 9.73516e-12 0.00922607 0.00103698 0.00966532 0.97204 
0.00474899 0.000685932 0.629174 0.017442 0.000266507 0.0525576 0.0501977 0.0520781 0.0492698 0.14358 
0.00675744 0.00390272 0.0565481 0.00675627 3.02094e-05 0.00227624 0.00228231 0.194791 0.518626 0.20803 
0.00786594 0.00450154 0.240546 0.018318 0.000428694 0.00052047 0.117173 0.330739 0.148391 0.131517 
0.0142106 0.0375804 0.00616935 0.0256327 0.00225535 0.0121449 0.0409849 0.116481 0.712714 0.0318265 
0.000183204 0.00385384 0.391562 0.0299476 0.000169945 0.00456039 0.24555 0.0342122 0.0099135 0.280048 
0.000632018 0.000307549 0.0365101 0.0106195 1.50114e-05 0.0706109 0.311676 0.281591 0.0848227 0.203214 
0.00707375 0.00035472 0.692837 0.0886462 1.32713e-05 4.83831e-05 0.0289398 0.0538411 0.0224359 0.10581 
4.05756e-05 4.76636e-05 0.144646 0.00061883 1.92258e-06 3.69515e-05 0.0132724 0.828254 0.013041 4.00978e-05 
0.917048 0.00873815 0.0265978 0.00937807 4.21591e-08 1.3904e-07 0.00357238 0.00114434 0.015779 0.0177421 
0.193625 2.88179e-05 0.00632945 0.0101398 4.50307e-07 5.68125e-07 0.0020325 0.0179476 0.398427 0.371469 
0.00180582 0.00087434 0.243217 0.328767 4.06219e-05 9.00186e-05 0.0423163 0.00738202 0.0823715 0.293136 
0.000405745 1.77845e-07 0.0854251 0.0701251 2.26227e-08 0.00059635 0.237444 0.040538 0.139383 0.426082 
0.0448064 2.04245e-06 0.0462673 0.10325 1.12299e-06 2.67551e-05 0.00227267 0.00494995 0.787765 0.0106587 
9.41815e-07 4.64111e-10 0.00572816 0.0303374 1.27638e-10 4.20946e-10 0.208583 0.360663 0.394684 3.47657e-06 
0.0318101 0.00520994 0.358243 0.0156452 0.000490499 0.000826856 0.0830878 0.0191268 0.068589 0.416971 
0.00258055 0.00309081 0.00617083 0.03597 5.12752e-08 0.000246263 0.0441435 0.00372603 0.844188 0.0598843 
0.00115927 0.0084871 0.667025 0.00606789 0.000469501 0.00471589 0.00931286 0.0897697 0.0535133 0.159479 
0.0428841 0.00100006 0.101217 0.00851528 0.000170333 0.098683 0.020902 0.140982 0.538641 0.0470052 
0.00706456 2.46259e-10 4.74142e-06 0.0872963 6.77249e-11 1.83173e-06 0.0441627 0.00332314 0.771245 0.0869022 
0.00366101 0.000404804 0.117323 0.0430689 6.61185e-05 0.000460069 0.0140197 0.0555263 0.197053 0.568417 
0.00801091 0.00921435 0.0311157 0.052107 0.000158516 0.00109988 0.0256155 0.0421766 0.706755 0.123746 
0.00645418 0.0133973 0.160509 0.0101115 0.000227966 0.000478727 0.00299865 0.0107173 0.0151325 0.779973 
0.000278746 5.07465e-06 0.0463799 0.00117784 4.65607e-07 2.72058e-06 0.0425684 0.889914 0.0196717 1.51015e-06 
0.122491 0.000142369 0.0362722 0.0252317 8.70865e-05 0.00020361 0.00349864 0.0581348 0.656405 0.0975332 
0.00791276 8.63726e-05 0.0788818 0.0604702 1.80361e-05 0.0518429 0.0011159 0.622262 0.123612 0.0537988 
0.0175485 0.0010408 0.616036 0.0685072 2.56005e-05 6.96638e-05 0.00526333 0.0338547 0.0416291 0.216025 
0.013129 2.39802e-06 0.0235074 0.258092 2.15689e-08 1.64903e-06 0.188176 0.0193557 0.00541839 0.492318 
0.000205094 1.66346e-06 0.0865209 0.0876552 6.76676e-07 0.00140113 0.0180738 0.707952 0.0250926 0.073097 
0.0122978 0.0290632 0.0311971 0.00148712 0.000350521 0.00344133 0.00139412 0.650403 0.212135 0.0582316 
0.0242089 0.0041719 0.0366134 0.0735425 0.000116048 0.0477378 0.00148693 0.627484 0.141505 0.0431331 
7.15172e-05 9.47897e-05 0.286158 0.434542 4.46841e-05 0.000362494 0.0487961 0.000144399 0.0148364 0.214949 
0.0278048 0.00027291 0.0218117 0.0347383 6.94025e-05 0.00286113 0.0617446 0.771052 0.0264773 0.0531684 
0.0181262 0.0178604 0.0478388 0.0139753 0.0015253 0.0151115 0.0428452 0.0984946 0.259629 0.484594 
0.000265575 0.00140466 0.0425561 0.745712 8.56617e-06 2.61615e-05 0.0459765 0.00149336 0.0394103 0.123147 
0.000426817 0.000248887 0.270679 0.00185811 0.00024236 0.0713835 0.154942 0.410785 0.0589316 0.0305027 
1.21529e-07 2.2551e-08 7.4691e-07 0.00803066 2.95186e-12 9.73516e-12 0.00922607 0.00103698 0.00966532 0.97204 
0.00066862 5.75429e-05 0.279835 0.0197339 2.98895e-05 7.00497e-05 0.232371 0.00739738 0.00514332 0.454694 
0.00455594 3.57411e-06 0.170978 0.000136277 1.18129e-06 2.5709e-06 6.15243e-05 0.00471044 0.0323782 0.787172 
0.0254231 0.0232533 0.0371902 0.00526311 0.000142138 0.000324362 0.0112322 0.360163 0.278085 0.258924 
0.143377 7.04443e-05 0.15311 0.0105119 5.41047e-05 5.77264e-05 0.0140387 0.0100283 0.130347 0.538405 
0.0056197 1.49624e-05 0.0515233 0.023552 2.98579e-09 0.000582163 0.13902 0.0921538 0.205687 0.481848 
0.014386 0.00894842 0.16443 0.0347612 0.0021778 0.00590829 0.0146601 0.337225 0.16491 0.252592 
3.49607e-05 1.31056e-05 0.199362 8.1852e-05 3.60424e-06 0.000156273 0.116743 0.00469474 0.654654 0.0242563 
0.00225972 9.667e-05 0.149168 0.00939457 3.54993e-05 0.00229942 0.0259261 0.553385 0.0100197 0.247415 
0.0233621 0.000284854 0.104934 0.00846642 0.000207928 0.0179863 0.027353 0.00786249 0.131327 0.678216 
0.00051616 0.00610706 0.11502 0.00424671 0.000474101 0.0117117 0.00450253 0.73447 0.0405705 0.0823817 
0.00549733 0.000484774 0.101761 0.156445 4.93674e-05 0.000208386 0.0712007 0.0184423 0.16733 0.478581 
0.000212618 2.6151e-05 0.00829883 0.236752 6.9507e-07 0.00530943 0.00504076 0.690853 0.0351569 0.0183492 
1.128e-06 1.77603e-10 0.00495188 6.34032e-07 4.88436e-11 1.61085e-10 2.57858e-07 0.208178 0.781942 0.0049261 
0.0354758 3.654e-05 0.00578987 0.000164909 2.34475e-05 0.000497854 0.0228011 0.00243051 0.90273 0.0300499 
0.0109549 0.000505548 0.628626 0.17695 0.000119673 0.000210695 0.0556472 0.0144695 0.0218802 0.0906363 
9.05198e-05 4.92919e-05 0.0538491 0.0708915 1.13406e-05 0.000869684 0.794166 0.000500693 0.0576162 0.021956 
0.00063803 3.03257e-05 0.0205868 0.0316858 3.67695e-06 0.000530257 0.00685898 0.874177 0.0100489 0.0554402 
0.000449096 1.83503e-10 0.0297338 0.00971591 5.04661e-11 1.66436e-10 0.697512 0.00676341 0.0660618 0.189765 
2.95915e-05 4.62013e-07 0.000125167 0.000154985 1.27061e-07 4.19043e-07 0.0537696 0.227187 9.5415e-05 0.718637 
0.0011552 0.317771 0.0132428 0.031988 7.66541e-08 2.52804e-07 0.00498841 0.0957675 0.420337 0.11475 
0.00395051 0.00101295 0.105803 0.0468659 5.48541e-10 1.80908e-09 0.0264929 0.572478 0.127047 0.116349 
0.0122765 0.000162811 0.0281922 0.0427329 8.20912e-05 0.0006187 0.0833089 0.00420555 0.0377513 0.790669 
0.015648 0.00287461 0.0936975 0.113427 6.20549e-05 9.16228e-05 0.0476074 0.0106024 0.163663 0.552326 
0.000384851 0.000333632 0.0372737 0.00302731 3.84005e-07 0.288153 0.116679 0.334258 0.0775036 0.142387 
0.000184756 0.0274568 0.173858 0.00728722 0.000100825 0.0030103 0.372837 0.263408 0.00813516 0.143722 
0.000253382 0.000654293 0.0116516 0.0391716 0.000109105 0.000560536 0.0102713 0.53257 0.147982 0.256777 
0.013033 1.99856e-07 0.0268898 0.00374805 2.70245e-08 3.60002e-06 0.000182829 0.163923 0.684584 0.107636 
0.0003259 0.000106742 0.00303783 0.0022806 1.09204e-07 2.08573e-07 0.00107166 0.692913 0.289078 0.0111852 
0.0879211 0.000957191 0.127292 0.103961 5.60651e-08 0.000114907 0.105322 0.0592593 0.172799 0.342373 
0.00372385 0.000572462 0.0535473 0.00463942 0.000339037 0.000586364 0.126636 0.136203 0.0492742 0.624478 
0.0131163 0.000117518 0.406265 0.204053 0.000113022 0.000991988 0.100746 0.00557541 0.0584147 0.210607 
0.000425813 4.99632e-07 0.564249 0.236488 2.84855e-07 0.145657 0.00367718 0.00171193 0.00898097 0.0388089 
0.00514342 0.00028893 0.0743769 0.478957 9.97785e-05 0.000316318 0.0267971 0.0150319 0.110225 0.288764 
0.0440872 0.00160052 0.165082 0.0232268 0.000907923 0.000984829 0.41111 0.0474297 0.0478168 0.257754 
0.00421815 0.00605098 0.0893059 0.0559279 0.00351531 0.015051 0.0669565 0.238047 0.0854061 0.435521 
0.00267859 0.00233054 0.260858 0.040738 0.000160052 0.00296775 0.110668 0.405048 0.0588907 0.115661 
2.20317e-06 7.05139e-08 0.0837322 0.0419928 1.93924e-08 6.39557e-08 0.788044 0.0359319 0.0445325 0.00576469 
0.0339265 0.0343629 0.159826 0.0251627 0.000368443 0.00108278 0.012214 0.0689756 0.0291833 0.634898 
0.00991031 0.00034838 0.135793 0.00176367 2.00781e-05 5.94204e-05 0.0281233 0.0197326 0.083813 0.720437 
0.0406167 0.000109399 0.243686 0.00385209 4.43111e-05 9.31126e-05 0.0165734 0.0197386 0.0939839 0.581302 
9.96606e-05 2.23153e-07 0.987924 0.000290911 6.13705e-08 6.0922e-05 0.000741713 0.00668881 0.00230659 0.00188734 
0.202741 3.95169e-05 0.302642 0.00190198 1.28824e-05 1.92162e-05 0.249916 0.0388901 0.0374074 0.16643 
0.0429364 0.000684004 0.11731 0.00809941 0.000435058 0.000902486 0.0213967 0.13239 0.398649 0.277198 
0.00715524 0.0370445 0.256427 0.0570613 3.6743e-05 0.00420556 0.258809 0.0923377 0.0754453 0.211478 
0.00336432 1.27249e-06 0.00371588 0.52565 8.83934e-10 2.9152e-09 0.0480804 0.242585 0.0776242 0.0989787 
0.0520763 0.0614548 0.00425032 0.0325899 0.00252666 0.229195 0.0105707 0.417809 0.0465016 0.143025 
0.094422 0.0176052 0.0262739 0.0186874 5.88939e-05 0.000195398 0.00374827 0.0758936 0.700313 0.0628025 
0.00212063 0.000271747 0.740936 0.00228633 6.63886e-07 2.85382e-06 2.00012e-05 0.0828743 0.0216877 0.1498 
0.107263 0.000308974 0.026007 0.0327678 5.61527e-06 1.14423e-05 0.000924717 0.0739572 0.652308 0.106446 
0.000408399 0.00634532 0.364712 0.166309 1.35449e-05 6.21345e-05 0.162973 0.132415 0.0988518 0.0679092 
0.000938243 0.0746974 0.0469065 0.0343773 7.38658e-05 0.000448325 0.0889609 0.521814 0.0807155 0.151068 
0.0121868 0.0233672 0.0272633 0.0128639 0.000540149 0.00758949 0.00549778 0.661699 0.146999 0.101994 
0.00387401 0.000452553 0.0719531 0.319376 7.15698e-05 0.000189227 0.0784401 0.0716797 0.108582 0.345381 
0.00264319 0.000151044 0.649362 0.0249285 3.20781e-05 0.000164398 0.0642822 0.0373887 0.0162635 0.204784 
0.00877106 0.00231381 0.164009 0.0152385 0.000117469 0.000147781 0.0817015 0.0158555 0.0286983 0.683147 
0.00088269 0.00132991 0.117248 0.00530977 0.000828521 0.046714 0.0863068 0.1757 0.00539773 0.560283 
0.00838327 1.51951e-05 0.686239 0.081886 3.13036e-08 5.70091e-07 0.00962498 0.0018803 0.00533858 0.206632 
0.0235614 0.00110847 0.359958 0.0527503 0.000887868 0.0648404 0.170285 0.00423573 0.0115804 0.310793 
0.0009259 0.000182054 0.0516543 0.0159476 0.000156042 0.000303954 0.413727 0.116901 0.299141 0.101061 
0.014076 0.000124225 0.0861441 0.0614689 1.45279e-06 2.18678e-06 0.0607461 0.14988 0.199061 0.428496 
0.0410339 0.00334636 0.0373688 0.0110754 0.001458 0.0135182 0.0362827 0.0446243 0.530751 0.280542 
0.0211643 0.000193459 0.0483959 0.0220961 9.50414e-05 0.00024288 0.0126342 0.0158502 0.0159031 0.863425 
0.000128138 2.23534e-05 0.040513 0.00567021 6.28657e-06 6.68642e-05 0.825601 0.00705625 0.0197628 0.101173 
3.05921e-08 7.5404e-08 0.022343 4.01884e-07 1.09086e-11 1.43941e-07 0.916444 0.0428429 0.000642622 0.017727 
0.000932224 0.000741695 0.625357 0.000325114 4.1693e-06 7.99221e-06 0.0608781 0.0545797 0.033545 0.223629 
0.0081815 0.000996976 0.0625307 0.0545315 0.000652958 0.00103167 0.112189 0.0167735 0.00965894 0.733454 
0.00116071 0.00119085 0.256341 0.141148 1.91322e-05 0.0015981 0.113005 0.0143181 0.053061 0.418158 
8.61308e-07 3.20545e-08 0.803462 0.0950724 9.68624e-13 7.67001e-09 3.05432e-07 2.40615e-08 2.54332e-08 0.101464 
0.000590759 0.00385851 0.0163839 0.000782635 1.40515e-07 2.09768e-07 0.0387352 0.173044 0.766099 0.000505483 
0.131295 0.000276995 0.138706 0.0376821 0.000136913 0.000270415 0.0124677 0.0111415 0.173123 0.4949 
0.000874418 0.000431315 0.0491125 0.155097 0.000166001 0.000203003 0.293511 0.0019232 0.14111 0.357571 
8.23709e-06 0.0345867 0.0085468 0.4442 1.3865e-06 0.0319871 0.0798047 0.000367773 0.0635157 0.336982 
0.954349 4.3938e-07 0.00150552 0.00203623 5.13648e-13 1.85283e-09 0.00081512 0.000773998 0.0353368 0.00518323 
0.00124151 0.0011115 0.410798 0.000255273 2.53593e-06 3.44964e-05 0.00130831 0.0217933 0.0271803 0.536275 
0.000434749 0.0024337 0.100219 0.11424 8.59811e-05 0.00483054 0.00719458 0.521409 0.0590092 0.190143 
0.0193016 0.00210422 0.424418 0.0439182 0.000145228 0.0674619 0.0444522 0.304308 0.0218946 0.0719961 
0.0148574 0.0209292 0.354837 0.0030703 0.0010657 0.00364332 0.0455731 0.0490359 0.205022 0.301966 
0.0289073 0.00538301 0.150325 0.278037 0.00153169 0.0158139 0.0311221 0.0214449 0.0509381 0.416496 
0.0465641 0.0219323 0.314598 0.0295393 5.26008e-05 0.000196452 0.100233 0.0666616 0.101387 0.318835 
3.19109e-05 8.97117e-07 0.00260582 0.00157721 7.74205e-07 2.82414e-06 0.000200115 0.298433 0.671861 0.0252867 
0.000239589 1.88666e-05 0.2196 0.0906996 1.77344e-05 0.000133445 0.209047 0.000637919 0.0165367 0.463069 
0.0328504 0.0135882 0.00659952 0.0172251 0.000267451 0.00412183 0.0192024 0.0255147 0.834457 0.0461729 
1.21529e-07 2.2551e-08 7.4691e-07 0.00803066 2.95186e-12 9.73516e-12 0.00922607 0.00103698 0.00966532 0.97204 
0.00224858 2.32665e-05 4.3863e-06 1.47653e-06 3.53784e-07 7.29313e-07 0.0162102 0.0536778 0.860945 0.0668878 
0.0216053 4.48815e-06 0.00713106 0.0177095 7.8017e-08 2.57298e-07 0.925333 2.83886e-05 0.0152331 0.0129549 
0.00918356 0.186116 0.114266 0.0497646 0.00162796 0.0201081 0.216045 0.189293 0.162893 0.0507027 
0.00129551 0.00196383 0.0616021 0.0098989 0.000607486 0.0326293 0.00904666 0.274105 0.150624 0.458227 
0.0128272 0.00257011 0.011699 0.00169334 0.000140379 0.000265912 0.0115658 0.753637 0.0929253 0.112676 
0.00348985 8.98187e-05 0.027898 0.00137587 1.45357e-05 3.65515e-05 0.00353268 0.602812 0.306746 0.0540049 
0.00305045 3.71727e-05 0.00711747 0.000693064 1.0223e-05 0.00651073 0.0126927 0.0146014 0.953309 0.00197785 
0.000133767 4.96688e-07 0.00136125 0.78566 1.36597e-07 4.50493e-07 0.0171936 0.00143904 0.000783604 0.193428 
0.0175762 0.00143502 0.0442306 0.0173233 0.000695412 0.00898052 0.0715707 0.197673 0.532529 0.107986 
0.00276835 0.000161101 0.0677868 0.121114 4.72237e-05 0.000111408 0.062116 0.0087949 0.0618729 0.675227 
0.948736 8.2395e-07 0.00271125 0.00280086 5.18063e-13 2.10314e-07 0.00156066 0.0010415 0.0367277 0.00642062 
0.000610284 0.0010546 0.0573435 0.0499396 0.000309991 0.000593088 0.0194933 0.823803 0.0232769 0.0235759 
0.380282 4.04097e-05 0.00672507 0.0652871 1.50639e-05 4.16598e-05 0.000524792 0.0299173 0.462047 0.0551196 
0.00124112 4.48281e-06 0.0767467 0.00114551 3.46192e-07 0.0100918 0.0748494 0.818691 0.00637996 0.0108497 
0.000850479 4.70223e-08 0.236073 0.297003 5.61672e-12 0.000896463 0.180096 0.000110572 0.0133583 0.271613 
0.00870711 0.00273704 0.27451 0.0014919 0.000182627 0.000229234 0.0882156 0.0189802 0.0751597 0.529787 
0.0389039 0.000596171 0.0296769 0.0465708 0.00015688 0.000755087 0.0559112 0.0197672 0.206271 0.601391 
0.000342789 0.00193354 0.752201 0.134304 0.000153906 0.000419736 0.00988061 0.0238683 0.0052029 0.0716934 
0.00155612 0.000448961 0.0813642 0.055237 7.44618e-05 0.00367889 0.0253605 0.569632 0.165282 0.0973659 
3.29162e-06 0.56983 0.104813 0.0181025 4.58622e-07 9.49696e-05 0.0123907 0.127882 0.110522 0.0563606 
