0.0105881 0.000784248 0.298493 0.0441418 0.00650611 0.000130087 0.047069 0.2471 0.065355 0.279833 
0.00348778 0.000866715 0.492386 0.119404 6.54216e-05 4.50956e-05 0.0261478 0.0136975 0.100935 0.242964 
0.00162803 4.72306e-10 0.128968 7.73992e-08 0.000447397 4.28379e-10 5.82463e-05 0.73567 0.116995 0.0162331 
0.000920982 8.10366e-05 0.173948 0.130941 0.00187578 7.28948e-06 0.0608375 0.115602 0.321191 0.194597 
0.00169352 6.49894e-06 0.194916 0.312277 0.000616937 2.07144e-06 0.164268 0.0314721 0.121063 0.173685 
0.00907521 0.0187126 0.0131773 0.798616 0.00258328 1.32838e-05 0.000810657 0.0085367 0.103452 0.0450233 
0.00744837 0.00239149 0.355077 0.0511102 0.00211218 3.17498e-05 0.0544942 0.00925088 0.0200235 0.49806 
0.0103466 0.0210904 0.0612819 0.081411 0.411239 9.02066e-05 0.0113822 0.143557 0.0456013 0.214 
0.00063274 0.000305091 0.863817 0.0752387 9.76273e-06 8.0988e-08 0.00868376 0.000760606 0.000470708 0.0500813 
0.000593056 0.000844506 0.138975 0.0515481 0.028753 1.1237e-05 0.562757 0.0376883 0.0261038 0.152727 
0.00362226 0.00266386 0.053735 0.230009 0.000191989 1.56405e-05 0.152931 0.00369331 0.0391635 0.513975 
0.0002185 0.00506557 0.224932 0.433352 0.0510112 4.35875e-05 0.0203938 0.182494 0.0103562 0.0721324 
0.00106971 2.84181e-05 0.418476 0.00808303 0.00019149 2.4224e-06 0.00263407 0.50191 0.0276772 0.0399276 
0.0312311 9.71932e-05 0.0228025 0.00850529 0.000174026 4.10564e-10 0.00103672 0.347381 0.181115 0.407657 
0.00421392 9.54914e-05 0.103943 0.0881303 0.00534261 7.78278e-05 0.701946 0.013632 0.0169775 0.0656416 
0.000450477 0.00059115 0.0308141 0.0569319 7.71098e-05 1.2798e-07 0.00379194 0.0168 0.751693 0.138851 
0.0123517 0.0181557 0.365959 0.0954858 0.160742 0.00496962 0.0221916 0.212918 0.0708775 0.0363486 
0.141516 0.000296472 0.0763617 0.0262457 0.00195161 4.30273e-06 0.00472409 0.546002 0.164653 0.0382449 
0.0472592 2.86108e-09 0.0213084 0.0516116 4.27651e-05 2.59498e-09 0.0153226 0.0442029 0.702333 0.117919 
0.0111533 0.00377276 0.182445 0.176363 0.0793058 0.00034804 0.0241192 0.097751 0.0977395 0.327002 
0.0058851 0.00046703 0.23454 0.201333 0.000114496 2.68598e-06 0.00955249 0.291603 0.0994865 0.157016 
0.0018018 0.00257647 0.171733 0.0641226 0.000127463 5.67538e-05 0.0306114 0.00140385 0.0765913 0.650975 
0.00852865 0.0011605 0.0329273 0.00743129 0.00124594 0.000274504 0.00215819 0.0257909 0.824864 0.0956191 
3.71906e-05 0.000441318 0.00492593 0.00324989 0.986619 2.34409e-07 0.000658528 0.000266817 0.000340635 0.00346029 
0.000227613 5.86174e-05 0.0404732 0.0231154 0.000997968 5.18922e-06 0.00610296 0.0224973 0.0351465 0.871375 
0.0082231 0.000372175 0.000632017 0.523733 0.00987149 2.19794e-07 0.0063125 0.000961367 0.0143688 0.435525 
0.000465116 4.05068e-07 0.00497368 0.0601324 3.46517e-05 9.63699e-09 0.0232616 0.0241195 0.839017 0.0479958 
0.0112699 3.85095e-06 0.126383 0.000423432 0.000272624 2.32295e-07 0.0208777 0.385703 0.31207 0.142996 
0.0245613 6.71619e-05 0.0120701 0.0184925 0.000206479 1.26594e-06 0.784292 0.000970859 0.00690046 0.152438 
0.00380181 0.000977121 0.00433426 0.219646 0.60544 2.38265e-06 0.00447608 0.00219245 0.00724819 0.151882 
3.71906e-05 0.000441318 0.00492593 0.00324989 0.986619 2.34409e-07 0.000658528 0.000266817 0.000340635 0.00346029 
3.71906e-05 0.000441318 0.00492593 0.00324989 0.986619 2.34409e-07 0.000658528 0.000266817 0.000340635 0.00346029 
0.00559843 0.00942402 0.0925032 0.0192579 0.00649313 6.91726e-06 0.0233074 0.443422 0.0202304 0.379756 
0.000421322 7.31904e-05 0.000549351 0.658554 0.00479548 2.26204e-08 0.00562644 0.000135848 0.0883786 0.241466 
0.00444535 1.60693e-07 0.0185348 0.00279027 5.60003e-06 1.08976e-07 0.000163967 0.0482442 0.0588178 0.866998 
0.00529509 6.45304e-05 0.0158478 0.0438948 0.000399732 7.92349e-10 0.00728858 0.00193907 0.0244838 0.900787 
0.0130428 8.6265e-05 0.0622891 0.0678659 2.86039e-05 4.46587e-06 0.015919 0.0446185 0.684252 0.111893 
3.71906e-05 0.000441318 0.00492593 0.00324989 0.986619 2.34409e-07 0.000658528 0.000266817 0.000340635 0.00346029 
3.71906e-05 0.000441318 0.00492593 0.00324989 0.986619 2.34409e-07 0.000658528 0.000266817 0.000340635 0.00346029 
0.00886345 0.0197585 0.0552855 0.126316 0.00379914 0.000903183 0.021905 0.433926 0.253926 0.0753165 
0.0130489 0.00058175 0.266931 0.0515598 0.000291421 6.03326e-07 0.441956 0.000507048 0.0100529 0.215071 
0.030663 0.000133724 0.0881925 0.0428635 0.00241343 8.90195e-07 0.0183605 0.597881 0.0425286 0.176963 
0.0245734 0.00160776 0.123575 0.191978 0.038865 3.94573e-06 0.00502172 0.245316 0.0676999 0.301359 
0.00527676 0.000403167 0.488765 0.0410955 0.00656598 1.16629e-05 0.0142467 0.048545 0.0279522 0.367138 
0.00072513 1.15239e-05 0.01106 0.111876 3.76866e-05 1.90372e-08 0.0210281 0.00126681 0.021518 0.832476 
0.00832706 0.227111 0.0989219 0.0538583 0.000829258 3.43566e-05 0.0340752 0.286513 0.138551 0.151779 
0.0156112 0.00808944 0.196204 0.0805841 0.00216396 2.11008e-05 0.0206331 0.466162 0.0968425 0.113688 
0.00170556 1.60599e-06 8.41057e-07 0.0506534 1.359e-06 7.35855e-08 0.000622763 0.00305504 0.927732 0.0162276 
0.00308193 0.000706909 0.0536592 0.0267379 0.226871 1.21126e-05 0.034313 0.0265078 0.0104055 0.617705 
0.00683915 0.000360851 0.0507848 0.0744388 0.000762144 1.09963e-07 0.00145233 0.710821 0.0953115 0.0592294 
0.0343736 9.72267e-07 0.0269091 0.0117475 7.23364e-05 8.8184e-07 0.0138532 0.895398 0.00641149 0.011233 
0.0384691 0.000287326 0.00341165 0.0105039 0.000128015 2.07069e-05 0.011535 0.00297511 0.0820939 0.850575 
0.0326448 0.00644035 0.320363 0.0467293 0.000294743 2.77147e-05 0.116902 0.0983356 0.135649 0.242614 
0.0104604 0.0073205 0.0608995 0.126914 0.000115064 4.49449e-08 0.0332004 0.0009083 0.651046 0.109136 
0.00444041 0.00289907 0.615994 0.0736181 0.0185369 0.000260454 0.0590547 0.132847 0.0101058 0.082244 
8.26778e-05 5.46347e-09 0.0675832 0.000144221 1.14668e-05 1.91226e-10 0.000245561 0.011859 0.00937538 0.910699 
0.00144479 0.000197686 0.0680285 0.102419 6.38306e-05 3.82516e-12 0.035205 0.153633 0.0923194 0.546689 
0.0849389 0.00168592 0.0513815 0.0176949 0.00374504 0.000270817 0.0170107 0.029616 0.677307 0.116349 
0.105755 2.06826e-07 0.159833 0.000150742 0.000161054 2.96788e-09 0.00124382 0.0116706 0.252599 0.468587 
6.67921e-05 6.80412e-06 0.00654267 0.151247 2.45662e-05 6.17373e-10 0.00626207 0.000205137 0.00241698 0.833228 
0.00472991 4.6816e-05 0.0409394 0.0791792 7.19443e-05 4.0524e-08 0.0732373 0.00212677 0.0267338 0.772935 
0.0131464 1.89149e-05 0.14217 0.0464638 0.630206 7.48041e-10 0.02755 0.0230282 0.00511423 0.112302 
0.0168917 0.00415225 0.52461 0.00491645 7.19533e-05 1.98308e-06 0.0262362 0.02993 0.0413383 0.351851 
3.71906e-05 0.000441318 0.00492593 0.00324989 0.986619 2.34409e-07 0.000658528 0.000266817 0.000340635 0.00346029 
0.00881887 0.00162221 0.0204953 0.194195 8.80488e-05 2.30337e-05 0.0613934 0.12482 0.126563 0.461981 
0.000615099 4.55439e-05 0.0858789 0.134575 2.86156e-05 1.37294e-06 0.00935712 0.0146176 0.0174972 0.737383 
0.00257555 5.97836e-06 0.0075216 0.00251557 7.21335e-05 5.21924e-07 0.00109491 0.00589012 0.943759 0.0365644 
0.00151357 2.93475e-05 0.030885 0.00215316 0.000142086 1.66848e-05 4.81131e-05 0.94763 0.0175235 5.81351e-05 
3.71906e-05 0.000441318 0.00492593 0.00324989 0.986619 2.34409e-07 0.000658528 0.000266817 0.000340635 0.00346029 
0.040016 0.00158775 0.234495 0.188246 0.0616355 7.82545e-08 0.00101481 0.434532 0.0281775 0.0102951 
0.00680198 0.000545079 0.0383418 0.00031159 0.000472705 1.47062e-06 0.00367098 0.623419 0.25831 0.0681254 
0.0368864 0.640093 0.0223337 0.0234265 4.19512e-05 2.40246e-09 0.00524296 0.00338259 0.133948 0.134645 
0.00960145 6.20407e-08 0.0423377 0.001846 3.42705e-05 1.22755e-08 0.00231406 0.795769 0.0229631 0.125134 
0.020983 2.2199e-06 0.230371 0.00150636 4.43089e-05 1.53549e-07 0.000386296 0.000782097 0.104543 0.641382 
0.00281854 0.0194899 0.195417 0.173419 0.0292113 0.00132956 0.0560149 0.154728 0.0940716 0.2735 
3.71906e-05 0.000441318 0.00492593 0.00324989 0.986619 2.34409e-07 0.000658528 0.000266817 0.000340635 0.00346029 
0.0213113 0.0394541 0.195026 0.00844511 0.000250014 2.92407e-06 0.000158572 0.0106737 0.0231805 0.701498 
0.000460824 7.76976e-07 0.00672512 0.0454755 9.06447e-06 2.63157e-10 0.0499574 0.159099 0.439093 0.299179 
0.096507 8.34327e-06 0.202604 0.0198351 6.07606e-06 4.46622e-09 0.00483724 0.00221992 0.15688 0.517103 
0.00058273 4.59849e-07 0.000674378 0.239597 0.000115599 4.1708e-07 0.00149424 0.466851 0.284637 0.00604712 
0.000809575 0.00408127 0.651242 0.0875297 0.000349886 0.000123389 0.126192 0.0345104 0.0127664 0.0823952 
0.0595324 2.2147e-06 0.0672498 0.284046 0.00368328 1.03565e-06 0.0255447 0.162334 0.306663 0.0909432 
0.00451518 0.000312673 0.00428481 0.814396 0.00206186 4.64488e-06 0.00339388 0.00266317 0.0167483 0.15162 
0.0357045 0.0236647 0.314316 0.0381421 0.0046406 4.8012e-06 0.0214958 0.0413954 0.0952486 0.425387 
0.000320855 0.00231585 0.00676159 0.00197112 9.27664e-06 4.56418e-08 0.0355475 0.0103497 0.0123139 0.93041 
0.0140784 0.0130477 0.00779405 0.0121765 0.000324371 3.43197e-05 0.0145068 0.0495182 0.0876272 0.800892 
0.00410665 0.00294623 0.096533 0.0723668 0.002532 8.61338e-06 0.00884776 0.171107 0.225263 0.416289 
0.00188003 6.7728e-12 5.63304e-05 1.01776e-05 0.99149 6.14289e-12 2.82928e-05 0.00227081 0.0040069 0.000257444 
0.0513864 0.0129412 0.675893 0.177444 0.000699847 1.80571e-06 0.00320552 0.00701455 0.000773857 0.0706402 
0.0238765 0.00366965 0.00664888 0.000103228 0.000137551 4.85439e-06 0.000188546 0.000480904 0.913076 0.0518139 
0.000278145 0.000429068 0.0009092 0.0037434 0.00504845 3.29563e-06 0.0039501 0.930713 0.00434621 0.0505789 
0.00546277 0.00131981 0.779293 0.127362 0.000121764 2.8402e-07 0.00227543 0.00136919 0.00701211 0.0757846 
0.0289748 0.0123449 0.32059 0.150529 0.0504391 0.000898328 0.0448883 0.0663437 0.0271968 0.297795 
0.00718812 0.000588982 0.37665 0.0190058 9.17612e-05 5.88024e-05 0.012582 0.21933 0.0609713 0.303533 
3.71906e-05 0.000441318 0.00492593 0.00324989 0.986619 2.34409e-07 0.000658528 0.000266817 0.000340635 0.00346029 
0.00722689 0.0208564 0.0558678 0.0205809 0.0268175 0.000408399 0.635294 0.00504106 0.100649 0.127257 
0.947396 2.27729e-07 0.00505807 0.000491504 0.000239913 2.79784e-12 2.27656e-08 0.00535951 0.0363254 0.00512948 
0.087924 4.12316e-05 0.248803 0.0943813 0.0123615 2.33391e-11 0.071352 0.295546 0.132563 0.0570278 
3.71906e-05 0.000441318 0.00492593 0.00324989 0.986619 2.34409e-07 0.000658528 0.000266817 0.000340635 0.00346029 
0.00210245 0.000158391 0.0419853 0.056899 3.74115e-05 2.84356e-07 0.604674 0.0335229 0.0716415 0.188979 
0.0233147 0.00165699 0.230491 0.296292 0.0900519 0.000948214 0.0118651 0.0418042 0.167422 0.136154 
6.76751e-05 0.000421664 0.0115258 0.157518 0.798317 1.15683e-07 0.00112635 0.012427 0.00719014 0.0114062 
0.145249 4.91442e-12 0.319559 0.0952542 8.28347e-05 4.45735e-12 0.150851 0.0040642 0.0386678 0.246272 
0.0204372 1.51042e-05 0.227347 0.0439928 3.76739e-05 6.20999e-08 0.0462074 0.441896 0.184272 0.0357954 
3.71906e-05 0.000441318 0.00492593 0.00324989 0.986619 2.34409e-07 0.000658528 0.000266817 0.000340635 0.00346029 
0.0176121 0.0196132 0.188122 0.0195332 0.000436329 0.000228989 0.0783578 0.169973 0.0862188 0.419905 
3.71906e-05 0.000441318 0.00492593 0.00324989 0.986619 2.34409e-07 0.000658528 0.000266817 0.000340635 0.00346029 
0.00188003 6.7728e-12 5.63304e-05 1.01776e-05 0.99149 6.14289e-12 2.82928e-05 0.00227081 0.0040069 0.000257444 
0.0121097 0.000346872 0.0626844 0.0829559 0.00421264 4.39543e-06 0.0216952 0.148574 0.0945527 0.572864 
0.000232936 0.000265649 0.11903 0.564064 0.00124751 9.19385e-07 0.0939643 0.0309311 0.00437697 0.185886 
0.000742429 0.000134095 0.523849 0.228364 0.00209857 5.69151e-07 0.0171402 0.00481922 0.0119158 0.210936 
0.0245613 6.71619e-05 0.0120701 0.0184925 0.000206479 1.26594e-06 0.784292 0.000970859 0.00690046 0.152438 
7.29349e-05 6.56106e-05 0.0501802 0.000524914 3.4019e-05 1.10272e-05 0.00101245 0.0462024 0.00551115 0.896385 
3.71906e-05 0.000441318 0.00492593 0.00324989 0.986619 2.34409e-07 0.000658528 0.000266817 0.000340635 0.00346029 
3.71906e-05 0.000441318 0.00492593 0.00324989 0.986619 2.34409e-07 0.000658528 0.000266817 0.000340635 0.00346029 
0.0975085 1.87565e-09 0.0141457 0.000365992 6.95028e-07 1.7012e-09 0.291722 0.0038022 0.00675445 0.5857 
0.0460539 0.000815969 0.0395159 0.0251375 0.00374211 0.000130851 0.0266468 0.329265 0.476462 0.0522302 
0.00188003 6.7728e-12 5.63304e-05 1.01776e-05 0.99149 6.14289e-12 2.82928e-05 0.00227081 0.0040069 0.000257444 
0.000327874 0.000317056 0.0156668 0.157256 0.00198276 7.66053e-06 0.0946116 0.00519801 0.0158011 0.708831 
0.00461992 9.15723e-06 0.00565402 0.00356927 0.000218175 1.13709e-08 0.00504982 0.001673 0.0043226 0.974884 
0.00377161 4.23834e-09 0.011395 0.000400346 5.53833e-05 3.44966e-09 0.00138935 0.00322689 0.929663 0.0500979 
3.20367e-06 4.00617e-07 0.498975 0.198288 1.67727e-07 1.26717e-08 0.0163714 0.0113553 0.0715913 0.203415 
4.28376e-06 0.00242786 0.241014 0.507273 0.152845 3.23361e-11 0.0108748 0.037919 0.000534864 0.0471078 
3.71906e-05 0.000441318 0.00492593 0.00324989 0.986619 2.34409e-07 0.000658528 0.000266817 0.000340635 0.00346029 
0.848636 7.83003e-05 0.0273321 0.00134215 0.000195715 3.66168e-07 0.000268584 0.00857044 0.0762565 0.0373196 
0.00137214 0.00116038 0.0579078 0.0164104 0.00140157 1.27053e-07 0.00322402 0.032734 0.0970896 0.7887 
0.0365865 0.000121274 0.272314 0.0273216 0.000102863 1.49599e-06 0.124251 0.0126456 0.0355575 0.491098 
0.0242941 0.00664899 0.000453606 0.025255 0.000126135 6.60681e-08 0.022422 0.00184379 0.867672 0.0512845 
0.00188003 6.7728e-12 5.63304e-05 1.01776e-05 0.99149 6.14289e-12 2.82928e-05 0.00227081 0.0040069 0.000257444 
0.0368864 0.640093 0.0223337 0.0234265 4.19512e-05 2.40246e-09 0.00524296 0.00338259 0.133948 0.134645 
0.000549498 4.89659e-05 0.0242977 0.00175032 0.00920063 2.9145e-05 0.00705024 0.873975 0.0552086 0.0278896 
0.0400841 8.04582e-05 0.00163287 0.00202547 7.28081e-05 2.99679e-07 0.0080905 0.00365529 0.0685838 0.875774 
0.00370895 0.0534979 0.25623 0.0164586 0.00178184 1.49255e-06 0.00164182 0.524374 0.0354219 0.106883 
0.856624 2.49204e-10 0.0423076 0.000600339 3.43059e-05 4.56285e-11 0.0087164 0.000804178 0.0407093 0.0502035 
0.0164438 1.8934e-05 0.144516 0.00969624 0.000408678 1.20834e-08 0.529837 0.00689631 0.0389082 0.253275 
0.00662939 0.0791028 0.0596513 0.0212417 0.000453021 3.11023e-06 0.00015174 0.557524 0.153374 0.121869 
0.136833 0.00712951 0.0471255 0.0488696 0.000618042 2.90579e-08 0.0336042 0.0284806 0.408263 0.289076 
0.000312884 2.27424e-09 0.000791229 0.00908493 0.832633 2.06273e-09 0.000200057 0.131208 0.00760447 0.018165 
0.355806 0.246314 0.0015362 3.44318e-05 0.00041552 1.46052e-07 2.23779e-05 0.00105846 0.0507087 0.344103 
0.013632 0.104748 0.109222 0.14689 0.00612789 0.000428434 0.0065857 0.212761 0.107861 0.291744 
0.046514 0.000836736 0.0648112 0.0220106 0.013777 4.27676e-05 0.00771578 0.0483629 0.0936017 0.702327 
0.0726551 2.86064e-05 0.0232843 0.0054395 0.00257431 3.43379e-07 0.683485 0.000273377 0.0121542 0.200105 
0.00292653 0.00169085 0.018996 0.496892 0.046838 6.91168e-07 0.0046854 0.00869043 0.00869911 0.410581 
0.76972 0.000404765 0.175622 0.0143409 0.000195282 3.00911e-06 0.0109566 0.00201321 0.00293235 0.0238114 
0.00666225 0.0192803 0.00343635 2.18261e-05 0.000282224 1.43678e-05 0.000514447 0.871266 0.0652802 0.0332416 
7.31027e-06 6.254e-07 0.0491481 0.188848 0.00076773 5.96538e-09 0.0106562 0.000499146 0.0170423 0.733031 
0.00254949 0.000658217 0.0541921 0.316614 0.00435686 4.96246e-07 0.429154 0.116358 0.0204473 0.05567 
0.0142623 0.0283666 0.0842291 0.0301248 0.0295607 1.45947e-08 0.00545616 0.0223029 0.0813489 0.704349 
0.0222351 0.00977436 0.157146 0.0432246 0.0857035 0.00068353 0.0358176 0.00783026 0.0390771 0.598508 
0.0104743 0.000104869 0.385604 0.00129516 0.000197582 1.98115e-06 0.00470453 0.00956623 0.0595726 0.528479 
0.0357715 0.00415229 0.0106014 0.344105 0.170432 8.14683e-07 0.0178066 0.0162163 0.0116261 0.389287 
0.0716028 0.00721266 0.515061 0.0350524 0.014416 2.18783e-07 0.00548079 0.0222463 0.0780865 0.250841 
0.06741 4.51834e-06 0.0248816 0.0197439 0.000223403 1.19255e-09 0.000467101 0.0467976 0.82708 0.0133914 
9.25553e-05 0.000530577 0.0122416 0.217497 0.348226 7.00039e-11 0.0004911 0.0267359 0.308872 0.0853131 
0.000974139 1.83416e-05 0.00451385 0.00760998 0.891139 1.78081e-11 0.000307059 0.0494015 0.0347736 0.0112626 
0.0428945 0.00123218 0.0403645 0.0177821 0.00324847 4.84082e-05 0.0889048 0.0248848 0.146548 0.634092 
0.0161028 0.00787462 0.199536 0.0838065 0.00944064 0.00117144 0.0402178 0.0173421 0.0448716 0.579636 
0.000223451 2.82966e-06 0.0154786 0.117233 1.36083e-07 6.54272e-08 0.00921923 0.00648765 0.0370526 0.814302 
0.00451518 0.000312673 0.00428481 0.814396 0.00206186 4.64488e-06 0.00339388 0.00266317 0.0167483 0.15162 
3.71906e-05 0.000441318 0.00492593 0.00324989 0.986619 2.34409e-07 0.000658528 0.000266817 0.000340635 0.00346029 
0.0417249 0.00105795 0.440577 0.0577132 0.00161163 3.6898e-05 0.0233488 0.0114979 0.0276967 0.394735 
0.0104763 0.00165305 0.35961 0.332601 0.0266222 0.000443103 0.0301519 0.0243848 0.0224503 0.191607 
0.11745 0.0125309 0.0199875 0.0578635 0.0189137 5.64521e-07 0.0346807 0.033983 0.162236 0.542354 
0.0333516 0.000530569 0.324055 0.159748 0.000529393 2.52289e-05 0.0376043 0.0343318 0.0783618 0.331462 
0.0082231 0.000372175 0.000632017 0.523733 0.00987149 2.19794e-07 0.0063125 0.000961367 0.0143688 0.435525 
0.000731363 0.000338173 0.0134528 0.00171569 2.05225e-08 3.56753e-10 0.0230147 0.0391072 0.8954 0.0262398 
0.013642 8.85194e-08 0.2937 0.199292 0.000831696 4.19962e-11 0.031744 0.102679 0.0537743 0.304337 
0.0676832 0.0211241 0.0884349 0.0110831 0.014098 0.000295701 0.00564216 0.539037 0.213569 0.0390326 
0.0368864 0.640093 0.0223337 0.0234265 4.19512e-05 2.40246e-09 0.00524296 0.00338259 0.133948 0.134645 
0.0726551 2.86064e-05 0.0232843 0.0054395 0.00257431 3.43379e-07 0.683485 0.000273377 0.0121542 0.200105 
0.00440687 4.78183e-08 0.0095605 0.00220631 2.00479e-05 6.87445e-10 0.00583056 0.000473118 0.0253032 0.952199 
0.00257464 0.000856153 0.148634 0.0811816 0.00186694 0.000123184 0.0312454 0.0025923 0.102618 0.628309 
3.71906e-05 0.000441318 0.00492593 0.00324989 0.986619 2.34409e-07 0.000658528 0.000266817 0.000340635 0.00346029 
2.14623e-08 5.58366e-08 0.0477306 0.451446 1.62523e-05 4.65036e-11 0.0645695 0.000314658 0.000138767 0.435784 
0.000789823 4.19612e-05 0.173372 0.0157702 0.508137 7.12075e-08 0.0181117 0.15531 0.00268641 0.12578 
0.0457839 3.7513e-05 0.00110733 0.000797822 0.000100448 4.48619e-07 0.00312073 0.000772637 0.0357746 0.912505 
0.00316864 0.00121138 0.341271 0.0550838 0.00172734 0.000176737 0.0582182 0.273259 0.0478081 0.218077 
3.71906e-05 0.000441318 0.00492593 0.00324989 0.986619 2.34409e-07 0.000658528 0.000266817 0.000340635 0.00346029 
0.575292 9.81519e-08 0.000519328 0.00294214 0.00064497 7.09549e-11 0.00160699 0.128391 0.237116 0.053488 
3.71906e-05 0.000441318 0.00492593 0.00324989 0.986619 2.34409e-07 0.000658528 0.000266817 0.000340635 0.00346029 
0.0077518 0.000378187 0.072119 0.0408977 0.000114789 1.35579e-05 0.0789084 0.167929 0.2967 0.335188 
0.522385 7.81766e-06 0.000890658 0.000237903 0.000126536 9.27336e-08 0.00378389 0.00474995 0.42213 0.0456878 
0.0114136 0.000980569 0.143119 0.106757 0.568154 5.24146e-12 0.00776773 0.066247 0.0270912 0.0684694 
0.000769962 1.81623e-06 0.0437714 0.00924019 7.01459e-05 4.72451e-08 0.00437024 0.00407585 0.0231993 0.914501 
9.96811e-08 6.81496e-11 0.0162622 0.00353878 0.000774063 6.18113e-11 0.0516219 0.0123154 0.00270007 0.912787 
0.00068987 0.000392749 0.139724 0.517013 0.000453545 1.55513e-05 0.000855308 0.298862 0.0197075 0.0222859 
0.00349666 6.26305e-05 0.00744399 0.00730496 0.00019141 1.0419e-07 0.00902821 0.00362177 0.019134 0.949716 
0.271934 0.00136922 0.0350338 0.0237249 0.00385294 0.00025549 0.0116964 0.0713451 0.52972 0.0510686 
0.0198152 0.0102383 0.156041 0.16158 0.0281304 2.55077e-06 0.0528076 0.0990808 0.122082 0.350222 
0.000805953 0.00157446 0.00588693 0.20596 0.696155 8.3791e-07 0.00227876 0.00289888 0.00313536 0.0813042 
0.0402399 0.000989181 0.17466 0.334627 6.49876e-05 3.2284e-07 0.169194 0.00130374 0.027065 0.251856 
0.0121156 1.22904e-05 0.0757408 0.0409842 2.04607e-05 4.84689e-06 0.0486141 0.618585 0.107071 0.096852 
3.71906e-05 0.000441318 0.00492593 0.00324989 0.986619 2.34409e-07 0.000658528 0.000266817 0.000340635 0.00346029 
3.71906e-05 0.000441318 0.00492593 0.00324989 0.986619 2.34409e-07 0.000658528 0.000266817 0.000340635 0.00346029 
0.247126 0.000700686 0.17517 0.244936 0.000337135 0.00011235 0.0336267 0.0946761 0.145042 0.058273 
0.00707582 1.03608e-06 0.000498384 0.00279374 5.30587e-06 3.04359e-07 0.000555305 0.0745031 0.910878 0.00368932 
6.92699e-05 0.00011564 0.137338 0.00101336 2.77202e-06 1.2046e-10 0.00018837 0.0716362 0.657425 0.132211 
0.0363095 1.31107e-05 0.293279 0.0188943 3.23192e-06 8.44305e-07 0.00466359 0.00532259 0.0442934 0.59722 
0.0631155 0.00211027 0.132085 0.0685506 0.326955 5.06664e-06 0.00179205 0.275731 0.0243767 0.105279 
0.000323153 5.80057e-06 0.0568316 0.121988 4.23303e-05 1.48007e-09 0.00680787 0.0141788 0.166313 0.63351 
0.0461244 0.00684292 0.475851 0.136746 0.0346982 0.00029499 0.0863294 0.113186 0.0275143 0.0724123 
0.0626331 0.000409848 0.0123493 0.0202745 1.39855e-05 1.05126e-08 0.00190491 0.00674211 0.885969 0.0097031 
0.0458877 7.15447e-05 0.256347 0.00190461 0.000346718 6.35959e-08 0.000799745 0.018051 0.270506 0.406086 
0.0146887 4.97636e-08 0.0032644 0.000155044 3.65496e-05 7.1363e-10 0.0003859 0.00148109 0.0762027 0.903786 
0.158667 0.00374492 0.274742 0.134255 0.0466391 0.000993921 0.0574553 0.146699 0.0929346 0.0838691 
0.000718332 0.000366821 0.258148 0.0191224 0.114959 0.000107833 0.0028219 0.522663 0.0179893 0.0631037 
0.0923583 0.000125199 0.03601 0.00184307 0.000185058 2.67339e-12 0.00922571 0.00586322 0.843195 0.0111943 
8.30788e-05 0.000733636 0.00981776 0.0114145 2.22499e-05 4.36574e-07 7.95573e-05 0.432124 0.194265 0.35146 
0.0246101 0.0967064 0.276544 0.0435523 0.00945907 0.000462032 0.0329268 0.0320038 0.306589 0.177146 
3.71906e-05 0.000441318 0.00492593 0.00324989 0.986619 2.34409e-07 0.000658528 0.000266817 0.000340635 0.00346029 
3.71906e-05 0.000441318 0.00492593 0.00324989 0.986619 2.34409e-07 0.000658528 0.000266817 0.000340635 0.00346029 
0.0314165 0.00269025 0.0213199 0.0190642 0.000273257 3.79827e-05 0.016816 0.0360245 0.799856 0.0725018 
0.000485341 8.88655e-05 0.0673192 0.0844092 0.000227524 2.13654e-07 0.744425 0.0189307 0.0265258 0.0575878 
0.0368864 0.640093 0.0223337 0.0234265 4.19512e-05 2.40246e-09 0.00524296 0.00338259 0.133948 0.134645 
0.00101528 0.000357304 0.0055037 0.00324707 0.958411 6.41052e-08 0.00873303 0.0101959 0.00489833 0.00763793 
0.00805705 0.00042501 0.13683 0.17236 0.00402171 2.18515e-05 0.0339618 0.0461128 0.0670141 0.531195 
0.0173113 3.89636e-06 0.0524466 0.0516422 5.79875e-05 1.29704e-06 0.00878373 0.355922 0.371335 0.142496 
0.0798949 2.74229e-05 0.068482 0.0126793 0.677596 1.2925e-12 0.0016601 0.0673296 0.0318008 0.0605296 
0.0154955 0.000571967 0.491888 0.124316 8.81819e-05 2.7488e-06 0.0487154 0.00446701 0.0318167 0.282639 
2.08633e-07 5.21262e-07 0.0152187 0.0110758 0.00117062 5.57495e-10 0.000163114 0.945684 0.00486055 0.0218264 
0.0469502 0.530647 0.0408373 0.0256663 0.0612806 5.14055e-08 0.00202726 0.0439085 0.163364 0.0853183 
0.0354924 0.000258171 0.0525014 0.0325159 0.0171474 7.73061e-07 0.0268005 0.0299227 0.704431 0.100929 
0.0585283 0.00353573 0.0985311 0.0275168 0.00334229 2.20726e-05 0.0125761 0.0169678 0.121649 0.657331 
0.026476 0.00025132 0.133074 0.461262 0.000842342 7.91299e-06 0.0160348 0.0309538 0.0361613 0.294937 
3.71906e-05 0.000441318 0.00492593 0.00324989 0.986619 2.34409e-07 0.000658528 0.000266817 0.000340635 0.00346029 
0.00275188 8.41416e-06 0.0170725 0.0129189 3.36517e-06 2.7075e-07 0.133509 0.00838382 0.341694 0.483657 
0.00952879 0.00275215 0.158418 0.0830978 0.125373 0.00100545 0.0255381 0.142748 0.0497913 0.401747 
0.145249 4.91442e-12 0.319559 0.0952542 8.28347e-05 4.45735e-12 0.150851 0.0040642 0.0386678 0.246272 
0.739451 0.000868585 0.0232384 0.00977535 1.04182e-05 4.6215e-10 0.00786671 0.0056617 0.181682 0.031446 
0.0165473 0.000171219 0.0414004 0.0171103 0.000381459 1.64435e-05 0.0651872 0.0961315 0.0304482 0.732606 
0.000724012 0.0114031 0.738925 0.0945631 0.000152717 7.73787e-07 0.0029041 0.00390728 0.0133137 0.134106 
3.71906e-05 0.000441318 0.00492593 0.00324989 0.986619 2.34409e-07 0.000658528 0.000266817 0.000340635 0.00346029 
0.427765 0.0159041 0.00562143 0.000356998 0.000247822 4.69028e-07 0.000523571 0.0169999 0.487287 0.0452932 
0.112336 0.00186203 0.01108 0.0106171 2.86671e-05 6.61445e-08 0.150746 0.000968706 0.584443 0.127919 
0.000599101 1.2973e-05 0.0933208 0.0230203 0.000113587 2.19332e-07 0.0172299 0.442032 0.107926 0.315745 
1.4731e-06 7.3247e-09 0.25482 0.00953388 0.000279813 9.47712e-12 0.015551 0.187932 0.0162252 0.515656 
0.184143 2.32557e-05 0.0587142 0.0735877 0.000505573 1.88398e-06 0.0092871 0.0204404 0.0692484 0.584049 
0.0747757 0.000689155 0.181383 0.0186989 0.126181 1.78509e-06 0.0191888 0.147816 0.208082 0.223183 
3.71906e-05 0.000441318 0.00492593 0.00324989 0.986619 2.34409e-07 0.000658528 0.000266817 0.000340635 0.00346029 
0.0510474 0.0109622 0.0495161 0.305669 0.00197098 1.48035e-05 0.103303 0.101506 0.118936 0.257075 
3.71906e-05 0.000441318 0.00492593 0.00324989 0.986619 2.34409e-07 0.000658528 0.000266817 0.000340635 0.00346029 
0.0205822 9.69253e-06 0.0234343 0.0038165 0.00191323 9.52773e-06 0.00841317 0.00859524 0.00649244 0.926734 
0.00363511 0.00223637 0.12292 0.125361 0.0201612 8.95802e-06 0.0871754 0.134292 0.288385 0.215826 
0.256343 1.41933e-10 0.368886 0.00185516 1.59448e-08 1.28732e-10 0.0016065 0.141644 0.0397784 0.189887 
0.0024494 0.000237135 0.00782948 0.00590045 0.00456142 7.8638e-08 0.0149524 0.0166476 0.0168168 0.930605 
0.00248779 2.55765e-08 0.0260218 8.36253e-05 0.000352817 5.62434e-10 0.0820122 0.00734402 0.873467 0.00823093 
0.0209418 4.5063e-05 0.0394159 0.0624068 0.000339603 8.08444e-07 0.712121 0.00596544 0.0302434 0.12852 
0.0100021 4.84681e-08 0.0226471 0.00132897 1.53145e-05 2.0072e-08 0.000859488 0.00105682 0.0206349 0.943455 
0.000692156 0.00173483 0.00904731 0.0301778 0.366741 2.29453e-08 0.00399697 0.346055 0.0519867 0.189569 
0.0309766 9.97702e-05 0.235846 0.00449447 7.14147e-05 4.2893e-08 0.0119298 0.00730544 0.144239 0.565037 
3.71906e-05 0.000441318 0.00492593 0.00324989 0.986619 2.34409e-07 0.000658528 0.000266817 0.000340635 0.00346029 
0.000174752 0.451687 0.129868 0.123852 0.0982143 1.14923e-05 0.00766107 0.110598 0.0148822 0.0630508 
0.00171182 6.22972e-05 0.357732 0.0224433 0.000228845 2.6399e-05 0.00597336 0.0235268 0.0137729 0.574522 
0.0288052 0.00218927 0.165474 0.0181858 0.00617669 0.000540047 0.0719106 0.0471459 0.040526 0.619046 
3.71906e-05 0.000441318 0.00492593 0.00324989 0.986619 2.34409e-07 0.000658528 0.000266817 0.000340635 0.00346029 
6.61056e-05 0.0001146 0.674177 0.0761375 0.00106399 2.07057e-09 0.00284368 0.03963 0.11977 0.0861971 
0.000246883 1.03643e-06 0.0241647 0.0134661 1.06585e-05 3.95307e-07 0.0049385 0.00217085 0.107697 0.847304 
0.0198487 1.94375e-05 0.0128744 0.0160932 0.904085 8.15911e-12 0.00294331 0.0302586 0.00177449 0.0121026 
0.021528 0.00396977 0.113424 0.0321391 0.00687937 0.000122732 0.0530394 0.00706992 0.042047 0.719781 
5.1637e-07 8.0026e-12 0.277286 0.0119424 1.51879e-08 7.25831e-12 0.0031473 0.0477514 0.00426819 0.655604 
0.0561952 5.87337e-08 0.0437348 0.00275224 0.000244804 5.08132e-10 0.00384103 0.00973269 0.0566496 0.82685 
7.81408e-05 0.000266806 0.241961 0.0329071 0.681457 1.5571e-07 0.00211827 0.00196556 0.00161069 0.0376356 
0.00534039 0.00133953 0.171671 0.013443 0.0104212 0.000651698 0.0943204 0.264384 0.0821072 0.356322 
0.00248779 2.55765e-08 0.0260218 8.36253e-05 0.000352817 5.62434e-10 0.0820122 0.00734402 0.873467 0.00823093 
0.000380654 4.56969e-05 0.829649 0.137775 0.00291472 7.63564e-09 0.000225438 0.0039396 0.00536587 0.0197042 
0.000730433 0.000431271 0.376889 0.0130351 0.000135045 7.63983e-06 0.0134008 0.11798 0.111875 0.365516 
0.0852834 0.000516224 0.0613627 0.0015635 3.39263e-05 1.01522e-08 0.00930303 0.0076755 0.0620065 0.772255 
0.002587 0.00298467 0.00602487 0.671063 0.109052 1.48286e-07 0.00361207 0.00672208 0.00385605 0.194099 
0.0124075 0.11892 0.158444 0.0626068 0.0179888 0.00627621 0.370008 0.0152052 0.129452 0.108691 
3.71906e-05 0.000441318 0.00492593 0.00324989 0.986619 2.34409e-07 0.000658528 0.000266817 0.000340635 0.00346029 
3.71906e-05 0.000441318 0.00492593 0.00324989 0.986619 2.34409e-07 0.000658528 0.000266817 0.000340635 0.00346029 
0.277 1.49475e-05 0.0315091 0.00315497 1.8972e-05 5.36944e-08 0.00226862 0.00907255 0.647906 0.029055 
3.71906e-05 0.000441318 0.00492593 0.00324989 0.986619 2.34409e-07 0.000658528 0.000266817 0.000340635 0.00346029 
0.0588024 0.0343934 0.152704 0.020526 0.0022383 6.90727e-05 0.000812496 0.505903 0.0732922 0.151259 
0.000893088 4.84888e-05 0.0415552 0.00276129 1.04629e-05 6.32192e-06 0.0676359 0.0446961 0.149919 0.692474 
4.30112e-05 2.28934e-08 0.860065 0.0504937 5.09401e-08 5.10986e-09 0.00113273 0.0214134 0.00844037 0.0584119 
6.4848e-05 7.97158e-05 0.044371 0.0097081 2.29642e-05 2.4879e-08 0.677601 0.002038 0.00331121 0.262804 
7.46491e-07 1.05656e-07 0.0226114 0.046103 0.00039104 7.36582e-11 0.0100408 0.356718 0.248746 0.315389 
0.00019977 2.74736e-07 0.0255862 0.0104864 0.0225977 1.88199e-07 0.00539159 0.744598 0.130704 0.0604356 
3.71906e-05 0.000441318 0.00492593 0.00324989 0.986619 2.34409e-07 0.000658528 0.000266817 0.000340635 0.00346029 
3.71906e-05 0.000441318 0.00492593 0.00324989 0.986619 2.34409e-07 0.000658528 0.000266817 0.000340635 0.00346029 
0.0287436 0.00404946 0.553894 0.10137 0.0120948 1.64108e-05 0.0512661 0.0270305 0.0248084 0.196726 
0.00114854 3.34332e-05 0.303513 0.0192043 9.4094e-05 3.88927e-06 0.00711057 0.0330502 0.133898 0.501944 
0.000459433 0.00021055 0.240898 0.576438 4.39271e-08 8.15976e-09 0.022015 0.0638409 0.0268637 0.069274 
0.0726551 2.86064e-05 0.0232843 0.0054395 0.00257431 3.43379e-07 0.683485 0.000273377 0.0121542 0.200105 
3.71906e-05 0.000441318 0.00492593 0.00324989 0.986619 2.34409e-07 0.000658528 0.000266817 0.000340635 0.00346029 
0.0320069 0.00354065 0.104201 0.636702 0.000404659 1.13522e-08 0.0336928 0.0162694 0.0579086 0.115273 
0.00884073 0.000133486 0.785641 0.0135355 0.000322161 4.96154e-08 0.0102719 0.0048469 0.0471047 0.129304 
0.881523 1.33307e-05 0.00199263 0.000526923 0.000848084 6.23477e-08 0.00103974 0.00106281 0.103733 0.00925973 
0.000844463 0.000255292 0.00749002 0.0154637 0.529616 1.10962e-05 0.0136285 0.278025 0.0242982 0.130368 
0.0146157 0.00316422 0.0101948 0.105458 0.000369499 9.73372e-06 0.0298096 0.00785925 0.174249 0.65427 
0.0301963 0.000640807 0.0778872 0.0397386 0.000793408 0.000639451 0.205837 0.0668773 0.332452 0.244938 
0.312619 3.4197e-05 0.227269 0.0389404 0.000280761 4.84123e-06 0.00492377 0.0447409 0.12249 0.248697 
0.00334889 0.000838925 0.518271 0.021582 0.000179923 0.00014284 0.0176655 0.0184539 0.018998 0.400519 
0.00150455 7.21501e-07 0.381956 0.0880333 6.02248e-06 2.28015e-08 0.00899983 0.00629565 0.0253333 0.487871 
0.00437944 0.000121833 0.219653 0.0282497 0.00348865 5.4501e-06 0.00110986 0.146515 0.0419306 0.554546 
0.000869575 0.000145352 0.0731244 0.0208123 0.000114851 1.41832e-09 0.00281116 0.418407 0.173151 0.310564 
0.0339731 0.702673 0.0393863 0.0410794 0.0601479 8.57177e-09 0.00261777 0.0417189 0.0448401 0.0335633 
0.0284122 0.00989404 0.037145 0.0452228 0.617374 1.86827e-05 0.00103645 0.177134 0.0448353 0.0389277 
0.581187 0.00156294 0.0285649 0.0155289 0.000520844 7.97142e-05 0.0134016 0.0242201 0.287474 0.0474596 
0.00166919 0.00342842 0.146331 0.42935 0.186199 1.81096e-09 0.0203213 0.0520403 0.0797862 0.080874 
0.0228082 0.0440499 0.0567397 0.030582 0.022645 0.00105867 0.245635 0.141869 0.119922 0.31469 
0.00137214 0.00116038 0.0579078 0.0164104 0.00140157 1.27053e-07 0.00322402 0.032734 0.0970896 0.7887 
1.41754e-06 0.0255631 0.0495758 0.186283 0.00811747 2.67231e-10 0.0382527 0.0321976 0.0459622 0.614047 
0.000111194 1.81499e-05 0.2449 0.0734242 0.00015485 1.10144e-06 0.00272707 0.537757 0.0186266 0.122279 
3.71906e-05 0.000441318 0.00492593 0.00324989 0.986619 2.34409e-07 0.000658528 0.000266817 0.000340635 0.00346029 
0.0179679 0.000823671 0.051991 0.0185746 0.00559266 2.75624e-05 0.0236097 0.00606566 0.0324529 0.842894 
0.00113932 2.15485e-08 0.228546 0.559946 0.000132779 1.95443e-08 0.0328541 0.0171946 0.111921 0.0482658 
0.0479054 5.14772e-05 0.0693111 0.0185375 0.000949042 7.94644e-06 0.0202379 0.00755968 0.00465243 0.830788 
0.00336399 0.000796072 0.00553402 0.120274 0.729655 1.61085e-06 0.00623773 0.00134663 0.00697524 0.125816 
0.007454 0.158382 0.0615457 0.000221967 0.000402303 1.7419e-05 4.06522e-05 0.60669 0.0955605 0.0696849 
0.000907915 3.10822e-08 0.745465 0.05597 0.0228211 1.83958e-08 0.0126363 0.00259254 0.021446 0.138161 
0.000422674 0.000653778 0.550333 0.263678 0.000472745 7.65788e-06 0.0217192 0.134582 0.00229126 0.0258392 
0.0154391 0.00103524 0.00929517 0.523861 0.0509688 4.0667e-07 0.0189898 0.00498485 0.0268884 0.348537 
0.00465255 0.00164313 0.0146312 0.0963501 0.529347 2.53323e-08 0.00059027 0.110278 0.0534754 0.189032 
0.0785951 0.00278165 0.404108 0.0684636 0.000299236 2.89132e-06 0.0405228 0.0282002 0.182424 0.194603 
0.0218039 0.00590396 0.256256 0.121856 0.0013408 9.00769e-05 0.0204692 0.0503856 0.0722888 0.449606 
0.00879159 1.04453e-05 0.00648787 0.00545873 0.00411364 1.47852e-06 0.0170447 0.800165 0.110338 0.0475887 
0.120482 0.00348758 0.0704243 0.119329 0.0241967 1.88147e-05 0.0095393 0.265764 0.24712 0.139638 
0.0812993 0.0115602 0.0843447 0.0638115 0.132507 3.60487e-07 0.0089351 0.266446 0.140614 0.210481 
0.188273 4.37143e-06 0.259766 0.140906 0.00301004 1.98355e-10 0.0259194 0.242723 0.0625857 0.0768117 
3.71906e-05 0.000441318 0.00492593 0.00324989 0.986619 2.34409e-07 0.000658528 0.000266817 0.000340635 0.00346029 
0.0104542 2.63122e-06 0.11519 0.010472 0.00349367 1.40444e-06 0.034053 0.283818 0.053432 0.489083 
3.71906e-05 0.000441318 0.00492593 0.00324989 0.986619 2.34409e-07 0.000658528 0.000266817 0.000340635 0.00346029 
4.06251e-05 0.000290913 0.0879816 0.583001 3.89682e-06 1.58322e-06 0.0248128 0.0101294 0.0339803 0.259758 
0.000108077 0.000656102 0.00334881 0.416919 0.0336164 6.46898e-09 0.000678986 0.10143 0.413149 0.0300936 
0.00438157 0.000122331 0.0407247 0.0019531 4.83863e-05 6.20675e-06 0.001115 0.333611 0.151665 0.466372 
0.00385127 0.001234 0.0705514 0.126923 0.103822 1.50248e-05 0.161102 0.0515477 0.068726 0.412228 
0.0828621 0.012598 0.236046 0.0331038 0.00217117 0.000439479 0.0118187 0.159984 0.269109 0.191868 
0.0219194 0.0318015 0.19883 0.0286065 0.000533842 1.82891e-05 0.0145952 0.185588 0.324717 0.19339 
0.0082231 0.000372175 0.000632017 0.523733 0.00987149 2.19794e-07 0.0063125 0.000961367 0.0143688 0.435525 
0.00448806 0.00420261 0.101413 0.0349643 0.000110333 3.8781e-05 0.555357 0.0169766 0.0629611 0.219488 
0.0150848 0.00593307 0.129244 0.00647073 0.000381408 2.80331e-05 0.0103466 0.0175691 0.0916352 0.723307 
0.00187054 1.11724e-06 0.203615 0.0316548 6.17556e-07 4.25657e-07 0.114298 0.404157 0.0456461 0.198756 
0.00320555 0.00621259 0.0851766 0.0419781 0.00147324 0.000240638 0.736048 0.00810144 0.050605 0.0669585 
7.55025e-07 2.40123e-07 0.0941304 0.00123945 0.0002657 1.39969e-07 0.000785688 0.164028 0.420764 0.318786 
0.00254949 0.000658217 0.0541921 0.316614 0.00435686 4.96246e-07 0.429154 0.116358 0.0204473 0.05567 
0.0362261 0.173975 1.35803e-06 0.000231935 0.00115403 2.43454e-07 0.00132165 0.610669 0.0404422 0.135978 
0.00264834 3.84897e-05 0.00853422 0.00911268 0.000102561 5.68816e-08 0.0119875 0.00284861 0.0189369 0.945791 
0.0368864 0.640093 0.0223337 0.0234265 4.19512e-05 2.40246e-09 0.00524296 0.00338259 0.133948 0.134645 
0.010307 1.11392e-07 0.000453834 0.00223891 0.0038646 1.16092e-10 0.000138881 0.839216 0.141056 0.00272384 
0.00933162 0.016549 0.0248469 0.693051 0.0772691 1.66517e-07 0.00157009 0.0086566 0.0121546 0.156571 
0.0325391 0.0284094 0.138874 0.18028 0.0139948 1.71441e-05 0.0365528 0.111497 0.0603212 0.397515 
0.00171018 1.51429e-06 0.0314623 0.00944363 8.93426e-05 5.04458e-07 0.00839505 0.0336319 0.78818 0.127086 
0.00886065 0.0017535 0.452606 0.0645697 0.0238676 2.41563e-06 0.196184 0.153231 0.0251084 0.0738173 
9.67516e-05 0.00594602 0.00337206 0.107175 0.615866 9.38943e-09 0.00164982 0.129767 0.00915116 0.126976 
0.00435226 2.7178e-05 0.0826484 0.169857 0.00161031 1.13697e-06 0.00371622 0.63034 0.055186 0.0522609 
0.0716028 0.00721266 0.515061 0.0350524 0.014416 2.18783e-07 0.00548079 0.0222463 0.0780865 0.250841 
3.71906e-05 0.000441318 0.00492593 0.00324989 0.986619 2.34409e-07 0.000658528 0.000266817 0.000340635 0.00346029 
0.00380181 0.000977121 0.00433426 0.219646 0.60544 2.38265e-06 0.00447608 0.00219245 0.00724819 0.151882 
0.0279214 0.00539911 0.108664 0.101662 0.000648232 0.000119015 0.0300881 0.174928 0.138483 0.412088 
2.08633e-07 5.21262e-07 0.0152187 0.0110758 0.00117062 5.57495e-10 0.000163114 0.945684 0.00486055 0.0218264 
0.00172675 7.86081e-06 0.0144131 0.322298 4.33297e-05 1.02431e-06 0.176248 0.0783442 0.0700125 0.336905 
0.0631155 0.00211027 0.132085 0.0685506 0.326955 5.06664e-06 0.00179205 0.275731 0.0243767 0.105279 
0.119964 0.0032785 0.0112268 0.00126625 0.000135987 9.4968e-07 0.000780405 0.000655539 0.794622 0.0680697 
3.71906e-05 0.000441318 0.00492593 0.00324989 0.986619 2.34409e-07 0.000658528 0.000266817 0.000340635 0.00346029 
0.0114305 0.0002969 0.0638911 0.315465 0.124066 6.44348e-06 0.00972163 0.000592931 0.0761401 0.39839 
6.66287e-05 9.75693e-09 0.252733 0.000399836 2.81509e-06 3.71135e-09 0.0905678 0.000653597 0.000805477 0.654771 
3.71906e-05 0.000441318 0.00492593 0.00324989 0.986619 2.34409e-07 0.000658528 0.000266817 0.000340635 0.00346029 
0.00937168 0.000121321 0.322127 0.139158 0.000464062 1.87668e-05 0.121508 0.130883 0.0322346 0.244115 
0.780233 7.351e-08 1.44518e-06 4.67626e-07 1.06755e-06 1.679e-10 4.32001e-06 0.0162759 0.199582 0.0039018 
0.0312805 0.000511709 0.0863495 0.00188381 0.0202949 2.33197e-05 0.139961 0.0237042 0.101193 0.594799 
0.00149377 1.66803e-05 0.112852 0.00227097 3.06832e-09 1.94564e-12 0.0176672 0.00330094 0.00297796 0.859421 
0.0130962 0.00512772 0.36191 0.231483 0.0192306 0.000181997 0.124975 0.0241819 0.0392884 0.180525 
3.71906e-05 0.000441318 0.00492593 0.00324989 0.986619 2.34409e-07 0.000658528 0.000266817 0.000340635 0.00346029 
3.71906e-05 0.000441318 0.00492593 0.00324989 0.986619 2.34409e-07 0.000658528 0.000266817 0.000340635 0.00346029 
0.00041382 2.04768e-05 0.0451413 0.000762308 2.25627e-05 1.59312e-06 0.000508595 0.728604 0.1188 0.105725 
0.0937594 0.00448077 0.0873984 0.246118 0.0176377 0.000567841 0.0401773 0.0420854 0.05858 0.409196 
0.0219288 0.00274339 0.17057 0.069421 0.000191508 1.73642e-06 0.206121 0.0337307 0.161304 0.333988 
0.0102468 0.000109083 0.677028 0.108065 0.0892556 3.74699e-06 0.00393662 0.0197321 0.0123589 0.0792649 
0.214839 0.000601293 0.0264998 0.00745976 0.000227742 8.10376e-07 0.0161805 0.0165722 0.64577 0.0718493 
0.0214384 0.00134707 0.0944239 0.0237185 0.00149296 9.55138e-06 0.0215054 0.0455073 0.0435644 0.746993 
0.00295718 0.00029085 0.00998395 0.00290287 8.46183e-05 6.15845e-07 0.00114111 0.00767046 0.934493 0.0404758 
0.0464598 0.00561992 0.0121911 0.000129432 0.000218591 1.61904e-06 0.000331637 0.000848887 0.830352 0.103847 
0.00241486 0.000501684 0.0705382 0.0158396 0.26553 7.18779e-07 0.000911169 0.542032 0.0607245 0.041508 
0.00101476 0.000111134 0.000596658 0.299266 0.000723561 8.77272e-10 0.00385891 0.000130644 0.0129553 0.681343 
0.0625668 1.35364e-05 0.216608 0.000297321 9.65295e-07 1.08871e-08 0.000303971 0.00100169 0.139984 0.579224 
