0.000625236 0.00439463 0.075134 0.604539 0.000408706 5.08868e-05 0.0574573 0.0958152 0.0729742 0.0886005 
8.91196e-05 6.31522e-05 0.0416882 0.185215 3.51929e-05 1.07267e-05 0.538014 0.00789922 0.0985534 0.128432 
3.71906e-05 0.000441318 0.00492593 0.00324989 0.986619 2.34409e-07 0.000658528 0.000266817 0.000340635 0.00346029 
0.000337676 5.69486e-09 0.218286 0.000258805 4.0629e-09 1.39562e-12 0.000329795 0.0264994 0.0833308 0.670957 
0.0452769 0.00966883 0.292616 0.149986 0.00111252 1.69092e-05 0.115054 0.034557 0.139112 0.212601 
0.000705792 5.5396e-09 0.0255156 0.000356272 0.00063552 5.02438e-09 0.253547 0.666105 0.020108 0.0330271 
3.71906e-05 0.000441318 0.00492593 0.00324989 0.986619 2.34409e-07 0.000658528 0.000266817 0.000340635 0.00346029 
0.0100774 8.57587e-05 0.518804 0.0792138 0.00103746 2.18927e-05 0.136734 0.0451277 0.012556 0.196342 
0.0279033 1.18583e-05 0.0237991 0.00378276 0.00197435 1.17881e-05 0.00863875 0.00850947 0.00677405 0.918595 
3.71906e-05 0.000441318 0.00492593 0.00324989 0.986619 2.34409e-07 0.000658528 0.000266817 0.000340635 0.00346029 
0.000384307 0.000406982 0.0193693 0.0192696 0.0896887 9.59195e-06 0.014789 0.0382523 0.149649 0.668181 
0.00733033 0.00052759 0.103188 0.0263606 0.00779287 3.01145e-05 0.0575049 0.0208414 0.00881042 0.767614 
0.0117627 0.000805045 0.00793735 0.0201103 0.932468 7.34561e-08 0.00381515 0.00275453 0.00939467 0.0109521 
0.0235708 0.00621715 0.141928 0.0443741 0.116126 0.000180408 0.0312044 0.427219 0.126214 0.0829672 
1.32182e-07 1.20231e-10 0.0503931 0.0100552 2.45946e-07 1.09049e-10 0.31048 3.96157e-07 0.010689 0.618382 
0.0264886 1.25373e-08 0.00182132 0.00135195 0.0077183 0.000623439 0.000445447 0.921036 0.0395008 0.00101375 
0.00227071 0.0226839 0.12392 0.0865693 0.0030746 8.69939e-05 0.0162537 0.627711 0.00842466 0.109006 
0.0212033 2.33232e-07 0.100596 0.00984993 0.000395703 0.000520806 0.00882738 0.340228 0.0896803 0.428698 
0.00377161 4.23834e-09 0.011395 0.000400346 5.53833e-05 3.44966e-09 0.00138935 0.00322689 0.929663 0.0500979 
0.0934508 0.0205668 0.0108385 0.00561648 0.000485983 0.000181112 0.000542841 0.0464368 0.794484 0.0273965 
3.71906e-05 0.000441318 0.00492593 0.00324989 0.986619 2.34409e-07 0.000658528 0.000266817 0.000340635 0.00346029 
0.232672 0.0134056 0.313149 0.0367073 0.00254412 0.000326609 0.000358466 0.0660866 0.280547 0.0542031 
0.058206 0.000697681 0.559135 0.039108 2.1213e-05 4.67753e-07 0.00441806 0.00831082 0.0503825 0.27972 
0.00166919 0.00342842 0.146331 0.42935 0.186199 1.81096e-09 0.0203213 0.0520403 0.0797862 0.080874 
3.71906e-05 0.000441318 0.00492593 0.00324989 0.986619 2.34409e-07 0.000658528 0.000266817 0.000340635 0.00346029 
0.00692031 4.35599e-05 0.117429 0.0028576 3.32294e-05 1.36707e-08 0.024456 0.0142718 0.0274617 0.806526 
0.0514867 7.75397e-06 0.0609304 0.170534 0.441275 1.7505e-09 0.0184695 0.0179373 0.0174796 0.22188 
0.0603429 0.0036244 0.433934 0.0714389 0.000468913 1.92128e-06 0.0194282 0.00590712 0.0741887 0.330665 
0.0757277 3.41627e-07 0.169171 0.090451 0.0211535 1.40477e-08 0.135785 0.00444368 0.0915141 0.411754 
0.0128949 0.00253014 0.275221 0.0897505 0.00410823 0.0046675 0.12843 0.0731292 0.0824683 0.3268 
0.0123801 3.84291e-05 0.124378 0.0114358 0.000190554 0.000179235 0.189853 0.00679007 0.032295 0.62246 
0.0462585 0.00223913 0.377649 0.0319994 0.000433278 0.000346896 0.259816 0.0292476 0.00723696 0.244773 
0.790974 0.000102032 0.0381366 0.00187901 0.000273999 5.12543e-07 0.000376016 0.0119404 0.104276 0.0520414 
3.71906e-05 0.000441318 0.00492593 0.00324989 0.986619 2.34409e-07 0.000658528 0.000266817 0.000340635 0.00346029 
0.00886345 0.0197585 0.0552855 0.126316 0.00379914 0.000903183 0.021905 0.433926 0.253926 0.0753165 
0.00683843 2.42863e-05 0.0336697 0.0107264 0.00121348 0.000369991 0.0217622 0.0523991 0.121956 0.75104 
3.71906e-05 0.000441318 0.00492593 0.00324989 0.986619 2.34409e-07 0.000658528 0.000266817 0.000340635 0.00346029 
0.0726551 2.86064e-05 0.0232843 0.0054395 0.00257431 3.43379e-07 0.683485 0.000273377 0.0121542 0.200105 
0.866999 0.00041705 0.00135533 0.000435551 0.000171421 1.6162e-08 0.00148949 0.000795146 0.0718947 0.0564418 
0.175925 0.000625856 0.00747845 0.26919 0.0337812 6.70897e-07 0.0446507 0.00374584 0.0636387 0.400964 
1.531e-05 1.52989e-05 0.182221 0.0382923 1.5309e-05 1.53002e-05 1.53101e-05 0.090345 0.102603 0.586462 
0.0282477 0.000739607 0.053437 0.022374 0.00190867 3.92258e-05 0.0284837 0.0232679 0.0531842 0.788318 
5.84015e-05 0.00589839 0.111944 0.374601 0.00049112 3.32569e-06 0.00888668 0.000925611 0.000886336 0.496305 
0.0134734 0.000647767 0.129358 0.0329403 0.000710425 3.16748e-05 0.00263153 0.081467 0.272887 0.465852 
0.01291 0.00185093 0.0381027 0.617942 0.0591549 2.01133e-07 0.00836913 0.127102 0.0957998 0.0387687 
0.0321831 0.00162261 0.0250721 0.0925204 0.0304611 9.96864e-08 0.0296505 0.015697 0.0543465 0.718447 
0.0570113 0.000202066 0.0169749 0.0185362 0.00101925 1.60925e-06 0.0213096 0.0636321 0.733247 0.0880664 
0.0244471 9.94267e-07 0.0517499 0.025525 0.00113241 7.7592e-06 0.0106263 0.0703054 0.112162 0.704043 
0.0077091 0.00933419 0.078402 0.145345 0.0206007 2.13148e-08 0.0308085 0.446615 0.0253148 0.23587 
3.71906e-05 0.000441318 0.00492593 0.00324989 0.986619 2.34409e-07 0.000658528 0.000266817 0.000340635 0.00346029 
3.71906e-05 0.000441318 0.00492593 0.00324989 0.986619 2.34409e-07 0.000658528 0.000266817 0.000340635 0.00346029 
0.00324658 0.96967 0.00239959 5.67235e-05 0.00073107 0.000367857 0.000154421 0.00515109 0.0109401 0.00728266 
0.0199155 1.58609e-08 0.150822 0.0969357 0.000149025 6.39661e-07 0.175158 0.0473104 0.0606208 0.449088 
0.0339731 0.702673 0.0393863 0.0410794 0.0601479 8.57177e-09 0.00261777 0.0417189 0.0448401 0.0335633 
0.0111747 0.0017926 0.323303 0.13564 0.00183887 0.000402492 0.0650017 0.0273894 0.0349749 0.398483 
0.000638069 2.80377e-07 0.0415187 0.112976 7.55942e-07 1.85024e-06 0.078087 0.000483267 0.126774 0.63952 
0.000541047 0.00248036 0.346947 0.245122 0.000896313 3.26384e-06 0.123013 0.0131797 0.013527 0.254291 
0.0171463 0.000149856 0.0389497 0.0701013 0.00036689 6.83839e-06 0.0026915 0.0100923 0.835959 0.0245367 
0.00113297 1.17835e-12 0.353455 0.0241195 6.18996e-09 1.06876e-12 0.00167058 0.0214363 0.347812 0.250374 
0.0212673 0.000180446 0.140768 0.0372501 0.00104465 0.0160772 0.0353161 0.536946 0.119843 0.0913072 
0.0476462 3.72018e-05 0.121792 0.0592383 0.0666831 2.14104e-07 0.00842666 0.306553 0.101127 0.288496 
0.00430207 3.11201e-05 0.344564 0.211711 1.5979e-05 1.89726e-06 0.129984 0.0546451 0.111203 0.143543 
0.00616518 6.22745e-05 0.635612 0.00583832 4.89574e-05 3.57867e-05 0.087885 0.00304496 0.0155374 0.24577 
0.000814669 5.62819e-05 0.0283328 0.0112006 3.47438e-05 0.000104598 0.000690178 0.533356 0.378234 0.0471761 
0.0248005 0.00352001 0.0293411 0.00633691 6.34808e-05 3.68682e-07 0.00466324 0.00336804 0.727579 0.200328 
0.00989117 0.00498677 0.0898682 0.0156846 0.0032244 0.00663857 0.0503202 0.470122 0.031626 0.317638 
0.0180595 0.00361652 0.0526172 3.81262e-05 2.39597e-06 7.42585e-07 0.000305701 0.258608 0.112879 0.553873 
0.0281017 0.00117244 0.358556 0.127626 0.026192 0.00147728 0.0798448 0.111803 0.0771771 0.18805 
0.0368864 0.640093 0.0223337 0.0234265 4.19512e-05 2.40246e-09 0.00524296 0.00338259 0.133948 0.134645 
0.00812937 0.000218798 0.0496558 0.00361643 8.63364e-05 8.69132e-06 0.00206115 0.112124 0.0782249 0.745875 
0.0726551 2.86064e-05 0.0232843 0.0054395 0.00257431 3.43379e-07 0.683485 0.000273377 0.0121542 0.200105 
0.0215244 0.00249198 0.106689 0.0317407 0.0588936 1.2524e-06 0.00546375 0.0661106 0.0609591 0.646125 
0.0770728 0.000498745 0.177636 0.0391908 0.0112587 1.95284e-05 0.0155029 0.0674845 0.206168 0.405168 
3.71906e-05 0.000441318 0.00492593 0.00324989 0.986619 2.34409e-07 0.000658528 0.000266817 0.000340635 0.00346029 
0.00838327 1.51951e-05 0.686239 0.081886 3.13036e-08 5.70091e-07 0.00962498 0.0018803 0.00533858 0.206632 
0.000218402 4.88344e-06 0.0424787 0.0236486 0.000490511 5.74345e-09 0.163853 0.0507218 0.205477 0.513108 
0.0131468 0.000209517 0.132158 0.0193636 0.000187202 1.1679e-05 0.0130015 0.0234184 0.0595625 0.73894 
0.0726551 2.86064e-05 0.0232843 0.0054395 0.00257431 3.43379e-07 0.683485 0.000273377 0.0121542 0.200105 
0.0119013 0.00393862 0.0477819 0.41944 0.0152159 1.12102e-05 0.0235265 0.0782474 0.152808 0.247129 
0.0164471 0.0015545 0.0774079 0.0662141 0.0550899 6.54995e-05 0.0127671 0.0150469 0.0411563 0.714251 
1.18483e-05 3.49725e-10 7.64417e-05 0.135585 9.61795e-11 3.30401e-07 0.682823 0.00746586 0.031275 0.142763 
0.00338643 0.000381074 0.076919 0.00906813 0.000661071 9.12472e-05 0.00291274 0.134213 0.24125 0.531117 
0.00145428 9.08559e-06 0.24175 0.0970614 0.00064181 3.45776e-07 0.443324 0.0301817 0.0207256 0.164852 
0.00599176 1.64193e-07 0.10094 0.124788 2.70382e-05 3.96499e-09 0.0310097 0.0168039 0.131919 0.588521 
2.77349e-12 1.36687e-11 0.876633 7.20769e-05 3.75909e-12 1.23974e-11 1.68324e-05 4.61431e-08 0.000224177 0.123054 
0.0453904 0.000790561 0.463933 0.0244672 9.3653e-06 5.17202e-06 0.0117024 0.00983364 0.159288 0.28458 
0.0909584 0.000512108 0.0625616 0.0048933 7.40867e-05 0.0001278 0.0407084 0.137048 0.162026 0.50109 
2.23641e-05 2.23479e-05 2.23663e-05 2.23653e-05 2.23626e-05 2.23498e-05 2.23643e-05 0.0358052 0.964016 2.2367e-05 
0.0174173 5.52787e-05 0.00512891 0.000213892 5.11122e-06 1.71369e-05 0.0344457 0.627774 0.289324 0.0256188 
2.0304e-10 3.72902e-05 0.0911957 0.634979 3.18246e-06 8.01483e-06 0.000638514 0.259008 0.0013314 0.0127991 
0.000189775 0.000194034 0.0410667 0.000816108 0.000325559 5.72378e-05 0.00155963 0.880198 0.00762693 0.0679662 
3.71906e-05 0.000441318 0.00492593 0.00324989 0.986619 2.34409e-07 0.000658528 0.000266817 0.000340635 0.00346029 
0.00324658 0.96967 0.00239959 5.67235e-05 0.00073107 0.000367857 0.000154421 0.00515109 0.0109401 0.00728266 
3.71906e-05 0.000441318 0.00492593 0.00324989 0.986619 2.34409e-07 0.000658528 0.000266817 0.000340635 0.00346029 
0.000528373 0.0131261 0.0474936 0.716518 7.93674e-06 3.10491e-07 0.0105557 0.184443 0.024797 0.00252974 
0.0871172 0.000680016 0.196564 0.141533 0.00696128 4.25673e-05 0.0217234 0.336517 0.104827 0.104035 
0.000202178 9.87097e-08 0.470104 0.00446282 6.543e-05 4.40461e-08 0.0234527 0.0125807 0.0124565 0.476675 
0.0434211 0.000553574 0.139899 0.0542167 0.00120644 5.5491e-08 0.0228867 0.0159015 0.151582 0.570333 
0.00324658 0.96967 0.00239959 5.67235e-05 0.00073107 0.000367857 0.000154421 0.00515109 0.0109401 0.00728266 
0.000345235 0.000102935 0.00716243 0.0117452 7.64717e-05 5.52834e-06 0.00819042 0.495046 0.443767 0.0335581 
0.0155664 0.00193278 0.0629832 0.0848176 0.0326844 0.000725706 0.0245489 0.0481156 0.190091 0.538535 
3.71906e-05 0.000441318 0.00492593 0.00324989 0.986619 2.34409e-07 0.000658528 0.000266817 0.000340635 0.00346029 
3.71906e-05 0.000441318 0.00492593 0.00324989 0.986619 2.34409e-07 0.000658528 0.000266817 0.000340635 0.00346029 
0.00121986 2.98641e-05 0.0154633 0.0184127 8.794e-06 3.32149e-07 0.852936 0.00194982 0.0360246 0.0739546 
0.00324658 0.96967 0.00239959 5.67235e-05 0.00073107 0.000367857 0.000154421 0.00515109 0.0109401 0.00728266 
0.0161954 0.00152212 0.111935 0.0524546 0.00359119 0.00135284 0.063914 0.0367084 0.0958718 0.616454 
0.502188 0.000400434 0.158737 0.00239758 3.97956e-07 7.9927e-10 1.90051e-08 0.00308782 0.279815 0.0533736 
0.00137212 0.00241951 0.0635812 0.129018 0.0292146 2.02431e-07 0.011412 0.101768 0.0680009 0.593213 
0.0734412 0.00237818 0.0151675 0.00954937 5.06608e-05 3.3691e-05 0.0079452 0.0440843 0.0790886 0.768261 
0.0734412 0.00237818 0.0151675 0.00954937 5.06608e-05 3.3691e-05 0.0079452 0.0440843 0.0790886 0.768261 
0.0103735 2.51095e-05 0.0630665 0.336541 0.000667927 2.47864e-09 0.0156701 0.0799988 0.135186 0.358471 
3.71906e-05 0.000441318 0.00492593 0.00324989 0.986619 2.34409e-07 0.000658528 0.000266817 0.000340635 0.00346029 
0.00567144 0.0460876 0.108532 0.113622 0.124144 1.03478e-05 0.00100374 0.423139 0.070472 0.107318 
0.000341959 8.29087e-09 0.604187 0.0107093 3.73664e-09 5.84894e-09 0.107358 0.00741407 0.000561872 0.269428 
0.0412817 8.26508e-09 0.213836 0.117039 5.58043e-09 1.54664e-09 0.0606024 0.0173764 0.220132 0.329732 
0.0504052 0.00277271 0.0376484 0.00109218 0.000113011 2.45281e-05 0.00663898 0.0280565 0.0525609 0.820688 
0.00324658 0.96967 0.00239959 5.67235e-05 0.00073107 0.000367857 0.000154421 0.00515109 0.0109401 0.00728266 
0.0726551 2.86064e-05 0.0232843 0.0054395 0.00257431 3.43379e-07 0.683485 0.000273377 0.0121542 0.200105 
0.0106206 0.00190864 0.098088 0.54511 0.0401559 4.76405e-08 0.0307383 0.090057 0.067642 0.11568 
0.234405 0.13087 0.0696777 0.0523749 0.211504 1.19824e-06 0.0821389 0.0931052 0.0613309 0.0645923 
0.040862 0.000192916 0.235014 0.0198687 0.00030609 1.67766e-06 0.0491021 0.0157412 0.196456 0.442456 
0.251739 0.0147481 0.0328632 0.00642112 0.00131517 1.88299e-07 0.000872515 0.00986136 0.556583 0.125596 
3.03794e-05 0.000103933 0.0827476 0.54062 0.0661106 7.17364e-11 0.00690619 0.152586 0.00260124 0.148293 
0.0692227 7.37026e-05 0.0628986 0.0461126 0.000768937 2.0553e-06 0.0103226 0.033296 0.506586 0.270716 
0.00691326 5.57266e-09 0.37698 0.0397566 0.00384676 5.60091e-05 0.182635 0.115462 0.08404 0.190311 
0.00112711 1.39322e-07 0.0152348 0.0365622 7.97985e-06 1.65428e-08 0.0442833 0.0379426 0.673256 0.191586 
0.0500215 0.0945763 0.394696 0.131578 0.0116195 5.0982e-07 0.0142097 0.0588698 0.153275 0.0911531 
0.032031 0.000226031 0.0990153 0.0781102 0.368186 1.01832e-08 0.0278283 0.285872 0.085691 0.0230399 
3.71906e-05 0.000441318 0.00492593 0.00324989 0.986619 2.34409e-07 0.000658528 0.000266817 0.000340635 0.00346029 
0.0445495 0.056604 0.0187515 0.103969 0.329291 8.13945e-06 0.00764403 0.173199 0.0862012 0.179783 
0.0113407 4.07237e-05 0.21344 0.0217086 1.24105e-05 0.00643058 0.0684768 0.00755058 0.0531928 0.617807 
1.03596e-08 2.67948e-08 0.0510879 0.00372652 2.16382e-08 1.40719e-09 0.00254753 0.00304546 0.000956162 0.938636 
0.00119867 0.000504687 0.0888089 0.0447789 0.00428053 0.00027582 0.0184942 0.0984182 0.110349 0.632892 
0.0108769 0.0930197 0.0845849 0.0549588 0.023704 2.35539e-05 0.127148 0.538635 0.0248935 0.0421555 
0.00985347 0.0133571 0.108807 0.0467532 0.12338 0.000344353 0.00691526 0.122615 0.0857636 0.482211 
0.00125066 1.18929e-05 0.0459074 0.0553734 0.00115985 6.1978e-07 0.0313896 0.00358662 0.0224055 0.838914 
0.00117585 0.000181052 0.51698 0.014863 1.25163e-05 5.23309e-05 0.00300371 0.0139054 0.0570001 0.392826 
0.000380654 4.56969e-05 0.829649 0.137775 0.00291472 7.63564e-09 0.000225438 0.0039396 0.00536587 0.0197042 
0.00515771 2.01544e-05 0.11336 0.168782 0.00628749 3.04021e-06 0.0447005 0.367889 0.220235 0.0735649 
6.75712e-05 2.27843e-07 0.04854 0.0150413 1.28942e-05 5.24263e-06 0.0267709 0.160731 0.230841 0.517989 
0.000372128 8.00205e-06 0.021781 0.00833654 1.61861e-05 7.87072e-10 0.0131497 0.135993 0.0070154 0.813328 
0.548416 0.00706737 0.11027 0.0896039 0.00329053 0.000114688 0.0368518 0.00250496 0.0161765 0.185704 
0.00254949 0.000658217 0.0541921 0.316614 0.00435686 4.96246e-07 0.429154 0.116358 0.0204473 0.05567 
0.00149885 3.52714e-10 0.00189706 0.00297976 9.70016e-11 3.19909e-10 0.900669 2.33108e-06 0.0745519 0.0184012 
3.71906e-05 0.000441318 0.00492593 0.00324989 0.986619 2.34409e-07 0.000658528 0.000266817 0.000340635 0.00346029 
3.71906e-05 0.000441318 0.00492593 0.00324989 0.986619 2.34409e-07 0.000658528 0.000266817 0.000340635 0.00346029 
0.0878674 0.000483719 0.0928629 0.0415462 0.0145337 1.72387e-06 0.0464824 0.124098 0.0963217 0.495803 
3.71906e-05 0.000441318 0.00492593 0.00324989 0.986619 2.34409e-07 0.000658528 0.000266817 0.000340635 0.00346029 
0.0107033 0.00672399 0.11404 0.129895 0.0129795 0.000531622 0.045429 0.495096 0.111803 0.0727988 
0.0174007 0.000574041 0.0423249 0.0731796 0.00100724 1.00728e-05 0.00891907 0.0743642 0.0976941 0.684526 
0.00324658 0.96967 0.00239959 5.67235e-05 0.00073107 0.000367857 0.000154421 0.00515109 0.0109401 0.00728266 
0.0198487 1.94375e-05 0.0128744 0.0160932 0.904085 8.15911e-12 0.00294331 0.0302586 0.00177449 0.0121026 
0.0305497 0.17782 0.0123218 0.124608 0.000979436 8.33077e-06 0.0019317 0.376567 0.0151325 0.26008 
0.00324658 0.96967 0.00239959 5.67235e-05 0.00073107 0.000367857 0.000154421 0.00515109 0.0109401 0.00728266 
0.000600368 0.00267804 0.113944 0.408288 0.00458609 9.8816e-07 0.0589978 0.142842 0.0867894 0.181272 
0.00788824 0.00327469 0.658761 0.0279619 0.0513624 8.36653e-06 0.0153292 0.00964877 0.011419 0.214347 
0.00324658 0.96967 0.00239959 5.67235e-05 0.00073107 0.000367857 0.000154421 0.00515109 0.0109401 0.00728266 
0.20061 8.76419e-07 0.30007 0.00663376 0.000202725 2.57956e-06 0.0591503 0.0505559 0.0215033 0.36127 
0.127097 0.0123395 0.012466 0.0147768 0.00198027 0.000122357 0.00589706 0.00891398 0.732495 0.0839119 
0.0586001 0.00506349 0.0880926 0.028875 0.0143903 1.40044e-05 0.0208424 0.122676 0.45022 0.211226 
0.222279 0.0135469 0.129156 0.0558916 0.0468954 2.03801e-06 0.166288 0.204089 0.103298 0.0585543 
0.000732308 0.000944556 0.00847881 0.0121878 0.000115123 0.000338656 0.0227621 0.0130692 0.0410483 0.900323 
3.71906e-05 0.000441318 0.00492593 0.00324989 0.986619 2.34409e-07 0.000658528 0.000266817 0.000340635 0.00346029 
3.71906e-05 0.000441318 0.00492593 0.00324989 0.986619 2.34409e-07 0.000658528 0.000266817 0.000340635 0.00346029 
0.00964636 8.47876e-06 0.200774 0.0532738 7.61109e-05 7.00901e-09 0.0183466 0.00357763 0.0339392 0.680358 
0.000967945 9.34204e-05 0.0629687 0.00274123 3.46704e-05 1.57258e-06 0.0989984 0.60333 0.0974342 0.13343 
0.161409 0.00094407 0.198348 0.0148553 8.14409e-05 2.16067e-08 0.0110834 0.00589562 0.445172 0.162211 
0.00451518 0.000312673 0.00428481 0.814396 0.00206186 4.64488e-06 0.00339388 0.00266317 0.0167483 0.15162 
0.0726551 2.86064e-05 0.0232843 0.0054395 0.00257431 3.43379e-07 0.683485 0.000273377 0.0121542 0.200105 
8.93533e-06 8.58878e-06 0.312829 0.00816477 0.000605648 1.12782e-08 0.0607267 0.191224 0.012368 0.414065 
0.0360728 0.0615804 0.0688966 0.141824 6.3551e-05 1.10054e-06 0.0646297 0.0422046 0.247956 0.336772 
0.0114584 5.85139e-05 0.314232 0.0219444 1.17906e-06 6.79703e-09 0.0478701 0.000187548 0.201137 0.40311 
7.14475e-05 1.12999e-07 0.00142544 1.79365e-06 3.67097e-05 8.06325e-06 0.00014455 0.991685 0.00286005 0.00376719 
0.00237277 2.07923e-05 0.0996684 0.00666023 0.000221204 6.33021e-06 0.00646443 0.0345289 0.0707517 0.779305 
0.00626281 5.48767e-05 0.314819 0.000192674 0.000158159 3.55734e-08 0.0377366 0.0339283 0.0908634 0.515984 
0.164467 0.000939698 3.36771e-07 0.000622213 2.8752e-05 3.959e-09 2.31857e-08 0.0228349 0.810882 0.00022565 
0.00935837 0.161951 0.147451 0.0294305 0.0261276 0.000146028 0.0595325 0.0252002 0.0297811 0.511021 
0.00133289 0.00110021 0.0482492 0.185641 0.013412 1.60901e-05 0.0176415 0.0647538 0.0361294 0.631724 
0.0228392 0.0483392 0.106395 0.137961 0.01575 0.000310429 0.0187984 0.455624 0.0886575 0.105326 
3.71906e-05 0.000441318 0.00492593 0.00324989 0.986619 2.34409e-07 0.000658528 0.000266817 0.000340635 0.00346029 
0.0339731 0.702673 0.0393863 0.0410794 0.0601479 8.57177e-09 0.00261777 0.0417189 0.0448401 0.0335633 
3.71906e-05 0.000441318 0.00492593 0.00324989 0.986619 2.34409e-07 0.000658528 0.000266817 0.000340635 0.00346029 
0.00133752 3.20221e-05 0.00019163 0.0576467 0.000492044 1.45465e-05 0.0567035 0.598551 0.0164134 0.268617 
0.00406781 1.79296e-05 0.599672 0.0484076 0.000176135 1.95486e-06 0.17345 0.0156504 0.0143527 0.144203 
0.00498663 0.00531701 0.0341648 0.0334315 0.00833445 2.23596e-05 0.0484191 0.665598 0.12454 0.0751858 
0.0104244 0.0112591 0.0398723 0.0542688 0.00152647 2.16016e-05 0.00669943 0.646374 0.158411 0.0711428 
3.71906e-05 0.000441318 0.00492593 0.00324989 0.986619 2.34409e-07 0.000658528 0.000266817 0.000340635 0.00346029 
0.000331345 1.62618e-09 0.528531 0.0458531 5.47554e-06 4.99524e-08 0.0608317 0.0101227 0.0219005 0.332424 
0.0441238 0.00529711 0.238116 0.23448 0.0175547 5.88708e-05 0.0380825 0.148559 0.0585557 0.215173 
0.00257235 0.00280424 0.181671 0.275324 0.360935 1.5417e-05 0.00150211 0.0914645 0.0205207 0.0631902 
0.0421206 0.000176014 0.00596144 0.000267973 0.000566391 3.58236e-05 8.57729e-05 0.000335091 0.949441 0.00100985 
0.00813824 0.000196014 0.179337 0.143124 0.00120124 9.46533e-07 0.054169 0.0458355 0.129693 0.438306 
3.71906e-05 0.000441318 0.00492593 0.00324989 0.986619 2.34409e-07 0.000658528 0.000266817 0.000340635 0.00346029 
0.0238765 0.00366965 0.00664888 0.000103228 0.000137551 4.85439e-06 0.000188546 0.000480904 0.913076 0.0518139 
3.71906e-05 0.000441318 0.00492593 0.00324989 0.986619 2.34409e-07 0.000658528 0.000266817 0.000340635 0.00346029 
3.71906e-05 0.000441318 0.00492593 0.00324989 0.986619 2.34409e-07 0.000658528 0.000266817 0.000340635 0.00346029 
0.00442144 1.63937e-05 0.358986 0.0051891 0.00184143 0.00203696 0.00628754 0.390883 0.136308 0.0940308 
0.00324658 0.96967 0.00239959 5.67235e-05 0.00073107 0.000367857 0.000154421 0.00515109 0.0109401 0.00728266 
0.00212458 7.73891e-06 0.217658 0.0191856 6.87476e-05 4.31949e-07 0.00118565 0.00338535 0.0229264 0.733457 
0.000678139 0.0438028 0.165472 0.0715808 0.0922559 0.00209674 0.0811829 0.150697 0.0129918 0.379242 
0.0368864 0.640093 0.0223337 0.0234265 4.19512e-05 2.40246e-09 0.00524296 0.00338259 0.133948 0.134645 
0.0273901 0.00305355 0.207971 0.0577975 0.00378548 0.000273395 0.0415009 0.0338929 0.0803164 0.544018 
0.000132995 4.23481e-06 0.834499 0.0765018 0.000391232 6.82101e-05 0.000191411 0.0822776 0.00232254 0.00361107 
0.00324179 2.89468e-05 0.0050506 0.00566499 4.59119e-06 5.37802e-08 0.00242995 0.123278 0.829332 0.0309693 
0.038858 2.66046e-05 0.199535 0.00404895 0.00920214 0.000233948 0.0365216 0.564438 0.0816497 0.0654865 
0.0376915 0.0170927 0.213409 0.0668359 0.12627 0.0014107 0.0221998 0.00862217 0.059696 0.446772 
0.000992955 0.000365844 0.0341215 0.0964204 0.000243032 7.21731e-05 0.00504053 0.0410691 0.62598 0.195695 
0.00576192 2.46058e-09 0.0125095 0.000162794 8.45792e-05 2.00231e-09 0.000786255 0.00347846 0.927085 0.0501314 
0.0093151 0.00868165 0.123155 0.000162289 0.00109978 6.82683e-11 4.02343e-08 0.53002 0.291996 0.0355695 
0.00503924 1.98107e-07 0.0377213 0.000120153 5.44823e-08 1.79681e-07 0.829725 0.0591326 0.000542893 0.0677187 
0.00894621 0.00878446 0.0595909 0.0246889 0.0156753 0.00662454 0.00223998 0.639009 0.187371 0.0470692 
0.0342219 0.0555469 0.106061 0.0644899 0.35435 0.000358849 0.00278758 0.127045 0.0621579 0.192981 
0.121224 6.78334e-09 0.0805188 0.0105358 0.00244965 6.58955e-12 0.00149656 0.213197 0.519956 0.0506223 
0.0238765 0.00366965 0.00664888 0.000103228 0.000137551 4.85439e-06 0.000188546 0.000480904 0.913076 0.0518139 
3.71906e-05 0.000441318 0.00492593 0.00324989 0.986619 2.34409e-07 0.000658528 0.000266817 0.000340635 0.00346029 
3.71906e-05 0.000441318 0.00492593 0.00324989 0.986619 2.34409e-07 0.000658528 0.000266817 0.000340635 0.00346029 
0.000719779 0.00686681 0.0166416 0.28405 0.000266422 3.44669e-07 0.00397593 0.435871 0.00946904 0.242139 
0.0134497 0.0010478 0.0910157 0.000883737 0.00158093 0.00144685 0.0210855 0.485929 0.00746583 0.376095 
0.457214 0.00478446 0.0598169 0.0900196 0.0400217 2.01425e-05 0.00421054 0.101433 0.196759 0.0457208 
0.0457839 3.7513e-05 0.00110733 0.000797822 0.000100448 4.48619e-07 0.00312073 0.000772637 0.0357746 0.912505 
0.00264834 3.84897e-05 0.00853422 0.00911268 0.000102561 5.68816e-08 0.0119875 0.00284861 0.0189369 0.945791 
0.000807034 1.82938e-05 0.000262803 0.00134997 0.983346 3.20103e-12 2.9124e-05 0.00572955 0.000799814 0.00765696 
3.71906e-05 0.000441318 0.00492593 0.00324989 0.986619 2.34409e-07 0.000658528 0.000266817 0.000340635 0.00346029 
0.581405 2.39364e-05 0.00703084 0.000207913 3.68264e-05 4.77895e-10 0.00470248 0.00652664 0.339107 0.0609588 
0.0131098 0.000266453 0.0837489 0.209255 0.00218458 0.000102262 0.0686162 0.0417961 0.0360546 0.544866 
0.0195117 3.11367e-10 0.0119797 0.0102448 2.02763e-08 0.000327888 0.0466375 0.05467 0.750386 0.106243 
3.71906e-05 0.000441318 0.00492593 0.00324989 0.986619 2.34409e-07 0.000658528 0.000266817 0.000340635 0.00346029 
0.000607697 5.4077e-05 0.0438633 0.0715071 0.118575 0.00120243 0.00995579 0.747127 0.00383049 0.00327655 
0.0275624 0.000108185 0.160839 0.370325 0.00143162 0.000216455 0.0292405 0.0131996 0.127502 0.269574 
0.157744 0.00331967 0.0434687 0.0261255 0.00446796 7.55554e-05 0.0283552 0.0414038 0.596565 0.0984746 
1.03722e-06 1.60082e-08 7.13523e-06 0.0287632 2.25747e-05 7.85619e-07 0.109689 0.817483 0.000102673 0.0439311 
0.0903289 1.8991e-06 0.0788429 0.0612693 0.000769486 6.35926e-09 0.0160689 0.00833429 0.379716 0.364668 
0.0726551 2.86064e-05 0.0232843 0.0054395 0.00257431 3.43379e-07 0.683485 0.000273377 0.0121542 0.200105 
9.83145e-05 6.23305e-05 0.509535 0.230918 5.54539e-05 1.56604e-06 0.091906 0.0104664 0.00427158 0.152686 
0.00211448 0.614933 0.0255421 0.07833 2.41341e-05 2.195e-06 0.011681 0.0177428 0.067126 0.182505 
0.0196032 0.000182978 0.358119 0.0339391 0.0191256 1.49053e-05 0.0600539 0.0112584 0.0868422 0.410861 
0.000677247 0.000212757 0.723064 0.000742376 2.63437e-05 5.87261e-05 0.00391804 0.0314654 0.0214725 0.218362 
0.0293182 2.78724e-05 0.0154082 0.0269382 0.000390825 3.17746e-05 0.0187431 0.0602345 0.769593 0.0793143 
0.0943438 0.000353914 0.214546 0.116708 0.0210771 4.43793e-06 0.0334537 0.216335 0.0550574 0.24812 
0.00176355 0.000257675 0.0508964 0.0882173 0.0015603 1.1362e-07 0.0148935 0.732296 0.041363 0.0687527 
0.0194615 5.93117e-05 0.0254373 0.0131549 8.61335e-05 1.47328e-07 0.325471 0.00451199 0.0399526 0.571865 
0.0520212 8.34753e-06 0.0424173 0.18203 0.000210021 6.14373e-07 0.129775 0.193396 0.292855 0.107286 
0.00188003 6.7728e-12 5.63304e-05 1.01776e-05 0.99149 6.14289e-12 2.82928e-05 0.00227081 0.0040069 0.000257444 
0.00293224 1.19087e-05 0.0339515 0.0344443 0.00187946 0.000271944 0.692705 0.0184041 0.0213567 0.194043 
3.71906e-05 0.000441318 0.00492593 0.00324989 0.986619 2.34409e-07 0.000658528 0.000266817 0.000340635 0.00346029 
0.00975803 0.000209217 8.40771e-08 0.00151726 0.00223921 1.04208e-11 0.00254449 0.00233906 0.981393 1.3762e-07 
0.00292835 0.00568652 0.216536 0.360518 0.0206439 1.50095e-07 0.00775727 0.00777643 0.0408919 0.337261 
0.00649624 5.98703e-07 0.0230138 0.000432519 0.877018 8.52191e-06 0.00363895 0.0218711 0.0262059 0.0413145 
0.00584124 0.000967426 0.126277 0.232098 0.0170994 6.54016e-06 0.0401421 0.162621 0.0566838 0.358264 
0.0504052 0.00277271 0.0376484 0.00109218 0.000113011 2.45281e-05 0.00663898 0.0280565 0.0525609 0.820688 
0.00179431 0.0293065 0.512251 0.128218 0.00256405 2.93181e-06 0.00874046 0.137501 0.0128174 0.166805 
0.00636064 0.0257651 0.0765263 0.0907816 0.146994 9.21716e-07 0.0147726 0.292837 0.183597 0.162365 
0.588067 0.000159338 0.0109602 0.00281521 0.00387076 2.0229e-08 0.00843834 0.00324284 0.334311 0.0481359 
0.0726551 2.86064e-05 0.0232843 0.0054395 0.00257431 3.43379e-07 0.683485 0.000273377 0.0121542 0.200105 
0.0202171 0.0037816 0.351585 0.185403 0.0343095 1.37555e-06 0.0166201 0.310684 0.00848644 0.0689122 
0.0205822 9.69253e-06 0.0234343 0.0038165 0.00191323 9.52773e-06 0.00841317 0.00859524 0.00649244 0.926734 
0.074012 0.000910964 0.148224 0.0136331 6.31527e-12 1.30345e-08 0.00406896 0.184634 0.357151 0.217366 
0.000169021 6.78465e-08 0.0829513 0.0252492 0.000767396 1.15263e-07 0.0417616 0.0119675 0.0112722 0.825862 
5.42836e-08 1.18998e-05 0.00412104 0.0011148 1.23866e-06 2.51773e-10 0.00795081 0.00382295 0.00205356 0.980924 
0.107734 4.57386e-10 0.00079418 0.00488142 1.1672e-08 1.36177e-06 0.00118048 0.000259802 0.883251 0.00189838 
0.0442787 0.00136846 0.0456281 0.015764 3.694e-05 1.19202e-07 0.0136532 0.0131138 0.714219 0.151938 
0.00838327 1.51951e-05 0.686239 0.081886 3.13036e-08 5.70091e-07 0.00962498 0.0018803 0.00533858 0.206632 
0.00726237 0.00065437 0.179361 0.44959 3.45243e-05 1.12373e-08 0.00706556 0.0676975 0.0635024 0.224832 
0.0315538 0.00832882 0.397176 0.0751957 0.0327248 0.000108649 0.106186 0.101924 0.0632242 0.183578 
0.000439321 0.00345952 0.564116 0.00583916 0.00451656 0.000135919 0.0838458 0.0692173 0.00379391 0.264636 
0.170691 0.0147321 0.00939078 0.0170526 0.000442347 1.23437e-05 0.00143602 0.0267846 0.685939 0.0735196 
0.00637246 0.00747891 0.361678 0.0198773 0.000434223 0.000130557 0.027267 0.0468624 0.0748424 0.455057 
3.71906e-05 0.000441318 0.00492593 0.00324989 0.986619 2.34409e-07 0.000658528 0.000266817 0.000340635 0.00346029 
0.0021076 0.0117279 0.116581 0.431487 0.034012 0.000192336 0.0736875 0.0264033 0.102916 0.200886 
0.520806 2.39896e-05 0.00983301 0.00439028 0.000148989 3.33471e-06 0.0069734 0.0671892 0.329457 0.0611749 
0.0176106 0.0059036 0.01538 0.0373376 0.0165815 6.77493e-06 0.0216928 0.00617769 0.698046 0.181264 
1.52892e-05 0.156604 0.581778 0.0990181 0.000510597 1.80541e-07 0.00786157 0.0366489 0.00948603 0.108078 
0.132802 0.000643606 0.037195 0.0243505 0.00467034 8.15029e-05 0.476066 0.0246439 0.034098 0.26545 
0.0115357 0.000401771 0.636688 0.00502291 0.00130923 0.00190132 0.0821564 0.0953469 0.0471359 0.118502 
0.00268822 0.000170783 0.00365844 0.0382349 1.25019e-05 6.66559e-06 0.0119609 0.00467296 0.877455 0.0611395 
0.051499 6.55099e-05 0.068024 0.00347455 0.00105518 4.83228e-06 0.000610486 0.720304 0.131687 0.0232757 
0.234405 0.13087 0.0696777 0.0523749 0.211504 1.19824e-06 0.0821389 0.0931052 0.0613309 0.0645923 
0.0214659 3.71115e-05 0.113653 0.0165357 9.02464e-05 4.68782e-06 0.0580295 0.00206198 0.0473683 0.740754 
3.71906e-05 0.000441318 0.00492593 0.00324989 0.986619 2.34409e-07 0.000658528 0.000266817 0.000340635 0.00346029 
0.262552 2.92187e-06 0.00576029 0.0166337 0.000146714 2.95037e-06 0.008956 0.0144124 0.596459 0.095074 
0.0662803 1.53733e-05 0.421968 0.00131249 3.4325e-06 2.46147e-09 0.00177589 0.00759746 0.0882693 0.412777 
0.00857929 3.06575e-05 0.239246 0.0450936 0.00497766 8.3584e-09 0.0645969 0.147946 0.0188168 0.470714 
0.00137212 0.00241951 0.0635812 0.129018 0.0292146 2.02431e-07 0.011412 0.101768 0.0680009 0.593213 
0.0487659 0.511204 0.00404777 0.0214567 0.167053 9.57746e-10 7.79926e-05 0.166839 0.0736585 0.00689662 
0.00744148 0.000113035 0.0423292 0.00696801 5.91117e-05 2.52605e-07 0.00238914 0.909544 0.0266359 0.00452005 
0.00308618 2.44253e-05 0.0733809 0.00784956 0.00137843 5.50942e-06 0.246233 0.479344 0.0938076 0.0948903 
0.00352035 2.50899e-06 0.046445 0.00809725 0.000454451 6.15985e-09 0.373341 0.0030308 0.00177421 0.563335 
0.0201878 8.77984e-08 0.0639791 0.162518 2.13053e-06 4.23591e-05 0.00129318 0.525937 0.181259 0.0447807 
0.0212053 0.00209638 0.36104 0.0315403 0.124966 0.0260168 0.0433041 0.0893719 0.0592393 0.24122 
0.00164503 0.000365864 0.0199583 0.556019 0.00401429 7.1566e-06 0.0683822 0.0282492 0.145758 0.175602 
0.0243779 0.00298377 0.211897 0.16585 0.000487309 1.69487e-05 0.110679 0.0341364 0.0770739 0.372498 
0.000143828 5.82655e-06 0.0387749 0.657548 0.000175596 3.54844e-05 0.000230673 0.0516155 0.217329 0.0341419 
0.391984 0.0136811 0.0239233 0.0080575 0.0010819 4.81996e-05 0.0231822 0.0493245 0.432464 0.0562534 
0.10368 9.54266e-10 0.334903 0.0167591 0.018465 8.65513e-10 0.00927125 0.258566 0.24007 0.0182858 
0.00501735 2.68733e-05 0.0373331 0.0548938 1.42491e-05 2.17848e-08 0.0240517 0.000225382 0.0921197 0.786318 
9.23601e-07 0.26199 0.0317914 0.428732 2.64482e-07 1.92419e-06 0.123677 0.00717349 0.0683012 0.0783324 
5.0368e-05 0.00193476 0.407409 0.419097 9.65172e-05 4.08918e-07 0.0274297 0.060309 0.0590379 0.0246352 
0.00565003 0.00467605 0.223367 0.0132723 0.00817077 2.1543e-06 0.0130378 0.0577769 0.10903 0.565017 
0.00233399 3.07514e-07 0.0152541 0.464907 0.000305857 2.22939e-07 0.0203413 0.117211 0.0950062 0.28464 
0.000416497 0.00115545 0.291096 0.064416 0.0848871 2.45582e-07 0.0564454 0.148654 0.0217488 0.33118 
0.106425 0.00158699 0.0340016 0.0324463 0.00360729 0.00011405 0.0422768 0.0735046 0.619784 0.0862539 
0.0223743 3.43979e-06 0.00995454 0.00245829 0.000368865 3.27853e-05 0.0367142 0.00572304 0.00129192 0.921079 
0.0087908 8.39788e-09 0.0132528 2.34723e-05 1.34203e-05 5.60252e-07 0.0136219 0.730377 0.206244 0.0276753 
0.0110203 0.00169413 0.176974 0.0799442 0.01448 0.000779523 0.0143773 0.024302 0.0455522 0.630877 
0.00314087 0.0173831 0.284897 0.158204 0.0303578 9.44145e-08 0.312905 0.114252 0.00344924 0.0754103 
0.0631039 0.00338854 0.160758 0.0490294 0.000311842 0.000513107 0.0999805 0.115277 0.190064 0.317574 
0.00247082 0.000272793 0.0628752 0.00808663 0.000556295 2.69802e-05 0.00067715 0.129792 0.264001 0.531241 
0.0357715 0.00415229 0.0106014 0.344105 0.170432 8.14683e-07 0.0178066 0.0162163 0.0116261 0.389287 
0.00245634 0.00625034 0.191531 0.00808987 0.00035327 0.00126117 0.0111449 0.131176 0.474268 0.173469 
0.000239779 0.00806383 0.682429 0.0399541 0.134961 1.17883e-06 0.00854086 0.00872737 0.00682729 0.110256 
0.00778263 0.000747175 0.109834 0.265123 0.015468 9.14248e-05 0.00769844 0.147001 0.372498 0.0737557 
0.0225861 0.00763193 0.00550218 0.0171433 6.28246e-05 0.000266968 0.618681 0.00440379 0.187754 0.135967 
0.032718 0.0645306 0.0123883 0.0119466 0.000207407 5.61066e-07 0.0045988 0.00174307 0.0591409 0.812726 
0.0338206 0.00109124 0.0405187 0.0106542 0.00384176 6.46416e-07 0.0100756 0.00463256 0.0482109 0.847154 
0.0663968 0.0138429 0.0203801 0.0180968 0.673917 2.86749e-05 0.00115065 0.128947 0.0467373 0.0305027 
0.036236 0.0849869 0.115841 0.00147959 0.00096207 1.53042e-08 0.000258469 0.338944 0.32076 0.100532 
0.00326959 0.00114648 0.321637 0.022063 0.000141639 8.84871e-06 0.0357275 0.0187599 0.0298713 0.567375 
0.0139244 0.00418772 0.252984 0.423953 0.0052691 0.00555759 0.0309424 0.050895 0.0436043 0.168682 
3.71906e-05 0.000441318 0.00492593 0.00324989 0.986619 2.34409e-07 0.000658528 0.000266817 0.000340635 0.00346029 
3.71906e-05 0.000441318 0.00492593 0.00324989 0.986619 2.34409e-07 0.000658528 0.000266817 0.000340635 0.00346029 
0.00328194 1.97985e-06 0.0642338 0.470226 0.00276354 4.1809e-07 0.0154061 0.066045 0.0957756 0.282266 
0.00288459 0.0954636 0.028208 0.0262106 0.00416398 2.72931e-05 0.0178758 0.00135127 0.128116 0.695699 
0.00414285 0.000519196 0.400963 0.0674899 0.00311644 6.55497e-06 0.0487555 0.0188211 0.0441164 0.412069 
0.000561749 0.00311909 0.14572 0.109229 0.0175344 0.000360767 0.00731582 0.686282 0.00482848 0.0250486 
3.71906e-05 0.000441318 0.00492593 0.00324989 0.986619 2.34409e-07 0.000658528 0.000266817 0.000340635 0.00346029 
0.0170429 0.0106907 0.0681576 0.0219379 0.563924 5.48945e-11 0.0720434 0.0376525 0.131324 0.0772264 
0.00248355 6.30718e-06 0.000210934 0.000887507 0.0666286 2.24453e-08 0.00463577 0.295931 0.415413 0.213803 
0.00994743 0.0118034 0.220445 0.139666 0.000271055 0.000316815 0.00794032 0.0285007 0.0881393 0.492969 
0.0171767 0.000353667 0.283295 0.0265108 0.000651902 3.88629e-05 0.384015 0.0191473 0.0322659 0.236545 
3.71906e-05 0.000441318 0.00492593 0.00324989 0.986619 2.34409e-07 0.000658528 0.000266817 0.000340635 0.00346029 
0.0301308 0.000164583 0.0311023 0.0721424 0.000907481 1.98291e-07 0.00115568 0.0820868 0.755244 0.0270661 
0.00746371 9.8019e-05 0.24824 0.0402176 0.00020079 2.62006e-07 0.0202432 0.230792 0.23841 0.214334 
0.0238222 0.000751509 0.00612534 0.0208716 0.0012046 7.31689e-07 0.062315 0.694778 0.16428 0.025851 
0.0207511 0.0080491 0.0242069 0.00735929 0.656699 2.85511e-11 0.0286814 0.0353026 0.129894 0.0890565 
0.112538 0.000671764 0.0269565 0.242327 0.169802 7.21807e-07 0.0477966 0.018734 0.0555095 0.325664 
0.00324658 0.96967 0.00239959 5.67235e-05 0.00073107 0.000367857 0.000154421 0.00515109 0.0109401 0.00728266 
0.0256298 8.164e-06 0.0273955 0.0166509 4.45004e-05 3.63026e-06 0.0609625 0.00922919 0.0168034 0.843272 
0.0009259 0.000182054 0.0516543 0.0159476 0.000156042 0.000303954 0.413727 0.116901 0.299141 0.101061 
0.000137627 0.00432788 0.0845446 0.178966 0.000441148 6.07017e-06 0.00531139 0.52965 0.146934 0.0496808 
0.133224 0.142809 0.144611 0.0013083 0.00788695 0.00262241 0.00333205 0.122967 0.134992 0.306247 
0.000573819 3.51293e-05 0.543606 0.0250393 0.000401193 0.000112438 0.0582656 0.0526817 0.0336585 0.285626 
8.36555e-05 5.16943e-07 0.104422 0.00601332 0.0111392 3.37869e-09 0.0141385 0.270979 0.0509559 0.542268 
0.00601851 0.00199743 0.139714 0.321403 9.78877e-05 6.56488e-06 0.0345472 0.0494796 0.114842 0.331895 
1.19913e-05 0.000146365 0.0138851 0.000136355 0.000517058 0.000134446 0.117042 0.682489 0.00109745 0.18454 
0.00349666 6.26305e-05 0.00744399 0.00730496 0.00019141 1.0419e-07 0.00902821 0.00362177 0.019134 0.949716 
2.8632e-05 2.19419e-07 0.0258198 0.890446 0.0129307 9.0516e-05 0.00910418 0.04157 0.00545202 0.0145575 
0.00950214 0.000357514 0.129073 0.0292569 1.70275e-07 1.70178e-07 0.0571831 0.0120736 0.075479 0.687074 
0.000318591 9.86984e-05 0.300349 0.287797 0.03259 0.000348104 0.0580833 0.018877 0.133905 0.167633 
0.248238 7.39937e-07 0.00716798 0.00208172 1.91686e-05 7.3277e-10 0.00239054 0.00329623 0.724439 0.0123665 
0.0360039 0.00198095 0.035559 0.00548865 8.07333e-05 1.75321e-05 0.00657836 0.0269951 0.0416507 0.845645 
0.00903002 6.96048e-06 0.0434172 0.029176 0.000466092 7.61281e-06 0.0128639 0.0144576 0.0275523 0.863022 
0.00324658 0.96967 0.00239959 5.67235e-05 0.00073107 0.000367857 0.000154421 0.00515109 0.0109401 0.00728266 
0.00324658 0.96967 0.00239959 5.67235e-05 0.00073107 0.000367857 0.000154421 0.00515109 0.0109401 0.00728266 
0.448934 1.08435e-07 0.013012 0.0448782 0.046647 5.06775e-08 0.00600016 0.0717523 0.333065 0.0357111 
0.00595424 0.000276969 0.278642 0.235568 0.0820727 0.00212469 0.00593277 0.303572 0.00899119 0.0768656 
0.123143 0.000363391 0.0346382 0.0554924 0.00303043 0.000158819 0.0822926 0.0355952 0.138964 0.526322 
0.0264783 0.000126651 0.065038 0.110435 0.562936 3.0009e-08 0.0161466 0.160955 0.0123148 0.0455696 
0.00495314 0.0542431 0.136166 0.592326 0.0962487 5.67609e-07 0.0084119 0.0686829 0.0152233 0.0237445 
0.0109321 0.000207189 0.148939 0.173167 0.00012852 5.49035e-05 0.0681055 0.018615 0.101353 0.478498 
0.0198487 1.94375e-05 0.0128744 0.0160932 0.904085 8.15911e-12 0.00294331 0.0302586 0.00177449 0.0121026 
0.0046694 0.000175065 0.0560007 0.0144095 0.020424 3.98895e-07 0.0304777 0.00290537 0.0932633 0.777675 
0.00175931 0.00829372 0.160036 0.0021505 0.0076838 0.000651611 0.0156179 0.437984 0.0187235 0.347099 
0.00837559 0.00592838 0.0617288 0.0134577 0.0120022 8.79866e-07 0.00743818 0.857691 0.029748 0.00362947 
0.0238765 0.00366965 0.00664888 0.000103228 0.000137551 4.85439e-06 0.000188546 0.000480904 0.913076 0.0518139 
5.97354e-09 0.000118197 0.0657843 0.193814 0.354767 1.83495e-11 0.00432853 0.000761734 0.112788 0.267639 
0.00376335 1.45138e-05 0.086444 0.119181 0.00033861 0.00101462 0.0183621 0.243718 0.400635 0.126529 
3.71906e-05 0.000441318 0.00492593 0.00324989 0.986619 2.34409e-07 0.000658528 0.000266817 0.000340635 0.00346029 
0.00223636 0.000223606 0.690087 0.0960393 0.00128604 1.27347e-06 0.0373456 0.0323163 0.0141435 0.126321 
0.000515485 0.13651 0.15391 0.027684 0.0824217 0.00124743 0.0161221 0.517064 0.0297916 0.0347335 
3.71906e-05 0.000441318 0.00492593 0.00324989 0.986619 2.34409e-07 0.000658528 0.000266817 0.000340635 0.00346029 
0.0114136 0.000980569 0.143119 0.106757 0.568154 5.24146e-12 0.00776773 0.066247 0.0270912 0.0684694 
0.00124189 1.45896e-08 0.00591676 0.0207904 4.97274e-06 8.99726e-07 0.00149085 0.318793 0.509446 0.142315 
1.04986e-05 0.00199011 0.326881 0.460354 0.000894262 2.34055e-09 0.0285306 0.00166635 0.00154571 0.178127 
0.0408205 8.9827e-05 0.0848379 0.0440716 4.02338e-05 2.44854e-08 0.000960631 0.0187634 0.0826592 0.727757 
3.71906e-05 0.000441318 0.00492593 0.00324989 0.986619 2.34409e-07 0.000658528 0.000266817 0.000340635 0.00346029 
9.44861e-05 1.60724e-07 0.188251 0.049899 0.000405465 1.30107e-07 0.0123885 0.00216283 0.0460495 0.700749 
0.0031615 0.00118846 0.00796836 0.00677615 4.39323e-05 8.81494e-10 0.000356242 0.000754114 0.0417564 0.937995 
0.0631155 0.00211027 0.132085 0.0685506 0.326955 5.06664e-06 0.00179205 0.275731 0.0243767 0.105279 
