0.00013047 0.000462145 0.0867819 0.0177384 7.26922e-07 3.44154e-09 0.667714 0.00745718 0.031217 0.188498 
0.00059983 0.000683329 0.0255112 0.00783815 0.000643854 5.78975e-07 0.0249001 0.873764 0.0135237 0.0525355 
0.000150738 2.71656e-10 0.119297 0.202924 2.99046e-05 2.4639e-10 0.00135949 0.0330714 0.119754 0.523413 
0.0457839 3.7513e-05 0.00110733 0.000797822 0.000100448 4.48619e-07 0.00312073 0.000772637 0.0357746 0.912505 
0.00760223 0.0021911 0.00414211 0.62559 0.0647624 2.2406e-07 0.00583982 0.00444735 0.00786448 0.277561 
0.0410177 0.00022958 0.220148 0.0972267 0.0010258 8.8352e-05 0.0229166 0.507957 0.0456798 0.0637108 
0.0158261 0.0105434 0.100025 0.0429417 0.0212052 0.00442925 0.151501 0.20193 0.0787124 0.372886 
0.164467 0.000939698 3.36771e-07 0.000622213 2.8752e-05 3.959e-09 2.31857e-08 0.0228349 0.810882 0.00022565 
3.71906e-05 0.000441318 0.00492593 0.00324989 0.986619 2.34409e-07 0.000658528 0.000266817 0.000340635 0.00346029 
0.0262242 0.00104109 0.0845688 0.175905 0.0199784 9.35292e-05 0.128169 0.190275 0.0250606 0.348685 
0.0737893 0.0446963 0.0799224 0.00181449 3.16747e-05 2.32603e-05 0.000711565 0.552834 0.187475 0.0587014 
0.00974709 0.000101179 0.0254207 0.0234612 0.0207905 4.66808e-07 0.0247505 0.0375136 0.365751 0.492464 
3.71906e-05 0.000441318 0.00492593 0.00324989 0.986619 2.34409e-07 0.000658528 0.000266817 0.000340635 0.00346029 
3.03794e-05 0.000103933 0.0827476 0.54062 0.0661106 7.17364e-11 0.00690619 0.152586 0.00260124 0.148293 
3.71906e-05 0.000441318 0.00492593 0.00324989 0.986619 2.34409e-07 0.000658528 0.000266817 0.000340635 0.00346029 
0.000173457 4.71763e-06 0.0925675 0.427775 8.02212e-05 4.56921e-06 0.025813 0.0874852 0.0447307 0.321365 
0.0190117 0.0215081 0.0192297 0.00917218 0.000540016 5.88582e-05 0.0066195 0.0291641 0.80102 0.0936759 
0.0438013 3.99292e-05 0.329814 0.122836 0.00120616 4.61811e-07 0.0179459 0.0271215 0.0556806 0.401555 
3.71906e-05 0.000441318 0.00492593 0.00324989 0.986619 2.34409e-07 0.000658528 0.000266817 0.000340635 0.00346029 
0.00337505 0.000218392 0.342326 0.067875 0.00048919 3.69915e-06 0.0824565 0.00437945 0.0456817 0.453195 
0.000268046 0.000119637 0.867789 0.072516 0.00717175 6.89616e-07 0.015456 0.0018437 0.000641204 0.0341943 
0.000428262 5.16447e-05 0.218211 0.0334453 6.20804e-05 1.58335e-05 0.0144075 0.000599788 0.0356835 0.697095 
3.71906e-05 0.000441318 0.00492593 0.00324989 0.986619 2.34409e-07 0.000658528 0.000266817 0.000340635 0.00346029 
0.160784 0.00678866 0.0493194 0.017828 0.00244607 2.47037e-05 0.111608 0.00274846 0.290151 0.358302 
0.0040485 0.000487193 0.182114 0.382702 0.0742548 9.88659e-06 0.049761 0.0537224 0.0271434 0.225757 
3.71906e-05 0.000441318 0.00492593 0.00324989 0.986619 2.34409e-07 0.000658528 0.000266817 0.000340635 0.00346029 
0.00574994 0.0721571 0.252157 0.0265244 0.00165196 0.00011787 0.0654898 0.364329 0.0930227 0.1188 
0.0258945 0.000213906 0.0455812 0.0654713 0.000691551 4.22855e-06 0.0211861 0.00492608 0.0179457 0.818085 
0.00571485 9.11359e-06 0.0355603 0.0232013 0.0419873 3.00763e-07 0.00686097 0.63897 0.162577 0.0851187 
3.71906e-05 0.000441318 0.00492593 0.00324989 0.986619 2.34409e-07 0.000658528 0.000266817 0.000340635 0.00346029 
0.0212308 0.000129261 0.0123548 0.00823043 0.000395787 1.14376e-05 0.0353448 0.845447 0.0694325 0.00742345 
0.0726551 2.86064e-05 0.0232843 0.0054395 0.00257431 3.43379e-07 0.683485 0.000273377 0.0121542 0.200105 
0.0369269 0.000435958 0.00776028 0.0419869 0.854928 2.22305e-10 0.00650119 0.00650339 0.0257579 0.0191992 
0.0238765 0.00366965 0.00664888 0.000103228 0.000137551 4.85439e-06 0.000188546 0.000480904 0.913076 0.0518139 
0.00917574 9.24265e-05 0.0887169 0.0852809 0.00205392 1.85828e-05 0.00566857 0.0316967 0.251859 0.525438 
0.0392604 0.0763261 0.0580438 0.0976413 0.0001848 1.19212e-06 0.0640607 0.00431747 0.02376 0.636404 
0.0223501 0.000196475 0.00358321 0.037073 0.000172556 3.82549e-06 0.00253237 0.00112409 0.0242812 0.908683 
0.279265 2.9989e-05 0.000384028 0.0043934 1.29128e-05 4.71294e-09 0.0200063 0.00284579 0.464266 0.228797 
0.0904182 1.8791e-05 0.0238383 0.0145094 0.000287991 2.96163e-07 0.0240187 0.0595539 0.733069 0.0542857 
0.0312833 0.00153022 0.341009 0.292014 0.0196099 3.4499e-05 0.0301649 0.0313145 0.0259442 0.227096 
3.47336e-07 8.13322e-07 0.366011 0.00122198 0.00289616 3.91928e-08 4.82241e-07 0.437386 0.0226023 0.16988 
0.178036 0.000203489 0.113423 0.0139861 0.00024644 7.84127e-06 0.0118678 0.184223 0.400064 0.0979435 
0.00307762 0.000470181 0.116902 0.286845 0.0270457 3.55352e-07 0.342597 0.151096 0.0157081 0.0562578 
0.000306591 0.00011783 0.251979 0.0184099 2.48102e-05 1.61996e-05 0.0368305 0.00329782 0.114638 0.574379 
1.4433e-08 4.03483e-08 0.0381052 0.0917864 7.47452e-05 7.88682e-13 0.0211329 0.000220422 0.000697887 0.847982 
0.00901374 0.00152615 0.101363 0.00634755 5.17157e-05 4.78578e-05 0.00440298 0.489589 0.149198 0.23846 
0.0726551 2.86064e-05 0.0232843 0.0054395 0.00257431 3.43379e-07 0.683485 0.000273377 0.0121542 0.200105 
0.00211084 0.0104597 0.517855 0.16138 0.00346478 9.68926e-07 0.149408 0.0249408 0.0151505 0.11523 
0.0457839 3.7513e-05 0.00110733 0.000797822 0.000100448 4.48619e-07 0.00312073 0.000772637 0.0357746 0.912505 
3.71906e-05 0.000441318 0.00492593 0.00324989 0.986619 2.34409e-07 0.000658528 0.000266817 0.000340635 0.00346029 
0.00845189 2.53258e-05 0.19147 0.00811562 1.86315e-05 8.31239e-08 0.00553564 0.0280442 0.234526 0.523813 
3.71906e-05 0.000441318 0.00492593 0.00324989 0.986619 2.34409e-07 0.000658528 0.000266817 0.000340635 0.00346029 
3.71906e-05 0.000441318 0.00492593 0.00324989 0.986619 2.34409e-07 0.000658528 0.000266817 0.000340635 0.00346029 
3.94887e-05 7.0644e-06 0.150462 0.0497517 7.40514e-05 7.18841e-09 0.0941522 0.490989 0.0811805 0.133344 
0.163019 0.00502812 0.0381683 0.00375291 5.54091e-05 1.0979e-09 0.00305176 0.00714692 0.353712 0.426066 
0.000942366 1.307e-07 0.829331 0.0912848 0.000459405 9.12651e-12 0.00370828 0.0271243 0.00728458 0.0398648 
3.71906e-05 0.000441318 0.00492593 0.00324989 0.986619 2.34409e-07 0.000658528 0.000266817 0.000340635 0.00346029 
0.000886325 8.75072e-08 0.0640969 0.00712774 0.000163561 3.11085e-11 0.825917 0.00124402 0.0061471 0.0944171 
0.0251363 1.1674e-07 0.1249 0.00262735 6.87593e-05 1.78582e-08 0.0984447 0.0544038 0.639947 0.0544713 
0.0297868 0.00065514 0.16725 0.0200002 0.0116817 1.40827e-05 0.262705 0.0492575 0.0351873 0.423462 
4.34813e-07 3.89547e-10 0.0502968 7.32863e-07 0.000402599 3.53316e-10 0.0610807 0.034239 0.0975585 0.756421 
1.76259e-05 7.1979e-11 3.16063e-05 3.52135e-06 0.99801 6.52845e-11 1.93139e-06 0.00149925 0.000402344 3.37297e-05 
0.0199421 0.000321918 0.0065612 0.7664 5.09903e-05 1.45516e-06 0.127372 6.75139e-05 0.000655915 0.0786268 
0.0360039 0.00198095 0.035559 0.00548865 8.07333e-05 1.75321e-05 0.00657836 0.0269951 0.0416507 0.845645 
0.0248005 0.00352001 0.0293411 0.00633691 6.34808e-05 3.68682e-07 0.00466324 0.00336804 0.727579 0.200328 
0.0219269 1.83536e-05 0.548769 0.00658672 0.000140749 5.4396e-06 0.0117414 0.00992672 0.027473 0.373412 
3.71906e-05 0.000441318 0.00492593 0.00324989 0.986619 2.34409e-07 0.000658528 0.000266817 0.000340635 0.00346029 
0.0184023 8.99805e-07 0.114177 0.0133184 0.015988 1.15208e-07 0.00162083 0.413667 0.240651 0.182175 
3.02115e-05 0.000258522 0.0201212 0.929491 0.000694544 2.06727e-05 0.00331732 0.0238195 0.00860426 0.013643 
0.00330719 4.40278e-05 0.00933622 0.0139614 0.000155021 1.97212e-09 0.00127179 0.000862776 0.0308796 0.940182 
0.00812937 0.000218798 0.0496558 0.00361643 8.63364e-05 8.69132e-06 0.00206115 0.112124 0.0782249 0.745875 
0.0305241 2.5127e-05 0.0111585 0.00178939 0.000106913 3.07772e-07 0.0032489 0.00459535 0.0578655 0.890686 
0.000437747 0.000374751 0.0997688 0.0519099 2.77007e-05 3.51056e-06 0.0149013 0.671275 0.0302788 0.131022 
0.00281333 0.00548225 0.677188 0.143465 0.0158089 7.78603e-07 0.0461753 0.0477258 0.028265 0.033075 
0.00149382 0.000337539 0.0247542 0.00951863 0.00198424 8.93591e-05 0.00292064 0.913309 0.0177512 0.0278413 
3.02802e-07 9.02266e-09 0.00316267 0.731478 5.75783e-07 1.03422e-10 0.0860594 0.00111463 0.00615546 0.172029 
0.00223925 0.00396128 0.555982 0.0811089 0.00153886 0.00047081 0.00393457 0.150535 0.0428535 0.157376 
0.0726551 2.86064e-05 0.0232843 0.0054395 0.00257431 3.43379e-07 0.683485 0.000273377 0.0121542 0.200105 
0.0102886 0.00118178 0.00236799 0.569461 0.0360161 3.09412e-07 0.0062875 0.00295766 0.0124683 0.358971 
0.935113 3.08487e-05 0.00150635 0.000898842 1.76464e-05 3.48974e-07 4.27026e-05 0.00200386 0.0447598 0.0156261 
0.0245558 1.79038e-05 0.294529 0.0199495 0.00403302 3.84714e-07 0.067768 0.0221147 0.127655 0.439377 
0.00476092 0.0156923 0.106632 0.584082 0.142366 2.1221e-06 0.0167878 0.0693121 0.00283291 0.0575314 
0.00112369 5.92256e-10 0.043912 0.0103384 1.26861e-07 5.37173e-10 0.00196066 0.620958 0.17644 0.145267 
0.00819761 0.00170804 0.230521 0.233894 0.101608 1.2892e-07 0.0526693 0.048076 0.115616 0.20771 
0.020983 2.2199e-06 0.230371 0.00150636 4.43089e-05 1.53549e-07 0.000386296 0.000782097 0.104543 0.641382 
0.00208502 0.00327972 0.325321 0.143833 0.029769 0.000622995 0.074588 0.230293 0.0202757 0.169932 
0.000665298 7.65898e-06 0.00011173 0.00254999 0.964056 2.12855e-11 1.215e-05 0.010131 0.00361539 0.0188508 
0.00370982 0.000103457 0.568364 0.0533088 0.000697712 3.18185e-06 0.014192 0.0161445 0.0398172 0.30366 
2.21107e-06 6.83957e-07 1.75263e-06 0.860967 0.0365333 1.52513e-07 1.39759e-06 0.0255873 8.34583e-06 0.0768977 
0.0359978 0.000291367 0.686128 0.086708 0.000504324 3.45176e-09 0.044211 0.0642766 0.0184545 0.0634283 
0.0972275 0.00324876 0.0393094 0.0253417 0.0027963 0.000147128 0.0378733 0.0168327 0.608446 0.168777 
0.000379965 0.000386932 0.0007967 0.680506 0.0128624 7.20445e-10 0.00122295 0.00117572 0.00808512 0.294584 
9.25553e-05 0.000530577 0.0122416 0.217497 0.348226 7.00039e-11 0.0004911 0.0267359 0.308872 0.0853131 
0.0316077 0.00220533 0.0273837 0.0371729 0.000404312 3.10593e-07 0.0651427 0.101723 0.293013 0.441347 
0.0162022 0.00403744 0.276933 0.102557 0.000377404 4.85291e-05 0.11602 0.27441 0.118761 0.0906534 
0.00069691 0.00168744 0.131705 0.325094 0.032471 1.53441e-05 0.0167993 0.0218117 0.00474599 0.464974 
0.00272411 0.000161405 0.212726 0.104092 0.162148 1.7537e-07 0.0101283 0.013566 0.0571572 0.437297 
0.00304255 0.000751569 0.012868 0.0126738 0.868296 2.84263e-09 0.00332611 0.02088 0.0239701 0.054192 
0.0164628 0.000991257 0.471059 0.239626 0.00114431 3.28702e-05 0.00885033 0.146132 0.0474056 0.0682961 
0.020843 0.0228009 0.36545 0.102191 0.021144 0.000511961 0.0912631 0.0511469 0.0464512 0.278199 
0.0481564 0.000566662 0.121615 0.0126114 0.0754644 0.000100779 0.0669468 0.183496 0.0667166 0.424326 
0.00638543 0.00906813 0.069138 0.02483 0.00133469 4.50757e-05 0.0568397 0.635161 0.0762889 0.120909 
0.00576192 2.46058e-09 0.0125095 0.000162794 8.45792e-05 2.00231e-09 0.000786255 0.00347846 0.927085 0.0501314 
0.0122688 0.0497159 0.193455 0.114911 0.00910893 1.66517e-05 0.0264655 0.339833 0.0530721 0.201153 
3.65192e-05 6.13648e-09 0.208383 0.000110791 3.12522e-05 1.7799e-12 0.00031255 0.0273206 0.0226927 0.741112 
0.000442299 0.000125434 0.0493464 0.102845 0.00177869 9.9273e-06 0.0732418 0.170954 0.434899 0.166358 
0.00986909 2.37178e-05 0.0215707 0.00146861 3.51037e-05 2.67264e-07 0.0203281 0.000612176 0.895638 0.0504545 
0.00083025 0.000905926 0.275185 0.267602 0.00114856 3.08003e-06 0.0815619 0.338582 0.00605281 0.0281275 
0.00461992 9.15723e-06 0.00565402 0.00356927 0.000218175 1.13709e-08 0.00504982 0.001673 0.0043226 0.974884 
0.00188003 6.7728e-12 5.63304e-05 1.01776e-05 0.99149 6.14289e-12 2.82928e-05 0.00227081 0.0040069 0.000257444 
0.016139 0.00899468 0.0278289 0.0123049 0.000354978 1.32689e-05 0.0129398 0.0489673 0.0535947 0.818862 
0.0105682 0.000119399 0.0415344 0.00985134 5.98849e-05 2.13828e-07 0.00289685 0.89779 0.0324617 0.00471777 
3.71906e-05 0.000441318 0.00492593 0.00324989 0.986619 2.34409e-07 0.000658528 0.000266817 0.000340635 0.00346029 
0.00105668 0.00479348 0.158995 0.415193 0.00274861 2.38912e-07 0.0449349 0.0149611 0.158888 0.19843 
0.102428 0.000137428 0.172626 0.0373144 0.00422202 3.22856e-07 0.092909 0.0861018 0.0898119 0.41445 
0.000433968 0.00168154 0.579229 0.199698 0.014056 9.01615e-05 0.122658 0.0557818 0.0174749 0.0088967 
0.0343195 0.00397022 0.0133459 0.339952 0.175079 4.53593e-07 0.010419 0.00886156 0.00835264 0.4057 
1.45127e-06 3.55098e-08 9.35433e-07 0.000656666 5.74437e-08 4.42936e-11 8.33601e-08 0.8845 0.0620318 0.0528086 
0.0084175 6.87728e-06 0.00968095 0.0181329 0.000115517 5.73484e-06 0.100002 0.00140442 0.0197531 0.842481 
0.159127 0.000908604 0.0647996 0.0423666 1.90898e-05 5.18165e-06 0.00026572 0.460219 0.178047 0.094242 
0.0121097 0.000346872 0.0626844 0.0829559 0.00421264 4.39543e-06 0.0216952 0.148574 0.0945527 0.572864 
0.00257685 0.00249383 0.0751178 0.350058 0.000122675 1.62798e-07 0.00774116 0.0522081 0.163603 0.346079 
0.0451528 0.00234717 0.1393 0.0526195 0.0149839 3.81158e-05 0.050631 0.0127921 0.47605 0.206086 
0.000110034 3.85244e-05 0.758405 0.03155 0.00203882 5.136e-11 0.00217766 0.022707 0.081304 0.101669 
0.0734412 0.00237818 0.0151675 0.00954937 5.06608e-05 3.3691e-05 0.0079452 0.0440843 0.0790886 0.768261 
0.0734412 0.00237818 0.0151675 0.00954937 5.06608e-05 3.3691e-05 0.0079452 0.0440843 0.0790886 0.768261 
0.0103735 2.51095e-05 0.0630665 0.336541 0.000667927 2.47864e-09 0.0156701 0.0799988 0.135186 0.358471 
0.0726551 2.86064e-05 0.0232843 0.0054395 0.00257431 3.43379e-07 0.683485 0.000273377 0.0121542 0.200105 
0.0368108 0.00667473 0.068819 0.111256 0.00109958 8.69259e-08 0.0915309 0.0203268 0.31889 0.344592 
0.0504052 0.00277271 0.0376484 0.00109218 0.000113011 2.45281e-05 0.00663898 0.0280565 0.0525609 0.820688 
0.00362031 0.00028692 0.279881 0.001868 1.34376e-05 9.00813e-06 0.0120518 0.639332 0.0499459 0.012991 
0.0054135 0.00334832 0.0793374 0.416804 2.49906e-05 9.32913e-09 0.00772546 0.0265517 0.180845 0.279949 
0.00119141 0.00396625 0.129155 0.0937216 0.0896716 9.38483e-06 0.0564308 0.046523 0.159711 0.419619 
0.0126429 0.0246378 0.0317527 0.10274 0.00408016 0.000150733 0.00409587 0.743683 0.0150163 0.061201 
3.71906e-05 0.000441318 0.00492593 0.00324989 0.986619 2.34409e-07 0.000658528 0.000266817 0.000340635 0.00346029 
0.0104567 0.00141407 0.00302355 0.564827 0.0496782 3.075e-07 0.007213 0.00406954 0.0111275 0.34819 
0.019978 8.1988e-07 0.065695 0.0144016 0.000280716 4.94402e-08 6.30869e-07 0.693415 0.136573 0.0696554 
0.224617 0.00922991 0.0103478 0.0164505 0.00585917 7.8376e-09 0.0602277 0.0360364 0.617961 0.0192705 
0.0368864 0.640093 0.0223337 0.0234265 4.19512e-05 2.40246e-09 0.00524296 0.00338259 0.133948 0.134645 
0.000173643 0.0777865 0.765486 0.0572898 0.0107296 7.44402e-07 0.00212759 0.0209806 0.010041 0.0553848 
0.0294077 0.003474 0.277376 0.110358 9.27609e-05 8.75486e-05 0.0461414 0.353381 0.16634 0.013341 
3.71906e-05 0.000441318 0.00492593 0.00324989 0.986619 2.34409e-07 0.000658528 0.000266817 0.000340635 0.00346029 
0.000174752 0.451687 0.129868 0.123852 0.0982143 1.14923e-05 0.00766107 0.110598 0.0148822 0.0630508 
3.71906e-05 0.000441318 0.00492593 0.00324989 0.986619 2.34409e-07 0.000658528 0.000266817 0.000340635 0.00346029 
0.000328233 9.30349e-06 0.1573 0.0293062 1.22005e-05 1.26266e-07 0.158299 0.000687468 0.00698601 0.647072 
0.00473989 0.000896401 0.154971 0.00777901 0.000119317 2.48714e-05 0.0325554 0.0155477 0.0226486 0.760718 
3.71906e-05 0.000441318 0.00492593 0.00324989 0.986619 2.34409e-07 0.000658528 0.000266817 0.000340635 0.00346029 
3.65144e-08 1.12703e-10 0.445418 0.0472124 5.58541e-08 1.02221e-10 0.142383 0.0229607 0.00351278 0.338513 
0.0251363 1.1674e-07 0.1249 0.00262735 6.87593e-05 1.78582e-08 0.0984447 0.0544038 0.639947 0.0544713 
0.0134247 0.000283148 0.0514636 0.000656614 0.00195124 6.29731e-05 0.0299524 0.649543 0.102969 0.149694 
3.71906e-05 0.000441318 0.00492593 0.00324989 0.986619 2.34409e-07 0.000658528 0.000266817 0.000340635 0.00346029 
0.177661 0.00119481 0.0703075 0.00807099 0.0133266 5.50939e-07 0.0745289 0.00360236 0.0383772 0.61293 
0.00188003 6.7728e-12 5.63304e-05 1.01776e-05 0.99149 6.14289e-12 2.82928e-05 0.00227081 0.0040069 0.000257444 
3.71906e-05 0.000441318 0.00492593 0.00324989 0.986619 2.34409e-07 0.000658528 0.000266817 0.000340635 0.00346029 
0.814756 6.07269e-05 0.00295809 2.07766e-05 8.98806e-07 3.06783e-10 0.00237794 0.00110638 0.154374 0.0243452 
0.00672674 3.9064e-05 0.176884 0.139145 0.000377093 1.06416e-07 0.00345607 0.126531 0.072752 0.474088 
4.64483e-05 0.00274824 0.00504659 0.0180507 0.0622778 1.22763e-08 0.00511472 0.00122596 0.040629 0.864861 
3.71906e-05 0.000441318 0.00492593 0.00324989 0.986619 2.34409e-07 0.000658528 0.000266817 0.000340635 0.00346029 
0.0484153 3.19141e-05 0.0924694 0.65086 0.0339318 1.15083e-05 0.0403425 0.0317209 0.0510601 0.051156 
0.00949872 2.46519e-08 0.514636 0.0700415 1.28266e-05 1.67745e-08 0.02756 0.0740697 0.0883822 0.215799 
7.32486e-05 0.00530336 0.216553 0.210815 0.0123266 7.60242e-08 0.154639 0.284194 0.00584227 0.110253 
0.101825 1.16134e-07 0.336353 0.000768376 0.000102802 1.203e-11 0.005284 0.168074 0.199206 0.188387 
3.71906e-05 0.000441318 0.00492593 0.00324989 0.986619 2.34409e-07 0.000658528 0.000266817 0.000340635 0.00346029 
0.00736705 0.000133428 0.390193 0.028621 8.02843e-05 7.01734e-05 0.0511758 0.00815066 0.0387275 0.475482 
0.164467 0.000939698 3.36771e-07 0.000622213 2.8752e-05 3.959e-09 2.31857e-08 0.0228349 0.810882 0.00022565 
3.71906e-05 0.000441318 0.00492593 0.00324989 0.986619 2.34409e-07 0.000658528 0.000266817 0.000340635 0.00346029 
3.71906e-05 0.000441318 0.00492593 0.00324989 0.986619 2.34409e-07 0.000658528 0.000266817 0.000340635 0.00346029 
0.118244 0.000612996 0.00646524 0.338721 0.0362896 1.23654e-06 0.0342073 0.00326669 0.0504737 0.411718 
0.0689763 0.035562 0.118103 4.74412e-05 7.85434e-05 6.90452e-06 0.000917943 0.293694 0.293753 0.188861 
0.00952484 0.0201195 0.539027 0.0660545 0.0333388 3.20358e-05 0.0263167 0.0202667 0.0231796 0.26214 
3.71906e-05 0.000441318 0.00492593 0.00324989 0.986619 2.34409e-07 0.000658528 0.000266817 0.000340635 0.00346029 
0.00264834 3.84897e-05 0.00853422 0.00911268 0.000102561 5.68816e-08 0.0119875 0.00284861 0.0189369 0.945791 
0.000942366 1.307e-07 0.829331 0.0912848 0.000459405 9.12651e-12 0.00370828 0.0271243 0.00728458 0.0398648 
3.65192e-05 6.13648e-09 0.208383 0.000110791 3.12522e-05 1.7799e-12 0.00031255 0.0273206 0.0226927 0.741112 
3.71906e-05 0.000441318 0.00492593 0.00324989 0.986619 2.34409e-07 0.000658528 0.000266817 0.000340635 0.00346029 
0.013642 8.85194e-08 0.2937 0.199292 0.000831696 4.19962e-11 0.031744 0.102679 0.0537743 0.304337 
0.0244069 0.00036059 0.0735732 0.0157213 0.000233178 8.07106e-08 0.00591022 0.0123317 0.0250218 0.842441 
0.000908092 6.27385e-05 0.00645613 0.621621 0.00706762 4.83283e-07 0.00636392 0.000191836 0.0251863 0.332141 
0.0400458 0.0643631 0.0552166 0.0866988 1.9126e-05 5.02568e-07 0.224064 0.16355 0.33967 0.0263726 
0.0726551 2.86064e-05 0.0232843 0.0054395 0.00257431 3.43379e-07 0.683485 0.000273377 0.0121542 0.200105 
0.0056981 0.00408082 0.409945 0.0110307 0.000154832 0.000112705 0.0163065 0.100776 0.0817963 0.370099 
0.0681779 0.0197023 0.187346 0.195802 0.0302323 7.14022e-05 0.00771772 0.141513 0.114827 0.23461 
0.0198248 1.53098e-05 0.244708 0.151076 0.000330945 2.05233e-11 0.0665255 0.00976306 0.0319873 0.475769 
0.0299547 0.0192085 0.073467 0.033337 0.000596378 2.55751e-07 0.0089048 0.431474 0.306167 0.09689 
0.0102651 0.000177369 0.0435357 0.0966557 0.127347 3.72507e-05 0.0321801 0.0213571 0.0268451 0.6416 
0.00175803 0.00702993 0.11049 0.139379 0.100354 1.51734e-09 0.00472532 0.572855 0.0163826 0.0470262 
0.00121345 1.1542e-08 0.0023165 0.356037 7.44087e-07 2.6106e-11 0.0360276 0.000695212 0.567102 0.0366069 
0.00646104 2.04245e-07 0.0149507 0.000170654 9.10659e-05 1.49272e-07 0.000835749 0.00364672 0.919137 0.0547065 
0.00196012 1.11418e-05 0.0249462 0.00279224 0.00025687 5.19142e-09 0.0155791 0.00366743 0.00387644 0.94691 
3.71906e-05 0.000441318 0.00492593 0.00324989 0.986619 2.34409e-07 0.000658528 0.000266817 0.000340635 0.00346029 
3.71906e-05 0.000441318 0.00492593 0.00324989 0.986619 2.34409e-07 0.000658528 0.000266817 0.000340635 0.00346029 
0.000292008 0.0038245 0.0451962 0.0679489 0.671138 2.57451e-06 0.0198773 0.0384596 0.048558 0.104703 
0.0244388 0.0294643 0.235546 0.174838 0.134312 1.26613e-05 0.0298899 0.185193 0.106107 0.0801976 
0.000290279 6.82276e-05 0.0979659 0.473499 0.000119567 7.31758e-06 0.149449 0.0174442 0.0724164 0.188739 
0.00537949 0.00942105 0.0420662 0.0852093 0.00572533 1.35281e-07 0.0111984 0.0208592 0.335189 0.484952 
0.000242232 3.35845e-06 0.0584178 0.327526 0.00180434 2.74118e-06 0.0287304 0.0219704 0.399931 0.161372 
3.71906e-05 0.000441318 0.00492593 0.00324989 0.986619 2.34409e-07 0.000658528 0.000266817 0.000340635 0.00346029 
0.000108771 0.0039107 0.0174797 0.427793 0.186476 6.06117e-06 0.019583 0.0189565 0.112911 0.212776 
3.71906e-05 0.000441318 0.00492593 0.00324989 0.986619 2.34409e-07 0.000658528 0.000266817 0.000340635 0.00346029 
0.0374196 0.00305485 0.0354233 3.81753e-06 0.00429286 2.32297e-08 0.000817351 0.300077 0.00853247 0.610379 
0.00918565 2.31664e-05 0.201534 0.0646357 0.000714613 1.99328e-08 0.0649828 0.0141623 0.0180815 0.62668 
0.0533655 0.0975782 0.0350993 0.00946247 0.000992048 0.000642054 0.00907352 0.039172 0.607131 0.147484 
0.934029 0.000645802 0.0173877 0.00535141 1.07149e-05 4.25397e-07 0.0162272 0.00014241 0.00363319 0.0225725 
0.000900615 0.0100128 0.0222323 0.0618358 0.00578655 4.15905e-08 9.30557e-05 0.458856 0.336841 0.103441 
3.71906e-05 0.000441318 0.00492593 0.00324989 0.986619 2.34409e-07 0.000658528 0.000266817 0.000340635 0.00346029 
0.0402558 2.07061e-08 0.228054 0.00782102 0.00245035 1.13895e-11 0.00418271 0.232605 0.0995449 0.385086 
0.0663968 0.0138429 0.0203801 0.0180968 0.673917 2.86749e-05 0.00115065 0.128947 0.0467373 0.0305027 
0.00132093 0.000755473 0.223864 0.117006 0.00224651 0.000444938 0.250817 0.163022 0.101525 0.138997 
3.71906e-05 0.000441318 0.00492593 0.00324989 0.986619 2.34409e-07 0.000658528 0.000266817 0.000340635 0.00346029 
3.71906e-05 0.000441318 0.00492593 0.00324989 0.986619 2.34409e-07 0.000658528 0.000266817 0.000340635 0.00346029 
0.0082231 0.000372175 0.000632017 0.523733 0.00987149 2.19794e-07 0.0063125 0.000961367 0.0143688 0.435525 
0.00772223 0.00811159 0.0553875 0.0152364 0.0435956 1.15004e-06 0.00683876 0.827531 0.0290563 0.00651907 
0.00781129 7.36221e-08 0.19851 0.0685859 0.00550411 6.01283e-11 0.031024 0.141797 0.237574 0.309194 
0.0277541 0.00477826 0.753786 0.0602415 0.000371975 8.17385e-06 0.0275118 0.00764025 0.0227536 0.0951541 
0.0337122 3.94719e-06 0.0984129 0.00499384 1.73829e-05 3.63823e-07 0.00532064 0.00361006 0.278584 0.575344 
5.42836e-08 1.18998e-05 0.00412104 0.0011148 1.23866e-06 2.51773e-10 0.00795081 0.00382295 0.00205356 0.980924 
3.71906e-05 0.000441318 0.00492593 0.00324989 0.986619 2.34409e-07 0.000658528 0.000266817 0.000340635 0.00346029 
0.0020116 0.000706272 0.0874705 0.0388591 0.0120218 9.66972e-07 0.0706207 0.00282086 0.0372319 0.748256 
5.42836e-08 1.18998e-05 0.00412104 0.0011148 1.23866e-06 2.51773e-10 0.00795081 0.00382295 0.00205356 0.980924 
0.0112984 4.53685e-05 0.197115 0.0175436 1.33837e-05 1.19321e-06 0.407237 0.00234742 0.0527226 0.311676 
0.0304949 0.00166619 0.183655 0.10319 0.000922215 0.000168338 0.0159578 0.0737704 0.0357868 0.554388 
1.92956e-05 1.10463e-07 0.144262 0.00106713 4.5119e-05 1.0019e-07 0.00389495 0.504074 0.304989 0.0416491 
0.0185004 0.00237728 0.112422 0.0989416 0.0021323 7.42779e-08 0.00526885 0.143369 0.417999 0.198989 
0.955518 2.29382e-05 0.00102142 0.000599229 1.17654e-05 2.32732e-07 2.84687e-05 0.00135092 0.0309418 0.0105055 
0.000878641 3.66109e-05 0.0299304 0.0416252 2.71515e-05 7.63025e-07 0.221111 0.0663445 0.601898 0.0381474 
0.0130739 0.000109263 0.0487458 0.0117015 6.20821e-05 2.06678e-07 0.00333717 0.879679 0.0381139 0.00517691 
3.71906e-05 0.000441318 0.00492593 0.00324989 0.986619 2.34409e-07 0.000658528 0.000266817 0.000340635 0.00346029 
3.71906e-05 0.000441318 0.00492593 0.00324989 0.986619 2.34409e-07 0.000658528 0.000266817 0.000340635 0.00346029 
0.00665484 0.00118367 0.758017 0.0471638 0.0210274 3.42524e-09 0.0245108 0.00233271 0.0156789 0.123431 
0.000152981 0.00283754 0.0216126 0.00119065 4.69073e-05 3.33404e-09 0.00174199 0.963385 0.00587512 0.00315716 
4.40127e-05 5.65102e-06 0.0247583 0.123136 4.5001e-05 1.7618e-06 0.031326 0.794321 0.00208736 0.0242745 
0.457214 0.00478446 0.0598169 0.0900196 0.0400217 2.01425e-05 0.00421054 0.101433 0.196759 0.0457208 
3.71906e-05 0.000441318 0.00492593 0.00324989 0.986619 2.34409e-07 0.000658528 0.000266817 0.000340635 0.00346029 
3.71906e-05 0.000441318 0.00492593 0.00324989 0.986619 2.34409e-07 0.000658528 0.000266817 0.000340635 0.00346029 
0.0122761 9.58701e-05 0.697078 0.0403333 0.0001131 1.5939e-05 0.0396995 0.0126179 0.0154443 0.182326 
3.71906e-05 0.000441318 0.00492593 0.00324989 0.986619 2.34409e-07 0.000658528 0.000266817 0.000340635 0.00346029 
5.92709e-05 2.43952e-05 0.0363058 0.0148219 0.417838 4.19914e-07 0.030467 0.024116 0.000446622 0.47592 
5.6925e-07 0.00827113 0.12773 0.0226002 1.40222e-06 2.3111e-09 0.0347096 0.799433 0.00725022 3.60997e-06 
0.0541663 0.000265219 0.0582829 0.0148434 0.00121974 0.000184984 0.12283 0.122098 0.0129 0.61321 
0.0256904 3.7648e-08 0.0138242 0.0986278 0.000169888 2.96976e-08 0.0209633 0.0634723 0.355672 0.42158 
4.34813e-07 3.89547e-10 0.0502968 7.32863e-07 0.000402599 3.53316e-10 0.0610807 0.034239 0.0975585 0.756421 
0.112336 0.00186203 0.01108 0.0106171 2.86671e-05 6.61445e-08 0.150746 0.000968706 0.584443 0.127919 
0.0156763 0.00436877 0.659542 0.112852 0.0152493 1.56507e-05 0.00651698 0.0371628 0.0296 0.119015 
0.00464859 7.08845e-05 0.00679937 0.495303 0.00538678 1.03282e-07 0.00538271 5.94532e-05 0.0236676 0.458682 
3.71906e-05 0.000441318 0.00492593 0.00324989 0.986619 2.34409e-07 0.000658528 0.000266817 0.000340635 0.00346029 
0.0114817 0.000285164 0.000948016 0.465911 0.00747103 3.29085e-07 0.00774219 0.00144203 0.0168569 0.487862 
0.0367523 0.000545397 0.366128 0.0847558 0.000908566 3.30449e-06 0.110835 0.0140039 0.0218334 0.364235 
4.34813e-07 3.89547e-10 0.0502968 7.32863e-07 0.000402599 3.53316e-10 0.0610807 0.034239 0.0975585 0.756421 
0.00188003 6.7728e-12 5.63304e-05 1.01776e-05 0.99149 6.14289e-12 2.82928e-05 0.00227081 0.0040069 0.000257444 
0.0191465 0.000716655 0.432386 0.0399349 1.06587e-05 7.36193e-08 0.348189 0.00136248 0.0104515 0.147803 
0.0726551 2.86064e-05 0.0232843 0.0054395 0.00257431 3.43379e-07 0.683485 0.000273377 0.0121542 0.200105 
0.000546983 5.04967e-07 0.00361454 0.000745499 7.94629e-06 1.50151e-08 7.04121e-05 0.0141258 0.961662 0.0192266 
0.00568161 0.00714043 0.137493 0.378915 0.00739373 0.00297305 0.179401 0.029523 0.0574985 0.19398 
0.0276725 5.29865e-05 0.197789 0.177242 0.00133043 3.15689e-08 0.00719559 0.374427 0.0147232 0.199567 
0.0206714 0.029032 0.206335 0.129074 0.00205429 9.26579e-07 0.364909 0.040056 0.161081 0.0467861 
0.00101345 0.000898104 0.0044827 0.0297021 0.548198 3.76254e-11 0.00939894 0.272745 0.0195887 0.113973 
3.71906e-05 0.000441318 0.00492593 0.00324989 0.986619 2.34409e-07 0.000658528 0.000266817 0.000340635 0.00346029 
0.0165627 0.000543395 0.0200697 0.0135581 0.0139262 9.6623e-06 0.0122652 0.186005 0.123443 0.613618 
0.000521822 0.000247864 0.0506722 0.664288 0.0253728 3.48332e-05 0.0633865 0.0216566 0.0103099 0.163509 
0.248157 0.00193988 0.470984 0.020327 0.00319296 0.000492147 0.0121254 0.0332953 0.0591832 0.150303 
7.0228e-06 2.82213e-05 0.0321421 0.851578 0.00296759 1.2192e-06 0.00217669 0.0544137 0.0343717 0.022314 
0.00529032 4.07779e-08 0.500278 0.00121589 7.3473e-06 1.03199e-11 0.00191049 0.00533295 0.029753 0.456212 
5.10607e-05 2.19618e-05 0.00839663 0.912365 0.00899879 6.49804e-08 0.0416719 0.00555468 0.00265619 0.0202841 
3.71906e-05 0.000441318 0.00492593 0.00324989 0.986619 2.34409e-07 0.000658528 0.000266817 0.000340635 0.00346029 
0.0155152 0.0011661 0.465584 0.138841 0.00153161 0.000288544 0.0183389 0.0199501 0.0458862 0.292898 
0.0853131 0.0195809 0.440636 0.00963493 0.00375557 8.88393e-10 0.00717696 0.0588118 0.173402 0.201688 
0.00542737 1.73215e-07 0.013768 0.000261742 7.65036e-05 1.2673e-07 0.00116524 0.00347801 0.923468 0.0523553 
0.00745052 0.000971975 0.128215 0.112325 3.35167e-05 1.81385e-06 0.00159765 0.467921 0.0388415 0.242642 
0.0578342 0.000191498 0.323088 0.0737547 0.00204717 5.27242e-05 0.0195187 0.0581001 0.0250537 0.440359 
0.0018423 0.000251172 0.128754 0.224368 0.00147986 8.43712e-07 0.0469852 0.0202153 0.055588 0.520515 
0.000521233 9.96756e-05 0.00487784 0.317956 0.00575182 2.57611e-09 0.00119453 0.0130098 0.00765038 0.648939 
3.71906e-05 0.000441318 0.00492593 0.00324989 0.986619 2.34409e-07 0.000658528 0.000266817 0.000340635 0.00346029 
0.0726551 2.86064e-05 0.0232843 0.0054395 0.00257431 3.43379e-07 0.683485 0.000273377 0.0121542 0.200105 
0.0238222 0.000751509 0.00612534 0.0208716 0.0012046 7.31689e-07 0.062315 0.694778 0.16428 0.025851 
0.00200254 0.0020922 0.0384376 0.114197 0.0232121 3.86237e-05 0.353033 0.0812335 0.13414 0.251613 
0.0574355 0.00116572 0.501534 0.020818 0.000112067 7.29048e-07 0.00107461 0.0794469 0.0259597 0.312453 
0.0361541 0.00215379 0.11417 0.122638 0.009841 0.00017145 0.0569811 0.0667853 0.156874 0.434231 
0.0233013 0.000177885 0.0719104 0.103916 0.000603598 4.51222e-05 0.607453 0.0141523 0.054356 0.124084 
0.00159068 0.000301361 0.792444 0.051344 0.000561573 7.6377e-09 0.00249575 0.035469 0.0570451 0.0587482 
7.45215e-05 1.74156e-05 0.0344618 0.00732774 0.000504807 5.38854e-06 0.663609 0.0920662 0.00288713 0.199046 
0.00682392 0.00373049 0.116519 0.191323 0.0116747 4.39812e-06 0.020055 0.412756 0.0505125 0.186601 
0.125121 4.51283e-05 0.119789 0.0368009 5.66786e-05 7.1443e-07 0.0781788 0.0103449 0.54251 0.087153 
0.0143553 0.00145337 0.580514 0.0373899 0.00751457 6.50841e-07 0.029818 0.019735 0.0380222 0.271197 
0.309598 0.00175832 0.0542871 0.0207345 0.023748 1.15896e-06 0.00869949 0.0204396 0.445652 0.115082 
0.000829069 1.20442e-06 0.230347 0.0263218 3.64458e-05 1.21607e-07 0.0204322 0.0543005 0.133945 0.533787 
3.71906e-05 0.000441318 0.00492593 0.00324989 0.986619 2.34409e-07 0.000658528 0.000266817 0.000340635 0.00346029 
0.0116803 0.0198175 0.0404844 0.120472 0.000470648 9.22636e-07 0.0425098 0.00284632 0.0536893 0.708029 
0.00136389 3.12683e-05 0.100085 0.0240122 0.00566553 3.91151e-08 0.0187936 0.000807844 0.00143441 0.847807 
3.71906e-05 0.000441318 0.00492593 0.00324989 0.986619 2.34409e-07 0.000658528 0.000266817 0.000340635 0.00346029 
0.0304814 0.00537733 0.0641798 0.0228538 0.00799921 1.59465e-06 0.0243586 0.00860514 0.746007 0.0901357 
0.080354 0.00102351 0.0177225 0.369603 0.0815151 6.08074e-09 0.00837022 0.0060045 0.015507 0.4199 
3.71906e-05 0.000441318 0.00492593 0.00324989 0.986619 2.34409e-07 0.000658528 0.000266817 0.000340635 0.00346029 
3.71906e-05 0.000441318 0.00492593 0.00324989 0.986619 2.34409e-07 0.000658528 0.000266817 0.000340635 0.00346029 
0.0492186 8.93626e-05 0.236875 0.0183085 0.0883568 3.63077e-05 0.00180819 0.140067 0.0905865 0.374654 
0.014197 0.338257 0.0672916 0.0666227 0.0992574 1.3455e-08 0.00206441 0.333172 0.0345025 0.0446348 
0.0178735 0.000532909 0.0474365 0.106907 0.00496776 1.4535e-07 0.0906386 0.00410814 0.0440469 0.683489 
0.00451518 0.000312673 0.00428481 0.814396 0.00206186 4.64488e-06 0.00339388 0.00266317 0.0167483 0.15162 
0.000229125 0.00763381 0.0492001 0.00743469 0.249741 3.01796e-05 0.00325862 0.649615 0.00542856 0.0274288 
0.202736 0.000459577 0.115931 0.00795807 0.0153494 2.09032e-05 0.0367295 0.189095 0.329368 0.102352 
0.00216917 0.000626993 0.076858 0.259976 0.000474968 5.01994e-08 0.00976754 0.0313407 0.0419005 0.576886 
0.0221672 0.0370649 0.125717 0.0264159 0.00571095 4.50366e-06 0.0175072 0.459764 0.060622 0.245027 
0.0338206 0.00109124 0.0405187 0.0106542 0.00384176 6.46416e-07 0.0100756 0.00463256 0.0482109 0.847154 
0.0368864 0.640093 0.0223337 0.0234265 4.19512e-05 2.40246e-09 0.00524296 0.00338259 0.133948 0.134645 
0.0161977 0.000860597 0.0138214 0.00350561 3.59226e-06 3.14256e-06 0.000710998 0.160541 0.0956985 0.708658 
0.161998 0.0277893 4.62764e-05 4.62743e-05 4.62688e-05 4.62424e-05 4.62723e-05 4.62722e-05 0.809889 4.62778e-05 
5.59432e-09 1.1936e-08 0.0635518 1.51682e-08 1.16852e-08 7.58821e-10 0.00129871 0.000262996 0.000280818 0.934606 
0.0207714 7.58076e-05 0.0156813 0.301326 0.00266292 6.01371e-06 0.00488098 0.0587487 0.118449 0.477398 
3.71906e-05 0.000441318 0.00492593 0.00324989 0.986619 2.34409e-07 0.000658528 0.000266817 0.000340635 0.00346029 
0.000882198 0.00517346 0.13053 0.815738 0.000249643 9.52736e-07 0.00053977 0.00720378 0.00451111 0.0351711 
0.0594762 0.00123786 0.0680432 0.119989 0.0974074 1.7175e-07 0.0124282 0.371594 0.175172 0.0946525 
0.0114136 0.000980569 0.143119 0.106757 0.568154 5.24146e-12 0.00776773 0.066247 0.0270912 0.0684694 
0.0159311 0.000102487 0.0396137 0.0158538 0.000142544 4.04315e-06 0.00754002 0.258691 0.250512 0.411609 
6.68287e-05 0.0352134 0.0126185 0.0312806 0.0308076 5.36044e-05 0.00360572 0.386467 0.185151 0.314736 
0.0604203 0.00212958 0.304075 0.0834802 0.15229 5.07502e-05 0.0184062 0.0783744 0.206751 0.0940227 
0.00879159 1.04453e-05 0.00648787 0.00545873 0.00411364 1.47852e-06 0.0170447 0.800165 0.110338 0.0475887 
0.381549 1.0992e-06 0.0269041 0.0267123 3.45944e-05 1.30772e-07 0.00600714 0.0011272 0.212049 0.345615 
0.0420758 0.000199689 0.230168 0.0221248 0.297567 1.45186e-08 0.0219509 0.223246 0.0702348 0.0924334 
0.00770658 0.00463544 0.0560271 0.00926654 0.00145786 1.61531e-06 0.00808494 0.0342162 0.8153 0.0633035 
0.0555028 0.000239386 0.0712952 0.0129414 0.000627087 2.68645e-06 0.0349856 0.0667886 0.0394719 0.718145 
4.06251e-05 0.000290913 0.0879816 0.583001 3.89682e-06 1.58322e-06 0.0248128 0.0101294 0.0339803 0.259758 
0.00775569 0.00743923 0.0574258 0.0147071 0.0339795 1.0501e-06 0.00704134 0.837069 0.0289304 0.00565054 
3.71906e-05 0.000441318 0.00492593 0.00324989 0.986619 2.34409e-07 0.000658528 0.000266817 0.000340635 0.00346029 
0.0360118 8.60263e-06 0.00171065 0.0614497 1.27766e-05 2.0966e-07 0.00396635 0.00181054 0.859642 0.0353877 
0.00349666 6.26305e-05 0.00744399 0.00730496 0.00019141 1.0419e-07 0.00902821 0.00362177 0.019134 0.949716 
0.00361352 0.000424217 0.769245 0.109731 0.000156234 6.82952e-06 0.0621469 0.0155037 0.00433267 0.0348402 
5.59432e-09 1.1936e-08 0.0635518 1.51682e-08 1.16852e-08 7.58821e-10 0.00129871 0.000262996 0.000280818 0.934606 
3.71906e-05 0.000441318 0.00492593 0.00324989 0.986619 2.34409e-07 0.000658528 0.000266817 0.000340635 0.00346029 
0.238537 0.00299823 0.618124 0.0435509 0.000178552 6.19238e-07 0.00707044 0.00349128 0.0104466 0.0756018 
0.0253825 0.00732262 0.386019 0.152453 0.00815768 1.32164e-06 0.198648 0.0498624 0.021172 0.150981 
0.00292653 0.00169085 0.018996 0.496892 0.046838 6.91168e-07 0.0046854 0.00869043 0.00869911 0.410581 
0.0171417 3.34538e-05 0.162204 0.195574 1.69408e-05 1.93262e-07 0.329531 0.00292111 0.0514461 0.241132 
0.0112199 1.61105e-05 0.0667586 0.0095951 0.00714055 5.14769e-06 0.00385235 0.801303 0.0541305 0.0459785 
3.71906e-05 0.000441318 0.00492593 0.00324989 0.986619 2.34409e-07 0.000658528 0.000266817 0.000340635 0.00346029 
0.0514911 0.00563708 0.0795341 0.0426604 0.011538 5.60912e-05 0.0171983 0.610531 0.0841427 0.0972113 
0.0112696 6.12965e-05 0.0153155 0.0734425 0.00433019 3.5211e-06 0.00496704 0.0126699 0.00851164 0.869429 
0.000139651 0.000127255 0.945003 0.0087402 0.000573886 1.85431e-06 0.00603135 0.027954 0.000351309 0.0110772 
0.0137743 0.018586 0.12662 0.0317534 0.0135564 6.67174e-05 0.0567533 0.085873 0.0692726 0.583745 
0.00438354 0.0118878 0.111029 0.209087 0.000982267 1.05292e-05 0.015664 0.012915 0.023728 0.610313 
0.0843922 2.51317e-05 0.0508378 0.0182659 0.00026992 2.29383e-07 0.0783514 0.142258 0.209044 0.416556 
0.0362261 0.173975 1.35803e-06 0.000231935 0.00115403 2.43454e-07 0.00132165 0.610669 0.0404422 0.135978 
0.000886921 0.000788045 0.0597048 0.148301 0.0205565 6.56982e-07 0.0286848 0.00753161 0.0240067 0.709539 
0.00378898 0.00126806 0.0093895 0.460491 0.0372302 1.33382e-07 0.0025505 0.0100972 0.0106482 0.464536 
5.92709e-05 2.43952e-05 0.0363058 0.0148219 0.417838 4.19914e-07 0.030467 0.024116 0.000446622 0.47592 
0.00180252 0.000267844 0.0869654 0.00830428 0.000160628 1.00745e-07 0.000763566 0.34464 0.440411 0.116685 
1.3053e-05 0.0326221 1.30543e-05 0.0287312 0.118788 1.30447e-05 1.30532e-05 0.5613 0.150139 0.108367 
0.139429 0.00215532 0.318914 0.159209 0.0178398 6.73915e-06 0.0456711 0.022492 0.00782334 0.28646 
3.71906e-05 0.000441318 0.00492593 0.00324989 0.986619 2.34409e-07 0.000658528 0.000266817 0.000340635 0.00346029 
0.0949928 0.00194211 0.0708871 0.0306874 0.000645968 2.23938e-07 0.014949 0.182295 0.557222 0.0463782 
0.0300838 0.0013151 0.242818 0.402867 2.74244e-05 2.06075e-07 0.0299609 0.00415809 0.189419 0.0993508 
0.0015704 0.000606574 0.148451 0.0974592 0.004413 1.24414e-05 0.100346 0.0944552 0.0106369 0.542049 
0.00105018 7.30457e-05 0.0183749 1.45122e-05 2.50669e-05 5.46436e-08 0.00050663 0.704437 0.198853 0.0766657 
0.0360039 0.00198095 0.035559 0.00548865 8.07333e-05 1.75321e-05 0.00657836 0.0269951 0.0416507 0.845645 
0.00453219 0.000362076 0.00836741 0.118686 0.000320112 1.19784e-05 0.0056154 0.621926 0.0356385 0.20454 
0.000177305 4.28786e-06 0.182136 0.001657 2.84058e-05 1.42588e-07 0.405855 0.0265524 0.0535647 0.330024 
0.0303053 1.10481e-05 0.463064 0.026834 2.57083e-05 3.16405e-10 0.268591 0.00702434 0.0659508 0.138194 
0.00837559 0.00592838 0.0617288 0.0134577 0.0120022 8.79866e-07 0.00743818 0.857691 0.029748 0.00362947 
0.140384 0.000184752 0.191044 0.0453213 0.000198166 4.90279e-07 0.0443287 0.0159365 0.152804 0.409798 
0.0792888 0.000483443 0.0585713 0.0263575 0.00893997 1.15917e-05 0.189589 0.00335454 0.0244177 0.608987 
0.232279 0.0428012 0.00829048 0.00129822 0.0130776 1.06468e-06 5.56826e-05 0.0233375 0.661704 0.0171548 
3.71906e-05 0.000441318 0.00492593 0.00324989 0.986619 2.34409e-07 0.000658528 0.000266817 0.000340635 0.00346029 
0.000520396 0.000135997 0.134018 0.0115064 0.000267645 2.22012e-05 0.0149431 0.0510834 0.00748703 0.780015 
0.0286104 0.0243903 0.31019 0.103873 0.0175616 7.04967e-05 0.102804 0.303753 0.0580523 0.0506954 
0.000486789 0.00352039 0.0272119 0.0226752 8.43495e-05 5.65143e-06 0.00313796 0.116706 0.268496 0.557675 
0.0284279 0.0131889 0.0121913 0.000106612 0.000218622 1.63486e-06 0.00052355 0.00149256 0.82823 0.115619 
0.0126826 0.00652632 0.0721914 0.461652 0.000200575 1.3918e-05 0.0362591 0.0657248 0.0660704 0.278679 
0.0293168 0.00397454 0.00831109 0.000129034 0.000160687 6.06643e-06 0.000235679 0.000587221 0.892639 0.0646395 
0.0233873 0.0592692 0.244417 0.0880725 0.127843 7.33892e-05 0.013581 0.18803 0.0420434 0.213283 
0.0136122 0.000910295 0.00235364 0.0526232 0.00114907 5.04911e-05 0.00236645 0.289156 0.575484 0.0622952 
0.0239198 0.0819233 0.063495 0.0845246 0.0208768 4.38706e-06 0.0315159 0.016709 0.179726 0.497306 
6.72862e-05 0.000894503 0.415543 0.544603 0.00208624 1.12406e-12 0.00333868 0.0313693 8.53534e-05 0.0020131 
0.0449013 0.00336787 0.441037 0.0711823 0.00250834 3.26277e-07 0.0860163 0.00918142 0.0268462 0.314959 
3.71906e-05 0.000441318 0.00492593 0.00324989 0.986619 2.34409e-07 0.000658528 0.000266817 0.000340635 0.00346029 
3.71906e-05 0.000441318 0.00492593 0.00324989 0.986619 2.34409e-07 0.000658528 0.000266817 0.000340635 0.00346029 
3.71906e-05 0.000441318 0.00492593 0.00324989 0.986619 2.34409e-07 0.000658528 0.000266817 0.000340635 0.00346029 
0.0639497 0.0089279 0.0493548 0.0536423 0.00710422 4.5236e-05 0.0276648 0.385604 0.104318 0.299389 
0.0663968 0.0138429 0.0203801 0.0180968 0.673917 2.86749e-05 0.00115065 0.128947 0.0467373 0.0305027 
