0.0170376 0.155683 0.0150335 1.22872e-07 2.87134e-07 2.7023e-07 4.41198e-08 0.729469 0.0749775 0.00779809 
0.00923984 0.00156507 0.560284 0.0226173 0.0284006 0.00650668 0.0011167 0.228556 0.0313206 0.110393 
1.26457e-07 6.23221e-07 0.000423496 0.0010894 0.000137287 5.65257e-07 1.19042e-07 0.997724 0.000131948 0.000492645 
1.15547e-06 5.87004e-10 2.56551e-06 6.96463e-08 1.61435e-10 5.32409e-10 1.12124e-10 0.954245 0.0457493 1.52403e-06 
0.000173057 0.000914908 0.697029 0.0143917 1.38868e-05 0.00915724 4.07449e-06 0.000151062 0.278046 0.00011919 
0.000357162 9.75315e-06 0.0422111 0.00532321 0.0125123 0.000491844 1.70572e-06 0.897833 0.0402688 0.000990707 
0.0548237 0.000966196 0.0105313 0.0029899 0.000816563 9.51079e-05 2.17277e-08 0.103288 0.766219 0.0602702 
0.00352924 0.0105562 0.00182855 0.00215566 0.000475 0.000187789 8.5393e-05 0.895531 0.0726441 0.0130071 
0.000536403 0.000802691 0.0210872 2.66881e-06 0.00747448 0.0160045 2.6687e-06 0.751509 0.107561 0.0950194 
0.00015856 0.000838263 7.7873e-05 0.00204707 1.27235e-05 1.39602e-05 3.73316e-06 0.996672 6.70228e-05 0.000109205 
4.98604e-12 2.45729e-11 4.28898e-09 0.00122767 1.48742e-08 2.22874e-11 4.69369e-12 6.27194e-08 0.998772 6.61426e-07 
4.98604e-12 2.45729e-11 4.28898e-09 0.00122767 1.48742e-08 2.22874e-11 4.69369e-12 6.27194e-08 0.998772 6.61426e-07 
3.86538e-06 4.27336e-09 2.03838e-06 0.00322988 2.7192e-06 5.36166e-06 8.16259e-10 0.994947 0.000751514 0.00105796 
0.0680652 0.144773 0.062902 0.0229991 0.00500088 0.00267087 0.000885633 0.244484 0.0265666 0.421652 
1.81975e-05 1.08599e-07 5.81538e-06 0.104989 2.98663e-08 0.0017645 2.07436e-08 0.61923 0.0346238 0.239369 
0.00567492 0.00297344 0.0336867 0.000246013 0.000328953 0.000178427 1.3928e-05 0.802408 0.146839 0.00765 
0.00135723 2.79765e-05 0.00923178 6.38457e-07 0.000103073 1.98228e-05 1.53965e-07 0.600545 0.322782 0.0659323 
0.634875 0.00209211 0.00102253 0.000362711 9.56774e-05 4.02528e-07 6.67652e-09 0.00186255 0.338854 0.0208355 
0.016606 0.00801036 0.0343049 0.00338133 0.000189308 0.00407836 8.04675e-05 0.844137 0.0483256 0.040887 
0.697652 0.00085438 0.0135931 0.00219903 0.00233096 0.00687242 0.000395038 0.0279079 0.225954 0.022241 
0.00438222 0.0231676 0.00215223 0.0345866 0.000351646 0.000385827 0.000103176 0.00382525 0.928027 0.00301817 
0.0211682 0.00138727 0.0313776 0.0135754 0.00310274 0.00124459 0.00106168 0.00557292 0.873431 0.0480783 
0.000536403 0.000802691 0.0210872 2.66881e-06 0.00747448 0.0160045 2.6687e-06 0.751509 0.107561 0.0950194 
0.529475 0.000231615 0.000537336 1.97656e-08 3.70318e-08 1.37688e-12 2.89967e-13 0.0052466 0.464252 0.000256419 
0.0604236 0.389419 0.00662743 0.00215478 0.0161489 0.00401473 0.000585493 0.40985 0.106141 0.00463544 
6.33495e-06 1.72765e-07 0.000576678 0.261749 4.7513e-08 1.56697e-07 3.30001e-08 0.0175528 0.029109 0.691006 
0.0316987 0.00429267 0.0104762 0.000878453 0.000280607 0.00358106 4.19452e-05 0.878281 0.0553854 0.0150842 
0.000607517 1.85901e-06 0.00367153 0.0158294 0.000804658 1.99371e-05 4.21812e-07 0.927569 0.0290748 0.0224204 
0.033648 4.46942e-06 0.183477 0.000366651 6.78385e-08 7.44326e-08 1.99043e-08 0.0342419 0.165132 0.58313 
3.86538e-06 4.27336e-09 2.03838e-06 0.00322988 2.7192e-06 5.36166e-06 8.16259e-10 0.994947 0.000751514 0.00105796 
2.23528e-10 1.10162e-09 7.09033e-08 7.8341e-07 5.51422e-06 9.99164e-10 2.10422e-10 0.996321 6.53733e-08 0.00367265 
0.00306115 0.00121809 0.542663 0.000249697 0.000934778 0.00231908 0.000194577 0.283136 0.0437751 0.122449 
2.82727e-10 3.30244e-05 9.07061e-06 1.13518e-05 1.07334e-06 1.26378e-09 2.6615e-10 0.738069 0.135311 0.126565 
0.000297463 0.0601761 0.0130627 0.004071 0.0386801 0.00502355 3.22155e-07 0.840939 0.0320625 0.00568774 
0.00119781 0.00166339 0.00916847 0.00348966 0.000432231 0.000918412 9.58084e-06 0.745396 0.215127 0.0225968 
2.13504e-09 0.0217442 0.00175569 0.0269084 0.00445643 9.54357e-09 2.00986e-09 0.80551 0.119587 0.0200382 
1.13528e-05 1.9631e-09 0.437843 2.86714e-05 9.28651e-06 9.79465e-06 3.74974e-10 0.562079 1.69343e-05 2.1844e-06 
4.26331e-05 0.0034591 0.0165687 0.000598935 0.0020592 4.57381e-05 7.16554e-07 0.964098 0.00340688 0.00972029 
0.0249309 0.619846 0.0633892 0.00906023 0.0249725 0.000350693 0.000312555 0.17895 0.0146237 0.0635641 
0.158857 1.76803e-05 1.64247e-06 0.000556206 2.68358e-07 2.94443e-07 7.87383e-08 0.549403 0.202715 0.088449 
0.0258135 0.0140718 0.125086 0.118255 0.00271191 0.00201272 0.000776304 0.163303 0.211005 0.336965 
0.00530099 3.19905e-09 0.187858 6.4923e-06 4.92768e-06 3.27901e-05 6.11054e-10 0.805766 2.35634e-06 0.00102882 
0.529475 0.000231615 0.000537336 1.97656e-08 3.70318e-08 1.37688e-12 2.89967e-13 0.0052466 0.464252 0.000256419 
3.77513e-07 9.93312e-07 0.395054 5.93899e-07 4.55376e-07 2.26715e-06 2.18904e-07 0.168027 0.20903 0.227884 
1.32368e-09 6.52355e-09 0.00971846 0.034439 2.50254e-06 1.55231e-06 1.24607e-09 0.435947 0.242942 0.276949 
0.000203553 0.00516759 0.000186512 7.12938e-05 3.68655e-05 0.000214457 3.59621e-08 0.99121 0.00283047 7.93958e-05 
0.018407 0.00417305 0.109898 0.0100979 0.00313608 0.00266546 0.001819 0.414802 0.270636 0.164366 
0.529475 0.000231615 0.000537336 1.97656e-08 3.70318e-08 1.37688e-12 2.89967e-13 0.0052466 0.464252 0.000256419 
0.000126291 2.61503e-08 4.03393e-05 0.000918407 7.19173e-09 2.37182e-08 4.995e-09 0.998378 0.000272734 0.000264574 
0.00434754 0.00669994 0.00971244 0.00572323 0.0013956 0.0195725 2.21465e-06 0.926922 0.0224504 0.00317426 
0.000723694 0.00118385 0.0206838 0.0492972 0.50892 0.00525617 0.000512816 0.398901 0.00165925 0.012862 
5.19194e-05 1.26118e-05 1.19079e-07 8.31214e-08 3.28001e-06 4.67286e-08 8.39044e-09 2.90267e-06 0.999772 0.000156813 
0.00222289 0.000203205 0.0137614 2.10652e-05 0.000212354 4.53773e-05 4.70217e-06 0.923698 0.0505777 0.00925294 
0.0517319 0.198233 0.0293925 0.0192003 0.013633 0.0820963 0.000104634 0.386983 0.175973 0.0426526 
0.000357162 9.75315e-06 0.0422111 0.00532321 0.0125123 0.000491844 1.70572e-06 0.897833 0.0402688 0.000990707 
0.028463 1.0262e-05 4.21307e-06 0.00918656 1.50113e-07 1.97502e-07 9.80429e-11 0.014226 0.946784 0.00132597 
0.158857 1.76803e-05 1.64247e-06 0.000556206 2.68358e-07 2.94443e-07 7.87383e-08 0.549403 0.202715 0.088449 
0.00491798 0.182934 0.0173026 0.00882449 0.677223 0.000743756 0.000693386 0.0512114 0.0444941 0.0116554 
0.000371232 0.00196248 0.0498817 0.000947375 3.02063e-05 3.41184e-05 9.04065e-06 0.867567 0.0158599 0.0633369 
3.74748e-06 8.42017e-08 0.00374609 0.0106916 5.35006e-05 3.29432e-06 1.60835e-08 0.939731 0.0362206 0.00954963 
2.50925e-05 0.00101327 8.38015e-05 0.0495365 0.000175328 1.19302e-05 2.34e-07 0.942875 0.00232472 0.00395392 
0.00133905 5.96e-06 0.00563111 1.06599e-05 0.00041595 3.6422e-06 5.97112e-07 0.9686 0.0196674 0.00432532 
0.000204324 0.000615616 0.000187204 7.15756e-05 0.000765721 3.73956e-05 6.52788e-08 0.997928 0.000110628 7.96938e-05 
1.59736e-05 3.71652e-05 0.00344214 0.00311299 0.00684614 2.4363e-05 1.91864e-08 0.961174 0.023059 0.00228794 
2.83817e-07 1.39875e-06 0.0505705 0.000511498 3.84676e-07 0.000107968 2.67176e-07 0.948575 0.000123358 0.000109164 
0.00504148 0.00911476 0.0191434 0.00500483 0.0342599 0.0760355 0.00472622 0.317048 0.127095 0.402531 
0.119885 0.00761797 0.0633382 0.0419645 0.0159823 0.0169482 0.0037038 0.117895 0.55547 0.057196 
0.0210466 0.110563 0.123987 0.0362266 0.00115384 0.00724139 0.00090174 0.575855 0.0467034 0.0763209 
1.04682e-05 0.000174965 0.00632811 0.000263785 0.00109342 7.89069e-06 1.08318e-08 0.969131 0.0112344 0.0117562 
0.103801 0.000555685 0.00236766 0.00010082 2.76868e-05 3.12138e-06 2.01103e-07 0.0217811 0.83174 0.0396226 
0.00447073 8.3559e-08 3.35379e-07 0.000739699 1.74345e-07 3.63205e-07 3.18577e-11 0.979579 0.0152092 1.866e-07 
0.00407399 0.00744557 0.00532223 8.98064e-05 0.000749465 0.000636368 3.97224e-06 0.741504 0.238819 0.00135566 
0.00103738 0.00582219 0.00428448 0.0451403 0.00257314 1.21627e-06 1.98818e-09 0.876855 0.0224175 0.0418685 
0.0213165 0.345671 0.0632267 0.00970724 0.0144483 0.0109061 0.00543857 0.32799 0.111055 0.0902407 
0.000723694 0.00118385 0.0206838 0.0492972 0.50892 0.00525617 0.000512816 0.398901 0.00165925 0.012862 
0.000723694 0.00118385 0.0206838 0.0492972 0.50892 0.00525617 0.000512816 0.398901 0.00165925 0.012862 
0.000889757 1.53855e-07 0.00536095 0.00224709 0.000727818 0.000767642 2.93881e-08 0.988508 0.00132721 0.000171199 
3.86538e-06 4.27336e-09 2.03838e-06 0.00322988 2.7192e-06 5.36166e-06 8.16259e-10 0.994947 0.000751514 0.00105796 
0.989388 3.87708e-05 1.47971e-05 2.43604e-05 1.74323e-05 1.45558e-12 3.06543e-13 0.000393653 0.0101026 2.03704e-05 
1.17446e-05 7.69922e-05 0.00736814 0.00629527 0.000266889 1.40288e-05 1.64575e-08 0.965932 0.0126175 0.00741738 
5.15057e-10 2.53837e-09 2.16772e-06 1.27876e-06 4.53829e-06 2.30229e-09 4.84858e-10 0.862794 0.137197 1.06508e-06 
0.0046943 7.34916e-06 0.00031554 0.00243397 1.28318e-06 5.9938e-07 5.75748e-08 0.00079813 0.985316 0.00643284 
1.29672e-07 8.23644e-07 9.38736e-08 1.99816e-07 2.22609e-07 4.25095e-07 6.51157e-08 0.942726 0.051984 0.00528843 
0.00979935 0.0126206 0.0156791 2.17726e-06 0.0124111 0.0071822 2.17717e-06 0.760921 0.0729443 0.108438 
0.00103236 0.00221383 0.0312102 0.0637154 0.00178555 0.00714603 0.000167681 0.865251 0.0196852 0.00779227 
0.119885 0.00761797 0.0633382 0.0419645 0.0159823 0.0169482 0.0037038 0.117895 0.55547 0.057196 
0.989388 3.87708e-05 1.47971e-05 2.43604e-05 1.74323e-05 1.45558e-12 3.06543e-13 0.000393653 0.0101026 2.03704e-05 
0.00353339 0.000795072 0.00612569 0.00555477 0.0017721 2.70787e-05 3.19607e-06 0.439305 0.524226 0.018657 
0.00842558 0.0770233 0.0139753 0.00105622 0.0010877 0.000708075 3.24185e-05 0.819325 0.0566548 0.0217113 
1.16492e-05 9.88692e-05 0.000569484 2.42374e-05 0.00379134 0.00682196 7.22462e-06 0.98621 0.0018442 0.000621262 
6.31836e-05 1.53991e-05 0.0430406 0.000149359 0.00031469 2.56518e-07 6.85928e-08 0.92626 0.0126319 0.0175241 
0.989388 3.87708e-05 1.47971e-05 2.43604e-05 1.74323e-05 1.45558e-12 3.06543e-13 0.000393653 0.0101026 2.03704e-05 
3.39968e-07 9.13691e-10 0.00437678 1.52375e-07 7.09151e-08 8.28712e-10 1.74525e-10 0.980279 0.0153428 4.48256e-07 
0.558236 0.000451566 0.000933896 0.000956173 0.000565386 0.0378166 2.09326e-05 0.038653 0.358106 0.00426042 
0.00522195 0.000232467 0.0182937 0.022056 0.000762449 0.014607 0.000181351 0.906904 0.0307767 0.000963927 
0.00586189 3.72969e-05 0.0657686 0.00010182 5.66128e-07 6.21212e-07 1.66116e-07 0.748077 0.137607 0.0425446 
4.99723e-05 1.44786e-07 3.72353e-05 6.45531e-06 3.98182e-08 1.3132e-07 2.76557e-08 0.924271 5.02647e-05 0.0755848 
0.0473238 0.129246 0.0275799 0.00768798 0.123076 0.0679628 0.000564663 0.0580513 0.414796 0.123711 
0.00027306 2.34701e-06 0.000105057 0.0185069 6.45464e-07 0.00133196 4.48306e-07 0.893938 0.0221334 0.0637077 
4.5355e-09 2.23524e-08 0.548163 0.17126 1.10712e-05 2.02735e-08 4.26957e-09 0.109038 0.171504 2.43287e-05 
0.00119769 0.00419743 0.200706 0.0420342 0.0407506 0.000745418 0.000604652 0.634303 0.0220083 0.0534527 
0.491943 2.00672e-06 3.1165e-06 0.0714017 4.51024e-06 1.15483e-07 1.75584e-09 0.00256266 0.434082 8.74043e-08 
0.00896661 1.33568e-05 0.0910469 0.00478802 8.02904e-07 8.08311e-07 7.28617e-10 0.710481 0.0967965 0.0879057 
0.000671004 2.1334e-06 0.000719801 0.000101944 1.12583e-05 1.93498e-06 4.07503e-07 0.0513099 0.944987 0.00219481 
5.78398e-05 0.000141881 0.0035236 0.000561511 0.000178504 0.000734319 1.22219e-06 0.885343 0.0668538 0.0426047 
2.06525e-05 3.05191e-07 3.8416e-05 1.36304e-07 0.00024237 1.91417e-05 5.82949e-08 2.65495e-06 0.999653 2.36238e-05 
2.73268e-07 1.34675e-06 0.00452582 0.00245388 0.00125965 1.2215e-06 2.57245e-07 0.0309348 0.958047 0.00277597 
6.62438e-10 3.26471e-09 0.00543706 5.80783e-07 0.000351597 7.70176e-06 6.23596e-10 0.994195 6.74373e-06 1.52865e-06 
0.10086 0.000849669 0.013098 3.84063e-06 6.2524e-08 1.28446e-10 2.70505e-11 0.613889 0.265919 0.00538088 
0.0412486 0.0110033 0.335173 0.185412 0.00863574 0.00639429 0.00450876 0.143378 0.0365146 0.227733 
0.363856 0.0025384 0.0317505 0.00947885 2.48405e-06 1.4405e-05 1.81863e-06 0.0361575 0.539209 0.0169916 
0.529475 0.000231615 0.000537336 1.97656e-08 3.70318e-08 1.37688e-12 2.89967e-13 0.0052466 0.464252 0.000256419 
3.86538e-06 4.27336e-09 2.03838e-06 0.00322988 2.7192e-06 5.36166e-06 8.16259e-10 0.994947 0.000751514 0.00105796 
0.00322272 0.000694552 0.0607398 5.03799e-07 0.000137427 4.89859e-07 1.1672e-07 0.475781 0.09168 0.367744 
9.71884e-06 3.4096e-06 0.00211459 4.01881e-05 0.00180405 0.00150727 7.52906e-07 0.992392 0.00133503 0.000792712 
3.86538e-06 4.27336e-09 2.03838e-06 0.00322988 2.7192e-06 5.36166e-06 8.16259e-10 0.994947 0.000751514 0.00105796 
1.97528e-07 9.73481e-07 2.49957e-05 0.000468922 2.67722e-07 7.01487e-05 1.85946e-07 0.683231 0.316064 0.000139214 
1.07501e-06 3.23826e-06 0.0121176 0.00485655 0.0021006 1.95273e-07 3.93428e-09 0.929276 0.0413288 0.0103157 
0.0211682 0.00138727 0.0313776 0.0135754 0.00310274 0.00124459 0.00106168 0.00557292 0.873431 0.0480783 
0.0510934 0.11344 0.0850198 0.00753573 0.002833 0.000742407 0.000344995 0.392893 0.0655025 0.280595 
0.0573657 0.000143678 0.0103107 0.0164751 0.001257 0.101913 0.000132516 0.105156 0.636677 0.070569 
0.00381443 0.00390686 0.0323505 0.0241558 0.00064673 0.00987327 0.000370608 0.802011 0.0762194 0.046651 
1.62712e-12 8.01897e-12 1.87908e-09 0.000886349 6.04042e-06 7.27316e-12 1.53171e-12 3.04304e-09 0.996448 0.00265953 
0.0447544 0.0037319 0.10224 0.0599379 0.00108189 0.000412924 1.78109e-06 0.576409 0.13792 0.0735093 
0.198287 0.0532336 0.121498 0.141571 0.0171134 0.0399576 0.00607984 0.115681 0.138234 0.168345 
0.0364804 0.254783 0.0737965 0.000811909 0.00137059 6.25823e-05 1.13577e-05 0.460869 0.159333 0.0124813 
5.15818e-07 3.66874e-05 2.21788e-05 0.000156957 2.58897e-05 2.30569e-06 4.85574e-07 0.962276 0.0374709 7.82861e-06 
0.016957 9.58026e-05 0.130458 0.000216293 0.000330235 0.000130249 2.86562e-05 0.483313 0.183615 0.184856 
0.00453253 0.0408756 0.435674 0.00468978 0.000833621 0.000636141 0.000536095 0.160452 0.0291802 0.32259 
0.0364511 0.00245306 0.160248 0.0760093 0.00082771 0.0216277 0.000527185 0.397321 0.213794 0.0907406 
1.8107e-10 2.68604e-07 1.80336e-07 1.33503e-08 0.00471427 3.07643e-06 1.70453e-10 0.995246 3.64571e-05 1.95382e-07 
0.00814293 0.0301534 0.00640685 0.000474331 0.036241 6.09501e-05 6.01265e-08 0.881342 0.0298165 0.00736206 
0.00894621 0.00878446 0.0595909 0.0246889 0.0156753 0.00662454 0.00223998 0.639009 0.187371 0.0470692 
0.00388853 0.000131608 0.45916 0.0645309 0.00152731 1.35872e-05 5.27412e-06 0.0118561 0.18465 0.274237 
6.31576e-11 9.36898e-08 0.000465535 5.44088e-07 0.000438896 1.07307e-06 5.94545e-11 0.99908 1.32459e-05 2.46047e-07 
0.0130143 0.0205278 0.0713339 0.0386426 0.0055043 0.00635968 0.00288872 0.16488 0.0788196 0.598029 
0.00275683 1.9222e-06 0.0827385 0.101153 0.238859 8.09575e-06 8.19639e-07 0.283376 9.26126e-07 0.291105 
0.258156 9.22099e-05 0.370921 0.0108528 0.00238071 1.53564e-06 4.10652e-07 0.0715726 0.133451 0.152573 
0.0352579 0.046886 0.0450676 0.0179249 0.00162803 0.000623921 0.000362709 0.795088 0.0280571 0.029104 
0.0508975 0.00023735 0.000693515 0.00192823 0.000364288 6.82116e-05 5.70721e-11 0.00859441 0.933952 0.00326454 
0.158857 1.76803e-05 1.64247e-06 0.000556206 2.68358e-07 2.94443e-07 7.87383e-08 0.549403 0.202715 0.088449 
0.0138751 0.00189066 0.00169942 0.0551653 0.000959246 0.000327411 0.000301111 0.873695 0.0513571 0.00072975 
0.989388 3.87708e-05 1.47971e-05 2.43604e-05 1.74323e-05 1.45558e-12 3.06543e-13 0.000393653 0.0101026 2.03704e-05 
0.00322383 2.85517e-09 0.013812 0.808561 7.85216e-10 2.58963e-09 5.4537e-10 0.0914428 0.0359145 0.0470463 
0.0211682 0.00138727 0.0313776 0.0135754 0.00310274 0.00124459 0.00106168 0.00557292 0.873431 0.0480783 
0.00843096 0.0106722 0.143406 0.0627455 0.00890929 0.0106013 0.00782735 0.589071 0.0307195 0.127616 
0.0325186 0.00575144 0.0204965 0.0258157 0.536382 0.000913563 0.000706098 0.332412 0.0225627 0.0224408 
0.000357162 9.75315e-06 0.0422111 0.00532321 0.0125123 0.000491844 1.70572e-06 0.897833 0.0402688 0.000990707 
8.21887e-05 0.000153484 0.000792194 0.0125211 0.00852386 0.0014827 2.17248e-05 0.936915 0.00844242 0.0310653 
0.989388 3.87708e-05 1.47971e-05 2.43604e-05 1.74323e-05 1.45558e-12 3.06543e-13 0.000393653 0.0101026 2.03704e-05 
3.86538e-06 4.27336e-09 2.03838e-06 0.00322988 2.7192e-06 5.36166e-06 8.16259e-10 0.994947 0.000751514 0.00105796 
0.000324758 3.70944e-07 0.000209415 6.46187e-08 0.000568154 0.0107448 3.25762e-08 0.97177 0.0135061 0.00287634 
0.000357162 9.75315e-06 0.0422111 0.00532321 0.0125123 0.000491844 1.70572e-06 0.897833 0.0402688 0.000990707 
5.00023e-07 2.23822e-09 0.0936591 0.110841 1.72414e-06 2.03005e-09 4.27525e-10 0.670203 0.12529 4.40936e-06 
0.00273765 0.013575 0.00182138 0.00126787 0.00109454 0.0123445 0.000156836 0.00308994 0.939758 0.0241547 
0.0218313 0.0139967 0.372629 0.00861914 0.000932785 0.00116009 0.000516433 0.0926821 0.21761 0.270022 
5.00023e-07 2.23822e-09 0.0936591 0.110841 1.72414e-06 2.03005e-09 4.27525e-10 0.670203 0.12529 4.40936e-06 
0.0130244 0.0370595 0.15738 0.00209498 0.000977226 0.00209898 0.0007913 0.549043 0.109492 0.128039 
0.00120562 0.00363171 0.00110478 0.000422186 0.000218111 0.000218999 2.19517e-08 0.992075 0.000652811 0.000470269 
6.50257e-06 2.37472e-07 0.0138642 0.0591667 1.25788e-05 2.15385e-07 4.53598e-08 0.484619 0.000317544 0.442013 
3.86538e-06 4.27336e-09 2.03838e-06 0.00322988 2.7192e-06 5.36166e-06 8.16259e-10 0.994947 0.000751514 0.00105796 
0.000357162 9.75315e-06 0.0422111 0.00532321 0.0125123 0.000491844 1.70572e-06 0.897833 0.0402688 0.000990707 
0.00244907 0.0223832 0.00330268 0.000710238 0.000207946 1.97973e-06 3.23395e-07 0.946077 0.0185709 0.00629714 
0.0309169 0.263605 0.0406433 0.000172991 0.000931769 4.41977e-05 1.1792e-05 0.120128 0.045261 0.498285 
0.989388 3.87708e-05 1.47971e-05 2.43604e-05 1.74323e-05 1.45558e-12 3.06543e-13 0.000393653 0.0101026 2.03704e-05 
0.00475707 0.000579919 0.0268241 0.0414791 0.375045 0.00693971 0.000440611 0.526348 0.00339937 0.0141875 
3.77513e-07 9.93312e-07 0.395054 5.93899e-07 4.55376e-07 2.26715e-06 2.18904e-07 0.168027 0.20903 0.227884 
0.00014348 7.58807e-07 0.00082489 0.000502866 7.10666e-06 6.88233e-07 1.44941e-07 0.965806 0.0273582 0.00535554 
0.000767577 2.21595e-05 0.0222037 0.511252 0.0020236 1.99411e-05 4.32975e-08 0.432225 0.0273487 0.00413727 
0.0239131 0.0168381 0.176355 0.136012 0.0465783 0.0163655 0.00644101 0.245071 0.193062 0.139364 
0.00142409 0.00151757 0.00531158 0.0562053 0.0190997 0.0569533 0.000188501 0.73163 0.0516288 0.0760414 
2.13504e-09 0.0217442 0.00175569 0.0269084 0.00445643 9.54357e-09 2.00986e-09 0.80551 0.119587 0.0200382 
0.0211682 0.00138727 0.0313776 0.0135754 0.00310274 0.00124459 0.00106168 0.00557292 0.873431 0.0480783 
0.989388 3.87708e-05 1.47971e-05 2.43604e-05 1.74323e-05 1.45558e-12 3.06543e-13 0.000393653 0.0101026 2.03704e-05 
6.42841e-05 0.000339852 3.15716e-05 0.000599524 5.1584e-06 5.65981e-06 1.51351e-06 0.998881 2.71727e-05 4.42744e-05 
0.000357162 9.75315e-06 0.0422111 0.00532321 0.0125123 0.000491844 1.70572e-06 0.897833 0.0402688 0.000990707 
0.00681797 0.000328017 0.0218815 0.0239732 0.237627 0.00343193 0.000190768 0.685593 0.0077789 0.0123768 
7.25119e-05 0.000192899 0.00113276 0.00143898 0.00752496 4.07081e-05 1.95915e-07 0.0202238 0.968759 0.000614294 
0.000536403 0.000802691 0.0210872 2.66881e-06 0.00747448 0.0160045 2.6687e-06 0.751509 0.107561 0.0950194 
0.000117902 0.00234552 0.0362069 1.68649e-05 0.000702257 0.00264203 6.76711e-09 0.938289 0.00210339 0.0175759 
1.07095e-06 4.01809e-09 2.84891e-06 1.29382e-05 1.10503e-09 3.64438e-09 7.675e-10 0.00935762 0.00500859 0.985617 
0.0204264 0.0125636 0.0753704 0.0918839 0.0786809 0.033811 0.0122732 0.44158 0.120175 0.113236 
8.55208e-10 4.21475e-09 5.37941e-06 1.19873e-05 4.28989e-06 3.82275e-09 8.05064e-10 0.993051 2.21249e-06 0.00692516 
0.000114091 7.47116e-05 0.000762218 0.00843392 3.43636e-05 0.0015408 1.66735e-05 0.820653 0.121529 0.0468414 
0.00472474 0.0193708 0.00538755 3.898e-05 0.00235947 0.000377058 2.24284e-05 0.918499 0.0242718 0.0249486 
0.000357162 9.75315e-06 0.0422111 0.00532321 0.0125123 0.000491844 1.70572e-06 0.897833 0.0402688 0.000990707 
0.00569571 0.0519869 0.0393276 0.00229946 0.00304775 0.00382142 5.27226e-05 0.674621 0.0953857 0.123762 
3.18136e-05 0.201996 0.109387 0.000524754 2.55285e-06 2.80099e-06 7.49025e-07 0.53877 0.0309428 0.118341 
0.00422317 0.000387502 0.00689275 0.000446603 0.000371604 0.000949673 7.70278e-05 0.256651 0.721536 0.0084646 
0.00611043 0.00516547 0.0407844 0.00889346 0.008959 0.00561633 6.84084e-05 0.232 0.455063 0.23734 
0.0211682 0.00138727 0.0313776 0.0135754 0.00310274 0.00124459 0.00106168 0.00557292 0.873431 0.0480783 
0.000528666 0.00016558 0.479578 0.00666847 0.000614276 5.26647e-05 1.28788e-07 0.0673207 0.421123 0.0239486 
0.00944342 0.0124902 0.0755721 0.0438649 0.0170956 0.0130013 0.00846715 0.746684 0.0270193 0.0463622 
0.445403 0.000486068 0.0142566 0.0010361 0.00037226 0.021925 0.00036355 0.0370914 0.453917 0.025149 
2.64108e-06 0.000563723 2.42002e-06 0.000540511 0.000236064 0.000571491 5.06548e-07 0.978449 0.0121899 0.0074438 
1.57616e-09 7.76785e-09 5.27847e-06 0.0271701 1.71115e-06 7.04539e-09 1.48375e-09 0.972815 1.6446e-06 6.14035e-06 
1.09855e-10 1.19135e-05 0.000230754 9.02853e-07 0.0015165 5.84176e-05 1.03414e-10 0.984235 0.00674462 0.0072021 
0.0028441 0.00301139 0.0517031 0.00830464 0.00246518 0.000118024 1.31431e-05 0.82033 0.0469696 0.0642409 
0.000430862 0.00157988 0.00130712 0.000751226 0.00196633 0.000423083 0.000281282 0.955167 0.0305195 0.00757382 
0.445403 0.000486068 0.0142566 0.0010361 0.00037226 0.021925 0.00036355 0.0370914 0.453917 0.025149 
0.119885 0.00761797 0.0633382 0.0419645 0.0159823 0.0169482 0.0037038 0.117895 0.55547 0.057196 
0.0104019 0.00223412 0.00341465 0.00228044 0.00353631 9.79707e-07 5.63529e-07 0.9756 0.0017935 0.000737803 
0.0268823 0.937987 0.0046258 2.88556e-05 0.000275373 0.000121455 2.58054e-05 0.0199248 0.00516272 0.00496586 
0.231073 4.11007e-05 0.000142417 8.67543e-07 1.53914e-06 2.36085e-10 4.97191e-11 0.0162476 0.658793 0.0936999 
0.0376354 2.29973e-06 0.104425 0.0180323 0.0148401 0.281296 8.46457e-07 0.275923 0.106703 0.161142 
0.000260653 3.72183e-10 4.62748e-08 0.00304346 4.3786e-07 3.95511e-06 7.10911e-11 0.790519 0.20428 0.00189293 
2.75058e-09 1.22528e-05 3.75344e-05 5.93449e-05 3.5137e-06 0.000380778 2.5893e-09 0.99361 2.84593e-05 0.00586779 
0.445403 0.000486068 0.0142566 0.0010361 0.00037226 0.021925 0.00036355 0.0370914 0.453917 0.025149 
0.0506677 9.39853e-06 0.331344 0.00125655 0.00245379 0.00086102 4.18558e-08 0.514427 0.0765736 0.0224076 
7.26037e-05 0.000135724 0.000270225 4.82333e-05 3.32388e-05 3.23042e-05 4.54543e-06 0.782813 0.2159 0.000690478 
0.000752075 1.13848e-07 0.00287824 3.91411e-07 0.0010176 2.66032e-05 9.16326e-08 0.969707 0.018572 0.00704539 
3.86538e-06 4.27336e-09 2.03838e-06 0.00322988 2.7192e-06 5.36166e-06 8.16259e-10 0.994947 0.000751514 0.00105796 
0.0993097 0.0138917 0.0369159 0.0143237 0.0171126 0.511069 5.26565e-07 0.114318 0.142239 0.0508201 
5.07593e-06 1.52903e-05 4.65138e-06 1.7775e-06 0.00156202 9.22034e-07 1.38725e-07 0.864364 2.74848e-06 0.134043 
0.000723694 0.00118385 0.0206838 0.0492972 0.50892 0.00525617 0.000512816 0.398901 0.00165925 0.012862 
0.529475 0.000231615 0.000537336 1.97656e-08 3.70318e-08 1.37688e-12 2.89967e-13 0.0052466 0.464252 0.000256419 
0.064496 0.0393931 0.130625 0.0309403 0.00860828 0.00261929 1.24749e-06 0.555634 0.0837159 0.0839671 
0.00765622 0.00921497 0.0676965 0.000450832 0.00253476 0.000143284 0.00012932 0.71007 0.0805741 0.12153 
0.00509267 0.0314055 0.0719908 1.67944e-06 3.9239e-06 3.69916e-06 6.04367e-07 0.825308 0.0378389 0.0283539 
1.28924e-07 0.000740847 8.24403e-07 1.78419e-06 0.000341035 1.92146e-07 7.44429e-08 0.971181 0.00755254 0.0201815 
1.37377e-08 2.4748e-06 0.137076 0.00379315 8.3962e-05 4.98051e-07 1.29322e-08 0.836828 0.00949438 0.0127218 
0.188922 3.46994e-07 0.0144368 0.00933452 1.88361e-10 6.21211e-10 1.30826e-10 0.0142205 1.1971e-05 0.773074 
0.145978 0.00969585 0.518501 0.00943023 0.000639518 0.000587515 0.000129076 0.121964 0.166562 0.0265129 
3.5831e-06 0.0170675 0.0309734 4.88279e-05 0.0021567 0.00205087 8.43611e-08 0.923613 0.024083 2.46779e-06 
0.0454148 0.0304796 0.111894 0.0341453 0.0197481 0.026873 0.0161901 0.443127 0.246059 0.0260704 
2.90386e-05 0.0438298 0.00649007 0.00797754 0.00118319 7.38926e-08 3.95668e-08 0.104106 0.785524 0.0508606 
0.000470665 0.00116149 0.000823028 0.000614057 0.000413543 0.00160608 1.98138e-06 0.911027 0.00445859 0.0794237 
0.0332396 0.0432916 0.00554119 0.150339 0.202731 0.0764872 0.000636915 0.21099 0.11325 0.163493 
1.46559e-05 4.41975e-05 0.00254711 5.142e-06 2.6816e-06 2.77239e-06 2.44506e-08 0.987308 0.00567304 0.00440244 
0.0179942 0.000136465 0.0885815 0.0011085 0.000219352 6.222e-05 1.45432e-05 0.1838 0.509552 0.198531 
0.145206 0.00393535 0.126376 0.0634021 0.00507858 0.00342127 0.000175571 0.539681 0.04159 0.071134 
4.98604e-12 2.45729e-11 4.28898e-09 0.00122767 1.48742e-08 2.22874e-11 4.69369e-12 6.27194e-08 0.998772 6.61426e-07 
2.63395e-08 1.2981e-07 8.82095e-05 0.000226909 2.85954e-05 1.17737e-07 2.47951e-08 0.825085 2.74833e-05 0.174543 
0.0151856 0.146649 0.0296832 0.0470204 0.61259 0.00905833 0.00148631 0.0723919 0.0281476 0.0377876 
0.00618733 0.0328349 0.131224 0.000253152 0.000388144 0.000246716 0.000166803 0.511936 0.0367161 0.280047 
0.0144479 0.00476093 0.184625 0.135345 0.0180403 0.00282261 0.000327638 0.465353 0.107273 0.0670051 
0.0109586 6.34703e-06 0.0175721 7.37842e-07 0.00106771 3.82737e-07 3.83644e-11 0.896111 0.0654886 0.00879488 
0.033648 4.46942e-06 0.183477 0.000366651 6.78385e-08 7.44326e-08 1.99043e-08 0.0342419 0.165132 0.58313 
6.95196e-10 2.71579e-06 3.14006e-05 7.8127e-08 0.00618804 0.000707784 6.54434e-10 0.993067 2.71611e-06 1.66754e-07 
0.558236 0.000451566 0.000933896 0.000956173 0.000565386 0.0378166 2.09326e-05 0.038653 0.358106 0.00426042 
0.000621218 0.000799614 0.069917 0.0130701 0.000686311 1.11644e-05 6.53132e-06 0.363058 0.422378 0.129453 
8.55208e-10 4.21475e-09 5.37941e-06 1.19873e-05 4.28989e-06 3.82275e-09 8.05064e-10 0.993051 2.21249e-06 0.00692516 
0.989388 3.87708e-05 1.47971e-05 2.43604e-05 1.74323e-05 1.45558e-12 3.06543e-13 0.000393653 0.0101026 2.03704e-05 
1.37377e-08 2.4748e-06 0.137076 0.00379315 8.3962e-05 4.98051e-07 1.29322e-08 0.836828 0.00949438 0.0127218 
0.000328356 0.000130521 0.00390637 0.00031082 0.000493361 0.00373996 6.03533e-05 0.984204 0.00529074 0.00153543 
0.0619815 0.00592223 0.0369571 0.000577435 0.00348911 0.00066787 0.00025495 0.165565 0.659977 0.0646068 
0.158857 1.76803e-05 1.64247e-06 0.000556206 2.68358e-07 2.94443e-07 7.87383e-08 0.549403 0.202715 0.088449 
0.00280558 4.08679e-08 7.04532e-07 8.12746e-07 2.26411e-10 0.0223339 1.57253e-10 0.327004 0.0929642 0.554891 
0.989388 3.87708e-05 1.47971e-05 2.43604e-05 1.74323e-05 1.45558e-12 3.06543e-13 0.000393653 0.0101026 2.03704e-05 
0.010489 2.72297e-06 0.0555536 0.000663759 0.000967321 9.08459e-05 4.29639e-08 0.897307 0.0279998 0.00692582 
0.00147383 0.0339941 0.0464552 0.00341713 0.00392326 0.00412769 0.000432691 0.578236 0.277356 0.0505842 
0.012419 0.0778644 0.0162322 0.000377054 0.0136667 0.000629365 9.99464e-05 0.685531 0.0700789 0.123101 
0.000723694 0.00118385 0.0206838 0.0492972 0.50892 0.00525617 0.000512816 0.398901 0.00165925 0.012862 
0.000473973 0.00250573 0.145468 0.000178916 3.81546e-05 4.21468e-05 1.12465e-05 0.850755 0.000200346 0.000326403 
0.00332696 0.87863 0.00530907 7.07752e-07 0.0407623 0.0152069 7.07721e-07 0.031565 0.025198 7.07806e-07 
0.0313976 0.0268175 0.108906 0.000297654 0.00308819 0.00214035 2.38384e-07 0.642539 0.0564975 0.128317 
0.0445865 0.0283423 0.128207 0.000198125 0.000676357 0.0173931 4.46631e-08 0.708476 0.0377961 0.0343241 
5.07593e-06 1.52903e-05 4.65138e-06 1.7775e-06 0.00156202 9.22034e-07 1.38725e-07 0.864364 2.74848e-06 0.134043 
1.00168e-06 4.9366e-06 5.00487e-05 0.0699507 0.00988113 4.47746e-06 9.42945e-07 0.912319 0.00437954 0.00340864 
0.0755681 0.00268234 0.172915 0.0155985 0.00130842 0.000462619 0.00045014 0.50416 0.0760401 0.150815 
0.0337306 0.011311 0.0204441 0.000278978 0.000673599 0.000659276 0.000177455 0.746824 0.160971 0.0249299 
8.48589e-05 1.89561e-07 0.025935 0.0326332 4.87441e-06 0.165161 3.62083e-08 0.320658 0.436247 0.0192761 
0.000615776 6.55219e-08 1.69299e-05 0.00323065 2.99712e-06 0.658254 1.16838e-10 0.30275 0.0330376 0.00209154 
0.000994188 0.00438047 0.00410626 0.0148529 0.822685 0.000694015 0.000549328 0.0417562 0.0690566 0.0409249 
3.86538e-06 4.27336e-09 2.03838e-06 0.00322988 2.7192e-06 5.36166e-06 8.16259e-10 0.994947 0.000751514 0.00105796 
0.0185442 0.0262019 0.00502556 0.00651215 0.000106461 1.3894e-05 3.6784e-06 0.862086 0.067114 0.0143927 
3.5831e-06 0.0170675 0.0309734 4.88279e-05 0.0021567 0.00205087 8.43611e-08 0.923613 0.024083 2.46779e-06 
0.00350353 0.00299865 0.0169272 0.0373897 0.000162086 7.59673e-05 1.41352e-07 0.919206 0.0156608 0.00407635 
0.00111355 4.53357e-09 0.0010454 0.0048964 0.000590129 0.000697312 8.65962e-10 0.985424 0.00489369 0.00133992 
0.0065023 0.0277111 0.234058 0.00291189 0.00431285 0.175845 1.03952e-06 0.207896 0.166319 0.174443 
0.00838386 0.00821958 0.134427 0.0948221 0.0048232 0.0185553 0.00128338 0.658077 0.0202553 0.0511533 
4.02308e-05 6.99855e-07 8.90815e-05 0.000261908 1.92471e-07 6.34764e-07 1.3368e-07 0.98909 0.0075985 0.00291841 
2.83817e-07 1.39875e-06 0.0505705 0.000511498 3.84676e-07 0.000107968 2.67176e-07 0.948575 0.000123358 0.000109164 
0.00836317 0.00801707 0.0632946 0.0698716 0.178078 0.0042766 0.00162483 0.561468 0.0145315 0.090475 
0.0637154 0.00112 0.0133108 0.00196282 0.0010271 4.02959e-07 8.19995e-11 0.877371 0.0326085 0.00888426 
2.04097e-08 1.00586e-07 0.00124354 2.73568e-05 2.49195e-06 9.12305e-08 1.9213e-08 0.980641 0.0180697 1.55026e-05 
0.00934638 0.000921122 0.00963077 0.102056 0.00102117 0.0021539 0.000506075 0.822432 0.0260297 0.0259025 
5.1578e-05 0.000272679 0.114016 0.00133141 4.13882e-06 0.000912766 1.21436e-06 0.702397 0.180978 3.55234e-05 
0.0213516 0.011313 0.024634 0.0331389 0.020585 0.00704635 0.00603261 0.0271569 0.725303 0.123438 
0.0373176 0.000199652 0.0038256 0.00302201 0.000327928 0.0035665 1.80498e-06 0.823691 0.117651 0.0103971 
9.16075e-07 4.65521e-09 1.38842e-05 0.0706916 3.30418e-06 4.22225e-09 8.89197e-10 0.528011 0.34285 0.0584292 
0.000148222 0.00174768 0.00428299 0.00844476 5.26483e-08 1.73633e-07 3.65668e-08 0.983783 0.000589537 0.00100384 
0.989388 3.87708e-05 1.47971e-05 2.43604e-05 1.74323e-05 1.45558e-12 3.06543e-13 0.000393653 0.0101026 2.03704e-05 
1.87711e-05 3.30289e-07 0.000540657 0.000841093 0.004974 0.00131676 6.30889e-08 0.514526 0.477553 0.000228426 
0.0373975 8.11759e-05 0.127423 0.000424801 0.000821009 0.000290303 3.61587e-07 0.554907 0.199012 0.0796431 
0.000434632 9.83631e-05 0.0978082 0.0895205 0.000324193 1.64031e-06 4.38516e-07 0.652673 0.130268 0.0288708 
1.05729e-09 0.0024744 0.000494847 0.17554 4.59336e-06 8.99652e-06 9.95297e-10 0.705682 0.0141524 0.101643 
0.0468813 0.0162546 0.034126 0.000215512 0.000551442 0.000242837 5.53588e-05 0.0107736 0.817573 0.0733259 
4.57783e-05 0.000242017 0.0459697 0.000103531 3.67459e-06 4.03449e-06 1.07865e-06 0.891029 0.0390196 0.0235816 
0.341684 0.0196031 0.00414807 0.00491163 7.26761e-08 2.24066e-09 2.34766e-12 8.16071e-08 0.313839 0.315813 
0.555605 7.75305e-08 4.55888e-08 6.97816e-09 5.90595e-12 4.17701e-09 4.10197e-12 0.19634 0.248035 1.98556e-05 
0.000723694 0.00118385 0.0206838 0.0492972 0.50892 0.00525617 0.000512816 0.398901 0.00165925 0.012862 
0.0447544 0.0037319 0.10224 0.0599379 0.00108189 0.000412924 1.78109e-06 0.576409 0.13792 0.0735093 
2.57556e-09 0.0236947 0.0159771 0.00971084 0.00161806 1.15127e-08 2.42454e-09 0.914608 0.034379 1.22155e-05 
0.196175 0.383354 0.0672754 0.0165928 0.020882 0.00595527 0.00461974 0.166137 0.0878879 0.0511209 
0.529475 0.000231615 0.000537336 1.97656e-08 3.70318e-08 1.37688e-12 2.89967e-13 0.0052466 0.464252 0.000256419 
0.000458414 0.0240578 0.0659078 0.0210012 0.00147434 7.63088e-05 2.86903e-05 0.237373 0.496086 0.153537 
0.0211682 0.00138727 0.0313776 0.0135754 0.00310274 0.00124459 0.00106168 0.00557292 0.873431 0.0480783 
0.000126224 4.30267e-05 0.00331806 4.08221e-05 3.4023e-05 3.90249e-05 8.21858e-06 0.996095 0.000221815 7.3607e-05 
0.0356736 0.0232559 0.0157733 0.00265546 0.0017519 0.00239924 0.00097077 0.0752874 0.772597 0.0696351 
0.0703016 0.010223 0.0506314 0.0215192 0.00497808 0.0349714 0.00428777 0.118929 0.594677 0.089481 
1.63427e-08 3.12961e-07 0.0210397 0.0176556 0.000510106 5.68357e-08 1.70748e-11 0.903984 0.0361194 0.0206907 
0.00302979 0.000187865 0.00270531 0.00618634 0.000178073 7.46268e-05 5.28996e-06 0.950025 0.0221838 0.0154238 
0.00896645 0.0133979 0.0934316 0.110932 0.0325285 0.150951 0.00226557 0.236083 0.0871862 0.264258 
0.158857 1.76803e-05 1.64247e-06 0.000556206 2.68358e-07 2.94443e-07 7.87383e-08 0.549403 0.202715 0.088449 
0.0274725 0.0282801 0.110749 0.0662239 0.336238 0.00558894 0.00501278 0.32371 0.0189017 0.0778226 
6.01109e-08 2.96246e-07 6.2921e-06 0.000149122 8.14722e-08 0.00147525 5.65863e-08 0.986444 0.000165337 0.0117597 
0.0036013 0.826569 0.0129053 0.000445438 0.000142803 9.85239e-06 3.07112e-06 0.133289 0.00992372 0.0131109 
3.5831e-06 0.0170675 0.0309734 4.88279e-05 0.0021567 0.00205087 8.43611e-08 0.923613 0.024083 2.46779e-06 
3.17587e-05 0.0381731 0.0994149 0.000620844 2.54955e-06 2.79998e-06 7.48532e-07 0.714693 0.147038 2.18728e-05 
5.16727e-06 2.35575e-05 0.00123382 0.00139029 0.000464523 1.51959e-05 2.37767e-06 0.61584 0.344519 0.0365059 
0.00838386 0.00821958 0.134427 0.0948221 0.0048232 0.0185553 0.00128338 0.658077 0.0202553 0.0511533 
0.00436962 0.00959983 0.0251233 0.000734135 0.000373888 0.000617937 1.12709e-07 0.941195 0.00638717 0.011599 
0.0409673 0.0668631 0.0532277 0.0131581 0.00106334 0.000731566 0.000216305 0.635931 0.0768636 0.110978 
0.0243218 3.56929e-06 0.136617 0.0235867 0.0280364 0.00011909 1.19308e-06 0.417923 0.241122 0.128269 
0.00215076 1.95283e-05 0.0645868 0.0444535 4.14211e-05 0.0270187 8.42035e-06 0.697262 0.139744 0.0247143 
1.49969e-09 7.39096e-09 6.2853e-07 0.00144416 0.0123613 6.70356e-09 1.41176e-09 0.0546328 0.864526 0.0670352 
0.00181722 0.000201298 0.660688 0.000131939 0.00115223 0.0334788 2.19598e-05 0.200133 0.0259749 0.076401 
0.0531089 0.000676542 6.28494e-05 0.000196878 1.02696e-05 1.12697e-05 3.01352e-06 0.84869 0.0676624 0.0295776 
0.000889757 1.53855e-07 0.00536095 0.00224709 0.000727818 0.000767642 2.93881e-08 0.988508 0.00132721 0.000171199 
0.000107414 6.05627e-07 0.00786209 0.00899818 0.0351476 3.19393e-06 2.61327e-08 0.879988 0.0649438 0.0029492 
0.000536403 0.000802691 0.0210872 2.66881e-06 0.00747448 0.0160045 2.6687e-06 0.751509 0.107561 0.0950194 
0.0415562 0.0125609 0.210766 0.023859 0.0488619 0.06072 0.00693593 0.295569 0.0488049 0.250366 
2.13504e-09 0.0217442 0.00175569 0.0269084 0.00445643 9.54357e-09 2.00986e-09 0.80551 0.119587 0.0200382 
0.000560343 0.00118888 0.0361044 0.022496 0.00294943 0.00298825 0.000431596 0.888081 0.0209 0.0242997 
0.00380176 0.00279934 0.0633855 0.14171 0.312212 0.0122613 0.00209335 0.317616 0.0449571 0.0991633 
0.0105555 0.0431335 0.191719 0.186361 0.02326 0.00155754 0.00113466 0.47412 0.0370185 0.0311399 
8.32487e-05 0.000440111 0.177035 0.00153058 0.00254738 0.00565365 1.96439e-06 0.812615 3.51889e-05 5.73341e-05 
1.32191e-06 6.51481e-06 0.870743 0.000255093 1.79167e-06 5.90889e-06 1.2444e-06 0.0236145 7.79055e-05 0.105293 
6.95196e-10 2.71579e-06 3.14006e-05 7.8127e-08 0.00618804 0.000707784 6.54434e-10 0.993067 2.71611e-06 1.66754e-07 
0.0160148 0.0389982 0.0766224 0.1074 0.00225143 0.000465755 0.000407542 0.111821 0.349693 0.296326 
0.330581 0.00181179 0.00207547 0.320349 5.88086e-07 1.9395e-06 4.08454e-07 0.264331 0.0794665 0.00138268 
1.59347e-10 3.34636e-07 7.61459e-07 0.00159841 0.00581947 7.13186e-07 1.50004e-10 0.985502 0.00104935 0.00602865 
0.0790692 0.000423326 0.0259645 0.000806679 0.000107353 3.31867e-05 2.37834e-05 0.604562 0.286119 0.00289121 
0.188922 3.46994e-07 0.0144368 0.00933452 1.88361e-10 6.21211e-10 1.30826e-10 0.0142205 1.1971e-05 0.773074 
3.70691e-05 6.40994e-09 0.469254 9.36183e-05 3.03224e-05 3.19816e-05 1.22437e-09 0.53049 5.52941e-05 7.13252e-06 
0.00149694 0.000958509 0.106421 0.00840152 0.348643 0.000322886 1.09167e-06 0.39216 0.0682282 0.0733667 
0.989388 3.87708e-05 1.47971e-05 2.43604e-05 1.74323e-05 1.45558e-12 3.06543e-13 0.000393653 0.0101026 2.03704e-05 
0.00408442 1.22064e-05 0.00441027 0.000431034 0.0129842 0.0845354 5.52086e-06 0.833021 0.0429783 0.0175374 
0.00071553 3.87464e-05 2.21491e-05 0.778107 2.28263e-07 7.52806e-07 1.5854e-07 0.111758 0.108828 0.000529899 
0.0282521 0.0209796 0.0108667 0.0181769 0.000672184 0.0001286 9.51214e-05 0.489483 0.158147 0.273199 
0.00087523 0.000747615 0.0580402 0.051139 0.00483304 0.00128899 0.000512865 0.752678 0.0888787 0.0410063 
0.0143096 0.012315 0.0342858 0.0193769 0.0108397 0.0573115 0.000666191 0.814545 0.0125919 0.023758 
4.65559e-07 0.00261127 0.0378157 0.0267639 1.32766e-06 0.000113036 4.61085e-07 0.905358 8.08209e-06 0.0273279 
0.0286042 0.123319 0.0798858 0.0166727 0.00698105 0.0126878 0.000204004 0.598398 0.0247927 0.108456 
0.0333137 4.98645e-05 0.0677191 0.00223433 0.000302545 5.20093e-05 3.58674e-05 0.290055 0.538688 0.0675491 
0.989388 3.87708e-05 1.47971e-05 2.43604e-05 1.74323e-05 1.45558e-12 3.06543e-13 0.000393653 0.0101026 2.03704e-05 
0.00586966 0.024024 0.00201411 0.000276254 0.000705241 0.00014277 3.77092e-05 0.828238 0.112313 0.0263785 
3.5831e-06 0.0170675 0.0309734 4.88279e-05 0.0021567 0.00205087 8.43611e-08 0.923613 0.024083 2.46779e-06 
6.27591e-05 4.32965e-05 1.05554e-05 0.0158648 1.46583e-05 0.00144459 3.1325e-10 6.83213e-05 0.982481 9.62235e-06 
0.000129491 0.000684586 0.0191426 0.0125324 1.03909e-05 1.14009e-05 3.04877e-06 0.644402 0.322995 8.91847e-05 
0.989388 3.87708e-05 1.47971e-05 2.43604e-05 1.74323e-05 1.45558e-12 3.06543e-13 0.000393653 0.0101026 2.03704e-05 
0.022132 0.00357307 0.156323 0.0292706 0.0271261 0.0171251 7.1371e-06 0.518873 0.0942257 0.131345 
0.46145 0.0966727 0.0316806 0.000729378 0.000573123 0.155488 0.000338482 0.0104994 0.227906 0.0146615 
0.0487599 0.0239884 0.195772 0.0109884 0.0010425 0.0157351 0.00074265 0.451587 0.203025 0.0483591 
6.95196e-10 2.71579e-06 3.14006e-05 7.8127e-08 0.00618804 0.000707784 6.54434e-10 0.993067 2.71611e-06 1.66754e-07 
0.00432097 1.00061e-06 0.00892963 0.022971 0.0282767 2.43385e-05 5.12789e-07 0.852445 0.0710573 0.0119734 
0.0211682 0.00138727 0.0313776 0.0135754 0.00310274 0.00124459 0.00106168 0.00557292 0.873431 0.0480783 
0.989388 3.87708e-05 1.47971e-05 2.43604e-05 1.74323e-05 1.45558e-12 3.06543e-13 0.000393653 0.0101026 2.03704e-05 
6.36272e-07 6.02915e-10 0.0184397 1.09855e-06 0.00157954 5.4684e-10 1.15164e-10 0.722926 0.243755 0.0132986 
1.16627e-09 1.1553e-06 2.95585e-06 0.0233709 0.537935 5.2132e-09 1.09789e-09 0.357804 2.08745e-05 0.080866 
0.0190751 0.00201264 0.019757 0.0291201 0.0187028 0.00467847 0.000164093 0.723353 0.109251 0.0738854 
0.0637154 0.00112 0.0133108 0.00196282 0.0010271 4.02959e-07 8.19995e-11 0.877371 0.0326085 0.00888426 
6.95196e-10 2.71579e-06 3.14006e-05 7.8127e-08 0.00618804 0.000707784 6.54434e-10 0.993067 2.71611e-06 1.66754e-07 
4.64087e-06 4.97917e-06 0.436713 0.000385016 0.000266223 0.000228677 3.63931e-08 0.532348 0.0112818 0.0187679 
0.00355272 0.716679 0.0157035 0.00395293 0.0011747 0.00150198 6.85184e-05 0.164714 0.049294 0.0433582 
0.558236 0.000451566 0.000933896 0.000956173 0.000565386 0.0378166 2.09326e-05 0.038653 0.358106 0.00426042 
8.4597e-08 4.16922e-07 0.997568 0.0016882 1.1466e-07 3.78146e-07 7.96368e-08 0.000372032 0.000151659 0.000218575 
0.0656751 1.92588e-06 0.069129 0.00151569 0.000286332 2.26911e-06 6.90969e-09 0.845375 0.0148921 0.00312296 
