0.00465325 0.0124509 0.0579082 0.0349583 0.000450855 7.66771e-05 0.0024514 0.773497 0.0503884 0.0631651 
0.00851091 7.17793e-08 0.00536627 0.0111339 0.00143494 5.26446e-08 0.00109177 0.941228 0.0196894 0.0115446 
0.00324658 0.96967 0.00239959 5.67235e-05 0.00073107 0.000367857 0.000154421 0.00515109 0.0109401 0.00728266 
0.188526 1.58524e-07 0.4419 0.0611109 0.0387849 1.58538e-07 0.0240342 0.0422302 0.151341 0.052072 
0.00988759 0.00107998 0.00321001 0.245802 0.550588 8.48602e-05 0.00155555 0.0310546 0.0205401 0.136197 
0.0309105 0.0381854 0.0391003 0.00642295 0.00283064 0.000109315 0.00521678 0.00981661 0.81946 0.0479474 
0.03637 0.00332631 0.148716 0.0129255 0.00110181 4.24086e-05 0.000163147 0.0809773 0.421066 0.295311 
0.0663968 0.0138429 0.0203801 0.0180968 0.673917 2.86749e-05 0.00115065 0.128947 0.0467373 0.0305027 
0.0293913 9.69534e-05 0.0212971 0.0543744 0.630695 6.7132e-07 0.00528661 0.185304 0.0442421 0.0293112 
0.00315428 0.0655303 0.0847391 0.050057 2.54133e-05 0.000175013 0.00177807 0.108415 0.231555 0.454571 
0.0339731 0.702673 0.0393863 0.0410794 0.0601479 8.57177e-09 0.00261777 0.0417189 0.0448401 0.0335633 
0.0113688 0.031149 0.164988 0.0998922 0.00494983 1.56356e-05 0.00185305 0.165074 0.309198 0.211511 
0.0400274 0.00395719 0.00683038 0.000164473 0.000115952 3.76532e-06 0.000149969 0.00188859 0.887409 0.0594531 
0.00324658 0.96967 0.00239959 5.67235e-05 0.00073107 0.000367857 0.000154421 0.00515109 0.0109401 0.00728266 
0.0167116 0.00140811 0.0268092 0.0511884 0.0274003 0.000226474 0.0100129 0.662539 0.0541164 0.149587 
0.0780896 2.16698e-05 0.112797 2.16866e-05 0.00435851 0.00435601 2.16857e-05 0.10845 0.691862 2.16883e-05 
0.00324658 0.96967 0.00239959 5.67235e-05 0.00073107 0.000367857 0.000154421 0.00515109 0.0109401 0.00728266 
0.0107771 0.0121646 0.048384 0.0453814 0.0688256 8.34483e-06 0.00470257 0.667211 0.0655063 0.077039 
1.72432e-06 1.85324e-06 0.397453 0.00328096 5.14765e-11 2.37846e-07 1.35507e-06 0.0108804 1.36588e-06 0.588379 
0.0508384 0.0868246 0.0343012 0.0843249 0.257307 1.15688e-06 0.00804999 0.292999 0.131614 0.05374 
6.51988e-05 7.41035e-09 0.000624071 7.07424e-05 0.000258932 1.23091e-05 1.06137e-06 0.989083 0.00743008 0.00245474 
0.00324658 0.96967 0.00239959 5.67235e-05 0.00073107 0.000367857 0.000154421 0.00515109 0.0109401 0.00728266 
0.0112357 0.000541831 0.175989 0.0304357 0.0135108 0.0381418 0.000822701 0.492208 0.0859659 0.151148 
0.0487659 0.511204 0.00404777 0.0214567 0.167053 9.57746e-10 7.79926e-05 0.166839 0.0736585 0.00689662 
0.135328 0.00934806 0.0679028 0.040921 0.0620795 1.97644e-05 0.00425952 0.108991 0.235638 0.335513 
0.129779 0.0023113 0.063063 0.00039367 0.00143766 6.07495e-08 0.000431822 0.269463 0.446309 0.0868116 
0.00324658 0.96967 0.00239959 5.67235e-05 0.00073107 0.000367857 0.000154421 0.00515109 0.0109401 0.00728266 
0.000699363 0.0227808 0.208123 0.265265 0.0485725 3.3502e-06 0.0126414 0.0765998 0.12121 0.244105 
0.0148791 0.000183244 0.00519712 0.0196 0.232157 3.57116e-07 0.00206368 0.672719 0.0343773 0.0188228 
0.000343661 0.0554883 0.338603 0.12208 0.0400035 5.40397e-05 0.0373772 0.111078 0.0603501 0.234623 
0.16153 0.0158704 0.0267907 0.0181472 0.000391046 0.000583251 0.0141632 0.0182111 0.663337 0.0809753 
0.00349272 0.00936164 0.129 0.11414 0.39602 5.53348e-06 0.00848759 0.238819 0.0438649 0.0568082 
0.00324658 0.96967 0.00239959 5.67235e-05 0.00073107 0.000367857 0.000154421 0.00515109 0.0109401 0.00728266 
0.10159 0.026495 0.0512854 0.0215991 0.00452333 0.00158778 0.0114869 0.050171 0.534588 0.196674 
0.0072252 5.37583e-05 0.0322359 0.00796546 0.464206 0.000111497 0.000237747 0.465242 0.00483049 0.017892 
0.010196 0.00148041 0.143271 0.292051 0.0150191 1.12015e-07 0.00531461 0.285726 0.0766845 0.170257 
0.033648 4.46942e-06 0.183477 0.000366651 6.78385e-08 7.44326e-08 1.99043e-08 0.0342419 0.165132 0.58313 
0.000234422 0.0325045 0.030613 0.0167575 0.725838 2.20668e-05 0.0110898 0.0834346 0.0176232 0.0818825 
0.0266317 0.00099891 0.123771 0.0630165 0.0726685 1.47601e-05 0.0209585 0.377738 0.0589467 0.255255 
0.0413143 2.02473e-08 0.313924 0.0236609 0.0934713 2.23028e-09 0.00612283 0.00916235 0.0323514 0.479993 
0.0369269 0.000435958 0.00776028 0.0419869 0.854928 2.22305e-10 0.00650119 0.00650339 0.0257579 0.0191992 
0.00775569 0.00743923 0.0574258 0.0147071 0.0339795 1.0501e-06 0.00704134 0.837069 0.0289304 0.00565054 
0.0304661 0.00234846 0.0613425 0.0072552 0.000352685 1.41936e-05 0.000343325 0.0488719 0.792473 0.0565331 
0.00195012 0.00331497 0.06745 0.0297264 0.00598482 7.21562e-05 0.0023759 0.849361 0.0307369 0.00902737 
0.0396394 0.00030689 0.0936352 0.0429894 0.0654909 2.11236e-06 0.0119716 0.361843 0.203015 0.181106 
0.021325 9.74542e-05 0.0827463 0.184565 0.186463 2.19963e-05 0.0150508 0.0512498 0.062811 0.39567 
2.82727e-10 3.30244e-05 9.07061e-06 1.13518e-05 1.07334e-06 1.26378e-09 2.6615e-10 0.738069 0.135311 0.126565 
0.481867 0.0707519 0.00821096 0.0050724 1.49823e-05 5.17503e-09 0.00394894 0.0363063 0.279944 0.113883 
0.0184023 8.99805e-07 0.114177 0.0133184 0.015988 1.15208e-07 0.00162083 0.413667 0.240651 0.182175 
0.0369269 0.000435958 0.00776028 0.0419869 0.854928 2.22305e-10 0.00650119 0.00650339 0.0257579 0.0191992 
0.000297463 0.0601761 0.0130627 0.004071 0.0386801 0.00502355 3.22155e-07 0.840939 0.0320625 0.00568774 
0.0663968 0.0138429 0.0203801 0.0180968 0.673917 2.86749e-05 0.00115065 0.128947 0.0467373 0.0305027 
0.0757053 0.000153082 0.131098 0.00864895 0.000606571 3.85934e-07 0.000280493 0.143625 0.514489 0.125393 
0.00510282 0.00282282 0.0529704 0.0409975 0.134767 0.0112647 0.00749453 0.719455 0.013291 0.0118339 
0.0913036 0.00464157 0.139949 0.00245537 1.72386e-05 2.88835e-08 0.00105338 0.00712931 0.711983 0.0414676 
0.405688 0.000158567 0.0622187 0.000347901 1.98073e-05 6.66527e-07 0.00011283 0.0101787 0.100887 0.420388 
0.000613287 1.83037e-05 0.000937712 0.00589278 0.935054 5.45654e-12 6.96724e-05 0.032288 0.0138739 0.0112525 
0.0193784 0.0366766 0.033875 0.0143512 0.00307384 0.000200974 0.00184514 0.833564 0.0287197 0.028315 
0.133224 0.142809 0.144611 0.0013083 0.00788695 0.00262241 0.00333205 0.122967 0.134992 0.306247 
0.0604484 0.0138988 0.0131314 0.317716 0.13595 2.41618e-08 0.00251569 0.0399512 0.0959543 0.320435 
0.0921475 0.0137527 0.135664 0.020657 0.000494184 2.75827e-05 0.00882815 0.196956 0.354448 0.177026 
0.0324345 0.00244695 0.169936 0.102059 0.0776975 0.0010684 0.0134995 0.270937 0.213865 0.116056 
0.175736 0.0065373 0.0122951 0.00432722 0.00132506 1.16658e-10 0.000494407 0.0634567 0.588458 0.147369 
0.00324658 0.96967 0.00239959 5.67235e-05 0.00073107 0.000367857 0.000154421 0.00515109 0.0109401 0.00728266 
0.104632 0.00491267 0.0330717 0.0260054 0.00107131 0.000235395 0.00340608 0.1179 0.580454 0.128312 
0.00514328 0.00167509 0.0329741 3.38072e-05 1.93868e-06 6.06449e-07 6.63201e-06 0.361065 0.0805325 0.518567 
0.0498538 0.127008 0.0573576 0.0530641 0.00162797 0.000111236 0.0143907 0.0238119 0.556133 0.116642 
0.0663968 0.0138429 0.0203801 0.0180968 0.673917 2.86749e-05 0.00115065 0.128947 0.0467373 0.0305027 
0.0653388 0.00053422 0.0395837 0.0192053 1.855e-05 2.87367e-05 0.000229251 0.0216393 0.806626 0.0467959 
0.00217111 0.000392702 0.000311955 0.0130643 0.924614 1.52823e-11 3.49588e-05 0.0478179 0.0014538 0.0101391 
0.0266453 0.00733592 0.45816 0.0791394 0.0306783 0.000117219 0.017458 0.0227915 0.0627586 0.294915 
0.762282 4.37049e-05 0.00114008 0.00072098 0.00396844 7.22879e-09 0.000167967 0.00182103 0.214155 0.0157006 
2.72121e-07 0.00116404 0.00344519 4.83438e-07 0.000406373 0.000192358 6.59913e-06 0.985517 0.00854555 0.000722269 
0.00324658 0.96967 0.00239959 5.67235e-05 0.00073107 0.000367857 0.000154421 0.00515109 0.0109401 0.00728266 
0.00833179 4.23741e-06 0.0267433 0.0272811 0.255342 0.00419352 0.000233056 0.661 0.0051493 0.0117208 
0.00226041 0.0029977 0.0772629 0.0601192 0.157959 0.0757999 0.0221473 0.26128 0.0260965 0.314077 
0.00241458 0.0607438 0.177588 0.361045 0.0289295 1.82614e-08 0.0216293 0.051157 0.0475945 0.248898 
0.00222289 0.000203205 0.0137614 2.10652e-05 0.000212354 4.53773e-05 4.70217e-06 0.923698 0.0505777 0.00925294 
0.00979379 0.0045554 0.423134 0.0207099 0.00104963 2.79229e-09 0.00250923 0.0919271 0.0913821 0.354939 
0.0112357 0.000541831 0.175989 0.0304357 0.0135108 0.0381418 0.000822701 0.492208 0.0859659 0.151148 
0.0187603 0.000229958 0.0771583 0.0138748 0.0567022 1.13619e-06 0.0127191 0.582908 0.213396 0.0242502 
0.00168631 0.00699832 0.003133 0.574641 0.0750592 3.20907e-10 0.00255484 0.0100239 0.0197637 0.306139 
0.000746934 0.000690446 0.162106 0.407481 0.154969 0.0072903 0.00661637 0.08592 0.0179308 0.156249 
1.15805e-05 1.13915e-09 1.04592e-10 6.75109e-07 0.000414692 1.0332e-09 2.1759e-10 4.08795e-06 0.999569 3.39453e-07 
0.0339731 0.702673 0.0393863 0.0410794 0.0601479 8.57177e-09 0.00261777 0.0417189 0.0448401 0.0335633 
0.00735816 0.000586559 0.0637044 0.0206395 0.77309 1.54992e-07 0.00457786 0.0535052 0.0158654 0.0606729 
0.00324658 0.96967 0.00239959 5.67235e-05 0.00073107 0.000367857 0.000154421 0.00515109 0.0109401 0.00728266 
1.87001e-08 0.00063366 1.63514e-05 0.000378899 1.45296e-05 8.35888e-08 1.76036e-08 0.983874 0.0150829 5.60352e-09 
0.0100702 0.00756973 0.0225583 0.236702 0.376154 5.46898e-05 0.00780999 0.13499 0.0529323 0.151159 
0.00324658 0.96967 0.00239959 5.67235e-05 0.00073107 0.000367857 0.000154421 0.00515109 0.0109401 0.00728266 
0.000912601 0.00109198 0.0256785 0.0616971 0.00324659 1.83052e-06 0.000396509 0.35485 0.551922 0.000203048 
0.52566 0.0051376 0.00669725 0.000343059 0.000381528 2.30754e-07 3.64833e-05 0.00180957 0.433935 0.0259996 
0.062104 0.0554939 0.164595 0.0139443 0.00331803 6.01893e-06 0.00406372 0.252392 0.205722 0.23836 
0.014197 0.338257 0.0672916 0.0666227 0.0992574 1.3455e-08 0.00206441 0.333172 0.0345025 0.0446348 
0.217612 1.87659e-05 0.0126379 0.0264528 0.00218616 5.20752e-08 0.000690598 0.00365649 0.723632 0.0131129 
0.00693431 3.15984e-07 0.251004 1.1498e-06 6.9688e-05 1.87007e-07 9.77626e-07 0.103721 0.239474 0.398794 
0.0584324 0.0866794 0.136558 0.0278771 0.000688377 0.00406183 0.00686101 0.46099 0.106539 0.111313 
7.20094e-08 6.13861e-09 0.59703 1.09468e-05 0.000204291 2.9581e-10 1.67776e-08 0.076805 0.0265742 0.299375 
0.0663968 0.0138429 0.0203801 0.0180968 0.673917 2.86749e-05 0.00115065 0.128947 0.0467373 0.0305027 
3.74748e-06 8.42017e-08 0.00374609 0.0106916 5.35006e-05 3.29432e-06 1.60835e-08 0.939731 0.0362206 0.00954963 
0.00383672 0.0252967 0.0805868 0.000251882 0.000210788 2.26268e-05 3.62977e-05 0.727545 0.0957812 0.0664323 
0.0585827 0.0123251 0.0153981 0.00030104 0.00143457 2.46269e-05 0.000544451 0.773756 0.095679 0.0419544 
0.000274336 0.0903937 0.00765813 0.000955894 0.00143753 0.000898403 0.00075244 0.882709 0.0107313 0.00418937 
0.00833179 4.23741e-06 0.0267433 0.0272811 0.255342 0.00419352 0.000233056 0.661 0.0051493 0.0117208 
0.0631155 0.00211027 0.132085 0.0685506 0.326955 5.06664e-06 0.00179205 0.275731 0.0243767 0.105279 
0.0286534 1.39988e-05 0.27425 0.2263 0.0114568 4.17539e-10 0.00609019 0.348818 0.0369443 0.0674738 
0.000602432 0.0421576 0.0218587 0.00996938 0.0302386 3.04909e-05 0.00280387 0.1485 0.594211 0.149628 
0.119885 0.00761797 0.0633382 0.0419645 0.0159823 0.0169482 0.0037038 0.117895 0.55547 0.057196 
1.04682e-05 0.000174965 0.00632811 0.000263785 0.00109342 7.89069e-06 1.08318e-08 0.969131 0.0112344 0.0117562 
0.0544072 0.000857812 0.115002 0.160233 0.0623287 9.20512e-05 0.0495411 0.10311 0.114952 0.339475 
0.00564706 0.0102735 0.0717438 0.00395185 0.00100773 0.000652147 0.00259128 0.612862 0.246231 0.0450395 
0.0400274 0.00395719 0.00683038 0.000164473 0.000115952 3.76532e-06 0.000149969 0.00188859 0.887409 0.0594531 
0.00324658 0.96967 0.00239959 5.67235e-05 0.00073107 0.000367857 0.000154421 0.00515109 0.0109401 0.00728266 
0.281541 2.4267e-07 2.1903e-06 8.34302e-07 0.000116566 9.43514e-08 1.95317e-07 0.378072 0.312328 0.027938 
0.0420758 0.000199689 0.230168 0.0221248 0.297567 1.45186e-08 0.0219509 0.223246 0.0702348 0.0924334 
0.0700517 0.00155454 0.00350458 0.171043 0.00360384 1.73172e-06 0.00142331 0.513623 0.200398 0.0347963 
0.0007223 0.000358728 0.0405884 0.64188 0.00422549 0.00428657 0.00239893 0.137255 0.0389385 0.129346 
0.0798949 2.74229e-05 0.068482 0.0126793 0.677596 1.2925e-12 0.0016601 0.0673296 0.0318008 0.0605296 
0.00465965 4.93948e-07 0.199352 0.00919922 0.00251396 0.169774 0.00332334 0.234773 0.324445 0.05196 
0.0621024 0.00374413 0.0798778 0.0259662 0.0265717 3.85627e-06 0.00688223 0.0128202 0.0531004 0.728931 
0.00979379 0.0045554 0.423134 0.0207099 0.00104963 2.79229e-09 0.00250923 0.0919271 0.0913821 0.354939 
0.046514 0.000836736 0.0648112 0.0220106 0.013777 4.27676e-05 0.00771578 0.0483629 0.0936017 0.702327 
0.0119875 0.0058022 0.0276512 0.0023398 0.0171559 2.30995e-05 0.00305391 0.839494 0.0385417 0.0539506 
2.27184e-06 7.8842e-10 2.13477e-05 0.0759018 1.40959e-06 0.000649019 1.6266e-06 0.623378 0.296107 0.00393702 
0.0188774 0.00332872 0.058722 0.0595033 0.144773 1.8171e-05 0.0181496 0.0704264 0.0901034 0.536098 
1.91077e-06 8.56854e-11 0.711274 0.00415916 0.00105808 7.77161e-11 4.45194e-07 0.208286 1.69502e-05 0.0752039 
0.0201526 0.0332712 0.128672 0.0923565 0.00922833 3.38164e-06 0.0185771 0.0216364 0.0677989 0.608304 
0.00352817 6.05763e-05 0.0299165 0.0160405 0.269868 4.78128e-05 0.000291272 0.651612 0.00593749 0.0226968 
0.000380654 4.56969e-05 0.829649 0.137775 0.00291472 7.63564e-09 0.000225438 0.0039396 0.00536587 0.0197042 
0.0192377 0.0123609 0.0547752 0.107575 0.0998583 5.54503e-07 0.00203846 0.655139 0.0185517 0.030463 
0.00324658 0.96967 0.00239959 5.67235e-05 0.00073107 0.000367857 0.000154421 0.00515109 0.0109401 0.00728266 
0.0405244 6.9887e-05 0.104941 0.0117038 0.409653 1.83331e-11 0.000632354 0.353906 0.0622413 0.0163282 
0.00406285 0.417574 0.100702 0.0792654 0.227633 1.03858e-05 0.00735153 0.100668 0.0176928 0.0450404 
0.204644 0.00589048 0.0782607 0.0043294 0.000891767 9.30653e-05 0.0025897 0.0212271 0.288104 0.39397 
0.0370956 0.0495922 0.0661751 0.073369 0.00656634 1.0582e-07 0.00420899 0.0185385 0.691989 0.0524653 
0.00292732 0.0233405 0.195493 0.0115721 0.00303494 7.72812e-05 0.000320227 0.567329 0.0540201 0.141886 
0.0716028 0.00721266 0.515061 0.0350524 0.014416 2.18783e-07 0.00548079 0.0222463 0.0780865 0.250841 
0.000312884 2.27424e-09 0.000791229 0.00908493 0.832633 2.06273e-09 0.000200057 0.131208 0.00760447 0.018165 
0.000567694 0.160277 0.343553 0.067344 0.146107 8.47726e-07 0.0538392 0.0965148 0.0660596 0.0657362 
0.0416875 0.000243963 0.179581 0.106052 0.0572553 5.1204e-06 0.0281462 0.288657 0.172255 0.126118 
0.387332 0.000783882 0.0262222 0.0368502 0.000594789 0.00615086 0.00262429 0.0918552 0.421653 0.0259335 
0.0329499 0.000942314 0.0293542 0.0725302 0.00980097 1.51899e-09 0.000108082 0.798465 0.0456689 0.0101802 
0.00833179 4.23741e-06 0.0267433 0.0272811 0.255342 0.00419352 0.000233056 0.661 0.0051493 0.0117208 
0.0339731 0.702673 0.0393863 0.0410794 0.0601479 8.57177e-09 0.00261777 0.0417189 0.0448401 0.0335633 
0.00833179 4.23741e-06 0.0267433 0.0272811 0.255342 0.00419352 0.000233056 0.661 0.0051493 0.0117208 
0.0405244 6.9887e-05 0.104941 0.0117038 0.409653 1.83331e-11 0.000632354 0.353906 0.0622413 0.0163282 
0.0421543 0.0163783 0.0173455 0.0495777 0.000755707 5.01716e-06 0.00372816 0.737227 0.0829856 0.0498429 
0.00324658 0.96967 0.00239959 5.67235e-05 0.00073107 0.000367857 0.000154421 0.00515109 0.0109401 0.00728266 
0.209966 0.0379218 0.137216 0.0498452 0.000360248 7.07983e-09 0.00164548 0.0361702 0.51619 0.0106853 
0.0631155 0.00211027 0.132085 0.0685506 0.326955 5.06664e-06 0.00179205 0.275731 0.0243767 0.105279 
0.0105861 0.183228 0.224298 0.135775 0.144363 0.00109361 0.00346531 0.129354 0.0289707 0.138867 
0.0603015 0.0661195 0.0138218 0.0938634 0.127409 3.67531e-09 0.00884949 0.124682 0.415634 0.0893189 
0.00324658 0.96967 0.00239959 5.67235e-05 0.00073107 0.000367857 0.000154421 0.00515109 0.0109401 0.00728266 
0.089218 0.0446638 0.0981557 0.00181363 3.11889e-05 0.000234409 0.00176601 0.584749 0.0943981 0.0849705 
9.25553e-05 0.000530577 0.0122416 0.217497 0.348226 7.00039e-11 0.0004911 0.0267359 0.308872 0.0853131 
3.39968e-07 9.13691e-10 0.00437678 1.52375e-07 7.09151e-08 8.28712e-10 1.74525e-10 0.980279 0.0153428 4.48256e-07 
0.0361871 0.0308138 0.217042 0.0121869 0.00222413 0.0797973 0.0162433 0.229161 0.0489234 0.327421 
0.00492794 0.0217308 0.00257099 0.00584686 0.0004517 0.000934997 0.0018634 0.769654 0.111381 0.080638 
0.00833179 4.23741e-06 0.0267433 0.0272811 0.255342 0.00419352 0.000233056 0.661 0.0051493 0.0117208 
4.99723e-05 1.44786e-07 3.72353e-05 6.45531e-06 3.98182e-08 1.3132e-07 2.76557e-08 0.924271 5.02647e-05 0.0755848 
0.0837101 0.0246275 0.0321445 0.0330075 0.657952 3.01344e-06 0.0101495 0.0408941 0.0371755 0.0803363 
0.0473238 0.129246 0.0275799 0.00768798 0.123076 0.0679628 0.000564663 0.0580513 0.414796 0.123711 
0.0663968 0.0138429 0.0203801 0.0180968 0.673917 2.86749e-05 0.00115065 0.128947 0.0467373 0.0305027 
0.000468886 1.0499e-06 0.000221809 1.55515e-07 2.88738e-07 9.52251e-07 2.00542e-07 0.00380797 0.99373 0.0017683 
0.0837101 0.0246275 0.0321445 0.0330075 0.657952 3.01344e-06 0.0101495 0.0408941 0.0371755 0.0803363 
0.131181 0.000336467 0.0460966 0.0878738 0.247658 1.4631e-10 0.0161763 0.327086 0.0833018 0.0602895 
0.0355211 0.00133782 0.164406 0.0356166 0.209539 5.0008e-08 0.0224963 0.261944 0.216576 0.0525627 
0.00324658 0.96967 0.00239959 5.67235e-05 0.00073107 0.000367857 0.000154421 0.00515109 0.0109401 0.00728266 
6.67308e-05 0.000492489 0.00118694 2.42357e-07 0.00126038 0.899454 3.12528e-07 0.0884152 0.00558205 0.00354167 
0.164467 0.000939698 3.36771e-07 0.000622213 2.8752e-05 3.959e-09 2.31857e-08 0.0228349 0.810882 0.00022565 
0.0716028 0.00721266 0.515061 0.0350524 0.014416 2.18783e-07 0.00548079 0.0222463 0.0780865 0.250841 
0.0681779 0.0197023 0.187346 0.195802 0.0302323 7.14022e-05 0.00771772 0.141513 0.114827 0.23461 
0.00914954 2.06599e-05 0.0305087 0.0261016 0.139903 1.08973e-07 0.00366147 0.0630158 0.109349 0.61829 
0.0161205 0.0335475 0.132383 0.0354731 9.18893e-07 6.62376e-08 0.00902601 0.0100377 0.1019 0.661512 
0.0420415 0.000356336 0.0458027 0.114015 0.220294 1.48818e-06 0.0294327 0.0879112 0.0621236 0.398022 
0.0413143 2.02473e-08 0.313924 0.0236609 0.0934713 2.23028e-09 0.00612283 0.00916235 0.0323514 0.479993 
0.00564648 7.44633e-05 0.0322473 0.027869 0.70684 0.00554617 0.000342583 0.201828 0.00377623 0.0158297 
0.0264886 1.25373e-08 0.00182132 0.00135195 0.0077183 0.000623439 0.000445447 0.921036 0.0395008 0.00101375 
0.00324658 0.96967 0.00239959 5.67235e-05 0.00073107 0.000367857 0.000154421 0.00515109 0.0109401 0.00728266 
0.161575 5.8255e-05 0.0961745 0.110229 0.0723718 4.36917e-07 0.0168827 0.05182 0.260796 0.230091 
0.00499181 0.0129421 0.648806 0.144834 0.0110509 0.000103048 0.00832787 0.089714 0.0156136 0.0636166 
0.00148011 4.56949e-05 0.000325253 0.00213117 0.978365 1.44844e-12 5.82132e-05 0.00674131 0.00199946 0.00885368 
0.0211682 0.00138727 0.0313776 0.0135754 0.00310274 0.00124459 0.00106168 0.00557292 0.873431 0.0480783 
0.00822422 3.73388e-06 3.73695e-06 3.73678e-06 0.0283999 0.00336452 3.73662e-06 0.509678 0.192084 0.258234 
0.0515392 0.00235849 0.0421292 0.00491451 5.95555e-05 6.20435e-07 0.00207499 0.0487642 0.830556 0.0176032 
0.0157632 8.86269e-05 0.0668939 0.111699 0.507909 8.03436e-08 0.0141463 0.14447 0.0264746 0.112555 
0.0774769 1.10517e-05 0.14581 0.0409501 0.00524924 2.71932e-11 0.00132547 0.0115566 0.520687 0.196933 
0.0837101 0.0246275 0.0321445 0.0330075 0.657952 3.01344e-06 0.0101495 0.0408941 0.0371755 0.0803363 
0.0130636 0.000181326 0.0164071 0.0103989 0.602012 0.000990957 0.00267385 0.323802 0.0233167 0.00715368 
0.00723438 1.80134e-07 0.00238839 0.00860619 0.833423 3.57093e-10 0.00152988 0.111378 0.0173882 0.0180513 
0.0663968 0.0138429 0.0203801 0.0180968 0.673917 2.86749e-05 0.00115065 0.128947 0.0467373 0.0305027 
0.062318 0.00338592 0.497862 0.186582 0.043723 1.97247e-05 0.00841061 0.098105 0.0149978 0.084596 
0.122774 0.0143637 0.118294 0.00275753 0.000699749 1.18778e-05 9.67664e-05 0.591794 0.0695254 0.0796835 
0.000665298 7.65898e-06 0.00011173 0.00254999 0.964056 2.12855e-11 1.215e-05 0.010131 0.00361539 0.0188508 
0.0360274 0.00915141 0.0943798 0.113363 0.363318 7.05075e-05 0.0098544 0.124591 0.0688867 0.180357 
0.0795763 0.0103178 0.0216244 0.0174744 0.0143743 4.03429e-06 0.00469695 0.0102239 0.74203 0.0996777 
0.0130103 3.5691e-05 0.0827869 0.0405065 0.216731 0.00344142 0.000590697 0.593742 0.00638166 0.042774 
0.0108195 0.0743988 0.277188 0.18784 0.0985493 8.86138e-06 0.0228271 0.197227 0.0444457 0.0866955 
0.0205163 0.00107687 0.195419 0.0827255 0.34548 3.52578e-06 0.0169787 0.133854 0.023243 0.180704 
0.0369269 0.000435958 0.00776028 0.0419869 0.854928 2.22305e-10 0.00650119 0.00650339 0.0257579 0.0191992 
0.683373 0.00013024 0.0740173 0.0127698 0.00300756 1.39839e-08 0.00273437 0.0178081 0.156476 0.0496837 
0.00324658 0.96967 0.00239959 5.67235e-05 0.00073107 0.000367857 0.000154421 0.00515109 0.0109401 0.00728266 
0.0054873 0.000444689 0.0491703 0.0350823 0.0143251 0.00095994 0.00155806 0.686237 0.190228 0.0165068 
0.000807034 1.82938e-05 0.000262803 0.00134997 0.983346 3.20103e-12 2.9124e-05 0.00572955 0.000799814 0.00765696 
0.0508975 0.00023735 0.000693515 0.00192823 0.000364288 6.82116e-05 5.70721e-11 0.00859441 0.933952 0.00326454 
0.00324658 0.96967 0.00239959 5.67235e-05 0.00073107 0.000367857 0.000154421 0.00515109 0.0109401 0.00728266 
0.00636064 0.0257651 0.0765263 0.0907816 0.146994 9.21716e-07 0.0147726 0.292837 0.183597 0.162365 
0.0166324 6.24929e-08 0.0118588 0.0466712 0.642112 1.80223e-11 0.00943479 0.218641 0.0386497 0.0159999 
0.131181 0.000336467 0.0460966 0.0878738 0.247658 1.4631e-10 0.0161763 0.327086 0.0833018 0.0602895 
0.054614 0.00264832 0.0893684 0.0671469 0.0261994 0.000354197 0.0143521 0.056108 0.53277 0.156439 
0.0868785 0.000320454 0.177694 0.0528179 0.14618 7.27725e-06 0.0199778 0.268543 0.0873077 0.160274 
0.00833179 4.23741e-06 0.0267433 0.0272811 0.255342 0.00419352 0.000233056 0.661 0.0051493 0.0117208 
0.0339954 0.0108795 0.0930633 0.00254872 0.0259193 8.29017e-06 0.00733597 0.0988492 0.467971 0.259429 
0.00251664 2.74348e-05 0.00786143 0.0128534 0.944479 3.12893e-12 0.000389174 0.0195263 0.00187082 0.0104761 
0.00126032 9.81459e-06 0.00276769 0.00319636 0.941085 6.76823e-12 0.000883355 0.0392196 0.00321793 0.00836033 
0.00324658 0.96967 0.00239959 5.67235e-05 0.00073107 0.000367857 0.000154421 0.00515109 0.0109401 0.00728266 
0.091629 0.00806662 0.0028412 0.0242912 0.0291722 1.88671e-11 0.000784739 0.17645 0.655148 0.0116175 
0.00833179 4.23741e-06 0.0267433 0.0272811 0.255342 0.00419352 0.000233056 0.661 0.0051493 0.0117208 
0.161575 5.8255e-05 0.0961745 0.110229 0.0723718 4.36917e-07 0.0168827 0.05182 0.260796 0.230091 
7.20094e-08 6.13861e-09 0.59703 1.09468e-05 0.000204291 2.9581e-10 1.67776e-08 0.076805 0.0265742 0.299375 
0.00324658 0.96967 0.00239959 5.67235e-05 0.00073107 0.000367857 0.000154421 0.00515109 0.0109401 0.00728266 
0.0339731 0.702673 0.0393863 0.0410794 0.0601479 8.57177e-09 0.00261777 0.0417189 0.0448401 0.0335633 
0.0244922 0.0668692 0.191769 0.0509191 0.110189 0.0018918 0.010799 0.269789 0.0282048 0.245077 
0.000383586 0.00659332 0.0513932 0.371245 0.00778553 1.06184e-05 0.00257134 0.0987475 0.0613828 0.399887 
0.00324658 0.96967 0.00239959 5.67235e-05 0.00073107 0.000367857 0.000154421 0.00515109 0.0109401 0.00728266 
0.000655195 0.00944163 0.0822428 0.690453 4.0134e-05 2.8205e-07 0.000583564 0.0203604 0.026627 0.169596 
0.0405244 6.9887e-05 0.104941 0.0117038 0.409653 1.83331e-11 0.000632354 0.353906 0.0622413 0.0163282 
0.00405768 0.0272843 0.00311821 1.70651e-06 0.000411916 0.000276684 5.60395e-06 0.923459 0.01212 0.0292651 
0.00324658 0.96967 0.00239959 5.67235e-05 0.00073107 0.000367857 0.000154421 0.00515109 0.0109401 0.00728266 
0.0373155 1.56541e-06 0.0124589 0.00296983 0.000537321 0.0172682 0.00200763 0.771685 0.105667 0.0500882 
1.3053e-05 0.0326221 1.30543e-05 0.0287312 0.118788 1.30447e-05 1.30532e-05 0.5613 0.150139 0.108367 
1.3053e-05 0.0326221 1.30543e-05 0.0287312 0.118788 1.30447e-05 1.30532e-05 0.5613 0.150139 0.108367 
0.0264886 1.25373e-08 0.00182132 0.00135195 0.0077183 0.000623439 0.000445447 0.921036 0.0395008 0.00101375 
0.00563749 8.88551e-06 0.00965286 0.00550869 0.00176257 4.31192e-05 0.00132802 0.910209 0.0467851 0.019064 
5.08118e-05 1.69298e-07 1.55442e-08 7.3372e-05 4.65594e-08 1.53552e-07 3.23377e-08 0.999824 5.1398e-05 1.02936e-08 
0.002165 0.0136253 0.0371649 0.652722 0.129657 2.21023e-07 0.00385525 0.0159421 0.00867372 0.136194 
0.00324658 0.96967 0.00239959 5.67235e-05 0.00073107 0.000367857 0.000154421 0.00515109 0.0109401 0.00728266 
0.0339731 0.702673 0.0393863 0.0410794 0.0601479 8.57177e-09 0.00261777 0.0417189 0.0448401 0.0335633 
0.257425 0.0208602 0.0650623 0.102497 0.0169292 4.87442e-05 0.0174064 0.111185 0.22106 0.187527 
0.149188 5.8471e-05 0.0989347 0.0289683 2.47606e-05 0.0181989 0.0022604 0.0510442 0.534419 0.116904 
0.0124647 0.000204069 0.0437856 0.124969 0.116027 3.75583e-06 0.00366027 0.396172 0.142919 0.159795 
0.0193686 0.000101575 0.649632 0.0474372 0.0213236 6.63614e-06 0.00768046 0.051046 0.0485123 0.154892 
0.137726 1.30671e-05 0.00238714 0.00405125 0.00566049 2.06083e-10 0.00011636 0.263952 0.564879 0.021214 
0.00402541 8.38483e-05 0.288211 1.9183e-07 0.00173462 0.461885 3.73877e-07 0.159767 0.0493595 0.0349332 
0.00324658 0.96967 0.00239959 5.67235e-05 0.00073107 0.000367857 0.000154421 0.00515109 0.0109401 0.00728266 
0.0798949 2.74229e-05 0.068482 0.0126793 0.677596 1.2925e-12 0.0016601 0.0673296 0.0318008 0.0605296 
0.0054655 2.19388e-05 0.010999 0.00890106 0.00142607 0.0196248 0.00036693 0.901257 0.0384909 0.0134469 
0.0188292 0.0159937 3.13797e-06 0.107631 0.267315 3.13567e-06 3.1377e-06 0.490425 3.138e-06 0.0997935 
0.0155862 0.252214 0.0123867 0.0180571 0.00598882 0.00073508 0.00906064 0.464812 0.120271 0.100888 
0.0169538 0.00846097 0.0981218 0.0102824 0.000322308 2.89378e-07 0.000172524 0.399059 0.294748 0.171879 
0.228112 0.0951256 0.0830447 0.00781216 0.000256695 8.3535e-06 0.00536072 0.0182269 0.471955 0.0900974 
0.00636064 0.0257651 0.0765263 0.0907816 0.146994 9.21716e-07 0.0147726 0.292837 0.183597 0.162365 
0.123516 0.0135643 0.0304804 0.0350394 0.0148607 7.21816e-06 0.00731578 0.0201985 0.650748 0.10427 
0.0361541 0.00231336 0.0572592 0.0118315 0.0241156 1.40961e-05 0.00537755 0.00578139 0.751324 0.105829 
0.0401756 0.0834782 0.0365525 0.000353188 0.000311661 6.66154e-05 0.0002489 0.699043 0.0718651 0.0679055 
0.947396 2.27729e-07 0.00505807 0.000491504 0.000239913 2.79784e-12 2.27656e-08 0.00535951 0.0363254 0.00512948 
0.0201164 0.00272679 0.0392353 0.00120628 0.0238444 1.90817e-05 0.00068822 0.00080355 0.851489 0.0598706 
0.390751 0.241338 0.0745744 0.0257439 0.0271129 4.84144e-09 0.025694 0.0344139 0.0851893 0.0951826 
0.0473022 0.000246472 0.0606006 0.109933 0.450953 4.0706e-12 0.0125259 0.217209 0.0348366 0.0663937 
0.0310792 0.000729461 0.544797 0.0722711 0.0365807 2.73972e-05 0.0189987 0.0558544 0.0356727 0.20399 
0.0813663 0.0316853 0.335598 0.00106508 4.99688e-05 1.4856e-05 0.000624341 0.0247086 0.145671 0.379217 
0.000656817 0.142346 0.0985739 0.0777019 0.337485 0.00180811 0.00383371 0.215941 0.0754724 0.0461815 
0.0577019 5.94374e-06 0.156454 0.0101181 0.0136855 5.94425e-06 5.9481e-06 0.259343 0.20226 0.300419 
0.0373155 1.56541e-06 0.0124589 0.00296983 0.000537321 0.0172682 0.00200763 0.771685 0.105667 0.0500882 
0.131354 0.00536748 0.0904315 0.0233193 0.0415876 1.35743e-06 0.00733755 0.118213 0.22872 0.353667 
6.50257e-06 2.37472e-07 0.0138642 0.0591667 1.25788e-05 2.15385e-07 4.53598e-08 0.484619 0.000317544 0.442013 
0.0246013 0.00678876 0.281095 0.0654481 0.000856532 0.000178423 0.00661765 0.285092 0.0473956 0.281926 
0.0157641 0.0142816 0.118059 0.0260462 0.362531 1.47913e-05 0.00611819 0.0426726 0.0962864 0.318226 
0.023385 0.0111576 0.0578675 0.0136552 0.00770218 4.80504e-06 0.00737824 0.00509545 0.752538 0.121216 
2.42695e-06 1.19608e-05 1.09819e-06 1.77168e-06 3.2894e-06 1.08484e-05 2.28464e-06 0.124861 0.869359 0.00574589 
0.016317 7.04585e-05 0.120692 0.0168927 0.0442586 0.000220344 0.0113964 0.538844 0.127332 0.123976 
0.0529921 0.00628561 0.0597968 0.0403 0.0581312 0.0245285 0.0144716 0.114948 0.369355 0.259191 
0.00880468 0.0208773 0.106346 0.0903599 0.0569374 2.83872e-05 0.00885044 0.316796 0.141856 0.249144 
8.21107e-07 2.27933e-07 0.699439 1.84501e-05 4.05604e-07 1.09938e-08 1.36383e-07 0.0202284 0.017835 0.262478 
0.00256379 0.00263451 0.165828 0.0322513 0.0341242 1.0878e-08 0.00132048 0.665452 0.0609744 0.0348514 
0.00324658 0.96967 0.00239959 5.67235e-05 0.00073107 0.000367857 0.000154421 0.00515109 0.0109401 0.00728266 
0.00324658 0.96967 0.00239959 5.67235e-05 0.00073107 0.000367857 0.000154421 0.00515109 0.0109401 0.00728266 
0.0232159 7.71442e-06 0.15064 0.032535 0.0293352 5.34341e-05 0.00928598 0.216283 0.444465 0.0941792 
0.163019 0.00502812 0.0381683 0.00375291 5.54091e-05 1.0979e-09 0.00305176 0.00714692 0.353712 0.426066 
0.0328916 0.00161814 0.371225 0.219401 0.0438239 1.01301e-05 0.00788361 0.0184955 0.0412029 0.263448 
3.77513e-07 9.93312e-07 0.395054 5.93899e-07 4.55376e-07 2.26715e-06 2.18904e-07 0.168027 0.20903 0.227884 
0.0221563 0.0268457 0.0429512 0.101876 0.0304511 1.4172e-08 0.00517415 0.426017 0.251913 0.0926148 
0.0158335 0.000195665 0.231829 0.109995 0.0274579 0.000601815 0.002457 0.253348 0.109292 0.248991 
0.0735841 5.86812e-05 0.515123 0.0537139 0.00471568 0.000465124 0.000682109 0.0611258 0.105698 0.184833 
5.77053e-05 4.89171e-05 0.00826169 0.00814289 0.640696 1.5782e-08 2.96147e-05 0.319033 0.0115607 0.0121688 
0.745126 0.00669351 0.00116152 0.000480298 3.22283e-05 1.25858e-07 0.000416334 0.00131168 0.232817 0.0119612 
0.0158496 0.00232431 0.374135 0.134753 0.0233514 4.00268e-06 0.0135126 0.0141664 0.0305876 0.391317 
0.0373155 1.56541e-06 0.0124589 0.00296983 0.000537321 0.0172682 0.00200763 0.771685 0.105667 0.0500882 
0.0239131 0.0168381 0.176355 0.136012 0.0465783 0.0163655 0.00644101 0.245071 0.193062 0.139364 
0.0102656 0.0143081 0.0605731 0.0244006 9.51039e-05 0.000247771 0.00760705 0.0210799 0.352103 0.50932 
0.0145226 1.83043e-06 0.044226 0.0314185 0.00136734 0.0436585 0.00992877 0.0735737 0.7043 0.0770025 
0.0341677 0.012482 0.274932 0.15335 0.0190535 0.0030793 0.0097444 0.245712 0.132158 0.115323 
0.00324658 0.96967 0.00239959 5.67235e-05 0.00073107 0.000367857 0.000154421 0.00515109 0.0109401 0.00728266 
0.0225718 0.016523 0.101671 0.0286266 0.299891 0.000303063 0.0179573 0.29675 0.138301 0.0774059 
0.036852 0.00972374 0.0050342 1.87556e-07 0.000193664 2.29051e-06 0.000149185 0.767396 0.126415 0.0542333 
0.00285533 0.000534746 0.150087 0.0160809 0.323626 8.7616e-09 0.0014224 0.390524 0.0562711 0.0585986 
0.000229125 0.00763381 0.0492001 0.00743469 0.249741 3.01796e-05 0.00325862 0.649615 0.00542856 0.0274288 
0.000124317 1.32127e-09 0.117966 0.149834 0.00820488 1.19839e-09 8.78301e-06 0.319557 0.175648 0.228657 
0.131181 0.000336467 0.0460966 0.0878738 0.247658 1.4631e-10 0.0161763 0.327086 0.0833018 0.0602895 
0.0105755 6.31754e-05 0.0113975 0.0118858 0.00296246 2.42378e-05 0.000795474 0.798174 0.125253 0.0388689 
0.0111763 0.000325501 0.0116774 0.000660562 9.95377e-05 6.67105e-06 7.22228e-05 0.60223 0.253907 0.119844 
0.0329026 0.172283 0.134787 0.0200981 0.0523253 9.28995e-07 0.00252153 0.37213 0.160567 0.0523846 
0.000369775 0.00370684 0.0973062 0.0223567 0.00761015 0.000135453 0.00152489 0.629648 0.027853 0.209489 
0.0161977 0.000860597 0.0138214 0.00350561 3.59226e-06 3.14256e-06 0.000710998 0.160541 0.0956985 0.708658 
0.0466822 0.00285841 0.0636578 0.0449508 0.531682 0.000446167 0.0105588 0.203864 0.0337595 0.0615401 
0.0172843 0.00143726 0.0214935 0.0116519 0.00223774 8.94752e-09 0.00149129 0.82494 0.0979112 0.0215525 
0.00324658 0.96967 0.00239959 5.67235e-05 0.00073107 0.000367857 0.000154421 0.00515109 0.0109401 0.00728266 
9.61249e-05 6.2164e-05 0.000248291 0.000129294 0.00380776 1.25266e-08 2.66473e-05 0.00021706 0.000174909 0.995238 
0.0244018 0.157439 0.0155158 0.0738525 0.145262 1.61488e-06 1.61592e-06 0.471527 0.0389491 0.0730498 
0.00402541 8.38483e-05 0.288211 1.9183e-07 0.00173462 0.461885 3.73877e-07 0.159767 0.0493595 0.0349332 
0.0114136 0.000980569 0.143119 0.106757 0.568154 5.24146e-12 0.00776773 0.066247 0.0270912 0.0684694 
0.00226041 0.0029977 0.0772629 0.0601192 0.157959 0.0757999 0.0221473 0.26128 0.0260965 0.314077 
0.0105861 0.183228 0.224298 0.135775 0.144363 0.00109361 0.00346531 0.129354 0.0289707 0.138867 
0.00533737 3.40214e-05 4.4336e-06 0.000299304 8.51342e-05 7.65667e-10 1.03361e-05 0.736859 0.257261 0.000109102 
0.0264886 1.25373e-08 0.00182132 0.00135195 0.0077183 0.000623439 0.000445447 0.921036 0.0395008 0.00101375 
2.23893e-07 1.52375e-06 0.0571922 0.016947 0.00234736 0.471184 0.00031076 0.410607 0.000357831 0.0410521 
0.00257235 0.00280424 0.181671 0.275324 0.360935 1.5417e-05 0.00150211 0.0914645 0.0205207 0.0631902 
0.0112199 1.61105e-05 0.0667586 0.0095951 0.00714055 5.14769e-06 0.00385235 0.801303 0.0541305 0.0459785 
0.0554196 0.0552024 0.099294 0.00549366 7.82324e-06 2.8949e-05 0.0020873 0.655956 0.0678287 0.0586816 
0.000430862 0.00157988 0.00130712 0.000751226 0.00196633 0.000423083 0.000281282 0.955167 0.0305195 0.00757382 
0.00324658 0.96967 0.00239959 5.67235e-05 0.00073107 0.000367857 0.000154421 0.00515109 0.0109401 0.00728266 
0.0129233 0.00358774 0.746141 0.0733091 0.000929312 7.62856e-05 0.00310381 0.0878392 0.0241491 0.0479408 
0.187003 2.39821e-05 3.94588e-05 0.00148251 2.06879e-05 1.7551e-08 1.60218e-07 0.000922743 0.809579 0.00092767 
0.0631155 0.00211027 0.132085 0.0685506 0.326955 5.06664e-06 0.00179205 0.275731 0.0243767 0.105279 
0.127863 0.00738629 0.0126713 0.00752708 0.00150988 1.02338e-06 0.00209544 0.704306 0.104276 0.032364 
0.0362638 0.000788588 0.295807 0.028476 0.0201443 1.11803e-08 0.0119154 0.0692464 0.0490688 0.48829 
0.00437334 0.000483627 0.0249165 0.00721053 0.923393 7.51241e-06 0.000885611 0.0128701 0.00672016 0.0191393 
0.0631155 0.00211027 0.132085 0.0685506 0.326955 5.06664e-06 0.00179205 0.275731 0.0243767 0.105279 
0.0798949 2.74229e-05 0.068482 0.0126793 0.677596 1.2925e-12 0.0016601 0.0673296 0.0318008 0.0605296 
0.0112357 0.000541831 0.175989 0.0304357 0.0135108 0.0381418 0.000822701 0.492208 0.0859659 0.151148 
0.0265746 0.00171071 0.013239 0.00645888 0.000127108 6.51738e-06 0.000593962 0.0249328 0.828925 0.0974312 
0.00833179 4.23741e-06 0.0267433 0.0272811 0.255342 0.00419352 0.000233056 0.661 0.0051493 0.0117208 
0.0473022 0.000246472 0.0606006 0.109933 0.450953 4.0706e-12 0.0125259 0.217209 0.0348366 0.0663937 
0.00324658 0.96967 0.00239959 5.67235e-05 0.00073107 0.000367857 0.000154421 0.00515109 0.0109401 0.00728266 
0.0072252 5.37583e-05 0.0322359 0.00796546 0.464206 0.000111497 0.000237747 0.465242 0.00483049 0.017892 
0.0339731 0.702673 0.0393863 0.0410794 0.0601479 8.57177e-09 0.00261777 0.0417189 0.0448401 0.0335633 
0.161652 0.000292537 5.21677e-07 3.82172e-05 3.81036e-05 8.74728e-11 1.64669e-05 0.119261 0.709746 0.00895411 
0.052898 3.08125e-07 0.013876 0.00162854 0.00121021 1.14156e-07 6.32327e-07 0.318858 0.558527 0.0530009 
0.0369269 0.000435958 0.00776028 0.0419869 0.854928 2.22305e-10 0.00650119 0.00650339 0.0257579 0.0191992 
0.0663968 0.0138429 0.0203801 0.0180968 0.673917 2.86749e-05 0.00115065 0.128947 0.0467373 0.0305027 
0.0593586 0.0140691 0.0204395 0.0486931 0.026609 0.00148763 0.0154026 0.0501924 0.568438 0.19531 
3.621e-07 1.78455e-06 1.6385e-07 2.64335e-07 4.90778e-07 0.00420991 3.40869e-07 0.995249 0.000211648 0.000325619 
0.000573046 9.39399e-09 0.000839794 9.54926e-06 3.95215e-06 1.14059e-05 6.87586e-07 0.870955 0.12714 0.000466664 
0.0220115 0.000533595 0.305647 0.0624518 0.0130483 2.38922e-06 0.00527876 0.419732 0.126027 0.0452677 
0.0663968 0.0138429 0.0203801 0.0180968 0.673917 2.86749e-05 0.00115065 0.128947 0.0467373 0.0305027 
0.231365 7.05006e-05 0.0161051 0.0219864 0.00983805 0.000658231 0.000748251 0.0304153 0.631228 0.0575848 
0.00324658 0.96967 0.00239959 5.67235e-05 0.00073107 0.000367857 0.000154421 0.00515109 0.0109401 0.00728266 
0.00654894 0.00390413 0.00521185 0.538434 0.127857 8.26849e-10 0.00216449 0.0143679 0.00148803 0.300024 
0.0378495 0.00749021 0.110378 7.57171e-05 3.48751e-06 4.00333e-08 1.36892e-05 0.0720355 0.149215 0.622939 
0.0339731 0.702673 0.0393863 0.0410794 0.0601479 8.57177e-09 0.00261777 0.0417189 0.0448401 0.0335633 
0.00137853 0.00584002 0.000331099 0.00366493 0.574195 3.37558e-10 0.000826014 0.0108175 0.00109789 0.401849 
0.0713222 3.12296e-05 0.00708764 0.00244582 0.00627466 7.53366e-10 0.00178038 0.00261406 0.898508 0.00993565 
0.0362852 0.0600585 0.377594 0.013515 0.000186221 0.000349314 0.00934977 0.16204 0.198999 0.141624 
0.0663968 0.0138429 0.0203801 0.0180968 0.673917 2.86749e-05 0.00115065 0.128947 0.0467373 0.0305027 
0.00173608 1.3635e-06 0.000291758 0.00432953 0.00167067 0.000114759 0.000137089 0.970379 0.00883105 0.0125082 
0.0837101 0.0246275 0.0321445 0.0330075 0.657952 3.01344e-06 0.0101495 0.0408941 0.0371755 0.0803363 
0.0402586 0.156981 0.249271 0.0744429 0.0912098 0.000434497 0.0145592 0.124497 0.10415 0.144196 
0.00324658 0.96967 0.00239959 5.67235e-05 0.00073107 0.000367857 0.000154421 0.00515109 0.0109401 0.00728266 
0.0451191 0.000527029 0.124239 0.0218984 0.585588 0.111718 0.0129099 0.0717495 0.0177101 0.00854122 
0.00324658 0.96967 0.00239959 5.67235e-05 0.00073107 0.000367857 0.000154421 0.00515109 0.0109401 0.00728266 
0.229918 1.20175e-05 0.101464 0.228155 0.00851895 7.96872e-08 0.00494909 0.0498534 0.289119 0.0880107 
6.51988e-05 7.41035e-09 0.000624071 7.07424e-05 0.000258932 1.23091e-05 1.06137e-06 0.989083 0.00743008 0.00245474 
0.000762231 0.0337039 0.164759 0.0348543 0.0155328 0.0576282 0.0268819 0.303713 0.205364 0.156801 
0.0462434 0.000275089 0.0155503 0.0319741 0.0637497 1.91862e-05 0.000849418 0.0592076 0.202409 0.579722 
0.0179942 0.000136465 0.0885815 0.0011085 0.000219352 6.222e-05 1.45432e-05 0.1838 0.509552 0.198531 
0.00852581 1.20428e-05 0.0906383 0.0132146 0.0021194 0.000114556 0.000281476 0.758533 0.0350535 0.0915071 
0.00833179 4.23741e-06 0.0267433 0.0272811 0.255342 0.00419352 0.000233056 0.661 0.0051493 0.0117208 
0.0631155 0.00211027 0.132085 0.0685506 0.326955 5.06664e-06 0.00179205 0.275731 0.0243767 0.105279 
0.00597061 0.0011984 9.15319e-05 0.0129591 2.83346e-06 1.0998e-07 9.8445e-06 0.979528 6.44822e-05 0.000174614 
0.00126706 0.000119618 0.00169763 0.00103675 0.990951 6.38566e-08 0.000294612 0.00140058 0.00171795 0.00151508 
0.0264886 1.25373e-08 0.00182132 0.00135195 0.0077183 0.000623439 0.000445447 0.921036 0.0395008 0.00101375 
0.0436066 0.00466963 0.0360149 0.0184151 0.0111207 8.24649e-06 0.00858162 0.0130575 0.803573 0.0609526 
0.0198192 0.0613923 0.160829 0.13173 0.0380794 9.31192e-07 0.00747307 0.199255 0.094085 0.287337 
0.0554196 0.0552024 0.099294 0.00549366 7.82324e-06 2.8949e-05 0.0020873 0.655956 0.0678287 0.0586816 
0.00120152 0.00119504 0.0221384 0.288515 0.0231987 2.23768e-08 0.000754814 0.178227 0.0451567 0.439612 
0.0234922 0.00928071 0.292134 0.036372 0.00267803 0.00045255 0.000584975 0.463637 0.0398749 0.131494 
0.00864599 0.00353176 0.171888 0.390369 0.000632721 7.14468e-08 0.00255461 0.0266232 0.111527 0.284228 
0.0487659 0.511204 0.00404777 0.0214567 0.167053 9.57746e-10 7.79926e-05 0.166839 0.0736585 0.00689662 
0.0172601 0.00428522 0.0183856 0.0255527 0.00107802 5.10107e-06 5.46486e-05 0.665318 0.125613 0.142448 
0.00324658 0.96967 0.00239959 5.67235e-05 0.00073107 0.000367857 0.000154421 0.00515109 0.0109401 0.00728266 
0.0760306 0.140608 0.00731018 0.00312939 0.0259839 0.000177064 0.000402132 0.305552 0.42314 0.0176673 
1.37377e-08 2.4748e-06 0.137076 0.00379315 8.3962e-05 4.98051e-07 1.29322e-08 0.836828 0.00949438 0.0127218 
