0.0520052 0.00243971 0.0371931 0.0156681 0.00963478 4.86534e-06 0.0354351 0.618364 0.160413 0.0688423 
0.0264886 1.25373e-08 0.00182132 0.00135195 0.0077183 0.000623439 0.000445447 0.921036 0.0395008 0.00101375 
0.0229565 0.000286791 0.0553782 0.00023014 7.24412e-06 6.41777e-08 0.000124367 0.559595 0.210001 0.151421 
0.105283 1.61166e-05 0.145633 0.107207 1.47073e-07 6.63332e-06 0.029934 0.271721 0.237814 0.102385 
0.000201188 1.2337e-07 0.0113287 0.00950392 0.000396405 0.0607084 0.00738714 0.713468 0.0110614 0.185945 
0.000561749 0.00311909 0.14572 0.109229 0.0175344 0.000360767 0.00731582 0.686282 0.00482848 0.0250486 
0.0293731 0.000340966 0.182949 0.019143 0.000688178 0.00103985 0.00880194 0.359699 0.211302 0.186663 
0.0112357 0.000541831 0.175989 0.0304357 0.0135108 0.0381418 0.000822701 0.492208 0.0859659 0.151148 
0.0288108 1.19814e-08 0.0663948 0.00231799 3.29506e-09 1.0867e-08 0.000317654 0.677241 0.199287 0.0256307 
0.0981891 0.0167507 4.8852e-08 0.0395185 1.46326e-07 4.8258e-07 6.04651e-05 0.664912 0.165783 0.0147852 
0.000361526 0.00117143 0.115317 0.0259468 0.121803 1.14117e-06 0.0265189 0.641979 0.0232618 0.0436401 
0.0737893 0.0446963 0.0799224 0.00181449 3.16747e-05 2.32603e-05 0.000711565 0.552834 0.187475 0.0587014 
0.000216594 7.987e-06 0.292707 0.00897783 0.000160209 8.61011e-06 0.000584025 0.394354 0.042917 0.260067 
0.00227071 0.0226839 0.12392 0.0865693 0.0030746 8.69939e-05 0.0162537 0.627711 0.00842466 0.109006 
0.00840162 8.42085e-06 0.0628972 0.00364837 2.49455e-05 1.10037e-05 0.000453149 0.871518 0.00340386 0.0496337 
0.0220131 2.71514e-05 0.04844 0.0010536 1.51054e-05 5.27184e-06 0.0183237 0.411706 0.102614 0.395801 
2.57824e-11 0.000145444 0.0407283 0.00142815 0.00123115 0.00461365 0.00820305 0.711004 0.00413288 0.228514 
0.00943646 0.000170617 1.585e-05 2.34265e-07 0.00129566 2.85912e-06 0.00417988 0.678014 0.271475 0.035409 
0.0257409 0.000118036 0.0178521 0.0213737 0.000252634 2.78866e-06 0.0253039 0.667597 0.137307 0.104452 
0.0013946 4.40508e-11 0.0861756 0.0705985 0.000618746 3.99538e-11 0.00267975 0.709439 0.0399689 0.0891247 
0.0130681 1.64837e-06 0.0592915 0.00594261 6.74284e-05 4.96914e-05 0.0194761 0.425619 0.183546 0.292938 
0.0428662 0.0164652 0.0876096 0.0159593 0.000298065 7.86968e-07 0.0044319 0.402788 0.187096 0.242484 
0.00967795 1.21563e-05 0.225187 0.000486024 0.000341831 2.02563e-07 0.000879532 0.448755 0.171673 0.142987 
0.00358415 0.00185814 0.0382916 0.0639966 0.0780169 0.0249256 0.0905591 0.461913 0.0818214 0.155034 
5.99038e-06 3.09594e-05 0.0812728 0.164104 1.43524e-05 3.31945e-07 0.01273 0.603063 0.0579673 0.0808109 
0.0107771 0.0121646 0.048384 0.0453814 0.0688256 8.34483e-06 0.00470257 0.667211 0.0655063 0.077039 
0.0373639 2.58199e-06 0.0187235 0.0631077 4.27281e-06 0.000393106 0.0673909 0.808167 0.00202147 0.00282581 
0.0190795 0.0445987 0.102315 0.00841076 0.00027083 0.000495547 0.00236432 0.667976 0.0181064 0.136383 
0.000430364 0.000123218 0.119065 0.0159144 1.70341e-05 1.63632e-08 0.000974151 0.39999 0.355752 0.107733 
0.0212308 0.000129261 0.0123548 0.00823043 0.000395787 1.14376e-05 0.0353448 0.845447 0.0694325 0.00742345 
7.47385e-07 7.46846e-07 0.0676458 7.47425e-07 0.00194382 0.00224148 0.0103895 0.472353 0.0179399 0.427484 
0.00647239 6.06138e-05 0.00693148 0.0231212 0.00552543 1.81675e-06 0.0199853 0.604542 0.289893 0.0434666 
0.0192132 0.000910766 0.0790181 0.0166275 0.00104921 5.89635e-07 0.0680978 0.49071 0.0757525 0.24862 
5.44836e-05 3.2031e-07 0.0265987 0.00637457 0.00447566 0.132684 0.0203947 0.692027 0.03574 0.0816506 
0.0810969 1.04716e-06 0.0160236 0.000660963 0.00116653 0.00627806 0.178484 0.498407 0.0277732 0.190109 
0.0320244 1.19754e-08 0.00053143 0.00660074 3.89814e-06 2.88608e-11 0.000147011 0.659622 0.199321 0.101749 
0.0242181 0.00351727 0.177601 0.0336996 0.0042362 1.12285e-05 0.0453337 0.4535 0.0250462 0.232837 
0.00391271 0.000432039 0.0766466 0.0386926 0.00159046 9.33138e-05 0.00103166 0.525997 0.229887 0.121717 
0.0182469 0.0393226 0.0367916 0.000507258 0.000904765 0.000315723 0.00147662 0.515847 0.207764 0.178824 
3.57954e-05 1.93076e-05 0.122914 0.0140155 0.00192998 0.0121864 0.194094 0.324877 0.00876476 0.321163 
0.000242434 8.31083e-06 0.017857 0.0516581 0.00679584 5.35685e-06 0.00618958 0.740364 0.146362 0.0305176 
1.3053e-05 0.0326221 1.30543e-05 0.0287312 0.118788 1.30447e-05 1.30532e-05 0.5613 0.150139 0.108367 
3.18902e-05 4.32815e-08 0.0350818 0.000947603 8.21253e-06 2.45443e-07 3.02201e-05 0.92925 0.0126773 0.0219727 
0.000925698 0.00013279 0.0189675 0.00831205 0.000771311 0.355315 0.145907 0.385562 0.0337888 0.0503172 
0.00854856 0.0141719 0.0649902 0.000923569 0.000442654 2.83167e-07 2.2011e-05 0.41812 0.232669 0.260112 
1.42462e-06 0.219912 0.0956573 0.0510624 0.00523323 1.17148e-08 0.0139352 0.604804 0.00767321 0.00172078 
0.0390088 0.000662156 0.00650539 0.00451647 0.000554662 1.21251e-08 0.0032211 0.828628 0.0896796 0.0272239 
6.6253e-06 0.000638835 0.0118189 0.000848035 0.0545228 0.000957942 0.000523122 0.930626 1.64371e-05 4.12487e-05 
0.000659128 0.0336627 0.186515 0.196168 0.00244419 0.00504763 0.0199094 0.37032 0.025987 0.159286 
0.00188712 6.93154e-05 0.143319 0.0599032 0.000282997 1.24952e-05 0.0139451 0.630901 0.044009 0.10567 
0.00452955 8.50147e-05 0.0816125 0.000198666 0.00109605 0.00501154 0.0360935 0.626189 0.0386301 0.206554 
0.0181097 5.93737e-06 0.190988 0.00936428 0.000448311 5.28198e-06 0.00267993 0.330176 0.225252 0.222971 
0.00621429 3.20903e-05 0.0362718 0.00377256 1.49246e-05 7.36949e-06 0.0443696 0.887172 0.000206528 0.021939 
1.42462e-06 0.219912 0.0956573 0.0510624 0.00523323 1.17148e-08 0.0139352 0.604804 0.00767321 0.00172078 
0.0349593 1.33601e-05 0.0211406 0.00247521 0.000911764 0.06505 0.00284631 0.761798 0.0923178 0.0184881 
4.54959e-06 2.24219e-05 2.05868e-06 3.32122e-06 6.16635e-06 2.03365e-05 4.28283e-06 0.999934 1.8981e-06 1.36329e-06 
0.00214667 0.0587708 0.178481 0.0502256 0.00851532 0.000954146 0.0263103 0.429463 0.0753534 0.169779 
0.0712192 3.26746e-10 0.0339245 4.96948e-07 0.000336182 2.96357e-10 0.0071361 0.83609 0.0138503 0.037443 
0.0684915 1.39626e-07 0.110917 0.00232747 1.60908e-07 9.50255e-08 0.0715115 0.637394 0.0638635 0.0454938 
0.00235057 4.20711e-06 0.0264816 0.00942566 0.000126476 0.00200348 0.0324373 0.75321 0.065329 0.108631 
9.61255e-07 2.01432e-08 0.155479 0.121898 0.0143617 1.67087e-07 0.0124601 0.421823 0.120578 0.1534 
0.000915315 0.000307082 0.0276777 0.0460975 0.0082277 3.79508e-05 0.0561929 0.653941 0.0442951 0.162308 
0.0199457 0.00491509 0.130989 0.0058112 0.000885905 0.000286827 0.0175112 0.541907 0.161365 0.116384 
0.122774 0.0143637 0.118294 0.00275753 0.000699749 1.18778e-05 9.67664e-05 0.591794 0.0695254 0.0796835 
0.00242557 0.000136427 0.259077 0.000463917 0.000120286 0.0294479 0.0478559 0.339765 0.0672074 0.2535 
0.00387258 0.000385429 0.0452485 0.0530609 0.00178185 7.7094e-05 0.00113661 0.738777 0.143196 0.0124643 
0.023666 0.00010713 0.092434 0.245983 1.93934e-05 2.68975e-06 0.0475202 0.321755 0.075199 0.193313 
1.13528e-05 1.9631e-09 0.437843 2.86714e-05 9.28651e-06 9.79465e-06 3.74974e-10 0.562079 1.69343e-05 2.1844e-06 
6.6253e-06 0.000638835 0.0118189 0.000848035 0.0545228 0.000957942 0.000523122 0.930626 1.64371e-05 4.12487e-05 
0.0288145 0.00392145 0.0392835 0.00800123 0.0298599 0.272683 0.0231516 0.310427 0.0505515 0.233307 
0.00770646 0.0530869 0.100679 0.0434992 0.000483931 7.56604e-05 0.00179332 0.369723 0.269435 0.153518 
0.00593828 0.00341839 0.0225788 0.216745 0.187751 0.000379419 0.0232204 0.379081 0.00630251 0.154585 
0.00106638 3.33659e-07 0.0161386 0.0518715 0.00925438 0.246532 0.0506907 0.493408 0.0936794 0.0373585 
0.00362031 0.00028692 0.279881 0.001868 1.34376e-05 9.00813e-06 0.0120518 0.639332 0.0499459 0.012991 
0.00812407 4.03953e-05 0.00269942 0.00222782 0.000280522 5.22658e-08 0.00213868 0.975572 0.0027962 0.006121 
8.77973e-05 5.27526e-06 0.00160845 0.00881984 4.54431e-05 9.85976e-06 0.000197027 0.978275 0.00301896 0.00793209 
0.00162803 4.72306e-10 0.128968 7.73992e-08 0.000447397 4.28379e-10 5.82463e-05 0.73567 0.116995 0.0162331 
0.149106 0.0751614 0.205313 0.0110581 0.000354722 1.42039e-05 0.00172223 0.335729 0.103329 0.118213 
0.0142172 0.0126361 0.0778729 0.00237463 0.000848956 0.0120953 0.0252371 0.549602 0.117629 0.187487 
6.39792e-05 2.86905e-09 0.00108744 0.0129645 1.47556e-05 2.60221e-09 1.49066e-05 0.984448 0.000567553 0.000839086 
0.0248124 0.00213645 0.118551 0.00752445 3.88792e-05 1.59804e-07 0.00584903 0.334093 0.309374 0.19762 
0.000155373 8.53112e-06 0.0416636 0.00117471 0.000478401 0.000132506 0.000751736 0.857765 0.0542675 0.0436024 
0.000323466 0.000554306 0.122861 0.110413 8.10817e-05 6.24554e-07 0.00157957 0.627733 0.123805 0.0126488 
0.000661521 0.000123773 0.141091 0.0241759 0.0143047 0.176689 0.202823 0.286822 0.0050632 0.148246 
2.51479e-07 1.23937e-06 0.00207116 1.83581e-07 3.40846e-07 1.1241e-06 0.000402685 0.99688 0.000356826 0.000286427 
0.000180746 2.37673e-08 0.0582579 0.00286759 9.10306e-07 2.24781e-07 3.07177e-06 0.855742 0.0761748 0.00677305 
0.00312637 8.57469e-08 0.0830892 0.0764437 0.00275487 1.80724e-06 0.0109177 0.651236 0.151416 0.0210147 
0.00683746 0.00019468 0.0395573 0.0248272 0.00176778 0.00133157 0.0146252 0.528242 0.275843 0.106775 
0.00169393 2.71507e-08 0.0717711 0.0091846 4.94126e-05 2.17971e-05 0.000828293 0.664142 0.0695242 0.182784 
0.00297798 9.91612e-07 0.056867 0.00585603 0.0126027 0.307725 0.0233209 0.515618 0.0395991 0.0354316 
0.0209575 3.5494e-10 0.000150394 0.00433993 0.000288487 2.24079e-08 4.75467e-05 0.69188 0.112545 0.169791 
0.0250942 0.000443469 0.160253 0.124878 0.00727851 1.88496e-06 0.0265998 0.453575 0.0569483 0.144928 
0.000236115 0.00213089 0.175567 0.0362484 0.0121943 0.0486238 0.0515619 0.603233 0.00868722 0.0615171 
9.37162e-08 5.95146e-07 0.0307418 0.00301215 1.36468e-05 1.31952e-05 0.00455849 0.922021 0.028794 0.0108454 
0.00588333 0.0176 0.00304819 1.73599e-07 0.000791975 0.000313347 3.81722e-05 0.914393 0.0246086 0.0333233 
0.00181892 0.00961614 0.00089332 1.30487e-05 0.000703762 0.000957631 4.28375e-05 0.965432 0.000768853 0.0197539 
0.00112369 5.92256e-10 0.043912 0.0103384 1.26861e-07 5.37173e-10 0.00196066 0.620958 0.17644 0.145267 
0.0856229 2.297e-05 0.0089171 0.00322537 0.000595377 3.2567e-08 0.00525125 0.403195 0.142643 0.350527 
1.02224e-09 5.03794e-09 4.62562e-10 3.58269e-06 2.52176e-05 4.56938e-09 9.62303e-10 0.999487 0.000478642 5.78966e-06 
0.000258212 1.99211e-05 0.0168478 0.0268148 6.05581e-05 0.0014117 0.389165 0.393975 0.0931817 0.0782651 
0.0517319 0.198233 0.0293925 0.0192003 0.013633 0.0820963 0.000104634 0.386983 0.175973 0.0426526 
0.117261 0.0274686 0.0711633 0.0722174 0.00378323 0.0215161 0.0726767 0.371788 0.206489 0.0356366 
5.15331e-05 0.0010217 0.0349312 0.0275783 2.65992e-05 3.52172e-06 9.32056e-05 0.928829 0.00134821 0.00611665 
0.00488624 0.000364873 0.136157 0.00695651 0.0274941 3.38502e-05 0.0110431 0.414354 0.0964983 0.302212 
0.0169421 0.00012282 0.0652087 0.0526638 0.055063 1.03951e-05 0.0120267 0.391263 0.371062 0.0356374 
0.000458084 8.22009e-05 0.0781993 0.0098448 0.00116226 1.0975e-08 0.00123515 0.782185 0.0825484 0.0442848 
0.00039775 0.00102132 0.0113961 0.0259441 0.00743185 3.48215e-06 0.0585004 0.698192 0.188306 0.00880673 
0.00661623 0.00394569 0.211362 0.0314634 0.00533975 0.0657101 0.0483545 0.390251 0.0410738 0.195884 
0.0121731 0.000125413 0.0315077 0.0620837 0.000106979 0.00094694 0.0109774 0.690852 0.0175563 0.173671 
0.0011355 0.000328319 0.0109589 0.000524012 0.00148809 4.38684e-06 0.013892 0.931439 0.0303403 0.0098896 
1.34077e-08 0.000740242 0.0611215 0.16224 0.000791129 3.21446e-05 0.0893356 0.676729 0.00094792 0.00806227 
0.00405861 0.00575732 0.0963536 0.0193782 0.00078007 0.000762617 0.0170509 0.566479 0.0887886 0.200591 
0.00232507 0.00124563 0.23528 0.032358 0.00627887 1.81146e-06 0.109413 0.411419 0.129544 0.0721349 
2.65496e-05 7.425e-10 0.000357156 0.000490958 0.00265583 6.73443e-10 0.000244993 0.988717 8.39828e-05 0.00742371 
0.00356398 0.00047078 0.0271169 0.0148358 0.000155638 3.69924e-05 0.0017474 0.72555 0.0973712 0.129151 
0.0164766 0.00550726 0.010773 0.0191509 1.05729e-05 1.20765e-05 0.0011335 0.611388 0.140491 0.195056 
0.0124295 0.000381861 0.0783874 0.276902 0.00417708 0.000209193 0.0169903 0.362449 0.0878251 0.160249 
9.53336e-05 3.76228e-08 9.06741e-08 1.85144e-11 0.000394862 6.80319e-07 1.33724e-07 0.950341 0.0413215 0.00784646 
0.0109985 0.00351025 0.0323777 0.143637 0.000326633 4.51561e-06 0.0752714 0.509446 0.0519483 0.17248 
0.000369775 0.00370684 0.0973062 0.0223567 0.00761015 0.000135453 0.00152489 0.629648 0.027853 0.209489 
0.00547395 0.000502778 0.0612786 0.0991267 0.00247387 0.000263826 0.014886 0.702101 0.0612867 0.0526068 
0.000549498 4.89659e-05 0.0242977 0.00175032 0.00920063 2.9145e-05 0.00705024 0.873975 0.0552086 0.0278896 
0.00103738 0.00582219 0.00428448 0.0451403 0.00257314 1.21627e-06 1.98818e-09 0.876855 0.0224175 0.0418685 
7.59993e-10 3.7455e-09 3.43896e-10 3.60767e-06 0.00135516 3.39714e-09 1.92809e-05 0.960668 0.0352826 0.00267153 
0.0134247 0.000283148 0.0514636 0.000656614 0.00195124 6.29731e-05 0.0299524 0.649543 0.102969 0.149694 
0.0134622 0.000137394 0.193414 0.0537876 0.000705544 0.0365456 0.0429655 0.45575 0.124282 0.0789494 
2.30289e-06 5.69402e-08 0.110762 0.275052 4.53905e-07 2.55312e-11 0.020067 0.298633 0.237384 0.0580998 
0.00313039 6.33936e-08 0.00422916 0.000138282 3.55022e-05 0.000796711 0.00392151 0.867563 0.070069 0.0501164 
0.000705792 5.5396e-09 0.0255156 0.000356272 0.00063552 5.02438e-09 0.253547 0.666105 0.020108 0.0330271 
1.3389e-10 6.59854e-10 6.0585e-11 0.0856408 0.00972037 5.98484e-10 0.00745466 0.637602 0.0834884 0.176093 
4.12236e-06 6.49884e-07 0.0181291 0.0152872 0.000168052 9.67316e-08 0.232634 0.4566 0.0519968 0.22518 
8.98267e-08 2.12283e-07 0.0160116 0.168581 9.16652e-05 5.01562e-05 1.43627e-07 0.536074 0.0815318 0.197659 
0.0100012 1.36516e-05 0.056239 5.80039e-05 0.00973338 2.27388e-07 0.000140303 0.420968 0.179187 0.323659 
0.00654329 0.00093407 0.0164427 0.12095 0.0191708 9.47075e-06 0.0297255 0.636677 0.105539 0.0640082 
0.00701731 5.49484e-05 0.063456 0.00171767 0.00147135 7.96419e-06 0.0164117 0.509682 0.184151 0.21603 
0.000105376 3.56183e-06 0.0101194 0.00180851 2.51149e-05 3.23056e-06 2.5063e-05 0.853133 0.000928679 0.133848 
2.36294e-08 1.16454e-07 1.06923e-08 3.5107e-05 0.00117181 0.000158522 2.22439e-08 0.99769 2.93443e-06 0.000941384 
0.00155744 0.0010619 0.167922 0.00930092 0.000887138 6.53702e-05 0.0673975 0.512614 0.107065 0.132129 
0.00386027 0.000143246 0.110992 0.00791385 0.000294642 0.014181 0.0531454 0.583574 0.0962219 0.129674 
0.00870091 0.0853122 0.116592 0.0674704 0.0383676 4.09432e-09 0.00495083 0.29587 0.149838 0.232899 
0.00788552 2.14298e-06 0.0139911 0.00270278 6.02426e-05 2.73148e-07 0.0493179 0.816955 0.0822816 0.0268034 
0.00313039 6.33936e-08 0.00422916 0.000138282 3.55022e-05 0.000796711 0.00392151 0.867563 0.070069 0.0501164 
0.0131524 0.101873 0.304438 0.097137 0.00608861 0.0310017 0.0749563 0.3159 0.00852691 0.0469269 
0.000925698 0.00013279 0.0189675 0.00831205 0.000771311 0.355315 0.145907 0.385562 0.0337888 0.0503172 
0.00315019 9.61675e-06 0.0244473 0.0668953 0.0968416 0.112042 0.0221593 0.592945 0.0522457 0.0292635 
0.011736 0.0320472 0.00402664 1.38199e-07 0.000356734 1.69713e-06 7.52629e-05 0.87298 0.0557229 0.0230539 
0.00707338 0.000714115 0.0448316 0.100141 0.0773337 1.3182e-05 0.00334071 0.694307 0.00903543 0.0632102 
3.18902e-05 4.32815e-08 0.0350818 0.000947603 8.21253e-06 2.45443e-07 3.02201e-05 0.92925 0.0126773 0.0219727 
0.00739565 0.0328079 0.0381872 0.0141716 0.000273955 5.25685e-05 0.000254906 0.610688 0.239282 0.0568871 
0.0669929 0.00831583 0.0345583 0.000653496 0.00134597 2.71242e-05 0.0038446 0.691193 0.134245 0.0588235 
0.000107211 0.000158761 0.0720448 0.0459475 0.305613 7.53654e-07 0.00314439 0.500689 0.0434769 0.0288174 
0.0581774 0.00080175 0.117343 0.00873887 0.000380634 2.28316e-05 0.03225 0.361318 0.31651 0.104458 
6.31836e-05 1.53991e-05 0.0430406 0.000149359 0.00031469 2.56518e-07 6.85928e-08 0.92626 0.0126319 0.0175241 
0.0334499 0.0862771 0.0141242 7.7415e-05 0.000713477 0.000281629 0.00359053 0.639284 0.176874 0.0453274 
0.0531974 4.89811e-08 0.101122 0.0708206 0.000314696 0.000342415 0.00899358 0.552728 0.189058 0.0234242 
0.0295928 0.00202486 0.0763796 0.101962 0.00670147 1.70378e-05 0.0136922 0.468629 0.19346 0.107541 
0.00305594 4.12865e-08 0.0202974 6.11553e-09 1.13544e-08 9.01471e-05 7.88619e-09 0.972967 0.00358511 4.59101e-06 
1.45127e-06 2.86656e-06 0.0921485 1.0292e-06 0.00183657 2.81871e-06 1.97588e-05 0.782349 0.0359157 0.0877227 
0.024664 5.21448e-11 5.46643e-07 0.000549432 1.43406e-11 4.7295e-11 2.68934e-07 0.963975 0.01081 9.40232e-07 
0.00872074 5.26073e-05 0.0781809 0.0234162 0.000174324 0.00146896 0.0334569 0.751361 0.0724345 0.0307342 
0.0146457 0.00961892 0.117529 0.0846402 0.0143907 0.000165738 0.0221293 0.371045 0.170987 0.194849 
0.0433129 5.42939e-08 0.174815 0.00408463 0.00172931 0.0033541 0.0230074 0.372672 0.0865079 0.290517 
0.0292584 0.000152354 0.254825 0.129759 0.00193292 0.000284707 0.0239739 0.309447 0.0827716 0.167595 
1.23893e-05 1.23803e-05 0.249061 1.23899e-05 1.23885e-05 1.23814e-05 0.071871 0.411339 1.23906e-05 0.267655 
0.000607697 5.4077e-05 0.0438633 0.0715071 0.118575 0.00120243 0.00995579 0.747127 0.00383049 0.00327655 
0.002732 0.0308351 0.185235 0.115679 0.000200009 9.32047e-06 0.102519 0.473977 0.035418 0.0533954 
0.00999103 1.46937e-05 0.0570971 0.00170473 0.000185017 3.80374e-07 0.00100819 0.798251 0.105879 0.0258689 
0.00896661 1.33568e-05 0.0910469 0.00478802 8.02904e-07 8.08311e-07 7.28617e-10 0.710481 0.0967965 0.0879057 
0.00255378 2.11362e-07 0.0018017 0.0112351 8.3859e-06 4.15422e-06 0.0090791 0.804513 0.163399 0.00740542 
0.0143187 0.0258998 0.0519999 0.0601773 0.00351856 0.000514989 0.00120129 0.666597 0.114984 0.0607877 
0.0130633 1.25279e-05 0.104617 2.36867e-06 1.17336e-05 0.00142227 4.61678e-06 0.624805 0.188491 0.06757 
0.00381738 1.9188e-05 0.176929 0.0991397 0.00949516 3.81072e-05 0.00894412 0.441731 0.0536062 0.206281 
0.00384653 0.146987 0.0278942 0.0542757 0.00305014 0.00165672 0.00575128 0.630459 0.0880032 0.0380758 
0.0156728 0.00213065 0.118466 0.06241 0.00056573 0.0244339 0.056986 0.518717 0.0940324 0.106586 
0.000503423 2.15154e-11 0.166263 2.26496e-06 6.62768e-08 1.36795e-08 0.0134589 0.773774 0.0300687 0.0159293 
7.31839e-05 0.132258 0.0675227 0.108019 4.4411e-05 2.52044e-10 0.0644187 0.261304 0.197749 0.168612 
0.0271757 0.00196011 0.102288 0.0110063 0.0573024 2.24067e-07 0.0343978 0.449377 0.186896 0.129596 
0.00586126 0.000358045 0.111552 0.0293174 0.000304971 2.4135e-05 0.0251249 0.496586 0.0839873 0.246885 
0.000696441 0.000161914 0.0540273 0.0789608 6.07283e-05 2.69253e-06 0.0211977 0.554582 0.170336 0.119974 
4.16785e-06 7.04603e-08 0.0122347 0.0345303 0.000449325 3.22928e-08 0.000309077 0.940809 0.00596107 0.00570266 
0.0140238 2.36398e-06 0.13183 0.125934 0.000108753 0.00455991 0.00818898 0.585026 0.0678831 0.0624437 
0.149158 0.000395036 0.010832 0.00651247 0.00100157 3.05878e-05 0.00246375 0.560347 0.230361 0.0388996 
7.14475e-05 1.12999e-07 0.00142544 1.79365e-06 3.67097e-05 8.06325e-06 0.00014455 0.991685 0.00286005 0.00376719 
0.031757 0.0371725 1.22482e-06 0.000836815 0.00109393 0.000141517 0.00328981 0.822172 0.0411689 0.062366 
0.26537 0.00960632 0.0545504 0.0983729 0.000380268 4.00351e-06 0.000291259 0.550434 0.019268 0.00172295 
9.90594e-05 0.00159277 0.0310047 0.0266221 7.96632e-08 2.62727e-07 0.0582786 0.722772 0.156115 0.0035153 
0.00521705 0.00120486 0.0784313 0.0281765 0.000827166 0.00814205 0.00706994 0.556364 0.150726 0.163842 
0.000589748 0.211567 0.232091 0.162055 0.0171149 7.0642e-05 0.00607075 0.251443 0.0253029 0.0936952 
0.000961113 0.00315415 0.156203 0.103503 0.02297 0.0012553 0.00906169 0.638905 0.0417975 0.0221902 
1.46312e-07 8.63027e-05 0.0175037 8.81954e-06 0.00323445 1.49744e-07 1.72987e-06 0.978958 0.00020273 3.96539e-06 
0.00114477 2.02084e-07 0.118833 0.038546 3.56144e-07 2.77667e-11 0.00304929 0.801741 0.036682 2.79485e-06 
4.32688e-06 4.32376e-06 4.32731e-06 4.32712e-06 0.00303295 4.32413e-06 0.010389 0.938514 0.0480378 4.32745e-06 
0.00311275 0.000162394 0.221463 0.12382 0.0265822 0.0167906 0.0880485 0.306709 0.149643 0.0636674 
0.000607697 5.4077e-05 0.0438633 0.0715071 0.118575 0.00120243 0.00995579 0.747127 0.00383049 0.00327655 
0.0319263 0.000114022 0.0382987 0.230385 8.10434e-05 0.000215225 0.072224 0.563188 0.0399532 0.0236145 
0.0349177 3.9764e-06 0.0250679 0.0497478 0.000356092 4.76023e-05 0.00968278 0.633607 0.159875 0.0866942 
0.0638817 0.000474287 0.0730392 0.0954905 0.284066 6.0291e-08 0.0142512 0.342 0.0534686 0.0733287 
3.98662e-08 6.61809e-06 0.196654 0.018289 0.00353071 7.8461e-06 0.0105409 0.49227 0.182683 0.0960174 
0.00313506 4.60116e-07 0.026747 0.225759 7.72928e-05 0.00193883 0.0915999 0.348153 0.208535 0.0940537 
0.00219322 0.000142011 0.00556021 8.55204e-05 3.9255e-06 0.113674 0.103718 0.666724 0.0396466 0.068252 
9.78571e-06 0.00488595 0.0383916 0.209674 0.0104086 4.14545e-05 0.0156313 0.592756 0.055099 0.073102 
0.0262104 0.0011496 0.158832 0.00676678 0.000583426 0.00246023 0.0113737 0.523233 0.0358685 0.233522 
0.0624661 0.000810565 0.0884596 0.0101013 0.00223542 0.00407595 0.0424208 0.604287 0.0688098 0.116333 
0.00946212 0.000646159 0.098812 0.0216665 0.0733322 0.000143972 0.0178575 0.440559 0.211112 0.126409 
0.00621538 0.0155982 0.0777024 0.0119605 0.0335616 0.00735155 0.0364133 0.66753 0.0420425 0.101625 
0.0431959 0.000276131 0.0520683 0.0310314 7.79187e-05 1.75266e-05 0.0267969 0.445237 0.32088 0.0804191 
0.0124151 5.62145e-05 0.1581 0.0332096 0.000205664 1.43616e-05 0.0100749 0.613659 0.131407 0.0408576 
0.0602807 5.84891e-05 0.0688321 0.0098814 0.000256373 0.000313598 0.00888287 0.645397 0.141113 0.0649838 
0.00415692 6.79388e-05 0.0129149 0.000432775 1.19135e-05 9.33581e-06 0.0182354 0.806667 0.0336083 0.123895 
0.0221462 0.0467271 0.0471465 0.00088228 0.00162133 0.000537317 0.00477031 0.508977 0.209215 0.157977 
2.53736e-07 1.25764e-06 8.33183e-07 2.61422e-06 0.00026725 2.39851e-07 0.00321799 0.946033 0.0504743 2.11661e-06 
0.000419797 2.08736e-06 0.000139488 0.000115119 1.44955e-05 2.70074e-09 0.000110513 0.998738 0.000144489 0.000316292 
0.0036196 9.58066e-05 0.0899389 0.177202 0.00224193 2.00639e-08 0.0259302 0.600102 0.0886021 0.0122682 
0.00905028 7.23217e-05 0.0143822 0.0315311 0.000227145 2.31698e-05 0.0370798 0.779849 0.0697297 0.058055 
0.00329202 0.00092209 0.0487296 0.0831833 0.00934829 0.00821451 0.0399759 0.547023 0.154555 0.104756 
2.14933e-05 0.00104032 0.293361 0.000620275 0.00060918 0.000346088 0.000117586 0.703601 5.89843e-05 0.000223764 
1.30578e-05 0.00706319 0.15495 0.00742548 0.000682348 0.0938352 0.049613 0.629377 0.0475458 0.00949559 
0.000191317 0.000213787 0.0274651 0.0408302 2.11178e-05 1.61423e-06 0.0429212 0.637421 0.209087 0.0418476 
0.000499767 0.00127031 0.000157878 2.2944e-08 0.000255636 1.40491e-07 0.000127254 0.9952 0.00206132 0.000427586 
0.0315769 9.35097e-05 0.00279556 0.0140728 0.000256388 2.38783e-08 0.00145374 0.819865 0.0726836 0.0572026 
0.00141844 0.000228894 0.328439 0.0198722 0.185064 8.87336e-06 0.00832943 0.393757 0.0403394 0.0225426 
0.14043 0.000124161 0.0639109 0.0116468 0.000370459 0.000880731 0.0810453 0.543474 0.122953 0.0351652 
0.00117542 4.3173e-05 0.065237 0.0376739 8.41602e-05 5.78343e-07 0.0613143 0.444561 0.130685 0.259226 
0.0126193 4.48196e-05 0.381562 0.0225502 0.0014796 0.0249669 0.0157535 0.468725 0.0336024 0.038696 
5.05755e-06 5.0539e-06 0.189176 0.0490658 5.05722e-06 5.05433e-06 5.0576e-06 0.336841 0.282752 0.14214 
0.000149257 6.06104e-07 0.0934271 0.183247 0.000498715 6.80763e-06 0.00624332 0.591186 0.0915122 0.0337288 
0.0344369 0.00493481 0.115911 7.78555e-05 0.000378214 0.000173729 0.0113857 0.555562 0.0614467 0.215693 
0.00149551 9.59651e-05 0.0869055 0.00899198 9.65393e-05 0.00011894 0.0818841 0.524092 0.0313795 0.26494 
0.00843096 0.0106722 0.143406 0.0627455 0.00890929 0.0106013 0.00782735 0.589071 0.0307195 0.127616 
0.00426988 6.13063e-06 0.263712 0.00436024 0.000345849 0.000192807 0.0443713 0.430274 0.0837629 0.168704 
0.0125337 1.0658e-06 0.24241 0.0126954 3.31609e-05 2.95325e-06 0.0761816 0.429558 0.0552271 0.171357 
0.0224645 0.000120496 0.0122174 0.0692271 0.0103697 0.0300859 0.0248113 0.462874 0.0351664 0.332663 
0.000188639 0.000196065 0.0624988 0.00446809 0.000180383 6.43717e-08 0.000419864 0.83389 0.0885601 0.00959807 
0.00033023 8.35181e-06 0.00154396 0.158997 6.51333e-05 1.73847e-07 1.58727e-05 0.787447 0.051571 2.17827e-05 
0.00563749 8.88551e-06 0.00965286 0.00550869 0.00176257 4.31192e-05 0.00132802 0.910209 0.0467851 0.019064 
3.48203e-08 0.000739617 0.0477042 0.00470674 0.00153958 0.000148351 0.0032401 0.643834 0.174759 0.123328 
0.0264886 1.25373e-08 0.00182132 0.00135195 0.0077183 0.000623439 0.000445447 0.921036 0.0395008 0.00101375 
0.0116875 0.0282425 0.0491089 0.0104374 0.00969853 0.000156044 0.000820309 0.679063 0.184347 0.0264385 
0.000470488 5.28789e-06 0.0890608 0.000636677 0.231727 0.0380934 0.0483717 0.454398 0.00561115 0.131626 
0.0282373 0.00822103 0.300819 0.101655 0.0417236 2.02918e-09 0.0131207 0.30454 0.126573 0.0751101 
3.8657e-06 1.10516e-08 0.0344442 0.0222334 0.000169042 9.29703e-07 0.219783 0.450116 0.0886836 0.184567 
0.0114382 1.14186e-05 1.14279e-05 0.388543 1.14261e-05 1.14195e-05 0.0400056 0.420523 0.139433 1.14283e-05 
3.05594e-06 3.05373e-06 0.266813 0.0281192 0.00642008 0.00305705 3.05597e-06 0.396362 0.0550157 0.244204 
0.0085703 0.000152611 0.159276 0.0780284 0.00354276 1.14525e-06 0.00597318 0.692076 0.00995861 0.0424207 
0.0519103 1.40605e-10 0.177521 0.082265 0.00691301 1.27527e-10 0.0587764 0.404541 0.176548 0.0415251 
0.00229047 0.1115 0.113901 0.102852 3.66926e-05 4.93603e-09 0.037782 0.375238 0.109514 0.146886 
0.00543277 2.14398e-05 0.0258221 0.0049575 0.0103622 7.53727e-10 0.0154703 0.802891 0.106722 0.0283201 
0.00140778 1.52613e-05 0.120501 0.020228 0.0405863 0.00184682 0.107956 0.633825 0.0621589 0.0114745 
0.0352842 0.0539786 0.30451 0.0472152 0.00905629 0.000108253 0.0299853 0.325822 0.147289 0.0467509 
0.091894 6.58641e-08 0.00532975 0.00638485 0.00027638 6.05111e-10 0.000306411 0.604138 0.0836893 0.207981 
0.0264886 1.25373e-08 0.00182132 0.00135195 0.0077183 0.000623439 0.000445447 0.921036 0.0395008 0.00101375 
0.00837559 0.00592838 0.0617288 0.0134577 0.0120022 8.79866e-07 0.00743818 0.857691 0.029748 0.00362947 
0.00757471 1.06759e-06 0.050082 0.0794396 2.87207e-07 1.93984e-09 0.000708067 0.737725 0.0898029 0.0346669 
0.000256108 0.0037884 0.121505 0.113764 0.0718091 9.89099e-09 0.0279029 0.656539 0.000160045 0.00427557 
0.00833865 0.00774916 0.151408 0.0517973 0.00263064 0.00145338 0.078499 0.409415 0.0378724 0.250837 
0.00123456 0.00123367 0.00123468 0.00123463 0.00123448 0.00123377 0.00123457 0.98889 0.00123469 0.00123472 
0.000139997 5.88834e-07 0.000182809 6.69984e-05 4.37921e-06 0.000672289 0.00944955 0.650055 0.339407 2.18977e-05 
0.0230506 0.000362137 0.0349428 0.0149821 0.00716588 7.38984e-05 0.00653154 0.553749 0.164698 0.194444 
7.14475e-05 1.12999e-07 0.00142544 1.79365e-06 3.67097e-05 8.06325e-06 0.00014455 0.991685 0.00286005 0.00376719 
0.000450689 0.000330814 0.0965245 0.080931 0.0122087 0.14949 0.16042 0.247583 0.0975842 0.154478 
0.0191472 0.0443693 0.0307808 0.122714 0.00745127 3.19953e-07 0.146775 0.43897 0.141048 0.0487449 
0.00136002 0.000115004 0.0186354 0.0545788 0.00572342 2.0649e-06 0.000925473 0.882487 0.0198644 0.0163087 
0.00597439 1.66516e-05 0.0729428 0.0039054 0.000238181 1.74118e-05 0.0337409 0.548517 0.0924815 0.242166 
0.0168822 6.54024e-06 0.137275 0.0203696 0.0347402 1.17504e-07 0.00123594 0.679924 0.0437577 0.0658093 
0.000322469 8.58499e-07 9.97817e-07 0.00864628 9.64395e-06 4.26125e-10 0.0329192 0.64362 0.16645 0.148031 
0.014386 0.00894842 0.16443 0.0347612 0.0021778 0.00590829 0.0146601 0.337225 0.16491 0.252592 
0.0104972 0.00249536 0.182909 0.0367936 0.00210043 5.02329e-06 0.0214489 0.500265 0.0678245 0.175661 
0.000869575 0.000145352 0.0731244 0.0208123 0.000114851 1.41832e-09 0.00281116 0.418407 0.173151 0.310564 
0.0136197 0.00569082 0.149 0.0486692 0.00654427 6.87178e-05 0.0741303 0.626123 0.0198052 0.0563484 
0.0135063 0.00193122 0.154457 0.0393792 0.292861 4.92879e-08 0.00171011 0.34811 0.095256 0.0527891 
3.64816e-05 0.000923015 0.1591 0.117164 2.19701e-05 4.78741e-08 0.00226425 0.56815 0.123773 0.0285672 
0.0144712 0.0681844 0.0350424 0.00143978 0.000205387 0.000223765 0.000568978 0.722738 0.0868039 0.0703225 
1.11183e-10 0.00126209 5.03102e-11 8.11643e-11 0.00162585 1.24296e-06 1.04664e-10 0.996723 0.000386982 1.05282e-06 
0.000124317 1.32127e-09 0.117966 0.149834 0.00820488 1.19839e-09 8.78301e-06 0.319557 0.175648 0.228657 
8.69298e-05 0.000439507 0.0156535 0.00102569 0.0010875 0.0423071 0.00776074 0.831823 0.00687361 0.0929427 
0.00395051 0.00101295 0.105803 0.0468659 5.48541e-10 1.80908e-09 0.0264929 0.572478 0.127047 0.116349 
3.47091e-05 3.4684e-05 3.47125e-05 3.47109e-05 3.47068e-05 3.4687e-05 3.47095e-05 0.805293 0.055575 0.138889 
0.00714227 0.000638985 0.0517275 0.0165816 0.00102394 9.66678e-05 0.0150258 0.650829 0.11262 0.144315 
0.0397474 0.0189435 0.098402 0.0933456 0.0184427 0.00026857 0.0134958 0.48099 0.0851479 0.151217 
0.0103211 1.55441e-05 0.118704 0.0881734 0.00321424 0.000200493 0.00762147 0.652921 0.0414325 0.0773968 
0.0247401 9.72864e-08 0.0451258 0.0220049 0.0357311 0.000515085 0.115477 0.598063 0.155207 0.00313597 
8.29946e-05 4.44776e-06 0.00931194 0.0601643 0.0033258 0.000605622 0.0836243 0.70319 0.054335 0.0853554 
0.0131849 0.00121746 0.209871 0.040668 0.0134587 0.00674495 0.0566237 0.33756 0.143083 0.177589 
6.68287e-05 0.0352134 0.0126185 0.0312806 0.0308076 5.36044e-05 0.00360572 0.386467 0.185151 0.314736 
0.00306404 8.1902e-05 0.044452 0.0254727 0.000488997 0.00323255 0.00988379 0.813694 0.045279 0.0543513 
4.40169e-05 1.54839e-07 0.00023601 0.000428914 7.24338e-05 1.40438e-07 0.00110617 0.997027 0.000119293 0.000965931 
0.144683 0.00691233 0.0589074 0.003743 0.00279536 0.00613246 0.0564096 0.37332 0.297162 0.0499352 
0.000332078 3.0953e-06 0.0424031 0.00297938 0.00298863 3.3762e-05 0.00224955 0.43964 0.412801 0.0965693 
0.0554196 0.0552024 0.099294 0.00549366 7.82324e-06 2.8949e-05 0.0020873 0.655956 0.0678287 0.0586816 
0.0057283 8.73931e-06 0.10259 0.00143588 0.001637 0.000641196 0.018535 0.624042 0.0799222 0.16546 
2.54119e-07 0.000449063 4.0425e-07 8.31838e-12 8.00032e-07 0.000794992 1.94166e-07 0.998752 1.88497e-06 2.57457e-07 
1.6988e-06 9.14395e-09 2.65006e-06 6.09271e-06 0.000303559 8.2935e-09 1.46783e-07 0.922063 2.01624e-06 0.0776206 
0.00303679 0.00148782 0.182131 0.0254605 0.00174072 2.64333e-05 0.0551815 0.5393 0.0704976 0.121138 
0.0173528 3.96446e-07 0.222531 0.0599432 0.0121853 6.17735e-07 0.0885897 0.332264 0.0726677 0.194465 
0.00313039 6.33936e-08 0.00422916 0.000138282 3.55022e-05 0.000796711 0.00392151 0.867563 0.070069 0.0501164 
0.00106638 3.33659e-07 0.0161386 0.0518715 0.00925438 0.246532 0.0506907 0.493408 0.0936794 0.0373585 
0.00313039 6.33936e-08 0.00422916 0.000138282 3.55022e-05 0.000796711 0.00392151 0.867563 0.070069 0.0501164 
0.00197591 0.0362417 0.272013 0.159464 0.00321072 6.63154e-09 0.0104072 0.286995 0.0833625 0.146331 
0.00119536 0.0520882 0.0250507 0.260863 0.0971915 5.30316e-05 0.00433386 0.520973 0.00173132 0.0365202 
0.0948759 0.00188496 0.238163 0.0311263 0.00460914 0.00106285 0.0104645 0.41851 0.039578 0.159726 
0.000371474 1.40779e-06 0.167149 0.0339424 0.00227039 0.216764 0.0603708 0.423421 0.0184513 0.0772585 
0.00271803 0.00153042 0.158846 0.0891647 0.00310419 0.00136467 0.0162983 0.44032 0.0838386 0.202816 
1.30245e-05 2.99328e-05 0.000350241 4.75639e-05 2.89744e-05 0.00146505 5.07741e-05 0.99787 6.6688e-05 7.77149e-05 
0.000342538 5.7991e-07 0.0925635 0.017066 1.59484e-07 5.25975e-07 0.00016814 0.878893 0.000335918 0.0106294 
0.00162803 4.72306e-10 0.128968 7.73992e-08 0.000447397 4.28379e-10 5.82463e-05 0.73567 0.116995 0.0162331 
0.00602194 1.70439e-07 0.209653 0.0397603 0.00347653 9.34031e-07 0.000843038 0.553998 0.135553 0.0506937 
0.0217339 7.41716e-05 0.116493 0.00538356 0.00052584 0.006796 0.00110353 0.668698 0.115751 0.0634405 
0.000294391 6.96654e-06 0.097264 0.0188295 0.00390947 2.66307e-07 0.0072049 0.758448 0.112951 0.0010911 
0.00628312 0.00362225 0.187546 0.002681 0.000100606 0.000604643 0.00393908 0.496895 0.115046 0.183282 
0.0551081 0.00012466 0.0666527 0.0330057 0.00117099 2.89628e-07 0.0108327 0.520537 0.300136 0.012432 
0.00111733 0.000373971 0.135559 0.179763 0.0304277 1.36437e-06 0.102684 0.499821 0.0331745 0.0170774 
5.02675e-06 2.0672e-07 0.14304 0.0153398 0.00390736 0.00603494 0.0167341 0.526445 0.0162151 0.272278 
3.97275e-05 7.92235e-05 0.0304422 5.17285e-08 3.04643e-05 3.16744e-07 0.0423292 0.926091 0.000536942 0.000450725 
0.00104812 9.39789e-05 0.0974332 0.00939624 0.00114537 2.87924e-05 0.0186717 0.430861 0.168388 0.272933 
0.000260507 0.000648466 0.0318299 0.10254 9.28201e-05 3.97575e-05 0.288834 0.32278 0.0152263 0.237748 
0.023859 0.0011539 0.272319 0.031141 0.00190194 0.00137344 0.0104515 0.539085 0.0385604 0.0801553 
0.00362031 0.00028692 0.279881 0.001868 1.34376e-05 9.00813e-06 0.0120518 0.639332 0.0499459 0.012991 
0.000684587 9.26576e-06 0.0528685 0.0236634 0.000293606 0.00013394 0.0849461 0.567332 0.0100524 0.260016 
0.000397002 7.88687e-05 0.0999491 0.0318758 0.000106276 2.93706e-05 0.146469 0.719449 0.000243157 0.00140242 
0.034113 0.00493134 0.0870345 0.0171923 0.00236649 0.000167969 0.0600374 0.447282 0.143927 0.202949 
0.00348985 8.98187e-05 0.027898 0.00137587 1.45357e-05 3.65515e-05 0.00353268 0.602812 0.306746 0.0540049 
6.24767e-06 1.82385e-07 0.000398132 0.00564175 5.01585e-08 1.65422e-07 0.00119521 0.890275 0.0819895 0.020494 
0.0251456 2.21728e-06 0.0167549 0.0982066 0.000359541 0.000305095 0.13212 0.644421 0.0386075 0.0440783 
5.60081e-07 1.7145e-06 1.99309e-06 0.000419388 4.05603e-07 5.49848e-10 0.00385399 0.844843 0.0648909 0.0859882 
0.0112357 0.000541831 0.175989 0.0304357 0.0135108 0.0381418 0.000822701 0.492208 0.0859659 0.151148 
0.00254485 6.35701e-05 0.0687001 0.0217871 0.265018 2.56587e-08 0.000797025 0.463953 0.0846942 0.0924421 
1.88695e-08 9.29951e-08 0.00487575 0.0710432 6.70342e-06 3.06679e-06 0.00155147 0.916029 0.00598404 0.000506248 
0.00111733 0.000373971 0.135559 0.179763 0.0304277 1.36437e-06 0.102684 0.499821 0.0331745 0.0170774 
2.08633e-07 5.21262e-07 0.0152187 0.0110758 0.00117062 5.57495e-10 0.000163114 0.945684 0.00486055 0.0218264 
1.16921e-06 0.00546626 4.53759e-05 0.000110084 0.0451189 0.00277216 0.000205725 0.922758 0.00335855 0.0201641 
0.00010534 0.000943718 0.00130374 0.00354275 0.000103853 0.000428079 0.00283844 0.98911 0.00106228 0.000562193 
0.00676132 0.0161729 0.060425 0.121293 0.1505 2.59465e-06 0.0334324 0.378868 0.109809 0.122735 
0.00136826 1.36747e-05 0.0522184 0.0500806 0.00293681 8.08922e-09 0.00796491 0.86869 0.0106151 0.00611184 
0.00587081 0.000992657 0.19233 0.0208673 0.000124052 3.59836e-06 0.0242923 0.311104 0.310515 0.1339 
2.52789e-07 0.00937604 0.00973473 0.0750738 5.58157e-06 1.12996e-06 0.000977968 0.865761 0.00593039 0.0331396 
0.0120384 0.00341803 0.0634783 0.366897 0.00307831 0.00143609 0.0266755 0.387674 0.0993907 0.0359133 
0.00012362 0.193295 0.0440486 0.00775429 0.000594627 7.02322e-09 0.00418585 0.584709 0.0715411 0.093748 
0.00119772 8.90293e-05 0.0584312 0.068741 0.00882159 0.00210441 0.00141757 0.762368 0.0130931 0.0837363 
0.0557807 2.80327e-05 0.0260786 0.00212429 0.000116154 1.45485e-06 0.0143778 0.725472 0.0698562 0.106165 
1.91958e-11 0.000230227 0.0166185 0.00164097 1.95156e-07 5.57814e-07 4.71652e-07 0.974606 0.00690214 1.02329e-06 
1.15931e-06 5.00152e-07 0.0766691 0.00651505 0.000213335 8.77802e-10 0.0280904 0.822935 0.0311918 0.0343835 
0.0244744 8.66507e-05 0.180202 0.00847916 0.246655 1.85407e-11 0.000938549 0.313441 0.0732926 0.152431 
0.000889365 9.07782e-07 0.000437584 0.0254119 8.53994e-06 1.77938e-05 0.00488173 0.944458 0.0218609 0.00203368 
0.00359109 0.00111306 0.0557909 0.147735 0.00846547 6.11181e-07 0.00197465 0.460169 0.217713 0.103447 
0.00556196 0.00111 0.0109848 0.0148861 0.000422125 0.00131591 0.0155998 0.763522 0.112093 0.0745037 
0.18932 0.000562314 0.0919979 0.0737289 0.199077 1.61388e-08 0.0138488 0.284716 0.0767061 0.070043 
0.00580703 0.000360719 0.163215 0.00829806 0.032841 3.55557e-05 0.0131458 0.366747 0.115637 0.293912 
0.00619669 6.43681e-05 0.0120698 0.0286343 1.32557e-05 0.00676877 0.0457614 0.527096 0.164688 0.208707 
1.19132e-08 5.87121e-08 0.16045 8.69667e-09 3.24549e-06 0.000181108 0.000148045 0.838769 0.000305674 0.000143152 
0.00964093 0.0168266 0.0084535 1.13561e-06 0.000335777 1.39443e-05 0.000256822 0.835019 0.07825 0.0512019 
0.144408 0.00875163 0.0388363 0.0325181 0.000505698 1.986e-05 0.00833598 0.474623 0.233848 0.0581531 
0.0022666 0.00571443 0.00773819 3.63485e-06 0.000272209 5.67629e-05 1.79175e-05 0.94851 0.0239517 0.011469 
0.00279148 1.26616e-05 0.15698 0.0151981 4.64171e-05 6.02035e-05 0.00543798 0.517826 0.157145 0.144502 
0.000395669 5.7728e-09 0.0833513 0.0128525 0.000303361 0.00354714 0.00719192 0.677598 0.189224 0.0255363 
0.0973525 0.000960213 0.284862 0.0618633 0.00280335 8.54296e-06 0.0617553 0.319106 0.0576347 0.113655 
0.00567144 0.0460876 0.108532 0.113622 0.124144 1.03478e-05 0.00100374 0.423139 0.070472 0.107318 
1.69203e-07 8.8839e-10 2.5544e-06 0.0106441 0.000477792 8.16707e-05 0.00315546 0.849565 0.0880981 0.0479752 
0.0198514 0.00529629 0.0138935 0.00827698 0.0271143 0.0280085 0.0646313 0.616236 0.189731 0.0269607 
0.0119875 0.0058022 0.0276512 0.0023398 0.0171559 2.30995e-05 0.00305391 0.839494 0.0385417 0.0539506 
0.0185323 4.12689e-06 0.0428686 0.013787 0.000544806 6.62801e-05 0.000985392 0.83644 0.0339068 0.0528652 
0.00820357 1.03611e-05 0.0825045 0.071719 0.000520537 0.000402009 0.0128606 0.332716 0.200136 0.290927 
7.81765e-06 2.7428e-08 8.34665e-05 0.323697 5.24232e-06 2.4877e-08 0.0348587 0.565556 7.13431e-05 0.0757202 
0.00112765 0.00221319 0.136371 0.0313228 0.00282614 0.000853591 0.0161277 0.361448 0.358556 0.0891539 
0.0234922 0.00928071 0.292134 0.036372 0.00267803 0.00045255 0.000584975 0.463637 0.0398749 0.131494 
4.64768e-07 2.47078e-08 0.216768 0.0068679 2.44323e-06 2.24098e-08 6.32246e-05 0.648513 0.0600719 0.0677135 
0.00468025 3.06366e-06 0.246046 0.0198175 0.000532526 0.0149371 0.0141422 0.438336 0.139716 0.12179 
0.00132206 0.0128078 0.157956 0.0980676 0.163621 0.00168896 0.0214048 0.417945 0.0048878 0.120299 
0.00505476 0.000924224 0.0740722 0.0943735 0.168504 0.00188302 0.018914 0.587542 0.00738033 0.041352 
2.00395e-05 0.000201059 0.120285 0.0127367 0.00101924 0.0919962 0.038703 0.681953 0.0104804 0.0426049 
0.018725 3.93477e-06 0.122657 0.0514666 6.78084e-06 5.91417e-07 0.0477321 0.692934 0.0467453 0.0197292 
0.000499101 8.96186e-06 0.256016 0.000214901 2.65558e-05 5.31546e-05 0.00883128 0.381878 0.154425 0.198048 
5.97429e-05 0.000114218 0.142303 0.0121128 0.00317984 5.31044e-07 0.00702394 0.777379 0.030621 0.027206 
0.000148484 4.21762e-06 0.00494276 0.000213353 1.19019e-05 7.62111e-06 0.00163866 0.978073 0.00410765 0.0108527 
0.0322064 1.52821e-07 0.111392 0.100788 0.000274146 4.8266e-06 0.0405806 0.474784 0.198558 0.0414124 
0.0145865 1.21363e-06 0.0214172 0.00355519 0.00103995 0.000915834 0.01418 0.826385 0.0645201 0.0533987 
6.43647e-06 3.22152e-09 0.0308135 0.00694416 0.000272738 0.000466929 0.00255564 0.869018 0.0094552 0.0804669 
0.0174367 0.0568742 0.184642 0.0240048 0.00306798 0.000107573 0.00834134 0.640917 0.0613027 0.00330662 
0.00231514 0.00169643 0.00712243 0.0200149 0.00334187 7.7229e-07 6.76368e-05 0.898639 0.0545201 0.0122813 
5.72441e-06 0.000474443 0.000306732 0.00513681 5.8918e-05 1.97657e-07 0.000509068 0.989906 0.00292211 0.000680368 
