0.00901374 0.00152615 0.101363 0.00634755 5.17157e-05 4.78578e-05 0.00440298 0.489589 0.149198 0.23846 
0.0104677 0.000203022 0.152389 0.0146688 0.00301896 5.04891e-05 0.106337 0.394506 0.13579 0.182569 
0.105283 1.61166e-05 0.145633 0.107207 1.47073e-07 6.63332e-06 0.029934 0.271721 0.237814 0.102385 
0.00733919 3.52112e-09 0.128115 0.000298398 0.00257332 0.0858857 0.0179785 0.484773 0.00913151 0.263905 
0.0055833 4.98473e-09 0.197584 0.217396 3.86702e-05 5.20384e-07 0.014671 0.505197 0.0436368 0.0158932 
0.000705792 5.5396e-09 0.0255156 0.000356272 0.00063552 5.02438e-09 0.253547 0.666105 0.020108 0.0330271 
0.00693218 0.0541708 0.115005 0.0428125 0.00148829 1.01042e-05 0.00644301 0.690523 0.0305959 0.0520193 
0.0289045 0.00885908 0.0298617 0.00247474 0.000194175 4.77742e-05 0.014235 0.723093 0.0886872 0.103643 
0.0396711 0.00043546 0.0861144 0.0151652 5.85762e-05 2.77406e-06 0.0013103 0.524004 0.227614 0.105624 
0.0462333 0.000228426 0.00973786 0.0723659 0.000150403 7.98858e-06 0.0197954 0.807529 0.0351729 0.00877865 
0.000561749 0.00311909 0.14572 0.109229 0.0175344 0.000360767 0.00731582 0.686282 0.00482848 0.0250486 
0.00538838 1.07645e-05 0.120171 0.0792775 1.40438e-05 0.000157542 0.101491 0.555896 0.0282016 0.109393 
0.00122396 3.61978e-11 0.00850622 0.0184366 0.00579068 1.47853e-05 1.08267e-07 0.870474 0.0662101 0.0293432 
1.42462e-06 0.219912 0.0956573 0.0510624 0.00523323 1.17148e-08 0.0139352 0.604804 0.00767321 0.00172078 
0.000765401 0.134292 0.133878 0.103884 5.65085e-05 1.86082e-05 0.00213017 0.545757 0.0541615 0.0250565 
0.0058851 0.00046703 0.23454 0.201333 0.000114496 2.68598e-06 0.00955249 0.291603 0.0994865 0.157016 
0.0737893 0.0446963 0.0799224 0.00181449 3.16747e-05 2.32603e-05 0.000711565 0.552834 0.187475 0.0587014 
6.55329e-06 2.85474e-05 0.0973844 0.000275146 3.53897e-05 9.02622e-05 0.0106984 0.864953 0.000308673 0.0262193 
0.0960901 0.0220299 0.137429 0.0236375 0.000332613 6.7593e-06 0.00155414 0.451422 0.111136 0.156362 
0.152696 7.69899e-05 0.221412 0.02177 0.00142215 0.00145568 0.00210178 0.387671 0.177211 0.0341844 
8.28837e-08 4.08478e-07 0.0131904 0.00366064 8.99824e-05 3.70487e-07 0.00107681 0.977738 0.00167022 0.00257304 
0.109715 3.4542e-06 0.00574798 0.0206444 0.0100278 6.8788e-10 0.00622358 0.337702 0.275185 0.234751 
6.6253e-06 0.000638835 0.0118189 0.000848035 0.0545228 0.000957942 0.000523122 0.930626 1.64371e-05 4.12487e-05 
0.0698475 0.000356985 0.0439584 0.0888076 0.200793 9.61462e-08 0.0149685 0.450004 0.0575775 0.0736866 
6.73357e-05 1.15536e-05 0.00336307 0.0919137 1.66358e-06 0.00122363 0.139549 0.647393 0.0184638 0.0980133 
0.000222359 2.7442e-05 0.0706458 0.075329 0.000400951 0.000113371 0.00521983 0.627427 0.114578 0.106037 
0.00206965 5.9805e-07 0.176367 0.00646234 3.97936e-07 4.9391e-06 0.00102587 0.653315 0.0561742 0.10458 
5.99038e-06 3.09594e-05 0.0812728 0.164104 1.43524e-05 3.31945e-07 0.01273 0.603063 0.0579673 0.0808109 
0.000681306 0.00800472 0.0547173 0.0462047 0.00167834 0.0936696 0.148822 0.499237 0.0537498 0.0932353 
7.66103e-07 1.87633e-08 4.93801e-07 0.000393917 3.03285e-08 3.99393e-11 4.40079e-08 0.905588 0.0337014 0.0603149 
0.000554827 1.41368e-05 0.000128078 0.162304 0.0216987 1.87172e-09 4.29475e-06 0.751386 0.0638644 4.53294e-05 
0.0570027 0.000124372 0.0387212 0.0446269 1.81012e-05 3.89181e-05 0.0053588 0.75697 0.0843889 0.0127499 
0.000156011 5.0717e-09 0.0541047 1.12694e-05 1.3948e-09 4.6e-09 0.193293 0.617231 0.135196 8.11039e-06 
0.0124324 0.000247895 0.0750789 0.00853299 3.96974e-05 0.00844875 0.00237777 0.53789 0.222824 0.132128 
0.000954322 0.000798488 0.271568 0.0806783 0.000684629 0.0158247 0.0891175 0.360253 0.0298701 0.150251 
0.0806466 8.02301e-07 0.156445 0.00851281 1.58132e-05 6.58598e-09 0.000488893 0.34026 0.332003 0.0816273 
0.0320244 1.19754e-08 0.00053143 0.00660074 3.89814e-06 2.88608e-11 0.000147011 0.659622 0.199321 0.101749 
5.92658e-10 4.9683e-06 7.61648e-06 8.52349e-06 8.03268e-10 2.64916e-09 1.22187e-05 0.887122 7.91253e-06 0.112836 
0.0104521 0.0156649 0.135714 0.167815 0.000554631 0.00543629 0.141498 0.247156 0.148481 0.127228 
3.57954e-05 1.93076e-05 0.122914 0.0140155 0.00192998 0.0121864 0.194094 0.324877 0.00876476 0.321163 
0.0141924 0.013511 0.0196948 0.0139615 0.00542216 0.0126935 0.00697429 0.693062 0.0963685 0.12412 
2.01137e-06 3.37879e-05 0.077955 0.00298424 0.00083317 0.0131215 0.00515266 0.772931 0.00229236 0.124694 
3.2582e-05 3.19105e-05 0.040674 0.00669524 0.000447134 8.6099e-08 9.31707e-07 0.88815 0.0385498 0.0254188 
0.0242363 0.0536744 0.240632 0.139899 0.0146085 3.86856e-09 0.00679836 0.32183 0.031943 0.166378 
0.00949134 0.0872526 0.0090629 2.76389e-07 0.000713925 0.000229194 3.95809e-05 0.822716 0.0361843 0.0343103 
0.00231236 5.80289e-10 0.354695 0.000189048 0.00162722 9.24079e-06 0.0238219 0.435336 0.0309522 0.151057 
1.96677e-05 0.000705573 0.0190961 0.000869373 0.0203211 0.081996 0.00178934 0.854872 0.00567057 0.0146606 
0.00250668 1.46662e-07 0.0165875 0.0213853 0.00147011 1.33022e-07 0.00580452 0.5343 0.374376 0.0435704 
0.015783 0.00860554 0.0914616 0.0831326 0.0063875 0.000155134 0.07862 0.393131 0.138906 0.183818 
0.000104987 1.34825e-05 0.163971 0.00572031 6.25796e-06 0.0017508 0.00603253 0.594374 0.109536 0.11849 
0.0712192 3.26746e-10 0.0339245 4.96948e-07 0.000336182 2.96357e-10 0.0071361 0.83609 0.0138503 0.037443 
0.00735562 3.43357e-06 0.0462776 0.0733318 0.00112098 0.0676615 0.0237146 0.669538 0.0735321 0.0374643 
0.122774 0.0143637 0.118294 0.00275753 0.000699749 1.18778e-05 9.67664e-05 0.591794 0.0695254 0.0796835 
0.00117288 0.00443081 0.0338553 0.0394338 0.00655909 2.32443e-06 0.100693 0.734589 0.0402129 0.0390506 
0.00128136 0.00134266 0.126215 0.023718 0.000369686 0.000183123 0.136053 0.506559 0.045057 0.159221 
0.000152201 6.81619e-07 0.0318109 0.123692 1.68881e-07 3.96776e-05 0.0046904 0.784311 0.0502425 0.00506091 
0.0033092 4.1708e-08 0.128881 0.00640835 8.67059e-05 0.00249442 0.00509514 0.773631 0.0395128 0.0405815 
0.0142692 0.000558307 0.0501048 0.000135458 0.000162684 0.00272976 0.00525702 0.719298 0.0528827 0.154602 
2.65496e-05 7.425e-10 0.000357156 0.000490958 0.00265583 6.73443e-10 0.000244993 0.988717 8.39828e-05 0.00742371 
1.02648e-07 0.000512553 0.22568 0.02276 0.000564126 3.27754e-07 0.0729498 0.321496 0.116351 0.239685 
0.000517696 9.46886e-09 0.000286217 0.00633892 1.41306e-05 8.5882e-09 0.0106102 0.652662 0.155915 0.173655 
0.000436234 0.000279703 0.321171 0.0733562 0.000509923 1.29224e-07 0.0103979 0.465345 0.0486088 0.0798953 
0.000521359 2.17354e-05 0.0476335 0.0243325 2.61991e-06 5.62282e-06 0.0347458 0.514132 0.15469 0.223915 
0.0554196 0.0552024 0.099294 0.00549366 7.82324e-06 2.8949e-05 0.0020873 0.655956 0.0678287 0.0586816 
0.00241047 8.53477e-05 0.094645 0.0270387 9.43584e-05 0.00514423 0.00237238 0.614908 0.1226 0.130702 
0.0173135 0.000306236 0.216223 0.190154 0.000577851 0.00022721 0.0958723 0.381833 0.0446382 0.0528552 
0.00143422 0.00271704 0.0711022 0.125525 0.0601546 1.51443e-06 0.0797265 0.30591 0.264172 0.0892557 
7.14475e-05 1.12999e-07 0.00142544 1.79365e-06 3.67097e-05 8.06325e-06 0.00014455 0.991685 0.00286005 0.00376719 
0.0167722 2.50338e-05 0.0360278 0.0349995 0.000336148 1.93234e-06 0.0926195 0.670131 0.122679 0.0264081 
0.000539208 1.60144e-07 0.0142312 0.0308897 2.97024e-07 1.55165e-09 6.69755e-05 0.692317 0.21045 0.0515064 
6.51988e-05 7.41035e-09 0.000624071 7.07424e-05 0.000258932 1.23091e-05 1.06137e-06 0.989083 0.00743008 0.00245474 
0.145366 0.000382098 0.0072781 0.0252765 0.0197348 3.08083e-05 0.0359299 0.575563 0.181841 0.00859823 
0.087924 4.12316e-05 0.248803 0.0943813 0.0123615 2.33391e-11 0.071352 0.295546 0.132563 0.0570278 
0.00443954 1.00288e-05 0.0465131 7.6161e-05 3.35685e-05 9.0961e-06 0.00972004 0.938494 0.000405693 0.000298338 
9.01156e-09 4.4412e-08 0.000790263 0.00183277 1.2214e-08 4.02814e-08 0.00104344 0.995173 0.000682005 0.000478769 
0.0220605 3.68771e-06 0.0121191 0.0171777 0.0154788 0.00168172 0.00235159 0.879791 0.0307041 0.0186317 
0.0283079 0.00637882 0.102417 0.0509378 8.77555e-05 0.00395627 0.202307 0.377996 0.19218 0.0354317 
6.6253e-06 0.000638835 0.0118189 0.000848035 0.0545228 0.000957942 0.000523122 0.930626 1.64371e-05 4.12487e-05 
2.09956e-07 5.28106e-05 0.0483956 0.13048 0.000225835 9.77931e-07 0.008204 0.552014 0.16791 0.0927165 
2.30289e-06 5.69402e-08 0.110762 0.275052 4.53905e-07 2.55312e-11 0.020067 0.298633 0.237384 0.0580998 
0.000398947 4.41685e-07 0.0573608 0.0262114 0.000195438 1.72478e-05 0.00489306 0.801882 0.015931 0.0931099 
0.000153585 4.35246e-07 5.05856e-07 0.0045743 4.59969e-06 2.34989e-10 0.0156761 0.730512 0.132022 0.117056 
0.00833179 4.23741e-06 0.0267433 0.0272811 0.255342 0.00419352 0.000233056 0.661 0.0051493 0.0117208 
0.0189425 0.0319494 0.0167314 8.30803e-09 0.000634339 1.02032e-07 0.000489064 0.672906 0.156218 0.102129 
0.00554931 0.00245902 0.0783148 0.0217587 0.00812034 1.75512e-05 0.000601197 0.629692 0.046037 0.20745 
9.86876e-05 6.51189e-08 0.0300524 0.0127066 0.00662763 1.95968e-08 0.0100088 0.822711 0.0899582 0.0278364 
1.38336e-06 7.02777e-10 3.07149e-06 1.04098e-10 1.93274e-10 6.37414e-10 1.34238e-10 0.922088 0.0660457 0.0118618 
0.0267286 1.23099e-05 0.0759663 0.0268707 0.000236968 1.37439e-06 0.0972738 0.399682 0.212176 0.161052 
0.00795086 1.22446e-07 0.23967 0.0444298 0.00749419 1.51107e-10 0.000653764 0.507304 0.084527 0.10797 
0.00364692 0.000204393 0.261134 0.00178846 1.06263e-05 6.98439e-06 0.0104199 0.661057 0.053334 0.00839716 
8.22293e-09 8.56819e-05 0.000842528 0.000586528 8.26539e-05 3.0473e-05 0.000247785 0.994157 0.00391182 5.52819e-05 
0.000204324 0.000615616 0.000187204 7.15756e-05 0.000765721 3.73956e-05 6.52788e-08 0.997928 0.000110628 7.96938e-05 
1.91764e-06 1.32716e-08 0.00517734 0.00790278 0.000616666 1.20372e-08 0.0115769 0.629338 0.0321041 0.313282 
1.06255e-05 1.06178e-05 1.06265e-05 0.0361391 0.0690717 1.06187e-05 1.06256e-05 0.57379 0.24761 0.0733356 
0.00252551 4.29466e-07 0.0865709 0.106863 0.00186364 6.70157e-07 0.0197336 0.403409 0.281116 0.0979174 
0.0402364 0.00328482 0.0796614 0.0584561 0.00363843 0.0189679 0.0826768 0.442782 0.139792 0.130504 
0.0037168 0.000312849 0.308496 0.0657532 0.00115487 1.72269e-06 0.00411729 0.428948 0.0498286 0.13767 
2.83817e-07 1.39875e-06 0.0505705 0.000511498 3.84676e-07 0.000107968 2.67176e-07 0.948575 0.000123358 0.000109164 
7.34715e-05 2.6935e-07 0.0165823 7.38415e-08 0.00035551 0.00288757 0.0872194 0.607756 0.0163402 0.268785 
0.04986 0.0757372 0.00772744 0.00207397 0.000260569 1.76176e-05 0.000148652 0.726735 0.0893886 0.048051 
1.0094e-09 4.97961e-06 4.56749e-10 7.36863e-10 0.00211029 4.51196e-09 9.50211e-10 0.997884 2.95208e-07 3.02467e-10 
0.000602537 9.3413e-05 0.020743 0.221341 0.0132692 1.59085e-07 0.0217878 0.624584 0.044417 0.0531625 
0.077314 2.45451e-07 0.0789605 0.0820452 0.0015129 6.09156e-05 0.000651413 0.494041 0.078129 0.187285 
2.44512e-06 2.11473e-07 2.60579e-07 0.000488843 1.23505e-08 1.3951e-07 7.58805e-08 0.992931 0.00657735 9.77724e-08 
0.00724964 0.101198 0.0419132 0.0413958 1.20466e-05 5.64598e-07 0.015527 0.599246 0.114459 0.0789992 
0.000473441 0.000205672 0.104593 0.0589541 0.00113893 4.15687e-05 0.0126376 0.679871 0.0727867 0.0692976 
0.00610479 0.00760785 0.0239499 0.0260682 0.0493144 1.9337e-05 9.79435e-05 0.850114 0.0140801 0.022643 
0.0187862 7.7628e-06 0.104095 0.0339885 0.000206933 0.000361683 0.318734 0.457997 0.0446516 0.0211705 
7.59993e-10 3.7455e-09 3.43896e-10 3.60767e-06 0.00135516 3.39714e-09 1.92809e-05 0.960668 0.0352826 0.00267153 
0.122774 0.0143637 0.118294 0.00275753 0.000699749 1.18778e-05 9.67664e-05 0.591794 0.0695254 0.0796835 
0.00103714 3.06022e-06 0.0001595 0.00309151 8.41607e-07 3.12003e-05 5.84537e-07 0.993873 0.00180254 1.86067e-07 
4.6732e-05 1.24727e-06 5.47371e-05 0.0611476 0.00060307 1.13127e-06 0.00260439 0.752033 0.183269 0.000239236 
0.00138617 1.83379e-07 0.000143352 0.0537754 0.00628061 1.45615e-05 0.0202431 0.707563 0.186769 0.0238248 
0.0184238 7.31812e-05 0.0223293 0.00821158 5.5794e-06 2.35258e-05 0.0258002 0.883437 0.0260608 0.0156349 
0.036236 0.0849869 0.115841 0.00147959 0.00096207 1.53042e-08 0.000258469 0.338944 0.32076 0.100532 
0.00279193 0.000127323 0.0302349 0.013541 0.000589773 9.45073e-05 0.00586142 0.82337 0.0234958 0.099893 
0.000679754 6.14239e-06 0.0405532 3.87554e-05 1.88256e-09 0.000910419 0.00350369 0.875632 0.0583332 0.0203427 
0.0023404 1.80041e-05 0.0243788 0.00925784 0.00052097 9.42349e-05 0.00640642 0.875516 0.0431482 0.0383191 
0.015604 0.000243898 0.0601366 0.00912036 0.00105142 6.86788e-10 0.00957466 0.707046 0.0983227 0.0989 
1.70564e-11 2.27044e-07 0.00384209 3.36195e-07 9.71169e-08 7.62413e-11 9.31424e-08 0.897048 0.0702882 0.0288213 
0.00324811 4.91114e-06 0.0423957 0.0140232 3.20758e-05 1.9461e-06 0.16623 0.671069 0.0255358 0.0774594 
4.2107e-07 6.6892e-06 0.22737 0.00551923 0.00022947 0.00156509 0.00129949 0.458108 0.00635333 0.299548 
0.00833179 4.23741e-06 0.0267433 0.0272811 0.255342 0.00419352 0.000233056 0.661 0.0051493 0.0117208 
0.000918473 8.99139e-06 0.0798572 0.064145 0.00153959 0.000206998 0.00485011 0.547045 0.237819 0.0636102 
0.0221678 0.0150886 0.0104527 0.0192686 0.000240384 0.000126003 0.00545999 0.554342 0.310922 0.0619321 
0.0397979 2.63814e-06 0.206725 0.00216426 0.0106965 1.48013e-05 0.0262749 0.339246 0.193534 0.181544 
0.00554014 0.0220855 0.0880438 0.0470021 0.00604634 8.31504e-06 0.0233205 0.490628 0.17221 0.145116 
0.0532622 0.00038488 0.157624 0.276853 0.0011771 7.32419e-06 0.0300441 0.4004 0.0664089 0.0138383 
0.0676832 0.0211241 0.0884349 0.0110831 0.014098 0.000295701 0.00564216 0.539037 0.213569 0.0390326 
0.00110915 0.000117054 0.238346 0.00719471 0.00117889 0.000108269 0.0050921 0.664125 0.0208227 0.0619065 
3.16876e-05 0.000137704 0.0232805 0.0877852 7.93682e-07 9.55587e-05 0.0157094 0.840199 0.0242135 0.00854625 
0.00452955 8.50147e-05 0.0816125 0.000198666 0.00109605 0.00501154 0.0360935 0.626189 0.0386301 0.206554 
1.92769e-05 4.42656e-07 0.0227433 0.00194914 0.0129412 1.9051e-05 0.00254217 0.877018 0.00370558 0.0790622 
6.6253e-06 0.000638835 0.0118189 0.000848035 0.0545228 0.000957942 0.000523122 0.930626 1.64371e-05 4.12487e-05 
3.45651e-05 4.09793e-06 0.000200561 7.88075e-05 1.19465e-05 1.41469e-06 6.96272e-05 0.630635 0.355192 0.0137721 
0.0248022 0.00423248 0.0552053 0.00655662 0.00546808 1.10518e-06 0.00385528 0.779682 0.0929049 0.0272916 
1.42462e-06 0.219912 0.0956573 0.0510624 0.00523323 1.17148e-08 0.0139352 0.604804 0.00767321 0.00172078 
0.000660861 6.99989e-08 0.00707787 0.00218783 0.000114208 6.09102e-06 0.00547314 0.940663 0.0423601 0.00145665 
0.00064001 5.77537e-05 0.0140132 0.0573626 0.000482783 6.49598e-06 0.0599712 0.69593 0.0926629 0.0788734 
0.000128428 0.000153551 0.000121687 0.00244133 1.96372e-05 0.00011753 0.000291328 0.975011 0.0129845 0.0087314 
0.00711584 2.40453e-07 0.0427009 0.0165821 2.38499e-05 4.62049e-05 0.00945882 0.587358 0.0932411 0.243473 
0.00851091 7.17793e-08 0.00536627 0.0111339 0.00143494 5.26446e-08 0.00109177 0.941228 0.0196894 0.0115446 
0.0360497 6.82758e-06 0.0283343 0.0516817 0.0351999 8.23166e-11 0.0132191 0.448924 0.125271 0.261313 
0.0112357 0.000541831 0.175989 0.0304357 0.0135108 0.0381418 0.000822701 0.492208 0.0859659 0.151148 
0.000180387 0.000121891 0.0175653 0.153626 0.000138648 2.19721e-06 0.0421246 0.362536 0.199405 0.2243 
0.00542234 0.000768564 0.13453 0.027341 0.00212223 0.0100356 0.045661 0.623119 0.0950473 0.0559526 
0.00226346 1.64865e-05 0.000642379 0.0168388 0.122596 0.0011268 0.000153867 0.820779 0.0306834 0.00489952 
0.000269276 1.17017e-08 0.0356318 0.0515816 3.02149e-05 1.62041e-05 0.000375486 0.667018 0.169618 0.07546 
0.0140238 2.36398e-06 0.13183 0.125934 0.000108753 0.00455991 0.00818898 0.585026 0.0678831 0.0624437 
0.00103556 0.000169032 0.00896274 0.0171468 0.000178674 2.41436e-06 0.0199056 0.700081 0.153604 0.0989145 
1.07501e-06 3.23826e-06 0.0121176 0.00485655 0.0021006 1.95273e-07 3.93428e-09 0.929276 0.0413288 0.0103157 
0.0142123 0.0043682 0.102142 0.160948 0.000686704 1.32194e-05 0.0267036 0.466282 0.0836494 0.140994 
0.00486249 0.000116189 0.0768204 0.0270514 0.0258307 0.0608056 0.0156036 0.632348 0.0611843 0.0953777 
0.000707172 0.00133545 0.160301 0.153301 0.00231761 1.65273e-08 0.00158838 0.366174 0.245464 0.0688105 
0.0136588 4.85377e-07 0.0246721 0.00552579 0.000817764 6.26347e-06 0.00395948 0.860384 0.0204341 0.070541 
6.6253e-06 0.000638835 0.0118189 0.000848035 0.0545228 0.000957942 0.000523122 0.930626 1.64371e-05 4.12487e-05 
6.21828e-05 0.00189633 0.00176737 0.0213174 0.141853 2.62755e-07 0.000955878 0.798336 0.0277444 0.00606723 
4.39398e-05 1.03901e-06 0.117276 0.0115273 0.000323322 5.08529e-05 0.000633681 0.794622 0.0229969 0.0525256 
0.000117507 0.000117422 0.000117518 0.235143 0.000117499 0.000117432 0.000117508 0.763917 0.000117519 0.000117522 
1.60506e-06 9.99918e-05 0.00657796 0.000819231 0.00329452 2.53368e-05 0.000295805 0.929542 0.0411096 0.0182344 
0.0560376 0.0102684 0.183465 0.0848785 0.0104349 1.02266e-05 0.0236008 0.41409 0.112138 0.105077 
0.00191993 0.0390592 0.0616353 0.000590806 0.00695842 0.00845064 0.00365238 0.595243 0.126882 0.155609 
0.00228916 0.00238623 0.0827623 0.0318954 0.000140149 0.000150519 0.0117572 0.722971 0.0642679 0.0813805 
1.61871e-07 6.82269e-05 0.00085 3.60119e-06 0.000359125 0.000328293 3.3765e-07 0.998278 0.000112058 1.44682e-07 
0.132653 0.00237351 0.100231 0.0299745 0.000526413 1.29973e-05 0.00702799 0.331367 0.249392 0.14644 
0.00106336 9.94428e-05 0.108426 0.107123 8.37907e-05 0.006626 0.0445152 0.60609 0.0516522 0.0743206 
0.00313039 6.33936e-08 0.00422916 0.000138282 3.55022e-05 0.000796711 0.00392151 0.867563 0.070069 0.0501164 
0.00851091 7.17793e-08 0.00536627 0.0111339 0.00143494 5.26446e-08 0.00109177 0.941228 0.0196894 0.0115446 
0.00411125 7.44638e-06 0.0717619 0.00526377 0.000461537 2.41122e-05 0.00469301 0.761528 0.130801 0.0213483 
6.6253e-06 0.000638835 0.0118189 0.000848035 0.0545228 0.000957942 0.000523122 0.930626 1.64371e-05 4.12487e-05 
5.66298e-06 5.80337e-06 0.0214227 0.050462 3.41574e-08 1.1265e-07 0.250948 0.533371 0.090211 0.0535733 
0.0093151 0.00868165 0.123155 0.000162289 0.00109978 6.82683e-11 4.02343e-08 0.53002 0.291996 0.0355695 
0.000697979 1.16829e-10 6.5112e-07 4.8283e-07 1.51041e-07 2.37368e-06 3.35628e-06 0.667708 0.20683 0.124757 
0.0130103 3.5691e-05 0.0827869 0.0405065 0.216731 0.00344142 0.000590697 0.593742 0.00638166 0.042774 
2.42693e-06 4.01241e-09 0.238211 5.94334e-10 3.32899e-06 0.00500785 0.0117225 0.735178 0.00983624 3.79524e-05 
0.00415692 6.79388e-05 0.0129149 0.000432775 1.19135e-05 9.33581e-06 0.0182354 0.806667 0.0336083 0.123895 
0.000221363 7.83688e-10 0.174343 0.0464415 0.00143191 7.22908e-06 0.0223816 0.592257 0.115974 0.046942 
0.00153004 0.00026 0.0558438 0.0683502 0.00525636 4.18845e-05 0.0192767 0.656304 0.0252148 0.167922 
0.000119158 8.35142e-08 2.20989e-05 0.00718677 0.00108685 7.57469e-08 0.00558883 0.98034 0.00108362 0.00457283 
0.00723818 0.00398265 0.192443 0.078154 0.2386 4.61848e-06 0.00851172 0.318798 0.0507543 0.101514 
2.14933e-05 0.00104032 0.293361 0.000620275 0.00060918 0.000346088 0.000117586 0.703601 5.89843e-05 0.000223764 
0.0016665 3.66345e-09 0.0177634 0.0226843 0.00142152 3.32272e-09 0.0181925 0.766662 0.133598 0.0380117 
0.121003 0.00829189 0.0166415 0.00367643 0.000369945 1.55117e-05 0.00395158 0.692447 0.0857025 0.0679 
0.000143032 7.10994e-06 0.115602 0.0169333 0.000335145 0.000517647 0.17804 0.546407 0.0622068 0.0798083 
0.0664505 0.00547035 0.145958 0.0458319 0.000854827 0.000178733 0.0800891 0.430944 0.0844309 0.139792 
0.00320931 0.000135118 0.186202 0.0437559 0.0641973 8.87496e-06 0.0370598 0.450802 0.119077 0.0955521 
0.00117542 4.3173e-05 0.065237 0.0376739 8.41602e-05 5.78343e-07 0.0613143 0.444561 0.130685 0.259226 
9.17889e-06 0.0019959 0.0017356 0.0234258 0.00331896 0.300107 0.0752962 0.514971 0.0017149 0.0774246 
1.03722e-06 1.60082e-08 7.13523e-06 0.0287632 2.25747e-05 7.85619e-07 0.109689 0.817483 0.000102673 0.0439311 
0.00350157 0.0015398 0.0462656 0.0662507 0.0295877 0.000153204 0.026952 0.596245 0.0789143 0.15059 
0.0153573 0.00274086 0.0158729 0.0874013 0.00254767 1.24957e-05 0.00359936 0.817572 0.0526759 0.00222019 
8.44975e-05 0.0144919 0.138813 0.0167993 1.29885e-05 0.00538533 0.000625472 0.674484 0.0713876 0.0779166 
5.21935e-11 4.98521e-05 0.00166279 0.108304 0.000357439 2.33303e-10 0.198986 0.532626 0.020539 0.137475 
0.00281386 2.50246e-09 0.210171 0.019599 2.91984e-05 7.33444e-05 0.00217534 0.478327 0.0798147 0.206997 
0.0384271 1.61147e-05 0.0114427 0.00656784 0.00206767 0.000241927 0.00106115 0.793624 0.0924156 0.0541359 
0.0532119 0.0676124 0.206208 0.0465387 0.01224 7.27686e-07 0.00994847 0.447249 0.124629 0.0323617 
0.000248185 0.132521 0.00012189 1.77911e-06 1.99154e-05 2.18512e-05 5.84332e-06 0.866784 0.000104907 0.000170933 
0.000110989 0.0222926 0.000111 0.000110995 0.000110981 0.000110918 0.00011099 0.976819 0.000111 0.000111003 
1.42462e-06 0.219912 0.0956573 0.0510624 0.00523323 1.17148e-08 0.0139352 0.604804 0.00767321 0.00172078 
0.000224462 1.81537e-07 0.0787777 0.127425 0.00268497 0.000784016 0.0364342 0.573015 0.13232 0.0483348 
0.00565714 1.53486e-06 0.16141 0.00180546 0.000795051 8.2293e-06 0.00957359 0.758337 0.0152199 0.0471919 
0.0531635 0.0692261 0.201407 0.0897798 0.0134888 6.38455e-05 0.00322987 0.442909 0.0503568 0.0763754 
5.0977e-05 0.0299213 0.0701279 0.00190858 0.0141089 0.322424 0.000214867 0.435446 0.00362911 0.122169 
0.00833179 4.23741e-06 0.0267433 0.0272811 0.255342 0.00419352 0.000233056 0.661 0.0051493 0.0117208 
0.0123667 0.00332985 0.0582799 0.0324792 2.99233e-05 0.000149027 0.018998 0.513049 0.0856078 0.27571 
8.79911e-05 7.59989e-09 0.181664 0.00243182 0.000930917 6.89305e-09 1.70716e-06 0.771304 0.00925146 0.0343286 
0.0013633 6.5744e-06 0.0925056 0.00605328 0.000373782 3.36045e-05 0.0012645 0.51086 0.361065 0.0264738 
0.00129046 0.000831716 0.211273 0.00935008 0.00228934 4.04269e-07 0.155155 0.369641 0.155941 0.0942274 
0.00194037 3.90407e-06 4.85179e-07 2.38729e-06 0.000927765 7.18569e-06 0.00014895 0.728093 0.266306 0.00257078 
0.0188292 0.0159937 3.13797e-06 0.107631 0.267315 3.13567e-06 3.1377e-06 0.490425 3.138e-06 0.0997935 
4.63001e-07 0.0163204 0.0452422 0.0147511 0.00062815 4.86337e-07 0.070646 0.69512 0.139861 0.0174307 
0.00833179 4.23741e-06 0.0267433 0.0272811 0.255342 0.00419352 0.000233056 0.661 0.0051493 0.0117208 
0.00543277 2.14398e-05 0.0258221 0.0049575 0.0103622 7.53727e-10 0.0154703 0.802891 0.106722 0.0283201 
0.00467915 0.000941065 0.0357302 0.0297102 0.00620626 0.00376454 0.00553491 0.792514 0.0841576 0.0367619 
0.0352842 0.0539786 0.30451 0.0472152 0.00905629 0.000108253 0.0299853 0.325822 0.147289 0.0467509 
2.83841e-06 2.25587e-09 0.0251701 0.000594014 3.47484e-06 3.07114e-06 8.53217e-06 0.924205 0.0277643 0.0222482 
3.27894e-05 9.32436e-07 0.0188059 0.0431319 6.68289e-06 8.45714e-07 0.00252373 0.662306 0.270813 0.00237823 
0.117898 0.00114379 0.141257 0.0711482 0.0040943 1.43155e-05 0.0590932 0.220889 0.198175 0.186289 
0.000138241 0.00145966 0.0256379 0.0375473 0.0390429 1.17975e-05 0.0135279 0.815901 0.0266246 0.0401089 
0.01008 7.90033e-05 0.0602935 0.000489659 0.0207128 1.92176e-05 0.0627579 0.408654 0.0965671 0.340346 
1.39774e-09 0.0027858 0.00314493 0.0863833 0.0327244 0.00281511 3.57491e-05 0.836694 0.00164166 0.0337749 
0.000243724 3.33724e-10 0.00691033 1.022e-07 4.82382e-07 1.39206e-06 8.38072e-08 0.929821 0.05959 0.00343332 
0.00851214 0.00406167 0.164622 0.0285876 0.000352148 0.000264353 0.00924452 0.567809 0.0244104 0.192137 
0.00543666 0.00168117 0.109143 0.0268642 0.0159568 0.00548552 0.0766108 0.486128 0.0861377 0.186556 
0.000485089 1.28685e-05 0.0282707 0.0406052 0.00526423 0.0159481 0.0163329 0.864964 0.00672909 0.0213881 
0.000687835 5.53458e-06 0.00289801 0.0638206 2.87402e-07 0.000131628 0.101706 0.445057 0.10875 0.276944 
0.000194904 6.2944e-10 0.224172 0.079198 1.81246e-06 5.70898e-10 0.0180005 0.431286 0.113383 0.133763 
0.00019977 2.74736e-07 0.0255862 0.0104864 0.0225977 1.88199e-07 0.00539159 0.744598 0.130704 0.0604356 
0.022687 0.00288782 0.0482852 0.0533879 0.0631648 0.0071623 0.0168621 0.712134 0.0413727 0.0320565 
0.00685023 0.00822152 0.0789741 0.0083116 0.000467681 0.00143055 0.00119135 0.454744 0.369806 0.0700033 
0.0233319 0.0020076 0.104473 0.0815215 0.000586562 0.000190236 0.156391 0.451843 0.064128 0.115527 
0.000185077 0.000147529 0.131724 0.0628099 0.000265246 0.000157132 0.053179 0.476027 0.00886454 0.266641 
0.137294 0.000148151 4.90629e-05 6.52529e-05 0.0652153 7.33084e-06 0.00437367 0.76171 0.0310987 3.79381e-05 
0.000426817 0.000248887 0.270679 0.00185811 0.00024236 0.0713835 0.154942 0.410785 0.0589316 0.0305027 
1.55844e-08 7.68049e-08 0.000601142 0.063905 0.000428566 2.22675e-05 0.0128999 0.776044 0.00645655 0.139643 
0.000492701 5.51183e-06 0.0110171 0.00197381 0.00144304 2.62885e-05 0.00475019 0.908289 0.0156335 0.0563684 
0.00467389 4.76535e-06 0.0443483 0.0271831 0.000249081 1.62186e-05 0.0535354 0.628534 0.0975352 0.14392 
0.0280666 0.136462 0.0408856 0.0138871 0.0204547 6.3878e-05 0.000974692 0.605405 0.108274 0.0455263 
0.0087908 8.39788e-09 0.0132528 2.34723e-05 1.34203e-05 5.60252e-07 0.0136219 0.730377 0.206244 0.0276753 
0.00068249 0.110406 0.0356408 0.0338142 2.55739e-05 7.4252e-07 0.00281919 0.429093 0.315209 0.0723093 
2.71444e-05 0.00284916 0.107669 0.0551706 0.10371 6.73286e-06 0.00782744 0.561464 0.0514478 0.109827 
5.41532e-07 3.69637e-05 0.0447836 0.124928 1.32068e-05 0.00121127 0.0409088 0.64388 0.0748806 0.0693567 
0.000631922 1.57575e-06 1.13184e-05 5.06379e-10 0.000276464 0.000275342 0.00150969 0.983063 0.00947257 0.00475824 
0.00961155 0.00210617 0.209325 0.153234 0.0198791 4.7325e-11 0.013228 0.383694 0.170137 0.0387847 
0.0336077 1.65383e-06 0.066434 0.0431686 0.0220824 2.3309e-07 0.0180697 0.620358 0.126874 0.0694038 
0.0399013 0.00320659 0.0471523 0.0209406 0.00293259 0.00164138 0.00981035 0.703171 0.107738 0.063506 
0.0239901 1.55461e-05 0.192366 0.0234689 0.00251683 6.50123e-07 0.0117236 0.54742 0.157096 0.0414031 
7.66103e-07 1.87633e-08 4.93801e-07 0.000393917 3.03285e-08 3.99393e-11 4.40079e-08 0.905588 0.0337014 0.0603149 
0.03123 9.9148e-05 0.0619702 0.0456698 0.00265509 0.00318661 0.00378942 0.386531 0.271011 0.193857 
0.00119772 8.90293e-05 0.0584312 0.068741 0.00882159 0.00210441 0.00141757 0.762368 0.0130931 0.0837363 
0.00247494 1.44484e-05 0.226749 5.86543e-05 1.07362e-07 3.54076e-07 0.0558237 0.567894 0.00996004 0.137025 
0.0172843 0.00143726 0.0214935 0.0116519 0.00223774 8.94752e-09 0.00149129 0.82494 0.0979112 0.0215525 
6.10015e-05 6.95733e-07 2.36358e-05 1.03055e-07 1.34298e-05 5.88446e-05 7.57214e-05 0.990819 0.00893592 1.19935e-05 
1.8121e-05 0.000166139 0.0181224 0.130331 0.00206967 0.000155898 0.00055619 0.694545 0.0319757 0.12206 
0.0171133 0.000518608 0.135329 0.192849 0.0358399 1.64422e-06 0.0751145 0.42662 0.0466969 0.0699169 
0.0594762 0.00123786 0.0680432 0.119989 0.0974074 1.7175e-07 0.0124282 0.371594 0.175172 0.0946525 
3.79087e-05 0.00233066 0.00868994 0.0247165 0.000170345 1.65501e-06 0.010292 0.786083 0.120099 0.0475791 
0.00127594 0.00865735 0.0398718 0.0586903 0.0198696 0.000219421 0.0297242 0.633327 0.00489943 0.203465 
0.0174173 5.52787e-05 0.00512891 0.000213892 5.11122e-06 1.71369e-05 0.0344457 0.627774 0.289324 0.0256188 
1.16327e-09 2.02066e-05 1.10802e-05 0.0822465 0.0128078 5.19977e-09 1.64807e-05 0.884414 0.00444455 0.0160396 
0.000525717 0.00380054 0.0649285 0.0117366 0.0721284 1.75875e-06 0.000233223 0.830119 8.39858e-05 0.0164427 
0.0329007 0.0643599 0.0806637 0.00110741 0.00298613 6.25758e-06 0.0509652 0.37387 0.0831126 0.310028 
0.00227071 0.0226839 0.12392 0.0865693 0.0030746 8.69939e-05 0.0162537 0.627711 0.00842466 0.109006 
0.0161211 0.00529785 0.148048 0.0359128 0.0025855 2.02506e-05 0.159934 0.630283 0.00168022 0.00011684 
0.0112199 1.61105e-05 0.0667586 0.0095951 0.00714055 5.14769e-06 0.00385235 0.801303 0.0541305 0.0459785 
7.39579e-07 7.93998e-10 2.28527e-06 0.0233443 0.00019876 0.00364733 0.00990655 0.696417 0.196586 0.0698975 
0.000789454 9.89989e-05 0.236791 0.0125854 0.120129 2.77201e-05 0.00912525 0.511276 0.0965875 0.0125894 
0.000430862 0.00157988 0.00130712 0.000751226 0.00196633 0.000423083 0.000281282 0.955167 0.0305195 0.00757382 
1.39256e-07 6.23039e-05 0.0220371 0.0752052 0.0345536 2.62842e-07 0.00290135 0.765821 0.00520646 0.0942126 
0.0514911 0.00563708 0.0795341 0.0426604 0.011538 5.60912e-05 0.0171983 0.610531 0.0841427 0.0972113 
0.0106755 0.00755437 0.141747 0.0153367 0.0015721 7.96344e-07 0.0209553 0.366453 0.122722 0.312983 
5.66751e-06 0.000261375 0.0778764 0.120172 0.000690171 3.26418e-06 0.0678394 0.52383 0.162491 0.0468308 
0.0215108 0.000460362 0.0762073 0.101934 0.0323278 0.000780767 0.022393 0.676372 0.0506244 0.0173894 
0.00455379 0.0135804 0.0149149 0.0376532 7.9863e-05 9.5889e-06 0.00220569 0.55743 0.180878 0.188695 
0.0108773 8.6727e-05 0.0335224 0.0234032 0.000161978 5.67821e-07 0.00296196 0.586649 0.318936 0.0234 
0.00162803 4.72306e-10 0.128968 7.73992e-08 0.000447397 4.28379e-10 5.82463e-05 0.73567 0.116995 0.0162331 
0.0099925 0.000420367 0.110196 0.00829486 0.000897954 4.9027e-05 0.0725348 0.466787 0.0263699 0.304457 
0.00272792 2.29171e-05 0.031144 0.0180253 0.0017718 2.13831e-07 0.00641169 0.845134 0.0642648 0.0304971 
0.00564273 1.84197e-05 0.0144566 0.158876 0.0132492 4.04969e-05 0.00617599 0.577838 0.0537316 0.169972 
5.71255e-05 0.000654677 0.00673345 0.00250847 0.0117677 1.74431e-05 0.0705221 0.770104 0.011207 0.126428 
0.0770049 8.82391e-08 0.252438 0.0285456 8.79387e-05 2.70934e-08 0.0152326 0.263854 0.197877 0.16496 
0.0187862 7.7628e-06 0.104095 0.0339885 0.000206933 0.000361683 0.318734 0.457997 0.0446516 0.0211705 
0.000278695 0.000352946 0.0839263 0.000525786 0.00116883 0.00885576 0.0107131 0.821657 0.00673229 0.0657897 
0.0123579 0.000303152 0.248043 0.10563 0.00193838 0.0683219 0.0207145 0.330516 0.13086 0.0813152 
0.00201954 3.63214e-05 0.00264011 0.00474569 0.000814181 0.000781366 0.00250518 0.942648 0.0153469 0.0284626 
0.0634171 2.34008e-06 0.0836649 0.029529 0.144017 4.0069e-06 0.00216499 0.369627 0.127772 0.179802 
2.50118e-07 0.000191361 0.000173908 1.14828e-11 0.000818932 2.67253e-07 6.36868e-08 0.998608 0.000207357 2.13994e-07 
0.00239833 0.00391457 0.0766167 0.159096 0.00367915 1.43141e-05 0.0794909 0.571088 0.00631903 0.0973827 
0.000146253 0.000143281 0.0330434 0.0400985 0.000191534 0.0459822 0.125233 0.647795 0.0730287 0.0343388 
0.00193102 4.75426e-06 0.0487687 0.00237528 0.000525042 4.11703e-06 0.00300501 0.73458 0.0671362 0.14167 
0.00136826 1.36747e-05 0.0522184 0.0500806 0.00293681 8.08922e-09 0.00796491 0.86869 0.0106151 0.00611184 
0.00239116 0.000226124 0.0102841 0.148146 0.0317539 0.00555604 0.0780768 0.512306 0.0255683 0.185691 
0.000515485 0.13651 0.15391 0.027684 0.0824217 0.00124743 0.0161221 0.517064 0.0297916 0.0347335 
0.00929559 0.000411382 0.0614918 0.0135668 0.00205367 0.122064 0.0150192 0.626425 0.0278179 0.121855 
0.0360341 1.11837e-05 0.188155 0.0357437 0.0206901 9.15393e-06 0.0171642 0.43484 0.20104 0.0663128 
0.00194827 2.17425e-07 0.100315 0.00206874 0.000597182 0.000209899 0.00338159 0.675142 0.0690856 0.147251 
0.00154289 0.000130316 0.0438829 0.0443885 0.00213666 9.05865e-07 0.000876537 0.806838 0.0795863 0.0206173 
0.00173608 1.3635e-06 0.000291758 0.00432953 0.00167067 0.000114759 0.000137089 0.970379 0.00883105 0.0125082 
0.0272078 1.94546e-05 0.151464 0.0245236 0.0112989 0.000157264 0.0279106 0.386804 0.16016 0.210454 
0.00014567 7.40139e-06 0.00347259 0.00529087 0.000144616 1.02078e-06 0.0900332 0.772026 0.00796615 0.120913 
0.000617441 0.0014098 0.0712912 0.114388 0.00152072 0.0279725 0.0279167 0.63535 0.0693084 0.0502254 
0.0253824 0.000144094 0.0309738 0.0373832 0.00474649 1.52757e-05 0.00182919 0.704593 0.149918 0.0450147 
0.000201188 1.2337e-07 0.0113287 0.00950392 0.000396405 0.0607084 0.00738714 0.713468 0.0110614 0.185945 
0.00068604 2.88716e-05 0.127452 0.0148782 0.000539596 1.50649e-06 0.0534749 0.412619 0.117522 0.272797 
0.000395669 5.7728e-09 0.0833513 0.0128525 0.000303361 0.00354714 0.00719192 0.677598 0.189224 0.0255363 
0.000999534 0.00398924 0.0487552 0.0632631 0.00137558 1.08778e-05 0.0223864 0.737767 0.0763655 0.0450876 
0.0278677 0.000186355 0.300157 0.0440746 0.00166678 7.02697e-06 0.0534128 0.475476 0.0297551 0.0673973 
0.0121992 1.67738e-06 0.0604152 0.00672353 0.000357894 1.98645e-05 0.00441214 0.736419 0.0325168 0.146935 
1.42462e-06 0.219912 0.0956573 0.0510624 0.00523323 1.17148e-08 0.0139352 0.604804 0.00767321 0.00172078 
5.29963e-06 6.38412e-05 0.0215831 0.0260081 0.000368327 2.00108e-09 0.0131725 0.622283 0.0522871 0.264228 
0.0101657 0.000142444 0.245853 0.0736657 0.115161 0.000112221 0.0386903 0.415912 0.0544412 0.0458563 
0.000108724 2.2644e-05 0.011344 0.00441562 0.319782 9.08659e-09 0.00752561 0.564681 0.00194188 0.0901784 
0.00108064 2.28535e-09 0.00375657 0.20629 0.000219157 4.57929e-07 0.0400915 0.521349 0.179466 0.047747 
0.00760111 0.0161562 0.142375 0.024276 0.000994963 0.000114266 0.00153722 0.484435 0.222937 0.0995728 
0.0233187 1.25028e-05 0.0524803 0.0245244 2.4652e-06 4.21194e-06 0.0436669 0.510949 0.173796 0.171246 
0.00522863 5.70159e-06 0.0490559 0.00412122 0.000115023 0.00250842 0.00361138 0.8222 0.0107474 0.102406 
0.00313039 6.33936e-08 0.00422916 0.000138282 3.55022e-05 0.000796711 0.00392151 0.867563 0.070069 0.0501164 
0.00604589 0.213182 0.0910713 0.196838 0.0219943 2.49223e-07 0.125865 0.234694 0.014712 0.0955969 
7.59523e-06 9.52527e-06 0.0403341 1.9765e-05 1.49347e-06 8.88338e-06 0.000781499 0.921315 0.00473128 0.0327906 
0.0311043 0.0014344 0.00346551 0.0165625 0.00396994 0.000307796 0.00341772 0.72525 0.211048 0.0034401 
0.00833179 4.23741e-06 0.0267433 0.0272811 0.255342 0.00419352 0.000233056 0.661 0.0051493 0.0117208 
5.12323e-05 0.000223079 0.00876116 0.114016 5.78247e-05 9.12407e-05 0.0452823 0.747573 0.0160049 0.0679386 
0.000235293 1.19534e-07 0.000522425 1.77059e-08 3.28737e-08 1.08417e-07 2.28323e-08 0.996192 0.00273924 0.000310345 
0.00313039 6.33936e-08 0.00422916 0.000138282 3.55022e-05 0.000796711 0.00392151 0.867563 0.070069 0.0501164 
0.0064862 0.00210365 0.123492 0.0633291 0.00983581 2.95372e-06 0.0112531 0.370805 0.164075 0.248616 
0.00238841 0.00550168 0.118272 0.224956 0.0366247 2.50045e-05 0.105382 0.40331 0.0474809 0.0560586 
0.00369136 1.29752e-06 0.0139518 0.0507674 0.00825283 1.4412e-07 0.288804 0.451055 0.0821858 0.10129 
0.0259125 0.063515 0.104273 0.00265611 0.00186527 3.66617e-08 0.0867301 0.397187 0.24784 0.0700212 
6.6253e-06 0.000638835 0.0118189 0.000848035 0.0545228 0.000957942 0.000523122 0.930626 1.64371e-05 4.12487e-05 
0.0389231 0.00305692 0.081434 0.135477 0.00537719 0.122567 0.0794796 0.284654 0.0803968 0.168634 
0.00973126 0.000181056 0.0769714 0.239133 0.000750513 0.00155341 0.194519 0.254667 0.131227 0.0912666 
0.00357031 2.5422e-06 0.0261623 0.00812531 8.45074e-06 2.8246e-06 0.002285 0.924943 0.0113913 0.0235089 
0.0178042 2.81685e-08 0.01293 0.000406277 0.0013812 3.82861e-06 0.000726084 0.784858 0.148306 0.0335845 
0.000115671 0.0124362 0.0851783 0.00659353 0.00115514 0.00106791 0.0405679 0.647814 0.0726761 0.132395 
1.47522e-06 1.35892e-10 0.00927032 0.0195024 0.12913 1.23253e-10 5.73958e-05 0.671502 0.146287 0.0242496 
3.5831e-06 0.0170675 0.0309734 4.88279e-05 0.0021567 0.00205087 8.43611e-08 0.923613 0.024083 2.46779e-06 
0.000396261 7.46772e-06 0.00216779 0.0656282 0.000147035 7.74981e-06 0.021184 0.889726 0.000182203 0.0205536 
0.014362 0.100799 0.08191 2.86933e-05 4.78825e-05 7.32571e-05 0.00439598 0.58435 0.098212 0.115821 
0.0270261 0.00929421 0.0789073 0.0154149 0.000429567 0.000785562 0.000784728 0.454844 0.154467 0.258046 
4.63001e-07 0.0163204 0.0452422 0.0147511 0.00062815 4.86337e-07 0.070646 0.69512 0.139861 0.0174307 
0.00679235 0.000417985 0.109085 0.0597447 0.379569 2.90392e-08 0.00234227 0.408346 0.0209795 0.0127235 
0.0134244 0.00218112 0.053239 0.0811733 0.0151753 3.91789e-06 0.0207036 0.717488 0.082535 0.0140767 
0.0141103 0.000274197 0.0832056 0.25377 0.0101369 2.04383e-05 0.0257301 0.427982 0.153824 0.0309461 
0.00935332 2.40584e-05 0.228095 0.115585 0.00941611 4.98852e-11 0.0071184 0.463058 0.133165 0.0341858 
1.87711e-05 3.30289e-07 0.000540657 0.000841093 0.004974 0.00131676 6.30889e-08 0.514526 0.477553 0.000228426 
0.0208402 6.23496e-05 0.278428 0.0416498 0.00140681 7.24843e-05 0.0618865 0.341047 0.034323 0.220284 
0.331466 8.83877e-05 0.000780346 2.90876e-09 5.40057e-09 5.8794e-05 0.0510676 0.614881 0.00099527 0.000663498 
1.0766e-05 4.04065e-05 0.0566426 0.000313489 0.00223543 4.14649e-05 0.00200891 0.76958 0.117577 0.0515493 
0.0242385 0.143377 0.0886207 0.000287964 0.000736979 5.38635e-07 0.00120273 0.396382 0.28483 0.0603241 
0.00617362 4.00801e-05 0.000151165 0.000124627 0.000402245 7.61204e-06 0.00123416 0.90413 0.0786687 0.00906805 
7.99195e-05 2.24812e-05 0.0737242 0.0932978 1.63122e-05 8.57775e-06 0.00163648 0.655706 0.0367055 0.138802 
1.40057e-08 6.90247e-08 0.000545035 1.02242e-08 3.03915e-05 0.000250483 0.00139493 0.99731 2.39631e-05 0.000444865 
0.00100111 0.000133202 0.0204915 0.00824202 0.000793975 0.361805 0.147966 0.372194 0.0355268 0.0518463 
0.0287443 0.000166604 0.348507 0.0354722 0.0210398 6.79439e-05 0.0529395 0.349377 0.0361115 0.127574 
0.00660104 0.00101661 0.0686132 0.0905494 0.000121719 0.000241609 0.0395397 0.666548 0.0736989 0.0530696 
0.000153382 0.00158122 0.13406 0.0516066 0.00510741 0.00670658 0.0323281 0.666269 0.0335907 0.0685979 
0.0021887 0.00117021 0.0311104 0.0106452 0.000313068 0.000746706 0.0121967 0.59428 0.300631 0.0467174 
0.00083025 0.000905926 0.275185 0.267602 0.00114856 3.08003e-06 0.0815619 0.338582 0.00605281 0.0281275 
0.0209329 1.19838e-05 0.175547 0.278108 0.000446478 3.26463e-06 0.0269976 0.304188 0.0399394 0.153826 
0.0133613 0.000114304 0.0151658 0.102233 0.0290243 9.20918e-05 0.0108377 0.523515 0.262804 0.0428528 
6.28184e-05 0.000548554 0.111179 0.0147216 0.131325 0.000522306 0.023149 0.708539 0.000227073 0.00972594 
0.036141 0.00396891 0.0511168 0.0180171 0.000289907 0.00761842 0.000555922 0.604719 0.157294 0.12028 
0.0181514 0.00871899 0.0693955 0.00669881 0.00890834 6.76951e-06 0.00106834 0.720789 0.0931967 0.0730665 
0.0351465 0.0237545 0.258313 0.0455292 0.0012526 1.74571e-05 0.00641904 0.41369 0.0407728 0.175105 
2.57556e-09 0.0236947 0.0159771 0.00971084 0.00161806 1.15127e-08 2.42454e-09 0.914608 0.034379 1.22155e-05 
0.00048239 9.15341e-06 0.0861433 0.00117431 0.000829976 1.72251e-05 0.102912 0.673686 0.0284546 0.106291 
0.00078053 0.0145875 0.234584 0.0663806 0.0221476 1.60274e-10 0.00300951 0.617077 0.00288355 0.0385497 
4.17081e-06 7.98807e-07 0.0026211 0.000115244 0.000123734 5.12517e-06 0.0146354 0.931566 0.050928 5.5535e-07 
0.0216976 0.0449849 0.0148001 0.00744525 0.0474436 8.40518e-05 0.00283746 0.696118 0.0626869 0.101902 
0.020135 0.0121271 0.00757574 1.75496e-05 0.00508463 3.42295e-05 0.00699505 0.674302 0.123404 0.150324 
0.0647247 1.07779e-05 1.07867e-05 0.010797 1.07849e-05 1.07788e-05 0.0755109 0.345155 0.285861 0.217909 
0.00110139 8.71429e-09 0.0977794 0.0102275 0.000854919 7.9038e-09 1.87381e-05 0.541175 0.231997 0.116847 
0.000126239 9.94859e-05 0.359997 0.000104455 3.72115e-05 0.00140704 0.017048 0.573999 0.000292687 0.0468884 
0.00148322 1.79447e-05 0.0469219 0.00837729 0.00335019 0.00336565 0.00149991 0.858952 0.0372912 0.0387402 
0.000290641 4.45418e-08 0.0173957 0.000537362 0.00119131 1.22197e-09 0.000350162 0.7878 0.0966533 0.095781 
0.0016658 0.000275899 0.0385701 0.0761036 0.00091822 0.00472151 0.0171938 0.497661 0.101504 0.261386 
0.0233675 0.0028083 0.121275 0.0655483 0.000212451 0.000102719 0.0929887 0.352752 0.171231 0.169714 
0.00111526 0.000540875 0.0834917 0.101938 0.00158834 1.29555e-05 0.00269041 0.690929 0.0288834 0.0888102 
0.0421038 0.000188117 0.125402 0.108642 4.7966e-05 1.20685e-07 0.0244425 0.455396 0.164406 0.0793718 
