0.00533305 0.0905172 0.209744 0.120559 0.0136474 4.53138e-07 0.00412692 0.190144 0.265874 0.100054 
0.0164333 2.22457e-08 0.0132427 0.00632291 3.99442e-05 0.00077121 0.000364573 0.047465 0.893578 0.0217826 
0.11036 0.00505778 0.0672805 0.0516815 0.0225648 0.00950882 0.0288644 0.118119 0.399713 0.18685 
0.000789119 3.51547e-05 0.0106678 3.90094e-08 0.00392636 2.64985e-05 0.0015943 0.232441 0.733888 0.0166321 
0.000711353 0.00140651 0.00321307 0.0392847 0.0540784 6.34676e-06 0.00427848 0.043508 0.849641 0.00387214 
0.0398734 0.0456585 0.0542422 0.031203 0.0178946 1.74408e-06 0.0236687 0.0343428 0.659036 0.0940788 
0.00752698 4.17522e-07 0.0152038 0.00283457 7.56622e-06 6.14991e-09 0.00054355 0.00237165 0.780254 0.191258 
0.0388053 0.00758849 0.0188961 0.0104893 0.0116039 1.07704e-06 0.0165879 0.00547777 0.809416 0.081134 
0.0242901 3.60935e-05 0.291269 0.0598986 3.99473e-05 2.04805e-05 0.00561059 0.0645507 0.297539 0.256745 
0.117337 0.000118334 0.0834429 0.108932 7.07735e-05 6.79081e-05 0.0179921 0.0116698 0.385147 0.275222 
0.00315456 0.0132764 0.167881 0.0136325 0.00113538 6.94397e-05 0.139917 0.258068 0.2994 0.103466 
0.0751236 0.00226672 0.0428602 0.0286583 0.000805708 0.000129881 0.00592247 0.0510706 0.722362 0.0708001 
0.0342315 0.0020099 0.105529 0.0127148 6.69037e-05 2.73585e-06 0.0772064 0.0315036 0.371081 0.365655 
0.000284021 0.000160614 0.132051 0.115504 2.67579e-07 8.81787e-07 0.142953 0.163911 0.268656 0.176478 
0.00187873 0.000227704 0.00908467 0.180414 0.0735278 5.13459e-06 0.00760129 0.00816175 0.383433 0.335666 
0.0934508 0.0205668 0.0108385 0.00561648 0.000485983 0.000181112 0.000542841 0.0464368 0.794484 0.0273965 
0.029752 0.00152814 0.00552903 0.00672993 0.000346199 1.84097e-05 0.0040165 0.014274 0.876005 0.061801 
0.0319297 0.000676618 0.0206788 0.0280869 2.93869e-06 3.87356e-07 0.0551848 0.343015 0.499176 0.0212498 
0.0760481 0.00508821 0.00717293 0.00460056 0.000628042 9.93213e-06 0.00217698 0.0248978 0.757818 0.121559 
0.303438 0.000356596 0.0729675 0.0190384 0.00023206 1.58505e-06 0.0203787 0.0339111 0.38562 0.164056 
0.13426 0.0067357 0.0442518 0.0286513 0.00304009 0.000937079 0.012182 0.0416639 0.609113 0.119164 
0.408313 0.000811029 0.0609716 0.00962324 2.05673e-05 1.11326e-08 0.00337607 0.0419056 0.41791 0.0570689 
0.00240974 0.000431607 0.00478907 0.000647309 7.42472e-05 1.98715e-10 0.00155288 0.00481263 0.940647 0.0446351 
0.0238765 0.00366965 0.00664888 0.000103228 0.000137551 4.85439e-06 0.000188546 0.000480904 0.913076 0.0518139 
0.0141214 2.71813e-05 0.0628612 0.00281819 0.000466189 6.88288e-07 0.00204478 0.0307238 0.75898 0.127956 
0.0162918 5.1136e-05 0.0160635 0.00449792 1.38222e-06 2.98506e-06 0.00195469 0.00199451 0.820687 0.138455 
0.04154 4.83846e-06 0.00462469 0.0218633 7.55332e-08 4.89398e-09 0.000128916 0.00267416 0.769111 0.160053 
0.000318387 0.000144591 0.0580596 0.0261931 0.000190739 9.00403e-08 0.000212627 0.244142 0.414322 0.256416 
0.0470721 0.000183806 0.306872 0.0117743 4.95072e-07 2.01467e-09 0.00282899 0.0629578 0.443797 0.124514 
0.0409263 0.0408205 0.0427637 0.0263364 0.000323203 0.00180479 0.0144661 0.0330444 0.713255 0.0862597 
0.00279045 5.19211e-05 0.0129472 0.0179125 2.80408e-06 3.67431e-06 0.000499697 0.0027865 0.889524 0.0734816 
0.00110278 0.000348605 0.071835 0.0493785 0.0438975 8.55354e-07 0.00302539 0.045948 0.426165 0.358298 
0.0150295 1.67888e-05 0.0444359 0.0137037 0.0830683 0.000250837 0.0142438 0.210292 0.545983 0.0729757 
0.0604272 0.0146657 0.0225268 0.0108223 0.000485011 0.0162816 0.00625675 0.0368829 0.661629 0.170023 
0.0193737 3.50635e-05 0.0252405 0.0545862 0.000521626 5.64437e-05 0.0565532 0.142402 0.621832 0.0793988 
0.221487 3.7906e-05 0.00747656 0.0166959 0.000236991 1.24508e-08 0.00172267 0.0167839 0.67086 0.0646994 
0.00248779 2.55765e-08 0.0260218 8.36253e-05 0.000352817 5.62434e-10 0.0820122 0.00734402 0.873467 0.00823093 
0.164467 0.000939698 3.36771e-07 0.000622213 2.8752e-05 3.959e-09 2.31857e-08 0.0228349 0.810882 0.00022565 
0.0379678 0.131098 0.0240138 0.0223739 0.00013708 0.000100415 0.00288076 0.140731 0.552701 0.0879959 
0.0481534 0.154016 0.240127 0.0247023 0.000111277 1.33986e-07 0.014075 0.112523 0.292886 0.113406 
0.0339785 0.000209246 0.0356929 0.000759691 0.0013386 8.69563e-06 0.00779626 0.22707 0.539696 0.15345 
0.326691 0.00168044 0.0166032 0.00388004 0.0489407 2.33436e-06 0.00267575 0.0738378 0.437106 0.0885828 
0.0433572 0.000154155 0.00343281 0.185298 9.27745e-05 1.28709e-10 0.00656847 0.11087 0.554206 0.0960203 
0.00296363 0.000285064 0.11843 0.0796751 0.00782636 1.57579e-06 0.0114915 0.0588924 0.433517 0.286917 
0.0390212 3.15426e-07 0.121221 0.0139493 3.94238e-06 2.04169e-09 0.009118 0.010301 0.57667 0.229716 
0.407641 0.00611483 0.00974191 0.00744393 0.000287584 1.25246e-05 0.000936272 0.00636193 0.506575 0.0548842 
2.07291e-06 5.37656e-10 2.45843e-06 1.78234e-05 4.73311e-07 4.99846e-05 4.83719e-06 0.155885 0.66693 0.177107 
0.00817901 0.000774948 0.00566283 0.0785932 6.92137e-05 3.65507e-07 0.000137979 0.00675331 0.878751 0.021078 
0.0968525 5.72415e-05 0.0633464 0.00335399 3.70508e-06 1.56407e-08 0.000552494 0.0456668 0.590712 0.199454 
0.00134297 3.72487e-06 0.0531679 0.0253344 0.000105408 3.22865e-07 0.0125624 0.149063 0.671519 0.0869004 
0.0728459 2.12611e-05 0.00218034 0.00192654 7.3445e-05 3.97665e-08 0.00804507 0.00539117 0.902102 0.00741385 
0.00926579 0.000549029 0.050759 0.205944 0.000249191 7.68273e-08 0.00483785 0.164649 0.462477 0.101269 
0.161335 0.000547451 0.00360806 0.000536652 0.000301286 1.98312e-07 1.11906e-05 0.0145813 0.763566 0.0555131 
0.0144744 0.0026516 0.0240864 0.0155384 0.00013401 2.11492e-05 0.0114588 0.0246246 0.81573 0.0912806 
0.00207065 1.52273e-05 0.0285261 0.308505 0.000740101 8.18746e-06 0.0169604 0.251662 0.311867 0.0796444 
0.00219863 0.000168002 0.21812 0.0611467 0.00151073 6.19457e-07 0.0873358 0.136104 0.264243 0.229173 
0.416823 0.024068 0.0203917 0.00579116 2.5766e-05 1.47195e-05 0.00218782 0.00691993 0.453434 0.0703437 
0.0686225 0.000773118 0.0189338 0.0184702 0.00015643 0.0081846 0.0213605 0.0201092 0.775086 0.0683039 
0.00815929 0.00165947 0.0916778 0.0501536 0.000148283 9.13457e-05 0.0227419 0.158066 0.562807 0.104496 
0.14142 4.66406e-07 0.00362835 0.0025731 3.49633e-05 7.37561e-09 3.92216e-08 0.00464722 0.840646 0.00704997 
0.0331446 0.00313882 0.0160086 0.00295498 0.000227493 2.20668e-05 0.0320686 0.00212648 0.857095 0.0532134 
0.15764 7.16004e-08 0.00153085 4.26978e-07 1.14886e-11 3.78891e-11 0.000225657 0.00499448 0.83403 0.0015788 
0.12193 0.00520392 0.0741985 0.0391444 0.00476713 0.000276531 0.0378379 0.058799 0.498355 0.159488 
0.0238765 0.00366965 0.00664888 0.000103228 0.000137551 4.85439e-06 0.000188546 0.000480904 0.913076 0.0518139 
0.0505141 9.08781e-05 0.0274565 0.0467449 0.0010456 3.43463e-05 0.0194721 0.0334858 0.716965 0.104191 
0.0208079 0.0103556 0.00997397 0.0223398 1.26576e-05 2.86447e-06 0.00202201 0.0127005 0.873901 0.0478839 
0.0293168 0.00397454 0.00831109 0.000129034 0.000160687 6.06643e-06 0.000235679 0.000587221 0.892639 0.0646395 
0.247364 0.000592412 0.0441358 0.00215903 0.000623298 3.44512e-06 0.00090189 0.0287269 0.616189 0.059304 
0.0117805 0.00281601 0.0137442 0.0152293 0.000576414 3.08882e-06 0.0107308 0.0117194 0.917453 0.0159472 
0.0122319 0.00338687 0.0996904 0.144406 0.00063059 4.409e-08 0.00323331 0.026005 0.601911 0.108505 
0.0636506 0.037479 0.189811 0.0214902 0.000835176 0.000144156 0.154101 0.108485 0.299 0.125005 
0.279364 0.0548311 6.75721e-05 0.000432469 3.85157e-07 6.10464e-10 0.00342241 0.000292155 0.652903 0.00868712 
0.0238765 0.00366965 0.00664888 0.000103228 0.000137551 4.85439e-06 0.000188546 0.000480904 0.913076 0.0518139 
0.00779043 0.0179556 0.030835 0.0032405 3.0046e-05 0.00217781 0.0274 0.376525 0.378059 0.155987 
0.398754 8.17117e-05 0.0244689 0.00565912 0.0020665 7.66246e-09 0.0139516 0.0061351 0.411355 0.137529 
0.226285 2.8005e-07 0.22578 0.00396761 0.000952843 1.76616e-07 0.0030441 0.0187708 0.507762 0.013437 
0.0246068 1.24427e-07 0.288762 0.0171468 6.12123e-08 0.00131806 0.00370492 0.0235867 0.554576 0.0862981 
0.051366 0.000104504 0.0469172 0.0481235 0.00117621 9.26263e-06 0.00174351 0.0150544 0.807332 0.0281733 
0.00247886 1.60087e-07 0.0315693 7.32965e-05 0.000128787 1.20502e-07 0.00105369 0.0916553 0.852922 0.0201181 
0.0878521 4.1992e-05 0.0124395 0.00318563 4.30139e-05 2.73575e-05 0.0257264 0.00609285 0.745608 0.118983 
0.00986909 2.37178e-05 0.0215707 0.00146861 3.51037e-05 2.67264e-07 0.0203281 0.000612176 0.895638 0.0504545 
0.0432701 0.0219178 0.0721246 0.0955089 0.0757713 1.19749e-05 0.0163531 0.20969 0.357332 0.10802 
0.294875 0.00606629 0.0128501 0.00576726 0.000249736 5.97411e-06 0.00786474 0.04065 0.526345 0.105326 
0.000284862 1.31305e-07 0.0079815 0.00165191 0.00096737 5.29671e-09 0.000109545 0.0672622 0.860188 0.0615545 
0.0498333 2.5301e-05 0.152352 0.0445493 0.00117537 3.32108e-06 0.0329819 0.0853797 0.357118 0.276582 
0.00340236 0.00406548 0.0043584 0.0125099 3.50133e-05 7.65676e-08 0.0039775 0.00406433 0.904265 0.0633216 
0.313254 1.14176e-05 0.0106287 0.0202048 5.40883e-05 1.48206e-05 0.0036543 0.00479424 0.515872 0.131512 
0.00314513 0.0026657 0.0367263 0.0151031 0.0478926 0.0323312 0.0320641 0.369997 0.37152 0.0885552 
0.033157 0.00671857 0.0103943 0.00651163 0.00311439 3.20088e-08 0.000359085 0.0972487 0.829257 0.0132397 
0.0533655 0.0975782 0.0350993 0.00946247 0.000992048 0.000642054 0.00907352 0.039172 0.607131 0.147484 
0.0942541 0.0256586 0.0648302 0.0234704 0.00413936 2.08859e-05 0.0151613 0.061477 0.572913 0.138075 
0.0190493 0.00428141 0.0104673 0.001164 0.000130085 5.99928e-06 0.000559861 0.000923079 0.905321 0.058098 
0.0470721 0.000183806 0.306872 0.0117743 4.95072e-07 2.01467e-09 0.00282899 0.0629578 0.443797 0.124514 
0.0459231 0.0881265 0.0467321 0.00726281 0.000921842 1.12445e-08 0.0259881 0.0149668 0.641297 0.128782 
0.146849 3.65086e-07 0.203476 0.044625 0.00234584 3.8596e-09 0.010859 0.181873 0.401255 0.00871758 
0.000703513 0.00278766 0.0265049 0.0506042 3.37194e-05 6.47263e-08 0.00158885 0.0360604 0.73509 0.146627 
0.00438352 4.90884e-05 0.134164 0.0928077 0.000263311 0.000492266 0.0309263 0.0099134 0.615168 0.111832 
0.196865 0.000468686 0.0392624 0.00181484 6.34692e-08 2.0968e-05 0.000107795 0.012892 0.740783 0.0077849 
0.00377161 4.23834e-09 0.011395 0.000400346 5.53833e-05 3.44966e-09 0.00138935 0.00322689 0.929663 0.0500979 
0.00147908 0.0090224 0.0794438 0.14892 0.00440796 0.00051224 0.033987 0.281925 0.286107 0.154195 
0.15764 7.16004e-08 0.00153085 4.26978e-07 1.14886e-11 3.78891e-11 0.000225657 0.00499448 0.83403 0.0015788 
2.42287e-05 4.78568e-05 0.104541 1.71824e-05 1.09465e-05 4.70579e-05 0.000329871 0.00016702 0.894553 0.000261475 
0.0238765 0.00366965 0.00664888 0.000103228 0.000137551 4.85439e-06 0.000188546 0.000480904 0.913076 0.0518139 
0.0186912 0.00229007 0.0173577 0.0492519 4.60997e-05 2.0981e-06 0.00726292 0.102085 0.601894 0.201119 
0.000114605 4.6408e-06 0.0294211 0.0397239 6.43706e-06 4.39199e-08 0.0279717 0.063722 0.677401 0.161635 
4.54604e-07 0.00933774 0.0878545 0.198629 0.0307275 2.90608e-05 0.174521 0.199842 0.256678 0.0423801 
0.136833 0.00712951 0.0471255 0.0488696 0.000618042 2.90579e-08 0.0336042 0.0284806 0.408263 0.289076 
0.0238765 0.00366965 0.00664888 0.000103228 0.000137551 4.85439e-06 0.000188546 0.000480904 0.913076 0.0518139 
4.99821e-05 1.60225e-05 0.00172142 0.00386186 8.92966e-08 1.15159e-09 0.00103615 0.000302713 0.7868 0.206212 
0.1295 0.0190769 0.119523 0.113489 0.0104509 4.65264e-05 0.18643 0.109907 0.233577 0.0780004 
0.0267741 0.0013707 0.05609 0.0735306 0.0012817 0.00119277 0.0126781 0.059885 0.672427 0.0947701 
0.00151406 9.23427e-05 0.0546536 0.158777 0.000420492 1.27392e-05 0.224642 0.131158 0.361761 0.0669699 
0.000937567 0.00544974 0.000266505 4.25104e-05 0.000189764 3.90482e-05 5.50822e-05 0.000179123 0.989689 0.00315216 
0.0219362 0.00652671 0.00626696 0.0102794 0.00332466 3.97436e-06 0.000442821 0.00363002 0.839534 0.108055 
0.119964 0.0032785 0.0112268 0.00126625 0.000135987 9.4968e-07 0.000780405 0.000655539 0.794622 0.0680697 
0.00690861 0.00212998 0.0206198 0.000980069 1.83021e-06 1.375e-06 0.0422358 0.0170456 0.845822 0.0642549 
0.0185004 0.00237728 0.112422 0.0989416 0.0021323 7.42779e-08 0.00526885 0.143369 0.417999 0.198989 
0.0248005 0.00352001 0.0293411 0.00633691 6.34808e-05 3.68682e-07 0.00466324 0.00336804 0.727579 0.200328 
0.00296104 2.23098e-06 0.0392976 0.0650861 0.000293227 2.75202e-05 0.116579 0.0548004 0.430844 0.290109 
0.00106954 2.23926e-07 0.327842 0.0265783 6.55332e-12 3.99976e-08 0.00211374 0.147316 0.35515 0.13993 
0.0046943 7.34916e-06 0.00031554 0.00243397 1.28318e-06 5.9938e-07 5.75748e-08 0.00079813 0.985316 0.00643284 
0.101689 0.00348728 0.0205094 0.0170328 0.01219 0.00136173 0.00585351 0.0266903 0.748948 0.062238 
0.000376346 3.91931e-07 0.0220188 0.160768 5.44853e-06 2.53697e-10 0.0087495 0.0336892 0.738883 0.0355095 
0.0203901 0.00686838 0.0432004 0.0108444 0.000717165 8.80079e-05 0.00702644 0.0509631 0.675938 0.183964 
0.0216842 1.12267e-06 0.353481 0.0216853 0.00573049 1.12276e-06 1.12349e-06 0.0552768 0.450113 0.0920255 
0.0482824 4.14333e-07 0.0166607 0.000171154 1.41792e-07 4.80025e-10 9.23364e-07 0.199252 0.656131 0.0795012 
0.000677111 0.00103648 0.113225 0.0532536 0.000167995 0.0668065 0.0462245 0.0912192 0.497837 0.129553 
0.052572 7.70969e-07 0.129534 0.00213643 0.000251014 1.1381e-08 0.0017735 0.0569987 0.491076 0.265658 
0.0675366 0.0110058 0.175593 0.00509675 0.000353979 1.37336e-05 0.0394319 0.0365609 0.414884 0.249523 
0.0945103 0.0052762 0.0117443 0.0209853 0.00207746 2.37247e-06 0.00843326 0.0152603 0.667465 0.174245 
0.00699517 0.000148188 0.0149886 0.00217683 7.21393e-05 1.58699e-07 0.00225128 0.00323811 0.91513 0.0549997 
0.00273648 1.83398e-07 0.0783574 0.0719957 1.03033e-05 1.88615e-06 0.00279844 0.00547041 0.783327 0.0553018 
0.00941374 1.94415e-05 0.0193737 0.00535902 0.00039334 0.000665825 0.101805 0.0501704 0.524403 0.288396 
0.0297921 0.0334042 0.0198654 0.062815 0.0057226 0.00121075 0.0238792 0.264087 0.531704 0.0275198 
0.0051911 0.00124132 0.302128 0.0721892 0.000140727 0.000315336 0.0465551 0.0352605 0.309264 0.227715 
0.209966 0.0379218 0.137216 0.0498452 0.000360248 7.07983e-09 0.00164548 0.0361702 0.51619 0.0106853 
0.343145 0.0764829 0.000793393 5.88155e-05 7.79437e-07 8.51506e-12 0.000946624 0.000640981 0.562732 0.0151993 
0.00214664 1.4951e-06 0.0311418 0.0093701 2.56638e-05 3.09932e-09 0.00283734 0.395605 0.415423 0.143449 
0.0354711 2.31168e-05 0.109021 0.101365 5.97878e-05 1.93958e-06 0.0225798 0.218031 0.282525 0.230923 
0.059934 0.0003202 0.0936074 0.0250848 0.0329226 0.0100003 0.00952565 0.208591 0.37944 0.180573 
0.00602268 6.05116e-10 0.276548 0.000211865 1.95774e-10 1.61375e-13 2.19279e-05 0.00341151 0.444344 0.26944 
0.133193 2.0757e-05 0.00375907 0.00147213 0.000341889 0.000299654 0.0325101 0.0405712 0.74535 0.0424822 
0.0419401 0.00113254 0.024052 0.0836158 0.00012933 9.58688e-06 0.0173731 0.120307 0.575185 0.136255 
0.0237584 5.98997e-09 0.0944159 0.025234 0.000411797 7.6777e-10 0.00483489 0.01105 0.760299 0.0799963 
0.0389818 0.00258773 0.0371212 0.0172058 0.000833505 0.000232239 0.0272814 0.0426112 0.756575 0.07657 
0.026645 0.0010914 0.0194753 0.0361042 0.0084845 4.44536e-06 0.0440673 0.0469289 0.566697 0.250502 
0.00189925 0.00930517 0.118611 0.0361634 0.000517606 2.98038e-06 0.0306424 0.331375 0.386306 0.0851769 
0.0150183 0.000580076 0.0347136 0.0911385 0.000619566 1.44194e-06 0.0237803 0.057875 0.485545 0.290728 
0.00082148 7.18206e-10 0.014069 0.0350671 3.37474e-06 1.29902e-05 0.000515152 0.00186363 0.800994 0.146654 
0.0645335 1.81176e-06 0.11292 0.00092442 0.000286176 5.57281e-05 0.0145479 0.226015 0.412915 0.167801 
0.244436 0.00412911 0.105084 0.0310892 0.000142394 5.57305e-06 0.00289843 0.183131 0.362612 0.0664719 
0.00381415 1.84418e-09 0.0480312 0.00786409 5.66842e-07 0.00010787 0.000189405 0.0523599 0.842527 0.0451059 
0.000451637 6.318e-07 0.0675569 0.0355361 0.00460331 2.59711e-08 0.00852749 0.0153961 0.43698 0.430947 
0.00933229 0.000218908 0.00079103 0.00334824 0.0439286 9.91461e-12 0.00292238 0.00226797 0.93399 0.00320024 
0.00932853 0.000246737 0.00525178 0.0606715 0.0249831 4.49062e-07 0.00700643 0.00482708 0.773459 0.114225 
0.120201 0.000678883 0.0550447 0.0512899 0.0017201 0.00212334 0.0106878 0.171714 0.503194 0.0833463 
0.00790178 0.000211832 0.0764004 0.00798781 1.5207e-05 1.27241e-05 0.172904 0.0627953 0.350389 0.321382 
0.00176649 2.70358e-05 0.17868 0.00930474 0.00160826 4.10895e-06 0.0131366 0.0522956 0.558479 0.184698 
0.0021253 0.00121182 0.0207569 0.0063775 0.000437355 3.8962e-07 0.00366932 0.102611 0.860177 0.0026337 
0.00271362 0.00169337 0.0173701 0.0409917 0.000248123 3.25135e-07 0.0024934 0.0278692 0.649453 0.257167 
0.0102853 0.00416303 0.186079 0.0138548 2.30355e-05 0.0103252 0.00425022 0.0209248 0.486633 0.263462 
0.0393684 1.64562e-05 0.0254576 0.00820056 1.21024e-05 0.000370773 0.00794589 0.0069005 0.764333 0.147395 
0.0853772 0.0015866 0.0387613 0.0412163 0.0261166 0.00826027 0.0117928 0.113169 0.613257 0.0604628 
0.11906 0.000711949 0.209901 0.0149489 0.000106825 1.54284e-08 0.019235 0.135506 0.290265 0.210265 
0.00403054 0.0255639 0.0183126 5.67273e-05 0.000370185 2.09295e-05 8.95986e-05 0.0116509 0.89722 0.042685 
0.000144707 0.000144603 0.000144721 0.000144715 0.000144698 0.000144615 0.000144709 0.332974 0.665868 0.000144726 
1.99573e-05 4.93409e-09 0.012513 0.047943 1.35695e-09 4.47519e-09 4.84478e-06 0.187658 0.530292 0.221569 
0.173648 1.30799e-07 2.06587e-06 2.88009e-07 0.00345634 7.55584e-12 0.000487784 0.00639648 0.816007 1.43273e-06 
0.0119256 0.00011331 0.0864884 0.0150673 0.0274788 0.000598354 0.00624326 0.234132 0.482145 0.135808 
0.0890989 0.000297901 0.0412524 0.0193161 0.00355366 2.78766e-06 0.0075914 0.133113 0.600788 0.104986 
0.00975803 0.000209217 8.40771e-08 0.00151726 0.00223921 1.04208e-11 0.00254449 0.00233906 0.981393 1.3762e-07 
0.0577262 3.4002e-05 0.108405 0.000881794 0.000535859 6.07206e-07 0.00105619 0.140615 0.483856 0.206889 
3.81441e-05 5.47331e-06 0.00533136 0.00957349 0.000439232 4.96426e-06 0.00188227 0.186361 0.645325 0.151039 
0.0515087 0.000297851 0.0191843 0.0185228 0.000611981 6.54258e-07 0.00392862 0.071306 0.804335 0.0303036 
0.107734 4.57386e-10 0.00079418 0.00488142 1.1672e-08 1.36177e-06 0.00118048 0.000259802 0.883251 0.00189838 
0.00100628 9.13136e-06 0.000252474 0.00022751 4.36191e-08 1.31442e-05 0.0760058 0.00285816 0.918035 0.00159219 
0.0235857 0.0495541 0.214743 0.013041 0.00277739 0.00108447 0.0974483 0.131388 0.250758 0.215621 
0.0294873 6.02565e-07 0.0440843 0.0419113 6.02961e-07 0.000542958 0.0435979 0.04402 0.457546 0.338809 
0.00165354 0.000624192 0.0132346 0.0288678 4.9691e-05 3.29403e-07 0.0460373 0.00149295 0.768235 0.139804 
0.000363052 3.86632e-07 0.151049 0.0017999 2.57583e-07 1.15714e-07 8.87544e-05 0.0932157 0.670683 0.0828 
0.0195117 3.11367e-10 0.0119797 0.0102448 2.02763e-08 0.000327888 0.0466375 0.05467 0.750386 0.106243 
0.0755903 2.55623e-05 0.0637476 0.0160019 1.65702e-06 4.29417e-06 0.00180432 0.0056376 0.766543 0.0706441 
0.000134683 0.00403969 0.0248304 0.080689 0.000801149 3.53851e-08 0.00416388 0.0145376 0.64201 0.228794 
0.0132114 0.00450033 0.0206069 0.0279387 0.000379527 0.00726314 0.416077 0.0346664 0.432318 0.0430387 
5.956e-05 7.36376e-06 0.0279975 0.0599174 2.02515e-06 7.45139e-05 0.213739 0.000595173 0.646002 0.0516053 
0.0381692 0.00911889 0.101385 0.0242237 0.0212365 1.02259e-07 0.00314408 0.25608 0.345873 0.20077 
5.31298e-05 7.55959e-07 0.0247164 0.016004 5.0185e-06 0.03051 0.00790195 0.00435585 0.882194 0.0342593 
0.00146978 6.06298e-07 0.00109879 0.256625 6.20295e-06 5.49909e-07 0.00727098 0.0106574 0.685502 0.0373692 
0.0238765 0.00366965 0.00664888 0.000103228 0.000137551 4.85439e-06 0.000188546 0.000480904 0.913076 0.0518139 
0.00283996 1.5223e-05 0.0438003 0.011089 0.00105496 3.87526e-06 0.0028683 0.233197 0.467908 0.237223 
0.0336168 0.00405385 0.080186 0.0599933 0.00192175 0.00723591 0.0238086 0.142152 0.536608 0.110423 
0.000604524 3.09208e-06 0.00374606 0.0249783 4.50779e-06 3.32031e-09 7.07357e-05 0.00921152 0.934141 0.0272404 
0.00427129 0.00485659 0.0619885 0.259939 0.00588265 0.00841346 0.0478179 0.0906693 0.38139 0.134771 
0.00434138 0.0133301 0.0215441 0.106326 0.0264679 9.30496e-06 0.0135628 0.0200476 0.531264 0.263107 
0.0520212 8.34753e-06 0.0424173 0.18203 0.000210021 6.14373e-07 0.129775 0.193396 0.292855 0.107286 
0.0453867 0.0268793 0.119919 0.00777308 0.000901663 0.00208268 0.0518592 0.0891893 0.438059 0.21795 
0.0238765 0.00366965 0.00664888 0.000103228 0.000137551 4.85439e-06 0.000188546 0.000480904 0.913076 0.0518139 
0.00254681 0.00313139 0.0341882 0.00630814 8.68902e-05 2.53566e-05 0.00156438 0.0438144 0.692672 0.215662 
0.0595314 2.5118e-06 0.256945 0.0747061 6.32941e-05 1.29016e-07 0.02067 0.0899426 0.325693 0.172446 
0.000910862 0.000334932 0.11432 0.00909855 0.00820024 2.422e-05 0.00518974 0.29718 0.390455 0.174287 
8.59042e-06 2.18792e-10 0.00255772 1.52741e-05 4.86789e-06 5.55838e-07 0.466575 0.0189245 0.511894 1.95314e-05 
0.00377161 4.23834e-09 0.011395 0.000400346 5.53833e-05 3.44966e-09 0.00138935 0.00322689 0.929663 0.0500979 
0.0110514 3.99924e-05 0.128441 0.143123 3.879e-05 4.26025e-06 0.166794 0.169144 0.293779 0.0875844 
0.013516 7.41543e-05 0.118382 0.225015 0.183279 5.08888e-08 0.00163515 0.0417313 0.24594 0.170427 
0.0258652 3.63157e-07 0.010342 0.0384763 1.05253e-06 2.69612e-07 0.00450369 0.00289526 0.900844 0.0170722 
0.0135569 2.89126e-05 0.249963 0.0815456 0.0684696 4.75124e-06 0.00761654 0.0384761 0.29645 0.243888 
0.000630637 4.78952e-07 0.00469569 0.00694843 9.92664e-06 1.8124e-07 0.00240083 0.00145807 0.931547 0.0523092 
0.0270757 0.00105035 0.00839864 0.00926275 0.00111037 4.9967e-07 0.00987843 0.00941624 0.886855 0.0469519 
0.0293168 0.00397454 0.00831109 0.000129034 0.000160687 6.06643e-06 0.000235679 0.000587221 0.892639 0.0646395 
0.011351 8.34261e-05 0.000469513 0.000775828 5.00236e-05 6.56584e-07 0.0243714 0.00125035 0.95579 0.00585797 
0.107734 4.57386e-10 0.00079418 0.00488142 1.1672e-08 1.36177e-06 0.00118048 0.000259802 0.883251 0.00189838 
0.0188086 0.00394963 0.147993 0.0959021 0.0845629 4.01482e-05 0.0617127 0.075861 0.31563 0.19554 
0.228112 0.0951256 0.0830447 0.00781216 0.000256695 8.3535e-06 0.00536072 0.0182269 0.471955 0.0900974 
0.107734 4.57386e-10 0.00079418 0.00488142 1.1672e-08 1.36177e-06 0.00118048 0.000259802 0.883251 0.00189838 
0.0466334 0.000525301 0.0431656 0.0165913 0.000143101 0.000572129 0.00962098 0.0371435 0.685257 0.160348 
0.0375285 1.74676e-06 0.154956 0.234391 0.00651071 5.46838e-07 0.0537428 0.16556 0.266393 0.0809162 
0.0293168 0.00397454 0.00831109 0.000129034 0.000160687 6.06643e-06 0.000235679 0.000587221 0.892639 0.0646395 
0.366798 4.32394e-06 0.0132367 0.000457513 1.36372e-05 7.04183e-08 0.00393374 0.00954896 0.485903 0.120104 
0.000941498 1.6015e-06 0.0605526 0.00961526 0.000788999 6.36368e-06 0.00626571 0.376059 0.386604 0.159165 
0.0161622 0.00186206 0.0432853 0.00268043 0.00289862 7.05818e-06 0.000139287 0.286775 0.628431 0.0177592 
0.0868984 2.95824e-05 0.0301109 0.00709768 1.21865e-05 3.1013e-05 0.0130937 0.108882 0.711287 0.0425578 
0.0111035 2.38552e-06 0.00902377 0.0286453 0.0154265 5.29793e-06 0.000146845 0.104622 0.817907 0.0131173 
0.023385 0.0111576 0.0578675 0.0136552 0.00770218 4.80504e-06 0.00737824 0.00509545 0.752538 0.121216 
0.00706456 2.46259e-10 4.74142e-06 0.0872963 6.77249e-11 1.83173e-06 0.0441627 0.00332314 0.771245 0.0869022 
0.0671868 4.25578e-05 0.0392594 0.0131308 0.000102706 2.46161e-07 0.00177687 0.128901 0.483108 0.266492 
0.0185004 0.00237728 0.112422 0.0989416 0.0021323 7.42779e-08 0.00526885 0.143369 0.417999 0.198989 
0.0232159 7.71442e-06 0.15064 0.032535 0.0293352 5.34341e-05 0.00928598 0.216283 0.444465 0.0941792 
0.278992 0.0018379 0.00205563 0.0130388 0.00881736 1.96587e-06 0.0122178 0.000595745 0.638821 0.0436215 
0.000961064 0.00011408 0.136649 0.10452 0.000132365 1.94938e-07 0.0670543 0.0598842 0.323177 0.307508 
6.20093e-05 4.53516e-11 0.00157453 0.0120665 5.35842e-06 9.08781e-09 0.00239277 0.0498601 0.882899 0.0511397 
0.00483346 0.000569957 0.00267691 0.0272919 2.57784e-05 2.87017e-07 0.0333482 0.0416707 0.783821 0.105762 
0.081313 0.0038103 0.0730556 0.0261168 2.85506e-05 2.1971e-06 0.0295056 0.00464964 0.661095 0.120423 
0.00125743 0.284674 0.0107352 0.0646048 5.40737e-06 6.66084e-06 0.00470982 0.270592 0.348886 0.014529 
0.0488861 0.000663085 0.0714368 0.0500448 0.000693409 0.00161014 0.0167378 0.0773331 0.612549 0.120046 
0.00606512 0.000327074 0.0545593 0.0133634 8.32163e-06 1.16011e-06 0.000423705 0.0159386 0.688804 0.220509 
0.0280559 0.000157082 0.00855064 0.0122791 0.00039013 0.00169675 0.0123644 0.200706 0.72168 0.0141201 
0.00187873 0.000227704 0.00908467 0.180414 0.0735278 5.13459e-06 0.00760129 0.00816175 0.383433 0.335666 
0.274901 0.00349126 0.000617036 0.00294161 0.00146766 1.01596e-09 0.00301714 0.00405525 0.682658 0.026851 
0.0100504 1.11064e-05 0.00974252 0.0584458 5.95915e-05 3.56464e-07 0.0152877 0.316772 0.364624 0.225007 
0.000818141 4.15634e-07 0.00181653 6.15654e-08 1.14306e-07 3.76978e-07 7.93908e-08 0.0342959 0.961989 0.00107911 
0.00745372 0.00972315 0.0865973 0.0227486 0.00187283 2.25383e-07 0.0116647 0.0932496 0.514969 0.251721 
0.00498031 3.25634e-07 0.0131001 0.00510955 4.70828e-05 3.38873e-07 0.00420433 0.00112704 0.911182 0.0602494 
0.0964267 0.000317421 0.0428052 0.0151995 0.0017981 7.33194e-08 0.029279 0.0121117 0.627363 0.174699 
0.0293168 0.00397454 0.00831109 0.000129034 0.000160687 6.06643e-06 0.000235679 0.000587221 0.892639 0.0646395 
0.107734 4.57386e-10 0.00079418 0.00488142 1.1672e-08 1.36177e-06 0.00118048 0.000259802 0.883251 0.00189838 
0.029682 0.00116713 0.00819738 0.0245792 0.00203545 4.26462e-08 0.0849531 0.0164161 0.759582 0.0733877 
0.0139769 1.36959e-10 0.00978317 0.138341 6.91817e-07 7.35116e-09 0.0209592 0.00533712 0.764421 0.0471809 
0.0293168 0.00397454 0.00831109 0.000129034 0.000160687 6.06643e-06 0.000235679 0.000587221 0.892639 0.0646395 
0.107263 0.000308974 0.026007 0.0327678 5.61527e-06 1.14423e-05 0.000924717 0.0739572 0.652308 0.106446 
0.0258206 1.10714e-10 0.0842108 0.0618635 0.000130439 1.00417e-10 0.00443128 0.130504 0.614573 0.0784662 
0.00553114 1.99021e-07 0.0141152 0.00030975 7.6485e-05 1.45541e-07 0.00123145 0.00352404 0.922072 0.0531394 
0.0154234 1.16722e-07 0.106681 0.168565 0.00142254 6.76057e-10 0.047893 0.00769172 0.338825 0.313498 
0.0259759 5.40661e-06 0.122295 0.115255 5.41017e-06 5.40708e-06 0.054111 0.100642 0.47564 0.106065 
0.141945 0.00133384 0.0600322 0.0662053 0.00627826 3.62643e-05 0.10659 0.0026768 0.327634 0.287269 
0.123516 0.0135643 0.0304804 0.0350394 0.0148607 7.21816e-06 0.00731578 0.0201985 0.650748 0.10427 
3.88645e-05 0.000347316 0.00019073 2.77365e-06 9.41721e-06 1.46222e-07 9.45615e-06 0.0330751 0.908916 0.05741 
0.00377161 4.23834e-09 0.011395 0.000400346 5.53833e-05 3.44966e-09 0.00138935 0.00322689 0.929663 0.0500979 
0.00276639 4.7862e-07 3.02516e-06 0.00558305 1.89759e-08 1.08636e-10 0.00724196 0.00491385 0.774103 0.205388 
0.0276121 0.00253373 0.0232839 0.0093193 6.72087e-05 4.57082e-05 0.0775263 0.0176001 0.665733 0.176279 
0.0871174 0.00354647 0.0191856 0.0275813 0.00449357 0.00125812 0.0173146 0.0260058 0.684677 0.12882 
0.376786 0.00666476 0.0288734 0.0156778 0.00321757 0.000216003 0.019949 0.0346015 0.409481 0.104532 
0.0086882 4.34732e-10 0.165523 0.0345233 0.0274055 1.33025e-07 0.00330902 0.0672126 0.395982 0.297357 
0.000451906 6.77104e-05 0.00335955 0.202892 0.0097651 0.000130525 0.0127124 0.0187802 0.581413 0.170428 
2.14639e-06 3.50347e-09 0.124048 0.229271 1.45973e-05 6.73407e-06 0.0297992 0.230007 0.238269 0.148581 
0.407641 0.00611483 0.00974191 0.00744393 0.000287584 1.25246e-05 0.000936272 0.00636193 0.506575 0.0548842 
0.256538 0.0147535 0.0101114 0.00254619 0.000187666 1.98222e-07 0.000104536 0.00158112 0.680203 0.0339749 
0.00473142 6.95914e-07 0.00120018 0.0010961 6.35015e-06 9.03335e-07 0.00216523 0.0159149 0.964184 0.0106998 
0.221017 8.27312e-08 0.0261387 0.0405246 1.0156e-06 1.35302e-05 0.00634348 0.232381 0.445985 0.0275955 
0.0112969 9.33752e-05 0.0414046 0.0469184 0.000413575 2.3592e-05 0.00987417 0.0532354 0.75199 0.08475 
0.103581 0.00054016 0.0184279 0.0111684 0.00160357 1.95631e-05 0.0311176 0.0162124 0.730985 0.0863448 
0.099825 7.76652e-08 0.0877871 0.0034097 0.000555979 3.48424e-09 0.0103505 0.228041 0.559261 0.0107692 
1.94204e-06 1.86826e-08 0.0211122 4.28409e-06 6.70629e-07 1.6945e-08 1.79016e-05 0.0047869 0.919807 0.0542691 
0.0409227 0.000641108 0.0226415 0.0284758 1.19655e-05 6.54734e-10 0.0225005 0.0675218 0.754181 0.0631037 
0.164467 0.000939698 3.36771e-07 0.000622213 2.8752e-05 3.959e-09 2.31857e-08 0.0228349 0.810882 0.00022565 
0.00839472 1.53484e-05 0.00778603 0.00400091 0.00129188 0.00591438 0.0197574 0.172887 0.523895 0.256057 
0.10372 0.00481841 0.0397661 0.0236521 0.0049647 0.000306602 0.00787053 0.0419065 0.594801 0.178194 
0.0459811 0.0245211 0.0214902 0.00142099 0.000263016 1.73181e-06 0.000502004 0.00103405 0.77211 0.132676 
0.00121965 1.66903e-07 0.139346 0.135405 0.152448 0.000667599 0.0246186 0.0255544 0.486119 0.0346215 
0.0664245 0.00183276 0.0505439 0.0202754 0.0105345 4.54036e-06 0.0198867 0.0587267 0.623154 0.148617 
0.164467 0.000939698 3.36771e-07 0.000622213 2.8752e-05 3.959e-09 2.31857e-08 0.0228349 0.810882 0.00022565 
0.182824 0.000114487 0.0468767 0.00607449 0.000337224 4.31572e-05 0.00495818 0.253213 0.429993 0.0755654 
0.0312666 0.00328449 0.0485657 0.00260698 0.000158169 1.09244e-06 0.00785046 0.00232356 0.804307 0.0996357 
0.0164344 0.000104384 0.0150214 0.0159611 0.000112726 2.3494e-05 0.132783 0.00885495 0.508598 0.302106 
0.000922323 1.5713e-06 0.0198682 0.100136 0.000322979 9.83186e-07 0.247417 0.013861 0.509198 0.108272 
0.034896 0.00147769 0.0257377 0.0443984 0.00139977 0.00135154 0.0244672 0.0494145 0.704642 0.112215 
0.0533581 0.000887748 0.0211689 0.0432886 0.000111788 7.28356e-07 0.0131816 0.0275705 0.632052 0.20838 
0.000891828 0.000632858 0.0154779 0.085131 3.96172e-05 5.81162e-08 0.00238211 0.0686101 0.789985 0.0368495 
0.0313759 6.26506e-08 0.000314392 0.0263656 8.56182e-06 5.10406e-08 7.02744e-06 0.0307471 0.893225 0.0179567 
0.0027622 0.000559004 0.114649 0.182303 0.000138132 7.18323e-06 0.0391067 0.139276 0.373392 0.147807 
0.048286 0.00605275 0.0879077 0.0329754 0.000267408 7.77399e-05 0.0684361 0.0196082 0.543847 0.192542 
0.0371443 6.04337e-07 0.0791885 1.17859e-05 6.34588e-05 3.14057e-07 9.33043e-05 0.362233 0.446791 0.0744737 
0.0144771 5.92939e-05 0.0885316 0.0160907 0.0218052 0.265321 0.0216735 0.122982 0.34284 0.106219 
0.0309213 0.000356313 0.0336316 0.00821995 0.00872518 1.57448e-05 0.00232419 0.0933964 0.733463 0.0889462 
0.227326 0.00399175 0.0371213 0.000425631 0.000384322 6.21682e-06 0.000768657 0.22805 0.351095 0.15083 
0.073494 4.1291e-08 0.084887 0.0202397 3.27471e-06 2.2697e-11 0.00419024 0.00610408 0.703953 0.107128 
0.00758045 0.0135562 0.00553666 0.00642807 0.0380623 5.61197e-05 0.036933 0.0197322 0.777487 0.0946277 
0.0853574 0.00137625 0.0905438 0.00380898 8.75505e-05 1.83963e-08 0.00899285 0.177348 0.383216 0.249269 
2.89726e-05 6.86392e-07 0.00148046 0.128249 0.000144829 6.22553e-07 0.00294926 0.219245 0.629831 0.0180707 
0.0238765 0.00366965 0.00664888 0.000103228 0.000137551 4.85439e-06 0.000188546 0.000480904 0.913076 0.0518139 
0.107339 0.000449764 0.244855 0.0135945 5.6567e-05 0.000156073 0.00104821 0.037079 0.475268 0.120153 
0.0492865 0.00653707 0.0122683 0.00126287 0.00506653 5.07791e-06 0.00057042 0.00449025 0.859705 0.0608079 
0.00466716 0.000318672 0.0969582 0.0688279 4.43323e-05 5.90516e-07 0.0525322 0.0234739 0.399141 0.354036 
0.000569425 1.43539e-11 0.0159616 0.000477438 0.00193171 3.94937e-09 0.000218914 0.0843161 0.847647 0.0488777 
0.386072 0.00323072 0.00450978 0.000228607 5.72097e-05 1.19195e-07 1.39973e-05 0.00156659 0.588668 0.0156529 
0.000944637 3.62412e-06 0.26148 0.0317949 0.000104187 7.6482e-07 0.020041 0.201053 0.266986 0.217593 
0.0293168 0.00397454 0.00831109 0.000129034 0.000160687 6.06643e-06 0.000235679 0.000587221 0.892639 0.0646395 
0.0443547 0.00214963 0.0354522 0.039034 0.0021858 8.34052e-06 0.00743851 0.0594352 0.705415 0.104526 
0.0887001 0.00059014 0.0466076 0.0218241 0.000592237 6.53347e-05 0.0163501 0.0879923 0.424108 0.31317 
0.0156713 0.000911386 0.0967674 0.0375072 0.00700302 4.74723e-06 0.00741367 0.165567 0.397179 0.271975 
0.0138168 9.53229e-05 0.000153754 0.00481546 0.00505731 6.17732e-08 0.00735672 0.0158046 0.863264 0.0896363 
0.169287 0.000933077 0.0441483 0.0316355 0.0248573 4.36053e-05 0.00981308 0.0564602 0.566331 0.0964911 
0.0836816 0.000323317 0.0241878 0.0435503 0.000760881 0.00086902 0.0328026 0.0295962 0.676887 0.107341 
0.000332625 0.002949 0.000287669 5.95053e-05 0.000265643 1.19152e-05 7.70936e-05 5.90493e-05 0.993523 0.00243495 
0.000137671 5.96227e-10 0.0484079 0.423458 1.63971e-10 5.40774e-10 0.00513923 0.0147075 0.461268 0.0468814 
0.00339633 0.000463697 0.00205478 0.0125875 0.000138756 5.43859e-08 0.00733224 0.107329 0.866148 0.000549863 
0.241552 0.00459286 0.0570886 0.0566791 5.02353e-05 3.06752e-06 0.0176655 0.0161855 0.557192 0.0489908 
0.0333537 0.00923857 0.0508986 0.0149551 0.00136844 1.46866e-05 0.0828014 0.0254997 0.566783 0.215087 
0.0735347 6.85515e-08 7.22278e-05 0.000377952 2.15054e-05 1.16994e-10 0.00630161 0.109173 0.484358 0.32616 
0.0921814 0.00567662 0.0657524 0.0443557 0.000435679 0.000142102 0.107103 0.0616048 0.501584 0.121163 
0.000326724 3.44757e-05 0.0478452 0.155133 3.5513e-06 0.000422269 0.00401 0.0864799 0.585082 0.120663 
0.00248779 2.55765e-08 0.0260218 8.36253e-05 0.000352817 5.62434e-10 0.0820122 0.00734402 0.873467 0.00823093 
0.000427032 0.00113337 2.97233e-08 4.79518e-08 0.000463044 0.000235189 6.18356e-08 0.000745518 0.996996 1.96832e-08 
0.022321 5.53921e-07 0.00375128 0.000128143 1.33731e-05 1.15585e-07 0.0682435 0.107134 0.483954 0.314454 
0.0138403 1.34121e-09 0.0369761 0.00368327 1.03083e-06 1.20718e-11 0.0023112 0.00287239 0.788712 0.151603 
2.64047e-06 1.30131e-05 0.000598597 1.92755e-06 3.5788e-06 1.18028e-05 2.48565e-06 0.0184813 0.979222 0.00166235 
0.125218 0.00590467 0.013751 0.00649685 0.00291528 1.9683e-06 0.00590536 0.0145799 0.757649 0.0675785 
0.245743 8.02701e-05 0.00651903 1.39519e-06 7.91241e-07 1.08232e-09 5.66765e-06 0.015738 0.71805 0.0138622 
0.0549479 0.00212838 0.0518156 0.0466212 0.00398607 0.000823582 0.0290621 0.0547463 0.599609 0.15626 
0.06741 4.51834e-06 0.0248816 0.0197439 0.000223403 1.19255e-09 0.000467101 0.0467976 0.82708 0.0133914 
6.1172e-05 2.81398e-07 0.000181725 0.00953232 2.4148e-08 7.58706e-08 2.57976e-06 0.0536644 0.89865 0.0379073 
0.0398734 0.0456585 0.0542422 0.031203 0.0178946 1.74408e-06 0.0236687 0.0343428 0.659036 0.0940788 
0.0150501 0.000798891 0.121047 0.0133611 2.073e-07 4.58972e-08 0.101241 0.0939515 0.398635 0.255915 
0.00294688 7.32339e-08 0.00801673 0.0511526 0.000383852 1.12281e-10 0.011182 0.0837512 0.569168 0.273399 
4.26452e-07 1.09833e-09 0.00322865 0.0171299 1.80179e-07 9.9618e-10 0.00554327 0.0554508 0.87448 0.0441671 
0.0125605 0.0159442 0.0662041 0.0775214 0.00252865 1.35032e-05 0.00762901 0.0105685 0.698945 0.108085 
0.02782 0.00977586 0.0723791 0.0538435 0.000198271 0.0106008 0.109209 0.149991 0.473398 0.0927841 
0.0240039 1.01382e-10 0.0178678 0.000452326 2.38669e-08 9.19531e-11 0.0737436 0.0135302 0.774287 0.0961149 
0.00242915 8.39915e-06 0.0100054 0.108271 1.955e-05 3.38333e-07 0.139211 0.0154457 0.489485 0.235125 
0.000237715 0.00243305 0.000205577 4.25464e-05 0.000189872 8.59874e-06 5.51727e-05 4.22312e-05 0.995046 0.00173952 
0.0194548 0.00219759 0.069497 0.28524 0.00191412 1.97354e-08 0.0654671 0.0377295 0.335417 0.183083 
0.00187873 0.000227704 0.00908467 0.180414 0.0735278 5.13459e-06 0.00760129 0.00816175 0.383433 0.335666 
0.00845639 0.00109947 0.014097 0.00724774 0.00025535 2.43694e-09 0.0122391 0.028486 0.884536 0.0435826 
0.0123645 0.00514393 0.0442313 0.00880174 0.000310796 7.7947e-05 0.0585834 0.015829 0.715566 0.139091 
0.00957334 0.209822 0.000271847 0.0183492 0.00521936 4.51164e-07 0.000633752 0.00364285 0.745798 0.00668862 
0.0523546 6.80899e-06 0.12835 0.063374 4.19397e-05 4.18066e-07 0.00319977 0.00730196 0.589608 0.155762 
0.0309557 4.67692e-05 0.00436256 0.00658107 0.000289302 1.73278e-05 0.00026979 0.0362154 0.897995 0.0232667 
0.000277442 0.000209288 0.00176293 0.0165905 5.39845e-06 2.2521e-07 0.0129663 0.00839248 0.93893 0.0208658 
0.0403239 0.0014011 0.00087081 0.000231518 0.000388028 4.68404e-09 0.0274789 0.00182749 0.903365 0.024113 
0.0968462 0.0276994 0.0352936 0.0588142 0.0016358 0.000162375 0.0335037 0.00865345 0.560462 0.17693 
0.0238765 0.00366965 0.00664888 0.000103228 0.000137551 4.85439e-06 0.000188546 0.000480904 0.913076 0.0518139 
0.0313759 6.26506e-08 0.000314392 0.0263656 8.56182e-06 5.10406e-08 7.02744e-06 0.0307471 0.893225 0.0179567 
0.000351118 7.3493e-05 0.00737461 0.0316761 0.000172152 4.25207e-08 0.00154294 0.00690322 0.928702 0.0232047 
0.0342655 0.00279289 0.160887 0.0989956 0.115413 0.0130191 0.0574368 0.160008 0.200776 0.156406 
0.0284279 0.0131889 0.0121913 0.000106612 0.000218622 1.63486e-06 0.00052355 0.00149256 0.82823 0.115619 
0.0122502 0.0119215 0.0592902 0.183543 0.00109205 4.96134e-05 0.0358269 0.158755 0.348387 0.188885 
0.0449051 1.34782e-05 0.0288868 0.0612337 0.000844515 0.00174138 0.0272184 0.101055 0.540851 0.193251 
0.0156884 9.22739e-11 0.00140348 5.4394e-08 2.53767e-11 8.36919e-11 0.03767 1.77068e-11 0.851309 0.0939294 
0.00277497 7.95118e-11 0.105768 0.0349066 5.62585e-05 8.0238e-07 0.0765951 0.0441069 0.559986 0.175806 
0.0217801 6.8441e-08 0.312189 0.00893853 6.8486e-08 6.84469e-08 0.00384242 0.0432865 0.331713 0.27825 
0.00262254 0.011476 0.0473872 0.0338059 0.04461 2.50923e-06 0.0188504 0.206623 0.632179 0.00244344 
0.0448064 2.04245e-06 0.0462673 0.10325 1.12299e-06 2.67551e-05 0.00227267 0.00494995 0.787765 0.0106587 
0.0698022 0.0640089 0.140803 0.189223 0.000136923 2.17301e-05 0.125956 0.0151738 0.20184 0.193034 
0.0338268 0.0586773 0.0798473 0.0457918 0.058103 0.000138923 0.028523 0.0130031 0.411909 0.270179 
0.0200379 0.000194284 0.257282 0.00697667 0.00015274 1.06779e-07 0.00424373 0.00394129 0.656065 0.051106 
0.00448121 1.50205e-07 0.0129707 0.000468947 6.31203e-05 1.09968e-07 0.00155607 0.00322879 0.924219 0.0530123 
0.00324179 2.89468e-05 0.0050506 0.00566499 4.59119e-06 5.37802e-08 0.00242995 0.123278 0.829332 0.0309693 
0.0125875 1.0201e-05 0.00908198 0.0469581 1.75469e-06 4.45328e-06 0.00174785 0.0406826 0.67802 0.210906 
0.0504614 0.0180729 0.0557346 0.180218 0.0182733 0.00131564 0.0316245 0.107232 0.403061 0.134007 
0.000763975 5.41635e-06 0.01718 0.00159051 5.72486e-06 2.7954e-08 0.000486886 0.149597 0.464004 0.366366 
0.00576192 2.46058e-09 0.0125095 0.000162794 8.45792e-05 2.00231e-09 0.000786255 0.00347846 0.927085 0.0501314 
4.38949e-06 0.00394685 1.6928e-05 2.3733e-05 0.000735665 7.39514e-05 0.230177 0.0562069 0.68213 0.0266849 
0.0240039 1.01382e-10 0.0178678 0.000452326 2.38669e-08 9.19531e-11 0.0737436 0.0135302 0.774287 0.0961149 
0.122732 3.89161e-05 0.00703416 0.0176126 0.00072006 3.58397e-06 0.0284796 0.179962 0.553514 0.0899024 
0.00121345 1.1542e-08 0.0023165 0.356037 7.44087e-07 2.6106e-11 0.0360276 0.000695212 0.567102 0.0366069 
0.00215751 1.33924e-06 0.0410677 0.0113204 6.7125e-05 2.19645e-07 0.193859 0.16275 0.475669 0.113107 
0.365851 0.00115316 0.0121493 0.0725365 9.93814e-05 2.954e-05 0.012316 0.0643357 0.394999 0.0765305 
0.00591352 1.363e-05 0.000290886 0.000136432 8.70381e-06 6.30051e-09 0.060015 0.00295729 0.927643 0.00302126 
0.0185004 0.00237728 0.112422 0.0989416 0.0021323 7.42779e-08 0.00526885 0.143369 0.417999 0.198989 
0.0060408 0.0290119 1.48273e-06 0.00125988 0.00117811 2.66038e-07 0.0350244 0.238231 0.46921 0.220042 
