0.0488046 1.26408e-05 0.0354795 0.0296779 0.000867425 9.04437e-09 0.0180404 0.301854 0.44216 0.123104 
0.0487318 7.56919e-05 0.0408686 0.0177232 0.000133978 9.42082e-06 0.0873556 0.0263687 0.455512 0.323221 
0.0238765 0.00366965 0.00664888 0.000103228 0.000137551 4.85439e-06 0.000188546 0.000480904 0.913076 0.0518139 
0.0950426 0.0119763 0.167827 0.0210197 0.00024409 2.2326e-06 0.00787774 0.0762818 0.461774 0.157954 
0.000310311 0.0149902 0.0114442 0.148847 1.06811e-05 8.66136e-05 0.0246598 0.0112048 0.715306 0.0731404 
0.0336135 0.112475 0.0429634 0.0150982 0.00213062 5.68813e-07 0.0123083 0.00606868 0.464551 0.310791 
0.00974932 1.15227e-10 0.0260811 0.0985108 5.41872e-06 6.48013e-06 0.00813134 0.0606078 0.690838 0.106069 
6.29633e-06 6.29179e-06 6.29695e-06 6.29667e-06 6.29592e-06 6.29232e-06 0.183231 0.0629701 0.753755 6.29715e-06 
0.00752698 4.17522e-07 0.0152038 0.00283457 7.56622e-06 6.14991e-09 0.00054355 0.00237165 0.780254 0.191258 
0.0455065 2.41868e-06 0.130718 0.0220295 2.42027e-06 2.41889e-06 0.0331626 0.00702171 0.663512 0.0980423 
0.000677856 3.50854e-06 0.234001 0.172884 0.000223963 2.44524e-06 0.0026031 0.0717649 0.286589 0.23125 
0.127913 0.00135944 0.0394033 0.0176211 0.00793263 9.86459e-08 0.0678539 0.00788398 0.509886 0.220146 
0.00591352 1.363e-05 0.000290886 0.000136432 8.70381e-06 6.30051e-09 0.060015 0.00295729 0.927643 0.00302126 
0.0253571 0.00671185 0.0702036 0.0265408 0.00153567 0.00368353 0.00809434 0.08684 0.701015 0.0700185 
0.0409465 0.00305542 0.0789498 0.129493 0.0645782 4.73296e-08 0.0163649 0.0795348 0.339696 0.247381 
0.029752 0.00152814 0.00552903 0.00672993 0.000346199 1.84097e-05 0.0040165 0.014274 0.876005 0.061801 
0.00425312 0.00289924 0.0366527 0.0563824 3.3079e-05 1.77145e-06 0.00569866 0.298244 0.539886 0.0559493 
0.0432244 2.81268e-05 0.121228 0.00503341 0.000143139 9.47252e-05 0.0050748 0.213702 0.486995 0.124476 
0.0217801 6.8441e-08 0.312189 0.00893853 6.8486e-08 6.84469e-08 0.00384242 0.0432865 0.331713 0.27825 
0.0820748 0.000151953 7.67765e-08 0.00803988 6.18528e-05 0.000551016 0.00898536 0.0416303 0.841439 0.0170654 
0.0434137 4.42382e-07 0.000228157 0.00198592 6.97895e-06 2.92442e-07 0.00204214 0.235018 0.699106 0.0181986 
0.0343082 5.0256e-07 0.107733 0.0116178 5.60326e-05 1.55677e-05 0.155074 0.0742631 0.555791 0.0611415 
0.0294873 6.02565e-07 0.0440843 0.0419113 6.02961e-07 0.000542958 0.0435979 0.04402 0.457546 0.338809 
0.0158476 0.00235459 0.0164311 0.00900688 0.000147264 1.87489e-06 0.00438038 0.0250896 0.865647 0.0610933 
0.0780896 2.16698e-05 0.112797 2.16866e-05 0.00435851 0.00435601 2.16857e-05 0.10845 0.691862 2.16883e-05 
0.00179302 0.000820456 0.0251082 0.0171539 6.88325e-05 2.8715e-06 0.00259146 0.00269529 0.861524 0.0882419 
0.00897809 0.000213448 0.109283 0.00105804 0.00143961 0.000297331 0.00336648 0.303084 0.472832 0.0994484 
0.0793572 0.000226849 0.0436339 0.0622935 0.000634386 0.041678 0.00181712 0.0832052 0.466263 0.220891 
0.239851 0.00345126 0.0152107 0.0472009 0.0103037 2.05782e-05 0.020895 0.0185357 0.464494 0.180037 
1.87391e-06 9.23526e-06 8.47941e-07 1.36796e-06 2.53983e-06 8.37632e-06 1.76404e-06 0.0648639 0.923935 0.0111748 
0.0238765 0.00366965 0.00664888 0.000103228 0.000137551 4.85439e-06 0.000188546 0.000480904 0.913076 0.0518139 
0.126539 0.0339432 0.0235312 0.00815682 0.00883318 1.01008e-07 0.000155695 0.188659 0.390344 0.219838 
0.00603912 0.00152335 0.0281136 0.0493761 0.0218307 4.51901e-05 0.0053893 0.0577197 0.705883 0.12408 
0.00279045 5.19211e-05 0.0129472 0.0179125 2.80408e-06 3.67431e-06 0.000499697 0.0027865 0.889524 0.0734816 
0.00503805 9.20574e-06 0.0130277 0.06233 5.25891e-05 8.26052e-06 0.0128079 0.0846068 0.753145 0.0689747 
0.0238765 0.00366965 0.00664888 0.000103228 0.000137551 4.85439e-06 0.000188546 0.000480904 0.913076 0.0518139 
0.0644929 0.00797144 0.0232514 0.0089016 0.00533817 2.15172e-07 0.00753038 0.00406088 0.713217 0.165236 
0.0103361 9.00981e-06 0.0024121 0.0015327 2.91085e-06 1.45384e-08 0.00303513 0.00272486 0.979016 0.000931404 
0.356032 0.000159489 0.0187476 0.0130138 0.000393681 2.18611e-05 0.00248323 0.0368535 0.495974 0.0763211 
0.0230894 1.14258e-05 0.0188039 0.050129 0.000402577 1.60077e-05 0.0216329 0.064367 0.769959 0.051589 
0.164467 0.000939698 3.36771e-07 0.000622213 2.8752e-05 3.959e-09 2.31857e-08 0.0228349 0.810882 0.00022565 
0.00951457 0.000177504 7.34051e-06 3.76073e-06 2.15261e-08 1.24216e-07 1.0711e-07 0.0584839 0.914298 0.0175145 
0.167323 2.56761e-07 0.0667845 0.02765 1.67789e-07 4.58738e-08 0.0423249 0.24445 0.408214 0.0432528 
0.0379678 0.131098 0.0240138 0.0223739 0.00013708 0.000100415 0.00288076 0.140731 0.552701 0.0879959 
0.222287 2.40139e-05 0.0356708 0.00838272 0.000951941 6.94438e-07 0.0209618 0.0279701 0.643963 0.0397885 
0.236858 0.00515551 0.142836 0.00759723 0.00220588 5.78527e-06 0.000749582 0.0733554 0.447056 0.0841811 
0.0348953 0.0202954 0.0310442 0.00937202 0.000284762 6.04846e-05 0.00626823 0.0139381 0.8135 0.0703415 
0.164467 0.000939698 3.36771e-07 0.000622213 2.8752e-05 3.959e-09 2.31857e-08 0.0228349 0.810882 0.00022565 
0.0327455 0.000581181 0.0501188 0.0216057 0.00973823 1.15022e-06 0.0329731 0.0306072 0.510418 0.311211 
0.219428 0.000582816 0.046375 0.00860023 0.00139216 8.45074e-06 0.00293062 0.0159387 0.649517 0.0552277 
0.0608867 1.29962e-05 0.0587362 0.00196622 8.57125e-07 1.21682e-08 0.0623081 0.0202046 0.680318 0.115567 
0.00241707 1.35737e-05 1.17195e-05 0.0112408 7.9057e-05 1.1303e-11 0.000107884 0.00269427 0.948389 0.0350469 
0.178042 0.000824062 0.0497895 0.0603647 0.00134501 1.55794e-06 0.0233221 0.0925788 0.472365 0.121368 
0.0592567 3.78565e-06 0.0931547 0.00187111 0.000343438 0.000116597 0.0307229 0.309133 0.411411 0.0939866 
0.00109771 1.12655e-05 0.0741861 0.0257606 0.000149617 8.46698e-08 0.0584594 0.0574283 0.690556 0.0923511 
0.188539 9.57873e-09 0.0329065 0.0777405 0.00186549 0.000104001 0.0537475 0.0651638 0.570328 0.00960545 
0.0504515 0.00184216 0.0317678 0.0304541 0.000876783 2.38533e-06 0.00342226 0.0352086 0.753011 0.0929634 
0.0728459 2.12611e-05 0.00218034 0.00192654 7.3445e-05 3.97665e-08 0.00804507 0.00539117 0.902102 0.00741385 
0.00257555 5.97836e-06 0.0075216 0.00251557 7.21335e-05 5.21924e-07 0.00109491 0.00589012 0.943759 0.0365644 
0.0769059 0.00358955 0.00640133 0.00381666 0.0169952 2.40067e-06 0.00618555 0.0508585 0.704435 0.13081 
3.76465e-10 3.91522e-06 0.0242182 0.0605862 1.05309e-06 1.68278e-09 3.03396e-07 0.119673 0.640882 0.154635 
0.0251363 1.1674e-07 0.1249 0.00262735 6.87593e-05 1.78582e-08 0.0984447 0.0544038 0.639947 0.0544713 
0.00305652 1.91292e-07 0.0437497 0.01017 7.22824e-05 0.0112353 0.00293564 0.193162 0.58692 0.148698 
0.229134 0.000206542 0.0112042 0.00293756 0.00157846 1.02564e-06 0.0031204 0.00844457 0.686542 0.0568319 
0.00439609 0.000120994 0.0882137 0.0495737 0.000646251 0.000141813 0.00406273 0.163816 0.500288 0.188741 
0.12193 0.00520392 0.0741985 0.0391444 0.00476713 0.000276531 0.0378379 0.058799 0.498355 0.159488 
0.00975803 0.000209217 8.40771e-08 0.00151726 0.00223921 1.04208e-11 0.00254449 0.00233906 0.981393 1.3762e-07 
0.107734 4.57386e-10 0.00079418 0.00488142 1.1672e-08 1.36177e-06 0.00118048 0.000259802 0.883251 0.00189838 
0.190768 0.00400454 0.0190625 0.00207181 0.00101285 5.17415e-06 0.00411409 0.00224351 0.713036 0.0636809 
0.127055 0.00487071 0.0611637 0.0327218 0.00242914 0.0051804 0.0150802 0.0643591 0.567769 0.119371 
0.00676534 0.000117305 0.0120791 0.0420534 4.95121e-05 0.000105951 0.0320494 0.0329188 0.78893 0.0849315 
0.0117805 0.00281601 0.0137442 0.0152293 0.000576414 3.08882e-06 0.0107308 0.0117194 0.917453 0.0159472 
0.014222 0.000221014 0.0457922 0.0063708 5.0455e-06 4.16491e-09 0.0013411 0.00198282 0.704099 0.225966 
0.0847285 0.0102434 0.150777 0.0126511 0.000193734 0.00607728 0.161934 0.176608 0.318482 0.0783048 
0.118098 0.00102283 0.0871622 0.0130611 0.00219184 3.86532e-06 0.0153734 0.108388 0.481491 0.173208 
0.0122319 0.00338687 0.0996904 0.144406 0.00063059 4.409e-08 0.00323331 0.026005 0.601911 0.108505 
0.0131084 0.000131863 0.000864886 0.262981 0.000450314 8.38564e-06 0.00072153 0.10446 0.610972 0.00630202 
0.000839377 0.00284903 0.171964 0.0146475 0.000733902 5.48295e-06 0.0245567 0.214591 0.340595 0.229218 
0.0492756 2.50101e-05 0.0116771 0.105151 4.50613e-08 1.48724e-06 0.0121309 0.000637872 0.748963 0.0721371 
0.00857826 0.00326619 0.0346478 0.113294 0.0213761 2.3737e-06 0.00708816 0.0279787 0.518985 0.264783 
2.73982e-07 9.97635e-05 0.114355 4.01337e-07 2.70766e-06 2.32941e-06 0.0726636 0.0212004 0.585512 0.206164 
0.0567494 0.00024042 0.016773 0.0436081 0.000447648 8.54078e-07 0.0102384 0.0326725 0.794616 0.0446532 
0.00706456 2.46259e-10 4.74142e-06 0.0872963 6.77249e-11 1.83173e-06 0.0441627 0.00332314 0.771245 0.0869022 
0.00248779 2.55765e-08 0.0260218 8.36253e-05 0.000352817 5.62434e-10 0.0820122 0.00734402 0.873467 0.00823093 
0.0755458 0.00474565 0.0399264 0.0195016 0.00367886 1.83189e-05 0.0312522 0.0842338 0.650729 0.0903686 
0.00224495 0.00120739 0.100643 0.0155204 0.000707023 0.000428202 0.00135536 0.0192356 0.763714 0.0949443 
0.00743861 0.00157234 0.00454407 0.0375069 0.000397176 1.11684e-08 0.0147067 0.019702 0.815923 0.098209 
0.0762592 0.000915571 0.00355593 0.137128 0.0143112 1.58177e-07 0.00223073 0.0532634 0.460952 0.251383 
0.0118817 0.00315519 0.0987378 0.0169874 0.00383616 0.00144071 0.0315646 0.0915985 0.398901 0.341897 
0.00229737 0.00185339 0.254974 0.00388645 0.000643624 0.000319731 0.0276533 0.0815484 0.412254 0.214569 
0.00121345 1.1542e-08 0.0023165 0.356037 7.44087e-07 2.6106e-11 0.0360276 0.000695212 0.567102 0.0366069 
0.0259676 0.00105567 0.167068 0.0476972 0.000196939 3.85325e-08 0.0825726 0.0718052 0.316948 0.286689 
0.00257555 5.97836e-06 0.0075216 0.00251557 7.21335e-05 5.21924e-07 0.00109491 0.00589012 0.943759 0.0365644 
0.011488 0.000759107 0.0173103 0.128073 0.00165935 1.51376e-07 0.0751352 0.000628275 0.685602 0.0793443 
0.0432701 0.0219178 0.0721246 0.0955089 0.0757713 1.19749e-05 0.0163531 0.20969 0.357332 0.10802 
0.0266396 0.026116 2.70999e-06 0.00166221 1.21737e-07 1.15567e-07 0.260203 7.93626e-07 0.427933 0.257443 
0.039354 0.01449 0.0531936 0.00073253 0.000870587 0.00010369 0.00281548 0.115205 0.64326 0.129975 
0.000165883 0.00520403 0.0508381 0.117463 9.51488e-05 4.36781e-05 0.0323051 0.00311175 0.409216 0.381557 
0.235306 0.000218216 0.0150087 0.0205111 2.87679e-05 4.59612e-06 0.000911919 0.131247 0.489361 0.107402 
0.00576192 2.46058e-09 0.0125095 0.000162794 8.45792e-05 2.00231e-09 0.000786255 0.00347846 0.927085 0.0501314 
0.00340236 0.00406548 0.0043584 0.0125099 3.50133e-05 7.65676e-08 0.0039775 0.00406433 0.904265 0.0633216 
0.00314513 0.0026657 0.0367263 0.0151031 0.0478926 0.0323312 0.0320641 0.369997 0.37152 0.0885552 
0.0952941 0.00629732 0.0312993 0.0325756 0.000670951 6.36884e-06 0.00972685 0.0370148 0.695818 0.0912968 
0.119964 0.0032785 0.0112268 0.00126625 0.000135987 9.4968e-07 0.000780405 0.000655539 0.794622 0.0680697 
0.000839377 0.00284903 0.171964 0.0146475 0.000733902 5.48295e-06 0.0245567 0.214591 0.340595 0.229218 
0.000938184 1.78882e-08 0.0511534 0.00375097 0.000318829 1.00266e-06 0.0108044 0.373418 0.415003 0.144612 
0.000481218 6.46633e-07 0.0014097 0.0207357 0.000419175 1.63357e-11 0.00029158 0.0034398 0.971022 0.00220043 
0.00218355 5.29735e-06 0.091108 0.0263733 0.00013444 7.87321e-08 0.0184225 0.0849726 0.459727 0.317073 
0.132049 0.000186224 0.00474114 0.00593737 0.0116768 1.386e-07 0.000348693 0.00263334 0.770762 0.0716654 
0.108105 0.000439178 0.0250707 0.00717862 0.000127309 4.49373e-07 0.00623598 0.0322046 0.730257 0.0903805 
0.0159102 0.00103552 0.0534147 0.0616937 0.000638808 0.000504627 0.0194871 0.0533926 0.699941 0.0939816 
0.0459231 0.0881265 0.0467321 0.00726281 0.000921842 1.12445e-08 0.0259881 0.0149668 0.641297 0.128782 
0.00377161 4.23834e-09 0.011395 0.000400346 5.53833e-05 3.44966e-09 0.00138935 0.00322689 0.929663 0.0500979 
0.345581 0.000344312 0.0342758 0.0370662 0.000347126 7.63536e-08 0.00364631 0.0599325 0.433727 0.0850794 
0.000504799 0.00500739 0.0519759 0.0740196 2.06163e-05 2.56882e-07 0.000591471 0.0375775 0.654132 0.176171 
0.387073 0.00120954 0.0303658 0.0159875 0.00104268 0.000214599 0.0134006 0.0226651 0.429623 0.0984184 
0.0993403 0.010101 0.0393409 0.0244513 0.00483865 3.40645e-05 0.0118289 0.157673 0.581498 0.0708934 
0.198304 0.0028542 0.0433009 0.0167864 0.00263584 5.45831e-06 0.00803579 0.0282772 0.442771 0.257029 
0.224617 0.00922991 0.0103478 0.0164505 0.00585917 7.8376e-09 0.0602277 0.0360364 0.617961 0.0192705 
0.0153626 0.00746045 0.0456206 0.041645 3.69103e-05 0.000482981 0.00817032 0.249407 0.496145 0.135669 
0.0185004 0.00237728 0.112422 0.0989416 0.0021323 7.42779e-08 0.00526885 0.143369 0.417999 0.198989 
0.0993285 0.00378046 0.06252 0.0135803 0.00389311 0.000316487 0.0123432 0.0388206 0.661298 0.104119 
0.402054 0.000377362 0.0169484 0.00299614 0.0019154 3.52103e-07 0.0221362 0.0163985 0.507742 0.029432 
0.0185004 0.00237728 0.112422 0.0989416 0.0021323 7.42779e-08 0.00526885 0.143369 0.417999 0.198989 
0.0420727 0.000924749 0.0414644 0.0191513 0.000124883 2.9131e-06 0.00345453 0.049604 0.830791 0.0124097 
0.0238765 0.00366965 0.00664888 0.000103228 0.000137551 4.85439e-06 0.000188546 0.000480904 0.913076 0.0518139 
0.00187873 0.000227704 0.00908467 0.180414 0.0735278 5.13459e-06 0.00760129 0.00816175 0.383433 0.335666 
0.279158 0.000114254 0.0243568 0.0216603 0.000300153 2.18015e-08 0.00792464 0.0927428 0.481146 0.0925966 
0.0692151 0.00741049 0.0141177 0.0209602 2.80226e-05 4.81931e-08 0.000183839 0.000496779 0.843244 0.044344 
0.0193329 0.000929763 0.125619 0.0352107 0.00465267 0.000218453 0.0067014 0.051225 0.518659 0.237451 
0.0205661 1.07729e-06 0.0192249 0.0508382 1.51102e-07 2.79434e-10 0.0220841 0.0292049 0.440315 0.417766 
0.0238765 0.00366965 0.00664888 0.000103228 0.000137551 4.85439e-06 0.000188546 0.000480904 0.913076 0.0518139 
0.00595186 7.39072e-05 0.0254926 0.00819113 0.000699033 7.81155e-09 0.00218938 0.0498806 0.859658 0.0478637 
0.0496737 1.50917e-07 0.141269 0.0394225 0.000129376 2.59379e-06 0.173409 0.125298 0.356334 0.114462 
0.0142845 0.00307347 0.00952512 0.0325466 0.000368025 3.89579e-08 0.00350905 0.18314 0.692032 0.0615212 
7.54981e-07 0.0129016 7.55055e-07 0.0395638 0.00211457 7.54501e-07 0.00143523 0.00717314 0.828681 0.108128 
0.0142796 0.00140181 0.0982553 0.0191377 0.000539944 1.70738e-05 0.0209974 0.13735 0.545475 0.162547 
0.15301 0.00348539 0.0193484 0.0320675 0.00362376 0.0052422 0.0196503 0.0684381 0.520529 0.174606 
0.00273648 1.83398e-07 0.0783574 0.0719957 1.03033e-05 1.88615e-06 0.00279844 0.00547041 0.783327 0.0553018 
3.22096e-05 0.000629508 0.00419024 0.193393 0.000151797 4.85856e-06 0.0182537 0.0742827 0.69255 0.0165123 
0.00233765 4.36813e-09 0.000407541 0.0422527 1.2013e-09 3.96187e-09 0.0260808 0.000275865 0.515192 0.413453 
0.0238765 0.00366965 0.00664888 0.000103228 0.000137551 4.85439e-06 0.000188546 0.000480904 0.913076 0.0518139 
0.117119 0.000993769 0.0615098 0.0232654 0.00051489 0.000644906 0.0134269 0.0818708 0.603552 0.0971019 
0.018436 2.02361e-05 1.09911e-06 0.000355723 1.10528e-05 6.19599e-11 3.84144e-06 0.0338066 0.913397 0.0339684 
0.0612234 1.60784e-09 0.0250668 0.00412649 0.00632365 2.43462e-07 0.0028272 0.223289 0.416245 0.260899 
0.153895 0.0200626 0.0295574 0.00673426 0.000218666 2.81862e-05 0.00114491 0.105263 0.606268 0.0768281 
0.00646104 2.04245e-07 0.0149507 0.000170654 9.10659e-05 1.49272e-07 0.000835749 0.00364672 0.919137 0.0547065 
0.00108793 4.73513e-05 0.030704 0.00270707 5.27201e-05 7.89551e-08 0.0267804 0.0718386 0.755071 0.111711 
0.0217825 0.0235703 4.12077e-12 0.0262689 9.71533e-06 4.07067e-11 0.0228406 6.52318e-05 0.899391 0.00607173 
0.201685 5.89854e-11 0.0260498 0.000504663 0.000310624 5.34994e-11 0.00421178 0.0274816 0.717285 0.0224719 
0.245743 8.02701e-05 0.00651903 1.39519e-06 7.91241e-07 1.08232e-09 5.66765e-06 0.015738 0.71805 0.0138622 
0.0587892 0.00453049 0.00835765 0.0113751 0.00390289 3.7328e-07 0.110401 0.0127267 0.65559 0.134327 
0.000839377 0.00284903 0.171964 0.0146475 0.000733902 5.48295e-06 0.0245567 0.214591 0.340595 0.229218 
0.122939 0.00230689 0.0350256 0.0261863 0.00277552 0.00087389 0.0123286 0.0381331 0.658839 0.100592 
0.0238765 0.00366965 0.00664888 0.000103228 0.000137551 4.85439e-06 0.000188546 0.000480904 0.913076 0.0518139 
0.0233602 0.00141184 0.0769484 0.115123 0.0493089 0.0136923 0.0261869 0.196931 0.427244 0.0697937 
0.00353573 1.14421e-05 0.127177 0.0772354 0.0547254 6.92256e-06 0.0263435 0.0823522 0.542922 0.0856898 
0.0460022 5.54748e-07 0.0343363 0.000388381 0.000313869 1.15614e-06 0.019086 0.00670308 0.850479 0.0426896 
0.00509804 0.00602337 0.00701986 0.00595086 1.12505e-05 0.00437633 0.00118686 0.0806933 0.773124 0.116517 
0.379092 0.00063232 0.0517675 0.0266654 0.00174671 0.00229797 0.0219547 0.0114052 0.422633 0.0818053 
0.000671004 2.1334e-06 0.000719801 0.000101944 1.12583e-05 1.93498e-06 4.07503e-07 0.0513099 0.944987 0.00219481 
0.0793686 0.0541524 0.00565968 0.000709143 1.19624e-05 4.48298e-07 0.215025 0.0432744 0.574469 0.0273289 
0.00257555 5.97836e-06 0.0075216 0.00251557 7.21335e-05 5.21924e-07 0.00109491 0.00589012 0.943759 0.0365644 
0.00414885 5.1992e-07 0.0187892 0.0399881 6.71207e-08 3.91327e-07 0.00514288 0.0882757 0.532563 0.311091 
0.244436 0.00412911 0.105084 0.0310892 0.000142394 5.57305e-06 0.00289843 0.183131 0.362612 0.0664719 
0.0010402 0.000139031 0.0382267 0.0143054 0.000241371 4.24328e-05 0.012573 0.0856024 0.728853 0.118977 
0.0180355 3.00324e-06 0.0207422 0.0144297 0.0108218 3.0035e-06 0.107598 0.228416 0.448156 0.151795 
0.0574784 0.000230165 0.0796031 0.0801031 0.0123272 5.09731e-06 0.0235157 0.0693474 0.451906 0.225484 
0.000161887 0.00447587 0.00818069 0.0338692 3.25001e-07 6.70029e-07 0.000427561 0.00337814 0.849865 0.0996408 
0.0870825 0.00338602 0.0879256 0.0261282 0.00263159 0.0013408 0.0278334 0.0473055 0.494684 0.221683 
0.457614 5.06045e-07 0.000448258 0.000443244 0.000178966 4.49588e-09 0.00786425 0.000719318 0.481648 0.0510832 
1.98559e-09 9.78563e-09 4.85185e-05 4.89941e-05 2.6912e-09 8.87551e-09 3.02823e-05 0.244372 0.64472 0.11078 
0.00310417 7.71678e-06 0.00026363 0.00110924 0.070192 2.11758e-08 0.00393123 0.293052 0.410392 0.217948 
0.0105935 0.00179547 0.187158 0.172537 0.136373 0.00188218 0.032615 0.0325353 0.30612 0.118391 
0.000242232 3.35845e-06 0.0584178 0.327526 0.00180434 2.74118e-06 0.0287304 0.0219704 0.399931 0.161372 
0.126156 0.00283373 0.0571969 0.0243056 0.0011349 0.00180538 0.0233253 0.0619789 0.570327 0.130936 
0.00542737 1.73215e-07 0.013768 0.000261742 7.65036e-05 1.2673e-07 0.00116524 0.00347801 0.923468 0.0523553 
0.0649627 0.0140685 0.0163495 0.0141747 4.39699e-05 2.69749e-06 0.00835802 0.0271007 0.738016 0.116923 
0.0404472 0.000817429 0.0214672 0.00568863 0.000445653 6.33846e-05 0.00740934 0.0159374 0.730091 0.177632 
0.179118 0.031619 0.0353735 0.004782 0.00932762 7.89895e-07 0.00630824 0.0217064 0.596129 0.115636 
0.11906 0.000711949 0.209901 0.0149489 0.000106825 1.54284e-08 0.019235 0.135506 0.290265 0.210265 
0.00257555 5.97836e-06 0.0075216 0.00251557 7.21335e-05 5.21924e-07 0.00109491 0.00589012 0.943759 0.0365644 
0.02914 0.0806367 0.0361411 0.0518887 0.00836114 5.56778e-06 0.0132884 0.0172918 0.591931 0.171316 
0.00377161 4.23834e-09 0.011395 0.000400346 5.53833e-05 3.44966e-09 0.00138935 0.00322689 0.929663 0.0500979 
0.0322766 0.000142855 0.198093 0.176724 8.18786e-06 4.36803e-07 0.0297209 0.182767 0.249217 0.131049 
0.0457248 2.24842e-05 0.0266867 0.0185036 3.25598e-05 2.78244e-05 0.00371505 0.0140233 0.853839 0.0374248 
0.00810158 1.57853e-06 0.0143361 0.0162372 8.29718e-05 5.73963e-06 0.000659931 0.00653363 0.904216 0.0498253 
0.0314165 0.00269025 0.0213199 0.0190642 0.000273257 3.79827e-05 0.016816 0.0360245 0.799856 0.0725018 
0.0877111 1.10778e-07 0.0147637 0.0177583 3.03345e-05 3.9916e-08 0.00959058 0.00213436 0.83489 0.0331217 
0.0415345 0.0148654 0.0899793 0.0465994 0.00142919 0.00360369 0.00369504 0.151449 0.392675 0.25417 
0.128538 0.00753017 0.0267917 0.0163281 0.00165244 0.000719935 0.00557568 0.0392777 0.670156 0.103431 
0.0238765 0.00366965 0.00664888 0.000103228 0.000137551 4.85439e-06 0.000188546 0.000480904 0.913076 0.0518139 
0.143818 0.00123693 0.071103 0.0238888 0.0227187 4.43617e-06 0.00944224 0.0371274 0.587121 0.10354 
0.00649568 2.19757e-07 0.0151655 0.000169576 9.03618e-05 1.60592e-07 0.000854735 0.00378269 0.918927 0.0545139 
0.0577262 3.4002e-05 0.108405 0.000881794 0.000535859 6.07206e-07 0.00105619 0.140615 0.483856 0.206889 
0.00200822 1.20637e-08 0.124645 0.000816289 3.90278e-09 7.27599e-12 7.36492e-06 0.0170298 0.495078 0.360416 
0.0533655 0.0975782 0.0350993 0.00946247 0.000992048 0.000642054 0.00907352 0.039172 0.607131 0.147484 
0.167154 0.0214087 0.0363546 0.0402662 0.00334938 4.14173e-05 0.0268539 0.0111027 0.489897 0.203572 
0.151012 0.000209266 0.0415807 0.0972173 5.31269e-06 1.67131e-05 0.113393 0.0353088 0.493604 0.0676531 
0.317938 0.00455715 0.0527929 0.0165257 0.0136754 2.96571e-06 0.0232187 0.0266465 0.464308 0.0803346 
0.051878 0.000918773 0.0252109 0.00214333 0.000198418 2.68078e-08 0.00715854 0.0011002 0.875335 0.0360569 
0.00976064 0.000151888 0.00438596 0.127064 2.73045e-08 1.45852e-09 0.00120169 0.0320418 0.570883 0.254511 
0.034799 0.0180382 0.0228761 0.0518059 0.014023 0.00242152 0.0208287 0.0108304 0.487663 0.336714 
0.164467 0.000939698 3.36771e-07 0.000622213 2.8752e-05 3.959e-09 2.31857e-08 0.0228349 0.810882 0.00022565 
0.0456567 4.7689e-08 0.00223696 0.00762586 1.34079e-06 4.86797e-08 0.00058258 0.051578 0.881708 0.0106107 
0.426254 0.00831524 0.0162889 0.00604649 0.000214166 4.64007e-06 0.00787516 0.0126825 0.492866 0.0294531 
0.0195117 3.11367e-10 0.0119797 0.0102448 2.02763e-08 0.000327888 0.0466375 0.05467 0.750386 0.106243 
0.200661 0.00055797 0.15149 0.00273693 0.013557 3.06537e-05 0.00341842 0.0658593 0.506817 0.0548714 
0.000992955 0.000365844 0.0341215 0.0964204 0.000243032 7.21731e-05 0.00504053 0.0410691 0.62598 0.195695 
0.0828245 0.00760689 8.92071e-05 0.00104526 0.00138965 5.0607e-11 0.101062 0.000832281 0.799209 0.00594046 
0.0185004 0.00237728 0.112422 0.0989416 0.0021323 7.42779e-08 0.00526885 0.143369 0.417999 0.198989 
0.0245361 0.00586375 0.0441845 0.0298309 2.16089e-05 6.83383e-06 0.0149462 0.00684362 0.789423 0.0843436 
0.000640341 6.81606e-07 0.171917 0.0551308 8.54195e-10 2.81712e-09 0.102099 0.0601486 0.610055 8.81819e-06 
0.00380439 0.00828127 0.102855 0.050503 1.97992e-05 0.00491039 0.0332937 0.0592893 0.410592 0.326451 
0.027129 0.00300719 0.00544103 8.45811e-05 0.000112747 4.09639e-06 0.000154507 0.00114496 0.920526 0.0423954 
0.00481718 2.24779e-05 0.0154816 0.00107927 0.000490031 3.83599e-06 0.0478947 0.083051 0.614034 0.233126 
0.118119 0.000137025 0.0123114 0.0106699 0.000196074 1.95206e-06 0.0207641 0.0657909 0.588827 0.183182 
0.0998782 0.00343896 0.0430873 0.0363601 7.69534e-05 1.88339e-05 0.0135996 0.0209794 0.648705 0.133855 
0.00975803 0.000209217 8.40771e-08 0.00151726 0.00223921 1.04208e-11 0.00254449 0.00233906 0.981393 1.3762e-07 
0.00975803 0.000209217 8.40771e-08 0.00151726 0.00223921 1.04208e-11 0.00254449 0.00233906 0.981393 1.3762e-07 
0.0480521 0.0109963 0.0255877 0.0294572 0.00104633 8.24685e-06 0.0119594 0.0525105 0.779265 0.0411176 
0.00975803 0.000209217 8.40771e-08 0.00151726 0.00223921 1.04208e-11 0.00254449 0.00233906 0.981393 1.3762e-07 
0.157744 0.00331967 0.0434687 0.0261255 0.00446796 7.55554e-05 0.0283552 0.0414038 0.596565 0.0984746 
0.00741143 0.00154498 0.0311054 0.000422158 6.75496e-05 0.000154826 0.0215584 0.0756727 0.735755 0.126307 
0.0293182 2.78724e-05 0.0154082 0.0269382 0.000390825 3.17746e-05 0.0187431 0.0602345 0.769593 0.0793143 
0.268862 3.53191e-07 0.192837 0.0148717 0.000215867 3.02208e-05 0.00468189 0.0110156 0.425836 0.0816492 
0.183304 0.00217651 0.118909 0.00202475 0.00327802 1.96259e-10 0.0311159 0.00509304 0.426305 0.227794 
0.0238765 0.00366965 0.00664888 0.000103228 0.000137551 4.85439e-06 0.000188546 0.000480904 0.913076 0.0518139 
0.0692427 0.00439805 0.295362 0.0689017 0.0112106 0.000384655 0.027566 0.04692 0.353797 0.122217 
0.000866533 2.22136e-08 0.0377154 0.0272473 0.000132256 2.8177e-06 0.0940676 0.140262 0.674603 0.0251036 
0.222886 8.04493e-05 0.165698 0.0714326 0.000185056 1.28534e-06 0.0296174 0.0286367 0.265117 0.216346 
0.00505992 1.09522e-06 0.00529711 0.0513914 0.00012385 2.7265e-06 0.0267734 0.0826404 0.466319 0.362391 
0.00522733 0.0132345 0.152646 0.0270612 0.000647166 1.02609e-05 0.0358317 0.136945 0.395541 0.232856 
0.0324267 0.000140313 0.0240248 0.0350763 0.000222371 3.17556e-05 0.0178598 0.0120092 0.496528 0.381681 
0.00248779 2.55765e-08 0.0260218 8.36253e-05 0.000352817 5.62434e-10 0.0820122 0.00734402 0.873467 0.00823093 
0.000332625 0.002949 0.000287669 5.95053e-05 0.000265643 1.19152e-05 7.70936e-05 5.90493e-05 0.993523 0.00243495 
6.35939e-05 1.99613e-08 1.83276e-09 6.47555e-05 5.48965e-09 1.81047e-08 3.27941e-05 0.18549 0.745931 0.0684184 
0.0317231 0.00109641 0.0278591 0.0211169 0.00170071 7.03938e-05 0.0055576 0.00408186 0.760863 0.145931 
0.0269991 0.0549436 0.0598877 0.0537388 0.00126971 0.00488134 0.00956774 0.0345084 0.569463 0.184741 
0.0184588 0.00585345 0.0894585 0.0134454 6.97387e-05 8.99876e-06 0.000750636 0.0509353 0.67641 0.144609 
0.0018893 0.000904679 0.101901 0.0248009 0.00110163 1.61586e-07 0.00126886 0.0250396 0.755325 0.0877686 
0.0575904 0.000295384 0.09086 0.043919 0.00347596 0.000174438 0.0165489 0.115058 0.540222 0.131855 
0.106231 0.00257102 0.0734041 0.0245504 6.14746e-05 8.54599e-05 0.0570198 0.0148676 0.635907 0.085303 
0.00160598 4.03864e-06 0.00034832 0.00231923 1.11069e-06 3.66302e-06 0.00185568 0.237871 0.75599 2.45556e-07 
0.405836 9.71633e-09 0.000198201 0.0010191 0.000420161 2.68766e-11 0.00357932 0.000273323 0.578551 0.0101223 
0.14014 0.00226261 0.0251753 0.00147699 0.000312778 8.8423e-08 0.000618363 0.0141119 0.773089 0.042813 
0.185764 0.00318286 0.0366937 0.00484052 0.000343818 4.30408e-06 0.0189322 0.0285266 0.664995 0.0567165 
0.000684235 5.57993e-08 0.0144906 0.00570507 3.73975e-07 3.11e-06 0.00204567 0.00257064 0.907472 0.0670285 
0.0399171 0.0216761 0.0902188 0.0285166 0.000918963 0.0268031 0.00718617 0.320756 0.348446 0.115561 
0.0385408 0.000166207 0.0234756 0.00730562 0.00172367 0.000177334 0.0188341 0.0261248 0.843361 0.040291 
0.0324267 0.000140313 0.0240248 0.0350763 0.000222371 3.17556e-05 0.0178598 0.0120092 0.496528 0.381681 
0.023385 0.0111576 0.0578675 0.0136552 0.00770218 4.80504e-06 0.00737824 0.00509545 0.752538 0.121216 
0.0108427 0.0296246 0.0237164 0.0390604 0.0625595 1.5922e-06 0.0266979 0.00988093 0.43678 0.360836 
0.0238765 0.00366965 0.00664888 0.000103228 0.000137551 4.85439e-06 0.000188546 0.000480904 0.913076 0.0518139 
0.0196006 0.00310568 0.00546409 8.72459e-05 0.000117044 6.67014e-06 0.00015971 0.000401248 0.928612 0.0424457 
0.0335192 0.00118741 0.232669 0.00137046 1.01994e-06 8.21113e-05 0.031648 0.299332 0.361922 0.0382693 
0.147847 2.26177e-07 0.000999578 0.0118045 9.98829e-06 4.34426e-08 0.22022 0.0380608 0.459269 0.121789 
0.0133719 0.00193982 0.0701885 0.0390958 0.00134784 4.90045e-05 0.081402 0.0469473 0.614978 0.13068 
0.0185004 0.00237728 0.112422 0.0989416 0.0021323 7.42779e-08 0.00526885 0.143369 0.417999 0.198989 
0.00273648 1.83398e-07 0.0783574 0.0719957 1.03033e-05 1.88615e-06 0.00279844 0.00547041 0.783327 0.0553018 
0.0131689 0.00166235 0.0709233 0.027073 0.145668 0.056652 0.0646465 0.152901 0.257971 0.209333 
0.000747778 0.000163642 0.0566331 0.0674413 0.0459039 4.20639e-06 0.0231222 0.283228 0.36582 0.156936 
0.101154 0.0155014 0.0123942 0.0106593 0.000614337 0.000329837 0.00765136 0.0418225 0.713863 0.0960102 
0.128573 0.00184201 0.00791067 0.00216528 0.00182484 3.37046e-07 0.000591111 0.00792238 0.807315 0.0418551 
0.161502 0.0063235 0.0126037 0.0493836 0.000182477 1.90802e-05 0.0228146 0.0198125 0.656648 0.0707101 
0.0354711 2.31168e-05 0.109021 0.101365 5.97878e-05 1.93958e-06 0.0225798 0.218031 0.282525 0.230923 
0.013303 1.3547e-07 0.0340454 0.334984 8.5709e-05 7.11949e-06 0.00750791 0.0444127 0.443105 0.122549 
0.324525 0.00188041 0.0244908 0.0133458 0.000442158 0.00012699 0.00650676 0.00388706 0.555423 0.0693725 
0.00089937 2.24304e-07 0.00592584 0.0788641 6.5212e-05 2.08268e-06 0.0016468 0.00460172 0.812071 0.0959232 
0.0488861 0.000663085 0.0714368 0.0500448 0.000693409 0.00161014 0.0167378 0.0773331 0.612549 0.120046 
7.64058e-07 1.89578e-08 0.101586 2.28895e-07 6.19064e-09 1.07507e-08 0.00371798 0.144901 0.63544 0.114353 
1.16841e-05 1.84513e-08 0.000402384 0.127788 3.27658e-06 1.24452e-05 0.000247909 0.360696 0.450617 0.0602212 
0.0770616 1.65835e-05 0.00521024 7.7456e-05 1.01587e-06 8.5267e-06 0.00078568 0.000140089 0.914722 0.00197643 
0.108264 1.73952e-06 0.0811435 0.00438278 0.00582116 7.80867e-07 0.00224329 0.165978 0.586956 0.045209 
0.00377161 4.23834e-09 0.011395 0.000400346 5.53833e-05 3.44966e-09 0.00138935 0.00322689 0.929663 0.0500979 
0.0018874 1.80079e-05 0.0522248 0.0144939 3.98734e-05 0.006452 0.0128471 0.339895 0.540655 0.0314873 
0.000313347 7.36466e-06 0.00274388 0.113743 1.70548e-06 8.05564e-07 0.00133391 0.0187381 0.691942 0.171176 
0.00245634 0.00625034 0.191531 0.00808987 0.00035327 0.00126117 0.0111449 0.131176 0.474268 0.173469 
0.00401734 0.000203052 0.0538553 0.0503458 0.00827787 1.75123e-09 0.0113835 0.356302 0.398175 0.117439 
0.00975803 0.000209217 8.40771e-08 0.00151726 0.00223921 1.04208e-11 0.00254449 0.00233906 0.981393 1.3762e-07 
0.102185 0.00237846 0.035604 0.0305265 0.00379219 0.000364877 0.0165529 0.0372832 0.676983 0.0943303 
0.00498031 3.25634e-07 0.0131001 0.00510955 4.70828e-05 3.38873e-07 0.00420433 0.00112704 0.911182 0.0602494 
0.00218117 0.00149615 0.000423711 0.000161571 0.000119876 5.23865e-06 0.0150783 0.000883137 0.975848 0.00380253 
0.0964267 0.000317421 0.0428052 0.0151995 0.0017981 7.33194e-08 0.029279 0.0121117 0.627363 0.174699 
0.0915617 0.000592354 0.164266 0.0330782 0.103499 1.24843e-05 0.00877575 0.0410279 0.399224 0.157962 
0.0275549 0.000287125 0.21608 0.0389109 0.00111992 5.12176e-06 0.0266545 0.19315 0.26806 0.228177 
0.107734 4.57386e-10 0.00079418 0.00488142 1.1672e-08 1.36177e-06 0.00118048 0.000259802 0.883251 0.00189838 
0.0773719 0.000191915 0.0415833 0.00771506 3.72204e-05 2.42753e-06 0.0177903 0.00430853 0.759714 0.0912853 
0.00126145 0.122052 0.0412189 0.0226818 1.03044e-06 2.24753e-07 0.0279682 0.231278 0.438078 0.115461 
0.094422 0.0176052 0.0262739 0.0186874 5.88939e-05 0.000195398 0.00374827 0.0758936 0.700313 0.0628025 
0.0375687 0.00250198 0.0647112 0.0377139 0.00174867 0.000141838 0.0320058 0.0575399 0.634867 0.131201 
0.0238765 0.00366965 0.00664888 0.000103228 0.000137551 4.85439e-06 0.000188546 0.000480904 0.913076 0.0518139 
0.00365387 3.76676e-08 0.127666 0.164363 5.84154e-05 0.000252514 0.00190646 0.0418877 0.447303 0.212909 
0.0154234 1.16722e-07 0.106681 0.168565 0.00142254 6.76057e-10 0.047893 0.00769172 0.338825 0.313498 
0.00440623 3.04767e-05 0.00368043 0.0121279 0.0029154 8.84315e-07 0.00199671 0.0769788 0.816421 0.0814418 
0.0139451 3.26353e-07 0.0710337 0.0053678 2.41291e-05 1.77284e-05 0.00418818 0.0806771 0.735728 0.0890178 
0.164467 0.000939698 3.36771e-07 0.000622213 2.8752e-05 3.959e-09 2.31857e-08 0.0228349 0.810882 0.00022565 
0.00377161 4.23834e-09 0.011395 0.000400346 5.53833e-05 3.44966e-09 0.00138935 0.00322689 0.929663 0.0500979 
0.00475241 0.0667506 0.074555 0.166056 0.00479283 0.00600725 0.0171948 0.104699 0.292249 0.262943 
0.0276121 0.00253373 0.0232839 0.0093193 6.72087e-05 4.57082e-05 0.0775263 0.0176001 0.665733 0.176279 
0.00377161 4.23834e-09 0.011395 0.000400346 5.53833e-05 3.44966e-09 0.00138935 0.00322689 0.929663 0.0500979 
3.9399e-05 1.16269e-07 0.0434932 0.222179 8.2414e-06 1.05455e-07 0.000138204 0.0034873 0.703138 0.0275166 
0.0871174 0.00354647 0.0191856 0.0275813 0.00449357 0.00125812 0.0173146 0.0260058 0.684677 0.12882 
0.277354 3.34157e-07 0.120234 0.165575 0.00129222 5.82732e-11 2.3305e-06 0.0208855 0.390348 0.0243084 
0.0433633 1.55625e-05 0.233694 0.0270847 0.000107962 0.000316944 0.125277 0.0687501 0.273557 0.227833 
0.00975803 0.000209217 8.40771e-08 0.00151726 0.00223921 1.04208e-11 0.00254449 0.00233906 0.981393 1.3762e-07 
0.00152497 0.000337294 0.0634128 0.0991652 0.000752499 0.00217129 0.00152069 0.28028 0.343743 0.207092 
0.0266316 0.00120645 0.0207005 0.0213379 0.000206551 2.91086e-05 0.00736474 0.0310805 0.842844 0.0485987 
0.0035702 0.180092 0.0596879 0.0232487 0.000269291 0.0323081 0.0156027 0.0422326 0.397418 0.245571 
0.0286655 0.0101299 0.0231858 0.0194003 0.00304968 1.42178e-05 0.0234571 0.259698 0.481634 0.150765 
0.0388028 0.00467389 0.0104358 0.0237084 0.0079667 2.57168e-06 0.00721615 0.00495525 0.864747 0.0374917 
0.0680973 3.0011e-07 0.00293079 0.000220152 4.9689e-05 4.35571e-09 0.000241536 0.0165176 0.853616 0.0583267 
0.00301519 0.000499528 0.00638338 0.000126127 0.000164682 3.61479e-06 0.000558313 0.00152608 0.959103 0.0286203 
0.0238765 0.00366965 0.00664888 0.000103228 0.000137551 4.85439e-06 0.000188546 0.000480904 0.913076 0.0518139 
0.0341399 0.0170098 0.164593 0.0135012 0.0173025 0.000642762 0.0041208 0.175216 0.291935 0.281538 
0.326698 0.000229265 0.0282598 0.0207252 7.00596e-05 2.90025e-06 0.0344673 0.00574881 0.357874 0.225924 
0.098487 0.000176153 0.218206 0.0755123 0.00022265 6.39523e-05 0.0176924 0.24257 0.287806 0.059264 
0.000343964 3.7229e-07 0.00961376 0.000364798 8.67784e-07 7.269e-07 0.000549021 9.99837e-05 0.628308 0.360718 
0.0929036 0.000189886 0.0534261 0.121618 0.00170529 6.99449e-07 0.00366477 0.0391309 0.613295 0.0740659 
1.46065e-06 2.68445e-11 5.75116e-08 0.0010528 4.12328e-09 2.43478e-11 0.00760372 6.32648e-08 0.947334 0.0440076 
2.58284e-07 0.00140949 8.4812e-07 0.0196946 3.88076e-07 2.44151e-07 0.0107793 0.16028 0.694718 0.113116 
0.113024 1.81741e-05 0.0727335 0.0192615 0.000308029 0.000143434 0.0210571 0.0800635 0.511729 0.181662 
0.00224858 2.32665e-05 4.3863e-06 1.47653e-06 3.53784e-07 7.29313e-07 0.0162102 0.0536778 0.860945 0.0668878 
0.0118817 0.00315519 0.0987378 0.0169874 0.00383616 0.00144071 0.0315646 0.0915985 0.398901 0.341897 
0.0195393 0.00300877 0.00544146 8.46296e-05 0.000112818 4.13722e-06 0.000154597 0.00039394 0.927907 0.043353 
0.107734 4.57386e-10 0.00079418 0.00488142 1.1672e-08 1.36177e-06 0.00118048 0.000259802 0.883251 0.00189838 
0.00377161 4.23834e-09 0.011395 0.000400346 5.53833e-05 3.44966e-09 0.00138935 0.00322689 0.929663 0.0500979 
0.0164344 0.000104384 0.0150214 0.0159611 0.000112726 2.3494e-05 0.132783 0.00885495 0.508598 0.302106 
0.0293168 0.00397454 0.00831109 0.000129034 0.000160687 6.06643e-06 0.000235679 0.000587221 0.892639 0.0646395 
0.00843431 6.43962e-05 0.139144 0.0228691 0.0712964 4.32786e-07 0.00999107 0.0384044 0.651506 0.0582895 
0.0893261 0.00367143 0.0223808 0.0292952 0.00769991 0.000220923 0.0461338 0.00595924 0.666218 0.129095 
0.083888 0.000125581 0.169136 0.00150764 0.000306462 3.72997e-08 0.0141017 0.0181825 0.703172 0.00957941 
0.126029 2.01163e-05 0.00848578 0.000832152 4.46269e-06 6.13258e-08 0.000153962 0.0529512 0.652699 0.158825 
0.0879009 0.00234919 0.11734 0.0902956 0.000452157 1.12605e-07 0.000729132 0.174303 0.372693 0.153938 
3.87697e-06 6.50126e-05 0.0881787 0.113132 4.12467e-06 2.01369e-08 0.18842 0.144078 0.293926 0.172192 
0.0156052 0.00221402 0.0259434 0.0426133 0.000624722 0.000258499 0.200372 0.0197973 0.46276 0.229812 
0.0100008 7.9172e-05 0.0661463 0.0625536 1.48211e-07 5.75217e-11 0.0531851 0.00156942 0.552898 0.253567 
0.0435894 0.00503674 0.086974 0.0269163 0.000349471 0.00102888 0.0194662 0.0474197 0.606387 0.162833 
0.00618148 1.12968e-06 0.000131291 0.00225239 3.1803e-07 2.09825e-09 0.0817777 0.00167012 0.860857 0.0471282 
0.016444 0.000613288 0.0421799 0.0170615 0.00229919 8.33607e-05 0.0179294 0.0498858 0.797396 0.0561078 
0.0176323 2.06917e-06 0.0152461 0.200853 0.000128463 8.25439e-06 0.0143353 0.00691194 0.709546 0.0353368 
0.0252559 6.13583e-05 0.00248591 0.005121 0.00122897 4.67075e-10 0.00379793 0.036246 0.914979 0.0108241 
0.18707 0.000896743 0.0280245 0.0125852 0.0173356 0.000364933 0.00899174 0.0419931 0.635356 0.0673821 
0.0182115 0.000735191 0.0653933 0.0462994 0.00177059 2.36066e-06 0.020351 0.0683723 0.576147 0.202718 
0.0378461 2.2781e-06 0.136572 0.0298686 0.00638518 2.2783e-06 0.0734107 0.107835 0.608075 2.28005e-06 
0.214839 0.000601293 0.0264998 0.00745976 0.000227742 8.10376e-07 0.0161805 0.0165722 0.64577 0.0718493 
0.000175512 1.70343e-11 0.0166791 0.0478865 1.6024e-10 7.60379e-10 0.00462386 0.000652552 0.926658 0.00332416 
0.249769 0.0607802 0.0218819 0.0268948 0.0004707 0.000526218 0.0228493 0.00820258 0.423507 0.185118 
0.00295718 0.00029085 0.00998395 0.00290287 8.46183e-05 6.15845e-07 0.00114111 0.00767046 0.934493 0.0404758 
0.00758045 0.0135562 0.00553666 0.00642807 0.0380623 5.61197e-05 0.036933 0.0197322 0.777487 0.0946277 
0.000977072 4.08873e-07 0.0186779 0.277183 0.00071932 2.38943e-05 0.0041208 0.0846514 0.594377 0.0192695 
0.152272 4.26636e-06 0.0871202 0.0277397 0.0087243 0.0231907 0.00080738 0.317519 0.371196 0.011427 
0.218812 1.54329e-07 0.00239329 0.00575919 0.000692833 3.99338e-09 0.0315806 0.000412306 0.707816 0.032534 
0.0371855 0.00674987 0.0315821 0.013696 0.00141431 1.48856e-05 0.0123673 0.0161626 0.719837 0.160991 
0.0109135 0.000108672 0.0265915 0.194641 0.000184657 3.53316e-05 0.033805 0.151323 0.432332 0.150066 
0.074641 0.00266198 0.037186 0.0368344 0.00325376 0.000442024 0.0352119 0.0450149 0.655548 0.109206 
0.00257555 5.97836e-06 0.0075216 0.00251557 7.21335e-05 5.21924e-07 0.00109491 0.00589012 0.943759 0.0365644 
0.00128448 1.34542e-06 0.0474915 0.0108506 3.70011e-07 1.22029e-06 0.000322998 0.334106 0.591677 0.0142647 
0.00514521 0.00102105 0.0110453 0.0139116 9.26533e-05 0.000613641 0.0037742 0.0368247 0.865616 0.0619554 
0.084836 2.29699e-05 0.00279887 0.0125161 0.000330834 1.38081e-06 0.0126292 0.00288893 0.864249 0.0197269 
0.0805121 1.59074e-05 0.027354 0.0431719 5.67324e-05 1.80439e-05 0.0180946 0.00754361 0.700661 0.122572 
0.0206508 0.000616995 0.0500547 0.0157488 0.00336001 1.28271e-06 0.00887371 0.0410497 0.698817 0.160827 
1.92556e-06 0.000528061 8.71311e-07 0.145226 2.60983e-06 8.60717e-06 9.59129e-05 0.00285144 0.849996 0.00128805 
0.0176315 1.41691e-05 0.0175732 0.011364 3.69596e-05 9.94252e-06 0.00219069 0.0339202 0.868934 0.0483253 
0.169287 0.000933077 0.0441483 0.0316355 0.0248573 4.36053e-05 0.00981308 0.0564602 0.566331 0.0964911 
0.0171671 0.0145371 0.0136383 0.0013769 0.0535149 9.85572e-06 0.00730166 0.0229136 0.791554 0.0779863 
7.58396e-06 0.214161 0.00285288 0.060171 0.0247546 0.000103776 0.00281639 0.00450577 0.617752 0.0728759 
0.0356203 2.87073e-05 0.0212165 0.0464872 1.74398e-05 3.63241e-09 0.0582492 0.10578 0.695129 0.0374719 
0.000621218 0.000799614 0.069917 0.0130701 0.000686311 1.11644e-05 6.53132e-06 0.363058 0.422378 0.129453 
0.020323 5.90175e-05 0.0455527 0.268647 0.00021601 1.575e-05 0.16417 0.107248 0.285534 0.108235 
0.00248779 2.55765e-08 0.0260218 8.36253e-05 0.000352817 5.62434e-10 0.0820122 0.00734402 0.873467 0.00823093 
0.00843431 6.43962e-05 0.139144 0.0228691 0.0712964 4.32786e-07 0.00999107 0.0384044 0.651506 0.0582895 
0.146341 7.97152e-06 0.0953359 0.000993489 7.88034e-07 3.17086e-08 3.67891e-05 0.0143464 0.387086 0.355852 
0.0108074 1.38433e-05 0.0319393 0.0433079 0.000383169 1.18552e-09 0.00839786 0.0203833 0.861756 0.0230114 
0.157796 0.00209695 0.0342989 0.00765358 0.000277094 6.22666e-06 0.00414531 0.0177206 0.596955 0.179051 
0.292529 6.11586e-05 0.0487946 0.00215143 8.34706e-05 1.12505e-06 0.00666753 0.0836838 0.386365 0.179663 
0.00248779 2.55765e-08 0.0260218 8.36253e-05 0.000352817 5.62434e-10 0.0820122 0.00734402 0.873467 0.00823093 
6.05704e-07 1.88664e-09 1.05197e-06 0.030703 0.00844679 5.58264e-08 3.92078e-06 0.411799 0.54377 0.00527495 
0.0321775 6.06733e-05 0.0337316 0.0092197 2.73117e-05 0.00218504 0.0132815 0.0224043 0.592339 0.294574 
