4.27365e-07 2.10619e-06 1.93382e-07 3.11978e-07 5.79235e-07 0.000192941 4.02307e-07 0.999585 1.78298e-07 0.00021783 
2.61158e-08 2.58701e-05 1.18173e-08 0.00014491 3.53964e-08 1.16737e-07 0.000130322 0.919818 1.08956e-08 0.0798811 
0.000159689 1.58069e-06 0.241376 0.00678968 0.00137062 0.00837026 0.0113455 0.725071 6.00633e-07 0.00551535 
7.68951e-09 3.78964e-08 3.47949e-09 7.41021e-05 1.04221e-08 3.43718e-08 0.000178078 0.999701 3.20809e-09 4.70074e-05 
1.07152e-07 5.28082e-07 0.000363694 0.00115776 1.4523e-07 4.78967e-07 1.0087e-07 0.0025639 4.47043e-08 0.995913 
0.000117622 0.00029452 0.0232154 0.0277408 0.000546558 0.00122922 0.000214216 0.944904 8.39823e-05 0.0016535 
2.22363e-07 1.09588e-06 1.00619e-07 1.62326e-07 3.01383e-07 9.93955e-07 2.09325e-07 2.10292e-07 9.27706e-08 0.999997 
0.00019255 9.9026e-06 0.000322176 1.21664e-05 2.72336e-06 8.98159e-06 0.000194751 0.997994 8.38296e-07 0.00126153 
1.89689e-05 7.76976e-05 0.723311 0.0285977 0.000322835 4.26962e-05 0.00435538 0.228874 1.44653e-05 0.0143851 
1.15079e-07 5.67145e-07 5.20728e-08 8.40079e-08 1.55973e-07 5.14397e-07 1.08331e-07 0.99976 4.80112e-08 0.000237936 
0.000545344 0.00460307 0.526747 0.334109 0.05554 0.000802966 0.0147721 0.00938244 0.000400876 0.0530974 
2.49037e-06 2.92154e-09 0.999822 7.20534e-05 8.03468e-10 2.64982e-09 1.20544e-05 5.60626e-10 2.4732e-10 9.16596e-05 
0.0197099 0.0853696 0.0789192 0.0896237 0.134611 0.0579276 0.0181375 0.389446 0.0118395 0.114416 
1.98749e-06 8.81366e-05 1.22882e-05 2.76637e-07 9.106e-06 2.11474e-09 4.4536e-10 0.995031 1.97379e-10 0.00485727 
3.82117e-11 3.20332e-07 1.72907e-11 2.78947e-11 0.00617314 0.0017775 3.59712e-11 0.992049 1.59421e-11 1.09933e-07 
1.74441e-09 8.59705e-09 0.00410212 0.122072 1.73939e-06 2.37409e-05 1.89749e-06 0.756603 7.27776e-10 0.117196 
2.28008e-05 8.54293e-07 2.32456e-05 0.561091 0.00102967 7.74839e-07 0.000210323 0.288761 7.23195e-08 0.14886 
7.55183e-09 1.86462e-05 0.000155144 0.000763537 1.02355e-08 3.37564e-08 0.391207 0.139701 3.15065e-09 0.468154 
2.0234e-06 2.39271e-05 1.85243e-05 0.0196066 0.00802225 3.61636e-09 0.0388221 0.9335 3.37532e-10 4.07303e-06 
2.31629e-07 1.14154e-06 1.04811e-07 1.6909e-07 3.13941e-07 1.03537e-06 2.18047e-07 0.99999 9.66363e-08 7.0102e-06 
5.51032e-06 2.71567e-05 2.49341e-06 0.00644011 7.46849e-06 2.46309e-05 5.18723e-06 0.00938538 2.29892e-06 0.9841 
0.00553031 0.00222701 0.154633 0.0111215 0.111999 0.55821 0.0166262 0.030449 0.00171799 0.107486 
1.5356e-07 7.56796e-07 6.94858e-08 0.989557 2.0813e-07 6.86409e-07 0.00336831 1.45225e-07 6.40659e-08 0.00707245 
1.21549e-06 1.32066e-06 0.145267 0.257354 0.015599 8.80033e-10 0.499152 0.0342295 8.21378e-11 0.0483954 
8.31096e-11 4.09592e-10 0.483496 0.42546 1.12644e-10 3.71497e-10 8.21561e-07 1.49415e-07 3.46736e-11 0.0910432 
1.15079e-07 5.67145e-07 5.20728e-08 8.40079e-08 1.55973e-07 5.14397e-07 1.08331e-07 0.99976 4.80112e-08 0.000237936 
0.00429398 0.00340261 0.116396 0.632629 0.0446264 0.0341849 0.0723706 0.0121635 0.00289264 0.0770405 
7.51009e-07 3.70122e-06 0.00560753 5.4824e-07 1.01789e-06 0.00806013 0.00205093 0.982835 3.13324e-07 0.00144048 
8.12293e-08 4.00325e-07 3.67561e-08 5.92978e-08 0.000253329 0.000944403 7.64665e-08 0.998568 3.38892e-08 0.000233693 
1.79605e-06 8.85153e-06 8.03958e-05 4.05485e-05 2.43431e-06 8.02829e-06 2.27732e-05 0.999799 7.49319e-07 3.54346e-05 
1.35602e-10 6.68293e-10 6.13598e-11 0.494814 1.83791e-10 6.06138e-10 0.403192 1.28241e-10 5.65738e-11 0.101994 
7.23775e-10 3.567e-09 3.49065e-06 6.07515e-08 1.01476e-06 2.01006e-05 1.857e-06 0.999761 3.01962e-10 0.000212817 
1.99928e-10 2.89712e-13 5.79909e-10 4.29134e-14 0.000224371 0.999744 4.04025e-10 3.15614e-05 2.45253e-14 1.32995e-09 
2.47985e-07 0.00843409 0.000482626 1.8103e-07 0.000538112 1.10848e-06 0.000280367 0.990137 1.0346e-07 0.000126399 
6.72316e-08 3.3134e-07 6.08747e-05 4.90794e-08 9.11234e-08 3.00523e-07 0.000202589 0.00012087 2.80493e-08 0.999615 
1.09975e-10 5.41991e-10 0.215281 0.213969 3.87693e-07 4.91582e-10 0.00838645 1.10256e-06 4.58818e-11 0.562362 
9.18418e-07 4.52627e-06 0.000842592 2.66583e-05 0.000631886 4.1053e-06 8.64568e-07 0.957273 3.83167e-07 0.0412152 
1.90564e-08 9.39161e-08 3.36382e-05 1.39112e-08 3.10198e-05 8.51813e-08 4.66594e-05 0.999878 7.95039e-09 1.02842e-05 
1.40699e-05 2.81309e-05 0.10032 0.441996 0.0163657 0.000708886 0.417665 0.00193266 8.90756e-06 0.02096 
9.76423e-07 4.81214e-06 4.4183e-07 0.999619 0.000133664 4.36458e-06 9.19172e-07 9.2342e-07 4.07367e-07 0.000234361 
0.00360203 0.00102883 0.0257452 0.000893164 0.00186785 0.000509278 0.00480714 0.947945 0.000138606 0.0134627 
2.60036e-08 1.28154e-07 1.17666e-08 1.89828e-08 3.52444e-08 1.16235e-07 2.44789e-08 0.999943 1.08488e-08 5.6652e-05 
2.13822e-07 1.34779e-08 2.43788e-06 1.99641e-09 6.7765e-06 1.22244e-08 2.57444e-09 0.999989 1.14096e-09 1.13881e-06 
3.01276e-06 1.48479e-05 0.000511545 0.99852 4.08338e-06 1.34669e-05 2.83611e-06 2.84922e-06 1.25693e-06 0.000926097 
1.13282e-07 5.58291e-07 6.95218e-05 8.26964e-08 1.53538e-07 0.000247258 0.419048 0.335902 4.72617e-08 0.244732 
0.330765 8.96645e-09 5.59898e-06 0.000208254 2.46591e-09 8.13251e-09 1.25044e-05 0.026511 7.59047e-10 0.642497 
2.26026e-09 8.92263e-06 1.73972e-06 1.6665e-07 0.00257914 2.03076e-06 2.12774e-09 0.997407 9.4299e-10 1.42299e-06 
1.9445e-06 9.58314e-06 8.79882e-07 1.41949e-06 0.000529738 8.69185e-06 0.00219841 0.996898 8.11252e-07 0.000350185 
1.84443e-06 9.08996e-06 0.969469 0.0138697 2.49987e-06 8.24453e-06 0.0107667 0.00471138 7.69502e-07 0.00116119 
1.62056e-05 4.09794e-05 0.960806 0.014984 4.19492e-05 6.88548e-06 2.37336e-05 0.000299101 2.90379e-06 0.023778 
1.87133e-08 9.22252e-08 8.46772e-09 0.88865 2.53633e-08 8.36476e-08 0.000176178 0.111055 7.80724e-09 0.000118323 
0.0416543 0.125755 0.241314 0.064871 0.293127 0.0161934 0.0488733 0.127432 0.0137001 0.02708 
8.31096e-11 4.09592e-10 0.483496 0.42546 1.12644e-10 3.71497e-10 8.21561e-07 1.49415e-07 3.46736e-11 0.0910432 
6.44976e-07 3.17866e-06 0.000932025 0.00716333 8.74178e-07 2.88302e-06 0.989143 0.00238452 2.69086e-07 0.000369082 
4.51107e-09 3.78167e-05 2.04125e-09 3.2931e-09 6.11414e-09 2.01643e-08 4.24657e-09 0.99996 1.88203e-09 2.43449e-06 
1.45447e-05 2.22513e-08 0.0288217 2.7866e-05 3.28686e-06 0.000183957 3.12669e-05 0.970791 1.88367e-09 0.000126149 
0.000976364 0.00135596 0.133476 0.00881864 0.00751254 0.00355985 0.17526 0.279085 0.000811587 0.389144 
0.00429398 0.00340261 0.116396 0.632629 0.0446264 0.0341849 0.0723706 0.0121635 0.00289264 0.0770405 
9.3333e-07 4.59976e-06 4.2233e-07 6.81335e-07 1.265e-06 4.17195e-06 8.78605e-07 0.99856 3.89388e-07 0.00142661 
0.0265874 0.0027897 0.891144 0.0130168 0.0368823 0.000116205 0.014217 0.00969269 8.12936e-05 0.00547227 
2.41267e-10 1.18904e-09 0.692913 0.0709743 2.22396e-06 3.94726e-05 0.0907353 4.50411e-05 1.00657e-10 0.145291 
0.00429398 0.00340261 0.116396 0.632629 0.0446264 0.0341849 0.0723706 0.0121635 0.00289264 0.0770405 
1.09955e-07 5.41893e-07 4.97542e-08 0.00939937 0.000566458 4.91493e-07 0.9848 0.00347324 4.58735e-08 0.00175945 
1.088e-07 1.53845e-09 0.000186039 9.33081e-09 0.000252174 0.9985 0.000462043 0.000421957 3.12161e-10 0.000177525 
8.59848e-07 4.23761e-06 3.89079e-07 6.27693e-07 1.16541e-06 3.84349e-06 0.00558588 0.993861 3.58731e-07 0.000541331 
3.49342e-09 5.94818e-06 5.91403e-05 0.0214308 4.73486e-09 3.24322e-06 0.142821 6.02096e-08 1.45747e-09 0.835679 
0.00423518 0.00334888 0.471567 0.127902 0.00841808 0.0347529 0.156049 0.012837 0.00156714 0.179322 
8.05144e-06 3.96801e-05 0.0211346 5.87759e-06 1.09126e-05 3.59896e-05 7.57935e-06 0.0281808 3.35909e-06 0.950573 
2.1378e-10 1.59822e-06 0.0295672 0.660734 2.15403e-06 9.55587e-10 2.01245e-10 0.309695 8.91896e-11 3.95832e-07 
4.66927e-06 2.30117e-05 2.11283e-06 3.40859e-06 6.32856e-06 2.08715e-05 4.39549e-06 0.18017 1.94803e-06 0.819763 
9.43857e-06 2.36212e-05 0.688875 0.0268442 0.000402186 4.34949e-05 1.71944e-05 0.282286 6.74072e-06 0.00149283 
8.40362e-07 0.00367453 0.405155 0.176212 0.00919912 1.30802e-06 0.072266 0.207377 7.19164e-07 0.126113 
3.18043e-07 0.0225841 0.973315 0.00127452 0.000259203 1.42164e-06 1.7631e-05 0.00218113 1.32689e-07 0.000366969 
2.21835e-07 1.09328e-06 0.000663765 9.98462e-05 0.000365081 9.91597e-07 0.000464179 0.998343 9.25505e-08 6.20832e-05 
1.98749e-06 8.81366e-05 1.22882e-05 2.76637e-07 9.106e-06 2.11474e-09 4.4536e-10 0.995031 1.97379e-10 0.00485727 
0.00429398 0.00340261 0.116396 0.632629 0.0446264 0.0341849 0.0723706 0.0121635 0.00289264 0.0770405 
3.84503e-06 1.07841e-07 0.243805 0.22348 2.96579e-08 9.78112e-08 0.000122386 0.520167 9.12919e-09 0.0124216 
0.00200407 0.000750126 0.0830801 0.504503 0.00434624 0.324386 0.0119258 0.0433183 0.000104885 0.0255823 
1.82933e-05 9.01554e-05 0.997861 1.33542e-05 2.47941e-05 8.17704e-05 1.72207e-05 0.00114934 7.63203e-06 0.000736306 
1.92846e-09 9.50411e-09 8.72626e-10 1.40779e-09 1.96059e-05 8.62017e-09 1.81539e-09 0.999977 8.04562e-10 3.29441e-06 
1.03207e-05 5.08639e-05 4.6701e-06 7.53417e-06 1.39883e-05 4.61332e-05 9.71557e-06 9.76048e-06 4.30584e-06 0.999843 
1.90564e-08 9.39161e-08 3.36382e-05 1.39112e-08 3.10198e-05 8.51813e-08 4.66594e-05 0.999878 7.95039e-09 1.02842e-05 
1.92846e-09 9.50411e-09 8.72626e-10 1.40779e-09 1.96059e-05 8.62017e-09 1.81539e-09 0.999977 8.04562e-10 3.29441e-06 
1.93307e-06 9.52681e-06 8.74711e-07 7.5996e-05 4.87794e-05 8.64076e-06 0.999845 1.82814e-06 8.06484e-07 7.07343e-06 
0.00429398 0.00340261 0.116396 0.632629 0.0446264 0.0341849 0.0723706 0.0121635 0.00289264 0.0770405 
0.00149791 0.0251267 0.106332 0.576832 0.143597 0.01642 0.00640626 0.0545411 0.00109902 0.0681486 
0.00676095 0.0432655 0.22551 0.0764915 0.328608 0.0174512 0.0810011 0.182408 0.00520815 0.0332949 
1.46045e-06 0.00254861 0.000109768 0.000265064 0.000410937 5.36456e-05 3.48644e-05 0.995609 5.95937e-08 0.000966288 
4.60949e-07 2.27171e-06 2.08579e-07 0.00286054 0.000313002 2.06043e-06 4.33922e-07 0.00353144 1.9231e-07 0.993289 
1.12165e-06 5.52786e-06 0.00205132 0.00127333 1.52025e-06 5.01374e-06 0.234535 0.760455 4.67956e-07 0.00167181 
2.10321e-09 1.03653e-08 0.563897 0.279603 2.85061e-09 9.40126e-09 1.97989e-09 0.156494 8.77466e-10 6.30288e-06 
1.10318e-06 5.43685e-06 4.99188e-07 8.05328e-07 1.49522e-06 4.93119e-06 0.33457 0.332985 4.60252e-07 0.33243 
2.56478e-07 1.26401e-06 1.16056e-07 1.8723e-07 3.47621e-07 1.14645e-06 2.4144e-07 0.999551 1.07004e-07 0.000445829 
0.00429398 0.00340261 0.116396 0.632629 0.0446264 0.0341849 0.0723706 0.0121635 0.00289264 0.0770405 
0.000453534 2.63693e-06 2.55203e-05 1.99865e-05 0.00622862 0.00392554 0.00994807 0.974472 2.23227e-07 0.00492425 
5.13226e-06 2.52935e-05 2.32234e-06 0.162713 6.95608e-06 2.2941e-05 0.169787 0.499487 2.1412e-06 0.167948 
1.0354e-07 1.4174e-05 0.00360765 0.95493 0.0290555 1.75947e-06 0.00957172 0.00166606 3.68696e-08 0.00115256 
0.000585126 2.43322e-05 0.0304636 0.705377 0.000119713 0.0164888 0.0594555 0.0928176 4.84284e-06 0.0946635 
8.51409e-08 0.000284468 0.0579879 0.00033757 1.15397e-07 3.80577e-07 0.0109174 0.930424 3.55211e-08 4.769e-05 
