0.0208268 0.00117127 0.0400343 0.0454938 0.363315 1.42846e-06 0.0115241 0.01973 0.0387602 0.459143 
0.000225983 0.0264894 0.0526329 7.3792e-05 0.00023653 0.000566875 0.0133755 0.0753428 0.0822636 0.748793 
0.026159 0.000465394 0.0859837 0.056884 0.0308398 1.02684e-11 0.0139946 0.114705 0.0321283 0.638841 
0.00648235 0.00540973 0.117901 0.296862 0.00186214 6.85451e-05 0.0279614 0.0182662 0.0647087 0.460477 
0.00268028 3.80229e-08 0.0113733 0.0632799 6.04448e-06 7.37392e-08 0.0654771 0.00375162 0.0870833 0.766348 
0.12511 0.000492788 0.0958247 0.0338589 4.23193e-05 8.01058e-06 0.0168687 0.00447748 0.351282 0.372034 
0.0170999 0.00100808 0.245618 0.106565 0.0089238 0.000946949 0.0647681 0.00983413 0.0600964 0.485139 
0.00349666 6.26305e-05 0.00744399 0.00730496 0.00019141 1.0419e-07 0.00902821 0.00362177 0.019134 0.949716 
0.000396226 0.000606606 0.193292 0.295879 1.30702e-05 4.06674e-08 0.10621 0.00368473 0.0137994 0.386118 
0.0335826 7.69984e-06 0.0490371 0.0354146 0.000233289 0.000964215 0.283946 0.0174962 0.0726232 0.506695 
5.59432e-09 1.1936e-08 0.0635518 1.51682e-08 1.16852e-08 7.58821e-10 0.00129871 0.000262996 0.000280818 0.934606 
0.0172477 0.00623895 0.179863 0.0971329 0.00103585 4.33959e-05 0.0668726 0.0300349 0.0626021 0.538929 
0.00437407 0.00017163 0.0158249 0.00187721 5.39817e-05 1.60959e-07 0.0551937 0.00203179 0.047906 0.872567 
0.000162751 7.95914e-05 0.261133 0.213404 7.54085e-05 1.25103e-06 0.177059 0.018752 0.0617464 0.267586 
0.0342535 0.00703523 0.0147866 0.311012 0.0153828 2.22376e-06 0.00531669 0.00808113 0.20911 0.39502 
0.000384307 0.000406982 0.0193693 0.0192696 0.0896887 9.59195e-06 0.014789 0.0382523 0.149649 0.668181 
0.00182718 0.00524418 0.254805 0.204612 0.0418228 1.35705e-08 0.0112306 0.158745 0.0643972 0.257316 
4.64483e-05 0.00274824 0.00504659 0.0180507 0.0622778 1.22763e-08 0.00511472 0.00122596 0.040629 0.864861 
0.0135662 0.000747056 0.271052 0.185728 0.00290179 0.000455421 0.175179 0.0109478 0.0396245 0.299798 
0.00400572 0.00314928 0.233045 0.233052 0.0067362 0.00231186 0.0863549 0.0163112 0.0502629 0.364771 
0.0196183 0.00012109 0.135003 0.029127 0.000334364 3.15356e-08 0.0120526 0.0426894 0.0236124 0.737442 
0.267834 0.000522062 0.0754021 0.161606 0.0100136 1.9704e-06 0.0258805 0.0236678 0.0352536 0.399818 
0.0154093 8.06227e-05 0.381351 0.0222536 0.00421199 0.00031122 0.0977289 0.0315153 0.0571381 0.39 
0.0969987 5.74174e-05 0.210385 0.000304301 1.11864e-06 2.59503e-08 0.000438866 0.00104301 0.107743 0.583029 
0.0332003 5.18996e-05 0.107795 0.00475796 6.41537e-05 0.000276527 0.144846 0.00570875 0.0161346 0.687165 
0.00264834 3.84897e-05 0.00853422 0.00911268 0.000102561 5.68816e-08 0.0119875 0.00284861 0.0189369 0.945791 
0.00177004 2.92521e-05 0.441152 0.0172695 0.000484449 1.53129e-05 0.0154903 0.00655111 0.0259886 0.49125 
0.0216886 0.000255348 0.158201 0.0989975 0.0333534 0.000987618 0.0181426 0.0319426 0.0559408 0.58049 
0.000221414 1.44575e-08 0.0254875 0.00231253 8.56691e-06 3.14188e-07 0.000190842 0.0115644 0.147052 0.813162 
7.51862e-05 1.60615e-05 0.0122118 2.96566e-05 1.57671e-05 2.7281e-05 0.0271193 0.00225658 0.000672313 0.957576 
0.000547223 2.8583e-06 0.0579819 0.00176261 0.000617161 6.46177e-05 0.00298109 0.223565 0.0431539 0.669324 
1.61292e-07 0.107615 0.193537 0.00152886 0.000347043 2.19998e-08 0.000520244 0.031877 0.00231408 0.66226 
0.00707102 0.00161634 0.132446 0.0410322 0.000595479 8.04883e-08 0.00141469 0.00154978 0.0884169 0.725857 
7.0031e-10 1.19968e-07 0.105305 0.00745458 0.00131023 4.06017e-08 0.0140252 0.353251 0.0132201 0.505434 
0.132695 0.00135468 0.00466954 0.0193054 0.00891205 6.18803e-07 0.0126872 0.00961998 0.149472 0.661283 
0.024217 0.00356883 0.0448028 0.326876 0.0429288 6.78113e-10 0.00938283 0.0589089 0.0585435 0.430772 
0.0367019 0.000102314 0.0573134 0.0534483 0.000291143 1.91798e-06 0.0300803 0.0016364 0.0211604 0.799264 
0.119799 3.39424e-06 0.079265 0.0499291 0.00154369 1.92759e-07 0.0198428 0.0410808 0.143904 0.544632 
0.000103874 0.0142144 0.0203885 0.00145919 0.00011295 0.000213756 0.107277 0.00438267 0.0383723 0.813476 
0.00262102 1.33382e-05 0.0329271 0.00531994 3.30558e-05 8.62371e-05 0.0894769 0.000208917 0.00797399 0.86134 
5.59432e-09 1.1936e-08 0.0635518 1.51682e-08 1.16852e-08 7.58821e-10 0.00129871 0.000262996 0.000280818 0.934606 
0.000884613 0.00156013 0.0522534 0.126641 0.00137507 0.0414123 0.0938239 0.15531 0.242181 0.284559 
0.00215339 0.000516345 0.0527248 0.106748 3.68109e-05 8.68875e-05 0.0483147 0.0167026 0.130358 0.642359 
2.96635e-07 2.64254e-10 0.0327658 0.000917241 6.84707e-08 2.39677e-10 6.91495e-08 0.0455529 0.0455501 0.875213 
0.000450405 0.000500194 0.0183459 0.0494337 0.00100202 2.53969e-07 0.0127613 0.144924 0.0785821 0.694 
0.000638069 2.80377e-07 0.0415187 0.112976 7.55942e-07 1.85024e-06 0.078087 0.000483267 0.126774 0.63952 
0.00898282 8.16767e-08 0.337446 0.00207627 0.00152844 8.16837e-08 0.00222331 0.0635173 0.19102 0.393206 
0.000805941 1.12621e-05 0.000679856 0.0192267 2.22875e-05 9.50298e-07 0.0454962 0.0666553 0.0489521 0.818149 
0.000236212 0.27768 0.0013989 0.0148388 0.0298981 6.04733e-08 0.00823433 0.0385608 0.18978 0.439372 
1.67347e-05 3.39754e-06 0.0883243 0.0793289 0.00341583 1.47959e-08 0.0162417 0.0141179 0.0367802 0.761771 
0.0323848 0.228879 0.103272 0.0346297 0.00962326 0.00015792 0.0605255 0.1265 0.0478896 0.356138 
0.0349352 0.00124697 0.121817 0.0157579 0.00239603 3.8791e-07 0.0037847 0.205744 0.275958 0.33836 
0.000323153 5.80057e-06 0.0568316 0.121988 4.23303e-05 1.48007e-09 0.00680787 0.0141788 0.166313 0.63351 
0.0986848 0.0687116 0.0550847 0.0366311 0.0119928 2.53726e-08 0.00374603 0.0555238 0.181743 0.487882 
2.12467e-05 0.000710309 0.0560648 1.16351e-09 0.000829892 0.000726086 0.00872481 0.25442 0.000252327 0.67825 
0.00362919 0.000438086 0.251546 0.054434 0.000397808 0.00123354 0.0667587 0.27121 0.0771829 0.273171 
0.00750735 0.0204927 0.16009 0.0109156 0.000243661 0.00104233 0.00314323 0.0112802 0.0152798 0.770005 
0.00281854 0.0194899 0.195417 0.173419 0.0292113 0.00132956 0.0560149 0.154728 0.0940716 0.2735 
0.0078202 3.14652e-08 0.177998 0.00431654 0.000137832 2.47165e-05 0.121497 0.0136292 0.00540253 0.669173 
0.0357045 0.0236647 0.314316 0.0381421 0.0046406 4.8012e-06 0.0214958 0.0413954 0.0952486 0.425387 
0.0135568 1.91529e-06 0.0885487 0.0592829 2.62425e-06 0.00246303 0.00265379 0.315485 0.163228 0.354777 
0.0338051 1.31489e-05 0.0162086 0.017543 0.000189408 0.000248197 0.303311 0.0038773 0.0238682 0.600936 
0.0164471 0.0015545 0.0774079 0.0662141 0.0550899 6.54995e-05 0.0127671 0.0150469 0.0411563 0.714251 
0.00150102 3.9597e-06 0.0752018 0.00189917 0.000116512 3.34792e-05 0.0444316 0.0102839 0.0102962 0.856232 
0.00480578 1.84625e-05 0.190043 0.174651 5.75517e-05 1.87497e-05 0.241246 0.00105285 0.00552638 0.382581 
0.00355084 1.74808e-05 0.0194841 0.00364237 6.73386e-05 1.1422e-08 0.00286164 0.000982993 0.0119475 0.957446 
0.0737292 0.00430985 0.0315824 0.0956014 0.0249582 1.76134e-07 0.0259559 0.00311741 0.0533234 0.687422 
0.00838086 9.07224e-05 0.0632918 0.0262274 0.000306817 1.14403e-05 0.214339 0.00657309 0.0340072 0.646771 
0.0769713 0.00319527 0.0513329 0.0218146 0.000860207 0.00432275 0.0362236 0.0415297 0.230854 0.532896 
0.00652925 0.00913761 0.154176 0.135632 0.0191685 2.8493e-05 0.0485015 0.199389 0.150315 0.277122 
0.0138487 0.00113966 0.125982 0.0879233 0.0317041 0.000102497 0.0268414 0.0818625 0.0884968 0.542099 
0.00480301 0.000415399 0.216042 0.017737 0.00704381 0.00196557 0.0114959 0.0770354 0.00337395 0.660088 
0.00264834 3.84897e-05 0.00853422 0.00911268 0.000102561 5.68816e-08 0.0119875 0.00284861 0.0189369 0.945791 
0.00285525 1.76952e-05 0.100075 0.0241687 0.000100478 1.29823e-05 0.395317 0.00669895 0.00608258 0.464672 
0.00610885 0.00068873 0.0798285 0.166324 0.000178866 1.62033e-10 0.0434292 0.044961 0.161225 0.497256 
0.00496662 5.11243e-06 0.0336181 0.0122488 0.00649432 8.53135e-05 0.0993693 0.0148784 0.00545184 0.822882 
0.0150815 0.000642006 0.0172463 0.0292014 0.0165777 0.00011578 0.0254423 0.110408 0.169466 0.615819 
0.0360026 0.0022225 0.269922 0.113606 0.131885 4.92072e-06 0.0312611 0.0229618 0.0728066 0.319327 
0.00410729 6.00646e-05 0.0389131 0.0277959 0.0030159 6.78803e-07 0.0100851 0.0243526 0.209544 0.682125 
1.33825e-06 4.23465e-07 0.00114571 0.0461139 6.24229e-10 2.05869e-09 0.375299 0.00025904 0.010958 0.566223 
0.00801252 1.70353e-05 0.019259 0.0030166 0.00254358 2.93259e-05 0.0190186 0.0117201 0.00443037 0.931953 
0.046286 3.18958e-05 0.0710558 0.0151796 0.00025757 0.000147875 0.165473 0.000750071 0.0199941 0.680824 
0.011019 4.05516e-06 0.0608384 0.0306959 0.000438855 5.51997e-06 0.068142 0.0169841 0.0533334 0.758539 
0.0172694 0.000154854 0.205262 0.0745536 1.09313e-05 3.01485e-07 0.182437 0.00683081 0.019816 0.493665 
0.0160731 0.226104 0.0161613 0.00908112 0.00129462 3.48262e-07 0.00572862 0.00324867 0.0160526 0.706256 
0.00236882 0.000121646 0.146491 0.00189498 2.17905e-06 9.3654e-05 0.0377925 0.0178886 0.0695993 0.723748 
0.0213979 0.000184925 0.00576478 0.0338431 0.000334325 5.24877e-07 0.0100992 0.0295787 0.0441445 0.854652 
0.0051927 1.80015e-05 0.133176 0.0778349 0.000181758 0.000216903 0.316449 0.0391764 0.0195918 0.408162 
0.00165865 1.5227e-09 0.0776905 0.123149 1.12689e-06 5.03983e-05 0.0170843 0.0162613 0.315591 0.448513 
0.00903002 6.96048e-06 0.0434172 0.029176 0.000466092 7.61281e-06 0.0128639 0.0144576 0.0275523 0.863022 
2.13689e-05 1.03848e-06 0.283713 0.0189962 7.10569e-05 0.000108446 0.0416876 0.0153102 0.017065 0.623026 
0.000345 0.00140144 0.0244907 0.0336692 0.0279214 7.48562e-06 0.0218336 0.0195937 0.0146589 0.856079 
0.0392129 0.000111278 0.0946959 0.0924407 0.00149562 8.19762e-07 0.0252631 0.103923 0.0831364 0.55972 
0.00775535 0.00066967 0.1483 0.0103913 0.00827002 6.2641e-06 0.161293 0.0265237 0.0108201 0.62597 
4.05879e-05 5.7732e-05 0.144794 0.280454 0.0406461 9.96071e-05 0.0132748 0.00384485 0.0653784 0.451411 
0.0189242 8.77049e-05 0.10215 0.220013 0.0434605 2.23262e-05 0.0239315 0.0502214 0.0967029 0.444487 
0.00253216 5.36376e-05 0.0626355 0.00307233 0.000338647 9.58082e-07 0.00202674 0.0022451 0.0185388 0.908556 
0.000829069 1.20442e-06 0.230347 0.0263218 3.64458e-05 1.21607e-07 0.0204322 0.0543005 0.133945 0.533787 
0.00833378 0.0022733 0.300327 0.151255 0.0087794 0.00166414 0.0568101 0.0270696 0.0885512 0.354937 
0.0256904 3.7648e-08 0.0138242 0.0986278 0.000169888 2.96976e-08 0.0209633 0.0634723 0.355672 0.42158 
0.0202669 0.00441662 0.241794 0.0150895 4.46371e-07 0.000625009 0.0169192 0.0300434 0.0384842 0.632361 
4.00944e-05 4.81862e-08 0.3203 0.00756514 2.23849e-07 3.22789e-09 0.27942 0.000337403 0.00302267 0.389314 
0.000562413 1.70192e-06 0.0765288 0.00617943 1.92827e-06 4.46556e-08 0.00247917 0.00261145 0.0101201 0.901515 
0.0161623 0.00256523 0.295154 0.00753485 8.40643e-05 0.000114806 0.07476 0.0598954 0.13037 0.413359 
0.00702721 6.07877e-05 0.0253113 0.00102387 0.00012997 9.69554e-07 0.0102184 0.00528101 0.0171714 0.933775 
4.64483e-05 0.00274824 0.00504659 0.0180507 0.0622778 1.22763e-08 0.00511472 0.00122596 0.040629 0.864861 
0.0319507 0.000975512 0.0181118 0.0458332 0.00932733 3.46389e-06 0.0274671 0.0315558 0.164193 0.670583 
0.0185424 3.10393e-05 0.0458711 0.0154783 0.000257493 5.83617e-06 0.0644885 0.0093218 0.017774 0.82823 
4.34813e-07 3.89547e-10 0.0502968 7.32863e-07 0.000402599 3.53316e-10 0.0610807 0.034239 0.0975585 0.756421 
0.0138582 0.00201674 0.274044 0.0157027 0.000137839 2.33436e-06 0.0153541 0.0535172 0.0347339 0.590633 
0.00101281 3.87554e-05 0.372537 0.0178762 0.000181953 5.63154e-07 0.03415 0.0514809 0.118895 0.403826 
0.00430056 0.000657637 0.0834107 0.0923462 0.000411851 3.86298e-06 0.395613 0.00938021 0.00863946 0.405236 
4.28299e-05 0.000775023 0.219913 0.0118397 0.000365368 0.0267105 0.110726 0.268734 0.0777015 0.283191 
0.0226244 0.00778509 0.0707776 0.142658 0.10242 0.00220385 0.0140913 0.18845 0.135408 0.313581 
0.0817721 0.000167212 0.269918 0.0505076 0.00301718 0.0004174 0.0231639 0.0741262 0.160556 0.336355 
0.000965384 1.38416e-05 0.0325264 0.0801374 0.000112311 0.000734049 0.181866 0.0601304 0.163656 0.479859 
0.0251012 0.00245707 0.0953461 0.114807 0.120715 0.000185678 0.0296594 0.104736 0.0387682 0.468224 
0.00898856 0.0420793 0.168719 0.0385266 0.000163413 2.62293e-05 0.0246599 0.0320999 0.098765 0.585972 
6.71424e-05 3.18419e-08 0.00602798 0.0217902 0.00137945 5.40653e-12 0.00274048 0.000979079 0.0189764 0.948039 
0.0621951 0.000903347 0.213425 0.104995 0.00161108 9.90636e-07 0.084891 0.0673337 0.0792159 0.385429 
0.00524972 0.000639826 0.12322 0.000334297 3.94258e-05 0.000109608 0.00677023 0.0381694 0.0519217 0.773546 
0.00365728 0.011241 0.0473881 0.0372624 0.0303073 7.365e-06 0.0629185 0.118329 0.0920821 0.596807 
0.000271588 1.65977e-07 0.21495 0.0200724 3.23863e-06 0.000111932 0.198762 0.0695731 0.0302705 0.465985 
0.0360039 0.00198095 0.035559 0.00548865 8.07333e-05 1.75321e-05 0.00657836 0.0269951 0.0416507 0.845645 
0.194067 0.000190284 0.0555324 0.12399 0.0118602 0.0040858 0.055963 0.0676226 0.221717 0.264971 
0.0134677 0.000112261 0.12383 0.113062 0.00707897 3.31857e-08 0.0212131 0.145633 0.0695511 0.506052 
0.000351211 0.000306079 0.0420522 0.00460786 0.000396567 9.66971e-07 0.0138228 0.0389924 0.0680134 0.831456 
0.015723 0.00350057 0.209425 0.0777827 0.00154861 0.0028504 0.0445237 0.0266045 0.0546503 0.563391 
0.00150364 0.000571436 0.0441456 0.0326408 1.30997e-06 7.6805e-05 0.16206 0.043426 0.279537 0.436038 
0.0191812 0.00010404 0.0838144 0.123687 0.000124478 1.38272e-06 0.0324953 0.039068 0.0421715 0.659352 
0.00533862 0.000689279 0.126656 0.106624 0.00248769 0.0113742 0.135916 0.00796858 0.03153 0.571416 
0.00183967 6.42889e-05 0.104739 0.00840807 0.00017622 1.70852e-08 0.0276753 0.00815289 0.00960209 0.839343 
6.71424e-05 3.18419e-08 0.00602798 0.0217902 0.00137945 5.40653e-12 0.00274048 0.000979079 0.0189764 0.948039 
0.00321061 7.97669e-06 0.382003 0.00714073 3.91129e-05 2.25261e-06 0.119653 0.0237629 0.00630087 0.457879 
0.00110923 0.00670709 0.241294 0.0892183 0.00994382 0.0205955 0.167449 0.0146152 0.0291973 0.419871 
0.123526 1.67292e-05 0.00924583 0.0114827 0.000892957 2.44162e-09 0.0192107 0.070724 0.168285 0.596616 
0.0437073 0.000236362 0.178163 0.0295501 0.0094332 7.79031e-05 0.0293103 0.0324649 0.153814 0.523243 
0.00922876 6.63949e-05 0.00409605 0.0101002 0.000394906 1.33743e-09 0.00204105 0.00328137 0.0390609 0.93173 
0.00903002 6.96048e-06 0.0434172 0.029176 0.000466092 7.61281e-06 0.0128639 0.0144576 0.0275523 0.863022 
0.018205 0.0134913 0.200444 0.0173243 4.89581e-05 3.14193e-06 0.0666223 0.00832043 0.0673243 0.608217 
0.0119415 0.000249906 0.0688641 0.0359922 6.04762e-05 5.24597e-08 0.0683414 0.015518 0.0669316 0.732101 
0.0194615 5.93117e-05 0.0254373 0.0131549 8.61335e-05 1.47328e-07 0.325471 0.00451199 0.0399526 0.571865 
0.0302711 0.000302433 0.159902 0.0950345 0.033577 4.33353e-05 0.0834109 0.0289243 0.157643 0.410891 
0.00247457 0.00387561 0.111612 0.0484495 0.218444 2.32499e-08 0.0206603 0.116424 0.195763 0.282297 
0.0146887 4.97636e-08 0.0032644 0.000155044 3.65496e-05 7.1363e-10 0.0003859 0.00148109 0.0762027 0.903786 
0.116354 0.0001576 0.0708019 0.0143804 9.8107e-05 1.25838e-06 0.0347138 0.0144791 0.0757883 0.673225 
0.0300629 0.0141413 0.225641 0.0857213 0.00703142 4.49407e-05 0.0213364 0.0356135 0.07942 0.500988 
0.00437407 0.00017163 0.0158249 0.00187721 5.39817e-05 1.60959e-07 0.0551937 0.00203179 0.047906 0.872567 
0.000137365 5.8856e-10 0.0115042 0.00868067 0.000765709 2.02841e-06 0.00387043 0.00229772 0.00164435 0.971098 
0.0189409 0.0017399 0.0361077 0.0162896 0.00503039 1.83056e-06 0.0125187 0.0137653 0.0383351 0.857271 
0.0258045 3.86486e-06 0.183938 0.00205376 5.64353e-06 1.89453e-07 0.00378403 0.00677122 0.127321 0.650318 
0.00253216 5.36376e-05 0.0626355 0.00307233 0.000338647 9.58082e-07 0.00202674 0.0022451 0.0185388 0.908556 
0.148442 5.80876e-05 0.00394002 0.0108362 6.15381e-05 2.76279e-05 0.0444854 0.0159913 0.0816451 0.694512 
0.0159448 0.00311524 0.0975884 0.0936028 0.0193031 6.12134e-06 0.0226688 0.0722249 0.0991642 0.576382 
0.0339834 7.07246e-05 0.155832 0.00317295 4.40774e-05 3.74462e-09 0.0246497 0.0215985 0.10921 0.651438 
0.00812937 0.000218798 0.0496558 0.00361643 8.63364e-05 8.69132e-06 0.00206115 0.112124 0.0782249 0.745875 
0.0108245 0.00230476 0.0183326 0.0957405 0.0107385 2.78841e-08 0.00748253 0.00170155 0.0282085 0.824666 
0.0145938 0.0248263 0.0773228 0.0148729 0.000174306 6.35105e-07 0.00447193 0.0148468 0.0991966 0.749694 
0.00621532 0.00541643 0.0171765 0.0111998 0.000931947 4.34863e-05 0.114759 0.0311438 0.1766 0.636514 
0.0327632 0.000329161 0.312291 0.0185889 8.73621e-05 5.45067e-06 0.00703482 0.147342 0.0913905 0.390167 
0.00186382 0.00903774 0.0580357 0.158567 0.000457893 1.17674e-05 0.304202 0.0326379 0.0578144 0.377371 
0.0504052 0.00277271 0.0376484 0.00109218 0.000113011 2.45281e-05 0.00663898 0.0280565 0.0525609 0.820688 
0.0744786 2.81585e-05 0.100837 0.0564275 0.00117478 6.22105e-05 0.036467 0.106085 0.211854 0.412586 
0.0221602 0.00506322 0.0417618 0.0550418 0.24162 2.41278e-06 0.0211075 0.0329595 0.0126008 0.567682 
0.000326437 5.12531e-06 0.036821 0.23358 3.74501e-05 0.000376638 0.0317012 0.00345833 0.0944384 0.599255 
0.0457839 3.7513e-05 0.00110733 0.000797822 0.000100448 4.48619e-07 0.00312073 0.000772637 0.0357746 0.912505 
2.98598e-05 4.42182e-05 0.409875 0.00173629 0.000266848 0.000157571 0.0728554 0.046789 0.00273498 0.465511 
0.000398591 1.49814e-05 0.0574449 0.0099075 0.000669435 1.80875e-05 0.0826677 0.0145213 0.00125851 0.833099 
0.0256904 3.7648e-08 0.0138242 0.0986278 0.000169888 2.96976e-08 0.0209633 0.0634723 0.355672 0.42158 
0.00136341 0.0314017 0.0477896 0.00663891 0.00118284 4.52957e-09 0.103692 0.0581302 0.0136573 0.736144 
0.000902392 0.000268086 0.0488314 0.10588 0.0623925 3.04428e-05 0.109996 0.0146329 0.0413529 0.615714 
0.0246367 0.00503004 0.0552281 0.0776675 0.00857887 6.73053e-08 0.00832939 0.119942 0.12268 0.577907 
0.00947956 0.0729317 0.149433 0.0319975 0.000243408 5.74401e-06 0.016609 0.0195419 0.0839242 0.615834 
0.00526108 4.54441e-05 0.164041 0.0174358 0.000988994 2.74159e-05 0.102378 0.057195 0.0235525 0.629075 
0.0262181 0.0220996 0.0873737 0.15214 0.0318537 8.55324e-09 0.191644 0.0710412 0.10906 0.30857 
0.000642812 3.44278e-07 0.0431436 0.0027553 0.000273524 1.38301e-05 0.00635327 0.234612 0.00405715 0.708148 
0.00132775 4.73946e-06 0.00852787 0.0706775 0.000156281 5.83522e-06 0.0395944 0.000755766 0.00713885 0.871811 
0.0051927 1.80015e-05 0.133176 0.0778349 0.000181758 0.000216903 0.316449 0.0391764 0.0195918 0.408162 
0.000660551 0.00718078 0.116109 0.313751 0.0280853 1.44666e-06 0.0620994 0.0746602 0.0684799 0.328972 
0.0205822 9.69253e-06 0.0234343 0.0038165 0.00191323 9.52773e-06 0.00841317 0.00859524 0.00649244 0.926734 
0.0114817 0.000285164 0.000948016 0.465911 0.00747103 3.29085e-07 0.00774219 0.00144203 0.0168569 0.487862 
0.00648965 1.02809e-05 0.0424537 0.0672028 0.000713921 2.13459e-06 0.0751713 0.0146452 0.0249082 0.768403 
0.0681779 0.0197023 0.187346 0.195802 0.0302323 7.14022e-05 0.00771772 0.141513 0.114827 0.23461 
0.0735331 0.00585088 0.0842151 0.0413484 0.171461 6.08615e-06 0.0141252 0.0749755 0.040331 0.494154 
0.175925 0.000625856 0.00747845 0.26919 0.0337812 6.70897e-07 0.0446507 0.00374584 0.0636387 0.400964 
0.0233055 0.00334315 0.117374 0.0515453 0.00296205 0.000134431 0.0211271 0.00946568 0.0851276 0.685616 
0.000311326 1.2711e-08 0.444087 0.00136232 4.10865e-09 7.36057e-11 0.000994392 0.000346666 0.0856395 0.467259 
0.00109159 0.000237834 0.0150063 0.00292462 0.000489435 1.20052e-06 0.346555 0.00336479 0.000442975 0.629886 
0.0145762 5.82148e-05 0.0436629 0.0113203 0.00154346 0.000590543 0.0292694 0.0190521 0.00616468 0.873762 
0.00571589 1.43371e-05 0.0972895 0.0154579 6.35755e-05 0.000181037 0.0767421 0.0161011 0.0839257 0.704509 
0.0163529 1.35379e-05 0.0119317 0.0131258 0.000294542 1.68136e-07 0.00111494 0.000362143 0.0154848 0.941319 
0.0318657 0.0460232 0.136552 0.0618675 0.00182914 0.000560702 0.0612372 0.0221691 0.259342 0.378553 
5.59432e-09 1.1936e-08 0.0635518 1.51682e-08 1.16852e-08 7.58821e-10 0.00129871 0.000262996 0.000280818 0.934606 
0.00137214 0.00116038 0.0579078 0.0164104 0.00140157 1.27053e-07 0.00322402 0.032734 0.0970896 0.7887 
0.0360039 0.00198095 0.035559 0.00548865 8.07333e-05 1.75321e-05 0.00657836 0.0269951 0.0416507 0.845645 
0.00298082 0.0165341 0.160432 0.164466 0.00105439 8.15675e-09 0.0276519 0.0264877 0.243711 0.356682 
0.00719406 2.33305e-05 0.234994 0.00367013 0.000989779 4.2182e-06 0.15791 0.120802 0.0341752 0.440237 
0.021528 0.00396977 0.113424 0.0321391 0.00687937 0.000122732 0.0530394 0.00706992 0.042047 0.719781 
4.09551e-06 4.94637e-05 0.156538 0.000148818 5.21998e-05 3.17349e-07 0.00567694 0.0471146 0.000367988 0.790048 
0.00359482 2.40969e-06 0.174681 0.0050877 2.83534e-05 6.82127e-05 0.00983827 0.00956584 0.0142012 0.782933 
0.00486894 4.49243e-06 0.0862785 0.00243196 1.06477e-06 2.84493e-07 0.0355586 0.00141738 0.060881 0.808558 
0.000684753 0.000105957 0.0274604 0.0155279 0.000144518 0.000178486 0.139785 0.358287 0.0775675 0.380258 
0.0280228 0.0004212 0.135252 0.0136027 0.000332619 1.24706e-05 0.0239761 0.0302431 0.0623166 0.70582 
0.0145908 0.00545031 0.202534 0.0884509 0.0467881 0.000365087 0.0545656 0.11178 0.0484674 0.427007 
0.0108407 0.00494641 0.146817 0.111238 3.88231e-05 0.000360929 0.0474243 0.026534 0.181925 0.469876 
0.0577019 5.94374e-06 0.156454 0.0101181 0.0136855 5.94425e-06 5.9481e-06 0.259343 0.20226 0.300419 
0.00500396 0.000338063 0.0185473 0.0386123 0.00638216 1.4646e-07 0.0864464 0.00416325 0.0210424 0.819464 
0.0196735 0.000195846 0.292096 0.213444 0.000265059 7.91623e-06 0.0638121 0.0158646 0.0725509 0.322089 
0.000521233 9.96756e-05 0.00487784 0.317956 0.00575182 2.57611e-09 0.00119453 0.0130098 0.00765038 0.648939 
0.0042786 2.7652e-05 0.128747 0.00474145 0.00143466 0.000363672 0.139288 0.233714 0.0794076 0.407997 
0.020955 0.0442004 0.0872056 0.0461273 0.011955 1.37427e-05 0.0318972 0.293515 0.156326 0.307805 
0.000252081 5.97303e-08 0.068825 0.293217 2.62454e-05 1.27089e-07 0.0608856 0.0020974 0.0166732 0.558023 
0.00223823 0.000151878 0.00386811 0.00223864 4.57885e-08 1.21519e-05 0.0683471 0.000592113 0.00317876 0.919373 
0.0127453 0.00382025 0.0801575 0.116617 0.00601131 0.00248339 0.0162886 0.0433305 0.0953671 0.623179 
0.0251431 0.0017545 0.157809 0.13567 0.00355726 2.1361e-05 0.0228694 0.022415 0.0567082 0.574052 
0.0159184 2.29381e-06 0.0112357 0.00638976 0.000531855 2.61664e-05 0.0266709 0.00402268 0.00263371 0.932569 
0.0141299 0.000228398 0.0869398 0.100178 0.0101599 4.40323e-05 0.0389492 0.0231551 0.119498 0.606718 
0.000624727 5.39194e-06 0.0271931 0.23038 0.276116 1.04217e-05 0.00929214 0.0230817 0.119084 0.314213 
0.000793739 0.000181963 0.212555 0.0081847 7.30731e-05 1.25771e-08 0.0321399 0.242406 0.00425835 0.499407 
0.0158601 0.00671103 0.0781834 0.152226 0.000667579 5.353e-05 0.00800595 0.0313081 0.107858 0.599126 
0.00938383 9.84348e-06 0.0567776 0.30066 0.0011489 3.85788e-05 0.0110207 0.017601 0.0159039 0.587456 
0.00455594 3.57411e-06 0.170978 0.000136277 1.18129e-06 2.5709e-06 6.15243e-05 0.00471044 0.0323782 0.787172 
0.00501735 2.68733e-05 0.0373331 0.0548938 1.42491e-05 2.17848e-08 0.0240517 0.000225382 0.0921197 0.786318 
0.0256025 0.000483474 0.0915388 0.0747766 0.0948953 9.148e-07 0.000791715 0.0721079 0.273955 0.365848 
2.63539e-05 2.39233e-07 0.0327509 0.00544142 0.000139752 2.32235e-05 0.00202756 0.0979686 0.0048065 0.856815 
0.000416497 0.00115545 0.291096 0.064416 0.0848871 2.45582e-07 0.0564454 0.148654 0.0217488 0.33118 
0.0264126 1.25128e-10 0.000630903 3.05279e-07 3.6215e-06 1.1349e-10 0.00149436 0.0604563 0.406548 0.504454 
0.0079821 0.000173177 0.154998 0.0196417 0.00675249 4.58928e-06 0.004752 0.0183846 0.0824079 0.704904 
0.0582503 7.07461e-05 0.121901 0.0251345 0.000783465 1.01005e-05 0.035494 0.0118364 0.0573449 0.689174 
0.00882712 3.26933e-05 0.151975 0.0449562 0.000655884 2.27513e-05 0.0797705 0.0998531 0.168164 0.445743 
0.0201871 0.000264645 0.047203 0.326813 4.02843e-05 4.87062e-07 0.0133878 0.00653616 0.052746 0.532822 
0.00290848 0.044359 0.158844 0.0231915 7.96297e-05 9.04293e-08 0.0310349 0.180072 0.121639 0.437871 
0.000120095 1.54615e-06 0.0819803 0.00578877 0.000329303 0.00209868 0.0427009 0.0156386 0.00782907 0.843513 
0.00825097 2.65397e-05 0.0881363 0.00450204 9.60423e-05 5.43546e-05 0.0919795 0.0077665 0.0236129 0.775575 
0.00382841 6.08818e-08 0.00824852 0.00154137 3.42035e-05 8.78286e-10 0.00233286 0.000512546 0.0704751 0.913027 
0.00322506 2.25768e-05 0.027956 0.00906846 0.00497195 2.13115e-06 0.00256799 0.0252667 0.1451 0.781819 
1.40061e-06 1.56844e-09 6.7309e-05 5.22497e-05 4.31344e-10 1.42256e-09 4.39499e-05 3.00974e-10 2.56655e-05 0.999809 
0.0283693 0.000274802 0.260352 0.181895 0.000376154 3.95434e-06 0.0196312 0.0298285 0.0363376 0.442932 
0.0018146 0.124494 0.0694851 0.169486 0.000171782 0.00070957 0.0640524 0.0243948 0.259193 0.286199 
0.0051927 1.80015e-05 0.133176 0.0778349 0.000181758 0.000216903 0.316449 0.0391764 0.0195918 0.408162 
0.0159917 0.00303684 0.116248 0.0480062 0.0111102 2.43683e-06 0.0336392 0.296204 0.118396 0.357366 
0.00226041 0.0029977 0.0772629 0.0601192 0.157959 0.0757999 0.0221473 0.26128 0.0260965 0.314077 
0.0170239 1.29666e-05 0.0517546 0.0166364 0.00014037 4.8683e-07 0.286995 0.00143365 0.0060557 0.619947 
0.133224 0.142809 0.144611 0.0013083 0.00788695 0.00262241 0.00333205 0.122967 0.134992 0.306247 
0.0221623 0.00165767 0.0576234 0.0788337 0.000233337 0.000489014 0.167745 0.10119 0.0744672 0.495599 
0.0116066 0.0122922 0.0695319 0.012048 0.0289943 0.00135783 0.0260976 0.0339985 0.0211573 0.782916 
0.0337232 2.06741e-08 0.247145 0.00250087 0.00062043 2.30503e-12 0.165273 0.00915628 0.0907908 0.45079 
0.0890083 0.00184841 0.0262369 0.00462416 7.87209e-07 3.15917e-08 3.67553e-05 0.00182229 0.104669 0.771754 
0.00264834 3.84897e-05 0.00853422 0.00911268 0.000102561 5.68816e-08 0.0119875 0.00284861 0.0189369 0.945791 
0.0253046 0.000326576 0.0310097 0.0449838 0.00225725 1.70302e-05 0.00291022 0.14342 0.171448 0.578323 
0.0207213 0.00176797 0.305028 0.0292135 0.000230164 5.72463e-06 0.0257893 0.0247237 0.0762228 0.516297 
0.0115742 7.60118e-05 0.0293478 0.152778 0.000833969 1.00219e-06 0.0595223 0.0238731 0.0296586 0.692335 
4.64483e-05 0.00274824 0.00504659 0.0180507 0.0622778 1.22763e-08 0.00511472 0.00122596 0.040629 0.864861 
0.0107833 5.20965e-06 0.00444892 7.71674e-07 1.43273e-06 4.72512e-06 9.95101e-07 0.0371897 0.019758 0.927807 
0.0103902 3.35009e-05 0.0474308 0.0179521 0.000712357 1.9031e-05 0.022496 0.0141158 0.0151601 0.87169 
6.44024e-05 9.92929e-08 0.0342924 0.265132 9.90727e-05 2.32357e-08 0.0168493 0.00080273 0.0684723 0.614288 
0.0114817 0.000285164 0.000948016 0.465911 0.00747103 3.29085e-07 0.00774219 0.00144203 0.0168569 0.487862 
0.00021464 2.3553e-08 2.95122e-06 0.0200921 3.04123e-06 2.13624e-08 0.0756657 0.29356 0.0822492 0.528213 
0.0169264 0.00514198 0.052256 0.0469267 0.0134481 1.24186e-07 0.0492724 0.0140537 0.0736895 0.728285 
0.000685101 0.00735696 0.0398098 0.0512058 0.000155296 6.40511e-05 0.0403655 0.00994999 0.0543529 0.796055 
6.2173e-05 1.05091e-06 0.191349 3.89666e-05 2.21057e-05 8.17706e-10 0.00209667 0.00985426 0.0172318 0.779344 
0.0607318 0.00147332 0.032382 0.031099 0.0118226 1.40056e-06 0.0253483 0.00917934 0.0442035 0.783759 
0.0974102 4.388e-06 0.0489272 0.00982005 7.83255e-05 4.30337e-05 0.182097 0.00226572 0.0810179 0.578336 
0.0592012 0.00148053 0.1749 0.0112281 0.243648 0.00791938 0.00416681 0.162576 0.0636099 0.271271 
0.0240557 0.00203418 0.16286 0.0834863 0.00877545 0.000158056 0.0673952 0.0189883 0.0492195 0.583027 
0.00549733 0.000484774 0.101761 0.156445 4.93674e-05 0.000208386 0.0712007 0.0184423 0.16733 0.478581 
8.36555e-05 5.16943e-07 0.104422 0.00601332 0.0111392 3.37869e-09 0.0141385 0.270979 0.0509559 0.542268 
0.00521271 0.052218 0.0184069 0.020805 0.00142938 1.24773e-05 0.0181126 0.00350832 0.114004 0.76629 
0.0208855 0.00019796 0.0274073 0.240573 0.000388575 5.24152e-07 0.012562 0.000147906 0.0136253 0.684212 
0.100722 0.00151423 0.251049 0.0754472 0.0086194 5.5295e-06 0.0290139 0.219427 0.0379447 0.276256 
0.00604623 1.22895e-06 0.0668754 0.0025346 0.00200307 0.00189666 0.0495905 0.31391 0.0318291 0.525314 
0.0305519 2.771e-05 0.000741551 0.00053511 6.8036e-05 4.42297e-07 0.00208773 0.000517874 0.0238647 0.941605 
0.0286172 0.0024051 0.177532 0.165486 0.00036086 1.35836e-06 0.125604 0.00873998 0.0611101 0.430144 
0.00337684 0.000779811 0.0539024 0.0382255 0.000130893 0.000277326 0.0268119 0.00255733 0.022879 0.851059 
0.0243549 0.00221693 0.0945157 0.14461 0.0380552 0.00372406 0.266099 0.0743051 0.0233387 0.328781 
0.00253216 5.36376e-05 0.0626355 0.00307233 0.000338647 9.58082e-07 0.00202674 0.0022451 0.0185388 0.908556 
0.00440687 4.78183e-08 0.0095605 0.00220631 2.00479e-05 6.87445e-10 0.00583056 0.000473118 0.0253032 0.952199 
0.0389584 3.70432e-06 0.0649621 0.00336279 0.000752548 6.68912e-06 0.00522649 0.00712656 0.0202468 0.859354 
0.00224673 1.94916e-06 0.113671 0.16405 6.17267e-05 4.68938e-09 0.0930697 0.0302126 0.0280532 0.568634 
0.0639432 0.00131369 0.226396 0.0165251 0.00978344 9.73426e-08 0.0259139 0.205907 0.123601 0.326616 
0.0054125 6.36107e-05 0.377644 0.0319566 0.0405465 8.99199e-10 0.0203222 0.00180226 0.00619918 0.516053 
6.2173e-05 1.05091e-06 0.191349 3.89666e-05 2.21057e-05 8.17706e-10 0.00209667 0.00985426 0.0172318 0.779344 
0.003057 0.00103148 0.369804 0.0325451 5.17192e-05 2.80227e-08 0.00757839 0.0328655 0.138581 0.414485 
0.0427002 1.00311e-05 0.253694 0.0130726 0.000167436 1.15685e-08 0.21956 0.0032863 0.0178769 0.449633 
0.00249653 0.000783819 0.182068 0.0268646 0.00198605 8.70267e-07 0.00362662 0.00238548 0.0348413 0.744947 
0.00541341 7.95111e-05 0.0913809 0.00708346 0.000130768 3.44682e-05 0.00822609 0.0214716 0.117857 0.748323 
0.00834831 0.00230521 0.241243 0.0572643 0.000506036 0.000226087 0.237024 0.0168585 0.0843786 0.351846 
0.00259607 0.000522178 0.0805853 0.148448 0.000624545 0.000137114 0.0128141 0.00822532 0.00868892 0.737358 
0.0462052 0.0277439 0.308291 0.170994 0.0020011 1.1779e-05 0.0540241 0.0192912 0.0489388 0.322498 
5.92709e-05 2.43952e-05 0.0363058 0.0148219 0.417838 4.19914e-07 0.030467 0.024116 0.000446622 0.47592 
0.000119324 0.0130462 0.0252829 0.231566 6.89439e-05 1.08262e-07 0.00682626 0.00426236 0.209927 0.508901 
0.00137214 0.00116038 0.0579078 0.0164104 0.00140157 1.27053e-07 0.00322402 0.032734 0.0970896 0.7887 
0.204644 0.00589048 0.0782607 0.0043294 0.000891767 9.30653e-05 0.0025897 0.0212271 0.288104 0.39397 
0.012522 5.93593e-06 0.069837 0.0261336 0.000428999 8.0854e-06 0.0827203 0.0100753 0.0220375 0.776231 
0.00406882 8.03854e-05 0.0931108 0.0986257 0.000296949 0.023314 0.246936 0.0959345 0.188093 0.24954 
0.0187741 6.67899e-05 0.0965384 0.0145939 0.00093526 0.000269342 0.0807325 0.0250761 0.00479896 0.758215 
0.00141571 0.00313887 0.0546908 0.00934333 0.00104183 3.11376e-09 0.00368071 0.0337609 0.0914043 0.801523 
0.00215444 0.00205668 0.103803 1.2036e-07 0.00306893 0.00253796 0.0467579 0.183649 0.0110016 0.644971 
0.0208907 0.000862474 0.0821554 0.13038 0.00660728 4.521e-06 0.00935304 0.0458753 0.0245573 0.679314 
0.00524972 0.000639826 0.12322 0.000334297 3.94258e-05 0.000109608 0.00677023 0.0381694 0.0519217 0.773546 
0.000127766 1.03555e-07 0.00287062 0.331992 0.00865008 3.2212e-09 0.000740368 0.00233351 0.00342505 0.649861 
6.71424e-05 3.18419e-08 0.00602798 0.0217902 0.00137945 5.40653e-12 0.00274048 0.000979079 0.0189764 0.948039 
6.53682e-05 0.00112642 0.252547 0.0695854 0.0114979 3.11594e-07 0.00333475 0.0721996 0.218075 0.371568 
0.00750208 0.000152185 0.117223 0.0914614 8.90758e-05 5.62588e-06 0.139686 0.0129227 0.0686396 0.562318 
4.34415e-05 6.98937e-06 0.0968814 0.227066 6.8995e-05 3.59016e-06 0.037769 0.032444 0.0113024 0.594414 
0.10001 0.099938 0.10002 0.100016 0.100004 0.0999466 0.100011 0.100011 0.100021 0.100023 
0.000337144 9.57903e-06 0.099998 0.0249105 0.000460693 1.17014e-07 0.130368 0.00760658 0.0268985 0.709411 
0.00109159 0.000237834 0.0150063 0.00292462 0.000489435 1.20052e-06 0.346555 0.00336479 0.000442975 0.629886 
1.13791e-06 0.00739223 0.119948 0.0604272 0.000342489 1.13719e-06 0.0357318 1.13792e-06 0.009902 0.766253 
0.00882132 0.00114886 0.289871 0.102753 0.00168567 8.21624e-07 0.142979 0.00921045 0.0504676 0.393061 
0.0200247 9.83465e-06 0.0577043 0.0118072 0.000267911 1.36093e-07 0.00815488 0.0325935 0.138174 0.731264 
0.0160055 5.85479e-06 0.0648522 0.0480297 0.00438483 1.8823e-05 0.057221 0.0157145 0.244013 0.549755 
0.00190517 3.56545e-08 0.215407 0.0424288 8.57027e-05 8.82289e-08 0.0488723 0.00527455 0.0692173 0.616809 
0.00917574 9.24265e-05 0.0887169 0.0852809 0.00205392 1.85828e-05 0.00566857 0.0316967 0.251859 0.525438 
0.0103828 0.000832859 0.0716236 0.0229057 0.00597805 0.00206937 0.065574 0.179298 0.116604 0.524732 
0.00741846 0.013857 0.028552 0.0055111 0.0154936 0.000716467 0.419901 0.00878608 0.0708161 0.428948 
0.101772 6.37932e-05 0.033227 0.00257264 2.14208e-05 6.59069e-08 0.000425878 0.00494903 0.0899141 0.767054 
0.00429401 4.3098e-05 0.0743439 0.10629 0.000250829 1.39652e-09 0.0464007 0.00750336 0.00718086 0.753693 
1.41956e-06 0.0632572 0.0453915 0.00966993 9.23158e-06 2.8875e-09 0.000664599 0.00857804 0.109964 0.762464 
8.5683e-05 0.000267305 0.0668569 0.198725 0.184175 4.86987e-06 0.0316429 0.113572 0.00043434 0.404236 
1.54702e-09 7.62421e-09 7.00022e-10 1.37789e-05 5.66336e-06 6.91511e-09 1.5147e-05 0.254725 0.0480071 0.697234 
0.00903002 6.96048e-06 0.0434172 0.029176 0.000466092 7.61281e-06 0.0128639 0.0144576 0.0275523 0.863022 
0.0182383 0.0015008 0.191865 0.201572 0.0149557 0.000756953 0.0896689 0.040989 0.0459667 0.394486 
0.0212436 0.000247471 0.00657567 0.0104363 0.00456532 1.58723e-06 0.00610484 0.00520086 0.145015 0.800609 
0.0413739 2.42906e-05 0.0569132 0.110907 7.05222e-10 2.32581e-09 0.0250863 6.82121e-07 0.0246256 0.741069 
0.00683843 2.42863e-05 0.0336697 0.0107264 0.00121348 0.000369991 0.0217622 0.0523991 0.121956 0.75104 
0.0373921 0.000404878 0.0605013 0.0215948 3.15456e-05 9.9307e-09 0.0219052 0.00362612 0.02986 0.824684 
0.0128025 0.000505695 0.0780641 0.0214748 0.000138654 2.96454e-05 0.000510169 0.244328 0.0332664 0.60888 
0.00385148 5.70474e-05 0.0686883 0.102192 0.00197038 5.81143e-06 0.120119 0.00340271 0.00945271 0.69026 
0.000830418 5.3905e-05 0.0181274 0.111741 0.000815074 1.64673e-12 0.00327033 0.00776072 0.0731862 0.784215 
0.0048782 0.00404191 0.0766991 0.143311 0.00161329 0.000109025 0.0498899 0.0252607 0.166175 0.528022 
0.0404343 0.00342105 0.0683055 0.0201565 0.0039165 2.9464e-06 0.0752299 0.0214666 0.0123324 0.754734 
0.0993508 0.000610147 0.119688 0.00640321 0.000506676 6.82147e-05 0.0313506 0.0182879 0.0331119 0.690622 
0.0371345 0.00190946 0.198661 0.14312 0.0836459 2.01937e-06 0.0487559 0.0664825 0.0537223 0.366566 
0.0103385 0.000608968 0.0841914 0.00774893 0.000768695 3.42049e-05 0.0211796 0.0466081 0.0940496 0.734472 
0.00080236 4.43159e-06 0.135854 0.224686 0.0072149 1.43985e-08 0.084454 0.0860069 0.20657 0.254407 
0.000440465 4.40908e-06 0.0709081 0.00145273 2.57997e-05 9.94882e-06 0.168573 0.0235365 0.0172277 0.717821 
0.00293518 7.12342e-06 0.184486 0.000176809 3.84044e-07 1.6608e-09 3.11067e-05 0.00234712 0.0789509 0.731065 
3.01625e-11 1.67849e-07 0.0496271 5.02006e-06 4.08812e-11 1.34825e-10 0.157404 0.0158285 0.139579 0.637556 
0.00349666 6.26305e-05 0.00744399 0.00730496 0.00019141 1.0419e-07 0.00902821 0.00362177 0.019134 0.949716 
0.00753983 3.56969e-05 0.261814 0.0879782 0.0117974 0.0010646 0.00566816 0.0367308 0.0511292 0.536243 
0.0128615 0.000496146 0.19902 0.0685143 0.000831715 0.0415188 0.148388 0.0123611 0.0283829 0.487626 
0.00100577 1.98853e-07 0.00315435 0.170192 1.98685e-05 1.74343e-08 0.236314 1.84494e-05 0.00989679 0.579399 
0.0670202 0.000170167 0.107465 0.00627806 0.104389 1.9426e-07 0.0040104 0.0236146 0.0915108 0.595541 
0.0173917 0.0015616 0.101259 0.0766871 0.0099365 1.85964e-07 0.0182588 0.0153225 0.0614303 0.698152 
0.0042576 0.0147897 0.0185762 0.115657 0.000624451 4.25323e-06 0.024767 0.00660488 0.0365708 0.778148 
0.00190848 1.04391e-05 9.58469e-07 0.0838097 2.8709e-06 9.46815e-06 0.104287 0.0114202 0.00998677 0.788564 
0.0105637 0.000384664 0.155052 0.14295 0.000827917 1.23379e-06 0.0331507 0.0132243 0.0569588 0.586887 
0.000242953 5.49273e-08 0.26288 0.0459893 0.000865727 8.29194e-08 0.0579384 0.0047184 0.0264459 0.600919 
0.000337676 5.69486e-09 0.218286 0.000258805 4.0629e-09 1.39562e-12 0.000329795 0.0264994 0.0833308 0.670957 
0.018611 0.021506 0.195682 0.0624096 0.15595 3.8872e-06 0.0389937 0.201689 0.0910787 0.214075 
0.0179899 0.0110132 0.141186 0.0540937 0.000867646 0.000461143 0.126375 0.0719442 0.100152 0.475917 
0.00244943 3.05375e-05 0.094801 0.110959 0.0009479 0.000111233 0.0115182 0.0825549 0.0299684 0.66666 
0.260328 2.00909e-05 0.069232 0.00435098 0.180475 1.00604e-08 0.0100202 0.114161 0.0569826 0.30443 
0.0205822 9.69253e-06 0.0234343 0.0038165 0.00191323 9.52773e-06 0.00841317 0.00859524 0.00649244 0.926734 
0.0603746 2.57151e-07 0.20772 0.125909 0.00173791 0.0015266 0.0135446 0.0325595 0.257154 0.299474 
0.00694902 0.00018895 0.141897 0.000875101 0.000126184 1.33891e-09 0.00355574 0.287221 0.13825 0.420938 
0.00127593 0.000640849 0.281769 0.0126454 0.0138661 6.94696e-06 0.112013 0.0101031 0.0163102 0.551369 
0.0150099 0.0126546 0.168938 0.020862 0.00276444 0.000137979 0.0283912 0.0483323 0.0571144 0.645795 
0.00302399 5.30644e-06 0.103016 0.0201074 0.000312507 6.61368e-07 0.0189592 0.0379229 0.0191572 0.797494 
0.0211626 1.94119e-05 0.229368 0.0119631 0.000382698 0.000174943 0.00534831 0.0627448 0.0693752 0.599461 
6.71424e-05 3.18419e-08 0.00602798 0.0217902 0.00137945 5.40653e-12 0.00274048 0.000979079 0.0189764 0.948039 
0.00011057 1.82036e-07 0.0486909 0.0160266 0.00445908 5.9599e-08 0.123636 0.291717 0.0805437 0.434815 
0.0504052 0.00277271 0.0376484 0.00109218 0.000113011 2.45281e-05 0.00663898 0.0280565 0.0525609 0.820688 
0.0178122 0.000952187 0.067739 0.103517 0.00327983 2.32493e-05 0.0655124 0.0419173 0.155407 0.54384 
0.0615139 0.0012437 0.380764 0.0131035 0.0104393 2.22905e-05 0.0242254 0.0757059 0.0418163 0.391166 
0.00127949 0.00686772 0.18317 0.113972 0.000248279 0.000145632 0.0475984 0.014358 0.067266 0.565094 
0.0197559 9.39782e-06 0.080662 0.0191229 0.000268186 0.00925717 0.0257654 0.0320601 0.0209103 0.792189 
0.00137212 0.00241951 0.0635812 0.129018 0.0292146 2.02431e-07 0.011412 0.101768 0.0680009 0.593213 
0.0321831 0.00162261 0.0250721 0.0925204 0.0304611 9.96864e-08 0.0296505 0.015697 0.0543465 0.718447 
0.00159022 9.86413e-07 0.103749 0.00417558 3.75897e-05 5.21945e-05 0.0787018 0.00928351 0.0615035 0.740906 
3.25772e-05 0.000670331 0.0442964 0.127874 5.60415e-06 0.000611443 0.0109637 0.207728 0.0335781 0.574239 
0.0357344 1.7709e-08 0.00541562 0.0264016 0.000769794 3.73821e-05 0.035266 0.00868365 0.0449383 0.842753 
0.0470028 0.000164783 0.138833 0.0033701 0.000387157 1.73945e-11 0.0135113 0.048626 0.0097273 0.738378 
0.000396017 0.000889761 0.0117845 0.224958 0.005377 2.83339e-07 0.00161392 0.0326893 0.0412629 0.681028 
0.0113362 0.000185907 0.0549213 0.211374 0.00322666 2.57927e-05 0.0213053 0.114007 0.0796206 0.503997 
0.0179494 0.0102004 0.0935816 0.0182801 0.000117143 0.000224949 0.0147616 0.0314634 0.0835668 0.729854 
0.00349666 6.26305e-05 0.00744399 0.00730496 0.00019141 1.0419e-07 0.00902821 0.00362177 0.019134 0.949716 
0.00316598 0.000144025 0.0983188 0.235527 0.000123044 4.83483e-08 0.0531712 0.248547 0.0580141 0.302988 
0.0139741 0.000284843 0.324138 0.0305631 0.00809088 0.000323392 0.0548441 0.0167425 0.0492126 0.501827 
0.0652733 4.22312e-06 0.146099 0.0108069 4.07775e-05 2.57898e-05 0.00132555 0.0255957 0.155347 0.595482 
0.0107641 3.63125e-05 0.0553591 0.0214754 0.000840917 1.08289e-05 0.40707 0.072727 0.0112461 0.420471 
