0.00132116 4.86133e-05 0.130545 0.0378802 2.89712e-05 2.44612e-05 0.0591737 0.00855715 0.0491989 0.713222 
0.125248 0.00139134 0.106743 0.0411016 0.0819636 0.0350564 0.0407178 0.155625 0.118288 0.293866 
0.000103629 8.80099e-07 0.0779909 0.0292834 8.18511e-06 8.6533e-07 0.000352701 0.0993942 0.0573272 0.735538 
0.0145221 0.116833 0.250189 0.171467 0.0159661 7.83181e-06 0.019746 0.0562468 0.0731294 0.281892 
0.00268028 3.80229e-08 0.0113733 0.0632799 6.04448e-06 7.37392e-08 0.0654771 0.00375162 0.0870833 0.766348 
0.000204359 1.47284e-05 0.0761596 0.00543437 0.00122376 0.000381253 0.0768869 0.269206 0.0444017 0.526088 
7.46676e-05 5.74889e-08 0.000617048 1.10786e-05 0.00136603 0.145857 0.00118706 0.00661686 0.0562939 0.787976 
0.0477484 0.000336206 0.237944 0.089281 0.00013288 1.17401e-05 0.032746 0.046211 0.144148 0.401441 
5.32393e-05 1.63585e-06 0.195391 0.000158084 0.00070783 3.48494e-06 0.0020967 0.0162614 0.0360858 0.749241 
0.000396226 0.000606606 0.193292 0.295879 1.30702e-05 4.06674e-08 0.10621 0.00368473 0.0137994 0.386118 
0.0190581 9.76012e-05 0.108378 0.182597 6.0145e-05 0.00279616 0.131375 0.0156345 0.0920529 0.447951 
0.00486765 1.89212e-05 0.0817915 0.026375 8.16805e-05 1.29248e-05 0.0424929 0.0061211 0.00461852 0.83362 
0.0235132 0.00268436 0.207237 0.160003 0.0268706 4.84682e-08 0.0801185 0.0418772 0.0689693 0.388727 
0.00943559 0.00556945 0.164331 0.0507161 0.000698186 0.00014503 0.16856 0.149273 0.0748856 0.376386 
0.0313178 0.019994 0.0344138 0.00526992 0.00210542 3.15878e-05 0.00910268 0.0120862 0.0796074 0.806071 
0.00761422 0.0255752 0.312226 0.0313206 0.0010187 1.66959e-07 0.060287 0.149582 0.0613223 0.351054 
0.0172883 0.00734365 0.172288 0.0240815 0.000166077 7.08915e-06 0.191231 0.108632 0.0876838 0.391279 
5.43934e-07 8.42979e-12 0.350646 1.62951e-07 2.31832e-12 7.64577e-12 9.0333e-08 0.0131893 0.0584068 0.577757 
0.0167089 6.67352e-05 0.079993 0.0713647 0.000643305 0.0648737 0.027898 0.292795 0.116189 0.329468 
0.000242953 5.49273e-08 0.26288 0.0459893 0.000865727 8.29194e-08 0.0579384 0.0047184 0.0264459 0.600919 
0.000112145 1.63331e-07 0.00186964 0.302199 1.35958e-07 6.59427e-08 0.00213333 0.000309654 0.140879 0.552497 
4.35503e-05 5.24726e-07 0.060429 0.0269662 0.00075567 3.29303e-10 0.0204808 0.0186281 0.0375925 0.835104 
0.00934156 0.000213832 0.101234 0.0222942 8.53702e-05 0.00402291 0.0891133 0.0971121 0.0934494 0.583134 
0.00683843 2.42863e-05 0.0336697 0.0107264 0.00121348 0.000369991 0.0217622 0.0523991 0.121956 0.75104 
0.405688 0.000158567 0.0622187 0.000347901 1.98073e-05 6.66527e-07 0.00011283 0.0101787 0.100887 0.420388 
0.00264834 3.84897e-05 0.00853422 0.00911268 0.000102561 5.68816e-08 0.0119875 0.00284861 0.0189369 0.945791 
0.0253558 0.000955082 0.108146 0.0286841 0.0348872 0.000731768 0.0238534 0.0476635 0.071821 0.657902 
0.000283306 0.117549 0.239664 0.0300036 0.00614773 0.000697383 0.030308 0.1199 0.0234299 0.432017 
0.0113315 5.62971e-06 0.15374 0.00480731 0.00034882 2.71387e-06 0.00803262 0.0102754 0.00236979 0.809086 
3.65192e-05 6.13648e-09 0.208383 0.000110791 3.12522e-05 1.7799e-12 0.00031255 0.0273206 0.0226927 0.741112 
0.00226945 2.92123e-05 0.0340525 0.0112637 0.000246702 1.73827e-08 0.00133485 0.0128683 0.0243411 0.913594 
0.00297329 7.52179e-05 0.2772 0.0254641 0.000319353 0.00111556 0.107554 0.0361889 0.0257637 0.523346 
0.00253005 0.00490207 0.00887422 0.107058 1.97009e-05 1.2151e-06 0.0434288 0.000634847 0.101822 0.73073 
0.00154429 0.000585051 0.34567 0.0982684 0.00749082 5.87882e-05 0.103097 0.0209803 0.0241416 0.398164 
0.000610946 9.09422e-06 0.167191 0.00966184 0.000184513 0.00505609 0.158707 0.20413 0.19336 0.26109 
0.00872878 0.00472793 0.0628391 0.164588 0.000157419 1.31408e-05 0.0113775 0.0224137 0.166747 0.558408 
0.000621386 0.000215926 0.0413998 0.324 0.000399467 4.80978e-06 0.0158821 0.0683184 0.0487502 0.500408 
0.038602 0.000119843 0.0391042 0.0318837 0.0733236 1.72451e-05 0.0351968 0.0334474 0.0452274 0.703078 
0.0425517 9.42818e-06 0.158446 0.00524182 9.40863e-05 8.35962e-05 0.0121316 0.0530067 0.177885 0.550551 
0.00336969 1.34738e-05 0.112086 0.0561317 0.00012112 6.78743e-07 0.00924032 0.00374272 0.0811325 0.734162 
0.0232489 0.0154397 0.0492833 0.0374775 0.00770808 5.38901e-06 0.0280464 0.0163458 0.0685218 0.753923 
0.0457839 3.7513e-05 0.00110733 0.000797822 0.000100448 4.48619e-07 0.00312073 0.000772637 0.0357746 0.912505 
0.033648 4.46942e-06 0.183477 0.000366651 6.78385e-08 7.44326e-08 1.99043e-08 0.0342419 0.165132 0.58313 
0.0111747 0.0017926 0.323303 0.13564 0.00183887 0.000402492 0.0650017 0.0273894 0.0349749 0.398483 
0.0308673 0.000573003 0.0511816 0.0424403 0.00597302 9.94371e-06 0.04623 0.0568365 0.035592 0.730296 
0.00695725 0.00115412 0.167504 0.284257 0.00738188 4.5136e-06 0.0901279 0.0127307 0.0820642 0.347818 
0.000351211 0.000306079 0.0420522 0.00460786 0.000396567 9.66971e-07 0.0138228 0.0389924 0.0680134 0.831456 
3.00767e-09 0.177372 2.43097e-05 1.75218e-05 2.26228e-05 1.34442e-08 0.132102 0.00702736 0.0217961 0.661638 
4.09437e-05 0.00236278 2.95094e-07 0.000466486 1.90381e-05 0.000219909 0.147919 0.0268608 0.0171169 0.804994 
0.0457839 3.7513e-05 0.00110733 0.000797822 0.000100448 4.48619e-07 0.00312073 0.000772637 0.0357746 0.912505 
0.0192616 0.00383816 0.202096 0.0705865 0.00646753 0.00023776 0.0317098 0.0670225 0.101363 0.497417 
0.0716738 0.000179901 0.14263 0.00825289 0.00135278 2.84995e-08 0.00168472 0.0114283 0.0234783 0.73932 
0.000908378 2.41242e-05 0.189119 0.0103825 3.51476e-05 0.000791897 0.109012 0.0497799 0.0548997 0.585048 
0.0366828 0.000311617 0.296514 0.00123747 0.000527264 0.000518811 0.0456831 0.0781937 0.139547 0.400785 
0.000630563 7.61715e-05 0.228554 0.00548778 0.000154939 0.000500321 0.016833 0.00615986 0.00150872 0.740094 
0.0118887 6.05644e-05 0.31173 0.00627896 0.000879039 1.04318e-06 0.15738 0.0152601 0.0157696 0.480753 
0.00707116 0.000280305 0.0842325 0.000520509 2.91423e-05 3.34419e-09 0.000808886 0.0477218 0.153136 0.706199 
0.0518649 9.13661e-05 0.261375 0.00938573 3.35904e-06 2.55688e-06 0.00751137 0.0153744 0.0724807 0.58191 
0.000967492 0.000296619 0.0359928 0.0906826 0.00294617 2.28983e-05 0.186799 0.043404 0.0739693 0.564919 
0.0248303 0.000127541 0.265585 0.0382045 3.90971e-06 2.90306e-09 0.0101286 0.00613221 0.0813034 0.573685 
0.00563908 0.00162884 0.0383904 0.433284 0.0399919 3.41679e-05 0.0164086 0.00446721 0.00866749 0.451488 
0.000108158 3.54084e-05 0.0198039 0.111361 5.76548e-05 4.57447e-09 0.00974599 0.0116697 0.190618 0.6566 
0.00362919 0.000438086 0.251546 0.054434 0.000397808 0.00123354 0.0667587 0.27121 0.0771829 0.273171 
0.01382 6.71365e-05 0.16315 0.0525639 7.64338e-05 0.000188639 0.00213502 0.0344429 0.113898 0.619658 
0.00805724 0.000446822 0.387828 0.0648549 0.002848 2.49181e-06 0.0315094 0.0137315 0.00993659 0.480785 
0.00349231 0.0051405 0.0429845 0.309243 0.0407813 1.46084e-09 0.00972163 0.021704 0.0285199 0.538412 
0.00551443 0.00910515 0.0649851 0.0197177 0.000237499 1.20246e-09 0.0096562 0.253753 0.151726 0.485305 
0.0132963 0.0109265 0.1692 0.0558848 0.00983231 2.12355e-05 0.0235243 0.0227872 0.0973231 0.597204 
0.000436466 3.02375e-06 0.0601235 0.00450664 1.96888e-05 7.81932e-08 0.00115383 0.00483296 0.00710667 0.921817 
0.0457839 3.7513e-05 0.00110733 0.000797822 0.000100448 4.48619e-07 0.00312073 0.000772637 0.0357746 0.912505 
0.00946146 2.93995e-05 0.172793 0.0366844 0.000108719 8.11337e-05 0.144612 0.00972446 0.18133 0.445175 
0.0123966 0.000223125 0.0900341 0.0368325 0.000128475 0.000775068 0.113339 0.0111139 0.109385 0.625772 
0.00156177 0.00357735 0.0745846 0.290115 0.00014507 0.00142296 0.030108 0.11615 0.145978 0.336357 
0.0223743 3.43979e-06 0.00995454 0.00245829 0.000368865 3.27853e-05 0.0367142 0.00572304 0.00129192 0.921079 
0.0481231 0.000187745 0.146224 0.247272 7.22503e-05 3.57696e-09 0.235826 0.00197461 0.0129938 0.307327 
0.00692283 7.08746e-05 0.219494 0.199391 0.000538633 5.51182e-05 0.11037 0.131578 0.0345099 0.297069 
1.03596e-08 2.67948e-08 0.0510879 0.00372652 2.16382e-08 1.40719e-09 0.00254753 0.00304546 0.000956162 0.938636 
0.0491829 2.93616e-05 0.057958 0.0288268 0.00065904 0.000621245 0.015738 0.0352563 0.0195945 0.792134 
5.42836e-08 1.18998e-05 0.00412104 0.0011148 1.23866e-06 2.51773e-10 0.00795081 0.00382295 0.00205356 0.980924 
0.0250456 0.019456 0.128517 0.0147451 0.0163228 0.000496867 0.0568297 0.0219529 0.0278215 0.688812 
0.063451 1.3611e-09 0.035743 0.0012608 3.02177e-05 1.23451e-09 0.0128811 0.155828 0.00071813 0.730088 
0.005471 0.0116184 0.243557 0.20081 0.0046992 5.59344e-08 0.0324079 0.13396 0.0146439 0.352833 
0.00602338 0.0118499 0.0183663 0.00284848 0.00153592 0.000312035 0.0122724 0.146014 0.0832282 0.71755 
0.00223357 2.02317e-05 0.0591401 0.0089547 0.00118544 7.95359e-05 0.0298355 0.142083 0.332449 0.424019 
0.0473554 9.79273e-05 0.23506 0.0179441 0.000129435 1.33479e-05 0.0641277 0.037905 0.0588747 0.538493 
0.0251257 0.00276451 0.180615 0.0437609 0.00135184 0.000118544 0.156202 0.133491 0.136158 0.320413 
0.000108105 1.20268e-06 0.136278 0.0544296 0.00360772 3.4181e-06 0.0176269 0.24207 0.210156 0.335718 
0.00192078 0.000111481 0.0435862 0.00635898 0.00280052 0.000835642 0.00764677 0.0319405 0.00303267 0.901766 
0.0105515 0.000482661 0.100904 0.00405225 0.00034871 5.22291e-05 0.00369353 0.0937301 0.0330328 0.753153 
0.033708 0.040957 0.222327 0.11711 0.0266623 0.000172053 0.00301204 0.166779 0.0472091 0.342064 
0.00100577 1.98853e-07 0.00315435 0.170192 1.98685e-05 1.74343e-08 0.236314 1.84494e-05 0.00989679 0.579399 
0.00259607 0.000522178 0.0805853 0.148448 0.000624545 0.000137114 0.0128141 0.00822532 0.00868892 0.737358 
0.0051927 1.80015e-05 0.133176 0.0778349 0.000181758 0.000216903 0.316449 0.0391764 0.0195918 0.408162 
0.000724034 0.00260069 0.00333364 0.0387046 0.00400684 0.000447723 0.0614922 0.196137 0.224874 0.46768 
0.0229165 5.69009e-05 0.0290675 0.0163159 0.000341041 2.33638e-06 0.0421983 0.005669 0.0108088 0.872624 
0.00285525 1.76952e-05 0.100075 0.0241687 0.000100478 1.29823e-05 0.395317 0.00669895 0.00608258 0.464672 
0.00812937 0.000218798 0.0496558 0.00361643 8.63364e-05 8.69132e-06 0.00206115 0.112124 0.0782249 0.745875 
0.0216939 3.33794e-05 0.117865 0.0979229 0.000146639 2.84247e-12 0.014123 0.0668938 0.0370551 0.644266 
0.045437 5.76351e-05 0.0422103 0.00660093 0.000192185 1.67235e-05 0.0844149 0.0173133 0.0223082 0.781449 
0.00845189 2.53258e-05 0.19147 0.00811562 1.86315e-05 8.31239e-08 0.00553564 0.0280442 0.234526 0.523813 
0.0668124 0.043526 0.0858749 0.0768889 0.0640517 1.55039e-08 0.121632 0.0304936 0.185739 0.324982 
0.00461992 9.15723e-06 0.00565402 0.00356927 0.000218175 1.13709e-08 0.00504982 0.001673 0.0043226 0.974884 
0.0133263 0.061628 0.0312617 0.0115033 0.000928922 9.55827e-05 0.0313257 0.256674 0.105949 0.487307 
0.0219504 0.00071473 0.186491 0.0542721 0.00026794 9.51136e-07 0.0503019 0.0161795 0.116648 0.553174 
0.00438354 0.0118878 0.111029 0.209087 0.000982267 1.05292e-05 0.015664 0.012915 0.023728 0.610313 
0.00476362 0.0102731 0.0347546 0.0250933 0.000391789 0.000137583 0.0658921 0.144304 0.138399 0.575991 
0.00604929 0.00124012 0.117995 0.0114441 0.00203365 0.000964662 0.397971 0.0506859 0.00706685 0.40455 
4.64483e-05 0.00274824 0.00504659 0.0180507 0.0622778 1.22763e-08 0.00511472 0.00122596 0.040629 0.864861 
0.0426298 0.000176722 0.163726 0.0109638 9.61892e-05 0.000169206 0.0996435 0.0275949 0.0446172 0.610382 
0.00264834 3.84897e-05 0.00853422 0.00911268 0.000102561 5.68816e-08 0.0119875 0.00284861 0.0189369 0.945791 
0.0125024 0.000854178 0.29233 0.0132514 0.0008486 4.18073e-05 0.013932 0.19475 0.136776 0.334713 
0.0072573 0.00183503 0.128213 0.118299 0.146813 7.05233e-05 0.217408 0.0596679 0.017769 0.302667 
0.0105676 0.000287793 0.217895 0.0395597 0.0105966 0.000311003 0.0992188 0.0280893 0.039753 0.553721 
0.0132283 0.0607576 0.342556 0.00363293 0.0017195 2.63494e-08 0.000806796 0.175448 0.0553831 0.346467 
0.00175737 2.87756e-05 0.024855 0.0261153 5.99989e-05 9.22926e-07 0.0351 0.0108298 0.0795831 0.82167 
5.42836e-08 1.18998e-05 0.00412104 0.0011148 1.23866e-06 2.51773e-10 0.00795081 0.00382295 0.00205356 0.980924 
0.0607318 0.00147332 0.032382 0.031099 0.0118226 1.40056e-06 0.0253483 0.00917934 0.0442035 0.783759 
0.0070619 0.00441696 0.0955024 0.0208295 8.48356e-05 7.72459e-06 0.00319287 0.00665198 0.0830585 0.779193 
0.00712793 0.00127893 0.287164 0.299518 0.0480052 7.0146e-06 0.0193099 0.0133903 0.0188663 0.305333 
0.00697876 5.60407e-05 0.0130002 0.107822 0.00344059 1.18694e-06 0.0303482 0.00398259 0.0105519 0.823819 
0.0076964 0.00443738 0.273082 0.143154 3.68505e-07 2.5859e-08 0.00263442 0.113052 0.111232 0.344711 
0.0734412 0.00237818 0.0151675 0.00954937 5.06608e-05 3.3691e-05 0.0079452 0.0440843 0.0790886 0.768261 
0.0362844 8.33828e-05 0.235922 0.076964 0.0380034 0.000932546 0.0047066 0.118224 0.0520343 0.436846 
0.000345 0.00140144 0.0244907 0.0336692 0.0279214 7.48562e-06 0.0218336 0.0195937 0.0146589 0.856079 
0.0240821 0.000269147 0.20143 0.0805688 0.00107305 1.76525e-06 0.0534642 0.0191607 0.302103 0.317847 
0.0105713 0.00889452 0.261997 0.096657 0.00583241 2.12405e-05 0.113396 0.0500976 0.0459781 0.406554 
0.00509119 2.53858e-05 0.00887156 0.0157606 4.51389e-05 1.98674e-07 0.287028 0.0106671 0.00896019 0.66355 
0.0355206 0.0436552 0.0693054 0.0634214 0.000452824 0.0031488 0.024949 0.0144522 0.0544686 0.690626 
0.000829069 1.20442e-06 0.230347 0.0263218 3.64458e-05 1.21607e-07 0.0204322 0.0543005 0.133945 0.533787 
0.0134035 0.000466426 0.322882 0.0323003 0.00611523 1.36335e-05 0.168965 0.0577468 0.00703542 0.391072 
0.00137212 0.00241951 0.0635812 0.129018 0.0292146 2.02431e-07 0.011412 0.101768 0.0680009 0.593213 
0.0201526 0.0332712 0.128672 0.0923565 0.00922833 3.38164e-06 0.0185771 0.0216364 0.0677989 0.608304 
2.4908e-07 9.70388e-12 0.198322 0.021875 6.96561e-08 1.4091e-08 1.6089e-07 1.84518e-06 0.0491062 0.730695 
0.000349616 2.0929e-05 0.0175516 0.188099 0.00361935 9.51179e-07 0.0289218 0.0284446 0.0382546 0.694738 
1.19185e-05 2.60692e-06 6.03839e-05 0.0240776 3.07156e-05 6.56329e-06 0.0585779 0.0877539 2.371e-05 0.829455 
0.0104066 0.0116227 0.157295 0.125298 0.0531738 0.0373135 0.018284 0.0344889 0.0554237 0.496693 
0.0013466 0.000611368 0.0946793 0.0245343 0.000439829 0.000704857 0.010991 0.148228 0.0761718 0.642293 
0.00212134 2.39035e-05 0.169948 0.019903 0.0124496 2.42429e-07 0.177434 0.0290302 0.175879 0.41321 
0.0106417 0.000230802 0.0109227 0.12598 0.000570003 0.0067171 0.118209 0.0207644 0.137048 0.568916 
0.0173737 4.27451e-05 0.0505724 0.00601132 9.22752e-05 1.14705e-07 0.00233848 0.0152063 0.167105 0.741257 
0.133224 0.142809 0.144611 0.0013083 0.00788695 0.00262241 0.00333205 0.122967 0.134992 0.306247 
0.0152652 0.00467799 0.0993061 0.264587 0.0109906 5.82944e-07 0.0198083 0.0737664 0.113056 0.398542 
0.000434561 0.000311151 0.152617 0.213684 0.000177282 2.3101e-06 0.0546763 0.0504463 0.0748318 0.452819 
0.00519513 9.40217e-05 0.115033 0.27995 3.03879e-05 2.00395e-07 0.00952711 0.0314727 0.168691 0.390006 
0.000726329 2.40824e-06 0.0768519 0.0113508 8.84367e-05 1.13688e-07 0.0778172 0.000376339 0.0332668 0.79952 
0.00136345 1.30705e-05 0.274915 0.0882389 0.000649607 2.94711e-10 0.0170891 0.00449423 0.0325233 0.580713 
0.0918375 0.0198034 0.0485665 0.0291786 0.0689758 6.29726e-05 0.0551576 0.179649 0.168653 0.338116 
0.00244057 1.27346e-08 0.126087 0.0443697 1.76892e-06 8.73649e-08 0.263351 0.00907626 0.0846589 0.470014 
0.0347675 4.49394e-05 0.173171 0.0708163 4.88904e-05 0.000222536 0.0143568 0.124981 0.184564 0.397027 
0.0114432 0.000408952 0.0300481 0.111542 0.153329 0.000276973 0.0291415 0.0590347 0.0106282 0.594147 
0.0135184 0.00187337 0.158063 0.202107 0.00202626 0.000284371 0.0233805 0.0307293 0.0630281 0.504989 
4.28299e-05 0.000775023 0.219913 0.0118397 0.000365368 0.0267105 0.110726 0.268734 0.0777015 0.283191 
0.0267091 3.89703e-06 0.107903 0.0235459 0.00013196 3.91447e-09 0.283845 0.126187 0.081335 0.350339 
0.0115161 0.000121091 0.027068 0.0447097 0.000281927 7.01616e-08 0.0718044 0.00901597 0.0326939 0.802789 
0.0196678 0.00217335 0.201014 0.0523762 0.00934966 0.00260213 0.0142321 0.211198 0.101256 0.386132 
0.103774 6.13484e-06 0.138661 0.201123 0.0470433 8.57583e-05 0.0265051 0.0032005 0.188336 0.291266 
0.0189829 0.00571871 0.139671 0.03397 0.0233108 1.2764e-05 0.0238674 0.241 0.061062 0.452404 
0.000469597 2.65857e-05 0.287182 0.013331 2.91489e-08 9.53807e-09 0.0116449 0.0126509 0.0376599 0.637035 
0.0457839 3.7513e-05 0.00110733 0.000797822 0.000100448 4.48619e-07 0.00312073 0.000772637 0.0357746 0.912505 
0.0625668 0.00188887 0.0053927 0.0100805 0.000132911 4.08574e-07 0.0125505 0.00300107 0.0829823 0.821404 
0.0103072 6.58772e-05 0.0930591 0.0103308 9.95586e-05 3.30542e-07 0.00862562 0.0137199 0.0369058 0.826886 
0.0251012 0.00245707 0.0953461 0.114807 0.120715 0.000185678 0.0296594 0.104736 0.0387682 0.468224 
0.0130099 0.000181302 0.135729 0.0324008 0.000349601 0.00165162 0.0140471 0.311624 0.058338 0.432668 
0.0101468 1.65187e-05 0.0154033 0.00400619 4.7182e-05 8.7248e-08 0.0015522 0.0202683 0.0303011 0.918258 
0.00237331 0.00749102 0.0356387 0.0612881 0.000127749 1.55978e-06 0.00850901 0.0137844 0.426594 0.444192 
3.36693e-06 2.58177e-06 0.0094165 0.000171566 2.35933e-05 3.12008e-10 0.0310627 0.138637 0.407144 0.413539 
0.010112 0.0273498 0.237318 0.00355549 0.000246253 4.59866e-05 0.015243 0.0780063 0.0566279 0.571495 
0.0248038 0.000316482 0.0291434 0.0294994 0.000188531 3.83925e-07 0.155736 0.00121745 0.0441925 0.714903 
0.00858269 0.00966796 0.122148 0.0711469 0.000481478 3.84974e-07 0.00701581 0.0403872 0.110163 0.630407 
0.133002 1.12765e-05 0.0127147 0.00457719 0.00302202 3.02849e-06 0.00381881 0.0106976 0.00802245 0.824131 
0.00946779 6.42053e-07 2.1575e-10 0.00700701 0.000503279 2.13127e-09 0.176417 0.0076142 0.0403568 0.758634 
0.000678379 0.00666887 0.268692 0.202395 0.0438228 2.22737e-09 0.0114957 0.0932271 0.0214572 0.351563 
0.0290213 0.00186524 0.114988 0.0970447 6.77843e-05 4.01829e-07 0.0141252 0.221293 0.249208 0.272386 
0.000782251 2.88995e-08 0.0485304 0.00311378 2.54551e-05 8.07838e-07 0.00850665 0.0793695 0.289392 0.57028 
0.00991031 0.00034838 0.135793 0.00176367 2.00781e-05 5.94204e-05 0.0281233 0.0197326 0.083813 0.720437 
0.00575691 2.40943e-07 0.219046 0.01017 6.87647e-05 0.000362321 0.12149 0.000723917 0.192026 0.450355 
0.0150709 4.81297e-07 0.0307869 0.00225813 0.000108701 4.08349e-08 0.00356836 0.0198328 0.102466 0.825908 
0.0110624 0.00167171 0.134681 0.0841103 0.00537256 0.00202037 0.310953 0.0121589 0.0311785 0.406792 
0.000629231 0.0275912 0.144604 0.130436 7.43361e-08 7.63945e-06 0.166714 0.0490999 0.0104524 0.470466 
0.0144241 0.00377695 0.398007 0.0166192 0.000247563 0.00112574 0.00865385 0.0637815 0.0399652 0.453399 
0.0604923 0.000917157 0.203984 0.103166 0.0665712 8.4798e-06 0.0298227 0.0220803 0.0872826 0.425675 
0.00264834 3.84897e-05 0.00853422 0.00911268 0.000102561 5.68816e-08 0.0119875 0.00284861 0.0189369 0.945791 
0.0207451 0.000126947 0.356989 0.0471744 0.007567 3.55883e-08 0.0171243 0.0166724 0.0663765 0.467224 
0.00110923 0.00670709 0.241294 0.0892183 0.00994382 0.0205955 0.167449 0.0146152 0.0291973 0.419871 
0.0504052 0.00277271 0.0376484 0.00109218 0.000113011 2.45281e-05 0.00663898 0.0280565 0.0525609 0.820688 
0.0177448 0.0249634 0.248171 0.108244 0.000644829 0.00248091 0.0535241 0.118406 0.0667677 0.359053 
0.0516636 0.00129595 0.0812643 0.0324864 5.59463e-05 4.50039e-05 0.0633386 0.00376845 0.158694 0.607387 
0.00998281 7.37174e-07 0.0710593 0.0363233 5.20512e-08 1.10669e-10 0.11012 0.00101206 0.0594272 0.712075 
0.00400159 6.76025e-05 0.0801091 0.121733 0.0004715 1.17291e-05 0.0554208 0.0409801 0.0957375 0.601467 
0.0236222 0.00269595 0.230865 0.0778541 0.0123027 0.00103616 0.0792867 0.0794441 0.235349 0.257544 
0.000545485 0.000285025 0.005331 0.103128 0.000166068 2.50805e-06 0.000867871 0.00121569 0.0106304 0.877828 
0.00264834 3.84897e-05 0.00853422 0.00911268 0.000102561 5.68816e-08 0.0119875 0.00284861 0.0189369 0.945791 
0.00168993 0.00937482 0.153435 0.0851823 7.16162e-05 5.41347e-06 0.0480196 0.00353012 0.0179514 0.680739 
0.0125606 0.000477459 0.181026 0.00287358 0.000338197 0.00650072 0.00804739 0.275306 0.185026 0.327845 
1.03596e-08 2.67948e-08 0.0510879 0.00372652 2.16382e-08 1.40719e-09 0.00254753 0.00304546 0.000956162 0.938636 
0.0457839 3.7513e-05 0.00110733 0.000797822 0.000100448 4.48619e-07 0.00312073 0.000772637 0.0357746 0.912505 
0.0461303 0.0351978 0.176961 0.225675 0.00924296 2.06007e-06 0.036382 0.0203028 0.113364 0.336742 
0.00960988 1.58386e-05 0.0949097 0.0346667 3.54375e-05 6.8115e-06 0.177371 0.00139386 0.0145331 0.667458 
0.0402558 2.07061e-08 0.228054 0.00782102 0.00245035 1.13895e-11 0.00418271 0.232605 0.0995449 0.385086 
0.000170005 2.4851e-05 0.284682 0.0219001 3.74068e-05 0.000576334 0.00775658 0.00544923 0.0287388 0.650665 
0.0212459 0.0308936 0.137213 0.0174452 0.00460023 8.1075e-06 0.00749205 0.0293896 0.0962832 0.655429 
0.0189224 0.000149149 0.332622 0.00214961 4.22527e-05 0.000604972 0.0987116 0.00994661 0.0308693 0.505983 
0.0479054 5.14772e-05 0.0693111 0.0185375 0.000949042 7.94644e-06 0.0202379 0.00755968 0.00465243 0.830788 
0.00194799 0.00792014 0.185136 0.0467246 0.0307926 0.000144547 0.0197051 0.298109 0.0069125 0.402607 
0.00461992 9.15723e-06 0.00565402 0.00356927 0.000218175 1.13709e-08 0.00504982 0.001673 0.0043226 0.974884 
0.0020727 2.49728e-05 0.349261 0.00725178 0.000307325 0.00108994 0.241207 0.030097 0.00231469 0.366374 
0.00781129 7.36221e-08 0.19851 0.0685859 0.00550411 6.01283e-11 0.031024 0.141797 0.237574 0.309194 
0.0112281 0.000400938 0.13673 0.0293179 0.00598336 8.85789e-06 0.0321203 0.0107324 0.0699585 0.703519 
6.71424e-05 3.18419e-08 0.00602798 0.0217902 0.00137945 5.40653e-12 0.00274048 0.000979079 0.0189764 0.948039 
0.00335198 4.39952e-06 0.00270795 0.0177156 0.000182305 1.10086e-07 0.0489729 0.0588405 0.0812463 0.786978 
3.65192e-05 6.13648e-09 0.208383 0.000110791 3.12522e-05 1.7799e-12 0.00031255 0.0273206 0.0226927 0.741112 
0.00207195 0.0036725 0.0644934 0.0787319 0.0151128 1.9811e-05 0.187286 0.0386483 0.187521 0.422442 
0.00516853 0.000849146 0.192267 0.0263229 0.0109398 4.96827e-06 0.0765261 0.0290595 0.0288515 0.630011 
0.00378898 0.00126806 0.0093895 0.460491 0.0372302 1.33382e-07 0.0025505 0.0100972 0.0106482 0.464536 
0.000468442 6.67909e-05 0.380156 0.0238431 2.37152e-06 9.15736e-08 0.0990736 0.000134179 0.00235182 0.493904 
0.0515075 0.0182103 0.147457 0.00229404 0.00175707 6.94093e-05 0.00230224 0.228314 0.0805852 0.467504 
0.000563542 0.000308797 0.0298601 0.068065 0.0163317 2.03683e-05 0.146433 0.211783 0.00542219 0.521212 
0.175925 0.000625856 0.00747845 0.26919 0.0337812 6.70897e-07 0.0446507 0.00374584 0.0636387 0.400964 
0.0434065 1.02239e-05 0.0178162 0.00226782 0.00191142 3.01781e-05 0.0167379 0.0113696 0.00351241 0.902938 
0.0744786 2.81585e-05 0.100837 0.0564275 0.00117478 6.22105e-05 0.036467 0.106085 0.211854 0.412586 
0.0396278 2.29026e-05 0.0835624 0.0581663 0.00152406 5.29888e-06 0.111622 0.118847 0.247473 0.33915 
0.000697275 2.71381e-05 0.0152331 0.31605 1.61109e-05 1.03527e-07 0.0121943 0.000464617 0.00576489 0.649553 
0.0737292 0.00430985 0.0315824 0.0956014 0.0249582 1.76134e-07 0.0259559 0.00311741 0.0533234 0.687422 
0.0105559 0.00141793 0.267164 0.0919722 0.00135565 0.00082818 0.0212361 0.0113542 0.0958282 0.498287 
0.00391482 8.39087e-05 0.307405 0.0113045 8.23467e-07 5.69542e-09 0.0126187 0.0258816 0.309322 0.329469 
0.0434065 1.02239e-05 0.0178162 0.00226782 0.00191142 3.01781e-05 0.0167379 0.0113696 0.00351241 0.902938 
0.0246274 6.43322e-05 0.0236974 0.0941903 0.00149484 2.00897e-07 0.033236 0.00376452 0.126233 0.692692 
0.000662258 2.76168e-07 0.103421 0.0209226 0.00147006 3.48196e-05 0.0108568 0.367151 0.126244 0.369237 
0.00221587 5.49505e-05 0.0785374 0.0321789 0.00105227 0.00135313 0.0561353 0.0299255 0.00221233 0.796334 
0.000384473 6.32738e-06 0.081411 0.0234381 0.000248998 5.17433e-05 0.03212 0.0357732 0.153436 0.67313 
0.00117875 0.00019832 0.0360508 0.210291 0.00327096 3.65116e-05 0.0213237 0.0366052 0.0222649 0.66878 
0.0457839 3.7513e-05 0.00110733 0.000797822 0.000100448 4.48619e-07 0.00312073 0.000772637 0.0357746 0.912505 
0.00401151 0.0363729 0.0117417 0.117116 0.000162986 6.43273e-05 0.0120245 0.0101242 0.0347001 0.773682 
0.0051927 1.80015e-05 0.133176 0.0778349 0.000181758 0.000216903 0.316449 0.0391764 0.0195918 0.408162 
0.12511 0.000492788 0.0958247 0.0338589 4.23193e-05 8.01058e-06 0.0168687 0.00447748 0.351282 0.372034 
0.0716365 0.00246451 0.0294942 0.0259111 0.00920974 2.90635e-06 0.03442 0.0114923 0.115177 0.700192 
0.000347695 0.00026239 0.197996 0.00203218 3.0204e-05 6.09735e-06 0.00212829 0.0409616 0.0194208 0.736814 
0.0132575 3.21182e-06 0.0725845 0.0834151 6.25414e-05 3.61861e-06 0.119066 0.0118595 0.0900298 0.609718 
0.0139944 0.0069629 0.278036 0.0532485 0.0360592 0.000448384 0.022628 0.0241113 0.0541533 0.510358 
4.15442e-08 7.40161e-11 0.0220057 0.0464172 1.17645e-08 1.12331e-08 0.0847461 0.000920503 0.0121182 0.833792 
0.000886921 0.000788045 0.0597048 0.148301 0.0205565 6.56982e-07 0.0286848 0.00753161 0.0240067 0.709539 
0.0211887 6.09362e-05 0.0626045 0.0530175 0.112639 7.38602e-05 0.0679261 0.0889628 0.0599937 0.533533 
0.00826841 0.000188483 0.0741008 0.0326151 0.00137119 5.27748e-08 0.0261192 0.108261 0.212114 0.536962 
0.00535027 0.00995746 0.260331 0.0934034 0.00381195 6.87909e-06 0.0599179 0.0262396 0.0234351 0.517546 
0.0289206 0.000745258 0.0686472 0.112973 0.0176291 2.08867e-05 0.223788 0.0297426 0.0771016 0.440432 
0.000227613 5.86174e-05 0.0404732 0.0231154 0.000997968 5.18922e-06 0.00610296 0.0224973 0.0351465 0.871375 
0.016959 0.000370121 0.0506585 0.0334637 0.0031598 8.8897e-08 0.252402 0.00247121 0.0142577 0.626257 
0.00846681 2.11464e-06 0.143704 0.210572 2.11603e-06 0.00169398 0.0863427 0.0469815 0.04233 0.459905 
3.62905e-05 2.25066e-05 0.0132439 0.112744 0.000104033 8.93815e-10 0.00469139 0.00030379 0.0100211 0.858833 
0.0541417 0.00211686 0.0587317 0.0236366 0.000597356 8.25018e-06 0.0468723 0.0721773 0.0684196 0.673298 
0.0128755 0.0021719 0.0537847 0.0205539 0.00285531 2.87212e-06 0.0368588 0.00595881 0.0938387 0.7711 
0.0293153 0.000992437 0.0380128 0.0589078 0.0259987 0.000209781 0.132885 0.0060838 0.069499 0.638096 
0.000924024 1.37925e-10 1.74138e-05 5.54267e-06 0.0052188 1.12712e-07 3.41618e-05 0.0830364 0.0232265 0.887537 
0.00528331 0.00174555 0.151663 0.158821 0.00689827 4.29496e-06 0.0786451 0.0264521 0.0426422 0.527846 
0.0078202 3.14652e-08 0.177998 0.00431654 0.000137832 2.47165e-05 0.121497 0.0136292 0.00540253 0.669173 
0.0125752 0.017003 0.0485415 0.0100123 0.10284 0.000515426 0.0582148 0.0966085 0.0589633 0.594726 
0.05087 0.000275162 0.172206 0.0527391 0.000875825 1.31101e-06 0.00722574 0.0205615 0.12171 0.573536 
0.000547437 4.0849e-11 0.00376911 0.0777652 3.11572e-05 3.70498e-11 0.222522 2.10095e-07 0.017436 0.677929 
0.000521233 9.96756e-05 0.00487784 0.317956 0.00575182 2.57611e-09 0.00119453 0.0130098 0.00765038 0.648939 
0.0254217 5.70413e-06 0.255335 0.0288568 0.0063551 6.13087e-06 0.0656519 0.188956 0.0965787 0.332833 
3.65192e-05 6.13648e-09 0.208383 0.000110791 3.12522e-05 1.7799e-12 0.00031255 0.0273206 0.0226927 0.741112 
0.0274667 0.000821332 0.262341 0.0175362 0.000397523 1.49995e-05 0.000665583 0.0439345 0.111429 0.535393 
0.013478 0.00058298 0.0153106 0.0422599 0.0836482 3.3267e-07 0.0143698 0.00536862 0.048026 0.776956 
0.00482677 0.0429245 0.0243199 0.0209216 0.000394393 0.000108435 0.0418457 0.127802 0.138432 0.598425 
0.0205822 9.69253e-06 0.0234343 0.0038165 0.00191323 9.52773e-06 0.00841317 0.00859524 0.00649244 0.926734 
0.00461992 9.15723e-06 0.00565402 0.00356927 0.000218175 1.13709e-08 0.00504982 0.001673 0.0043226 0.974884 
9.44406e-07 7.66983e-07 0.312996 0.01978 1.0885e-06 7.99503e-11 0.200059 3.27142e-06 0.0773189 0.38984 
0.00482677 0.0429245 0.0243199 0.0209216 0.000394393 0.000108435 0.0418457 0.127802 0.138432 0.598425 
0.00072716 0.000239467 0.0157165 0.0746242 0.248269 4.86726e-09 0.253796 0.0445596 0.00211064 0.359957 
0.000268308 5.59361e-06 0.0812454 0.00321417 0.000507811 6.39605e-05 0.0417909 0.0757965 0.0110628 0.786045 
0.000343629 0.0017702 0.0699424 0.0475375 0.000269781 2.3798e-07 0.0171485 0.00265105 0.0107142 0.849623 
0.0457839 3.7513e-05 0.00110733 0.000797822 0.000100448 4.48619e-07 0.00312073 0.000772637 0.0357746 0.912505 
0.0221735 0.026924 0.149792 0.0436506 0.00612413 0.001027 0.0456949 0.0722795 0.135524 0.49681 
0.00396349 0.000346491 0.127577 0.0491397 0.00121062 6.35188e-05 0.0149908 0.00431558 0.0584027 0.73999 
0.0906379 0.00279128 0.173471 0.0264905 0.0270156 0.000237186 0.0546279 0.0675852 0.0742722 0.482871 
0.151716 0.000456837 0.0251721 0.167463 0.00400474 3.306e-07 0.0214806 0.0074871 0.0384746 0.583744 
0.0159184 2.29381e-06 0.0112357 0.00638976 0.000531855 2.61664e-05 0.0266709 0.00402268 0.00263371 0.932569 
0.0423164 0.0371262 0.0530749 0.0203887 0.00180573 1.74646e-06 0.00839147 0.0584665 0.0292588 0.74917 
0.013129 2.39802e-06 0.0235074 0.258092 2.15689e-08 1.64903e-06 0.188176 0.0193557 0.00541839 0.492318 
0.00182144 1.40708e-08 0.18887 0.00622344 1.16242e-05 1.91356e-06 0.159084 0.00337732 0.0763499 0.564261 
0.00799665 6.27791e-05 0.0365967 0.00485037 0.00478774 6.5931e-06 0.00885563 0.0181869 0.00763398 0.911023 
0.0261428 3.498e-06 0.072548 0.00460479 0.00446396 1.67358e-07 0.0138748 0.0310126 0.018554 0.828795 
0.00352035 2.50899e-06 0.046445 0.00809725 0.000454451 6.15985e-09 0.373341 0.0030308 0.00177421 0.563335 
0.0300894 0.0032025 0.146215 0.0613868 0.0120799 0.000236081 0.0314468 0.22793 0.146583 0.34083 
0.0131335 1.04897e-05 0.0104188 0.402803 0.00185596 1.44268e-07 0.013799 0.000700246 0.0196495 0.53763 
0.00496505 0.00011028 0.0449311 0.104313 0.0136543 8.30171e-05 0.0788926 0.0779638 0.213085 0.462002 
4.09551e-06 4.94637e-05 0.156538 0.000148818 5.21998e-05 3.17349e-07 0.00567694 0.0471146 0.000367988 0.790048 
0.00938383 9.84348e-06 0.0567776 0.30066 0.0011489 3.85788e-05 0.0110207 0.017601 0.0159039 0.587456 
0.0703729 2.48216e-05 0.136717 0.00992583 0.000565542 2.27555e-05 0.069868 0.0260772 0.130325 0.556101 
0.000829069 1.20442e-06 0.230347 0.0263218 3.64458e-05 1.21607e-07 0.0204322 0.0543005 0.133945 0.533787 
0.0332004 0.000228391 0.260736 0.0849183 0.00502947 0.00360942 0.0388662 0.107118 0.0899533 0.376341 
0.00957995 3.3013e-05 0.260579 0.0465813 0.000343994 0.00112507 0.0907165 0.0204886 0.0131935 0.557359 
0.0127798 0.0143535 0.0189639 0.0327426 0.402678 3.39355e-06 0.0113204 0.0445242 0.0234771 0.439157 
0.00572428 1.45275e-05 0.0229125 0.033305 2.50768e-05 1.34964e-06 0.391897 0.0116335 0.010349 0.524138 
0.0178245 0.0535391 0.32606 0.00558391 0.000620074 0.000148426 0.0270287 0.127234 0.0578412 0.384121 
0.0351481 3.95817e-05 0.0158308 0.00489246 0.00956906 0.336791 0.0989754 0.11744 0.0135375 0.367776 
0.0728657 3.11708e-05 0.101515 0.00850829 0.000565457 9.4189e-06 0.00410937 0.0975248 0.152449 0.562421 
0.00419227 0.000162724 0.076833 0.239191 2.63492e-05 1.20262e-06 0.0245684 0.0337477 0.0269985 0.594279 
5.6006e-05 0.000909803 0.109724 0.00250886 0.00764422 0.000155607 0.218872 0.0990368 0.000913639 0.560178 
0.0993671 0.124992 0.126293 0.0338631 0.00441549 2.82798e-05 0.0177591 0.0229181 0.0791696 0.491194 
0.0530307 0.000141561 0.272511 0.0998349 0.000584514 1.00636e-05 0.110721 0.00896301 0.109687 0.344516 
0.00549733 0.000484774 0.101761 0.156445 4.93674e-05 0.000208386 0.0712007 0.0184423 0.16733 0.478581 
0.00731823 0.00233931 0.0244824 0.0919965 0.0168228 5.23778e-08 0.0333405 0.00969754 0.0332902 0.780713 
0.0250465 0.000273116 0.278556 0.017223 0.0150331 2.10649e-05 0.0199061 0.0846463 0.079787 0.479507 
3.65192e-05 6.13648e-09 0.208383 0.000110791 3.12522e-05 1.7799e-12 0.00031255 0.0273206 0.0226927 0.741112 
0.000872193 0.000709972 0.0799692 0.0359129 4.05078e-06 1.21671e-08 0.00784647 0.00194872 0.0214477 0.851289 
0.0171692 5.2499e-06 0.22271 0.00971657 5.96281e-05 7.69979e-06 0.00877467 0.0288939 0.0292389 0.683424 
1.60782e-07 0.0167167 0.0140433 0.00261143 0.000356845 3.12343e-07 0.127377 0.00412711 0.0117158 0.823051 
0.0625668 1.35364e-05 0.216608 0.000297321 9.65295e-07 1.08871e-08 0.000303971 0.00100169 0.139984 0.579224 
0.0011021 1.01752e-05 0.305634 0.0545133 0.000136375 1.03379e-08 0.00288955 0.00903759 0.186861 0.439816 
0.00750551 2.76348e-07 0.00101728 0.00033618 7.36452e-07 1.36437e-05 0.0128607 0.288207 0.224266 0.465793 
0.0317208 0.0158161 0.216391 0.113578 0.0140225 5.62614e-06 0.0219284 0.0266875 0.148624 0.411226 
0.00342931 0.000240082 0.100018 0.0260957 0.000303356 4.01261e-05 0.144825 0.0520446 0.0387154 0.634288 
0.0397382 0.000130183 0.16525 0.0630622 5.91631e-05 3.42263e-06 0.0573842 0.0148387 0.0954639 0.56407 
0.00182293 0.00309756 0.0485677 0.0435006 0.025086 2.61709e-06 0.00509764 0.384896 0.0807636 0.407165 
0.0665678 5.87196e-05 0.147081 0.0274372 0.000229464 7.15251e-06 0.0370139 0.090139 0.152977 0.478489 
6.71424e-05 3.18419e-08 0.00602798 0.0217902 0.00137945 5.40653e-12 0.00274048 0.000979079 0.0189764 0.948039 
0.00577084 2.98899e-05 0.0629868 0.0125528 0.000476245 1.12913e-05 0.137182 0.00622019 0.00532969 0.76944 
0.0360039 0.00198095 0.035559 0.00548865 8.07333e-05 1.75321e-05 0.00657836 0.0269951 0.0416507 0.845645 
0.0278568 3.1458e-05 0.0603648 0.00360711 0.00116778 0.0007392 0.0237627 0.0173912 0.00512583 0.859953 
0.0218039 0.00590396 0.256256 0.121856 0.0013408 9.00769e-05 0.0204692 0.0503856 0.0722888 0.449606 
0.0119127 0.00145966 0.173737 0.200286 0.00354033 0.00030968 0.0579869 0.0573399 0.0830455 0.410383 
0.0515996 0.0143687 0.0255875 0.0198156 0.00637573 1.81308e-06 0.0109817 0.0687149 0.0589656 0.743589 
3.65192e-05 6.13648e-09 0.208383 0.000110791 3.12522e-05 1.7799e-12 0.00031255 0.0273206 0.0226927 0.741112 
0.0555028 0.000239386 0.0712952 0.0129414 0.000627087 2.68645e-06 0.0349856 0.0667886 0.0394719 0.718145 
0.0159184 2.29381e-06 0.0112357 0.00638976 0.000531855 2.61664e-05 0.0266709 0.00402268 0.00263371 0.932569 
8.82193e-12 4.34774e-11 0.00655794 5.97065e-08 6.42966e-05 7.11708e-08 0.000984516 0.218777 0.00111943 0.772497 
0.0279579 0.000662092 0.0728872 0.101052 0.00508528 0.000705886 0.0311806 0.06725 0.0149617 0.678258 
0.0253046 0.000326576 0.0310097 0.0449838 0.00225725 1.70302e-05 0.00291022 0.14342 0.171448 0.578323 
0.0195741 3.48247e-08 0.0478672 0.00924488 0.0243306 4.7136e-12 0.00021604 0.0936952 0.181453 0.623619 
0.0148602 0.00866336 0.187967 0.00519816 0.000220299 6.99371e-07 0.00304759 0.338127 0.103318 0.338597 
2.96635e-07 2.64254e-10 0.0327658 0.000917241 6.84707e-08 2.39677e-10 6.91495e-08 0.0455529 0.0455501 0.875213 
0.00799004 1.69842e-06 0.266873 0.0736002 0.0394311 1.69857e-06 0.0785262 0.126117 0.132589 0.27487 
0.0167442 0.00116957 0.24042 0.120868 0.00607844 0.000267018 0.0974324 0.0393694 0.0563883 0.421262 
0.0148684 0.00231751 0.148155 0.157765 0.00461323 0.000506593 0.234687 0.046841 0.0443641 0.345882 
0.0198796 2.61956e-05 0.262663 0.0011606 8.46879e-06 3.78783e-09 0.00661385 0.00556523 0.104523 0.599561 
0.0843922 2.51317e-05 0.0508378 0.0182659 0.00026992 2.29383e-07 0.0783514 0.142258 0.209044 0.416556 
0.00390127 0.012985 0.0694451 0.332458 0.0253595 1.40637e-05 0.0240166 0.0249969 0.103923 0.4029 
0.0191998 0.0012391 0.0214727 0.012753 6.95466e-05 4.44546e-07 0.0391448 0.02587 0.182624 0.697626 
0.00264834 3.84897e-05 0.00853422 0.00911268 0.000102561 5.68816e-08 0.0119875 0.00284861 0.0189369 0.945791 
0.00436027 0.00109045 0.213778 0.103892 1.39416e-05 0.00019722 0.00864258 0.075917 0.0119127 0.580197 
0.000292137 1.66842e-05 0.0208991 0.138959 0.00117438 1.16941e-12 0.000981804 0.00208083 0.0411036 0.794492 
0.00236085 0.000146343 0.178115 0.00579447 7.87e-06 3.96023e-07 0.00665185 0.000730247 0.031819 0.774374 
0.00117875 0.00019832 0.0360508 0.210291 0.00327096 3.65116e-05 0.0213237 0.0366052 0.0222649 0.66878 
0.0302461 0.00331382 0.106596 0.048508 0.000378557 2.76627e-07 0.0458788 0.0191985 0.0845728 0.661308 
0.00748249 0.000125133 0.0485982 0.00306212 6.93048e-06 2.20162e-05 0.0164199 0.060931 0.069507 0.793845 
0.0317041 0.00108502 0.0741715 0.020489 0.000373136 3.93071e-06 0.00854779 0.00951063 0.3356 0.518515 
0.000628061 0.000716857 0.215098 0.00370642 1.22734e-05 7.39844e-08 0.00116296 0.00164059 0.0471379 0.729897 
0.00600694 0.000270254 0.00727543 0.0243666 0.0606204 1.58505e-08 0.0331892 0.0388193 0.129421 0.700031 
0.00521271 0.052218 0.0184069 0.020805 0.00142938 1.24773e-05 0.0181126 0.00350832 0.114004 0.76629 
0.0458051 0.00226808 0.00717926 0.00689594 0.000146852 5.06121e-07 0.00391865 0.00106982 0.0662631 0.866453 
0.04286 0.0133468 0.183517 0.0657936 0.00641051 3.59245e-05 0.0602807 0.0113756 0.0468963 0.569483 
0.0147203 0.00109132 0.0821649 0.119898 0.00320808 0.00362315 0.162206 0.144531 0.137735 0.330822 
0.000239589 1.88666e-05 0.2196 0.0906996 1.77344e-05 0.000133445 0.209047 0.000637919 0.0165367 0.463069 
6.2173e-05 1.05091e-06 0.191349 3.89666e-05 2.21057e-05 8.17706e-10 0.00209667 0.00985426 0.0172318 0.779344 
0.0281456 4.26119e-05 0.0705239 0.032417 0.00376759 5.43062e-06 0.0392828 0.0252466 0.298855 0.501714 
0.00043024 1.00851e-11 0.0774953 0.0761108 3.28411e-05 1.44453e-06 0.0390031 0.0248635 0.135821 0.646241 
0.0376915 0.0170927 0.213409 0.0668359 0.12627 0.0014107 0.0221998 0.00862217 0.059696 0.446772 
0.0191263 0.0140501 0.226686 0.0719112 0.00143475 0.00021729 0.131665 0.0249451 0.0513762 0.458588 
0.00289031 1.72157e-06 0.147502 0.0302461 0.00735949 2.47169e-07 0.00667271 0.159789 0.262518 0.38302 
0.0160333 1.75005e-05 0.266393 0.0206143 0.00111425 0.000685222 0.179755 0.064899 0.0609881 0.3895 
0.000169021 6.78465e-08 0.0829513 0.0252492 0.000767396 1.15263e-07 0.0417616 0.0119675 0.0112722 0.825862 
0.000809177 0.00261444 0.0524753 0.173167 0.00381483 1.64105e-06 0.0679587 0.165376 0.227555 0.306227 
0.0413591 0.000887661 0.0635374 0.018692 0.0019063 0.000254857 0.0465409 0.0314306 0.0236533 0.771738 
0.00864645 0.000761102 0.0896777 0.0841649 0.00796228 0.000306618 0.164993 0.00509086 0.0394306 0.598967 
0.000132099 4.43982e-07 0.30828 0.00725208 0.00162869 0.00276559 0.0337371 0.151075 0.00397855 0.491151 
0.00903002 6.96048e-06 0.0434172 0.029176 0.000466092 7.61281e-06 0.0128639 0.0144576 0.0275523 0.863022 
0.017746 0.020662 0.0872418 0.0731776 0.00767664 2.74437e-05 0.00780381 0.0899665 0.0683228 0.627375 
0.0188719 0.000221042 0.0314042 0.136297 0.059701 0.000104057 0.0192109 0.0401519 0.0300478 0.66399 
0.0183603 0.00310447 0.0686992 0.00256017 0.000177029 6.77077e-06 0.00292894 0.0754411 0.0813629 0.747359 
0.0272945 0.000238979 0.116434 0.0622933 0.000449153 0.000373439 0.063549 0.0719536 0.0824593 0.574955 
0.00349666 6.26305e-05 0.00744399 0.00730496 0.00019141 1.0419e-07 0.00902821 0.00362177 0.019134 0.949716 
0.000516338 3.9617e-08 0.139216 0.0625667 7.34986e-05 1.45654e-06 0.135462 0.025068 0.211283 0.425813 
0.00505645 0.122206 0.0813192 0.0648329 0.000104912 1.16163e-06 0.0323021 0.0317337 0.0714431 0.591 
0.0391682 0.00265299 0.0983205 0.00828953 0.000218039 5.05004e-06 0.00272334 0.0130323 0.0552105 0.78038 
0.0356403 6.32059e-05 0.028705 0.150041 0.0077048 4.09708e-07 0.0110634 0.0426268 0.330826 0.393329 
0.000139062 9.01335e-08 0.0778586 0.367273 1.3431e-07 6.81929e-09 0.00444167 2.05953e-05 0.0508845 0.499383 
0.00544646 0.0792126 0.153405 0.062748 0.000271505 8.07833e-07 0.0675153 0.00295287 0.00647635 0.621971 
0.00553748 3.66627e-07 0.0218698 0.000309241 1.34039e-05 5.3075e-09 0.00692586 0.00652854 0.0381398 0.920675 
3.01024e-09 6.30315e-06 0.0252027 0.0202751 8.38974e-08 1.34557e-08 0.00881558 2.84684e-09 0.00133965 0.944361 
0.000594643 6.37146e-05 0.0923725 0.00567821 0.00111384 0.000588743 0.0536936 0.210199 0.0326643 0.603031 
0.0246696 0.0158945 0.117569 0.00310834 0.00010006 0.00010684 0.0294066 0.0691847 0.120418 0.619542 
