1.18814e-06 0.00117697 5.37633e-07 8.67351e-07 1.61037e-06 5.31096e-06 1.11848e-06 0.998812 4.95698e-07 3.56029e-07 
1.13389e-05 0.000704054 0.000151032 0.996772 9.58714e-05 5.06846e-05 1.06741e-05 0.00200483 0.000195892 3.39773e-06 
9.25759e-06 5.24358e-09 3.51503e-06 7.76701e-10 1.44206e-09 4.7559e-09 0.0261516 0.721755 0.252081 3.1882e-10 
1.71922e-06 8.34078e-06 0.00659388 9.7392e-08 0.00223441 0.00570656 1.95908e-10 0.877949 0.107506 6.23607e-11 
4.8781e-08 5.86458e-05 0.00298825 8.93014e-05 1.50524e-05 2.78389e-09 9.6154e-05 0.98666 0.0100924 2.30874e-09 
4.53827e-06 3.66973e-06 4.26426e-06 5.55345e-06 4.66631e-07 5.09878e-09 0.999668 2.08297e-05 0.000292702 3.41805e-10 
3.48959e-09 1.71978e-08 1.57903e-09 4.99318e-05 4.72966e-09 0.999839 3.28498e-09 7.02968e-05 4.04746e-05 1.04566e-09 
0.000375707 0.00159769 0.0123265 0.00255153 0.00125063 0.0489643 0.000889494 0.8952 0.0368422 2.19926e-06 
5.09619e-06 0.00467112 0.0255428 0.00103609 0.00176901 1.40363e-05 7.04131e-05 0.963928 0.002963 9.54419e-08 
9.72257e-06 4.79161e-05 4.39945e-06 7.09752e-06 1.31776e-05 4.34596e-05 9.1525e-06 0.999858 4.05629e-06 2.91338e-06 
2.19254e-05 0.000108056 9.92121e-06 1.60057e-05 2.97169e-05 0.999757 2.06398e-05 2.07352e-05 9.14736e-06 6.56998e-06 
5.63147e-07 0.00999413 0.00950515 4.111e-07 0.000916686 2.51725e-06 0.947761 0.0309966 0.000822548 1.68748e-07 
4.54959e-06 2.24219e-05 2.05868e-06 3.32122e-06 6.16635e-06 2.03365e-05 4.28283e-06 0.999934 1.8981e-06 1.36329e-06 
4.08408e-06 2.01277e-05 0.0012399 0.996194 5.53542e-06 1.82557e-05 3.84462e-06 0.00251109 1.70389e-06 1.2238e-06 
4.75628e-06 2.34405e-05 2.15221e-06 3.4721e-06 6.44649e-06 2.12604e-05 4.4774e-06 0.999931 1.98434e-06 1.42523e-06 
0.00507311 1.54071e-06 0.105219 7.62065e-06 2.63706e-05 0.332591 0.000717566 0.538566 0.0177967 3.07112e-07 
0.00363907 2.54456e-05 0.0609069 0.000106899 0.00204831 1.33468e-05 0.000134647 0.927025 0.00608728 1.30295e-05 
3.99671e-06 1.33539e-10 1.2261e-11 1.97803e-11 3.67252e-11 1.21119e-10 8.42001e-08 0.999995 9.85773e-07 8.1194e-12 
3.3924e-07 1.67189e-06 1.53505e-07 0.000247894 4.59794e-07 0.000153155 3.19349e-07 0.999596 1.41532e-07 1.01654e-07 
8.73844e-06 4.30659e-05 3.95413e-06 0.00255159 1.18438e-05 3.90605e-05 0.997327 8.26409e-06 3.64571e-06 2.61849e-06 
1.0094e-09 4.97961e-06 4.56749e-10 7.36863e-10 0.00211029 4.51196e-09 9.50211e-10 0.997884 2.95208e-07 3.02467e-10 
5.16246e-08 7.65814e-05 5.14154e-05 3.76862e-08 0.000447879 0.000877119 4.85977e-08 0.998543 4.32913e-06 1.54694e-08 
3.86375e-07 3.12097e-07 7.34565e-12 1.18506e-11 3.96263e-08 7.25634e-11 0.999134 1.53523e-11 0.000865481 4.86441e-12 
0.117589 5.0542e-06 0.000898718 0.00106282 0.00130733 6.58698e-05 2.32542e-05 0.833439 0.0456086 9.40955e-09 
7.15491e-06 7.04731e-05 4.61852e-09 7.45095e-09 1.38338e-08 9.58555e-05 4.80508e-05 0.99964 0.000138398 3.05846e-09 
7.2253e-05 0.000356087 3.26944e-05 5.27451e-05 0.998975 0.000322969 6.80166e-05 6.83309e-05 3.01442e-05 2.16507e-05 
1.87001e-08 0.00063366 1.63514e-05 0.000378899 1.45296e-05 8.35888e-08 1.76036e-08 0.983874 0.0150829 5.60352e-09 
1.78184e-09 1.31811e-05 5.48349e-06 1.30075e-09 0.00217861 1.43446e-05 1.67737e-09 0.997788 7.43391e-10 5.33932e-10 
3.42779e-10 2.23422e-06 9.60647e-06 0.00437685 0.000239785 0.000280342 0.132315 0.862776 9.03915e-08 1.02714e-10 
1.0094e-09 4.97961e-06 4.56749e-10 7.36863e-10 0.00211029 4.51196e-09 9.50211e-10 0.997884 2.95208e-07 3.02467e-10 
1.1631e-06 5.73217e-06 5.26303e-07 8.49072e-07 1.57643e-06 5.19904e-06 1.09491e-06 0.999983 4.85252e-07 3.48526e-07 
5.08118e-05 1.69298e-07 1.55442e-08 7.3372e-05 4.65594e-08 1.53552e-07 3.23377e-08 0.999824 5.1398e-05 1.02936e-08 
0.00103714 3.06022e-06 0.0001595 0.00309151 8.41607e-07 3.12003e-05 5.84537e-07 0.993873 0.00180254 1.86067e-07 
4.67758e-08 0.000230757 2.1166e-08 3.41466e-08 8.88209e-05 2.09086e-07 4.40332e-08 0.999666 1.36801e-05 1.40164e-08 
8.77308e-06 4.32367e-05 0.000122155 6.40439e-06 1.18907e-05 3.92154e-05 8.25869e-06 0.999499 0.000258644 2.62887e-06 
2.035e-07 0.000413446 0.0292441 0.00306468 2.75816e-07 9.09636e-07 0.0386201 0.926634 0.0020227 6.09789e-08 
5.30851e-06 2.5903e-07 0.00041147 0.785393 7.12372e-08 2.34939e-07 0.213956 0.000198875 3.51066e-05 1.57495e-08 
1.6139e-05 1.39583e-06 1.71995e-06 6.45194e-07 8.15192e-08 9.20837e-07 5.00849e-07 0.884257 0.115722 2.571e-11 
3.14273e-10 1.54884e-09 0.0502671 0.000918598 4.25955e-10 1.40479e-09 2.95846e-10 0.948814 1.31116e-10 9.41724e-11 
6.4317e-07 0.00253898 0.000495047 4.74211e-05 0.00104695 0.000577865 6.05459e-07 0.995292 2.68333e-07 1.92727e-07 
0.117589 5.0542e-06 0.000898718 0.00106282 0.00130733 6.58698e-05 2.32542e-05 0.833439 0.0456086 9.40955e-09 
4.53827e-06 3.66973e-06 4.26426e-06 5.55345e-06 4.66631e-07 5.09878e-09 0.999668 2.08297e-05 0.000292702 3.41805e-10 
4.53827e-06 3.66973e-06 4.26426e-06 5.55345e-06 4.66631e-07 5.09878e-09 0.999668 2.08297e-05 0.000292702 3.41805e-10 
3.71981e-05 8.75141e-06 8.03516e-07 0.990743 2.40677e-06 7.93747e-06 0.000626896 0.00791915 0.000653066 5.32102e-07 
4.88882e-09 2.40937e-08 0.999785 2.28443e-05 3.31969e-06 2.18529e-08 4.51058e-05 0.000103107 4.05907e-05 1.46494e-09 
1.57119e-07 7.74336e-07 7.10962e-08 8.45752e-05 2.12954e-07 7.02318e-07 1.47907e-07 0.999913 6.55507e-08 4.7081e-08 
0.000435829 1.90063e-07 0.0011762 0.00096849 0.000141182 1.72386e-07 0.000435687 0.994228 0.00261459 1.15562e-08 
8.31953e-05 1.36528e-06 6.37236e-06 0.0100845 3.75473e-07 1.2383e-06 2.60784e-07 0.984654 0.00516842 8.30116e-08 
0.00451196 3.9506e-07 0.0420877 1.23126e-07 9.00344e-07 0.0190719 0.000429262 0.875627 0.0582713 1.52201e-10 
1.61871e-07 6.82269e-05 0.00085 3.60119e-06 0.000359125 0.000328293 3.3765e-07 0.998278 0.000112058 1.44682e-07 
8.11937e-07 4.00149e-06 3.674e-07 5.92718e-07 1.10047e-06 3.62933e-06 7.6433e-07 0.999988 3.38743e-07 2.43298e-07 
1.98868e-05 0.999789 8.99873e-06 1.45174e-05 2.69539e-05 8.88932e-05 1.87207e-05 1.88073e-05 8.29684e-06 5.95911e-06 
1.61809e-06 7.97448e-06 7.32182e-07 8.63525e-05 0.991978 7.2328e-06 1.52322e-06 0.000171407 0.00774476 4.84863e-07 
1.91994e-06 5.47319e-06 0.0174828 0.0594942 6.16752e-06 5.40879e-08 0.000878009 0.922089 4.25325e-05 3.62587e-09 
1.94837e-06 9.60221e-06 0.00202863 0.976988 2.64075e-06 0.000879624 1.83413e-06 0.0200863 8.12867e-07 5.83832e-07 
2.31419e-08 0.000114165 1.04717e-08 1.68937e-08 4.39433e-05 1.03444e-07 2.1785e-08 0.988329 0.0115125 6.93451e-09 
5.08118e-05 1.69298e-07 1.55442e-08 7.3372e-05 4.65594e-08 1.53552e-07 3.23377e-08 0.999824 5.1398e-05 1.02936e-08 
5.53703e-06 2.72883e-05 2.5055e-06 4.04206e-06 7.5047e-06 0.999939 5.21238e-06 5.23647e-06 2.31007e-06 1.65918e-06 
3.64218e-07 1.79499e-06 0.000313299 0.00305789 4.93648e-07 1.62804e-06 3.42862e-07 0.996624 1.51953e-07 1.09138e-07 
1.24727e-07 3.92846e-06 0.00520774 0.0122951 1.39546e-05 5.85259e-09 3.83523e-06 0.982474 1.44353e-06 3.92338e-10 
0.00160598 4.03864e-06 0.00034832 0.00231923 1.11069e-06 3.66302e-06 0.00185568 0.237871 0.75599 2.45556e-07 
1.0094e-09 4.97961e-06 4.56749e-10 7.36863e-10 0.00211029 4.51196e-09 9.50211e-10 0.997884 2.95208e-07 3.02467e-10 
0.00010991 1.2894e-07 0.000101824 0.00018719 3.54604e-08 1.16947e-07 0.0777486 0.921757 9.49737e-05 7.83977e-09 
5.53703e-06 2.72883e-05 2.5055e-06 4.04206e-06 7.5047e-06 0.999939 5.21238e-06 5.23647e-06 2.31007e-06 1.65918e-06 
0.000108494 8.2049e-10 7.53338e-11 0.557074 2.25647e-10 7.44179e-10 1.56723e-10 1.23701e-07 0.442818 4.98873e-11 
0.00344334 4.8612e-08 4.46335e-09 7.20061e-09 1.3369e-08 4.40908e-08 9.28544e-09 0.996052 0.000504061 2.9557e-09 
0.00040628 2.49973e-06 2.29514e-07 3.7027e-07 6.87463e-07 0.000455715 4.77476e-07 0.999133 2.11612e-07 1.51988e-07 
1.6139e-05 1.39583e-06 1.71995e-06 6.45194e-07 8.15192e-08 9.20837e-07 5.00849e-07 0.884257 0.115722 2.571e-11 
8.22365e-07 4.05289e-06 3.72119e-07 6.0033e-07 1.1146e-06 3.67594e-06 0.00232321 0.997666 3.43094e-07 2.46423e-07 
1.71922e-06 8.34078e-06 0.00659388 9.7392e-08 0.00223441 0.00570656 1.95908e-10 0.877949 0.107506 6.23607e-11 
0.000375707 0.00159769 0.0123265 0.00255153 0.00125063 0.0489643 0.000889494 0.8952 0.0368422 2.19926e-06 
3.41298e-08 1.68203e-07 0.557401 4.23802e-05 4.62583e-08 1.52559e-07 3.21286e-08 0.441792 0.000764652 1.0227e-08 
0.00295772 7.66788e-06 0.00887148 1.1358e-06 2.10878e-06 6.95472e-06 0.00014793 0.0897581 0.898246 4.66221e-07 
4.69229e-06 1.44412e-06 0.0007809 0.000117634 6.35177e-05 1.30981e-06 0.0185878 0.955726 0.0247168 8.7805e-08 
1.04573e-05 5.15368e-05 4.73189e-06 7.63384e-06 1.41734e-05 4.67436e-05 9.84411e-06 0.999847 4.3628e-06 3.13353e-06 
1.24368e-05 8.12892e-10 0.000721484 3.69667e-06 0.00914189 7.37288e-10 3.57279e-07 0.155303 0.834817 4.94253e-11 
1.87154e-06 3.71524e-07 0.0547901 0.00954547 0.00122383 2.43045e-06 1.2767e-06 0.9331 0.00133463 2.48929e-07 
5.97293e-07 3.07389e-05 2.56363e-06 4.36026e-07 0.00126041 0.000245122 5.62271e-07 0.998459 4.41418e-07 1.7898e-07 
3.45897e-07 0.000617998 0.120286 0.166581 0.0288794 1.227e-10 4.39546e-08 0.660494 0.0231409 8.22541e-12 
1.0094e-09 4.97961e-06 4.56749e-10 7.36863e-10 0.00211029 4.51196e-09 9.50211e-10 0.997884 2.95208e-07 3.02467e-10 
4.57964e-05 2.23465e-06 2.05176e-07 3.34315e-05 6.14563e-07 2.02681e-06 4.26843e-07 0.999915 1.89172e-07 1.35871e-07 
0.000317496 5.39374e-07 4.9523e-08 7.98944e-08 0.000534158 4.89209e-07 0.00064917 0.997302 0.00119635 3.2795e-08 
0.000339419 3.18549e-05 3.63507e-05 1.39252e-05 2.41147e-06 2.16441e-05 1.10032e-05 0.00294739 0.996596 1.55223e-07 
1.00381e-09 1.48909e-06 9.99746e-07 7.32789e-10 8.70878e-06 1.70551e-05 7.5691e-07 0.999836 0.000134768 3.00794e-10 
1.17228e-05 5.7774e-05 5.30456e-06 8.55772e-06 1.58887e-05 5.24007e-05 0.999829 1.10865e-05 4.89081e-06 3.51277e-06 
2.10047e-09 5.364e-06 9.50459e-10 1.53335e-09 0.000706367 9.38903e-09 1.97731e-09 0.999288 3.18124e-07 6.2941e-10 
7.66171e-08 3.77594e-07 3.46691e-08 5.59308e-08 1.03844e-07 3.42476e-07 0.000356162 0.9996 4.27035e-05 2.29584e-08 
7.54796e-08 3.71989e-07 3.41544e-08 5.51005e-08 1.02302e-07 3.37391e-07 7.1054e-08 0.999999 3.14904e-08 2.26176e-08 
8.72284e-07 4.29891e-06 3.94707e-07 6.36771e-07 1.18226e-06 3.89908e-06 8.21139e-07 0.999987 3.6392e-07 2.61381e-07 
0.929721 0.000449168 4.12407e-05 6.65327e-05 0.000123528 0.000407393 8.57962e-05 0.0690403 3.8024e-05 2.73103e-05 
0.000306741 2.90764e-05 0.000138799 4.30692e-06 7.99645e-06 2.63721e-05 0.000122528 0.998866 0.000496321 1.7679e-06 
3.30585e-05 1.6276e-07 0.000878721 0.00211436 4.47616e-08 1.47623e-07 0.00113167 0.00312019 0.992722 9.89614e-09 
1.74154e-05 8.58288e-05 7.88043e-06 1.27133e-05 2.36042e-05 7.78462e-05 1.63943e-05 0.999746 7.26576e-06 5.21855e-06 
1.65283e-10 7.3393e-07 1.31638e-06 0.00181225 1.68037e-06 4.80301e-06 1.55592e-10 0.997082 0.00109757 4.95274e-11 
0.98022 9.39438e-06 8.62551e-07 1.39153e-06 2.58359e-06 8.52064e-06 1.79443e-06 0.0197536 7.95273e-07 5.71195e-07 
0.000427032 0.00113337 2.97233e-08 4.79518e-08 0.000463044 0.000235189 6.18356e-08 0.000745518 0.996996 1.96832e-08 
1.98868e-05 0.999789 8.99873e-06 1.45174e-05 2.69539e-05 8.88932e-05 1.87207e-05 1.88073e-05 8.29684e-06 5.95911e-06 
0.117589 5.0542e-06 0.000898718 0.00106282 0.00130733 6.58698e-05 2.32542e-05 0.833439 0.0456086 9.40955e-09 
0.000234137 0.0011539 0.000105946 0.000170921 0.000317341 0.00104658 0.000220408 0.000221427 0.996459 7.01594e-05 
2.19254e-05 0.000108056 9.92121e-06 1.60057e-05 2.97169e-05 0.999757 2.06398e-05 2.07352e-05 9.14736e-06 6.56998e-06 
5.53703e-06 2.72883e-05 2.5055e-06 4.04206e-06 7.5047e-06 0.999939 5.21238e-06 5.23647e-06 2.31007e-06 1.65918e-06 
3.06456e-10 1.51032e-09 8.15399e-06 0.184446 4.1536e-10 1.36985e-09 0.270941 0.489342 0.0552616 9.183e-11 
2.76124e-10 1.36083e-09 1.24945e-10 2.01572e-10 2.62348e-07 1.23426e-09 6.241e-07 0.996929 0.00307047 8.27409e-11 
0.000123927 4.22087e-07 0.0305356 6.25212e-08 1.1608e-07 3.8283e-07 0.442341 0.352462 0.174536 2.56637e-08 
0.00782323 6.44216e-11 5.91492e-12 3.86789e-06 1.77169e-11 5.843e-11 1.23053e-11 0.986906 0.00526732 3.91695e-12 
1.26377e-05 1.6505e-07 4.3147e-05 0.000336441 4.53911e-08 1.49699e-07 0.0197334 0.97986 1.43608e-05 1.00353e-08 
0.000103977 0.000512435 4.70496e-05 7.5904e-05 0.000140927 0.000464776 0.998482 9.83333e-05 4.33798e-05 3.1157e-05 
4.17081e-06 7.98807e-07 0.0026211 0.000115244 0.000123734 5.12517e-06 0.0146354 0.931566 0.050928 5.5535e-07 
2.5057e-09 1.23489e-08 1.13383e-09 1.82917e-09 3.39614e-09 1.12004e-08 0.0233439 0.976654 1.67366e-06 7.50838e-10 
2.31924e-05 2.18106e-05 3.38302e-07 7.19096e-05 3.31404e-06 3.34188e-06 0.991733 7.07047e-07 0.0081418 2.24029e-07 
0.00230514 2.03665e-05 1.86997e-06 0.0011815 5.6011e-06 1.84723e-05 0.987753 0.00401252 0.00470062 1.23832e-06 
5.97445e-07 2.94441e-06 0.000486886 0.000785484 8.09757e-07 2.67056e-06 5.62415e-07 0.99872 2.49256e-07 1.79025e-07 
1.0094e-09 4.97961e-06 4.56749e-10 7.36863e-10 0.00211029 4.51196e-09 9.50211e-10 0.997884 2.95208e-07 3.02467e-10 
2.52222e-09 1.24303e-08 1.1413e-09 0.0266016 3.41853e-09 1.12742e-08 2.37433e-09 0.973398 1.05228e-09 7.55787e-10 
7.11607e-05 0.000622902 0.091532 1.54104e-05 2.04295e-08 2.39427e-05 0.01947 0.425395 0.462869 4.51667e-09 
3.48959e-09 1.71978e-08 1.57903e-09 4.99318e-05 4.72966e-09 0.999839 3.28498e-09 7.02968e-05 4.04746e-05 1.04566e-09 
3.27002e-07 1.61157e-06 1.47968e-07 2.38713e-07 4.43207e-07 1.46169e-06 3.07828e-07 0.999995 1.36426e-07 9.79865e-08 
7.2253e-05 0.000356087 3.26944e-05 5.27451e-05 0.998975 0.000322969 6.80166e-05 6.83309e-05 3.01442e-05 2.16507e-05 
3.14273e-10 1.54884e-09 0.0502671 0.000918598 4.25955e-10 1.40479e-09 2.95846e-10 0.948814 1.31116e-10 9.41724e-11 
0.0673493 0.00118107 0.0158635 0.00368845 0.000250976 0.00085913 0.00222029 0.619252 0.289335 3.58095e-07 
7.64944e-06 1.20674e-05 1.98803e-05 1.78748e-06 3.31872e-06 3.85179e-05 0.999857 2.66796e-05 3.24587e-05 7.33721e-07 
9.03475e-06 4.45262e-05 4.08821e-06 0.999866 1.22454e-05 4.0385e-05 8.50501e-06 8.54431e-06 3.76933e-06 2.70728e-06 
5.68657e-07 2.80253e-06 0.00134713 0.000143457 7.70738e-07 2.54188e-06 0.903631 0.0946964 0.000175415 1.70399e-07 
0.000234137 0.0011539 0.000105946 0.000170921 0.000317341 0.00104658 0.000220408 0.000221427 0.996459 7.01594e-05 
1.96821e-07 9.69999e-07 8.90611e-08 1.4368e-07 2.66764e-07 8.79783e-07 0.00539184 0.00186156 0.992744 5.89777e-08 
1.48687e-07 7.3278e-07 2.69795e-05 1.08542e-07 0.000121117 6.64627e-07 1.39969e-07 0.99985 6.20329e-08 4.45544e-08 
3.16013e-06 1.55741e-05 1.42995e-06 2.30691e-06 4.28312e-06 1.41257e-05 2.97484e-06 0.996394 0.00356104 9.46936e-07 
0.011244 1.94865e-10 1.78916e-11 1.96836e-06 5.35907e-11 1.76741e-10 1.39846e-07 0.979551 0.0092033 1.18481e-11 
4.88882e-09 2.40937e-08 0.999785 2.28443e-05 3.31969e-06 2.18529e-08 4.51058e-05 0.000103107 4.05907e-05 1.46494e-09 
1.0094e-09 4.97961e-06 4.56749e-10 7.36863e-10 0.00211029 4.51196e-09 9.50211e-10 0.997884 2.95208e-07 3.02467e-10 
8.31953e-05 1.36528e-06 6.37236e-06 0.0100845 3.75473e-07 1.2383e-06 2.60784e-07 0.984654 0.00516842 8.30116e-08 
6.98639e-07 3.44312e-06 3.16133e-07 0.997983 0.00161069 3.12289e-06 6.57675e-07 0.000397089 2.91474e-07 2.09348e-07 
5.50909e-07 1.46215e-06 2.26277e-07 3.82313e-06 0.0017927 3.03414e-07 7.97733e-11 0.165332 0.832869 2.53931e-11 
9.34083e-07 0.000160303 1.75213e-05 6.81885e-07 1.26602e-06 4.17532e-06 0.998286 0.00109829 0.000430847 2.79899e-07 
2.15473e-05 0.000106192 0.999432 0.000258732 2.92044e-05 9.63155e-05 2.02839e-05 2.03776e-05 8.9896e-06 6.45667e-06 
1.09984e-07 0.000231809 4.97675e-08 8.02887e-08 0.000885995 4.91624e-07 1.03535e-07 0.998868 1.37504e-05 3.29568e-08 
4.53827e-06 3.66973e-06 4.26426e-06 5.55345e-06 4.66631e-07 5.09878e-09 0.999668 2.08297e-05 0.000292702 3.41805e-10 
8.6261e-05 6.17035e-06 0.000485241 9.13978e-07 1.69694e-06 5.59647e-06 0.000753407 0.996539 0.00212126 3.75169e-07 
1.61871e-07 6.82269e-05 0.00085 3.60119e-06 0.000359125 0.000328293 3.3765e-07 0.998278 0.000112058 1.44682e-07 
8.53399e-06 4.20583e-05 3.86162e-06 6.22985e-06 1.15667e-05 3.81467e-05 0.0208954 0.978988 3.56041e-06 2.55722e-06 
5.02209e-06 0.999947 2.27249e-06 3.66615e-06 6.80676e-06 2.24486e-05 4.72762e-06 4.74947e-06 2.09523e-06 1.50488e-06 
0.000204106 1.0051e-09 5.21412e-06 1.08385e-05 6.82776e-06 9.11617e-10 3.26566e-07 0.99971 6.26228e-05 6.11117e-11 
3.86375e-07 3.12097e-07 7.34565e-12 1.18506e-11 3.96263e-08 7.25634e-11 0.999134 1.53523e-11 0.000865481 4.86441e-12 
0.999381 3.26419e-05 2.99704e-06 4.83506e-06 8.97702e-06 2.9606e-05 6.23498e-06 0.000529005 2.76327e-06 1.98469e-06 
0.117589 5.0542e-06 0.000898718 0.00106282 0.00130733 6.58698e-05 2.32542e-05 0.833439 0.0456086 9.40955e-09 
4.96303e-06 2.44595e-05 0.811176 3.62304e-06 6.72672e-06 2.21846e-05 0.188754 4.69362e-06 2.07059e-06 1.48718e-06 
2.5057e-09 1.23489e-08 1.13383e-09 1.82917e-09 3.39614e-09 1.12004e-08 0.0233439 0.976654 1.67366e-06 7.50838e-10 
1.53383e-06 7.5592e-06 6.94053e-07 1.1197e-06 2.07889e-06 6.85615e-06 1.44389e-06 0.996394 0.00358418 4.59613e-07 
1.0094e-09 4.97961e-06 4.56749e-10 7.36863e-10 0.00211029 4.51196e-09 9.50211e-10 0.997884 2.95208e-07 3.02467e-10 
7.16289e-05 5.56855e-06 5.11281e-07 0.000303557 0.000338773 5.05064e-06 1.06366e-06 0.923189 0.0760846 3.38578e-07 
0.000358503 1.10357e-06 0.00122614 0.00956292 3.03499e-07 1.00093e-06 0.972988 0.0158617 9.34221e-08 6.70993e-08 
1.72415e-08 8.4972e-08 0.0700814 1.25864e-08 2.33686e-08 7.7069e-08 0.000751493 0.92778 0.00138686 5.16645e-09 
1.71922e-06 8.34078e-06 0.00659388 9.7392e-08 0.00223441 0.00570656 1.95908e-10 0.877949 0.107506 6.23607e-11 
8.37225e-10 4.51979e-05 4.62225e-06 2.45575e-06 0.00131617 6.79809e-06 2.49865e-05 0.998482 0.000117819 2.50876e-10 
0.00234614 2.08153e-05 0.00317567 0.0016047 7.03284e-06 0.208339 0.00593612 0.756422 0.0221439 4.58965e-06 
1.0094e-09 4.97961e-06 4.56749e-10 7.36863e-10 0.00211029 4.51196e-09 9.50211e-10 0.997884 2.95208e-07 3.02467e-10 
5.08118e-05 1.69298e-07 1.55442e-08 7.3372e-05 4.65594e-08 1.53552e-07 3.23377e-08 0.999824 5.1398e-05 1.02936e-08 
0.117589 5.0542e-06 0.000898718 0.00106282 0.00130733 6.58698e-05 2.32542e-05 0.833439 0.0456086 9.40955e-09 
0.00505725 8.62969e-08 5.12906e-06 3.51255e-05 0.000260681 5.57706e-06 1.64837e-08 0.108032 0.886605 5.24701e-09 
1.87154e-06 3.71524e-07 0.0547901 0.00954547 0.00122383 2.43045e-06 1.2767e-06 0.9331 0.00133463 2.48929e-07 
0.117589 5.0542e-06 0.000898718 0.00106282 0.00130733 6.58698e-05 2.32542e-05 0.833439 0.0456086 9.40955e-09 
2.87288e-07 1.41585e-06 0.00271707 0.042217 3.8938e-07 1.28417e-06 0.00968211 0.939351 0.00602894 8.60862e-08 
4.51986e-07 4.74743e-05 3.06698e-05 3.29952e-07 0.00034112 0.922228 4.25484e-07 0.077349 2.74212e-06 1.35438e-07 
3.79528e-06 0.000326337 8.7856e-05 0.0796033 0.000107518 0.000134337 0.0168488 0.902768 0.0001168 3.51496e-06 
3.18135e-06 1.56787e-05 1.43955e-06 2.3224e-06 4.31188e-06 1.42205e-05 0.999213 0.000744064 1.32727e-06 9.53295e-07 
1.05738e-06 5.21112e-06 4.78463e-07 7.71893e-07 1.43314e-06 4.72646e-06 9.95383e-07 0.999985 4.41143e-07 3.16846e-07 
1.16078e-05 5.72072e-05 5.25252e-06 0.000855848 1.57328e-05 5.18866e-05 1.09272e-05 0.998983 4.84282e-06 3.4783e-06 
5.08118e-05 1.69298e-07 1.55442e-08 7.3372e-05 4.65594e-08 1.53552e-07 3.23377e-08 0.999824 5.1398e-05 1.02936e-08 
2.19254e-05 0.000108056 9.92121e-06 1.60057e-05 2.97169e-05 0.999757 2.06398e-05 2.07352e-05 9.14736e-06 6.56998e-06 
3.86375e-07 3.12097e-07 7.34565e-12 1.18506e-11 3.96263e-08 7.25634e-11 0.999134 1.53523e-11 0.000865481 4.86441e-12 
3.53781e-08 0.000157094 0.000281766 4.90955e-05 0.000359674 0.00102806 3.33038e-08 0.99789 0.000234696 1.06011e-08 
0.00313544 0.706307 0.0112477 0.00459189 0.00140119 9.15532e-06 0.00349059 0.268143 0.00166954 4.96911e-06 
6.21189e-08 3.06143e-07 0.0172833 0.000396786 8.41939e-08 2.7767e-07 5.84767e-08 0.982319 2.59162e-08 1.8614e-08 
1.0094e-09 4.97961e-06 4.56749e-10 7.36863e-10 0.00211029 4.51196e-09 9.50211e-10 0.997884 2.95208e-07 3.02467e-10 
0.117589 5.0542e-06 0.000898718 0.00106282 0.00130733 6.58698e-05 2.32542e-05 0.833439 0.0456086 9.40955e-09 
1.10835e-07 0.000164261 0.677116 0.000467948 1.50222e-07 4.9543e-07 6.26471e-05 0.322188 4.62409e-08 3.3212e-08 
3.86375e-07 3.12097e-07 7.34565e-12 1.18506e-11 3.96263e-08 7.25634e-11 0.999134 1.53523e-11 0.000865481 4.86441e-12 
7.72304e-07 0.00530107 0.00420665 0.0180018 1.04675e-06 3.45217e-06 0.000546746 0.879341 0.0925973 2.31422e-07 
0.011244 1.94865e-10 1.78916e-11 1.96836e-06 5.35907e-11 1.76741e-10 1.39846e-07 0.979551 0.0092033 1.18481e-11 
8.37531e-07 4.12763e-06 3.78981e-07 6.11401e-07 1.13516e-06 3.74373e-06 7.88423e-07 0.999988 3.49421e-07 2.50967e-07 
3.20267e-07 1.44074e-05 1.19386e-06 2.33796e-07 0.000596997 0.000115417 3.01488e-07 0.999271 2.21537e-07 9.59684e-08 
1.17228e-05 5.7774e-05 5.30456e-06 8.55772e-06 1.58887e-05 5.24007e-05 0.999829 1.10865e-05 4.89081e-06 3.51277e-06 
3.86375e-07 3.12097e-07 7.34565e-12 1.18506e-11 3.96263e-08 7.25634e-11 0.999134 1.53523e-11 0.000865481 4.86441e-12 
3.86375e-07 3.12097e-07 7.34565e-12 1.18506e-11 3.96263e-08 7.25634e-11 0.999134 1.53523e-11 0.000865481 4.86441e-12 
0.117589 5.0542e-06 0.000898718 0.00106282 0.00130733 6.58698e-05 2.32542e-05 0.833439 0.0456086 9.40955e-09 
4.77808e-07 2.3548e-06 2.16207e-07 3.48802e-07 6.47605e-07 2.13579e-06 4.49793e-07 0.999993 1.99343e-07 1.43176e-07 
5.08118e-05 1.69298e-07 1.55442e-08 7.3372e-05 4.65594e-08 1.53552e-07 3.23377e-08 0.999824 5.1398e-05 1.02936e-08 
2.15767e-05 1.35943e-07 0.00250982 0.0595741 3.73863e-08 1.52428e-05 0.000686694 0.932691 0.00450154 8.26556e-09 
2.43407e-06 1.19959e-05 1.10141e-06 1.77688e-06 3.29905e-06 1.08802e-05 2.29135e-06 0.999964 1.0155e-06 7.29371e-07 
5.08118e-05 1.69298e-07 1.55442e-08 7.3372e-05 4.65594e-08 1.53552e-07 3.23377e-08 0.999824 5.1398e-05 1.02936e-08 
1.39445e-05 2.31623e-06 6.86711e-07 2.90347e-07 4.89623e-10 1.61477e-09 1.25858e-06 0.000462408 0.999519 1.08249e-10 
7.11607e-05 0.000622902 0.091532 1.54104e-05 2.04295e-08 2.39427e-05 0.01947 0.425395 0.462869 4.51667e-09 
5.53703e-06 2.72883e-05 2.5055e-06 4.04206e-06 7.5047e-06 0.999939 5.21238e-06 5.23647e-06 2.31007e-06 1.65918e-06 
1.87154e-06 3.71524e-07 0.0547901 0.00954547 0.00122383 2.43045e-06 1.2767e-06 0.9331 0.00133463 2.48929e-07 
3.86375e-07 3.12097e-07 7.34565e-12 1.18506e-11 3.96263e-08 7.25634e-11 0.999134 1.53523e-11 0.000865481 4.86441e-12 
1.88191e-08 9.27468e-08 8.51561e-09 2.76134e-06 2.55322e-05 8.41208e-08 1.77157e-08 0.999971 7.8514e-09 5.63918e-09 
6.98639e-07 3.44312e-06 3.16133e-07 0.997983 0.00161069 3.12289e-06 6.57675e-07 0.000397089 2.91474e-07 2.09348e-07 
3.33505e-08 4.5796e-05 1.5091e-08 1.55704e-05 1.00847e-05 1.49076e-07 3.1395e-08 0.999928 1.3914e-08 9.99353e-09 
4.53827e-06 3.66973e-06 4.26426e-06 5.55345e-06 4.66631e-07 5.09878e-09 0.999668 2.08297e-05 0.000292702 3.41805e-10 
0.000619511 1.8236e-06 1.67435e-07 0.000384448 5.01516e-07 1.65399e-06 0.000728895 0.995867 0.00239559 1.10878e-07 
1.98868e-05 0.999789 8.99873e-06 1.45174e-05 2.69539e-05 8.88932e-05 1.87207e-05 1.88073e-05 8.29684e-06 5.95911e-06 
1.28942e-07 6.35469e-07 5.8346e-08 9.41283e-08 0.000105033 0.00103804 1.21382e-07 0.998856 5.37951e-08 3.86377e-08 
5.08118e-05 1.69298e-07 1.55442e-08 7.3372e-05 4.65594e-08 1.53552e-07 3.23377e-08 0.999824 5.1398e-05 1.02936e-08 
0.00746388 3.93573e-05 0.103154 0.236597 0.00154614 4.70439e-05 0.0183122 0.630987 0.00184408 1.03093e-05 
1.47458e-09 7.26724e-09 0.00209949 0.195437 1.9986e-09 6.59134e-09 0.0145724 0.736911 0.0509808 4.41861e-10 
0.0350948 2.68692e-09 2.46702e-10 4.01977e-08 7.38944e-10 2.43702e-09 5.13233e-10 1.13485e-06 0.964904 1.6337e-10 
0.117589 5.0542e-06 0.000898718 0.00106282 0.00130733 6.58698e-05 2.32542e-05 0.833439 0.0456086 9.40955e-09 
0.00313544 0.706307 0.0112477 0.00459189 0.00140119 9.15532e-06 0.00349059 0.268143 0.00166954 4.96911e-06 
3.3924e-07 1.67189e-06 1.53505e-07 0.000247894 4.59794e-07 0.000153155 3.19349e-07 0.999596 1.41532e-07 1.01654e-07 
0.117589 5.0542e-06 0.000898718 0.00106282 0.00130733 6.58698e-05 2.32542e-05 0.833439 0.0456086 9.40955e-09 
3.14273e-10 1.54884e-09 0.0502671 0.000918598 4.25955e-10 1.40479e-09 2.95846e-10 0.948814 1.31116e-10 9.41724e-11 
6.03233e-07 2.97293e-06 0.00101023 4.40363e-07 8.17601e-07 2.69643e-06 5.67863e-07 5.70488e-07 0.998981 1.8076e-07 
7.39714e-09 3.64556e-08 3.34719e-09 5.39995e-09 1.00258e-08 3.3065e-08 6.96342e-09 0.994436 0.00556394 2.21656e-09 
4.53827e-06 3.66973e-06 4.26426e-06 5.55345e-06 4.66631e-07 5.09878e-09 0.999668 2.08297e-05 0.000292702 3.41805e-10 
9.99157e-06 0.00267096 2.98823e-07 2.1903e-10 2.60305e-06 0.0127495 1.80794e-06 0.965387 0.0191774 8.99071e-11 
0.0840029 5.99433e-08 5.50374e-09 0.157264 1.64853e-08 5.43682e-08 1.14498e-08 9.73261e-07 0.758732 3.64466e-09 
2.4446e-05 3.97961e-08 3.6539e-09 5.89476e-09 1.09445e-08 3.60948e-08 7.6015e-09 0.999969 6.03086e-06 2.41967e-09 
6.64332e-08 3.27405e-07 3.00609e-08 8.73422e-05 9.00412e-08 0.00017847 6.2538e-08 0.999711 2.22006e-05 1.99068e-08 
0.117589 5.0542e-06 0.000898718 0.00106282 0.00130733 6.58698e-05 2.32542e-05 0.833439 0.0456086 9.40955e-09 
1.82074e-08 0.000215793 0.000571532 0.122637 0.000187185 8.13862e-08 1.71398e-08 0.868777 0.0076117 5.45586e-09 
1.24285e-07 6.12517e-07 5.62387e-08 9.07286e-08 1.68452e-07 9.72606e-05 3.93269e-06 0.999898 5.18521e-08 3.72422e-08 
1.45106e-06 7.15133e-06 6.56604e-07 0.00190777 1.96672e-06 6.48621e-06 1.36598e-06 0.998072 6.05389e-07 4.34814e-07 
3.86375e-07 3.12097e-07 7.34565e-12 1.18506e-11 3.96263e-08 7.25634e-11 0.999134 1.53523e-11 0.000865481 4.86441e-12 
0.00120125 3.5905e-06 1.70932e-05 0.00039868 9.87442e-07 3.25656e-06 6.85826e-07 0.962337 0.0360371 2.18309e-07 
1.54348e-07 0.00029103 0.000298046 1.12675e-07 2.09197e-07 6.89929e-07 1.45298e-07 0.999311 9.85276e-05 4.62505e-08 
3.24301e-10 4.81078e-07 3.22987e-07 1.65743e-06 2.81354e-06 5.50999e-06 1.03495e-05 0.999979 2.71952e-08 9.71774e-11 
1.01654e-06 5.00984e-06 0.00514872 0.00018806 1.28514e-05 4.5439e-06 0.000657331 0.983905 0.010077 3.04608e-07 
1.16338e-07 5.73351e-07 0.000431722 8.49272e-08 0.000788557 5.20026e-07 1.09517e-07 0.997895 0.000883412 3.48608e-08 
5.08118e-05 1.69298e-07 1.55442e-08 7.3372e-05 4.65594e-08 1.53552e-07 3.23377e-08 0.999824 5.1398e-05 1.02936e-08 
0.0381105 0.000620909 0.00034018 0.000989928 0.000296415 7.42127e-07 1.56291e-07 0.0581326 0.901508 4.97497e-08 
1.0094e-09 4.97961e-06 4.56749e-10 7.36863e-10 0.00211029 4.51196e-09 9.50211e-10 0.997884 2.95208e-07 3.02467e-10 
6.11953e-09 2.40059e-05 1.14987e-05 0.122282 3.30513e-06 0.199639 1.47623e-05 0.0327832 0.645242 1.83373e-09 
2.5057e-09 1.23489e-08 1.13383e-09 1.82917e-09 3.39614e-09 1.12004e-08 0.0233439 0.976654 1.67366e-06 7.50838e-10 
4.92768e-08 2.42852e-07 5.13068e-05 0.440609 6.6788e-08 2.22468e-05 4.63875e-08 0.559317 2.05584e-08 1.47659e-08 
0.0840029 5.99433e-08 5.50374e-09 0.157264 1.64853e-08 5.43682e-08 1.14498e-08 9.73261e-07 0.758732 3.64466e-09 
0.99984 5.43874e-05 4.99362e-06 8.05609e-06 1.49574e-05 4.93291e-05 1.03886e-05 1.04366e-05 4.60412e-06 3.30686e-06 
3.86375e-07 3.12097e-07 7.34565e-12 1.18506e-11 3.96263e-08 7.25634e-11 0.999134 1.53523e-11 0.000865481 4.86441e-12 
0.00903799 0.125365 0.222028 0.186833 0.073413 0.0274741 0.0965981 0.245193 0.00919961 0.00485867 
9.51654e-07 4.69006e-06 4.30622e-07 6.94712e-07 1.28984e-06 4.25386e-06 8.95855e-07 0.999986 3.97033e-07 2.85165e-07 
1.39358e-07 6.86804e-07 6.30594e-08 1.01732e-07 1.88881e-07 6.22927e-07 0.000734778 0.998903 0.000360531 4.1759e-08 
1.52066e-06 7.49432e-06 6.88097e-07 1.11009e-06 0.999406 6.79731e-06 0.000574032 1.43812e-06 6.34426e-07 4.55669e-07 
5.08118e-05 1.69298e-07 1.55442e-08 7.3372e-05 4.65594e-08 1.53552e-07 3.23377e-08 0.999824 5.1398e-05 1.02936e-08 
2.26041e-05 3.18196e-08 8.47537e-06 0.000313435 8.75086e-09 2.88602e-08 4.98448e-05 0.00013617 0.999469 1.93469e-09 
0.00234614 2.08153e-05 0.00317567 0.0016047 7.03284e-06 0.208339 0.00593612 0.756422 0.0221439 4.58965e-06 
1.30678e-05 6.44025e-05 5.91316e-06 9.53956e-06 1.77116e-05 5.84126e-05 1.23016e-05 0.999809 5.45193e-06 3.91579e-06 
