0.558577 0.0140783 0.000126197 0.0208158 0.00544789 3.18468e-05 0.400882 4.05029e-05 1.8557e-07 
0.670687 0.00930088 0.120091 0.169589 0.0205438 0.00633327 0.00322404 0.000232025 6.69384e-08 
0.931789 0.0239155 0.00153748 0.00907687 0.0080039 0.000615335 0.0249145 0.000112336 3.47417e-05 
0.961629 0.00571514 0.00279771 0.0263185 0.000523607 0.00122335 0.00178922 2.4972e-09 3.40961e-06 
0.378727 0.106568 0.12027 0.21417 0.00316738 0.0509931 0.125368 0.000725793 9.90281e-06 
0.76486 0.0177412 0.028121 0.156076 0.00464791 0.00816458 0.0178292 0.00171666 0.000843164 
0.765722 0.0409965 0.00391076 0.133995 0.00438367 0.000542804 0.0486068 0.000335885 0.00150745 
0.864499 0.0247811 0.00137724 0.0555456 0.00106338 0.00734673 0.0453625 1.05229e-05 1.35124e-05 
0.83989 0.0325652 0.00261368 0.0251026 0.00649924 0.000158532 0.091645 9.24884e-05 0.00143304 
0.692124 0.1059 0.00768829 0.0186618 0.000999108 0.00223115 0.171615 0.000716658 6.36381e-05 
0.901071 0.00550815 0.00860028 0.0621192 0.00393702 0.0139391 0.00459686 0.000227958 2.83384e-07 
0.764944 0.053041 0.0203355 0.0827763 0.00286079 0.0239203 0.0513053 0.000285571 0.000531727 
0.96309 0.013373 0.00170607 0.000345025 4.90583e-08 0.000221359 0.0196972 0.0015676 5.99362e-12 
0.886168 0.0787135 0.0126797 0.00979352 0.000174945 0.00547847 0.00697836 2.70991e-06 1.06536e-05 
0.647128 0.0821278 0.100733 0.101029 0.000512034 0.0167161 0.050897 5.66915e-05 0.000799307 
0.618356 0.0518059 0.232689 0.0355238 0.00512639 0.0343971 0.0219348 7.46131e-05 9.23825e-05 
0.333289 0.209417 0.100626 0.156276 0.0115671 0.0116816 0.177031 0.000111317 1.66692e-06 
0.903381 0.0374757 0.00610614 0.0143532 0.0207976 0.00630345 0.00808406 6.40493e-05 0.00343509 
0.466012 0.0207917 0.0287525 0.0452345 0.00237193 0.00480929 0.423618 0.00748956 0.000920752 
0.630151 0.152999 0.0120038 0.0075002 0.0091019 0.154894 0.0330752 0.000164561 0.000110169 
0.451494 0.088422 0.016716 0.370322 0.00925794 0.00235825 0.0431696 0.0152476 0.00301235 
0.397976 0.0649886 0.00847131 0.00430239 0.142344 0.00486696 0.375505 0.00114472 0.000401398 
0.503586 0.0167153 0.080505 0.309676 0.0268208 0.0147038 0.0442101 0.002546 0.00123675 
0.50651 0.154347 0.0413712 0.283582 0.00463852 4.24972e-11 0.00954872 2.81306e-06 1.71557e-10 
0.542411 0.149857 0.00270028 0.0432955 0.0294589 0.0102973 0.221644 0.000286509 4.9691e-05 
0.751127 0.108572 4.22256e-06 0.0647059 1.17147e-06 0.0024542 0.0731344 3.1242e-10 6.22992e-07 
0.93423 0.0233092 0.00652382 0.00932311 0.0111902 0.00643356 0.0085223 9.93339e-05 0.000368227 
0.501926 0.07565 0.109131 0.213077 0.02003 0.0138303 0.0578486 0.00342492 0.0050829 
0.920317 0.00532407 0.00708895 0.000252347 0.00854093 0.048905 0.008325 0.00107959 0.000167319 
0.426768 0.0166445 0.0269764 0.136156 0.130599 0.00140559 0.229946 0.00303296 0.0284711 
0.858303 0.0379313 0.000702545 0.0620004 0.00187156 0.00673588 0.0324295 7.52953e-07 2.54988e-05 
0.762213 0.139653 0.000123195 0.00852778 0.00525466 0.0290943 0.0550898 4.29962e-05 1.70939e-06 
0.906146 0.0157551 0.0596894 0.0136164 2.16046e-05 0.000193187 0.00364768 0.000930434 8.39294e-09 
0.525325 0.105751 0.00767916 0.0284779 0.0547499 0.0886258 0.181564 0.00628397 0.0015433 
0.833606 0.0371284 0.0559867 0.0265933 0.001682 0.00693188 0.0300026 0.00254615 0.00552308 
0.616597 0.0470631 0.00100026 0.156933 0.000439415 0.000163613 0.176978 0.000825164 2.54093e-10 
0.30676 0.142336 0.306574 0.184185 0.0149024 0.000351262 0.0235351 0.0213549 2.2334e-06 
0.525752 0.00647615 0.266043 0.163331 0.00273529 0.0335558 0.00208128 7.61485e-07 2.45513e-05 
0.759047 4.1781e-05 6.95016e-05 0.0653384 9.65185e-05 0.0163749 0.159027 2.96006e-07 5.22902e-06 
0.6774 0.169073 0.0601952 0.0247411 0.000920622 0.0518206 0.0157942 3.20588e-05 2.33082e-05 
0.821947 0.0437369 0.0188934 0.0268648 0.00274812 0.00476957 0.0806638 0.000373248 3.08079e-06 
0.778895 0.0666841 0.0335288 0.0344134 0.000460005 0.00889816 0.0771004 1.8948e-05 1.07183e-06 
0.44792 0.0776968 0.0141342 0.0271043 0.0768874 0.011732 0.312718 0.0318063 6.68957e-07 
0.795239 0.0940969 0.0010974 0.000286846 0.0664577 0.00786547 0.0343834 0.000261484 0.000311341 
0.517851 0.0191484 0.000218038 0.0327293 0.0127818 0.000131089 0.415923 3.84257e-05 0.00117958 
0.6652 0.0110845 0.0341433 0.0627608 0.00892517 0.0208464 0.0678171 0.129201 2.21308e-05 
0.852551 0.0399834 0.0239732 0.0534661 0.0113507 0.0055699 0.0103306 0.00274551 2.98219e-05 
0.747716 0.145123 0.00115166 0.0289606 0.000910708 0.060018 0.0160926 2.68577e-06 2.53124e-05 
0.727859 0.0388631 0.0941 0.0846689 0.00194905 0.0106593 0.0375741 0.000537567 0.00378928 
0.382472 0.182179 0.00131339 0.0455972 0.131007 0.0234082 0.233386 0.000213501 0.000424431 
0.719611 0.127805 0.0321327 0.0513616 0.0173929 0.0280271 0.0228417 0.0002635 0.000564195 
0.742546 0.00822615 0.211927 0.0149925 0.00265761 0.0187422 0.000808527 1.50958e-05 8.55975e-05 
0.41187 0.0619604 0.268311 0.173513 0.0129753 0.000952789 0.019268 0.0488074 0.00234225 
0.438547 0.396108 0.113952 0.0186166 0.00198255 0.00218792 0.0285164 8.14038e-05 8.083e-06 
0.54804 0.0358222 0.0509295 0.280448 0.0216837 0.0125511 0.044891 0.00487414 0.000760195 
0.497526 0.00920113 0.00082221 0.482912 0.00648567 2.82936e-07 0.00303639 1.66219e-05 2.75124e-09 
0.520639 0.013413 0.0196239 0.0312748 0.000988572 0.00572288 0.326611 0.0816804 4.69958e-05 
0.575547 0.0374445 0.183706 0.104236 0.0381053 0.00854075 0.0499973 0.000713098 0.0017094 
0.828498 0.0113595 0.0105746 0.133273 0.000528595 0.00304911 0.0121773 0.000532196 8.10097e-06 
0.714079 0.0678309 0.0368143 0.133819 0.00649244 0.0106273 0.0300468 0.00026737 2.31062e-05 
0.494431 0.00617922 0.0129046 0.442967 0.0019422 0.0296681 0.00743221 0.0044736 1.53113e-06 
0.299958 0.195859 0.0712783 0.285008 0.000112418 3.11383e-10 0.147779 5.20965e-10 5.40644e-06 
0.749067 0.0269033 0.0370009 0.153361 0.00768793 0.00482027 0.0166592 0.00375415 0.000746629 
0.827416 0.0552538 0.0219214 0.002812 0.0193069 0.0434491 0.0297726 5.89584e-05 9.3135e-06 
0.669673 0.0865494 0.0236198 0.0864198 0.0172988 0.021183 0.0889402 0.00503279 0.00128332 
0.871718 0.0220589 0.00673784 0.0535031 0.00278926 0.0249642 0.0153681 7.11356e-05 0.00278969 
0.506946 0.0957216 0.0275363 0.0658567 0.0168799 0.074472 0.209524 0.000216006 0.00284693 
0.643466 0.0174106 0.0435808 0.12084 0.00601538 0.00129615 0.0616982 0.000468012 0.105224 
0.314138 0.233193 0.00232214 0.114133 0.00577562 0.14517 0.185268 6.0944e-08 5.17632e-09 
0.701923 0.118609 0.000343162 0.0206312 0.00529051 0.131888 0.0212712 4.362e-05 7.52832e-07 
0.478057 0.0174088 3.29673e-07 0.310186 0.0190269 0.0367042 0.1379 0.000715511 1.03007e-06 
0.725199 0.0222238 0.00203807 0.00957652 0.116073 0.0224498 0.100859 9.58018e-05 0.00148506 
0.814814 0.0609633 0.00213851 0.0307942 0.00315632 0.0705701 0.0174509 2.445e-06 0.000110209 
0.740722 0.0587083 0.0754408 0.0338312 0.0420554 0.00148001 0.0436566 9.7863e-05 0.00400823 
0.412377 0.368249 0.00877304 0.0044303 0.0183209 0.0292845 0.147042 0.000347711 0.0111753 
0.943576 0.00249204 0.01744 4.7614e-05 0.00723418 0.0264867 0.0023581 0.000165923 0.000199637 
0.705701 0.0407576 0.106536 0.0694468 0.00677384 0.00755002 0.0407597 0.0209591 0.00151642 
0.34031 0.0287282 0.016336 0.0762588 0.274503 0.00240503 0.0156174 0.155898 0.0899434 
0.650584 0.0110893 0.00321453 0.0101903 0.0102585 0.0938392 0.217537 0.00328687 2.14493e-11 
0.887219 0.0554768 0.00192701 2.03649e-05 0.000295504 0.0510325 0.00396676 5.57111e-05 5.91048e-06 
0.626601 0.0120566 0.093604 0.173557 0.0056153 0.00850741 0.0799585 5.82049e-05 4.22382e-05 
0.89706 0.0196717 0.0104146 0.0710485 0.00020671 0.00149338 2.67027e-05 7.82849e-05 6.60067e-09 
0.526194 2.00344e-05 1.98034e-07 0.183448 0.0750712 2.96666e-06 0.214539 0.000724922 8.13589e-11 
0.606341 0.124014 0.055565 0.139326 0.00934026 0.00630988 0.045525 0.0133826 0.000195786 
0.451185 0.0883164 0.0333359 0.3276 0.004507 0.0289177 0.0599464 0.000600248 0.00559145 
0.322046 0.264459 0.0229074 0.0350682 0.118324 0.0242561 0.212722 0.000216877 8.51239e-07 
0.665157 0.0331074 0.0265582 0.0791398 0.013167 0.0223416 0.160331 0.000146471 5.18386e-05 
0.853443 0.00470097 0.000334918 0.0771554 0.000148617 0.0525695 0.0116318 1.62503e-05 2.61494e-10 
0.909255 0.032414 0.00897377 0.0128898 0.015386 0.00878576 0.0117568 0.000117232 0.000421225 
0.464415 0.0427976 0.404864 0.0402604 0.00772654 0.0302822 0.00255212 0.00707651 2.57462e-05 
0.937097 0.00274742 0.00152317 0.049784 0.000659658 0.000695384 0.0074937 1.78553e-10 9.60753e-08 
0.688306 0.13145 0.0101852 0.112497 0.00824014 0.0123492 0.0368906 4.03968e-05 4.12246e-05 
0.748455 0.0174278 0.0441474 0.0642339 0.0180219 0.0103965 0.0783002 0.000512822 0.0185043 
0.775911 0.000300324 0.000561602 0.189448 0.00680288 0.0172026 0.00914981 2.29655e-05 0.000600245 
0.447404 0.263127 0.0453179 0.0777416 0.00952292 0.0293352 0.127151 0.000312904 8.76782e-05 
0.377683 0.0163527 0.0306423 0.0824666 0.0457245 0.00273688 0.109624 0.334713 5.72559e-05 
0.29577 0.0772732 0.156134 0.284309 0.0298204 0.0939747 0.0368054 8.13342e-05 0.0258312 
0.847455 0.0258634 0.00736955 0.00979136 0.0513312 0.0139271 0.0392204 0.00254474 0.00249709 
0.789247 0.0666411 0.0162419 0.0574206 0.0119318 0.0224153 0.0312382 0.00358649 0.0012774 
0.639677 0.026083 0.032178 0.17538 0.0247992 0.00170481 0.0682419 0.030798 0.00113828 
0.273184 0.195356 0.033245 0.194443 0.119075 0.0109341 0.171912 0.00156793 0.000282545 
0.727575 0.032711 0.011652 0.0357775 0.0427385 0.000932066 0.130197 0.0161062 0.00231024 
0.566777 0.06955 0.00838278 0.256684 0.0169091 0.0418065 0.0372806 0.00168884 0.000920863 
0.494969 0.0836665 0.177354 0.177586 0.00836863 0.0197182 0.0367503 0.00120201 0.000384587 
0.64244 0.0670209 0.0621904 0.11375 0.0783249 0.00427244 0.0298652 7.38263e-05 0.00206255 
0.440815 0.0384272 0.0839032 2.4586e-05 0.00118094 1.73506e-05 0.431895 1.22904e-06 0.00373531 
0.315684 0.0192542 0.290924 0.192908 0.0381896 0.000682767 0.130398 7.81387e-05 0.0118819 
0.894584 0.00315337 0.0248032 0.0165314 0.0236224 0.00362552 0.0147087 0.000266135 0.0187056 
0.348246 0.135043 0.161449 0.0560577 0.00794648 0.000933553 0.290016 0.000307804 3.33182e-11 
0.482106 0.000940777 0.00785237 0.32556 0.0964959 0.000260712 0.0866981 8.17889e-05 4.42676e-06 
0.652406 0.0393588 0.0598259 0.170129 0.0223732 0.0139353 0.0306145 0.00981766 0.00154002 
0.591924 0.0918793 0.133963 0.048877 0.0653626 0.00171901 0.0662149 4.28142e-05 1.66841e-05 
0.822329 0.0133145 0.113636 0.0351666 0.0029868 0.00168861 0.00815505 0.00269008 3.33244e-05 
0.909255 0.032414 0.00897377 0.0128898 0.015386 0.00878576 0.0117568 0.000117232 0.000421225 
0.291435 0.0870331 0.101956 0.173171 0.207632 0.0381955 0.0981108 0.000152859 0.0023145 
0.321899 0.0280172 0.0268174 0.138564 0.0684011 0.00685614 0.321065 0.0046068 0.0837736 
0.539234 0.10794 0.100987 0.0279882 0.00154466 0.0234013 0.197566 0.00022522 0.00111321 
0.982242 0.00208374 8.894e-06 0.0145516 0.000597347 8.78074e-06 0.000336697 0.000135608 3.5447e-05 
0.903044 0.00949498 0.0464176 0.00165397 0.000740899 0.0140092 0.0244955 0.000116267 2.71669e-05 
0.578268 0.0476477 0.077624 0.139654 0.0318123 0.0315899 0.0832962 0.00470661 0.00540191 
0.37042 0.207087 0.0343752 0.0340872 0.00278817 0.00722595 0.343302 0.000136746 0.000578294 
0.885875 1.78581e-07 0.000862029 0.0385171 2.70148e-07 0.074745 3.3178e-07 5.30631e-08 5.63396e-09 
0.956613 0.00657331 0.00929453 0.00110906 0.00472142 0.0181136 0.00320098 0.00034519 2.93469e-05 
0.804163 0.016832 0.134957 0.00701293 0.00270143 0.020712 0.0122456 0.000148189 0.00122793 
0.733066 0.00765173 0.219527 0.00556938 0.00169075 0.0058382 0.0266192 3.27211e-05 4.62495e-06 
0.622156 0.0802626 0.0131761 0.0608533 0.021513 0.0386068 0.16239 0.000879929 0.000162205 
0.683654 0.108604 0.0114542 0.164694 0.00211649 0.00974239 0.0197337 3.11212e-07 3.11083e-07 
0.682141 0.0903891 0.00501977 0.0326698 0.0359677 0.00595371 0.126545 0.0213139 5.69345e-07 
0.474177 0.108341 0.00888466 0.335623 0.0392252 0.000355988 0.0329937 9.69809e-05 0.000301975 
0.539302 0.000442553 0.0119105 0.00484679 0.00237733 6.55632e-05 0.0245784 0.416477 2.94617e-07 
0.446901 0.0190544 0.130708 0.365585 0.00158859 0.000684373 0.0350845 0.000370944 2.31284e-05 
0.876108 0.00984492 0.066545 0.0110684 0.00082681 0.000234713 0.0350934 0.000231081 4.79433e-05 
0.876232 0.0169176 0.000879988 0.00380293 0.0725272 0.000267607 0.0245276 0.00482809 1.74614e-05 
0.849431 0.0374277 0.01691 0.0881374 0.000784891 7.38927e-05 0.00704289 0.000192036 3.25782e-07 
0.956016 0.0272745 0.00254163 0.000984172 0.000695354 0.00415787 0.00814098 0.000121649 6.82256e-05 
0.768163 0.0607139 0.0302124 0.0231748 0.0142284 0.0485215 0.0316761 0.0141364 0.00917363 
0.744777 0.0795672 0.0685333 0.101523 0.000482758 0.00336453 0.00136373 1.75016e-08 0.000388685 
0.872114 0.00856671 0.0016052 0.000619839 0.011324 0.0268269 0.0754986 0.00343373 1.07634e-05 
0.708578 0.0116317 0.137524 0.00171317 0.0211757 0.0023597 0.0293076 0.000587287 0.0871221 
0.630825 0.0157902 0.0392102 0.0701862 0.0073488 0.0247956 0.122522 0.0893168 5.72054e-06 
0.546022 0.0359259 0.00726043 0.0353348 0.318791 0.0200873 0.0348511 0.00127521 0.000452963 
0.391369 0.0497631 0.328757 0.14675 0.0266938 0.00151618 0.0546153 1.46573e-05 0.000521953 
0.818359 0.0258432 0.0484405 0.0514024 0.0053681 0.010792 0.0261718 0.0134044 0.00021855 
0.653183 0.105596 0.00506661 0.0921974 0.000920493 0.00345215 0.13958 3.1595e-06 7.93722e-07 
0.545645 0.018723 0.00322191 0.412061 2.25847e-05 0.00217006 0.018151 5.12052e-06 3.95393e-09 
0.901032 0.0467426 0.000118349 0.0258195 3.56584e-06 0.0079443 0.0183277 7.03359e-11 1.17951e-05 
0.770853 0.172017 0.0226295 0.0209685 0.000906024 0.00288718 0.00667646 0.0030572 5.00942e-06 
0.951964 0.0125264 0.0128529 0.0145553 0.000384 0.000920379 0.00678956 6.4427e-06 1.21673e-06 
0.773281 0.102038 0.0194181 0.00188197 0.000257755 0.072795 0.0302446 8.12416e-05 3.18873e-06 
0.897399 0.0200595 0.0223277 0.0348967 0.00136601 0.000717627 0.0195504 0.00368311 8.3305e-08 
0.43278 0.0463208 0.0311137 0.432491 0.00810281 0.0270615 0.021194 6.83799e-05 0.000867903 
0.908661 0.0136459 0.0549963 0.0110953 0.000168602 0.00247319 0.00889741 6.15732e-05 6.82935e-07 
0.880412 0.0138025 0.0111384 0.0261872 0.0164229 0.0347983 0.0169851 0.000144324 0.000109742 
0.359455 0.0965064 0.0615425 0.254332 0.0189601 0.0295866 0.179168 0.00019003 0.000259318 
0.480745 0.00832553 0.365144 0.0586451 0.00144745 0.00488869 0.0044364 0.0763381 2.99329e-05 
0.789094 0.0299332 0.00752829 0.00301647 0.017295 0.0264465 0.126526 0.000136566 2.34689e-05 
0.458393 0.182755 0.0536634 0.189897 0.0104741 0.0141765 0.0875669 0.00296796 0.00010685 
0.711215 0.0571614 0.0506046 0.108143 0.000807474 0.014594 0.0124754 0.00560307 0.0393957 
0.999812 3.97126e-10 1.49254e-05 0.000168903 1.52172e-09 1.99874e-06 2.31116e-06 1.39276e-09 3.36056e-09 
0.992139 0.000847789 0.000553776 0.000315818 2.88386e-05 0.000130842 0.00597201 1.16673e-06 1.09451e-05 
0.712694 0.123105 0.0158536 0.0234852 0.0105378 0.093557 0.0202733 0.000480977 1.33156e-05 
0.393799 0.00291026 0.012953 0.128577 0.0116508 0.00738738 0.11833 0.324359 3.45792e-05 
0.546891 0.0110468 0.328421 0.0829784 0.00188716 0.0266702 0.0020866 5.72034e-07 1.84141e-05 
0.382195 0.00913304 0.00436554 0.288361 0.0563315 0.00203568 0.207285 0.0448982 0.00539507 
0.556048 0.042904 0.019369 0.243743 0.053913 0.062838 0.0160639 0.00510465 1.64412e-05 
0.420284 0.194414 0.243414 0.0575682 0.00137845 0.0275066 0.0552686 6.30068e-05 0.000103297 
0.709669 0.0435518 0.0918666 0.0313157 0.00492987 0.00155281 0.0684442 0.0484688 0.000201358 
0.894584 0.00315337 0.0248032 0.0165314 0.0236224 0.00362552 0.0147087 0.000266135 0.0187056 
0.808557 0.0395234 0.0067786 0.116069 0.00851448 0.0142164 0.00619889 0.000141759 5.94442e-07 
0.742806 0.005089 0.108472 0.0682964 0.0179739 0.00617993 0.0495886 0.000713911 0.000880661 
0.80329 0.0223599 0.086513 0.0530571 0.00555598 0.0147199 0.0140204 0.000106517 0.000377393 
0.449439 0.2062 0.041641 0.102787 0.0183672 0.0550567 0.10876 0.0159422 0.00180599 
0.639338 0.0419399 0.140719 0.0441438 0.0217023 0.0648617 0.0472628 8.67253e-06 2.40678e-05 
0.234282 0.0326566 0.233955 0.065158 0.0152337 0.0646775 0.204813 0.000641208 0.148584 
0.492172 0.0429225 0.166636 0.0781997 0.0107734 0.00180781 0.0544701 0.000234603 0.152783 
0.655279 0.0057912 0.255351 0.0141673 0.0202641 0.00530812 0.0358639 0.00158549 0.00639047 
0.570401 0.147823 0.0513399 0.000342335 0.0191986 0.146808 0.0639797 8.75051e-05 2.06376e-05 
0.855064 0.0112061 0.0110986 0.00647299 0.0065627 0.00877084 0.0240626 0.0767039 5.85277e-05 
0.673821 0.00980238 0.0581264 0.231387 0.000155236 0.000892387 0.0144682 0.011333 1.40066e-05 
0.365318 0.0536886 0.00513518 0.102161 0.102391 0.0280442 0.342055 0.000755239 0.000451991 
0.755364 0.0277556 0.00549771 0.0845722 0.0284324 0.0941459 0.00423062 1.15535e-06 1.15916e-07 
0.569485 0.000107425 0.000107415 0.000107423 0.0645471 0.000107415 0.365324 0.000107403 0.000107358 
0.579076 0.00867806 0.335507 0.0505316 0.00921179 0.00700702 0.0096231 0.000214823 0.00015102 
0.504372 0.00880039 0.0528376 0.403074 0.00260493 0.00607184 0.0181042 0.00407778 5.74698e-05 
0.833577 0.0470598 0.0168949 0.0605448 0.0022001 0.000968769 0.0329747 0.00577855 1.71586e-06 
0.480437 0.0121919 0.280964 0.210031 0.00342289 0.000990373 0.0117368 0.000225713 2.82747e-08 
0.514641 0.0307882 0.0149066 0.40075 0.00616137 0.00174845 0.0304946 0.000478179 3.10852e-05 
0.876569 0.0121716 0.000104833 0.00564221 0.000615751 9.41585e-05 0.104787 1.57015e-05 4.2952e-09 
0.577007 0.0103428 0.0684814 0.0817756 0.00607025 0.0019601 0.210063 0.0442545 4.51762e-05 
0.671588 0.0377807 0.00902798 0.215689 0.00110482 2.04869e-07 0.0648037 6.02426e-06 3.28463e-09 
0.924236 0.00651711 0.0115411 0.0207503 0.000949916 0.00271044 0.0214766 4.22187e-06 0.0118145 
0.735277 0.0441352 0.000730057 0.09317 0.000387894 0.00832295 0.11783 7.68845e-05 6.99992e-05 
0.463971 0.170172 0.177706 0.0487949 0.0112351 0.00349518 0.118776 0.00292372 0.00292654 
0.35476 0.21509 0.0505045 0.032139 0.00155407 0.0367986 0.309153 3.1076e-07 3.10632e-07 
0.887219 0.0554768 0.00192701 2.03649e-05 0.000295504 0.0510325 0.00396676 5.57111e-05 5.91048e-06 
0.574656 0.0357686 0.0275014 0.247139 0.0193536 0.0173627 0.0689409 0.000252893 0.00902477 
0.647013 0.0287541 0.048993 0.0729578 0.00489199 0.00545097 0.173161 0.00545975 0.0133177 
0.785361 0.0686751 0.0440525 0.0441722 0.00529359 0.00231797 0.0492157 0.000638044 0.000273725 
0.303408 0.273409 0.0481248 0.0683568 0.0437599 0.00126909 0.259698 0.000774083 0.00120084 
0.933968 0.00551369 0.0163969 0.00983729 0.00267541 0.00236097 0.0292174 3.00752e-05 2.7233e-08 
0.426028 0.0650185 0.017988 0.302681 0.021685 0.0365998 0.067775 0.0587092 0.00351531 
0.888561 0.00185587 0.0283632 0.0774595 1.35687e-05 0.000755715 0.00296194 2.83348e-09 2.9115e-05 
0.820035 0.00436357 0.0133308 0.0230324 0.0553427 0.000382219 0.0835136 1.39128e-07 1.77146e-07 
0.55955 0.08558 0.017047 0.0607384 0.0388565 0.0206504 0.214777 0.000379915 0.00242111 
0.742288 0.0032404 0.0083868 0.0223667 0.00637366 0.0026625 0.0386937 0.175979 8.6227e-06 
0.791036 0.0516545 0.0349947 0.0793661 3.73895e-05 0.000837927 0.0419044 0.00016596 2.75483e-06 
0.787172 0.010343 0.036954 0.0334691 0.0154967 0.0396904 0.0658052 0.00827282 0.0027966 
0.415174 0.00741886 0.0139475 0.220583 0.140968 0.00432825 0.195765 0.00181352 2.57836e-06 
0.724468 0.0415266 0.0375534 0.102969 0.00344626 0.0422198 0.0446967 0.000400516 0.00271966 
0.505163 0.134391 0.000323019 0.203008 0.0674173 0.0838004 0.00544567 2.49195e-05 0.000425836 
0.377414 0.0804495 0.0113035 0.309638 0.0125716 0.0517092 0.134221 0.0212163 0.00147664 
0.922316 0.000447544 0.0247004 0.0395109 0.00320656 0.000137699 0.00825322 0.000643597 0.000784133 
0.685559 0.05023 0.0417397 0.176214 0.00751446 0.00266203 0.0329668 0.00247949 0.00063524 
0.920317 0.00532407 0.00708895 0.000252347 0.00854093 0.048905 0.008325 0.00107959 0.000167319 
0.492422 0.396525 7.35872e-05 0.00247572 0.000346432 0.0890223 0.0191343 5.06155e-07 5.85192e-08 
0.956016 0.0272745 0.00254163 0.000984172 0.000695354 0.00415787 0.00814098 0.000121649 6.82256e-05 
0.890237 0.00371533 0.0190623 0.0686389 0.00379525 0.0036851 0.0103549 7.19126e-05 0.000438975 
0.730291 0.0535474 0.0154649 0.128237 0.00419082 0.0143242 0.0512875 0.000105872 0.00255041 
0.8341 0.0370031 0.0300131 0.00916278 0.0332643 0.021471 0.0325912 9.68966e-05 0.00229757 
0.979391 0.00643992 0.0038662 0.00038265 0.00107243 0.00578957 0.00294012 0.000117745 2.6606e-07 
0.594445 0.129033 0.0523024 0.170854 0.000541865 0.00117685 0.0494246 1.87615e-05 0.00220369 
0.870052 0.0535041 0.0269301 0.0214794 0.00597063 0.00429605 0.0137521 0.000191991 0.0038232 
0.531562 0.0420892 0.0637706 0.187758 0.00818722 0.0144159 0.148279 0.00339252 0.000545964 
0.688601 0.0431452 0.0264693 0.216691 2.61631e-05 3.50785e-05 0.0250275 7.55048e-08 5.19462e-06 
0.738157 0.0962193 0.042943 0.0347531 0.00480968 0.0362278 0.0442557 0.000177662 0.00245658 
0.675417 0.0806953 0.0101482 0.0165782 0.0115445 0.185132 0.0203018 0.000180161 2.51159e-06 
0.342567 0.210621 0.0491522 0.107453 0.158126 0.0408632 0.0450157 0.0459704 0.000232649 
0.656537 0.191601 0.0483503 0.0412568 0.0118265 0.0265121 0.023916 2.88452e-07 2.88333e-07 
0.369908 0.200934 0.185716 0.187617 0.0175255 0.0161235 0.0221181 3.99284e-05 1.76933e-05 
0.92646 0.000599643 0.00964159 0.0494163 0.000115627 3.75052e-05 0.00682252 5.88715e-09 0.00690728 
0.702739 0.0200322 0.147428 0.0925614 0.0134955 0.00524959 0.0180123 0.000161351 0.000321449 
0.5367 0.0649921 0.000932412 0.0147142 0.113235 0.0564207 0.211494 0.00133074 0.00018128 
0.655526 0.175177 0.00920533 0.123485 0.000707447 0.00162078 0.034182 9.73278e-05 1.74431e-10 
0.671532 0.0473086 0.0727052 0.0883498 0.0164649 0.0241775 0.0743085 0.00347719 0.00167642 
0.520142 0.0475821 0.24989 0.0661011 0.00301289 0.0390761 0.06059 0.0134381 0.000167261 
0.636949 0.144759 0.0053752 0.119762 0.0148602 0.00858948 0.0694771 9.09416e-05 0.000137515 
0.385645 0.034293 0.0176507 0.358977 0.0157784 0.000154023 0.156969 0.0305321 5.92505e-08 
0.416268 0.0565901 0.364703 0.0503946 0.00115945 0.00694744 0.0846522 0.0192845 1.0627e-06 
0.719413 0.0541222 0.115339 0.0340904 0.00737525 0.02322 0.0431715 0.00287814 0.000390225 
0.940963 0.000539379 0.0475176 0.00208992 0.00184696 0.00170181 0.00487668 3.49792e-05 0.000429214 
0.887219 0.0554768 0.00192701 2.03649e-05 0.000295504 0.0510325 0.00396676 5.57111e-05 5.91048e-06 
0.457664 0.00680713 0.00402606 0.0894207 0.244407 0.0275965 0.1694 0.000640565 3.78084e-05 
0.797512 0.0748437 0.0432524 0.0373861 0.000812573 0.0314471 0.0126972 0.00193412 0.000114728 
0.795783 0.0879107 0.0139874 0.0504261 0.00151652 0.019741 0.0304812 0.000130692 2.33118e-05 
0.819848 0.0464949 0.060874 0.0298976 0.00111951 0.0229081 0.0170766 0.00118776 0.000593713 
0.892228 0.0586774 0.00902417 0.0143418 0.00203458 0.00292752 0.020484 1.79565e-05 0.000264988 
0.920299 0.0144184 0.00707798 0.00437812 0.00517478 0.00742176 0.0290475 0.012182 1.95309e-07 
0.571388 0.392375 0.000161466 0.0209252 0.00521226 2.03605e-05 0.00989545 1.86937e-05 3.73208e-06 
0.997164 0.000623419 0.000508313 0.000454626 0.000854396 1.94708e-05 0.000375853 7.18386e-09 1.92679e-09 
0.375163 0.149576 0.00511721 0.0809784 0.353221 0.0190086 0.0168653 1.36557e-05 5.71778e-05 
0.702719 0.0362161 0.0514484 0.137174 0.0120282 0.00540781 0.0478423 0.00709454 6.90291e-05 
0.406822 0.0344795 0.0069629 0.226877 0.00867773 0.258467 0.0534948 0.00355847 0.000660901 
0.637391 0.107412 0.00636145 0.111026 0.00220719 0.0779679 0.0575738 5.61034e-05 4.59093e-06 
0.836582 0.00844494 0.102437 0.0523584 3.11091e-07 1.36649e-05 0.000162019 8.29465e-08 7.70252e-07 
0.562628 0.0403134 0.0266578 0.200109 0.0292516 0.029721 0.0947427 0.0163739 0.000202841 
0.735277 0.0441352 0.000730057 0.09317 0.000387894 0.00832295 0.11783 7.68845e-05 6.99992e-05 
0.3731 0.0422504 0.298133 0.119408 0.0755346 0.00490628 0.070766 0.0114637 0.00443692 
0.551506 0.0468298 0.00546422 0.366751 0.00277346 0.00905687 0.0167242 4.28069e-07 0.000893861 
0.369458 0.0673797 0.126782 0.0623668 0.0238453 0.0173652 0.331161 0.00106743 0.000575062 
0.896211 0.0146812 0.0373237 0.0466581 1.13773e-06 1.13789e-06 0.00512172 1.13776e-06 1.13729e-06 
0.479394 0.0510343 0.162816 0.230837 0.0115599 0.0194984 0.0418292 0.00130015 0.00173173 
0.452771 0.107437 0.00179184 0.157776 0.0463326 0.0267674 0.207047 7.50262e-05 1.65362e-06 
0.827416 0.0552538 0.0219214 0.002812 0.0193069 0.0434491 0.0297726 5.89584e-05 9.3135e-06 
0.613086 0.151299 0.0651352 0.0718099 0.0165399 0.0257431 0.0499523 0.00205919 0.00437578 
0.964796 0.0161285 0.0023624 0.000906621 0.00130516 0.000139124 0.0137945 0.000567694 4.04687e-09 
0.697294 0.0652934 0.0320009 0.0743442 0.0176964 0.0418456 0.0707118 0.000106904 0.00070632 
0.436052 0.0899948 0.112987 0.0125652 0.015951 0.000725832 0.0269716 0.304753 1.61374e-07 
0.322273 0.125376 0.0263815 0.0749353 0.143995 0.0197682 0.27558 0.00195059 0.00973994 
0.920776 2.67856e-07 0.0375131 0.0153447 0.00210739 9.1925e-08 0.0233028 0.000955877 6.31762e-08 
0.488345 0.0395331 0.0258437 0.0588017 0.223491 0.0118001 0.149896 0.0022452 4.4342e-05 
0.822843 0.0125238 0.111456 0.0238308 0.000500975 0.00417923 0.02344 0.000706523 0.000519955 
0.58341 0.0246598 0.0220787 0.207225 0.00567741 0.00119346 0.148165 0.00758347 6.57849e-06 
0.680968 0.0569248 0.00198885 0.243858 0.00103247 0.00516291 0.0100462 1.93777e-05 6.30381e-08 
0.953891 0.028389 0.00288436 0.000893247 0.000384474 0.00315244 0.0103041 6.51897e-05 3.66708e-05 
0.82119 0.00723574 0.000816093 0.0108489 0.0924803 0.0314081 0.0352791 0.0002295 0.000512387 
0.534444 0.0178993 0.0241817 0.411625 0.000148373 0.000104319 0.0115392 5.53424e-05 2.95193e-06 
0.448851 0.056936 0.000846117 0.073628 0.0321925 0.104643 0.281741 0.0010454 0.000117272 
0.903182 0.0359457 0.000603863 0.00774815 0.000912257 0.0419787 0.00962931 1.84733e-09 3.91921e-08 
0.681566 0.118868 0.0273618 0.0323036 0.0105548 0.00205956 0.110413 0.0058233 0.011049 
0.583501 0.0999932 0.170759 0.0846077 0.00370713 0.000818728 0.0385131 0.01809 1.0274e-05 
0.555192 0.0279076 0.0666685 0.124891 0.00634343 0.00658606 0.0914651 0.00240862 0.118538 
0.764176 0.0555504 0.0314055 0.0414862 0.00874184 0.0495789 0.0487501 0.000187393 0.000124076 
0.703479 0.0594602 0.0388887 0.0800422 0.00764072 0.0271031 0.053426 0.0292752 0.000684761 
0.700699 0.0913686 0.0439277 0.0580918 0.0102757 0.0242269 0.0617067 0.00922278 0.000480774 
0.58508 0.00638731 0.00396602 0.103727 0.0274931 9.94882e-05 0.0625563 0.000373964 0.210317 
0.683219 0.0442964 0.0169514 0.178166 0.0085768 0.022779 0.0323947 0.0132687 0.000347757 
0.491794 0.125267 0.0157376 0.0752948 0.0106665 0.012902 0.16815 0.0832745 0.0169142 
0.924926 0.00387597 0.0409682 0.0014616 0.0036691 2.75735e-05 0.0131867 5.01246e-05 0.0118344 
0.796277 0.0592365 0.0518166 0.0222516 0.00135511 0.0471183 0.0148873 0.00684831 0.000209426 
0.451809 0.10819 0.0958277 0.0565428 0.0118542 0.0724024 0.201195 0.00027627 0.00190341 
0.862222 0.0394754 0.0010452 0.0483212 0.00318744 0.00419363 0.0414907 5.54863e-05 9.38283e-06 
0.55576 0.247328 0.000614529 0.0111106 0.0294321 0.00368923 0.151639 0.000322979 0.000103262 
0.611133 0.0431647 0.114164 0.0479031 0.0351722 0.00259974 0.073111 4.61533e-05 0.0727061 
0.377638 0.019487 0.0244123 0.350292 0.00293188 0.0124423 0.0583523 0.154444 2.59166e-08 
0.937317 0.0117787 0.00348104 0.0175542 0.00151507 0.00362502 0.024584 2.14432e-05 0.000123818 
0.649121 0.023943 0.0318765 0.0415233 0.198682 0.0123872 0.0402163 0.000915734 0.00133448 
0.601539 0.13942 0.220875 0.0140983 0.00540531 0.000329528 0.0162835 0.000245571 0.00180391 
0.82656 0.045279 0.0568115 0.0133061 0.0239974 0.00474794 0.028538 0.000634225 0.000126159 
0.876569 0.0121716 0.000104833 0.00564221 0.000615751 9.41585e-05 0.104787 1.57015e-05 4.2952e-09 
0.45872 0.042538 0.0283437 0.450863 0.00875435 0.00122957 0.00934846 0.000202089 8.43568e-07 
0.850919 0.0653658 0.0324034 0.0335332 0.00298768 0.00185008 0.0104362 8.17151e-05 0.00242335 
0.953891 0.028389 0.00288436 0.000893247 0.000384474 0.00315244 0.0103041 6.51897e-05 3.66708e-05 
0.9152 0.0156166 0.0115092 0.00386459 0.000718186 0.0282645 0.0247792 4.73552e-05 2.94361e-07 
0.900092 0.0637475 0.00769953 0.00589215 0.000379297 0.014268 0.00782719 9.36929e-05 5.67417e-07 
0.786366 0.12214 0.00368906 6.55188e-05 0.033435 0.0391447 0.0147435 0.000140479 0.000276291 
0.953646 0.0268304 0.00312839 0.00397625 0.000831211 0.000650018 0.0108869 4.68454e-05 3.98197e-06 
0.954002 0.00286331 0.0287689 0.000179322 0.00513054 0.00334921 0.00497929 0.000236007 0.000491042 
0.451618 0.0601495 0.139704 0.0276834 0.00126565 0.00912193 0.149676 0.16073 5.18858e-05 
0.406822 0.0344795 0.0069629 0.226877 0.00867773 0.258467 0.0534948 0.00355847 0.000660901 
0.587765 0.00315829 0.0134648 0.323632 0.000435244 0.000232374 0.0712677 4.41927e-05 5.98944e-09 
0.43882 0.0560888 0.0517843 0.377476 0.00250716 0.0105525 0.0562338 0.00652113 1.61586e-05 
0.782358 0.0269349 0.0319992 0.016032 0.0135263 0.0182908 0.107869 0.000894175 0.0020956 
0.671973 0.197755 0.0232827 0.0845242 0.00327668 0.000316269 0.0188712 1.14887e-06 4.78882e-08 
0.751165 0.0226405 0.0386099 0.00101238 0.0611475 3.0653e-05 0.124955 3.42321e-07 0.000438828 
0.753357 0.0697263 0.0352479 0.073321 0.0197389 0.0314844 0.0167348 3.35677e-05 0.000356493 
0.742546 0.00822615 0.211927 0.0149925 0.00265761 0.0187422 0.000808527 1.50958e-05 8.55975e-05 
0.922543 0.00457583 0.0534942 0.0158704 0.00023169 0.00132272 0.00177743 1.17917e-05 0.000172998 
0.962352 8.11843e-05 2.17612e-06 1.94668e-05 1.38462e-05 2.63944e-05 0.0375039 1.30089e-06 1.65196e-10 
0.827416 0.0552538 0.0219214 0.002812 0.0193069 0.0434491 0.0297726 5.89584e-05 9.3135e-06 
0.588701 0.0742904 0.0541969 0.17346 0.0259096 0.0134743 0.0654726 0.00272794 0.00176794 
0.717244 0.0805173 0.0140564 0.00829959 0.00569402 0.0532335 0.11549 0.00539253 7.30279e-05 
0.404964 0.0452784 0.301066 0.159322 0.016994 0.0182876 0.048124 0.00512949 0.000834591 
0.916283 0.056631 0.00155298 0.000219486 0.0021752 0.0109053 0.0119657 0.000266774 1.52827e-07 
0.808254 0.0932612 0.0656717 0.00973071 0.00720128 0.00235359 0.0122546 0.00015499 0.00111752 
0.592911 0.0953927 0.148521 0.00153057 0.0319508 0.0133559 0.113523 9.93483e-05 0.00271621 
0.943576 0.00249204 0.01744 4.7614e-05 0.00723418 0.0264867 0.0023581 0.000165923 0.000199637 
0.411247 0.0411769 0.0358557 0.0258634 0.14885 0.0361756 0.298741 0.00207935 1.12639e-05 
0.894584 0.00315337 0.0248032 0.0165314 0.0236224 0.00362552 0.0147087 0.000266135 0.0187056 
0.550422 0.0757874 0.233007 0.115563 0.0161096 0.00190492 0.00707628 9.70317e-05 3.31268e-05 
0.618293 0.333277 0.00689717 0.00207715 0.000756497 0.0312879 0.00741175 1.18034e-08 8.57802e-13 
0.469618 0.0515952 0.0148645 0.239674 0.00972457 0.0178519 0.0334994 0.157444 0.00572797 
0.89096 0.00715031 0.00593948 0.0125926 0.00101831 0.000228552 0.0813175 7.87253e-05 0.000714058 
0.613271 0.0492334 1.99869e-05 0.287104 0.00160664 0.00599384 0.0426377 0.000132697 9.03151e-10 
0.394559 0.0269014 0.0758655 0.163196 0.0994364 0.00470376 0.227786 0.00550165 0.00205134 
0.542954 0.0891082 0.00226802 0.24433 0.0302248 0.000543432 0.0903899 0.000180791 6.19778e-07 
0.943148 0.0418448 9.15388e-06 0.0120151 0.0028961 8.6383e-05 1.16652e-07 6.07347e-09 7.71252e-13 
0.872114 0.00856671 0.0016052 0.000619839 0.011324 0.0268269 0.0754986 0.00343373 1.07634e-05 
0.956016 0.0272745 0.00254163 0.000984172 0.000695354 0.00415787 0.00814098 0.000121649 6.82256e-05 
0.775508 0.02163 0.0165313 0.136107 0.00421035 0.00716198 0.0346614 0.00258813 0.00160255 
0.820221 0.0731643 0.0414082 0.0308891 0.00265069 0.0172321 0.0135767 0.000833465 2.48611e-05 
0.422079 0.0369765 0.0382429 0.252092 0.000334873 0.0230218 0.227166 8.74223e-05 5.57161e-09 
0.868463 0.0289671 0.00163506 0.00472073 0.00523279 0.00217121 0.0881185 2.76548e-05 0.000663437 
0.613082 0.00102835 0.0250617 0.326706 0.000444319 0.0188048 0.006961 0.00786483 4.71672e-05 
0.482696 0.111899 0.0722182 0.282528 0.00796209 0.019249 0.0232242 6.21484e-05 0.000160848 
0.822482 0.0877266 0.0343617 0.0123502 0.000496373 0.01276 0.021909 0.00766649 0.000247256 
0.849522 0.11356 0.00650114 0.0219246 0.00101004 0.00224289 0.00517015 6.85281e-05 2.61251e-07 
0.74832 0.0792855 0.0747066 0.0318202 0.00458576 0.018004 0.0334021 0.00877598 0.00109995 
0.939433 0.0345671 0.000858461 0.000649348 0.0182211 0.000136561 0.00609411 4.07959e-05 4.34454e-08 
0.389817 0.151345 0.0121652 0.120942 0.300625 0.00677231 0.0158192 0.00251095 2.82747e-06 
0.419155 0.205479 0.0395444 0.18974 0.0100116 0.0349324 0.0649509 0.00657291 0.0296138 
0.452419 0.197529 0.0118913 0.0196355 0.0396837 0.00711924 0.271347 5.95627e-05 0.000316636 
0.648892 0.0279123 0.0163705 0.26536 0.00551538 0.00537034 0.0171636 0.0132841 0.000132657 
0.574436 0.0241569 0.0394123 0.272615 0.0156131 0.0215252 0.0240312 0.0273438 0.000867233 
0.747491 0.0904879 0.00741278 0.0613163 0.00645136 0.000970164 0.082726 0.000393773 0.00275038 
0.35894 0.00861266 0.0148686 0.201679 0.151026 0.0315932 0.123537 0.00360332 0.10614 
0.37318 0.152558 0.0774624 0.106705 0.0896644 0.0329829 0.13238 0.0348157 0.000252763 
0.765688 0.0883026 0.0719786 0.062116 0.00217539 0.00246502 0.00686146 4.32865e-05 0.000369228 
0.706672 0.0674287 0.0392295 0.0381065 0.00775551 0.0168073 0.0959582 0.0273488 0.000693723 
0.817525 0.0484675 0.0345619 0.00433457 0.00314803 0.0673524 0.0155316 0.00906198 1.71259e-05 
0.58484 0.071589 2.61938e-05 0.190791 0.021713 0.00109031 0.129951 3.16679e-07 1.12648e-10 
0.965106 0.0177173 5.54443e-07 2.05108e-07 1.53984e-08 1.49108e-07 0.0171756 4.14392e-12 9.99874e-12 
0.680156 0.166471 2.54423e-05 0.00290878 0.0922994 0.0406723 0.0174116 2.48741e-06 5.27877e-05 
0.510283 0.0740227 0.0179523 0.109603 0.00955329 0.0076156 0.245298 0.0237093 0.00196252 
0.404197 0.030328 0.32376 0.140786 0.0682148 0.013478 0.0188445 0.00029814 9.39773e-05 
0.979391 0.00643992 0.0038662 0.00038265 0.00107243 0.00578957 0.00294012 0.000117745 2.6606e-07 
0.845582 0.11859 6.26726e-09 2.6667e-08 0.000226709 0.0304505 0.00515046 9.47889e-10 3.3069e-07 
0.99389 0.00076391 0.00076384 0.000763897 0.000763732 0.000763841 0.000763853 0.000763753 0.000763437 
0.702345 0.018868 0.20243 0.0432463 0.00416295 0.00410103 0.0193892 0.00518434 0.000273121 
0.680667 0.05572 0.015545 0.182545 0.000207537 0.0506183 0.0146663 9.67094e-07 2.9834e-05 
0.811393 0.0150251 0.0310117 0.0546259 0.00158895 0.00429489 0.0814793 1.75332e-05 0.000563181 
0.869629 0.0786656 0.00919833 0.00874255 0.000990509 0.0152538 0.0116499 0.00586765 3.18854e-06 
0.825362 0.117032 0.00466485 0.0100096 0.00910219 0.00684768 0.0266426 3.57175e-05 0.000302803 
0.580198 0.0180034 0.205808 0.072807 0.00269275 0.00147583 0.086502 6.14524e-05 0.0324514 
0.39497 0.0461886 0.191135 0.319826 0.0014986 0.000707114 0.0452046 0.00046067 9.39214e-06 
0.397584 0.0862989 0.0244488 0.219417 0.0211917 0.166604 0.0674647 0.0111868 0.00580389 
0.767826 0.0241583 0.020437 0.117325 0.00266686 0.00359005 0.0631666 0.000786682 4.38809e-05 
0.867738 0.0609416 0.00639604 0.00779379 0.00568595 0.0203216 0.0306578 6.52708e-05 0.000400068 
0.926414 0.0599713 0.000410169 0.000337622 0.00021837 0.00877153 0.00386341 1.18649e-05 1.64243e-06 
0.81908 0.00493301 0.00118009 0.00323546 0.1406 0.00284033 0.0264976 0.00105333 0.000580755 
0.828498 0.0113595 0.0105746 0.133273 0.000528595 0.00304911 0.0121773 0.000532196 8.10097e-06 
0.532508 0.0790653 0.0874597 0.00677028 0.0199537 0.0133705 0.259513 4.1926e-05 0.00131743 
0.958851 0.00787818 0.000936829 0.0058728 0.00354906 0.000496362 0.0112429 0.0111706 1.96586e-06 
0.920317 0.00532407 0.00708895 0.000252347 0.00854093 0.048905 0.008325 0.00107959 0.000167319 
0.5367 0.0649921 0.000932412 0.0147142 0.113235 0.0564207 0.211494 0.00133074 0.00018128 
0.803166 0.0693447 0.00664139 0.0724633 0.00176788 0.0250584 0.0215503 8.13242e-06 3.27479e-07 
0.796765 0.0357231 0.000626243 0.123727 0.00129612 0.0331743 0.00862652 5.21113e-05 1.00002e-05 
0.555823 0.0643934 0.308547 0.0346599 0.00205033 0.0104472 0.0227258 0.00076593 0.000586733 
0.411758 0.403163 0.000437956 0.00318854 0.0609041 0.0590665 0.0614825 1.2547e-08 1.14032e-09 
0.810803 0.0385005 0.0288055 0.0028661 0.00177377 0.0947298 0.0134101 0.00909394 1.77739e-05 
0.782386 0.00572309 0.0132578 0.0899574 0.00594787 0.000649474 0.100372 0.000742948 0.000963805 
0.610643 0.137952 0.0169955 0.049526 0.00983468 0.0808823 0.0885383 0.00518508 0.000442984 
0.368927 0.0175251 0.00186628 0.196867 0.0589701 0.276597 0.051962 4.0558e-07 0.0272847 
0.493263 0.0088733 0.31544 0.157501 0.00176919 0.0212987 0.00183511 1.4707e-06 1.73037e-05 
0.695382 0.0222213 0.0295865 0.21545 0.00930606 0.0116279 0.016206 0.000219073 1.56293e-06 
0.396084 0.146552 0.00654353 0.0626835 0.0106279 0.0458615 0.329945 0.00162555 7.6293e-05 
0.421814 0.077985 0.0258366 0.315364 0.00331628 0.0355544 0.07623 0.0438756 2.43422e-05 
0.530878 0.154494 0.0268951 0.140858 0.0531032 0.0444368 0.0491491 0.000153875 3.22952e-05 
0.700615 0.0548631 0.00676778 0.0286762 0.0287295 0.0687446 0.111357 0.000246397 2.51011e-07 
0.358973 0.201161 0.127885 0.196698 0.0177433 0.0399117 0.05568 0.00020344 0.00174451 
0.55559 0.252996 0.0107946 0.0997787 0.00343993 0.0045305 0.07287 6.77577e-09 3.17929e-07 
0.598626 0.168179 0.000359476 0.154829 0.00083955 0.000535106 0.0765711 5.84944e-05 1.77012e-06 
0.767779 0.0148211 0.00452168 0.194711 0.009386 0.00350983 0.00497677 0.000116378 0.000178326 
0.57162 0.0956588 0.0511401 0.0489804 0.170642 0.0173467 0.0392676 0.00162876 0.00371644 
0.561614 0.053616 0.0014864 0.20352 0.00488535 0.035785 0.138518 0.000178068 0.000397049 
0.494268 0.00636686 0.0047691 0.0784496 0.00417153 0.00117212 0.112854 0.297947 9.62436e-07 
0.798208 0.136851 1.0486e-05 0.0185726 0.000816438 0.0223741 0.0231615 5.92751e-06 2.82842e-13 
0.644525 0.0910232 0.00445464 0.138603 0.0370296 0.00946731 0.0720208 8.88039e-05 0.0027875 
0.293149 0.138019 0.0113101 0.0847221 0.202271 1.95792e-05 0.269856 5.17877e-05 0.000600741 
0.843102 0.00425539 0.00450802 0.0602755 0.00328942 0.0103261 0.0068764 0.0673628 3.9971e-06 
0.751535 0.0276912 0.0184314 0.148093 0.000801331 0.0115817 0.0363673 0.00387311 0.00162678 
0.407927 0.227552 0.0867453 0.158171 0.00295199 0.0430963 0.0694273 0.00412871 4.15606e-08 
0.924895 0.0122156 0.026692 0.000736779 0.000756032 0.0115867 0.0230062 1.64972e-05 9.51221e-05 
0.792123 0.0703638 0.0133865 0.00759385 0.00958427 0.0801778 0.0267243 4.08718e-05 5.57677e-06 
0.855282 0.0365345 0.0110559 0.0317575 0.00441248 0.0132452 0.0446658 0.00263569 0.000411122 
0.713223 0.0551454 0.0278028 0.0878313 0.00418501 0.0018464 0.109093 0.000869351 3.5084e-06 
0.679817 0.175627 0.0631821 0.0147425 0.00193927 0.0262254 0.0383887 4.58748e-05 3.16223e-05 
0.608535 0.00117824 0.0201065 0.0540677 0.013943 0.00203542 0.256294 0.0436854 0.000154842 
0.775801 0.0234085 0.00685194 0.165329 0.00476651 0.00106184 0.022766 1.38465e-05 1.12986e-06 
0.72009 0.0386443 0.0719696 0.111341 0.0272406 0.0100395 0.0109382 0.00858482 0.00115213 
0.45998 0.0491465 0.00820192 0.222004 0.0142514 0.0135508 0.232866 2.4826e-07 2.11101e-08 
0.541585 0.0625123 0.02359 0.294613 0.0203995 0.0126007 0.0414894 0.00179119 0.00141911 
0.413134 0.356203 0.00657264 0.0396902 0.00255703 0.119438 0.0621138 0.000129718 0.000161785 
0.634639 0.0166126 0.0173064 0.285285 0.0101431 0.00929533 0.0230464 0.0021417 0.00153069 
0.698091 0.229121 0.00964724 0.010625 0.0114031 0.00453754 0.0344793 0.00209429 1.05708e-06 
0.676532 0.0472039 0.128176 0.0853858 0.00562233 0.00298838 0.0518939 0.00219758 3.06263e-07 
0.599012 0.0579919 0.179636 0.0998977 0.0133956 0.0412869 0.00778229 0.000538872 0.000459558 
