0.379356 0.0208884 0.00267572 0.351295 0.03049 0.00965329 0.183249 0.0219542 0.000437756 
0.619063 0.152407 0.0681352 0.0752489 0.0162338 0.0330238 0.0332487 0.000221391 0.00241807 
0.826513 0.0424667 0.0160317 0.00928082 0.000272725 0.0425282 0.062907 3.77815e-08 9.89541e-09 
0.887219 0.0554768 0.00192701 2.03649e-05 0.000295504 0.0510325 0.00396676 5.57111e-05 5.91048e-06 
0.346016 0.0642543 0.0572861 0.0515128 0.156858 0.00556452 0.314283 0.00395068 0.000275123 
0.378479 0.156903 0.107607 0.141642 0.0155552 0.000929803 0.198482 8.9638e-05 0.000311902 
0.748188 0.102762 0.00962194 0.0464143 0.0169493 0.0038918 0.0718606 6.79729e-06 0.000304899 
0.893506 0.0170287 0.0290943 0.00248876 0.014494 0.001809 0.0320268 0.000250009 0.00930228 
0.96309 0.013373 0.00170607 0.000345025 4.90583e-08 0.000221359 0.0196972 0.0015676 5.99362e-12 
0.468102 0.051108 0.00124868 0.0112074 0.00851409 0.00161093 0.458178 3.34712e-08 3.02514e-05 
0.284299 0.0911402 0.0456874 0.0978162 0.245893 0.0115187 0.223174 0.00039802 7.30008e-05 
0.890434 0.0617484 0.023806 0.00166255 0.00046868 0.00526013 0.0161993 3.32081e-05 0.000387247 
0.630151 0.152999 0.0120038 0.0075002 0.0091019 0.154894 0.0330752 0.000164561 0.000110169 
0.52478 0.0694242 0.00252081 0.0462575 0.0451981 0.0852911 0.226196 0.000188349 0.000143921 
0.579377 0.0915751 0.0352846 0.0976293 0.0223108 0.0220844 0.149671 0.00116981 0.000897704 
0.953891 0.028389 0.00288436 0.000893247 0.000384474 0.00315244 0.0103041 6.51897e-05 3.66708e-05 
0.697225 0.136921 0.0219992 0.0385464 0.021355 0.0502524 0.033141 0.000396302 0.000163423 
0.455356 0.0148636 0.140487 0.298066 0.0250673 0.0119506 0.0524308 9.44192e-05 0.00168366 
0.510385 0.0342566 0.00195704 0.16071 0.00132819 0.0180472 0.271647 0.00166847 4.70524e-09 
0.385036 0.0245507 0.02019 0.370996 0.00351435 0.000362059 0.189004 0.000127831 0.00621894 
0.779733 0.0278297 0.0155541 0.0298889 0.0135856 0.0584561 0.0717756 0.0021472 0.00103005 
0.776868 0.0480368 0.000487502 0.154916 0.00190208 0.00854199 0.00762659 2.5184e-06 0.00161883 
0.968987 0.00770909 0.00591228 0.00438402 0.0101638 1.22545e-06 0.0027983 1.27014e-05 3.17765e-05 
0.363494 0.0383855 0.0993419 0.219554 0.0011177 0.00773484 0.257109 0.00849302 0.00477032 
0.59141 0.00459885 0.00297639 0.273242 0.0437633 0.000764671 0.0832381 6.35101e-06 3.26805e-10 
0.920317 0.00532407 0.00708895 0.000252347 0.00854093 0.048905 0.008325 0.00107959 0.000167319 
0.84791 0.00814755 0.0976324 0.0036429 0.000727609 0.0254392 0.0164111 8.33362e-05 5.69121e-06 
0.790362 0.0933146 0.0160019 0.022986 0.0341254 0.0129477 0.0296645 0.000446002 0.000151711 
0.669246 0.0590643 0.00342434 0.0795744 0.00421119 0.133115 0.0505887 0.00077555 1.19248e-07 
0.793598 0.0453602 0.0153492 0.0440533 0.0502516 0.0163316 0.0129956 0.0210462 0.00101462 
0.738512 0.0493331 0.0102432 0.110723 0.0125127 0.00107846 0.0775487 3.07349e-05 1.82507e-05 
0.415353 0.14599 0.00236735 0.0422989 0.0143818 0.11497 0.264545 9.45378e-05 1.08704e-11 
0.688488 0.081866 0.00782912 0.00826375 0.0242228 0.0233064 0.165202 0.000242219 0.000579459 
0.778961 0.0904364 0.0198819 0.0752669 0.0144057 0.012671 0.00743735 0.000305795 0.000634284 
0.340995 0.00565787 0.32681 0.0155031 0.135619 0.00217714 0.0779204 0.0930187 0.00229961 
0.289228 0.0731266 0.114169 0.283895 0.0462208 0.00559972 0.16714 0.0112566 0.0093638 
0.841627 0.0989085 0.00379223 0.00496548 0.00358424 0.0292158 0.0178411 6.58197e-05 6.43266e-10 
0.717379 0.0342898 0.00379019 0.0485684 0.105497 0.0134098 0.075534 0.00148114 5.03127e-05 
0.55482 0.0242409 0.0608078 0.312973 0.00148424 0.0100422 0.0292318 0.00631427 8.61437e-05 
0.639119 0.0156991 0.0104871 0.00413194 0.271513 4.74764e-12 0.0573174 0.000863748 0.000868566 
0.532167 0.119526 0.0259992 0.229501 0.00209358 0.0207143 0.069384 1.2225e-06 0.000614856 
0.836946 0.0541118 0.0202506 0.0186469 0.00214513 0.0250926 0.00882438 0.0339428 3.97037e-05 
0.382472 0.182179 0.00131339 0.0455972 0.131007 0.0234082 0.233386 0.000213501 0.000424431 
0.591655 0.215629 0.0158631 1.13876e-05 0.0170476 0.0210928 0.0839123 5.75387e-05 0.0547309 
0.783846 0.0775358 0.0102664 0.0241813 0.0492571 0.00144443 0.0531276 4.52472e-05 0.00029646 
0.646753 0.083185 0.0404057 0.183232 0.00154067 0.00213563 0.0261551 0.012389 0.00420376 
0.5861 0.0416897 0.139981 0.206878 0.00400333 0.0100782 0.0111295 0.000102032 3.79347e-05 
0.431082 0.0651185 0.0278668 0.41992 0.0198311 0.00190844 0.0267075 8.01823e-05 0.00748645 
0.73503 0.017643 0.00811869 0.108275 0.00247828 0.0866935 0.0276927 0.0130159 0.00105224 
0.304009 0.16683 0.157743 0.157264 0.102023 0.00226542 0.109861 2.72816e-06 1.62883e-06 
0.769435 0.048804 0.0247386 0.121338 0.000909268 0.00489585 0.0209377 0.00888929 5.19118e-05 
0.942466 0.0310181 0.0145175 0.000188355 0.00071598 0.00549996 0.0055662 2.1495e-05 6.14648e-06 
0.539481 0.0298185 0.339299 0.0689249 0.00133202 0.00478585 0.015809 0.000518768 3.08765e-05 
0.626049 0.0704066 0.0294874 0.218801 0.0121689 0.0160498 0.0255134 0.00117873 0.000344365 
0.814814 0.0609633 0.00213851 0.0307942 0.00315632 0.0705701 0.0174509 2.445e-06 0.000110209 
0.336755 0.198666 0.0347709 0.0741453 0.301706 0.00419807 0.0476503 0.000346205 0.00176225 
0.887219 0.0554768 0.00192701 2.03649e-05 0.000295504 0.0510325 0.00396676 5.57111e-05 5.91048e-06 
0.560837 0.280091 0.00455816 0.0888588 1.42327e-07 2.62281e-06 0.0656521 9.1102e-08 4.25772e-10 
0.732606 0.0476731 0.0599209 0.0736946 0.00674602 0.0353804 0.0438552 8.65791e-05 3.68666e-05 
0.621829 0.0591352 0.00553767 0.0586117 0.0345522 0.000526609 0.219302 0.000281553 0.000223817 
0.784685 0.0456445 0.0269939 0.0599282 0.0132653 0.00395929 0.0608494 8.29129e-05 0.00459152 
0.766675 0.0050395 0.0202436 0.00410951 0.0872844 0.0106651 0.104546 0.000333323 0.00110369 
0.609832 0.215995 0.00740322 0.0488583 0.000858512 0.0113657 0.103425 3.6986e-05 0.00222456 
0.493265 0.209782 0.144172 0.0520877 0.00159355 0.000225643 0.0981736 0.000700001 4.2156e-10 
0.57417 0.0341703 0.0100684 0.253959 0.00471699 0.00558967 0.101151 0.0161749 3.8808e-09 
0.699357 0.0497498 0.0411188 0.192209 0.000180148 0.00400738 0.00538989 2.20874e-05 0.00796586 
0.685745 0.0351444 0.0573991 0.0773275 0.0348449 0.000494384 0.106067 0.000157597 0.00282067 
0.429145 0.00281867 0.361815 0.019285 0.0262876 6.55781e-05 0.120608 5.95691e-07 0.0399746 
0.322046 0.264459 0.0229074 0.0350682 0.118324 0.0242561 0.212722 0.000216877 8.51239e-07 
0.615662 0.0238152 0.0231667 0.265941 0.0243593 0.00494016 0.0420859 2.99305e-05 4.5452e-09 
0.649116 0.0665867 0.0284845 0.0588702 0.0419632 0.0018027 0.0223681 1.90365e-05 0.13079 
0.728249 0.03988 0.0958009 0.0195406 6.88577e-07 0.000568458 0.115959 2.01036e-08 1.22185e-06 
0.571164 0.0295964 0.219235 0.0923805 0.0226781 0.0161791 0.0442654 0.000191491 0.00431002 
0.745613 0.0111836 0.0119892 0.193318 0.00933481 0.00534577 0.022676 0.000493551 4.61276e-05 
0.833317 0.0613299 0.00013673 0.0268818 0.00639715 0.0118831 0.0600523 1.31327e-07 2.0305e-06 
0.898933 0.000181745 0.00033199 0.100227 8.89748e-06 0.000201289 0.000116039 7.41627e-08 2.51482e-08 
0.767524 0.0837513 0.0202242 0.00788274 0.000914283 2.2951e-05 0.0235115 0.0961692 1.92475e-11 
0.748363 0.0867299 0.0250374 0.0554704 0.020463 0.0326961 0.029553 0.00135332 0.000333565 
0.486619 0.183817 0.154565 0.0513105 0.00435538 0.0152842 0.10278 0.000574826 0.000695007 
0.906857 0.0424381 0.00983357 0.0153848 0.00380543 0.00064407 0.0199541 0.00108036 2.41947e-06 
0.581214 0.00546367 0.0094986 0.385212 0.000704222 0.0153122 0.00258548 5.25535e-06 4.77038e-06 
0.495522 0.124786 0.0142014 0.0482797 0.028651 0.0402277 0.246565 0.0017388 2.81542e-05 
0.678518 0.0620871 0.0404633 0.00884961 0.00734538 0.167566 0.0220247 0.0105215 0.00262404 
0.579228 0.0845857 0.00717787 0.150564 0.0418041 0.0099184 0.126644 4.9022e-05 2.83747e-05 
0.945873 0.0178019 0.0116714 0.00839625 0.00396249 0.000995048 0.011209 8.76099e-09 9.1076e-05 
0.901351 0.0463178 0.00732882 0.00867644 0.000318374 0.0340184 0.00190926 7.58182e-05 4.41027e-06 
0.730776 2.7768e-06 0.0597462 0.208964 6.39861e-08 4.07993e-06 0.000438221 1.02942e-06 6.71793e-05 
0.653029 0.0146107 0.0561737 0.216128 0.0223585 0.0119316 0.0198163 0.00568032 0.000271222 
0.947518 0.0401676 0.00333471 0.000277545 0.000131036 0.00535262 0.00320574 7.12136e-06 5.72242e-06 
0.834616 0.00744574 0.0388874 0.027383 0.0298852 0.001772 0.0493521 0.00697757 0.00368051 
0.544815 0.0904489 0.0227467 0.169893 0.00769643 0.0355117 0.128816 4.15443e-05 3.06174e-05 
0.790558 0.108916 0.0275802 0.0123244 0.0471002 0.00803517 0.00509146 0.000394258 7.0361e-07 
0.51604 0.211011 0.0084109 0.030285 0.0167327 0.0798282 0.135925 0.000122445 0.00164502 
0.622484 0.0231649 0.0258626 0.204682 0.0191027 0.0437058 0.0476636 0.0129633 0.0003712 
0.742288 0.0032404 0.0083868 0.0223667 0.00637366 0.0026625 0.0386937 0.175979 8.6227e-06 
0.625168 0.0198987 0.0990442 0.216553 0.0153364 0.00450642 0.0190494 0.000274994 0.000168441 
0.687434 0.00329359 0.0189323 0.151705 0.00306921 0.0341238 0.0653871 0.0357277 0.000326331 
0.939433 0.0345671 0.000858461 0.000649348 0.0182211 0.000136561 0.00609411 4.07959e-05 4.34454e-08 
0.599944 0.186435 0.00794079 0.0411452 0.00284206 0.0179421 0.142649 0.000639615 0.000461803 
0.861426 0.024671 0.0330263 0.0183608 0.00406924 0.0453731 0.0125238 6.26483e-05 0.000487305 
0.687434 0.00329359 0.0189323 0.151705 0.00306921 0.0341238 0.0653871 0.0357277 0.000326331 
0.893787 0.0256745 0.00142442 0.000972089 0.00200731 0.0708074 0.0052548 7.27048e-05 2.14403e-08 
0.728309 0.112488 0.00107791 0.099414 0.0254048 0.00563532 0.0276509 2.03409e-05 4.43038e-09 
0.470281 0.0714579 0.00867272 0.000620205 0.17186 0.00467308 0.270735 0.00149282 0.000207795 
0.920299 0.0144184 0.00707798 0.00437812 0.00517478 0.00742176 0.0290475 0.012182 1.95309e-07 
0.432842 0.0207661 0.314608 0.129003 0.0168009 0.00379067 0.0716259 0.00947792 0.00108503 
0.441676 0.00188148 0.286143 0.00656833 0.00723718 0.00163928 0.0668047 0.0522165 0.135834 
0.40605 0.0944324 0.0192707 0.0871039 0.0596504 0.147782 0.181893 0.00381695 2.05116e-07 
0.796765 0.0357231 0.000626243 0.123727 0.00129612 0.0331743 0.00862652 5.21113e-05 1.00002e-05 
0.309158 0.163552 0.248752 0.113354 0.00101552 0.00126046 0.161349 5.0474e-06 0.00155368 
0.516965 0.0605511 0.282235 0.090105 0.00100308 0.00234505 0.0275568 0.00704123 0.012197 
0.607996 0.00741015 0.0156694 0.00946471 0.334518 0.00634596 0.0132555 0.00265966 0.00268104 
0.460402 0.00418293 0.00469358 0.0218895 0.277481 0.000389794 0.230385 0.000129621 0.000446694 
0.892339 0.0161681 0.00577104 0.0211365 0.00405114 0.00492425 0.0509006 0.00470477 4.19351e-06 
0.531385 4.75274e-06 0.468582 4.75266e-06 4.75163e-06 4.75231e-06 4.75238e-06 4.75176e-06 4.74979e-06 
0.896211 0.0146812 0.0373237 0.0466581 1.13773e-06 1.13789e-06 0.00512172 1.13776e-06 1.13729e-06 
0.887219 0.0554768 0.00192701 2.03649e-05 0.000295504 0.0510325 0.00396676 5.57111e-05 5.91048e-06 
0.817648 0.0227178 0.0299967 0.0375843 0.00366782 0.0340962 0.012351 0.0418597 7.82335e-05 
0.779228 0.052405 0.00252188 0.139468 0.000222561 0.018629 0.0059458 0.00157919 2.79149e-07 
0.734551 0.0540679 0.0130685 0.140265 0.00402989 0.0107564 0.0321885 0.0110685 4.71368e-06 
0.505543 0.133627 0.0259171 0.0777955 0.0151927 0.082481 0.129954 0.00164859 0.0278409 
0.857325 0.0532719 0.0371173 0.00165946 0.0123939 0.00474954 0.0328433 0.000124867 0.000514992 
0.781746 0.0220101 0.0932258 0.0315791 0.0196156 0.0226083 0.0278059 0.000173566 0.00123588 
0.360327 0.34855 0.0888049 0.0658219 0.0227181 0.0190476 0.0934812 5.34954e-05 0.00119541 
0.592365 0.0181204 0.00717668 0.189161 0.0102383 0.00126252 0.173794 0.0078777 5.62724e-06 
0.792983 0.102475 0.0301808 0.0673168 0.00033397 0.000308436 0.00640227 7.00779e-09 6.43019e-12 
0.710563 0.0464481 0.0133449 0.111562 0.00624685 0.0377889 0.0729533 0.000300288 0.000793387 
0.810168 0.0306956 0.0796483 0.0214137 0.00363978 0.013927 0.0404412 5.06336e-05 1.56244e-05 
0.31271 0.142808 0.0766435 0.303876 0.00582759 0.00864639 0.14272 0.00664528 0.000123103 
0.984376 0.00058351 0.00800892 0.00689408 1.34341e-11 7.34916e-12 0.000137739 1.22957e-11 2.96678e-11 
0.77957 0.077672 0.0260872 0.000555678 0.00145217 6.36684e-07 0.114662 5.63276e-07 2.95394e-10 
0.712831 0.187448 0.00674728 0.0576061 0.00292245 0.0185806 0.0138581 9.35322e-07 5.67787e-06 
0.822482 0.0877266 0.0343617 0.0123502 0.000496373 0.01276 0.021909 0.00766649 0.000247256 
0.438689 0.0801774 0.0149331 0.268039 0.0624926 0.010878 0.0416632 0.00226674 0.0808616 
0.460503 0.0167299 0.0421711 0.441204 0.0167451 0.00140886 0.0152352 0.000168698 0.00583424 
0.794084 0.0668093 0.0258766 0.000693 0.0213184 0.0608284 0.0302944 8.25243e-05 1.30246e-05 
0.553433 0.138843 0.0138319 0.0823301 0.000546368 0.125262 0.0636149 0.0221354 3.70283e-06 
0.461861 0.0151746 0.000903125 0.0311911 0.371302 0.0168254 0.070387 0.0323553 8.07941e-07 
0.513838 0.141926 0.16073 0.0857248 0.00962445 0.0149524 0.0538697 0.0182692 0.00106493 
0.696076 0.108456 0.0118611 0.1136 0.00668263 0.0504392 0.0121066 0.00017898 0.000600254 
0.650765 0.0532712 0.0218955 0.0256852 0.078547 0.0257439 0.140846 0.00209344 0.00115232 
0.862201 0.00548219 0.0113427 0.0531799 0.00161351 0.000848827 0.00178084 0.0635476 3.0055e-06 
0.479721 0.0153982 0.132852 0.225051 0.0445172 0.000469356 0.0930354 4.37439e-06 0.00895129 
0.665415 0.0702641 0.00653317 0.00120156 0.128612 0.00886294 0.118 0.000475795 0.00063535 
0.759304 0.0156622 0.0312977 0.159634 0.000667952 0.000602011 0.0328199 1.25992e-05 1.95081e-12 
0.918578 0.00677974 0.0110869 0.000762309 0.00662832 0.0486234 0.00622423 0.0012413 7.60832e-05 
0.875692 0.0231907 0.00745944 0.0125159 0.0428793 0.00270534 0.0273586 0.00103746 0.00716138 
0.887219 0.0554768 0.00192701 2.03649e-05 0.000295504 0.0510325 0.00396676 5.57111e-05 5.91048e-06 
0.342396 0.0759728 0.0331274 0.0422007 0.198713 0.0322247 0.210096 0.0168121 0.0484572 
0.654543 0.127001 0.0237911 0.0208231 0.024026 0.0322554 0.115461 0.000829498 0.00127055 
0.693273 0.0571821 0.0114356 0.126812 0.0136402 0.0303735 0.0536322 0.0136206 3.10387e-05 
0.794084 0.0668093 0.0258766 0.000693 0.0213184 0.0608284 0.0302944 8.25243e-05 1.30246e-05 
0.391286 0.0901088 0.0643526 0.174443 0.0211903 0.00494644 0.185738 0.0652763 0.00265902 
0.669685 0.00472798 0.0910982 0.127296 0.00316872 0.00013304 0.0996474 0.000797582 0.00344601 
0.569368 0.0335111 0.0166297 0.0756998 0.133681 7.68879e-05 0.169164 4.79954e-05 0.00182154 
0.737112 0.0559093 0.00123151 0.155203 0.00246609 0.0155282 0.0315311 0.000437974 0.000580925 
0.454673 0.448261 1.02431e-06 0.00410261 7.06993e-05 0.00339236 0.0894997 2.61134e-12 6.30083e-12 
0.859018 0.0300837 0.0180118 0.0203245 0.00256275 0.0155732 0.0491229 0.00529752 5.98231e-06 
0.816037 0.0264448 0.0500864 0.0520553 0.0267155 0.0257535 0.00279588 3.7169e-05 7.40248e-05 
0.862169 0.0441178 0.000678004 0.0294707 0.00021768 0.0517122 0.0116069 2.80195e-05 2.852e-08 
0.75112 0.0712129 0.00540388 0.00511388 0.0140463 0.0343311 0.0985781 0.0179342 0.00226 
0.476877 0.02249 0.0593889 0.381097 0.000804705 0.003667 0.0399741 0.000960198 0.0147408 
0.496934 0.00820612 0.296027 0.163129 0.00240382 0.0311439 0.00211794 1.29641e-06 3.75956e-05 
0.55859 0.0399925 0.111855 0.185571 0.0190694 0.0208793 0.0544407 0.00337626 0.00622561 
0.939232 0.0037874 0.0183771 0.0079337 0.00889771 0.0165875 0.00405272 0.000128775 0.0010031 
0.888561 0.00185587 0.0283632 0.0774595 1.35687e-05 0.000755715 0.00296194 2.83348e-09 2.9115e-05 
0.920299 0.0144184 0.00707798 0.00437812 0.00517478 0.00742176 0.0290475 0.012182 1.95309e-07 
0.748706 0.143718 0.000869591 0.0134883 0.00949362 4.28027e-05 0.0834575 0.000223049 7.21218e-07 
0.407269 0.275605 0.0174258 0.261244 0.00247927 0.00856179 0.0273299 8.44362e-05 1.19105e-07 
0.441912 0.0837275 0.0525422 0.127808 0.188576 0.00105981 0.102627 0.00141713 0.000330158 
0.697369 0.00255526 0.2055 0.0739761 0.00956655 8.63044e-05 0.00991637 0.000663332 0.000367372 
0.86421 0.0482703 0.0282191 0.016121 0.00264269 0.00701656 0.0259837 0.00747263 6.4104e-05 
0.486342 0.0737558 2.72397e-07 0.0782791 4.22244e-05 0.263316 0.0944673 0.00379507 1.41564e-06 
0.40477 0.00292497 0.310766 0.0986726 0.173387 0.00915979 0.000245642 7.42734e-05 1.90956e-07 
0.857917 0.0360169 0.0598784 0.0146873 0.00191367 0.00119434 0.0261135 0.000488551 0.0017903 
0.896211 0.0146812 0.0373237 0.0466581 1.13773e-06 1.13789e-06 0.00512172 1.13776e-06 1.13729e-06 
0.912637 0.000170968 0.0635221 0.00180153 0.00375382 2.58389e-05 0.0154187 0.000197635 0.00247197 
0.788087 0.118318 0.0278871 0.0118728 0.00256493 0.0228277 0.0276317 0.000810639 1.95602e-07 
0.496301 0.0742763 0.0891443 0.334676 0.000418925 0.00174543 0.00302456 0.00024064 0.000172994 
0.810411 0.0231927 0.0421926 0.077098 0.00780211 0.0213354 0.0132319 0.00363259 0.00110412 
0.908495 0.0159336 0.00758903 0.00597656 0.00455577 0.0103257 0.0391211 0.00800346 2.9219e-07 
0.758909 0.0110128 0.00265129 0.0646443 0.0607296 1.4337e-06 0.101704 0.000347041 8.03732e-12 
0.953891 0.028389 0.00288436 0.000893247 0.000384474 0.00315244 0.0103041 6.51897e-05 3.66708e-05 
0.752985 0.149161 0.00185706 0.0455203 0.000668055 0.0115738 0.037958 3.22363e-06 0.000273633 
0.686746 0.0535837 0.205932 0.0270843 0.00198348 0.0159167 0.0057362 0.00300197 1.53183e-05 
0.876605 0.0510947 0.0163566 0.00963891 0.00195862 0.0253548 0.0140784 0.00490627 6.64491e-06 
0.549394 0.12762 0.0476767 0.204531 0.0037285 0.0113058 0.0363994 0.0193441 9.21165e-07 
0.465101 0.170054 0.00656918 0.128914 0.00433093 0.0762155 0.145645 0.000606106 0.0025629 
0.832547 0.0101565 0.069106 0.0408203 0.00383988 0.0131964 0.0299761 0.000342275 1.50039e-05 
0.897399 0.0200595 0.0223277 0.0348967 0.00136601 0.000717627 0.0195504 0.00368311 8.3305e-08 
0.480351 0.101645 0.0102711 0.00183263 0.247644 0.00644722 0.142445 0.00380905 0.00555479 
0.63343 0.169946 0.0178925 0.171123 0.00585957 0.000346082 0.00135296 4.35264e-05 5.74963e-06 
0.732678 0.12601 0.00600599 0.0632655 0.0166716 0.00432492 0.0249983 0.0259996 4.58541e-05 
0.348928 0.0531189 0.112104 0.310386 0.0227962 0.0238476 0.120193 0.00845966 0.000166057 
0.939492 0.0146391 0.0051441 0.00270683 0.00243964 0.0128891 0.0209459 0.00174265 3.56673e-07 
0.927929 0.00659342 0.000110233 0.00057741 0.000228385 0.000213754 0.064343 4.60403e-06 5.51567e-07 
0.74939 0.0430914 0.0199679 0.132614 0.013374 9.55357e-07 0.0415595 9.55247e-07 9.54851e-07 
0.380721 0.173345 0.0164497 0.354656 0.0184375 0.00856306 0.0146845 0.0330076 0.000135242 
0.61215 0.0123379 0.0120113 0.343568 0.000175243 0.000347035 0.0185332 0.000853818 2.30806e-05 
0.851383 0.106345 0.0014951 0.00294812 0.000369897 0.000383433 0.0370311 7.14545e-06 3.76566e-05 
0.920837 0.0357258 0.00784172 0.00124049 0.00224692 0.0251593 0.00640728 6.18354e-05 0.000479515 
0.716581 0.0274133 0.0568 0.158699 0.00996122 0.0144814 0.0132568 7.5225e-05 0.00273257 
0.894584 0.00315337 0.0248032 0.0165314 0.0236224 0.00362552 0.0147087 0.000266135 0.0187056 
0.852913 0.0295751 0.0107652 0.0113984 0.00200445 0.0361414 0.0568881 0.000295549 1.88277e-05 
0.705909 0.119241 0.0191018 0.0594838 0.00616691 0.00222874 0.0878325 3.20565e-05 3.8349e-06 
0.551506 0.0468298 0.00546422 0.366751 0.00277346 0.00905687 0.0167242 4.28069e-07 0.000893861 
0.296851 0.137334 0.0121166 0.0797002 0.183971 0.02097 0.267872 0.00021266 0.000971825 
0.678518 0.0620871 0.0404633 0.00884961 0.00734538 0.167566 0.0220247 0.0105215 0.00262404 
0.75495 0.113016 0.000335095 0.0144343 0.0303763 0.00556612 0.0812528 1.12892e-05 5.83285e-05 
0.305964 0.196017 0.0122027 0.0568693 0.0929385 0.0924679 0.242486 0.000807698 0.000247245 
0.72826 0.00488858 0.00349396 0.248228 8.05122e-05 0.00454003 0.010432 2.44183e-05 5.20097e-05 
0.748216 0.0445036 0.0247264 0.0102176 0.0286512 0.00428426 0.13222 0.0071668 1.45675e-05 
0.525839 0.240763 4.93164e-06 0.0389715 0.0692283 0.00142756 0.123766 1.13879e-07 2.74775e-07 
0.637062 0.0511307 0.00355994 0.0359779 0.0122692 0.00518082 0.238312 0.0164568 5.13356e-05 
0.954278 0.000678433 0.0276155 0.000672771 0.0051314 5.36342e-05 0.00539392 0.000166028 0.00601079 
0.586445 0.00452502 0.00883983 0.386274 0.000567755 0.0108685 0.00247755 1.54032e-06 4.15761e-07 
0.775996 0.0594552 0.11337 1.93177e-05 1.1958e-06 9.66541e-07 0.0511554 1.34962e-06 7.41776e-11 
0.947518 0.0401676 0.00333471 0.000277545 0.000131036 0.00535262 0.00320574 7.12136e-06 5.72242e-06 
0.883985 0.0291717 0.0300532 0.022426 0.0166778 0.00669447 0.00308021 0.000270605 0.00764086 
0.443566 0.0454127 0.00323572 0.363622 0.0225041 0.0475485 0.061504 0.0125992 7.55372e-06 
0.322273 0.125376 0.0263815 0.0749353 0.143995 0.0197682 0.27558 0.00195059 0.00973994 
0.937317 0.0117787 0.00348104 0.0175542 0.00151507 0.00362502 0.024584 2.14432e-05 0.000123818 
0.490104 0.103933 0.17397 0.108448 0.00523282 0.0175504 0.10068 7.78304e-05 2.71055e-06 
0.786238 0.0737742 0.00364089 0.0193655 0.00430301 0.00366645 0.107882 3.31912e-06 0.00112641 
0.736673 0.0571852 0.018558 0.119309 0.0146312 0.0288337 0.0212851 0.00348948 3.52875e-05 
0.503987 0.0927371 0.0579757 0.175684 0.049918 0.0287593 0.090675 0.000151485 0.000112322 
0.942436 0.0339462 0.000899921 0.00555269 0.00332065 0.000327213 0.0125011 0.0010166 3.37415e-08 
0.648814 0.0127684 0.277358 0.0125725 0.000770669 0.00156492 0.0461514 3.60684e-08 7.09895e-07 
0.600366 0.165158 0.0205024 0.0327096 0.000552134 0.101549 0.079147 9.19842e-06 7.20879e-06 
0.354241 0.0123194 0.074159 0.272069 0.00140615 0.0456967 0.232984 0.000808111 0.00631716 
0.508878 0.0188855 0.0010905 0.351243 0.0122689 0.00184214 0.102499 3.97326e-05 0.00325278 
0.735122 0.131965 0.0192662 0.0387773 0.00390506 0.0036218 0.0234686 0.0438712 2.34155e-06 
0.621162 0.0856123 0.0204471 0.178227 0.0148865 0.0390182 0.0252777 0.0140423 0.00132691 
0.812701 0.0138982 0.00582613 0.120726 0.00407921 0.00384655 0.0386259 0.000163691 0.000132967 
0.491794 0.125267 0.0157376 0.0752948 0.0106665 0.012902 0.16815 0.0832745 0.0169142 
0.933676 0.00639056 0.0117093 0.0410605 0.000194907 0.000815012 0.00614381 9.73987e-06 1.09291e-07 
0.724176 0.0607344 0.011009 0.10477 0.0278362 0.02016 0.0447381 0.00349204 0.00308441 
0.484992 0.211622 0.0528557 0.0640963 0.0697942 0.0132879 0.103352 2.90098e-07 6.92179e-08 
0.956613 0.00657331 0.00929453 0.00110906 0.00472142 0.0181136 0.00320098 0.00034519 2.93469e-05 
0.49469 0.189658 0.0123219 0.060958 0.0165519 0.067447 0.152874 0.000487444 0.00501211 
0.664229 0.00176599 0.00940074 0.206169 0.00101011 0.0116919 0.102516 0.00310296 0.000113629 
0.532397 0.0459607 0.0797336 0.168359 0.0079457 0.0269778 0.138118 0.000106083 0.000402664 
0.774419 0.0857318 0.000785603 0.11919 0.00455228 0.000918074 0.0143953 6.58089e-06 9.28146e-07 
0.827163 0.0107211 0.0200315 0.0568219 0.010141 0.00140484 0.0727495 0.000379801 0.000587815 
0.94832 0.019274 0.0114897 0.00628019 0.00651287 0.00172814 0.00588837 7.35854e-05 0.000433412 
0.908495 0.0159336 0.00758903 0.00597656 0.00455577 0.0103257 0.0391211 0.00800346 2.9219e-07 
0.855064 0.0112061 0.0110986 0.00647299 0.0065627 0.00877084 0.0240626 0.0767039 5.85277e-05 
0.689325 0.0517483 0.0225986 0.0769434 0.0208446 0.00520211 0.13286 0.00015924 0.000318155 
0.711427 0.00256097 0.00109538 0.138929 0.0582967 0.00168743 0.0850937 0.000528831 0.000381552 
0.916283 0.056631 0.00155298 0.000219486 0.0021752 0.0109053 0.0119657 0.000266774 1.52827e-07 
0.598907 0.00831388 0.0119272 0.0395597 0.0190154 0.010308 0.309555 3.35032e-05 0.00238007 
0.486541 0.0371009 0.0261444 0.381595 0.0200924 0.0177974 0.0247571 0.00481356 0.00115894 
0.451183 0.0110674 0.00266777 0.249876 0.00253549 0.00798469 0.274493 0.000176104 1.64216e-05 
0.744274 0.0675924 0.000159582 0.0165187 0.0215046 0.0119446 0.134819 0.0031859 1.42325e-06 
0.809068 0.146433 0.0300065 0.00291595 0.00555062 0.00134022 0.00468507 6.22485e-07 2.05591e-07 
0.8238 0.0655503 0.0292815 0.0278761 0.00168071 0.0281817 0.0228859 1.82825e-05 0.000726007 
0.293868 0.204667 0.0158403 0.109075 0.0301285 0.0984575 0.233656 0.00156753 0.012741 
0.830597 0.0415841 0.0218484 0.0017541 0.00395478 0.0487394 0.0513038 0.000160915 5.80108e-05 
0.978107 0.00739732 0.00412581 0.000237115 0.00121395 0.00679174 0.00206064 6.59679e-05 3.92112e-07 
0.471449 0.182432 0.0643616 0.0711438 0.018597 0.0117973 0.180219 8.71682e-09 8.2726e-09 
0.51632 0.0338302 0.0714171 0.0500948 1.43554e-05 0.276602 0.0517133 5.00347e-07 8.00032e-06 
0.888433 0.0178576 0.0119659 0.00917715 0.0131689 0.000370759 0.054651 0.00437606 1.84004e-11 
0.958851 0.00787818 0.000936829 0.0058728 0.00354906 0.000496362 0.0112429 0.0111706 1.96586e-06 
0.667809 0.170456 0.00376039 0.128897 0.00378517 0.00307625 0.0217855 0.000155219 0.000275231 
0.730464 0.0511383 0.0380761 0.11822 0.00220554 0.00876362 0.0490916 0.00141091 0.000629597 
0.796765 0.0357231 0.000626243 0.123727 0.00129612 0.0331743 0.00862652 5.21113e-05 1.00002e-05 
0.610836 0.0484587 0.0938261 0.212491 0.000566942 0.0019215 0.0306873 2.39081e-05 0.00118849 
0.903237 0.0166995 0.00758793 0.0455687 0.000198846 0.000784548 0.0253424 8.91843e-10 0.000580833 
0.714292 0.142718 0.0176668 0.00256973 0.107901 0.0082881 0.0053765 0.00114371 4.38282e-05 
0.842976 0.00568996 0.00521413 0.0160454 0.00553328 0.0018111 0.0298175 0.092902 1.07373e-05 
0.795717 0.00350752 0.00573327 0.00797084 0.0114895 0.00578955 0.0258194 0.138443 0.00553051 
0.739171 0.101589 0.0588156 0.0229518 0.00665461 0.0366968 0.0330198 0.000222906 0.000877889 
0.671441 0.0308081 0.0100824 0.145097 0.0133826 0.0253792 0.0910397 0.0126407 0.000129077 
0.759138 0.0293732 0.0982735 0.0544486 0.0014467 0.000877103 0.0564227 1.14137e-05 8.69433e-06 
0.61727 0.0448825 0.0244287 0.0198607 0.00930919 0.0301808 0.253553 0.000307787 0.000207922 
0.880251 0.085259 0.000761775 0.0319907 0.000116951 0.000281826 0.00118499 4.63423e-06 0.00014961 
0.728439 0.0489377 0.095341 0.0587913 0.00660239 0.0198883 0.0342697 0.00100161 0.00672912 
0.841434 0.0296052 0.0879299 0.014488 0.00292891 0.0213166 0.00225045 4.32781e-05 3.76265e-06 
0.503047 0.231905 0.1928 0.0221079 0.010986 0.00881065 0.0303143 2.34462e-05 5.17931e-06 
0.830602 0.0396929 0.0495621 0.02289 0.0020648 0.0205212 0.0290062 0.00507883 0.000581835 
0.559783 0.0228686 0.00327124 0.0448267 0.00446848 0.334888 0.0298293 5.59252e-05 8.86312e-06 
0.68915 0.0399902 0.0185053 0.181561 0.00765666 0.0086058 0.0438317 0.00928919 0.00141032 
0.953891 0.028389 0.00288436 0.000893247 0.000384474 0.00315244 0.0103041 6.51897e-05 3.66708e-05 
0.904029 0.0180254 0.00531612 0.0647834 0.000191736 0.00192765 0.00572367 2.88125e-06 3.98914e-10 
0.710139 0.0134439 0.00928537 0.0838018 0.0010769 3.8181e-07 0.182185 6.74624e-05 4.2089e-10 
0.703334 0.0120408 0.0265938 0.0436721 0.0262724 0.0076432 0.0861794 0.0861475 0.00811676 
0.701682 0.0517795 0.0252002 0.162038 0.00312094 0.0268124 0.0232482 0.00598399 0.000134012 
0.748836 0.0588956 0.0419889 0.0212702 0.00531283 0.0441431 0.0752219 0.00402867 0.000302729 
0.965106 0.0177173 5.54443e-07 2.05108e-07 1.53984e-08 1.49108e-07 0.0171756 4.14392e-12 9.99874e-12 
0.865345 0.00751315 0.00252881 0.0708299 0.00206841 0.00379977 0.0331552 0.0146079 0.000151531 
0.860934 0.0122853 0.0189153 0.00311368 0.00654112 0.0865948 0.00804073 0.000449712 0.00312569 
0.753258 0.0301212 0.0614262 0.00801939 0.00226574 0.0179927 0.12654 9.08431e-06 0.000367278 
0.738295 0.0257568 0.0259457 0.0269982 0.00774496 0.0448846 0.129907 0.000343961 0.00012386 
0.56229 0.0421211 0.317325 0.0634348 0.00319881 0.00517444 0.0062003 0.000108187 0.000147258 
0.417148 0.0751847 0.318995 0.125264 0.00272743 0.0234119 0.0367412 1.83137e-05 0.000508781 
0.551385 0.0603373 0.0455794 0.136797 0.0266309 0.0981601 0.0622715 0.0158396 0.0029989 
0.871411 0.0311929 0.00535323 0.0312552 0.00273453 0.0273134 0.0304246 0.000101289 0.000213469 
0.536695 0.0510075 0.0172251 0.337094 0.0182081 0.0163504 0.0212329 0.00167774 0.000509302 
0.496622 0.0453493 0.174235 0.213426 0.00513567 0.00726157 0.0514715 0.00542925 0.00106941 
0.700964 0.0296276 0.0154693 0.180059 0.0174575 0.00335389 0.0495197 0.0011141 0.002435 
0.822818 0.0944863 0.00235035 0.0500724 0.00160603 0.0225732 0.0060701 2.11428e-05 2.39278e-06 
0.685049 0.0253721 0.103214 0.066413 0.000350891 0.00137409 0.118182 3.04206e-06 4.28171e-05 
0.675018 0.0956866 0.0776843 0.0690769 0.00362436 0.0267427 0.0454804 0.00640194 0.000284632 
0.514641 0.0307882 0.0149066 0.40075 0.00616137 0.00174845 0.0304946 0.000478179 3.10852e-05 
0.658963 0.0310079 0.0761111 0.19611 0.00513988 0.0011441 0.0309913 0.000516788 1.62322e-05 
0.499289 0.116989 0.0089482 0.350219 0.00336789 0.00103985 0.0199969 0.000148898 2.32721e-07 
0.978107 0.00739732 0.00412581 0.000237115 0.00121395 0.00679174 0.00206064 6.59679e-05 3.92112e-07 
0.961629 0.00571514 0.00279771 0.0263185 0.000523607 0.00122335 0.00178922 2.4972e-09 3.40961e-06 
0.738061 0.0463479 0.0155692 0.127365 0.0325911 0.0134496 0.022427 0.00136137 0.00282801 
0.781253 0.0143747 0.0192192 0.0348606 0.0352673 0.00182959 0.0648859 0.0480905 0.000219283 
0.794084 0.0668093 0.0258766 0.000693 0.0213184 0.0608284 0.0302944 8.25243e-05 1.30246e-05 
0.380036 0.216214 0.0114045 0.040166 0.0108542 0.0455913 0.295682 1.35265e-05 3.80983e-05 
0.730048 0.07716 0.0247463 0.0801848 0.00833657 0.04683 0.0316948 0.0008757 0.000123611 
0.866963 0.108467 0.00477741 0.00906976 0.0013024 0.00111099 0.00759527 0.000714167 6.08882e-08 
0.940963 0.000539379 0.0475176 0.00208992 0.00184696 0.00170181 0.00487668 3.49792e-05 0.000429214 
0.301926 0.0831008 0.00193217 0.144613 0.210797 0.00636885 0.25014 0.000963234 0.00015904 
0.752805 0.0483816 0.00232212 0.0506959 0.11886 0.0159792 0.0107317 1.11899e-05 0.000213071 
0.370415 0.168372 0.0608955 0.0781081 0.0538795 0.0460102 0.222294 1.2736e-05 1.32778e-05 
0.940885 0.0154755 0.00429184 0.00795409 0.00198504 0.00815435 0.0166372 0.00460999 6.96883e-06 
0.535981 0.0973972 0.0114005 0.0807092 0.0135643 0.0307406 0.229073 0.00047604 0.000658378 
0.965146 0.0179093 0.00130286 0.00370728 0.00155307 0.00336816 0.00692239 8.50605e-05 6.08728e-06 
0.717853 0.0986056 0.124941 0.0242978 0.00107537 0.00377275 0.0291486 9.16379e-07 0.000305365 
0.653904 0.0391711 0.0709088 0.0749893 0.00253944 0.0599409 0.0791088 0.0191878 0.000249387 
0.309044 0.248898 0.0836846 0.0127037 0.00154692 0.230794 0.113219 3.66243e-05 7.3107e-05 
0.639423 0.098865 0.0921358 0.0949049 0.00226309 0.00885311 0.0634988 5.26236e-06 5.08979e-05 
0.750977 0.0594318 0.00571482 0.0359322 0.0242201 0.00071774 0.0869558 0.03605 4.02951e-07 
0.997164 0.000623419 0.000508313 0.000454626 0.000854396 1.94708e-05 0.000375853 7.18386e-09 1.92679e-09 
0.671665 0.0497964 0.0175638 0.218563 0.00746603 0.00837073 0.0238016 0.00215517 0.00061885 
0.902397 0.0533569 0.00642194 0.00701823 0.00239288 0.000632525 0.0191928 0.00858667 6.87046e-07 
0.774995 0.0871276 0.0165579 0.0884875 0.000766871 0.0111845 0.0206749 0.000188502 1.69833e-05 
0.505887 0.218139 0.121053 0.044608 0.00858658 0.0191475 0.0743131 0.00824337 2.25476e-05 
0.829258 0.00224485 0.0314662 0.136805 8.95679e-07 0.000215977 9.25314e-06 8.64008e-09 4.29518e-08 
0.629162 0.0128451 0.000344914 0.289543 0.00151182 0.00385143 0.0625486 0.000193411 1.54285e-10 
0.375497 0.128465 0.21285 0.218986 0.0341595 8.64709e-05 0.025475 0.0044802 9.53812e-10 
0.524641 0.0399061 0.019878 0.379541 0.00778654 0.0050212 0.0224336 0.000349496 0.00044231 
0.797054 0.0239509 0.0147227 0.0640752 0.014174 0.000919411 0.0822479 0.00280007 5.56048e-05 
0.982806 0.00637491 0.0030392 0.000671488 0.000887647 0.00462411 0.00155284 4.39804e-05 2.61677e-07 
0.81603 0.115977 0.0028465 0.0076507 0.00716549 0.0272039 0.0228781 0.000191213 5.70786e-05 
0.637808 0.0472993 0.00343666 0.238161 0.00206043 0.061125 0.0100681 1.2852e-05 2.87237e-05 
0.61452 0.0531392 0.014425 0.0970565 0.0402004 0.03635 0.0284862 0.114125 0.00169794 
0.355969 0.305788 0.00856012 0.00656292 0.125961 0.0410271 0.155834 0.000297301 1.51093e-06 
0.836542 0.0275111 0.00135486 0.112346 3.26658e-05 0.00578698 0.016426 3.0341e-07 3.5541e-10 
0.552041 0.0624525 0.00289964 0.206438 0.00471015 0.012454 0.053945 0.104942 0.000117696 
0.446785 0.288787 0.00148717 0.00642439 0.00904656 0.210148 0.0365716 0.000583057 0.000166536 
0.96309 0.013373 0.00170607 0.000345025 4.90583e-08 0.000221359 0.0196972 0.0015676 5.99362e-12 
0.449447 0.000823371 0.189394 0.0678322 0.00976341 0.00280707 0.0309332 0.00480908 0.244191 
0.272817 0.163426 0.0467474 0.107886 0.13958 0.0475261 0.221702 0.000308551 7.16204e-06 
0.525494 0.131555 0.0812796 0.0151931 0.0251783 0.00532907 0.0805192 0.135452 5.61773e-09 
0.820296 0.0544741 0.00522164 0.0165061 0.0490244 0.00927085 0.043918 0.00102584 0.000263378 
0.480948 0.0270483 0.0204323 0.415337 0.00539095 0.0135083 0.0262426 0.0109469 0.000145609 
0.819668 0.00833642 0.00910312 0.0121539 0.00663126 0.00622344 0.0337792 0.104077 2.75405e-05 
0.917182 0.0159285 0.0070545 0.000431971 0.00420787 0.0335565 0.0212073 0.000364902 6.60589e-05 
0.539302 0.000442553 0.0119105 0.00484679 0.00237733 6.55632e-05 0.0245784 0.416477 2.94617e-07 
0.540595 0.0938681 0.00167761 0.0189519 0.118709 0.0880575 0.124547 0.0133846 0.000209576 
0.374991 0.0244098 0.00852249 0.215871 0.00488235 0.00209377 0.13153 0.00122966 0.23647 
0.562278 0.034224 0.00323349 0.256555 0.00228431 0.00849756 0.122039 0.010823 6.56524e-05 
0.439091 0.0154434 0.00107625 0.437773 0.00871905 0.000296934 0.0974848 5.24305e-05 6.32445e-05 
0.969964 0.00303473 0.00602527 0.000130707 0.000142418 7.13989e-08 0.0207016 9.15921e-07 4.12146e-07 
0.433742 0.0723877 0.130553 0.144946 0.00363789 0.00355929 0.166512 0.0444224 0.00023948 
0.539022 0.0566945 0.0585356 0.0383626 0.0758861 0.0036015 0.218269 0.00785436 0.00177456 
0.825995 0.0524457 0.0075648 0.000684762 0.000137326 0.00015459 0.0176427 0.0953747 9.8004e-12 
0.514012 0.0125492 0.410853 0.0520083 0.000655919 0.000127533 0.00875726 0.00103426 1.8459e-06 
0.49757 0.0522939 0.0592643 0.338052 0.0172757 0.00670515 0.0248692 0.000115101 0.00385488 
0.910922 0.0453293 2.58989e-05 0.00448305 0.000117064 0.035714 0.00339867 1.04723e-05 1.11057e-09 
0.93387 0.027136 0.009387 0.00152646 0.00143663 0.0193045 0.0070998 0.000167108 7.30176e-05 
0.854746 0.0128012 0.0122075 0.0834228 0.00297515 0.00176213 0.0320683 1.68189e-05 5.98149e-10 
0.946839 0.00885718 0.00436151 0.00114039 0.00701082 0.0238701 0.00635386 0.00153112 3.58289e-05 
0.937317 0.0117787 0.00348104 0.0175542 0.00151507 0.00362502 0.024584 2.14432e-05 0.000123818 
0.880424 0.0221559 0.0124335 0.0174416 0.00315741 0.0280057 0.020592 0.0157694 2.04999e-05 
0.527528 0.0157363 0.049495 0.366019 0.00730725 0.00663929 0.0234584 0.00381503 1.45113e-06 
0.783312 0.0071262 0.0140761 0.0316026 0.0145214 0.0118798 0.0468419 0.089662 0.000977908 
0.512065 0.145448 0.00946784 0.0192108 0.15119 0.0105177 0.147672 0.00442762 1.47872e-06 
0.477164 0.37594 0.013185 0.00710198 0.103215 0.00133177 0.0166283 0.00542847 5.90349e-06 
0.837548 0.010731 0.0106845 0.077973 0.00466017 0.0127813 0.0247183 0.0208431 6.06559e-05 
0.943772 0.0196602 0.00290927 0.010028 0.00386604 0.00182887 0.0159405 0.00199427 3.28015e-07 
0.99389 0.00076391 0.00076384 0.000763897 0.000763732 0.000763841 0.000763853 0.000763753 0.000763437 
0.895713 0.0273702 0.00835432 0.017857 0.0111782 0.0095183 0.0284551 0.00131021 0.000243448 
0.943436 0.0307599 0.00108361 0.00248194 0.00713066 0.00266133 0.0122882 0.000154607 3.7492e-06 
0.304759 0.173817 0.214794 0.207253 0.00623508 0.00963642 0.0816128 1.8889e-06 0.00189001 
0.365595 0.116495 0.0343657 0.141812 0.0389718 0.0344784 0.255911 0.011032 0.00133899 
0.944019 0.00347976 0.0328705 0.000308639 0.014072 1.09232e-07 0.00501996 0.000229743 6.05665e-11 
0.665203 0.151092 0.00760232 0.0326444 0.00212944 0.0222618 0.119045 2.0155e-05 2.26944e-06 
0.539565 0.030642 0.0589166 0.353092 0.00662382 5.91894e-05 0.0111009 5.14546e-08 7.67715e-07 
0.794084 0.0668093 0.0258766 0.000693 0.0213184 0.0608284 0.0302944 8.25243e-05 1.30246e-05 
0.518276 0.131247 0.0399461 0.0875057 0.0106217 0.088058 0.123559 0.00048944 0.000296249 
0.633055 0.241776 0.001248 0.0583146 0.00346783 0.00710198 0.0550369 1.97557e-08 1.55416e-11 
0.778657 0.0562316 0.023125 0.011688 0.000483902 0.0329895 0.0675265 0.0291647 0.000133545 
0.645637 0.077766 0.000625338 0.270088 0.000601935 0.0017405 0.00352229 1.89504e-05 5.56807e-07 
0.956069 0.0082681 0.00761041 0.00846039 0.00393141 0.0059277 0.00959505 0.000137325 1.90497e-07 
0.749259 0.145189 0.00426635 0.028317 0.00916237 0.00964337 0.0541253 3.81579e-05 1.03792e-07 
0.624659 0.0408099 0.14875 0.14296 0.00901468 0.00910779 0.0212827 0.00174558 0.00167019 
0.624037 0.0190475 0.201483 0.00799266 0.0336185 0.000252928 0.0894662 4.70223e-05 0.0240555 
0.564918 0.0180139 0.0060608 0.23375 0.00853232 0.0126036 0.155451 0.000670144 1.12734e-07 
0.596031 0.0910209 0.0422908 0.0627591 0.00968283 0.0313857 0.151317 0.014668 0.000844735 
0.866629 0.0324325 0.00279253 0.0396847 0.014962 0.0207312 0.0221749 0.000276152 0.000317142 
0.75938 0.0411135 0.0128087 0.0874827 0.0461621 0.00907139 0.0385384 0.0053994 4.33657e-05 
0.805451 0.118072 0.0130338 0.000583798 0.00314934 0.0156491 0.0262144 0.0178435 2.83217e-06 
0.841627 0.0989085 0.00379223 0.00496548 0.00358424 0.0292158 0.0178411 6.58197e-05 6.43266e-10 
0.664378 0.0513484 0.0156852 0.144031 0.0164574 0.0362561 0.057169 0.013359 0.0013166 
0.893317 0.0508421 0.0180237 0.00148321 0.0129054 0.00379568 0.0194344 0.00012133 7.76841e-05 
0.82656 0.045279 0.0568115 0.0133061 0.0239974 0.00474794 0.028538 0.000634225 0.000126159 
0.862895 0.0643098 0.00969449 0.0438992 0.00321276 0.000274547 0.0156395 7.41864e-05 2.28466e-07 
0.416391 0.0390949 0.0181274 0.0237802 0.349654 0.0320504 0.0176463 0.0959058 0.00735017 
0.953891 0.028389 0.00288436 0.000893247 0.000384474 0.00315244 0.0103041 6.51897e-05 3.66708e-05 
0.909255 0.032414 0.00897377 0.0128898 0.015386 0.00878576 0.0117568 0.000117232 0.000421225 
0.806631 0.0945804 0.0159724 0.0471244 0.00204238 0.0163527 0.0150691 0.00197821 0.000249495 
0.916283 0.056631 0.00155298 0.000219486 0.0021752 0.0109053 0.0119657 0.000266774 1.52827e-07 
0.802781 0.00648129 0.00552736 0.0198728 0.00491761 0.00196522 0.0557519 0.102694 9.45182e-06 
0.94782 0.0103844 0.0204349 0.00807505 0.000510575 0.000595669 0.0114113 0.00038041 0.000387366 
0.111132 0.111127 0.111117 0.111125 0.111101 0.111117 0.111119 0.111104 0.111058 
0.491268 0.101099 0.116948 0.0753939 0.0982871 0.00485856 0.0900783 0.02197 9.68804e-05 
0.472479 0.173382 0.0446595 0.0564381 0.0108406 0.00518409 0.226505 0.000140893 0.0103707 
0.394101 0.138146 0.143358 0.309384 0.000449265 0.000104633 0.0144334 1.93976e-05 4.84135e-06 
0.502895 0.0897005 0.0236898 0.128935 0.0192582 0.00428155 0.2136 0.0176144 2.5949e-05 
0.414079 0.0571024 0.0253833 0.225827 0.0107743 0.216459 0.0436156 0.00371589 0.00304363 
0.6365 0.0321319 0.110332 0.170498 0.0113833 0.0128968 0.0244193 0.000246136 0.0015918 
0.920299 0.0144184 0.00707798 0.00437812 0.00517478 0.00742176 0.0290475 0.012182 1.95309e-07 
0.598331 0.0319807 0.00147872 0.0931811 0.0704697 0.0734501 0.0172162 0.113829 6.3462e-05 
0.451494 0.088422 0.016716 0.370322 0.00925794 0.00235825 0.0431696 0.0152476 0.00301235 
0.943129 0.0478289 0.000555296 0.00418748 0.00015711 0.00242422 0.0017176 9.38979e-10 1.64662e-07 
0.937317 0.0117787 0.00348104 0.0175542 0.00151507 0.00362502 0.024584 2.14432e-05 0.000123818 
0.531276 0.058825 0.0100738 0.216651 0.0194694 0.000615148 0.162835 0.000245054 1.04295e-05 
0.892742 0.000650654 0.0582018 0.0178287 0.00416838 0.00080774 0.0111751 0.00923992 0.00518564 
0.513467 0.00266777 0.19997 0.00107085 0.0301059 8.69324e-05 0.0408034 0.00052967 0.211298 
0.897023 0.0932957 3.36121e-05 0.00161215 0.00149823 0.0043493 0.00218496 1.48711e-06 1.20016e-06 
0.428962 0.0305715 0.00450093 0.298916 0.00894432 0.0059726 0.222012 0.000112675 7.16883e-06 
