2.37696e-07 5.25008e-07 1.11472e-06 6.14114e-07 0.995815 1.10053e-06 0.00417532 1.84126e-06 4.44272e-06 
9.85154e-07 0.00044741 0.000166258 0.00315435 0.996048 4.56124e-06 7.13252e-05 8.85372e-05 1.84133e-05 
2.46849e-10 0.280599 0.0173739 1.59504e-06 0.233776 9.71584e-06 0.468235 1.91216e-09 5.54116e-06 
1.44905e-12 0.257111 6.79562e-12 5.24506e-09 2.45404e-08 0.742289 0.000600564 1.12248e-11 2.70839e-11 
1.32483e-06 0.00294152 6.21304e-06 3.42283e-06 0.989052 6.13392e-06 0.00795387 1.02625e-05 2.4762e-05 
8.43494e-10 6.44635e-05 3.95573e-09 4.68564e-05 9.9952e-05 3.90536e-09 7.2295e-06 6.53394e-09 0.999781 
1.27465e-06 2.81535e-06 5.97771e-06 3.29319e-06 0.997115 5.90159e-06 0.00283185 9.87377e-06 2.38241e-05 
5.24385e-06 1.15823e-05 2.45921e-05 1.35481e-05 4.43814e-05 2.42789e-05 2.2461e-05 4.06203e-05 0.999813 
8.75192e-07 1.93307e-06 4.10439e-06 0.000680609 0.00222957 4.05212e-06 0.00412734 6.77948e-06 0.992945 
1.728e-06 0.00343883 8.1038e-06 4.46448e-06 0.0146396 8.00061e-06 7.40156e-06 1.33856e-05 0.981879 
3.57055e-12 9.81075e-07 1.67448e-11 7.61705e-05 0.99992 2.53266e-06 1.52938e-11 2.76585e-11 2.13623e-07 
3.76753e-08 8.32147e-08 1.76686e-07 9.74358e-05 0.999901 1.74436e-07 1.61375e-07 2.91843e-07 7.0418e-07 
7.20693e-09 1.59182e-08 3.37983e-08 1.11906e-05 0.997401 3.33679e-08 0.0012132 0.000323851 0.00105082 
1.73877e-09 0.000120595 2.03939e-05 4.49231e-09 0.999423 6.44845e-06 0.000204819 1.3469e-08 0.000224276 
2.28603e-05 5.04924e-05 0.000107208 5.90622e-05 0.000193479 0.000105843 0.998857 0.000177083 0.000427277 
3.06321e-09 2.24484e-05 0.000992859 0.00870677 2.59255e-08 1.41826e-08 0.990194 8.42977e-05 5.72537e-08 
1.66857e-07 3.68542e-07 7.82508e-07 4.31093e-07 0.998563 7.72543e-07 0.00143011 1.29252e-06 3.11868e-06 
3.9141e-09 3.11759e-05 1.8356e-08 3.05016e-05 0.999901 3.68422e-05 1.67653e-08 3.03197e-08 7.31575e-08 
8.55061e-08 0.0337208 4.00998e-07 0.00448954 0.95038 0.0013734 0.00995876 6.62355e-07 7.61213e-05 
1.0774e-10 0.65448 0.000796302 2.64469e-06 3.01004e-06 0.000106452 0.344612 8.34584e-10 2.01374e-09 
3.66922e-10 0.290492 2.03274e-07 0.07206 1.54976e-05 0.63548 0.00184611 5.36436e-06 0.00010082 
5.1829e-10 0.000637177 0.00394565 0.000107796 0.00198097 0.992198 0.0010343 9.59583e-05 9.68724e-09 
3.23806e-08 5.16452e-05 1.66724e-06 0.0110782 0.988686 6.10842e-05 0.000120553 2.50829e-07 6.05218e-07 
1.96296e-07 4.33565e-07 9.20568e-07 0.000101938 0.999469 9.08846e-07 0.00042124 1.52056e-06 3.66892e-06 
1.26476e-05 2.79352e-05 5.93135e-05 3.26765e-05 0.000107043 5.85582e-05 5.41737e-05 0.999411 0.000236394 
1.08027e-07 2.38604e-07 5.06616e-07 0.00259592 0.997399 5.00164e-07 4.62715e-07 8.3681e-07 2.01911e-06 
5.38726e-08 0.0142076 2.52646e-07 0.000612558 4.55951e-07 0.964894 0.0202834 4.17313e-07 1.00692e-06 
3.9141e-09 3.11759e-05 1.8356e-08 3.05016e-05 0.999901 3.68422e-05 1.67653e-08 3.03197e-08 7.31575e-08 
3.19484e-06 7.05655e-06 1.49828e-05 8.25422e-06 2.70395e-05 1.4792e-05 1.36845e-05 0.999851 5.9714e-05 
2.66829e-08 5.89354e-08 1.25135e-07 0.000861797 0.999137 1.23541e-07 1.14291e-07 2.06693e-07 4.98723e-07 
5.40434e-08 0.053511 0.00105962 0.0153414 0.929276 0.000362762 0.000448182 4.18635e-07 1.01011e-06 
4.09654e-08 9.04817e-08 1.92115e-07 6.3609e-05 0.999774 3.81235e-05 0.000123003 3.17329e-07 7.65675e-07 
4.16466e-09 0.999433 2.36188e-05 5.35226e-05 3.52476e-08 1.46642e-05 0.000474934 3.22606e-08 7.78407e-08 
3.19484e-06 7.05655e-06 1.49828e-05 8.25422e-06 2.70395e-05 1.4792e-05 1.36845e-05 0.999851 5.9714e-05 
5.42609e-05 0.0395177 0.0414778 0.00943224 0.475576 0.0930995 0.21324 0.126383 0.0012201 
1.96231e-11 0.0688291 9.20263e-11 4.5017e-08 9.83677e-08 4.99211e-05 0.931121 1.52006e-10 3.6677e-10 
1.10328e-09 0.00070776 5.17405e-09 1.84245e-07 0.997045 0.00224747 4.72569e-09 8.54631e-09 2.06211e-08 
1.0774e-10 0.65448 0.000796302 2.64469e-06 3.01004e-06 0.000106452 0.344612 8.34584e-10 2.01374e-09 
1.53058e-07 3.38064e-07 0.00229767 3.95442e-07 0.994484 7.08655e-07 0.00321307 1.18563e-06 2.86077e-06 
1.44905e-12 0.257111 6.79562e-12 5.24506e-09 2.45404e-08 0.742289 0.000600564 1.12248e-11 2.70839e-11 
6.92377e-06 1.52928e-05 0.987135 0.0125398 5.85994e-05 3.20569e-05 2.96567e-05 5.36335e-05 0.000129411 
3.18409e-08 7.03282e-08 0.000418255 8.22645e-08 0.999226 1.47423e-07 0.000354736 2.46649e-07 5.95131e-07 
1.01943e-07 2.25165e-07 4.78082e-07 2.66015e-05 0.98868 4.76714e-05 4.36653e-07 7.89679e-07 0.0112437 
1.57337e-08 0.000761092 0.000361625 4.06496e-08 0.99661 0.000123912 0.00214314 1.21877e-07 2.94074e-07 
9.78181e-08 0.997234 0.00229919 7.88652e-06 9.51453e-06 0.000307752 0.000138567 7.57727e-07 1.8283e-06 
2.97169e-10 6.57024e-07 1.25566e-06 4.6143e-07 0.814799 1.37589e-09 0.185142 1.33536e-05 4.33293e-05 
2.35326e-06 5.19772e-06 0.999883 6.0799e-06 1.99168e-05 1.08955e-05 1.00797e-05 1.8229e-05 4.39842e-05 
1.51334e-08 3.34258e-08 7.09713e-08 3.90989e-08 0.999798 7.00675e-08 0.000201011 1.17228e-07 2.82856e-07 
9.74705e-08 2.15287e-07 4.57108e-07 2.51826e-07 0.999996 4.51287e-07 4.17497e-07 7.55034e-07 1.8218e-06 
5.96302e-05 0.271019 0.00601008 0.0121245 0.00080242 0.000139355 0.708912 0.000594606 0.000338302 
1.29831e-06 2.86762e-06 6.08868e-06 3.35432e-06 0.99994 6.01114e-06 5.56106e-06 1.00571e-05 2.42664e-05 
9.78771e-06 0.0171426 2.13704e-05 0.000453225 0.906915 1.2641e-05 0.0753858 1.92198e-05 4.01674e-05 
4.60281e-06 1.01664e-05 0.00218016 1.18919e-05 3.89559e-05 2.13109e-05 0.997611 3.56546e-05 8.603e-05 
2.30086e-07 5.08198e-07 1.07903e-06 5.94452e-07 0.979999 0.0199917 9.85529e-07 1.78231e-06 4.30048e-06 
1.69031e-07 0.127348 7.92703e-07 4.3671e-07 0.00786968 0.837941 0.017015 0.0098215 3.15931e-06 
5.24385e-06 1.15823e-05 2.45921e-05 1.35481e-05 4.43814e-05 2.42789e-05 2.2461e-05 4.06203e-05 0.999813 
4.42805e-05 0.997694 0.000207662 0.000114404 0.000374769 0.000205018 0.000189667 0.000343009 0.000827637 
5.24385e-06 1.15823e-05 2.45921e-05 1.35481e-05 4.43814e-05 2.42789e-05 2.2461e-05 4.06203e-05 0.999813 
2.92413e-06 6.45862e-06 1.37133e-05 7.55481e-06 0.999866 1.35387e-05 1.2525e-05 2.26511e-05 5.46542e-05 
2.11971e-08 0.000201614 9.94079e-08 0.000381462 0.998025 9.81421e-08 0.0013912 1.64199e-07 3.9619e-07 
9.42043e-13 0.23972 1.07726e-05 5.90103e-05 0.123845 0.63266 0.00370466 7.29733e-12 1.52906e-09 
1.6578e-12 0.00712363 7.77457e-12 3.94323e-06 0.988416 0.00429741 0.00015893 1.28418e-11 3.09855e-11 
3.78685e-05 8.36416e-05 0.000177592 0.998042 0.000320501 0.000175331 0.000162203 0.00029334 0.000707792 
6.81264e-06 3.99101e-05 0.000243024 0.00681066 0.989331 9.49727e-05 0.00341294 7.87094e-06 5.30212e-05 
2.68723e-10 1.36573e-06 0.00328075 6.94275e-10 0.996716 1.24418e-09 2.30319e-06 2.0816e-09 5.02263e-09 
2.13704e-07 0.0274679 0.00153939 3.51967e-05 0.00470021 0.000382625 0.965869 1.65541e-06 3.99429e-06 
6.38437e-07 0.00388269 0.99096 0.000374538 5.40341e-06 0.0013742 0.00338559 4.94551e-06 1.19329e-05 
2.48574e-07 5.49034e-07 1.16574e-06 0.00173463 0.0195675 1.15089e-06 0.978688 1.92552e-06 4.64604e-06 
4.04036e-10 8.92408e-10 1.89481e-09 0.0158855 0.965257 1.87068e-09 0.0188577 3.12978e-09 7.55174e-09 
6.89225e-11 1.11144e-06 3.23226e-10 1.78069e-10 0.0333293 3.1911e-10 0.960708 0.00596182 1.28822e-09 
8.43494e-10 6.44635e-05 3.95573e-09 4.68564e-05 9.9952e-05 3.90536e-09 7.2295e-06 6.53394e-09 0.999781 
1.26476e-05 2.79352e-05 5.93135e-05 3.26765e-05 0.000107043 5.85582e-05 5.41737e-05 0.999411 0.000236394 
3.40246e-05 0.0180166 0.05103 0.000490172 0.916629 6.04822e-05 0.0130955 0.000292608 0.000351196 
1.16374e-07 2.57039e-07 5.45759e-07 3.03672e-05 9.84933e-07 5.3881e-07 0.998426 0.000451635 0.00108973 
1.40644e-06 3.10646e-06 0.99993 3.6337e-06 1.19034e-05 6.51181e-06 6.02424e-06 1.08947e-05 2.62875e-05 
4.42805e-05 0.997694 0.000207662 0.000114404 0.000374769 0.000205018 0.000189667 0.000343009 0.000827637 
2.9393e-09 6.49213e-09 0.000140615 0.000375151 2.48768e-08 1.36089e-08 0.999484 2.27686e-08 5.49378e-08 
4.51585e-07 9.97431e-07 2.1178e-06 1.16672e-06 0.00344361 2.09083e-06 0.996538 3.4981e-06 8.44046e-06 
8.40083e-05 0.195507 0.329434 0.0461214 0.000150784 0.278657 0.149733 9.39025e-05 0.000218788 
5.09887e-05 9.69482e-05 0.286435 6.2175e-05 0.708035 0.000605315 0.00329513 0.00134054 7.85143e-05 
8.50995e-12 0.0138315 1.08105e-07 1.99851e-06 0.970745 0.00989215 0.00552965 6.59205e-11 1.59058e-10 
2.78165e-07 0.000676446 1.30451e-06 7.1867e-07 2.35425e-06 0.000387657 0.998924 2.15474e-06 5.19912e-06 
8.68481e-09 0.000151561 4.07292e-08 6.95809e-05 0.0061303 0.000209135 0.993022 0.000417172 1.62326e-07 
3.23806e-08 5.16452e-05 1.66724e-06 0.0110782 0.988686 6.10842e-05 0.000120553 2.50829e-07 6.05218e-07 
3.26808e-08 7.29049e-06 1.53263e-07 0.000439145 0.999552 1.51312e-07 1.39982e-07 2.53155e-07 6.1083e-07 
3.18409e-08 7.03282e-08 0.000418255 8.22645e-08 0.999226 1.47423e-07 0.000354736 2.46649e-07 5.95131e-07 
1.67031e-11 0.846928 3.05574e-07 2.76191e-06 0.116649 8.19829e-07 0.0337972 0.0026214 3.12194e-10 
3.74974e-06 8.28218e-06 1.75851e-05 0.999806 3.17359e-05 1.73612e-05 1.60613e-05 2.90465e-05 7.00855e-05 
4.78942e-07 0.663056 0.0518835 0.0153261 0.00373399 0.178409 0.087548 2.95165e-05 1.38361e-05 
9.62583e-07 2.12609e-06 0.0117415 2.48694e-06 0.988219 4.45674e-06 4.12305e-06 7.45644e-06 1.79914e-05 
1.11998e-05 0.999417 5.25239e-05 2.8936e-05 9.47899e-05 5.18551e-05 4.79724e-05 8.67571e-05 0.000209334 
4.00409e-11 4.92256e-05 5.07195e-07 8.32785e-06 0.887796 0.000191155 0.111948 7.41333e-06 7.48395e-10 
5.16215e-07 1.14018e-06 2.42089e-06 1.3337e-06 4.36899e-06 2.39007e-06 0.0015165 3.99875e-06 0.998467 
3.92951e-07 0.0202358 0.00061687 0.000155725 0.810558 0.0510866 0.117281 4.90461e-05 1.65943e-05 
6.03244e-07 1.33241e-06 2.82903e-06 0.999969 5.10556e-06 2.79301e-06 2.58388e-06 4.6729e-06 1.12751e-05 
2.68723e-10 1.36573e-06 0.00328075 6.94275e-10 0.996716 1.24418e-09 2.30319e-06 2.0816e-09 5.02263e-09 
1.86397e-07 4.11702e-07 8.74147e-07 4.81578e-07 1.57757e-06 8.63016e-07 0.999991 1.44389e-06 3.48391e-06 
2.66701e-07 0.0790589 1.25075e-06 6.8905e-07 0.020524 0.00018945 0.90004 0.000180051 4.98484e-06 
1.66775e-07 0.996014 0.00242538 4.30883e-07 0.00155407 7.72167e-07 7.14352e-07 1.29189e-06 3.11716e-06 
3.9141e-09 3.11759e-05 1.8356e-08 3.05016e-05 0.999901 3.68422e-05 1.67653e-08 3.03197e-08 7.31575e-08 
1.89615e-07 4.18809e-07 8.89237e-07 1.09283e-06 0.997932 8.77913e-07 0.00140473 5.79075e-05 0.000602009 
5.95856e-12 0.29536 3.52121e-07 1.23311e-08 5.04304e-11 0.704636 2.77431e-06 4.61567e-11 5.57964e-08 
4.40722e-07 9.73438e-07 0.00147127 1.13865e-06 0.998511 2.04053e-06 1.88775e-06 3.41396e-06 8.23743e-06 
1.29903e-07 2.8692e-07 6.09204e-07 3.35618e-07 0.999493 6.01446e-07 0.000501329 1.00626e-06 2.42798e-06 
2.8811e-06 6.36358e-06 1.35115e-05 0.00149617 2.43842e-05 1.33394e-05 0.998367 2.23178e-05 5.38499e-05 
3.9141e-09 3.11759e-05 1.8356e-08 3.05016e-05 0.999901 3.68422e-05 1.67653e-08 3.03197e-08 7.31575e-08 
7.14015e-07 1.57707e-06 0.947294 1.84474e-06 0.0447247 3.30588e-06 0.00795476 5.53096e-06 1.33455e-05 
2.11505e-05 4.67158e-05 9.91895e-05 5.46447e-05 0.000179007 0.99895 9.05942e-05 0.000163838 0.000395319 
1.32761e-10 0.000141545 1.80619e-06 6.38022e-06 0.487705 0.000117651 0.512028 1.02841e-09 2.48141e-09 
5.40527e-07 0.280483 0.00330239 0.669626 0.0352031 5.91094e-06 0.0109478 4.18707e-06 0.000427122 
8.50995e-12 0.0138315 1.08105e-07 1.99851e-06 0.970745 0.00989215 0.00552965 6.59205e-11 1.59058e-10 
1.27508e-06 2.81632e-06 5.97975e-06 3.29431e-06 0.00648578 5.9036e-06 0.993461 9.87714e-06 2.38322e-05 
5.90515e-07 1.30429e-06 2.76934e-06 1.52566e-06 4.99783e-06 2.73407e-06 2.52936e-06 4.5743e-06 0.999979 
3.59567e-08 0.0207584 0.000329431 0.00900411 0.00081541 5.72052e-05 0.969034 1.77025e-06 1.10471e-07 
5.33911e-08 1.17927e-07 2.50388e-07 1.37942e-07 0.999998 2.472e-07 2.28691e-07 4.13582e-07 9.9792e-07 
3.9141e-09 3.11759e-05 1.8356e-08 3.05016e-05 0.999901 3.68422e-05 1.67653e-08 3.03197e-08 7.31575e-08 
4.31825e-07 9.53786e-07 2.02513e-06 1.11567e-06 0.997021 1.99934e-06 0.00296127 3.34503e-06 8.07113e-06 
3.9141e-09 3.11759e-05 1.8356e-08 3.05016e-05 0.999901 3.68422e-05 1.67653e-08 3.03197e-08 7.31575e-08 
7.55297e-08 1.66825e-07 3.54211e-07 1.95139e-07 0.0109317 3.49701e-07 0.984979 0.00140476 0.00268365 
8.85985e-11 0.926602 1.87016e-06 2.28904e-10 0.00057289 1.58345e-05 0.0728077 6.86309e-10 1.65597e-09 
3.19484e-06 7.05655e-06 1.49828e-05 8.25422e-06 2.70395e-05 1.4792e-05 1.36845e-05 0.999851 5.9714e-05 
3.05599e-09 6.74988e-09 1.43317e-08 7.8955e-09 0.99988 1.41492e-08 0.000100804 1.89617e-05 5.71189e-08 
3.26808e-08 7.29049e-06 1.53263e-07 0.000439145 0.999552 1.51312e-07 1.39982e-07 2.53155e-07 6.1083e-07 
4.44678e-09 9.82175e-09 2.08541e-08 1.90528e-05 0.999899 2.05885e-08 8.19456e-05 3.4446e-08 8.31137e-08 
4.31834e-08 0.000139625 0.000378754 0.000145189 0.999006 0.000243938 8.57739e-05 3.34511e-07 8.0713e-07 
3.78685e-05 8.36416e-05 0.000177592 0.998042 0.000320501 0.000175331 0.000162203 0.00029334 0.000707792 
2.91612e-07 6.44093e-07 0.00383055 7.53411e-07 0.0182661 1.35016e-06 0.977893 2.25891e-06 5.45045e-06 
1.73921e-08 3.84145e-08 8.15636e-08 4.49344e-08 0.99759 8.0525e-08 0.000812077 0.000134859 0.00146314 
3.9141e-09 3.11759e-05 1.8356e-08 3.05016e-05 0.999901 3.68422e-05 1.67653e-08 3.03197e-08 7.31575e-08 
1.16907e-10 0.950027 5.48259e-10 3.02043e-10 3.96767e-07 0.0401763 0.00979626 9.05596e-10 2.18508e-09 
3.88403e-10 8.5788e-10 4.55555e-06 1.00348e-09 0.981564 1.7983e-09 8.63451e-05 1.95594e-05 0.0183253 
3.76753e-08 8.32147e-08 1.76686e-07 9.74358e-05 0.999901 1.74436e-07 1.61375e-07 2.91843e-07 7.0418e-07 
3.88403e-10 8.5788e-10 4.55555e-06 1.00348e-09 0.981564 1.7983e-09 8.63451e-05 1.95594e-05 0.0183253 
2.18739e-07 0.0157507 1.02582e-06 5.65136e-07 1.8513e-06 1.01276e-06 0.984239 1.69441e-06 4.0884e-06 
9.0284e-10 3.59143e-06 4.23405e-09 2.33259e-09 0.999967 4.18013e-09 2.97808e-05 6.99366e-09 1.68748e-08 
1.85231e-09 0.00716259 8.68677e-09 1.18957e-07 2.65016e-07 0.0721146 0.920722 1.43485e-08 3.4621e-08 
4.32809e-12 0.103844 2.02974e-11 4.92125e-08 0.00920499 0.000875576 0.886075 3.35266e-11 8.08953e-11 
9.03662e-10 5.46231e-06 4.2379e-09 7.93493e-08 0.99998 1.41001e-05 3.87067e-09 7.00002e-09 1.68901e-08 
2.81252e-08 6.21212e-08 3.97017e-05 0.000189001 0.000785764 1.30219e-07 0.998459 2.17866e-07 0.000526209 
2.63103e-09 0.0138792 0.000330738 0.0930223 0.891964 1.21816e-08 0.000676232 0.000127352 4.91761e-08 
2.08166e-07 4.59783e-07 9.76235e-07 5.37819e-07 0.996659 9.63804e-07 0.00294329 1.61251e-06 0.000392968 
1.98787e-07 0.0128258 9.32249e-07 0.00016226 0.0440428 0.00410181 0.938861 1.53986e-06 3.71547e-06 
3.9141e-09 3.11759e-05 1.8356e-08 3.05016e-05 0.999901 3.68422e-05 1.67653e-08 3.03197e-08 7.31575e-08 
1.43486e-09 0.704079 2.55154e-05 0.193336 0.00750321 6.64338e-09 0.0900426 7.1181e-06 0.0050059 
2.68723e-10 1.36573e-06 0.00328075 6.94275e-10 0.996716 1.24418e-09 2.30319e-06 2.0816e-09 5.02263e-09 
5.233e-09 1.15583e-08 2.45412e-08 0.138451 0.861549 2.42287e-08 2.24146e-08 4.05363e-08 9.78089e-08 
1.85231e-09 0.00716259 8.68677e-09 1.18957e-07 2.65016e-07 0.0721146 0.920722 1.43485e-08 3.4621e-08 
4.27113e-06 9.43379e-06 2.00303e-05 0.999779 3.61487e-05 1.97752e-05 1.82946e-05 3.30854e-05 7.98307e-05 
0.000210993 0.279923 0.0014995 0.0148239 0.681233 0.000459555 0.0199576 0.000649857 0.0012428 
1.44148e-07 3.18385e-07 6.76011e-07 3.72423e-07 0.998203 6.67403e-07 0.00179117 1.11661e-06 2.69424e-06 
2.18997e-08 4.83705e-08 0.596374 2.26887e-05 0.402392 1.01395e-07 0.00121015 1.69641e-07 4.09321e-07 
2.59024e-07 5.72116e-07 1.21475e-06 6.69218e-07 0.996599 1.19928e-06 1.10948e-06 2.00647e-06 0.00339379 
3.9141e-09 3.11759e-05 1.8356e-08 3.05016e-05 0.999901 3.68422e-05 1.67653e-08 3.03197e-08 7.31575e-08 
1.14478e-09 0.856789 3.59754e-05 0.000179533 0.000119182 2.01465e-05 0.142856 8.86776e-09 2.13968e-08 
1.46038e-06 3.2256e-06 6.84876e-06 3.77306e-06 0.999933 6.76155e-06 6.25528e-06 1.13125e-05 2.72957e-05 
