0.0861518 0.762957 0.00582532 0.012001 0.0243352 0.0633695 0.0451547 0.000182863 2.22524e-05 
0.27782 0.429222 0.131261 0.0133155 0.00137802 0.0309507 0.115422 0.000625711 5.04524e-06 
0.139707 0.617822 0.000592969 0.124215 0.0392303 0.000747131 0.0776628 7.24773e-06 1.59349e-05 
0.0601069 0.78845 0.00426593 0.0126938 0.0839868 0.0394291 0.00910937 0.00101979 0.000938282 
0.143046 0.786538 0.0115046 0.043043 0.0112658 0.00289589 0.00169917 7.46544e-06 2.21595e-09 
0.00960318 0.558795 0.0769161 6.27461e-05 5.63281e-05 0.349082 0.00548477 1.9997e-08 8.78522e-12 
0.0521584 0.917914 0.000154322 0.000196081 0.00306054 0.0248175 0.00157289 0.000120964 5.60195e-06 
0.354459 0.379526 0.011543 0.0917355 0.00431981 0.119152 0.0391916 4.15569e-05 3.12888e-05 
0.143046 0.786538 0.0115046 0.043043 0.0112658 0.00289589 0.00169917 7.46544e-06 2.21595e-09 
0.0900588 0.804144 0.00829391 0.0111826 0.00396578 0.0592786 0.0230026 1.05726e-05 6.30119e-05 
0.063994 0.447468 0.00324824 0.075227 0.144137 0.00260222 0.263193 6.46779e-05 6.64698e-05 
0.108085 0.662084 0.103107 0.0114499 0.00296786 0.0624319 0.0476265 0.000464699 0.00178331 
0.0163719 0.916505 0.00191469 0.0623306 0.000293649 0.000198526 0.0023854 4.99833e-12 5.06664e-07 
0.251084 0.697493 0.0045772 0.00685711 0.00311294 0.000839188 0.0359804 5.60768e-05 2.93592e-08 
0.0521584 0.917914 0.000154322 0.000196081 0.00306054 0.0248175 0.00157289 0.000120964 5.60195e-06 
0.00221954 0.918427 0.0499748 0.000317783 2.1109e-05 0.00767109 0.0213444 2.47412e-05 1.69156e-08 
0.00150801 0.790318 9.13776e-06 0.00119814 0.00776597 0.192593 0.0066057 1.84562e-07 1.96858e-06 
0.115032 0.802693 0.00191516 0.0115113 0.0113457 0.0106436 0.0457841 0.00101056 6.40102e-05 
0.188864 0.299661 0.0253704 0.060105 0.055947 0.0848261 0.281533 0.00117509 0.00251752 
0.163948 0.242729 0.128586 0.225059 0.00517471 0.00370873 0.193864 0.000239605 0.0366915 
0.121548 0.519135 5.52163e-05 0.347944 0.0110969 5.52164e-05 5.52172e-05 5.521e-05 5.51872e-05 
0.130429 0.613873 0.0333433 0.0118327 0.0132994 0.146911 0.0478594 0.00154448 0.000908914 
0.401397 0.405799 0.0123151 0.148439 0.000125953 0.00617792 0.0257444 1.50402e-06 1.90288e-07 
0.143046 0.786538 0.0115046 0.043043 0.0112658 0.00289589 0.00169917 7.46544e-06 2.21595e-09 
0.241611 0.380331 0.0518303 0.110475 0.0360574 0.0426493 0.103647 0.0333966 3.10429e-06 
0.0628424 0.914449 0.00943525 0.00253062 0.00105961 0.0014967 0.00812407 2.21104e-06 6.01844e-05 
0.189585 0.354167 0.000812065 0.0163481 0.0038997 0.00394315 0.332148 0.0990816 1.5753e-05 
0.106024 0.450574 1.05131e-05 0.00651965 0.364235 0.000567878 0.0719133 3.4723e-06 0.000152369 
0.192194 0.423255 0.00352527 0.1724 0.0196901 0.031507 0.157116 0.000200072 0.000112032 
0.0943674 0.697081 0.0842088 0.0617958 0.000549909 0.00307016 0.0589254 1.14937e-06 2.97878e-11 
0.0521584 0.917914 0.000154322 0.000196081 0.00306054 0.0248175 0.00157289 0.000120964 5.60195e-06 
0.114658 0.544336 0.0910539 4.31009e-05 0.0240136 0.00475579 0.22114 3.68213e-07 1.58581e-08 
0.000599283 0.826851 0.0099281 0.00853028 0.0141178 0.0200805 0.119835 5.66603e-05 1.12124e-06 
0.0145898 0.905215 0.000379665 0.0156494 0.00334711 0.00026212 0.060539 1.63297e-05 1.86112e-06 
0.0673474 0.885537 0.00118411 0.00152276 0.00943131 0.0283883 0.0064124 0.000166907 9.66822e-06 
0.0174833 0.973488 0.00211986 0.000267631 8.9798e-05 0.0033429 0.00319967 9.26437e-06 1.70526e-08 
0.0392794 0.939249 0.00102053 0.00269254 0.00157748 0.00652384 0.00959016 6.63587e-05 3.68251e-07 
0.0521584 0.917914 0.000154322 0.000196081 0.00306054 0.0248175 0.00157289 0.000120964 5.60195e-06 
0.0566864 0.49518 0.0194112 0.0289129 0.0879852 0.0133458 0.29847 3.54484e-06 5.43863e-06 
0.112495 0.738412 0.00622842 0.00763121 0.00439307 0.104486 0.0261639 0.000171789 1.95656e-05 
0.0127168 0.537484 0.00438699 0.00113002 0.000184965 0.440118 0.00360494 0.000374761 7.1684e-12 
0.21242 0.302273 0.0153805 0.0617962 0.214906 0.150666 0.0388568 0.000415019 0.00328649 
0.121948 0.675595 0.000317191 0.0085863 0.00210735 0.04713 0.144252 4.75029e-05 1.61135e-05 
0.139398 0.571126 0.0228484 0.0165494 0.00703252 0.164964 0.0704214 0.000234994 0.00742538 
0.374785 0.408038 0.0255852 0.133242 0.00640086 0.00349609 0.0471836 0.000811215 0.000457769 
0.0227093 0.909696 7.459e-07 0.0240582 0.00577961 1.88773e-10 0.0377559 3.79312e-07 7.62058e-10 
0.320454 0.391324 0.00725769 0.021496 0.00100487 0.237392 0.0208073 3.87945e-05 0.000226063 
0.0736611 0.700014 0.0137707 0.0322522 0.0171416 0.0983624 0.0646779 0.000119934 3.48269e-08 
0.274457 0.318607 0.0104344 0.0910711 0.0315241 0.0313026 0.239632 0.00297191 3.22865e-07 
0.000666237 0.675079 2.05985e-05 8.02078e-05 0.322492 0.00108802 0.00036445 0.000102457 0.00010705 
0.0836028 0.856239 2.0413e-07 0.0164339 0.00424549 0.02223 0.0136567 0.00206168 0.00153036 
0.0550675 0.581362 0.0325091 0.0662095 0.0564164 0.0771997 0.130384 0.000851602 1.41798e-07 
0.227071 0.391348 0.0076083 0.00819323 0.168396 0.00379958 0.192599 0.000847073 0.000137574 
0.193243 0.327418 0.0189795 0.207005 0.0329251 0.0178551 0.202198 0.00034895 2.68739e-05 
0.0863546 0.305435 0.0345781 0.0292735 0.049163 0.192798 0.302397 2.1116e-07 5.11204e-08 
0.0539157 0.630659 0.0181071 0.0199678 0.00511438 0.232881 0.0332053 0.00116908 0.00498052 
0.144164 0.642281 0.015389 0.0277794 0.00939609 0.0920844 0.0654757 0.00219573 0.00123426 
0.239922 0.596889 0.0423833 0.00515378 0.000442335 0.112831 0.00236176 1.67344e-05 1.76545e-08 
0.0278626 0.932662 0.000118297 0.000156466 0.00263156 0.00397758 0.0324116 4.58906e-05 0.000133762 
0.135813 0.621192 0.0340454 0.0739163 0.0108971 0.0185533 0.104277 0.000111981 0.0011933 
0.0952599 0.77042 0.000222709 0.0366365 0.0294765 0.0333086 0.0343068 0.000323353 4.51251e-05 
0.0571244 0.469556 0.00352279 0.00649804 0.000546383 0.431584 0.0308554 0.000297357 1.51424e-05 
0.270014 0.273258 0.084917 0.0811322 0.0200981 0.0380365 0.231907 0.000113881 0.000523175 
0.302001 0.529995 0.0798296 0.0112727 0.000205767 0.0179583 0.0587185 6.35106e-09 1.9017e-05 
0.0392794 0.939249 0.00102053 0.00269254 0.00157748 0.00652384 0.00959016 6.63587e-05 3.68251e-07 
0.0392794 0.939249 0.00102053 0.00269254 0.00157748 0.00652384 0.00959016 6.63587e-05 3.68251e-07 
0.0663733 0.888253 0.000709967 0.000226166 0.00535292 0.0247948 0.00384933 0.0104372 3.82923e-06 
0.0134352 0.647277 1.24374e-05 0.000440807 0.00291787 0.293082 0.0428343 2.33864e-09 1.61431e-09 
0.231018 0.483338 0.00759152 0.0841831 0.055194 0.00523505 0.132908 0.000383146 0.000149353 
5.42013e-06 0.820574 5.41939e-06 5.41979e-06 0.00217287 0.114897 0.0623293 5.41877e-06 5.41653e-06 
0.289819 0.437549 0.0133566 0.0528706 0.000923977 4.11193e-06 0.204515 0.000961015 3.53198e-08 
0.143046 0.786538 0.0115046 0.043043 0.0112658 0.00289589 0.00169917 7.46544e-06 2.21595e-09 
0.426277 0.433869 1.08565e-07 0.00224793 0.0102525 0.0287921 0.0985129 7.03136e-08 4.85272e-05 
0.179203 0.674302 0.0128769 0.0182671 0.00282012 0.0173536 0.0951316 1.4877e-05 3.11594e-05 
0.0623747 0.907013 0.000284844 0.00037388 0.00197165 0.0176137 0.0102646 0.000100976 2.78901e-06 
0.00232451 0.886854 5.86803e-05 0.0100719 8.87164e-05 0.0961801 0.0044223 1.21522e-08 4.48698e-08 
0.065198 0.898448 0.000192181 0.000245098 0.00363705 0.0302323 0.00189111 0.000149609 7.001e-06 
0.151769 0.545513 0.021311 0.0322333 0.0122966 0.13418 0.0969317 0.00447078 0.00129507 
0.161648 0.537657 0.0250514 0.055162 0.0220954 0.00152389 0.196404 0.000455173 2.76458e-06 
0.136322 0.677247 5.38727e-06 5.38768e-06 0.0619503 5.38728e-06 0.124453 5.38666e-06 5.38443e-06 
0.0411905 0.805449 0.0372082 0.00934158 0.000767556 0.0424958 0.034179 0.0293654 2.968e-06 
0.0300218 0.774829 0.000112798 0.0284845 0.0056819 0.0803809 0.0802233 0.000265916 1.04672e-09 
0.13525 0.73742 0.0157991 0.0161352 0.0076078 0.0198061 0.0679396 3.88124e-05 4.04951e-06 
0.0131172 0.979377 0.00447094 0.000185509 6.23913e-09 0.000327745 0.00252188 7.34085e-09 9.22456e-12 
0.117975 0.725954 0.00636153 0.0165175 0.00541455 0.077038 0.0502774 0.000462165 1.15943e-07 
0.118523 0.63237 0.0196783 0.0411542 0.017351 0.107773 0.0613433 0.00122882 0.000577939 
0.0837474 0.751263 0.0686332 0.00809374 0.0159687 0.0562585 0.0160352 5.8019e-11 1.39992e-10 
0.143046 0.786538 0.0115046 0.043043 0.0112658 0.00289589 0.00169917 7.46544e-06 2.21595e-09 
0.149153 0.608143 0.00606 0.043022 0.00701405 0.00663257 0.178377 0.00139404 0.0002051 
0.0471245 0.345366 0.00251189 0.0118608 0.111855 1.57857e-05 0.164663 4.27854e-05 0.316561 
0.260713 0.578576 0.0064613 0.0793036 0.0326267 0.00844761 0.0260483 0.00781875 3.93779e-06 
0.061253 0.882465 0.000243379 0.00105736 0.00751581 0.0428297 0.00441343 0.000212535 9.35352e-06 
0.0982824 0.849954 0.0177508 0.00957134 0.00151524 0.0180017 0.00484944 6.84764e-05 6.93677e-06 
0.133287 0.655145 0.0215917 0.0290229 0.0198995 0.0510538 0.0862413 0.00357966 0.000178922 
0.0606997 0.802911 0.012951 0.0123721 0.00607356 0.0446606 0.0589977 0.000999013 0.00033515 
0.0147952 0.427118 0.0453207 0.00655995 0.103287 0.0464722 0.355438 0.000348882 0.000660352 
0.112493 0.572909 0.200406 0.0184511 0.000553645 0.0593522 0.0323681 0.000184311 0.00328194 
0.161538 0.398803 0.0144294 0.000183768 0.000127268 0.327019 0.0978897 1.05717e-05 1.33223e-08 
0.0953202 0.70731 0.0412689 0.00104085 0.00688283 0.133156 0.00977844 0.000971287 0.00427154 
0.354195 0.395559 0.00351926 0.00321036 0.00930831 0.0835839 0.136222 0.0144013 7.13341e-07 
0.143046 0.786538 0.0115046 0.043043 0.0112658 0.00289589 0.00169917 7.46544e-06 2.21595e-09 
0.252914 0.629659 0.00392574 0.0479816 0.00139879 0.000584316 0.0634956 3.48407e-05 5.41328e-06 
0.143046 0.786538 0.0115046 0.043043 0.0112658 0.00289589 0.00169917 7.46544e-06 2.21595e-09 
0.295304 0.537531 0.00461704 7.31968e-06 0.0144545 1.14333e-05 0.147763 1.24314e-06 0.000311051 
0.11407 0.516326 0.0117499 0.0384047 0.00434362 0.00197443 0.313131 4.41355e-08 3.05814e-09 
0.341488 0.398529 0.0476842 0.117154 0.00524804 0.0403982 0.0494881 1.53039e-06 8.33269e-06 
0.117413 0.620447 0.0119243 0.0332522 0.0124965 0.053679 0.14926 0.000769309 0.000758999 
0.284673 0.314324 0.0642929 0.16446 0.00135211 0.000617414 0.167978 3.90059e-05 0.00226396 
0.00232451 0.886854 5.86803e-05 0.0100719 8.87164e-05 0.0961801 0.0044223 1.21522e-08 4.48698e-08 
0.0478437 0.797604 0.0396182 0.0117873 2.59469e-05 0.017646 0.0607905 0.000263557 0.0244203 
0.0256701 0.934635 0.00138793 0.00451648 0.0270243 0.000776322 0.00573829 0.00021407 3.7697e-05 
0.260126 0.430935 0.0321256 0.00917509 0.136921 0.00072898 0.129987 4.80336e-07 5.41609e-07 
0.143237 0.764736 0.0202948 0.00921781 0.00890487 0.0251437 0.0275328 0.000126519 0.000806327 
0.313322 0.340449 0.0184175 0.00119301 0.0329327 0.00111899 0.186586 0.105981 3.65332e-12 
0.00169352 0.992278 9.58537e-05 2.537e-05 0.00326693 0.00223725 0.000217774 0.000176225 9.51874e-06 
0.125011 0.421724 0.0168926 0.0209686 0.00833453 0.245156 0.157328 0.00445171 0.000133076 
0.198213 0.343587 0.0065099 0.073263 0.123585 0.0070926 0.227633 0.00032192 0.0197934 
0.0455692 0.88154 0.00619913 0.0206715 8.06213e-05 0.0427002 0.0032357 3.72028e-06 3.3163e-08 
0.0525895 0.902561 0.000642455 0.00786809 0.00382675 0.000967912 0.0315448 1.20632e-08 4.20381e-08 
0.0744154 0.808235 0.0226328 0.00965233 0.00182184 0.0743077 0.00879593 0.000135054 4.19782e-06 
0.00232451 0.886854 5.86803e-05 0.0100719 8.87164e-05 0.0961801 0.0044223 1.21522e-08 4.48698e-08 
0.229931 0.387337 0.0302895 0.164613 0.0931031 3.7925e-05 0.0695087 0.0251791 9.76631e-07 
0.0713767 0.792781 0.000235394 0.0052449 0.0671263 0.0256603 0.0374066 0.000165329 3.95393e-06 
0.0220871 0.770793 0.000459494 0.00933722 0.0873473 0.0635265 0.046306 0.000143087 3.22882e-08 
0.202199 0.571723 0.0253333 0.0617594 0.027112 0.0747148 0.0307994 0.00585363 0.000505031 
0.0142852 0.932552 0.00160695 0.0488512 0.000251393 0.000322431 0.00213051 5.23181e-12 6.38387e-09 
0.0563725 0.525887 0.0104753 0.0136035 0.00569168 0.208927 0.176946 0.000198287 0.00189849 
0.136866 0.578144 0.00867704 0.0242282 0.115503 0.0792537 0.0555253 0.00041524 0.00138716 
0.400286 0.461457 0.00658009 0.0132755 0.0160379 0.00122011 0.100557 0.000485046 0.000101756 
0.0166359 0.513636 0.000747513 0.00142841 0.00184278 5.28681e-05 0.465653 5.30212e-07 2.92659e-06 
0.265609 0.414691 0.00367884 0.0108486 0.00286539 0.202817 0.0980947 0.00137828 1.68754e-05 
0.289486 0.357314 0.048197 0.0717021 0.0171325 0.0490974 0.165351 0.000935098 0.000784523 
0.057153 0.819432 0.00116557 0.00808297 0.0179347 0.038845 0.0572424 8.47009e-05 5.93396e-05 
0.392775 0.449715 0.00510564 0.0341439 0.0300083 0.00382706 0.0839931 0.000389976 4.13015e-05 
0.311131 0.347216 0.0478095 0.00410433 0.00321557 0.0226088 0.254319 4.02366e-07 0.0095954 
0.189821 0.775698 0.00555659 0.00515223 0.00128805 0.00993533 0.0108922 0.00165601 3.67768e-07 
0.0878529 0.606833 0.02391 0.0161776 0.000547388 0.0502488 0.214427 3.58485e-06 1.75545e-09 
0.0381795 0.468739 0.0163204 0.00738656 0.00348359 0.421202 0.0437202 0.000660871 0.000308099 
0.231873 0.310739 0.00501619 0.0431375 0.216238 0.0152855 0.177544 0.000161606 5.04747e-06 
0.143046 0.786538 0.0115046 0.043043 0.0112658 0.00289589 0.00169917 7.46544e-06 2.21595e-09 
0.0906049 0.781623 0.000251056 0.0172707 0.00348987 0.0553882 0.0513627 9.08695e-06 6.05375e-07 
0.362129 0.530564 0.0165524 0.0587297 0.00354599 0.00680947 0.021631 3.88586e-05 1.83285e-10 
0.360707 0.378026 0.035094 0.116421 0.0363838 0.0133695 0.0351172 0.00501478 0.0198658 
0.0943674 0.697081 0.0842088 0.0617958 0.000549909 0.00307016 0.0589254 1.14937e-06 2.97878e-11 
0.180755 0.577572 0.0353178 0.036875 0.0133969 0.0839702 0.0714617 0.000362426 0.000289559 
0.260318 0.466578 0.00061883 0.0856866 0.00804091 0.133568 0.0451215 4.49964e-05 2.30123e-05 
0.186348 0.807802 4.96611e-06 0.00210258 0.000141408 6.67022e-05 0.00353414 3.91199e-08 1.05977e-09 
0.174437 0.597291 0.0184793 0.0124282 0.00280525 0.00770221 0.186739 0.000118168 1.32207e-08 
0.113897 0.348953 0.00588185 0.0302462 0.0409156 0.255654 0.202515 0.000322397 0.00161431 
0.0522564 0.7364 0.00164634 0.00969093 0.00867507 0.0100556 0.180938 0.000337765 5.62069e-08 
0.0107701 0.677827 0.0256152 0.243391 1.14068e-07 0.0222582 0.0201175 2.01951e-05 1.73871e-07 
0.113288 0.664798 0.0177293 0.000981076 0.0018975 0.127883 0.0733541 5.64309e-05 1.28469e-05 
0.136273 0.629859 0.0153703 0.0242011 0.00526751 0.0981098 0.0491473 0.0417708 1.53896e-06 
0.159223 0.755462 0.0109505 0.0284885 0.0057668 0.0226177 0.0173991 5.75459e-05 3.45002e-05 
0.048356 0.482075 2.59603e-05 0.00255341 0.0738995 0.32765 0.0653062 0.000134474 7.79884e-08 
0.123497 0.597517 0.00668947 0.0159516 0.00181624 0.0657999 0.188064 0.000607539 5.75305e-05 
0.176806 0.546962 0.0013666 0.00175858 0.00270839 0.0137294 0.256669 9.59825e-08 4.58632e-08 
0.1602 0.545699 0.0343969 0.021959 0.00951124 0.152833 0.074678 0.000556979 0.000165386 
0.365774 0.418525 0.0384723 0.0214089 0.00621068 0.0393167 0.110111 6.02937e-07 0.000181409 
0.0748124 0.90144 0.00198673 0.00543706 0.000646782 0.0015465 0.0141266 3.14313e-06 6.39866e-07 
0.0571854 0.523977 0.0324786 0.00137147 0.00839671 0.0855522 0.104465 0.186574 2.99129e-10 
0.111375 0.710123 0.020376 0.0118248 0.00508393 0.0795711 0.0429268 0.00115027 0.0175685 
0.143046 0.786538 0.0115046 0.043043 0.0112658 0.00289589 0.00169917 7.46544e-06 2.21595e-09 
0.0680892 0.89875 0.000443669 0.000747846 0.000340893 0.00932397 0.0222348 6.95228e-05 1.84829e-07 
0.143046 0.786538 0.0115046 0.043043 0.0112658 0.00289589 0.00169917 7.46544e-06 2.21595e-09 
0.0704723 0.769202 0.00382041 0.0196554 0.00914777 0.0430816 0.0846129 7.10483e-06 8.29941e-07 
0.0764348 0.559901 0.0122861 0.00075383 0.00245244 0.293427 0.0528794 0.0018649 9.15504e-11 
0.0521584 0.917914 0.000154322 0.000196081 0.00306054 0.0248175 0.00157289 0.000120964 5.60195e-06 
0.154009 0.431692 0.0167369 0.0453746 0.0706825 0.14557 0.135762 4.11146e-05 0.00013227 
0.105166 0.700804 0.00624418 0.0564775 0.117027 0.00028784 0.0135242 0.000468246 1.55466e-09 
0.0213431 0.896343 4.57815e-06 7.93809e-06 0.000826113 0.0308165 0.0506461 1.22623e-05 2.95511e-07 
0.180462 0.7158 0.00564137 0.00160196 0.00499724 0.0177284 0.0736459 8.58669e-05 3.7074e-05 
0.0494323 0.801072 0.0204492 0.106226 0.0143419 0.000315318 0.00809163 1.09601e-06 7.13183e-05 
0.161538 0.398803 0.0144294 0.000183768 0.000127268 0.327019 0.0978897 1.05717e-05 1.33223e-08 
0.033868 0.459749 0.00139908 0.00186194 0.0877916 0.0391341 0.375441 0.000471193 0.000284636 
0.143046 0.786538 0.0115046 0.043043 0.0112658 0.00289589 0.00169917 7.46544e-06 2.21595e-09 
0.193688 0.734343 0.015385 0.0140717 0.00149468 0.000594269 0.0404235 9.80349e-08 1.61876e-08 
0.227277 0.304439 0.0227356 0.0314437 0.0128858 0.164661 0.234928 0.000515535 0.00111485 
0.285138 0.367088 0.103113 0.0714223 0.00151465 0.0643258 0.104999 2.04501e-05 0.00237846 
0.25305 0.447049 0.0523769 0.0625941 0.0116868 0.067237 0.0793992 0.010745 0.0158621 
3.71144e-05 0.912635 7.12313e-05 0.0142719 0.00486102 0.0681162 8.04398e-06 3.14265e-11 7.58279e-11 
0.0778099 0.798776 0.00515448 0.00925797 0.0107035 0.0580631 0.0366284 0.00359421 1.23463e-05 
0.00973932 0.941969 0.00264991 0.00156427 0.00511052 0.00327788 0.0356847 9.59795e-07 3.45688e-06 
0.120407 0.522499 0.0362209 0.0203004 0.00169536 0.244258 0.0465416 0.00807584 1.87299e-06 
0.136139 0.760805 0.00140115 0.0541479 0.0119469 0.00564511 0.0299124 6.33455e-09 2.57371e-06 
0.1482 0.622214 0.0555167 0.0168125 0.00736264 0.0164672 0.0311042 0.000273034 0.10205 
0.161926 0.598821 0.000861164 0.000501423 0.00362041 0.149754 0.0844366 7.89524e-05 1.30592e-08 
0.276074 0.35411 0.0082721 0.166474 0.00330201 0.000162296 0.1913 0.000300289 3.71635e-06 
0.183068 0.450242 0.0139988 0.0311654 0.0328158 0.0145572 0.273321 0.000482086 0.000349877 
0.0219443 0.778639 1.28793e-08 3.06487e-08 0.00753733 0.160453 0.0314149 1.16863e-05 5.75111e-09 
0.391124 0.438535 0.000864844 0.088677 0.000674827 0.00623059 0.0738937 5.13513e-09 4.33453e-09 
0.0219443 0.778639 1.28793e-08 3.06487e-08 0.00753733 0.160453 0.0314149 1.16863e-05 5.75111e-09 
0.0757616 0.639846 0.00251372 0.00217201 0.00505604 0.0890045 0.182504 0.00309607 4.657e-05 
0.143046 0.786538 0.0115046 0.043043 0.0112658 0.00289589 0.00169917 7.46544e-06 2.21595e-09 
0.0825332 0.640013 0.0543767 0.0639774 0.0237988 0.026 0.103384 0.00589783 1.91535e-05 
0.231599 0.681742 1.00195e-05 0.0401109 0.0319707 0.00340363 0.0110774 5.39806e-07 8.66309e-05 
0.0440007 0.906112 0.000477968 0.00427377 0.00581379 0.0136614 0.0200074 0.000220152 0.00543236 
0.102183 0.841299 0.000290821 0.000258301 0.00527007 0.0478323 0.00265068 0.000213975 2.11764e-06 
0.284851 0.610758 0.0283296 0.0145303 0.00334244 0.0115651 0.0462469 9.14999e-05 0.000285032 
0.023008 0.964178 0.000622588 0.00161574 0.000979208 0.00387063 0.00567529 4.9012e-05 1.83362e-06 
0.13136 0.402172 0.111807 0.0432852 0.0706216 0.0213419 0.219406 3.00513e-06 3.00389e-06 
0.140964 0.65645 0.0025806 0.0809689 0.00682776 0.0270313 0.0849835 0.000177846 1.63091e-05 
0.296424 0.636849 0.00491243 0.027678 0.00824399 0.000208557 0.0255125 7.87798e-05 9.2316e-05 
0.00202792 0.991801 0.000116426 1.92842e-05 0.00506246 0.000565039 0.000157867 0.000236865 1.33266e-05 
0.170237 0.763445 0.00782691 0.00807676 0.000396099 0.0168918 0.0330422 6.99725e-08 8.4244e-05 
0.114608 0.581713 0.00069144 0.00648044 0.00302155 0.00173278 0.291061 0.000692631 8.67319e-08 
0.195175 0.596802 0.0115892 0.026797 0.00223816 0.00372512 0.163669 4.92916e-06 2.12849e-08 
0.0521584 0.917914 0.000154322 0.000196081 0.00306054 0.0248175 0.00157289 0.000120964 5.60195e-06 
0.191248 0.76216 5.20097e-05 0.00429911 0.00374102 0.00714581 0.0313419 9.8844e-06 2.7832e-06 
0.0793618 0.594552 0.0276242 0.0343259 0.0120329 0.071422 0.178565 0.00167214 0.000444493 
0.0924535 0.7953 0.0259845 0.00690782 0.000651567 0.0427551 0.0216569 0.0142893 1.40524e-06 
0.079156 0.526738 0.0195275 0.0125779 0.00408091 0.235042 0.119876 0.00244628 0.000555015 
0.28198 0.401417 0.0563761 0.105362 0.0176184 0.03087 0.106341 3.60876e-05 3.10271e-08 
0.171727 0.452006 0.0130212 0.0227748 0.00370012 0.151349 0.185137 5.18164e-05 0.000232659 
0.257384 0.491067 0.00134491 0.134672 0.00772506 0.00584027 0.101912 4.27538e-05 1.2459e-05 
0.0747473 0.451566 0.00810732 0.0261109 0.042536 0.0248488 0.372008 6.86313e-05 7.09114e-06 
0.0206967 0.926382 0.00157235 0.000577166 0.0201176 0.0232856 0.00474092 0.000320087 0.00230792 
0.0849417 0.5935 0.0132516 0.0270027 0.014396 0.19143 0.0748328 0.000622554 2.24755e-05 
0.166896 0.562381 0.0369606 0.194748 0.000288029 9.73254e-05 0.038491 0.0001134 2.47921e-05 
0.305176 0.348715 0.0353448 0.0810558 0.0276542 0.00606566 0.181065 0.0146891 0.000235415 
0.12216 0.432366 0.0131785 0.0362694 0.00450442 0.0543481 0.337173 8.43207e-07 3.60503e-11 
0.136866 0.578144 0.00867704 0.0242282 0.115503 0.0792537 0.0555253 0.00041524 0.00138716 
0.0602392 0.547118 0.00041423 0.00921565 0.00941748 0.200788 0.172747 4.09831e-05 1.91038e-05 
0.130988 0.687027 0.000612181 0.0310179 0.0597374 0.00169531 0.0888383 3.03837e-07 8.30985e-05 
0.113266 0.429105 0.020173 0.0306895 0.00862911 0.333351 0.054754 0.00996709 6.50726e-05 
0.0507845 0.501271 0.0145899 0.0143034 0.0186118 0.314465 0.0857719 0.000162391 3.93554e-05 
0.00232451 0.886854 5.86803e-05 0.0100719 8.87164e-05 0.0961801 0.0044223 1.21522e-08 4.48698e-08 
0.0107162 0.806045 0.000350899 0.00410487 0.000119253 0.0538601 0.124803 1.68579e-07 1.20431e-08 
0.00202792 0.991801 0.000116426 1.92842e-05 0.00506246 0.000565039 0.000157867 0.000236865 1.33266e-05 
0.0841902 0.845021 0.00254736 0.00478837 0.00450306 0.00199638 0.0569093 4.4106e-05 4.99318e-07 
0.430898 0.554106 0.00309618 0.000105505 9.80557e-06 0.00502046 0.00671784 4.26511e-05 3.13545e-06 
0.0169471 0.915493 0.00206604 0.0628083 0.000323196 5.82622e-05 0.00230392 4.75477e-12 6.73867e-09 
0.00414518 0.7781 0.108349 1.42074e-05 0.0134846 0.0903272 0.00557898 1.50093e-06 2.149e-09 
0.173252 0.582619 0.0239396 0.0425512 0.0124681 0.0414196 0.123388 0.000283563 7.94573e-05 
0.167236 0.455555 0.0243304 0.0260322 0.0189277 0.230266 0.044026 0.0334767 0.000149024 
0.273465 0.60441 0.0268941 0.0273832 0.00507983 0.012363 0.0026479 0.0477532 3.94232e-06 
0.0516152 0.613287 5.3585e-05 0.000561306 0.000750484 0.319433 0.0142992 2.08376e-09 1.43933e-09 
0.187043 0.585969 0.05539 0.00446168 0.00328027 0.118787 0.0445578 0.000101028 0.000411347 
0.14036 0.42888 0.321651 0.0423585 6.00383e-07 0.000229506 0.0665139 5.49504e-07 6.16631e-06 
0.0439789 0.896234 0.00151611 0.0057314 0.00914726 8.13654e-05 0.0433087 2.69206e-08 2.26626e-06 
0.00204687 0.959914 0.00232329 1.17642e-07 0.000610653 0.01459 0.0204741 3.80138e-05 2.93245e-06 
0.12919 0.45426 0.00206415 0.283108 0.0132157 0.000429646 0.117569 0.000139704 2.27745e-05 
0.117787 0.429221 0.00529803 0.101967 0.0475913 0.152801 0.139138 0.000631136 0.00556579 
0.160066 0.566831 0.000317698 0.0271949 0.000639677 0.00946507 0.235466 1.95892e-05 2.10509e-10 
0.00204687 0.959914 0.00232329 1.17642e-07 0.000610653 0.01459 0.0204741 3.80138e-05 2.93245e-06 
0.130398 0.522919 0.168996 0.00583018 4.43417e-05 0.134919 0.0368777 1.37963e-05 1.94508e-06 
0.0392794 0.939249 0.00102053 0.00269254 0.00157748 0.00652384 0.00959016 6.63587e-05 3.68251e-07 
0.108038 0.711279 0.0152182 0.0504026 0.0123441 0.0756219 0.0246588 0.00187098 0.00056571 
0.351629 0.517391 0.00224355 0.0543581 0.00211423 1.00255e-05 0.0722539 2.59004e-07 1.11467e-09 
0.00204687 0.959914 0.00232329 1.17642e-07 0.000610653 0.01459 0.0204741 3.80138e-05 2.93245e-06 
0.187202 0.526505 0.0221624 0.0120275 0.00260182 0.153543 0.0933249 0.00219436 0.000439525 
0.0853094 0.694073 0.0255601 0.124097 0.0143754 0.00568365 0.0501211 0.000750238 3.0322e-05 
0.178667 0.352177 0.00559611 0.132759 0.00270985 0.293798 0.0338623 0.000250181 0.000180319 
0.0521584 0.917914 0.000154322 0.000196081 0.00306054 0.0248175 0.00157289 0.000120964 5.60195e-06 
0.0392794 0.939249 0.00102053 0.00269254 0.00157748 0.00652384 0.00959016 6.63587e-05 3.68251e-07 
0.127742 0.701452 0.0105531 0.00263287 0.00189763 0.0952633 0.0604151 4.01711e-05 4.00108e-06 
0.250492 0.504322 0.0227929 0.0246624 0.00580364 0.152777 0.0386948 0.000319301 0.000134942 
0.12216 0.432366 0.0131785 0.0362694 0.00450442 0.0543481 0.337173 8.43207e-07 3.60503e-11 
0.0601314 0.358263 0.355058 0.00466362 2.13707e-06 0.0579264 0.144214 5.95381e-06 0.0197352 
2.8667e-07 0.8305 4.96059e-05 1.45391e-07 0.00781634 0.11022 0.0514138 4.68251e-09 5.13324e-12 
0.128958 0.515311 0.00206962 0.013804 0.00171972 0.323876 0.0142101 3.17721e-05 1.93628e-05 
0.065198 0.898448 0.000192181 0.000245098 0.00363705 0.0302323 0.00189111 0.000149609 7.001e-06 
0.0702683 0.839791 0.00351834 0.0446971 0.000697787 0.000355695 0.0406351 3.61115e-05 2.3675e-07 
0.00470746 0.945618 0.0251748 0.000516482 7.29441e-05 0.0138251 0.0100137 7.09005e-05 5.82827e-07 
0.127474 0.430663 0.00164585 0.0254289 0.00444511 0.00208956 0.408253 4.71444e-07 4.70663e-09 
0.114608 0.581713 0.00069144 0.00648044 0.00302155 0.00173278 0.291061 0.000692631 8.67319e-08 
0.06315 0.773485 0.00366172 0.0316777 0.0615789 0.0290949 0.0367427 6.12584e-05 0.000548033 
0.243496 0.514954 0.00736729 0.0123308 0.0172283 0.0344059 0.169 0.000291685 0.000925686 
0.0219443 0.778639 1.28793e-08 3.06487e-08 0.00753733 0.160453 0.0314149 1.16863e-05 5.75111e-09 
0.279861 0.465465 0.0867911 0.0533105 0.0970578 0.00114679 0.0156972 0.000556276 0.00011462 
0.143046 0.786538 0.0115046 0.043043 0.0112658 0.00289589 0.00169917 7.46544e-06 2.21595e-09 
0.0700722 0.906714 0.000862761 0.00174287 0.00248296 0.0120843 0.0059464 8.98792e-05 4.22108e-06 
0.0521584 0.917914 0.000154322 0.000196081 0.00306054 0.0248175 0.00157289 0.000120964 5.60195e-06 
0.118662 0.43003 0.00062179 0.000542207 0.000343987 0.417398 0.0323922 9.2901e-06 3.20013e-07 
0.310429 0.329926 0.00898919 0.125896 0.00146533 0.186595 0.036682 1.45446e-05 2.4687e-06 
0.191395 0.527386 0.00749348 0.0743684 0.0569052 0.0324997 0.109247 0.000190943 0.000515209 
0.295017 0.549391 0.00657165 0.00340753 0.00217419 0.0961729 0.0468995 0.000273244 9.26495e-05 
0.150893 0.525956 0.000559571 0.0115051 0.000519703 0.222821 0.0261364 0.0615974 1.27283e-05 
0.189756 0.310544 0.0145353 0.00821715 0.168545 0.000751277 0.307627 2.47455e-05 1.48495e-09 
0.0773616 0.891377 0.00983846 0.0116282 0.00132338 0.00344155 0.00492867 6.33561e-06 9.4691e-05 
0.134084 0.694 0.0108994 0.0495783 0.00575063 0.00101497 0.103586 0.000955892 0.000131745 
0.143046 0.786538 0.0115046 0.043043 0.0112658 0.00289589 0.00169917 7.46544e-06 2.21595e-09 
0.143046 0.786538 0.0115046 0.043043 0.0112658 0.00289589 0.00169917 7.46544e-06 2.21595e-09 
0.0272634 0.913316 0.00637678 0.00862907 0.000127568 0.0369177 0.00736661 2.6951e-06 6.19902e-09 
0.0890324 0.530157 0.00681624 0.00404983 0.00305459 0.300248 0.0664437 0.00011146 8.61986e-05 
0.115939 0.350579 0.22544 0.162678 0.0249669 0.0291965 0.0879583 1.93831e-05 0.00322273 
0.272035 0.402783 0.00200631 0.19761 0.070081 0.000288128 0.0550982 6.9316e-05 2.89286e-05 
0.134136 0.656663 0.0297506 0.0252935 0.0295011 0.0381881 0.0774927 0.00858049 0.000394237 
0.0690282 0.445587 0.0192183 0.0290437 0.00134819 0.278091 0.150996 1.06256e-06 0.00668604 
0.131814 0.329218 0.0514516 0.296174 0.114551 0.00547801 0.0712915 1.46341e-05 6.94535e-06 
0.0366791 0.63371 0.0143738 0.00304877 0.000156806 0.288086 0.0161742 0.00776953 1.77279e-06 
0.224993 0.756664 0.00709108 0.00590224 0.000555264 0.00113373 0.00348739 9.02696e-05 8.35028e-05 
0.143046 0.786538 0.0115046 0.043043 0.0112658 0.00289589 0.00169917 7.46544e-06 2.21595e-09 
0.0927518 0.691419 0.0040646 0.0119059 0.000371524 0.0413809 0.157428 0.000135498 0.000542968 
0.202247 0.554904 0.0889511 0.0108715 0.000940806 0.0278339 0.11425 5.10977e-07 7.20364e-07 
0.189585 0.354167 0.000812065 0.0163481 0.0038997 0.00394315 0.332148 0.0990816 1.5753e-05 
0.243253 0.416331 0.00237101 0.0703688 0.0759088 0.0970219 0.0944303 0.000278297 3.62591e-05 
0.0656436 0.902558 0.000618516 0.000813555 0.00035697 0.00851184 0.0214353 6.21294e-05 1.81152e-07 
0.222419 0.596552 0.024047 0.0544457 0.0001973 0.0820736 0.0202558 7.80211e-06 2.27601e-06 
0.0494936 0.848253 0.000616379 0.0203504 0.00472258 0.00668506 0.0698782 6.6812e-07 1.06561e-07 
0.134704 0.352766 0.00880924 0.0335353 0.000356716 0.32677 0.139415 0.00211333 0.00152998 
0.0495158 0.795836 0.00771848 0.0130493 9.88764e-05 0.100152 0.0335787 5.04802e-05 8.51432e-07 
0.188584 0.715796 0.0172098 0.0328534 0.0026471 0.0330939 0.00919741 2.5313e-05 0.000592924 
0.0261266 0.905589 0.0205537 0.000184727 0.00484475 0.0348799 0.00775347 6.49458e-05 3.31052e-06 
2.18693e-06 0.964238 7.23697e-09 3.98693e-09 4.54981e-06 0.0306826 0.0050727 1.19538e-08 2.88429e-08 
0.0780084 0.748598 0.0927477 0.00498329 0.000777624 0.0247586 0.0340367 0.0160882 9.57233e-07 
0.20396 0.385932 0.0142055 0.0853465 0.00473943 1.28639e-05 0.30541 1.01813e-07 0.000392856 
0.00847806 0.562565 0.00292515 0.000753437 0.000123374 0.422501 0.0024035 0.000250266 2.23659e-11 
0.143046 0.786538 0.0115046 0.043043 0.0112658 0.00289589 0.00169917 7.46544e-06 2.21595e-09 
0.170311 0.44462 0.0256621 0.018965 0.00705052 0.289904 0.0389275 0.00453659 2.25754e-05 
0.0748124 0.90144 0.00198673 0.00543706 0.000646782 0.0015465 0.0141266 3.14313e-06 6.39866e-07 
0.0194747 0.670743 0.00180098 0.0333035 0.00593446 0.242577 0.0256976 0.00046919 5.36699e-08 
0.0971689 0.540918 2.61389e-06 0.0560354 0.00104147 5.90573e-08 0.304718 0.000114832 2.02995e-07 
0.157036 0.34012 0.00836783 0.272183 0.0227076 0.00889325 0.173666 0.017002 2.43505e-05 
0.370794 0.463855 0.0071196 0.105177 0.00334569 0.000954178 0.0483177 4.63457e-05 0.000390846 
0.26711 0.41111 0.0102436 0.0275182 0.0248026 0.0137999 0.24062 0.00476336 3.22068e-05 
0.153758 0.444675 0.0050132 0.300618 0.0308467 0.00160139 0.0630215 0.000208299 0.000258488 
0.0973323 0.510916 0.0471952 0.0603703 0.0749523 0.0320517 0.170344 0.00660987 0.000228339 
0.0655649 0.696467 0.00544833 0.0314001 0.0245265 0.099389 0.062632 0.000236657 0.0143355 
0.201862 0.580601 0.0212388 0.0178343 0.00119884 0.104874 0.0720506 0.000203478 0.000136866 
0.00292787 0.415411 0.0265877 0.0638404 0.00810663 0.00163885 0.0900879 0.000144718 0.391255 
0.0944069 0.710044 0.0147747 0.000839225 0.00158136 0.11716 0.0611289 4.70456e-05 1.75482e-05 
0.137106 0.402728 0.086057 0.0241173 0.00440347 0.136917 0.208064 0.000607222 1.53166e-07 
0.143046 0.786538 0.0115046 0.043043 0.0112658 0.00289589 0.00169917 7.46544e-06 2.21595e-09 
0.143046 0.786538 0.0115046 0.043043 0.0112658 0.00289589 0.00169917 7.46544e-06 2.21595e-09 
0.000694146 0.988367 0.000216462 4.04556e-09 0.0095222 0.000602796 0.000134978 0.000462667 2.99729e-08 
0.106024 0.450574 1.05131e-05 0.00651965 0.364235 0.000567878 0.0719133 3.4723e-06 0.000152369 
0.299892 0.525496 2.03414e-05 0.0238912 0.00277307 0.0137617 0.134165 1.33415e-12 3.48025e-09 
0.170739 0.564841 0.0265883 0.0496201 0.0267708 0.0435407 0.116979 0.000405989 0.000515403 
9.88671e-05 0.751801 1.33137e-07 0.00131382 0.000336315 0.214781 0.0316672 1.40291e-06 7.25105e-09 
0.184927 0.670509 0.0160942 7.02827e-07 0.00463836 0.112937 0.00787191 0.00302229 7.02404e-07 
0.324008 0.326845 0.00573489 0.0122422 0.00486185 0.14431 0.181915 8.33655e-05 3.78084e-09 
0.0740684 0.796306 0.00290439 0.00424576 0.0544704 0.00539543 0.062303 0.000305646 8.60731e-07 
0.0244888 0.470798 0.00593519 0.00812091 0.0123103 0.443499 0.0344908 6.41786e-06 0.000349864 
1.20784e-08 0.999648 3.03733e-07 6.13463e-09 7.01088e-05 0.000198718 7.81872e-05 4.83151e-06 4.13571e-09 
0.0245188 0.607419 0.1037 0.0219957 0.0516449 0.00634334 0.184349 2.71781e-05 2.30143e-06 
0.185527 0.220826 0.0915252 0.140666 0.157899 0.00705944 0.19234 8.88767e-05 0.00406835 
0.300281 0.597289 0.00741044 0.0109506 0.0152784 0.0230627 0.0347084 0.0109948 2.47956e-05 
0.0597427 0.915288 0.000913739 0.000938525 0.000357696 0.00552555 0.0171929 4.09392e-05 3.47058e-09 
0.0751946 0.464211 0.00238641 0.119276 0.0826672 0.12591 0.107889 0.000579064 0.0218866 
9.88671e-05 0.751801 1.33137e-07 0.00131382 0.000336315 0.214781 0.0316672 1.40291e-06 7.25105e-09 
0.0620086 0.905879 0.000403858 0.000624914 0.000321167 0.00844151 0.0222584 6.25141e-05 2.06932e-09 
0.0924535 0.7953 0.0259845 0.00690782 0.000651567 0.0427551 0.0216569 0.0142893 1.40524e-06 
0.106542 0.48051 0.00409086 0.0651894 0.0190399 0.0996684 0.223907 0.00105187 7.34568e-07 
3.99202e-07 0.758778 0.000285506 1.13683e-06 0.00373627 0.209721 0.0265993 0.000878988 1.20266e-08 
0.143811 0.496164 0.00945906 0.0414186 0.00626929 0.145779 0.150119 0.00686364 0.000115808 
0.00204687 0.959914 0.00232329 1.17642e-07 0.000610653 0.01459 0.0204741 3.80138e-05 2.93245e-06 
0.0571244 0.469556 0.00352279 0.00649804 0.000546383 0.431584 0.0308554 0.000297357 1.51424e-05 
0.0391774 0.934581 0.00723289 0.00217822 3.3452e-05 0.0131073 0.00368687 8.90573e-08 2.46382e-06 
0.122668 0.567351 0.00330838 0.0445993 0.0539116 0.0923254 0.107367 0.000690623 0.00777913 
0.0371505 0.659728 0.00204526 0.00371214 0.000131797 0.280252 0.0167755 0.000204718 5.16249e-07 
0.0116369 0.702503 0.0046137 0.0026699 0.000374163 0.264594 0.0132671 7.04274e-06 0.000334357 
0.165281 0.423533 0.00714608 0.0296279 0.0385735 0.057323 0.278267 0.000247566 1.09214e-06 
0.121403 0.468287 0.00451867 0.0396358 0.0164998 0.22831 0.121288 5.36755e-05 4.30693e-06 
0.0688891 0.39412 0.00283944 0.0569352 0.0183077 0.1802 0.278316 6.88455e-05 0.000323266 
0.0409305 0.806151 0.0103958 0.0291336 0.0167279 0.0423754 0.0535655 0.00014729 0.00057247 
0.038241 0.763317 0.00180379 0.0328835 0.0517868 0.0385053 0.0734296 3.11969e-05 2.2399e-06 
0.124299 0.591208 0.0182709 0.00383946 0.000649681 0.238418 0.0232487 4.0615e-05 2.58848e-05 
0.0989824 0.398403 0.0161938 0.212235 0.000491557 0.00173839 0.11539 0.156513 5.31516e-05 
0.0683961 0.570014 0.000918868 0.0212044 0.0247971 0.25032 0.0626778 0.000840096 0.000831561 
0.158798 0.776208 0.001137 0.0055793 0.00548278 0.0423931 0.0101542 0.000238271 9.39385e-06 
0.104213 0.604523 0.00122484 0.00446996 0.00274458 0.206952 0.0728153 0.00299915 5.89535e-05 
0.25184 0.650984 0.00847882 0.0649658 0.00460655 0.000987953 0.0180328 6.39098e-05 4.10171e-05 
0.0521584 0.917914 0.000154322 0.000196081 0.00306054 0.0248175 0.00157289 0.000120964 5.60195e-06 
0.0521584 0.917914 0.000154322 0.000196081 0.00306054 0.0248175 0.00157289 0.000120964 5.60195e-06 
0.0548197 0.834543 0.019088 0.0013008 0.00334216 0.00501623 0.0818433 1.83676e-05 2.83194e-05 
0.335321 0.343172 0.0148308 0.0057415 0.00255477 0.221927 0.0722984 0.00358497 0.000569137 
0.0643367 0.794649 0.00392067 0.0102012 0.000353195 0.106029 0.0203677 0.000134775 7.8257e-06 
0.218769 0.24651 0.129234 0.00315374 0.00146609 0.18862 0.0427098 6.91194e-05 0.169469 
0.122543 0.431841 0.0220175 0.0116632 0.00890521 0.292641 0.108708 5.24279e-05 0.00162773 
0.142964 0.603015 0.0193217 0.00744502 0.000223042 0.039233 0.186786 0.00101278 2.82856e-09 
0.18271 0.735213 0.00549939 0.00618646 0.00165985 0.0146771 0.0526096 8.22501e-05 0.0013624 
0.0136397 0.863759 0.00135198 0.00417823 0.0356182 0.0773517 0.00409107 1.01388e-05 1.10372e-09 
0.136139 0.760805 0.00140115 0.0541479 0.0119469 0.00564511 0.0299124 6.33455e-09 2.57371e-06 
0.031769 0.794279 0.00219996 0.0683177 0.0117336 0.000419356 0.0911832 9.86355e-05 4.65754e-08 
0.065198 0.898448 0.000192181 0.000245098 0.00363705 0.0302323 0.00189111 0.000149609 7.001e-06 
0.303354 0.340597 0.0103202 0.0216 0.00670431 0.00536842 0.311899 2.34811e-07 0.000156633 
0.268999 0.38776 0.0431146 0.0512372 0.032004 0.00631453 0.203194 0.00737585 1.97841e-08 
0.257172 0.484936 0.0660584 0.0591158 0.00604821 0.0646768 0.0616019 0.000130347 0.000261384 
0.0741778 0.87091 0.00356012 0.0206563 0.00185834 0.00591217 0.0228586 6.63709e-05 3.69912e-07 
0.0479029 0.925764 0.000374754 0.00109467 0.000827806 0.0194053 0.004544 8.58423e-05 4.52025e-07 
0.116842 0.480815 0.0297187 0.00084122 2.31118e-05 0.0541892 0.317571 2.43311e-08 9.07662e-11 
0.143046 0.786538 0.0115046 0.043043 0.0112658 0.00289589 0.00169917 7.46544e-06 2.21595e-09 
0.216977 0.545869 0.000127223 0.0298699 0.0132869 0.045357 0.148467 1.48028e-05 3.00759e-05 
1.05156e-05 0.521646 0.00370566 8.63921e-05 0.0882323 0.132544 0.253766 2.97812e-06 5.95681e-06 
0.0884701 0.551077 0.045142 0.106705 0.0492389 0.0506136 0.10533 0.00342157 2.27858e-06 
0.0604446 0.828459 0.00270364 0.000664931 0.00159553 0.0338142 0.0405461 0.0317715 6.98964e-11 
0.143046 0.786538 0.0115046 0.043043 0.0112658 0.00289589 0.00169917 7.46544e-06 2.21595e-09 
0.0521584 0.917914 0.000154322 0.000196081 0.00306054 0.0248175 0.00157289 0.000120964 5.60195e-06 
0.0247098 0.709773 6.22786e-08 0.00411458 0.00303043 0.000201142 0.257838 0.000332493 4.72432e-08 
0.0764033 0.509381 0.0153798 0.0121846 0.00121777 0.360575 0.0195403 0.00516556 0.000152768 
0.0230312 0.23015 2.40002e-05 0.169627 0.211832 0.15254 0.21247 0.000324558 1.28186e-06 
0.0521584 0.917914 0.000154322 0.000196081 0.00306054 0.0248175 0.00157289 0.000120964 5.60195e-06 
0.143046 0.786538 0.0115046 0.043043 0.0112658 0.00289589 0.00169917 7.46544e-06 2.21595e-09 
7.54755e-06 0.596414 0.00228261 1.78829e-07 0.000724579 0.230162 0.170409 1.45815e-07 2.87874e-10 
0.0392794 0.939249 0.00102053 0.00269254 0.00157748 0.00652384 0.00959016 6.63587e-05 3.68251e-07 
0.386555 0.48453 0.00378101 0.0184482 0.0458824 8.78184e-05 0.0600095 0.00070158 4.47706e-06 
0.0521584 0.917914 0.000154322 0.000196081 0.00306054 0.0248175 0.00157289 0.000120964 5.60195e-06 
0.175337 0.681571 0.00463444 0.0172416 0.0163488 0.0198355 0.0849084 4.2309e-05 8.09953e-05 
0.0724409 0.492318 0.00535169 0.00306266 0.00182807 0.39559 0.0294085 3.79528e-08 8.53252e-09 
0.0289441 0.738934 0.00190385 0.00672802 0.00628021 0.00509337 0.21161 2.07332e-06 0.000504753 
0.0620086 0.905879 0.000403858 0.000624914 0.000321167 0.00844151 0.0222584 6.25141e-05 2.06932e-09 
4.27659e-07 0.997065 4.67394e-12 1.57096e-08 1.29909e-07 4.66058e-10 0.00293476 7.72026e-12 1.8628e-11 
0.129741 0.693583 0.0172409 0.0295553 0.0174754 0.0500446 0.0605318 0.00165298 0.000175432 
0.176752 0.664832 0.0130341 0.0224691 0.0105884 0.0271818 0.0826342 0.00249867 9.64679e-06 
0.0392794 0.939249 0.00102053 0.00269254 0.00157748 0.00652384 0.00959016 6.63587e-05 3.68251e-07 
0.143046 0.786538 0.0115046 0.043043 0.0112658 0.00289589 0.00169917 7.46544e-06 2.21595e-09 
0.114295 0.65514 0.0319689 0.0365416 0.00726961 0.0980219 0.0559924 0.000716013 5.3799e-05 
1.27547e-05 0.571398 1.2753e-05 0.239787 0.128799 1.2753e-05 0.0599526 1.27515e-05 1.27462e-05 
0.00232451 0.886854 5.86803e-05 0.0100719 8.87164e-05 0.0961801 0.0044223 1.21522e-08 4.48698e-08 
0.0505346 0.790658 0.00624673 0.0990115 0.000808046 0.00551047 0.0470465 2.28379e-06 0.000182208 
0.0945674 0.593261 0.0053634 0.0984059 0.0047394 0.0107851 0.110368 0.0824844 2.5796e-05 
0.0992951 0.438944 0.00346273 0.0449071 0.0145559 0.171022 0.221488 0.00632565 3.45632e-07 
0.272746 0.299096 0.0034473 0.0651016 0.113239 0.117689 0.126329 0.000317425 0.00203429 
0.143046 0.786538 0.0115046 0.043043 0.0112658 0.00289589 0.00169917 7.46544e-06 2.21595e-09 
0.0620086 0.905879 0.000403858 0.000624914 0.000321167 0.00844151 0.0222584 6.25141e-05 2.06932e-09 
0.143046 0.786538 0.0115046 0.043043 0.0112658 0.00289589 0.00169917 7.46544e-06 2.21595e-09 
0.0731921 0.778282 0.0641101 0.00668244 0.00774123 0.00394834 0.0654558 0.000582791 4.84226e-06 
0.143046 0.786538 0.0115046 0.043043 0.0112658 0.00289589 0.00169917 7.46544e-06 2.21595e-09 
0.00153401 0.97374 2.76588e-06 1.52375e-06 0.00499657 2.73065e-06 0.0197068 4.56858e-06 1.10234e-05 
0.25999 0.549866 0.00301418 0.111194 0.0124114 0.0103904 0.0523639 2.33523e-05 0.000747143 
0.121782 0.669467 0.0279797 0.0681341 0.00135255 0.0523225 0.0583916 0.000514599 5.60219e-05 
