0.0111215 0.94637 0.00183234 0.00478749 0.00509815 0.0187866 0.0119386 3.00703e-06 6.2649e-05 
0.0176707 0.969136 0.0022642 0.00543542 0.00377745 5.41612e-05 0.00165931 9.80005e-07 1.56371e-06 
0.123072 0.75115 0.0448766 0.0438986 0.00227743 0.000575971 0.0339891 7.51206e-06 0.000152781 
0.0558565 0.73289 0.0469736 6.34794e-05 0.00641403 0.129154 0.0286263 1.98779e-05 1.67935e-06 
0.102183 0.841299 0.000290821 0.000258301 0.00527007 0.0478323 0.00265068 0.000213975 2.11764e-06 
0.158708 0.371419 0.012919 0.115204 0.116929 0.000894074 0.223918 5.88645e-06 4.01823e-06 
0.228965 0.403038 0.0206768 0.040598 0.0140063 0.123796 0.168796 0.000115826 8.08724e-06 
0.143046 0.786538 0.0115046 0.043043 0.0112658 0.00289589 0.00169917 7.46544e-06 2.21595e-09 
0.143046 0.786538 0.0115046 0.043043 0.0112658 0.00289589 0.00169917 7.46544e-06 2.21595e-09 
0.0708026 0.809986 0.0111435 0.0130475 0.000152887 0.069806 0.0249839 5.03221e-05 2.77494e-05 
0.173432 0.276912 0.146528 0.19724 0.0145807 0.0746707 0.116222 0.000336201 7.7914e-05 
0.073386 0.556527 0.00317478 0.0810417 0.0299432 0.00483899 0.251028 1.94495e-07 6.09292e-05 
0.0805811 0.47318 0.000997066 0.0475861 0.0400712 0.00697944 0.34991 0.000148676 0.00054699 
0.00232451 0.886854 5.86803e-05 0.0100719 8.87164e-05 0.0961801 0.0044223 1.21522e-08 4.48698e-08 
0.154076 0.751147 0.0045812 0.0180817 0.00809268 0.0165304 0.0464071 0.000990577 9.30121e-05 
0.0774088 0.777995 0.00860008 0.00978583 0.00421458 0.0561242 0.065574 0.000241265 5.59064e-05 
0.141619 0.43883 0.0134807 0.0156209 0.00701473 0.349379 0.0335289 0.00024326 0.000284309 
0.233569 0.482088 0.222979 0.021743 0.00556452 0.00036164 0.0162942 0.000101832 0.0172984 
0.0433721 0.518389 0.0017853 0.000612562 0.00220188 0.410478 0.0230439 0.000102691 1.50275e-05 
0.213544 0.280318 0.0193523 0.113991 0.1344 0.00258274 0.233657 3.92824e-05 0.00211466 
0.0311951 0.717907 0.0002129 0.00412317 0.0276835 0.0960824 0.121635 0.000510887 0.000649602 
0.06027 0.889271 0.000116098 0.000169408 0.005142 0.0411217 0.0038087 9.64818e-05 4.62579e-06 
0.237227 0.597314 0.0192158 0.00922889 0.0220638 0.0497668 0.0649691 8.75613e-05 0.000127547 
0.143046 0.786538 0.0115046 0.043043 0.0112658 0.00289589 0.00169917 7.46544e-06 2.21595e-09 
0.065198 0.898448 0.000192181 0.000245098 0.00363705 0.0302323 0.00189111 0.000149609 7.001e-06 
0.0552167 0.474518 0.0105504 0.00600339 0.00738339 0.0218406 0.424269 6.26629e-05 0.000155643 
0.146656 0.554433 0.0227968 0.0225177 0.0105066 0.145625 0.0935543 0.00269776 0.0012128 
0.0867177 0.445197 0.00133327 0.0319972 0.195951 0.00113109 0.237016 0.000232461 0.000424059 
0.270264 0.524679 0.0116396 0.00557867 0.00616023 0.12671 0.0518332 0.00310509 3.05965e-05 
0.154448 0.634914 0.0106871 0.0783332 0.00749988 0.0167263 0.0964228 3.27771e-05 0.000935949 
0.00453275 0.870763 0.000551417 0.0019141 0.000123576 0.0202615 0.101853 1.59252e-07 5.62039e-10 
0.212453 0.400717 0.11624 0.0899198 0.0129638 0.00175597 0.165657 0.000200229 9.25903e-05 
0.217667 0.605198 0.0364773 0.124343 0.000618371 0.000191097 0.015477 1.17807e-05 1.66974e-05 
0.112495 0.738412 0.00622842 0.00763121 0.00439307 0.104486 0.0261639 0.000171789 1.95656e-05 
0.149148 0.635677 0.00953469 0.0122597 0.0198422 0.0739053 0.0750908 0.000414813 0.0241275 
0.0620086 0.905879 0.000403858 0.000624914 0.000321167 0.00844151 0.0222584 6.25141e-05 2.06932e-09 
0.374785 0.408038 0.0255852 0.133242 0.00640086 0.00349609 0.0471836 0.000811215 0.000457769 
0.0763215 0.692875 0.00067777 0.0113272 0.0230843 0.0514644 0.142361 0.000288644 0.00160011 
0.177957 0.500207 0.0137132 0.00455114 0.0120227 0.012238 0.278779 0.000332736 0.000199725 
0.0219443 0.778639 1.28793e-08 3.06487e-08 0.00753733 0.160453 0.0314149 1.16863e-05 5.75111e-09 
0.220299 0.526447 0.0422987 0.0292809 0.0122773 0.0985529 0.0663492 0.0034587 0.00103594 
0.193243 0.327418 0.0189795 0.207005 0.0329251 0.0178551 0.202198 0.00034895 2.68739e-05 
0.0863546 0.305435 0.0345781 0.0292735 0.049163 0.192798 0.302397 2.1116e-07 5.11204e-08 
0.0661814 0.901162 0.000574371 0.00080931 0.00036065 0.00879037 0.0220576 6.36552e-05 1.91221e-07 
0.034574 0.858131 0.0204894 0.0157863 0.00961717 0.0110586 0.0502873 3.787e-05 1.77828e-05 
0.258847 0.309903 0.0002721 0.152998 0.112358 0.0291929 0.136236 0.00019249 8.13446e-08 
0.143046 0.786538 0.0115046 0.043043 0.0112658 0.00289589 0.00169917 7.46544e-06 2.21595e-09 
0.143046 0.786538 0.0115046 0.043043 0.0112658 0.00289589 0.00169917 7.46544e-06 2.21595e-09 
0.0924535 0.7953 0.0259845 0.00690782 0.000651567 0.0427551 0.0216569 0.0142893 1.40524e-06 
0.0410194 0.575802 0.0129469 0.134722 0.000467278 0.191385 0.043657 1.16815e-07 8.55167e-07 
0.357389 0.402472 0.0121129 0.0997072 0.00296575 0.00471082 0.115656 0.00498585 8.16842e-07 
0.170939 0.474692 0.0487839 0.0919625 0.0536971 0.00232911 0.13775 0.0198344 1.19298e-05 
0.0620086 0.905879 0.000403858 0.000624914 0.000321167 0.00844151 0.0222584 6.25141e-05 2.06932e-09 
0.11795 0.739333 0.0150222 0.0200136 0.00723585 0.0573839 0.0425597 0.000294155 0.00020744 
0.00833654 0.895492 0.00790819 0.00239507 0.00272388 0.074532 0.00859337 1.85961e-05 1.58944e-07 
0.156704 0.51661 0.149911 0.000540121 5.58449e-07 0.0479617 0.128272 1.39949e-07 5.14701e-10 
0.057164 0.594774 0.0162389 0.00323811 0.241892 0.0750585 0.0113753 0.00025657 3.52046e-06 
0.0719739 0.798706 0.00893777 0.0458561 0.00551497 0.0449463 0.0239988 8.20491e-07 6.51813e-05 
0.231018 0.483338 0.00759152 0.0841831 0.055194 0.00523505 0.132908 0.000383146 0.000149353 
0.183901 0.471046 0.000155475 0.0629818 0.0100876 0.122658 0.148795 0.000345942 2.9176e-05 
0.226594 0.56418 0.00281579 0.0327583 0.0957358 0.00029257 0.077403 0.000173805 4.63622e-05 
0.0259328 0.865277 0.0222558 0.0113304 0.00796867 0.00581203 0.0612167 0.000206991 1.69219e-09 
0.00428515 0.929823 0.043778 0.00128418 1.10548e-05 0.018134 0.00267729 7.68074e-06 2.87287e-11 
0.0516064 0.81846 0.0192003 0.018344 0.00455355 0.0107177 0.076694 0.000423902 2.31809e-10 
0.0511127 0.31234 0.00488082 0.0447167 0.286612 0.0243658 0.275524 0.000447132 1.96845e-07 
0.0623747 0.907013 0.000284844 0.00037388 0.00197165 0.0176137 0.0102646 0.000100976 2.78901e-06 
0.143046 0.786538 0.0115046 0.043043 0.0112658 0.00289589 0.00169917 7.46544e-06 2.21595e-09 
0.00202792 0.991801 0.000116426 1.92842e-05 0.00506246 0.000565039 0.000157867 0.000236865 1.33266e-05 
0.335059 0.549724 0.00823641 0.0702026 2.29716e-07 0.0137927 0.0229857 1.8873e-07 5.59848e-08 
0.122944 0.58618 0.0302281 0.0081138 0.0110269 0.132744 0.106097 0.000234625 0.00243116 
0.0904829 0.595243 0.026604 0.0221929 0.00085364 0.205764 0.0559163 0.000755687 0.00218801 
0.121441 0.732413 0.0261323 1.85915e-05 0.0300928 0.020408 0.0693569 0.000136457 7.07541e-07 
0.000318148 0.992387 1.25077e-05 0.000287047 1.57649e-07 0.00452325 0.00247178 7.25736e-10 1.75111e-09 
0.306033 0.385209 0.0013525 0.0145624 0.234198 0.00665449 0.0503311 6.01361e-05 0.00159886 
0.0943674 0.697081 0.0842088 0.0617958 0.000549909 0.00307016 0.0589254 1.14937e-06 2.97878e-11 
0.25121 0.612901 0.00220501 0.0846513 0.00529412 0.0120256 0.0314522 9.46717e-05 0.000166193 
0.143046 0.786538 0.0115046 0.043043 0.0112658 0.00289589 0.00169917 7.46544e-06 2.21595e-09 
0.0583303 0.630604 1.04896e-07 2.26591e-11 0.0132879 0.29387 0.00390731 9.64048e-08 6.72161e-08 
0.00202792 0.991801 0.000116426 1.92842e-05 0.00506246 0.000565039 0.000157867 0.000236865 1.33266e-05 
0.161538 0.398803 0.0144294 0.000183768 0.000127268 0.327019 0.0978897 1.05717e-05 1.33223e-08 
0.0139764 0.382167 0.000364175 0.0728654 0.152501 9.82104e-05 0.377579 0.000448951 6.69924e-10 
0.0320622 0.87285 0.0204816 0.00399484 0.000673411 0.0341044 0.0358047 2.86494e-05 4.12655e-07 
0.0599019 0.778199 0.00547344 0.0464174 0.00336668 0.0642711 0.0381965 0.00416962 4.76464e-06 
0.061253 0.882465 0.000243379 0.00105736 0.00751581 0.0428297 0.00441343 0.000212535 9.35352e-06 
0.32274 0.329511 0.0169433 1.69409e-08 0.0131222 0.000166164 0.317266 0.00015736 9.37102e-05 
0.148231 0.546677 0.0513183 0.173906 0.0157266 0.02017 0.0428976 0.000127808 0.000946206 
0.0778455 0.336945 0.0688494 0.0174894 0.320376 0.00143431 0.176565 3.01598e-05 0.000464556 
0.112493 0.572909 0.200406 0.0184511 0.000553645 0.0593522 0.0323681 0.000184311 0.00328194 
0.106654 0.792216 0.0166815 0.0234382 0.00333094 0.00178972 0.0558861 3.60746e-06 1.00229e-08 
0.354195 0.395559 0.00351926 0.00321036 0.00930831 0.0835839 0.136222 0.0144013 7.13341e-07 
0.252914 0.629659 0.00392574 0.0479816 0.00139879 0.000584316 0.0634956 3.48407e-05 5.41328e-06 
0.365774 0.418525 0.0384723 0.0214089 0.00621068 0.0393167 0.110111 6.02937e-07 0.000181409 
0.25253 0.368145 0.00938891 0.0173158 0.0170385 0.133975 0.20129 2.33977e-05 0.00029336 
0.170802 0.400422 0.152151 0.0778749 0.0366384 0.0137442 0.147101 0.00123843 2.88847e-05 
0.295304 0.537531 0.00461704 7.31968e-06 0.0144545 1.14333e-05 0.147763 1.24314e-06 0.000311051 
0.0390695 0.721579 0.000860306 0.00513036 0.000235818 0.229166 0.00395587 6.17066e-08 3.0426e-06 
0.084627 0.434861 0.0124834 0.00601942 0.00499655 0.398959 0.056861 0.00117278 1.95914e-05 
0.0685505 0.848638 0.0686308 0.00141469 0.00154027 0.0103086 0.000648247 2.19558e-05 0.000247117 
0.250599 0.34018 0.00786325 0.0120629 0.0327373 0.073371 0.282434 7.23282e-05 0.000680778 
0.0700722 0.906714 0.000862761 0.00174287 0.00248296 0.0120843 0.0059464 8.98792e-05 4.22108e-06 
0.0892126 0.498746 0.0297062 0.00728932 0.00941651 0.304346 0.0611358 0.000137456 1.03911e-05 
0.0661321 0.366758 0.00427386 0.0191826 0.00307103 0.249773 0.290785 7.54539e-06 1.67198e-05 
0.143046 0.786538 0.0115046 0.043043 0.0112658 0.00289589 0.00169917 7.46544e-06 2.21595e-09 
0.0219443 0.778639 1.28793e-08 3.06487e-08 0.00753733 0.160453 0.0314149 1.16863e-05 5.75111e-09 
0.125011 0.421724 0.0168926 0.0209686 0.00833453 0.245156 0.157328 0.00445171 0.000133076 
0.013024 0.883147 0.00110617 0.00378073 0.0295489 0.0657402 0.00364186 1.11878e-05 1.47087e-07 
0.0455692 0.88154 0.00619913 0.0206715 8.06213e-05 0.0427002 0.0032357 3.72028e-06 3.3163e-08 
0.0433297 0.420819 0.00277018 0.101696 0.0202954 0.374612 0.0363137 0.000145235 1.84715e-05 
0.194739 0.405408 0.0284677 0.0790124 0.0479163 0.0456111 0.196216 0.00136514 0.00126384 
0.0164706 0.694734 0.000365507 0.0260805 0.0346805 0.0350826 0.192565 1.39227e-05 7.17953e-06 
0.155709 0.408933 0.0162359 0.0133572 0.00845384 0.278207 0.0816022 0.000339105 0.0371626 
0.129429 0.289703 0.0392978 0.0382761 0.0451974 0.191029 0.264882 0.000431059 0.00175432 
0.309073 0.346587 0.000337633 0.0118712 0.00700779 0.269407 0.0551016 0.000534341 8.04228e-05 
0.166435 0.679995 0.00914 0.044803 0.00904487 0.0535291 0.0366709 6.76248e-05 0.000314701 
0.242647 0.624147 0.0343328 0.000703793 0.000335986 0.093091 0.00472654 4.54588e-06 1.11878e-05 
0.143046 0.786538 0.0115046 0.043043 0.0112658 0.00289589 0.00169917 7.46544e-06 2.21595e-09 
0.120932 0.408308 0.00421847 0.0300262 0.0230446 0.351003 0.0619248 0.00054196 5.63574e-07 
0.162053 0.554102 0.0169369 0.0203537 0.0156267 0.0080137 0.216688 8.8695e-05 0.00613736 
0.0297399 0.869458 0.022237 0.00276487 0.00256926 0.00566635 0.0571975 0.010367 8.19211e-11 
0.116842 0.480815 0.0297187 0.00084122 2.31118e-05 0.0541892 0.317571 2.43311e-08 9.07662e-11 
0.000936912 0.774087 0.000378649 0.00280142 0.000688248 0.179255 0.0418535 1.28847e-09 3.66862e-11 
0.143046 0.786538 0.0115046 0.043043 0.0112658 0.00289589 0.00169917 7.46544e-06 2.21595e-09 
0.169123 0.700509 0.129419 0.000574643 5.66887e-08 1.1817e-07 0.000259722 1.78587e-11 0.000114408 
0.13102 0.512836 0.00131463 0.050167 0.000764907 0.177276 0.124498 0.00139774 0.000725729 
0.038263 0.53968 0.0250652 0.253001 0.0108568 1.4144e-06 0.133131 3.06889e-07 7.12005e-07 
0.167311 0.635387 0.0262916 0.0338167 0.00825316 0.00368648 0.125166 8.85374e-05 6.74372e-08 
0.143046 0.786538 0.0115046 0.043043 0.0112658 0.00289589 0.00169917 7.46544e-06 2.21595e-09 
0.065198 0.898448 0.000192181 0.000245098 0.00363705 0.0302323 0.00189111 0.000149609 7.001e-06 
0.0601314 0.358263 0.355058 0.00466362 2.13707e-06 0.0579264 0.144214 5.95381e-06 0.0197352 
0.00204687 0.959914 0.00232329 1.17642e-07 0.000610653 0.01459 0.0204741 3.80138e-05 2.93245e-06 
0.000541538 0.999413 2.08988e-12 1.15134e-12 7.33711e-09 2.81133e-11 4.55583e-05 3.45198e-12 8.32919e-12 
0.0107701 0.677827 0.0256152 0.243391 1.14068e-07 0.0222582 0.0201175 2.01951e-05 1.73871e-07 
0.143046 0.786538 0.0115046 0.043043 0.0112658 0.00289589 0.00169917 7.46544e-06 2.21595e-09 
0.116605 0.518241 0.0278123 0.0361103 0.0209293 0.174598 0.104498 0.000851442 0.00035418 
0.05343 0.659411 0.00696108 0.0246753 0.0561149 0.0114071 0.187629 0.000367472 3.68899e-06 
0.0571854 0.523977 0.0324786 0.00137147 0.00839671 0.0855522 0.104465 0.186574 2.99129e-10 
0.115746 0.838329 0.00062282 0.000672047 0.0112799 0.0215967 0.00818923 0.00355957 4.58532e-06 
0.235404 0.428761 1.12348e-06 0.230558 0.00629174 0.0191004 0.0770732 0.00280952 1.12289e-06 
0.0317416 0.744058 0.00122853 0.139769 0.0201352 0.00177833 0.0612468 1.19085e-05 3.07933e-05 
0.0584954 0.613885 0.0192198 0.117111 0.0283729 0.0398675 0.118078 0.00270556 0.00226469 
0.11784 0.70066 0.0106441 0.0204367 0.00248162 0.0447569 0.103035 0.000111464 3.40494e-05 
0.0620086 0.905879 0.000403858 0.000624914 0.000321167 0.00844151 0.0222584 6.25141e-05 2.06932e-09 
0.301605 0.33537 0.0812174 0.0332744 0.000435016 0.00458459 0.243054 0.000237036 0.000223345 
0.287605 0.565166 0.0357839 0.0533595 0.000116917 0.0456803 0.0122779 1.05306e-05 3.18245e-07 
0.0300218 0.774829 0.000112798 0.0284845 0.0056819 0.0803809 0.0802233 0.000265916 1.04672e-09 
0.0943201 0.75097 0.0311608 0.0357774 0.00084622 0.0563898 0.0302817 0.000121152 0.000133069 
0.149044 0.294667 0.00475855 0.114862 0.138999 0.0192747 0.273243 8.00788e-05 0.00507027 
0.281036 0.444219 0.0325829 0.0136464 0.0128679 0.0949497 0.119856 0.000142801 0.000699812 
1.9694e-07 0.500756 0.0186145 0.430981 3.31329e-07 0.000322007 0.0493261 4.79585e-08 6.80651e-12 
0.143046 0.786538 0.0115046 0.043043 0.0112658 0.00289589 0.00169917 7.46544e-06 2.21595e-09 
0.0262287 0.876635 9.11878e-07 0.00440038 0.0502526 0.0204144 0.0220678 1.95918e-11 4.72725e-11 
0.0409996 0.780631 0.00203711 0.000968291 0.00123487 0.132365 0.0416957 5.09334e-05 1.80678e-05 
0.0620086 0.905879 0.000403858 0.000624914 0.000321167 0.00844151 0.0222584 6.25141e-05 2.06932e-09 
0.0712735 0.562948 0.0269027 0.00826309 0.035984 0.175623 0.118809 8.43743e-05 0.000112608 
0.136139 0.760805 0.00140115 0.0541479 0.0119469 0.00564511 0.0299124 6.33455e-09 2.57371e-06 
0.136474 0.496423 0.00836849 0.105777 0.0398862 0.149432 0.0584559 0.00468928 0.000493976 
0.00960318 0.558795 0.0769161 6.27461e-05 5.63281e-05 0.349082 0.00548477 1.9997e-08 8.78522e-12 
0.18116 0.352255 0.0644114 0.229515 0.0246105 0.000277228 0.144755 0.00042379 0.0025929 
0.0597427 0.915288 0.000913739 0.000938525 0.000357696 0.00552555 0.0171929 4.09392e-05 3.47058e-09 
0.176914 0.636891 0.0113461 0.0288796 0.00180735 0.117949 0.0255038 0.00058975 0.000119542 
0.0521584 0.917914 0.000154322 0.000196081 0.00306054 0.0248175 0.00157289 0.000120964 5.60195e-06 
0.0169471 0.915493 0.00206604 0.0628083 0.000323196 5.82622e-05 0.00230392 4.75477e-12 6.73867e-09 
0.20737 0.514421 0.0137131 0.0301894 0.0163178 0.145655 0.0697895 0.00250413 4.0485e-05 
1.19086e-06 0.563902 0.000557267 4.55975e-07 0.00102628 0.0976043 0.336908 3.85658e-07 6.45038e-09 
0.167572 0.718785 0.00284265 0.0382048 0.00227515 0.0295121 0.0406176 0.000185341 6.03385e-06 
0.196176 0.420637 0.0819757 0.0313491 0.00938211 0.144526 0.112735 0.000997616 0.00222236 
0.109198 0.686929 0.0105663 8.41905e-05 0.000509203 0.144456 0.0482191 3.52009e-05 4.12681e-06 
0.231599 0.681742 1.00195e-05 0.0401109 0.0319707 0.00340363 0.0110774 5.39806e-07 8.66309e-05 
0.0575527 0.875411 0.000545061 0.0032896 0.000970516 0.0433243 0.0188438 6.22461e-05 6.05499e-07 
0.218103 0.512283 0.223275 0.00171967 3.23205e-06 0.00286275 0.0263154 3.3385e-05 0.0154051 
0.0727674 0.842311 0.000423638 0.0233557 0.0250504 0.00579589 0.0302956 2.71521e-07 1.26209e-07 
0.023008 0.964178 0.000622588 0.00161574 0.000979208 0.00387063 0.00567529 4.9012e-05 1.83362e-06 
0.00232451 0.886854 5.86803e-05 0.0100719 8.87164e-05 0.0961801 0.0044223 1.21522e-08 4.48698e-08 
0.0323061 0.733616 4.42427e-06 4.42461e-06 4.42365e-06 0.124327 0.109728 4.42377e-06 4.42194e-06 
0.119065 0.854686 0.000322197 0.00768047 0.00191705 0.000485241 0.0157837 1.76465e-07 6.0004e-05 
0.183969 0.711106 0.00710608 0.0141246 0.0215198 0.0138644 0.0479987 0.00013192 0.00018024 
0.10886 0.398817 0.0937946 0.00634319 0.00135548 0.0992906 0.291511 2.66182e-06 2.57791e-05 
0.0884296 0.807756 0.00672427 0.0330113 0.00212063 0.00553263 0.0279369 0.0284886 5.37656e-09 
0.11211 0.447484 0.0142214 0.0716978 0.0613164 0.140535 0.151975 0.000433945 0.000226195 
0.274452 0.488036 0.00691327 0.0615441 0.00470302 0.00676702 0.147976 0.000110838 0.00949765 
0.212325 0.416015 0.000373316 0.000330843 0.000501107 0.357018 0.0117811 0.00165456 1.03024e-09 
0.172532 0.713868 0.00461009 0.0589385 0.0108908 0.0188214 0.0201994 0.000138001 1.5508e-06 
0.111101 0.704198 0.0336449 0.00882261 0.00418763 0.0707096 0.0672616 2.3765e-05 5.10633e-05 
0.0521584 0.917914 0.000154322 0.000196081 0.00306054 0.0248175 0.00157289 0.000120964 5.60195e-06 
0.266574 0.566771 0.00280961 0.0144917 0.00128859 0.0451781 0.0469305 0.0558744 8.16657e-05 
0.157968 0.670838 0.00290883 0.0400989 0.0090302 0.0602383 0.0355941 0.0232861 3.70526e-05 
0.145118 0.396891 0.0282951 0.0537988 0.0436877 0.0514679 0.277781 0.00128081 0.00167918 
0.0356735 0.801002 0.00731046 0.00759322 0.00957336 0.11847 0.0179408 8.82706e-10 0.0024365 
0.178116 0.620059 0.0285797 0.00164544 0.00721655 0.151925 0.0124415 1.37796e-05 2.57711e-06 
0.181495 0.379122 0.00270307 0.0489068 0.0630602 0.0211063 0.283123 0.0104713 0.0100117 
0.278427 0.599993 0.000140454 0.000967509 0.0125741 0.0465605 0.0597378 0.00159468 5.76486e-06 
0.180757 0.494005 0.0395607 0.0248877 0.0179878 0.0942474 0.148317 0.000185083 5.21293e-05 
0.0971901 0.404368 0.0239763 0.0404348 0.0310065 0.028491 0.362343 0.0120248 0.000164727 
0.12216 0.432366 0.0131785 0.0362694 0.00450442 0.0543481 0.337173 8.43207e-07 3.60503e-11 
4.74673e-06 0.998793 0.000124248 6.59385e-05 0.000999003 4.7733e-06 7.88973e-06 7.16422e-07 1.40585e-07 
0.143046 0.786538 0.0115046 0.043043 0.0112658 0.00289589 0.00169917 7.46544e-06 2.21595e-09 
0.207875 0.465224 0.0390667 0.0269234 0.000820225 0.186712 0.0618227 0.0115224 3.33924e-05 
0.141791 0.413968 0.00229639 0.061618 0.00433592 0.275183 0.0980134 0.00279062 3.41641e-06 
0.179126 0.576321 0.0257186 0.00792171 0.00865025 0.149404 0.0527729 6.68541e-05 1.87936e-05 
0.0220871 0.770793 0.000459494 0.00933722 0.0873473 0.0635265 0.046306 0.000143087 3.22882e-08 
0.0524986 0.824239 0.000748297 0.00981183 0.0188018 0.056549 0.0366358 7.58467e-06 0.000707636 
0.0995787 0.588721 0.00512134 0.142433 0.00386509 0.00607215 0.0468757 0.107295 3.77935e-05 
0.0841902 0.845021 0.00254736 0.00478837 0.00450306 0.00199638 0.0569093 4.4106e-05 4.99318e-07 
0.365774 0.418525 0.0384723 0.0214089 0.00621068 0.0393167 0.110111 6.02937e-07 0.000181409 
0.134431 0.559731 0.0565365 0.017327 0.00506457 0.188366 0.0316699 0.00573746 0.00113585 
0.0620086 0.905879 0.000403858 0.000624914 0.000321167 0.00844151 0.0222584 6.25141e-05 2.06932e-09 
0.0597427 0.915288 0.000913739 0.000938525 0.000357696 0.00552555 0.0171929 4.09392e-05 3.47058e-09 
0.280998 0.373357 0.0481417 0.162134 0.00661985 0.00353025 0.124863 5.55499e-08 0.000356171 
0.042677 0.928501 0.000126467 0.000160617 0.00250603 0.0203081 0.00557962 9.91993e-05 4.15735e-05 
0.265288 0.492655 0.043759 0.000950637 0.00121777 0.00577679 0.190267 2.83342e-05 5.78873e-05 
0.280221 0.394511 0.0627383 0.0626694 0.0703034 0.00588629 0.122829 0.00050517 0.000336426 
0.051971 0.756652 0.0270577 0.0298838 0.026316 0.0510913 0.0567984 0.000160877 6.90731e-05 
0.155012 0.484635 0.0144629 0.0368488 0.0022 0.144001 0.0465622 0.116279 7.44476e-10 
0.0776981 0.462733 0.00492941 6.40327e-07 0.00300698 0.0829505 0.368682 3.72938e-10 8.99851e-10 
0.348394 0.396371 0.0163244 0.0114376 0.0201606 0.189966 0.0171919 0.000154563 3.05867e-12 
0.0703756 0.892236 0.0014794 0.000836188 0.00521264 0.0265849 0.00288561 0.00038094 9.14625e-06 
0.00204687 0.959914 0.00232329 1.17642e-07 0.000610653 0.01459 0.0204741 3.80138e-05 2.93245e-06 
0.0680593 0.677806 0.00438958 0.0012358 0.0020792 0.0655254 0.18089 9.08275e-06 5.08671e-06 
0.00202792 0.991801 0.000116426 1.92842e-05 0.00506246 0.000565039 0.000157867 0.000236865 1.33266e-05 
0.0315494 0.511062 6.46104e-05 0.00390235 0.00648888 0.362649 0.0839961 0.000287759 9.95633e-09 
0.00232451 0.886854 5.86803e-05 0.0100719 8.87164e-05 0.0961801 0.0044223 1.21522e-08 4.48698e-08 
0.127474 0.430663 0.00164585 0.0254289 0.00444511 0.00208956 0.408253 4.71444e-07 4.70663e-09 
0.0170086 0.942495 8.31753e-05 0.000911461 0.0187611 0.00427632 0.00383873 0.00113248 0.0114934 
0.114608 0.581713 0.00069144 0.00648044 0.00302155 0.00173278 0.291061 0.000692631 8.67319e-08 
0.00170616 0.923007 0.0016252 2.69825e-07 0.0338612 0.0382934 0.0014972 9.07939e-06 1.52163e-11 
0.123081 0.472905 0.12414 1.99914e-06 0.0384865 0.211923 0.0294622 2.91031e-08 2.04615e-08 
0.143046 0.786538 0.0115046 0.043043 0.0112658 0.00289589 0.00169917 7.46544e-06 2.21595e-09 
0.142813 0.744033 0.00352597 0.0248911 0.00770762 0.0395405 0.015713 0.0217611 1.42581e-05 
0.0170682 0.601332 0.00116215 0.0123711 0.00112489 0.0647674 0.302164 8.02688e-06 1.7283e-06 
0.206541 0.634527 0.0117458 0.0556143 0.00404754 0.00147483 0.0858584 0.000118528 7.20671e-05 
0.104515 0.845002 0.00431716 0.00905002 0.00331468 0.00262862 0.0311115 4.96912e-05 1.15717e-05 
0.0601314 0.358263 0.355058 0.00466362 2.13707e-06 0.0579264 0.144214 5.95381e-06 0.0197352 
0.0579216 0.677268 0.0331597 0.0180308 0.0162567 0.102013 0.0947649 8.16145e-06 0.000577 
0.149785 0.555917 0.0424669 0.0255329 0.010777 0.165259 0.0478507 0.00234982 6.27078e-05 
0.0221496 0.851684 0.00232897 0.000673524 1.8091e-05 0.11599 0.00715145 2.15667e-06 2.15834e-06 
0.1323 0.582093 0.0172218 0.0712698 0.00165415 0.0176375 0.177712 0.000112033 2.26902e-07 
0.134084 0.694 0.0108994 0.0495783 0.00575063 0.00101497 0.103586 0.000955892 0.000131745 
0.336634 0.456107 0.00579375 0.0950775 0.00615084 4.16515e-05 0.0996317 0.00056381 5.64853e-08 
0.115939 0.350579 0.22544 0.162678 0.0249669 0.0291965 0.0879583 1.93831e-05 0.00322273 
0.143046 0.786538 0.0115046 0.043043 0.0112658 0.00289589 0.00169917 7.46544e-06 2.21595e-09 
0.0703805 0.861172 0.0013279 0.000667951 0.00172371 0.0570784 0.00756005 6.97139e-05 1.92775e-05 
0.351523 0.389837 0.0169859 0.0995063 0.00981904 0.00437752 0.127235 0.000688437 2.75407e-05 
0.365774 0.418525 0.0384723 0.0214089 0.00621068 0.0393167 0.110111 6.02937e-07 0.000181409 
0.202247 0.554904 0.0889511 0.0108715 0.000940806 0.0278339 0.11425 5.10977e-07 7.20364e-07 
0.0289441 0.738934 0.00190385 0.00672802 0.00628021 0.00509337 0.21161 2.07332e-06 0.000504753 
0.143046 0.786538 0.0115046 0.043043 0.0112658 0.00289589 0.00169917 7.46544e-06 2.21595e-09 
0.0417503 0.830674 0.00153396 0.000576592 0.00220939 0.119225 0.00286652 0.00116168 2.40793e-06 
0.117219 0.327595 0.129152 0.266895 0.00597059 1.14927e-06 0.15291 0.000208521 4.91846e-05 
0.183928 0.778747 0.00343002 0.012827 0.00327599 0.00095446 0.0166686 0.000166764 1.29299e-06 
0.230997 0.24288 0.0915233 0.0470258 0.035875 0.129312 0.208703 0.000297274 0.0133863 
0.0446169 0.702876 0.0121525 0.00561515 0.0384742 0.000346446 0.195892 2.33038e-05 3.46792e-06 
0.135311 0.373981 0.0220039 0.0135129 0.0407448 0.125641 0.288379 0.000350651 7.51943e-05 
0.237801 0.677359 0.0011282 0.0155928 0.00150299 0.00789029 0.0587169 4.66021e-06 4.44205e-06 
0.00204687 0.959914 0.00232329 1.17642e-07 0.000610653 0.01459 0.0204741 3.80138e-05 2.93245e-06 
0.00204687 0.959914 0.00232329 1.17642e-07 0.000610653 0.01459 0.0204741 3.80138e-05 2.93245e-06 
0.20396 0.385932 0.0142055 0.0853465 0.00473943 1.28639e-05 0.30541 1.01813e-07 0.000392856 
0.0521584 0.917914 0.000154322 0.000196081 0.00306054 0.0248175 0.00157289 0.000120964 5.60195e-06 
7.7704e-07 0.608022 3.6044e-11 0.00367091 0.0338804 1.30245e-06 0.354361 5.95363e-11 6.34228e-05 
0.0643928 0.906987 0.00091555 0.000906269 0.000356511 0.00741609 0.0189708 5.43445e-05 1.66466e-07 
0.184023 0.572478 0.0110697 0.00187798 0.00931661 0.102619 0.118462 0.00012969 2.39436e-05 
0.143046 0.786538 0.0115046 0.043043 0.0112658 0.00289589 0.00169917 7.46544e-06 2.21595e-09 
0.0971689 0.540918 2.61389e-06 0.0560354 0.00104147 5.90573e-08 0.304718 0.000114832 2.02995e-07 
0.143046 0.786538 0.0115046 0.043043 0.0112658 0.00289589 0.00169917 7.46544e-06 2.21595e-09 
0.0943674 0.697081 0.0842088 0.0617958 0.000549909 0.00307016 0.0589254 1.14937e-06 2.97878e-11 
0.0870917 0.877211 0.000748655 0.0011612 0.0046527 0.0229322 0.00608062 0.000114507 7.65647e-06 
0.14712 0.518547 0.0385783 0.0646521 0.0348476 0.0533764 0.138574 0.00341638 0.000888851 
0.1011 0.41232 0.409549 0.0395558 0.00371026 0.00297331 0.0306128 5.43372e-05 0.000124133 
0.190828 0.592016 0.0195761 0.0455748 0.0275201 0.00264424 0.121631 0.000207421 1.53486e-06 
0.0492233 0.852807 0.00104571 0.0171355 3.97777e-05 0.0673823 0.0123414 2.47447e-05 1.49923e-08 
0.281394 0.339726 0.146283 0.037532 0.128518 0.0111295 0.0495191 9.62135e-06 0.00588937 
0.143046 0.786538 0.0115046 0.043043 0.0112658 0.00289589 0.00169917 7.46544e-06 2.21595e-09 
0.015186 0.909818 0.000896929 0.000521095 0.000106648 0.00297334 0.070468 5.03597e-07 2.97625e-05 
0.149591 0.646844 3.28317e-08 0.00148266 6.37709e-07 0.14264 0.0594425 4.92958e-12 1.54747e-08 
0.070184 0.410837 0.00048577 0.00123836 0.157091 0.0126944 0.347435 3.23701e-05 1.85448e-06 
0.0927154 0.856021 0.00322174 0.0153375 0.015318 0.000590682 0.00876814 0.0078693 0.00015869 
0.0740684 0.796306 0.00290439 0.00424576 0.0544704 0.00539543 0.062303 0.000305646 8.60731e-07 
1.20784e-08 0.999648 3.03733e-07 6.13463e-09 7.01088e-05 0.000198718 7.81872e-05 4.83151e-06 4.13571e-09 
0.138013 0.632729 0.0248906 0.0390344 0.0121039 0.10575 0.0446799 0.00164473 0.00115432 
0.0219443 0.778639 1.28793e-08 3.06487e-08 0.00753733 0.160453 0.0314149 1.16863e-05 5.75111e-09 
0.143046 0.786538 0.0115046 0.043043 0.0112658 0.00289589 0.00169917 7.46544e-06 2.21595e-09 
0.0904943 0.613414 0.0328629 0.137202 0.0333291 0.00833715 0.0769832 0.00715556 0.000221972 
0.0597427 0.915288 0.000913739 0.000938525 0.000357696 0.00552555 0.0171929 4.09392e-05 3.47058e-09 
0.122353 0.467894 0.00339624 0.0355675 0.128865 0.0603025 0.181386 6.48967e-05 0.000169639 
0.140248 0.679813 0.0159534 0.0202682 0.00681013 0.0884533 0.0435369 0.00331195 0.00160562 
0.0792622 0.555999 3.10379e-05 0.00249992 0.00383579 0.186066 0.167181 0.00512581 1.17995e-07 
0.306593 0.44645 0.0476972 0.0152049 0.000172722 0.0117576 0.172079 2.2095e-05 2.41612e-05 
0.153072 0.583212 0.0281054 0.0155924 0.00999123 0.0571324 0.15286 3.26345e-05 1.50995e-06 
0.121403 0.468287 0.00451867 0.0396358 0.0164998 0.22831 0.121288 5.36755e-05 4.30693e-06 
0.248992 0.464997 0.00140822 0.061922 0.00484669 0.0640459 0.153773 1.46403e-05 9.52443e-08 
0.0330663 0.950439 0.000322899 0.000335118 0.00243363 0.00445189 0.00880419 0.000143443 4.06775e-06 
0.0521584 0.917914 0.000154322 0.000196081 0.00306054 0.0248175 0.00157289 0.000120964 5.60195e-06 
0.0280935 0.797243 0.000423948 0.00210952 0.0190094 0.143255 0.00736728 0.00152528 0.000973043 
0.150766 0.612483 0.0228884 0.0653321 0.019566 0.0590978 0.0697719 8.35011e-05 1.11701e-05 
0.143046 0.786538 0.0115046 0.043043 0.0112658 0.00289589 0.00169917 7.46544e-06 2.21595e-09 
0.0175541 0.580507 8.78727e-06 0.00157152 0.00224174 0.240084 0.150475 0.00755728 1.65784e-09 
0.152326 0.560993 0.0254435 0.103115 0.0336304 0.061478 0.0579808 0.00503217 3.17997e-11 
0.0760508 0.886712 0.00190753 0.0028299 0.00444301 0.0227338 0.00521518 9.89739e-05 8.88466e-06 
0.13974 0.798254 0.00201999 0.00232474 0.00456619 0.0472384 0.00557147 0.000283088 1.58872e-06 
0.0496737 0.924503 0.000330893 0.000513088 0.000270291 0.00678924 0.0178656 5.39776e-05 3.75899e-07 
0.00232451 0.886854 5.86803e-05 0.0100719 8.87164e-05 0.0961801 0.0044223 1.21522e-08 4.48698e-08 
0.159646 0.332624 0.0058972 0.0919142 0.107174 0.00968287 0.292788 7.43587e-05 0.000199041 
0.0945674 0.593261 0.0053634 0.0984059 0.0047394 0.0107851 0.110368 0.0824844 2.5796e-05 
0.0620086 0.905879 0.000403858 0.000624914 0.000321167 0.00844151 0.0222584 6.25141e-05 2.06932e-09 
0.101724 0.729582 3.33659e-07 0.0116834 3.98171e-06 1.6496e-06 0.157005 4.4442e-11 2.46742e-07 
0.0621668 0.702094 0.000344859 0.0567736 0.00396481 0.13348 0.0411139 3.02884e-05 3.12288e-05 
0.0643367 0.794649 0.00392067 0.0102012 0.000353195 0.106029 0.0203677 0.000134775 7.8257e-06 
0.202573 0.30716 0.0162784 0.078007 0.0938293 0.0118702 0.290092 0.000180086 9.15896e-06 
0.143046 0.786538 0.0115046 0.043043 0.0112658 0.00289589 0.00169917 7.46544e-06 2.21595e-09 
0.143046 0.786538 0.0115046 0.043043 0.0112658 0.00289589 0.00169917 7.46544e-06 2.21595e-09 
0.202136 0.625147 0.0105614 0.024471 0.00348436 0.0729888 0.0610676 7.99932e-06 0.000135845 
0.0111215 0.94637 0.00183234 0.00478749 0.00509815 0.0187866 0.0119386 3.00703e-06 6.2649e-05 
0.0487368 0.756775 0.00192664 0.0134477 0.0143349 0.0126266 0.15192 0.000228001 4.17909e-06 
0.087188 0.62248 2.1128e-05 0.2027 9.12847e-11 0.0237524 0.0638584 8.35489e-11 2.01593e-10 
0.155951 0.417167 0.211169 0.0535996 0.0317621 0.0938443 0.0363792 0.000118276 9.63244e-06 
0.0345121 0.646628 0.000194558 0.00378781 0.0747016 0.0226629 0.217393 0.000113995 5.99451e-06 
0.270244 0.492128 0.0295283 0.0429096 0.00337276 0.0227385 0.107983 0.0310914 3.32009e-06 
0.218504 0.331563 0.0412392 0.186293 0.0545283 0.00724729 0.160355 0.000116494 0.000153328 
0.268999 0.38776 0.0431146 0.0512372 0.032004 0.00631453 0.203194 0.00737585 1.97841e-08 
0.0893263 0.615697 0.0138495 0.00957008 0.00458503 0.22811 0.0387035 0.00012265 3.58483e-05 
0.103694 0.826182 0.0111028 0.0246052 0.0030457 0.00819951 0.0218299 0.00129718 4.40768e-05 
0.122975 0.450502 0.0544429 0.14137 0.104909 0.0463925 0.0676977 0.00849571 0.00321563 
0.0707708 0.776231 0.00133926 0.00763823 0.0330597 0.0644639 0.0452871 0.000873943 0.000335787 
0.0444046 0.531135 0.000629484 0.00606453 0.00177796 0.320091 0.0957186 0.000117053 6.16819e-05 
0.0712631 0.618002 0.0434492 0.0278938 0.0238647 0.0417052 0.173812 2.40971e-07 9.30941e-06 
0.017242 0.548425 0.000128293 0.000413993 0.000137148 0.421457 0.0121244 7.12531e-05 7.67626e-07 
0.411403 0.491265 0.00380617 0.0583487 0.000199341 4.2502e-11 0.0349771 7.11089e-11 1.71576e-10 
0.0521584 0.917914 0.000154322 0.000196081 0.00306054 0.0248175 0.00157289 0.000120964 5.60195e-06 
0.0828271 0.791034 0.0969695 0.00196336 0.00510586 0.00539245 0.0166091 9.61867e-06 8.89019e-05 
0.0759871 0.440919 0.0155789 0.0987392 0.049672 0.00331963 0.313473 0.000480502 0.00183061 
0.175337 0.681571 0.00463444 0.0172416 0.0163488 0.0198355 0.0849084 4.2309e-05 8.09953e-05 
0.0739959 0.823817 0.00644701 0.000404474 0.0547774 0.0163922 0.0239058 0.000259812 1.39263e-07 
0.019661 0.703599 0.00192065 0.0128081 0.00634247 0.085453 0.170215 7.70275e-07 3.64463e-07 
0.114295 0.65514 0.0319689 0.0365416 0.00726961 0.0980219 0.0559924 0.000716013 5.3799e-05 
0.0817133 0.747445 0.00903546 0.0188545 0.0130928 0.0231886 0.10588 0.00078423 6.21351e-06 
0.00202792 0.991801 0.000116426 1.92842e-05 0.00506246 0.000565039 0.000157867 0.000236865 1.33266e-05 
0.391774 0.553099 0.00308592 0.0142049 0.00162549 0.00574287 0.0304435 1.99968e-05 3.99302e-06 
0.11629 0.8269 0.00600775 0.00331385 0.00285303 0.0400576 0.00437819 0.000173394 2.70229e-05 
0.0476065 0.627836 0.0710613 0.062825 0.0255802 0.0397048 0.125383 3.48835e-06 3.37203e-09 
0.143046 0.786538 0.0115046 0.043043 0.0112658 0.00289589 0.00169917 7.46544e-06 2.21595e-09 
0.214912 0.327521 0.0164816 0.0811859 0.00608342 0.091161 0.230522 0.0321292 3.08293e-06 
0.0260584 0.462305 9.35911e-05 0.000747448 0.0708776 0.161984 0.277558 0.000376514 1.99652e-10 
0.181517 0.284361 0.0039048 0.265378 0.0109297 0.0141601 0.239521 0.000195543 3.34542e-05 
0.0817776 0.223912 0.144406 0.105242 0.10126 0.116787 0.124487 0.102034 9.33379e-05 
0.313776 0.314015 0.196333 0.103428 0.00340337 0.028102 0.0367946 0.00344565 0.000703016 
0.143046 0.786538 0.0115046 0.043043 0.0112658 0.00289589 0.00169917 7.46544e-06 2.21595e-09 
0.16666 0.377351 0.0795166 0.316137 0.000402761 0.0548544 0.00500956 6.78322e-05 3.89248e-09 
0.0531413 0.745898 0.0369688 0.00803743 0.01391 0.0348117 0.106951 0.000217995 6.33841e-05 
0.0928687 0.814302 0.0168534 0.03329 0.0080383 0.00757606 0.0260955 0.000973021 3.23074e-06 
0.143046 0.786538 0.0115046 0.043043 0.0112658 0.00289589 0.00169917 7.46544e-06 2.21595e-09 
0.180867 0.476515 0.00132662 0.15772 0.123057 0.00902822 0.051301 0.000182897 1.97836e-06 
0.25999 0.549866 0.00301418 0.111194 0.0124114 0.0103904 0.0523639 2.33523e-05 0.000747143 
0.00232451 0.886854 5.86803e-05 0.0100719 8.87164e-05 0.0961801 0.0044223 1.21522e-08 4.48698e-08 
0.0300218 0.774829 0.000112798 0.0284845 0.0056819 0.0803809 0.0802233 0.000265916 1.04672e-09 
0.0987084 0.515037 0.00449973 0.035969 0.00884817 0.276171 0.0507447 0.0100018 2.02742e-05 
0.143046 0.786538 0.0115046 0.043043 0.0112658 0.00289589 0.00169917 7.46544e-06 2.21595e-09 
0.0895882 0.667959 0.0257509 0.0170488 0.0158267 0.119224 0.063245 0.000136191 0.00122053 
0.025889 0.928787 0.0110598 0.0108964 7.65706e-05 0.00817546 0.0151107 4.65055e-06 8.29329e-08 
0.0754851 0.907683 0.00198693 0.00511521 0.000646908 0.00154664 0.0075356 1.7203e-09 6.47244e-07 
0.35397 0.504286 0.0866227 0.00509827 0.00121178 0.0168597 0.0299015 3.52371e-05 0.00201417 
0.000936912 0.774087 0.000378649 0.00280142 0.000688248 0.179255 0.0418535 1.28847e-09 3.66862e-11 
0.00702988 0.945179 0.0020139 0.00987267 0.00379892 0.0292638 0.00284197 3.9175e-08 6.19057e-09 
0.065198 0.898448 0.000192181 0.000245098 0.00363705 0.0302323 0.00189111 0.000149609 7.001e-06 
0.231675 0.694208 0.000243898 0.00965939 0.00489557 0.00477782 0.0543357 0.000205157 4.6529e-11 
0.0521584 0.917914 0.000154322 0.000196081 0.00306054 0.0248175 0.00157289 0.000120964 5.60195e-06 
0.0556806 0.898184 0.000276154 0.0108154 0.00468592 0.000620009 0.0297143 6.04264e-09 2.32138e-05 
0.00204687 0.959914 0.00232329 1.17642e-07 0.000610653 0.01459 0.0204741 3.80138e-05 2.93245e-06 
0.155544 0.676498 0.00620818 0.0337327 0.00296614 0.0893192 0.0353017 0.000219007 0.000211142 
0.0915943 0.780868 0.00314036 0.0162401 0.00424084 0.0527045 0.0511253 7.60213e-05 1.10973e-05 
0.0262701 0.835418 4.32815e-07 5.63856e-07 1.67645e-07 4.69482e-07 0.138309 6.50479e-07 7.40304e-11 
0.186348 0.807802 4.96611e-06 0.00210258 0.000141408 6.67022e-05 0.00353414 3.91199e-08 1.05977e-09 
0.254543 0.604397 0.0905915 0.0300338 0.00114897 0.00942516 0.0097752 7.67693e-05 9.45209e-06 
0.160791 0.49707 0.0183457 0.045646 0.0250259 0.0183119 0.233506 0.00105588 0.000248347 
0.0521584 0.917914 0.000154322 0.000196081 0.00306054 0.0248175 0.00157289 0.000120964 5.60195e-06 
0.105788 0.560826 0.0207047 0.0335553 0.00384511 0.131033 0.143958 0.000216513 7.31098e-05 
0.0716623 0.902601 0.00032628 0.000503214 0.000260595 0.00676793 0.0178269 5.14719e-05 1.65794e-07 
0.109198 0.686929 0.0105663 8.41905e-05 0.000509203 0.144456 0.0482191 3.52009e-05 4.12681e-06 
0.0597427 0.915288 0.000913739 0.000938525 0.000357696 0.00552555 0.0171929 4.09392e-05 3.47058e-09 
0.20624 0.401096 0.00477238 0.113032 0.00397251 0.101337 0.169418 0.0001262 6.47712e-06 
0.0604798 0.720919 0.0177296 0.00100706 0.00167137 0.130679 0.0674547 4.24187e-05 1.69766e-05 
0.121303 0.670342 0.0175173 0.0265678 0.00872154 0.0862274 0.0670009 0.00231895 7.6065e-07 
0.124035 0.56056 0.00128027 0.27353 0.0259906 0.000101348 0.0143418 5.46014e-05 0.000106525 
0.191865 0.63813 0.0561147 0.0659025 0.000781632 0.038758 0.00844821 6.24274e-12 4.00212e-07 
0.110503 0.75718 0.0140864 0.00684386 0.00145872 0.0169661 0.0878124 0.00514818 8.85619e-07 
0.166896 0.562381 0.0369606 0.194748 0.000288029 9.73254e-05 0.038491 0.0001134 2.47921e-05 
0.0392794 0.939249 0.00102053 0.00269254 0.00157748 0.00652384 0.00959016 6.63587e-05 3.68251e-07 
0.0844632 0.761274 0.0017038 0.00294266 0.00165614 0.128594 0.0190545 0.000310023 1.00774e-06 
0.127065 0.748182 0.0268525 0.0121132 0.0070182 0.0656946 0.013037 3.83868e-05 4.17445e-08 
0.0293855 0.933635 3.0003e-07 4.81635e-06 0.00115588 0.0101627 0.025656 1.3286e-11 3.20573e-11 
0.0181648 0.72362 0.0244879 0.106153 0.052813 0.000408949 0.0589322 0.000385468 0.0150343 
0.0520034 0.524083 0.0184618 0.0402781 0.0137216 0.00173921 0.348262 0.00111804 0.000333097 
0.0521584 0.917914 0.000154322 0.000196081 0.00306054 0.0248175 0.00157289 0.000120964 5.60195e-06 
0.153624 0.659805 0.0371502 0.0258438 0.00179842 0.051171 0.0477235 0.019472 0.00341219 
0.208636 0.517764 0.00545144 0.0488219 0.0168458 0.10611 0.0943717 0.000488387 0.00150976 
0.198621 0.387089 0.0123155 0.0606279 0.00999423 0.192529 0.137565 0.000589028 0.000669494 
0.0521584 0.917914 0.000154322 0.000196081 0.00306054 0.0248175 0.00157289 0.000120964 5.60195e-06 
0.0423656 0.379493 0.0661256 0.188719 0.0381613 0.00503889 0.279866 0.000231101 1.08792e-09 
0.11603 0.70326 0.0142029 0.0272358 0.00287897 0.081848 0.0528555 0.00168226 5.6685e-06 
0.0683427 0.570017 0.0195468 0.00296282 0.000291905 0.310919 0.0274972 4.04881e-05 0.000382257 
0.0620086 0.905879 0.000403858 0.000624914 0.000321167 0.00844151 0.0222584 6.25141e-05 2.06932e-09 
0.182835 0.343643 0.00299442 0.0681871 0.0993783 0.127521 0.17035 0.00437117 0.000719762 
0.144959 0.784228 0.000324165 0.000564463 0.00158045 0.0419714 0.0263694 4.01901e-06 2.5277e-09 
0.298193 0.544923 0.0109684 0.0514844 0.00706369 0.0536235 0.0280424 0.000102048 0.00559913 
0.0941299 0.66559 0.00267364 0.011313 0.0537826 0.125255 0.0463704 0.000235772 0.000649747 
0.115191 0.669759 0.0194657 0.0194826 0.00170255 0.121976 0.0503495 0.00206408 9.45734e-06 
0.0541373 0.46536 0.0379136 0.00316303 0.000251559 0.41048 0.0286553 3.263e-05 6.65205e-06 
0.202993 0.348092 0.0218242 0.0769443 0.0436705 0.0931256 0.209916 0.0030556 0.000379685 
0.228311 0.485476 0.0771966 0.023273 0.0102511 0.0676885 0.10369 0.000279751 0.00383421 
0.27401 0.290724 0.0042771 0.0360986 0.0132964 0.138743 0.240692 0.000652274 0.00150666 
0.112837 0.762112 0.00239167 0.014112 0.000241624 0.0913434 0.016918 4.78468e-06 3.93381e-05 
0.132117 0.618343 0.0159279 0.0131938 0.00024941 0.175957 0.044207 1.97083e-06 3.4636e-06 
0.0247323 0.605331 0.000969132 0.00497752 0.000634463 0.212435 0.15092 6.58106e-07 9.18467e-08 
0.227838 0.241569 0.111097 0.068589 0.0466398 0.181312 0.122704 0.000126413 0.000124883 
0.153226 0.507456 0.203363 0.0231632 0.00555306 0.051107 0.0442185 0.00115573 0.0107567 
0.214745 0.394288 0.0117149 0.0189419 0.00250044 0.00595761 0.34842 0.000475386 0.00295604 
0.067863 0.428005 0.000396732 0.0134379 0.00919442 0.284958 0.19594 0.000205441 2.11843e-07 
0.0999825 0.654356 0.0682579 0.017715 0.0459655 0.0120134 0.0981128 0.00061194 0.00298524 
0.134046 0.669564 0.0168948 0.0280804 0.0116248 0.063572 0.070292 0.00383452 0.00209072 
0.12596 0.70143 0.0306035 0.0234151 0.00814877 0.0616004 0.047475 0.0012312 0.000135447 
0.0281226 0.81239 0.0678805 0.00750636 0.00567673 0.0474949 0.0309081 1.64941e-06 1.92942e-05 
0.206543 0.450945 0.0146615 0.00701836 0.0609716 0.213589 0.0461032 4.24927e-05 0.000125279 
0.117713 0.698062 0.0414507 0.0489007 0.000575125 0.0465841 0.0226097 0.0238661 0.000238412 
0.229343 0.656665 0.00125408 0.000228952 9.22667e-05 0.0924178 0.0199577 4.08713e-05 2.28198e-07 
0.179054 0.514439 0.0245877 0.188351 0.0272218 4.97718e-07 0.0571393 0.00582313 0.0033832 
