0.321731 0.0161903 0.0853391 0.40064 0.0315765 0.0464515 0.096948 0.00102306 0.000100745 
0.0618909 0.00187282 0.0119761 0.433903 0.358375 0.0112404 0.0552965 0.0645871 0.000858033 
0.448536 0.00665443 0.0365228 0.491865 0.00319888 0.00282373 0.00832931 0.00192673 0.000143256 
0.216077 0.0116192 0.0375126 0.61916 0.0761396 0.000215979 0.0347526 0.000654958 0.00386805 
0.142569 0.000121296 0.00285735 0.815491 0.0018821 0.000165131 0.0363185 0.000552559 4.32153e-05 
0.188083 0.000805635 0.0394671 0.76894 0.00162989 0.000113851 0.000832802 0.000125403 2.29728e-06 
0.0482612 0.0164198 0.000195017 0.859271 0.0145062 0.000317825 0.060909 4.33667e-05 7.61029e-05 
0.285796 0.0312847 0.109122 0.525654 0.000810394 0.00455792 0.0127974 0.0299756 1.9111e-06 
0.0749567 0.15932 0.0254415 0.68004 0.0356105 7.5686e-06 0.00946995 0.0151533 6.79423e-07 
0.0298434 0.142572 0.00112346 0.507437 0.282224 1.60932e-06 0.0358041 0.000993973 8.53537e-10 
0.327043 0.0169805 0.0191659 0.330781 0.188996 0.0358625 0.0321246 0.0490458 1.25428e-07 
0.0244526 0.0136902 0.0174409 0.923592 0.00421898 7.33058e-06 0.0165976 2.46633e-08 8.83879e-09 
0.224956 0.00226047 0.00610832 0.718945 0.00148023 0.00023619 0.0440155 0.000182979 0.00181545 
0.197404 0.0500025 0.0820363 0.624724 0.00162781 0.023477 0.0179066 0.0028124 9.20554e-06 
0.344569 0.00758901 0.00512188 0.634399 0.000858465 0.000730851 0.00664633 8.30682e-05 1.66011e-06 
0.278115 7.39614e-06 0.192289 0.441549 0.02293 7.39547e-06 0.053995 0.0110993 7.39156e-06 
0.149515 0.085737 0.0347611 0.599117 0.0235575 0.0514073 0.0550766 0.000193661 0.000634315 
0.224327 0.0449516 0.0396848 0.389743 0.0511507 0.00776345 0.173577 0.0682047 0.000598539 
0.129707 0.00429871 0.00120955 0.790837 0.0538413 5.39069e-05 0.0194445 0.000607669 2.76085e-07 
0.20398 0.0303081 0.284676 0.44571 0.00984166 0.00398274 0.00650481 0.0143957 0.000600958 
0.209844 0.134151 0.0703667 0.3741 0.0251554 0.000929179 0.182717 0.000822346 0.00191358 
0.202992 0.180532 0.0269048 0.491702 0.060916 0.00873443 0.0279961 4.23734e-05 0.000180648 
0.0103712 0.0952174 0.000530831 0.858882 0.00282815 0.00489061 0.027279 5.89091e-07 5.88848e-07 
0.0636461 0.00361083 5.89041e-07 0.589733 0.169854 0.000696428 0.169377 0.00076747 0.00231358 
0.128473 0.120824 0.251508 0.271807 0.0261928 0.000228718 0.187301 0.013597 6.96047e-05 
0.203458 0.000803145 0.00902365 0.66605 0.00027998 0.000141254 0.071516 0.0487279 4.28123e-10 
0.140813 0.00648496 0.0253093 0.742464 0.0218566 0.00216262 0.0487842 0.01212 4.55667e-06 
0.195106 0.0376143 0.00190924 0.583447 0.105039 3.96217e-07 0.0768819 8.16157e-08 9.40237e-07 
0.196922 0.0246491 0.0116676 0.59871 0.0510482 0.0455307 0.0696738 0.000630678 0.00116725 
0.110643 0.00350287 0.0119976 0.487025 0.186209 0.00133613 0.145778 0.0535085 3.31812e-08 
0.0199191 0.00697721 0.103843 0.784906 0.0306922 5.55092e-06 0.0509403 0.00270718 1.01908e-05 
0.0196343 1.08452e-05 0.323552 0.373787 0.00243142 5.23008e-08 0.242854 0.0376552 7.54503e-05 
0.413684 0.0552511 0.0121128 0.473211 0.00185613 0.000369576 0.00919702 0.0343184 1.23913e-08 
0.230048 0.00441989 0.37901 0.379026 0.000198996 5.97783e-05 0.00440292 0.00075811 0.00207648 
0.134539 0.0103183 0.0254655 0.330107 0.115483 0.0359181 0.142369 0.205321 0.000478882 
0.417526 0.0157114 0.0162464 0.490217 0.00244013 0.0335673 0.0224231 0.000149587 0.00171909 
0.371822 0.0046037 0.0637305 0.415301 0.00679046 0.0653361 0.0588198 0.0135719 2.45307e-05 
0.239187 0.00808332 0.00337642 0.726855 0.0112859 0.000749706 0.0100755 0.000386894 8.88587e-12 
0.452661 0.0391871 0.0341182 0.457988 0.00167799 0.00594026 0.00836975 5.18548e-05 6.17278e-06 
0.194241 0.0123213 0.0607682 0.696073 0.00270498 0.00320027 0.0190449 0.0115073 0.000139561 
0.25594 0.16933 0.0166734 0.349178 0.0974938 0.0246528 0.0859714 0.000650171 0.000110556 
0.0188408 0.0100749 0.361291 0.57673 0.000394725 9.1042e-09 0.00415862 1.98748e-05 0.0284909 
0.448051 0.0309019 0.0545994 0.452781 0.00691259 0.000233842 0.00638723 1.39149e-05 0.000118444 
0.14658 0.0186128 0.0359663 0.430929 0.0458633 0.00435628 0.0357768 0.281916 1.82731e-07 
0.215157 0.0558652 0.0227686 0.488511 0.116249 0.0125764 0.0734124 0.0154527 7.06246e-06 
0.368179 0.0663587 0.0478975 0.378355 0.00776974 0.025902 0.0808293 0.0226638 0.00204511 
0.400495 0.00268262 0.00718905 0.549802 0.00228752 0.00195855 0.0352061 0.000335282 4.37853e-05 
0.130704 0.0146819 0.0448178 0.705361 0.00335151 0.000461749 0.0673661 0.0234349 0.0098216 
0.239187 0.00808332 0.00337642 0.726855 0.0112859 0.000749706 0.0100755 0.000386894 8.88587e-12 
0.312973 0.078359 0.166494 0.353336 0.0023446 0.00466838 0.0811569 2.09243e-05 0.000647074 
0.128198 0.00778923 0.042863 0.817853 0.000729437 0.000579901 0.00194994 3.50872e-05 2.02185e-06 
0.202323 0.0625074 0.0402527 0.329057 0.0121569 0.051077 0.261631 0.0409941 2.53643e-07 
0.289282 0.00250859 0.00510098 0.696978 0.00103264 0.000542976 0.00435719 7.55347e-05 0.000122195 
0.309466 1.03338e-05 4.24525e-08 0.690492 3.63945e-06 1.69343e-07 2.68257e-05 8.6771e-07 7.26351e-07 
0.219718 0.0220256 0.0201348 0.529789 0.0269761 0.000186383 0.18007 0.000989 0.000111655 
0.330239 0.0271391 0.0468583 0.513003 0.010668 0.0448684 0.027007 0.000118996 9.8537e-05 
0.346134 0.00688112 0.0301562 0.51841 0.0158886 0.00220569 0.00991942 0.0694518 0.000953209 
0.107739 0.00603995 0.00144067 0.867059 0.000292418 1.68313e-05 0.0169463 0.000370662 9.52366e-05 
0.243535 0.00745199 0.00752764 0.702196 0.00630226 0.00830422 0.0245209 8.60927e-05 7.56945e-05 
0.0407717 0.0100742 0.00013683 0.882018 0.0116121 0.000284819 0.0550724 2.88264e-05 7.3179e-07 
0.194109 0.0430421 0.0104426 0.721975 0.00617186 0.000333659 0.0117504 0.000255649 0.0119204 
0.299896 0.0101136 0.0472915 0.408504 0.0483544 0.000930183 0.158612 0.0251578 0.0011408 
0.222173 0.0133359 0.0159955 0.7224 0.000653283 0.00658637 0.00486399 0.00012942 0.0138621 
0.112541 0.00542647 0.108772 0.736655 0.000186179 0.000283918 0.0294479 0.00668694 6.4591e-07 
0.385597 0.00582816 0.00145165 0.572234 0.00674039 0.00537024 0.0224456 0.000115048 0.000217805 
0.325121 0.0986705 0.0169202 0.352262 0.0591685 0.00640767 0.134996 0.00614169 0.000312516 
0.139313 0.0224279 0.1049 0.587617 0.00760632 3.72381e-07 0.138134 2.27497e-10 5.4892e-10 
0.245247 0.0198239 0.0952281 0.567366 0.020911 0.0184661 0.0186802 0.0133949 0.000882751 
0.196591 0.0504808 0.0809564 0.334386 0.203825 0.0101786 0.112956 0.000418946 0.0102066 
0.218832 0.0973508 0.0550688 0.370584 0.222777 0.00147949 0.0322452 0.00114691 0.000516458 
0.199965 0.165595 0.0115244 0.258137 0.0467138 0.0335033 0.221414 0.0628997 0.000248068 
0.197651 0.0622163 0.0123348 0.696739 0.00797144 0.00363908 0.0193799 5.7169e-05 1.11666e-05 
0.140868 0.0474847 0.382324 0.39288 0.00951749 0.017213 0.00947622 0.00021943 1.66298e-05 
0.301414 0.0217793 0.0412088 0.575391 0.0160842 0.00375223 0.0137577 0.0255387 0.00107369 
0.247318 0.0218239 0.0797961 0.411157 0.0419635 0.0181685 0.177836 0.00132031 0.000617507 
0.0572888 0.0111796 0.180655 0.40764 0.0274811 8.28296e-07 0.139767 0.00049243 0.175495 
0.272186 0.0402386 0.081592 0.388062 0.0630759 0.0198916 0.132546 0.000932749 0.00147465 
0.157999 0.0155879 0.0514597 0.315281 0.182043 0.004408 0.194453 0.078563 0.000205516 
0.232716 0.00200491 0.0082514 0.73164 0.0130442 0.000669422 0.0109655 9.18697e-05 0.000616571 
0.261439 0.14319 0.00706624 0.475234 0.0112294 0.00652468 0.0744675 0.000139903 0.0207079 
0.335683 0.0242578 0.0477155 0.573739 0.00233914 0.00282034 0.0113179 0.00141702 0.000710217 
0.171608 5.17502e-06 0.0266119 0.742513 0.00135565 0.0530879 0.00419472 0.00061176 1.21515e-05 
0.308764 0.10752 0.00517314 0.489286 0.0388511 0.0235209 0.0262145 0.000346539 0.000324143 
0.379438 0.152324 0.000711345 0.409168 0.00439022 0.0182664 0.0354913 0.00020785 2.49221e-06 
0.125428 0.0127198 0.0408584 0.401089 0.00193006 0.00422037 0.30713 0.102161 0.00446361 
0.409693 0.0078348 0.0079605 0.525046 0.00320967 0.010409 0.02772 0.00807895 4.75007e-05 
0.0407717 0.0100742 0.00013683 0.882018 0.0116121 0.000284819 0.0550724 2.88264e-05 7.3179e-07 
0.115688 0.0127566 0.0161214 0.808268 0.0243754 0.00190095 0.0207357 4.57679e-05 0.000107972 
0.15973 0.00627788 0.0168019 0.439573 0.00707658 7.26979e-05 0.261842 0.108295 0.000330575 
0.165142 0.013656 0.0175195 0.601877 0.064097 0.091869 0.0451247 0.000689215 2.52862e-05 
0.0110151 0.0169942 0.00305327 0.933501 0.0261146 2.28907e-05 0.00929009 8.25984e-06 6.16753e-07 
0.135846 0.0968578 0.049606 0.253676 0.20573 0.0818422 0.176095 0.000347261 1.22367e-07 
0.15665 0.0103588 0.00267185 0.814685 0.00265818 0.00862349 0.00410668 0.000113626 0.000132415 
0.0439754 0.000153803 0.0050586 0.84527 0.0126021 3.40003e-05 0.0708571 0.0220417 7.5593e-06 
0.245222 0.0211775 0.012678 0.434824 0.07236 0.00124806 0.205577 7.10589e-06 0.00690632 
0.157999 0.0155879 0.0514597 0.315281 0.182043 0.004408 0.194453 0.078563 0.000205516 
0.240631 0.00169536 0.00497412 0.707531 0.00117186 0.000222398 0.0421269 0.000285491 0.00136162 
0.0802798 0.0203502 0.000224756 0.746925 0.0345048 8.51297e-06 0.1177 5.62763e-06 1.71239e-06 
0.15973 0.00627788 0.0168019 0.439573 0.00707658 7.26979e-05 0.261842 0.108295 0.000330575 
0.217631 0.0526184 0.0333882 0.325635 0.00485603 0.00176479 0.158147 0.205959 3.43607e-08 
0.276029 0.0326258 0.0282284 0.5692 0.00242721 0.0287486 0.0211187 0.0416106 1.15119e-05 
0.0407717 0.0100742 0.00013683 0.882018 0.0116121 0.000284819 0.0550724 2.88264e-05 7.3179e-07 
0.11804 0.0082387 0.00538929 0.743448 0.00203138 0.000153516 0.108812 0.0138803 7.09513e-06 
0.0319106 0.00275651 0.00681964 0.935422 0.000115714 1.28448e-05 0.00681528 0.0161468 2.77617e-07 
0.321235 0.0102434 0.0551853 0.53679 0.000854089 0.000313278 0.0517932 0.0231308 0.000454782 
0.0787771 0.000304809 0.000184577 0.919474 0.00117329 2.79017e-05 2.45315e-05 3.33727e-05 1.63948e-09 
0.0198399 0.037826 0.1614 0.624251 0.142731 1.10089e-06 0.0114348 9.80535e-10 0.00251673 
0.230979 0.000339558 0.0192731 0.74891 0.000276871 1.92046e-05 0.000198598 4.3861e-06 1.19013e-07 
0.248697 0.0194509 0.0416405 0.565237 0.0290497 0.0430608 0.0489857 0.00048018 0.00339759 
0.0196816 0.000841485 0.0058497 0.934344 0.0302304 4.69038e-05 0.00888235 0.000115831 7.39259e-06 
0.175353 0.0486206 0.0118605 0.415223 0.00817407 0.0219409 0.135688 0.183057 8.24419e-05 
0.0407717 0.0100742 0.00013683 0.882018 0.0116121 0.000284819 0.0550724 2.88264e-05 7.3179e-07 
0.102248 0.0180116 0.0217091 0.811551 0.00639185 0.00318757 0.0366422 0.000203658 5.46862e-05 
0.00392816 0.0217247 0.0675631 0.875294 0.00316752 1.61656e-09 0.0039771 1.4419e-07 0.024345 
0.113671 0.124022 0.141295 0.276736 0.206376 0.0317856 0.104703 0.000185267 0.00122707 
0.197306 0.0639622 0.0761428 0.604496 0.00432384 0.000834387 0.0458995 0.00703403 1.38994e-06 
0.18576 0.00871502 0.0381758 0.530589 0.00444726 0.0269732 0.186773 0.0183223 0.0002444 
0.15183 0.0260759 0.0772482 0.695204 0.00710184 0.0010393 0.0235725 0.017625 0.000303285 
0.0984438 0.00218047 0.0147044 0.70337 0.0170608 0.0291508 0.131364 0.00358023 0.000144707 
0.00937669 0.00374328 0.00821719 0.644244 0.00848312 0.000455002 0.00360827 0.00462665 0.317246 
0.398056 0.0809083 0.0150977 0.436125 0.025735 0.0111787 0.0299704 0.00283993 8.96061e-05 
0.413684 0.0552511 0.0121128 0.473211 0.00185613 0.000369576 0.00919702 0.0343184 1.23913e-08 
0.129767 5.89885e-05 0.00366505 0.812341 0.000838974 0.000254794 0.0522401 0.000773497 6.0466e-05 
0.113174 0.000533306 0.0240002 0.860463 0.00106821 9.10353e-05 0.000551462 0.00010085 1.71327e-05 
0.129408 0.0724054 0.222876 0.565255 0.000969943 0.000186357 0.00401142 0.00486308 2.37265e-05 
0.393558 0.032391 0.0185679 0.397148 0.0512742 0.0267202 0.0672163 0.0124858 0.000638015 
0.242502 0.00208071 0.14941 0.557761 0.000480623 0.0010703 0.045746 0.000142155 0.000807788 
0.350524 0.000289896 0.0246072 0.623651 0.000394271 0.000426679 6.42847e-05 4.29532e-05 5.29751e-07 
0.249923 0.122507 0.15224 0.363993 0.0145595 0.00626316 0.0871528 0.000953437 0.00240866 
0.125225 0.0979976 0.219261 0.399402 0.0043139 0.0224615 0.131321 9.87329e-06 7.89636e-06 
0.367545 0.023798 0.00389097 0.561596 0.0170549 0.000936304 0.0243554 0.000823097 2.55407e-09 
0.0436923 0.186314 0.13226 0.269092 0.191251 8.30405e-05 0.168887 3.52741e-05 0.00838549 
0.268364 0.0372474 0.0269241 0.571999 0.0389423 0.00499918 0.0479611 0.000118232 0.00344492 
0.290444 0.133268 0.110686 0.419538 0.00399477 0.0323132 0.00972327 2.9106e-05 2.81202e-06 
0.161479 0.106586 0.0338174 0.639049 0.0154867 0.000481765 0.0428274 0.000201093 7.14537e-05 
0.12329 0.000728022 0.000585582 0.871107 0.00141908 3.0278e-05 0.00269921 1.46842e-05 0.000125783 
0.143153 0.0223713 0.040033 0.75943 0.0122485 0.0076591 0.014874 0.00022792 2.97715e-06 
0.0539372 0.00174286 0.0189535 0.918479 0.00145207 4.39566e-06 0.00518798 0.000185356 5.74537e-05 
0.0960354 0.0138804 0.0165342 0.620258 0.0054001 0.0696205 0.174648 0.00358772 3.49391e-05 
0.264588 0.0368309 0.207344 0.454939 0.0298994 0.00043152 0.00517211 0.000715787 7.94519e-05 
0.424253 0.00797619 0.00747161 0.541894 0.00086617 0.00864303 0.00877141 0.000123822 7.25851e-07 
0.194251 0.0194157 0.0278017 0.722518 0.00383583 0.000905449 0.0253819 0.00323819 0.00265202 
0.197404 0.0500025 0.0820363 0.624724 0.00162781 0.023477 0.0179066 0.0028124 9.20554e-06 
0.212827 0.0356299 0.0172928 0.406765 0.187557 0.00187558 0.137819 1.77962e-05 0.000215104 
0.308199 0.0316106 0.0313023 0.563273 0.0201164 0.00299006 0.0342527 0.0082431 1.31409e-05 
0.112529 0.00275342 0.00325223 0.438816 0.0330085 0.00419433 0.319575 0.0858701 2.15902e-06 
0.293501 0.095783 0.0207278 0.363107 0.00438391 0.0550551 0.167429 1.30216e-05 2.06479e-09 
0.268631 0.181408 0.0440511 0.462955 0.00687634 0.00311351 0.0328706 8.30518e-05 1.15922e-05 
0.334676 0.00147581 0.0448686 0.610892 0.000142918 0.00132226 0.00580487 0.000495609 0.00032187 
0.171285 0.238228 0.0457831 0.397866 0.00308637 0.00624301 0.136672 0.000833755 2.39355e-06 
0.184394 0.000631374 0.119674 0.662206 0.0146911 0.00160227 0.00965395 0.00386939 0.00327816 
0.254266 0.0625485 0.242791 0.357827 0.0367461 0.0186286 0.026577 0.000595397 2.10051e-05 
0.0396834 0.015584 0.0011694 0.790822 0.0194961 0.00530971 0.127447 0.000440767 4.7985e-05 
0.0937271 0.00495365 0.00159111 0.81273 0.0869087 7.38866e-06 5.92638e-05 2.30827e-05 4.4749e-09 
0.273184 0.00230591 0.024827 0.68539 0.000383361 0.000614745 0.00908377 0.00421126 2.6741e-08 
0.20678 0.0196017 0.0785979 0.582184 0.0657122 0.0122983 0.0295372 0.000268354 0.00501983 
0.121647 0.0366109 0.0174626 0.624799 0.120211 0.00882365 0.0546571 0.0156763 0.000111825 
0.0407717 0.0100742 0.00013683 0.882018 0.0116121 0.000284819 0.0550724 2.88264e-05 7.3179e-07 
0.299623 0.0200904 0.0030536 0.575873 0.0140933 1.04501e-06 0.0872655 5.03228e-07 9.22048e-10 
0.0527948 0.00499391 0.032022 0.56053 0.124855 0.000795286 0.222011 0.00158505 0.000412228 
0.232967 1.61566e-09 0.000262421 0.638307 2.28118e-08 2.9351e-05 0.00528793 0.123146 5.31964e-13 
0.149523 0.115758 1.60738e-05 0.55139 0.0755522 1.60738e-05 0.107712 1.6072e-05 1.60653e-05 
0.152313 0.00686538 0.00655213 0.658227 0.104136 0.000403919 0.0669493 0.000687161 0.00386596 
0.190195 0.094317 0.209561 0.459351 0.00345266 0.0122344 0.0298756 7.31265e-05 0.000940013 
0.34104 0.0111975 0.0975463 0.436595 0.00712207 0.0196051 0.0121045 0.00385091 0.0709387 
0.0931176 1.71316e-05 0.0239712 0.751115 0.00135459 0.125461 0.0040914 0.000831717 4.00426e-05 
0.0916839 0.0911937 0.00181483 0.422912 0.025895 0.00721625 0.358646 0.000474459 0.000164146 
0.181978 0.0189331 0.0261648 0.709482 0.0336437 0.00341429 0.0261262 9.31439e-05 0.000165268 
0.414584 0.0185527 0.00265627 0.547453 0.000636608 0.000901552 0.0015331 0.0136763 6.78651e-06 
0.389076 0.0154257 0.00997388 0.503781 0.0344406 0.0176924 0.0177114 0.0105325 0.00136711 
0.181311 0.032281 0.0147983 0.349176 0.00693936 0.0333094 0.188053 0.19403 0.000101368 
0.022678 0.00667245 0.000761374 0.943486 0.0209285 0.00245587 0.00299087 3.06328e-06 2.39703e-05 
0.157999 0.0155879 0.0514597 0.315281 0.182043 0.004408 0.194453 0.078563 0.000205516 
0.100792 0.000378069 0.000499162 0.896419 0.00175393 5.03822e-05 7.35723e-05 3.39941e-05 1.39244e-09 
0.203133 0.050326 0.0734712 0.588411 0.0300691 0.0117295 0.0394146 0.000246968 0.00319886 
0.160294 0.00751524 0.0139043 0.575005 0.0367153 0.005148 0.175606 0.00375272 0.022059 
0.126688 0.0223045 0.0689583 0.469454 0.213329 2.99824e-05 0.0977717 6.41363e-06 0.00145818 
0.161512 0.00235876 0.0213742 0.586431 0.039278 0.000124938 0.182417 0.0064768 2.70038e-05 
0.359788 0.0209387 0.0171909 0.363599 0.0204851 0.0693547 0.0220111 0.126578 5.46234e-05 
0.238541 0.00282857 0.0105731 0.604008 0.0271665 0.00515824 0.0868286 0.0247619 0.000133531 
0.378383 0.0368568 0.0353999 0.48507 0.00938214 0.00638204 0.0484588 5.17642e-06 6.19601e-05 
0.246943 0.00109653 0.0496809 0.498885 0.0121997 0.000477973 0.0249772 0.165738 1.08071e-06 
0.12691 0.140556 0.213028 0.399671 0.0157377 0.0399398 0.0641574 7.49296e-08 1.80551e-10 
0.250215 1.30816e-05 0.146388 0.480222 0.00102794 4.42138e-05 0.122086 8.23545e-07 3.86485e-06 
0.177229 0.00162035 0.284738 0.507301 0.0284047 7.5585e-11 0.000706294 3.30309e-08 2.49443e-08 
0.0984962 0.17101 0.0122914 0.604702 0.0836741 0.00823623 0.0214877 8.5771e-05 1.654e-05 
0.461574 0.0122048 0.0233714 0.472628 0.0066297 0.00176069 0.0181054 0.00372217 4.37833e-06 
0.0685399 0.0141196 0.0148321 0.631623 0.00826757 0.102079 0.0886456 0.0613758 0.0105173 
0.22115 0.0115834 0.00647536 0.549836 0.00966768 0.00131824 0.198591 0.00113436 0.000244025 
0.232464 1.82358e-05 0.00551026 0.753688 8.1983e-05 3.36974e-05 0.000898523 0.00730517 2.13004e-09 
0.181327 0.0222994 0.0499662 0.680904 0.00700683 0.0156775 0.0393879 0.00257271 0.000857805 
0.185113 0.0109002 0.0192097 0.695582 0.0133062 0.0265288 0.0433086 0.00123269 0.00481895 
0.301269 0.011777 0.0770438 0.443849 0.00779171 0.0120422 0.0553573 0.090552 0.000317886 
0.146742 0.0102606 0.0178287 0.528005 0.0380969 2.50101e-05 0.179474 6.92297e-05 0.0794975 
0.429279 0.0215206 0.0377011 0.471993 0.00285325 0.00498752 0.0237805 0.000920963 0.00696375 
0.305654 0.00970961 0.00152067 0.641752 0.006063 3.10144e-08 0.034109 5.66387e-06 0.00118644 
0.235728 0.0623336 0.0399209 0.475981 0.00496613 0.0039858 0.124693 0.0523551 3.64229e-05 
0.395855 0.0153921 0.0754194 0.478183 0.0209093 0.00655397 0.00755268 0.000128313 5.88215e-06 
0.124638 0.110014 0.0427987 0.653472 0.0502823 0.00136334 0.0156532 1.49505e-05 0.00176351 
0.201101 0.0523091 0.0525541 0.595366 0.0241343 0.0266693 0.0478605 4.84526e-06 6.34405e-07 
0.343427 0.017135 0.115759 0.474356 0.00957731 0.0254726 0.0117006 0.00250547 6.70583e-05 
0.231785 0.0365386 0.169176 0.509712 0.0181034 0.0095684 0.0250657 5.08337e-05 6.68202e-08 
0.0509677 0.0377466 0.434899 0.448419 0.000271039 1.33279e-06 0.0276086 6.61058e-05 2.10143e-05 
0.21257 0.0185029 0.15825 0.539595 0.0225174 0.00464562 0.025348 0.0155568 0.00301418 
0.266622 0.00567658 0.00530924 0.563499 0.0774114 0.000152816 0.061472 0.01823 0.0016268 
0.0766568 0.0118197 0.00014557 0.830558 0.00615721 0.00112341 0.0734252 2.59259e-05 8.8548e-05 
0.253366 0.0525069 0.0778325 0.567845 0.00241026 0.0170596 0.0257757 0.0031739 3.01873e-05 
0.34842 2.94799e-05 0.00110519 0.607573 2.49428e-08 5.8514e-05 0.00176277 0.0410507 8.01039e-09 
0.205573 0.0497065 0.0548194 0.648116 0.0146662 0.00779693 0.017102 0.00205913 0.000161018 
0.208514 0.019796 0.00114519 0.544339 0.210384 0.00115689 2.60935e-06 0.00396218 0.0107005 
0.0853817 0.0418841 0.19132 0.675777 4.76529e-06 0.000204719 0.00542219 5.01033e-06 7.24618e-08 
0.224177 0.0164251 0.029215 0.381144 0.00137458 0.136948 0.00493172 0.205783 2.33141e-06 
0.232743 0.015472 0.0394164 0.549701 0.0546919 0.0179298 0.0291989 0.0608001 4.69713e-05 
0.141659 0.0275106 0.00468857 0.791307 0.00496702 0.000115956 0.00968281 0.0200686 1.43846e-07 
0.0762817 0.00890226 0.193783 0.672998 0.00475579 0.00137614 0.0394482 0.00240939 4.4828e-05 
0.12807 0.000415978 0.000614058 0.859949 0.00954946 0.000439811 0.000955087 6.85262e-06 1.96266e-07 
0.15273 0.0236136 0.019947 0.742612 0.0176537 0.000568436 0.0428757 5.71156e-08 7.50495e-09 
0.0679249 0.0473518 0.0152477 0.685502 0.109704 0.000688867 0.0520185 0.0215035 5.84646e-05 
0.188525 0.203814 0.0415608 0.453063 0.00523165 0.00437463 0.103384 2.7199e-05 1.91516e-05 
0.225257 0.0480282 0.0123931 0.684129 0.010049 0.00531533 0.00971008 0.00510001 1.84657e-05 
0.413684 0.0552511 0.0121128 0.473211 0.00185613 0.000369576 0.00919702 0.0343184 1.23913e-08 
0.22882 0.0793186 0.136132 0.513922 0.0268999 0.0011839 0.0132525 0.00017802 0.000293673 
0.119983 0.00294555 0.00014196 0.852753 0.0208467 0.000544525 0.00261979 0.000165735 1.88113e-08 
0.0461942 0.00597714 0.165343 0.704381 0.0137609 4.02084e-05 0.0428332 0.0214583 1.20147e-05 
0.279832 0.00161193 0.0159199 0.686674 0.00190421 0.00119915 0.0126926 0.000140893 2.51007e-05 
0.363803 0.0116822 0.0105092 0.5564 0.0179834 0.00605287 0.0266068 0.00679709 0.000165514 
0.185212 0.0906785 0.0762203 0.576669 0.00169432 0.0534634 0.0127821 8.10441e-05 0.00319914 
0.134061 0.194491 0.0060489 0.367378 0.100062 0.0117605 0.186046 0.000152022 4.53588e-07 
0.401793 0.00682706 0.0588875 0.483063 0.00448878 0.0124704 0.0319131 0.000353591 0.000203273 
0.221911 0.0250946 0.0276677 0.659053 0.0209805 0.0050446 0.029135 0.0110969 1.77435e-05 
0.280727 0.00472068 0.324251 0.386446 0.00168336 3.24109e-07 0.00173732 1.70639e-07 0.000434116 
0.176261 0.0914784 0.0364379 0.366504 0.0574132 0.16254 0.10321 0.00532361 0.000832754 
0.216606 0.125068 0.00944111 0.571198 0.00502781 0.0151403 0.0455271 0.0112008 0.000790875 
0.225705 0.0398608 0.0101788 0.417387 0.00105764 0.0167939 0.289016 6.91252e-07 4.44634e-08 
0.212939 0.00194524 0.0496087 0.712429 0.00510713 0.000377558 0.0168993 7.56307e-05 0.000617525 
0.0214325 3.26819e-06 0.00924476 0.954657 0.00891799 3.89844e-07 0.00553144 4.27241e-06 0.000208477 
0.116947 0.00226337 0.000463886 0.862651 0.000768149 0.00100095 0.0158892 1.48873e-07 1.65913e-05 
0.37015 0.0773222 0.0527724 0.373994 0.0259829 0.0270079 0.0702495 0.00224054 0.000280847 
0.318693 0.0675763 0.00707646 0.336013 0.058273 0.000717651 0.211638 1.16648e-05 7.1903e-07 
0.0802074 0.128657 0.130776 0.423415 0.0930603 0.00178213 0.141917 0.000185616 2.6161e-07 
0.0974982 0.203617 0.122185 0.352337 0.134263 0.0143475 0.0755142 7.63006e-05 0.000162323 
0.327505 0.139142 0.0159796 0.432842 0.00443884 0.0097955 0.0698781 0.000400323 1.85936e-05 
0.197133 0.0422946 0.352147 0.38318 0.00651085 0.00322254 0.0153942 7.28504e-05 4.51988e-05 
0.143278 0.0368829 0.0602295 0.507971 0.0250282 0.0495625 0.17561 0.00142048 1.75883e-05 
0.267251 0.0216057 0.0247538 0.640103 0.0175376 0.00125823 0.0260684 0.00138119 4.17843e-05 
0.319214 0.0244337 0.00875797 0.52434 0.0283917 0.0557612 0.0384296 8.1185e-05 0.000590807 
0.22756 0.0755084 0.0202503 0.331337 0.0655702 0.190894 0.087893 0.000986393 4.04123e-07 
0.301269 0.011777 0.0770438 0.443849 0.00779171 0.0120422 0.0553573 0.090552 0.000317886 
0.102305 0.000325217 0.0530842 0.556342 0.0830084 0.000868842 0.145021 0.0517419 0.00730319 
0.113228 0.0166898 0.0476764 0.75712 0.0468139 0.00339126 0.0148137 0.00011682 0.000150167 
0.372054 0.0484874 0.0302155 0.482128 0.0239072 0.0101406 0.0280997 0.00285825 0.00210898 
0.16599 0.102428 0.13393 0.566802 0.00744989 0.000398303 0.0227631 0.000236524 2.37226e-06 
0.292391 0.155525 0.015804 0.35027 0.00506861 0.165756 0.0150933 9.22474e-05 3.40252e-07 
0.0180534 0.0241744 0.00446991 0.939002 0.0030771 5.62616e-05 0.00284385 0.00832313 2.0353e-09 
0.13986 0.0157131 0.371396 0.470829 5.42246e-05 0.00121464 0.000922058 1.14428e-05 2.85751e-08 
0.324718 0.0570941 0.101317 0.385837 0.010314 0.0441141 0.0761058 7.64264e-05 0.000424539 
0.301654 0.0331861 0.0175554 0.571316 0.0291587 0.00876428 0.0381835 0.000163479 1.85899e-05 
0.167511 0.00214471 0.0135638 0.795861 0.00277644 0.000197634 0.0132623 0.00425426 0.000428306 
0.284176 0.057901 0.150255 0.347472 0.0962889 0.0118862 0.00429031 0.0477311 8.87564e-09 
0.191406 0.0789581 0.129753 0.488519 0.050319 0.0252907 0.0346253 9.82155e-05 0.00103067 
0.143722 0.225963 0.0045817 0.349204 0.00496792 0.000797805 0.26989 0.000149426 0.000723843 
0.118504 0.00846335 0.369509 0.373017 0.0824298 0.0248435 0.0130433 0.0101425 4.83617e-05 
0.142569 0.000121296 0.00285735 0.815491 0.0018821 0.000165131 0.0363185 0.000552559 4.32153e-05 
0.141612 0.0204732 0.25196 0.448444 0.0131575 0.00829673 0.0704477 0.00156334 0.0440453 
0.192461 0.0984698 0.0691442 0.58835 0.00427382 0.0309786 0.0154888 2.08988e-06 0.00083189 
0.10779 0.0348691 0.00385056 0.690982 0.142007 0.000162145 0.0202844 1.71165e-05 3.75117e-05 
0.192302 0.0388891 0.0175253 0.564582 0.0794883 1.52254e-05 0.106573 0.0006012 2.38771e-05 
0.409611 0.0160191 0.010217 0.429447 0.00802216 0.0058964 0.0248608 0.0959214 5.2061e-06 
0.13344 0.0301301 0.0704483 0.52249 0.0451145 0.0778496 0.118643 0.00183397 5.06943e-05 
0.232726 0.00697329 0.0108019 0.68336 0.000615771 0.00287824 0.027377 0.0352651 2.87952e-06 
0.0984525 0.0070736 0.0209008 0.754101 0.0548141 0.0220459 0.0425659 3.34156e-05 1.25594e-05 
0.0787771 0.000304809 0.000184577 0.919474 0.00117329 2.79017e-05 2.45315e-05 3.33727e-05 1.63948e-09 
0.333464 0.185646 0.00250334 0.336082 0.00055308 0.0226855 0.119025 4.08586e-05 2.84425e-07 
0.348117 0.0452785 0.0528289 0.478033 0.00795568 0.0148396 0.0407429 0.00460101 0.00760339 
0.203697 0.014555 0.143284 0.629151 0.000816465 0.000411722 0.008044 4.11848e-05 5.54357e-08 
0.349948 0.024569 0.0279741 0.516478 0.017976 0.00140289 0.0445461 0.0140671 0.00303925 
0.397422 0.0132262 0.0149841 0.559382 0.00642236 8.28987e-05 0.00845833 1.73822e-05 5.08403e-06 
0.180512 0.00444078 0.0606358 0.71776 0.00135057 0.00477524 0.0179119 0.0120056 0.000607271 
6.297e-05 0.000965659 0.156493 0.828785 0.00221601 1.2581e-08 0.00085832 0.0105988 1.9738e-05 
0.405468 0.0506619 0.0782616 0.439326 0.00131353 0.00125081 0.0235432 5.65004e-05 0.000118386 
0.194279 0.00428392 0.000572744 0.783229 0.0112921 4.84706e-05 0.00594643 5.26105e-05 0.000296035 
0.0098199 0.0359118 0.00597493 0.492882 0.335502 0.00019739 0.119635 7.66338e-05 8.91236e-07 
0.111605 0.137237 0.0368325 0.406512 0.0321308 0.0214422 0.254029 0.000198616 1.28714e-05 
0.172633 0.104096 0.0155243 0.363128 0.117137 0.00102881 0.216857 0.000250093 0.00934655 
0.29867 0.0179167 0.0126442 0.644518 0.00309741 0.00350529 0.0195081 0.000138224 2.00376e-06 
0.154968 0.00481555 0.114402 0.667952 0.00497037 1.67845e-06 0.0460425 0.00510409 0.00174469 
0.143722 0.225963 0.0045817 0.349204 0.00496792 0.000797805 0.26989 0.000149426 0.000723843 
0.0902357 0.0194446 0.0804442 0.497699 0.00323149 0.000799407 0.307525 2.73571e-06 0.000618493 
0.236 0.0180328 0.0251582 0.429887 0.0182972 0.00177535 0.226834 0.0431349 0.000880213 
0.16599 0.102428 0.13393 0.566802 0.00744989 0.000398303 0.0227631 0.000236524 2.37226e-06 
0.324764 0.0106824 0.000763472 0.59794 0.00500848 0.042437 0.018186 0.000175647 4.27034e-05 
0.232464 1.82358e-05 0.00551026 0.753688 8.1983e-05 3.36974e-05 0.000898523 0.00730517 2.13004e-09 
0.305963 0.0634053 0.121911 0.464973 0.00642395 0.000186721 0.0241591 0.0129776 7.48834e-08 
0.260789 0.0473906 0.064442 0.407058 0.0191174 0.0376664 0.0622806 0.0436626 0.0575929 
0.157999 0.0155879 0.0514597 0.315281 0.182043 0.004408 0.194453 0.078563 0.000205516 
0.197767 0.0163395 0.000937518 0.770882 0.0103056 0.00010951 0.0034528 0.0002042 1.8509e-06 
0.331024 0.00103168 0.000231886 0.660114 0.000425725 0.00434861 0.00270281 0.000121325 4.22272e-08 
0.125243 0.0391264 0.161518 0.65263 0.000686976 8.45558e-05 0.00235427 0.00154092 0.0168156 
0.128209 0.00193286 0.00445 0.859882 0.00160627 3.74649e-05 0.00377035 1.50882e-05 9.67169e-05 
0.300629 0.00319603 0.0217942 0.632467 0.00242827 0.00252012 0.0364053 0.000531678 2.90678e-05 
0.243547 0.0607333 0.0691617 0.607023 0.00486061 0.00165843 0.011943 1.16048e-05 0.00106135 
0.142569 0.000121296 0.00285735 0.815491 0.0018821 0.000165131 0.0363185 0.000552559 4.32153e-05 
0.127504 0.0547752 0.132325 0.290104 0.102863 0.0088064 0.198587 0.0596459 0.0253909 
0.0284852 0.00834502 0.0894155 0.815589 0.0193639 4.32744e-05 0.00948223 0.0229935 0.00628195 
0.255029 0.00558712 0.0145478 0.708998 0.00413504 0.00285915 0.00878788 5.58194e-05 5.19e-07 
0.400198 0.000857726 0.0118203 0.556664 0.000722013 0.0028433 0.00570265 0.0211886 2.91818e-06 
0.382403 0.0532669 0.0150495 0.460964 0.00103417 0.0422775 0.0409046 0.00408921 1.09656e-05 
0.14478 0.0600707 0.0185106 0.639215 0.0256739 0.0105376 0.100818 0.000376595 1.75682e-05 
0.14667 2.66612e-05 0.210631 0.447928 2.6655e-05 2.66588e-05 0.194638 2.66557e-05 2.66447e-05 
0.00270097 0.000711945 0.000880842 0.968575 0.00358015 0.000203006 0.00192317 0.000209664 0.0212151 
0.179808 0.0627319 0.017993 0.581633 0.0589499 0.035376 0.0622077 0.000285773 0.00101417 
0.0706048 0.100463 0.166739 0.657059 0.00117022 0.000330338 0.00286662 0.000533734 0.000233806 
0.363957 0.00179907 0.0362347 0.548285 0.000435584 0.000753796 0.0417085 0.00679452 3.14984e-05 
0.172127 0.0204099 0.0245804 0.742422 0.0190856 0.00527819 0.01418 0.000272817 0.001644 
0.138883 0.107458 0.156584 0.582336 0.00201801 0.000523614 0.012083 0.00011282 1.07908e-07 
0.0650149 0.0866933 0.0941996 0.546721 0.069704 0.00462056 0.13293 6.21468e-08 0.000117088 
0.305404 0.131338 0.010501 0.448538 0.00521187 0.000133067 0.0981463 0.000677223 5.00507e-05 
0.154909 5.28883e-06 0.010347 0.832931 0.000170536 7.04032e-05 0.00156491 2.52555e-06 3.07296e-12 
0.21533 0.120896 0.00551334 0.507173 0.0513343 0.00022087 0.0992671 0.00013062 0.000135038 
0.0198584 0.00641422 0.00375241 0.600062 0.128226 0.00450765 0.23694 0.000238747 3.57134e-07 
0.266496 0.044602 0.0308042 0.608573 0.0158932 0.00677561 0.0228144 0.00296484 0.00107672 
0.0716285 0.0359336 0.107468 0.535087 0.00492851 0.0752502 0.161474 0.00811476 0.000115263 
0.245222 0.0211775 0.012678 0.434824 0.07236 0.00124806 0.205577 7.10589e-06 0.00690632 
0.245222 0.0211775 0.012678 0.434824 0.07236 0.00124806 0.205577 7.10589e-06 0.00690632 
0.299321 0.0138464 0.081436 0.519363 0.000229472 0.0108796 0.058178 0.0167399 6.80797e-06 
0.154368 0.27027 0.100165 0.465336 0.000619532 0.00215027 0.00405093 3.2033e-05 0.00300719 
0.38948 0.00205778 0.030699 0.572061 6.0007e-05 4.51228e-06 0.0047391 0.000899082 1.5508e-09 
0.221345 0.0248386 0.0314243 0.625235 0.00619125 0.0164662 0.025449 0.0490482 2.42297e-06 
0.109798 0.0652162 0.00704256 0.528419 0.0153885 0.00908127 0.139291 0.0743344 0.0514296 
0.227946 0.0230613 0.0491127 0.585104 0.0139574 0.0883618 0.012036 1.01307e-05 0.000410872 
0.234505 0.0802767 0.0838221 0.521219 0.0088861 0.0219322 0.0493443 1.41137e-05 2.18002e-08 
0.0376423 0.138807 0.0142692 0.312456 0.248089 4.03964e-09 0.248728 6.75859e-09 8.27443e-06 
0.153962 0.00363346 0.0496115 0.688984 0.0011051 0.00476049 0.0584274 0.0390185 0.000497017 
0.196079 0.0751506 0.00946843 0.631423 0.0544305 0.0227817 0.00815074 0.00241363 0.00010178 
0.245222 0.0211775 0.012678 0.434824 0.07236 0.00124806 0.205577 7.10589e-06 0.00690632 
0.120001 0.117264 0.00495365 0.634484 0.0327772 0.0508028 0.0394124 0.000277688 2.74591e-05 
0.0110151 0.0169942 0.00305327 0.933501 0.0261146 2.28907e-05 0.00929009 8.25984e-06 6.16753e-07 
0.413475 0.00418587 0.0352114 0.528352 0.00010118 0.000249803 0.0184249 9.12921e-11 1.18664e-07 
0.0269863 0.00386847 0.0786468 0.8812 0.00111764 0.0005811 0.00749417 0.000105695 2.46094e-08 
0.165759 0.0102255 0.0352338 0.626131 0.00386082 0.00394116 0.129323 0.0254909 3.43439e-05 
0.297948 0.00671397 0.00248337 0.637761 0.000253115 0.0437143 0.00357784 0.00754513 3.33399e-06 
0.182499 0.0543686 0.00707539 0.452772 0.146527 0.00032753 0.154279 0.000780098 0.00137067 
0.143931 0.016889 0.0792876 0.686878 0.0206175 0.0243404 0.027973 4.31604e-05 4.01266e-05 
0.428595 0.0168074 0.0179378 0.484537 0.00634059 0.00022212 0.0453935 1.21131e-06 0.000165968 
0.0755556 0.0309843 0.000614307 0.585378 0.282468 0.0164379 0.00850305 5.81804e-05 1.0818e-07 
0.0157715 0.135092 0.00265466 0.609967 0.00217968 5.67764e-08 0.234335 7.84983e-12 1.15556e-07 
0.106314 0.0356426 0.00324948 0.749577 0.0664151 3.47804e-05 0.0382959 0.000470756 4.76554e-07 
0.283545 0.00762421 0.11546 0.492699 0.000682926 0.0939682 0.00418718 0.00183322 5.2655e-07 
0.288753 0.0351803 0.00328502 0.666534 0.000698917 0.00167412 0.00383143 4.28482e-05 6.31571e-08 
0.398003 0.020584 0.0449831 0.422143 0.0248543 0.0221978 0.0146039 0.0524537 0.000177356 
0.187778 0.0422947 0.010117 0.691629 0.00256851 0.0284332 0.0370939 1.1389e-05 7.42953e-05 
0.063818 0.0155149 0.073843 0.758284 0.02613 1.21397e-06 0.0433529 0.00690753 0.0121487 
0.396553 0.00944213 0.0445824 0.431317 0.0174662 0.0751775 0.0243028 0.000723373 0.000434805 
0.192776 0.0111861 0.00413449 0.78109 0.00168674 0.00194147 0.00706484 4.68508e-05 7.35191e-05 
0.0901504 0.0711176 0.0100964 0.622107 0.0624017 0.0763854 0.00181719 1.09936e-07 0.0659244 
0.167666 0.0163658 0.0743613 0.55128 0.011214 0.0548225 0.088703 0.023446 0.0121413 
0.290681 0.0503515 0.00849604 0.634591 0.00184902 0.000406088 0.0136152 1.05204e-05 9.34299e-10 
0.41807 0.0159365 0.103873 0.456605 0.000528315 0.000358931 0.00461343 1.4884e-05 1.11734e-10 
0.273368 0.0366605 0.252098 0.369186 0.00759883 0.0153723 0.0279608 0.0161177 0.00163826 
0.134811 0.0504253 0.111055 0.401497 0.155462 5.74734e-07 0.0241521 0.000141642 0.122455 
0.0997131 0.00381137 0.0421899 0.758296 0.092778 5.74932e-08 0.00272956 0.000482456 9.85259e-10 
0.295792 0.0998588 0.0181507 0.327131 0.00435574 0.0806416 0.0593858 0.114674 1.05265e-05 
0.282235 0.0288438 0.0931656 0.426692 0.0170763 0.0237575 0.0632289 0.00479336 0.0602082 
0.270371 0.000419402 0.000523833 0.682834 0.0103108 3.76329e-05 0.0349323 0.000153475 0.000417021 
0.119262 0.0119625 0.00521281 0.799167 0.0595638 0.00016248 0.00461334 5.5936e-05 4.29622e-08 
0.235693 0.0264431 0.0501586 0.561358 0.120321 0.000919588 0.00493398 0.000166729 5.94829e-06 
0.160747 0.00479819 0.00212215 0.404484 0.0204158 0.0108077 0.273317 0.123309 1.25364e-11 
0.157978 3.99813e-07 0.00242211 0.596418 6.48747e-07 0.000236191 0.242293 0.000650921 6.89034e-07 
0.385597 0.00582816 0.00145165 0.572234 0.00674039 0.00537024 0.0224456 0.000115048 0.000217805 
0.0792535 0.0603186 0.00753151 0.787287 0.00307292 0.000493982 0.022489 0.039549 4.3454e-06 
0.27625 0.0343872 0.0121313 0.500612 0.0885271 0.0225011 0.0499394 0.0143376 0.00131437 
0.30711 0.0164477 0.0271793 0.556135 0.00610255 0.0250627 0.0532407 0.00834744 0.000373976 
0.150324 0.00523237 0.103136 0.684014 0.0098998 0.0267898 0.0139492 0.00605819 0.000595943 
0.195751 0.105733 0.00380119 0.649982 0.023112 0.00209559 0.0192564 0.000268697 9.32063e-09 
0.189638 0.0929954 0.0276271 0.629629 0.0090814 0.00177846 0.0344299 0.0132635 0.00155682 
0.420803 0.000131876 0.0223199 0.553382 0.00135781 1.49909e-05 0.00199036 8.00529e-10 1.93157e-09 
0.331024 0.00103168 0.000231886 0.660114 0.000425725 0.00434861 0.00270281 0.000121325 4.22272e-08 
0.15101 0.124565 0.0121775 0.477324 0.0132985 0.00126655 0.219573 0.00078607 2.51226e-07 
0.0527153 0.0401541 0.00738324 0.777602 0.0506022 2.25863e-05 0.071467 5.24097e-05 1.18424e-06 
0.216688 0.0898904 0.00647507 0.458249 0.0528141 0.0113042 0.163551 0.00025712 0.000770252 
0.29867 0.0179167 0.0126442 0.644518 0.00309741 0.00350529 0.0195081 0.000138224 2.00376e-06 
0.0718209 0.0580888 0.304196 0.306077 0.0370261 0.0192109 0.184113 0.00258179 0.0168856 
0.361987 0.0294877 0.210051 0.368807 0.00412462 0.00554294 0.0111562 0.00432174 0.00452165 
0.280015 0.0130689 0.0553513 0.630931 0.00348738 0.00220813 0.00632534 0.00855832 5.47631e-05 
0.0209112 0.00265599 0.00261342 0.965691 0.00315941 1.23446e-07 0.00496792 2.06533e-07 4.98338e-07 
0.413684 0.0552511 0.0121128 0.473211 0.00185613 0.000369576 0.00919702 0.0343184 1.23913e-08 
0.260392 0.000482615 0.00188396 0.728948 0.00082159 0.0058168 0.00150923 1.98416e-05 0.000125557 
0.119492 0.00409948 0.0172654 0.738104 0.00324755 0.00448123 0.0797304 0.0335799 3.77321e-07 
0.243901 0.177629 0.0728453 0.458762 0.00956985 0.000433566 0.0211739 0.0141183 0.00156786 
0.238702 0.0470396 0.0791716 0.513555 0.000804118 0.00286288 0.117836 2.41659e-05 4.53752e-06 
0.217193 0.0828742 0.0462133 0.338184 0.214303 0.00370289 0.088947 0.00830857 0.000273798 
0.0331908 0.183883 0.0169432 0.59938 0.103097 2.89537e-06 0.000345107 0.0631554 2.85678e-06 
0.112999 0.0382981 0.0319351 0.577396 0.106688 0.00928084 0.120531 0.00185548 0.00101636 
0.0124322 0.00427032 0.12918 0.628935 0.121517 5.25723e-06 0.103659 7.95329e-07 4.31835e-08 
0.128085 0.0371608 0.0114432 0.744589 0.0114144 0.0557063 0.0115466 1.13534e-05 4.35397e-05 
0.245222 0.0211775 0.012678 0.434824 0.07236 0.00124806 0.205577 7.10589e-06 0.00690632 
0.0226882 0.16235 0.00124345 0.421549 0.377652 1.22464e-06 0.013555 0.000961161 8.79551e-11 
0.192858 0.00628918 0.120532 0.622798 0.00373112 0.00029448 0.00506387 0.0484333 3.15789e-09 
0.165924 0.0140344 0.0261952 0.447954 0.092206 0.00261023 0.22892 0.0196656 0.00249031 
0.303895 0.0713961 0.0347391 0.524353 0.024285 0.0104765 0.0280612 0.00228891 0.000504322 
0.162824 0.0501547 0.0164223 0.719003 0.0421873 1.16667e-06 0.00913803 2.74093e-05 0.000242108 
0.157999 0.0155879 0.0514597 0.315281 0.182043 0.004408 0.194453 0.078563 0.000205516 
0.141615 0.0531957 0.149806 0.610258 0.0222172 0.0038213 0.0179858 0.000910078 0.000191203 
0.335718 0.0824345 0.0409896 0.396036 0.00919865 0.0786464 0.0461313 0.0106594 0.000185902 
0.178786 0.00902051 0.162315 0.572353 0.0203214 0.0146181 0.0404339 0.00092742 0.00122391 
0.252038 0.00612643 0.222923 0.487428 0.00340477 0.00050043 0.0270415 0.000235235 0.000303007 
0.289282 0.00250859 0.00510098 0.696978 0.00103264 0.000542976 0.00435719 7.55347e-05 0.000122195 
0.304015 0.00871673 0.111582 0.474582 0.00363895 0.00152933 0.0617996 0.0341258 1.1032e-05 
0.00531102 0.011278 0.0381846 0.898351 0.00538215 0.0386169 0.000853097 1.88629e-05 0.00200465 
0.384508 0.00271237 0.0196912 0.543104 0.00148906 0.00566342 0.0307002 0.0121036 2.77349e-05 
0.314581 0.0481919 0.00605723 0.519202 0.0190778 0.00293188 0.0325037 0.0537836 0.00367043 
0.0407717 0.0100742 0.00013683 0.882018 0.0116121 0.000284819 0.0550724 2.88264e-05 7.3179e-07 
0.283711 0.0388858 0.049434 0.514583 0.00458148 0.00318357 0.0756685 0.0297014 0.000251864 
0.0951562 0.0444789 0.0753251 0.423882 0.278868 0.0131063 0.0618563 0.0061751 0.00115264 
0.331024 0.00103168 0.000231886 0.660114 0.000425725 0.00434861 0.00270281 0.000121325 4.22272e-08 
0.306335 0.0137778 0.0553952 0.404071 0.0168283 0.00189516 0.197615 0.00408137 6.00607e-07 
0.0807371 0.174229 0.0224281 0.566858 0.0722237 0.0040356 0.0130989 0.00166716 0.0647223 
0.0343713 0.0139562 0.00294813 0.883696 0.0512489 2.54509e-08 0.0134039 8.30365e-06 0.000367581 
0.135965 0.00222424 0.0105175 0.802956 0.00320634 0.00194195 0.00540592 0.037758 2.52277e-05 
0.238771 0.214063 0.0178872 0.51827 0.00381625 0.00308125 0.00404785 2.23472e-05 4.16659e-05 
0.0301706 0.020389 0.0969115 0.766309 0.041866 0.000108274 0.038221 0.00602455 3.20264e-08 
0.120986 1.68237e-05 0.00108557 0.843306 3.58142e-05 0.000238502 0.0124177 0.0219141 2.99927e-08 
0.200311 0.0107981 0.0172011 0.747116 0.00582183 0.00128928 0.00812528 0.00933231 5.47679e-06 
0.0992992 0.0400812 0.0127352 0.418916 0.299584 0.00577686 0.116813 5.13387e-05 0.00674389 
0.341575 0.0075565 0.0731947 0.54166 0.00194443 0.00879811 0.0201991 0.00473512 0.000336427 
0.267527 0.00370107 0.0169507 0.694955 0.00128705 0.00366406 0.00503056 0.00687351 1.16133e-05 
0.263965 0.051658 0.0294296 0.576072 0.0164166 0.00034663 0.0341866 0.0279209 4.08133e-06 
0.0997131 0.00381137 0.0421899 0.758296 0.092778 5.74932e-08 0.00272956 0.000482456 9.85259e-10 
