0.283435 0.0254829 0.0191561 0.617173 0.0314465 0.00114226 0.0177341 3.25483e-05 0.00439769 
0.209935 0.0642589 0.0150568 0.283299 0.100853 0.138034 0.169218 0.0192861 5.90509e-05 
0.0618909 0.00187282 0.0119761 0.433903 0.358375 0.0112404 0.0552965 0.0645871 0.000858033 
0.361879 0.0924097 0.0425127 0.366584 0.0149812 0.0539665 0.0669513 8.13319e-05 0.000634577 
0.261594 0.00221083 0.00572812 0.607749 0.000430301 0.00017559 0.117707 0.00440505 9.68268e-09 
0.0274739 0.00150816 0.0282857 0.920733 0.0156369 0.00010831 0.00602454 3.20994e-06 0.000226235 
0.319744 0.00615406 0.25621 0.370406 0.00221935 0.0142819 0.03053 0.000454102 1.32253e-06 
0.239187 0.00808332 0.00337642 0.726855 0.0112859 0.000749706 0.0100755 0.000386894 8.88587e-12 
0.243535 0.00745199 0.00752764 0.702196 0.00630226 0.00830422 0.0245209 8.60927e-05 7.56945e-05 
2.40853e-05 2.73574e-05 6.71971e-06 0.501603 0.260974 1.38182e-09 0.23736 5.55082e-06 5.57828e-09 
0.0407717 0.0100742 0.00013683 0.882018 0.0116121 0.000284819 0.0550724 2.88264e-05 7.3179e-07 
0.345277 0.019769 0.0465457 0.506878 0.00853026 0.0194041 0.040319 0.0125033 0.000772846 
0.276029 0.0326258 0.0282284 0.5692 0.00242721 0.0287486 0.0211187 0.0416106 1.15119e-05 
0.0749567 0.15932 0.0254415 0.68004 0.0356105 7.5686e-06 0.00946995 0.0151533 6.79423e-07 
0.143884 0.0024452 0.192365 0.378978 0.000963333 0.000213908 0.122746 0.158405 3.08754e-08 
0.177886 0.0211295 0.246929 0.489869 0.00104413 0.00352075 0.0257314 0.029756 0.00413433 
0.0980983 0.0433716 0.0135094 0.48985 0.196275 0.117152 0.0380271 0.00369939 1.74297e-05 
0.280451 0.0936433 0.00722261 0.384761 0.0929695 0.0144691 0.12631 6.43326e-05 0.000108724 
0.110574 0.0074728 0.00666355 0.778053 0.0670729 0.0202079 0.00937371 0.000214614 0.000367493 
0.414012 0.00972515 0.0398809 0.499222 0.00461077 0.0057216 0.00478054 0.0216515 0.000396013 
0.344569 0.00758901 0.00512188 0.634399 0.000858465 0.000730851 0.00664633 8.30682e-05 1.66011e-06 
0.0685399 0.0141196 0.0148321 0.631623 0.00826757 0.102079 0.0886456 0.0613758 0.0105173 
0.191984 0.0122007 0.087826 0.649454 0.0242968 0.0323833 0.00179518 5.34056e-05 6.77087e-06 
0.134945 0.00468504 0.114095 0.651978 0.0064305 0.00242102 0.0525282 0.000304833 0.0326122 
0.131428 0.0160073 0.0597341 0.377815 0.0761968 0.00433493 0.267852 0.0665616 7.00905e-05 
0.129707 0.00429871 0.00120955 0.790837 0.0538413 5.39069e-05 0.0194445 0.000607669 2.76085e-07 
0.0285638 0.0531254 0.0665385 0.776609 0.0218973 0.000822366 0.0509748 0.00142884 4.00235e-05 
0.38948 0.00205778 0.030699 0.572061 6.0007e-05 4.51228e-06 0.0047391 0.000899082 1.5508e-09 
0.298134 0.100318 0.011755 0.377078 0.00548185 0.0875677 0.116439 0.00146352 0.00176342 
0.197404 0.0500025 0.0820363 0.624724 0.00162781 0.023477 0.0179066 0.0028124 9.20554e-06 
0.202992 0.180532 0.0269048 0.491702 0.060916 0.00873443 0.0279961 4.23734e-05 0.000180648 
0.321862 0.118229 0.0131091 0.368449 0.00954526 1.54461e-05 0.168422 2.19193e-05 0.000345954 
0.314456 0.0263869 0.0243326 0.574435 0.017122 0.0126135 0.0231336 0.00751214 7.74149e-06 
0.301218 0.0108691 0.0266264 0.562127 0.0179955 0.0363685 0.0304637 0.0142593 7.23147e-05 
0.0537961 0.00415389 0.00560393 0.817491 0.000535427 1.08832e-05 0.077401 0.0410073 1.26443e-09 
0.179645 0.0022267 0.00323808 0.535412 0.105337 6.81343e-05 0.113366 0.0606423 6.44787e-05 
0.38948 0.00205778 0.030699 0.572061 6.0007e-05 4.51228e-06 0.0047391 0.000899082 1.5508e-09 
0.0773888 0.0161406 0.0531902 0.454289 0.375899 7.39549e-05 0.0177716 0.00436986 0.000877816 
0.260452 0.00731542 0.301058 0.423178 0.00122349 0.00132403 0.00529518 7.86949e-05 7.45423e-05 
0.196922 0.0246491 0.0116676 0.59871 0.0510482 0.0455307 0.0696738 0.000630678 0.00116725 
0.349706 0.0160334 0.0240432 0.560771 0.00926665 0.00761552 0.0275407 0.0042056 0.000818617 
0.203859 0.0179064 0.0535606 0.681415 0.00461563 0.00158855 0.0201985 0.000269746 0.0165859 
0.371822 0.0046037 0.0637305 0.415301 0.00679046 0.0653361 0.0588198 0.0135719 2.45307e-05 
0.274671 0.122066 0.0682746 0.35145 0.0221081 0.0622762 0.0891739 0.00997475 5.84775e-06 
0.343896 0.00352893 0.242084 0.357595 0.00258549 0.0196801 0.0297196 0.000647227 0.00026326 
0.333056 0.00399751 0.0444887 0.596099 0.00185063 0.00529017 0.0136741 0.00128882 0.000254948 
0.194241 0.0123213 0.0607682 0.696073 0.00270498 0.00320027 0.0190449 0.0115073 0.000139561 
0.116538 0.0568819 0.00507726 0.60778 0.0464915 0.136638 0.00627227 0.0222297 0.00209117 
0.0960354 0.0138804 0.0165342 0.620258 0.0054001 0.0696205 0.174648 0.00358772 3.49391e-05 
0.331024 0.00103168 0.000231886 0.660114 0.000425725 0.00434861 0.00270281 0.000121325 4.22272e-08 
0.113231 0.0718125 0.0577252 0.739423 0.00214579 0.0039839 0.0115612 2.19176e-05 9.48608e-05 
0.299375 0.0510923 0.0311283 0.577402 0.00796812 0.000766756 0.031569 0.000698334 7.30421e-07 
0.0735698 0.118916 0.0198216 0.461911 0.128942 6.45206e-06 0.141491 0.0553364 4.9684e-06 
0.0283784 0.0560202 0.0143958 0.49575 0.186297 0.0467879 0.171934 0.000396316 3.96361e-05 
0.252676 0.0942151 0.0263458 0.394296 0.102898 0.00777197 0.0640585 0.000297524 0.0574399 
0.29862 0.0350091 0.086668 0.473419 0.0405805 0.0160162 0.0466396 0.00158968 0.00145749 
0.331024 0.00103168 0.000231886 0.660114 0.000425725 0.00434861 0.00270281 0.000121325 4.22272e-08 
0.124404 0.00120391 0.0328908 0.48354 0.00413552 0.0414624 0.10811 0.203924 0.000330177 
0.334121 0.0111875 0.0244684 0.503277 0.048259 9.08937e-05 0.0785454 4.89897e-05 1.91676e-06 
0.125045 0.000196539 0.0262535 0.567287 0.237752 0.000785466 0.0424557 0.000194126 3.04532e-05 
0.231906 0.0162764 0.123237 0.571894 0.00233247 0.00386503 0.00384246 0.0466008 4.50996e-05 
0.312973 0.078359 0.166494 0.353336 0.0023446 0.00466838 0.0811569 2.09243e-05 0.000647074 
0.272186 0.0402386 0.081592 0.388062 0.0630759 0.0198916 0.132546 0.000932749 0.00147465 
0.102122 0.0275583 0.0276129 0.815299 0.0189279 0.00131393 0.00675864 6.93692e-06 0.000399988 
0.112529 0.00275342 0.00325223 0.438816 0.0330085 0.00419433 0.319575 0.0858701 2.15902e-06 
0.22948 1.4763e-05 0.000552763 0.747075 2.97865e-08 2.92789e-05 0.00232135 0.0205275 2.39782e-08 
0.288651 0.0821552 0.0049341 0.343892 0.0400387 0.00275085 0.234505 0.000225869 0.00284722 
0.100217 0.000543437 0.0232076 0.373088 0.00329487 0.00251589 0.317685 0.17893 0.000518533 
0.042396 0.155622 0.00254653 0.620229 0.146449 8.99537e-06 0.03165 0.00109906 8.05439e-11 
0.217631 0.0526184 0.0333882 0.325635 0.00485603 0.00176479 0.158147 0.205959 3.43607e-08 
0.194109 0.0430421 0.0104426 0.721975 0.00617186 0.000333659 0.0117504 0.000255649 0.0119204 
0.0895687 0.0057815 0.0603524 0.408509 0.0298314 0.000102246 0.00392761 0.0717368 0.330191 
0.133418 0.0166245 0.0158205 0.725571 0.0292316 0.00478984 0.0442173 0.0302879 3.91332e-05 
0.265158 0.198059 0.0130495 0.438089 0.0134749 0.00268615 0.0611366 0.00834566 6.65241e-07 
0.245222 0.0211775 0.012678 0.434824 0.07236 0.00124806 0.205577 7.10589e-06 0.00690632 
0.280537 0.0248121 0.126475 0.507524 0.00297845 0.0402349 0.0171228 0.000298268 1.72258e-05 
0.3716 0.0358674 0.00676407 0.581798 0.00178771 0.000417003 0.00176225 2.94381e-06 5.79433e-07 
0.0601605 0.0167558 0.419373 0.469643 0.00646029 0.000141329 0.0201554 0.00726491 4.60154e-05 
0.174501 0.0348169 0.0210909 0.581904 0.14401 0.000440348 0.0428591 0.000181402 0.000195918 
0.245247 0.0198239 0.0952281 0.567366 0.020911 0.0184661 0.0186802 0.0133949 0.000882751 
0.284228 0.00452937 0.00865407 0.69297 8.43305e-05 0.000168261 0.00764421 0.000164222 0.0015582 
0.27599 0.0132097 0.0765976 0.592186 0.000759472 0.000986262 0.0367924 0.00347853 7.48969e-09 
0.171608 5.17502e-06 0.0266119 0.742513 0.00135565 0.0530879 0.00419472 0.00061176 1.21515e-05 
0.20066 0.0926435 0.114456 0.348267 0.145748 0.0169063 0.0808206 7.6319e-05 0.000423214 
0.0652817 0.0238849 0.000836658 0.889151 0.000174339 0.00174865 0.018871 3.58068e-05 1.63089e-05 
0.257417 0.00561879 0.00586492 0.72233 0.000648805 0.00602258 0.002027 7.05342e-05 9.77092e-08 
0.436116 0.0206395 0.0022894 0.491621 0.028905 0.00735792 0.0125786 0.000483427 8.37467e-06 
0.183685 0.0143836 0.0302372 0.609484 0.0340464 0.00044358 0.125934 5.29619e-07 0.00178472 
0.0199485 0.0398653 0.00418854 0.90638 0.000663411 6.47235e-07 0.0289381 1.24916e-05 2.61282e-06 
0.254646 0.00278381 0.00758057 0.297718 0.165775 0.00819267 0.10174 0.161492 7.12617e-05 
0.301269 0.011777 0.0770438 0.443849 0.00779171 0.0120422 0.0553573 0.090552 0.000317886 
0.185113 0.0109002 0.0192097 0.695582 0.0133062 0.0265288 0.0433086 0.00123269 0.00481895 
0.384508 0.00271237 0.0196912 0.543104 0.00148906 0.00566342 0.0307002 0.0121036 2.77349e-05 
0.235892 0.0151863 0.0606812 0.298214 0.0484141 0.00410142 0.126114 0.0101047 0.201292 
0.0442209 6.33677e-05 0.030716 0.822786 0.00231855 0.0937511 0.00512432 0.000974912 4.53369e-05 
0.208606 0.00956558 0.0997421 0.55108 0.00285324 0.00790342 0.108822 0.0101887 0.00123898 
0.115591 0.0424295 0.106127 0.668251 0.0219114 0.00171855 0.0392807 0.00447376 0.000217784 
0.192289 0.0328294 0.0122644 0.680462 0.0105002 0.0235848 0.018631 0.0294289 9.84767e-06 
0.417526 0.0157114 0.0162464 0.490217 0.00244013 0.0335673 0.0224231 0.000149587 0.00171909 
0.199726 0.00832447 0.0387254 0.361366 0.360844 0.0201211 0.0106408 1.90882e-05 0.000232846 
0.245222 0.0211775 0.012678 0.434824 0.07236 0.00124806 0.205577 7.10589e-06 0.00690632 
0.159391 0.0276801 0.07767 0.369966 0.00388181 0.00187874 0.311458 0.0441324 0.0039418 
0.115688 0.0127566 0.0161214 0.808268 0.0243754 0.00190095 0.0207357 4.57679e-05 0.000107972 
0.298134 0.100318 0.011755 0.377078 0.00548185 0.0875677 0.116439 0.00146352 0.00176342 
0.212109 0.00651074 0.0196967 0.713992 0.000625281 0.000930763 0.0455533 0.000512833 6.97208e-05 
0.124732 0.0126405 0.023192 0.833689 0.00261874 0.000255464 0.00286325 6.72594e-06 1.57928e-06 
0.178858 0.000759051 0.02104 0.621608 0.00208951 0.000250051 0.130163 0.0452284 3.53278e-06 
0.195576 0.0777623 0.0852842 0.560656 0.0175919 0.00262339 0.0593548 0.00111582 3.55773e-05 
0.112744 0.0223413 0.0327022 0.727775 0.0367272 0.00506753 0.0626409 1.15132e-06 1.15084e-06 
0.258615 0.00324755 0.115229 0.606769 0.00415303 0.00181283 0.0078487 0.00154672 0.000777997 
0.0110151 0.0169942 0.00305327 0.933501 0.0261146 2.28907e-05 0.00929009 8.25984e-06 6.16753e-07 
0.0971865 0.00991065 0.00379415 0.793477 0.0120864 0.000860233 0.0523112 0.0303662 7.5566e-06 
0.219806 0.0941019 0.0136259 0.286998 0.194433 0.0129347 0.163691 0.000901207 0.0135085 
0.0439754 0.000153803 0.0050586 0.84527 0.0126021 3.40003e-05 0.0708571 0.0220417 7.5593e-06 
0.253146 0.000474279 0.00779489 0.730372 0.000635783 0.000473665 0.00175372 0.00534509 4.39778e-06 
0.352835 0.0511188 0.0476457 0.494519 5.11047e-05 0.00242199 0.0383701 4.26643e-05 0.0129955 
0.440558 0.0232017 0.0294569 0.486614 0.000394904 0.00168847 0.0180613 2.38734e-05 4.45057e-08 
0.199974 0.123356 0.0148657 0.309819 0.118475 0.0785569 0.154152 0.00037821 0.000422735 
0.369819 0.000585399 0.0126151 0.608918 0.000660598 0.00171931 0.00542103 0.000257855 4.42784e-06 
0.144823 0.00251912 0.0337844 0.815679 0.000342884 6.22587e-05 0.00190592 0.000883509 1.46317e-07 
0.186125 0.0118314 0.203561 0.424719 0.0797919 0.0247443 0.0380756 0.0140038 0.017148 
0.4206 0.0213586 0.0609786 0.440666 0.00924797 0.00589958 0.0406469 0.000182397 0.000419764 
0.211403 0.000227971 0.0330732 0.752927 0.0015918 0.000596561 0.000172337 8.90515e-06 1.00988e-07 
0.239187 0.00808332 0.00337642 0.726855 0.0112859 0.000749706 0.0100755 0.000386894 8.88587e-12 
0.403036 0.0129698 0.0189974 0.444918 0.0226869 0.0668076 0.0185224 0.0118273 0.000235197 
0.135944 0.0557862 0.0544647 0.673335 0.00942772 0.000424798 0.0691411 0.00147531 7.43345e-07 
0.294343 0.00149693 0.0402715 0.333108 0.0177075 0.000576092 0.0388847 0.273612 4.39883e-08 
0.0319106 0.00275651 0.00681964 0.935422 0.000115714 1.28448e-05 0.00681528 0.0161468 2.77617e-07 
0.0799124 6.643e-06 0.00298816 0.828854 0.0831924 1.9029e-05 0.00478549 0.000204856 3.67383e-05 
0.181004 0.000352899 0.0110711 0.805834 9.24975e-05 0.000174192 0.00140605 6.61138e-05 6.47724e-08 
0.129767 5.89885e-05 0.00366505 0.812341 0.000838974 0.000254794 0.0522401 0.000773497 6.0466e-05 
0.187184 0.00254253 0.0136981 0.744395 0.012815 0.0205251 0.0172397 0.000615573 0.000984535 
0.166864 0.0178822 0.20822 0.543303 0.0178138 0.0362335 0.00897463 5.42296e-06 0.000702944 
0.157303 0.00888187 0.0107606 0.674579 0.0330517 0.000441779 0.0446484 0.0703272 7.01079e-06 
0.177577 0.0342809 0.0233905 0.266241 0.152641 0.00233038 0.221837 0.120641 0.00106074 
0.0424019 0.0417214 0.00455406 0.568873 0.0344738 0.169426 0.13567 0.00286537 1.47721e-05 
0.0712439 0.0252304 0.0268755 0.488276 0.000581826 0.0109522 0.316278 0.060562 2.53597e-10 
0.23714 0.0464817 0.187814 0.464244 0.00154376 0.0553179 0.00741584 3.6887e-05 5.47744e-06 
0.0407717 0.0100742 0.00013683 0.882018 0.0116121 0.000284819 0.0550724 2.88264e-05 7.3179e-07 
0.330001 0.127911 0.053619 0.392644 0.0565274 0.00122625 0.036132 0.0018386 0.00010194 
0.331933 0.01361 0.0220856 0.517267 0.0172172 0.00258343 0.0292053 0.0660956 2.80483e-06 
0.231929 0.0113888 0.0650562 0.581084 0.0144554 0.00245993 0.0782905 0.0151959 0.000140441 
0.393026 0.0168149 0.00829196 0.556096 0.00228689 0.000341744 0.0141856 0.00895679 2.57403e-08 
0.327281 0.015385 0.120444 0.479368 0.00933385 0.00394922 0.0342779 0.005893 0.00406752 
0.102248 0.0180116 0.0217091 0.811551 0.00639185 0.00318757 0.0366422 0.000203658 5.46862e-05 
0.182867 0.215475 0.00290727 0.281743 0.143499 0.0300405 0.142032 0.0014344 1.44622e-06 
0.440191 0.00106812 0.000265368 0.513661 0.000119658 0.0397121 0.00478639 2.92258e-05 0.00016755 
0.076767 0.117158 0.00119199 0.72906 0.00179634 0.000734301 0.0670818 0.00621029 1.9277e-08 
0.368059 0.0222565 0.0237802 0.422489 0.0644873 0.0407058 0.0205235 0.0376409 5.77722e-05 
0.0644626 0.00753612 0.00119791 0.794562 0.119706 0.00227074 0.0102509 1.36201e-05 2.87876e-09 
0.00409345 0.0166363 0.00282377 0.968447 0.00545399 4.51248e-08 0.00241193 2.58632e-06 0.000131019 
0.328473 0.031148 0.0286224 0.578533 0.00903842 0.00540575 0.0183389 0.000151269 0.000289942 
0.217826 0.0549307 0.0831658 0.4401 0.114868 0.000472437 0.0258123 0.000619047 0.0622061 
0.303085 0.0292724 0.0339751 0.509598 0.0152872 0.0609352 0.0468437 0.000628391 0.000375098 
0.184479 0.0032221 0.00934891 0.77197 0.0306705 8.77108e-06 0.00028252 1.82344e-05 8.56856e-08 
0.41874 0.0142283 0.0197571 0.499417 0.00028972 0.010743 0.0111112 0.0257137 1.61463e-08 
0.0997131 0.00381137 0.0421899 0.758296 0.092778 5.74932e-08 0.00272956 0.000482456 9.85259e-10 
0.0618909 0.00187282 0.0119761 0.433903 0.358375 0.0112404 0.0552965 0.0645871 0.000858033 
0.0556293 0.000163133 0.0283755 0.555458 0.00522484 0.0431875 0.230859 0.0810606 4.14134e-05 
0.398056 0.0809083 0.0150977 0.436125 0.025735 0.0111787 0.0299704 0.00283993 8.96061e-05 
0.0137809 9.07607e-05 0.410441 0.572108 0.000405793 5.60679e-09 5.90201e-07 2.18223e-07 0.00317302 
0.275555 0.00930178 0.0928654 0.592485 0.000190934 0.00310912 0.00907822 0.0173999 1.4664e-05 
0.0407717 0.0100742 0.00013683 0.882018 0.0116121 0.000284819 0.0550724 2.88264e-05 7.3179e-07 
0.242502 0.00208071 0.14941 0.557761 0.000480623 0.0010703 0.045746 0.000142155 0.000807788 
0.214178 0.00383507 0.0118927 0.727893 0.00290294 2.97659e-06 0.0388579 7.14127e-06 0.000430371 
0.208949 0.00287894 0.0106056 0.73912 0.0131695 0.000125911 0.0247313 0.000419711 2.07679e-09 
0.27618 0.0321222 0.0126127 0.633177 0.00263308 0.00638335 0.0160659 0.0199053 0.000921412 
0.290444 0.133268 0.110686 0.419538 0.00399477 0.0323132 0.00972327 2.9106e-05 2.81202e-06 
0.111518 0.120961 0.0775445 0.359315 0.299905 0.0131467 0.0174647 0.000136639 9.07963e-06 
0.0407717 0.0100742 0.00013683 0.882018 0.0116121 0.000284819 0.0550724 2.88264e-05 7.3179e-07 
0.0186086 0.16715 0.00132994 0.705281 0.0438389 3.18418e-06 0.0627438 0.00104398 1.32138e-10 
0.247659 0.0113042 0.0770038 0.487832 0.0186174 0.0469093 0.102539 0.00811583 1.96295e-05 
0.14829 0.00151974 0.100283 0.749791 5.48258e-06 5.3128e-09 8.55239e-05 2.38549e-05 1.8549e-06 
0.0860941 0.00705927 0.0387619 0.769052 0.0722696 0.000487945 0.0257056 0.000376522 0.000192624 
4.30094e-05 8.88964e-05 0.0217167 0.894958 0.0827351 0.000140362 0.000315407 2.41121e-06 7.36355e-10 
0.120526 0.000165827 0.241594 0.600533 0.0292267 0.00790732 3.77109e-05 6.4372e-06 3.27584e-06 
0.100792 0.000378069 0.000499162 0.896419 0.00175393 5.03822e-05 7.35723e-05 3.39941e-05 1.39244e-09 
0.217631 0.0526184 0.0333882 0.325635 0.00485603 0.00176479 0.158147 0.205959 3.43607e-08 
0.260452 0.00731542 0.301058 0.423178 0.00122349 0.00132403 0.00529518 7.86949e-05 7.45423e-05 
0.0208818 0.00436814 0.000522329 0.930835 0.000290079 1.31271e-05 0.0430748 1.29975e-05 1.99245e-06 
0.2177 0.182053 0.0334098 0.380013 0.00139176 0.000315199 0.175078 0.000458404 0.00957985 
0.148279 0.249322 0.132705 0.389613 0.0224988 0.00142869 0.0560861 6.01612e-05 7.6014e-06 
0.257195 0.0142017 0.227282 0.414998 0.000410274 0.000765422 0.0493066 0.0358285 1.21287e-05 
0.32351 0.0144237 0.0161784 0.340603 0.00167464 0.00114923 0.130385 0.158612 0.0134638 
0.0616452 0.0238667 0.010652 0.862231 0.000381784 2.49638e-05 0.0226858 0.0185122 7.81107e-11 
0.201243 0.0364899 0.00629815 0.660432 0.0219524 0.0120028 0.0566795 0.0046311 0.000270573 
9.21348e-05 1.02825e-06 0.00103134 0.994091 3.94007e-06 3.4309e-05 0.00388605 3.60618e-06 0.000856128 
0.122691 0.0288095 0.00798179 0.385215 0.0111615 0.00241027 0.0770606 0.364661 9.4833e-06 
0.195751 0.105733 0.00380119 0.649982 0.023112 0.00209559 0.0192564 0.000268697 9.32063e-09 
0.0971865 0.00991065 0.00379415 0.793477 0.0120864 0.000860233 0.0523112 0.0303662 7.5566e-06 
0.328881 0.0388671 0.130929 0.492597 5.72285e-05 0.00081222 0.00498992 0.00281402 5.27976e-05 
0.37417 0.0106445 0.00621542 0.467946 0.00203437 0.00019584 0.136974 0.00181935 1.07038e-09 
0.0501424 0.0187412 0.0271115 0.90353 8.66006e-07 9.09255e-06 0.000464977 1.29241e-10 3.35256e-07 
0.272639 0.00428609 0.0125549 0.508626 0.198115 4.85042e-07 3.46776e-06 0.00377466 1.06398e-09 
0.166643 0.0342559 0.151604 0.643764 4.03906e-06 0.000495995 0.00321326 2.79289e-06 1.63288e-05 
0.3559 0.00945531 0.0560432 0.439169 0.00618537 0.00456141 0.125579 0.000555827 0.00255086 
0.313892 0.0364246 0.0457395 0.523827 0.0429636 0.00898225 0.0274508 0.000295392 0.000425018 
0.416898 0.00155933 0.0061927 0.564481 0.0023417 0.000192695 0.0076767 9.47814e-05 0.000563307 
0.272373 0.0133242 0.01138 0.522156 0.0507018 0.0675736 0.0342127 0.0277654 0.000513002 
0.113997 0.0419701 0.0926372 0.546789 0.0386947 0.00991611 0.155821 0.000106417 6.84654e-05 
0.102628 0.05638 0.00412485 0.686303 0.00600569 0.055502 0.0885524 5.16271e-05 0.000453208 
0.33979 0.0165232 0.0211438 0.564666 0.00469642 0.000911424 0.0488993 0.00309662 0.000273344 
0.24404 0.00285951 0.0235365 0.681164 0.00394556 0.00134041 0.0365919 0.00596324 0.00055862 
0.0539419 9.26454e-06 5.37431e-06 0.946004 2.57817e-05 1.74894e-06 1.22223e-05 3.16749e-09 5.83811e-08 
0.336023 0.0045369 0.00429505 0.62239 0.00129227 0.0136567 0.00843691 0.000180902 0.00918835 
0.326855 0.0232828 0.128503 0.466598 0.0282749 0.00263708 0.0236228 0.000223453 4.21737e-06 
0.313493 0.0445519 0.0578225 0.400886 0.0238507 0.0211269 0.123987 0.0113853 0.00289651 
0.349851 0.0329286 0.0180073 0.552639 0.00758273 0.00969736 0.0222975 0.0069846 1.26932e-05 
0.129767 5.89885e-05 0.00366505 0.812341 0.000838974 0.000254794 0.0522401 0.000773497 6.0466e-05 
0.251963 0.00132839 0.0343724 0.674548 0.00503837 0.0111068 0.0206632 0.000863128 0.000116445 
0.395868 0.00516105 0.0444226 0.494046 0.00327803 0.010216 0.0286817 0.0155894 0.00273689 
0.169956 0.0262392 0.00428853 0.706622 0.014252 0.00119832 0.0389087 0.0384229 0.000113254 
0.232312 9.39019e-10 0.0292055 0.695588 1.32568e-08 9.78697e-06 0.00183581 0.0410493 1.47449e-12 
0.181311 0.032281 0.0147983 0.349176 0.00693936 0.0333094 0.188053 0.19403 0.000101368 
0.191144 0.139225 0.0660215 0.310433 0.026733 0.165184 0.0907289 0.0105249 5.85197e-06 
0.026023 0.0329452 0.0139241 0.911547 0.0015246 0.00214416 0.00792782 0.00396051 3.39038e-06 
0.0193147 0.00128906 0.107021 0.835165 0.000179098 0.0016079 0.00645147 0.0289489 2.21795e-05 
0.160294 0.00751524 0.0139043 0.575005 0.0367153 0.005148 0.175606 0.00375272 0.022059 
0.239187 0.00808332 0.00337642 0.726855 0.0112859 0.000749706 0.0100755 0.000386894 8.88587e-12 
0.287073 0.026958 0.162236 0.494325 0.00152906 0.000141693 0.0187566 0.00898068 2.31268e-07 
0.128209 0.00193286 0.00445 0.859882 0.00160627 3.74649e-05 0.00377035 1.50882e-05 9.67169e-05 
0.100538 0.224046 0.0342425 0.426729 0.0935902 0.0101 0.0990283 0.0034672 0.00825868 
0.304431 0.0703855 0.0120605 0.47045 0.0139162 0.00629816 0.0938453 0.021334 0.00727948 
0.01376 0.00815071 0.00447061 0.804654 0.153731 1.69374e-07 0.0151897 4.22147e-05 1.89055e-06 
0.0508535 0.0894896 0.0647441 0.743846 0.0299624 0.000801626 0.0201435 0.000138892 1.99275e-05 
0.204494 0.0838945 0.0123302 0.643419 0.0193729 0.00100296 0.0258811 0.00960162 4.10235e-06 
0.0845509 0.000505968 0.125298 0.778752 0.00143784 4.7568e-05 0.00884267 2.73557e-05 0.000537517 
0.286615 0.0653386 0.0165952 0.55454 0.0248843 0.00489561 0.0325322 0.0143979 0.000201688 
0.219786 0.0399639 0.0926046 0.498809 0.00542879 0.0300655 0.111874 0.00145821 1.00794e-05 
0.170982 0.0165221 0.105038 0.637923 0.0359337 0.00927359 0.0199886 0.00382098 0.000517982 
0.276381 0.0160059 0.0432844 0.435592 0.0163931 0.0177425 0.184717 0.00250332 0.00738033 
0.302013 0.0619519 0.0135697 0.564054 0.00924604 0.00484039 0.0123146 0.000827873 0.0311828 
0.174311 0.026077 0.0156775 0.358607 0.052987 0.00720046 0.302276 0.0628101 5.38835e-05 
0.175316 0.0494877 0.00464423 0.73552 0.030886 0.00126931 0.00280589 6.00997e-05 1.05819e-05 
0.177229 0.00162035 0.284738 0.507301 0.0284047 7.5585e-11 0.000706294 3.30309e-08 2.49443e-08 
0.278242 0.00922963 0.0189451 0.553093 0.0166966 0.0114627 0.103423 0.00890746 4.967e-08 
0.0984962 0.17101 0.0122914 0.604702 0.0836741 0.00823623 0.0214877 8.5771e-05 1.654e-05 
0.245222 0.0211775 0.012678 0.434824 0.07236 0.00124806 0.205577 7.10589e-06 0.00690632 
0.461574 0.0122048 0.0233714 0.472628 0.0066297 0.00176069 0.0181054 0.00372217 4.37833e-06 
0.103979 0.0117532 0.0174255 0.832909 0.0126116 0.000635355 0.0135007 0.00718104 4.29988e-06 
0.13141 0.10286 0.00163194 0.429781 0.135756 0.0298671 0.138427 0.015493 0.0147734 
0.135846 0.0968578 0.049606 0.253676 0.20573 0.0818422 0.176095 0.000347261 1.22367e-07 
0.0920297 0.00716892 0.000879419 0.730226 0.0713895 0.000902174 0.0955158 2.03137e-05 0.00186857 
0.330295 0.0114529 0.00214325 0.466134 0.0368869 0.02543 0.0104224 0.116971 0.00026489 
0.0797825 0.00966997 0.205697 0.35208 0.0283757 8.7702e-05 0.065235 0.000158412 0.258914 
0.14822 0.00207209 0.00617962 0.753044 0.00786989 0.00271392 0.0364199 0.037698 0.00578247 
0.225257 0.0124131 0.0207929 0.694499 0.0269772 0.0144008 0.00565972 1.45085e-07 4.52397e-08 
0.146742 0.0102606 0.0178287 0.528005 0.0380969 2.50101e-05 0.179474 6.92297e-05 0.0794975 
0.36618 0.00545527 0.0429278 0.493048 0.000679737 0.0569167 0.0193852 0.0134695 0.00193805 
0.21305 0.0138703 0.139546 0.508935 0.0870145 0.000146781 0.0369271 0.00050952 3.89584e-08 
0.0057649 0.258319 9.22433e-10 0.507462 0.057465 2.3687e-06 0.170987 1.52364e-09 3.67635e-09 
0.000539746 2.92046e-05 7.43152e-05 0.999121 1.95001e-05 1.79718e-05 0.000183989 5.32444e-06 9.19782e-06 
0.165355 0.0283731 0.0651498 0.34634 0.279402 0.00224076 0.104429 0.000408162 0.00830242 
0.0144261 0.0497682 0.0252209 0.431994 0.0593654 0.00398685 0.117275 0.0011493 0.296814 
0.15973 0.00627788 0.0168019 0.439573 0.00707658 7.26979e-05 0.261842 0.108295 0.000330575 
0.139608 0.0852994 0.0345889 0.37286 0.271362 0.027164 0.069113 1.92053e-07 4.69795e-06 
0.147613 0.0243616 0.00841385 0.745984 0.00497661 0.0113985 0.0442714 0.0127744 0.000207457 
0.284716 0.106783 0.102964 0.383898 0.007424 0.00254391 0.029316 0.082353 2.99932e-06 
0.448051 0.0309019 0.0545994 0.452781 0.00691259 0.000233842 0.00638723 1.39149e-05 0.000118444 
0.0509677 0.0377466 0.434899 0.448419 0.000271039 1.33279e-06 0.0276086 6.61058e-05 2.10143e-05 
0.119983 0.00294555 0.00014196 0.852753 0.0208467 0.000544525 0.00261979 0.000165735 1.88113e-08 
0.283298 0.0017344 0.0845672 0.611587 0.000511633 0.00891591 0.00744628 0.00164506 0.000294645 
0.378759 0.0378417 0.0650873 0.462504 0.0115219 0.0102017 0.0322757 0.00125884 0.000549748 
0.12105 8.77568e-06 0.0122174 0.466385 0.181903 0.194848 0.0211931 0.00231028 8.43998e-05 
0.166659 0.101544 0.00689654 0.529034 0.043873 0.0818221 0.0698979 0.000195483 7.7538e-05 
0.204141 0.137735 0.0963933 0.431996 0.0460816 0.00617551 0.0744953 0.00298213 3.0107e-07 
0.242334 0.131503 0.0290645 0.349537 0.138265 4.25701e-05 0.105482 1.28353e-05 0.00375947 
0.0290166 0.00686748 0.00675257 0.925007 0.0214097 0.00015484 0.0100294 0.000743076 1.94464e-05 
0.0618909 0.00187282 0.0119761 0.433903 0.358375 0.0112404 0.0552965 0.0645871 0.000858033 
0.298166 0.0308226 0.0904806 0.36873 0.0652394 0.0696306 0.0571957 0.00127579 0.0184592 
0.36046 0.00486477 0.00343274 0.628211 0.000214077 0.0014892 0.00132245 4.72196e-06 7.59535e-07 
0.277816 0.122077 0.0728693 0.437241 0.0114686 0.0114047 0.0671158 6.39468e-06 1.44837e-06 
0.116283 0.00593708 0.000198037 0.759835 0.00431043 1.36293e-05 0.103067 0.00825128 0.00210374 
0.325128 0.129169 0.00767317 0.393562 0.0536354 0.0120397 0.030115 0.0481896 0.000488183 
0.381556 0.0394601 0.0256194 0.441199 0.0605171 0.0167404 0.0224551 0.0100841 0.0023688 
0.121452 0.115551 0.000646254 0.404856 0.0457514 0.137767 0.173802 0.000174362 6.17521e-08 
0.190886 0.0361505 0.0573883 0.630877 0.0107573 0.0120597 0.0458547 0.0100179 0.00600902 
0.0679249 0.0473518 0.0152477 0.685502 0.109704 0.000688867 0.0520185 0.0215035 5.84646e-05 
0.132528 0.0758586 0.25337 0.445334 0.0105033 0.00831753 0.071308 0.00212771 0.000652947 
0.269454 0.0263289 0.0692775 0.47861 0.0195209 0.000245347 0.135549 0.00101361 1.52519e-06 
0.243977 0.00557325 0.0469816 0.621058 0.0134081 0.0496719 0.017945 0.000752051 0.000633084 
0.220792 0.0278669 0.035715 0.504177 0.0348456 0.0361883 0.126184 0.0141837 4.69496e-05 
0.413684 0.0552511 0.0121128 0.473211 0.00185613 0.000369576 0.00919702 0.0343184 1.23913e-08 
0.331024 0.00103168 0.000231886 0.660114 0.000425725 0.00434861 0.00270281 0.000121325 4.22272e-08 
0.302885 0.00112368 0.303671 0.392015 0.000122636 1.90273e-05 0.000155847 8.39071e-06 9.04284e-12 
0.313292 0.0772164 0.0856233 0.429205 0.00336822 0.00663392 0.0683009 0.0161883 0.000171993 
0.211707 0.0685226 0.0231875 0.440087 0.0830147 0.0156586 0.141759 0.000106098 0.0159578 
0.0976048 0.000803094 0.000571494 0.895756 0.00402303 5.36564e-05 0.00081523 5.03081e-05 0.000322816 
0.245449 0.00300642 0.0288132 0.642647 0.00290533 8.06339e-05 0.0108082 0.0662643 2.63209e-05 
0.160377 0.00420539 0.00485816 0.733506 0.0109838 0.00409539 0.0446923 0.0224864 0.0147951 
0.174337 0.00356314 0.00257881 0.406984 0.0125205 7.06534e-05 0.337847 0.051008 0.0110906 
0.217631 0.0526184 0.0333882 0.325635 0.00485603 0.00176479 0.158147 0.205959 3.43607e-08 
0.260272 0.0393928 0.00894027 0.623548 0.0333483 0.000674649 0.0318059 0.00191562 0.000101842 
0.245222 0.0211775 0.012678 0.434824 0.07236 0.00124806 0.205577 7.10589e-06 0.00690632 
0.134061 0.194491 0.0060489 0.367378 0.100062 0.0117605 0.186046 0.000152022 4.53588e-07 
0.0436911 0.0189608 0.00228602 0.482097 0.0243997 7.47495e-05 0.405282 0.0216309 0.00157722 
0.379205 0.0879723 0.0177204 0.393974 0.0354885 0.0153135 0.0657796 0.00415256 0.000393496 
0.401793 0.00682706 0.0588875 0.483063 0.00448878 0.0124704 0.0319131 0.000353591 0.000203273 
0.411532 0.0222011 0.0295958 0.441455 0.00933104 0.00737325 0.0758245 0.00019592 0.00249107 
0.302784 0.0549884 0.101677 0.519744 2.79718e-05 0.0119065 0.00883243 6.02043e-06 3.32949e-05 
0.423321 0.0200127 0.00921004 0.445901 0.00332461 0.00226411 0.0750151 0.0209508 6.14544e-07 
0.156082 0.116855 0.251452 0.392565 0.0188512 2.79572e-05 0.0527655 0.0114023 4.88776e-10 
0.174501 0.0348169 0.0210909 0.581904 0.14401 0.000440348 0.0428591 0.000181402 0.000195918 
0.0250503 0.0307289 0.000379767 0.942339 0.000703737 1.8508e-05 0.000758816 1.59447e-05 4.61042e-06 
0.130022 0.00121859 0.0169083 0.737441 0.0900366 0.00071733 0.0231222 0.000527463 7.10704e-06 
0.157999 0.0155879 0.0514597 0.315281 0.182043 0.004408 0.194453 0.078563 0.000205516 
0.0997131 0.00381137 0.0421899 0.758296 0.092778 5.74932e-08 0.00272956 0.000482456 9.85259e-10 
0.255496 0.00966896 0.0997296 0.369227 0.00225836 0.00565144 0.0930564 0.164912 4.55762e-07 
0.268438 0.0454935 0.0232329 0.335637 0.0927012 0.161048 0.068761 0.0046003 8.7802e-05 
0.454927 0.00367041 0.00265692 0.518225 3.51852e-05 0.00351471 0.0039726 0.0129912 6.33699e-06 
0.143278 0.0368829 0.0602295 0.507971 0.0250282 0.0495625 0.17561 0.00142048 1.75883e-05 
0.372134 0.0563524 0.112301 0.397613 0.00381708 0.0252903 0.0314828 0.000202661 0.000806005 
0.372054 0.0484874 0.0302155 0.482128 0.0239072 0.0101406 0.0280997 0.00285825 0.00210898 
0.238831 0.00192847 0.0155932 0.694264 0.00203931 0.0393543 0.00797077 1.14059e-05 7.14507e-06 
0.0289411 0.0812477 4.22807e-06 0.611909 0.125909 0.0438337 0.108131 6.98378e-06 1.6851e-05 
0.231599 0.0897763 0.015811 0.432213 0.0531621 0.00168641 0.174433 0.000103825 0.00121569 
0.13986 0.0157131 0.371396 0.470829 5.42246e-05 0.00121464 0.000922058 1.14428e-05 2.85751e-08 
0.168135 0.267083 0.0508366 0.446576 0.0494712 0.00474168 0.00509055 0.0080397 2.54624e-05 
0.00097404 0.0386655 0.023908 0.888943 0.016318 0.00155548 0.0287851 3.62399e-05 0.000814717 
0.255816 0.00718439 0.0452627 0.51359 0.0107572 0.00317669 0.081943 0.0821803 8.98697e-05 
0.0660081 0.000594109 0.109904 0.811922 0.000931882 0.0011515 0.00894053 0.000375689 0.000172068 
0.264465 0.026218 0.0529109 0.477503 0.00164447 0.0338281 0.142404 0.000933334 9.35849e-05 
0.14938 0.0270606 0.0795208 0.335342 0.00723909 0.0766462 0.209872 0.114772 0.000166853 
0.288528 3.7042e-11 1.1169e-06 0.711469 1.23501e-06 7.7648e-11 7.18341e-11 1.2991e-10 3.13457e-10 
0.223021 0.00617263 0.00327556 0.764376 0.000700288 0.000640852 0.00174952 6.42271e-05 7.26854e-10 
0.21555 0.0434166 0.282282 0.418309 0.00981273 0.00562305 0.0231342 0.000524334 0.00134816 
0.241926 0.169619 0.0768368 0.336532 4.06648e-05 0.0020733 0.150701 0.0222719 9.05931e-08 
0.0731045 0.00930374 0.0105729 0.811956 0.0474172 0.000722657 0.0413932 0.000219729 0.00531044 
0.0103712 0.0952174 0.000530831 0.858882 0.00282815 0.00489061 0.027279 5.89091e-07 5.88848e-07 
0.108001 0.0456024 0.00286474 0.425122 0.160652 0.00820024 0.248524 0.00103143 2.14229e-06 
0.0925387 0.00491818 0.023159 0.496792 0.221687 0.0137661 0.121291 0.0047286 0.0211201 
0.451959 0.00282295 0.0209608 0.509499 0.00164755 0.00312168 0.00215596 0.00767498 0.000158045 
0.460759 1.23541e-07 0.0285929 0.496368 2.85503e-08 1.13115e-08 0.0142788 6.31428e-09 6.30307e-07 
0.250943 0.0197619 0.0620987 0.60207 0.0129259 0.00873815 0.0402791 0.00302874 0.000155142 
0.35019 0.0400461 0.0354796 0.529766 0.00405667 0.025259 0.0148515 0.000206645 0.000143792 
0.104493 0.0844008 0.00304147 0.466058 0.141239 1.04044e-06 0.200766 2.4708e-07 2.35343e-10 
0.130315 0.00805399 0.0165843 0.835672 0.000205089 0.000624539 0.00842154 9.89305e-05 2.45563e-05 
0.112529 0.00275342 0.00325223 0.438816 0.0330085 0.00419433 0.319575 0.0858701 2.15902e-06 
0.0944238 0.00323188 0.000854199 0.801242 0.0821153 0.00290124 0.0132206 0.00197126 4.00056e-05 
0.0460873 0.031062 0.0048294 0.627741 0.284432 6.17207e-06 0.00339953 0.00219011 0.000252651 
0.176694 0.0161494 0.091646 0.64284 0.001878 0.00143328 0.0660063 0.00332639 2.65628e-05 
0.0568445 0.0120813 0.011736 0.708563 0.00549265 0.00482476 0.0877897 0.112668 4.72872e-07 
0.166043 0.0234865 0.0117729 0.626369 0.0221234 0.00308664 0.146609 0.000507561 1.19737e-06 
0.15311 0.142469 0.0344379 0.317363 0.106273 0.0178407 0.22845 5.50583e-06 5.13477e-05 
0.358799 0.00335923 0.0189956 0.593689 0.0083404 5.21342e-05 0.0160461 0.00048639 0.00023229 
0.232726 0.00697329 0.0108019 0.68336 0.000615771 0.00287824 0.027377 0.0352651 2.87952e-06 
0.350737 0.0376242 0.0426327 0.368327 0.0219602 0.053748 0.0682121 0.0535758 0.00318319 
0.119983 0.00294555 0.00014196 0.852753 0.0208467 0.000544525 0.00261979 0.000165735 1.88113e-08 
0.413684 0.0552511 0.0121128 0.473211 0.00185613 0.000369576 0.00919702 0.0343184 1.23913e-08 
0.180254 0.13573 0.0216541 0.282158 0.00566224 0.185038 0.027791 0.161711 1.93669e-06 
0.275058 0.0132494 0.0541722 0.626857 0.0112893 0.00602387 0.0129343 0.000129944 0.000285736 
0.289907 0.0211841 0.147374 0.505905 0.00690128 0.005985 0.0215055 0.00120478 3.41113e-05 
0.0660081 0.000594109 0.109904 0.811922 0.000931882 0.0011515 0.00894053 0.000375689 0.000172068 
0.301361 0.0294663 0.00942068 0.574152 0.00783452 0.00734859 0.0641247 0.00601663 0.000276001 
0.238377 0.0032478 0.00318371 0.718975 0.019725 0.000905944 0.0145639 0.000121099 0.000900945 
0.0963321 0.003228 0.139031 0.505689 0.000831612 0.0649963 0.0139521 0.175877 6.24408e-05 
0.244236 0.041422 0.0205881 0.676665 0.00486037 0.00118391 0.0110015 4.01711e-05 3.14224e-06 
0.0585695 0.0820716 0.17894 0.432026 0.0580334 0.000645761 0.172957 0.00025463 0.0165018 
0.07306 0.0956301 0.0286594 0.394893 0.255774 0.0103972 0.134268 0.00403571 0.00328206 
0.12105 8.77568e-06 0.0122174 0.466385 0.181903 0.194848 0.0211931 0.00231028 8.43998e-05 
0.157999 0.0155879 0.0514597 0.315281 0.182043 0.004408 0.194453 0.078563 0.000205516 
0.0457084 0.000571006 8.42704e-05 0.909173 0.00924886 0.00012582 0.0183817 0.000264291 0.0164425 
0.308051 0.0030041 0.00145837 0.628151 0.0412542 0.0102565 0.00473858 0.000128127 0.00295853 
0.172633 0.104096 0.0155243 0.363128 0.117137 0.00102881 0.216857 0.000250093 0.00934655 
0.0618909 0.00187282 0.0119761 0.433903 0.358375 0.0112404 0.0552965 0.0645871 0.000858033 
0.117056 0.00893903 0.0597534 0.637462 0.113334 0.0432887 0.0187476 0.000104442 0.00131592 
0.210656 0.12503 0.0474966 0.548165 0.00477834 0.000310267 0.0280612 0.0355026 1.58933e-07 
0.103023 0.0614295 0.244865 0.334106 0.172432 0.00848743 0.0748213 0.000131293 0.000703442 
0.236652 0.00971313 0.032334 0.379952 0.00353014 0.00426875 0.263095 0.0704549 1.49989e-10 
0.303768 9.79534e-05 0.13722 0.54863 9.79305e-05 9.79445e-05 0.00989253 9.79333e-05 9.78927e-05 
0.385597 0.00582816 0.00145165 0.572234 0.00674039 0.00537024 0.0224456 0.000115048 0.000217805 
0.1562 0.0907556 0.0344394 0.54762 0.0671675 0.00114659 0.102646 2.11894e-05 3.42138e-06 
0.242818 0.0395744 0.0881131 0.367468 0.113019 0.0384389 0.109941 0.000621737 5.56845e-06 
0.161022 0.00263582 0.014227 0.622203 0.0429888 0.000972926 0.124317 0.00384635 0.0277865 
0.448081 0.000254803 0.00351689 0.491548 0.000452974 6.68168e-06 0.0498498 0.00628848 8.81981e-07 
0.259552 0.0670318 0.0308064 0.274549 0.0767103 0.0378791 0.252013 0.00134068 0.000118515 
0.164459 0.032797 0.014752 0.605397 0.00394263 0.0130725 0.0743031 0.09122 5.701e-05 
0.1307 0.0119101 0.0415997 0.394066 0.139795 1.45116e-05 0.173741 0.0989888 0.00918491 
0.165821 0.0279937 0.0527195 0.705161 0.00549953 0.00946295 0.0295929 0.00374845 2.66626e-07 
0.377636 0.00106698 0.000185324 0.618459 0.00133009 0.000635871 0.000643076 3.34225e-05 1.05147e-05 
0.301654 0.0331861 0.0175554 0.571316 0.0291587 0.00876428 0.0381835 0.000163479 1.85899e-05 
0.213018 0.012491 0.0396982 0.709578 0.000138492 0.000102349 0.0144995 0.0104734 1.46825e-06 
0.127504 0.0547752 0.132325 0.290104 0.102863 0.0088064 0.198587 0.0596459 0.0253909 
0.221945 0.00597388 0.024087 0.400936 0.0012975 0.000270355 0.0409846 0.304501 4.2208e-06 
0.179979 0.0268783 0.0723448 0.700637 0.000920069 0.000666034 0.0122656 0.00610214 0.000207116 
0.0592012 0.00594306 0.0149407 0.858041 0.000930959 0.000638608 0.0240665 0.020817 0.0154204 
0.285945 0.12451 0.0719105 0.436985 0.00852213 0.00915894 0.0629622 5.29833e-06 1.26882e-06 
0.239187 0.00808332 0.00337642 0.726855 0.0112859 0.000749706 0.0100755 0.000386894 8.88587e-12 
0.38703 0.00546725 0.1934 0.399012 0.000124141 5.24372e-07 0.0149642 1.25655e-06 1.21037e-10 
0.210984 0.0283254 0.0100439 0.69047 0.0159973 0.000610207 0.0416756 0.00178712 0.000107278 
0.0407717 0.0100742 0.00013683 0.882018 0.0116121 0.000284819 0.0550724 2.88264e-05 7.3179e-07 
0.364361 0.0107861 0.00378271 0.537878 0.00834824 0.0185172 0.0170535 0.0392377 3.52478e-05 
0.281984 0.000345796 0.0015744 0.679002 0.000129006 0.00989868 0.00458879 0.0224714 5.08856e-06 
0.245222 0.0211775 0.012678 0.434824 0.07236 0.00124806 0.205577 7.10589e-06 0.00690632 
0.363957 0.00179907 0.0362347 0.548285 0.000435584 0.000753796 0.0417085 0.00679452 3.14984e-05 
0.417526 0.0157114 0.0162464 0.490217 0.00244013 0.0335673 0.0224231 0.000149587 0.00171909 
0.452661 0.0391871 0.0341182 0.457988 0.00167799 0.00594026 0.00836975 5.18548e-05 6.17278e-06 
0.0420819 0.044203 0.000238694 0.659303 0.211766 0.00632235 0.0322947 0.00345543 0.000335175 
0.237494 0.0445398 0.059317 0.581713 0.0248473 0.0107987 0.0272295 0.0126867 0.00137347 
0.29573 0.0406698 0.00421196 0.641011 0.00899065 0.000244212 0.00909994 3.29685e-06 3.87706e-05 
0.0671838 0.252198 0.160078 0.322778 0.0069352 0.00137362 0.166342 7.29708e-05 0.0230385 
0.234838 0.0141234 0.0600928 0.414858 0.00902083 0.0315221 0.0644921 0.171039 1.33896e-05 
0.0337283 0.171078 0.0198742 0.468872 0.000515333 0.000559521 0.305299 7.25153e-05 8.65252e-07 
0.253146 0.000474279 0.00779489 0.730372 0.000635783 0.000473665 0.00175372 0.00534509 4.39778e-06 
0.410486 0.0103835 0.0965146 0.478439 5.18795e-06 0.00415615 5.18877e-06 5.18809e-06 5.18594e-06 
0.276042 0.00839551 0.0467174 0.38249 0.00705225 0.0047607 0.0839819 0.190469 9.05501e-05 
0.260759 0.0453538 0.066947 0.516162 0.0277647 0.0304963 0.0198795 0.0224065 0.0102317 
0.390345 0.0160078 0.0568935 0.506915 0.00253882 0.000779305 0.00592649 0.0205733 2.10099e-05 
0.0484366 0.0192777 0.0539912 0.872714 0.00117554 3.63557e-05 0.00433024 2.75568e-05 1.06487e-05 
0.168759 0.061386 0.0458156 0.340406 0.0138478 0.00205775 0.32118 0.037728 0.0088198 
0.205584 0.04976 0.0125689 0.321727 0.0287175 0.080215 0.290884 0.0105401 3.03612e-06 
0.172405 0.0133841 0.0131434 0.781877 0.00360518 0.0104094 0.00467024 0.000493864 1.16679e-05 
0.144814 0.144014 0.0596943 0.352705 0.0603501 0.0256423 0.210786 0.00127655 0.000717028 
0.131388 0.00287961 0.018278 0.616611 0.0078318 0.000956894 0.105272 0.113277 0.00350571 
0.289184 0.0262835 0.0215018 0.539318 0.0232308 0.0524716 0.0277411 0.0201584 0.000110815 
0.0920568 0.0104885 0.173891 0.285119 0.153022 5.91004e-05 0.0165453 0.268814 4.38053e-06 
0.134811 0.0504253 0.111055 0.401497 0.155462 5.74734e-07 0.0241521 0.000141642 0.122455 
0.299321 0.0138464 0.081436 0.519363 0.000229472 0.0108796 0.058178 0.0167399 6.80797e-06 
0.0165168 0.00399254 0.0210891 0.895525 0.0126227 0.000190735 0.0498313 0.000185845 4.63695e-05 
0.0407717 0.0100742 0.00013683 0.882018 0.0116121 0.000284819 0.0550724 2.88264e-05 7.3179e-07 
0.326609 0.0118563 0.0935978 0.360691 0.0192839 0.0116988 0.173239 0.00302457 2.27104e-08 
0.0787771 0.000304809 0.000184577 0.919474 0.00117329 2.79017e-05 2.45315e-05 3.33727e-05 1.63948e-09 
0.211444 0.00396128 0.00151415 0.778517 0.00119117 0.000302926 0.00295756 0.000112266 3.15088e-08 
0.112529 0.00275342 0.00325223 0.438816 0.0330085 0.00419433 0.319575 0.0858701 2.15902e-06 
0.189982 0.010248 0.0733515 0.538668 0.0261859 0.0459158 0.107618 0.00800275 2.76225e-05 
0.0607415 0.00129939 0.412097 0.512978 4.3561e-05 2.79802e-05 0.00629234 3.76245e-05 0.00648279 
0.0500857 0.242464 0.0142131 0.545638 0.126194 8.3872e-06 0.0213545 4.20995e-05 1.37741e-07 
0.299042 0.0696175 0.0474709 0.329376 0.0449889 0.106328 0.0995354 0.00083056 0.00281183 
