0.0275954 0.0300655 1.4149e-06 0.137597 0.713049 0.050385 0.0405274 3.42696e-05 0.000744478 
0.0738058 0.0279777 0.00334627 0.0174514 0.518818 0.000324143 0.357315 0.000152342 0.000808578 
0.0112125 0.0149424 0.000214278 0.00322568 0.953953 1.23842e-07 0.0163642 8.76806e-05 3.87616e-07 
0.010903 0.0180331 0.000184193 0.00081951 0.960588 0.00465475 0.00188027 0.0022868 0.000650005 
0.0133638 7.79083e-05 0.00360885 0.011318 0.943277 0.000480574 0.027861 1.37345e-06 1.1326e-05 
0.047302 0.0476506 0.00336941 0.26055 0.300763 0.00239918 0.29579 0.0341844 0.00799112 
0.00453832 0.00330394 0.00662106 0.000321045 0.983482 0.00131971 0.000361244 5.1201e-05 1.90218e-06 
0.0112125 0.0149424 0.000214278 0.00322568 0.953953 1.23842e-07 0.0163642 8.76806e-05 3.87616e-07 
0.0439511 0.0101915 0.0148237 0.0337325 0.86913 0.0195111 0.00855174 0.000108755 2.87573e-11 
0.150842 0.0344133 9.77318e-05 0.0746013 0.572104 0.0190258 0.148572 0.00034344 8.39917e-07 
0.010903 0.0180331 0.000184193 0.00081951 0.960588 0.00465475 0.00188027 0.0022868 0.000650005 
0.00478803 0.00259196 9.99992e-05 0.000937564 0.834248 7.42297e-05 0.157118 0.000100381 4.23051e-05 
0.165278 0.0310177 0.010745 0.0661877 0.474466 0.00123478 0.242295 0.000684797 0.00809192 
0.0373189 0.248393 0.0195096 0.00333035 0.644232 0.0250261 0.0199243 0.00224138 2.48707e-05 
0.000877438 0.0300565 0.000253818 0.00249629 0.862431 0.0266836 0.0647826 0.00655977 0.00585844 
0.00203312 4.4988e-05 0.000238525 0.00888272 0.780257 1.31893e-05 0.20126 0.00722706 4.28322e-05 
0.0654627 0.112778 0.147145 0.123443 0.502816 0.0296573 0.017636 0.000468351 0.000594285 
0.270323 0.056793 0.0316789 0.0853301 0.29847 0.0313467 0.188619 0.0371623 0.000275735 
0.010903 0.0180331 0.000184193 0.00081951 0.960588 0.00465475 0.00188027 0.0022868 0.000650005 
0.0991855 0.0422503 0.0517648 0.0326933 0.629751 0.000110971 0.143774 0.000467312 2.12982e-06 
6.46367e-05 2.16767e-05 5.61365e-05 0.000100486 0.999127 0.000579085 3.32393e-05 1.33189e-05 4.34432e-06 
0.236864 0.016512 0.000407054 0.0162304 0.374435 0.017829 0.33626 0.000609135 0.000852741 
0.000981728 0.0117868 0.00111167 0.0193814 0.922688 0.000163847 0.0432911 0.00058693 8.41663e-06 
0.261657 0.00796933 0.0239167 0.0504447 0.446766 0.0125959 0.194222 0.00237685 5.14976e-05 
0.173083 0.0536491 0.133179 0.0283721 0.516183 0.0168495 0.0571464 0.000675613 0.0208631 
0.0211654 0.0143048 0.00103878 0.100853 0.725679 0.129163 0.00757697 0.000216777 2.97306e-06 
0.136116 0.0535411 0.00915983 0.108088 0.466846 0.0268955 0.181437 0.0166954 0.00122134 
0.00453832 0.00330394 0.00662106 0.000321045 0.983482 0.00131971 0.000361244 5.1201e-05 1.90218e-06 
0.247825 0.00618932 8.68064e-05 4.27809e-08 0.71052 5.80322e-07 0.0347763 0.000185857 0.000416871 
0.010903 0.0180331 0.000184193 0.00081951 0.960588 0.00465475 0.00188027 0.0022868 0.000650005 
0.128761 0.121067 0.00135673 0.125796 0.46227 0.0461797 0.113712 0.00060877 0.000248354 
0.0468119 0.0643733 0.00528004 0.0439546 0.68 0.076134 0.0766348 0.00216542 0.00464583 
0.0112125 0.0149424 0.000214278 0.00322568 0.953953 1.23842e-07 0.0163642 8.76806e-05 3.87616e-07 
0.238661 0.00360869 0.136635 0.13785 0.312728 0.000254921 0.170119 5.76802e-08 0.00014284 
0.00903192 0.0213148 0.000195084 0.00646136 0.906686 0.00108934 0.0547282 0.00048006 1.32685e-05 
0.0457553 0.123529 0.00366273 0.0222679 0.386351 0.0213513 0.381227 3.04939e-06 0.0158533 
0.161625 0.0797408 0.0610463 0.236883 0.322515 0.00750383 0.00477707 0.125631 0.000277276 
0.00453832 0.00330394 0.00662106 0.000321045 0.983482 0.00131971 0.000361244 5.1201e-05 1.90218e-06 
0.0265225 0.0129848 0.000148808 0.00055037 0.855906 0.0046556 0.0977945 0.00107942 0.000358096 
0.0271087 0.0223244 1.62567e-06 0.000895644 0.812 0.00941045 0.127229 0.000695735 0.000333858 
0.134199 0.243427 0.0182772 0.0448201 0.362711 0.0466226 0.149388 0.000451622 0.000102641 
0.00453832 0.00330394 0.00662106 0.000321045 0.983482 0.00131971 0.000361244 5.1201e-05 1.90218e-06 
0.010903 0.0180331 0.000184193 0.00081951 0.960588 0.00465475 0.00188027 0.0022868 0.000650005 
0.081202 0.0181081 0.0852384 0.0256982 0.59695 0.00158717 0.183513 0.00760278 9.98941e-05 
0.037999 0.00728195 0.00588673 0.0163557 0.891258 0.000129351 0.0409904 8.15738e-05 1.76744e-05 
0.165966 0.0302235 0.0222595 0.144408 0.532203 0.0563125 0.0472819 0.0011371 0.000208158 
0.010903 0.0180331 0.000184193 0.00081951 0.960588 0.00465475 0.00188027 0.0022868 0.000650005 
6.46367e-05 2.16767e-05 5.61365e-05 0.000100486 0.999127 0.000579085 3.32393e-05 1.33189e-05 4.34432e-06 
0.121527 0.021733 0.000562984 0.00595813 0.743663 0.00614877 0.0990025 0.00140052 4.30717e-06 
5.82748e-05 0.000351448 4.5371e-08 4.63433e-05 0.693884 0.00647058 0.299049 6.95112e-05 7.07764e-05 
0.0156691 0.00327884 0.000531674 0.00569376 0.970464 0.000367518 0.00396447 3.05207e-05 3.37595e-10 
0.0351005 0.0226572 0.000475956 0.0216867 0.847745 5.43068e-07 0.072299 2.94719e-05 5.61365e-06 
0.010903 0.0180331 0.000184193 0.00081951 0.960588 0.00465475 0.00188027 0.0022868 0.000650005 
0.010903 0.0180331 0.000184193 0.00081951 0.960588 0.00465475 0.00188027 0.0022868 0.000650005 
0.010903 0.0180331 0.000184193 0.00081951 0.960588 0.00465475 0.00188027 0.0022868 0.000650005 
0.114634 0.00422327 0.00973217 0.0401306 0.699914 4.86746e-08 0.12889 0.00247629 2.37938e-07 
0.117213 0.140643 0.0018617 0.0358707 0.560419 0.0833921 0.0532124 1.70802e-05 0.0073718 
2.95103e-06 0.00166431 5.43096e-06 0.100518 0.876863 2.91033e-05 0.011614 1.26658e-06 0.00930171 
0.010903 0.0180331 0.000184193 0.00081951 0.960588 0.00465475 0.00188027 0.0022868 0.000650005 
0.218279 0.098097 0.0136164 0.18638 0.220252 0.119272 0.143819 8.3777e-05 0.000201484 
0.197421 0.105268 0.012371 0.095138 0.312048 0.0197234 0.252044 0.00245542 0.00353023 
0.221535 0.0974069 0.0206681 0.0777934 0.345496 0.166692 0.0698683 0.000212817 0.000328268 
0.00531436 0.016688 5.46682e-07 0.00169156 0.544479 0.000734234 0.430305 0.000208697 0.00057841 
0.010903 0.0180331 0.000184193 0.00081951 0.960588 0.00465475 0.00188027 0.0022868 0.000650005 
0.00158626 9.73966e-05 1.48249e-05 1.90128e-06 0.997918 0.000187638 4.46787e-09 0.000193525 1.5355e-12 
0.1347 0.0766379 0.0583632 0.0739975 0.489689 0.1205 0.0455961 0.000480658 3.55976e-05 
0.32268 0.00610976 0.0327712 0.0265949 0.326905 0.0173139 0.236589 0.00293353 0.0281031 
0.00316469 0.00024346 0.000596878 6.42571e-05 0.995096 0.000243417 1.73239e-05 0.000574095 5.27113e-13 
0.206267 0.0924693 0.0119017 0.0425298 0.401753 0.0171771 0.227479 0.000188058 0.000235878 
0.0847813 0.0107278 0.0809996 0.228745 0.578847 0.0046611 0.010143 8.41691e-05 0.00101092 
0.335057 0.00645706 0.00393443 0.0468021 0.341191 6.36447e-05 0.266364 5.3253e-05 7.69686e-05 
0.0079225 7.51256e-05 0.000182785 0.0569975 0.919505 7.43796e-05 0.0133161 0.000616374 0.00130971 
0.00671567 0.000321284 0.00088657 0.00487021 0.979422 0.00636197 0.000231105 0.00119136 2.16641e-09 
7.20693e-09 1.59182e-08 3.37983e-08 1.11906e-05 0.997401 3.33679e-08 0.0012132 0.000323851 0.00105082 
0.0548857 0.010359 0.000515532 0.0184914 0.863673 0.0439628 0.00557049 0.00254169 5.77069e-13 
0.00234478 0.000427286 0.000258262 0.000251047 0.995964 0.000394549 0.000242283 0.000117328 2.74527e-07 
0.0201027 9.99632e-10 2.12247e-09 1.16929e-09 0.979794 2.09544e-09 5.52505e-05 8.06689e-06 3.97661e-05 
0.1786 0.122669 0.000424255 0.00110731 0.458904 0.0266486 0.211018 0.000627448 1.19174e-07 
0.119529 0.0207865 0.0132881 0.202978 0.342381 0.00032173 0.215949 0.00174263 0.0830237 
0.00274253 0.000934005 0.000173025 0.0254192 0.919468 1.08961e-10 0.0391256 0.00330697 0.00883106 
0.00637008 0.000131305 0.0039223 0.0404598 0.943584 3.91141e-05 0.00545488 7.52279e-07 3.78458e-05 
0.0501959 0.171888 0.0290764 0.223183 0.480265 0.00854122 0.0368205 1.62164e-05 1.34609e-05 
0.0523892 0.0512224 0.0166717 1.8145e-05 0.45504 0.0166877 0.33165 0.000275967 0.0760449 
1.48865e-05 0.0230566 0.0565409 0.110112 0.432406 1.60993e-08 0.166725 0.000345302 0.210799 
0.111004 0.0834849 0.000239092 0.0541086 0.524308 0.000794735 0.226042 1.81933e-05 1.35035e-08 
0.0905296 0.0217772 0.011075 0.244019 0.527481 0.0024739 0.0381221 0.0642256 0.00029574 
0.010903 0.0180331 0.000184193 0.00081951 0.960588 0.00465475 0.00188027 0.0022868 0.000650005 
0.000810098 4.17643e-06 5.13538e-06 1.0206e-06 0.998807 0.000266312 3.81832e-13 0.000106528 1.66617e-12 
0.15504 0.0428806 0.0631502 0.0594445 0.432708 0.000221029 0.245923 1.72545e-06 0.000631727 
9.49702e-07 6.35455e-10 2.71195e-07 4.53491e-06 0.996831 1.33205e-09 1.34334e-05 0.00312541 2.42034e-05 
0.00123644 0.00123638 0.00123627 0.00123636 0.99011 0.00123627 0.00123629 0.00123613 0.00123562 
0.182998 0.150815 0.0162727 0.0269437 0.499557 3.63825e-05 0.123171 6.92914e-05 0.000136767 
0.142171 0.0193939 0.0215919 0.0312403 0.402972 0.00985954 0.0108531 0.0939986 0.26792 
0.112918 0.190204 0.0119274 0.170623 0.371663 0.00281956 0.137956 0.000618848 0.00126911 
0.0133469 0.000992249 3.27608e-07 0.000546013 0.897776 2.47961e-05 0.0869853 7.00225e-05 0.000258768 
0.157954 0.0369787 0.00151453 0.0176818 0.746891 0.00416646 0.0328921 0.00161334 0.000308064 
0.010903 0.0180331 0.000184193 0.00081951 0.960588 0.00465475 0.00188027 0.0022868 0.000650005 
0.131839 0.0777381 0.00134157 0.0187427 0.592222 0.00452281 0.173155 0.000119776 0.000318808 
0.0316586 0.0629631 0.0244235 0.126111 0.42576 0.0306329 0.298047 1.66925e-05 0.000386993 
0.0781627 0.050504 0.00242803 0.144798 0.591376 1.38425e-05 0.132436 4.44051e-06 0.000278131 
0.174965 0.0149179 0.00736462 0.0113424 0.733009 0.0225637 0.0357041 4.70863e-05 8.57585e-05 
0.00465717 0.00120134 2.20872e-05 7.94287e-07 0.99369 0.0001622 5.83469e-05 0.000207952 9.29293e-12 
0.010903 0.0180331 0.000184193 0.00081951 0.960588 0.00465475 0.00188027 0.0022868 0.000650005 
0.010903 0.0180331 0.000184193 0.00081951 0.960588 0.00465475 0.00188027 0.0022868 0.000650005 
0.000122602 8.27644e-05 3.79059e-06 1.476e-05 0.99947 0.00020022 6.70668e-05 1.88543e-05 1.96995e-05 
0.010903 0.0180331 0.000184193 0.00081951 0.960588 0.00465475 0.00188027 0.0022868 0.000650005 
0.0520562 0.00556609 0.00399658 0.0202397 0.783312 0.00409918 0.0674215 0.000483924 0.0628244 
0.000109818 0.000109813 0.000109803 0.000109811 0.549047 0.000109803 0.219719 0.000109791 0.230575 
0.20922 0.0596298 0.00159562 0.0550975 0.603729 0.0576724 0.0125851 7.33622e-06 0.000463602 
0.010903 0.0180331 0.000184193 0.00081951 0.960588 0.00465475 0.00188027 0.0022868 0.000650005 
0.257051 2.51151e-06 2.78434e-05 1.08009e-05 0.497442 1.2548e-06 0.244266 0.000126968 0.00107166 
0.00453832 0.00330394 0.00662106 0.000321045 0.983482 0.00131971 0.000361244 5.1201e-05 1.90218e-06 
0.13146 0.0772151 0.0966955 0.0315297 0.603865 0.0276145 0.0306689 0.000937454 1.36076e-05 
0.0799013 0.0136762 0.022537 0.03049 0.748629 1.42834e-05 0.104655 4.64512e-05 5.04424e-05 
0.0548857 0.010359 0.000515532 0.0184914 0.863673 0.0439628 0.00557049 0.00254169 5.77069e-13 
0.010903 0.0180331 0.000184193 0.00081951 0.960588 0.00465475 0.00188027 0.0022868 0.000650005 
0.00588049 0.0119009 0.0167581 0.00309561 0.856838 0.00258796 0.102467 0.000408786 6.35927e-05 
0.0733609 0.00021876 0.000802985 0.0246168 0.843589 7.4738e-06 0.0572926 0.000108821 2.36713e-06 
0.00671567 0.000321284 0.00088657 0.00487021 0.979422 0.00636197 0.000231105 0.00119136 2.16641e-09 
0.083413 0.0429511 0.00869846 0.124726 0.506631 0.00644394 0.224839 6.57634e-06 0.00229159 
0.0131063 0.0198666 0.000546237 0.00928858 0.881131 0.00398708 0.0718272 0.000244413 2.16354e-06 
0.362236 0.00723932 0.00141758 0.00532915 0.494314 0.0285273 0.100322 0.000604734 9.91821e-06 
0.0234453 0.045768 0.010236 0.0299691 0.713663 0.00299515 0.167884 2.30532e-05 0.0060164 
0.024696 0.0195046 0.00117972 3.17191e-05 0.828697 8.23255e-08 0.119246 2.78355e-05 0.00661735 
0.106113 0.0760433 0.0636066 0.0695557 0.612961 0.000464967 0.0711095 4.18236e-05 0.000103569 
0.131619 0.105505 0.0138298 0.288956 0.400808 0.00651795 0.0273619 4.86341e-06 0.0253978 
0.010903 0.0180331 0.000184193 0.00081951 0.960588 0.00465475 0.00188027 0.0022868 0.000650005 
0.157779 0.00571099 0.01389 0.0801588 0.671157 0.00704661 0.0632627 0.000147125 0.00084784 
0.144985 0.0571946 0.00127769 0.0182981 0.46544 0.138998 0.17271 5.18221e-05 0.00104514 
0.230904 0.000389234 0.000596917 0.0489477 0.643082 3.89032e-05 0.0648227 5.22318e-05 0.0111663 
0.0335065 0.341101 0.0257232 0.0373729 0.465747 0.00907665 0.0865906 5.38352e-05 0.000828955 
0.129377 0.0395836 0.00537704 0.0990862 0.36153 0.0331746 0.326301 0.00556905 1.23478e-06 
0.296691 0.0248537 0.0535373 0.0158774 0.397065 0.000263042 0.210048 3.29819e-06 0.00166074 
0.00671567 0.000321284 0.00088657 0.00487021 0.979422 0.00636197 0.000231105 0.00119136 2.16641e-09 
6.50814e-08 1.02603e-10 2.17853e-10 8.66291e-05 0.8912 2.15078e-10 0.108704 2.08744e-06 6.77322e-06 
0.0566196 0.0562205 0.0295176 0.0994518 0.632293 3.94509e-05 0.122995 7.48965e-05 0.00278758 
0.156715 0.0291218 0.0169867 0.192608 0.476582 0.0139095 0.113774 0.000242817 5.97826e-05 
0.270533 0.000878304 0.0096704 0.177284 0.30626 4.25646e-10 0.234225 0.00114748 2.09922e-06 
0.257051 2.51151e-06 2.78434e-05 1.08009e-05 0.497442 1.2548e-06 0.244266 0.000126968 0.00107166 
0.0549891 0.0306301 0.00459029 0.00900919 0.888249 6.44806e-06 0.0123881 5.67338e-05 8.07048e-05 
0.200867 0.0818443 0.0341094 0.138915 0.429022 0.0200102 0.0800195 0.00032974 0.0148831 
0.0209719 0.0300454 0.0118246 0.102654 0.726883 0.000184996 0.0398539 0.000154708 0.0674277 
0.0548857 0.010359 0.000515532 0.0184914 0.863673 0.0439628 0.00557049 0.00254169 5.77069e-13 
0.155861 0.0187977 0.000449558 0.00450318 0.677059 0.0248997 0.118049 0.000381287 5.18534e-08 
0.0255975 0.0122559 0.00258373 0.0231571 0.82846 0.000231706 0.107636 2.76857e-05 5.03201e-05 
0.199759 0.029906 0.0031344 0.181441 0.505757 0.0224969 0.0571943 0.000197828 0.000113582 
0.010903 0.0180331 0.000184193 0.00081951 0.960588 0.00465475 0.00188027 0.0022868 0.000650005 
0.104875 0.15616 0.0106286 0.0901332 0.461286 0.0074906 0.169366 3.47072e-05 2.54993e-05 
0.00864787 0.0217259 4.47947e-05 0.00123542 0.967126 8.07005e-05 4.19848e-05 0.00109683 7.17275e-08 
0.0413756 0.100736 0.176875 0.17135 0.334508 0.000154738 0.145107 0.00023265 0.0296613 
0.145132 0.101091 0.000560143 0.0493667 0.422031 0.00195582 0.268859 0.00117312 0.00983135 
0.0044572 0.0015252 1.43126e-06 1.47506e-06 0.77471 0.000285949 0.217626 0.00139222 3.38394e-07 
0.0488793 1.50197e-06 0.00704496 0.0661387 0.785009 2.21113e-06 0.0926527 0.000269841 1.89639e-06 
0.210162 0.0104122 0.00941618 0.12947 0.595727 0.0116614 0.0330603 9.09792e-05 3.21395e-07 
0.00478803 0.00259196 9.99992e-05 0.000937564 0.834248 7.42297e-05 0.157118 0.000100381 4.23051e-05 
0.0437243 0.0342255 3.57833e-06 0.000366697 0.868116 0.00283182 0.0502666 7.8969e-05 0.00038664 
0.010903 0.0180331 0.000184193 0.00081951 0.960588 0.00465475 0.00188027 0.0022868 0.000650005 
0.0417356 0.0151275 0.00185074 0.00168898 0.72462 0.0242356 0.188942 0.000737457 0.00106263 
0.0428885 0.0208962 0.0107056 0.0378657 0.771436 0.00370512 0.11233 5.99538e-05 0.000112522 
0.1347 0.0766379 0.0583632 0.0739975 0.489689 0.1205 0.0455961 0.000480658 3.55976e-05 
0.0674961 0.0141287 0.158519 0.00181765 0.711444 3.86918e-05 0.0463137 0.000240733 1.78282e-06 
0.00671567 0.000321284 0.00088657 0.00487021 0.979422 0.00636197 0.000231105 0.00119136 2.16641e-09 
0.0252793 0.0863217 0.0115397 0.00656547 0.586761 0.0128771 0.270501 0.000127968 2.67654e-05 
0.0781595 0.064259 0.0425842 0.0268563 0.710203 0.003802 0.0700445 0.000481505 0.0036101 
0.1347 0.0766379 0.0583632 0.0739975 0.489689 0.1205 0.0455961 0.000480658 3.55976e-05 
0.135134 0.0489258 0.000274897 0.0323666 0.538353 0.117973 0.12682 0.00011872 3.26601e-05 
0.0440799 0.0803713 0.00770097 0.0498523 0.740449 0.00116989 0.0745087 0.000116159 0.00175184 
0.0101779 0.0127015 0.00115078 0.00235893 0.952316 0.000970127 0.0201929 0.000128018 4.09792e-06 
0.223718 0.00254654 0.00104112 0.0152001 0.718463 0.00047784 0.0383755 0.000166046 1.1835e-05 
8.45899e-05 0.000607877 8.27339e-05 6.12879e-08 0.997184 0.000363915 0.00161652 6.02322e-05 4.43379e-07 
0.0591762 0.00218069 3.11444e-07 0.00625437 0.830621 2.4183e-07 0.100596 0.00117098 5.03181e-10 
0.104947 0.0125045 0.0105155 0.0764104 0.69346 0.005616 0.078881 0.000185862 0.0174797 
0.167438 0.0375597 0.0107244 0.139467 0.58599 0.00434814 0.0515146 0.00133634 0.00162155 
0.010903 0.0180331 0.000184193 0.00081951 0.960588 0.00465475 0.00188027 0.0022868 0.000650005 
0.010903 0.0180331 0.000184193 0.00081951 0.960588 0.00465475 0.00188027 0.0022868 0.000650005 
0.010903 0.0180331 0.000184193 0.00081951 0.960588 0.00465475 0.00188027 0.0022868 0.000650005 
0.010903 0.0180331 0.000184193 0.00081951 0.960588 0.00465475 0.00188027 0.0022868 0.000650005 
0.145074 0.121933 0.00428828 0.106214 0.476139 0.00244122 0.143609 0.000287579 1.35057e-05 
0.177646 0.0620343 0.00549799 0.114661 0.493027 0.0152238 0.130711 0.000956295 0.00024227 
4.50405e-05 4.50385e-05 4.50343e-05 4.50377e-05 0.770022 4.50344e-05 0.0360731 0.108115 0.0855649 
0.0348892 0.185449 0.0091968 0.0271342 0.369816 0.0460938 0.324945 4.59494e-05 0.00242956 
0.261864 0.0521192 0.00026494 0.0407084 0.612433 0.00197159 0.030516 7.97259e-05 4.36026e-05 
0.0599381 0.0551757 0.0160681 0.023833 0.782434 0.0504743 0.0116167 0.000246116 0.000214335 
0.0338853 0.00543547 0.00808198 0.0374486 0.901832 0.00872185 0.00407385 0.00048751 3.37105e-05 
0.00942913 0.011636 0.000123628 0.000510059 0.961286 0.00289682 0.0112656 0.00222676 0.000625822 
0.0695584 0.0536945 0.00203145 0.00217094 0.5904 0.0602027 0.220494 0.0009135 0.000534627 
0.144332 0.0354435 0.00774821 0.0366849 0.567344 0.00594801 0.200842 7.5044e-05 0.00158113 
0.00213499 0.000583059 4.12722e-05 5.2804e-06 0.995846 0.00110003 1.48749e-05 0.000274316 7.15882e-13 
0.010903 0.0180331 0.000184193 0.00081951 0.960588 0.00465475 0.00188027 0.0022868 0.000650005 
0.00104288 1.09844e-08 0.00149967 0.000107942 0.994613 2.30257e-08 0.00162534 8.86428e-05 0.00102257 
0.00362698 0.00152862 2.34387e-05 9.93579e-07 0.994546 8.29962e-05 1.11336e-05 0.000179686 9.23402e-09 
6.46367e-05 2.16767e-05 5.61365e-05 0.000100486 0.999127 0.000579085 3.32393e-05 1.33189e-05 4.34432e-06 
0.0373189 0.248393 0.0195096 0.00333035 0.644232 0.0250261 0.0199243 0.00224138 2.48707e-05 
0.00234478 0.000427286 0.000258262 0.000251047 0.995964 0.000394549 0.000242283 0.000117328 2.74527e-07 
0.219002 0.048184 0.0102397 0.0865959 0.404172 0.0499311 0.179947 2.16435e-05 0.00190715 
0.0870091 0.0489884 0.013765 0.3045 0.431541 0.000211948 0.112322 0.00166266 2.94263e-10 
0.0176085 0.0642828 0.00832977 0.131864 0.715496 0.000369543 0.0585501 0.000650189 0.00284959 
0.0558912 0.0462662 0.000326461 0.0103522 0.791445 0.000141586 0.0864484 0.00912872 4.15744e-07 
0.00324119 0.0120245 0.000153704 0.00195453 0.844899 0.0678528 0.069069 0.000805111 6.4421e-08 
0.052484 0.088839 0.0062081 0.0501703 0.457839 5.36387e-09 0.340372 3.30604e-07 0.00408649 
0.0073571 0.0153368 0.000955825 0.0110515 0.917321 0.000390909 0.0369757 0.0105828 2.88124e-05 
0.0126018 0.00430781 0.000570084 0.000121085 0.975389 0.0065997 3.31846e-07 0.000409785 2.83131e-12 
0.00453832 0.00330394 0.00662106 0.000321045 0.983482 0.00131971 0.000361244 5.1201e-05 1.90218e-06 
0.010903 0.0180331 0.000184193 0.00081951 0.960588 0.00465475 0.00188027 0.0022868 0.000650005 
0.127191 0.0665707 0.0436154 0.0944745 0.225764 0.107168 0.16344 8.72956e-05 0.171689 
0.0593625 7.05674e-05 0.0649209 0.00540936 0.810243 0.000500936 0.059196 0.000294765 1.66597e-06 
0.00671567 0.000321284 0.00088657 0.00487021 0.979422 0.00636197 0.000231105 0.00119136 2.16641e-09 
0.0806361 0.0593795 0.0420868 0.195584 0.47542 0.00361847 0.0853835 0.000679249 0.057212 
0.0301602 0.0723313 0.00122158 0.0876096 0.46178 0.0038292 0.341516 0.00152418 2.80934e-05 
0.0509205 0.00363657 0.00859994 0.00526212 0.686874 0.00048043 0.222366 0.0115978 0.010263 
0.010903 0.0180331 0.000184193 0.00081951 0.960588 0.00465475 0.00188027 0.0022868 0.000650005 
0.234467 0.0587142 0.0163575 0.0683079 0.418722 0.0503721 0.108587 0.00153594 0.042937 
0.00453832 0.00330394 0.00662106 0.000321045 0.983482 0.00131971 0.000361244 5.1201e-05 1.90218e-06 
0.010903 0.0180331 0.000184193 0.00081951 0.960588 0.00465475 0.00188027 0.0022868 0.000650005 
0.0294282 0.00640645 0.0101671 0.00222705 0.788586 0.00881257 0.15432 4.00683e-05 1.24273e-05 
0.0143855 0.0693296 0.000644475 0.00349968 0.776359 0.00465836 0.128551 0.000480104 0.00209263 
0.000877438 0.0300565 0.000253818 0.00249629 0.862431 0.0266836 0.0647826 0.00655977 0.00585844 
0.0840778 0.24882 0.0368074 0.0269797 0.33254 0.00675219 0.263962 4.31752e-05 1.70881e-05 
0.0886355 0.0811618 0.0010316 0.00501884 0.550494 0.00858192 0.264862 0.000106499 0.000108574 
0.111808 0.00111027 0.0279044 0.00453991 0.760475 0.000185917 0.093203 0.000406288 0.000366675 
0.0633734 0.0372199 0.00863287 0.0279505 0.545152 0.000556087 0.315211 8.20927e-05 0.00182201 
0.235017 0.0743614 0.0307701 0.0429652 0.412459 0.0325209 0.158943 0.0120505 0.000913154 
0.331993 0.0177508 0.0101683 0.0841834 0.370516 0.00708836 0.176125 0.000386172 0.00178942 
0.250956 0.00674839 0.134516 0.0888389 0.487856 0.00777168 0.0101213 0.0130691 0.000123335 
0.00300062 0.00998706 0.000284836 0.00440884 0.833352 1.64629e-05 0.148928 1.92523e-05 3.22354e-06 
0.27328 0.0447839 0.0041876 0.0737206 0.307709 0.00769325 0.226846 0.0050035 0.056777 
0.00564257 0.00716689 0.00164726 0.0113381 0.915753 0.00820072 0.04903 0.00106361 0.000158164 
0.35572 0.106689 0.0243021 0.0315496 0.402956 0.0322283 0.0465251 2.01085e-08 3.03262e-05 
0.00234478 0.000427286 0.000258262 0.000251047 0.995964 0.000394549 0.000242283 0.000117328 2.74527e-07 
0.00026969 0.000269677 0.000269652 0.000269673 0.997843 0.000269653 0.000269657 0.000269622 0.00026951 
0.00478803 0.00259196 9.99992e-05 0.000937564 0.834248 7.42297e-05 0.157118 0.000100381 4.23051e-05 
0.0850297 0.000990339 0.0139297 0.0608098 0.837463 0.000972895 0.000553011 0.000250856 1.76423e-07 
0.00453832 0.00330394 0.00662106 0.000321045 0.983482 0.00131971 0.000361244 5.1201e-05 1.90218e-06 
0.0234054 0.0219504 0.00139102 0.0224939 0.469459 0.00134033 0.261311 0.0110178 0.187631 
0.0656436 0.052524 0.00698868 0.068019 0.55757 1.50856e-05 0.248591 0.000358695 0.000289799 
0.028436 0.0608689 0.00426874 0.0136335 0.604977 0.00779547 0.200902 0.000371511 0.0787471 
0.0463621 0.0512535 0.00388002 0.021645 0.588147 0.00560322 0.262608 0.00512809 0.0153735 
0.24849 0.0389392 0.0125797 0.0244119 0.667497 0.00570358 0.00177055 0.000608137 9.28427e-08 
0.0510627 0.00409775 0.00284475 0.0114593 0.924928 0.0051629 3.3543e-08 0.000444331 1.98065e-12 
0.083561 0.0761598 0.00597921 0.00277476 0.784959 0.000291721 0.0462624 2.94659e-06 9.20404e-06 
0.000877438 0.0300565 0.000253818 0.00249629 0.862431 0.0266836 0.0647826 0.00655977 0.00585844 
0.112731 0.000130305 0.000125542 0.0193785 0.792176 0.000254794 0.0714073 0.000807611 0.00298872 
0.010903 0.0180331 0.000184193 0.00081951 0.960588 0.00465475 0.00188027 0.0022868 0.000650005 
0.000894812 1.97443e-06 4.19221e-06 0.00161899 0.994137 0.0033152 3.82893e-06 6.92454e-06 1.6708e-05 
0.010903 0.0180331 0.000184193 0.00081951 0.960588 0.00465475 0.00188027 0.0022868 0.000650005 
0.010903 0.0180331 0.000184193 0.00081951 0.960588 0.00465475 0.00188027 0.0022868 0.000650005 
0.010903 0.0180331 0.000184193 0.00081951 0.960588 0.00465475 0.00188027 0.0022868 0.000650005 
0.0301602 0.0723313 0.00122158 0.0876096 0.46178 0.0038292 0.341516 0.00152418 2.80934e-05 
0.160779 0.0348291 0.00762016 0.295102 0.379212 0.00156093 0.119697 0.00116023 4.01792e-05 
0.122157 0.042568 0.047209 0.0695417 0.426874 0.000784191 0.25426 0.0321387 0.00446802 
0.010903 0.0180331 0.000184193 0.00081951 0.960588 0.00465475 0.00188027 0.0022868 0.000650005 
0.0545661 0.0874482 0.00943014 0.0575428 0.445707 0.00267447 0.0709451 0.00112679 0.270559 
0.251676 0.035911 0.0702588 0.0117063 0.540353 0.00532631 0.0846068 4.89324e-05 0.000113116 
0.0510627 0.00409775 0.00284475 0.0114593 0.924928 0.0051629 3.3543e-08 0.000444331 1.98065e-12 
0.0109021 0.132602 0.000971232 0.0744221 0.585339 0.000234345 0.195194 0.00032929 5.80273e-06 
0.010903 0.0180331 0.000184193 0.00081951 0.960588 0.00465475 0.00188027 0.0022868 0.000650005 
0.0232065 0.0187628 0.00161255 0.0539145 0.75689 0.00161837 0.140003 0.00399083 7.57575e-07 
0.0640292 1.62105e-06 3.62963e-06 0.012693 0.859234 2.05932e-10 0.0640291 7.23872e-07 8.81286e-06 
0.0645289 0.0182531 0.253276 0.213466 0.428944 0.00338546 0.0176999 0.00044536 1.63478e-06 
0.0397667 0.0164105 6.71708e-07 8.4705e-07 0.543298 7.43042e-07 0.399737 0.000521924 0.000263871 
0.01345 0.000705643 0.000319056 0.00115062 0.983764 0.000123389 0.00035655 0.000130319 1.43483e-09 
0.0319694 0.0627499 0.0159793 0.00986953 0.720252 0.0216002 0.0913763 0.00696648 0.039237 
0.217036 0.0402589 0.00410427 0.0135682 0.661432 0.00748625 0.0224499 0.0336641 3.41025e-07 
0.010903 0.0180331 0.000184193 0.00081951 0.960588 0.00465475 0.00188027 0.0022868 0.000650005 
0.137217 0.0538579 0.0130824 0.0320105 0.673093 0.020981 0.0694671 0.000240527 5.05694e-05 
0.20758 0.09906 0.00742015 0.0137688 0.427257 0.021761 0.222039 0.000361604 0.000753054 
0.0902222 0.0479368 0.00837081 0.164117 0.62819 0.0207324 0.0389415 6.51075e-06 0.00148301 
0.010903 0.0180331 0.000184193 0.00081951 0.960588 0.00465475 0.00188027 0.0022868 0.000650005 
0.0338853 0.00543547 0.00808198 0.0374486 0.901832 0.00872185 0.00407385 0.00048751 3.37105e-05 
0.287202 0.0284765 0.0158618 0.117942 0.477916 0.0134458 0.0123018 0.046033 0.000821894 
0.149362 0.0688698 0.00881066 0.0443813 0.607824 0.000127343 0.120294 0.000328573 1.63007e-06 
0.010903 0.0180331 0.000184193 0.00081951 0.960588 0.00465475 0.00188027 0.0022868 0.000650005 
0.0101779 0.0127015 0.00115078 0.00235893 0.952316 0.000970127 0.0201929 0.000128018 4.09792e-06 
0.00478803 0.00259196 9.99992e-05 0.000937564 0.834248 7.42297e-05 0.157118 0.000100381 4.23051e-05 
0.0570723 0.0410436 0.00140902 0.00934118 0.689321 0.0174138 0.183958 3.54826e-05 0.000405938 
0.010903 0.0180331 0.000184193 0.00081951 0.960588 0.00465475 0.00188027 0.0022868 0.000650005 
0.103628 0.0581776 0.000503229 0.235188 0.361481 0.197275 0.0403366 0.00265271 0.000757904 
0.0840798 6.90493e-07 0.000518671 0.00119459 0.813265 0.0297349 0.0707811 0.000424863 1.64351e-07 
0.0139161 0.128999 0.0148317 0.222176 0.379039 0.00178228 0.239097 0.000158646 6.00954e-07 
0.0548857 0.010359 0.000515532 0.0184914 0.863673 0.0439628 0.00557049 0.00254169 5.77069e-13 
0.0832468 0.00170218 0.00624512 0.00160146 0.828427 1.62353e-05 0.0782449 1.53069e-06 0.000514399 
0.174961 0.10658 0.0170126 0.0169995 0.333444 0.0441677 0.30527 0.000422992 0.00114116 
0.050043 0.0329857 0.000366632 0.250339 0.508802 0.0718518 0.08363 0.00190985 7.22831e-05 
0.010903 0.0180331 0.000184193 0.00081951 0.960588 0.00465475 0.00188027 0.0022868 0.000650005 
0.1347 0.0766379 0.0583632 0.0739975 0.489689 0.1205 0.0455961 0.000480658 3.55976e-05 
0.115744 0.0180316 0.0203792 0.0448535 0.539188 0.000251001 0.150486 0.000101236 0.110964 
0.206856 0.00675479 0.00584364 0.0331459 0.582149 0.0136634 0.141077 0.000639396 0.00987107 
0.010903 0.0180331 0.000184193 0.00081951 0.960588 0.00465475 0.00188027 0.0022868 0.000650005 
0.0490412 0.0166388 2.24244e-05 0.00942166 0.838763 0.0126844 0.0716794 2.19617e-05 0.00172706 
0.0140225 0.0431688 0.0153849 0.00217449 0.912388 0.0113859 0.00102351 0.00045216 2.39238e-11 
0.00671567 0.000321284 0.00088657 0.00487021 0.979422 0.00636197 0.000231105 0.00119136 2.16641e-09 
0.163279 0.0525301 0.000774512 0.0253006 0.670194 0.0480968 0.0391923 0.000437545 0.000195515 
0.010903 0.0180331 0.000184193 0.00081951 0.960588 0.00465475 0.00188027 0.0022868 0.000650005 
0.00682586 0.0184979 1.29792e-06 0.00492575 0.742033 0.000137434 0.227579 1.27306e-07 1.52311e-08 
0.0814459 0.0342355 0.103697 0.0903799 0.403527 0.0247139 0.208176 0.00023282 0.053592 
0.183939 0.0789724 0.0135905 0.0301081 0.450887 0.0133635 0.227904 0.00116174 7.46274e-05 
0.1347 0.0766379 0.0583632 0.0739975 0.489689 0.1205 0.0455961 0.000480658 3.55976e-05 
0.209428 0.0629073 0.0220099 0.0954192 0.441025 0.00494989 0.140268 0.0228134 0.00117918 
0.0591762 0.00218069 3.11444e-07 0.00625437 0.830621 2.4183e-07 0.100596 0.00117098 5.03181e-10 
0.0591762 0.00218069 3.11444e-07 0.00625437 0.830621 2.4183e-07 0.100596 0.00117098 5.03181e-10 
0.000974027 0.00160784 0.00505854 0.00471318 0.983553 0.000375304 0.00341466 1.14145e-07 0.000303233 
0.000877438 0.0300565 0.000253818 0.00249629 0.862431 0.0266836 0.0647826 0.00655977 0.00585844 
0.149362 0.0688698 0.00881066 0.0443813 0.607824 0.000127343 0.120294 0.000328573 1.63007e-06 
0.0338853 0.00543547 0.00808198 0.0374486 0.901832 0.00872185 0.00407385 0.00048751 3.37105e-05 
0.0591762 0.00218069 3.11444e-07 0.00625437 0.830621 2.4183e-07 0.100596 0.00117098 5.03181e-10 
0.00936407 0.013738 8.17011e-05 0.0117455 0.799574 0.00796265 0.156548 0.000985863 2.26746e-07 
0.0751779 5.08313e-05 0.119809 0.00244862 0.796381 1.25548e-09 0.00607349 1.54971e-06 5.70136e-05 
0.00478803 0.00259196 9.99992e-05 0.000937564 0.834248 7.42297e-05 0.157118 0.000100381 4.23051e-05 
0.075407 0.176922 0.00629025 0.0510846 0.317952 0.168536 0.203286 0.000243177 0.000278438 
0.00390364 0.00749257 7.34916e-07 5.00669e-06 0.914186 0.000137636 0.073695 0.000403885 0.000175512 
0.010903 0.0180331 0.000184193 0.00081951 0.960588 0.00465475 0.00188027 0.0022868 0.000650005 
0.0410657 0.0627552 0.00135894 0.0780543 0.475395 0.0275215 0.309224 0.00458552 3.92662e-05 
0.010903 0.0180331 0.000184193 0.00081951 0.960588 0.00465475 0.00188027 0.0022868 0.000650005 
0.010903 0.0180331 0.000184193 0.00081951 0.960588 0.00465475 0.00188027 0.0022868 0.000650005 
0.010903 0.0180331 0.000184193 0.00081951 0.960588 0.00465475 0.00188027 0.0022868 0.000650005 
0.21281 0.0256368 0.00199893 0.0303135 0.485476 0.0106937 0.232719 0.000235837 0.000115576 
0.010903 0.0180331 0.000184193 0.00081951 0.960588 0.00465475 0.00188027 0.0022868 0.000650005 
0.00951559 0.00279155 0.000172429 0.00924746 0.815892 8.41942e-05 0.162133 0.000111266 5.23593e-05 
0.0812865 0.0121143 0.00192345 0.176267 0.496336 0.00039368 0.229796 0.0018789 3.32088e-06 
0.142126 0.0750219 0.109295 0.0222498 0.560945 0.00975826 0.0786624 0.000265599 0.00167674 
1.15279e-05 1.03122e-05 2.90643e-06 4.63094e-06 0.643323 1.086e-05 0.356631 1.71395e-09 4.96676e-06 
0.0548857 0.010359 0.000515532 0.0184914 0.863673 0.0439628 0.00557049 0.00254169 5.77069e-13 
0.0276449 0.00232403 0.00693175 0.418167 0.500963 0.00240299 0.0411654 0.000400565 4.63876e-07 
0.00100546 0.00253921 2.54278e-08 1.05592e-10 0.859951 1.89226e-10 0.135856 0.000293672 0.000355248 
0.0674961 0.0141287 0.158519 0.00181765 0.711444 3.86918e-05 0.0463137 0.000240733 1.78282e-06 
0.0516701 0.00284428 0.033709 0.00683608 0.783838 0.00572169 0.0566927 0.00583265 0.0528556 
0.010903 0.0180331 0.000184193 0.00081951 0.960588 0.00465475 0.00188027 0.0022868 0.000650005 
0.010903 0.0180331 0.000184193 0.00081951 0.960588 0.00465475 0.00188027 0.0022868 0.000650005 
2.34032e-05 4.05585e-07 8.61159e-07 3.12013e-05 0.999836 8.50193e-07 0.000102669 1.42243e-06 3.43214e-06 
0.00158626 9.73966e-05 1.48249e-05 1.90128e-06 0.997918 0.000187638 4.46787e-09 0.000193525 1.5355e-12 
0.0548857 0.010359 0.000515532 0.0184914 0.863673 0.0439628 0.00557049 0.00254169 5.77069e-13 
0.010903 0.0180331 0.000184193 0.00081951 0.960588 0.00465475 0.00188027 0.0022868 0.000650005 
0.0674277 0.057109 0.013131 0.029647 0.580462 0.0110348 0.194639 0.00288811 0.0436607 
0.00453832 0.00330394 0.00662106 0.000321045 0.983482 0.00131971 0.000361244 5.1201e-05 1.90218e-06 
0.0548857 0.010359 0.000515532 0.0184914 0.863673 0.0439628 0.00557049 0.00254169 5.77069e-13 
0.000330805 0.000956425 0.000608647 0.00461984 0.990242 0.000217996 0.00260435 0.000141585 0.000277943 
0.194394 0.00482149 0.00518819 0.0116183 0.655789 0.000292953 0.0308264 0.000371986 0.0966976 
0.010903 0.0180331 0.000184193 0.00081951 0.960588 0.00465475 0.00188027 0.0022868 0.000650005 
0.0561375 0.000119961 5.53698e-06 0.00686238 0.897191 0.000290197 0.0393374 2.73955e-05 2.87225e-05 
0.0045403 0.154541 2.27882e-05 0.00129808 0.679087 0.00574242 0.151193 0.00351219 6.26351e-05 
0.0970156 0.0152112 0.00144788 0.078333 0.756849 0.0373806 0.0117657 0.00198419 1.28537e-05 
0.0108079 0.00603402 0.000454331 0.00259363 0.972098 0.00600775 0.00147995 0.000524166 4.10112e-08 
0.0746695 0.0153364 0.000885802 0.266274 0.61188 0.00727523 0.00727718 0.000575419 0.015827 
0.010903 0.0180331 0.000184193 0.00081951 0.960588 0.00465475 0.00188027 0.0022868 0.000650005 
0.0548857 0.010359 0.000515532 0.0184914 0.863673 0.0439628 0.00557049 0.00254169 5.77069e-13 
0.0240126 0.0166994 0.000966787 0.030615 0.740067 7.26642e-05 0.187565 1.70233e-06 6.2098e-07 
0.01816 0.0867444 0.00732968 0.0634548 0.762616 0.00032865 0.0502521 0.000507726 0.0106066 
0.20958 0.0807252 0.0327682 0.209444 0.279414 0.0165724 0.148168 0.00911147 0.0142169 
0.233272 0.184599 0.0136394 0.123092 0.284927 0.0903015 0.0592151 0.000792671 0.0101617 
0.0166651 0.113424 8.92269e-05 0.00195989 0.660473 0.0456619 0.0720942 0.000375937 0.0892572 
0.0168958 0.0211034 0.00174709 0.0111691 0.828065 1.52781e-05 0.120594 0.000136947 0.000273308 
0.010903 0.0180331 0.000184193 0.00081951 0.960588 0.00465475 0.00188027 0.0022868 0.000650005 
0.122021 0.121767 0.000773561 0.00376179 0.417942 0.0183251 0.292119 0.00286688 0.0204249 
0.00396607 5.21147e-05 0.000124416 0.00485863 0.985432 0.00287037 0.00146662 0.00118808 4.21621e-05 
0.010903 0.0180331 0.000184193 0.00081951 0.960588 0.00465475 0.00188027 0.0022868 0.000650005 
0.0101779 0.0127015 0.00115078 0.00235893 0.952316 0.000970127 0.0201929 0.000128018 4.09792e-06 
0.110431 0.0966479 0.00643743 0.00906852 0.453955 0.166975 0.153557 0.00107531 0.00185248 
0.0737417 0.00579281 0.00195185 0.0517443 0.842984 0.00173377 0.021928 0.000115902 7.88227e-06 
0.232351 0.0165087 0.00534505 0.0314544 0.354254 0.00685166 0.346867 0.00155538 0.00481232 
0.193944 0.00314276 0.0345545 0.020234 0.704761 0.00657897 0.0351583 0.00152184 0.000103925 
0.40788 0.00327851 0.00108178 3.33649e-07 0.566794 0.000361344 0.0113566 0.000373235 0.00887402 
0.0766539 0.0241542 0.00369704 0.000139851 0.767274 0.00127869 0.000736003 0.126066 3.30971e-12 
0.0701242 0.0148664 0.0108394 0.0475552 0.757172 0.000613724 0.0965995 0.000760398 0.00146963 
0.010903 0.0180331 0.000184193 0.00081951 0.960588 0.00465475 0.00188027 0.0022868 0.000650005 
0.00134763 4.17622e-06 0.000207394 2.68761e-05 0.99794 0.000224273 1.21143e-09 0.000249399 1.44933e-12 
0.102113 0.00214765 0.0279011 0.132017 0.728636 0.00368162 0.00350329 1.47446e-07 3.55768e-07 
0.0538673 6.81612e-05 0.0535475 0.0254092 0.852762 1.44749e-05 0.0137978 7.56025e-06 0.000526015 
0.053989 0.0811428 0.0294185 0.166279 0.32696 0.000330391 0.185736 0.156145 3.72373e-08 
0.0548857 0.010359 0.000515532 0.0184914 0.863673 0.0439628 0.00557049 0.00254169 5.77069e-13 
0.00478803 0.00259196 9.99992e-05 0.000937564 0.834248 7.42297e-05 0.157118 0.000100381 4.23051e-05 
0.010903 0.0180331 0.000184193 0.00081951 0.960588 0.00465475 0.00188027 0.0022868 0.000650005 
0.0905296 0.0217772 0.011075 0.244019 0.527481 0.0024739 0.0381221 0.0642256 0.00029574 
0.00234478 0.000427286 0.000258262 0.000251047 0.995964 0.000394549 0.000242283 0.000117328 2.74527e-07 
0.010903 0.0180331 0.000184193 0.00081951 0.960588 0.00465475 0.00188027 0.0022868 0.000650005 
1.98615e-05 8.27557e-09 1.75711e-08 3.09861e-05 0.999644 5.22156e-06 0.000268025 3.19547e-05 7.00296e-08 
0.215863 0.0119383 0.00438059 0.0550008 0.468185 0.00129764 0.241841 0.00143928 5.43112e-05 
0.00677469 0.0441736 0.00562625 0.060441 0.874253 1.04291e-05 0.00845785 0.000262005 1.26556e-06 
0.247727 0.00600349 0.0123474 0.154635 0.563625 0.0149168 0.000645582 9.92955e-05 4.38289e-09 
0.0866285 0.0225746 0.00612623 0.0029232 0.747623 0.0142664 0.0389107 0.000417356 0.0805296 
0.0450601 0.0247727 0.00271426 0.0066658 0.568082 0.0021639 0.349781 0.000760123 4.04229e-07 
0.00189751 0.000243463 3.70527e-05 4.75069e-06 0.997253 0.000311453 4.21198e-09 0.000252815 6.50949e-13 
0.0970156 0.0152112 0.00144788 0.078333 0.756849 0.0373806 0.0117657 0.00198419 1.28537e-05 
0.114813 0.0358177 0.015952 0.0415605 0.473726 0.0450111 0.24695 0.0261699 6.69709e-09 
0.214209 0.0386179 0.000917646 0.0168359 0.653341 0.000942854 0.0737368 3.76224e-05 0.00136142 
0.0365535 0.131232 0.000504755 0.00129433 0.438258 0.0449431 0.34691 0.000254075 5.04502e-05 
0.0604013 0.00225768 0.000698786 0.0191958 0.796284 0.00252323 0.116689 0.00176371 0.000186417 
0.0273502 0.0280052 0.138714 0.290123 0.515083 1.79862e-05 0.00027617 0.000334313 9.64966e-05 
0.122544 0.113124 0.0241232 0.0254059 0.552925 1.32858e-06 0.161873 3.12552e-06 3.60673e-07 
0.324047 0.000688208 0.00932191 0.00387589 0.525191 0.000116051 0.00443622 8.68955e-06 0.132315 
0.010903 0.0180331 0.000184193 0.00081951 0.960588 0.00465475 0.00188027 0.0022868 0.000650005 
0.0018246 0.000333677 0.000201739 0.000195892 0.993732 0.000307897 0.00278596 0.000303749 0.000314318 
0.0489558 0.173745 0.00153493 0.130686 0.595562 2.87216e-05 0.0466042 0.00287714 5.93336e-06 
0.0970156 0.0152112 0.00144788 0.078333 0.756849 0.0373806 0.0117657 0.00198419 1.28537e-05 
0.00101025 0.00856674 6.66573e-07 0.000327982 0.802491 1.16094e-06 0.119957 0.000352691 0.0672926 
0.181583 4.075e-07 7.22807e-07 0.084061 0.439894 1.76107e-08 0.275679 0.0187327 4.86866e-05 
0.00671567 0.000321284 0.00088657 0.00487021 0.979422 0.00636197 0.000231105 0.00119136 2.16641e-09 
0.010903 0.0180331 0.000184193 0.00081951 0.960588 0.00465475 0.00188027 0.0022868 0.000650005 
0.00671567 0.000321284 0.00088657 0.00487021 0.979422 0.00636197 0.000231105 0.00119136 2.16641e-09 
0.212411 0.138192 0.0222421 0.0148788 0.508259 0.0158654 0.0873705 0.000780192 1.54914e-06 
0.117213 0.140643 0.0018617 0.0358707 0.560419 0.0833921 0.0532124 1.70802e-05 0.0073718 
0.0282198 0.0048933 6.88705e-07 0.0561725 0.73745 3.3722e-07 0.169797 2.14063e-06 0.00346408 
0.010903 0.0180331 0.000184193 0.00081951 0.960588 0.00465475 0.00188027 0.0022868 0.000650005 
0.0137417 0.0624787 0.0166035 0.0239339 0.502012 0.17843 0.13153 0.000105774 0.0711643 
0.101318 0.0336826 0.000874695 0.0908274 0.451182 0.00262401 0.317726 0.000102885 0.00166244 
0.0519272 0.00114299 0.185586 0.0203426 0.411529 0.000130805 0.211646 0.00388459 0.113811 
0.19842 0.0069691 0.0132199 0.0626955 0.47896 0.000312919 0.0711202 0.000568521 0.167733 
3.40246e-05 0.0180166 0.05103 0.000490172 0.916629 6.04822e-05 0.0130955 0.000292608 0.000351196 
0.00619796 0.0346692 5.66183e-06 5.21549e-06 0.811943 1.79906e-06 0.147177 5.80055e-09 1.3996e-08 
0.0170031 0.0166863 0.00324529 0.00340749 0.741106 0.0178596 0.181975 0.00114749 0.0175701 
0.1347 0.0766379 0.0583632 0.0739975 0.489689 0.1205 0.0455961 0.000480658 3.55976e-05 
0.177712 0.0708295 0.0462042 0.125877 0.300992 0.0851439 0.191606 0.00139266 0.000242585 
0.267654 0.14246 9.79943e-05 0.0141164 0.521223 0.0260451 0.027437 0.000822877 0.000143757 
0.045489 0.0261393 0.00058947 0.0100214 0.531353 0.000696232 0.333129 0.0203613 0.032221 
0.000877438 0.0300565 0.000253818 0.00249629 0.862431 0.0266836 0.0647826 0.00655977 0.00585844 
0.00478803 0.00259196 9.99992e-05 0.000937564 0.834248 7.42297e-05 0.157118 0.000100381 4.23051e-05 
0.0500942 0.0207941 0.0109814 0.0423816 0.835579 0.0120133 0.0245492 0.00279019 0.000816826 
0.103797 0.161052 0.000674552 0.0552018 0.541067 0.0138871 0.0825947 2.61941e-06 0.0417227 
0.00671567 0.000321284 0.00088657 0.00487021 0.979422 0.00636197 0.000231105 0.00119136 2.16641e-09 
1.18581e-05 3.27572e-06 4.89913e-05 0.114035 0.723677 4.25825e-09 0.162165 7.12435e-09 5.93798e-05 
