2.37696e-07 5.25008e-07 1.11472e-06 6.14114e-07 0.995815 1.10053e-06 0.00417532 1.84126e-06 4.44272e-06 
0.109334 0.0608866 0.00552224 0.0757768 0.549069 0.0235908 0.166012 0.00263596 0.00717266 
0.170607 0.0146546 0.00444728 0.0107383 0.676898 0.000251207 0.0295507 0.000318905 0.0925335 
0.0133175 0.0256889 1.4728e-08 0.000287291 0.8497 0.0106692 0.0997525 0.000243162 0.00034121 
0.0863972 0.0318423 0.000875863 0.178916 0.619111 0.00120761 0.0813082 0.00031313 2.86763e-05 
0.0112125 0.0149424 0.000214278 0.00322568 0.953953 1.23842e-07 0.0163642 8.76806e-05 3.87616e-07 
0.087841 0.119304 0.050445 0.163013 0.450858 0.0290295 0.0982638 3.85211e-05 0.00120687 
0.010903 0.0180331 0.000184193 0.00081951 0.960588 0.00465475 0.00188027 0.0022868 0.000650005 
0.12061 0.0467126 0.0437246 0.0494888 0.286333 0.0129573 0.18855 0.00654849 0.245075 
0.106278 0.0367727 0.00553633 0.0811606 0.706458 0.00291 0.0587795 0.00028845 0.0018166 
0.0301602 0.0723313 0.00122158 0.0876096 0.46178 0.0038292 0.341516 0.00152418 2.80934e-05 
0.0548857 0.010359 0.000515532 0.0184914 0.863673 0.0439628 0.00557049 0.00254169 5.77069e-13 
0.0373189 0.248393 0.0195096 0.00333035 0.644232 0.0250261 0.0199243 0.00224138 2.48707e-05 
0.0020778 2.059e-07 7.50484e-08 6.87937e-11 0.86054 1.23282e-10 0.135621 0.00175905 2.33958e-06 
0.0469828 0.00595809 0.00150619 0.0275279 0.900989 0.000190332 0.0166869 4.0332e-07 0.000158472 
0.0970156 0.0152112 0.00144788 0.078333 0.756849 0.0373806 0.0117657 0.00198419 1.28537e-05 
0.00671567 0.000321284 0.00088657 0.00487021 0.979422 0.00636197 0.000231105 0.00119136 2.16641e-09 
0.0820871 0.0403235 0.0160524 0.0312862 0.768685 0.0261538 0.0344844 0.000631092 0.000296743 
0.0243236 0.00190368 0.0690186 0.109343 0.653805 0.00992011 0.0828513 6.3623e-06 0.0488286 
0.0790809 0.145412 0.0339186 0.0440975 0.588847 0.0900338 0.0181633 0.000444444 2.52763e-06 
0.113612 0.00141988 0.000562784 0.000910712 0.84213 0.00660284 0.0342268 0.000277315 0.000257905 
0.00384812 0.00671585 0.109779 0.00467487 0.693137 0.00138005 0.17947 0.000299627 0.000695176 
0.0211654 0.0143048 0.00103878 0.100853 0.725679 0.129163 0.00757697 0.000216777 2.97306e-06 
0.00390364 0.00749257 7.34916e-07 5.00669e-06 0.914186 0.000137636 0.073695 0.000403885 0.000175512 
0.010903 0.0180331 0.000184193 0.00081951 0.960588 0.00465475 0.00188027 0.0022868 0.000650005 
0.0496441 0.0428981 0.00171152 0.0341735 0.768174 0.0766867 0.0259875 0.000722306 1.94754e-06 
0.149497 0.141077 0.0221197 0.0360396 0.404145 0.00799333 0.210587 0.000441836 0.0281008 
0.00453832 0.00330394 0.00662106 0.000321045 0.983482 0.00131971 0.000361244 5.1201e-05 1.90218e-06 
0.053324 0.155971 0.000774811 0.15708 0.395765 0.00367818 0.223641 0.000630242 0.00913602 
0.00390364 0.00749257 7.34916e-07 5.00669e-06 0.914186 0.000137636 0.073695 0.000403885 0.000175512 
0.13146 0.0772151 0.0966955 0.0315297 0.603865 0.0276145 0.0306689 0.000937454 1.36076e-05 
0.0477837 0.0626369 7.08088e-05 0.000386721 0.65328 0.00975049 0.225321 0.000494204 0.000276559 
0.0356665 0.0167159 0.00451699 0.0248511 0.890709 0.0181064 0.00729506 0.00213844 6.38739e-07 
0.1347 0.0766379 0.0583632 0.0739975 0.489689 0.1205 0.0455961 0.000480658 3.55976e-05 
0.206979 0.0550005 0.0520396 0.0697596 0.437514 0.0482223 0.127713 0.00240795 0.000363126 
0.00677469 0.0441736 0.00562625 0.060441 0.874253 1.04291e-05 0.00845785 0.000262005 1.26556e-06 
0.0548857 0.010359 0.000515532 0.0184914 0.863673 0.0439628 0.00557049 0.00254169 5.77069e-13 
0.00158626 9.73966e-05 1.48249e-05 1.90128e-06 0.997918 0.000187638 4.46787e-09 0.000193525 1.5355e-12 
0.126438 0.0138736 0.00542888 0.0484529 0.401995 0.000451799 0.398862 0.000132285 0.00436528 
0.125047 0.0180464 0.0174986 0.0335116 0.638444 4.66104e-05 0.166593 5.05323e-05 0.000762205 
0.0617302 0.0863431 0.000807132 0.0459211 0.781527 0.0130983 0.0104761 9.71651e-05 1.62587e-08 
0.233683 0.0942287 0.031138 0.117498 0.390582 7.59592e-07 0.124914 0.000196877 0.00775764 
0.0902222 0.0479368 0.00837081 0.164117 0.62819 0.0207324 0.0389415 6.51075e-06 0.00148301 
0.112213 0.0204486 0.0155283 0.0777394 0.651622 0.00747159 0.0724444 0.0425333 2.24667e-07 
0.00371989 0.0101274 4.47768e-05 0.000379826 0.985395 8.06135e-05 4.1966e-05 0.000210632 2.82861e-12 
0.010903 0.0180331 0.000184193 0.00081951 0.960588 0.00465475 0.00188027 0.0022868 0.000650005 
0.010903 0.0180331 0.000184193 0.00081951 0.960588 0.00465475 0.00188027 0.0022868 0.000650005 
0.032818 0.0179424 0.00332808 0.0613489 0.860461 0.0106267 0.0122224 0.0010282 0.000224741 
0.0432538 0.038069 2.55355e-05 0.00584689 0.700671 0.0179338 0.185405 0.000163975 0.00863046 
5.82748e-05 0.000351448 4.5371e-08 4.63433e-05 0.693884 0.00647058 0.299049 6.95112e-05 7.07764e-05 
0.0373942 0.057813 0.00135463 0.000634107 0.494031 7.18651e-05 0.408669 6.69692e-06 2.56465e-05 
0.211049 0.179482 0.038105 0.0820602 0.406506 0.000601661 0.0808775 0.00128356 3.55499e-05 
3.57055e-12 9.81075e-07 1.67448e-11 7.61705e-05 0.99992 2.53266e-06 1.52938e-11 2.76585e-11 2.13623e-07 
0.0266267 0.0380013 1.28672e-07 0.0316134 0.8706 0.00012544 0.0291367 0.00122356 0.0026725 
0.0351005 0.0226572 0.000475956 0.0216867 0.847745 5.43068e-07 0.072299 2.94719e-05 5.61365e-06 
0.408514 0.00415398 0.0176648 0.00325877 0.563631 0.00110789 0.00132306 9.76435e-05 0.000249136 
3.76753e-08 8.32147e-08 1.76686e-07 9.74358e-05 0.999901 1.74436e-07 1.61375e-07 2.91843e-07 7.0418e-07 
0.11342 0.080653 0.00143809 0.121412 0.53001 0.0239104 0.128919 0.000110927 0.000125285 
0.0905296 0.0217772 0.011075 0.244019 0.527481 0.0024739 0.0381221 0.0642256 0.00029574 
0.0783931 0.0393597 0.00295312 0.111181 0.588729 0.0105293 0.167915 0.000194967 0.000743605 
0.149526 0.011016 0.00105684 0.0316507 0.568602 0.031894 0.0909821 0.1143 0.000971812 
0.010903 0.0180331 0.000184193 0.00081951 0.960588 0.00465475 0.00188027 0.0022868 0.000650005 
0.0492336 0.0398701 0.0309336 0.123549 0.689383 0.000359 0.0666714 5.71598e-09 1.37919e-08 
0.117213 0.140643 0.0018617 0.0358707 0.560419 0.0833921 0.0532124 1.70802e-05 0.0073718 
5.5783e-06 5.57804e-06 0.0139494 5.57795e-06 0.640215 5.57754e-06 0.289484 0.0362554 0.0200741 
0.078137 0.0515711 0.00250688 0.0473283 0.683833 0.0108864 0.119659 0.00601942 5.86624e-05 
0.145773 0.00872663 0.0350114 0.0218729 0.77529 0.00246784 0.010795 6.34004e-05 6.2679e-09 
2.95103e-06 0.00166431 5.43096e-06 0.100518 0.876863 2.91033e-05 0.011614 1.26658e-06 0.00930171 
0.0844123 0.0375146 0.0334588 0.203942 0.612442 0.0123268 0.0154062 0.000460567 3.69848e-05 
0.351203 0.0212226 0.0001014 0.0138939 0.464113 6.50566e-06 0.149073 2.41117e-05 0.000362211 
0.0633561 0.0058096 0.0263813 0.0299268 0.607753 0.0072948 0.259472 2.07216e-06 4.4088e-06 
0.0607197 0.0302394 0.00142444 0.150667 0.670848 0.0711766 0.0147469 4.06629e-06 0.000173408 
0.0201077 0.0105389 0.0047761 0.00132512 0.962166 0.000749696 0.000175617 0.000160782 1.24564e-09 
0.114759 0.0783628 0.00230528 0.102089 0.546504 0.000695173 0.0880413 0.00325133 0.0639922 
0.00671567 0.000321284 0.00088657 0.00487021 0.979422 0.00636197 0.000231105 0.00119136 2.16641e-09 
0.0626994 0.009065 0.00146803 0.0951599 0.557001 0.0767275 0.193246 0.00335511 0.00127842 
1.43933e-06 2.87913e-07 6.44654e-07 0.00104142 0.901688 3.65752e-11 0.0843115 0.000745809 0.0122104 
0.0914081 0.000351932 0.0181951 0.00502021 0.882326 5.06548e-06 0.00252623 3.36942e-05 0.000133437 
0.010903 0.0180331 0.000184193 0.00081951 0.960588 0.00465475 0.00188027 0.0022868 0.000650005 
0.00100727 2.54684e-05 0.0203574 9.9306e-06 0.977604 1.1597e-05 0.000693404 2.74559e-05 0.000263213 
0.0468749 0.279439 0.00991575 0.167862 0.406546 0.0424727 0.0455107 0.0011749 0.000204096 
0.0079225 7.51256e-05 0.000182785 0.0569975 0.919505 7.43796e-05 0.0133161 0.000616374 0.00130971 
0.168944 0.0415726 0.0332564 0.0548435 0.533022 0.0561688 0.111961 7.99328e-05 0.000151351 
0.0905296 0.0217772 0.011075 0.244019 0.527481 0.0024739 0.0381221 0.0642256 0.00029574 
0.173083 0.0536491 0.133179 0.0283721 0.516183 0.0168495 0.0571464 0.000675613 0.0208631 
0.194889 0.0403953 0.00116385 0.279116 0.412112 0.0597927 0.0123081 0.000176455 4.722e-05 
0.00671567 0.000321284 0.00088657 0.00487021 0.979422 0.00636197 0.000231105 0.00119136 2.16641e-09 
0.148432 0.0162774 0.00306646 0.0684453 0.57768 0.00031072 0.185623 0.000137968 2.70656e-05 
0.0020778 2.059e-07 7.50484e-08 6.87937e-11 0.86054 1.23282e-10 0.135621 0.00175905 2.33958e-06 
0.0438934 0.146764 0.00894757 0.0360056 0.505095 0.000536357 0.0900774 0.16823 0.000450021 
0.199403 0.0593661 0.001866 0.0444502 0.400033 0.000154059 0.292137 0.00010148 0.00248917 
0.0125145 0.0165647 0.000465043 0.0238416 0.932206 0.00275558 0.0115752 7.6286e-05 1.2047e-06 
0.0370646 2.4382e-06 0.0039032 0.0872886 0.627935 0.00902295 0.203576 0.0299861 0.00122078 
0.00671567 0.000321284 0.00088657 0.00487021 0.979422 0.00636197 0.000231105 0.00119136 2.16641e-09 
0.0455126 0.0273126 0.0337318 0.23655 0.633218 0.000554375 0.020539 0.0025464 3.53671e-05 
0.00316469 0.00024346 0.000596878 6.42571e-05 0.995096 0.000243417 1.73239e-05 0.000574095 5.27113e-13 
0.00274253 0.000934005 0.000173025 0.0254192 0.919468 1.08961e-10 0.0391256 0.00330697 0.00883106 
0.010903 0.0180331 0.000184193 0.00081951 0.960588 0.00465475 0.00188027 0.0022868 0.000650005 
0.010903 0.0180331 0.000184193 0.00081951 0.960588 0.00465475 0.00188027 0.0022868 0.000650005 
0.117484 0.100605 0.00865267 0.00580166 0.541034 0.0115305 0.212611 0.00214714 0.000134503 
0.010903 0.0180331 0.000184193 0.00081951 0.960588 0.00465475 0.00188027 0.0022868 0.000650005 
2.6632e-07 5.21643e-07 0.00114945 9.99617e-07 0.776237 1.51326e-07 0.221723 0.000886846 1.69086e-06 
0.0132737 0.0805556 0.000677723 0.00114637 0.810937 0.0152792 0.0773257 1.70672e-06 0.000802732 
0.0548857 0.010359 0.000515532 0.0184914 0.863673 0.0439628 0.00557049 0.00254169 5.77069e-13 
0.117213 0.140643 0.0018617 0.0358707 0.560419 0.0833921 0.0532124 1.70802e-05 0.0073718 
0.350025 0.0820243 0.000644518 0.0158828 0.406901 0.0190995 0.124729 3.90906e-07 0.00069474 
0.0159138 0.00927999 3.05238e-06 0.0502087 0.786857 4.57282e-05 0.136884 0.000305778 0.00050155 
0.0687906 0.0523921 0.00103357 0.00795393 0.765717 0.00231304 0.101239 0.000547385 1.39466e-05 
0.0501959 0.171888 0.0290764 0.223183 0.480265 0.00854122 0.0368205 1.62164e-05 1.34609e-05 
0.0242115 0.133661 0.00631362 0.147374 0.367945 2.20621e-06 0.320487 5.02811e-09 5.83931e-06 
0.00501484 0.0189789 0.00361991 0.378564 0.520478 0.000470361 0.0725655 0.000118591 0.000189407 
0.010903 0.0180331 0.000184193 0.00081951 0.960588 0.00465475 0.00188027 0.0022868 0.000650005 
0.0073571 0.0153368 0.000955825 0.0110515 0.917321 0.000390909 0.0369757 0.0105828 2.88124e-05 
0.0523892 0.0512224 0.0166717 1.8145e-05 0.45504 0.0166877 0.33165 0.000275967 0.0760449 
0.103797 0.161052 0.000674552 0.0552018 0.541067 0.0138871 0.0825947 2.61941e-06 0.0417227 
0.155554 0.0143188 0.0194915 0.0421189 0.582964 0.000782872 0.184226 0.000533347 1.01273e-05 
0.0548857 0.010359 0.000515532 0.0184914 0.863673 0.0439628 0.00557049 0.00254169 5.77069e-13 
0.010903 0.0180331 0.000184193 0.00081951 0.960588 0.00465475 0.00188027 0.0022868 0.000650005 
0.199222 0.273545 0.205012 0.0444931 0.276324 0.000179706 0.00121189 2.34557e-06 1.02392e-05 
7.29472e-06 4.31802e-05 0.000159885 9.28608e-06 0.962834 1.59736e-05 0.0368816 6.65555e-07 4.83152e-05 
0.00671567 0.000321284 0.00088657 0.00487021 0.979422 0.00636197 0.000231105 0.00119136 2.16641e-09 
0.00723761 0.00148342 1.4246e-05 0.000408573 0.971545 1.55266e-05 0.0176498 0.000397286 0.00124888 
0.0493984 0.0328804 0.023127 0.0300332 0.631644 0.00814077 0.223864 0.000326412 0.000586566 
0.256708 0.027503 0.0139202 0.0139765 0.654394 2.6584e-05 0.033469 2.44091e-06 4.68574e-07 
0.15762 0.123061 0.0228948 0.0603949 0.427941 0.0152267 0.191092 7.5413e-05 0.0016941 
0.103628 0.0581776 0.000503229 0.235188 0.361481 0.197275 0.0403366 0.00265271 0.000757904 
0.192427 0.0497378 0.0100549 0.332797 0.346798 0.00044175 0.0674703 0.000174313 9.86585e-05 
0.00234478 0.000427286 0.000258262 0.000251047 0.995964 0.000394549 0.000242283 0.000117328 2.74527e-07 
0.157954 0.0369787 0.00151453 0.0176818 0.746891 0.00416646 0.0328921 0.00161334 0.000308064 
0.0790809 0.145412 0.0339186 0.0440975 0.588847 0.0900338 0.0181633 0.000444444 2.52763e-06 
0.00671567 0.000321284 0.00088657 0.00487021 0.979422 0.00636197 0.000231105 0.00119136 2.16641e-09 
0.0635043 0.299158 0.00763554 0.0172288 0.540113 0.0614763 0.00814547 7.45614e-06 0.00273097 
0.010903 0.0180331 0.000184193 0.00081951 0.960588 0.00465475 0.00188027 0.0022868 0.000650005 
0.386105 0.0287754 0.0156257 0.0601571 0.388992 0.0274861 0.085009 0.00273629 0.00511272 
0.0316586 0.0629631 0.0244235 0.126111 0.42576 0.0306329 0.298047 1.66925e-05 0.000386993 
3.9141e-09 3.11759e-05 1.8356e-08 3.05016e-05 0.999901 3.68422e-05 1.67653e-08 3.03197e-08 7.31575e-08 
1.32953e-07 0.0129599 3.05627e-11 0.00239779 0.970486 0.00102495 0.0131306 5.04824e-11 3.16821e-07 
0.277398 0.149544 0.000104826 0.0347912 0.281449 0.0015653 0.254411 1.45235e-07 0.000735618 
0.129344 0.0263553 0.0211693 0.0266673 0.426827 0.000373486 0.29523 0.073841 0.000192774 
0.135134 0.0489258 0.000274897 0.0323666 0.538353 0.117973 0.12682 0.00011872 3.26601e-05 
0.0497973 0.0340281 0.0157725 0.298512 0.555329 0.00131434 0.0447519 0.000456216 3.89579e-05 
0.0204098 0.0148927 0.000797054 0.052554 0.857269 0.000187696 0.0538677 2.18456e-05 7.99448e-08 
0.0598937 0.00472647 9.70911e-05 0.0276075 0.504849 0.00471762 0.114967 0.282951 0.000191332 
0.0674961 0.0141287 0.158519 0.00181765 0.711444 3.86918e-05 0.0463137 0.000240733 1.78282e-06 
0.113632 0.00731228 0.00887284 0.0950227 0.426639 0.0102994 0.24635 0.0132158 0.0786567 
0.0133557 0.0865938 0.0027381 0.00293453 0.713103 0.0154852 0.165647 0.00013897 3.46858e-06 
0.002141 4.89633e-05 0.00953556 0.0275184 0.738456 2.65432e-05 0.221162 2.89743e-05 0.00108238 
0.159221 0.0519776 1.27616e-06 2.51797e-06 0.610661 1.82589e-06 0.176335 0.00179883 9.39108e-07 
0.23086 0.0689897 0.00560238 0.0585226 0.494801 0.0674361 0.0731967 0.000586307 4.93124e-06 
0.0905296 0.0217772 0.011075 0.244019 0.527481 0.0024739 0.0381221 0.0642256 0.00029574 
0.112813 0.0921983 0.022731 0.0998101 0.496239 0.00683805 0.162295 0.00482623 0.00224946 
0.0414796 0.0155379 0.000327054 0.0302776 0.59989 0.00038075 0.304532 0.0017677 0.00580794 
0.0799013 0.0136762 0.022537 0.03049 0.748629 1.42834e-05 0.104655 4.64512e-05 5.04424e-05 
0.0131728 0.0417188 0.00057927 0.000153174 0.543851 0.000423446 0.399926 2.93281e-05 0.000146538 
0.00588049 0.0119009 0.0167581 0.00309561 0.856838 0.00258796 0.102467 0.000408786 6.35927e-05 
0.00465717 0.00120134 2.20872e-05 7.94287e-07 0.99369 0.0001622 5.83469e-05 0.000207952 9.29293e-12 
0.0621655 0.024316 0.00357478 0.403715 0.42231 6.15709e-05 0.083134 6.88634e-06 0.000716322 
0.276084 0.00282208 0.0515031 0.00517796 0.465671 1.4567e-05 0.197491 2.0298e-05 0.00121614 
0.0337656 0.04439 0.00158544 0.330311 0.45352 0.000706485 0.13493 0.000706701 8.48584e-05 
0.024696 0.0195046 0.00117972 3.17191e-05 0.828697 8.23255e-08 0.119246 2.78355e-05 0.00661735 
0.202062 0.123358 0.0283043 0.199032 0.394165 0.0489001 0.00262677 1.94558e-05 0.00153224 
0.352665 0.00146233 0.0690522 0.0374976 0.423002 0.0109685 0.10222 1.0462e-05 0.00312231 
0.00671567 0.000321284 0.00088657 0.00487021 0.979422 0.00636197 0.000231105 0.00119136 2.16641e-09 
0.244833 0.0627446 0.00178436 0.0792818 0.515587 0.00559521 0.0782028 0.0117284 0.00024309 
0.11416 0.00741987 0.0462177 0.0229185 0.703857 0.0136801 0.0908923 0.000473934 0.000380408 
0.010903 0.0180331 0.000184193 0.00081951 0.960588 0.00465475 0.00188027 0.0022868 0.000650005 
0.00614916 0.00536287 1.06505e-05 0.0150508 0.911469 0.000252619 0.0405391 0.00435064 0.0168154 
0.0207089 0.00737726 0.0040455 0.217304 0.660781 0.00404015 0.0850065 7.37872e-05 0.000663007 
0.0736048 0.0929645 0.00130918 0.00318524 0.524936 0.00767603 0.293763 0.000289864 0.00227095 
0.116216 4.04899e-06 4.04862e-06 0.0360396 0.482936 4.04863e-06 0.348596 0.0161967 4.04649e-06 
0.0335065 0.341101 0.0257232 0.0373729 0.465747 0.00907665 0.0865906 5.38352e-05 0.000828955 
0.00671567 0.000321284 0.00088657 0.00487021 0.979422 0.00636197 0.000231105 0.00119136 2.16641e-09 
0.0162551 0.0377978 0.0172241 0.036746 0.810232 1.41604e-05 0.0817293 4.25527e-07 1.02674e-06 
0.0229756 0.063413 0.00983662 0.15593 0.682567 0.00138737 0.0587617 0.000367541 0.00476131 
0.0881963 0.113171 0.0122682 0.0550021 0.611186 0.0178978 0.101602 0.000138311 0.000538429 
0.0436264 0.0723854 0.00173623 0.0356238 0.736886 0.0071342 0.102474 0.000112102 2.13947e-05 
0.0338853 0.00543547 0.00808198 0.0374486 0.901832 0.00872185 0.00407385 0.00048751 3.37105e-05 
0.00316469 0.00024346 0.000596878 6.42571e-05 0.995096 0.000243417 1.73239e-05 0.000574095 5.27113e-13 
0.136532 0.192334 0.0258498 0.0327026 0.565487 0.0347558 0.0102115 0.000935648 0.00119185 
0.0896872 0.146467 0.167407 0.134995 0.425743 0.000497655 0.0348634 0.000340112 3.22169e-08 
0.342255 0.0883798 0.00377604 0.0298986 0.353483 0.00665054 0.171657 2.17234e-05 0.00387814 
0.010903 0.0180331 0.000184193 0.00081951 0.960588 0.00465475 0.00188027 0.0022868 0.000650005 
0.00671567 0.000321284 0.00088657 0.00487021 0.979422 0.00636197 0.000231105 0.00119136 2.16641e-09 
0.010903 0.0180331 0.000184193 0.00081951 0.960588 0.00465475 0.00188027 0.0022868 0.000650005 
0.0899414 0.0101652 0.0080193 0.0598474 0.729259 0.00143435 0.0987225 0.000930462 0.00168007 
0.195052 0.15844 0.0220528 0.118219 0.366752 0.00740744 0.131589 0.000192072 0.000295419 
0.00126992 0.00117855 4.85777e-10 0.00329034 0.994247 3.37833e-06 4.97859e-06 1.99063e-06 3.41817e-06 
0.00671567 0.000321284 0.00088657 0.00487021 0.979422 0.00636197 0.000231105 0.00119136 2.16641e-09 
0.00587576 0.00615931 0.00472874 0.0143366 0.968894 1.93374e-06 3.18051e-06 2.63337e-09 6.35397e-09 
0.0970156 0.0152112 0.00144788 0.078333 0.756849 0.0373806 0.0117657 0.00198419 1.28537e-05 
0.00362229 0.0846688 3.44648e-05 0.024386 0.813869 0.0046491 0.0686126 0.000157349 1.26692e-08 
0.346597 0.0160461 0.0437993 0.037203 0.394732 0.00217095 0.158417 0.000833683 0.000200971 
0.244449 0.285201 0.000687067 0.00466339 0.293348 0.0181715 0.15314 0.000340335 1.25014e-08 
0.0986262 0.113172 4.04216e-05 0.00316827 0.443854 0.0092248 0.330977 0.000360493 0.000577204 
0.010903 0.0180331 0.000184193 0.00081951 0.960588 0.00465475 0.00188027 0.0022868 0.000650005 
0.00189751 0.000243463 3.70527e-05 4.75069e-06 0.997253 0.000311453 4.21198e-09 0.000252815 6.50949e-13 
0.0585653 0.0392664 0.00141481 0.0544131 0.764189 0.00517879 0.0768682 9.50884e-05 8.89279e-06 
0.0827478 0.117002 0.0012919 0.0272245 0.445373 0.00528765 0.320306 0.000692296 7.48206e-05 
0.0966726 0.0228919 0.00482098 0.106085 0.448353 0.000967188 0.317373 8.01988e-05 0.00275588 
0.010903 0.0180331 0.000184193 0.00081951 0.960588 0.00465475 0.00188027 0.0022868 0.000650005 
0.0776336 0.0142011 0.014602 0.177929 0.442005 0.00609626 0.267148 4.80616e-05 0.000337219 
0.00608775 0.0306675 0.00465293 0.174887 0.780269 8.10499e-09 0.00325745 1.35602e-08 0.000177731 
0.0338853 0.00543547 0.00808198 0.0374486 0.901832 0.00872185 0.00407385 0.00048751 3.37105e-05 
0.34222 0.00709729 0.0681885 0.0424014 0.399009 0.0079455 0.132432 0.000375809 0.000330331 
0.166678 0.0388107 0.00173763 0.0288742 0.610084 0.132239 0.0174653 0.00120101 0.0029103 
0.198865 0.0511827 0.0656486 0.269986 0.33608 9.39794e-05 0.0747511 0.00334842 4.48239e-05 
0.010903 0.0180331 0.000184193 0.00081951 0.960588 0.00465475 0.00188027 0.0022868 0.000650005 
0.156164 0.0634299 0.0551007 0.2042 0.499238 0.000239314 0.0126403 0.000526083 0.00846211 
0.0781595 0.064259 0.0425842 0.0268563 0.710203 0.003802 0.0700445 0.000481505 0.0036101 
0.106514 0.0297687 1.09273e-05 0.00459958 0.460494 0.000113226 0.395019 0.00346599 1.53074e-05 
0.0413756 0.100736 0.176875 0.17135 0.334508 0.000154738 0.145107 0.00023265 0.0296613 
0.0618358 0.0627508 0.0453829 0.0135207 0.810733 0.00423909 0.00151058 2.70747e-05 2.1492e-11 
0.0131063 0.0198666 0.000546237 0.00928858 0.881131 0.00398708 0.0718272 0.000244413 2.16354e-06 
0.391203 0.022253 0.0155785 0.0206523 0.43236 0.018461 0.0974782 8.70035e-05 0.00192632 
0.010903 0.0180331 0.000184193 0.00081951 0.960588 0.00465475 0.00188027 0.0022868 0.000650005 
0.0476359 0.0811575 0.0515602 0.0116959 0.794392 0.00734449 0.00607049 4.78335e-05 9.6251e-05 
0.010903 0.0180331 0.000184193 0.00081951 0.960588 0.00465475 0.00188027 0.0022868 0.000650005 
0.109742 0.0477611 0.00189597 0.204145 0.492981 0.00551718 0.136258 0.00167847 2.07688e-05 
0.1347 0.0766379 0.0583632 0.0739975 0.489689 0.1205 0.0455961 0.000480658 3.55976e-05 
1.34598e-05 0.238241 0.0269293 0.0376986 0.514034 0.0928736 0.0901832 1.34564e-05 1.34508e-05 
0.00487555 0.100592 0.00011847 0.0117226 0.820663 3.52384e-06 0.00954769 0.0458036 0.00667391 
0.010903 0.0180331 0.000184193 0.00081951 0.960588 0.00465475 0.00188027 0.0022868 0.000650005 
0.330166 0.0292695 0.00275186 0.111845 0.389218 0.0293167 0.10669 0.000530621 0.000213008 
0.0548857 0.010359 0.000515532 0.0184914 0.863673 0.0439628 0.00557049 0.00254169 5.77069e-13 
7.66187e-07 0.0190059 4.11715e-06 1.37458e-10 0.651368 2.46332e-10 0.32962 8.65884e-07 1.19429e-06 
0.0729731 0.0601228 0.0268084 0.171365 0.526577 5.01749e-06 0.141654 0.000459665 3.44492e-05 
0.0528066 0.114739 0.0397575 0.0134891 0.745092 0.0203196 0.0134474 0.000268205 8.06152e-05 
0.0987506 0.0457736 0.00133018 0.0418285 0.433815 0.00103445 0.375109 0.00148147 0.000877088 
0.0213792 0.0413251 0.015942 0.0894879 0.799913 0.00495913 0.0268612 0.000128628 4.31708e-06 
0.0120892 0.0291546 0.00294052 0.0156499 0.907539 0.00521771 0.0204348 0.00697409 3.43739e-08 
0.0764153 0.02186 0.00377482 0.0173424 0.664859 0.172405 0.0400008 0.00186746 0.00147568 
0.0599381 0.0551757 0.0160681 0.023833 0.782434 0.0504743 0.0116167 0.000246116 0.000214335 
0.0591762 0.00218069 3.11444e-07 0.00625437 0.830621 2.4183e-07 0.100596 0.00117098 5.03181e-10 
0.010903 0.0180331 0.000184193 0.00081951 0.960588 0.00465475 0.00188027 0.0022868 0.000650005 
0.0382126 0.061199 0.0175689 0.00649376 0.829453 0.00755061 0.0387312 0.000788371 2.27769e-06 
0.114634 0.00422327 0.00973217 0.0401306 0.699914 4.86746e-08 0.12889 0.00247629 2.37938e-07 
0.050972 0.00391032 2.0927e-05 9.51934e-05 0.917112 0.00857307 0.00577337 0.00290349 0.0106393 
0.169848 0.0139016 0.00450266 0.00481174 0.55296 0.000285768 0.241473 1.93819e-05 0.0121983 
0.0191555 0.13331 0.00165333 0.0364763 0.513898 0.00681028 0.288518 0.00011079 6.71151e-05 
0.0248457 0.00270206 2.4023e-05 8.00719e-05 0.735576 3.58332e-06 0.231515 0.0052394 1.35953e-05 
0.0558912 0.0462662 0.000326461 0.0103522 0.791445 0.000141586 0.0864484 0.00912872 4.15744e-07 
0.00324119 0.0120245 0.000153704 0.00195453 0.844899 0.0678528 0.069069 0.000805111 6.4421e-08 
0.010903 0.0180331 0.000184193 0.00081951 0.960588 0.00465475 0.00188027 0.0022868 0.000650005 
0.00376098 0.00676127 7.46101e-05 0.000137343 0.988813 0.000134274 6.99235e-05 0.000248858 7.69224e-13 
0.00671567 0.000321284 0.00088657 0.00487021 0.979422 0.00636197 0.000231105 0.00119136 2.16641e-09 
0.010903 0.0180331 0.000184193 0.00081951 0.960588 0.00465475 0.00188027 0.0022868 0.000650005 
0.010903 0.0180331 0.000184193 0.00081951 0.960588 0.00465475 0.00188027 0.0022868 0.000650005 
0.0663028 0.16079 0.00673298 0.23155 0.33331 0.000987859 0.19818 9.55425e-08 0.00214545 
0.00453832 0.00330394 0.00662106 0.000321045 0.983482 0.00131971 0.000361244 5.1201e-05 1.90218e-06 
0.141897 0.191814 0.0243432 0.029644 0.564123 0.0372943 0.00988648 0.000997642 5.62238e-07 
0.00189751 0.000243463 3.70527e-05 4.75069e-06 0.997253 0.000311453 4.21198e-09 0.000252815 6.50949e-13 
0.0443594 0.375006 0.000258759 0.0221797 0.422838 0.000941355 0.134313 2.68549e-06 0.00010194 
0.01345 0.000705643 0.000319056 0.00115062 0.983764 0.000123389 0.00035655 0.000130319 1.43483e-09 
0.00465717 0.00120134 2.20872e-05 7.94287e-07 0.99369 0.0001622 5.83469e-05 0.000207952 9.29293e-12 
0.234467 0.0587142 0.0163575 0.0683079 0.418722 0.0503721 0.108587 0.00153594 0.042937 
0.0342858 0.046917 0.0614461 0.0227749 0.629243 7.19403e-05 0.205201 5.15785e-05 9.09202e-06 
0.00189751 0.000243463 3.70527e-05 4.75069e-06 0.997253 0.000311453 4.21198e-09 0.000252815 6.50949e-13 
0.0970156 0.0152112 0.00144788 0.078333 0.756849 0.0373806 0.0117657 0.00198419 1.28537e-05 
0.118035 0.0395796 0.000311237 0.0379216 0.644757 0.00101322 0.157397 1.87859e-05 0.000966955 
0.0216096 0.00651119 0.000524746 0.00680583 0.780534 0.000967547 0.178482 0.00207074 0.00249385 
0.000877438 0.0300565 0.000253818 0.00249629 0.862431 0.0266836 0.0647826 0.00655977 0.00585844 
0.373136 0.00135196 0.0215925 0.00723925 0.577883 0.00850285 0.0042977 0.000894762 0.00510238 
0.0143855 0.0693296 0.000644475 0.00349968 0.776359 0.00465836 0.128551 0.000480104 0.00209263 
0.220725 1.35275e-06 0.00618211 0.00286371 0.446923 1.66998e-06 0.0888623 2.09587e-06 0.234439 
0.0112125 0.0149424 0.000214278 0.00322568 0.953953 1.23842e-07 0.0163642 8.76806e-05 3.87616e-07 
0.0310138 0.0329528 0.00557775 0.00937615 0.896142 0.0205146 0.00412193 0.000235337 6.60404e-05 
0.000877438 0.0300565 0.000253818 0.00249629 0.862431 0.0266836 0.0647826 0.00655977 0.00585844 
0.0548857 0.010359 0.000515532 0.0184914 0.863673 0.0439628 0.00557049 0.00254169 5.77069e-13 
0.0280277 0.206496 0.000173404 0.000398425 0.361395 0.149093 0.254274 0.000141842 1.44346e-07 
0.148555 0.0332325 0.00621938 0.0289089 0.628122 0.0193874 0.13474 0.000228569 0.000607263 
0.000877438 0.0300565 0.000253818 0.00249629 0.862431 0.0266836 0.0647826 0.00655977 0.00585844 
0.0934725 0.00027269 0.0203278 0.0623817 0.761969 3.61061e-05 0.054685 0.00573539 0.00112 
0.391203 0.022253 0.0155785 0.0206523 0.43236 0.018461 0.0974782 8.70035e-05 0.00192632 
0.0510627 0.00409775 0.00284475 0.0114593 0.924928 0.0051629 3.3543e-08 0.000444331 1.98065e-12 
0.177019 0.164163 0.0310543 0.126578 0.311605 0.00164754 0.18021 0.00221779 0.00550581 
0.00141764 0.00880187 9.52126e-07 0.00540099 0.791609 7.88816e-07 0.192768 4.15493e-07 1.54024e-07 
0.00474404 0.00452976 0.0138935 0.0396667 0.510197 3.98561e-05 0.422347 0.00449968 8.2411e-05 
0.0548857 0.010359 0.000515532 0.0184914 0.863673 0.0439628 0.00557049 0.00254169 5.77069e-13 
0.186189 0.00165553 0.0101778 0.197197 0.559096 0.000238133 0.0441163 2.85622e-06 0.00132683 
0.147261 0.0419297 0.000159471 0.0485625 0.604685 0.0188223 0.138551 2.29239e-09 2.92738e-05 
0.0378442 1.49462e-05 1.00515e-06 1.36187e-05 0.783071 6.37802e-05 0.178988 5.12113e-09 3.51354e-06 
0.083561 0.0761598 0.00597921 0.00277476 0.784959 0.000291721 0.0462624 2.94659e-06 9.20404e-06 
0.119594 0.00180333 0.0810444 3.01698e-05 0.570177 1.59222e-05 0.0578292 1.85732e-06 0.169504 
0.010903 0.0180331 0.000184193 0.00081951 0.960588 0.00465475 0.00188027 0.0022868 0.000650005 
0.1347 0.0766379 0.0583632 0.0739975 0.489689 0.1205 0.0455961 0.000480658 3.55976e-05 
0.120641 0.0353397 0.0530172 0.0628878 0.560962 9.08113e-05 0.165199 2.2905e-05 0.00183887 
0.000894812 1.97443e-06 4.19221e-06 0.00161899 0.994137 0.0033152 3.82893e-06 6.92454e-06 1.6708e-05 
0.010903 0.0180331 0.000184193 0.00081951 0.960588 0.00465475 0.00188027 0.0022868 0.000650005 
0.198581 0.0402664 0.00636134 0.0442608 0.462363 0.00144964 0.213254 0.00523866 0.0282254 
0.010903 0.0180331 0.000184193 0.00081951 0.960588 0.00465475 0.00188027 0.0022868 0.000650005 
0.0429666 0.0481696 0.00191576 0.15297 0.615119 0.000376504 0.136648 8.32823e-07 0.00183451 
0.0437312 0.100216 0.00728953 0.168561 0.509784 0.00218454 0.167 0.000515158 0.000718865 
0.010903 0.0180331 0.000184193 0.00081951 0.960588 0.00465475 0.00188027 0.0022868 0.000650005 
0.160779 0.0348291 0.00762016 0.295102 0.379212 0.00156093 0.119697 0.00116023 4.01792e-05 
0.0976325 0.0774973 0.000339821 0.00777734 0.747935 0.0118079 0.0556685 0.000149761 0.00119207 
0.0548857 0.010359 0.000515532 0.0184914 0.863673 0.0439628 0.00557049 0.00254169 5.77069e-13 
0.0509039 0.102326 4.5098e-05 0.000526423 0.510744 0.0740217 0.261116 0.000310616 6.16417e-06 
0.132115 0.0124535 0.00744037 0.0754121 0.480082 1.29415e-05 0.290478 5.28001e-05 0.00195295 
0.00458675 0.000301459 0.00386392 0.20638 0.68905 0.0258287 0.00928038 0.0289969 0.0317121 
0.0500942 0.0207941 0.0109814 0.0423816 0.835579 0.0120133 0.0245492 0.00279019 0.000816826 
0.0790809 0.145412 0.0339186 0.0440975 0.588847 0.0900338 0.0181633 0.000444444 2.52763e-06 
1.25056e-06 8.44211e-07 3.86646e-08 9.04833e-05 0.970337 2.04227e-06 0.0268855 0.00111563 0.00156752 
0.0645289 0.0182531 0.253276 0.213466 0.428944 0.00338546 0.0176999 0.00044536 1.63478e-06 
0.143345 0.00899145 0.0259012 0.0337173 0.730633 0.00317075 0.0541273 9.74032e-05 1.70762e-05 
0.00478803 0.00259196 9.99992e-05 0.000937564 0.834248 7.42297e-05 0.157118 0.000100381 4.23051e-05 
3.24721e-06 0.218531 0.0126656 0.207811 0.486949 3.24677e-06 0.0652643 0.00876849 3.24505e-06 
0.20996 0.209551 0.0434332 0.0100554 0.259577 2.04818e-06 0.225653 0.0417688 3.35806e-08 
0.27511 0.00192606 0.000754171 0.0314898 0.388654 6.76526e-07 0.293977 0.00716898 0.000919911 
0.297648 0.0896724 0.00764296 0.0260133 0.376038 0.0413142 0.144548 0.00794496 0.00917871 
0.123344 0.110165 0.00173459 0.109405 0.61724 0.0357777 0.00224013 4.02911e-06 9.00034e-05 
0.129344 0.0263553 0.0211693 0.0266673 0.426827 0.000373486 0.29523 0.073841 0.000192774 
0.010903 0.0180331 0.000184193 0.00081951 0.960588 0.00465475 0.00188027 0.0022868 0.000650005 
0.010903 0.0180331 0.000184193 0.00081951 0.960588 0.00465475 0.00188027 0.0022868 0.000650005 
0.0373189 0.248393 0.0195096 0.00333035 0.644232 0.0250261 0.0199243 0.00224138 2.48707e-05 
0.0338853 0.00543547 0.00808198 0.0374486 0.901832 0.00872185 0.00407385 0.00048751 3.37105e-05 
0.00733296 0.0153652 0.0187464 1.06941e-05 0.927401 1.21646e-05 0.0296607 0.00146967 1.5146e-06 
0.0905296 0.0217772 0.011075 0.244019 0.527481 0.0024739 0.0381221 0.0642256 0.00029574 
0.00671567 0.000321284 0.00088657 0.00487021 0.979422 0.00636197 0.000231105 0.00119136 2.16641e-09 
0.251047 0.0325651 0.0145927 0.0703607 0.45872 0.000210044 0.136667 0.000711971 0.0351265 
0.010903 0.0180331 0.000184193 0.00081951 0.960588 0.00465475 0.00188027 0.0022868 0.000650005 
0.182741 0.0423448 0.0264394 0.0183576 0.340449 0.0836123 0.29816 0.00735945 0.000535768 
0.135134 0.0489258 0.000274897 0.0323666 0.538353 0.117973 0.12682 0.00011872 3.26601e-05 
0.125622 0.0370929 0.0153603 0.259182 0.454921 0.00624286 0.101545 3.20958e-05 1.79981e-06 
0.109138 0.0211275 6.01582e-05 0.0114153 0.557008 0.00326537 0.246516 0.0154865 0.0359838 
0.010903 0.0180331 0.000184193 0.00081951 0.960588 0.00465475 0.00188027 0.0022868 0.000650005 
0.00478803 0.00259196 9.99992e-05 0.000937564 0.834248 7.42297e-05 0.157118 0.000100381 4.23051e-05 
0.117513 0.000925941 0.00113791 0.0620693 0.773015 0.00459344 0.0404738 0.000244317 2.70578e-05 
0.103628 0.0581776 0.000503229 0.235188 0.361481 0.197275 0.0403366 0.00265271 0.000757904 
0.010903 0.0180331 0.000184193 0.00081951 0.960588 0.00465475 0.00188027 0.0022868 0.000650005 
0.261508 0.174773 0.000954321 0.104293 0.411484 0.035317 0.0115064 7.31429e-05 9.09809e-05 
0.0970156 0.0152112 0.00144788 0.078333 0.756849 0.0373806 0.0117657 0.00198419 1.28537e-05 
0.0453994 0.104969 0.00103654 0.0134509 0.55922 0.000149177 0.27069 0.000764696 0.00432012 
0.0206085 0.00399772 0.0110159 0.049648 0.852762 0.0312572 0.0306575 5.30865e-05 2.81281e-10 
0.1347 0.0766379 0.0583632 0.0739975 0.489689 0.1205 0.0455961 0.000480658 3.55976e-05 
0.0315818 0.0555048 0.000724713 0.0014874 0.910091 0.000363849 0.000188948 5.72158e-05 2.80773e-12 
4.64357e-06 4.64335e-06 4.64293e-06 0.00279061 0.751585 4.64293e-06 0.182475 0.0269305 0.0362003 
0.00234478 0.000427286 0.000258262 0.000251047 0.995964 0.000394549 0.000242283 0.000117328 2.74527e-07 
0.0351605 0.070792 0.000178959 0.0725782 0.689996 0.0748889 0.0561612 0.000216638 2.77699e-05 
0.0790809 0.145412 0.0339186 0.0440975 0.588847 0.0900338 0.0181633 0.000444444 2.52763e-06 
0.127247 0.0672404 4.8864e-05 0.0501049 0.630182 0.0472365 0.0733333 0.00230766 0.00230008 
0.0494366 0.0471262 0.0038877 0.0320332 0.73219 0.00349418 0.129823 0.000148115 0.0018615 
0.00671567 0.000321284 0.00088657 0.00487021 0.979422 0.00636197 0.000231105 0.00119136 2.16641e-09 
0.010903 0.0180331 0.000184193 0.00081951 0.960588 0.00465475 0.00188027 0.0022868 0.000650005 
0.0510627 0.00409775 0.00284475 0.0114593 0.924928 0.0051629 3.3543e-08 0.000444331 1.98065e-12 
0.0338853 0.00543547 0.00808198 0.0374486 0.901832 0.00872185 0.00407385 0.00048751 3.37105e-05 
0.0473458 1.08921e-05 2.50341e-06 0.0318873 0.920735 2.02675e-06 1.60478e-05 9.49013e-10 2.28985e-09 
0.172075 0.0628885 0.0238498 0.0175999 0.483833 0.0199952 0.191333 0.020829 0.00759674 
0.0905296 0.0217772 0.011075 0.244019 0.527481 0.0024739 0.0381221 0.0642256 0.00029574 
0.100787 0.0841378 0.00283159 0.014263 0.547629 0.00640101 0.243354 0.000584594 1.2388e-05 
0.0573583 0.0993082 0.0454732 0.0482958 0.419346 0.0418391 0.236011 4.13601e-05 0.052328 
0.000523982 0.000523958 0.00052391 0.000523949 0.995809 0.00052391 0.000523918 0.00052385 0.000523633 
0.0575211 0.0185422 0.0479306 0.0398736 0.760117 0.000140873 0.075849 3.75269e-06 2.18119e-05 
0.00113452 7.05846e-05 1.09279e-05 1.44806e-06 0.998506 0.000136189 2.53031e-07 0.000139656 1.96675e-10 
0.010903 0.0180331 0.000184193 0.00081951 0.960588 0.00465475 0.00188027 0.0022868 0.000650005 
0.00682586 0.0184979 1.29792e-06 0.00492575 0.742033 0.000137434 0.227579 1.27306e-07 1.52311e-08 
0.0814459 0.0342355 0.103697 0.0903799 0.403527 0.0247139 0.208176 0.00023282 0.053592 
0.0548857 0.010359 0.000515532 0.0184914 0.863673 0.0439628 0.00557049 0.00254169 5.77069e-13 
0.00497572 0.00571162 0.00232561 0.0625467 0.897302 1.17017e-08 0.0270238 1.95778e-08 0.000114372 
0.0047854 0.00551794 2.88943e-05 0.000342656 0.932309 5.57254e-07 0.0564756 1.32402e-05 0.00052719 
0.0509518 0.0182914 9.79329e-06 0.00113952 0.522258 0.00289848 0.404448 1.8279e-06 1.22241e-06 
0.0420025 0.0164696 0.0137129 0.12744 0.779228 0.0110045 0.00882133 0.00116713 0.000153316 
0.00696653 0.0310476 2.92957e-05 0.000986363 0.960637 1.2147e-09 0.000139882 0.000192895 7.03344e-12 
0.010903 0.0180331 0.000184193 0.00081951 0.960588 0.00465475 0.00188027 0.0022868 0.000650005 
0.010903 0.0180331 0.000184193 0.00081951 0.960588 0.00465475 0.00188027 0.0022868 0.000650005 
0.0733719 0.0546582 0.00127899 0.021331 0.615593 3.10579e-05 0.231547 0.000584893 0.00160414 
0.0043883 4.57656e-05 0.000225035 0.000107123 0.557863 5.03086e-07 0.108908 0.00363007 0.324832 
0.010903 0.0180331 0.000184193 0.00081951 0.960588 0.00465475 0.00188027 0.0022868 0.000650005 
0.0620031 0.0360167 0.0162966 0.0354534 0.785521 0.0455194 0.0165565 0.00262825 5.42373e-06 
0.0841916 0.086838 0.00360485 0.243515 0.317582 0.03146 0.230578 0.00166663 0.000564423 
1.51334e-08 3.34258e-08 7.09713e-08 3.90989e-08 0.999798 7.00675e-08 0.000201011 1.17228e-07 2.82856e-07 
9.74705e-08 2.15287e-07 4.57108e-07 2.51826e-07 0.999996 4.51287e-07 4.17497e-07 7.55034e-07 1.8218e-06 
0.355493 0.0134446 0.00810456 0.0465282 0.533549 0.000253415 0.0426151 3.44781e-06 8.86745e-06 
0.0970156 0.0152112 0.00144788 0.078333 0.756849 0.0373806 0.0117657 0.00198419 1.28537e-05 
0.342474 0.0172482 0.051044 0.0112564 0.43776 0.000383409 0.123901 0.00111952 0.0148139 
0.010903 0.0180331 0.000184193 0.00081951 0.960588 0.00465475 0.00188027 0.0022868 0.000650005 
0.112343 0.0931538 0.00273489 0.012443 0.418878 0.0222312 0.337625 0.000173912 0.000416457 
0.178466 0.0225616 0.074652 0.0300293 0.498576 0.00100703 0.16834 0.000114619 0.0262526 
0.0482536 0.266107 0.000984413 0.015347 0.466707 0.13669 0.0656867 5.49733e-05 0.000169532 
0.0126881 0.0932142 0.0131811 0.153506 0.638039 5.32115e-05 0.0892635 4.13312e-07 5.49232e-05 
0.287646 0.070068 0.004789 0.0417798 0.470721 0.00557308 0.116383 0.00302883 1.11364e-05 
0.00671567 0.000321284 0.00088657 0.00487021 0.979422 0.00636197 0.000231105 0.00119136 2.16641e-09 
0.226475 0.0107882 0.00501458 0.158189 0.489928 7.94996e-10 0.109601 1.33008e-09 5.2791e-06 
0.220335 0.000829397 0.0787881 1.99856e-05 0.472494 1.83148e-06 0.182555 0.000103532 0.0448733 
0.104857 0.0238783 0.00268903 0.223612 0.630771 0.00458395 0.00918403 9.8834e-05 0.000326281 
0.205946 0.195809 0.000761929 0.0230909 0.284147 0.0246652 0.265492 8.73217e-05 1.3411e-06 
0.010903 0.0180331 0.000184193 0.00081951 0.960588 0.00465475 0.00188027 0.0022868 0.000650005 
0.0907347 0.0717123 0.0190743 0.18459 0.356086 0.00147303 0.247625 0.000732888 0.0279711 
0.0537965 0.0739662 0.00101156 0.0222085 0.732093 0.0202242 0.087545 0.00907337 8.14482e-05 
0.0692091 0.0688055 0.0300468 0.0192134 0.616322 0.0403104 0.155825 0.000198652 6.93313e-05 
0.0575087 0.0376573 0.0144679 0.178181 0.46826 0.101588 0.140468 0.00142861 0.000439689 
0.0110905 0.0641818 0.000959141 0.00593875 0.905498 0.00573692 0.00656752 2.6999e-05 1.98645e-07 
0.0275029 0.212654 0.0154497 0.181995 0.42004 0.053642 0.0875908 0.000918045 0.000207334 
0.0157101 0.0286013 3.06199e-05 0.0138131 0.735741 0.00226864 0.203778 5.81536e-05 1.48247e-08 
0.2788 0.0206553 0.16324 0.0246301 0.290321 2.32129e-06 0.22189 0.0004618 5.15297e-07 
0.00158626 9.73966e-05 1.48249e-05 1.90128e-06 0.997918 0.000187638 4.46787e-09 0.000193525 1.5355e-12 
0.107792 0.0167314 0.00930927 0.360167 0.391757 2.25531e-05 0.102926 0.0042351 0.00705958 
0.21281 0.0256368 0.00199893 0.0303135 0.485476 0.0106937 0.232719 0.000235837 0.000115576 
1.24341e-07 2.05538e-10 1.86551e-07 3.79032e-06 0.95612 4.30852e-10 0.0395258 0.00295087 0.00139951 
0.19161 0.161653 0.000887739 0.0655288 0.462956 0.0123081 0.10265 0.000903815 0.00150195 
0.03475 0.00664352 0.00501393 0.00170863 0.950636 0.000917646 0.000204886 0.000125741 2.64224e-08 
0.142126 0.0750219 0.109295 0.0222498 0.560945 0.00975826 0.0786624 0.000265599 0.00167674 
0.21841 0.0239176 0.0503227 0.0593713 0.325668 0.00193458 0.112472 0.0013932 0.206511 
0.00306883 4.57957e-07 9.72357e-07 0.00669659 0.974975 9.59975e-07 0.00595114 1.60611e-06 0.00930465 
0.0985275 0.0143111 0.0166817 0.0813961 0.748657 0.00862205 0.0056367 0.0261614 6.02802e-06 
0.25754 0.0991308 0.131438 0.0400612 0.268246 0.00977257 0.135961 0.0572513 0.000600057 
0.161625 0.0797408 0.0610463 0.236883 0.322515 0.00750383 0.00477707 0.125631 0.000277276 
0.0385084 0.045898 0.0150433 0.000444436 0.894692 0.00512056 0.000236393 5.67935e-05 7.87887e-12 
0.1347 0.0766379 0.0583632 0.0739975 0.489689 0.1205 0.0455961 0.000480658 3.55976e-05 
0.194188 0.129428 0.094973 0.200775 0.293066 0.000257091 0.0860611 0.000311512 0.000940016 
0.129478 0.0168426 0.0135911 0.00458441 0.801146 0.029857 0.00226521 0.00208614 0.000149114 
0.3938 0.0123251 0.00271132 0.00754272 0.562525 0.0037361 0.00972374 0.00762644 9.88253e-06 
0.0898122 0.076255 0.00222745 0.0512647 0.371573 0.00045198 0.132218 0.0135629 0.262635 
0.114841 0.0798715 0.0609622 0.0126587 0.376277 0.0225071 0.332136 0.000290637 0.000455455 
0.0208858 1.05453e-06 3.32966e-07 0.00613043 0.952657 0.00164009 0.0185446 0.000141016 3.35512e-10 
0.018138 0.119394 0.000982881 0.059336 0.472029 0.0420823 0.287459 3.04907e-05 0.000548072 
0.345288 0.0167429 0.000857594 0.0356127 0.437991 7.6684e-05 0.162926 0.000449167 5.65122e-05 
0.0933787 0.235591 0.0779879 0.00196377 0.285122 0.0156638 0.226555 7.10122e-05 0.0636662 
0.000497898 0.000497875 0.000497829 0.000497867 0.996018 0.00049783 0.000497837 0.000497773 0.000497567 
0.0614855 0.226049 0.00334961 0.0304212 0.491681 0.0629064 0.124035 1.88341e-05 5.31286e-05 
0.0857772 0.189321 0.00108802 0.011847 0.661001 6.98054e-05 0.0508276 1.5897e-05 5.3076e-05 
0.00453832 0.00330394 0.00662106 0.000321045 0.983482 0.00131971 0.000361244 5.1201e-05 1.90218e-06 
