0.433903 0.00130118 0.0523219 0.00104146 0.358957 3.19802e-05 0.142688 0.00174492 0.00801128 
0.190674 0.0627228 0.0046491 0.0445536 0.068576 0.000195144 0.303561 0.324569 0.000499499 
0.292852 0.0191581 0.0387677 0.478855 0.0165644 9.12451e-05 0.123238 0.0302671 0.000206356 
0.147079 0.229883 0.000365639 0.019086 0.00307409 9.53104e-05 0.262831 0.336845 0.000740741 
0.685526 0.0194212 0.0538439 0.151001 0.029316 9.26496e-05 0.0474722 0.000141147 0.0131861 
0.000125594 1.63905e-06 7.67572e-05 0.000246392 4.76345e-05 1.00118e-06 0.000139725 0.000278028 0.999083 
2.40853e-05 2.73574e-05 6.71971e-06 0.501603 0.260974 1.38182e-09 0.23736 5.55082e-06 5.57828e-09 
0.330324 0.0485338 0.00362834 0.203949 0.0216192 0.000180846 0.0982203 0.282669 0.0108754 
0.15973 0.00627788 0.0168019 0.439573 0.00707658 7.26979e-05 0.261842 0.108295 0.000330575 
0.0562124 0.00693527 0.00245775 0.00856274 0.146439 0.000507877 0.454085 0.000777104 0.324023 
0.206309 0.0107203 0.0219343 0.0600263 0.0181794 0.00147539 0.617613 0.0604631 0.00327928 
0.177197 0.0135298 0.00192717 0.0833349 0.561981 0.000152135 0.109924 0.00713608 0.0448176 
0.0401466 0.0107661 0.132407 0.12843 0.000366888 2.01532e-07 0.0145553 7.65709e-05 0.673252 
0.452319 0.0449914 0.0121735 0.279898 0.0287872 0.0019136 0.145404 0.0301355 0.00437721 
0.000496511 0.000320667 0.000630248 0.000749947 0.0010596 5.9831e-06 0.996703 1.00102e-05 2.41532e-05 
0.000125594 1.63905e-06 7.67572e-05 0.000246392 4.76345e-05 1.00118e-06 0.000139725 0.000278028 0.999083 
0.000125594 1.63905e-06 7.67572e-05 0.000246392 4.76345e-05 1.00118e-06 0.000139725 0.000278028 0.999083 
0.828109 0.0328435 0.0113736 0.0170219 0.00230663 0.000578761 0.103688 0.00275193 0.00132658 
0.00652885 0.0130863 0.000467645 0.0797255 0.555649 0.000184769 0.215829 0.00402131 0.124508 
0.05654 0.019087 0.0146197 0.587646 0.07769 1.0176e-05 0.186388 0.0579989 1.93902e-05 
0.239553 5.4763e-06 0.0177043 0.184085 0.434208 4.39711e-07 0.00568845 0.00054628 0.118209 
0.595203 0.00157667 0.054269 0.270283 0.00277796 5.93264e-06 0.0602842 0.0101892 0.00541094 
0.616438 0.00485358 0.0478897 0.139539 0.00930664 2.76927e-06 0.17807 0.00388148 1.8711e-05 
0.399139 1.48693e-08 0.022173 0.174022 0.00477865 9.23347e-11 0.399886 1.97893e-06 3.72746e-10 
0.21726 0.0453128 0.0647557 0.279605 0.157764 0.0072396 0.188306 0.0244516 0.0153056 
0.720562 0.00419326 0.0771896 0.0213441 0.0354586 4.75746e-05 0.100362 0.000646173 0.0401959 
0.000125594 1.63905e-06 7.67572e-05 0.000246392 4.76345e-05 1.00118e-06 0.000139725 0.000278028 0.999083 
0.0112125 0.0149424 0.000214278 0.00322568 0.953953 1.23842e-07 0.0163642 8.76806e-05 3.87616e-07 
0.0707741 0.00324683 1.51916e-06 0.10836 0.783157 1.76792e-10 0.0344566 3.03106e-07 3.68872e-06 
0.885156 6.19769e-05 0.0021578 0.00104236 0.000869369 3.00512e-07 0.11065 5.58639e-05 6.55159e-06 
0.473917 0.033953 0.0847008 0.407429 4.34602e-11 2.3775e-11 8.57823e-07 3.97773e-11 9.59774e-11 
0.220246 0.000862472 0.0187238 0.53466 0.0100454 0.000314892 0.139568 0.045321 0.0302583 
0.0558747 0.0483421 0.0339559 0.044415 0.00619035 0.000787363 0.662236 0.00598441 0.142214 
0.07391 0.000458574 0.895408 0.00203952 4.16285e-05 1.75093e-05 0.0275672 2.60517e-05 0.000531565 
0.069013 0.000354474 0.000103875 0.000390921 0.308255 2.2666e-07 0.611986 3.79218e-07 0.00989574 
0.898032 0.000416292 0.0490701 0.034495 0.00383006 3.41057e-05 0.00602867 0.000402996 0.00769094 
0.0609206 0.00177301 0.0748238 0.00453934 0.794243 0.000141525 0.0565286 0.00137638 0.00565389 
0.00817969 0.00811242 0.858369 0.0515943 0.000390476 1.40328e-06 0.0327913 0.0405447 1.72405e-05 
0.363256 0.0236064 0.0633419 0.353321 0.0223411 0.00535264 0.143796 0.0191921 0.00579266 
0.337302 0.0510133 0.0377273 0.134926 0.028877 0.00144784 0.403658 0.00179913 0.00324852 
0.000125594 1.63905e-06 7.67572e-05 0.000246392 4.76345e-05 1.00118e-06 0.000139725 0.000278028 0.999083 
0.0310142 0.0845187 0.835251 0.0199727 0.00499108 3.33632e-05 0.000158301 0.0240062 5.47628e-05 
0.617511 0.0172487 0.140384 0.0845431 0.014368 0.00447534 0.0489628 0.020008 0.0524996 
0.244479 0.00128229 0.00155729 0.0135087 0.468157 5.83604e-08 0.239112 0.000887664 0.0310164 
0.0254117 0.000415997 0.000340706 0.000947315 0.972663 2.15648e-07 0.000219561 3.60794e-07 8.7055e-07 
0.000125594 1.63905e-06 7.67572e-05 0.000246392 4.76345e-05 1.00118e-06 0.000139725 0.000278028 0.999083 
0.486691 0.0619595 0.0330073 0.0952666 0.147307 0.00947523 0.0395818 0.0896095 0.0371021 
0.00310138 0.00124554 0.00476298 0.25868 0.476682 0.000520533 0.195502 0.0281724 0.0313331 
0.41187 0.0619604 0.268311 0.173513 0.0129753 0.000952789 0.019268 0.0488074 0.00234225 
0.0141577 0.000226412 0.000750763 0.00306221 0.0253292 2.82724e-05 0.00679076 0.947185 0.0024701 
0.606539 0.0150133 3.64768e-06 0.0246073 0.00713449 8.41064e-07 0.199473 8.68973e-07 0.147228 
0.00240641 1.95401e-05 9.24642e-05 0.0887706 5.61782e-05 4.89127e-08 0.902356 8.18343e-08 0.00629843 
0.223948 0.077182 0.312361 0.379901 0.000513974 0.000391006 0.00133384 0.00233516 0.0020342 
0.146271 0.0117613 0.0326245 0.135669 0.0256076 0.000499246 0.0518972 0.594842 0.000828029 
1.16835e-05 5.26848e-05 6.2782e-05 1.78188e-05 0.999593 3.75629e-09 0.000248816 1.32038e-05 1.51638e-08 
0.0241954 0.0179761 0.00182678 0.10583 0.129436 0.00167156 0.71228 0.0039734 0.00281096 
0.952952 0.00420599 0.0103437 0.00264731 0.0070677 8.93548e-05 0.021692 0.000571106 0.0004305 
0.0206271 0.069377 7.00801e-06 0.069358 0.760026 3.03783e-08 0.0637468 5.08251e-08 0.016858 
0.000125594 1.63905e-06 7.67572e-05 0.000246392 4.76345e-05 1.00118e-06 0.000139725 0.000278028 0.999083 
0.000610704 0.000173364 0.105721 0.00118126 0.826772 3.55187e-07 0.0639928 0.00149974 4.83906e-05 
0.751842 0.017759 0.047452 0.114625 0.0225236 0.0048232 0.0254739 0.00725754 0.0082446 
0.726496 0.0583621 0.0187455 0.126718 0.0101003 0.000563572 0.0577142 0.000724589 0.00057581 
0.382195 0.00913304 0.00436554 0.288361 0.0563315 0.00203568 0.207285 0.0448982 0.00539507 
0.804662 0.000140861 0.000968981 0.000453443 0.0883797 1.67239e-05 0.100496 0.000194457 0.0046885 
0.0798099 0.201566 0.000453643 0.0123723 0.00038703 0.000129157 0.683962 0.0210727 0.000247738 
0.150153 0.00339992 0.602682 0.0950917 0.00343968 0.000144683 0.00390225 0.00174076 0.139446 
0.539522 0.155951 0.0175665 0.00177507 0.259365 2.50981e-08 0.0257975 3.22314e-06 1.90531e-05 
0.428839 0.0656655 0.0709293 0.172693 0.00886612 0.00265558 0.22231 0.0253133 0.00272824 
0.104648 0.0699618 0.335781 0.236002 0.110133 4.4545e-05 0.026085 0.000148229 0.117196 
0.105757 0.0636552 0.0402373 0.353211 0.340995 2.66323e-05 0.0954333 0.00023494 0.000449046 
0.220186 0.0285935 0.0544834 0.0898092 0.0301519 0.000385237 0.353016 0.00313223 0.220243 
0.441676 0.00188148 0.286143 0.00656833 0.00723718 0.00163928 0.0668047 0.0522165 0.135834 
0.153787 0.0358618 0.0183592 0.439871 0.238586 2.00143e-05 0.0466521 0.000259575 0.066603 
0.208015 0.00703629 0.00732397 0.112096 0.0150953 0.00087075 0.630188 0.0110377 0.00833695 
0.0424993 0.0412657 0.628119 0.0520753 0.02782 5.76025e-06 0.206227 0.000821571 0.00116604 
0.00114431 0.000187057 0.000881253 0.870616 0.000877234 4.48857e-05 0.125253 0.000114261 0.000882056 
0.0512152 0.0035341 0.0410662 0.0453551 0.00349394 0.000954756 0.805239 0.00237107 0.0467706 
0.969964 0.00303473 0.00602527 0.000130707 0.000142418 7.13989e-08 0.0207016 9.15921e-07 4.12146e-07 
0.47444 0.129958 0.0760329 0.102817 0.0481032 0.00442116 0.149609 0.00956536 0.00505417 
0.30788 0.35952 0.109654 0.11745 0.0101343 0.00427479 0.0555418 0.0300043 0.00554071 
0.422075 6.67266e-05 0.000520075 0.000614 0.242679 4.91037e-07 0.330882 0.00238478 0.000778645 
0.459468 0.016942 0.222812 0.0949778 0.116191 0.000236648 0.0853662 0.000714678 0.00329215 
0.123424 0.00391498 0.0371624 0.000201154 0.632733 0.000111206 0.197788 0.0029313 0.00173472 
0.207255 0.00822859 0.102448 0.0748023 0.128726 0.000162069 0.146103 0.000450964 0.331824 
0.0991715 0.1554 0.0130597 0.11166 0.133508 1.30457e-07 0.480363 8.15893e-05 0.00675663 
0.000125594 1.63905e-06 7.67572e-05 0.000246392 4.76345e-05 1.00118e-06 0.000139725 0.000278028 0.999083 
0.0727185 0.0293389 0.0794375 0.204547 0.58928 2.49544e-05 0.0244278 0.000108264 0.000117119 
0.235892 0.0151863 0.0606812 0.298214 0.0484141 0.00410142 0.126114 0.0101047 0.201292 
0.451494 0.088422 0.016716 0.370322 0.00925794 0.00235825 0.0431696 0.0152476 0.00301235 
0.0780068 0.0026645 0.00380853 0.092752 0.00650675 0.000161405 0.0160925 0.775404 0.0246031 
0.837872 0.00119994 0.00471242 0.130133 0.00426838 8.75365e-05 0.0167509 0.0001272 0.00484803 
0.769704 0.00881079 0.0165005 0.00293696 0.062984 0.00191374 0.123689 0.00270776 0.010754 
0.0720249 0.00888903 0.00879569 0.191072 0.0458677 0.00171612 0.0813514 0.583913 0.00637018 
2.47559e-06 0.0232719 0.672772 0.00421073 0.161118 2.47525e-06 0.133916 0.00148746 0.00321861 
0.819392 0.0132033 0.0178479 0.0392201 0.00793669 0.0032839 0.0207122 0.0718311 0.0065725 
0.000125594 1.63905e-06 7.67572e-05 0.000246392 4.76345e-05 1.00118e-06 0.000139725 0.000278028 0.999083 
0.00817969 0.00811242 0.858369 0.0515943 0.000390476 1.40328e-06 0.0327913 0.0405447 1.72405e-05 
0.0241725 0.102279 4.07186e-05 0.0023686 0.719113 4.02048e-05 0.151593 8.64849e-05 0.000307212 
0.026525 0.0998111 0.00451406 0.00979192 0.560801 9.08113e-08 0.284824 0.00375446 0.00997903 
0.124271 0.0500242 0.0112069 0.0952183 0.406154 0.000692717 0.309479 0.00181219 0.00114179 
0.451494 0.088422 0.016716 0.370322 0.00925794 0.00235825 0.0431696 0.0152476 0.00301235 
0.0156188 0.00513453 0.242892 0.064479 0.439645 6.69976e-06 0.178629 0.0528876 0.000707959 
0.0991715 0.1554 0.0130597 0.11166 0.133508 1.30457e-07 0.480363 8.15893e-05 0.00675663 
0.147079 0.229883 0.000365639 0.019086 0.00307409 9.53104e-05 0.262831 0.336845 0.000740741 
0.0733719 0.0546582 0.00127899 0.021331 0.615593 3.10579e-05 0.231547 0.000584893 0.00160414 
0.147079 0.229883 0.000365639 0.019086 0.00307409 9.53104e-05 0.262831 0.336845 0.000740741 
0.151587 0.021008 0.122897 0.0197162 0.414385 2.81269e-05 0.268962 0.00138123 3.52781e-05 
0.411316 0.0689714 0.351326 0.0821562 0.0139808 0.000488697 0.0647434 0.000930568 0.00608757 
0.000125594 1.63905e-06 7.67572e-05 0.000246392 4.76345e-05 1.00118e-06 0.000139725 0.000278028 0.999083 
0.900788 0.0181839 0.0626805 0.00111582 0.00012745 9.3768e-07 0.0170946 5.88714e-06 3.01528e-06 
0.170607 0.0146546 0.00444728 0.0107383 0.676898 0.000251207 0.0295507 0.000318905 0.0925335 
0.0152464 0.000416818 0.00435697 0.0172233 0.000791497 0.00030874 0.00524421 0.637616 0.318796 
0.000125594 1.63905e-06 7.67572e-05 0.000246392 4.76345e-05 1.00118e-06 0.000139725 0.000278028 0.999083 
0.880295 0.00579381 0.00957491 0.101495 0.0019847 4.22741e-08 0.000855679 2.09182e-07 3.40506e-07 
0.063818 0.0155149 0.073843 0.758284 0.02613 1.21397e-06 0.0433529 0.00690753 0.0121487 
0.312413 0.00652844 0.0343401 0.0593107 0.0107517 1.36735e-05 0.228097 8.58152e-05 0.348459 
0.400238 0.00180999 0.0016797 0.0160231 0.386083 5.38615e-05 0.165372 6.75097e-05 0.0286731 
0.982242 0.00208374 8.894e-06 0.0145516 0.000597347 8.78074e-06 0.000336697 0.000135608 3.5447e-05 
0.173218 0.0558278 0.0321502 0.633652 0.00894553 2.22111e-05 0.0948875 5.51923e-05 0.0012415 
0.0458346 0.142248 0.0867433 0.0674551 0.640211 1.64463e-09 0.0169194 0.000588552 6.63922e-09 
0.15973 0.00627788 0.0168019 0.439573 0.00707658 7.26979e-05 0.261842 0.108295 0.000330575 
0.834616 0.00744574 0.0388874 0.027383 0.0298852 0.001772 0.0493521 0.00697757 0.00368051 
0.000125594 1.63905e-06 7.67572e-05 0.000246392 4.76345e-05 1.00118e-06 0.000139725 0.000278028 0.999083 
0.228502 0.00416182 1.03731e-05 1.67116e-05 0.767142 9.90518e-10 2.38355e-05 0.00014343 3.99862e-09 
0.0221552 1.01734e-06 1.45916e-05 1.08361e-05 0.907201 5.76211e-10 0.0706143 1.63983e-06 1.8632e-06 
0.0991715 0.1554 0.0130597 0.11166 0.133508 1.30457e-07 0.480363 8.15893e-05 0.00675663 
0.102504 0.191231 0.0745824 0.143385 0.048451 4.93733e-05 0.439576 0.000152385 6.98308e-05 
0.292395 0.00446818 0.185966 0.0111076 0.0597523 1.61124e-10 0.445081 0.000100785 0.0011283 
0.000125594 1.63905e-06 7.67572e-05 0.000246392 4.76345e-05 1.00118e-06 0.000139725 0.000278028 0.999083 
0.894238 0.057089 0.0292988 0.0178975 0.00106141 1.938e-08 0.000389542 2.55336e-05 7.82353e-08 
0.119869 0.0143621 0.736065 0.0427522 0.00108299 1.2111e-07 0.0858116 4.19497e-05 1.50289e-05 
0.0789544 4.19745e-05 0.000235235 0.000437746 0.898309 3.90156e-07 0.0220191 6.52759e-07 1.57502e-06 
0.0567509 0.000425665 0.00218622 0.101376 0.00740604 3.93458e-05 0.0579663 0.00070191 0.773148 
0.680273 0.0589338 0.08838 0.0769442 0.00528989 0.00207591 0.0770313 0.00699757 0.004074 
0.152348 0.0523051 0.0069976 0.0438036 0.661538 1.21851e-10 0.0830075 2.03866e-10 4.91901e-10 
0.000125594 1.63905e-06 7.67572e-05 0.000246392 4.76345e-05 1.00118e-06 0.000139725 0.000278028 0.999083 
0.217517 0.0204824 0.0186314 0.0430475 0.372192 0.000408877 0.267971 0.0587401 0.00100929 
0.00104148 0.00108612 0.000889198 0.991921 0.00448913 1.24343e-08 0.000572876 2.08035e-08 5.01962e-08 
0.0486152 0.00207487 0.00129797 0.11106 0.201815 2.75515e-05 0.16204 0.472817 0.000251495 
0.0927054 0.137855 0.0135127 0.139763 0.0201781 0.000353866 0.0311926 0.000359999 0.564079 
0.275774 0.00342299 0.0242568 0.0627338 0.0455421 0.00337191 0.55375 0.00625169 0.0248975 
0.544407 0.0670792 0.0376016 0.156279 0.00560666 0.000701054 0.167256 0.0203479 0.000722145 
0.0119847 0.0290163 0.00202441 0.00488984 0.411063 0.000185263 0.539329 0.0012856 0.000221829 
0.000125594 1.63905e-06 7.67572e-05 0.000246392 4.76345e-05 1.00118e-06 0.000139725 0.000278028 0.999083 
0.926326 0.0193019 0.00126932 0.0237912 0.0237595 1.91139e-05 0.00156023 0.00288299 0.00109014 
0.872944 0.0128344 0.0406779 0.0421509 0.00532553 1.37458e-08 0.0260666 1.39256e-07 8.09575e-07 
0.000125594 1.63905e-06 7.67572e-05 0.000246392 4.76345e-05 1.00118e-06 0.000139725 0.000278028 0.999083 
0.607399 0.00300821 0.00126054 0.214089 0.03099 3.83463e-08 0.14291 0.000335099 8.53109e-06 
0.0914221 0.00552308 0.00606523 0.640026 0.177197 0.000230269 0.0707617 0.00843116 0.000343063 
0.0112125 0.0149424 0.000214278 0.00322568 0.953953 1.23842e-07 0.0163642 8.76806e-05 3.87616e-07 
0.000125594 1.63905e-06 7.67572e-05 0.000246392 4.76345e-05 1.00118e-06 0.000139725 0.000278028 0.999083 
0.276084 0.00282208 0.0515031 0.00517796 0.465671 1.4567e-05 0.197491 2.0298e-05 0.00121614 
0.332388 0.000462224 0.0238607 0.016821 0.501018 0.000436153 0.117797 0.00672648 0.000490606 
0.00817969 0.00811242 0.858369 0.0515943 0.000390476 1.40328e-06 0.0327913 0.0405447 1.72405e-05 
0.405702 0.0402283 0.031491 0.0824834 0.0161447 0.00811911 0.374489 0.0330049 0.00833791 
0.0114227 0.41632 0.0681205 0.217151 0.00211705 2.55758e-10 0.284753 0.000115559 4.65538e-07 
0.785903 0.000429637 0.143531 0.0259936 0.000104002 4.89475e-05 0.00338712 0.00345362 0.037149 
0.0396089 0.0443358 0.152739 0.0573214 0.06765 3.26915e-05 0.637434 0.000736899 0.000140734 
0.067913 0.00701896 0.0219941 0.0986739 0.00373151 0.00359664 0.0713024 0.721694 0.00407513 
0.151418 0.0103262 0.081942 0.0135928 0.546082 0.000154227 0.163229 0.000733206 0.0325233 
0.000125594 1.63905e-06 7.67572e-05 0.000246392 4.76345e-05 1.00118e-06 0.000139725 0.000278028 0.999083 
0.399139 1.48693e-08 0.022173 0.174022 0.00477865 9.23347e-11 0.399886 1.97893e-06 3.72746e-10 
0.331211 0.222971 0.251371 0.136891 0.00713082 0.00682989 0.0265297 0.00685057 0.0102138 
0.02418 0.0358646 0.00393373 0.922971 0.0114483 5.96676e-07 0.00116976 0.000426035 6.39947e-06 
3.89139e-05 0.154485 3.56428e-09 0.744796 0.100662 3.51889e-09 8.14179e-06 1.00144e-05 1.42054e-08 
0.101408 0.0389498 0.164587 0.226401 0.33052 2.3435e-07 0.127128 0.000247016 0.0107574 
0.0579748 0.00413924 0.0101662 0.067013 0.105549 1.96094e-07 0.754297 1.73499e-05 0.00084314 
0.00387602 0.00569402 0.000104501 0.00176571 0.786629 1.61887e-06 0.198157 0.00078 0.00299201 
0.000125594 1.63905e-06 7.67572e-05 0.000246392 4.76345e-05 1.00118e-06 0.000139725 0.000278028 0.999083 
0.00817969 0.00811242 0.858369 0.0515943 0.000390476 1.40328e-06 0.0327913 0.0405447 1.72405e-05 
0.980224 2.35371e-05 0.0104996 0.00485183 0.00127647 2.16197e-06 0.00311001 3.61712e-06 8.72765e-06 
0.0246354 0.0116006 7.32936e-07 0.00101477 0.211112 5.27232e-07 0.749377 0.000237476 0.00202237 
0.579727 0.0151106 0.0152134 0.0990944 0.00636829 0.0021003 0.208551 0.0705513 0.00328428 
0.0298903 0.0801869 0.0510489 0.0437026 0.181955 5.01883e-07 0.60825 0.000638822 0.00432669 
0.808887 0.0022649 0.00535487 0.0503312 0.0262709 0.000134414 0.100919 0.000955633 0.00488284 
0.00415007 0.0123642 1.86351e-09 4.25401e-06 0.935426 1.83978e-09 0.0480501 5.73406e-06 7.42701e-09 
0.0522133 0.00118176 0.0211216 0.920288 0.00114719 1.15079e-07 0.00385727 0.000164845 2.62989e-05 
0.700509 0.099749 0.0256567 0.068448 0.0122863 0.00377275 0.0546639 0.0295242 0.0053906 
0.734833 0.000432457 0.0966051 0.128714 0.00564981 0.000381598 0.0267304 0.00586018 0.000793524 
0.242178 0.0524339 0.0475114 0.0504622 0.334682 0.000128452 0.260376 0.000798766 0.0114286 
0.599478 0.0304841 0.0473107 0.0127952 0.135298 0.000118441 0.165398 0.00294904 0.00616913 
0.461023 0.0985844 0.0862391 0.1062 0.0650455 7.05739e-06 0.167617 0.000871247 0.0144128 
0.000125594 1.63905e-06 7.67572e-05 0.000246392 4.76345e-05 1.00118e-06 0.000139725 0.000278028 0.999083 
0.0413756 0.100736 0.176875 0.17135 0.334508 0.000154738 0.145107 0.00023265 0.0296613 
0.286373 0.0270261 0.011519 0.0998721 0.413247 0.0109723 0.0315257 0.0145262 0.104939 
0.0100675 0.000365095 0.0016981 0.0195897 0.00627243 3.46799e-05 0.00666214 0.853532 0.101778 
0.938298 0.00793588 0.0117667 0.0163186 0.00267874 0.000160119 0.0202025 0.000187681 0.00245165 
0.00703178 0.0244247 0.00194153 0.0193616 0.0493251 1.48854e-07 0.394751 0.503096 6.79514e-05 
0.0537104 0.0592336 0.142816 0.0309203 0.473905 1.40601e-10 0.232414 0.000120164 0.00688038 
0.000125594 1.63905e-06 7.67572e-05 0.000246392 4.76345e-05 1.00118e-06 0.000139725 0.000278028 0.999083 
4.40409e-06 0.0553328 4.49083e-07 0.000109861 0.803767 4.43365e-07 0.140645 0.000117644 2.21883e-05 
0.721891 0.0203031 0.0128529 0.120833 0.0399337 0.000279871 0.071592 0.00507085 0.00724384 
0.0860676 0.0018124 0.0279325 0.520855 0.153738 0.00035082 0.0891243 0.0977307 0.0223894 
0.00648682 7.80867e-07 1.29802e-05 0.276311 0.0476719 4.20282e-07 0.0571516 0.000241068 0.612123 
0.431694 0.00396895 0.00336242 0.0119907 0.0193571 0.00129372 0.195661 0.0799021 0.25277 
0.316733 0.127421 0.109938 0.0692826 0.0745632 0.000360369 0.23908 0.0013785 0.0612431 
0.969964 0.00303473 0.00602527 0.000130707 0.000142418 7.13989e-08 0.0207016 9.15921e-07 4.12146e-07 
0.532404 0.0142131 0.0447908 0.0188557 0.026971 0.000110785 0.305144 0.00469093 0.0528196 
0.15973 0.00627788 0.0168019 0.439573 0.00707658 7.26979e-05 0.261842 0.108295 0.000330575 
0.0798099 0.201566 0.000453643 0.0123723 0.00038703 0.000129157 0.683962 0.0210727 0.000247738 
0.513467 0.00266777 0.19997 0.00107085 0.0301059 8.69324e-05 0.0408034 0.00052967 0.211298 
0.807092 0.0066497 0.0727627 0.0157321 0.00208483 0.000698645 0.0104966 0.0141845 0.070299 
0.164955 0.100384 0.01163 0.123033 0.278943 0.00030303 0.318544 0.00123529 0.000971803 
0.0112125 0.0149424 0.000214278 0.00322568 0.953953 1.23842e-07 0.0163642 8.76806e-05 3.87616e-07 
0.698261 0.0340938 0.0970222 0.0976328 0.0206709 0.000201943 0.0400281 0.01121 0.000879676 
0.419644 0.0487221 0.0513055 0.224082 0.00141702 0.00117822 0.240808 0.0105755 0.00226769 
0.302876 0.0194933 0.00271439 0.0478745 0.301919 1.15349e-06 0.218145 0.00289143 0.104085 
0.0560876 0.026054 0.833276 0.0699571 0.0049271 1.00613e-05 0.00771846 0.00112201 0.000847557 
0.0886114 0.0131111 0.0215777 0.506597 0.180577 0.000797723 0.148122 0.00107756 0.0395285 
0.144428 5.34586e-05 0.000158721 0.175378 0.493728 2.07933e-05 0.183331 0.00241383 0.000488116 
0.248337 0.0387191 0.0524254 0.0016837 0.428489 0.000509397 0.228243 0.000710744 0.000882679 
0.222538 0.00585708 0.0124334 0.305497 0.0105123 0.002479 0.364305 0.0110311 0.0653468 
0.969964 0.00303473 0.00602527 0.000130707 0.000142418 7.13989e-08 0.0207016 9.15921e-07 4.12146e-07 
0.2564 0.0216544 0.10948 0.200028 0.0108434 0.000279323 0.1748 0.000372091 0.226143 
0.275826 0.0251951 0.00985004 0.0457188 0.339278 6.28231e-06 0.301227 0.000466349 0.00243126 
0.0506285 0.0135977 0.00741432 0.0984597 0.0198886 0.000281989 0.0995594 0.704295 0.00587435 
0.245401 0.0206725 5.90876e-06 0.0231823 0.280729 1.92707e-06 0.429669 3.00237e-05 0.000309041 
0.745615 0.0120232 0.00839481 0.0516476 0.0125754 0.00658569 0.0604468 0.0364714 0.0662406 
0.114634 0.00422327 0.00973217 0.0401306 0.699914 4.86746e-08 0.12889 0.00247629 2.37938e-07 
0.000125594 1.63905e-06 7.67572e-05 0.000246392 4.76345e-05 1.00118e-06 0.000139725 0.000278028 0.999083 
0.72734 0.0168531 0.00250072 0.180523 0.0070558 2.88488e-05 0.0624309 0.00020372 0.00306458 
8.4121e-06 0.0418221 0.0400561 0.596369 0.0128534 1.07734e-06 0.308877 2.70278e-06 1.02145e-05 
0.411378 0.4047 0.123272 0.0288534 0.00948677 1.20754e-10 0.022303 5.74917e-06 4.8747e-10 
0.000125594 1.63905e-06 7.67572e-05 0.000246392 4.76345e-05 1.00118e-06 0.000139725 0.000278028 0.999083 
0.394064 0.0134884 0.101066 0.0371127 0.0842104 0.000186404 0.361659 0.00801055 0.000203201 
0.599216 0.0234729 0.0184916 0.164462 0.0104929 0.00175841 0.169033 0.00898747 0.0040856 
0.0313154 0.00133891 0.0140699 0.00310016 0.000224731 4.43018e-07 0.00163689 7.43957e-07 0.948313 
0.0386279 0.00378508 2.56007e-05 3.77587e-06 0.653038 5.79072e-07 0.298168 0.00010069 0.00625054 
0.45748 0.00406365 0.00996806 0.0191836 0.134151 0.00166161 0.0396733 0.0448244 0.288994 
0.0824543 0.00114312 0.00134073 0.19515 0.130036 0.00010823 0.32464 0.00704036 0.258087 
0.236493 0.0925175 0.0704892 0.0369844 0.0636197 0.00149327 0.491389 0.0040537 0.00295966 
0.0872712 0.0160559 0.810971 0.0695056 0.00224378 1.27365e-07 0.0127053 0.00124671 3.6322e-07 
0.484373 0.00143082 0.308973 0.165801 0.00305958 0.00133277 0.0125674 0.0163769 0.00608565 
0.11759 0.0383857 0.677399 0.149289 0.00613313 1.25516e-06 0.0111805 3.40649e-06 1.78936e-05 
0.0298903 0.0801869 0.0510489 0.0437026 0.181955 5.01883e-07 0.60825 0.000638822 0.00432669 
0.0797825 0.00966997 0.205697 0.35208 0.0283757 8.7702e-05 0.065235 0.000158412 0.258914 
0.595459 0.00219546 0.0823136 0.314655 3.03745e-05 1.94695e-06 0.00319985 0.00199379 0.000151378 
0.000125594 1.63905e-06 7.67572e-05 0.000246392 4.76345e-05 1.00118e-06 0.000139725 0.000278028 0.999083 
0.793106 0.000401534 0.0273084 0.00289688 0.0389486 1.73043e-05 0.117672 0.000141607 0.0195078 
0.116843 0.00645636 0.000924857 0.0164739 0.0454371 4.91819e-06 0.338852 0.474565 0.000442392 
0.0769646 0.106905 0.143087 0.209754 0.108354 0.000321364 0.351914 0.000966718 0.00173339 
0.000125594 1.63905e-06 7.67572e-05 0.000246392 4.76345e-05 1.00118e-06 0.000139725 0.000278028 0.999083 
0.0509205 0.00363657 0.00859994 0.00526212 0.686874 0.00048043 0.222366 0.0115978 0.010263 
0.441676 0.00188148 0.286143 0.00656833 0.00723718 0.00163928 0.0668047 0.0522165 0.135834 
0.000125594 1.63905e-06 7.67572e-05 0.000246392 4.76345e-05 1.00118e-06 0.000139725 0.000278028 0.999083 
0.000125594 1.63905e-06 7.67572e-05 0.000246392 4.76345e-05 1.00118e-06 0.000139725 0.000278028 0.999083 
0.0095689 0.0110322 5.65495e-05 0.000682123 0.864658 1.05779e-07 0.112933 2.46984e-05 0.0010446 
0.73044 0.0200485 0.00552779 0.0239897 0.0358927 0.000212297 0.178745 0.00062256 0.00452226 
0.365341 0.083518 0.0838937 0.460497 0.000149325 1.49176e-08 0.0065644 3.65134e-05 6.71437e-08 
0.000125594 1.63905e-06 7.67572e-05 0.000246392 4.76345e-05 1.00118e-06 0.000139725 0.000278028 0.999083 
0.15973 0.00627788 0.0168019 0.439573 0.00707658 7.26979e-05 0.261842 0.108295 0.000330575 
0.000125594 1.63905e-06 7.67572e-05 0.000246392 4.76345e-05 1.00118e-06 0.000139725 0.000278028 0.999083 
0.938333 0.0146981 0.00302995 0.0436758 3.10834e-05 2.7896e-12 0.000232314 4.6672e-12 5.63179e-08 
0.952143 0.0117148 0.00026946 0.00405205 0.000502353 2.05203e-05 0.00519411 0.000531271 0.0255729 
0.0461659 0.0513824 0.0808913 0.155632 0.239033 0.00122327 0.353505 0.00643665 0.0657307 
0.298 0.00869014 0.0224275 0.261755 0.095586 8.38513e-05 0.136244 0.052051 0.125163 
0.216246 0.0176351 0.0046985 0.053895 0.05191 0.000108869 0.274499 0.00116053 0.379847 
0.134333 0.0200407 0.0319615 0.164554 0.0523521 0.00096579 0.0941572 0.48452 0.017115 
0.0798099 0.201566 0.000453643 0.0123723 0.00038703 0.000129157 0.683962 0.0210727 0.000247738 
0.921771 0.00118429 0.015395 0.0155568 0.0102588 3.60721e-05 0.0185663 0.000105501 0.0171262 
0.000125594 1.63905e-06 7.67572e-05 0.000246392 4.76345e-05 1.00118e-06 0.000139725 0.000278028 0.999083 
0.0798099 0.201566 0.000453643 0.0123723 0.00038703 0.000129157 0.683962 0.0210727 0.000247738 
0.129102 0.0330425 0.115117 0.00104444 0.590741 2.63062e-05 0.0431668 4.97097e-05 0.0877103 
0.0650304 0.0450485 0.000216309 0.0756911 0.467849 0.000145807 0.281795 0.0140887 0.0501347 
0.107775 0.0261016 0.0306367 0.123785 0.104003 0.0112296 0.523606 0.0478701 0.0249941 
0.177019 0.164163 0.0310543 0.126578 0.311605 0.00164754 0.18021 0.00221779 0.00550581 
0.966906 0.0159536 0.00164878 0.00534778 0.00727204 2.45871e-06 0.00284309 6.82758e-06 1.92695e-05 
0.00474404 0.00452976 0.0138935 0.0396667 0.510197 3.98561e-05 0.422347 0.00449968 8.2411e-05 
0.000125594 1.63905e-06 7.67572e-05 0.000246392 4.76345e-05 1.00118e-06 0.000139725 0.000278028 0.999083 
0.000125594 1.63905e-06 7.67572e-05 0.000246392 4.76345e-05 1.00118e-06 0.000139725 0.000278028 0.999083 
0.120588 0.00234183 2.91695e-07 1.10693e-06 0.031682 4.7771e-08 0.0691283 4.84117e-07 0.776258 
0.000125594 1.63905e-06 7.67572e-05 0.000246392 4.76345e-05 1.00118e-06 0.000139725 0.000278028 0.999083 
0.102158 0.00552695 0.0312972 0.533479 0.00810281 0.000452206 0.264546 0.0528145 0.00162284 
0.0234054 0.0219504 0.00139102 0.0224939 0.469459 0.00134033 0.261311 0.0110178 0.187631 
0.0656436 0.052524 0.00698868 0.068019 0.55757 1.50856e-05 0.248591 0.000358695 0.000289799 
0.363256 0.0236064 0.0633419 0.353321 0.0223411 0.00535264 0.143796 0.0191921 0.00579266 
0.000379385 3.10285e-05 0.00295186 2.68007e-05 0.0019209 6.21786e-08 0.994601 1.4431e-05 7.44731e-05 
9.85335e-06 0.00609965 2.75427e-06 0.00621931 0.629753 1.52658e-06 0.356699 0.00053107 0.00068448 
0.00723082 0.0001333 0.00550955 0.0141147 0.162472 2.1505e-07 0.0468998 4.08835e-05 0.763598 
0.00648682 7.80867e-07 1.29802e-05 0.276311 0.0476719 4.20282e-07 0.0571516 0.000241068 0.612123 
0.117219 0.327595 0.129152 0.266895 0.00597059 1.14927e-06 0.15291 0.000208521 4.91846e-05 
0.000125594 1.63905e-06 7.67572e-05 0.000246392 4.76345e-05 1.00118e-06 0.000139725 0.000278028 0.999083 
0.0393783 0.000635053 0.00380115 0.243804 0.0311389 2.18712e-05 0.483747 0.0165851 0.180889 
0.00602744 0.00744984 0.790496 0.13231 0.000418397 1.04934e-06 0.063262 8.05939e-06 2.78027e-05 
0.0640292 1.62105e-06 3.62963e-06 0.012693 0.859234 2.05932e-10 0.0640291 7.23872e-07 8.81286e-06 
0.0594271 0.0270675 0.0453585 0.702583 0.11758 7.51693e-05 0.0449419 0.00267312 0.000293388 
0.938298 0.00793588 0.0117667 0.0163186 0.00267874 0.000160119 0.0202025 0.000187681 0.00245165 
0.58508 0.00638731 0.00396602 0.103727 0.0274931 9.94882e-05 0.0625563 0.000373964 0.210317 
0.0380807 0.102962 0.237941 0.0600335 0.397924 7.40851e-08 0.146029 1.06008e-05 0.0170187 
0.186695 0.0955441 0.167739 0.137387 0.118942 0.000271144 0.272432 0.0203379 0.000650727 
0.0552497 0.000145827 0.0156626 0.568032 0.00219134 1.12101e-06 0.106653 0.0843906 0.167674 
0.170607 0.0146546 0.00444728 0.0107383 0.676898 0.000251207 0.0295507 0.000318905 0.0925335 
0.882714 0.000845768 0.00855972 0.0631102 0.00191974 3.05568e-05 0.01552 0.000100555 0.0271997 
0.153812 0.113508 0.00599635 0.0383862 0.319635 1.92272e-06 0.367447 0.00121121 2.65913e-06 
0.0992028 0.00887018 0.0279676 0.170154 0.019515 0.00161132 0.0384491 0.581489 0.0527411 
0.000125594 1.63905e-06 7.67572e-05 0.000246392 4.76345e-05 1.00118e-06 0.000139725 0.000278028 0.999083 
0.969964 0.00303473 0.00602527 0.000130707 0.000142418 7.13989e-08 0.0207016 9.15921e-07 4.12146e-07 
0.0245254 0.00478431 0.010576 0.0079911 0.759186 3.00298e-05 0.116214 0.00138533 0.0753077 
0.914243 0.000124244 0.0440291 0.0330011 1.78387e-07 7.07053e-11 0.00860254 1.18295e-10 2.8543e-10 
0.49523 0.00900197 0.00615226 0.0211233 0.0317062 0.000121549 0.426403 0.0101356 0.000126069 
0.00652885 0.0130863 0.000467645 0.0797255 0.555649 0.000184769 0.215829 0.00402131 0.124508 
0.382195 0.00913304 0.00436554 0.288361 0.0563315 0.00203568 0.207285 0.0448982 0.00539507 
0.451857 0.0403208 0.0866558 0.231595 0.0684977 0.0015181 0.0623534 0.00218507 0.0550171 
0.130837 0.00186449 0.686239 0.150557 0.00940887 2.85641e-08 0.00993512 0.0111536 4.17458e-06 
0.180114 0.0497354 0.00543007 0.043348 0.207855 1.91154e-07 0.51333 0.000182026 5.94956e-06 
0.726629 0.0096305 0.0369446 0.0600063 0.00398032 8.15176e-08 0.131609 0.000323645 0.0308769 
0.0375675 0.0771039 0.00336547 0.492376 0.345176 1.65926e-06 0.0388886 0.00404038 0.00147971 
0.107103 0.0207469 0.0154043 0.119005 0.511912 0.00154613 0.206799 0.0118827 0.00560171 
0.459371 0.112582 0.0338345 0.349396 0.000839261 6.1052e-06 0.0435429 0.000247723 0.000180912 
0.136266 0.0445183 0.00116419 0.678567 0.12566 2.47139e-05 0.0131992 0.000102438 0.000498901 
0.0164162 0.000124821 0.000113224 0.0304941 0.033858 3.58886e-06 0.298189 0.620013 0.000788412 
0.0335919 0.0915775 0.00986879 0.000813849 0.262409 7.97342e-05 0.600832 0.00024854 0.00057879 
0.057877 0.00669063 0.000359051 0.931161 0.00185114 6.89408e-08 0.00206099 1.15343e-07 2.78307e-07 
0.000125594 1.63905e-06 7.67572e-05 0.000246392 4.76345e-05 1.00118e-06 0.000139725 0.000278028 0.999083 
0.186824 0.219587 0.086063 0.389989 0.0941844 4.75894e-05 0.0218969 0.0010948 0.000312979 
0.276039 0.723841 5.76122e-05 5.53082e-06 2.69836e-05 1.76152e-08 2.52304e-05 5.02667e-06 7.11107e-08 
0.0621777 0.002218 0.0765782 0.0479686 0.305699 1.38595e-09 0.486526 0.0187969 3.57896e-05 
0.80544 0.0006391 0.142948 0.0304694 0.00100712 0.000107445 0.0068264 0.00237318 0.0101897 
0.522774 0.0243104 0.0228002 0.303781 0.0607171 0.000508383 0.0449505 0.000527606 0.0196314 
0.0723948 0.000198406 6.83487e-05 0.0713762 0.0898859 1.15239e-07 0.106772 0.00672584 0.652578 
0.121797 0.116188 0.0121325 0.0629154 0.415894 0.0113051 0.212029 0.0132418 0.0344967 
0.170607 0.0146546 0.00444728 0.0107383 0.676898 0.000251207 0.0295507 0.000318905 0.0925335 
0.957135 0.00388034 0.00890252 0.00232167 0.00670708 6.93392e-05 0.0202231 0.000547255 0.000213757 
0.916142 0.00115061 0.0113655 0.0656905 0.00253451 5.91815e-05 0.00271881 0.000179257 0.000159336 
0.000125594 1.63905e-06 7.67572e-05 0.000246392 4.76345e-05 1.00118e-06 0.000139725 0.000278028 0.999083 
0.238038 1.24679e-05 0.00434827 0.000897637 0.000294146 2.47517e-08 0.756383 1.81261e-05 8.58224e-06 
0.835301 0.00164686 0.0021582 4.16503e-06 0.16087 4.8304e-07 1.24457e-05 3.18265e-06 4.05234e-06 
0.68128 0.00534106 0.207947 0.0795852 0.000799025 0.00044521 0.0234886 0.000542124 0.000571975 
0.114634 0.00422327 0.00973217 0.0401306 0.699914 4.86746e-08 0.12889 0.00247629 2.37938e-07 
1.42543e-05 0.00834628 0.0488452 1.70418e-05 0.821749 1.87112e-07 0.0899474 7.6529e-05 0.0310044 
0.34031 0.0287282 0.016336 0.0762588 0.274503 0.00240503 0.0156174 0.155898 0.0899434 
0.221478 0.128495 0.093338 0.0246367 0.238451 0.000335039 0.288224 0.000372768 0.00467001 
0.379851 0.0554925 0.0116505 0.519781 0.00071867 6.65433e-10 0.0324975 5.99148e-06 2.92866e-06 
0.0396935 0.0550364 0.00286758 0.103702 0.665794 0.000199884 0.118949 0.000405217 0.0133528 
0.0558747 0.0483421 0.0339559 0.044415 0.00619035 0.000787363 0.662236 0.00598441 0.142214 
0.10248 5.54962e-06 0.12886 1.14115e-05 0.101992 1.33125e-06 0.00991626 0.00498185 0.651752 
0.441676 0.00188148 0.286143 0.00656833 0.00723718 0.00163928 0.0668047 0.0522165 0.135834 
0.0443191 0.00775239 0.00747305 0.0375831 0.0306162 2.79843e-05 0.872061 0.000138439 2.91183e-05 
0.0226713 0.00819636 0.0343269 0.929031 0.00310129 2.39735e-07 0.00262452 4.6778e-05 1.29813e-06 
0.0284852 0.00834502 0.0894155 0.815589 0.0193639 4.32744e-05 0.00948223 0.0229935 0.00628195 
0.920416 0.00122332 0.0152682 0.0032136 0.0127396 5.52576e-05 0.0120465 0.000104222 0.0349337 
0.536171 0.00862652 0.0382743 0.357535 0.000926351 0.000536382 0.0224011 0.0155519 0.019977 
0.0160651 0.00714556 4.43457e-07 0.00179168 0.0560256 1.13592e-11 0.914745 0.00422685 4.58558e-11 
0.0451118 0.0411746 0.0122298 0.191568 0.0503305 1.93611e-10 0.659585 3.86326e-07 7.81589e-10 
0.118728 0.00203989 0.0062105 0.00815278 0.459433 0.000323966 0.393918 0.000761217 0.010433 
0.0422671 0.0194152 0.00168323 0.00646852 0.749413 0.00024868 0.131603 0.00257847 0.0463224 
0.0798099 0.201566 0.000453643 0.0123723 0.00038703 0.000129157 0.683962 0.0210727 0.000247738 
0.000125594 1.63905e-06 7.67572e-05 0.000246392 4.76345e-05 1.00118e-06 0.000139725 0.000278028 0.999083 
0.0192357 0.0669997 0.0014185 0.0268827 0.278905 9.02126e-07 0.604063 0.00071134 0.00178313 
0.358799 0.00335923 0.0189956 0.593689 0.0083404 5.21342e-05 0.0160461 0.00048639 0.00023229 
0.120031 0.00210642 0.0118079 0.00220232 0.800897 0.000433454 0.0610959 0.000636053 0.000790739 
0.0214481 0.000891986 0.00506815 0.0477345 0.120202 0.000439466 0.522568 0.00427191 0.277377 
0.395346 0.000442775 0.00528431 7.45594e-05 0.473582 5.16681e-05 0.121556 0.000121246 0.00354109 
0.167256 0.514159 0.239296 0.0776713 0.000254562 3.65306e-06 0.00128753 8.93277e-06 6.38109e-05 
0.239233 0.0870539 0.0201661 0.0499465 0.00241963 0.000436637 0.59736 0.00190526 0.00147975 
0.0142934 0.00155265 0.000478309 0.00829908 0.00495477 0.000389315 0.0999427 0.000398969 0.869691 
0.259185 0.00289573 0.0154392 0.397052 0.0163673 0.000241781 0.252522 0.0557253 0.000571684 
0.0281499 0.0374962 0.00396128 0.109461 0.804377 1.81811e-08 0.00797773 3.04183e-08 0.00857674 
0.0384174 0.0225905 0.0039933 0.0220785 0.122205 0.000102327 0.673047 0.0029746 0.114592 
0.0047854 0.00551794 2.88943e-05 0.000342656 0.932309 5.57254e-07 0.0564756 1.32402e-05 0.00052719 
0.15742 0.0578023 0.017971 0.180977 0.0444762 0.000378794 0.515653 0.0130109 0.0123114 
0.0798099 0.201566 0.000453643 0.0123723 0.00038703 0.000129157 0.683962 0.0210727 0.000247738 
0.0885948 0.000141589 0.0330703 0.000350254 0.78301 9.1809e-06 0.0921157 2.17265e-05 0.00268644 
0.0733719 0.0546582 0.00127899 0.021331 0.615593 3.10579e-05 0.231547 0.000584893 0.00160414 
0.539563 0.00620418 0.183748 0.238215 4.33473e-05 1.32638e-07 0.0295072 3.57784e-06 0.00271575 
0.468618 0.178365 0.040311 0.100619 0.0602679 0.000247516 0.148602 0.00124004 0.00173037 
0.0165864 3.37883e-07 5.21759e-07 0.00670235 0.636552 2.29952e-11 0.340157 2.73193e-07 8.72689e-07 
0.000125594 1.63905e-06 7.67572e-05 0.000246392 4.76345e-05 1.00118e-06 0.000139725 0.000278028 0.999083 
0.0162673 0.00566016 0.00096075 0.08354 0.739628 0.00010443 0.0722321 0.000201717 0.081406 
0.342474 0.0172482 0.051044 0.0112564 0.43776 0.000383409 0.123901 0.00111952 0.0148139 
0.147079 0.229883 0.000365639 0.019086 0.00307409 9.53104e-05 0.262831 0.336845 0.000740741 
0.132478 0.0271264 0.0160018 0.0407193 0.0107676 0.000862731 0.0406348 0.637253 0.0941564 
0.378494 0.00036057 0.00053679 0.00650569 0.337232 1.76394e-05 0.224721 0.00370963 0.0484227 
0.000125594 1.63905e-06 7.67572e-05 0.000246392 4.76345e-05 1.00118e-06 0.000139725 0.000278028 0.999083 
0.154968 0.00481555 0.114402 0.667952 0.00497037 1.67845e-06 0.0460425 0.00510409 0.00174469 
0.228693 0.00273361 0.341938 0.425226 5.32966e-05 6.16016e-08 0.0013555 1.53778e-07 2.5626e-07 
0.854822 0.000451147 0.0486247 0.070914 0.00617331 8.09427e-05 0.0120196 9.06411e-05 0.00682356 
0.220335 0.000829397 0.0787881 1.99856e-05 0.472494 1.83148e-06 0.182555 0.000103532 0.0448733 
0.0267188 0.00746548 0.945711 0.00180618 0.00330693 1.4803e-06 0.0061178 3.11068e-06 0.00886922 
0.0991715 0.1554 0.0130597 0.11166 0.133508 1.30457e-07 0.480363 8.15893e-05 0.00675663 
0.828109 0.0328435 0.0113736 0.0170219 0.00230663 0.000578761 0.103688 0.00275193 0.00132658 
0.000125594 1.63905e-06 7.67572e-05 0.000246392 4.76345e-05 1.00118e-06 0.000139725 0.000278028 0.999083 
0.0591813 0.0947105 0.0105222 0.145996 0.0749555 0.000890488 0.597599 0.00105536 0.0150899 
0.243071 0.0150133 0.0523173 0.194065 0.383282 3.79758e-07 0.0913117 0.0123853 0.00855419 
0.225649 0.0101653 0.118396 0.106303 0.158568 4.95113e-05 0.111922 0.000697387 0.26825 
0.000125594 1.63905e-06 7.67572e-05 0.000246392 4.76345e-05 1.00118e-06 0.000139725 0.000278028 0.999083 
0.540398 0.0266417 0.138089 0.0379297 0.00159468 0.000990786 0.238703 0.0146568 0.000995824 
0.969964 0.00303473 0.00602527 0.000130707 0.000142418 7.13989e-08 0.0207016 9.15921e-07 4.12146e-07 
0.451494 0.088422 0.016716 0.370322 0.00925794 0.00235825 0.0431696 0.0152476 0.00301235 
0.399139 1.48693e-08 0.022173 0.174022 0.00477865 9.23347e-11 0.399886 1.97893e-06 3.72746e-10 
0.112503 0.0627985 0.0178349 0.391228 0.293345 4.6444e-07 0.116902 0.00469077 0.000696755 
0.125243 0.0391264 0.161518 0.65263 0.000686976 8.45558e-05 0.00235427 0.00154092 0.0168156 
0.0667939 0.012545 0.0266964 0.03223 0.315641 0.000239521 0.542208 0.00036026 0.00328641 
0.00817969 0.00811242 0.858369 0.0515943 0.000390476 1.40328e-06 0.0327913 0.0405447 1.72405e-05 
0.957135 0.00388034 0.00890252 0.00232167 0.00670708 6.93392e-05 0.0202231 0.000547255 0.000213757 
0.000125594 1.63905e-06 7.67572e-05 0.000246392 4.76345e-05 1.00118e-06 0.000139725 0.000278028 0.999083 
0.138511 0.00204193 0.0320082 0.223062 0.137371 1.40294e-05 0.46119 0.00567826 0.000123899 
0.097267 0.000405581 0.00108968 0.00191872 0.0010291 4.48508e-05 0.612512 0.285552 0.000181178 
0.000125594 1.63905e-06 7.67572e-05 0.000246392 4.76345e-05 1.00118e-06 0.000139725 0.000278028 0.999083 
0.142958 0.0123373 0.00399542 0.0470017 0.332883 0.00142615 0.184949 0.00361295 0.270836 
0.0623206 0.0988765 0.302167 0.000218633 2.04193e-05 8.75942e-07 0.534461 2.57662e-05 0.00190946 
0.0284852 0.00834502 0.0894155 0.815589 0.0193639 4.32744e-05 0.00948223 0.0229935 0.00628195 
0.00520252 0.00479971 0.00533305 0.000832334 0.00444898 0.000572443 0.113657 0.000799733 0.864354 
0.000125594 1.63905e-06 7.67572e-05 0.000246392 4.76345e-05 1.00118e-06 0.000139725 0.000278028 0.999083 
0.000125594 1.63905e-06 7.67572e-05 0.000246392 4.76345e-05 1.00118e-06 0.000139725 0.000278028 0.999083 
0.145634 0.0315474 0.0232981 0.0808242 0.00827094 0.0041044 0.590426 0.0649822 0.0509129 
0.000125594 1.63905e-06 7.67572e-05 0.000246392 4.76345e-05 1.00118e-06 0.000139725 0.000278028 0.999083 
0.482049 0.0513804 0.0372438 0.246945 0.0234101 0.0175002 0.0899759 0.0300364 0.0214591 
0.269703 0.161206 0.0139055 0.0319627 0.0079747 2.39035e-06 0.509988 0.000140557 0.0051166 
0.900788 0.0181839 0.0626805 0.00111582 0.00012745 9.3768e-07 0.0170946 5.88714e-06 3.01528e-06 
0.0991715 0.1554 0.0130597 0.11166 0.133508 1.30457e-07 0.480363 8.15893e-05 0.00675663 
0.01816 0.0867444 0.00732968 0.0634548 0.762616 0.00032865 0.0502521 0.000507726 0.0106066 
0.122454 0.0713459 0.0497083 0.265675 0.0607016 8.32441e-05 0.429803 8.61895e-05 0.000142674 
0.866085 0.022315 0.0183492 0.0229904 0.0320337 0.000190162 0.0307348 0.00143981 0.0058624 
0.513467 0.00266777 0.19997 0.00107085 0.0301059 8.69324e-05 0.0408034 0.00052967 0.211298 
0.438356 0.0114905 0.00420762 0.0466562 0.127523 0.00212975 0.342831 0.014585 0.0122203 
0.0370263 4.17789e-05 0.0420142 0.167642 0.591298 1.59156e-08 0.161978 2.66279e-08 6.42497e-08 
0.0501072 0.00168439 0.0130878 0.0161984 0.0447397 5.87582e-05 0.0533067 0.000990886 0.819826 
0.143649 0.0117199 0.00958224 0.212624 0.0259322 0.00184429 0.458174 0.0307245 0.105749 
