0.433903 0.00130118 0.0523219 0.00104146 0.358957 3.19802e-05 0.142688 0.00174492 0.00801128 
0.226776 0.0212248 0.0241057 0.0762123 0.12712 0.000680568 0.518099 0.00257064 0.00321108 
0.169059 0.0291318 0.0333777 0.0620052 0.0192022 0.00210435 0.584217 0.0962773 0.00462577 
0.000125594 1.63905e-06 7.67572e-05 0.000246392 4.76345e-05 1.00118e-06 0.000139725 0.000278028 0.999083 
0.233158 0.0241343 5.47676e-06 0.0520001 0.413128 1.01001e-09 0.277554 2.31948e-06 1.65707e-05 
0.969964 0.00303473 0.00602527 0.000130707 0.000142418 7.13989e-08 0.0207016 9.15921e-07 4.12146e-07 
0.307167 0.0374987 0.0888675 0.238728 0.111126 0.00117478 0.088462 0.0270991 0.0998767 
0.000125594 1.63905e-06 7.67572e-05 0.000246392 4.76345e-05 1.00118e-06 0.000139725 0.000278028 0.999083 
0.0401466 0.0107661 0.132407 0.12843 0.000366888 2.01532e-07 0.0145553 7.65709e-05 0.673252 
0.00721452 5.25105e-05 0.000141046 0.0128775 0.00771559 5.18587e-05 0.0182145 0.00137334 0.952359 
0.226449 0.0232316 0.00572135 0.00719821 0.596298 8.29865e-07 0.140982 1.77415e-05 0.00010085 
0.959802 0.0170602 0.00413618 0.00307221 0.00341504 8.63229e-05 0.0117485 0.000122834 0.000557069 
0.000125594 1.63905e-06 7.67572e-05 0.000246392 4.76345e-05 1.00118e-06 0.000139725 0.000278028 0.999083 
0.00652885 0.0130863 0.000467645 0.0797255 0.555649 0.000184769 0.215829 0.00402131 0.124508 
0.05654 0.019087 0.0146197 0.587646 0.07769 1.0176e-05 0.186388 0.0579989 1.93902e-05 
0.484222 0.0405726 0.0253955 0.294791 0.0722378 0.00122077 0.0774428 0.0027509 0.00136667 
0.46468 0.00738982 0.40557 0.0826545 0.00920225 3.52288e-05 0.0302577 5.93905e-05 0.000152044 
0.721891 0.0203031 0.0128529 0.120833 0.0399337 0.000279871 0.071592 0.00507085 0.00724384 
0.000125594 1.63905e-06 7.67572e-05 0.000246392 4.76345e-05 1.00118e-06 0.000139725 0.000278028 0.999083 
0.819202 0.0474367 1.22073e-05 5.3955e-06 0.0920391 7.33974e-10 0.0413038 6.66944e-07 2.96298e-09 
0.104233 0.0230566 0.00936424 0.0161413 0.688687 0.00230542 0.133132 0.00354092 0.0195395 
0.150544 0.0208697 0.116929 0.0629531 0.0412483 0.000890785 0.0822646 0.00213731 0.522163 
0.000125594 1.63905e-06 7.67572e-05 0.000246392 4.76345e-05 1.00118e-06 0.000139725 0.000278028 0.999083 
0.200426 0.0606017 0.048187 0.0219682 0.0768002 0.00371568 0.443055 0.0642446 0.081002 
0.616438 0.00485358 0.0478897 0.139539 0.00930664 2.76927e-06 0.17807 0.00388148 1.8711e-05 
0.000125594 1.63905e-06 7.67572e-05 0.000246392 4.76345e-05 1.00118e-06 0.000139725 0.000278028 0.999083 
0.0800584 0.043858 0.048911 0.103852 0.287548 1.98905e-07 0.0853034 4.75757e-05 0.350421 
0.239233 0.0870539 0.0201661 0.0499465 0.00241963 0.000436637 0.59736 0.00190526 0.00147975 
0.934077 0.000648684 0.00471794 0.00554538 0.0296171 6.97115e-05 0.022506 0.00092237 0.00189609 
0.0112125 0.0149424 0.000214278 0.00322568 0.953953 1.23842e-07 0.0163642 8.76806e-05 3.87616e-07 
0.419994 0.0130986 0.0510104 0.0635207 0.0158641 0.00208051 0.348569 0.00283238 0.0830299 
0.473917 0.033953 0.0847008 0.407429 4.34602e-11 2.3775e-11 8.57823e-07 3.97773e-11 9.59774e-11 
0.385554 0.333226 0.0723451 0.00588457 0.0585134 8.52063e-07 0.102952 0.00197199 0.039552 
0.765547 0.00166626 0.000588395 2.48473e-08 0.213191 9.81206e-12 0.0189616 4.57516e-05 1.66499e-07 
0.160377 0.00420539 0.00485816 0.733506 0.0109838 0.00409539 0.0446923 0.0224864 0.0147951 
0.114634 0.00422327 0.00973217 0.0401306 0.699914 4.86746e-08 0.12889 0.00247629 2.37938e-07 
0.000125594 1.63905e-06 7.67572e-05 0.000246392 4.76345e-05 1.00118e-06 0.000139725 0.000278028 0.999083 
0.0971317 0.0151468 0.05054 0.00570536 0.710606 2.59268e-06 0.0742541 0.000486538 0.0461266 
0.639119 0.0156991 0.0104871 0.00413194 0.271513 4.74764e-12 0.0573174 0.000863748 0.000868566 
0.777699 0.0330534 0.00120163 0.0192308 0.0452948 2.38732e-05 0.108559 0.00499281 0.00994492 
0.0196343 1.08452e-05 0.323552 0.373787 0.00243142 5.23008e-08 0.242854 0.0376552 7.54503e-05 
0.230048 0.00441989 0.37901 0.379026 0.000198996 5.97783e-05 0.00440292 0.00075811 0.00207648 
0.00817969 0.00811242 0.858369 0.0515943 0.000390476 1.40328e-06 0.0327913 0.0405447 1.72405e-05 
0.363256 0.0236064 0.0633419 0.353321 0.0223411 0.00535264 0.143796 0.0191921 0.00579266 
0.0310142 0.0845187 0.835251 0.0199727 0.00499108 3.33632e-05 0.000158301 0.0240062 5.47628e-05 
0.00648682 7.80867e-07 1.29802e-05 0.276311 0.0476719 4.20282e-07 0.0571516 0.000241068 0.612123 
0.318373 0.0296759 0.0820388 0.0746703 0.0580895 6.38935e-05 0.411355 8.21164e-05 0.0256512 
0.860402 0.0141174 0.0201105 0.0891564 0.0133287 5.10496e-09 0.00288539 8.54095e-09 2.06082e-08 
0.012752 0.030209 0.882725 0.0595638 0.00418201 1.04716e-07 0.0103821 1.02547e-05 0.000175978 
0.244479 0.00128229 0.00155729 0.0135087 0.468157 5.83604e-08 0.239112 0.000887664 0.0310164 
0.000125594 1.63905e-06 7.67572e-05 0.000246392 4.76345e-05 1.00118e-06 0.000139725 0.000278028 0.999083 
0.797911 0.101044 0.00412577 0.0441159 0.0118059 1.18113e-05 0.0408862 8.03917e-05 1.8544e-05 
0.000125594 1.63905e-06 7.67572e-05 0.000246392 4.76345e-05 1.00118e-06 0.000139725 0.000278028 0.999083 
0.146271 0.0117613 0.0326245 0.135669 0.0256076 0.000499246 0.0518972 0.594842 0.000828029 
1.16835e-05 5.26848e-05 6.2782e-05 1.78188e-05 0.999593 3.75629e-09 0.000248816 1.32038e-05 1.51638e-08 
0.0967345 0.00148887 0.00208501 0.645257 0.146216 6.33375e-05 0.0707827 0.0347672 0.00260476 
0.238038 1.24679e-05 0.00434827 0.000897637 0.000294146 2.47517e-08 0.756383 1.81261e-05 8.58224e-06 
0.434187 0.190001 0.00351616 0.285955 0.0321325 0.000111882 0.0536222 0.000226985 0.000248106 
0.23822 0.0166625 0.00781299 0.335135 0.0646114 0.00525147 0.251803 0.0289108 0.0515924 
0.114634 0.00422327 0.00973217 0.0401306 0.699914 4.86746e-08 0.12889 0.00247629 2.37938e-07 
0.382195 0.00913304 0.00436554 0.288361 0.0563315 0.00203568 0.207285 0.0448982 0.00539507 
0.107739 0.00603995 0.00144067 0.867059 0.000292418 1.68313e-05 0.0169463 0.000370662 9.52366e-05 
0.338651 0.001859 0.011429 0.019741 0.0475484 0.00134347 0.0503743 0.00195765 0.527096 
0.367039 0.0241484 0.0199651 0.0932035 0.236574 0.00293868 0.0190868 0.154884 0.0821594 
0.439528 0.0212725 0.126189 0.146871 0.06524 2.54851e-07 0.199458 0.000156801 0.00128452 
0.385994 0.0215055 0.592146 1.56407e-05 0.000303536 2.32609e-07 1.85575e-06 5.79391e-07 3.26691e-05 
0.456874 0.00713206 0.0213175 0.0219209 0.109544 0.000252588 0.0242129 0.00589438 0.352851 
0.00261004 0.000319456 0.00439356 0.862115 0.0423419 1.18002e-06 0.0881856 2.29739e-05 1.07479e-05 
0.0306287 0.0285454 0.100078 0.825378 0.0105286 8.18217e-07 0.00478227 5.58099e-05 2.03625e-06 
0.150153 0.00339992 0.602682 0.0950917 0.00343968 0.000144683 0.00390225 0.00174076 0.139446 
0.501108 0.0161892 0.0598608 0.341003 0.0107005 0.0016178 0.0573222 0.00324368 0.00895482 
0.0297499 0.00278562 5.51854e-05 0.966333 0.000211144 3.84586e-06 0.000839692 6.4344e-06 1.55254e-05 
0.938298 0.00793588 0.0117667 0.0163186 0.00267874 0.000160119 0.0202025 0.000187681 0.00245165 
0.106273 0.00434788 0.0707367 0.435655 0.014555 0.000256225 0.3543 0.000588437 0.0132876 
0.192606 0.111625 0.0848158 0.101312 0.342278 7.33407e-05 0.146535 9.18299e-05 0.0206637 
0.220186 0.0285935 0.0544834 0.0898092 0.0301519 0.000385237 0.353016 0.00313223 0.220243 
0.0798099 0.201566 0.000453643 0.0123723 0.00038703 0.000129157 0.683962 0.0210727 0.000247738 
0.239233 0.0870539 0.0201661 0.0499465 0.00241963 0.000436637 0.59736 0.00190526 0.00147975 
0.235716 0.0266579 0.00700035 0.00819532 0.375592 0.000510239 0.188696 0.00877599 0.148857 
0.441676 0.00188148 0.286143 0.00656833 0.00723718 0.00163928 0.0668047 0.0522165 0.135834 
0.0105187 0.000575638 0.943596 0.000547584 0.0446838 1.73286e-07 7.13896e-05 6.42404e-06 6.99539e-07 
0.100457 0.0903255 0.00915162 0.0466386 0.0466983 8.78546e-08 0.706514 1.46987e-07 0.000215124 
0.000125594 1.63905e-06 7.67572e-05 0.000246392 4.76345e-05 1.00118e-06 0.000139725 0.000278028 0.999083 
0.0471245 0.345366 0.00251189 0.0118608 0.111855 1.57857e-05 0.164663 4.27854e-05 0.316561 
0.639119 0.0156991 0.0104871 0.00413194 0.271513 4.74764e-12 0.0573174 0.000863748 0.000868566 
0.0552497 0.000145827 0.0156626 0.568032 0.00219134 1.12101e-06 0.106653 0.0843906 0.167674 
0.000125594 1.63905e-06 7.67572e-05 0.000246392 4.76345e-05 1.00118e-06 0.000139725 0.000278028 0.999083 
0.0335209 0.000534518 0.00252743 0.0766339 0.224852 9.87686e-09 0.0290895 0.00907265 0.623769 
0.275085 0.0659127 0.00351537 0.0417291 0.0316912 0.00271679 0.0544923 0.520296 0.00456104 
0.4938 0.0218419 0.262329 0.167431 0.0120836 0.00100955 0.0362584 0.00327814 0.00196866 
0.055268 0.615893 0.327398 0.000492502 5.85116e-11 3.20089e-11 0.000947924 5.35531e-11 1.29217e-10 
0.426447 0.00800421 0.116519 0.0261433 0.201892 0.000361521 0.0638103 0.0459159 0.110908 
0.0822959 0.00113462 0.00114461 0.650537 0.220087 2.74556e-10 0.0445244 0.000275276 1.34226e-06 
0.0516108 0.0264001 0.0194512 0.029377 0.255795 9.92359e-07 0.253354 0.0158768 0.348134 
0.000125594 1.63905e-06 7.67572e-05 0.000246392 4.76345e-05 1.00118e-06 0.000139725 0.000278028 0.999083 
0.207255 0.00822859 0.102448 0.0748023 0.128726 0.000162069 0.146103 0.000450964 0.331824 
0.141121 0.0155224 0.00705234 0.0549367 0.0185257 0.00669669 0.436489 0.308165 0.011492 
0.837872 0.00119994 0.00471242 0.130133 0.00426838 8.75365e-05 0.0167509 0.0001272 0.00484803 
0.00209413 0.0053532 0.00892448 0.215669 0.761421 1.38198e-09 0.00653332 1.16055e-06 3.41914e-06 
0.212406 0.00420508 0.0104112 0.0254393 0.0941481 0.000900575 0.0126602 0.218249 0.42158 
0.0453953 0.0393598 0.637803 0.00221114 0.0777458 5.51303e-07 0.194698 0.00278494 2.22555e-06 
0.179697 0.00247062 0.109022 0.202185 0.0192503 0.00158788 0.460896 0.0231872 0.00170416 
0.0138104 6.53199e-06 0.0575354 0.0104541 0.86519 2.97784e-06 0.0512962 0.000274229 0.00143054 
0.00392816 0.0217247 0.0675631 0.875294 0.00316752 1.61656e-09 0.0039771 1.4419e-07 0.024345 
0.00209413 0.0053532 0.00892448 0.215669 0.761421 1.38198e-09 0.00653332 1.16055e-06 3.41914e-06 
0.000125594 1.63905e-06 7.67572e-05 0.000246392 4.76345e-05 1.00118e-06 0.000139725 0.000278028 0.999083 
0.000125594 1.63905e-06 7.67572e-05 0.000246392 4.76345e-05 1.00118e-06 0.000139725 0.000278028 0.999083 
0.147648 0.269007 0.0201115 0.0140889 0.142953 0.00554836 0.312088 0.0191724 0.0693818 
0.0240516 0.0037895 0.0062021 0.100962 0.633572 4.16338e-07 0.21624 2.95621e-05 0.0151527 
0.411316 0.0689714 0.351326 0.0821562 0.0139808 0.000488697 0.0647434 0.000930568 0.00608757 
0.113036 0.0420115 0.00161047 0.00468713 0.0178576 0.000819827 0.814088 0.00282255 0.00306643 
0.746108 0.00362784 0.0119592 0.0357721 0.0124299 0.00114789 0.04221 0.0108016 0.135943 
0.900788 0.0181839 0.0626805 0.00111582 0.00012745 9.3768e-07 0.0170946 5.88714e-06 3.01528e-06 
0.264005 0.0329565 0.363324 0.319591 0.00206576 0.000437712 0.01264 0.0043808 0.000599729 
0.535389 0.00513855 0.247122 0.0627249 0.0115807 2.79206e-06 0.133682 0.00193667 0.00242417 
0.241677 0.0154642 6.59371e-05 2.55771e-05 0.375088 2.96631e-06 0.336361 0.0312907 2.48851e-05 
0.00864257 0.136823 0.0166262 0.000164269 0.744567 8.4303e-09 0.0917306 0.00144598 3.40323e-08 
0.0152464 0.000416818 0.00435697 0.0172233 0.000791497 0.00030874 0.00524421 0.637616 0.318796 
0.880295 0.00579381 0.00957491 0.101495 0.0019847 4.22741e-08 0.000855679 2.09182e-07 3.40506e-07 
0.0218827 0.000162773 0.000251373 0.0165286 0.959499 7.81703e-08 0.00129725 7.88793e-05 0.000298902 
0.0968614 0.108563 0.103708 0.377708 0.0688371 0.000205113 0.23433 0.000210954 0.0095753 
0.142171 0.0193939 0.0215919 0.0312403 0.402972 0.00985954 0.0108531 0.0939986 0.26792 
0.885156 6.19769e-05 0.0021578 0.00104236 0.000869369 3.00512e-07 0.11065 5.58639e-05 6.55159e-06 
0.834616 0.00744574 0.0388874 0.027383 0.0298852 0.001772 0.0493521 0.00697757 0.00368051 
0.927851 0.015066 0.00746297 0.0209324 0.00199305 5.31992e-05 0.0187334 5.55956e-05 0.00785237 
0.000125594 1.63905e-06 7.67572e-05 0.000246392 4.76345e-05 1.00118e-06 0.000139725 0.000278028 0.999083 
0.372106 0.0301653 0.00181816 0.0422151 0.43164 0.000494127 0.0754935 0.0342818 0.0117858 
0.171271 0.055564 0.142235 0.17738 0.434242 0.000173751 0.0110119 0.00198244 0.00613902 
0.288846 0.00157204 0.271918 0.142311 0.0298317 8.87238e-06 0.265461 3.90057e-05 1.24971e-05 
0.399139 1.48693e-08 0.022173 0.174022 0.00477865 9.23347e-11 0.399886 1.97893e-06 3.72746e-10 
7.80463e-05 8.81823e-05 0.000137963 0.000114782 0.00327473 6.94896e-09 0.00164124 0.000186028 0.994479 
0.238501 0.124238 0.0298476 0.0420464 0.00641666 0.000642185 0.555722 0.00117721 0.0014092 
0.000125594 1.63905e-06 7.67572e-05 0.000246392 4.76345e-05 1.00118e-06 0.000139725 0.000278028 0.999083 
0.321235 0.0102434 0.0551853 0.53679 0.000854089 0.000313278 0.0517932 0.0231308 0.000454782 
0.215906 0.00852141 0.00355011 0.129066 0.293852 1.90267e-07 0.313691 0.00277733 0.0326366 
0.513467 0.00266777 0.19997 0.00107085 0.0301059 8.69324e-05 0.0408034 0.00052967 0.211298 
0.266995 0.170912 0.0465683 0.0376832 0.404936 0.000172331 0.0709934 0.00150961 0.00023091 
0.0775644 0.0429413 0.00287549 0.0254265 0.576659 7.34321e-05 0.192425 0.00286479 0.0791706 
0.894238 0.057089 0.0292988 0.0178975 0.00106141 1.938e-08 0.000389542 2.55336e-05 7.82353e-08 
0.0798099 0.201566 0.000453643 0.0123723 0.00038703 0.000129157 0.683962 0.0210727 0.000247738 
0.163987 0.0701401 0.00812842 0.0230327 0.476206 0.00312474 0.212729 0.00537932 0.0372726 
0.0226832 0.0532566 8.46258e-05 0.0232942 0.731378 2.84241e-09 0.169298 5.76832e-06 1.14745e-08 
0.000125594 1.63905e-06 7.67572e-05 0.000246392 4.76345e-05 1.00118e-06 0.000139725 0.000278028 0.999083 
0.680273 0.0589338 0.08838 0.0769442 0.00528989 0.00207591 0.0770313 0.00699757 0.004074 
0.34031 0.0287282 0.016336 0.0762588 0.274503 0.00240503 0.0156174 0.155898 0.0899434 
0.239233 0.0870539 0.0201661 0.0499465 0.00241963 0.000436637 0.59736 0.00190526 0.00147975 
0.000125594 1.63905e-06 7.67572e-05 0.000246392 4.76345e-05 1.00118e-06 0.000139725 0.000278028 0.999083 
0.817979 0.00956622 0.150731 0.000419798 2.93475e-07 1.40505e-07 0.0211966 0.000106302 8.92318e-07 
0.295706 0.0215342 0.0164907 0.226641 0.067986 0.000644291 0.256493 0.112967 0.00153788 
0.885156 6.19769e-05 0.0021578 0.00104236 0.000869369 3.00512e-07 0.11065 5.58639e-05 6.55159e-06 
0.00721452 5.25105e-05 0.000141046 0.0128775 0.00771559 5.18587e-05 0.0182145 0.00137334 0.952359 
0.121389 0.111429 6.03059e-06 0.230786 0.00504302 3.33918e-11 0.531347 1.22963e-07 1.34799e-10 
0.182331 0.0740875 0.0386527 0.130558 0.284605 0.00143743 0.125806 0.0932796 0.0692422 
0.147079 0.229883 0.000365639 0.019086 0.00307409 9.53104e-05 0.262831 0.336845 0.000740741 
0.000713154 6.01935e-05 0.0534879 0.665084 0.00101977 1.46899e-06 0.279316 2.45773e-06 0.000315738 
0.444971 0.00786407 0.0904522 0.110466 0.0121607 2.6573e-07 0.0466773 0.287408 3.95311e-07 
0.024696 0.0195046 0.00117972 3.17191e-05 0.828697 8.23255e-08 0.119246 2.78355e-05 0.00661735 
0.0298903 0.0801869 0.0510489 0.0437026 0.181955 5.01883e-07 0.60825 0.000638822 0.00432669 
0.0380754 0.025684 0.0148552 0.0623271 0.0117924 0.00146718 0.712703 0.077039 0.0560573 
0.287682 0.010346 0.0213423 0.031591 0.4022 0.00452106 0.19543 0.0108694 0.0360184 
0.822739 0.00488529 0.00790329 0.0192769 0.00776772 0.00342172 0.0199683 0.108869 0.00516946 
0.0112125 0.0149424 0.000214278 0.00322568 0.953953 1.23842e-07 0.0163642 8.76806e-05 3.87616e-07 
0.114244 0.0156851 0.00247683 0.00250606 0.746052 2.35424e-05 0.118146 0.000339183 0.000528014 
0.366529 0.0581265 0.081701 0.187415 0.0248905 1.47535e-05 0.27993 0.000372953 0.00102025 
0.105092 0.0234702 0.0308768 0.272186 0.403431 0.000483175 0.0377621 0.109723 0.0169748 
0.00877474 0.00288308 0.00177246 0.974512 0.0061002 4.29101e-10 0.00589905 1.01182e-05 4.84193e-05 
0.214178 0.00383507 0.0118927 0.727893 0.00290294 2.97659e-06 0.0388579 7.14127e-06 0.000430371 
0.000360541 0.000512054 0.00576177 0.000848367 0.00392416 3.38594e-08 0.988593 5.66491e-08 1.36687e-07 
0.399139 1.48693e-08 0.022173 0.174022 0.00477865 9.23347e-11 0.399886 1.97893e-06 3.72746e-10 
0.0161058 0.0867151 0.0199302 2.53725e-05 0.814384 7.85025e-07 0.0569851 0.000195656 0.00565798 
0.51309 0.13963 0.310485 0.0346931 4.01583e-05 4.053e-06 3.71862e-05 1.10816e-05 0.00200948 
0.000125594 1.63905e-06 7.67572e-05 0.000246392 4.76345e-05 1.00118e-06 0.000139725 0.000278028 0.999083 
0.0196343 1.08452e-05 0.323552 0.373787 0.00243142 5.23008e-08 0.242854 0.0376552 7.54503e-05 
0.316778 0.0199277 1.77925e-05 6.38338e-06 0.215283 1.86712e-06 0.446346 0.00162738 1.18586e-05 
0.367039 0.0241484 0.0199651 0.0932035 0.236574 0.00293868 0.0190868 0.154884 0.0821594 
0.364424 0.00187598 0.0300253 0.505375 0.000806036 0.000281798 0.0923163 0.000514955 0.00438119 
1.32697e-06 1.05934e-05 1.54799e-10 0.0022378 0.000524845 1.52828e-10 0.997225 2.55948e-07 2.47397e-07 
0.564653 0.0390479 0.0385325 0.0450418 0.0123308 0.00138154 0.0812903 0.00670381 0.211018 
0.00817969 0.00811242 0.858369 0.0515943 0.000390476 1.40328e-06 0.0327913 0.0405447 1.72405e-05 
0.426089 0.0143472 0.0021235 0.000652984 0.000991467 7.93536e-05 0.5554 0.000202181 0.000114158 
0.000125594 1.63905e-06 7.67572e-05 0.000246392 4.76345e-05 1.00118e-06 0.000139725 0.000278028 0.999083 
0.399139 1.48693e-08 0.022173 0.174022 0.00477865 9.23347e-11 0.399886 1.97893e-06 3.72746e-10 
0.184444 0.126321 0.00426103 0.143204 0.221733 0.000540092 0.315448 0.00187104 0.00217844 
0.0755725 0.00391759 0.000643482 0.00126318 0.425422 3.29215e-05 0.462886 7.30114e-05 0.0301889 
0.0156222 0.0100599 0.00544918 0.179703 0.00963773 3.89101e-05 0.77616 0.0032205 0.000108995 
0.117052 0.0109246 8.01674e-05 0.017742 0.00441328 7.63798e-05 0.838197 0.00101847 0.0104964 
0.722114 0.000213646 0.0364674 0.168604 0.000227181 4.58261e-07 0.0712452 0.00112383 5.09126e-06 
0.399139 1.48693e-08 0.022173 0.174022 0.00477865 9.23347e-11 0.399886 1.97893e-06 3.72746e-10 
0.332109 0.125208 0.0230841 0.198669 0.181757 2.93048e-05 0.137772 0.00112722 0.000244893 
0.765898 0.00220422 0.032904 0.0306285 0.0290498 2.71303e-10 0.139316 4.53909e-10 1.09522e-09 
0.0499098 4.57856e-05 0.00632267 0.00363701 0.844589 1.89658e-07 0.0949102 0.000327286 0.000257827 
0.298 0.00869014 0.0224275 0.261755 0.095586 8.38513e-05 0.136244 0.052051 0.125163 
0.150331 0.0647469 0.209904 0.106006 0.0550021 8.04227e-07 0.383945 0.00128742 0.0287769 
0.172157 0.000219374 0.00146949 0.000508851 0.818855 1.15553e-05 0.00566791 9.75199e-05 0.00101348 
0.589294 0.00333597 0.207521 0.0389956 0.00383074 0.00162638 0.0622639 0.0198693 0.073263 
0.012752 0.030209 0.882725 0.0595638 0.00418201 1.04716e-07 0.0103821 1.02547e-05 0.000175978 
0.938298 0.00793588 0.0117667 0.0163186 0.00267874 0.000160119 0.0202025 0.000187681 0.00245165 
0.0537104 0.0592336 0.142816 0.0309203 0.473905 1.40601e-10 0.232414 0.000120164 0.00688038 
0.834567 6.02547e-05 1.21832e-08 0.000210088 0.164637 1.20281e-08 0.000175825 2.01238e-08 0.00034965 
0.183151 0.0119782 0.476135 0.0233506 0.000970595 6.23538e-06 0.303831 0.000253607 0.000323396 
0.0146282 0.531576 0.127023 0.0141037 0.0321757 0.00105151 0.123318 0.00476556 0.151359 
0.363256 0.0236064 0.0633419 0.353321 0.0223411 0.00535264 0.143796 0.0191921 0.00579266 
0.747819 0.011056 0.0458943 0.0643309 0.0607103 0.000974676 0.0516972 0.00497515 0.0125424 
0.000125594 1.63905e-06 7.67572e-05 0.000246392 4.76345e-05 1.00118e-06 0.000139725 0.000278028 0.999083 
0.319389 0.0447968 0.0608848 0.17023 0.0526359 0.000755933 0.111555 0.00394543 0.235808 
0.243784 0.00243551 0.217395 0.51951 9.70294e-05 9.30671e-06 0.00130638 0.0146068 0.000854995 
0.922312 0.0302719 0.000856814 0.00105274 0.0281782 0.000130291 0.0162028 0.00026989 0.000725689 
0.00470693 1.88915e-05 0.159962 0.0259251 0.478377 1.22736e-05 0.00325684 0.000148915 0.327592 
0.316733 0.127421 0.109938 0.0692826 0.0745632 0.000360369 0.23908 0.0013785 0.0612431 
0.969964 0.00303473 0.00602527 0.000130707 0.000142418 7.13989e-08 0.0207016 9.15921e-07 4.12146e-07 
0.338936 0.103309 0.0366516 0.337091 0.0550326 0.000226431 0.0960732 0.000346916 0.032333 
0.000125594 1.63905e-06 7.67572e-05 0.000246392 4.76345e-05 1.00118e-06 0.000139725 0.000278028 0.999083 
0.312496 0.0507501 0.104735 0.19118 0.0166423 1.07965e-11 0.324196 1.73425e-07 2.44115e-07 
0.16658 0.100571 0.000172958 0.00815324 0.68315 5.17819e-05 0.0395837 0.00149997 0.000237615 
0.134811 0.0504253 0.111055 0.401497 0.155462 5.74734e-07 0.0241521 0.000141642 0.122455 
0.000125594 1.63905e-06 7.67572e-05 0.000246392 4.76345e-05 1.00118e-06 0.000139725 0.000278028 0.999083 
0.147079 0.229883 0.000365639 0.019086 0.00307409 9.53104e-05 0.262831 0.336845 0.000740741 
0.00687683 0.00132823 0.00159481 0.00704898 0.000399424 0.000226315 0.00201468 0.362341 0.61817 
0.0699619 0.026503 0.0520884 0.0184067 0.429543 0.00047246 0.15252 0.00140599 0.249099 
0.254979 0.648626 0.00572425 0.0234729 0.00578131 0.000171312 0.060311 0.000688265 0.000246191 
0.634083 0.0154694 0.249395 0.0570656 0.00858788 0.000904202 0.0157455 0.0172525 0.00149763 
0.00995109 0.0101166 0.00196266 0.971944 0.00466506 4.29628e-08 0.00125204 0.000107891 1.73437e-07 
0.315086 0.106406 0.0420781 0.0758744 0.138959 0.000178081 0.2831 0.00022318 0.0380956 
0.122465 0.153239 0.00326255 0.131895 0.141461 0.000522819 0.440094 0.00549396 0.00156586 
0.0560876 0.026054 0.833276 0.0699571 0.0049271 1.00613e-05 0.00771846 0.00112201 0.000847557 
0.000125594 1.63905e-06 7.67572e-05 0.000246392 4.76345e-05 1.00118e-06 0.000139725 0.000278028 0.999083 
0.304431 0.0703855 0.0120605 0.47045 0.0139162 0.00629816 0.0938453 0.021334 0.00727948 
0.000125594 1.63905e-06 7.67572e-05 0.000246392 4.76345e-05 1.00118e-06 0.000139725 0.000278028 0.999083 
0.0196343 1.08452e-05 0.323552 0.373787 0.00243142 5.23008e-08 0.242854 0.0376552 7.54503e-05 
8.4121e-06 0.0418221 0.0400561 0.596369 0.0128534 1.07734e-06 0.308877 2.70278e-06 1.02145e-05 
0.411378 0.4047 0.123272 0.0288534 0.00948677 1.20754e-10 0.022303 5.74917e-06 4.8747e-10 
0.367039 0.0241484 0.0199651 0.0932035 0.236574 0.00293868 0.0190868 0.154884 0.0821594 
0.938298 0.00793588 0.0117667 0.0163186 0.00267874 0.000160119 0.0202025 0.000187681 0.00245165 
0.166629 0.0028559 0.0394849 0.018288 0.677772 8.63444e-05 0.0833066 0.0113608 0.000215826 
0.301266 0.0074049 0.0139013 0.0306203 0.00538606 0.00311763 0.120433 0.117477 0.400393 
0.0575448 0.207347 0.00619108 0.0940603 0.479178 2.04164e-09 0.15565 2.66008e-05 1.57321e-06 
0.0104628 0.00311011 0.00529034 0.00521924 0.00283768 2.25947e-05 0.0436821 0.000178701 0.929196 
0.0242665 0.155437 0.121003 0.000439546 0.180908 0.00024598 0.344268 0.000716538 0.172715 
0.484373 0.00143082 0.308973 0.165801 0.00305958 0.00133277 0.0125674 0.0163769 0.00608565 
0.0160849 0.000288469 0.0608804 0.898242 0.00386703 9.17981e-09 0.00800379 0.0125976 3.63006e-05 
0.0515062 0.0108034 0.0190245 0.227574 0.289579 0.000104878 0.368313 0.00239794 0.0306979 
0.253744 0.000297008 0.160277 0.578249 8.76124e-05 1.63357e-05 0.00277386 0.00431608 0.000239623 
0.000125594 1.63905e-06 7.67572e-05 0.000246392 4.76345e-05 1.00118e-06 0.000139725 0.000278028 0.999083 
0.000125594 1.63905e-06 7.67572e-05 0.000246392 4.76345e-05 1.00118e-06 0.000139725 0.000278028 0.999083 
0.000125594 1.63905e-06 7.67572e-05 0.000246392 4.76345e-05 1.00118e-06 0.000139725 0.000278028 0.999083 
0.660285 0.0450434 0.139668 0.0935873 0.0023483 0.000102935 0.0458881 0.00787815 0.00519891 
0.0509205 0.00363657 0.00859994 0.00526212 0.686874 0.00048043 0.222366 0.0115978 0.010263 
0.934077 0.000648684 0.00471794 0.00554538 0.0296171 6.97115e-05 0.022506 0.00092237 0.00189609 
0.0298903 0.0801869 0.0510489 0.0437026 0.181955 5.01883e-07 0.60825 0.000638822 0.00432669 
0.81073 5.10383e-05 4.25051e-06 7.58595e-06 0.0233269 2.51818e-06 0.165842 3.51114e-06 3.25225e-05 
0.801741 0.00307579 0.103448 0.0530491 0.00726381 0.000423952 0.026395 0.00339014 0.00121413 
0.208844 0.00361417 0.03043 0.738538 0.00165347 0.00100545 0.00605113 0.00699132 0.00287195 
0.143648 0.0829812 0.0385036 0.634898 0.0114703 5.62632e-06 0.08641 8.86407e-05 0.00199464 
0.0733797 0.163663 0.00261078 0.119464 0.196316 3.87925e-05 0.444246 0.000203611 7.78823e-05 
0.164566 0.0970494 0.0170748 0.0891701 0.070524 0.000733072 0.528715 0.00173411 0.0304332 
0.872207 0.00344893 0.0608228 0.00473216 0.0102427 0.000129794 0.0217665 0.00661802 0.0200327 
0.07158 0.00241109 0.0512225 0.773566 0.0752723 8.61933e-05 0.0234532 0.00227364 0.000135453 
0.406815 0.0257771 3.33483e-06 0.567336 7.08717e-06 3.54251e-09 4.17373e-05 1.98759e-05 1.43008e-08 
0.310458 0.00263305 0.0300901 0.335208 0.146114 1.81836e-07 0.175497 2.60776e-07 5.76807e-07 
0.79512 0.00307283 0.0542916 0.0325322 0.0228005 4.41337e-08 0.036157 0.000198226 0.0558272 
0.400546 0.073776 0.017754 0.128713 0.0197872 0.00032421 0.21663 0.142097 0.000372592 
0.032612 0.0359615 0.00262684 9.56268e-05 0.0814482 7.21321e-07 0.831807 0.015318 0.000130413 
0.107775 0.0261016 0.0306367 0.123785 0.104003 0.0112296 0.523606 0.0478701 0.0249941 
0.194682 0.00746262 0.232007 0.523958 0.0117085 0.00155353 0.0089371 0.016971 0.00272086 
0.000125594 1.63905e-06 7.67572e-05 0.000246392 4.76345e-05 1.00118e-06 0.000139725 0.000278028 0.999083 
0.737744 0.00841682 0.087935 0.0634927 0.00700917 0.000202706 0.0921524 0.000296864 0.00275024 
0.000125594 1.63905e-06 7.67572e-05 0.000246392 4.76345e-05 1.00118e-06 0.000139725 0.000278028 0.999083 
0.0112125 0.0149424 0.000214278 0.00322568 0.953953 1.23842e-07 0.0163642 8.76806e-05 3.87616e-07 
0.142029 0.24822 7.1605e-06 0.254248 0.247525 3.66267e-10 0.10797 6.12791e-10 1.77577e-06 
0.363256 0.0236064 0.0633419 0.353321 0.0223411 0.00535264 0.143796 0.0191921 0.00579266 
0.0413756 0.100736 0.176875 0.17135 0.334508 0.000154738 0.145107 0.00023265 0.0296613 
0.513467 0.00266777 0.19997 0.00107085 0.0301059 8.69324e-05 0.0408034 0.00052967 0.211298 
0.0595618 1.05483e-05 0.0249463 0.0142559 0.00457984 6.07126e-11 0.896646 1.01576e-10 2.45091e-10 
0.00563015 0.000200007 4.56326e-06 0.0285094 0.740332 2.75936e-06 0.212646 0.0124986 0.000176664 
0.513467 0.00266777 0.19997 0.00107085 0.0301059 8.69324e-05 0.0408034 0.00052967 0.211298 
0.105749 0.229143 0.0077911 0.132187 0.267652 0.000675194 0.2381 0.00341557 0.015287 
0.0381434 0.0828578 0.00265342 0.0557209 0.0362104 6.27938e-05 0.781331 0.000708163 0.00231262 
0.00602744 0.00744984 0.790496 0.13231 0.000418397 1.04934e-06 0.063262 8.05939e-06 2.78027e-05 
0.114634 0.00422327 0.00973217 0.0401306 0.699914 4.86746e-08 0.12889 0.00247629 2.37938e-07 
0.193087 0.0520495 0.0380299 0.0386128 0.469638 0.000215564 0.19829 0.000657076 0.00942002 
0.924926 0.00387597 0.0409682 0.0014616 0.0036691 2.75735e-05 0.0131867 5.01246e-05 0.0118344 
0.170607 0.0146546 0.00444728 0.0107383 0.676898 0.000251207 0.0295507 0.000318905 0.0925335 
0.115171 0.121377 0.00224412 0.0059567 0.294813 0.00202555 0.182606 0.00742403 0.268382 
0.00648682 7.80867e-07 1.29802e-05 0.276311 0.0476719 4.20282e-07 0.0571516 0.000241068 0.612123 
0.332834 0.0600241 0.0279061 0.160661 0.267133 0.000138914 0.146743 0.00342873 0.00113219 
0.572165 0.000118922 0.400125 0.00620845 0.00833147 9.38149e-13 0.00509263 1.41357e-05 0.00794453 
0.969964 0.00303473 0.00602527 0.000130707 0.000142418 7.13989e-08 0.0207016 9.15921e-07 4.12146e-07 
0.000125594 1.63905e-06 7.67572e-05 0.000246392 4.76345e-05 1.00118e-06 0.000139725 0.000278028 0.999083 
0.112041 0.00892979 0.109941 0.679825 0.00375806 6.01882e-05 0.00308544 0.069838 0.0125212 
0.0148445 0.0043077 0.295872 0.421823 0.000219943 3.77141e-06 0.00378144 0.00500696 0.254141 
0.0382657 0.0187628 0.00109209 0.041135 0.298047 0.000163848 0.439347 0.0114373 0.151749 
0.0245254 0.00478431 0.010576 0.0079911 0.759186 3.00298e-05 0.116214 0.00138533 0.0753077 
0.914243 0.000124244 0.0440291 0.0330011 1.78387e-07 7.07053e-11 0.00860254 1.18295e-10 2.8543e-10 
0.0801653 0.00867032 0.0141635 0.00447755 0.740312 0.000101525 0.063349 0.00123221 0.0875288 
0.171684 4.82602e-05 0.119601 0.00242863 0.620625 1.587e-10 0.0855007 0.000105862 6.05682e-06 
0.149954 0.0255104 0.550333 0.234674 0.00912449 1.22923e-05 0.0262568 3.19556e-05 0.00410363 
0.000125594 1.63905e-06 7.67572e-05 0.000246392 4.76345e-05 1.00118e-06 0.000139725 0.000278028 0.999083 
0.0671483 0.0505271 0.019376 0.848946 0.00969374 1.87444e-06 0.00142819 0.00287655 2.23169e-06 
0.0872802 0.00625001 0.00130891 0.012687 0.768452 9.56278e-05 0.121097 0.000397864 0.00243192 
0.513467 0.00266777 0.19997 0.00107085 0.0301059 8.69324e-05 0.0408034 0.00052967 0.211298 
0.0156222 0.0100599 0.00544918 0.179703 0.00963773 3.89101e-05 0.77616 0.0032205 0.000108995 
0.192749 0.0289659 0.00149681 0.0798666 0.587281 1.6991e-05 0.107564 0.00163653 0.000423085 
0.726629 0.0096305 0.0369446 0.0600063 0.00398032 8.15176e-08 0.131609 0.000323645 0.0308769 
0.183267 0.0252197 0.0203221 0.48656 0.0183344 4.64725e-05 0.256764 0.00897016 0.000516034 
0.00387691 0.0084782 0.0131575 0.917642 0.0365936 2.22426e-07 0.0199806 3.72135e-07 0.000270272 
0.000125594 1.63905e-06 7.67572e-05 0.000246392 4.76345e-05 1.00118e-06 0.000139725 0.000278028 0.999083 
0.459371 0.112582 0.0338345 0.349396 0.000839261 6.1052e-06 0.0435429 0.000247723 0.000180912 
0.0623254 0.0103865 0.00493484 0.0333192 0.256915 1.69109e-05 0.207355 0.00238786 0.422358 
0.0523146 0.00106155 0.84537 0.0922223 0.00065387 2.18621e-08 0.00817712 0.000197219 3.19398e-06 
0.0335919 0.0915775 0.00986879 0.000813849 0.262409 7.97342e-05 0.600832 0.00024854 0.00057879 
0.765547 0.00166626 0.000588395 2.48473e-08 0.213191 9.81206e-12 0.0189616 4.57516e-05 1.66499e-07 
0.625634 0.00694255 0.00221164 0.0124842 0.099913 2.92144e-05 0.250779 0.000154789 0.00185151 
0.0422893 0.0374653 0.0204095 0.0955396 0.451567 3.3452e-05 0.132167 0.00138103 0.219148 
0.121797 0.116188 0.0121325 0.0629154 0.415894 0.0113051 0.212029 0.0132418 0.0344967 
0.000125594 1.63905e-06 7.67572e-05 0.000246392 4.76345e-05 1.00118e-06 0.000139725 0.000278028 0.999083 
0.916743 0.000560596 0.0420487 0.00180196 0.0208015 9.09851e-06 0.0155185 1.4663e-05 0.00250188 
0.835301 0.00164686 0.0021582 4.16503e-06 0.16087 4.8304e-07 1.24457e-05 3.18265e-06 4.05234e-06 
0.68128 0.00534106 0.207947 0.0795852 0.000799025 0.00044521 0.0234886 0.000542124 0.000571975 
0.0512152 0.0035341 0.0410662 0.0453551 0.00349394 0.000954756 0.805239 0.00237107 0.0467706 
0.000125594 1.63905e-06 7.67572e-05 0.000246392 4.76345e-05 1.00118e-06 0.000139725 0.000278028 0.999083 
0.00669576 8.3125e-05 5.66395e-05 0.0278391 0.897793 1.35453e-06 0.0670589 0.000426416 4.58225e-05 
0.628861 0.0174301 0.0152573 0.0034766 0.0072628 0.000295887 0.0297937 0.00112435 0.296498 
0.00817969 0.00811242 0.858369 0.0515943 0.000390476 1.40328e-06 0.0327913 0.0405447 1.72405e-05 
0.19185 0.0644963 0.0770955 0.0520368 0.0249694 0.000211189 0.58587 0.000280036 0.00319055 
0.10248 5.54962e-06 0.12886 1.14115e-05 0.101992 1.33125e-06 0.00991626 0.00498185 0.651752 
0.0534374 0.0195984 0.00997678 0.875913 0.0156078 0.000176096 0.0209078 0.000600141 0.00378289 
0.0512152 0.0035341 0.0410662 0.0453551 0.00349394 0.000954756 0.805239 0.00237107 0.0467706 
0.170607 0.0146546 0.00444728 0.0107383 0.676898 0.000251207 0.0295507 0.000318905 0.0925335 
0.0112334 0.000267292 0.00455051 0.00584567 0.00173967 0.000122827 0.0140266 0.00218185 0.960032 
0.441676 0.00188148 0.286143 0.00656833 0.00723718 0.00163928 0.0668047 0.0522165 0.135834 
0.975753 0.00211698 0.0137246 0.00819466 0.000135158 2.08193e-10 7.51859e-05 3.48322e-10 8.40456e-10 
0.257051 2.51151e-06 2.78434e-05 1.08009e-05 0.497442 1.2548e-06 0.244266 0.000126968 0.00107166 
0.0111573 3.99378e-05 1.18189e-05 0.000100323 0.958068 3.17255e-09 0.0181522 5.09963e-06 0.0124655 
0.398274 3.82117e-06 1.71162e-06 0.262138 0.00526256 9.38205e-07 0.329947 0.00310764 0.00126504 
0.141394 0.0123006 0.00755058 0.00207444 0.772359 4.03335e-05 0.0632914 0.000301582 0.000687562 
0.338786 0.0477015 0.108905 0.00546635 0.2186 0.0011884 0.271371 0.00189818 0.00608305 
0.536171 0.00862652 0.0382743 0.357535 0.000926351 0.000536382 0.0224011 0.0155519 0.019977 
0.00937669 0.00374328 0.00821719 0.644244 0.00848312 0.000455002 0.00360827 0.00462665 0.317246 
0.000125594 1.63905e-06 7.67572e-05 0.000246392 4.76345e-05 1.00118e-06 0.000139725 0.000278028 0.999083 
0.0413756 0.100736 0.176875 0.17135 0.334508 0.000154738 0.145107 0.00023265 0.0296613 
7.87907e-05 0.000271627 4.7714e-05 0.000109763 0.969373 2.65289e-05 0.0297643 0.000292189 3.59772e-05 
0.0838907 0.00228286 0.407044 0.493541 0.000386071 2.69524e-07 0.00155949 0.0063595 0.004936 
0.00296077 0.00281668 0.0193901 0.00539436 0.926248 7.33453e-08 0.0323934 0.000196462 0.0106002 
0.192302 0.0388891 0.0175253 0.564582 0.0794883 1.52254e-05 0.106573 0.0006012 2.38771e-05 
0.000125594 1.63905e-06 7.67572e-05 0.000246392 4.76345e-05 1.00118e-06 0.000139725 0.000278028 0.999083 
0.00100652 0.000276424 0.000718871 6.37054e-05 0.306982 6.10994e-11 0.0560652 0.00368174 0.631206 
0.000210892 0.999226 2.0963e-05 0.000161184 7.55381e-05 6.87576e-08 0.000305389 1.15036e-07 2.77567e-07 
0.000125594 1.63905e-06 7.67572e-05 0.000246392 4.76345e-05 1.00118e-06 0.000139725 0.000278028 0.999083 
0.0213609 0.000384905 0.0462415 0.080587 0.769134 2.93994e-05 0.0466273 0.000119959 0.0355154 
0.232409 0.0198177 0.0301402 0.422817 0.0068181 0.000566319 0.269813 0.00716314 0.010456 
0.0142934 0.00155265 0.000478309 0.00829908 0.00495477 0.000389315 0.0999427 0.000398969 0.869691 
0.123195 0.143602 0.0191512 0.177071 0.00489452 0.00066589 0.526051 0.00300801 0.0023607 
0.259185 0.00289573 0.0154392 0.397052 0.0163673 0.000241781 0.252522 0.0557253 0.000571684 
0.28368 0.0409915 0.013664 0.0635813 0.287203 0.00203244 0.0130441 0.130293 0.165511 
0.000125594 1.63905e-06 7.67572e-05 0.000246392 4.76345e-05 1.00118e-06 0.000139725 0.000278028 0.999083 
0.0047854 0.00551794 2.88943e-05 0.000342656 0.932309 5.57254e-07 0.0564756 1.32402e-05 0.00052719 
0.15742 0.0578023 0.017971 0.180977 0.0444762 0.000378794 0.515653 0.0130109 0.0123114 
0.758581 0.00224366 0.000596639 0.0842217 0.00141846 2.05078e-08 0.151832 0.00110623 8.27878e-08 
0.0798099 0.201566 0.000453643 0.0123723 0.00038703 0.000129157 0.683962 0.0210727 0.000247738 
0.0765539 0.107962 0.246377 0.115664 0.365317 0.000118229 0.0719194 0.000285135 0.0158037 
0.277778 0.000191602 0.00152525 0.719832 0.00036356 1.11433e-05 0.000194747 1.86128e-05 8.51234e-05 
0.0885948 0.000141589 0.0330703 0.000350254 0.78301 9.1809e-06 0.0921157 2.17265e-05 0.00268644 
0.0228096 0.230861 0.593331 0.0244374 0.000559849 9.68044e-07 0.118879 5.35133e-05 0.00906821 
0.0512152 0.0035341 0.0410662 0.0453551 0.00349394 0.000954756 0.805239 0.00237107 0.0467706 
0.065413 0.0320791 0.0114493 0.0104996 0.507221 0.00181036 0.364595 0.00220693 0.00472527 
0.0751779 5.08313e-05 0.119809 0.00244862 0.796381 1.25548e-09 0.00607349 1.54971e-06 5.70136e-05 
0.342474 0.0172482 0.051044 0.0112564 0.43776 0.000383409 0.123901 0.00111952 0.0148139 
0.132478 0.0271264 0.0160018 0.0407193 0.0107676 0.000862731 0.0406348 0.637253 0.0941564 
0.000125594 1.63905e-06 7.67572e-05 0.000246392 4.76345e-05 1.00118e-06 0.000139725 0.000278028 0.999083 
0.0191738 0.188772 0.0770691 0.0118484 0.206496 2.19712e-05 0.132431 3.15391e-05 0.364156 
0.239233 0.0870539 0.0201661 0.0499465 0.00241963 0.000436637 0.59736 0.00190526 0.00147975 
0.0793498 0.852618 1.89642e-08 0.0278296 0.000260021 1.9107e-10 0.0397174 0.000224479 2.45133e-07 
0.448404 0.0985214 0.223194 0.158675 0.00204798 0.00193467 0.0561861 0.00499291 0.00604337 
0.0202643 0.00209297 0.0728728 0.259767 0.0939991 0.00199221 0.463641 0.0293392 0.0560318 
0.327281 0.015385 0.120444 0.479368 0.00933385 0.00394922 0.0342779 0.005893 0.00406752 
0.189036 0.113592 0.395348 0.197646 0.0121608 0.00598854 0.0548026 0.0253259 0.00610016 
0.201083 0.293958 0.00850895 0.030055 0.105386 8.41274e-05 0.359322 0.000129647 0.00147363 
0.960542 0.000575121 0.0173335 0.00255648 0.00709526 2.93363e-05 0.0115204 9.53663e-05 0.000252171 
0.15973 0.00627788 0.0168019 0.439573 0.00707658 7.26979e-05 0.261842 0.108295 0.000330575 
0.10266 0.0484504 0.674758 0.0744222 0.0264471 3.61251e-05 0.0599719 0.0129294 0.000325743 
0.0225659 0.033741 0.0021757 0.012229 0.00992208 1.1049e-07 0.919048 0.000243596 7.48574e-05 
0.142225 0.116412 0.00535431 0.104469 0.218785 0.0031055 0.335465 0.0353663 0.0388167 
0.044371 0.057096 0.114854 0.696326 0.0342489 0.00025108 0.0187471 0.0332169 0.000889837 
0.957135 0.00388034 0.00890252 0.00232167 0.00670708 6.93392e-05 0.0202231 0.000547255 0.000213757 
0.0111535 0.00340383 0.12726 0.0833731 0.000102571 1.16033e-07 0.00422424 2.17424e-05 0.770461 
0.367229 0.0646025 0.0621035 0.0535082 0.148346 0.00141436 0.245017 0.015238 0.0425421 
0.852074 0.000475317 0.0502739 0.093571 0.000488863 9.15546e-12 0.00309601 2.06657e-05 3.69597e-11 
0.47651 0.0531883 9.70159e-05 0.0133097 0.120996 6.59961e-09 0.335894 4.21223e-06 2.6642e-08 
0.0592012 0.00594306 0.0149407 0.858041 0.000930959 0.000638608 0.0240665 0.020817 0.0154204 
0.0297189 0.00017249 0.000334691 0.00207707 0.0019673 6.24306e-05 0.964923 7.55227e-05 0.00066862 
0.316733 0.127421 0.109938 0.0692826 0.0745632 0.000360369 0.23908 0.0013785 0.0612431 
0.294358 0.300344 0.125997 0.0431948 0.00895752 0.00747917 0.136105 0.0660931 0.0174721 
0.0268858 0.0388196 0.0183198 9.19565e-05 0.00756267 2.66781e-07 0.908318 4.46344e-07 1.07697e-06 
0.0193149 0.0243685 0.00166529 0.0270324 0.799359 1.23345e-05 0.0896635 2.29612e-05 0.0385611 
0.000125594 1.63905e-06 7.67572e-05 0.000246392 4.76345e-05 1.00118e-06 0.000139725 0.000278028 0.999083 
0.323076 0.12853 0.033749 0.456467 0.0173248 0.000146659 0.0400102 0.000361162 0.000335546 
0.000125594 1.63905e-06 7.67572e-05 0.000246392 4.76345e-05 1.00118e-06 0.000139725 0.000278028 0.999083 
0.00790605 0.433643 2.24202e-06 0.0128892 0.115112 1.10695e-06 0.429807 0.000637817 1.67068e-06 
0.00943364 0.00106366 0.00330372 0.0525856 0.889056 8.81399e-06 0.0439772 0.00042294 0.00014819 
0.0476509 0.0312067 0.00231397 0.794217 0.116858 4.86319e-06 0.00690379 0.000169207 0.00067585 
0.870146 0.0182181 0.00037655 0.100679 0.00320282 1.30586e-05 0.00640111 0.000940062 2.3732e-05 
0.0246536 0.0253508 0.0158275 0.0269569 0.00581393 9.82808e-08 0.901298 6.29081e-05 3.5934e-05 
0.00314052 0.0107549 0.000909521 0.0151961 0.931852 3.50536e-06 0.0380622 7.05449e-05 1.12714e-05 
0.0785462 0.0427437 0.150095 0.243652 0.0153383 0.00414547 0.433259 0.0234972 0.00872344 
0.183497 0.0540802 0.0658115 0.0400021 0.355754 0.000186595 0.292764 0.000449202 0.00745525 
0.269703 0.161206 0.0139055 0.0319627 0.0079747 2.39035e-06 0.509988 0.000140557 0.0051166 
0.210191 0.0269931 0.0468394 0.0130233 0.0610353 0.00344654 0.625927 0.00422551 0.00831921 
0.321507 0.00314372 0.376772 0.0799522 0.0802861 2.95069e-06 0.117376 0.0089864 0.0119737 
0.000125594 1.63905e-06 7.67572e-05 0.000246392 4.76345e-05 1.00118e-06 0.000139725 0.000278028 0.999083 
0.0991715 0.1554 0.0130597 0.11166 0.133508 1.30457e-07 0.480363 8.15893e-05 0.00675663 
0.122454 0.0713459 0.0497083 0.265675 0.0607016 8.32441e-05 0.429803 8.61895e-05 0.000142674 
0.000125594 1.63905e-06 7.67572e-05 0.000246392 4.76345e-05 1.00118e-06 0.000139725 0.000278028 0.999083 
0.000611002 0.000462287 3.84611e-07 0.00735974 0.989655 3.79714e-07 0.00190046 9.07041e-06 1.53287e-06 
0.438356 0.0114905 0.00420762 0.0466562 0.127523 0.00212975 0.342831 0.014585 0.0122203 
0.655976 0.010666 0.0858537 0.0329907 0.00160708 0.000775804 0.166994 0.0443043 0.000832005 
0.012188 0.00156122 0.0389332 0.897218 0.000613129 1.26901e-06 0.0011349 0.0177026 0.0306476 
0.031912 0.0348472 0.0137614 0.861082 1.04916e-05 1.19786e-07 0.0583819 4.42607e-06 4.83563e-07 
0.0501072 0.00168439 0.0130878 0.0161984 0.0447397 5.87582e-05 0.0533067 0.000990886 0.819826 
0.0682409 0.0370888 0.0112235 0.191228 0.64615 4.24866e-05 0.0454201 0.000190984 0.000415309 
