0.015083 0.0835307 0.0109372 0.0272385 0.000375802 0.00257763 0.859992 0.000265039 4.00867e-10 
0.128916 0.00541798 0.00246651 0.0149531 0.0130182 0.00617506 0.581775 0.243364 0.00391424 
0.000151445 0.0781616 0.0382714 6.72913e-05 5.33008e-05 0.0920949 0.790825 1.0529e-05 0.000364771 
0.032435 0.00841572 0.0070703 0.0224388 0.0422658 0.000483946 0.886641 4.23175e-05 0.000206987 
0.0671235 0.0216751 0.0100598 0.226009 0.311817 0.00623153 0.348718 0.00814102 0.000225725 
0.201808 0.0385271 0.00408649 0.149271 0.0639851 0.000440913 0.521701 0.0199852 0.000195776 
0.0455973 0.111236 1.41658e-07 1.78023e-11 0.120291 0.0136894 0.708896 3.25514e-07 0.000289716 
0.0544601 0.192328 0.016071 0.0538668 0.0169819 0.00782104 0.658218 0.000253028 1.47516e-07 
0.0951865 0.00506687 0.00145658 0.268198 0.00258673 0.00492476 0.622288 0.000252271 3.99491e-05 
0.155539 0.0479147 0.0022986 0.0205563 0.113443 0.0694516 0.584526 0.00610097 0.000168686 
0.170667 0.114338 0.0221249 0.0671825 0.00591257 0.00651538 0.498004 0.115211 4.44613e-05 
0.048138 0.0210177 0.0460664 0.0648089 0.22248 7.91849e-05 0.590567 0.0067762 6.67269e-05 
0.129593 0.0465919 0.00535549 0.237371 0.00165397 3.10618e-05 0.481676 0.0933251 0.00440223 
0.0520482 0.0950001 0.0200353 0.10004 0.0592029 0.000302374 0.672992 0.000161747 0.000217474 
0.0984364 0.192166 0.0676434 0.0303992 0.00320191 0.0155604 0.591047 7.11443e-07 0.0015449 
0.329753 0.0832836 0.00437733 0.00204408 0.0918083 0.0841968 0.404149 0.000387967 1.00017e-07 
0.32779 0.0654486 0.0030096 0.0374124 0.0292847 0.0532428 0.48373 6.83536e-05 1.31858e-05 
0.130591 0.194215 0.0308673 0.103946 0.150124 0.0951395 0.292883 0.000881942 0.00135305 
0.241039 0.0174234 0.0069018 0.153799 0.00765945 0.00949804 0.421862 0.141777 4.083e-05 
0.196754 0.0502881 0.0187613 0.194621 0.198287 0.0907436 0.250304 0.000240122 4.0941e-07 
0.200426 0.0606017 0.048187 0.0219682 0.0768002 0.00371568 0.443055 0.0642446 0.081002 
0.301225 0.0570601 0.014514 0.0872099 0.0141451 0.0304391 0.452533 0.0427609 0.000112785 
0.222569 0.180913 0.0879687 0.19333 0.0561438 0.00822087 0.250699 7.73262e-06 0.000149122 
0.0257856 0.0429189 0.0513244 0.0587719 0.0003025 0.00333293 0.817408 4.32739e-07 0.000154966 
0.115247 0.0120186 0.0340151 0.0206632 0.000273966 2.73284e-06 0.81776 1.92185e-05 3.11817e-07 
0.245674 0.0439908 0.0129649 0.0313058 0.024966 0.00731825 0.632673 0.000177229 0.000930853 
0.0512887 0.000706211 0.0579 0.153687 0.01971 0.000417073 0.642843 0.0734477 5.33465e-07 
0.278768 0.0442657 0.00587705 0.0734231 0.0128354 0.0558134 0.458187 0.0703564 0.000473904 
0.168811 6.71294e-06 1.01142e-06 3.87023e-06 0.00101135 2.37978e-06 0.789571 0.0405928 5.46351e-08 
0.359001 0.101705 0.0130787 0.0313733 0.0759453 0.0033548 0.415226 8.39595e-05 0.000232036 
0.0273982 0.030667 0.00149781 0.000808943 0.00118717 0.000135367 0.937425 0.000822271 5.8092e-05 
0.285833 0.3351 0.000176171 0.0269172 0.00677127 0.0052135 0.33975 0.000238971 1.87495e-07 
0.00243748 0.00592761 0.000178629 0.000202225 7.89668e-06 0.000520187 0.990726 4.07895e-08 4.22174e-07 
0.207552 0.129623 0.125095 0.176791 0.00503221 0.0960452 0.25954 0.000314041 7.34044e-06 
0.041676 0.0549564 0.20341 0.261168 0.124536 0.000456031 0.308322 0.000450437 0.00502513 
0.0937492 0.0512403 0.0435326 0.0583853 0.246112 0.017363 0.486907 0.00236299 0.000347248 
0.197064 0.135434 0.0810923 0.0997846 0.0211484 0.00830608 0.45637 8.29811e-05 0.000717384 
0.156216 0.00671718 0.00607671 0.0887461 0.0249237 4.27696e-08 0.708732 0.00612969 0.00245828 
0.244234 0.297969 0.00293845 0.00356299 0.000157778 0.0432686 0.407849 1.64013e-06 1.89408e-05 
0.0168168 0.00150874 0.000154526 0.0578336 0.0165967 0.0030749 0.692409 0.211606 5.02807e-09 
0.132277 0.334969 0.0112067 0.0978328 0.005068 0.0155768 0.401987 0.00108275 4.76504e-09 
0.0266769 0.0282589 0.00189116 0.00786024 0.0051039 0.00202658 0.928165 1.7237e-05 9.91062e-09 
0.0925993 0.20057 0.0173771 0.0432419 0.122346 0.00275419 0.510668 0.0104274 1.61066e-05 
0.0865551 0.144994 0.126476 0.132341 0.0386618 0.000896999 0.470064 2.17709e-06 8.53117e-06 
0.167001 0.14156 0.0056899 0.0461037 0.244171 0.0342511 0.360022 0.00119929 1.49361e-06 
0.406938 0.0401052 0.0391413 0.00142408 0.000430119 0.00128634 0.510506 0.000162604 6.42294e-06 
0.0465302 0.0332494 0.0153753 0.0610593 0.000620665 0.0276645 0.737349 0.0781296 2.2087e-05 
0.0288256 0.000180009 0.0349367 0.0824482 0.0145916 0.00161517 0.699655 0.0177744 0.119973 
0.0598148 2.00708e-05 1.7668e-10 7.12503e-06 3.7628e-06 1.7443e-10 0.940154 6.42327e-07 7.04157e-10 
0.0636021 0.00642662 0.00138846 0.0209574 0.0013226 0.00171006 0.904495 9.72431e-05 2.67781e-10 
0.139493 0.092325 0.0890169 0.216919 0.00807968 0.00311397 0.420949 0.0288916 0.00121084 
0.28099 0.127804 0.000487177 0.00425329 0.00402276 0.00198693 0.579927 7.50973e-06 0.00052106 
0.272873 0.218207 0.00527741 0.0985641 0.0309183 0.0231808 0.350742 0.000233677 3.30216e-06 
0.168811 6.71294e-06 1.01142e-06 3.87023e-06 0.00101135 2.37978e-06 0.789571 0.0405928 5.46351e-08 
0.331172 0.0814316 0.00986122 0.0192893 0.00679382 0.00704948 0.544339 6.34478e-05 1.81759e-09 
0.0465302 0.0332494 0.0153753 0.0610593 0.000620665 0.0276645 0.737349 0.0781296 2.2087e-05 
0.18586 0.282768 0.00149343 0.0134824 0.105559 0.06184 0.348426 0.000134159 0.000435864 
0.0396051 0.0225226 0.000418516 0.0313063 0.00204606 0.0333933 0.489222 0.381486 1.18088e-11 
0.147074 0.0706978 0.0764514 0.0105791 0.00100653 0.00884574 0.685093 0.000174922 7.71816e-05 
0.085295 0.157599 0.00115299 0.00669308 0.0013642 0.00334014 0.744507 3.45893e-05 1.38248e-05 
0.0905477 0.139877 0.00684816 0.015354 0.166948 0.000679424 0.57953 2.23076e-06 0.000213369 
0.274382 0.0204213 0.00764147 0.135943 0.0190264 0.000222239 0.500461 0.0416995 0.000203216 
0.155127 0.0722419 6.241e-07 0.00378421 0.0883111 0.000927339 0.679504 0.000104179 1.19028e-07 
0.35622 0.00486046 0.00452937 0.0414976 0.0399028 1.71954e-05 0.521245 0.00383195 0.0278951 
0.0411664 0.207416 4.53069e-05 0.0257599 0.0571997 0.000730515 0.667682 2.33025e-07 1.39125e-09 
0.147648 0.269007 0.0201115 0.0140889 0.142953 0.00554836 0.312088 0.0191724 0.0693818 
0.290109 0.151141 0.0912399 0.005848 0.00673434 0.0123132 0.442605 2.57607e-06 7.72334e-06 
0.105779 0.0228237 0.101677 0.258858 0.0324952 0.0506983 0.427242 0.000127577 0.000298769 
0.357532 0.076104 0.00485045 0.0540806 0.00214389 0.00531986 0.379383 0.120571 1.56966e-05 
0.210327 0.107084 0.0115235 0.141619 0.216378 1.99868e-07 0.311301 1.02464e-07 0.00176754 
0.239233 0.0870539 0.0201661 0.0499465 0.00241963 0.000436637 0.59736 0.00190526 0.00147975 
0.0285099 0.119737 0.12246 0.0334109 0.0153137 0.0388182 0.637652 0.00405928 3.86905e-05 
0.0266769 0.0282589 0.00189116 0.00786024 0.0051039 0.00202658 0.928165 1.7237e-05 9.91062e-09 
0.329753 0.0832836 0.00437733 0.00204408 0.0918083 0.0841968 0.404149 0.000387967 1.00017e-07 
0.0873601 0.022261 0.0157285 0.00592181 0.000192896 0.000341346 0.784402 0.0833623 0.000430166 
0.138354 0.107765 0.00293682 0.0287752 0.0343679 0.00981603 0.673968 0.00372085 0.000296428 
0.123497 0.107301 0.00953231 0.0918391 0.0789922 0.0141484 0.570505 3.35274e-05 0.00415153 
0.0932099 0.00241936 0.178498 0.309025 0.00322844 0.00016439 0.403683 0.0097666 5.62893e-06 
0.0266769 0.0282589 0.00189116 0.00786024 0.0051039 0.00202658 0.928165 1.7237e-05 9.91062e-09 
0.209316 0.00101992 0.137701 0.12082 0.00160724 0.00222299 0.495545 0.0295329 0.0022352 
0.241039 0.0174234 0.0069018 0.153799 0.00765945 0.00949804 0.421862 0.141777 4.083e-05 
0.0190433 0.109127 0.000407877 0.0641958 0.0565573 0.00013995 0.750511 1.74681e-05 2.18616e-09 
0.199623 0.0327893 0.0101181 0.248589 0.0186199 0.0116863 0.39505 0.083499 2.52417e-05 
0.23128 0.0386477 0.0257244 0.0617834 0.0238053 0.0656149 0.450606 0.102407 0.000130699 
0.00862494 0.342666 0.000853499 0.00159309 0.0159999 0.00156853 0.628638 4.94799e-06 5.1005e-05 
0.179938 0.00203844 0.00303552 0.338897 0.00182173 1.56578e-05 0.398991 0.0752632 8.55525e-10 
0.0676867 0.207879 0.0746922 0.0218528 0.18484 0.124086 0.318882 8.16571e-05 3.20907e-08 
0.0163922 0.0429071 0.0017417 0.0257992 0.00404483 0.00373005 0.904807 0.000565671 1.19932e-05 
0.082684 0.00583753 0.00322707 0.0778374 0.0559494 0.00154149 0.761111 0.0115637 0.000247942 
0.196916 0.0710518 0.0110167 0.0391533 0.168697 0.00396935 0.503759 0.000259404 0.00517748 
0.243467 0.0449089 0.102955 0.0447134 0.041219 0.0032721 0.518703 0.000641521 0.000119182 
0.238501 0.124238 0.0298476 0.0420464 0.00641666 0.000642185 0.555722 0.00117721 0.0014092 
0.143885 0.145309 0.0148837 0.0535644 0.250505 0.0294079 0.359361 0.00271448 0.00037018 
0.148929 0.027341 0.0893496 0.143234 0.0249095 0.00100904 0.553778 0.0114221 2.78624e-05 
0.133136 0.10071 0.000589693 0.00689125 0.228362 0.255494 0.273804 0.00101307 7.92248e-08 
0.00922031 0.0163724 0.00392863 0.0314259 0.0865706 0.000282908 0.849906 0.000219607 0.00207375 
0.0943291 0.0074382 0.0390323 0.054608 0.0985752 0.000523399 0.503557 0.00241543 0.199521 
0.0535927 0.261791 0.044176 0.0778053 1.75993e-05 6.1083e-05 0.562549 7.18917e-07 6.45078e-06 
0.112051 0.0395992 0.039629 0.0144014 0.370417 0.0373303 0.38628 0.000262723 2.90334e-05 
0.209316 0.00101992 0.137701 0.12082 0.00160724 0.00222299 0.495545 0.0295329 0.0022352 
0.0270511 0.0778293 0.00473557 0.0525629 0.00736981 0.000609399 0.827482 0.000260561 0.00209946 
0.0918034 0.0223901 7.46279e-09 0.0899742 2.11061e-05 2.10159e-06 0.795755 1.63197e-05 3.79781e-05 
0.0396051 0.0225226 0.000418516 0.0313063 0.00204606 0.0333933 0.489222 0.381486 1.18088e-11 
0.241145 0.0234507 0.00327721 0.0690693 0.00607702 0.0095206 0.354927 0.292531 2.07427e-06 
0.0266769 0.0282589 0.00189116 0.00786024 0.0051039 0.00202658 0.928165 1.7237e-05 9.91062e-09 
0.0363055 0.0397265 0.0276357 0.000520969 0.00863013 0.00700063 0.877621 0.000188782 0.00237075 
0.015083 0.0835307 0.0109372 0.0272385 0.000375802 0.00257763 0.859992 0.000265039 4.00867e-10 
0.341726 0.0571865 0.030997 0.0139847 0.00594423 0.00614906 0.54339 9.74931e-05 0.000525142 
0.151967 0.0809422 0.0351299 0.0052565 0.176243 0.000987479 0.549074 0.000384638 1.5821e-05 
0.0226484 0.000693922 0.0016738 0.159019 0.195101 0.00027108 0.480173 0.14007 0.000349993 
0.0125052 0.0113896 0.185018 0.00757936 0.000331061 0.0006926 0.764162 0.00640711 0.011915 
0.0139055 2.37987e-05 2.54297e-05 4.08942e-06 0.404729 1.8908e-06 0.58131 9.6057e-09 2.31773e-08 
0.229697 0.237884 0.0426225 0.0794129 0.077625 0.00512095 0.321483 0.00612288 3.20719e-05 
0.325002 0.145935 0.0368546 0.0521468 0.0255867 0.00205294 0.400786 0.0114746 0.000161019 
0.215384 0.25407 0.112095 0.0668935 0.0113766 0.0157421 0.324361 7.61784e-05 1.65836e-06 
0.155802 0.151675 5.77719e-05 5.79191e-05 0.00263387 0.00165192 0.688068 4.34918e-05 9.76842e-06 
0.219019 0.116336 0.044796 0.194975 0.0299632 0.000811631 0.391622 6.07384e-05 0.00241549 
0.108599 0.0768849 0.00127709 0.0175097 0.00116549 0.00537104 0.789192 3.07835e-07 1.01587e-10 
0.0596993 0.0287306 0.0169136 0.0267465 0.00471051 0.352623 0.510534 4.11863e-05 9.07008e-07 
0.297776 0.0817262 0.00753958 0.00727288 0.0206059 0.00194742 0.582849 0.000279174 3.31503e-06 
0.180279 0.0158062 0.00112044 0.0331945 0.325667 0.000742208 0.43576 0.00743051 1.02122e-09 
0.30704 0.000861876 3.89083e-05 0.139711 0.104348 0.0315509 0.41184 0.00102876 0.00358017 
0.0540078 0.101764 0.00291395 0.0113342 0.000337735 0.108638 0.721005 3.31889e-10 8.00806e-10 
0.16756 0.000572957 0.00857026 0.0576714 0.0815397 0.000654152 0.677409 0.000187405 0.00583424 
0.0821913 0.132225 0.123456 0.0251332 0.0671838 2.89194e-05 0.569668 1.54207e-05 9.83344e-05 
0.0799011 0.0834636 0.00938709 0.0443113 0.290275 0.0119676 0.479667 5.00325e-05 0.00097765 
0.281646 0.0241565 0.00485485 0.0750171 0.0780509 0.00475573 0.530284 0.00115686 7.80068e-05 
0.0776792 0.2277 0.00306403 0.0137553 0.137675 0.0227303 0.516643 0.000427616 0.000325482 
0.00406102 0.0398313 0.00232495 0.0152541 0.00315284 0.0355971 0.732426 0.167353 3.25936e-08 
0.106107 0.00650349 0.0831326 0.0385464 0.000971598 0.000974305 0.761709 0.00186447 0.000191557 
0.0367101 0.0338056 2.38406e-07 0.0313012 0.208679 0.000514941 0.688989 2.67096e-07 2.06553e-11 
0.00142223 0.00907161 2.71548e-10 0.00276087 0.423323 3.85815e-07 0.563421 8.54873e-08 1.08225e-09 
0.0168168 0.00150874 0.000154526 0.0578336 0.0165967 0.0030749 0.692409 0.211606 5.02807e-09 
2.31646e-06 1.09112e-05 7.23752e-09 1.11683e-05 3.93153e-06 7.14536e-09 0.999972 1.19547e-08 2.88451e-08 
0.145101 0.0328743 0.0984704 0.320931 0.00682624 0.0256854 0.351728 0.0183536 2.98843e-05 
0.00482312 0.00644477 0.000336424 0.000321256 1.4042e-05 0.000656882 0.987371 3.07905e-05 2.16239e-06 
0.0283392 0.000201116 0.000390136 0.00134386 7.24134e-06 7.274e-05 0.968812 2.36188e-05 0.000810169 
0.259164 0.0227922 0.0463937 0.0705246 0.00718267 0.00338391 0.58782 0.000724772 0.00201346 
0.0798099 0.201566 0.000453643 0.0123723 0.00038703 0.000129157 0.683962 0.0210727 0.000247738 
0.210306 0.0660342 0.000310896 0.0967727 0.197239 0.0182081 0.342865 0.00225297 0.0660115 
0.1238 0.00494314 0.0127445 0.000190954 0.138147 0.00739318 0.705698 0.00172 0.00536286 
0.168811 6.71294e-06 1.01142e-06 3.87023e-06 0.00101135 2.37978e-06 0.789571 0.0405928 5.46351e-08 
0.209316 0.00101992 0.137701 0.12082 0.00160724 0.00222299 0.495545 0.0295329 0.0022352 
0.260792 0.0369976 0.0016549 0.101199 0.196504 0.0111013 0.367014 0.00205228 0.0226852 
0.399139 1.48693e-08 0.022173 0.174022 0.00477865 9.23347e-11 0.399886 1.97893e-06 3.72746e-10 
0.0168168 0.00150874 0.000154526 0.0578336 0.0165967 0.0030749 0.692409 0.211606 5.02807e-09 
0.31742 0.0265566 0.00115713 0.0781757 0.0912792 0.014131 0.447767 0.0110786 0.0124343 
0.170712 0.0496344 0.0237976 0.25558 0.00756618 0.0183194 0.347339 0.126954 9.75664e-05 
0.377731 0.0733999 0.0075881 0.0540421 0.0177978 0.0213067 0.447282 0.000469493 0.000382891 
0.0932099 0.00241936 0.178498 0.309025 0.00322844 0.00016439 0.403683 0.0097666 5.62893e-06 
0.219754 0.114732 3.73673e-06 3.73701e-06 0.184946 0.0115876 0.443935 0.0205534 0.00448543 
0.150331 0.0647469 0.209904 0.106006 0.0550021 8.04227e-07 0.383945 0.00128742 0.0287769 
0.0465302 0.0332494 0.0153753 0.0610593 0.000620665 0.0276645 0.737349 0.0781296 2.2087e-05 
0.238825 0.259117 0.000916462 0.00577438 0.000681515 0.00214917 0.492531 5.46382e-06 2.81212e-08 
0.0113798 0.00133844 0.164675 0.00738193 0.000189865 0.000584594 0.797597 0.00547907 0.011374 
0.0168168 0.00150874 0.000154526 0.0578336 0.0165967 0.0030749 0.692409 0.211606 5.02807e-09 
0.125972 0.0854256 0.0238812 0.018643 0.0199474 0.0199112 0.706204 6.86738e-06 9.56052e-06 
0.241614 0.22929 0.033495 0.0251633 0.0601103 0.00566143 0.400905 0.000141059 0.00362049 
0.279731 0.0415858 0.0142048 0.0130693 0.0104754 0.0263999 0.614409 7.20615e-05 5.32699e-05 
0.123344 0.0595217 6.28166e-06 0.0143718 0.319158 0.00124629 0.481663 0.000513686 0.000174345 
0.0270511 0.0778293 0.00473557 0.0525629 0.00736981 0.000609399 0.827482 0.000260561 0.00209946 
0.0168168 0.00150874 0.000154526 0.0578336 0.0165967 0.0030749 0.692409 0.211606 5.02807e-09 
0.193819 0.141247 0.0040614 0.0760312 0.00629327 5.69573e-05 0.574977 0.00348361 3.0653e-05 
0.0675525 0.0707604 0.00244969 0.0253664 0.0610259 8.5182e-08 0.755134 0.00724061 0.0104703 
0.153561 0.0445792 0.175692 0.0381852 0.178939 0.00137731 0.336657 0.000186594 0.0708238 
0.132772 0.134056 0.00114423 0.000818356 0.00700215 4.21643e-05 0.723527 0.000286972 0.000350558 
0.116234 0.0249194 0.0204371 0.278488 0.0873926 0.0035264 0.450768 0.0182336 5.30506e-07 
0.0522547 0.226303 0.0146899 0.0264777 0.00149406 0.135245 0.543483 4.0804e-05 1.14266e-05 
0.0751679 0.150571 0.00054777 0.0136629 0.00450222 0.000925575 0.754429 5.50016e-07 0.000193559 
0.245572 0.013589 0.254055 0.0908847 0.000908478 0.00197322 0.391931 0.00100663 8.01549e-05 
0.0168168 0.00150874 0.000154526 0.0578336 0.0165967 0.0030749 0.692409 0.211606 5.02807e-09 
0.0168168 0.00150874 0.000154526 0.0578336 0.0165967 0.0030749 0.692409 0.211606 5.02807e-09 
0.0774715 0.00478256 0.0777642 0.0343929 0.0235764 0.000665633 0.725192 0.0556395 0.00051501 
0.197871 9.14944e-06 0.00951152 0.0235884 0.168527 2.05379e-06 0.446987 3.43613e-06 0.153501 
0.23627 0.044032 0.00379531 0.0614613 0.0109133 0.0277927 0.313522 0.302039 0.000174557 
0.15574 0.00483742 0.0285077 0.00970086 0.103323 0.000128446 0.359641 0.00064418 0.337476 
0.0465302 0.0332494 0.0153753 0.0610593 0.000620665 0.0276645 0.737349 0.0781296 2.2087e-05 
0.179938 0.00203844 0.00303552 0.338897 0.00182173 1.56578e-05 0.398991 0.0752632 8.55525e-10 
0.0396051 0.0225226 0.000418516 0.0313063 0.00204606 0.0333933 0.489222 0.381486 1.18088e-11 
0.159005 0.273916 0.00733496 0.0111054 0.046376 0.0929238 0.408987 0.000349885 1.36909e-06 
0.0636021 0.00642662 0.00138846 0.0209574 0.0013226 0.00171006 0.904495 9.72431e-05 2.67781e-10 
0.209316 0.00101992 0.137701 0.12082 0.00160724 0.00222299 0.495545 0.0295329 0.0022352 
0.00814613 0.0101219 0.0855886 0.00145231 0.00739002 0.00249593 0.884796 2.65479e-06 6.40566e-06 
0.100814 0.0147756 0.0113575 0.254147 0.187088 0.000285185 0.294907 0.136551 7.46754e-05 
0.279378 0.163351 0.0712584 0.00761602 0.0412527 0.0133163 0.423731 8.84822e-05 8.4074e-06 
0.143209 4.06168e-06 1.3413e-07 0.00683989 0.248144 2.03417e-09 0.601437 6.6734e-06 0.000359682 
0.0152562 0.0593903 0.000842753 0.0232767 0.240505 0.0591157 0.595226 5.50227e-05 0.00633217 
0.0210894 0.00188215 0.00065462 0.0157003 0.0290001 0.00016581 0.535905 0.380162 0.0154405 
0.0697982 0.0188949 0.00938662 0.279066 0.053462 0.102888 0.314257 0.00148647 0.150761 
0.210306 0.0660342 0.000310896 0.0967727 0.197239 0.0182081 0.342865 0.00225297 0.0660115 
0.0512887 0.000706211 0.0579 0.153687 0.01971 0.000417073 0.642843 0.0734477 5.33465e-07 
0.0904197 0.105057 0.0819446 0.0373147 0.0781353 0.000677249 0.604736 0.00042007 0.00129584 
0.339463 0.112009 9.84965e-05 0.0124474 0.0194221 0.0272584 0.486898 6.60296e-05 0.00233767 
0.0820254 0.179621 0.138209 0.0193331 0.047592 0.00169491 0.531358 0.00014375 2.30763e-05 
0.222944 0.218475 0.0145182 0.0160439 0.00271711 0.00230233 0.522635 0.000363887 1.25149e-07 
0.331172 0.0814316 0.00986122 0.0192893 0.00679382 0.00704948 0.544339 6.34478e-05 1.81759e-09 
0.203788 0.104561 0.282704 0.0113283 0.0200038 0.000485441 0.376725 0.00016021 0.000243722 
0.210306 0.0660342 0.000310896 0.0967727 0.197239 0.0182081 0.342865 0.00225297 0.0660115 
0.0595471 0.0421615 1.07052e-05 0.00188776 0.00468456 0.0209209 0.863337 0.000229186 0.00722151 
0.00244801 6.82194e-11 0.01659 0.051611 0.00408777 1.22122e-07 0.922766 0.00249675 5.77287e-10 
0.00243748 0.00592761 0.000178629 0.000202225 7.89668e-06 0.000520187 0.990726 4.07895e-08 4.22174e-07 
0.146349 0.109391 0.0951159 0.0771884 0.00136394 0.0562829 0.480227 0.00337715 0.0307045 
0.37253 0.0340725 6.92948e-07 0.0316528 0.0837011 3.42522e-06 0.477904 2.94708e-07 0.000135452 
0.120075 0.249244 0.00515862 0.00706923 0.0199233 0.143972 0.440415 0.0138979 0.0002452 
0.0283392 0.000201116 0.000390136 0.00134386 7.24134e-06 7.274e-05 0.968812 2.36188e-05 0.000810169 
0.0165078 1.28794e-06 3.16891e-06 1.24069e-06 0.2616 0.00061212 0.721268 1.30213e-06 5.00097e-06 
0.00297457 9.84023e-07 0.000574221 0.000140057 0.000946952 3.27406e-07 0.992024 0.00333865 8.20639e-08 
0.068858 0.220231 0.0186554 0.0283586 0.22644 0.00261079 0.43273 0.00187689 0.000239588 
0.0769646 0.106905 0.143087 0.209754 0.108354 0.000321364 0.351914 0.000966718 0.00173339 
0.238038 1.24679e-05 0.00434827 0.000897637 0.000294146 2.47517e-08 0.756383 1.81261e-05 8.58224e-06 
0.192166 0.221503 0.000100826 0.0299545 0.253925 0.0169611 0.285071 0.000318532 2.02901e-07 
0.319733 0.029666 0.00413366 0.169426 0.0786049 0.0165224 0.381387 0.000526412 9.5154e-08 
0.0283392 0.000201116 0.000390136 0.00134386 7.24134e-06 7.274e-05 0.968812 2.36188e-05 0.000810169 
0.048053 1.13201e-05 0.0512781 0.00315446 0.431811 0.0175679 0.448007 0.000117328 9.4312e-10 
0.0798099 0.201566 0.000453643 0.0123723 0.00038703 0.000129157 0.683962 0.0210727 0.000247738 
0.256288 0.117861 0.00418418 0.0161191 0.0932378 0.0156947 0.495503 0.000367756 0.000744591 
0.202615 0.0497296 0.125144 0.0990591 0.072768 0.00400042 0.434199 0.000392094 0.0120925 
0.00123625 0.00123619 0.00123608 0.00123617 0.0012359 0.00123608 0.990112 0.00123593 0.00123542 
0.226573 0.261581 0.0354636 0.0197833 0.126243 0.0420046 0.284137 1.85144e-06 0.00421161 
0.0168168 0.00150874 0.000154526 0.0578336 0.0165967 0.0030749 0.692409 0.211606 5.02807e-09 
0.0505049 0.0136252 0.0256543 0.201066 0.24921 0.00190756 0.447624 0.00684712 0.00355995 
0.0617554 0.0366914 0.00065261 0.0998446 0.00273071 0.00516617 0.764174 0.0289856 2.65116e-10 
0.21069 0.0122458 0.00174872 0.153763 0.0027898 0.00328432 0.615442 3.57315e-05 1.29545e-07 
0.331411 0.000463575 0.00177875 0.000312772 0.331319 2.47926e-07 0.334535 0.000179906 1.00085e-06 
0.149371 0.04878 0.0061598 0.0438142 0.0364284 0.0071097 0.707236 0.00109828 2.23913e-06 
0.180728 0.0145302 0.0360451 0.0494468 0.0563527 0.00103933 0.635402 0.0111879 0.0152676 
0.0686091 0.205741 0.0043519 0.104651 0.0028064 0.0857566 0.527506 9.11812e-05 0.000487463 
0.209316 0.00101992 0.137701 0.12082 0.00160724 0.00222299 0.495545 0.0295329 0.0022352 
0.126834 0.246554 0.0319979 0.069295 0.186427 0.00886802 0.329514 0.000467516 4.30857e-05 
0.192315 0.281046 0.00152695 0.0337318 0.00880205 0.0114678 0.469182 0.00178498 0.000143681 
0.0251091 0.0868129 0.0110115 0.313324 0.055857 3.67389e-06 0.435185 0.0726948 2.56699e-06 
0.077414 0.05471 0.000517043 0.000912687 0.422202 0.000340632 0.443874 3.00464e-05 1.07043e-09 
0.161974 0.114681 0.0899588 0.266529 0.00597529 0.00730805 0.34369 0.000716727 0.0091667 
0.0168168 0.00150874 0.000154526 0.0578336 0.0165967 0.0030749 0.692409 0.211606 5.02807e-09 
0.366307 0.0318445 0.00433619 0.0133401 0.00320494 0.0245195 0.556445 2.8816e-06 1.45553e-08 
0.0283392 0.000201116 0.000390136 0.00134386 7.24134e-06 7.274e-05 0.968812 2.36188e-05 0.000810169 
0.0396051 0.0225226 0.000418516 0.0313063 0.00204606 0.0333933 0.489222 0.381486 1.18088e-11 
0.14486 0.0748658 0.0116227 0.134377 0.232051 0.027181 0.372113 0.000592777 0.00233605 
0.129965 0.0794839 0.0450081 0.208618 0.0314788 0.0131719 0.483558 0.00867342 4.28845e-05 
0.048138 0.0210177 0.0460664 0.0648089 0.22248 7.91849e-05 0.590567 0.0067762 6.67269e-05 
0.0766585 0.0487534 0.0278303 0.115662 0.0681677 0.0153549 0.624152 0.0232206 0.000200265 
0.226111 0.0376298 0.0016014 0.0956706 0.175146 0.00224162 0.461133 5.89694e-05 0.000406648 
0.127761 0.120003 0.00529784 0.0671318 0.170564 0.0411614 0.444736 0.023304 4.05773e-05 
0.0562486 0.0784795 0.0125382 0.0564172 0.13925 0.00494457 0.649111 0.00128032 0.00172998 
0.0465302 0.0332494 0.0153753 0.0610593 0.000620665 0.0276645 0.737349 0.0781296 2.2087e-05 
0.0436966 0.108192 0.0326413 0.0170492 0.00283496 0.0428744 0.749007 2.37694e-05 0.00368071 
0.00740916 0.459769 2.03443e-05 0.000466749 0.000217171 0.0369332 0.494384 0.000143505 0.000657009 
0.0330042 0.0458471 0.00333453 0.0143006 0.0201606 0.0127053 0.869926 0.000716486 5.31514e-06 
0.00937733 0.0046293 0.0420595 0.000103616 0.0346832 0.00445593 0.904536 0.000113049 4.1987e-05 
1.61881e-05 0.000689701 2.81071e-08 9.60196e-05 0.0284822 2.77492e-08 0.970716 4.64264e-08 1.12021e-07 
0.00695679 0.0281656 1.7094e-06 0.0263946 0.0193812 0.000121121 0.910546 0.0083426 9.04904e-05 
0.0953053 0.130237 0.00162871 0.152923 0.270303 0.0220828 0.318579 0.00883111 0.000110565 
0.00777665 0.00355983 0.0436046 0.17875 0.00058857 7.90883e-09 0.765649 2.71575e-05 4.33881e-05 
0.19022 0.0422598 0.00318674 0.0365872 0.0135005 0.0240678 0.68896 3.34128e-05 0.00118534 
0.00360911 0.305932 0.00851569 0.00110693 0.00112761 0.0708117 0.608756 6.73723e-05 7.32842e-05 
0.248953 0.0353096 0.0769526 0.144702 0.0908956 0.000344212 0.349211 0.000560467 0.0530714 
0.180435 0.00718007 0.0583177 0.303235 0.0214302 0.00173602 0.342714 0.0849503 1.13906e-06 
0.339626 0.0910408 0.00361892 0.0361629 0.0515965 0.0346567 0.424429 0.0188523 1.7681e-05 
0.108462 0.108363 0.00312608 0.0286269 0.352865 0.0143894 0.381332 0.000376944 0.0024585 
0.0512887 0.000706211 0.0579 0.153687 0.01971 0.000417073 0.642843 0.0734477 5.33465e-07 
0.0672742 0.009054 0.000643361 0.0323496 0.045975 0.000463205 0.82179 0.0138938 0.00855714 
0.311464 0.0302782 0.0496373 0.0494589 0.0757885 0.00837663 0.473588 7.25978e-05 0.00133657 
0.167968 0.0545358 0.0123 0.12859 0.00778335 0.0112316 0.403517 0.214073 3.83683e-08 
0.12348 0.308188 0.01102 0.0798205 0.0258284 0.0145369 0.434374 0.000127035 0.00262483 
5.07997e-05 0.130229 5.84262e-05 3.84773e-05 0.000138922 0.0103313 0.859141 3.39861e-06 8.2004e-06 
0.250879 0.196697 0.00166483 0.0388208 0.0388314 0.000780903 0.440403 0.0315883 0.000334485 
0.0512152 0.0035341 0.0410662 0.0453551 0.00349394 0.000954756 0.805239 0.00237107 0.0467706 
0.202038 0.165256 0.0121579 0.056402 0.232334 0.0148141 0.316531 0.000371869 9.56412e-05 
0.193469 0.0162451 0.0181163 0.0941162 0.26939 0.00509178 0.402574 2.26468e-07 0.000997236 
0.113928 0.166852 0.0462837 0.237654 0.184669 0.0108892 0.238181 0.000166554 0.00137615 
0.218916 0.0140642 0.00576789 0.000426193 0.294303 0.0167436 0.449477 0.000280002 2.24359e-05 
0.0465302 0.0332494 0.0153753 0.0610593 0.000620665 0.0276645 0.737349 0.0781296 2.2087e-05 
0.121576 0.0676241 0.0852158 0.156584 0.0157992 0.0260769 0.405953 0.121141 3.03619e-05 
0.0558747 0.0483421 0.0339559 0.044415 0.00619035 0.000787363 0.662236 0.00598441 0.142214 
0.258134 0.251762 1.32493e-06 0.0588328 0.0308679 0.00689097 0.375757 0.0169585 0.000795863 
0.0168168 0.00150874 0.000154526 0.0578336 0.0165967 0.0030749 0.692409 0.211606 5.02807e-09 
0.0798099 0.201566 0.000453643 0.0123723 0.00038703 0.000129157 0.683962 0.0210727 0.000247738 
0.262925 0.168322 0.00499217 0.0289215 0.0868599 0.0213247 0.305898 0.119027 0.00173001 
0.0283392 0.000201116 0.000390136 0.00134386 7.24134e-06 7.274e-05 0.968812 2.36188e-05 0.000810169 
0.145101 0.0328743 0.0984704 0.320931 0.00682624 0.0256854 0.351728 0.0183536 2.98843e-05 
0.103118 0.0756805 0.00460174 0.0167987 0.0172676 0.0139011 0.743886 0.0161283 0.00861872 
0.291325 0.0910004 0.0172706 0.0905548 0.123723 0.0487174 0.337183 0.000197694 2.77932e-05 
0.130128 0.0351757 0.000837441 0.28732 0.069235 0.0479826 0.422215 0.00658894 0.000517625 
0.0784336 0.00237538 0.000783006 0.0518934 0.0888206 5.48402e-08 0.776793 0.000117333 0.000783566 
0.19119 0.11341 0.00055687 0.00415231 0.00336982 3.4457e-05 0.687219 1.22135e-05 5.55543e-05 
0.125063 0.0683531 0.000637162 0.00815799 0.137415 0.0363325 0.612781 0.00199164 0.00926899 
0.0384174 0.0225905 0.0039933 0.0220785 0.122205 0.000102327 0.673047 0.0029746 0.114592 
0.0631152 0.00999544 0.00205452 2.09988e-06 0.219988 3.50747e-07 0.704375 0.000468448 1.91818e-07 
0.0773968 0.0132612 1.38759e-05 0.0570784 0.169101 9.40397e-05 0.683 5.48369e-05 8.28907e-08 
0.0563467 0.0850163 0.000306754 0.0189791 0.139108 0.0174074 0.68276 7.57675e-05 1.31728e-08 
0.0798099 0.201566 0.000453643 0.0123723 0.00038703 0.000129157 0.683962 0.0210727 0.000247738 
0.16849 0.00178714 5.85532e-06 0.00677497 0.00068884 0.00138561 0.820841 1.6875e-05 9.67476e-06 
0.0113798 0.00133844 0.164675 0.00738193 0.000189865 0.000584594 0.797597 0.00547907 0.011374 
0.301357 0.0143312 5.01761e-05 0.0650254 0.199702 3.65768e-07 0.417275 0.00225278 6.05165e-06 
0.0200455 0.320771 1.86778e-07 0.00859695 0.166349 0.000583979 0.483182 8.94122e-06 0.000462345 
0.00194256 1.97e-07 0.0333489 0.344493 0.00573176 7.65964e-08 0.606589 0.00789422 8.13486e-07 
0.170667 0.114338 0.0221249 0.0671825 0.00591257 0.00651538 0.498004 0.115211 4.44613e-05 
0.00821127 0.00480684 0.0957582 0.0302245 0.0633442 0.0164629 0.781189 1.77768e-06 1.39036e-06 
0.319406 0.0495123 0.012369 0.0495591 0.0891098 9.44863e-07 0.479672 4.87584e-08 0.000370458 
0.0630962 4.87154e-06 0.0106185 0.130503 0.289399 1.37108e-06 0.506356 1.13149e-05 9.37959e-06 
0.15143 0.0430782 0.073395 0.0835364 0.0650753 0.00031318 0.58291 0.000261748 2.28332e-08 
0.120075 0.249244 0.00515862 0.00706923 0.0199233 0.143972 0.440415 0.0138979 0.0002452 
0.0465302 0.0332494 0.0153753 0.0610593 0.000620665 0.0276645 0.737349 0.0781296 2.2087e-05 
0.0202643 0.00209297 0.0728728 0.259767 0.0939991 0.00199221 0.463641 0.0293392 0.0560318 
0.180435 0.00718007 0.0583177 0.303235 0.0214302 0.00173602 0.342714 0.0849503 1.13906e-06 
0.0178333 0.310143 5.59983e-06 0.00982626 0.241744 0.00468759 0.415192 0.00056733 1.0873e-07 
0.171207 0.0230247 0.0174064 0.173082 0.0315277 0.0392237 0.543888 0.000637204 3.2645e-06 
0.0591813 0.0947105 0.0105222 0.145996 0.0749555 0.000890488 0.597599 0.00105536 0.0150899 
0.0356705 0.30442 0.00294089 0.0168745 0.0278975 0.000194371 0.611148 0.000831343 2.28104e-05 
0.0465302 0.0332494 0.0153753 0.0610593 0.000620665 0.0276645 0.737349 0.0781296 2.2087e-05 
0.0647772 0.0244879 0.0803258 0.0758864 0.00214534 0.0152513 0.644004 0.0931222 3.41847e-08 
0.00406102 0.0398313 0.00232495 0.0152541 0.00315284 0.0355971 0.732426 0.167353 3.25936e-08 
0.0678648 0.0919482 0.0336377 0.0539187 0.00402844 0.0453614 0.490889 0.212341 1.0811e-05 
0.0962617 0.14213 0.155373 0.020205 0.190525 0.001285 0.32799 6.02084e-05 0.0661707 
0.106107 0.00650349 0.0831326 0.0385464 0.000971598 0.000974305 0.761709 0.00186447 0.000191557 
0.0161843 0.0282368 5.03295e-11 1.94925e-06 0.0841417 0.0155854 0.854635 0.0012145 4.41493e-07 
0.236491 7.96204e-06 7.96131e-06 0.037429 0.0278686 7.96132e-06 0.600299 7.9604e-06 0.0978802 
0.272246 0.154024 0.0149988 0.0746875 0.0899635 0.0651317 0.327999 0.000805545 0.000142983 
0.17235 0.0348697 0.0581149 0.206577 0.0299228 0.0024066 0.366377 0.0446922 0.0846905 
0.187753 0.0362425 0.000906762 0.0143892 0.00168492 0.000110607 0.75701 0.00189736 6.06141e-06 
0.0531984 0.00379088 0.00763289 0.123048 0.020006 0.00447605 0.601426 0.18642 1.48609e-06 
0.048138 0.0210177 0.0460664 0.0648089 0.22248 7.91849e-05 0.590567 0.0067762 6.67269e-05 
0.0270403 0.00363613 0.132807 0.0166938 0.00667695 0.000523543 0.811722 0.000213718 0.000687406 
0.00297457 9.84023e-07 0.000574221 0.000140057 0.000946952 3.27406e-07 0.992024 0.00333865 8.20639e-08 
0.34921 0.165013 0.00121303 0.00174237 0.0145129 0.000769069 0.46689 0.000650183 3.33694e-10 
0.0550748 0.0233714 0.025793 0.01097 0.0874269 0.000745427 0.796598 8.24945e-07 1.98702e-05 
0.0171222 0.0109394 0.00389636 0.128364 0.00966212 7.91715e-05 0.823193 0.00666478 7.80583e-05 
0.148201 0.0189546 0.0452681 0.00217281 0.0573547 0.000161459 0.711359 4.40351e-05 0.0164844 
0.0176727 5.74752e-05 0.00286991 0.00215324 0.193729 3.112e-05 0.781215 0.00209505 0.000176501 
0.00460786 0.135396 0.00102456 0.0187923 0.194579 0.0294736 0.609094 0.00377708 0.00325616 
0.0537319 0.0078279 2.34853e-06 0.00937728 0.0885922 0.00185999 0.838403 8.28061e-05 0.000122372 
0.100428 0.0584979 0.00411113 0.0445824 0.0100277 0.0648871 0.38807 0.329336 6.03828e-05 
0.016718 0.0718612 0.0286157 0.000555572 0.000370147 0.00513389 0.876556 8.8986e-06 0.000180248 
0.072852 0.226045 0.151193 0.13176 0.00673349 0.00592635 0.396212 0.000614433 0.00866408 
0.0246536 0.0253508 0.0158275 0.0269569 0.00581393 9.82808e-08 0.901298 6.29081e-05 3.5934e-05 
0.0113798 0.00133844 0.164675 0.00738193 0.000189865 0.000584594 0.797597 0.00547907 0.011374 
0.0896198 0.376478 0.00739601 0.0165566 0.00745351 0.0520299 0.450146 0.000214718 0.000105375 
0.120875 0.0466283 0.00233421 0.0619037 0.0438011 0.000622417 0.716699 0.00682251 0.000313479 
0.210191 0.0269931 0.0468394 0.0130233 0.0610353 0.00344654 0.625927 0.00422551 0.00831921 
0.247988 0.0590676 0.00233416 0.0504837 0.0295861 0.0847412 0.512389 0.003621 0.00978869 
0.119459 0.0104014 0.00439362 0.000156736 0.184835 0.0059092 0.671126 0.00361664 0.000102286 
0.0113798 0.00133844 0.164675 0.00738193 0.000189865 0.000584594 0.797597 0.00547907 0.011374 
0.127149 0.275021 0.062412 0.0755461 0.0661311 0.0302909 0.363361 5.73811e-06 8.30042e-05 
0.350107 0.00814481 0.00024174 0.0754358 0.000296759 0.0105559 0.555045 0.000170528 2.22831e-06 
0.00297457 9.84023e-07 0.000574221 0.000140057 0.000946952 3.27406e-07 0.992024 0.00333865 8.20639e-08 
0.277184 0.0686562 0.0230887 0.0414205 0.15459 0.0120187 0.370893 0.000673143 0.0514767 
0.154744 0.0462418 0.0108718 0.181851 0.0156491 0.0106391 0.579586 0.000350764 6.63858e-05 
0.241039 0.0174234 0.0069018 0.153799 0.00765945 0.00949804 0.421862 0.141777 4.083e-05 
0.247354 0.043194 0.0200543 0.107414 0.0401187 0.00302647 0.515898 0.0225363 0.000403914 
0.106107 0.00650349 0.0831326 0.0385464 0.000971598 0.000974305 0.761709 0.00186447 0.000191557 
0.106107 0.00650349 0.0831326 0.0385464 0.000971598 0.000974305 0.761709 0.00186447 0.000191557 
0.180435 0.00718007 0.0583177 0.303235 0.0214302 0.00173602 0.342714 0.0849503 1.13906e-06 
0.0490677 0.0683665 0.00110124 0.0185604 0.141565 0.0667099 0.604466 1.16781e-05 0.0501511 
0.0907969 0.244307 0.00546855 3.98843e-05 0.100212 0.00337321 0.52217 0.0336321 5.46315e-11 
0.17462 0.193166 0.000382279 3.00761e-06 0.0694602 4.0795e-05 0.562131 0.000192791 4.01571e-06 
5.97154e-05 0.000121293 2.6489e-07 0.00107881 0.000499598 2.61517e-07 0.997995 4.37537e-07 0.000244576 
0.215016 0.211921 0.0404695 0.217411 0.00890673 0.0209868 0.238745 0.00802842 0.0385157 
0.205121 0.0350086 0.0173167 0.0445708 0.114301 0.00729805 0.574168 0.00190348 0.000311511 
0.218917 0.0788029 0.0269329 0.235606 0.175428 0.00677668 0.254921 2.24356e-05 0.00259298 
8.10881e-05 0.0072785 2.94554e-05 0.000124445 0.473366 2.36846e-07 0.519121 3.92335e-09 9.46654e-09 
0.206585 0.0613327 0.0118541 0.0385216 0.0659506 0.00196209 0.479059 0.134566 0.000169055 
7.8693e-05 0.346312 7.86822e-05 7.86881e-05 0.0787497 7.86823e-05 0.574467 7.86732e-05 7.86406e-05 
0.213121 0.180387 0.0263913 0.100888 0.114097 0.00445004 0.351361 4.66556e-05 0.00925963 
0.0287692 0.0390557 0.0101799 0.0413912 0.00146784 0.0365291 0.732629 0.109962 1.55268e-05 
0.20831 0.00101582 0.139165 0.11917 0.0015979 0.00221953 0.488177 0.0377591 0.0025868 
0.0168168 0.00150874 0.000154526 0.0578336 0.0165967 0.0030749 0.692409 0.211606 5.02807e-09 
0.0283392 0.000201116 0.000390136 0.00134386 7.24134e-06 7.274e-05 0.968812 2.36188e-05 0.000810169 
0.268843 0.278813 0.0217888 0.0269908 0.00255458 0.00318824 0.391265 0.00010286 0.00645412 
0.188819 0.143966 0.0102211 0.069358 0.000597529 0.0123651 0.57165 0.00295575 6.78927e-05 
0.158889 0.0640017 0.00655859 0.261078 0.0875775 0.0449712 0.374652 0.00041258 0.00185879 
0.171702 0.0521716 0.0260096 0.138488 0.00876662 0.0238901 0.321017 0.180411 0.0775436 
0.240171 0.0259815 0.0325431 0.284858 0.0279391 0.0366697 0.320897 0.0185182 0.0124228 
0.239233 0.0870539 0.0201661 0.0499465 0.00241963 0.000436637 0.59736 0.00190526 0.00147975 
0.241039 0.0174234 0.0069018 0.153799 0.00765945 0.00949804 0.421862 0.141777 4.083e-05 
0.0196129 0.0672895 0.00201781 0.00450062 0.0145812 0.000117234 0.891864 1.69429e-05 1.21121e-07 
0.24933 0.0256891 0.0141119 0.270725 0.0770576 0.0222537 0.3404 0.000372034 6.06402e-05 
0.301194 0.110214 0.0675818 0.000660164 0.0132758 0.00507326 0.501996 5.27829e-06 2.14691e-08 
0.238088 0.247239 0.0899661 0.0951743 0.0431641 0.000148755 0.283365 0.00180341 0.00105073 
0.157373 0.311256 0.00134959 0.0789016 0.0158416 0.00113317 0.433463 7.89807e-05 0.000602885 
0.130846 0.000510177 0.00380474 0.00595337 0.00401397 0.000126906 0.813285 0.000160561 0.0413001 
0.0617554 0.0366914 0.00065261 0.0998446 0.00273071 0.00516617 0.764174 0.0289856 2.65116e-10 
0.291727 0.280247 0.00252034 0.0164069 0.00242149 0.0632319 0.343221 4.80549e-05 0.000175732 
0.405659 0.0257247 0.0154646 0.0747254 0.00968449 0.00873543 0.459184 3.61466e-05 0.000785547 
0.000655543 0.227751 1.17918e-08 0.00791613 0.0881332 0.000732396 0.674737 1.94772e-08 7.48525e-05 
0.178633 0.065499 0.00554556 0.20551 0.0300432 4.02573e-07 0.512372 0.00239789 1.14271e-09 
0.0463221 0.0180022 0.00811089 0.0597148 0.000570911 0.000425728 0.866852 1.28063e-06 6.85048e-09 
0.0113798 0.00133844 0.164675 0.00738193 0.000189865 0.000584594 0.797597 0.00547907 0.011374 
0.235674 0.09506 0.0398547 0.109683 0.149183 0.0066139 0.347117 0.0164621 0.0003514 
0.120075 0.249244 0.00515862 0.00706923 0.0199233 0.143972 0.440415 0.0138979 0.0002452 
0.24022 0.256491 0.0398166 0.0166403 0.00230993 0.0220133 0.421882 0.000213765 0.000413445 
0.00243748 0.00592761 0.000178629 0.000202225 7.89668e-06 0.000520187 0.990726 4.07895e-08 4.22174e-07 
0.0749913 0.176843 0.00481226 0.0108391 0.0383295 8.47667e-05 0.693864 5.27143e-05 0.000184235 
0.279949 0.0581449 0.0163827 0.0230728 0.135185 0.00561404 0.480816 0.000754376 8.17636e-05 
0.0806193 0.00319632 3.01919e-09 1.66331e-09 0.0912738 8.53514e-06 0.824902 4.987e-09 1.2033e-08 
0.237712 0.0573315 0.128041 0.13281 0.00412244 0.0385013 0.326166 0.0751497 0.000165746 
0.147544 0.0273568 0.000390343 0.00106823 0.101472 0.00262834 0.718272 0.000257752 0.00101106 
0.231367 0.103327 0.0209123 0.0353043 0.0217845 0.0228596 0.560611 0.00381593 1.93147e-05 
0.241039 0.0174234 0.0069018 0.153799 0.00765945 0.00949804 0.421862 0.141777 4.083e-05 
0.034206 0.0944923 0.0104764 0.132911 0.037712 0.0276354 0.578896 0.083658 1.28946e-05 
0.0683892 0.358724 0.00926378 0.0190638 0.0257752 0.119555 0.398121 0.000640052 0.000467822 
0.282364 0.0108837 0.0616894 0.0956454 0.0226676 0.000546129 0.525824 0.000366631 1.30235e-05 
0.221325 0.083505 0.0190089 0.14519 0.0878749 0.075732 0.362736 0.00462614 1.29334e-06 
0.0645608 0.0128749 0.0522183 0.00417658 0.000559367 2.39022e-05 0.86534 0.0002465 1.1935e-07 
0.114438 0.00924819 0.00450022 0.149826 0.0562502 0.024849 0.325581 0.315074 0.000233692 
0.302571 0.0211133 0.0581701 0.0290293 0.0886547 0.000501985 0.357494 0.000897005 0.141569 
0.0500148 0.15656 0.00123481 0.0209955 0.00245357 0.00190115 0.766248 0.000592686 3.31889e-10 
0.170911 0.095764 0.0312001 0.112333 0.0681182 0.0241461 0.477081 0.00067428 0.0197727 
0.0353699 0.137714 0.0245501 4.00817e-05 0.001208 0.00113703 0.799952 1.33282e-05 1.51141e-05 
0.0515062 0.0108034 0.0190245 0.227574 0.289579 0.000104878 0.368313 0.00239794 0.0306979 
0.244241 0.0723909 0.0801432 0.0845911 0.186552 0.00311748 0.324403 0.000274707 0.00428723 
0.168811 6.71294e-06 1.01142e-06 3.87023e-06 0.00101135 2.37978e-06 0.789571 0.0405928 5.46351e-08 
0.281901 0.0183541 0.0382201 0.134668 0.0121208 0.00359125 0.509784 0.00105901 0.000301241 
0.0300986 0.115115 0.00563334 0.0887122 0.0997698 0.00040252 0.655023 0.00524593 8.90446e-09 
0.225011 0.0972199 0.00193997 0.00108646 6.4092e-05 0.0111811 0.66347 3.82264e-09 2.74973e-05 
0.222401 0.138735 0.00764891 0.0205287 0.13608 0.00103037 0.473343 0.000173693 5.90415e-05 
0.0732214 0.147649 0.0444533 0.0382689 0.00683495 0.214733 0.474834 1.80961e-06 3.79168e-06 
0.121355 0.0553179 0.050484 0.243315 0.146689 0.00280704 0.357638 0.0222666 0.000127557 
0.097812 0.0142121 0.0231266 0.27864 0.0806437 0.000818155 0.446277 0.0573084 0.00116182 
0.302339 0.140724 0.00693297 0.0280409 0.0878129 0.00184701 0.432251 4.96398e-05 2.23389e-06 
0.0931911 0.00354935 0.00439898 0.044303 0.327869 0.000104382 0.493806 0.00129881 0.0314787 
0.0934064 0.0112055 0.00219677 0.0149869 0.0250065 0.00982915 0.681223 0.154053 0.00809271 
0.166789 1.7826e-06 2.58017e-07 0.348784 0.0593115 4.26139e-06 0.423125 0.00198435 1.95745e-08 
0.0995632 0.0549853 2.66882e-06 2.66902e-06 0.292731 2.66882e-06 0.517494 0.0096093 0.0256098 
0.142056 0.0631325 0.00015532 0.0619169 0.0521884 0.00717512 0.673015 0.000360037 1.14255e-06 
0.0298884 0.14103 7.79031e-06 0.0147038 0.288644 0.00351841 0.521991 0.000208595 9.01002e-06 
0.048138 0.0210177 0.0460664 0.0648089 0.22248 7.91849e-05 0.590567 0.0067762 6.67269e-05 
0.0299027 0.0203791 0.00522595 0.0446043 0.00584346 0.00886473 0.695228 0.189689 0.000262408 
