0.077414 0.05471 0.000517043 0.000912687 0.422202 0.000340632 0.443874 3.00464e-05 1.07043e-09 
0.0396051 0.0225226 0.000418516 0.0313063 0.00204606 0.0333933 0.489222 0.381486 1.18088e-11 
0.181417 0.331276 0.0299291 0.00755682 0.0139297 0.0580241 0.373686 0.00410844 7.31069e-05 
0.241039 0.0174234 0.0069018 0.153799 0.00765945 0.00949804 0.421862 0.141777 4.083e-05 
0.186744 0.0454927 0.00481167 0.0160003 0.00132473 0.00114041 0.744464 6.50161e-06 1.53326e-05 
0.241039 0.0174234 0.0069018 0.153799 0.00765945 0.00949804 0.421862 0.141777 4.083e-05 
0.0671235 0.0216751 0.0100598 0.226009 0.311817 0.00623153 0.348718 0.00814102 0.000225725 
0.0455973 0.111236 1.41658e-07 1.78023e-11 0.120291 0.0136894 0.708896 3.25514e-07 0.000289716 
0.264338 0.155493 0.000552137 0.00346905 0.000412623 0.00129285 0.574438 3.59721e-06 1.169e-07 
0.0951865 0.00506687 0.00145658 0.268198 0.00258673 0.00492476 0.622288 0.000252271 3.99491e-05 
0.155255 0.0222713 0.12889 0.101273 0.0764875 0.000212161 0.269152 0.00383885 0.242619 
0.238825 0.259117 0.000916462 0.00577438 0.000681515 0.00214917 0.492531 5.46382e-06 2.81212e-08 
0.0890828 0.0370049 0.000776837 0.0800726 0.00247554 0.0053747 0.480283 0.304929 1.72389e-10 
0.127416 0.176012 0.00770128 0.292931 0.0219349 6.8624e-06 0.350686 0.0233025 8.928e-06 
0.239233 0.0870539 0.0201661 0.0499465 0.00241963 0.000436637 0.59736 0.00190526 0.00147975 
0.0419843 0.0685137 0.11689 0.0038986 0.000195106 0.00342152 0.625996 0.125356 0.0137449 
0.0854333 0.167528 0.0603339 0.130024 0.117765 0.00103471 0.38482 0.0504059 0.00265472 
0.1103 0.133494 0.000501806 0.043596 0.000803689 0.00509529 0.706199 6.81918e-06 3.16553e-06 
0.048138 0.0210177 0.0460664 0.0648089 0.22248 7.91849e-05 0.590567 0.0067762 6.67269e-05 
0.0625397 0.047431 0.0308974 0.108717 0.208352 0.00183321 0.426549 0.00107851 0.112602 
0.199241 0.00298923 0.381005 0.0103592 0.0163524 0.000659373 0.389384 5.60799e-06 4.24748e-06 
0.090425 0.151536 0.00163579 0.190723 0.0666335 0.164994 0.331987 0.000289447 0.00177533 
0.251758 0.0149203 0.0097175 0.114938 0.0940545 0.0146299 0.496689 0.00323592 5.62372e-05 
0.068261 0.0847752 0.0053108 0.0223974 0.0359011 0.00690999 0.776239 0.00020532 9.37814e-08 
0.196754 0.0502881 0.0187613 0.194621 0.198287 0.0907436 0.250304 0.000240122 4.0941e-07 
0.157785 0.0179343 0.042755 0.091774 0.27839 0.000818655 0.41029 9.57901e-05 0.000157362 
0.145664 0.0893181 0.0145258 0.048865 0.0614807 0.0162319 0.577052 0.0457861 0.00107695 
0.172726 0.122629 0.0570717 0.189147 0.189612 0.000252097 0.263831 5.31851e-05 0.00467856 
0.00609804 0.0385601 0.020774 0.0114386 0.123759 0.0200756 0.777473 0.000121734 0.00170042 
0.180435 0.00718007 0.0583177 0.303235 0.0214302 0.00173602 0.342714 0.0849503 1.13906e-06 
0.00758921 0.0369311 0.0695613 0.0465441 0.00598548 0.154871 0.676586 0.00186499 6.61103e-05 
0.0556748 0.106983 0.0933754 2.4034e-05 0.0491835 3.3952e-06 0.694756 1.95808e-09 4.7246e-09 
0.0113798 0.00133844 0.164675 0.00738193 0.000189865 0.000584594 0.797597 0.00547907 0.011374 
0.228229 0.0582644 0.0514162 0.160002 0.0218162 0.0147298 0.440101 0.0254084 3.26612e-05 
0.126153 0.0666061 0.081738 0.116063 0.0617276 0.017333 0.53001 4.89537e-05 0.000321207 
0.0555695 0.223287 0.00729824 0.00874997 0.0107168 0.0360469 0.65826 1.19398e-08 7.14835e-05 
0.210288 0.251545 0.00745667 0.0223907 0.0240979 0.00390037 0.480076 6.72475e-06 0.000238589 
0.0798099 0.201566 0.000453643 0.0123723 0.00038703 0.000129157 0.683962 0.0210727 0.000247738 
0.0266769 0.0282589 0.00189116 0.00786024 0.0051039 0.00202658 0.928165 1.7237e-05 9.91062e-09 
0.250818 0.0350945 0.0119545 0.0726221 0.00782736 0.00139255 0.55172 0.0685056 6.56622e-05 
0.244045 0.0552556 0.0104244 0.0994784 0.00871064 0.0113868 0.431284 0.138471 0.000943687 
0.00297457 9.84023e-07 0.000574221 0.000140057 0.000946952 3.27406e-07 0.992024 0.00333865 8.20639e-08 
0.0820262 0.227024 0.00997585 0.00290692 0.0478063 0.00472514 0.613439 0.0120963 8.05358e-09 
0.241039 0.0174234 0.0069018 0.153799 0.00765945 0.00949804 0.421862 0.141777 4.083e-05 
0.132277 0.334969 0.0112067 0.0978328 0.005068 0.0155768 0.401987 0.00108275 4.76504e-09 
0.1744 0.0832331 0.00176483 0.186156 0.0270204 0.000784006 0.526625 8.58398e-06 8.92438e-06 
0.00406102 0.0398313 0.00232495 0.0152541 0.00315284 0.0355971 0.732426 0.167353 3.25936e-08 
0.00406102 0.0398313 0.00232495 0.0152541 0.00315284 0.0355971 0.732426 0.167353 3.25936e-08 
0.143261 0.0981945 0.025696 0.129066 0.225201 0.061663 0.226174 3.56268e-07 0.0907446 
0.17798 0.102932 0.00599343 0.020963 0.0177464 0.0326397 0.640771 0.000973876 9.68331e-07 
0.146785 0.074404 0.00236944 0.123235 0.306186 0.0158384 0.330541 0.000515232 0.000125942 
0.0343246 0.0463343 0.00225903 0.117511 0.0136317 0.0064793 0.779456 3.94935e-06 2.34787e-08 
0.100001 0.231335 0.00132248 0.0917505 0.0849282 0.0339647 0.456406 0.000203811 8.87066e-05 
0.228651 0.0216041 0.0664204 0.210138 0.0682585 0.000126992 0.404056 0.000716073 2.87238e-05 
0.0283392 0.000201116 0.000390136 0.00134386 7.24134e-06 7.274e-05 0.968812 2.36188e-05 0.000810169 
0.250094 0.254437 0.0216622 0.0465286 0.0531659 0.104283 0.268634 5.77991e-05 0.00113818 
0.210306 0.0660342 0.000310896 0.0967727 0.197239 0.0182081 0.342865 0.00225297 0.0660115 
0.0804505 0.00430252 0.00216944 0.0209991 0.0248372 4.84003e-05 0.86408 0.000167036 0.00294545 
0.175276 0.0338419 0.014811 0.0990383 0.0246467 0.01867 0.620551 0.0130519 0.000112886 
0.0751334 0.276524 0.0444996 0.0717046 0.0898777 0.0731808 0.366584 0.00229609 0.000199212 
0.186839 0.208476 0.000987123 0.0221222 0.001024 0.000205309 0.554398 0.0253812 0.000567267 
0.192721 0.000305626 0.134091 0.149581 0.0345269 0.000637921 0.328368 0.000502934 0.159266 
0.239625 0.0160562 0.0779276 0.00753266 0.036592 0.00111561 0.572674 0.000382128 0.048095 
0.122757 0.109281 0.00266452 0.0612629 0.141899 0.0241454 0.53659 0.00125721 0.000142753 
0.158858 0.0602229 0.000837766 0.00577566 0.255865 0.0035152 0.514777 0.000141203 7.41066e-06 
0.387767 0.000570438 0.00472006 0.0309219 0.0365397 2.24115e-09 0.519494 4.82036e-06 0.0199813 
0.0907969 0.244307 0.00546855 3.98843e-05 0.100212 0.00337321 0.52217 0.0336321 5.46315e-11 
0.169257 0.0291759 0.0134764 0.0612221 0.27623 0.0185602 0.429153 0.00288977 3.54835e-05 
0.337059 0.103101 0.022895 0.074534 0.0239061 0.00468633 0.432358 2.95757e-07 0.00146 
0.0974693 0.0690935 0.0989423 0.00838755 0.135514 0.000444286 0.582805 2.71898e-05 0.0073164 
0.11143 0.298212 0.000137619 0.00381245 0.00124098 0.0380457 0.547001 0.00011928 1.3549e-07 
0.0694481 0.266618 0.0141906 0.0560768 0.0606651 0.000256404 0.532321 1.26359e-08 0.000424104 
0.0268039 0.186637 0.00467405 0.0491844 0.171977 0.000239091 0.560293 0.000191122 2.42678e-10 
0.281359 0.0964966 0.00522145 0.0279425 0.00830963 0.000207869 0.49631 0.00324004 0.0809125 
0.10116 0.222641 0.0558013 0.0386307 0.0260156 0.025958 0.446324 0.000122037 0.083348 
0.117657 0.0726051 0.00677339 0.0178941 0.0313987 0.00450784 0.717429 0.0303345 0.00140007 
0.19973 0.219727 0.000825566 0.056235 0.216598 0.023216 0.283156 0.000258049 0.000254773 
0.016718 0.0718612 0.0286157 0.000555572 0.000370147 0.00513389 0.876556 8.8986e-06 0.000180248 
0.155325 0.106849 0.00178428 0.0318069 0.099993 0.00303802 0.591162 0.0045027 0.00553914 
0.226548 0.0473498 0.00239363 0.0125201 0.0603911 0.00418397 0.639448 0.000303359 0.00686199 
0.13192 0.180067 0.0107041 0.0350674 0.116143 0.00770527 0.516229 0.00196541 0.000198451 
0.0595471 0.0421615 1.07052e-05 0.00188776 0.00468456 0.0209209 0.863337 0.000229186 0.00722151 
0.210306 0.0660342 0.000310896 0.0967727 0.197239 0.0182081 0.342865 0.00225297 0.0660115 
0.357532 0.076104 0.00485045 0.0540806 0.00214389 0.00531986 0.379383 0.120571 1.56966e-05 
0.357153 0.100271 0.0309987 0.0671151 0.0175934 0.0182496 0.40587 0.00181841 0.000930599 
0.0168168 0.00150874 0.000154526 0.0578336 0.0165967 0.0030749 0.692409 0.211606 5.02807e-09 
0.0595923 0.226941 0.0117845 0.0455199 0.0558248 0.00100159 0.59929 2.07296e-05 2.5425e-05 
0.309227 0.0336432 0.00312446 0.118071 0.0850671 0.000407043 0.450445 1.42522e-05 1.3615e-07 
0.246062 0.0370816 0.00471679 0.0559811 0.314087 1.21811e-07 0.342071 2.03798e-07 4.91737e-07 
0.0325868 0.0401449 0.0141196 0.00136339 0.00175175 0.000150705 0.909883 1.79599e-08 1.32286e-10 
0.329753 0.0832836 0.00437733 0.00204408 0.0918083 0.0841968 0.404149 0.000387967 1.00017e-07 
0.311597 0.198822 0.0243822 0.0589346 0.0454741 0.0342614 0.31193 0.0122894 0.00231004 
0.164497 0.0222779 0.200408 0.0381603 0.00282309 0.0555403 0.513484 0.00037098 0.00243812 
0.0798099 0.201566 0.000453643 0.0123723 0.00038703 0.000129157 0.683962 0.0210727 0.000247738 
0.0766174 0.000414775 0.00101239 0.0598095 0.0121418 0.000375419 0.849225 0.000136118 0.000267718 
0.255938 0.0669399 0.0298022 0.127017 0.196039 2.36507e-06 0.311723 0.0125358 2.36382e-06 
0.101433 0.0973357 0.00149674 0.00806697 0.211798 5.64665e-05 0.578873 0.000809392 0.000130911 
0.21616 0.0458606 0.0732616 0.080454 0.00191205 0.0194051 0.537138 0.0236031 0.00220584 
0.0991715 0.1554 0.0130597 0.11166 0.133508 1.30457e-07 0.480363 8.15893e-05 0.00675663 
0.259838 0.0296161 0.0720787 0.000127945 0.0656774 0.00219876 0.567354 8.38729e-06 0.00310076 
0.0950819 0.243864 0.00548922 4.98325e-05 0.111139 0.00421624 0.498122 0.042037 3.72374e-11 
0.0793759 0.0180822 0.0248072 0.0499475 0.0115892 0.00724401 0.72656 0.0743253 0.00806846 
0.109658 0.0249021 0.01533 0.0300271 0.0162889 0.00482304 0.762411 0.0330445 0.00351524 
0.247533 0.03177 0.156344 0.166405 0.0564541 0.0277233 0.288553 0.000637122 0.0245812 
0.223397 0.0330243 0.0269701 0.00808029 0.146716 0.0230296 0.420353 0.00107652 0.117354 
0.00940959 0.0153685 0.0165074 0.0126801 0.20203 0.00221438 0.741434 0.00035206 3.31478e-06 
0.224007 0.0584834 0.11262 0.252099 0.00794456 0.0390903 0.305391 0.000248862 0.000115464 
0.0425796 0.00106747 0.00583236 0.014769 0.000163172 0.00251067 0.931885 0.00118855 4.31906e-06 
0.253807 0.0620851 0.0177896 0.121873 0.0639846 0.0279151 0.446292 0.00418004 0.00207317 
0.241039 0.0174234 0.0069018 0.153799 0.00765945 0.00949804 0.421862 0.141777 4.083e-05 
0.00406102 0.0398313 0.00232495 0.0152541 0.00315284 0.0355971 0.732426 0.167353 3.25936e-08 
0.174101 0.181915 0.015674 0.0375752 0.013616 0.0564841 0.519159 0.00136618 0.000108713 
0.0467489 0.0649706 0.00469909 0.0202519 0.0285593 0.0179799 0.81578 0.00100918 9.45882e-07 
0.00297457 9.84023e-07 0.000574221 0.000140057 0.000946952 3.27406e-07 0.992024 0.00333865 8.20639e-08 
0.399139 1.48693e-08 0.022173 0.174022 0.00477865 9.23347e-11 0.399886 1.97893e-06 3.72746e-10 
0.0558747 0.0483421 0.0339559 0.044415 0.00619035 0.000787363 0.662236 0.00598441 0.142214 
0.0445739 0.127522 0.00671689 0.0891214 0.0228512 0.079218 0.62585 0.00279915 0.00134722 
0.00614308 0.024385 1.6093e-07 1.77281e-11 0.358686 7.08501e-07 0.610363 0.000421282 1.23134e-06 
0.179938 0.00203844 0.00303552 0.338897 0.00182173 1.56578e-05 0.398991 0.0752632 8.55525e-10 
0.165045 0.0478388 0.000103568 0.00491527 0.0208331 0.0820782 0.393235 0.00462454 0.281326 
0.164392 0.00711743 0.00329749 0.220683 0.170454 0.000651133 0.432811 0.000593465 9.7595e-10 
0.136967 0.115287 0.063568 0.152115 0.00405986 0.0206786 0.439805 0.0671194 0.000400347 
0.0113798 0.00133844 0.164675 0.00738193 0.000189865 0.000584594 0.797597 0.00547907 0.011374 
0.00297457 9.84023e-07 0.000574221 0.000140057 0.000946952 3.27406e-07 0.992024 0.00333865 8.20639e-08 
0.342906 0.0805397 0.0177014 0.0380112 0.0198366 0.0318811 0.467286 0.000375936 0.00146251 
0.157078 0.0170106 0.00335304 0.0415309 0.0118409 0.000106513 0.767867 9.45127e-05 0.00111862 
0.060928 0.0476533 0.000760853 0.0436773 0.0461394 0.000123326 0.732785 0.00367625 0.0642564 
0.00406102 0.0398313 0.00232495 0.0152541 0.00315284 0.0355971 0.732426 0.167353 3.25936e-08 
0.200074 0.043852 0.0404431 0.135532 0.022318 0.0313087 0.387501 0.138966 5.69983e-06 
0.106107 0.00650349 0.0831326 0.0385464 0.000971598 0.000974305 0.761709 0.00186447 0.000191557 
0.0826609 0.114106 8.05821e-05 0.0164836 1.96314e-05 0.000310743 0.786234 0.000104514 6.5532e-08 
0.159792 0.0330308 0.151435 0.152177 0.177491 0.00164681 0.314345 0.00105763 0.00902361 
0.176826 0.0711322 0.00806251 0.127437 0.166293 0.0720445 0.376045 1.21944e-05 0.00214726 
0.205279 0.000534327 4.21891e-06 0.00690726 0.00240346 0.00109898 0.783763 9.15411e-06 2.73611e-07 
0.196291 0.174407 0.000984717 0.0144202 0.0875415 0.0130634 0.513012 0.000163685 0.00011571 
0.0300986 0.115115 0.00563334 0.0887122 0.0997698 0.00040252 0.655023 0.00524593 8.90446e-09 
0.00406102 0.0398313 0.00232495 0.0152541 0.00315284 0.0355971 0.732426 0.167353 3.25936e-08 
0.282629 0.0809458 0.00526028 0.0258746 0.146651 0.00967893 0.448771 3.38086e-07 0.000189259 
0.0651599 0.00188547 0.00871554 0.0640414 0.244638 0.000471947 0.598449 0.0128408 0.00379799 
0.229697 0.237884 0.0426225 0.0794129 0.077625 0.00512095 0.321483 0.00612288 3.20719e-05 
0.0580676 0.141443 0.0933141 0.00527081 0.0952822 3.7107e-08 0.555407 3.59499e-05 0.0511799 
0.0994508 0.0358904 0.00872694 0.0179994 0.0254608 0.00611821 0.806353 6.8806e-07 6.28501e-09 
0.109404 0.0677611 0.0190622 0.115986 0.0206857 0.00436374 0.444231 0.218498 7.57388e-06 
0.0596993 0.0287306 0.0169136 0.0267465 0.00471051 0.352623 0.510534 4.11863e-05 9.07008e-07 
0.0266769 0.0282589 0.00189116 0.00786024 0.0051039 0.00202658 0.928165 1.7237e-05 9.91062e-09 
0.097962 0.186507 0.0028439 0.0366365 0.0106557 0.00328205 0.662111 1.8902e-06 6.4135e-07 
0.0113798 0.00133844 0.164675 0.00738193 0.000189865 0.000584594 0.797597 0.00547907 0.011374 
0.0168168 0.00150874 0.000154526 0.0578336 0.0165967 0.0030749 0.692409 0.211606 5.02807e-09 
0.0396051 0.0225226 0.000418516 0.0313063 0.00204606 0.0333933 0.489222 0.381486 1.18088e-11 
0.00406102 0.0398313 0.00232495 0.0152541 0.00315284 0.0355971 0.732426 0.167353 3.25936e-08 
0.0540078 0.101764 0.00291395 0.0113342 0.000337735 0.108638 0.721005 3.31889e-10 8.00806e-10 
0.0506065 0.0305067 0.000699553 0.000333739 2.10761e-06 7.22361e-05 0.917762 1.10267e-06 1.62273e-05 
0.129826 0.02076 0.0180725 0.00493193 0.120004 0.0189021 0.685085 0.00184679 0.000571706 
0.119437 0.256188 6.56027e-07 0.00192448 0.177258 0.0202606 0.42493 7.89297e-07 8.25257e-07 
0.240386 0.171579 0.00316572 0.0407227 0.0290879 0.0390787 0.435398 0.00391052 0.0366713 
0.0957309 0.110339 0.00773405 0.170875 0.165528 0.000815866 0.44893 4.65327e-05 1.0954e-07 
3.68133e-06 3.02756e-05 1.385e-08 0.00894871 0.172812 0.000756602 0.817292 2.28769e-08 0.000157323 
0.22999 0.24981 0.00490346 0.0181479 0.0599337 0.0445538 0.391463 0.00101042 0.000187129 
0.0737789 0.0614238 0.00225004 0.0149931 0.167892 0.000212982 0.675298 0.00415038 6.0848e-07 
0.231815 0.134073 0.0427611 0.0630513 0.0712821 0.0222561 0.422049 0.000560567 0.012151 
0.157782 0.15164 0.0159014 0.0587294 0.0881569 0.0196106 0.505229 0.000287679 0.00266286 
0.047151 0.0215368 0.00351361 0.291294 0.0154874 0.0199267 0.590359 0.0107245 6.52707e-06 
0.042917 0.273675 7.1611e-05 0.000610597 0.000779923 0.0466858 0.63526 2.1941e-08 5.29409e-08 
0.239526 0.0553466 8.17729e-07 5.18403e-07 0.0244454 0.281789 0.398892 8.82855e-08 2.52961e-07 
0.0579748 0.00413924 0.0101662 0.067013 0.105549 1.96094e-07 0.754297 1.73499e-05 0.00084314 
0.350844 0.0464366 0.110699 0.000691418 0.00248067 0.00982507 0.478903 0.000113469 6.33392e-06 
0.168811 6.71294e-06 1.01142e-06 3.87023e-06 0.00101135 2.37978e-06 0.789571 0.0405928 5.46351e-08 
0.0569527 0.157217 0.00231791 9.86241e-06 0.109505 2.20922e-10 0.673998 3.69617e-10 8.91838e-10 
0.399139 1.48693e-08 0.022173 0.174022 0.00477865 9.23347e-11 0.399886 1.97893e-06 3.72746e-10 
0.00482312 0.00644477 0.000336424 0.000321256 1.4042e-05 0.000656882 0.987371 3.07905e-05 2.16239e-06 
0.233477 1.25567e-05 6.26078e-06 0.000441141 0.006468 4.50363e-06 0.75959 2.55191e-08 3.22612e-07 
0.156052 0.0920637 1.54788e-06 5.72215e-06 0.0934421 0.0152816 0.641829 1.40594e-05 0.00131099 
0.127055 0.0485807 0.00207447 0.00438345 0.049811 0.000471267 0.672299 0.00437628 0.0909484 
5.55977e-06 0.196049 0.00131565 0.113712 0.217118 3.50618e-06 0.471797 9.81086e-10 2.36723e-09 
0.280212 0.268831 0.0133542 0.00720705 0.00234242 0.11535 0.312486 0.000154916 6.21545e-05 
0.0283392 0.000201116 0.000390136 0.00134386 7.24134e-06 7.274e-05 0.968812 2.36188e-05 0.000810169 
0.0465302 0.0332494 0.0153753 0.0610593 0.000620665 0.0276645 0.737349 0.0781296 2.2087e-05 
0.166181 0.0172044 0.0535231 0.0405907 0.0115817 0.000193617 0.709762 2.20359e-07 0.000963081 
0.0569656 0.336187 0.00920136 0.00245179 5.80005e-05 0.0189364 0.576199 3.01658e-07 1.57736e-08 
0.116647 0.0876797 0.015442 0.197078 0.150844 0.000659973 0.431343 7.8653e-05 0.000228185 
0.019697 0.07921 0.00906127 0.295508 0.00162019 0.00910461 0.585134 0.000430583 0.000234042 
0.0638993 0.00458768 0.107298 0.0692309 0.00136955 0.00269889 0.494506 0.256255 0.000155133 
0.241039 0.0174234 0.0069018 0.153799 0.00765945 0.00949804 0.421862 0.141777 4.083e-05 
0.142201 0.162784 0.00410503 0.0617597 0.228711 0.00260844 0.396503 0.000156855 0.00117024 
0.0751902 0.0451057 0.00232999 0.0693045 0.0114209 0.00349808 0.415345 0.377803 2.35795e-06 
0.155939 0.0165476 0.00245579 0.0224941 0.0578778 0.00317151 0.741044 1.10006e-06 0.000468964 
0.0852282 0.124558 0.0152859 0.0114954 0.0755603 0.000790062 0.687037 3.69521e-05 8.3208e-06 
0.00652575 0.173493 0.00107777 5.23381e-05 0.0616994 0.000275429 0.75684 3.68352e-05 4.76046e-08 
0.0123828 0.0275337 0.000137007 0.00166556 0.0875624 4.90311e-05 0.867172 0.000253168 0.00324422 
0.140444 0.0626754 4.08545e-05 0.020423 0.14253 0.0279845 0.57381 0.0320307 6.22026e-05 
0.0348105 0.0398061 0.0161364 0.0696963 0.0107174 9.54036e-08 0.828736 6.29069e-05 3.47928e-05 
0.241039 0.0174234 0.0069018 0.153799 0.00765945 0.00949804 0.421862 0.141777 4.083e-05 
0.198352 0.0886837 0.00918966 0.0420115 0.288848 0.021263 0.323006 0.000508048 0.0281384 
0.0912965 0.00987234 2.11241e-05 0.0291627 0.00770058 0.0306547 0.830796 0.000365534 0.000131022 
0.179049 0.0156838 0.0608394 0.0630541 0.334379 0.00028056 0.342855 0.000120738 0.00373815 
0.204404 0.101152 0.0202952 0.191407 0.175789 0.0447218 0.255919 0.00626122 5.16511e-05 
0.35622 0.00486046 0.00452937 0.0414976 0.0399028 1.71954e-05 0.521245 0.00383195 0.0278951 
0.185359 0.0178752 0.00491746 0.0267202 0.0110672 0.000640618 0.752765 0.000101734 0.000553163 
0.276 0.0208533 0.0601325 0.0883295 0.151801 0.0061661 0.341846 8.22175e-05 0.0547887 
0.0951559 0.0288652 0.000374559 0.00115966 0.394531 0.000627852 0.46276 0.00254699 0.0139779 
0.070858 0.0642182 2.88009e-05 0.000793648 0.102787 0.00821492 0.752949 0.000134042 1.71034e-05 
0.241039 0.0174234 0.0069018 0.153799 0.00765945 0.00949804 0.421862 0.141777 4.083e-05 
0.260735 0.0983013 0.251126 0.0953569 0.0147723 0.000447646 0.278994 0.000231917 3.4416e-05 
0.0119552 0.165047 6.16935e-05 0.00161716 0.000240042 0.000300481 0.818124 1.36216e-05 0.00264097 
0.038788 0.0669285 2.42623e-07 0.0059383 0.246858 0.00270185 0.638785 2.70763e-11 4.2472e-07 
0.171543 0.159941 0.00917546 0.0113281 0.0205413 0.282009 0.344468 0.000607063 0.000385843 
0.145948 0.214887 0.0008947 0.0306396 0.0687093 0.000172325 0.538742 2.23481e-07 8.01362e-06 
0.275643 0.000749352 0.00376564 0.133589 0.00433488 0.00020949 0.573464 0.00659067 0.00165439 
0.0522547 0.226303 0.0146899 0.0264777 0.00149406 0.135245 0.543483 4.0804e-05 1.14266e-05 
0.0798099 0.201566 0.000453643 0.0123723 0.00038703 0.000129157 0.683962 0.0210727 0.000247738 
0.0135234 0.00520425 4.99225e-08 4.25996e-06 0.00176651 0.00011713 0.979384 9.4361e-09 2.35963e-11 
0.0350413 0.0321053 0.00543704 0.00393486 3.66531e-05 0.0168591 0.906539 4.54629e-05 1.0552e-06 
0.400747 0.0884547 0.000433241 0.0555638 0.000487999 0.0110207 0.443292 5.72153e-07 2.76485e-08 
0.0890828 0.0370049 0.000776837 0.0800726 0.00247554 0.0053747 0.480283 0.304929 1.72389e-10 
0.212593 0.335129 0.0140716 0.0223616 0.00535593 0.00157926 0.408898 1.95344e-07 1.17431e-05 
0.132963 0.00676043 0.0141749 0.0999251 0.0119627 0.000837401 0.731739 0.00157985 5.83116e-05 
0.174788 0.0773681 0.0152559 0.0331284 0.300183 0.00833914 0.390465 0.000404665 6.85779e-05 
0.159005 0.273916 0.00733496 0.0111054 0.046376 0.0929238 0.408987 0.000349885 1.36909e-06 
0.0465302 0.0332494 0.0153753 0.0610593 0.000620665 0.0276645 0.737349 0.0781296 2.2087e-05 
0.169426 0.0786894 0.00134107 0.0852621 0.00628788 0.00378183 0.651819 0.000740676 0.00265209 
0.25724 0.0180071 0.00394359 0.0887219 0.00243666 0.000506765 0.360988 0.267979 0.000177123 
0.0266769 0.0282589 0.00189116 0.00786024 0.0051039 0.00202658 0.928165 1.7237e-05 9.91062e-09 
0.0771713 0.0905363 0.00602113 0.0286441 0.0788284 0.0159614 0.651404 0.00411417 0.0473195 
0.000269784 0.00103162 6.23559e-07 3.43526e-07 0.000307394 0.00018978 0.998197 1.02997e-06 2.48519e-06 
0.016718 0.0718612 0.0286157 0.000555572 0.000370147 0.00513389 0.876556 8.8986e-06 0.000180248 
0.260346 0.0425971 0.0614044 0.178242 0.00821794 0.00616555 0.41122 0.0284732 0.00333402 
0.209316 0.00101992 0.137701 0.12082 0.00160724 0.00222299 0.495545 0.0295329 0.0022352 
0.0467489 0.0649706 0.00469909 0.0202519 0.0285593 0.0179799 0.81578 0.00100918 9.45882e-07 
0.0901621 0.043759 0.00416192 0.00789897 0.0579746 0.000620664 0.790601 0.00146019 0.00336111 
0.000123195 0.195457 1.51108e-07 0.000227346 4.84222e-05 0.00018815 0.803956 8.88692e-09 4.85563e-08 
0.332268 0.112011 0.000693406 0.010888 0.0663033 0.0414564 0.435846 0.000533706 5.56642e-07 
0.296917 0.0146705 0.010203 0.108654 0.00763123 0.0208002 0.454095 0.0869775 5.1593e-05 
0.0964083 0.0171254 0.00892972 0.134431 0.113513 0.000398932 0.623054 0.000422053 0.00571734 
0.144859 0.0661059 0.0727557 0.0492054 0.0813718 0.00804837 0.363118 0.000217104 0.214319 
0.0824543 0.00114312 0.00134073 0.19515 0.130036 0.00010823 0.32464 0.00704036 0.258087 
0.0684365 0.394227 0.00370939 0.012391 0.0259521 0.00329973 0.491979 4.36835e-06 3.05659e-07 
0.0113798 0.00133844 0.164675 0.00738193 0.000189865 0.000584594 0.797597 0.00547907 0.011374 
0.00244801 6.82194e-11 0.01659 0.051611 0.00408777 1.22122e-07 0.922766 0.00249675 5.77287e-10 
0.0654567 0.0285517 0.00949425 0.0294905 0.370117 0.00618022 0.386467 0.00137602 0.102866 
0.0638993 0.00458768 0.107298 0.0692309 0.00136955 0.00269889 0.494506 0.256255 0.000155133 
0.341327 0.0680205 0.049226 0.0306424 0.00670145 0.0082251 0.49559 2.95297e-05 0.000238559 
0.244207 0.0309773 0.00412691 0.262292 0.00739972 0.0292625 0.419561 0.00217382 3.57672e-09 
0.0627481 0.0556554 8.40608e-05 0.142079 0.252971 0.0271462 0.450878 0.00180665 0.00663138 
0.0465302 0.0332494 0.0153753 0.0610593 0.000620665 0.0276645 0.737349 0.0781296 2.2087e-05 
0.0325868 0.0401449 0.0141196 0.00136339 0.00175175 0.000150705 0.909883 1.79599e-08 1.32286e-10 
0.128084 0.00957239 0.00693885 0.160834 0.00883041 0.000368049 0.44169 0.243681 1.51105e-06 
0.0815672 0.198659 0.0161318 0.143235 0.15729 0.0903818 0.311928 0.000800599 6.03798e-06 
0.12496 0.239986 0.0740571 0.0126289 0.0430984 0.0012857 0.500948 0.000318901 0.00271764 
0.239233 0.0870539 0.0201661 0.0499465 0.00241963 0.000436637 0.59736 0.00190526 0.00147975 
0.166889 0.0128999 0.00399907 0.0470078 0.33235 0.00142683 0.351867 0.00775932 0.0758011 
0.0724385 0.0364081 0.00638353 0.0715634 0.0121263 0.00799815 0.61711 0.175958 1.41122e-05 
0.00297457 9.84023e-07 0.000574221 0.000140057 0.000946952 3.27406e-07 0.992024 0.00333865 8.20639e-08 
0.0517352 0.237792 0.0012017 0.0551006 0.15436 0.00437792 0.494543 0.000888634 6.62078e-07 
0.0168168 0.00150874 0.000154526 0.0578336 0.0165967 0.0030749 0.692409 0.211606 5.02807e-09 
0.0111545 0.0863698 4.04854e-07 0.00102437 0.000529514 0.00243397 0.898487 7.75442e-08 2.97212e-09 
0.319733 0.029666 0.00413366 0.169426 0.0786049 0.0165224 0.381387 0.000526412 9.5154e-08 
0.210527 0.0310771 0.00303302 0.289284 0.0640782 0.000146595 0.401839 1.06213e-05 3.92396e-06 
0.0170331 0.28582 0.000891167 0.0526393 0.10572 2.30208e-05 0.537732 9.60834e-05 4.57066e-05 
0.0385775 0.000444064 4.2793e-05 0.0632212 0.158283 1.67749e-09 0.682173 0.0535978 0.00366065 
0.180952 0.0565281 0.00478353 0.0336496 0.0474091 0.00094319 0.675733 1.07428e-06 8.90972e-07 
0.112935 0.329859 4.75835e-07 0.080525 0.038811 0.000988685 0.436881 5.1705e-11 2.24688e-07 
0.292381 3.38816e-07 3.3442e-07 0.0684508 0.0728655 1.28853e-07 0.566293 9.94269e-07 7.2685e-06 
0.202615 0.0497296 0.125144 0.0990591 0.072768 0.00400042 0.434199 0.000392094 0.0120925 
0.0244132 2.38951e-05 0.0181126 6.23581e-06 0.0467384 0.000321511 0.904992 2.55317e-07 0.00539196 
0.00683823 0.155949 2.78839e-06 0.00104656 0.0673069 0.00132803 0.767364 1.50666e-05 0.00014884 
0.219808 0.194686 0.0203395 0.0954756 0.0136673 0.0855084 0.367832 0.00143093 0.00125186 
0.0707381 0.0367632 0.0436676 0.248676 0.0691961 0.0144817 0.502301 0.00941664 0.00476002 
0.10393 0.224811 0.00952013 0.0124934 0.189833 0.00962071 0.443682 0.000200775 0.00590959 
0.020575 0.00109651 0.000744341 0.0738441 0.0142882 0.00255317 0.55678 0.330117 1.63949e-06 
0.109674 0.0848658 1.30531e-05 1.30541e-05 0.0378615 0.0117609 0.643542 0.112257 1.30462e-05 
0.0202268 0.268921 0.00791774 0.0499338 0.0123444 0.000241678 0.64041 4.21105e-07 3.918e-06 
0.0266769 0.0282589 0.00189116 0.00786024 0.0051039 0.00202658 0.928165 1.7237e-05 9.91062e-09 
0.172649 0.149948 0.00651355 0.00877463 0.236447 0.0276059 0.39748 9.70116e-05 0.000485681 
0.181902 0.117872 0.0161954 0.0728755 0.0739714 0.00142996 0.529722 0.00587816 0.00015326 
0.0381434 0.0828578 0.00265342 0.0557209 0.0362104 6.27938e-05 0.781331 0.000708163 0.00231262 
0.140852 0.138059 0.000797866 0.0310845 0.0609077 0.000896467 0.62737 3.20448e-05 6.18867e-07 
0.187544 0.000636939 0.000159265 0.0268295 0.000336672 0.00913837 0.774997 0.000210087 0.000148545 
0.077414 0.05471 0.000517043 0.000912687 0.422202 0.000340632 0.443874 3.00464e-05 1.07043e-09 
0.114426 0.142463 7.04105e-05 0.00733253 0.246135 1.3895e-05 0.488385 1.30205e-08 0.00117416 
0.161974 0.114681 0.0899588 0.266529 0.00597529 0.00730805 0.34369 0.000716727 0.0091667 
0.211558 0.0862697 0.0215684 0.146304 0.0634385 0.125513 0.332416 0.012933 7.51835e-08 
0.145101 0.0328743 0.0984704 0.320931 0.00682624 0.0256854 0.351728 0.0183536 2.98843e-05 
0.112477 0.0615578 0.0684054 0.187883 0.00701765 0.00842772 0.532693 0.0213843 0.00015528 
0.209316 0.00101992 0.137701 0.12082 0.00160724 0.00222299 0.495545 0.0295329 0.0022352 
0.185536 0.207944 0.00632659 0.230274 0.000457684 0.0151074 0.354301 3.56863e-05 1.7138e-05 
0.0865674 0.0066038 0.0193043 0.113463 0.0112096 0.0090577 0.38461 0.368901 0.000283883 
0.128774 0.26984 0.00180673 0.0127772 0.0285393 0.0530243 0.50404 0.00118274 1.46817e-05 
0.0166164 0.00268628 0.000126491 0.0473193 0.0159743 0.00335818 0.716332 0.197587 1.12186e-08 
0.109674 0.0848658 1.30531e-05 1.30541e-05 0.0378615 0.0117609 0.643542 0.112257 1.30462e-05 
0.209316 0.00101992 0.137701 0.12082 0.00160724 0.00222299 0.495545 0.0295329 0.0022352 
0.0135234 0.00520425 4.99225e-08 4.25996e-06 0.00176651 0.00011713 0.979384 9.4361e-09 2.35963e-11 
0.0266769 0.0282589 0.00189116 0.00786024 0.0051039 0.00202658 0.928165 1.7237e-05 9.91062e-09 
0.0168168 0.00150874 0.000154526 0.0578336 0.0165967 0.0030749 0.692409 0.211606 5.02807e-09 
0.37062 0.00407767 0.0101147 0.19691 0.0258253 3.26645e-05 0.390925 0.00149455 1.57595e-11 
0.00740916 0.459769 2.03443e-05 0.000466749 0.000217171 0.0369332 0.494384 0.000143505 0.000657009 
0.0130606 0.217421 2.57052e-10 0.0012916 0.0295634 0.00178374 0.736879 4.28836e-08 1.02448e-09 
0.275812 0.00952325 0.11498 0.0824962 0.0070623 0.00309036 0.384367 0.122045 0.000624479 
0.0283392 0.000201116 0.000390136 0.00134386 7.24134e-06 7.274e-05 0.968812 2.36188e-05 0.000810169 
0.306019 0.00839363 0.0682971 0.00019233 0.0350942 0.000273476 0.580913 8.22057e-05 0.000734936 
0.0641047 0.00191057 0.0345326 0.0654461 0.299203 0.149956 0.38483 1.61334e-05 2.23206e-08 
0.0156222 0.0100599 0.00544918 0.179703 0.00963773 3.89101e-05 0.77616 0.0032205 0.000108995 
0.006932 0.0328075 9.67423e-07 0.000227528 0.126301 0.000178451 0.83336 0.000135549 5.6968e-05 
0.0789309 0.0424255 0.283745 0.0628036 0.0321479 0.00654859 0.484815 0.000252133 0.00833164 
0.180435 0.00718007 0.0583177 0.303235 0.0214302 0.00173602 0.342714 0.0849503 1.13906e-06 
0.0640813 0.408043 8.24249e-05 0.000827033 0.00110768 0.0682664 0.457592 1.48546e-10 3.58422e-10 
0.0396051 0.0225226 0.000418516 0.0313063 0.00204606 0.0333933 0.489222 0.381486 1.18088e-11 
0.106384 0.0588201 0.0208261 0.135422 0.0240376 0.0158748 0.571242 0.0597745 0.0076192 
0.0752942 0.0523885 0.0117647 0.0936112 0.157061 0.0356319 0.561807 0.0123777 6.3704e-05 
0.189344 0.0877278 0.0736132 0.118013 0.105537 0.0273859 0.394625 0.0014561 0.00229767 
0.19022 0.0422598 0.00318674 0.0365872 0.0135005 0.0240678 0.68896 3.34128e-05 0.00118534 
0.0532541 0.0548795 4.62968e-07 0.0108962 0.00965321 2.88415e-05 0.863942 0.00730969 3.60272e-05 
0.0783071 0.0495159 0.00550256 0.0854431 0.340113 0.00257717 0.42955 0.000113036 0.00887789 
0.191392 0.124982 0.0633442 0.0488352 0.03461 0.000813196 0.534756 0.00016873 0.00109904 
0.0266769 0.0282589 0.00189116 0.00786024 0.0051039 0.00202658 0.928165 1.7237e-05 9.91062e-09 
0.243522 0.0488329 0.0145606 0.284947 0.0314445 0.00193046 0.372656 0.00210627 1.92987e-09 
0.0908229 0.126143 0.00430575 0.0900124 0.00119253 0.0247216 0.6568 0.00586698 0.00013442 
0.300282 0.138921 0.0114026 0.0132409 0.187288 4.26358e-05 0.339615 0.00918632 2.23966e-05 
0.119062 0.257124 0.00137383 0.00432633 1.9884e-06 0.00513502 0.612977 7.75459e-08 3.40135e-11 
0.0950819 0.243864 0.00548922 4.98325e-05 0.111139 0.00421624 0.498122 0.042037 3.72374e-11 
0.00297457 9.84023e-07 0.000574221 0.000140057 0.000946952 3.27406e-07 0.992024 0.00333865 8.20639e-08 
0.221478 0.128495 0.093338 0.0246367 0.238451 0.000335039 0.288224 0.000372768 0.00467001 
0.0113798 0.00133844 0.164675 0.00738193 0.000189865 0.000584594 0.797597 0.00547907 0.011374 
5.07997e-05 0.130229 5.84262e-05 3.84773e-05 0.000138922 0.0103313 0.859141 3.39861e-06 8.2004e-06 
0.0565449 0.0956465 0.00935748 0.150745 0.0243537 0.0946123 0.56553 0.00219665 0.00101285 
0.20008 0.20051 0.0213162 0.127781 0.0147039 0.0207419 0.409221 0.00519518 0.00045123 
0.0359053 0.334243 0.000843352 0.00314209 0.128338 0.0321784 0.465332 6.86407e-07 1.77544e-05 
0.0465302 0.0332494 0.0153753 0.0610593 0.000620665 0.0276645 0.737349 0.0781296 2.2087e-05 
0.0941998 0.0731537 0.0701175 0.0396202 0.328799 0.00610583 0.384556 0.00286323 0.000584583 
0.116652 0.0266913 0.00365393 0.0713009 0.36711 0.0147146 0.398654 0.00107535 0.000146726 
0.276351 0.0387671 0.00622593 0.0702221 0.018077 0.0121846 0.521481 0.0565343 0.00015723 
0.19185 0.0644963 0.0770955 0.0520368 0.0249694 0.000211189 0.58587 0.000280036 0.00319055 
0.118991 0.095518 0.0395261 0.0456889 0.0143645 0.0359187 0.647477 0.000985068 0.00153056 
0.114882 0.0690969 8.78638e-05 0.00394441 0.000854457 0.000406054 0.8107 2.10231e-05 7.14476e-06 
0.181314 0.178884 0.0862377 0.0445443 0.169848 0.0167076 0.322358 7.92354e-05 2.763e-05 
0.242217 0.0663622 0.000953871 0.0393848 0.152532 0.00619944 0.490564 7.88519e-05 0.00170846 
0.00894703 0.28509 0.000502203 0.00320935 0.0566543 0.00738197 0.637422 3.66955e-05 0.000756487 
0.242947 0.0215346 0.0430016 0.169946 0.137353 0.00085042 0.383819 0.000548847 9.69717e-07 
0.181182 0.0776379 0.0237676 0.0930568 0.206247 0.00029991 0.417235 0.000152677 0.000421871 
0.130128 0.0351757 0.000837441 0.28732 0.069235 0.0479826 0.422215 0.00658894 0.000517625 
0.366893 0.130258 0.011278 0.00929759 0.0121222 0.0937764 0.376103 0.000264681 6.85665e-06 
0.175861 0.03664 0.214714 0.0867999 0.00517497 0.000858811 0.446138 0.000359429 0.0334542 
0.113928 0.166852 0.0462837 0.237654 0.184669 0.0108892 0.238181 0.000166554 0.00137615 
0.0467489 0.0649706 0.00469909 0.0202519 0.0285593 0.0179799 0.81578 0.00100918 9.45882e-07 
0.102308 0.142138 0.000244611 0.0214051 0.00322723 0.00315982 0.727386 0.000126695 3.70355e-06 
0.0168168 0.00150874 0.000154526 0.0578336 0.0165967 0.0030749 0.692409 0.211606 5.02807e-09 
0.166576 0.0188392 0.000204939 0.0190764 0.0291765 0.000595673 0.764926 5.60343e-05 0.000548718 
0.239233 0.0870539 0.0201661 0.0499465 0.00241963 0.000436637 0.59736 0.00190526 0.00147975 
0.262316 0.0696683 0.00578423 0.169773 0.0564883 0.00673744 0.374768 0.000642563 0.0538218 
1.74276e-07 0.00569102 0.00197078 0.212345 0.00490151 3.28206e-07 0.753888 0.0212031 8.43852e-11 
0.00406102 0.0398313 0.00232495 0.0152541 0.00315284 0.0355971 0.732426 0.167353 3.25936e-08 
0.097515 0.327688 0.0401636 0.0558595 0.029703 0.0258976 0.422243 0.00071266 0.000217339 
0.0465302 0.0332494 0.0153753 0.0610593 0.000620665 0.0276645 0.737349 0.0781296 2.2087e-05 
0.115521 0.0210073 0.363978 0.015439 0.00303876 0.00843583 0.470739 0.000863688 0.000976869 
0.334677 0.0205113 0.0190846 0.125523 0.0116663 0.0225889 0.343985 0.120351 0.00161224 
0.015083 0.0835307 0.0109372 0.0272385 0.000375802 0.00257763 0.859992 0.000265039 4.00867e-10 
0.376245 0.00185068 0.00467102 0.00685448 4.83917e-05 3.09835e-05 0.610258 3.68729e-05 4.87714e-06 
8.54723e-05 0.0016856 9.0708e-06 0.000220827 0.000867686 0.000395735 0.996684 1.49828e-05 3.61516e-05 
0.109674 0.0848658 1.30531e-05 1.30541e-05 0.0378615 0.0117609 0.643542 0.112257 1.30462e-05 
0.115138 0.083303 0.0282283 0.156256 0.0828406 0.0119326 0.421116 0.0980217 0.00316317 
0.34921 0.165013 0.00121303 0.00174237 0.0145129 0.000769069 0.46689 0.000650183 3.33694e-10 
0.241039 0.0174234 0.0069018 0.153799 0.00765945 0.00949804 0.421862 0.141777 4.083e-05 
0.21616 0.0458606 0.0732616 0.080454 0.00191205 0.0194051 0.537138 0.0236031 0.00220584 
0.331318 0.0611327 0.11089 0.0564666 0.0289066 0.0142176 0.396798 0.000250506 2.05088e-05 
0.0178775 0.222709 0.000483971 0.00936107 0.000122265 0.359326 0.390106 1.45657e-05 7.73439e-08 
0.0512152 0.0035341 0.0410662 0.0453551 0.00349394 0.000954756 0.805239 0.00237107 0.0467706 
0.217647 0.12864 0.00877368 0.112155 0.0689966 0.0025127 0.461044 2.75091e-05 0.000203456 
0.0777757 0.0763558 0.0171115 0.0874685 0.0223758 0.00252018 0.66862 0.0468569 0.000915105 
0.0521029 0.0708937 0.0106949 0.0839947 2.70787e-05 0.000273659 0.782004 1.55395e-06 7.79797e-06 
0.0630962 4.87154e-06 0.0106185 0.130503 0.289399 1.37108e-06 0.506356 1.13149e-05 9.37959e-06 
0.000168728 0.000449003 4.76649e-08 2.62591e-08 0.00986668 4.70579e-08 0.989033 0.000102429 0.000380125 
0.131167 0.140246 0.0643639 0.165357 0.00301957 0.0236229 0.45844 0.0133578 0.00042673 
0.34954 0.128698 0.0209517 0.0459578 0.0753528 0.0113414 0.367847 0.000181086 0.000130306 
0.180435 0.00718007 0.0583177 0.303235 0.0214302 0.00173602 0.342714 0.0849503 1.13906e-06 
0.238619 0.0672675 0.0141836 0.147685 0.0165633 0.036964 0.403719 0.0748566 0.000141304 
0.15628 0.134616 3.43774e-06 0.0416262 0.154432 7.49058e-07 0.513042 8.34926e-10 2.01457e-09 
0.287724 0.104497 0.0328751 0.00732874 0.00347608 0.0438327 0.519142 0.001124 6.26219e-07 
0.206022 0.0495853 0.0108229 0.147324 0.0198412 0.024682 0.54048 0.00124117 9.19468e-07 
4.60281e-06 1.01664e-05 0.00218016 1.18919e-05 3.89559e-05 2.13109e-05 0.997611 3.56546e-05 8.603e-05 
0.0906861 0.0326892 0.0044563 0.00512498 0.374067 5.55518e-05 0.458666 4.47881e-06 0.0342503 
0.00751898 0.00149149 0.000431483 0.000246248 0.000428009 0.000735216 0.988216 0.000932315 1.23872e-07 
0.334686 0.156587 0.0655462 0.0403908 0.0329975 0.00284249 0.365233 0.0016648 5.22004e-05 
0.232368 0.0874025 0.019647 0.00811156 0.0449709 0.0195012 0.587719 0.000273011 6.84962e-06 
0.0565035 0.150773 0.0342413 0.0384973 0.0235415 0.0857875 0.610299 0.00035691 7.3674e-08 
0.233605 0.0206594 0.001498 0.032084 0.159293 0.0433873 0.507237 0.00216495 7.14085e-05 
0.0975289 0.0208221 0.00563533 0.225813 0.022747 0.00923261 0.453294 0.164867 6.02683e-05 
0.0152585 0.0467978 0.00318875 0.0287172 0.0356221 0.0215509 0.848773 9.00112e-05 2.07632e-06 
0.213168 0.122946 0.0570118 0.187109 0.120025 0.0032132 0.293685 0.00252073 0.000321827 
0.268843 0.278813 0.0217888 0.0269908 0.00255458 0.00318824 0.391265 0.00010286 0.00645412 
0.0168168 0.00150874 0.000154526 0.0578336 0.0165967 0.0030749 0.692409 0.211606 5.02807e-09 
0.140537 0.0641304 0.178056 0.0711438 0.108183 0.000647786 0.436786 9.02077e-08 0.000516795 
0.0413265 0.0943642 0.133494 0.00432097 0.0306501 0.00791507 0.677673 0.0052448 0.00501101 
4.38046e-05 0.000393848 2.05244e-05 0.000102807 0.0125274 0.00529891 0.981586 1.16064e-07 2.63664e-05 
0.14974 0.125 0.000108214 0.266764 0.062257 0.0165264 0.357199 0.014897 0.00750737 
0.000709811 0.000709778 0.000709713 0.000709766 0.000709613 0.000709714 0.994323 0.000709632 0.000709339 
0.000211694 0.00656346 9.54505e-08 5.25848e-08 1.7226e-07 0.000584351 0.99234 0.000299716 3.80417e-07 
0.106107 0.00650349 0.0831326 0.0385464 0.000971598 0.000974305 0.761709 0.00186447 0.000191557 
0.097267 0.000405581 0.00108968 0.00191872 0.0010291 4.48508e-05 0.612512 0.285552 0.000181178 
0.305524 0.0675131 0.00372273 0.116047 0.0779265 0.00647724 0.383539 0.000823951 0.0384263 
0.210306 0.0660342 0.000310896 0.0967727 0.197239 0.0182081 0.342865 0.00225297 0.0660115 
0.0627169 0.0167985 0.122784 0.127361 0.00538325 0.000928684 0.621844 0.0310558 0.0111271 
0.154574 0.306069 0.018977 0.0190496 0.00959043 0.0758412 0.410837 0.00479874 0.000262532 
0.0623206 0.0988765 0.302167 0.000218633 2.04193e-05 8.75942e-07 0.534461 2.57662e-05 0.00190946 
0.345142 0.0691197 0.000688054 0.0199158 0.0203168 0.00413124 0.540562 3.86912e-05 8.51789e-05 
0.130881 0.36848 4.37714e-06 0.0212812 0.05156 7.47509e-07 0.427502 0.000280715 9.71385e-06 
0.0908229 0.126143 0.00430575 0.0900124 0.00119253 0.0247216 0.6568 0.00586698 0.00013442 
0.332243 0.00361419 0.000340297 8.90992e-05 0.00450021 0.00182418 0.656642 0.000113469 0.000634248 
0.137931 0.147762 0.000634899 0.0162357 0.0928481 0.0369514 0.562839 0.00479594 1.34569e-06 
0.0266769 0.0282589 0.00189116 0.00786024 0.0051039 0.00202658 0.928165 1.7237e-05 9.91062e-09 
0.151498 0.0469328 0.0213143 0.0295772 0.00287857 0.0162973 0.730849 0.000450774 0.000202302 
0.166098 0.0600504 0.00196694 0.00592339 0.00803347 0.00132239 0.745249 0.0010168 0.01034 
0.24444 0.23347 1.9568e-06 0.0886518 0.0721976 0.0160478 0.345187 1.95658e-06 1.95577e-06 
0.347631 0.0101153 0.117592 0.0223531 0.027843 0.00332467 0.470966 0.000123641 5.12338e-05 
0.144617 0.0125398 0.00886008 0.223749 0.0578498 0.0452042 0.302875 0.195961 0.00834523 
0.0113798 0.00133844 0.164675 0.00738193 0.000189865 0.000584594 0.797597 0.00547907 0.011374 
0.138251 0.00676972 0.19591 0.0801944 0.250322 0.00664759 0.318685 0.00200388 0.00121696 
0.206923 0.0674603 3.94043e-07 0.0105013 0.162772 0.0161034 0.536239 2.7382e-07 1.80709e-10 
0.173191 0.0412017 2.10611e-07 0.000358147 0.321451 0.00149927 0.462198 0.00010146 1.34164e-08 
0.172956 0.121418 0.000650391 0.00845333 0.00550467 1.75715e-07 0.690899 0.000118342 7.09346e-07 
0.016718 0.0718612 0.0286157 0.000555572 0.000370147 0.00513389 0.876556 8.8986e-06 0.000180248 
0.241039 0.0174234 0.0069018 0.153799 0.00765945 0.00949804 0.421862 0.141777 4.083e-05 
0.0113798 0.00133844 0.164675 0.00738193 0.000189865 0.000584594 0.797597 0.00547907 0.011374 
0.0834576 0.0703925 0.0159061 0.0068233 0.00108011 0.0270406 0.794416 0.000255168 0.000628703 
0.147934 0.0319572 0.00225764 0.00872865 0.00065922 0.00153051 0.806693 7.704e-05 0.00016307 
0.0549193 0.0178659 0.00297734 0.0453595 0.159979 0.000622931 0.718247 1.70656e-07 2.86518e-05 
0.228952 0.00535483 0.00436798 0.0508465 0.0385623 0.00216649 0.663205 0.000142351 0.0064027 
0.163479 0.0651458 0.00442807 0.0561651 0.163272 0.000224235 0.546949 0.000193642 0.000143684 
0.0924919 0.148613 0.0113217 0.057693 0.118191 0.0215379 0.547897 0.000626264 0.00162849 
0.0113798 0.00133844 0.164675 0.00738193 0.000189865 0.000584594 0.797597 0.00547907 0.011374 
