0.529014 0.213495 0.0449166 0.0367328 0.0044251 0.00630066 0.164167 0.000318349 0.000630625 
0.395076 0.0285207 0.027003 0.0433422 0.0802223 0.0213637 0.367164 0.000481913 0.0368269 
0.787645 0.0116379 0.0186734 0.062407 0.0118089 0.0145873 0.04915 6.13455e-05 0.0440293 
0.430925 0.132705 0.0395938 0.197986 0.0251585 0.0325029 0.138844 0.000720235 0.00156472 
0.845532 0.00474893 0.0238093 0.0462535 9.2929e-05 0.000584995 0.0232136 1.50521e-05 0.0557497 
0.842793 0.0950565 0.0124044 0.0210952 0.0132276 0.00109056 0.0140256 4.2857e-05 0.000264068 
0.504676 0.4403 0.0397269 0.000977864 0.00242467 3.8007e-07 0.00649236 5.19773e-08 0.0054015 
0.00465201 0.0415032 0.000649388 0.234144 0.671197 4.92368e-06 0.0478492 3.83662e-08 9.25725e-08 
0.0299229 0.00365223 0.0392269 0.000898402 0.92484 0.000492349 0.000944512 1.01953e-05 1.21116e-05 
0.691057 0.0417183 0.0930023 0.0719755 0.0133317 0.0157493 0.072373 0.000225048 0.00056806 
0.0836865 0.0183718 0.00891322 0.0114448 0.34079 0.00551856 0.343933 0.000539581 0.186803 
0.656722 0.040151 0.231737 0.0514626 0.000620327 0.00370172 0.015055 0.00024504 0.000305118 
0.178294 0.158287 0.0271015 0.0220285 0.0758001 0.0335669 0.504731 7.79269e-05 0.000112764 
0.0253478 0.506842 0.000135327 0.00242161 0.01312 0.200252 0.251882 8.40591e-11 3.54202e-09 
0.327901 0.395786 0.0791822 0.0199488 0.00911634 0.00783059 0.16003 5.8063e-05 0.000147149 
0.689003 0.0684846 0.00316244 0.11212 0.00446643 0.0639581 0.057876 7.44936e-05 0.000855196 
0.0052547 0.000260087 0.00705736 4.51291e-06 1.14523e-05 7.20551e-06 1.58109e-06 1.88817e-07 0.987403 
0.165278 0.0310177 0.010745 0.0661877 0.474466 0.00123478 0.242295 0.000684797 0.00809192 
0.370316 0.0747309 0.0217531 0.0447086 0.0419106 0.0099789 0.302804 0.000185492 0.133613 
0.38184 0.0675704 0.0319356 0.085798 0.0377246 0.00541269 0.389666 8.02686e-06 4.48276e-05 
0.527739 0.0876007 0.00833461 0.0590601 0.0197223 0.00015962 0.297303 2.54068e-05 5.54437e-05 
0.820694 0.0315891 0.0380539 0.0723135 0.00139576 0.00373923 0.0307243 0.000355856 0.00113451 
0.672118 0.000252503 0.24171 0.0266241 0.00688614 2.70487e-05 0.0427881 7.25379e-06 0.00958675 
0.0654627 0.112778 0.147145 0.123443 0.502816 0.0296573 0.017636 0.000468351 0.000594285 
0.948751 0.00155112 0.0013838 0.0109327 0.00521598 0.0293858 0.00192947 0.00022051 0.000629254 
0.563508 0.0561722 0.172965 0.146494 0.00835103 0.0176129 0.0335731 5.91365e-05 0.00126383 
0.252886 0.198926 0.0179415 0.441425 0.0063553 0.0356012 0.0467927 3.11105e-05 4.07436e-05 
0.345532 0.0223363 0.0333332 0.448974 0.0731724 0.0146981 0.0601114 0.000868544 0.000974143 
0.302452 0.0129266 0.587981 0.00351338 0.0059081 0.0860314 0.00107042 2.60718e-05 9.04472e-05 
0.691151 0.00488996 0.00648852 0.233864 0.00915864 0.00377873 0.0478637 0.00125279 0.0015525 
0.215985 0.0224667 0.0325537 0.653084 0.0553818 0.000473481 0.0185162 5.39924e-05 0.00148485 
0.486414 0.0195383 0.022514 0.260118 0.0970152 0.0838989 0.0261385 0.000227135 0.00413573 
0.103821 0.0366625 0.631106 0.0209859 0.000194988 0.0936912 0.0549285 0.000121404 0.058488 
0.924257 0.00447011 0.00507342 0.00638419 0.00321688 0.0460351 0.0072885 0.000707691 0.00256693 
0.567064 0.1172 0.0471339 0.142679 0.0149825 0.00581155 0.0998536 0.000281855 0.00499351 
0.799217 0.139921 0.0178917 0.0238046 0.000842043 0.00068764 0.0175397 1.29063e-06 9.4476e-05 
0.796856 0.0024427 0.11609 0.075954 0.00209754 0.000195966 0.00635995 3.64505e-08 3.95339e-06 
0.650544 0.0620675 0.007894 0.0902543 0.0225529 0.020842 0.14556 0.00011241 0.000173377 
0.744852 0.0416342 0.0203394 0.131353 0.00475862 0.0150298 0.0387183 0.00111291 0.00220265 
0.42038 0.32798 0.00811979 0.0144606 0.0779285 0.00371564 0.144403 0.000344254 0.00266734 
0.083186 0.053931 0.683599 0.103796 0.0193978 0.000965011 0.0548014 5.14024e-05 0.000272724 
0.0457553 0.123529 0.00366273 0.0222679 0.386351 0.0213513 0.381227 3.04939e-06 0.0158533 
0.460157 0.0383431 0.0265938 0.309681 0.00354905 0.0054443 0.155187 0.000102621 0.000942118 
0.702739 0.0200322 0.147428 0.0925614 0.0134955 0.00524959 0.0180123 0.000161351 0.000321449 
0.51632 0.0338302 0.0714171 0.0500948 1.43554e-05 0.276602 0.0517133 5.00347e-07 8.00032e-06 
0.317904 0.612992 0.0146739 0.00116271 0.0041766 0.0198922 0.0291968 5.73811e-07 1.31114e-06 
0.444504 0.0343088 0.316167 0.0719253 0.00654862 0.0995971 0.00913568 3.97364e-05 0.0177736 
0.203302 0.0545451 0.00940456 0.0237926 0.136165 0.000960799 0.559336 0.00056777 0.0119264 
0.187311 0.07695 0.0142229 0.175303 0.341318 0.0109794 0.182716 0.00141655 0.00978211 
0.258864 0.178489 0.0412534 0.0731408 0.221659 0.0315345 0.191229 0.00012086 0.00370994 
0.528807 0.118865 0.0154211 0.0148428 0.0431223 0.0196259 0.257804 0.000536203 0.000975987 
0.856919 0.0445645 0.0197429 0.00545167 0.00589597 0.0294162 0.0320614 3.89033e-05 0.00590971 
0.655006 0.0405816 0.0124629 0.173568 0.00341186 0.0588604 0.0543037 9.28949e-08 0.0018053 
0.915083 0.00526022 0.0189867 0.0133926 0.0185439 0.00307554 0.0118753 0.000378675 0.0134035 
0.484583 0.0142603 0.0763379 0.366612 0.0154024 0.000654867 0.040988 0.000113586 0.00104771 
0.832793 0.0683215 6.78923e-05 0.00183974 0.000351038 0.0931995 0.00342682 8.78523e-10 5.55819e-08 
0.0132625 0.866356 0.0182179 2.7104e-05 3.87491e-06 0.0422485 0.0598845 4.1582e-09 1.00332e-08 
0.614889 0.0438412 0.0186176 0.26266 0.0101054 0.0197494 0.028181 0.000450071 0.00150653 
0.448051 0.0309019 0.0545994 0.452781 0.00691259 0.000233842 0.00638723 1.39149e-05 0.000118444 
0.202136 0.625147 0.0105614 0.024471 0.00348436 0.0729888 0.0610676 7.99932e-06 0.000135845 
0.727228 0.0332864 0.0714964 0.106936 0.00704551 0.0106295 0.037832 0.00173782 0.00380806 
0.817788 0.0332071 0.00658492 0.0717892 0.0108344 0.0186742 0.0402011 4.19032e-05 0.000879557 
0.258655 0.527384 0.00523535 0.0389393 0.000184649 0.0540617 0.115528 1.73639e-06 1.02449e-05 
0.92825 0.0120838 0.00359944 0.0194666 0.00198386 0.00422768 0.029496 0.000209575 0.00068343 
0.132934 0.536922 0.20023 0.0183138 0.00258365 0.0276314 0.0813846 8.36166e-09 4.66081e-08 
0.896489 0.00454733 0.0201842 0.00917307 0.0142503 0.0473042 0.00747704 0.000173858 0.000400469 
0.59544 0.180743 0.0675522 0.0957789 0.00430105 0.00899094 0.0465368 3.67644e-05 0.000620394 
0.786486 0.00837481 0.17566 0.002536 0.00203116 0.0148333 0.00867113 7.28956e-05 0.00133418 
0.105615 0.865613 0.00198379 0.0125959 0.000545046 0.00358007 0.00950226 5.17124e-06 0.000560163 
0.174355 0.0228045 0.00388495 0.0517015 0.636366 0.00172866 0.0655069 0.000292149 0.0433603 
0.357419 0.0170036 0.0450584 0.00587082 0.0102533 0.0352639 0.029874 0.00343435 0.495823 
0.86465 0.0684475 0.0067735 0.0116636 0.0120374 0.0137022 0.0221882 0.000264265 0.000273801 
0.100656 0.190934 0.00684521 0.0133691 0.00322162 0.102672 0.581164 0.000127186 0.00101137 
0.298134 0.100318 0.011755 0.377078 0.00548185 0.0875677 0.116439 0.00146352 0.00176342 
0.687929 0.160885 0.00299882 0.040255 0.00108483 0.103991 0.00263664 4.46686e-06 0.000215561 
0.852302 0.0203987 0.00715229 0.0203524 0.0121385 0.000221608 0.0871038 7.59925e-05 0.000255115 
0.609832 0.215995 0.00740322 0.0488583 0.000858512 0.0113657 0.103425 3.6986e-05 0.00222456 
0.108208 0.618023 0.0107343 0.00913507 0.015843 0.0302158 0.207699 1.29908e-05 0.000128936 
0.0147997 0.0200652 0.000276193 0.00288115 0.914471 0.0282649 0.0191183 2.11874e-05 0.000102009 
0.0388447 0.0208556 0.04241 0.562383 0.0965294 0.000173277 0.238548 5.92392e-09 0.000255881 
1.38963e-05 1.38957e-05 1.38944e-05 1.38955e-05 0.0277988 1.38944e-05 1.38946e-05 1.38928e-05 0.972104 
0.405334 0.0108928 0.0640408 0.0378324 0.429694 0.0186797 0.00732142 0.00305515 0.0231506 
0.69167 0.167921 2.60944e-05 0.130323 0.000777723 0.000557654 0.00872236 6.37315e-08 1.19772e-06 
0.693864 0.0084094 0.0121405 0.261181 0.000318317 0.0196773 0.00441009 2.14623e-09 3.68013e-08 
0.0529236 0.805283 1.3547e-05 0.00392335 0.000455817 0.0412568 0.096144 3.35652e-11 8.09884e-11 
0.127743 0.00972607 0.00409792 0.0928235 0.0933756 6.75574e-06 0.672117 5.18975e-06 0.00010528 
0.728286 0.020559 0.0105272 0.190172 0.00848972 0.00973551 0.0302841 9.06023e-05 0.0018552 
0.810913 0.0337776 0.000330364 0.114486 0.00124329 0.0173119 0.0217995 5.96648e-06 0.000133027 
0.524266 0.143405 0.0135523 0.0942366 0.0223032 0.0652353 0.136532 3.11892e-05 0.000437912 
0.766164 0.0642221 0.0227456 0.0442832 0.00744438 0.0196989 0.0500323 0.00417406 0.0212355 
0.0694481 0.266618 0.0141906 0.0560768 0.0606651 0.000256404 0.532321 1.26359e-08 0.000424104 
0.965106 0.0177173 5.54443e-07 2.05108e-07 1.53984e-08 1.49108e-07 0.0171756 4.14392e-12 9.99874e-12 
0.322237 0.102638 0.0311845 0.483429 0.00984833 0.00767741 0.0421055 0.000161915 0.000717719 
0.811427 0.00335198 0.0400441 0.0940838 0.00648305 0.00524591 0.0359594 0.000125903 0.00327896 
0.288174 0.00341872 0.00179813 0.687127 0.00759829 0.000905208 0.00983321 0.000119781 0.00102523 
0.0902222 0.0479368 0.00837081 0.164117 0.62819 0.0207324 0.0389415 6.51075e-06 0.00148301 
0.0597237 0.0676866 0.0736283 0.0470716 0.341553 0.000567656 0.408799 0.000428123 0.000541632 
0.272186 0.0402386 0.081592 0.388062 0.0630759 0.0198916 0.132546 0.000932749 0.00147465 
0.00749495 0.0237692 0.936477 0.0116313 0.00297683 0.00382326 0.0137241 2.04832e-05 8.2783e-05 
0.302452 0.0129266 0.587981 0.00351338 0.0059081 0.0860314 0.00107042 2.60718e-05 9.04472e-05 
0.600504 0.150796 0.0199977 0.0648169 0.00263606 0.128435 0.0327911 1.15561e-05 1.25563e-05 
0.101269 0.145101 0.000830731 0.0425951 0.342136 0.0236594 0.343874 0.000166052 0.000368553 
0.873473 0.000994955 0.100243 0.00451635 0.00279097 0.000848709 0.0149857 0.000152177 0.00199477 
0.288363 0.0737736 0.0501105 0.0439262 0.38902 0.0375489 0.0844745 0.000409139 0.0323737 
0.638734 0.00394831 0.0749624 0.250997 0.00310784 4.8313e-05 0.0243844 3.28914e-08 0.00381741 
0.804439 0.00981213 0.0795551 0.0433114 0.00293116 0.0013823 0.0409566 1.36843e-05 0.0175986 
0.294668 0.00304868 0.412173 0.117016 0.163594 0.0047571 0.00442525 3.1864e-05 0.000284655 
0.647372 0.0317405 0.0234247 0.0306322 0.056897 0.0021934 0.206052 0.000212361 0.00147584 
0.055713 0.0421205 0.293504 0.0182309 0.0008531 0.00137486 0.0959203 0.000341071 0.491942 
0.102788 0.103427 0.0262269 0.0493011 0.633105 0.00200809 0.0816416 0.000206581 0.00129568 
0.233192 0.0176437 0.0453314 0.0981418 0.0585962 0.0152357 0.0777349 0.00741677 0.446707 
0.211823 0.132518 0.000857261 0.0346172 0.0132004 0.283253 0.322542 0.000316051 0.000873296 
0.931437 0.00635353 0.0148789 0.0242052 0.00488657 0.000842964 0.0139601 0.000123692 0.00331149 
0.494198 0.035559 0.0194978 0.123192 0.0502363 0.00705399 0.268402 0.000504433 0.00135598 
0.011533 0.490217 0.0346289 0.00366582 0.158014 0.000209605 0.301112 2.70441e-05 0.000593001 
0.89781 0.00556982 0.00328848 0.0310894 0.000910138 0.00313624 0.0578564 2.99078e-05 0.000309889 
0.191213 0.177777 0.260836 0.150581 0.0518822 0.0597809 0.106167 0.000676507 0.00108597 
0.707019 0.0755913 0.00262003 0.0530022 0.0167322 0.0684303 0.076541 2.79092e-05 3.5693e-05 
0.176854 0.0978081 0.00492241 0.0890444 0.17806 0.00358746 0.431444 0.000905412 0.0173747 
0.0879415 0.00399552 0.0505092 0.039686 0.402039 0.00027486 0.395282 5.81751e-07 0.0202715 
0.752647 0.0130722 0.133953 0.0419153 0.000946634 0.0034571 0.0539122 4.49041e-06 9.1421e-05 
0.924257 0.00447011 0.00507342 0.00638419 0.00321688 0.0460351 0.0072885 0.000707691 0.00256693 
0.192734 0.0722806 0.0630618 0.178201 0.0275903 0.000444341 0.464943 1.68278e-05 0.000728459 
0.0902951 0.0995519 0.582812 0.0781656 0.00434066 0.0023645 0.0522946 1.07275e-05 0.0901644 
0.679543 0.158173 0.00284239 0.0140402 8.50234e-06 0.0040284 0.141365 4.93842e-09 8.60773e-09 
0.15665 0.0103588 0.00267185 0.814685 0.00265818 0.00862349 0.00410668 0.000113626 0.000132415 
0.775377 0.00555276 0.123746 0.0271932 0.0390425 0.00141423 0.0257927 0.00011854 0.00176329 
0.323093 0.229675 0.0112948 0.233631 0.0633171 0.000961525 0.122312 2.38041e-05 0.0156921 
0.415567 0.0199737 0.0420514 0.0269864 0.0751715 0.00200706 0.136703 0.00181235 0.279727 
0.17963 0.133952 0.017915 0.14363 0.309009 0.0199825 0.189834 0.000501211 0.00554523 
0.216081 0.101444 0.0602575 0.518641 0.007573 0.0014291 0.0943156 0.000119694 0.000139598 
0.0751946 0.464211 0.00238641 0.119276 0.0826672 0.12591 0.107889 0.000579064 0.0218866 
0.0439688 0.00167974 0.0673386 0.883565 0.00130981 2.13918e-05 0.00205416 1.92489e-07 6.27651e-05 
0.131839 0.0777381 0.00134157 0.0187427 0.592222 0.00452281 0.173155 0.000119776 0.000318808 
0.302452 0.0129266 0.587981 0.00351338 0.0059081 0.0860314 0.00107042 2.60718e-05 9.04472e-05 
0.289241 0.105062 0.0489501 0.132882 0.0634451 0.0708243 0.279317 0.000967893 0.00931128 
0.043204 0.00711394 0.0108142 0.00809947 0.645125 0.0211162 0.260931 0.000716179 0.00287972 
0.0017753 0.00998385 0.00159431 0.00203437 0.0072846 0.973714 0.00304002 6.32709e-06 0.000567357 
0.198819 0.092052 0.0095792 0.0248121 0.577398 0.00862001 0.0878497 0.000124228 0.000745459 
0.339605 0.0932771 0.00142616 0.0295917 0.0509532 0.00643202 0.478679 1.11506e-05 2.45669e-05 
0.0520562 0.00556609 0.00399658 0.0202397 0.783312 0.00409918 0.0674215 0.000483924 0.0628244 
0.458184 0.0551357 0.00133751 0.0156743 0.0153354 0.0016001 0.45266 4.25548e-07 7.25559e-05 
0.341726 0.0571865 0.030997 0.0139847 0.00594423 0.00614906 0.54339 9.74931e-05 0.000525142 
0.100259 0.689673 0.0211161 0.0137291 0.00695984 0.11723 0.0428181 0.00208844 0.00612666 
0.302452 0.0129266 0.587981 0.00351338 0.0059081 0.0860314 0.00107042 2.60718e-05 9.04472e-05 
0.045605 0.0750631 0.877537 0.000599002 7.90904e-06 0.000565628 0.00054957 1.30201e-10 7.27743e-05 
0.283459 0.0606836 0.0586458 0.469205 0.00674946 6.30577e-05 0.120256 4.47188e-05 0.000893855 
0.620687 0.0245091 0.0269441 0.233774 0.00176194 0.0016471 0.0398867 0.000968396 0.0498216 
0.0163711 0.0554121 0.812684 0.0468591 0.0172532 0.0181318 0.0331643 3.48388e-05 8.92573e-05 
0.734965 0.0608664 0.0246637 0.106229 0.0126026 0.0020661 0.0570787 0.000257304 0.00127068 
0.775662 0.0259106 0.000929953 0.187557 0.000308593 0.0012203 0.00841213 6.09193e-12 3.71991e-09 
0.172138 0.60792 0.0114436 0.0221623 0.0113756 0.0613899 0.112419 6.61017e-05 0.00108657 
0.481926 0.192814 0.000131522 0.00401828 0.178083 0.0277851 0.115042 9.08464e-08 0.000199425 
0.302452 0.0129266 0.587981 0.00351338 0.0059081 0.0860314 0.00107042 2.60718e-05 9.04472e-05 
0.217119 0.104322 0.0317746 0.122937 0.325798 0.018385 0.172454 0.00114579 0.00606376 
0.0990994 0.061372 0.0853628 0.00850525 0.0546794 0.00265457 0.402527 0.00124485 0.284554 
0.724107 0.0103949 0.0451259 0.185862 0.00112604 0.00109036 0.0303976 3.62421e-05 0.00185957 
0.77581 0.0583067 0.0403217 0.0348416 0.00110838 0.022789 0.0661186 1.65271e-05 0.000687822 
0.127382 0.022082 0.0164901 0.762349 0.000343586 3.05718e-06 0.0713456 1.72178e-06 2.91158e-06 
0.434041 0.0174901 0.00290351 0.070537 0.213714 0.000285329 0.230134 0.000223802 0.0306718 
0.13147 0.153396 0.00120353 0.0553154 0.527375 0.0177509 0.109389 0.000654314 0.00344589 
0.0858094 0.0525413 0.0027506 0.127084 0.526477 0.00124588 0.202748 0.000185944 0.00115784 
0.535811 0.0274616 0.294144 0.00470112 0.00410285 0.0370595 0.0911109 0.000501945 0.00510739 
0.0382557 0.500691 0.0191769 0.00718551 0.00171825 0.382782 0.0486627 6.9909e-05 0.00145873 
0.161533 0.137084 0.0630588 0.0115414 0.00160092 0.0524894 0.572689 4.55604e-07 3.21267e-06 
0.857325 0.0532719 0.0371173 0.00165946 0.0123939 0.00474954 0.0328433 0.000124867 0.000514992 
0.781746 0.0220101 0.0932258 0.0315791 0.0196156 0.0226083 0.0278059 0.000173566 0.00123588 
0.940883 0.0225892 0.00036243 0.00464924 0.000547599 0.0251899 0.00577811 5.543e-09 1.79405e-07 
0.3968 0.0577989 0.0111329 0.394162 0.0141257 0.0450402 0.0808184 4.34262e-05 7.8646e-05 
0.417526 0.0157114 0.0162464 0.490217 0.00244013 0.0335673 0.0224231 0.000149587 0.00171909 
0.827852 0.0216343 0.11921 0.00479376 0.0078696 0.00479944 0.0123819 0.00019264 0.0012661 
0.428291 0.138574 0.0159912 0.0178841 0.0156726 0.0179108 0.36347 0.000204455 0.00200202 
0.0157518 0.888251 0.00305087 0.0893058 0.000201862 0.000272496 0.00316639 5.29191e-10 7.27709e-08 
0.733591 0.0496485 0.0294203 0.127934 0.0193157 0.0146245 0.0205414 0.000190254 0.00473494 
0.194143 0.111677 0.104497 0.484713 0.0619373 0.029743 0.0128668 0.000119689 0.000303424 
0.302452 0.0129266 0.587981 0.00351338 0.0059081 0.0860314 0.00107042 2.60718e-05 9.04472e-05 
0.82138 0.0410535 0.00889724 0.0394881 0.00360262 0.0725376 0.0129542 8.25216e-06 7.86423e-05 
0.440193 0.0676194 0.00259176 0.0518099 0.230884 0.0950201 0.108727 1.19093e-05 0.00314244 
0.0282195 0.024888 0.0452829 0.0925512 0.583028 0.000986388 0.212799 0.000878009 0.011367 
0.607768 0.0186945 0.0112532 0.247528 0.00140176 8.27929e-05 0.0981173 2.31823e-05 0.0151315 
0.174478 0.00959933 0.00347695 0.019992 0.5984 0.00249149 0.168737 0.000154582 0.0226701 
0.0605991 0.504471 0.000127508 0.0280324 0.0881489 0.0667043 0.251778 5.5954e-05 8.23204e-05 
0.125081 0.249826 0.00980487 0.0333684 0.00706568 0.293638 0.279847 0.000384986 0.000983176 
0.790336 0.146174 0.010254 0.0135476 0.00602037 0.00896502 0.024624 2.14895e-05 5.76047e-05 
0.124979 0.00699462 0.104752 0.574284 0.10633 0.00738351 0.0549894 8.51397e-05 0.0202026 
0.286125 0.104455 0.0532569 0.0740497 0.103941 0.00288089 0.372567 5.41757e-05 0.00267083 
0.196249 0.722955 0.00235817 0.02722 0.000502184 0.034974 0.0156822 2.65188e-05 3.2542e-05 
0.852378 0.0451868 0.0129226 0.0236999 0.0111481 0.0108597 0.0427552 0.000113153 0.000936826 
0.581268 0.101271 0.0427604 0.184683 0.0153286 0.00764482 0.0650945 0.000304711 0.00164402 
0.398989 0.163567 0.0348794 0.277907 0.0160695 0.0153633 0.093096 4.77581e-05 8.14239e-05 
0.685049 0.0253721 0.103214 0.066413 0.000350891 0.00137409 0.118182 3.04206e-06 4.28171e-05 
0.302452 0.0129266 0.587981 0.00351338 0.0059081 0.0860314 0.00107042 2.60718e-05 9.04472e-05 
0.0165051 0.633317 0.00558941 0.18671 0.0155332 0.132067 0.0102685 1.2436e-07 1.03066e-05 
0.711569 0.0862007 0.0108924 0.0774873 0.00216379 0.00177096 0.0781849 4.22178e-05 0.0316884 
0.857325 0.0532719 0.0371173 0.00165946 0.0123939 0.00474954 0.0328433 0.000124867 0.000514992 
0.833008 0.00973078 3.96488e-05 0.156178 0.000552188 0.000100788 0.000390778 3.51072e-11 2.79089e-08 
0.379877 0.0558911 0.00390653 0.517326 0.00517085 0.0165119 0.0189725 0.000131948 0.00221165 
0.281748 0.0952549 0.021966 0.0511886 0.342113 0.0096809 0.195902 0.000508064 0.00163829 
0.0723475 0.0419059 0.823926 0.0241055 0.0113835 0.00609176 0.0164737 0.000206877 0.00355976 
0.0838024 0.210749 0.00503413 0.211612 0.452994 0.0235419 0.0122034 1.13975e-05 5.19999e-05 
0.179049 0.0156838 0.0608394 0.0630541 0.334379 0.00028056 0.342855 0.000120738 0.00373815 
0.0923552 0.131691 0.00476835 0.00295981 0.0138557 0.745505 0.00879662 2.77868e-05 4.04449e-05 
0.302452 0.0129266 0.587981 0.00351338 0.0059081 0.0860314 0.00107042 2.60718e-05 9.04472e-05 
0.000123748 0.114158 0.0792268 0.00547534 0.263946 8.38654e-05 0.536967 5.86406e-06 1.24748e-05 
0.817061 0.0180218 0.0225936 0.014545 0.00540409 0.0210035 0.0897167 5.08334e-05 0.0116038 
0.416898 0.00155933 0.0061927 0.564481 0.0023417 0.000192695 0.0076767 9.47814e-05 0.000563307 
0.81357 0.00140631 0.0738539 0.0609876 0.00689244 0.00218343 0.0209403 0.000147939 0.0200177 
0.551603 0.0522285 0.0260559 0.0528388 0.020627 0.170219 0.0960183 0.00622958 0.0241802 
0.586093 0.024371 0.0875452 0.247917 0.00481941 0.00852356 0.0400723 4.31831e-05 0.000615121 
0.840621 0.0325267 0.0229229 0.0971844 0.00111978 0.00266022 0.00275122 3.69525e-06 0.000209987 
0.636771 0.117859 0.00194278 0.014128 0.020768 0.0813444 0.126489 0.000337077 0.000360809 
0.302452 0.0129266 0.587981 0.00351338 0.0059081 0.0860314 0.00107042 2.60718e-05 9.04472e-05 
0.857635 0.0441183 0.0341702 0.0264611 0.00890585 0.00644472 0.0199064 0.00033777 0.00202077 
0.103797 0.161052 0.000674552 0.0552018 0.541067 0.0138871 0.0825947 2.61941e-06 0.0417227 
0.383154 0.00505633 0.138078 0.00657994 0.0215142 0.000506486 0.180504 7.42923e-05 0.264533 
0.72316 0.0344605 0.0111617 0.104503 0.0265395 0.0302298 0.069012 0.000288618 0.000644272 
0.673546 0.0154058 0.015066 0.227606 0.00891676 0.00864184 0.0492194 5.54457e-05 0.00154286 
0.76492 0.132613 0.020712 0.0292848 0.00108264 0.0115957 0.0396617 6.59184e-06 0.000123302 
0.933021 0.0472038 0.0197681 3.04846e-07 1.86467e-06 4.44792e-06 5.46649e-07 1.2596e-10 2.93016e-07 
0.391203 0.022253 0.0155785 0.0206523 0.43236 0.018461 0.0974782 8.70035e-05 0.00192632 
0.505163 0.134391 0.000323019 0.203008 0.0674173 0.0838004 0.00544567 2.49195e-05 0.000425836 
0.569493 0.283718 0.00667717 0.0747348 0.00289538 0.00504223 0.0574266 1.60344e-08 1.22367e-05 
0.187135 0.0612796 0.0854603 0.568053 0.00112333 0.0766796 0.0197699 0.000178981 0.000320031 
0.587683 0.120087 0.0625655 0.170102 0.00401755 0.0358775 0.0194225 2.96715e-05 0.000215989 
0.647999 0.0425723 0.123031 0.0341963 0.0386376 0.0188933 0.0794935 0.00416497 0.0110121 
0.557854 0.00188535 0.151394 0.265764 0.00100576 0.00268282 0.0149154 0.000250508 0.00424786 
0.64257 0.0548688 0.0170385 0.0739788 0.0784478 0.0144369 0.0726995 0.00531961 0.04064 
0.571164 0.0295964 0.219235 0.0923805 0.0226781 0.0161791 0.0442654 0.000191491 0.00431002 
0.578314 0.11017 0.0257163 0.278495 0.000211328 2.94304e-05 0.00693302 1.28796e-05 0.000118059 
0.834657 0.0358232 0.0143563 0.0187289 0.0112564 0.000550958 0.083997 0.000258912 0.000371224 
0.310512 0.0917124 0.0432998 0.444198 0.0319311 0.0647239 0.0117969 4.61545e-05 0.0017803 
0.665688 0.0130414 0.0636474 0.152697 0.0338709 0.000605049 0.0671501 0.00014544 0.00315474 
0.556502 0.132265 0.0134455 0.0227319 0.0922278 0.000280787 0.00362277 1.44676e-06 0.178922 
0.106437 0.48468 0.0320513 0.00923962 0.000302014 0.0340836 0.332059 3.76968e-08 0.00114736 
0.844443 0.025809 0.0257935 0.0626326 0.00780337 0.0150777 0.0165708 0.000224661 0.00164514 
0.0740397 0.0430341 0.0669356 0.043411 0.0480972 0.194523 0.524226 0.000383575 0.0053497 
0.854322 0.00154957 0.0382964 0.0510303 0.00539162 0.000242051 0.0479216 0.000156549 0.00109041 
0.576275 0.022495 0.0368512 0.0479598 0.00194374 0.0182601 0.294715 0.000631864 0.00086807 
0.133184 0.666563 0.062028 0.00623813 0.0496681 0.0503147 0.0269985 2.39338e-07 0.00500486 
0.0845509 0.000505968 0.125298 0.778752 0.00143784 4.7568e-05 0.00884267 2.73557e-05 0.000537517 
0.82721 0.0551103 0.0167315 0.0155605 0.0182084 0.0537782 0.0113112 3.00726e-05 0.00205982 
0.322725 0.254513 0.00870942 0.0555905 0.0122718 0.0180759 0.323799 0.00111263 0.00320227 
0.000243103 7.27126e-05 7.82436e-05 0.000142264 0.998918 0.000392853 0.000119254 5.74974e-06 2.83188e-05 
0.295411 0.0328653 0.000558258 0.0470974 0.235526 0.00103967 0.37166 0.000109262 0.0157334 
0.164879 0.0375276 0.703401 0.0731278 0.00328186 0.00234693 0.0120396 0.000329913 0.00306612 
0.00311523 0.94386 0.00111508 0.0234362 0.00697485 0.000351365 0.0211467 1.55653e-07 7.08374e-07 
0.460034 0.0605879 0.230817 0.160781 0.046438 0.00655921 0.0281519 0.000545561 0.00608509 
0.881937 0.0780727 1.08536e-05 0.0306465 0.00190925 0.000701326 0.00672222 2.94638e-11 7.10923e-11 
0.286174 0.268979 0.000183484 0.0636308 0.0347781 0.00626907 0.339734 5.31668e-05 0.000197654 
0.0663028 0.16079 0.00673298 0.23155 0.33331 0.000987859 0.19818 9.55425e-08 0.00214545 
0.302452 0.0129266 0.587981 0.00351338 0.0059081 0.0860314 0.00107042 2.60718e-05 9.04472e-05 
0.0564715 0.0630763 0.00165119 0.00114599 0.00134989 0.871974 0.00419893 2.19144e-05 0.000109898 
0.518584 0.260054 0.00284819 0.0540802 0.000743517 0.161461 0.00222358 1.23424e-06 3.38465e-06 
0.12496 0.239986 0.0740571 0.0126289 0.0430984 0.0012857 0.500948 0.000318901 0.00271764 
0.932453 0.0281055 0.00028062 0.0213534 0.000519347 0.00718628 0.0100924 3.73439e-06 5.61511e-06 
0.844269 0.0284568 0.000920162 0.0930273 0.00552447 0.0196158 0.00813078 2.50077e-05 3.08041e-05 
0.848401 0.000151278 0.0194769 5.81724e-05 0.101123 5.16265e-06 0.00257593 1.05039e-06 0.0282073 
0.653041 0.0182053 0.252144 0.034821 0.00558649 0.000164364 0.0294629 4.2627e-05 0.00653217 
0.825579 0.137591 0.00431873 0.00465432 0.000295354 0.0020292 0.0255324 2.59557e-08 5.24351e-08 
0.665834 0.0288697 0.0235157 0.0551373 0.0503059 0.0539526 0.121757 6.83414e-05 0.000559158 
0.893967 0.023629 0.00900496 0.020391 0.00428611 0.000588716 0.0446542 8.2644e-06 0.00347025 
0.540255 0.163067 0.00800431 0.179104 0.0117924 0.0167057 0.0782528 0.00106132 0.00175783 
0.148555 0.0332325 0.00621938 0.0289089 0.628122 0.0193874 0.13474 0.000228569 0.000607263 
0.85498 0.0342323 0.00186364 0.0223634 0.00330442 0.00105774 0.081733 0.000108867 0.000356735 
0.542892 0.113765 0.0292002 0.0163941 0.155377 0.0072063 0.134867 4.1909e-05 0.000256251 
0.387321 0.173069 0.00139647 0.0267903 0.0453374 0.014256 0.350285 0.000452795 0.00109191 
0.11643 0.0383207 0.0532309 0.707635 0.0490105 0.0027818 0.031797 5.63616e-05 0.000737575 
0.119594 0.00180333 0.0810444 3.01698e-05 0.570177 1.59222e-05 0.0578292 1.85732e-06 0.169504 
0.702739 0.0200322 0.147428 0.0925614 0.0134955 0.00524959 0.0180123 0.000161351 0.000321449 
0.587992 0.0836052 0.0529201 0.121884 0.02761 0.0608932 0.0643402 0.000196376 0.000558811 
0.230368 0.273349 0.0325291 0.0345999 0.0434843 0.00981309 0.370849 0.000687144 0.00432018 
0.100235 0.0234637 0.196379 0.0658993 0.0236772 0.00174374 0.588277 1.90364e-05 0.000305595 
0.738358 0.130917 0.00148334 0.00375656 0.00250936 0.0192376 0.103604 4.02983e-05 9.37398e-05 
0.16159 0.0731124 0.0908646 0.0849277 0.398107 0.0229113 0.168331 4.58776e-05 0.000110701 
0.782698 0.0617778 0.00276747 0.132929 0.00177616 0.00384962 0.0140367 3.84238e-05 0.000127179 
0.82119 0.00723574 0.000816093 0.0108489 0.0924803 0.0314081 0.0352791 0.0002295 0.000512387 
0.285694 0.396665 0.0045407 0.0111556 0.153032 0.123382 0.0254835 5.31058e-07 4.75155e-05 
0.0831846 0.17677 8.27656e-07 0.00971331 0.146382 0.00229118 0.581657 2.12429e-09 7.14546e-07 
0.030326 0.0140703 0.0106116 0.0205218 0.0612358 0.850341 0.00929346 3.80298e-05 0.00356185 
0.10393 0.224811 0.00952013 0.0124934 0.189833 0.00962071 0.443682 0.000200775 0.00590959 
0.0467045 0.0624883 0.0180548 0.0648981 0.732091 0.00141709 0.0474523 8.83601e-05 0.0268053 
0.222295 0.0811617 0.114282 0.133159 0.159439 0.000742136 0.109194 0.000109312 0.179619 
0.402409 0.0500071 0.0274025 0.178773 0.188037 0.0215665 0.0777585 0.0139917 0.040055 
0.230997 0.24288 0.0915233 0.0470258 0.035875 0.129312 0.208703 0.000297274 0.0133863 
0.00243748 0.00592761 0.000178629 0.000202225 7.89668e-06 0.000520187 0.990726 4.07895e-08 4.22174e-07 
0.992139 0.000847789 0.000553776 0.000315818 2.88386e-05 0.000130842 0.00597201 1.16673e-06 1.09451e-05 
0.480788 0.124098 0.0136677 0.000873068 0.00386125 0.00336121 0.300604 1.78724e-09 0.0727468 
0.799083 0.0103219 0.13142 0.0346828 0.000774061 0.015494 0.00820857 4.1934e-08 1.5312e-05 
0.358685 0.0956612 0.00881055 0.0461438 0.0696804 0.0225527 0.391686 0.00176712 0.00501327 
0.302452 0.0129266 0.587981 0.00351338 0.0059081 0.0860314 0.00107042 2.60718e-05 9.04472e-05 
0.00817464 0.947085 0.00106065 0.000291466 1.45933e-05 0.0423836 0.000973192 1.2609e-06 1.52941e-05 
0.490135 0.068446 0.002053 0.00874802 0.00739459 0.0177061 0.40482 0.000179086 0.000517694 
0.0992858 0.0915392 0.0325746 0.109129 0.283664 0.0032935 0.378471 0.000663723 0.00137889 
0.47179 0.0924066 0.0103469 0.0446028 0.0111295 0.00769919 0.359292 0.000672713 0.00205992 
0.245222 0.0211775 0.012678 0.434824 0.07236 0.00124806 0.205577 7.10589e-06 0.00690632 
0.10528 0.107837 0.0135714 0.113394 0.458251 0.00196993 0.191871 2.32681e-05 0.00780158 
0.717267 0.0167157 0.141248 0.0525634 0.00486752 0.0206695 0.0259082 0.000175222 0.020585 
0.364424 0.0070017 0.088601 0.488274 0.00436111 0.00615829 0.0398595 3.17656e-06 0.00131728 
0.924831 0.00869316 0.0284873 3.66615e-05 0.000945941 0.000634962 0.0361107 1.30907e-06 0.000259381 
0.597369 0.159025 0.0506193 0.0644371 0.0201362 0.00918278 0.0916929 0.000475388 0.00706207 
0.649121 0.023943 0.0318765 0.0415233 0.198682 0.0123872 0.0402163 0.000915734 0.00133448 
0.444061 0.149982 0.0136345 0.0990116 0.0203547 0.00343955 0.267662 0.000108767 0.00174588 
0.386155 0.125505 0.0667692 0.285279 0.0585331 0.00415204 0.0726827 0.00028836 0.000635989 
0.257805 0.00534014 0.0114801 0.292393 0.0366658 0.00123453 0.0608394 0.00011619 0.334126 
0.241737 0.115825 0.0841164 0.378753 0.0158567 0.0122257 0.149797 0.000209648 0.00147952 
0.458977 0.0218377 0.013736 0.0396098 0.0465287 0.00372802 0.367988 0.000334338 0.0472605 
0.173897 0.137731 0.0152634 0.020164 0.0702302 0.00202501 0.578634 0.000169375 0.00188631 
0.537323 0.168692 0.0788925 0.045966 0.0425708 0.0119701 0.113791 0.000263054 0.000531371 
0.0436966 0.108192 0.0326413 0.0170492 0.00283496 0.0428744 0.749007 2.37694e-05 0.00368071 
0.659175 0.0772176 0.112489 0.00900338 0.00050822 0.109449 0.0317842 1.27618e-05 0.000361206 
0.767977 0.0191429 0.00405143 0.176771 0.000802127 0.00287651 0.0221175 0.00016473 0.00609677 
0.0319694 0.0627499 0.0159793 0.00986953 0.720252 0.0216002 0.0913763 0.00696648 0.039237 
0.0756107 0.552235 0.0722635 0.00260916 0.0590931 0.0456786 0.19251 1.95929e-11 4.72751e-11 
0.751165 0.0226405 0.0386099 0.00101238 0.0611475 3.0653e-05 0.124955 3.42321e-07 0.000438828 
0.0525152 0.0426973 0.853747 0.0228181 0.000397478 0.00054587 0.0261082 0.000158978 0.00101215 
0.418447 0.00522602 0.444217 0.124162 0.000220255 0.00423168 0.0034291 1.10572e-05 5.56934e-05 
0.0435738 8.32478e-05 0.0342366 0.018864 0.885107 0.000201376 0.017895 1.90974e-05 2.01482e-05 
0.174429 0.249568 0.251207 0.0287673 0.000706718 0.0219751 0.0194709 2.39819e-05 0.253852 
0.517152 0.116099 0.114772 0.123649 0.021958 0.0147193 0.0549783 0.00172504 0.0349466 
0.484583 0.0142603 0.0763379 0.366612 0.0154024 0.000654867 0.040988 0.000113586 0.00104771 
0.375354 0.069821 0.430404 0.105251 0.000829907 0.00577146 0.00870252 4.01699e-05 0.00382646 
0.269876 0.00709386 0.00424469 0.0107397 0.651821 0.00362919 0.0326819 0.00129298 0.0186209 
0.170739 0.564841 0.0265883 0.0496201 0.0267708 0.0435407 0.116979 0.000405989 0.000515403 
0.302452 0.0129266 0.587981 0.00351338 0.0059081 0.0860314 0.00107042 2.60718e-05 9.04472e-05 
0.342198 0.624187 0.0161898 0.00922967 0.00060457 0.000125586 0.0071282 1.59916e-07 0.000336816 
0.933926 0.00794281 0.0208827 0.00439873 0.0296717 0.00129348 0.00165412 2.35996e-05 0.000207181 
0.562416 0.101968 0.077607 0.165615 0.0265714 0.00433385 0.0613848 4.70026e-05 5.69076e-05 
0.581501 0.162498 0.000150818 0.0891532 0.00491208 0.0218521 0.139934 3.8164e-09 3.97151e-09 
0.574737 0.0420344 0.00838741 0.267947 0.00186279 0.000508655 0.10401 2.16625e-05 0.000490888 
0.241793 0.519829 0.0150101 0.00845392 0.00878561 0.0460374 0.15955 2.15211e-05 0.000519449 
0.100002 0.0787897 0.00245471 0.091838 0.252804 0.00950941 0.464492 4.3874e-05 6.64544e-05 
0.585828 0.0359818 0.0476476 0.19979 0.0328394 0.0110503 0.0671633 0.00446234 0.0152371 
0.667635 0.0793059 0.0242849 0.141122 0.020294 0.0221014 0.0408968 0.00022745 0.00413175 
0.322656 0.00115871 0.0245022 0.00167808 0.0215268 0.000512672 0.625782 0.000100423 0.00208343 
0.868463 0.0289671 0.00163506 0.00472073 0.00523279 0.00217121 0.0881185 2.76548e-05 0.000663437 
0.764653 0.02367 0.0234237 0.113601 0.0161444 0.000608602 0.055673 0.000156118 0.00207106 
0.935725 0.0311469 0.00449328 0.00549947 0.00138302 0.00438992 0.0172093 7.45611e-06 0.000145658 
0.0600045 0.07509 0.0030214 0.0160613 0.466107 0.0336132 0.266944 0.00277714 0.076382 
0.814024 0.00913017 0.0502551 0.105821 0.00685136 0.00134191 0.0120192 0.000122288 0.000434565 
0.0530802 0.0373981 0.0405206 0.00963136 0.00532088 0.000194157 0.738103 0.000116565 0.115635 
0.00894703 0.28509 0.000502203 0.00320935 0.0566543 0.00738197 0.637422 3.66955e-05 0.000756487 
0.83989 0.0325652 0.00261368 0.0251026 0.00649924 0.000158532 0.091645 9.24884e-05 0.00143304 
0.0439813 0.916126 0.000836873 0.0168498 0.00198711 0.00911551 0.0110766 4.58079e-06 2.22954e-05 
0.236467 0.0102472 0.0746944 0.0151281 0.0502822 0.00208618 0.609662 0.000261975 0.00117154 
0.181182 0.0776379 0.0237676 0.0930568 0.206247 0.00029991 0.417235 0.000152677 0.000421871 
0.00779158 0.944691 0.00212005 0.00125149 0.00418142 0.00700883 0.0329516 7.7123e-07 2.79928e-06 
0.284236 0.0301872 0.48451 0.0766388 0.0115045 0.00682185 0.105475 0.00019584 0.000430148 
0.847992 0.0208325 0.0468564 0.0673051 0.000650769 0.00372781 0.00910827 5.34543e-05 0.00347393 
0.00907119 0.778485 0.0377784 0.00443274 0.0103581 0.0546625 0.105212 8.69104e-09 1.92723e-07 
0.969888 0.0140001 0.00055904 0.00700652 0.000298334 0.000604317 0.00641615 0.000187556 0.00103965 
0.965106 0.0177173 5.54443e-07 2.05108e-07 1.53984e-08 1.49108e-07 0.0171756 4.14392e-12 9.99874e-12 
0.53337 0.108018 0.017959 0.194934 0.000380845 0.000394864 0.144942 1.91836e-08 6.52343e-08 
0.803185 0.0509026 0.0182593 0.0653543 0.00775879 0.0130795 0.0394559 2.48521e-05 0.00198002 
0.510072 0.0139504 0.0269431 0.316902 0.0210866 0.00792963 0.0862267 0.0012457 0.015643 
0.70149 0.281159 0.00029801 0.00419819 0.000721344 6.06758e-05 0.012071 1.48823e-08 2.16551e-06 
0.550707 0.00960818 0.00359949 0.225368 0.00397211 0.00401132 0.202689 9.27188e-06 3.51925e-05 
0.294744 0.1466 0.0124428 0.47814 0.0083078 0.0548822 0.00482294 2.37198e-05 3.63569e-05 
0.444577 6.78054e-06 7.59356e-06 0.00010877 0.492744 3.53691e-05 0.0625129 2.47599e-06 5.2681e-06 
0.421615 0.0125665 0.0196161 0.38301 0.062016 0.044907 0.0534416 0.000504587 0.0023232 
0.101724 0.729582 3.33659e-07 0.0116834 3.98171e-06 1.6496e-06 0.157005 4.4442e-11 2.46742e-07 
0.650412 0.0979671 0.0352337 0.159347 0.0175746 0.0153561 0.0239469 1.91138e-05 0.000143166 
0.671027 0.133136 0.0476472 0.0147504 0.00052586 0.000669756 0.130637 4.16322e-05 0.00156586 
0.960669 0.00124703 0.00461533 0.00320259 7.62927e-05 0.0015397 0.0286504 2.97315e-09 6.00626e-09 
0.635208 0.0677354 0.0229732 0.196281 0.0168875 0.0114674 0.0476672 0.000686908 0.00109379 
0.0971063 0.821649 0.00568384 0.0162684 0.011417 0.0049623 0.0427346 7.74101e-05 0.000100811 
0.379449 0.101405 0.0286186 0.401329 0.0251769 0.0134101 0.0504523 6.19355e-05 9.77318e-05 
0.670514 0.0322138 0.0253453 0.143012 0.00264592 0.00387582 0.0362669 0.00036063 0.0857654 
0.937317 0.0117787 0.00348104 0.0175542 0.00151507 0.00362502 0.024584 2.14432e-05 0.000123818 
0.776079 0.103188 0.0287115 0.0167307 0.0183013 0.0121862 0.0341431 0.000567643 0.0100928 
0.947181 0.0420216 0.000449715 0.000257509 0.000303361 0.00661997 0.00316426 6.3162e-07 1.91229e-06 
0.672444 0.0111392 0.148201 0.0824173 0.00596468 0.00672369 0.0728242 5.36175e-05 0.000232896 
0.680865 0.0801955 0.168212 0.066036 0.000185057 0.000294699 0.00413884 2.6269e-05 4.63147e-05 
0.130056 0.110283 0.000296237 0.0122145 0.260924 0.00334292 0.482811 1.91795e-05 5.26378e-05 
0.531577 0.0546779 0.00490251 0.0804952 0.00210924 0.00143426 0.324787 3.39568e-06 1.28978e-05 
0.772116 0.0176417 0.0480083 0.0748006 0.00526608 0.0049719 0.0688886 0.000150448 0.00815616 
0.885919 0.0088159 0.0598856 0.0273187 0.00897546 0.00177685 0.00694986 6.54708e-05 0.000293142 
0.676696 0.0478979 0.0606748 0.172263 0.0034003 0.00551575 0.0315525 1.23543e-05 0.00198709 
0.0301727 0.00894398 0.0123446 0.500846 0.42841 0.0014254 0.013971 0.000196223 0.00369048 
0.178466 0.0225616 0.074652 0.0300293 0.498576 0.00100703 0.16834 0.000114619 0.0262526 
0.700447 0.102998 0.00605653 0.00619906 0.00119705 0.00798278 0.173437 0.000457335 0.00122627 
0.0648852 0.0529642 0.00191178 0.070888 0.710673 1.72348e-06 0.0986738 7.61597e-07 1.66272e-06 
0.916904 0.000694446 0.025372 0.00294863 0.00221265 0.000237743 0.0294646 3.01135e-05 0.0221355 
0.700964 0.0296276 0.0154693 0.180059 0.0174575 0.00335389 0.0495197 0.0011141 0.002435 
0.117213 0.140643 0.0018617 0.0358707 0.560419 0.0833921 0.0532124 1.70802e-05 0.0073718 
0.890434 0.0617484 0.023806 0.00166255 0.00046868 0.00526013 0.0161993 3.32081e-05 0.000387247 
0.0829002 0.0380906 0.00828054 0.00695208 0.771268 0.0374095 0.0533077 4.05059e-05 0.00175109 
0.614271 0.0361815 0.108391 0.186776 0.00475106 0.0140682 0.0319901 0.00116259 0.00240858 
0.834959 0.0213269 0.00581715 0.112601 0.000230836 0.0149837 0.00841138 9.34175e-05 0.00157599 
0.579891 0.00938397 0.0774225 0.307932 0.00202575 0.00753584 0.0141239 0.000270859 0.00141392 
0.0906861 0.0326892 0.0044563 0.00512498 0.374067 5.55518e-05 0.458666 4.47881e-06 0.0342503 
0.890434 0.0617484 0.023806 0.00166255 0.00046868 0.00526013 0.0161993 3.32081e-05 0.000387247 
0.785544 0.11719 0.0230273 0.00182999 0.011945 0.0368361 0.0231559 6.71058e-05 0.000405101 
0.822758 0.0133628 0.0216858 0.126137 0.00197844 0.0041789 0.00940857 0.000116796 0.000373584 
0.302452 0.0129266 0.587981 0.00351338 0.0059081 0.0860314 0.00107042 2.60718e-05 9.04472e-05 
0.689003 0.0684846 0.00316244 0.11212 0.00446643 0.0639581 0.057876 7.44936e-05 0.000855196 
0.117908 0.0519886 0.735804 0.069963 0.000908735 0.00484544 0.0185376 5.65977e-06 3.91978e-05 
0.302452 0.0129266 0.587981 0.00351338 0.0059081 0.0860314 0.00107042 2.60718e-05 9.04472e-05 
0.302452 0.0129266 0.587981 0.00351338 0.0059081 0.0860314 0.00107042 2.60718e-05 9.04472e-05 
0.302452 0.0129266 0.587981 0.00351338 0.0059081 0.0860314 0.00107042 2.60718e-05 9.04472e-05 
0.877653 0.0865139 0.00895429 0.00148531 0.00192919 0.00544976 0.0177952 3.34035e-05 0.000186401 
0.345142 0.0691197 0.000688054 0.0199158 0.0203168 0.00413124 0.540562 3.86912e-05 8.51789e-05 
0.0948684 0.106677 0.0115996 0.124127 0.011498 0.0613053 0.543168 0.0107396 0.0360173 
0.854254 0.0096106 0.00556496 0.100446 0.000982054 0.00103854 0.0280427 2.66967e-05 3.50713e-05 
0.535981 0.0973972 0.0114005 0.0807092 0.0135643 0.0307406 0.229073 0.00047604 0.000658378 
0.00531995 0.00222476 0.000124536 0.0651781 0.000138633 0.000966239 0.139923 7.87035e-05 0.786046 
0.151275 0.0244555 0.0540035 0.310451 0.220409 0.0273359 0.186146 0.00127398 0.0246499 
0.666908 0.0657547 0.0686658 0.153536 0.00354674 0.0124089 0.0261568 0.000838804 0.00218385 
0.805051 0.00290728 0.0603149 0.0523363 0.01529 0.000125888 0.0319415 3.06403e-05 0.0320025 
0.870599 0.00342215 0.00851898 0.0984526 0.00168778 0.000465061 0.0112908 6.78301e-05 0.00549587 
0.845786 0.0153203 0.0867746 0.0292621 0.00167669 0.000674847 0.0198344 0.000123612 0.000547603 
0.238615 0.126208 0.165669 0.0870779 0.0280972 0.00738359 0.345364 0.000295698 0.00128925 
0.302452 0.0129266 0.587981 0.00351338 0.0059081 0.0860314 0.00107042 2.60718e-05 9.04472e-05 
0.535469 0.0193221 0.0453172 0.331432 0.00806144 0.01461 0.0376557 0.00338749 0.00474522 
0.016718 0.0718612 0.0286157 0.000555572 0.000370147 0.00513389 0.876556 8.8986e-06 0.000180248 
0.645074 0.0606643 0.12932 0.0245157 0.00296996 0.0765638 0.0570431 0.000159381 0.00368982 
0.0671838 0.252198 0.160078 0.322778 0.0069352 0.00137362 0.166342 7.29708e-05 0.0230385 
0.0650149 0.0866933 0.0941996 0.546721 0.069704 0.00462056 0.13293 6.21468e-08 0.000117088 
0.104081 0.698589 0.00959807 0.0217477 0.00464232 0.00521346 0.152969 2.41171e-05 0.00313555 
0.302452 0.0129266 0.587981 0.00351338 0.0059081 0.0860314 0.00107042 2.60718e-05 9.04472e-05 
0.121057 0.0109373 0.646962 0.122397 0.036171 0.00275252 0.0504824 0.000126228 0.00911407 
0.302452 0.0129266 0.587981 0.00351338 0.0059081 0.0860314 0.00107042 2.60718e-05 9.04472e-05 
0.00947126 7.22125e-05 0.139299 1.5251e-05 0.807424 0.0012792 0.0357309 9.41686e-08 0.00670798 
0.474694 0.00554756 0.00436078 0.0143855 0.180573 0.0127751 0.280497 0.00201935 0.0251479 
0.371151 0.0471222 0.421211 0.0459311 0.000516566 0.0361321 0.0517831 2.43702e-05 0.0261282 
0.768878 0.052164 0.00418352 0.0351664 0.00396243 0.114938 0.0202842 2.97957e-05 0.000393908 
0.588662 0.0812567 0.0559721 0.113394 0.0188695 0.0240853 0.112324 0.00264457 0.00279179 
0.296422 0.0419717 0.250143 0.0238581 0.00439516 0.000464123 0.382743 5.66099e-07 2.6739e-06 
