0.350364 0.0949195 0.00537633 0.0207351 0.0306938 0.0124273 0.484275 3.36796e-05 0.00117498 
0.372564 0.024942 0.0326355 0.00584646 0.541703 0.0113929 0.0093474 0.000531761 0.00103709 
0.361879 0.0924097 0.0425127 0.366584 0.0149812 0.0539665 0.0669513 8.13319e-05 0.000634577 
0.842793 0.0950565 0.0124044 0.0210952 0.0132276 0.00109056 0.0140256 4.2857e-05 0.000264068 
0.666054 0.125883 0.00318058 0.024567 0.00400875 0.150795 0.0254838 5.59888e-08 2.80387e-05 
0.825346 0.0626021 0.021198 0.0220435 0.0183418 0.00687588 0.0364462 0.000106402 0.00704055 
0.0133638 7.79083e-05 0.00360885 0.011318 0.943277 0.000480574 0.027861 1.37345e-06 1.1326e-05 
0.562261 0.166018 0.00545814 0.16152 0.0535289 0.042106 0.00866568 2.29141e-08 0.000442447 
0.654736 0.0479692 0.119811 0.14751 0.00186382 0.0131561 0.0122846 0.000944221 0.00172458 
0.655279 0.0057912 0.255351 0.0141673 0.0202641 0.00530812 0.0358639 0.00158549 0.00639047 
0.142686 0.056161 0.00702072 0.00368022 0.583133 0.0261055 0.180197 0.000138779 0.000877167 
0.300474 0.0274815 0.276338 0.135436 0.0266569 0.0411256 0.191136 0.000113423 0.00123956 
0.143267 0.758636 0.0138546 0.0284941 0.00314595 0.000553385 0.0518235 6.17172e-05 0.000164274 
0.166686 0.0588309 0.684521 3.77764e-06 0.031313 6.91148e-06 0.0557262 6.45269e-07 0.00291083 
0.190666 0.127706 0.0264646 0.313239 0.257306 0.00103627 0.08322 9.6578e-05 0.00026615 
0.750819 0.140058 0.0297898 0.0311303 0.000977497 0.00914776 0.0299198 0.000173349 0.00798445 
0.087188 0.62248 2.1128e-05 0.2027 9.12847e-11 0.0237524 0.0638584 8.35489e-11 2.01593e-10 
0.0950499 0.114019 0.000606018 0.0145181 0.472697 0.144238 0.158305 5.2071e-05 0.000515274 
0.752985 0.149161 0.00185706 0.0455203 0.000668055 0.0115738 0.037958 3.22363e-06 0.000273633 
0.148448 0.0961358 0.70031 0.0252003 0.00106429 0.0118949 0.0163751 1.04161e-05 0.000560659 
0.101817 0.130756 0.00513936 0.262844 0.256811 0.000386029 0.241096 0.000384061 0.000766646 
1.24456e-07 0.00108086 3.81339e-05 7.91076e-05 0.997794 0.00100709 1.0449e-06 1.92428e-08 8.28798e-08 
0.661424 0.0827285 0.0283503 0.0371213 0.00880356 0.028316 0.150749 0.000612631 0.00189375 
0.948751 0.00155112 0.0013838 0.0109327 0.00521598 0.0293858 0.00192947 0.00022051 0.000629254 
0.157992 0.763236 0.00549722 0.00655356 0.0146543 0.0189077 0.0330471 8.74445e-06 0.000103374 
0.804561 0.14505 0.0259431 0.00781606 0.0011346 0.000614896 0.0145606 0.000103437 0.000216699 
0.209844 0.134151 0.0703667 0.3741 0.0251554 0.000929179 0.182717 0.000822346 0.00191358 
0.181511 0.477986 0.0439529 0.0730546 0.018085 0.001748 0.203202 6.44689e-05 0.00039582 
0.302452 0.0129266 0.587981 0.00351338 0.0059081 0.0860314 0.00107042 2.60718e-05 9.04472e-05 
0.485087 0.106607 0.0378487 0.108807 0.0678501 0.0269534 0.165545 5.02725e-05 0.00125165 
0.815795 0.148972 2.22841e-05 0.0271904 0.000725808 0.0018994 0.00535802 1.79508e-05 1.90439e-05 
0.0576947 0.114181 0.551443 0.0351522 0.00516223 0.0178803 0.217316 4.549e-06 0.00116595 
0.662299 0.136866 0.0261859 0.0670736 0.0141118 0.031877 0.0599728 0.000778872 0.000834755 
0.0530802 0.0373981 0.0405206 0.00963136 0.00532088 0.000194157 0.738103 0.000116565 0.115635 
0.0223621 0.0597271 0.00692701 0.128525 0.216501 0.00089185 0.564691 1.92716e-05 0.000356237 
0.567064 0.1172 0.0471339 0.142679 0.0149825 0.00581155 0.0998536 0.000281855 0.00499351 
0.138465 0.0628664 0.0133358 0.0564618 0.539856 0.00576848 0.182679 5.84506e-05 0.000508594 
0.154448 0.634914 0.0106871 0.0783332 0.00749988 0.0167263 0.0964228 3.27771e-05 0.000935949 
0.653614 0.2543 0.00776221 0.051381 0.00782474 0.00355012 0.0213921 2.13398e-05 0.000154563 
0.66612 0.0173326 0.00248165 0.0699921 0.0625308 0.0613443 0.119127 0.000154979 0.000916603 
0.85928 0.0218098 0.00575355 0.0371841 0.0272408 0.00966463 0.0378797 1.4197e-05 0.00117314 
0.621917 0.010592 0.0244417 0.264471 0.00665467 0.00767206 0.0610101 2.60934e-05 0.00321467 
0.30628 0.433773 0.0339463 0.134552 0.00381552 0.0252631 0.0623406 9.46206e-06 1.94913e-05 
0.21242 0.302273 0.0153805 0.0617962 0.214906 0.150666 0.0388568 0.000415019 0.00328649 
0.249115 0.0405322 0.00679135 0.06094 0.504736 0.0345003 0.102439 0.000353413 0.000592275 
0.29496 0.0283555 0.000579919 0.1505 0.0603815 0.00818681 0.457004 1.32661e-05 1.93273e-05 
0.889164 0.0244634 0.0200473 0.0179392 0.0257799 0.0043447 0.00549624 9.26867e-05 0.0126724 
0.206091 0.00225624 0.0343766 0.023812 0.0187016 0.000858996 0.0570316 0.000668051 0.656204 
0.758274 0.0715565 0.0512891 0.0666282 0.0176632 0.0118502 0.021912 0.000178023 0.000648717 
0.724576 0.0282735 0.159394 0.0261475 0.000251793 0.0403419 0.0195797 6.09891e-06 0.00143021 
0.197064 0.135434 0.0810923 0.0997846 0.0211484 0.00830608 0.45637 8.29811e-05 0.000717384 
0.512159 0.0280259 0.0296063 0.391162 0.00918131 0.0057675 0.0190688 0.00250074 0.00252863 
0.84754 0.0250682 0.000503108 0.0447956 0.00425693 0.00290358 0.0744239 8.50612e-05 0.000423804 
0.0788168 0.0706548 0.000123954 0.0146902 0.547776 0.00304097 0.282155 3.86068e-05 0.00270355 
0.680652 0.146169 0.00503661 0.0281758 0.00891516 0.0478815 0.0817088 2.23861e-05 0.00143901 
0.915083 0.00526022 0.0189867 0.0133926 0.0185439 0.00307554 0.0118753 0.000378675 0.0134035 
0.0942613 0.051523 0.03791 0.770879 0.00164981 0.00129488 0.042411 2.00609e-05 5.06647e-05 
0.841817 0.0136967 0.0434883 0.0363416 0.0153092 0.0144928 0.0333246 0.000339598 0.00119012 
0.809985 0.0186086 0.0996261 0.021726 0.00285511 0.0135092 0.0330611 0.000147572 0.000481031 
0.759058 0.109867 0.0623567 0.0167518 0.000655359 0.0276972 0.0233012 2.81863e-06 0.000309239 
0.638055 0.00532574 0.0261271 0.308432 0.00274562 0.00421862 0.00970392 0.000111905 0.00527971 
0.302452 0.0129266 0.587981 0.00351338 0.0059081 0.0860314 0.00107042 2.60718e-05 9.04472e-05 
0.807697 0.00801655 0.00443061 0.10898 0.0125993 0.00260999 0.0536921 0.000579168 0.00139524 
0.602464 0.160811 0.0229515 0.161773 0.00307501 0.0170028 0.0288166 1.9549e-05 0.00308598 
0.650112 0.0411183 0.0143012 0.196249 0.00954982 0.031473 0.0570084 8.14128e-05 0.000106674 
0.0163876 0.067918 0.00418664 0.184972 0.408792 8.05967e-07 0.317741 5.26918e-07 1.03693e-06 
0.639871 0.0463272 0.0457803 0.168674 0.0182054 0.0498002 0.0309619 3.58117e-05 0.000343677 
0.00029755 0.0167701 0.912024 0.0708561 8.93634e-06 7.24842e-06 3.60108e-05 8.15362e-09 1.96736e-08 
0.924895 0.0122156 0.026692 0.000736779 0.000756032 0.0115867 0.0230062 1.64972e-05 9.51221e-05 
0.258655 0.527384 0.00523535 0.0389393 0.000184649 0.0540617 0.115528 1.73639e-06 1.02449e-05 
0.982112 0.012251 0.000561145 0.00442648 0.000210519 3.81429e-05 0.000401209 7.7992e-10 2.20116e-09 
0.603411 0.0284401 0.23332 0.0826394 0.0140467 0.0070381 0.0297252 0.000138994 0.00123985 
0.0856892 0.32257 0.00112211 0.0274564 0.00945566 0.49289 0.0475843 0.00108509 0.0121472 
0.776154 0.0270307 0.0792633 0.0155818 0.0070107 0.00969323 0.0837794 0.000243329 0.00124313 
0.253789 0.144549 0.0896955 0.179054 0.0312691 0.00352625 0.297966 1.60442e-05 0.000134364 
0.438841 0.106532 0.0228275 0.3284 0.0246388 0.0308348 0.0469506 0.000196681 0.000778558 
0.302452 0.0129266 0.587981 0.00351338 0.0059081 0.0860314 0.00107042 2.60718e-05 9.04472e-05 
0.102122 0.0275583 0.0276129 0.815299 0.0189279 0.00131393 0.00675864 6.93692e-06 0.000399988 
0.0869895 0.00378394 0.0013791 0.00840631 0.742101 0.00081477 0.151684 0.000257423 0.00458313 
0.124015 0.000194953 0.000609704 0.00348985 0.614945 0.000297408 0.254962 1.38356e-06 0.00148479 
0.731746 0.0118789 0.0763784 0.00970719 0.0113636 0.136445 0.0223188 2.63712e-05 0.000136444 
0.433011 0.0209949 0.335843 0.0149389 0.00592321 0.00041462 0.151914 9.2105e-05 0.0368674 
0.506946 0.0957216 0.0275363 0.0658567 0.0168799 0.074472 0.209524 0.000216006 0.00284693 
0.358015 0.157939 0.0364846 0.0591997 0.14789 0.0425581 0.197781 3.18593e-05 0.000101135 
0.304548 0.0362985 0.0175511 0.631488 0.00105616 0.000336118 0.00867627 1.84458e-05 2.72704e-05 
0.937317 0.0117787 0.00348104 0.0175542 0.00151507 0.00362502 0.024584 2.14432e-05 0.000123818 
0.622161 0.0122373 0.0514626 0.10865 0.0352911 0.0136072 0.156178 6.44316e-05 0.000348694 
0.763939 0.0542813 0.0602004 0.0775287 0.00351027 0.00816964 0.0274692 6.9314e-05 0.00483241 
0.466981 0.1348 0.157337 0.0200172 0.00205902 0.123507 0.093694 0.000224199 0.00138017 
0.101038 0.0154047 0.228853 0.0150728 0.00715129 0.00200835 0.622848 1.73257e-05 0.00760679 
0.315422 0.0861039 0.40455 0.0324949 0.0119506 0.00465217 0.14039 0.000410535 0.00402598 
0.579118 0.0107365 0.0905959 0.287906 0.0123712 0.00571878 0.0121935 9.1195e-05 0.00126948 
0.86465 0.0684475 0.0067735 0.0116636 0.0120374 0.0137022 0.0221882 0.000264265 0.000273801 
0.766675 0.0050395 0.0202436 0.00410951 0.0872844 0.0106651 0.104546 0.000333323 0.00110369 
0.748164 0.0570977 0.0445185 0.105129 0.00470019 0.00259142 0.0317347 0.00123135 0.00483366 
0.762741 0.0247146 0.0670477 0.0402715 0.032653 0.0245781 0.0424603 0.00053248 0.00500119 
0.814856 0.049241 0.00286283 0.0380403 0.0182105 0.0231849 0.0523231 0.000215011 0.00106681 
0.884632 0.0276568 0.0182839 0.0295868 0.0163462 0.00338728 0.0184814 0.000195972 0.00143002 
0.337059 0.103101 0.022895 0.074534 0.0239061 0.00468633 0.432358 2.95757e-07 0.00146 
0.306033 0.385209 0.0013525 0.0145624 0.234198 0.00665449 0.0503311 6.01361e-05 0.00159886 
0.806711 0.00340406 0.00123467 0.0899982 0.0402998 0.000187238 0.0570045 3.69078e-05 0.00112379 
0.25121 0.612901 0.00220501 0.0846513 0.00529412 0.0120256 0.0314522 9.46717e-05 0.000166193 
0.00528463 0.861118 1.13516e-07 1.1648e-06 0.00264807 0.10666 0.0242889 1.70441e-11 4.11252e-11 
0.0633561 0.0058096 0.0263813 0.0299268 0.607753 0.0072948 0.259472 2.07216e-06 4.4088e-06 
0.770897 0.0551552 0.0341303 0.0648378 0.0042388 0.0256877 0.0263779 0.0016675 0.0170075 
0.273773 0.232728 0.00611589 0.109366 0.138148 0.0532067 0.184705 0.000351301 0.00160598 
0.0843311 0.0234411 2.34155e-05 0.243564 0.353547 2.34156e-05 0.220133 2.34129e-05 0.0749135 
0.302452 0.0129266 0.587981 0.00351338 0.0059081 0.0860314 0.00107042 2.60718e-05 9.04472e-05 
0.810913 0.0337776 0.000330364 0.114486 0.00124329 0.0173119 0.0217995 5.96648e-06 0.000133027 
0.338344 0.0541558 0.0037038 0.0184819 0.0620987 0.00741877 0.515192 0.000176697 0.000428621 
0.30427 0.237459 0.00401366 0.0270427 0.0538265 0.0338065 0.33958 8.53535e-08 7.89733e-07 
0.942807 0.00261648 0.0346135 0.0083153 0.000176501 0.00875838 0.00251339 1.65687e-05 0.000182922 
0.117908 0.0519886 0.735804 0.069963 0.000908735 0.00484544 0.0185376 5.65977e-06 3.91978e-05 
0.276211 0.161554 0.000869711 0.52707 0.00717625 0.00574485 0.0199092 6.87014e-05 0.00139665 
0.527192 0.0246751 0.0452316 0.342101 0.00958814 0.0107909 0.0241303 0.00806017 0.00823046 
0.150712 0.0414365 0.00342977 0.659571 0.077413 0.0208029 0.0454519 0.000573124 0.000609644 
0.0443399 0.0101564 0.00304838 0.0243809 0.177849 0.0048927 0.735252 2.31117e-05 5.74042e-05 
0.647372 0.0317405 0.0234247 0.0306322 0.056897 0.0021934 0.206052 0.000212361 0.00147584 
0.481388 0.0229078 0.0077656 0.356249 0.00752072 0.0692035 0.0537862 8.48223e-05 0.00109489 
0.270282 0.125441 0.0341112 0.0245909 0.418214 0.00590809 0.120818 1.1771e-05 0.000622493 
0.670532 0.0575306 0.0122302 0.163224 0.006995 0.0413566 0.0445818 0.000957061 0.00259268 
0.295304 0.537531 0.00461704 7.31968e-06 0.0144545 1.14333e-05 0.147763 1.24314e-06 0.000311051 
0.161292 0.0158549 0.00758323 0.115334 0.366822 0.00804275 0.316111 0.0032181 0.00574242 
0.661481 0.0490719 0.0162191 0.221564 0.00987589 0.0144678 0.0226672 0.002314 0.00233863 
0.000125818 0.0223237 8.43901e-05 0.000209403 3.22721e-05 0.976567 0.000655854 2.16602e-07 1.0879e-06 
0.792736 0.0276796 0.00018252 0.0172785 0.0130984 0.0184739 0.129332 2.23936e-05 0.0011964 
0.0890111 0.0545518 0.287088 0.529904 0.0378658 6.06548e-06 0.000534694 2.21003e-06 0.00103672 
0.154405 0.00532994 0.358155 0.233982 0.000224673 0.0124998 0.0157542 0.000104076 0.219545 
0.160113 0.565179 0.000741933 0.00337195 0.126967 0.0370937 0.106234 0.000118318 0.000182157 
0.783512 0.0220748 0.091395 0.0627924 0.00585775 0.0214336 0.0128223 2.05749e-05 9.1526e-05 
0.00292787 0.415411 0.0265877 0.0638404 0.00810663 0.00163885 0.0900879 0.000144718 0.391255 
0.773961 0.0490603 0.0484123 0.0356412 0.0204361 0.00163996 0.0694829 0.000477933 0.000888555 
0.332646 0.00854023 0.0103421 0.00135981 0.496907 0.000533852 0.149656 3.67532e-06 1.13614e-05 
0.103797 0.161052 0.000674552 0.0552018 0.541067 0.0138871 0.0825947 2.61941e-06 0.0417227 
0.111506 0.504186 0.0160036 0.049853 0.0632512 0.0199 0.229856 5.97833e-05 0.00538463 
0.752647 0.0130722 0.133953 0.0419153 0.000946634 0.0034571 0.0539122 4.49041e-06 9.1421e-05 
0.0902951 0.0995519 0.582812 0.0781656 0.00434066 0.0023645 0.0522946 1.07275e-05 0.0901644 
0.318133 0.234905 0.206161 0.0682631 0.0326822 0.0666706 0.0721636 2.76224e-05 0.000993853 
0.199222 0.273545 0.205012 0.0444931 0.276324 0.000179706 0.00121189 2.34557e-06 1.02392e-05 
0.468838 0.0388405 0.0505975 0.0421007 0.290702 0.00025405 0.0990238 0.000102504 0.00954016 
0.0667203 0.438268 0.0319365 0.0342584 0.242045 0.0411551 0.144024 0.000364195 0.00122862 
0.765308 0.0428195 0.00509865 0.0280398 0.106111 0.000268003 0.0307497 0.000125984 0.0214801 
0.143722 0.225963 0.0045817 0.349204 0.00496792 0.000797805 0.26989 0.000149426 0.000723843 
0.634559 0.166546 0.0774303 0.0105493 0.00119377 0.00255374 0.107004 5.85826e-05 0.000106306 
0.216773 0.0927557 0.00540197 0.0774952 0.499571 0.0455848 0.0622087 8.73063e-05 0.000122274 
0.841674 0.0896367 0.0108763 0.0176467 0.00274827 0.0107416 0.0263278 2.374e-05 0.000324392 
0.0500896 0.145286 0.117762 0.0325488 0.0470173 3.41324e-07 0.5889 7.74736e-08 0.0183967 
0.817568 0.06961 0.0338744 0.0381645 0.00731139 0.0128744 0.0189075 0.000185706 0.00150421 
0.848461 0.0436469 0.00741941 0.0500854 0.00442314 0.00977266 0.0297085 0.00034822 0.00613424 
0.495856 0.111137 0.0147461 0.0810341 0.0332676 0.0614385 0.198007 0.00121256 0.00330073 
0.59185 0.0023556 0.00931087 0.00998942 0.13217 0.00157057 0.058157 8.91861e-05 0.194507 
0.566265 0.0308933 0.0274017 0.263915 0.00560417 0.0915027 0.0137767 6.7659e-05 0.000573757 
0.2722 0.484005 0.0423412 0.00320841 0.0693138 0.00841064 0.117164 0.000492614 0.00286406 
0.0172403 0.0271945 0.940791 0.00643392 0.00286461 0.00131367 0.00389681 7.26704e-06 0.000257619 
0.279487 0.368128 0.050858 0.169309 0.00769605 0.00371279 0.120431 4.93048e-06 0.00037292 
0.0339958 0.0311109 0.103358 0.0146038 0.00198948 0.00954697 0.8027 0.000512499 0.00218228 
0.13186 0.0659931 0.559996 0.187681 0.000135075 3.4127e-06 0.0543314 1.55383e-08 3.7492e-08 
0.393066 0.00087447 0.0127149 0.0147132 0.0108867 0.00237191 0.085433 0.000784247 0.479156 
0.302452 0.0129266 0.587981 0.00351338 0.0059081 0.0860314 0.00107042 2.60718e-05 9.04472e-05 
0.276857 0.0514253 0.0175181 0.023967 0.0611274 0.0142544 0.552767 0.000909191 0.0011745 
0.0902222 0.0479368 0.00837081 0.164117 0.62819 0.0207324 0.0389415 6.51075e-06 0.00148301 
0.140177 0.019278 0.638726 0.141086 0.0103119 0.00470493 0.0195889 8.39021e-05 0.0260433 
0.311933 0.306907 0.0165565 0.0461646 0.141781 0.123263 0.0533526 1.15083e-07 4.21056e-05 
0.0621655 0.024316 0.00357478 0.403715 0.42231 6.15709e-05 0.083134 6.88634e-06 0.000716322 
0.120239 0.653359 0.0168014 0.047815 0.0230164 0.0337713 0.10449 0.000205224 0.000302402 
0.083413 0.0429511 0.00869846 0.124726 0.506631 0.00644394 0.224839 6.57634e-06 0.00229159 
0.357419 0.0170036 0.0450584 0.00587082 0.0102533 0.0352639 0.029874 0.00343435 0.495823 
0.227277 0.304439 0.0227356 0.0314437 0.0128858 0.164661 0.234928 0.000515535 0.00111485 
0.0984364 0.192166 0.0676434 0.0303992 0.00320191 0.0155604 0.591047 7.11443e-07 0.0015449 
0.526437 0.164636 0.00949587 0.131764 0.05128 0.0378063 0.0783379 4.66256e-05 0.000196833 
0.0457808 0.877817 0.00413468 0.0101466 0.000859952 0.00134552 0.0598989 2.56239e-06 1.44297e-05 
0.0193444 0.0365426 0.0006517 0.00469781 0.578376 0.00293366 0.35673 0.00010355 0.000620122 
0.122586 0.116201 0.0265227 0.208885 0.449764 0.000103924 0.0755264 1.621e-05 0.000393843 
0.315421 0.0146564 0.0113458 0.0417513 0.0398523 0.0493611 0.0535826 0.00141919 0.472611 
0.893171 0.0550028 0.0271029 0.00576921 0.00311041 0.00349811 0.0106001 1.49777e-05 0.00173094 
0.663469 0.00814159 0.00890024 0.318807 7.15093e-05 0.000512494 9.87228e-05 5.23504e-08 2.6562e-07 
0.0382557 0.500691 0.0191769 0.00718551 0.00171825 0.382782 0.0486627 6.9909e-05 0.00145873 
0.513526 0.00252223 0.455121 0.0163521 0.0010493 0.00210197 0.00488554 1.04493e-05 0.00443097 
0.228541 0.167607 0.0274391 0.057458 0.355699 0.0166501 0.14435 0.000343907 0.00191217 
0.302452 0.0129266 0.587981 0.00351338 0.0059081 0.0860314 0.00107042 2.60718e-05 9.04472e-05 
0.359455 0.0965064 0.0615425 0.254332 0.0189601 0.0295866 0.179168 0.00019003 0.000259318 
0.940883 0.0225892 0.00036243 0.00464924 0.000547599 0.0251899 0.00577811 5.543e-09 1.79405e-07 
0.00301074 4.6609e-05 0.987823 0.000219615 3.97935e-05 6.95818e-07 0.00885947 3.8126e-10 9.19931e-10 
0.36927 0.0272763 0.328639 0.19495 0.000273038 0.0587957 0.0194702 1.98318e-05 0.00130601 
0.703661 0.00340487 0.204111 0.0182241 0.00592886 3.20779e-05 0.0564943 2.11717e-05 0.00812208 
0.343971 0.254849 0.035204 0.105706 0.00428697 0.0270118 0.228847 3.81506e-05 8.64969e-05 
0.748365 0.0274078 0.0331279 0.0198155 0.011343 0.0104932 0.147803 0.000699096 0.000945537 
0.817788 0.0332071 0.00658492 0.0717892 0.0108344 0.0186742 0.0402011 4.19032e-05 0.000879557 
0.394766 0.0482328 0.00727359 0.488275 0.0081126 0.0157118 0.0369035 0.000103459 0.000621967 
0.723616 0.0433485 0.0202174 0.0172261 0.0216908 0.00666445 0.163727 0.000914745 0.00259534 
0.31552 0.00821744 0.000966918 0.0105466 0.000319133 0.662838 0.00159178 7.407e-10 1.17556e-07 
0.233477 1.25567e-05 6.26078e-06 0.000441141 0.006468 4.50363e-06 0.75959 2.55191e-08 3.22612e-07 
0.512785 0.00524892 0.188787 0.26594 0.00750941 0.00850978 0.0111935 8.89517e-06 1.70232e-05 
0.733503 0.0391422 0.0125311 0.118437 0.0291791 0.0165285 0.0498883 0.000185532 0.000604448 
0.354484 6.92426e-06 0.136682 9.20069e-06 0.132262 2.3403e-05 0.37653 4.35445e-07 2.0446e-06 
0.751086 0.0588584 0.0234777 0.0915245 0.0122394 0.0249046 0.0372969 4.67423e-05 0.000566212 
0.337923 0.0379216 0.045906 0.200657 0.0264306 0.106622 0.195352 0.0213527 0.027836 
0.747716 0.145123 0.00115166 0.0289606 0.000910708 0.060018 0.0160926 2.68577e-06 2.53124e-05 
0.731874 0.0606939 0.107826 0.0161986 0.00794579 0.0113487 0.0640471 2.18375e-05 4.43382e-05 
0.882897 0.0298214 0.00510361 0.0110352 0.00629969 0.0400158 0.0214818 0.000107058 0.00323812 
0.833403 0.0158718 0.0547782 0.0287221 0.000112234 0.0596715 0.00740944 3.60758e-09 3.16758e-05 
0.00110811 0.00117809 0.434412 8.31309e-05 0.000299591 0.000249271 0.0110895 4.50985e-06 0.551575 
0.917136 0.010371 0.0243871 0.0131462 0.00990452 0.0159251 0.00548754 0.000133461 0.00350846 
0.211589 0.584254 0.0194551 0.130855 0.0149385 0.00754933 0.0309887 8.56045e-05 0.000285124 
0.6354 0.0251041 0.0364066 0.178626 0.0164614 0.0141218 0.0925119 0.00016491 0.00120338 
0.302452 0.0129266 0.587981 0.00351338 0.0059081 0.0860314 0.00107042 2.60718e-05 9.04472e-05 
0.366553 0.0308547 0.446423 0.126284 0.000650407 0.000186221 0.0264521 6.75689e-05 0.00252827 
0.909255 0.032414 0.00897377 0.0128898 0.015386 0.00878576 0.0117568 0.000117232 0.000421225 
0.815625 0.00109931 0.00181777 0.000729264 0.0479188 0.0932685 0.0389875 3.14443e-05 0.000522195 
0.406652 0.0121047 0.0350895 0.158524 0.273866 0.000257336 0.0783969 2.03785e-05 0.0350885 
0.866542 0.021099 0.0586633 0.00417853 0.00275753 0.028002 0.0186207 2.71078e-05 0.000110169 
0.102171 0.763579 0.00298989 0.0205402 0.0142596 0.0671174 0.0293233 3.38821e-07 1.94107e-05 
0.811369 0.027022 0.0253997 0.0734796 0.00507486 0.0317776 0.0254383 2.37373e-05 0.000414911 
0.875692 0.0231907 0.00745944 0.0125159 0.0428793 0.00270534 0.0273586 0.00103746 0.00716138 
0.157267 0.740631 0.00226348 0.0068548 0.00938799 0.04187 0.0413701 4.38554e-05 0.000311573 
0.370199 0.0442293 0.251757 0.0607035 0.0436825 0.00422936 0.184265 0.000505431 0.0404289 
0.760531 0.0537254 0.00898009 0.103002 0.00322353 0.0306298 0.0397951 4.47017e-05 6.92076e-05 
0.159104 0.33703 0.00271085 0.0903652 0.0817861 0.0370017 0.28878 0.000512402 0.00270907 
0.0270511 0.0778293 0.00473557 0.0525629 0.00736981 0.000609399 0.827482 0.000260561 0.00209946 
0.840621 0.0325267 0.0229229 0.0971844 0.00111978 0.00266022 0.00275122 3.69525e-06 0.000209987 
0.505074 0.00726919 0.306205 0.121439 0.000829885 0.000348135 0.0571213 6.92549e-05 0.00164323 
0.174114 0.332267 0.0488141 0.158376 0.0144783 0.151329 0.120061 0.000156863 0.000403537 
0.103797 0.161052 0.000674552 0.0552018 0.541067 0.0138871 0.0825947 2.61941e-06 0.0417227 
0.0610938 0.0167069 0.00428899 0.824678 0.063278 0.00815643 0.0216957 2.35861e-05 7.86957e-05 
0.736596 0.0152254 0.0187484 0.192948 0.00762717 0.00704129 0.0192616 0.000213592 0.00233875 
0.463971 0.170172 0.177706 0.0487949 0.0112351 0.00349518 0.118776 0.00292372 0.00292654 
0.827624 0.0639996 0.00594528 0.0290091 0.00210055 0.0142958 0.0560514 1.35169e-05 0.000961015 
0.538978 0.0727404 0.000528595 0.0539002 0.237853 0.0277552 0.0634416 0.000527364 0.00427559 
0.757781 0.145028 0.0283582 0.00184519 0.0117121 0.00605058 0.0486525 6.77753e-05 0.000504164 
0.303408 0.273409 0.0481248 0.0683568 0.0437599 0.00126909 0.259698 0.000774083 0.00120084 
0.433812 0.0402054 0.493584 0.00901223 0.000287353 0.0154486 0.00762132 1.10967e-05 1.82372e-05 
0.391203 0.022253 0.0155785 0.0206523 0.43236 0.018461 0.0974782 8.70035e-05 0.00192632 
0.569766 0.0945047 0.172895 0.0229023 0.0137378 0.0181963 0.0436628 0.000921697 0.0634128 
0.10116 0.231297 4.70713e-06 0.0100286 0.115435 0.00132808 0.52747 1.73268e-07 0.0132764 
0.103038 0.608466 0.0585498 0.0336888 0.0474625 0.0254415 0.117814 0.00046576 0.00507464 
0.124908 0.102851 0.0633226 0.0270219 0.460685 0.0905584 0.130282 1.27337e-05 0.000358079 
0.280998 0.373357 0.0481417 0.162134 0.00661985 0.00353025 0.124863 5.55499e-08 0.000356171 
0.569493 0.283718 0.00667717 0.0747348 0.00289538 0.00504223 0.0574266 1.60344e-08 1.22367e-05 
0.106437 0.48468 0.0320513 0.00923962 0.000302014 0.0340836 0.332059 3.76968e-08 0.00114736 
0.0707703 0.0546375 0.560766 0.000306926 0.000500534 0.00200853 0.0562698 1.39487e-07 0.25474 
0.929153 0.0244475 0.00277122 0.0108453 0.00368384 0.000766549 0.0280753 2.33591e-05 0.000233757 
0.610052 0.0275568 0.161851 0.180674 0.00110455 0.00805169 0.0105499 4.84134e-05 0.000111561 
0.148331 0.528274 0.0776521 0.0301371 0.0390658 0.0611703 0.114841 5.73335e-06 0.000522558 
0.191522 0.0215092 0.0239788 0.129122 0.0879598 0.00607653 0.538844 5.68839e-05 0.000930627 
0.873473 0.000994955 0.100243 0.00451635 0.00279097 0.000848709 0.0149857 0.000152177 0.00199477 
0.0437112 0.0254795 0.180701 0.340539 0.0676874 2.53522e-06 0.341878 6.24342e-07 9.23057e-07 
0.685049 0.0253721 0.103214 0.066413 0.000350891 0.00137409 0.118182 3.04206e-06 4.28171e-05 
0.158308 0.400243 0.00785456 0.117105 0.0625262 0.00302748 0.240046 4.02483e-06 0.0108851 
0.254271 0.126682 0.324726 0.168513 0.000763918 0.00546988 0.119574 5.29965e-08 1.42066e-07 
0.286998 0.0119132 0.133819 0.015 0.000663754 0.0762644 0.00399016 0.000116688 0.471235 
0.844443 0.025809 0.0257935 0.0626326 0.00780337 0.0150777 0.0165708 0.000224661 0.00164514 
0.674129 0.00940698 0.142469 0.0279254 0.042456 0.0104217 0.0884876 0.00119768 0.00350708 
0.163033 0.412269 0.100602 0.00636505 0.0151093 0.280872 0.0205267 1.28937e-05 0.00120991 
0.461136 0.373846 0.063066 0.0822025 0.0103486 0.000774633 0.00857131 1.1707e-05 4.37241e-05 
0.0409115 0.139335 0.00405707 0.00172214 0.0260123 0.00110122 0.783559 0.000806635 0.00249549 
0.059145 0.144263 0.00319138 0.042109 0.639203 0.0365219 0.043306 7.13728e-06 0.0322533 
0.103027 0.0128091 0.783865 0.0750263 0.000478033 0.00100041 0.0148991 6.18197e-05 0.00883335 
0.450127 0.00861033 0.0134539 0.503685 0.00111433 0.00939784 0.0132168 6.63926e-05 0.000328591 
0.0385234 0.903891 0.00945752 0.000575997 0.00266326 0.0316527 0.00704197 0.00021193 0.00598202 
0.266629 0.0634982 0.0170437 0.561205 0.0289392 0.00836834 0.0532424 0.000346517 0.000727751 
0.92423 0.00185701 0.00708407 0.0130261 0.0067922 0.00865293 0.0356278 0.000146555 0.00258366 
0.796051 0.0073424 0.0473178 0.00889997 0.00205449 0.125515 0.0126979 2.75865e-05 9.42247e-05 
0.857019 0.00583968 0.0793118 0.044561 0.00147996 0.00160422 0.00687359 6.00734e-05 0.00325033 
0.982346 0.0123288 9.6467e-05 0.00344481 0.000110853 0.000783469 0.000889611 1.43118e-13 1.73007e-10 
0.383384 0.0432444 0.0817973 0.34993 0.0512732 0.0326094 0.0552725 0.000674713 0.00181443 
0.345961 0.0659761 0.0170806 0.0817914 0.192753 0.00510169 0.287368 0.00107984 0.0028887 
0.679796 0.0503298 9.55408e-05 0.0955864 0.00129571 0.00136167 0.171485 2.60304e-06 4.64328e-05 
0.198451 0.0101731 0.00094289 0.00376686 0.529107 0.00221112 0.251895 0.000693081 0.00276011 
0.139008 0.00938388 0.0144106 0.0279242 0.748277 0.00378933 0.0554593 3.49329e-05 0.00171289 
0.245222 0.0211775 0.012678 0.434824 0.07236 0.00124806 0.205577 7.10589e-06 0.00690632 
0.721152 0.0268158 0.0599055 0.0508153 0.0054555 0.0565018 0.0743059 0.000380605 0.00466749 
0.293409 0.462494 0.018647 0.0247756 0.0173196 0.16356 0.0196356 2.21633e-05 0.000137498 
0.800335 0.0399345 0.0351579 0.0131002 0.0136326 0.056356 0.039695 0.000249957 0.00153856 
0.0166937 0.0970864 0.759437 0.0115734 0.00848082 0.00204638 0.10466 1.08017e-05 1.17981e-05 
0.0806361 0.0593795 0.0420868 0.195584 0.47542 0.00361847 0.0853835 0.000679249 0.057212 
0.506651 0.032803 0.32139 0.115937 0.00742995 0.000675663 0.0147048 1.35329e-05 0.000396004 
0.168463 0.0471875 0.636077 0.114766 0.00230089 0.00567875 0.0131653 0.00130201 0.0110594 
0.445828 0.0710384 0.083386 0.17962 0.00255152 0.0972046 0.118646 0.000212795 0.0015121 
0.0525895 0.902561 0.000642455 0.00786809 0.00382675 0.000967912 0.0315448 1.20632e-08 4.20381e-08 
0.0621668 0.702094 0.000344859 0.0567736 0.00396481 0.13348 0.0411139 3.02884e-05 3.12288e-05 
0.592154 0.0400945 0.0024397 0.0573561 0.0834496 0.00059947 0.20785 0.000558618 0.0154981 
0.124638 0.110014 0.0427987 0.653472 0.0502823 0.00136334 0.0156532 1.49505e-05 0.00176351 
0.700307 0.0652357 0.0186353 0.0785356 0.00203853 0.015169 0.119338 8.51147e-05 0.000655457 
0.287719 0.480481 0.00275057 0.139896 0.0508584 0.00943706 0.0287605 1.47408e-05 8.23728e-05 
0.32609 0.243531 0.00548761 0.0667489 0.129746 0.0720329 0.154592 2.81952e-06 0.00176844 
0.325917 0.0492309 0.0248843 0.563903 0.00851016 0.015409 0.0106112 0.000257841 0.00127567 
0.72826 0.00488858 0.00349396 0.248228 8.05122e-05 0.00454003 0.010432 2.44183e-05 5.20097e-05 
0.112419 0.55092 0.0701625 0.0617438 0.0688699 0.0204137 0.115039 6.59779e-06 0.000425519 
0.48135 0.210402 0.051544 0.16666 0.0235474 0.0146559 0.0507891 0.000229582 0.00082132 
0.810542 0.0509073 0.0177521 0.0676535 0.0100987 0.0238677 0.018476 9.70233e-05 0.000605902 
0.332276 0.0527059 0.0301098 0.534123 0.00497926 0.0236964 0.0217972 0.000108654 0.000204085 
0.780802 0.158917 0.00577817 0.0208628 0.00745492 0.00595796 0.0192436 0.000453721 0.000530534 
0.0766568 0.0118197 0.00014557 0.830558 0.00615721 0.00112341 0.0734252 2.59259e-05 8.8548e-05 
0.892228 0.0586774 0.00902417 0.0143418 0.00203458 0.00292752 0.020484 1.79565e-05 0.000264988 
0.883985 0.0291717 0.0300532 0.022426 0.0166778 0.00669447 0.00308021 0.000270605 0.00764086 
0.3559 0.00945531 0.0560432 0.439169 0.00618537 0.00456141 0.125579 0.000555827 0.00255086 
0.773201 0.105693 0.0152482 0.014698 0.0279422 0.0491473 0.0139887 4.01427e-05 4.19385e-05 
0.583061 0.0272068 0.0947584 0.26583 0.00215071 7.5249e-05 0.0261396 1.02421e-07 0.000777524 
0.00232451 0.886854 5.86803e-05 0.0100719 8.87164e-05 0.0961801 0.0044223 1.21522e-08 4.48698e-08 
0.19214 0.566498 0.0648407 0.0296208 0.0110132 0.0139613 0.119761 0.00103731 0.00112826 
0.0765691 0.347367 5.6489e-06 0.014095 0.0995043 2.06472e-06 0.462457 4.48568e-10 1.08234e-09 
0.200168 0.0382064 0.0806481 0.590539 0.0530079 0.0181314 0.0187795 0.00025432 0.000266071 
0.181074 0.194034 0.00473757 0.0970291 0.119365 0.00446187 0.394413 4.25223e-05 0.00484278 
0.111242 0.49663 1.14078e-06 0.0777134 0.00110149 3.51916e-06 0.313309 2.94375e-10 7.10289e-10 
0.775137 0.0496427 0.00121688 0.0246216 0.0341864 0.0805218 0.0331849 0.000334609 0.00115392 
0.780168 0.171303 0.00719453 4.77589e-06 0.00173166 0.0166706 0.0228977 1.85233e-06 2.86808e-05 
0.611884 0.0727318 0.157477 0.0744228 0.00427319 0.0295822 0.0380788 0.00166137 0.00988904 
0.433812 0.0402054 0.493584 0.00901223 0.000287353 0.0154486 0.00762132 1.10967e-05 1.82372e-05 
0.491976 0.0350799 0.112442 0.183286 0.091245 0.0265851 0.0579102 0.000106891 0.00136872 
0.858773 0.0130361 0.0157393 0.0295134 0.00528219 0.0205071 0.0564509 0.000246055 0.000451736 
0.119594 0.00180333 0.0810444 3.01698e-05 0.570177 1.59222e-05 0.0578292 1.85732e-06 0.169504 
0.204025 0.0681351 0.0928204 0.136992 0.112696 0.00553275 0.255973 7.20959e-05 0.123754 
0.818555 0.00987931 0.0211792 0.0766769 0.00332267 0.010793 0.0328047 0.000137084 0.0266516 
0.843427 0.00677158 0.00759228 0.0412933 0.0150676 0.0120904 0.0704913 0.00103559 0.00223051 
0.926135 0.0481253 0.0034058 0.00176518 0.000547859 0.00864728 0.0112898 2.04481e-05 6.31628e-05 
0.108828 0.00800703 0.0368876 0.349216 0.0742646 0.00332649 0.416877 0.000294312 0.00229907 
0.937317 0.0117787 0.00348104 0.0175542 0.00151507 0.00362502 0.024584 2.14432e-05 0.000123818 
0.0710324 0.434367 0.0614787 0.147187 0.142256 0.00204072 0.0161162 1.4689e-06 0.125521 
0.00243748 0.00592761 0.000178629 0.000202225 7.89668e-06 0.000520187 0.990726 4.07895e-08 4.22174e-07 
0.817788 0.0332071 0.00658492 0.0717892 0.0108344 0.0186742 0.0402011 4.19032e-05 0.000879557 
0.245222 0.0211775 0.012678 0.434824 0.07236 0.00124806 0.205577 7.10589e-06 0.00690632 
0.302452 0.0129266 0.587981 0.00351338 0.0059081 0.0860314 0.00107042 2.60718e-05 9.04472e-05 
0.00691723 0.034099 0.00018992 0.00165347 0.000483854 0.955603 0.00105317 4.69303e-11 6.92299e-08 
0.136866 0.578144 0.00867704 0.0242282 0.115503 0.0792537 0.0555253 0.00041524 0.00138716 
0.535589 0.0674758 0.0520707 0.238611 0.0389528 0.00840111 0.05882 3.30402e-05 4.71016e-05 
0.0291609 0.0842375 0.00530876 0.223067 0.653665 0.00318085 0.000550054 1.01248e-06 0.000829376 
0.869703 0.00270297 0.0866087 0.0218442 0.00516652 0.000772219 0.0124223 0.000107887 0.000672415 
0.0146805 0.15 0.0145113 0.000922232 0.00560232 0.0369331 0.777266 3.40441e-05 5.10787e-05 
0.456616 0.175009 0.0866497 0.144399 0.0132451 0.0869867 0.0353677 6.21558e-07 0.00172637 
0.0904994 0.445012 0.00709045 0.0320361 0.00544034 0.30119 0.118288 5.02293e-05 0.000392997 
0.17113 0.0414143 0.291388 0.0231372 0.0853473 0.000113634 0.384456 1.97656e-06 0.00301096 
0.532397 0.0459607 0.0797336 0.168359 0.0079457 0.0269778 0.138118 0.000106083 0.000402664 
0.302452 0.0129266 0.587981 0.00351338 0.0059081 0.0860314 0.00107042 2.60718e-05 9.04472e-05 
0.402431 0.0478028 0.0700623 0.446024 0.0103343 0.00361151 0.0196936 1.08779e-06 3.87638e-05 
0.616294 0.0388854 0.0494007 0.105544 0.0302293 0.0161563 0.137223 0.00178527 0.00448186 
0.104666 0.0683219 0.205122 0.239404 0.018233 0.0115707 0.345453 0.00171744 0.00551187 
0.873473 0.000994955 0.100243 0.00451635 0.00279097 0.000848709 0.0149857 0.000152177 0.00199477 
0.36176 0.334394 0.010767 0.0245559 0.0152954 0.0469235 0.204996 0.000348073 0.000959284 
0.117213 0.140643 0.0018617 0.0358707 0.560419 0.0833921 0.0532124 1.70802e-05 0.0073718 
0.902938 0.0527578 0.00248565 0.0152228 0.0026356 0.0043672 0.0193164 2.17731e-05 0.000254207 
0.391203 0.022253 0.0155785 0.0206523 0.43236 0.018461 0.0974782 8.70035e-05 0.00192632 
0.806469 0.0233006 0.0091347 0.147772 0.00948836 0.000509738 0.00298586 8.11436e-05 0.000258422 
0.593543 0.043145 0.0158115 0.0276592 0.0654308 0.00431064 0.247339 0.0011837 0.00157703 
0.655728 0.0539216 0.0932154 0.0954886 0.0158983 0.0204103 0.0491756 0.0049816 0.0111803 
0.306249 0.279656 0.265032 0.0773417 0.00765968 0.0270887 0.0333757 0.000598456 0.00299827 
0.333257 0.00448357 0.188851 0.46632 0.000569086 0.00073089 0.0057368 1.66582e-05 3.4748e-05 
0.746261 0.0601362 0.0827085 0.0359879 0.00376403 0.0130218 0.0557295 0.00066903 0.001722 
0.691532 0.0710546 0.00519413 0.0715274 0.0492725 0.0193394 0.0892628 0.000455346 0.00236193 
0.776154 0.0270307 0.0792633 0.0155818 0.0070107 0.00969323 0.0837794 0.000243329 0.00124313 
0.565665 0.0587679 0.0292411 0.31204 0.0117394 0.00627915 0.0153436 9.13058e-05 0.000832377 
0.0839405 0.0875427 0.0507538 0.0686513 0.563961 0.000219987 0.134381 6.4687e-05 0.0104855 
0.909255 0.032414 0.00897377 0.0128898 0.015386 0.00878576 0.0117568 0.000117232 0.000421225 
0.324718 0.0570941 0.101317 0.385837 0.010314 0.0441141 0.0761058 7.64264e-05 0.000424539 
0.608792 0.0880753 0.0856994 0.0603818 0.00283605 0.0328897 0.116437 0.00128652 0.00360226 
0.51632 0.0338302 0.0714171 0.0500948 1.43554e-05 0.276602 0.0517133 5.00347e-07 8.00032e-06 
0.861502 0.00554118 0.00357626 0.0222268 0.0021404 0.014186 0.0906338 3.47445e-07 0.000193294 
0.302452 0.0129266 0.587981 0.00351338 0.0059081 0.0860314 0.00107042 2.60718e-05 9.04472e-05 
0.220232 0.478428 0.00208646 0.0942559 0.0175004 0.168238 0.0192147 4.00863e-06 4.0636e-05 
0.103027 0.0128091 0.783865 0.0750263 0.000478033 0.00100041 0.0148991 6.18197e-05 0.00883335 
0.161737 0.624236 0.00169497 0.0187251 0.0243803 0.0604079 0.107871 3.55449e-05 0.000912369 
0.216492 0.000262078 0.302198 0.403947 0.00133941 0.000301287 0.0692638 9.42741e-05 0.00610193 
0.245506 0.20282 0.0147981 0.0310297 0.324524 0.0329939 0.145615 0.000653813 0.00205797 
0.814024 0.00913017 0.0502551 0.105821 0.00685136 0.00134191 0.0120192 0.000122288 0.000434565 
0.482696 0.111899 0.0722182 0.282528 0.00796209 0.019249 0.0232242 6.21484e-05 0.000160848 
0.755657 0.0144371 0.0329652 0.0836121 0.0166333 0.0319624 0.0504975 0.000627485 0.013608 
0.712188 0.108632 0.0214307 0.0700249 0.00129085 0.0211551 0.0651189 1.85637e-05 0.000141056 
0.317525 0.183809 0.0601551 0.269497 0.0791117 0.0231207 0.0650149 0.000265497 0.00150124 
0.700192 0.0170192 0.195618 0.0476327 0.0146252 0.00350265 0.0148102 0.000153533 0.00644712 
0.450043 0.266715 0.00397194 0.0311672 0.0346901 0.0158861 0.196367 5.51519e-07 0.00115826 
0.237944 0.0244892 0.0905078 0.0102663 0.0150567 0.0715057 0.15243 0.000196751 0.397603 
0.0391774 0.934581 0.00723289 0.00217822 3.3452e-05 0.0131073 0.00368687 8.90573e-08 2.46382e-06 
0.821231 0.0456559 0.0022828 0.069538 0.0187186 0.00478957 0.0362468 5.8889e-05 0.00147791 
0.664044 0.0397533 0.0124138 0.118868 0.00895945 0.0494187 0.105987 0.000170959 0.000384497 
0.548743 0.233535 0.0882545 0.03285 0.000597279 0.0192742 0.0463634 3.09301e-05 0.0303524 
0.491007 0.16853 0.00354025 0.04669 0.0189989 0.00145855 0.269 7.21302e-05 0.000704085 
0.00480759 0.019111 0.000556795 0.00796343 0.84404 0.0774158 0.0460446 3.00084e-05 3.1298e-05 
0.794573 0.0193423 0.0126915 0.13521 0.00863594 0.00178046 0.0110768 9.23662e-05 0.0165968 
0.106466 0.217973 0.010505 0.0469142 0.068347 0.000387668 0.142545 0.00022801 0.406634 
0.294744 0.1466 0.0124428 0.47814 0.0083078 0.0548822 0.00482294 2.37198e-05 3.63569e-05 
0.527196 0.0248061 0.000931327 0.300433 0.0473252 0.0114603 0.0875614 3.12144e-05 0.000255982 
0.350823 0.0227245 0.0022809 0.618615 0.00175156 0.000755045 0.00268232 9.62509e-05 0.000271653 
0.573017 0.0477505 0.0144215 0.318977 0.00578685 0.0192443 0.0202653 6.23826e-05 0.000475224 
0.0701256 0.0550851 0.0626397 0.478707 0.0376959 0.0463232 0.0949889 0.0192852 0.135149 
0.304759 0.173817 0.214794 0.207253 0.00623508 0.00963642 0.0816128 1.8889e-06 0.00189001 
0.343722 0.155261 0.000500445 0.299557 0.0613448 0.0696054 0.0700095 1.70387e-08 1.77357e-08 
0.506121 0.0987823 0.300309 0.0030915 1.07222e-10 0.0174768 0.0742197 9.81359e-11 2.36789e-10 
0.393443 0.0225241 0.263776 0.247111 0.0207349 0.0171784 0.0333508 5.95769e-06 0.001876 
0.67257 0.0409962 0.0575423 0.0998734 0.0199358 0.0746202 0.0330532 0.000270054 0.00113897 
0.560067 0.0549252 0.159113 0.0805875 0.000707565 0.00934915 0.132413 0.000385156 0.0024525 
0.777838 0.0372926 0.042079 0.0911929 0.0063905 0.0156951 0.0192836 0.00304131 0.00718667 
0.0111215 0.94637 0.00183234 0.00478749 0.00509815 0.0187866 0.0119386 3.00703e-06 6.2649e-05 
0.147255 0.0868609 0.00550892 0.00381141 0.398111 0.0650135 0.190012 9.32109e-07 0.103426 
0.766955 0.0870546 0.0116366 0.0307369 0.0242164 0.0402657 0.0378799 0.000503978 0.000751233 
0.824239 0.0656137 0.0390127 0.041762 0.00905657 0.000807157 0.0194143 9.24034e-06 8.56226e-05 
0.706441 0.0350255 0.133657 0.0630179 0.00175626 0.00025212 0.0232743 5.18216e-05 0.036524 
0.179242 0.469253 0.00754884 0.050009 0.0200374 0.0294255 0.234993 0.00186824 0.00762316 
0.217647 0.12864 0.00877368 0.112155 0.0689966 0.0025127 0.461044 2.75091e-05 0.000203456 
0.223869 0.471791 0.00612669 0.0254016 0.000276332 0.219408 0.0531207 4.15972e-08 6.11408e-06 
0.155455 0.238641 0.000691815 0.0295324 0.207478 0.00605116 0.362148 4.43562e-07 2.99498e-06 
0.18012 0.0553592 0.557599 0.100451 0.0227043 0.0185353 0.0644033 0.00026499 0.000563249 
0.893241 0.00349411 0.036796 0.00479579 0.0040281 0.00309452 0.0246151 1.97933e-05 0.0299152 
0.51807 0.131648 0.2221 0.038667 0.00397171 0.0481746 0.0366146 4.71646e-05 0.000707356 
0.496934 0.00820612 0.296027 0.163129 0.00240382 0.0311439 0.00211794 1.29641e-06 3.75956e-05 
0.628206 0.00446049 0.010594 0.00104829 0.302544 0.0488781 0.00229315 0.000568418 0.00140746 
0.185344 0.0866225 0.00623975 0.0096564 0.398734 0.0364074 0.276185 3.62129e-05 0.000775775 
0.141935 0.00377712 7.36e-05 0.824008 0.00914638 0.0161989 0.00451005 5.14264e-07 0.000350365 
0.213973 0.0256032 0.0874771 0.587163 0.00724803 0.0181689 0.0442368 0.000223551 0.0159065 
0.261031 0.304765 0.0328921 0.21839 0.0321014 0.0640619 0.0863651 2.02597e-05 0.000373643 
0.835396 0.0205822 0.0985286 0.0117348 0.0016789 0.0197281 0.0120735 8.05563e-05 0.000196941 
0.109314 0.310172 0.00739466 0.0121582 0.218802 0.00593274 0.309364 0.000443122 0.0264181 
0.732372 0.0645294 0.101265 0.0548359 0.00139858 0.0092236 0.0354796 0.000117238 0.000779066 
0.35894 0.00861266 0.0148686 0.201679 0.151026 0.0315932 0.123537 0.00360332 0.10614 
0.588849 0.0717618 0.0364878 0.0513 0.0481938 0.020921 0.17575 0.00197753 0.00475874 
0.425925 0.00961109 0.312841 0.117254 0.00849243 0.00446014 0.078823 0.00353112 0.0390627 
0.744524 0.0727622 0.0384511 0.0441764 0.00723756 0.0206321 0.0476181 0.000592366 0.0240059 
0.123135 0.0174838 0.00569019 0.038993 0.750575 0.0210257 0.0415598 9.78998e-05 0.00143936 
0.158615 0.00759701 0.000941074 0.028037 0.670105 0.0100974 0.111719 0.000198429 0.0126909 
0.11742 0.0247068 0.010548 0.255556 0.0485142 0.0162135 0.522685 0.00175764 0.00259896 
0.541731 0.0300215 0.0117151 0.0887319 0.145172 0.135371 0.0401899 0.000252883 0.00681456 
0.761758 0.0152205 0.13918 0.0462971 0.00366004 0.00816553 0.0251518 9.06478e-05 0.00047716 
0.356789 0.0699555 0.00456804 0.521256 0.000750279 0.00866921 0.0379115 5.45847e-06 9.49326e-05 
0.610523 0.144045 0.0216727 0.0744255 0.00758854 0.00643139 0.134119 0.000264836 0.00092975 
0.909255 0.032414 0.00897377 0.0128898 0.015386 0.00878576 0.0117568 0.000117232 0.000421225 
0.691765 0.0750027 0.0528753 0.0153492 0.0492455 0.0252655 0.0871099 0.000454359 0.00293301 
0.434499 0.0406428 0.00271473 0.0262089 0.305906 0.00890297 0.168428 0.000726352 0.0119712 
0.59544 0.180743 0.0675522 0.0957789 0.00430105 0.00899094 0.0465368 3.67644e-05 0.000620394 
0.795944 0.0164268 0.109594 0.0728158 1.75061e-07 1.47989e-07 0.00521886 4.85385e-11 1.17234e-07 
0.072852 0.226045 0.151193 0.13176 0.00673349 0.00592635 0.396212 0.000614433 0.00866408 
0.934561 0.0102976 0.0283358 0.00320324 1.2686e-05 0.000255678 0.023334 4.46307e-08 1.23426e-07 
