0.227795 0.0883047 0.0473371 0.253011 0.21171 0.0123002 0.127696 0.0316682 0.000176901 
0.34842 2.94799e-05 0.00110519 0.607573 2.49428e-08 5.8514e-05 0.00176277 0.0410507 8.01039e-09 
0.834686 0.0344102 0.0680934 0.0145946 0.00126357 0.00724288 0.0234897 0.0158849 0.000334393 
0.188083 0.000805635 0.0394671 0.76894 0.00162989 0.000113851 0.000832802 0.000125403 2.29728e-06 
0.00234478 0.000427286 0.000258262 0.000251047 0.995964 0.000394549 0.000242283 0.000117328 2.74527e-07 
0.00563014 0.000320651 0.00106368 0.00434095 2.34649e-05 3.98745e-05 0.000447411 0.988134 1.83531e-07 
0.673954 0.0819212 0.0261072 0.0237668 0.0225051 0.0291557 0.097921 0.0443456 0.000323067 
0.264338 0.155493 0.000552137 0.00346905 0.000412623 0.00129285 0.574438 3.59721e-06 1.169e-07 
0.208402 0.0018961 0.0458307 0.557855 0.00668587 0.00537239 0.111724 0.0608169 0.00141669 
0.00563014 0.000320651 0.00106368 0.00434095 2.34649e-05 3.98745e-05 0.000447411 0.988134 1.83531e-07 
0.508328 0.0343866 0.0769067 0.232935 0.0182413 0.0131111 0.102575 0.011574 0.00194237 
0.0301602 0.0723313 0.00122158 0.0876096 0.46178 0.0038292 0.341516 0.00152418 2.80934e-05 
0.462345 0.0511544 0.0333111 0.0138671 0.257203 0.052509 0.127602 0.00179903 0.000209864 
0.0439511 0.0101915 0.0148237 0.0337325 0.86913 0.0195111 0.00855174 0.000108755 2.87573e-11 
0.285796 0.0312847 0.109122 0.525654 0.000810394 0.00455792 0.0127974 0.0299756 1.9111e-06 
0.134081 0.170803 0.0215734 0.0666062 0.236741 0.0146128 0.355346 0.000187457 4.86261e-05 
0.133314 0.00460041 0.0101393 0.2561 0.0289261 0.000194183 0.199677 0.367045 4.62834e-06 
0.541815 0.10968 0.174067 0.0866585 0.000289045 0.0604805 0.02685 0.00012527 3.51618e-05 
0.197404 0.0500025 0.0820363 0.624724 0.00162781 0.023477 0.0179066 0.0028124 9.20554e-06 
0.0124152 0.00590919 0.0029563 0.0498942 0.0317852 0.000223864 0.0238009 0.872884 0.000131593 
0.670123 0.0775376 0.0189328 0.125301 0.00527018 0.0637495 0.0271556 0.0109371 0.000992642 
0.139679 0.17237 0.00272226 0.00877327 0.0219921 0.0470364 0.602966 0.00439643 6.41183e-05 
0.143046 0.786538 0.0115046 0.043043 0.0112658 0.00289589 0.00169917 7.46544e-06 2.21595e-09 
0.224327 0.0449516 0.0396848 0.389743 0.0511507 0.00776345 0.173577 0.0682047 0.000598539 
0.00563014 0.000320651 0.00106368 0.00434095 2.34649e-05 3.98745e-05 0.000447411 0.988134 1.83531e-07 
0.00563014 0.000320651 0.00106368 0.00434095 2.34649e-05 3.98745e-05 0.000447411 0.988134 1.83531e-07 
0.446228 0.0384461 0.0159498 0.0555464 0.00125692 0.00849915 0.422195 0.0117441 0.000134872 
0.00563014 0.000320651 0.00106368 0.00434095 2.34649e-05 3.98745e-05 0.000447411 0.988134 1.83531e-07 
0.00563014 0.000320651 0.00106368 0.00434095 2.34649e-05 3.98745e-05 0.000447411 0.988134 1.83531e-07 
0.186581 0.0109458 0.0255213 0.18028 0.00235628 0.0032105 0.459786 0.130986 0.000332332 
0.502692 0.00233736 0.055861 0.346852 0.0402308 0.00275259 0.0417033 0.00721636 0.000354944 
0.378054 0.00577591 0.0334393 0.0368382 0.145488 0.00601951 0.389722 0.00432224 0.000340461 
0.748304 0.0610853 0.0280221 0.0986313 0.00560299 0.0259161 0.0306092 0.0013846 0.00044475 
0.301218 0.0108691 0.0266264 0.562127 0.0179955 0.0363685 0.0304637 0.0142593 7.23147e-05 
0.0500942 0.0207941 0.0109814 0.0423816 0.835579 0.0120133 0.0245492 0.00279019 0.000816826 
0.495897 0.10781 0.325196 0.0344923 0.0149633 0.0115731 0.00950534 0.000504215 5.91652e-05 
0.17283 0.659157 0.0469202 0.0505778 0.0250183 0.00052499 0.0417152 0.00325611 7.8932e-07 
0.16743 0.0209376 0.00665147 0.0588328 0.618172 0.0503174 0.0766197 0.00102566 1.35972e-05 
0.522874 0.052704 0.0240588 0.212402 0.0386226 0.0520667 0.0210398 0.0754437 0.00078824 
0.00563014 0.000320651 0.00106368 0.00434095 2.34649e-05 3.98745e-05 0.000447411 0.988134 1.83531e-07 
0.864997 0.0304921 0.0133244 0.00842337 0.0731665 0.00229595 0.00516306 0.00207509 6.30834e-05 
0.209007 0.171224 0.197819 0.145276 0.146294 9.53803e-07 0.0445442 0.0858333 9.53298e-07 
0.244045 0.0552556 0.0104244 0.0994784 0.00871064 0.0113868 0.431284 0.138471 0.000943687 
0.725146 0.0951568 0.0136216 0.130433 0.000590966 0.00875997 0.0210899 0.00517332 2.84649e-05 
0.413684 0.0552511 0.0121128 0.473211 0.00185613 0.000369576 0.00919702 0.0343184 1.23913e-08 
0.742288 0.0032404 0.0083868 0.0223667 0.00637366 0.0026625 0.0386937 0.175979 8.6227e-06 
0.465467 0.0394837 0.00980702 0.24101 0.00543627 0.00404819 0.192111 0.0424619 0.000174652 
0.755805 0.136136 0.0174408 0.0269014 0.0188992 0.000615073 0.0416356 0.00220347 0.00036305 
0.07306 0.0956301 0.0286594 0.394893 0.255774 0.0103972 0.134268 0.00403571 0.00328206 
0.0620086 0.905879 0.000403858 0.000624914 0.000321167 0.00844151 0.0222584 6.25141e-05 2.06932e-09 
0.29862 0.0350091 0.086668 0.473419 0.0405805 0.0160162 0.0466396 0.00158968 0.00145749 
0.755261 0.130557 0.00258996 0.0259739 0.0143439 0.00720427 0.0640121 3.34122e-05 2.4391e-05 
0.714079 0.0678309 0.0368143 0.133819 0.00649244 0.0106273 0.0300468 0.00026737 2.31062e-05 
0.00563014 0.000320651 0.00106368 0.00434095 2.34649e-05 3.98745e-05 0.000447411 0.988134 1.83531e-07 
0.860413 0.00874175 0.00839693 0.0156527 0.00929455 0.0029419 0.0349713 0.0595815 5.95064e-06 
0.812265 0.048332 0.0441979 0.0623128 0.0063798 0.000563767 0.0258263 0.000118121 4.15934e-06 
0.0383449 0.0890044 0.000241086 0.0639597 0.674204 0.0787853 0.0549732 0.000446406 4.08366e-05 
0.897399 0.0200595 0.0223277 0.0348967 0.00136601 0.000717627 0.0195504 0.00368311 8.3305e-08 
0.0698491 0.0337544 0.0178215 0.030538 0.642015 0.006582 0.196633 0.00244175 0.00036588 
0.435341 0.0517754 0.0449653 0.403593 0.0129593 0.0112923 0.0303599 0.00923661 0.000477446 
0.00563014 0.000320651 0.00106368 0.00434095 2.34649e-05 3.98745e-05 0.000447411 0.988134 1.83531e-07 
0.00563014 0.000320651 0.00106368 0.00434095 2.34649e-05 3.98745e-05 0.000447411 0.988134 1.83531e-07 
0.280589 0.0163095 0.0221035 0.576403 0.0182127 0.00782862 0.0782059 0.000346561 4.50174e-07 
0.949184 0.0299626 0.000888271 0.00836354 0.000966495 0.00732939 0.00330481 4.94711e-07 3.33719e-08 
0.296057 0.244508 0.000889863 0.0586221 0.0547148 0.134512 0.210635 4.37745e-05 1.67662e-05 
0.00563014 0.000320651 0.00106368 0.00434095 2.34649e-05 3.98745e-05 0.000447411 0.988134 1.83531e-07 
0.0751334 0.276524 0.0444996 0.0717046 0.0898777 0.0731808 0.366584 0.00229609 0.000199212 
0.297355 0.186034 0.0124833 0.0536784 0.0309618 0.0818002 0.336795 0.00054641 0.000346243 
0.00563014 0.000320651 0.00106368 0.00434095 2.34649e-05 3.98745e-05 0.000447411 0.988134 1.83531e-07 
0.989623 0.0103702 9.10863e-08 9.13605e-08 1.15175e-06 2.60708e-06 2.50882e-06 6.84878e-08 1.50457e-08 
0.133021 0.207009 0.00737552 0.0264072 0.00567775 0.0515075 0.568437 0.000323524 0.000240766 
0.00563014 0.000320651 0.00106368 0.00434095 2.34649e-05 3.98745e-05 0.000447411 0.988134 1.83531e-07 
0.164276 0.0413344 0.027682 0.731935 0.00468422 0.0031605 0.0267853 0.000142687 3.54488e-08 
0.0388068 0.90036 0.00289227 0.0416327 0.000561156 4.14778e-05 0.0156837 1.67449e-05 5.1952e-06 
0.0477951 0.620537 0.00233012 0.0697096 0.00414376 0.240033 0.0153541 7.71233e-05 1.95306e-05 
0.203883 0.0171966 0.389258 0.167737 0.0614122 1.46261e-06 0.160505 6.69603e-06 4.48033e-09 
0.769291 0.0395212 0.0117403 0.0981648 0.0381302 0.00417055 0.0175165 0.0184995 0.00296584 
0.0844955 0.569885 0.206023 0.0694096 0.0265285 0.00356926 0.0399574 0.000127182 4.78371e-06 
0.0750032 0.141542 0.0768653 0.0121917 0.0199084 0.00308646 0.671334 4.77768e-05 2.192e-05 
0.78986 0.14361 0.000198757 0.0093659 0.00141298 0.0479935 0.00755693 1.40351e-06 3.15124e-08 
0.101222 0.00200955 0.0111572 0.173972 0.000599486 0.705996 0.00483928 0.000197973 7.06209e-06 
0.737271 0.17647 0.00686407 0.0156986 0.00107719 0.043973 0.0152132 0.0034312 1.33787e-06 
0.588568 0.0664807 0.0226845 0.291059 0.00335122 0.00820788 0.0183852 0.00121507 4.8462e-05 
0.308325 0.110263 0.00507784 0.0469125 0.038824 0.0141875 0.156906 0.315464 0.0040396 
0.421671 0.190679 0.0238672 0.0386254 2.95574e-05 0.280996 0.043982 0.000149778 5.39638e-08 
0.626185 0.013646 0.0506025 0.302372 0.0056388 1.29552e-05 0.00154093 1.70121e-06 8.77619e-08 
0.812525 0.024114 0.0107083 0.0128237 0.0100536 0.00177769 0.0382348 0.0897634 7.96118e-09 
0.00563014 0.000320651 0.00106368 0.00434095 2.34649e-05 3.98745e-05 0.000447411 0.988134 1.83531e-07 
0.301269 0.011777 0.0770438 0.443849 0.00779171 0.0120422 0.0553573 0.090552 0.000317886 
0.0678016 0.898325 0.00045532 0.000771534 0.000354069 0.00938478 0.0228392 6.84969e-05 1.98881e-07 
0.216479 0.114393 0.350474 0.0434724 0.00350959 0.00388572 0.267736 4.74522e-05 3.17345e-06 
0.252914 0.629659 0.00392574 0.0479816 0.00139879 0.000584316 0.0634956 3.48407e-05 5.41328e-06 
0.596436 0.0750499 0.0199949 0.0833895 0.0134488 0.0180733 0.185944 0.00654962 0.0011146 
0.238644 0.0454292 0.490111 0.0797946 0.030882 0.00302063 0.11211 6.06227e-06 3.63793e-06 
0.738315 0.0139189 0.0822638 0.150854 0.000184392 0.00678344 0.00767814 2.3518e-06 5.07391e-09 
0.261087 0.124445 0.0147179 0.286788 0.105896 0.0247353 0.178089 0.00334743 0.000893845 
0.0935331 0.580538 0.00874871 0.0682009 0.0436112 0.00944615 0.195843 5.52141e-05 2.38733e-05 
0.574797 0.0462922 0.0150536 0.357207 7.72657e-06 0.000382021 0.00626001 1.37959e-07 9.55078e-08 
0.00563014 0.000320651 0.00106368 0.00434095 2.34649e-05 3.98745e-05 0.000447411 0.988134 1.83531e-07 
0.00563014 0.000320651 0.00106368 0.00434095 2.34649e-05 3.98745e-05 0.000447411 0.988134 1.83531e-07 
0.00563014 0.000320651 0.00106368 0.00434095 2.34649e-05 3.98745e-05 0.000447411 0.988134 1.83531e-07 
0.105306 0.0166641 0.0202738 0.0359449 0.0107252 0.00901966 0.0264414 0.775605 2.00026e-05 
0.336956 0.0361899 0.0410938 0.559318 0.000188971 0.00106091 0.0251283 5.17405e-05 1.23645e-05 
0.365318 0.0536886 0.00513518 0.102161 0.102391 0.0280442 0.342055 0.000755239 0.000451991 
0.689102 0.110707 0.0332359 0.0878149 0.00248053 0.0250415 0.0514692 0.00013893 9.4544e-06 
0.0932099 0.00241936 0.178498 0.309025 0.00322844 0.00016439 0.403683 0.0097666 5.62893e-06 
0.00202792 0.991801 0.000116426 1.92842e-05 0.00506246 0.000565039 0.000157867 0.000236865 1.33266e-05 
0.0975078 0.443826 0.0140825 0.0187943 0.0128044 0.101663 0.310953 0.000288846 8.01801e-05 
0.74356 0.0341203 0.0522341 0.138786 0.00509138 0.00681688 0.0169976 0.00226596 0.00012731 
0.0950819 0.243864 0.00548922 4.98325e-05 0.111139 0.00421624 0.498122 0.042037 3.72374e-11 
0.00563014 0.000320651 0.00106368 0.00434095 2.34649e-05 3.98745e-05 0.000447411 0.988134 1.83531e-07 
0.00453832 0.00330394 0.00662106 0.000321045 0.983482 0.00131971 0.000361244 5.1201e-05 1.90218e-06 
0.00563014 0.000320651 0.00106368 0.00434095 2.34649e-05 3.98745e-05 0.000447411 0.988134 1.83531e-07 
0.0131063 0.0198666 0.000546237 0.00928858 0.881131 0.00398708 0.0718272 0.000244413 2.16354e-06 
0.963437 0.00757345 0.0128414 0.00501924 0.000589622 0.00233871 0.00811092 6.51644e-05 2.46318e-05 
0.985535 0.00335559 0.00209083 0.00024177 0.00636686 0.000168026 0.00183422 0.000402181 5.21096e-06 
0.174898 0.0543683 0.00557724 0.334306 0.0335069 0.00560634 0.376558 0.0151786 9.72455e-07 
0.396244 0.0305051 0.000524076 0.299562 0.000776399 0.252478 0.0185229 0.00138693 3.39231e-08 
0.0793275 0.0294599 0.0165033 0.043818 0.00112438 0.0523801 0.412308 0.364988 9.07831e-05 
0.193353 0.0435416 0.00082125 0.00103269 0.32389 0.00317025 0.433982 0.000186116 2.26406e-05 
0.0297399 0.869458 0.022237 0.00276487 0.00256926 0.00566635 0.0571975 0.010367 8.19211e-11 
0.686962 0.172454 0.040804 0.0319164 0.00139632 0.0413069 0.0248545 0.000260104 4.52908e-05 
0.588338 0.0158604 0.000639581 0.0552048 0.00069957 0.0225846 0.316633 3.9471e-05 2.32585e-08 
0.575516 0.0604914 0.016 0.131006 0.0170691 0.0191622 0.170238 0.00865717 0.00185987 
0.774309 0.0483985 0.0294268 0.00441822 0.000893434 0.129831 0.009929 0.00272386 7.04835e-05 
0.0620086 0.905879 0.000403858 0.000624914 0.000321167 0.00844151 0.0222584 6.25141e-05 2.06932e-09 
0.682141 0.0903891 0.00501977 0.0326698 0.0359677 0.00595371 0.126545 0.0213139 5.69345e-07 
0.342459 0.410943 0.016937 0.0244687 0.023812 0.117528 0.0637602 9.25339e-05 2.35136e-07 
0.00563014 0.000320651 0.00106368 0.00434095 2.34649e-05 3.98745e-05 0.000447411 0.988134 1.83531e-07 
0.916121 0.0369867 0.00128545 1.36241e-05 0.000197282 0.0340252 0.0112388 0.00012762 3.98925e-06 
0.000356085 0.00327507 1.29693e-05 5.3702e-06 0.000175701 0.00159738 0.00181825 0.992759 4.60605e-12 
0.447122 0.0102938 0.00569012 0.0161826 0.462554 0.0163646 0.0412891 0.000474851 2.92376e-05 
0.215422 0.10825 0.0416695 0.161393 0.0412418 0.010221 0.409497 0.0119474 0.000359185 
0.415645 0.0184166 0.131244 0.129553 0.0564604 1.68563e-05 0.242767 0.00589684 5.04434e-07 
0.428247 0.203619 0.00642028 0.034033 0.00915239 0.000836429 0.317188 0.000376523 0.000127164 
0.00563014 0.000320651 0.00106368 0.00434095 2.34649e-05 3.98745e-05 0.000447411 0.988134 1.83531e-07 
0.241039 0.0174234 0.0069018 0.153799 0.00765945 0.00949804 0.421862 0.141777 4.083e-05 
0.710274 0.123685 0.0505524 0.0859442 0.00249565 0.000719601 0.026279 4.94981e-05 2.88327e-08 
0.636496 0.107814 0.026517 0.0270117 0.121486 0.00411262 0.0746832 0.0017191 0.000159618 
0.0571854 0.523977 0.0324786 0.00137147 0.00839671 0.0855522 0.104465 0.186574 2.99129e-10 
0.0761172 0.0015296 0.00844061 0.130768 0.000473799 0.778811 0.003685 0.000164271 1.04658e-05 
0.023807 0.0197326 0.000277894 0.000326097 0.689473 0.00651356 0.259669 0.000191956 8.74565e-06 
0.0390437 0.905763 0.000899217 0.0121234 0.0198281 0.00304558 0.0192601 3.11308e-05 5.87879e-06 
0.82884 0.037402 0.0180065 0.0255245 0.0100619 0.0468466 0.0300196 0.00276339 0.000535348 
0.0194918 0.776977 0.000757429 0.00571597 0.00248102 0.00385984 0.188797 0.00191535 4.0298e-06 
0.491158 0.0515455 0.287776 0.0963115 0.0174809 0.000962097 0.0539517 0.000813819 6.37837e-07 
0.00563014 0.000320651 0.00106368 0.00434095 2.34649e-05 3.98745e-05 0.000447411 0.988134 1.83531e-07 
0.192672 0.0695245 0.046254 0.0469613 0.00661447 0.0496388 0.469651 0.118425 0.000258608 
0.370383 0.079224 0.00376437 0.160706 0.0488189 0.00413587 0.332609 0.000353481 5.65928e-06 
0.239187 0.00808332 0.00337642 0.726855 0.0112859 0.000749706 0.0100755 0.000386894 8.88587e-12 
0.130288 0.258388 0.0192202 0.485725 0.100765 0.000732993 0.00482258 4.88936e-05 9.39528e-06 
0.618005 0.109797 0.153371 0.0545526 0.00788985 0.0223371 0.0275201 0.00421391 0.00231359 
0.956016 0.0272745 0.00254163 0.000984172 0.000695354 0.00415787 0.00814098 0.000121649 6.82256e-05 
0.416433 0.140638 0.00499234 0.232531 0.000790111 0.0065101 0.198077 2.62625e-05 1.47438e-06 
0.318878 0.264375 0.0026019 0.00639608 0.0114931 0.328344 0.0648544 0.00305673 2.42702e-07 
0.00563014 0.000320651 0.00106368 0.00434095 2.34649e-05 3.98745e-05 0.000447411 0.988134 1.83531e-07 
0.00563014 0.000320651 0.00106368 0.00434095 2.34649e-05 3.98745e-05 0.000447411 0.988134 1.83531e-07 
0.605925 0.0058969 0.0141367 0.173659 0.00576764 0.00097762 0.0497461 0.143891 2.05258e-07 
0.342162 0.266056 0.00082299 0.014248 0.001383 0.109673 0.265507 0.000147965 1.96743e-08 
0.182346 0.0318649 0.0273735 0.0149171 0.530116 0.0179398 0.195406 3.3877e-05 2.3151e-06 
0.289877 0.00634491 0.527408 0.172027 6.09294e-05 0.00017023 0.00396993 0.000141082 1.45732e-06 
0.261069 0.0611181 1.09322e-06 0.196874 0.0820808 0.00179789 0.397059 1.0552e-07 2.4246e-11 
0.953891 0.028389 0.00288436 0.000893247 0.000384474 0.00315244 0.0103041 6.51897e-05 3.66708e-05 
0.142056 0.0631325 0.00015532 0.0619169 0.0521884 0.00717512 0.673015 0.000360037 1.14255e-06 
0.172741 0.331704 0.0107634 0.0289369 0.00595048 0.392437 0.0528947 0.00442691 0.000146742 
0.103568 0.0371613 0.000179622 0.00530351 0.499938 0.00122439 0.352613 1.04201e-05 1.64946e-06 
0.309594 0.0353502 0.0280939 0.0248576 0.0331136 0.0296639 0.196952 0.342069 0.000305689 
0.413684 0.0552511 0.0121128 0.473211 0.00185613 0.000369576 0.00919702 0.0343184 1.23913e-08 
0.908432 0.05334 0.000952807 0.00104469 0.000131029 0.0111383 0.0249527 7.12022e-06 9.86177e-07 
0.00563014 0.000320651 0.00106368 0.00434095 2.34649e-05 3.98745e-05 0.000447411 0.988134 1.83531e-07 
0.247659 0.0113042 0.0770038 0.487832 0.0186174 0.0469093 0.102539 0.00811583 1.96295e-05 
0.670454 0.109095 0.0677633 0.0541956 0.00220057 0.002608 0.0934868 0.000164223 3.27415e-05 
0.835626 0.0225921 0.000664871 0.0152375 0.0107477 0.000529208 0.114543 4.50553e-05 1.47464e-05 
0.402836 0.0139861 0.0651936 0.439488 0.0151834 0.0417331 0.0147092 0.00685761 1.29735e-05 
0.0860941 0.00705927 0.0387619 0.769052 0.0722696 0.000487945 0.0257056 0.000376522 0.000192624 
0.818401 0.0341056 0.023179 0.0463915 0.00251707 0.00503671 0.0692687 0.001099 1.80604e-06 
0.00563014 0.000320651 0.00106368 0.00434095 2.34649e-05 3.98745e-05 0.000447411 0.988134 1.83531e-07 
0.00563014 0.000320651 0.00106368 0.00434095 2.34649e-05 3.98745e-05 0.000447411 0.988134 1.83531e-07 
0.216908 0.0296765 0.0432673 0.568722 0.01426 0.000809536 0.049701 0.0766555 7.8454e-07 
0.223158 0.000215484 0.0140678 0.635481 0.000836428 0.124242 0.00176394 0.000223141 1.13251e-05 
0.0261657 0.00612734 0.000256968 0.0054174 0.934297 0.0243163 0.00207247 0.00134738 6.77962e-13 
0.837882 0.01332 0.0044553 0.0865576 0.010835 0.0061969 0.0406301 0.000123494 3.21634e-08 
0.015083 0.0835307 0.0109372 0.0272385 0.000375802 0.00257763 0.859992 0.000265039 4.00867e-10 
0.0897923 0.0990654 0.0170321 0.0673932 0.127057 0.0195635 0.578424 0.00166408 8.68649e-06 
0.024111 0.00126014 0.000246163 0.0691825 0.0179839 0.00336107 0.201671 0.682184 1.09299e-07 
0.768179 0.0790236 0.0279412 0.0521274 0.0021256 0.00438968 0.0356785 0.0305354 4.73368e-08 
0.0668139 0.253799 0.0233276 0.00587391 0.00192513 0.617497 0.0287656 0.00194917 4.86095e-05 
0.729082 0.0706578 0.0364915 0.0793301 0.00802394 0.0407893 0.0311672 0.00356689 0.000891494 
0.00563014 0.000320651 0.00106368 0.00434095 2.34649e-05 3.98745e-05 0.000447411 0.988134 1.83531e-07 
0.285286 0.0718855 0.082121 0.0557019 0.391643 0.0212691 0.0918658 0.000224197 3.03049e-06 
0.465434 0.0931084 0.0279585 0.00424865 0.294739 0.0129965 0.0125653 0.0889492 3.79484e-08 
0.0607503 0.893513 0.00281818 0.000237659 0.00748225 0.00531539 0.0287969 0.00107668 9.63508e-06 
0.663482 0.152868 0.01885 0.0598337 0.00107089 0.0445979 0.0586633 0.00063334 1.85055e-07 
0.0577591 0.905611 0.000161929 0.000231672 0.00517747 0.0291987 0.00170298 0.000148126 8.94862e-06 
0.342017 0.309423 0.101707 0.0831064 0.00467619 0.121392 0.0376351 4.0615e-05 2.52617e-06 
0.538357 0.0164063 0.196147 0.202308 0.00641393 0.0361197 0.00417794 4.80655e-05 2.25882e-05 
0.266574 0.566771 0.00280961 0.0144917 0.00128859 0.0451781 0.0469305 0.0558744 8.16657e-05 
0.12216 0.432366 0.0131785 0.0362694 0.00450442 0.0543481 0.337173 8.43207e-07 3.60503e-11 
0.0849417 0.5935 0.0132516 0.0270027 0.014396 0.19143 0.0748328 0.000622554 2.24755e-05 
0.391286 0.0901088 0.0643526 0.174443 0.0211903 0.00494644 0.185738 0.0652763 0.00265902 
0.71473 0.0921941 0.00784327 0.000684978 0.00239097 0.138556 0.0424707 0.00111299 1.67124e-05 
0.666398 0.0209522 0.00449529 0.0226611 0.10497 0.126241 0.0516793 0.00259928 4.44404e-06 
0.839797 0.0685224 0.00679489 0.0233016 0.00414511 0.0114849 0.0381933 0.00480032 0.0029608 
0.12216 0.432366 0.0131785 0.0362694 0.00450442 0.0543481 0.337173 8.43207e-07 3.60503e-11 
0.193819 0.141247 0.0040614 0.0760312 0.00629327 5.69573e-05 0.574977 0.00348361 3.0653e-05 
0.0700069 0.165764 0.753948 1.10766e-05 2.11914e-05 0.00759079 0.00265833 2.76135e-07 3.6995e-10 
0.928891 0.0214992 0.00361361 0.0017005 0.00616211 0.0251504 0.0114394 0.00153305 1.05525e-05 
0.247115 0.0301371 0.00929943 0.500932 0.00506429 0.129056 0.0783263 6.97048e-05 2.16583e-07 
0.141791 0.413968 0.00229639 0.061618 0.00433592 0.275183 0.0980134 0.00279062 3.41641e-06 
0.381379 0.248631 0.0128596 0.0917958 0.0020449 0.132561 0.1292 0.00152785 4.08124e-08 
0.00453832 0.00330394 0.00662106 0.000321045 0.983482 0.00131971 0.000361244 5.1201e-05 1.90218e-06 
0.570401 0.147823 0.0513399 0.000342335 0.0191986 0.146808 0.0639797 8.75051e-05 2.06376e-05 
0.817189 0.055882 0.0202231 0.0562462 0.00404222 0.00507135 0.0411138 0.000227455 4.43472e-06 
0.0825174 0.133376 0.00923603 0.0471943 0.0896936 0.00731741 0.62972 0.000941514 3.9852e-06 
0.536165 0.261231 5.23348e-06 0.0215858 0.0024441 0.000607304 0.177952 8.25686e-06 8.91024e-07 
0.148863 0.0374796 0.0359166 0.346192 0.00552499 0.0110805 0.308521 0.105434 0.000988378 
0.322059 0.110447 0.000196253 0.0129303 0.0707985 0.00747338 0.475869 0.000147264 7.95923e-05 
0.41874 0.0142283 0.0197571 0.499417 0.00028972 0.010743 0.0111112 0.0257137 1.61463e-08 
0.0338853 0.00543547 0.00808198 0.0374486 0.901832 0.00872185 0.00407385 0.00048751 3.37105e-05 
0.127945 0.615204 0.022611 0.0390289 0.0243456 0.0767598 0.0906387 0.00302871 0.000437863 
0.285331 0.0440743 0.0400476 0.542893 0.0394894 0.00573807 0.0294143 0.00908952 0.00392291 
0.00671567 0.000321284 0.00088657 0.00487021 0.979422 0.00636197 0.000231105 0.00119136 2.16641e-09 
0.174788 0.0773681 0.0152559 0.0331284 0.300183 0.00833914 0.390465 0.000404665 6.85779e-05 
0.932984 0.0534497 0.00160995 0.00645289 0.00118293 7.08942e-05 0.00418232 6.68755e-05 7.12395e-09 
0.373519 0.275099 0.010933 0.152222 0.000295131 0.0268711 0.0340039 0.127057 1.23762e-10 
0.837577 0.0500019 0.0285978 0.0251677 0.00050672 0.0453369 0.0127232 8.82627e-05 2.2481e-07 
0.329753 0.0832836 0.00437733 0.00204408 0.0918083 0.0841968 0.404149 0.000387967 1.00017e-07 
0.709079 0.0132891 0.00464185 0.14482 0.00951331 0.0172413 0.0982488 0.00296881 0.000198274 
0.331978 0.00154249 0.111087 0.527754 0.000615079 0.0217391 0.00502831 0.000146992 0.000108277 
0.180435 0.00718007 0.0583177 0.303235 0.0214302 0.00173602 0.342714 0.0849503 1.13906e-06 
0.496301 0.0742763 0.0891443 0.334676 0.000418925 0.00174543 0.00302456 0.00024064 0.000172994 
0.5426 0.0528994 0.01737 0.313703 0.00626344 0.0331143 0.02639 0.00762473 3.49037e-05 
0.00744203 0.0361502 0.00199479 0.0228639 0.836464 0.000213266 0.0945068 0.000361158 4.17127e-06 
0.527147 0.0896572 0.0088757 0.0434979 0.0051871 0.0276082 0.290407 0.00761989 1.82038e-07 
0.0743468 0.0980771 0.000141467 0.000773301 0.494363 0.0194999 0.312228 0.000555307 1.44656e-05 
0.254835 0.582432 0.0238534 0.0444468 0.00642779 0.0486368 0.034613 0.00444142 0.00031315 
0.00169535 8.64042e-05 0.000168996 1.99997e-05 0.996881 0.000876137 2.88963e-06 0.000269483 1.1295e-12 
0.0501423 0.0149756 0.00266588 0.0141206 0.185828 0.00301934 0.0019697 0.727278 8.41616e-08 
0.426442 0.00410089 0.00819824 0.363262 0.00142772 0.00886357 0.16206 0.0256452 1.71325e-07 
0.120961 0.0671565 0.327578 0.299936 0.0287224 0.00864067 0.0991055 0.0466047 0.00129463 
0.342567 0.210621 0.0491522 0.107453 0.158126 0.0408632 0.0450157 0.0459704 0.000232649 
0.00563014 0.000320651 0.00106368 0.00434095 2.34649e-05 3.98745e-05 0.000447411 0.988134 1.83531e-07 
0.000111023 0.000111018 0.000111008 0.000111016 0.543973 0.000111008 0.45525 0.000110995 0.000110949 
0.361661 0.075412 0.0681169 0.38888 0.00503143 0.0302996 0.0698154 0.000748845 3.52944e-05 
0.752275 0.0127347 0.0224907 0.00821907 0.101277 0.0139845 0.047307 0.0406952 0.00101691 
0.188996 0.0229262 0.0049361 0.066595 0.0241518 8.94775e-05 0.579247 0.113005 5.26698e-05 
0.65289 0.0246054 0.0167864 0.198742 0.00979206 0.00180431 0.0702296 0.0249276 0.00022218 
0.0300986 0.115115 0.00563334 0.0887122 0.0997698 0.00040252 0.655023 0.00524593 8.90446e-09 
0.680416 0.011014 0.0133905 0.0826762 0.00523533 0.00124582 0.0739133 0.132105 3.39278e-06 
0.143884 0.0024452 0.192365 0.378978 0.000963333 0.000213908 0.122746 0.158405 3.08754e-08 
0.135257 0.0377833 0.00803382 0.699244 0.0247104 0.00447962 0.0899442 0.000536405 1.14779e-05 
0.234637 0.329952 0.156937 0.0932885 0.00327422 0.0724155 0.109389 9.46572e-05 1.21668e-05 
0.368134 0.0669168 0.0102471 0.0345679 0.362749 0.0162032 0.141167 1.30031e-05 1.92849e-06 
0.00563014 0.000320651 0.00106368 0.00434095 2.34649e-05 3.98745e-05 0.000447411 0.988134 1.83531e-07 
0.705909 0.119241 0.0191018 0.0594838 0.00616691 0.00222874 0.0878325 3.20565e-05 3.8349e-06 
0.00563014 0.000320651 0.00106368 0.00434095 2.34649e-05 3.98745e-05 0.000447411 0.988134 1.83531e-07 
0.0867069 0.089155 0.00522568 0.0499853 0.667475 0.0209735 0.078236 0.00175393 0.00048818 
0.00563014 0.000320651 0.00106368 0.00434095 2.34649e-05 3.98745e-05 0.000447411 0.988134 1.83531e-07 
0.119983 0.00294555 0.00014196 0.852753 0.0208467 0.000544525 0.00261979 0.000165735 1.88113e-08 
0.777289 0.0512867 0.0261493 0.0121531 0.0135304 0.0648663 0.053356 0.000777601 0.000591707 
0.00563014 0.000320651 0.00106368 0.00434095 2.34649e-05 3.98745e-05 0.000447411 0.988134 1.83531e-07 
0.00563014 0.000320651 0.00106368 0.00434095 2.34649e-05 3.98745e-05 0.000447411 0.988134 1.83531e-07 
0.179938 0.00203844 0.00303552 0.338897 0.00182173 1.56578e-05 0.398991 0.0752632 8.55525e-10 
0.00563014 0.000320651 0.00106368 0.00434095 2.34649e-05 3.98745e-05 0.000447411 0.988134 1.83531e-07 
0.16507 0.753393 0.00876438 0.0218568 0.00632575 0.0246711 0.0111503 0.00874854 1.98395e-05 
0.0790809 0.145412 0.0339186 0.0440975 0.588847 0.0900338 0.0181633 0.000444444 2.52763e-06 
0.00563014 0.000320651 0.00106368 0.00434095 2.34649e-05 3.98745e-05 0.000447411 0.988134 1.83531e-07 
0.244088 0.0307377 0.0702619 0.549585 0.00446537 0.00955162 0.0272202 0.0639419 0.000148739 
0.547906 0.0245 0.0400527 0.222186 0.00984368 0.0348917 0.0468564 0.0737403 2.34724e-05 
0.0521584 0.917914 0.000154322 0.000196081 0.00306054 0.0248175 0.00157289 0.000120964 5.60195e-06 
0.0701945 0.0458843 0.125201 0.751422 0.00205703 0.000347499 0.00485512 3.84475e-05 3.85881e-10 
0.642344 0.0243133 0.000314502 0.00225681 0.000204616 0.00221888 0.328337 1.08913e-05 2.40773e-09 
0.00563014 0.000320651 0.00106368 0.00434095 2.34649e-05 3.98745e-05 0.000447411 0.988134 1.83531e-07 
0.953891 0.028389 0.00288436 0.000893247 0.000384474 0.00315244 0.0103041 6.51897e-05 3.66708e-05 
0.270973 0.123429 0.0671046 0.475323 0.0140721 0.00177725 0.0418498 0.0052586 0.000212671 
0.00563014 0.000320651 0.00106368 0.00434095 2.34649e-05 3.98745e-05 0.000447411 0.988134 1.83531e-07 
0.534444 0.0178993 0.0241817 0.411625 0.000148373 0.000104319 0.0115392 5.53424e-05 2.95193e-06 
0.580954 0.132449 0.0247836 0.076951 0.00683386 0.0252575 0.150711 0.00163984 0.0004204 
0.897399 0.0200595 0.0223277 0.0348967 0.00136601 0.000717627 0.0195504 0.00368311 8.3305e-08 
0.00563014 0.000320651 0.00106368 0.00434095 2.34649e-05 3.98745e-05 0.000447411 0.988134 1.83531e-07 
0.0392794 0.939249 0.00102053 0.00269254 0.00157748 0.00652384 0.00959016 6.63587e-05 3.68251e-07 
0.00563014 0.000320651 0.00106368 0.00434095 2.34649e-05 3.98745e-05 0.000447411 0.988134 1.83531e-07 
0.0396051 0.0225226 0.000418516 0.0313063 0.00204606 0.0333933 0.489222 0.381486 1.18088e-11 
0.659836 0.0578077 0.0661096 0.125925 0.00876404 0.00324588 0.0724532 0.00436691 0.00149235 
0.873072 0.0697682 0.00186808 0.012028 0.0011569 0.0346489 0.00744246 1.50141e-05 4.32379e-07 
0.680292 0.132629 0.00275181 0.0585951 0.00584069 0.0029467 0.11629 0.000654834 2.98635e-08 
0.0407717 0.0100742 0.00013683 0.882018 0.0116121 0.000284819 0.0550724 2.88264e-05 7.3179e-07 
0.611216 0.0776604 0.00504239 0.0851745 0.0227361 0.105414 0.0913031 0.00143473 1.84334e-05 
0.00563014 0.000320651 0.00106368 0.00434095 2.34649e-05 3.98745e-05 0.000447411 0.988134 1.83531e-07 
0.302319 0.273455 0.0259468 0.239968 0.00694727 0.0122787 0.139066 1.98824e-05 5.70186e-08 
0.00563014 0.000320651 0.00106368 0.00434095 2.34649e-05 3.98745e-05 0.000447411 0.988134 1.83531e-07 
0.90423 0.0384796 0.0313876 0.00218242 0.00531021 0.00893946 0.00911801 0.000348062 4.14883e-06 
0.00563014 0.000320651 0.00106368 0.00434095 2.34649e-05 3.98745e-05 0.000447411 0.988134 1.83531e-07 
0.263163 0.0175391 0.247147 0.244402 0.000237742 0.00240395 0.00775987 0.217336 1.0327e-05 
0.397073 0.289695 0.0285104 0.0371336 0.000121579 0.0823519 0.16511 4.33301e-06 1.68853e-07 
0.478324 0.0674406 0.0299556 0.326938 0.00998052 0.0357969 0.0463059 0.00288545 0.00237266 
0.00563014 0.000320651 0.00106368 0.00434095 2.34649e-05 3.98745e-05 0.000447411 0.988134 1.83531e-07 
0.00563014 0.000320651 0.00106368 0.00434095 2.34649e-05 3.98745e-05 0.000447411 0.988134 1.83531e-07 
0.377638 0.019487 0.0244123 0.350292 0.00293188 0.0124423 0.0583523 0.154444 2.59166e-08 
0.979391 0.00643992 0.0038662 0.00038265 0.00107243 0.00578957 0.00294012 0.000117745 2.6606e-07 
0.00563014 0.000320651 0.00106368 0.00434095 2.34649e-05 3.98745e-05 0.000447411 0.988134 1.83531e-07 
0.147266 0.115147 0.00392124 0.00510576 0.00404101 0.00310952 0.721338 6.56416e-05 6.31403e-06 
0.45872 0.042538 0.0283437 0.450863 0.00875435 0.00122957 0.00934846 0.000202089 8.43568e-07 
0.0577682 0.0809532 0.0106266 0.000748102 0.0401423 0.000419049 0.809327 1.5576e-05 5.30666e-09 
0.892079 0.0974716 0.00090718 0.000370506 8.73853e-05 0.00467387 0.00438616 2.36867e-05 6.61054e-07 
0.953891 0.028389 0.00288436 0.000893247 0.000384474 0.00315244 0.0103041 6.51897e-05 3.66708e-05 
0.438356 0.16952 0.0147626 0.220698 0.0222737 0.0451572 0.0892265 5.80774e-06 2.96807e-09 
0.838444 0.00612067 0.00927958 0.0867287 0.00397895 0.0154031 0.0400117 2.99925e-05 3.30289e-06 
0.090912 0.152251 0.000279027 0.136067 0.115871 0.00149833 0.503086 1.8899e-05 1.58596e-05 
0.522238 0.0110054 0.00463588 0.314771 0.0824823 0.000978294 0.0626314 0.00124339 1.47549e-05 
0.68854 0.124752 0.0055989 0.062959 0.0238309 0.0215862 0.0661159 0.00661402 3.48526e-06 
0.483359 0.186873 0.228037 0.0450146 0.0334112 0.00784108 0.00608074 0.00938122 2.16447e-06 
0.0638993 0.00458768 0.107298 0.0692309 0.00136955 0.00269889 0.494506 0.256255 0.000155133 
0.395008 0.149649 0.25775 0.00175513 0.0304843 0.160499 0.00468235 0.000172171 1.2908e-07 
0.210841 0.24463 0.0320693 0.0863427 0.0539536 0.0208847 0.345056 0.00353019 0.00269191 
0.575685 0.0660335 0.0167534 0.242859 0.00812714 0.0136074 0.0716893 0.00297854 0.00226701 
0.688094 0.0194419 0.0112501 0.202474 0.00224869 0.0460116 0.0289578 0.00145881 6.32216e-05 
0.496622 0.0453493 0.174235 0.213426 0.00513567 0.00726157 0.0514715 0.00542925 0.00106941 
0.602692 0.0475555 0.066212 0.178863 0.0179625 0.0739348 0.0115797 0.00113277 6.79731e-05 
0.00563014 0.000320651 0.00106368 0.00434095 2.34649e-05 3.98745e-05 0.000447411 0.988134 1.83531e-07 
0.00563014 0.000320651 0.00106368 0.00434095 2.34649e-05 3.98745e-05 0.000447411 0.988134 1.83531e-07 
0.497787 0.202953 0.0147529 0.00864931 0.0132821 0.226589 0.0292069 0.00361554 0.00316373 
0.0266769 0.0282589 0.00189116 0.00786024 0.0051039 0.00202658 0.928165 1.7237e-05 9.91062e-09 
0.157999 0.0155879 0.0514597 0.315281 0.182043 0.004408 0.194453 0.078563 0.000205516 
0.078137 0.0515711 0.00250688 0.0473283 0.683833 0.0108864 0.119659 0.00601942 5.86624e-05 
0.13986 0.0157131 0.371396 0.470829 5.42246e-05 0.00121464 0.000922058 1.14428e-05 2.85751e-08 
0.143046 0.786538 0.0115046 0.043043 0.0112658 0.00289589 0.00169917 7.46544e-06 2.21595e-09 
0.543924 0.407556 0.00227848 0.0298639 0.000118825 0.000600168 0.0156586 1.96578e-07 1.60395e-10 
0.0180383 0.326665 0.0016131 0.00297353 0.370989 0.0404742 0.239164 7.96759e-05 3.18039e-06 
0.858837 0.00619675 0.0294974 0.0906507 0.0060024 2.01606e-05 0.00865142 0.000143625 2.17571e-07 
0.763856 0.0518771 0.0580847 0.0630739 0.00414635 0.0129972 0.0432287 0.00207279 0.000662928 
0.143046 0.786538 0.0115046 0.043043 0.0112658 0.00289589 0.00169917 7.46544e-06 2.21595e-09 
0.5096 0.00249005 0.350923 0.129936 5.02959e-06 0.000260345 0.00678549 1.30976e-07 1.18322e-09 
0.00563014 0.000320651 0.00106368 0.00434095 2.34649e-05 3.98745e-05 0.000447411 0.988134 1.83531e-07 
0.796765 0.0357231 0.000626243 0.123727 0.00129612 0.0331743 0.00862652 5.21113e-05 1.00002e-05 
0.0346926 0.0238703 0.00156694 0.0153811 0.00557004 0.0410873 0.31402 0.563688 0.000123555 
0.0970156 0.0152112 0.00144788 0.078333 0.756849 0.0373806 0.0117657 0.00198419 1.28537e-05 
0.0597427 0.915288 0.000913739 0.000938525 0.000357696 0.00552555 0.0171929 4.09392e-05 3.47058e-09 
0.796765 0.0357231 0.000626243 0.123727 0.00129612 0.0331743 0.00862652 5.21113e-05 1.00002e-05 
0.468496 0.0983958 0.0106596 0.038289 0.30315 0.0252961 0.0556154 9.20824e-05 6.13022e-06 
0.862201 0.00548219 0.0113427 0.0531799 0.00161351 0.000848827 0.00178084 0.0635476 3.0055e-06 
0.0346926 0.0238703 0.00156694 0.0153811 0.00557004 0.0410873 0.31402 0.563688 0.000123555 
0.00563014 0.000320651 0.00106368 0.00434095 2.34649e-05 3.98745e-05 0.000447411 0.988134 1.83531e-07 
0.043311 0.0121784 0.221842 0.0481241 0.27719 0.0509815 0.344892 0.00148063 4.71276e-08 
0.00453275 0.870763 0.000551417 0.0019141 0.000123576 0.0202615 0.101853 1.59252e-07 5.62039e-10 
0.211618 0.0278028 0.012122 0.0686148 0.0201972 0.021639 0.29334 0.344651 1.6039e-05 
0.00563014 0.000320651 0.00106368 0.00434095 2.34649e-05 3.98745e-05 0.000447411 0.988134 1.83531e-07 
0.26824 0.368963 0.246102 0.0383417 0.0309331 0.00132664 0.0385792 0.00745025 6.44528e-05 
0.254551 0.11094 0.0838831 0.0108562 0.00543105 0.000382615 0.528962 0.00494229 5.09927e-05 
0.00563014 0.000320651 0.00106368 0.00434095 2.34649e-05 3.98745e-05 0.000447411 0.988134 1.83531e-07 
0.830101 0.0281571 0.0273537 0.0238403 0.0025061 0.00405938 0.0834867 0.000448532 4.67733e-05 
0.00563014 0.000320651 0.00106368 0.00434095 2.34649e-05 3.98745e-05 0.000447411 0.988134 1.83531e-07 
0.61452 0.0531392 0.014425 0.0970565 0.0402004 0.03635 0.0284862 0.114125 0.00169794 
0.832547 0.0101565 0.069106 0.0408203 0.00383988 0.0131964 0.0299761 0.000342275 1.50039e-05 
0.110307 0.0275606 0.0178936 0.610824 0.0208417 0.0297493 0.109408 0.0734145 2.07162e-06 
0.000356085 0.00327507 1.29693e-05 5.3702e-06 0.000175701 0.00159738 0.00181825 0.992759 4.60605e-12 
0.654764 0.166147 0.000226835 0.100705 0.00812048 0.0164054 0.0536027 2.88433e-05 3.02506e-07 
0.0219443 0.778639 1.28793e-08 3.06487e-08 0.00753733 0.160453 0.0314149 1.16863e-05 5.75111e-09 
0.321637 0.158296 0.00723797 0.0660548 0.311252 0.00894419 0.126438 0.000110249 3.00857e-05 
0.00563014 0.000320651 0.00106368 0.00434095 2.34649e-05 3.98745e-05 0.000447411 0.988134 1.83531e-07 
0.184309 0.00208182 0.584437 0.212773 0.000642861 0.00753043 0.00820031 1.42732e-05 1.13762e-05 
0.101222 0.00200955 0.0111572 0.173972 0.000599486 0.705996 0.00483928 0.000197973 7.06209e-06 
0.0219443 0.778639 1.28793e-08 3.06487e-08 0.00753733 0.160453 0.0314149 1.16863e-05 5.75111e-09 
0.897383 0.000242507 0.00330277 0.0867336 0.000849558 0.00026685 0.0112184 3.13101e-06 1.30108e-07 
0.920299 0.0144184 0.00707798 0.00437812 0.00517478 0.00742176 0.0290475 0.012182 1.95309e-07 
0.138166 0.0409232 0.00365708 0.035025 0.0292665 0.0028418 0.490909 0.259212 2.81715e-08 
0.00563014 0.000320651 0.00106368 0.00434095 2.34649e-05 3.98745e-05 0.000447411 0.988134 1.83531e-07 
0.440444 0.0865222 0.0749566 0.140574 0.0217542 0.0103696 0.196995 0.0283827 1.69876e-06 
0.925859 0.00288958 0.0140797 0.00288743 0.0102217 0.00014671 0.0439051 5.49987e-06 5.23957e-06 
0.859197 0.039914 0.0258756 0.029123 0.0101763 0.00774082 0.0217015 0.00370884 0.00256288 
0.00563014 0.000320651 0.00106368 0.00434095 2.34649e-05 3.98745e-05 0.000447411 0.988134 1.83531e-07 
0.582503 0.120862 0.0346344 0.0643465 0.140302 0.00900473 0.0246129 0.0200571 0.00367845 
0.518119 0.0457566 0.271835 0.118697 0.0029114 0.0115281 0.0204863 0.0078794 0.00278722 
0.00563014 0.000320651 0.00106368 0.00434095 2.34649e-05 3.98745e-05 0.000447411 0.988134 1.83531e-07 
0.0266769 0.0282589 0.00189116 0.00786024 0.0051039 0.00202658 0.928165 1.7237e-05 9.91062e-09 
0.0365984 0.0838407 0.00214597 4.04979e-05 9.49371e-05 0.872335 0.00488832 5.5655e-05 7.09924e-08 
0.0633416 3.72146e-09 2.8463e-07 0.690912 0.00440878 3.21123e-08 0.232501 0.0088364 3.26006e-10 
0.00563014 0.000320651 0.00106368 0.00434095 2.34649e-05 3.98745e-05 0.000447411 0.988134 1.83531e-07 
0.66161 0.04159 0.0629107 0.162253 0.00966237 0.00815308 0.0288154 0.0226126 0.00239258 
0.289775 0.127911 0.0143962 0.0931844 0.0374541 0.083263 0.293423 0.0600807 0.00051199 
0.519316 0.0767558 0.00276695 0.152653 0.00220382 0.0589304 0.161163 0.0262093 1.13277e-06 
0.722414 0.0566239 0.0173841 0.0528588 0.00392525 0.0146034 0.0510795 0.080767 0.000344037 
0.00936407 0.013738 8.17011e-05 0.0117455 0.799574 0.00796265 0.156548 0.000985863 2.26746e-07 
0.000356085 0.00327507 1.29693e-05 5.3702e-06 0.000175701 0.00159738 0.00181825 0.992759 4.60605e-12 
0.990019 0.00281107 0.00106897 1.82646e-05 0.000389069 0.00460427 0.00102513 5.58183e-05 8.61717e-06 
0.404986 0.0682153 0.016438 0.449243 0.0119768 0.00669262 0.0110872 0.0299153 0.00144622 
0.61283 0.0423775 0.00870479 0.106354 0.196472 0.0209475 0.0105426 0.00167697 9.4226e-05 
0.023601 0.32468 0.00351293 0.109941 0.0156798 0.000115489 0.522285 0.000181889 2.67268e-06 
0.573301 0.00258281 0.0153419 0.399586 0.00236967 0.00247818 0.00409627 0.000235738 8.59159e-06 
0.180435 0.00718007 0.0583177 0.303235 0.0214302 0.00173602 0.342714 0.0849503 1.13906e-06 
0.015688 6.54737e-10 0.00530507 0.641874 0.000688716 1.03553e-05 0.0153553 0.321079 2.15576e-13 
0.887219 0.0554768 0.00192701 2.03649e-05 0.000295504 0.0510325 0.00396676 5.57111e-05 5.91048e-06 
0.00563014 0.000320651 0.00106368 0.00434095 2.34649e-05 3.98745e-05 0.000447411 0.988134 1.83531e-07 
0.752135 0.111045 0.0211021 0.0528795 0.00102353 0.0272611 0.0147227 0.0198167 1.4412e-05 
0.00563014 0.000320651 0.00106368 0.00434095 2.34649e-05 3.98745e-05 0.000447411 0.988134 1.83531e-07 
0.0104096 0.00524915 0.00354974 0.922362 0.0106002 2.34312e-05 0.0473127 0.000488307 4.72023e-06 
0.379183 0.0893332 0.0360291 0.371612 0.0110337 0.0218824 0.0601882 0.0304026 0.000336079 
0.00563014 0.000320651 0.00106368 0.00434095 2.34649e-05 3.98745e-05 0.000447411 0.988134 1.83531e-07 
0.807347 0.04973 0.0103876 0.0503586 0.00667243 0.042743 0.0284709 0.00271901 0.00157121 
0.0707946 0.0363097 0.000435775 0.0643619 0.649404 0.00024676 0.178219 0.000138288 9.02239e-05 
6.46367e-05 2.16767e-05 5.61365e-05 0.000100486 0.999127 0.000579085 3.32393e-05 1.33189e-05 4.34432e-06 
0.0674818 0.0231001 7.57052e-06 1.45034e-05 0.909348 1.85231e-07 4.54661e-05 2.34238e-06 4.71487e-09 
0.522808 0.0432655 0.0514858 0.267747 0.0490413 0.0331241 0.0241837 0.0080165 0.000328325 
0.00563014 0.000320651 0.00106368 0.00434095 2.34649e-05 3.98745e-05 0.000447411 0.988134 1.83531e-07 
0.00563014 0.000320651 0.00106368 0.00434095 2.34649e-05 3.98745e-05 0.000447411 0.988134 1.83531e-07 
0.179938 0.00203844 0.00303552 0.338897 0.00182173 1.56578e-05 0.398991 0.0752632 8.55525e-10 
0.344997 0.0245294 0.0280161 0.50727 0.0264855 0.0182965 0.0492137 0.00114667 4.46813e-05 
0.366078 0.1186 0.00471047 0.0234287 0.0644012 0.16834 0.253539 0.000547872 0.000354492 
0.181517 0.284361 0.0039048 0.265378 0.0109297 0.0141601 0.239521 0.000195543 3.34542e-05 
0.933899 0.00883224 0.00181086 0.0069661 0.0156529 0.000380175 0.0288954 0.00356365 1.71105e-09 
0.00563014 0.000320651 0.00106368 0.00434095 2.34649e-05 3.98745e-05 0.000447411 0.988134 1.83531e-07 
0.455507 0.0406102 0.2667 0.139614 0.0191016 0.0150768 0.0610147 0.00144997 0.00092518 
0.110566 0.0242968 0.598184 0.186575 0.00249457 0.00158405 0.0694305 0.00620991 0.000658859 
0.14478 0.0600707 0.0185106 0.639215 0.0256739 0.0105376 0.100818 0.000376595 1.75682e-05 
0.151078 0.0812737 0.0113792 0.0285356 0.0440933 0.512706 0.170596 0.00032423 1.42374e-05 
0.34921 0.165013 0.00121303 0.00174237 0.0145129 0.000769069 0.46689 0.000650183 3.33694e-10 
0.0346926 0.0238703 0.00156694 0.0153811 0.00557004 0.0410873 0.31402 0.563688 0.000123555 
0.00563014 0.000320651 0.00106368 0.00434095 2.34649e-05 3.98745e-05 0.000447411 0.988134 1.83531e-07 
0.0155508 0.0684298 0.00187403 0.110638 0.0111689 5.86746e-05 0.261362 0.530917 8.57543e-10 
0.828498 0.0113595 0.0105746 0.133273 0.000528595 0.00304911 0.0121773 0.000532196 8.10097e-06 
