0.239187 0.00808332 0.00337642 0.726855 0.0112859 0.000749706 0.0100755 0.000386894 8.88587e-12 
0.0987437 0.580834 0.0208525 0.0669107 0.0165377 0.0880484 0.128048 1.71412e-05 7.83685e-06 
0.0166637 0.970526 0.000437952 0.000209254 0.00382846 0.00724163 0.000896005 0.00017802 1.87822e-05 
0.758607 0.0147591 0.147478 0.0712108 0.000103716 0.00218055 0.00549963 0.000120685 4.06013e-05 
0.00563014 0.000320651 0.00106368 0.00434095 2.34649e-05 3.98745e-05 0.000447411 0.988134 1.83531e-07 
0.0521584 0.917914 0.000154322 0.000196081 0.00306054 0.0248175 0.00157289 0.000120964 5.60195e-06 
0.00563014 0.000320651 0.00106368 0.00434095 2.34649e-05 3.98745e-05 0.000447411 0.988134 1.83531e-07 
0.403252 0.0751415 0.0120604 0.23696 0.0126163 0.0181694 0.16369 0.0781052 5.76988e-06 
0.0268908 0.0875103 0.00215023 0.0614811 0.13946 0.0115482 0.667232 0.00289457 0.000832584 
0.409091 0.182705 6.14437e-05 0.0517127 0.280413 0.000358209 0.0749333 0.000716652 8.47514e-06 
0.748766 0.038715 0.0104959 0.101306 0.00516735 0.0189838 0.0337505 0.042117 0.000698465 
0.048138 0.0210177 0.0460664 0.0648089 0.22248 7.91849e-05 0.590567 0.0067762 6.67269e-05 
0.00563014 0.000320651 0.00106368 0.00434095 2.34649e-05 3.98745e-05 0.000447411 0.988134 1.83531e-07 
0.690763 0.113306 0.0046244 0.0616254 0.00451252 0.0573096 0.0678292 2.92561e-05 9.35911e-07 
0.172941 0.00883689 0.023203 0.224504 0.29316 0.00957547 0.125273 0.140617 0.0018896 
0.0396051 0.0225226 0.000418516 0.0313063 0.00204606 0.0333933 0.489222 0.381486 1.18088e-11 
0.462613 0.443104 0.00342033 0.0761991 0.000929101 0.00234012 0.0113726 2.1807e-05 5.96923e-08 
0.424319 0.176783 0.0351472 0.0380595 0.0110917 0.0656955 0.247169 0.00145309 0.000282698 
0.804384 0.053882 0.0111631 0.0176271 0.000749257 0.101269 0.0107957 0.000128925 2.24302e-07 
0.00563014 0.000320651 0.00106368 0.00434095 2.34649e-05 3.98745e-05 0.000447411 0.988134 1.83531e-07 
0.190403 0.0863334 0.0222379 0.26095 0.302038 0.000320383 0.0940943 0.0434309 0.000191918 
0.143046 0.786538 0.0115046 0.043043 0.0112658 0.00289589 0.00169917 7.46544e-06 2.21595e-09 
0.425077 0.0906182 0.0534924 0.264123 0.0213833 0.0478608 0.0906156 0.00682459 5.84919e-06 
0.00563014 0.000320651 0.00106368 0.00434095 2.34649e-05 3.98745e-05 0.000447411 0.988134 1.83531e-07 
0.587276 0.266986 0.0239774 0.0201397 0.0304932 0.0297659 0.0411707 0.000172267 1.94848e-05 
0.576459 0.147844 0.00497973 0.021376 0.00461223 0.0722099 0.172519 4.99869e-08 1.549e-08 
0.0410605 0.186616 0.0360166 0.0496627 0.000352576 0.000281414 0.685821 0.00018834 1.62252e-06 
0.0407717 0.0100742 0.00013683 0.882018 0.0116121 0.000284819 0.0550724 2.88264e-05 7.3179e-07 
0.00563014 0.000320651 0.00106368 0.00434095 2.34649e-05 3.98745e-05 0.000447411 0.988134 1.83531e-07 
0.0392794 0.939249 0.00102053 0.00269254 0.00157748 0.00652384 0.00959016 6.63587e-05 3.68251e-07 
0.0911802 0.124808 0.0561212 0.00575532 0.0101397 0.00390824 0.706286 0.00177042 3.13055e-05 
0.0934665 0.0343393 0.00464429 0.00392371 0.000587493 0.860929 0.00209127 1.81733e-05 3.71421e-07 
0.869645 0.0486652 0.00366405 0.000315716 0.00192438 0.071585 0.00414033 5.60049e-05 4.67527e-06 
0.0680788 0.0858878 0.0130418 0.0164786 0.456225 0.00313265 0.307045 0.0492462 0.000863514 
0.30676 0.142336 0.306574 0.184185 0.0149024 0.000351262 0.0235351 0.0213549 2.2334e-06 
0.0709243 0.683946 0.000364207 0.013105 0.00149934 0.0824791 0.14745 0.000227488 4.61752e-06 
0.00563014 0.000320651 0.00106368 0.00434095 2.34649e-05 3.98745e-05 0.000447411 0.988134 1.83531e-07 
0.00563014 0.000320651 0.00106368 0.00434095 2.34649e-05 3.98745e-05 0.000447411 0.988134 1.83531e-07 
0.00563014 0.000320651 0.00106368 0.00434095 2.34649e-05 3.98745e-05 0.000447411 0.988134 1.83531e-07 
0.00563014 0.000320651 0.00106368 0.00434095 2.34649e-05 3.98745e-05 0.000447411 0.988134 1.83531e-07 
0.0863546 0.305435 0.0345781 0.0292735 0.049163 0.192798 0.302397 2.1116e-07 5.11204e-08 
0.956016 0.0272745 0.00254163 0.000984172 0.000695354 0.00415787 0.00814098 0.000121649 6.82256e-05 
0.161625 0.0797408 0.0610463 0.236883 0.322515 0.00750383 0.00477707 0.125631 0.000277276 
0.825995 0.0524457 0.0075648 0.000684762 0.000137326 0.00015459 0.0176427 0.0953747 9.8004e-12 
0.0219443 0.778639 1.28793e-08 3.06487e-08 0.00753733 0.160453 0.0314149 1.16863e-05 5.75111e-09 
0.0200805 0.144656 0.00177968 0.00975188 0.788322 0.0079305 0.0247546 0.00233048 0.000394122 
0.106107 0.00650349 0.0831326 0.0385464 0.000971598 0.000974305 0.761709 0.00186447 0.000191557 
0.532037 0.0643289 0.00536303 0.31988 0.0340872 0.00123544 0.0425171 0.000550954 2.07205e-07 
0.309966 0.0445469 0.0171056 0.0914167 0.0942203 0.0287122 0.33591 0.0776868 0.000435663 
0.648359 0.0383353 0.0848727 0.205765 0.0002579 0.0127126 0.00969201 6.23117e-06 1.60132e-07 
0.752439 0.00475755 0.0277104 0.149064 0.00584166 0.0590217 0.000952693 0.00021303 1.89252e-07 
0.00563014 0.000320651 0.00106368 0.00434095 2.34649e-05 3.98745e-05 0.000447411 0.988134 1.83531e-07 
0.153611 0.297931 0.081387 0.0799165 0.0900093 0.00140136 0.276502 0.0192043 3.76846e-05 
0.702054 0.0443924 0.024687 0.167435 0.00957407 0.0150502 0.0318329 0.00343378 0.00154057 
0.365319 0.144468 0.141111 0.137779 0.00633495 0.0536656 0.149735 0.0015851 1.75854e-06 
0.0663733 0.888253 0.000709967 0.000226166 0.00535292 0.0247948 0.00384933 0.0104372 3.82923e-06 
0.132277 0.334969 0.0112067 0.0978328 0.005068 0.0155768 0.401987 0.00108275 4.76504e-09 
0.0346926 0.0238703 0.00156694 0.0153811 0.00557004 0.0410873 0.31402 0.563688 0.000123555 
0.00563014 0.000320651 0.00106368 0.00434095 2.34649e-05 3.98745e-05 0.000447411 0.988134 1.83531e-07 
0.00563014 0.000320651 0.00106368 0.00434095 2.34649e-05 3.98745e-05 0.000447411 0.988134 1.83531e-07 
0.850429 0.0382414 0.0035593 0.1077 2.89949e-05 2.06856e-07 3.32918e-05 7.72691e-06 1.40479e-09 
0.00563014 0.000320651 0.00106368 0.00434095 2.34649e-05 3.98745e-05 0.000447411 0.988134 1.83531e-07 
0.722424 0.0315755 0.0350099 0.16705 0.0163304 0.00138158 0.018475 0.00645537 0.00129826 
0.957092 0.000978542 0.00305704 0.0378857 3.36245e-08 3.76323e-07 0.000986196 1.99645e-08 2.08851e-09 
0.20531 0.0554975 0.021964 0.213807 0.147247 0.020497 0.173548 0.161991 0.000138311 
0.96309 0.013373 0.00170607 0.000345025 4.90583e-08 0.000221359 0.0196972 0.0015676 5.99362e-12 
0.101023 0.0640711 0.00190098 0.105387 0.604069 0.00161233 0.121672 0.000262915 1.7823e-06 
0.316998 0.1623 0.0147758 0.0530087 0.105756 0.00618945 0.329285 0.0113763 0.000311456 
0.492952 0.0336781 0.111799 0.299422 0.00809938 0.0108405 0.0354694 0.00606032 0.00167917 
0.130082 0.517834 0.0101299 0.0305501 0.0187768 0.115184 0.176901 0.000483434 5.91162e-05 
0.130128 0.0351757 0.000837441 0.28732 0.069235 0.0479826 0.422215 0.00658894 0.000517625 
0.385726 0.103048 1.01097e-05 1.4614e-05 6.57839e-05 2.23932e-06 0.511129 4.01393e-06 7.36989e-09 
0.00563014 0.000320651 0.00106368 0.00434095 2.34649e-05 3.98745e-05 0.000447411 0.988134 1.83531e-07 
0.342133 0.109234 0.0436113 0.476295 0.00550666 0.0212286 0.00195377 3.30469e-05 3.87118e-06 
0.134127 0.00665392 0.0369759 0.519917 0.00136199 0.00294645 0.257637 0.03999 0.000390976 
8.30842e-05 0.399949 1.78534e-09 3.40192e-08 0.000676219 0.570565 0.0287185 7.81494e-06 1.20581e-12 
0.704626 0.190129 0.0232936 0.0520647 0.00101859 0.00140828 0.027436 2.35057e-05 3.18342e-08 
0.556615 0.0314311 0.0098973 0.368076 0.00218026 0.0242378 0.00686903 0.000693078 5.25942e-09 
0.032306 0.807735 0.000427319 0.00483473 0.00679888 0.00357788 0.144121 0.000198186 1.5921e-07 
0.325459 0.0139666 0.0212993 0.352454 0.00971641 0.00492017 0.262651 0.00953335 3.0542e-07 
0.0307528 0.293114 0.0185117 0.000672718 0.00046343 0.643824 0.0126508 1.04615e-05 6.17126e-07 
0.304841 0.0167508 0.00932717 0.31491 0.0124248 0.011413 0.0681692 0.260514 0.00164986 
0.00478803 0.00259196 9.99992e-05 0.000937564 0.834248 7.42297e-05 0.157118 0.000100381 4.23051e-05 
0.00563014 0.000320651 0.00106368 0.00434095 2.34649e-05 3.98745e-05 0.000447411 0.988134 1.83531e-07 
0.00563014 0.000320651 0.00106368 0.00434095 2.34649e-05 3.98745e-05 0.000447411 0.988134 1.83531e-07 
0.000162197 0.00136215 1.32778e-08 0.000105242 0.0420785 0.956292 2.67045e-09 5.3047e-08 2.69129e-12 
0.680968 0.0569248 0.00198885 0.243858 0.00103247 0.00516291 0.0100462 1.93777e-05 6.30381e-08 
0.143046 0.786538 0.0115046 0.043043 0.0112658 0.00289589 0.00169917 7.46544e-06 2.21595e-09 
0.2802 0.146887 0.0110148 0.465501 0.0266155 0.0295688 0.0367506 0.00332949 0.00013326 
0.294343 0.00149693 0.0402715 0.333108 0.0177075 0.000576092 0.0388847 0.273612 4.39883e-08 
0.125011 0.421724 0.0168926 0.0209686 0.00833453 0.245156 0.157328 0.00445171 0.000133076 
0.00563014 0.000320651 0.00106368 0.00434095 2.34649e-05 3.98745e-05 0.000447411 0.988134 1.83531e-07 
0.495522 0.124786 0.0142014 0.0482797 0.028651 0.0402277 0.246565 0.0017388 2.81542e-05 
0.0981624 0.0233693 0.011249 0.0258966 0.0016587 0.0732603 0.125774 0.640562 6.67726e-05 
0.00563014 0.000320651 0.00106368 0.00434095 2.34649e-05 3.98745e-05 0.000447411 0.988134 1.83531e-07 
0.583393 0.0553165 0.138252 0.0282771 0.0287941 0.00771278 0.103538 0.0527755 0.00193977 
0.0338853 0.00543547 0.00808198 0.0374486 0.901832 0.00872185 0.00407385 0.00048751 3.37105e-05 
0.192427 0.0497378 0.0100549 0.332797 0.346798 0.00044175 0.0674703 0.000174313 9.86585e-05 
0.616777 0.0210261 0.00597368 0.103806 0.0973642 0.0155859 0.0401372 0.0943419 0.00498765 
0.683654 0.108604 0.0114542 0.164694 0.00211649 0.00974239 0.0197337 3.11212e-07 3.11083e-07 
0.263965 0.051658 0.0294296 0.576072 0.0164166 0.00034663 0.0341866 0.0279209 4.08133e-06 
0.0927967 0.0494013 0.00842132 0.156548 0.39701 0.000379244 0.295181 0.000204614 5.77523e-05 
0.464594 0.121183 0.00892447 0.00650756 0.108535 0.00283261 0.236991 0.0504034 2.90446e-05 
0.0407717 0.0100742 0.00013683 0.882018 0.0116121 0.000284819 0.0550724 2.88264e-05 7.3179e-07 
0.146942 0.332647 0.0140944 0.129253 0.0137812 0.304641 0.0585962 4.50087e-05 4.98932e-09 
0.111353 0.07153 0.0309645 0.039739 0.00378508 0.00876869 0.733243 0.000615706 8.52664e-07 
0.828498 0.0113595 0.0105746 0.133273 0.000528595 0.00304911 0.0121773 0.000532196 8.10097e-06 
0.724845 0.0534616 0.0139846 0.0314578 0.0299377 0.00148647 0.113605 0.0311973 2.3978e-05 
0.0266769 0.0282589 0.00189116 0.00786024 0.0051039 0.00202658 0.928165 1.7237e-05 9.91062e-09 
0.103503 0.217899 7.1011e-05 0.000387089 0.31101 0.024269 0.342575 0.000278295 7.59819e-06 
0.483225 0.0401387 0.00969632 0.245862 0.0382717 0.0174656 0.0196568 0.144524 0.00116032 
0.0168168 0.00150874 0.000154526 0.0578336 0.0165967 0.0030749 0.692409 0.211606 5.02807e-09 
0.588679 0.0181759 0.0357938 0.276361 0.009068 0.0146482 0.0470482 0.00941374 0.000811857 
0.1602 0.545699 0.0343969 0.021959 0.00951124 0.152833 0.074678 0.000556979 0.000165386 
0.949312 0.0248438 0.00989512 0.0115713 0.000266833 1.98012e-05 0.00318126 0.000910337 4.18449e-09 
0.594534 0.0246805 0.0835896 0.228601 0.0241757 0.0139215 0.0224388 0.00724221 0.000816765 
0.355072 0.176868 1.46764e-06 0.237042 0.00132215 0.0293542 0.200337 1.46747e-06 1.46686e-06 
0.00588049 0.0119009 0.0167581 0.00309561 0.856838 0.00258796 0.102467 0.000408786 6.35927e-05 
0.296815 0.0725046 0.00680972 0.0698069 0.0596355 0.000992434 0.305923 0.187096 0.000417101 
0.40605 0.0944324 0.0192707 0.0871039 0.0596504 0.147782 0.181893 0.00381695 2.05116e-07 
0.297776 0.0817262 0.00753958 0.00727288 0.0206059 0.00194742 0.582849 0.000279174 3.31503e-06 
0.197306 0.0639622 0.0761428 0.604496 0.00432384 0.000834387 0.0458995 0.00703403 1.38994e-06 
0.00563014 0.000320651 0.00106368 0.00434095 2.34649e-05 3.98745e-05 0.000447411 0.988134 1.83531e-07 
0.38388 0.0770229 0.0489077 0.461581 0.00358668 0.000159123 0.0248403 2.20308e-05 2.90557e-07 
0.180279 0.0158062 0.00112044 0.0331945 0.325667 0.000742208 0.43576 0.00743051 1.02122e-09 
0.275555 0.00930178 0.0928654 0.592485 0.000190934 0.00310912 0.00907822 0.0173999 1.4664e-05 
0.404165 0.21714 0.0254214 0.202274 0.00517472 0.112175 0.00424382 0.0294023 4.0039e-06 
0.00563014 0.000320651 0.00106368 0.00434095 2.34649e-05 3.98745e-05 0.000447411 0.988134 1.83531e-07 
0.566222 0.140931 0.173243 0.010202 0.00899097 0.0801638 0.0186547 0.00137418 0.00021881 
0.00563014 0.000320651 0.00106368 0.00434095 2.34649e-05 3.98745e-05 0.000447411 0.988134 1.83531e-07 
0.550256 0.0367754 0.0520345 0.220468 0.049231 0.0248371 0.0387812 0.0212626 0.00635357 
0.225636 0.326635 0.00342636 0.09686 0.0540512 0.0629985 0.195968 0.0323306 0.00209407 
0.393301 0.104926 0.0135218 0.0484566 0.285601 0.0222171 0.121412 0.00681186 0.00375216 
0.488345 0.0395331 0.0258437 0.0588017 0.223491 0.0118001 0.149896 0.0022452 4.4342e-05 
0.0612584 0.0507117 0.0558163 0.701949 0.00141763 0.000288742 0.00866787 0.119886 4.46275e-06 
0.11154 0.218586 0.212962 0.253354 0.00793917 0.0880348 0.106955 0.000628899 1.67247e-08 
0.887219 0.0554768 0.00192701 2.03649e-05 0.000295504 0.0510325 0.00396676 5.57111e-05 5.91048e-06 
0.0371505 0.659728 0.00204526 0.00371214 0.000131797 0.280252 0.0167755 0.000204718 5.16249e-07 
0.00563014 0.000320651 0.00106368 0.00434095 2.34649e-05 3.98745e-05 0.000447411 0.988134 1.83531e-07 
0.768031 0.028658 0.0497765 0.023403 0.00348716 0.0375508 0.0443845 0.042635 0.00207355 
0.037822 0.00253137 0.0142374 0.00876731 2.94323e-05 0.935494 0.00111598 1.72123e-06 8.0741e-07 
0.023391 0.109314 0.000271085 0.0297943 0.594315 0.0504273 0.19228 0.000207544 2.16828e-07 
0.364739 0.180004 0.00978147 0.0090403 0.0277826 0.0175865 0.391019 2.79384e-05 1.86671e-05 
0.825896 0.0756882 0.0174915 0.0147763 0.0045023 0.00715483 0.0544371 4.49567e-05 8.43591e-06 
0.799772 0.0481802 0.00363936 0.14768 0.000727771 5.69552e-07 3.31609e-07 3.02155e-08 3.16089e-09 
0.00563014 0.000320651 0.00106368 0.00434095 2.34649e-05 3.98745e-05 0.000447411 0.988134 1.83531e-07 
0.0510627 0.00409775 0.00284475 0.0114593 0.924928 0.0051629 3.3543e-08 0.000444331 1.98065e-12 
0.00671567 0.000321284 0.00088657 0.00487021 0.979422 0.00636197 0.000231105 0.00119136 2.16641e-09 
0.174567 0.00413215 0.0248184 0.714911 0.00300952 0.00413768 0.0473614 0.0270606 1.70563e-06 
0.180435 0.00718007 0.0583177 0.303235 0.0214302 0.00173602 0.342714 0.0849503 1.13906e-06 
0.944019 0.00347976 0.0328705 0.000308639 0.014072 1.09232e-07 0.00501996 0.000229743 6.05665e-11 
0.147373 0.0310836 0.0214873 0.522548 0.0126746 0.00364857 0.193038 0.0681459 1.04991e-06 
0.7053 0.0830932 0.002112 0.0416429 0.0518133 0.0512089 0.037783 0.0269126 0.000134209 
0.00563014 0.000320651 0.00106368 0.00434095 2.34649e-05 3.98745e-05 0.000447411 0.988134 1.83531e-07 
0.0642654 0.594477 0.0156566 0.00153617 0.000261346 0.0254227 0.298192 0.000188765 1.82875e-09 
0.0500942 0.0207941 0.0109814 0.0423816 0.835579 0.0120133 0.0245492 0.00279019 0.000816826 
0.933421 0.0294677 8.41013e-05 0.00466902 0.00475582 0.000235177 0.02735 1.73686e-05 1.41138e-09 
0.958508 0.015312 0.00011199 0.00205985 0.00436437 9.1464e-05 0.0195405 1.18513e-05 2.17438e-09 
0.340357 0.09133 0.0234039 0.0500918 0.0102629 0.00721427 0.464462 0.0122967 0.000581024 
0.00563014 0.000320651 0.00106368 0.00434095 2.34649e-05 3.98745e-05 0.000447411 0.988134 1.83531e-07 
0.584468 0.0110932 0.00874112 0.192062 0.0898477 0.0881586 0.0234265 0.00114887 0.00105333 
0.00563014 0.000320651 0.00106368 0.00434095 2.34649e-05 3.98745e-05 0.000447411 0.988134 1.83531e-07 
0.178299 0.60087 0.0406703 0.0425431 0.000534329 0.0355808 0.0583552 0.0431266 2.02435e-05 
0.272373 0.0133242 0.01138 0.522156 0.0507018 0.0675736 0.0342127 0.0277654 0.000513002 
0.0467489 0.0649706 0.00469909 0.0202519 0.0285593 0.0179799 0.81578 0.00100918 9.45882e-07 
0.85545 0.00972406 0.103372 0.00065909 0.00419305 0.0190252 0.00752545 3.66106e-05 1.4934e-05 
0.00563014 0.000320651 0.00106368 0.00434095 2.34649e-05 3.98745e-05 0.000447411 0.988134 1.83531e-07 
0.143046 0.786538 0.0115046 0.043043 0.0112658 0.00289589 0.00169917 7.46544e-06 2.21595e-09 
0.00563014 0.000320651 0.00106368 0.00434095 2.34649e-05 3.98745e-05 0.000447411 0.988134 1.83531e-07 
0.0747138 0.412434 0.0288441 0.0455472 0.253801 0.01823 0.160488 0.00419668 0.00174542 
0.855064 0.0112061 0.0110986 0.00647299 0.0065627 0.00877084 0.0240626 0.0767039 5.85277e-05 
0.00563014 0.000320651 0.00106368 0.00434095 2.34649e-05 3.98745e-05 0.000447411 0.988134 1.83531e-07 
0.0738964 0.0126411 0.00993645 0.0120065 0.860833 9.46669e-05 0.0305314 4.27995e-05 1.74993e-05 
0.869629 0.0786656 0.00919833 0.00874255 0.000990509 0.0152538 0.0116499 0.00586765 3.18854e-06 
0.168811 6.71294e-06 1.01142e-06 3.87023e-06 0.00101135 2.37978e-06 0.789571 0.0405928 5.46351e-08 
0.789068 0.072741 0.0580814 0.0360309 0.00131311 0.00796597 0.0342859 0.00043291 8.10044e-05 
0.2921 0.00420067 0.386584 0.283568 0.00323868 0.00897331 0.0184045 0.00270414 0.000226746 
0.0135234 0.00520425 4.99225e-08 4.25996e-06 0.00176651 0.00011713 0.979384 9.4361e-09 2.35963e-11 
0.00414518 0.7781 0.108349 1.42074e-05 0.0134846 0.0903272 0.00557898 1.50093e-06 2.149e-09 
9.25135e-05 7.58303e-05 1.87979e-07 4.49496e-06 8.11551e-05 4.65621e-05 0.00108487 0.998614 4.79466e-11 
0.236788 0.460063 1.88804e-06 0.0372149 0.00311935 0.0023589 0.260336 0.000118331 1.70847e-09 
0.0346926 0.0238703 0.00156694 0.0153811 0.00557004 0.0410873 0.31402 0.563688 0.000123555 
0.00563014 0.000320651 0.00106368 0.00434095 2.34649e-05 3.98745e-05 0.000447411 0.988134 1.83531e-07 
0.0795931 0.0424333 0.041686 0.46458 0.0295297 0.261924 0.0795647 0.000477638 0.000212168 
0.215089 0.00424311 0.0304528 0.735546 0.000670535 0.00179705 0.00851573 0.0035126 0.000173061 
0.0684666 0.798714 0.000504255 0.00211013 0.00365534 0.122582 0.00383293 0.000133334 1.2401e-06 
0.124384 0.024747 0.0149803 0.0744247 0.0194761 0.00708194 0.704853 0.0263482 0.00370401 
0.0161071 0.0400849 2.33289e-06 3.40809e-06 0.495338 1.84506e-07 0.448187 0.000276737 1.72547e-07 
0.761823 0.0327065 0.00203831 0.0862133 0.0126107 0.00316951 0.101407 2.04043e-05 1.17554e-05 
0.0544158 0.063485 0.00012276 0.00319063 0.0960061 0.0211097 0.761381 0.000215595 7.29659e-05 
0.0516152 0.613287 5.3585e-05 0.000561306 0.000750484 0.319433 0.0142992 2.08376e-09 1.43933e-09 
0.863966 0.00340666 0.00134248 0.124072 0.0019951 0.00111557 0.00407697 2.53984e-05 1.33124e-07 
0.0388068 0.90036 0.00289227 0.0416327 0.000561156 4.14778e-05 0.0156837 1.67449e-05 5.1952e-06 
0.374514 0.0663082 0.107477 0.0943689 0.03478 0.035723 0.280744 0.00307031 0.00301412 
0.328842 0.247917 0.066501 0.139374 0.00776984 0.00372491 0.205039 0.000828078 4.70089e-06 
0.258145 0.492324 0.0265823 0.0249227 0.00472891 0.120529 0.0709776 0.00178516 5.0982e-06 
0.600518 0.0442221 0.0420414 0.242524 0.00784777 0.0141024 0.036551 0.00895212 0.00324142 
0.00563014 0.000320651 0.00106368 0.00434095 2.34649e-05 3.98745e-05 0.000447411 0.988134 1.83531e-07 
0.438583 0.20912 0.0523877 0.111501 0.0128643 0.0229726 0.14954 0.0025609 0.000469956 
0.00213499 0.000583059 4.12722e-05 5.2804e-06 0.995846 0.00110003 1.48749e-05 0.000274316 7.15882e-13 
0.979391 0.00643992 0.0038662 0.00038265 0.00107243 0.00578957 0.00294012 0.000117745 2.6606e-07 
0.953891 0.028389 0.00288436 0.000893247 0.000384474 0.00315244 0.0103041 6.51897e-05 3.66708e-05 
0.0295479 0.000420563 0.00742192 0.888509 0.0104717 0.00803381 0.0424128 0.0131778 4.10735e-06 
0.00563014 0.000320651 0.00106368 0.00434095 2.34649e-05 3.98745e-05 0.000447411 0.988134 1.83531e-07 
0.409148 0.0730457 0.0959624 0.276314 0.0455359 0.00654738 0.0932723 0.000158224 1.61544e-05 
0.209275 0.110404 0.0146418 0.00593589 0.000486402 0.652301 0.00691853 3.67822e-05 1.42249e-06 
0.00563014 0.000320651 0.00106368 0.00434095 2.34649e-05 3.98745e-05 0.000447411 0.988134 1.83531e-07 
0.00563014 0.000320651 0.00106368 0.00434095 2.34649e-05 3.98745e-05 0.000447411 0.988134 1.83531e-07 
0.519837 0.00370597 0.00469427 0.00340075 0.0330124 0.0313321 0.402913 0.00110421 9.40182e-10 
0.16493 0.0762447 0.0277152 0.616105 0.00686161 0.000221414 0.106089 0.00182537 8.10477e-06 
0.373846 0.0725599 0.0728918 0.411145 0.00830578 0.0112535 0.0367572 0.0130653 0.000176242 
0.444867 0.181203 0.0181378 0.0684915 0.0260863 0.0786703 0.182308 0.000199649 3.66704e-05 
0.732678 0.12601 0.00600599 0.0632655 0.0166716 0.00432492 0.0249983 0.0259996 4.58541e-05 
0.00563014 0.000320651 0.00106368 0.00434095 2.34649e-05 3.98745e-05 0.000447411 0.988134 1.83531e-07 
0.120075 0.249244 0.00515862 0.00706923 0.0199233 0.143972 0.440415 0.0138979 0.0002452 
0.3437 0.611832 0.00489551 0.0016987 0.000953094 2.37816e-06 0.0359252 0.000993585 1.73059e-08 
0.0168168 0.00150874 0.000154526 0.0578336 0.0165967 0.0030749 0.692409 0.211606 5.02807e-09 
0.00563014 0.000320651 0.00106368 0.00434095 2.34649e-05 3.98745e-05 0.000447411 0.988134 1.83531e-07 
0.565022 0.0766126 0.0389903 0.227947 0.0183788 0.0178481 0.0443849 0.0105041 0.000312578 
0.0266769 0.0282589 0.00189116 0.00786024 0.0051039 0.00202658 0.928165 1.7237e-05 9.91062e-09 
0.057219 0.0109787 0.0110479 0.0435431 0.131945 0.00777693 0.0135054 0.723856 0.000127382 
0.688094 0.0194419 0.0112501 0.202474 0.00224869 0.0460116 0.0289578 0.00145881 6.32216e-05 
0.908495 0.0159336 0.00758903 0.00597656 0.00455577 0.0103257 0.0391211 0.00800346 2.9219e-07 
0.00470746 0.945618 0.0251748 0.000516482 7.29441e-05 0.0138251 0.0100137 7.09005e-05 5.82827e-07 
0.0437251 0.00963195 0.00531993 0.00660304 5.48203e-05 0.927391 0.00721456 5.91719e-05 2.73654e-07 
0.3391 0.113083 0.00545751 0.0615749 0.0137529 0.00276137 0.344994 0.118994 0.000281778 
0.899691 0.018862 0.0101862 0.00750575 0.00419256 0.0239466 0.0355361 6.81502e-05 1.20022e-05 
0.0346926 0.0238703 0.00156694 0.0153811 0.00557004 0.0410873 0.31402 0.563688 0.000123555 
0.00563014 0.000320651 0.00106368 0.00434095 2.34649e-05 3.98745e-05 0.000447411 0.988134 1.83531e-07 
0.311816 0.452525 0.0404491 0.00860481 0.00191784 0.098983 0.0855764 0.000128635 1.04926e-08 
0.573288 0.221207 0.000854321 0.0476919 0.0390153 0.0293568 0.0878099 0.00064782 0.000128617 
0.598331 0.0319807 0.00147872 0.0931811 0.0704697 0.0734501 0.0172162 0.113829 6.3462e-05 
0.407927 0.227552 0.0867453 0.158171 0.00295199 0.0430963 0.0694273 0.00412871 4.15606e-08 
0.889298 0.0405141 0.0106352 0.0170288 0.00608039 0.00947731 0.0246544 0.00230194 9.73351e-06 
0.953891 0.028389 0.00288436 0.000893247 0.000384474 0.00315244 0.0103041 6.51897e-05 3.66708e-05 
0.0346926 0.0238703 0.00156694 0.0153811 0.00557004 0.0410873 0.31402 0.563688 0.000123555 
0.641123 0.0860598 0.0267464 0.0316161 0.00340682 0.0411702 0.164579 0.00529303 5.77661e-06 
0.519052 0.307982 0.00996043 0.122811 0.00648598 0.000421064 0.0332545 3.25628e-05 1.00253e-10 
0.00563014 0.000320651 0.00106368 0.00434095 2.34649e-05 3.98745e-05 0.000447411 0.988134 1.83531e-07 
0.0310138 0.0329528 0.00557775 0.00937615 0.896142 0.0205146 0.00412193 0.000235337 6.60404e-05 
0.00563014 0.000320651 0.00106368 0.00434095 2.34649e-05 3.98745e-05 0.000447411 0.988134 1.83531e-07 
0.637062 0.0511307 0.00355994 0.0359779 0.0122692 0.00518082 0.238312 0.0164568 5.13356e-05 
0.150537 0.0149185 0.751005 0.0509179 0.00779019 0.00178235 0.00483318 0.0182122 3.05377e-06 
0.488177 0.376076 0.0124992 0.0986017 0.00728705 0.000520333 0.0166279 0.000200761 9.27045e-06 
0.791501 0.037124 0.0195298 0.0302659 0.00990287 0.0349565 0.0399927 0.0365051 0.000221928 
0.958851 0.00787818 0.000936829 0.0058728 0.00354906 0.000496362 0.0112429 0.0111706 1.96586e-06 
0.862201 0.00548219 0.0113427 0.0531799 0.00161351 0.000848827 0.00178084 0.0635476 3.0055e-06 
0.162134 0.0466306 0.0134339 0.290764 0.176302 0.0297901 0.279823 0.00102902 9.35132e-05 
0.00371989 0.0101274 4.47768e-05 0.000379826 0.985395 8.06135e-05 4.1966e-05 0.000210632 2.82861e-12 
0.0343246 0.0463343 0.00225903 0.117511 0.0136317 0.0064793 0.779456 3.94935e-06 2.34787e-08 
0.152824 0.153095 0.00302786 0.596367 0.00758786 0.000907178 0.0847046 0.000932094 0.000554501 
0.296811 0.0496178 0.0103311 0.546858 0.00117896 0.00683452 0.0864472 0.00192088 7.57922e-08 
0.00563014 0.000320651 0.00106368 0.00434095 2.34649e-05 3.98745e-05 0.000447411 0.988134 1.83531e-07 
0.0363445 0.0609763 0.0044955 0.0441709 0.77811 0.0104305 0.0635261 0.00193055 1.60805e-05 
0.00453832 0.00330394 0.00662106 0.000321045 0.983482 0.00131971 0.000361244 5.1201e-05 1.90218e-06 
0.70589 0.0824278 0.1059 0.0270316 0.0132752 0.0146901 0.0503276 0.000444474 1.29037e-05 
0.209028 0.00599205 0.00442994 0.0126099 0.606935 0.00315352 0.157679 0.000166502 6.1018e-06 
6.04674e-07 0.0443212 0.930525 6.04636e-07 0.0111839 0.0139667 6.046e-07 6.04522e-07 6.04272e-07 
0.00563014 0.000320651 0.00106368 0.00434095 2.34649e-05 3.98745e-05 0.000447411 0.988134 1.83531e-07 
0.0938891 0.121035 0.000970043 0.0757527 0.00971865 0.00123028 0.696691 0.000371695 0.000341006 
0.00563014 0.000320651 0.00106368 0.00434095 2.34649e-05 3.98745e-05 0.000447411 0.988134 1.83531e-07 
0.658121 0.160944 0.000458397 0.127273 0.00728285 0.0201098 0.0150508 0.0105809 0.000179341 
0.0838363 0.378113 0.00225206 0.0136168 0.00486549 0.168993 0.348211 6.4319e-05 4.77409e-05 
0.00563014 0.000320651 0.00106368 0.00434095 2.34649e-05 3.98745e-05 0.000447411 0.988134 1.83531e-07 
0.8992 0.0394064 0.00590005 0.00242396 0.000927299 0.049591 0.00252294 2.58063e-05 2.50075e-06 
0.144804 0.239195 0.0311488 0.0185283 0.018566 0.377997 0.168696 0.000578981 0.000486122 
0.00563014 0.000320651 0.00106368 0.00434095 2.34649e-05 3.98745e-05 0.000447411 0.988134 1.83531e-07 
0.00563014 0.000320651 0.00106368 0.00434095 2.34649e-05 3.98745e-05 0.000447411 0.988134 1.83531e-07 
0.0946676 0.836918 0.00206045 0.0481605 0.00179988 0.00105963 0.0151815 0.000151681 7.1553e-07 
0.619955 0.181968 0.0331301 0.0648611 0.00860076 0.00123894 0.0835436 0.00669664 6.55595e-06 
0.444769 0.083925 0.0254523 0.222239 0.00571074 0.0237804 0.0789716 0.111272 0.00388005 
0.277638 0.271646 0.00112732 2.16256e-05 0.000104201 0.0363789 0.413083 5.70119e-08 7.77746e-11 
0.388553 0.0486255 0.00888812 0.0342569 0.00593385 0.012072 0.500963 0.000372149 0.000335956 
0.816125 0.0320619 0.0600593 0.0274122 0.0002466 0.0581637 0.00586541 6.42556e-05 1.49744e-06 
0.512077 0.00101894 0.0060351 0.434606 0.000512461 0.00331219 0.00838233 0.0340527 3.12368e-06 
0.181797 0.0499264 0.00873858 0.00981924 0.0314928 0.00167813 0.714132 0.00234179 7.44288e-05 
0.217631 0.0526184 0.0333882 0.325635 0.00485603 0.00176479 0.158147 0.205959 3.43607e-08 
0.726349 0.0512558 0.00337923 0.00590373 0.0503139 0.0192492 0.142258 0.00118701 0.000104459 
0.778657 0.0562316 0.023125 0.011688 0.000483902 0.0329895 0.0675265 0.0291647 0.000133545 
0.00563014 0.000320651 0.00106368 0.00434095 2.34649e-05 3.98745e-05 0.000447411 0.988134 1.83531e-07 
0.0168168 0.00150874 0.000154526 0.0578336 0.0165967 0.0030749 0.692409 0.211606 5.02807e-09 
0.451618 0.0601495 0.139704 0.0276834 0.00126565 0.00912193 0.149676 0.16073 5.18858e-05 
0.211425 0.112222 0.446204 0.195197 0.0104794 0.00156184 0.0228339 6.16667e-05 1.59333e-05 
0.0346926 0.0238703 0.00156694 0.0153811 0.00557004 0.0410873 0.31402 0.563688 0.000123555 
0.00563014 0.000320651 0.00106368 0.00434095 2.34649e-05 3.98745e-05 0.000447411 0.988134 1.83531e-07 
0.216606 0.125068 0.00944111 0.571198 0.00502781 0.0151403 0.0455271 0.0112008 0.000790875 
0.914616 0.00641792 0.0634511 0.0111164 0.000710624 0.000300436 0.00323359 0.000154064 3.30541e-10 
0.143278 0.0368829 0.0602295 0.507971 0.0250282 0.0495625 0.17561 0.00142048 1.75883e-05 
0.00563014 0.000320651 0.00106368 0.00434095 2.34649e-05 3.98745e-05 0.000447411 0.988134 1.83531e-07 
0.00563014 0.000320651 0.00106368 0.00434095 2.34649e-05 3.98745e-05 0.000447411 0.988134 1.83531e-07 
0.947518 0.0401676 0.00333471 0.000277545 0.000131036 0.00535262 0.00320574 7.12136e-06 5.72242e-06 
9.88671e-05 0.751801 1.33137e-07 0.00131382 0.000336315 0.214781 0.0316672 1.40291e-06 7.25105e-09 
0.00563014 0.000320651 0.00106368 0.00434095 2.34649e-05 3.98745e-05 0.000447411 0.988134 1.83531e-07 
0.0263217 0.392741 0.000161475 0.00573331 0.00500911 0.521231 0.0484419 0.00034331 1.71301e-05 
0.22712 5.4371e-05 0.00056711 0.770313 0.000396745 0.000251087 0.00126327 3.41335e-05 1.58725e-09 
0.28314 0.247159 0.00105104 0.294864 0.0125175 0.006665 0.154482 0.000121488 1.34585e-09 
0.932928 0.0194433 0.00600002 0.00626209 0.00933314 0.00157632 0.0144952 0.00996215 4.78111e-09 
0.00563014 0.000320651 0.00106368 0.00434095 2.34649e-05 3.98745e-05 0.000447411 0.988134 1.83531e-07 
0.883637 0.0222307 0.0317927 0.018775 0.00381648 0.000961908 0.0181468 0.0206212 1.80783e-05 
0.947518 0.0401676 0.00333471 0.000277545 0.000131036 0.00535262 0.00320574 7.12136e-06 5.72242e-06 
0.892339 0.0161681 0.00577104 0.0211365 0.00405114 0.00492425 0.0509006 0.00470477 4.19351e-06 
0.0660081 0.000594109 0.109904 0.811922 0.000931882 0.0011515 0.00894053 0.000375689 0.000172068 
0.34725 0.166678 0.0076562 0.276038 0.0128835 0.000894271 0.188493 0.000106532 6.66826e-07 
0.956016 0.0272745 0.00254163 0.000984172 0.000695354 0.00415787 0.00814098 0.000121649 6.82256e-05 
0.794968 0.0882759 0.0065132 0.0052423 8.50943e-06 0.011151 0.0938122 2.86214e-05 1.10733e-08 
0.00671567 0.000321284 0.00088657 0.00487021 0.979422 0.00636197 0.000231105 0.00119136 2.16641e-09 
0.143046 0.786538 0.0115046 0.043043 0.0112658 0.00289589 0.00169917 7.46544e-06 2.21595e-09 
0.209236 0.604437 0.0310687 0.0488324 0.0184877 0.0123362 0.075381 0.000201937 1.90707e-05 
0.00563014 0.000320651 0.00106368 0.00434095 2.34649e-05 3.98745e-05 0.000447411 0.988134 1.83531e-07 
0.826579 0.00707235 0.060819 0.0782351 0.00184663 0.0216999 0.00368482 4.89681e-05 1.40815e-05 
0.735792 0.0483583 0.0590242 0.0876342 0.00573267 0.0258088 0.0281615 0.00836196 0.00112616 
0.956016 0.0272745 0.00254163 0.000984172 0.000695354 0.00415787 0.00814098 0.000121649 6.82256e-05 
0.00563014 0.000320651 0.00106368 0.00434095 2.34649e-05 3.98745e-05 0.000447411 0.988134 1.83531e-07 
0.421477 0.0340946 0.0305102 0.334314 0.018686 0.00959124 0.151133 0.000143801 5.04536e-05 
0.00453832 0.00330394 0.00662106 0.000321045 0.983482 0.00131971 0.000361244 5.1201e-05 1.90218e-06 
0.00563014 0.000320651 0.00106368 0.00434095 2.34649e-05 3.98745e-05 0.000447411 0.988134 1.83531e-07 
0.339662 0.0331326 0.000877989 0.456806 0.0295197 0.104825 0.033795 0.00113942 0.00024205 
0.00671567 0.000321284 0.00088657 0.00487021 0.979422 0.00636197 0.000231105 0.00119136 2.16641e-09 
0.73783 0.0580337 0.108615 0.0538222 0.00396519 0.0146053 0.0201417 0.00296729 2.0197e-05 
0.0790809 0.145412 0.0339186 0.0440975 0.588847 0.0900338 0.0181633 0.000444444 2.52763e-06 
0.1347 0.0766379 0.0583632 0.0739975 0.489689 0.1205 0.0455961 0.000480658 3.55976e-05 
0.956016 0.0272745 0.00254163 0.000984172 0.000695354 0.00415787 0.00814098 0.000121649 6.82256e-05 
0.337582 0.0308649 0.0232102 0.558256 0.00174762 0.0219052 0.0231886 0.00323099 1.50843e-05 
0.956016 0.0272745 0.00254163 0.000984172 0.000695354 0.00415787 0.00814098 0.000121649 6.82256e-05 
0.00563014 0.000320651 0.00106368 0.00434095 2.34649e-05 3.98745e-05 0.000447411 0.988134 1.83531e-07 
0.543278 0.0357352 0.0140653 0.115338 0.0221579 0.0045224 0.204645 0.0598971 0.000361315 
0.00563014 0.000320651 0.00106368 0.00434095 2.34649e-05 3.98745e-05 0.000447411 0.988134 1.83531e-07 
0.559783 0.0228686 0.00327124 0.0448267 0.00446848 0.334888 0.0298293 5.59252e-05 8.86312e-06 
0.978107 0.00739732 0.00412581 0.000237115 0.00121395 0.00679174 0.00206064 6.59679e-05 3.92112e-07 
0.17904 0.00922319 0.031601 0.321068 0.0561993 0.0479506 0.339055 0.0156063 0.000256804 
0.810525 0.0195631 0.000118126 0.00252359 0.000942401 0.0177255 0.148595 3.57646e-06 3.19022e-06 
0.679877 0.0762018 0.00425248 0.223782 0.0010319 0.00523988 0.00939001 0.000196977 2.82232e-05 
0.170517 0.0583714 0.0180081 0.184405 0.063321 0.0499261 0.161171 0.29428 2.59754e-09 
0.0760508 0.886712 0.00190753 0.0028299 0.00444301 0.0227338 0.00521518 9.89739e-05 8.88466e-06 
0.979391 0.00643992 0.0038662 0.00038265 0.00107243 0.00578957 0.00294012 0.000117745 2.6606e-07 
0.756636 0.104528 0.000322272 0.00148287 0.00735318 0.0170366 0.112641 8.15294e-09 5.62116e-09 
0.793197 0.0813223 0.00940593 0.0775312 0.00959282 0.00992214 0.0185656 0.000462728 6.76638e-07 
0.679704 0.00445724 0.0125274 0.273264 0.00408223 0.000820388 0.0238294 0.00131536 1.52709e-09 
0.481758 0.0879235 0.0146945 0.142513 0.0242777 0.0659967 0.166808 0.0157549 0.000274186 
0.143046 0.786538 0.0115046 0.043043 0.0112658 0.00289589 0.00169917 7.46544e-06 2.21595e-09 
0.323998 0.495699 0.0539676 0.0532836 8.63476e-07 0.0117011 0.0613495 3.6495e-08 4.95289e-11 
0.000188399 0.00018839 0.000188373 0.000188387 0.546391 0.000188373 0.45229 0.000188351 0.000188274 
0.0439749 0.420738 0.00583656 0.000200242 0.000165754 0.507552 0.0213296 0.000196145 7.04062e-06 
0.55845 0.0125001 0.0717788 0.333771 0.00475577 0.0110484 0.00721602 0.00028227 0.000197236 
0.719755 0.0718531 0.00972303 0.00342969 0.00780554 0.0041693 0.178781 0.00377108 0.000711666 
0.0670872 0.0110881 0.00180363 0.585365 0.00341392 9.78162e-05 0.238196 0.0928707 7.71551e-05 
0.561959 0.209138 0.111577 0.0180877 0.00192828 0.0414 0.0558064 8.66849e-05 1.76528e-05 
0.0577152 0.139957 0.233388 0.541085 0.0155613 0.000464129 0.0117813 4.78963e-05 1.92022e-07 
0.00453832 0.00330394 0.00662106 0.000321045 0.983482 0.00131971 0.000361244 5.1201e-05 1.90218e-06 
0.410389 0.15119 0.111764 0.069926 0.0753089 2.69954e-06 0.181414 2.69923e-06 2.69811e-06 
0.622536 0.154624 0.0226071 0.00987423 0.0179343 0.00885764 0.0768974 0.0866688 8.83544e-13 
0.181516 0.286039 0.000170076 0.0794193 0.0781529 0.318832 0.0557273 0.000143684 1.41071e-07 
0.0638993 0.00458768 0.107298 0.0692309 0.00136955 0.00269889 0.494506 0.256255 0.000155133 
0.512574 0.0573284 0.0190564 0.0756633 0.0147386 0.0422423 0.262656 0.015379 0.0003619 
0.0346926 0.0238703 0.00156694 0.0153811 0.00557004 0.0410873 0.31402 0.563688 0.000123555 
0.568667 0.207556 0.00224457 0.0829268 0.0697355 0.000333446 0.0664631 0.00201013 6.27643e-05 
0.00563014 0.000320651 0.00106368 0.00434095 2.34649e-05 3.98745e-05 0.000447411 0.988134 1.83531e-07 
0.0149151 0.142787 0.060584 0.000777375 0.000195722 3.30896e-06 0.00152199 0.779215 9.20253e-12 
0.00453832 0.00330394 0.00662106 0.000321045 0.983482 0.00131971 0.000361244 5.1201e-05 1.90218e-06 
0.688445 0.127907 0.00196509 0.01097 0.0305215 0.000457437 0.139439 0.000173479 0.000121124 
0.23153 0.0132628 0.0944553 0.608028 0.015497 0.00258815 0.0256253 0.00898298 3.06384e-05 
0.355894 0.0210446 0.0748318 0.278582 0.00713444 0.0497238 0.190083 0.0226946 1.20828e-05 
0.558205 0.0281232 0.0735753 0.274899 0.0163785 8.29043e-06 0.048807 3.40644e-06 1.12231e-07 
0.399703 0.0369346 0.0454128 0.129064 0.00351296 0.00487597 0.377994 0.00140788 0.00109476 
0.0676029 0.13412 0.163125 0.586955 0.0072251 0.00145781 0.0393165 0.000197182 1.97188e-07 
0.00563014 0.000320651 0.00106368 0.00434095 2.34649e-05 3.98745e-05 0.000447411 0.988134 1.83531e-07 
0.842868 0.0205641 0.0152457 0.114572 0.000199235 0.000691886 0.0057123 9.16414e-05 5.44183e-05 
0.797721 0.0581403 0.039585 0.0512414 0.0029622 0.0212112 0.0290289 7.72213e-05 3.31435e-05 
0.0680373 0.0121583 0.0728078 0.0495269 0.0218792 0.00360061 0.759897 0.00964087 0.00245162 
0.0493065 0.913357 0.0121323 0.00202324 0.00898917 0.00694071 0.00720019 5.06902e-05 3.92639e-07 
0.457096 0.171616 0.022461 0.052488 0.0098864 0.0739063 0.212536 9.94304e-06 2.25308e-08 
0.972769 0.010945 0.0015027 0.00841314 0.000136226 0.00107885 0.00515337 1.53423e-06 1.90628e-07 
0.143046 0.786538 0.0115046 0.043043 0.0112658 0.00289589 0.00169917 7.46544e-06 2.21595e-09 
0.693042 0.0413222 0.216555 0.0248988 0.0148844 0.000177931 0.00906508 3.4488e-05 2.00806e-05 
0.671665 0.0497964 0.0175638 0.218563 0.00746603 0.00837073 0.0238016 0.00215517 0.00061885 
0.00563014 0.000320651 0.00106368 0.00434095 2.34649e-05 3.98745e-05 0.000447411 0.988134 1.83531e-07 
0.0981482 0.322068 0.0373712 0.00731717 0.000159167 0.488014 0.0445955 0.00232404 2.41971e-06 
0.143046 0.786538 0.0115046 0.043043 0.0112658 0.00289589 0.00169917 7.46544e-06 2.21595e-09 
0.00671567 0.000321284 0.00088657 0.00487021 0.979422 0.00636197 0.000231105 0.00119136 2.16641e-09 
0.52158 0.244715 0.0296959 0.0820444 0.101419 0.000790988 0.0166216 0.00254139 0.000591641 
0.00563014 0.000320651 0.00106368 0.00434095 2.34649e-05 3.98745e-05 0.000447411 0.988134 1.83531e-07 
0.886885 0.0580047 0.00394968 0.0147824 0.00139279 0.00143098 0.033496 5.82664e-05 8.07515e-09 
0.00563014 0.000320651 0.00106368 0.00434095 2.34649e-05 3.98745e-05 0.000447411 0.988134 1.83531e-07 
0.471308 0.243152 0.0279067 0.130014 0.00615786 0.00945875 0.111847 0.000150069 4.93433e-06 
0.179938 0.00203844 0.00303552 0.338897 0.00182173 1.56578e-05 0.398991 0.0752632 8.55525e-10 
0.258964 0.382297 0.0360065 0.146216 0.042227 0.0876725 0.0466139 3.10776e-06 6.49413e-09 
0.00563014 0.000320651 0.00106368 0.00434095 2.34649e-05 3.98745e-05 0.000447411 0.988134 1.83531e-07 
0.00563014 0.000320651 0.00106368 0.00434095 2.34649e-05 3.98745e-05 0.000447411 0.988134 1.83531e-07 
0.0773174 0.146636 0.00603385 0.0715859 0.57994 0.00402147 0.114069 0.000372408 2.44979e-05 
0.907394 0.0318686 0.00949601 0.0168389 0.00776094 0.00109536 0.0255321 1.30147e-05 1.38889e-06 
0.0961614 0.184188 0.00476601 0.0096154 0.00230516 0.681603 0.0179729 0.0033395 4.79708e-05 
0.587452 0.0872323 0.00456027 0.0670386 0.00255726 0.0011172 0.193277 0.0567095 5.53605e-05 
0.231894 0.26076 0.000123143 0.0169429 0.000229029 0.331992 0.15806 1.36763e-08 9.33084e-12 
0.0820977 0.64475 0.000287592 0.00801014 0.0145866 0.152935 0.0967981 0.000534302 9.3524e-09 
0.0260338 0.00730014 0.000166777 0.000167279 0.00210883 0.959477 0.0045936 0.0001254 2.75483e-05 
0.206576 0.00135818 0.00456319 0.655793 0.027293 0.0516137 0.0515387 0.00126287 8.52643e-07 
0.770044 0.167599 0.00728455 0.0108035 0.0082233 0.0253562 0.00317498 0.00750189 1.24326e-05 
0.106107 0.00650349 0.0831326 0.0385464 0.000971598 0.000974305 0.761709 0.00186447 0.000191557 
0.399797 0.182396 0.0287999 0.0640071 0.0802073 0.00170018 0.243086 5.62594e-06 1.56697e-07 
0.0500857 0.242464 0.0142131 0.545638 0.126194 8.3872e-06 0.0213545 4.20995e-05 1.37741e-07 
0.000764035 0.000764 0.00076393 0.000763987 0.000763822 0.000763931 0.993889 0.000763843 0.000763527 
0.0597427 0.915288 0.000913739 0.000938525 0.000357696 0.00552555 0.0171929 4.09392e-05 3.47058e-09 
0.586445 0.00452502 0.00883983 0.386274 0.000567755 0.0108685 0.00247755 1.54032e-06 4.15761e-07 
0.14962 0.0157818 0.00230468 0.0249371 0.700434 0.0024291 0.0981529 0.00544946 0.000890386 
0.00563014 0.000320651 0.00106368 0.00434095 2.34649e-05 3.98745e-05 0.000447411 0.988134 1.83531e-07 
0.00912869 0.0039325 0.000839074 0.0030982 0.975603 0.000486754 0.00643554 0.000474864 1.19942e-06 
0.0464403 0.13377 0.00058945 0.0372936 0.388672 0.017054 0.37599 0.000131108 5.97194e-05 
0.025032 0.000473524 0.260108 0.61989 0.00208683 0.012662 0.0750223 0.00446502 0.000260304 
0.850569 0.0209803 0.0265619 0.000395145 0.000532086 0.0917738 0.00910215 4.77468e-05 3.78493e-05 
0.200185 0.522528 0.019298 0.025645 0.00797849 0.134146 0.0896253 0.000532153 6.19172e-05 
0.4807 0.105144 0.0618459 0.0670332 0.0448208 0.0241573 0.168007 0.0444282 0.0038637 
0.123626 0.202976 0.0331792 0.541121 0.0466653 0.00435932 0.0480067 6.13761e-05 4.60457e-06 
0.0168168 0.00150874 0.000154526 0.0578336 0.0165967 0.0030749 0.692409 0.211606 5.02807e-09 
0.585103 0.119979 0.0422312 0.153031 0.0129817 0.0341099 0.0524597 0.000100748 3.32683e-06 
0.00563014 0.000320651 0.00106368 0.00434095 2.34649e-05 3.98745e-05 0.000447411 0.988134 1.83531e-07 
0.00563014 0.000320651 0.00106368 0.00434095 2.34649e-05 3.98745e-05 0.000447411 0.988134 1.83531e-07 
0.505683 0.201656 0.0118063 0.0832448 0.000973509 0.102744 0.0825993 0.0112837 1.03624e-05 
0.00671567 0.000321284 0.00088657 0.00487021 0.979422 0.00636197 0.000231105 0.00119136 2.16641e-09 
