0.92317 0.00378806 2.65638e-08 6.6411e-09 0.0543555 0.00022539 0.000732383 6.44194e-06 0.000991721 0.00757945 4.64811e-05 0.000127874 0.00897085 5.35356e-06 
0.428015 0.0293424 0.00854921 0.000339571 0.0376196 0.00057726 0.00627323 0.00738741 0.0104909 0.417596 0.00317472 8.11879e-05 0.0504979 5.57246e-05 
0.875046 0.0123954 2.20478e-07 1.59898e-05 0.0193459 1.56532e-05 0.00255634 4.64186e-06 0.000650724 0.0881623 4.12623e-05 5.81391e-05 0.00170124 5.95162e-06 
0.338085 0.218076 0.0284691 5.74285e-05 0.0538137 0.00227733 0.104234 0.00081415 0.00771663 0.190499 0.015014 1.1087e-08 0.0409137 2.95647e-05 
0.341895 6.067e-05 0.000750543 1.59118e-05 0.046726 3.47097e-05 0.0385112 0.0309074 0.313363 0.0420824 0.0324127 5.73959e-05 0.153183 6.9704e-08 
0.923253 0.0118743 2.94718e-08 2.71517e-05 0.0130757 0.00130314 0.000653297 0.00185828 0.00109563 0.0246964 0.000350409 3.62881e-05 0.0217733 3.45883e-06 
0.511352 0.0104127 0.007784 8.35564e-06 0.0728873 0.00386785 0.00109271 0.0267897 0.0610868 0.196803 0.00376025 0.00031062 0.103842 3.02103e-06 
0.363472 0.00894237 0.00956003 2.0957e-06 0.0346082 0.000742218 0.0191273 0.00102451 0.0033789 0.335946 0.170008 3.3174e-05 0.0531531 2.08798e-06 
0.930521 0.00116941 7.85754e-08 1.96442e-08 0.0248417 5.98142e-05 0.00130909 7.8847e-09 0.000639656 0.0240406 2.82677e-05 0.000617912 0.0167728 3.56207e-09 
0.69732 0.00449844 0.000177925 4.15486e-09 0.00177418 0.0198002 0.0729378 0.0282912 0.0182958 0.0990574 0.00880258 3.52389e-05 0.0489454 6.42142e-05 
0.63321 0.000828972 0.00113561 0.0302695 0.276787 0.000253297 0.000514357 0.000446676 0.00283301 0.0259032 0.00247361 0.000413909 0.0247291 0.000202054 
0.809246 0.00780323 0.000134584 4.71157e-06 0.0277507 0.000430424 0.000241197 0.030034 0.00666952 0.102548 0.000204929 0.000347038 0.0145059 7.99816e-05 
0.47173 0.00118223 0.00435026 0.000157403 0.0181528 0.000627931 0.00937371 0.00786121 0.00739951 0.318168 0.0420873 2.21063e-06 0.118897 9.80107e-06 
0.838925 0.000696879 0.000146008 0.000411233 0.014091 0.000124854 0.0302548 9.09941e-06 0.00135367 0.0194426 0.00117022 0.0561415 0.0372311 2.0277e-06 
0.917609 0.0170264 0.000187133 1.80736e-05 0.00843786 0.000764939 0.000869828 0.00143806 0.00164379 0.0321743 0.00191275 1.94499e-05 0.0178968 1.85828e-06 
0.930521 0.00116941 7.85754e-08 1.96442e-08 0.0248417 5.98142e-05 0.00130909 7.8847e-09 0.000639656 0.0240406 2.82677e-05 0.000617912 0.0167728 3.56207e-09 
0.338883 0.0337711 0.00191624 0.0132673 0.190184 0.000242418 0.00392453 0.243055 0.017887 0.106615 0.00207039 0.00379388 0.044342 4.85258e-05 
0.367054 0.0380544 0.0927527 0.00182552 0.0841697 0.00251962 0.0208391 0.0151759 0.0150326 0.249386 0.0202141 0.000724314 0.0921967 5.58087e-05 
0.364016 0.00359647 0.000147089 3.99528e-05 0.246217 0.0383908 0.015852 0.000708248 0.0016923 0.00978283 0.0097998 0.000826742 0.289079 0.0198526 
0.605964 0.15456 0.00091128 8.56829e-06 0.00797401 2.80576e-05 0.0189415 0.0681608 0.000852308 0.082187 0.012258 2.2078e-05 0.0476905 0.000442239 
0.923253 0.0118743 2.94718e-08 2.71517e-05 0.0130757 0.00130314 0.000653297 0.00185828 0.00109563 0.0246964 0.000350409 3.62881e-05 0.0217733 3.45883e-06 
0.844876 0.0166936 1.45401e-07 8.32977e-09 0.1023 0.000372048 0.00318184 2.27801e-07 0.00504656 0.0271542 0.000337934 3.70443e-05 5.9627e-08 3.82067e-09 
0.556673 0.0137911 1.85272e-08 3.79345e-05 0.00115437 0.000130369 0.0105066 0.000883796 0.00697067 0.404641 3.30028e-08 8.45942e-13 0.00521169 1.75964e-12 
0.506891 0.0130223 3.6428e-13 1.05429e-05 1.89534e-09 0.000141568 0.0010551 8.18836e-05 0.144871 0.324003 0.000219902 7.46232e-05 0.00958904 3.98833e-05 
0.620647 0.0277751 4.62695e-10 1.36372e-05 0.088345 0.000686267 0.00726599 4.07635e-05 0.0730993 0.17733 4.40351e-05 0.000596419 0.000855067 0.0033014 
0.808315 0.00013564 0.000324925 7.17111e-08 0.00353835 0.00110248 8.59361e-05 0.00235693 0.0692877 0.0710373 0.00856921 8.44312e-07 0.0352445 1.08609e-06 
0.606795 0.00813576 1.18618e-06 8.46953e-05 0.0164655 0.00126782 0.0073657 0.00733255 0.00657334 0.324447 0.000681243 1.55129e-05 0.0207937 4.1126e-05 
0.42561 0.010343 0.044931 3.61685e-05 0.0728281 0.00216399 0.0693612 0.018377 0.027206 0.25423 0.0156181 0.0105565 0.0480578 0.000681697 
0.908344 0.0196942 6.4235e-06 1.55076e-09 0.0070573 3.29551e-06 0.01045 0.00333362 0.00687944 1.20428e-10 2.04056e-06 3.43528e-05 0.0441952 1.02174e-08 
0.700465 0.000142766 6.39093e-13 6.3902e-09 0.000828392 0.000161327 0.000425457 4.35711e-08 0.025122 0.259881 0.000531177 1.41277e-05 0.0124277 3.98591e-07 
0.803293 0.0772988 0.00389386 1.33008e-05 0.0116443 1.32033e-05 0.00896163 0.0101516 0.00969162 0.0663773 0.00118137 1.07934e-05 0.00737901 9.03046e-05 
0.24829 0.00336687 0.203179 2.41404e-05 0.069695 0.0274153 0.00267214 0.00416276 0.0155399 0.212322 0.112085 1.22049e-06 0.101245 1.36562e-06 
0.278372 0.0922153 0.000631258 7.90487e-05 0.112134 0.000356222 0.0416912 0.00897903 0.18235 0.153944 0.0302687 0.00064161 0.0974061 0.000931574 
0.569637 0.00285205 0.000564001 4.82888e-09 0.0129144 0.00414121 0.00972018 0.00189601 0.0377285 0.295059 0.00323416 3.50009e-05 0.0621595 5.9624e-05 
0.918045 0.00619146 2.25395e-08 1.96122e-08 0.0012151 0.00148918 0.000431689 0.00230181 0.000454282 0.0410554 0.000149208 4.87528e-06 0.0286618 6.37919e-07 
0.634 0.0230981 0.00737175 0.000449918 0.0399204 0.00957417 0.00638503 0.000582904 0.0332414 0.101687 0.0985196 0.00181089 0.0430463 0.000312378 
0.673663 0.0323816 0.002518 8.00373e-06 0.0274742 7.83586e-06 0.00513079 2.32378e-06 0.000845263 0.254784 0.000377224 0.000106101 0.00269851 2.98173e-06 
0.76209 0.0250708 2.58076e-05 1.23297e-05 0.000267994 0.0464239 0.00919972 0.0173145 0.0239538 0.0770283 0.00146185 0.000317073 0.0366318 0.000202131 
0.923253 0.0118743 2.94718e-08 2.71517e-05 0.0130757 0.00130314 0.000653297 0.00185828 0.00109563 0.0246964 0.000350409 3.62881e-05 0.0217733 3.45883e-06 
0.796547 0.0933482 0.000302459 6.82795e-06 0.00189768 1.13382e-05 0.0149264 0.00174538 0.00042614 0.0765471 0.000190327 1.20899e-05 0.0136162 0.000423175 
0.237583 0.0526471 0.0729297 0.00212766 0.220959 8.60757e-05 0.0170007 0.0241834 0.111864 0.224983 0.00442954 0.00468792 0.0250484 0.00147053 
0.555326 0.0589938 0.0795924 6.25321e-05 0.0320457 0.000369903 0.0113087 0.00240588 0.00766454 0.195878 0.00646759 0.000156686 0.0497197 8.53599e-06 
0.297225 0.219376 0.0096656 0.000861765 0.0873583 0.000124272 0.0152693 0.0041733 0.023271 0.27502 0.0128906 0.00045256 0.0448712 0.0094405 
0.820831 0.0747618 1.95718e-06 2.70836e-05 0.0228712 5.44836e-05 0.0054385 0.000997901 0.00346145 0.0663716 0.000284845 6.34165e-05 0.00452763 0.000306696 
0.605116 0.0190441 8.90348e-08 3.425e-05 0.00542426 0.000163131 0.0503886 0.000736536 0.0216727 0.294335 0.00118223 5.18973e-05 0.00122024 0.000631031 
0.917786 0.001156 0.000511118 1.36951e-05 0.00613316 0.00165903 0.000233749 0.00172917 0.000988643 0.0352452 0.00063906 1.01676e-05 0.0338899 5.45027e-06 
0.826683 0.0035412 5.3711e-05 2.52613e-05 0.00354174 0.00108938 0.000580877 0.0257323 0.0072081 0.0652129 0.00737769 1.80677e-05 0.0589271 8.94821e-06 
0.272886 0.0252426 0.0262283 0.00336639 0.142986 0.00133625 0.013871 0.00133044 0.161104 0.0820132 0.0228263 0.119811 0.0103967 0.116602 
0.767918 0.0395839 0.000578191 8.61886e-06 0.00543896 0.00246396 0.00478135 0.00109446 0.121936 0.0136691 0.000204787 0.000134684 0.0421134 7.49934e-05 
0.513312 0.095998 0.00897453 0.00137466 0.0172417 0.00435873 0.0242242 0.018315 0.0347386 0.153204 0.0140599 0.00045937 0.113182 0.000557194 
0.924765 0.0123173 2.26448e-05 1.99656e-05 0.0133548 5.67879e-05 0.00204833 0.00144654 0.00101656 0.0410834 0.000187247 7.75686e-05 0.00359932 4.46261e-06 
0.726615 0.0277838 0.000545535 8.51496e-05 0.0361273 0.0343394 0.00289409 0.0181048 0.0430042 0.0595722 0.00528165 0.000881628 0.0447159 4.93813e-05 
0.503367 0.000624144 3.3832e-13 9.94353e-08 0.000350632 1.17276e-06 5.14699e-05 1.65746e-06 0.0734996 0.245654 0.00476496 8.31506e-09 0.171639 4.60581e-05 
0.473786 0.0482694 0.0187725 0.00507019 0.0491666 0.00234075 0.0301341 0.0134015 0.013062 0.23797 0.0480944 0.00263135 0.0568652 0.000436146 
0.319309 0.0550987 0.0441026 2.79398e-08 0.00872836 0.049212 0.00279673 0.0138355 0.190132 0.209985 0.00530885 0.000614048 0.100783 9.52273e-05 
0.700028 0.00737489 0.00129289 0.000212884 0.0306668 0.00249059 0.0136486 0.000734051 0.0136336 0.111558 0.0120775 0.00707339 0.0992008 8.49839e-06 
0.923253 0.0118743 2.94718e-08 2.71517e-05 0.0130757 0.00130314 0.000653297 0.00185828 0.00109563 0.0246964 0.000350409 3.62881e-05 0.0217733 3.45883e-06 
0.420532 0.0351444 0.00462117 0.00599189 0.132215 0.00359318 0.0163217 0.0143088 0.0630201 0.217234 0.00854076 0.0138036 0.0633776 0.00129506 
0.700465 0.000142766 6.39093e-13 6.3902e-09 0.000828392 0.000161327 0.000425457 4.35711e-08 0.025122 0.259881 0.000531177 1.41277e-05 0.0124277 3.98591e-07 
0.400158 0.0380598 0.0049172 4.72315e-05 0.0156108 0.000174079 0.00173245 0.000117138 0.160979 0.330157 0.00647047 0.000129492 0.0402738 0.00117353 
0.381146 0.0280029 0.0198269 0.0114922 0.0294961 3.10572e-07 0.0147909 0.0181509 0.125623 0.0632869 0.0267566 0.000932578 0.280494 3.10642e-07 
0.564227 0.0291392 0.0379774 0.00200474 0.0639036 0.000874848 0.0269836 0.020402 0.00902913 0.18669 0.0161422 0.000110599 0.0421518 0.000363961 
0.457382 0.0205171 0.00114022 0.000472533 0.168666 8.86222e-05 0.0107066 0.0118781 0.119667 0.127342 0.00567091 0.00278249 0.0726569 0.00102951 
0.394433 0.0817979 0.000115217 2.35423e-07 0.010931 0.000122933 0.0143734 0.05386 0.019975 0.0419667 0.00250407 7.86081e-05 0.379842 3.14417e-08 
0.631124 0.0212213 0.000542566 9.71939e-06 0.00764448 0.000988349 0.00258515 0.00182696 0.0666172 0.233425 0.00701646 3.82642e-05 0.026958 2.90942e-06 
0.445567 0.00690122 0.0241029 0.000508412 0.269975 0.000731063 0.000697014 6.34182e-05 0.0244596 0.0638006 0.0732414 0.00106525 0.08807 0.000817409 
0.954442 0.0161258 0.00102751 2.97581e-08 0.000571247 6.47051e-08 6.82353e-07 8.0357e-08 0.00364632 0.0175709 0.00661442 4.11505e-12 5.29258e-07 8.55968e-12 
0.573949 0.155047 0.0126648 0.000151847 0.0187089 0.00261006 0.0130092 0.0532329 0.0074072 0.0833839 0.0247832 5.29439e-05 0.0509845 0.00401465 
0.601925 0.000924124 0.000151007 2.61137e-08 0.329273 0.00151755 0.00688412 3.47833e-05 0.0140668 0.00745038 0.00663363 0.000756777 0.0302082 0.000174813 
0.54428 0.0120971 0.00153894 3.87356e-09 0.0173973 1.48152e-05 0.00537607 0.000901309 0.0874901 0.268703 0.000464525 0.00110554 0.0606248 6.2538e-06 
0.433285 0.00770293 0.00155098 0.000488402 0.033701 0.00805889 0.00537698 0.031382 0.0244792 0.163826 0.170664 0.000414811 0.116231 0.00283847 
0.295439 0.0886382 0.00494278 0.000391651 0.088955 3.59803e-06 0.00541781 0.0942139 0.0505765 0.223482 0.00853216 0.000172262 0.132645 0.00658977 
0.730316 0.0552269 0.00549405 1.89776e-06 0.00802441 0.00868175 0.053782 2.43445e-05 0.00894364 0.0282378 0.0165476 0.00314566 0.081422 0.000152038 
0.527637 0.0097372 0.000167192 0.00465463 0.0341757 1.42435e-05 0.00136878 0.00652501 0.193894 0.0296406 0.11764 0.015449 0.0590593 3.75414e-05 
0.826701 0.00146103 8.32739e-08 4.20597e-12 0.00330504 5.07305e-05 0.00682528 4.95677e-09 0.00343148 0.156831 0.00115543 5.95338e-09 0.000238995 4.98501e-08 
0.482008 0.039684 0.0408125 0.000189497 0.0328572 6.91451e-05 0.0102132 0.296247 0.0170732 0.0371272 0.0223375 1.01281e-05 0.0213696 2.66443e-06 
0.259601 0.0723555 0.017549 3.41682e-06 0.0292608 7.41997e-07 0.188094 0.0272668 0.127973 0.119639 0.00337584 7.18371e-07 0.154844 3.63621e-05 
0.917609 0.0170264 0.000187133 1.80736e-05 0.00843786 0.000764939 0.000869828 0.00143806 0.00164379 0.0321743 0.00191275 1.94499e-05 0.0178968 1.85828e-06 
0.540453 0.0127487 0.080191 2.30095e-05 0.00574835 1.96339e-05 0.0628082 0.00831784 0.00999876 0.204631 0.025357 1.29432e-05 0.0484688 0.00122187 
0.827072 0.0102313 2.42008e-05 0.0001776 0.002443 0.0025646 0.00120301 0.00518683 0.00501032 0.100152 0.000255641 1.46403e-05 0.0456438 2.11088e-05 
0.529793 0.0516011 0.0103757 0.035747 0.0462242 0.000209187 0.0501785 0.00144273 0.00478237 0.243326 0.00912967 0.00995683 0.00713719 9.59428e-05 
0.377187 0.071519 1.30894e-05 0.00940091 0.0512109 3.27092e-05 0.0985071 0.183925 0.0401625 0.00190879 0.00680126 1.77561e-06 0.159318 1.23595e-05 
0.649264 0.00146742 0.000731644 0.000322885 0.0109567 0.00211542 0.00109168 0.00130296 0.00520952 0.297706 0.00121636 8.24643e-05 0.0285092 2.3846e-05 
0.745856 0.0407017 0.000189399 0.000132179 0.0412908 0.000208605 0.00254672 0.0458749 0.00488579 0.112659 0.000502019 0.000186452 0.0049048 6.1447e-05 
0.80149 0.0010292 7.14652e-06 1.65456e-06 0.00416743 0.000194391 0.000999969 2.70494e-05 0.0654381 0.119375 0.00100548 1.84271e-05 0.00619728 4.89863e-05 
0.494393 0.00864785 0.0201455 0.00048557 0.0195603 0.00025118 0.058522 0.0116532 0.0318811 0.0926176 0.104268 0.0151738 0.142106 0.000294585 
0.708962 0.0941065 0.00154168 0.00231367 0.11774 6.54867e-05 0.0132871 0.000149025 0.00239726 0.0422519 0.00149764 0.000300303 0.0152661 0.00012161 
0.610831 0.0280224 7.39883e-07 3.83975e-05 0.295592 6.38334e-05 0.0152596 3.90383e-05 0.0178089 0.0262785 0.000450658 1.05333e-06 0.00516615 0.000447734 
0.31993 0.134182 0.0043112 0.00455842 0.00741819 0.000154781 0.00401034 0.0227837 0.195622 0.0870616 0.0199109 0.000118021 0.199748 0.00019121 
0.799573 0.00526187 0.00194317 0.000261405 0.0420231 2.72807e-05 0.010646 0.00658431 0.00724287 0.0934298 0.0049576 4.93154e-05 0.0273481 0.000652126 
0.477408 0.00525169 1.04466e-08 8.2049e-09 0.000460467 0.060545 0.141059 0.0974241 0.0247011 0.0273688 0.0113723 6.87856e-05 0.154341 6.61724e-08 
0.359338 0.0090607 0.00481825 1.39704e-11 0.317031 0.000350054 4.33577e-05 0.00495739 0.0945911 0.196265 0.000131637 0.000377587 0.00938074 0.00365452 
0.778841 0.0103358 1.2892e-05 4.84847e-05 0.16035 0.000471895 0.00113542 0.0151892 0.00558737 0.019739 0.000427531 0.00053184 0.00711631 0.000213778 
0.579023 0.00443724 0.000373614 7.66952e-09 0.00124606 0.0363281 0.129505 0.058455 0.0280659 0.0529777 0.0146926 4.12933e-05 0.0948538 6.18221e-08 
0.581694 0.00148752 1.19325e-09 3.87971e-11 3.71299e-08 0.00161789 0.000785501 9.05679e-12 0.363209 0.048735 0.00214613 3.4939e-05 0.000123948 0.000165266 
0.600123 0.0552931 2.22602e-09 7.69181e-09 0.00137371 6.9725e-08 0.00387287 0.000109912 0.133121 0.196771 0.000190385 2.13086e-08 0.00914511 4.90898e-08 
0.654166 0.00868192 0.0351686 5.40262e-05 0.0478162 1.81256e-05 0.00438146 8.26557e-05 0.0327524 0.133964 0.00697512 0.000639995 0.0752958 4.3782e-06 
0.680507 0.0545074 0.00131879 8.1639e-05 0.0207618 0.000150067 0.0681669 0.0150005 0.0497256 0.0477424 0.00501546 0.0128588 0.0440891 7.42676e-05 
0.61503 0.0151897 3.5403e-06 5.52127e-06 0.126593 2.17297e-05 0.00629422 0.000268282 0.000566947 0.164651 0.000436327 0.0662201 0.0045244 0.000195545 
0.926387 0.000829409 0.00564709 2.74619e-05 0.0210248 0.000450273 0.0010277 0.00027963 0.000934108 0.0375787 0.00290404 1.34527e-05 0.00289175 4.86712e-06 
0.438394 0.103816 0.0178576 0.000742237 0.0736582 0.000494779 0.0142548 0.00191599 0.0322652 0.244333 0.0417971 0.000523485 0.0297277 0.000220325 
0.322646 0.039198 0.0401943 0.0005722 0.0504431 0.000198699 0.171625 0.00019259 0.01635 0.245959 0.00908514 4.23433e-08 0.103423 0.000113471 
0.931625 0.0059316 7.82093e-09 3.72927e-05 0.0385925 9.36348e-05 0.00159991 0.00142057 0.00151471 0.0183236 0.000303185 5.50913e-05 0.000502589 1.7308e-08 
0.623129 0.00317203 0.00168398 0.000108818 0.0427869 0.00150966 0.00638859 0.0176185 0.0264707 0.220524 0.00197426 3.6164e-05 0.0545641 3.30646e-05 
0.626075 0.0359515 0.000874166 2.3697e-06 0.0522057 3.22861e-05 0.0598224 0.00435608 0.0100519 0.198087 0.00126724 0.000151578 0.0107699 0.00035273 
0.345265 0.0325686 0.00245223 0.00478118 0.189127 0.00122574 0.00313165 0.0466786 0.0347851 0.21287 0.0133826 0.000153984 0.113291 0.000286659 
0.639363 0.137738 0.00709144 5.74751e-08 0.0209763 3.83152e-11 0.151266 2.72158e-07 0.000951084 0.0265488 0.00612758 1.38918e-11 0.00993648 2.88963e-11 
0.36361 0.0147717 0.0185576 0.000628197 0.0171776 0.000573166 0.0056291 0.0262518 0.0285612 0.292077 0.0230398 1.4618e-06 0.209086 3.48633e-05 
0.684562 0.000673966 6.14514e-13 0.000217455 0.0288828 0.059015 0.00180816 0.00543102 0.152353 4.29236e-07 0.00775016 0.00598113 0.0507688 0.00255594 
0.69878 0.0216265 0.00809516 0.000388084 0.0398149 0.000416509 0.00344582 0.0122003 0.0257811 0.138522 0.00412923 0.000183788 0.0465888 2.84367e-05 
0.59271 0.000624952 1.68165e-09 1.52213e-10 0.00360114 0.00271619 0.000881218 2.42454e-05 0.0113513 0.367469 0.000867117 5.59291e-06 0.0196321 0.000116893 
0.499319 0.0488808 0.00476249 7.52132e-06 0.0393576 0.0842558 0.00183234 0.00331663 0.0872637 0.142368 0.0322072 0.00119964 0.0538371 0.00139218 
0.343222 0.209406 0.018875 0.00208853 0.0220439 0.000612153 0.0236347 0.00719246 0.063868 0.228267 0.019864 1.83069e-05 0.0608064 0.000101996 
0.87666 0.00529622 2.72408e-07 1.50543e-07 0.00119649 0.00107429 0.000299805 0.00309026 0.00715682 0.0600477 2.98976e-05 9.23421e-07 0.0451465 2.62217e-07 
0.78374 0.00171788 0.00748496 3.38251e-05 0.0140405 7.42258e-05 0.00377088 0.000809961 0.000331594 0.150247 0.00298982 5.11772e-06 0.0347533 1.1876e-06 
0.463343 0.0145476 0.00143158 0.00242427 0.0688647 0.0417251 0.00275095 0.0334538 0.0272641 0.190324 0.00701142 0.000936844 0.0759536 0.0699691 
0.373229 0.188166 0.00474712 0.00124426 0.28723 0.000161608 0.0244389 0.000580398 0.0209069 0.0808708 0.00424274 0.00314324 0.0106025 0.000436466 
0.539884 0.0612358 0.00796062 0.00197392 0.0321976 3.0682e-05 0.013229 0.00162087 0.0351854 0.262059 0.0080846 6.12749e-05 0.0341925 0.00228507 
0.835063 0.0181358 3.19958e-05 5.31855e-05 0.0209013 0.000228852 0.00107708 0.0221992 0.00233584 0.0785306 0.00263578 2.68238e-05 0.0187492 3.08251e-05 
0.329009 0.0336003 0.000159027 0.0003494 0.05855 0.000457128 0.0397896 0.0372525 0.00989351 0.154569 0.010703 4.36782e-05 0.325599 2.5235e-05 
0.564623 0.00683187 0.0258408 0.00012134 0.0300732 0.0011413 0.00959628 0.0158644 0.0824066 0.15408 0.0264138 7.30574e-05 0.0817868 0.00114715 
0.615367 0.0129881 0.00620298 0.00117547 0.309355 8.44189e-05 0.00327656 0.00719936 0.000113899 0.0173672 0.000322656 0.000617207 0.0259275 2.80076e-06 
0.714083 0.00237397 0.000280135 1.08472e-07 0.0751743 0.00562204 0.00102628 0.000640243 0.0251585 0.0679941 0.00242481 0.000555039 0.104663 4.56465e-06 
0.331045 0.00448527 0.124263 3.16937e-05 0.0929173 0.0225373 0.00355949 0.00554632 0.0207143 0.183337 0.149434 1.5658e-06 0.062127 1.606e-06 
0.44201 0.0354528 2.19254e-05 0.000692946 0.00690808 0.000226792 0.000171458 0.000674477 0.228883 0.211844 0.00811295 0.000512778 0.0542072 0.0102821 
0.289372 0.113935 0.0079654 0.00234303 0.151743 7.32177e-05 0.00259252 0.0327113 0.0143093 0.260844 0.0506611 0.00138536 0.071762 0.000302409 
0.386175 0.0343183 0.000346584 0.000610186 0.0528981 3.05674e-05 0.115498 0.0419279 0.0259367 0.250551 0.0213004 3.03901e-05 0.0699632 0.000414439 
0.746361 0.0480225 0.00355982 1.01537e-05 0.00230787 0.000294389 0.000785532 0.000309738 0.0256896 0.141052 0.00122543 1.44514e-05 0.0303529 1.46175e-05 
0.879611 0.00683445 1.48633e-08 1.13464e-06 0.000139514 0.000185484 0.00044157 0.000490981 0.0455046 0.0514707 0.00154279 1.67774e-05 0.0137562 4.47754e-06 
0.328309 0.0180947 0.227444 3.68672e-05 0.0747863 0.000234763 0.107495 8.02077e-05 0.00200626 0.168038 0.0294646 9.33526e-05 0.0439164 6.58085e-09 
0.591623 0.00307995 0.00179283 0.0040822 0.0268764 0.00122449 0.0494216 0.0194122 0.0315463 0.07731 0.0174806 0.0253825 0.150764 3.24073e-06 
0.508975 0.0596202 0.00344048 0.00056803 0.0240696 0.000522511 0.011395 0.0508929 0.00554051 0.159912 0.0648098 1.41873e-05 0.110232 8.06585e-06 
0.954442 0.0161258 0.00102751 2.97581e-08 0.000571247 6.47051e-08 6.82353e-07 8.0357e-08 0.00364632 0.0175709 0.00661442 4.11505e-12 5.29258e-07 8.55968e-12 
0.258096 0.16128 0.0903009 0.000361524 0.134456 6.66905e-05 0.0116054 0.00330692 0.0370414 0.222544 0.0349043 0.00106582 0.0400354 0.00493546 
0.433494 0.0173564 0.0121834 0.0157307 0.0958127 0.000570766 0.0122419 0.000412758 0.0403676 0.306627 0.00996958 8.88048e-06 0.0550039 0.000220935 
0.479503 0.0306632 0.000654718 4.00565e-05 0.0184097 5.65209e-05 0.00266997 0.021362 0.0433476 0.260446 0.0146674 2.76692e-05 0.12811 4.23724e-05 
0.39039 0.0599136 0.0454027 0.00381501 0.0830542 2.03339e-06 0.00801687 0.0129774 0.00370829 0.192532 0.00709034 6.52128e-05 0.193029 2.78617e-06 
0.573346 0.0926692 0.0334981 8.03208e-05 0.0433774 0.000448406 0.0117503 0.020083 0.0215051 0.0966875 0.0129918 0.00102834 0.0924988 3.54309e-05 
0.904695 0.0020004 3.68513e-09 3.76749e-05 0.00203379 0.00163283 0.000870362 0.0385953 0.000509181 0.00932809 0.000378605 2.69943e-05 0.0398885 3.0726e-06 
0.613417 0.00948593 0.0362571 0.0282668 0.00824625 0.00258374 0.00561036 0.0296592 0.0515111 0.0374077 0.0269558 4.95769e-05 0.150362 0.000188118 
0.750232 0.0128749 0.00147446 0.000476527 0.0117394 0.00142059 0.00852662 0.015819 0.00818155 0.1214 0.0114464 0.00478018 0.051597 3.16226e-05 
0.580271 0.0416757 0.00474666 0.00220619 0.0531098 0.00250384 0.0146137 0.0103321 0.0351879 0.171067 0.0286017 0.000542099 0.0545791 0.000564005 
0.799573 0.00526187 0.00194317 0.000261405 0.0420231 2.72807e-05 0.010646 0.00658431 0.00724287 0.0934298 0.0049576 4.93154e-05 0.0273481 0.000652126 
0.577532 0.0227421 0.000484769 0.000964571 0.199292 0.00136234 0.00831689 0.0139277 0.0459639 0.0507087 0.00647255 0.0110003 0.0610976 0.000134479 
0.580896 0.0214419 0.00225462 0.000598736 0.127427 3.44773e-05 0.0196081 0.00780055 0.0084072 0.0938618 0.00736248 0.00104901 0.0219529 0.107305 
0.381741 0.0181805 0.000281159 0.00181101 0.184542 0.000185009 0.0491342 0.0639516 0.00102396 0.184223 0.033076 2.7069e-05 0.0817909 3.23979e-05 
0.528736 0.0083909 0.0238071 0.00275923 0.05403 2.34363e-05 0.0191742 0.00767519 0.00363499 0.175956 0.148346 3.22587e-05 0.027401 3.2581e-05 
0.681279 0.0642608 0.0113675 0.00543645 0.0339048 0.000489695 0.0265419 0.00667001 0.0559874 0.0584335 0.00987644 0.00131627 0.0444325 3.67823e-06 
0.584615 0.020512 0.000250965 6.04858e-05 0.0108814 0.00350868 0.0355425 0.0085347 0.0367834 0.251508 0.00658501 5.84387e-05 0.041066 9.34279e-05 
0.697181 0.0133648 0.00146367 0.00281959 0.0705612 0.0050284 0.0151696 0.0127878 0.0158942 0.0619822 0.0335082 0.00894007 0.0612869 1.21063e-05 
0.542841 0.00641309 0.0100618 2.48996e-05 0.220329 5.4645e-06 0.0290441 0.00243483 0.0163033 0.0725661 0.00858329 0.000588371 0.0907876 1.64747e-05 
0.267392 0.224411 0.00648145 0.000433793 0.135056 0.00689965 0.0198174 0.0244235 0.0449751 0.107794 0.02143 0.000377106 0.139881 0.000627692 
0.580236 0.0214732 9.91062e-05 0.0111628 0.238608 0.00169456 0.00601674 0.0130505 0.00704638 0.103937 0.00031467 0.00302803 0.011817 0.00151596 
0.488248 0.00404478 0.000224423 0.00229812 0.481391 2.87716e-05 0.000689402 0.00322101 0.00013981 0.00211928 0.000715086 0.00129207 0.0155039 8.48235e-05 
0.799573 0.00526187 0.00194317 0.000261405 0.0420231 2.72807e-05 0.010646 0.00658431 0.00724287 0.0934298 0.0049576 4.93154e-05 0.0273481 0.000652126 
0.534684 0.00504083 0.00169719 0.000207072 0.00787661 0.000492152 0.0223316 0.00812003 0.0118712 0.244392 0.0471767 0.00181843 0.114213 7.93634e-05 
0.647135 0.0322389 0.0213311 0.0179684 0.0827437 0.00377201 0.00240128 0.0310306 0.0180256 0.124677 0.00153259 0.00228035 0.0148618 1.60769e-06 
0.201199 0.0724561 0.00435259 0.00366642 0.193555 0.0014868 0.0044152 0.144981 0.0950554 0.157075 0.00797611 0.00186182 0.0633267 0.0485928 
0.313048 0.026074 0.178382 0.0107827 0.13534 0.000234019 0.0128407 0.00406429 0.0100018 0.289294 0.00493739 0.000331478 0.0142053 0.000464029 
0.331984 0.0514905 0.0126653 0.000387742 0.0401322 0.000999781 0.203772 0.0181433 0.0498306 0.167444 0.0291613 0.000248756 0.0929216 0.000818434 
0.928648 0.00514806 1.62995e-07 5.06761e-07 0.0419178 4.77098e-05 0.00101083 0.0120382 0.000911855 0.00707598 0.000113481 3.32875e-05 0.00241673 0.000637713 
0.49985 0.00245829 0.00124394 0.000510079 0.00281866 0.0176789 0.135481 0.0278432 0.0948263 0.140818 0.0194766 0.000249108 0.0567455 1.79887e-07 
0.202571 0.0599691 0.00207107 0.00602233 0.141415 1.99957e-05 0.00807743 0.184579 0.127824 0.117739 0.0104121 0.0134561 0.125834 1.17808e-05 
0.557821 0.314409 5.30529e-08 2.47255e-05 0.0094846 0.000230472 0.00822208 0.00765475 0.00469099 0.0923039 0.000105449 4.39515e-05 0.00482661 0.000182753 
0.619204 0.0673115 0.00798232 5.2784e-06 0.0169021 0.00276976 0.0131207 0.0113472 0.016317 0.175191 0.0309331 2.59072e-05 0.038874 1.6156e-05 
0.672405 0.00525556 6.21695e-09 3.98499e-09 0.00117634 0.0277196 0.0709101 0.0396073 0.0161573 0.0927892 0.0068464 4.93189e-05 0.0669937 8.98773e-05 
0.534387 0.00990451 0.00245611 1.32158e-05 0.00741181 0.000747332 0.00387375 0.0129099 0.117589 0.171973 0.0230824 8.09426e-05 0.11554 3.13393e-05 
0.918045 0.00619146 2.25395e-08 1.96122e-08 0.0012151 0.00148918 0.000431689 0.00230181 0.000454282 0.0410554 0.000149208 4.87528e-06 0.0286618 6.37919e-07 
0.530789 0.0032264 0.0155091 4.14656e-06 0.0052303 0.000112735 0.0055231 0.00587314 0.00156029 0.235625 0.168978 7.64098e-05 0.0274913 1.44738e-07 
0.704422 0.00893008 0.00034322 3.40761e-06 0.0118039 6.93034e-06 0.00813651 0.000314486 0.161901 0.0143282 0.00577724 2.90916e-05 0.0840033 7.40224e-07 
0.343527 0.0594717 0.00209048 0.000881224 0.0675179 0.000353917 0.0057954 0.0198991 0.309536 0.0626909 0.0195035 0.00178821 0.0326597 0.0742859 
0.542585 0.000828003 9.73771e-06 1.29074e-07 3.88117e-05 9.90173e-05 0.00322097 1.62778e-05 0.14645 0.191935 0.0315929 1.72312e-05 0.0831744 3.27751e-05 
0.336588 0.0158264 0.00951904 6.34463e-07 0.0117871 3.21365e-06 0.0134749 0.0304167 0.27922 0.111357 0.00583247 4.56761e-07 0.185972 9.89297e-07 
0.677208 0.0269031 0.0025201 1.31819e-05 0.116441 0.000802072 0.00940944 0.00100314 0.00179272 0.118349 0.000939128 0.00578801 0.0388234 8.1862e-06 
0.491183 0.181399 0.00936968 0.00198616 0.02831 0.00121956 0.015262 0.0156054 0.03002 0.160089 0.00958819 0.000490721 0.0553019 0.000175704 
0.293025 0.00845749 0.0109024 3.78897e-05 0.0574765 0.0513032 0.00523961 0.094252 0.0995394 0.229733 0.0258534 0.00286427 0.121162 0.000153905 
0.651337 0.00155129 0.0025337 0.027977 0.00985153 0.000303762 0.0117604 0.00883241 0.0133186 0.157852 0.0253104 8.49695e-05 0.0890152 0.000271908 
0.902012 0.000945003 2.05783e-08 2.21574e-08 0.000807474 0.00248181 0.00012121 0.00383617 0.000757105 0.0441588 8.75505e-05 8.12244e-06 0.0447837 1.06169e-06 
0.712731 0.0266414 0.000639665 0.00349194 0.0123357 0.0235957 0.00900399 0.00310369 0.0552538 0.0822357 0.00418056 0.00010768 0.0663456 0.000333643 
0.882692 0.0100206 1.63459e-13 4.95053e-05 0.00657942 0.0015682 0.000806663 0.00579076 0.00275779 0.0687125 0.000339353 2.65486e-05 0.020612 4.4998e-05 
0.506898 0.0651857 0.00632513 0.000204532 0.0259742 0.000127218 0.0103013 0.0359054 0.134227 0.140064 0.00238275 0.000116706 0.0722849 3.30261e-06 
0.385013 0.0246945 0.00879503 4.64538e-05 0.133336 0.000587349 0.0232752 0.00263845 0.0111434 0.375116 0.00878496 0.000119264 0.0237889 0.00266073 
0.331 0.039579 0.126066 1.76033e-07 0.101313 1.98524e-06 0.0161073 7.03798e-08 0.127904 0.0346555 0.210005 0.000632765 0.0127353 3.29436e-08 
0.398707 0.0382034 0.232947 1.42725e-05 0.0334707 8.23566e-05 0.0308421 6.56337e-05 0.049555 0.1329 0.014336 0.000297782 0.0685772 8.03095e-07 
0.33892 0.0620372 2.78693e-05 0.000142275 0.0163888 0.0239052 0.0207973 0.0812571 0.0681822 0.306974 0.0140382 5.13331e-05 0.0672228 5.55066e-05 
0.661754 0.0484383 0.000242271 0.0018531 0.126142 0.00692019 0.0027881 0.00999123 0.00236955 0.0583001 0.000494518 0.00448985 0.0762017 1.50983e-05 
0.838925 0.000696879 0.000146008 0.000411233 0.014091 0.000124854 0.0302548 9.09941e-06 0.00135367 0.0194426 0.00117022 0.0561415 0.0372311 2.0277e-06 
0.54911 0.0268068 0.00142734 0.000268032 0.0534161 0.00549707 0.0315704 0.0308242 0.0312419 0.20363 0.00477718 0.00714825 0.0541575 0.00012542 
0.721218 0.0260043 4.10024e-09 3.26715e-05 0.00196416 0.000147156 0.0204329 0.000324769 0.0257178 0.195877 0.000775633 2.2532e-05 0.00731124 0.000172169 
0.313772 0.0201444 0.00866266 0.00401541 0.162185 0.0988273 0.00769344 0.00741383 0.117277 0.195178 0.0225685 0.00859915 0.0327111 0.000951919 
0.372833 0.00631674 3.8019e-05 0.000225273 0.243403 0.0942075 0.00186724 0.0495416 0.00128376 0.00177885 0.00138108 0.00033684 0.226596 0.000190517 
0.55786 0.0308326 0.116148 2.74174e-07 0.0304399 6.51389e-06 0.0114748 0.000120359 0.00387199 0.143376 0.021247 5.15525e-08 0.08462 1.78151e-06 
0.923253 0.0118743 2.94718e-08 2.71517e-05 0.0130757 0.00130314 0.000653297 0.00185828 0.00109563 0.0246964 0.000350409 3.62881e-05 0.0217733 3.45883e-06 
0.330333 0.0587492 0.00893121 0.000455419 0.0333031 0.000780609 0.0341303 0.0101584 0.288207 0.0423332 0.0107799 2.73061e-05 0.178007 0.00380456 
0.480371 0.0065621 0.0054288 0.000103674 0.241841 0.000281621 0.00421356 0.0166413 0.0539684 0.0648554 0.00740654 0.00313984 0.115185 1.72575e-06 
0.318696 0.0429203 0.000275458 0.0219485 0.226447 0.00708658 0.00265344 0.0173169 0.0310179 0.289103 0.00504443 0.000137069 0.037329 2.31874e-05 
0.391968 0.00253238 6.02196e-06 2.30357e-05 0.00061276 0.090052 0.00103543 0.00402039 0.228323 0.123473 0.0276519 0.000173324 0.130057 7.14914e-05 
0.566408 0.0184408 0.0346764 3.43316e-06 0.143279 2.77709e-05 0.0593197 0.000283027 0.0170518 0.147936 0.00409518 6.65871e-08 0.00847889 1.89874e-07 
0.498121 0.120267 0.000166378 0.000619037 0.00935942 0.00056949 0.0196311 0.114633 0.00658379 0.219679 2.91395e-05 9.6749e-06 0.0102267 0.00010475 
0.859844 0.0338402 0.0142817 8.01351e-06 0.0297304 8.27725e-05 0.01201 0.000615719 0.00088464 0.0386974 0.00484717 9.55206e-06 0.00513666 1.15648e-05 
0.340991 0.0770699 0.00246328 0.00214421 0.0903406 0.00194622 0.0325251 0.0162411 0.0334822 0.233109 0.0242464 0.000572479 0.144624 0.000244711 
0.923253 0.0118743 2.94718e-08 2.71517e-05 0.0130757 0.00130314 0.000653297 0.00185828 0.00109563 0.0246964 0.000350409 3.62881e-05 0.0217733 3.45883e-06 
0.556396 0.00135377 0.000161484 9.84617e-06 0.002109 0.00210021 0.0135833 0.0402317 0.017096 0.301252 0.0165717 0.000160262 0.0488946 8.04032e-05 
0.657579 0.0170451 1.39421e-08 1.31383e-07 0.178376 0.000133851 0.00100791 0.00299079 0.0365683 0.0955965 1.36511e-07 0.0019524 0.0060505 0.00269966 
0.760986 0.0309728 0.0179027 0.0002787 0.0833624 2.4055e-05 0.00302265 1.38859e-05 0.00165745 0.0515063 0.0400963 1.10496e-05 0.0101659 4.43979e-09 
0.368401 0.00102614 4.26917e-05 7.95091e-05 0.0502016 0.000470119 0.113615 0.00117507 0.135458 0.099857 0.0199942 9.07e-05 0.209466 0.000122883 
0.459812 0.118759 0.0106446 8.7138e-05 0.00104362 0.000100612 0.0420924 0.0317637 0.00556503 0.161795 0.0513866 0.0797318 0.0370547 0.000164126 
0.714083 0.00237397 0.000280135 1.08472e-07 0.0751743 0.00562204 0.00102628 0.000640243 0.0251585 0.0679941 0.00242481 0.000555039 0.104663 4.56465e-06 
0.946127 0.00978172 4.99792e-08 8.50264e-12 9.69651e-05 0.000156609 0.000725622 4.90708e-08 0.00856627 0.0324042 0.000322964 6.22202e-07 0.00181729 2.08615e-07 
0.94584 1.28084e-08 8.77336e-12 2.40985e-11 2.16585e-07 0.000742693 0.0072816 1.94307e-06 1.86282e-06 0.0461268 1.31417e-06 4.29461e-08 3.28288e-06 9.72734e-09 
0.391126 0.212399 0.0132627 0.00283875 0.134335 0.00326581 0.0362824 0.0106209 0.00652511 0.149206 0.00132182 0.0037643 0.0191158 0.0159362 
0.665321 0.0249595 0.00261328 0.000818418 0.00663434 0.000634366 0.0487851 0.0104386 0.00817978 0.135838 0.0157894 0.00227552 0.0776883 2.46574e-05 
0.923253 0.0118743 2.94718e-08 2.71517e-05 0.0130757 0.00130314 0.000653297 0.00185828 0.00109563 0.0246964 0.000350409 3.62881e-05 0.0217733 3.45883e-06 
0.651778 0.0386171 1.65197e-07 6.74468e-08 0.0665066 1.50325e-07 0.00379105 0.000222481 0.0601607 0.176246 3.64372e-08 5.39504e-05 0.00237759 0.000246528 
0.843335 0.0292288 5.56915e-05 3.82021e-06 0.00316277 0.0182307 0.00487498 0.00361449 0.0129552 0.0625615 0.00133336 0.00010043 0.0205092 3.34875e-05 
0.548266 0.00488135 0.000336624 0.0026414 0.414609 2.78348e-05 0.00103406 0.00447101 0.000209708 0.0031789 0.00107261 0.000994354 0.0182033 7.45465e-05 
0.872562 0.0364452 4.81793e-05 2.29292e-05 0.00270358 0.00114008 0.00336499 0.0014301 0.0276696 0.0485196 0.00112094 3.56979e-05 0.00492868 8.44953e-06 
0.887188 0.00835484 3.42538e-05 2.09822e-08 0.0352764 0.00031371 0.000377519 0.0165926 0.00516337 0.0384759 4.8112e-05 0.000561448 0.00747645 0.000137102 
0.427798 0.0991224 0.00541583 4.54004e-05 0.116245 0.00360271 0.00463858 0.018951 0.088921 0.188091 0.0031934 0.000128292 0.043846 1.73836e-06 
0.349554 0.0708454 0.0180282 0.0371693 0.112351 0.000276709 0.2503 0.00789727 0.0186981 0.0569802 0.00793818 0.00104749 0.0686474 0.000266323 
0.69732 0.00449844 0.000177925 4.15486e-09 0.00177418 0.0198002 0.0729378 0.0282912 0.0182958 0.0990574 0.00880258 3.52389e-05 0.0489454 6.42142e-05 
0.414972 0.101265 0.00861692 0.0265217 0.0237733 0.000342107 0.0140704 0.0171809 0.0222768 0.255021 0.0162706 0.000233299 0.0993473 0.000108996 
0.505468 0.000557215 2.93935e-08 2.88728e-08 0.482546 0.00062872 0.000542187 7.3006e-05 0.00205231 0.00175377 0.000851441 0.000264909 0.00518434 7.87995e-05 
0.725495 0.0272416 2.84981e-08 6.22512e-09 0.00631825 8.87744e-09 0.00604997 0.00025732 0.0314088 0.143122 0.00148281 4.91572e-05 0.0585744 7.121e-09 
0.504683 0.0843379 0.0046875 0.000342671 0.0337218 0.000112373 0.0129806 0.0166228 0.0111679 0.296885 0.0020715 0.00463675 0.027499 0.00025091 
0.620647 0.0277751 4.62695e-10 1.36372e-05 0.088345 0.000686267 0.00726599 4.07635e-05 0.0730993 0.17733 4.40351e-05 0.000596419 0.000855067 0.0033014 
0.917609 0.0170264 0.000187133 1.80736e-05 0.00843786 0.000764939 0.000869828 0.00143806 0.00164379 0.0321743 0.00191275 1.94499e-05 0.0178968 1.85828e-06 
0.393693 0.0603285 1.19487e-06 3.1079e-07 0.00685169 1.91089e-05 0.00481343 0.00364929 0.0190445 0.351054 0.0194757 9.73039e-06 0.14082 0.000240165 
0.900745 0.0371872 2.81015e-09 3.78327e-05 0.0217233 6.96066e-05 0.00139123 0.0179245 0.00400648 0.0147566 1.12012e-08 4.30699e-05 0.00163823 0.000477087 
0.904695 0.0020004 3.68513e-09 3.76749e-05 0.00203379 0.00163283 0.000870362 0.0385953 0.000509181 0.00932809 0.000378605 2.69943e-05 0.0398885 3.0726e-06 
0.904695 0.0020004 3.68513e-09 3.76749e-05 0.00203379 0.00163283 0.000870362 0.0385953 0.000509181 0.00932809 0.000378605 2.69943e-05 0.0398885 3.0726e-06 
0.435844 0.0145282 4.43789e-05 0.00674664 0.151143 3.20321e-06 0.0234493 0.0143718 0.00292487 0.0176706 0.00421418 0.182852 0.013023 0.133185 
0.450728 0.000638854 2.07516e-07 4.26504e-08 0.00402234 0.00400873 0.000383763 8.21349e-05 0.0602243 0.432505 0.00744454 5.93091e-05 0.0398974 5.7318e-06 
0.775812 0.0103603 0.00114972 0.000932167 0.0624604 8.01598e-05 0.00884521 0.000267572 0.000774353 0.124054 0.00461273 6.25261e-05 0.01058 8.74648e-06 
0.672709 0.065705 0.00363676 0.00112155 0.0327825 0.00482145 0.0176143 0.0271138 0.0117935 0.109376 0.0163891 0.0103467 0.0263963 0.000193287 
0.416346 0.0176132 0.0296807 0.000179196 0.0764488 0.00460923 0.0192381 0.0199501 0.0223859 0.327642 0.0170649 0.00155924 0.047212 7.11479e-05 
0.837397 0.0641641 2.69745e-07 3.59391e-05 0.0150709 0.000194331 0.00992803 0.000457796 0.00210218 0.0640135 8.03205e-05 3.57924e-05 0.00636689 0.000153011 
0.875739 0.000540965 2.88698e-05 5.31164e-05 0.00507637 0.000203972 0.00217787 1.31506e-05 0.000364647 0.089615 0.00136645 2.52371e-05 0.0247946 1.05094e-06 
0.313863 0.0119289 0.0555668 0.00876807 0.299314 0.00016482 0.00127303 0.00204256 0.00679189 0.279833 0.00344013 0.000130346 0.016868 1.50803e-05 
0.780845 0.0293004 0.000117271 0.000473051 0.0144664 0.0436452 0.00514044 0.0163039 0.0176736 0.0518193 0.00101289 0.00418183 0.0349816 3.94012e-05 
0.483036 0.0170257 0.00196061 8.89118e-05 0.107853 0.000668724 0.0040011 0.00180392 0.0216543 0.301878 0.0152038 0.0060287 0.0376921 0.00110498 
0.87666 0.00529622 2.72408e-07 1.50543e-07 0.00119649 0.00107429 0.000299805 0.00309026 0.00715682 0.0600477 2.98976e-05 9.23421e-07 0.0451465 2.62217e-07 
0.386671 0.200844 1.16026e-05 1.70733e-06 0.0602564 4.51713e-05 0.00950676 0.00386964 0.0349154 0.240222 0.0284007 0.000256933 0.0326893 0.00230959 
0.318276 0.165033 0.000832027 6.22171e-06 0.0100106 0.000371497 0.0628596 0.0466799 0.0540393 0.108053 0.0233572 5.47245e-05 0.210171 0.000255891 
0.505893 0.0373771 0.00260498 0.00273449 0.0473335 0.000605568 0.0436258 0.0242605 0.07865 0.11953 0.0542064 0.00662094 0.0760153 0.000543165 
0.52173 0.0124513 0.0565317 0.000212949 0.0436794 2.70212e-05 0.00683713 0.007081 0.0209547 0.0236739 0.188716 1.49691e-05 0.117915 0.000175246 
0.674305 0.0181708 0.00120541 0.00090724 0.0291286 0.00164821 0.0106639 0.00659846 0.0104817 0.177319 0.00454515 8.79073e-06 0.0649799 3.82549e-05 
0.39879 0.0373592 0.0211019 0.000223507 0.0692895 0.00394549 0.015553 0.00643382 0.102555 0.11087 0.00781795 0.0490093 0.0417684 0.135284 
0.462462 0.0212731 0.000395544 6.20264e-05 0.0113743 0.000528443 0.00133364 0.0679383 0.146232 0.118058 0.0205499 3.78935e-05 0.149715 3.99328e-05 
0.302529 0.023484 0.00725081 0.000178968 0.058796 0.000436795 0.253104 0.0129962 0.0300539 0.156405 0.0156059 0.00010091 0.107916 0.0311423 
0.747328 0.00348374 1.63099e-06 5.90312e-07 0.00204169 1.45104e-06 0.000257375 0.00632995 0.0209556 0.108946 0.010491 6.02931e-05 0.100099 3.53305e-06 
0.548876 0.248517 3.00986e-05 4.58862e-05 0.0222664 0.0440601 0.0241457 0.000103 0.00429229 0.0896459 0.000534977 5.34405e-11 0.0174805 1.51646e-06 
0.954923 0.00249417 2.7499e-06 1.55646e-05 0.00920721 7.26657e-05 0.00159054 0.00309732 0.00108935 0.0227387 0.000193538 6.8409e-05 0.00450515 1.87e-06 
0.482681 0.0263144 0.00199882 4.36419e-05 0.0477446 2.18151e-05 0.020612 0.0249998 0.0072279 0.321981 0.00217929 0.028451 0.0354518 0.00029348 
0.448008 0.000416832 0.0607722 0.000168953 0.0457205 3.82002e-06 0.0824987 0.00175742 0.0430473 0.260126 0.0446645 3.14118e-05 0.0127431 4.08537e-05 
0.67103 0.00943317 2.52027e-08 1.85564e-09 0.00347475 1.27861e-08 0.10419 0.000596496 0.00124606 0.205954 0.00165707 2.6855e-09 0.00241845 2.73917e-08 
0.645246 0.00256463 0.000267056 1.11617e-06 0.00100977 2.65968e-05 0.00469648 0.000517931 0.000672325 0.332345 0.0029988 1.93432e-06 0.00964401 9.02936e-06 
0.753076 0.0102546 1.03263e-05 3.48812e-05 0.00017227 0.0666958 0.00452881 0.0351388 0.0191096 0.063883 0.00116999 0.000136859 0.0457046 8.49821e-05 
0.904695 0.0020004 3.68513e-09 3.76749e-05 0.00203379 0.00163283 0.000870362 0.0385953 0.000509181 0.00932809 0.000378605 2.69943e-05 0.0398885 3.0726e-06 
0.999656 4.75731e-05 1.82996e-05 1.50041e-09 2.78608e-10 1.60289e-09 5.19241e-05 3.50254e-10 3.64722e-10 0.000155364 4.54568e-05 5.81154e-10 2.49097e-05 1.20885e-09 
0.340576 0.252346 0.000912416 0.000209896 0.0850678 0.0016936 0.00258725 0.00310336 0.0694878 0.239352 0.000201098 0.00018055 0.00354351 0.000738282 
0.526847 0.0154429 0.00582303 0.000382551 0.0407792 0.00247841 0.0144137 0.0247859 0.0152277 0.25816 0.0119717 0.000308971 0.0544779 0.0289009 
0.373784 0.027381 0.0511655 0.000666751 0.188516 0.00233773 0.064098 0.00353088 0.0220555 0.186643 0.0403701 0.000120269 0.0392427 8.82774e-05 
0.417848 0.274417 0.000339964 3.31923e-05 0.0303021 0.00655174 0.00474567 0.00820627 0.0744021 0.147865 0.00154475 0.00015471 0.0334925 9.63639e-05 
0.300416 0.0286014 0.0873008 3.28661e-05 0.0510502 0.0190614 0.0765682 0.032308 0.105545 0.130835 0.0339283 7.70091e-05 0.133672 0.000604169 
0.954923 0.00249417 2.7499e-06 1.55646e-05 0.00920721 7.26657e-05 0.00159054 0.00309732 0.00108935 0.0227387 0.000193538 6.8409e-05 0.00450515 1.87e-06 
0.540633 0.132011 0.000570634 2.99758e-08 0.00992034 7.04728e-06 0.0150431 0.000797058 0.000892056 0.294532 0.0002229 1.64109e-05 0.0053498 4.36401e-06 
