0.510687 0.0451601 0.00396742 0.000476659 0.00640326 0.000970105 0.0221496 0.00551747 0.0184932 0.302232 0.00687894 1.70265e-07 0.0770636 1.70203e-07 
0.558923 0.0101825 9.35746e-06 1.43948e-07 0.036222 0.00235237 0.00129977 0.00609792 0.0218378 0.281992 0.00589152 2.65892e-05 0.0751094 5.66352e-05 
0.356056 0.0092452 0.0329848 0.00478005 0.0126117 0.0157124 0.26276 0.00989874 0.0351547 0.198409 0.0299324 1.05399e-05 0.0324127 3.21919e-05 
0.488248 0.00404478 0.000224423 0.00229812 0.481391 2.87716e-05 0.000689402 0.00322101 0.00013981 0.00211928 0.000715086 0.00129207 0.0155039 8.48235e-05 
0.669394 0.00614507 0.000100478 0.000114128 0.0142217 0.00270261 0.0101394 0.0179238 0.0345399 0.198376 0.003541 9.63506e-05 0.0367091 0.00599686 
0.488248 0.00404478 0.000224423 0.00229812 0.481391 2.87716e-05 0.000689402 0.00322101 0.00013981 0.00211928 0.000715086 0.00129207 0.0155039 8.48235e-05 
0.653282 0.0382138 0.0191379 0.00699542 0.0482837 0.000140781 0.0328898 0.00219472 0.000345492 0.18181 0.0120209 2.70848e-05 0.00465403 4.08742e-06 
0.295145 0.0886117 0.022028 0.0144997 0.0769891 0.000999524 0.0426618 0.0080016 0.0730748 0.182857 0.00958505 0.00116744 0.0574207 0.126959 
0.627366 0.0433196 0.000655287 0.00551462 0.0401888 0.00182796 0.00509166 0.0517766 0.0263413 0.147017 0.00286591 6.10948e-05 0.0476219 0.000352124 
0.838925 0.000696879 0.000146008 0.000411233 0.014091 0.000124854 0.0302548 9.09941e-06 0.00135367 0.0194426 0.00117022 0.0561415 0.0372311 2.0277e-06 
0.689691 0.000261209 0.0230268 0.00306456 0.00520609 0.0022367 0.158669 0.00528773 0.0551845 0.0286849 0.000224211 0.00299513 0.0250706 0.000397239 
0.841433 0.0032738 0.000390524 6.18672e-05 0.0180488 0.00286061 0.0367154 0.00167694 0.00939568 0.0473044 0.0124405 3.9307e-05 0.0191215 0.00723778 
0.354477 0.128538 0.00606259 0.000156517 0.0115315 1.06389e-05 0.00538753 0.0401088 0.157059 0.277123 0.0033247 0.00701463 0.00920386 2.09097e-06 
0.641698 0.0146725 0.0478372 0.0027682 0.0281198 7.85985e-05 0.0813705 0.00468578 0.0136441 0.100621 0.0228366 6.76706e-05 0.0414717 0.000128382 
0.540256 0.000609591 1.60653e-06 4.15339e-05 4.73657e-06 1.52632e-05 0.000813802 0.000108144 0.12509 0.0557262 0.00830617 3.18487e-06 0.269024 7.97374e-08 
0.672405 0.00525556 6.21695e-09 3.98499e-09 0.00117634 0.0277196 0.0709101 0.0396073 0.0161573 0.0927892 0.0068464 4.93189e-05 0.0669937 8.98773e-05 
0.440733 0.117431 0.0411514 0.00116992 0.0929764 0.000279172 0.130638 0.00248596 0.0163176 0.12904 0.00435564 0.000101243 0.0228794 0.000441468 
0.827937 0.0548517 7.37335e-06 7.77643e-05 0.00223155 0.00224842 0.00169123 0.00218369 0.00137556 0.0525202 0.000219691 4.89079e-05 0.0546038 3.04577e-06 
0.601587 0.00190664 0.0114601 0.000147499 0.044933 0.0934974 0.00383741 0.00962725 0.0123567 0.0777369 0.00330749 0.0994793 0.0401211 2.0549e-06 
0.476734 0.0116449 0.000139438 0.000275375 0.0578997 0.000191842 0.00630738 0.0759587 0.0117431 0.254591 0.00134087 0.00906793 0.0940561 5.04744e-05 
0.569637 0.00285205 0.000564001 4.82888e-09 0.0129144 0.00414121 0.00972018 0.00189601 0.0377285 0.295059 0.00323416 3.50009e-05 0.0621595 5.9624e-05 
0.445813 0.00306957 7.79476e-05 1.14595e-05 0.00408158 0.0110121 0.0177318 0.000735584 0.0189208 0.252147 0.207498 2.2044e-05 0.0386774 0.000201873 
0.954923 0.00249417 2.7499e-06 1.55646e-05 0.00920721 7.26657e-05 0.00159054 0.00309732 0.00108935 0.0227387 0.000193538 6.8409e-05 0.00450515 1.87e-06 
0.499752 0.0545979 0.00193847 0.00142624 0.0990016 0.000277248 0.0462165 0.00236565 0.0068046 0.196928 0.0147092 0.0372969 0.038646 4.02494e-05 
0.465771 0.0094626 0.000448554 3.08355e-05 0.00940034 8.23524e-05 0.0107407 0.0976354 0.00366149 0.332808 0.00978635 0.000144358 0.0600276 5.50827e-07 
0.290901 0.0852541 0.00105263 1.82685e-05 0.115274 0.0740521 0.0103552 0.0388638 0.0551821 0.115484 0.0119085 1.63507e-05 0.197041 0.00459779 
0.552821 0.0092665 0.000728625 7.24323e-05 0.0190536 7.465e-05 0.00620479 0.00585174 0.0365553 0.271507 0.0203624 6.42259e-05 0.0773942 4.36127e-05 
0.558506 0.0243996 0.000425912 0.000359814 0.0155317 0.00156625 0.116004 0.0503068 0.0351745 0.108233 0.00730358 0.000924598 0.0811945 6.93404e-05 
0.30752 0.0209723 0.057632 0.00188756 0.00751911 0.000584625 0.00483975 0.00195407 0.0623839 0.247317 0.231012 0.000174984 0.0560992 0.000104346 
0.61503 0.0151897 3.5403e-06 5.52127e-06 0.126593 2.17297e-05 0.00629422 0.000268282 0.000566947 0.164651 0.000436327 0.0662201 0.0045244 0.000195545 
0.627366 0.0433196 0.000655287 0.00551462 0.0401888 0.00182796 0.00509166 0.0517766 0.0263413 0.147017 0.00286591 6.10948e-05 0.0476219 0.000352124 
0.805782 0.00988458 4.88675e-05 0.00108739 0.0687902 0.0107653 0.00118012 0.0464268 0.00263316 0.0283862 0.000228949 0.00218109 0.0224214 0.000184146 
0.551106 0.0666244 0.000612055 5.78711e-08 0.0157716 6.1824e-08 0.00136614 9.41327e-06 0.265663 0.0831119 4.75104e-05 2.94395e-05 2.14888e-05 0.0156367 
0.48092 0.0137533 0.0163971 6.29337e-07 0.0586775 0.000439478 0.0115652 0.0105602 0.204556 0.156556 0.000921245 0.0011308 0.0440766 0.000446616 
0.427503 0.121901 0.0162426 8.81008e-06 0.0114374 0.00178774 0.00563287 0.0155981 0.0317126 0.34766 0.00118464 3.45287e-08 0.0193307 7.95419e-08 
0.251803 0.0852122 0.00972894 0.000137415 0.0308119 0.00256368 0.0279787 0.0229201 0.160282 0.176869 0.0632361 0.000863866 0.164462 0.00313081 
0.661902 0.00647755 0.00117039 0.000241986 0.00911794 0.000819938 0.0125189 0.110124 0.0106266 0.0180728 0.00756374 0.00673659 0.154596 3.09734e-05 
0.39537 0.00547287 2.05133e-05 1.20584e-06 7.8437e-05 0.117974 0.00213992 0.00575285 0.33219 0.0748077 0.00749149 0.000197462 0.0583263 0.000177631 
0.597578 0.113565 1.08814e-06 6.98743e-05 0.0128437 0.000388874 0.00222664 0.027851 0.0347803 0.15728 0.00614005 1.31057e-05 0.0466522 0.000609805 
0.707048 0.0045815 0.000224367 8.50437e-05 0.00300751 6.33254e-06 0.00602493 0.000134368 0.116078 0.0753361 0.0196786 1.97161e-05 0.0673814 0.000394265 
0.773588 0.00275169 0.0127403 0.00167292 0.0396614 0.00470164 0.0205367 0.0120047 0.0131852 0.0326052 0.00590494 0.0164482 0.0641898 9.68229e-06 
0.918045 0.00619146 2.25395e-08 1.96122e-08 0.0012151 0.00148918 0.000431689 0.00230181 0.000454282 0.0410554 0.000149208 4.87528e-06 0.0286618 6.37919e-07 
0.917609 0.0170264 0.000187133 1.80736e-05 0.00843786 0.000764939 0.000869828 0.00143806 0.00164379 0.0321743 0.00191275 1.94499e-05 0.0178968 1.85828e-06 
0.353672 0.00504013 0.00135111 0.000230461 0.00116482 1.94874e-05 0.16073 0.00525809 0.13686 0.268471 0.00787426 1.1187e-05 0.0593173 6.26238e-08 
0.491448 0.0172287 0.0739511 0.00101681 0.013872 1.48713e-08 0.00465405 0.000136265 0.191505 0.115268 0.00982555 5.06084e-05 0.0810423 1.21356e-06 
0.443866 0.0099573 0.00375476 0.000411937 0.0899967 0.00195897 0.00272071 0.0318049 0.0782037 0.243263 0.0023753 0.00655254 0.0487267 0.036407 
0.904695 0.0020004 3.68513e-09 3.76749e-05 0.00203379 0.00163283 0.000870362 0.0385953 0.000509181 0.00932809 0.000378605 2.69943e-05 0.0398885 3.0726e-06 
0.643901 0.00762944 3.57524e-07 8.3737e-11 0.0441547 7.4159e-05 0.00102252 0.000236555 0.024596 0.187137 0.000701388 2.52361e-05 0.0905211 2.62352e-08 
0.644725 0.0886518 9.85343e-05 0.00024806 0.0543993 0.00360954 0.00747366 0.0404472 0.000909863 0.102781 0.003514 0.00452827 0.0486087 4.93506e-06 
0.565006 0.0625571 0.0349329 0.000180398 0.0113227 6.07957e-05 0.0567938 0.00490753 0.00207971 0.259883 0.000600507 1.15826e-05 0.00104211 0.00062148 
0.765523 0.0823897 9.87583e-10 3.70826e-09 0.00558951 0.000415761 0.00352856 0.0107702 0.00843246 0.105054 0.00076226 1.25399e-05 0.0174662 5.57793e-05 
0.656182 0.00474159 0.00931461 5.25731e-05 0.0275889 0.00191112 0.0414115 0.000111475 0.153121 0.0398964 0.00428937 0.000306905 0.0600823 0.000989847 
0.716486 0.0455603 1.72408e-06 0.000242317 0.0446315 0.000886063 0.00332516 0.0805368 0.0195508 0.0625736 0.000151432 0.000209937 0.0256093 0.000234697 
0.807194 0.113051 7.55644e-07 2.07559e-06 0.0178343 2.21736e-06 0.00178006 5.35308e-06 0.0198266 1.61184e-07 7.7632e-07 8.0394e-07 0.0401041 0.000198518 
0.55382 0.0128699 0.000864553 2.23208e-05 0.00995854 0.000256901 0.0116732 0.00841998 0.0824543 0.264869 0.00845145 0.00652401 0.0395849 0.000231782 
0.592326 0.123369 0.000256836 0.00261523 0.0752501 1.8361e-08 0.0108704 0.00117059 0.0292412 0.0960746 0.00333097 6.21994e-05 0.0653803 5.23203e-05 
0.443912 0.0368936 1.61599e-07 0.00513309 0.0671584 0.00187488 0.00232226 0.0915999 0.0187009 0.17521 0.000418452 0.0168901 0.139132 0.000753938 
0.663691 0.00807321 0.0139214 4.42081e-05 0.00576851 7.3242e-06 0.0141654 4.77372e-05 0.0180356 0.0974468 0.0833906 1.76502e-05 0.0953878 2.92828e-06 
0.486671 0.0659815 0.0213911 5.40705e-08 0.00739598 2.80469e-06 0.0138817 0.0146427 0.279864 0.0279424 0.0504435 0.000740229 0.0310433 4.35638e-08 
0.623765 0.00241813 0.00200107 6.25537e-08 0.00533043 0.000373475 0.00258755 0.00256014 0.00254667 0.347119 0.00145296 6.31606e-06 0.0098312 8.50026e-06 
0.31406 0.00241408 0.00185719 0.00157889 0.062094 0.000184686 0.0223596 0.00352997 0.264477 0.15409 0.00967014 6.562e-05 0.163619 2.98882e-09 
0.25267 0.233849 0.000459507 0.000627821 0.0912177 0.000976519 0.0340188 0.0969954 0.0100508 0.184459 0.0101486 0.000866594 0.0817362 0.00192436 
0.650477 0.0871746 0.00046752 6.62893e-05 0.00968196 0.00102534 0.00712756 0.0057864 0.00630361 0.214243 0.00173207 9.23629e-06 0.0157785 0.000126836 
0.741317 0.0152959 0.00406022 0.000277543 0.00240445 0.0537622 0.00787891 0.0147046 0.0707817 0.0456273 0.00319321 5.72314e-05 0.0387005 0.00193875 
0.511723 0.0164433 0.00382346 0.000119724 0.323124 0.000512071 0.00523886 0.0119067 0.00981188 0.0963076 0.0049021 0.00599415 0.00981684 0.000276145 
0.357413 0.00753657 0.0308184 6.17751e-08 0.265741 0.000581744 0.000852343 0.000101974 0.127067 0.0450796 0.0500497 0.00401256 0.110586 0.00016039 
0.794321 0.145494 4.05967e-05 0.000251611 0.0166664 5.31818e-05 0.00355573 0.000470208 0.00573789 0.0305437 0.000138649 4.03657e-05 0.00261634 6.98658e-05 
0.455472 0.0304384 0.00418041 0.0011142 0.187576 0.000181933 0.00952321 0.0149481 0.0126757 0.226889 0.0068498 0.00793419 0.042009 0.000207479 
0.557677 0.0348396 0.0141999 5.3525e-05 0.0300605 0.000458938 0.0191063 0.0129215 0.0945358 0.176465 0.0183443 0.000370265 0.0395224 0.00144534 
0.753884 0.119203 0.0264261 0.00822617 0.00835636 0.000100916 0.0128352 0.000940429 0.00373337 0.0593677 0.000927076 6.50222e-05 0.00587367 6.11203e-05 
0.626855 0.0113958 0.000218215 0.00128039 0.351866 1.36354e-05 4.03508e-05 6.8565e-05 0.000138187 0.0016923 0.000409569 0.000780498 0.0051873 5.376e-05 
0.372438 0.0643273 0.0114197 0.00165019 0.0916842 0.00106703 0.0243691 0.0530847 0.0222809 0.306519 0.00755111 0.000119166 0.0415161 0.00197398 
0.785921 0.000562756 0.000646338 1.94486e-05 0.0957382 6.06484e-05 0.000710353 8.10465e-05 0.00163405 0.0787397 0.0130593 0.000303165 0.0225215 2.55997e-06 
0.566157 0.0197074 0.0024846 0.000446281 0.0412978 0.000293951 0.0103342 0.00415193 0.164181 0.0408198 0.00885913 0.00048442 0.14078 2.10563e-06 
0.646021 0.013746 0.00030876 6.96862e-06 0.00713153 0.0387489 0.00524676 0.00556933 0.187924 0.0519147 0.00108016 0.000366842 0.0407206 0.00121533 
0.448417 0.0136187 0.00353503 1.15436e-07 0.0192919 0.000394147 0.0235663 0.000329498 0.0191138 0.441087 0.00307296 5.77529e-06 0.0269864 0.000580801 
0.526428 0.111643 0.000247286 1.57991e-06 0.0122913 2.26022e-05 0.000662617 6.33957e-07 0.000833882 0.262067 0.000177431 0.000194762 0.0854291 2.87156e-07 
0.573089 0.0113729 5.95523e-05 9.92327e-07 0.206622 0.000507294 0.000854549 0.00365567 0.0205347 0.178363 5.47589e-08 0.000833956 0.00256053 0.00154598 
0.7239 0.0335989 0.0054647 0.000174536 0.0152779 0.000536668 0.00794797 0.0204519 0.011318 0.137047 0.00734199 0.00249977 0.0343336 0.000107177 
0.731072 0.0116779 0.0445688 0.00127546 0.0915923 4.49035e-05 0.00594368 0.00234987 0.00289544 0.095381 0.00828807 0.000232835 0.00467735 7.02078e-07 
0.476614 0.0213124 2.67751e-05 0.000147622 0.0618847 0.00010222 0.0016298 0.0270616 0.00734132 0.00705206 0.000468429 0.000468821 0.00324597 0.392644 
0.691313 0.0299463 0.000591599 2.37809e-10 0.025104 0.000857669 0.00234655 0.000821028 0.0487084 0.0772978 0.00233865 0.000486652 0.120145 4.39954e-05 
0.841552 0.00292987 0.000395572 7.67257e-05 0.00278375 0.00212439 0.00111349 0.0294 0.013092 0.0601554 0.000991101 3.43855e-05 0.0450099 0.000341485 
0.540697 0.336726 2.32853e-06 1.48566e-05 0.0332458 0.000146475 0.00743903 0.000530728 0.00834484 0.0716682 0.000147219 5.66335e-05 0.000859468 0.000121296 
0.631124 0.0212213 0.000542566 9.71939e-06 0.00764448 0.000988349 0.00258515 0.00182696 0.0666172 0.233425 0.00701646 3.82642e-05 0.026958 2.90942e-06 
0.506895 0.00207951 0.0271141 9.6947e-05 0.00469351 3.14744e-05 0.0666088 8.03749e-05 0.0235636 0.197296 0.0478934 2.48895e-05 0.123622 1.27237e-08 
0.456977 0.0169083 0.00553571 0.00169249 0.0629793 0.000941739 0.0338857 0.0181544 0.0230294 0.301022 0.0271491 0.0021647 0.04785 0.00171068 
0.371691 0.0127798 0.0343314 0.00202077 0.131377 0.00483755 0.0232597 0.0216624 0.00687106 0.0758067 0.0109799 0.000146976 0.304104 0.00013168 
0.564102 0.0330995 0.00265068 0.00053325 0.0583046 0.005232 0.0404083 0.0182605 0.0164018 0.167924 0.0199426 0.00247765 0.0579438 0.0127191 
0.773855 0.0841241 0.00061112 0.000469308 0.0345699 6.02551e-05 0.00832371 0.00296286 0.00348757 0.0606028 0.000564115 0.00299044 0.0273705 8.52595e-06 
0.488248 0.00404478 0.000224423 0.00229812 0.481391 2.87716e-05 0.000689402 0.00322101 0.00013981 0.00211928 0.000715086 0.00129207 0.0155039 8.48235e-05 
0.433285 0.00770293 0.00155098 0.000488402 0.033701 0.00805889 0.00537698 0.031382 0.0244792 0.163826 0.170664 0.000414811 0.116231 0.00283847 
0.917609 0.0170264 0.000187133 1.80736e-05 0.00843786 0.000764939 0.000869828 0.00143806 0.00164379 0.0321743 0.00191275 1.94499e-05 0.0178968 1.85828e-06 
0.74589 0.000270802 0.0310344 0.000107208 0.0778764 3.49442e-06 0.000755169 1.47961e-05 0.0993465 0.0412849 0.0020657 7.48879e-05 0.00122746 4.79837e-05 
0.490366 0.0641858 0.0014054 0.000650391 0.0889695 0.0142473 0.0608457 0.00948075 0.0235121 0.193916 0.00146729 0.0122264 0.0380729 0.000653989 
0.429116 0.0178518 0.00223059 0.0285071 0.0779849 0.0140839 0.0236715 0.011306 0.218299 0.071355 0.00538971 0.000221103 0.0972919 0.0026917 
0.927668 0.00405336 2.9514e-07 2.09905e-06 0.0463641 2.97084e-06 0.000472508 0.000244277 0.00802071 0.0117008 0.000202632 4.51433e-05 0.00115768 6.52526e-05 
0.59706 0.00502915 6.56896e-08 3.09511e-07 0.161919 7.11577e-05 0.0104827 0.00275628 0.0119054 0.0211396 0.064966 0.000500858 0.124106 6.34499e-05 
0.543659 0.010057 0.0417766 0.000424214 0.0293275 1.31941e-05 0.0123982 0.000457776 0.0709587 0.178794 0.0899558 2.09309e-05 0.0221522 4.55905e-06 
0.413659 0.0824007 0.00575197 1.0934e-06 0.0453912 0.000285703 0.0115646 7.70976e-06 0.0742587 0.172914 0.131582 6.10418e-05 0.0620922 3.04779e-05 
0.630777 0.0192445 0.0787947 3.38223e-05 0.0323812 6.73018e-07 0.0116463 8.90668e-06 0.0478078 0.0771044 0.0732843 8.33881e-05 0.0287524 8.07067e-05 
0.714083 0.00237397 0.000280135 1.08472e-07 0.0751743 0.00562204 0.00102628 0.000640243 0.0251585 0.0679941 0.00242481 0.000555039 0.104663 4.56465e-06 
0.540453 0.0127487 0.080191 2.30095e-05 0.00574835 1.96339e-05 0.0628082 0.00831784 0.00999876 0.204631 0.025357 1.29432e-05 0.0484688 0.00122187 
0.521565 0.169204 0.00304314 0.0059347 0.0228051 0.00160119 0.0299196 0.0114134 0.00816901 0.196955 0.00874626 0.000463641 0.0201744 5.73639e-06 
0.28016 0.160442 0.0794421 1.92194e-06 0.172462 0.000206318 0.0175847 0.00039415 0.0713241 0.205042 0.000666673 9.38236e-06 0.0122308 3.26534e-05 
0.751443 0.000208892 0.000212298 0.00109745 0.0016373 6.32837e-05 0.000787962 1.96498e-06 0.0126073 0.173965 0.00836474 2.48743e-05 0.0494801 0.000105824 
0.826701 0.00146103 8.32739e-08 4.20597e-12 0.00330504 5.07305e-05 0.00682528 4.95677e-09 0.00343148 0.156831 0.00115543 5.95338e-09 0.000238995 4.98501e-08 
0.705793 0.000813598 7.73263e-05 0.000240456 0.00292699 0.00101604 0.0268584 0.0191628 0.0140678 0.179134 0.019561 7.67398e-05 0.0301166 0.000155258 
0.672405 0.00525556 6.21695e-09 3.98499e-09 0.00117634 0.0277196 0.0709101 0.0396073 0.0161573 0.0927892 0.0068464 4.93189e-05 0.0669937 8.98773e-05 
0.424641 0.173214 0.0423248 0.00632578 0.0530256 0.000573268 0.00725085 0.0047889 0.0855205 0.0899311 0.00515363 0.0489204 0.0579175 0.000412863 
0.426916 0.0490151 0.0112629 0.00164777 0.147986 0.00201599 0.0341641 0.0128504 0.0244503 0.197924 0.0200182 0.00544267 0.064476 0.00183047 
0.337084 0.056968 0.00089506 0.136966 0.0938182 0.000133111 0.0122106 0.0433102 0.0077661 0.284499 0.00111581 0.0137186 0.0114175 9.76307e-05 
0.349409 0.0833238 0.00150771 0.0015663 0.314395 5.08811e-05 0.0328868 0.00894417 0.000904294 0.11803 0.000279737 0.0822984 0.00640027 3.76418e-06 
0.340988 0.015 0.00033018 0.000298447 0.0812619 0.000870039 0.188028 0.0465456 0.0137571 0.189397 0.0439627 0.0061124 0.0720945 0.00135359 
0.33018 0.197311 0.00626576 0.003275 0.252606 0.00315557 0.0405769 0.00355137 0.0087249 0.0973938 0.00385314 0.0105143 0.0424445 0.000147733 
0.730472 0.0114953 0.000949188 1.57721e-05 0.217841 4.50137e-05 0.00906316 0.000105858 0.00177307 0.0181708 0.0017779 0.000172909 0.00811293 5.48858e-06 
0.74407 0.121427 0.00050608 9.96593e-06 0.0241947 1.28997e-05 0.0184571 0.0209776 0.00154079 0.0589903 0.00235725 1.39879e-05 0.00729311 0.000149905 
0.581694 0.00148752 1.19325e-09 3.87971e-11 3.71299e-08 0.00161789 0.000785501 9.05679e-12 0.363209 0.048735 0.00214613 3.4939e-05 0.000123948 0.000165266 
0.360962 0.0538765 0.0330191 0.00354448 0.081419 0.00387347 0.0343488 0.0401856 0.0578891 0.244747 0.013179 0.00119845 0.0707625 0.00099518 
0.917609 0.0170264 0.000187133 1.80736e-05 0.00843786 0.000764939 0.000869828 0.00143806 0.00164379 0.0321743 0.00191275 1.94499e-05 0.0178968 1.85828e-06 
0.399805 0.0329934 0.0628136 0.00881294 0.264314 9.54442e-05 0.0140665 0.000468259 0.0588831 0.0972358 0.00277068 0.00273295 0.0549495 5.93825e-05 
0.617261 0.0400149 0.0154704 0.0261356 0.0377887 0.00035667 0.0245745 0.00183745 0.0199728 0.146128 0.0391021 0.000107491 0.0312501 5.06641e-07 
0.291862 0.204917 0.011359 0.000279272 0.10577 0.000667098 0.0059707 0.00697578 0.0400969 0.283743 0.0102195 0.000797087 0.0367918 0.000550747 
0.904695 0.0020004 3.68513e-09 3.76749e-05 0.00203379 0.00163283 0.000870362 0.0385953 0.000509181 0.00932809 0.000378605 2.69943e-05 0.0398885 3.0726e-06 
0.505109 0.0479139 0.0178409 0.00134247 0.043149 0.00940127 0.0101879 0.0234442 0.0313419 0.219382 0.0159535 0.000252359 0.0746664 1.57298e-05 
0.583753 0.121414 0.0065537 7.8297e-05 0.0244819 6.84123e-06 0.00613256 0.00754273 0.00687153 0.235191 0.000709393 2.07657e-05 0.00711547 0.000128374 
0.488248 0.00404478 0.000224423 0.00229812 0.481391 2.87716e-05 0.000689402 0.00322101 0.00013981 0.00211928 0.000715086 0.00129207 0.0155039 8.48235e-05 
0.297354 0.0145528 0.0154827 0.00037886 0.251018 0.00433315 0.00752182 0.0839076 0.0622263 0.152294 0.011688 0.0327539 0.0657704 0.000718622 
0.578767 0.00315534 0.0049433 0.00016612 0.017866 0.00168416 0.0308032 0.0417675 0.0531002 0.151994 0.00834829 0.0115625 0.0957716 7.09392e-05 
0.762857 0.158574 1.6588e-08 0.0180143 0.0100745 2.92538e-07 0.00122904 1.46684e-07 0.00550711 0.0321834 0.000988395 3.23838e-05 0.0105392 3.28856e-07 
0.731072 0.0116779 0.0445688 0.00127546 0.0915923 4.49035e-05 0.00594368 0.00234987 0.00289544 0.095381 0.00828807 0.000232835 0.00467735 7.02078e-07 
0.646023 0.00935497 0.0259969 0.000139322 0.0192051 0.000314643 0.0279501 0.00908835 0.0469589 0.0771928 0.00458825 0.00788559 0.125186 0.000115992 
0.328264 0.126599 2.70767e-11 2.63331e-05 1.25277e-05 0.0025127 0.000371088 0.0314439 0.292238 0.0893889 0.000161748 3.59326e-05 0.128881 6.52871e-05 
0.556647 0.0102674 1.80637e-13 3.91773e-05 1.22567e-05 0.00272988 0.000775696 0.00312005 0.130068 0.228344 0.000724165 6.22492e-05 0.0671321 7.7232e-05 
0.409332 0.016014 0.020379 0.000965839 0.0120508 0.00116519 0.0132914 0.0178272 0.0168113 0.373945 0.0561898 6.4718e-06 0.0619737 4.84038e-05 
0.422526 0.0162952 0.0113765 0.00143117 0.0335502 0.0015952 0.0153142 0.00643852 0.162379 0.137741 0.0176017 0.0146307 0.157099 0.00202062 
0.918045 0.00619146 2.25395e-08 1.96122e-08 0.0012151 0.00148918 0.000431689 0.00230181 0.000454282 0.0410554 0.000149208 4.87528e-06 0.0286618 6.37919e-07 
0.651817 0.0287555 7.34775e-05 6.31094e-06 0.00203377 5.13963e-06 0.00798899 0.000511964 0.0166128 0.164139 0.00169133 3.39112e-05 0.126329 1.89191e-06 
0.332144 0.221535 0.0012004 0.000276815 0.1605 0.000498526 0.00308193 0.0114499 0.0407337 0.158447 0.00127487 0.000135898 0.0683801 0.000342052 
0.917609 0.0170264 0.000187133 1.80736e-05 0.00843786 0.000764939 0.000869828 0.00143806 0.00164379 0.0321743 0.00191275 1.94499e-05 0.0178968 1.85828e-06 
0.69732 0.00449844 0.000177925 4.15486e-09 0.00177418 0.0198002 0.0729378 0.0282912 0.0182958 0.0990574 0.00880258 3.52389e-05 0.0489454 6.42142e-05 
0.635761 0.000204448 0.00258546 5.39069e-05 0.000379438 0.0001976 0.0349995 0.00128261 0.0188055 0.134823 0.0722169 7.9954e-08 0.0986906 3.31375e-08 
0.539049 0.0211704 0.0120038 0.000109875 0.0124661 0.000524438 0.0592817 0.0475133 0.0145615 0.143067 0.0220618 0.0254621 0.102451 0.000278264 
0.337614 0.00837185 0.0021726 0.000298566 0.110691 0.00150799 0.0249286 0.00831378 0.297636 0.145531 0.00421099 0.00376383 0.0545489 0.000411587 
0.549817 0.0456988 0.00369597 0.000372922 0.0120798 0.0156915 0.0662706 0.0397508 0.0251325 0.0975569 0.0228922 0.000912519 0.119965 0.000164542 
0.63543 0.106618 5.79334e-07 2.92093e-05 8.07492e-11 1.01263e-07 0.101436 0.00029111 0.00411566 0.0200863 0.00970014 1.68437e-10 0.122293 3.50364e-10 
0.689876 0.0394263 0.00281995 0.100271 2.03045e-06 0.00302723 0.0376919 4.90462e-08 0.0355883 0.0705793 0.00405637 0.00757678 0.00908484 8.30618e-08 
0.786821 0.0260859 0.000126021 5.34942e-05 0.0543866 7.77418e-05 0.00752514 0.00267458 0.012219 0.105157 0.000674502 6.27465e-05 0.00412392 1.27306e-05 
0.9472 0.00261409 4.58256e-05 1.9723e-05 0.00503676 0.000176311 0.00114474 0.00353903 0.00123154 0.0318377 0.000272864 1.32516e-05 0.00686614 1.68756e-06 
0.635823 0.023214 0.0147921 0.0037537 0.0121771 0.000910795 1.13764e-06 1.1379e-06 1.13789e-06 0.2976 1.13776e-06 0.00204908 0.0096743 1.13733e-06 
0.563609 0.0172139 0.0238939 7.42302e-05 0.00812455 0.000221591 0.0050334 0.0185489 0.0132695 0.329393 0.00258853 1.0439e-05 0.018006 1.30172e-05 
0.71867 0.0229967 0.00185346 0.000163155 0.0128714 0.00207893 0.0151422 0.0130008 0.0126961 0.154649 0.0024857 0.00310894 0.0402595 2.45396e-05 
0.904695 0.0020004 3.68513e-09 3.76749e-05 0.00203379 0.00163283 0.000870362 0.0385953 0.000509181 0.00932809 0.000378605 2.69943e-05 0.0398885 3.0726e-06 
0.769945 0.0527624 6.53713e-05 3.05541e-05 0.00272797 0.0496019 0.0163461 0.00502918 0.0165579 0.0642146 0.000850159 0.000135164 0.0215413 0.000192285 
0.954923 0.00249417 2.7499e-06 1.55646e-05 0.00920721 7.26657e-05 0.00159054 0.00309732 0.00108935 0.0227387 0.000193538 6.8409e-05 0.00450515 1.87e-06 
0.468218 0.292349 4.96084e-09 3.66268e-05 7.90035e-05 0.000287948 0.00415408 8.07989e-05 0.124471 0.109714 7.21653e-05 9.60801e-05 0.000110693 0.000330974 
0.703045 0.0268484 0.00120774 0.000356261 0.00273845 0.00105259 0.0327085 0.0103915 0.0193674 0.152495 0.00668316 0.00515444 0.0379062 4.46008e-05 
0.496549 0.0265877 0.0162065 6.69256e-06 0.0237859 0.00327157 0.261562 0.00248844 0.0171794 0.131232 0.00608 0.000326189 0.014291 0.000433647 
0.613779 0.0513568 0.00112645 0.00512247 0.141372 0.00090053 0.00737143 0.00814786 0.046023 0.0915668 0.00374384 0.000177066 0.0289155 0.000397264 
0.806093 0.000102304 2.27588e-13 2.00106e-09 7.23192e-09 0.000179306 0.000599712 0.0176434 0.00125001 0.0179056 0.000524374 4.44041e-06 0.155698 4.08879e-07 
0.747328 0.00348374 1.63099e-06 5.90312e-07 0.00204169 1.45104e-06 0.000257375 0.00632995 0.0209556 0.108946 0.010491 6.02931e-05 0.100099 3.53305e-06 
0.577532 0.0227421 0.000484769 0.000964571 0.199292 0.00136234 0.00831689 0.0139277 0.0459639 0.0507087 0.00647255 0.0110003 0.0610976 0.000134479 
0.382985 0.377365 0.0010089 6.68785e-06 0.0597666 0.000601015 0.00268495 5.18427e-05 0.00513223 0.0606291 0.0127686 5.11955e-05 0.0969063 4.31237e-05 
0.585875 7.81194e-06 4.73461e-05 0.00343908 0.0354713 6.14812e-07 3.99696e-06 0.000423444 0.193705 0.03437 4.66374e-06 6.9149e-07 0.0932789 0.0533728 
0.580896 0.0214419 0.00225462 0.000598736 0.127427 3.44773e-05 0.0196081 0.00780055 0.0084072 0.0938618 0.00736248 0.00104901 0.0219529 0.107305 
0.384364 0.0178851 0.00127839 0.0246566 0.192233 0.0222633 0.0067077 0.0303876 0.00848037 0.0500764 0.00661022 0.00080683 0.0353742 0.218876 
0.540441 0.0742588 0.000354227 1.00687e-05 0.0949092 0.0381933 0.0121051 0.0251074 0.0800184 0.0745343 0.00953485 0.000100628 0.0503968 3.6122e-05 
0.704415 0.0432093 2.74942e-10 9.9729e-05 0.018307 0.000174074 0.000988194 0.000326348 0.0050574 0.199115 0.000298051 5.50451e-08 0.027738 0.000271825 
0.407774 0.00466142 0.00299182 9.0862e-06 0.00428861 0.000797933 0.00037092 0.00212054 0.299968 0.122232 0.0306705 2.9409e-06 0.124097 1.54446e-05 
0.506401 0.0123002 0.00623411 0.00133174 0.0632565 0.00538874 0.00452792 0.035617 0.0198475 0.290037 0.00258893 0.00128796 0.0506176 0.000563446 
0.87666 0.00529622 2.72408e-07 1.50543e-07 0.00119649 0.00107429 0.000299805 0.00309026 0.00715682 0.0600477 2.98976e-05 9.23421e-07 0.0451465 2.62217e-07 
0.326606 0.0241604 0.00232688 0.00076838 0.230086 0.0178836 0.0114359 0.0150666 0.0170223 0.231194 0.0142007 0.00165224 0.0242574 0.0833399 
0.448483 0.0472206 0.0191068 0.000384616 0.0719141 0.000430975 0.0240182 0.0030122 0.0215996 0.198595 0.0893071 0.0276747 0.0439259 0.00432741 
0.705439 0.0616799 0.00198407 0.000305667 0.0578929 2.34628e-07 0.00280463 2.58364e-05 0.108608 0.0482495 0.00169696 6.43789e-05 0.011101 0.000147687 
0.30322 0.202547 0.00594861 0.00954709 0.0839636 0.00155942 0.0364572 0.00715071 0.050514 0.18115 0.016284 0.00227605 0.0989064 0.000475549 
0.672186 0.0822399 0.00337303 1.35668e-05 0.00699712 0.000397247 0.00338308 0.00224661 0.0913678 0.0731114 0.0416608 8.80757e-05 0.0228648 7.05936e-05 
0.267444 0.0756492 0.0313077 0.00402763 0.0251432 9.47014e-05 0.0157421 0.0057423 0.00800479 0.251523 0.242017 3.27572e-05 0.0732314 4.00088e-05 
0.726962 0.067049 0.00151874 0.000186572 0.0700839 5.48186e-05 0.0104774 0.0132518 0.0126856 0.0827069 0.000742162 0.000113284 0.00751033 0.00665725 
0.580236 0.0214732 9.91062e-05 0.0111628 0.238608 0.00169456 0.00601674 0.0130505 0.00704638 0.103937 0.00031467 0.00302803 0.011817 0.00151596 
0.799573 0.00526187 0.00194317 0.000261405 0.0420231 2.72807e-05 0.010646 0.00658431 0.00724287 0.0934298 0.0049576 4.93154e-05 0.0273481 0.000652126 
0.469962 0.0104852 0.0225831 0.00210968 0.0205364 0.00272598 0.00285334 0.00237278 0.0503836 0.323635 0.0266042 8.54389e-06 0.0657275 1.22886e-05 
0.928648 0.00514806 1.62995e-07 5.06761e-07 0.0419178 4.77098e-05 0.00101083 0.0120382 0.000911855 0.00707598 0.000113481 3.32875e-05 0.00241673 0.000637713 
0.646514 0.00617167 0.0225052 0.00261385 0.00674135 0.000336422 0.0321152 0.0365112 0.00408743 0.138906 0.040099 0.00408089 0.059313 4.28653e-06 
0.469448 0.0215219 0.00473621 1.44302e-05 0.0736665 0.000799857 0.00575603 0.0331981 0.0191146 0.205819 0.00544749 0.000474517 0.160002 1.10964e-06 
0.624878 0.0789301 0.00333097 7.22237e-05 0.0423795 0.00191689 0.010509 0.00739032 0.0363668 0.152328 0.00442054 0.00325759 0.0309842 0.00323653 
0.348791 0.286209 0.00179344 6.46864e-05 0.168017 4.34084e-05 0.113742 0.00266775 0.00830264 0.057143 0.000828747 5.37702e-05 0.011929 0.000415158 
0.63872 0.00650637 0.0781374 2.99566e-08 0.0109495 0.000137084 0.0111076 1.79633e-09 0.0119573 0.157291 0.013416 1.75539e-05 0.0717593 6.1998e-09 
0.517896 0.028012 4.72797e-05 0.000118281 0.0757715 0.00010993 0.0239087 0.0173895 0.0298147 0.0439343 0.00244092 0.00022326 0.0109479 0.249386 
0.751491 0.0546048 0.0011083 0.000134781 0.0344772 5.5298e-05 0.010028 0.012931 0.0117916 0.0871177 0.00443372 6.37644e-05 0.0314744 0.000288473 
0.328367 0.0468712 0.00320105 2.16889e-07 0.185316 5.41972e-06 3.32065e-07 0.0641596 0.0356504 0.107766 0.0376954 5.08867e-08 0.190968 1.65654e-08 
0.486288 0.00226684 0.00183328 2.58198e-05 0.0166464 0.000439391 0.00166774 0.152048 0.171003 0.0278365 0.00143872 0.000160148 0.138298 4.77361e-05 
0.470229 0.00729141 0.000887729 4.52483e-06 0.00869159 5.66749e-05 0.00545098 0.00348765 0.0127165 0.470092 0.00121477 0.000185308 0.019057 0.000634642 
0.954923 0.00249417 2.7499e-06 1.55646e-05 0.00920721 7.26657e-05 0.00159054 0.00309732 0.00108935 0.0227387 0.000193538 6.8409e-05 0.00450515 1.87e-06 
0.443912 0.0368936 1.61599e-07 0.00513309 0.0671584 0.00187488 0.00232226 0.0915999 0.0187009 0.17521 0.000418452 0.0168901 0.139132 0.000753938 
0.473987 0.0179008 0.193033 7.30712e-05 0.168743 3.98294e-05 0.0591858 0.00149489 0.00605813 0.0640544 0.0051516 0.000556907 0.00972051 6.46957e-07 
0.440641 0.0180845 0.000810655 0.000129119 0.0133099 0.00406585 0.0371494 0.0108928 0.0480625 0.370049 0.00529684 2.03277e-05 0.0510004 0.000488122 
0.352472 0.173247 0.0149652 0.000223992 0.174656 0.00032607 0.0349001 3.95632e-06 0.0222379 0.216046 0.000830503 0.000133787 0.00993228 2.57768e-05 
0.354484 0.029725 0.0407737 4.42041e-05 0.0813984 3.92926e-05 0.0523867 0.0180427 0.288202 0.0237978 0.00693427 0.00314788 0.100367 0.000656915 
0.284617 0.123962 0.0266365 1.5436e-05 0.103196 0.000768286 0.0246464 0.000117469 0.125956 0.120673 0.0811762 0.0033078 0.00738532 0.097543 
0.635823 0.023214 0.0147921 0.0037537 0.0121771 0.000910795 1.13764e-06 1.1379e-06 1.13789e-06 0.2976 1.13776e-06 0.00204908 0.0096743 1.13733e-06 
0.569245 0.0346042 0.00963544 0.00132567 0.174417 0.00494865 0.0101089 0.00713838 0.00667405 0.0734636 0.00796166 0.00321024 0.0972558 1.09164e-05 
0.827072 0.0102313 2.42008e-05 0.0001776 0.002443 0.0025646 0.00120301 0.00518683 0.00501032 0.100152 0.000255641 1.46403e-05 0.0456438 2.11088e-05 
0.325731 0.0219244 0.00521367 0.0797595 0.179591 0.000643682 0.00509283 0.0136576 0.0280895 0.178118 0.00642403 0.0721948 0.0832898 0.000270337 
0.269075 0.0453117 0.0193075 0.017107 0.050288 9.50121e-05 0.00471738 0.000221597 0.194135 0.171189 0.093274 5.9955e-06 0.135262 1.08714e-05 
0.421633 0.0344184 0.133244 1.82237e-06 0.0861007 3.38653e-06 0.00174954 8.04219e-08 2.08515e-06 0.282529 0.000969149 1.01952e-07 0.0393396 9.39734e-06 
0.652183 0.0822298 0.0178314 3.45335e-05 0.0333736 0.000119695 0.00449041 0.000337466 0.00497268 0.142426 0.00392919 1.57569e-05 0.0580541 1.90608e-06 
0.954442 0.0161258 0.00102751 2.97581e-08 0.000571247 6.47051e-08 6.82353e-07 8.0357e-08 0.00364632 0.0175709 0.00661442 4.11505e-12 5.29258e-07 8.55968e-12 
0.488248 0.00404478 0.000224423 0.00229812 0.481391 2.87716e-05 0.000689402 0.00322101 0.00013981 0.00211928 0.000715086 0.00129207 0.0155039 8.48235e-05 
0.613105 3.3211e-08 7.86968e-06 1.15209e-08 0.000183123 2.29566e-08 0.00126975 0.000144189 0.00573668 0.355871 0.00378739 1.36286e-08 0.0198734 2.12046e-05 
0.587601 0.0609564 1.40038e-07 2.65051e-07 0.00594558 0.000129436 0.000823615 0.00771703 0.05342 0.276338 0.000585448 1.03728e-05 0.0064712 1.06482e-06 
0.69732 0.00449844 0.000177925 4.15486e-09 0.00177418 0.0198002 0.0729378 0.0282912 0.0182958 0.0990574 0.00880258 3.52389e-05 0.0489454 6.42142e-05 
0.904695 0.0020004 3.68513e-09 3.76749e-05 0.00203379 0.00163283 0.000870362 0.0385953 0.000509181 0.00932809 0.000378605 2.69943e-05 0.0398885 3.0726e-06 
0.512024 0.157518 0.0148338 0.000168298 0.159054 2.82413e-05 0.0230158 0.00032269 0.00262252 0.125234 0.00429636 3.07382e-05 0.000802829 4.97388e-05 
0.512737 0.0799141 0.00143341 3.7413e-05 0.000605568 5.31713e-06 0.00202398 0.00564582 0.0123572 0.264818 0.0124067 6.30941e-07 0.107972 4.18448e-05 
0.488248 0.00404478 0.000224423 0.00229812 0.481391 2.87716e-05 0.000689402 0.00322101 0.00013981 0.00211928 0.000715086 0.00129207 0.0155039 8.48235e-05 
0.660339 0.0189549 0.000562309 0.00341644 0.145679 0.00397556 0.00393721 0.0601356 0.000908506 0.0444645 0.00125282 0.00981662 0.0465523 5.68098e-06 
0.54911 0.0268068 0.00142734 0.000268032 0.0534161 0.00549707 0.0315704 0.0308242 0.0312419 0.20363 0.00477718 0.00714825 0.0541575 0.00012542 
0.43585 0.0402559 0.00801334 0.000133134 0.0561927 3.45905e-05 0.0325071 0.0122997 0.00999456 0.362882 0.0031461 0.00287918 0.0340206 0.00179097 
0.629357 0.00968848 0.00246959 1.29102e-05 0.281604 2.92805e-05 0.0081486 0.000493852 0.0206622 0.0193665 0.00250226 0.00042353 0.0250627 0.000179052 
0.522913 0.030648 0.00834783 0.00146453 0.0333172 0.000670142 0.00672374 0.0168101 0.0673949 0.249569 0.0114224 0.000277766 0.0474738 0.00296744 
0.913803 3.12218e-05 9.42584e-13 6.86559e-09 9.43479e-06 0.000174583 0.000656847 0.000105341 0.0307168 0.0519273 6.05982e-05 5.13052e-06 0.00250799 1.32375e-06 
0.496059 0.125756 0.000547939 0.000298008 0.143834 0.000437405 0.0159793 0.0424118 0.0688076 0.0899203 0.00265892 0.000136047 0.0117014 0.00145242 
0.47848 0.0635083 0.00140137 2.42449e-05 0.0163749 0.0185058 0.0279576 0.00235883 0.177662 0.108811 0.00973909 0.0242125 0.0705817 0.000383138 
0.579032 0.000539608 3.29265e-06 2.49391e-06 0.01844 0.00168446 0.0041403 0.000404201 0.00770025 0.342566 0.0098155 9.58284e-06 0.035592 6.98334e-05 
0.488248 0.00404478 0.000224423 0.00229812 0.481391 2.87716e-05 0.000689402 0.00322101 0.00013981 0.00211928 0.000715086 0.00129207 0.0155039 8.48235e-05 
0.258811 0.0107862 0.0435593 8.44548e-05 0.147569 7.45082e-05 0.0197774 0.000375417 0.208759 0.157308 0.0151018 7.13211e-06 0.137732 5.52235e-05 
0.445934 0.107145 0.00149105 0.000106916 0.0494105 0.000349962 0.0183053 0.00407249 0.032944 0.308474 0.00188681 0.000231763 0.0285518 0.00109607 
0.435606 0.0394095 0.00378527 0.000631024 0.021112 4.2836e-05 0.347299 0.0264755 0.0181268 0.0467306 0.0166147 0.0036098 0.0399752 0.000581721 
0.661845 0.0168572 0.00148546 2.35561e-05 0.264227 1.79349e-05 0.0145931 0.000170595 0.00145179 0.0247799 0.00288813 0.000265868 0.0113887 6.14703e-06 
0.59706 0.00502915 6.56896e-08 3.09511e-07 0.161919 7.11577e-05 0.0104827 0.00275628 0.0119054 0.0211396 0.064966 0.000500858 0.124106 6.34499e-05 
0.336413 0.127181 0.0118664 0.000635579 0.0837149 8.29189e-05 0.0287588 0.0119518 0.0153733 0.314529 0.00729467 0.00370511 0.0553652 0.00312833 
0.704905 0.00769258 5.57669e-05 0.000672001 0.0549024 0.00211025 0.00774714 0.0179037 0.00575658 0.147653 0.00147772 0.00207802 0.0470345 1.20531e-05 
0.747367 0.0324988 0.00143683 6.92275e-05 0.0557277 2.7736e-05 0.0164822 0.0066569 0.021642 0.098043 0.00114302 0.000141675 0.0142339 0.00452984 
0.69732 0.00449844 0.000177925 4.15486e-09 0.00177418 0.0198002 0.0729378 0.0282912 0.0182958 0.0990574 0.00880258 3.52389e-05 0.0489454 6.42142e-05 
0.377147 0.0390252 0.107654 0.000482052 0.148698 8.43531e-05 0.00543199 0.00635769 0.109876 0.171109 0.0115796 0.00313151 0.0193177 0.0001052 
0.505468 0.000557215 2.93935e-08 2.88728e-08 0.482546 0.00062872 0.000542187 7.3006e-05 0.00205231 0.00175377 0.000851441 0.000264909 0.00518434 7.87995e-05 
0.584461 0.121099 0.00247096 0.000161348 0.0484629 0.000169775 0.0135752 0.0328238 0.0265977 0.144253 0.000483719 7.73093e-05 0.0211485 0.00421571 
0.557615 0.0126782 0.0107807 0.00151712 0.373828 0.000104377 0.00208654 0.00018944 0.000212585 0.017812 0.000332636 0.00101394 0.0218277 1.64471e-06 
0.405804 0.0718069 6.74339e-09 3.92433e-08 0.0140242 0.0451306 0.0031052 0.00114844 0.247383 0.0879583 0.000367418 0.0148981 0.0996852 0.0086894 
0.45805 0.0150504 0.000219385 0.000388819 0.00264924 0.00229935 0.0304539 0.000124471 0.0102255 0.430215 0.0103769 4.93886e-06 0.0393313 0.000610988 
0.561328 0.0120456 0.0026702 0.0136379 0.172778 0.000251714 0.00717598 0.00589565 0.0700917 0.131551 0.00669467 0.0016125 0.0133528 0.00091377 
0.288733 0.0159341 6.95367e-07 2.47528e-07 0.263209 0.000695934 0.0243172 0.000273916 0.106677 0.174362 0.0629895 9.66999e-05 0.0627106 5.01833e-10 
0.366432 0.0469896 0.0336175 0.000131847 0.136662 0.00207551 0.0412254 0.00963184 0.0371493 0.213028 0.0123606 0.00420306 0.0962679 0.000224827 
0.305339 0.274046 0.015752 0.000114155 0.129644 0.00203102 0.0166278 1.93991e-06 0.0105934 0.240617 0.0003966 9.27905e-05 0.0047315 1.25872e-05 
0.792763 0.0674228 5.82589e-06 0.0125159 0.00786757 5.32493e-05 0.0335627 3.17329e-05 0.00555253 0.0324995 0.00592949 0.025347 0.0164138 3.49798e-05 
0.337043 0.121037 0.00364034 6.98577e-05 0.0512937 0.000416834 0.0225985 0.011135 0.0277579 0.314458 0.0203462 0.000185528 0.0895702 0.000448001 
0.718265 0.0126993 0.000678473 0.000252093 0.0219297 0.000440368 0.00464036 0.0258532 0.0103854 0.160275 0.00265577 0.000135233 0.0417396 5.0426e-05 
0.908344 0.0196942 6.4235e-06 1.55076e-09 0.0070573 3.29551e-06 0.01045 0.00333362 0.00687944 1.20428e-10 2.04056e-06 3.43528e-05 0.0441952 1.02174e-08 
0.714456 0.0816173 2.6852e-07 4.09754e-05 0.0415617 0.000227568 0.0596583 0.000364911 0.0120262 0.0885891 0.00056976 3.00958e-05 0.000366189 0.000491669 
0.472772 0.140862 0.0456118 0.00242233 0.155618 2.91153e-05 0.00567686 5.57347e-06 0.000880673 0.160869 0.000323235 0.0148138 2.18604e-05 9.28543e-05 
0.658627 0.0489442 0.00011022 0.000958808 0.0955025 0.00131999 0.00876061 0.0159551 0.00363963 0.115304 0.00334838 0.00310978 0.0440418 0.000378069 
0.950267 0.00013094 0.00216469 1.58417e-05 0.0233678 2.31914e-05 0.00136638 9.10685e-06 3.6261e-05 0.00550568 0.0158978 7.17248e-05 0.00114223 1.19336e-06 
0.314801 0.0191648 0.000167775 3.12701e-05 0.0233596 0.000464462 0.00299377 0.255488 0.0885544 0.0458075 0.0060581 3.53913e-05 0.243074 3.76835e-07 
0.787357 0.0400623 0.000533362 2.60049e-05 0.00355779 0.0012304 0.00315966 0.030654 0.0368457 0.0631986 0.00187409 0.000152002 0.0313414 7.62735e-06 
0.368171 0.0259854 0.0646361 0.00142548 0.0168594 0.0110003 0.0643394 0.00718439 0.174456 0.173676 0.0196024 0.00160663 0.0677689 0.00328918 
0.654315 0.0291499 0.000124147 0.000100926 0.0308243 0.00310373 0.00237512 0.0620541 0.0114038 0.184887 0.00412486 0.00020429 0.0172455 8.65682e-05 
0.305183 0.00335196 0.0325404 0.003886 0.0482942 0.000374176 0.00793144 0.00232519 0.0756508 0.220587 0.117856 0.000721341 0.181252 4.57376e-05 
0.361534 0.00307294 0.105942 0.00121754 0.239786 0.000552099 0.00532592 0.000179684 0.00301439 0.00296837 0.00481451 0.204289 0.0662099 0.00109353 
0.435123 0.0331772 1.89884e-05 9.71741e-06 0.111398 0.000572174 0.00197519 3.46692e-05 0.00834051 0.0575787 6.30197e-05 0.351033 0.000651052 2.48551e-05 
0.760537 0.0776916 1.10147e-06 2.75317e-07 5.11609e-06 0.000236838 0.0173993 1.10516e-07 0.00275627 0.133859 0.00566133 0.00159269 2.35981e-07 0.000259451 
0.398087 0.00269839 0.00654288 2.6088e-06 0.00818978 0.000429662 0.0157564 0.0100247 0.317907 0.112687 0.0130548 0.000192396 0.112988 0.00143897 
0.362119 0.0362933 0.0119315 0.00135403 0.0510783 0.00439657 0.0287147 0.0187105 0.0967729 0.235758 0.032985 0.00436732 0.114303 0.00121571 
0.441088 0.0060605 0.0453493 8.03913e-06 0.0638711 0.0035697 0.0461667 0.0116372 0.0161967 0.20476 0.01756 5.11522e-05 0.14357 0.00011216 
0.724406 0.00161576 0.00105937 0.00163438 0.0117605 5.3227e-05 0.00710413 0.00242422 0.00052231 0.213134 0.0193284 4.61658e-06 0.0169451 8.05506e-06 
0.343805 0.0625077 0.00151291 4.53101e-06 0.137445 2.94884e-05 0.00845285 0.0110153 0.0671959 0.29014 0.0605136 0.000567937 0.0151683 0.00164168 
0.28867 0.0410722 0.029546 0.00516083 0.0923674 3.13146e-05 0.0360872 0.0309441 0.0735498 0.185793 0.111903 0.00605939 0.098652 0.000162556 
0.626061 0.104248 0.0984232 4.49996e-05 0.0207818 5.16562e-08 0.0210138 0.010901 0.065037 0.0335907 0.0140744 1.87288e-08 0.00581454 8.60222e-06 
0.904695 0.0020004 3.68513e-09 3.76749e-05 0.00203379 0.00163283 0.000870362 0.0385953 0.000509181 0.00932809 0.000378605 2.69943e-05 0.0398885 3.0726e-06 
