0.00611661 0.00140123 0.00284627 2.60344e-06 0.0211375 0.0157757 0.00679756 1.74038e-05 0.00865848 0.00434759 0.85723 0.00133184 0.0654117 0.00892513 
0.00481423 0.000397729 0.012457 9.40369e-08 0.0119669 1.0046e-07 0.000676371 2.1952e-08 0.0455666 0.0180559 0.804934 3.64235e-08 0.1011 3.05828e-05 
0.0277681 0.0114919 0.0310587 0.00190367 0.00207024 0.000934097 0.00456659 0.0173889 0.0065087 0.159857 0.556626 1.60022e-06 0.179824 3.59878e-07 
0.00578972 0.00148924 0.00305785 3.89525e-06 0.000137923 1.49379e-05 0.000183357 0.000731551 0.000488099 0.00294919 0.974148 4.88756e-07 0.0109755 3.00554e-05 
0.302112 0.00181755 2.04565e-07 1.48874e-08 0.00464185 6.84135e-08 0.000656424 5.55267e-05 0.0804594 0.0579735 0.40496 6.9504e-06 0.147316 1.32776e-07 
0.07785 0.0222177 0.0102896 1.10284e-05 0.00295268 0.00167704 0.00301077 0.0670663 0.0354649 0.0286904 0.597887 6.31559e-05 0.15271 0.000109408 
0.0434431 0.00135852 0.0208354 0.000576516 0.0323513 0.00122096 0.0111391 0.00411487 0.328978 0.0270021 0.411364 0.000152309 0.117464 1.53443e-07 
0.0800898 0.00876526 0.134839 6.13332e-07 0.182549 6.74876e-07 0.0123049 8.91961e-08 0.215493 0.0282159 0.263682 0.0204735 0.0535867 8.7017e-10 
0.0778238 0.00125319 0.00252638 0.00113021 0.0313949 2.32447e-05 0.00721327 0.000706912 0.0112085 0.0288133 0.782452 1.09938e-05 0.0554318 1.14248e-05 
0.0401705 1.57652e-05 0.0042168 1.57238e-10 0.00729691 1.67978e-10 0.0201539 0.0227742 0.00179849 0.0255977 0.794548 6.09033e-11 0.0834276 1.26684e-10 
4.41793e-07 3.01421e-12 4.54428e-12 1.24821e-11 3.63916e-08 1.33347e-11 6.16204e-12 4.48758e-08 8.92538e-05 3.00589e-09 0.947318 1.06412e-08 0.0525926 1.00567e-11 
0.154095 0.0267958 2.11263e-05 4.01356e-06 0.0418932 6.30464e-06 0.0144578 0.000255334 0.0633253 0.0125108 0.686389 1.18041e-05 0.000221979 1.24304e-05 
0.257835 0.00689159 0.00315079 0.000235277 0.00847342 0.0105332 0.0104111 0.0092205 0.0253519 0.221083 0.401152 6.7298e-05 0.0450712 0.000524353 
0.323086 0.000150548 0.00726074 0.000412958 0.0579227 3.49236e-06 0.095875 2.07785e-11 0.0214332 0.0977312 0.38222 1.22182e-06 0.0137643 0.000139079 
0.00986203 0.000103172 0.00269505 4.21477e-08 0.0200044 0.000122877 9.4786e-05 0.000268195 0.0754297 0.0185592 0.837147 1.36202e-06 0.0357108 1.30388e-06 
0.235368 0.000158577 0.0026684 0.000188257 0.0132825 0.00143142 0.0115847 0.00230347 0.000661098 0.145178 0.505234 1.44045e-05 0.0819234 3.17862e-06 
0.0229964 0.0194764 0.011824 0.000278851 0.00731665 0.00183295 0.0188666 0.0121952 0.0289413 0.0463942 0.751189 0.00013041 0.0763595 0.00219857 
0.0293311 0.000281108 8.56886e-07 1.17155e-11 0.00418262 1.25158e-11 1.85067e-07 0.000374595 0.0884865 0.0236408 0.486442 5.00035e-05 0.363174 0.00403583 
2.16897e-05 2.16868e-05 0.0412223 2.16726e-05 2.16879e-05 2.16713e-05 2.16821e-05 0.106288 0.156166 0.0715983 0.62453 2.16841e-05 2.16893e-05 2.16762e-05 
0.000142463 0.000988067 1.15672e-06 1.85052e-05 0.170854 1.52143e-05 4.29026e-06 0.000122279 0.346775 1.6693e-10 0.422028 0.026837 0.0287306 0.0034833 
0.0366948 0.00583707 0.003384 0.000550153 0.0149668 0.00270866 0.00289874 0.000421062 0.193099 0.0256566 0.563989 0.000116176 0.147245 0.00243307 
0.156475 0.000304225 0.0358829 3.7943e-06 0.0707232 7.98069e-05 0.0757044 0.000260807 0.194935 0.0252779 0.238415 2.70292e-05 0.201907 3.27275e-06 
0.00259783 0.00152818 0.076155 6.53427e-05 0.0154992 2.24139e-07 0.00134668 4.89776e-08 0.0442219 0.0279818 0.830158 8.12653e-08 0.000445649 1.69039e-07 
0.0697296 0.00519835 0.0411353 0.00148255 0.239881 0.000271466 0.00865383 0.00649797 0.0456975 0.0763426 0.449364 0.000774547 0.0476637 0.00730763 
0.218484 0.054289 0.0025659 0.0269387 0.0387191 0.000721701 0.00867634 0.0107406 0.0821412 0.0520837 0.437766 2.23733e-05 0.0666002 0.000251381 
0.000739906 0.00048234 0.000370312 0.00097661 0.169953 9.15397e-05 0.000243733 9.77971e-05 0.107079 0.00200556 0.676923 4.0745e-05 0.0409958 9.30229e-07 
0.00577768 0.000451098 5.81918e-08 7.30099e-05 0.00110074 0.00357138 5.4597e-05 0.0176929 0.048347 0.00207845 0.642157 3.45252e-06 0.278674 1.85078e-05 
0.130729 0.0108475 0.0002214 0.000627988 0.01186 0.00173454 0.0213389 0.000621036 0.16708 0.234972 0.267564 1.78814e-05 0.151954 0.000432045 
0.0249847 0.0430691 0.0365913 0.000343831 0.00401256 0.000139795 0.0139225 0.00185772 0.0478099 0.0148577 0.636059 6.09909e-05 0.176288 3.61417e-06 
0.176095 0.00015007 0.00051236 0.000394583 0.0035638 1.18596e-07 0.0085936 0.000236211 0.00248365 9.21975e-05 0.745898 0.00305911 0.0403586 0.0185624 
0.129155 0.088762 1.37376e-08 3.77342e-08 0.000997711 8.95182e-05 0.0765109 2.38667e-06 5.474e-06 0.0109154 0.649443 1.02991e-05 0.0441081 3.04019e-08 
0.127325 0.00792058 0.00101678 3.11799e-06 0.00649881 0.0284381 0.0201833 0.00509127 0.26948 0.089794 0.274112 0.000709162 0.166654 0.00277388 
0.0630133 0.0059128 0.00286572 0.00055477 0.000635011 0.00186676 0.00138756 0.00368469 0.0261797 0.155975 0.426669 2.229e-06 0.311254 9.3216e-08 
0.0298903 0.00117038 0.0315629 1.87923e-06 0.0230971 0.000219666 0.00848478 0.0051612 0.0666059 0.195501 0.546756 2.11131e-05 0.0914997 2.83498e-05 
0.109762 0.00113481 0.00673797 6.91688e-05 0.0153619 0.00132359 0.111144 0.00190401 0.00509753 0.257472 0.46334 5.28514e-06 0.0266468 2.30343e-08 
0.127738 0.0359056 0.00119386 0.0869986 0.0368739 3.94242e-05 0.00964521 0.000897649 0.0178135 0.234737 0.362711 1.15602e-05 0.0854097 2.55074e-05 
0.00241089 0.000893933 0.0120806 3.55331e-06 0.000609744 3.1384e-05 0.00071805 0.0798932 0.00029575 0.000772928 0.507921 2.94968e-07 0.394369 2.31178e-10 
0.145326 0.0199843 0.0327256 0.00844303 0.1875 6.34528e-05 0.00735812 0.0022051 0.042184 0.0173514 0.413319 0.017694 0.0869628 0.0188835 
0.206149 0.0679484 0.00111282 2.7159e-06 0.00820147 7.80579e-06 0.282343 0.000431933 0.00320513 0.0410449 0.285958 0.00245137 0.101143 5.39802e-07 
0.0246689 0.00143295 0.000451006 5.25392e-06 0.000299414 0.00441837 0.000547305 0.00110268 0.00125336 0.0293958 0.694132 1.24019e-05 0.242269 1.13925e-05 
0.101238 0.00954928 0.0502369 5.20017e-07 0.0757732 2.28971e-05 0.000987592 0.00279036 0.114827 0.0581505 0.451411 0.000173492 0.134773 6.79544e-05 
0.0243145 1.32345e-07 9.55531e-07 0.0251267 0.0177102 5.14011e-07 0.00777125 1.46651e-10 0.0245245 0.033944 0.800737 3.2772e-07 0.06587 2.57788e-07 
0.0703272 0.000132038 0.00103799 1.06905e-07 0.0166474 1.37882e-05 1.66179e-05 0.00100746 0.213277 0.0253554 0.515916 4.14078e-08 0.14823 0.00803878 
0.256392 0.0090807 0.00435321 1.47018e-06 0.00517243 0.000241836 0.0102756 0.00162273 0.0511844 0.0450441 0.309653 3.47055e-06 0.306959 1.59882e-05 
0.00552811 0.00494035 0.130103 9.98731e-11 0.155734 2.65966e-05 0.00725531 0.000115488 0.126211 0.142054 0.413365 0.00085849 0.0130019 0.000806818 
0.00430218 0.0017082 0.000345306 1.11573e-07 0.00053661 1.19194e-07 0.00111818 0.0010158 0.00208295 0.00155181 0.979948 4.32156e-08 0.00712061 0.000269768 
0.106978 0.012408 0.0100782 0.000448275 0.0051186 0.000275757 0.00953309 0.0156734 0.0229814 0.0631235 0.657537 1.54842e-05 0.0958154 1.33947e-05 
0.0188303 0.00274431 0.000899822 8.07587e-09 0.00206608 0.000562537 0.00121735 0.000607068 0.0197247 0.0039876 0.93235 2.19228e-05 0.016976 1.26538e-05 
0.0155807 0.000344866 0.00426618 2.21533e-06 0.00478779 0.000242567 0.0186122 0.00766038 0.00346636 0.00119248 0.714154 3.20221e-07 0.229687 3.085e-06 
0.0145943 3.05183e-07 0.0148564 0.0150899 0.0367022 1.18542e-06 0.0225036 5.80274e-10 0.122036 0.0631351 0.670799 7.55491e-07 0.0395324 0.000748808 
0.104595 0.000347774 0.00258517 2.68831e-06 0.201518 0.0020546 0.000380206 5.31907e-05 0.00766837 0.0113188 0.330773 0.27323 0.0654684 4.84219e-06 
0.205994 0.0258988 0.0525594 0.000473623 0.0239775 0.00421262 0.0261412 0.00142952 0.167555 0.191928 0.248577 2.72915e-05 0.0489927 0.00223354 
0.00856103 0.000172602 0.00100175 0.000145867 0.00231646 3.12321e-05 0.0118338 5.45297e-05 0.0174776 0.00490637 0.882618 0.000393038 0.0698185 0.000669186 
0.0188303 0.00274431 0.000899822 8.07587e-09 0.00206608 0.000562537 0.00121735 0.000607068 0.0197247 0.0039876 0.93235 2.19228e-05 0.016976 1.26538e-05 
0.205256 0.00806056 0.00690984 4.12972e-05 0.0652618 0.00956363 0.0334946 0.00738793 0.0170174 0.0617443 0.46442 0.00574672 0.112304 0.00279208 
0.0146858 0.000142726 6.47811e-07 4.55883e-10 0.00209879 4.87022e-10 3.73292e-06 0.000189803 0.0442807 0.011842 0.656884 2.61743e-05 0.267759 0.00208612 
0.00553772 0.00528147 0.00726415 1.4696e-10 0.0148535 0.000309674 9.7219e-08 0.000142779 0.302301 0.000348832 0.651018 4.91781e-05 0.0128933 1.18404e-10 
0.00986203 0.000103172 0.00269505 4.21477e-08 0.0200044 0.000122877 9.4786e-05 0.000268195 0.0754297 0.0185592 0.837147 1.36202e-06 0.0357108 1.30388e-06 
0.202105 0.00103462 0.0393698 1.47686e-08 0.00431737 2.1532e-06 0.0261977 0.00665348 0.0175643 0.268239 0.304295 2.03818e-06 0.130218 1.8878e-06 
0.0401705 1.57652e-05 0.0042168 1.57238e-10 0.00729691 1.67978e-10 0.0201539 0.0227742 0.00179849 0.0255977 0.794548 6.09033e-11 0.0834276 1.26684e-10 
0.0942946 0.0443061 0.0234746 0.00641664 0.0438445 1.67578e-05 0.174227 0.00067504 0.0202915 0.25363 0.276711 2.14641e-05 0.0620601 3.0992e-05 
0.0531051 0.00377549 0.0622825 6.22616e-05 0.0341153 2.3969e-08 0.00553223 5.81727e-05 0.0196411 0.164883 0.489981 0.0511746 0.115219 0.000170873 
0.0601663 0.00856215 1.01768e-05 0.000330172 0.00541331 0.00598199 0.00233712 0.0479731 0.000249051 0.000729531 0.709442 6.51265e-05 0.154963 0.00377707 
0.0240596 0.0258974 8.78899e-06 1.00479e-08 0.150481 1.07342e-08 0.00303683 4.50969e-07 0.00396233 0.000315173 0.792231 7.55757e-07 1.10619e-09 7.48769e-06 
0.134304 0.00796804 0.0237995 0.0170722 0.135952 0.00247243 0.0160648 0.0118336 0.0506435 0.0912292 0.269459 0.000514353 0.236604 0.00208344 
0.129681 3.56151e-07 5.51718e-12 9.21949e-06 0.000121322 0.00168369 0.0013733 0.00440544 0.00423444 0.0598318 0.649933 3.21071e-06 0.148724 2.32358e-09 
0.225602 0.00253001 0.00154233 2.22172e-07 0.0136724 0.00510044 0.0180589 0.0092264 0.01063 0.116178 0.454627 0.000221786 0.141066 0.0015449 
0.0872072 0.0156846 0.00135455 5.34538e-06 2.68779e-07 5.29054e-08 0.00258837 0.0542779 0.0243797 0.110181 0.419968 6.09519e-08 0.284353 2.63623e-08 
0.0188303 0.00274431 0.000899822 8.07587e-09 0.00206608 0.000562537 0.00121735 0.000607068 0.0197247 0.0039876 0.93235 2.19228e-05 0.016976 1.26538e-05 
0.0585798 0.00014067 4.37998e-07 3.53448e-07 0.00243256 4.00774e-07 0.000446971 0.00018744 0.0442454 0.0118213 0.563564 2.50681e-05 0.316534 0.00202244 
0.0596145 0.00196234 0.00156776 0.000178056 0.0225289 0.00105437 0.00534827 0.0110908 0.0158185 0.121949 0.567022 0.000176261 0.191606 8.3084e-05 
0.144175 0.0132465 0.00241619 0.000386295 0.0118661 0.00509141 0.00309886 0.000649015 0.0186723 0.111385 0.63703 1.94023e-05 0.051958 5.62103e-06 
0.11715 0.0580043 0.00136465 0.00302386 0.0317445 0.000174601 0.161022 0.00240305 0.0336407 0.143192 0.393692 1.56533e-05 0.054206 0.000366666 
0.0188303 0.00274431 0.000899822 8.07587e-09 0.00206608 0.000562537 0.00121735 0.000607068 0.0197247 0.0039876 0.93235 2.19228e-05 0.016976 1.26538e-05 
0.00241089 0.000893933 0.0120806 3.55331e-06 0.000609744 3.1384e-05 0.00071805 0.0798932 0.00029575 0.000772928 0.507921 2.94968e-07 0.394369 2.31178e-10 
0.0697691 0.000342139 0.0033274 0.00160366 0.0152102 7.77793e-05 0.0111472 0.000516912 0.0255805 0.0882575 0.749763 4.87985e-06 0.0343967 3.35615e-06 
0.0024496 0.0333826 8.19925e-05 3.06813e-07 2.19328e-07 1.25128e-07 0.000273695 0.175805 0.0290997 0.216509 0.442623 2.52167e-08 0.0617472 0.038027 
0.372928 0.00391984 0.00292204 7.78924e-07 0.00702481 0.00260618 0.0036889 0.000450475 0.00372074 0.148868 0.422349 2.32322e-11 0.0315214 2.5999e-08 
0.00582188 0.0213571 0.00782125 1.55467e-08 0.0181889 1.66087e-08 0.0172228 0.000311188 0.066924 0.0346752 0.608939 8.68416e-07 0.218715 2.31406e-05 
0.334267 0.0370974 0.00980086 7.10703e-07 0.0787544 3.40736e-07 0.0063578 0.000198178 0.00181857 0.0418551 0.484459 1.34322e-05 0.00537631 1.30118e-07 
0.0188303 0.00274431 0.000899822 8.07587e-09 0.00206608 0.000562537 0.00121735 0.000607068 0.0197247 0.0039876 0.93235 2.19228e-05 0.016976 1.26538e-05 
0.0255355 0.000444812 0.0246829 9.69144e-07 0.0013318 0.000349693 6.95911e-06 0.000124505 0.000382343 0.133259 0.716896 5.58252e-05 0.0969298 9.01935e-11 
0.15267 0.00385568 0.0106705 3.38335e-05 0.00756053 0.00373855 0.0159372 0.0172882 0.0988775 0.0551001 0.44458 1.11619e-05 0.18967 7.01061e-06 
0.0982327 0.0378179 0.0055427 3.14429e-05 0.0035024 0.000716973 0.000716964 0.000192723 0.0473622 0.0654677 0.666204 1.6216e-06 0.0742092 1.19648e-06 
0.0296321 0.012042 0.00352915 5.30357e-06 0.0217849 4.76748e-07 0.00802939 7.17657e-07 0.000187756 0.0396612 0.880714 1.76645e-06 0.00441033 3.5955e-07 
0.00273011 0.000866099 0.0122289 2.34053e-05 0.0515542 1.5128e-06 0.0094062 3.30569e-07 0.175736 1.27687e-05 0.634023 5.17738e-06 0.0677054 0.0457073 
0.0323881 0.00376034 0.0753594 0.00143685 0.0199967 0.000442045 0.00926628 0.00139849 0.0240947 0.0644038 0.725513 0.00116231 0.0399245 0.000853489 
0.145197 0.0142718 0.118482 4.77244e-05 0.17737 2.06033e-05 0.002002 0.000182329 0.00964965 0.117445 0.363247 0.0185924 0.0334293 6.40647e-05 
0.0271192 0.000411747 0.00798841 0.00179101 0.00305802 0.0474509 0.0161707 0.0182726 0.245935 0.0278572 0.318693 3.01993e-05 0.285223 1.04936e-07 
0.0246689 0.00143295 0.000451006 5.25392e-06 0.000299414 0.00441837 0.000547305 0.00110268 0.00125336 0.0293958 0.694132 1.24019e-05 0.242269 1.13925e-05 
0.26858 3.07472e-05 1.11473e-07 4.69924e-07 0.000154499 0.000802599 0.00153571 0.00216471 0.00256566 0.051424 0.591418 6.38201e-07 0.0813223 1.39394e-09 
0.00895145 0.00064749 0.0578781 6.78084e-05 0.0173313 2.23669e-05 0.0150894 0.00170571 0.0380826 0.0107515 0.645263 7.27033e-06 0.20416 4.10861e-05 
0.0291451 0.00366204 0.00429835 0.0323038 0.0721496 0.000450107 0.0109053 0.0379583 0.00970894 0.0623917 0.462713 0.00392847 0.270381 3.73968e-06 
0.0149022 0.00697288 0.0040698 8.03665e-10 0.0102285 0.00791167 0.00479869 0.01291 0.235351 0.0271812 0.48533 2.57394e-08 0.190343 1.11152e-06 
0.0807092 0.00410262 0.006406 2.68018e-06 0.0620719 0.00561166 0.00932209 0.000339112 0.0666295 0.0140024 0.649945 0.000369794 0.100488 1.95365e-08 
0.104595 0.000347774 0.00258517 2.68831e-06 0.201518 0.0020546 0.000380206 5.31907e-05 0.00766837 0.0113188 0.330773 0.27323 0.0654684 4.84219e-06 
0.0387152 0.0263309 0.00860667 1.06799e-05 0.0163388 0.00264072 0.00345468 0.284795 0.0174545 0.025433 0.543005 2.24184e-05 0.0330824 0.000110833 
0.0359786 3.01155e-08 0.0250929 9.15163e-06 0.14907 0.000144977 0.306087 6.57748e-07 0.0628038 0.0179871 0.353855 1.21135e-06 0.0489701 2.13187e-07 
0.0124767 0.00126405 0.0234932 1.75451e-05 0.00461269 0.00238876 0.00278456 0.000887531 0.00230318 0.0131069 0.804296 9.80086e-06 0.132063 0.000295644 
0.019633 0.000914057 0.00114123 0.000108207 0.00122204 0.00221142 0.0101861 0.0152936 0.031476 0.0491181 0.539309 7.46911e-06 0.3284 0.000979912 
0.00718049 0.000788866 0.121828 1.09291e-06 1.36496e-05 1.47641e-09 0.00120742 0.0432958 0.00880248 0.0420806 0.529675 7.85705e-07 0.245125 1.20719e-06 
0.00239961 0.00114432 0.000103759 0.0873085 0.0431955 4.8148e-07 0.00178361 6.99754e-11 0.00677002 0.0140774 0.817902 3.07064e-07 0.0252567 5.77674e-05 
0.134472 0.0078553 0.0705436 0.000333297 0.0323194 0.000101698 0.0157977 0.00278133 0.0622942 0.292685 0.326157 1.56255e-05 0.0545976 4.60067e-05 
0.104426 4.91187e-08 1.67196e-06 3.11553e-07 0.00445055 8.35755e-05 0.00620927 0.0119346 0.0689054 0.0458501 0.572197 2.00973e-10 0.185941 3.60036e-07 
0.0127782 0.000679062 9.22393e-06 1.42399e-07 0.000422592 0.00125151 0.00196653 0.038282 0.00313151 0.0329746 0.87117 9.10069e-08 0.0373341 8.39952e-08 
0.0958988 1.64662e-05 1.69467e-06 9.67302e-05 0.000527921 0.00617812 6.29292e-05 0.0247358 0.00695048 0.0718013 0.456503 2.73186e-08 0.337227 6.0779e-08 
0.276607 0.0109119 0.0257814 4.41811e-10 0.00836516 4.14544e-05 0.124537 1.03136e-10 0.000653293 0.0432494 0.462583 1.8767e-07 0.0472693 1.47664e-07 
0.00932014 0.000362191 0.000202649 4.92354e-07 0.000112123 0.00314397 0.000397741 0.00809291 0.0186524 0.00674737 0.627424 3.52333e-06 0.325375 0.000165147 
0.056255 0.00911299 0.000896248 5.39323e-07 0.177458 0.231003 0.00287735 0.0132348 0.219178 0.0101331 0.23652 0.00296445 0.0387505 0.00161726 
0.0563513 0.0315921 0.158755 4.62504e-05 0.00927402 7.44167e-05 0.000602091 0.00683283 0.136658 0.211689 0.360245 3.07342e-05 0.0278141 3.45663e-05 
0.00986203 0.000103172 0.00269505 4.21477e-08 0.0200044 0.000122877 9.4786e-05 0.000268195 0.0754297 0.0185592 0.837147 1.36202e-06 0.0357108 1.30388e-06 
0.0188303 0.00274431 0.000899822 8.07587e-09 0.00206608 0.000562537 0.00121735 0.000607068 0.0197247 0.0039876 0.93235 2.19228e-05 0.016976 1.26538e-05 
0.0596286 0.0225624 0.00818676 2.20704e-06 0.0388253 5.20912e-05 0.000338516 0.00122234 0.0811544 0.204608 0.563784 0.000129305 0.0192174 0.000288147 
0.0004053 0.00011496 1.20177e-07 3.30101e-07 0.0217634 3.52648e-07 5.84136e-05 8.02203e-05 0.083865 0.000238636 0.631775 1.27858e-07 0.261688 1.01445e-05 
0.0325296 0.020534 0.0106503 0.00192156 0.0927467 0.000409296 0.00411471 0.00250739 0.0177949 0.0279241 0.648976 0.112913 0.0269196 5.88776e-05 
0.116863 0.0270914 0.0109286 0.000367097 0.0244056 0.000250381 0.0125477 0.0234702 0.021846 0.144868 0.537802 1.80513e-05 0.07942 0.000121718 
0.0739538 0.000571556 0.000178975 0.000960875 8.83147e-05 0.00105664 0.000153921 2.19361e-06 0.0992633 0.0238841 0.435772 6.97898e-07 0.364113 4.3429e-07 
0.060325 0.000799666 0.00838766 7.38501e-05 0.0478806 0.00112782 0.00748769 0.000212015 0.0836093 0.0186957 0.762393 0.00120191 0.00747321 0.000332406 
0.0212174 3.22804e-07 4.86666e-07 1.33676e-06 0.0038725 0.0155674 6.59918e-07 0.00312085 0.126631 0.0109831 0.782768 5.1777e-07 0.0358353 1.07701e-06 
0.0367721 1.86482e-06 9.36289e-05 3.20994e-05 0.00028974 0.0176892 0.000275261 0.00269421 0.0307942 0.123405 0.719744 2.02711e-05 0.0672631 0.000925126 
0.00718049 0.000788866 0.121828 1.09291e-06 1.36496e-05 1.47641e-09 0.00120742 0.0432958 0.00880248 0.0420806 0.529675 7.85705e-07 0.245125 1.20719e-06 
0.00422556 0.000218944 6.09149e-07 3.42046e-06 5.12116e-05 0.00153581 0.000760792 2.61276e-05 0.0730062 0.00360994 0.895506 5.09019e-07 0.0210546 6.06498e-10 
0.211685 0.0868572 0.0381271 2.33815e-05 0.0347728 0.00173019 0.0113163 0.00111737 0.150504 0.0533038 0.245492 8.03131e-05 0.164982 8.64349e-06 
0.340281 0.00375747 0.00248932 3.91836e-06 0.0207867 0.014445 0.0142077 0.00036113 0.00912024 0.129956 0.389313 0.000459958 0.0714753 0.00334327 
0.0188303 0.00274431 0.000899822 8.07587e-09 0.00206608 0.000562537 0.00121735 0.000607068 0.0197247 0.0039876 0.93235 2.19228e-05 0.016976 1.26538e-05 
0.183703 0.00161001 0.0125236 0.00197864 0.0258129 6.86895e-06 0.0438689 4.74768e-05 0.000326483 0.02561 0.658054 6.36806e-06 0.046451 1.02399e-06 
0.00241089 0.000893933 0.0120806 3.55331e-06 0.000609744 3.1384e-05 0.00071805 0.0798932 0.00029575 0.000772928 0.507921 2.94968e-07 0.394369 2.31178e-10 
0.00611661 0.00140123 0.00284627 2.60344e-06 0.0211375 0.0157757 0.00679756 1.74038e-05 0.00865848 0.00434759 0.85723 0.00133184 0.0654117 0.00892513 
0.0345752 0.00659176 0.0104121 0.00687049 0.026934 7.60064e-05 0.0145279 0.00619271 0.0201096 0.168659 0.661498 5.61981e-05 0.0434345 6.24796e-05 
0.00809847 0.00642077 4.37792e-05 0.000129972 0.00844346 0.00138614 0.00895821 0.220169 0.0003913 0.0317017 0.572198 3.95495e-05 0.141913 0.000106823 
0.100011 0.0133541 0.01467 0.0131713 0.0164004 0.000632193 0.0317175 0.0124452 0.0904562 0.0452667 0.428202 0.00298396 0.227537 0.00315309 
0.0605931 0.012298 0.0249812 0.000868501 0.0230619 4.33038e-05 0.0146816 0.0129908 0.017203 0.0576825 0.744865 1.61959e-05 0.0273669 0.00334782 
0.000586929 0.000667429 7.39374e-05 5.50873e-10 0.00590961 7.36445e-05 4.14432e-05 0.000656704 0.0157069 0.00367566 0.919356 6.64718e-07 0.053233 1.84634e-05 
4.20675e-08 1.13284e-07 1.70789e-07 4.6912e-07 0.000239007 5.01164e-07 2.3159e-07 1.09511e-07 0.241663 7.42636e-05 0.721875 3.34062e-05 0.0360293 8.48423e-05 
0.0783707 0.000497439 0.034804 0.0012272 0.0639369 3.66853e-06 0.00601776 0.0822792 0.0476354 0.101695 0.425746 4.34262e-05 0.157659 8.44195e-05 
0.0241268 0.00236772 0.00445071 2.08268e-05 0.00141042 4.74143e-05 0.0119281 0.0488892 0.0409516 0.104922 0.391646 1.96129e-06 0.368063 0.00117506 
0.0188303 0.00274431 0.000899822 8.07587e-09 0.00206608 0.000562537 0.00121735 0.000607068 0.0197247 0.0039876 0.93235 2.19228e-05 0.016976 1.26538e-05 
0.0206561 0.000528006 0.00123351 0.000494335 0.00160676 0.00783483 0.0002427 0.0104951 0.0224584 0.0235355 0.605652 1.40397e-05 0.30516 8.81522e-05 
0.126602 0.00168182 0.00386711 4.0624e-06 0.0388183 0.0214582 0.00750083 0.0117486 0.058262 0.0470143 0.507929 0.000132142 0.174596 0.000385826 
0.000774147 6.92501e-13 1.04403e-12 3.29933e-10 1.6316e-05 3.77389e-08 1.4157e-12 1.4131e-09 1.33776e-09 1.19753e-09 0.97842 1.92254e-06 0.020788 2.31048e-12 
0.0326279 0.00219179 0.000722185 7.04e-07 0.00734383 0.0118885 0.0025639 0.000114283 0.00283263 0.0169318 0.863583 0.00015453 0.0572048 0.00183978 
0.0885666 0.000525109 0.0398423 0.000296426 0.0164565 8.4355e-05 0.0153237 1.03563e-05 0.041962 0.0412204 0.396176 0.000181019 0.359355 9.22238e-07 
0.165766 0.00529017 0.00171447 0.000127087 0.00826883 0.00212035 0.0260873 0.0109498 0.0308825 0.301521 0.402635 0.000158018 0.0442403 0.000238679 
0.0188303 0.00274431 0.000899822 8.07587e-09 0.00206608 0.000562537 0.00121735 0.000607068 0.0197247 0.0039876 0.93235 2.19228e-05 0.016976 1.26538e-05 
0.0608843 0.016972 0.00446872 2.47401e-05 0.0916671 0.00152495 0.00881248 0.00110389 0.0018075 0.0976654 0.610115 0.00411654 0.10083 7.26635e-06 
0.0133327 9.34873e-05 0.000147217 7.48165e-06 0.000961283 0.000201448 2.03254e-05 0.000130348 0.0556943 0.107783 0.587676 5.77875e-06 0.233941 5.68169e-06 
0.0262129 0.000102467 0.0403824 8.80372e-05 0.0462752 0.00673495 0.000143222 0.0002807 0.163775 0.0816483 0.575674 0.00173164 0.0569223 2.87803e-05 
0.0013576 0.00516596 0.174372 4.52831e-06 0.104412 1.10752e-10 0.0166398 7.44403e-05 0.129434 0.120217 0.432676 0.000714009 0.0145875 0.000345852 
0.208542 0.0468397 0.0327224 0.000551173 0.0357411 0.000323335 0.0896448 0.025638 0.0421579 0.113666 0.294082 0.00474747 0.105122 0.000221681 
0.0851397 0.00269494 0.0134623 0.00261804 0.0388238 3.16329e-05 0.0124572 0.00557078 0.00758047 0.0524698 0.746455 4.8468e-05 0.032415 0.000232877 
0.0188303 0.00274431 0.000899822 8.07587e-09 0.00206608 0.000562537 0.00121735 0.000607068 0.0197247 0.0039876 0.93235 2.19228e-05 0.016976 1.26538e-05 
0.0474694 0.00132947 0.0316339 1.93488e-05 0.00846049 6.17508e-05 0.0119677 0.000934302 0.125553 0.0583427 0.629042 5.89021e-05 0.0851225 4.04571e-06 
0.0426767 0.000174144 0.00480851 1.88715e-08 3.10439e-07 0.000515878 0.00199635 0.00115683 0.0579511 0.0352023 0.681494 1.97115e-07 0.172505 0.00151856 
0.0643614 3.64486e-05 0.00165958 8.40522e-07 0.00496291 2.63925e-06 0.110614 0.00788952 0.0156962 0.0217712 0.697258 2.789e-06 0.0757448 3.86306e-08 
0.0778238 0.00125319 0.00252638 0.00113021 0.0313949 2.32447e-05 0.00721327 0.000706912 0.0112085 0.0288133 0.782452 1.09938e-05 0.0554318 1.14248e-05 
0.0142271 0.0111413 0.000184713 1.19784e-06 0.000691578 6.8989e-05 0.00117187 0.000112928 0.084138 0.0166828 0.807098 4.63962e-07 0.064441 3.97766e-05 
0.0254571 0.015424 0.00926184 1.21769e-06 0.054182 0.0034035 0.00521559 0.039522 0.0854651 0.0766319 0.569894 0.00025123 0.115168 0.000122089 
0.149811 0.00310477 0.00216975 0.000361067 0.0325059 0.000919495 0.00433202 0.000197467 0.0123968 0.0396761 0.727151 0.000270103 0.0271013 3.49048e-06 
0.263742 0.000160206 0.000612898 5.21342e-07 1.90403e-07 6.9135e-06 0.000930209 4.75293e-07 0.00139689 0.101593 0.615333 2.11593e-08 0.0162181 5.6591e-06 
0.0189418 0.000885212 0.00100969 3.87868e-08 0.000961092 1.73864e-08 0.00173052 7.02869e-05 0.0339846 0.00434701 0.894151 5.86748e-07 0.043876 4.22065e-05 
0.0240596 0.0258974 8.78899e-06 1.00479e-08 0.150481 1.07342e-08 0.00303683 4.50969e-07 0.00396233 0.000315173 0.792231 7.55757e-07 1.10619e-09 7.48769e-06 
0.00015525 3.28059e-06 5.37264e-07 6.49281e-08 1.20564e-08 2.17821e-06 3.2053e-08 6.84267e-05 3.18772e-05 5.04213e-09 0.959959 4.19779e-07 0.0396111 0.000167427 
0.0335809 0.00250481 0.0255585 0.000824224 0.00260029 0.000138589 0.00831747 0.000217262 0.248599 0.0627929 0.410417 5.27889e-05 0.20435 4.71674e-05 
0.263742 0.000160206 0.000612898 5.21342e-07 1.90403e-07 6.9135e-06 0.000930209 4.75293e-07 0.00139689 0.101593 0.615333 2.11593e-08 0.0162181 5.6591e-06 
0.0868024 0.0325435 0.0193709 0.00383952 0.022395 8.58191e-05 0.0034171 0.0118648 0.0764231 0.0631421 0.601868 7.81517e-05 0.0612713 0.0168982 
0.265945 0.0177511 0.00343824 0.0132058 0.033726 0.00012262 0.0746068 0.0131339 0.0198425 0.0743833 0.349353 0.00607235 0.127293 0.00112659 
0.0188303 0.00274431 0.000899822 8.07587e-09 0.00206608 0.000562537 0.00121735 0.000607068 0.0197247 0.0039876 0.93235 2.19228e-05 0.016976 1.26538e-05 
0.00525441 0.0243521 0.00337395 2.02896e-07 0.00403006 1.7594e-06 0.000533213 0.000890047 0.078289 0.000363796 0.711424 2.74425e-05 0.17146 1.6347e-07 
0.0188303 0.00274431 0.000899822 8.07587e-09 0.00206608 0.000562537 0.00121735 0.000607068 0.0197247 0.0039876 0.93235 2.19228e-05 0.016976 1.26538e-05 
0.0182678 0.0169492 0.00819526 0.000342391 0.00144537 2.47185e-06 0.000516578 0.0375564 0.173121 0.0878371 0.592452 3.41288e-06 0.0232831 0.0400278 
0.104595 0.000347774 0.00258517 2.68831e-06 0.201518 0.0020546 0.000380206 5.31907e-05 0.00766837 0.0113188 0.330773 0.27323 0.0654684 4.84219e-06 
0.211583 0.00274041 0.0143283 0.00214946 0.0215933 0.000131418 0.0618292 0.00419183 0.0177161 0.0441448 0.515845 0.0143824 0.0884291 0.000935642 
0.0751067 0.0201157 0.000663782 1.93457e-10 6.81508e-07 0.0446688 1.52284e-06 0.000552276 0.0396058 0.0464713 0.688615 5.08785e-07 0.0841972 4.92959e-07 
0.222327 1.7327e-05 0.0310133 0.000482995 1.74478e-12 2.68064e-06 0.00428766 0.00024324 0.00281419 0.263698 0.303539 1.19237e-08 0.171575 7.57046e-12 
0.0158153 0.0519493 0.00700563 0.00916921 0.00283182 0.0109324 0.00218273 0.000369312 0.219271 0.035689 0.562092 2.92644e-06 0.0826703 1.98826e-05 
0.054646 1.90267e-06 0.00040968 0.000124318 0.0272165 1.9084e-07 0.00214611 4.86732e-08 0.0470481 0.00419065 0.850519 2.12745e-08 0.0136976 1.16952e-07 
0.177965 0.0128388 0.00023756 0.00148913 0.00811654 2.25802e-05 0.007094 0.031661 0.00130436 0.00270662 0.451333 9.71385e-05 0.299493 0.00564088 
0.235832 6.48615e-05 0.000561169 2.33543e-08 0.000112757 2.49495e-08 0.116107 5.45183e-09 0.0372736 0.15136 0.458687 9.04586e-09 2.57112e-09 1.90044e-06 
0.265353 0.000761468 0.0404514 1.33994e-07 0.00434619 8.70227e-10 0.00866252 8.48454e-05 0.226702 0.0386853 0.277848 0.000857713 0.136247 6.56301e-10 
0.0369984 0.000427314 2.71682e-07 7.20625e-11 0.00125537 7.69848e-11 0.00012491 0.000112574 0.0620572 0.011125 0.644339 1.50921e-05 0.242328 0.00121665 
0.047654 0.00882561 0.0298823 0.000180495 0.0669225 0.00359026 0.00379917 0.00735201 0.0364026 0.21207 0.508794 0.000231605 0.0742568 3.87037e-05 
0.0830754 0.0142977 0.0588316 0.00104809 0.0337183 2.10457e-05 0.00860102 0.0050204 0.0371021 0.249321 0.331439 0.0902834 0.0871077 0.000133293 
0.0759459 0.00118812 9.83762e-08 2.73943e-08 0.000378809 0.00130647 0.000154297 5.91951e-05 0.000241944 0.0326014 0.849993 4.15605e-09 0.0381304 3.54884e-10 
0.0272073 0.00162083 4.61826e-07 1.38528e-07 0.000209322 0.00553049 0.000232688 0.00108582 0.000722002 0.0257567 0.665211 1.17633e-05 0.27241 1.28222e-06 
0.0188303 0.00274431 0.000899822 8.07587e-09 0.00206608 0.000562537 0.00121735 0.000607068 0.0197247 0.0039876 0.93235 2.19228e-05 0.016976 1.26538e-05 
0.00862561 0.00217373 0.00441689 4.23741e-07 0.000192831 1.59684e-06 0.000248179 0.00106743 0.000701732 0.00438033 0.961777 5.16086e-08 0.0163858 2.83435e-05 
0.0314936 0.000690145 0.00123263 0.000635308 0.0112229 4.18906e-05 0.00157985 0.000215065 0.00741099 0.0166247 0.912086 1.15717e-05 0.016755 1.3701e-08 
0.372928 0.00391984 0.00292204 7.78924e-07 0.00702481 0.00260618 0.0036889 0.000450475 0.00372074 0.148868 0.422349 2.32322e-11 0.0315214 2.5999e-08 
0.057881 4.35528e-06 0.000234853 9.54104e-07 0.00181287 0.00172149 0.000613435 0.000578592 0.00671134 0.0332916 0.752924 7.24967e-08 0.144226 2.13973e-10 
0.0108976 0.00310487 0.00511601 0.00620753 0.00150401 1.18207e-07 0.00364348 0.00645493 0.00208722 0.0240647 0.924187 4.28579e-08 0.0127322 8.91484e-08 
0.0238634 0.0018211 0.0124369 0.00361208 0.00101686 0.000913665 0.00549094 0.00588344 0.0268706 0.0271405 0.593325 0.00978673 0.287439 0.000399969 
0.056255 0.00911299 0.000896248 5.39323e-07 0.177458 0.231003 0.00287735 0.0132348 0.219178 0.0101331 0.23652 0.00296445 0.0387505 0.00161726 
0.0394373 0.0862286 6.24399e-10 1.71509e-09 0.109052 1.83223e-09 0.0100774 4.58366e-07 0.0131871 3.43307e-06 0.741991 7.5925e-07 1.88817e-10 2.27251e-05 
0.0270733 0.0014331 0.000451105 4.44361e-06 0.000105186 0.00334277 0.000547414 0.0011028 0.00125349 0.0293963 0.676569 1.07697e-06 0.258709 1.14152e-05 
0.104352 0.00508199 0.00175847 0.00107447 0.0309787 1.12071e-05 0.00180123 0.000769448 0.0147062 0.0588372 0.726915 3.84097e-05 0.0532846 0.000390713 
0.0188303 0.00274431 0.000899822 8.07587e-09 0.00206608 0.000562537 0.00121735 0.000607068 0.0197247 0.0039876 0.93235 2.19228e-05 0.016976 1.26538e-05 
0.194759 1.31567e-05 1.31553e-05 1.31481e-05 1.31574e-05 0.0171046 1.31539e-05 1.31568e-05 0.169735 0.0710693 0.274957 0.126302 1.31582e-05 0.145982 
0.174898 0.00675487 0.00700762 0.00937632 0.0340492 0.00283261 0.00654898 0.0169552 0.0280994 0.226391 0.320189 8.72613e-05 0.163783 0.00302715 
0.045308 0.00518027 0.00744394 6.1955e-05 0.0197097 0.000104193 0.0199172 7.90925e-05 0.100762 0.0689271 0.659394 3.47233e-05 0.0730545 2.29803e-05 
0.0841463 0.00287688 0.0532021 0.00462949 0.0139633 0.000338565 0.0387355 0.00318731 0.0545361 0.0946412 0.549331 0.00188182 0.0982383 0.000292086 
0.00986203 0.000103172 0.00269505 4.21477e-08 0.0200044 0.000122877 9.4786e-05 0.000268195 0.0754297 0.0185592 0.837147 1.36202e-06 0.0357108 1.30388e-06 
0.00989062 0.000489227 2.32151e-05 0.00479835 0.00506401 0.000966975 0.000110009 0.00691338 0.106733 0.0192372 0.533868 0.000790979 0.295703 0.0154126 
0.00241089 0.000893933 0.0120806 3.55331e-06 0.000609744 3.1384e-05 0.00071805 0.0798932 0.00029575 0.000772928 0.507921 2.94968e-07 0.394369 2.31178e-10 
0.0385265 0.0025627 0.0222316 0.0002038 0.0118054 0.000247819 0.00058989 0.000507309 0.0848552 0.0868366 0.545766 0.000223443 0.205603 4.06681e-05 
0.144582 0.016937 0.0258003 0.000206664 0.0404307 0.000912181 0.00554664 0.00319642 0.0276526 0.0954851 0.608399 0.000487674 0.0303278 3.57697e-05 
0.00970227 0.0235467 0.00424922 2.41648e-08 1.85826e-05 2.58154e-08 0.028703 0.000179113 0.0816846 0.00238763 0.537403 1.4259e-06 0.312086 3.80088e-05 
0.152549 0.00354826 0.012832 3.48063e-07 0.00946435 9.80274e-06 0.00724666 0.00556359 0.000615622 0.00111524 0.601604 3.91361e-05 0.2052 0.000212422 
0.0103829 0.00618191 2.38925e-06 4.86092e-10 0.0170625 5.19295e-10 2.15996e-06 9.53288e-07 0.093426 1.12642e-05 0.766795 1.88279e-10 0.106135 3.91638e-10 
0.00961329 0.0317738 0.0172337 0.0031858 0.00330947 0.00271426 0.00119822 0.000241617 0.19924 0.0376079 0.561902 3.95494e-06 0.131921 5.49386e-05 
0.00536281 0.000380444 0.101583 0.000825034 0.0066577 0.000214204 0.00537443 0.0216501 0.0226828 0.0481468 0.711447 0.000102805 0.0755652 7.14187e-06 
0.000749374 0.00046188 2.57807e-07 7.08139e-07 0.00109153 7.56509e-07 3.49586e-07 1.65308e-07 0.0771 0.00328859 0.89886 2.74285e-07 0.0184455 5.70538e-07 
0.268167 0.00154251 0.000592933 0.0053967 0.00314649 0.00143898 0.122596 0.000566922 0.0551202 0.0835307 0.392242 0.000758851 0.0647343 0.00016684 
0.113239 0.000621744 0.0193407 8.20531e-05 0.208265 0.000350753 0.00240687 0.138158 0.01935 0.212433 0.2674 0.000828842 0.0165632 0.000960002 
0.0574048 0.0023152 0.0380495 4.01044e-05 6.30304e-05 0.000682977 0.000355898 0.0015561 0.00789542 0.0436693 0.800562 3.1798e-05 0.0473725 1.53372e-06 
0.0359786 3.01155e-08 0.0250929 9.15163e-06 0.14907 0.000144977 0.306087 6.57748e-07 0.0628038 0.0179871 0.353855 1.21135e-06 0.0489701 2.13187e-07 
0.152549 0.00354826 0.012832 3.48063e-07 0.00946435 9.80274e-06 0.00724666 0.00556359 0.000615622 0.00111524 0.601604 3.91361e-05 0.2052 0.000212422 
0.0593549 0.00346655 0.00318009 8.40137e-11 0.0604612 1.46305e-06 1.00788e-06 1.21615e-07 0.262573 0.0318106 0.361473 0.00014983 0.217527 9.74787e-07 
0.257835 0.00689159 0.00315079 0.000235277 0.00847342 0.0105332 0.0104111 0.0092205 0.0253519 0.221083 0.401152 6.7298e-05 0.0450712 0.000524353 
0.0674927 0.00282068 0.0135853 7.18524e-05 0.0426017 2.80175e-05 0.00168351 0.0166752 0.0337205 0.0158856 0.767654 6.16996e-05 0.0367093 0.00100941 
0.0181372 0.00827923 0.0017965 2.75295e-06 0.0148167 1.85971e-06 0.0015204 0.0136641 0.0296613 0.0649417 0.759373 2.50884e-06 0.0301958 0.0576073 
0.0229806 0.000132206 0.00278722 4.7268e-07 0.0086427 1.30546e-05 4.08193e-06 1.14091e-05 0.209092 0.00357537 0.743269 9.2898e-07 0.00949083 8.37181e-09 
0.103895 0.00367181 0.0254719 7.74864e-05 0.0208055 2.61806e-05 0.00971056 4.44442e-05 0.0244911 0.0661299 0.717023 1.07178e-05 0.0285289 0.000112906 
0.0318886 1.20159e-05 4.42614e-06 8.76822e-10 0.0525821 2.88978e-06 8.2019e-06 0.061871 0.261814 0.00571679 0.552657 4.94944e-07 0.0334402 1.72463e-06 
0.263742 0.000160206 0.000612898 5.21342e-07 1.90403e-07 6.9135e-06 0.000930209 4.75293e-07 0.00139689 0.101593 0.615333 2.11593e-08 0.0162181 5.6591e-06 
0.0419081 0.00131532 0.0186435 0.101635 0.000133989 4.64519e-06 0.000449691 0.000272103 0.17762 0.0426736 0.549587 1.64353e-06 0.0654903 0.000265137 
0.0691362 0.00265737 0.000309748 4.2538e-05 0.0166025 0.00242277 0.0130071 0.0008658 0.233901 0.172293 0.374545 2.49835e-05 0.113589 0.000603646 
0.0525202 0.000380961 0.00429816 0.000292692 0.00228278 0.00230684 0.0190569 0.00299668 0.00349258 0.0249803 0.710152 2.79366e-06 0.177212 2.4949e-05 
0.0196789 0.00234401 0.00903892 3.52546e-05 0.0186703 0.00248981 0.0123818 0.000941185 0.254048 0.0498066 0.39446 2.39157e-05 0.225036 0.0110448 
0.0246689 0.00143295 0.000451006 5.25392e-06 0.000299414 0.00441837 0.000547305 0.00110268 0.00125336 0.0293958 0.694132 1.24019e-05 0.242269 1.13925e-05 
0.0876834 0.0203992 0.0184565 0.00738302 0.0431619 0.00158685 0.0300839 0.0035384 0.304063 0.0858127 0.304754 1.98275e-05 0.09281 0.000247166 
0.0024496 0.0333826 8.19925e-05 3.06813e-07 2.19328e-07 1.25128e-07 0.000273695 0.175805 0.0290997 0.216509 0.442623 2.52167e-08 0.0617472 0.038027 
0.00902411 0.026803 0.0171801 0.000115299 0.175425 0.000126837 0.0382965 1.68554e-05 0.0138465 0.0524758 0.644819 0.0218697 1.31745e-07 9.64148e-07 
0.000281595 0.000797168 1.33762e-06 2.68062e-07 0.0127734 1.33338e-05 0.000478723 0.000491124 0.0497 0.000683562 0.893706 1.4912e-05 0.0410344 2.46045e-05 
0.267527 0.00666204 0.0322711 0.000417831 0.00421638 0.000205519 0.010711 0.00545762 0.0151061 0.0500135 0.559162 0.000185791 0.0480525 1.13152e-05 
0.0117232 0.00762811 0.0159597 6.38294e-05 0.0111472 7.12818e-07 0.0606982 0.00255612 0.0314271 0.00533353 0.829398 4.73982e-05 0.0191824 0.00483442 
0.0907478 0.00481687 0.0313736 1.71974e-05 0.0315786 3.85478e-05 0.00545994 0.000330903 0.261568 0.103258 0.309356 0.000137029 0.159877 0.00144017 
0.00293096 0.000626317 0.00131183 6.22706e-11 0.0130084 0.00027252 0.000363123 0.000215504 0.0132765 0.00257831 0.921186 2.75976e-05 0.0440555 0.000147887 
0.0646256 0.00491328 0.126723 2.4526e-06 0.00394976 3.45445e-07 0.00150621 0.000433472 0.0305118 0.198718 0.502706 3.32075e-06 0.0659069 2.51664e-07 
0.106838 0.00579808 1.16963e-06 4.04597e-05 0.00292895 4.9355e-09 0.00239529 7.82966e-06 0.0163812 0.00311947 0.782048 7.24045e-08 0.0804415 5.78129e-11 
0.137677 0.0265008 0.0997231 0.000484031 0.146429 2.21125e-05 0.010027 0.00238642 0.019756 0.167338 0.374721 0.00647144 0.00798804 0.000475849 
0.0508082 0.00597402 0.016136 6.64213e-10 0.00286334 7.09583e-10 0.00501789 0.000224651 0.0234412 0.00659364 0.744057 3e-06 0.144881 4.93937e-08 
0.0787174 0.018202 0.022954 0.000560259 0.0140944 0.0025798 0.00387276 0.0528639 0.0347456 0.295257 0.403854 2.6307e-06 0.0589512 0.0133455 
0.0229599 0.0245474 0.00416058 1.70263e-08 0.106773 1.81893e-08 0.00280582 5.54454e-06 0.00277687 0.00042269 0.835536 3.02455e-06 1.87446e-09 8.9238e-06 
0.160171 0.00630653 0.0160046 0.00458356 0.0878009 0.000268011 0.0288848 0.0391197 0.0192618 0.0533358 0.349531 9.32233e-06 0.234722 5.96911e-07 
0.0289388 0.00175416 0.0288265 3.22565e-07 0.0534195 0.00247946 1.3366e-06 0.000480749 0.236451 0.052321 0.334355 0.000460371 0.260511 1.18047e-06 
0.0188303 0.00274431 0.000899822 8.07587e-09 0.00206608 0.000562537 0.00121735 0.000607068 0.0197247 0.0039876 0.93235 2.19228e-05 0.016976 1.26538e-05 
0.0484421 0.00532925 0.0160803 3.37087e-07 0.0402913 7.01559e-05 0.00163195 0.0213988 0.140122 0.109626 0.359003 1.95169e-05 0.257986 8.35259e-11 
0.0510406 0.000569958 0.00273139 5.39114e-05 0.0060558 5.93306e-06 0.000224344 1.98415e-05 0.217348 0.00917084 0.51704 2.07845e-05 0.195715 3.01871e-06 
0.102908 0.0187662 7.02751e-07 7.02364e-07 7.02859e-07 0.00934158 7.02673e-07 0.116389 0.00175776 0.0685359 0.375618 7.02737e-07 0.306679 7.02481e-07 
0.228578 0.031015 0.0394062 1.36746e-07 0.00539741 0.000305301 0.0641479 0.00025172 0.0270231 0.0184249 0.469932 1.56564e-05 0.115496 6.81272e-06 
0.0188303 0.00274431 0.000899822 8.07587e-09 0.00206608 0.000562537 0.00121735 0.000607068 0.0197247 0.0039876 0.93235 2.19228e-05 0.016976 1.26538e-05 
0.0826016 0.018368 0.019046 0.00468966 0.0407958 0.000458101 0.00486254 0.00339595 0.107842 0.140236 0.510157 0.000135281 0.0643409 0.0030713 
0.0815085 0.00306785 0.000651402 1.64425e-05 0.175051 0.00016377 0.00241246 0.00576073 0.17301 0.072302 0.379341 0.000335397 0.0927142 0.0136652 
0.0599635 0.0482078 0.0389135 2.89703e-05 0.0374669 0.00100909 0.052154 0.0106778 0.280592 0.153626 0.283761 3.1525e-05 0.0331405 0.000427947 
0.159812 0.00296813 0.0135566 0.000239536 0.0166062 2.73608e-05 0.0106112 0.007788 0.000642259 0.00397053 0.587255 3.83608e-05 0.196306 0.000179288 
0.216443 0.00491328 0.0245804 0.000685544 0.0239532 1.0752e-06 0.0478248 0.00027228 0.0200202 0.0274629 0.364423 0.0022451 0.26689 0.000285085 
0.102106 0.0146493 0.0348479 3.05724e-05 0.012259 0.000195427 0.0176987 0.00142107 0.00679853 0.250856 0.468778 3.19574e-05 0.0901378 0.000188305 
0.0505787 0.0168718 0.138439 0.000527752 0.0642646 8.19247e-05 0.025574 0.00350535 0.275815 0.104381 0.28481 0.000812333 0.0106665 0.0236717 
0.0851397 0.00269494 0.0134623 0.00261804 0.0388238 3.16329e-05 0.0124572 0.00557078 0.00758047 0.0524698 0.746455 4.8468e-05 0.032415 0.000232877 
0.00241089 0.000893933 0.0120806 3.55331e-06 0.000609744 3.1384e-05 0.00071805 0.0798932 0.00029575 0.000772928 0.507921 2.94968e-07 0.394369 2.31178e-10 
0.135501 0.00291781 0.00287209 1.52381e-05 0.0253478 0.00991219 0.00530554 0.0172221 0.10449 0.0642575 0.42855 0.000221679 0.203307 7.95557e-05 
0.0725137 0.00637071 0.00264179 8.57668e-06 0.00500548 0.00601293 0.000876474 0.0113503 0.0364904 0.146175 0.640865 0.000196626 0.071492 3.40602e-07 
0.0188303 0.00274431 0.000899822 8.07587e-09 0.00206608 0.000562537 0.00121735 0.000607068 0.0197247 0.0039876 0.93235 2.19228e-05 0.016976 1.26538e-05 
0.00422556 0.000218944 6.09149e-07 3.42046e-06 5.12116e-05 0.00153581 0.000760792 2.61276e-05 0.0730062 0.00360994 0.895506 5.09019e-07 0.0210546 6.06498e-10 
0.0188303 0.00274431 0.000899822 8.07587e-09 0.00206608 0.000562537 0.00121735 0.000607068 0.0197247 0.0039876 0.93235 2.19228e-05 0.016976 1.26538e-05 
0.141716 2.05251e-05 1.83846e-05 7.45318e-07 4.22676e-06 5.69607e-06 0.000534808 0.000259669 0.0298504 0.0527186 0.7399 1.33862e-06 0.0349654 4.58886e-06 
