0.00611661 0.00140123 0.00284627 2.60344e-06 0.0211375 0.0157757 0.00679756 1.74038e-05 0.00865848 0.00434759 0.85723 0.00133184 0.0654117 0.00892513 
0.150443 0.0139914 0.00314524 0.000752941 0.0158422 0.000794139 0.0430939 0.0168956 0.108596 0.119035 0.286468 0.000511531 0.204346 0.0360845 
0.270828 0.00556637 0.00550973 3.05364e-05 0.0167357 0.00492842 0.0222178 0.0119248 0.024644 0.123582 0.457482 0.000123045 0.0554779 0.000949873 
0.0277681 0.0114919 0.0310587 0.00190367 0.00207024 0.000934097 0.00456659 0.0173889 0.0065087 0.159857 0.556626 1.60022e-06 0.179824 3.59878e-07 
0.104595 0.000347774 0.00258517 2.68831e-06 0.201518 0.0020546 0.000380206 5.31907e-05 0.00766837 0.0113188 0.330773 0.27323 0.0654684 4.84219e-06 
0.00578972 0.00148924 0.00305785 3.89525e-06 0.000137923 1.49379e-05 0.000183357 0.000731551 0.000488099 0.00294919 0.974148 4.88756e-07 0.0109755 3.00554e-05 
0.112304 0.00185319 0.00378953 0.000364772 0.0463454 3.4856e-05 0.0108198 0.00106035 0.0168126 0.0415222 0.684591 1.14861e-05 0.0804737 1.71317e-05 
0.113558 0.00815865 0.0437054 0.00376315 0.0154164 0.000436465 0.0644679 0.000566049 0.118352 0.0521193 0.499432 0.00449244 0.0610341 0.0144986 
5.78763e-06 5.42656e-06 0.0101167 2.24719e-05 0.00277738 2.40069e-05 1.10937e-05 5.24584e-06 0.00494478 0.000250037 0.981612 0.000204242 2.47397e-06 1.81053e-05 
0.0833355 0.00669494 0.0304624 0.000249826 0.0187261 0.000270782 0.012808 0.00821638 0.0493599 0.0543203 0.510676 6.32048e-06 0.224848 2.47819e-05 
0.00577229 0.00147147 0.00300765 2.29392e-06 0.000133769 8.78622e-06 0.00017542 0.00072271 0.000479109 0.00293635 0.974312 2.87359e-07 0.0109526 2.51072e-05 
0.0434431 0.00135852 0.0208354 0.000576516 0.0323513 0.00122096 0.0111391 0.00411487 0.328978 0.0270021 0.411364 0.000152309 0.117464 1.53443e-07 
0.0188303 0.00274431 0.000899822 8.07587e-09 0.00206608 0.000562537 0.00121735 0.000607068 0.0197247 0.0039876 0.93235 2.19228e-05 0.016976 1.26538e-05 
0.0178277 3.18971e-05 0.000937736 1.43975e-06 0.00637932 6.34272e-05 0.0194252 3.293e-07 0.000888286 0.00744715 0.902621 1.56211e-08 0.0443763 8.45191e-09 
0.0800898 0.00876526 0.134839 6.13332e-07 0.182549 6.74876e-07 0.0123049 8.91961e-08 0.215493 0.0282159 0.263682 0.0204735 0.0535867 8.7017e-10 
0.0851397 0.00269494 0.0134623 0.00261804 0.0388238 3.16329e-05 0.0124572 0.00557078 0.00758047 0.0524698 0.746455 4.8468e-05 0.032415 0.000232877 
2.96587e-08 0.0024178 0.00854465 0.0667889 0.011154 0.00555653 5.0068e-05 0.0337153 0.0880957 0.0431601 0.674345 1.28107e-07 0.066171 4.99259e-07 
0.0188303 0.00274431 0.000899822 8.07587e-09 0.00206608 0.000562537 0.00121735 0.000607068 0.0197247 0.0039876 0.93235 2.19228e-05 0.016976 1.26538e-05 
2.19105e-06 5.90029e-06 8.8954e-06 2.44337e-05 4.53705e-06 2.61026e-05 1.20622e-05 5.7038e-06 0.00377031 1.89745e-06 0.996106 9.46393e-06 2.68995e-06 1.96859e-05 
0.000260182 0.00297863 0.173602 9.54318e-11 0.169259 1.0195e-10 0.011407 0.000123776 0.122268 0.22512 0.291692 0.000713997 0.00257349 8.15311e-07 
0.154095 0.0267958 2.11263e-05 4.01356e-06 0.0418932 6.30464e-06 0.0144578 0.000255334 0.0633253 0.0125108 0.686389 1.18041e-05 0.000221979 1.24304e-05 
4.41793e-07 3.01421e-12 4.54428e-12 1.24821e-11 3.63916e-08 1.33347e-11 6.16204e-12 4.48758e-08 8.92538e-05 3.00589e-09 0.947318 1.06412e-08 0.0525926 1.00567e-11 
0.257835 0.00689159 0.00315079 0.000235277 0.00847342 0.0105332 0.0104111 0.0092205 0.0253519 0.221083 0.401152 6.7298e-05 0.0450712 0.000524353 
0.00454893 0.00485181 0.000727316 3.63951e-07 0.0100973 7.31721e-05 0.00210775 0.0668609 0.0643118 0.0051252 0.65899 1.66119e-05 0.182147 0.000141558 
0.00986203 0.000103172 0.00269505 4.21477e-08 0.0200044 0.000122877 9.4786e-05 0.000268195 0.0754297 0.0185592 0.837147 1.36202e-06 0.0357108 1.30388e-06 
0.235368 0.000158577 0.0026684 0.000188257 0.0132825 0.00143142 0.0115847 0.00230347 0.000661098 0.145178 0.505234 1.44045e-05 0.0819234 3.17862e-06 
0.0229964 0.0194764 0.011824 0.000278851 0.00731665 0.00183295 0.0188666 0.0121952 0.0289413 0.0463942 0.751189 0.00013041 0.0763595 0.00219857 
0.0444609 0.0249811 0.00449183 1.90957e-07 0.00798445 2.47609e-10 0.00272023 0.000271527 0.0271575 0.00546004 0.647264 7.91857e-06 0.235198 2.59235e-06 
0.0312527 0.00231221 0.0162982 1.56181e-05 0.0536771 0.00391919 0.00539496 0.00938966 0.293242 0.055783 0.306649 1.56169e-05 0.221777 0.000273383 
0.0171809 0.000647476 0.00075605 1.36447e-05 0.00183247 0.0111352 0.0511703 0.00287464 0.0782496 0.0132966 0.688108 0.000194 0.134516 2.50836e-05 
0.0293311 0.000281108 8.56886e-07 1.17155e-11 0.00418262 1.25158e-11 1.85067e-07 0.000374595 0.0884865 0.0236408 0.486442 5.00035e-05 0.363174 0.00403583 
0.0634586 0.0011441 5.99793e-05 3.05619e-07 0.00470776 1.20775e-11 0.000366394 0.00316651 0.058151 0.126615 0.377849 2.50073e-05 0.362438 0.00201838 
2.16897e-05 2.16868e-05 0.0412223 2.16726e-05 2.16879e-05 2.16713e-05 2.16821e-05 0.106288 0.156166 0.0715983 0.62453 2.16841e-05 2.16893e-05 2.16762e-05 
0.0412398 0.00133274 0.00103598 0.000453983 0.00284934 0.00382504 0.00187684 0.00224607 0.00118298 0.0406886 0.670194 1.81791e-05 0.233045 1.12086e-05 
0.113894 0.0239465 0.0499628 6.00913e-07 0.0496435 1.58416e-05 0.00243918 0.000771573 0.170799 0.0587174 0.46019 6.19138e-06 0.0695839 2.96889e-05 
0.0202108 0.00426643 0.0106383 0.00399285 0.00576753 2.23286e-06 9.77658e-05 0.0440933 0.268314 0.0267756 0.349817 8.7263e-05 0.264871 0.00106649 
0.0188303 0.00274431 0.000899822 8.07587e-09 0.00206608 0.000562537 0.00121735 0.000607068 0.0197247 0.0039876 0.93235 2.19228e-05 0.016976 1.26538e-05 
0.00259783 0.00152818 0.076155 6.53427e-05 0.0154992 2.24139e-07 0.00134668 4.89776e-08 0.0442219 0.0279818 0.830158 8.12653e-08 0.000445649 1.69039e-07 
0.0442378 0.0124189 0.0150381 1.30158e-05 0.0345948 0.00117402 0.00489784 0.0139847 0.0276234 0.0991706 0.647196 1.26148e-05 0.0992442 0.000394425 
0.0883311 0.0014981 0.000350861 5.20694e-05 6.97094e-05 0.00701859 0.00132564 0.0209365 0.00229883 0.0533376 0.497209 2.24325e-06 0.327559 1.12888e-05 
0.218484 0.054289 0.0025659 0.0269387 0.0387191 0.000721701 0.00867634 0.0107406 0.0821412 0.0520837 0.437766 2.23733e-05 0.0666002 0.000251381 
0.195403 0.00102798 0.0283788 0.000556246 0.0795355 0.000164361 0.0667633 3.04115e-07 0.0307525 0.0979418 0.272706 0.000154561 0.226615 1.14909e-07 
0.000739906 0.00048234 0.000370312 0.00097661 0.169953 9.15397e-05 0.000243733 9.77971e-05 0.107079 0.00200556 0.676923 4.0745e-05 0.0409958 9.30229e-07 
0.200222 0.022819 0.0562995 5.41858e-08 0.221838 4.18734e-10 0.0216747 2.83461e-08 0.000205523 0.176239 0.236973 6.69216e-08 0.063729 3.15797e-10 
0.0525164 0.00011999 0.00165824 0.000141088 0.000372196 0.00237906 0.00901422 0.00343275 0.00288782 0.0350771 0.705396 2.49016e-06 0.186999 3.74631e-06 
0.130729 0.0108475 0.0002214 0.000627988 0.01186 0.00173454 0.0213389 0.000621036 0.16708 0.234972 0.267564 1.78814e-05 0.151954 0.000432045 
0.0249847 0.0430691 0.0365913 0.000343831 0.00401256 0.000139795 0.0139225 0.00185772 0.0478099 0.0148577 0.636059 6.09909e-05 0.176288 3.61417e-06 
0.00241089 0.000893933 0.0120806 3.55331e-06 0.000609744 3.1384e-05 0.00071805 0.0798932 0.00029575 0.000772928 0.507921 2.94968e-07 0.394369 2.31178e-10 
1.27546e-05 1.27529e-05 0.0841731 1.27445e-05 0.0484761 1.27438e-05 1.27501e-05 1.2753e-05 0.150497 0.0612352 0.362153 1.27513e-05 0.293364 1.27466e-05 
0.249885 0.0317274 0.0107608 0.000519968 0.06498 0.00259447 0.0265305 0.00293987 0.0428819 0.113034 0.408696 0.00462105 0.0405361 0.000292681 
0.00251148 1.78854e-10 1.37545e-06 7.40651e-10 2.77825e-06 0.00255072 3.51048e-06 1.72897e-10 0.0240124 0.0417957 0.929102 2.86877e-10 1.99692e-05 6.027e-08 
0.00139001 3.74301e-05 2.4641e-09 3.79096e-05 3.89622e-05 0.0133687 0.000671273 0.00250288 0.00297858 0.00172116 0.975554 0.000248529 0.00114431 0.000305928 
0.0969416 0.0109709 0.0406982 0.000908871 0.0343198 8.87499e-05 0.0657478 0.00206545 0.012437 0.224323 0.506061 9.15692e-06 0.00542753 1.79327e-06 
0.0698012 0.0360541 0.0247781 0.00843479 0.0222735 0.000155596 0.00330436 0.00278597 0.0677683 0.0582809 0.628839 8.72401e-05 0.0586942 0.0187426 
0.0188303 0.00274431 0.000899822 8.07587e-09 0.00206608 0.000562537 0.00121735 0.000607068 0.0197247 0.0039876 0.93235 2.19228e-05 0.016976 1.26538e-05 
0.010442 0.00179693 5.31994e-08 7.98411e-09 0.00135992 8.84555e-08 1.18931e-08 8.55694e-08 0.00442039 0.0188352 0.589287 5.52172e-06 0.373853 4.64146e-12 
0.0188303 0.00274431 0.000899822 8.07587e-09 0.00206608 0.000562537 0.00121735 0.000607068 0.0197247 0.0039876 0.93235 2.19228e-05 0.016976 1.26538e-05 
0.0298903 0.00117038 0.0315629 1.87923e-06 0.0230971 0.000219666 0.00848478 0.0051612 0.0666059 0.195501 0.546756 2.11131e-05 0.0914997 2.83498e-05 
0.109762 0.00113481 0.00673797 6.91688e-05 0.0153619 0.00132359 0.111144 0.00190401 0.00509753 0.257472 0.46334 5.28514e-06 0.0266468 2.30343e-08 
0.0128875 9.71687e-06 1.68502e-07 6.77201e-05 3.46141e-05 0.000400903 0.000416816 0.00189228 0.0436242 0.0388613 0.652502 1.79272e-07 0.249291 1.13795e-05 
0.104595 0.000347774 0.00258517 2.68831e-06 0.201518 0.0020546 0.000380206 5.31907e-05 0.00766837 0.0113188 0.330773 0.27323 0.0654684 4.84219e-06 
0.0835186 0.00149352 0.0497911 5.56836e-10 0.0019299 9.99053e-06 0.0563591 0.00788996 0.0258369 0.0488519 0.532284 8.29269e-08 0.192035 4.48635e-10 
0.0784117 0.000399552 0.00462208 0.000172209 0.025296 6.79796e-05 0.0471247 0.0177445 0.166889 0.017814 0.594924 0.00116085 0.0453721 1.22811e-06 
0.206149 0.0679484 0.00111282 2.7159e-06 0.00820147 7.80579e-06 0.282343 0.000431933 0.00320513 0.0410449 0.285958 0.00245137 0.101143 5.39802e-07 
0.0243145 1.32345e-07 9.55531e-07 0.0251267 0.0177102 5.14011e-07 0.00777125 1.46651e-10 0.0245245 0.033944 0.800737 3.2772e-07 0.06587 2.57788e-07 
0.0366834 0.0307081 0.00253428 2.53346e-06 0.00878962 0.00033702 0.00213627 0.205426 0.0186063 0.0340088 0.580268 7.35842e-05 0.0802706 0.000156209 
0.016407 0.00178346 0.000106888 0.03067 0.00391104 1.00413e-05 0.000133346 0.072007 0.00464446 0.155559 0.406245 3.15727e-07 0.308415 0.000106638 
0.00785733 0.000214148 0.00265184 1.7361e-10 0.00139578 1.16302e-07 0.0101861 0.0050815 0.00223383 0.000740895 0.823833 8.49544e-07 0.145804 7.82893e-07 
0.0952364 0.0145871 0.00851175 0.00420168 0.245069 4.23513e-05 0.0140156 0.00139874 0.0230698 0.25403 0.279812 0.00275496 0.05725 2.06084e-05 
0.128098 0.00326533 0.0194972 9.97724e-06 0.0162677 0.000100951 0.00114642 0.0106275 0.0372593 0.310322 0.380483 6.41605e-05 0.0926663 0.000192127 
0.0188303 0.00274431 0.000899822 8.07587e-09 0.00206608 0.000562537 0.00121735 0.000607068 0.0197247 0.0039876 0.93235 2.19228e-05 0.016976 1.26538e-05 
0.00241089 0.000893933 0.0120806 3.55331e-06 0.000609744 3.1384e-05 0.00071805 0.0798932 0.00029575 0.000772928 0.507921 2.94968e-07 0.394369 2.31178e-10 
0.0652417 0.0273193 0.0546171 9.86018e-05 0.00696477 2.62938e-05 0.0066414 0.000239683 0.0370286 0.0160371 0.757696 1.74266e-05 0.0280269 4.49164e-05 
0.21946 0.057055 0.00201849 3.49882e-07 0.0389652 1.1088e-07 0.00184222 9.52374e-05 0.141353 0.0267922 0.439796 9.85526e-11 0.0726221 2.04999e-10 
0.0145943 3.05183e-07 0.0148564 0.0150899 0.0367022 1.18542e-06 0.0225036 5.80274e-10 0.122036 0.0631351 0.670799 7.55491e-07 0.0395324 0.000748808 
0.104595 0.000347774 0.00258517 2.68831e-06 0.201518 0.0020546 0.000380206 5.31907e-05 0.00766837 0.0113188 0.330773 0.27323 0.0654684 4.84219e-06 
0.180308 0.00481719 0.00848804 1.52219e-07 0.00291216 0.000100571 0.0169853 0.020945 0.0715785 0.0972959 0.384587 3.68919e-05 0.211946 5.6795e-11 
0.00856103 0.000172602 0.00100175 0.000145867 0.00231646 3.12321e-05 0.0118338 5.45297e-05 0.0174776 0.00490637 0.882618 0.000393038 0.0698185 0.000669186 
0.30276 0.00126192 0.00271998 0.00128328 0.0526655 3.39843e-05 0.0687524 0.000891866 0.0517239 0.0459045 0.394425 1.53949e-05 0.0663823 0.0111801 
0.0188303 0.00274431 0.000899822 8.07587e-09 0.00206608 0.000562537 0.00121735 0.000607068 0.0197247 0.0039876 0.93235 2.19228e-05 0.016976 1.26538e-05 
0.00835287 0.00037073 0.00482608 2.74114e-05 0.0230086 0.00454813 0.0209506 0.000170578 0.408372 0.0291353 0.412166 0.000160556 0.085706 0.00220475 
0.205256 0.00806056 0.00690984 4.12972e-05 0.0652618 0.00956363 0.0334946 0.00738793 0.0170174 0.0617443 0.46442 0.00574672 0.112304 0.00279208 
0.0146858 0.000142726 6.47811e-07 4.55883e-10 0.00209879 4.87022e-10 3.73292e-06 0.000189803 0.0442807 0.011842 0.656884 2.61743e-05 0.267759 0.00208612 
0.152549 0.00354826 0.012832 3.48063e-07 0.00946435 9.80274e-06 0.00724666 0.00556359 0.000615622 0.00111524 0.601604 3.91361e-05 0.2052 0.000212422 
0.0413994 0.00325366 0.0383924 1.70214e-07 0.169014 1.42003e-09 0.00788194 0.00403455 0.0108193 0.192983 0.518047 1.73454e-05 0.014083 7.42621e-05 
0.302112 0.00181755 2.04565e-07 1.48874e-08 0.00464185 6.84135e-08 0.000656424 5.55267e-05 0.0804594 0.0579735 0.40496 6.9504e-06 0.147316 1.32776e-07 
0.0401705 1.57652e-05 0.0042168 1.57238e-10 0.00729691 1.67978e-10 0.0201539 0.0227742 0.00179849 0.0255977 0.794548 6.09033e-11 0.0834276 1.26684e-10 
0.0877177 0.0191443 0.0435373 0.00125239 0.0187317 0.0135301 0.00557372 0.0004462 0.151229 0.0561834 0.367873 2.53683e-07 0.23478 7.66121e-07 
0.263742 0.000160206 0.000612898 5.21342e-07 1.90403e-07 6.9135e-06 0.000930209 4.75293e-07 0.00139689 0.101593 0.615333 2.11593e-08 0.0162181 5.6591e-06 
0.0484181 0.000346636 0.000604381 8.66297e-05 0.0165286 0.000750703 0.00100039 0.214948 0.0709767 0.0552095 0.531563 0.000533461 0.058685 0.000348083 
0.0188303 0.00274431 0.000899822 8.07587e-09 0.00206608 0.000562537 0.00121735 0.000607068 0.0197247 0.0039876 0.93235 2.19228e-05 0.016976 1.26538e-05 
0.0531051 0.00377549 0.0622825 6.22616e-05 0.0341153 2.3969e-08 0.00553223 5.81727e-05 0.0196411 0.164883 0.489981 0.0511746 0.115219 0.000170873 
0.0286242 0.00273855 0.00798836 0.000195586 0.0303214 0.000515876 0.00802427 0.0223918 0.231468 0.0329925 0.580091 9.42391e-05 0.0537434 0.00081111 
0.0665148 0.020195 0.00262376 1.21682e-07 0.00995144 3.94011e-06 0.00606943 0.00052414 0.0230887 0.0270758 0.466624 4.57858e-06 0.377322 1.50687e-06 
0.0240596 0.0258974 8.78899e-06 1.00479e-08 0.150481 1.07342e-08 0.00303683 4.50969e-07 0.00396233 0.000315173 0.792231 7.55757e-07 1.10619e-09 7.48769e-06 
0.0801083 0.000869933 0.00448036 2.33114e-06 0.001781 0.000538056 5.41054e-05 0.000550837 0.163269 0.11625 0.526158 0.0168416 0.0890899 6.46978e-06 
0.16111 0.00170237 0.00167291 0.000388142 0.0223976 0.00197718 0.0038104 0.000366807 0.00965916 0.071436 0.640463 5.96198e-06 0.0850018 8.81847e-06 
0.231011 0.00452678 0.0273627 0.00122282 0.0666982 0.000707975 0.0434783 0.00799559 0.122796 0.159031 0.287094 0.000535679 0.0475381 1.62745e-06 
0.225602 0.00253001 0.00154233 2.22172e-07 0.0136724 0.00510044 0.0180589 0.0092264 0.01063 0.116178 0.454627 0.000221786 0.141066 0.0015449 
0.0680534 0.00500678 0.0442133 0.000116142 0.077091 0.000361619 0.0116928 0.000765295 0.0194922 0.122013 0.615228 0.00103798 0.034539 0.000389696 
0.00241089 0.000893933 0.0120806 3.55331e-06 0.000609744 3.1384e-05 0.00071805 0.0798932 0.00029575 0.000772928 0.507921 2.94968e-07 0.394369 2.31178e-10 
0.0188303 0.00274431 0.000899822 8.07587e-09 0.00206608 0.000562537 0.00121735 0.000607068 0.0197247 0.0039876 0.93235 2.19228e-05 0.016976 1.26538e-05 
0.0585798 0.00014067 4.37998e-07 3.53448e-07 0.00243256 4.00774e-07 0.000446971 0.00018744 0.0442454 0.0118213 0.563564 2.50681e-05 0.316534 0.00202244 
0.0188303 0.00274431 0.000899822 8.07587e-09 0.00206608 0.000562537 0.00121735 0.000607068 0.0197247 0.0039876 0.93235 2.19228e-05 0.016976 1.26538e-05 
0.116034 0.00292465 0.00242618 1.27071e-05 0.153575 0.00146849 0.0508916 0.0254032 0.037132 0.153756 0.280201 0.000132716 0.132207 0.0438351 
0.104595 0.000347774 0.00258517 2.68831e-06 0.201518 0.0020546 0.000380206 5.31907e-05 0.00766837 0.0113188 0.330773 0.27323 0.0654684 4.84219e-06 
0.144175 0.0132465 0.00241619 0.000386295 0.0118661 0.00509141 0.00309886 0.000649015 0.0186723 0.111385 0.63703 1.94023e-05 0.051958 5.62103e-06 
0.275172 0.0782631 0.00169261 0.00168346 0.0036308 0.000794103 0.0175528 0.000202785 0.0910855 0.162036 0.28117 0.000119777 0.0798366 0.00675982 
0.11715 0.0580043 0.00136465 0.00302386 0.0317445 0.000174601 0.161022 0.00240305 0.0336407 0.143192 0.393692 1.56533e-05 0.054206 0.000366666 
0.0436726 0.00644337 0.00136882 1.49259e-05 0.0171084 1.16881e-07 0.00242894 0.0722296 0.31159 0.0343552 0.424661 7.33168e-05 0.0860533 8.81485e-08 
0.224736 0.0126332 0.168638 0.00110709 0.0744458 8.02669e-05 0.00522288 0.00602775 0.0185056 0.215062 0.228533 1.38759e-06 0.0450001 6.3839e-06 
0.00251269 1.35377e-08 1.78154e-12 4.49783e-08 0.000166914 0.000371667 3.60657e-08 3.23995e-05 4.72221e-05 2.45806e-05 0.875011 1.28749e-06 0.121833 3.94263e-12 
0.00241089 0.000893933 0.0120806 3.55331e-06 0.000609744 3.1384e-05 0.00071805 0.0798932 0.00029575 0.000772928 0.507921 2.94968e-07 0.394369 2.31178e-10 
0.00241089 0.000893933 0.0120806 3.55331e-06 0.000609744 3.1384e-05 0.00071805 0.0798932 0.00029575 0.000772928 0.507921 2.94968e-07 0.394369 2.31178e-10 
0.112257 0.00906618 0.0742568 0.000183473 0.00613217 0.000935688 0.0087117 0.00221644 0.0706725 0.103602 0.361534 0.000395122 0.241659 0.00837762 
0.0289122 0.00174615 0.0112336 0.0037219 1.18794e-09 3.32737e-07 3.22582e-06 7.4924e-07 0.0795169 0.0017265 0.562028 2.47795e-09 0.31111 5.15437e-09 
0.0663965 0.0258441 0.00229833 0.0409578 0.0081458 0.000734077 0.00336144 0.00702983 0.0623382 0.0593022 0.60411 0.000112271 0.106964 0.0124057 
0.00703621 0.0101934 0.00318733 0.000591821 2.83596e-05 1.06049e-05 0.000623211 0.0533571 0.0146911 0.0878314 0.719992 2.13939e-06 0.0900491 0.0124066 
0.0697691 0.000342139 0.0033274 0.00160366 0.0152102 7.77793e-05 0.0111472 0.000516912 0.0255805 0.0882575 0.749763 4.87985e-06 0.0343967 3.35615e-06 
0.0487224 0.0514526 0.130251 5.4695e-06 5.47336e-06 5.46917e-06 5.47191e-06 5.47314e-06 0.169123 0.149989 0.281838 5.47241e-06 0.151081 0.0175108 
0.00582188 0.0213571 0.00782125 1.55467e-08 0.0181889 1.66087e-08 0.0172228 0.000311188 0.066924 0.0346752 0.608939 8.68416e-07 0.218715 2.31406e-05 
0.334267 0.0370974 0.00980086 7.10703e-07 0.0787544 3.40736e-07 0.0063578 0.000198178 0.00181857 0.0418551 0.484459 1.34322e-05 0.00537631 1.30118e-07 
0.0240596 0.0258974 8.78899e-06 1.00479e-08 0.150481 1.07342e-08 0.00303683 4.50969e-07 0.00396233 0.000315173 0.792231 7.55757e-07 1.10619e-09 7.48769e-06 
0.0188303 0.00274431 0.000899822 8.07587e-09 0.00206608 0.000562537 0.00121735 0.000607068 0.0197247 0.0039876 0.93235 2.19228e-05 0.016976 1.26538e-05 
0.157668 0.0168142 0.0633084 0.000487694 0.0110358 0.00173868 0.0589008 0.000171198 0.0215952 0.12411 0.472975 8.63503e-07 0.0711161 7.86657e-05 
0.143163 0.0470184 0.000206843 1.95928e-06 0.188841 0.000408501 0.00353161 0.00109687 0.180781 0.100767 0.200189 0.000220197 0.131984 0.00179002 
0.137672 0.0025668 0.00163128 0.000366493 0.00926009 0.000123653 0.0150169 0.00559745 0.0118402 0.0639246 0.730311 0.000162014 0.0157664 0.00576164 
0.0722836 0.0109514 0.00493237 2.75704e-06 0.0103908 0.0220318 0.00197967 0.0152899 0.171134 0.116287 0.399917 4.56204e-05 0.174751 2.98929e-06 
0.00356631 0.000453907 5.35376e-05 1.90181e-05 0.0406016 6.05612e-08 6.03087e-07 4.66707e-08 0.0116589 0.0179576 0.884113 3.86273e-08 0.0415568 1.86966e-05 
0.0531346 0.0267745 0.2422 1.87782e-06 3.15965e-06 9.55232e-11 6.17549e-06 7.34757e-07 0.102359 0.0639298 0.299868 3.08273e-07 0.211168 0.000553681 
0.15267 0.00385568 0.0106705 3.38335e-05 0.00756053 0.00373855 0.0159372 0.0172882 0.0988775 0.0551001 0.44458 1.11619e-05 0.18967 7.01061e-06 
0.216034 1.2328e-05 0.0146924 3.02372e-06 0.0144997 9.51313e-05 0.0802711 0.00368726 0.00474926 0.106398 0.309248 3.49907e-05 0.250276 9.31847e-09 
0.0966953 0.0911474 0.0261753 0.185323 0.111143 2.03565e-08 0.00393727 0.000461072 0.109139 0.0682126 0.222973 2.28231e-05 0.0335691 0.0512009 
0.0296321 0.012042 0.00352915 5.30357e-06 0.0217849 4.76748e-07 0.00802939 7.17657e-07 0.000187756 0.0396612 0.880714 1.76645e-06 0.00441033 3.5955e-07 
0.103653 0.00325413 0.0189033 0.00607664 0.109295 0.000381296 0.00512518 0.00481794 0.0618525 0.176654 0.36315 0.000244233 0.146242 0.000351366 
0.00273011 0.000866099 0.0122289 2.34053e-05 0.0515542 1.5128e-06 0.0094062 3.30569e-07 0.175736 1.27687e-05 0.634023 5.17738e-06 0.0677054 0.0457073 
0.0323881 0.00376034 0.0753594 0.00143685 0.0199967 0.000442045 0.00926628 0.00139849 0.0240947 0.0644038 0.725513 0.00116231 0.0399245 0.000853489 
0.0188303 0.00274431 0.000899822 8.07587e-09 0.00206608 0.000562537 0.00121735 0.000607068 0.0197247 0.0039876 0.93235 2.19228e-05 0.016976 1.26538e-05 
0.000304262 9.57112e-13 1.44296e-12 3.9635e-12 1.36331e-09 4.23422e-12 1.95665e-12 1.68117e-09 1.59155e-09 3.07794e-13 0.984616 3.99809e-10 0.0150799 3.19333e-12 
0.0759459 0.00118812 9.83762e-08 2.73943e-08 0.000378809 0.00130647 0.000154297 5.91951e-05 0.000241944 0.0326014 0.849993 4.15605e-09 0.0381304 3.54884e-10 
0.0486927 0.042398 0.044607 3.49801e-06 0.0277691 0.000174607 0.00931534 0.00128413 0.0173073 0.234387 0.54414 8.4265e-05 0.0298359 6.51783e-07 
0.293121 3.8426e-05 2.03219e-05 7.89347e-06 0.00293929 1.92034e-06 0.0132452 0.00587741 0.1437 0.00575905 0.362048 2.20757e-06 0.173231 7.72442e-06 
0.26858 3.07472e-05 1.11473e-07 4.69924e-07 0.000154499 0.000802599 0.00153571 0.00216471 0.00256566 0.051424 0.591418 6.38201e-07 0.0813223 1.39394e-09 
0.126268 0.0056047 0.00712416 0.00143073 0.0128403 0.0003375 0.00894277 0.00164982 0.0123135 0.0368813 0.751915 2.27426e-05 0.0346435 2.60568e-05 
0.167983 0.0445789 0.192419 1.00974e-05 0.165385 0.000195053 0.057371 1.77963e-05 0.0477463 0.105555 0.201132 3.81184e-08 0.0165978 0.00100807 
0.152027 0.000258323 0.0247053 4.62845e-05 5.41999e-06 0.00014554 0.0179789 2.51341e-05 0.051833 0.0562464 0.690971 0.00370455 0.00204916 4.08158e-06 
0.0176195 0.00978741 0.0569886 0.000378842 0.00921274 8.66713e-05 0.00293011 1.19618e-05 0.0969396 0.0133036 0.646332 0.000246264 0.145363 0.000799649 
0.0291451 0.00366204 0.00429835 0.0323038 0.0721496 0.000450107 0.0109053 0.0379583 0.00970894 0.0623917 0.462713 0.00392847 0.270381 3.73968e-06 
0.0149022 0.00697288 0.0040698 8.03665e-10 0.0102285 0.00791167 0.00479869 0.01291 0.235351 0.0271812 0.48533 2.57394e-08 0.190343 1.11152e-06 
0.143785 0.00267903 0.0382869 9.54229e-07 0.00367795 0.00112294 0.0291279 1.3424e-06 0.0111182 0.252005 0.441749 6.05897e-07 0.0763304 0.000115971 
0.0209596 0.00399316 0.0385715 0.0115592 0.00938182 1.35996e-10 0.0239454 0.000419724 0.0185521 0.0420653 0.792472 7.4557e-09 0.0380673 1.26324e-05 
0.0114414 0.00582538 0.00151171 0.00235684 0.00893473 0.00291526 0.00190717 0.000474701 0.0139763 0.0215087 0.642289 5.2482e-05 0.286759 4.70854e-05 
0.019633 0.000914057 0.00114123 0.000108207 0.00122204 0.00221142 0.0101861 0.0152936 0.031476 0.0491181 0.539309 7.46911e-06 0.3284 0.000979912 
0.00239961 0.00114432 0.000103759 0.0873085 0.0431955 4.8148e-07 0.00178361 6.99754e-11 0.00677002 0.0140774 0.817902 3.07064e-07 0.0252567 5.77674e-05 
0.134472 0.0078553 0.0705436 0.000333297 0.0323194 0.000101698 0.0157977 0.00278133 0.0622942 0.292685 0.326157 1.56255e-05 0.0545976 4.60067e-05 
0.216368 0.0013058 0.0121296 0.00149532 0.0243024 4.9076e-06 0.03476 6.80901e-05 0.000364532 0.0236965 0.644313 1.12896e-05 0.0411793 7.31804e-07 
0.0127782 0.000679062 9.22393e-06 1.42399e-07 0.000422592 0.00125151 0.00196653 0.038282 0.00313151 0.0329746 0.87117 9.10069e-08 0.0373341 8.39952e-08 
0.0958988 1.64662e-05 1.69467e-06 9.67302e-05 0.000527921 0.00617812 6.29292e-05 0.0247358 0.00695048 0.0718013 0.456503 2.73186e-08 0.337227 6.0779e-08 
0.067933 0.00719703 0.0100163 0.00104675 0.0590187 0.0031253 0.00674935 0.00194184 0.162662 0.0363304 0.433534 0.0135985 0.196814 3.36034e-05 
0.101515 0.0286984 0.00277236 4.1409e-06 0.00157439 5.40338e-07 0.171784 0.0270612 0.106152 0.0135464 0.483654 9.85171e-07 0.0630205 0.000215516 
0.276607 0.0109119 0.0257814 4.41811e-10 0.00836516 4.14544e-05 0.124537 1.03136e-10 0.000653293 0.0432494 0.462583 1.8767e-07 0.0472693 1.47664e-07 
0.00932014 0.000362191 0.000202649 4.92354e-07 0.000112123 0.00314397 0.000397741 0.00809291 0.0186524 0.00674737 0.627424 3.52333e-06 0.325375 0.000165147 
0.056255 0.00911299 0.000896248 5.39323e-07 0.177458 0.231003 0.00287735 0.0132348 0.219178 0.0101331 0.23652 0.00296445 0.0387505 0.00161726 
0.104595 0.000347774 0.00258517 2.68831e-06 0.201518 0.0020546 0.000380206 5.31907e-05 0.00766837 0.0113188 0.330773 0.27323 0.0654684 4.84219e-06 
0.0563513 0.0315921 0.158755 4.62504e-05 0.00927402 7.44167e-05 0.000602091 0.00683283 0.136658 0.211689 0.360245 3.07342e-05 0.0278141 3.45663e-05 
0.29265 0.00406369 0.00811924 0.00377026 0.0175861 0.000679674 0.0104723 0.00269899 0.0181358 0.0728916 0.499041 8.42513e-06 0.0698545 2.80614e-05 
0.0735524 0.000663232 0.00135423 0.000131518 0.0232699 1.26557e-05 0.00386601 0.00174019 0.00600641 0.0148309 0.712124 4.1539e-06 0.162439 6.2295e-06 
0.0754019 0.00118522 0.0302693 0.000340449 0.012611 3.83042e-08 0.0302777 0.010448 0.018928 0.0687819 0.719482 1.48038e-05 0.032259 2.58859e-08 
0.00715263 3.26918e-10 1.92268e-06 1.3538e-09 0.0141065 1.44627e-09 7.35829e-07 3.1603e-10 0.444337 1.05132e-10 0.457982 0.000158202 0.0762604 1.09074e-09 
0.00313251 0.00234568 0.00688472 1.5132e-05 0.00110527 4.21982e-05 1.18049e-05 0.000410938 0.201783 0.0580569 0.505334 9.20004e-07 0.220876 7.18874e-08 
0.16952 0.00437062 0.024618 0.00414608 0.0622875 3.85165e-05 0.00833832 0.00731233 0.0324451 0.184205 0.448447 0.000333827 0.0539273 1.04362e-05 
0.0004053 0.00011496 1.20177e-07 3.30101e-07 0.0217634 3.52648e-07 5.84136e-05 8.02203e-05 0.083865 0.000238636 0.631775 1.27858e-07 0.261688 1.01445e-05 
0.0325296 0.020534 0.0106503 0.00192156 0.0927467 0.000409296 0.00411471 0.00250739 0.0177949 0.0279241 0.648976 0.112913 0.0269196 5.88776e-05 
0.158086 0.00087611 0.00775075 0.00106134 0.0138298 0.000124659 0.025262 0.000228645 0.000483441 0.0271991 0.725828 3.44404e-06 0.039264 2.24036e-06 
0.0524844 0.00385294 0.000596648 0.00283191 0.000187993 1.56118e-05 0.00348812 0.000185751 0.183186 0.0327384 0.655802 5.58462e-06 0.0646138 1.09166e-05 
0.216034 1.2328e-05 0.0146924 3.02372e-06 0.0144997 9.51313e-05 0.0802711 0.00368726 0.00474926 0.106398 0.309248 3.49907e-05 0.250276 9.31847e-09 
0.279372 0.0158087 0.00979607 5.80148e-07 0.133409 2.77811e-07 0.00635145 0.000197649 0.00181685 0.0418521 0.506008 1.28315e-05 0.00537433 1.05864e-07 
0.0633631 0.00715512 0.00654861 0.00137041 0.0172752 0.00188819 0.00589627 0.249746 0.021991 0.0703945 0.334038 0.000323457 0.21844 0.00157007 
0.165284 0.00949017 0.130588 0.0169794 0.08828 4.18177e-06 0.0134367 0.00182726 0.0821628 0.0582994 0.311918 1.23676e-05 0.121714 3.73305e-06 
0.00422556 0.000218944 6.09149e-07 3.42046e-06 5.12116e-05 0.00153581 0.000760792 2.61276e-05 0.0730062 0.00360994 0.895506 5.09019e-07 0.0210546 6.06498e-10 
0.0477045 0.0179267 0.00395942 0.0014518 0.00374617 1.84952e-07 0.010661 4.40882e-05 0.00527091 0.00430636 0.885815 2.31642e-07 0.0191125 1.38029e-06 
0.340281 0.00375747 0.00248932 3.91836e-06 0.0207867 0.014445 0.0142077 0.00036113 0.00912024 0.129956 0.389313 0.000459958 0.0714753 0.00334327 
0.0188303 0.00274431 0.000899822 8.07587e-09 0.00206608 0.000562537 0.00121735 0.000607068 0.0197247 0.0039876 0.93235 2.19228e-05 0.016976 1.26538e-05 
0.183703 0.00161001 0.0125236 0.00197864 0.0258129 6.86895e-06 0.0438689 4.74768e-05 0.000326483 0.02561 0.658054 6.36806e-06 0.046451 1.02399e-06 
0.00241089 0.000893933 0.0120806 3.55331e-06 0.000609744 3.1384e-05 0.00071805 0.0798932 0.00029575 0.000772928 0.507921 2.94968e-07 0.394369 2.31178e-10 
0.024031 0.000203429 0.0379485 0.00129979 0.00340708 0.00112737 0.00378274 0.00801755 0.0344169 0.0412386 0.615021 5.31377e-06 0.229498 2.94191e-06 
0.277772 0.00509162 0.00617236 8.24946e-05 0.0155561 0.00488891 0.0054543 7.7302e-05 0.0180748 0.0409677 0.560311 9.7276e-05 0.0654365 1.70456e-05 
0.0908516 0.008967 0.0565526 2.35857e-05 0.0069673 0.00670983 0.0447688 0.0068868 0.0153513 0.0342951 0.646732 9.2618e-05 0.081801 6.2566e-07 
0.259656 0.0105228 0.0776299 0.0319211 0.0570827 1.40252e-05 0.00341702 3.29298e-05 0.00389814 0.26987 0.275063 0.000118554 0.0107704 3.07453e-06 
0.101707 0.0325055 0.0441942 1.11004e-05 0.110862 5.08539e-06 0.000150521 0.000185516 0.00184212 0.0898992 0.576447 0.000118021 0.0419777 9.52052e-05 
0.0646995 0.000136465 6.88537e-09 6.43423e-07 0.00815677 0.0078979 0.00388092 0.000216015 0.00384063 0.0203803 0.640089 1.02478e-10 0.250673 2.91023e-05 
0.00809847 0.00642077 4.37792e-05 0.000129972 0.00844346 0.00138614 0.00895821 0.220169 0.0003913 0.0317017 0.572198 3.95495e-05 0.141913 0.000106823 
0.114462 0.0126499 0.0593804 0.0102088 0.170462 0.00018561 0.0327206 0.000130247 0.0274034 0.0722507 0.481716 5.97195e-05 0.0182405 0.000130605 
4.43499e-06 4.4344e-06 4.43393e-06 4.4315e-06 4.43462e-06 4.43123e-06 0.00576791 0.0372537 0.0589819 4.43502e-06 0.537393 4.43385e-06 0.360564 4.43223e-06 
0.135621 0.0121544 0.0225786 0.000184902 0.0598691 2.1731e-05 0.00519675 0.00600894 0.0963471 0.159623 0.476695 1.6707e-05 0.0252442 0.000437969 
0.0392344 0.00358522 0.0806429 4.98812e-06 0.220058 0.000965832 0.00331239 0.00749043 0.18662 0.0950313 0.258458 0.000199519 0.104349 4.77708e-05 
4.20675e-08 1.13284e-07 1.70789e-07 4.6912e-07 0.000239007 5.01164e-07 2.3159e-07 1.09511e-07 0.241663 7.42636e-05 0.721875 3.34062e-05 0.0360293 8.48423e-05 
0.0783707 0.000497439 0.034804 0.0012272 0.0639369 3.66853e-06 0.00601776 0.0822792 0.0476354 0.101695 0.425746 4.34262e-05 0.157659 8.44195e-05 
0.0241268 0.00236772 0.00445071 2.08268e-05 0.00141042 4.74143e-05 0.0119281 0.0488892 0.0409516 0.104922 0.391646 1.96129e-06 0.368063 0.00117506 
0.0037888 0.000296337 5.33074e-05 4.87236e-05 0.000721494 0.00234726 3.63267e-05 0.014698 0.0565796 0.00136384 0.701099 2.37637e-06 0.218952 1.26542e-05 
0.150174 0.00012209 0.00209474 0.000747648 0.0155027 0.0269236 1.77705e-05 0.0505029 0.147657 0.0195656 0.42871 0.00123946 0.156732 1.04353e-05 
0.0174235 0.00102047 0.00160295 2.99805e-08 0.00397534 0.000172033 0.00213969 0.000385643 0.0267363 0.0147364 0.866573 3.13141e-07 0.0647276 0.000506479 
0.14413 0.0559123 0.0869392 0.00846046 0.104449 0.000108821 0.00744369 0.00433576 0.0436562 0.157882 0.218906 2.88318e-05 0.166482 0.00126556 
0.0782721 0.00102559 0.0997427 2.34581e-05 0.0280648 2.18844e-05 0.00231949 8.75321e-05 0.0710369 0.130474 0.535786 0.000150714 0.0468862 0.00610825 
0.126602 0.00168182 0.00386711 4.0624e-06 0.0388183 0.0214582 0.00750083 0.0117486 0.058262 0.0470143 0.507929 0.000132142 0.174596 0.000385826 
0.00241089 0.000893933 0.0120806 3.55331e-06 0.000609744 3.1384e-05 0.00071805 0.0798932 0.00029575 0.000772928 0.507921 2.94968e-07 0.394369 2.31178e-10 
0.000774147 6.92501e-13 1.04403e-12 3.29933e-10 1.6316e-05 3.77389e-08 1.4157e-12 1.4131e-09 1.33776e-09 1.19753e-09 0.97842 1.92254e-06 0.020788 2.31048e-12 
0.0885666 0.000525109 0.0398423 0.000296426 0.0164565 8.4355e-05 0.0153237 1.03563e-05 0.041962 0.0412204 0.396176 0.000181019 0.359355 9.22238e-07 
0.0188303 0.00274431 0.000899822 8.07587e-09 0.00206608 0.000562537 0.00121735 0.000607068 0.0197247 0.0039876 0.93235 2.19228e-05 0.016976 1.26538e-05 
0.142226 0.0104018 0.0277836 6.01563e-07 0.0649882 0.000105708 0.00126604 1.05167e-05 0.0181755 0.0487967 0.670136 0.000154813 0.0158179 0.000136725 
0.0246689 0.00143295 0.000451006 5.25392e-06 0.000299414 0.00441837 0.000547305 0.00110268 0.00125336 0.0293958 0.694132 1.24019e-05 0.242269 1.13925e-05 
0.100623 0.00550666 0.0360481 0.000227084 0.00620692 1.30433e-05 0.00518857 0.00456143 0.0744964 0.0136976 0.662704 3.69888e-06 0.0901979 0.00052566 
0.0866683 0.00180404 0.0146776 0.000666146 0.0670826 0.00516151 0.0112132 0.0357243 0.264775 0.0809061 0.320722 8.27051e-05 0.106926 0.0035904 
0.0690357 0.000615725 2.45729e-05 4.13891e-05 0.0440051 0.00118938 0.000569836 0.0550166 0.000975105 0.0635298 0.426286 7.30005e-05 0.338638 2.16061e-08 
0.111104 0.2431 0.00375964 0.0161719 0.0124302 1.65177e-05 0.00474546 0.00224683 0.0245345 0.144636 0.313401 1.55408e-08 0.12385 3.84625e-06 
0.0188303 0.00274431 0.000899822 8.07587e-09 0.00206608 0.000562537 0.00121735 0.000607068 0.0197247 0.0039876 0.93235 2.19228e-05 0.016976 1.26538e-05 
0.0851397 0.00269494 0.0134623 0.00261804 0.0388238 3.16329e-05 0.0124572 0.00557078 0.00758047 0.0524698 0.746455 4.8468e-05 0.032415 0.000232877 
0.0188303 0.00274431 0.000899822 8.07587e-09 0.00206608 0.000562537 0.00121735 0.000607068 0.0197247 0.0039876 0.93235 2.19228e-05 0.016976 1.26538e-05 
0.0605806 0.0179371 0.0156088 0.00304116 0.0188552 0.0318108 0.0163425 0.0252197 0.156321 0.055844 0.32331 0.0112753 0.263097 0.000757859 
7.05717e-05 0.00292883 3.3008e-05 2.93116e-06 0.00114611 2.52229e-05 0.000173746 2.38204e-05 0.0211181 0.0878863 0.886427 1.31261e-06 0.00016236 5.84886e-07 
0.0426767 0.000174144 0.00480851 1.88715e-08 3.10439e-07 0.000515878 0.00199635 0.00115683 0.0579511 0.0352023 0.681494 1.97115e-07 0.172505 0.00151856 
0.0778238 0.00125319 0.00252638 0.00113021 0.0313949 2.32447e-05 0.00721327 0.000706912 0.0112085 0.0288133 0.782452 1.09938e-05 0.0554318 1.14248e-05 
0.0142271 0.0111413 0.000184713 1.19784e-06 0.000691578 6.8989e-05 0.00117187 0.000112928 0.084138 0.0166828 0.807098 4.63962e-07 0.064441 3.97766e-05 
0.104352 0.00508199 0.00175847 0.00107447 0.0309787 1.12071e-05 0.00180123 0.000769448 0.0147062 0.0588372 0.726915 3.84097e-05 0.0532846 0.000390713 
0.0729689 0.0388747 0.128682 4.47632e-10 0.0107117 0.000301731 0.0148328 0.000188437 0.0914795 0.149675 0.425951 0.000181726 0.0661524 3.60651e-10 
0.104595 0.000347774 0.00258517 2.68831e-06 0.201518 0.0020546 0.000380206 5.31907e-05 0.00766837 0.0113188 0.330773 0.27323 0.0654684 4.84219e-06 
0.119097 0.0147622 0.0871969 0.00014316 0.037061 1.56622e-05 0.0971918 0.0051254 0.0812033 0.189251 0.232119 0.0966137 0.040168 5.25514e-05 
0.263742 0.000160206 0.000612898 5.21342e-07 1.90403e-07 6.9135e-06 0.000930209 4.75293e-07 0.00139689 0.101593 0.615333 2.11593e-08 0.0162181 5.6591e-06 
0.0333489 0.119843 0.0129435 1.15244e-09 0.00310791 3.46293e-05 0.00526745 0.000485128 0.0505664 0.179327 0.478745 4.46376e-10 0.116272 5.99883e-05 
0.0240596 0.0258974 8.78899e-06 1.00479e-08 0.150481 1.07342e-08 0.00303683 4.50969e-07 0.00396233 0.000315173 0.792231 7.55757e-07 1.10619e-09 7.48769e-06 
0.0188303 0.00274431 0.000899822 8.07587e-09 0.00206608 0.000562537 0.00121735 0.000607068 0.0197247 0.0039876 0.93235 2.19228e-05 0.016976 1.26538e-05 
0.0188303 0.00274431 0.000899822 8.07587e-09 0.00206608 0.000562537 0.00121735 0.000607068 0.0197247 0.0039876 0.93235 2.19228e-05 0.016976 1.26538e-05 
0.144487 0.00190037 0.000821422 1.66564e-05 0.0579233 0.00582311 0.00605798 0.00206755 0.068587 0.0697387 0.493424 0.000303059 0.148844 5.57028e-06 
0.0402618 0.000396556 0.00237262 5.67267e-09 0.00133332 0.00120449 1.96415e-05 0.0178661 0.157432 0.0188395 0.506627 8.57323e-08 0.253646 2.50411e-07 
0.263742 0.000160206 0.000612898 5.21342e-07 1.90403e-07 6.9135e-06 0.000930209 4.75293e-07 0.00139689 0.101593 0.615333 2.11593e-08 0.0162181 5.6591e-06 
0.0868024 0.0325435 0.0193709 0.00383952 0.022395 8.58191e-05 0.0034171 0.0118648 0.0764231 0.0631421 0.601868 7.81517e-05 0.0612713 0.0168982 
0.265945 0.0177511 0.00343824 0.0132058 0.033726 0.00012262 0.0746068 0.0131339 0.0198425 0.0743833 0.349353 0.00607235 0.127293 0.00112659 
0.224755 0.117163 0.0137236 8.40972e-08 0.0100533 5.13211e-06 0.0393553 0.000283977 0.0221158 0.218007 0.240419 1.57373e-05 0.114013 8.99866e-05 
0.0182678 0.0169492 0.00819526 0.000342391 0.00144537 2.47185e-06 0.000516578 0.0375564 0.173121 0.0878371 0.592452 3.41288e-06 0.0232831 0.0400278 
0.0585798 0.00014067 4.37998e-07 3.53448e-07 0.00243256 4.00774e-07 0.000446971 0.00018744 0.0442454 0.0118213 0.563564 2.50681e-05 0.316534 0.00202244 
0.066114 0.00157868 0.00820391 0.0407294 0.019571 0.000145069 0.11901 1.97637e-05 0.093042 0.0712216 0.569961 6.21207e-05 0.0102056 0.000136145 
0.0188303 0.00274431 0.000899822 8.07587e-09 0.00206608 0.000562537 0.00121735 0.000607068 0.0197247 0.0039876 0.93235 2.19228e-05 0.016976 1.26538e-05 
0.00422556 0.000218944 6.09149e-07 3.42046e-06 5.12116e-05 0.00153581 0.000760792 2.61276e-05 0.0730062 0.00360994 0.895506 5.09019e-07 0.0210546 6.06498e-10 
0.211583 0.00274041 0.0143283 0.00214946 0.0215933 0.000131418 0.0618292 0.00419183 0.0177161 0.0441448 0.515845 0.0143824 0.0884291 0.000935642 
0.00422556 0.000218944 6.09149e-07 3.42046e-06 5.12116e-05 0.00153581 0.000760792 2.61276e-05 0.0730062 0.00360994 0.895506 5.09019e-07 0.0210546 6.06498e-10 
0.0342451 0.00637891 0.0961677 0.0192379 0.0249664 0.00142271 0.0479955 0.0347433 0.179672 0.112518 0.321596 0.000112411 0.119703 0.00124069 
0.0751067 0.0201157 0.000663782 1.93457e-10 6.81508e-07 0.0446688 1.52284e-06 0.000552276 0.0396058 0.0464713 0.688615 5.08785e-07 0.0841972 4.92959e-07 
0.0412398 0.00133274 0.00103598 0.000453983 0.00284934 0.00382504 0.00187684 0.00224607 0.00118298 0.0406886 0.670194 1.81791e-05 0.233045 1.12086e-05 
0.222327 1.7327e-05 0.0310133 0.000482995 1.74478e-12 2.68064e-06 0.00428766 0.00024324 0.00281419 0.263698 0.303539 1.19237e-08 0.171575 7.57046e-12 
0.054646 1.90267e-06 0.00040968 0.000124318 0.0272165 1.9084e-07 0.00214611 4.86732e-08 0.0470481 0.00419065 0.850519 2.12745e-08 0.0136976 1.16952e-07 
0.00241089 0.000893933 0.0120806 3.55331e-06 0.000609744 3.1384e-05 0.00071805 0.0798932 0.00029575 0.000772928 0.507921 2.94968e-07 0.394369 2.31178e-10 
0.0787396 0.0216058 0.0699347 9.06409e-05 0.0175628 5.91519e-05 0.134277 0.000538052 0.244903 0.0424817 0.301539 3.93899e-07 0.088268 9.08887e-07 
0.177965 0.0128388 0.00023756 0.00148913 0.00811654 2.25802e-05 0.007094 0.031661 0.00130436 0.00270662 0.451333 9.71385e-05 0.299493 0.00564088 
0.00673731 0.0148378 0.0281273 0.000659436 0.0311053 3.17438e-06 0.00261177 0.000374325 0.300328 0.0689987 0.440468 8.48059e-06 0.102325 0.00341503 
0.235832 6.48615e-05 0.000561169 2.33543e-08 0.000112757 2.49495e-08 0.116107 5.45183e-09 0.0372736 0.15136 0.458687 9.04586e-09 2.57112e-09 1.90044e-06 
0.00837765 3.25725e-05 5.09757e-06 4.44937e-07 1.8094e-05 0.00391744 3.78835e-05 0.000812408 0.0113611 0.0111073 0.913164 2.1196e-09 0.0511605 5.34603e-06 
0.265353 0.000761468 0.0404514 1.33994e-07 0.00434619 8.70227e-10 0.00866252 8.48454e-05 0.226702 0.0386853 0.277848 0.000857713 0.136247 6.56301e-10 
0.33321 0.00506216 0.00643802 0.000131818 0.00204305 0.000287251 0.000880956 0.00180735 0.0467268 0.0201478 0.547115 4.09552e-05 0.0220749 0.0140333 
0.065573 0.00300411 7.44983e-05 4.51977e-06 0.00602578 0.00241857 0.00552177 0.0233119 0.00906015 0.0799961 0.478843 4.09201e-05 0.325291 0.00083401 
0.047654 0.00882561 0.0298823 0.000180495 0.0669225 0.00359026 0.00379917 0.00735201 0.0364026 0.21207 0.508794 0.000231605 0.0742568 3.87037e-05 
0.0487177 0.00353116 0.0773836 0.000100016 0.0049441 0.000329334 0.00346605 0.00370812 0.126664 0.144806 0.532228 7.61755e-05 0.0540046 4.13146e-05 
0.261931 0.00676184 5.24925e-08 1.63205e-07 0.0303422 0.00138173 0.135996 2.09353e-06 0.00211544 0.0124919 0.368639 0.000575045 0.179659 0.000104867 
0.388331 2.90977e-05 0.00507215 1.16743e-07 0.003195 6.41905e-10 0.00915868 1.30645e-05 0.00574916 0.0545013 0.510075 1.13497e-05 0.0238642 4.84106e-10 
0.0759459 0.00118812 9.83762e-08 2.73943e-08 0.000378809 0.00130647 0.000154297 5.91951e-05 0.000241944 0.0326014 0.849993 4.15605e-09 0.0381304 3.54884e-10 
0.00862561 0.00217373 0.00441689 4.23741e-07 0.000192831 1.59684e-06 0.000248179 0.00106743 0.000701732 0.00438033 0.961777 5.16086e-08 0.0163858 2.83435e-05 
0.0314936 0.000690145 0.00123263 0.000635308 0.0112229 4.18906e-05 0.00157985 0.000215065 0.00741099 0.0166247 0.912086 1.15717e-05 0.016755 1.3701e-08 
