0.112497 0.0146429 0.0146885 0.000232262 0.0375953 0.000122897 0.00419298 0.00503902 0.0296607 0.759805 0.000708109 9.0099e-05 0.0205404 0.000185009 
0.116075 0.127074 0.540706 0.000779564 0.0165733 1.65008e-05 0.042219 2.43302e-05 0.00721651 0.0691936 0.0556036 2.54861e-06 0.0244128 0.000102589 
0.00196009 0.00626785 0.0124885 0.00296254 0.0021181 1.47885e-07 0.00163336 0.0368941 0.809214 0.027917 0.0182408 5.36183e-08 0.00941381 0.0708895 
0.115872 0.0338205 0.00973732 0.00121681 0.399806 0.000849337 0.0107499 0.00197382 0.00482949 0.412204 0.00105109 0.000179203 0.00751622 0.000194446 
0.573382 0.106324 0.00869993 5.40184e-05 0.00546815 0.00208368 0.145309 0.0210604 0.000779972 0.10382 0.00661757 1.50497e-05 0.0256935 0.000691934 
2.05037e-05 0.00211225 0.56377 6.07905e-05 0.202726 2.34795e-07 0.0762891 1.13493e-05 0.014097 0.138212 0.00234775 8.51289e-08 0.000352302 6.54224e-07 
0.566408 0.0184408 0.0346764 3.43316e-06 0.143279 2.77709e-05 0.0593197 0.000283027 0.0170518 0.147936 0.00409518 6.65871e-08 0.00847889 1.89874e-07 
0.0475588 0.00373399 0.0233821 0.00625477 0.0329202 0.0034898 0.00600142 0.017695 0.678928 0.0829511 0.00915398 0.00212354 0.082747 0.00305989 
0.0833376 0.0276562 0.0624974 0.0020656 0.0957765 0.000126471 0.0064869 0.105354 0.243136 0.0941582 0.011473 2.05018e-06 0.265553 0.00237702 
0.00225083 0.00888198 0.0171376 0.000186413 0.0921141 2.29074e-05 0.0148931 0.00506724 0.029479 0.817852 0.00306014 3.52093e-06 0.00893833 0.000112555 
0.350994 0.00298248 6.61634e-05 9.90755e-05 0.00955831 0.0234008 0.00404815 0.0184044 0.384063 0.0972637 0.00228504 6.52634e-05 0.106608 0.000161267 
0.440733 0.117431 0.0411514 0.00116992 0.0929764 0.000279172 0.130638 0.00248596 0.0163176 0.12904 0.00435564 0.000101243 0.0228794 0.000441468 
0.104262 0.00386862 0.00122389 4.31084e-05 0.0548152 0.0108269 0.0133651 0.281331 0.0496889 0.218941 0.0334008 9.52679e-06 0.228051 0.000172557 
0.160348 0.713748 0.000163864 0.000462137 0.00441067 3.31826e-05 0.00632942 0.0657184 0.000230442 0.0318421 0.00127956 2.20167e-05 0.0144497 0.0009626 
0.019939 0.000741663 0.0161798 0.00125878 0.00493045 0.000551434 0.0118514 0.00501636 0.439109 0.0984753 0.129888 1.27997e-08 0.272059 6.23296e-07 
0.160348 0.713748 0.000163864 0.000462137 0.00441067 3.31826e-05 0.00632942 0.0657184 0.000230442 0.0318421 0.00127956 2.20167e-05 0.0144497 0.0009626 
0.0403648 0.153119 0.00386842 0.00214519 0.426341 3.12065e-05 0.0218398 0.0284873 0.00307452 0.308922 0.00496457 1.08265e-05 0.0067939 3.74457e-05 
0.0669011 0.0889408 0.0084396 8.25181e-05 0.0468229 0.000221154 0.0189428 0.0170859 0.517491 0.0170798 0.0293817 3.08599e-05 0.188523 5.64381e-05 
0.0248101 0.00330822 0.0011079 0.000722164 0.0366924 0.000397894 0.00432793 0.659159 0.0222464 0.0414777 0.0270555 0.000185703 0.172994 0.00551475 
0.741317 0.0152959 0.00406022 0.000277543 0.00240445 0.0537622 0.00787891 0.0147046 0.0707817 0.0456273 0.00319321 5.72314e-05 0.0387005 0.00193875 
0.0401705 1.57652e-05 0.0042168 1.57238e-10 0.00729691 1.67978e-10 0.0201539 0.0227742 0.00179849 0.0255977 0.794548 6.09033e-11 0.0834276 1.26684e-10 
0.540094 0.0221201 0.00150361 0.000315998 0.0283612 5.81852e-05 0.0118372 0.118864 0.0259136 0.0598745 0.01155 4.73557e-05 0.179147 0.000313247 
0.350412 0.0213667 0.0304059 0.00103092 0.099496 8.75377e-05 0.00930917 0.0543001 0.0191102 0.356451 0.02761 3.45111e-05 0.0210104 0.00937535 
0.1222 0.000856238 0.000192469 2.61101e-05 0.00530541 5.77175e-05 0.00210766 0.000128593 0.00757584 0.831772 0.00953915 1.67706e-05 0.0199835 0.000239087 
0.0466932 0.141051 0.0543594 0.00189036 0.281559 0.000179349 0.0333784 0.00586491 0.0410489 0.301101 0.0135216 1.35281e-05 0.0789471 0.000392627 
0.411201 0.0887064 0.00368813 0.00111654 0.0507316 0.00293652 0.029772 0.00889933 0.0319685 0.316997 0.00691185 5.94992e-05 0.0466186 0.000392972 
0.604776 0.0654188 0.0290856 0.0028773 0.0827046 0.000353642 0.0513938 0.0137516 0.00662171 0.0619851 0.0109453 3.62147e-05 0.0689908 0.00105984 
0.107113 0.0100741 0.0012651 0.000496576 0.0109274 0.0029955 0.00533452 0.0194625 0.0480468 0.741613 0.00332863 0.000112493 0.0485658 0.000664977 
0.0725729 0.806246 8.27797e-05 9.72887e-05 0.000688474 5.18949e-05 0.000491592 1.48031e-05 0.0349744 0.0839724 1.15511e-05 3.57528e-06 0.000428932 0.000363744 
0.0750906 0.233284 0.324485 0.0144454 0.0251221 0.00297598 0.00259889 0.00115387 0.113197 0.153312 0.0156293 0.000104143 0.0211568 0.0174452 
0.136671 0.356705 0.00898967 9.14163e-05 0.00067319 5.89468e-07 0.00129583 0.00640582 0.0155132 0.161181 0.0112691 2.33343e-07 0.301203 7.25729e-07 
0.0610262 0.0107799 0.000172239 8.53622e-05 0.00407354 0.000779649 0.00528215 0.0103944 0.0270639 0.0814711 0.175679 2.55779e-06 0.623014 0.000175375 
0.256626 0.261355 0.0143565 0.00133641 0.0535133 0.000313979 0.0268483 0.0133704 0.0212895 0.196234 0.0273415 0.000100135 0.123363 0.00395315 
0.115408 0.00897338 0.00554563 0.0489223 0.058146 0.00290779 0.00883945 0.0157102 0.441137 0.10817 0.00853383 0.000154023 0.17604 0.00151186 
0.0838553 0.00902494 0.000263471 0.0371869 0.0146039 0.00524086 0.000852138 0.317903 0.00519524 0.0259111 0.0110628 5.32525e-05 0.488769 7.7874e-05 
0.0617518 0.12791 0.0160142 3.87719e-05 0.00926875 1.49172e-05 0.07212 0.457355 9.81617e-05 0.0715961 0.00810206 9.41063e-07 0.174318 0.00141169 
0.1094 0.00581862 0.00105709 5.26685e-05 0.00204207 0.00442225 0.4001 0.0961719 0.00888088 0.0634478 0.0363309 2.1549e-05 0.272223 3.16435e-05 
0.257956 0.0148661 0.276561 0.000277675 0.0364631 3.71284e-05 0.00915296 0.0155556 0.00934626 0.239948 0.0852856 1.01969e-06 0.0544997 4.8863e-05 
0.055405 0.00569116 0.000207542 0.021693 0.0129374 0.00627431 0.000655461 0.426108 0.00353572 0.0152885 0.00873069 3.10688e-05 0.443395 4.72385e-05 
0.307073 0.106499 0.00113389 0.000686126 0.0420254 5.16467e-05 0.293492 0.000263444 0.0181708 0.22771 0.00129014 8.66202e-07 0.00142889 0.000174866 
0.422718 0.0146285 0.0409893 0.000524614 0.0116613 5.35319e-05 0.00541365 0.00229103 0.264182 0.107961 0.00468853 7.3511e-06 0.124767 0.00011454 
0.138416 0.01109 0.0564702 0.00013571 0.0207384 0.000105036 0.00762604 0.0859915 0.559697 0.0877518 0.00175927 9.60161e-05 0.029788 0.000334554 
0.0211842 0.0877489 0.00483545 6.08318e-05 0.00997329 0.000121586 0.00106111 0.0056856 0.0644958 0.787819 0.00781238 2.63522e-05 0.00875376 0.000422134 
0.0631408 0.0378796 1.37149e-05 2.42729e-10 7.17551e-06 7.78187e-07 0.00049622 0.00211483 0.0332923 0.863051 1.85214e-06 9.40167e-11 2.03895e-06 1.95563e-10 
0.120086 0.214999 0.0118632 0.00195948 0.129763 0.00741215 0.0134393 0.0452527 0.0115613 0.42543 0.00148951 0.000144191 0.014357 0.002242 
0.506713 0.0397213 0.00457318 0.000195512 0.0399026 0.00165026 0.011842 0.0215883 0.0418227 0.254722 0.0135683 0.000173642 0.0625644 0.000962799 
0.0586794 0.0253244 0.00911534 0.00010227 0.00155651 0.0185031 0.0168324 0.0544095 0.012442 0.0287643 0.289366 1.11707e-06 0.484622 0.000281779 
0.0843744 0.0112543 0.000476531 0.0230397 0.0982917 0.000167744 0.00115136 0.180973 0.0232094 0.162 0.0270756 0.00014968 0.384443 0.00339365 
0.12058 0.000399919 0.0147501 0.588184 0.00179049 0.00332184 0.0201051 0.0459111 0.00482052 0.0764718 0.0154104 4.6009e-06 0.10787 0.000379792 
0.0911422 0.0813991 0.0631531 0.000129092 0.0453628 0.000957996 0.0382358 0.00746278 0.0399104 0.526578 0.0241637 7.30562e-05 0.0809361 0.000495604 
0.730286 0.0707164 0.000225064 0.000231086 0.0643055 0.000109714 0.00508123 0.00687559 0.0154827 0.10256 0.000108787 7.98901e-05 0.00349693 0.0004415 
0.265328 0.0233476 0.000673413 0.000164682 0.0364129 0.0290528 0.0117329 0.271071 0.0199423 0.100512 0.00986009 0.000116386 0.231353 0.000432055 
0.243344 0.00498768 0.0186209 3.18448e-05 0.00153889 0.000458722 0.000531716 0.0652482 0.0118859 0.604643 0.00301338 9.64216e-06 0.0455808 0.000105301 
0.12058 0.000399919 0.0147501 0.588184 0.00179049 0.00332184 0.0201051 0.0459111 0.00482052 0.0764718 0.0154104 4.6009e-06 0.10787 0.000379792 
0.0775484 0.000357158 0.000222154 1.47526e-05 0.00125785 0.00364197 0.000217188 0.0028366 0.681465 0.0393123 0.00234296 1.2753e-06 0.190751 3.16802e-05 
0.201388 0.00883317 0.0435471 6.87398e-05 0.0046449 0.00388583 0.0062842 0.0263888 0.0121417 0.481628 0.0719362 2.99336e-06 0.139227 2.33102e-05 
0.101184 0.0294816 0.0168433 0.00333744 0.0697051 0.13832 0.00658669 0.00343711 0.0396386 0.467701 0.0422605 0.000537107 0.0785224 0.00244578 
0.0141147 6.23372e-07 6.18079e-05 0.00205047 0.00147352 0.000314732 6.68289e-05 0.0146595 0.0373421 0.029377 0.714895 2.95756e-07 0.185634 8.73705e-06 
0.0315721 0.000860008 0.000751155 0.00469344 0.0117025 0.00121658 0.00251223 0.00409955 0.724329 0.0237687 0.0172755 2.88439e-05 0.176882 0.000308718 
0.237236 0.0666375 0.0222692 0.000171127 0.00867962 0.00146256 0.045928 0.00399834 0.0228233 0.492088 0.0103283 3.66547e-05 0.0871255 0.00121557 
0.00276142 0.00169151 1.32627e-05 0.924572 0.0445564 0.000131875 0.000611681 0.00133809 0.00156353 0.00889494 0.000496658 5.6734e-07 0.0133463 2.20131e-05 
0.0173229 0.912142 0.0118964 9.39557e-05 0.00806267 8.21632e-05 0.0065991 0.000145928 0.0156298 0.0233643 0.000746043 2.12329e-06 0.0038079 0.000105129 
0.0858798 0.00179133 0.00191594 0.153514 0.00124844 0.000115645 0.0057228 0.337475 0.00908242 0.0194673 0.00373233 9.72235e-07 0.379954 9.97101e-05 
0.0145366 0.010371 0.765586 2.85588e-07 0.00253452 3.05095e-07 2.82994e-05 0.00174094 0.0887023 0.0628122 0.0103688 1.10617e-07 0.0433183 2.30094e-07 
0.0546749 0.013291 0.0137266 0.000102873 0.0191386 0.00153243 0.0426918 0.00710031 0.315747 0.110078 0.243987 7.07475e-05 0.177633 0.000225065 
0.0660834 0.0213063 0.0700972 0.000992589 0.169015 0.00025606 0.0093242 0.000149328 0.00498979 0.615791 0.0104379 6.68319e-07 0.0315416 1.50063e-05 
0.00166929 0.000794896 0.002308 9.4302e-09 2.57616e-06 1.53258e-05 0.00111571 0.00619636 0.00119773 0.00140716 0.0156523 2.99514e-10 0.969641 6.23017e-10 
0.0580817 0.0153049 0.0388898 0.0179675 0.212535 0.000228743 0.0154653 0.0287487 0.040176 0.535125 0.0093292 2.29798e-05 0.0280912 3.44215e-05 
0.160348 0.713748 0.000163864 0.000462137 0.00441067 3.31826e-05 0.00632942 0.0657184 0.000230442 0.0318421 0.00127956 2.20167e-05 0.0144497 0.0009626 
0.37939 0.0218896 0.0264004 0.0430501 0.0236577 0.000219617 0.0494405 0.00149199 0.00626373 0.399245 0.00368792 3.78052e-05 0.0401533 0.00507306 
0.268364 0.0651453 0.00125009 0.000331771 0.00920032 3.75564e-05 0.013219 0.0290006 0.0101304 0.527863 0.00363499 1.35232e-05 0.0717794 2.99014e-05 
0.142627 0.0370575 0.023448 0.000382751 0.0582823 0.118677 0.00809597 0.000637127 0.235259 0.120639 0.0103741 0.000275698 0.16456 0.0796841 
0.287289 0.0163781 0.0209485 0.00179706 0.0470474 0.00139583 0.0231925 0.017743 0.111528 0.151788 0.267301 6.78992e-05 0.0498952 0.00362945 
0.016407 0.00178346 0.000106888 0.03067 0.00391104 1.00413e-05 0.000133346 0.072007 0.00464446 0.155559 0.406245 3.15727e-07 0.308415 0.000106638 
0.018236 0.000731502 0.00791117 0.00302269 0.0117834 0.000731187 0.00706109 0.000179239 0.00650635 0.0196787 0.0590621 8.33081e-11 0.865096 1.73295e-07 
0.160348 0.713748 0.000163864 0.000462137 0.00441067 3.31826e-05 0.00632942 0.0657184 0.000230442 0.0318421 0.00127956 2.20167e-05 0.0144497 0.0009626 
0.12058 0.000399919 0.0147501 0.588184 0.00179049 0.00332184 0.0201051 0.0459111 0.00482052 0.0764718 0.0154104 4.6009e-06 0.10787 0.000379792 
0.0668877 0.00394984 0.0266887 0.00340636 0.0545481 0.000419531 0.00246166 0.0829824 0.0948176 0.378529 0.217845 7.65292e-06 0.0673186 0.000138009 
0.160348 0.713748 0.000163864 0.000462137 0.00441067 3.31826e-05 0.00632942 0.0657184 0.000230442 0.0318421 0.00127956 2.20167e-05 0.0144497 0.0009626 
0.00200185 0.00568483 5.89521e-05 0.0295825 0.0614255 0.0126381 0.0610742 0.013014 0.541628 0.0124925 0.0427737 1.1347e-05 0.217342 0.000272227 
0.130463 0.0130877 0.00776623 0.00834905 0.0749427 0.00983526 0.0352673 0.0336626 0.0475053 0.527884 0.0109668 3.3945e-05 0.0941646 0.00607207 
0.0695742 0.0359821 0.31724 0.00629692 0.0584475 0.000462476 0.0119974 0.0243256 0.20999 0.18451 0.0465653 8.92778e-05 0.0341809 0.00033955 
0.132121 0.107835 0.0513862 0.00487857 0.294465 0.0145536 0.0916122 0.00820455 0.0189038 0.186388 0.018409 0.000127902 0.0605522 0.0105626 
0.0582406 0.0553451 0.00739833 0.0022481 0.247515 0.00152217 0.0180305 0.0132503 0.0998524 0.399636 0.00264761 0.000130065 0.0844001 0.00978376 
0.0425474 0.00512521 0.013709 0.00168478 0.012642 3.10433e-05 0.0328109 0.0589122 0.373071 0.284183 0.00444838 3.01422e-05 0.15847 0.0123353 
0.160348 0.713748 0.000163864 0.000462137 0.00441067 3.31826e-05 0.00632942 0.0657184 0.000230442 0.0318421 0.00127956 2.20167e-05 0.0144497 0.0009626 
0.160348 0.713748 0.000163864 0.000462137 0.00441067 3.31826e-05 0.00632942 0.0657184 0.000230442 0.0318421 0.00127956 2.20167e-05 0.0144497 0.0009626 
0.154901 0.0231057 0.00748855 0.000220961 0.0278382 0.000202962 0.00467923 0.0442342 0.123284 0.419946 0.012563 2.05335e-05 0.181481 3.41328e-05 
0.0129162 0.00196184 0.112229 0.000794184 0.282518 0.000251606 0.00117323 0.00812402 0.00650876 0.130128 0.426916 0.00012808 0.0161857 0.000164719 
0.036702 0.117934 0.0115971 0.00415559 0.0446027 0.00246748 0.0373813 0.016934 0.183075 0.0322357 0.0164957 6.38404e-05 0.39147 0.104886 
0.0401705 1.57652e-05 0.0042168 1.57238e-10 0.00729691 1.67978e-10 0.0201539 0.0227742 0.00179849 0.0255977 0.794548 6.09033e-11 0.0834276 1.26684e-10 
0.362214 0.00434475 0.00141832 0.00098711 0.00593317 0.00358083 0.0262596 0.0297615 0.0890537 0.424599 0.0187164 0.000288297 0.0310234 0.00181953 
0.263742 0.000160206 0.000612898 5.21342e-07 1.90403e-07 6.9135e-06 0.000930209 4.75293e-07 0.00139689 0.101593 0.615333 2.11593e-08 0.0162181 5.6591e-06 
0.0903918 0.000224796 0.0035536 0.000266249 4.82877e-07 0.000123458 0.269165 0.0298655 0.0151684 0.00647947 0.0254222 6.31794e-09 0.559338 8.58116e-07 
0.125053 0.0146463 0.13349 8.49894e-07 0.00488335 5.463e-07 0.0140919 0.00390036 0.0135053 0.681006 0.000299939 1.47875e-09 0.00260361 0.00651932 
0.1222 0.000856238 0.000192469 2.61101e-05 0.00530541 5.77175e-05 0.00210766 0.000128593 0.00757584 0.831772 0.00953915 1.67706e-05 0.0199835 0.000239087 
0.143139 0.0215437 0.014733 0.000159641 0.00257225 4.73188e-05 0.333262 0.0196842 0.0100095 0.0207845 0.0519276 1.25259e-05 0.381701 0.000423809 
0.051105 0.00502346 0.000237211 1.28562e-05 0.000125933 0.322082 0.00108363 0.112078 0.000978683 0.0180868 0.0230811 5.82722e-06 0.466088 1.19441e-05 
0.0772631 0.00927926 0.279164 0.000210316 0.0654814 0.00123306 0.0788501 0.00699094 0.142633 0.219887 0.00963343 4.02718e-05 0.101519 0.00781614 
0.482482 0.0551482 9.43524e-05 0.0330549 0.0109361 4.46063e-05 0.0356857 0.13443 0.00162133 0.0408428 0.0106736 1.06889e-05 0.194747 0.000228455 
0.575756 0.105152 0.00827196 3.94901e-05 0.0189939 7.59591e-05 0.00412121 0.0272338 0.00494824 0.225141 0.0137624 2.41266e-05 0.0125353 0.00394516 
0.410611 0.0372814 0.0161666 0.00991446 0.0302452 0.00351386 0.13615 0.00531928 0.0515511 0.194913 0.0294836 0.000773825 0.0713902 0.00268606 
0.0390365 0.00336349 0.00328099 0.00211399 0.178833 0.000190866 0.0423744 0.00085192 0.278777 0.403968 0.00238734 9.80333e-05 0.0233166 0.0214081 
0.0526916 0.388032 0.105075 0.00113261 0.0234344 0.000121056 0.215139 0.00420703 0.0900022 0.064918 0.00723908 6.57589e-07 0.0479343 7.27648e-05 
0.0326078 0.0030086 0.0342858 3.71826e-05 0.0120933 0.00815394 0.00447404 0.000935296 0.195075 0.17704 0.0777755 1.79274e-05 0.45445 4.47326e-05 
0.0274456 0.0133744 0.014044 0.0115399 0.0101584 0.000155959 0.00185726 0.0126167 0.795447 0.0603333 0.00516724 1.42118e-05 0.0477819 6.39278e-05 
0.438539 0.0262836 0.118742 1.28884e-10 0.0104834 1.19802e-06 0.0359816 1.17368e-07 0.0971221 0.18262 0.0242169 4.99208e-11 0.0660082 1.06966e-06 
0.0527178 0.220559 0.00670902 0.00483077 0.0298099 0.00243298 0.0150767 0.00134331 0.495567 0.0756373 0.0223188 0.000342993 0.0722685 0.00038627 
0.000504267 0.000409781 2.12294e-05 0.973664 0.00450842 1.58374e-05 0.000896902 0.000536811 0.00420382 0.00663005 0.000887845 3.29953e-07 0.00771728 2.97915e-06 
0.160348 0.713748 0.000163864 0.000462137 0.00441067 3.31826e-05 0.00632942 0.0657184 0.000230442 0.0318421 0.00127956 2.20167e-05 0.0144497 0.0009626 
0.118872 0.00824949 0.00539 0.0241614 0.158893 0.00765207 0.0131636 0.0282421 0.545761 0.0162414 0.030093 2.79558e-05 0.033892 0.00936018 
0.429116 0.0178518 0.00223059 0.0285071 0.0779849 0.0140839 0.0236715 0.011306 0.218299 0.071355 0.00538971 0.000221103 0.0972919 0.0026917 
0.0746437 0.0101832 0.126104 0.000445222 0.0175586 1.11011e-06 0.63642 0.000202665 0.00221091 0.0899524 0.0199457 1.83869e-07 0.0223321 5.95604e-07 
2.68029e-06 2.84847e-06 0.00131994 1.34028e-09 0.0334856 1.43183e-09 6.61654e-10 0.00608931 0.275956 9.03442e-06 2.08544e-05 5.19132e-10 0.683107 6.37217e-06 
0.0756321 0.000396028 0.00285127 0.00153935 0.025987 0.000117085 0.00431228 0.198378 0.154969 0.0265089 0.0651546 3.50785e-06 0.444146 5.81817e-06 
0.00551081 0.00304474 0.00207995 3.84885e-05 0.0118876 0.000206452 0.000451815 0.88791 0.00156303 0.0604035 0.00187528 1.72757e-05 0.0249912 2.02333e-05 
0.12058 0.000399919 0.0147501 0.588184 0.00179049 0.00332184 0.0201051 0.0459111 0.00482052 0.0764718 0.0154104 4.6009e-06 0.10787 0.000379792 
0.160348 0.713748 0.000163864 0.000462137 0.00441067 3.31826e-05 0.00632942 0.0657184 0.000230442 0.0318421 0.00127956 2.20167e-05 0.0144497 0.0009626 
0.0229893 0.0839862 0.0179801 0.0206234 0.12685 4.89904e-07 0.39933 0.00105096 0.145788 0.127618 1.0005e-05 3.31571e-07 0.0537191 5.53785e-05 
0.316019 0.0102268 0.00143648 1.2833e-05 0.000798528 2.43131e-05 0.00614227 0.00355796 0.00446741 0.62364 0.000799641 2.824e-07 0.0328741 2.98977e-07 
0.827072 0.0102313 2.42008e-05 0.0001776 0.002443 0.0025646 0.00120301 0.00518683 0.00501032 0.100152 0.000255641 1.46403e-05 0.0456438 2.11088e-05 
0.377187 0.071519 1.30894e-05 0.00940091 0.0512109 3.27092e-05 0.0985071 0.183925 0.0401625 0.00190879 0.00680126 1.77561e-06 0.159318 1.23595e-05 
0.00348551 0.00504186 0.455379 9.81455e-05 0.0852876 0.000203346 0.00428969 0.0372754 0.0207241 0.250811 0.0332605 1.11689e-06 0.103748 0.000395171 
0.160348 0.713748 0.000163864 0.000462137 0.00441067 3.31826e-05 0.00632942 0.0657184 0.000230442 0.0318421 0.00127956 2.20167e-05 0.0144497 0.0009626 
0.0935004 0.0207634 0.00767332 7.06283e-05 0.0793118 0.00463468 0.0079544 0.0235889 0.0086538 0.723305 0.00697578 1.98134e-05 0.0234738 7.44506e-05 
0.0403301 0.092785 0.00142114 8.60428e-05 0.0626398 0.0286986 0.00287423 0.00644168 0.067187 0.0345376 0.0035447 4.50562e-05 0.657618 0.00179104 
0.586321 0.00188811 0.000250275 0.000522198 0.00979965 0.00014971 0.0192814 0.00790818 0.0177048 0.316143 0.015649 5.52519e-06 0.0242685 0.000108556 
0.704182 0.0185937 0.00146658 0.000284365 0.00328108 0.00041133 0.0457478 0.00113255 0.0116715 0.131145 0.0166235 8.74717e-06 0.065402 5.03017e-05 
0.587827 0.0394353 0.000764506 8.63781e-05 0.00636514 7.73685e-05 0.0143094 0.00408387 0.0156095 0.302677 0.00141396 1.43287e-07 0.0272302 0.000119531 
0.392105 0.139456 9.74927e-05 8.35518e-05 0.000137943 0.0012482 0.00579919 0.00608673 0.308168 0.113654 0.0182314 5.00915e-05 0.0113114 0.00357042 
0.0956804 0.10584 0.0518692 0.000945144 0.0904665 0.000164682 0.0284476 0.0118523 0.0395142 0.526421 0.0219132 1.69593e-05 0.0266836 0.000185357 
0.160348 0.713748 0.000163864 0.000462137 0.00441067 3.31826e-05 0.00632942 0.0657184 0.000230442 0.0318421 0.00127956 2.20167e-05 0.0144497 0.0009626 
0.00227173 0.000429891 0.0027359 4.18754e-06 0.00428155 8.63135e-06 0.00808205 0.0320563 0.179757 0.00927617 0.03721 5.14738e-07 0.723885 1.2421e-06 
0.00252521 0.000903403 0.000162497 3.30023e-10 0.000283301 1.83577e-12 0.00089086 0.949077 0.00102515 0.00372007 0.0169615 6.6559e-13 0.0244506 7.89313e-09 
0.0607598 0.111896 0.0263174 5.63357e-05 0.049201 0.0011207 0.0379887 0.0410856 0.21477 0.25151 0.155371 5.86034e-06 0.0496429 0.000275411 
0.00263536 0.00261152 0.0126841 0.000417502 0.0179851 0.000946212 0.00203386 0.0420628 0.564813 0.193638 0.0225057 3.10385e-05 0.0954198 0.0422165 
0.333245 0.0740067 0.00256283 0.00543995 0.022129 0.000836615 0.00702111 0.0383688 0.0287854 0.411779 0.00390578 7.08666e-05 0.0717716 7.7153e-05 
0.253823 0.0170368 0.214592 0.0458848 0.258622 3.95348e-05 0.00809754 0.00134469 0.000559965 0.181772 0.0101015 9.5464e-07 0.00811748 8.31941e-06 
0.0593763 0.0141391 0.0128096 0.00325451 0.0214772 0.000900417 0.00611864 0.0149904 0.0352085 0.0787165 0.677194 9.35503e-05 0.0747737 0.000947761 
0.00163811 0.00143242 0.0462492 2.58953e-06 0.614077 5.13654e-08 0.00196919 6.8096e-08 0.000225689 0.333908 0.000378143 3.53329e-10 0.000119429 2.11269e-08 
0.0485633 0.000407319 0.0016739 2.81739e-05 0.0269934 0.00290659 0.00172429 0.0118854 0.0128014 0.776549 0.0550404 2.08045e-05 0.0613556 5.07806e-05 
0.122831 0.0111539 0.00175248 0.00189618 1.9315e-07 4.49759e-10 0.00154073 2.23087e-07 0.382908 0.00372258 0.13905 1.63068e-10 0.335144 1.01547e-06 
0.0815538 0.00192121 0.00105295 0.00032112 0.0248994 0.00114151 0.0032694 0.00111952 0.0234911 0.0418959 0.773516 3.20902e-06 0.0458101 4.79448e-06 
0.0388142 0.00120318 0.000775719 2.10693e-06 0.00055214 0.000363066 0.000497086 0.000698582 0.00527763 0.000893913 0.00772033 3.62842e-08 0.943202 1.38569e-07 
0.133005 0.731257 0.000796324 0.000237366 0.00324362 1.44102e-05 0.0038266 0.000522469 0.00240082 0.121558 0.0012592 1.08492e-05 0.00182433 4.4053e-05 
0.660968 0.0633861 0.00186797 5.00997e-05 0.0653785 0.000538267 0.0369424 0.00663757 0.00541116 0.129425 0.00404022 2.76294e-05 0.0240753 0.00125194 
0.157668 0.0168142 0.0633084 0.000487694 0.0110358 0.00173868 0.0589008 0.000171198 0.0215952 0.12411 0.472975 8.63503e-07 0.0711161 7.86657e-05 
0.160348 0.713748 0.000163864 0.000462137 0.00441067 3.31826e-05 0.00632942 0.0657184 0.000230442 0.0318421 0.00127956 2.20167e-05 0.0144497 0.0009626 
0.605191 0.115951 0.00525187 1.91223e-05 0.0121881 1.68797e-05 0.0226354 0.00177311 0.0170882 0.0890522 0.00195477 3.59632e-06 0.128851 2.27459e-05 
0.166507 0.0750363 0.00669553 0.002678 0.289889 0.0104142 0.0016788 0.0276814 0.0880144 0.106473 0.00684781 0.000103822 0.171353 0.0466273 
0.103653 0.00325413 0.0189033 0.00607664 0.109295 0.000381296 0.00512518 0.00481794 0.0618525 0.176654 0.36315 0.000244233 0.146242 0.000351366 
0.121989 0.175234 0.00680686 0.000313162 0.0893629 0.000533413 0.0595041 0.0137369 0.0651191 0.404366 0.0144549 6.36358e-05 0.0457168 0.00279911 
0.137359 0.0436422 0.00717069 0.00670701 0.0471435 7.52874e-05 0.0194997 0.00686839 0.52618 0.108055 0.0370305 5.85371e-05 0.0593921 0.000818108 
0.00434153 0.000736641 0.00167011 6.23992e-05 0.0470833 0.000102009 0.000591036 0.305956 0.0479048 0.039493 0.0205907 3.58308e-05 0.525814 0.00561937 
0.0551372 0.00271461 0.000342301 2.00411e-05 0.0914622 9.47062e-05 0.000496916 0.014616 0.00793924 0.806099 0.000867512 5.9633e-06 0.0200967 0.000107312 
0.0781712 0.111908 0.0418232 0.000348475 0.509788 0.00109947 0.0917852 0.00071244 0.0307278 0.110942 0.000918158 3.86083e-06 0.0180737 0.00369834 
0.633306 0.00772555 0.000657485 0.00320736 0.00497392 8.53828e-06 0.0102411 0.0637114 0.00268498 0.251 0.0111766 2.92897e-06 0.0104621 0.00084198 
0.605364 0.272619 0.000688664 0.000206572 0.0161298 1.83115e-05 0.0161251 0.014359 0.00180775 0.0651606 0.00199484 9.32657e-06 0.00540912 0.00010715 
0.515178 0.0595735 0.000894312 0.000534963 0.00355479 0.000270669 0.109705 0.00249527 0.00636815 0.274069 0.00228375 1.89974e-05 0.025 5.3549e-05 
0.0250941 0.00856463 0.00514917 0.000429193 0.00300185 0.000258661 0.0105819 0.767007 0.00429369 0.0186077 0.0078081 1.81079e-05 0.148283 0.000902922 
0.12058 0.000399919 0.0147501 0.588184 0.00179049 0.00332184 0.0201051 0.0459111 0.00482052 0.0764718 0.0154104 4.6009e-06 0.10787 0.000379792 
0.0670638 0.460148 0.0140904 0.00428422 0.136987 1.74796e-05 0.00959311 0.0072073 0.0195871 0.245798 0.000555551 1.88171e-06 0.0320302 0.00263536 
0.00139684 0.00989933 0.000933906 0.000433198 0.00094991 0.000260143 0.00129203 0.003757 0.976462 0.0030961 0.000486151 1.8331e-05 0.000935507 8.00016e-05 
0.215531 0.0600345 0.00407395 0.000478368 0.0231307 0.000622643 0.00948757 0.00569811 0.00720797 0.631907 0.00879235 4.70394e-06 0.0328009 0.00022971 
0.0521328 0.00250823 0.0288329 0.00600445 0.190854 5.21562e-05 0.0342347 0.000860726 0.0250727 0.58627 0.0273019 3.33621e-05 0.0457335 0.000108421 
0.486363 0.0375585 0.00903358 0.000463747 0.0150786 0.000869862 0.0300755 0.0188512 0.0376842 0.220372 0.00789647 0.000117198 0.134851 0.000784467 
0.0419998 0.0064204 0.0949773 0.000376584 0.120498 5.11022e-05 0.00554522 4.72329e-05 0.541955 0.0744866 0.0950586 6.28225e-06 0.0130423 0.00553564 
0.331045 0.00448527 0.124263 3.16937e-05 0.0929173 0.0225373 0.00355949 0.00554632 0.0207143 0.183337 0.149434 1.5658e-06 0.062127 1.606e-06 
0.205966 0.0289358 0.00219472 0.00111505 0.0165432 0.00326152 0.0557099 0.0729952 0.047739 0.0639334 0.0768403 0.000122452 0.424441 0.00020213 
0.386175 0.0343183 0.000346584 0.000610186 0.0528981 3.05674e-05 0.115498 0.0419279 0.0259367 0.250551 0.0213004 3.03901e-05 0.0699632 0.000414439 
0.0898677 0.00267794 0.0663559 0.00135013 0.119221 0.00115957 0.0244184 0.0413201 0.180267 0.236593 0.15677 0.000463903 0.071129 0.00840646 
0.0297761 0.057652 0.000590106 0.00194076 0.0952724 0.0318545 0.613976 0.00955436 0.0911204 0.0354066 0.00143128 5.59137e-06 0.0300614 0.00135797 
0.573285 0.0470779 0.00284512 0.0121144 0.0767564 0.000998154 0.00418187 0.0164271 0.00176961 0.248412 0.00102977 9.2389e-06 0.0150757 1.83465e-05 
0.199902 0.0054748 0.0937589 1.95657e-05 0.00784439 6.66843e-05 0.000989722 0.00135244 0.00618902 0.167314 0.505228 1.2892e-05 0.0117392 0.000108151 
0.272913 0.040916 0.00691775 0.00189919 0.13498 0.0140283 0.0101625 0.0250169 0.0990307 0.287864 0.00856531 0.00104826 0.0451987 0.0514601 
0.00853189 0.0454959 0.00294211 0.000100621 0.0215192 0.000874343 0.009915 0.00243347 0.647658 0.0146364 0.0138311 3.11442e-05 0.215473 0.0165576 
0.0045185 0.0122362 3.45154e-06 0.968336 0.00277853 1.54462e-10 0.00415196 2.96274e-09 0.0013796 8.95329e-07 3.44368e-06 5.60028e-11 0.00659134 1.48432e-07 
0.562235 0.020038 0.0130736 0.000179302 0.0695121 0.0151423 0.00527745 0.00574579 0.091867 0.190675 0.00573162 0.000162177 0.0201443 0.000216258 
0.150139 0.0187097 0.0634292 0.000549257 0.0291467 0.000335814 0.0250355 0.0248506 0.0291941 0.565473 0.0173166 0.000105919 0.0747892 0.000925879 
0.160348 0.713748 0.000163864 0.000462137 0.00441067 3.31826e-05 0.00632942 0.0657184 0.000230442 0.0318421 0.00127956 2.20167e-05 0.0144497 0.0009626 
0.12058 0.000399919 0.0147501 0.588184 0.00179049 0.00332184 0.0201051 0.0459111 0.00482052 0.0764718 0.0154104 4.6009e-06 0.10787 0.000379792 
0.0772413 0.016404 0.00497295 0.0162261 0.0239378 0.00100817 0.0045909 0.111651 0.0225798 0.0483196 0.026758 0.0008959 0.633304 0.0121102 
0.053839 0.105664 0.00713897 0.000138676 0.00767096 0.000975828 0.00702775 0.000359653 0.468657 0.0326224 0.244039 8.93356e-05 0.0716367 0.000141554 
0.0459983 0.00784835 0.00936898 0.00525703 0.0223249 0.00254369 0.0130855 0.111478 0.0498491 0.0548305 0.107804 0.000549561 0.565799 0.00326355 
0.320734 0.029004 0.0438234 0.00626126 0.045355 0.00360491 0.0308366 0.0143387 0.105942 0.322046 0.0284428 0.00034627 0.0465985 0.00266656 
0.385006 0.224134 0.0118285 0.000230325 0.0791479 0.000413688 0.0287341 0.0105831 0.00686158 0.220081 0.00745853 4.68129e-05 0.0245792 0.000895148 
0.171631 0.00948338 0.00137581 7.05418e-05 0.0186041 0.000231163 0.00337159 0.000475675 0.0311437 0.753134 0.00287181 3.87056e-05 0.00643289 0.00113646 
0.105591 0.497142 0.000318149 0.000945173 0.0966281 0.00621217 0.0150867 0.0551205 0.0150087 0.182771 0.00184488 1.43196e-05 0.0232855 3.22489e-05 
0.212392 0.0514113 0.0193533 3.42026e-05 0.115738 0.00278837 0.00168265 0.0234107 0.097964 0.195814 0.0371016 2.37036e-05 0.242229 5.69284e-05 
0.086385 0.0199059 0.00783293 0.00162 0.0916053 0.00324731 0.00678639 0.0282421 0.0606122 0.610559 0.0136124 0.000186352 0.0676682 0.00173698 
0.0149955 0.0210513 0.00024774 4.26982e-05 0.00587896 0.000195071 0.0014842 0.929674 0.0001244 0.0206303 0.000697778 1.09889e-09 0.00496851 9.13205e-06 
0.160348 0.713748 0.000163864 0.000462137 0.00441067 3.31826e-05 0.00632942 0.0657184 0.000230442 0.0318421 0.00127956 2.20167e-05 0.0144497 0.0009626 
0.12058 0.000399919 0.0147501 0.588184 0.00179049 0.00332184 0.0201051 0.0459111 0.00482052 0.0764718 0.0154104 4.6009e-06 0.10787 0.000379792 
0.234276 0.0397943 0.0181967 2.40186e-07 0.0307812 2.65321e-06 8.02708e-07 1.20596e-06 2.61992e-06 0.477512 0.00250954 2.65728e-11 0.196922 5.5274e-11 
0.130145 0.161631 0.00611905 2.21133e-05 0.075333 1.61157e-05 0.00340767 0.0018832 0.000437209 0.617216 0.00110263 1.97934e-09 0.00268498 2.49999e-06 
0.711296 0.033163 0.0797308 0.000201869 0.0406307 0.000184661 0.0232043 0.000784189 0.00290396 0.0491321 0.0167521 1.91326e-06 0.0420125 2.15757e-06 
0.0312291 0.00449679 0.110469 0.00101466 0.0200592 8.34588e-07 0.00276006 0.0053754 0.212216 0.0351659 0.118235 6.31912e-08 0.458973 4.88019e-06 
0.00244694 2.76719e-05 0.000317127 1.85459e-05 0.000111292 2.43612e-06 0.00822955 0.00169177 0.486856 0.003091 0.107163 1.13063e-06 0.390028 1.43122e-05 
0.12058 0.000399919 0.0147501 0.588184 0.00179049 0.00332184 0.0201051 0.0459111 0.00482052 0.0764718 0.0154104 4.6009e-06 0.10787 0.000379792 
0.19297 0.0192984 0.00510242 0.00137865 0.0454039 0.000888998 0.00568678 0.0021499 0.510809 0.135183 0.0254547 6.45499e-05 0.0554808 0.000129389 
0.5959 0.0371568 0.00176745 0.000212374 0.0407953 0.00244146 0.0117315 0.00943025 0.0487896 0.183271 0.0102895 0.000165935 0.0512948 0.00675331 
0.267444 0.0756492 0.0313077 0.00402763 0.0251432 9.47014e-05 0.0157421 0.0057423 0.00800479 0.251523 0.242017 3.27572e-05 0.0732314 4.00088e-05 
0.407683 5.77919e-06 7.65523e-07 2.52767e-07 6.30076e-07 5.49608e-07 5.79594e-06 6.82557e-07 2.38228e-06 0.588249 1.36364e-06 3.49534e-11 0.00405049 5.09675e-08 
0.0447374 0.0542648 0.0643505 8.01432e-05 0.0575011 3.48914e-05 0.00709016 0.000306978 0.0514485 0.690527 0.00266736 2.2719e-05 0.0269022 6.58954e-05 
0.160348 0.713748 0.000163864 0.000462137 0.00441067 3.31826e-05 0.00632942 0.0657184 0.000230442 0.0318421 0.00127956 2.20167e-05 0.0144497 0.0009626 
0.366231 0.133552 8.70822e-05 0.0990942 0.00685318 0.00101697 0.019947 0.00130353 0.16138 0.114236 0.0200637 6.08863e-06 0.0753205 0.000907961 
0.34081 0.272127 0.000188451 0.000362379 0.0113111 7.10046e-05 0.00824093 0.230343 0.00959536 0.107687 0.00231675 4.7476e-06 0.0167928 0.000150936 
0.12058 0.000399919 0.0147501 0.588184 0.00179049 0.00332184 0.0201051 0.0459111 0.00482052 0.0764718 0.0154104 4.6009e-06 0.10787 0.000379792 
0.0065344 0.00455375 0.0124245 0.000120056 0.621224 8.94376e-05 0.0106281 0.000120956 0.192382 0.11821 0.00344291 4.96532e-06 0.0169023 0.0133631 
0.109723 0.000898404 0.0179841 2.1644e-06 0.0090933 9.11783e-05 0.00875459 0.000550563 0.0102991 0.674364 0.105518 5.78872e-07 0.0626885 3.29904e-05 
0.0762778 0.229127 0.28672 4.05914e-05 0.0239958 1.90105e-05 0.163258 4.93827e-05 0.00626811 0.200171 0.00689913 7.64612e-08 0.00717291 3.01194e-07 
0.377371 0.054258 0.0705975 0.00023062 0.0161861 0.000716718 0.0174151 0.00302192 0.0204475 0.255184 0.0212866 6.19105e-06 0.163203 7.57519e-05 
0.0101913 0.966094 7.5673e-05 0.000270873 0.000351163 5.2303e-06 0.00656989 2.02229e-06 0.00155645 9.06366e-05 5.0194e-05 3.41116e-09 0.0147388 3.69846e-06 
0.0727637 0.00751973 0.0332614 0.0172873 0.056338 0.00824531 0.0018844 0.00386933 0.545498 0.0943328 0.0377313 9.63149e-06 0.114703 0.00655519 
0.160348 0.713748 0.000163864 0.000462137 0.00441067 3.31826e-05 0.00632942 0.0657184 0.000230442 0.0318421 0.00127956 2.20167e-05 0.0144497 0.0009626 
0.0605742 0.00675959 0.000235666 0.0492739 0.00799207 0.00573138 0.000370165 0.391063 0.00348786 0.0254338 0.0140005 1.96868e-05 0.434979 8.01106e-05 
0.440641 0.0180845 0.000810655 0.000129119 0.0133099 0.00406585 0.0371494 0.0108928 0.0480625 0.370049 0.00529684 2.03277e-05 0.0510004 0.000488122 
0.00143114 0.0138504 2.77479e-05 0.0521582 0.0227684 0.000783156 0.298734 8.53869e-05 0.497434 0.00195385 0.0510183 6.24286e-07 0.0596677 8.74209e-05 
0.180041 0.47895 0.000646828 0.0076731 0.00944906 6.8001e-05 0.0798496 0.036151 0.00290284 0.0038204 0.00826108 9.81654e-08 0.191805 0.000382981 
0.0102129 0.00663982 0.00248335 0.000675376 0.0159446 0.000614595 0.000477364 0.00392499 0.733614 0.0349465 0.121843 5.54886e-05 0.0353562 0.0332118 
0.12058 0.000399919 0.0147501 0.588184 0.00179049 0.00332184 0.0201051 0.0459111 0.00482052 0.0764718 0.0154104 4.6009e-06 0.10787 0.000379792 
0.0377197 0.00268626 0.0111312 0.00233356 0.00286614 0.000654801 0.01494 0.240977 0.0509024 0.0196136 0.0134838 0.000182922 0.601472 0.00103676 
0.0692477 0.0169764 0.0342675 1.24516e-05 0.00386892 0.000232144 0.0374509 0.000497888 0.0679963 0.653861 0.00324015 1.02876e-05 0.112261 7.72305e-05 
0.0453666 0.00405809 0.0140015 0.000310253 0.00348003 0.000741463 0.00290578 0.0457777 0.784887 0.0206737 0.0262263 0.000233663 0.0441006 0.00723731 
0.717936 0.19482 0.000497365 0.000154842 0.0115318 1.4155e-05 0.0115362 0.0102705 0.00129568 0.046559 0.00143074 7.01302e-06 0.00386886 7.82575e-05 
0.179996 0.028862 0.112629 0.0909657 0.130734 1.89958e-05 0.0386589 0.00603166 0.0215729 0.156428 0.0146302 1.16764e-05 0.219418 4.28244e-05 
0.0363834 0.000474469 0.00241133 2.47723e-05 0.000753351 0.208996 0.00260329 0.0894698 0.00144235 0.0112263 0.0407058 1.0563e-06 0.605503 4.77279e-06 
0.0518862 0.0274557 0.141135 2.32387e-05 0.0244064 4.59758e-05 0.0826616 0.00169345 0.430871 0.199559 0.0078941 1.41527e-08 0.0297508 0.00261711 
0.166852 0.0124117 0.00104114 0.00037029 0.000491889 0.00014151 0.000800333 0.000247458 0.0479473 0.731126 0.0118087 8.08503e-06 0.0267418 1.1024e-05 
0.00188854 0.0308287 0.000327899 0.00356538 0.00125546 0.00420343 0.031883 0.020166 0.00105984 0.000236835 0.00596262 1.27683e-06 0.896794 0.00182669 
0.177108 0.0248006 0.0684463 0.00365052 0.0469762 0.00130836 0.0594116 0.000956618 0.0725426 0.117735 0.0599533 1.87912e-08 0.366657 0.000454006 
0.146662 0.131955 0.0435837 0.000208268 0.200588 1.18304e-05 0.101484 0.00408932 0.0112178 0.323969 0.00520781 8.45522e-08 0.029822 0.00119995 
0.150161 0.0579976 0.23899 0.00161534 0.0120399 8.43784e-05 0.0265589 0.00202549 0.128639 0.300841 0.0437974 6.51503e-05 0.0268611 0.0103225 
0.0716057 0.00636107 0.00428719 0.0524125 0.00272657 0.00568764 0.0045299 0.0381045 0.104419 0.127257 0.0527804 6.53235e-05 0.528433 0.00133077 
0.0119822 0.0129096 0.0473192 0.003668 0.0220717 0.000184314 0.00792949 0.00155463 0.841553 0.0110921 0.0150642 2.1528e-05 0.0230809 0.00156964 
0.0453072 0.000827603 0.00579664 0.000110423 0.00543883 0.0568967 0.000910606 0.0105523 0.00169637 0.0108977 0.0404535 1.09142e-05 0.820887 0.000214066 
0.0143847 0.00216748 0.204088 0.00863713 0.0025029 4.12225e-07 0.0135906 0.0091448 0.492537 0.067214 0.0319679 7.54731e-08 0.122529 0.0312353 
0.0439731 0.0233519 0.0123129 0.00145044 0.0188382 0.000119137 0.00467846 0.00705814 0.789675 0.0249853 0.0016544 8.46125e-05 0.0715101 0.000308622 
0.0414419 0.172777 0.00280566 0.281553 0.033349 0.00580001 0.00382494 0.000512962 0.0462858 0.0141773 0.0011186 0.00042203 0.0433266 0.352605 
0.860864 0.021676 0.00021782 0.00071193 0.002428 0.000264283 1.83764e-05 0.00029597 8.90362e-05 0.0862463 0.0022698 3.17141e-06 1.68774e-05 0.0248982 
0.12058 0.000399919 0.0147501 0.588184 0.00179049 0.00332184 0.0201051 0.0459111 0.00482052 0.0764718 0.0154104 4.6009e-06 0.10787 0.000379792 
0.0523064 0.446709 0.0251898 0.000499858 0.0884284 0.000203199 0.00363756 0.034921 0.0588693 0.253449 0.000610446 7.22177e-06 0.0351123 5.64184e-05 
0.492988 0.0149157 0.0377455 0.000319151 0.0326928 0.000456933 0.0153326 0.00201728 0.0144603 0.31 0.0364306 0.000248754 0.0419192 0.000473028 
0.12058 0.000399919 0.0147501 0.588184 0.00179049 0.00332184 0.0201051 0.0459111 0.00482052 0.0764718 0.0154104 4.6009e-06 0.10787 0.000379792 
0.032666 0.000271684 4.68178e-10 9.30327e-08 0.016297 5.56957e-07 0.00775302 0.000430701 0.00767135 0.00947427 0.424062 5.5927e-12 0.501317 5.66171e-05 
0.177892 0.0123458 0.0147914 5.84932e-05 0.00978945 0.000214003 0.00527651 0.0471943 0.0359627 0.0354299 0.158414 8.51701e-06 0.502605 1.73736e-05 
0.0552811 0.0311209 0.0861153 2.86877e-05 0.0520399 0.000106043 0.00754361 0.0166499 0.069838 0.644978 0.0166139 1.62546e-05 0.0194794 0.000189164 
0.258811 0.0107862 0.0435593 8.44548e-05 0.147569 7.45082e-05 0.0197774 0.000375417 0.208759 0.157308 0.0151018 7.13211e-06 0.137732 5.52235e-05 
0.0210455 0.0386641 0.00096389 0.00011873 0.370912 0.00111584 0.0209072 0.0727777 0.0183347 0.0846167 0.0057626 3.5989e-05 0.139112 0.225633 
0.00658618 0.000434152 1.85382e-05 0.00423306 0.000576399 5.42515e-05 0.00145589 0.899565 0.00110429 0.00251255 0.00369584 6.38671e-06 0.07971 4.79462e-05 
0.478716 0.00774395 0.000459004 0.000151438 0.156455 2.26979e-05 0.00558009 0.17031 0.0132907 0.0759285 0.0100273 1.40873e-05 0.081008 0.000293237 
0.105454 0.0617261 0.0227969 0.000362024 0.0414903 2.45087e-05 0.0398761 0.00901696 0.0114008 0.683544 0.00206048 1.151e-05 0.0198735 0.00236256 
0.153999 0.0853225 0.00277642 0.000141931 0.00831786 0.00025566 0.00959191 0.0022756 0.565579 0.136035 0.00377916 4.40823e-05 0.0316916 0.000189331 
0.519859 0.0339561 0.00185247 0.0376513 0.0448032 0.000240229 0.0207209 0.00280812 0.0782208 0.242365 0.0052686 0.000108095 0.0119643 0.00018157 
0.203048 0.0127562 0.0732374 0.000239112 0.0384221 0.000511834 0.00949627 0.0026985 0.018756 0.61899 0.00835389 2.15955e-06 0.0131937 0.00029477 
0.414141 0.0296783 0.00249834 0.00763093 0.053682 0.000486624 0.00526116 0.00692079 0.102239 0.32176 0.00806651 0.00041091 0.0467151 0.000508761 
0.00161961 6.56782e-06 8.48123e-07 0.637539 2.12718e-07 6.34474e-08 4.13458e-07 1.33075e-05 0.000989843 0.00259661 0.167963 2.36253e-08 0.189271 7.88736e-08 
0.039223 0.00242445 0.00213274 0.000267156 0.00647095 0.136169 0.00237941 0.109034 0.0111488 0.0359035 0.173919 8.3275e-05 0.480719 0.000126562 
0.064558 0.345398 0.00669501 0.000916806 0.22037 0.00884896 0.0165681 0.032438 0.00550293 0.291987 0.00023863 0.000188105 0.00275863 0.00353129 
0.12058 0.000399919 0.0147501 0.588184 0.00179049 0.00332184 0.0201051 0.0459111 0.00482052 0.0764718 0.0154104 4.6009e-06 0.10787 0.000379792 
0.144035 0.0206759 0.00876086 3.36824e-07 1.48676e-06 3.54025e-12 0.00733223 8.83346e-09 0.000313539 0.808734 0.00210242 1.28357e-12 0.00804442 2.65599e-09 
0.332758 0.0580797 0.00560323 0.00127937 0.0498811 2.5294e-07 0.0543121 0.000659136 0.0199608 0.454168 0.00227859 7.72194e-08 0.0208994 0.00012044 
0.00837765 3.25725e-05 5.09757e-06 4.44937e-07 1.8094e-05 0.00391744 3.78835e-05 0.000812408 0.0113611 0.0111073 0.913164 2.1196e-09 0.0511605 5.34603e-06 
0.377371 0.054258 0.0705975 0.00023062 0.0161861 0.000716718 0.0174151 0.00302192 0.0204475 0.255184 0.0212866 6.19105e-06 0.163203 7.57519e-05 
0.00830613 0.000102132 8.52459e-06 1.86904e-05 5.1683e-05 0.000352571 0.00328688 0.901592 0.00184308 0.00101337 0.007242 5.12407e-07 0.076181 1.30828e-06 
0.00830613 0.000102132 8.52459e-06 1.86904e-05 5.1683e-05 0.000352571 0.00328688 0.901592 0.00184308 0.00101337 0.007242 5.12407e-07 0.076181 1.30828e-06 
0.00133883 0.00504797 0.496247 2.14141e-05 0.238558 1.0085e-07 0.00555018 5.37156e-06 0.00943871 0.240914 0.00137304 9.87368e-08 0.00145579 4.89593e-05 
0.112691 0.00394348 0.0179738 1.93274e-05 0.00794212 0.0010311 0.00414509 0.00721765 0.00753948 0.612268 0.160445 1.79315e-06 0.0647743 6.82183e-06 
0.0445892 0.095926 0.160684 0.000614708 0.379149 2.62375e-05 0.0325033 0.00057943 0.117211 0.105787 0.0164075 2.32965e-05 0.0454522 0.00104727 
0.58781 0.0257128 0.0512695 0.000705901 0.106731 0.000872935 0.00331338 0.00360774 0.00411278 0.179219 0.00557286 6.19386e-05 0.0309206 8.96291e-05 
