0.0528596 0.0123108 0.00115744 0.00337177 0.0858822 0.000200413 0.00853637 0.0210229 0.517897 0.0356687 0.0426697 1.67859e-05 0.164193 0.0542132 
0.1222 0.000856238 0.000192469 2.61101e-05 0.00530541 5.77175e-05 0.00210766 0.000128593 0.00757584 0.831772 0.00953915 1.67706e-05 0.0199835 0.000239087 
0.121081 0.0205655 0.045849 0.000349917 0.0645008 0.00123809 0.0125834 0.00227167 0.0120061 0.612208 0.01943 8.09505e-06 0.0878637 4.40135e-05 
0.0937441 0.00566084 0.0862606 0.00328328 0.00322398 0.0016939 0.00153124 1.18755e-05 0.677656 0.115649 0.00212288 4.93551e-06 0.00767938 0.00147757 
0.573382 0.106324 0.00869993 5.40184e-05 0.00546815 0.00208368 0.145309 0.0210604 0.000779972 0.10382 0.00661757 1.50497e-05 0.0256935 0.000691934 
0.25078 0.0235318 0.0135402 0.00591503 0.0265288 0.00488061 0.11215 0.025302 0.0323386 0.373709 0.00878206 7.02127e-05 0.122234 0.000238073 
0.128145 0.00641249 0.00380424 5.86871e-06 0.0018192 6.89536e-05 0.0248015 0.0391786 0.724059 0.020508 0.0235272 4.98203e-07 0.0266662 0.00100293 
0.12058 0.000399919 0.0147501 0.588184 0.00179049 0.00332184 0.0201051 0.0459111 0.00482052 0.0764718 0.0154104 4.6009e-06 0.10787 0.000379792 
0.0864113 0.0079932 0.00495233 0.0015562 0.136272 0.0119673 0.0138522 0.0513309 0.0157902 0.0793632 0.0620922 0.000116922 0.527914 0.000388286 
0.0593352 0.0345913 0.0585571 0.0395246 0.166155 3.10034e-05 0.0578644 0.0892274 0.0073126 0.206161 0.0358109 2.14432e-05 0.245331 7.76684e-05 
0.129451 0.0165276 0.143218 0.000450889 0.0297696 0.000102375 0.128194 0.00427324 0.0355456 0.443988 0.04813 5.12741e-05 0.0201725 0.000125718 
0.158053 0.169668 0.00237262 0.000366918 0.0181957 0.00124943 0.0156361 0.0348386 0.0373723 0.518969 0.00437671 8.09663e-06 0.0387498 0.00014259 
0.0875238 0.341705 0.0330056 2.3372e-05 0.0778246 0.000303308 0.0513138 0.00327754 0.0140177 0.254352 0.0537564 6.63121e-06 0.0827433 0.000146539 
0.160348 0.713748 0.000163864 0.000462137 0.00441067 3.31826e-05 0.00632942 0.0657184 0.000230442 0.0318421 0.00127956 2.20167e-05 0.0144497 0.0009626 
0.0037507 0.0039838 0.0124774 4.19691e-05 0.00355549 1.68415e-05 0.00111619 0.015673 0.0140276 0.943635 0.000273054 1.35325e-05 0.00141458 2.1023e-05 
0.148636 0.00813128 0.000267531 0.0040735 0.00592087 0.00159305 0.00521388 0.0746528 0.0397038 0.582113 0.0136646 3.58429e-05 0.115781 0.000212188 
0.0651084 0.0008394 0.000499996 0.150793 0.00519999 0.0113314 0.00383231 0.287706 0.00283079 0.0256878 0.07499 1.17844e-07 0.371054 0.000126262 
0.124558 0.0792299 0.014312 0.000158515 0.00120753 3.01777e-05 0.0265428 0.00104647 0.710813 0.04038 0.00127319 1.77144e-06 0.000388581 5.74055e-05 
0.027609 0.000762878 0.011901 0.000358457 0.203969 5.18859e-05 0.0207098 0.000442703 0.00187903 0.720359 0.00754884 6.98013e-06 0.00438523 1.53062e-05 
0.12058 0.000399919 0.0147501 0.588184 0.00179049 0.00332184 0.0201051 0.0459111 0.00482052 0.0764718 0.0154104 4.6009e-06 0.10787 0.000379792 
0.0624751 0.0082768 0.00218398 0.000623997 0.828314 0.00959682 0.00260067 0.000594513 0.0124356 0.0623211 0.00351769 3.38847e-05 0.00683763 0.000188026 
0.281031 0.00669726 0.0276125 2.82453e-06 0.147696 1.85535e-07 0.0088631 0.0571712 0.0412725 0.382663 0.0162535 3.06145e-08 0.0307217 1.55124e-05 
0.0263281 0.00855652 0.0100894 0.00383309 0.272517 0.000115611 0.0175801 0.00438607 0.0121728 0.633098 0.00222625 6.35994e-06 0.00861917 0.000471354 
0.0275763 0.00511948 0.00565507 0.000727686 0.0521383 4.73408e-05 0.00746379 0.00126713 0.411363 0.223511 0.104357 2.3517e-05 0.160457 0.000293351 
0.160348 0.713748 0.000163864 0.000462137 0.00441067 3.31826e-05 0.00632942 0.0657184 0.000230442 0.0318421 0.00127956 2.20167e-05 0.0144497 0.0009626 
0.122624 0.0664115 0.012442 0.00936592 0.14792 2.84918e-05 0.0179545 0.00337331 0.00411316 0.556847 0.0197453 1.01481e-05 0.0391086 5.57782e-05 
0.160348 0.713748 0.000163864 0.000462137 0.00441067 3.31826e-05 0.00632942 0.0657184 0.000230442 0.0318421 0.00127956 2.20167e-05 0.0144497 0.0009626 
0.160348 0.713748 0.000163864 0.000462137 0.00441067 3.31826e-05 0.00632942 0.0657184 0.000230442 0.0318421 0.00127956 2.20167e-05 0.0144497 0.0009626 
0.00426925 0.0327469 0.0263062 0.00019666 0.00551299 0.000220359 0.00106171 0.0164396 0.735858 0.14109 0.00931878 1.5392e-05 0.0269205 4.40768e-05 
0.0352924 0.00225405 0.0230411 0.00188976 0.0167156 8.30588e-05 0.00665601 0.00745984 0.0321011 0.03157 0.0195352 1.61317e-05 0.823235 0.000150434 
0.0987215 0.247747 0.00559113 0.000637148 0.0195338 0.000467008 0.023589 0.00029869 0.044906 0.512388 0.000345049 3.34341e-05 0.0422826 0.00345992 
0.00115939 0.00292354 0.0146351 0.850098 0.0621039 1.36404e-08 0.00433565 0.000592496 0.00165814 0.0434255 0.00140852 4.94555e-09 0.0176287 3.06982e-05 
0.160348 0.713748 0.000163864 0.000462137 0.00441067 3.31826e-05 0.00632942 0.0657184 0.000230442 0.0318421 0.00127956 2.20167e-05 0.0144497 0.0009626 
0.0732036 0.0548533 0.0235289 5.44621e-05 0.0104803 5.31678e-06 0.0137248 0.00576135 0.00812413 0.80195 0.00196413 7.76795e-07 0.00634706 1.38546e-06 
0.129688 0.0256288 0.0165242 0.000428712 0.0630816 0.00338524 0.450593 0.000534504 0.0857417 0.0813164 0.0430138 6.76463e-05 0.0991585 0.000837103 
0.103026 0.181478 0.00496999 0.000273768 0.0341157 0.000425764 0.00408329 0.0315302 0.00686125 0.606921 0.00348378 3.32911e-06 0.022824 3.9655e-06 
0.0360278 0.0192605 7.17863e-05 3.69419e-08 0.00637709 3.94652e-08 0.000792942 0.000899155 0.120337 0.016648 0.0296394 1.43087e-08 0.769932 1.36288e-05 
0.0668497 0.195275 0.374799 0.00093338 0.0252739 0.000136908 0.089096 0.0218716 0.0582042 0.100176 0.0134732 2.85286e-05 0.0528909 0.000991671 
0.0145183 0.000478429 0.00159444 8.06614e-08 3.60246e-05 8.97289e-06 0.000354374 1.05045e-06 0.959081 0.011596 0.0010333 3.12427e-08 0.0112913 6.76711e-06 
0.120086 0.214999 0.0118632 0.00195948 0.129763 0.00741215 0.0134393 0.0452527 0.0115613 0.42543 0.00148951 0.000144191 0.014357 0.002242 
0.148965 0.0048428 0.000468583 0.00019253 0.0262373 0.000368887 0.0405815 0.00346575 0.0882319 0.329777 0.0128926 8.00034e-06 0.342489 0.00147845 
0.251203 0.00380446 0.00122153 0.00729422 0.0209431 0.00147263 0.00323649 0.0535437 0.0103644 0.555273 0.00556649 7.42038e-05 0.0854793 0.000522587 
0.132496 0.102151 0.00232077 0.000250759 0.00860121 0.00208751 0.00401272 0.25003 0.00712729 0.431471 0.0111168 1.64481e-06 0.0483306 2.92015e-06 
0.0607149 0.00138616 0.0288773 0.147167 0.00339984 0.00116763 0.0135083 0.116309 0.0035112 0.03018 0.269023 5.25636e-06 0.324654 9.65742e-05 
0.0452614 0.338555 0.0139547 0.000143494 0.00173624 2.9131e-05 0.00365518 0.0239612 0.00307473 0.5606 0.00144823 1.2958e-06 0.00755465 2.46904e-05 
0.113923 0.00595383 0.00064373 0.000540727 0.019438 0.000643677 0.000451359 0.00965637 0.475197 0.142909 0.124748 2.22172e-05 0.105832 4.08997e-05 
0.160348 0.713748 0.000163864 0.000462137 0.00441067 3.31826e-05 0.00632942 0.0657184 0.000230442 0.0318421 0.00127956 2.20167e-05 0.0144497 0.0009626 
0.12058 0.000399919 0.0147501 0.588184 0.00179049 0.00332184 0.0201051 0.0459111 0.00482052 0.0764718 0.0154104 4.6009e-06 0.10787 0.000379792 
0.0965141 0.0365582 0.0184671 0.000639073 0.130546 2.89797e-05 0.0137655 0.00298102 0.00594453 0.646558 0.0159838 1.20714e-05 0.031953 4.89723e-05 
0.00960016 0.000784786 0.00084907 4.8812e-05 0.0515195 4.34404e-05 0.000412527 0.000139876 0.830271 0.0270745 0.0012427 8.97043e-06 0.0777051 0.00029963 
0.0068048 7.14559e-07 2.45313e-06 1.03823e-10 0.0670848 4.88136e-07 4.30587e-07 0.265556 0.546505 0.0736353 1.38247e-06 4.02139e-11 0.0404079 5.43801e-07 
0.0314935 0.00223322 0.00384193 1.32693e-05 0.0186061 0.000148916 0.0045895 0.0404867 0.105107 0.162506 0.0681994 5.05303e-06 0.562757 1.25153e-05 
0.147525 0.0606516 0.0974194 0.000650385 0.128814 5.80311e-05 0.00579484 0.000266991 0.056403 0.483279 0.00269435 4.31654e-05 0.01586 0.000539881 
0.210655 0.385421 0.000361612 0.000384032 0.00529131 0.00131078 0.0147435 0.00117397 0.0110533 0.345646 0.00302226 2.20708e-05 0.0208788 3.54281e-05 
0.160348 0.713748 0.000163864 0.000462137 0.00441067 3.31826e-05 0.00632942 0.0657184 0.000230442 0.0318421 0.00127956 2.20167e-05 0.0144497 0.0009626 
0.160348 0.713748 0.000163864 0.000462137 0.00441067 3.31826e-05 0.00632942 0.0657184 0.000230442 0.0318421 0.00127956 2.20167e-05 0.0144497 0.0009626 
0.416347 0.0335507 0.0279363 0.00390742 0.06328 0.00362759 0.00840906 0.0152941 0.0495668 0.304279 0.0126616 0.000171726 0.0607087 0.000260176 
0.46184 0.0519556 0.0368492 0.00205004 0.00167169 0.00248843 0.0731702 0.00163843 0.0115847 0.196414 0.0969844 6.06245e-05 0.0631225 0.00017018 
0.110301 0.0227505 0.0307755 2.16658e-05 0.0553757 0.00101309 0.00248363 2.07807e-05 0.21136 0.429995 0.00975647 8.49602e-06 0.125643 0.000494621 
0.0414904 0.746279 0.0136823 6.87691e-05 0.004509 0.00012063 0.00737156 0.000118495 0.0028401 0.0971401 0.00507254 1.1381e-05 0.0812758 1.98489e-05 
0.212306 0.00454677 0.25891 1.53585e-06 0.288973 0.000400464 0.0438362 3.96872e-05 0.0287193 0.153371 0.00305448 3.39975e-10 0.00584067 1.06066e-06 
0.0781817 0.0391183 0.0234082 0.00146436 0.139965 0.0278538 0.0750425 0.00230094 0.173894 0.25993 0.022451 1.98629e-05 0.156233 0.000137229 
0.237236 0.0666375 0.0222692 0.000171127 0.00867962 0.00146256 0.045928 0.00399834 0.0228233 0.492088 0.0103283 3.66547e-05 0.0871255 0.00121557 
0.226809 0.0880855 0.00394966 2.11905e-05 0.0572167 4.48819e-05 0.164417 0.00310957 0.0687693 0.348211 0.0168383 1.3484e-05 0.0219791 0.000535189 
0.026896 0.00127865 0.00138418 0.000427571 0.0019215 0.000128119 0.0636897 0.0546002 0.691431 0.104055 0.0217833 1.7771e-05 0.0302333 0.00215346 
0.135829 0.00147935 8.38394e-05 0.000147811 0.00428282 0.00158909 0.000500401 0.497013 0.00641879 0.0202368 0.0497849 6.35882e-08 0.282623 1.0468e-05 
0.0346921 0.109549 0.00368993 0.175191 0.055877 0.00602116 0.00279462 0.0220788 0.0726861 0.017 0.0136439 0.0017806 0.265584 0.219411 
0.0492596 0.013272 0.00566426 0.00108101 0.0317068 0.000452531 0.140158 0.0121514 0.0143621 0.0482805 0.0692535 2.0868e-05 0.613877 0.000461357 
0.380824 0.0268659 0.00074636 9.97987e-05 0.0109604 7.7331e-05 0.0794956 0.000465657 0.00890622 0.489348 0.000623311 6.21663e-05 0.000809508 0.000715751 
0.11753 0.0782933 0.0815319 3.25701e-05 0.0809779 0.00759264 0.00762526 0.00437328 0.0213385 0.536691 0.0172855 2.90517e-06 0.0406578 0.00606778 
0.00168271 0.00309559 0.795766 0.000479939 0.141764 6.55995e-06 0.000781203 0.000126226 0.018613 0.026118 0.000167257 5.84807e-08 0.00316827 0.00823096 
0.0584749 0.00477181 0.0304542 1.72403e-06 0.0337523 0.000570862 0.0476742 1.09015e-06 0.658868 0.130299 0.00349107 2.88301e-07 0.0289097 0.00273137 
0.00225083 0.00888198 0.0171376 0.000186413 0.0921141 2.29074e-05 0.0148931 0.00506724 0.029479 0.817852 0.00306014 3.52093e-06 0.00893833 0.000112555 
0.535857 0.01443 0.00459985 0.0018305 0.0136395 0.000654711 0.00133369 0.017399 0.0148925 0.133679 0.148381 1.31659e-05 0.11256 0.000730943 
0.0830498 0.00727954 0.00935842 0.000832579 0.0108826 0.00012917 0.00541172 0.00647493 0.64275 0.0431625 0.0416126 3.25559e-05 0.148235 0.000789249 
0.00064545 0.0864011 0.2377 0.000464476 0.561254 2.02949e-07 0.0254905 4.36963e-07 0.00135212 0.0158746 0.0662303 5.75079e-09 0.00458646 5.96519e-08 
0.320271 0.0105388 0.0059772 0.00042232 0.0606157 0.00424315 0.00660045 0.00672397 0.0232576 0.520005 0.0170296 5.31917e-05 0.0242028 5.85904e-05 
0.026896 0.00127865 0.00138418 0.000427571 0.0019215 0.000128119 0.0636897 0.0546002 0.691431 0.104055 0.0217833 1.7771e-05 0.0302333 0.00215346 
0.639363 0.137738 0.00709144 5.74751e-08 0.0209763 3.83152e-11 0.151266 2.72158e-07 0.000951084 0.0265488 0.00612758 1.38918e-11 0.00993648 2.88963e-11 
0.1222 0.000856238 0.000192469 2.61101e-05 0.00530541 5.77175e-05 0.00210766 0.000128593 0.00757584 0.831772 0.00953915 1.67706e-05 0.0199835 0.000239087 
0.0024007 0.0103021 8.57168e-06 0.758741 0.0293572 3.97044e-05 0.00139228 0.000670182 0.00312838 0.159019 0.00161949 5.69015e-13 0.0332531 6.82322e-05 
0.231818 0.0488379 0.00810754 0.00049461 0.0342867 0.00846139 0.025572 0.0196008 0.217049 0.177506 0.0335928 0.000144259 0.190878 0.00365172 
0.205994 0.0258988 0.0525594 0.000473623 0.0239775 0.00421262 0.0261412 0.00142952 0.167555 0.191928 0.248577 2.72915e-05 0.0489927 0.00223354 
0.0653603 0.00474284 0.0030737 0.00256717 0.122074 0.00149837 0.00691049 0.0226644 0.00547519 0.73064 0.00499077 1.27692e-05 0.0299764 1.37144e-05 
0.160348 0.713748 0.000163864 0.000462137 0.00441067 3.31826e-05 0.00632942 0.0657184 0.000230442 0.0318421 0.00127956 2.20167e-05 0.0144497 0.0009626 
0.00557318 0.00154752 0.000394884 0.00021062 0.0210863 0.00167562 0.00488551 0.0952491 0.503627 0.0729843 0.0117558 0.000130216 0.260423 0.0204566 
0.12058 0.000399919 0.0147501 0.588184 0.00179049 0.00332184 0.0201051 0.0459111 0.00482052 0.0764718 0.0154104 4.6009e-06 0.10787 0.000379792 
0.160348 0.713748 0.000163864 0.000462137 0.00441067 3.31826e-05 0.00632942 0.0657184 0.000230442 0.0318421 0.00127956 2.20167e-05 0.0144497 0.0009626 
0.490474 0.124737 0.00224165 0.00127845 0.098655 0.000120548 0.0212333 0.00244926 0.0321531 0.20924 0.000544873 1.93438e-05 0.0166711 0.000182566 
0.203149 0.00853272 0.0665729 0.00163363 0.0467674 0.0388798 0.0243513 0.0157055 0.0452548 0.43045 0.0522745 0.000132638 0.0658202 0.000474662 
1.35477e-08 0.0258121 0.00226602 0.359568 0.404557 4.81067e-13 0.0219742 5.67657e-09 0.000638661 0.182558 0.00180673 1.74418e-13 0.000815121 3.9245e-06 
0.127055 0.000414079 0.000394453 0.217406 0.0110879 0.0189708 0.000151613 0.00554773 0.02178 0.0103541 0.00241445 3.15796e-05 0.584213 0.000178863 
0.036702 0.117934 0.0115971 0.00415559 0.0446027 0.00246748 0.0373813 0.016934 0.183075 0.0322357 0.0164957 6.38404e-05 0.39147 0.104886 
0.00940598 0.00432399 0.00278887 0.000456432 0.00178057 9.34398e-05 0.0028943 0.272775 0.0207351 0.289669 0.00802272 6.10468e-07 0.372885 0.0141691 
0.169055 0.01074 0.00414836 0.00160855 0.00983007 0.000557529 0.0167925 0.0682675 0.144453 0.152974 0.00900009 2.42075e-05 0.412507 4.22193e-05 
0.00154967 0.000536976 0.000326415 0.967368 0.004709 2.33789e-05 0.00121088 0.000801552 0.00499569 0.00867794 0.000977235 1.37423e-06 0.00881589 5.85148e-06 
0.0204481 0.00460706 7.79208e-05 4.85325e-05 0.00202657 0.000446576 0.00790608 0.006314 0.000907176 0.0088361 0.000905157 2.61898e-06 0.947462 1.23252e-05 
0.129292 0.0407787 0.109703 3.56918e-05 0.0041381 3.76522e-05 0.0019794 0.00644908 0.353977 0.28775 0.0223283 2.24545e-05 0.0426556 0.000853322 
0.339683 0.0203811 0.0052363 0.000217851 0.0107905 4.91127e-05 0.0735994 0.00388957 0.0727417 0.407741 0.0127889 1.61451e-05 0.0521131 0.000752695 
0.0613726 0.00528264 0.789535 2.55632e-06 0.00389018 0.000247852 0.0270451 0.00813093 0.007256 0.0356839 0.0459997 4.39644e-08 0.015551 2.47122e-06 
0.0227039 0.00196739 0.00109924 6.03143e-05 0.000514088 7.01965e-05 0.00131958 0.170071 0.00136167 0.0185289 0.310043 5.60618e-07 0.472243 1.73805e-05 
0.0264972 0.0170491 0.00638655 2.04279e-06 0.00188867 0.00966519 0.0312985 0.205174 0.0179106 0.0573137 0.00374115 1.5314e-08 0.612979 0.0100944 
0.56264 0.0411598 0.00058859 3.14175e-05 0.0159802 0.000923206 0.0538989 0.00770689 0.00583096 0.217765 0.0213238 1.29124e-05 0.0718379 0.000300977 
0.18366 0.0911999 0.131687 0.00569433 0.00915583 5.14784e-05 0.0255793 0.00124599 0.103188 0.330405 0.0255416 1.70586e-05 0.0925012 7.34413e-05 
0.793798 0.0197332 0.00166814 0.000664432 0.0140385 0.00233961 0.0128144 0.00291515 0.00230523 0.12668 0.0123942 2.28558e-05 0.01024 0.000386286 
0.0470891 0.0344805 0.0528648 0.00370457 0.196038 0.00310809 0.0124551 0.00387198 0.0344493 0.576191 0.00436355 0.00263285 0.0241741 0.00457744 
0.0650774 0.00142023 4.86104e-05 5.43419e-05 0.00650982 0.00377503 0.000378092 0.803207 0.00188552 0.0196981 0.00362526 1.72331e-05 0.0942824 2.06557e-05 
0.332336 0.0255595 0.00253597 0.000336161 0.0116131 0.0115353 0.298355 6.02163e-05 0.052811 0.0411976 0.0682969 2.88625e-05 0.155281 5.31306e-05 
0.299497 0.0140376 0.000795514 0.00119522 0.0251518 1.38748e-05 0.00972704 0.024313 0.00460555 0.543033 0.00326383 4.32801e-08 0.0743573 8.58824e-06 
0.330803 0.0636692 0.0267983 0.000280411 0.0444067 0.00231559 0.0023685 0.0337385 0.0825157 0.384646 0.00875569 4.84611e-05 0.0193756 0.000278143 
0.00180664 0.000649377 0.000117853 1.67134e-08 0.00162254 1.0935e-07 0.000640664 0.945643 0.000735628 0.00266159 0.0121291 7.96093e-11 0.0339927 4.84095e-07 
0.100491 0.00968815 0.0063991 0.00027378 0.0194024 0.000105724 0.0090854 0.000810645 0.0324756 0.805587 0.0026406 2.60452e-05 0.0123498 0.000665164 
0.0229893 0.0839862 0.0179801 0.0206234 0.12685 4.89904e-07 0.39933 0.00105096 0.145788 0.127618 1.0005e-05 3.31571e-07 0.0537191 5.53785e-05 
0.339686 0.00804046 0.00173653 0.00049929 0.00681774 0.0062201 0.00876807 0.0588236 0.0515899 0.435122 0.0145677 0.0001201 0.0677096 0.000298367 
0.160348 0.713748 0.000163864 0.000462137 0.00441067 3.31826e-05 0.00632942 0.0657184 0.000230442 0.0318421 0.00127956 2.20167e-05 0.0144497 0.0009626 
0.0805714 0.00174596 0.00153607 0.00159424 0.0420823 0.00627416 0.00207414 0.0700228 0.00344202 0.0541058 0.0479232 3.88679e-08 0.688587 4.08411e-05 
0.377187 0.071519 1.30894e-05 0.00940091 0.0512109 3.27092e-05 0.0985071 0.183925 0.0401625 0.00190879 0.00680126 1.77561e-06 0.159318 1.23595e-05 
0.586321 0.00188811 0.000250275 0.000522198 0.00979965 0.00014971 0.0192814 0.00790818 0.0177048 0.316143 0.015649 5.52519e-06 0.0242685 0.000108556 
0.22712 0.0580793 0.00102556 0.138556 0.0507009 0.00448377 0.0220332 0.0927436 0.063883 0.0372102 0.0238642 0.000499896 0.27641 0.00338945 
0.392105 0.139456 9.74927e-05 8.35518e-05 0.000137943 0.0012482 0.00579919 0.00608673 0.308168 0.113654 0.0182314 5.00915e-05 0.0113114 0.00357042 
0.499721 0.00913421 0.00295508 1.69493e-05 8.17852e-06 1.20182e-08 0.0046105 0.000217158 4.77438e-08 0.469951 0.00449949 3.03321e-12 0.00888625 4.05907e-09 
0.160348 0.713748 0.000163864 0.000462137 0.00441067 3.31826e-05 0.00632942 0.0657184 0.000230442 0.0318421 0.00127956 2.20167e-05 0.0144497 0.0009626 
0.0410382 0.00201853 0.000385786 0.000158231 0.00332684 4.07358e-05 0.000836061 0.911646 0.00160667 0.0089391 0.00151344 9.93307e-06 0.0281485 0.000331921 
0.0744538 0.0276786 0.00608335 0.00551073 0.020183 0.000807112 0.0532954 0.267959 0.0478105 0.0663786 0.0275139 8.28785e-05 0.40206 0.000183388 
0.02596 0.00215776 0.0721738 0.0241396 0.0198861 0.0243103 0.000310788 0.0785202 0.107456 0.0833193 0.0531125 0.000208033 0.508135 0.00031024 
0.160348 0.713748 0.000163864 0.000462137 0.00441067 3.31826e-05 0.00632942 0.0657184 0.000230442 0.0318421 0.00127956 2.20167e-05 0.0144497 0.0009626 
0.0103096 0.042838 0.000831308 0.0121057 0.0288605 0.00383281 0.00339256 0.13311 0.0207723 0.00958415 0.00360413 0.000165798 0.726709 0.00388433 
0.21459 0.166587 0.0143336 0.00500386 0.0801936 0.000431343 0.0149393 0.0141408 0.0414344 0.287574 0.0531727 0.000105435 0.107165 0.000328965 
0.0580805 0.0150201 0.0182628 0.00471999 0.00234424 0.0813365 0.0224043 0.00477315 0.637802 0.0706206 0.0120167 9.64366e-07 0.0725308 8.69746e-05 
0.00853785 0.0173456 0.0446244 0.0548689 0.0448649 0.00272623 0.0518364 0.0229611 0.385395 0.191257 0.0333821 7.60309e-05 0.134673 0.00745082 
0.325911 0.533085 0.000501577 9.59757e-05 0.0111908 6.03395e-05 0.00927994 0.00758991 0.0279403 0.0717747 0.00135607 5.72768e-05 0.0110437 0.000113877 
0.0808075 0.0253938 0.000859721 0.00238424 0.0173545 0.000246903 0.0453596 0.0994293 0.0497104 0.0272198 0.0373863 9.33693e-05 0.613614 0.000141023 
0.000568399 0.921536 0.00143237 1.81111e-05 0.000306367 1.93482e-05 0.000599689 0.00019469 0.0033998 0.000948428 0.0664797 7.015e-06 0.0039674 0.000522948 
0.160348 0.713748 0.000163864 0.000462137 0.00441067 3.31826e-05 0.00632942 0.0657184 0.000230442 0.0318421 0.00127956 2.20167e-05 0.0144497 0.0009626 
0.416097 0.0225932 0.00590859 3.40818e-05 0.0111444 0.000715871 0.0623331 0.0230985 0.0102231 0.380497 0.00700943 6.01656e-06 0.058888 0.00145153 
0.333245 0.0740067 0.00256283 0.00543995 0.022129 0.000836615 0.00702111 0.0383688 0.0287854 0.411779 0.00390578 7.08666e-05 0.0717716 7.7153e-05 
0.605364 0.272619 0.000688664 0.000206572 0.0161298 1.83115e-05 0.0161251 0.014359 0.00180775 0.0651606 0.00199484 9.32657e-06 0.00540912 0.00010715 
0.10271 0.00572286 0.00403136 0.00203252 0.00603643 0.000877822 0.00672037 0.00497617 0.705453 0.0564143 0.00535997 2.74076e-05 0.0988371 0.000800634 
0.136759 0.00279407 0.0158377 0.00698617 0.0329518 0.00316907 0.0208748 0.0151945 0.0491405 0.210811 0.101075 1.53395e-05 0.404097 0.000294582 
0.451041 0.0136721 0.00918901 0.000288114 0.134492 0.00255029 0.00165613 0.0191914 0.0371553 0.265182 0.00771269 0.000146719 0.0573495 0.000374093 
0.002376 0.000942121 0.000147938 0.0101777 0.0305344 1.07143e-07 0.00076884 0.00208764 0.640584 0.00422563 0.027759 3.88466e-08 0.280334 6.24704e-05 
0.160348 0.713748 0.000163864 0.000462137 0.00441067 3.31826e-05 0.00632942 0.0657184 0.000230442 0.0318421 0.00127956 2.20167e-05 0.0144497 0.0009626 
0.214726 0.0622 5.53532e-05 0.000459519 0.0368105 0.00144432 0.0247121 0.00516516 0.0705684 0.43275 0.0130561 2.32257e-05 0.137805 0.000224958 
0.231699 0.0488989 0.0130814 0.0433427 0.228772 0.00826348 0.0121492 0.0109272 0.0677062 0.0602784 0.0133663 0.00734828 0.0372657 0.216901 
0.427715 0.00235643 0.0425539 0.000809002 0.00237443 0.00273084 0.00247035 0.0292925 0.0295212 0.248622 0.0413105 0.000100683 0.170032 0.000111158 
0.0496416 0.0199983 0.0437534 0.00124655 0.0133353 0.000269185 0.00327495 0.000335505 0.628547 0.0714632 0.0825923 0.000175312 0.0179295 0.0674377 
0.00139684 0.00989933 0.000933906 0.000433198 0.00094991 0.000260143 0.00129203 0.003757 0.976462 0.0030961 0.000486151 1.8331e-05 0.000935507 8.00016e-05 
0.00344884 0.00128819 0.473199 1.36172e-06 0.182198 0.000345388 0.00206455 0.00141521 0.121228 0.202438 0.00500566 5.42863e-07 0.00569721 0.00167 
0.0386788 0.851802 0.00503969 0.000490194 0.00914298 1.68421e-05 0.0293032 0.00117938 0.0112742 0.0296859 0.000338063 1.34587e-05 0.0227871 0.000247723 
0.0399733 0.00175725 0.0284698 0.0207308 0.135594 0.000134707 0.0284428 0.00359843 0.0247337 0.681486 0.0116671 1.51835e-05 0.0232802 0.000117412 
0.208802 0.012224 0.000331323 1.25932e-11 0.00156874 1.34533e-11 0.00256215 0.00447155 0.0180561 0.0313699 0.254615 4.87773e-12 0.465908 9.13764e-05 
0.237959 0.0208867 0.00656149 0.00124393 0.000363461 3.10201e-07 0.0824634 6.31571e-05 0.0129391 0.591904 0.0176218 5.37485e-11 0.0279944 1.11802e-10 
0.110115 0.00204744 0.0565981 0.00163294 0.123496 0.000292075 0.00960748 0.00054354 0.456439 0.177541 0.015899 8.06465e-05 0.0421313 0.00357611 
0.183827 0.21439 6.78275e-06 0.0719582 0.0263273 3.68457e-05 0.0662325 0.0364418 0.00151042 0.0467248 0.00269859 1.27387e-06 0.349267 0.000577754 
0.143785 0.00267903 0.0382869 9.54229e-07 0.00367795 0.00112294 0.0291279 1.3424e-06 0.0111182 0.252005 0.441749 6.05897e-07 0.0763304 0.000115971 
0.094234 0.112112 0.0448143 0.00244355 0.0914599 0.00081061 0.0254365 0.00348175 0.234032 0.113248 0.000393228 0.000326744 0.0444718 0.232735 
0.160348 0.713748 0.000163864 0.000462137 0.00441067 3.31826e-05 0.00632942 0.0657184 0.000230442 0.0318421 0.00127956 2.20167e-05 0.0144497 0.0009626 
0.160348 0.713748 0.000163864 0.000462137 0.00441067 3.31826e-05 0.00632942 0.0657184 0.000230442 0.0318421 0.00127956 2.20167e-05 0.0144497 0.0009626 
0.0722881 0.00184113 0.0278746 8.42919e-05 0.010837 0.320373 0.00181224 0.0316768 0.0240044 0.0435213 0.0333622 5.44891e-05 0.430774 0.00149629 
0.17825 0.0729882 0.127361 5.48313e-06 0.0168759 0.00567745 0.191129 0.000387036 0.024059 0.172577 0.0214697 1.75335e-06 0.188962 0.000256635 
0.0898677 0.00267794 0.0663559 0.00135013 0.119221 0.00115957 0.0244184 0.0413201 0.180267 0.236593 0.15677 0.000463903 0.071129 0.00840646 
0.0530426 0.00564303 0.260201 0.000484865 0.057 7.51239e-05 0.136649 0.000232886 0.305877 0.106894 0.013529 7.40849e-07 0.0601755 0.000195107 
0.0795131 0.0169016 0.00352931 0.00163216 0.0642559 0.0022767 0.0372804 0.00145436 0.09776 0.483029 0.164391 4.28149e-05 0.0474569 0.000476609 
0.0136195 0.00804616 0.0326542 0.0296973 0.00788983 0.00109841 0.0158398 0.0207113 0.300923 0.0387164 0.0701333 0.000922571 0.455743 0.00400517 
0.12058 0.000399919 0.0147501 0.588184 0.00179049 0.00332184 0.0201051 0.0459111 0.00482052 0.0764718 0.0154104 4.6009e-06 0.10787 0.000379792 
0.264567 0.00354683 0.0483057 3.51492e-08 0.00279016 3.63542e-05 0.447811 0.000147113 0.00497992 0.213837 0.00613895 1.53883e-09 0.00582747 0.00201228 
0.0391512 0.00644985 0.000246987 3.19826e-05 0.0329077 0.00161886 0.00830097 0.165689 0.0214896 0.0928914 0.0265312 1.30773e-05 0.602898 0.00178034 
0.133005 0.731257 0.000796324 0.000237366 0.00324362 1.44102e-05 0.0038266 0.000522469 0.00240082 0.121558 0.0012592 1.08492e-05 0.00182433 4.4053e-05 
0.71295 0.00809938 0.000183992 0.00330634 5.06211e-05 1.74118e-05 0.00306199 0.000433509 0.0133898 0.218104 0.0172713 5.75502e-10 0.0231323 1.1971e-09 
0.0862293 0.0494549 0.0164992 1.99702e-05 0.0646973 2.87706e-05 0.0117609 0.0084355 0.0209719 0.67105 0.00248533 1.47082e-05 0.0682997 5.21215e-05 
0.160348 0.713748 0.000163864 0.000462137 0.00441067 3.31826e-05 0.00632942 0.0657184 0.000230442 0.0318421 0.00127956 2.20167e-05 0.0144497 0.0009626 
0.160348 0.713748 0.000163864 0.000462137 0.00441067 3.31826e-05 0.00632942 0.0657184 0.000230442 0.0318421 0.00127956 2.20167e-05 0.0144497 0.0009626 
0.0848491 0.0133915 0.0168108 1.94491e-05 0.0206828 2.03859e-06 0.00766638 0.00746817 0.00315749 0.839922 0.00236197 2.25403e-08 0.00366751 4.10326e-07 
0.160348 0.713748 0.000163864 0.000462137 0.00441067 3.31826e-05 0.00632942 0.0657184 0.000230442 0.0318421 0.00127956 2.20167e-05 0.0144497 0.0009626 
0.42606 0.0117012 0.00162445 0.0110881 0.186768 0.00163855 0.00646409 0.0234788 0.0182842 0.113689 0.00418175 0.000668276 0.0427853 0.151568 
0.019209 0.000186622 0.00270281 0.000697026 0.00196601 1.44192e-05 0.00341018 0.0010522 0.000821855 0.0126837 0.422851 1.98072e-06 0.534246 0.00015657 
0.12422 0.00367242 0.000412229 0.020964 0.0120519 0.00949091 0.00157037 0.439131 0.00326554 0.034212 0.00443657 5.50388e-05 0.346454 6.39984e-05 
0.150835 0.152418 0.00362159 0.0326248 0.0703792 0.000183421 0.00775232 0.0203273 0.0845618 0.422411 0.00117235 2.85222e-05 0.053055 0.000629849 
0.00154401 0.00738114 0.337103 4.68288e-06 0.000259269 5.00275e-06 0.00118887 4.27012e-05 0.213002 0.0627402 0.0708472 1.81383e-06 0.305876 3.77293e-06 
0.252654 0.0352678 2.45698e-05 3.25974e-05 0.00571119 0.00031479 0.00404501 0.00235302 0.0183089 0.663707 0.00147847 9.53544e-07 0.0160995 2.15616e-06 
0.534111 0.0375593 0.0114147 0.0240601 0.0191079 8.20793e-06 0.0297565 0.00501009 0.0164586 0.242041 0.00821434 5.7306e-06 0.0718458 0.000406608 
0.123943 0.00135415 1.33042e-08 2.23658e-05 2.75842e-08 8.18357e-06 0.00670671 0.648845 0.000376249 0.206097 0.00459585 5.52716e-10 0.00804838 2.97437e-06 
0.0524844 0.00385294 0.000596648 0.00283191 0.000187993 1.56118e-05 0.00348812 0.000185751 0.183186 0.0327384 0.655802 5.58462e-06 0.0646138 1.09166e-05 
0.0427779 0.0075538 0.00078002 0.016445 0.0066738 0.00237106 0.00171525 0.234781 0.0194535 0.0255164 0.097576 5.16185e-05 0.543941 0.000363348 
0.0317254 0.00754692 5.05651e-05 0.251519 0.00146127 0.00103439 0.00601524 0.0527105 0.0453776 0.00759422 0.00396729 1.58619e-06 0.590958 3.80891e-05 
0.301481 0.0148317 0.00044503 5.37143e-05 0.00594315 4.16163e-05 0.0425916 0.000250521 0.0188478 0.594324 0.00170155 3.33849e-05 0.0190703 0.000383853 
0.712521 0.0161365 0.0022927 0.00266332 0.0169929 0.00167699 0.0101802 0.0171707 0.0101202 0.136282 0.00267007 3.21827e-05 0.071203 5.76283e-05 
0.106794 0.069857 0.000109057 0.131006 0.010828 0.0235585 0.0015561 0.228809 0.0131589 0.0296063 0.0130788 2.75533e-05 0.365253 0.00635697 
0.160348 0.713748 0.000163864 0.000462137 0.00441067 3.31826e-05 0.00632942 0.0657184 0.000230442 0.0318421 0.00127956 2.20167e-05 0.0144497 0.0009626 
0.0292693 0.00844095 0.00359911 7.33434e-05 0.00690545 0.000452449 0.00113659 0.666466 0.0115203 0.0185957 0.152921 3.27915e-05 0.100336 0.000250493 
0.100475 0.00624931 0.015876 0.00579067 0.173414 0.247716 0.00844342 0.0142436 0.031951 0.0695421 0.00564287 0.00194185 0.19897 0.119745 
0.332758 0.0580797 0.00560323 0.00127937 0.0498811 2.5294e-07 0.0543121 0.000659136 0.0199608 0.454168 0.00227859 7.72194e-08 0.0208994 0.00012044 
0.0646995 0.000136465 6.88537e-09 6.43423e-07 0.00815677 0.0078979 0.00388092 0.000216015 0.00384063 0.0203803 0.640089 1.02478e-10 0.250673 2.91023e-05 
0.0669844 0.00157245 0.000308921 0.000222896 0.0117558 0.000100854 0.188836 0.0307843 0.0017968 0.131936 0.016435 8.6061e-08 0.549266 2.62397e-07 
0.141918 0.0238106 0.321138 2.47943e-05 0.137631 1.80351e-05 0.113479 0.00105799 0.000112804 0.158191 0.0923372 3.22553e-07 0.01028 1.73897e-06 
0.00231525 3.47773e-05 1.28705e-05 4.78787e-05 0.00959163 5.76972e-05 2.30908e-05 0.00147566 0.841163 0.00375317 0.0064759 1.21521e-06 0.130238 0.00480986 
0.0241268 0.00236772 0.00445071 2.08268e-05 0.00141042 4.74143e-05 0.0119281 0.0488892 0.0409516 0.104922 0.391646 1.96129e-06 0.368063 0.00117506 
0.331984 0.0514905 0.0126653 0.000387742 0.0401322 0.000999781 0.203772 0.0181433 0.0498306 0.167444 0.0291613 0.000248756 0.0929216 0.000818434 
0.0290004 0.108607 0.00603496 0.00755116 0.0672608 0.00133897 0.000426388 0.0291738 0.532875 0.174662 0.000642413 4.96188e-05 0.0421535 0.000223754 
0.300105 0.0203538 0.0111669 0.0252085 0.0537991 0.000259441 0.0116555 0.00302233 0.026342 0.452541 0.0179283 0.00016238 0.0763625 0.00109335 
0.377371 0.054258 0.0705975 0.00023062 0.0161861 0.000716718 0.0174151 0.00302192 0.0204475 0.255184 0.0212866 6.19105e-06 0.163203 7.57519e-05 
0.515174 0.0404761 0.00401409 5.76776e-05 0.0358996 0.0107607 0.0034517 0.0550524 0.011192 0.267227 0.00245494 5.29056e-05 0.0541209 6.59804e-05 
0.0675427 0.0346482 0.000314226 0.0275031 0.0730062 0.00188463 0.0180999 0.00793633 0.339518 0.195173 0.0665016 8.48456e-05 0.166386 0.0014009 
0.0804718 0.283547 0.0921216 0.0499705 0.0229567 2.60715e-09 0.000931086 0.000511069 0.0422936 0.238164 0.110041 9.45266e-10 0.0789922 1.96624e-09 
0.0613357 0.00532686 0.00252606 0.00770415 0.010441 0.000977403 0.00493484 0.298478 0.0208629 0.10081 0.0147498 0.000156812 0.468268 0.00342831 
0.0725239 0.0156121 0.013497 0.00540623 0.0340453 0.0118463 0.0260995 0.0302774 0.170639 0.0972252 0.035388 0.000840682 0.484414 0.00218478 
0.137595 0.101286 0.00125655 0.000147184 0.00953891 0.0391636 0.00678363 0.0247955 0.0594308 0.0755206 0.011798 1.34481e-05 0.53226 0.000411417 
0.0289014 0.0114463 0.676438 3.70219e-09 0.0188999 3.95507e-09 0.0840559 7.91193e-06 0.0449343 0.12772 0.00465499 1.43398e-09 0.00294046 7.44142e-07 
0.160348 0.713748 0.000163864 0.000462137 0.00441067 3.31826e-05 0.00632942 0.0657184 0.000230442 0.0318421 0.00127956 2.20167e-05 0.0144497 0.0009626 
0.111104 0.2431 0.00375964 0.0161719 0.0124302 1.65177e-05 0.00474546 0.00224683 0.0245345 0.144636 0.313401 1.55408e-08 0.12385 3.84625e-06 
0.0210455 0.0386641 0.00096389 0.00011873 0.370912 0.00111584 0.0209072 0.0727777 0.0183347 0.0846167 0.0057626 3.5989e-05 0.139112 0.225633 
0.0565431 0.0231733 0.0617955 0.000921768 0.071327 0.000781861 0.0156433 0.000477414 0.5955 0.106247 0.000795469 4.08267e-05 0.0623884 0.00436451 
0.12058 0.000399919 0.0147501 0.588184 0.00179049 0.00332184 0.0201051 0.0459111 0.00482052 0.0764718 0.0154104 4.6009e-06 0.10787 0.000379792 
0.243344 0.00498768 0.0186209 3.18448e-05 0.00153889 0.000458722 0.000531716 0.0652482 0.0118859 0.604643 0.00301338 9.64216e-06 0.0455808 0.000105301 
1.35058e-05 4.18482e-06 5.15912e-06 1.81943e-08 0.0896385 1.94371e-08 0.000924731 9.52301e-07 2.16733e-05 0.909376 1.10541e-05 7.04724e-09 4.44149e-06 1.46589e-08 
0.0570096 0.00639353 0.0159595 0.00109968 0.250218 0.00195411 0.0143482 0.0412184 0.354218 0.144427 0.0211546 0.00107263 0.0897965 0.00113106 
0.00237741 0.00084892 1.39975e-05 2.00259e-05 0.0104519 4.11974e-05 0.000110935 0.0568199 0.0181428 0.0670094 0.00637977 6.73406e-07 0.837781 2.05309e-06 
0.0692477 0.0169764 0.0342675 1.24516e-05 0.00386892 0.000232144 0.0374509 0.000497888 0.0679963 0.653861 0.00324015 1.02876e-05 0.112261 7.72305e-05 
0.0210455 0.0386641 0.00096389 0.00011873 0.370912 0.00111584 0.0209072 0.0727777 0.0183347 0.0846167 0.0057626 3.5989e-05 0.139112 0.225633 
0.0776378 0.0283824 0.0668167 0.0164695 0.0665843 0.000187472 0.0386309 0.000195715 0.196433 0.387113 0.0522694 9.56205e-05 0.0449361 0.0242483 
0.0594815 6.71966e-05 0.00141452 0.000676465 0.0128882 0.0140563 1.60435e-05 0.0300195 0.395488 0.0307975 0.0294032 6.81875e-06 0.425658 2.63741e-05 
0.12058 0.000399919 0.0147501 0.588184 0.00179049 0.00332184 0.0201051 0.0459111 0.00482052 0.0764718 0.0154104 4.6009e-06 0.10787 0.000379792 
0.0345315 0.0224131 0.215952 0.00105576 0.135751 9.3183e-05 0.0199612 0.00277141 0.0879316 0.451558 0.0147812 1.93205e-05 0.0126785 0.00050281 
0.0140143 0.13988 0.0137605 5.96578e-08 0.00918621 1.17462e-05 0.733556 2.80522e-05 0.000951324 0.024545 0.0118841 2.12539e-08 0.0517808 0.000402325 
0.0142271 0.0111413 0.000184713 1.19784e-06 0.000691578 6.8989e-05 0.00117187 0.000112928 0.084138 0.0166828 0.807098 4.63962e-07 0.064441 3.97766e-05 
0.00288663 0.00508647 0.0375151 1.32125e-11 0.00326165 1.41149e-11 0.000533811 8.88109e-09 0.000733577 0.0248539 0.0145837 5.1176e-12 0.910545 1.24807e-08 
0.00298592 0.0520849 0.000609177 0.0111393 0.000470068 0.00278496 0.00620495 0.0439706 0.00037818 0.000122461 0.00279723 4.00111e-06 0.87071 0.00573841 
0.457152 0.0211038 0.00987046 0.00101921 0.135639 0.00825732 0.0120858 0.0401371 0.0114798 0.159918 0.0505591 0.000414082 0.0877672 0.00459734 
0.386906 0.014814 2.89399e-05 1.34067e-05 0.00934011 0.000976151 0.0300831 0.00284737 0.109118 0.26603 0.0198081 5.26814e-06 0.160013 1.59013e-05 
0.712731 0.0266414 0.000639665 0.00349194 0.0123357 0.0235957 0.00900399 0.00310369 0.0552538 0.0822357 0.00418056 0.00010768 0.0663456 0.000333643 
0.0564436 0.0574485 0.0823667 0.00394155 0.093969 0.00781192 0.0508911 0.00613988 0.294994 0.133335 0.0409575 0.000507135 0.160921 0.010274 
0.416262 0.221795 0.00848601 0.00102513 0.0109044 1.24487e-05 0.017204 0.00669818 0.00857585 0.290403 0.00267402 1.20938e-05 0.0159072 3.99781e-05 
0.0604072 0.0790417 0.0319989 0.00429719 0.243327 0.00203359 0.0148768 0.0210836 0.102404 0.294252 0.01149 6.71827e-05 0.129811 0.00490985 
0.040065 0.0359906 0.018379 6.73646e-05 0.013727 4.86583e-05 0.00436473 0.00545961 0.638319 0.204239 0.0069343 4.41677e-05 0.0321885 0.000173639 
0.101219 0.0189871 0.0127956 8.80532e-05 0.0596297 0.000186774 0.00088708 0.0285762 0.360077 0.11074 0.226101 2.67412e-05 0.0806247 6.13525e-05 
0.0825156 0.00633728 0.00449833 0.0152264 0.00417958 0.00805773 0.0116458 0.0863319 0.0238742 0.0914738 0.186893 5.87799e-05 0.478823 8.51922e-05 
0.0286905 0.0290232 0.0101966 0.00180191 0.162957 4.48484e-05 0.00983995 0.025698 0.00870595 0.697164 0.00630003 3.0572e-05 0.0193207 0.000226081 
0.794321 0.145494 4.05967e-05 0.000251611 0.0166664 5.31818e-05 0.00355573 0.000470208 0.00573789 0.0305437 0.000138649 4.03657e-05 0.00261634 6.98658e-05 
0.0559096 0.0173152 0.0203184 0.00267641 0.0189719 0.000148333 0.0273609 0.0277787 0.690167 0.0900956 0.00083613 3.18946e-05 0.0482985 9.10197e-05 
0.496059 0.125756 0.000547939 0.000298008 0.143834 0.000437405 0.0159793 0.0424118 0.0688076 0.0899203 0.00265892 0.000136047 0.0117014 0.00145242 
0.0461645 0.0019444 0.000714945 0.000740856 0.0324583 0.0123789 0.0130021 0.00524977 0.727614 0.113156 0.0154876 7.78921e-05 0.0299998 0.00101092 
0.285865 0.056695 0.0312026 5.27953e-05 0.0787298 0.000205303 0.0415935 0.116303 0.0373696 0.0697637 0.00948364 2.66043e-07 0.272702 3.41334e-05 
0.0158153 0.0519493 0.00700563 0.00916921 0.00283182 0.0109324 0.00218273 0.000369312 0.219271 0.035689 0.562092 2.92644e-06 0.0826703 1.98826e-05 
0.605364 0.272619 0.000688664 0.000206572 0.0161298 1.83115e-05 0.0161251 0.014359 0.00180775 0.0651606 0.00199484 9.32657e-06 0.00540912 0.00010715 
0.0746437 0.0101832 0.126104 0.000445222 0.0175586 1.11011e-06 0.63642 0.000202665 0.00221091 0.0899524 0.0199457 1.83869e-07 0.0223321 5.95604e-07 
0.129508 0.624714 0.00897189 0.000158468 0.0200049 0.0194149 0.0128658 0.00374398 0.0531933 0.117027 0.00480825 5.25312e-05 0.00513127 0.000405594 
0.054646 1.90267e-06 0.00040968 0.000124318 0.0272165 1.9084e-07 0.00214611 4.86732e-08 0.0470481 0.00419065 0.850519 2.12745e-08 0.0136976 1.16952e-07 
0.160348 0.713748 0.000163864 0.000462137 0.00441067 3.31826e-05 0.00632942 0.0657184 0.000230442 0.0318421 0.00127956 2.20167e-05 0.0144497 0.0009626 
0.00830613 0.000102132 8.52459e-06 1.86904e-05 5.1683e-05 0.000352571 0.00328688 0.901592 0.00184308 0.00101337 0.007242 5.12407e-07 0.076181 1.30828e-06 
0.12058 0.000399919 0.0147501 0.588184 0.00179049 0.00332184 0.0201051 0.0459111 0.00482052 0.0764718 0.0154104 4.6009e-06 0.10787 0.000379792 
0.0483689 0.00209933 0.000125549 0.000183044 0.00243588 0.00155862 0.00162405 0.855084 0.00172213 0.0115254 0.00385935 8.28438e-06 0.071235 0.000170413 
0.160348 0.713748 0.000163864 0.000462137 0.00441067 3.31826e-05 0.00632942 0.0657184 0.000230442 0.0318421 0.00127956 2.20167e-05 0.0144497 0.0009626 
0.260511 0.00605294 0.00619597 4.23994e-05 0.00552674 0.117847 0.00242043 0.177453 0.00141446 0.311753 0.0117887 1.27063e-06 0.0989867 7.209e-06 
0.135773 0.0213365 0.000445645 1.97005e-05 0.0457366 0.000249716 0.00261515 0.0569652 0.0116555 0.57382 0.0144967 1.95684e-05 0.136828 3.87927e-05 
0.0255597 0.0116625 0.0381132 0.000316355 0.020913 3.42783e-05 0.0128559 0.00564307 0.0721475 0.790333 0.00545487 1.11808e-05 0.0168575 9.78906e-05 
0.704945 0.0623585 0.00240022 0.000495393 0.0531688 0.00031227 0.0059019 0.0161525 0.0209675 0.109119 0.00226131 5.16029e-05 0.0192701 0.00259621 
0.214214 0.124514 0.0150851 0.000635724 0.0627519 0.000525579 0.0103732 0.0109912 0.0278872 0.499698 0.00567629 0.000254636 0.0261794 0.00121458 
0.0597646 0.0476329 0.0121099 0.0140634 0.00353632 0.017642 0.00830566 0.0824415 0.0208537 0.112244 0.0702368 2.4401e-05 0.550997 0.000147618 
0.00161961 6.56782e-06 8.48123e-07 0.637539 2.12718e-07 6.34474e-08 4.13458e-07 1.33075e-05 0.000989843 0.00259661 0.167963 2.36253e-08 0.189271 7.88736e-08 
0.615795 0.0103036 0.00174248 0.000126302 0.00910698 0.000202244 0.0163249 0.0186397 0.0101411 0.25771 0.00953036 2.95692e-05 0.0502997 4.83036e-05 
0.147619 0.180168 0.0172625 0.00239548 0.101717 0.00204075 0.00905458 0.0160982 0.0308827 0.446698 0.00646962 0.00101378 0.0368641 0.00171621 
0.15949 0.00536501 0.0291091 0.00102497 0.01869 0.00372298 0.00215614 0.0620148 0.292915 0.190088 0.0448302 2.27664e-06 0.190446 0.000145038 
0.00202946 0.00814483 0.00786377 0.000739572 0.251732 1.35537e-05 0.0177671 0.000240269 0.000837825 0.705818 0.00276649 6.95699e-06 0.002028 1.20454e-05 
0.0270733 0.0014331 0.000451105 4.44361e-06 0.000105186 0.00334277 0.000547414 0.0011028 0.00125349 0.0293963 0.676569 1.07697e-06 0.258709 1.14152e-05 
0.0279998 0.0366435 0.158862 2.6295e-07 0.0384786 0.00018852 0.672884 2.73366e-06 0.0195034 0.0130454 0.0160906 1.66291e-07 0.0163004 8.1596e-07 
0.225518 0.536116 0.00555403 0.000245851 0.0162117 0.000280162 0.0140845 0.000167203 0.0202677 0.156029 0.00682369 2.55296e-05 0.0182399 0.000437418 
0.160348 0.713748 0.000163864 0.000462137 0.00441067 3.31826e-05 0.00632942 0.0657184 0.000230442 0.0318421 0.00127956 2.20167e-05 0.0144497 0.0009626 
0.174898 0.00675487 0.00700762 0.00937632 0.0340492 0.00283261 0.00654898 0.0169552 0.0280994 0.226391 0.320189 8.72613e-05 0.163783 0.00302715 
0.128025 0.0125806 0.0110279 3.98692e-05 0.00992606 0.00404744 0.4587 2.42184e-05 0.164222 0.0236271 0.0252804 1.04253e-05 0.161385 0.00110366 
