0.0838553 0.00902494 0.000263471 0.0371869 0.0146039 0.00524086 0.000852138 0.317903 0.00519524 0.0259111 0.0110628 5.32525e-05 0.488769 7.7874e-05 
0.0222971 0.0334647 8.11292e-07 8.2271e-06 0.000124022 5.06646e-06 0.00317789 0.0322604 0.058116 0.000236375 6.79258e-05 3.86999e-06 0.844503 0.00573444 
0.001446 0.00116676 6.60034e-08 3.93276e-06 0.00113891 0.00509992 2.10365e-05 0.00147446 0.00212429 1.26297e-07 0.0322604 5.45951e-05 0.95521 1.6894e-08 
0.230144 0.0187475 0.0326732 1.11901e-05 0.0429617 0.00151463 0.00479643 0.0938663 0.0104925 0.147764 0.0343629 3.12716e-05 0.382494 0.000140492 
0.20439 0.0507128 0.071425 0.000969944 0.0491627 1.15871e-06 0.00887806 0.0180623 0.00386589 0.0386727 0.0715641 8.23001e-09 0.482296 5.57948e-09 
0.058915 0.0138948 0.00360583 0.0051376 0.0162625 0.0189827 0.0108203 0.0602741 0.0165705 0.039702 0.0103498 0.000746759 0.744086 0.000651613 
0.0947729 0.000324736 2.99579e-05 0.000104356 0.000194804 0.015588 0.000712802 0.0458719 0.0415418 0.0366865 0.0298183 0.000170445 0.734141 4.25189e-05 
0.0913876 0.00233698 0.0379449 0.00015661 0.00486696 3.27328e-05 0.00395998 0.0325303 0.0605634 0.0617273 0.0263414 4.78415e-06 0.678139 8.07649e-06 
0.0144862 2.22395e-05 8.6413e-10 3.22536e-07 0.00241805 0.00437192 0.000227346 0.0830733 0.0985104 0.010548 0.00641755 5.3961e-09 0.77807 0.001855 
0.106659 0.00194906 0.00732816 0.000454471 0.0233443 0.0001463 0.0146276 0.0813377 0.0603595 0.0972758 0.128818 8.36547e-05 0.476628 0.000988565 
0.0368235 0.00475444 0.00161605 0.00482577 0.00533129 0.00639866 0.00699514 0.0346516 0.0335189 0.0557071 0.0493625 3.57707e-05 0.759964 1.54264e-05 
0.00050941 0.00217112 3.12685e-08 1.60834e-09 0.00225953 0.00553765 0.0547638 0.0019388 0.00246984 0.00031845 0.00990036 9.49668e-12 0.920131 1.9754e-11 
0.0561661 0.028776 0.0415018 5.80209e-06 0.10156 0.00311313 0.00304203 0.00884936 0.175335 0.0704325 0.111907 5.97353e-05 0.399238 1.33967e-05 
0.0357377 0.000651382 3.43613e-08 2.52096e-05 0.00166316 0.00608086 6.67752e-05 0.00262314 0.00301966 0.018021 0.00390583 2.74696e-05 0.928177 1.18971e-06 
0.0776045 0.00548243 0.00333052 0.00122878 0.0164367 0.000310101 0.0159192 0.243738 0.0090342 0.0706279 0.0236314 0.000135703 0.53077 0.00175038 
5.52104e-05 5.52031e-05 0.248443 5.51669e-05 0.149111 5.51635e-05 5.51911e-05 5.52035e-05 5.5203e-05 0.0828715 5.51968e-05 5.51962e-05 0.519023 5.5176e-05 
0.053344 0.0131824 0.00657191 0.0122711 0.0383119 0.18369 0.00465474 0.154705 0.051637 0.117898 0.0428047 0.00015945 0.320685 8.45714e-05 
0.0345408 0.00826761 0.00600187 4.19324e-05 0.0273824 0.0316787 0.00210131 0.0589387 0.0102432 0.0770502 0.0386576 0.000197187 0.698675 0.00622291 
0.0343015 0.000652069 0.000149556 0.00463376 0.00497941 0.0112531 0.00307596 0.171828 0.00499782 0.0104483 0.016432 0.000109733 0.737127 1.18975e-05 
0.00133931 9.03115e-06 0.0236989 0.000327569 2.28733e-06 6.88951e-06 0.000726625 0.00875784 0.0210423 0.00845188 0.0707335 1.7461e-09 0.8649 3.60113e-06 
0.0979797 0.0500769 0.188477 6.00938e-07 0.0450093 0.00140722 1.77276e-06 3.06987e-07 0.000463729 4.40727e-07 0.0133113 8.08592e-05 0.60319 2.33886e-11 
0.0921481 0.0462804 0.216261 1.64401e-05 0.0105629 6.79591e-10 0.0673227 0.00123431 0.208674 0.11731 0.0100333 3.36694e-05 0.230038 8.38788e-05 
0.222234 0.000254032 5.65612e-06 0.000532766 0.00283122 5.12027e-05 0.0712464 0.00240727 0.288166 0.000891552 0.00547168 0.01774 0.361517 0.0266509 
0.0991599 0.00299004 0.00975848 5.72027e-05 0.00626051 0.000178655 0.024733 0.0300625 0.0132047 0.080708 0.0205654 4.92418e-06 0.712317 9.79777e-09 
0.0193184 0.000640393 0.00362494 2.63297e-08 0.010865 2.14678e-05 0.00148371 6.14639e-09 0.0236312 0.00605719 0.0208393 1.19454e-05 0.913503 3.88467e-06 
0.120291 0.0451749 0.0162389 1.66301e-06 0.0453332 0.00106547 0.0104767 0.0684686 0.151877 0.0496064 0.032916 2.36775e-08 0.45855 1.09367e-07 
0.0548456 0.0119964 0.00267556 0.000623405 0.00667045 1.0425e-05 0.0466671 0.0141397 0.130608 0.209128 0.109525 0.000126411 0.412979 4.74537e-06 
0.055405 0.00569116 0.000207542 0.021693 0.0129374 0.00627431 0.000655461 0.426108 0.00353572 0.0152885 0.00873069 3.10688e-05 0.443395 4.72385e-05 
0.00417284 5.31831e-05 2.053e-10 0.0034777 0.00013333 2.54952e-05 0.00235729 0.00751492 0.0117255 0.0108006 0.00688845 5.81913e-06 0.952842 2.63251e-06 
0.209693 0.107365 6.17884e-05 0.000601325 0.0800463 7.29045e-05 0.00511454 0.0388077 0.047904 0.218781 0.0152504 0.00877659 0.266215 0.00131049 
0.0938083 0.00152274 0.000227272 1.90754e-06 0.0102258 0.000603312 0.00393192 0.00312642 0.0285766 0.0361018 0.0110097 3.54795e-05 0.810828 1.06949e-06 
0.127597 0.00371406 0.00275931 0.0008723 0.014888 0.0606534 0.0101057 0.0375332 0.0254547 0.0309332 0.0133733 0.000198697 0.653152 0.0187645 
0.0838454 0.010466 0.00142742 0.000292966 0.0119067 0.00228381 0.00538697 0.107837 0.213248 0.0303168 0.00554453 9.31049e-05 0.527346 5.64736e-06 
0.176185 0.00356321 0.00188357 0.00227842 0.0159095 0.0001275 0.0139391 0.179391 0.00547678 0.135421 0.0663266 2.37217e-07 0.399498 2.6832e-08 
0.198405 0.012825 0.010724 0.000871953 0.0620265 0.00345435 0.00904341 0.018026 0.152054 0.147358 0.102908 0.00116311 0.28114 3.22879e-07 
0.155594 0.00438635 0.00937021 5.31486e-05 0.00454133 0.192086 0.0346487 0.0162734 0.0294486 0.209505 0.129833 3.46737e-05 0.214222 3.97176e-06 
0.0468042 0.00122528 0.000816833 2.04045e-07 0.0366521 0.317802 0.00026558 0.0206224 0.00255244 0.0212786 0.00273589 2.04153e-07 0.54853 0.000714482 
0.17905 0.0183781 0.00992147 5.54589e-06 0.0464895 0.000553881 0.00330043 0.00366926 0.0533108 0.00463453 0.00250745 0.000450598 0.673288 0.00444065 
0.10823 0.00363605 0.000405851 0.0046835 0.00176971 0.00225776 0.0368729 0.0217382 0.0420295 0.033224 0.0563267 1.92634e-05 0.688798 9.1146e-06 
0.0754457 0.0119757 0.00155771 0.000192609 0.00740587 0.0962009 0.0207778 0.214074 0.00956206 0.0483365 0.0345855 1.54244e-05 0.479783 8.69246e-05 
0.300883 1.02073e-05 0.00167203 0.0186127 0.000705034 6.73477e-07 0.168415 6.95587e-05 0.111076 0.0625256 0.0137184 4.61909e-11 0.322046 0.000265065 
0.0706036 0.00105442 5.87919e-06 2.0817e-07 0.00150892 0.000113507 0.00163005 0.0127279 0.0387481 0.0929393 0.231384 1.83903e-05 0.549252 1.40114e-05 
0.0527299 0.000306978 0.0454467 2.34865e-06 0.001595 0.0052987 0.00224066 0.0288744 0.0555472 0.0371949 0.309744 3.55845e-06 0.460994 2.22698e-05 
0.0441064 5.02708e-07 1.37589e-10 3.77926e-10 0.00417854 0.000132724 0.000392518 0.00454212 0.168704 0.0138554 1.5412e-05 1.46382e-10 0.764072 6.16988e-07 
0.00126814 0.00276912 0.0217456 4.03557e-05 0.120413 0.000534173 0.0400204 0.0802456 0.0227105 0.0269859 0.00085456 5.6155e-07 0.682086 0.000326711 
0.0797065 0.00125437 1.44563e-12 0.0238786 0.00867928 0.0209256 0.00600402 0.010425 0.0143388 0.283511 0.079661 5.89058e-07 0.471425 0.000189856 
0.0839484 0.00130721 4.50435e-06 0.000360081 0.0530162 0.00353546 0.0280216 0.0404038 0.0134778 0.250599 0.0452213 0.000531946 0.479551 2.22581e-05 
0.0254979 0.0252567 0.00495624 1.8589e-06 7.07121e-06 0.000374828 0.000976071 0.0358873 0.0429598 0.0809612 0.0815941 0.00211489 0.681882 0.01753 
0.001446 0.00116676 6.60034e-08 3.93276e-06 0.00113891 0.00509992 2.10365e-05 0.00147446 0.00212429 1.26297e-07 0.0322604 5.45951e-05 0.95521 1.6894e-08 
0.101781 0.0279703 0.00754949 0.00341785 0.0503187 0.0167919 0.0194542 0.0955003 0.0458082 0.0983262 0.0339646 0.00228304 0.495835 0.000998462 
0.0683981 0.00216474 0.0121253 0.000152874 0.121264 0.0546638 0.00315596 0.147936 0.171323 0.136676 0.018874 0.00326 0.259898 0.000107267 
0.0639957 0.000314091 0.000170386 2.3019e-05 0.0315379 0.00267011 0.000388127 0.0692185 0.131031 0.198203 0.197207 0.000231412 0.305006 2.54332e-06 
0.0476653 0.00160273 0.000272743 9.18635e-06 0.00108118 0.187718 0.00504202 0.0104567 0.00508329 0.035614 0.0317568 8.74695e-05 0.67358 3.01426e-05 
0.0420493 0.022452 5.4954e-06 6.55576e-05 0.132976 2.73265e-06 0.0355833 0.00253123 0.0751922 0.225743 0.0472179 7.43657e-05 0.416094 1.30145e-05 
0.0350105 0.0176462 0.0184331 0.000533557 0.0247736 0.000594869 0.0288867 0.0124543 0.0793274 0.0186486 0.21624 0.000186743 0.546485 0.000778494 
0.0822829 0.00236483 0.00252665 0.0117041 0.00760056 0.00317717 0.0891034 0.145397 0.0604498 0.0770785 0.032556 6.17127e-05 0.484692 0.00100482 
0.0651727 0.0106985 0.0123339 7.58081e-07 0.0111064 1.11111e-07 0.0087046 0.00328085 0.00315273 0.344359 0.163542 4.00549e-05 0.377608 1.08422e-07 
0.0153222 0.000847976 0.00536287 1.87418e-06 0.0262826 2.31945e-07 0.00457253 0.0170924 0.016331 0.0547313 0.00370058 2.91513e-06 0.855592 0.000159244 
0.0479943 0.0154051 0.000457801 0.0257378 0.0542252 0.00101635 0.00436112 0.141078 0.00479261 0.033698 0.0659928 0.00027139 0.604956 1.40836e-05 
0.044579 0.0106789 0.00250035 0.000276016 0.0460281 0.000304135 0.0789299 0.000398663 0.0218452 0.114598 0.0549793 9.98423e-05 0.619136 0.00564595 
0.00134654 0.212839 0.00822518 2.41949e-09 0.0815483 2.58476e-09 1.19443e-09 0.0216738 0.041199 2.98972e-06 0.250024 9.37146e-10 0.383092 4.90988e-05 
0.0098089 0.0050285 0.00711267 0.00236647 0.00560953 0.0606795 0.00787037 0.00788364 0.00906867 0.020586 0.028769 3.09299e-05 0.834183 0.00100307 
0.0127898 0.0868174 0.043016 0.000248393 0.110627 0.00632263 0.00345442 0.000221769 0.0952346 0.00518003 0.000340286 0.00258713 0.402805 0.230355 
0.168659 0.00261887 0.000211738 9.00823e-05 0.00650852 0.000165156 0.000615957 0.0098956 0.00137528 0.0825948 0.0165221 3.44779e-06 0.710739 6.49303e-09 
0.0470056 0.00867864 0.0105754 0.0062104 0.0213098 0.00247461 0.0146925 0.0554435 0.0157544 0.0693569 0.137789 0.000382744 0.609121 0.00120482 
0.153852 0.0185604 0.00559425 4.05042e-08 0.00718776 6.49549e-05 0.00275256 0.112215 0.117465 0.264266 0.046895 0.000539132 0.270608 1.92975e-07 
0.000115036 6.08249e-07 1.19494e-05 1.60633e-08 2.63019e-06 5.33216e-08 0.0011172 0.00114674 8.42104e-05 0.000126775 0.00902685 7.3354e-10 0.988368 1.52583e-09 
0.0406316 0.000103455 0.000501917 4.09537e-06 0.000618773 0.00853541 0.00386867 0.067851 0.00298803 0.0165975 0.0359467 2.0109e-07 0.822352 3.57692e-07 
0.0662283 0.0172048 0.00465999 0.000419791 0.00368682 0.374648 0.010404 0.0149635 0.019543 0.0743303 0.00415335 9.67773e-06 0.409748 6.32839e-07 
3.41195e-05 1.16193e-09 5.25425e-09 1.37437e-12 0.000775505 2.18784e-08 4.54652e-09 0.425167 0.00205967 0.00041443 0.0244164 3.46556e-08 0.547133 1.10731e-12 
0.0551508 0.00108609 0.00192579 1.8839e-06 0.00398461 9.54876e-05 0.00339679 0.0939453 0.0183285 0.0547068 0.035495 3.43312e-05 0.731841 7.47468e-06 
0.0162109 0.00347624 0.0136654 7.59854e-06 3.56779e-05 1.62855e-05 0.212344 0.000112959 0.000629232 0.00101352 0.0119041 6.5517e-06 0.740578 1.48848e-08 
0.070465 0.004293 0.122397 1.36052e-07 0.000644257 5.66836e-07 0.00638329 0.0240908 0.00139249 0.0178283 0.00873564 1.06324e-05 0.743753 5.95406e-06 
0.0749429 0.002098 0.0104061 0.00173705 0.0151357 0.000995499 0.0209645 0.0978109 0.113647 0.0669813 0.158748 0.00062189 0.43589 2.10846e-05 
0.0903918 0.000224796 0.0035536 0.000266249 4.82877e-07 0.000123458 0.269165 0.0298655 0.0151684 0.00647947 0.0254222 6.31794e-09 0.559338 8.58116e-07 
0.0262436 0.0200334 0.000301116 0.00197543 0.0762354 0.000633152 0.000140986 0.269655 0.0598693 0.0357296 0.0045469 0.000378895 0.504224 3.2983e-05 
0.104004 0.00811801 7.55159e-05 0.00543548 0.00876675 0.000144002 0.0153816 0.0043613 0.0212748 0.00434061 0.0512706 3.98526e-08 0.776124 0.000702687 
0.0860386 7.01864e-07 4.62051e-11 7.10854e-07 7.30593e-07 0.000250682 1.25872e-05 4.69322e-05 0.212295 0.254998 1.14259e-05 4.66025e-06 0.446335 5.73655e-06 
0.212951 0.00348061 0.00181975 6.75701e-05 0.00734839 0.000146068 0.0310699 0.0506598 0.0186409 0.0907397 0.0178303 0.00343214 0.561722 9.18721e-05 
0.0667042 0.0021662 0.00075416 0.00945516 0.0221576 0.014514 0.00198202 0.326564 0.0149413 0.0172032 0.00671429 0.000227444 0.516592 2.46493e-05 
0.0264972 0.0170491 0.00638655 2.04279e-06 0.00188867 0.00966519 0.0312985 0.205174 0.0179106 0.0573137 0.00374115 1.5314e-08 0.612979 0.0100944 
0.0631123 0.00288552 0.0106725 0.00186839 0.0212239 0.000632894 0.0183127 0.00674736 0.00614418 0.012177 0.0356634 0.00309733 0.817255 0.000207553 
0.000269649 1.83842e-08 1.84866e-08 7.46024e-11 4.67271e-05 0.150293 8.17192e-09 7.90215e-05 3.85345e-08 1.02578e-07 0.0454093 2.88958e-11 0.803902 2.6147e-07 
0.114604 0.122133 0.0354666 5.9391e-05 0.0646462 3.71738e-05 0.161499 0.000148166 0.194291 0.042876 0.0413036 0.00104896 0.221435 0.000451481 
0.0326078 0.0030086 0.0342858 3.71826e-05 0.0120933 0.00815394 0.00447404 0.000935296 0.195075 0.17704 0.0777755 1.79274e-05 0.45445 4.47326e-05 
0.167025 0.00697704 0.0158151 0.00704665 0.0295521 0.00123529 0.00594046 0.0165128 0.0243808 0.243005 0.176236 3.91678e-06 0.306256 1.41225e-05 
0.0430944 0.015102 0.0335265 0.000145462 0.00466976 0.000616224 0.00990008 0.00382706 0.3003 0.0640301 0.126049 9.36491e-05 0.398457 0.000189124 
0.0520425 0.0120077 0.00222432 3.41029e-05 0.00525186 6.39535e-05 0.00254533 0.0235648 0.0205431 0.0121934 0.430824 4.56721e-06 0.438699 1.64751e-06 
0.0725427 0.017337 0.00393676 0.00812745 0.0272723 0.00847467 0.0127801 0.0758163 0.0272105 0.0603752 0.0584008 0.000420184 0.625676 0.00162998 
0.130899 0.0319652 0.00778641 2.85914e-07 0.0106576 0.000118763 0.0380156 0.00225717 0.167153 0.259154 0.0383787 9.4874e-05 0.31202 0.00149893 
0.194816 0.103039 0.0183071 0.00341271 0.176489 0.000445635 0.0185419 0.00444175 0.0298965 0.121347 0.00466617 1.0752e-05 0.324585 1.0982e-06 
0.0257555 1.38817e-05 0.000121355 1.43681e-07 0.00221693 0.00120519 5.47731e-05 0.0597818 0.389482 0.0728525 0.0423918 7.25105e-06 0.406116 1.73371e-06 
0.0357377 0.000651382 3.43613e-08 2.52096e-05 0.00166316 0.00608086 6.67752e-05 0.00262314 0.00301966 0.018021 0.00390583 2.74696e-05 0.928177 1.18971e-06 
0.057017 0.00138871 1.79463e-05 9.08264e-08 0.00702867 0.00359768 0.0165982 0.00332268 0.00475109 0.00405404 0.244923 3.44729e-08 0.657282 1.84369e-05 
0.0993212 0.0130356 0.0126389 0.000895205 0.00876957 0.00973729 0.0143302 0.203248 0.0509788 0.0432357 0.0247355 0.00441648 0.514623 3.45264e-05 
0.0430274 0.000265392 3.92284e-07 0.00018025 0.00193301 1.58152e-06 0.00215565 0.0397521 0.310287 0.00691147 0.00129716 6.9238e-05 0.594119 1.0403e-06 
0.118434 0.00583735 0.0468481 0.00110724 0.123422 0.0682523 0.0381017 0.014268 0.0903959 0.167978 0.132151 0.00117719 0.190574 0.00145248 
0.0680615 0.0223517 0.0143349 0.00127513 0.020776 8.31295e-05 0.00273893 0.0118171 0.175174 0.0685636 0.243858 3.58658e-05 0.370356 0.000573906 
0.0110991 0.0163605 0.0861837 3.59168e-05 0.0183507 1.73525e-05 0.00805053 0.00581114 0.0197366 0.023306 0.0659036 9.50147e-06 0.745134 1.82073e-06 
0.0407568 0.00335897 0.000228854 9.5225e-07 0.106843 0.000409019 0.001651 0.0547817 0.324119 0.0640456 0.0101972 2.59181e-05 0.393554 2.76931e-05 
0.0313006 0.000647817 4.28967e-05 1.81371e-06 0.00179774 0.00020705 8.11347e-06 0.00494468 0.0279379 0.346893 0.146813 1.02287e-06 0.439241 0.000163169 
0.00174977 0.00108659 5.46303e-08 0.000506692 0.000388805 0.000577378 0.000116541 0.000115654 0.0945786 0.000346805 0.00134424 5.81219e-08 0.89838 0.00080873 
0.0165448 0.0163704 0.0306088 1.61557e-06 0.0119408 2.63366e-05 0.016663 0.173143 0.215744 0.0286872 0.0234982 0.000158398 0.466076 0.000536824 
0.211564 0.0840922 0.00603303 0.00387546 0.0232069 2.17472e-08 0.0923385 0.0311626 0.0302124 0.0788173 0.0519204 2.83031e-06 0.386758 1.60035e-05 
0.00751615 4.40823e-06 0.000626011 0.00205511 0.000339966 0.000386789 0.000160617 0.000263167 0.254993 0.00706238 0.0244466 8.97431e-05 0.702027 2.92331e-05 
0.0584366 0.0128656 0.00742085 0.00119121 0.0327271 3.91927e-10 0.0666674 0.000996949 4.78428e-06 0.0234204 0.0508639 0.000368944 0.745029 7.12489e-06 
0.0556132 0.0284085 0.0101346 0.0447989 0.0993417 2.37043e-05 0.00360086 0.263996 0.00849031 0.126502 0.0208292 5.70753e-05 0.336483 0.00172118 
0.0866851 0.00178866 0.00616908 0.00950667 0.0102012 0.000602478 0.00530804 0.0544281 0.00162653 0.00878777 0.350144 6.50385e-05 0.464408 0.00027867 
0.0082981 3.36022e-05 5.30587e-08 6.37444e-11 0.00103662 6.80985e-11 4.16815e-06 0.00218762 0.00580762 6.35566e-08 0.00662534 1.09797e-05 0.975996 5.1358e-11 
0.0274072 0.000624068 0.000102811 3.8922e-05 0.0230484 0.00565099 0.00171657 0.249675 0.00502906 0.0279996 0.00699068 6.28537e-05 0.651651 2.77122e-06 
0.0649362 0.0130218 0.00605897 0.000835335 0.00893769 0.000626522 0.0281084 0.212356 0.0300918 0.0543046 0.0381519 0.00415954 0.537615 0.000796084 
0.0309123 0.00104649 0.00052381 7.09234e-09 0.0273663 3.06653e-07 0.00979556 0.00198717 0.0275113 0.0226068 0.0125134 0.000125612 0.865603 8.20183e-06 
0.0932297 0.00649422 0.0187975 0.000965905 0.0378264 0.201015 0.0111627 0.0179372 0.0554683 0.149642 0.0209259 0.0315907 0.347256 0.00768859 
0.0877473 0.0103409 0.00036679 0.00644881 0.127962 0.0329393 0.017181 0.0292103 0.128518 0.124537 0.00326105 0.016113 0.250804 0.16457 
1.53588e-05 1.53568e-05 1.53552e-05 1.53467e-05 0.0399449 1.53458e-05 1.53535e-05 1.53569e-05 0.405433 0.0675947 0.0368675 1.53549e-05 0.450022 1.53493e-05 
0.0388142 0.00120318 0.000775719 2.10693e-06 0.00055214 0.000363066 0.000497086 0.000698582 0.00527763 0.000893913 0.00772033 3.62842e-08 0.943202 1.38569e-07 
0.213422 0.0155114 2.36649e-07 1.72391e-08 7.40467e-08 0.00246836 0.0873932 0.00936755 0.0130215 0.0637128 0.030485 3.86193e-06 0.564614 3.9561e-09 
0.0502925 7.55029e-07 0.0129104 0.00633883 0.00853299 7.54488e-07 0.043632 7.55036e-07 0.00475743 0.0217487 0.282273 7.54935e-07 0.56951 7.54659e-07 
0.025407 0.00306967 0.00201211 4.16911e-08 0.000644547 0.21475 0.00123262 0.00289346 0.000588644 0.0145408 0.244909 3.51444e-05 0.489895 2.20878e-05 
0.011244 0.0016216 0.00119714 0.00154535 0.0314138 3.17491e-05 0.00277644 0.117575 0.0191205 0.172912 0.0217535 0.00184521 0.616964 5.19098e-09 
0.200313 0.01788 0.00299859 0.000532306 0.010269 0.000302958 0.0183222 0.0508196 0.0247894 0.198891 0.00793336 2.15001e-06 0.466947 1.21717e-07 
0.0808075 0.0253938 0.000859721 0.00238424 0.0173545 0.000246903 0.0453596 0.0994293 0.0497104 0.0272198 0.0373863 9.33693e-05 0.613614 0.000141023 
0.01257 0.000980656 0.00617594 3.00026e-06 0.0137076 1.1264e-06 6.81858e-05 0.194537 0.109392 0.0436826 0.00475387 3.08035e-06 0.614125 1.15242e-07 
0.0155899 0.000378053 2.13417e-06 6.18407e-05 0.00353995 0.00879644 0.00698207 0.0297546 0.0235816 0.0443507 0.0476258 0.00011342 0.818837 0.000386059 
0.0991331 0.00353884 0.000810326 0.21651 0.00604589 8.42871e-08 0.000551064 2.79833e-05 0.0230874 0.044985 0.00267222 0.000205703 0.602432 6.3567e-08 
0.0584289 0.00168922 9.83644e-05 0.000126364 0.00986291 0.168517 0.0182355 0.0443976 0.0062397 0.00846539 0.0125942 7.37664e-05 0.671144 0.000127351 
0.0979797 0.0500769 0.188477 6.00938e-07 0.0450093 0.00140722 1.77276e-06 3.06987e-07 0.000463729 4.40727e-07 0.0133113 8.08592e-05 0.60319 2.33886e-11 
0.162589 0.0148477 0.00418246 0.00152492 0.0664376 0.0133303 0.0200102 0.0111469 0.117163 0.282047 0.0122098 0.00228572 0.292033 0.000191674 
0.0300354 0.0823621 0.00333837 2.97154e-06 0.165264 0.000199235 0.0586127 0.0284298 0.100594 0.135687 0.0156932 0.000118772 0.379661 1.28395e-06 
0.0109132 0.00105797 0.00636783 1.60557e-06 0.00206323 0.0115439 0.00389166 0.0145865 0.236913 0.0290772 0.200811 1.8507e-05 0.482751 3.41565e-06 
0.110637 0.00395215 0.00211773 0.00343095 0.0573994 0.00818088 0.0125634 0.0664685 0.0135673 0.0257822 0.0611776 0.0369334 0.597763 2.67282e-05 
0.11646 0.01455 0.00963463 0.000706557 0.0196761 0.00136855 0.00591994 0.0144141 0.00976069 0.0408346 0.276189 2.14976e-05 0.490385 7.96053e-05 
0.0305432 0.000169935 0.00122852 0.000580948 0.0118411 0.00202876 8.74622e-05 0.0543874 0.123303 0.0620364 0.119354 2.44748e-05 0.594412 3.2387e-06 
0.0249367 0.000389901 0.000417975 3.61287e-10 0.00131231 1.07653e-05 0.00903133 0.000782984 0.00712392 0.0116463 0.0129265 4.92815e-05 0.931348 2.37698e-05 
0.122971 0.0163554 0.0185667 0.00414574 0.0318674 6.08045e-05 0.0335823 0.0111224 0.149021 0.0538198 0.0439078 0.00903595 0.490614 0.0149302 
0.0878971 0.00653451 0.00357302 0.00703948 0.0157074 0.0793342 0.0105891 0.0592628 0.0133684 0.0272274 0.0558721 0.000259557 0.619655 0.0136801 
0.0649329 0.0312689 0.0136725 3.83175e-07 0.0554568 0.000331713 0.0085145 0.0518731 0.0183963 0.00571588 0.188544 0.000779712 0.44059 0.119923 
0.00787589 0.00999724 0.000276027 3.83651e-08 0.00834616 0.000162879 0.000535983 0.0114955 0.0571073 0.0575346 0.025091 2.16583e-06 0.821575 1.24975e-07 
0.204189 0.038438 0.00601048 0.00281109 0.0239615 0.000306631 0.0556718 0.000437747 0.0585307 0.108019 0.0137437 0.000124865 0.48769 6.63553e-05 
0.109292 0.00151815 6.84421e-06 0.000517242 0.0721627 0.00497587 0.0400009 0.0206594 0.0101694 0.342702 0.0431339 0.000462896 0.354365 3.38936e-05 
0.19716 0.00125453 0.000151774 0.00133745 0.161888 0.000457305 0.000830927 0.24402 0.00422156 0.00961694 0.0143048 0.000317971 0.364382 5.73157e-05 
0.141812 0.00344297 0.00462218 2.50281e-05 0.00903641 0.258551 0.00693222 0.0213417 0.0586439 0.0821498 0.0122709 0.000107511 0.400385 0.000679019 
0.0645563 0.0502764 0.000215662 8.7427e-08 5.46066e-06 0.093225 0.0498486 0.000442512 0.154628 0.161951 0.00206596 1.55561e-06 0.422059 0.000725013 
0.223358 0.0295899 0.00157987 0.00608918 0.241011 4.48966e-05 0.0532395 0.000287303 0.131426 0.0605931 0.00367353 0.00165262 0.247455 2.3163e-08 
0.0722881 0.00184113 0.0278746 8.42919e-05 0.010837 0.320373 0.00181224 0.0316768 0.0240044 0.0435213 0.0333622 5.44891e-05 0.430774 0.00149629 
0.15932 0.00515528 0.0067308 1.19441e-05 0.186844 0.015556 0.00590586 0.0627266 0.0417045 0.0244407 0.0820087 0.00119594 0.375528 0.032872 
0.128859 0.0136926 0.00400838 1.63994e-07 0.00303282 1.47842e-06 0.00436804 9.1296e-05 0.0141916 0.0553475 0.0160109 9.76399e-08 0.760393 3.3603e-06 
0.00050941 0.00217112 3.12685e-08 1.60834e-09 0.00225953 0.00553765 0.0547638 0.0019388 0.00246984 0.00031845 0.00990036 9.49668e-12 0.920131 1.9754e-11 
0.0326459 0.00423989 0.000757537 3.54264e-06 0.00688926 0.0118452 0.0155548 0.00430573 0.0149148 0.00730129 0.00455291 0.0454953 0.851447 4.74525e-05 
0.0357377 0.000651382 3.43613e-08 2.52096e-05 0.00166316 0.00608086 6.67752e-05 0.00262314 0.00301966 0.018021 0.00390583 2.74696e-05 0.928177 1.18971e-06 
0.0249367 0.000389901 0.000417975 3.61287e-10 0.00131231 1.07653e-05 0.00903133 0.000782984 0.00712392 0.0116463 0.0129265 4.92815e-05 0.931348 2.37698e-05 
0.0376198 0.000857721 0.000240887 9.63993e-06 0.00128215 2.46633e-06 0.00687841 0.0822316 0.020121 0.0508931 0.178862 8.56196e-06 0.619723 0.00126992 
0.00143373 8.70389e-05 0.00220619 0.000171763 0.00531242 0.00018992 0.000141721 0.411596 0.104863 0.0135492 0.00952389 5.14083e-05 0.450825 4.84051e-05 
0.0247725 0.01373 9.46245e-08 1.81424e-05 0.0524622 0.00268152 0.000445212 0.0438677 0.0488294 0.0225559 0.0360644 0.00644533 0.748097 3.06566e-05 
0.0562213 0.0266393 0.0129927 0.00271796 0.0189793 0.000467096 0.0184857 0.161114 0.0478765 0.0956517 0.0284107 8.3154e-05 0.530075 0.000285042 
0.00558864 4.06235e-06 1.0291e-12 4.10161e-05 0.000398001 0.00145147 2.35437e-05 0.165921 0.0158982 0.0115329 0.0146295 6.37297e-07 0.784511 1.73647e-09 
0.001446 0.00116676 6.60034e-08 3.93276e-06 0.00113891 0.00509992 2.10365e-05 0.00147446 0.00212429 1.26297e-07 0.0322604 5.45951e-05 0.95521 1.6894e-08 
0.126754 0.00521491 0.000986954 0.000525056 0.0933011 0.0267698 0.0361403 0.0136723 0.002777 0.0580204 0.0580271 0.00163662 0.576174 6.964e-07 
0.0582235 0.010654 0.00446219 4.56323e-05 0.00872165 0.00389491 0.0103067 0.307082 0.0123726 0.137942 0.0194836 0.00322098 0.42317 0.000420656 
0.0130411 1.67804e-08 3.72031e-13 1.09343e-07 0.000737102 0.0100603 9.2583e-05 0.10061 0.0209137 5.45167e-07 0.0115271 9.14359e-09 0.843018 6.17574e-09 
0.173709 0.00708551 0.00863757 1.13272e-08 0.00535626 0.0100313 0.0506844 0.038865 0.103666 0.210939 0.0612304 7.39635e-05 0.329703 1.99461e-05 
0.0200671 0.00144568 0.00113478 2.32015e-05 0.0148853 0.000105491 0.001089 0.0305289 0.0188992 0.0549163 0.111814 3.37078e-06 0.744962 0.000125702 
0.0429584 0.00626964 0.0199843 0.00120679 0.0794663 0.00205125 0.0102141 0.0312354 0.036981 0.0601668 0.110319 0.0266755 0.572462 1.01374e-05 
0.0547326 0.0416517 0.0255345 0.00661906 0.186116 0.00538506 0.0205885 0.0905227 0.0739933 0.178713 0.111274 1.37907e-07 0.204865 3.41808e-06 
0.00261369 2.13986e-05 6.13843e-05 1.11513e-05 0.00397631 3.91926e-05 2.31396e-08 0.388278 0.0286041 0.000675267 0.00500658 0.000456796 0.552186 0.0180709 
0.0192741 8.93107e-06 1.77948e-05 4.22133e-06 3.01809e-06 2.10722e-10 2.32738e-06 0.0894224 0.051385 3.97789e-05 2.59913e-05 7.64008e-11 0.839715 0.000101011 
0.151737 0.00873854 0.00669851 0.00024644 0.0867021 0.00786968 0.0147139 0.0100507 0.0119345 0.0562206 0.0871055 0.0139163 0.543306 0.000760165 
0.0498837 0.0144959 0.0387216 0.00116631 0.0195018 8.18918e-05 0.0276062 0.0011507 0.0841253 0.197538 0.072515 0.0206927 0.472474 4.75118e-05 
0.0371483 0.00385065 4.89358e-05 0.0109198 0.0488525 7.66971e-05 0.000706329 0.023706 0.00631877 0.0029776 0.00104178 1.72456e-05 0.864261 7.4449e-05 
0.191642 0.0554342 0.0211699 0.00248207 0.0195708 0.00253706 0.0922327 0.0129823 0.0385056 0.159107 0.0206739 1.49238e-05 0.375439 0.00820885 
4.31332e-10 1.16154e-09 0.166021 0.0046864 2.51725e-07 5.1386e-09 2.37457e-09 0.371082 0.0060062 3.73535e-10 0.00622801 3.10297e-06 0.445973 1.0889e-07 
0.219424 0.0427434 0.00264756 0.00243874 0.0534286 0.00047556 0.0127032 0.00442676 0.094711 0.130149 0.0274716 0.00204539 0.407151 0.000183787 
0.212392 0.0514113 0.0193533 3.42026e-05 0.115738 0.00278837 0.00168265 0.0234107 0.097964 0.195814 0.0371016 2.37036e-05 0.242229 5.69284e-05 
0.0357377 0.000651382 3.43613e-08 2.52096e-05 0.00166316 0.00608086 6.67752e-05 0.00262314 0.00301966 0.018021 0.00390583 2.74696e-05 0.928177 1.18971e-06 
0.0146967 1.58375e-05 2.12709e-08 7.81001e-05 0.0064013 0.000511123 7.28469e-06 0.323003 0.000405206 0.0102239 0.00343591 5.50745e-05 0.641165 1.06355e-06 
0.246542 0.113644 0.00178573 0.000533219 0.000651185 4.22048e-05 0.0152085 9.48662e-05 0.0571139 0.112118 0.00653922 4.63176e-06 0.445718 4.89174e-06 
0.0249367 0.000389901 0.000417975 3.61287e-10 0.00131231 1.07653e-05 0.00903133 0.000782984 0.00712392 0.0116463 0.0129265 4.92815e-05 0.931348 2.37698e-05 
0.0452272 0.0367161 0.0168539 0.00767331 0.0485503 0.274814 0.00421442 0.0258449 0.0886427 0.0672951 0.0457435 0.00328946 0.335077 5.76452e-05 
0.0429786 0.00379623 0.0405195 0.0151761 0.0111256 0.00124316 0.0050009 0.116369 0.0441774 0.0542579 0.0124949 1.64388e-05 0.652706 0.000137372 
0.0405004 0.00176813 0.0114173 0.0234642 0.0106058 0.000239878 0.00578733 0.108043 0.188868 0.107335 0.0141294 3.08466e-05 0.48761 0.000199712 
0.00815893 0.000695618 2.52302e-07 0.000284717 0.00195997 1.723e-08 0.00168203 0.000685862 0.113036 0.00218617 0.157691 4.64607e-06 0.713614 6.30937e-08 
0.152505 0.0367335 0.014744 0.000120493 0.0618885 0.00141579 0.0351395 0.00965581 0.0663646 0.158728 0.104503 0.000194811 0.357928 7.85176e-05 
0.0659917 0.0521682 0.00135458 0.000872322 0.00252627 0.00579548 0.00756405 0.0568092 0.269933 0.046836 0.00911063 0.000832776 0.442236 0.0379699 
0.0806837 0.000312037 0.000348072 0.000116946 0.0695206 0.00145016 0.00462813 0.000801478 0.113686 0.104053 0.172754 0.101834 0.34977 4.18123e-05 
0.200313 0.01788 0.00299859 0.000532306 0.010269 0.000302958 0.0183222 0.0508196 0.0247894 0.198891 0.00793336 2.15001e-06 0.466947 1.21717e-07 
0.112476 0.000191168 0.000495349 0.100598 0.00377506 0.0119591 0.000206796 0.00880641 0.0168403 0.0174121 0.0671013 9.90893e-10 0.660138 2.06115e-09 
0.0726833 0.000295175 2.03277e-07 0.000103731 0.0522633 0.0547539 0.00157502 0.000821954 0.0123945 0.0551468 0.124382 0.000286508 0.624679 0.000615049 
0.0508963 1.537e-05 0.00133111 6.43358e-06 0.00656241 0.0627488 0.0016766 0.0221661 0.0182755 0.0242051 0.067365 1.09013e-06 0.744745 5.46874e-06 
0.0850093 0.0150189 0.0102369 0.00305578 0.0339695 0.0121655 0.0124643 0.0287162 0.0454322 0.0644057 0.196589 0.0012658 0.490416 0.00125563 
0.151058 0.0399885 1.69719e-05 0.000128047 0.0315172 0.0172497 0.0267927 0.0218762 0.092514 0.242868 0.0343108 0.000235574 0.339282 0.002162 
0.001446 0.00116676 6.60034e-08 3.93276e-06 0.00113891 0.00509992 2.10365e-05 0.00147446 0.00212429 1.26297e-07 0.0322604 5.45951e-05 0.95521 1.6894e-08 
0.08989 0.00447855 0.00450656 0.0171741 0.00624321 0.00475112 0.00622751 0.0448417 0.0215387 0.0367619 0.0687334 1.63428e-05 0.69477 6.65916e-05 
0.248426 0.0401823 0.00321778 0.00129178 0.0849513 1.69929e-05 0.0323895 0.00939428 0.0212777 0.0990948 0.0496351 0.000173648 0.409505 0.000443797 
0.18762 0.0239614 0.0203432 0.00413027 0.0256315 3.97078e-07 0.048508 0.0229682 0.129183 0.15404 0.0216939 0.000834752 0.361086 3.97168e-07 
0.0989622 0.00413772 0.0253517 0.0476349 0.152879 0.000321931 0.0081875 0.145956 0.0845389 0.155646 0.0296705 0.00846351 0.163918 0.0743323 
0.0782456 0.0046617 0.0218244 0.00111064 0.0292603 0.00854289 0.000217895 0.00480715 0.280672 0.216661 0.0136899 0.000147236 0.339915 0.000244198 
0.178973 0.0602244 0.00138985 0.0279111 0.0271692 0.00406948 0.0575259 0.0119845 0.0313826 0.126835 0.0798854 0.000741666 0.391868 4.0053e-05 
0.120195 0.047385 0.00716135 0.00564618 0.0346545 0.00167534 0.012412 0.14579 0.0485374 0.111736 0.0865384 0.00163954 0.376404 0.00022499 
0.0582356 0.161257 0.00141487 0.00271318 0.00760905 1.69052e-07 0.0338133 0.0274152 0.0975569 0.240697 0.00197153 1.09371e-06 0.36729 2.47847e-05 
0.137595 0.101286 0.00125655 0.000147184 0.00953891 0.0391636 0.00678363 0.0247955 0.0594308 0.0755206 0.011798 1.34481e-05 0.53226 0.000411417 
0.127915 0.0841112 0.0613718 3.47522e-05 0.0948783 0.00279474 0.00168275 0.0234198 0.0979665 0.226424 0.0371035 3.73552e-06 0.242237 5.71983e-05 
0.306279 0.00343617 0.00363318 4.05554e-06 0.000309542 8.05086e-07 0.00526556 0.000711657 0.124769 0.0826601 0.012926 2.37608e-06 0.460002 1.29772e-06 
0.0463263 0.0120218 0.00530222 0.00444116 0.0179577 0.000742877 0.00849715 0.0208756 0.0290584 0.0336364 0.117091 6.883e-05 0.703826 0.00015437 
0.001446 0.00116676 6.60034e-08 3.93276e-06 0.00113891 0.00509992 2.10365e-05 0.00147446 0.00212429 1.26297e-07 0.0322604 5.45951e-05 0.95521 1.6894e-08 
0.0503025 0.00550719 0.00611439 0.00375134 0.0301294 0.000431359 0.012906 0.033189 0.050214 0.0385956 0.126086 0.00113161 0.640666 0.00097508 
0.0938294 0.00996301 0.000243822 0.00070592 0.0479667 0.000180539 0.00221214 0.187066 0.0771092 0.0657725 0.00457979 0.000208451 0.510094 6.85493e-05 
0.209887 0.00708423 0.000709328 0.000132418 0.0443178 0.00141603 0.0365703 0.0372092 0.143899 0.0561168 0.0170933 0.000138392 0.442328 0.00309918 
0.154324 0.00821316 0.0108559 9.75236e-05 0.155199 0.000712653 0.00411806 0.0614627 0.00725109 0.212377 0.00313323 0.000214354 0.382041 7.88268e-07 
0.0363834 0.000474469 0.00241133 2.47723e-05 0.000753351 0.208996 0.00260329 0.0894698 0.00144235 0.0112263 0.0407058 1.0563e-06 0.605503 4.77279e-06 
0.0594815 6.71966e-05 0.00141452 0.000676465 0.0128882 0.0140563 1.60435e-05 0.0300195 0.395488 0.0307975 0.0294032 6.81875e-06 0.425658 2.63741e-05 
0.0603659 0.00935173 0.00722422 4.65348e-05 0.0178346 0.224165 0.00164135 0.0271623 0.0526261 0.0709427 0.102121 0.000948098 0.425555 1.56199e-05 
0.0357377 0.000651382 3.43613e-08 2.52096e-05 0.00166316 0.00608086 6.67752e-05 0.00262314 0.00301966 0.018021 0.00390583 2.74696e-05 0.928177 1.18971e-06 
0.259331 0.0382319 0.00512569 6.0262e-07 0.0156195 6.02584e-07 0.0122392 0.0235183 0.0463122 0.108016 0.140186 6.0294e-07 0.34961 0.00180877 
0.0357377 0.000651382 3.43613e-08 2.52096e-05 0.00166316 0.00608086 6.67752e-05 0.00262314 0.00301966 0.018021 0.00390583 2.74696e-05 0.928177 1.18971e-06 
0.101505 2.16857e-08 0.0132569 6.49119e-08 0.062958 0.0577914 0.000220334 0.00200536 0.105939 0.124601 0.0931192 6.97781e-06 0.438597 6.23351e-08 
0.0366996 0.00108943 5.66551e-06 1.65294e-05 0.00116393 0.00398105 0.000227433 0.00171707 0.00328312 0.0171607 0.0032191 1.84705e-05 0.931417 7.83174e-07 
0.0453829 0.0349701 2.66663e-07 0.000246665 0.00811772 4.5726e-06 0.000951341 0.120741 0.0291577 0.00610213 0.0679441 6.11565e-07 0.667599 0.0187817 
0.0706459 0.000697287 1.70061e-06 1.22782e-05 0.131693 0.0019223 0.000874156 0.0233239 0.0460923 0.107798 0.0302394 3.5758e-05 0.586664 3.52841e-11 
0.0142895 0.000291192 5.87298e-05 2.84846e-11 0.0190318 1.27086e-06 0.00247781 0.00394552 0.251342 0.0513144 0.00679377 2.90097e-08 0.650215 0.000239207 
0.0297815 0.000545278 2.32838e-07 3.85665e-05 0.0187391 0.00652468 5.03506e-05 0.0983727 0.0853928 0.0187007 0.0139506 0.000209768 0.72769 4.00679e-06 
0.0623814 0.0249362 0.00312721 0.000808054 0.0464645 9.53634e-05 0.00270531 0.0185323 0.0259559 0.0433409 0.0135915 0.0046604 0.752262 0.00113846 
0.142285 0.011654 0.0200095 7.42218e-09 1.28676e-06 1.06039e-05 0.0548448 8.50914e-06 0.261302 0.0560512 0.025985 3.81592e-07 0.427844 3.44172e-06 
0.223074 0.000410399 4.5427e-06 0.000426343 0.0022652 4.10171e-05 0.0649843 0.001926 0.301137 0.000713292 0.00755832 0.0141938 0.361942 0.0213243 
0.030552 0.00380261 0.00157473 0.0145974 0.006202 0.00669035 0.00579283 0.0469168 0.0327516 0.0242065 0.0211341 6.7008e-06 0.799756 0.00601656 
0.296311 0.000222833 1.16248e-06 2.19654e-06 7.25109e-06 0.000566727 0.000382796 0.0773167 0.00539725 0.202798 0.0681381 6.90388e-07 0.348855 7.29412e-08 
0.177892 0.0123458 0.0147914 5.84932e-05 0.00978945 0.000214003 0.00527651 0.0471943 0.0359627 0.0354299 0.158414 8.51701e-06 0.502605 1.73736e-05 
0.00917163 1.61325e-05 8.58821e-08 3.79982e-05 0.0540759 0.0065443 4.46887e-05 0.123842 0.00548663 0.00762594 0.0302011 0.0046538 0.758297 3.00594e-06 
0.0979797 0.0500769 0.188477 6.00938e-07 0.0450093 0.00140722 1.77276e-06 3.06987e-07 0.000463729 4.40727e-07 0.0133113 8.08592e-05 0.60319 2.33886e-11 
0.0663834 0.00793894 0.000260539 0.0144462 0.0294783 0.00169651 0.00515459 0.0313636 0.00533808 0.0187105 0.00630453 0.000634742 0.812236 5.38655e-05 
0.126617 0.00344635 0.000668483 0.000108438 0.000169758 0.000413731 0.00179869 0.287732 0.00579147 0.0320031 0.00956968 2.73724e-05 0.531653 7.30639e-07 
0.00493857 9.76027e-05 0.0161201 0.000172262 0.0100427 0.0227453 0.0158734 0.0741902 0.212874 0.000389722 0.0767088 0.00018343 0.565657 5.92381e-06 
0.0506081 0.00643084 2.12558e-05 0.0382355 0.0523353 0.00961058 0.0817293 0.00685778 0.127657 0.0525437 0.21544 0.00505115 0.352643 0.000836674 
0.200982 0.0500043 0.000824074 7.0158e-05 0.00803091 1.76004e-06 0.00367262 0.0377754 0.0148021 0.0166594 0.256871 9.15824e-07 0.381002 0.0293035 
0.212439 0.0114851 0.0243789 0.000399476 0.0492617 0.000148966 0.0129542 0.154891 0.0286227 0.172539 0.0672209 0.000475565 0.214989 0.0501953 
0.0462064 0.0158525 0.00631441 0.000175926 0.0225312 0.000857381 0.0254105 0.00232107 0.239722 0.257907 0.0212435 1.26601e-05 0.361195 0.000250144 
0.0253025 0.00546242 0.000126192 0.00746722 0.00992714 0.0231112 0.0143267 0.220874 0.00327618 0.00677375 0.0119482 1.33165e-05 0.671375 1.62169e-05 
0.00431591 6.1639e-07 6.16325e-07 0.00227977 6.16421e-07 0.00579055 6.16257e-07 0.047463 0.0379702 6.16476e-07 0.0763626 6.16313e-07 0.825814 6.16089e-07 
0.0193733 9.93564e-08 1.99876e-10 6.47107e-07 0.000410473 0.00886123 3.04242e-07 0.0243467 0.36893 0.0128827 0.0667005 0.000416466 0.496213 0.00186462 
0.115334 0.0340565 0.0216185 0.000328481 0.0327853 0.00139967 0.0401903 0.0128951 0.200155 0.235367 0.00609556 3.36639e-05 0.296636 0.00310507 
0.094225 0.00230944 8.08345e-05 6.56204e-05 0.00530868 0.00523121 0.0134478 0.051253 0.0140105 0.0353593 0.0031837 1.09246e-05 0.775479 3.489e-05 
0.00857086 4.48263e-07 0.00629247 6.91379e-10 0.0030692 0.0236833 0.00614227 0.00141432 0.327839 0.0100323 0.00141427 3.27503e-07 0.610745 0.000796322 
0.0146967 1.58375e-05 2.12709e-08 7.81001e-05 0.0064013 0.000511123 7.28469e-06 0.323003 0.000405206 0.0102239 0.00343591 5.50745e-05 0.641165 1.06355e-06 
0.00161606 0.000200584 0.00094545 1.69825e-06 0.000119549 0.00349021 0.000824378 0.0403588 0.000483345 0.00279472 0.00553776 1.65486e-08 0.943625 2.35947e-06 
0.0888312 0.0138505 0.065408 0.00031566 0.0205753 0.0210075 0.0202166 0.00423895 0.0423084 0.0519977 0.0502283 1.96901e-05 0.621001 1.18091e-06 
0.001446 0.00116676 6.60034e-08 3.93276e-06 0.00113891 0.00509992 2.10365e-05 0.00147446 0.00212429 1.26297e-07 0.0322604 5.45951e-05 0.95521 1.6894e-08 
0.13478 0.00325131 0.00992332 0.0118532 0.155527 2.31292e-05 0.143338 0.00223373 0.123251 0.1506 0.0116194 0.0120064 0.241589 5.84659e-06 
0.0519948 0.127195 1.41167e-05 8.15325e-08 0.160242 0.0208506 0.0154802 0.0028728 0.160354 0.0384625 0.00551626 8.49033e-07 0.274932 0.142085 
0.126617 0.00344635 0.000668483 0.000108438 0.000169758 0.000413731 0.00179869 0.287732 0.00579147 0.0320031 0.00956968 2.73724e-05 0.531653 7.30639e-07 
0.131731 0.0175335 0.000888812 7.9649e-05 0.00892515 0.000493363 0.0876475 0.117092 0.0134469 0.134592 0.0125447 3.29518e-06 0.471485 0.00353812 
0.115509 0.0190034 0.000747751 0.000653047 0.0311736 0.00742116 0.00239021 0.373169 0.00519318 0.0353905 0.0169616 5.3718e-05 0.392313 2.06326e-05 
0.111709 0.0438137 0.0161353 0.00298925 0.240591 0.000346146 0.00309306 0.0957652 0.0227313 0.082746 0.0123705 0.00869118 0.358986 3.2851e-05 
0.155833 0.0023843 0.00134854 0.000175745 0.00624062 0.00325968 0.00747422 0.0189995 0.00407481 0.0632026 0.0344806 2.79771e-05 0.702498 5.19335e-07 
0.09478 0.00546914 0.00176688 0.000943905 0.00372069 0.00275941 0.000113935 0.0604153 0.171175 0.2952 0.0469419 6.52889e-09 0.316714 1.65268e-11 
0.0163008 0.000423456 2.70048e-06 5.96987e-07 0.0079915 0.000928428 0.000505247 0.285668 0.0146604 0.0196632 0.0389944 0.000152 0.612755 0.0019549 
0.0389563 0.00335935 0.00143125 0.00185976 0.00728008 0.000385044 0.0190575 0.017804 0.00368723 0.0118583 0.0564582 0.000672913 0.837091 9.91485e-05 
0.295554 0.0167366 0.000461802 0.000569102 0.015146 1.59788e-08 0.0269163 0.0904116 0.00222832 0.0660397 0.136575 1.04788e-05 0.349087 0.000264131 
0.0357377 0.000651382 3.43613e-08 2.52096e-05 0.00166316 0.00608086 6.67752e-05 0.00262314 0.00301966 0.018021 0.00390583 2.74696e-05 0.928177 1.18971e-06 
0.00432717 0.00079666 0.000343732 0.000158067 0.0310916 1.22882e-07 0.000587417 0.0490363 0.00842139 0.0934073 0.0386383 7.75566e-07 0.772966 0.000225242 
0.0266689 0.00024682 1.26871e-06 4.79772e-05 0.00379125 0.00494358 3.43244e-05 0.0702682 0.00186428 0.0157571 0.0177327 9.11647e-05 0.858551 1.06192e-06 
0.12297 0.0166264 0.000773935 8.35602e-05 0.0236743 0.000220702 0.00476069 0.0251939 0.187025 0.221695 0.0545555 0.013975 0.327277 0.00116896 
0.0201253 0.00185229 4.02228e-08 0.192755 0.00571973 0.0106778 0.00085355 0.0303845 0.107003 0.0178236 0.00437747 6.27747e-05 0.606921 0.00144457 
0.0874927 0.00782838 0.0362842 0.000250515 0.0292706 0.0180919 0.0112163 0.00687887 0.070983 0.0288425 0.0412804 0.000155352 0.661424 1.51956e-06 
0.0319241 0.000905609 0.000840733 0.00013248 0.024646 0.000721529 0.000574048 0.0421777 0.0657629 0.0203011 0.0297604 0.000522522 0.781692 3.84396e-05 
0.0851668 0.00762257 0.0106451 0.101683 0.0635894 0.00358279 0.0218677 0.0378032 0.0137351 0.0651712 0.0496448 0.000163514 0.539006 0.0003189 
0.0210884 0.0353816 8.83892e-06 8.40737e-05 0.000121897 0.000802196 0.000292647 0.244035 0.0235738 0.00765348 0.00639323 1.10078e-05 0.66055 3.85602e-06 
0.0237962 0.00186512 6.02717e-06 2.60836e-05 0.000777392 7.66755e-06 0.00133475 0.0787141 7.03098e-05 0.000541464 0.0800403 1.56433e-06 0.812817 1.73463e-06 
0.323548 0.00864452 0.00329102 0.000192572 0.0142157 1.13148e-05 0.0117442 0.0186975 0.0175006 0.0641666 0.022 8.83247e-05 0.515808 9.16034e-05 
0.231958 0.0046311 0.000172043 0.00145885 0.0141087 0.000231341 0.0378732 0.00671085 0.170333 0.0124616 0.0119718 0.0108896 0.487611 0.00958873 
