0.000874789 1.69311e-06 2.99089e-06 5.28479e-07 9.81325e-08 1.24372e-05 8.209e-05 0.000590272 1.25408e-06 4.10402e-08 0.00623365 3.14618e-06 0.992197 4.25788e-07 
0.0662219 0.00899276 0.000611516 0.00147523 0.0294781 0.00420651 0.00732923 0.0179883 0.0020646 0.0235864 0.00107401 0.00148811 0.83547 1.36427e-05 
0.0146967 1.58375e-05 2.12709e-08 7.81001e-05 0.0064013 0.000511123 7.28469e-06 0.323003 0.000405206 0.0102239 0.00343591 5.50745e-05 0.641165 1.06355e-06 
6.29703e-06 0.164967 6.29552e-06 6.29206e-06 6.2965e-06 6.29168e-06 0.0226677 6.29625e-06 0.0604496 6.29707e-06 0.0277064 6.2954e-06 0.724153 6.29311e-06 
0.087768 0.00253695 0.000885886 2.74905e-07 0.015006 0.00689616 0.00526122 0.0164519 0.0667975 0.222305 0.0781393 3.72043e-05 0.497792 0.000121919 
0.059661 0.0024521 1.18747e-05 0.0348497 0.0656837 0.0511276 0.00300931 8.85194e-06 0.0427187 0.11715 0.0435791 1.62465e-05 0.579702 2.92835e-05 
0.0658478 0.0010946 0.0117602 2.91633e-05 0.00530795 0.016564 0.00184321 0.0341096 0.00432259 0.020337 0.00118137 6.87855e-06 0.83629 0.00130576 
0.118393 0.0147809 0.00462612 6.29973e-05 0.0404304 0.0472239 0.00522132 0.0704756 0.125107 0.143521 0.0318628 0.000904687 0.395256 0.00213477 
0.0191288 7.44512e-05 0.00383687 4.95555e-05 0.00383625 8.2461e-05 0.000784819 0.0747004 0.139941 0.0155593 0.340543 9.64865e-05 0.378027 0.0233396 
0.0365551 0.0377605 0.0162173 2.4188e-06 2.4205e-06 2.41865e-06 2.41986e-06 0.0367925 0.00629543 0.192209 0.0222674 2.42008e-06 0.651889 2.4192e-06 
0.0683486 0.0295979 0.00049258 0.0190957 0.0868755 0.0226139 0.00355756 0.0160597 0.267201 0.156243 0.0443516 0.000472722 0.284513 0.000577965 
0.00050941 0.00217112 3.12685e-08 1.60834e-09 0.00225953 0.00553765 0.0547638 0.0019388 0.00246984 0.00031845 0.00990036 9.49668e-12 0.920131 1.9754e-11 
0.0357377 0.000651382 3.43613e-08 2.52096e-05 0.00166316 0.00608086 6.67752e-05 0.00262314 0.00301966 0.018021 0.00390583 2.74696e-05 0.928177 1.18971e-06 
0.0833243 0.0136564 0.0376949 0.00156052 0.0331799 0.0587626 0.0112342 0.0850455 0.0487894 0.128287 0.0700925 0.00226079 0.421733 0.0043788 
0.258766 0.0546985 0.000171989 0.0131214 0.0618997 5.97281e-08 0.0583518 0.0157908 0.0136851 0.123321 0.0675836 7.59661e-08 0.332589 2.14201e-05 
0.234946 0.0130188 0.0892372 0.00196894 0.0158571 4.48181e-06 0.0204164 0.0290511 0.0702296 0.0969779 0.0755861 0.0249393 0.299099 0.0286686 
0.223074 0.000410399 4.5427e-06 0.000426343 0.0022652 4.10171e-05 0.0649843 0.001926 0.301137 0.000713292 0.00755832 0.0141938 0.361942 0.0213243 
5.52104e-05 5.52031e-05 0.248443 5.51669e-05 0.149111 5.51635e-05 5.51911e-05 5.52035e-05 5.5203e-05 0.0828715 5.51968e-05 5.51962e-05 0.519023 5.5176e-05 
0.0441064 5.02708e-07 1.37589e-10 3.77926e-10 0.00417854 0.000132724 0.000392518 0.00454212 0.168704 0.0138554 1.5412e-05 1.46382e-10 0.764072 6.16988e-07 
0.0609555 0.00305194 0.00325067 0.00616684 0.00241265 0.297834 0.00282838 0.0288992 0.00211419 0.0147614 0.0179918 0.000276787 0.559367 8.96166e-05 
0.0345408 0.00826761 0.00600187 4.19324e-05 0.0273824 0.0316787 0.00210131 0.0589387 0.0102432 0.0770502 0.0386576 0.000197187 0.698675 0.00622291 
0.111171 0.0136935 0.00423868 0.000633799 0.0155349 0.00257677 0.0158944 0.270229 0.0322932 0.115797 0.024256 0.000123129 0.393533 2.62461e-05 
0.0959169 0.0973078 0.00166475 0.00175896 0.12577 0.00781303 0.02865 0.0313759 0.113785 0.0708846 0.0100466 0.00616986 0.40287 0.00598654 
0.142712 0.00430122 0.00417826 0.00133602 0.0113121 0.00316167 0.0124337 0.0461876 0.0662518 0.00893549 0.0141593 0.000239414 0.684622 0.000169911 
0.000243577 1.82531e-07 0.000701302 7.07837e-10 0.0021086 7.56186e-10 0.0656107 0.00931116 0.104662 0.000113973 0.0305482 8.56437e-05 0.786607 7.77098e-06 
0.0441064 5.02708e-07 1.37589e-10 3.77926e-10 0.00417854 0.000132724 0.000392518 0.00454212 0.168704 0.0138554 1.5412e-05 1.46382e-10 0.764072 6.16988e-07 
0.0648549 0.0895411 0.00240092 1.83454e-06 0.000321062 2.5029e-06 0.00151568 0.142882 0.00704513 0.000543725 0.0103242 4.09341e-07 0.680566 2.76703e-07 
0.120291 0.0451749 0.0162389 1.66301e-06 0.0453332 0.00106547 0.0104767 0.0684686 0.151877 0.0496064 0.032916 2.36775e-08 0.45855 1.09367e-07 
0.203733 0.00819969 0.0028149 1.68708e-09 9.31965e-07 0.00208692 0.216492 9.87401e-06 0.0511773 0.116791 0.0292151 4.20399e-05 0.369417 1.99854e-05 
0.219032 0.000771535 0.122706 0.00979627 0.0240258 0.000352329 0.0357551 0.0643595 0.0826435 0.0455877 0.105044 0.000459156 0.289069 0.000398881 
0.127948 0.0221623 0.0111248 0.000208548 0.0934907 0.000123757 0.00935976 0.0498332 0.0987083 0.0555558 0.130048 0.000134772 0.401109 0.000193067 
0.0695997 0.0123737 0.00574487 4.98828e-06 0.00283154 0.00019498 0.000429862 0.0541486 0.0339936 0.0932973 0.286987 1.45911e-05 0.440369 9.60899e-06 
0.0686788 0.0122815 0.0159951 0.000389354 0.00608915 4.75596e-05 0.199904 0.00013868 0.0150662 0.0675689 0.0724317 0.00510931 0.535557 0.000743593 
0.142755 0.00549175 0.00627751 0.000942363 0.0908866 0.000771682 0.00146376 0.0869898 0.0750814 0.0819928 0.0141462 0.000690206 0.434743 0.0577673 
0.0281011 0.000459646 4.42895e-05 4.22307e-05 0.0242748 0.0785422 3.63948e-05 0.126805 0.272512 0.0923104 0.042868 0.0013203 0.332684 3.7742e-08 
0.0910059 0.0152088 1.69519e-07 1.42151e-07 0.0120835 8.63382e-06 0.00761581 0.0378977 0.18291 0.232676 0.0305662 3.42747e-05 0.389993 3.33129e-08 
0.0518005 0.0031569 0.00169266 0.00135979 0.00745452 0.0237536 0.00120234 0.0504031 0.0369561 0.0404418 0.299176 0.000343194 0.481126 0.00113371 
0.00112854 0.000388936 2.95249e-08 1.7592e-06 0.000379662 0.00170003 7.01598e-06 0.000491501 0.000877984 5.64951e-08 0.0217171 1.82034e-05 0.973289 7.55788e-09 
0.0432667 0.0163342 0.0296408 0.000106731 0.0538737 2.55827e-09 0.000895932 8.85578e-06 0.312669 0.17609 0.00513314 2.42798e-05 0.361951 6.47184e-06 
0.0143263 0.00742221 4.20207e-05 0.000180278 0.000420876 0.000423413 0.0110237 0.0135221 0.000268455 0.00102306 0.00690402 7.23151e-06 0.944144 0.000292457 
0.0146967 1.58375e-05 2.12709e-08 7.81001e-05 0.0064013 0.000511123 7.28469e-06 0.323003 0.000405206 0.0102239 0.00343591 5.50745e-05 0.641165 1.06355e-06 
0.105347 0.0608435 0.0192467 0.000196312 0.0135754 1.27096e-05 0.00308459 0.0586558 0.0352135 0.239149 0.0306265 6.84192e-06 0.4339 0.000143192 
0.0625838 0.0593236 1.04679e-05 1.784e-05 0.0337711 0.114463 0.00127638 0.0388236 0.179392 0.245579 0.00295761 0.000158656 0.261593 4.94193e-05 
0.176185 0.00356321 0.00188357 0.00227842 0.0159095 0.0001275 0.0139391 0.179391 0.00547678 0.135421 0.0663266 2.37217e-07 0.399498 2.6832e-08 
0.0283594 0.00233311 0.00289248 0.000775167 0.0248647 0.00100641 0.00452942 0.0657348 0.0129417 0.00984431 0.0383224 6.10153e-05 0.806605 0.00173003 
0.0542866 0.00459119 0.00699669 0.000121207 0.194807 0.0226597 0.00186862 0.0791238 0.0630794 0.185007 0.0470096 0.13993 0.200341 0.000177709 
0.0754457 0.0119757 0.00155771 0.000192609 0.00740587 0.0962009 0.0207778 0.214074 0.00956206 0.0483365 0.0345855 1.54244e-05 0.479783 8.69246e-05 
0.0706036 0.00105442 5.87919e-06 2.0817e-07 0.00150892 0.000113507 0.00163005 0.0127279 0.0387481 0.0929393 0.231384 1.83903e-05 0.549252 1.40114e-05 
0.04738 0.00492983 0.00134231 0.209355 0.00712712 0.0020249 0.000813303 0.0238533 0.00627935 0.028191 0.268402 5.31923e-05 0.399122 0.00112632 
0.0691612 0.0112244 0.00562111 0.00162525 0.0176901 0.00220297 0.0115387 0.060019 0.0245931 0.082966 0.129771 0.00152642 0.580633 0.00142726 
0.0632356 0.00320871 0.00430652 0.00130186 0.0147337 0.0460788 0.00598269 0.205688 0.00980973 0.027156 0.0171014 0.00460392 0.596662 0.000130375 
0.0466729 0.0847875 0.0100874 3.09642e-05 0.00967729 0.182482 0.00139878 0.00149371 0.0854392 0.0908782 0.0539694 0.000121792 0.432956 4.26309e-06 
0.0427337 0.000541093 0.00131208 0.000290505 0.0154473 0.000365123 0.00036932 0.243888 0.00207048 0.0170695 0.00996879 0.000185767 0.665755 3.2429e-06 
0.121302 0.0511545 1.18163e-06 4.94724e-06 0.0267575 1.68161e-06 0.122212 0.0409388 0.00232357 0.0171223 0.00436303 0.000138464 0.613677 2.0245e-06 
0.0715216 0.00250806 0.00444451 0.0109556 0.0226345 0.0011835 0.00769644 0.0348465 0.0167407 0.0500927 0.226065 6.00947e-05 0.55098 0.000271071 
0.0322811 2.91714e-06 2.54269e-06 2.90253e-05 0.00732062 0.000113992 8.25567e-05 0.126776 0.00424791 0.00678674 0.014337 8.80355e-05 0.807932 1.51665e-07 
0.0839484 0.00130721 4.50435e-06 0.000360081 0.0530162 0.00353546 0.0280216 0.0404038 0.0134778 0.250599 0.0452213 0.000531946 0.479551 2.22581e-05 
0.0254979 0.0252567 0.00495624 1.8589e-06 7.07121e-06 0.000374828 0.000976071 0.0358873 0.0429598 0.0809612 0.0815941 0.00211489 0.681882 0.01753 
0.0648822 0.00907311 0.0031633 0.00028746 0.00443199 0.00677022 0.00131003 0.21702 0.0105669 0.0994319 0.0430023 0.0119703 0.52807 2.04822e-05 
0.0677004 0.0190524 0.000221302 0.000792119 0.0414295 4.00111e-05 0.0015091 0.0681217 0.124909 0.0100511 0.0122836 0.00161647 0.651875 0.000398546 
0.0468645 0.00209862 0.000253535 2.68529e-05 0.00589749 0.0278563 0.00422598 0.199578 0.0061196 0.016412 0.014848 0.00011784 0.67566 4.15949e-05 
0.0858798 0.00179133 0.00191594 0.153514 0.00124844 0.000115645 0.0057228 0.337475 0.00908242 0.0194673 0.00373233 9.72235e-07 0.379954 9.97101e-05 
0.103839 0.0098925 0.0865525 0.00873578 0.0556711 0.0106288 0.271103 0.00159092 0.0395725 0.0742793 0.0240128 0.000661675 0.313372 8.86694e-05 
0.336015 0.000318941 1.09112e-11 7.30976e-05 0.00964182 0.0196794 0.00130447 0.00181175 0.187232 0.0273199 0.0240975 0.00199481 0.389659 0.000852841 
0.0386474 0.0226473 0.0180775 0.0189364 0.0720214 0.0110073 0.00233382 0.0145432 0.0423677 0.0188443 0.116719 0.000127771 0.623185 0.000541765 
0.0350105 0.0176462 0.0184331 0.000533557 0.0247736 0.000594869 0.0288867 0.0124543 0.0793274 0.0186486 0.21624 0.000186743 0.546485 0.000778494 
0.0366996 0.00108943 5.66551e-06 1.65294e-05 0.00116393 0.00398105 0.000227433 0.00171707 0.00328312 0.0171607 0.0032191 1.84705e-05 0.931417 7.83174e-07 
0.021874 0.0103216 0.00293959 0.000639504 0.0219681 0.0630727 0.00178561 0.146415 0.0173469 0.0865636 0.00881635 0.000163339 0.617551 0.000542098 
0.0153222 0.000847976 0.00536287 1.87418e-06 0.0262826 2.31945e-07 0.00457253 0.0170924 0.016331 0.0547313 0.00370058 2.91513e-06 0.855592 0.000159244 
0.0449739 0.0181699 2.34583e-05 0.000583778 0.0140791 0.000415132 0.000167408 0.0104474 0.0814164 0.038439 0.018177 7.33802e-07 0.772508 0.000598293 
0.135115 0.005723 0.000615043 8.50766e-05 0.00982384 0.00483369 0.0160921 0.0507314 0.00421015 0.0110409 0.0152654 4.35429e-05 0.746419 1.7748e-06 
0.0640533 4.62676e-05 0.00285502 5.40583e-07 0.00453807 0.0127912 0.00234305 0.139034 0.0121235 0.0559113 0.102976 0.000252953 0.601344 0.00173005 
0.00132608 0.000504507 1.94436e-06 1.29131e-11 0.000146446 0.000121453 2.16653e-05 0.0902458 0.00100971 5.03214e-05 0.061704 0.000386832 0.841248 0.00323335 
0.10017 0.00476538 0.00473282 0.00707925 0.0216464 0.00080051 0.0153108 0.056395 0.0174105 0.0561689 0.120823 6.19376e-05 0.594593 4.23058e-05 
0.26118 0.0226668 0.00539489 8.8032e-07 0.00246963 0.000111984 0.00523827 0.000589566 0.222909 0.149841 0.0448634 0.000408306 0.283486 0.000840545 
0.0377216 0.0206912 0.00667511 0.00479489 0.0143155 8.37524e-06 0.00178808 0.329861 0.0099158 0.132247 0.0225395 0.0455238 0.373789 0.000129634 
0.0128012 0.000366613 0.00132631 0.0108309 0.00356522 0.000286667 0.00226765 0.00189006 0.000825 0.0071295 0.267129 7.54821e-06 0.691457 0.000117345 
0.225232 0.0176074 0.000332888 0.000109209 0.00309729 1.70808e-06 0.00177835 0.189919 0.00607637 0.0039198 0.014739 8.12293e-07 0.537187 1.60032e-08 
0.0924599 0.00463508 0.000132732 0.00821937 0.00485297 0.0307319 0.00426889 0.0830087 0.0114997 0.0625586 0.0164853 3.75403e-05 0.680978 0.000131794 
0.0742175 0.00794803 0.0144678 0.00278322 0.0151583 0.00513455 0.010007 0.140792 0.0150097 0.062976 0.101451 0.0011973 0.546161 0.0026968 
0.000269649 1.83842e-08 1.84866e-08 7.46024e-11 4.67271e-05 0.150293 8.17192e-09 7.90215e-05 3.85345e-08 1.02578e-07 0.0454093 2.88958e-11 0.803902 2.6147e-07 
0.0660058 0.0282772 2.45628e-05 0.000983428 0.0625161 0.0480954 0.0033312 0.244363 0.00496617 0.0905144 0.0489326 6.58935e-05 0.401924 4.54428e-07 
0.00050941 0.00217112 3.12685e-08 1.60834e-09 0.00225953 0.00553765 0.0547638 0.0019388 0.00246984 0.00031845 0.00990036 9.49668e-12 0.920131 1.9754e-11 
0.0209992 0.000728482 0.00329434 0.000376081 0.0586866 7.5847e-06 0.00122712 0.0115268 0.112607 0.0471473 0.042058 0.000217968 0.701111 1.26721e-05 
0.0935013 0.00673352 0.00193101 0.00093984 0.0723439 0.00148378 0.00122269 0.0820896 0.00715552 0.0236309 0.0148341 0.00537071 0.688741 2.22429e-05 
0.0725427 0.017337 0.00393676 0.00812745 0.0272723 0.00847467 0.0127801 0.0758163 0.0272105 0.0603752 0.0584008 0.000420184 0.625676 0.00162998 
0.0302525 0.00838559 0.00120936 0.00178376 0.0469497 0.000772658 0.0116857 0.0165966 0.00233579 0.00978419 0.0012907 0.00277439 0.866172 7.39337e-06 
0.0218501 0.026212 0.0024536 0.00265816 0.0246545 0.00188813 0.00580623 0.227158 0.0264685 0.0911046 0.0488034 0.000122473 0.519891 0.000929954 
0.253147 0.00275551 0.000218483 0.0828421 0.00364934 5.08742e-05 0.248983 0.0193922 0.0266209 0.0774661 0.0280638 5.36034e-05 0.256756 3.71575e-07 
0.00597998 0.000297699 0.000307353 1.73786e-08 0.00391296 0.00842172 0.00364308 0.0412535 0.000761399 0.00727914 0.00905437 5.11834e-06 0.903228 0.0158556 
0.144531 0.0162685 0.00413033 4.63453e-06 0.00137797 0.00502281 0.00924706 0.00162787 0.108303 0.267507 0.136402 4.76328e-05 0.305451 7.9633e-05 
0.0352984 0.0252727 0.00700125 0.00209179 0.046047 0.00544193 0.00721437 0.0311175 0.219913 0.0385442 0.0428039 0.000234479 0.5332 0.00581951 
0.121043 0.0100599 0.0133763 0.0242705 0.0133964 0.000423616 0.0156038 0.166674 0.0669276 0.109159 0.0557696 5.85353e-05 0.402352 0.000885606 
0.0865868 2.41236e-05 2.17824e-10 0.000148985 0.032094 0.000501405 0.00218008 0.0807331 5.99226e-05 0.00810772 0.0204845 0.000322121 0.767507 0.00125066 
0.0798151 0.0366097 0.00801593 0.00148954 0.0297256 0.000256758 0.0142782 0.13825 0.216526 0.0505821 0.0298633 0.00019553 0.394016 0.000376514 
0.0165033 0.000986306 0.0154631 0.00096836 0.0395342 0.00135262 0.0174818 0.000137243 0.0383658 0.00469288 0.127186 0.00040504 0.735341 0.0015819 
0.0161432 0.000124622 0.000230458 1.26457e-05 0.0464839 0.0774451 8.24598e-05 0.0112485 0.0438172 0.0080913 0.022585 6.24531e-05 0.771977 0.00169649 
0.0502925 7.55029e-07 0.0129104 0.00633883 0.00853299 7.54488e-07 0.043632 7.55036e-07 0.00475743 0.0217487 0.282273 7.54935e-07 0.56951 7.54659e-07 
0.12958 0.0902521 0.0126124 1.63686e-06 0.0941878 1.63677e-06 0.0397949 0.0101569 0.161993 0.0709343 0.15739 0.00327712 0.206242 0.0235765 
0.193481 0.00704828 0.123421 8.01777e-05 0.00985812 0.000758033 0.0146987 0.0200553 0.230385 0.0733758 0.0627887 1.83586e-05 0.264012 1.92273e-05 
0.0408512 0.0381194 3.01353e-07 1.06078e-06 0.00027518 2.19469e-07 0.0144502 0.00559929 0.00635961 0.0323931 0.000162194 1.9242e-08 0.861788 5.9305e-11 
0.000766206 0.000120947 4.79953e-11 0.0148134 2.44797e-11 1.40837e-10 1.07918e-07 0.00895808 0.00132726 0.00346085 0.0935674 1.77705e-06 0.876984 1.34487e-07 
0.144321 0.0273576 0.00206738 5.51095e-10 0.00914463 9.28336e-06 0.095269 0.000238012 0.0536183 0.0333019 0.0846743 1.61926e-07 0.549998 1.65784e-08 
0.0196752 0.00153781 0.000228399 6.19923e-05 0.00498542 0.00234752 0.00354567 0.0236406 0.0227299 0.0325823 0.0302354 6.2496e-05 0.857809 0.000557857 
0.001446 0.00116676 6.60034e-08 3.93276e-06 0.00113891 0.00509992 2.10365e-05 0.00147446 0.00212429 1.26297e-07 0.0322604 5.45951e-05 0.95521 1.6894e-08 
0.137999 0.00741735 0.042001 0.000337953 0.246207 0.0133712 0.0606255 0.000774346 0.000311523 0.0382099 0.128443 1.38059e-08 0.324284 1.84437e-05 
0.138227 0.0233712 0.0155998 8.86815e-05 0.0182328 4.18567e-05 0.00519891 0.000777644 0.0899451 0.0153206 0.0284284 0.000109571 0.664626 3.23633e-05 
0.0623429 0.00205296 0.000108359 0.00998422 0.0162859 0.0554763 0.00208918 0.0322309 0.0229844 0.0498219 0.174184 0.000374035 0.572039 2.59136e-05 
0.0500812 0.000717187 0.00327506 8.88806e-06 0.0213498 0.00196548 0.00403431 0.0930071 0.0308474 0.310263 0.0598588 3.57532e-05 0.424543 1.348e-05 
0.0130411 1.67804e-08 3.72031e-13 1.09343e-07 0.000737102 0.0100603 9.2583e-05 0.10061 0.0209137 5.45167e-07 0.0115271 9.14359e-09 0.843018 6.17574e-09 
0.0146967 1.58375e-05 2.12709e-08 7.81001e-05 0.0064013 0.000511123 7.28469e-06 0.323003 0.000405206 0.0102239 0.00343591 5.50745e-05 0.641165 1.06355e-06 
0.0393268 0.00172261 0.00137678 0.00180081 0.00541518 6.12129e-05 0.0254135 0.00156268 0.0173912 0.0485059 0.0117589 0.000113362 0.845481 6.97886e-05 
0.0468347 0.00447971 0.0185555 0.000453856 0.00690831 4.0602e-06 0.0132659 0.0483939 0.0702358 0.274837 0.0879829 0.00014505 0.427057 0.000846607 
0.11646 0.01455 0.00963463 0.000706557 0.0196761 0.00136855 0.00591994 0.0144141 0.00976069 0.0408346 0.276189 2.14976e-05 0.490385 7.96053e-05 
0.08109 0.0111852 0.00174402 2.67571e-07 0.0104416 0.000716491 0.0636214 0.00302009 0.0198681 0.00663375 0.186987 0.000245499 0.614304 0.000141939 
0.0357377 0.000651382 3.43613e-08 2.52096e-05 0.00166316 0.00608086 6.67752e-05 0.00262314 0.00301966 0.018021 0.00390583 2.74696e-05 0.928177 1.18971e-06 
0.0207246 0.00122924 1.76812e-06 5.33352e-09 0.0218788 1.63122e-05 0.0671171 0.0388896 0.0563402 0.103381 0.0193148 0.000530385 0.670576 1.90334e-10 
0.00147283 1.16523e-08 0.00261786 2.72875e-08 0.000905636 0.00225811 0.00612943 0.00389686 0.105543 0.00237466 0.42584 0.00015915 0.448167 0.000636288 
0.0752244 0.0172637 0.00308624 4.976e-05 0.00419451 0.00620611 0.000635664 0.253122 0.0213223 0.208396 0.0572902 0.0184832 0.334672 5.30061e-05 
0.00787589 0.00999724 0.000276027 3.83651e-08 0.00834616 0.000162879 0.000535983 0.0114955 0.0571073 0.0575346 0.025091 2.16583e-06 0.821575 1.24975e-07 
0.112192 0.0107815 0.000528506 0.0260321 0.0638622 0.0912119 0.0198443 0.0309749 0.243011 0.125492 0.00818717 0.00014347 0.26481 0.00292917 
0.0197548 0.048943 0.00390313 0.0103687 0.00281258 6.23374e-08 0.00431281 3.46437e-06 0.0277908 0.0184265 5.98882e-05 2.26014e-08 0.86356 6.41331e-05 
0.00705453 0.00122197 0.0304492 0.00665509 2.52469e-08 0.0547996 0.0251295 0.0137466 0.000236682 7.63998e-08 0.00505267 2.38233e-05 0.855627 3.74002e-06 
0.0293864 0.000495858 0.000379953 7.90929e-05 0.00537153 0.309387 0.00200181 0.276201 0.0130094 0.0211823 0.0111587 0.000186886 0.331138 2.21131e-05 
0.0221689 3.36337e-06 0.000300528 1.22378e-07 0.0170178 0.0714518 0.00016463 0.00483511 0.415073 3.16866e-06 0.00729396 0.000600132 0.461005 8.23237e-05 
0.0376198 0.000857721 0.000240887 9.63993e-06 0.00128215 2.46633e-06 0.00687841 0.0822316 0.020121 0.0508931 0.178862 8.56196e-06 0.619723 0.00126992 
0.239868 0.0278501 0.0260731 2.02173e-06 0.00605405 2.0048e-05 0.152536 0.040367 0.0431745 0.0527378 0.0455363 1.62693e-05 0.361807 0.00395752 
0.125953 0.000708531 9.07724e-05 0.0300726 1.13379e-07 0.000314735 0.00394235 0.0104786 0.0708205 0.104981 0.0521369 1.21856e-05 0.600489 1.16734e-07 
0.0386026 0.00239302 0.00193745 0.0013708 0.0161565 0.300936 0.000636444 0.0505367 0.0855626 0.0457006 0.0107439 0.000247179 0.445054 0.000122699 
0.0562213 0.0266393 0.0129927 0.00271796 0.0189793 0.000467096 0.0184857 0.161114 0.0478765 0.0956517 0.0284107 8.3154e-05 0.530075 0.000285042 
0.0697946 0.0230412 0.000152221 4.43812e-05 0.0056883 0.0132611 0.000190804 0.07008 0.111804 0.0622094 0.0613024 0.000176486 0.580798 0.00145718 
0.00224518 0.00409826 0.0291788 1.4272e-11 0.00253688 1.52469e-11 0.000666991 4.71245e-05 0.000570579 0.0203599 0.0132933 5.52801e-12 0.927003 1.14129e-08 
0.185845 0.0142505 0.00251311 0.000245803 0.0217477 0.0106239 0.00719583 0.241378 0.00517066 0.155146 0.101823 1.93106e-06 0.254045 1.29856e-05 
0.0130411 1.67804e-08 3.72031e-13 1.09343e-07 0.000737102 0.0100603 9.2583e-05 0.10061 0.0209137 5.45167e-07 0.0115271 9.14359e-09 0.843018 6.17574e-09 
0.00261369 2.13986e-05 6.13843e-05 1.11513e-05 0.00397631 3.91926e-05 2.31396e-08 0.388278 0.0286041 0.000675267 0.00500658 0.000456796 0.552186 0.0180709 
0.050438 0.000351706 0.00076543 0.000228502 0.01141 0.00191826 0.000373124 0.22413 0.00483808 0.0177592 0.0101847 0.000117656 0.677483 2.33323e-06 
0.0787707 0.000453323 8.90568e-05 0.00539367 0.0364948 0.0180016 0.00409043 0.0423737 0.0531395 0.0543096 0.104038 0.158185 0.35975 0.0849108 
0.117751 0.00631569 0.00328629 0.00228795 0.0341197 0.00527403 0.0119844 0.11438 0.0280783 0.0943276 0.0778734 0.00189097 0.502324 0.000106945 
0.181542 0.014244 0.0123467 1.59956e-05 0.0754056 0.000386633 0.00795704 0.00529906 0.116599 0.0171042 0.00986428 0.000435817 0.555197 0.00360227 
0.0539298 0.00428935 2.83982e-07 6.02492e-07 0.00425385 1.7675e-07 0.00175115 0.000682213 0.256315 0.0266441 0.034423 8.46885e-05 0.617625 1.94448e-07 
0.0196951 0.129387 0.019449 0.0940061 0.0898298 0.000464895 0.0381171 0.0248685 0.083799 0.0281872 0.0019426 2.75385e-08 0.470248 5.4117e-06 
0.0146967 1.58375e-05 2.12709e-08 7.81001e-05 0.0064013 0.000511123 7.28469e-06 0.323003 0.000405206 0.0102239 0.00343591 5.50745e-05 0.641165 1.06355e-06 
0.134917 0.0629298 0.000220961 0.1038 0.072548 0.0475189 0.0156955 0.043837 0.041161 0.039494 0.00693969 0.000629953 0.430307 8.15316e-07 
0.00224518 0.00409826 0.0291788 1.4272e-11 0.00253688 1.52469e-11 0.000666991 4.71245e-05 0.000570579 0.0203599 0.0132933 5.52801e-12 0.927003 1.14129e-08 
0.195534 0.0386343 0.0394318 0.00510832 0.0300443 0.000114256 0.0817117 0.000294211 0.0592127 0.131053 0.150147 7.14315e-06 0.268442 0.000265735 
1.24201e-05 0.000447704 1.92174e-06 4.44595e-06 0.0123256 0.00266015 0.000221863 0.0425012 0.286945 0.136664 0.000299526 0.000113008 0.517799 3.58203e-06 
0.0670425 0.00770208 0.00616422 0.0049362 0.0178909 0.00141671 0.00974874 0.0443705 0.037308 0.056902 0.0412116 0.000317862 0.704272 0.000716627 
0.00495048 0.036786 0.0466242 0.00176423 0.26675 0.000433535 0.00107799 0.00417344 0.0500246 0.0445709 0.0546584 1.31461e-05 0.488153 2.0725e-05 
0.0320056 0.000463823 0.0137338 0.00152637 0.00712867 0.00308931 0.000185744 0.0537145 0.0140266 0.0686595 0.0581863 8.29702e-06 0.747271 6.2721e-07 
0.020263 0.00557809 0.0019602 1.49955e-09 0.00216805 0.00875525 0.0652883 0.180091 0.000234577 0.00775359 0.0115366 7.0584e-06 0.696364 2.29391e-07 
0.250555 0.00268765 0.0123126 1.51243e-07 0.0108939 2.80342e-07 0.0113037 0.000463604 0.0681218 0.0644806 0.00154328 1.81837e-05 0.57711 0.000509515 
0.0390464 0.000685284 4.55838e-08 4.14861e-05 0.00168902 0.0111524 6.89801e-05 0.00311927 0.00325618 0.0218358 0.00423595 3.16121e-05 0.914836 1.41128e-06 
0.222487 0.0753528 0.00353795 0.00953448 0.0345844 1.83095e-07 0.0800085 0.0286367 0.0267403 0.096557 0.0606759 3.12239e-06 0.361861 2.05146e-05 
0.0482849 0.00100109 3.80543e-05 3.53608e-05 0.000449566 0.000521965 0.0106778 0.0105686 0.000115108 0.00288594 0.0189832 3.40065e-06 0.906435 3.80411e-08 
0.115776 0.0043643 0.00589693 2.69967e-06 0.00791854 0.000220216 7.63659e-05 0.247329 0.00372303 0.0259557 0.0428651 3.34624e-05 0.545819 1.90336e-05 
0.001446 0.00116676 6.60034e-08 3.93276e-06 0.00113891 0.00509992 2.10365e-05 0.00147446 0.00212429 1.26297e-07 0.0322604 5.45951e-05 0.95521 1.6894e-08 
0.0810646 0.00264321 0.00282706 0.00183252 0.0552352 0.0027004 0.0339359 0.00281041 0.218228 0.0751012 0.0178506 0.00690241 0.498595 0.000273619 
0.00588009 0.000476455 0.0130687 2.66844e-05 0.00111672 0.00261966 0.000618479 0.0313597 0.0133673 0.0186982 0.00617522 3.80359e-06 0.90657 1.89915e-05 
0.0691609 0.00113962 0.013379 1.1106e-06 0.0412709 0.000616296 0.000430419 0.00146567 0.0341733 0.286312 0.0719477 1.79367e-05 0.480065 2.0692e-05 
0.0605742 0.00675959 0.000235666 0.0492739 0.00799207 0.00573138 0.000370165 0.391063 0.00348786 0.0254338 0.0140005 1.96868e-05 0.434979 8.01106e-05 
0.04993 0.00493709 0.00036127 1.40787e-11 0.00415899 0.0373078 1.00006e-06 0.0171823 0.0014299 0.00195516 0.0227988 1.4371e-05 0.859923 1.1343e-11 
0.0519948 0.127195 1.41167e-05 8.15325e-08 0.160242 0.0208506 0.0154802 0.0028728 0.160354 0.0384625 0.00551626 8.49033e-07 0.274932 0.142085 
0.137999 0.00741735 0.042001 0.000337953 0.246207 0.0133712 0.0606255 0.000774346 0.000311523 0.0382099 0.128443 1.38059e-08 0.324284 1.84437e-05 
0.0663834 0.00793894 0.000260539 0.0144462 0.0294783 0.00169651 0.00515459 0.0313636 0.00533808 0.0187105 0.00630453 0.000634742 0.812236 5.38655e-05 
0.0260695 0.00648586 0.00774037 4.69559e-06 0.00643401 1.94137e-05 0.00394421 0.0709234 0.00105578 0.017025 0.0267913 1.92364e-05 0.833478 9.48905e-06 
0.169661 0.000737006 2.89058e-06 0.000295652 0.167461 0.00833544 0.000280789 0.0209801 0.0138588 0.00618582 0.00605316 0.000285946 0.605854 7.60698e-06 
0.109292 0.00151815 6.84421e-06 0.000517242 0.0721627 0.00497587 0.0400009 0.0206594 0.0101694 0.342702 0.0431339 0.000462896 0.354365 3.38936e-05 
0.0161432 0.000124622 0.000230458 1.26457e-05 0.0464839 0.0774451 8.24598e-05 0.0112485 0.0438172 0.0080913 0.022585 6.24531e-05 0.771977 0.00169649 
0.0126324 0.0053298 0.00323173 5.34614e-05 0.012936 0.00412709 0.000215341 0.0358052 0.0783745 0.0308257 0.0612003 3.21887e-05 0.75385 0.0013864 
0.0582682 0.0182304 0.00207476 0.0319441 0.114747 0.000235238 0.0047921 0.052264 0.132064 0.102907 0.0505542 0.00170353 0.423954 0.00626129 
4.59817e-06 0.0829462 0.0518266 7.51186e-07 2.28452e-05 5.62954e-07 0.0045942 9.34763e-06 0.0578673 0.187292 0.0173722 1.45705e-09 0.598063 1.83688e-07 
0.078099 0.00327552 0.00230448 0.0130209 0.0414065 0.00311563 0.00199887 0.174526 0.0138052 0.085615 0.018502 0.0260875 0.538123 0.00012112 
0.115846 0.00149455 0.0280764 0.000412717 0.00896868 1.61264e-05 0.0283619 0.029522 0.0102315 0.0204537 0.0439862 0.000112853 0.708717 0.00380097 
0.0453072 0.000827603 0.00579664 0.000110423 0.00543883 0.0568967 0.000910606 0.0105523 0.00169637 0.0108977 0.0404535 1.09142e-05 0.820887 0.000214066 
0.145138 0.007497 0.0051511 0.00161185 0.0921014 0.00263907 5.48155e-06 0.0288132 0.0890001 0.133637 0.00672917 0.00770081 0.479964 1.16699e-05 
0.111793 0.00544563 0.00218631 0.00792793 0.00220648 0.113293 0.0149021 0.0379942 0.00214535 0.109852 0.0172937 4.25831e-05 0.574108 0.000810225 
0.143068 0.00424895 0.0317844 4.23955e-05 0.0230904 7.71697e-05 0.00957108 0.00324056 0.135746 0.277693 0.0025426 5.03857e-05 0.343944 0.0249009 
0.001446 0.00116676 6.60034e-08 3.93276e-06 0.00113891 0.00509992 2.10365e-05 0.00147446 0.00212429 1.26297e-07 0.0322604 5.45951e-05 0.95521 1.6894e-08 
0.0663834 0.00793894 0.000260539 0.0144462 0.0294783 0.00169651 0.00515459 0.0313636 0.00533808 0.0187105 0.00630453 0.000634742 0.812236 5.38655e-05 
0.0225324 0.00900751 0.026933 0.000447395 0.0528753 0.000132944 0.000419508 0.0977665 0.0242751 0.134777 0.0824635 0.000339471 0.524788 0.0232422 
0.135781 0.0184088 0.00179259 0.000109614 0.0106143 0.19646 0.00959919 0.0340913 0.0107665 0.0192172 0.0059133 0.000182372 0.545653 0.011411 
0.157007 1.12229e-06 1.19816e-06 1.90889e-06 0.00195348 6.63436e-10 0.00580696 0.0179182 0.152796 8.15497e-07 0.00974036 6.01701e-08 0.654773 5.00345e-10 
0.192982 0.00427736 0.007209 0.0454792 0.00241755 0.000424776 0.0585953 0.234979 0.041163 0.0194972 0.0125848 1.09159e-05 0.379401 0.000979288 
0.0696285 0.0204877 0.00572912 0.00366251 0.0246272 0.019581 0.0132857 0.120737 0.0339929 0.0611416 0.0435863 0.00240234 0.580149 0.000990074 
0.223074 0.000410399 4.5427e-06 0.000426343 0.0022652 4.10171e-05 0.0649843 0.001926 0.301137 0.000713292 0.00755832 0.0141938 0.361942 0.0213243 
0.0265509 0.00497508 0.00402549 3.28889e-05 0.00813082 0.0286898 0.00410545 0.0623237 0.0265042 0.023393 0.043798 0.000178539 0.767235 5.74106e-05 
0.0462064 0.0158525 0.00631441 0.000175926 0.0225312 0.000857381 0.0254105 0.00232107 0.239722 0.257907 0.0212435 1.26601e-05 0.361195 0.000250144 
0.00161606 0.000200584 0.00094545 1.69825e-06 0.000119549 0.00349021 0.000824378 0.0403588 0.000483345 0.00279472 0.00553776 1.65486e-08 0.943625 2.35947e-06 
0.154677 0.0129729 0.00118946 2.35968e-05 0.249728 0.00113777 0.00690944 0.0376348 0.0404041 0.131305 0.00985649 0.0799144 0.274128 0.000119013 
0.0468042 0.00122528 0.000816833 2.04045e-07 0.0366521 0.317802 0.00026558 0.0206224 0.00255244 0.0212786 0.00273589 2.04153e-07 0.54853 0.000714482 
0.0522491 0.00836108 0.00741975 0.00344156 0.0144352 0.00189158 0.00951585 0.3007 0.0444447 0.0642057 0.0738242 0.000433925 0.418802 0.000274877 
0.00857086 4.48263e-07 0.00629247 6.91379e-10 0.0030692 0.0236833 0.00614227 0.00141432 0.327839 0.0100323 0.00141427 3.27503e-07 0.610745 0.000796322 
0.035755 0.00743065 4.24539e-07 0.263621 4.24604e-07 4.2428e-07 0.0039482 0.0744305 0.0467046 0.0602148 0.0407558 0.00110421 0.46302 0.0030135 
0.147631 0.0356709 0.00177693 0.126128 0.0398728 4.99848e-05 0.0158933 0.00355212 0.0208144 0.207816 0.0773507 0.000355649 0.323033 5.58403e-05 
0.0449333 0.0022369 0.00125483 2.34291e-05 0.0546214 2.08158e-05 0.0125107 0.0101594 0.0104617 0.0380589 0.018744 0.000374662 0.635404 0.171196 
0.0828014 0.00300948 0.00306309 0.000586306 0.00840109 0.00202239 0.0294764 0.073891 0.0571969 0.113928 0.0521989 0.00313376 0.569925 0.000366311 
0.159902 0.0153316 0.0205579 0.0352804 0.148219 0.0103668 0.00844037 0.20778 0.0542553 0.070358 0.0182864 0.00726355 0.243903 5.6078e-05 
0.167161 0.0183657 0.01581 1.28257e-07 0.0816289 0.00289855 0.053635 1.28342e-07 0.126659 0.177815 0.0250879 0.00445301 0.325792 0.000692831 
0.00881899 0.00031293 0.000325967 5.24935e-07 0.00223478 0.000206057 1.57958e-07 0.00336579 0.0310249 0.00387232 0.458769 1.01793e-05 0.491058 3.09093e-08 
0.0202371 0.000126047 6.83139e-08 3.45169e-07 0.0476792 0.00827477 7.22143e-05 0.126481 0.164462 0.00337296 0.0286026 0.000103359 0.600392 0.000196294 
0.0701631 0.0111484 0.000106703 6.07267e-06 0.00526298 0.0150787 0.00129516 0.0435578 0.270908 0.0384066 0.0202417 0.000141345 0.523577 0.000106997 
0.001446 0.00116676 6.60034e-08 3.93276e-06 0.00113891 0.00509992 2.10365e-05 0.00147446 0.00212429 1.26297e-07 0.0322604 5.45951e-05 0.95521 1.6894e-08 
0.134623 0.0220712 0.00305209 0.0176713 0.0226488 0.00606437 0.00961431 0.0106731 0.223259 0.179894 0.0553063 8.73444e-06 0.314448 0.00066542 
0.0606361 0.0100067 0.00936795 0.0348435 0.0411485 0.00388717 0.010412 0.279886 0.0279807 0.0860339 0.0358466 0.000138443 0.398811 0.00100166 
0.0290663 0.00863556 0.0123722 7.40013e-07 0.00455532 6.7507e-06 0.0419701 0.0375047 0.062439 0.0632584 0.14187 9.97413e-06 0.598311 8.53814e-07 
0.00432717 0.00079666 0.000343732 0.000158067 0.0310916 1.22882e-07 0.000587417 0.0490363 0.00842139 0.0934073 0.0386383 7.75566e-07 0.772966 0.000225242 
0.0266689 0.00024682 1.26871e-06 4.79772e-05 0.00379125 0.00494358 3.43244e-05 0.0702682 0.00186428 0.0157571 0.0177327 9.11647e-05 0.858551 1.06192e-06 
0.0441551 0.0137973 0.0184445 0.0018682 0.0198023 0.0020605 0.0137669 0.0388205 0.0716298 0.0374157 0.0806481 0.006753 0.650716 0.000122074 
0.134757 0.0151364 0.211224 0.0227272 0.0205798 0.0020766 0.200145 0.00823544 0.0767176 0.0435533 0.0226795 9.36166e-06 0.24216 1.16942e-07 
0.289879 0.000255684 6.8434e-06 8.99883e-09 0.000132668 0.000424072 0.0199537 0.0153908 0.000908921 0.0477131 0.139897 4.63192e-07 0.485438 4.88845e-08 
0.193521 0.00886252 7.34356e-07 0.000698269 0.104171 0.000506235 0.0116962 0.0557853 0.020372 0.0524185 0.0153596 6.01873e-05 0.536522 2.64305e-05 
0.254906 1.88308e-05 4.42294e-09 9.50088e-07 7.40922e-05 0.0023264 2.7632e-05 0.00380189 0.0072668 0.298197 0.00157615 4.33313e-06 0.4318 3.17602e-08 
0.0366996 0.00108943 5.66551e-06 1.65294e-05 0.00116393 0.00398105 0.000227433 0.00171707 0.00328312 0.0171607 0.0032191 1.84705e-05 0.931417 7.83174e-07 
0.0183987 0.000652726 0.0167631 0.00579518 0.004086 2.94403e-09 0.000788868 0.0315074 0.0326371 0.01095 0.0234085 1.81204e-05 0.854945 4.95963e-05 
0.0460612 0.00423043 0.0266598 0.00105551 0.0119974 0.0022071 0.00330257 0.0258035 0.0418304 0.133663 0.177908 2.29042e-05 0.52454 0.000718997 
0.0158703 0.0142679 7.35176e-05 0.0252724 0.00390603 0.0517017 0.000207577 0.193407 0.00188273 0.00481156 0.0114808 7.51252e-06 0.677003 0.000108048 
0.230819 0.0131794 7.45161e-05 0.000226282 0.0150588 0.00829806 0.002067 0.0568684 0.0112413 0.0570372 0.00482111 0.000108424 0.600125 7.56135e-05 
0.000355393 0.000355346 0.000355308 0.000355113 0.000355363 0.000355091 0.000355269 0.000355349 0.497839 0.000355395 0.000355305 0.000355301 0.497898 0.000355172 
0.0692124 0.00217577 0.0109252 0.115224 0.02775 0.000213319 0.0175396 0.00610365 0.0114567 0.0857527 0.12418 2.69759e-05 0.529411 2.8885e-05 
0.110729 0.0183807 0.0125894 0.00701389 0.0165198 0.190428 0.00325519 0.172482 0.0774153 0.0715801 0.0154586 0.000299071 0.303779 6.95838e-05 
0.0151038 8.83105e-08 1.69771e-10 2.78781e-05 6.32622e-07 3.8548e-07 0.000182381 0.0116649 0.00217372 0.0325913 0.0223716 4.07346e-08 0.915883 3.7571e-10 
0.0338044 0.00435105 0.000135277 4.46461e-05 0.00703023 0.0206473 0.0127677 0.404964 0.00131275 0.00458153 0.0418076 0.000134013 0.468397 2.26287e-05 
0.0667427 0.0418351 0.00727302 0.00111805 0.0331006 0.00899516 0.021179 0.0453943 0.0259079 0.0687065 0.0947267 0.000134262 0.582768 0.00211845 
0.123276 0.00150901 0.00164662 5.35123e-05 0.0337674 9.78879e-06 0.0326227 0.000338554 0.0503494 0.220744 0.0131297 5.7002e-06 0.522533 1.45503e-05 
0.00134654 0.212839 0.00822518 2.41949e-09 0.0815483 2.58476e-09 1.19443e-09 0.0216738 0.041199 2.98972e-06 0.250024 9.37146e-10 0.383092 4.90988e-05 
0.223358 0.0295899 0.00157987 0.00608918 0.241011 4.48966e-05 0.0532395 0.000287303 0.131426 0.0605931 0.00367353 0.00165262 0.247455 2.3163e-08 
0.0443491 0.0288281 0.188878 3.55882e-07 0.0145478 1.46323e-05 0.0385705 5.70837e-07 0.19909 0.122432 2.03535e-06 4.38593e-07 0.363285 1.14221e-06 
1.53396e-11 1.99109e-06 5.79238e-07 8.07425e-06 0.071014 1.2794e-06 8.44475e-11 1.8529e-06 0.229236 3.81787e-06 0.00268842 5.16874e-07 0.697043 2.61999e-07 
0.0842246 0.00868033 0.00673394 0.0120973 0.0478407 0.00731168 0.010873 0.311138 0.0652005 0.0603466 0.0103647 0.000319983 0.374081 0.000787032 
0.176039 0.163715 0.00837097 0.0023316 0.0330739 0.000318609 0.019234 0.0233136 0.0695844 0.124538 0.104701 0.000304018 0.273347 0.00112958 
0.0812714 0.00861792 0.0197955 0.00222481 0.0360579 0.00132929 0.0153437 0.038229 0.0632374 0.099605 0.0973555 0.000147432 0.536552 0.000233055 
0.0631979 0.00145082 0.00335814 0.000110197 4.1515e-05 2.85658e-05 0.0196663 0.0127258 0.00200791 0.00253307 0.137872 1.38227e-08 0.757008 5.3757e-08 
0.0943182 0.135618 0.000126889 6.0028e-05 3.22102e-05 8.28532e-05 0.230851 0.209068 0.00277857 0.0200766 0.0275295 4.28515e-08 0.279458 9.82493e-07 
0.0284696 0.0182794 0.175785 1.31894e-08 0.0911291 6.79924e-08 0.00244362 0.00153374 0.232153 0.16469 0.034547 6.11892e-08 0.250967 2.15191e-06 
6.34256e-06 4.19645e-10 6.32665e-10 0.00247322 1.72641e-05 5.19836e-05 4.80507e-06 4.99789e-05 0.0584437 6.54531e-06 2.78196e-05 6.79832e-08 0.938891 2.71637e-05 
0.0146967 1.58375e-05 2.12709e-08 7.81001e-05 0.0064013 0.000511123 7.28469e-06 0.323003 0.000405206 0.0102239 0.00343591 5.50745e-05 0.641165 1.06355e-06 
0.0547604 0.0189017 0.000386116 9.29238e-06 0.00876247 0.0145727 0.0132535 0.00133836 0.158213 0.237956 0.103288 8.24787e-05 0.381272 0.00720401 
0.21727 0.0105057 0.005762 0.00262135 0.0592805 9.91432e-05 0.0142533 0.000925328 0.0660993 0.043249 0.104592 7.56711e-05 0.475231 3.55795e-05 
0.0586407 0.00923336 1.19011e-08 0.000119102 0.0369673 2.50351e-06 2.3147e-07 0.00476722 0.0274879 0.0382838 0.0573324 1.38362e-07 0.766845 0.000319824 
0.131521 0.00309051 0.000278108 8.43644e-07 0.0148744 0.000169948 0.00144084 0.104194 0.00234995 0.00965378 0.0728957 3.04832e-05 0.6595 1.12659e-07 
0.0211838 0.0048217 0.00154336 0.000243368 0.0150103 0.00306975 0.00397363 0.0208395 0.0270941 0.0282581 0.0237334 0.00171064 0.848439 7.96465e-05 
0.00508403 0.000159896 1.48585e-09 1.35623e-05 0.019381 0.0543992 2.0283e-06 0.0220324 0.0476101 0.0137814 0.114016 0.00029975 0.723104 0.000116292 
0.101222 0.000257543 0.00014028 1.10115e-05 0.0187984 0.00439127 0.0126536 0.0426367 0.240074 0.0668608 0.0442108 0.00026768 0.467842 0.000634318 
0.0809235 0.00152192 0.00146178 0.00567282 0.160905 3.05649e-05 0.00763354 0.0591527 0.0317856 0.134305 0.0594686 0.0591669 0.397954 1.83934e-05 
0.0216021 0.0576166 8.71859e-05 0.0343409 0.000198493 0.000580173 0.0122688 0.0138701 0.030551 0.0443809 0.0167275 8.71213e-07 0.763872 0.00390343 
0.147467 0.0191837 0.0519116 0.000967826 0.144379 0.0365275 0.000282618 0.141003 0.128969 0.0821669 0.00414525 0.00128085 0.240837 0.000879111 
0.0895471 0.0132643 0.00424218 0.000111853 0.0306239 0.0183104 0.0109716 0.0241517 0.148382 0.142919 0.0463116 0.000227607 0.429463 0.041474 
0.0469422 0.0118622 0.00153355 8.19713e-05 0.00315127 0.00115171 0.00933225 0.0572945 0.00255402 0.073962 0.0941857 1.70635e-06 0.697785 0.000162302 
0.223074 0.000410399 4.5427e-06 0.000426343 0.0022652 4.10171e-05 0.0649843 0.001926 0.301137 0.000713292 0.00755832 0.0141938 0.361942 0.0213243 
0.200982 0.0500043 0.000824074 7.0158e-05 0.00803091 1.76004e-06 0.00367262 0.0377754 0.0148021 0.0166594 0.256871 9.15824e-07 0.381002 0.0293035 
0.0385468 0.00361957 0.0225339 0.00157679 0.0212454 6.84703e-08 0.0975368 0.0184339 0.126919 0.281083 0.0352229 7.21459e-09 0.353282 1.884e-08 
0.107963 0.0131185 0.0211871 2.35966e-05 0.142347 0.140144 0.00203957 0.00291217 0.0886522 0.211785 0.00536939 0.00152643 0.262511 0.000422056 
0.0441064 5.02708e-07 1.37589e-10 3.77926e-10 0.00417854 0.000132724 0.000392518 0.00454212 0.168704 0.0138554 1.5412e-05 1.46382e-10 0.764072 6.16988e-07 
0.0199154 0.00155775 0.00101042 5.46575e-06 0.000716962 1.25647e-05 0.000650789 0.00090701 0.00680667 0.00115603 0.00995888 1.52365e-07 0.957301 5.8592e-07 
0.0703457 0.0129662 0.00560758 6.17383e-07 0.0143032 7.78261e-06 0.00784464 0.0197717 0.0317124 0.043425 0.0144985 6.27957e-05 0.779212 0.000241796 
0.266124 0.129605 7.07817e-06 2.99551e-05 0.00982956 0.000647087 0.00174045 7.85565e-05 0.128974 0.042415 0.000663758 4.30023e-07 0.419885 8.4978e-07 
0.000268689 0.0244916 0.00357331 0.000821286 0.0540955 2.16042e-06 0.000427926 0.0395721 0.228534 0.207064 0.145079 0.000531636 0.286726 0.00881233 
0.104279 0.0155044 0.000982711 8.49956e-05 0.151951 0.00357734 0.000299203 0.0615117 0.121004 0.201965 0.0294577 0.000758569 0.290238 0.0183859 
0.0104189 0.000327408 2.32851e-08 1.19106e-06 0.00336608 0.0795655 0.000376842 0.223502 0.0268512 0.00273612 0.00976628 7.14643e-06 0.643081 6.17294e-08 
0.0523199 0.00499012 0.00791222 0.00879259 0.0124416 0.00202162 0.00630987 0.0230363 0.018334 0.0614246 0.0395292 0.00144845 0.761336 0.000103447 
0.259173 0.0956398 0.00139052 0.00203199 0.00877789 0.0125318 0.04047 0.00731083 0.00422757 0.03729 0.0033468 1.40339e-05 0.527561 0.000235015 
0.116595 0.0687969 0.00311096 0.088099 0.0224354 0.0177101 0.00981842 0.0347887 0.124775 0.0707797 0.0146367 0.00017915 0.309982 0.118293 
0.0414884 6.31219e-05 0.0175632 0.0068671 0.0183872 0.0016289 0.000802493 0.0286196 0.256757 0.163061 0.0430993 3.47464e-06 0.421659 4.75104e-07 
0.222234 0.000254032 5.65612e-06 0.000532766 0.00283122 5.12027e-05 0.0712464 0.00240727 0.288166 0.000891552 0.00547168 0.01774 0.361517 0.0266509 
0.225232 0.0176074 0.000332888 0.000109209 0.00309729 1.70808e-06 0.00177835 0.189919 0.00607637 0.0039198 0.014739 8.12293e-07 0.537187 1.60032e-08 
0.00223199 6.66282e-08 6.81725e-12 0.0281066 5.89102e-05 0.0511422 0.00329983 0.010161 0.000143669 0.00280799 0.0110634 7.25296e-12 0.890964 2.03379e-05 
0.0509388 0.00627338 0.0153559 0.00167993 0.014712 0.00267416 0.00924579 0.143596 0.028322 0.0564383 0.078767 0.00329634 0.586929 0.00177192 
0.119958 0.00507978 0.000416496 0.0108383 0.047075 0.00101711 0.00374454 0.00526533 0.0621541 0.121612 0.155718 0.000149208 0.46625 0.000721127 
