5.78763e-06 5.42656e-06 0.0101167 2.24719e-05 0.00277738 2.40069e-05 1.10937e-05 5.24584e-06 0.00494478 0.000250037 0.981612 0.000204242 2.47397e-06 1.81053e-05 
0.150536 0.00720795 1.91038e-09 5.24738e-09 0.022632 0.248946 0.404721 1.16249e-06 0.101954 0.0291712 0.0348256 3.93945e-06 5.77694e-10 1.57257e-06 
0.0394373 0.0862286 6.24399e-10 1.71509e-09 0.109052 1.83223e-09 0.0100774 4.58366e-07 0.0131871 3.43307e-06 0.741991 7.5925e-07 1.88817e-10 2.27251e-05 
0.103767 1.49333e-05 5.44599e-06 2.87616e-09 0.108453 3.07262e-09 1.41987e-09 6.7141e-10 0.787705 7.08058e-06 4.65812e-05 1.11403e-09 3.16641e-10 2.31728e-09 
0.0117622 0.0176386 0.742315 9.14554e-05 0.0593474 1.83393e-06 0.02194 3.55762e-06 0.0071159 0.122263 9.9401e-05 0.0173704 1.76922e-07 5.09076e-05 
0.000307872 4.10651e-08 0.00114152 1.70055e-07 3.15772e-08 1.8167e-07 0.00247746 3.96975e-08 0.966767 0.0267911 0.00210305 3.73803e-05 1.87216e-08 0.000374113 
0.000307872 4.10651e-08 0.00114152 1.70055e-07 3.15772e-08 1.8167e-07 0.00247746 3.96975e-08 0.966767 0.0267911 0.00210305 3.73803e-05 1.87216e-08 0.000374113 
0.000564018 0.0035484 0.000216019 0.000112792 0.0072023 0.000534123 0.0217011 4.503e-07 0.964747 0.000152439 7.21484e-07 0.00121848 2.12364e-07 1.55415e-06 
1.09134e-06 2.35091e-10 3.54428e-10 6.91306e-06 0.0129378 1.04003e-09 4.80605e-10 2.29535e-08 0.987047 1.5196e-08 3.64127e-10 6.07139e-06 1.07178e-10 8.63585e-07 
0.000107119 0.000218454 4.22605e-05 0.00701597 2.15332e-08 1.23885e-07 5.7248e-08 2.70707e-08 0.992598 9.0145e-06 4.33735e-08 9.02823e-06 1.27667e-08 9.34308e-08 
0.000247411 0.00332305 0.00312395 1.0558e-06 0.936942 4.33091e-05 0.000580641 1.52446e-06 4.58067e-06 0.0419145 8.19503e-06 0.0138094 4.45574e-10 3.26085e-09 
0.150536 0.00720795 1.91038e-09 5.24738e-09 0.022632 0.248946 0.404721 1.16249e-06 0.101954 0.0291712 0.0348256 3.93945e-06 5.77694e-10 1.57257e-06 
0.000759736 0.90752 3.05917e-07 8.40288e-07 0.000141663 8.97684e-07 3.28555e-05 1.96157e-07 0.0581839 0.0330978 0.000260926 3.2547e-07 9.25087e-08 6.77008e-07 
0.992077 7.85321e-08 0.000888093 0.00621182 0.000169146 3.47423e-07 1.60546e-07 7.59168e-08 0.000340006 0.000313186 1.21636e-07 1.25964e-07 3.58029e-08 2.62016e-07 
7.92198e-06 3.92562e-05 8.27707e-07 2.27353e-06 2.1981e-06 1.69098e-05 0.000113331 8.85923e-07 0.0421957 1.44161e-05 8.50355e-07 7.71673e-05 7.24114e-07 0.957527 
0.0240596 0.0258974 8.78899e-06 1.00479e-08 0.150481 1.07342e-08 0.00303683 4.50969e-07 0.00396233 0.000315173 0.792231 7.55757e-07 1.10619e-09 7.48769e-06 
0.150536 0.00720795 1.91038e-09 5.24738e-09 0.022632 0.248946 0.404721 1.16249e-06 0.101954 0.0291712 0.0348256 3.93945e-06 5.77694e-10 1.57257e-06 
0.0240596 0.0258974 8.78899e-06 1.00479e-08 0.150481 1.07342e-08 0.00303683 4.50969e-07 0.00396233 0.000315173 0.792231 7.55757e-07 1.10619e-09 7.48769e-06 
0.000253688 7.30335e-05 0.520023 1.0094e-05 3.15505e-05 4.83152e-09 0.44435 1.05575e-09 0.0320714 1.73885e-06 1.69156e-09 0.000783156 4.97901e-10 0.00240207 
0.036647 0.0837193 0.863777 4.45285e-11 0.0120738 4.75701e-11 0.00378178 1.03947e-11 2.81535e-08 2.46557e-07 3.03133e-07 3.9686e-08 4.90222e-12 2.11705e-07 
0.000203597 0.000115884 9.98831e-08 2.74357e-07 0.0106477 0.00012761 0.00121986 1.56706e-05 0.987313 0.000282184 1.02616e-07 5.30222e-05 3.02044e-08 2.12984e-05 
0.000184469 0.000886828 0.00980122 3.45151e-08 0.969289 3.68726e-08 0.00526507 0.000178877 0.000867534 0.0121028 0.00142393 1.33688e-08 3.79982e-09 2.78083e-08 
0.0352213 0.621373 0.0431227 6.35543e-06 0.0584597 3.39702e-05 0.00715308 1.75038e-05 0.00069018 0.206724 0.000115206 0.027078 1.67017e-06 2.86563e-06 
1.58935e-06 5.6308e-10 8.48911e-10 2.33177e-09 0.089522 5.25635e-05 1.15112e-09 1.36137e-06 0.902137 2.35421e-06 8.72139e-10 9.39385e-06 2.56709e-10 0.00827411 
2.18658e-06 7.41634e-06 0.0237934 8.43705e-10 1.56666e-10 9.01334e-10 0.878823 1.96954e-10 0.0973699 1.61185e-06 1.95682e-06 4.57835e-07 9.28849e-11 6.79761e-10 
0.412719 0.0814931 8.84859e-06 4.11882e-09 0.161934 4.40015e-09 3.78221e-05 9.61496e-10 0.153884 0.189867 1.54054e-09 1.59535e-09 4.53448e-10 5.60856e-05 
0.0572778 1.90948e-09 6.26626e-05 7.90735e-09 0.190023 8.44746e-09 5.47941e-06 1.84589e-09 0.752599 2.4147e-05 1.59245e-06 8.34558e-07 8.70534e-10 5.77168e-06 
0.0240596 0.0258974 8.78899e-06 1.00479e-08 0.150481 1.07342e-08 0.00303683 4.50969e-07 0.00396233 0.000315173 0.792231 7.55757e-07 1.10619e-09 7.48769e-06 
0.0240596 0.0258974 8.78899e-06 1.00479e-08 0.150481 1.07342e-08 0.00303683 4.50969e-07 0.00396233 0.000315173 0.792231 7.55757e-07 1.10619e-09 7.48769e-06 
0.235832 6.48615e-05 0.000561169 2.33543e-08 0.000112757 2.49495e-08 0.116107 5.45183e-09 0.0372736 0.15136 0.458687 9.04586e-09 2.57112e-09 1.90044e-06 
0.150536 0.00720795 1.91038e-09 5.24738e-09 0.022632 0.248946 0.404721 1.16249e-06 0.101954 0.0291712 0.0348256 3.93945e-06 5.77694e-10 1.57257e-06 
0.00862252 1.79432e-06 1.60623e-07 4.36828e-09 0.61694 0.0277909 2.15648e-09 2.65232e-06 0.346597 1.84544e-05 4.90317e-06 1.69197e-09 4.80911e-10 2.21762e-05 
0.0394373 0.0862286 6.24399e-10 1.71509e-09 0.109052 1.83223e-09 0.0100774 4.58366e-07 0.0131871 3.43307e-06 0.741991 7.5925e-07 1.88817e-10 2.27251e-05 
0.130389 6.76378e-06 0.255339 5.15217e-07 0.278536 2.45721e-06 0.0741253 2.08414e-07 0.0107927 0.219151 0.0316551 2.11405e-06 3.77889e-11 2.76551e-10 
0.0117622 0.0176386 0.742315 9.14554e-05 0.0593474 1.83393e-06 0.02194 3.55762e-06 0.0071159 0.122263 9.9401e-05 0.0173704 1.76922e-07 5.09076e-05 
0.021681 0.000392139 0.00156211 2.18868e-06 0.13801 0.000486729 0.000350589 1.30947e-05 0.0302948 0.00192744 3.47186e-05 0.805244 2.88701e-07 7.59699e-07 
0.00902411 0.026803 0.0171801 0.000115299 0.175425 0.000126837 0.0382965 1.68554e-05 0.0138465 0.0524758 0.644819 0.0218697 1.31745e-07 9.64148e-07 
0.0243408 0.0159888 0.0219844 1.94162e-06 0.924955 0.000209498 0.00632717 4.53251e-07 4.71973e-07 0.00357366 0.00261509 7.52049e-07 2.13756e-07 1.56433e-06 
0.0229599 0.0245474 0.00416058 1.70263e-08 0.106773 1.81893e-08 0.00280582 5.54454e-06 0.00277687 0.00042269 0.835536 3.02455e-06 1.87446e-09 8.9238e-06 
0.0673747 3.28017e-06 2.67394e-06 8.72271e-09 0.0334602 3.49248e-06 7.91808e-06 1.41832e-06 0.898831 1.35106e-06 5.38932e-06 0.000306299 9.60299e-10 1.97721e-06 
0.000185311 0.00713651 2.02353e-07 5.55819e-07 0.96112 9.58298e-05 2.74391e-07 1.2975e-07 0.00070441 0.0307558 2.0789e-07 2.15286e-07 6.11911e-08 4.47816e-07 
0.0380606 1.58395e-05 0.0793785 0.00176284 0.014569 3.90408e-09 3.20813e-05 8.53097e-10 0.844144 6.88589e-06 2.49998e-06 0.00289356 4.02326e-10 0.0191337 
0.0291906 5.846e-07 0.145194 3.18496e-10 8.28565e-08 3.40251e-10 1.68253e-06 7.43496e-11 3.09761e-07 0.825613 1.31157e-07 1.23363e-10 3.50637e-11 1.28561e-07 
0.0101926 9.87745e-05 1.25128e-08 3.43698e-08 6.38207e-09 0.000124876 4.4132e-05 1.60546e-05 0.928296 4.27077e-05 1.28551e-08 0.0611843 3.78383e-09 2.76912e-08 
1.4819e-05 0.000270881 0.000143459 7.46918e-05 0.00323383 1.69738e-08 0.000130213 3.709e-09 0.995027 0.00106001 4.10105e-05 3.69862e-06 1.74919e-09 1.28011e-08 
0.000463489 0.00161353 0.0448418 9.64626e-13 0.849866 4.45193e-08 0.00588606 4.94977e-05 0.00437155 0.0923426 0.000565141 3.37766e-08 1.06197e-13 7.77185e-13 
0.000455947 0.00191347 0.959346 0.000132478 0.00768866 0.000145779 0.00236132 1.9246e-05 8.30608e-07 0.00246337 8.29361e-05 0.02539 6.25926e-10 4.58072e-09 
0.000745279 3.63892e-07 0.00281804 5.8399e-07 0.900411 1.06836e-06 0.0020158 5.35395e-08 0.010979 0.0827595 1.23006e-07 0.000269037 2.45263e-11 5.19168e-07 
0.150536 0.00720795 1.91038e-09 5.24738e-09 0.022632 0.248946 0.404721 1.16249e-06 0.101954 0.0291712 0.0348256 3.93945e-06 5.77694e-10 1.57257e-06 
0.00145771 0.00442998 0.0185546 4.71123e-09 0.866384 0.000223964 0.00335906 6.77659e-06 8.86157e-09 0.0239159 4.18845e-05 0.0816257 2.22595e-14 1.62902e-13 
0.127839 0.81951 5.03728e-05 6.56915e-05 0.000240705 5.27855e-05 0.0053463 0.000129189 0.0146589 0.0318684 8.89389e-05 2.28144e-05 2.10956e-05 0.000106106 
0.0117622 0.0176386 0.742315 9.14554e-05 0.0593474 1.83393e-06 0.02194 3.55762e-06 0.0071159 0.122263 9.9401e-05 0.0173704 1.76922e-07 5.09076e-05 
0.150536 0.00720795 1.91038e-09 5.24738e-09 0.022632 0.248946 0.404721 1.16249e-06 0.101954 0.0291712 0.0348256 3.93945e-06 5.77694e-10 1.57257e-06 
0.000184469 0.000886828 0.00980122 3.45151e-08 0.969289 3.68726e-08 0.00526507 0.000178877 0.000867534 0.0121028 0.00142393 1.33688e-08 3.79982e-09 2.78083e-08 
6.29182e-05 1.28877e-06 9.78475e-10 2.68765e-09 2.65277e-08 2.87123e-09 1.88228e-06 6.27405e-10 0.999885 2.2266e-06 1.00525e-09 3.97052e-05 2.95889e-10 6.58527e-06 
9.52243e-10 5.39165e-06 1.17504e-13 3.22758e-13 1.828e-09 3.75871e-09 1.59336e-13 7.53445e-14 2.74487e-05 5.71495e-10 1.20719e-13 0.000268585 3.5533e-14 0.999699 
8.23943e-05 0.000345784 0.000575958 2.39401e-05 0.973983 2.63437e-05 0.000426715 3.47795e-06 2.49749e-10 0.000445157 0.0194986 0.00458822 1.13111e-10 8.27783e-10 
0.00237984 0.00450508 2.46349e-10 6.76667e-10 0.054598 0.00768123 0.00659545 1.57961e-10 0.570955 0.0402179 2.5309e-10 0.000308285 7.44955e-11 0.31276 
0.0722914 9.08532e-10 0.0451622 3.76232e-09 0.000560246 5.04891e-07 0.0770168 3.33903e-06 0.719976 2.65818e-06 0.0849762 3.26366e-06 4.142e-10 7.48116e-06 
0.150536 0.00720795 1.91038e-09 5.24738e-09 0.022632 0.248946 0.404721 1.16249e-06 0.101954 0.0291712 0.0348256 3.93945e-06 5.77694e-10 1.57257e-06 
0.00297766 0.0105258 0.00366226 0.000152226 0.170521 0.000167509 0.0093509 2.21151e-05 0.332354 0.317752 0.000281039 0.151781 6.32385e-06 0.000444952 
0.106777 0.121501 0.0893919 0.000241612 0.514663 0.000215688 0.00915975 0.00015674 0.0017038 0.0718959 0.00222117 0.0525663 0.000140608 0.0293654 
0.401942 0.0195043 0.0075902 5.78808e-10 8.15767e-06 6.18344e-10 2.42907e-06 1.35117e-10 1.53375e-06 0.570951 2.16488e-10 2.24191e-10 6.3722e-11 4.66337e-10 
0.0175486 1.70375e-05 2.5703e-07 2.61474e-10 0.00423724 0.00327676 0.00233679 6.10385e-11 0.224255 0.00441371 5.1825e-07 8.87963e-05 2.87862e-11 0.743825 
0.000509524 8.51267e-07 1.28339e-06 3.52518e-06 2.91527e-05 3.76597e-06 0.00205164 8.22917e-07 0.996764 0.000629074 1.3185e-06 1.36541e-06 3.88093e-07 2.84019e-06 
0.0173324 0.210829 0.328208 4.46705e-05 0.0959403 2.72207e-07 0.263506 1.0857e-05 0.000132743 0.0754234 3.65223e-05 0.00853494 1.25212e-09 8.89693e-07 
0.000201045 0.919683 8.04115e-06 1.5219e-05 0.00126791 1.41006e-05 9.64665e-05 1.03117e-05 0.0785735 9.3412e-05 1.083e-05 5.58184e-06 2.86158e-06 1.73614e-05 
0.00017653 0.000740842 0.00123399 5.12916e-05 0.00297683 5.64412e-05 0.000914236 7.45151e-06 5.35087e-10 0.000953748 3.21105e-05 0.992857 2.42341e-10 1.77352e-09 
0.150536 0.00720795 1.91038e-09 5.24738e-09 0.022632 0.248946 0.404721 1.16249e-06 0.101954 0.0291712 0.0348256 3.93945e-06 5.77694e-10 1.57257e-06 
0.995381 5.86888e-06 0.0019242 2.43036e-05 0.00118126 2.59637e-05 0.000307137 5.67343e-06 5.90778e-06 0.00109757 9.09015e-06 9.41355e-06 2.67563e-06 1.95811e-05 
0.0394373 0.0862286 6.24399e-10 1.71509e-09 0.109052 1.83223e-09 0.0100774 4.58366e-07 0.0131871 3.43307e-06 0.741991 7.5925e-07 1.88817e-10 2.27251e-05 
0.00290591 0.0192696 0.010164 1.24564e-06 0.749496 0.000121743 0.00124297 2.77986e-05 0.00719856 0.0851367 0.000128779 0.123953 7.1886e-07 0.000353105 
2.0085e-06 1.29684e-08 1.95514e-08 5.37033e-08 0.0511612 6.63294e-05 2.65117e-08 1.72834e-06 0.94833 2.97226e-06 5.84412e-06 1.1864e-05 5.91229e-09 0.000418111 
0.00587682 0.00587929 0.00787728 8.84692e-08 0.65517 9.73515e-08 0.0132476 1.28526e-08 2.76972e-09 0.14016 0.000520675 0.171268 4.17996e-13 3.05902e-12 
0.000253688 7.30335e-05 0.520023 1.0094e-05 3.15505e-05 4.83152e-09 0.44435 1.05575e-09 0.0320714 1.73885e-06 1.69156e-09 0.000783156 4.97901e-10 0.00240207 
0.0234585 2.80664e-06 1.67079e-06 0.014841 0.00301716 5.05327e-06 0.00185652 4.97271e-06 0.933553 0.0224715 0.000315696 0.00047161 8.00407e-10 6.50686e-07 
0.165881 0.46483 1.88602e-07 5.18048e-07 9.61954e-08 4.35079e-05 2.55744e-07 1.20933e-07 0.364287 0.00495579 1.93763e-07 2.00656e-07 5.70328e-08 4.17384e-07 
0.585357 0.0294327 0.00037727 9.36952e-09 3.21883e-05 1.00095e-08 4.71841e-05 0.245557 2.5076e-06 0.139128 6.6237e-05 3.62911e-09 1.03151e-09 7.54889e-09 
0.0240596 0.0258974 8.78899e-06 1.00479e-08 0.150481 1.07342e-08 0.00303683 4.50969e-07 0.00396233 0.000315173 0.792231 7.55757e-07 1.10619e-09 7.48769e-06 
0.0240596 0.0258974 8.78899e-06 1.00479e-08 0.150481 1.07342e-08 0.00303683 4.50969e-07 0.00396233 0.000315173 0.792231 7.55757e-07 1.10619e-09 7.48769e-06 
5.51415e-06 0.0150482 0.8757 1.92102e-08 3.8885e-05 2.05223e-08 9.48347e-09 5.83423e-06 2.00842e-05 0.109065 0.000109939 6.70408e-06 2.11488e-09 1.54774e-08 
0.0117622 0.0176386 0.742315 9.14554e-05 0.0593474 1.83393e-06 0.02194 3.55762e-06 0.0071159 0.122263 9.9401e-05 0.0173704 1.76922e-07 5.09076e-05 
0.0240596 0.0258974 8.78899e-06 1.00479e-08 0.150481 1.07342e-08 0.00303683 4.50969e-07 0.00396233 0.000315173 0.792231 7.55757e-07 1.10619e-09 7.48769e-06 
0.688594 0.0745842 2.72638e-09 5.09311e-05 6.39803e-06 3.52093e-05 3.69697e-09 5.3146e-05 1.4929e-05 0.201173 0.0354542 2.90063e-09 8.24451e-10 3.43976e-05 
0.0291906 5.846e-07 0.145194 3.18496e-10 8.28565e-08 3.40251e-10 1.68253e-06 7.43496e-11 3.09761e-07 0.825613 1.31157e-07 1.23363e-10 3.50637e-11 1.28561e-07 
0.000174054 1.8122e-07 0.00215984 7.5045e-07 0.000999723 8.01709e-07 0.000459333 1.75185e-07 0.000565162 0.994817 0.00078267 3.94321e-05 8.26183e-08 6.04626e-07 
0.0584652 0.345795 0.184959 3.35912e-05 0.336092 8.44121e-05 0.0285117 0.00167805 0.00793431 0.0195739 0.000351246 0.0164482 1.18554e-05 6.16961e-05 
8.51523e-05 3.36465e-05 1.96867e-05 1.78165e-08 0.0403637 1.90335e-08 1.0531e-05 1.5778e-05 0.95932 5.20566e-05 6.66381e-09 5.27142e-06 1.96145e-09 9.45887e-05 
0.0240596 0.0258974 8.78899e-06 1.00479e-08 0.150481 1.07342e-08 0.00303683 4.50969e-07 0.00396233 0.000315173 0.792231 7.55757e-07 1.10619e-09 7.48769e-06 
0.0240596 0.0258974 8.78899e-06 1.00479e-08 0.150481 1.07342e-08 0.00303683 4.50969e-07 0.00396233 0.000315173 0.792231 7.55757e-07 1.10619e-09 7.48769e-06 
0.150536 0.00720795 1.91038e-09 5.24738e-09 0.022632 0.248946 0.404721 1.16249e-06 0.101954 0.0291712 0.0348256 3.93945e-06 5.77694e-10 1.57257e-06 
0.0300268 0.708728 2.83493e-06 2.57887e-07 2.74576e-06 8.98676e-07 1.72121e-06 0.000669139 0.132716 0.116931 0.0108701 1.83959e-07 1.56831e-07 5.00369e-05 
0.000228209 0.000564752 4.21301e-06 1.15722e-05 0.00039051 1.23627e-05 5.71284e-06 2.70141e-06 0.996014 0.000600242 0.00212722 4.48228e-06 1.27401e-06 3.30569e-05 
0.0462523 0.495038 0.0751242 1.14271e-05 0.0259772 2.43606e-05 0.013337 3.21638e-05 0.00103667 0.292455 0.00021238 0.0504913 3.01707e-06 5.02309e-06 
0.0813345 0.219366 6.67969e-06 9.50608e-10 0.308922 1.01554e-09 0.0135445 2.2191e-10 5.23158e-05 0.376747 3.55551e-10 2.39367e-06 1.04654e-10 2.48923e-05 
3.644e-05 7.81855e-05 0.204581 2.77587e-07 5.15447e-08 2.96548e-07 0.000151382 6.47999e-08 0.79501 1.73247e-05 0.000125111 1.07518e-07 3.05601e-08 2.23648e-07 
0.150536 0.00720795 1.91038e-09 5.24738e-09 0.022632 0.248946 0.404721 1.16249e-06 0.101954 0.0291712 0.0348256 3.93945e-06 5.77694e-10 1.57257e-06 
0.0160528 4.81513e-07 0.0194196 1.99399e-06 3.70261e-07 2.13019e-06 9.84372e-07 4.65477e-07 0.963876 3.04424e-05 0.000482273 7.72335e-07 2.19522e-07 0.000131265 
0.00104212 0.00506463 0.989429 2.4938e-07 4.63069e-08 2.66414e-07 0.00136666 5.82152e-08 0.00248547 0.000118153 9.32742e-08 0.00049272 2.74547e-08 2.00922e-07 
0.328158 0.0432589 9.43223e-09 2.59082e-08 0.312479 2.76779e-08 0.0389555 5.39447e-06 0.00244931 9.53753e-06 0.274662 2.11713e-06 2.85228e-09 2.02958e-05 
0.0394373 0.0862286 6.24399e-10 1.71509e-09 0.109052 1.83223e-09 0.0100774 4.58366e-07 0.0131871 3.43307e-06 0.741991 7.5925e-07 1.88817e-10 2.27251e-05 
0.157999 0.333122 0.000814372 7.06882e-05 0.0262445 0.0761836 0.0408204 0.00151314 0.00914683 0.225332 0.0209636 0.000370779 9.39048e-08 0.107419 
0.0110852 0.000575714 0.0520136 5.30062e-06 0.716689 0.000799656 3.25219e-06 2.43124e-07 2.51312e-05 0.218801 4.52169e-07 2.29268e-07 6.777e-08 4.14134e-07 
0.25239 0.074694 0.00986188 1.99955e-08 3.71293e-09 2.13613e-08 0.00762115 4.31856e-07 4.86055e-09 0.655431 7.47881e-09 1.42536e-06 2.20134e-09 1.61101e-08 
0.0117622 0.0176386 0.742315 9.14554e-05 0.0593474 1.83393e-06 0.02194 3.55762e-06 0.0071159 0.122263 9.9401e-05 0.0173704 1.76922e-07 5.09076e-05 
0.0154409 0.00777291 1.7142e-07 2.33009e-08 0.754108 0.00623921 0.00581058 5.18604e-05 0.104442 0.101695 0.000259732 0.00417973 1.37115e-08 2.02774e-07 
0.150536 0.00720795 1.91038e-09 5.24738e-09 0.022632 0.248946 0.404721 1.16249e-06 0.101954 0.0291712 0.0348256 3.93945e-06 5.77694e-10 1.57257e-06 
0.0444489 0.00362492 0.000222106 1.36834e-06 0.000557323 3.67021e-05 1.68867e-06 1.63522e-06 0.00291817 0.946769 0.000568785 0.000817229 7.16662e-07 3.12913e-05 
0.00145771 0.00442998 0.0185546 4.71123e-09 0.866384 0.000223964 0.00335906 6.77659e-06 8.86157e-09 0.0239159 4.18845e-05 0.0816257 2.22595e-14 1.62902e-13 
0.000814878 0.980445 4.71944e-06 1.29633e-05 2.40713e-06 1.38487e-05 6.39956e-06 3.02614e-06 0.0132379 0.00543714 4.84858e-06 5.02108e-06 1.42715e-06 1.04443e-05 
0.0117622 0.0176386 0.742315 9.14554e-05 0.0593474 1.83393e-06 0.02194 3.55762e-06 0.0071159 0.122263 9.9401e-05 0.0173704 1.76922e-07 5.09076e-05 
0.216315 0.000104181 2.4184e-06 6.64282e-06 1.23349e-06 7.19247e-05 0.00088203 1.5507e-06 0.00091126 0.778296 0.00339946 2.57297e-06 7.31319e-07 5.35202e-06 
0.695904 2.24196e-06 1.88669e-06 1.07943e-09 3.38758e-06 0.00556733 0.0199211 2.51981e-10 0.144983 0.0614824 0.072135 4.18096e-10 1.18836e-10 8.69678e-10 
0.0250421 0.544452 0.0212538 9.18322e-05 0.273337 2.67858e-05 0.0159728 1.18251e-05 0.00468623 0.109885 0.000157354 0.00508312 1.01351e-08 6.1496e-08 
1.20225e-06 1.08848e-08 0.0316317 4.50749e-08 0.0013916 4.81537e-08 2.22521e-08 1.05223e-08 0.957291 0.0042747 1.68591e-08 1.74589e-08 4.96237e-09 0.00540991 
0.0107778 0.00239822 0.00441134 3.55864e-06 0.706153 4.00725e-06 0.00179212 3.65412e-07 8.30513e-12 0.0123152 3.39318e-06 0.262141 3.76139e-12 2.7527e-11 
0.000431234 0.00159073 2.80268e-07 0.731036 0.174423 8.22417e-07 3.80043e-07 1.7971e-07 0.00789353 0.0846094 2.87936e-07 1.34806e-05 8.47523e-08 6.20243e-07 
0.0117622 0.0176386 0.742315 9.14554e-05 0.0593474 1.83393e-06 0.02194 3.55762e-06 0.0071159 0.122263 9.9401e-05 0.0173704 1.76922e-07 5.09076e-05 
0.000893391 0.000170679 0.125658 8.49585e-06 0.489346 8.02367e-08 0.26733 1.75329e-08 0.082504 0.0336099 0.00045954 2.00085e-05 8.26861e-09 6.05123e-08 
0.7637 5.87767e-07 0.143159 1.62609e-09 8.23588e-07 1.73716e-09 0.00238584 6.18504e-07 3.95273e-10 0.0907418 1.1079e-05 5.73066e-07 1.79019e-10 1.31012e-09 
3.71761e-05 0.000435778 9.97228e-05 8.75988e-07 1.62661e-07 9.35822e-07 0.000233254 2.0449e-07 0.99647 0.00255339 3.27641e-07 0.000166927 9.6439e-08 7.05771e-07 
0.0101926 9.87745e-05 1.25128e-08 3.43698e-08 6.38207e-09 0.000124876 4.4132e-05 1.60546e-05 0.928296 4.27077e-05 1.28551e-08 0.0611843 3.78383e-09 2.76912e-08 
0.150536 0.00720795 1.91038e-09 5.24738e-09 0.022632 0.248946 0.404721 1.16249e-06 0.101954 0.0291712 0.0348256 3.93945e-06 5.77694e-10 1.57257e-06 
0.0240596 0.0258974 8.78899e-06 1.00479e-08 0.150481 1.07342e-08 0.00303683 4.50969e-07 0.00396233 0.000315173 0.792231 7.55757e-07 1.10619e-09 7.48769e-06 
1.58935e-06 5.6308e-10 8.48911e-10 2.33177e-09 0.089522 5.25635e-05 1.15112e-09 1.36137e-06 0.902137 2.35421e-06 8.72139e-10 9.39385e-06 2.56709e-10 0.00827411 
0.150536 0.00720795 1.91038e-09 5.24738e-09 0.022632 0.248946 0.404721 1.16249e-06 0.101954 0.0291712 0.0348256 3.93945e-06 5.77694e-10 1.57257e-06 
0.0117622 0.0176386 0.742315 9.14554e-05 0.0593474 1.83393e-06 0.02194 3.55762e-06 0.0071159 0.122263 9.9401e-05 0.0173704 1.76922e-07 5.09076e-05 
0.000556438 0.000749638 0.00526951 3.44541e-06 6.39773e-07 3.68075e-06 1.70089e-06 8.04297e-07 0.993381 2.70237e-05 1.28867e-06 1.33452e-06 3.79312e-07 2.77592e-06 
0.000304097 2.57026e-05 3.87497e-05 0.000106437 0.00075027 0.000113707 5.25446e-05 2.48466e-05 0.00151138 0.996894 3.981e-05 4.12263e-05 1.17178e-05 8.57546e-05 
0.996391 1.15455e-05 1.74063e-05 4.78113e-05 8.87799e-06 5.1077e-05 2.36029e-05 1.1161e-05 1.16221e-05 0.00334533 1.78826e-05 1.85188e-05 5.26362e-06 3.85208e-05 
0.150536 0.00720795 1.91038e-09 5.24738e-09 0.022632 0.248946 0.404721 1.16249e-06 0.101954 0.0291712 0.0348256 3.93945e-06 5.77694e-10 1.57257e-06 
9.55308e-06 8.74758e-06 1.94487e-09 5.34212e-09 0.00747383 5.31652e-06 9.11808e-06 3.73139e-06 0.992046 2.74379e-05 5.93691e-05 0.000349207 5.88124e-10 8.07726e-06 
0.00929918 0.0175167 0.0459461 2.23079e-05 0.80183 0.000109589 0.00643745 2.15911e-09 3.78324e-09 0.0732893 0.000257735 0.0452918 7.02194e-14 5.13888e-13 
0.156963 0.31833 0.0293895 8.60173e-06 0.427163 0.000759341 0.0376028 0.00146157 0.0282955 4.83696e-07 1.82421e-07 4.67049e-07 1.55157e-07 2.43024e-05 
0.000574537 0.000326884 2.98659e-08 8.2035e-08 0.000705298 0.000359405 0.00344238 4.40646e-05 0.993542 0.000796335 3.06831e-08 0.000149373 9.03137e-09 5.95514e-05 
0.150536 0.00720795 1.91038e-09 5.24738e-09 0.022632 0.248946 0.404721 1.16249e-06 0.101954 0.0291712 0.0348256 3.93945e-06 5.77694e-10 1.57257e-06 
0.0160528 4.81513e-07 0.0194196 1.99399e-06 3.70261e-07 2.13019e-06 9.84372e-07 4.65477e-07 0.963876 3.04424e-05 0.000482273 7.72335e-07 2.19522e-07 0.000131265 
0.000122285 6.442e-05 1.83107e-07 5.02955e-07 0.000464793 0.000136656 2.48293e-07 1.26141e-06 0.992264 0.00634583 1.88117e-07 0.000533577 5.53712e-08 6.62112e-05 
0.0394373 0.0862286 6.24399e-10 1.71509e-09 0.109052 1.83223e-09 0.0100774 4.58366e-07 0.0131871 3.43307e-06 0.741991 7.5925e-07 1.88817e-10 2.27251e-05 
0.243262 1.01951e-05 0.211958 3.35984e-09 4.79835e-06 4.23168e-06 8.98911e-06 7.84321e-10 0.0216404 0.146368 0.376743 1.30137e-09 3.69891e-10 2.70698e-09 
0.0352213 0.621373 0.0431227 6.35543e-06 0.0584597 3.39702e-05 0.00715308 1.75038e-05 0.00069018 0.206724 0.000115206 0.027078 1.67017e-06 2.86563e-06 
0.0304611 8.10683e-06 0.0584693 6.25669e-07 0.094601 2.18031e-06 4.17588e-06 5.07162e-07 0.210051 0.484881 3.1392e-06 4.4631e-07 1.01492e-07 0.121518 
0.00747304 3.26655e-06 5.44096e-06 2.26157e-07 1.31256e-05 2.48863e-07 4.03109e-06 3.28555e-08 2.35933e-12 0.992457 1.41583e-07 4.3344e-05 1.06854e-12 7.81989e-12 
6.06479e-07 1.75593e-10 2.64728e-10 7.27148e-10 1.74193e-06 0.00119055 1.11317e-06 1.69745e-10 0.998805 4.34862e-07 2.71971e-10 6.19905e-07 8.0053e-11 5.85853e-10 
0.988215 4.68823e-07 7.13876e-05 1.94144e-06 0.00151447 0.00435759 9.5843e-07 4.5321e-07 0.00287925 0.00295519 7.26147e-07 7.51982e-07 2.13737e-07 1.56419e-06 
1.18099e-05 3.11764e-09 0.479837 1.29105e-08 0.174489 1.37923e-08 4.46781e-06 3.01381e-09 0.345625 3.25852e-05 4.82883e-09 5.00062e-09 1.42133e-09 1.04018e-08 
0.0311665 0.0578207 3.2357e-06 1.05437e-08 0.0571252 1.12639e-08 0.00659426 1.26177e-05 0.00653661 0.000538952 0.840175 6.36884e-06 1.16077e-09 2.00644e-05 
0.00848875 0.22145 0.286215 2.06388e-09 0.0225417 2.20486e-09 8.05013e-06 4.81793e-10 1.35507e-06 0.461293 2.23941e-06 7.99407e-10 2.27217e-10 1.66284e-09 
9.28952e-06 4.16238e-08 6.27529e-08 1.72368e-07 8.9651e-05 1.84142e-07 8.50928e-08 4.02376e-08 0.986037 0.0137243 6.44699e-08 6.67636e-08 1.89763e-08 0.000139013 
0.000201045 0.919683 8.04115e-06 1.5219e-05 0.00126791 1.41006e-05 9.64665e-05 1.03117e-05 0.0785735 9.3412e-05 1.083e-05 5.58184e-06 2.86158e-06 1.73614e-05 
2.11938e-06 6.3791e-09 9.61725e-09 2.64165e-08 6.62224e-05 7.00485e-05 1.3041e-08 1.81902e-06 0.995992 3.13802e-06 9.88041e-09 0.00348717 2.90824e-09 0.000377091 
0.00145771 0.00442998 0.0185546 4.71123e-09 0.866384 0.000223964 0.00335906 6.77659e-06 8.86157e-09 0.0239159 4.18845e-05 0.0816257 2.22595e-14 1.62902e-13 
0.00196634 0.00275863 0.773469 3.65997e-07 0.17417 4.12527e-07 0.0180585 3.69361e-08 0.00017281 0.0013192 3.5397e-07 0.0280836 7.02825e-12 5.14349e-11 
1.73317e-07 0.000422942 6.3577e-11 8.23625e-07 0.0286859 0.000429243 8.62104e-11 1.50994e-07 0.946583 0.00562449 7.54915e-08 0.0181204 1.92255e-11 0.000133285 
