0.173383 0.000130885 5.02522e-11 2.84362e-08 0.000786198 0.00740461 4.69563e-05 0.017767 0.0135955 0.690871 0.0133938 4.43086e-06 0.0826169 2.45408e-13 
0.0808404 0.0021237 0.00416431 0.000568209 0.298349 0.000330054 0.000312652 0.0656045 0.398281 0.0289066 0.0293655 0.0176217 0.0735019 3.0902e-05 
0.120806 0.0827786 0.0805146 0.0024307 0.0361285 9.09953e-05 0.0249491 0.0110834 0.0645908 0.491324 0.0106468 0.0536887 0.0209517 1.68995e-05 
0.00220533 0.000348432 0.000180884 0.000100406 0.00929687 5.93317e-06 0.000777075 2.4844e-05 7.48676e-05 0.00318049 5.00377e-05 0.983446 0.000308025 3.90407e-07 
0.190638 0.00493909 0.00831068 0.000998456 0.113554 0.0057248 0.275074 0.017745 0.0225643 0.22856 0.0607953 0.00905533 0.0620113 2.91818e-05 
0.00220533 0.000348432 0.000180884 0.000100406 0.00929687 5.93317e-06 0.000777075 2.4844e-05 7.48676e-05 0.00318049 5.00377e-05 0.983446 0.000308025 3.90407e-07 
0.081753 0.00131443 0.0121113 7.74248e-06 0.00864587 0.000186809 0.00412178 0.00121895 0.0127393 0.86645 0.00247294 3.53854e-05 0.00894184 2.20476e-07 
0.120694 0.289495 0.0911996 2.13484e-06 0.0151739 1.85641e-05 0.0199872 0.0216443 0.0252099 0.301214 0.0101807 0.000150996 0.10503 1.64544e-07 
0.00241089 0.000893933 0.0120806 3.55331e-06 0.000609744 3.1384e-05 0.00071805 0.0798932 0.00029575 0.000772928 0.507921 2.94968e-07 0.394369 2.31178e-10 
0.0545908 0.0153617 0.00808405 0.000224812 0.181839 0.000111622 0.14546 0.134904 0.0282549 0.233884 0.0176415 0.118808 0.0607538 8.1161e-05 
0.0614125 0.00116537 0.00753794 0.000130782 0.0236257 0.00899551 0.00356117 0.0898139 0.464982 0.208566 0.0115139 0.00041098 0.118257 2.80418e-05 
0.0264111 0.123626 0.000760831 0.445367 0.218854 0.00256258 0.00591972 0.000793181 0.137989 0.0199771 0.0011799 5.19824e-05 0.0165075 1.50586e-10 
0.564424 0.0455784 0.00126272 0.000158647 0.19593 0.000183019 0.00575296 0.000106204 0.00157191 0.181383 0.00171104 2.68048e-07 0.00193717 5.14114e-11 
0.629132 0.0206333 0.0208451 0.00142156 0.0597616 0.0014974 0.0203341 0.147673 0.00773136 0.0501628 0.014809 0.00133683 0.0246586 3.13503e-06 
0.0927002 0.0290439 0.0134885 0.0016731 0.269358 0.0106163 0.00610416 0.0157668 0.0180956 0.492421 0.0082618 0.00189524 0.0399741 0.000601337 
0.338883 0.0337711 0.00191624 0.0132673 0.190184 0.000242418 0.00392453 0.243055 0.017887 0.106615 0.00207039 0.00379388 0.044342 4.85258e-05 
0.00220533 0.000348432 0.000180884 0.000100406 0.00929687 5.93317e-06 0.000777075 2.4844e-05 7.48676e-05 0.00318049 5.00377e-05 0.983446 0.000308025 3.90407e-07 
0.00220533 0.000348432 0.000180884 0.000100406 0.00929687 5.93317e-06 0.000777075 2.4844e-05 7.48676e-05 0.00318049 5.00377e-05 0.983446 0.000308025 3.90407e-07 
0.433013 0.0441593 0.00122673 0.0285331 0.0154555 0.0220345 0.0395394 0.000774684 0.164682 0.139335 0.00938834 0.0104396 0.0911212 0.000296861 
0.164302 0.0161937 0.0275515 0.00703947 0.0500653 0.000391828 0.0122036 0.0542725 0.0034847 0.584543 0.0107981 6.1439e-05 0.0690581 3.49908e-05 
0.0585725 0.0112386 0.00461395 0.000133474 0.0993017 0.00432486 0.00731949 0.00845245 0.625247 0.0390601 0.0490424 0.0592529 0.0334221 1.84951e-05 
0.334208 0.00145137 0.0232774 6.66616e-05 0.0431917 0.285335 0.00108575 0.000586355 0.00248783 0.00435001 0.00354014 0.277055 0.0233596 5.2415e-06 
0.00220533 0.000348432 0.000180884 0.000100406 0.00929687 5.93317e-06 0.000777075 2.4844e-05 7.48676e-05 0.00318049 5.00377e-05 0.983446 0.000308025 3.90407e-07 
0.0120681 0.0132456 0.00281033 7.38388e-05 0.0756032 5.62968e-05 0.00433686 0.702798 0.00152807 0.181794 0.000663649 4.93561e-05 0.00496504 7.69246e-06 
0.711659 0.00918948 0.000647456 0.00053359 0.160469 0.000912826 0.00158897 0.0112399 0.020202 0.045546 0.00167271 0.000124584 0.0361512 6.34558e-05 
0.0577644 0.0153748 0.0032687 6.21872e-05 0.00399137 0.00775752 0.000362828 0.302199 0.019834 0.2237 0.0410516 0.0231028 0.30149 4.15023e-05 
0.066248 0.00756147 0.0506741 0.0113544 0.742358 0.000975913 0.00108889 0.000527233 0.0569145 0.0296557 0.000240801 0.0176776 0.0147218 1.44092e-06 
0.00220533 0.000348432 0.000180884 0.000100406 0.00929687 5.93317e-06 0.000777075 2.4844e-05 7.48676e-05 0.00318049 5.00377e-05 0.983446 0.000308025 3.90407e-07 
0.490664 0.00532422 0.00484626 0.00115039 0.0108827 0.00509597 0.00840153 0.00493087 0.0268472 0.205687 0.205482 5.28429e-06 0.0306811 1.15718e-06 
0.66643 0.0148383 0.00481534 0.000572802 0.0203143 0.00101512 0.00419404 0.0205336 0.00833522 0.190147 0.0207442 0.000511927 0.0475426 5.96654e-06 
0.716452 0.0389936 0.000393276 0.00203431 0.0505761 0.0215431 0.00521122 0.0256278 0.0141751 0.0565417 0.00667602 0.00805805 0.0536363 8.19146e-05 
0.00220533 0.000348432 0.000180884 0.000100406 0.00929687 5.93317e-06 0.000777075 2.4844e-05 7.48676e-05 0.00318049 5.00377e-05 0.983446 0.000308025 3.90407e-07 
0.0843023 0.0623559 0.000275444 6.79937e-06 0.0224496 0.00781565 0.0109754 0.0128608 0.594101 0.133276 0.00595861 0.000893437 0.0647281 8.11313e-07 
0.0310774 9.4304e-05 3.02643e-06 8.03744e-06 0.000164227 0.811253 8.62219e-05 0.0239978 0.000606096 0.0143774 0.00270944 1.47421e-05 0.115607 1.72767e-06 
0.00220533 0.000348432 0.000180884 0.000100406 0.00929687 5.93317e-06 0.000777075 2.4844e-05 7.48676e-05 0.00318049 5.00377e-05 0.983446 0.000308025 3.90407e-07 
0.475645 0.0922996 0.00126423 0.00574205 0.0490214 0.000458684 0.0047485 0.00575175 0.0160182 0.306259 0.0179753 0.00192306 0.0227249 0.000168942 
0.00220533 0.000348432 0.000180884 0.000100406 0.00929687 5.93317e-06 0.000777075 2.4844e-05 7.48676e-05 0.00318049 5.00377e-05 0.983446 0.000308025 3.90407e-07 
0.691809 0.0523699 0.00912419 7.06782e-06 0.0962144 2.71626e-06 0.00547434 0.000204091 0.00591121 0.0516784 0.040102 8.83485e-05 0.0470128 1.87936e-06 
0.0728817 0.0315768 0.00495436 7.24366e-05 0.336165 0.244486 0.00565117 0.00824887 0.089816 0.0745385 0.0070782 0.000169153 0.124325 3.75171e-05 
0.0879251 0.0079371 0.0020866 0.00313543 0.450556 0.0038416 0.00165415 0.00936167 0.0819859 0.145824 0.0565521 0.0850321 0.0640369 7.09672e-05 
0.00384565 8.03068e-05 4.6628e-05 2.75867e-07 0.00218958 0.00350588 0.000151555 6.23992e-05 0.918607 0.00471931 0.0118641 0.000234308 0.0546929 2.22262e-07 
0.00220533 0.000348432 0.000180884 0.000100406 0.00929687 5.93317e-06 0.000777075 2.4844e-05 7.48676e-05 0.00318049 5.00377e-05 0.983446 0.000308025 3.90407e-07 
0.0561508 0.00909648 0.00208309 0.0213078 0.0569858 0.00381092 0.00344659 0.622653 0.0229574 0.0580539 0.0098496 0.00255156 0.130205 0.000848807 
0.00220533 0.000348432 0.000180884 0.000100406 0.00929687 5.93317e-06 0.000777075 2.4844e-05 7.48676e-05 0.00318049 5.00377e-05 0.983446 0.000308025 3.90407e-07 
0.00275582 4.51613e-08 5.81997e-10 1.94544e-08 0.0147616 2.82653e-05 4.81831e-09 0.92524 0.000952877 5.21604e-07 0.00183295 0.000123293 0.0543047 2.37963e-12 
0.0773311 0.0388691 0.00527341 0.00285837 0.153785 0.00067825 0.0193763 0.00987907 0.0464414 0.596438 0.00888511 0.00242352 0.037239 0.000522886 
0.00220533 0.000348432 0.000180884 0.000100406 0.00929687 5.93317e-06 0.000777075 2.4844e-05 7.48676e-05 0.00318049 5.00377e-05 0.983446 0.000308025 3.90407e-07 
0.260913 0.0385959 0.0269686 0.00182508 0.0852937 0.00172981 0.0226714 0.0133433 0.0148509 0.47495 0.00980609 0.000811993 0.0478574 0.000382622 
0.179928 0.00341201 0.0307391 3.08672e-05 0.0182892 1.30434e-05 0.0437387 0.0017563 0.071688 0.229648 0.0295339 0.00439194 0.386821 9.75712e-06 
0.0366541 0.00029959 0.00355821 6.08999e-05 0.0049677 0.38045 0.00611682 0.0338911 0.0458677 0.0916952 0.016327 0.000251966 0.379816 4.37855e-05 
0.557615 0.0126782 0.0107807 0.00151712 0.373828 0.000104377 0.00208654 0.00018944 0.000212585 0.017812 0.000332636 0.00101394 0.0218277 1.64471e-06 
0.528449 0.0460121 0.00501665 0.000889491 0.0438801 0.000684421 0.141561 0.0168866 0.0585433 0.116781 0.0145591 0.00443581 0.021892 0.000408549 
0.34842 0.0102702 0.00403405 4.1088e-05 0.472331 0.000149936 0.00343529 0.000223795 0.00432834 0.118035 0.000229996 0.0294943 0.00897089 3.59116e-05 
0.28006 0.000356922 4.11502e-06 1.89625e-05 0.00165381 0.00347052 0.000543249 0.0405347 0.0117129 0.546548 0.00298873 1.32774e-05 0.112094 5.96461e-07 
0.0328621 0.024425 0.335716 3.02296e-05 0.345178 2.88494e-05 0.0164151 8.01687e-05 0.00709834 0.163275 0.0283373 0.0427269 0.00382805 1.91518e-07 
0.00220533 0.000348432 0.000180884 0.000100406 0.00929687 5.93317e-06 0.000777075 2.4844e-05 7.48676e-05 0.00318049 5.00377e-05 0.983446 0.000308025 3.90407e-07 
0.0648822 0.00907311 0.0031633 0.00028746 0.00443199 0.00677022 0.00131003 0.21702 0.0105669 0.0994319 0.0430023 0.0119703 0.52807 2.04822e-05 
0.321554 0.25884 0.00145705 0.000911904 0.0239606 0.000309155 0.0114072 0.020236 0.0117062 0.275842 0.0251572 0.00155326 0.0468211 0.00024479 
0.145035 0.00713188 0.0149278 0.000729344 0.229502 0.000207524 0.0563649 0.00250196 0.0763962 0.291727 0.0824195 0.0598442 0.0332004 1.26429e-05 
0.00220533 0.000348432 0.000180884 0.000100406 0.00929687 5.93317e-06 0.000777075 2.4844e-05 7.48676e-05 0.00318049 5.00377e-05 0.983446 0.000308025 3.90407e-07 
0.00220533 0.000348432 0.000180884 0.000100406 0.00929687 5.93317e-06 0.000777075 2.4844e-05 7.48676e-05 0.00318049 5.00377e-05 0.983446 0.000308025 3.90407e-07 
0.00220533 0.000348432 0.000180884 0.000100406 0.00929687 5.93317e-06 0.000777075 2.4844e-05 7.48676e-05 0.00318049 5.00377e-05 0.983446 0.000308025 3.90407e-07 
0.00728203 0.000645326 6.37719e-05 5.95415e-10 0.000392259 6.36085e-10 4.40671e-08 3.73591e-07 0.988446 0.000392593 2.4426e-06 0.00277418 8.9189e-07 4.79718e-10 
0.153632 0.739213 1.94631e-05 9.69679e-08 1.03882e-08 4.45335e-06 0.00603212 0.0132695 0.00163482 0.0594071 0.000463298 1.863e-09 0.0263245 1.63546e-09 
0.00220533 0.000348432 0.000180884 0.000100406 0.00929687 5.93317e-06 0.000777075 2.4844e-05 7.48676e-05 0.00318049 5.00377e-05 0.983446 0.000308025 3.90407e-07 
0.0522605 0.0129004 0.00808679 0.145218 0.0384121 0.000180516 0.0351305 0.0360613 0.00992006 0.0301658 0.0374303 0.000233726 0.593923 7.69013e-05 
0.127039 0.00450053 0.112504 8.73948e-05 0.0262935 0.005386 0.00242948 0.0744362 0.0121582 0.487854 0.027904 1.30546e-05 0.119392 2.87441e-06 
0.00220533 0.000348432 0.000180884 0.000100406 0.00929687 5.93317e-06 0.000777075 2.4844e-05 7.48676e-05 0.00318049 5.00377e-05 0.983446 0.000308025 3.90407e-07 
0.258686 5.35967e-06 2.20499e-06 0.00889883 2.37513e-06 2.98807e-06 0.000501241 4.18033e-05 0.456525 0.0668028 0.000454968 1.01837e-05 0.208065 1.03716e-06 
0.00220533 0.000348432 0.000180884 0.000100406 0.00929687 5.93317e-06 0.000777075 2.4844e-05 7.48676e-05 0.00318049 5.00377e-05 0.983446 0.000308025 3.90407e-07 
0.00220533 0.000348432 0.000180884 0.000100406 0.00929687 5.93317e-06 0.000777075 2.4844e-05 7.48676e-05 0.00318049 5.00377e-05 0.983446 0.000308025 3.90407e-07 
0.00220533 0.000348432 0.000180884 0.000100406 0.00929687 5.93317e-06 0.000777075 2.4844e-05 7.48676e-05 0.00318049 5.00377e-05 0.983446 0.000308025 3.90407e-07 
0.930521 0.00116941 7.85754e-08 1.96442e-08 0.0248417 5.98142e-05 0.00130909 7.8847e-09 0.000639656 0.0240406 2.82677e-05 0.000617912 0.0167728 3.56207e-09 
0.00275582 4.51613e-08 5.81997e-10 1.94544e-08 0.0147616 2.82653e-05 4.81831e-09 0.92524 0.000952877 5.21604e-07 0.00183295 0.000123293 0.0543047 2.37963e-12 
0.0559686 0.0198821 0.185062 0.000298906 0.174046 8.06779e-05 0.0100121 0.00946928 0.0100733 0.517892 0.00155882 0.00243125 0.013219 6.38405e-06 
0.0310774 9.4304e-05 3.02643e-06 8.03744e-06 0.000164227 0.811253 8.62219e-05 0.0239978 0.000606096 0.0143774 0.00270944 1.47421e-05 0.115607 1.72767e-06 
0.0329203 0.0574181 0.0385026 0.0151713 0.0948759 0.000113097 0.00232597 0.00258387 0.490571 0.13575 0.0725126 0.0255644 0.03169 2.4286e-08 
0.660339 0.0189549 0.000562309 0.00341644 0.145679 0.00397556 0.00393721 0.0601356 0.000908506 0.0444645 0.00125282 0.00981662 0.0465523 5.68098e-06 
0.112815 0.0037702 0.00821505 0.000189788 0.729088 0.00185734 7.59396e-05 0.000348428 0.0542922 0.0414026 0.00303525 0.000130688 0.044725 5.49441e-05 
0.122375 0.226371 0.0198372 0.0119818 0.153082 4.75673e-05 0.118702 0.000791733 0.0858252 0.235966 0.00472086 0.000651016 0.0196238 2.52862e-05 
0.108636 0.0458079 0.00976347 0.000368258 0.305591 0.000246191 0.0380045 0.00182957 0.011375 0.352972 0.00148118 0.0613603 0.0625607 4.22742e-06 
0.144684 0.0269673 0.0629377 0.00215228 0.0750138 0.0019781 0.015169 0.00688768 0.0144099 0.611893 0.0108769 0.00222517 0.0243425 0.000463018 
1.01821e-05 0.779295 3.30265e-06 7.00285e-06 0.00611427 2.42564e-05 0.0200686 0.000541544 0.184082 0.00257229 0.00109289 9.24871e-07 0.00618656 7.46372e-07 
0.0972641 0.00941597 0.00758727 0.0590186 0.022603 0.000334114 0.0340203 0.0822505 0.0567011 0.0283064 0.0647067 0.000659597 0.537024 0.000108252 
0.882296 0.00177338 0.00023399 1.29396e-07 0.000233787 0.00415036 0.000150452 0.00769115 0.00241766 0.0546808 0.000849629 1.56343e-05 0.0455071 1.2576e-07 
0.0175517 0.00257961 0.0172465 7.08557e-05 0.0403577 0.000209305 0.00869605 3.87712e-05 0.030828 0.0403853 0.00236882 0.825352 0.0143046 1.11871e-05 
0.505954 0.0421227 0.0109201 0.000246267 0.0941446 0.00012831 0.00966787 0.000664341 0.00498849 0.292605 0.00213082 0.00288743 0.033536 3.71131e-06 
0.917609 0.0170264 0.000187133 1.80736e-05 0.00843786 0.000764939 0.000869828 0.00143806 0.00164379 0.0321743 0.00191275 1.94499e-05 0.0178968 1.85828e-06 
0.00220533 0.000348432 0.000180884 0.000100406 0.00929687 5.93317e-06 0.000777075 2.4844e-05 7.48676e-05 0.00318049 5.00377e-05 0.983446 0.000308025 3.90407e-07 
0.0644297 0.0172564 0.0113589 0.00490062 0.0156126 0.000768598 0.0301291 0.220772 0.0268129 0.056864 0.0837051 0.00508438 0.461906 0.000399396 
0.245009 0.0117861 0.00193845 2.74475e-06 0.00449023 8.57673e-05 0.00402273 0.0009526 0.0158178 0.683648 0.00270796 6.82173e-05 0.02947 8.59143e-08 
0.0667042 0.0021662 0.00075416 0.00945516 0.0221576 0.014514 0.00198202 0.326564 0.0149413 0.0172032 0.00671429 0.000227444 0.516592 2.46493e-05 
0.0631123 0.00288552 0.0106725 0.00186839 0.0212239 0.000632894 0.0183127 0.00674736 0.00614418 0.012177 0.0356634 0.00309733 0.817255 0.000207553 
0.00220533 0.000348432 0.000180884 0.000100406 0.00929687 5.93317e-06 0.000777075 2.4844e-05 7.48676e-05 0.00318049 5.00377e-05 0.983446 0.000308025 3.90407e-07 
0.120655 0.0299033 0.0645186 0.00100109 0.00785291 0.0031103 0.00929533 0.0204559 0.050532 0.542552 0.0553599 7.29306e-05 0.0946771 1.38314e-05 
0.0866384 0.0030633 0.000164899 0.0026369 0.182305 0.000742477 0.00439955 0.00331666 0.632776 0.0429915 0.000294606 0.031312 0.00921485 0.000144039 
0.482632 0.00834728 0.00192286 0.000184493 0.176658 0.00169504 0.000614473 0.00673414 0.0470873 0.114111 0.013052 0.000862461 0.1461 2.8753e-08 
0.0426068 0.0188392 0.477445 0.000622398 0.0349743 4.47598e-05 0.0633894 0.000989836 0.0112032 0.0579747 0.186122 2.88085e-05 0.10576 9.29843e-08 
0.0824595 0.0149506 0.0312897 0.000773083 0.687015 0.000295349 0.0069085 0.00065033 0.00826301 0.152494 0.0107681 8.87548e-05 0.00403985 4.52641e-06 
0.13605 0.0216098 0.0482078 0.0032229 0.077824 0.00461763 0.0160033 0.0281855 0.316084 0.209382 0.0286054 0.0103866 0.0978783 0.00194208 
0.141389 0.00334751 6.68522e-06 3.50282e-05 0.00189343 0.00888827 0.000865895 0.711316 0.000414548 0.00841685 0.000841376 6.10476e-06 0.122579 1.68875e-07 
0.00220533 0.000348432 0.000180884 0.000100406 0.00929687 5.93317e-06 0.000777075 2.4844e-05 7.48676e-05 0.00318049 5.00377e-05 0.983446 0.000308025 3.90407e-07 
0.00220533 0.000348432 0.000180884 0.000100406 0.00929687 5.93317e-06 0.000777075 2.4844e-05 7.48676e-05 0.00318049 5.00377e-05 0.983446 0.000308025 3.90407e-07 
0.00220533 0.000348432 0.000180884 0.000100406 0.00929687 5.93317e-06 0.000777075 2.4844e-05 7.48676e-05 0.00318049 5.00377e-05 0.983446 0.000308025 3.90407e-07 
0.771358 0.0287257 0.000568838 0.000229549 0.00203204 0.00101431 0.0158759 0.0242977 0.0368289 0.0438485 0.0136304 0.0158252 0.0457503 1.50682e-05 
0.00220533 0.000348432 0.000180884 0.000100406 0.00929687 5.93317e-06 0.000777075 2.4844e-05 7.48676e-05 0.00318049 5.00377e-05 0.983446 0.000308025 3.90407e-07 
0.745856 0.0407017 0.000189399 0.000132179 0.0412908 0.000208605 0.00254672 0.0458749 0.00488579 0.112659 0.000502019 0.000186452 0.0049048 6.1447e-05 
0.255965 0.000924555 1.04326e-08 4.90591e-08 0.000400249 0.00300936 0.00069888 0.0210171 0.0299893 0.388573 0.0113986 2.62599e-05 0.287997 2.77087e-09 
0.0944303 0.0336322 0.00408662 0.00711712 0.261343 0.000308053 0.00467211 0.0618167 0.242649 0.124725 0.00752282 0.0677421 0.0898934 6.13071e-05 
0.122744 0.0161241 0.0278819 0.000106683 0.0681673 5.84683e-05 0.0672618 0.00482941 0.159685 0.424975 0.0368995 0.00388964 0.0673771 4.65787e-07 
0.0529337 0.0166448 0.0032194 0.0186474 0.084335 0.0453284 0.0129094 0.0117911 0.414516 0.0476837 0.00928059 0.00117186 0.280597 0.000941079 
0.00220533 0.000348432 0.000180884 0.000100406 0.00929687 5.93317e-06 0.000777075 2.4844e-05 7.48676e-05 0.00318049 5.00377e-05 0.983446 0.000308025 3.90407e-07 
0.740828 0.0179462 0.000156769 0.0012387 0.0975339 0.00226646 0.00328299 0.0482271 0.00419253 0.0392126 0.00080194 0.004098 0.040198 1.64827e-05 
0.00220533 0.000348432 0.000180884 0.000100406 0.00929687 5.93317e-06 0.000777075 2.4844e-05 7.48676e-05 0.00318049 5.00377e-05 0.983446 0.000308025 3.90407e-07 
0.0692513 0.00833792 3.45127e-09 6.45006e-06 0.00210961 8.75616e-05 0.000216213 0.000679683 0.00579164 0.821825 0.0218483 1.84059e-05 0.0698281 1.18e-12 
0.169242 0.00906947 8.47448e-05 8.82313e-06 0.0062533 0.00613282 0.000237181 0.00593189 0.0197028 0.564217 0.0564869 0.0247402 0.137889 4.63051e-06 
0.158882 0.000945955 7.50351e-08 1.6762e-07 0.00760865 0.000247705 0.000318036 0.00395819 0.00110357 0.0282366 0.0117777 5.16938e-06 0.786916 9.59214e-09 
0.0422594 0.0236053 0.00219172 6.51856e-05 0.21701 0.0158964 0.00457048 0.0656928 0.237948 0.225047 0.00522604 0.000262784 0.160186 3.91025e-05 
0.309782 0.00430558 0.00204505 2.41744e-05 0.00996866 0.00572698 0.000870703 0.015858 0.00650273 0.540748 0.0170769 8.84758e-06 0.087078 4.18831e-06 
0.065896 0.22193 0.027669 5.22464e-05 0.0170689 0.00127407 0.00608046 0.101047 0.0182853 0.475816 0.0213276 0.000571945 0.0429712 1.07268e-05 
0.843441 0.00928028 0.00546922 2.91895e-05 0.00161452 0.000640455 0.00482342 0.0285242 0.000219091 0.0737749 0.00886132 7.62536e-05 0.023245 1.0995e-06 
0.228243 0.00684731 0.00798593 0.000233841 0.353355 9.59109e-05 0.0143465 0.000621744 0.198525 0.0759788 0.0369057 9.63237e-06 0.0768482 3.71986e-06 
0.0100637 0.0390331 1.84492e-08 0.000537932 0.190836 0.000905162 0.000114324 0.00215795 0.716703 0.0275337 0.000712043 0.0009734 0.0104299 3.98493e-11 
0.413184 0.0655768 4.64694e-05 0.013051 0.324393 0.000102254 0.00343476 0.0003601 0.0573491 0.100857 0.000251555 0.00179706 0.0195715 2.55395e-05 
0.461451 0.000883612 0.000106801 0.00386961 0.079711 0.00933769 0.00103057 0.0124261 0.00165206 0.0174301 0.0058686 4.23407e-05 0.406189 1.51435e-06 
0.00220533 0.000348432 0.000180884 0.000100406 0.00929687 5.93317e-06 0.000777075 2.4844e-05 7.48676e-05 0.00318049 5.00377e-05 0.983446 0.000308025 3.90407e-07 
0.00220533 0.000348432 0.000180884 0.000100406 0.00929687 5.93317e-06 0.000777075 2.4844e-05 7.48676e-05 0.00318049 5.00377e-05 0.983446 0.000308025 3.90407e-07 
0.337084 0.056968 0.00089506 0.136966 0.0938182 0.000133111 0.0122106 0.0433102 0.0077661 0.284499 0.00111581 0.0137186 0.0114175 9.76307e-05 
0.00220533 0.000348432 0.000180884 0.000100406 0.00929687 5.93317e-06 0.000777075 2.4844e-05 7.48676e-05 0.00318049 5.00377e-05 0.983446 0.000308025 3.90407e-07 
0.00848371 0.00270746 0.00026882 0.849126 0.102016 9.89544e-05 0.000524973 0.0087178 0.00130404 0.00343362 0.000453621 0.00652976 0.016276 5.91436e-05 
1.84926e-06 4.72485e-06 3.9444e-08 1.66085e-12 0.000719276 0.998343 8.14079e-11 0.00023754 3.68409e-05 8.77376e-07 2.96801e-05 0.00019214 0.000433652 1.33812e-12 
0.348444 0.106687 0.00107349 0.0209398 0.191418 0.000779408 0.0367121 0.0331638 0.0024339 0.179367 0.00217058 0.00119072 0.0756132 7.43506e-06 
0.33018 0.197311 0.00626576 0.003275 0.252606 0.00315557 0.0405769 0.00355137 0.0087249 0.0973938 0.00385314 0.0105143 0.0424445 0.000147733 
0.0174074 0.00804056 0.0787891 0.0154753 0.766932 7.73078e-05 0.000108871 0.0269665 0.0169067 0.03766 0.000440477 0.00714638 0.0239943 5.5465e-05 
0.360962 0.0538765 0.0330191 0.00354448 0.081419 0.00387347 0.0343488 0.0401856 0.0578891 0.244747 0.013179 0.00119845 0.0707625 0.00099518 
0.343511 0.00372131 0.00046474 0.00154834 0.0166482 0.00326675 0.101603 0.00173339 0.31003 0.053052 0.0302775 0.0261997 0.107896 4.79037e-05 
0.200313 0.01788 0.00299859 0.000532306 0.010269 0.000302958 0.0183222 0.0508196 0.0247894 0.198891 0.00793336 2.15001e-06 0.466947 1.21717e-07 
0.00220533 0.000348432 0.000180884 0.000100406 0.00929687 5.93317e-06 0.000777075 2.4844e-05 7.48676e-05 0.00318049 5.00377e-05 0.983446 0.000308025 3.90407e-07 
0.0609944 0.0599984 0.00111019 0.053592 0.614517 0.00483467 0.00623146 0.00155923 0.0405611 0.148329 0.000737796 0.00525348 0.00227914 2.56763e-06 
0.0075504 0.280813 0.0324765 4.84859e-05 0.0182553 0.000140885 0.00489361 0.00926858 0.488722 0.109375 0.0111531 0.000180995 0.0371065 1.65635e-05 
0.169242 0.00906947 8.47448e-05 8.82313e-06 0.0062533 0.00613282 0.000237181 0.00593189 0.0197028 0.564217 0.0564869 0.0247402 0.137889 4.63051e-06 
0.720877 0.0382587 0.000173139 0.0013247 0.0901029 0.00494422 0.0102459 0.00713707 0.00329764 0.0508077 0.00078817 0.00320885 0.0688231 1.08149e-05 
0.00220533 0.000348432 0.000180884 0.000100406 0.00929687 5.93317e-06 0.000777075 2.4844e-05 7.48676e-05 0.00318049 5.00377e-05 0.983446 0.000308025 3.90407e-07 
0.477936 0.0159036 0.000975024 0.000464225 0.252628 0.000259501 0.00230946 0.000392436 0.074133 0.086728 0.000174156 0.00939656 0.0785293 0.000170452 
0.954923 0.00249417 2.7499e-06 1.55646e-05 0.00920721 7.26657e-05 0.00159054 0.00309732 0.00108935 0.0227387 0.000193538 6.8409e-05 0.00450515 1.87e-06 
0.23809 0.00477448 0.024575 3.70726e-06 0.0202122 0.00414882 0.0521043 0.000709647 0.00479282 0.618166 0.00708408 2.03477e-05 0.0253168 1.2378e-06 
0.0300354 0.0823621 0.00333837 2.97154e-06 0.165264 0.000199235 0.0586127 0.0284298 0.100594 0.135687 0.0156932 0.000118772 0.379661 1.28395e-06 
0.0917541 0.0180152 0.00777896 0.00774971 0.0203601 0.0276596 0.0125054 0.112879 0.0185657 0.0750462 0.117816 0.000346208 0.48937 0.000153567 
0.00220533 0.000348432 0.000180884 0.000100406 0.00929687 5.93317e-06 0.000777075 2.4844e-05 7.48676e-05 0.00318049 5.00377e-05 0.983446 0.000308025 3.90407e-07 
0.548387 0.0993648 0.0194271 0.000297357 0.030236 4.8399e-05 0.0131433 0.00016089 0.0434296 0.186487 0.00291084 0.010712 0.0453771 1.80576e-05 
0.0130983 0.00490147 1.63727e-05 1.25974e-05 0.000797505 3.47049e-06 0.000337569 0.634343 0.00049727 0.0406122 0.00756222 4.53629e-06 0.297812 2.13256e-06 
0.827937 0.0548517 7.37335e-06 7.77643e-05 0.00223155 0.00224842 0.00169123 0.00218369 0.00137556 0.0525202 0.000219691 4.89079e-05 0.0546038 3.04577e-06 
0.00220533 0.000348432 0.000180884 0.000100406 0.00929687 5.93317e-06 0.000777075 2.4844e-05 7.48676e-05 0.00318049 5.00377e-05 0.983446 0.000308025 3.90407e-07 
0.508975 0.0596202 0.00344048 0.00056803 0.0240696 0.000522511 0.011395 0.0508929 0.00554051 0.159912 0.0648098 1.41873e-05 0.110232 8.06585e-06 
0.781778 0.0127455 0.00176005 8.67069e-05 0.001736 1.76574e-08 0.00504453 0.0271672 0.00210452 0.111613 0.00672471 2.24569e-08 0.0492398 1.08628e-08 
0.00220533 0.000348432 0.000180884 0.000100406 0.00929687 5.93317e-06 0.000777075 2.4844e-05 7.48676e-05 0.00318049 5.00377e-05 0.983446 0.000308025 3.90407e-07 
0.00220533 0.000348432 0.000180884 0.000100406 0.00929687 5.93317e-06 0.000777075 2.4844e-05 7.48676e-05 0.00318049 5.00377e-05 0.983446 0.000308025 3.90407e-07 
0.172525 0.00361108 0.0156447 0.00188706 0.0414771 0.00393094 0.0745173 0.00791851 0.317995 0.175673 0.0679274 0.00616099 0.110117 0.00061411 
0.231621 0.0256653 0.00226981 0.480288 0.158045 0.00050688 0.00415871 0.01277 0.00940296 0.0451878 0.00161463 0.00347427 0.0248288 0.00016656 
0.917609 0.0170264 0.000187133 1.80736e-05 0.00843786 0.000764939 0.000869828 0.00143806 0.00164379 0.0321743 0.00191275 1.94499e-05 0.0178968 1.85828e-06 
0.00220533 0.000348432 0.000180884 0.000100406 0.00929687 5.93317e-06 0.000777075 2.4844e-05 7.48676e-05 0.00318049 5.00377e-05 0.983446 0.000308025 3.90407e-07 
0.00220533 0.000348432 0.000180884 0.000100406 0.00929687 5.93317e-06 0.000777075 2.4844e-05 7.48676e-05 0.00318049 5.00377e-05 0.983446 0.000308025 3.90407e-07 
0.234112 0.066146 0.0164586 0.00262113 0.118556 0.000818494 0.0108243 0.0120494 0.0408772 0.414963 0.0058278 0.00465327 0.071956 0.000137666 
0.3194 0.439362 0.0173386 0.000475597 0.0416459 0.000767702 0.00966698 0.0032245 0.00928268 0.148461 0.00102196 2.44744e-05 0.00932027 8.03667e-06 
0.745856 0.0407017 0.000189399 0.000132179 0.0412908 0.000208605 0.00254672 0.0458749 0.00488579 0.112659 0.000502019 0.000186452 0.0049048 6.1447e-05 
0.0228007 0.0171721 0.00716777 8.01063e-05 0.294214 0.000274707 0.00462196 0.000170017 0.00162091 0.590541 6.19804e-05 0.0026648 0.0586098 6.13554e-09 
0.0655356 0.00311738 0.00195146 0.0166986 0.0110631 0.00283039 0.00661443 0.0812598 0.00506824 0.0220134 0.00690187 0.000863851 0.775765 0.000317237 
0.052794 0.0140391 0.0328476 0.123298 0.151481 0.473976 0.0161756 0.000245356 0.0109857 0.0566216 0.0152225 0.0361189 0.0161226 7.19482e-05 
0.00997652 0.0016514 0.00506538 0.00095632 0.248302 0.657104 9.61136e-05 0.00480921 0.018988 0.00368616 0.000499556 0.0313292 0.0175358 1.43711e-07 
0.0120681 0.0132456 0.00281033 7.38388e-05 0.0756032 5.62968e-05 0.00433686 0.702798 0.00152807 0.181794 0.000663649 4.93561e-05 0.00496504 7.69246e-06 
0.785921 0.000562756 0.000646338 1.94486e-05 0.0957382 6.06484e-05 0.000710353 8.10465e-05 0.00163405 0.0787397 0.0130593 0.000303165 0.0225215 2.55997e-06 
0.132646 0.0414238 0.0510678 0.00141065 0.0336932 2.1836e-05 0.0953428 0.0355612 0.00506817 0.54392 0.031948 3.70014e-06 0.027891 1.59918e-06 
0.00220533 0.000348432 0.000180884 0.000100406 0.00929687 5.93317e-06 0.000777075 2.4844e-05 7.48676e-05 0.00318049 5.00377e-05 0.983446 0.000308025 3.90407e-07 
0.145973 0.0558334 0.0422405 0.0314931 0.161719 0.000348991 0.0397681 0.0468629 0.0337495 0.21197 0.0343202 0.0305091 0.165133 7.88378e-05 
0.030951 0.013723 4.54228e-05 6.43601e-06 0.00210527 9.69872e-06 0.000945069 0.759094 0.000865619 0.113714 0.00548914 1.26844e-05 0.0730364 2.12516e-06 
0.0183882 0.00361929 0.000246865 0.000413291 0.00851802 0.000604013 0.00280659 0.864558 0.00263125 0.022768 0.00421793 7.60074e-05 0.0710806 7.18202e-05 
0.652183 0.0822298 0.0178314 3.45335e-05 0.0333736 0.000119695 0.00449041 0.000337466 0.00497268 0.142426 0.00392919 1.57569e-05 0.0580541 1.90608e-06 
0.00220533 0.000348432 0.000180884 0.000100406 0.00929687 5.93317e-06 0.000777075 2.4844e-05 7.48676e-05 0.00318049 5.00377e-05 0.983446 0.000308025 3.90407e-07 
0.00220533 0.000348432 0.000180884 0.000100406 0.00929687 5.93317e-06 0.000777075 2.4844e-05 7.48676e-05 0.00318049 5.00377e-05 0.983446 0.000308025 3.90407e-07 
0.00404889 0.00873829 0.0037132 0.00314631 0.00322682 2.03607e-07 0.000391576 0.00262333 0.798323 0.0091762 0.0131431 3.12804e-05 0.153438 1.53555e-07 
0.00220533 0.000348432 0.000180884 0.000100406 0.00929687 5.93317e-06 0.000777075 2.4844e-05 7.48676e-05 0.00318049 5.00377e-05 0.983446 0.000308025 3.90407e-07 
0.916915 0.00167758 0.00242791 4.06787e-05 0.0441715 1.54708e-05 0.00407292 0.000758309 3.20461e-05 0.00973639 0.0164975 0.000128141 0.00352549 8.37943e-07 
0.477938 0.0459011 0.00100586 0.000454541 0.183092 0.0179407 0.0452568 0.00713571 0.0365854 0.138002 0.000694448 0.0203887 0.0254267 0.000178937 
0.00220533 0.000348432 0.000180884 0.000100406 0.00929687 5.93317e-06 0.000777075 2.4844e-05 7.48676e-05 0.00318049 5.00377e-05 0.983446 0.000308025 3.90407e-07 
0.0546362 0.0736709 0.000138724 0.0438311 0.775262 0.00277076 0.001398 0.00063093 0.0237497 0.012397 0.00276396 0.000173564 0.00857273 4.7526e-06 
0.182608 0.0377728 0.239095 0.000966036 0.205632 0.000269919 0.030951 0.000447432 0.0301651 0.159141 0.0226721 0.0671646 0.0230787 3.72112e-05 
0.00220533 0.000348432 0.000180884 0.000100406 0.00929687 5.93317e-06 0.000777075 2.4844e-05 7.48676e-05 0.00318049 5.00377e-05 0.983446 0.000308025 3.90407e-07 
0.169893 0.00629938 0.0275438 0.00226827 0.0436831 0.00076568 0.099272 0.00763746 0.0368515 0.0814945 0.0509744 0.0160814 0.456851 0.000383932 
0.609628 0.0829652 0.00241748 0.00199194 0.0852072 0.00167347 0.012025 0.0312712 0.00409169 0.0863207 0.00203312 0.00662167 0.0737342 1.88608e-05 
0.0294149 0.0116692 0.00055188 0.156725 0.000302531 1.15205e-05 0.00588209 0.00771281 0.00472988 0.0273171 0.0347935 1.04337e-06 0.720888 3.34492e-08 
0.00220533 0.000348432 0.000180884 0.000100406 0.00929687 5.93317e-06 0.000777075 2.4844e-05 7.48676e-05 0.00318049 5.00377e-05 0.983446 0.000308025 3.90407e-07 
0.00220533 0.000348432 0.000180884 0.000100406 0.00929687 5.93317e-06 0.000777075 2.4844e-05 7.48676e-05 0.00318049 5.00377e-05 0.983446 0.000308025 3.90407e-07 
0.463821 0.0373705 0.0723075 0.0214161 0.0897632 2.22027e-05 0.000519207 6.7186e-05 0.000381461 0.143864 0.00151834 0.137766 0.0311803 2.86146e-06 
0.367712 0.0047856 0.000161405 0.00378645 0.588818 6.40348e-05 0.000856598 0.00593048 0.00101107 0.0035921 0.000465398 0.0112328 0.0115279 5.64395e-05 
0.00220533 0.000348432 0.000180884 0.000100406 0.00929687 5.93317e-06 0.000777075 2.4844e-05 7.48676e-05 0.00318049 5.00377e-05 0.983446 0.000308025 3.90407e-07 
0.683038 6.33608e-05 4.79141e-05 0.00130629 0.0100259 0.000696196 0.00904694 0.0111982 0.00859425 0.203313 0.0117535 2.73837e-06 0.0609121 1.97185e-06 
0.229166 0.00828113 8.66779e-07 8.22441e-08 4.15032e-07 1.30029e-07 0.00121627 0.000314403 0.357716 0.28716 0.0036252 8.12493e-08 0.112518 3.9354e-08 
0.020634 0.0091487 3.02828e-05 4.29194e-06 0.00140352 6.46665e-06 0.000631224 0.83073 0.000577084 0.0758092 0.00375233 8.45714e-06 0.0572627 1.4192e-06 
0.0083647 0.00212393 0.0364996 0.000243444 0.092001 0.000191627 0.00779111 0.000651262 0.018721 0.823016 0.00550681 3.2579e-05 0.00485676 2.26889e-08 
0.00220533 0.000348432 0.000180884 0.000100406 0.00929687 5.93317e-06 0.000777075 2.4844e-05 7.48676e-05 0.00318049 5.00377e-05 0.983446 0.000308025 3.90407e-07 
0.115531 0.00520663 0.00535198 6.81996e-05 0.0048323 0.00328549 0.00569996 0.0411558 0.0116158 0.0559164 0.25069 6.02395e-06 0.500636 5.34375e-06 
0.066248 0.00756147 0.0506741 0.0113544 0.742358 0.000975913 0.00108889 0.000527233 0.0569145 0.0296557 0.000240801 0.0176776 0.0147218 1.44092e-06 
0.570879 0.0281863 0.0393229 0.00354794 0.305212 1.2197e-05 0.00598868 0.000587403 0.00166734 0.03057 0.00789108 0.000843121 0.00529086 1.66898e-06 
0.156944 0.0557832 0.000274797 0.00042925 0.0667708 0.0290704 0.0254521 0.0229563 0.0953109 0.389612 0.00352319 0.0091496 0.144667 5.57323e-05 
0.00220533 0.000348432 0.000180884 0.000100406 0.00929687 5.93317e-06 0.000777075 2.4844e-05 7.48676e-05 0.00318049 5.00377e-05 0.983446 0.000308025 3.90407e-07 
0.00241089 0.000893933 0.0120806 3.55331e-06 0.000609744 3.1384e-05 0.00071805 0.0798932 0.00029575 0.000772928 0.507921 2.94968e-07 0.394369 2.31178e-10 
0.0217499 0.0280372 0.0490886 0.000457691 0.475555 7.46377e-05 0.0101285 0.00150212 0.0268593 0.294703 0.0638337 0.000946653 0.0270077 5.57447e-05 
0.100255 0.00463735 0.00110417 5.3517e-06 0.0222561 0.000592776 0.00220313 0.00180502 0.0968791 0.0417822 0.00734891 3.41143e-05 0.721092 4.1759e-06 
0.073737 0.0507722 0.259307 0.00235149 0.00484996 4.0906e-07 0.495013 1.82868e-05 0.0128073 0.0786929 0.00438387 5.79956e-07 0.0180662 6.26711e-09 
0.0460565 0.235056 0.0842696 0.000291171 0.129169 4.22178e-06 0.047968 8.07895e-05 0.00228812 0.404427 0.00461034 0.00722483 0.0385541 8.43228e-08 
0.00220533 0.000348432 0.000180884 0.000100406 0.00929687 5.93317e-06 0.000777075 2.4844e-05 7.48676e-05 0.00318049 5.00377e-05 0.983446 0.000308025 3.90407e-07 
0.0339289 0.00672778 0.00249913 7.08652e-06 0.050556 0.00161876 0.000463461 5.37188e-05 0.700908 0.112429 0.0466449 7.31753e-05 0.04409 2.81507e-07 
0.00220533 0.000348432 0.000180884 0.000100406 0.00929687 5.93317e-06 0.000777075 2.4844e-05 7.48676e-05 0.00318049 5.00377e-05 0.983446 0.000308025 3.90407e-07 
0.563564 0.0666294 0.0378442 8.98344e-05 0.0178599 0.00044476 0.0283738 0.0325607 0.0302751 0.0497301 0.0316572 9.85077e-05 0.140871 1.00349e-06 
0.00220533 0.000348432 0.000180884 0.000100406 0.00929687 5.93317e-06 0.000777075 2.4844e-05 7.48676e-05 0.00318049 5.00377e-05 0.983446 0.000308025 3.90407e-07 
0.677208 0.0269031 0.0025201 1.31819e-05 0.116441 0.000802072 0.00940944 0.00100314 0.00179272 0.118349 0.000939128 0.00578801 0.0388234 8.1862e-06 
0.00220533 0.000348432 0.000180884 0.000100406 0.00929687 5.93317e-06 0.000777075 2.4844e-05 7.48676e-05 0.00318049 5.00377e-05 0.983446 0.000308025 3.90407e-07 
0.164175 0.0595344 0.0889142 0.00258424 0.00766348 8.18926e-06 0.00850338 0.0191922 9.35053e-05 0.639812 0.00868743 2.55606e-06 0.000829275 6.17837e-07 
0.290327 0.00433124 0.0371841 0.00241252 0.0175257 0.00211451 0.0544926 0.0267409 0.00887473 0.0512351 0.0576226 0.00472289 0.442412 4.35893e-06 
0.00220533 0.000348432 0.000180884 0.000100406 0.00929687 5.93317e-06 0.000777075 2.4844e-05 7.48676e-05 0.00318049 5.00377e-05 0.983446 0.000308025 3.90407e-07 
0.0222309 0.0154805 0.000326739 0.00166165 0.249956 0.00241298 0.00178603 0.000272735 0.610124 0.0373825 0.00608338 0.00152331 0.0506971 6.21992e-05 
0.0496176 0.0459282 0.000798528 0.000437899 0.000435243 5.29093e-07 6.89633e-06 7.8426e-05 0.00011782 0.901156 0.00141427 3.03594e-07 8.221e-06 4.95826e-10 
0.00220533 0.000348432 0.000180884 0.000100406 0.00929687 5.93317e-06 0.000777075 2.4844e-05 7.48676e-05 0.00318049 5.00377e-05 0.983446 0.000308025 3.90407e-07 
0.00848371 0.00270746 0.00026882 0.849126 0.102016 9.89544e-05 0.000524973 0.0087178 0.00130404 0.00343362 0.000453621 0.00652976 0.016276 5.91436e-05 
0.0773312 0.0239317 0.383487 0.00117622 0.261836 0.000100155 0.0353187 0.000377561 0.0622787 0.0964454 0.0119432 0.0135311 0.0322424 1.39524e-07 
0.787095 0.00732642 0.00071407 0.0026147 0.00502992 0.10852 0.000700625 0.00101651 0.00320296 0.0563673 0.00131297 0.00086792 0.0250096 0.000222727 
0.470099 0.00149628 0.0291526 3.27909e-05 0.00344129 1.72555e-08 0.0866307 1.79411e-08 0.0075894 0.315453 0.0380068 2.90009e-07 0.0480981 1.48693e-08 
0.0546362 0.0736709 0.000138724 0.0438311 0.775262 0.00277076 0.001398 0.00063093 0.0237497 0.012397 0.00276396 0.000173564 0.00857273 4.7526e-06 
0.0460565 0.235056 0.0842696 0.000291171 0.129169 4.22178e-06 0.047968 8.07895e-05 0.00228812 0.404427 0.00461034 0.00722483 0.0385541 8.43228e-08 
0.066248 0.00756147 0.0506741 0.0113544 0.742358 0.000975913 0.00108889 0.000527233 0.0569145 0.0296557 0.000240801 0.0176776 0.0147218 1.44092e-06 
0.236829 0.00151651 0.000273451 3.893e-07 0.00549107 7.84662e-05 5.68719e-06 0.00360636 0.151553 0.332801 0.00217753 4.44736e-06 0.265663 1.75999e-08 
0.157007 1.12229e-06 1.19816e-06 1.90889e-06 0.00195348 6.63436e-10 0.00580696 0.0179182 0.152796 8.15497e-07 0.00974036 6.01701e-08 0.654773 5.00345e-10 
0.490801 0.00461701 0.262227 0.000460281 0.00759492 0.00032601 0.00691078 0.000162935 0.00524317 0.110966 0.0987656 7.22652e-06 0.0119176 6.84369e-07 
0.0228007 0.0171721 0.00716777 8.01063e-05 0.294214 0.000274707 0.00462196 0.000170017 0.00162091 0.590541 6.19804e-05 0.0026648 0.0586098 6.13554e-09 
0.0739524 0.043816 0.0299785 0.000701769 0.281136 0.000194311 0.0982365 0.0343305 0.0116227 0.265287 0.0117897 6.40542e-05 0.148866 2.41937e-05 
0.0207741 0.000271622 0.000230689 0.000173736 0.00210335 0.000461802 0.000265049 0.635434 0.00395865 0.045608 0.00537908 1.35249e-06 0.285337 1.12653e-06 
0.0211763 0.0348367 0.043026 0.0583448 0.438538 0.000174427 0.0341315 0.00621014 0.0846646 0.259163 0.0061186 0.00124398 0.0122182 0.000153229 
0.0146622 0.118549 0.000482757 6.22874e-06 0.574527 0.000217643 0.000485372 1.60121e-05 0.0604365 0.189293 0.00211657 0.000102905 0.0391051 2.06351e-07 
0.00220533 0.000348432 0.000180884 0.000100406 0.00929687 5.93317e-06 0.000777075 2.4844e-05 7.48676e-05 0.00318049 5.00377e-05 0.983446 0.000308025 3.90407e-07 
0.0211277 0.184433 0.565408 0.00701106 0.0397809 8.51716e-06 0.0168391 0.000163329 0.0014263 0.0925292 0.0168578 4.67882e-05 0.0543672 1.26991e-06 
0.858919 0.00455679 0.0102711 0.000136927 0.0430593 1.61402e-07 0.004073 1.34932e-07 0.00107686 0.0707797 0.00185395 0.000203392 0.00506908 6.1655e-08 
0.917609 0.0170264 0.000187133 1.80736e-05 0.00843786 0.000764939 0.000869828 0.00143806 0.00164379 0.0321743 0.00191275 1.94499e-05 0.0178968 1.85828e-06 
0.00220533 0.000348432 0.000180884 0.000100406 0.00929687 5.93317e-06 0.000777075 2.4844e-05 7.48676e-05 0.00318049 5.00377e-05 0.983446 0.000308025 3.90407e-07 
0.00220533 0.000348432 0.000180884 0.000100406 0.00929687 5.93317e-06 0.000777075 2.4844e-05 7.48676e-05 0.00318049 5.00377e-05 0.983446 0.000308025 3.90407e-07 
0.0311735 0.0366004 0.00141978 4.56349e-05 0.0222572 4.26078e-05 0.00110181 0.00206252 0.00377775 0.894629 0.000503021 2.12738e-05 0.00636505 4.5147e-10 
0.33087 0.19187 0.0109137 0.0170249 0.0570503 0.00103297 0.109637 0.0105253 0.00903998 0.0866513 0.0394617 0.000657212 0.135261 4.68612e-06 
0.313205 0.193406 0.00410035 0.00019895 0.0364397 0.0001484 0.0193142 0.0031692 0.00448251 0.389113 0.0188927 6.277e-05 0.0174663 2.19986e-07 
0.0296272 0.075098 0.123712 0.00214624 0.302316 0.000342721 0.00764489 0.0121818 0.0327924 0.377588 0.00807905 0.00198856 0.0263908 9.13865e-05 
0.0479776 0.054456 0.0713796 0.00162689 0.309562 0.00190236 0.00291857 0.000976506 0.319238 0.14141 0.00786866 0.00605812 0.0345642 6.08631e-05 
0.00220533 0.000348432 0.000180884 0.000100406 0.00929687 5.93317e-06 0.000777075 2.4844e-05 7.48676e-05 0.00318049 5.00377e-05 0.983446 0.000308025 3.90407e-07 
0.00220533 0.000348432 0.000180884 0.000100406 0.00929687 5.93317e-06 0.000777075 2.4844e-05 7.48676e-05 0.00318049 5.00377e-05 0.983446 0.000308025 3.90407e-07 
0.0616274 0.00713224 0.00223582 0.000952225 0.0169074 0.00512947 0.03008 0.245817 0.0346363 0.0458473 0.0486624 0.00846738 0.492486 1.901e-05 
0.509173 0.0795527 0.00112171 0.00060179 0.0882179 5.95941e-05 0.0053038 0.0613486 0.00539376 0.110508 0.00252253 0.00171394 0.13446 2.25414e-05 
0.370741 0.00243039 0.00280544 0.000439586 0.0925075 0.000347957 0.10364 0.00264249 0.220193 0.0889071 0.0276459 0.0111161 0.0765339 4.96714e-05 
0.802222 0.00626568 0.000689835 0.000559317 0.038468 0.000135505 0.00637644 0.00156184 0.00120346 0.120952 0.00570954 4.17888e-05 0.0158094 5.53489e-06 
0.236934 0.0218437 0.00968537 7.84357e-05 0.027977 0.00452749 0.00603463 0.00142777 0.150674 0.195587 0.118158 0.000105283 0.226941 2.64415e-05 
0.950267 0.00013094 0.00216469 1.58417e-05 0.0233678 2.31914e-05 0.00136638 9.10685e-06 3.6261e-05 0.00550568 0.0158978 7.17248e-05 0.00114223 1.19336e-06 
0.578139 0.0421894 0.00464718 0.000808644 0.117592 0.0002727 0.0316358 0.0257016 0.00638897 0.158598 0.00820981 0.00255532 0.0232053 5.72456e-05 
0.00220533 0.000348432 0.000180884 0.000100406 0.00929687 5.93317e-06 0.000777075 2.4844e-05 7.48676e-05 0.00318049 5.00377e-05 0.983446 0.000308025 3.90407e-07 
0.0667005 0.00422421 0.0128798 6.16658e-05 0.00264899 0.00118696 0.248981 0.00750191 0.00336959 0.00335513 0.00352266 2.96076e-06 0.645564 3.17097e-07 
0.00220533 0.000348432 0.000180884 0.000100406 0.00929687 5.93317e-06 0.000777075 2.4844e-05 7.48676e-05 0.00318049 5.00377e-05 0.983446 0.000308025 3.90407e-07 
0.897546 0.00905079 5.50129e-05 1.16154e-05 0.00359237 9.78007e-05 0.00324283 0.00445214 0.0082526 0.05106 0.0011033 1.3064e-05 0.0215167 6.23741e-06 
0.626 0.00998389 6.58997e-05 8.96554e-05 0.00723238 0.000639565 0.00877186 0.0793933 0.0132585 0.184423 0.00283254 1.11232e-05 0.067298 2.40577e-08 
