0.00789333 0.000142036 6.35965e-09 0.364653 0.0101728 3.3167e-05 0.000185731 0.000726917 0.0472058 0.23357 0.000269852 0.000333047 0.334814 1.42649e-07 
0.300595 0.00166605 2.44977e-08 0.00261984 0.00244037 0.0289215 0.00249606 0.187193 0.0240691 0.168336 0.0163815 0.000565911 0.264532 0.000183687 
0.0526885 0.190624 1.94247e-13 2.81564e-05 0.00753622 4.90362e-05 0.00567647 0.00016389 0.00755716 0.726896 0.000353504 2.44288e-05 0.00839619 6.69569e-06 
0.00287929 0.0139161 1.65933e-07 1.20542e-05 0.00320521 4.06192e-05 0.000128031 9.44959e-05 0.250619 0.0130341 0.0268103 5.92601e-05 0.682474 0.00672756 
0.875046 0.0123954 2.20478e-07 1.59898e-05 0.0193459 1.56532e-05 0.00255634 4.64186e-06 0.000650724 0.0881623 4.12623e-05 5.81391e-05 0.00170124 5.95162e-06 
0.649293 0.00267139 1.21984e-07 9.32578e-06 0.00051596 0.000789583 0.0210203 0.0194469 0.00466778 0.28486 0.00184992 8.15927e-06 0.0147466 0.00012048 
0.290676 0.00369911 5.69473e-09 4.53348e-07 0.000360074 0.00184748 0.000236886 7.17666e-05 0.0309902 0.64149 0.0214157 4.46319e-05 0.00807575 0.00109233 
0.00685626 2.14103e-07 8.74913e-11 2.16998e-07 7.59607e-05 0.0535928 3.83895e-06 0.00722606 0.882968 0.0100038 0.00614256 0.000225848 0.0329031 1.74969e-06 
0.167223 0.000452163 2.85076e-07 0.000236011 0.0145165 0.0421529 0.000538469 0.104377 0.0418205 0.0410195 0.00280732 1.15992e-05 0.584843 1.81781e-06 
0.587601 0.0609564 1.40038e-07 2.65051e-07 0.00594558 0.000129436 0.000823615 0.00771703 0.05342 0.276338 0.000585448 1.03728e-05 0.0064712 1.06482e-06 
0.0297384 0.000685564 2.0303e-06 1.17498e-05 0.125425 3.39526e-05 0.000474982 0.0599291 0.00583172 0.0368979 0.00660256 0.00112787 0.0221589 0.71108 
7.923e-06 0.132558 4.07683e-10 1.11982e-09 0.0826876 4.79718e-07 0.00418997 0.00023783 0.569921 0.210346 2.7183e-05 2.34263e-06 2.19075e-05 9.02219e-10 
0.0201917 1.87477e-07 5.45494e-08 0.000111396 0.174666 0.00135899 2.52049e-07 0.00080814 0.654465 0.0194384 0.0911476 0.00639947 0.0314074 5.79081e-06 
4.48516e-06 0.0225089 4.82364e-12 0.0347952 0.00346847 0.000890671 0.00324202 3.92836e-08 0.670751 0.259942 0.00104916 0.00108836 0.00225915 3.29866e-07 
0.104777 0.000302918 6.61173e-07 1.86427e-05 0.0399918 0.0010489 0.00120839 0.00111172 0.261246 0.148141 0.228509 3.02776e-05 0.213381 0.000232987 
0.36297 0.0407358 3.48042e-05 0.0107343 0.368138 4.36366e-05 0.00798551 0.130033 0.00110414 0.00663815 0.0108303 0.000405355 0.0600571 0.000289948 
0.206074 1.29364e-07 2.56955e-12 3.74144e-08 0.00057587 4.14711e-07 5.57524e-08 4.01196e-07 0.00649719 0.720994 0.0264901 1.74989e-08 0.0393675 5.68652e-12 
0.549551 0.0108356 6.95003e-05 0.00244199 0.0108176 0.00343726 0.039207 0.00572011 0.0804109 0.170657 0.0214741 0.000556644 0.104363 0.000457903 
0.32737 0.0231369 0.00122338 0.00459576 0.0963036 0.0140034 0.00199267 0.0127523 0.0535084 0.408438 0.00609632 0.00133804 0.0471256 0.00211539 
0.241828 0.00136582 2.27659e-07 1.41098e-05 0.00204499 0.0330672 0.00207139 0.0948582 0.0522038 0.333271 0.0346299 1.8875e-05 0.204622 3.90281e-06 
0.290676 0.00369911 5.69473e-09 4.53348e-07 0.000360074 0.00184748 0.000236886 7.17666e-05 0.0309902 0.64149 0.0214157 4.46319e-05 0.00807575 0.00109233 
0.0136642 3.74076e-07 6.10537e-09 3.91486e-07 3.5675e-05 0.0320311 0.0321437 0.00111065 0.686956 1.70171e-05 0.0101385 0.000382567 0.223516 3.03793e-06 
0.000333723 0.00157472 2.02954e-06 1.11046e-05 0.00684638 0.00311066 3.53379e-05 4.56545e-06 0.255945 0.00325838 5.8821e-05 0.00264971 0.00116789 0.725002 
0.129989 0.00727622 2.02267e-10 8.86068e-05 0.00271049 3.84218e-07 0.000163593 0.000275813 0.566366 0.258587 0.00460345 0.00012804 0.0295761 0.000235527 
0.140758 0.00199877 1.10451e-12 3.67999e-06 0.00176817 0.000134305 0.000200602 0.0431604 0.0034111 0.773731 0.00157071 3.09397e-06 0.0332603 1.73545e-08 
0.0419739 6.7677e-08 4.45531e-12 6.85439e-08 0.000760901 2.41719e-05 1.21372e-06 4.52542e-06 0.864924 0.0454386 0.00815395 0.00188778 0.0368306 5.53145e-07 
0.0146967 1.58375e-05 2.12709e-08 7.81001e-05 0.0064013 0.000511123 7.28469e-06 0.323003 0.000405206 0.0102239 0.00343591 5.50745e-05 0.641165 1.06355e-06 
0.0560208 0.00873145 1.44188e-07 1.838e-05 0.00445572 0.00153717 0.00597654 0.000412903 0.813499 0.047868 0.00436424 0.000174845 0.0559441 0.000996555 
0.620647 0.0277751 4.62695e-10 1.36372e-05 0.088345 0.000686267 0.00726599 4.07635e-05 0.0730993 0.17733 4.40351e-05 0.000596419 0.000855067 0.0033014 
0.929675 0.0025647 2.54479e-13 6.98999e-13 0.0511547 8.43897e-05 0.000556582 3.34212e-05 0.000984279 0.0129015 1.3881e-08 5.41539e-05 0.00172509 0.000265962 
0.0297384 0.000685564 2.0303e-06 1.17498e-05 0.125425 3.39526e-05 0.000474982 0.0599291 0.00583172 0.0368979 0.00660256 0.00112787 0.0221589 0.71108 
0.118452 0.00113356 5.65453e-11 0.00258514 0.00134175 0.0485692 0.0816607 0.0255585 0.202247 0.110073 0.0219175 1.15406e-05 0.386376 7.34774e-05 
0.0783521 0.000226582 5.11452e-07 0.000138677 0.04352 0.037046 0.00141291 0.00102645 0.00840622 0.0566929 0.0301873 7.63461e-05 0.741913 0.00100135 
0.00318236 7.56956e-10 1.38927e-10 7.51798e-06 0.00313111 3.62121e-09 1.45862e-05 0.000147555 9.38398e-05 3.51333e-05 0.000100491 8.27662e-05 0.000136776 0.993068 
0.1136 0.0486821 4.03104e-07 4.10877e-06 0.000113632 5.22646e-06 0.00255649 0.00885442 0.654481 0.00402864 0.109467 3.54494e-05 0.05815 2.2348e-05 
0.696704 0.207673 4.247e-08 0.000222905 0.000294165 4.58001e-05 0.0030556 0.000124574 0.0366383 0.0461141 2.96633e-07 8.09572e-06 0.00901057 0.000108142 
0.0261689 0.63868 4.32569e-07 3.59813e-05 0.00163564 2.1239e-05 0.00808182 0.000190327 0.204996 0.100971 1.31208e-05 0.000138481 0.00703759 0.01203 
0.171834 0.000193066 8.09499e-13 1.24539e-08 1.27998e-08 0.0338218 0.00280088 8.22238e-07 0.668425 0.11467 0.00400376 0.000147045 0.00315815 0.000944826 
0.923253 0.0118743 2.94718e-08 2.71517e-05 0.0130757 0.00130314 0.000653297 0.00185828 0.00109563 0.0246964 0.000350409 3.62881e-05 0.0217733 3.45883e-06 
0.00577768 0.000451098 5.81918e-08 7.30099e-05 0.00110074 0.00357138 5.4597e-05 0.0176929 0.048347 0.00207845 0.642157 3.45252e-06 0.278674 1.85078e-05 
0.273074 0.000329398 5.61453e-14 7.02941e-06 0.000270787 0.00093836 0.000298119 0.216408 0.00581822 0.393749 0.00421772 4.60556e-06 0.104884 1.12021e-07 
0.00549826 0.0303397 1.12616e-06 6.97398e-05 0.000272584 3.3973e-05 0.00024855 4.45882e-05 0.946244 0.0162088 3.05174e-05 1.29366e-05 0.000960551 3.44273e-05 
0.0899915 0.05824 9.21385e-05 0.000124002 0.0503545 0.000203066 0.00326742 0.0820382 0.452572 0.118705 0.08467 0.000169218 0.0490237 0.0105491 
0.878365 0.0152258 3.55388e-06 4.34016e-06 0.0466105 6.57893e-05 0.00435233 0.0121828 0.00395466 0.0348177 0.000237687 8.49444e-05 0.00397004 0.000124588 
0.36297 0.0407358 3.48042e-05 0.0107343 0.368138 4.36366e-05 0.00798551 0.130033 0.00110414 0.00663815 0.0108303 0.000405355 0.0600571 0.000289948 
0.0123378 0.32462 1.11063e-07 5.10848e-06 0.00453947 4.6959e-05 0.00105833 1.74631e-05 0.0133875 0.64253 0.000361425 0.000417451 0.000563516 0.000114882 
0.200363 0.0678357 9.27165e-05 0.00230573 0.0351695 0.0896033 0.0255 0.0117734 0.0620677 0.425583 0.00201255 0.000177386 0.0735761 0.00394034 
0.0297384 0.000685564 2.0303e-06 1.17498e-05 0.125425 3.39526e-05 0.000474982 0.0599291 0.00583172 0.0368979 0.00660256 0.00112787 0.0221589 0.71108 
0.710633 0.00343551 7.06017e-11 3.25219e-08 0.0324553 0.00165405 0.00189242 4.02123e-05 0.0219246 0.216761 0.000518797 0.000101701 0.00965785 0.000925852 
0.066598 0.000259041 7.00227e-05 0.000684981 0.0162473 0.0151138 0.000446524 0.165305 0.264279 0.169099 0.00460322 0.000472257 0.296559 0.000263378 
0.110856 0.338319 8.76858e-12 1.06535e-05 0.0171227 0.00226889 0.00180519 0.00699092 0.106853 0.138315 0.00258185 4.10131e-05 0.273835 0.00100098 
0.0953725 0.00190684 2.57588e-07 2.69142e-05 0.0103934 0.00200679 0.00086921 0.0239484 0.244691 0.0427884 0.00771628 0.000235586 0.568687 0.00135743 
0.0711507 0.00328351 0.000259508 0.000683256 0.0465988 0.0726853 0.0199973 0.00295127 0.59138 0.0424264 0.0113205 0.00556037 0.131258 0.000445492 
0.333819 1.31979e-08 8.68841e-13 1.33669e-08 0.00178734 0.0155603 0.00542046 0.0213577 0.0239467 0.411164 0.0123972 8.76315e-08 0.174548 1.0787e-07 
0.065448 0.00759721 1.99632e-07 1.19036e-05 0.0290215 2.38895e-05 0.10001 0.0070071 0.00933432 0.633379 0.00587637 9.72917e-06 0.142263 1.71098e-05 
0.223767 0.00194172 2.74944e-05 0.00503563 0.609749 0.000455993 3.87819e-05 0.025445 0.0063004 0.00545781 0.000541501 0.0313044 0.0898184 0.000116944 
0.0091491 0.001924 2.76862e-12 8.37505e-06 0.000987603 0.957905 0.000453574 6.47862e-05 0.0013418 0.0264049 2.31447e-05 7.50661e-06 0.00133554 0.000394263 
0.00508751 0.00723572 9.49635e-11 2.60844e-10 0.0065995 2.78661e-10 1.15439e-06 0.0467464 0.8647 0.0459087 0.01632 0.000345547 0.00705561 2.10158e-10 
0.19484 0.0220122 1.09447e-07 0.00122524 0.0500798 0.00277836 0.0336185 0.00286794 0.0327171 0.628642 0.00543956 0.000875666 0.0238758 0.00102851 
0.12061 0.000327904 3.08005e-07 1.09825e-06 0.00336533 1.2949e-05 0.0734972 0.0415019 0.495249 5.47391e-06 2.5664e-06 1.49351e-05 0.265355 5.72073e-05 
0.121302 0.0511545 1.18163e-06 4.94724e-06 0.0267575 1.68161e-06 0.122212 0.0409388 0.00232357 0.0171223 0.00436303 0.000138464 0.613677 2.0245e-06 
0.0636483 0.0123179 1.36395e-05 1.82818e-05 0.349671 0.00960926 0.0035177 0.0187262 0.272085 0.105285 0.00965646 0.000195147 0.154186 0.00106999 
0.535554 0.00455808 2.93537e-05 3.0639e-05 0.00263075 0.0048388 0.0599448 0.00805639 0.0286685 0.291039 0.00436445 3.40205e-05 0.0601968 5.42735e-05 
0.0783521 0.000226582 5.11452e-07 0.000138677 0.04352 0.037046 0.00141291 0.00102645 0.00840622 0.0566929 0.0301873 7.63461e-05 0.741913 0.00100135 
0.116625 0.108561 1.46374e-05 0.000611227 0.0100783 0.000656462 0.00173574 0.00174845 0.207044 0.462693 0.00148902 8.66055e-05 0.0650795 0.0235781 
0.266243 0.0230402 6.57939e-09 4.93591e-07 0.00396686 1.07231e-06 0.0343406 0.000509923 0.167427 0.458755 0.00208162 3.64118e-05 0.0434664 0.000131341 
0.00917163 1.61325e-05 8.58821e-08 3.79982e-05 0.0540759 0.0065443 4.46887e-05 0.123842 0.00548663 0.00762594 0.0302011 0.0046538 0.758297 3.00594e-06 
0.133713 0.00252502 1.64604e-13 5.06432e-09 0.0115651 0.000138652 0.000411478 0.00274382 0.00873176 0.832763 0.000651381 9.66947e-06 0.00674712 3.42455e-09 
0.0196284 3.34529e-05 1.1321e-07 1.58039e-05 0.00443653 0.00555803 0.000521888 0.00973578 0.888303 0.02139 0.00815408 0.000149346 0.0392092 0.00286486 
0.106354 0.2097 1.77351e-05 0.325576 0.238726 3.19113e-05 0.00459673 0.00149056 0.00522874 0.0752605 0.00322744 0.0151552 0.014602 3.30957e-05 
0.00332002 0.137733 2.88906e-11 0.594208 0.184109 0.00967909 0.00166812 0.00019152 0.0504294 0.00546467 8.44905e-07 0.00213728 0.0110584 8.21323e-07 
0.443912 0.0368936 1.61599e-07 0.00513309 0.0671584 0.00187488 0.00232226 0.0915999 0.0187009 0.17521 0.000418452 0.0168901 0.139132 0.000753938 
0.00660294 0.00013678 3.28279e-07 2.53146e-05 0.0121143 0.108832 0.000696714 0.00345721 0.782307 0.0123655 0.000113301 0.000140602 0.072954 0.000254259 
0.289963 1.28818e-07 2.85596e-12 8.39393e-07 0.00182823 9.89994e-06 3.94631e-07 1.39916e-05 0.0494581 0.131416 0.00883115 7.01924e-08 0.518407 7.11614e-05 
0.263629 0.000134755 1.00303e-06 2.35874e-05 3.61431e-05 0.00248741 0.000844898 0.42954 0.0155847 0.177236 0.00694511 1.81506e-05 0.103513 5.91841e-06 
0.0287206 4.13554e-08 1.74268e-08 4.18852e-08 0.000486488 1.47707e-05 0.00318992 0.121125 0.62331 0.0496354 0.00498265 2.74593e-07 0.168535 3.38011e-07 
0.503367 0.000624144 3.3832e-13 9.94353e-08 0.000350632 1.17276e-06 5.14699e-05 1.65746e-06 0.0734996 0.245654 0.00476496 8.31506e-09 0.171639 4.60581e-05 
0.0170205 6.02867e-05 3.3955e-10 2.86018e-07 3.88558e-05 0.106808 0.00161432 0.0368538 0.755582 0.0183879 0.00724268 0.000270089 0.0561187 2.30174e-06 
0.00414872 0.15437 3.71729e-11 0.560849 0.172278 0.00900345 0.00169708 0.000193514 0.0547555 0.00580047 0.000454815 0.00205968 0.0341895 0.000199875 
0.316531 0.000337148 5.40017e-13 3.30326e-05 0.00143097 0.000496875 0.000224978 8.43155e-08 0.0196706 0.574153 0.00830312 2.35402e-05 0.0787958 3.82546e-09 
0.904695 0.0020004 3.68513e-09 3.76749e-05 0.00203379 0.00163283 0.000870362 0.0385953 0.000509181 0.00932809 0.000378605 2.69943e-05 0.0398885 3.0726e-06 
0.94584 1.28084e-08 8.77336e-12 2.40985e-11 2.16585e-07 0.000742693 0.0072816 1.94307e-06 1.86282e-06 0.0461268 1.31417e-06 4.29461e-08 3.28288e-06 9.72734e-09 
0.904695 0.0020004 3.68513e-09 3.76749e-05 0.00203379 0.00163283 0.000870362 0.0385953 0.000509181 0.00932809 0.000378605 2.69943e-05 0.0398885 3.0726e-06 
0.0464876 0.00759809 0.000362122 0.00467467 0.116104 0.00389428 0.0294643 0.0107181 0.519509 0.131872 0.00227116 0.000630974 0.125604 0.000809722 
0.00313342 0.0191514 4.32124e-12 1.18695e-11 9.99975e-05 1.26802e-11 4.65768e-09 2.38308e-08 0.000115023 0.00416093 0.341165 6.12832e-09 0.632174 9.56309e-12 
0.213145 0.039477 2.03843e-05 0.00242264 0.0302645 0.00387138 0.00279456 0.000364147 0.434861 0.111209 0.000144209 0.0589615 0.0991759 0.00328782 
0.223767 0.00194172 2.74944e-05 0.00503563 0.609749 0.000455993 3.87819e-05 0.025445 0.0063004 0.00545781 0.000541501 0.0313044 0.0898184 0.000116944 
0.000744215 0.00300297 7.1451e-07 1.88732e-06 0.0785349 0.00274106 1.35475e-06 5.85247e-05 0.345642 3.42112e-05 0.0748538 0.0610005 0.00350121 0.429882 
0.445253 0.00211928 9.40788e-09 3.10006e-06 0.000506706 0.00473068 0.000335347 0.000369013 0.0733745 0.400517 0.00417878 7.94431e-06 0.0686035 8.09056e-07 
0.143362 0.0587741 5.01965e-05 0.000816329 0.107046 0.00178814 0.00387518 0.0162861 0.581901 0.0622318 0.000999377 0.00236876 0.0184172 0.00208378 
0.704178 0.000568882 9.72001e-13 7.1697e-09 0.00110513 0.00598838 0.00891386 0.00800923 0.017307 0.232758 0.00157346 2.17004e-05 0.0194451 0.000130909 
0.792696 0.00939545 1.7849e-05 0.00019753 0.0371851 0.000118023 0.011788 0.00164316 0.0326808 0.0903229 0.000185464 6.88875e-05 0.00240429 0.0212962 
0.429481 0.000255227 1.85643e-10 1.99119e-07 0.00134833 0.000223156 0.000183876 9.97832e-09 0.0483565 0.493315 0.000754771 2.82715e-05 0.0260534 4.31298e-09 
0.00669953 0.000582731 3.2485e-11 3.60984e-06 0.00299238 0.000118006 0.000432972 0.000980243 0.0797069 0.0286412 0.00857207 0.000234182 0.871036 7.98167e-08 
0.703194 5.29797e-06 8.25128e-11 2.26644e-10 5.09274e-07 4.6028e-07 0.0871036 2.13752e-06 2.77124e-06 0.209685 2.7636e-06 9.66529e-08 2.84951e-06 9.86248e-07 
0.0297384 0.000685564 2.0303e-06 1.17498e-05 0.125425 3.39526e-05 0.000474982 0.0599291 0.00583172 0.0368979 0.00660256 0.00112787 0.0221589 0.71108 
0.000592672 0.000239847 6.374e-10 0.00205579 3.31637e-06 6.19116e-05 6.03299e-05 5.19096e-06 0.99664 0.000258845 7.07293e-06 1.89207e-05 1.20856e-05 4.35888e-05 
0.195086 0.00158836 1.9568e-08 0.00112078 0.776743 0.000111901 6.76138e-05 0.00246377 0.00142992 9.10754e-08 6.46369e-05 0.0198361 0.00143071 5.68972e-05 
0.297415 0.0311936 2.59531e-10 0.00147923 0.00215274 0.000251709 0.000369578 0.000142359 0.151627 0.442545 0.00230773 4.2037e-05 0.0703346 0.000139733 
0.00343423 2.62791e-07 2.62681e-10 2.66666e-07 0.000139822 0.0268551 4.71031e-06 0.00362392 0.937347 0.00977803 0.00136649 0.00053052 0.0164586 0.000460663 
0.102147 0.0234126 3.11092e-05 0.0323219 0.191339 5.46801e-05 0.00324755 0.00334465 0.458096 0.149047 0.000247775 0.00124232 0.0345338 0.000934677 
0.0297384 0.000685564 2.0303e-06 1.17498e-05 0.125425 3.39526e-05 0.000474982 0.0599291 0.00583172 0.0368979 0.00660256 0.00112787 0.0221589 0.71108 
0.0340099 0.000116047 3.48686e-12 1.34305e-08 7.54339e-05 0.077681 0.00320626 0.0135796 0.713145 0.0367424 0.00873029 0.000532965 0.112181 1.08331e-07 
0.415754 0.0144433 6.33023e-05 0.000853519 0.41371 0.00668504 0.0102882 0.0180353 0.00537789 0.081071 0.00456764 0.000317556 0.0271225 0.00171097 
0.923253 0.0118743 2.94718e-08 2.71517e-05 0.0130757 0.00130314 0.000653297 0.00185828 0.00109563 0.0246964 0.000350409 3.62881e-05 0.0217733 3.45883e-06 
0.0756342 0.000347995 9.91699e-13 1.52571e-08 1.56807e-08 0.0672601 0.00961795 0.017931 0.600099 0.0754355 0.010815 0.000690259 0.142169 1.23123e-07 
0.160129 0.0277928 7.97805e-08 0.00012996 0.0136801 0.00572038 0.00893926 0.0464429 0.189222 0.0787232 0.00302737 8.84875e-05 0.465943 0.000161217 
0.100952 0.00243461 0.000675513 0.00260444 0.355493 0.000842499 0.00383956 0.0127992 0.142422 0.147194 0.00108317 0.157951 0.0676238 0.00408523 
0.00549467 5.15003e-05 8.82611e-07 1.12739e-05 0.00720404 9.4944e-06 7.20938e-05 0.000207267 0.0002247 3.64958e-06 9.17512e-05 0.000188561 0.000196913 0.986243 
0.00374297 7.14066e-10 1.50458e-10 1.87833e-05 0.00459373 3.41608e-09 3.64501e-05 0.000235972 6.7199e-05 2.01606e-05 0.00025119 9.55581e-05 0.00034192 0.990596 
0.0340099 0.000116047 3.48686e-12 1.34305e-08 7.54339e-05 0.077681 0.00320626 0.0135796 0.713145 0.0367424 0.00873029 0.000532965 0.112181 1.08331e-07 
0.111615 0.00113968 3.80986e-08 5.98038e-08 0.000565534 2.10897e-05 0.0103789 3.94838e-06 0.50278 0.258762 0.0208602 3.92065e-07 0.0938724 4.82613e-07 
0.429481 0.000255227 1.85643e-10 1.99119e-07 0.00134833 0.000223156 0.000183876 9.97832e-09 0.0483565 0.493315 0.000754771 2.82715e-05 0.0260534 4.31298e-09 
0.125357 0.00254565 1.98157e-05 6.35192e-05 0.00454912 0.0186628 0.000140729 0.00257072 0.458206 0.192529 0.0218877 2.06309e-05 0.173288 0.000159384 
0.429481 0.000255227 1.85643e-10 1.99119e-07 0.00134833 0.000223156 0.000183876 9.97832e-09 0.0483565 0.493315 0.000754771 2.82715e-05 0.0260534 4.31298e-09 
0.00332002 0.137733 2.88906e-11 0.594208 0.184109 0.00967909 0.00166812 0.00019152 0.0504294 0.00546467 8.44905e-07 0.00213728 0.0110584 8.21323e-07 
0.0257314 0.102945 3.0548e-06 0.00250382 0.0485604 1.54379e-05 0.00230458 3.65224e-05 0.0158477 0.798428 0.000132738 0.000311581 0.00312319 5.69597e-05 
0.132814 0.000531006 4.20493e-07 7.19588e-05 0.00607399 3.55852e-05 0.0022913 0.0229196 0.036132 0.737144 0.00129237 0.000167772 0.0605254 1.13949e-06 
0.0390464 0.000685284 4.55838e-08 4.14861e-05 0.00168902 0.0111524 6.89801e-05 0.00311927 0.00325618 0.0218358 0.00423595 3.16121e-05 0.914836 1.41128e-06 
0.0562134 0.00869154 4.19926e-06 0.000308866 0.137262 0.00219648 0.00212042 0.000427369 0.679917 0.0178067 0.000841779 0.00165536 0.0925144 4.13458e-05 
0.680669 0.00855418 0.000192515 0.0023061 0.00470501 0.0449498 0.00435877 0.00346625 0.144532 0.0323037 0.0138344 0.000228522 0.0591431 0.000757331 
0.923253 0.0118743 2.94718e-08 2.71517e-05 0.0130757 0.00130314 0.000653297 0.00185828 0.00109563 0.0246964 0.000350409 3.62881e-05 0.0217733 3.45883e-06 
0.0129627 0.00120762 1.76628e-11 2.71738e-07 0.00134084 9.58278e-05 4.81171e-06 0.0538399 0.416359 0.254163 0.0401878 1.78147e-06 0.219835 2.19291e-06 
0.0690104 0.0323398 2.89852e-05 8.72318e-05 0.431808 8.98488e-05 0.00198998 0.139307 0.0306913 0.271237 0.00171306 0.0003277 0.0212788 9.13169e-05 
0.904695 0.0020004 3.68513e-09 3.76749e-05 0.00203379 0.00163283 0.000870362 0.0385953 0.000509181 0.00932809 0.000378605 2.69943e-05 0.0398885 3.0726e-06 
0.00251269 1.35377e-08 1.78154e-12 4.49783e-08 0.000166914 0.000371667 3.60657e-08 3.23995e-05 4.72221e-05 2.45806e-05 0.875011 1.28749e-06 0.121833 3.94263e-12 
0.164554 0.154418 4.32372e-06 8.30862e-05 0.0376112 0.000281443 0.0256401 0.000717199 0.0345898 0.578121 0.000439084 4.16633e-05 0.00308959 0.000410246 
0.181021 0.324197 2.11081e-08 0.0916744 0.00498419 0.00823388 0.00633244 0.00478238 0.105417 0.143501 0.00487692 0.000121834 0.121349 0.00350799 
0.923253 0.0118743 2.94718e-08 2.71517e-05 0.0130757 0.00130314 0.000653297 0.00185828 0.00109563 0.0246964 0.000350409 3.62881e-05 0.0217733 3.45883e-06 
0.28151 0.000226008 1.2523e-09 9.03478e-06 3.93361e-05 0.0225913 0.000941522 0.0641879 0.00320181 0.521184 0.0129804 1.89981e-06 0.0931273 5.63721e-08 
0.0297384 0.000685564 2.0303e-06 1.17498e-05 0.125425 3.39526e-05 0.000474982 0.0599291 0.00583172 0.0368979 0.00660256 0.00112787 0.0221589 0.71108 
0.265873 0.016876 1.77621e-07 0.000479492 1.77649e-07 0.000710229 0.00543479 0.00490309 0.0587811 0.389122 0.00966269 0.00122574 0.246647 0.000284263 
0.0091491 0.001924 2.76862e-12 8.37505e-06 0.000987603 0.957905 0.000453574 6.47862e-05 0.0013418 0.0264049 2.31447e-05 7.50661e-06 0.00133554 0.000394263 
0.405656 0.378167 1.90567e-05 4.05592e-05 0.0173868 0.00486551 0.00930612 0.0171807 0.0101202 0.137324 0.000748017 0.000108368 0.0189681 0.000108768 
7.13262e-06 0.0157892 1.09909e-06 2.54071e-06 0.290535 0.00380831 0.0025222 0.00277285 0.018873 0.481789 4.27369e-06 1.64708e-06 0.183891 2.04701e-06 
0.253392 0.0186546 0.00024969 0.000472309 0.0228339 0.000251357 0.0292143 0.0288014 0.0315579 0.00268677 0.0399036 0.0735064 0.0632742 0.435202 
0.0357377 0.000651382 3.43613e-08 2.52096e-05 0.00166316 0.00608086 6.67752e-05 0.00262314 0.00301966 0.018021 0.00390583 2.74696e-05 0.928177 1.18971e-06 
0.600123 0.0552931 2.22602e-09 7.69181e-09 0.00137371 6.9725e-08 0.00387287 0.000109912 0.133121 0.196771 0.000190385 2.13086e-08 0.00914511 4.90898e-08 
0.033679 0.183822 1.95449e-09 1.20141e-06 0.0026495 1.20159e-05 0.00547258 0.0176621 0.0607147 0.175658 0.0725379 4.05424e-06 0.447641 0.000144778 
0.829519 0.00114535 3.06594e-08 7.50668e-05 0.0157228 0.000105747 0.0027328 0.00198398 0.0023124 0.122432 0.00132111 1.22354e-05 0.0224709 0.000166833 
0.883169 0.000274244 2.52452e-13 2.02788e-08 0.000798833 0.00400563 0.000242386 0.00767192 0.00151414 0.0153394 0.000169082 1.62373e-05 0.0867974 1.46961e-06 
0.923253 0.0118743 2.94718e-08 2.71517e-05 0.0130757 0.00130314 0.000653297 0.00185828 0.00109563 0.0246964 0.000350409 3.62881e-05 0.0217733 3.45883e-06 
0.300595 0.00166605 2.44977e-08 0.00261984 0.00244037 0.0289215 0.00249606 0.187193 0.0240691 0.168336 0.0163815 0.000565911 0.264532 0.000183687 
0.934698 0.00133404 2.32235e-08 2.52606e-05 0.00236148 0.00108966 0.000580675 0.0257324 0.00106875 0.00621927 0.000252681 4.19658e-05 0.0265937 2.07197e-06 
0.078891 0.00431817 0.000106753 0.00813342 0.0477514 0.000205397 0.00861333 0.00350733 0.371379 0.17048 0.0188584 0.00609671 0.281317 0.000341337 
0.0146967 1.58375e-05 2.12709e-08 7.81001e-05 0.0064013 0.000511123 7.28469e-06 0.323003 0.000405206 0.0102239 0.00343591 5.50745e-05 0.641165 1.06355e-06 
0.00789333 0.000142036 6.35965e-09 0.364653 0.0101728 3.3167e-05 0.000185731 0.000726917 0.0472058 0.23357 0.000269852 0.000333047 0.334814 1.42649e-07 
0.658627 0.0489442 0.00011022 0.000958808 0.0955025 0.00131999 0.00876061 0.0159551 0.00363963 0.115304 0.00334838 0.00310978 0.0440418 0.000378069 
0.00207267 0.000106172 6.47833e-09 4.29887e-05 0.00268042 2.73482e-06 6.09238e-05 0.00123946 8.9384e-05 3.18873e-05 0.000106173 6.04056e-05 0.000944335 0.992562 
0.0453443 0.000235762 4.10773e-07 0.000120056 0.0495531 0.00130198 8.6645e-05 1.07648e-05 0.89633 0.000114027 0.00330047 0.000528192 0.00230973 0.000764816 
0.0254521 7.85231e-05 2.72996e-06 8.3361e-06 0.000136155 0.845145 0.000249405 0.0196693 0.000501028 0.011779 0.00222928 1.26157e-05 0.094621 0.000115832 
0.0357377 0.000651382 3.43613e-08 2.52096e-05 0.00166316 0.00608086 6.67752e-05 0.00262314 0.00301966 0.018021 0.00390583 2.74696e-05 0.928177 1.18971e-06 
0.923253 0.0118743 2.94718e-08 2.71517e-05 0.0130757 0.00130314 0.000653297 0.00185828 0.00109563 0.0246964 0.000350409 3.62881e-05 0.0217733 3.45883e-06 
0.0153827 1.15822e-05 7.93347e-09 2.17915e-08 0.000195851 0.00111746 0.00088968 0.00175706 0.00168449 0.974757 0.00118836 3.88348e-05 0.00296861 8.79613e-06 
0.00694204 0.000324188 7.86742e-06 2.35021e-05 0.0146399 0.000149614 0.000568443 0.0045538 0.771935 0.0366879 0.00192885 0.000217573 0.16054 0.00148131 
0.405179 0.00108049 1.25691e-13 7.30232e-05 0.00176411 0.00195291 0.00466329 0.00606442 0.00518148 0.542974 0.00075729 4.36257e-06 0.0303028 3.46312e-06 
0.00017708 0.00215788 2.03076e-07 0.00100589 0.301376 1.31395e-05 0.000941004 0.0143852 0.617636 0.00738044 0.000104017 0.0003118 0.0544864 2.54112e-05 
0.0303949 2.54083e-05 4.84285e-12 1.62504e-06 0.00207792 0.0024584 2.58659e-05 0.0242372 0.0126918 0.00118649 0.59328 1.01293e-05 0.333611 1.80964e-09 
0.00774359 0.0162083 5.0265e-11 0.638681 0.00455829 0.0036969 0.0178571 0.0011961 0.00604012 0.0194443 9.86894e-05 3.26021e-05 0.284431 1.19812e-05 
0.0943353 2.72833e-05 1.71382e-08 2.58752e-07 0.00128341 0.00145735 0.00202186 0.00989305 0.255981 0.0926236 0.0587736 4.51258e-06 0.483547 5.08754e-05 
0.923253 0.0118743 2.94718e-08 2.71517e-05 0.0130757 0.00130314 0.000653297 0.00185828 0.00109563 0.0246964 0.000350409 3.62881e-05 0.0217733 3.45883e-06 
0.0441064 5.02708e-07 1.37589e-10 3.77926e-10 0.00417854 0.000132724 0.000392518 0.00454212 0.168704 0.0138554 1.5412e-05 1.46382e-10 0.764072 6.16988e-07 
0.272371 0.0637007 0.000316288 0.00120377 0.0915193 0.0303274 0.0124108 0.070185 0.113316 0.0628599 0.0134077 0.000770223 0.187838 0.0797741 
0.0448234 0.000751083 1.31776e-08 6.78011e-05 0.00923774 0.0118684 0.000638402 0.0641822 0.00183187 0.002932 0.000933046 1.36055e-05 0.862648 7.26685e-05 
0.429481 0.000255227 1.85643e-10 1.99119e-07 0.00134833 0.000223156 0.000183876 9.97832e-09 0.0483565 0.493315 0.000754771 2.82715e-05 0.0260534 4.31298e-09 
0.0596921 0.00292044 4.398e-05 0.00173453 0.110773 0.000310587 0.00402219 0.00286629 0.643046 0.0631962 0.0405362 0.0240666 0.0400693 0.00672233 
0.268878 0.00491821 1.51561e-06 5.45906e-05 0.0027447 7.11701e-05 0.00745269 0.00340804 0.0189982 0.651782 0.000561289 7.49851e-06 0.0404851 0.000637571 
0.0227705 0.00134219 1.46188e-06 0.0824972 0.382417 1.29782e-05 8.65129e-06 0.00543392 0.433258 0.00815324 0.000611454 0.0034293 0.0597384 0.000326049 
0.792696 0.00939545 1.7849e-05 0.00019753 0.0371851 0.000118023 0.011788 0.00164316 0.0326808 0.0903229 0.000185464 6.88875e-05 0.00240429 0.0212962 
0.11009 0.0132872 1.51545e-05 0.00424819 0.0513671 6.18907e-05 0.00585337 0.00462356 0.304932 0.327409 0.000763643 0.0306849 0.146637 2.66062e-05 
0.0297376 0.0312503 1.24025e-06 1.07254e-05 0.00402415 0.0112034 0.00622236 0.000103484 0.832617 0.0485551 0.00100364 0.000496636 0.0185069 0.016268 
0.00211133 2.84592e-05 1.73618e-09 3.3443e-08 0.000698606 1.17726e-05 5.91152e-07 2.20405e-06 0.938165 0.0482946 0.00394091 0.000239854 0.00623778 0.000269055 
1.27461e-06 7.91391e-07 1.17349e-08 3.22332e-08 1.85829e-06 3.44349e-08 1.59125e-08 2.25322e-06 0.937273 0.00866559 1.51159e-05 2.42925e-06 0.0539819 5.53243e-05 
0.923253 0.0118743 2.94718e-08 2.71517e-05 0.0130757 0.00130314 0.000653297 0.00185828 0.00109563 0.0246964 0.000350409 3.62881e-05 0.0217733 3.45883e-06 
0.0004053 0.00011496 1.20177e-07 3.30101e-07 0.0217634 3.52648e-07 5.84136e-05 8.02203e-05 0.083865 0.000238636 0.631775 1.27858e-07 0.261688 1.01445e-05 
0.0220434 0.0023232 3.01775e-12 3.42862e-06 0.328431 0.00174962 0.000255507 0.0160468 0.084142 0.0891654 0.00421617 0.389594 0.0586581 0.00337168 
0.0306162 0.00013558 5.09453e-06 2.44045e-05 0.000278898 0.00395638 0.00100982 0.0825079 0.0104121 0.852832 0.0015441 8.73999e-05 0.0165026 8.70142e-05 
0.736386 0.00334032 8.94366e-07 2.49055e-05 0.0180064 8.40552e-05 5.58197e-05 2.38545e-05 0.220598 0.00122628 0.00234451 3.64756e-05 0.0177474 0.000124886 
0.0130411 1.67804e-08 3.72031e-13 1.09343e-07 0.000737102 0.0100603 9.2583e-05 0.10061 0.0209137 5.45167e-07 0.0115271 9.14359e-09 0.843018 6.17574e-09 
0.607875 0.105842 1.45859e-10 4.01043e-07 0.0467823 2.67509e-05 0.000669285 7.20241e-07 0.0307044 0.113386 0.011146 3.26035e-07 0.0835679 3.22792e-10 
0.0947658 0.00170393 1.33244e-12 1.94012e-08 0.00281683 0.000365797 0.000436576 2.0804e-07 0.00602242 0.789782 0.0218838 9.07405e-09 0.0822229 2.94873e-12 
0.273743 0.00661929 9.18425e-05 0.000597868 0.336512 0.000347254 0.000767475 0.000525024 0.124716 0.105305 0.0372357 0.00879859 0.100956 0.00378447 
0.00332002 0.137733 2.88906e-11 0.594208 0.184109 0.00967909 0.00166812 0.00019152 0.0504294 0.00546467 8.44905e-07 0.00213728 0.0110584 8.21323e-07 
0.0285488 7.90592e-06 1.00786e-07 0.000183993 0.144242 0.00203202 0.000916238 0.00620396 0.563666 0.178327 0.000623889 0.00182963 0.0732466 0.000172109 
0.332531 0.238864 1.85681e-08 5.53104e-06 0.01605 0.000109264 0.0924046 0.00551683 0.0617491 0.150251 0.0112145 8.02613e-06 0.0912901 6.11865e-06 
0.945839 0.00275109 3.07521e-06 0.000163731 0.00623652 7.22002e-05 0.000839947 0.000300433 0.00768664 0.034291 9.8431e-05 2.4409e-05 0.00161037 8.27065e-05 
5.14579e-05 0.000694216 1.09556e-07 1.40341e-06 1.44238e-06 0.000494909 2.48504e-05 9.26561e-05 0.176537 0.822016 2.25576e-05 9.20053e-06 4.23622e-05 1.13254e-05 
0.00789333 0.000142036 6.35965e-09 0.364653 0.0101728 3.3167e-05 0.000185731 0.000726917 0.0472058 0.23357 0.000269852 0.000333047 0.334814 1.42649e-07 
0.923253 0.0118743 2.94718e-08 2.71517e-05 0.0130757 0.00130314 0.000653297 0.00185828 0.00109563 0.0246964 0.000350409 3.62881e-05 0.0217733 3.45883e-06 
0.0091491 0.001924 2.76862e-12 8.37505e-06 0.000987603 0.957905 0.000453574 6.47862e-05 0.0013418 0.0264049 2.31447e-05 7.50661e-06 0.00133554 0.000394263 
0.20786 0.150032 5.87504e-08 1.70358e-06 0.00579268 0.00702701 0.0029382 0.000566141 0.244649 0.354139 0.00555803 0.000300958 0.0201881 0.000946277 
0.36297 0.0407358 3.48042e-05 0.0107343 0.368138 4.36366e-05 0.00798551 0.130033 0.00110414 0.00663815 0.0108303 0.000405355 0.0600571 0.000289948 
0.263629 0.000134755 1.00303e-06 2.35874e-05 3.61431e-05 0.00248741 0.000844898 0.42954 0.0155847 0.177236 0.00694511 1.81506e-05 0.103513 5.91841e-06 
0.0726833 0.000295175 2.03277e-07 0.000103731 0.0522633 0.0547539 0.00157502 0.000821954 0.0123945 0.0551468 0.124382 0.000286508 0.624679 0.000615049 
0.0470707 0.0288314 1.4996e-07 3.80665e-05 0.11017 0.0056309 0.000934764 0.0921216 0.100922 0.0473669 0.0126056 0.0135349 0.540709 6.43391e-05 
2.78541e-05 0.85516 1.05113e-08 6.86271e-07 0.00211758 1.3141e-05 0.000972623 8.00401e-07 0.123444 0.0180777 4.10102e-05 5.5766e-07 0.000135874 7.4637e-06 
0.549551 0.0108356 6.95003e-05 0.00244199 0.0108176 0.00343726 0.039207 0.00572011 0.0804109 0.170657 0.0214741 0.000556644 0.104363 0.000457903 
0.0260852 0.00081805 6.37005e-11 6.24206e-07 0.0032827 0.379981 7.52746e-07 0.004095 0.124702 0.05105 0.000116745 0.00161377 0.0348246 0.373429 
0.00266033 0.0043168 3.0374e-10 2.05924e-07 0.017895 8.91293e-10 0.00194196 8.91196e-05 0.918356 0.0264912 0.000273899 0.000119707 0.0278553 3.93114e-07 
0.0098786 0.0362028 1.41345e-05 0.000191855 0.0778061 0.0750886 0.00119603 0.0181144 0.434676 0.0776116 0.00486441 0.0135003 0.250804 5.09508e-05 
0.429481 0.000255227 1.85643e-10 1.99119e-07 0.00134833 0.000223156 0.000183876 9.97832e-09 0.0483565 0.493315 0.000754771 2.82715e-05 0.0260534 4.31298e-09 
0.297353 0.000275476 5.31078e-14 1.56089e-08 0.000812346 0.00208044 4.40373e-05 0.25815 0.0092594 0.321434 0.00282762 9.00759e-06 0.107755 8.81594e-10 
0.0189114 5.80555e-05 6.33257e-12 1.36613e-08 0.00016751 0.0388431 0.00160333 0.00679031 0.846458 0.0183716 0.00608065 0.000711462 0.062004 1.10137e-07 
0.104153 0.0587998 0.000105756 0.000125316 0.0446019 0.00140782 0.00993649 0.00128068 0.593184 0.0448054 0.028417 0.00254004 0.0136235 0.097019 
0.0346255 7.88107e-05 2.37176e-07 0.00234991 0.136002 0.0164959 0.000630766 0.034135 0.544078 0.121585 0.0340524 0.000154817 0.0713154 0.00449588 
0.155766 0.0405281 0.00177475 0.0219201 0.549587 0.00215786 0.00215774 0.00699926 0.02418 0.0961808 0.00997362 0.026936 0.0535117 0.00832715 
0.00774359 0.0162083 5.0265e-11 0.638681 0.00455829 0.0036969 0.0178571 0.0011961 0.00604012 0.0194443 9.86894e-05 3.26021e-05 0.284431 1.19812e-05 
0.0531249 0.000267896 4.35198e-07 0.075734 0.475845 5.48159e-05 4.67766e-05 0.309385 0.00235508 0.00108153 0.000124355 0.0706613 0.011237 8.18758e-05 
0.0279223 4.18258e-06 2.02106e-11 5.55139e-11 0.0289373 5.93058e-11 0.0602118 7.51761e-08 0.246493 0.626665 2.07636e-11 0.000697066 0.00846814 0.000601919 
0.429481 0.000255227 1.85643e-10 1.99119e-07 0.00134833 0.000223156 0.000183876 9.97832e-09 0.0483565 0.493315 0.000754771 2.82715e-05 0.0260534 4.31298e-09 
0.883169 0.000274244 2.52452e-13 2.02788e-08 0.000798833 0.00400563 0.000242386 0.00767192 0.00151414 0.0153394 0.000169082 1.62373e-05 0.0867974 1.46961e-06 
0.0756436 7.21503e-05 4.47683e-06 2.60053e-05 0.00352214 0.0175597 2.88426e-05 0.00599671 0.753283 0.00659192 0.000164401 9.83204e-05 0.137003 5.99897e-06 
0.175237 0.0191112 2.06757e-06 3.00593e-06 0.0340996 0.00030808 1.7831e-05 0.000724217 0.410434 0.116797 0.000262656 0.109635 0.00949277 0.123876 
0.0327403 0.000314897 5.98065e-10 0.000108767 0.00251961 0.0229667 0.00100858 0.0289922 0.512486 0.00635629 0.00202783 0.000225888 0.390142 0.000110921 
0.00554471 1.05238e-05 6.03906e-09 4.1374e-07 0.000522286 0.0108502 0.000747144 0.00148276 0.949449 0.00839941 0.000975115 0.00852531 0.01323 0.000263476 
0.00179301 0.0112122 8.08948e-10 1.09615e-06 0.623758 6.64746e-06 0.00131658 8.30819e-05 0.177106 0.0273691 0.0113051 1.23239e-07 0.14431 0.00173936 
0.510253 0.00134012 4.11051e-12 8.67997e-09 0.00197575 6.00634e-05 0.000200214 0.0058826 0.0220881 0.136514 0.00975091 1.49954e-06 0.311934 1.44338e-07 
0.109292 0.00151815 6.84421e-06 0.000517242 0.0721627 0.00497587 0.0400009 0.0206594 0.0101694 0.342702 0.0431339 0.000462896 0.354365 3.38936e-05 
0.328098 0.0199395 7.69267e-10 0.00216819 0.000335573 0.000210947 0.00163023 0.0373395 0.152895 0.235989 0.00399478 0.000275594 0.211427 0.00569687 
0.900745 0.0371872 2.81015e-09 3.78327e-05 0.0217233 6.96066e-05 0.00139123 0.0179245 0.00400648 0.0147566 1.12012e-08 4.30699e-05 0.00163823 0.000477087 
0.829519 0.00114535 3.06594e-08 7.50668e-05 0.0157228 0.000105747 0.0027328 0.00198398 0.0023124 0.122432 0.00132111 1.22354e-05 0.0224709 0.000166833 
0.326522 0.00368592 6.53493e-06 0.0001245 0.00326944 0.000718096 0.000625457 0.00801785 0.201589 0.11822 0.0907514 0.000101651 0.240858 0.00551043 
0.000523847 0.00278979 9.13246e-08 1.41266e-06 0.714281 1.29074e-05 0.00342466 0.000125807 0.0035474 0.274906 1.04728e-06 1.62787e-06 0.000365028 1.98569e-05 
0.160638 0.0539822 0.000192288 0.00564913 0.0349634 0.0118562 0.0473587 0.0479056 0.0087618 0.032606 0.00377448 0.00176548 0.552809 0.0377378 
0.071844 0.000607548 1.79936e-09 0.000195106 0.000301013 0.00123627 0.00269985 0.0332284 0.0263905 0.845848 0.0026361 1.57738e-05 0.014983 1.40473e-05 
0.0291258 0.0262529 0.000107557 0.00189496 0.111565 0.000390417 0.00820324 0.0318624 0.503544 0.160337 0.00283872 0.000769637 0.104087 0.0190219 
0.00357174 0.000771251 3.37916e-10 0.000293714 0.000144527 0.0780669 5.70992e-07 0.0143111 0.000254516 0.0032128 0.126418 3.59513e-10 0.772952 3.22647e-06 
0.00318236 7.56956e-10 1.38927e-10 7.51798e-06 0.00313111 3.62121e-09 1.45862e-05 0.000147555 9.38398e-05 3.51333e-05 0.000100491 8.27662e-05 0.000136776 0.993068 
0.349239 0.11184 1.54147e-08 0.0102984 0.0733088 0.000106884 0.00819642 4.09796e-06 0.128938 0.279819 0.0137106 0.000110861 0.015137 0.00929109 
0.116861 0.00120183 5.28977e-08 4.92878e-05 0.00873155 0.0330866 0.000788317 0.110359 0.336049 0.171291 0.0155087 0.000320062 0.20575 4.91971e-06 
0.738769 0.0885712 2.22659e-11 6.11594e-11 0.0112712 3.38496e-08 0.00737706 0.0765813 0.000730839 0.0331569 0.000966112 7.11524e-09 0.0425765 7.24639e-08 
0.0101178 0.0191417 2.11025e-05 7.1641e-05 0.663179 0.000284632 0.0310746 0.00242734 0.022313 0.0826916 0.0210698 0.00342513 0.0274614 0.116721 
0.923253 0.0118743 2.94718e-08 2.71517e-05 0.0130757 0.00130314 0.000653297 0.00185828 0.00109563 0.0246964 0.000350409 3.62881e-05 0.0217733 3.45883e-06 
0.428495 0.00125877 3.57742e-11 0.000163836 0.00363771 0.0039939 0.000296978 0.00103533 0.484438 0.0569519 0.00263552 0.000172738 0.0164769 0.000442928 
0.229764 0.0290941 7.73263e-07 7.63186e-06 0.0513219 0.00223498 0.00639277 0.0116267 0.543248 0.113423 5.58178e-05 0.00115843 0.0100541 0.00161746 
0.540697 0.336726 2.32853e-06 1.48566e-05 0.0332458 0.000146475 0.00743903 0.000530728 0.00834484 0.0716682 0.000147219 5.66335e-05 0.000859468 0.000121296 
0.617837 0.284054 1.33526e-06 1.37372e-05 0.021297 0.000180287 0.00488533 1.22787e-05 0.0114564 0.0599358 5.13258e-05 7.21292e-05 9.04667e-05 0.000112956 
0.0816142 0.0652091 3.38314e-08 0.0141791 0.012931 0.000317665 0.0167321 0.000550966 0.00861344 0.759863 0.00204687 3.76201e-06 0.0379182 2.09438e-05 
0.294389 0.00282941 2.81002e-07 3.99249e-06 0.0246794 7.22894e-06 0.000299417 0.077178 0.408666 0.0126969 0.0138391 0.000378627 0.165031 1.94895e-06 
0.00342007 0.00439172 9.18694e-08 0.000286452 0.63985 0.000204377 0.00280826 0.000706182 0.263233 0.0202058 0.0016133 0.000152522 0.0625806 0.000547849 
0.0776499 0.00228246 3.38975e-12 2.09451e-09 1.17882e-08 2.97832e-05 0.000617865 0.00888385 0.0238372 0.866276 0.000264345 1.93162e-05 0.0201231 1.57664e-05 
0.0297384 0.000685564 2.0303e-06 1.17498e-05 0.125425 3.39526e-05 0.000474982 0.0599291 0.00583172 0.0368979 0.00660256 0.00112787 0.0221589 0.71108 
0.904695 0.0020004 3.68513e-09 3.76749e-05 0.00203379 0.00163283 0.000870362 0.0385953 0.000509181 0.00932809 0.000378605 2.69943e-05 0.0398885 3.0726e-06 
0.913803 3.12218e-05 9.42584e-13 6.86559e-09 9.43479e-06 0.000174583 0.000656847 0.000105341 0.0307168 0.0519273 6.05982e-05 5.13052e-06 0.00250799 1.32375e-06 
0.264071 0.0626977 1.71936e-07 2.87874e-06 0.0533752 2.27304e-05 0.0343743 5.92245e-06 0.0681038 0.51292 0.000177343 1.0364e-05 0.00293999 0.00129867 
0.694997 0.138572 5.34665e-07 4.29642e-06 0.083123 0.000174177 0.00923336 0.000355801 0.00698566 0.0654226 0.000232408 6.01711e-05 0.000732276 0.000107193 
0.0340099 0.000116047 3.48686e-12 1.34305e-08 7.54339e-05 0.077681 0.00320626 0.0135796 0.713145 0.0367424 0.00873029 0.000532965 0.112181 1.08331e-07 
0.200478 0.0794436 6.48011e-13 2.98648e-05 0.00808837 7.57617e-05 0.00746899 0.000139213 0.00980089 0.6827 0.000211644 1.482e-05 0.0112816 0.000267823 
0.0506081 0.00643084 2.12558e-05 0.0382355 0.0523353 0.00961058 0.0817293 0.00685778 0.127657 0.0525437 0.21544 0.00505115 0.352643 0.000836674 
0.0688677 0.000303385 1.09111e-09 1.57104e-07 0.0149086 0.101373 4.84172e-05 0.00916969 0.506256 0.134454 0.00304136 0.000928822 0.0876714 0.072977 
0.110856 0.338319 8.76858e-12 1.06535e-05 0.0171227 0.00226889 0.00180519 0.00699092 0.106853 0.138315 0.00258185 4.10131e-05 0.273835 0.00100098 
0.403449 0.484331 5.44153e-09 4.68007e-05 0.0976058 4.28079e-05 0.00142651 4.73556e-05 0.000517412 0.0114664 4.57973e-05 8.27712e-06 0.00100401 9.09023e-06 
0.000113588 3.0587e-06 2.0136e-10 3.09788e-06 3.1839e-06 0.00109246 5.48548e-05 0.000204529 0.998196 0.00014065 4.97937e-05 2.03092e-05 9.35104e-05 2.49997e-05 
0.657579 0.0170451 1.39421e-08 1.31383e-07 0.178376 0.000133851 0.00100791 0.00299079 0.0365683 0.0955965 1.36511e-07 0.0019524 0.0060505 0.00269966 
0.902012 0.000945003 2.05783e-08 2.21574e-08 0.000807474 0.00248181 0.00012121 0.00383617 0.000757105 0.0441588 8.75505e-05 8.12244e-06 0.0447837 1.06169e-06 
0.904695 0.0020004 3.68513e-09 3.76749e-05 0.00203379 0.00163283 0.000870362 0.0385953 0.000509181 0.00932809 0.000378605 2.69943e-05 0.0398885 3.0726e-06 
0.0470707 0.0288314 1.4996e-07 3.80665e-05 0.11017 0.0056309 0.000934764 0.0921216 0.100922 0.0473669 0.0126056 0.0135349 0.540709 6.43391e-05 
0.929675 0.0025647 2.54479e-13 6.98999e-13 0.0511547 8.43897e-05 0.000556582 3.34212e-05 0.000984279 0.0129015 1.3881e-08 5.41539e-05 0.00172509 0.000265962 
0.00549817 0.00258572 1.24911e-09 5.33162e-07 3.94095e-07 6.20968e-05 3.91153e-06 2.72688e-07 0.988753 0.000206451 1.28329e-09 0.000299492 0.0025889 7.55934e-07 
0.00332002 0.137733 2.88906e-11 0.594208 0.184109 0.00967909 0.00166812 0.00019152 0.0504294 0.00546467 8.44905e-07 0.00213728 0.0110584 8.21323e-07 
0.19484 0.0220122 1.09447e-07 0.00122524 0.0500798 0.00277836 0.0336185 0.00286794 0.0327171 0.628642 0.00543956 0.000875666 0.0238758 0.00102851 
0.174535 0.0311867 2.57353e-08 1.50923e-07 0.0331881 0.00270468 0.00348216 0.0136788 0.671047 0.0498367 0.000187449 0.000749335 0.0194027 1.22659e-06 
