0.116075 0.127074 0.540706 0.000779564 0.0165733 1.65008e-05 0.042219 2.43302e-05 0.00721651 0.0691936 0.0556036 2.54861e-06 0.0244128 0.000102589 
0.122139 0.00612746 0.409031 1.61078e-06 0.00513466 0.000617399 0.00111169 0.0285113 0.00812855 0.362642 0.013125 0.0051563 0.0381995 7.46851e-05 
0.0886324 0.0907503 0.310489 0.00663051 0.243803 0.00124228 0.0235833 0.00361283 0.0222755 0.16053 0.0133062 0.00549216 0.0291556 0.000496761 
0.0373331 0.172305 0.506268 0.000292198 0.148444 3.6357e-07 0.0296832 0.000237971 0.0111415 0.0383134 0.000964891 7.44102e-07 0.0541923 0.000823503 
0.00878442 0.000713274 0.671728 0.00356185 0.0606044 7.07167e-06 0.0239122 0.000313039 0.0460238 0.0637979 0.10263 6.81992e-06 0.0179137 3.73858e-06 
0.0426068 0.0188392 0.477445 0.000622398 0.0349743 4.47598e-05 0.0633894 0.000989836 0.0112032 0.0579747 0.186122 2.88085e-05 0.10576 9.29843e-08 
0.0387393 0.0261509 0.525495 0.000294132 0.0250955 0.000340455 0.082946 0.00837375 0.0283115 0.220378 0.00754791 0.000348175 0.0359339 4.56312e-05 
0.0810494 0.0100927 0.40767 0.0188191 0.106932 1.48312e-05 0.0383617 0.000122992 0.0306862 0.0861622 0.160154 0.0263357 0.03253 0.00106898 
0.00178972 0.0125953 0.877503 0.00033471 0.0738928 2.15213e-05 0.00761919 2.29071e-07 0.00134738 0.0240349 0.000566385 2.16064e-09 0.000295114 7.29156e-08 
0.28216 0.0010435 0.283126 9.79563e-05 0.0037094 0.000697095 0.007475 0.000878417 0.137017 0.105483 0.0650863 6.56993e-05 0.112041 0.00111953 
0.341571 0.026137 0.42846 8.22176e-05 0.0258461 0.0945562 0.0103659 6.78276e-05 0.00436861 0.0616342 0.00229914 7.13166e-05 0.00453595 4.58699e-06 
0.0903568 0.0457621 0.458243 0.0018644 0.117382 5.25572e-05 0.0346145 0.0017707 0.0237045 0.208849 0.00908967 0.000958864 0.00734178 1.01722e-05 
0.012895 0.0299292 0.367656 2.17299e-05 0.109112 0.00108087 0.0459756 0.000581186 0.16729 0.0654468 0.0161322 0.00186448 0.0219075 0.160107 
0.0159667 0.0268104 0.709259 0.00962233 5.31023e-05 4.11551e-05 0.0837356 2.01143e-05 0.000935226 0.0670183 0.00307785 5.68579e-06 0.0834502 4.10944e-06 
0.00690735 0.000133855 0.828335 0.0083394 0.0357401 0.00756459 0.0294503 8.80491e-05 0.0357 0.0216309 0.0247358 6.03287e-05 0.00127897 3.53651e-05 
0.0119533 0.0300784 0.550336 1.29137e-06 0.0487825 4.84555e-06 0.00974579 6.74552e-06 0.0431335 0.103177 0.131631 0.0241094 0.047034 5.87637e-06 
0.014659 0.0211087 0.814768 0.0207238 0.0761425 9.47758e-05 0.00457921 2.0465e-05 0.00370233 0.0343279 0.00531486 1.56687e-07 0.00455852 5.13807e-10 
0.170149 0.0458833 0.308743 0.00507551 0.165411 0.000931436 0.0269157 0.00529386 0.00799419 0.224834 0.00962444 0.000561993 0.0280404 0.000543235 
0.0119533 0.0300784 0.550336 1.29137e-06 0.0487825 4.84555e-06 0.00974579 6.74552e-06 0.0431335 0.103177 0.131631 0.0241094 0.047034 5.87637e-06 
0.0405541 0.00779177 0.358763 9.92231e-06 0.190208 0.00617533 0.0809843 0.000236832 0.0457553 0.0966769 0.0790896 0.0824501 0.0113034 1.58837e-06 
0.150869 0.0264725 0.561818 0.00229456 0.0714303 6.38184e-06 0.0254119 0.017642 0.0106829 0.0802454 0.0108073 0.0025374 0.0397725 9.65972e-06 
0.0833471 0.00370014 0.43749 1.04592e-07 0.212319 3.34425e-06 0.0285679 3.90576e-05 0.0207852 0.144626 0.0204196 6.41839e-05 0.0486377 8.64389e-07 
0.0164863 0.0452807 0.623249 4.11247e-09 0.00683059 2.64673e-05 0.00366354 1.47539e-05 0.069003 0.185987 0.0229687 7.07668e-05 0.0264082 1.05462e-05 
0.0152218 0.00937531 0.377164 0.000967119 0.25161 0.000170879 0.00326172 6.76754e-06 0.190955 0.107299 0.0117179 0.018854 0.0133802 1.77943e-05 
0.0245614 0.0177472 0.385285 0.00353746 0.103833 2.96948e-05 0.0221826 0.0352655 0.0750349 0.215208 0.0467327 0.000121827 0.0704264 3.44309e-05 
0.151415 0.0452983 0.413612 0.000323503 0.0548821 1.22396e-05 0.00672033 0.00201648 0.0049063 0.272532 0.00354271 0.0190127 0.0254968 0.000229995 
0.00572376 0.00733149 0.444093 0.00230801 0.0986427 0.000611857 0.00843716 0.00534049 0.255084 0.137615 0.0125826 0.000119 0.0191243 0.00298602 
0.0201738 0.0710592 0.547006 2.72143e-06 0.00750381 0.000262237 0.0358553 2.38532e-05 0.145917 0.131772 0.000801254 3.97671e-05 0.0394871 9.54223e-05 
0.0750906 0.233284 0.324485 0.0144454 0.0251221 0.00297598 0.00259889 0.00115387 0.113197 0.153312 0.0156293 0.000104143 0.0211568 0.0174452 
0.129193 0.0138116 0.366386 4.5435e-05 0.0187832 0.00156263 0.0146663 0.0216348 0.0220147 0.17954 0.0194046 3.7723e-05 0.212906 1.2562e-05 
0.00715909 0.012242 0.625765 5.8027e-05 0.162157 6.26427e-07 0.0357669 8.50714e-05 0.0739598 0.081208 0.000158414 2.27121e-07 0.0013071 0.000132814 
0.00178972 0.0125953 0.877503 0.00033471 0.0738928 2.15213e-05 0.00761919 2.29071e-07 0.00134738 0.0240349 0.000566385 2.16064e-09 0.000295114 7.29156e-08 
0.0968048 0.0409301 0.228053 0.0010258 0.148445 0.00174657 0.156731 0.00819405 0.0376198 0.143285 0.0205552 2.68144e-05 0.115692 0.000891108 
0.100468 0.00732255 0.493705 0.00266025 0.106527 3.00995e-06 0.0409507 0.00025348 0.053902 0.164684 0.0166872 2.63306e-05 0.0109004 0.00190942 
0.0750672 0.00948373 0.300568 0.00116686 0.0289013 0.000165531 0.0362529 0.00671938 0.0774472 0.179614 0.214004 8.00128e-05 0.0705047 2.60131e-05 
0.085171 0.0130073 0.509167 0.000188295 0.156761 2.56761e-05 0.00861921 0.00583996 0.0427366 0.121648 0.0114319 1.42879e-05 0.0453402 4.8548e-05 
0.0486799 0.000779442 0.410039 0.000277323 0.100241 1.61993e-06 0.0016487 8.8967e-06 0.331182 0.0941226 0.00937722 6.52704e-06 0.00211073 0.00152541 
0.130835 0.103534 0.346527 0.000796343 0.239335 2.26958e-08 0.0139296 0.0356377 2.16585e-05 0.127884 0.000831327 2.35541e-05 0.000617346 2.77662e-05 
0.0864378 0.0466881 0.55435 8.60566e-05 0.201319 1.97772e-06 0.092517 1.9489e-08 0.00190836 0.0157585 0.000181702 2.48907e-05 0.000706448 2.0422e-05 
0.0655164 1.33303e-06 0.356056 6.36644e-10 0.0255939 0.000365054 0.0117982 1.48618e-10 0.264119 0.254691 0.0175889 3.18598e-07 0.00426755 1.23181e-06 
0.115239 3.69e-05 0.42369 2.84067e-08 0.293314 4.26193e-05 0.0033913 2.69447e-06 0.0115253 0.144893 0.00784087 6.58075e-06 1.70545e-05 2.28868e-08 
0.0656305 0.0392648 0.350068 0.00118672 0.321988 6.86008e-05 0.0100815 0.00454733 0.0462206 0.137394 0.00890218 0.013111 0.00145032 8.65413e-05 
0.0320086 0.00871918 0.552085 0.266834 0.0279315 3.33262e-08 0.00201601 5.87634e-06 0.00484263 0.0899752 0.0148227 1.20829e-08 0.000745387 1.39775e-05 
0.023916 0.0289816 0.755053 9.16535e-06 0.00231646 2.77763e-06 0.138953 2.58781e-08 0.00791935 0.0103123 0.00549087 0.000872094 0.0258123 0.000360477 
0.0116832 4.97044e-05 0.884115 8.17393e-08 9.09628e-06 9.81166e-05 0.0181268 8.87623e-05 0.0411945 0.0178037 1.10705e-05 3.16602e-08 0.0268185 1.93105e-06 
0.185155 0.141468 0.329685 0.000208582 0.044379 2.92115e-05 0.0900324 0.0352642 0.00200527 0.0961753 0.00624869 0.0137198 0.0555854 4.35574e-05 
0.104336 0.09315 0.379947 0.00657572 0.0927978 8.80867e-05 0.113479 0.000156387 0.00370348 0.120302 0.0329024 0.0257518 0.0268102 5.6175e-08 
0.149243 0.0354246 0.457364 0.000671923 0.198718 2.50398e-05 0.0230486 0.000387608 0.0305497 0.063052 0.00983808 0.00609407 0.0255824 8.34412e-07 
0.234302 9.53869e-07 0.317606 0.0079129 0.031671 9.53186e-07 0.0857353 9.53878e-07 0.130776 9.54002e-07 0.0682901 0.0641884 0.0335811 0.0259336 
0.16768 0.097795 0.418511 2.70714e-05 0.00987645 0.000139208 0.072934 0.00335616 0.0193374 0.144699 0.0130071 3.84537e-05 0.0525833 1.65215e-05 
0.147904 0.378141 0.433815 2.08931e-05 0.0136673 1.11972e-07 0.00364325 0.0144074 3.45834e-06 0.0025142 0.000295731 4.08472e-05 0.00553591 1.03802e-05 
0.113057 0.177894 0.395388 0.000677035 0.00682107 0.000552966 0.0206178 0.0162869 0.0417351 0.173269 0.0162023 3.05752e-05 0.0372538 0.000215038 
3.31412e-06 0.00613965 0.920566 2.03734e-06 0.00507609 3.07179e-08 3.17311e-06 6.01679e-07 0.00176482 0.0664073 4.16403e-07 1.11373e-08 3.62681e-05 2.31666e-08 
0.215791 0.0133059 0.526552 0.00019648 0.00165601 1.02001e-06 0.017601 0.000689476 0.0427163 0.0773369 0.0278778 2.22898e-05 0.0762535 2.89305e-09 
0.0267227 0.00232725 0.583898 0.00172398 0.0204214 0.00166872 0.00224767 0.0972666 0.0444481 0.11963 0.038255 0.0144103 0.0469803 2.9596e-07 
0.0106846 0.0152722 0.592851 5.26217e-06 0.119648 0.000107555 0.0041354 0.00331298 0.0630976 0.141505 0.0293967 0.00332984 0.0152733 0.0013815 
0.00704691 0.0343801 0.859347 6.6088e-05 9.75422e-07 2.29558e-05 9.63775e-05 0.00490298 0.00334115 0.0632228 0.0181877 9.2748e-05 0.0092883 4.23227e-06 
0.0755032 0.0823717 0.587303 2.66374e-05 0.0316664 0.000644518 0.046729 0.0137851 0.00936723 0.102915 0.0139736 0.000659213 0.034916 0.000139786 
0.162485 0.024225 0.562449 5.40088e-06 0.0170854 0.0121095 0.00857892 0.00525517 0.0588158 0.111518 0.00502467 0.000958441 0.0277355 0.00375366 
0.034172 0.035171 0.320618 2.70082e-07 0.0178961 0.00207338 0.0449231 5.01036e-07 0.164349 0.0734609 1.78642e-06 4.31108e-07 0.307316 1.79751e-05 
0.053654 0.162339 0.516046 5.96767e-05 0.00682886 0.0512221 0.0144487 9.40739e-05 0.106382 0.0256114 0.00211354 1.07911e-05 0.0611873 1.64386e-06 
0.0077356 0.00908616 0.603205 0.00414729 0.0403735 1.59597e-07 0.0128014 0.000521798 0.0279755 0.266281 0.00575048 8.56605e-06 0.0221062 7.05291e-06 
0.1454 0.116909 0.6315 0.000601863 0.0649373 9.23587e-05 0.00757084 0.0208596 2.72549e-05 0.0108399 0.000626016 7.02822e-05 0.000527556 3.77187e-05 
0.0101241 0.0021067 0.914789 0.000146141 0.0439428 0.000380162 0.00105747 8.94926e-06 0.00954474 0.00704182 0.00474861 5.53141e-05 0.00598439 6.99259e-05 
0.0580635 0.0126875 0.412819 0.000618121 0.15416 0.000476429 0.0146729 0.00139552 0.03142 0.248999 0.0463787 0.000249407 0.018007 5.29617e-05 
0.00168271 0.00309559 0.795766 0.000479939 0.141764 6.55995e-06 0.000781203 0.000126226 0.018613 0.026118 0.000167257 5.84807e-08 0.00316827 0.00823096 
0.087372 0.0373604 0.415242 1.88556e-06 0.223032 0.0148969 0.0164134 1.88681e-06 0.128304 0.0668038 1.88658e-06 0.0105666 1.88701e-06 1.88587e-06 
0.295053 0.0271194 0.577013 4.82715e-07 0.0206155 4.49724e-05 0.0557067 2.46572e-07 0.000618535 0.015834 9.07877e-06 6.43012e-07 0.00798457 8.10824e-11 
0.0099256 0.016189 0.562467 0.00175318 0.153474 0.00147577 0.00967622 0.00585962 0.0737901 0.0795031 0.00431864 2.44699e-05 0.0728394 0.00870339 
0.074703 0.0259802 0.693789 4.76063e-09 0.00279779 0.000182125 0.102281 0.000146423 0.000155292 0.00937546 0.00428267 0.00569962 0.0786064 0.00200034 
0.103231 0.17719 0.468941 1.71523e-08 0.00363931 1.83239e-08 0.0190426 1.8543e-05 0.153246 0.0253629 0.00781089 1.905e-05 0.0409183 0.000579875 
0.0810258 0.00938413 0.76056 0.0237094 0.0157809 0.000100498 0.00814578 0.000334743 0.0108498 0.0648613 0.00371666 0.000129933 0.0195709 0.00183031 
0.0289014 0.0114463 0.676438 3.70219e-09 0.0188999 3.95507e-09 0.0840559 7.91193e-06 0.0449343 0.12772 0.00465499 1.43398e-09 0.00294046 7.44142e-07 
0.047967 0.140049 0.474498 0.000360339 0.242833 2.98552e-05 0.00865514 0.000127187 0.000437094 0.0721214 0.000541229 0.00156906 0.0108102 1.06352e-06 
0.0430013 0.0120297 0.490861 0.0021617 0.349964 6.98454e-05 0.019523 5.95556e-05 0.00572813 0.0281208 0.0266384 2.06535e-06 0.0218404 3.38567e-07 
0.00178972 0.0125953 0.877503 0.00033471 0.0738928 2.15213e-05 0.00761919 2.29071e-07 0.00134738 0.0240349 0.000566385 2.16064e-09 0.000295114 7.29156e-08 
0.0191867 0.00495108 0.548204 0.00336789 0.107559 0.0023732 0.0158761 0.0010594 0.0744479 0.0964515 0.00591902 0.0014155 0.114455 0.00473399 
0.0695742 0.0359821 0.31724 0.00629692 0.0584475 0.000462476 0.0119974 0.0243256 0.20999 0.18451 0.0465653 8.92778e-05 0.0341809 0.00033955 
0.0112593 0.0798019 0.447451 7.9444e-08 0.0491118 0.000472748 0.00670573 0.000579329 0.143329 0.19751 0.0410206 0.000375316 0.0223644 1.86418e-05 
0.00348551 0.00504186 0.455379 9.81455e-05 0.0852876 0.000203346 0.00428969 0.0372754 0.0207241 0.250811 0.0332605 1.11689e-06 0.103748 0.000395171 
0.0124352 0.0201195 0.378911 0.000254493 0.197178 7.87781e-05 0.00510452 0.00078243 0.098729 0.268334 0.0048895 1.48559e-06 0.0115076 0.00167455 
0.251144 0.0121405 0.405569 5.87338e-05 0.0232259 0.000491604 0.003514 0.00864638 0.103372 0.125072 0.0128132 0.00557908 0.0413153 0.00705765 
0.159751 0.0294945 0.637815 8.18807e-06 0.00551908 6.66534e-07 0.0279454 0.00975924 0.00275824 0.0888003 0.0143326 0.000257363 0.0232877 0.000271173 
0.0575133 0.0366876 0.390664 0.000525672 0.0313961 3.61126e-05 0.100334 0.00120475 0.155039 0.116017 0.0625895 0.00012015 0.0386936 0.0091789 
0.0111245 0.00246387 0.920163 5.14693e-10 0.0025297 5.49849e-10 0.0596181 1.2015e-10 0.00161375 0.000474662 0.000380126 0.000112874 0.00151912 1.74833e-07 
0.16472 0.0332787 0.414039 0.000155221 0.246688 1.23694e-05 0.0358942 0.000369462 0.0143163 0.0767774 0.00227033 0.00136464 0.0101139 7.02487e-07 
0.0902563 0.29235 0.38618 0.000726261 0.027026 0.000679126 0.000178691 0.0116299 0.0511352 0.081046 0.0197306 0.000155933 0.0388929 1.297e-05 
0.325357 0.0175059 0.414622 2.23148e-05 0.0380223 0.00966029 0.00769666 0.00467757 0.074516 0.0148913 0.00100731 0.0137362 0.0780985 0.00018592 
0.200434 0.0177065 0.448511 0.00250157 0.0203793 0.000193706 0.00709261 0.00235747 0.00786805 0.254085 0.0126021 2.06412e-05 0.0205864 0.00566131 
0.0627632 0.236476 0.276352 0.000126546 0.101962 3.75001e-06 0.0181847 8.41659e-05 0.0184103 0.243069 0.00123481 2.32051e-05 0.0378322 0.00347859 
0.240056 0.0473023 0.360596 0.00412176 0.021587 3.28574e-05 0.0197722 8.81137e-06 0.00809028 0.290655 0.00522603 5.2002e-07 0.00254758 4.12434e-06 
0.000321196 0.000321153 0.674673 0.000320943 0.000321169 0.000320923 0.000321084 0.000321156 0.321474 0.000321198 0.000321117 0.000321113 0.00032119 0.000320996 
0.0521442 0.0271135 0.336922 0.00565355 0.281672 0.00256429 0.029454 0.00953239 0.0245358 0.210963 0.00937535 0.000114735 0.00992505 2.97399e-05 
0.0513983 0.0335528 0.372687 5.46754e-05 0.00850448 8.03119e-08 0.204908 0.000162324 0.241997 0.0205608 0.0379024 0.000153439 0.0281193 6.0569e-08 
0.119485 0.00417951 0.623178 3.88473e-05 0.0172808 0.000937455 0.018951 0.105848 0.0255509 0.0484297 0.0263679 0.000322462 0.00943019 6.23387e-07 
0.0772631 0.00927926 0.279164 0.000210316 0.0654814 0.00123306 0.0788501 0.00699094 0.142633 0.219887 0.00963343 4.02718e-05 0.101519 0.00781614 
0.0237026 0.00191363 0.7353 1.31691e-06 0.0312296 9.03934e-08 0.0292574 0.000612493 0.00411831 0.0816124 0.0667016 1.81798e-05 0.0254873 4.50396e-05 
0.193168 0.147381 0.512053 4.33724e-05 0.0152316 8.06438e-05 0.0020968 4.20925e-06 0.0381378 0.0629396 0.00405517 0.00316653 0.0197632 0.00187894 
0.0471021 0.00395067 0.894757 6.79815e-07 0.00369526 0.00185536 0.00325906 6.03619e-07 0.0398353 0.00192599 0.00136208 0.000927274 0.00127383 5.53151e-05 
0.0970689 0.15293 0.343687 1.98549e-05 0.291157 1.61049e-05 0.0175962 3.48623e-05 0.0106562 0.0145885 1.45108e-05 2.61863e-05 0.0722044 3.89745e-09 
0.104031 0.0200315 0.381299 2.58425e-08 0.37609 0.000363295 0.00174701 8.16756e-05 0.0142903 0.0679017 0.0054933 8.41932e-05 0.0285863 1.04497e-08 
0.159751 0.0294945 0.637815 8.18807e-06 0.00551908 6.66534e-07 0.0279454 0.00975924 0.00275824 0.0888003 0.0143326 0.000257363 0.0232877 0.000271173 
7.96843e-10 0.00038564 0.670926 8.43593e-06 0.00970296 1.27633e-05 2.06456e-06 2.07437e-09 0.302096 0.0125237 0.00131343 2.41498e-06 0.00187394 0.00115219 
0.012895 0.0299292 0.367656 2.17299e-05 0.109112 0.00108087 0.0459756 0.000581186 0.16729 0.0654468 0.0161322 0.00186448 0.0219075 0.160107 
0.115239 3.69e-05 0.42369 2.84067e-08 0.293314 4.26193e-05 0.0033913 2.69447e-06 0.0115253 0.144893 0.00784087 6.58075e-06 1.70545e-05 2.28868e-08 
0.0634582 0.025696 0.598559 4.01418e-06 0.0371737 9.69368e-05 0.00773968 0.00115485 0.00339971 0.203733 0.050479 4.06144e-05 0.00846323 2.43995e-06 
0.0871983 5.25191e-06 0.577654 5.24847e-06 5.25217e-06 5.24815e-06 0.00735631 5.25196e-06 0.0698556 0.12922 0.0603953 0.0189098 0.0493789 5.24934e-06 
0.0382282 0.0159763 0.629222 0.000952845 0.0463213 1.77773e-06 0.0206325 0.00148501 0.0363461 0.191028 0.0106792 7.25808e-05 0.00899823 5.59083e-05 
0.095314 0.00784105 0.350154 0.00155176 0.0597241 0.00151341 0.00305274 0.00074124 0.226433 0.0858171 0.0291454 0.0105896 0.127917 0.000205411 
0.0179877 0.00196419 0.744145 5.68672e-05 0.0293252 1.53878e-05 0.00685882 0.000581253 0.0338683 0.163686 0.000136501 0.000130782 0.00101977 0.00022401 
0.324671 0.0067796 0.384993 0.000375249 0.10292 9.12193e-05 0.00900688 3.9308e-05 0.00403589 0.0142489 0.0867499 0.00586817 0.0601082 0.000112261 
0.0113799 0.000816435 0.787928 3.12077e-08 0.00015744 7.47015e-05 0.000747595 2.41148e-05 0.000551374 0.173374 0.0181344 1.38061e-07 0.00506985 0.00174207 
0.135808 0.0561425 0.343799 9.06467e-05 0.0499487 0.000107264 0.0144693 0.0136445 0.0563748 0.262176 0.0217247 0.000136029 0.0429017 0.00267578 
0.00285038 0.000395087 0.571249 3.15668e-07 0.0188118 3.3723e-07 0.0395363 7.36894e-08 0.300506 0.0291092 0.00347352 5.29212e-05 0.0326413 0.00137423 
0.0212176 0.0392531 0.68269 0.000813016 0.0159767 1.23356e-05 0.0113744 0.0033953 0.0352108 0.139292 0.0229209 0.000396123 0.0270897 0.000357283 
0.146321 0.0018602 0.568155 1.48947e-06 0.00953831 1.59121e-06 0.0568516 0.0113062 3.62065e-07 0.0552401 0.00171344 5.7692e-07 0.149002 7.9683e-06 
0.0784323 0.0412267 0.553839 1.1508e-06 1.15161e-06 1.15073e-06 0.0135865 0.00541349 0.109053 0.17702 0.00230399 1.15141e-06 0.0191191 1.15099e-06 
0.113235 0.12599 0.455533 2.67606e-05 0.0709909 4.15781e-05 0.00221709 8.15305e-05 0.0157918 0.209923 0.000366852 2.5438e-05 0.00562885 0.000148948 
0.0923594 0.00145373 0.581508 0.00101117 0.175409 0.000241569 0.0552799 2.88119e-06 0.00381231 0.0132254 0.0566806 1.36587e-07 0.0190156 7.37595e-08 
0.00348551 0.00504186 0.455379 9.81455e-05 0.0852876 0.000203346 0.00428969 0.0372754 0.0207241 0.250811 0.0332605 1.11689e-06 0.103748 0.000395171 
0.00820307 0.0821472 0.699935 4.2559e-05 0.0122713 0.00060307 0.00127472 0.0118474 0.0365303 0.139095 0.00612451 8.78873e-05 0.00183705 5.64251e-07 
0.0909133 0.020021 0.651674 0.000117836 0.030455 0.000540113 0.00596007 0.000440829 0.0448309 0.0838874 0.00184009 4.53809e-05 0.0692643 9.9096e-06 
0.000507615 0.00209427 0.666926 1.8129e-05 0.0953682 6.60313e-08 0.00224751 3.84989e-05 0.0595887 0.144536 0.0256908 6.50266e-08 0.0029846 2.30088e-09 
0.00765409 0.0372475 0.638967 1.23435e-07 0.0003748 0.000189809 0.0235036 2.65494e-05 0.174815 0.0711493 0.0178625 1.63533e-09 0.0282096 3.40164e-09 
0.298758 0.0389963 0.417747 6.04071e-05 0.0414867 1.59155e-07 0.0229552 2.40833e-06 0.00243101 0.156078 0.0214559 2.75836e-05 1.43674e-06 5.67379e-08 
0.144457 0.270153 0.316347 0.00213369 0.236072 4.00314e-05 0.0178121 3.67405e-05 9.37056e-06 0.0123921 1.97519e-05 1.6225e-06 0.000524396 1.14883e-06 
0.246229 0.0756374 0.439725 0.000462174 0.0742573 6.51049e-05 0.060864 1.70379e-05 0.00688349 0.0358038 0.0373611 0.0030018 0.0194089 0.000284402 
0.153452 0.0093271 0.369351 0.000912693 0.0999469 2.95732e-06 0.0922902 0.000185261 0.0701249 0.0917197 0.0251036 0.00022183 0.08736 1.10697e-06 
0.0471021 0.00395067 0.894757 6.79815e-07 0.00369526 0.00185536 0.00325906 6.03619e-07 0.0398353 0.00192599 0.00136208 0.000927274 0.00127383 5.53151e-05 
0.0921636 0.0109526 0.280277 7.51056e-06 0.141599 9.62472e-05 0.0602802 1.37835e-06 0.0342537 0.101296 0.268017 5.9321e-08 0.009018 0.00203702 
0.0436379 0.0479389 0.505909 3.12523e-07 0.166944 7.00655e-07 0.0106193 3.32308e-05 0.0764596 0.0958372 0.0140319 0.034425 0.0041588 4.68135e-06 
0.0059071 0.0196168 0.558271 0.000187003 0.0263073 2.66183e-06 0.00502113 0.000468838 0.152891 0.203082 0.00240485 0.0161725 0.0096611 6.43948e-06 
0.151897 0.0400253 0.245101 0.0102993 0.229858 0.000801659 0.012529 0.0064502 0.0360597 0.0963472 0.0108238 0.0974364 0.0617529 0.000618672 
0.0474029 0.0257663 0.561757 0.000126243 0.0598607 4.08438e-05 0.00678952 0.00494623 0.0192028 0.198275 0.0506504 0.000122499 0.0173937 0.00766601 
0.00996207 0.00816359 0.489446 0.00441582 0.0500946 4.19117e-05 0.012218 0.00200301 0.293136 0.0786378 0.0145397 3.14424e-05 0.0351796 0.00213027 
0.00769446 0.0187667 0.778772 7.70898e-06 0.0335351 3.14665e-06 0.0438076 6.71398e-06 0.0327631 0.02581 0.0484782 8.14039e-07 0.0103548 3.80183e-08 
0.0254555 0.0836523 0.286337 0.00070853 0.249158 6.76181e-05 0.106712 0.000197798 0.00645082 0.189275 0.008438 0.000303462 0.041954 0.00129097 
0.0478086 0.105218 0.518984 6.4503e-06 0.155117 0.000518006 0.0347662 7.92177e-05 0.0379566 0.0189519 0.0414657 2.22736e-05 0.0389857 0.000120954 
0.0130715 0.013131 0.73024 0.000463279 0.0782814 0.000111155 0.014246 0.00856744 0.0193627 0.09709 0.00754746 1.67426e-06 0.0152937 0.00259281 
0.0141275 0.0270344 0.591184 2.64573e-07 0.0733483 6.62627e-05 0.0139833 0.000154994 0.149233 0.0533798 0.0451826 0.000141392 0.0321638 3.35648e-07 
0.146576 0.0584518 0.395254 0.000766759 0.0887095 3.57816e-07 0.0228123 0.00019619 0.0341638 0.0709 0.0114769 8.1866e-06 0.170651 3.35908e-05 
0.192661 0.0138921 0.333681 0.00212936 0.0490888 0.0008277 0.00461785 0.00191417 0.0353135 0.116241 0.0256288 0.000576823 0.223421 6.22833e-06 
0.00382952 0.0020081 0.728405 7.44161e-06 0.00392427 2.00818e-08 0.0254175 0.00283881 0.0367399 0.0853777 0.0424429 7.28097e-09 0.0594781 0.00953044 
0.0545671 0.00508794 0.496833 6.31991e-09 0.0111045 6.03611e-05 0.000490703 8.92705e-07 0.0345142 0.367522 0.0183484 4.54536e-06 0.0112416 0.000224506 
0.0424211 0.0156034 0.782309 4.59419e-06 0.00144838 8.70433e-06 0.00420838 0.00123015 0.00327548 0.136467 0.00286662 0.00012352 0.0100336 2.0987e-08 
0.0672191 0.13177 0.54347 8.11929e-07 0.182474 8.93249e-07 0.00599068 1.18498e-07 0.0140375 0.0533667 0.00151091 0.000154432 5.42772e-06 4.9887e-09 
0.0751014 0.0182795 0.257364 0.000329051 0.0512483 6.62486e-07 0.00252087 0.0238009 0.00975044 0.0843278 0.164454 0.0397758 0.0821164 0.190931 
0.234302 9.53869e-07 0.317606 0.0079129 0.031671 9.53186e-07 0.0857353 9.53878e-07 0.130776 9.54002e-07 0.0682901 0.0641884 0.0335811 0.0259336 
0.000634555 0.000667375 0.991959 2.27845e-05 0.000247851 0.000523921 0.000184392 2.65454e-05 0.00334315 0.00148566 8.52195e-06 0.00027549 0.00019414 0.000426525 
0.0555289 0.0041253 0.547734 1.3078e-05 0.00130592 0.167734 0.00159979 0.0104032 0.00044948 0.0203423 0.016999 0.0553445 0.118418 1.39397e-06 
0.0900983 0.126961 0.520295 7.55476e-05 0.00955268 3.48739e-06 0.0263024 3.21747e-05 0.0130659 0.115464 0.0722171 6.58853e-05 0.0243234 0.00154305 
0.0275496 0.240618 0.484107 0.000279838 0.000315581 6.0401e-05 0.000173382 0.0160644 0.0268934 0.174402 0.021383 2.34068e-05 0.0081282 1.73532e-06 
0.0131406 0.00075115 0.613905 0.000282127 0.0235549 3.43028e-07 0.00591447 0.126862 0.107353 0.0534055 0.00436375 3.00994e-06 0.0496917 0.000773475 
0.000253688 7.30335e-05 0.520023 1.0094e-05 3.15505e-05 4.83152e-09 0.44435 1.05575e-09 0.0320714 1.73885e-06 1.69156e-09 0.000783156 4.97901e-10 0.00240207 
0.109562 0.266074 0.352199 0.00369919 0.0120076 5.33307e-08 0.0234737 1.16535e-08 0.00445412 0.110552 0.00793547 1.93359e-08 0.110043 4.02205e-08 
0.00591067 0.00375716 0.536162 0.000431185 0.0405758 0.00123771 0.123538 6.64573e-07 0.0225442 0.189801 0.0319419 2.03656e-05 0.043913 0.000165993 
0.0120825 0.0359717 0.266643 5.30929e-05 0.165417 5.52622e-07 0.0574458 1.04676e-05 0.15973 0.227974 0.0341667 1.589e-05 0.0404888 6.90845e-07 
0.126792 0.0151693 0.289107 0.0060978 0.0474552 1.11921e-05 0.02597 0.00262362 0.0335433 0.20381 0.229874 2.10827e-06 0.0187811 0.000763207 
0.147305 0.0221638 0.375817 0.000154305 0.0272654 0.000133535 0.0241076 0.000679784 0.0664371 0.144582 0.137805 0.0014887 0.0488866 0.00317323 
0.116526 0.00148219 0.659824 0.00836118 0.0316035 0.000524867 0.00840208 0.0017151 0.00421741 0.124303 0.0246118 0.000122292 0.0161326 0.00217398 
0.0670736 0.0976673 0.656484 0.000595917 0.0187424 0.000294597 0.0182171 0.004976 0.00616134 0.0660861 0.0116994 1.248e-06 0.0519961 4.56086e-06 
0.155911 0.00894153 0.312283 0.000309907 0.178049 0.000911032 0.0469095 0.00953076 0.0627263 0.178517 0.0174016 0.00172125 0.0229192 0.00386878 
0.095314 0.00784105 0.350154 0.00155176 0.0597241 0.00151341 0.00305274 0.00074124 0.226433 0.0858171 0.0291454 0.0105896 0.127917 0.000205411 
0.0150231 0.00138228 0.395603 9.69394e-05 0.134623 4.15223e-05 0.00272833 0.000807579 0.0623405 0.226932 0.126679 0.00555047 0.0281914 7.78949e-07 
0.0111245 0.00246387 0.920163 5.14693e-10 0.0025297 5.49849e-10 0.0596181 1.2015e-10 0.00161375 0.000474662 0.000380126 0.000112874 0.00151912 1.74833e-07 
0.00344884 0.00128819 0.473199 1.36172e-06 0.182198 0.000345388 0.00206455 0.00141521 0.121228 0.202438 0.00500566 5.42863e-07 0.00569721 0.00167 
0.25753 0.0190472 0.491828 0.000132923 0.0775272 0.00668343 0.0142824 0.0109409 0.00176 0.0177463 0.00197015 0.0149402 0.0854477 0.000163428 
0.168889 0.0689331 0.379584 0.00266316 0.0715971 0.000382053 0.0330584 0.00056011 0.0307487 0.199347 0.0119532 0.0115032 0.0162907 0.00449076 
0.00200587 0.00603731 0.864042 3.68725e-06 0.0124466 3.68084e-05 0.0177729 1.20036e-05 0.082254 0.00845224 0.00409545 0.00049017 0.00235083 2.51502e-07 
0.0519441 0.144797 0.217922 0.000111247 0.0994485 8.05293e-08 0.0138928 0.13544 0.104114 0.127283 0.0375059 8.88029e-08 0.0675415 1.50762e-07 
0.00918313 0.0769316 0.381077 2.55399e-07 0.199775 1.42711e-09 0.0843242 1.43958e-05 0.0847995 0.154957 0.00819773 0.000616101 0.000120661 3.42631e-06 
0.0210221 0.0125655 0.353525 0.00893242 0.0364401 8.19648e-05 0.0188315 0.0245782 0.0410578 0.0919227 0.0488124 0.000441104 0.331981 0.00980838 
0.0393214 0.0198808 0.391271 0.000266865 0.286862 0.0527248 0.00276804 0.00221815 0.0578676 0.100915 0.0211979 0.000249855 0.0244417 1.45056e-05 
0.0833444 0.147601 0.499569 2.25107e-05 0.0287821 6.14275e-06 0.0025432 0.065985 0.0139298 0.122357 0.00239611 7.65122e-07 0.0309214 0.00254154 
0.0261161 0.0012145 0.922341 4.76834e-08 0.000505596 2.73919e-07 0.00455691 1.06774e-07 0.00486807 0.0392396 0.000799714 0.000198648 0.000159386 1.64661e-07 
0.0591282 0.0666305 0.792132 2.65884e-06 0.00401353 5.13857e-06 0.046426 8.13632e-07 0.00480889 0.0225973 1.9642e-05 2.36249e-08 0.00423091 4.30843e-06 
0.0636597 0.0449847 0.35566 0.000951456 0.305693 4.41479e-05 0.0277172 0.000676897 0.0138765 0.133385 0.0234653 0.012841 0.0161294 0.000915453 
0.0116893 0.000318231 0.49312 9.9945e-05 0.146884 5.47801e-07 0.172552 6.3098e-07 0.0767248 0.00219045 0.0155629 7.17815e-10 0.0107451 0.070112 
0.192408 0.031981 0.319312 1.32089e-08 0.0354295 1.22025e-05 0.041581 7.20244e-05 0.0289932 0.26754 0.0652963 3.68937e-05 0.0172658 7.31056e-05 
0.130596 0.00576642 0.548262 0.00217146 0.102607 0.00016445 0.128134 0.000366956 0.00292721 0.0297693 0.0366427 5.85855e-07 0.0125896 1.42693e-06 
0.0219526 0.0448135 0.376639 0.000286107 0.0682411 0.0244132 0.036323 0.00942607 0.0253989 0.289699 0.0634609 3.43468e-05 0.0392349 7.73703e-05 
0.014575 0.0475873 0.762603 1.50222e-07 0.161325 4.27634e-10 0.0128399 9.34441e-11 4.04473e-07 0.000940077 1.56667e-07 1.55046e-10 2.31102e-08 0.000129778 
0.0565742 0.223358 0.584976 0.000374502 0.058687 3.67008e-08 0.0380625 6.39801e-07 0.00189713 0.0336526 1.21943e-09 1.72287e-06 0.00241622 2.62678e-09 
0.014544 0.0570025 0.637363 0.000427967 0.0788797 3.75276e-06 0.0292631 0.00077911 0.0121512 0.108371 0.0329148 1.89719e-05 0.0282398 4.13812e-05 
0.138905 0.105765 0.207414 0.00107802 0.0838287 0.000174485 0.081922 0.00367259 0.06648 0.153302 0.0810737 0.00429539 0.0720468 4.17174e-05 
0.0245191 0.0415752 0.452842 0.00252088 0.191074 8.83417e-07 0.0158496 0.000281444 0.00155692 0.0841622 0.0212453 0.133204 0.0311679 1.4088e-06 
0.0483003 0.0225235 0.35271 0.00377961 0.264132 0.000104714 0.0342092 0.0116585 0.0451424 0.192186 0.0027162 0.000138011 0.0223933 5.95891e-06 
0.0175766 0.000669746 0.689683 5.80937e-07 0.00337882 6.57358e-07 0.00665924 7.90097e-05 0.0882314 0.00819552 0.146651 0.00112667 0.0377461 1.84628e-06 
0.0217025 0.00343595 0.67057 6.86771e-05 0.00975294 9.71554e-05 0.00181137 0.0147638 0.167286 0.020907 0.0151416 0.00022774 0.0211553 0.0530804 
0.000507615 0.00209427 0.666926 1.8129e-05 0.0953682 6.60313e-08 0.00224751 3.84989e-05 0.0595887 0.144536 0.0256908 6.50266e-08 0.0029846 2.30088e-09 
0.0533562 0.021603 0.653461 6.58075e-06 0.0146696 1.05266e-07 0.0200571 0.00239258 0.0165613 0.18485 0.00570874 9.65245e-05 0.0175118 0.00972499 
0.22966 0.157706 0.350347 3.81851e-06 0.0964461 2.64003e-05 0.0269721 2.19263e-06 0.00103502 0.127487 0.00961923 0.000273053 0.00042196 2.16897e-09 
0.150869 0.0264725 0.561818 0.00229456 0.0714303 6.38184e-06 0.0254119 0.017642 0.0106829 0.0802454 0.0108073 0.0025374 0.0397725 9.65972e-06 
0.0370007 0.00384818 0.694531 5.79424e-08 0.0281189 1.36549e-05 0.0438116 6.70133e-05 0.0613602 0.102737 0.0125049 5.90714e-05 0.0159267 2.09598e-05 
0.0373331 0.172305 0.506268 0.000292198 0.148444 3.6357e-07 0.0296832 0.000237971 0.0111415 0.0383134 0.000964891 7.44102e-07 0.0541923 0.000823503 
0.0288488 0.0229262 0.37674 1.68961e-06 0.013729 0.000451634 0.0228602 0.0172968 0.302003 0.0645063 0.0291627 0.000446564 0.0714843 0.0495427 
0.112212 0.0225646 0.55439 3.82259e-05 0.0362853 2.13268e-06 0.00211157 0.00472821 0.00419367 0.259711 0.0023693 8.56335e-06 0.00138271 2.34993e-06 
0.102901 0.156827 0.295462 6.82092e-07 0.0349212 6.14953e-05 0.0563195 0.00960868 0.0286651 0.290527 0.0053828 0.000318931 0.013224 0.00578037 
0.00232529 0.00665887 0.547624 0.0106038 0.10494 1.78582e-08 0.00744445 7.78136e-06 0.000423748 0.303093 0.00763274 6.47479e-09 0.00923315 1.30998e-05 
0.0355608 0.00604729 0.461933 0.00454095 0.048304 0.000658204 0.0806573 0.000276397 0.0147233 0.272228 0.0314898 1.47335e-05 0.0434354 0.000131642 
0.02263 0.00982477 0.47685 0.000597894 0.0133809 0.00112961 0.00929129 0.0282666 0.0245969 0.346255 0.0537217 6.79984e-05 0.0131717 0.000215062 
0.0701313 0.00362871 0.661068 6.67925e-05 0.147969 0.000834537 0.0123158 7.7874e-05 0.02644 0.0566156 0.0129626 0.000378943 0.0074895 2.10634e-05 
0.0667436 0.0824324 0.538824 0.0031645 0.0468404 7.33044e-05 0.000960523 0.109848 0.051341 0.0118578 0.00086953 0.0038202 0.051907 0.0313173 
0.18249 0.012637 0.219261 0.000341733 0.198207 0.00988435 0.00338191 6.39982e-06 0.120449 0.0216767 0.0490454 0.000307755 0.180396 0.00191523 
0.0810003 0.0255802 0.292273 2.97763e-05 0.00212759 1.25694e-05 0.00496564 0.0294911 0.127322 0.287047 0.0436232 1.43036e-05 0.106502 1.11131e-05 
0.0831938 0.0175128 0.688752 4.44076e-08 0.00401196 2.01946e-05 0.00890424 0.000124411 0.000258955 0.181219 0.00245733 7.47811e-05 0.0134702 1.27136e-08 
0.0920258 0.0136834 0.351988 1.3824e-09 0.106534 0.00175995 0.0532763 0.00155343 0.0140134 0.193481 0.0407782 9.17344e-05 0.13076 5.54816e-05 
0.205266 0.00428766 0.32474 0.0265573 0.102809 2.41263e-06 0.010136 0.0712286 0.00721424 0.146083 0.0605678 0.000115339 0.0409836 9.08701e-06 
0.237564 0.0097862 0.304834 0.00219188 0.151533 0.0458129 0.0125157 0.000233099 0.00680464 0.0200749 0.00928137 0.150857 0.0484997 1.15324e-05 
0.0057849 0.00805821 0.837401 5.1008e-06 0.074398 9.09244e-06 0.0165749 7.73593e-07 0.0065892 0.0287038 0.000125466 0.0215315 0.000745065 7.27964e-05 
0.0640673 0.0209284 0.638509 0.000273515 0.0196569 2.64794e-05 0.0648367 9.70937e-07 0.0256613 0.0258098 0.0559904 0.000313605 0.0820868 0.00183882 
0.149443 0.00507184 0.367022 0.000238614 0.255719 1.10645e-05 0.00332229 0.000115897 0.00138359 0.196127 0.0087032 2.14945e-05 0.0128128 8.73017e-06 
0.0626433 0.00411939 0.55322 8.05374e-07 0.0397129 6.66509e-06 0.0953832 0.000309992 0.053886 0.108374 0.0312882 0.00018582 0.0507263 0.000143462 
0.161069 0.0846041 0.242207 0.000680052 0.149891 0.00022113 0.0301322 0.0137044 0.00150821 0.215808 0.0144297 1.79966e-05 0.0857254 1.54619e-06 
0.0762778 0.229127 0.28672 4.05914e-05 0.0239958 1.90105e-05 0.163258 4.93827e-05 0.00626811 0.200171 0.00689913 7.64612e-08 0.00717291 3.01194e-07 
0.0245488 0.0102421 0.703035 0.000206974 0.011528 1.33295e-06 0.0277024 0.00886726 0.0737045 0.0630082 0.0358356 5.32911e-06 0.0413091 5.17434e-06 
0.00998401 0.00511022 0.356774 1.06608e-09 0.26534 1.1389e-09 0.0215971 3.9612e-07 8.76229e-07 0.334659 0.00218544 4.12926e-10 0.00431324 3.53667e-05 
0.0129206 0.00774557 0.880315 1.57337e-05 0.0282543 2.59643e-07 0.00133711 3.58584e-05 0.0350631 0.0286963 0.00437173 2.85958e-07 0.00124367 1.95816e-07 
0.174748 0.0455251 0.344962 0.000608097 0.146486 7.09509e-05 0.0152667 0.00733171 0.071897 0.145933 0.0130669 9.25627e-05 0.0333048 0.000706946 
0.0901903 0.294664 0.295303 0.00170476 0.0328069 1.46781e-06 0.0400734 0.000621641 0.119853 0.0573901 0.0294899 0.000353887 0.0369599 0.000587091 
0.0289014 0.0114463 0.676438 3.70219e-09 0.0188999 3.95507e-09 0.0840559 7.91193e-06 0.0449343 0.12772 0.00465499 1.43398e-09 0.00294046 7.44142e-07 
0.0284732 0.189185 0.479564 0.000273886 0.110495 8.62762e-05 0.00296377 0.0041105 0.0337636 0.097572 0.00947983 0.00816869 0.0344119 0.00145238 
0.0441082 0.000747433 0.389704 2.66621e-08 0.00219303 0.000109829 0.0377616 1.77198e-07 0.0126026 0.0737217 0.217343 0.137633 0.0830837 0.00099262 
0.0517292 0.127546 0.420203 3.48213e-05 0.042306 0.000331674 0.0840713 0.00228252 0.0319584 0.0618115 0.11253 1.34781e-05 0.063154 0.00202822 
0.115085 0.131533 0.303051 3.55218e-05 0.00276612 4.41969e-09 0.0167323 0.0255697 0.140597 0.113722 0.00878706 5.26435e-07 0.142121 3.33321e-09 
0.0199188 0.144848 0.630473 7.67467e-05 0.140615 6.2315e-10 0.0352578 1.36167e-10 0.00668638 0.0150439 0.000409559 2.25933e-10 0.00559916 0.00107247 
0.0114475 0.00311703 0.663521 0.000922176 0.0826599 1.13545e-05 0.00158805 0.00788292 0.0435897 0.155522 0.0132726 1.60641e-05 0.0161045 0.000344866 
0.255297 0.0257488 0.603179 1.5493e-09 2.87688e-10 1.65513e-09 0.000131537 1.01992e-05 0.0243129 0.0912591 3.1751e-06 6.00094e-10 5.76791e-05 1.24825e-09 
0.104874 0.114566 0.563601 0.00102728 0.0467304 8.71395e-06 0.00415165 0.00031021 0.000493404 0.0222815 0.0517231 1.73041e-05 0.0902152 1.36498e-07 
0.0845568 0.268303 0.279713 0.000987899 0.0512679 0.000655701 0.048254 0.00583155 0.0161922 0.198624 0.00617275 0.00333044 0.0354272 0.000683724 
0.0119533 0.0300784 0.550336 1.29137e-06 0.0487825 4.84555e-06 0.00974579 6.74552e-06 0.0431335 0.103177 0.131631 0.0241094 0.047034 5.87637e-06 
0.100919 0.045703 0.58832 0.000139106 0.0367788 0.0129537 0.0330862 0.00358892 0.0337292 0.0780953 0.0120557 0.00134735 0.0532764 7.3709e-06 
0.0762035 0.0252364 0.38747 0.00121651 0.238789 8.41431e-06 0.00208908 0.00195793 0.00877739 0.250737 0.000283257 0.000756922 0.00646895 5.86657e-06 
0.0747556 0.0163325 0.524179 0.00125475 0.102616 1.62566e-05 0.00886837 0.000653364 0.00404753 0.0892949 0.00105447 0.175741 0.00113335 5.32552e-05 
0.0332871 0.0132872 0.3583 2.77362e-07 0.0346394 0.000111984 0.00303219 0.000831723 0.209605 0.255092 0.0244358 0.000548126 0.0185067 0.0483217 
0.023749 0.0487825 0.496693 7.40367e-05 0.0185452 0.000141769 0.00861616 0.009976 0.0828146 0.220412 0.0291199 8.15304e-06 0.060911 0.000156162 
0.00463232 0.0157102 0.615659 0.000185952 0.195979 2.07531e-05 0.0040816 0.00102171 0.00601066 0.112292 0.00488118 0.00532939 0.0341955 7.20402e-08 
0.0773312 0.0239317 0.383487 0.00117622 0.261836 0.000100155 0.0353187 0.000377561 0.0622787 0.0964454 0.0119432 0.0135311 0.0322424 1.39524e-07 
0.0477696 0.114719 0.517942 0.00254773 0.149559 2.95158e-05 0.0288797 0.00444828 0.0169902 0.0939661 0.00794709 0.00104155 0.014148 1.30543e-05 
0.0597265 0.00728289 0.847125 0.00026475 0.0294574 3.71531e-05 0.0060261 9.98313e-08 0.000129984 0.0300467 0.00108488 1.20706e-09 0.0187479 7.08944e-05 
0.112639 0.043232 0.338614 3.25356e-07 0.0187781 5.99653e-10 0.157681 0.00632708 0.00359697 0.149976 0.0399865 1.86893e-07 0.129169 3.28878e-07 
0.00918313 0.0769316 0.381077 2.55399e-07 0.199775 1.42711e-09 0.0843242 1.43958e-05 0.0847995 0.154957 0.00819773 0.000616101 0.000120661 3.42631e-06 
0.0674432 0.00968007 0.673455 0.000208547 0.0743407 1.99626e-07 0.00156129 0.00106458 0.0298397 0.122011 0.00550708 0.000227594 0.00248802 0.0121734 
0.00462465 0.0368168 0.491375 0.00070736 0.048603 4.12982e-08 0.0297817 0.000388321 0.0118052 0.351664 0.00442817 2.44594e-07 0.0196235 0.000182563 
0.034261 0.00737785 0.658906 0.000336424 0.0509679 6.27006e-07 0.0172397 0.00242146 0.0596417 0.0651918 0.0354736 9.13362e-05 0.0680601 3.04014e-05 
0.0820037 0.0693078 0.386049 0.0113599 0.0437778 0.0028414 0.286346 4.42572e-05 0.037413 0.029054 0.00517439 6.50661e-05 0.0225072 0.024057 
0.151009 0.0818517 0.432745 7.30631e-09 0.183238 0.000181577 0.0535559 0.00132485 0.00311004 0.0801214 0.000164661 2.82996e-09 0.0126971 1.56357e-07 
0.00168425 6.42475e-05 0.643169 1.09897e-05 0.117474 4.42948e-07 0.0113393 6.47421e-09 0.180485 0.0161748 0.0285733 1.07422e-08 0.000979414 4.56607e-05 
0.0315158 0.00151162 0.418413 0.0200299 5.89262e-07 5.93306e-07 0.0627964 1.35282e-07 0.325151 0.0429331 0.069612 2.44507e-07 0.0280357 2.77905e-11 
0.0106416 0.0115864 0.55603 0.000865181 0.0889809 0.000151069 0.0143033 0.03205 0.0774935 0.106225 0.0409739 0.0157219 0.0447942 0.000182736 
0.111825 0.0590077 0.40158 2.35159e-05 0.0289255 7.88081e-06 0.20206 1.99296e-05 0.0166841 0.0167265 0.0263656 0.00184025 0.134927 5.37504e-06 
0.0144505 0.100034 0.321506 5.45063e-05 0.0404761 0.00629931 0.00523751 0.0244551 0.0578556 0.305125 0.0144616 0.0815009 0.0285287 1.49328e-05 
0.0627077 0.00191791 0.778218 6.38098e-06 0.00377488 1.3694e-08 0.0144757 0.0176108 0.000108256 0.079537 0.00486989 4.44382e-06 0.0367685 4.81636e-07 
0.150869 0.0264725 0.561818 0.00229456 0.0714303 6.38184e-06 0.0254119 0.017642 0.0106829 0.0802454 0.0108073 0.0025374 0.0397725 9.65972e-06 
0.00878442 0.000713274 0.671728 0.00356185 0.0606044 7.07167e-06 0.0239122 0.000313039 0.0460238 0.0637979 0.10263 6.81992e-06 0.0179137 3.73858e-06 
0.0211277 0.184433 0.565408 0.00701106 0.0397809 8.51716e-06 0.0168391 0.000163329 0.0014263 0.0925292 0.0168578 4.67882e-05 0.0543672 1.26991e-06 
0.0359261 0.00510828 0.671067 0.00272116 0.0597825 1.09888e-05 0.0404065 1.4918e-05 0.0253746 0.142617 0.0101864 2.42623e-05 0.00672298 3.72821e-05 
0.00223822 0.00747507 0.901315 2.80079e-10 0.000751475 1.05179e-06 8.78748e-07 0.000645201 0.033625 0.0362403 0.0128253 9.89633e-05 0.00472911 5.48921e-05 
0.0863813 0.0344897 0.494309 0.000149585 0.0513448 0.0116659 0.00980763 0.0186221 0.0372919 0.212713 0.0174149 0.00372805 0.0212444 0.000837964 
0.0596631 0.00189716 0.678156 4.11192e-06 0.0078576 7.54182e-05 0.000845342 8.53595e-05 0.0490129 0.132313 0.055003 0.000281375 0.0147612 4.42818e-05 
0.0282995 0.0209542 0.461881 6.39379e-07 0.0337937 1.63127e-07 0.0156596 0.00719838 0.104683 0.12181 0.145805 5.82573e-05 0.0580187 0.00183872 
0.0482442 0.0529953 0.667131 4.31922e-07 0.0736742 0.000158807 0.0633001 0.000242458 0.00567598 0.0804287 0.00203329 0.00218794 0.0039275 1.38772e-07 
0.0919324 0.144954 0.249969 5.96641e-08 0.152819 6.23996e-06 0.0103495 0.00733978 0.0386789 0.150317 0.0582163 0.0713325 0.0240719 1.29954e-05 
0.0615605 0.0331746 0.690328 1.71623e-06 0.00511629 0.00193416 0.0532172 5.44451e-05 0.040584 0.0689036 0.00714052 0.00136066 0.0352411 0.00138337 
0.081142 0.0268839 0.737789 0.00261369 0.0389861 1.84324e-05 0.019317 0.00244661 0.000463096 0.0772089 0.00367292 3.91316e-05 0.00941885 2.02588e-08 
2.09802e-07 5.64979e-07 0.998026 2.33964e-06 4.34443e-07 2.49944e-06 1.15501e-06 5.46164e-07 0.000910527 0.000527082 0.000525924 9.06214e-07 2.57575e-07 1.88501e-06 
0.0371723 0.0207697 0.479248 0.000106728 0.00353552 1.03214e-05 0.0169258 0.0280712 0.0264568 0.363542 0.0147847 1.30008e-09 0.00937603 1.36111e-06 
0.228399 0.0397188 0.350875 0.000298117 0.0103009 1.16718e-05 0.0647659 0.000338196 0.0132272 0.257931 0.00183538 7.88472e-06 0.0316865 0.000604223 
0.0521442 0.0271135 0.336922 0.00565355 0.281672 0.00256429 0.029454 0.00953239 0.0245358 0.210963 0.00937535 0.000114735 0.00992505 2.97399e-05 
0.018163 0.00212123 0.718411 0.00118853 0.162335 1.22464e-06 0.00360573 4.99451e-07 0.0605675 0.0239987 0.000134266 3.27041e-10 0.00876242 0.000710871 
