2.05037e-05 0.00211225 0.56377 6.07905e-05 0.202726 2.34795e-07 0.0762891 1.13493e-05 0.014097 0.138212 0.00234775 8.51289e-08 0.000352302 6.54224e-07 
0.0426068 0.0188392 0.477445 0.000622398 0.0349743 4.47598e-05 0.0633894 0.000989836 0.0112032 0.0579747 0.186122 2.88085e-05 0.10576 9.29843e-08 
0.0810494 0.0100927 0.40767 0.0188191 0.106932 1.48312e-05 0.0383617 0.000122992 0.0306862 0.0861622 0.160154 0.0263357 0.03253 0.00106898 
0.0245191 0.0415752 0.452842 0.00252088 0.191074 8.83417e-07 0.0158496 0.000281444 0.00155692 0.0841622 0.0212453 0.133204 0.0311679 1.4088e-06 
0.341571 0.026137 0.42846 8.22176e-05 0.0258461 0.0945562 0.0103659 6.78276e-05 0.00436861 0.0616342 0.00229914 7.13166e-05 0.00453595 4.58699e-06 
0.0380648 0.0346582 0.501729 0.00534915 0.0507278 0.000147284 0.0462039 0.00307651 0.0513851 0.170774 0.0450913 0.000726977 0.0520641 2.43808e-06 
0.150869 0.0264725 0.561818 0.00229456 0.0714303 6.38184e-06 0.0254119 0.017642 0.0106829 0.0802454 0.0108073 0.0025374 0.0397725 9.65972e-06 
0.0164863 0.0452807 0.623249 4.11247e-09 0.00683059 2.64673e-05 0.00366354 1.47539e-05 0.069003 0.185987 0.0229687 7.07668e-05 0.0264082 1.05462e-05 
0.0413506 0.231678 0.415733 0.000261705 0.0348368 4.35877e-05 0.00973111 0.00693104 0.0217647 0.200279 0.0218228 0.00964228 0.00580376 0.000122658 
0.0145474 2.69075e-05 0.726217 1.72747e-05 4.63913e-05 7.14715e-07 0.000452068 1.06911e-05 0.0617071 0.173271 0.0236143 2.59132e-07 8.43611e-05 5.34009e-06 
0.151415 0.0452983 0.413612 0.000323503 0.0548821 1.22396e-05 0.00672033 0.00201648 0.0049063 0.272532 0.00354271 0.0190127 0.0254968 0.000229995 
0.00572376 0.00733149 0.444093 0.00230801 0.0986427 0.000611857 0.00843716 0.00534049 0.255084 0.137615 0.0125826 0.000119 0.0191243 0.00298602 
0.0201738 0.0710592 0.547006 2.72143e-06 0.00750381 0.000262237 0.0358553 2.38532e-05 0.145917 0.131772 0.000801254 3.97671e-05 0.0394871 9.54223e-05 
0.0261161 0.0012145 0.922341 4.76834e-08 0.000505596 2.73919e-07 0.00455691 1.06774e-07 0.00486807 0.0392396 0.000799714 0.000198648 0.000159386 1.64661e-07 
0.00715909 0.012242 0.625765 5.8027e-05 0.162157 6.26427e-07 0.0357669 8.50714e-05 0.0739598 0.081208 0.000158414 2.27121e-07 0.0013071 0.000132814 
0.00178972 0.0125953 0.877503 0.00033471 0.0738928 2.15213e-05 0.00761919 2.29071e-07 0.00134738 0.0240349 0.000566385 2.16064e-09 0.000295114 7.29156e-08 
0.0968048 0.0409301 0.228053 0.0010258 0.148445 0.00174657 0.156731 0.00819405 0.0376198 0.143285 0.0205552 2.68144e-05 0.115692 0.000891108 
0.150869 0.0264725 0.561818 0.00229456 0.0714303 6.38184e-06 0.0254119 0.017642 0.0106829 0.0802454 0.0108073 0.0025374 0.0397725 9.65972e-06 
0.150869 0.0264725 0.561818 0.00229456 0.0714303 6.38184e-06 0.0254119 0.017642 0.0106829 0.0802454 0.0108073 0.0025374 0.0397725 9.65972e-06 
0.0525298 0.0666338 0.360724 8.11299e-07 0.129811 0.000108231 0.0253637 0.000637158 0.000376117 0.0152389 0.00045574 1.16508e-05 0.348103 6.64196e-06 
0.130835 0.103534 0.346527 0.000796343 0.239335 2.26958e-08 0.0139296 0.0356377 2.16585e-05 0.127884 0.000831327 2.35541e-05 0.000617346 2.77662e-05 
0.0655164 1.33303e-06 0.356056 6.36644e-10 0.0255939 0.000365054 0.0117982 1.48618e-10 0.264119 0.254691 0.0175889 3.18598e-07 0.00426755 1.23181e-06 
0.115239 3.69e-05 0.42369 2.84067e-08 0.293314 4.26193e-05 0.0033913 2.69447e-06 0.0115253 0.144893 0.00784087 6.58075e-06 1.70545e-05 2.28868e-08 
0.0668497 0.195275 0.374799 0.00093338 0.0252739 0.000136908 0.089096 0.0218716 0.0582042 0.100176 0.0134732 2.85286e-05 0.0528909 0.000991671 
0.023916 0.0289816 0.755053 9.16535e-06 0.00231646 2.77763e-06 0.138953 2.58781e-08 0.00791935 0.0103123 0.00549087 0.000872094 0.0258123 0.000360477 
0.185155 0.141468 0.329685 0.000208582 0.044379 2.92115e-05 0.0900324 0.0352642 0.00200527 0.0961753 0.00624869 0.0137198 0.0555854 4.35574e-05 
0.16768 0.097795 0.418511 2.70714e-05 0.00987645 0.000139208 0.072934 0.00335616 0.0193374 0.144699 0.0130071 3.84537e-05 0.0525833 1.65215e-05 
0.147904 0.378141 0.433815 2.08931e-05 0.0136673 1.11972e-07 0.00364325 0.0144074 3.45834e-06 0.0025142 0.000295731 4.08472e-05 0.00553591 1.03802e-05 
0.0602724 0.260579 0.365044 2.76967e-07 0.000695035 0.00545644 0.0021018 1.12739e-05 0.191838 0.0576491 0.0246321 6.73345e-06 0.0315384 0.000175766 
0.015716 0.0115701 0.862045 2.73737e-07 0.000122004 0.0611993 0.000258721 4.22449e-05 0.000545667 0.00716667 0.000484188 0.0074188 0.0332672 0.000163914 
0.215791 0.0133059 0.526552 0.00019648 0.00165601 1.02001e-06 0.017601 0.000689476 0.0427163 0.0773369 0.0278778 2.22898e-05 0.0762535 2.89305e-09 
0.0396474 0.00187781 0.576111 0.000228108 0.0237766 3.74542e-07 0.138958 0.00147648 0.0127613 0.143337 0.0202556 2.80917e-06 0.0415369 3.1149e-05 
0.0483774 0.0576613 0.468416 1.55131e-05 0.00857353 1.23625e-08 0.161577 2.46522e-05 0.206957 0.0162926 0.000990842 0.000352714 0.030751 1.13405e-05 
0.0106846 0.0152722 0.592851 5.26217e-06 0.119648 0.000107555 0.0041354 0.00331298 0.0630976 0.141505 0.0293967 0.00332984 0.0152733 0.0013815 
0.123175 0.00968959 0.246729 8.91113e-08 0.0604656 7.37515e-08 0.0469477 0.0109248 0.237022 0.146049 0.0526327 8.06047e-05 0.0662732 9.76323e-06 
0.053654 0.162339 0.516046 5.96767e-05 0.00682886 0.0512221 0.0144487 9.40739e-05 0.106382 0.0256114 0.00211354 1.07911e-05 0.0611873 1.64386e-06 
2.51278e-07 0.0016058 0.644692 3.40634e-07 0.245314 2.20365e-08 7.12939e-06 0.000103708 0.0484178 0.0573566 0.00247361 7.98969e-09 2.77034e-05 1.66193e-08 
0.1454 0.116909 0.6315 0.000601863 0.0649373 9.23587e-05 0.00757084 0.0208596 2.72549e-05 0.0108399 0.000626016 7.02822e-05 0.000527556 3.77187e-05 
0.146391 0.024324 0.426791 0.00833618 0.121216 4.36217e-05 0.00325031 0.000367871 0.000172623 0.199205 0.0022329 0.000466353 0.0670857 0.000116529 
0.00787396 0.084591 0.68702 3.62432e-05 0.0648803 0.000611614 0.0336312 0.0172753 0.0300051 0.0388074 0.00558699 0.0114209 0.0115828 0.00667693 
0.0643933 0.127379 0.596936 2.20382e-06 0.114258 1.62003e-06 0.019531 8.29476e-09 0.00121079 0.0653136 0.00014529 0.00785262 0.00297618 7.88601e-08 
0.00302736 0.014808 0.735586 0.00013157 0.0290141 7.20796e-05 0.0096102 0.00556981 0.0172179 0.0840363 0.0135389 0.0480516 0.0393319 4.03288e-06 
0.047967 0.140049 0.474498 0.000360339 0.242833 2.98552e-05 0.00865514 0.000127187 0.000437094 0.0721214 0.000541229 0.00156906 0.0108102 1.06352e-06 
0.0149985 0.027659 0.908793 0.00011392 3.30763e-05 5.54936e-06 0.00365975 1.21261e-06 0.0392909 0.00197226 0.00297626 0.000476803 1.59045e-05 4.18517e-06 
0.00178972 0.0125953 0.877503 0.00033471 0.0738928 2.15213e-05 0.00761919 2.29071e-07 0.00134738 0.0240349 0.000566385 2.16064e-09 0.000295114 7.29156e-08 
0.0909539 0.125406 0.38467 0.00206588 0.132063 0.00390752 0.0186194 0.00223331 0.0214251 0.147756 0.00898556 0.00307282 0.054618 0.00422366 
0.0191867 0.00495108 0.548204 0.00336789 0.107559 0.0023732 0.0158761 0.0010594 0.0744479 0.0964515 0.00591902 0.0014155 0.114455 0.00473399 
0.0695742 0.0359821 0.31724 0.00629692 0.0584475 0.000462476 0.0119974 0.0243256 0.20999 0.18451 0.0465653 8.92778e-05 0.0341809 0.00033955 
0.0112593 0.0798019 0.447451 7.9444e-08 0.0491118 0.000472748 0.00670573 0.000579329 0.143329 0.19751 0.0410206 0.000375316 0.0223644 1.86418e-05 
0.225582 0.0510917 0.309851 5.11741e-05 0.000716223 2.72299e-09 0.110844 2.79234e-05 0.00758825 0.254867 0.0357766 3.40546e-06 0.00360123 1.21884e-07 
0.00746898 0.048869 0.623987 0.000149762 6.18677e-05 5.99672e-07 0.00793597 1.31037e-07 0.228712 0.0699889 0.0127257 2.09103e-05 7.82908e-05 4.52256e-07 
0.0124352 0.0201195 0.378911 0.000254493 0.197178 7.87781e-05 0.00510452 0.00078243 0.098729 0.268334 0.0048895 1.48559e-06 0.0115076 0.00167455 
0.251144 0.0121405 0.405569 5.87338e-05 0.0232259 0.000491604 0.003514 0.00864638 0.103372 0.125072 0.0128132 0.00557908 0.0413153 0.00705765 
0.159751 0.0294945 0.637815 8.18807e-06 0.00551908 6.66534e-07 0.0279454 0.00975924 0.00275824 0.0888003 0.0143326 0.000257363 0.0232877 0.000271173 
0.047764 0.0746502 0.483856 0.000490124 0.0374234 1.11091e-05 0.125975 0.000397677 0.04557 0.0958544 0.0257415 6.72828e-07 0.0622657 7.71858e-08 
0.35078 0.0205116 0.400415 8.62508e-06 0.0304516 4.63086e-07 0.0357415 1.79311e-05 0.0129492 0.132239 0.00379318 9.12202e-07 0.0130912 6.78963e-08 
0.265633 0.128366 0.312706 0.000658671 0.0062348 1.28042e-05 0.00498316 0.0318484 0.00712588 0.218712 0.0166573 1.30907e-05 0.0068251 0.000224492 
0.325357 0.0175059 0.414622 2.23148e-05 0.0380223 0.00966029 0.00769666 0.00467757 0.074516 0.0148913 0.00100731 0.0137362 0.0780985 0.00018592 
0.0973188 0.152453 0.571569 0.00109979 0.085553 6.96976e-05 0.0108591 0.00184132 0.00516253 0.0300835 0.000271408 0.000160559 0.0435217 3.70536e-05 
0.210034 0.0193052 0.359121 1.72304e-05 0.0745625 0.000242349 0.0507812 8.16847e-05 0.00861177 0.166185 0.0215675 9.37482e-05 0.0893963 7.82566e-07 
0.0521442 0.0271135 0.336922 0.00565355 0.281672 0.00256429 0.029454 0.00953239 0.0245358 0.210963 0.00937535 0.000114735 0.00992505 2.97399e-05 
0.194092 0.00555946 0.405151 0.000341314 0.00730429 0.000159861 0.000252896 1.60269e-05 0.0395485 0.147056 0.150244 2.12535e-05 0.0502306 2.22108e-05 
0.0513983 0.0335528 0.372687 5.46754e-05 0.00850448 8.03119e-08 0.204908 0.000162324 0.241997 0.0205608 0.0379024 0.000153439 0.0281193 6.0569e-08 
0.119485 0.00417951 0.623178 3.88473e-05 0.0172808 0.000937455 0.018951 0.105848 0.0255509 0.0484297 0.0263679 0.000322462 0.00943019 6.23387e-07 
0.00226566 0.00845467 0.742706 0.000931461 0.00161571 1.92678e-07 0.0410996 0.000346557 0.127172 0.051929 0.00955808 1.87653e-05 0.0138613 4.10933e-05 
0.00298981 0.0172652 0.497233 6.88216e-05 0.0991059 2.65077e-06 0.0378959 0.0103845 0.0200524 0.193374 0.0134287 3.94351e-06 0.108091 0.00010438 
0.000570756 0.000857329 0.98507 0.000326301 0.00131135 6.83372e-08 0.000429507 0.000204592 0.00858486 4.96757e-09 0.00140684 0.000126386 0.000879595 0.000231973 
0.0536071 0.0549888 0.622148 0.000433161 0.0648235 0.000118849 0.0263855 0.0014601 0.0558303 0.0760813 0.0140779 0.00423783 0.0257705 3.69277e-05 
0.0113799 0.000816435 0.787928 3.12077e-08 0.00015744 7.47015e-05 0.000747595 2.41148e-05 0.000551374 0.173374 0.0181344 1.38061e-07 0.00506985 0.00174207 
0.0312512 0.00451483 0.636442 0.00103754 0.0293952 2.99063e-05 0.00829971 0.0245863 0.0209138 0.0873554 0.0548821 1.46172e-05 0.101103 0.000174607 
0.00622992 0.00389319 0.949608 2.61115e-09 0.00483959 2.7895e-09 0.0275464 6.09546e-10 0.00188193 1.37336e-05 0.00598687 1.01138e-09 7.24216e-07 2.10376e-09 
7.96843e-10 0.00038564 0.670926 8.43593e-06 0.00970296 1.27633e-05 2.06456e-06 2.07437e-09 0.302096 0.0125237 0.00131343 2.41498e-06 0.00187394 0.00115219 
0.012895 0.0299292 0.367656 2.17299e-05 0.109112 0.00108087 0.0459756 0.000581186 0.16729 0.0654468 0.0161322 0.00186448 0.0219075 0.160107 
0.102003 0.0581221 0.405328 4.26175e-05 0.041532 2.53055e-06 0.00356829 0.0211385 0.217333 0.118729 0.00483029 2.15759e-05 0.00870333 0.0186446 
0.0923594 0.00145373 0.581508 0.00101117 0.175409 0.000241569 0.0552799 2.88119e-06 0.00381231 0.0132254 0.0566806 1.36587e-07 0.0190156 7.37595e-08 
0.0947205 0.0293572 0.5077 0.000660736 0.0119451 1.77923e-05 0.0393255 1.75492e-05 0.0372346 0.147765 0.0714132 7.0372e-06 0.0597707 6.51402e-05 
0.0871983 5.25191e-06 0.577654 5.24847e-06 5.25217e-06 5.24815e-06 0.00735631 5.25196e-06 0.0698556 0.12922 0.0603953 0.0189098 0.0493789 5.24934e-06 
0.183482 0.0475119 0.393276 0.00159231 0.0793584 0.000554426 0.016419 0.000312005 0.00303748 0.228736 0.0148509 2.32724e-05 0.0308209 2.49107e-05 
0.0426068 0.0188392 0.477445 0.000622398 0.0349743 4.47598e-05 0.0633894 0.000989836 0.0112032 0.0579747 0.186122 2.88085e-05 0.10576 9.29843e-08 
0.0062362 0.00409677 0.928304 8.50722e-05 0.0147408 0.000101131 0.000231009 1.24511e-05 0.0448581 4.09877e-05 0.00105196 8.83828e-07 4.66713e-05 0.00019433 
0.0113799 0.000816435 0.787928 3.12077e-08 0.00015744 7.47015e-05 0.000747595 2.41148e-05 0.000551374 0.173374 0.0181344 1.38061e-07 0.00506985 0.00174207 
0.1508 0.0194113 0.383471 9.96105e-05 0.0742182 0.00286836 0.0961991 0.0339056 0.0219117 0.0779488 0.0701179 7.70709e-06 0.0690211 2.00317e-05 
0.0871983 5.25191e-06 0.577654 5.24847e-06 5.25217e-06 5.24815e-06 0.00735631 5.25196e-06 0.0698556 0.12922 0.0603953 0.0189098 0.0493789 5.24934e-06 
0.195458 0.0670627 0.228428 0.00190383 0.175785 0.000533858 0.014709 0.00446467 0.0346812 0.155003 0.0545763 4.45632e-05 0.0672667 8.32595e-05 
0.0784323 0.0412267 0.553839 1.1508e-06 1.15161e-06 1.15073e-06 0.0135865 0.00541349 0.109053 0.17702 0.00230399 1.15141e-06 0.0191191 1.15099e-06 
0.113235 0.12599 0.455533 2.67606e-05 0.0709909 4.15781e-05 0.00221709 8.15305e-05 0.0157918 0.209923 0.000366852 2.5438e-05 0.00562885 0.000148948 
0.0923594 0.00145373 0.581508 0.00101117 0.175409 0.000241569 0.0552799 2.88119e-06 0.00381231 0.0132254 0.0566806 1.36587e-07 0.0190156 7.37595e-08 
0.00348551 0.00504186 0.455379 9.81455e-05 0.0852876 0.000203346 0.00428969 0.0372754 0.0207241 0.250811 0.0332605 1.11689e-06 0.103748 0.000395171 
0.0583247 0.00422187 0.822938 2.32038e-06 0.00817618 1.21986e-05 0.0012944 2.15144e-06 0.0468913 0.0216755 0.0062866 0.00429798 0.0232879 0.00258889 
0.0909133 0.020021 0.651674 0.000117836 0.030455 0.000540113 0.00596007 0.000440829 0.0448309 0.0838874 0.00184009 4.53809e-05 0.0692643 9.9096e-06 
0.0157751 0.00409377 0.843749 4.21483e-08 0.0269474 4.63762e-08 0.0816603 6.13352e-09 0.00518133 0.00995297 0.000367259 0.012135 4.1006e-05 9.68609e-05 
0.012895 0.0299292 0.367656 2.17299e-05 0.109112 0.00108087 0.0459756 0.000581186 0.16729 0.0654468 0.0161322 0.00186448 0.0219075 0.160107 
0.246229 0.0756374 0.439725 0.000462174 0.0742573 6.51049e-05 0.060864 1.70379e-05 0.00688349 0.0358038 0.0373611 0.0030018 0.0194089 0.000284402 
0.126082 0.0497852 0.269473 0.00419782 0.0596611 9.78948e-05 0.0712223 0.00183173 0.0261511 0.184071 0.0567099 0.0864609 0.0642389 1.60935e-05 
0.0471021 0.00395067 0.894757 6.79815e-07 0.00369526 0.00185536 0.00325906 6.03619e-07 0.0398353 0.00192599 0.00136208 0.000927274 0.00127383 5.53151e-05 
0.0152329 0.0086556 0.624638 3.04084e-07 0.0463677 0.0119622 6.13482e-05 3.89366e-05 0.0320968 0.0479577 0.202701 1.17781e-07 0.0102876 2.44996e-07 
0.0059071 0.0196168 0.558271 0.000187003 0.0263073 2.66183e-06 0.00502113 0.000468838 0.152891 0.203082 0.00240485 0.0161725 0.0096611 6.43948e-06 
0.151897 0.0400253 0.245101 0.0102993 0.229858 0.000801659 0.012529 0.0064502 0.0360597 0.0963472 0.0108238 0.0974364 0.0617529 0.000618672 
0.000540384 0.0527354 0.631861 0.000294705 0.198782 3.47367e-08 0.0232155 3.43693e-05 0.000804468 0.0811106 0.0105617 1.25944e-08 4.03972e-05 1.956e-05 
0.0474029 0.0257663 0.561757 0.000126243 0.0598607 4.08438e-05 0.00678952 0.00494623 0.0192028 0.198275 0.0506504 0.000122499 0.0173937 0.00766601 
0.00996207 0.00816359 0.489446 0.00441582 0.0500946 4.19117e-05 0.012218 0.00200301 0.293136 0.0786378 0.0145397 3.14424e-05 0.0351796 0.00213027 
0.271799 0.00296132 0.332134 0.000553723 0.180963 0.000252045 0.0333805 0.000363755 0.000976456 0.108894 0.00940354 0.000162721 0.0581563 3.60383e-07 
0.012895 0.0299292 0.367656 2.17299e-05 0.109112 0.00108087 0.0459756 0.000581186 0.16729 0.0654468 0.0161322 0.00186448 0.0219075 0.160107 
0.0954741 0.0416878 0.493929 0.000232013 0.22374 1.30209e-05 0.0360182 0.000184995 0.0158604 0.0649471 0.00766459 8.62028e-05 0.0201513 1.14672e-05 
0.0856881 0.0248319 0.621038 3.59141e-05 0.00681399 7.07678e-05 0.00595142 0.000212774 0.0477665 0.164086 0.000439925 7.43333e-05 0.0429762 1.45754e-05 
0.0261632 0.00340312 0.898913 2.4624e-08 0.00103354 1.07867e-05 0.00242941 2.56589e-06 0.00565633 0.0473552 0.00153033 0.000124351 0.00458648 0.00879184 
0.0359261 0.00510828 0.671067 0.00272116 0.0597825 1.09888e-05 0.0404065 1.4918e-05 0.0253746 0.142617 0.0101864 2.42623e-05 0.00672298 3.72821e-05 
0.0424211 0.0156034 0.782309 4.59419e-06 0.00144838 8.70433e-06 0.00420838 0.00123015 0.00327548 0.136467 0.00286662 0.00012352 0.0100336 2.0987e-08 
0.0672191 0.13177 0.54347 8.11929e-07 0.182474 8.93249e-07 0.00599068 1.18498e-07 0.0140375 0.0533667 0.00151091 0.000154432 5.42772e-06 4.9887e-09 
0.0751014 0.0182795 0.257364 0.000329051 0.0512483 6.62486e-07 0.00252087 0.0238009 0.00975044 0.0843278 0.164454 0.0397758 0.0821164 0.190931 
0.234302 9.53869e-07 0.317606 0.0079129 0.031671 9.53186e-07 0.0857353 9.53878e-07 0.130776 9.54002e-07 0.0682901 0.0641884 0.0335811 0.0259336 
0.0308854 0.217226 0.654571 0.000169687 0.0518322 9.87063e-09 0.00842369 7.1498e-07 1.06017e-05 0.0364183 0.00033412 2.45705e-06 8.9027e-05 3.58914e-05 
0.0555289 0.0041253 0.547734 1.3078e-05 0.00130592 0.167734 0.00159979 0.0104032 0.00044948 0.0203423 0.016999 0.0553445 0.118418 1.39397e-06 
0.172887 0.0399029 0.368332 0.000629849 0.13812 0.000231754 0.0263055 0.00991186 0.00852711 0.158924 0.0388862 0.000655782 0.0360237 0.000661733 
0.0131406 0.00075115 0.613905 0.000282127 0.0235549 3.43028e-07 0.00591447 0.126862 0.107353 0.0534055 0.00436375 3.00994e-06 0.0496917 0.000773475 
0.0932064 0.0253308 0.669041 6.72983e-05 0.00817944 1.19655e-06 0.000862373 0.0405591 0.00472288 0.100248 0.0125352 0.000174131 0.0449338 0.000138274 
0.109562 0.266074 0.352199 0.00369919 0.0120076 5.33307e-08 0.0234737 1.16535e-08 0.00445412 0.110552 0.00793547 1.93359e-08 0.110043 4.02205e-08 
0.0254001 0.00874439 0.44282 1.28226e-07 0.0999616 0.000116044 0.0150679 0.0196378 0.139994 0.0775197 0.0193418 0.149498 0.00171183 0.000186917 
0.00137285 0.050058 0.85045 3.58218e-05 0.0457743 6.88956e-06 0.00499967 3.17032e-06 0.0158541 0.0300132 3.72414e-05 0.00136672 2.60587e-05 2.29495e-06 
0.0120825 0.0359717 0.266643 5.30929e-05 0.165417 5.52622e-07 0.0574458 1.04676e-05 0.15973 0.227974 0.0341667 1.589e-05 0.0404888 6.90845e-07 
0.126792 0.0151693 0.289107 0.0060978 0.0474552 1.11921e-05 0.02597 0.00262362 0.0335433 0.20381 0.229874 2.10827e-06 0.0187811 0.000763207 
0.152283 2.24605e-05 0.624052 1.89799e-07 0.0113401 2.02763e-07 0.0415678 2.47358e-05 0.0256483 0.069147 0.0403239 4.08682e-06 0.0355468 3.94583e-05 
0.0670736 0.0976673 0.656484 0.000595917 0.0187424 0.000294597 0.0182171 0.004976 0.00616134 0.0660861 0.0116994 1.248e-06 0.0519961 4.56086e-06 
0.095314 0.00784105 0.350154 0.00155176 0.0597241 0.00151341 0.00305274 0.00074124 0.226433 0.0858171 0.0291454 0.0105896 0.127917 0.000205411 
0.0150231 0.00138228 0.395603 9.69394e-05 0.134623 4.15223e-05 0.00272833 0.000807579 0.0623405 0.226932 0.126679 0.00555047 0.0281914 7.78949e-07 
0.0111245 0.00246387 0.920163 5.14693e-10 0.0025297 5.49849e-10 0.0596181 1.2015e-10 0.00161375 0.000474662 0.000380126 0.000112874 0.00151912 1.74833e-07 
0.0645623 0.00163532 0.743452 1.56536e-07 0.00022261 4.17307e-05 0.0323904 3.76628e-05 0.109124 0.0153834 0.0235519 6.33559e-06 0.00959101 9.32872e-07 
0.00918313 0.0769316 0.381077 2.55399e-07 0.199775 1.42711e-09 0.0843242 1.43958e-05 0.0847995 0.154957 0.00819773 0.000616101 0.000120661 3.42631e-06 
0.00200587 0.00603731 0.864042 3.68725e-06 0.0124466 3.68084e-05 0.0177729 1.20036e-05 0.082254 0.00845224 0.00409545 0.00049017 0.00235083 2.51502e-07 
0.00918313 0.0769316 0.381077 2.55399e-07 0.199775 1.42711e-09 0.0843242 1.43958e-05 0.0847995 0.154957 0.00819773 0.000616101 0.000120661 3.42631e-06 
0.158614 0.216536 0.434168 0.000796594 0.120196 3.21339e-08 0.0127658 0.0356385 2.16738e-05 0.0199249 0.000831438 5.55497e-05 0.000423261 2.78066e-05 
0.0210221 0.0125655 0.353525 0.00893242 0.0364401 8.19648e-05 0.0188315 0.0245782 0.0410578 0.0919227 0.0488124 0.000441104 0.331981 0.00980838 
0.0128268 0.00757997 0.592614 0.000839847 0.0238015 0.00290883 0.0435417 0.00542224 0.0746175 0.198326 0.0213051 5.17419e-05 0.0161231 4.14835e-05 
0.0144207 0.00325556 0.540951 3.0086e-07 0.0604618 1.09267e-07 0.00156648 0.00050714 0.00145134 0.36089 0.0160088 1.15892e-09 0.000485449 1.47931e-06 
0.103033 0.0170268 0.370957 7.47172e-06 0.0243683 4.3299e-06 0.0398048 0.0316858 0.0185564 0.370827 0.00848663 0.000104714 0.0106376 0.00449996 
0.149909 0.0255665 0.513007 0.00119883 0.0391618 1.4949e-05 0.0154893 0.0035601 0.0180839 0.0415837 0.0142206 2.66667e-06 0.178154 4.73108e-05 
0.112639 0.043232 0.338614 3.25356e-07 0.0187781 5.99653e-10 0.157681 0.00632708 0.00359697 0.149976 0.0399865 1.86893e-07 0.129169 3.28878e-07 
0.014575 0.0475873 0.762603 1.50222e-07 0.161325 4.27634e-10 0.0128399 9.34441e-11 4.04473e-07 0.000940077 1.56667e-07 1.55046e-10 2.31102e-08 0.000129778 
0.333122 0.00324613 0.382358 0.000450149 0.0502551 0.00100605 0.0180727 0.016077 0.0485131 0.0881441 0.0248872 0.000280202 0.0334407 0.00014743 
0.0643859 0.00560803 0.429977 6.95558e-05 0.0332665 1.90645e-05 0.190094 7.07798e-07 0.0636953 0.202115 0.000334857 4.83902e-06 0.00664221 0.00378638 
0.0394877 0.0639033 0.618224 0.00180281 0.0128214 0.000108645 0.00628722 0.0246141 0.00646851 0.128117 0.00474195 0.0642958 0.0290775 4.98139e-05 
0.16913 0.0101882 0.508871 9.46952e-05 0.0331122 1.14415e-05 0.000452837 0.00290533 0.0722086 0.115394 0.024177 3.9825e-05 0.034401 0.0290132 
0.0245191 0.0415752 0.452842 0.00252088 0.191074 8.83417e-07 0.0158496 0.000281444 0.00155692 0.0841622 0.0212453 0.133204 0.0311679 1.4088e-06 
0.0483003 0.0225235 0.35271 0.00377961 0.264132 0.000104714 0.0342092 0.0116585 0.0451424 0.192186 0.0027162 0.000138011 0.0223933 5.95891e-06 
0.0175766 0.000669746 0.689683 5.80937e-07 0.00337882 6.57358e-07 0.00665924 7.90097e-05 0.0882314 0.00819552 0.146651 0.00112667 0.0377461 1.84628e-06 
0.0204444 0.0145857 0.748867 2.4007e-07 0.0200465 0.000246758 0.00275054 0.00388965 0.0159678 0.128244 0.0154988 0.0126495 0.0167034 0.000105878 
0.00154401 0.00738114 0.337103 4.68288e-06 0.000259269 5.00275e-06 0.00118887 4.27012e-05 0.213002 0.0627402 0.0708472 1.81383e-06 0.305876 3.77293e-06 
0.000507615 0.00209427 0.666926 1.8129e-05 0.0953682 6.60313e-08 0.00224751 3.84989e-05 0.0595887 0.144536 0.0256908 6.50266e-08 0.0029846 2.30088e-09 
0.0533562 0.021603 0.653461 6.58075e-06 0.0146696 1.05266e-07 0.0200571 0.00239258 0.0165613 0.18485 0.00570874 9.65245e-05 0.0175118 0.00972499 
0.22966 0.157706 0.350347 3.81851e-06 0.0964461 2.64003e-05 0.0269721 2.19263e-06 0.00103502 0.127487 0.00961923 0.000273053 0.00042196 2.16897e-09 
0.0370007 0.00384818 0.694531 5.79424e-08 0.0281189 1.36549e-05 0.0438116 6.70133e-05 0.0613602 0.102737 0.0125049 5.90714e-05 0.0159267 2.09598e-05 
0.0373331 0.172305 0.506268 0.000292198 0.148444 3.6357e-07 0.0296832 0.000237971 0.0111415 0.0383134 0.000964891 7.44102e-07 0.0541923 0.000823503 
0.182608 0.0377728 0.239095 0.000966036 0.205632 0.000269919 0.030951 0.000447432 0.0301651 0.159141 0.0226721 0.0671646 0.0230787 3.72112e-05 
0.00232529 0.00665887 0.547624 0.0106038 0.10494 1.78582e-08 0.00744445 7.78136e-06 0.000423748 0.303093 0.00763274 6.47479e-09 0.00923315 1.30998e-05 
0.0355608 0.00604729 0.461933 0.00454095 0.048304 0.000658204 0.0806573 0.000276397 0.0147233 0.272228 0.0314898 1.47335e-05 0.0434354 0.000131642 
0.0359261 0.00510828 0.671067 0.00272116 0.0597825 1.09888e-05 0.0404065 1.4918e-05 0.0253746 0.142617 0.0101864 2.42623e-05 0.00672298 3.72821e-05 
0.18249 0.012637 0.219261 0.000341733 0.198207 0.00988435 0.00338191 6.39982e-06 0.120449 0.0216767 0.0490454 0.000307755 0.180396 0.00191523 
0.190735 2.2569e-05 0.735672 4.45028e-09 0.0385542 4.75426e-09 5.09718e-05 1.03887e-09 4.32823e-06 0.0349059 3.22932e-05 1.72373e-09 2.27827e-05 3.58553e-09 
0.0831938 0.0175128 0.688752 4.44076e-08 0.00401196 2.01946e-05 0.00890424 0.000124411 0.000258955 0.181219 0.00245733 7.47811e-05 0.0134702 1.27136e-08 
0.0266685 0.00999097 0.580605 0.000238125 0.140304 7.89445e-07 0.0019836 0.0135238 0.0103475 0.199325 0.00886184 6.44543e-05 0.00808472 1.44294e-06 
0.0427679 0.0249769 0.40507 0.000154828 0.150987 0.00404341 0.00901055 0.00932559 0.0300081 0.257519 0.0250822 0.0040814 0.0368595 0.000113148 
0.0640673 0.0209284 0.638509 0.000273515 0.0196569 2.64794e-05 0.0648367 9.70937e-07 0.0256613 0.0258098 0.0559904 0.000313605 0.0820868 0.00183882 
0.149443 0.00507184 0.367022 0.000238614 0.255719 1.10645e-05 0.00332229 0.000115897 0.00138359 0.196127 0.0087032 2.14945e-05 0.0128128 8.73017e-06 
0.0626433 0.00411939 0.55322 8.05374e-07 0.0397129 6.66509e-06 0.0953832 0.000309992 0.053886 0.108374 0.0312882 0.00018582 0.0507263 0.000143462 
0.033847 0.0253142 0.426798 2.04404e-05 0.0582583 0.000955026 0.0211927 0.00797063 0.175303 0.181531 0.0336448 0.0182441 0.0167625 0.000158012 
0.0245488 0.0102421 0.703035 0.000206974 0.011528 1.33295e-06 0.0277024 0.00886726 0.0737045 0.0630082 0.0358356 5.32911e-06 0.0413091 5.17434e-06 
0.00998401 0.00511022 0.356774 1.06608e-09 0.26534 1.1389e-09 0.0215971 3.9612e-07 8.76229e-07 0.334659 0.00218544 4.12926e-10 0.00431324 3.53667e-05 
0.0481275 0.175955 0.2483 0.000901329 0.108163 3.0477e-05 0.035587 0.000932966 0.149988 0.181432 0.0215586 0.00142557 0.0228626 0.00473616 
0.172712 0.00150293 0.209053 0.0392838 0.0700609 0.00123387 0.0107194 0.000377517 0.120128 0.151809 0.0111559 0.158097 0.0460508 0.00781593 
0.0919825 0.0208805 0.596493 3.60451e-06 4.20454e-05 2.32115e-07 0.200782 0.000344869 0.00159659 0.0597719 0.0148716 4.93767e-06 0.0132243 2.10867e-06 
0.0175683 0.0184274 0.930812 7.70925e-05 0.0127442 7.66445e-09 0.00720752 0.000171562 0.00666101 0.00510343 0.00026669 1.76008e-07 0.000960079 8.61515e-07 
0.0284732 0.189185 0.479564 0.000273886 0.110495 8.62762e-05 0.00296377 0.0041105 0.0337636 0.097572 0.00947983 0.00816869 0.0344119 0.00145238 
0.0339256 0.00569197 0.284996 1.83964e-05 0.0638971 1.08882e-05 0.00793499 0.00418772 0.13927 0.176471 0.0189075 0.000581767 0.263843 0.000263029 
0.0321713 0.0076331 0.317051 0.00103334 0.144651 0.0144995 0.00814238 0.0538546 0.0426829 0.274958 0.00702924 2.03711e-05 0.0879017 0.00837188 
0.0269777 0.0331716 0.353326 0.000499274 0.0296335 8.84828e-09 0.0324219 0.0285013 0.0490985 0.234756 0.1018 1.95281e-05 0.108646 0.00114889 
0.104874 0.114566 0.563601 0.00102728 0.0467304 8.71395e-06 0.00415165 0.00031021 0.000493404 0.0222815 0.0517231 1.73041e-05 0.0902152 1.36498e-07 
0.0119533 0.0300784 0.550336 1.29137e-06 0.0487825 4.84555e-06 0.00974579 6.74552e-06 0.0431335 0.103177 0.131631 0.0241094 0.047034 5.87637e-06 
0.0762035 0.0252364 0.38747 0.00121651 0.238789 8.41431e-06 0.00208908 0.00195793 0.00877739 0.250737 0.000283257 0.000756922 0.00646895 5.86657e-06 
0.0520895 0.0163293 0.413266 7.49024e-05 0.148871 2.7105e-07 0.0150091 7.46666e-05 0.0350255 0.296554 0.0199809 2.65418e-07 0.0027254 1.00841e-08 
0.0332871 0.0132872 0.3583 2.77362e-07 0.0346394 0.000111984 0.00303219 0.000831723 0.209605 0.255092 0.0244358 0.000548126 0.0185067 0.0483217 
0.023749 0.0487825 0.496693 7.40367e-05 0.0185452 0.000141769 0.00861616 0.009976 0.0828146 0.220412 0.0291199 8.15304e-06 0.060911 0.000156162 
0.00463232 0.0157102 0.615659 0.000185952 0.195979 2.07531e-05 0.0040816 0.00102171 0.00601066 0.112292 0.00488118 0.00532939 0.0341955 7.20402e-08 
0.0773312 0.0239317 0.383487 0.00117622 0.261836 0.000100155 0.0353187 0.000377561 0.0622787 0.0964454 0.0119432 0.0135311 0.0322424 1.39524e-07 
0.0597265 0.00728289 0.847125 0.00026475 0.0294574 3.71531e-05 0.0060261 9.98313e-08 0.000129984 0.0300467 0.00108488 1.20706e-09 0.0187479 7.08944e-05 
0.0352667 0.0283458 0.506233 8.65359e-07 0.0327634 3.57499e-05 0.00465563 0.00156791 0.242235 0.119676 0.00843935 2.07709e-07 0.0207791 1.81467e-06 
0.0243211 0.0174843 0.870197 1.89592e-05 0.0025832 1.50274e-06 0.0470958 5.99841e-07 0.00597741 0.0155871 0.00283495 0.000420179 0.0124816 0.000996259 
0.112639 0.043232 0.338614 3.25356e-07 0.0187781 5.99653e-10 0.157681 0.00632708 0.00359697 0.149976 0.0399865 1.86893e-07 0.129169 3.28878e-07 
1.74366e-06 0.202944 0.489017 6.5329e-06 2.72067e-05 2.46481e-07 2.0276e-05 3.58824e-11 0.0973255 0.100182 2.94364e-06 2.38745e-08 0.110472 1.23843e-10 
0.00462465 0.0368168 0.491375 0.00070736 0.048603 4.12982e-08 0.0297817 0.000388321 0.0118052 0.351664 0.00442817 2.44594e-07 0.0196235 0.000182563 
0.034261 0.00737785 0.658906 0.000336424 0.0509679 6.27006e-07 0.0172397 0.00242146 0.0596417 0.0651918 0.0354736 9.13362e-05 0.0680601 3.04014e-05 
0.119519 0.0606406 0.239599 0.0103529 0.207189 0.00192634 0.01504 0.0158909 0.0244931 0.234843 0.0212797 0.00963164 0.0394379 0.000156298 
0.151009 0.0818517 0.432745 7.30631e-09 0.183238 0.000181577 0.0535559 0.00132485 0.00311004 0.0801214 0.000164661 2.82996e-09 0.0126971 1.56357e-07 
0.00168425 6.42475e-05 0.643169 1.09897e-05 0.117474 4.42948e-07 0.0113393 6.47421e-09 0.180485 0.0161748 0.0285733 1.07422e-08 0.000979414 4.56607e-05 
0.111825 0.0590077 0.40158 2.35159e-05 0.0289255 7.88081e-06 0.20206 1.99296e-05 0.0166841 0.0167265 0.0263656 0.00184025 0.134927 5.37504e-06 
0.184639 0.00101748 0.382242 0.000996245 0.0142075 1.55822e-05 0.0324277 0.050258 0.0390786 0.106214 0.048776 7.25952e-06 0.0990138 0.0411071 
0.0804615 0.0864503 0.612557 4.70172e-06 0.0400402 3.08421e-06 0.00015867 0.00091534 0.0138986 0.135874 0.00322164 4.30869e-05 0.0261595 0.000213005 
0.213111 0.0341013 0.342145 0.000928367 0.0484277 0.000781255 0.0222579 0.0136227 0.0151068 0.168467 0.0704752 0.00124271 0.0692377 9.50026e-05 
0.136385 0.0483923 0.555231 0.00184669 3.6517e-07 3.3125e-05 0.00256162 9.1382e-05 0.0143533 0.073554 0.0150099 2.49643e-06 0.152525 1.37165e-05 
0.00878442 0.000713274 0.671728 0.00356185 0.0606044 7.07167e-06 0.0239122 0.000313039 0.0460238 0.0637979 0.10263 6.81992e-06 0.0179137 3.73858e-06 
0.074703 0.0259802 0.693789 4.76063e-09 0.00279779 0.000182125 0.102281 0.000146423 0.000155292 0.00937546 0.00428267 0.00569962 0.0786064 0.00200034 
0.0369649 0.00254098 0.294453 0.000867707 0.000143098 0.000240832 0.00034666 0.272359 0.00269446 0.210759 0.0299136 2.05615e-08 0.148662 5.47494e-05 
0.0328943 0.0174798 0.331672 0.0048364 0.0869927 2.00805e-07 0.0339254 0.00659972 0.249256 0.130454 0.0305133 6.00013e-06 0.0744499 0.000920203 
0.00261465 0.00144286 0.649715 0.000322004 0.117367 3.09082e-05 0.010034 0.00229602 0.0451716 0.148367 0.00261637 0.00021915 0.0110623 0.00874051 
0.0373331 0.172305 0.506268 0.000292198 0.148444 3.6357e-07 0.0296832 0.000237971 0.0111415 0.0383134 0.000964891 7.44102e-07 0.0541923 0.000823503 
0.0919324 0.144954 0.249969 5.96641e-08 0.152819 6.23996e-06 0.0103495 0.00733978 0.0386789 0.150317 0.0582163 0.0713325 0.0240719 1.29954e-05 
0.0609997 0.0360458 0.420435 0.000861757 0.15778 1.30169e-05 0.00614498 0.000621977 0.00210863 0.167045 0.000883277 0.145411 0.00140835 0.000241435 
0.00133883 0.00504797 0.496247 2.14141e-05 0.238558 1.0085e-07 0.00555018 5.37156e-06 0.00943871 0.240914 0.00137304 9.87368e-08 0.00145579 4.89593e-05 
0.0371723 0.0207697 0.479248 0.000106728 0.00353552 1.03214e-05 0.0169258 0.0280712 0.0264568 0.363542 0.0147847 1.30008e-09 0.00937603 1.36111e-06 
0.228399 0.0397188 0.350875 0.000298117 0.0103009 1.16718e-05 0.0647659 0.000338196 0.0132272 0.257931 0.00183538 7.88472e-06 0.0316865 0.000604223 
0.0521442 0.0271135 0.336922 0.00565355 0.281672 0.00256429 0.029454 0.00953239 0.0245358 0.210963 0.00937535 0.000114735 0.00992505 2.97399e-05 
0.00302736 0.014808 0.735586 0.00013157 0.0290141 7.20796e-05 0.0096102 0.00556981 0.0172179 0.0840363 0.0135389 0.0480516 0.0393319 4.03288e-06 
0.000135436 7.29331e-05 0.424298 3.45398e-05 0.00114422 3.1565e-05 0.00039647 6.73086e-06 0.0323172 0.327424 0.162247 1.3602e-06 0.0518617 2.9265e-05 
0.0258929 0.0105086 0.597849 6.32217e-05 0.0113087 9.39567e-05 0.00390743 0.0158081 0.203112 0.0311635 0.0137703 0.000488559 0.0378911 0.048143 
0.113511 0.0118621 0.253932 1.26488e-06 0.00904598 0.000415689 0.0326962 1.47955e-07 0.197907 0.171872 0.0572856 0.145102 0.00620652 0.000163105 
0.0303061 0.0111242 0.520175 2.94671e-05 0.0328024 0.000645628 0.089442 0.00057015 0.043832 0.171073 0.0627534 7.14437e-06 0.0369085 0.00033078 
0.0446692 0.0538727 0.511394 1.35943e-06 0.00744752 9.54286e-05 0.0347108 0.017034 0.0708198 0.210695 0.0158557 2.12278e-06 0.0333862 1.54159e-05 
0.00145632 0.00201813 0.888916 0.000502849 0.047553 1.06472e-10 0.00058388 4.53428e-06 0.00433839 0.0527135 0.000217753 3.8603e-11 0.00169596 4.20911e-09 
0.126082 0.0497852 0.269473 0.00419782 0.0596611 9.78948e-05 0.0712223 0.00183173 0.0261511 0.184071 0.0567099 0.0864609 0.0642389 1.60935e-05 
0.0287148 0.0175461 0.614072 3.65151e-10 0.0287606 3.90093e-10 0.00479488 1.21192e-07 0.221127 0.00426888 0.0788084 1.02418e-07 0.00190653 2.94197e-10 
0.0214044 0.0153137 0.421896 0.057351 0.0479213 1.5447e-05 0.00938341 0.00292988 0.0719524 0.23762 0.100121 2.09584e-05 0.0139081 0.00016225 
0.000507615 0.00209427 0.666926 1.8129e-05 0.0953682 6.60313e-08 0.00224751 3.84989e-05 0.0595887 0.144536 0.0256908 6.50266e-08 0.0029846 2.30088e-09 
0.0923594 0.00145373 0.581508 0.00101117 0.175409 0.000241569 0.0552799 2.88119e-06 0.00381231 0.0132254 0.0566806 1.36587e-07 0.0190156 7.37595e-08 
0.190735 2.2569e-05 0.735672 4.45028e-09 0.0385542 4.75426e-09 5.09718e-05 1.03887e-09 4.32823e-06 0.0349059 3.22932e-05 1.72373e-09 2.27827e-05 3.58553e-09 
0.14203 0.0115156 0.375131 8.62286e-05 0.248566 0.00250773 0.00670208 0.000221989 0.0240209 0.0336587 0.0328897 0.0556671 0.0633522 0.00365129 
0.0116 0.0399483 0.43989 3.29163e-06 0.308381 7.01912e-09 0.0787802 1.433e-06 0.105981 0.0086171 0.00019045 2.5449e-09 0.00660675 5.29362e-09 
0.017219 0.149366 0.419543 0.000592351 0.279011 5.61515e-05 0.0508573 1.49024e-12 0.000254447 0.0794253 4.91553e-08 1.29038e-08 0.00367525 5.14336e-12 
0.101953 0.0639617 0.504891 4.44002e-05 0.00117662 8.71377e-06 0.0187795 0.00673163 0.0006475 0.28827 0.00914713 9.71824e-05 0.00429184 4.06215e-08 
0.0522462 0.000231588 0.364946 7.24559e-05 0.00276048 5.78213e-08 0.325994 0.000131099 0.0747873 0.0473495 0.00460214 7.64829e-07 0.126878 4.36072e-08 
0.000417689 0.00636209 0.506417 5.24271e-05 0.142431 0.000230364 0.0117874 0.000189168 0.00535877 0.318725 0.00051749 6.75451e-05 0.00713254 0.000311846 
0.0313955 0.00032419 0.754904 0.00270737 0.0637639 0.000123319 0.0183742 0.000495284 0.0113663 0.0848043 0.0241957 0.000110427 0.00743505 1.32804e-07 
0.0145929 0.0167795 0.347723 2.03349e-07 0.229908 0.00736597 0.0366922 9.39209e-06 0.0453859 0.191709 0.0485822 0.0177783 0.0257931 0.0176801 
0.0504704 0.0114852 0.65728 3.02919e-06 0.00905659 3.2361e-06 0.0160025 0.0146384 0.111041 0.0229831 0.00781878 1.1733e-06 0.0992136 2.44058e-06 
0.0919603 0.0141565 0.698169 0.000567189 0.0465944 1.38677e-07 0.0268081 0.000781485 0.0034353 0.106678 0.00828954 1.2032e-05 0.00254722 1.1632e-06 
0.06218 0.020376 0.564711 7.0442e-07 0.122601 9.16548e-05 0.0181214 1.96939e-05 0.0425422 0.0234284 0.0100459 0.00128389 0.134365 0.000232539 
0.000467623 0.0104225 0.912831 1.55497e-06 0.00690911 1.66119e-06 0.00041455 1.15711e-05 0.0678349 1.20755e-07 0.00100295 6.0229e-07 0.000100445 1.25282e-06 
0.095314 0.00784105 0.350154 0.00155176 0.0597241 0.00151341 0.00305274 0.00074124 0.226433 0.0858171 0.0291454 0.0105896 0.127917 0.000205411 
0.172082 0.0280004 0.412038 8.00699e-05 0.0299342 7.35713e-05 0.0195626 0.00634362 0.0146076 0.299198 0.0102362 0.000373836 0.00723004 0.000239523 
0.0527952 0.182923 0.365237 0.000346393 0.0029645 0.00105182 0.0177726 0.0337512 0.027567 0.230755 0.0365309 0.0224257 0.0248328 0.00104616 
0.0353057 0.0531976 0.562025 0.000874019 0.0190448 5.39786e-05 0.00774497 0.00166636 0.0223468 0.248986 0.0257439 9.11493e-06 0.0228838 0.000118575 
0.0649223 0.0723217 0.40874 0.00942365 0.0894854 2.86931e-05 0.0138771 0.000382765 0.0177444 0.233969 0.0334677 4.96691e-05 0.0550091 0.00057827 
0.175508 0.0104688 0.468347 0.00575583 0.0321411 3.92656e-05 0.0252588 0.00792695 0.0106927 0.132709 0.0407453 0.00124244 0.0814039 0.00776065 
0.0245412 0.00805712 0.500358 0.00223391 0.245723 0.000501711 0.0109141 0.00169965 0.0265416 0.115853 0.0433801 0.00248081 0.0175171 0.000199378 
0.0180053 0.0103975 0.576534 0.000276751 0.0643465 0.00010591 0.00603022 0.0292304 0.077612 0.12683 0.0140684 0.0131511 0.0407624 0.0226503 
0.150869 0.0264725 0.561818 0.00229456 0.0714303 6.38184e-06 0.0254119 0.017642 0.0106829 0.0802454 0.0108073 0.0025374 0.0397725 9.65972e-06 
0.0168705 0.000310963 0.759099 1.2321e-05 0.207249 5.60187e-07 6.65284e-06 1.37238e-06 0.00832555 0.0076374 5.81747e-07 7.56593e-06 1.73902e-06 0.000477547 
0.0287015 0.0600993 0.834853 9.32588e-05 0.00126637 1.70453e-05 0.0163138 0.00135052 0.000899222 0.0358456 0.00268109 1.98999e-05 0.0178586 8.53529e-07 
0.00382952 0.0020081 0.728405 7.44161e-06 0.00392427 2.00818e-08 0.0254175 0.00283881 0.0367399 0.0853777 0.0424429 7.28097e-09 0.0594781 0.00953044 
0.133736 0.0053348 0.551761 6.928e-06 0.0897177 0.000287546 0.00422389 6.97001e-05 0.144228 0.00551536 0.0338557 0.0056661 0.0249342 0.000662676 
0.0145369 0.00115733 0.899778 9.4107e-05 0.000404035 0.00056766 0.00010599 0.00930465 0.000117833 0.0730843 0.000271942 2.26149e-05 0.000553772 7.64107e-07 
0.0221659 0.0269993 0.425852 1.54574e-05 0.121333 0.00193265 0.0180473 0.000324276 0.00848537 0.256539 0.0268115 5.16129e-06 0.0841883 0.00730111 
0.019014 0.0391019 0.455097 0.000677163 0.305717 0.000157219 0.0379779 0.000176353 0.0304444 0.0946574 0.0107425 5.58997e-07 0.00603949 0.000196668 
0.049055 0.0204021 0.807007 1.92613e-05 0.0217804 0.000192998 0.0119065 0.00142365 0.00477222 0.0712183 0.000749111 0.000397085 0.00628542 0.00479132 
0.111027 0.0179036 0.636479 2.77048e-05 0.0218048 0.000281899 0.0783799 0.000164016 0.00563601 0.0373305 0.02166 0.00183818 0.0647331 0.00273498 
0.0144207 0.00325556 0.540951 3.0086e-07 0.0604618 1.09267e-07 0.00156648 0.00050714 0.00145134 0.36089 0.0160088 1.15892e-09 0.000485449 1.47931e-06 
0.059594 0.0232126 0.694327 0.0107148 0.0718617 8.5028e-10 0.058599 0.000146155 0.00294788 0.0256151 0.0166037 7.97896e-06 0.0363621 8.11742e-06 
0.0500222 0.00317296 0.566682 0.00157755 0.245333 1.70199e-05 0.00464005 0.000996178 0.00822652 0.11285 0.000891305 0.000232602 0.0052121 0.000146731 
0.00918313 0.0769316 0.381077 2.55399e-07 0.199775 1.42711e-09 0.0843242 1.43958e-05 0.0847995 0.154957 0.00819773 0.000616101 0.000120661 3.42631e-06 
0.12727 0.055873 0.333405 0.000488033 0.25874 0.000162158 0.0264563 0.00286894 0.0145385 0.13053 0.0055038 0.0203781 0.0187849 0.00500061 
0.0318325 0.0430495 0.560567 0.0146058 0.069988 4.18161e-06 0.163335 6.8062e-06 0.035836 0.0298526 0.00257882 0.000283863 0.00723119 0.0408284 
0.0208653 0.00686917 0.949898 3.92935e-08 0.00168955 2.13202e-08 0.000683942 3.35211e-09 0.00224721 0.0165827 0.000152403 9.62727e-05 0.000913345 1.73059e-06 
0.0503734 0.0123046 0.550336 0.00215361 0.0308913 0.000112135 0.0417619 0.00100073 0.0172375 0.233746 0.0385331 0.0133999 0.00799928 0.000150368 
0.0765724 0.00884135 0.65404 0.0001528 0.0372208 3.01624e-07 0.000476335 0.00178343 0.0236769 0.176978 0.0060898 0.000186032 0.000451822 0.0135291 
0.246145 0.0309812 0.340276 0.00150594 0.0557093 0.000432241 0.0545577 0.00628903 0.0336433 0.196315 0.00679709 0.00503478 0.0202125 0.0021012 
0.157533 0.00479572 0.436489 3.72969e-05 0.0186786 8.9174e-07 0.0696838 4.59959e-05 0.0073962 0.260351 0.0223664 6.23813e-09 0.0226222 4.26946e-07 
0.00918313 0.0769316 0.381077 2.55399e-07 0.199775 1.42711e-09 0.0843242 1.43958e-05 0.0847995 0.154957 0.00819773 0.000616101 0.000120661 3.42631e-06 
0.00262648 0.00680355 0.716028 3.49347e-07 0.134528 2.43471e-10 0.00110367 3.11075e-05 0.00438507 0.102178 0.00308463 0.00806647 0.021164 8.34604e-08 
0.0725053 0.0295932 0.492044 0.00118831 0.00905807 0.000124498 0.00273511 0.0202878 0.00798226 0.342406 0.00283288 2.33548e-06 0.0192409 6.45831e-08 
0.251547 0.074449 0.33512 5.5308e-06 0.0539191 0.0152588 0.0388199 0.004471 0.0118726 0.0938284 0.0118859 0.0687882 0.0399367 9.68882e-05 
0.000957251 0.010376 0.722293 0.000373185 0.0139783 8.20687e-06 0.0306309 0.0011136 0.177603 0.00155505 0.00268803 4.14267e-05 0.0383323 4.9816e-05 
