0.00789333 0.000142036 6.35965e-09 0.364653 0.0101728 3.3167e-05 0.000185731 0.000726917 0.0472058 0.23357 0.000269852 0.000333047 0.334814 1.42649e-07 
0.300595 0.00166605 2.44977e-08 0.00261984 0.00244037 0.0289215 0.00249606 0.187193 0.0240691 0.168336 0.0163815 0.000565911 0.264532 0.000183687 
0.208948 0.0453021 8.34768e-05 0.00577393 0.0399506 0.154589 0.0136807 0.0200722 0.0577583 0.321681 0.00368464 0.000506877 0.125063 0.00290665 
0.103144 0.0196875 2.04164e-06 3.54748e-05 0.0135408 0.0253144 0.0429384 0.0370732 0.0254779 0.0833312 0.00531704 0.00020059 0.643912 2.5938e-05 
0.00906655 0.0103055 1.11023e-08 9.87654e-07 0.000445357 0.00112179 5.77962e-06 5.03087e-07 0.965454 0.00932442 0.000105744 0.000574923 0.000322571 0.00327232 
0.856362 0.0210851 4.05138e-06 6.0629e-05 0.0351045 0.000238508 0.00128141 0.0357438 0.00572567 0.037919 0.000125613 0.000534795 0.0055869 0.000227971 
0.923253 0.0118743 2.94718e-08 2.71517e-05 0.0130757 0.00130314 0.000653297 0.00185828 0.00109563 0.0246964 0.000350409 3.62881e-05 0.0217733 3.45883e-06 
0.00251306 4.3124e-05 2.19729e-07 3.94169e-06 0.0144162 1.29923e-05 4.74125e-05 0.0740021 0.887615 0.00107956 2.37903e-05 0.000110935 0.0200894 4.20106e-05 
0.738769 0.0885712 2.22659e-11 6.11594e-11 0.0112712 3.38496e-08 0.00737706 0.0765813 0.000730839 0.0331569 0.000966112 7.11524e-09 0.0425765 7.24639e-08 
0.0701747 0.000597968 3.34944e-11 9.20017e-11 0.00141368 1.24733e-06 4.12134e-08 0.0049801 0.760108 0.00106447 0.0118971 1.73029e-07 0.149762 2.19962e-07 
0.587601 0.0609564 1.40038e-07 2.65051e-07 0.00594558 0.000129436 0.000823615 0.00771703 0.05342 0.276338 0.000585448 1.03728e-05 0.0064712 1.06482e-06 
0.265469 0.00492764 5.59893e-08 0.000179123 5.59979e-08 0.000509246 0.0123611 0.129691 0.0147156 0.419827 0.0241424 0.00021841 0.127908 5.04273e-05 
0.0028242 0.00526231 6.40381e-07 6.9078e-05 0.00495052 1.24341e-05 0.000142572 0.0019604 0.000207652 1.1691e-05 0.00014271 0.000106954 0.00150522 0.982804 
0.0297384 0.000685564 2.0303e-06 1.17498e-05 0.125425 3.39526e-05 0.000474982 0.0599291 0.00583172 0.0368979 0.00660256 0.00112787 0.0221589 0.71108 
0.0201917 1.87477e-07 5.45494e-08 0.000111396 0.174666 0.00135899 2.52049e-07 0.00080814 0.654465 0.0194384 0.0911476 0.00639947 0.0314074 5.79081e-06 
4.48516e-06 0.0225089 4.82364e-12 0.0347952 0.00346847 0.000890671 0.00324202 3.92836e-08 0.670751 0.259942 0.00104916 0.00108836 0.00225915 3.29866e-07 
0.001913 0.00280874 8.87364e-09 2.43739e-08 1.42196e-05 2.60388e-08 1.43837e-05 0.000327143 0.805491 0.157658 0.0317399 3.23115e-06 3.01364e-05 1.96377e-08 
0.206074 1.29364e-07 2.56955e-12 3.74144e-08 0.00057587 4.14711e-07 5.57524e-08 4.01196e-07 0.00649719 0.720994 0.0264901 1.74989e-08 0.0393675 5.68652e-12 
0.00332002 0.137733 2.88906e-11 0.594208 0.184109 0.00967909 0.00166812 0.00019152 0.0504294 0.00546467 8.44905e-07 0.00213728 0.0110584 8.21323e-07 
0.0146967 1.58375e-05 2.12709e-08 7.81001e-05 0.0064013 0.000511123 7.28469e-06 0.323003 0.000405206 0.0102239 0.00343591 5.50745e-05 0.641165 1.06355e-06 
0.0522187 0.00173521 2.58402e-07 0.00969122 0.00684841 0.0442527 0.14477 0.350057 0.0119153 0.00719623 0.0290041 0.000126122 0.342185 3.21213e-07 
0.0726833 0.000295175 2.03277e-07 0.000103731 0.0522633 0.0547539 0.00157502 0.000821954 0.0123945 0.0551468 0.124382 0.000286508 0.624679 0.000615049 
0.216137 0.0111656 2.59483e-08 6.25199e-06 0.0146107 0.00211501 0.00598331 0.000204387 0.674057 0.0734846 0.00010402 0.000308936 0.000955888 0.000866959 
0.129989 0.00727622 2.02267e-10 8.86068e-05 0.00271049 3.84218e-07 0.000163593 0.000275813 0.566366 0.258587 0.00460345 0.00012804 0.0295761 0.000235527 
0.760622 0.0302353 1.72055e-06 0.000242248 0.0368107 0.000755862 0.00243774 0.0862666 0.00926503 0.0481305 0.000151396 0.000234097 0.0245269 0.000319867 
0.923253 0.0118743 2.94718e-08 2.71517e-05 0.0130757 0.00130314 0.000653297 0.00185828 0.00109563 0.0246964 0.000350409 3.62881e-05 0.0217733 3.45883e-06 
0.0828111 0.0128193 2.82651e-05 4.79932e-05 0.12295 0.00254639 0.0038052 0.00607902 0.505956 0.157475 0.00196511 6.8192e-05 0.0362127 0.0672363 
0.222234 0.000254032 5.65612e-06 0.000532766 0.00283122 5.12027e-05 0.0712464 0.00240727 0.288166 0.000891552 0.00547168 0.01774 0.361517 0.0266509 
0.827171 0.000632535 1.87414e-06 8.54204e-05 0.0023644 0.00152016 0.00314518 0.0242074 0.00473256 0.0850804 0.00144017 8.58974e-06 0.0496078 2.75967e-06 
0.647133 9.08344e-05 2.52033e-13 4.39073e-06 0.00014961 0.000135497 0.0014629 0.0111846 0.00846196 0.29386 0.00201846 7.06374e-06 0.0354905 1.1756e-06 
0.923253 0.0118743 2.94718e-08 2.71517e-05 0.0130757 0.00130314 0.000653297 0.00185828 0.00109563 0.0246964 0.000350409 3.62881e-05 0.0217733 3.45883e-06 
0.249244 6.56832e-05 8.39223e-10 2.74636e-08 0.0087097 0.0436081 0.000486811 0.00888578 0.191183 0.345441 0.00669936 0.000169708 0.145506 1.47181e-08 
0.0357377 0.000651382 3.43613e-08 2.52096e-05 0.00166316 0.00608086 6.67752e-05 0.00262314 0.00301966 0.018021 0.00390583 2.74696e-05 0.928177 1.18971e-06 
0.290676 0.00369911 5.69473e-09 4.53348e-07 0.000360074 0.00184748 0.000236886 7.17666e-05 0.0309902 0.64149 0.0214157 4.46319e-05 0.00807575 0.00109233 
0.0823277 0.351327 1.46287e-09 0.000691 0.011154 0.000160274 0.00430456 0.00106294 0.0379412 0.475859 0.000469934 8.37199e-05 0.0346191 2.90589e-08 
0.0783521 0.000226582 5.11452e-07 0.000138677 0.04352 0.037046 0.00141291 0.00102645 0.00840622 0.0566929 0.0301873 7.63461e-05 0.741913 0.00100135 
0.0531249 0.000267896 4.35198e-07 0.075734 0.475845 5.48159e-05 4.67766e-05 0.309385 0.00235508 0.00108153 0.000124355 0.0706613 0.011237 8.18758e-05 
0.00759812 8.72835e-05 3.73722e-09 1.02653e-08 0.0958007 1.69336e-05 1.7061e-05 3.39491e-06 0.756706 0.0741067 8.42897e-06 3.97608e-09 0.0656557 8.27062e-09 
0.194279 3.00107e-05 1.60674e-08 0.000212505 0.000989354 0.0657652 7.67776e-07 2.8627e-06 0.441864 0.195681 6.96938e-07 2.84259e-07 0.101173 3.49909e-07 
0.18892 5.58035e-06 3.03495e-12 1.17441e-06 0.000621218 0.00455455 8.75232e-05 0.00188233 0.0173443 0.347411 0.184704 1.05971e-08 0.254468 6.71646e-12 
0.341576 0.0665863 4.8225e-05 0.0147678 0.50543 0.00161782 0.00249248 0.00362104 0.024882 0.0297613 0.00156891 0.000226898 0.00734848 7.27126e-05 
0.171834 0.000193066 8.09499e-13 1.24539e-08 1.27998e-08 0.0338218 0.00280088 8.22238e-07 0.668425 0.11467 0.00400376 0.000147045 0.00315815 0.000944826 
0.923253 0.0118743 2.94718e-08 2.71517e-05 0.0130757 0.00130314 0.000653297 0.00185828 0.00109563 0.0246964 0.000350409 3.62881e-05 0.0217733 3.45883e-06 
0.548651 0.00708019 5.53295e-06 2.07903e-05 0.00135494 0.04114 0.00292394 0.114727 0.0365347 0.132203 0.00435737 9.88881e-05 0.110857 4.55318e-05 
0.00414872 0.15437 3.71729e-11 0.560849 0.172278 0.00900345 0.00169708 0.000193514 0.0547555 0.00580047 0.000454815 0.00205968 0.0341895 0.000199875 
0.252007 0.240788 4.98566e-09 7.13365e-06 0.0663467 0.000443501 0.00465323 0.00838906 0.0279731 0.335956 0.00450722 0.000706337 0.0574151 0.000807878 
0.0123378 0.32462 1.11063e-07 5.10848e-06 0.00453947 4.6959e-05 0.00105833 1.74631e-05 0.0133875 0.64253 0.000361425 0.000417451 0.000563516 0.000114882 
0.300069 0.193966 5.15263e-08 0.00208145 0.0365938 0.000589507 0.0102306 0.0018098 0.0561835 0.376458 0.00276936 0.000125574 0.0181901 0.000933677 
0.200363 0.0678357 9.27165e-05 0.00230573 0.0351695 0.0896033 0.0255 0.0117734 0.0620677 0.425583 0.00201255 0.000177386 0.0735761 0.00394034 
0.0591411 0.0600571 5.84923e-05 0.022801 0.523776 0.0290262 0.00239552 0.00985521 0.0333306 0.162313 0.000698152 0.00433618 0.091795 0.000416595 
0.597578 0.113565 1.08814e-06 6.98743e-05 0.0128437 0.000388874 0.00222664 0.027851 0.0347803 0.15728 0.00614005 1.31057e-05 0.0466522 0.000609805 
0.110856 0.338319 8.76858e-12 1.06535e-05 0.0171227 0.00226889 0.00180519 0.00699092 0.106853 0.138315 0.00258185 4.10131e-05 0.273835 0.00100098 
0.0307886 0.0029927 2.24911e-10 1.34087e-05 0.00173242 0.000264283 0.000683529 0.0104883 0.488155 0.0838012 0.0613287 0.000154799 0.319597 4.97737e-10 
0.00986827 0.00241759 2.75761e-12 0.000151811 0.0012288 0.953504 0.000733813 7.20645e-05 0.00142194 0.0284205 2.76035e-05 8.82757e-06 0.00148933 0.000655308 
0.848258 0.00161162 4.50815e-13 1.23829e-12 7.04524e-08 0.000152057 0.0011333 3.03548e-09 0.000894815 0.147688 2.19075e-08 3.64566e-09 0.00026218 3.05298e-08 
0.0711507 0.00328351 0.000259508 0.000683256 0.0465988 0.0726853 0.0199973 0.00295127 0.59138 0.0424264 0.0113205 0.00556037 0.131258 0.000445492 
0.0578756 0.215187 5.29009e-08 0.573666 0.00269381 0.00676397 0.000679443 0.00183142 0.0136299 0.0135374 0.00199181 1.11252e-07 0.0552541 0.0568891 
0.365413 0.000575129 7.04322e-08 5.11644e-05 0.0048329 0.102496 0.00253271 0.0226321 0.187754 0.149341 0.0833358 0.000915788 0.0797986 0.000321833 
0.229764 0.0290941 7.73263e-07 7.63186e-06 0.0513219 0.00223498 0.00639277 0.0116267 0.543248 0.113423 5.58178e-05 0.00115843 0.0100541 0.00161746 
0.0776499 0.00228246 3.38975e-12 2.09451e-09 1.17882e-08 2.97832e-05 0.000617865 0.00888385 0.0238372 0.866276 0.000264345 1.93162e-05 0.0201231 1.57664e-05 
0.0510662 0.00440491 1.06395e-09 2.57133e-07 0.0410267 1.33845e-06 0.0114186 2.29224e-06 0.0313782 0.0204561 0.000502026 0.000163625 0.00952687 0.830053 
0.194998 0.00235876 8.76261e-05 0.000233088 0.474445 0.000122061 0.00129468 0.0198842 0.0300047 0.181457 0.000991424 0.0547504 0.0297866 0.00958581 
0.0441064 5.02708e-07 1.37589e-10 3.77926e-10 0.00417854 0.000132724 0.000392518 0.00454212 0.168704 0.0138554 1.5412e-05 1.46382e-10 0.764072 6.16988e-07 
0.0636483 0.0123179 1.36395e-05 1.82818e-05 0.349671 0.00960926 0.0035177 0.0187262 0.272085 0.105285 0.00965646 0.000195147 0.154186 0.00106999 
0.0130411 1.67804e-08 3.72031e-13 1.09343e-07 0.000737102 0.0100603 9.2583e-05 0.10061 0.0209137 5.45167e-07 0.0115271 9.14359e-09 0.843018 6.17574e-09 
0.0717507 0.001905 3.3437e-07 2.27432e-06 0.0218354 0.000169504 0.000874675 0.010872 0.457745 0.192551 0.00220258 0.000293166 0.239795 3.91562e-06 
0.0191582 0.00258474 1.05123e-05 2.55033e-05 0.00686822 0.000193802 0.000730912 5.5417e-05 0.928759 0.0286988 0.0017719 0.000111909 0.00769541 0.00333573 
0.0743066 0.000487665 7.49744e-09 0.000119224 0.000817663 0.138825 0.000129887 0.00213045 0.654364 0.103538 0.00176076 0.000258718 0.0226393 0.000622517 
0.244553 0.387164 4.81962e-11 1.80813e-07 0.0153604 0.000851703 0.00892869 7.65814e-05 0.16585 0.171618 0.00116847 5.69618e-05 0.00435873 1.38784e-05 
0.00332002 0.137733 2.88906e-11 0.594208 0.184109 0.00967909 0.00166812 0.00019152 0.0504294 0.00546467 8.44905e-07 0.00213728 0.0110584 8.21323e-07 
0.204664 0.00465327 0.000146325 0.013935 0.0359641 0.223725 0.0010457 0.0244763 0.0284443 0.379105 0.00397183 0.000339886 0.0792448 0.000283824 
0.00660294 0.00013678 3.28279e-07 2.53146e-05 0.0121143 0.108832 0.000696714 0.00345721 0.782307 0.0123655 0.000113301 0.000140602 0.072954 0.000254259 
0.00789333 0.000142036 6.35965e-09 0.364653 0.0101728 3.3167e-05 0.000185731 0.000726917 0.0472058 0.23357 0.000269852 0.000333047 0.334814 1.42649e-07 
0.208948 0.0453021 8.34768e-05 0.00577393 0.0399506 0.154589 0.0136807 0.0200722 0.0577583 0.321681 0.00368464 0.000506877 0.125063 0.00290665 
0.394384 0.00738834 1.10248e-08 9.08887e-06 3.97205e-05 0.00221433 0.00116804 0.0275534 0.0308369 0.334282 0.000864488 3.43406e-05 0.201204 2.09873e-05 
0.0484319 0.000670225 1.19198e-06 0.000284386 0.000806369 0.310872 0.000240812 0.0158035 0.00221311 0.0215265 0.0141454 7.34636e-05 0.584926 4.81117e-06 
0.820172 0.00667542 1.43787e-08 3.49573e-05 0.000172372 0.00150711 0.0137756 0.0317957 0.0117525 0.0602366 0.00861736 1.61771e-05 0.0450909 0.000153464 
0.904695 0.0020004 3.68513e-09 3.76749e-05 0.00203379 0.00163283 0.000870362 0.0385953 0.000509181 0.00932809 0.000378605 2.69943e-05 0.0398885 3.0726e-06 
0.898048 0.0299107 7.15468e-08 9.70317e-05 0.0356039 0.000230105 0.00197947 7.86669e-05 3.02634e-05 0.0318992 0.000102769 5.80512e-05 0.00195586 5.8963e-06 
0.100208 0.215069 9.51061e-12 1.11784e-07 0.000806629 0.00234368 0.498128 0.00435868 0.01522 0.127093 0.000354068 9.29116e-08 0.0363142 0.000104429 
0.00789333 0.000142036 6.35965e-09 0.364653 0.0101728 3.3167e-05 0.000185731 0.000726917 0.0472058 0.23357 0.000269852 0.000333047 0.334814 1.42649e-07 
0.0340099 0.000116047 3.48686e-12 1.34305e-08 7.54339e-05 0.077681 0.00320626 0.0135796 0.713145 0.0367424 0.00873029 0.000532965 0.112181 1.08331e-07 
0.0387938 0.0046039 1.04656e-06 0.000337908 0.067175 0.000874567 7.90831e-05 9.05026e-05 0.88151 2.60136e-05 0.000436714 0.00112494 0.00455127 0.000395478 
0.00207309 0.0011356 7.62886e-06 1.2961e-05 0.890393 0.000222024 0.000185086 0.011084 0.0383971 0.00637948 0.00186101 0.0040422 0.0440915 0.000115023 
0.0816702 0.00140038 2.54767e-08 0.000171547 0.0469253 0.165454 0.0008934 0.0126173 0.0684701 0.0135137 0.00126485 0.000361786 0.409001 0.198256 
0.0324504 0.00524364 6.32445e-11 1.73719e-10 0.000988812 0.0032631 0.000273165 1.09398e-05 0.686709 0.269429 2.52442e-05 0.00132373 0.000232798 5.03393e-05 
0.704178 0.000568882 9.72001e-13 7.1697e-09 0.00110513 0.00598838 0.00891386 0.00800923 0.017307 0.232758 0.00157346 2.17004e-05 0.0194451 0.000130909 
0.0132814 0.000535222 1.81819e-06 1.29084e-05 0.00601647 0.0681694 2.15891e-05 0.0194672 0.464 0.0896514 0.0755066 0.00537076 0.213423 0.0445416 
0.0521858 0.0125886 2.67104e-08 1.77649e-05 0.000439617 1.05478e-05 0.00127198 1.4111e-06 0.893038 0.0205142 4.85333e-05 6.02044e-05 0.0197962 2.75898e-05 
0.923253 0.0118743 2.94718e-08 2.71517e-05 0.0130757 0.00130314 0.000653297 0.00185828 0.00109563 0.0246964 0.000350409 3.62881e-05 0.0217733 3.45883e-06 
0.24282 0.112236 4.29394e-08 1.55996e-05 0.0113192 5.11645e-05 0.00214098 0.00337753 0.274298 0.0751396 0.0646804 5.66973e-06 0.213902 1.36433e-05 
0.0297384 0.000685564 2.0303e-06 1.17498e-05 0.125425 3.39526e-05 0.000474982 0.0599291 0.00583172 0.0368979 0.00660256 0.00112787 0.0221589 0.71108 
0.195086 0.00158836 1.9568e-08 0.00112078 0.776743 0.000111901 6.76138e-05 0.00246377 0.00142992 9.10754e-08 6.46369e-05 0.0198361 0.00143071 5.68972e-05 
0.753076 0.0102546 1.03263e-05 3.48812e-05 0.00017227 0.0666958 0.00452881 0.0351388 0.0191096 0.063883 0.00116999 0.000136859 0.0457046 8.49821e-05 
0.454396 0.068277 1.20341e-07 0.000469193 0.00122779 0.00398098 0.00839901 0.00152863 0.216637 0.229162 0.00129979 0.00335757 0.00754722 0.00371724 
0.0297384 0.000685564 2.0303e-06 1.17498e-05 0.125425 3.39526e-05 0.000474982 0.0599291 0.00583172 0.0368979 0.00660256 0.00112787 0.0221589 0.71108 
0.00506976 6.80191e-06 4.58541e-09 6.89763e-06 8.19224e-05 0.0293164 0.000121942 0.00408094 0.934747 0.00532332 0.00152239 0.000182268 0.0194851 5.55809e-05 
0.100952 0.00243461 0.000675513 0.00260444 0.355493 0.000842499 0.00383956 0.0127992 0.142422 0.147194 0.00108317 0.157951 0.0676238 0.00408523 
0.739201 7.6408e-05 1.50778e-08 2.22336e-08 0.00184048 0.0107613 0.00422326 0.0144884 0.0158745 0.18487 0.00491318 1.93061e-05 0.0237292 2.74329e-06 
0.168613 0.0324475 8.50551e-08 0.0493384 0.0017514 6.62437e-05 0.192863 0.00961305 1.69976e-06 0.0824953 0.00946232 2.17555e-07 0.453312 3.60899e-05 
0.0319756 0.00172379 1.03965e-06 7.94536e-06 0.0146808 0.0134192 0.000856451 0.00519549 0.650082 0.109982 0.0128125 0.0004944 0.15876 9.336e-06 
0.927668 0.00405336 2.9514e-07 2.09905e-06 0.0463641 2.97084e-06 0.000472508 0.000244277 0.00802071 0.0117008 0.000202632 4.51433e-05 0.00115768 6.52526e-05 
0.403449 0.484331 5.44153e-09 4.68007e-05 0.0976058 4.28079e-05 0.00142651 4.73556e-05 0.000517412 0.0114664 4.57973e-05 8.27712e-06 0.00100401 9.09023e-06 
0.253378 0.00716681 7.75138e-08 0.005473 0.375334 4.39447e-05 7.77677e-06 0.0198955 0.0762988 0.0503356 0.00127294 0.00232887 0.208149 0.000315754 
0.0091491 0.001924 2.76862e-12 8.37505e-06 0.000987603 0.957905 0.000453574 6.47862e-05 0.0013418 0.0264049 2.31447e-05 7.50661e-06 0.00133554 0.000394263 
0.429481 0.000255227 1.85643e-10 1.99119e-07 0.00134833 0.000223156 0.000183876 9.97832e-09 0.0483565 0.493315 0.000754771 2.82715e-05 0.0260534 4.31298e-09 
0.0297384 0.000685564 2.0303e-06 1.17498e-05 0.125425 3.39526e-05 0.000474982 0.0599291 0.00583172 0.0368979 0.00660256 0.00112787 0.0221589 0.71108 
0.125357 0.00254565 1.98157e-05 6.35192e-05 0.00454912 0.0186628 0.000140729 0.00257072 0.458206 0.192529 0.0218877 2.06309e-05 0.173288 0.000159384 
0.0324171 0.0112991 0.0003011 0.0169155 0.0704817 0.0160027 0.00203539 0.0844256 0.0536163 0.324997 0.00144829 0.000491047 0.382655 0.00291401 
0.0430274 0.000265392 3.92284e-07 0.00018025 0.00193301 1.58152e-06 0.00215565 0.0397521 0.310287 0.00691147 0.00129716 6.9238e-05 0.594119 1.0403e-06 
0.132814 0.000531006 4.20493e-07 7.19588e-05 0.00607399 3.55852e-05 0.0022913 0.0229196 0.036132 0.737144 0.00129237 0.000167772 0.0605254 1.13949e-06 
0.0396077 7.87545e-05 1.30415e-06 0.00238372 0.424951 0.00484326 1.49153e-06 0.00222237 0.413568 0.000611549 0.0101603 0.00958522 0.0919836 1.51913e-06 
0.339297 0.00587299 2.50581e-07 5.35869e-06 0.0181691 0.00322523 0.00415942 0.015194 0.0155462 0.541628 0.00296147 0.000342156 0.0535882 1.11564e-05 
0.00332002 0.137733 2.88906e-11 0.594208 0.184109 0.00967909 0.00166812 0.00019152 0.0504294 0.00546467 8.44905e-07 0.00213728 0.0110584 8.21323e-07 
0.680669 0.00855418 0.000192515 0.0023061 0.00470501 0.0449498 0.00435877 0.00346625 0.144532 0.0323037 0.0138344 0.000228522 0.0591431 0.000757331 
0.00149238 0.00101599 9.38565e-09 2.57803e-08 0.000161877 0.052578 0.000701232 0.00477614 0.758063 0.0043948 0.00152865 0.000105926 0.170984 0.00419788 
0.0578756 0.215187 5.29009e-08 0.573666 0.00269381 0.00676397 0.000679443 0.00183142 0.0136299 0.0135374 0.00199181 1.11252e-07 0.0552541 0.0568891 
0.000568601 0.000284287 2.84732e-06 7.82097e-06 0.000196614 8.35518e-06 3.86097e-06 8.72889e-05 0.998498 0.000301793 2.92523e-06 3.02931e-06 1.62718e-05 1.82279e-05 
0.712431 0.10601 4.31097e-06 7.16141e-05 0.0887404 4.16802e-05 0.00919267 0.0189835 0.00931712 0.0454232 0.000207825 0.000118107 0.00867469 0.000784012 
0.0297384 0.000685564 2.0303e-06 1.17498e-05 0.125425 3.39526e-05 0.000474982 0.0599291 0.00583172 0.0368979 0.00660256 0.00112787 0.0221589 0.71108 
0.160384 0.15172 4.54536e-06 1.68066e-05 0.0088081 0.000179007 0.00270737 0.0114836 0.574088 0.0421744 0.0115601 0.000474084 0.0361963 0.000203331 
0.929675 0.0025647 2.54479e-13 6.98999e-13 0.0511547 8.43897e-05 0.000556582 3.34212e-05 0.000984279 0.0129015 1.3881e-08 5.41539e-05 0.00172509 0.000265962 
0.00332002 0.137733 2.88906e-11 0.594208 0.184109 0.00967909 0.00166812 0.00019152 0.0504294 0.00546467 8.44905e-07 0.00213728 0.0110584 8.21323e-07 
0.0841655 0.0155085 9.04169e-08 7.22731e-05 0.171013 0.114575 0.117393 0.000996576 0.218914 0.0854176 6.77054e-05 0.0021266 0.187598 0.00215162 
0.157959 7.69656e-05 4.57306e-12 9.66366e-07 0.00223711 0.0534488 0.000324581 0.000630414 0.598967 0.160635 0.000766399 0.000410468 0.024282 0.000261793 
0.0297384 0.000685564 2.0303e-06 1.17498e-05 0.125425 3.39526e-05 0.000474982 0.0599291 0.00583172 0.0368979 0.00660256 0.00112787 0.0221589 0.71108 
0.166562 0.110329 2.95716e-10 7.28273e-06 0.0155503 6.51224e-06 7.62196e-05 1.32854e-07 0.662385 0.0221459 1.35986e-08 0.000200719 0.0194415 0.00329524 
0.28151 0.000226008 1.2523e-09 9.03478e-06 3.93361e-05 0.0225913 0.000941522 0.0641879 0.00320181 0.521184 0.0129804 1.89981e-06 0.0931273 5.63721e-08 
0.23638 0.0993937 1.95809e-08 1.1115e-06 0.0196368 7.26403e-05 0.000701901 5.64271e-05 0.0832768 0.556441 0.000262528 7.80922e-05 0.00315354 0.000545457 
0.00830271 1.42583e-09 2.50192e-10 1.6558e-05 0.00260091 6.82049e-09 8.98386e-05 0.000127278 0.000790449 0.000126054 0.00251489 9.00568e-05 0.000239134 0.985102 
0.482099 0.198073 3.56333e-05 0.000655157 0.0711899 0.000440375 0.0109617 0.00593804 0.017074 0.196448 0.000158959 0.00294379 0.0138962 8.64137e-05 
0.875046 0.0123954 2.20478e-07 1.59898e-05 0.0193459 1.56532e-05 0.00255634 4.64186e-06 0.000650724 0.0881623 4.12623e-05 5.81391e-05 0.00170124 5.95162e-06 
0.25161 0.0121298 3.61642e-08 2.12262e-07 0.0123709 3.64551e-05 0.000470704 1.13806e-07 0.479767 0.235528 0.00678816 8.43561e-07 0.00114988 0.000147906 
0.223428 0.0530971 0.00132948 0.0157472 0.269721 0.0941042 0.0229392 0.00805588 0.100853 0.0839394 0.0159124 0.0132678 0.0880622 0.00954267 
0.0172769 0.00776125 1.73123e-08 2.15527e-05 0.00593608 0.135384 0.004914 0.00731 0.78277 0.0218024 0.000138715 0.00076703 0.0158333 8.50014e-05 
0.00332002 0.137733 2.88906e-11 0.594208 0.184109 0.00967909 0.00166812 0.00019152 0.0504294 0.00546467 8.44905e-07 0.00213728 0.0110584 8.21323e-07 
0.0155899 0.000378053 2.13417e-06 6.18407e-05 0.00353995 0.00879644 0.00698207 0.0297546 0.0235816 0.0443507 0.0476258 0.00011342 0.818837 0.000386059 
0.00251306 4.3124e-05 2.19729e-07 3.94169e-06 0.0144162 1.29923e-05 4.74125e-05 0.0740021 0.887615 0.00107956 2.37903e-05 0.000110935 0.0200894 4.20106e-05 
0.700465 0.000142766 6.39093e-13 6.3902e-09 0.000828392 0.000161327 0.000425457 4.35711e-08 0.025122 0.259881 0.000531177 1.41277e-05 0.0124277 3.98591e-07 
0.328264 0.126599 2.70767e-11 2.63331e-05 1.25277e-05 0.0025127 0.000371088 0.0314439 0.292238 0.0893889 0.000161748 3.59326e-05 0.128881 6.52871e-05 
0.351068 0.0149557 2.04862e-12 2.19513e-08 0.00202094 1.98985e-07 1.93902e-07 7.84308e-05 0.51631 0.104242 0.00118211 6.08116e-08 0.0100721 7.0188e-05 
0.0091491 0.001924 2.76862e-12 8.37505e-06 0.000987603 0.957905 0.000453574 6.47862e-05 0.0013418 0.0264049 2.31447e-05 7.50661e-06 0.00133554 0.000394263 
0.684562 0.000673966 6.14514e-13 0.000217455 0.0288828 0.059015 0.00180816 0.00543102 0.152353 4.29236e-07 0.00775016 0.00598113 0.0507688 0.00255594 
0.0453829 0.0349701 2.66663e-07 0.000246665 0.00811772 4.5726e-06 0.000951341 0.120741 0.0291577 0.00610213 0.0679441 6.11565e-07 0.667599 0.0187817 
0.00545514 0.000139825 7.07548e-11 1.94348e-10 0.000489402 2.07623e-10 6.18761e-07 3.30204e-07 0.937808 0.00997316 0.00418545 0.000379065 0.0415695 1.56583e-10 
0.0222936 0.0145874 6.37475e-10 0.000150618 0.157835 3.41048e-05 8.51664e-05 0.0169787 0.428427 0.200918 0.00605573 5.81389e-07 0.152503 0.000131851 
0.0823043 0.0416618 6.38338e-06 1.26652e-05 0.100911 0.417755 0.00654867 0.000137805 0.20277 0.0921115 0.00192155 0.0456699 0.00799918 0.000189647 
0.0254521 7.85231e-05 2.72996e-06 8.3361e-06 0.000136155 0.845145 0.000249405 0.0196693 0.000501028 0.011779 0.00222928 1.26157e-05 0.094621 0.000115832 
0.0130411 1.67804e-08 3.72031e-13 1.09343e-07 0.000737102 0.0100603 9.2583e-05 0.10061 0.0209137 5.45167e-07 0.0115271 9.14359e-09 0.843018 6.17574e-09 
0.904695 0.0020004 3.68513e-09 3.76749e-05 0.00203379 0.00163283 0.000870362 0.0385953 0.000509181 0.00932809 0.000378605 2.69943e-05 0.0398885 3.0726e-06 
0.923253 0.0118743 2.94718e-08 2.71517e-05 0.0130757 0.00130314 0.000653297 0.00185828 0.00109563 0.0246964 0.000350409 3.62881e-05 0.0217733 3.45883e-06 
0.223074 0.000410399 4.5427e-06 0.000426343 0.0022652 4.10171e-05 0.0649843 0.001926 0.301137 0.000713292 0.00755832 0.0141938 0.361942 0.0213243 
0.0153827 1.15822e-05 7.93347e-09 2.17915e-08 0.000195851 0.00111746 0.00088968 0.00175706 0.00168449 0.974757 0.00118836 3.88348e-05 0.00296861 8.79613e-06 
0.0526521 0.0611346 6.85469e-07 0.00324379 0.0440646 9.25337e-07 0.00764783 0.00056375 0.552328 0.137481 0.00494841 0.00131561 0.13447 0.000148206 
0.762012 0.0374613 2.03664e-05 0.000187928 0.0331035 0.000272986 0.00232106 0.024321 0.015277 0.116029 0.000366583 0.000468939 0.00788932 0.000268666 
0.0297384 0.000685564 2.0303e-06 1.17498e-05 0.125425 3.39526e-05 0.000474982 0.0599291 0.00583172 0.0368979 0.00660256 0.00112787 0.0221589 0.71108 
0.0681342 0.0223939 3.2024e-05 0.00122935 0.0255838 0.0461415 0.00115666 0.32094 0.015888 0.0854783 0.0124317 4.8182e-05 0.400424 0.000118628 
0.0303949 2.54083e-05 4.84285e-12 1.62504e-06 0.00207792 0.0024584 2.58659e-05 0.0242372 0.0126918 0.00118649 0.59328 1.01293e-05 0.333611 1.80964e-09 
0.0297384 0.000685564 2.0303e-06 1.17498e-05 0.125425 3.39526e-05 0.000474982 0.0599291 0.00583172 0.0368979 0.00660256 0.00112787 0.0221589 0.71108 
2.39597e-05 0.161626 3.57405e-08 2.04967e-05 0.00205946 0.000295331 2.64824e-05 0.0017402 0.00449386 3.63739e-06 3.67185e-08 3.80248e-08 0.82971 7.90952e-08 
0.272371 0.0637007 0.000316288 0.00120377 0.0915193 0.0303274 0.0124108 0.070185 0.113316 0.0628599 0.0134077 0.000770223 0.187838 0.0797741 
0.0297384 0.000685564 2.0303e-06 1.17498e-05 0.125425 3.39526e-05 0.000474982 0.0599291 0.00583172 0.0368979 0.00660256 0.00112787 0.0221589 0.71108 
0.879611 0.00683445 1.48633e-08 1.13464e-06 0.000139514 0.000185484 0.00044157 0.000490981 0.0455046 0.0514707 0.00154279 1.67774e-05 0.0137562 4.47754e-06 
0.0390464 0.000685284 4.55838e-08 4.14861e-05 0.00168902 0.0111524 6.89801e-05 0.00311927 0.00325618 0.0218358 0.00423595 3.16121e-05 0.914836 1.41128e-06 
0.221462 0.0115496 0.00144736 0.0571159 0.158607 0.0101502 0.0043655 0.101185 0.0563197 0.0390927 0.00971357 0.221294 0.07346 0.0342373 
0.904695 0.0020004 3.68513e-09 3.76749e-05 0.00203379 0.00163283 0.000870362 0.0385953 0.000509181 0.00932809 0.000378605 2.69943e-05 0.0398885 3.0726e-06 
0.00211133 2.84592e-05 1.73618e-09 3.3443e-08 0.000698606 1.17726e-05 5.91152e-07 2.20405e-06 0.938165 0.0482946 0.00394091 0.000239854 0.00623778 0.000269055 
0.0691222 0.134275 5.42924e-09 2.16095e-07 0.0231759 5.06493e-06 0.00890492 3.32228e-07 0.570712 0.173688 0.0147443 0.000872279 0.000771125 0.00372874 
0.904695 0.0020004 3.68513e-09 3.76749e-05 0.00203379 0.00163283 0.000870362 0.0385953 0.000509181 0.00932809 0.000378605 2.69943e-05 0.0398885 3.0726e-06 
0.208358 0.37553 7.07159e-05 0.000426843 0.0269829 0.000179204 0.0233813 0.00443018 0.17195 0.151537 0.00211465 0.000287973 0.034632 0.000118654 
0.0370834 0.000794137 1.68615e-06 5.40088e-06 0.000618012 0.0175607 0.00238144 0.00304257 0.814749 0.0265353 0.0266946 0.000378435 0.0688235 0.00133226 
0.0959694 0.00210947 0.000128469 0.000193359 0.0235665 0.0133096 0.000886719 0.0027798 0.467488 0.0274486 0.101551 0.0610209 0.203405 0.000143864 
0.128491 0.0584281 1.13005e-07 0.00519062 0.0228922 0.0130905 0.000463323 0.0122592 0.137552 0.32526 0.0111071 0.000311404 0.284459 0.000496 
0.0151873 0.000200781 1.84166e-07 1.06865e-06 0.00674235 0.00179856 0.000224721 0.000120201 0.705565 0.102929 0.0201903 0.000115299 0.145607 0.00131841 
0.0004053 0.00011496 1.20177e-07 3.30101e-07 0.0217634 3.52648e-07 5.84136e-05 8.02203e-05 0.083865 0.000238636 0.631775 1.27858e-07 0.261688 1.01445e-05 
7.69002e-07 8.93169e-08 6.91422e-10 6.2745e-07 4.64981e-07 0.000122039 2.95312e-06 2.05735e-07 0.998661 3.00504e-09 7.10342e-10 0.000597211 0.000613906 8.90938e-07 
0.0314557 0.00102826 5.77331e-06 0.768774 0.0214462 0.00321393 0.00102359 0.0141827 0.00684714 0.0448819 0.0067422 0.000211125 0.100165 2.27499e-05 
0.0091491 0.001924 2.76862e-12 8.37505e-06 0.000987603 0.957905 0.000453574 6.47862e-05 0.0013418 0.0264049 2.31447e-05 7.50661e-06 0.00133554 0.000394263 
0.0668108 0.00155532 4.79192e-07 0.210169 0.00320493 5.95279e-06 0.00169931 6.87384e-05 0.637254 0.0599011 0.00151262 2.15828e-06 0.0178146 1.52532e-06 
0.162402 0.0594654 1.3332e-05 0.000393726 0.0661938 0.0319578 0.00406605 0.000510955 0.467038 0.156456 0.00304787 0.00754855 0.0400983 0.000807809 
0.00866876 2.40028e-06 3.76739e-10 7.02183e-08 0.000532738 0.0294948 0.000151029 0.000279296 0.428649 0.0162924 8.95137e-08 0.00183082 0.514098 4.48805e-07 
0.0763214 0.029118 3.04087e-05 6.08554e-05 0.625742 0.00028545 0.0250237 0.00874571 0.0455279 0.138015 0.0212469 0.000163903 0.0260343 0.0036837 
0.031555 0.00274034 1.19376e-07 3.78933e-07 0.0625322 0.000680675 0.00125878 0.000192549 0.620478 0.0383396 0.180209 0.00104312 0.0497972 0.0111734 
0.938268 0.000205798 1.84902e-09 5.29993e-05 0.000474442 0.00271409 0.000187563 0.00474675 0.000909759 0.0079827 0.000214728 2.28722e-05 0.044213 7.26019e-06 
0.117202 0.0400241 2.10257e-07 1.22861e-06 0.033264 6.83343e-06 3.52992e-05 6.57272e-07 0.808469 5.94189e-05 1.88259e-06 4.86541e-06 0.000920337 9.95661e-06 
0.607875 0.105842 1.45859e-10 4.01043e-07 0.0467823 2.67509e-05 0.000669285 7.20241e-07 0.0307044 0.113386 0.011146 3.26035e-07 0.0835679 3.22792e-10 
0.0390464 0.000685284 4.55838e-08 4.14861e-05 0.00168902 0.0111524 6.89801e-05 0.00311927 0.00325618 0.0218358 0.00423595 3.16121e-05 0.914836 1.41128e-06 
0.704415 0.0432093 2.74942e-10 9.9729e-05 0.018307 0.000174074 0.000988194 0.000326348 0.0050574 0.199115 0.000298051 5.50451e-08 0.027738 0.000271825 
0.107161 0.161879 7.37789e-05 0.156124 0.193026 0.000912536 0.100094 0.0191635 0.142459 0.0682039 0.00473064 0.000232356 0.043303 0.00263801 
0.0091491 0.001924 2.76862e-12 8.37505e-06 0.000987603 0.957905 0.000453574 6.47862e-05 0.0013418 0.0264049 2.31447e-05 7.50661e-06 0.00133554 0.000394263 
0.0197895 0.000223842 1.13686e-06 1.66072e-05 0.0629013 2.05263e-05 0.000282053 0.0343668 0.00255539 0.0129993 0.00411364 0.000653987 0.0124288 0.849647 
0.000271753 0.037761 4.10826e-10 0.92079 0.00377422 8.89487e-07 0.0358105 4.48866e-05 0.000172611 3.15722e-05 7.98728e-06 8.12609e-07 0.00133381 3.22891e-07 
0.0370549 0.00265998 1.02012e-05 0.000611997 0.0797518 0.00194639 0.000240097 0.0813258 0.604983 0.12511 0.00243539 0.000215839 0.0631837 0.000470529 
0.347456 0.000786937 3.35954e-08 0.000932769 0.0930011 0.0154386 0.00488494 0.0364372 0.034149 0.323511 0.00516132 0.0280428 0.110117 8.20695e-05 
0.373674 0.0132489 2.40347e-05 9.97253e-05 0.0192518 0.0067049 0.00109371 0.0214027 0.00783633 0.0391424 0.00187529 0.000297418 0.515251 9.76164e-05 
0.00510859 0.000805974 1.12106e-10 5.33886e-06 0.019436 0.0313884 4.26597e-08 0.00152308 0.877718 0.000992933 0.0255938 0.00045568 0.0369446 2.77933e-05 
0.00374297 7.14066e-10 1.50458e-10 1.87833e-05 0.00459373 3.41608e-09 3.64501e-05 0.000235972 6.7199e-05 2.01606e-05 0.00025119 9.55581e-05 0.00034192 0.990596 
0.263629 0.000134755 1.00303e-06 2.35874e-05 3.61431e-05 0.00248741 0.000844898 0.42954 0.0155847 0.177236 0.00694511 1.81506e-05 0.103513 5.91841e-06 
0.0816142 0.0652091 3.38314e-08 0.0141791 0.012931 0.000317665 0.0167321 0.000550966 0.00861344 0.759863 0.00204687 3.76201e-06 0.0379182 2.09438e-05 
0.923253 0.0118743 2.94718e-08 2.71517e-05 0.0130757 0.00130314 0.000653297 0.00185828 0.00109563 0.0246964 0.000350409 3.62881e-05 0.0217733 3.45883e-06 
0.0726833 0.000295175 2.03277e-07 0.000103731 0.0522633 0.0547539 0.00157502 0.000821954 0.0123945 0.0551468 0.124382 0.000286508 0.624679 0.000615049 
0.323605 0.0013185 5.45023e-05 0.000101951 0.029287 0.000603149 0.0645013 0.00150908 0.166573 0.128384 0.0144846 0.000116255 0.269304 0.000157647 
0.61503 0.0151897 3.5403e-06 5.52127e-06 0.126593 2.17297e-05 0.00629422 0.000268282 0.000566947 0.164651 0.000436327 0.0662201 0.0045244 0.000195545 
0.111882 1.07025e-08 7.04569e-13 1.08396e-08 0.000127014 0.199541 0.00568161 0.00572596 0.178938 0.300255 0.000418328 7.1063e-08 0.19694 0.00048995 
0.00176716 0.0628203 4.79265e-08 0.91523 0.00587472 4.67766e-05 0.00543877 0.00026719 0.00033901 0.000331717 0.000102622 2.89066e-06 0.00777796 7.09283e-07 
0.0357377 0.000651382 3.43613e-08 2.52096e-05 0.00166316 0.00608086 6.67752e-05 0.00262314 0.00301966 0.018021 0.00390583 2.74696e-05 0.928177 1.18971e-06 
0.429481 0.000255227 1.85643e-10 1.99119e-07 0.00134833 0.000223156 0.000183876 9.97832e-09 0.0483565 0.493315 0.000754771 2.82715e-05 0.0260534 4.31298e-09 
0.297353 0.000275476 5.31078e-14 1.56089e-08 0.000812346 0.00208044 4.40373e-05 0.25815 0.0092594 0.321434 0.00282762 9.00759e-06 0.107755 8.81594e-10 
0.140116 0.115982 0.000190646 0.0107133 0.0779925 0.0104978 0.00177411 0.0256891 0.371712 0.132681 0.00396333 0.0143666 0.0939459 0.000376256 
0.104153 0.0587998 0.000105756 0.000125316 0.0446019 0.00140782 0.00993649 0.00128068 0.593184 0.0448054 0.028417 0.00254004 0.0136235 0.097019 
0.00374297 7.14066e-10 1.50458e-10 1.87833e-05 0.00459373 3.41608e-09 3.64501e-05 0.000235972 6.7199e-05 2.01606e-05 0.00025119 9.55581e-05 0.00034192 0.990596 
0.00546064 1.18796e-06 1.53129e-08 4.20613e-08 0.00190044 2.45002e-06 0.00374243 5.27961e-06 0.933411 0.00697628 0.010158 1.75359e-05 0.0215382 0.0167863 
0.923253 0.0118743 2.94718e-08 2.71517e-05 0.0130757 0.00130314 0.000653297 0.00185828 0.00109563 0.0246964 0.000350409 3.62881e-05 0.0217733 3.45883e-06 
0.712431 0.10601 4.31097e-06 7.16141e-05 0.0887404 4.16802e-05 0.00919267 0.0189835 0.00931712 0.0454232 0.000207825 0.000118107 0.00867469 0.000784012 
0.510253 0.00134012 4.11051e-12 8.67997e-09 0.00197575 6.00634e-05 0.000200214 0.0058826 0.0220881 0.136514 0.00975091 1.49954e-06 0.311934 1.44338e-07 
8.8624e-05 6.13908e-05 1.80231e-08 1.62742e-07 0.0109745 0.000452514 3.29885e-05 0.000140534 0.96187 0.00860957 0.00301455 0.00327131 0.00412231 0.00736134 
0.0578756 0.215187 5.29009e-08 0.573666 0.00269381 0.00676397 0.000679443 0.00183142 0.0136299 0.0135374 0.00199181 1.11252e-07 0.0552541 0.0568891 
0.24816 0.00826593 1.06764e-12 8.47859e-06 8.47451e-05 0.00036283 0.00810892 0.0268357 0.021414 0.624908 0.00209897 4.62685e-06 0.0596513 9.61397e-05 
0.119876 0.0279932 1.31044e-11 3.13064e-07 0.00625544 0.000607961 0.000644152 0.00623867 0.552424 0.182364 0.00183963 0.00192101 0.00629302 0.0935424 
0.15606 0.0410512 8.17907e-07 4.50508e-06 0.0122527 0.000958192 0.000208571 0.00661347 0.0112338 0.673207 3.85165e-05 1.13099e-05 0.0983556 4.6256e-06 
0.0156448 0.0087483 1.01009e-06 1.98099e-06 0.212514 6.35635e-05 0.000124663 0.0141385 0.37048 0.164009 0.00213691 0.000322539 0.20914 0.00267396 
0.429481 0.000255227 1.85643e-10 1.99119e-07 0.00134833 0.000223156 0.000183876 9.97832e-09 0.0483565 0.493315 0.000754771 2.82715e-05 0.0260534 4.31298e-09 
0.0297384 0.000685564 2.0303e-06 1.17498e-05 0.125425 3.39526e-05 0.000474982 0.0599291 0.00583172 0.0368979 0.00660256 0.00112787 0.0221589 0.71108 
0.326141 0.00806668 9.53739e-07 1.00489e-06 0.0206472 6.22693e-06 0.00417881 0.0412296 0.0088856 0.479913 0.0583487 5.17011e-05 0.0525109 1.82986e-05 
0.00774359 0.0162083 5.0265e-11 0.638681 0.00455829 0.0036969 0.0178571 0.0011961 0.00604012 0.0194443 9.86894e-05 3.26021e-05 0.284431 1.19812e-05 
0.00318236 7.56956e-10 1.38927e-10 7.51798e-06 0.00313111 3.62121e-09 1.45862e-05 0.000147555 9.38398e-05 3.51333e-05 0.000100491 8.27662e-05 0.000136776 0.993068 
0.904695 0.0020004 3.68513e-09 3.76749e-05 0.00203379 0.00163283 0.000870362 0.0385953 0.000509181 0.00932809 0.000378605 2.69943e-05 0.0398885 3.0726e-06 
0.00778647 0.00210623 9.52969e-07 3.63506e-05 0.0408127 1.28659e-06 0.00344498 0.000713926 0.747335 0.156674 0.00925695 3.62133e-05 0.0301067 0.00168776 
0.902012 0.000945003 2.05783e-08 2.21574e-08 0.000807474 0.00248181 0.00012121 0.00383617 0.000757105 0.0441588 8.75505e-05 8.12244e-06 0.0447837 1.06169e-06 
0.078087 0.0101996 2.8509e-10 0.000450968 0.0109403 0.0161339 0.00139752 0.00145191 0.404314 0.411972 0.00337246 0.000417761 0.0605446 0.000717708 
0.0578756 0.215187 5.29009e-08 0.573666 0.00269381 0.00676397 0.000679443 0.00183142 0.0136299 0.0135374 0.00199181 1.11252e-07 0.0552541 0.0568891 
0.587601 0.0609564 1.40038e-07 2.65051e-07 0.00594558 0.000129436 0.000823615 0.00771703 0.05342 0.276338 0.000585448 1.03728e-05 0.0064712 1.06482e-06 
0.869768 0.0206047 1.71863e-09 8.08875e-05 0.0428261 0.000422306 0.000201205 0.0349357 0.0056435 0.0201739 1.6827e-08 0.000321111 0.0045123 0.000510364 
0.107126 0.340105 1.7986e-05 0.000805899 0.0255749 4.39016e-05 0.00736394 7.03724e-05 0.00448158 0.509019 3.71348e-05 0.00353639 0.00175311 6.41569e-05 
0.429481 0.000255227 1.85643e-10 1.99119e-07 0.00134833 0.000223156 0.000183876 9.97832e-09 0.0483565 0.493315 0.000754771 2.82715e-05 0.0260534 4.31298e-09 
0.52453 0.0213833 2.80841e-05 0.000153427 0.0481174 0.000108431 0.00165445 0.0253604 0.00464029 0.00392082 0.000473933 0.000316103 0.00325827 0.366055 
0.91734 6.47055e-05 1.05208e-12 1.05211e-08 0.00092252 0.000161066 0.000619065 3.86784e-08 0.000484531 0.0792248 0.000211383 4.68089e-06 0.000967125 1.24509e-07 
0.265476 0.150927 0.000652371 0.0097492 0.038386 0.0039256 0.0346079 0.00901638 0.0748256 0.345809 0.00437727 0.00129008 0.0551038 0.00585345 
0.336071 5.18838e-05 6.73588e-13 5.81963e-09 0.000710524 0.0107555 0.000930424 0.0144873 0.0297849 0.569416 0.00253491 7.23399e-05 0.0351825 2.61061e-06 
0.00318236 7.56956e-10 1.38927e-10 7.51798e-06 0.00313111 3.62121e-09 1.45862e-05 0.000147555 9.38398e-05 3.51333e-05 0.000100491 8.27662e-05 0.000136776 0.993068 
0.617837 0.284054 1.33526e-06 1.37372e-05 0.021297 0.000180287 0.00488533 1.22787e-05 0.0114564 0.0599358 5.13258e-05 7.21292e-05 9.04667e-05 0.000112956 
0.0247597 0.0111398 0.000109823 0.00150276 0.0381774 0.00380042 0.00311236 0.00197089 0.0417023 0.0780707 0.00411797 0.779147 0.0122778 0.000111414 
0.540697 0.336726 2.32853e-06 1.48566e-05 0.0332458 0.000146475 0.00743903 0.000530728 0.00834484 0.0716682 0.000147219 5.66335e-05 0.000859468 0.000121296 
0.0776499 0.00228246 3.38975e-12 2.09451e-09 1.17882e-08 2.97832e-05 0.000617865 0.00888385 0.0238372 0.866276 0.000264345 1.93162e-05 0.0201231 1.57664e-05 
0.0392762 5.29929e-05 1.19179e-09 4.2166e-05 0.00213059 0.225286 0.0014368 0.00996197 0.541978 0.0809342 0.00508776 0.00122369 0.0920294 0.000560647 
0.644078 0.00225132 8.85978e-07 1.41816e-05 0.0173389 0.000119581 0.0143193 0.000151952 0.00800593 0.263848 0.00288762 4.50136e-05 0.0469334 6.20403e-06 
0.694997 0.138572 5.34665e-07 4.29642e-06 0.083123 0.000174177 0.00923336 0.000355801 0.00698566 0.0654226 0.000232408 6.01711e-05 0.000732276 0.000107193 
0.0381693 0.000660584 3.64783e-06 0.0225515 0.00521031 0.0262624 4.77064e-05 0.348445 0.0009036 0.0112652 0.0142091 8.95637e-05 0.532173 9.61446e-06 
0.00331671 1.43125e-05 4.98258e-07 1.19657e-05 0.00472856 2.63942e-06 3.03467e-05 0.000852955 0.000222768 2.51027e-05 7.26454e-05 0.000118431 0.000127645 0.990475 
0.133607 4.66593e-05 8.66724e-08 0.0005131 0.000739577 0.0773497 0.0327386 0.225494 0.060973 0.0198753 0.0799914 0.146706 0.161243 0.0607227 
0.00332002 0.137733 2.88906e-11 0.594208 0.184109 0.00967909 0.00166812 0.00019152 0.0504294 0.00546467 8.44905e-07 0.00213728 0.0110584 8.21323e-07 
0.08679 0.0182907 9.40927e-07 0.000835515 0.00304531 0.00316375 0.000959441 0.0335284 0.638902 0.134395 0.00222196 0.000308088 0.0770241 0.000534753 
0.28151 0.000226008 1.2523e-09 9.03478e-06 3.93361e-05 0.0225913 0.000941522 0.0641879 0.00320181 0.521184 0.0129804 1.89981e-06 0.0931273 5.63721e-08 
0.262862 0.626938 5.83084e-10 1.6016e-09 6.84316e-07 1.711e-09 1.71581e-05 1.04723e-06 0.000457142 0.109719 2.45666e-06 6.20351e-10 2.50397e-06 1.29039e-09 
0.00789333 0.000142036 6.35965e-09 0.364653 0.0101728 3.3167e-05 0.000185731 0.000726917 0.0472058 0.23357 0.000269852 0.000333047 0.334814 1.42649e-07 
0.290676 0.00369911 5.69473e-09 4.53348e-07 0.000360074 0.00184748 0.000236886 7.17666e-05 0.0309902 0.64149 0.0214157 4.46319e-05 0.00807575 0.00109233 
0.0767637 0.0154983 8.60855e-10 2.36458e-09 0.0555516 2.52609e-09 0.012632 3.19594e-09 0.823961 0.00631388 0.00104325 0.000569034 0.00766658 2.11787e-07 
0.923253 0.0118743 2.94718e-08 2.71517e-05 0.0130757 0.00130314 0.000653297 0.00185828 0.00109563 0.0246964 0.000350409 3.62881e-05 0.0217733 3.45883e-06 
0.144579 0.000668964 5.33513e-07 1.49804e-05 0.000873877 0.0151807 0.0136491 0.0337763 0.00325057 0.0498945 0.0670674 4.66304e-06 0.671039 7.20349e-07 
0.300595 0.00166605 2.44977e-08 0.00261984 0.00244037 0.0289215 0.00249606 0.187193 0.0240691 0.168336 0.0163815 0.000565911 0.264532 0.000183687 
0.0657642 0.00814601 4.78965e-08 1.24844e-06 0.00809637 0.0275548 0.00231538 8.97931e-05 0.563766 0.246111 0.000846035 0.000227776 0.0559622 0.0211188 
0.00332002 0.137733 2.88906e-11 0.594208 0.184109 0.00967909 0.00166812 0.00019152 0.0504294 0.00546467 8.44905e-07 0.00213728 0.0110584 8.21323e-07 
