0.033966 0.000588985 0.00989005 1.76485e-06 0.174997 0.000253052 0.00878018 0.0478077 0.047948 0.11635 0.00966796 0.00127332 0.0187207 0.529755 
0.0894364 0.0494519 1.88293e-06 7.90336e-07 0.00716222 0.000228217 0.00015905 0.000386226 0.421043 0.178358 0.0893942 9.93685e-05 0.164035 0.000243646 
0.00248711 0.00010163 8.86753e-06 1.33733e-06 0.000973198 0.979271 0.000132573 0.00311217 0.00579802 0.0033455 0.000166285 0.000858189 0.0034597 0.000284431 
0.076383 0.0053065 0.0010239 4.08834e-05 0.154179 0.0758268 0.00127729 0.00222823 0.298825 0.204689 0.00350434 0.13415 0.0423269 0.000239825 
0.0624882 0.0106965 0.00614527 0.000161197 0.0133006 0.087422 0.011411 0.0782766 0.0345028 0.0644016 0.114138 0.00351303 0.51255 0.00099308 
0.0462025 0.0587389 0.000520287 1.55814e-06 0.444565 0.00886102 0.000666517 0.0701509 0.188997 0.100892 0.00480848 0.002022 0.0735447 2.90218e-05 
0.076491 0.00434227 0.00823016 2.80097e-09 0.115815 1.12186e-07 0.0197471 0.00152264 0.120996 0.0479027 0.469251 1.50055e-06 0.131198 0.00450256 
0.0127325 0.265941 1.59977e-05 2.03718e-06 0.0128984 4.19499e-05 2.272e-06 8.50685e-05 0.634912 0.0405133 0.00762586 0.00014555 0.0221211 0.00296306 
0.071802 0.00172999 8.00739e-05 8.47485e-09 0.0370012 0.121402 5.58035e-05 0.0345369 0.123238 0.186581 0.0363438 0.000407707 0.386736 8.56633e-05 
0.161739 0.00782775 0.00477061 3.30917e-08 0.0271717 0.000537543 0.000747127 0.000113605 0.752558 0.0102458 0.000234022 0.000155642 0.0139695 0.0199299 
0.0417506 0.025527 0.0168095 2.48562e-09 0.374622 9.66656e-05 0.000969286 7.85263e-07 0.450684 0.077579 0.00483851 1.46329e-07 0.00712066 9.8801e-07 
0.0473336 0.00718426 0.0111153 4.06128e-05 0.0775673 0.000191811 0.00366697 0.00353362 0.734847 0.0729306 0.0170397 0.00459756 0.0198212 0.000130597 
0.672405 0.00525556 6.21695e-09 3.98499e-09 0.00117634 0.0277196 0.0709101 0.0396073 0.0161573 0.0927892 0.0068464 4.93189e-05 0.0669937 8.98773e-05 
0.736248 0.0698717 7.89895e-05 1.0789e-05 0.0199752 0.0150982 0.000657895 0.00194211 0.0238781 0.103368 0.000524266 0.000141113 0.0279012 0.000303991 
0.69732 0.00449844 0.000177925 4.15486e-09 0.00177418 0.0198002 0.0729378 0.0282912 0.0182958 0.0990574 0.00880258 3.52389e-05 0.0489454 6.42142e-05 
0.0866359 0.00672186 0.0151332 4.54164e-06 0.789475 0.000543357 0.00147618 1.75897e-05 0.00920398 0.075526 0.00661271 0.00803969 0.000584387 2.52665e-05 
0.534253 0.00528077 3.46902e-05 1.84719e-05 0.00298628 0.00280478 0.0698877 0.00239444 0.0299426 0.30391 0.00418096 3.54743e-05 0.0442107 5.97394e-05 
0.425861 0.340945 0.000112378 1.09295e-10 5.92486e-07 8.24875e-08 0.0354548 1.44876e-07 5.10541e-07 0.185889 0.00225644 2.71671e-07 0.00947979 3.04624e-09 
0.00986203 0.000103172 0.00269505 4.21477e-08 0.0200044 0.000122877 9.4786e-05 0.000268195 0.0754297 0.0185592 0.837147 1.36202e-06 0.0357108 1.30388e-06 
0.00248711 0.00010163 8.86753e-06 1.33733e-06 0.000973198 0.979271 0.000132573 0.00311217 0.00579802 0.0033455 0.000166285 0.000858189 0.0034597 0.000284431 
0.159021 0.201541 0.000576859 3.80376e-10 0.017918 0.00134692 0.0075211 3.31827e-05 0.248282 0.354787 7.3383e-05 0.000438703 0.00503206 0.00342862 
0.25881 0.0615283 0.00310181 0.00020328 0.0337091 0.00249846 0.133297 0.0535739 0.0754005 0.0428573 0.0200654 0.0002669 0.309504 0.00518446 
0.00248711 0.00010163 8.86753e-06 1.33733e-06 0.000973198 0.979271 0.000132573 0.00311217 0.00579802 0.0033455 0.000166285 0.000858189 0.0034597 0.000284431 
0.175722 0.0332533 0.0418392 2.16125e-05 0.0103821 0.000126313 0.0049821 0.00827879 0.176527 0.432049 0.030538 0.000121882 0.0856838 0.00047437 
0.0146636 0.0342439 0.0216674 7.95297e-05 0.266455 0.0641743 0.00769432 0.0200469 0.270972 0.138691 0.0253075 0.00212979 0.122533 0.0113419 
0.153001 0.0216267 0.00682251 4.27916e-07 0.0109736 9.19133e-06 0.00572298 0.00280041 0.243577 0.402221 0.0100229 6.05566e-05 0.130503 0.0126589 
0.455162 0.00618313 0.0050709 6.41608e-10 7.81624e-07 0.000110763 0.0842291 3.8536e-06 0.000894301 0.387387 0.0324657 5.14617e-09 0.0284924 2.52147e-08 
0.033966 0.000588985 0.00989005 1.76485e-06 0.174997 0.000253052 0.00878018 0.0478077 0.047948 0.11635 0.00966796 0.00127332 0.0187207 0.529755 
0.363762 0.109345 0.000336551 3.75485e-05 0.00938808 0.002736 0.0064918 0.00926489 0.319932 0.142669 0.00331126 0.000115981 0.0191505 0.0134591 
0.722669 0.0479834 0.0034666 6.63478e-05 0.0204353 0.00511516 0.0068689 0.0378423 0.0335897 0.0851882 0.00730978 0.000188327 0.0284334 0.000843705 
0.306416 0.0322878 0.0432148 0.000436558 0.0575145 0.00391543 0.00601231 0.0165051 0.0202273 0.460675 0.0105684 0.00272089 0.0334043 0.0061016 
0.121244 0.00836484 0.00200583 3.52986e-06 0.0294808 0.000146985 0.0434309 0.0143317 0.24597 0.509437 0.00367204 0.000353912 0.0191926 0.00236655 
0.00248711 0.00010163 8.86753e-06 1.33733e-06 0.000973198 0.979271 0.000132573 0.00311217 0.00579802 0.0033455 0.000166285 0.000858189 0.0034597 0.000284431 
0.131598 0.00114185 0.00383989 1.25904e-05 0.142801 0.00435461 0.000772139 0.0504998 0.0361113 0.497189 0.0110161 3.21432e-05 0.119919 0.000712029 
0.0615608 0.00569603 0.0241104 1.70927e-06 0.0438291 0.000324927 0.0458215 0.516663 0.155154 0.0780464 0.00734051 0.00010055 0.0582564 0.00309454 
0.0458171 0.14035 0.583022 5.02496e-07 0.007266 5.80474e-07 0.032834 0.000491077 0.0207834 0.122635 0.0202108 9.36933e-05 0.0256847 0.000810772 
0.315687 0.0023006 8.83578e-05 2.61943e-05 0.0296994 0.0300826 0.00298356 0.0430359 0.267515 0.215628 0.00155989 0.0010409 0.0902165 0.000135145 
0.0549527 0.0338373 0.0461716 6.2709e-06 0.0289132 0.000199921 0.003304 0.00910667 0.183607 0.194609 0.0624564 0.000157278 0.382658 2.1046e-05 
0.61213 0.00416468 0.0268068 4.60213e-06 0.00941321 0.000508441 0.00762616 0.000126269 0.0315849 0.25497 0.000286023 6.86279e-05 0.0521594 0.000151039 
0.00174969 0.0160486 0.00645097 3.95343e-09 0.0137478 6.9675e-07 0.00101873 0.000123471 0.914244 0.00242525 0.0179709 0.000105603 0.00606482 0.0200496 
0.074195 0.0267 0.00229282 0.000147631 0.0108784 0.000432942 0.000663721 0.0454409 0.0648401 0.0276701 0.232127 0.0001978 0.511202 0.00321222 
0.295374 0.0195927 0.00774314 1.15238e-06 0.00668484 7.22314e-06 0.00838591 0.000422383 0.0768731 0.450712 0.0279108 2.47028e-05 0.10624 2.82372e-05 
0.0841826 0.0736769 0.0133354 3.26484e-06 0.109584 0.000170182 0.00277399 0.0013379 0.0393312 0.663057 0.00280939 0.00374616 0.00597876 1.34503e-05 
0.0179694 0.0187579 0.00668257 1.89568e-06 0.476504 0.000403203 0.0079185 0.0418069 0.198569 0.0767411 0.000611826 0.12746 0.0265412 3.27217e-05 
0.364016 0.00359647 0.000147089 3.99528e-05 0.246217 0.0383908 0.015852 0.000708248 0.0016923 0.00978283 0.0097998 0.000826742 0.289079 0.0198526 
0.261515 1.49349e-07 0.000428281 7.99045e-12 3.74496e-07 8.53623e-12 0.00533129 1.26655e-07 1.95146e-06 0.672003 0.033229 6.1283e-08 0.0274908 1.04943e-07 
0.100589 0.0118291 0.0101347 0.000879922 0.294063 0.00108569 0.00148287 0.0193443 0.0283118 0.294187 0.0154893 0.154764 0.0660773 0.00176108 
0.00317137 0.00165175 9.78e-05 2.9154e-07 0.00356929 0.0023357 0.00890927 0.0328848 0.00520186 0.00291371 0.0208296 1.22261e-06 0.918422 1.15899e-05 
0.0361655 0.146262 0.00327338 6.19659e-06 0.0123805 0.000156712 0.0392532 0.00188674 0.254206 0.0413917 3.37082e-05 0.000443521 0.0282177 0.436323 
0.00367755 0.00103517 0.000586802 7.62316e-06 0.0133572 1.29125e-05 0.000602584 0.00773555 0.00323385 0.00548846 0.000410188 0.000598779 0.000476569 0.962777 
0.538684 0.0123953 0.0197376 2.79674e-05 0.0839186 0.0448207 0.0202018 0.00158333 0.0011974 0.246858 0.00391439 0.000339355 0.0255461 0.000775613 
0.0249367 0.000389901 0.000417975 3.61287e-10 0.00131231 1.07653e-05 0.00903133 0.000782984 0.00712392 0.0116463 0.0129265 4.92815e-05 0.931348 2.37698e-05 
0.205209 0.0390335 0.0100014 2.62322e-08 0.00061805 0.00232287 0.04441 0.0267374 0.0389028 0.109367 0.119838 8.72723e-08 0.403487 7.26343e-05 
0.00291127 0.000353786 0.0052289 2.65767e-06 0.00132962 0.000630486 0.0118616 0.0206945 0.795002 0.00548836 0.0123601 1.18724e-05 0.142999 0.00112592 
0.264842 0.185687 0.000171571 5.01911e-07 0.189105 5.41953e-05 0.00679938 0.00411386 0.0100627 0.303371 0.00285458 0.0156578 0.0137164 0.00356523 
0.087372 0.0373604 0.415242 1.88556e-06 0.223032 0.0148969 0.0164134 1.88681e-06 0.128304 0.0668038 1.88658e-06 0.0105666 1.88701e-06 1.88587e-06 
0.113835 0.00273255 0.304703 0.000102877 0.0240802 0.000577884 0.0112954 0.000140835 0.00360192 0.000868428 0.00752206 0.451218 0.0787742 0.000547181 
0.324411 0.00627796 0.0601341 1.43641e-06 0.00623484 0.0231728 0.00944727 0.00132527 0.352499 0.117658 0.00335331 0.000418754 0.0940883 0.000977962 
0.0119479 0.000515444 0.0218852 8.95399e-05 0.0209738 0.0868232 0.0109067 0.0265778 0.506946 0.233714 0.013472 0.000110261 0.0631923 0.00284624 
0.819331 0.000787494 0.00855808 4.68503e-06 0.00435602 0.000874866 0.00325599 0.00321824 0.00371879 0.114649 0.0114308 0.000271428 0.0295234 2.02126e-05 
0.0909539 0.125406 0.38467 0.00206588 0.132063 0.00390752 0.0186194 0.00223331 0.0214251 0.147756 0.00898556 0.00307282 0.054618 0.00422366 
0.0230388 0.000200156 0.000133595 5.08662e-07 0.00165052 0.000336912 0.00326165 0.0229487 0.00477015 0.0107041 0.00631318 2.39379e-05 0.926609 8.53915e-06 
0.104595 0.000347774 0.00258517 2.68831e-06 0.201518 0.0020546 0.000380206 5.31907e-05 0.00766837 0.0113188 0.330773 0.27323 0.0654684 4.84219e-06 
0.0264862 0.00088587 0.00247664 9.99433e-06 0.0846114 0.00358681 0.000106893 0.00358551 0.521194 0.179681 0.0944707 0.000280755 0.082506 0.000118428 
0.0328453 0.132957 0.0225267 1.39202e-08 0.0143508 0.000474185 0.0564234 0.000437662 0.443992 0.0885827 0.0131578 0.000274526 0.0326232 0.161354 
0.191486 0.00270809 0.0468511 5.77787e-09 0.00876838 0.000774161 0.00141587 0.0118711 0.365034 0.159377 0.183433 1.26472e-05 0.0282501 1.86807e-05 
0.513087 0.0206864 0.0550896 1.09529e-07 0.107192 0.00011808 0.00252627 0.0058795 0.00260867 0.286052 0.00178736 0.000178935 0.00475015 4.38065e-05 
0.0551508 0.00108609 0.00192579 1.8839e-06 0.00398461 9.54876e-05 0.00339679 0.0939453 0.0183285 0.0547068 0.035495 3.43312e-05 0.731841 7.47468e-06 
0.0355998 0.002285 0.0308296 1.65263e-11 0.00833159 0.000146692 0.0186002 0.000234506 0.792558 0.0602212 0.00667984 0.00017632 0.0443299 7.71975e-06 
0.400158 0.0380598 0.0049172 4.72315e-05 0.0156108 0.000174079 0.00173245 0.000117138 0.160979 0.330157 0.00647047 0.000129492 0.0402738 0.00117353 
0.0996819 0.00743685 0.00222259 0.000100853 0.0423604 0.0332716 0.00513444 0.0830093 0.197061 0.200031 0.0722628 0.000112976 0.257104 0.000210485 
0.00528704 8.92214e-05 0.00770731 4.8325e-09 0.818309 0.00107545 4.49867e-05 0.00303386 0.0149513 0.00928556 0.000894215 0.131514 0.00630838 0.00149976 
0.105466 0.0307786 4.22312e-06 2.13897e-06 0.0860424 0.0192686 0.000563461 0.0673939 0.421581 0.173793 0.00492641 0.00219331 0.0865183 0.00146929 
0.0108462 0.00171762 0.000149714 1.31885e-05 0.0415636 0.0227908 0.00116343 0.000808223 0.800869 0.00793731 0.0087266 0.00558992 0.0972583 0.000566032 
0.0230279 5.45338e-07 7.34344e-05 7.26373e-09 0.0147314 3.91073e-06 5.32592e-07 9.88858e-07 0.243007 0.718733 4.68852e-06 0.000398735 1.72477e-05 1.27534e-07 
0.208316 0.00711998 0.00438674 0.000147692 0.171322 0.241854 0.00286657 0.00964374 0.10115 0.086354 0.00429838 0.053036 0.106129 0.00337579 
0.00664078 5.35761e-07 2.81143e-07 5.65347e-11 1.5505e-06 0.000243314 4.32687e-08 1.51753e-07 0.973278 0.0128745 3.65565e-07 0.000161047 0.00666695 0.000132496 
0.00248711 0.00010163 8.86753e-06 1.33733e-06 0.000973198 0.979271 0.000132573 0.00311217 0.00579802 0.0033455 0.000166285 0.000858189 0.0034597 0.000284431 
0.0133303 0.0197139 0.0910898 7.38489e-07 0.0219344 3.10687e-05 0.0613579 4.10059e-05 0.120844 0.0374939 0.559609 1.13899e-05 0.0744524 8.95404e-05 
0.125034 0.0729105 0.0266241 5.72368e-06 0.0264143 0.00975825 0.013706 0.00398789 0.588392 0.0610735 0.00322105 0.000105229 0.0634993 0.00526829 
0.282553 0.0079052 0.0179602 4.0905e-08 0.184788 7.29381e-05 0.00779644 0.0138999 0.174944 0.259965 0.00379256 9.88286e-05 0.0394924 0.00673216 
0.0173192 0.107789 0.386677 1.80642e-06 0.1192 9.76707e-06 0.00781379 7.06548e-05 0.151505 0.0801301 0.0509947 0.000191846 0.00560985 0.0726876 
0.15249 0.0693341 0.00303327 1.35112e-05 0.0209336 7.07297e-05 0.0019504 5.43438e-05 0.033395 0.716601 0.000639119 0.000118061 0.00117133 0.000195687 
0.00706953 0.000195659 0.0101491 2.15547e-05 0.644967 0.000781034 5.91198e-05 0.000188073 0.0148843 0.00441635 0.00015787 0.314039 0.00225834 0.000813622 
0.083904 0.0439646 1.08968e-05 1.16793e-07 0.046067 0.0296025 0.00243684 0.000813287 0.341493 0.379213 0.000867787 0.00111551 0.0695478 0.000963388 
0.0251893 0.92569 0.000422046 6.6405e-08 0.00421817 2.03631e-06 0.00107768 0.00338181 0.0225545 0.00555863 0.00173767 6.92052e-05 0.0100957 2.79121e-06 
0.108441 0.143892 0.00636689 0.000118536 0.218168 0.00012758 0.0229481 0.037089 0.335993 0.0908135 0.0010254 0.0180099 0.0164077 0.000598671 
0.268359 0.0145858 0.0326606 2.49097e-06 0.0211386 0.00488642 0.0620703 0.00021466 0.394566 0.0684448 0.0126664 0.000255816 0.116485 0.00366403 
0.0134904 6.57442e-05 0.0070227 2.57445e-11 0.000207256 0.575733 0.00083052 0.00305083 0.000320948 0.000545922 0.0065457 4.06786e-08 0.392177 9.82004e-06 
0.118575 0.00128887 0.0308858 3.18842e-05 0.0988783 0.000176549 0.00286821 0.00726567 0.303258 0.364707 0.00458113 0.000767645 0.065538 0.00117754 
0.0013498 0.00514239 0.0110666 2.35043e-07 0.0415966 2.71642e-07 0.0283955 0.00716403 0.487846 0.074788 0.0201503 0.000756152 0.32174 4.07255e-06 
0.155252 0.163371 0.0119301 3.90356e-08 0.00943357 1.99804e-07 0.013565 0.0311703 0.00603468 0.513645 0.0143157 4.18397e-08 0.0812601 2.25744e-05 
0.0188303 0.00274431 0.000899822 8.07587e-09 0.00206608 0.000562537 0.00121735 0.000607068 0.0197247 0.0039876 0.93235 2.19228e-05 0.016976 1.26538e-05 
0.00248711 0.00010163 8.86753e-06 1.33733e-06 0.000973198 0.979271 0.000132573 0.00311217 0.00579802 0.0033455 0.000166285 0.000858189 0.0034597 0.000284431 
0.0826512 0.00235071 0.00569921 1.9298e-08 0.000922918 0.0137985 0.00766044 0.00632326 0.58982 0.0736641 0.116543 0.000354907 0.10017 4.1834e-05 
0.0400018 0.0900204 0.00996465 8.01678e-06 0.100992 0.000170053 0.632598 0.00560687 0.00261299 0.103836 0.000751025 0.000703168 0.0116149 0.00112025 
0.0319783 0.00495845 0.00330461 4.17745e-05 0.0202384 0.000361383 0.0088819 0.407534 0.0607586 0.0469918 0.0453274 0.0101398 0.358872 0.00061073 
0.118434 0.00583735 0.0468481 0.00110724 0.123422 0.0682523 0.0381017 0.014268 0.0903959 0.167978 0.132151 0.00117719 0.190574 0.00145248 
0.44752 0.00379527 0.137001 4.09069e-08 0.00340274 5.3686e-05 0.00655218 0.00369455 0.0884027 0.288697 0.00649407 3.74819e-06 0.0143523 3.05064e-05 
0.0587872 0.0113183 0.0243807 3.27026e-05 0.613952 0.000115941 0.0263208 0.00269619 0.0670299 0.10312 0.0776881 0.00108997 0.0133467 0.000121221 
0.887188 0.00835484 3.42538e-05 2.09822e-08 0.0352764 0.00031371 0.000377519 0.0165926 0.00516337 0.0384759 4.8112e-05 0.000561448 0.00747645 0.000137102 
0.00248711 0.00010163 8.86753e-06 1.33733e-06 0.000973198 0.979271 0.000132573 0.00311217 0.00579802 0.0033455 0.000166285 0.000858189 0.0034597 0.000284431 
0.00367755 0.00103517 0.000586802 7.62316e-06 0.0133572 1.29125e-05 0.000602584 0.00773555 0.00323385 0.00548846 0.000410188 0.000598779 0.000476569 0.962777 
0.00677397 0.000650321 0.00749845 7.54272e-08 0.00571509 4.16883e-05 0.00122947 0.00576648 0.944707 0.00532181 0.00628424 0.000189638 0.01519 0.000631986 
0.112257 0.00906618 0.0742568 0.000183473 0.00613217 0.000935688 0.0087117 0.00221644 0.0706725 0.103602 0.361534 0.000395122 0.241659 0.00837762 
0.01605 0.000766402 0.000222246 5.56789e-08 0.00118785 0.000161874 0.00017498 0.0278813 0.757535 0.13045 0.00324884 8.64461e-05 0.061723 0.00051217 
0.119251 0.0332267 0.00453904 0.000241623 0.0434054 0.0769544 0.00230675 0.00292347 0.540385 0.0917608 0.0298298 0.000326562 0.0493831 0.00546621 
0.101786 0.0065182 0.000741574 1.70053e-08 0.0181805 0.231455 0.00351614 0.0340952 0.0367897 0.0543472 0.00663919 0.000437329 0.504516 0.000978163 
0.667678 0.118261 5.17132e-07 7.39429e-12 0.0161162 4.7404e-08 0.00349401 1.23107e-06 2.66379e-07 0.193701 7.89316e-07 0.000746209 1.40099e-07 2.26391e-07 
0.229606 0.0186072 0.00534955 1.44764e-06 0.547272 0.000916163 0.000127353 0.00274508 0.0560813 0.0634457 0.0129699 0.00199389 0.0604938 0.000391299 
0.0167153 0.0042441 0.000733742 6.70056e-05 0.0269912 0.010231 0.000281243 0.00579844 0.801798 0.047699 0.00272917 0.00115769 0.0813258 0.000228151 
0.00248711 0.00010163 8.86753e-06 1.33733e-06 0.000973198 0.979271 0.000132573 0.00311217 0.00579802 0.0033455 0.000166285 0.000858189 0.0034597 0.000284431 
0.714083 0.00237397 0.000280135 1.08472e-07 0.0751743 0.00562204 0.00102628 0.000640243 0.0251585 0.0679941 0.00242481 0.000555039 0.104663 4.56465e-06 
0.00458722 0.000750241 3.28861e-06 1.19915e-09 0.383641 4.39239e-05 1.46736e-05 0.0266672 0.0822669 0.060492 0.00748809 0.347657 0.0863864 2.06735e-06 
0.02851 0.00165038 0.0133414 2.82329e-05 0.540929 0.00129575 0.0015044 0.0386716 0.181217 0.139487 0.0171397 0.00171122 0.0338288 0.000684973 
0.290795 0.0111325 0.00319645 2.62081e-06 0.00890408 0.000197901 0.00158184 0.00104969 0.0804356 0.600031 0.000881748 4.06058e-05 0.00160975 0.000140902 
0.0143709 0.00154287 0.000206122 6.99708e-08 0.0534516 0.0591594 0.000269444 0.0367459 0.51511 0.0187715 0.0378959 0.000413038 0.233195 0.028869 
0.0191964 0.0539048 0.00583651 1.47856e-06 0.0825975 0.00180126 0.000146102 3.46687e-05 0.590808 0.0297586 0.00139844 0.000926792 0.0122003 0.201389 
0.0407855 0.00456576 0.0671387 9.41102e-05 0.0444114 0.000165048 0.014147 0.00188646 0.672219 0.119247 0.0203967 0.000118474 0.0145039 0.000321327 
0.291862 0.204917 0.011359 0.000279272 0.10577 0.000667098 0.0059707 0.00697578 0.0400969 0.283743 0.0102195 0.000797087 0.0367918 0.000550747 
0.0164836 0.000551788 0.011789 6.32293e-06 0.0696544 0.00223391 6.67028e-05 0.00223419 0.61339 0.131151 0.0920754 0.000175004 0.0601146 7.39328e-05 
0.0633334 0.0394092 0.00173383 1.44166e-05 0.164459 0.0249466 0.180119 0.00556282 0.143529 0.330911 0.00111019 0.0385877 0.00566318 0.000620621 
0.0482643 0.008415 0.015501 3.81677e-06 0.0649333 0.0175626 0.00456835 0.00242746 0.513973 0.0326059 0.241512 0.000771628 0.0476396 0.00182183 
0.00744367 0.0049551 0.000257266 1.72447e-08 0.00441092 0.000274873 0.000894875 0.000182592 0.92628 0.00686762 0.00108739 0.0012684 0.0390914 0.00698591 
0.0412693 0.0147252 0.0451505 0.000908414 0.0512173 0.00163465 0.0114165 0.00682885 0.607447 0.072724 0.0484015 0.00378645 0.0914133 0.00307708 
0.00439733 0.000180356 0.035259 4.21211e-07 0.250774 3.28542e-05 0.00231763 3.72171e-05 0.0022102 0.698414 0.000228783 3.61989e-05 0.00498322 0.00112924 
0.08109 0.0111852 0.00174402 2.67571e-07 0.0104416 0.000716491 0.0636214 0.00302009 0.0198681 0.00663375 0.186987 0.000245499 0.614304 0.000141939 
0.519616 0.00100431 0.0100216 7.02294e-06 0.00477092 0.00593489 0.0288768 0.0105632 0.0186806 0.295127 0.0550747 0.000483432 0.0477725 0.00206772 
0.436538 0.0297587 0.0098413 0.000175347 0.0439144 0.000483382 0.0347799 0.0107093 0.0119366 0.317282 0.00611596 0.000259517 0.0221325 0.0760736 
0.153886 0.0372312 0.0189472 3.02984e-07 0.0143112 0.00157573 0.00918477 0.00779219 0.0830421 0.481705 0.0301332 0.00194043 0.160251 3.03034e-07 
0.440649 0.0095643 0.00195195 5.89391e-05 0.030067 0.00360689 0.00463412 0.00172897 0.0398373 0.375064 0.00277213 0.0301145 0.0420154 0.0179352 
0.125608 0.00520882 0.00280125 4.44627e-06 0.0548046 0.00625726 0.0673385 0.0289954 0.408244 0.140893 0.0113148 0.00571008 0.140515 0.00230546 
0.0381871 0.00748796 2.24714e-07 8.73235e-10 0.0341686 0.00294919 4.4814e-05 0.000223577 0.0540891 0.855439 0.0019447 3.77585e-06 0.00546033 1.32553e-06 
0.300376 0.0802246 0.105832 9.94205e-07 0.0161998 3.49752e-05 0.0131121 0.00200269 0.0217079 0.410948 0.011524 5.59949e-05 0.0372987 0.000681268 
0.0863904 0.00420511 0.00785765 3.75799e-06 0.00769059 0.00855308 0.00359312 0.0110703 0.073033 0.0338393 0.601333 3.0649e-05 0.162378 2.1611e-05 
0.0951292 0.000346261 0.0201353 1.67963e-09 0.0259736 2.72654e-07 0.0642584 0.000112084 0.448271 0.150287 0.00307099 8.70202e-05 0.192186 0.000142874 
0.141812 0.00344297 0.00462218 2.50281e-05 0.00903641 0.258551 0.00693222 0.0213417 0.0586439 0.0821498 0.0122709 0.000107511 0.400385 0.000679019 
0.00367755 0.00103517 0.000586802 7.62316e-06 0.0133572 1.29125e-05 0.000602584 0.00773555 0.00323385 0.00548846 0.000410188 0.000598779 0.000476569 0.962777 
0.0225865 1.1235e-06 1.12339e-06 1.12277e-06 0.0740438 0.0060637 0.00191067 0.0186514 0.048087 0.39789 0.183898 0.00112449 0.24574 1.12295e-06 
0.00856292 0.0268215 0.0311308 2.83069e-06 0.516539 0.0754173 0.0135832 0.00175041 0.168317 0.102223 0.00239124 0.00883528 0.0220345 0.0223905 
0.139311 0.00223485 3.44841e-06 1.60097e-09 7.60351e-06 0.00141118 0.00106191 0.052861 0.230975 0.0935275 0.0162734 0.000783783 0.458866 0.00268261 
0.210333 0.00142195 0.000975793 0.000154235 0.128909 0.000311352 0.00293843 0.0433778 0.0198217 0.269678 0.024811 0.000427863 0.0831064 0.213733 
3.57752e-06 3.81802e-05 3.80582e-06 1.86338e-10 9.58476e-07 1.99066e-10 9.75178e-07 4.5243e-07 0.999862 2.00852e-06 1.48311e-05 6.81977e-05 4.54189e-06 2.25345e-07 
0.0230279 5.45338e-07 7.34344e-05 7.26373e-09 0.0147314 3.91073e-06 5.32592e-07 9.88858e-07 0.243007 0.718733 4.68852e-06 0.000398735 1.72477e-05 1.27534e-07 
0.544508 0.0109395 0.00328482 0.000472286 0.0840121 0.00169348 0.00497711 0.00708251 0.0690972 0.219426 0.0106338 0.00276668 0.0405176 0.000588289 
0.692366 0.0404648 0.00607466 1.68343e-05 0.0107215 5.64617e-05 0.00879742 0.00307864 0.00570266 0.189775 0.0180569 3.74723e-05 0.0246989 0.000152057 
0.0711393 0.0104403 0.0648412 0.000174239 0.135733 0.00220394 0.00705329 0.0156221 0.603616 0.0177652 0.0022255 0.00119763 0.0671887 0.00079933 
0.0364013 0.0583273 0.00942392 0.000211324 0.306783 0.00541426 0.0241986 0.0234235 0.265629 0.107952 0.113817 0.00191827 0.0448088 0.00169121 
0.0727719 0.0225142 6.68078e-05 1.00412e-06 0.00835732 0.04746 0.00249331 0.00047229 0.466684 0.361609 0.00779579 0.000179057 0.00918984 0.000405894 
0.0361584 0.0205834 0.0140198 1.2636e-05 0.431399 0.110121 0.00999812 0.000450967 0.0307185 0.172438 0.00210424 0.167524 0.00361028 0.000862525 
0.148563 0.000550583 0.001523 2.42698e-06 0.0136858 0.00516219 0.000461436 0.00129353 0.0915241 0.59749 0.0478447 1.88519e-05 0.091807 7.32354e-05 
0.0329881 0.00148407 0.0142499 1.23747e-05 0.0252058 0.0226915 0.00194 0.0244508 0.56141 0.137637 0.103815 0.000629552 0.0726109 0.000875302 
0.00131841 0.000900991 0.0624727 8.29912e-09 0.137885 3.14775e-08 0.00508781 1.00168e-05 0.0179245 0.771757 0.00151512 2.27619e-08 0.00112834 1.37164e-07 
0.211609 0.0951153 0.0266015 0.000434272 0.0555489 0.000910982 0.00771893 0.0218055 0.106262 0.410796 0.0114479 0.0137813 0.0335064 0.00446153 
0.0892108 0.000339627 0.000938943 2.98793e-06 0.00825379 0.0762023 0.0137127 0.000784774 0.0550352 0.612362 0.0879348 1.35839e-05 0.055158 5.01071e-05 
0.255283 0.00461109 0.00601404 2.73209e-05 0.201251 0.0178009 0.0158913 0.00258333 0.0230036 0.418199 0.0137777 0.00567749 0.0353611 0.000519353 
0.73224 0.00028223 0.132445 2.80705e-06 0.0331587 1.12701e-05 0.00719919 2.02507e-05 4.37108e-05 0.034659 0.054525 1.15192e-05 0.00539583 4.88961e-06 
0.0204444 0.0145857 0.748867 2.4007e-07 0.0200465 0.000246758 0.00275054 0.00388965 0.0159678 0.128244 0.0154988 0.0126495 0.0167034 0.000105878 
0.0500405 0.00960582 0.00181815 2.99658e-08 0.215167 6.10366e-05 0.00113247 0.000184391 0.269103 0.401378 0.00254544 0.0338512 0.0151024 9.91328e-06 
0.0127471 0.245755 0.0539434 0.000107594 0.0158743 0.000345238 0.00472994 0.000667154 0.555532 0.0524218 0.000637648 0.00544742 0.0314458 0.0203462 
0.470752 0.00712081 0.000341858 3.34516e-06 0.00589959 5.1441e-05 0.00548349 0.00303351 0.0108804 0.476179 0.00108494 1.83908e-05 0.0190261 0.000125268 
0.00418348 0.00021969 0.00116989 1.01624e-07 0.00115168 9.39656e-05 8.913e-05 4.54817e-05 0.971137 2.64676e-07 0.0201965 6.01847e-05 0.00161662 3.57288e-05 
0.284466 0.19343 0.000171149 4.26971e-06 0.0184971 0.000141163 0.0089974 0.0110988 0.0185221 0.443089 0.00224669 0.000236208 0.0189678 0.000132559 
0.575065 0.0388536 0.00455465 0.000238618 0.0203165 0.000876735 0.00434325 0.00439122 0.132818 0.165222 0.00670962 0.000634038 0.0455912 0.000385748 
0.045262 0.0549957 0.00744826 4.67081e-06 0.291707 0.00211815 0.0154712 0.0447954 0.196079 0.218901 0.0852377 0.00232324 0.0355451 0.0001123 
0.133006 0.010781 0.00202895 9.99926e-05 0.0165256 0.000405808 0.00284072 0.00312476 0.482958 0.23957 0.0142064 0.000190331 0.0935363 0.000725746 
0.0065741 0.0164486 4.00699e-06 2.39117e-06 0.00622855 0.127152 7.56824e-05 0.00771049 0.640269 0.0402599 0.00120817 5.67741e-05 0.153659 0.000351958 
0.288711 3.64538e-06 6.53315e-07 1.95034e-10 9.14086e-06 8.35508e-08 1.1217e-05 3.09145e-06 0.0572063 0.653919 4.55631e-05 1.49582e-06 8.60157e-05 2.56149e-06 
0.0860015 0.000905918 5.07955e-08 2.77842e-09 0.00391769 0.000163254 7.82542e-05 0.00122751 0.0188708 0.812542 0.0394706 5.97893e-06 0.0368169 6.33472e-09 
0.118894 0.054812 0.0311555 1.82019e-05 0.0642407 0.000126899 0.0279438 0.0157896 0.485074 0.141213 0.0189606 0.000171931 0.0376775 0.00392124 
0.447913 0.06057 0.027114 0.000625038 0.0277939 0.00138307 0.0448734 0.00829865 0.0189039 0.283342 0.0307191 0.00129107 0.0454694 0.00170361 
0.00528704 8.92214e-05 0.00770731 4.8325e-09 0.818309 0.00107545 4.49867e-05 0.00303386 0.0149513 0.00928556 0.000894215 0.131514 0.00630838 0.00149976 
0.0916873 0.00293583 0.0232891 9.7566e-05 0.104367 0.0185572 0.000473444 0.024211 0.419745 0.178437 0.0160116 0.00101846 0.11865 0.000519364 
0.000521017 1.25827e-05 3.73453e-06 5.44492e-13 5.08129e-09 0.933624 1.95422e-05 0.000453302 1.31939e-05 7.75925e-05 0.000174374 1.71671e-05 0.0650559 2.71308e-05 
0.0984886 0.0159799 0.00135654 1.21166e-06 0.00198084 0.000378384 0.00222781 0.000391129 0.694243 0.127199 0.0273965 2.48767e-06 0.0303525 1.88695e-06 
0.0592463 0.125653 0.0110745 1.44803e-06 0.14085 4.10966e-05 0.0635394 0.00398599 0.0145396 0.568136 0.00180966 8.94803e-06 0.0111013 1.33272e-05 
0.0226069 0.0120444 0.000326226 1.97053e-05 0.049566 4.39781e-05 0.0629714 0.000108428 0.734619 0.0708358 0.00530867 0.0154146 0.0256023 0.000532417 
0.0752668 0.000711398 0.00362992 4.0664e-06 0.025965 0.00127784 0.00116185 0.0680565 0.285482 0.259862 0.0523168 3.92206e-05 0.226214 1.24628e-05 
0.0956294 0.00556658 0.0446687 2.10744e-06 0.0515009 0.00733664 0.00432626 0.0287753 0.563877 0.164954 0.0171537 0.000180998 0.0124712 0.00355726 
0.113835 0.00273255 0.304703 0.000102877 0.0240802 0.000577884 0.0112954 0.000140835 0.00360192 0.000868428 0.00752206 0.451218 0.0787742 0.000547181 
0.148526 0.0158858 0.00242993 8.90805e-05 0.125376 0.00231391 0.00511373 0.00123203 0.588481 0.0972903 0.00106796 0.00012107 0.0105442 0.00152964 
0.0898461 0.0213162 0.0412928 2.42889e-05 0.237123 0.000417728 0.0140421 5.77727e-05 0.177162 0.215663 0.00500293 0.0341369 0.00550516 0.158411 
0.515535 0.000410054 4.48505e-09 3.31882e-10 0.00276416 0.00177197 0.000557992 4.25896e-05 0.0159382 0.430556 0.00113683 7.73659e-06 0.0312222 5.7183e-05 
0.0896672 0.0299425 0.00134774 2.25267e-08 0.0630138 0.603907 0.00417138 0.00214996 0.0643365 0.0519399 0.057742 0.000609597 0.0311591 1.28246e-05 
0.366016 0.0391269 0.0214615 6.24264e-05 0.0372109 0.000132101 0.0924895 0.000964467 0.0635888 0.262258 0.00986174 0.000296859 0.0933316 0.0131993 
0.19089 0.00838612 1.10351e-05 1.75228e-10 0.0399108 8.95664e-08 3.69575e-05 0.000126444 0.0765973 0.489208 0.00919346 0.000564624 0.185067 8.02409e-06 
0.0300745 0.00170816 0.0261029 5.23182e-05 0.214839 0.000293582 0.0157848 0.000218977 0.286435 0.145575 0.0722421 0.000414653 0.206013 0.000245985 
0.723472 0.0656435 0.000951222 4.41534e-06 0.0229651 7.16412e-05 0.00273038 8.9943e-05 0.0163337 0.157326 0.00173435 9.19787e-05 0.00830022 0.000285914 
0.168 0.0443177 0.0277419 8.54785e-11 0.0237173 0.30287 0.0196918 0.000456802 0.234063 0.0855678 0.0266283 2.38081e-07 0.0669448 1.32857e-06 
0.034253 0.00770473 0.0408587 0.000253613 0.0462162 0.000888879 0.0125703 0.0700877 0.0833157 0.0470882 0.032422 0.00473818 0.610451 0.0091523 
0.763797 0.00842888 0.000105821 5.16796e-05 0.00359593 0.121123 0.000240542 0.00216581 0.00323963 0.0586399 0.000692992 0.00103517 0.0367618 0.00012161 
0.0530876 8.65453e-05 0.00258449 2.336e-06 0.0329693 0.0318175 0.0434804 0.00190667 0.288435 0.0245377 0.441406 0.000246945 0.0793518 8.76653e-05 
0.0244843 7.86892e-05 2.65822e-06 7.31502e-09 0.000161251 0.598492 0.000274923 0.00160779 0.0172248 0.0329548 0.00400022 7.17207e-05 0.320637 9.4344e-06 
0.035276 0.00107032 0.000543863 2.70218e-05 0.0132267 0.0882143 0.00717692 0.0628449 0.0159074 0.0251627 0.329323 0.000225229 0.420132 0.000870097 
0.00248711 0.00010163 8.86753e-06 1.33733e-06 0.000973198 0.979271 0.000132573 0.00311217 0.00579802 0.0033455 0.000166285 0.000858189 0.0034597 0.000284431 
0.593974 0.105033 0.000348841 4.4477e-05 0.0116095 0.00115588 0.0323574 0.068668 0.0100508 0.126753 0.0025865 7.66029e-05 0.0471181 0.000224366 
0.0188398 0.0906453 0.00996322 2.99843e-06 0.50694 0.000357531 0.0262815 0.0134352 0.147164 0.11477 0.0144027 0.000253431 0.0511953 0.00574853 
0.00651522 0.0143987 5.68515e-05 5.35922e-08 0.00746309 1.20819e-05 4.63949e-05 0.00389487 0.872748 0.00147583 0.0210093 3.19627e-05 0.072341 6.21205e-06 
0.0907034 0.0562501 0.00207421 1.30169e-05 0.0108059 0.00082921 0.0147519 0.00320655 0.402795 0.103201 0.0427022 0.000101791 0.271088 0.00147856 
0.492083 0.259642 7.12707e-06 8.70566e-09 0.0334354 1.44648e-08 0.0126501 0.00487255 0.00214991 0.156659 0.000337915 4.91226e-06 0.0381575 2.14902e-08 
0.0264757 0.0204849 0.0091128 0.00029437 0.192633 0.000322197 0.0128005 0.0342079 0.0277223 0.0600843 0.00754163 0.000315734 0.0428336 0.565171 
0.264618 0.435874 0.0249968 6.82474e-06 0.0344558 4.1046e-05 0.00455911 0.00418766 0.0433358 0.162427 0.0135245 0.000113713 0.0118203 3.95754e-05 
0.00750562 0.0522085 0.0637751 4.55511e-05 0.0477961 0.00846935 0.00788373 0.00927524 0.626422 0.0728751 0.0519872 0.000672141 0.0473516 0.0037325 
0.581073 0.00322844 0.000350771 1.13115e-05 0.00162038 0.00329288 0.00118097 0.00666649 0.165564 0.15717 0.00959626 0.000111051 0.0701205 1.37692e-05 
0.0977208 0.72317 0.00838538 1.4795e-05 0.000495268 0.000189789 0.00295107 3.67184e-05 0.110276 0.0538588 0.000602648 0.000570937 0.00171044 1.76464e-05 
0.0877452 0.0557773 0.000479505 0.000254882 0.0837805 0.00929814 0.0333831 0.00522961 0.376897 0.226362 0.0342187 0.00120096 0.0847401 0.000632767 
0.00248711 0.00010163 8.86753e-06 1.33733e-06 0.000973198 0.979271 0.000132573 0.00311217 0.00579802 0.0033455 0.000166285 0.000858189 0.0034597 0.000284431 
0.236041 0.0651185 0.0931665 0.00119411 0.0690786 0.00171197 0.0428186 0.0164956 0.0283374 0.357668 0.0381179 0.00474777 0.0438177 0.00168609 
0.397364 0.004539 0.00145313 4.99642e-05 0.0140569 0.000818595 0.00575162 0.0613512 0.10606 0.231469 0.0120534 0.000492941 0.163765 0.000773996 
0.0427557 0.0490693 0.00874071 2.28336e-07 0.0361586 0.00760079 5.64708e-05 7.58322e-05 0.573104 0.0369938 0.00316861 0.001178 0.00692155 0.234177 
0.0194939 0.0191908 0.0497251 3.35512e-05 0.567088 0.000238931 0.009332 0.000411269 0.0514203 0.232168 0.0128931 0.0133319 0.024255 0.000417659 
0.0355356 0.0137914 0.0100501 0.000172022 0.0316459 0.000320967 0.00610099 0.000519867 0.767667 0.0908161 0.0290868 0.000229298 0.0125639 0.00149997 
0.259676 0.0122949 0.133696 9.73109e-06 0.0501718 3.04882e-05 0.00791565 0.0258993 0.0288554 0.430586 0.0261944 6.37945e-05 0.0237017 0.000904537 
0.0363836 0.81349 0.000387781 1.88772e-07 0.00178893 0.00170238 0.000104283 0.000634885 0.0968019 0.0325521 0.00123362 0.000178848 0.0146145 0.000127194 
0.465917 0.0955559 0.00142207 4.99658e-06 0.0044251 0.00914364 0.00103652 0.00130264 0.0165952 0.281879 0.061318 0.000111378 0.0612752 1.35693e-05 
0.0171652 0.0876226 0.000461034 1.2754e-05 0.0486866 9.29054e-05 0.00463669 0.071752 0.524112 0.0533538 0.00322152 0.000214836 0.187617 0.00105059 
0.264618 0.435874 0.0249968 6.82474e-06 0.0344558 4.1046e-05 0.00455911 0.00418766 0.0433358 0.162427 0.0135245 0.000113713 0.0118203 3.95754e-05 
0.00248711 0.00010163 8.86753e-06 1.33733e-06 0.000973198 0.979271 0.000132573 0.00311217 0.00579802 0.0033455 0.000166285 0.000858189 0.0034597 0.000284431 
0.0249367 0.000389901 0.000417975 3.61287e-10 0.00131231 1.07653e-05 0.00903133 0.000782984 0.00712392 0.0116463 0.0129265 4.92815e-05 0.931348 2.37698e-05 
0.445934 0.107145 0.00149105 0.000106916 0.0494105 0.000349962 0.0183053 0.00407249 0.032944 0.308474 0.00188681 0.000231763 0.0285518 0.00109607 
0.00248711 0.00010163 8.86753e-06 1.33733e-06 0.000973198 0.979271 0.000132573 0.00311217 0.00579802 0.0033455 0.000166285 0.000858189 0.0034597 0.000284431 
0.0728258 0.00294416 0.00302694 9.98164e-09 0.0193043 0.000128322 0.000339324 0.0018888 0.490874 0.344422 0.0117228 1.48764e-05 0.0524511 5.78394e-05 
0.0458874 0.0721818 0.0265257 6.13832e-05 0.528069 0.000395804 0.0220951 0.0194759 0.00857957 0.213041 0.000968334 0.000170447 0.062479 6.9577e-05 
0.0619667 0.11586 0.0657398 1.08738e-07 0.0241124 2.59467e-05 0.0170835 0.0355773 0.249043 0.0979526 0.120871 2.04846e-07 0.21111 0.000658385 
0.505468 0.000557215 2.93935e-08 2.88728e-08 0.482546 0.00062872 0.000542187 7.3006e-05 0.00205231 0.00175377 0.000851441 0.000264909 0.00518434 7.87995e-05 
0.114402 0.0266613 0.00241518 0.000229634 0.0169534 0.00646954 0.00560264 0.00630359 0.063842 0.732519 0.00329221 0.000431512 0.0206017 0.000276373 
0.0460414 0.01633 0.0001627 1.82712e-08 0.00261683 0.000143161 4.08851e-07 0.000324125 0.00186973 0.922698 1.45939e-07 1.96081e-08 0.00944781 0.000365897 
0.117582 0.0155901 0.0260862 1.26587e-07 0.00262357 0.000153381 0.0174133 0.00989462 0.572758 0.155845 0.0106044 1.11908e-05 0.0710844 0.000353982 
0.840348 0.027167 0.000516877 2.32903e-09 0.0338398 2.53328e-05 0.0154561 0.00435586 0.0041038 0.0354209 0.00192694 0.000122637 0.0366096 0.000107118 
0.172843 0.00661314 0.0211876 0.000194507 0.275949 0.000377755 0.0990642 0.00227512 0.206056 0.101686 0.0275379 0.000569537 0.0850933 0.00055223 
0.00223822 0.00747507 0.901315 2.80079e-10 0.000751475 1.05179e-06 8.78748e-07 0.000645201 0.033625 0.0362403 0.0128253 9.89633e-05 0.00472911 5.48921e-05 
0.152555 0.0124962 0.00381921 1.58544e-06 0.0178978 0.000247377 0.00659034 0.00501039 0.387748 0.237006 0.061688 9.89973e-06 0.114818 0.000111858 
0.275806 0.0284043 0.00268942 3.75452e-07 0.0484577 0.06465 0.0221303 0.000598242 0.00265312 0.544145 0.00122168 3.53443e-05 0.00906092 0.000147595 
0.0227099 0.00324384 0.000324801 0.000277297 0.387496 0.0143874 0.0667592 0.0392235 0.257899 0.119932 0.00956239 0.00831497 0.0694452 0.000425129 
0.0510334 0.000114156 3.29398e-06 7.18504e-10 2.83675e-06 1.4242e-06 3.32869e-06 2.24898e-06 0.446177 0.227192 0.204136 2.57538e-07 0.0712252 0.000109702 
0.163654 0.0467764 0.153108 0.000281034 0.0294349 0.00130414 0.0130335 0.00627016 0.030033 0.517138 0.0134859 0.00228944 0.0226768 0.000514664 
0.0142308 0.000239173 0.000122093 3.87389e-06 0.00808294 0.00037827 0.00031319 0.000372302 0.668428 0.037921 0.213304 2.05945e-05 0.0565728 1.0528e-05 
0.0336731 0.00985192 0.000170757 6.55082e-07 0.0128838 0.000923274 9.44904e-05 0.00479941 0.0503359 0.828724 0.00632713 6.15719e-05 0.0521518 2.50487e-06 
0.114058 0.0141828 0.0405188 3.61408e-06 0.039537 0.00188277 0.0127407 0.00193658 0.0377607 0.665527 0.020196 1.82628e-05 0.0513299 0.000307898 
0.0814081 0.00315578 0.00247225 8.48281e-05 0.322313 0.00533272 0.00395999 0.00109922 0.339551 0.119247 0.0130735 0.0122748 0.0600881 0.0359402 
0.032194 0.00416775 0.0401462 5.03169e-05 0.0774863 0.00138249 0.000742249 0.0418254 0.632891 0.0942958 0.0485396 5.91595e-05 0.0256257 0.000593873 
0.0188303 0.00274431 0.000899822 8.07587e-09 0.00206608 0.000562537 0.00121735 0.000607068 0.0197247 0.0039876 0.93235 2.19228e-05 0.016976 1.26538e-05 
0.0175418 0.0431421 0.000102181 1.64431e-06 0.603683 0.000880195 0.0414463 0.000305695 0.144858 0.12687 0.000173801 0.00724652 0.0131777 0.000570727 
0.432159 0.307716 0.00544165 6.34836e-07 0.00834127 8.04104e-05 0.024252 0.0589564 0.00840933 0.132871 0.00467291 5.73696e-05 0.0167093 0.00033176 
0.273845 0.00866178 0.00249494 0.000246986 0.132386 0.00275912 0.00305304 0.0141892 0.193993 0.253532 0.0449559 0.0003361 0.0691972 0.00034896 
0.527243 0.0850608 3.93073e-05 9.71676e-06 0.0137277 5.54538e-05 0.00204418 1.76943e-05 0.0430153 0.322141 0.000245575 8.51334e-05 0.00126735 0.0050474 
0.238351 0.0381453 0.0159726 5.41219e-05 0.045778 0.000884994 0.0111685 0.0053804 0.00520129 0.610404 0.00538334 0.00274933 0.0199415 0.00058519 
0.450728 0.000638854 2.07516e-07 4.26504e-08 0.00402234 0.00400873 0.000383763 8.21349e-05 0.0602243 0.432505 0.00744454 5.93091e-05 0.0398974 5.7318e-06 
0.00451385 0.00223775 0.000445074 4.13337e-06 0.0104026 2.23789e-05 0.00274352 0.0220747 0.718849 0.0306874 0.152388 1.39617e-05 0.0555659 5.13135e-05 
0.00367755 0.00103517 0.000586802 7.62316e-06 0.0133572 1.29125e-05 0.000602584 0.00773555 0.00323385 0.00548846 0.000410188 0.000598779 0.000476569 0.962777 
0.00754195 0.0152211 0.000681794 1.94375e-07 0.043873 4.50592e-05 0.0585001 2.86356e-05 0.791579 0.0454827 0.0106408 0.000486506 0.0219232 0.00399572 
0.00248711 0.00010163 8.86753e-06 1.33733e-06 0.000973198 0.979271 0.000132573 0.00311217 0.00579802 0.0033455 0.000166285 0.000858189 0.0034597 0.000284431 
0.395504 0.13828 0.0224722 5.91816e-05 0.0393052 0.0141789 0.0101029 0.00775542 0.0304235 0.260625 0.0094166 0.0290537 0.0421161 0.000708094 
0.691313 0.0299463 0.000591599 2.37809e-10 0.025104 0.000857669 0.00234655 0.000821028 0.0487084 0.0772978 0.00233865 0.000486652 0.120145 4.39954e-05 
0.656104 0.0027967 3.39778e-05 1.04849e-05 0.000933643 2.1571e-05 0.00849158 0.0997212 0.000376044 0.16601 0.0082216 1.46054e-05 0.0572516 1.30239e-05 
0.201995 7.79756e-05 0.000461433 2.73916e-07 0.00450942 0.000615577 3.0741e-05 7.26112e-06 0.426211 0.0321881 0.260328 1.3903e-05 0.0735611 5.78026e-07 
0.0819385 0.823729 0.000244492 6.89937e-07 4.7607e-05 1.78783e-06 0.00693987 0.00428622 0.0448467 0.0315524 0.000340129 1.80115e-06 0.00600811 6.28135e-05 
0.137005 0.0593469 0.000134113 1.46135e-10 0.000866384 1.71323e-08 0.000693475 2.04366e-08 0.00014681 0.80155 7.18726e-08 4.09369e-07 0.000257 3.21252e-08 
0.113239 0.000621744 0.0193407 8.20531e-05 0.208265 0.000350753 0.00240687 0.138158 0.01935 0.212433 0.2674 0.000828842 0.0165632 0.000960002 
0.0382963 0.17767 0.0024776 3.86965e-05 0.00952245 0.335029 0.00122839 4.0339e-05 0.299465 0.0393288 0.000145136 0.000621035 0.0694288 0.0267093 
0.061779 0.0058105 0.000783204 0.000644971 0.0462102 0.00187915 0.00467269 0.0203813 0.591179 0.060871 0.0078994 0.00127125 0.192792 0.00382672 
0.00672961 0.000311891 0.00579822 1.923e-08 0.0177921 0.000223944 0.00129345 0.00181929 0.861617 0.0290278 0.000532303 0.000779706 0.0708377 0.00323677 
0.1621 0.0372861 0.0271887 0.000105866 0.556945 0.0117438 0.0184398 0.000754851 0.0338728 0.119145 0.00690591 0.0121338 0.0113088 0.00206981 
0.152549 0.00354826 0.012832 3.48063e-07 0.00946435 9.80274e-06 0.00724666 0.00556359 0.000615622 0.00111524 0.601604 3.91361e-05 0.2052 0.000212422 
0.0659335 0.0211796 0.174098 3.37138e-05 0.0148416 0.000806875 0.00341014 0.0135092 0.0257548 0.637 0.0100365 0.000101941 0.0326536 0.000641004 
0.805931 0.00195332 0.000137016 3.48203e-08 0.00186538 0.000276925 0.015158 0.000592006 0.0100381 0.152148 0.00161064 1.53373e-06 0.0102884 5.8695e-08 
0.0108654 0.0567143 0.0697012 4.64055e-08 5.56227e-06 4.95752e-08 0.0551034 7.20456e-07 0.701768 0.00288621 0.0723421 9.3235e-06 0.0292816 0.00132185 
