0.443866 0.0099573 0.00375476 0.000411937 0.0899967 0.00195897 0.00272071 0.0318049 0.0782037 0.243263 0.0023753 0.00655254 0.0487267 0.036407 
0.92317 0.00378806 2.65638e-08 6.6411e-09 0.0543555 0.00022539 0.000732383 6.44194e-06 0.000991721 0.00757945 4.64811e-05 0.000127874 0.00897085 5.35356e-06 
0.027621 8.04295e-06 0.000443547 9.23753e-08 0.00490049 0.000878982 0.000964067 4.69048e-06 0.892723 0.0265743 0.00367109 2.02923e-06 0.0422078 6.81238e-07 
0.00248711 0.00010163 8.86753e-06 1.33733e-06 0.000973198 0.979271 0.000132573 0.00311217 0.00579802 0.0033455 0.000166285 0.000858189 0.0034597 0.000284431 
0.238654 0.0247818 0.00218605 3.70429e-05 0.0372361 0.000708826 0.00502065 0.0242448 0.0602417 0.421681 0.00896967 0.0245295 0.150517 0.00119163 
0.00248711 0.00010163 8.86753e-06 1.33733e-06 0.000973198 0.979271 0.000132573 0.00311217 0.00579802 0.0033455 0.000166285 0.000858189 0.0034597 0.000284431 
0.723472 0.0656435 0.000951222 4.41534e-06 0.0229651 7.16412e-05 0.00273038 8.9943e-05 0.0163337 0.157326 0.00173435 9.19787e-05 0.00830022 0.000285914 
0.317871 0.0326861 0.00479285 0.000585036 0.0437777 0.0106237 0.0155701 0.0473875 0.342987 0.0982629 0.00360614 0.00156499 0.074738 0.00554712 
0.0119533 0.0300784 0.550336 1.29137e-06 0.0487825 4.84555e-06 0.00974579 6.74552e-06 0.0431335 0.103177 0.131631 0.0241094 0.047034 5.87637e-06 
0.159306 0.193991 0.000864263 9.19526e-08 0.0829095 2.00597e-07 0.000538231 0.000489455 0.217589 0.255038 0.078793 0.00148941 0.00874285 0.000248493 
0.69732 0.00449844 0.000177925 4.15486e-09 0.00177418 0.0198002 0.0729378 0.0282912 0.0182958 0.0990574 0.00880258 3.52389e-05 0.0489454 6.42142e-05 
0.105987 0.0629767 0.000846259 9.24165e-06 0.0719459 0.000365349 0.0322122 0.00212477 0.14727 0.567026 0.00201877 5.08213e-05 0.00599414 0.00117329 
0.0351165 0.0279623 0.143036 0.000158582 0.206278 0.00146287 0.141226 0.00661061 0.254203 0.0886975 0.0307602 0.00157003 0.0320575 0.0308612 
0.534253 0.00528077 3.46902e-05 1.84719e-05 0.00298628 0.00280478 0.0698877 0.00239444 0.0299426 0.30391 0.00418096 3.54743e-05 0.0442107 5.97394e-05 
0.455272 0.0962769 0.00107738 1.89828e-10 0.0024918 9.89265e-05 0.00524977 0.000317826 0.0174569 0.273962 0.0111133 5.5528e-07 0.136667 1.5309e-05 
0.0171809 0.000647476 0.00075605 1.36447e-05 0.00183247 0.0111352 0.0511703 0.00287464 0.0782496 0.0132966 0.688108 0.000194 0.134516 2.50836e-05 
0.641729 0.027971 0.00609501 2.60751e-05 0.0923919 0.00140973 0.00496186 0.0488021 0.0350935 0.0952517 0.00189926 0.000924524 0.0417526 0.00169129 
0.00248711 0.00010163 8.86753e-06 1.33733e-06 0.000973198 0.979271 0.000132573 0.00311217 0.00579802 0.0033455 0.000166285 0.000858189 0.0034597 0.000284431 
0.0426141 0.0883442 0.00729964 2.83956e-05 0.0378921 0.00066415 0.194815 4.3104e-05 0.134939 0.0759717 0.000631311 0.000894672 0.0219555 0.393907 
0.0983989 0.00218993 0.000201722 8.83089e-06 0.00725882 0.00957567 0.00582969 0.0189548 0.55601 0.271472 0.00534947 0.000542703 0.0238247 0.000382993 
0.00465746 0.00873674 0.00184089 6.56606e-07 0.00701077 7.01456e-07 0.00787708 0.000950477 0.0157855 0.00220793 0.0236011 0.000508905 0.919203 0.00761842 
0.157211 0.0437019 0.0182877 7.34875e-09 0.00741339 0.0243243 0.00581022 0.000335762 0.182354 0.0613492 0.136498 6.68293e-07 0.362713 3.18385e-07 
0.397364 0.004539 0.00145313 4.99642e-05 0.0140569 0.000818595 0.00575162 0.0613512 0.10606 0.231469 0.0120534 0.000492941 0.163765 0.000773996 
0.360491 0.122671 0.00141276 1.04496e-05 0.00459258 0.0309138 0.0173529 0.0118379 0.00201651 0.436865 0.000753616 0.000180143 0.0107291 0.000173926 
0.0134904 6.57442e-05 0.0070227 2.57445e-11 0.000207256 0.575733 0.00083052 0.00305083 0.000320948 0.000545922 0.0065457 4.06786e-08 0.392177 9.82004e-06 
0.0885822 0.00454282 0.00920751 1.07884e-07 0.413112 0.000291603 0.00582704 9.59875e-05 0.0664756 0.381766 0.000603007 0.000294304 0.0280584 0.00114303 
0.100181 0.0211387 0.0087655 8.74028e-05 0.0249461 0.117428 0.00471793 0.10823 0.0445377 0.205987 0.0195258 0.000437326 0.32539 0.0186271 
0.00248711 0.00010163 8.86753e-06 1.33733e-06 0.000973198 0.979271 0.000132573 0.00311217 0.00579802 0.0033455 0.000166285 0.000858189 0.0034597 0.000284431 
0.0526727 0.000474571 0.00331964 3.40478e-05 0.00308768 0.0436677 0.0017531 0.00818242 0.678947 0.127792 0.00636358 0.000354328 0.0727051 0.00064689 
0.00921228 0.00063679 0.000102415 3.86043e-05 0.0187801 0.000124991 0.000640001 0.0634933 0.0246119 0.0690231 0.193777 7.97682e-05 0.619389 9.04006e-05 
0.143608 0.00922028 0.0430228 7.33076e-06 0.00798334 0.00242223 0.0641455 0.00217786 0.506948 0.147134 0.0217229 0.000912275 0.0506829 1.21816e-05 
0.751402 0.0114472 5.59468e-06 3.90016e-08 0.00142507 7.5003e-05 0.00120914 0.0146759 0.0639017 0.115479 0.00698337 3.18675e-06 0.0333261 6.66492e-05 
0.0227352 0.0272983 0.0159619 0.000323592 0.498001 0.0206334 0.00634522 0.0367941 0.0541893 0.164046 0.00343339 0.124628 0.0158494 0.00976116 
0.439577 0.00367118 0.0230428 4.90518e-05 0.0526814 0.00276545 0.00411257 0.0789575 0.0701526 0.231885 0.0218372 0.000107619 0.0257089 0.0454525 
0.39537 0.00547287 2.05133e-05 1.20584e-06 7.8437e-05 0.117974 0.00213992 0.00575285 0.33219 0.0748077 0.00749149 0.000197462 0.0583263 0.000177631 
0.444069 0.0118884 0.114278 8.72864e-05 0.172887 0.000721834 0.0173568 0.000225159 0.00552093 0.0106402 0.00711683 0.161048 0.0537787 0.000382201 
0.163399 0.011167 0.067039 6.20399e-06 0.166362 0.00419926 0.0278845 0.0238323 0.150063 0.235669 0.0235716 0.0552245 0.0709586 0.000624444 
0.407087 0.0338917 0.00305816 8.16645e-06 0.0426785 4.84854e-05 0.0482308 0.0134733 0.0351786 0.393631 0.00257837 0.000240448 0.0192099 0.000686528 
0.0624454 0.0148053 0.000513431 7.45029e-06 0.486438 0.0141791 0.00165438 0.0333684 0.0770837 0.075116 0.00248459 0.165825 0.0660392 4.07054e-05 
0.61416 0.0187909 0.0041721 8.78664e-06 0.0485579 3.67829e-05 0.00687516 0.00815828 0.00236243 0.277703 0.00137946 3.25224e-05 0.0177027 6.04206e-05 
0.00418348 0.00021969 0.00116989 1.01624e-07 0.00115168 9.39656e-05 8.913e-05 4.54817e-05 0.971137 2.64676e-07 0.0201965 6.01847e-05 0.00161662 3.57288e-05 
0.00528704 8.92214e-05 0.00770731 4.8325e-09 0.818309 0.00107545 4.49867e-05 0.00303386 0.0149513 0.00928556 0.000894215 0.131514 0.00630838 0.00149976 
0.00554372 0.144677 0.0112138 5.46114e-06 0.613329 0.000305866 0.0113279 6.69658e-05 0.0238383 0.141015 2.38263e-05 0.000295597 0.000349862 0.048007 
0.0603317 0.0109135 0.0124764 0.00154755 0.0945745 0.0168543 0.0111903 0.00789817 0.432188 0.227356 0.0378539 0.0067094 0.0745452 0.00556051 
0.00248711 0.00010163 8.86753e-06 1.33733e-06 0.000973198 0.979271 0.000132573 0.00311217 0.00579802 0.0033455 0.000166285 0.000858189 0.0034597 0.000284431 
0.0269556 0.174935 1.73739e-07 6.18079e-08 0.647195 2.27847e-05 0.0155157 0.00533855 0.00217839 0.124641 1.96184e-07 9.00767e-05 0.00312759 1.69428e-07 
0.122643 0.0428064 0.241156 1.30686e-07 0.10832 5.93738e-05 0.0125152 0.00133362 0.134955 0.295321 0.00549586 5.3318e-05 0.0263655 0.00897701 
0.0309434 0.0404424 0.00253279 1.95366e-07 0.0164102 5.57404e-06 0.0019145 1.24755e-06 0.848214 0.0289145 0.00401846 2.99006e-05 0.0265687 3.9441e-06 
0.0755032 0.0823717 0.587303 2.66374e-05 0.0316664 0.000644518 0.046729 0.0137851 0.00936723 0.102915 0.0139736 0.000659213 0.034916 0.000139786 
0.0702901 0.577231 0.0561654 6.26923e-07 0.0458487 1.82426e-05 0.128363 0.000307576 0.0478719 0.0323326 0.0258079 2.72779e-05 0.014328 0.00140729 
0.105554 0.0023568 0.0109405 9.20926e-05 0.056308 0.000369586 0.0789855 0.0309128 0.029583 0.0742381 0.0673578 0.000218412 0.533071 0.0100126 
0.116976 0.0449593 0.00907528 4.51959e-05 0.0696755 9.52519e-05 0.0493632 0.00849419 0.30239 0.143064 0.0380093 0.0122454 0.205319 0.000287649 
0.115706 0.0768955 4.27054e-06 1.66997e-06 0.256336 0.0100251 0.0127002 0.0286769 0.0238987 0.433821 0.00110245 0.000148581 0.0369849 0.00369853 
0.148794 0.00784358 2.62278e-05 9.11489e-06 0.0270432 0.00232211 0.000930588 0.000321906 0.0132593 0.68698 0.073369 0.00063933 0.0384492 1.25391e-05 
0.205209 0.0390335 0.0100014 2.62322e-08 0.00061805 0.00232287 0.04441 0.0267374 0.0389028 0.109367 0.119838 8.72723e-08 0.403487 7.26343e-05 
0.000826632 0.0061331 0.00111869 4.27027e-07 0.00931951 0.00388659 1.90857e-05 8.68998e-05 0.0585704 0.00683902 7.02507e-06 0.00146703 9.10908e-05 0.911634 
0.186196 0.0296498 0.00321305 1.34286e-05 0.536757 0.000176672 0.00435198 0.011191 0.00993261 0.188598 0.00392394 0.00473735 0.0196557 0.00160307 
0.0894489 0.142429 0.0153906 0.000176474 0.0943594 0.000354875 0.00425779 0.00165683 0.0197928 0.569721 0.0203792 0.000308247 0.0404575 0.0012674 
0.33337 0.0777398 0.00986787 0.000393946 0.317344 0.00213669 0.0834565 0.00653711 0.0169238 0.0922086 0.00303667 0.00662821 0.049576 0.000780282 
0.0211174 5.52359e-05 0.00357323 3.39666e-07 0.00267922 0.015386 0.000736694 7.05462e-07 0.846397 0.0264816 0.00272618 5.67272e-06 0.080833 8.19789e-06 
0.0010585 0.00418493 0.017309 2.65136e-06 0.0837191 4.03575e-05 0.842109 0.000384579 0.0168567 0.0231485 5.89207e-05 0.00299484 0.00428809 0.00384498 
0.0539343 0.716948 0.120147 1.39213e-06 0.0104682 6.47414e-06 0.002786 3.32415e-05 0.00504311 0.0214412 0.0288463 3.45538e-06 0.0402825 5.83331e-05 
0.273584 0.0054583 0.000315432 1.57123e-05 0.110229 0.000832834 0.00742814 3.40437e-05 0.0207183 0.0666362 0.00576944 0.506495 0.00177722 0.000706215 
0.169263 0.000169234 0.000226765 3.5429e-07 0.00707812 0.10251 0.00985029 0.01302 0.0103644 0.664634 0.0044841 4.02296e-05 0.0183474 1.11538e-05 
0.00248711 0.00010163 8.86753e-06 1.33733e-06 0.000973198 0.979271 0.000132573 0.00311217 0.00579802 0.0033455 0.000166285 0.000858189 0.0034597 0.000284431 
0.0640533 4.62676e-05 0.00285502 5.40583e-07 0.00453807 0.0127912 0.00234305 0.139034 0.0121235 0.0559113 0.102976 0.000252953 0.601344 0.00173005 
0.00248711 0.00010163 8.86753e-06 1.33733e-06 0.000973198 0.979271 0.000132573 0.00311217 0.00579802 0.0033455 0.000166285 0.000858189 0.0034597 0.000284431 
0.918045 0.00619146 2.25395e-08 1.96122e-08 0.0012151 0.00148918 0.000431689 0.00230181 0.000454282 0.0410554 0.000149208 4.87528e-06 0.0286618 6.37919e-07 
0.0272287 0.0307668 0.0371854 7.88079e-06 0.586963 0.056739 0.0315099 0.000764501 0.0599039 0.118702 0.00190703 0.0424564 0.00371648 0.00214822 
0.0977208 0.72317 0.00838538 1.4795e-05 0.000495268 0.000189789 0.00295107 3.67184e-05 0.110276 0.0538588 0.000602648 0.000570937 0.00171044 1.76464e-05 
0.126898 0.0114647 0.000152969 2.7756e-06 0.0194188 0.00909576 0.000358358 0.00450453 0.511862 0.180002 0.00395775 0.000118387 0.132073 9.17603e-05 
0.227603 0.0333809 0.00160429 4.46607e-06 0.0377398 1.59559e-05 0.087517 0.0343356 0.0199976 0.48217 0.0167343 2.84273e-05 0.0574782 0.00139051 
0.0262001 0.00920569 0.856754 6.11566e-06 0.0278019 2.80079e-05 0.00662409 8.79486e-06 0.00952775 0.0407031 0.00544958 0.00800973 0.00106197 0.00861922 
0.00931718 0.00432961 0.00849056 5.59894e-10 0.200585 8.43065e-09 0.0181601 4.53739e-05 0.00625133 0.7503 0.00079743 2.09608e-05 0.00167967 2.23686e-05 
0.13273 0.000398256 3.78373e-05 5.62522e-11 0.00480816 0.000160545 7.79576e-05 0.000315516 0.0504094 0.782695 0.00429903 1.29041e-05 0.0240562 6.73138e-09 
0.243111 0.151794 0.041033 3.25354e-05 0.0158141 0.000365361 0.256152 0.00351073 0.05121 0.16747 0.0335708 9.14976e-05 0.0346132 0.00123158 
0.138398 0.0438187 0.0340512 0.000394758 0.0707088 0.00190483 0.0125537 0.0212674 0.0454394 0.51894 0.0263992 0.00146631 0.0825166 0.00214152 
0.92317 0.00378806 2.65638e-08 6.6411e-09 0.0543555 0.00022539 0.000732383 6.44194e-06 0.000991721 0.00757945 4.64811e-05 0.000127874 0.00897085 5.35356e-06 
0.0951743 0.00788837 0.00777039 0.00134303 0.47101 0.0138678 0.00811377 0.0248523 0.00278199 0.171124 0.0046386 0.0779184 0.0969553 0.0165622 
0.364016 0.00359647 0.000147089 3.99528e-05 0.246217 0.0383908 0.015852 0.000708248 0.0016923 0.00978283 0.0097998 0.000826742 0.289079 0.0198526 
0.212951 0.00348061 0.00181975 6.75701e-05 0.00734839 0.000146068 0.0310699 0.0506598 0.0186409 0.0907397 0.0178303 0.00343214 0.561722 9.18721e-05 
0.125034 0.0729105 0.0266241 5.72368e-06 0.0264143 0.00975825 0.013706 0.00398789 0.588392 0.0610735 0.00322105 0.000105229 0.0634993 0.00526829 
0.216319 0.00735366 0.0428342 7.38643e-05 0.0550467 0.000150024 0.0483132 0.0194928 0.114336 0.467547 0.00516326 0.000915983 0.0222891 0.000166252 
0.390006 4.53096e-05 3.00647e-10 1.20691e-10 0.000784362 0.00226774 0.000983484 1.61592e-08 0.010385 0.563773 0.00162518 5.91872e-09 0.0301292 1.00691e-08 
0.150347 0.0384297 0.0400331 1.32653e-05 0.0678187 0.00300314 0.0409866 0.00135352 0.352062 0.190936 0.0286161 0.000337722 0.0849911 0.00107082 
0.0935418 0.046906 0.00966225 0.000178684 0.119202 0.00604719 0.016403 0.0142671 0.467138 0.104752 0.00218391 0.0016451 0.0219297 0.0961439 
0.603196 0.000471308 1.8502e-10 7.50409e-11 0.00328192 0.00182088 0.000807983 1.94089e-05 0.0107765 0.362478 0.000812604 5.14862e-06 0.0162346 9.53001e-05 
0.00637222 0.0134697 0.000969582 7.06974e-05 0.515821 0.0568382 0.0263758 0.00672443 0.113604 0.195389 0.00051993 0.0370184 0.0255301 0.00129759 
0.158408 0.0112223 0.000392759 1.52416e-06 0.00252833 8.5287e-06 0.00491878 0.000153447 0.0187659 0.783125 0.0156478 2.40271e-05 0.00479377 9.42431e-06 
0.00992113 0.0143061 0.00434173 2.83039e-05 0.018711 0.00114137 0.00181995 0.0278416 0.564309 0.0935027 0.058159 0.000270299 0.146879 0.0587692 
0.00367755 0.00103517 0.000586802 7.62316e-06 0.0133572 1.29125e-05 0.000602584 0.00773555 0.00323385 0.00548846 0.000410188 0.000598779 0.000476569 0.962777 
0.165361 0.0774703 0.0174982 0.000386121 0.456946 0.00127982 0.0110631 0.0107345 0.0397598 0.174978 0.000999056 0.0123929 0.0242199 0.00691178 
0.201995 7.79756e-05 0.000461433 2.73916e-07 0.00450942 0.000615577 3.0741e-05 7.26112e-06 0.426211 0.0321881 0.260328 1.3903e-05 0.0735611 5.78026e-07 
0.0152565 0.0132755 0.0146156 1.50264e-05 0.105572 0.000201217 0.00121742 0.102849 0.0445075 0.017491 0.000126247 0.580267 0.00753942 0.0970666 
0.0443491 0.0288281 0.188878 3.55882e-07 0.0145478 1.46323e-05 0.0385705 5.70837e-07 0.19909 0.122432 2.03535e-06 4.38593e-07 0.363285 1.14221e-06 
0.470752 0.00712081 0.000341858 3.34516e-06 0.00589959 5.1441e-05 0.00548349 0.00303351 0.0108804 0.476179 0.00108494 1.83908e-05 0.0190261 0.000125268 
0.133738 0.198664 0.0108896 4.31292e-12 0.00475444 3.8592e-05 0.000153088 0.136803 0.00703312 0.467667 0.0191169 4.53151e-05 0.0210063 9.01018e-05 
0.000521017 1.25827e-05 3.73453e-06 5.44492e-13 5.08129e-09 0.933624 1.95422e-05 0.000453302 1.31939e-05 7.75925e-05 0.000174374 1.71671e-05 0.0650559 2.71308e-05 
0.00458722 0.000750241 3.28861e-06 1.19915e-09 0.383641 4.39239e-05 1.46736e-05 0.0266672 0.0822669 0.060492 0.00748809 0.347657 0.0863864 2.06735e-06 
0.196446 0.0880446 0.217345 2.80653e-06 0.200988 0.0140347 0.0289587 0.0643153 0.0279913 0.044789 0.0560704 3.07884e-06 0.0607516 0.000259465 
0.053777 0.0368579 0.0860082 5.60612e-06 0.494576 5.56474e-05 0.0125386 0.0311707 0.00288802 0.271995 0.00633642 1.31701e-05 0.00341895 0.000358833 
0.47432 0.0389089 0.00706336 7.94323e-05 0.00158047 0.0443222 0.0189988 0.00664849 0.237832 0.0853722 0.0032814 0.000100636 0.0786694 0.00282316 
0.017829 0.000544442 0.000271658 5.51696e-05 0.0315879 0.0130398 0.00525927 0.00427516 0.816705 0.022037 0.0105822 0.000375333 0.0741242 0.00331432 
0.104672 0.105031 9.53212e-09 2.38002e-12 0.0071784 6.10475e-09 1.97392e-07 8.06851e-05 0.00949455 0.761694 0.00237255 2.68938e-05 0.00942377 2.53275e-05 
0.0205298 0.00413775 0.0648527 1.02908e-07 0.0606418 5.29773e-07 0.00320071 0.0190789 0.343971 0.357164 0.00691853 0.000476558 0.0345865 0.0844413 
0.00248711 0.00010163 8.86753e-06 1.33733e-06 0.000973198 0.979271 0.000132573 0.00311217 0.00579802 0.0033455 0.000166285 0.000858189 0.0034597 0.000284431 
0.0689625 0.12614 0.00168003 1.29408e-05 0.0117585 0.0719902 0.00584955 0.0078723 0.528138 0.0950695 0.00359039 0.00269024 0.0408981 0.0353481 
0.00248711 0.00010163 8.86753e-06 1.33733e-06 0.000973198 0.979271 0.000132573 0.00311217 0.00579802 0.0033455 0.000166285 0.000858189 0.0034597 0.000284431 
0.12402 0.161799 0.00139986 1.08474e-06 0.134871 0.168997 0.00152697 0.00260362 0.0755557 0.205212 0.0335543 0.000376616 0.0889132 0.00117026 
0.0931514 0.0137887 0.0416812 2.33183e-07 0.294186 0.00272982 0.0210821 0.00805448 0.278104 0.136483 0.0214449 0.000851442 0.0838286 0.00461432 
0.00248711 0.00010163 8.86753e-06 1.33733e-06 0.000973198 0.979271 0.000132573 0.00311217 0.00579802 0.0033455 0.000166285 0.000858189 0.0034597 0.000284431 
0.0866359 0.00672186 0.0151332 4.54164e-06 0.789475 0.000543357 0.00147618 1.75897e-05 0.00920398 0.075526 0.00661271 0.00803969 0.000584387 2.52665e-05 
0.0141275 0.0270344 0.591184 2.64573e-07 0.0733483 6.62627e-05 0.0139833 0.000154994 0.149233 0.0533798 0.0451826 0.000141392 0.0321638 3.35648e-07 
0.15884 0.0132219 0.00155816 1.56517e-06 0.0487205 1.84426e-06 0.00698664 0.000204728 0.421722 0.193157 0.0487174 2.67331e-05 0.104894 0.0019484 
0.12861 0.130122 2.71e-05 1.88826e-05 0.00556572 0.00201597 0.0486521 0.229422 0.0140641 0.043481 0.00245115 7.73003e-05 0.395472 1.98854e-05 
0.144374 0.0120259 0.0374501 5.54251e-05 0.153171 0.00255869 0.0351656 0.0193995 0.0330567 0.505272 0.0111978 0.00442352 0.041512 0.000337112 
0.364016 0.00359647 0.000147089 3.99528e-05 0.246217 0.0383908 0.015852 0.000708248 0.0016923 0.00978283 0.0097998 0.000826742 0.289079 0.0198526 
0.269788 0.0308807 0.0159906 2.29169e-05 0.0200851 0.00121802 0.00665601 0.000383353 0.0604995 0.401233 0.00541056 0.000396228 0.0353512 0.152085 
0.703621 0.0200815 0.00129957 1.16538e-05 0.0504635 2.40093e-05 0.0193006 0.00064789 0.00298528 0.17778 0.0131496 0.000361903 0.0101713 0.000102694 
0.00458722 0.000750241 3.28861e-06 1.19915e-09 0.383641 4.39239e-05 1.46736e-05 0.0266672 0.0822669 0.060492 0.00748809 0.347657 0.0863864 2.06735e-06 
0.00696558 0.00219487 0.0993415 4.54449e-07 0.0374343 1.44677e-06 0.224234 0.0190378 0.130738 0.32436 0.0099162 5.54953e-07 0.145574 0.000202076 
0.0482643 0.008415 0.015501 3.81677e-06 0.0649333 0.0175626 0.00456835 0.00242746 0.513973 0.0326059 0.241512 0.000771628 0.0476396 0.00182183 
0.110127 0.118925 0.0250561 3.41673e-05 0.218034 0.0285976 0.0125862 0.00334148 0.0542551 0.3578 0.00307782 0.00301706 0.0645779 0.000570577 
0.225553 0.0629175 0.012611 7.68804e-06 0.0891483 8.88553e-05 0.0159105 0.0106502 0.0229876 0.537053 0.00432395 7.2612e-05 0.0186478 2.84474e-05 
0.0149728 0.0289388 0.613877 9.52413e-06 0.0864184 5.31495e-05 0.0204492 0.0485782 0.0328656 0.0824554 0.00481595 0.0138503 0.0260012 0.0267146 
0.0184308 0.00484946 0.0740357 1.34407e-10 0.356558 6.94579e-07 2.09959e-07 0.000146304 0.316906 0.0144049 0.139704 0.00333322 0.0711248 0.00050668 
0.00911296 0.043455 9.88652e-05 3.94788e-05 0.0218066 0.00305559 0.0013562 0.00669852 0.79853 0.0417993 0.00111429 0.00464893 0.0535421 0.0147424 
0.00248711 0.00010163 8.86753e-06 1.33733e-06 0.000973198 0.979271 0.000132573 0.00311217 0.00579802 0.0033455 0.000166285 0.000858189 0.0034597 0.000284431 
0.0249367 0.000389901 0.000417975 3.61287e-10 0.00131231 1.07653e-05 0.00903133 0.000782984 0.00712392 0.0116463 0.0129265 4.92815e-05 0.931348 2.37698e-05 
0.136088 0.190687 0.00822031 1.94208e-05 0.0231272 7.20054e-05 0.00537098 0.000289344 0.0189989 0.603548 0.00533151 0.000167074 0.00797694 0.000102999 
0.00398625 0.000446546 2.78642e-05 4.80881e-08 0.00109857 3.47193e-06 9.13211e-05 9.2666e-05 0.987152 4.83056e-05 0.00125003 0.000808687 0.00498314 1.09344e-05 
0.383574 0.0101329 2.70897e-07 2.70748e-07 0.0127886 0.00100198 0.0023839 2.70928e-07 0.0870488 0.459554 0.00620376 0.000840037 0.0364712 2.70793e-07 
0.0302871 0.00846724 0.00485642 3.7458e-05 0.391222 0.228135 0.00179284 0.0001635 0.0987354 0.124769 0.00284341 0.0681525 0.0401935 0.000343977 
0.636901 0.0390151 0.00786855 0.000339259 0.0119007 0.000498677 0.0163943 0.00915279 0.0359247 0.123344 0.0138423 0.00265194 0.100127 0.00203835 
0.00367755 0.00103517 0.000586802 7.62316e-06 0.0133572 1.29125e-05 0.000602584 0.00773555 0.00323385 0.00548846 0.000410188 0.000598779 0.000476569 0.962777 
0.283938 0.129495 1.40205e-05 3.0175e-06 0.0495402 0.000403191 0.00693145 0.024155 0.113774 0.0155788 0.00348108 0.00339231 0.00962305 0.359671 
0.0880892 0.00570812 0.0139625 1.36699e-05 0.0173924 0.000473109 0.00345185 0.00308624 0.669016 0.0627081 0.0209184 2.06013e-05 0.114455 0.000705166 
0.108684 0.157019 0.000701775 1.5785e-05 0.0955244 0.0392647 0.00598013 0.0191514 0.442643 0.0208541 0.000311778 0.00028452 0.10485 0.0047153 
0.901103 0.0554144 0.000808963 5.41927e-08 0.000488792 0.000144914 0.00669221 6.75433e-06 0.00383807 0.0189886 0.000286413 3.57604e-06 0.0122213 2.43096e-06 
0.0373149 0.129302 0.0238015 2.32332e-09 0.075601 2.48398e-06 2.01813e-06 1.40944e-07 0.0578296 0.666948 8.9294e-07 7.88146e-07 0.00919638 2.52517e-07 
0.0140893 0.000285022 0.040771 2.22274e-07 0.000780849 4.85078e-05 0.0073669 0.0128259 0.0711154 0.00291146 0.059749 0.000105478 0.789814 0.000136855 
0.239868 0.0278501 0.0260731 2.02173e-06 0.00605405 2.0048e-05 0.152536 0.040367 0.0431745 0.0527378 0.0455363 1.62693e-05 0.361807 0.00395752 
0.0489625 0.0926619 0.0480781 1.28425e-06 0.0566092 9.11978e-05 0.00275388 0.0015714 0.491494 0.175283 0.0142382 0.000221162 0.0574761 0.0105589 
0.00528704 8.92214e-05 0.00770731 4.8325e-09 0.818309 0.00107545 4.49867e-05 0.00303386 0.0149513 0.00928556 0.000894215 0.131514 0.00630838 0.00149976 
0.0991176 0.00303057 0.00108836 4.11694e-11 0.00582606 0.000463691 0.0325523 0.00284047 0.00251593 0.0180836 0.166616 1.32007e-08 0.667865 2.37657e-08 
0.364016 0.00359647 0.000147089 3.99528e-05 0.246217 0.0383908 0.015852 0.000708248 0.0016923 0.00978283 0.0097998 0.000826742 0.289079 0.0198526 
0.0122836 0.000488228 0.000522395 0.000208442 0.187263 0.00111665 0.000682575 0.0997909 0.00799866 0.0658938 0.00555227 0.000262622 0.0765953 0.541342 
0.212737 0.0259296 0.00858855 0.000605209 0.200952 0.0743852 0.00815928 0.0136519 0.167857 0.212619 0.0104796 0.00151613 0.0601941 0.00232452 
0.00248711 0.00010163 8.86753e-06 1.33733e-06 0.000973198 0.979271 0.000132573 0.00311217 0.00579802 0.0033455 0.000166285 0.000858189 0.0034597 0.000284431 
0.00136514 0.0494112 0.003329 3.32231e-07 0.00465511 3.54925e-07 0.573586 0.000217833 0.324427 0.010111 0.0129945 0.000497088 0.0194049 6.67865e-07 
0.0239246 0.00478634 0.000518432 2.47417e-05 0.0548627 0.530262 0.000207789 0.00280436 0.035928 0.256559 0.0342632 0.0197245 0.035538 0.000595507 
0.0548625 0.0401383 9.04286e-06 4.08933e-07 0.0882408 0.555977 0.00543947 0.000150201 0.158006 0.0297828 0.00245532 0.0567795 0.00814322 1.5965e-05 
0.194285 0.084652 0.017582 1.41044e-05 0.0323363 0.000231139 0.00591263 0.000702324 0.390221 0.173055 0.0509715 0.000234225 0.0142736 0.0355289 
0.000145175 0.000453894 0.00534119 8.5054e-07 0.0123743 0.000171466 7.13633e-05 0.0347074 0.74731 0.0109943 0.128827 0.00125278 0.0022513 0.0560992 
0.683017 0.00208551 0.000330522 4.57863e-07 0.0661978 7.1215e-05 0.0044437 0.000658075 0.00115092 0.0177052 0.14284 0.000154445 0.0811192 0.000225739 
0.00528704 8.92214e-05 0.00770731 4.8325e-09 0.818309 0.00107545 4.49867e-05 0.00303386 0.0149513 0.00928556 0.000894215 0.131514 0.00630838 0.00149976 
0.151737 0.00873854 0.00669851 0.00024644 0.0867021 0.00786968 0.0147139 0.0100507 0.0119345 0.0562206 0.0871055 0.0139163 0.543306 0.000760165 
0.00367755 0.00103517 0.000586802 7.62316e-06 0.0133572 1.29125e-05 0.000602584 0.00773555 0.00323385 0.00548846 0.000410188 0.000598779 0.000476569 0.962777 
0.672405 0.00525556 6.21695e-09 3.98499e-09 0.00117634 0.0277196 0.0709101 0.0396073 0.0161573 0.0927892 0.0068464 4.93189e-05 0.0669937 8.98773e-05 
0.125649 0.014213 4.49216e-08 3.68079e-12 0.00192843 0.00031454 0.000430616 0.000164791 0.250897 0.600656 0.000364588 0.000196415 0.00491061 0.000275067 
0.0636221 0.0292214 0.00204072 0.000114707 0.0559181 0.00508864 0.00166968 0.469503 0.0268574 0.283067 0.00381125 0.0195842 0.0392972 0.000204456 
0.0086604 0.00363521 0.00440048 3.88861e-06 0.100055 6.76768e-05 0.00259412 0.0095389 0.0260807 0.827111 0.0016355 0.00023016 0.0145372 0.00145038 
0.469056 0.133425 0.191978 3.75211e-07 0.0156989 2.40044e-06 0.0870353 0.00291581 0.0244777 0.0707263 0.00051611 4.77099e-06 0.00416331 4.71064e-07 
0.133006 0.010781 0.00202895 9.99926e-05 0.0165256 0.000405808 0.00284072 0.00312476 0.482958 0.23957 0.0142064 0.000190331 0.0935363 0.000725746 
0.00248711 0.00010163 8.86753e-06 1.33733e-06 0.000973198 0.979271 0.000132573 0.00311217 0.00579802 0.0033455 0.000166285 0.000858189 0.0034597 0.000284431 
0.013782 0.00159416 0.00835207 2.57696e-05 0.619517 0.000216366 0.00251323 0.000939032 0.0131553 0.0594696 0.000209936 0.279364 0.000772952 8.91146e-05 
0.00248711 0.00010163 8.86753e-06 1.33733e-06 0.000973198 0.979271 0.000132573 0.00311217 0.00579802 0.0033455 0.000166285 0.000858189 0.0034597 0.000284431 
0.00248711 0.00010163 8.86753e-06 1.33733e-06 0.000973198 0.979271 0.000132573 0.00311217 0.00579802 0.0033455 0.000166285 0.000858189 0.0034597 0.000284431 
0.607314 0.00348335 0.000910937 2.78252e-05 0.0129704 0.000327944 0.00513167 0.0619693 0.0292616 0.0505727 0.0259467 0.000918752 0.201101 6.43515e-05 
0.550805 0.0161592 0.000871664 7.52991e-05 0.00838525 0.00174523 0.00370513 0.0359741 0.0162683 0.328766 0.00210895 8.45279e-05 0.0348672 0.000184687 
0.946127 0.00978172 4.99792e-08 8.50264e-12 9.69651e-05 0.000156609 0.000725622 4.90708e-08 0.00856627 0.0324042 0.000322964 6.22202e-07 0.00181729 2.08615e-07 
0.0114955 0.00165761 0.00254485 5.68762e-05 0.019772 0.000228142 0.0160992 0.000172575 0.0932991 0.00578244 0.00507585 0.828097 0.0156529 6.60038e-05 
0.0278366 0.00352857 0.00735246 5.99933e-05 0.095525 9.23637e-05 0.000717938 0.0431949 0.0345271 0.0370466 0.00936904 0.00238521 0.024788 0.713576 
0.0853894 0.0301561 0.0449133 6.64587e-08 0.0186783 3.2723e-05 0.4332 6.36325e-05 0.00100532 0.384023 0.00239971 5.03436e-06 7.57619e-05 5.70942e-05 
0.477408 0.00525169 1.04466e-08 8.2049e-09 0.000460467 0.060545 0.141059 0.0974241 0.0247011 0.0273688 0.0113723 6.87856e-05 0.154341 6.61724e-08 
0.00248711 0.00010163 8.86753e-06 1.33733e-06 0.000973198 0.979271 0.000132573 0.00311217 0.00579802 0.0033455 0.000166285 0.000858189 0.0034597 0.000284431 
0.364016 0.00359647 0.000147089 3.99528e-05 0.246217 0.0383908 0.015852 0.000708248 0.0016923 0.00978283 0.0097998 0.000826742 0.289079 0.0198526 
0.212512 0.018922 0.00323753 0.000224791 0.0235804 0.216748 0.00725089 0.00522696 0.101761 0.154508 0.00921704 0.0102627 0.235608 0.000941824 
0.697219 0.00444002 0.00230459 2.42902e-07 0.00372522 0.000372137 0.0312024 0.000531468 0.00705997 0.187608 0.0138619 6.15173e-06 0.0516479 2.11907e-05 
0.330248 0.0157224 0.0118956 0.000137407 0.0849524 0.0329656 0.0107924 0.0336504 0.00499056 0.310676 0.00652247 0.102788 0.0542247 0.000433602 
0.0251733 0.00889201 0.00825134 7.32097e-05 0.0330072 0.0010568 0.0316473 0.411959 0.0290139 0.0557254 0.0268176 0.00916166 0.359139 8.26329e-05 
0.0188303 0.00274431 0.000899822 8.07587e-09 0.00206608 0.000562537 0.00121735 0.000607068 0.0197247 0.0039876 0.93235 2.19228e-05 0.016976 1.26538e-05 
0.0603809 5.76073e-06 8.69936e-05 1.52337e-09 0.00233364 0.000607176 0.000674917 1.9457e-05 0.0900728 0.21756 0.0997533 1.61754e-06 0.528503 8.11893e-08 
0.0494398 0.00936188 0.000231018 0.000174909 0.0183106 0.640106 0.00189607 0.00426903 0.044056 0.21425 0.000542744 0.000377521 0.0155918 0.00139252 
0.0326279 0.00219179 0.000722185 7.04e-07 0.00734383 0.0118885 0.0025639 0.000114283 0.00283263 0.0169318 0.863583 0.00015453 0.0572048 0.00183978 
0.00458722 0.000750241 3.28861e-06 1.19915e-09 0.383641 4.39239e-05 1.46736e-05 0.0266672 0.0822669 0.060492 0.00748809 0.347657 0.0863864 2.06735e-06 
0.470752 0.00712081 0.000341858 3.34516e-06 0.00589959 5.1441e-05 0.00548349 0.00303351 0.0108804 0.476179 0.00108494 1.83908e-05 0.0190261 0.000125268 
0.500738 0.0222018 0.0177722 0.000742804 0.0571253 0.000934877 0.00909054 0.0238091 0.0166109 0.258903 0.0299945 0.00128706 0.0589607 0.00182891 
0.0644571 0.414862 0.101597 4.38744e-07 0.00909152 0.000457041 0.00149396 0.0737571 0.0445062 0.249838 0.00813266 0.000139154 0.0313047 0.00036308 
0.556396 0.00135377 0.000161484 9.84617e-06 0.002109 0.00210021 0.0135833 0.0402317 0.017096 0.301252 0.0165717 0.000160262 0.0488946 8.04032e-05 
0.0787659 0.0474923 0.146665 2.84709e-05 0.0134986 0.000356417 0.00580979 0.00127059 0.265529 0.230431 0.0116573 0.000140035 0.170414 0.0279418 
0.00456674 0.0063365 0.0344805 2.73887e-05 0.461763 6.57885e-05 0.270414 0.000395152 0.0105251 0.189286 0.00976318 0.0103458 0.00199181 3.94815e-05 
0.0843154 8.61557e-07 0.000236746 1.28842e-07 0.0490834 0.296765 0.005386 0.00990608 0.367093 0.0643391 0.00142929 0.0015356 0.118945 0.000964802 
0.0304165 0.0145459 0.00306708 2.37482e-05 0.0961539 0.00557904 0.00565832 0.0258096 0.00651225 0.786069 0.000358857 0.0211836 0.00439192 0.000230279 
0.0129092 0.0411361 0.00150828 2.87718e-05 0.512492 0.036663 0.00317613 7.15879e-05 0.0209422 0.349185 0.000418989 0.012713 0.00766805 0.00108699 
0.00599292 0.596675 8.60667e-07 6.99329e-08 0.0131419 0.000189412 6.47542e-07 0.00133449 0.0270734 0.325126 0.00805218 0.000874532 0.0189387 0.00259972 
0.069479 0.00245264 0.00203511 0.000112775 0.025825 0.245247 0.00424514 0.149324 0.00598914 0.03301 0.016304 0.226721 0.126506 0.0927482 
0.73837 0.0997261 0.00027409 6.64437e-06 0.0110025 8.60022e-06 0.0214858 0.0158526 0.000923873 0.0933059 0.000430874 2.01759e-05 0.018341 0.000251529 
0.00367755 0.00103517 0.000586802 7.62316e-06 0.0133572 1.29125e-05 0.000602584 0.00773555 0.00323385 0.00548846 0.000410188 0.000598779 0.000476569 0.962777 
0.0078624 0.00413996 2.71887e-07 9.33814e-09 0.0102578 0.0434848 0.00156609 0.495475 0.353793 0.0143202 0.000784206 0.000640058 0.067595 8.09889e-05 
0.198752 0.00728615 0.000932651 3.76667e-07 0.0161035 0.00613174 0.0064277 0.00427866 0.367403 0.332741 0.0117871 6.83854e-05 0.0477743 0.000313608 
0.187037 0.0191486 0.00535387 6.45436e-05 0.111227 0.00205041 0.00193945 0.0471361 0.177083 0.298849 0.0188348 0.0187669 0.108406 0.00410372 
0.0274993 0.025127 0.247942 4.64141e-07 0.0375759 0.0033885 0.00612982 0.00116159 0.436161 0.145067 0.0235452 0.00729139 0.0374855 0.00162523 
0.0928462 0.0349363 0.0034443 1.47281e-05 0.205787 0.327505 0.00745879 0.0178695 0.0441442 0.185155 0.00358739 0.0343255 0.0427261 0.00019966 
0.706201 0.0177858 0.0126571 4.80231e-06 0.00441746 4.23126e-05 0.0408959 0.00345082 0.00477412 0.172997 0.00377271 2.58231e-05 0.0328912 8.3727e-05 
0.723472 0.0656435 0.000951222 4.41534e-06 0.0229651 7.16412e-05 0.00273038 8.9943e-05 0.0163337 0.157326 0.00173435 9.19787e-05 0.00830022 0.000285914 
0.147458 0.00764021 0.00382275 1.55062e-05 0.0671474 0.0011297 0.0487274 0.00665827 0.296111 0.328288 0.00357161 0.0358501 0.0535502 2.97883e-05 
0.17872 0.00144799 0.00303959 1.71577e-05 0.00847641 0.000249529 0.00348903 0.0471033 0.0188186 0.656766 0.0029689 7.40745e-05 0.0766365 0.00219358 
0.00742313 0.0188243 0.0512038 2.971e-07 0.00412893 9.21116e-06 0.000526276 0.000991896 0.866773 0.0140976 0.00975862 0.000257253 0.0259887 1.74218e-05 
0.465917 0.0955559 0.00142207 4.99658e-06 0.0044251 0.00914364 0.00103652 0.00130264 0.0165952 0.281879 0.061318 0.000111378 0.0612752 1.35693e-05 
0.521041 0.0154295 0.0029285 3.43302e-08 0.00365291 3.10435e-07 0.00864655 3.68619e-05 0.129299 0.281657 0.0124011 9.48774e-08 0.024796 0.000111773 
0.946127 0.00978172 4.99792e-08 8.50264e-12 9.69651e-05 0.000156609 0.000725622 4.90708e-08 0.00856627 0.0324042 0.000322964 6.22202e-07 0.00181729 2.08615e-07 
0.0188361 0.00186559 0.000448138 0.000131469 0.0144101 0.197272 0.00374108 0.00243349 0.0064564 0.0287878 0.00108569 0.71545 0.00892239 0.000160032 
0.567671 0.015304 0.000199715 1.97151e-06 0.00723494 0.00330466 0.00292775 0.00661469 0.00782973 0.329051 0.018922 3.91659e-05 0.0408746 2.54936e-05 
0.179641 0.0231536 0.00466275 1.22049e-10 0.0400186 0.00294323 0.00804345 0.0185294 0.195069 0.236277 0.0094318 6.76225e-05 0.28201 0.00015163 
0.00248711 0.00010163 8.86753e-06 1.33733e-06 0.000973198 0.979271 0.000132573 0.00311217 0.00579802 0.0033455 0.000166285 0.000858189 0.0034597 0.000284431 
0.0337685 0.062553 0.0203954 1.60404e-05 0.0245171 0.000216944 0.00192568 9.7873e-05 0.726869 0.0826096 0.0028804 5.02296e-05 0.0438874 0.000212723 
0.00248711 0.00010163 8.86753e-06 1.33733e-06 0.000973198 0.979271 0.000132573 0.00311217 0.00579802 0.0033455 0.000166285 0.000858189 0.0034597 0.000284431 
0.187388 0.0120269 0.00962576 2.31349e-05 0.332916 0.000707259 0.00101685 0.00010175 0.0595796 0.264694 0.0206455 0.104468 0.00672354 8.40891e-05 
0.0267783 0.00725354 0.000528155 1.23848e-08 0.338295 0.0127824 0.000132168 0.0211538 0.236846 0.00367654 0.239908 0.00199287 0.00363701 0.107016 
2.73896e-05 0.00527034 3.38605e-05 8.18709e-06 0.0942619 7.52092e-05 0.000473705 0.00963769 0.0173733 0.0109174 3.56036e-05 0.00605539 0.000680358 0.85515 
0.12363 0.034306 0.0210851 2.26953e-06 0.0302458 5.0971e-06 0.00485536 0.00046499 0.369124 0.073835 0.146254 3.02845e-06 0.196091 9.78163e-05 
0.00458722 0.000750241 3.28861e-06 1.19915e-09 0.383641 4.39239e-05 1.46736e-05 0.0266672 0.0822669 0.060492 0.00748809 0.347657 0.0863864 2.06735e-06 
0.12803 0.0315486 0.0662569 1.09104e-07 0.0172303 1.16557e-07 0.13887 6.52667e-06 0.0297947 0.416275 0.103874 3.12112e-05 0.0680764 5.47865e-06 
0.319534 0.00533189 0.00677999 4.95689e-06 0.0269275 0.00797799 0.0503637 0.000637651 0.0898566 0.424064 0.0112081 0.010562 0.0467221 2.91668e-05 
0.00430121 0.00293133 0.00348925 4.84845e-10 3.5592e-07 2.72179e-06 0.020654 0.0149355 0.102906 0.00122207 0.0240102 0.000569117 0.799088 0.0258902 
0.0144676 0.00410992 0.243671 2.67907e-05 0.166136 0.000120701 0.0194114 0.000202789 0.25711 0.20247 0.0661897 0.000237103 0.0258002 4.62519e-05 
0.115262 0.0306662 0.00302553 0.00041913 0.338095 0.00134746 0.0183497 0.0231492 0.0420905 0.117623 0.00802713 0.263933 0.0374856 0.000526685 
0.00560645 0.00166411 0.0695497 1.58719e-08 0.0030948 2.65546e-05 0.000198267 9.54303e-08 0.763135 0.0597995 0.0559449 4.34552e-05 0.0409365 4.55995e-07 
0.409128 0.00117444 0.00249659 4.90952e-06 0.00458568 8.00688e-05 0.00220391 0.0304315 0.234874 0.159453 0.148167 6.00077e-06 0.00738201 1.31525e-05 
0.000232566 0.000151468 0.000479761 6.69e-06 0.00484094 2.52657e-05 7.48902e-06 5.80082e-05 0.954604 0.0127008 0.00997189 2.34025e-05 0.0163634 0.000534632 
0.315604 0.0203459 0.00563087 1.48024e-07 0.0242901 0.00155149 0.0915104 0.000141476 0.00467445 0.505184 0.0173798 1.43746e-06 0.0120512 0.00163478 
0.0773104 0.0452439 0.0530436 5.3546e-06 0.306911 0.0001611 0.0450679 0.00129434 0.1805 0.237065 0.00617322 0.0142813 0.0320482 0.000894336 
0.843335 0.0292288 5.56915e-05 3.82021e-06 0.00316277 0.0182307 0.00487498 0.00361449 0.0129552 0.0625615 0.00133336 0.00010043 0.0205092 3.34875e-05 
0.887188 0.00835484 3.42538e-05 2.09822e-08 0.0352764 0.00031371 0.000377519 0.0165926 0.00516337 0.0384759 4.8112e-05 0.000561448 0.00747645 0.000137102 
0.115776 0.0043643 0.00589693 2.69967e-06 0.00791854 0.000220216 7.63659e-05 0.247329 0.00372303 0.0259557 0.0428651 3.34624e-05 0.545819 1.90336e-05 
0.0696899 0.0411463 0.00141033 7.52228e-05 0.0963087 0.000420295 0.005022 0.00187936 0.187661 0.379902 0.000952443 0.00342608 0.0194019 0.192704 
0.0276831 0.00668162 0.0264068 9.78352e-05 0.0702825 0.000159638 0.000948676 0.0184354 0.076492 0.024413 0.00974672 0.00311193 0.0265665 0.708974 
0.015102 0.000406001 2.54097e-06 1.14417e-06 0.0363735 0.000183839 9.19044e-05 0.00059402 0.885651 0.00298566 2.60401e-05 0.00170661 0.0467306 0.0101453 
0.0354326 0.000485147 0.0039567 0.000129807 0.85844 0.000555893 0.000155894 0.00433687 0.00920676 0.00713493 0.000587436 0.0665989 0.0119689 0.00101048 
0.316272 0.0065251 0.0170545 8.15669e-05 0.0485053 0.00678438 0.0107894 0.0234303 0.0145635 0.522429 0.00411452 0.00012494 0.0291144 0.000210891 
0.505468 0.000557215 2.93935e-08 2.88728e-08 0.482546 0.00062872 0.000542187 7.3006e-05 0.00205231 0.00175377 0.000851441 0.000264909 0.00518434 7.87995e-05 
0.259154 0.00374441 1.76807e-08 1.28485e-08 0.0055764 0.000103606 0.000173707 0.00370485 0.00518109 0.690625 0.00497065 9.54925e-06 0.0267569 1.35358e-08 
0.0252021 0.00191635 8.06874e-05 1.38352e-06 0.00208077 0.148067 0.000181243 0.0176009 0.00148047 0.00757034 0.451488 6.36219e-05 0.342928 0.00133883 
0.0927003 0.012128 0.0052265 7.45047e-05 0.0660135 0.0102641 0.00712508 0.00327823 0.315922 0.210565 0.0153616 0.000528156 0.252885 0.00792747 
0.637299 0.128694 8.55655e-05 4.02557e-05 0.0280463 0.00072392 0.00795819 0.0404917 0.0120839 0.12739 0.0012556 5.85641e-05 0.0157413 0.000132128 
0.163839 0.013218 0.149406 3.04144e-08 0.0265143 2.21193e-07 0.00667514 0.00452718 0.283643 0.173223 0.0733041 5.26095e-08 0.105582 6.75593e-05 
0.350486 0.00573636 0.00174298 4.23847e-06 0.00735713 0.000862306 0.000671858 0.042917 0.287196 0.177679 0.0475785 0.000115631 0.0733671 0.00428536 
0.218857 0.261733 0.000754776 6.25405e-05 0.00347611 0.000202534 0.00370536 0.000374592 0.0622207 0.433362 0.0025561 6.69902e-05 0.0124913 0.000136835 
0.145766 0.0250807 0.00255018 8.7087e-06 0.102906 0.00080134 0.00252497 0.044273 0.0535349 0.597183 0.000950097 0.000810337 0.0155483 0.00806313 
0.0544128 0.016 0.0300887 3.35195e-06 0.145831 0.000227855 0.0300988 0.0246922 0.0453007 0.605689 0.011105 8.22214e-05 0.0364009 6.75615e-05 
0.0302328 0.0111765 0.015866 8.63082e-05 0.0860752 0.000382675 0.0198715 0.613381 0.0746228 0.035067 0.00915926 0.000484527 0.102411 0.00118295 
0.672405 0.00525556 6.21695e-09 3.98499e-09 0.00117634 0.0277196 0.0709101 0.0396073 0.0161573 0.0927892 0.0068464 4.93189e-05 0.0669937 8.98773e-05 
0.0474041 0.0339783 0.0062916 6.28421e-05 0.177249 0.000977904 0.000211387 0.000498353 0.633979 0.084829 0.00911507 0.000598431 0.00425662 0.000547933 
0.00248711 0.00010163 8.86753e-06 1.33733e-06 0.000973198 0.979271 0.000132573 0.00311217 0.00579802 0.0033455 0.000166285 0.000858189 0.0034597 0.000284431 
0.16137 0.268749 0.0103168 0.00012153 0.110851 0.000186939 0.0156392 0.0138038 0.137928 0.106721 0.0102069 0.00180183 0.0248377 0.137467 
0.153886 0.0372312 0.0189472 3.02984e-07 0.0143112 0.00157573 0.00918477 0.00779219 0.0830421 0.481705 0.0301332 0.00194043 0.160251 3.03034e-07 
0.515751 0.00321677 0.000109835 6.23099e-05 0.0147687 0.000153627 0.00211424 9.60162e-05 0.0409027 0.361036 0.0335326 9.89914e-05 0.0280927 6.50028e-05 
0.00568203 0.00712062 0.0157935 4.79921e-06 0.0199622 0.0770821 7.6234e-05 0.0728081 0.713567 0.0385234 0.0124185 0.00140844 0.03412 0.00143293 
0.152761 0.0511945 0.0141583 2.44117e-05 0.0148345 0.000193411 0.433602 0.000125872 0.00613135 0.00292579 0.27009 0.0163025 0.0375628 9.36281e-05 
0.0164836 0.000551788 0.011789 6.32293e-06 0.0696544 0.00223391 6.67028e-05 0.00223419 0.61339 0.131151 0.0920754 0.000175004 0.0601146 7.39328e-05 
0.0105477 0.00212298 7.71264e-06 3.9509e-06 0.00059817 0.00753344 0.000165525 0.0279977 0.0212965 0.0100249 0.621846 8.49002e-06 0.297753 9.34114e-05 
0.456319 0.0475155 0.00387334 1.88167e-05 0.0477552 7.1165e-05 0.0501093 0.000358273 0.0566173 0.262932 0.0451027 3.57096e-05 0.0288456 0.000446496 
0.264618 0.435874 0.0249968 6.82474e-06 0.0344558 4.1046e-05 0.00455911 0.00418766 0.0433358 0.162427 0.0135245 0.000113713 0.0118203 3.95754e-05 
0.00794603 0.00071352 0.00389074 2.92549e-09 0.0487768 0.000406775 0.000687204 0.0054856 0.445445 0.0289664 0.00297875 0.450434 0.0029361 0.00133238 
0.341679 0.0730991 0.00117562 0.000340546 0.0869721 0.0431182 0.00562962 0.0917013 0.0510744 0.217256 0.00342821 0.00368498 0.0619317 0.0189097 
0.0675431 0.00281843 0.000237068 3.10063e-06 0.000163214 0.330391 0.00162169 0.0514834 0.00104972 0.0201221 0.0173628 3.11016e-05 0.507126 4.79976e-05 
