0.133039 2.24468e-05 0.000158674 4.6485e-07 5.0996e-09 0.001473 4.93092e-05 6.17829e-05 0.0724583 0.79038 0.000194795 1.24305e-05 0.00156896 0.000580589 
0.356609 0.0106533 0.023532 1.59204e-07 6.16304e-08 0.000174643 0.208349 0.000562287 0.0570574 0.191911 0.0459319 0.0646223 0.0404955 0.00010087 
0.00203319 0.000460344 0.000419669 0.00746343 4.2049e-07 2.41917e-06 0.96488 5.28623e-07 0.0123714 0.00146644 0.00466459 8.7711e-07 0.00623443 1.82447e-06 
0.00395532 0.00044319 0.00244244 0.00198318 8.69044e-08 4.9998e-07 0.0445749 1.09253e-07 0.92131 0.0214526 2.59004e-05 4.02869e-05 0.0037412 3.0681e-05 
0.0406211 0.00150989 3.49642e-07 0.00270438 1.78333e-07 0.00261834 0.00671513 2.24193e-07 0.000137449 0.131507 3.59209e-07 3.71989e-07 0.0046412 0.809544 
0.000389235 0.000331077 0.000737315 0.000489241 4.2252e-06 2.43085e-05 0.000626276 5.31174e-06 0.996458 0.000293785 0.000485132 8.81343e-06 0.000129017 1.83328e-05 
0.198556 0.001707 5.62788e-05 0.000210681 1.65066e-05 0.00033285 0.00262269 6.59545e-05 0.619698 0.122805 0.000843415 2.64067e-05 0.0522081 0.000850922 
0.113066 0.365756 0.000580453 2.8216e-05 6.45837e-08 0.000147646 0.00245532 1.01083e-07 0.435004 0.0773867 1.37737e-07 2.46033e-05 9.51291e-05 0.00545515 
4.92351e-05 0.965762 0.00328306 5.26587e-05 2.36715e-07 1.36187e-06 0.000654669 2.97589e-07 0.0248665 1.42911e-06 1.9383e-05 4.93769e-07 0.00506881 0.000240075 
0.0053147 0.0880593 4.66276e-05 2.60621e-06 3.93082e-09 7.59607e-07 0.000135601 6.48074e-05 0.104734 0.24315 0.0761489 6.25543e-07 0.482343 1.70555e-08 
0.133923 0.276377 1.49202e-07 9.43901e-07 6.23719e-12 0.503273 2.72612e-06 8.3744e-07 0.0282546 0.013282 0.0019269 9.10733e-07 0.0254886 0.0174699 
0.633481 4.22047e-06 8.04876e-05 1.36639e-05 4.30631e-08 8.42666e-05 4.97937e-06 0.00520421 0.00026577 0.119746 0.0734923 8.98263e-08 0.167623 1.86847e-07 
0.0161094 3.36261e-06 5.06954e-06 1.39249e-05 2.58569e-06 1.48761e-05 6.8743e-06 3.25063e-06 0.11272 0.841089 0.0114633 5.39355e-06 0.018551 1.12191e-05 
0.0248233 0.00263316 5.20608e-05 5.47614e-05 1.26265e-07 5.30145e-06 0.000476691 1.58735e-07 0.863775 0.0970512 0.0108412 2.63378e-07 9.69046e-05 0.000189844 
0.211539 1.07739e-07 0.000113863 4.46156e-07 8.2846e-08 4.76631e-07 2.20254e-07 1.04151e-07 0.788201 6.9641e-06 1.66873e-07 1.7281e-07 0.00013758 3.59462e-07 
0.00849587 1.07828e-07 8.36919e-09 1.5852e-05 4.73769e-12 8.45238e-08 0.00333893 1.0441e-06 0.0985149 0.00772667 0.0142009 2.57043e-08 0.867705 1.45971e-07 
0.0412416 8.13289e-05 7.20316e-07 8.71639e-06 3.67394e-07 2.37324e-05 0.000705736 0.855087 0.000467273 0.0886318 0.00172341 3.96821e-06 0.0120209 3.08747e-06 
0.00184042 3.43697e-05 7.85141e-05 1.17007e-08 2.17269e-09 1.24999e-08 1.28976e-05 9.56524e-05 0.0225852 0.0025107 0.262251 8.04315e-08 0.710591 9.4271e-09 
6.67067e-06 7.17626e-05 2.21924e-09 6.09577e-09 1.13191e-09 2.48934e-06 5.50891e-06 3.84298e-07 0.997495 4.89032e-05 1.13603e-07 0.00053544 0.0018333 4.91128e-09 
0.000611494 8.21023e-06 0.0599892 7.19765e-08 1.78577e-09 7.09772e-07 0.936248 6.64595e-07 0.000940963 2.12069e-06 0.00182356 3.72497e-09 0.00037455 7.74829e-09 
3.21512e-06 4.19119e-06 5.57738e-05 2.54106e-08 4.71846e-09 2.71463e-08 1.25444e-08 5.93185e-09 0.999919 7.58771e-06 9.5042e-09 9.84233e-09 1.0063e-05 2.0473e-08 
0.00704691 0.0343801 0.859347 6.6088e-05 9.75422e-07 2.29558e-05 9.63775e-05 0.00490298 0.00334115 0.0632228 0.0181877 9.2748e-05 0.0092883 4.23227e-06 
0.068499 3.96626e-08 3.86739e-12 1.06229e-11 1.97254e-12 1.13485e-11 0.820143 0.00222202 6.8267e-08 0.0451799 0.00137779 8.19942e-09 0.0625785 8.5587e-12 
0.409132 0.00204001 0.00393994 0.240959 7.80365e-08 3.17478e-05 0.0260073 0.00052324 0.0447301 0.0231456 0.0128864 0.0187384 0.207055 0.0108112 
0.0133167 6.94282e-06 5.70962e-06 6.20527e-09 1.15225e-09 6.62913e-09 0.145205 1.44856e-09 0.738668 0.0052083 0.0790193 0.00242069 0.0161495 4.9995e-09 
0.00705453 0.00122197 0.0304492 0.00665509 2.52469e-08 0.0547996 0.0251295 0.0137466 0.000236682 7.63998e-08 0.00505267 2.38233e-05 0.855627 3.74002e-06 
0.0617636 0.0426982 0.00635789 0.000157373 1.2632e-09 0.000294851 0.272816 1.58805e-09 0.522961 0.0555157 1.35316e-05 7.05045e-07 0.0215209 0.0159004 
0.408715 1.34131e-05 3.07024e-07 1.18762e-10 2.20527e-11 1.26874e-10 0.419385 0.00959054 2.51188e-07 9.04756e-07 0.024113 4.60002e-11 0.138182 2.01034e-07 
0.00483083 0.0111611 0.00196494 3.83348e-06 5.89312e-07 3.85101e-06 0.00642919 0.837615 0.000730741 0.00549453 0.00198663 3.32955e-06 0.129774 1.86942e-06 
0.182237 0.0124146 1.03424e-09 0.000847486 5.27509e-10 6.19649e-07 4.6082e-05 1.49357e-06 0.0183907 0.0501765 0.273364 1.10034e-09 0.456387 0.00613478 
0.106968 0.0481451 2.61922e-10 9.44758e-07 1.33592e-10 0.514073 0.00390715 4.53982e-06 0.0367096 0.19169 1.75405e-06 2.78663e-10 0.0982725 0.000227139 
3.72824e-05 0.354345 1.52169e-10 1.63052e-06 7.7613e-11 2.8582e-06 6.25235e-06 9.75719e-11 0.388837 0.256761 1.56333e-10 1.61895e-10 4.11385e-06 4.81596e-06 
0.162077 0.001452 1.25455e-07 1.30707e-08 1.26964e-11 5.01939e-06 0.00459268 0.000291808 0.00101202 0.775724 0.0103853 2.64837e-11 0.0444337 2.61503e-05 
0.357011 0.000604799 0.00333645 4.78595e-05 6.5024e-07 7.96929e-06 0.360296 0.0514866 0.00601415 0.00963887 0.00746142 6.86917e-05 0.203888 0.000137387 
0.370829 0.00027335 1.53535e-13 1.34995e-09 7.83097e-14 2.78862e-05 0.00370517 2.28015e-07 0.000555008 0.613608 0.00321723 6.37221e-10 0.00778371 3.06143e-10 
0.131277 1.38013e-06 0.0118343 1.98823e-06 9.22748e-11 1.64625e-06 0.0922999 1.16004e-10 0.49191 0.056355 0.0458119 1.92478e-10 0.170504 1.92219e-06 
0.00371029 0.405684 2.86919e-06 3.03001e-09 5.62638e-10 4.04655e-05 5.32528e-05 1.25911e-05 0.59031 2.56246e-05 4.99796e-05 8.09915e-06 0.000102976 2.44124e-09 
0.215286 0.00271084 1.12828e-07 3.83876e-07 6.86711e-13 0.00109648 0.223561 0.000799134 0.125017 0.0326484 0.0553768 0.116869 0.226635 7.59825e-08 
0.0873098 0.0011444 0.000767403 1.64062e-08 3.04644e-09 1.75268e-08 0.00289259 3.82985e-09 0.612552 0.247716 0.00279454 6.35462e-09 0.0448233 1.32182e-08 
0.129936 0.0590396 0.0704382 9.89256e-07 9.8222e-12 4.29584e-08 0.0100979 0.0300416 0.0299732 0.474251 0.0723633 6.68685e-09 0.123858 3.24263e-09 
0.0289122 0.00174615 0.0112336 0.0037219 1.18794e-09 3.32737e-07 3.22582e-06 7.4924e-07 0.0795169 0.0017265 0.562028 2.47795e-09 0.31111 5.15437e-09 
0.0225805 0.95512 4.10449e-05 8.58566e-07 5.93875e-11 1.46196e-06 0.0112813 0.000796781 0.000200802 0.00941458 9.1361e-05 1.23878e-10 0.000471613 1.47166e-08 
0.000766206 0.000120947 4.79953e-11 0.0148134 2.44797e-11 1.40837e-10 1.07918e-07 0.00895808 0.00132726 0.00346085 0.0935674 1.77705e-06 0.876984 1.34487e-07 
0.337088 0.00545592 0.00175363 5.55688e-06 3.04573e-09 0.00250769 0.0175025 4.28161e-05 0.000569302 0.609327 0.00697047 4.30197e-09 0.0186956 8.06633e-05 
0.00812963 0.00330545 0.00351962 3.03936e-05 2.84217e-05 0.0412676 0.0583491 0.00178667 0.0209427 0.0306547 0.0399139 0.780675 0.0111759 0.000220984 
0.013806 0.000159815 0.000745944 2.58149e-06 4.79352e-07 2.75782e-06 0.000204675 6.02622e-07 0.956166 0.0286437 7.39403e-05 9.99891e-07 3.65798e-05 0.000156283 
0.25665 0.00376849 0.00223935 0.00136014 2.61599e-13 0.000263998 0.537767 0.000131699 0.00265434 0.0852098 0.0609895 0.00387723 0.044804 0.000283692 
0.125953 0.000708531 9.07724e-05 0.0300726 1.13379e-07 0.000314735 0.00394235 0.0104786 0.0708205 0.104981 0.0521369 1.21856e-05 0.600489 1.16734e-07 
0.133039 2.24468e-05 0.000158674 4.6485e-07 5.0996e-09 0.001473 4.93092e-05 6.17829e-05 0.0724583 0.79038 0.000194795 1.24305e-05 0.00156896 0.000580589 
0.00615862 0.983237 5.11864e-05 0.00017261 8.06266e-10 3.04307e-05 0.000605346 0.0012507 7.7365e-05 0.00796808 0.000121104 1.68181e-09 0.000324322 2.9114e-06 
0.172998 0.0280592 0.0302183 6.34106e-09 1.17746e-09 1.4531e-05 0.244876 0.00114491 0.000353196 0.015477 0.0888795 2.45609e-09 0.417979 5.1089e-09 
0.409132 0.00204001 0.00393994 0.240959 7.80365e-08 3.17478e-05 0.0260073 0.00052324 0.0447301 0.0231456 0.0128864 0.0187384 0.207055 0.0108112 
0.63543 0.106618 5.79334e-07 2.92093e-05 8.07492e-11 1.01263e-07 0.101436 0.00029111 0.00411566 0.0200863 0.00970014 1.68437e-10 0.122293 3.50364e-10 
0.172497 0.0129471 0.0328682 0.000173083 1.09615e-07 0.00016763 0.0038296 4.13141e-05 0.28023 0.248558 0.000108208 2.28648e-07 0.248491 8.73351e-05 
0.00705453 0.00122197 0.0304492 0.00665509 2.52469e-08 0.0547996 0.0251295 0.0137466 0.000236682 7.63998e-08 0.00505267 2.38233e-05 0.855627 3.74002e-06 
0.214624 0.0308041 0.0213627 2.46373e-06 6.65552e-08 5.62937e-07 4.03029e-05 2.88123e-07 0.28001 0.166439 0.0201556 0.228356 0.0372284 0.000975808 
0.125953 0.000708531 9.07724e-05 0.0300726 1.13379e-07 0.000314735 0.00394235 0.0104786 0.0708205 0.104981 0.0521369 1.21856e-05 0.600489 1.16734e-07 
0.210551 0.205603 1.44619e-06 1.53053e-05 3.49567e-11 0.00287755 8.19701e-06 0.00273505 3.38639e-06 0.523601 1.92935e-06 7.2917e-11 0.054602 2.57999e-07 
0.00705453 0.00122197 0.0304492 0.00665509 2.52469e-08 0.0547996 0.0251295 0.0137466 0.000236682 7.63998e-08 0.00505267 2.38233e-05 0.855627 3.74002e-06 
4.42124e-05 0.000546525 7.08579e-08 5.98554e-07 2.77792e-11 0.000231004 3.6632e-06 0.107951 0.020611 0.0232467 9.33543e-05 5.79451e-11 0.847272 1.20531e-10 
0.168185 0.0014142 1.38273e-07 0.000495607 6.21107e-08 2.13114e-05 0.023436 3.9899e-06 0.566469 0.181365 0.0217594 3.96187e-07 0.0368501 4.87687e-07 
0.000175724 8.13098e-05 8.32878e-07 2.28773e-06 4.24805e-07 0.000195771 0.000255561 6.06903e-05 0.998331 0.00012261 0.00023965 3.95778e-05 0.000492267 1.84319e-06 
0.000664474 0.00128131 0.000258278 1.15701e-05 7.42439e-08 3.93165e-06 4.75196e-05 0.932083 0.000579708 0.0465061 0.000695261 5.37831e-06 0.0178605 3.2156e-06 
3.72824e-05 0.354345 1.52169e-10 1.63052e-06 7.7613e-11 2.8582e-06 6.25235e-06 9.75719e-11 0.388837 0.256761 1.56333e-10 1.61895e-10 4.11385e-06 4.81596e-06 
1.35153e-05 3.79081e-09 0.163857 1.56981e-08 2.91496e-09 1.34331e-05 6.98246e-06 3.66457e-09 0.0522367 0.523715 0.260145 1.09508e-05 1.90279e-06 1.26478e-08 
0.0079904 0.000873082 0.021751 0.00475612 3.42497e-08 0.0391494 0.0179509 0.00981947 0.00016913 1.07302e-07 0.00624436 1.70498e-05 0.891276 2.68855e-06 
0.226608 6.61316e-05 0.00990788 0.000424428 2.05349e-08 5.84181e-05 0.0145856 0.000713764 0.395316 0.221716 0.0715321 4.28341e-08 0.0590428 2.84644e-05 
0.0716765 0.00672468 0.0483821 0.000197591 8.45464e-06 0.00235499 0.089506 0.000311162 0.00804449 0.0608245 0.00582066 0.00145254 0.700929 0.00376759 
0.0106465 0.894266 7.36097e-08 1.0529e-06 3.75443e-08 1.70739e-06 0.000539442 4.71991e-08 0.0909313 0.0031441 7.56239e-08 1.84685e-06 0.000347388 0.000120745 
0.123028 0.0336554 1.15411e-10 3.17008e-10 5.88647e-11 2.60804e-06 1.98767e-06 7.40023e-11 0.731736 0.109841 2.3715e-06 2.2114e-07 0.00173015 2.4011e-06 
0.00200197 0.000224942 2.15991e-08 5.9328e-08 1.10165e-08 0.000488093 0.000371991 1.38495e-08 0.994989 0.000934353 0.000443825 4.13863e-05 5.48712e-05 0.000449366 
0.00286064 0.00102491 2.14865e-06 8.61945e-12 1.60053e-12 0.721236 0.0032929 0.000728593 2.07675e-05 0.00156678 0.00248607 1.71977e-05 0.266743 2.07192e-05 
0.125953 0.000708531 9.07724e-05 0.0300726 1.13379e-07 0.000314735 0.00394235 0.0104786 0.0708205 0.104981 0.0521369 1.21856e-05 0.600489 1.16734e-07 
0.409132 0.00204001 0.00393994 0.240959 7.80365e-08 3.17478e-05 0.0260073 0.00052324 0.0447301 0.0231456 0.0128864 0.0187384 0.207055 0.0108112 
1.3053e-05 2.48354e-05 4.83861e-05 7.9106e-09 1.46891e-09 8.45093e-09 6.44401e-05 1.84665e-09 0.294545 0.265976 0.186244 3.06402e-09 0.25307 1.46654e-05 
0.169194 0.128932 7.59271e-05 2.46004e-06 2.01128e-06 9.30777e-05 0.00145567 3.65624e-06 0.575212 0.121589 0.000542944 0.000114205 0.00272128 6.17747e-05 
0.010136 0.000309324 1.89847e-08 5.21469e-08 9.68307e-09 0.000428913 0.00683301 0.000181938 0.754926 0.00206626 0.0127097 5.29031e-05 0.21221 0.000145756 
3.74287e-06 1.36163e-05 1.48724e-05 1.55087e-08 2.87978e-09 1.6568e-08 0.99995 3.62035e-09 7.01701e-06 3.51708e-06 6.64648e-06 6.007e-09 1.48306e-07 1.24951e-08 
0.115423 5.46657e-07 0.000238005 1.56135e-08 7.56727e-09 1.41156e-07 1.37524e-07 3.31303e-07 0.0925613 0.790844 1.61379e-08 1.86447e-05 4.30674e-05 0.000870876 
1.41517e-05 6.06534e-05 0.0285093 5.58018e-06 1.31981e-07 0.000122649 5.86652e-06 0.545004 0.000370277 0.000954841 0.00209101 1.43819e-06 0.422859 5.72654e-07 
0.282668 1.63064e-05 1.51937e-05 7.45024e-06 1.48739e-10 0.00609175 8.88946e-05 1.44e-06 0.710596 4.64108e-05 3.81992e-05 0.000410409 1.41274e-05 6.32525e-06 
0.204548 0.002916 0.00018444 0.001073 8.95234e-06 0.000968769 0.170813 0.00206602 0.411004 0.046383 0.0470352 0.0190569 0.0938806 6.20197e-05 
0.00134529 0.132208 0.0159191 0.00137672 0.000204621 0.00513268 0.0998978 0.000747612 0.126334 0.00448618 0.00500747 0.00301646 0.48061 0.123714 
0.586354 0.0144345 1.59577e-08 1.09852e-06 8.13916e-09 1.71605e-06 0.0194714 0.000844334 0.217246 6.64426e-05 0.161519 1.06095e-06 5.97079e-05 5.38867e-07 
0.787874 0.000982986 0.000727981 4.28331e-07 5.65921e-12 0.000276527 0.0648565 5.00946e-08 0.0518939 0.053553 0.0101867 0.025213 0.00443497 8.47977e-08 
0.174864 3.74949e-06 0.00810187 3.33327e-09 6.18949e-10 3.56094e-09 0.0173713 1.89334e-05 0.25703 0.0870813 0.206617 1.26077e-06 0.248911 2.68556e-09 
9.31746e-05 2.22025e-08 3.3473e-08 9.19429e-08 1.70727e-08 9.82231e-08 4.53894e-08 1.93383e-05 0.999808 2.14915e-06 3.43889e-08 3.56124e-08 7.69387e-05 7.40771e-08 
0.129988 0.349032 0.000136141 9.24879e-06 1.32039e-07 4.67346e-05 0.00366402 2.06363e-07 0.292436 0.223692 2.81483e-07 8.08887e-06 9.84516e-05 0.000887353 
0.255297 0.0257488 0.603179 1.5493e-09 2.87688e-10 1.65513e-09 0.000131537 1.01992e-05 0.0243129 0.0912591 3.1751e-06 6.00094e-10 5.76791e-05 1.24825e-09 
4.50441e-05 0.00564465 1.58802e-05 5.32702e-08 9.89165e-09 0.00822885 0.00351109 1.08415e-05 0.623892 4.21574e-05 0.317175 2.06332e-08 0.00948779 0.0319464 
0.112359 2.83461e-11 4.27351e-11 1.17384e-10 2.17968e-11 1.25402e-10 0.855322 1.67549e-06 6.21299e-07 0.0245121 0.000280366 7.46304e-08 0.00752414 9.45746e-11 
2.41194e-06 6.13588e-07 6.37537e-08 1.00745e-10 1.87072e-11 1.07626e-10 8.78283e-07 0.00213037 1.8121e-07 6.29526e-07 0.268406 3.90217e-11 0.729459 8.11688e-11 
4.50441e-05 0.00564465 1.58802e-05 5.32702e-08 9.89165e-09 0.00822885 0.00351109 1.08415e-05 0.623892 4.21574e-05 0.317175 2.06332e-08 0.00948779 0.0319464 
8.69679e-06 9.35607e-05 2.27133e-09 6.23884e-09 1.15848e-09 3.57362e-06 7.44068e-06 5.1866e-07 0.996156 6.37579e-05 2.33348e-09 1.9423e-06 0.00366482 5.02654e-09 
0.00039826 1.18053e-06 1.77978e-06 4.88868e-06 9.0777e-07 0.000241284 2.41339e-06 1.14121e-06 0.000455686 4.6579e-05 1.82848e-06 1.89354e-06 0.998838 3.93874e-06 
0.000112998 4.85295e-05 0.338034 3.40561e-08 6.32382e-09 0.000134651 0.00049094 4.13482e-05 0.369538 0.291212 9.42725e-05 1.3191e-08 0.000292823 2.74385e-08 
0.958203 0.0409825 6.49721e-10 4.82032e-06 3.31387e-10 7.62808e-06 2.69602e-05 1.14988e-05 0.000143549 0.000303541 3.63126e-05 4.7703e-06 0.000272766 2.30202e-06 
0.000224194 6.7591e-08 0.000289874 2.79901e-07 5.19744e-08 2.9902e-07 0.0134254 0.000143096 0.32066 8.16117e-05 0.663999 0.000465256 0.000710966 2.25512e-07 
0.0100202 0.00183292 0.0456735 0.00998226 3.54495e-08 0.00136875 0.0376941 0.0156386 0.000355011 1.01569e-07 0.0054884 3.57286e-05 0.871908 2.80154e-06 
0.0943362 0.160543 0.0969758 0.00147978 3.89687e-11 2.24195e-10 0.0177161 4.89899e-11 0.59734 0.0110532 0.0198153 0.000735379 4.61768e-06 1.69082e-10 
0.214 0.0188033 0.0636792 1.04693e-05 4.63444e-07 0.185917 0.0111872 1.30045e-05 0.00928402 0.0509159 0.0674467 1.72516e-06 0.377346 0.00139582 
0.370829 0.00027335 1.53535e-13 1.34995e-09 7.83097e-14 2.78862e-05 0.00370517 2.28015e-07 0.000555008 0.613608 0.00321723 6.37221e-10 0.00778371 3.06143e-10 
0.222327 1.7327e-05 0.0310133 0.000482995 1.74478e-12 2.68064e-06 0.00428766 0.00024324 0.00281419 0.263698 0.303539 1.19237e-08 0.171575 7.57046e-12 
0.136385 0.0483923 0.555231 0.00184669 3.6517e-07 3.3125e-05 0.00256162 9.1382e-05 0.0143533 0.073554 0.0150099 2.49643e-06 0.152525 1.37165e-05 
0.196261 0.0195963 0.0091332 2.08562e-05 9.32513e-06 0.419392 0.00200234 0.00116435 0.0190327 0.220623 0.110565 5.14048e-05 0.00202988 0.000118193 
8.41693e-06 7.07845e-06 1.58489e-05 1.01452e-05 9.66078e-10 5.55805e-09 0.00730915 3.15844e-06 0.845286 0.0650988 0.0156412 2.01516e-09 0.0666204 4.19173e-09 
8.51731e-08 0.96958 2.28247e-07 1.89926e-10 3.5267e-11 8.11798e-07 5.34528e-07 1.15319e-07 0.0285847 0.00183055 1.52736e-06 7.35642e-11 1.06848e-06 4.43913e-07 
0.280378 0.00152935 0.00262721 0.208906 7.13183e-08 2.12426e-05 0.0173418 0.00105146 0.131837 0.0415082 0.0263278 0.0125015 0.268316 0.00765464 
0.162077 0.001452 1.25455e-07 1.30707e-08 1.26964e-11 5.01939e-06 0.00459268 0.000291808 0.00101202 0.775724 0.0103853 2.64837e-11 0.0444337 2.61503e-05 
0.240343 0.00292993 2.11471e-05 3.30017e-09 6.12803e-10 3.52559e-09 0.279328 7.70391e-10 0.195965 0.194825 0.0849688 0.00161354 4.68722e-06 2.6589e-09 
0.0121001 0.00656938 0.000111833 0.00018319 1.15394e-06 0.000392966 0.10808 7.35722e-05 0.632312 5.05898e-05 0.0141553 0.000126668 0.140371 0.0854716 
0.162077 0.001452 1.25455e-07 1.30707e-08 1.26964e-11 5.01939e-06 0.00459268 0.000291808 0.00101202 0.775724 0.0103853 2.64837e-11 0.0444337 2.61503e-05 
1.38776e-05 2.72764e-09 1.02847e-05 1.12954e-08 2.09743e-09 1.2067e-08 0.000118779 2.0306e-05 0.156551 0.0118621 0.000187161 4.37507e-09 0.831236 9.10056e-09 
0.356609 0.0106533 0.023532 1.59204e-07 6.16304e-08 0.000174643 0.208349 0.000562287 0.0570574 0.191911 0.0459319 0.0646223 0.0404955 0.00010087 
0.0106465 0.894266 7.36097e-08 1.0529e-06 3.75443e-08 1.70739e-06 0.000539442 4.71991e-08 0.0909313 0.0031441 7.56239e-08 1.84685e-06 0.000347388 0.000120745 
0.0730442 0.157832 1.47149e-05 3.08516e-09 5.72878e-10 3.29589e-09 1.52305e-09 7.20198e-10 0.26016 0.380148 0.128763 3.22763e-06 2.63233e-05 7.4595e-06 
0.474537 0.00177553 8.10038e-07 2.62388e-08 2.56299e-12 5.89965e-08 0.0194958 3.22209e-12 0.0004735 0.490253 0.00965234 5.3462e-12 0.00381157 8.1192e-08 
0.148333 8.69984e-05 0.013844 0.000460189 1.52711e-08 7.77587e-05 0.0203966 0.000971627 0.389694 0.243531 0.100054 3.18543e-08 0.0825202 2.98966e-05 
0.165398 0.0138938 0.0102474 6.57488e-05 1.62405e-05 2.8964e-05 0.0793404 0.000131895 0.00139284 0.0425558 0.018054 0.0116823 0.657151 4.14131e-05 
0.033065 3.21736e-05 2.21203e-11 2.37023e-07 1.12824e-11 4.15487e-07 9.08884e-07 1.41837e-11 0.966895 4.91049e-06 2.27256e-11 2.35341e-11 5.98016e-07 7.0008e-07 
0.454578 1.04034e-06 1.00027e-06 3.40325e-06 1.09591e-07 7.77608e-07 5.5672e-05 3.97996e-07 0.0146147 0.0582101 0.129145 0.000150137 0.342363 0.000876384 
0.639 2.17487e-06 2.52514e-06 2.58796e-10 4.80554e-11 2.76473e-10 3.55185e-06 7.72444e-05 0.0524656 5.43838e-06 0.0881016 1.0024e-10 0.220342 2.08508e-10 
0.370829 0.00027335 1.53535e-13 1.34995e-09 7.83097e-14 2.78862e-05 0.00370517 2.28015e-07 0.000555008 0.613608 0.00321723 6.37221e-10 0.00778371 3.06143e-10 
4.61228e-05 0.000378235 2.53585e-08 6.9383e-07 1.2934e-08 0.000241027 3.85528e-06 0.0190385 0.0748681 0.189446 0.354593 2.69793e-08 0.361143 0.000240914 
0.000107983 0.00232414 1.21781e-07 3.34506e-07 6.21139e-08 2.66737e-05 2.02226e-05 1.56797e-05 0.997017 5.04095e-05 2.40566e-05 2.36003e-06 0.000386566 2.44984e-05 
0.133039 2.24468e-05 0.000158674 4.6485e-07 5.0996e-09 0.001473 4.93092e-05 6.17829e-05 0.0724583 0.79038 0.000194795 1.24305e-05 0.00156896 0.000580589 
0.000137002 7.43654e-11 1.12115e-10 0.794687 5.71835e-11 3.28989e-10 1.52027e-10 2.403e-05 3.69174e-07 3.28328e-06 0.000142337 1.1928e-10 0.205006 2.48114e-10 
0.307394 0.00449519 9.18567e-09 0.000138438 4.96991e-09 0.00207288 0.00381766 0.0161098 0.0530288 0.526007 0.00269667 6.64533e-05 0.0841539 1.89988e-05 
0.00327827 0.102977 3.4085e-06 9.3624e-06 1.73849e-06 1.00019e-05 0.000446595 0.000141237 0.00330116 0.100407 0.000104501 3.62635e-06 0.789309 7.54315e-06 
0.000959927 0.0010796 9.62249e-05 7.90203e-05 5.12495e-07 8.45594e-05 6.52323e-05 0.0503708 8.35783e-05 0.00219056 0.00543629 5.72909e-06 0.939538 1.02022e-05 
0.0504521 0.786644 4.49791e-05 0.000286314 5.10904e-13 0.000109408 0.0150325 6.42288e-13 0.0183193 0.128334 1.02909e-12 1.16126e-05 0.000124838 0.000640726 
0.474537 0.00177553 8.10038e-07 2.62388e-08 2.56299e-12 5.89965e-08 0.0194958 3.22209e-12 0.0004735 0.490253 0.00965234 5.3462e-12 0.00381157 8.1192e-08 
0.0358636 0.059334 0.0920381 4.03758e-05 3.25806e-06 0.000776817 0.000294626 0.00143007 0.0915168 0.678194 0.00311715 4.15698e-05 0.0373079 4.22171e-05 
0.370829 0.00027335 1.53535e-13 1.34995e-09 7.83097e-14 2.78862e-05 0.00370517 2.28015e-07 0.000555008 0.613608 0.00321723 6.37221e-10 0.00778371 3.06143e-10 
0.029874 0.00221054 4.10226e-05 0.000305443 2.05452e-08 8.45659e-07 8.21118e-06 4.04837e-05 0.0159441 0.943709 1.21098e-05 1.55893e-07 0.00785349 1.43404e-07 
0.675567 0.0550562 0.000221518 5.75743e-07 1.06909e-07 6.15069e-07 0.000143186 9.15949e-05 0.267647 0.00115871 2.15342e-07 2.23003e-07 0.000100708 1.21249e-05 
3.95621e-05 0.999023 0.000464917 9.9969e-06 1.79987e-07 3.52975e-05 3.01896e-05 5.20799e-07 2.65376e-06 0.000315533 4.26477e-06 9.06273e-06 6.29323e-05 1.91476e-06 
0.999656 4.75731e-05 1.82996e-05 1.50041e-09 2.78608e-10 1.60289e-09 5.19241e-05 3.50254e-10 3.64722e-10 0.000155364 4.54568e-05 5.81154e-10 2.49097e-05 1.20885e-09 
0.00214524 0.00091879 2.82432e-08 7.75779e-08 1.44053e-08 8.28769e-08 0.016071 3.42029e-06 0.00739922 1.91153e-05 0.00185859 3.00484e-08 0.969429 0.00215511 
2.4953e-06 6.43766e-05 1.95212e-07 5.36204e-07 9.95669e-08 2.97274e-05 2.64707e-07 3.56151e-05 0.994356 1.72315e-05 0.000213437 1.97826e-05 0.00524548 1.42761e-05 
0.112359 2.83461e-11 4.27351e-11 1.17384e-10 2.17968e-11 1.25402e-10 0.855322 1.67549e-06 6.21299e-07 0.0245121 0.000280366 7.46304e-08 0.00752414 9.45746e-11 
0.000358266 8.92613e-06 5.3317e-06 6.17264e-13 1.14619e-13 0.946654 6.78252e-06 0.000479065 1.46241e-05 1.08504e-08 0.000332878 4.29138e-05 0.0520452 5.1686e-05 
0.409132 0.00204001 0.00393994 0.240959 7.80365e-08 3.17478e-05 0.0260073 0.00052324 0.0447301 0.0231456 0.0128864 0.0187384 0.207055 0.0108112 
0.204548 0.002916 0.00018444 0.001073 8.95234e-06 0.000968769 0.170813 0.00206602 0.411004 0.046383 0.0470352 0.0190569 0.0938806 6.20197e-05 
0.00279001 5.32817e-07 8.03286e-07 2.20645e-06 4.09712e-07 2.35716e-06 1.08926e-06 0.00468767 0.0207572 0.00311868 0.00932632 8.54627e-07 0.95931 1.7777e-06 
8.63627e-07 2.24512e-07 3.02852e-07 8.15477e-11 1.51424e-11 8.71178e-11 4.02575e-11 5.53978e-07 0.97043 1.54393e-06 0.00166278 3.1586e-11 0.0279039 6.57018e-11 
0.265041 0.0464586 0.000160058 0.00270611 9.81107e-07 5.01806e-05 0.0925746 0.000171729 0.157882 0.257493 0.00682217 1.03035e-05 0.169938 0.000691249 
0.327684 0.00198212 0.00300543 7.92664e-08 1.29889e-08 9.78205e-05 0.404434 0.00620525 0.0476637 0.0649388 0.0422378 0.0349725 0.0667781 1.56896e-08 
0.0188839 0.00313543 0.00432331 6.18415e-06 2.26072e-09 1.23346e-06 0.0136233 0.00365371 0.000192849 0.0144539 0.110188 1.04799e-06 0.831537 2.94356e-07 
0.599741 0.0127662 0.0323339 4.49003e-06 1.15671e-07 1.02593e-06 7.345e-05 0.000315578 0.0958126 0.103449 0.117512 0.000198081 0.0377919 8.88733e-07 
0.327684 0.00198212 0.00300543 7.92664e-08 1.29889e-08 9.78205e-05 0.404434 0.00620525 0.0476637 0.0649388 0.0422378 0.0349725 0.0667781 1.56896e-08 
0.000210748 0.00226715 9.88052e-08 2.71396e-07 5.03951e-08 6.59039e-05 0.000166343 1.16214e-05 0.993784 0.00154496 1.01509e-07 3.57891e-05 0.0019123 2.1866e-07 
0.000200594 0.000382662 0.0019509 4.65934e-07 8.65184e-08 4.97759e-07 0.00115031 1.08767e-07 0.982644 0.002522 1.74271e-07 0.000758157 0.000779743 0.00961055 
4.50441e-05 0.00564465 1.58802e-05 5.32702e-08 9.89165e-09 0.00822885 0.00351109 1.08415e-05 0.623892 4.21574e-05 0.317175 2.06332e-08 0.00948779 0.0319464 
5.64551e-05 6.34334e-06 6.09091e-10 1.67304e-09 3.10664e-10 1.37641e-05 1.04901e-05 3.90554e-10 0.94482 0.0342795 0.0187862 1.16709e-06 0.00201312 1.2672e-05 
1.26675e-06 9.4075e-05 5.72484e-08 1.57249e-07 2.91992e-08 1.50912e-05 8.2831e-05 3.67081e-08 0.999721 2.11658e-05 6.29535e-05 6.09073e-08 7.86254e-07 1.26693e-07 
0.000112998 4.85295e-05 0.338034 3.40561e-08 6.32382e-09 0.000134651 0.00049094 4.13482e-05 0.369538 0.291212 9.42725e-05 1.3191e-08 0.000292823 2.74385e-08 
7.11137e-05 5.08862e-06 7.59574e-08 2.08638e-07 3.87417e-08 2.22889e-07 1.02998e-07 4.87044e-08 0.000126841 0.000213886 7.80358e-08 8.08121e-08 0.999582 1.68097e-07 
0.00412479 0.0610295 0.000350555 2.81135e-06 5.22036e-07 2.60432e-05 0.0991275 3.87283e-05 0.629047 0.00348276 0.00738698 1.65583e-05 0.195353 1.32055e-05 
3.85681e-06 6.74377e-10 1.0167e-09 2.79266e-09 5.18565e-10 2.98341e-09 1.37865e-09 5.73753e-06 0.54312 0.00136801 0.000139863 1.08277e-06 0.455356 4.95228e-06 
0.172702 0.00728977 0.0274765 3.78461e-06 6.77025e-12 8.64745e-07 6.19104e-05 4.42594e-07 0.110305 0.143946 0.0619108 0.450962 0.0253403 7.49107e-07 
0.0391579 0.0407116 1.7672e-05 1.50931e-06 3.96047e-10 2.27855e-09 0.0415191 0.00651086 0.00394761 0.00228851 0.0445999 8.26124e-10 0.821245 1.71841e-09 
0.00102135 0.980797 2.71829e-09 7.46655e-09 1.38645e-09 0.00452458 0.000905451 1.74299e-09 0.0111872 0.000376633 0.000735095 9.83617e-06 0.000441659 8.2677e-07 
0.161174 8.2866e-05 7.48942e-05 1.7209e-08 3.19551e-09 1.83845e-08 0.0018158 4.01727e-09 0.0220499 0.145005 0.0239279 6.66559e-09 0.645869 1.38651e-08 
0.000111263 0.00022472 1.85122e-08 5.08489e-08 9.44205e-09 5.43221e-08 0.000190804 1.18702e-08 0.920248 0.0785413 0.000271987 1.96954e-08 0.000293344 0.000118849 
0.327684 0.00198212 0.00300543 7.92664e-08 1.29889e-08 9.78205e-05 0.404434 0.00620525 0.0476637 0.0649388 0.0422378 0.0349725 0.0667781 1.56896e-08 
0.000974552 0.00106415 5.34598e-07 1.46842e-06 2.72669e-07 1.56872e-06 7.24915e-07 3.42788e-07 0.00481915 0.985926 0.00137361 5.68766e-07 0.00583614 1.18309e-06 
0.233711 0.00685132 0.0283483 2.03917e-10 3.7865e-11 2.17845e-10 0.0182792 4.76023e-11 0.0222401 0.200225 0.231416 3.40555e-09 0.258929 1.64293e-10 
0.624333 0.00792916 0.0125522 7.26229e-08 1.34852e-08 0.000225133 0.00400676 0.0113764 0.00194865 0.110989 0.103951 2.81291e-08 0.122677 1.11721e-05 
9.48358e-06 1.36562e-09 2.63551e-05 5.65516e-09 1.0501e-09 6.04144e-09 1.56368e-05 1.58549e-06 0.880553 5.92917e-06 6.70529e-05 2.19042e-09 0.119309 1.18509e-05 
0.0772505 0.000531034 0.0232631 0.00121958 8.59641e-11 0.00508048 0.237841 0.00044905 0.0148017 0.0222384 0.416442 0.0212741 0.179389 0.000219589 
0.0501211 0.00427355 0.191195 5.25893e-10 9.76522e-11 5.61814e-10 0.00103951 0.0849215 0.00475832 0.153467 0.13503 2.03695e-10 0.375194 4.23704e-10 
0.0239968 0.000519976 0.107581 2.29935e-05 2.63441e-07 1.52983e-05 0.493359 0.00232352 0.00253967 0.00134744 0.0170214 1.11389e-06 0.351271 9.3649e-07 
0.133039 2.24468e-05 0.000158674 4.6485e-07 5.0996e-09 0.001473 4.93092e-05 6.17829e-05 0.0724583 0.79038 0.000194795 1.24305e-05 0.00156896 0.000580589 
0.553354 0.0028731 4.20381e-05 0.000521231 3.80159e-07 1.21264e-05 0.318753 0.00187012 0.000632245 0.00571888 0.0165513 0.0401362 0.0594547 8.0804e-05 
0.204548 0.002916 0.00018444 0.001073 8.95234e-06 0.000968769 0.170813 0.00206602 0.411004 0.046383 0.0470352 0.0190569 0.0938806 6.20197e-05 
0.00286064 0.00102491 2.14865e-06 8.61945e-12 1.60053e-12 0.721236 0.0032929 0.000728593 2.07675e-05 0.00156678 0.00248607 1.71977e-05 0.266743 2.07192e-05 
0.00848468 0.0115703 3.89381e-07 3.25686e-06 2.07427e-07 4.16364e-06 0.0143568 0.759797 0.0265172 0.0132594 0.0095597 4.25607e-05 0.156403 1.26652e-06 
0.317127 0.000663899 0.00176144 0.117348 1.89053e-08 0.00357334 0.0979043 0.00217499 0.00316838 0.230596 0.11408 2.26355e-06 0.111219 0.000380738 
0.162478 0.0652174 8.12735e-07 0.000439274 2.26924e-11 1.30554e-10 0.333439 2.8528e-11 0.0146095 0.304444 0.0187382 2.52479e-09 0.100634 9.84605e-11 
0.118763 0.000774307 0.00205471 0.000587216 4.85428e-07 0.00150127 0.000253473 0.00179432 0.115509 0.30752 0.0065246 2.52114e-05 0.443136 0.00155641 
0.409132 0.00204001 0.00393994 0.240959 7.80365e-08 3.17478e-05 0.0260073 0.00052324 0.0447301 0.0231456 0.0128864 0.0187384 0.207055 0.0108112 
0.0121774 0.000680005 6.65664e-08 1.82843e-07 3.39519e-08 1.95332e-07 0.000794413 0.000341505 0.00178233 0.0107913 0.0038503 7.08209e-08 0.969582 1.47314e-07 
0.00113748 0.923754 0.0119931 1.76153e-06 3.27096e-07 1.88186e-06 0.0568737 4.11212e-07 0.00299781 0.00127234 6.58857e-07 6.82297e-07 0.0013965 0.000569118 
0.0138676 2.28335e-05 2.33417e-11 6.41146e-11 1.19053e-11 6.8494e-11 0.302644 0.0126922 3.25485e-08 0.00782562 0.0061258 2.48336e-11 0.656822 5.16562e-11 
0.454578 1.04034e-06 1.00027e-06 3.40325e-06 1.09591e-07 7.77608e-07 5.5672e-05 3.97996e-07 0.0146147 0.0582101 0.129145 0.000150137 0.342363 0.000876384 
0.408039 0.056234 0.000495415 1.01447e-06 1.01116e-06 0.112037 0.0105105 0.0113485 0.0143617 0.16036 0.000965956 0.126223 0.0991321 0.00029058 
3.72824e-05 0.354345 1.52169e-10 1.63052e-06 7.7613e-11 2.8582e-06 6.25235e-06 9.75719e-11 0.388837 0.256761 1.56333e-10 1.61895e-10 4.11385e-06 4.81596e-06 
0.0138676 2.28335e-05 2.33417e-11 6.41146e-11 1.19053e-11 6.8494e-11 0.302644 0.0126922 3.25485e-08 0.00782562 0.0061258 2.48336e-11 0.656822 5.16562e-11 
0.133039 2.24468e-05 0.000158674 4.6485e-07 5.0996e-09 0.001473 4.93092e-05 6.17829e-05 0.0724583 0.79038 0.000194795 1.24305e-05 0.00156896 0.000580589 
0.294327 0.00745044 1.13601e-07 2.04086e-05 5.79418e-08 3.21396e-05 0.0101243 0.000508049 0.110057 0.00126599 0.575047 2.00133e-05 0.00113765 9.84637e-06 
0.125953 0.000708531 9.07724e-05 0.0300726 1.13379e-07 0.000314735 0.00394235 0.0104786 0.0708205 0.104981 0.0521369 1.21856e-05 0.600489 1.16734e-07 
0.999427 0.000134918 1.01652e-07 2.79216e-07 5.18471e-08 2.98287e-07 0.000262035 6.518e-08 4.07913e-05 4.77245e-05 1.04433e-07 1.08149e-07 8.61011e-05 2.2496e-07 
0.015562 0.000777986 1.33283e-08 0.000117189 6.79804e-09 0.000355945 0.00399058 0.0197939 0.00233873 0.0213128 0.00590445 5.5317e-05 0.929765 2.65762e-05 
0.298762 0.0485044 0.43034 2.72275e-06 6.31187e-10 8.71888e-06 2.73541e-05 2.46064e-06 0.150416 0.0718966 3.33112e-05 1.0546e-06 5.12722e-06 2.73867e-09 
0.327629 0.000310998 0.208932 1.02617e-05 3.08458e-11 1.05955e-05 0.229038 3.87781e-11 0.000183051 0.185595 0.0463213 5.79418e-08 0.00196966 1.59642e-07 
0.000279475 2.89604e-07 5.79932e-05 0.00102649 2.22692e-07 1.2812e-06 0.000235879 2.79959e-07 0.996697 0.000201584 0.000641329 4.64518e-07 0.000856817 9.66241e-07 
0.112359 2.83461e-11 4.27351e-11 1.17384e-10 2.17968e-11 1.25402e-10 0.855322 1.67549e-06 6.21299e-07 0.0245121 0.000280366 7.46304e-08 0.00752414 9.45746e-11 
0.000803836 0.00681438 0.0595173 2.7598e-06 5.12462e-07 2.9483e-06 0.000623394 2.28362e-05 0.00238346 0.00259705 0.92698 1.06896e-06 0.000247835 2.22353e-06 
0.0140049 0.0012545 2.6528e-12 7.28666e-12 1.35305e-12 0.00137718 3.5972e-12 0.0466474 1.10791e-05 0.00537936 0.778619 2.82235e-12 0.152706 5.87075e-12 
0.112359 2.83461e-11 4.27351e-11 1.17384e-10 2.17968e-11 1.25402e-10 0.855322 1.67549e-06 6.21299e-07 0.0245121 0.000280366 7.46304e-08 0.00752414 9.45746e-11 
0.0106465 0.894266 7.36097e-08 1.0529e-06 3.75443e-08 1.70739e-06 0.000539442 4.71991e-08 0.0909313 0.0031441 7.56239e-08 1.84685e-06 0.000347388 0.000120745 
0.553333 0.319158 2.54248e-05 2.565e-05 1.53512e-10 0.00149947 0.0558569 0.000650686 3.92865e-05 0.0690869 7.358e-05 3.20214e-10 0.000250329 4.32781e-07 
0.000766206 0.000120947 4.79953e-11 0.0148134 2.44797e-11 1.40837e-10 1.07918e-07 0.00895808 0.00132726 0.00346085 0.0935674 1.77705e-06 0.876984 1.34487e-07 
0.317882 0.0941631 5.97497e-10 0.0108091 3.0475e-10 4.38499e-06 0.000327567 1.06128e-05 0.576664 6.55351e-05 3.278e-05 6.35685e-10 4.08343e-05 1.32228e-09 
0.0484127 0.0007396 0.00894236 3.02511e-06 5.61728e-07 3.23174e-06 0.000155568 1.20901e-05 0.904926 0.0246982 0.0105493 1.25049e-05 0.00154236 2.43729e-06 
0.0106465 0.894266 7.36097e-08 1.0529e-06 3.75443e-08 1.70739e-06 0.000539442 4.71991e-08 0.0909313 0.0031441 7.56239e-08 1.84685e-06 0.000347388 0.000120745 
0.0258537 0.00924712 0.0149087 2.10852e-05 1.07182e-08 0.00248699 0.00222492 0.0411985 0.000980122 0.0947508 0.0016611 5.04401e-06 0.806662 4.65054e-08 
0.00015196 0.00068079 0.994897 7.66998e-06 1.42423e-06 8.19387e-06 3.78643e-06 1.79048e-06 0.00278117 0.000399426 0.000367419 2.97082e-06 0.000690062 6.17959e-06 
0.0617126 0.00047575 6.49694e-09 6.20027e-06 3.31373e-09 1.88012e-05 0.0463103 0.00781442 0.111188 0.122347 0.542659 2.92539e-06 0.107464 1.41532e-06 
0.255297 0.0257488 0.603179 1.5493e-09 2.87688e-10 1.65513e-09 0.000131537 1.01992e-05 0.0243129 0.0912591 3.1751e-06 6.00094e-10 5.76791e-05 1.24825e-09 
0.000333398 1.40069e-07 2.11172e-07 5.80042e-07 1.07707e-07 6.19661e-07 2.86348e-07 0.000127085 0.997802 0.0011906 2.1695e-07 2.24668e-07 0.000523371 2.08673e-05 
0.0065942 0.00249979 0.0106101 0.00844543 5.05714e-07 0.0090223 0.0162696 6.35763e-07 0.00450242 0.00167103 0.936333 1.05488e-06 0.00404801 2.19425e-06 
0.454578 1.04034e-06 1.00027e-06 3.40325e-06 1.09591e-07 7.77608e-07 5.5672e-05 3.97996e-07 0.0146147 0.0582101 0.129145 0.000150137 0.342363 0.000876384 
0.224915 0.0448075 0.0276896 0.0049404 5.31543e-07 0.00419651 0.11946 0.00409324 0.0148298 0.39662 0.0677612 0.000319402 0.0851596 0.00520686 
0.033119 3.66345e-06 2.40029e-09 6.59307e-09 1.22426e-09 1.69112e-05 8.79121e-06 1.53909e-09 0.901831 4.76211e-06 1.40585e-05 3.57773e-06 0.0592489 0.00574968 
0.370829 0.00027335 1.53535e-13 1.34995e-09 7.83097e-14 2.78862e-05 0.00370517 2.28015e-07 0.000555008 0.613608 0.00321723 6.37221e-10 0.00778371 3.06143e-10 
5.14228e-06 0.00354261 5.09281e-05 2.82401e-06 1.6085e-11 8.05191e-07 3.19874e-06 0.474371 3.5649e-06 3.05282e-05 8.23268e-06 6.74426e-07 0.521981 6.97912e-11 
0.0665596 0.00170848 9.14662e-08 1.63331e-06 4.66518e-08 4.46712e-06 0.123094 0.000233573 0.329667 0.0801102 0.295417 7.49736e-07 0.103203 5.15597e-07 
0.330508 0.000862607 1.54229e-09 3.2124e-05 7.86636e-10 5.38552e-06 0.000407651 0.000201339 0.0429134 0.545421 0.00618389 2.51616e-05 0.0734327 6.89752e-06 
1.39739e-05 3.81845e-05 0.0273124 0.000294684 1.70412e-10 3.97078e-05 4.12326e-06 2.14235e-10 0.660029 0.312257 3.43254e-10 1.78089e-07 7.69896e-06 3.18017e-06 
0.00589221 1.54035e-06 0.0401777 6.37876e-06 1.18446e-06 6.81446e-06 3.149e-06 1.48906e-06 0.0117858 0.00426058 2.38581e-06 2.47069e-06 0.936311 0.00154693 
0.000611494 8.21023e-06 0.0599892 7.19765e-08 1.78577e-09 7.09772e-07 0.936248 6.64595e-07 0.000940963 2.12069e-06 0.00182356 3.72497e-09 0.00037455 7.74829e-09 
8.49849e-06 1.95588e-09 1.41568e-05 8.09949e-09 1.50398e-09 8.65272e-09 0.000205525 1.89074e-09 0.887229 5.47281e-06 0.105228 0.00725693 5.2432e-05 6.52564e-09 
0.784619 0.0542165 3.21267e-05 0.000154095 1.48184e-05 0.000445125 0.00353908 0.000120521 0.0370627 0.117764 7.94909e-05 5.22748e-05 0.00153295 0.000366858 
0.0138676 2.28335e-05 2.33417e-11 6.41146e-11 1.19053e-11 6.8494e-11 0.302644 0.0126922 3.25485e-08 0.00782562 0.0061258 2.48336e-11 0.656822 5.16562e-11 
0.112363 1.24443e-05 8.53306e-07 2.43155e-09 4.5151e-10 0.227585 1.55772e-05 4.78536e-06 0.465921 1.26461e-05 5.24102e-06 0.0073633 0.176732 0.00998312 
0.00441418 0.00658977 5.38838e-08 1.48007e-07 2.74831e-08 0.0100899 0.0352479 3.45507e-08 0.892994 0.0422498 0.000216516 5.73277e-08 0.00819752 1.19247e-07 
0.133039 2.24468e-05 0.000158674 4.6485e-07 5.0996e-09 0.001473 4.93092e-05 6.17829e-05 0.0724583 0.79038 0.000194795 1.24305e-05 0.00156896 0.000580589 
0.0207169 1.79282e-08 2.93643e-05 7.42423e-08 1.37859e-08 7.93135e-08 1.77265e-05 0.000103639 0.735782 0.00964853 0.233649 2.87564e-08 4.70723e-05 5.8339e-06 
3.1567e-05 0.00508343 0.00585275 4.02121e-06 7.46691e-07 0.000213418 0.000302632 9.3871e-07 0.981702 0.000246859 0.00629916 6.05293e-05 0.000199188 3.23983e-06 
0.000263545 0.00029498 0.00101117 0.00439201 2.89011e-07 1.66274e-06 0.0783609 0.0685348 0.841868 0.00486609 5.96747e-05 1.76805e-05 2.99022e-05 0.00029876 
0.377322 0.0663638 0.00801163 0.196013 2.05885e-07 4.24058e-05 0.0236661 0.0327766 0.0142834 0.0635593 0.0113012 0.00428493 0.202081 0.000293202 
3.72824e-05 0.354345 1.52169e-10 1.63052e-06 7.7613e-11 2.8582e-06 6.25235e-06 9.75719e-11 0.388837 0.256761 1.56333e-10 1.61895e-10 4.11385e-06 4.81596e-06 
2.56829e-05 4.89938e-05 0.000249782 5.96554e-08 1.10773e-08 6.37302e-08 0.00014728 1.39259e-08 0.997778 0.000322902 2.23126e-08 9.70701e-05 9.98337e-05 0.00123048 
0.240343 0.00292993 2.11471e-05 3.30017e-09 6.12803e-10 3.52559e-09 0.279328 7.70391e-10 0.195965 0.194825 0.0849688 0.00161354 4.68722e-06 2.6589e-09 
0.0710516 0.0991878 3.26045e-05 0.000154679 2.42291e-06 0.000204864 0.00196126 3.78731e-06 0.766592 0.0396787 5.16543e-06 4.28716e-05 8.59342e-05 0.0209964 
0.182237 0.0124146 1.03424e-09 0.000847486 5.27509e-10 6.19649e-07 4.6082e-05 1.49357e-06 0.0183907 0.0501765 0.273364 1.10034e-09 0.456387 0.00613478 
0.0468939 0.552199 7.15192e-08 0.134694 3.6478e-08 2.1595e-05 0.00177085 0.0079113 0.0886936 0.0712833 0.00694169 0.000194767 0.0877626 0.00163391 
0.586354 0.0144345 1.59577e-08 1.09852e-06 8.13916e-09 1.71605e-06 0.0194714 0.000844334 0.217246 6.64426e-05 0.161519 1.06095e-06 5.97079e-05 5.38867e-07 
0.0258537 0.00924712 0.0149087 2.10852e-05 1.07182e-08 0.00248699 0.00222492 0.0411985 0.000980122 0.0947508 0.0016611 5.04401e-06 0.806662 4.65054e-08 
0.370829 0.00027335 1.53535e-13 1.34995e-09 7.83097e-14 2.78862e-05 0.00370517 2.28015e-07 0.000555008 0.613608 0.00321723 6.37221e-10 0.00778371 3.06143e-10 
0.152166 0.000246893 0.0275554 0.000176217 3.16621e-06 0.000152015 0.0959211 2.42093e-05 0.052041 0.0412473 0.590718 0.0289909 0.0107419 1.5416e-05 
0.00805762 0.0113403 2.10896e-10 1.79164e-07 1.07567e-10 0.000168879 9.99452e-07 0.00104927 0.094843 0.0770564 0.00172989 1.76996e-07 0.805753 8.57309e-08 
0.0838057 0.0135179 0.000992234 1.71175e-07 3.17851e-08 4.18322e-05 3.18284e-05 3.9959e-08 0.875469 0.0204205 0.00417052 0.000155626 4.70111e-06 0.00139001 
0.00100099 0.00156945 0.0502626 1.75349e-07 3.25602e-08 1.87326e-07 0.946606 6.77207e-07 1.29049e-06 2.58462e-05 2.22996e-05 6.7918e-08 0.00051062 1.41276e-07 
0.000312772 0.00440959 0.00576892 1.6768e-07 3.11363e-08 1.79134e-07 0.0010017 9.00685e-05 0.98603 0.000813862 0.00110387 6.49478e-08 0.000468909 1.35098e-07 
0.00116188 6.51256e-05 3.82214e-07 1.04986e-06 1.94946e-07 1.12157e-06 7.63011e-05 3.28225e-05 0.674143 0.183329 0.140271 4.06643e-07 0.000915988 8.45855e-07 
0.223633 0.131033 1.58085e-05 1.48587e-08 2.75908e-09 5.28742e-06 3.52122e-05 1.60421e-05 0.45312 0.0421105 4.21407e-05 2.59446e-05 2.71996e-05 0.149936 
0.454578 1.04034e-06 1.00027e-06 3.40325e-06 1.09591e-07 7.77608e-07 5.5672e-05 3.97996e-07 0.0146147 0.0582101 0.129145 0.000150137 0.342363 0.000876384 
0.00312998 0.00153726 8.67983e-08 2.38416e-07 4.4271e-08 0.00338777 1.17698e-07 0.930879 0.000144944 0.00180521 0.0476632 9.23458e-08 0.0114519 1.92088e-07 
0.115423 5.46657e-07 0.000238005 1.56135e-08 7.56727e-09 1.41156e-07 1.37524e-07 3.31303e-07 0.0925613 0.790844 1.61379e-08 1.86447e-05 4.30674e-05 0.000870876 
0.327684 0.00198212 0.00300543 7.92664e-08 1.29889e-08 9.78205e-05 0.404434 0.00620525 0.0476637 0.0649388 0.0422378 0.0349725 0.0667781 1.56896e-08 
0.214624 0.0308041 0.0213627 2.46373e-06 6.65552e-08 5.62937e-07 4.03029e-05 2.88123e-07 0.28001 0.166439 0.0201556 0.228356 0.0372284 0.000975808 
0.0676325 0.000180958 0.000544702 0.000515104 2.60056e-06 4.72537e-05 4.5751e-05 0.000251799 0.865578 0.000195192 0.00294075 1.4474e-05 0.000212679 0.0618382 
0.0797483 8.5285e-08 1.28577e-07 3.53174e-07 6.55802e-08 3.77297e-07 1.74351e-07 8.24448e-08 0.90413 8.07295e-06 9.06026e-06 1.36795e-07 0.0161027 2.84547e-07 
0.0703014 0.0963716 7.9152e-06 4.77062e-05 5.80408e-07 0.000104741 0.00140282 9.07279e-07 0.772575 0.0389274 1.23739e-06 1.94819e-05 5.66614e-05 0.020183 
