0.20264 0.107051 0.146294 1.09323e-07 0.418022 2.48923e-06 0.0044156 0.000115226 0.0355289 0.0620402 0.0175773 0.000164483 0.00613581 1.33798e-05 
0.0412475 0.0106862 0.00478458 0.00958463 0.69818 0.00040494 0.00448656 0.00133331 0.0150808 0.091287 0.0080501 0.104131 0.0107207 2.30837e-05 
0.00289291 8.99771e-05 0.000103613 0.00152882 0.795854 0.000149455 0.000146589 0.0250206 0.0270145 0.000307367 0.0214374 0.0589781 0.0664479 2.89367e-05 
0.261449 0.00178996 0.00156391 0.00526139 0.487469 0.000538012 0.000782938 0.00314923 0.170042 0.0256329 0.00480751 0.0177374 0.0195766 0.000200597 
0.0548261 0.00197679 0.00510854 0.00186609 0.705142 0.000657843 0.00539723 0.00619769 0.0139082 0.111753 0.00863128 0.0604915 0.0231142 0.000928786 
0.0252916 0.0901075 3.0897e-05 0.00282477 0.729438 0.00192499 0.00916394 5.66619e-06 0.0469907 0.0192442 9.87752e-05 3.29813e-05 0.0748396 5.86796e-06 
0.0763214 0.029118 3.04087e-05 6.08554e-05 0.625742 0.00028545 0.0250237 0.00874571 0.0455279 0.138015 0.0212469 0.000163903 0.0260343 0.0036837 
0.357784 0.0174481 0.00217731 0.00580312 0.42481 9.17631e-05 0.00189524 0.0223155 0.0215316 0.0226381 0.0135624 0.00709715 0.101947 0.000897918 
0.0184308 0.00484946 0.0740357 1.34407e-10 0.356558 6.94579e-07 2.09959e-07 0.000146304 0.316906 0.0144049 0.139704 0.00333322 0.0711248 0.00050668 
0.0644702 7.25964e-07 9.32429e-07 0.0332714 0.89408 9.15675e-08 1.17506e-11 7.72353e-07 0.00140984 1.07228e-06 1.06834e-06 0.00675689 7.16541e-06 2.01382e-07 
0.0591411 0.0600571 5.84923e-05 0.022801 0.523776 0.0290262 0.00239552 0.00985521 0.0333306 0.162313 0.000698152 0.00433618 0.091795 0.000416595 
0.0186458 0.000909239 0.000863434 0.143408 0.700621 0.000626467 0.00064054 0.00857534 0.0298516 0.0250685 0.011501 0.0283888 0.0309 7.56607e-07 
0.0403648 0.153119 0.00386842 0.00214519 0.426341 3.12065e-05 0.0218398 0.0284873 0.00307452 0.308922 0.00496457 1.08265e-05 0.0067939 3.74457e-05 
0.0101076 0.0327386 0.0117754 7.24166e-05 0.522094 0.0316153 0.0115086 0.00134773 0.152046 0.0567373 0.000519643 0.141266 0.0060546 0.0221165 
0.0506055 0.0162349 0.00836391 0.00549667 0.640469 0.114701 0.00849612 0.00269717 0.0392401 0.0667526 0.00469363 0.0281241 0.0140171 0.000107481 
0.0548261 0.00197679 0.00510854 0.00186609 0.705142 0.000657843 0.00539723 0.00619769 0.0139082 0.111753 0.00863128 0.0604915 0.0231142 0.000928786 
0.075174 0.00667915 0.00080175 0.00121167 0.422271 0.0108071 0.0151985 0.0154603 0.338896 0.0297639 0.0129648 0.00024926 0.070397 0.000125427 
0.0622123 0.0122736 0.0480184 5.2623e-06 0.326785 0.00112504 0.00272769 0.0001251 0.120894 0.135522 0.00249332 0.276308 0.0114301 8.02295e-05 
0.146256 0.00976914 0.0202186 0.000494592 0.286239 9.48347e-05 0.00990155 0.00395942 0.13175 0.131669 0.0394437 5.17135e-05 0.220048 0.000105189 
0.119056 0.0553227 0.00994558 0.00198801 0.423854 0.00120755 0.00410423 0.0209591 0.0332115 0.146104 0.0129285 0.115214 0.0556737 0.000431153 
0.0404961 0.00628736 0.00593357 0.000153847 0.60258 0.189552 0.00141655 0.000102503 0.0243929 0.0553151 0.00434912 0.0550666 0.0143312 2.26358e-05 
0.0173294 0.016397 0.0315506 0.00172017 0.617546 0.00268229 0.00214664 0.000376939 0.121918 0.0958674 0.0357942 0.0167145 0.0398329 0.000123188 
0.15716 0.00940761 0.00588429 0.000549648 0.289011 2.80124e-08 0.0104942 0.00106558 0.0313456 0.24899 0.00756561 0.186636 0.0515412 0.000350296 
0.0156306 0.031591 0.00251444 0.059217 0.697224 4.99944e-05 0.00194544 0.000125895 0.0222325 0.0921482 0.00399238 0.0692288 0.00410005 8.44593e-09 
0.166413 0.0017902 0.000101038 0.00126697 0.806584 1.80223e-05 0.000410209 0.000718373 0.000268861 0.00220744 9.46932e-05 0.000258292 0.0198103 5.8309e-05 
0.123389 0.0680524 0.0108306 0.0253751 0.408725 0.0106399 0.0105276 0.0047475 0.0205471 0.268542 0.00436899 0.00110308 0.0429928 0.000159228 
0.0529666 0.00265495 0.00181812 0.00124762 0.584491 0.000372276 0.000913378 0.00415872 0.26329 0.0384556 0.000234048 0.0333012 0.0156444 0.00045216 
0.0568856 0.0200302 0.0556018 0.000531008 0.576022 4.66166e-05 0.00242084 0.013481 0.0941866 0.154737 0.0024917 0.0112868 0.0114967 0.000782166 
0.0136077 0.0826439 0.000292677 2.17988e-05 0.464289 8.12317e-05 0.00803461 0.146851 0.00549081 0.271284 0.000512956 0.000145089 0.00673926 6.53276e-06 
0.090328 0.00914388 0.000156381 1.98288e-05 0.50463 0.000106516 0.000748541 0.0986086 0.0118248 0.177819 0.00141097 0.0485402 0.0563113 0.000351715 
0.0531249 0.000267896 4.35198e-07 0.075734 0.475845 5.48159e-05 4.67766e-05 0.309385 0.00235508 0.00108153 0.000124355 0.0706613 0.011237 8.18758e-05 
0.0347253 0.0797402 0.00014148 0.000373649 0.474205 0.000231416 0.0140967 0.0101337 0.121258 0.202281 0.0143264 0.00995352 0.0383057 0.000227409 
0.0413361 0.00715985 2.67136e-05 0.248872 0.27754 0.00966406 0.0156604 0.000577591 0.0129208 0.0100216 0.0914546 0.00761756 0.277138 1.08019e-05 
0.00553697 0.0200608 0.0813104 0.00261101 0.705713 0.00342999 0.00151899 0.00149705 0.102703 0.0741896 0.000161305 0.000104535 0.000664183 0.000499384 
0.0644702 7.25964e-07 9.32429e-07 0.0332714 0.89408 9.15675e-08 1.17506e-11 7.72353e-07 0.00140984 1.07228e-06 1.06834e-06 0.00675689 7.16541e-06 2.01382e-07 
0.36297 0.0407358 3.48042e-05 0.0107343 0.368138 4.36366e-05 0.00798551 0.130033 0.00110414 0.00663815 0.0108303 0.000405355 0.0600571 0.000289948 
0.143614 0.0481184 0.000247543 0.0452142 0.424541 0.000274834 0.00367473 0.000682222 0.0189724 0.288582 0.000392271 0.00254055 0.0229128 0.000232533 
0.0533034 0.00586309 8.5431e-05 0.00333583 0.420358 0.000122719 0.00298042 0.0247281 0.0257889 0.369974 0.00230816 0.0218577 0.0692872 7.27301e-06 
0.0753937 0.00377989 0.00827934 0.000123012 0.415863 0.000418535 0.00386028 0.000187908 0.0629108 0.0586941 0.0143697 0.324213 0.0318819 2.43774e-05 
0.0063704 0.0177019 7.89534e-05 5.48299e-06 0.682227 0.00673887 0.00172561 0.0101317 0.0318632 0.00482005 0.00276661 4.05495e-06 0.0814223 0.154144 
0.0283432 0.00811712 4.72065e-09 6.63821e-06 0.571293 5.46067e-06 1.5422e-06 0.000444703 0.37391 0.00552922 0.00175739 1.07718e-05 0.00990031 0.000681252 
0.264854 0.0278284 4.01605e-06 7.37607e-05 0.654427 2.43941e-06 2.72559e-07 8.56481e-11 0.0125352 0.0400993 0.000175691 1.73319e-07 1.03721e-07 2.95603e-10 
0.00202073 0.00201451 9.15972e-09 1.10107e-06 0.786907 2.78147e-05 0.00284667 9.1187e-05 0.00207425 0.203784 1.1708e-06 9.1993e-06 0.000207738 1.4456e-05 
0.294665 0.0284676 0.00936067 0.0217639 0.336216 0.0015551 0.0120578 0.0239793 0.00860933 0.221867 0.00420887 0.00681336 0.0297609 0.000674983 
0.00554372 0.144677 0.0112138 5.46114e-06 0.613329 0.000305866 0.0113279 6.69658e-05 0.0238383 0.141015 2.38263e-05 0.000295597 0.000349862 0.048007 
0.223767 0.00194172 2.74944e-05 0.00503563 0.609749 0.000455993 3.87819e-05 0.025445 0.0063004 0.00545781 0.000541501 0.0313044 0.0898184 0.000116944 
0.0487738 0.000182313 0.000121419 0.000184186 0.474673 0.000590599 0.000187327 1.94714e-05 0.00395619 0.00096141 0.363773 0.00719474 0.0993753 7.21258e-06 
0.137182 0.00521001 0.00405579 0.00226459 0.665635 0.00152622 0.00489104 0.00932596 0.00783955 0.134912 0.00515654 0.00999981 0.0115123 0.000489071 
0.137146 0.0149621 0.0450354 0.00763116 0.462608 0.0355665 0.00150322 0.0110076 0.0276474 0.112261 0.00609089 0.0237678 0.114616 0.000156461 
0.353878 0.000610174 0.000102821 0.000642086 0.631756 9.46574e-06 0.00010962 9.50766e-05 2.59752e-06 0.00468432 0.000253532 0.000854605 0.00693094 7.02737e-05 
0.0821993 0.00696673 0.0341903 0.0137767 0.287337 0.000546132 0.144804 0.0103494 0.0560045 0.18835 0.0363399 4.4502e-05 0.139036 5.51835e-05 
0.00715478 0.00693293 0.0381603 0.000921625 0.664678 0.000687643 0.00290376 0.00827131 0.115019 0.0270002 0.0188549 0.0731877 0.035604 0.000623355 
0.00934744 0.0134327 0.00177217 0.000446529 0.803618 5.6266e-05 0.00706587 0.00125074 0.0252935 0.057268 0.000433186 0.0775806 0.00243086 3.80208e-06 
0.0210455 0.0386641 0.00096389 0.00011873 0.370912 0.00111584 0.0209072 0.0727777 0.0183347 0.0846167 0.0057626 3.5989e-05 0.139112 0.225633 
0.0648078 0.0206082 0.0384989 0.000844734 0.563235 2.79566e-05 0.00366619 0.000680169 0.0240672 0.106394 0.0100274 0.0972922 0.0698489 1.56777e-06 
0.0398231 0.00692021 0.00481892 0.0843025 0.364338 0.000188669 0.000212105 0.00698891 0.314366 0.0235688 0.00114221 0.111882 0.0408926 0.000556386 
0.0128207 0.0248166 0.0556494 0.000292022 0.391905 0.0598925 0.00215588 0.0076449 0.186726 0.107156 0.103754 0.00248718 0.00342486 0.0412745 
0.0679845 0.144189 0.0372149 0.0017718 0.334988 6.79005e-05 0.00237804 0.0136441 0.0546968 0.255119 0.0202543 0.000302041 0.0668577 0.000531414 
0.0644702 7.25964e-07 9.32429e-07 0.0332714 0.89408 9.15675e-08 1.17506e-11 7.72353e-07 0.00140984 1.07228e-06 1.06834e-06 0.00675689 7.16541e-06 2.01382e-07 
0.348015 0.000949824 0.000215821 0.00197528 0.636313 2.29874e-05 3.88904e-05 8.19516e-05 0.000134964 0.00168925 0.000406065 0.00160855 0.00845181 9.67727e-05 
0.0609944 0.0599984 0.00111019 0.053592 0.614517 0.00483467 0.00623146 0.00155923 0.0405611 0.148329 0.000737796 0.00525348 0.00227914 2.56763e-06 
0.0210455 0.0386641 0.00096389 0.00011873 0.370912 0.00111584 0.0209072 0.0727777 0.0183347 0.0846167 0.0057626 3.5989e-05 0.139112 0.225633 
0.0304729 0.0669726 0.0929972 1.98977e-06 0.39603 0.000120626 0.0865529 0.0147552 0.00263189 0.273368 0.0115056 0.00470031 0.0198723 1.8826e-05 
0.0198157 0.070301 3.04949e-05 0.0022951 0.788522 0.00153625 0.00729437 6.48085e-06 0.0366327 0.0150114 8.89365e-05 2.97208e-05 0.0584278 8.4727e-06 
0.0458168 0.0116895 0.0368642 8.81652e-05 0.547528 0.000110719 0.0233158 0.00528547 0.0123189 0.129603 0.170599 6.49884e-05 0.0167089 6.00254e-06 
0.00458722 0.000750241 3.28861e-06 1.19915e-09 0.383641 4.39239e-05 1.46736e-05 0.0266672 0.0822669 0.060492 0.00748809 0.347657 0.0863864 2.06735e-06 
0.0446817 0.0482585 0.023583 0.00271111 0.646959 0.00362328 0.00651091 0.000253501 0.116464 0.040449 0.040958 0.00740147 0.0178101 0.000337227 
0.113828 0.00998432 0.0170721 0.00947544 0.683739 1.18686e-05 0.00537196 0.000634002 0.0294567 0.0270335 0.00244741 0.00234803 0.0985762 2.13069e-05 
0.0548261 0.00197679 0.00510854 0.00186609 0.705142 0.000657843 0.00539723 0.00619769 0.0139082 0.111753 0.00863128 0.0604915 0.0231142 0.000928786 
0.0879406 0.0113221 0.00372219 4.48869e-08 0.381937 8.0893e-05 0.0120135 0.00401099 0.281199 0.0201913 0.0114533 0.000964877 0.184259 0.000905435 
0.0299886 0.170177 0.0372094 0.00311946 0.499019 0.0570584 0.004719 0.00139325 0.0504034 0.120079 0.000633831 0.000117725 0.0260814 4.60887e-07 
0.223767 0.00194172 2.74944e-05 0.00503563 0.609749 0.000455993 3.87819e-05 0.025445 0.0063004 0.00545781 0.000541501 0.0313044 0.0898184 0.000116944 
0.286428 0.0210116 0.00240288 3.49126e-07 0.416468 0.024077 0.00573591 0.0527786 0.04331 0.0452533 0.0187932 0.000486462 0.083233 2.06966e-05 
0.194815 0.00570624 9.52701e-05 0.00709976 0.63708 1.40826e-06 0.00170093 3.65865e-07 0.00119003 0.152187 0.000114545 5.56972e-06 4.37342e-06 3.09585e-07 
0.292804 0.00191868 0.000119351 0.00203871 0.66518 3.20047e-05 0.00020132 0.000353129 0.00162757 0.00378028 0.000186012 0.0138066 0.0178384 0.000114406 
0.0210455 0.0386641 0.00096389 0.00011873 0.370912 0.00111584 0.0209072 0.0727777 0.0183347 0.0846167 0.0057626 3.5989e-05 0.139112 0.225633 
0.128123 0.00566786 0.0109311 0.0018703 0.683028 2.07455e-05 0.0126424 0.00125801 0.0037133 0.107785 0.00371419 0.00631867 0.0349135 1.37906e-05 
0.0458168 0.0116895 0.0368642 8.81652e-05 0.547528 0.000110719 0.0233158 0.00528547 0.0123189 0.129603 0.170599 6.49884e-05 0.0167089 6.00254e-06 
0.00637222 0.0134697 0.000969582 7.06974e-05 0.515821 0.0568382 0.0263758 0.00672443 0.113604 0.195389 0.00051993 0.0370184 0.0255301 0.00129759 
0.0230215 0.00482576 0.0201105 0.0141467 0.546356 4.5293e-05 0.0114621 0.0012334 0.00441549 0.356069 0.00398393 0.0027243 0.0115903 1.5168e-05 
0.221743 0.0330973 0.00403067 0.00966873 0.582295 0.000990894 0.00588082 0.00431372 0.0337485 0.0537119 0.00102112 0.00794392 0.0415501 4.08856e-06 
0.0219991 0.0013071 0.00133863 0.00653008 0.858856 0.000199625 0.000819225 0.014896 0.00300831 0.0127403 0.00391283 0.0173925 0.057 2.30699e-07 
0.350839 0.0164373 0.00387148 0.00130056 0.498719 7.37801e-05 0.00280633 0.000412517 0.0508822 0.0221245 0.0041728 0.00519552 0.0421796 0.000985168 
0.0551043 0.17983 0.0261192 0.0211943 0.269817 0.000421566 0.0202417 0.00339541 0.0587871 0.21484 0.0240297 0.00156577 0.123303 0.00134992 
0.00289291 8.99771e-05 0.000103613 0.00152882 0.795854 0.000149455 0.000146589 0.0250206 0.0270145 0.000307367 0.0214374 0.0589781 0.0664479 2.89367e-05 
0.0824595 0.0149506 0.0312897 0.000773083 0.687015 0.000295349 0.0069085 0.00065033 0.00826301 0.152494 0.0107681 8.87548e-05 0.00403985 4.52641e-06 
0.261184 0.0196849 0.00724347 0.000993254 0.472688 0.000817739 0.00846277 0.00317477 0.0256894 0.134597 0.00812062 0.0295148 0.0269086 0.000920438 
0.0926257 0.0375824 0.028381 0.00158426 0.454563 0.0142761 0.00143075 0.000522929 0.292666 0.0332713 0.00488531 0.00102455 0.0371228 6.37019e-05 
0.188823 0.00472745 8.99069e-06 0.000111309 0.520261 1.74143e-06 5.08294e-05 0.000229868 0.0186333 0.175222 0.0117181 2.18139e-07 0.0802072 4.54703e-06 
0.0128849 0.00602479 0.0365399 0.00150554 0.510249 0.0422046 0.0105691 0.00149912 0.254527 0.00922449 0.002433 0.0227964 0.0829625 0.00657877 
0.166413 0.0017902 0.000101038 0.00126697 0.806584 1.80223e-05 0.000410209 0.000718373 0.000268861 0.00220744 9.46932e-05 0.000258292 0.0198103 5.8309e-05 
0.0596379 0.00546674 0.00483996 0.00275521 0.604081 0.000828672 0.00661485 0.00907245 0.101803 0.124139 0.00225673 0.0218601 0.0566344 1.00665e-05 
0.07366 0.122354 0.00407948 0.000141287 0.278445 0.000149566 0.0585284 0.0366976 0.0456439 0.170665 0.032031 1.46286e-05 0.117606 0.0599841 
0.0452884 0.0373906 0.06699 0.00031065 0.585015 0.000315215 0.0247396 0.00039142 0.0144249 0.198803 0.0219184 0.000858815 0.00354978 4.28603e-06 
0.0635447 0.0893883 0.0530527 0.00403302 0.283149 5.96748e-10 0.00352342 0.0223397 0.0139112 0.152498 0.0634518 0.0791501 0.0233788 0.148579 
0.00952159 0.00586881 0.000296151 2.28501e-10 0.712654 0.000238152 0.00124043 1.10373e-07 0.208678 0.0551699 6.41407e-05 0.000322147 0.00593601 1.01442e-05 
0.0506055 0.0162349 0.00836391 0.00549667 0.640469 0.114701 0.00849612 0.00269717 0.0392401 0.0667526 0.00469363 0.0281241 0.0140171 0.000107481 
0.0891173 0.0301837 0.00560108 0.0164379 0.360352 0.000981943 0.0208321 0.00128293 0.0880998 0.133505 0.00961689 0.209157 0.0348287 3.30293e-06 
0.154762 0.00569812 0.00603115 0.00030465 0.309478 0.197229 0.000789848 0.0161761 0.0420986 0.0614921 0.00881919 0.000182082 0.196928 1.11349e-05 
0.00289291 8.99771e-05 0.000103613 0.00152882 0.795854 0.000149455 0.000146589 0.0250206 0.0270145 0.000307367 0.0214374 0.0589781 0.0664479 2.89367e-05 
0.0947902 0.0105364 0.137507 2.16781e-06 0.477886 0.00221395 0.0476495 0.00928376 0.0334047 0.0751855 0.0635106 0.00847876 0.0395503 1.09963e-06 
0.0186458 0.000909239 0.000863434 0.143408 0.700621 0.000626467 0.00064054 0.00857534 0.0298516 0.0250685 0.011501 0.0283888 0.0309 7.56607e-07 
0.0866359 0.00672186 0.0151332 4.54164e-06 0.789475 0.000543357 0.00147618 1.75897e-05 0.00920398 0.075526 0.00661271 0.00803969 0.000584387 2.52665e-05 
0.268412 0.0924003 0.0449286 0.00401964 0.304742 5.56594e-07 0.142912 0.000448549 0.000518273 0.0832294 0.0376676 6.09618e-07 0.0180297 0.00269014 
5.93607e-09 0.130801 0.000333809 8.40747e-05 0.607824 4.51447e-06 0.0587554 0.000626497 0.00246746 0.196654 3.27449e-06 7.98291e-06 0.00241878 1.86974e-05 
0.00703883 0.00693117 0.0436104 2.35059e-05 0.906561 2.51373e-05 0.0021234 0.000110313 0.00020886 0.0267112 0.00256283 0.00404947 4.34429e-05 2.4352e-07 
0.182298 0.0120252 0.00432629 0.000720379 0.710831 9.94045e-05 0.00299033 0.00379011 0.014257 0.0531426 0.000713026 0.00367025 0.0111347 2.11819e-06 
0.0609944 0.0599984 0.00111019 0.053592 0.614517 0.00483467 0.00623146 0.00155923 0.0405611 0.148329 0.000737796 0.00525348 0.00227914 2.56763e-06 
0.0591411 0.0600571 5.84923e-05 0.022801 0.523776 0.0290262 0.00239552 0.00985521 0.0333306 0.162313 0.000698152 0.00433618 0.091795 0.000416595 
0.0577159 0.00708369 0.00617593 0.00067842 0.494335 0.000162798 0.00303835 0.0473179 0.00944496 0.175563 0.00308702 0.0746851 0.120703 9.15976e-06 
0.0379117 0.00627009 0.0161367 0.00550033 0.520716 0.00243154 0.00263296 0.000711745 0.0387439 0.172055 0.153603 0.0252452 0.0157274 0.00231414 
0.0546362 0.0736709 0.000138724 0.0438311 0.775262 0.00277076 0.001398 0.00063093 0.0237497 0.012397 0.00276396 0.000173564 0.00857273 4.7526e-06 
0.0505152 0.0112584 0.0725526 0.0011545 0.562776 7.80968e-05 0.0232054 0.000360105 0.0475201 0.172082 0.0129332 0.0440587 0.00146089 4.46709e-05 
0.0609944 0.0599984 0.00111019 0.053592 0.614517 0.00483467 0.00623146 0.00155923 0.0405611 0.148329 0.000737796 0.00525348 0.00227914 2.56763e-06 
0.0184308 0.00484946 0.0740357 1.34407e-10 0.356558 6.94579e-07 2.09959e-07 0.000146304 0.316906 0.0144049 0.139704 0.00333322 0.0711248 0.00050668 
0.353878 0.000610174 0.000102821 0.000642086 0.631756 9.46574e-06 0.00010962 9.50766e-05 2.59752e-06 0.00468432 0.000253532 0.000854605 0.00693094 7.02737e-05 
0.0461432 0.0525172 0.000205824 5.499e-08 0.4558 0.00864625 0.00264648 0.0524943 0.226458 0.0219142 0.014887 0.000426654 0.117632 0.000228202 
0.0154147 0.00649212 0.00482468 0.00241426 0.483121 9.00346e-05 0.00209255 0.0436888 0.00291021 0.282219 0.000804485 0.135108 0.0181781 0.0026418 
0.124942 0.0587559 0.00355094 0.00318911 0.669832 2.74649e-05 0.00317559 0.00516394 0.0570959 0.0282136 0.00710458 0.00450941 0.0344106 2.92173e-05 
0.0144474 0.0185758 0.262158 0.00314445 0.350284 2.13968e-05 0.00181895 0.00213219 0.0264541 0.292071 0.00314857 3.29295e-05 0.0256864 2.46975e-05 
0.0624454 0.0148053 0.000513431 7.45029e-06 0.486438 0.0141791 0.00165438 0.0333684 0.0770837 0.075116 0.00248459 0.165825 0.0660392 4.07054e-05 
0.0763214 0.029118 3.04087e-05 6.08554e-05 0.625742 0.00028545 0.0250237 0.00874571 0.0455279 0.138015 0.0212469 0.000163903 0.0260343 0.0036837 
0.0102896 0.0309711 0.0112495 0.000250966 0.688412 0.0973327 0.0062897 0.000170589 0.0229773 0.0762119 0.000109693 0.0373806 0.00274267 0.0156117 
0.208855 0.0400474 0.0149495 0.00554237 0.402491 0.000126096 0.0703422 0.0133629 0.00971053 0.165995 0.0100888 0.00692155 0.0510889 0.000479248 
0.199532 0.095738 0.00569292 4.4482e-08 0.332276 4.89466e-08 0.0297912 0.00928288 0.0232884 0.291234 0.00139209 8.51655e-06 0.0117634 4.78187e-07 
0.154762 0.00569812 0.00603115 0.00030465 0.309478 0.197229 0.000789848 0.0161761 0.0420986 0.0614921 0.00881919 0.000182082 0.196928 1.11349e-05 
0.205794 0.00217035 0.0003045 0.00245356 0.756078 6.59043e-05 0.000474041 0.000637332 0.000708159 0.00213676 0.000202175 0.0272375 0.00168511 5.20872e-05 
0.325807 0.0121979 0.00267331 0.000987677 0.421124 0.000219026 0.00339111 0.0240553 0.0200357 0.0456683 0.00233042 0.00160021 0.0287818 0.111128 
0.166413 0.0017902 0.000101038 0.00126697 0.806584 1.80223e-05 0.000410209 0.000718373 0.000268861 0.00220744 9.46932e-05 0.000258292 0.0198103 5.8309e-05 
0.0165634 0.00898512 0.00798395 0.00593472 0.866059 4.0988e-07 0.0238488 0.00127635 0.0202592 0.0274515 0.00155526 3.54083e-06 0.0193784 0.000700739 
0.0866359 0.00672186 0.0151332 4.54164e-06 0.789475 0.000543357 0.00147618 1.75897e-05 0.00920398 0.075526 0.00661271 0.00803969 0.000584387 2.52665e-05 
0.00944983 0.00582051 0.288072 0.0131353 0.558757 9.78628e-05 0.00591626 0.00276024 0.0108397 0.0821073 0.00186745 0.0162321 0.00488863 5.57534e-05 
0.143158 0.0384245 0.00189714 0.00524044 0.565517 1.43179e-05 0.000306304 0.00185992 0.0026456 0.114823 0.00969763 0.0534369 0.0629478 3.15308e-05 
0.121397 0.109707 0.00240431 8.21739e-06 0.312841 0.134431 0.00401686 0.00865144 0.201861 0.0422487 0.00341627 0.00713227 0.0514467 0.000438745 
0.0468977 0.035183 0.0259904 0.00182314 0.621827 0.000208784 0.00682461 0.0229861 0.00528945 0.210772 0.00377185 0.00366136 0.0144281 0.000336448 
0.00528704 8.92214e-05 0.00770731 4.8325e-09 0.818309 0.00107545 4.49867e-05 0.00303386 0.0149513 0.00928556 0.000894215 0.131514 0.00630838 0.00149976 
0.312046 0.024293 0.0449893 0.000158707 0.505276 0.00245443 0.00366935 0.0003211 0.00412993 0.0812987 0.000303918 0.000842273 0.0189611 0.00125575 
0.0218821 0.0139615 0.0384428 8.35181e-07 0.518223 0.00195084 0.00523056 0.00116021 0.210873 0.0164962 0.00865811 0.0527485 0.0496806 0.0606919 
0.106956 0.0017477 0.0220393 1.03039e-05 0.35913 4.42073e-05 0.121591 3.61402e-05 0.016496 0.154237 0.171634 0.000162833 0.0459163 3.18259e-07 
0.309632 0.0818742 0.00127651 0.000559419 0.31248 0.00210604 0.00816415 0.0249094 0.00400354 0.211687 0.00225211 0.00347595 0.037084 0.000494934 
0.130755 0.0142165 0.0139236 0.0024856 0.624413 0.000231126 0.00344891 0.00625075 0.00445752 0.0948149 0.00172708 0.0822498 0.021025 9.6993e-07 
0.193915 0.00542033 0.0100778 0.00241463 0.430679 0.000325614 0.00143548 0.131275 0.0231063 0.0845893 0.00169134 0.0153319 0.0969832 0.002756 
0.0406344 0.00447179 0.00155419 1.75998e-05 0.482332 0.0976011 0.00218727 9.29634e-05 0.0443861 0.0183236 0.00574074 0.198722 0.103799 0.00013769 
0.0361584 0.0205834 0.0140198 1.2636e-05 0.431399 0.110121 0.00999812 0.000450967 0.0307185 0.172438 0.00210424 0.167524 0.00361028 0.000862525 
0.0670583 0.127328 0.0957122 0.00209854 0.405048 7.59997e-05 0.0395952 0.000597559 0.00759504 0.250212 0.00132248 2.32163e-07 0.0033558 2.07478e-09 
0.14396 0.0302524 0.0406481 0.00106982 0.442259 0.000129117 0.00506759 0.0081749 0.0196079 0.27141 0.00513198 0.011425 0.0208011 6.31363e-05 
0.000184469 0.000886828 0.00980122 3.45151e-08 0.969289 3.68726e-08 0.00526507 0.000178877 0.000867534 0.0121028 0.00142393 1.33688e-08 3.79982e-09 2.78083e-08 
0.189887 0.0391902 0.000449684 0.0042335 0.545293 1.66504e-05 0.0020309 0.0233423 0.00502646 0.0579371 0.00264829 0.0237671 0.00768232 0.0984955 
0.101548 0.036261 0.0116048 0.000106641 0.367453 2.61201e-05 0.0152455 0.0246095 0.0451447 0.201827 0.00149678 0.000445762 0.194141 9.06141e-05 
0.191029 0.027424 0.020917 0.0130955 0.345166 0.000196958 0.00929078 0.00967165 0.00480131 0.344017 0.00138722 0.0136787 0.0172555 0.00206974 
0.118131 0.132803 0.0837971 0.00415612 0.235391 0.0119173 0.0172044 0.00958327 0.0598907 0.208829 0.00918868 0.0107617 0.0483963 0.0499506 
0.200859 0.108489 0.0363617 3.819e-10 0.257444 0.000560992 0.0170918 0.00651127 0.059393 0.13625 0.0707627 0.0152399 0.0910362 9.72726e-07 
0.0319632 0.23828 0.0775201 3.99e-05 0.280356 6.49046e-06 0.0163678 0.0293673 0.0621297 0.243825 0.00049592 0.000395646 0.0187541 0.000498945 
0.00946146 0.0663645 0.0149624 6.0225e-06 0.825558 0.00544027 0.00821265 0.000100374 0.0131562 0.0470797 4.18459e-07 1.13222e-07 0.00965763 5.42448e-10 
0.0982389 0.0542626 0.0142217 0.0262673 0.308867 5.27315e-08 0.00898945 0.0517561 0.00189501 0.151344 0.00601052 7.64897e-06 0.00868487 0.269455 
0.0506055 0.0162349 0.00836391 0.00549667 0.640469 0.114701 0.00849612 0.00269717 0.0392401 0.0667526 0.00469363 0.0281241 0.0140171 0.000107481 
0.136257 0.0561869 0.00591433 7.87706e-05 0.281891 3.3275e-05 0.0107339 0.00979151 0.220904 0.0890982 0.00908254 0.00921413 0.0245193 0.146295 
0.273743 0.00661929 9.18425e-05 0.000597868 0.336512 0.000347254 0.000767475 0.000525024 0.124716 0.105305 0.0372357 0.00879859 0.100956 0.00378447 
0.0459378 0.00335935 0.000994653 0.0209775 0.372422 0.00170878 0.00369593 0.0381497 0.239167 0.054727 0.0601955 0.0013851 0.157087 0.000191739 
0.066248 0.00756147 0.0506741 0.0113544 0.742358 0.000975913 0.00108889 0.000527233 0.0569145 0.0296557 0.000240801 0.0176776 0.0147218 1.44092e-06 
0.219212 0.0179455 0.154168 0.000875577 0.360757 0.000415106 0.0149391 0.00565612 0.0268431 0.134467 0.0140246 0.00435321 0.0463349 9.24971e-06 
0.0883146 0.000247194 0.0037466 3.91535e-07 0.807052 0.00119828 0.000191481 0.00239885 0.0109319 0.00815671 0.00113988 0.0678378 0.00788592 0.000898429 
0.0517487 0.00261863 0.00490712 0.0091571 0.628057 0.00012854 0.00313335 0.0205689 0.0136734 0.0419178 0.00806831 0.0404102 0.17561 9.59091e-07 
0.191063 0.0547826 0.123285 2.30516e-05 0.460361 0.000184639 0.00531246 0.000185541 0.0419297 0.0938219 0.00712387 0.0127903 0.00905872 7.75848e-05 
0.0935593 0.173537 0.014172 0.00323201 0.514582 9.15882e-06 0.0324205 0.000460158 0.00501691 0.148571 0.000425976 0.00881227 0.00497185 0.000229295 
0.00844502 0.000120091 0.00976578 7.86806e-07 0.707674 0.000596388 6.64287e-05 0.0021385 0.0129061 0.0121737 0.000307543 0.238161 0.00572484 0.00191981 
0.0609944 0.0599984 0.00111019 0.053592 0.614517 0.00483467 0.00623146 0.00155923 0.0405611 0.148329 0.000737796 0.00525348 0.00227914 2.56763e-06 
0.157105 0.00068061 7.25999e-06 0.00118315 0.624583 0.000103056 0.000359458 0.0144212 0.00472345 0.01948 0.00234291 0.00283282 0.0195465 0.152632 
0.0548261 0.00197679 0.00510854 0.00186609 0.705142 0.000657843 0.00539723 0.00619769 0.0139082 0.111753 0.00863128 0.0604915 0.0231142 0.000928786 
0.36297 0.0407358 3.48042e-05 0.0107343 0.368138 4.36366e-05 0.00798551 0.130033 0.00110414 0.00663815 0.0108303 0.000405355 0.0600571 0.000289948 
0.140164 0.00159118 1.75499e-08 0.00371461 0.798243 4.6833e-05 3.01621e-05 0.000559568 0.00387947 8.16824e-08 7.04687e-05 0.0200163 0.0315349 0.000150039 
0.135335 0.0050973 0.0532173 0.00130993 0.298915 4.87112e-05 0.00857892 0.0408664 0.0768515 0.221144 0.0216259 0.0123794 0.12324 0.0013904 
0.164784 0.00315434 0.00803808 0.000865405 0.445401 0.0593873 0.000640245 0.0133698 0.149827 0.0361504 0.00191492 0.071139 0.0428721 0.00245728 
0.0065344 0.00455375 0.0124245 0.000120056 0.621224 8.94376e-05 0.0106281 0.000120956 0.192382 0.11821 0.00344291 4.96532e-06 0.0169023 0.0133631 
4.25159e-07 0.00131779 0.00300759 4.74121e-06 0.993121 5.06506e-06 2.34059e-06 3.01993e-05 1.1525e-06 3.68189e-07 0.00250308 1.83642e-06 5.21968e-07 3.81992e-06 
0.0703401 0.0721376 0.00863605 0.12642 0.452212 0.00670333 0.00335925 0.00795521 0.0352979 0.0203739 0.00523076 0.00948478 0.106313 0.0755356 
0.00528704 8.92214e-05 0.00770731 4.8325e-09 0.818309 0.00107545 4.49867e-05 0.00303386 0.0149513 0.00928556 0.000894215 0.131514 0.00630838 0.00149976 
0.0510192 0.0317271 0.0298439 0.00759737 0.373085 4.82275e-05 0.0381906 0.141918 0.0872261 0.11787 0.0246115 0.0256545 0.0711634 4.45226e-05 
0.122714 0.176964 0.0583993 0.000256842 0.329361 0.000348439 0.0175257 4.72204e-06 0.115744 0.142673 0.0215848 0.0128631 0.00114284 0.000418672 
0.292804 0.00191868 0.000119351 0.00203871 0.66518 3.20047e-05 0.00020132 0.000353129 0.00162757 0.00378028 0.000186012 0.0138066 0.0178384 0.000114406 
0.0210455 0.0386641 0.00096389 0.00011873 0.370912 0.00111584 0.0209072 0.0727777 0.0183347 0.0846167 0.0057626 3.5989e-05 0.139112 0.225633 
0.101548 0.036261 0.0116048 0.000106641 0.367453 2.61201e-05 0.0152455 0.0246095 0.0451447 0.201827 0.00149678 0.000445762 0.194141 9.06141e-05 
0.0103416 0.0320388 0.00206656 0.000309339 0.713336 1.52113e-05 0.0331358 0.0160975 0.0100067 0.140288 0.000629763 0.0398967 0.00182556 1.25818e-05 
0.0142509 0.0257329 0.0010175 2.26515e-05 0.663837 1.30815e-06 0.0116145 0.00451579 0.00416859 0.272543 0.000146418 1.2585e-05 0.00205561 8.04595e-05 
0.198899 0.00446613 0.0100712 0.000167694 0.44837 0.000878408 0.00585858 0.00105629 0.0112288 0.276584 0.00285909 0.00536481 0.0341505 4.52718e-05 
0.000241572 0.000974727 1.04883e-07 2.8809e-07 0.468957 0.344798 1.42221e-07 0.00249318 0.0577649 0.00751774 0.0833013 0.00360148 0.0301487 0.000201308 
0.0510033 0.0557068 0.295636 0.0032494 0.3428 0.000183844 0.039258 0.00432011 0.0182575 0.045863 0.00573232 0.0126924 0.0257698 0.0995271 
0.182437 0.0551593 0.0582637 0.00584782 0.369339 5.18049e-05 0.0374422 0.00319669 0.0011003 0.255323 0.0026909 6.63448e-05 0.0290561 2.63315e-05 
0.00549115 0.00106388 0.0852391 1.02927e-05 0.578505 4.75626e-05 0.00537252 0.0514819 0.0245005 0.238695 0.00416843 2.24958e-05 0.00057012 0.00483147 
0.0535489 0.0459877 0.00314949 0.00735023 0.469641 1.9295e-05 0.00332548 0.00551166 0.0162742 0.376837 0.00031106 0.00848323 0.00948109 7.88169e-05 
0.0354323 0.123993 0.0435375 9.16423e-05 0.567154 0.0129887 0.0113293 1.78917e-07 0.0656783 0.128053 0.00109281 0.00392897 0.00671829 2.01631e-06 
0.120915 0.120353 0.00809919 8.58525e-05 0.365208 2.02377e-05 0.00451178 0.0153545 0.00198084 0.257527 0.00671864 0.0839947 0.0151949 3.67389e-05 
0.201967 0.00631085 0.0112441 0.00224538 0.340352 0.0308976 0.0231205 0.00289212 0.218708 0.0680667 0.0508054 0.00727878 0.0360172 9.46612e-05 
0.314164 0.00714693 0.00461922 3.75241e-08 0.481875 9.32814e-05 0.00287985 1.2873e-05 0.148353 0.0371457 8.05003e-05 0.001911 0.00160347 0.000114848 
0.287607 0.019866 0.0026684 0.00553506 0.408785 0.000225056 0.00225534 0.00379222 0.0253275 0.0407803 0.0122904 0.016377 0.174438 5.3002e-05 
0.0324325 0.0111454 0.317295 0.000559506 0.359392 0.000186463 0.00848738 0.00348358 0.0586969 0.166521 0.010187 0.023315 0.00827595 2.21841e-05 
0.367712 0.0047856 0.000161405 0.00378645 0.588818 6.40348e-05 0.000856598 0.00593048 0.00101107 0.0035921 0.000465398 0.0112328 0.0115279 5.64395e-05 
0.0644702 7.25964e-07 9.32429e-07 0.0332714 0.89408 9.15675e-08 1.17506e-11 7.72353e-07 0.00140984 1.07228e-06 1.06834e-06 0.00675689 7.16541e-06 2.01382e-07 
0.0210455 0.0386641 0.00096389 0.00011873 0.370912 0.00111584 0.0209072 0.0727777 0.0183347 0.0846167 0.0057626 3.5989e-05 0.139112 0.225633 
0.0546362 0.0736709 0.000138724 0.0438311 0.775262 0.00277076 0.001398 0.00063093 0.0237497 0.012397 0.00276396 0.000173564 0.00857273 4.7526e-06 
0.36297 0.0407358 3.48042e-05 0.0107343 0.368138 4.36366e-05 0.00798551 0.130033 0.00110414 0.00663815 0.0108303 0.000405355 0.0600571 0.000289948 
0.396222 0.00111493 0.000359686 0.00208698 0.586302 2.0472e-05 6.48039e-05 0.000111691 0.000224929 0.00281539 0.000676758 0.00129169 0.00862409 8.54423e-05 
0.000440477 0.000535019 6.92279e-06 6.05404e-06 0.439722 0.135255 1.1523e-05 4.70987e-08 0.00164028 0.00650953 9.07185e-06 0.415812 4.26182e-05 9.2887e-06 
0.042657 0.01423 0.0652298 0.00263954 0.574924 0.00014488 0.0144652 0.000101493 0.0739845 0.0611302 0.0867701 0.015228 0.0484959 4.2487e-09 
0.276864 0.0224534 0.00857742 0.00419383 0.480084 1.88191e-06 0.00944813 0.0146881 0.0136914 0.061389 0.00334165 0.0504973 0.0545569 0.000212692 
0.223767 0.00194172 2.74944e-05 0.00503563 0.609749 0.000455993 3.87819e-05 0.025445 0.0063004 0.00545781 0.000541501 0.0313044 0.0898184 0.000116944 
0.0945848 0.0343781 0.0764595 0.00171958 0.270856 0.0018157 0.0224448 0.00245935 0.0668744 0.0579413 0.1209 0.00173993 0.247749 7.73937e-05 
0.363224 0.000875156 1.09727e-06 0.0189683 0.571807 3.54733e-05 0.00010042 0.00546613 0.000376764 0.0149333 8.64373e-05 0.00509131 0.0189835 5.12e-05 
0.0447928 0.0113211 0.00499465 0.00337492 0.534871 0.000298579 0.0024729 0.0362667 0.0425873 0.195214 0.00275906 0.0590838 0.0590721 0.0028917 
0.0239828 0.0360302 0.00992339 0.000568644 0.482606 0.000104065 0.00804186 0.0255429 0.153252 0.15928 0.00125527 0.000380877 0.0988623 0.000169145 
0.186965 0.061666 0.151426 5.39421e-05 0.272103 0.00226619 0.0176961 0.000668472 0.0284542 0.248897 0.0150219 7.38599e-05 0.00852199 0.00618639 
0.135335 0.0050973 0.0532173 0.00130993 0.298915 4.87112e-05 0.00857892 0.0408664 0.0768515 0.221144 0.0216259 0.0123794 0.12324 0.0013904 
0.0752322 0.140217 0.194886 0.000768406 0.46717 0.000724109 0.00573812 0.00119616 0.00758429 0.072603 0.00338881 0.00315896 0.00801048 0.0193231 
0.104016 0.0420374 0.149153 0.00103966 0.296481 0.000267013 0.00579633 0.0090194 0.0302504 0.240345 0.0442719 0.00305777 0.074206 5.89528e-05 
0.196115 0.00864575 0.0363486 0.00524751 0.350446 7.92804e-08 0.0797697 0.000273873 0.105413 0.1484 0.0408172 0.0265509 0.00197006 3.05972e-06 
0.0864759 0.0192261 0.00373551 0.000750839 0.675475 0.000215933 0.0079793 0.000325951 0.0903196 0.0890918 4.3841e-05 0.0224834 0.00334827 0.000528091 
0.232013 0.00309488 0.00157834 0.0256721 0.448108 3.86463e-05 0.0035138 0.0163953 0.00538082 0.00798802 0.0164773 0.0268311 0.0102871 0.202622 
0.133447 0.0118275 0.0641581 0.00195622 0.673679 2.05089e-05 0.0139214 3.33168e-05 0.00144037 0.056725 0.0116049 0.0263301 0.00485356 2.01979e-06 
0.107051 0.00156192 0.00114527 0.000661799 0.306399 1.40682e-05 0.00152954 0.00690919 0.0332046 0.144048 0.00296337 0.132719 0.261789 2.94433e-06 
0.0219991 0.0013071 0.00133863 0.00653008 0.858856 0.000199625 0.000819225 0.014896 0.00300831 0.0127403 0.00391283 0.0173925 0.057 2.30699e-07 
0.0219991 0.0013071 0.00133863 0.00653008 0.858856 0.000199625 0.000819225 0.014896 0.00300831 0.0127403 0.00391283 0.0173925 0.057 2.30699e-07 
0.138179 0.155478 0.0281018 0.00100535 0.345342 2.30595e-05 0.0727172 0.00362266 0.00364659 0.245614 0.000585254 6.40751e-06 0.00564097 3.78211e-05 
0.0149179 0.0523097 0.00445565 3.70432e-06 0.401706 0.000535459 0.0948942 0.00013735 0.265539 0.028025 0.0175926 0.000355057 0.109972 0.0095569 
0.166413 0.0017902 0.000101038 0.00126697 0.806584 1.80223e-05 0.000410209 0.000718373 0.000268861 0.00220744 9.46932e-05 0.000258292 0.0198103 5.8309e-05 
0.251864 0.00575662 0.000124678 0.0425772 0.648277 3.69838e-05 0.000300083 0.00193113 0.00125686 0.00896616 0.000142963 0.03605 0.00262556 9.05929e-05 
0.207887 0.0816962 0.0599945 0.00153948 0.3041 0.000322177 0.022829 0.0197117 0.0742768 0.170758 0.00272177 0.00136965 0.0506861 0.00210735 
0.0125736 0.0338215 0.00226911 0.0422173 0.650304 7.02155e-06 0.0113637 0.00152853 0.0227978 0.204434 0.00189589 0.000568825 0.0161905 2.88605e-05 
0.172531 0.0193984 2.97807e-05 0.00175997 0.567938 0.000445939 0.00696888 0.000383476 0.00956401 0.211419 0.000241182 0.00685647 0.00221079 0.000253273 
0.134492 0.0045066 0.00488357 7.3241e-07 0.37322 1.47714e-06 8.97568e-05 0.00071043 0.142573 0.0707261 0.140346 0.0504261 0.0780242 3.80352e-07 
0.0786558 0.0411038 0.000104745 0.0292358 0.525058 0.00107348 0.0090937 0.00108273 0.0111586 0.277662 0.00043122 3.23195e-05 0.023907 0.00140024 
0.195086 0.00158836 1.9568e-08 0.00112078 0.776743 0.000111901 6.76138e-05 0.00246377 0.00142992 9.10754e-08 6.46369e-05 0.0198361 0.00143071 5.68972e-05 
0.154828 0.118375 0.000103719 0.027204 0.668134 4.33735e-06 0.00113856 0.000282013 0.0192328 0.00686537 4.23218e-06 0.00174601 0.0020758 5.73417e-06 
0.292804 0.00191868 0.000119351 0.00203871 0.66518 3.20047e-05 0.00020132 0.000353129 0.00162757 0.00378028 0.000186012 0.0138066 0.0178384 0.000114406 
0.316101 0.0395225 0.000117684 0.00553237 0.516484 0.000901536 0.00135739 0.000284308 0.00954283 0.0260796 0.000664465 0.0783579 0.00501869 3.65292e-05 
0.0248118 0.00125956 0.00128757 0.00299856 0.574295 0.000572935 0.000513122 0.029426 0.0136353 0.0139506 0.00525594 0.276588 0.0551684 0.000237198 
0.353878 0.000610174 0.000102821 0.000642086 0.631756 9.46574e-06 0.00010962 9.50766e-05 2.59752e-06 0.00468432 0.000253532 0.000854605 0.00693094 7.02737e-05 
0.0113239 0.00109008 0.0141476 2.17177e-07 0.441151 0.312086 0.000342146 0.00310524 0.0885423 0.0175478 0.0407675 0.0560391 0.0132864 0.000570259 
0.00528704 8.92214e-05 0.00770731 4.8325e-09 0.818309 0.00107545 4.49867e-05 0.00303386 0.0149513 0.00928556 0.000894215 0.131514 0.00630838 0.00149976 
0.0795873 0.00411264 0.00565526 0.00310101 0.533894 0.000435791 0.0081737 0.0014089 0.0518385 0.0983855 0.00619824 0.199315 0.00620614 0.00168793 
0.038775 0.145283 0.0130467 0.000218962 0.366007 0.00161213 0.00830307 0.00265651 0.182881 0.0143295 0.00261896 0.00299648 0.22127 1.99043e-06 
0.0216482 0.000485242 0.000941311 0.00627519 0.456128 0.408365 0.00687561 3.15428e-06 0.0355934 0.0232804 0.0248691 0.000355106 0.0151109 6.95121e-05 
0.0309485 0.00614069 0.141455 0.000144036 0.286076 0.00182964 0.00311354 0.00322611 0.154901 0.181338 0.110855 0.075765 0.00420735 1.84086e-08 
0.0513681 0.000526134 0.00453491 6.31766e-07 0.507939 9.73488e-05 0.000128007 0.00511988 0.292264 0.0641003 0.00528391 0.036031 0.0326034 3.30174e-06 
0.00458722 0.000750241 3.28861e-06 1.19915e-09 0.383641 4.39239e-05 1.46736e-05 0.0266672 0.0822669 0.060492 0.00748809 0.347657 0.0863864 2.06735e-06 
0.00349769 0.0150818 0.101912 4.88273e-05 0.434958 9.48335e-05 0.00286584 2.87546e-07 0.0933411 0.031827 0.244505 0.0471208 0.0246587 8.91651e-05 
0.16822 0.0204376 0.156012 0.000555006 0.402865 0.000283 0.0072655 0.0065386 0.00889806 0.176723 0.0138551 0.00863062 0.0297145 2.62819e-06 
0.0210455 0.0386641 0.00096389 0.00011873 0.370912 0.00111584 0.0209072 0.0727777 0.0183347 0.0846167 0.0057626 3.5989e-05 0.139112 0.225633 
0.113637 0.0830935 0.00945274 0.00122606 0.371177 3.24174e-05 0.00929047 0.00614316 0.00956321 0.278646 0.00112289 0.095542 0.0198681 0.00120535 
0.00496435 0.00649525 0.0035105 0.00781694 0.388072 4.3552e-05 0.00498181 0.00271287 0.175492 0.387192 0.00842089 0.00150115 0.0066436 0.00215239 
0.0700829 0.00404193 0.0732615 2.22985e-06 0.616106 1.47548e-05 0.00680949 0.000265541 0.0176138 0.196347 0.00338409 2.29825e-05 0.0120076 4.0638e-05 
0.114434 0.000338493 0.00239117 0.000693818 0.326301 0.00142452 0.000259538 7.55608e-05 0.00801023 0.0103612 0.232738 0.229466 0.0734994 7.6875e-06 
0.0163212 0.00223331 0.000973189 0.346797 0.540979 0.000274058 0.000656942 0.0196748 0.00269416 0.0068624 0.00168607 0.0161608 0.0446644 2.24662e-05 
0.0567065 0.105188 0.0815616 0.00136944 0.441802 0.000283387 0.0121594 1.28497e-05 0.00151765 0.289926 0.00438589 4.32202e-08 0.0050865 1.95496e-07 
0.081603 0.0781839 0.00592734 0.00262946 0.38494 0.00175338 0.0327559 0.011236 0.144174 0.0916392 0.0431924 0.00164882 0.119187 0.00112977 
0.0763742 0.0169073 0.0462113 0.00635464 0.457272 0.000129057 0.0277584 0.00109394 0.0496708 0.0772029 0.0120552 0.0367261 0.192117 0.000127064 
0.00362218 0.0303603 0.00429277 1.57417e-05 0.623359 0.14111 0.0108959 0.000135948 0.0490575 0.0676727 0.000703854 0.0647966 0.00298189 0.00099609 
0.0530158 0.0226226 0.0258107 0.00799738 0.361629 0.000310651 0.00813816 0.00787657 0.243908 0.113841 0.0149938 0.00299522 0.135856 0.00100558 
0.178672 0.063884 0.045716 0.00205693 0.471969 0.000435692 0.018993 0.000851335 0.0272406 0.141751 0.000219501 0.000101642 0.00791545 0.0401941 
0.104486 0.0257489 0.0912198 0.00161316 0.400508 2.8039e-05 0.00225948 0.073492 0.0859902 0.0771485 0.00324546 0.00253743 0.131213 0.000510333 
0.0397201 0.00416973 0.00387057 0.110063 0.50491 0.000912885 0.00189109 0.0255544 0.0487064 0.0424913 0.00373345 0.172386 0.0408415 0.000749769 
0.373681 0.010249 0.00867523 0.0174382 0.527357 2.54806e-05 0.00382143 0.00790506 0.00114308 0.0104044 0.00113815 0.00505957 0.0330434 5.833e-05 
0.0394182 0.0762661 0.0212348 0.0173597 0.380191 7.80143e-06 0.0516981 0.00183997 0.0084549 0.315763 0.0114716 6.85387e-05 0.0658264 0.0103999 
0.0243408 0.0159888 0.0219844 1.94162e-06 0.924955 0.000209498 0.00632717 4.53251e-07 4.71973e-07 0.00357366 0.00261509 7.52049e-07 2.13756e-07 1.56433e-06 
0.0619798 0.0371297 0.00326581 1.00941e-05 0.566564 0.000953957 0.00923355 2.9496e-05 0.117299 0.128139 0.0659265 0.00102341 0.00841085 3.50986e-05 
0.0548261 0.00197679 0.00510854 0.00186609 0.705142 0.000657843 0.00539723 0.00619769 0.0139082 0.111753 0.00863128 0.0604915 0.0231142 0.000928786 
0.0328719 0.0323998 0.000668695 0.0290753 0.791435 0.0026937 0.00351498 0.000865022 0.0218908 0.0799224 0.000430552 0.00296511 0.00125725 9.13185e-06 
0.00289291 8.99771e-05 0.000103613 0.00152882 0.795854 0.000149455 0.000146589 0.0250206 0.0270145 0.000307367 0.0214374 0.0589781 0.0664479 2.89367e-05 
0.137456 0.0181094 0.00181382 0.0022675 0.636038 0.000315629 0.000131163 0.00308573 0.0878732 0.0452092 0.00924908 0.00730657 0.0509187 0.000225532 
0.02897 0.0386283 0.0431466 2.65999e-05 0.349277 7.84319e-05 0.00912495 0.00975053 0.222799 0.286074 0.00140937 0.00321418 0.00719756 0.000304486 
0.0560029 0.00451873 0.0033903 0.00024504 0.735524 0.000501987 0.00476104 0.0222928 0.0278881 0.0424104 0.000948988 0.0978399 0.00366467 1.09311e-05 
