0.120237 0.00585655 0.00467931 0.000406518 0.483543 0.143431 0.00196978 0.00559326 0.0293788 0.1362 0.00441028 0.0399352 0.0242555 0.000102386 
0.00289291 8.99771e-05 0.000103613 0.00152882 0.795854 0.000149455 0.000146589 0.0250206 0.0270145 0.000307367 0.0214374 0.0589781 0.0664479 2.89367e-05 
0.0548261 0.00197679 0.00510854 0.00186609 0.705142 0.000657843 0.00539723 0.00619769 0.0139082 0.111753 0.00863128 0.0604915 0.0231142 0.000928786 
0.0514847 0.0141388 0.0283444 8.91515e-06 0.824334 7.53422e-05 5.50894e-05 5.62095e-05 0.000688922 0.0773936 2.47166e-05 0.000209748 0.00318539 2.4992e-08 
0.36297 0.0407358 3.48042e-05 0.0107343 0.368138 4.36366e-05 0.00798551 0.130033 0.00110414 0.00663815 0.0108303 0.000405355 0.0600571 0.000289948 
0.104303 0.0369678 0.000121097 1.47236e-07 0.491304 0.0418266 0.000996648 0.000494469 0.217721 0.0456506 7.03194e-06 9.41983e-06 0.0596836 0.000915056 
0.237956 0.0781252 0.011289 0.00506369 0.392702 7.17191e-05 0.02667 0.0172354 0.0113228 0.153282 0.00338376 0.0442853 0.0185077 0.000105496 
0.0548261 0.00197679 0.00510854 0.00186609 0.705142 0.000657843 0.00539723 0.00619769 0.0139082 0.111753 0.00863128 0.0604915 0.0231142 0.000928786 
0.273977 0.0173469 1.56937e-09 0.00963121 0.663688 7.77743e-05 0.000296727 0.0110239 0.00289538 1.34327e-07 0.00066066 0.0010236 0.0188354 0.000543086 
0.00496435 0.00649525 0.0035105 0.00781694 0.388072 4.3552e-05 0.00498181 0.00271287 0.175492 0.387192 0.00842089 0.00150115 0.0066436 0.00215239 
0.0718822 0.0372734 0.298258 0.00450848 0.349471 0.000264575 0.0171333 0.0165176 0.0203343 0.0974859 0.0128197 0.00107909 0.0669873 0.00598558 
0.131658 0.00179135 0.00530202 0.0129264 0.491746 0.293487 9.9635e-05 0.00716748 0.00577582 0.00243559 0.00628894 0.0202741 0.0209944 5.34114e-05 
0.025429 0.00206995 0.00520622 0.00084591 0.703012 0.0002956 0.00313533 0.0170818 0.0287237 0.0446739 0.00646829 0.0524258 0.110633 1.35036e-08 
0.0824164 0.0238564 9.80363e-05 0.0265142 0.605913 0.00763809 8.14459e-05 0.000260215 0.187477 0.025411 0.00178556 0.00687349 0.0316341 4.08726e-05 
0.0644702 7.25964e-07 9.32429e-07 0.0332714 0.89408 9.15675e-08 1.17506e-11 7.72353e-07 0.00140984 1.07228e-06 1.06834e-06 0.00675689 7.16541e-06 2.01382e-07 
0.136448 0.0368272 0.00336748 0.000167259 0.326421 0.124956 0.00737668 0.0155614 0.0450919 0.194015 0.00469696 0.0499096 0.0539103 0.001251 
0.21786 0.00193288 0.00114154 8.9996e-06 0.401698 0.00410739 0.00127744 0.00880931 0.111432 0.120994 0.00450226 0.00196228 0.124159 0.000115062 
0.0499031 0.0361433 0.00278841 0.00377594 0.52751 5.37934e-05 0.0141178 0.0632302 0.0123803 0.25686 0.00225032 0.00473813 0.0257545 0.000493804 
0.111435 0.0945739 0.0211776 0.000115036 0.268671 0.0012024 0.0114507 0.0169532 0.151777 0.258189 0.0154376 0.000229624 0.0197805 0.029007 
0.0866359 0.00672186 0.0151332 4.54164e-06 0.789475 0.000543357 0.00147618 1.75897e-05 0.00920398 0.075526 0.00661271 0.00803969 0.000584387 2.52665e-05 
0.36297 0.0407358 3.48042e-05 0.0107343 0.368138 4.36366e-05 0.00798551 0.130033 0.00110414 0.00663815 0.0108303 0.000405355 0.0600571 0.000289948 
0.150951 0.0116471 0.00288783 0.00302587 0.539847 7.8472e-05 0.00378127 0.0292568 0.00230589 0.169766 0.00153945 0.0611437 0.02295 0.000819558 
0.143011 0.135153 0.157389 0.00421376 0.190485 0.00494633 0.0410437 0.00835697 0.085905 0.0541939 0.0031911 0.000211288 0.17128 0.00061984 
0.0318394 0.0113848 0.0570526 0.00358588 0.255597 0.0550479 0.0222369 0.0107735 0.215872 0.211268 0.00417312 0.0917627 0.0208528 0.00855396 
0.101874 0.162115 0.0559355 0.000131791 0.267803 0.000109719 0.0668457 0.00087822 0.0430963 0.225303 0.0189721 0.00129276 0.0530437 0.00259879 
0.177821 0.0615918 0.0147713 0.00182596 0.308201 0.00797465 0.00267583 0.0212964 0.0674761 0.146219 0.0129721 9.7439e-05 0.145285 0.0317919 
0.0361904 0.0181412 0.00951128 0.0252982 0.531612 0.0223011 0.010781 0.00433333 0.120188 0.151616 0.0110996 0.0333266 0.025563 3.80113e-05 
0.00718685 0.00126791 0.105917 2.71158e-06 0.557329 0.00030468 0.00246736 1.98418e-05 0.0527775 0.263989 0.00433773 1.37657e-05 0.00413958 0.000246295 
0.061762 0.00897799 0.0335902 0.00197479 0.448005 0.000104049 0.00617482 0.0048979 0.00906389 0.311317 0.0412907 0.0333959 0.0394171 2.80486e-05 
1.85657e-08 0.00794899 3.27594e-05 6.10367e-05 0.569562 1.35578e-08 0.0147632 0.242699 0.0195864 0.132909 0.000235071 0.000429556 0.0116834 9.0383e-05 
0.113766 0.00679996 0.00820239 0.00967664 0.349181 0.000355057 0.00267048 0.00871952 0.269466 0.0456384 0.0247946 0.0231584 0.134409 0.00316309 
0.00697717 0.0127296 0.00607429 1.40635e-05 0.629479 0.123225 0.00519991 0.00769964 0.0787785 0.0906203 0.000826463 0.0325484 0.00373518 0.00209263 
0.0391784 0.000686826 0.00127217 1.78294e-06 0.443703 0.000193079 0.000730444 0.00163487 0.115679 0.0643842 0.00325562 0.25068 0.0785947 6.17068e-06 
0.223053 0.0429241 0.0010504 3.61458e-05 0.268961 0.000274983 0.0917987 0.00405762 0.0549431 0.253863 0.0197112 1.26608e-05 0.0391306 0.000182951 
0.0187765 0.0260966 0.0117143 3.63637e-05 0.659004 0.000366392 0.00167708 0.0376185 0.0569491 0.11278 0.00198618 0.000606302 0.0723482 4.04436e-05 
0.00162839 0.0722313 3.91887e-05 0.0171939 0.462584 0.00349424 0.00125285 0.128074 0.146004 0.0110163 0.000940429 0.000447557 0.155094 4.84632e-11 
0.201497 0.00906534 0.0052429 3.81866e-08 0.449903 0.0124127 0.00329623 0.00366758 0.0805885 0.211048 0.00587752 0.000409307 0.012135 0.00485659 
0.0553362 0.0317803 0.0399113 2.05739e-05 0.81273 0.000287373 0.0252568 9.11802e-06 0.00573399 0.0242938 0.0027049 0.00015044 0.00152741 0.000258115 
0.0905041 0.00859773 0.0846331 0.000297218 0.610614 0.000362264 0.0189347 0.000268931 0.0014493 0.167297 0.00163262 0.0147142 0.000694437 1.0701e-09 
0.0181998 0.00310968 0.0250007 0.000915589 0.552112 0.000283383 0.00538452 9.36267e-05 0.18247 0.175714 0.00342768 0.0321004 0.000906089 0.000282693 
0.0030026 0.173169 0.00921796 1.4039e-05 0.664069 0.000505968 0.000723275 0.00343845 0.0524873 0.00416517 0.000429808 0.00118216 0.000524035 0.087071 
0.157578 0.0805644 1.69945e-06 1.69852e-06 0.258358 1.69841e-06 1.69926e-06 1.69965e-06 0.0853229 0.227445 1.69944e-06 0.0188652 0.171855 1.6988e-06 
0.0866359 0.00672186 0.0151332 4.54164e-06 0.789475 0.000543357 0.00147618 1.75897e-05 0.00920398 0.075526 0.00661271 0.00803969 0.000584387 2.52665e-05 
0.0728817 0.0315768 0.00495436 7.24366e-05 0.336165 0.244486 0.00565117 0.00824887 0.089816 0.0745385 0.0070782 0.000169153 0.124325 3.75171e-05 
0.424826 0.00739099 0.00349067 0.00289366 0.460943 7.82381e-05 0.00512948 2.01653e-05 0.00011341 0.0939408 1.33493e-07 2.24254e-05 0.00113981 1.09831e-05 
0.0208623 0.0254313 0.0714288 1.15818e-05 0.650722 0.005217 0.0122158 6.4974e-07 0.0146469 0.0187296 0.000228287 0.0227016 7.6037e-05 0.157728 
0.0061339 0.000416105 0.00357928 5.51992e-06 0.769837 5.89696e-06 2.72502e-06 6.081e-05 0.073174 0.140375 0.000798815 9.91027e-05 0.00522203 0.000289447 
0.00528704 8.92214e-05 0.00770731 4.8325e-09 0.818309 0.00107545 4.49867e-05 0.00303386 0.0149513 0.00928556 0.000894215 0.131514 0.00630838 0.00149976 
0.0735103 0.0141416 0.0295149 0.000742378 0.389309 0.00341722 0.0122757 0.0527959 0.0324571 0.19316 0.0176653 0.0263797 0.0691568 0.0854751 
0.000467444 0.0038279 0.00216978 5.65632e-08 0.635352 0.315346 0.000460073 2.79458e-05 0.0308396 0.00293239 0.000121714 0.00354581 0.00486032 4.86908e-05 
0.248942 0.011168 0.0254789 5.23508e-08 0.462103 0.01202 0.00822634 0.00857817 0.0120774 0.0777573 0.00967132 0.00019546 0.123781 1.5307e-06 
0.00242704 0.00470988 0.000344011 0.000395058 0.680345 0.000491794 0.011727 0.0428375 0.0203221 0.206983 5.85477e-05 0.000469768 0.0288349 5.42278e-05 
0.108395 0.00522542 0.0620791 0.00682574 0.254474 6.46746e-08 0.0458244 0.0100973 0.214125 0.174484 0.0344825 0.0141129 0.0698593 1.54116e-05 
0.0548261 0.00197679 0.00510854 0.00186609 0.705142 0.000657843 0.00539723 0.00619769 0.0139082 0.111753 0.00863128 0.0604915 0.0231142 0.000928786 
0.0179694 0.0187579 0.00668257 1.89568e-06 0.476504 0.000403203 0.0079185 0.0418069 0.198569 0.0767411 0.000611826 0.12746 0.0265412 3.27217e-05 
0.0548261 0.00197679 0.00510854 0.00186609 0.705142 0.000657843 0.00539723 0.00619769 0.0139082 0.111753 0.00863128 0.0604915 0.0231142 0.000928786 
0.162471 0.0442648 0.00569171 0.051742 0.277937 0.00160212 0.00660812 0.0232318 0.0176029 0.124226 0.00180539 0.237568 0.0446841 0.000564348 
0.0866359 0.00672186 0.0151332 4.54164e-06 0.789475 0.000543357 0.00147618 1.75897e-05 0.00920398 0.075526 0.00661271 0.00803969 0.000584387 2.52665e-05 
0.00289291 8.99771e-05 0.000103613 0.00152882 0.795854 0.000149455 0.000146589 0.0250206 0.0270145 0.000307367 0.0214374 0.0589781 0.0664479 2.89367e-05 
0.0636483 0.0123179 1.36395e-05 1.82818e-05 0.349671 0.00960926 0.0035177 0.0187262 0.272085 0.105285 0.00965646 0.000195147 0.154186 0.00106999 
0.0763214 0.029118 3.04087e-05 6.08554e-05 0.625742 0.00028545 0.0250237 0.00874571 0.0455279 0.138015 0.0212469 0.000163903 0.0260343 0.0036837 
0.0768527 0.0218284 0.0377941 0.00288987 0.534462 0.00200369 0.0159845 0.0377452 0.0466961 0.126283 0.0093512 0.0198373 0.0682709 1.3575e-06 
0.0813199 0.0178047 0.019181 7.87841e-05 0.444706 0.00976497 0.00657686 0.00207053 0.0962378 0.212695 0.00343283 0.00748126 0.0236681 0.0749828 
0.353878 0.000610174 0.000102821 0.000642086 0.631756 9.46574e-06 0.00010962 9.50766e-05 2.59752e-06 0.00468432 0.000253532 0.000854605 0.00693094 7.02737e-05 
0.267277 0.0107322 0.0201682 0.0218016 0.611769 1.92711e-05 0.00447731 0.00211333 0.001973 0.0163196 0.000869826 0.00627782 0.0361717 3.00492e-05 
0.225562 0.0121285 0.0529381 0.000230111 0.383492 0.00014706 0.00708844 0.00746263 0.0355696 0.249633 0.0154254 0.00313222 0.00697107 0.000220392 
0.0506055 0.0162349 0.00836391 0.00549667 0.640469 0.114701 0.00849612 0.00269717 0.0392401 0.0667526 0.00469363 0.0281241 0.0140171 0.000107481 
0.146524 0.00667492 0.00178888 0.032305 0.283755 0.00456576 0.0196689 0.0267457 0.0657673 0.0479886 0.019967 0.264728 0.079126 0.000395871 
0.0644702 7.25964e-07 9.32429e-07 0.0332714 0.89408 9.15675e-08 1.17506e-11 7.72353e-07 0.00140984 1.07228e-06 1.06834e-06 0.00675689 7.16541e-06 2.01382e-07 
0.0219991 0.0013071 0.00133863 0.00653008 0.858856 0.000199625 0.000819225 0.014896 0.00300831 0.0127403 0.00391283 0.0173925 0.057 2.30699e-07 
0.0210455 0.0386641 0.00096389 0.00011873 0.370912 0.00111584 0.0209072 0.0727777 0.0183347 0.0846167 0.0057626 3.5989e-05 0.139112 0.225633 
0.0458168 0.0116895 0.0368642 8.81652e-05 0.547528 0.000110719 0.0233158 0.00528547 0.0123189 0.129603 0.170599 6.49884e-05 0.0167089 6.00254e-06 
0.0446817 0.0482585 0.023583 0.00271111 0.646959 0.00362328 0.00651091 0.000253501 0.116464 0.040449 0.040958 0.00740147 0.0178101 0.000337227 
0.0706708 0.00884111 0.030925 0.0459324 0.650496 0.00021145 0.0054269 0.000133438 0.000856888 0.184188 0.000651236 1.94011e-05 0.00156935 7.80314e-05 
0.0719028 0.00425659 0.000792309 7.53525e-05 0.436704 0.00589717 0.00832367 4.22619e-07 0.322876 0.0753942 0.00986388 0.0270694 0.0367544 9.00788e-05 
0.367712 0.0047856 0.000161405 0.00378645 0.588818 6.40348e-05 0.000856598 0.00593048 0.00101107 0.0035921 0.000465398 0.0112328 0.0115279 5.64395e-05 
0.137456 0.0181094 0.00181382 0.0022675 0.636038 0.000315629 0.000131163 0.00308573 0.0878732 0.0452092 0.00924908 0.00730657 0.0509187 0.000225532 
0.0219991 0.0013071 0.00133863 0.00653008 0.858856 0.000199625 0.000819225 0.014896 0.00300831 0.0127403 0.00391283 0.0173925 0.057 2.30699e-07 
0.0866196 0.091862 0.069122 0.000362561 0.393903 0.000130347 0.00880917 0.0181537 0.0219052 0.25004 0.00146339 0.0477535 0.00972836 0.000146786 
0.0219991 0.0013071 0.00133863 0.00653008 0.858856 0.000199625 0.000819225 0.014896 0.00300831 0.0127403 0.00391283 0.0173925 0.057 2.30699e-07 
0.0259617 0.00991618 0.0754977 7.58536e-07 0.357332 0.000157598 0.0236253 0.0185235 0.111854 0.311223 0.0433584 0.000306157 0.0212834 0.000960224 
0.0224514 0.0342971 0.019748 0.019714 0.69424 1.68748e-05 0.0141621 4.80316e-05 0.0021464 0.19041 0.00151283 5.63336e-05 0.00119171 5.75688e-06 
0.0728894 0.052066 0.0104521 1.84156e-05 0.405761 0.000198499 0.0309546 0.0129124 0.177408 0.211308 0.00313555 0.000386822 0.0221606 0.00034848 
0.353878 0.000610174 0.000102821 0.000642086 0.631756 9.46574e-06 0.00010962 9.50766e-05 2.59752e-06 0.00468432 0.000253532 0.000854605 0.00693094 7.02737e-05 
0.105904 0.0018264 0.0132061 0.00949798 0.250678 0.00258055 0.00699758 0.241372 0.0238181 0.0702543 0.0343295 0.0164529 0.220534 0.00254811 
0.150302 0.00248912 0.000282818 0.00507014 0.797269 1.88385e-05 0.00203611 0.0108471 0.000918515 0.0212959 0.000112055 0.00529317 0.00403119 3.38769e-05 
0.0763214 0.029118 3.04087e-05 6.08554e-05 0.625742 0.00028545 0.0250237 0.00874571 0.0455279 0.138015 0.0212469 0.000163903 0.0260343 0.0036837 
0.0909292 0.0207503 0.0630485 1.71388e-06 0.617026 2.57267e-05 0.0127568 0.000595023 0.0221785 0.153124 0.00728892 0.00996946 0.00226664 3.91422e-05 
0.244951 0.0359563 0.0731253 0.000898092 0.269337 0.000210233 0.0610532 0.00104965 0.0376379 0.241069 0.015736 0.00571042 0.0117967 0.00146892 
2.69281e-09 0.0188634 8.3012e-06 0.000302785 0.73824 1.40219e-09 0.0122082 0.0649914 0.00132491 0.163489 3.12069e-06 0.000111906 0.00044621 1.01819e-05 
0.0122473 0.0306845 1.00019e-05 1.71315e-05 0.480224 0.0205648 0.131855 0.0101203 0.112369 0.170782 0.00262915 0.00157093 0.00919042 0.0177356 
0.0500124 0.0594697 0.0312471 0.0382806 0.484937 0.00428941 0.00547202 0.00120129 0.156081 0.155258 0.0015166 0.00831108 0.0039116 1.21293e-05 
0.00697717 0.0127296 0.00607429 1.40635e-05 0.629479 0.123225 0.00519991 0.00769964 0.0787785 0.0906203 0.000826463 0.0325484 0.00373518 0.00209263 
0.00946146 0.0663645 0.0149624 6.0225e-06 0.825558 0.00544027 0.00821265 0.000100374 0.0131562 0.0470797 4.18459e-07 1.13222e-07 0.00965763 5.42448e-10 
0.221743 0.0330973 0.00403067 0.00966873 0.582295 0.000990894 0.00588082 0.00431372 0.0337485 0.0537119 0.00102112 0.00794392 0.0415501 4.08856e-06 
0.0378748 0.0581976 0.024877 0.00785829 0.745311 0.00504045 0.00752199 0.000120388 0.0276224 0.0193382 0.00142012 0.00937683 0.00223169 0.0532093 
0.00289291 8.99771e-05 0.000103613 0.00152882 0.795854 0.000149455 0.000146589 0.0250206 0.0270145 0.000307367 0.0214374 0.0589781 0.0664479 2.89367e-05 
0.000634011 6.35632e-06 0.000360268 8.47948e-08 0.787696 0.000214148 3.79328e-05 0.000138818 0.106966 0.046704 0.00645523 0.00407443 0.0465896 0.000123581 
0.373087 0.00696659 0.000506448 0.0354396 0.505486 6.80521e-05 0.00253008 0.0195988 0.00162861 0.0115145 0.000464772 0.033055 0.00956385 9.05991e-05 
0.00274328 0.0423943 0.000122876 1.50361e-07 0.472709 0.00759083 0.00525157 0.000270574 0.442928 0.000813253 5.62387e-08 0.0251297 2.29401e-05 2.35319e-05 
0.0867367 0.021724 0.0080305 0.000133351 0.592319 8.38879e-05 0.00171644 0.000310097 0.0296265 0.124342 9.01962e-05 0.131525 0.00336215 1.36957e-08 
0.117881 0.0278133 0.0179289 0.000679934 0.305761 0.000602007 0.0974683 0.00598004 0.0988402 0.284094 0.00308196 5.0118e-05 0.0394315 0.000387571 
0.00528704 8.92214e-05 0.00770731 4.8325e-09 0.818309 0.00107545 4.49867e-05 0.00303386 0.0149513 0.00928556 0.000894215 0.131514 0.00630838 0.00149976 
0.0609944 0.0599984 0.00111019 0.053592 0.614517 0.00483467 0.00623146 0.00155923 0.0405611 0.148329 0.000737796 0.00525348 0.00227914 2.56763e-06 
0.154999 0.149885 0.00907504 0.0168176 0.483297 4.13012e-05 0.00547796 0.00430171 0.0348766 0.10113 0.00357331 0.0174405 0.0188335 0.000252145 
0.202884 0.134454 0.00342514 0.000420556 0.23715 1.88166e-06 0.00807468 0.00440073 0.111102 0.127925 0.0136819 5.38249e-05 0.156418 7.61356e-06 
0.0596379 0.00546674 0.00483996 0.00275521 0.604081 0.000828672 0.00661485 0.00907245 0.101803 0.124139 0.00225673 0.0218601 0.0566344 1.00665e-05 
0.0221986 0.149096 1.81029e-05 0.0236184 0.501457 0.0102618 0.050799 0.0227378 0.0673599 0.115284 1.5175e-05 0.00239124 0.0347301 3.18793e-05 
0.0548261 0.00197679 0.00510854 0.00186609 0.705142 0.000657843 0.00539723 0.00619769 0.0139082 0.111753 0.00863128 0.0604915 0.0231142 0.000928786 
0.0866359 0.00672186 0.0151332 4.54164e-06 0.789475 0.000543357 0.00147618 1.75897e-05 0.00920398 0.075526 0.00661271 0.00803969 0.000584387 2.52665e-05 
0.267277 0.0107322 0.0201682 0.0218016 0.611769 1.92711e-05 0.00447731 0.00211333 0.001973 0.0163196 0.000869826 0.00627782 0.0361717 3.00492e-05 
0.0690104 0.0323398 2.89852e-05 8.72318e-05 0.431808 8.98488e-05 0.00198998 0.139307 0.0306913 0.271237 0.00171306 0.0003277 0.0212788 9.13169e-05 
0.000608443 0.00350686 0.000205002 1.37288e-06 0.858499 0.000167483 0.00832986 0.000127656 0.0934316 0.013334 0.00380862 0.000303303 0.0176768 8.54008e-10 
0.19736 0.0119311 0.0699406 0.0153359 0.255066 0.000150337 0.0214036 0.0237249 0.0469986 0.211878 0.056629 0.00340966 0.0738378 0.0123339 
0.213689 0.00155486 0.191755 0.000396632 0.27918 3.08108e-05 0.0374765 0.0304179 0.00952582 0.0678656 0.0202621 0.000189637 0.146658 0.000998334 
0.0548261 0.00197679 0.00510854 0.00186609 0.705142 0.000657843 0.00539723 0.00619769 0.0139082 0.111753 0.00863128 0.0604915 0.0231142 0.000928786 
0.0415882 0.181551 0.00202005 0.0145285 0.475969 0.0027687 0.0303286 0.0203339 0.0224871 0.158894 0.0058646 0.00619979 0.0107304 0.0267366 
0.0193681 0.00833295 0.0310947 2.29047e-08 0.75979 0.00040107 0.0152248 1.14037e-06 0.000280994 0.112031 0.00211665 0.0513581 3.85579e-08 2.11945e-11 
0.157925 0.0261589 0.167236 0.00433417 0.361933 3.66092e-08 0.00341813 0.00108376 0.129318 0.0679717 0.00425402 0.00676264 0.0695174 8.59694e-05 
0.0461626 0.00196541 0.0147589 1.04077e-07 0.37223 0.000194012 0.0450263 0.00256351 0.0419919 0.108492 0.00222367 0.354564 0.00892432 0.000902633 
0.00271581 0.0106617 0.00194893 5.98458e-07 0.474658 0.152685 0.000177572 0.000243573 0.072484 0.0449713 3.66513e-05 0.00111532 0.237797 0.000503936 
0.0404961 0.00628736 0.00593357 0.000153847 0.60258 0.189552 0.00141655 0.000102503 0.0243929 0.0553151 0.00434912 0.0550666 0.0143312 2.26358e-05 
0.0591411 0.0600571 5.84923e-05 0.022801 0.523776 0.0290262 0.00239552 0.00985521 0.0333306 0.162313 0.000698152 0.00433618 0.091795 0.000416595 
0.0142702 0.00171306 0.000407938 2.9652e-05 0.809623 9.60067e-05 2.4738e-05 0.00276872 0.0506281 0.0103814 0.0563027 0.0217398 0.0314281 0.000586032 
0.00706953 0.000195659 0.0101491 2.15547e-05 0.644967 0.000781034 5.91198e-05 0.000188073 0.0148843 0.00441635 0.00015787 0.314039 0.00225834 0.000813622 
0.00137184 0.273978 0.0197582 6.84852e-07 0.602202 1.84272e-05 0.0445931 0.00164504 0.0030401 0.0483627 0.000669498 0.00417014 0.000188082 1.90378e-06 
0.0102896 0.0309711 0.0112495 0.000250966 0.688412 0.0973327 0.0062897 0.000170589 0.0229773 0.0762119 0.000109693 0.0373806 0.00274267 0.0156117 
0.0609944 0.0599984 0.00111019 0.053592 0.614517 0.00483467 0.00623146 0.00155923 0.0405611 0.148329 0.000737796 0.00525348 0.00227914 2.56763e-06 
0.243845 0.00303584 0.0011418 0.000393032 0.262311 0.00092214 0.000905838 0.0180893 0.0343919 0.0678983 0.0146102 0.25871 0.0934632 0.000282191 
0.120846 0.0543406 0.000307534 0.000124273 0.452772 0.00709558 0.00752389 0.0235215 0.0824042 0.0918179 0.015656 0.078726 0.0646762 0.000187516 
0.0546362 0.0736709 0.000138724 0.0438311 0.775262 0.00277076 0.001398 0.00063093 0.0237497 0.012397 0.00276396 0.000173564 0.00857273 4.7526e-06 
0.206149 0.108074 0.193966 6.31931e-07 0.305238 3.88711e-06 0.0230794 0.000602623 0.0209897 0.118731 0.0121219 9.53723e-05 0.010934 1.57145e-05 
0.00706953 0.000195659 0.0101491 2.15547e-05 0.644967 0.000781034 5.91198e-05 0.000188073 0.0148843 0.00441635 0.00015787 0.314039 0.00225834 0.000813622 
0.0112802 0.0010607 0.0118069 0.00134736 0.509444 0.00057562 0.00395697 1.78125e-05 0.0321713 0.1148 0.00238706 0.31005 0.00105791 4.37031e-05 
0.0717286 0.0411388 0.0216039 0.000535111 0.54249 0.000677566 0.0398545 0.00572248 0.0260152 0.0598912 0.0308444 0.00514649 0.154261 9.06622e-05 
0.0184308 0.00484946 0.0740357 1.34407e-10 0.356558 6.94579e-07 2.09959e-07 0.000146304 0.316906 0.0144049 0.139704 0.00333322 0.0711248 0.00050668 
0.0781712 0.111908 0.0418232 0.000348475 0.509788 0.00109947 0.0917852 0.00071244 0.0307278 0.110942 0.000918158 3.86083e-06 0.0180737 0.00369834 
0.0959597 0.0135063 0.207995 0.00971764 0.338538 7.93489e-05 0.0577084 0.00197115 0.057522 0.191249 0.000840388 0.00689392 0.0180167 2.12585e-06 
0.0184308 0.00484946 0.0740357 1.34407e-10 0.356558 6.94579e-07 2.09959e-07 0.000146304 0.316906 0.0144049 0.139704 0.00333322 0.0711248 0.00050668 
0.338549 0.016212 0.0068021 0.00181304 0.381661 1.24669e-05 0.00226816 0.00349411 0.00101748 0.126619 0.0611992 0.000329254 0.0600067 1.66306e-05 
0.0458352 0.00121192 0.00618846 5.9352e-06 0.800329 9.04261e-05 0.00108108 0.000536481 0.0773241 0.0481178 0.00188968 0.00143342 0.0149937 0.000962998 
0.199532 0.095738 0.00569292 4.4482e-08 0.332276 4.89466e-08 0.0297912 0.00928288 0.0232884 0.291234 0.00139209 8.51655e-06 0.0117634 4.78187e-07 
0.029963 0.109095 0.150055 0.00682489 0.508677 0.000509275 0.0361262 0.000644413 0.00202204 0.153425 7.88881e-05 0.000252187 0.00232745 7.26072e-10 
0.0184308 0.00484946 0.0740357 1.34407e-10 0.356558 6.94579e-07 2.09959e-07 0.000146304 0.316906 0.0144049 0.139704 0.00333322 0.0711248 0.00050668 
0.0609944 0.0599984 0.00111019 0.053592 0.614517 0.00483467 0.00623146 0.00155923 0.0405611 0.148329 0.000737796 0.00525348 0.00227914 2.56763e-06 
0.132358 0.0376181 0.113412 0.00569612 0.320344 0.000714629 0.0197561 0.00788409 0.0243149 0.257284 0.0103208 0.00232104 0.066442 0.00153317 
0.00697717 0.0127296 0.00607429 1.40635e-05 0.629479 0.123225 0.00519991 0.00769964 0.0787785 0.0906203 0.000826463 0.0325484 0.00373518 0.00209263 
0.258933 0.00174331 0.000119359 0.0316932 0.682479 2.30996e-05 0.000176706 0.000603795 0.000265309 0.00667363 0.000115467 0.0132743 0.00379879 0.000100274 
0.000853929 0.0118893 0.000568506 0.000410193 0.871135 3.77919e-05 0.00457736 0.0272102 0.011773 0.0516239 0.000128808 0.0190105 0.000775351 5.74793e-06 
0.192859 0.00260401 0.000385634 0.00712282 0.755285 3.88987e-05 0.000338941 0.00101844 0.00104723 0.0045447 0.000153519 0.0310519 0.0035186 3.13414e-05 
0.171037 0.0147001 0.00940299 0.000269402 0.357312 0.00152358 0.00673074 0.0263289 0.0816493 0.123359 0.00261371 0.0194767 0.184249 0.00134771 
0.0364013 0.0583273 0.00942392 0.000211324 0.306783 0.00541426 0.0241986 0.0234235 0.265629 0.107952 0.113817 0.00191827 0.0448088 0.00169121 
0.130755 0.0142165 0.0139236 0.0024856 0.624413 0.000231126 0.00344891 0.00625075 0.00445752 0.0948149 0.00172708 0.0822498 0.021025 9.6993e-07 
0.193915 0.00542033 0.0100778 0.00241463 0.430679 0.000325614 0.00143548 0.131275 0.0231063 0.0845893 0.00169134 0.0153319 0.0969832 0.002756 
0.0688007 0.195863 0.00575172 0.00336323 0.346777 0.000557826 0.020795 0.00124614 0.0530965 0.247274 0.0323686 0.00291436 0.0200052 0.00118697 
0.0648078 0.0206082 0.0384989 0.000844734 0.563235 2.79566e-05 0.00366619 0.000680169 0.0240672 0.106394 0.0100274 0.0972922 0.0698489 1.56777e-06 
0.00215098 0.0294567 0.00224085 7.89018e-07 0.927228 8.42912e-07 0.00985507 1.84188e-07 0.0191414 0.00200369 0.00652227 3.05611e-07 0.00139861 6.357e-07 
0.000184469 0.000886828 0.00980122 3.45151e-08 0.969289 3.68726e-08 0.00526507 0.000178877 0.000867534 0.0121028 0.00142393 1.33688e-08 3.79982e-09 2.78083e-08 
0.00346991 0.00276334 0.0463792 4.52399e-07 0.671245 2.86757e-05 0.01371 4.51754e-05 0.0415228 0.19754 0.000218523 0.0230709 9.8111e-07 4.96933e-06 
0.370895 0.000371558 0.000340086 3.75413e-08 0.608212 0.000946801 0.00130732 4.87209e-05 0.00887087 0.00190275 0.00102282 0.000379406 0.00564993 5.25907e-05 
0.0770381 0.071954 0.097031 0.00286162 0.359044 0.0118002 0.0643951 0.00206383 0.0309241 0.207343 0.0261142 0.000167223 0.0486875 0.00057592 
0.0146297 0.024406 0.00196499 2.99513e-05 0.570983 6.78231e-05 0.0170315 2.59581e-05 0.00201936 0.365534 4.79179e-05 0.00187462 0.00138545 1.60394e-08 
0.0725874 0.0199463 0.00655338 0.00110849 0.590166 0.0334012 0.00322948 0.0116609 0.0749531 0.0335655 0.00389294 0.0699075 0.0108566 0.0681711 
0.107255 0.18683 0.00704418 7.8804e-05 0.486408 3.86759e-05 0.0494065 0.0136821 0.035453 0.0975076 0.00607868 0.000216122 0.00997979 2.11564e-05 
0.200859 0.108489 0.0363617 3.819e-10 0.257444 0.000560992 0.0170918 0.00651127 0.059393 0.13625 0.0707627 0.0152399 0.0910362 9.72726e-07 
0.0982389 0.0542626 0.0142217 0.0262673 0.308867 5.27315e-08 0.00898945 0.0517561 0.00189501 0.151344 0.00601052 7.64897e-06 0.00868487 0.269455 
0.264854 0.0278284 4.01605e-06 7.37607e-05 0.654427 2.43941e-06 2.72559e-07 8.56481e-11 0.0125352 0.0400993 0.000175691 1.73319e-07 1.03721e-07 2.95603e-10 
0.0506055 0.0162349 0.00836391 0.00549667 0.640469 0.114701 0.00849612 0.00269717 0.0392401 0.0667526 0.00469363 0.0281241 0.0140171 0.000107481 
0.0456518 0.011294 0.0326452 0.00537271 0.36058 6.18677e-06 0.00645026 0.0163848 0.0369468 0.185253 0.0822734 0.00621912 0.0234273 0.187495 
0.218526 0.00570206 0.00171935 0.00124495 0.578245 0.000179007 0.00128746 0.00168333 0.00270483 0.0903262 0.000212422 0.0370869 0.0609899 9.29306e-05 
0.000134877 0.0252705 0.000252765 4.7766e-05 0.599358 0.000107836 0.00991561 0.0499668 0.0110964 0.101303 0.000101674 0.000270618 0.000196871 0.201978 
0.272578 0.0301839 0.0100518 0.0014676 0.469343 0.00468113 0.00932174 0.0117151 0.0401121 0.067432 0.00255708 0.00794808 0.0726059 2.22735e-06 
0.163308 0.0141275 0.0721891 8.6206e-05 0.597662 0.000227324 0.00336659 0.00130336 0.0622693 0.0300893 0.00162386 0.0022611 0.00602955 0.0454575 
0.0162308 0.000832366 0.00728439 0.000393249 0.75793 0.00159419 0.0110829 4.09997e-05 0.186062 0.0117665 0.000156551 0.000526997 0.00080996 0.00528856 
0.295779 0.0201119 0.00062194 0.00114944 0.361591 0.000717249 0.00299279 0.0109647 0.0344929 0.114203 0.0483218 0.00356836 0.105454 3.17353e-05 
0.00774842 0.00204217 8.10318e-05 1.86364e-05 0.63923 0.000726758 0.00479965 1.08558e-06 0.185654 0.112384 0.00759093 0.0049125 0.0347672 4.35619e-05 
0.281007 0.00104134 0.000135861 0.000625169 0.709744 1.43101e-05 9.69928e-05 3.01004e-05 1.5162e-06 0.00193493 7.91143e-05 0.000945009 0.00433162 1.33311e-05 
0.0219991 0.0013071 0.00133863 0.00653008 0.858856 0.000199625 0.000819225 0.014896 0.00300831 0.0127403 0.00391283 0.0173925 0.057 2.30699e-07 
0.00094661 0.0273897 0.00604913 1.17992e-05 0.914994 0.000930462 8.8852e-07 5.03682e-08 0.00417452 0.0451904 0.00011545 0.000182456 1.43859e-05 1.36759e-10 
0.147663 0.0470495 0.0373734 0.00111191 0.365326 0.000783982 0.00968047 0.0289079 0.0598887 0.217285 0.0218727 0.0054463 0.0553874 0.00222312 
0.00516802 0.0195432 0.0126897 0.00123063 0.562586 2.04473e-05 0.0131119 0.0129336 0.00208135 0.341904 0.000261894 0.0247412 0.00362211 0.000106172 
0.00242704 0.00470988 0.000344011 0.000395058 0.680345 0.000491794 0.011727 0.0428375 0.0203221 0.206983 5.85477e-05 0.000469768 0.0288349 5.42278e-05 
0.107051 0.00156192 0.00114527 0.000661799 0.306399 1.40682e-05 0.00152954 0.00690919 0.0332046 0.144048 0.00296337 0.132719 0.261789 2.94433e-06 
0.018806 0.0645919 0.00919629 0.000806629 0.485226 0.000580586 0.00342786 0.0376085 0.0447671 0.2927 0.00135624 0.00722792 0.025931 0.00777327 
3.7926e-08 0.000572038 1.53975e-07 4.22936e-07 0.961364 0.00225958 0.00212987 0.000266671 0.0211066 0.000837556 0.00390742 0.000147599 0.00740803 3.40753e-07 
0.066248 0.00756147 0.0506741 0.0113544 0.742358 0.000975913 0.00108889 0.000527233 0.0569145 0.0296557 0.000240801 0.0176776 0.0147218 1.44092e-06 
0.256412 0.0343447 0.049212 0.00120447 0.404052 5.50741e-05 0.00386619 0.000578206 0.0306694 0.0887105 0.0239565 0.0558868 0.0506811 0.000371462 
0.0373312 0.00921963 0.01289 0.00504556 0.629238 0.000810452 0.00289943 0.00423048 0.0354972 0.0371921 0.00676219 0.196132 0.0204785 0.00227337 
0.0295693 0.00229545 0.00184789 0.000565622 0.387442 0.00111912 0.000651101 0.0289053 0.0206095 0.0607804 0.00474719 0.386432 0.0745965 0.000438831 
0.0110228 0.00169705 0.000434643 2.98018e-05 0.805947 3.93566e-05 1.17475e-07 0.00276879 0.053381 0.014512 0.0561795 0.0209773 0.0324248 0.000586285 
0.00456674 0.0063365 0.0344805 2.73887e-05 0.461763 6.57885e-05 0.270414 0.000395152 0.0105251 0.189286 0.00976318 0.0103458 0.00199181 3.94815e-05 
0.0644702 7.25964e-07 9.32429e-07 0.0332714 0.89408 9.15675e-08 1.17506e-11 7.72353e-07 0.00140984 1.07228e-06 1.06834e-06 0.00675689 7.16541e-06 2.01382e-07 
0.236084 0.0221412 0.000163942 0.0286178 0.602978 6.53303e-05 0.00205613 0.0658279 0.00159507 0.018269 0.000675867 0.00940748 0.0117652 0.000353259 
0.06896 0.112151 0.00478644 0.0286431 0.729372 0.0004577 0.00179422 9.68864e-05 0.0248679 0.00929285 0.00176487 5.72426e-05 0.0177491 7.24743e-06 
0.0129092 0.0411361 0.00150828 2.87718e-05 0.512492 0.036663 0.00317613 7.15879e-05 0.0209422 0.349185 0.000418989 0.012713 0.00766805 0.00108699 
0.0186125 0.00167464 0.000959636 0.238449 0.372281 0.000659503 0.000416588 0.0280944 0.0154647 0.0070316 0.00449992 0.271737 0.0395426 0.000577071 
0.359802 0.0296062 3.26239e-05 0.00178897 0.529179 1.36561e-05 8.13742e-08 0.00701914 0.000269609 0.0150545 0.00102942 0.000606838 0.0554528 0.000144982 
0.237183 0.0416786 0.0172621 0.00202738 0.371248 0.00024092 0.0109456 0.0274917 0.0128611 0.188766 0.0130936 6.06894e-05 0.0767161 0.000424488 
0.0546362 0.0736709 0.000138724 0.0438311 0.775262 0.00277076 0.001398 0.00063093 0.0237497 0.012397 0.00276396 0.000173564 0.00857273 4.7526e-06 
0.0142509 0.0257329 0.0010175 2.26515e-05 0.663837 1.30815e-06 0.0116145 0.00451579 0.00416859 0.272543 0.000146418 1.2585e-05 0.00205561 8.04595e-05 
0.198899 0.00446613 0.0100712 0.000167694 0.44837 0.000878408 0.00585858 0.00105629 0.0112288 0.276584 0.00285909 0.00536481 0.0341505 4.52718e-05 
0.399328 0.00140913 0.000192642 0.00312199 0.57065 0.000244267 0.000430668 0.00118901 0.0013175 0.00560428 0.00059164 0.00651071 0.00934461 6.55102e-05 
0.0280687 0.0214001 0.00476093 0.0177312 0.387937 0.241307 0.00918749 0.00421453 0.0863036 0.0915718 0.0242879 0.0017343 0.0117303 0.0697652 
0.0268444 0.0267237 0.00791928 0.00010817 0.624172 0.000242275 0.0017285 6.77566e-05 0.111831 0.118462 0.00304261 0.0676417 0.0111972 2.06829e-05 
0.00741487 0.017698 0.00797689 0.000147923 0.568064 1.65828e-05 0.00660794 0.0253906 0.142297 0.223364 0.000104332 4.28987e-05 0.000725039 0.000150584 
0.00528704 8.92214e-05 0.00770731 4.8325e-09 0.818309 0.00107545 4.49867e-05 0.00303386 0.0149513 0.00928556 0.000894215 0.131514 0.00630838 0.00149976 
0.0858087 0.0042103 0.00175827 0.0013566 0.422972 0.000589958 0.000992642 0.0301787 0.0297076 0.0194813 0.0263099 0.328356 0.047941 0.000336546 
0.0391784 0.000686826 0.00127217 1.78294e-06 0.443703 0.000193079 0.000730444 0.00163487 0.115679 0.0643842 0.00325562 0.25068 0.0785947 6.17068e-06 
0.00496435 0.00649525 0.0035105 0.00781694 0.388072 4.3552e-05 0.00498181 0.00271287 0.175492 0.387192 0.00842089 0.00150115 0.0066436 0.00215239 
0.0219991 0.0013071 0.00133863 0.00653008 0.858856 0.000199625 0.000819225 0.014896 0.00300831 0.0127403 0.00391283 0.0173925 0.057 2.30699e-07 
0.155265 0.0124483 0.0242479 1.48292e-05 0.317275 0.00378313 0.00827992 0.0409811 0.0237752 0.054489 0.0643959 1.86173e-05 0.295013 1.34471e-05 
0.0962397 0.00296431 0.000359607 0.000895327 0.763664 0.000316317 0.000327634 0.0143529 0.00504788 0.0135197 0.000263413 0.00035346 0.101492 0.000204145 
0.00342007 0.00439172 9.18694e-08 0.000286452 0.63985 0.000204377 0.00280826 0.000706182 0.263233 0.0202058 0.0016133 0.000152522 0.0625806 0.000547849 
0.033897 0.0116877 0.00023363 0.00042151 0.33659 4.37862e-05 0.00324617 0.00289996 0.280241 0.261008 0.00371822 0.00232299 0.0636895 1.79344e-08 
0.00528704 8.92214e-05 0.00770731 4.8325e-09 0.818309 0.00107545 4.49867e-05 0.00303386 0.0149513 0.00928556 0.000894215 0.131514 0.00630838 0.00149976 
0.0338505 0.15256 0.00855486 8.74079e-05 0.383403 5.34564e-06 0.0246913 0.0154042 0.000865287 0.377906 0.000329218 1.05079e-05 0.00229165 4.15883e-05 
0.0546362 0.0736709 0.000138724 0.0438311 0.775262 0.00277076 0.001398 0.00063093 0.0237497 0.012397 0.00276396 0.000173564 0.00857273 4.7526e-06 
0.218421 0.219359 0.0125103 0.0608118 0.262095 0.000689241 0.172033 8.43627e-05 0.00245532 0.0241628 0.00165323 0.000246477 0.0254773 1.71276e-06 
0.0569442 0.00201649 0.00220249 0.00137055 0.484555 0.000431174 0.00239504 0.000522268 0.0454629 0.332726 0.0535935 6.406e-05 0.0177156 8.05842e-07 
0.0620011 0.0179861 0.0924855 0.000174382 0.387964 3.54479e-05 0.00550216 0.00868134 0.0353193 0.359502 0.0196268 0.000233485 0.0102909 0.000196884 
0.125364 0.035816 0.000170524 0.0208175 0.494395 0.00793406 0.00465017 0.0546779 0.103237 0.0797415 0.003956 0.000314187 0.0687816 0.000144586 
0.02897 0.0386283 0.0431466 2.65999e-05 0.349277 7.84319e-05 0.00912495 0.00975053 0.222799 0.286074 0.00140937 0.00321418 0.00719756 0.000304486 
0.319095 0.000203982 0.200419 0.00153649 0.332582 0.00193871 0.00444062 4.03022e-05 0.0178601 0.0944974 0.00629629 2.71747e-05 0.0210626 1.95004e-07 
0.066248 0.00756147 0.0506741 0.0113544 0.742358 0.000975913 0.00108889 0.000527233 0.0569145 0.0296557 0.000240801 0.0176776 0.0147218 1.44092e-06 
0.251058 0.00519802 0.00143019 0.00246915 0.530126 0.000219466 0.000480416 0.00243353 0.0677521 0.0374481 0.0274661 0.000283844 0.0735258 0.000109502 
0.0211763 0.0348367 0.043026 0.0583448 0.438538 0.000174427 0.0341315 0.00621014 0.0846646 0.259163 0.0061186 0.00124398 0.0122182 0.000153229 
0.244888 0.115803 0.0109798 0.00389433 0.266535 0.00136373 0.0126489 0.0293916 0.101837 0.0890638 0.00706784 0.000573676 0.115928 2.40442e-05 
0.081713 0.00526479 0.00242472 0.000374078 0.596008 0.0176318 0.00187643 0.00451664 0.104655 0.110117 0.0073049 0.000269883 0.0323711 0.0354728 
0.12866 0.0318011 0.0134913 5.33401e-08 0.32159 0.000183345 0.0401441 0.00857511 0.184802 0.18298 0.0201675 0.00233349 0.0457269 0.0195457 
0.0487738 0.000182313 0.000121419 0.000184186 0.474673 0.000590599 0.000187327 1.94714e-05 0.00395619 0.00096141 0.363773 0.00719474 0.0993753 7.21258e-06 
0.00458722 0.000750241 3.28861e-06 1.19915e-09 0.383641 4.39239e-05 1.46736e-05 0.0266672 0.0822669 0.060492 0.00748809 0.347657 0.0863864 2.06735e-06 
0.0536126 0.0549731 0.0151789 4.40292e-05 0.321956 0.000218472 0.0283629 0.0340313 0.0287454 0.197092 0.0730884 1.41825e-05 0.192681 2.07683e-06 
0.36297 0.0407358 3.48042e-05 0.0107343 0.368138 4.36366e-05 0.00798551 0.130033 0.00110414 0.00663815 0.0108303 0.000405355 0.0600571 0.000289948 
0.353878 0.000610174 0.000102821 0.000642086 0.631756 9.46574e-06 0.00010962 9.50766e-05 2.59752e-06 0.00468432 0.000253532 0.000854605 0.00693094 7.02737e-05 
0.0719028 0.00425659 0.000792309 7.53525e-05 0.436704 0.00589717 0.00832367 4.22619e-07 0.322876 0.0753942 0.00986388 0.0270694 0.0367544 9.00788e-05 
0.0262937 0.0123682 0.0421696 0.00410844 0.402942 0.000965648 0.00296886 0.000150506 0.201076 0.0892867 0.0679122 0.00600658 0.143706 4.48756e-05 
0.00458722 0.000750241 3.28861e-06 1.19915e-09 0.383641 4.39239e-05 1.46736e-05 0.0266672 0.0822669 0.060492 0.00748809 0.347657 0.0863864 2.06735e-06 
0.0160123 0.000686967 0.00127243 7.51518e-08 0.656863 4.62939e-05 0.000696744 0.0015134 0.154745 0.0657339 0.0062288 0.0158857 0.0803157 3.34049e-07 
0.0739357 0.0444914 0.112898 0.0121917 0.404943 0.000272977 0.00733733 0.0101856 0.0153915 0.261551 0.0055824 0.00872653 0.0421816 0.00031139 
0.126 0.00277714 0.00140852 0.00203132 0.822217 9.75959e-05 0.000632845 0.000223776 0.00103479 0.012968 0.000105989 0.0227013 0.00774665 5.50065e-05 
0.0094078 0.0357902 0.00158097 2.65249e-06 0.487876 0.000112124 0.0277781 0.00221507 0.0103166 0.419119 0.000765892 0.00180269 0.00322347 8.46183e-06 
0.0344392 0.00554874 1.32613e-05 0.000853117 0.424878 0.0195346 0.00315021 0.070353 0.0944754 0.0487786 0.00458356 0.0111035 0.282275 1.36004e-05 
0.0202138 0.00476725 0.0388851 0.00794196 0.764739 0.000351084 0.00050925 0.000905779 0.0376482 0.11431 0.000274113 0.00430941 0.00507901 6.63572e-05 
0.0790941 0.060282 0.00400615 0.00205244 0.543466 1.28664e-05 0.00134862 0.0356239 0.121765 0.0557476 0.0669133 2.94163e-05 0.0291037 0.000554882 
0.12567 0.0347194 0.00683391 0.00296969 0.490709 0.000106534 0.0157699 0.0337917 0.0157568 0.254527 0.00565329 0.00242732 0.0103228 0.00074305 
0.0210455 0.0386641 0.00096389 0.00011873 0.370912 0.00111584 0.0209072 0.0727777 0.0183347 0.0846167 0.0057626 3.5989e-05 0.139112 0.225633 
0.0316836 0.0132857 0.0173101 0.0111703 0.559796 8.60957e-05 0.00990723 0.0140061 0.00439498 0.268806 0.00820766 0.00410083 0.0533043 0.00394159 
0.00862252 1.79432e-06 1.60623e-07 4.36828e-09 0.61694 0.0277909 2.15648e-09 2.65232e-06 0.346597 1.84544e-05 4.90317e-06 1.69197e-09 4.80911e-10 2.21762e-05 
0.207887 0.0816962 0.0599945 0.00153948 0.3041 0.000322177 0.022829 0.0197117 0.0742768 0.170758 0.00272177 0.00136965 0.0506861 0.00210735 
0.000634011 6.35632e-06 0.000360268 8.47948e-08 0.787696 0.000214148 3.79328e-05 0.000138818 0.106966 0.046704 0.00645523 0.00407443 0.0465896 0.000123581 
0.186028 0.00495965 0.00181223 0.000107341 0.291439 0.000568954 0.00668487 0.0300124 0.203635 0.102133 0.0439888 6.70612e-06 0.127586 0.0010381 
0.0857368 0.0306498 0.000882968 0.00121715 0.455316 3.22564e-06 0.0102748 0.0310276 0.0200014 0.253214 0.00465966 0.00234724 0.104414 0.000255667 
0.0138393 0.00695223 0.0237034 8.799e-06 0.400968 0.000419898 0.00281351 1.87463e-06 0.114653 0.0280544 0.366783 1.38873e-05 0.0411955 0.000592946 
0.383501 0.0101483 0.000596361 0.00357719 0.514154 2.51319e-05 0.00289782 0.0134538 0.00478657 0.00961853 0.000530917 0.0283471 0.0282985 6.45982e-05 
0.00458722 0.000750241 3.28861e-06 1.19915e-09 0.383641 4.39239e-05 1.46736e-05 0.0266672 0.0822669 0.060492 0.00748809 0.347657 0.0863864 2.06735e-06 
0.000523847 0.00278979 9.13246e-08 1.41266e-06 0.714281 1.29074e-05 0.00342466 0.000125807 0.0035474 0.274906 1.04728e-06 1.62787e-06 0.000365028 1.98569e-05 
0.00528704 8.92214e-05 0.00770731 4.8325e-09 0.818309 0.00107545 4.49867e-05 0.00303386 0.0149513 0.00928556 0.000894215 0.131514 0.00630838 0.00149976 
0.0237505 0.00914047 0.0304622 0.000547236 0.521086 0.00137168 0.0193345 0.000351771 0.180493 0.125183 0.0608569 0.00448776 0.0225767 0.000358455 
0.00959031 0.0168358 0.00361555 0.0832408 0.757487 9.22044e-05 0.00160216 1.7696e-05 0.00370195 0.0507634 0.00129064 0.0706382 0.00112364 1.17675e-06 
0.0248118 0.00125956 0.00128757 0.00299856 0.574295 0.000572935 0.000513122 0.029426 0.0136353 0.0139506 0.00525594 0.276588 0.0551684 0.000237198 
0.00984817 0.00760172 0.0171696 0.00051511 0.492873 0.0807163 0.00273101 0.000430817 0.206695 0.162829 0.00632965 0.00332563 0.00858933 0.000345907 
0.295418 0.00444046 0.000901193 0.0229467 0.432022 4.73027e-05 0.0031263 0.0240478 0.00796257 0.00672091 0.0191696 0.023789 0.0178969 0.141511 
0.00925234 0.010443 0.00513186 0.000811425 0.453725 0.0828053 0.0142788 0.00105196 0.347938 0.0364996 0.00257166 0.0018166 0.0334907 0.000183942 
0.0176408 0.00602793 0.00131426 0.00841938 0.713206 6.19441e-05 0.000461076 0.0222185 0.131016 0.0300483 0.0147057 0.0247536 0.025623 0.0045034 
0.0622634 0.00145087 0.0166851 1.51139e-08 0.802498 0.000109649 0.000634646 5.67699e-05 0.018036 0.0282075 1.03591e-07 3.41207e-05 0.0700235 2.02609e-07 
0.0787354 0.00451038 0.0136151 0.0024487 0.291286 0.00968284 0.00608359 0.0239773 0.245228 0.0276157 0.051474 0.00607755 0.239242 2.40096e-05 
0.367712 0.0047856 0.000161405 0.00378645 0.588818 6.40348e-05 0.000856598 0.00593048 0.00101107 0.0035921 0.000465398 0.0112328 0.0115279 5.64395e-05 
0.0114417 0.0372259 5.59174e-05 9.44697e-05 0.575597 8.09558e-06 0.0222592 0.0347344 0.00738424 0.302076 0.00135705 6.40588e-05 0.00631328 0.00138822 
0.123959 0.0242314 0.00335146 0.000421486 0.476972 0.0213522 0.00183267 0.00544157 0.0253333 0.151386 0.147025 0.00584755 0.0119473 0.000898909 
