0.0984197 0.00698205 0.00486766 0.0159356 0.516149 0.000124731 0.00211594 0.0488627 0.0227305 0.117242 0.00735511 0.0425645 0.116501 0.000150015 
0.0664793 0.0264293 0.0365617 0.00256757 0.424857 9.85073e-06 0.249274 0.0287519 0.0646888 0.0692812 0.009895 8.09457e-05 0.0210872 3.5769e-05 
0.527104 0.0109466 0.00150885 0.000100831 0.0731686 4.05921e-06 0.00093427 0.00572165 0.0116777 0.344437 0.00354275 9.85109e-05 0.0206817 7.34808e-05 
0.16299 0.065969 0.0110291 0.0279629 0.226983 0.000101082 0.0102859 0.0268539 0.0505707 0.392923 0.00382649 0.00104592 0.0192663 0.000193002 
0.147974 0.0760376 0.0433575 0.00290148 0.0583571 0.000282363 0.0153171 0.0194115 0.010049 0.55958 0.0150772 0.00358379 0.0428763 0.00519521 
0.428732 0.0414109 0.00757317 0.0260725 0.0693719 6.17136e-05 0.0101024 0.0160436 0.0543189 0.231175 0.00430757 0.000176458 0.0641553 0.0464986 
0.544453 0.00737337 0.00195258 0.00803733 0.0941766 5.40801e-06 0.0209807 0.026914 0.0417654 0.187167 0.00273963 0.000729801 0.0401111 0.0235936 
0.00374173 0.000371614 6.39492e-05 0.968633 0.0033831 1.34829e-08 1.60013e-06 0.000229724 0.000108926 0.000356195 0.000476608 2.44791e-05 0.0226024 6.97176e-06 
0.464814 0.00555043 0.026772 0.000218366 0.0100793 4.18252e-05 0.00665295 0.00903118 0.00488715 0.462419 0.0042386 7.45762e-05 0.00499932 0.000221409 
0.357784 0.0174481 0.00217731 0.00580312 0.42481 9.17631e-05 0.00189524 0.0223155 0.0215316 0.0226381 0.0135624 0.00709715 0.101947 0.000897918 
0.0782937 0.00146451 7.48735e-07 2.53097e-07 0.0533776 2.01847e-07 0.000968416 7.42245e-05 0.789762 0.0319118 0.00313256 0.000366027 0.0406467 1.12285e-06 
0.135335 0.0050973 0.0532173 0.00130993 0.298915 4.87112e-05 0.00857892 0.0408664 0.0768515 0.221144 0.0216259 0.0123794 0.12324 0.0013904 
0.138072 0.05764 0.0620385 0.0016093 0.384295 7.78022e-05 0.0134222 0.0150274 0.0259367 0.266004 0.00707603 0.00761845 0.0207244 0.000458016 
0.0851397 0.00269494 0.0134623 0.00261804 0.0388238 3.16329e-05 0.0124572 0.00557078 0.00758047 0.0524698 0.746455 4.8468e-05 0.032415 0.000232877 
0.198274 0.011513 0.000877515 0.00101958 0.052304 4.73553e-05 0.00198822 0.00149786 0.0110982 0.714897 0.00186605 0.000876618 0.00295485 0.000785653 
0.015761 0.0221303 0.0234407 2.39603e-07 0.0163808 1.38778e-10 0.0766043 0.0416494 0.373417 0.19319 0.0218474 6.99743e-08 0.131656 0.0839219 
0.249519 0.0578073 0.00612172 0.00104771 0.0697487 0.00059093 0.00737227 0.030442 0.0496356 0.39734 0.0152143 0.00274505 0.111116 0.00129856 
0.00283906 0.00543204 7.90288e-05 7.86516e-05 0.00232734 3.45357e-06 0.00037239 0.000723124 0.00563688 0.00193518 0.000738723 2.73316e-05 0.00380664 0.976 
0.005233 0.00741643 0.00746275 0.000435245 0.378661 6.94115e-05 0.0049822 0.000418702 0.267679 0.119705 0.0325634 0.0240818 0.0142273 0.137064 
0.0242564 0.00251279 0.00290091 0.000495792 0.0820922 9.19673e-05 0.00520454 0.00537106 0.00408702 0.0209902 0.00145286 0.642269 0.00358106 0.204694 
0.0521668 0.021931 0.0314541 0.00540343 0.305134 2.16347e-05 0.0239773 0.0708383 0.0209107 0.379418 0.00476789 0.0327725 0.0511619 4.31255e-05 
0.344403 0.0178023 0.000331506 1.72304e-06 0.519709 1.12097e-06 0.000189659 0.00106019 0.00631203 0.0185157 0.011468 9.81404e-05 0.0801059 1.82525e-06 
0.147555 0.00112783 0.0501339 9.78629e-05 0.0322848 3.84461e-08 0.00151937 6.2152e-08 0.0283996 0.728437 0.00597064 1.4637e-05 0.00441394 4.55183e-05 
0.0229064 0.0249303 0.0102766 0.00123143 0.145199 0.000190847 0.0103017 0.00118879 0.0301407 0.642176 0.00157299 0.00831517 0.101162 0.000408015 
0.150869 0.0264725 0.561818 0.00229456 0.0714303 6.38184e-06 0.0254119 0.017642 0.0106829 0.0802454 0.0108073 0.0025374 0.0397725 9.65972e-06 
0.0619712 0.00691778 0.0374492 0.00283119 0.5199 3.00857e-05 0.00103448 0.01731 0.0848795 0.13665 0.00979177 0.00531832 0.115884 3.25691e-05 
0.947889 0.00201411 0.000846783 0.000179096 0.00520609 1.01715e-05 0.00272222 1.02968e-05 0.000128512 0.0358496 0.00163647 1.90597e-05 0.00347731 1.10092e-05 
0.18521 0.0297404 0.0145207 0.00220857 0.463686 1.47583e-05 0.0135835 0.00491941 0.00166622 0.265931 0.00233387 0.000252423 0.0158593 7.49949e-05 
0.190762 0.11905 0.000134023 0.00027753 0.169295 7.8734e-05 0.00179596 0.00571585 0.210873 0.246562 0.00591757 0.0053207 0.0441223 9.45174e-05 
0.00790456 8.81878e-06 0.109782 1.84678e-06 0.000197467 8.18052e-09 0.673491 1.34789e-06 0.129557 0.000303064 0.0143416 2.40416e-07 0.0644054 5.21074e-06 
0.259909 0.00172727 0.00029124 0.00533069 0.705285 2.73705e-05 0.000303727 0.000566006 0.000402145 0.00541383 0.000211424 0.0145853 0.00589841 4.87413e-05 
0.0243743 0.151122 0.206932 0.000557372 0.0487552 1.18823e-06 0.154341 0.00113665 0.223528 0.105479 0.0297717 0.000117753 0.053789 9.46595e-05 
0.554101 0.0104146 0.0576045 9.54757e-07 0.034492 9.54699e-07 0.0585533 9.55392e-07 0.0444263 0.205342 0.0285637 9.55264e-07 0.00649831 9.54915e-07 
0.0266148 0.000293306 2.3696e-06 2.1417e-05 0.144077 1.38509e-07 2.28164e-07 2.35174e-07 0.675393 0.0904954 0.0070857 0.000456407 0.0552985 0.0002621 
0.0336012 0.0104272 0.0316296 0.00312188 0.0256762 2.16713e-07 0.14156 0.000802517 0.0465702 0.0499878 0.0228859 2.93631e-05 0.633701 6.26762e-06 
0.0341664 0.000413369 0.0112804 2.49742e-05 0.00272669 1.55729e-05 0.00151213 2.1128e-05 0.875254 0.0392271 0.00440192 0.000220655 0.00335542 0.0273799 
0.0656305 0.0392648 0.350068 0.00118672 0.321988 6.86008e-05 0.0100815 0.00454733 0.0462206 0.137394 0.00890218 0.013111 0.00145032 8.65413e-05 
0.42848 0.129138 0.0389786 0.000219188 0.044908 0.000124055 0.174467 0.00722069 0.00428448 0.0703627 0.0341792 0.00029309 0.0644084 0.00293699 
0.0522652 0.00212177 0.0276215 9.44661e-07 0.0916612 7.49583e-07 2.80929e-05 2.17728e-06 0.118012 0.381605 0.0705705 0.16104 0.0946341 0.000435931 
0.005233 0.00741643 0.00746275 0.000435245 0.378661 6.94115e-05 0.0049822 0.000418702 0.267679 0.119705 0.0325634 0.0240818 0.0142273 0.137064 
0.176095 0.00015007 0.00051236 0.000394583 0.0035638 1.18596e-07 0.0085936 0.000236211 0.00248365 9.21975e-05 0.745898 0.00305911 0.0403586 0.0185624 
0.00283906 0.00543204 7.90288e-05 7.86516e-05 0.00232734 3.45357e-06 0.00037239 0.000723124 0.00563688 0.00193518 0.000738723 2.73316e-05 0.00380664 0.976 
0.0060469 0.0813964 0.00747256 0.0076881 0.307882 1.36224e-05 0.0267166 0.000543047 0.0100693 0.526779 0.00696205 3.54492e-05 0.0179524 0.000442751 
0.0301485 0.0505003 0.000934162 1.38724e-05 0.00690321 4.54808e-08 0.002821 4.24339e-05 0.84318 0.0211463 0.00127072 0.000283309 0.0138141 0.0289424 
0.664119 0.0893791 0.00247107 0.000161388 0.0692654 5.03229e-05 0.00917205 0.00203747 0.0233492 0.123293 0.000369409 0.000117859 0.00432954 0.0118846 
0.00984728 3.93348e-05 5.22276e-05 5.62188e-06 0.00236376 1.17386e-07 4.76896e-05 1.54578e-05 0.93377 0.0414344 0.00272982 4.14082e-06 0.00968314 7.38773e-06 
0.220769 0.134162 0.0558119 0.00319323 0.0635607 0.000377117 0.0282023 0.0142463 0.0671856 0.327025 0.0137988 0.00157064 0.0687271 0.00137077 
0.00345477 0.00260652 0.000239827 0.000250354 0.0149603 3.08613e-05 0.000661998 5.09303e-05 0.84587 0.013479 0.000364947 0.000212489 0.117652 0.000165702 
0.0582611 0.0183778 0.157427 0.00188314 0.386083 0.000128417 0.00655423 0.0089218 0.0478125 0.245595 0.0114075 0.0138532 0.0434343 0.000261506 
0.0175809 0.0600296 0.00357511 8.79454e-05 0.0129564 6.12219e-07 0.00113769 0.00110916 0.537955 0.243007 0.000882796 0.0316131 0.0899521 0.000113096 
0.747367 0.0324988 0.00143683 6.92275e-05 0.0557277 2.7736e-05 0.0164822 0.0066569 0.021642 0.098043 0.00114302 0.000141675 0.0142339 0.00452984 
0.170087 0.0733625 0.283972 0.00416059 0.247689 0.000105837 0.0332337 0.00487383 0.0174935 0.113978 0.0121638 0.0059929 0.0288658 0.00402106 
0.115461 0.0167776 0.0011007 0.000999635 0.118629 5.92495e-06 0.00967942 0.0436402 0.219145 0.232218 0.00874661 0.00131443 0.213038 0.019245 
0.000160947 0.000160925 0.000160908 0.00016082 0.209374 0.00016081 0.00016089 0.000160927 0.788695 0.000160948 0.000160907 0.000160905 0.000160944 0.000160846 
0.638785 0.00485287 0.00146092 0.00237621 0.0334766 0.000249283 0.0764722 0.00486819 0.0109727 0.191774 0.0112017 0.00141851 0.0217136 0.000377993 
0.0468763 0.0810721 0.0169508 0.00368829 0.073325 0.000321921 0.642285 0.00259075 0.00222429 0.081469 0.00112135 0.000997534 0.0406456 0.00643171 
0.0569656 2.75945e-05 0.000382553 9.87514e-05 0.00236866 7.99432e-06 0.00111117 0.000619648 0.001016 0.000252183 0.178129 3.03921e-05 0.758821 0.000169887 
0.270073 0.108226 0.00374304 5.11939e-05 0.0567379 1.81691e-05 0.0448886 0.00229151 0.215795 0.127086 0.0265088 0.0411712 0.103076 0.00033289 
0.00543775 0.00204483 5.23184e-09 1.55172e-06 0.000230398 3.52753e-09 0.000661408 0.832138 6.05794e-05 7.54688e-06 0.00204278 2.70636e-05 0.157334 1.39645e-05 
0.0202587 0.00504706 1.18906e-06 0.000511329 0.0412599 3.88748e-10 5.74488e-07 0.0699311 0.363534 0.169187 0.0266221 2.42558e-07 0.303647 1.09574e-07 
0.00283906 0.00543204 7.90288e-05 7.86516e-05 0.00232734 3.45357e-06 0.00037239 0.000723124 0.00563688 0.00193518 0.000738723 2.73316e-05 0.00380664 0.976 
0.0356279 0.00380201 0.00225201 5.77686e-05 0.0187553 4.23977e-05 0.016876 0.000550061 0.832512 0.0410754 0.00707941 7.57551e-05 0.0409226 0.000371537 
0.145326 0.0199843 0.0327256 0.00844303 0.1875 6.34528e-05 0.00735812 0.0022051 0.042184 0.0173514 0.413319 0.017694 0.0869628 0.0188835 
0.402379 0.0937931 0.0201675 0.00404641 0.115993 0.00031586 0.0349611 0.0161984 0.105081 0.11354 0.0245867 0.000873254 0.0658687 0.00219684 
0.552271 0.0180569 0.000309735 0.00146316 0.349421 7.27846e-05 0.0023365 0.000286911 0.00314613 0.052323 0.000176711 0.0181175 0.00188758 0.000130746 
0.00241861 0.00123792 0.00707334 0.000160512 0.324505 2.14412e-05 0.00442531 0.000225591 0.0143458 0.641034 0.00204614 0.000164071 0.000596489 0.0017464 
0.0356631 0.0109144 0.00369784 0.00232232 0.0680807 0.000320228 0.00146701 0.00594144 0.161809 0.0865704 0.00117239 0.599756 0.0125643 0.00972056 
0.600027 0.00172892 0.00155438 0.0003916 0.129894 9.25046e-05 0.00455402 0.000322395 0.0471604 0.143603 0.0174515 0.000396351 0.0527258 9.86862e-05 
0.449807 0.0250797 0.00103319 0.00117758 0.116466 0.000445639 0.00307591 0.0105248 0.142653 0.197755 0.00172551 0.00234309 0.0470986 0.000814386 
0.799573 0.00526187 0.00194317 0.000261405 0.0420231 2.72807e-05 0.010646 0.00658431 0.00724287 0.0934298 0.0049576 4.93154e-05 0.0273481 0.000652126 
0.082275 0.191441 0.0914393 0.00151738 0.120527 0.000428785 0.0251646 0.00702058 0.0306996 0.405662 0.0119407 0.00224791 0.0282334 0.00140243 
0.0779866 0.0520406 0.0181233 0.03687 0.232672 0.00511978 0.0217103 0.0255731 0.0473197 0.369344 0.00555661 0.00538537 0.0886808 0.0136178 
0.38796 0.00417228 0.000197649 0.004302 0.571566 5.39948e-05 0.000669892 0.00567638 0.000623283 0.00333242 0.000495574 0.00758801 0.0132948 6.73547e-05 
0.353989 0.0382223 0.0779203 0.00206583 0.0642752 0.000786956 0.0113774 0.0100777 0.0131485 0.337981 0.0275073 0.00474717 0.0558174 0.00208377 
0.348015 0.000949824 0.000215821 0.00197528 0.636313 2.29874e-05 3.88904e-05 8.19516e-05 0.000134964 0.00168925 0.000406065 0.00160855 0.00845181 9.67727e-05 
0.646711 0.0638563 0.00176672 0.000116239 0.087017 3.65313e-05 0.00655573 0.0205163 0.0422476 0.0880728 0.000264512 0.00196382 0.0323798 0.00849544 
0.108322 0.0316921 0.0787551 1.13705e-06 0.072705 1.66111e-09 0.010132 0.0315237 0.121217 0.117433 0.0248405 2.94336e-05 0.366953 0.0363962 
0.0286491 0.427144 0.0124583 0.000980398 0.26579 4.76997e-06 0.0497931 0.000370327 0.0393193 0.169414 0.00110534 0.000254918 0.00386874 0.000848319 
0.938404 0.00941828 0.000284629 0.000156287 0.00860186 9.75948e-07 0.0112887 0.000559607 0.00151429 0.0232707 0.00120761 5.42718e-05 0.00521613 2.21761e-05 
0.00283906 0.00543204 7.90288e-05 7.86516e-05 0.00232734 3.45357e-06 0.00037239 0.000723124 0.00563688 0.00193518 0.000738723 2.73316e-05 0.00380664 0.976 
0.303051 0.0765104 0.0654079 0.000623276 0.157501 4.72498e-08 0.0358198 7.24308e-05 0.013089 0.301703 0.0354871 2.31126e-05 0.00972085 0.000990885 
1.03908e-06 0.00766333 0.0180547 1.4557e-07 0.0306723 2.1596e-11 3.36323e-07 0.013755 0.721681 0.00623187 0.00179974 7.67417e-08 0.200141 1.14173e-08 
0.055171 0.0224871 0.00373197 0.536471 0.0116692 5.63099e-10 0.0236441 0.00354041 0.0124904 0.116118 0.0328339 2.80581e-08 0.181806 3.76261e-05 
0.0803112 0.0192149 0.00349386 2.11015e-05 0.000277934 1.05488e-05 0.00371432 0.000312582 0.688737 0.0395916 0.0128421 7.6725e-05 0.150817 0.000579346 
0.31049 0.0530939 0.065592 1.36343e-05 0.266225 4.9496e-06 0.0124982 5.57668e-05 2.60561e-05 0.227164 0.000906321 0.0631839 0.000729839 1.65055e-05 
0.458291 0.0313101 0.00854004 0.00193054 0.0280726 0.000152396 0.0106585 0.0408837 0.021023 0.336319 0.00398712 0.0128408 0.0447398 0.00125166 
0.314899 0.0510288 0.0725 0.00220333 0.306295 0.000456064 0.0168387 0.00411268 0.00749721 0.097998 0.052474 0.00256841 0.070475 0.000654114 
0.0306935 0.0167449 0.00906851 8.37757e-05 0.0123828 9.08104e-06 0.00353417 0.000459476 0.814966 0.0529638 0.0125119 0.000128022 0.0463577 9.62632e-05 
0.195635 0.0650861 0.050067 0.0017403 0.00791241 1.08247e-05 0.0427857 0.00232232 0.19061 0.286699 0.0337046 0.0140443 0.109238 0.000143842 
0.00213421 0.0189469 0.0200052 4.88889e-07 0.011013 8.61279e-10 0.0244085 3.09838e-07 0.166766 0.715829 0.00521364 3.84325e-07 0.0356826 1.41765e-07 
0.00283906 0.00543204 7.90288e-05 7.86516e-05 0.00232734 3.45357e-06 0.00037239 0.000723124 0.00563688 0.00193518 0.000738723 2.73316e-05 0.00380664 0.976 
0.123961 0.0621118 0.167934 0.00338425 0.154853 1.38575e-05 0.00973083 0.00102125 0.0892213 0.359276 0.00459629 0.00190284 0.0218058 0.000188078 
0.11368 0.0530445 0.0398943 0.00177179 0.0297722 3.68235e-05 0.0183339 0.00176786 0.572088 0.0984459 0.0111402 4.44832e-05 0.0598922 8.78681e-05 
0.0229064 0.0249303 0.0102766 0.00123143 0.145199 0.000190847 0.0103017 0.00118879 0.0301407 0.642176 0.00157299 0.00831517 0.101162 0.000408015 
0.0209408 0.0077596 0.0319553 0.006542 0.0521908 3.01275e-06 0.068667 0.0616897 0.406988 0.287215 0.0195562 1.35436e-05 0.0301854 0.00629412 
0.0321877 0.409006 0.0580043 0.000113587 0.146955 1.40735e-05 0.104931 0.00438544 0.00953995 0.209671 0.00415273 0.0110978 0.00614895 0.00379282 
0.0597103 0.0499929 0.0153683 0.00364172 0.0310663 0.00023788 0.0256399 0.00480319 0.637228 0.112839 0.0113364 0.00327586 0.0381525 0.00670774 
0.143683 0.00159726 0.0045574 0.00182229 0.159459 0.000101636 0.00376764 0.199027 0.0308057 0.14992 0.00880908 0.00707623 0.26659 0.0227834 
0.0948323 0.0803267 0.0195964 0.0424624 0.280212 0.000665753 0.0195932 0.0203675 0.0641792 0.300789 0.0145829 0.00144524 0.0511531 0.00979469 
0.0883675 0.00040245 0.000514167 0.000532818 0.0860585 4.84497e-07 0.0031379 0.000354912 0.646868 0.104147 0.000212073 1.99911e-06 0.0691112 0.000290891 
0.0622601 0.0426953 0.00965482 0.000303245 0.0166104 3.51756e-05 0.00363912 0.0125405 0.0167433 0.81335 0.00403753 5.6188e-05 0.0178089 0.000265442 
0.0871983 5.25191e-06 0.577654 5.24847e-06 5.25217e-06 5.24815e-06 0.00735631 5.25196e-06 0.0698556 0.12922 0.0603953 0.0189098 0.0493789 5.24934e-06 
0.0189479 0.00692762 0.0142155 0.000353392 0.106096 4.34669e-06 0.00663389 0.00123253 0.747889 0.0511466 0.00259123 0.000353894 0.0419669 0.00164139 
0.0229064 0.0249303 0.0102766 0.00123143 0.145199 0.000190847 0.0103017 0.00118879 0.0301407 0.642176 0.00157299 0.00831517 0.101162 0.000408015 
0.340593 0.0172442 0.0181364 0.00326732 0.0627459 1.08183e-06 0.015754 0.000211349 0.463835 0.011233 0.00112097 0.00448111 0.0612133 0.000163366 
0.276702 0.0490436 0.012865 0.000542644 0.148498 5.66166e-05 0.00871727 0.0200197 0.00871449 0.435894 0.00374882 0.00791653 0.0270042 0.000277207 
0.0871983 5.25191e-06 0.577654 5.24847e-06 5.25217e-06 5.24815e-06 0.00735631 5.25196e-06 0.0698556 0.12922 0.0603953 0.0189098 0.0493789 5.24934e-06 
0.0132002 0.00857136 0.0549662 0.000481594 0.0304182 3.84304e-06 0.001591 0.291638 0.147081 0.300827 0.0325518 1.64e-05 0.101693 0.0169604 
0.172115 0.0125518 0.000851991 0.00158215 0.000490636 3.41389e-05 0.188546 0.00031895 0.0223454 0.0147671 0.0532588 0.0392555 0.493809 7.38306e-05 
0.646481 0.0267176 0.00586903 0.000686119 0.130959 0.000191271 0.0172636 0.0069196 0.00536404 0.110237 0.00627615 0.00042489 0.0417171 0.000893901 
0.166413 0.0017902 0.000101038 0.00126697 0.806584 1.80223e-05 0.000410209 0.000718373 0.000268861 0.00220744 9.46932e-05 0.000258292 0.0198103 5.8309e-05 
0.147692 0.025132 0.000323705 0.172665 0.0235856 8.52786e-06 0.0127195 0.000405061 0.0247904 0.24887 0.054339 0.000492137 0.288917 5.88641e-05 
0.222638 0.0663388 0.00245052 0.0151754 0.227323 7.36631e-05 0.0808005 0.0483652 0.0352849 0.253152 0.00693069 0.000131341 0.0409306 0.000406 
0.492879 0.0408909 0.0647315 0.000366687 0.0620318 1.82087e-05 0.0215887 0.00434583 0.0151053 0.256651 0.00483002 0.00171094 0.0338051 0.00104488 
0.0299509 0.172957 0.0019393 0.0121852 0.312645 9.88534e-06 0.00116465 0.0021204 0.315235 0.129299 0.00413086 0.000381613 0.0173735 0.000607242 
0.00496435 0.00649525 0.0035105 0.00781694 0.388072 4.3552e-05 0.00498181 0.00271287 0.175492 0.387192 0.00842089 0.00150115 0.0066436 0.00215239 
0.00866716 0.0285273 0.00937542 0.000348552 0.0580155 3.13394e-05 0.00554356 0.00349622 0.812172 0.0207811 0.00582531 0.000160836 0.0467078 0.000347763 
0.0235618 0.00852707 5.95578e-05 7.00625e-05 0.00708702 1.17404e-11 0.00879848 0.00440708 0.00211901 0.020441 0.0178258 1.78944e-05 0.0397812 0.867304 
0.115138 0.290257 0.109811 0.00133325 0.0700536 6.06674e-06 0.00866385 0.024667 0.00368497 0.258071 0.00122745 0.000312234 0.0172697 0.0995045 
0.166715 0.19058 0.00041623 0.00174522 0.139668 9.39539e-05 0.0110015 0.0238473 0.0757556 0.373689 0.000980313 0.00461042 0.00996831 0.00092796 
0.000105122 0.000105108 0.000105097 0.00010504 0.000105114 0.000105033 0.000105086 0.000105109 0.998634 0.000105123 0.000105096 0.000105095 0.000105121 0.000105057 
0.0210593 4.89819e-07 0.00250133 0.00364116 0.106551 2.92532e-07 0.000911255 0.00259144 0.33045 0.0113288 0.00456626 0.00231754 0.00864932 0.505432 
0.0797982 0.0189298 0.00932544 3.14092e-06 0.0188737 1.04432e-07 0.000498412 0.00248744 0.00254797 0.0871969 1.29565e-06 0.00013005 0.0101756 0.770032 
0.757674 0.0891294 0.000897233 2.79597e-05 0.0221664 8.60125e-06 0.0310274 0.0158722 0.00137311 0.0564619 0.00471409 3.04717e-05 0.0205179 9.99412e-05 
0.0467126 0.0285483 0.100266 0.000649514 0.0280497 2.35549e-05 0.0419483 0.000544044 0.618361 0.0608947 0.0251338 0.00555233 0.0348114 0.00850522 
0.0636672 0.00212641 3.61287e-06 5.08028e-05 0.0820286 2.56431e-06 0.00083655 0.0643741 0.475696 0.165943 0.0280366 0.00485569 0.11224 0.00013894 
0.610457 0.0170142 0.000801617 0.000196723 0.00374483 3.99957e-06 0.185853 0.0272778 0.014416 0.123 0.00309715 4.03341e-05 0.0140885 7.89496e-06 
0.0254555 0.0836523 0.286337 0.00070853 0.249158 6.76181e-05 0.106712 0.000197798 0.00645082 0.189275 0.008438 0.000303462 0.041954 0.00129097 
0.03073 0.0345944 0.0431116 0.00150681 0.153137 0.000544303 0.00717998 0.0119253 0.0385114 0.636109 0.0138178 0.00113064 0.0234502 0.00425244 
0.0536276 0.0620762 0.0465039 8.88191e-08 0.00520358 1.24542e-10 0.0215888 0.00186404 0.717091 0.0264205 0.00710667 2.46043e-07 0.0585172 1.01576e-07 
0.0847911 0.0170391 0.00529067 0.0019561 0.422572 0.00187183 0.00613676 0.0400412 0.0594211 0.248433 0.0127615 0.012124 0.0849803 0.00258166 
0.488248 0.00404478 0.000224423 0.00229812 0.481391 2.87716e-05 0.000689402 0.00322101 0.00013981 0.00211928 0.000715086 0.00129207 0.0155039 8.48235e-05 
0.799573 0.00526187 0.00194317 0.000261405 0.0420231 2.72807e-05 0.010646 0.00658431 0.00724287 0.0934298 0.0049576 4.93154e-05 0.0273481 0.000652126 
0.000424449 0.000296237 0.00143605 2.78222e-05 0.0115198 8.74763e-06 0.000946453 0.000265741 0.540095 0.43339 0.00292772 1.64522e-05 0.00825427 0.000391544 
0.118908 0.497878 0.00818767 0.0045808 0.0635101 9.37626e-05 0.0289862 0.00616921 0.0404756 0.157695 0.0245581 0.000455041 0.0479848 0.00051745 
0.204223 0.0247977 0.00273865 0.00179249 0.316447 0.000103023 0.0338351 0.00939726 0.158371 0.175385 0.00272308 0.0114643 0.0580296 0.000691907 
0.00511635 3.5151e-05 0.000595779 5.92668e-05 0.00410052 6.57888e-06 0.000150659 7.47878e-06 0.00500483 0.00235019 0.00284904 3.35197e-05 0.00100663 0.978684 
0.0714482 0.0714387 0.0714311 0.0713918 0.0714422 0.0713875 0.0714232 0.0714393 0.0714386 0.0714486 0.0714305 0.0714297 0.0714469 0.0714037 
0.488248 0.00404478 0.000224423 0.00229812 0.481391 2.87716e-05 0.000689402 0.00322101 0.00013981 0.00211928 0.000715086 0.00129207 0.0155039 8.48235e-05 
0.394617 0.011899 0.0170006 0.0200741 0.172841 0.000320592 0.0224097 0.0379473 0.0648444 0.0926391 0.0388321 0.000351785 0.125392 0.000831521 
0.0131406 0.00075115 0.613905 0.000282127 0.0235549 3.43028e-07 0.00591447 0.126862 0.107353 0.0534055 0.00436375 3.00994e-06 0.0496917 0.000773475 
0.240602 0.0283364 0.000786603 0.0038452 0.148655 0.000101872 0.00166853 0.0296715 0.0183119 0.491694 0.000379638 0.0256079 0.010206 0.000133529 
0.0909057 0.084895 0.00257329 0.000299138 0.000370569 2.65269e-09 0.0173445 2.6788e-05 0.000563157 0.800013 0.000432626 6.63199e-07 0.00257524 4.98332e-09 
0.488248 0.00404478 0.000224423 0.00229812 0.481391 2.87716e-05 0.000689402 0.00322101 0.00013981 0.00211928 0.000715086 0.00129207 0.0155039 8.48235e-05 
0.000218623 0.0114825 0.000553192 0.000270322 0.0950253 3.90258e-08 0.000369756 0.00125909 0.836547 0.0168156 0.0115064 0.000144883 0.025063 0.000744668 
0.488248 0.00404478 0.000224423 0.00229812 0.481391 2.87716e-05 0.000689402 0.00322101 0.00013981 0.00211928 0.000715086 0.00129207 0.0155039 8.48235e-05 
0.00814904 0.00501694 0.00184487 0.000145179 0.22744 7.9227e-05 0.000431785 0.000426389 0.709565 0.0315759 0.000233322 0.0108932 0.00357698 0.000621681 
0.129631 0.045071 0.00446532 0.000519662 0.0560181 0.000467396 0.00612334 0.0209114 0.0410546 0.652766 0.00369037 0.00363094 0.0340454 0.0016051 
0.539884 0.0612358 0.00796062 0.00197392 0.0321976 3.0682e-05 0.013229 0.00162087 0.0351854 0.262059 0.0080846 6.12749e-05 0.0341925 0.00228507 
0.432606 0.0618485 0.0288228 0.000436544 0.0242875 9.18796e-05 0.0737267 0.0063172 0.0182796 0.24087 0.0217233 0.000663969 0.0889718 0.00135422 
0.325807 0.0121979 0.00267331 0.000987677 0.421124 0.000219026 0.00339111 0.0240553 0.0200357 0.0456683 0.00233042 0.00160021 0.0287818 0.111128 
0.18901 0.00722578 0.200354 0.000977295 0.00116787 1.55221e-05 0.0127367 0.000270571 0.1155 0.390728 0.0244062 0.0466315 0.0103473 0.000629373 
0.0153502 0.0792929 0.0637363 9.41028e-05 0.119089 1.97745e-05 0.319975 0.000651674 0.0284396 0.360623 0.00523874 0.00291465 0.0041978 0.000377428 
0.239499 0.0162929 0.00209935 0.00885103 0.105932 0.000173959 0.00302322 0.00616594 0.213579 0.281937 0.0054703 0.0283922 0.0852699 0.00331458 
0.325331 0.0201013 0.00515517 0.00106925 0.486908 6.39501e-05 0.000848702 0.00319933 0.070068 0.0688074 0.00337529 0.0113233 0.0036614 8.77136e-05 
0.038623 0.0259209 0.00582884 0.00355224 0.0131641 9.06863e-06 0.00478624 0.0201438 0.536343 0.0939392 0.00528545 0.000172621 0.251667 0.000564298 
0.709738 0.0263047 9.02227e-05 0.000171343 0.016288 1.45162e-05 0.00398939 0.0011675 0.0126356 0.216427 3.59334e-05 1.769e-05 0.01304 7.98e-05 
0.135335 0.0226617 0.108138 1.1454e-05 0.0106918 4.34697e-06 0.0558597 0.099166 0.00489625 0.307432 0.132303 0.0303508 0.0929686 0.000181683 
0.554101 0.0104146 0.0576045 9.54757e-07 0.034492 9.54699e-07 0.0585533 9.55392e-07 0.0444263 0.205342 0.0285637 9.55264e-07 0.00649831 9.54915e-07 
0.747367 0.0324988 0.00143683 6.92275e-05 0.0557277 2.7736e-05 0.0164822 0.0066569 0.021642 0.098043 0.00114302 0.000141675 0.0142339 0.00452984 
0.0248857 0.00164232 0.0896563 0.0594887 0.00795669 2.8271e-08 0.569856 0.00783014 0.014912 0.102606 0.0124856 0.079851 0.0275612 0.00126843 
0.188093 0.0483302 0.207176 0.0039401 0.278172 5.29735e-05 0.00389436 0.0448924 0.0177635 0.086121 0.00619449 0.0334116 0.0703908 0.0115674 
0.158937 0.344395 0.110933 0.000334675 0.0526941 7.21212e-09 0.0319733 4.23813e-06 0.019578 0.223431 0.0180267 5.6415e-05 0.0396364 5.9259e-08 
0.0790207 0.0708554 0.213496 0.00283602 0.0925047 5.65975e-05 0.0141983 0.0107013 0.0175468 0.455427 0.0105921 0.00688578 0.0247481 0.00113151 
0.137116 0.194762 0.0115621 0.00208165 0.0742903 7.49974e-06 0.0395178 0.00129761 0.070597 0.397179 0.00115779 0.046837 0.023575 1.9992e-05 
0.0591292 0.0869941 0.0389939 1.24908e-06 1.24996e-06 1.249e-06 0.0386147 0.00662576 1.2499e-06 0.0358783 0.0938577 1.24974e-06 0.639899 1.24928e-06 
0.00283906 0.00543204 7.90288e-05 7.86516e-05 0.00232734 3.45357e-06 0.00037239 0.000723124 0.00563688 0.00193518 0.000738723 2.73316e-05 0.00380664 0.976 
0.0245191 0.0415752 0.452842 0.00252088 0.191074 8.83417e-07 0.0158496 0.000281444 0.00155692 0.0841622 0.0212453 0.133204 0.0311679 1.4088e-06 
0.568807 0.0450723 0.00181595 0.00927516 0.119017 2.85432e-05 0.0238962 0.00716375 0.0236847 0.16643 0.00150143 0.00289638 0.0274738 0.00293791 
0.070715 0.0785445 0.310976 0.000457546 0.0850206 3.49354e-05 0.00459858 0.0128014 0.0298625 0.372942 0.00505428 0.017323 0.0111705 0.000499528 
0.506232 0.0108701 0.00225295 0.000314692 0.178873 0.0002526 0.00476194 0.0112607 0.0201725 0.207105 0.00376765 0.0181106 0.0352083 0.000817904 
0.147575 0.0452466 0.150637 0.00335986 0.154166 0.00212307 0.0244375 0.00857397 0.0524543 0.332194 0.0153217 0.00589209 0.0512163 0.00680276 
0.00914853 0.0153329 0.0339399 0.000981512 0.333109 5.08104e-05 0.001876 0.00821596 0.371353 0.176849 0.0179142 0.000128619 0.0271129 0.00398763 
0.254896 0.032056 0.0758988 0.000143368 0.0148478 1.24263e-07 0.0292088 0.0295986 0.0124782 0.153394 0.0564342 2.90769e-06 0.341038 3.13433e-06 
0.00806332 0.00558319 0.168143 0.0151292 0.0310574 7.51074e-05 0.00835302 0.000387355 0.672489 0.0133938 0.00788605 0.000449253 0.0686532 0.000337698 
0.0915945 0.0157617 0.400694 0.000249641 0.153779 0.000152128 0.00801215 0.00982342 0.0273501 0.214981 0.0101477 0.00269469 0.0641314 0.00062975 
0.664119 0.0893791 0.00247107 0.000161388 0.0692654 5.03229e-05 0.00917205 0.00203747 0.0233492 0.123293 0.000369409 0.000117859 0.00432954 0.0118846 
0.0533562 0.021603 0.653461 6.58075e-06 0.0146696 1.05266e-07 0.0200571 0.00239258 0.0165613 0.18485 0.00570874 9.65245e-05 0.0175118 0.00972499 
0.136257 0.0561869 0.00591433 7.87706e-05 0.281891 3.3275e-05 0.0107339 0.00979151 0.220904 0.0890982 0.00908254 0.00921413 0.0245193 0.146295 
0.0940958 0.0321045 0.0161025 0.000927714 0.294884 0.000392778 0.0148969 0.018044 0.129089 0.314131 0.0106988 0.0395067 0.0343613 0.000765325 
0.104108 0.0768855 0.00696015 7.37405e-05 0.0917352 2.96513e-05 0.00356751 0.0423522 0.00586336 0.641834 0.00267194 7.23465e-05 0.0223248 0.00152207 
0.482864 0.231646 0.0117582 5.77358e-05 0.0414758 3.55708e-05 0.008497 0.00906961 0.0277864 0.160548 0.00946921 8.61962e-05 0.0165217 0.000184996 
0.0549512 0.107007 0.0771741 2.61454e-06 0.03951 2.61438e-06 2.61569e-06 2.61628e-06 0.457061 0.226341 0.00654249 0.00549605 0.0206734 0.00523258 
0.185704 0.00937379 0.0621022 0.000650399 0.00451408 6.27383e-09 0.00275125 0.000245989 0.0155108 0.668903 0.0106444 7.11442e-09 0.0396 5.11969e-07 
0.0238602 2.0059e-07 0.000310589 0.000355843 0.199224 4.64796e-08 4.15145e-05 0.00863902 0.00355131 0.0266138 0.00623475 0.00025655 0.00774883 0.723163 
0.0714482 0.0714387 0.0714311 0.0713918 0.0714422 0.0713875 0.0714232 0.0714393 0.0714386 0.0714486 0.0714305 0.0714297 0.0714469 0.0714037 
0.272211 0.00741782 0.000165914 2.06279e-05 0.112139 3.94689e-06 0.00407374 0.0387321 0.00480898 0.48737 0.00375732 0.0299828 0.0387839 0.000533276 
0.0143484 0.00337346 0.00470469 0.0147306 0.113659 2.39201e-08 0.0116019 0.0013186 0.104148 0.7121 0.000890854 4.95402e-06 0.0190942 2.48281e-05 
0.101707 0.0325055 0.0441942 1.11004e-05 0.110862 5.08539e-06 0.000150521 0.000185516 0.00184212 0.0898992 0.576447 0.000118021 0.0419777 9.52052e-05 
0.153878 0.0362671 0.0435039 0.00150415 0.0549326 0.000192097 0.023319 0.0258374 0.0404959 0.515976 0.0344521 0.00806278 0.057185 0.00439384 
0.255576 0.352463 0.00152835 0.0029315 0.0427802 0.000119563 0.14111 0.0328832 0.00481829 0.117205 0.00135966 0.00216826 0.0441765 0.000880258 
0.059253 0.0175524 0.00313698 0.000533225 0.315476 0.000222549 0.00212096 0.000337218 0.0635584 0.38303 0.00101165 0.128448 0.0247534 0.000565519 
0.690766 0.0676752 7.77628e-08 5.37369e-08 0.00559186 1.82119e-08 0.0800906 1.20182e-06 0.075452 0.0713378 0.00189884 8.67936e-08 0.00718588 8.23569e-08 
0.222825 0.150929 0.185339 0.0016233 0.196353 2.73581e-06 0.0178434 0.0003192 0.0163739 0.123142 0.0159129 3.29415e-05 0.0691315 0.000171839 
0.247325 0.0314895 0.033694 0.00358297 0.0998262 4.56204e-05 0.0253237 0.0293066 0.0735764 0.279984 0.030496 0.000103428 0.141927 0.00331938 
0.118709 0.0173021 0.00125171 0.00501494 0.248003 0.000205615 0.00205421 0.00197098 0.21343 0.266645 0.0325794 0.00809529 0.0773993 0.00733844 
0.021538 0.00752733 0.0179611 0.000364905 0.0760042 1.73334e-05 0.00314616 0.012434 0.0229445 0.0337859 0.0060512 0.000274429 0.00559595 0.792355 
0.000117473 0.000117458 0.000117445 0.000117381 0.0118638 0.000117374 0.000117432 0.000117459 0.681372 0.000117474 0.305472 0.000117443 0.000117471 0.0001174 
0.0411099 0.0176669 0.232778 0.00219427 0.422975 4.55327e-05 0.0967409 0.00238774 0.0221488 0.11295 0.0245257 0.0190721 0.00497048 0.000434015 
0.0134816 0.00501386 0.00217801 2.25706e-05 0.0407724 1.87881e-06 0.0103214 0.00125971 0.900079 0.0120684 0.00262355 2.16653e-05 0.0117302 0.000425968 
0.100686 0.291149 0.0760271 5.05592e-05 0.00117187 3.58332e-05 0.000793134 0.0289248 0.00658361 0.476158 0.00924296 5.83755e-05 0.00888949 0.000229018 
0.140703 0.044116 0.0323101 0.00549252 0.464213 9.10142e-05 0.0239647 0.00933712 0.0133982 0.230101 0.0101981 0.0103756 0.0151624 0.000536728 
0.142319 0.0444551 0.000380265 5.75305e-05 0.0350604 1.99849e-05 0.00113149 0.00015304 0.292296 0.365014 0.00101603 5.64657e-05 0.117335 0.000705849 
0.0385387 6.4079e-08 1.14458e-06 5.54066e-08 0.000349491 3.75508e-11 0.000383969 1.18901e-06 0.91282 0.000959764 4.88715e-07 2.92055e-08 0.0469403 4.70859e-06 
0.871159 0.0363899 0.0190447 2.94532e-05 0.0102643 5.06395e-07 0.00561758 1.30836e-05 0.00465316 0.0507458 0.00159446 1.80286e-06 0.000484528 2.034e-06 
0.198582 0.164425 0.0089536 0.00963576 0.0577745 0.000573764 0.0125318 0.029131 0.149457 0.273862 0.0434171 0.00644916 0.0437119 0.0014951 
0.0284732 0.189185 0.479564 0.000273886 0.110495 8.62762e-05 0.00296377 0.0041105 0.0337636 0.097572 0.00947983 0.00816869 0.0344119 0.00145238 
0.00283906 0.00543204 7.90288e-05 7.86516e-05 0.00232734 3.45357e-06 0.00037239 0.000723124 0.00563688 0.00193518 0.000738723 2.73316e-05 0.00380664 0.976 
0.441029 0.00772174 0.00199616 7.70853e-05 0.163534 4.19316e-05 0.00318929 0.00536854 0.0370209 0.0759273 0.00729663 0.000770684 0.0280403 0.227987 
0.236084 0.0221412 0.000163942 0.0286178 0.602978 6.53303e-05 0.00205613 0.0658279 0.00159507 0.018269 0.000675867 0.00940748 0.0117652 0.000353259 
0.00850368 0.00042093 0.00836045 0.450037 0.200265 4.84487e-05 0.00581088 0.0113432 0.0135605 0.0478458 0.00190513 0.000499033 0.248038 0.00336284 
0.851356 0.0877364 0.000140226 1.46845e-05 0.00888965 9.69332e-06 0.0117963 0.0137453 0.00479812 0.0129164 0.000905585 4.89826e-05 0.00748616 0.000155999 
0.0149413 0.00113859 0.0360885 0.000306331 0.00798055 2.21789e-08 0.000102251 0.00625958 0.757422 0.0798388 0.0297539 1.50473e-05 0.0661136 3.98128e-05 
0.0278551 0.00966763 0.00150546 0.00106613 0.0432286 1.38156e-07 0.000291732 0.0969013 0.00102428 0.00876964 0.0561284 0.00641176 0.747095 5.52721e-05 
0.165284 0.145843 0.00430554 0.0312937 0.082725 7.10026e-05 0.00913761 0.00810269 0.0240041 0.508587 0.000714545 0.0076223 0.0111933 0.00111667 
0.000424449 0.000296237 0.00143605 2.78222e-05 0.0115198 8.74763e-06 0.000946453 0.000265741 0.540095 0.43339 0.00292772 1.64522e-05 0.00825427 0.000391544 
0.12462 0.555471 0.00113063 0.000127007 0.00993151 8.33678e-07 0.00714932 2.92502e-05 0.145412 0.145223 0.00466483 7.98688e-06 0.00613784 9.45793e-05 
0.196293 0.0916518 0.000706027 0.000623722 0.048808 9.66618e-05 0.00317564 0.00241287 0.0378208 0.609386 0.000219753 0.00442575 0.00417684 0.000203559 
0.0548261 0.00197679 0.00510854 0.00186609 0.705142 0.000657843 0.00539723 0.00619769 0.0139082 0.111753 0.00863128 0.0604915 0.0231142 0.000928786 
0.214883 0.310504 0.00926578 0.00800965 0.0374237 2.12223e-05 0.0772535 0.0219646 0.0198087 0.0821403 0.0236765 7.46301e-05 0.194175 0.000799575 
0.0761736 0.000458895 0.00728852 9.20773e-05 0.07028 6.05146e-06 4.61235e-05 0.00298573 0.143285 0.483946 0.149112 4.52104e-05 0.0658809 0.000399549 
0.0870083 0.0126435 0.0331223 0.000184803 0.0611957 0.000107093 0.00239883 0.00670059 0.0400313 0.0540687 0.019151 0.0011766 0.0174711 0.66474 
0.228312 0.507093 1.16262e-05 2.17984e-05 0.00454715 6.51344e-06 0.00582485 5.77845e-05 0.00184502 0.0271331 0.000498961 0.000132321 0.224498 1.72205e-05 
0.0784643 0.0442486 0.00788349 0.0018446 0.0779023 0.000923503 0.0140885 0.00692978 0.611445 0.0707354 0.00820535 0.00144801 0.0648638 0.0110174 
0.0279828 0.124677 0.000247536 1.60366e-05 0.421165 1.76908e-08 0.01323 8.48888e-05 0.0469638 0.25759 0.00388421 3.7327e-05 0.104012 0.000110232 
0.0225324 0.00900751 0.026933 0.000447395 0.0528753 0.000132944 0.000419508 0.0977665 0.0242751 0.134777 0.0824635 0.000339471 0.524788 0.0232422 
0.0115197 2.16682e-05 0.00294467 9.0016e-07 0.00438921 5.92298e-08 0.00154764 0.000606917 0.00594913 0.00376142 0.927345 2.05428e-06 0.0419116 2.71734e-07 
0.00290177 3.03072e-05 4.4437e-06 1.12755e-05 0.0179423 1.41916e-06 0.000334881 0.000367265 0.000427097 0.0019275 0.00016648 0.000435157 0.000495824 0.974954 
0.557002 0.106513 0.00525653 3.58947e-05 0.0429542 9.43575e-06 0.0439953 0.000558698 0.014434 0.105825 0.0254967 0.0658769 0.0317869 0.000255348 
6.66184e-05 6.66095e-05 6.66024e-05 0.0732889 6.66127e-05 6.65618e-05 6.65951e-05 6.66101e-05 0.706126 6.66187e-05 0.219852 6.66011e-05 6.66171e-05 6.65768e-05 
0.212439 0.0114851 0.0243789 0.000399476 0.0492617 0.000148966 0.0129542 0.154891 0.0286227 0.172539 0.0672209 0.000475565 0.214989 0.0501953 
0.548266 0.00488135 0.000336624 0.0026414 0.414609 2.78348e-05 0.00103406 0.00447101 0.000209708 0.0031789 0.00107261 0.000994354 0.0182033 7.45465e-05 
0.0761534 0.00764013 0.0769145 0.0101812 0.111062 1.71711e-06 0.0651155 0.0561088 0.422753 0.078283 0.0106841 0.000156747 0.0467264 0.0382197 
0.435606 0.0394095 0.00378527 0.000631024 0.021112 4.2836e-05 0.347299 0.0264755 0.0181268 0.0467306 0.0166147 0.0036098 0.0399752 0.000581721 
0.0163191 0.0689391 0.00173501 0.131556 0.380097 0.00145157 0.0035811 0.00323675 0.0572092 0.172276 0.0116089 0.0314844 0.114514 0.00599229 
0.00283906 0.00543204 7.90288e-05 7.86516e-05 0.00232734 3.45357e-06 0.00037239 0.000723124 0.00563688 0.00193518 0.000738723 2.73316e-05 0.00380664 0.976 
0.0143537 0.197996 0.00254382 0.303789 0.248241 1.42906e-07 0.00661349 0.000959494 0.0168797 0.179665 0.00539064 0.00323236 0.0203132 2.26705e-05 
0.0435428 0.0571621 0.0130207 2.13463e-05 0.251336 3.65288e-06 0.00948891 0.000824083 0.00146682 0.617016 0.000778602 0.00242149 0.00290269 1.48123e-05 
0.0392299 0.0426614 9.56774e-05 0.00741356 0.374998 1.87448e-05 0.00321471 0.00314351 0.0713784 0.421519 0.00222006 0.00453145 0.0295067 6.94861e-05 
0.0674196 0.497289 0.0181934 0.00201202 0.0175506 4.57538e-05 0.0148318 0.0143494 0.00586159 0.258154 0.00838265 0.0174928 0.0420736 0.0363434 
0.0628059 0.0348851 0.00156516 5.8883e-06 0.0129562 1.09491e-08 0.00112316 0.000314432 0.249136 0.43561 0.128496 9.88514e-07 0.0729752 0.000125742 
0.0795908 0.00940396 6.04819e-05 4.18341e-05 0.0670146 1.71821e-07 0.000968396 0.00336359 0.812114 0.0193853 0.000363773 1.44423e-05 0.00309346 0.00458518 
0.177965 0.0128388 0.00023756 0.00148913 0.00811654 2.25802e-05 0.007094 0.031661 0.00130436 0.00270662 0.451333 9.71385e-05 0.299493 0.00564088 
0.0373331 0.172305 0.506268 0.000292198 0.148444 3.6357e-07 0.0296832 0.000237971 0.0111415 0.0383134 0.000964891 7.44102e-07 0.0541923 0.000823503 
0.341933 0.175053 0.00168253 0.00367434 0.0290346 0.000202471 0.0144327 0.0103977 0.0514793 0.353628 0.00159204 0.000279181 0.0160005 0.000611104 
0.300202 0.0774396 1.73944e-05 6.3217e-06 0.023893 2.61754e-10 3.96742e-05 0.000809923 0.0172399 3.13003e-06 5.53064e-05 6.52943e-06 0.580287 6.51643e-07 
0.00260833 2.83273e-08 8.83183e-07 4.48611e-06 0.00450653 4.82872e-09 1.1357e-05 0.000269462 0.000382551 2.20856e-05 1.8365e-06 0.000126981 1.32058e-05 0.992052 
0.207887 0.0816962 0.0599945 0.00153948 0.3041 0.000322177 0.022829 0.0197117 0.0742768 0.170758 0.00272177 0.00136965 0.0506861 0.00210735 
0.0963768 0.413033 0.0702573 0.00153739 0.224555 0.000328247 0.0132977 0.00847737 0.0434272 0.0589006 0.015961 0.0257906 0.0251964 0.00286168 
0.14511 0.0239301 0.0439617 0.0359958 0.00831709 6.87395e-07 0.0459143 0.00170589 0.426632 0.179477 0.0608479 1.63439e-06 0.0234066 0.00469896 
0.020742 0.00025204 0.00100973 7.23767e-06 0.00423747 8.33721e-09 0.000256669 0.00010584 0.00523728 0.00392256 0.000143156 6.0259e-05 0.00124626 0.962779 
0.025404 0.00429108 0.000161899 0.000431392 0.154339 4.23562e-06 0.000997167 0.0483654 0.00611518 0.658867 0.0024602 0.0489447 0.0338901 0.0157291 
0.00336577 0.0706951 0.000505191 0.0089938 0.29541 0.00011876 0.028332 0.000252857 0.381577 0.0351529 0.124964 0.00295917 0.040317 0.00735712 
0.256706 0.0724971 0.187897 0.0111485 0.315258 7.90042e-05 0.00634489 0.00626798 0.0136094 0.0867843 0.00595678 0.00510304 0.0290809 0.00326716 
0.00516302 3.35684e-06 0.0630679 0.000161201 0.00986831 1.13063e-07 0.000660397 0.000111584 0.00780377 0.0150643 0.888493 1.45373e-05 0.00958756 5.66994e-07 
0.194204 0.00236884 0.000723825 0.0587121 0.666284 5.25456e-05 0.000750276 0.00388299 0.00279995 0.00940147 0.000178774 0.0569494 0.00360046 9.19526e-05 
0.00718049 0.000788866 0.121828 1.09291e-06 1.36496e-05 1.47641e-09 0.00120742 0.0432958 0.00880248 0.0420806 0.529675 7.85705e-07 0.245125 1.20719e-06 
0.32913 0.0246099 0.00412973 0.000215428 0.278969 0.00011074 0.0428474 0.0166607 0.0213587 0.260142 0.0089911 0.00159558 0.0102619 0.000978493 
0.0654006 0.0166126 0.00498519 0.000147112 0.0952349 0.000132552 0.0174836 0.00972058 0.0384168 0.108585 0.00524858 0.00405152 0.0204794 0.613502 
0.478984 0.0158647 0.000801466 0.00764587 0.178991 0.00012415 0.00408313 0.0168698 0.0111884 0.234354 0.00506703 0.00169638 0.044081 0.000248667 
0.216651 0.00634711 0.00520004 0.00301667 0.644409 1.85818e-05 0.00619551 0.00241537 0.0013736 0.0954506 0.000781625 0.00406052 0.0139832 9.76063e-05 
0.0532457 0.691229 0.0444428 3.95237e-06 0.0227776 2.13054e-06 0.109403 0.00168075 0.016715 0.03309 0.00225888 0.012627 0.0125194 4.42325e-06 
0.0380967 0.0206693 0.00057378 0.0275866 0.236906 4.05779e-06 0.0129901 0.13465 0.00892861 0.0373213 0.00251432 0.00022196 0.075907 0.40363 
0.0211869 0.00944186 0.00111067 0.000751391 0.0111479 8.73676e-05 0.00052026 0.729245 0.00967848 0.0557854 0.0101686 0.000103671 0.150627 0.000146183 
0.435844 0.0145282 4.43789e-05 0.00674664 0.151143 3.20321e-06 0.0234493 0.0143718 0.00292487 0.0176706 0.00421418 0.182852 0.013023 0.133185 
0.0738472 0.0103717 0.00218426 0.00605613 0.225436 4.17966e-08 0.0256696 0.00352265 0.196921 0.425728 0.00437605 0.000109716 0.0172571 0.00852098 
0.23472 0.00559558 0.0216248 0.000676876 0.0463304 8.59857e-05 0.0278619 0.00225578 0.0194875 0.400929 0.170667 0.000188181 0.0693809 0.000195696 
0.0698455 0.00567235 0.0889436 0.00189033 0.531708 5.90149e-05 0.0434938 0.0034068 0.0268102 0.189376 0.0283655 0.000824942 0.00934968 0.00025345 
5.80657e-06 0.0381773 8.72429e-05 0.256025 0.0547853 5.79301e-10 0.00502065 4.22406e-07 0.0641813 0.574637 0.00648597 4.69972e-07 0.000593225 6.27497e-07 
