0.488248 0.00404478 0.000224423 0.00229812 0.481391 2.87716e-05 0.000689402 0.00322101 0.00013981 0.00211928 0.000715086 0.00129207 0.0155039 8.48235e-05 
0.0482284 0.0100751 0.000625348 0.0931144 0.263237 0.000331653 0.000377876 0.005335 0.256187 0.0340472 0.00228078 0.244704 0.0410997 0.00035591 
0.124104 0.0146189 0.0300791 0.00103626 0.175322 5.3093e-05 0.0295693 0.00550404 0.0178645 0.538988 0.0077711 0.0404316 0.0145026 0.000155327 
0.11621 0.0107894 0.0451965 0.00500872 0.489206 6.27535e-06 0.00640548 0.0147569 0.00687071 0.14121 0.00205349 0.0570079 0.105218 6.10573e-05 
0.0730759 0.00777813 0.0365821 6.38721e-05 0.367544 2.92046e-05 0.0815624 0.0914079 0.156436 0.013294 0.00708549 0.00626232 0.158823 5.55375e-05 
0.678959 0.0696553 0.00125756 0.000119764 0.0323034 2.27676e-05 0.00483389 0.0150429 0.067673 0.102585 0.00553219 0.000331958 0.0214668 0.000215544 
0.0548261 0.00197679 0.00510854 0.00186609 0.705142 0.000657843 0.00539723 0.00619769 0.0139082 0.111753 0.00863128 0.0604915 0.0231142 0.000928786 
0.113558 0.00815865 0.0437054 0.00376315 0.0154164 0.000436465 0.0644679 0.000566049 0.118352 0.0521193 0.499432 0.00449244 0.0610341 0.0144986 
0.361225 0.0484711 0.053411 0.00112758 0.0370172 8.21968e-05 0.175599 0.046771 0.00722519 0.184171 0.0554808 0.0025336 0.0265586 0.000326456 
0.237956 0.0781252 0.011289 0.00506369 0.392702 7.17191e-05 0.02667 0.0172354 0.0113228 0.153282 0.00338376 0.0442853 0.0185077 0.000105496 
0.0279073 0.0359484 0.00181297 0.000306237 0.417129 4.88422e-05 0.0333023 0.00428976 0.0877293 0.369692 0.000232922 0.00672644 0.0138007 0.00107384 
0.0385842 0.017303 0.0024834 0.0335059 0.0119349 2.27148e-08 0.0306572 0.00185325 0.660538 0.0612653 0.0148379 4.63757e-05 0.126389 0.000601441 
0.0444069 0.0114161 0.000345355 7.85641e-05 0.296638 1.03795e-08 0.00441467 0.000772534 0.000132593 0.637238 0.000120492 0.00280834 0.00162847 7.47615e-08 
0.357784 0.0174481 0.00217731 0.00580312 0.42481 9.17631e-05 0.00189524 0.0223155 0.0215316 0.0226381 0.0135624 0.00709715 0.101947 0.000897918 
0.0140921 0.000926308 0.00308286 0.000148159 0.0948086 6.26503e-05 0.00258191 0.0101405 0.025177 0.832325 0.000729595 7.02894e-05 0.0156226 0.000231982 
0.0467586 0.00354782 0.00447214 0.0213691 0.633315 0.00019385 0.00523894 0.00339172 0.0220866 0.218668 0.000478358 0.0362476 0.00341256 0.000819903 
0.00634079 0.0302281 0.00844424 0.0322904 0.76509 2.22214e-09 0.00392172 0.000379949 0.000366403 0.152107 4.49485e-05 1.19398e-07 0.000783027 2.77451e-06 
0.00283906 0.00543204 7.90288e-05 7.86516e-05 0.00232734 3.45357e-06 0.00037239 0.000723124 0.00563688 0.00193518 0.000738723 2.73316e-05 0.00380664 0.976 
0.444244 0.0678576 0.0011549 0.00144643 0.353832 6.50747e-05 0.0737772 0.00248599 0.000882504 0.0126747 0.00819401 0.0095013 0.0159068 0.00797741 
0.226175 0.00107939 0.00529029 0.000382614 0.077631 5.63648e-07 0.013815 0.0273433 0.190246 0.242596 0.0117969 0.00264891 0.142533 0.0584611 
0.005233 0.00741643 0.00746275 0.000435245 0.378661 6.94115e-05 0.0049822 0.000418702 0.267679 0.119705 0.0325634 0.0240818 0.0142273 0.137064 
1.11729e-05 0.04358 0.0257027 1.11641e-05 1.1172e-05 1.11635e-05 0.0435704 1.11716e-05 0.640134 0.0279437 0.0726173 0.00112818 0.145257 1.1166e-05 
0.176638 0.00499038 0.0049385 0.00076789 0.00615736 4.04769e-05 0.0545522 0.000224101 0.0479495 0.0608657 0.478727 0.0515461 0.0982184 0.0143844 
0.106756 0.00828898 0.166031 0.0014866 0.423784 0.000487061 0.00818169 0.00133456 0.0222371 0.236211 0.0107653 0.000493166 0.0121943 0.0017496 
0.799573 0.00526187 0.00194317 0.000261405 0.0420231 2.72807e-05 0.010646 0.00658431 0.00724287 0.0934298 0.0049576 4.93154e-05 0.0273481 0.000652126 
0.269428 0.00176662 0.000219671 0.00737019 0.692646 4.1942e-05 0.000143787 0.00135752 0.000549223 0.00429913 0.000277147 0.0144189 0.0073982 8.34783e-05 
0.396222 0.00111493 0.000359686 0.00208698 0.586302 2.0472e-05 6.48039e-05 0.000111691 0.000224929 0.00281539 0.000676758 0.00129169 0.00862409 8.54423e-05 
0.0911465 0.0158945 0.132386 0.0313615 0.202176 0.000839508 0.0363902 0.00347947 0.0501607 0.17692 0.0107279 0.00459996 0.243037 0.000880889 
0.0920861 0.143973 0.0260341 0.00169583 0.254259 8.69891e-05 0.0173628 0.00828737 0.0455399 0.370773 0.00533178 0.00517805 0.0282824 0.00110968 
0.18521 0.0297404 0.0145207 0.00220857 0.463686 1.47583e-05 0.0135835 0.00491941 0.00166622 0.265931 0.00233387 0.000252423 0.0158593 7.49949e-05 
0.195764 0.00532537 0.00845623 0.00162034 0.0565749 8.93736e-05 0.00667997 0.0155071 0.0570623 0.606831 0.00629317 0.00174085 0.0371392 0.000915522 
0.0518061 0.00416244 0.0147209 7.99082e-07 0.0407602 3.91708e-07 1.35742e-06 0.00213658 0.619443 0.211133 0.0287332 0.000511409 0.026575 1.57005e-05 
0.0202108 0.00426643 0.0106383 0.00399285 0.00576753 2.23286e-06 9.77658e-05 0.0440933 0.268314 0.0267756 0.349817 8.7263e-05 0.264871 0.00106649 
0.107393 0.0246364 0.00111799 0.000782741 0.0311845 4.50604e-06 0.000923823 1.09988e-05 0.383162 0.277415 0.133461 0.000113383 0.0394526 0.000341951 
0.0476981 0.053316 0.00720728 0.029832 0.0728732 0.000847259 0.00499557 0.00412657 0.402518 0.117757 0.087588 0.00307275 0.0879377 0.0802311 
0.00567974 0.000427743 4.17863e-05 2.09805e-05 0.83903 6.83114e-06 0.00202447 3.16512e-05 0.086621 0.010803 0.0535052 5.73594e-05 0.00154089 0.000208905 
0.0345009 0.0128704 0.0443365 0.000660707 0.549584 2.25661e-05 0.0130749 0.00347556 0.0407009 0.284133 0.00938188 0.00220106 0.00496715 9.08141e-05 
0.43677 0.0083661 0.00388954 0.00018223 0.258108 5.82169e-05 0.00032248 0.0408888 0.127063 0.0992333 0.000915466 0.00439613 0.0178547 0.00195147 
0.223538 0.0180531 0.00801415 0.00248965 0.37625 2.35003e-05 0.00914689 0.0393615 0.00548195 0.19685 0.0308205 0.0454189 0.0388485 0.0057033 
0.147492 0.0254385 0.0553237 0.00501853 0.229714 9.83102e-05 0.0120917 0.0269307 0.0270627 0.434242 0.00496131 0.00484461 0.0264746 0.000307438 
0.0470008 0.0517359 0.038929 0.00137311 0.493173 1.00418e-05 0.0594077 0.000470786 0.00469904 0.259929 0.0261853 0.00070292 0.0162536 0.000129358 
0.298793 0.00562513 0.00079035 0.0252565 0.390697 4.06551e-05 0.00331783 0.0238947 0.00706765 0.00745226 0.0209699 0.0268072 0.0164952 0.172792 
0.00365001 0.00350479 0.0322493 1.54273e-06 0.0179268 4.95162e-07 2.17786e-05 7.15131e-07 0.857579 0.0108468 0.0349274 0.000344244 0.018057 0.0208902 
0.09411 0.046203 0.0770624 0.0016226 0.257502 1.86742e-05 0.0154731 0.008733 0.0227298 0.44252 0.00578371 0.0034643 0.0246237 0.000154336 
0.491448 0.0172287 0.0739511 0.00101681 0.013872 1.48713e-08 0.00465405 0.000136265 0.191505 0.115268 0.00982555 5.06084e-05 0.0810423 1.21356e-06 
0.0974925 0.00718783 0.00235808 3.92856e-05 0.0199723 3.03257e-05 0.00215549 0.00255939 0.377668 0.220085 0.0153551 3.54648e-05 0.254921 0.000139621 
0.166413 0.0017902 0.000101038 0.00126697 0.806584 1.80223e-05 0.000410209 0.000718373 0.000268861 0.00220744 9.46932e-05 0.000258292 0.0198103 5.8309e-05 
0.123175 0.00968959 0.246729 8.91113e-08 0.0604656 7.37515e-08 0.0469477 0.0109248 0.237022 0.146049 0.0526327 8.06047e-05 0.0662732 9.76323e-06 
0.116688 0.0139482 0.000402602 2.27926e-05 0.0186469 1.62472e-09 0.00357168 0.0172069 0.0100293 0.174293 0.0246309 8.65708e-07 0.620558 1.75516e-06 
0.106756 0.00828898 0.166031 0.0014866 0.423784 0.000487061 0.00818169 0.00133456 0.0222371 0.236211 0.0107653 0.000493166 0.0121943 0.0017496 
0.402379 0.0937931 0.0201675 0.00404641 0.115993 0.00031586 0.0349611 0.0161984 0.105081 0.11354 0.0245867 0.000873254 0.0658687 0.00219684 
0.552271 0.0180569 0.000309735 0.00146316 0.349421 7.27846e-05 0.0023365 0.000286911 0.00314613 0.052323 0.000176711 0.0181175 0.00188758 0.000130746 
0.00283906 0.00543204 7.90288e-05 7.86516e-05 0.00232734 3.45357e-06 0.00037239 0.000723124 0.00563688 0.00193518 0.000738723 2.73316e-05 0.00380664 0.976 
0.0439019 0.119196 0.0366543 0.00628606 0.319403 0.000397761 0.0229636 0.0201628 0.0328744 0.356392 0.00791942 0.00326017 0.0296577 0.000930826 
0.0624614 0.0648909 0.0398499 0.00173082 0.469699 9.70444e-05 0.0176656 0.0113847 0.188945 0.102546 0.00930689 0.00319874 0.0220025 0.00622149 
0.438746 0.084806 0.00817994 0.00257567 0.207245 9.79953e-05 0.0158273 0.00259509 0.029195 0.180847 0.000800277 0.00397445 0.0199033 0.00520691 
0.222055 0.0116603 0.00518626 0.000254355 0.133755 0.000123234 0.00245589 0.0835846 0.0184832 0.376094 0.00528234 0.000258083 0.137425 0.00338279 
0.373087 0.00696659 0.000506448 0.0354396 0.505486 6.80521e-05 0.00253008 0.0195988 0.00162861 0.0115145 0.000464772 0.033055 0.00956385 9.05991e-05 
0.542567 0.0438742 0.0141684 0.058996 0.103423 3.2322e-05 0.0449606 0.00171172 0.00195669 0.106434 0.00247559 0.00209607 0.0766262 0.000678534 
0.0852805 0.0098566 0.00143688 0.0241868 0.109246 4.10638e-05 0.0114843 0.0411847 0.0188897 0.025763 0.0114086 0.000351089 0.0501624 0.610708 
0.0398231 0.00692021 0.00481892 0.0843025 0.364338 0.000188669 0.000212105 0.00698891 0.314366 0.0235688 0.00114221 0.111882 0.0408926 0.000556386 
0.136105 0.0217169 0.0389278 7.38868e-05 0.0130455 2.12321e-07 0.0238511 0.00196072 0.397949 0.071455 0.0826284 0.0485073 0.16377 9.02148e-06 
0.283698 0.0901593 0.000593597 0.000191134 0.000882825 0.00010469 0.00140359 0.00162918 0.271525 0.114629 0.000337102 0.000116648 0.00619599 0.228533 
0.0238602 2.0059e-07 0.000310589 0.000355843 0.199224 4.64796e-08 4.15145e-05 0.00863902 0.00355131 0.0266138 0.00623475 0.00025655 0.00774883 0.723163 
0.24537 0.0308426 0.037369 0.0038681 0.113064 0.000289699 0.0114302 0.0280406 0.0170762 0.459549 0.00898049 0.00401916 0.03962 0.000481303 
0.0229064 0.0249303 0.0102766 0.00123143 0.145199 0.000190847 0.0103017 0.00118879 0.0301407 0.642176 0.00157299 0.00831517 0.101162 0.000408015 
0.0508987 0.0533582 0.000421434 0.000146485 0.121282 5.91523e-05 0.00107339 8.16057e-05 0.153647 0.569346 0.0450875 0.000310414 0.000628173 0.00365985 
0.0822891 0.0175465 0.0137793 0.00098964 0.118678 4.0116e-05 0.0107123 0.012253 0.0131188 0.698136 0.000608641 0.0103193 0.0120797 0.00944893 
0.607763 0.0543183 0.0428802 0.000152328 0.0918198 4.49315e-05 0.0332503 0.0183299 0.0182354 0.060081 0.0127455 0.00187547 0.0581209 0.000383261 
0.54503 0.00335829 0.000435491 0.000103873 0.220251 1.9935e-05 0.00398747 0.000217625 0.058061 0.113521 0.0193353 0.00015043 0.0353958 0.000132426 
0.0173775 0.0156611 0.102616 0.00991576 0.118079 2.017e-10 0.018189 0.000148756 0.164582 0.463763 0.0171023 5.20614e-05 0.0149662 0.0575476 
5.72529e-06 8.60158e-06 0.101571 3.28792e-06 0.0120283 1.73229e-08 4.31505e-06 2.05541e-06 0.879933 4.25601e-06 0.00478905 1.27351e-06 8.82284e-06 0.00164097 
0.225582 0.0510917 0.309851 5.11741e-05 0.000716223 2.72299e-09 0.110844 2.79234e-05 0.00758825 0.254867 0.0357766 3.40546e-06 0.00360123 1.21884e-07 
0.309299 0.0176477 0.00496046 0.000249417 0.0622148 0.000248885 0.0141092 0.0161975 0.0145099 0.170036 0.00322044 0.000366756 0.0118865 0.375054 
0.433711 0.118039 0.0118976 0.0025452 0.0521007 0.0020112 0.0886956 0.0144603 0.0221207 0.179863 0.0145111 0.00209261 0.0557879 0.00216324 
0.0775682 0.0333646 0.182045 0.000174502 0.105208 3.05088e-05 0.00948264 0.0188953 0.0992706 0.0636126 0.00944453 0.000234186 0.0569454 0.343724 
0.105041 0.167318 0.0504625 0.000162951 0.0733981 6.23603e-07 0.336662 0.0523194 0.0144468 0.138837 0.0114707 5.22969e-05 0.0492121 0.000617087 
0.548266 0.00488135 0.000336624 0.0026414 0.414609 2.78348e-05 0.00103406 0.00447101 0.000209708 0.0031789 0.00107261 0.000994354 0.0182033 7.45465e-05 
0.381146 0.0280029 0.0198269 0.0114922 0.0294961 3.10572e-07 0.0147909 0.0181509 0.125623 0.0632869 0.0267566 0.000932578 0.280494 3.10642e-07 
0.226786 0.00159207 0.0152089 0.000246576 0.0232045 4.0301e-07 0.0851757 0.0215432 0.284315 0.0566978 0.0712781 2.17238e-05 0.212448 0.00148224 
0.302955 0.172434 0.00226142 4.79777e-05 0.0192516 6.3955e-06 0.00471454 0.000242963 0.000847148 0.492436 0.00075693 7.2014e-05 0.00395105 2.24787e-05 
0.207049 0.324136 0.0626633 2.72182e-05 2.72373e-05 2.72165e-05 2.72301e-05 2.72363e-05 0.149825 0.256082 2.72329e-05 2.72326e-05 2.72391e-05 2.72227e-05 
0.583964 0.017689 0.00189546 0.000523694 0.099925 0.000235913 0.00293351 0.00350318 0.119891 0.157017 0.000320269 0.00719078 0.00464651 0.000265113 
0.10405 0.0259165 0.00417487 0.00045151 0.0273887 5.57814e-06 0.0356175 0.002873 0.389872 0.0806027 0.0734436 0.000955961 0.25463 1.79295e-05 
0.0126792 0.0125704 0.00135024 0.00269659 0.035498 2.63088e-08 0.0041274 0.0463401 0.03019 0.816424 0.00360084 3.90651e-05 0.0342808 0.000203436 
0.482759 0.00564928 0.00431904 0.15909 0.0524225 2.91605e-06 0.00222934 0.00143218 0.00116053 0.281413 0.00155761 2.00973e-05 0.00794121 3.2646e-06 
0.0852362 0.0249095 0.00882721 0.0027803 0.258727 3.25294e-05 0.00642586 0.00810415 0.0149825 0.549464 0.000841565 0.018041 0.0209814 0.000646861 
0.18692 0.00509582 0.00255983 0.000791781 0.128206 0.000231387 0.143974 0.00134291 0.231772 0.120274 0.0349194 0.0657359 0.0682512 0.00992635 
0.00228185 0.000220219 0.000110773 7.10691e-06 0.00370738 5.80538e-09 1.16338e-05 0.000406435 0.00535105 0.000849347 0.000847132 6.46788e-05 0.000435415 0.985707 
0.334286 2.80447e-05 5.91851e-07 3.73084e-08 1.02476e-05 3.9462e-10 9.84905e-07 1.0227e-05 0.104733 1.52895e-05 3.55489e-05 8.87215e-07 0.560879 5.65761e-07 
0.161391 0.00423459 0.0238091 0.00433063 0.21256 0.000270515 0.00662353 0.141432 0.0274187 0.361064 0.00295205 0.00125305 0.0485402 0.00412118 
0.0103414 0.00559586 0.00493553 0.000491935 0.0446892 6.57585e-05 0.00276337 0.0181501 0.00745852 0.0166151 0.000199458 0.872113 0.00469549 0.0118853 
0.190372 0.0279662 0.0138467 0.00100595 0.0811876 0.000334925 0.00453352 0.00558502 0.289122 0.313448 0.00656563 0.000389342 0.0644795 0.00116302 
0.0892584 0.0184639 5.09902e-07 5.15576e-06 0.000142166 4.52347e-08 2.90901e-05 4.57425e-05 0.794518 0.061067 0.00787898 1.96604e-06 0.0282412 0.000347355 
0.416453 0.108961 0.000300016 0.010762 0.0608607 4.53441e-08 0.024889 0.00429354 0.0497206 0.305952 0.00193722 2.37637e-05 0.0106369 0.00521019 
0.427615 0.0184429 0.00635223 0.00328718 0.230417 7.15907e-05 0.00889919 0.00608358 0.0144674 0.255863 0.00295661 0.00117812 0.0242584 0.000107834 
0.346666 0.00823962 0.00144054 8.82489e-05 0.06487 4.14179e-06 0.00573901 0.00770256 0.00303202 0.513041 0.000729492 0.0415731 0.00666793 0.000206485 
0.664119 0.0893791 0.00247107 0.000161388 0.0692654 5.03229e-05 0.00917205 0.00203747 0.0233492 0.123293 0.000369409 0.000117859 0.00432954 0.0118846 
0.0497561 0.0242705 0.0267131 0.00197924 0.0066945 0.000259639 0.0213814 0.0210131 0.311822 0.134619 0.110415 0.00713468 0.283355 0.000586715 
0.302267 0.00453388 0.001034 0.00843414 0.590656 4.44151e-05 0.00147453 0.0508275 0.000741578 0.0198049 0.00102137 0.010989 0.00803623 0.000135504 
0.0548261 0.00197679 0.00510854 0.00186609 0.705142 0.000657843 0.00539723 0.00619769 0.0139082 0.111753 0.00863128 0.0604915 0.0231142 0.000928786 
0.0227467 0.00154117 0.082494 0.0593632 0.00987736 5.22773e-08 0.590806 0.0092756 0.0129188 0.088815 0.0227214 0.0668047 0.0307595 0.00187673 
0.362302 0.0164697 0.0750996 0.0140322 0.177004 5.6803e-05 0.0143361 0.0296923 0.0256166 0.197027 0.0155684 0.0199712 0.0524799 0.000343299 
0.492879 0.0408909 0.0647315 0.000366687 0.0620318 1.82087e-05 0.0215887 0.00434583 0.0151053 0.256651 0.00483002 0.00171094 0.0338051 0.00104488 
0.00417476 0.0295435 0.209124 5.86612e-05 0.0425644 1.21874e-08 0.000957111 0.00107295 0.483547 0.0797802 0.0650633 1.58828e-06 0.0841035 8.99117e-06 
0.458877 0.0260426 0.0499745 0.000593792 0.0578219 0.000321526 0.030627 0.0101711 0.021634 0.167105 0.0811579 0.0028371 0.092265 0.000571522 
0.253368 0.0123239 0.00311106 2.76573e-06 0.00486781 1.09255e-08 0.000404601 7.81642e-07 0.674848 0.0243389 0.00647609 1.53547e-06 0.020234 2.25923e-05 
0.585907 0.0713518 0.0205219 0.000798601 0.0377399 0.000223896 0.0367103 0.0052438 0.0647269 0.129784 0.00215083 0.000379766 0.043832 0.000630035 
2.6447e-05 2.64435e-05 2.64407e-05 2.64262e-05 0.0714274 2.64245e-05 2.64378e-05 0.174555 0.153399 2.64472e-05 0.0423314 2.64402e-05 0.55805 2.64305e-05 
0.00341763 0.0015004 0.000523218 8.76236e-05 0.222341 1.47584e-08 0.00541389 0.00169399 0.00553362 0.055379 0.00172335 0.000209215 0.0155173 0.686659 
0.0272445 7.01834e-05 9.65721e-07 0.00342053 0.000227929 4.35343e-10 0.000150867 0.000277073 0.878003 0.00241955 0.0355664 1.37368e-06 0.0525807 3.70664e-05 
0.0502925 7.55029e-07 0.0129104 0.00633883 0.00853299 7.54488e-07 0.043632 7.55036e-07 0.00475743 0.0217487 0.282273 7.54935e-07 0.56951 7.54659e-07 
0.757674 0.0891294 0.000897233 2.79597e-05 0.0221664 8.60125e-06 0.0310274 0.0158722 0.00137311 0.0564619 0.00471409 3.04717e-05 0.0205179 9.99412e-05 
0.240506 0.031782 0.000942344 0.0948181 0.0168864 3.7857e-05 0.018948 0.000743806 0.0487927 0.198197 0.0582247 0.000731403 0.289291 9.97688e-05 
0.166413 0.0017902 0.000101038 0.00126697 0.806584 1.80223e-05 0.000410209 0.000718373 0.000268861 0.00220744 9.46932e-05 0.000258292 0.0198103 5.8309e-05 
0.000424449 0.000296237 0.00143605 2.78222e-05 0.0115198 8.74763e-06 0.000946453 0.000265741 0.540095 0.43339 0.00292772 1.64522e-05 0.00825427 0.000391544 
0.0847221 0.0791377 0.123201 0.00176699 0.328027 6.14077e-07 0.0149323 0.000154086 0.0033869 0.351251 0.000634776 0.00231358 0.0103796 9.21072e-05 
0.117703 0.0224131 0.0108944 0.000933704 0.0967594 0.000196597 0.0247379 0.000600497 0.0242682 0.0952668 0.00320562 0.565607 0.0280703 0.00934322 
0.137672 0.0025668 0.00163128 0.000366493 0.00926009 0.000123653 0.0150169 0.00559745 0.0118402 0.0639246 0.730311 0.000162014 0.0157664 0.00576164 
0.0183519 0.0234286 0.00225086 0.0085398 0.392213 3.54049e-05 0.00344743 0.0295325 0.0120008 0.365735 0.00142567 0.0850734 0.0553452 0.00262026 
0.215324 0.0174631 0.0230862 0.00208811 0.0163192 7.46891e-05 0.00570698 0.00884346 0.0909921 0.349112 0.22021 7.57397e-05 0.0496326 0.00107196 
0.0644449 0.0420845 0.0229426 0.0017167 0.0575552 2.26538e-06 0.0330637 0.00143233 0.660893 0.0915027 0.00283553 2.22818e-05 0.0212754 0.00022937 
0.00511635 3.5151e-05 0.000595779 5.92668e-05 0.00410052 6.57888e-06 0.000150659 7.47878e-06 0.00500483 0.00235019 0.00284904 3.35197e-05 0.00100663 0.978684 
0.158239 0.0170647 0.0131824 0.00121451 0.0351171 0.000337591 0.0144163 0.0160311 0.0480266 0.630427 0.0115952 0.00514363 0.0488207 0.000384756 
0.214594 0.0250421 0.00861908 0.00117241 0.079504 0.000337234 0.0412629 0.00656038 0.0598176 0.451333 0.0316113 0.0300294 0.0473697 0.00274684 
0.0323881 0.00376034 0.0753594 0.00143685 0.0199967 0.000442045 0.00926628 0.00139849 0.0240947 0.0644038 0.725513 0.00116231 0.0399245 0.000853489 
0.0244796 0.0381001 0.0553192 0.00278777 0.606481 4.9958e-06 0.0114991 0.0316609 0.0127471 0.164588 0.009075 9.34578e-06 0.0431564 9.21597e-05 
0.0907025 0.00692263 0.000646086 0.00486966 0.0668771 2.50379e-06 8.15442e-05 1.70685e-05 0.711148 0.0959837 0.000578874 7.9527e-06 0.0221551 6.84814e-06 
0.0154147 0.00649212 0.00482468 0.00241426 0.483121 9.00346e-05 0.00209255 0.0436888 0.00291021 0.282219 0.000804485 0.135108 0.0181781 0.0026418 
0.0898855 0.00978334 0.0315401 0.00349305 0.191544 0.000129522 0.0619178 0.0161975 0.0419044 0.443142 0.0628473 0.00329805 0.0436868 0.000630158 
0.162075 0.00323175 7.47146e-05 5.39145e-06 0.00205943 4.59609e-07 0.00199522 2.038e-06 0.487245 0.0669619 0.0996769 1.91982e-06 0.174775 0.00189593 
0.169356 0.0600189 0.000290992 0.00112881 0.0272885 2.06933e-05 0.00215277 0.647883 0.00114266 0.0552364 0.00297695 0.00222462 0.0302473 3.30235e-05 
0.005233 0.00741643 0.00746275 0.000435245 0.378661 6.94115e-05 0.0049822 0.000418702 0.267679 0.119705 0.0325634 0.0240818 0.0142273 0.137064 
0.0108558 0.440863 0.0717349 0.000678337 0.0604602 2.50998e-07 0.0143911 0.00971302 0.106853 0.16023 0.0150606 0.000174193 0.108869 0.000115776 
0.0592601 0.192552 0.0239056 0.000665911 0.0726049 0.000144982 0.0157671 0.0234139 0.0104579 0.545693 0.00507393 0.00221905 0.0480582 0.000184076 
0.325807 0.0121979 0.00267331 0.000987677 0.421124 0.000219026 0.00339111 0.0240553 0.0200357 0.0456683 0.00233042 0.00160021 0.0287818 0.111128 
0.412706 0.0938516 0.00821823 0.000586898 0.0504994 0.000572435 0.0132338 0.0423022 0.196653 0.0940867 0.0084627 0.000677106 0.0772277 0.000922365 
0.222531 0.00587857 0.000392945 2.56602e-05 0.0182532 1.78476e-05 0.00296728 0.0121805 0.012479 0.692882 0.000634912 0.0168729 0.0147641 0.000119995 
0.288136 0.0565087 0.0199456 0.0122333 0.113968 3.79519e-05 0.0281034 0.00233355 0.0280744 0.425208 0.00242507 0.00242934 0.0195071 0.00108917 
0.747367 0.0324988 0.00143683 6.92275e-05 0.0557277 2.7736e-05 0.0164822 0.0066569 0.021642 0.098043 0.00114302 0.000141675 0.0142339 0.00452984 
0.349489 0.163734 0.0523547 0.00022923 0.200344 4.43627e-05 0.0905345 0.00122027 0.00930166 0.0444127 0.00134067 0.00528619 0.0812659 0.000443461 
0.0992462 0.000294018 0.000800008 0.00132641 0.206923 8.50401e-06 0.00914239 0.00819325 0.0793739 0.0209735 0.0164168 0.0371611 0.0224036 0.497738 
0.118043 0.00432974 0.0117472 0.0252229 0.12415 0.000505713 0.0119186 0.0398267 0.150292 0.178954 0.0315207 0.00053775 0.301126 0.00182649 
0.177701 0.0860316 0.0566803 0.000369849 0.0675867 2.67791e-05 0.0754574 0.00580502 0.0303531 0.355114 0.0254147 0.0112574 0.108003 0.000199347 
0.325331 0.0201013 0.00515517 0.00106925 0.486908 6.39501e-05 0.000848702 0.00319933 0.070068 0.0688074 0.00337529 0.0113233 0.0036614 8.77136e-05 
0.121307 0.0339907 0.0267761 0.00772103 0.0643235 0.000518777 0.0980452 0.0297354 0.0407133 0.0424197 0.135151 0.0111365 0.380278 0.00788358 
0.182805 0.0142361 0.00764612 0.00569682 0.452317 0.00214507 0.0041234 0.0111637 0.010946 0.113693 0.00412848 0.0287763 0.028827 0.133496 
0.0375904 0.0017411 0.0152357 0.000450386 0.185618 2.93599e-05 0.000393871 0.0949609 0.140393 0.49966 0.0013008 0.000260055 0.0198931 0.0024723 
0.15187 0.0170822 0.0975341 0.0253149 0.0668845 0.000138384 0.0924314 0.0112983 0.0875913 0.388722 0.00500427 0.000225107 0.0546747 0.00122918 
0.0120574 0.00197758 0.0110152 5.83744e-05 0.0489057 1.98034e-05 0.0018209 0.0147333 0.0323778 0.0141469 0.0124678 0.00115423 0.018464 0.830801 
0.021538 0.00752733 0.0179611 0.000364905 0.0760042 1.73334e-05 0.00314616 0.012434 0.0229445 0.0337859 0.0060512 0.000274429 0.00559595 0.792355 
0.0242564 0.00251279 0.00290091 0.000495792 0.0820922 9.19673e-05 0.00520454 0.00537106 0.00408702 0.0209902 0.00145286 0.642269 0.00358106 0.204694 
0.506232 0.0108701 0.00225295 0.000314692 0.178873 0.0002526 0.00476194 0.0112607 0.0201725 0.207105 0.00376765 0.0181106 0.0352083 0.000817904 
0.139405 0.0813692 0.00424671 5.90102e-05 0.0523139 2.88075e-06 0.153346 0.0138589 0.00720102 0.49448 0.00204951 0.00120465 0.050433 2.98074e-05 
0.00122867 0.0012285 0.00122837 0.0012277 0.00122856 0.00122762 0.00122824 0.00122852 0.984032 0.00122868 0.00122836 0.00122835 0.00122865 0.0012279 
0.106569 0.0978826 1.23873e-05 1.23805e-05 0.0879761 1.23798e-05 1.2386e-05 1.23887e-05 0.381582 0.32464 1.23872e-05 1.23871e-05 1.23901e-05 0.00125064 
0.0859245 0.0238398 0.00379463 0.00101067 0.0865907 0.000223496 0.024489 0.00197867 0.0937784 0.203162 0.00148658 0.453043 0.0203025 0.000376023 
0.0120574 0.00197758 0.0110152 5.83744e-05 0.0489057 1.98034e-05 0.0018209 0.0147333 0.0323778 0.0141469 0.0124678 0.00115423 0.018464 0.830801 
0.0131849 0.00254254 0.0141622 7.50346e-05 0.0518364 2.54469e-05 0.00181406 0.0189426 0.0350229 0.0149956 0.0160299 0.00137936 0.0132269 0.816762 
0.401243 0.0363198 0.000746935 0.0183723 0.459615 3.74539e-05 0.0023337 0.02003 0.00218512 0.0154828 0.000493591 0.00508694 0.0379442 0.000109365 
0.416229 0.0118194 0.0121104 0.00114703 0.048317 0.000496993 0.0201148 0.00484473 0.107387 0.29349 0.0196006 0.00350232 0.0593632 0.00157726 
0.0806877 0.0691188 0.0205395 0.000314408 0.192631 0.000109416 0.0262727 0.016099 0.0706894 0.408052 0.0057579 0.000273195 0.0204467 0.089008 
0.00496435 0.00649525 0.0035105 0.00781694 0.388072 4.3552e-05 0.00498181 0.00271287 0.175492 0.387192 0.00842089 0.00150115 0.0066436 0.00215239 
0.548266 0.00488135 0.000336624 0.0026414 0.414609 2.78348e-05 0.00103406 0.00447101 0.000209708 0.0031789 0.00107261 0.000994354 0.0182033 7.45465e-05 
0.188239 0.0463982 0.0944839 0.00105449 0.042392 9.71495e-05 0.021789 0.00537567 0.141911 0.162814 0.00273805 0.000362058 0.041809 0.250536 
0.0373331 0.172305 0.506268 0.000292198 0.148444 3.6357e-07 0.0296832 0.000237971 0.0111415 0.0383134 0.000964891 7.44102e-07 0.0541923 0.000823503 
0.0714482 0.0714387 0.0714311 0.0713918 0.0714422 0.0713875 0.0714232 0.0714393 0.0714386 0.0714486 0.0714305 0.0714297 0.0714469 0.0714037 
0.0240203 0.107626 0.216135 0.000205771 0.0363459 1.90087e-06 0.00849355 0.00585634 0.39194 0.19 0.00232968 9.07766e-06 0.00990149 0.0071352 
0.0557528 0.0372497 0.00885596 0.00118327 0.0125234 1.12366e-05 0.0027608 0.0383966 0.602875 0.137885 0.00214751 3.21914e-05 0.100241 8.49438e-05 
3.91521e-08 0.0200726 2.20114e-06 1.32359e-05 0.39588 5.1072e-09 0.00468216 0.0923041 0.00478861 0.308324 5.59393e-05 0.168253 0.00556982 5.37355e-05 
0.212936 0.0482686 0.175885 0.00143653 0.018382 1.75835e-05 0.00187933 0.00705 0.0104998 0.433846 0.0434921 0.0103182 0.0359549 3.31124e-05 
0.611912 0.014163 0.000462134 0.000154548 0.00825165 6.55208e-06 0.0851291 0.00930184 0.0268224 0.177878 0.00241896 3.64132e-05 0.0612803 0.00218308 
0.247691 0.0366918 0.0213192 0.00423019 0.0415152 0.000841149 0.0183111 0.011145 0.0345887 0.504759 0.0252996 0.000961231 0.0504508 0.00219544 
0.799573 0.00526187 0.00194317 0.000261405 0.0420231 2.72807e-05 0.010646 0.00658431 0.00724287 0.0934298 0.0049576 4.93154e-05 0.0273481 0.000652126 
0.059253 0.0175524 0.00313698 0.000533225 0.315476 0.000222549 0.00212096 0.000337218 0.0635584 0.38303 0.00101165 0.128448 0.0247534 0.000565519 
0.0176745 0.0320413 0.070087 3.19439e-05 0.00967525 1.96197e-07 0.00108949 0.0134972 0.00496685 0.666556 0.0241924 3.97424e-07 0.158379 0.00180937 
0.00283906 0.00543204 7.90288e-05 7.86516e-05 0.00232734 3.45357e-06 0.00037239 0.000723124 0.00563688 0.00193518 0.000738723 2.73316e-05 0.00380664 0.976 
0.0632695 0.014846 0.262748 0.00390987 0.0280726 9.6176e-05 0.00617636 0.00966962 0.0158637 0.480346 0.0111369 0.000527546 0.00877138 0.094567 
0.603627 0.0143289 0.0182676 9.00913e-06 0.0211973 1.41511e-08 0.00890125 0.0797263 0.0399054 0.0915097 0.0825746 0.000300719 0.0396409 1.13163e-05 
0.00565285 0.0258373 6.19131e-05 0.000145695 0.0114175 1.77508e-06 3.55494e-05 3.6965e-05 0.00714173 1.11682e-05 0.0191242 0.000134127 0.000607462 0.929792 
0.610499 0.00984368 0.010618 0.000144518 0.03651 0.000105944 0.0762903 0.071373 0.0027038 0.0338697 0.00437453 0.000527479 0.138576 0.00456421 
0.100686 0.291149 0.0760271 5.05592e-05 0.00117187 3.58332e-05 0.000793134 0.0289248 0.00658361 0.476158 0.00924296 5.83755e-05 0.00888949 0.000229018 
0.0245488 0.0102421 0.703035 0.000206974 0.011528 1.33295e-06 0.0277024 0.00886726 0.0737045 0.0630082 0.0358356 5.32911e-06 0.0413091 5.17434e-06 
0.156241 0.0603354 0.0314329 0.00238123 0.465736 0.000119643 0.0191303 0.00781587 0.0151871 0.170229 0.0123727 0.0101612 0.0106474 0.0382101 
0.00293362 0.000241446 5.27563e-05 0.972793 0.000332214 1.43713e-09 9.86906e-07 0.000190253 9.26914e-05 0.000338578 0.000470124 1.92525e-05 0.0225297 5.75888e-06 
0.354484 0.029725 0.0407737 4.42041e-05 0.0813984 3.92926e-05 0.0523867 0.0180427 0.288202 0.0237978 0.00693427 0.00314788 0.100367 0.000656915 
0.182528 0.0971104 0.0119883 0.00199594 0.107644 0.000656147 0.010858 0.0597854 0.0486016 0.324108 0.0271898 0.00529514 0.119523 0.00271566 
0.851356 0.0877364 0.000140226 1.46845e-05 0.00888965 9.69332e-06 0.0117963 0.0137453 0.00479812 0.0129164 0.000905585 4.89826e-05 0.00748616 0.000155999 
0.348015 0.000949824 0.000215821 0.00197528 0.636313 2.29874e-05 3.88904e-05 8.19516e-05 0.000134964 0.00168925 0.000406065 0.00160855 0.00845181 9.67727e-05 
0.150328 0.063573 0.0184173 0.0053552 0.0612875 5.57742e-07 0.00479954 0.00619598 0.112075 0.295578 0.0429726 5.58072e-07 0.239416 5.57869e-07 
0.000424449 0.000296237 0.00143605 2.78222e-05 0.0115198 8.74763e-06 0.000946453 0.000265741 0.540095 0.43339 0.00292772 1.64522e-05 0.00825427 0.000391544 
0.0848462 0.00546274 0.0107017 0.004451 0.277368 0.000200443 0.0101848 0.0259647 0.0394366 0.42816 0.0107316 0.0350216 0.0662256 0.00124527 
0.177685 0.0336289 0.0169408 0.00236912 0.416014 1.32283e-05 0.0158474 0.00566274 0.00194391 0.310252 0.00272284 0.000161015 0.0166899 6.87295e-05 
0.221517 0.232961 0.000706275 0.0566482 0.182141 4.25595e-05 0.00400028 0.028731 0.00353049 0.213218 0.00930823 0.0101217 0.037023 5.04131e-05 
0.115846 0.00149455 0.0280764 0.000412717 0.00896868 1.61264e-05 0.0283619 0.029522 0.0102315 0.0204537 0.0439862 0.000112853 0.708717 0.00380097 
0.307761 0.0116175 0.0116199 0.000512337 0.115441 2.78708e-05 0.0191492 0.00512513 0.00528348 0.409136 0.0322944 0.000482963 0.0808483 0.000700749 
0.0794281 0.0286346 0.0417149 0.000412939 0.0853266 8.39154e-05 0.00154291 0.0374844 0.0952096 0.37065 0.0159045 0.000111971 0.239279 0.00421645 
0.112639 0.043232 0.338614 3.25356e-07 0.0187781 5.99653e-10 0.157681 0.00632708 0.00359697 0.149976 0.0399865 1.86893e-07 0.129169 3.28878e-07 
0.659613 0.00686224 0.012063 0.000427666 0.136709 0.000217345 0.0075757 0.0314657 0.0184321 0.0559317 0.0202461 0.000396211 0.0468502 0.0032102 
0.0299612 0.00819262 7.11451e-05 0.000397679 0.226807 1.25478e-05 0.00269388 0.325806 0.24268 0.0521564 0.00219321 0.00160538 0.0957886 0.0116347 
0.274822 0.0679523 0.00143655 0.0133335 0.214696 6.93763e-05 0.0346247 0.0146686 0.0697823 0.2619 0.00422696 0.0124149 0.0299063 0.000167255 
0.170339 0.00925926 0.00228667 0.00666654 0.469875 5.24988e-05 0.00646121 0.00351073 0.00782775 0.302469 0.0011705 0.00309294 0.0167935 0.000196106 
0.0241227 0.000179821 0.0021661 8.37892e-06 0.0875289 2.47124e-07 0.00108758 0.0159057 0.468377 0.0236533 0.164566 0.000183036 0.200899 0.0113223 
0.265945 0.0177511 0.00343824 0.0132058 0.033726 0.00012262 0.0746068 0.0131339 0.0198425 0.0743833 0.349353 0.00607235 0.127293 0.00112659 
0.00780901 0.00107225 0.000190386 2.99898e-07 0.0797066 2.11371e-07 0.0078421 0.000506086 0.527427 0.0349752 0.0111024 0.000500563 0.326308 0.00256039 
0.0182678 0.0169492 0.00819526 0.000342391 0.00144537 2.47185e-06 0.000516578 0.0375564 0.173121 0.0878371 0.592452 3.41288e-06 0.0232831 0.0400278 
0.0113936 0.00114614 0.0016013 8.15405e-05 0.178953 1.16513e-05 0.000600083 0.0116971 0.0438131 0.0262772 0.000121446 0.000164975 0.00411001 0.720029 
0.020742 0.00025204 0.00100973 7.23767e-06 0.00423747 8.33721e-09 0.000256669 0.00010584 0.00523728 0.00392256 0.000143156 6.0259e-05 0.00124626 0.962779 
0.0114697 0.00246757 6.32713e-05 3.01131e-06 0.0237159 1.47565e-09 0.00580417 0.0030514 0.00357755 0.0330494 0.00143705 0.000127236 0.00121996 0.914014 
0.0447928 0.0113211 0.00499465 0.00337492 0.534871 0.000298579 0.0024729 0.0362667 0.0425873 0.195214 0.00275906 0.0590838 0.0590721 0.0028917 
0.296965 0.040107 0.0321284 0.00239516 0.242328 8.43214e-08 0.00144984 0.00214589 0.00851165 0.300206 0.00777063 4.52432e-06 0.0659842 3.34059e-06 
0.0804615 0.0864503 0.612557 4.70172e-06 0.0400402 3.08421e-06 0.00015867 0.00091534 0.0138986 0.135874 0.00322164 4.30869e-05 0.0261595 0.000213005 
0.0239828 0.0360302 0.00992339 0.000568644 0.482606 0.000104065 0.00804186 0.0255429 0.153252 0.15928 0.00125527 0.000380877 0.0988623 0.000169145 
0.517651 0.0615934 0.0111487 0.000530461 0.0611689 0.000123325 0.00604128 0.0191175 0.0504722 0.0661573 0.0254783 0.000398364 0.0444803 0.135639 
0.488248 0.00404478 0.000224423 0.00229812 0.481391 2.87716e-05 0.000689402 0.00322101 0.00013981 0.00211928 0.000715086 0.00129207 0.0155039 8.48235e-05 
0.102592 0.00190062 0.0986577 2.43354e-06 0.0637187 1.51862e-06 0.0271318 0.00419068 0.0278237 0.56082 0.0596771 0.00707093 0.0458558 0.000557333 
0.105184 0.0214682 0.0151198 0.00302103 0.12311 0.00117241 0.00530686 0.287825 0.243086 0.118566 0.0246849 0.00813934 0.0332567 0.010061 
0.323548 0.00864452 0.00329102 0.000192572 0.0142157 1.13148e-05 0.0117442 0.0186975 0.0175006 0.0641666 0.022 8.83247e-05 0.515808 9.16034e-05 
0.0328943 0.0174798 0.331672 0.0048364 0.0869927 2.00805e-07 0.0339254 0.00659972 0.249256 0.130454 0.0305133 6.00013e-06 0.0744499 0.000920203 
0.207049 0.324136 0.0626633 2.72182e-05 2.72373e-05 2.72165e-05 2.72301e-05 2.72363e-05 0.149825 0.256082 2.72329e-05 2.72326e-05 2.72391e-05 2.72227e-05 
0.346666 0.00823962 0.00144054 8.82489e-05 0.06487 4.14179e-06 0.00573901 0.00770256 0.00303202 0.513041 0.000729492 0.0415731 0.00666793 0.000206485 
0.0238602 2.0059e-07 0.000310589 0.000355843 0.199224 4.64796e-08 4.15145e-05 0.00863902 0.00355131 0.0266138 0.00623475 0.00025655 0.00774883 0.723163 
0.0373331 0.172305 0.506268 0.000292198 0.148444 3.6357e-07 0.0296832 0.000237971 0.0111415 0.0383134 0.000964891 7.44102e-07 0.0541923 0.000823503 
0.085003 0.00863986 0.00953985 0.0022708 0.0518158 4.47793e-05 0.0055447 0.0145325 0.0402258 0.725985 0.00363957 0.000403006 0.0478314 0.00452373 
0.193258 0.00197407 5.42213e-05 0.00902989 0.00642477 7.46404e-06 0.00327161 0.0112992 0.00198588 0.710048 0.00577559 1.09655e-05 0.0567814 7.89654e-05 
0.0355688 0.0273632 0.00418694 0.00249596 0.413763 2.05109e-05 0.0122849 0.000988453 0.00383558 0.469679 0.000156707 0.020539 0.00905972 5.83389e-05 
0.488248 0.00404478 0.000224423 0.00229812 0.481391 2.87716e-05 0.000689402 0.00322101 0.00013981 0.00211928 0.000715086 0.00129207 0.0155039 8.48235e-05 
0.147555 0.00112783 0.0501339 9.78629e-05 0.0322848 3.84461e-08 0.00151937 6.2152e-08 0.0283996 0.728437 0.00597064 1.4637e-05 0.00441394 4.55183e-05 
0.08527 0.0121005 0.00149717 1.94751e-07 0.000345222 2.0432e-10 0.00488812 0.000441267 0.802776 0.00100381 0.021638 2.74266e-08 0.0699637 7.64041e-05 
0.0175725 0.0197179 0.00430844 0.000873984 0.00861304 7.89734e-06 0.903706 0.00138061 0.00252809 0.016681 0.0108796 2.20059e-05 0.0136858 2.35716e-05 
0.0654147 0.0903073 0.0130438 0.00216544 0.0647735 0.000584075 0.636582 0.00413523 0.00222177 0.0748701 0.0015657 0.000587027 0.0394193 0.00432956 
1.14289e-05 1.14274e-05 0.0914208 0.114211 0.405705 1.14192e-05 0.0342861 1.14275e-05 0.229702 1.1429e-05 1.14261e-05 1.1426e-05 0.124585 1.14218e-05 
0.0327885 0.00494907 0.0131093 0.000655667 0.0964431 0.000139869 0.00395843 0.00679003 0.017662 0.0324177 0.00359246 0.689209 0.0126485 0.0856362 
0.00260833 2.83273e-08 8.83183e-07 4.48611e-06 0.00450653 4.82872e-09 1.1357e-05 0.000269462 0.000382551 2.20856e-05 1.8365e-06 0.000126981 1.32058e-05 0.992052 
0.0777554 0.0493682 0.00168094 0.000788603 0.0208849 1.32303e-09 0.000378514 7.42762e-05 0.438461 0.0466619 0.2942 1.65035e-05 0.0697286 7.41277e-07 
0.251864 0.00575662 0.000124678 0.0425772 0.648277 3.69838e-05 0.000300083 0.00193113 0.00125686 0.00896616 0.000142963 0.03605 0.00262556 9.05929e-05 
0.157418 0.0478637 0.0124601 0.000177923 0.0731098 2.07341e-06 0.0317566 0.00264122 0.208817 0.291624 0.0307322 0.00103914 0.0953198 0.0470393 
0.0386084 3.13822e-06 0.00565135 3.13616e-06 0.261429 3.13597e-06 0.0210246 0.0247952 0.181392 3.13866e-06 0.038285 0.0194577 3.13858e-06 0.409341 
0.664119 0.0893791 0.00247107 0.000161388 0.0692654 5.03229e-05 0.00917205 0.00203747 0.0233492 0.123293 0.000369409 0.000117859 0.00432954 0.0118846 
0.187267 0.0146469 0.135066 0.0150219 0.0145986 5.82345e-05 0.24206 0.000187448 0.0418516 0.177295 0.090131 0.0215428 0.0601409 0.000131718 
0.14511 0.0239301 0.0439617 0.0359958 0.00831709 6.87395e-07 0.0459143 0.00170589 0.426632 0.179477 0.0608479 1.63439e-06 0.0234066 0.00469896 
0.111189 0.0432965 0.00345597 0.00362583 0.460431 0.000287014 0.00947695 0.00335996 0.0928786 0.239849 0.00810066 0.00273134 0.0146347 0.00668397 
0.0470415 0.00879923 0.622271 6.78139e-06 0.0101886 9.24706e-07 0.000222398 0.00224492 0.0017338 0.25847 0.00551817 0.0312272 0.012244 3.12083e-05 
0.712127 0.0377381 0.00251371 6.27939e-05 0.0606026 3.57325e-05 0.00761889 0.00182294 0.0722231 0.0920526 0.000384854 9.65128e-05 0.00365934 0.00906163 
0.430386 0.0159373 0.00971319 0.000938843 0.132924 7.65695e-05 0.00274212 0.0387794 0.0203651 0.230178 0.0175667 0.00029078 0.0955502 0.00455136 
0.0997376 0.00221798 0.0660459 0.000175468 0.026681 2.00447e-06 0.0126213 0.00791705 0.0176207 0.388693 0.243792 0.000100289 0.114809 0.0195862 
0.240602 0.0283364 0.000786603 0.0038452 0.148655 0.000101872 0.00166853 0.0296715 0.0183119 0.491694 0.000379638 0.0256079 0.010206 0.000133529 
0.0615819 0.00495735 0.00717648 0.000179922 0.128396 4.6183e-06 0.0853397 0.0257691 0.46178 0.00771793 0.0404011 9.10877e-05 0.123694 0.0529103 
0.0100048 0.000462476 0.47493 0.000590639 0.255137 9.7156e-06 0.0955174 6.59115e-05 0.105137 0.0539213 0.000963687 0.000141384 0.00299266 0.000126411 
0.469896 0.0842449 0.00305812 0.00355332 0.212397 0.000452271 0.0112022 0.0113077 0.0969074 0.0648396 0.00843794 0.00054312 0.0321357 0.00102491 
0.0939411 0.0302612 0.00530843 0.000810524 0.082803 8.61429e-05 0.00212907 0.00950022 0.0186564 0.734804 0.00219441 0.00204417 0.0162912 0.00116994 
0.0211869 0.00944186 0.00111067 0.000751391 0.0111479 8.73676e-05 0.00052026 0.729245 0.00967848 0.0557854 0.0101686 0.000103671 0.150627 0.000146183 
0.534402 0.216895 0.0288119 3.48168e-05 0.0100914 2.65767e-09 0.0396709 0.000160375 0.0194114 0.0786006 0.00672091 4.54109e-08 0.0651982 1.78709e-06 
0.535507 0.00860486 0.00190781 0.00974386 0.155097 0.000180031 0.00512664 0.00421167 0.133697 0.0939666 0.0406106 0.00115479 0.00953828 0.000653716 
0.070822 0.132603 0.0172954 3.06348e-05 0.542155 1.07328e-06 0.0157094 0.000829331 0.168949 0.00514754 0.00796299 0.00381014 0.034097 0.000586902 
0.168158 0.0286301 0.000306988 0.00593352 0.072297 2.55757e-06 0.00309168 0.0918073 0.244301 0.00341175 0.136665 0.000353298 0.244716 0.000326753 
0.224532 7.90344e-05 0.00210083 3.55469e-05 0.0869 7.25172e-10 0.0950951 0.00496972 0.51724 0.0328355 0.0128636 8.09184e-05 0.0232676 1.05307e-08 
0.0399213 0.00893409 0.000781031 0.00106424 0.00994085 0.000101103 0.00202129 0.82235 0.004044 0.0265658 0.00571222 0.000288274 0.0780445 0.000230935 
0.0448208 0.0772566 0.0256366 0.00124773 0.277798 0.000235659 0.0121601 0.0192504 0.0433107 0.273925 0.0220789 0.00270592 0.197819 0.00175405 
0.28867 0.0410722 0.029546 0.00516083 0.0923674 3.13146e-05 0.0360872 0.0309441 0.0735498 0.185793 0.111903 0.00605939 0.098652 0.000162556 
0.147668 0.0144716 0.0208798 1.80469e-06 0.00423844 3.26883e-08 0.0289126 0.00973003 0.574272 0.016475 0.0264811 7.44114e-05 0.156606 0.000188989 
0.312007 0.0573014 0.0942381 0.000183797 0.0972601 1.29547e-05 0.0386467 0.000740654 0.054595 0.242378 0.000806174 0.00418384 0.0975376 0.000109217 
0.0270742 0.0671961 0.00313525 0.00100377 0.0573594 7.96606e-05 0.00320384 0.0123463 0.318967 0.412927 0.00304994 0.000126905 0.0268564 0.0666741 
0.454455 0.0131136 0.0209554 0.000303414 0.143052 0.000116348 0.0151699 0.0262023 0.174092 0.102122 0.00710141 0.00197123 0.0304257 0.0109202 
0.539115 0.0533887 0.00271156 0.000392667 0.100724 9.41063e-05 0.0243897 0.000925833 0.0143503 0.237296 0.000818919 0.00376954 0.0214096 0.000613371 
0.0128963 0.0218733 0.0380972 0.000548314 0.293615 0.000110962 0.00536105 0.0336834 0.0724874 0.497029 0.00352478 0.00016459 0.0154638 0.00514429 
0.0750418 0.0294167 0.00169207 8.37507e-05 0.0499424 1.72585e-05 0.035033 0.00482838 0.116019 0.353505 0.00853969 0.00969679 0.316151 3.32934e-05 
0.104107 0.00622544 0.00516878 0.00287012 0.049754 6.74154e-05 0.00607323 0.0536545 0.0165623 0.660769 0.0187577 0.00498623 0.0706487 0.000355926 
0.663468 0.00959294 0.0254053 0.00397101 0.173528 8.60176e-06 0.00140081 0.00783298 0.0125792 0.0773531 0.00672598 0.000131487 0.0179466 5.53151e-05 
0.0908606 0.0416634 0.0318842 0.000621394 0.547446 9.82501e-05 0.00335046 0.0211811 0.0604308 0.145994 0.00341095 0.00292123 0.0496448 0.000492653 
