0.0433755 0.104913 0.0989637 0.00349195 0.0555828 0.000185629 0.522558 0.0043247 0.00295921 0.124471 0.00527315 3.68604e-05 0.0299677 0.00389704 
0.0391877 0.0621093 0.00208491 1.17038e-05 0.00114897 1.08587e-06 0.866981 0.0107718 0.000385984 0.00313271 0.00105396 8.62477e-05 0.0129594 8.48013e-05 
0.155317 0.0660929 0.0103442 0.00211968 0.010038 7.75315e-05 0.452096 0.0016926 0.0604606 0.0654475 0.0126104 0.000121772 0.163352 0.000229222 
0.244115 0.0236884 0.0452816 6.65751e-05 0.0377436 1.4645e-05 0.34557 0.00247587 0.0332018 0.106798 0.0137709 0.00848508 0.138761 2.7673e-05 
0.107478 0.000680146 0.00163224 7.31446e-10 0.011856 4.37124e-07 0.627044 0.0103782 0.0558006 0.0302642 0.044301 5.18541e-05 0.110381 0.000131823 
0.0417253 0.0953247 0.0166792 0.0499129 0.0221992 3.96395e-05 0.67764 0.00185159 0.00234626 0.0700427 0.00219578 5.25555e-06 0.0200152 2.28097e-05 
0.0194418 0.0452013 0.0292174 0.00165873 0.0338365 4.01751e-05 0.585582 0.00087625 0.0281805 0.0499604 0.0391744 9.23709e-05 0.166663 7.56871e-05 
0.00157071 1.00417e-06 0.000934685 4.15837e-06 0.000256712 4.44241e-06 0.909482 9.70729e-07 0.00152929 0.0786951 0.00094217 1.61067e-06 0.00657389 3.35034e-06 
0.00173154 7.64284e-07 1.15225e-06 3.16497e-06 5.87699e-07 3.38116e-06 0.994346 7.38831e-07 7.69349e-07 2.45783e-07 0.00390764 1.22589e-06 3.48438e-07 2.54997e-06 
0.150536 0.00720795 1.91038e-09 5.24738e-09 0.022632 0.248946 0.404721 1.16249e-06 0.101954 0.0291712 0.0348256 3.93945e-06 5.77694e-10 1.57257e-06 
0.190638 0.00493909 0.00831068 0.000998456 0.113554 0.0057248 0.275074 0.017745 0.0225643 0.22856 0.0607953 0.00905533 0.0620113 2.91818e-05 
0.082293 7.85739e-07 0.0484898 7.65325e-10 0.00067629 4.28635e-07 0.338925 0.000260459 0.00275961 0.093526 0.292755 1.39598e-08 0.140314 6.16611e-10 
0.192146 0.0352012 0.0144993 0.000545594 0.00825172 0.00215084 0.299422 0.0998701 0.0223496 0.171719 0.0568132 1.85069e-06 0.0970285 1.4388e-06 
0.160362 0.214867 0.0146191 1.1121e-06 0.0181054 1.81561e-07 0.288958 0.00927744 0.0326903 0.0375689 0.12721 7.14601e-06 0.096333 2.61641e-07 
0.0963969 0.0539902 0.00373483 0.000102048 0.00222063 8.77637e-05 0.442871 0.00111862 0.00815889 0.319328 0.0101399 3.57488e-06 0.0618291 1.86123e-05 
0.0383895 0.161736 0.00405682 0.000131597 0.00488709 4.05797e-05 0.590214 0.0103528 0.00218683 0.0873061 0.0163852 2.36186e-06 0.0829198 0.00139116 
0.124041 0.0627927 0.000486545 8.74057e-06 0.010792 0.000250318 0.424331 5.07261e-05 0.0239006 0.0489257 0.0249539 3.7216e-05 0.277391 0.00203776 
0.242837 0.0170648 0.00596736 1.64711e-05 0.0471526 1.00434e-05 0.350139 6.61603e-05 0.0790208 0.159462 0.0598937 1.33081e-05 0.0382759 8.04057e-05 
0.0130215 0.0269647 0.146155 1.26772e-06 0.295014 1.30536e-05 0.331254 1.7189e-06 0.00289981 0.128622 0.0540034 1.11601e-06 0.00204849 1.02611e-08 
0.00790456 8.81878e-06 0.109782 1.84678e-06 0.000197467 8.18052e-09 0.673491 1.34789e-06 0.129557 0.000303064 0.0143416 2.40416e-07 0.0644054 5.21074e-06 
0.05424 0.000503823 5.89676e-09 5.67023e-06 0.00067967 2.15467e-06 0.521039 0.114915 6.38144e-05 0.000929097 0.0317356 6.27364e-09 0.275886 1.30498e-08 
0.152913 0.229646 4.49737e-06 3.70243e-06 0.0518434 1.89911e-09 0.472075 3.00714e-06 0.00303875 0.0612309 0.00605287 6.88552e-10 1.11326e-05 0.0231774 
0.1094 0.00581862 0.00105709 5.26685e-05 0.00204207 0.00442225 0.4001 0.0961719 0.00888088 0.0634478 0.0363309 2.1549e-05 0.272223 3.16435e-05 
0.0010585 0.00418493 0.017309 2.65136e-06 0.0837191 4.03575e-05 0.842109 0.000384579 0.0168567 0.0231485 5.89207e-05 0.00299484 0.00428809 0.00384498 
0.129688 0.0256288 0.0165242 0.000428712 0.0630816 0.00338524 0.450593 0.000534504 0.0857417 0.0813164 0.0430138 6.76463e-05 0.0991585 0.000837103 
0.131445 0.0112345 0.0269263 0.000259606 0.0757976 6.64048e-05 0.42446 0.000194364 0.0024629 0.0854834 0.168836 5.23344e-06 0.0728249 3.96045e-06 
0.0451756 0.0997801 0.0143304 5.84261e-05 0.102185 0.00031507 0.555736 0.0143018 0.0681464 0.0413832 0.00526229 4.55797e-05 0.0528945 0.000385321 
0.0737365 0.13523 0.000546467 5.00118e-06 0.169042 0.000642666 0.484257 0.00224565 0.00347967 0.110761 0.000462007 3.12237e-05 0.0133893 0.00617165 
0.0751159 0.0102759 0.000386244 3.19598e-05 0.00590923 3.12957e-05 0.787345 3.4451e-05 0.0368916 0.0607458 0.000657327 1.84124e-05 0.022546 1.12119e-05 
0.0191843 0.00388203 1.66507e-05 0.000971761 0.0559681 1.29839e-06 0.435373 0.0180732 0.400535 0.0458329 0.0189644 0.000681831 0.000514346 9.79207e-07 
0.130196 0.0668334 0.124431 0.00194582 0.0249352 5.28021e-05 0.368766 0.000663898 0.0214327 0.169352 0.027586 3.2667e-05 0.0629496 0.000823623 
0.126812 0.0398154 0.0021559 0.000246583 0.00249615 0.000339648 0.466779 0.0152051 0.00314199 0.119376 0.00422168 1.63055e-08 0.219412 8.06677e-11 
0.0535982 0.0458888 0.000335479 3.0508e-05 0.00468873 5.18483e-05 0.503093 0.00119454 0.00165412 0.349104 0.00090278 1.53309e-06 0.039456 9.42371e-07 
0.186345 0.00211589 0.00327441 0.00311258 0.0110045 5.66929e-05 0.490501 0.0214591 0.0355605 0.11553 0.0364115 2.8003e-05 0.0945994 1.15777e-06 
0.0468763 0.0810721 0.0169508 0.00368829 0.073325 0.000321921 0.642285 0.00259075 0.00222429 0.081469 0.00112135 0.000997534 0.0406456 0.00643171 
0.0979667 0.00954604 0.00345186 1.80111e-07 0.034219 2.08159e-07 0.328756 0.0272912 0.216778 0.113402 0.0721412 0.000236757 0.0857026 0.0105083 
0.00586929 0.0117218 0.027036 8.80824e-06 0.180965 0.000136759 0.439761 0.0100551 0.0811623 0.22001 0.00113905 0.00191828 0.0143639 0.00585204 
0.068499 3.96626e-08 3.86739e-12 1.06229e-11 1.97254e-12 1.13485e-11 0.820143 0.00222202 6.8267e-08 0.0451799 0.00137779 8.19942e-09 0.0625785 8.5587e-12 
0.264433 0.0323604 0.00420022 0.000139324 0.00237436 8.79943e-05 0.549906 0.000246268 0.0024377 0.1246 0.00339599 0.0002262 0.0155807 1.21247e-05 
0.212786 0.030456 0.00260357 0.000878894 0.0578196 0.00577795 0.311079 0.0308655 0.162583 0.124917 0.0266512 0.0089664 0.024386 0.000229798 
0.0348429 0.136209 0.124917 0.000509639 0.0648914 2.15113e-06 0.3999 0.000396395 0.0140455 0.164805 0.00519457 1.25077e-05 0.0542723 8.68198e-07 
0.0150105 0.0152578 0.0146057 3.07731e-09 0.00505847 5.9944e-06 0.762496 0.00046372 0.0690407 0.0337592 0.00827841 0.00373298 0.0722877 3.01616e-06 
0.00155854 0.113299 0.0100901 1.87422e-06 0.00199782 2.33096e-08 0.864008 6.86806e-07 5.30387e-09 0.0090379 2.53488e-06 5.17539e-07 1.88358e-06 4.44467e-07 
0.0106017 0.0961439 7.99969e-05 7.41994e-07 0.00411168 0.00130343 0.657629 0.00271102 0.125 0.0657094 0.00122999 1.55869e-05 0.0343846 0.00107908 
0.150536 0.00720795 1.91038e-09 5.24738e-09 0.022632 0.248946 0.404721 1.16249e-06 0.101954 0.0291712 0.0348256 3.93945e-06 5.77694e-10 1.57257e-06 
0.216206 0.186036 0.0253106 1.0158e-06 0.0353547 0.00270441 0.283738 0.00244658 0.0862344 0.0595627 0.0056208 0.000134968 0.0960045 0.000645723 
0.00372113 0.0978134 0.0187946 0.000156638 0.037717 0.000160054 0.563345 5.71218e-05 0.0153537 0.0579653 0.03202 0.112518 0.059832 0.000545449 
0.0993666 0.012908 0.110127 1.6865e-06 0.0227568 1.74159e-05 0.658415 0.000337218 0.036982 0.00504174 0.0534119 2.03008e-05 0.000285941 0.000328515 
0.110731 0.0300054 0.112497 0.00259096 0.146251 2.50735e-06 0.526179 1.1176e-05 0.0214856 0.0301302 0.00255513 0.000286236 0.0172742 3.03786e-07 
0.212994 0.00397402 0.0569745 0.000188059 0.0488986 0.0466344 0.259255 0.000283484 0.0386297 0.0209185 0.141631 0.105669 0.0638156 0.000134288 
0.127002 0.0143512 0.0971385 0.000668964 0.0132749 0.0490744 0.451276 0.000796393 0.0558671 0.0462399 0.0225431 0.0011774 0.114282 0.0063089 
0.157458 0.0627464 0.0299561 0.00205484 0.0464044 2.73104e-05 0.290925 0.0619984 0.00181823 0.142717 0.0384526 2.72824e-06 0.165436 3.29251e-06 
0.100208 0.215069 9.51061e-12 1.11784e-07 0.000806629 0.00234368 0.498128 0.00435868 0.01522 0.127093 0.000354068 9.29116e-08 0.0363142 0.000104429 
0.0134892 0.126235 0.0334341 2.03464e-05 0.0257002 2.53438e-05 0.689564 4.65933e-05 0.0214173 0.0749261 0.00299461 4.02008e-05 0.0121061 5.87093e-07 
4.21748e-06 0.00140462 1.01823e-08 4.97003e-05 0.000253415 2.98788e-08 0.997793 6.52895e-09 1.84211e-06 1.0493e-05 1.65899e-05 1.08331e-08 0.000466033 2.25338e-08 
0.0849638 0.169668 0.00974577 0.00475657 0.0925796 0.00144491 0.497722 0.00994495 0.00511037 0.0829616 0.00201069 0.0001024 0.0368191 0.00216965 
0.162731 0.0102504 0.13314 7.45346e-07 0.0631146 1.18212e-05 0.345564 6.00438e-07 0.130052 0.0230115 0.128308 0.00082063 0.00290517 8.88166e-05 
0.106204 0.247582 0.0671598 0.000132127 0.0213324 6.5128e-07 0.421526 0.00834582 0.0187244 0.0397005 0.00305651 7.00294e-06 0.0662266 2.08316e-06 
0.0010585 0.00418493 0.017309 2.65136e-06 0.0837191 4.03575e-05 0.842109 0.000384579 0.0168567 0.0231485 5.89207e-05 0.00299484 0.00428809 0.00384498 
0.0083489 1.48237e-09 1.86804e-07 3.05404e-11 5.671e-12 4.2447e-08 0.976296 7.12934e-12 7.42383e-12 2.37168e-12 0.000589327 1.18293e-11 0.0147659 2.4606e-11 
0.0451228 0.0187404 0.000357048 0.0129005 0.0807727 5.5737e-05 0.675774 0.00470335 0.00438463 0.0735426 0.00298085 0.0243759 0.0559368 0.000352581 
0.157536 0.00103978 0.00130714 5.24425e-05 8.99877e-05 4.48365e-06 0.538815 0.00180562 0.00965089 0.0958572 0.00794148 2.19455e-06 0.185898 5.29592e-08 
0.0955112 5.7397e-11 0.000270267 2.37687e-10 6.90632e-05 2.53922e-10 0.855758 0.00120666 0.0155149 0.0116031 0.00344 2.6956e-05 0.0165567 4.26286e-05 
0.357011 0.000604799 0.00333645 4.78595e-05 6.5024e-07 7.96929e-06 0.360296 0.0514866 0.00601415 0.00963887 0.00746142 6.86917e-05 0.203888 0.000137387 
0.124351 0.186186 0.0290535 0.00768541 0.0759756 0.00146875 0.291529 0.0124675 0.0721617 0.10787 0.0210438 0.00290375 0.0653445 0.00195825 
0.179775 0.00474513 0.00524166 1.40829e-09 0.0055559 4.38937e-07 0.345407 4.37532e-05 0.248772 0.174042 0.00810027 2.57986e-06 0.0283123 2.62298e-06 
0.111492 0.00118705 0.00517768 4.20895e-07 0.0261372 7.10409e-10 0.548673 0.00011464 0.000455728 0.236253 0.0106821 3.32933e-07 0.0598273 5.35771e-10 
0.0080034 0.00690566 0.273976 2.94808e-07 0.00169944 3.14945e-07 0.608879 6.882e-08 0.025648 0.0469157 0.0122316 1.14188e-07 0.0148071 0.000933427 
0.00612376 0.0297594 7.42372e-09 0.00822917 0.0028444 7.93643e-06 0.909983 2.08512e-06 0.0120619 0.0242501 0.00018326 4.24988e-06 0.0059716 0.000579292 
0.186305 0.0128295 0.0237628 0.00153614 0.0590472 0.000312779 0.32871 0.000201681 0.118301 0.20299 0.0121171 0.000285094 0.0536002 1.93276e-06 
0.236604 0.0528413 0.00857363 0.000236854 0.0235162 0.000393939 0.282129 0.00162555 0.0285424 0.206262 0.0183609 0.0203857 0.120471 5.81031e-05 
0.0881505 0.179527 0.017546 1.41283e-05 0.144423 0.000249868 0.237749 0.00168761 0.0597779 0.184116 0.00153634 0.00895207 0.0759621 0.000307802 
0.0271196 0.00465169 6.18737e-08 1.9758e-11 1.93872e-08 4.82048e-07 0.758285 6.71151e-08 4.26883e-09 0.00539126 0.00663824 7.6529e-12 0.197914 1.59188e-11 
0.202492 0.0886081 0.0275493 0.0390989 0.0282012 0.000294434 0.331839 0.0142057 0.0756088 0.096268 0.0131703 0.00384342 0.0784578 0.000363651 
1.77884e-05 4.79026e-05 7.22189e-05 0.000198369 3.68349e-05 0.000211919 0.998972 4.63073e-05 4.822e-05 1.54048e-05 7.4195e-05 7.68346e-05 2.18388e-05 0.000159823 
0.203935 0.00236881 0.0181779 2.74196e-05 0.0612438 4.06457e-05 0.264383 0.00346049 0.122744 0.0512222 0.248196 0.0110876 0.0131124 9.61659e-07 
0.000255546 0.00027581 7.88804e-05 2.80215e-05 0.00131508 2.14551e-05 0.681441 2.6816e-05 0.152555 0.000604482 8.90727e-05 1.19387e-05 0.163297 3.76211e-09 
0.0229893 0.0839862 0.0179801 0.0206234 0.12685 4.89904e-07 0.39933 0.00105096 0.145788 0.127618 1.0005e-05 3.31571e-07 0.0537191 5.53785e-05 
0.172941 0.00371679 0.0045243 0.00011799 0.00364691 0.0183283 0.680019 0.00948324 0.01121 0.0433416 0.015054 0.00384965 0.0337505 1.67052e-05 
0.0227467 0.00154117 0.082494 0.0593632 0.00987736 5.22773e-08 0.590806 0.0092756 0.0129188 0.088815 0.0227214 0.0668047 0.0307595 0.00187673 
0.164688 0.0585269 0.138972 0.00230123 0.008476 9.47902e-06 0.325717 0.0118503 0.00852022 0.061402 0.0878976 0.0174161 0.112143 0.00208081 
0.0469089 0.181955 0.0184604 0.0218797 0.0366908 0.000196701 0.309599 0.0504743 0.00250144 0.0694611 0.0108353 1.81101e-06 0.249374 0.00166224 
0.215685 0.0326735 0.00471715 0.0049074 0.269848 0.0262233 0.307066 0.00506782 0.00204023 0.063911 0.0017636 0.0155747 0.0505213 3.72968e-07 
0.407997 0.0023247 0.00141379 0.000162981 0.00088454 2.92708e-05 0.468658 0.00175714 0.0150619 0.0371533 0.0146653 0.00324437 0.046639 8.68181e-06 
0.0584351 0.000204904 0.0398421 0.0163913 0.0703899 3.10352e-05 0.541414 7.46248e-05 0.109826 0.00557466 0.0630673 0.0217784 0.0729609 1.02315e-05 
0.149076 0.0152521 0.0269923 6.47432e-05 0.0958967 0.00410957 0.527496 0.00820073 0.0525394 0.0805451 0.00374843 0.00314031 0.0305537 0.00238498 
0.0920366 0.0613236 0.0661407 7.34042e-06 0.0834631 8.99376e-05 0.367074 0.000124948 0.161245 0.0964663 0.0161119 0.00103226 0.0325243 0.0223609 
0.0010585 0.00418493 0.017309 2.65136e-06 0.0837191 4.03575e-05 0.842109 0.000384579 0.0168567 0.0231485 5.89207e-05 0.00299484 0.00428809 0.00384498 
0.235426 0.0916481 0.0324529 0.0256894 0.0170355 0.000511663 0.345716 0.00663757 0.00892809 0.054001 0.0370004 2.48964e-06 0.144582 0.00036804 
0.0510681 0.00702815 0.0483791 0.00242134 0.00518418 0.00177054 0.56947 0.0256785 0.114869 0.0936446 0.017537 1.13202e-06 0.0629281 2.04715e-05 
0.163412 0.174729 0.0714317 0.00257892 0.191221 0.0209916 0.230184 0.00107984 0.00269738 0.0988434 0.00691314 0.00717844 0.0287168 2.22503e-05 
0.0470158 0.0189078 0.208694 0.000137022 0.0507828 5.58436e-06 0.482606 3.47194e-06 0.000476991 0.18275 0.000795104 0.000945473 0.00687937 8.24773e-07 
0.105289 0.0197221 0.000777424 0.00283374 0.016973 0.00732783 0.481785 0.000961382 0.0547269 0.102716 0.0195487 0.000391867 0.0559604 0.130986 
0.185864 0.000547803 0.00264949 5.97673e-08 8.94309e-05 0.000147897 0.475338 0.0119486 0.011844 0.0345562 0.018109 6.25936e-06 0.258899 1.6439e-07 
0.0271196 0.00465169 6.18737e-08 1.9758e-11 1.93872e-08 4.82048e-07 0.758285 6.71151e-08 4.26883e-09 0.00539126 0.00663824 7.6529e-12 0.197914 1.59188e-11 
0.180804 0.031143 0.0169157 0.000188994 0.0171379 9.13776e-06 0.375351 0.00100851 0.00143105 0.326948 0.000922723 1.08338e-08 0.0481399 2.87555e-08 
0.197584 0.0135593 0.116313 5.00263e-11 0.0265354 3.92924e-08 0.461968 7.11692e-08 0.00238652 0.108123 0.0117712 2.41327e-07 0.0617587 2.87135e-08 
0.000367543 6.66129e-07 0.003537 2.7585e-06 0.00091897 2.94692e-06 0.993847 6.43945e-07 0.000394164 2.14218e-07 1.03175e-06 0.000756541 0.000168616 2.22249e-06 
0.0114958 0.00328146 0.00701981 4.15549e-07 0.00324863 0.000843915 0.718988 0.0843658 0.0858303 0.0281817 0.0251946 0.00497367 0.0215202 0.00505586 
0.0831467 0.0759668 0.000850286 3.55015e-05 0.0147326 6.41757e-05 0.568198 9.48698e-06 0.010224 0.0488303 0.0242017 7.90954e-05 0.131502 0.0421598 
0.0313089 0.00348078 0.0207954 0.000120246 0.0616776 9.81872e-05 0.465554 0.00156058 0.0880497 0.0725054 0.0694725 0.000111895 0.18497 0.00029516 
0.25665 0.00376849 0.00223935 0.00136014 2.61599e-13 0.000263998 0.537767 0.000131699 0.00265434 0.0852098 0.0609895 0.00387723 0.044804 0.000283692 
0.072848 0.0226026 0.0680397 0.000218629 0.0109789 0.000167334 0.491332 0.00390371 0.0128462 0.029785 0.00664625 0.000466504 0.274473 0.00569283 
0.0562131 0.0136222 0.246035 0.000427832 0.102957 7.3889e-06 0.354131 0.000214256 0.0766254 0.107731 0.029242 0.00746829 0.00530971 1.61598e-05 
0.00293823 0.00141805 4.28023e-09 0.000856889 0.000290176 0.000183418 0.469268 0.017052 0.00156078 0.187983 0.000448011 8.74764e-06 0.317925 6.7512e-05 
0.0108876 0.039995 0.0129731 5.82148e-05 0.000555151 2.08452e-07 0.734934 6.5942e-05 0.00134971 0.00563421 0.00320473 0.171728 0.018613 1.20374e-06 
0.264567 0.00354683 0.0483057 3.51492e-08 0.00279016 3.63542e-05 0.447811 0.000147113 0.00497992 0.213837 0.00613895 1.53883e-09 0.00582747 0.00201228 
1.98456e-06 0.000716999 1.81161e-06 4.08438e-08 1.2755e-06 4.36336e-08 0.999061 2.25185e-05 5.00988e-05 0.000125746 6.1472e-06 5.35599e-06 6.8724e-06 3.73341e-07 
0.0352571 0.0150394 0.0203622 0.00015628 0.00398187 9.17246e-05 0.683433 0.00138655 0.03209 0.0271939 0.0134301 8.66424e-05 0.16461 0.00288137 
0.113658 0.0207428 0.0697311 0.000188187 0.0205151 7.23175e-07 0.642395 6.286e-05 0.00354382 0.0531987 0.0224602 1.21995e-07 0.0535034 3.12211e-07 
0.17825 0.0729882 0.127361 5.48313e-06 0.0168759 0.00567745 0.191129 0.000387036 0.024059 0.172577 0.0214697 1.75335e-06 0.188962 0.000256635 
0.156436 0.00997237 0.000203395 0.00335131 0.146574 0.000998094 0.476671 0.0017681 0.00420601 0.150348 0.000745495 9.4985e-05 0.0485558 7.51084e-05 
0.0297761 0.057652 0.000590106 0.00194076 0.0952724 0.0318545 0.613976 0.00955436 0.0911204 0.0354066 0.00143128 5.59137e-06 0.0300614 0.00135797 
0.0669638 0.0255915 0.0978388 0.00274209 0.235539 0.000345367 0.347671 0.00316068 0.0300984 0.112726 0.0466054 0.00132697 0.0293647 2.63674e-05 
0.0010585 0.00418493 0.017309 2.65136e-06 0.0837191 4.03575e-05 0.842109 0.000384579 0.0168567 0.0231485 5.89207e-05 0.00299484 0.00428809 0.00384498 
0.0233755 0.0747003 0.0267377 4.28523e-05 0.00528299 3.43642e-05 0.769504 0.00620472 0.00332474 0.015768 0.00481899 6.67696e-06 0.0701952 4.34639e-06 
0.189296 0.0286463 0.0309521 0.000144287 0.0210461 0.000105005 0.351743 0.0191268 0.0399413 0.141622 0.0457895 4.36495e-05 0.131396 0.000148007 
0.0177032 0.00173378 0.102593 0.00802244 0.0470264 2.07872e-05 0.677599 0.000312215 0.0392784 0.0589868 0.019787 0.0131853 0.0136704 8.12172e-05 
0.264567 0.00354683 0.0483057 3.51492e-08 0.00279016 3.63542e-05 0.447811 0.000147113 0.00497992 0.213837 0.00613895 1.53883e-09 0.00582747 0.00201228 
0.305623 0.0600515 0.0066102 8.14575e-05 0.0204547 1.72752e-05 0.427242 0.0667266 0.0288274 0.0646326 0.00618345 1.36527e-05 0.0122662 0.00127041 
0.100015 0.0388799 0.163782 0.0026198 0.0225262 0.00232245 0.445179 8.55809e-08 0.0776392 0.000156387 0.00643447 1.03056e-05 0.140301 0.000134179 
0.00136514 0.0494112 0.003329 3.32231e-07 0.00465511 3.54925e-07 0.573586 0.000217833 0.324427 0.010111 0.0129945 0.000497088 0.0194049 6.67865e-07 
0.313365 0.0478476 1.65504e-05 7.70811e-05 0.00890579 0.000150256 0.33548 0.00061592 0.00308859 0.288167 0.000193757 4.86833e-06 0.00208709 4.52353e-07 
0.0258776 0.118233 0.00739121 1.53132e-07 0.0626861 0.000101741 0.671658 0.000257469 0.0534576 0.000437787 0.000153296 0.0021591 0.00627683 0.0513104 
0.0980074 0.0171683 0.0259651 0.00805969 0.197789 8.12366e-05 0.37032 0.0391549 0.032171 0.162392 0.00348162 0.000592795 0.0440683 0.000748694 
7.65646e-06 0.0183791 1.79807e-05 3.25948e-06 0.0136309 1.66601e-10 0.798084 2.06782e-06 0.0509593 0.117758 9.71762e-06 6.04037e-11 1.65438e-05 0.00113191 
0.0768295 0.117151 0.0428318 0.0113248 0.0813849 2.06206e-06 0.49199 0.00847649 0.0196348 0.0741903 0.0107074 0.0300756 0.0350353 0.000366387 
0.264567 0.00354683 0.0483057 3.51492e-08 0.00279016 3.63542e-05 0.447811 0.000147113 0.00497992 0.213837 0.00613895 1.53883e-09 0.00582747 0.00201228 
0.281916 7.32127e-06 0.00989645 4.59573e-05 0.00198198 3.28969e-07 0.701207 1.87169e-05 3.38862e-05 0.003869 1.87483e-06 4.07556e-07 0.00102046 2.04036e-07 
0.0219037 0.0138969 0.0566183 0.000225505 0.0477273 7.97818e-05 0.34509 0.00022325 0.270882 0.0787341 0.083991 0.000158726 0.0804689 4.87991e-08 
0.04335 0.0367847 0.0751187 0.000559494 0.0186031 0.00714719 0.590009 0.00199701 0.10246 0.0413608 0.0202055 0.0105242 0.044382 0.00749832 
0.178985 0.00203261 0.00341393 0.00298682 0.0105599 5.44094e-05 0.509272 0.0205922 0.0344166 0.111105 0.0352082 2.68927e-05 0.0913448 1.12079e-06 
0.0372988 0.0835149 0.0121938 0.00108856 0.0332613 0.000180543 0.746319 0.00131356 0.00195111 0.045311 0.00266619 1.76314e-05 0.0342456 0.000638351 
0.00624341 0.0131453 4.1883e-09 3.31207e-08 0.00329704 0.000123094 0.89258 1.01047e-05 0.000821693 0.0822224 2.57253e-05 1.16795e-08 0.00153065 1.10009e-07 
0.364214 0.0076532 0.0149679 4.51595e-05 0.0384755 5.5476e-05 0.406699 5.26988e-05 0.0103564 0.154492 0.00188127 5.01358e-05 0.000478739 0.000577733 
0.0561031 0.140117 0.0414643 0.00103666 0.0894093 1.35626e-05 0.406059 0.0137995 0.0275968 0.139148 0.0206512 0.000435004 0.064106 6.04944e-05 
2.18658e-06 7.41634e-06 0.0237934 8.43705e-10 1.56666e-10 9.01334e-10 0.878823 1.96954e-10 0.0973699 1.61185e-06 1.95682e-06 4.57835e-07 9.28849e-11 6.79761e-10 
0.085156 0.21994 0.00384437 0.00218036 0.115013 6.87346e-05 0.357538 0.000505483 0.0296732 0.163394 0.00434646 0.000198548 0.0180647 7.74151e-05 
0.0907332 0.043324 0.0447443 9.32994e-05 0.0122934 0.000359322 0.417656 0.000129747 0.200505 0.0535676 0.110943 0.000412054 0.0225883 0.00265134 
0.128711 0.0576031 0.0242781 5.59752e-05 0.00157298 4.44131e-05 0.375023 6.56068e-05 0.0976741 0.284056 0.00671766 1.25052e-06 0.0240956 0.000102289 
0.0253389 0.102305 0.0191405 8.0375e-07 0.032817 0.00643042 0.314084 8.04285e-07 0.263724 0.139241 0.0227592 0.00176999 0.062018 0.0103709 
3.74287e-06 1.36163e-05 1.48724e-05 1.55087e-08 2.87978e-09 1.6568e-08 0.99995 3.62035e-09 7.01701e-06 3.51708e-06 6.64648e-06 6.007e-09 1.48306e-07 1.24951e-08 
0.082519 0.133348 0.104741 0.00646048 0.0585557 0.0539417 0.279168 0.0243932 0.0397613 0.135596 0.0053073 0.0575712 0.0185896 4.66891e-05 
0.0185489 0.00294714 0.272515 2.64111e-05 0.00179198 4.46889e-05 0.693593 9.75103e-06 0.00385451 0.000655306 0.00347469 5.34628e-05 0.00248493 5.55036e-07 
0.00221692 0.00113111 0.0172205 8.08973e-08 0.0133438 0.00064826 0.940236 0.00167886 0.0077715 0.00758647 0.00313169 0.00114059 0.000642141 0.00325245 
0.0267452 0.121316 0.171276 0.000431557 0.0951946 1.34592e-05 0.279279 0.00374948 0.00488677 0.231104 0.00253157 0.028823 0.0344746 0.000174905 
0.0614969 0.0126864 0.0194749 1.4365e-05 0.0070543 0.000889625 0.474442 0.00158547 0.00111483 0.0183306 0.00179719 2.73943e-06 0.401108 2.49858e-06 
0.186131 0.0730121 0.00340825 0.121921 0.0805574 0.000968809 0.306392 0.00350415 0.0800335 0.103538 0.00919527 0.000206293 0.0293224 0.00181002 
0.0219003 0.0408999 0.0030786 4.12112e-05 0.0134126 1.86146e-05 0.845705 0.0053421 0.0125027 0.0261154 0.00327008 2.75882e-05 0.0254492 0.00223719 
0.017666 0.00597716 0.104484 0.000321684 0.0189039 1.36883e-05 0.669841 0.000304087 0.0248021 0.102399 0.00307086 1.81511e-05 0.0520978 0.000101047 
0.0727871 0.0456861 0.000446951 3.62685e-05 0.105921 0.00118473 0.535646 0.00207782 0.0675625 0.0456563 7.95368e-05 0.000126365 0.122789 5.825e-07 
0.00722862 0.32724 0.0215481 0.00017227 0.0123218 3.25643e-07 0.590605 0.00215252 0.00248228 0.0248686 1.82405e-05 9.20323e-09 0.0113598 1.91324e-06 
0.0010585 0.00418493 0.017309 2.65136e-06 0.0837191 4.03575e-05 0.842109 0.000384579 0.0168567 0.0231485 5.89207e-05 0.00299484 0.00428809 0.00384498 
0.267892 0.0661868 0.00527894 0.000590789 0.0392223 0.000317577 0.288528 0.0131386 0.187196 0.0835662 0.00805727 7.16244e-05 0.0352996 0.00465347 
0.071788 0.0265037 0.1129 1.37942e-06 0.000553541 1.37934e-06 0.388066 0.0114582 0.191453 0.108372 0.0182196 0.00179559 0.0643322 0.00455425 
0.0140143 0.13988 0.0137605 5.96578e-08 0.00918621 1.17462e-05 0.733556 2.80522e-05 0.000951324 0.024545 0.0118841 2.12539e-08 0.0517808 0.000402325 
0.0202679 0.0456008 0.0212636 5.74151e-07 0.0121586 0.00140413 0.828785 1.10995e-07 0.000713537 0.0430691 0.0217027 3.99605e-05 0.00489532 9.8559e-05 
0.264567 0.00354683 0.0483057 3.51492e-08 0.00279016 3.63542e-05 0.447811 0.000147113 0.00497992 0.213837 0.00613895 1.53883e-09 0.00582747 0.00201228 
0.0542491 0.0868986 0.0137008 0.00284644 0.0797367 0.000774566 0.634636 0.0023538 0.00268893 0.0821649 0.00111725 0.000722477 0.0327191 0.00539151 
0.0384452 0.00433368 0.00607504 3.65183e-06 0.0605985 4.0132e-06 0.774151 0.0538665 0.00944348 0.0162616 0.00309808 0.009868 0.0238497 1.28703e-06 
0.111527 0.0138117 0.0395733 0.000856167 0.0244063 2.33261e-06 0.541509 6.07124e-05 0.00535297 0.125732 0.0834552 0.0103301 0.043383 1.05368e-08 
0.0893198 0.0353624 0.276998 2.91861e-05 0.0762454 0.000124923 0.358731 3.75486e-10 0.0718224 0.0742944 0.00454464 3.88511e-05 0.0123464 0.000141896 
0.0595155 4.39536e-09 0.00015084 1.82016e-08 3.23413e-06 1.94449e-08 0.914097 0.00100504 0.00294696 0.0116423 0.00225719 1.17246e-05 0.00836452 5.29025e-06 
0.343925 0.0114805 0.000619565 0.000142136 0.00753862 6.41559e-05 0.469884 0.000121939 0.0926068 0.0365672 0.00876573 0.00182549 0.0255601 0.000898289 
0.0108876 0.039995 0.0129731 5.82148e-05 0.000555151 2.08452e-07 0.734934 6.5942e-05 0.00134971 0.00563421 0.00320473 0.171728 0.018613 1.20374e-06 
0.0746437 0.0101832 0.126104 0.000445222 0.0175586 1.11011e-06 0.63642 0.000202665 0.00221091 0.0899524 0.0199457 1.83869e-07 0.0223321 5.95604e-07 
0.143817 0.128243 0.00495521 4.93837e-06 0.153115 7.99278e-05 0.43715 0.0024044 0.0170982 0.0627129 0.000514338 0.000950173 0.0486834 0.000272266 
0.240343 0.00292993 2.11471e-05 3.30017e-09 6.12803e-10 3.52559e-09 0.279328 7.70391e-10 0.195965 0.194825 0.0849688 0.00161354 4.68722e-06 2.6589e-09 
0.0548909 0.0987085 0.00445392 0.000517288 0.0685449 0.00117312 0.684415 0.00157312 0.00267688 0.0587165 0.00163621 6.42644e-05 0.021155 0.00147447 
0.0597577 0.20449 0.0193 2.56862e-05 0.00603414 3.08845e-05 0.642968 0.00416394 0.0019383 0.0543806 0.00125302 0.000336263 0.00532157 7.1197e-07 
0.266461 0.200766 0.00410889 6.36034e-05 0.0512251 0.000445444 0.345956 1.43507e-05 0.0287401 0.0572292 0.0216113 3.84159e-05 0.0144461 0.0088947 
0.0202679 0.0456008 0.0212636 5.74151e-07 0.0121586 0.00140413 0.828785 1.10995e-07 0.000713537 0.0430691 0.0217027 3.99605e-05 0.00489532 9.8559e-05 
0.150536 0.00720795 1.91038e-09 5.24738e-09 0.022632 0.248946 0.404721 1.16249e-06 0.101954 0.0291712 0.0348256 3.93945e-06 5.77694e-10 1.57257e-06 
0.0238856 0.00244521 0.0189229 6.00262e-06 0.000122075 2.90518e-05 0.837793 1.71953e-05 0.0534761 0.00444525 0.0207721 0.0241897 0.0134041 0.000492214 
0.0195977 0.00741173 0.0276796 0.0136669 0.0621235 2.64388e-06 0.557917 0.0152056 0.0257477 0.145751 0.0188696 0.00247714 0.103392 0.000157735 
0.0654147 0.0903073 0.0130438 0.00216544 0.0647735 0.000584075 0.636582 0.00413523 0.00222177 0.0748701 0.0015657 0.000587027 0.0394193 0.00432956 
0.109572 0.225455 1.10247e-06 0.000588952 0.00569163 2.53904e-07 0.621232 1.96193e-08 0.00168125 0.031566 8.48285e-07 9.65543e-08 0.00421196 1.90768e-07 
0.0400622 0.00785488 0.000855566 0.0134129 0.0944971 0.000192839 0.658044 0.00283792 0.0181678 0.109903 0.0319481 4.62361e-05 0.0221766 9.11658e-07 
0.0562819 0.0265086 0.0831506 1.25885e-05 0.0290642 4.62577e-06 0.37343 7.47532e-05 0.114146 0.23197 0.00210633 5.81519e-06 0.0814124 0.00183233 
0.182184 0.00201313 0.0117845 5.77524e-06 0.0407243 2.79704e-06 0.459095 0.000143912 0.0524156 0.0451402 0.0402662 0.000414365 0.148381 0.0174294 
0.0438268 0.0459273 8.36091e-06 0.00209675 0.0376458 0.000121118 0.440557 0.0190498 0.265262 0.00375416 0.00168463 1.76021e-05 0.140046 2.84208e-06 
0.0279998 0.0366435 0.158862 2.6295e-07 0.0384786 0.00018852 0.672884 2.73366e-06 0.0195034 0.0130454 0.0160906 1.66291e-07 0.0163004 8.1596e-07 
0.227633 0.00317452 0.000150215 1.7467e-06 0.0443458 9.94926e-06 0.619938 0.00275271 0.0260429 0.0136531 0.00480143 2.30978e-09 0.0574952 2.14725e-06 
0.128025 0.0125806 0.0110279 3.98692e-05 0.00992606 0.00404744 0.4587 2.42184e-05 0.164222 0.0236271 0.0252804 1.04253e-05 0.161385 0.00110366 
0.00989195 0.0270342 0.0542555 0.00307692 0.069908 0.000496351 0.643716 0.00136245 0.00144269 0.163403 0.00543089 0.0166977 0.00264128 0.000642984 
0.0447748 0.259615 0.150351 0.000103242 0.132984 2.16098e-06 0.276041 0.000309388 0.016138 0.0522128 0.00411845 1.97745e-07 0.0633437 6.36117e-06 
0.0127067 0.240964 0.0227437 1.74363e-05 0.0188805 1.76406e-09 0.527826 1.68465e-07 0.0589824 0.0851558 0.0303092 6.39587e-10 0.00241418 1.3304e-09 
0.152761 0.0511945 0.0141583 2.44117e-05 0.0148345 0.000193411 0.433602 0.000125872 0.00613135 0.00292579 0.27009 0.0163025 0.0375628 9.36281e-05 
0.0010585 0.00418493 0.017309 2.65136e-06 0.0837191 4.03575e-05 0.842109 0.000384579 0.0168567 0.0231485 5.89207e-05 0.00299484 0.00428809 0.00384498 
0.192044 0.00573725 0.0153155 0.0715365 0.031588 0.000101306 0.270566 0.0117104 0.10252 0.0508533 0.0520542 0.000171716 0.0695537 0.126248 
0.178484 0.0918775 0.000885891 5.09475e-05 0.00249997 1.44318e-05 0.431512 0.000932119 0.00377716 0.234134 0.00125814 4.01492e-05 0.0540361 0.000497732 
0.171052 0.0902214 0.219908 0.00017643 0.0138144 0.00030811 0.232317 0.0165719 0.0369447 0.0735256 0.0456065 7.63018e-05 0.0971585 0.00231936 
0.127411 0.0178807 0.243108 7.46508e-05 0.0192887 3.10069e-05 0.286135 0.00528805 0.156367 0.119162 0.0150671 5.33223e-05 0.0083918 0.0017422 
0.251118 0.00536664 0.0629623 0.000606574 0.059849 1.06085e-05 0.397507 0.00759652 0.00299072 0.190041 0.00128672 1.8351e-05 0.0206424 5.0054e-06 
0.107674 0.0682272 0.0550117 0.000646879 0.0175937 0.000251241 0.546954 2.34704e-05 0.0455933 0.038612 0.0879962 0.00606393 0.024633 0.000719384 
0.00244385 0.00642799 0.00252741 0.000877969 0.0129431 1.24285e-05 0.919479 8.62456e-05 0.00168389 0.0230006 0.0189929 3.87529e-07 0.0115142 1.00868e-05 
0.165361 0.0139829 0.0534659 0.00157761 0.0125184 0.00185274 0.45864 0.0111824 0.018825 0.0699792 0.0264917 5.57554e-05 0.165732 0.000334935 
0.128294 0.209217 0.00318391 0.000306417 0.171496 0.000366951 0.372969 0.0148547 0.00951122 0.0283374 0.00483833 7.5355e-05 0.0563743 0.000176378 
0.0466105 0.0632552 0.0020727 0.0300363 0.0454846 3.17782e-06 0.57387 0.00269497 0.0187727 0.136408 0.00626048 6.56077e-05 0.0731246 0.0013415 
0.181098 0.00282702 0.00139461 0.015712 0.0330165 0.00290911 0.676039 0.00100866 0.000224031 0.0756707 0.00249868 5.26404e-06 0.00753207 6.49923e-05 
0.0746437 0.0101832 0.126104 0.000445222 0.0175586 1.11011e-06 0.63642 0.000202665 0.00221091 0.0899524 0.0199457 1.83869e-07 0.0223321 5.95604e-07 
0.0484462 0.0215512 0.063379 0.000709215 0.153684 0.000124961 0.45872 1.98903e-05 0.0381116 0.102144 0.0798766 0.00435918 0.0288748 4.61947e-08 
0.113759 0.0430721 8.83939e-05 8.55149e-06 0.017277 7.22616e-05 0.417955 0.0030176 0.174109 0.128175 0.0172345 0.000140009 0.0850235 6.89279e-05 
0.246499 0.00926873 0.0387646 7.62075e-05 0.0413201 0.000137663 0.375977 0.000888199 0.0483728 0.130372 0.014773 0.00512735 0.088365 5.82208e-05 
0.157536 0.00103978 0.00130714 5.24425e-05 8.99877e-05 4.48365e-06 0.538815 0.00180562 0.00965089 0.0958572 0.00794148 2.19455e-06 0.185898 5.29592e-08 
0.0706385 0.0238357 0.0885684 0.000222143 0.0253141 0.000172355 0.357803 0.0034538 0.320735 0.0544698 0.00808339 3.73346e-06 0.0466722 2.78053e-05 
0.261278 0.0171362 0.0446887 0.000183196 0.00770517 9.77788e-06 0.473258 0.0215348 0.00635711 0.133968 0.019357 0.0020329 0.00898612 0.00350467 
0.324718 0.00139276 0.0279829 0.00843814 0.00435254 0.00414478 0.378909 0.0205021 0.0116523 0.0978391 0.0045175 0.0171731 0.0983205 5.74369e-05 
0.165175 0.000117858 2.21067e-07 1.04162e-06 7.31044e-07 6.84138e-08 0.590107 0.0147235 0.000696849 0.0964574 0.0201764 1.6109e-05 0.112528 6.08457e-09 
0.0533548 0.0422258 0.0498193 2.44257e-05 0.0596041 8.95506e-06 0.498062 6.89894e-06 0.0679851 0.215644 0.00363859 2.04543e-05 0.00960233 3.70115e-06 
0.253883 0.013025 0.00150281 4.03178e-06 0.00347815 0.000417799 0.515212 0.000229664 0.0019834 0.196235 0.00534777 1.0157e-05 0.00556103 0.00311011 
0.05822 0.143838 0.0030625 2.63728e-06 0.0497408 0.000368839 0.674201 0.00121033 0.00144209 0.0430254 0.00162282 5.00801e-05 0.0213142 0.00190169 
0.00597994 0.0228929 0.0555011 5.23158e-07 0.0259986 7.93422e-07 0.812234 7.29249e-06 0.000277366 0.0474189 0.00439915 1.84598e-07 0.0252622 2.68663e-05 
0.00372113 0.0978134 0.0187946 0.000156638 0.037717 0.000160054 0.563345 5.71218e-05 0.0153537 0.0579653 0.03202 0.112518 0.059832 0.000545449 
0.113901 0.15502 0.000759246 0.000120196 0.169987 0.00310923 0.410368 0.00196633 0.00496324 0.121277 0.000865573 0.000146509 0.013601 0.00391509 
0.0146222 0.0937786 0.000782327 4.69311e-05 0.00113912 1.95743e-05 0.849033 0.000131476 0.000290181 0.030663 0.00168969 4.50598e-08 0.00692508 0.000878405 
0.0208073 0.031492 0.00790876 0.0165616 0.0083769 0.000104818 0.604476 2.91173e-06 0.164234 0.0110782 0.00935624 2.49995e-05 0.0671342 0.0584429 
0.0484462 0.0215512 0.063379 0.000709215 0.153684 0.000124961 0.45872 1.98903e-05 0.0381116 0.102144 0.0798766 0.00435918 0.0288748 4.61947e-08 
0.167125 0.0154145 8.37028e-05 4.68078e-06 0.0747768 0.000642112 0.527933 0.00802918 0.00308612 0.109002 0.0114531 2.43063e-05 0.0824129 1.29925e-05 
0.137339 0.0852533 0.0384825 0.000155828 0.0087016 2.30437e-05 0.524613 5.25339e-06 0.123985 0.0577269 0.0062938 0.000132113 0.0168834 0.000406645 
0.112546 0.0109458 0.00407557 0.00344564 0.0226962 0.000103943 0.306158 0.00748068 0.174321 0.131813 0.024084 1.19254e-06 0.202324 5.17445e-06 
0.045449 7.76256e-06 5.03522e-05 6.95525e-05 2.8472e-06 6.25778e-05 0.90479 1.96726e-06 0.0107286 5.84895e-05 0.00138019 0.0313572 0.00603834 3.11755e-06 
0.0933497 0.235193 0.0139538 0.00201831 0.0809005 0.00029698 0.428899 0.0157135 0.00454033 0.0829502 0.00261011 8.71462e-05 0.0368127 0.00267444 
0.0130938 0.00932046 0.18289 0.0129573 0.00361227 0.000507584 0.308367 0.0222181 0.139242 0.167933 0.0376071 9.51175e-05 0.0862872 0.0158687 
0.0394762 0.0205401 1.4012e-07 0.00731305 0.00510999 0.00485219 0.84247 0.00413298 0.00725074 0.0323692 0.00213065 1.49075e-07 0.0305713 0.00378343 
0.168582 0.0209338 0.0193488 4.85896e-05 0.00177445 0.00551434 0.599507 0.00284144 0.0757131 0.0607171 0.0153113 0.00358381 0.0252772 0.000847311 
0.0352372 0.0434024 0.020849 2.65405e-06 0.00912203 3.81767e-05 0.773234 0.0029483 0.00286349 0.0147094 0.00058404 0.089911 0.00684158 0.000256131 
0.189149 0.0477926 0.0252107 0.000125624 0.0636032 0.00252341 0.376944 0.00481363 0.0380946 0.132104 0.0301724 0.005195 0.0838535 0.000418595 
0.0159885 0.0301766 0.0307287 0.000703403 0.141558 0.000151839 0.420283 0.00276528 0.0264991 0.267617 0.00558289 6.27022e-05 0.0112704 0.0466116 
0.0709511 0.0964423 0.0275088 0.000992316 0.0480069 0.00251515 0.603008 0.00068644 0.00672099 0.103675 0.0216117 6.08109e-06 0.0176275 0.000247809 
0.0891345 6.69305e-11 0.000196703 2.77166e-10 1.25996e-07 2.96098e-10 0.871652 0.00145624 0.00433978 0.0174045 0.00331814 1.30581e-05 0.0124851 2.05881e-07 
0.00256736 0.0296173 0.0357238 0.0201645 0.124603 8.35677e-07 0.411613 0.000871759 0.0645744 0.104106 0.0116336 4.98514e-07 0.194518 5.68415e-06 
0.000320526 4.54522e-07 0.00270295 1.88222e-06 4.36129e-05 2.01078e-06 0.978316 1.50601e-05 0.0175864 0.000621102 8.69107e-05 2.40179e-05 0.000207064 7.21625e-05 
2.84223e-06 6.17521e-05 0.000233196 0.000150059 0.000243286 3.7181e-07 0.814885 1.33289e-05 0.140012 0.00029427 0.0439853 1.34806e-07 0.000108956 9.86035e-06 
0.0443964 0.112756 0.00488716 0.000377274 0.0473554 5.31607e-05 0.610479 0.00145514 0.0104718 0.144011 0.000926877 0.0011993 0.021618 1.28324e-05 
0.0253389 0.102305 0.0191405 8.0375e-07 0.032817 0.00643042 0.314084 8.04285e-07 0.263724 0.139241 0.0227592 0.00176999 0.062018 0.0103709 
0.327684 0.00198212 0.00300543 7.92664e-08 1.29889e-08 9.78205e-05 0.404434 0.00620525 0.0476637 0.0649388 0.0422378 0.0349725 0.0667781 1.56896e-08 
0.251713 0.0964055 0.13407 1.36833e-05 0.0229106 3.59645e-06 0.278726 0.00863042 0.118032 0.0474832 0.0199215 0.000196409 0.0213061 0.000588174 
0.316667 0.0156654 0.0220384 0.0107717 0.0706226 0.00341829 0.344993 0.00458227 0.014035 0.117471 0.0231542 0.000366207 0.0547653 0.00144907 
0.000844316 0.000578907 0.00198282 0.000359439 0.00100143 1.83719e-08 0.987543 0.000228029 0.00181218 0.00264961 0.00107161 6.66102e-09 0.00182436 0.000103931 
0.0010585 0.00418493 0.017309 2.65136e-06 0.0837191 4.03575e-05 0.842109 0.000384579 0.0168567 0.0231485 5.89207e-05 0.00299484 0.00428809 0.00384498 
0.189506 0.00140303 2.29834e-05 1.31701e-06 3.83003e-05 6.83783e-06 0.518357 3.60082e-05 3.71946e-05 0.285903 0.000237018 1.42796e-06 0.0044502 6.04202e-07 
0.0276562 0.00489728 0.160638 0.0542509 0.00588304 2.50681e-06 0.403159 0.00230962 0.033284 0.0123124 0.162039 1.07798e-05 0.133137 0.000421572 
0.0248857 0.00164232 0.0896563 0.0594887 0.00795669 2.8271e-08 0.569856 0.00783014 0.014912 0.102606 0.0124856 0.079851 0.0275612 0.00126843 
0.127486 0.0551199 0.0407932 1.35777e-05 0.0166495 0.000826549 0.6721 0.0149796 0.0011202 0.0495053 0.0101135 2.38426e-06 0.0109082 0.000382544 
0.0616153 0.036661 0.0162376 4.09639e-05 0.0105611 7.14163e-06 0.750831 0.000149195 0.00186243 0.101491 0.00180218 2.54674e-05 0.0186997 1.61044e-05 
0.0117222 0.134761 0.0451055 6.46389e-05 0.120803 1.79665e-05 0.439707 0.000568143 0.00104287 0.131569 0.0883473 2.92183e-07 0.0260768 0.000214924 
0.0293427 0.0214384 0.006124 0.000728163 0.113935 0.00196919 0.554033 0.0352156 0.102716 0.0516285 0.00164809 0.0133586 0.0652892 0.00257329 
0.286096 0.00469647 0.0361456 5.52858e-07 0.0178627 1.86436e-05 0.461416 0.00436751 0.00990689 0.16729 0.00133652 1.40357e-06 0.0108528 8.28239e-06 
0.134313 0.019476 0.0116031 0.00184089 0.0135469 0.0021868 0.445917 0.012526 0.021615 0.0479308 0.0331401 0.000265326 0.255307 0.000331557 
0.0255992 0.0322753 0.0359947 0.000835481 0.0261215 0.000599407 0.783997 0.00300585 0.0279358 0.0321272 0.0122237 2.08869e-05 0.0175765 0.00168757 
0.0759751 0.0583853 0.0252729 0.00037118 0.0652505 3.69199e-07 0.391576 1.94349e-06 0.00286409 0.349808 5.76551e-07 4.41212e-05 0.0304286 2.07077e-05 
0.116447 0.0859193 0.0181441 0.151867 0.000502715 6.61988e-06 0.284744 0.00193273 0.0198153 0.175391 0.0147376 2.83179e-08 0.13041 8.24985e-05 
0.124691 0.0972058 0.00749449 0.00218389 0.0684248 1.38497e-05 0.466936 0.000162443 0.111114 0.0704412 0.00244727 0.00258098 0.0462854 1.97681e-05 
0.00131903 0.00493711 0.00468833 0.00042462 0.00117634 6.55104e-06 0.933085 6.19648e-05 0.0233895 0.0108875 0.00856243 4.00943e-05 0.0113876 3.36383e-05 
0.0437714 0.278167 0.0169973 3.26755e-05 0.00843338 2.62661e-07 0.506504 0.000200104 0.0198912 0.0580687 0.0461649 1.39124e-05 0.0217554 1.98092e-07 
0.261278 0.0171362 0.0446887 0.000183196 0.00770517 9.77788e-06 0.473258 0.0215348 0.00635711 0.133968 0.019357 0.0020329 0.00898612 0.00350467 
0.0403545 0.000962127 0.113426 2.69263e-07 0.00601537 0.000590599 0.67772 0.00746553 0.0273699 0.00658637 0.0771818 1.25637e-05 0.0423025 1.25582e-05 
0.0773189 0.00191269 1.43867e-08 5.31806e-09 2.95946e-08 0.000190636 0.464305 0.0381372 0.00432016 0.110386 0.00453131 7.82972e-09 0.298898 9.10647e-12 
0.0437404 0.00932575 0.00690784 0.202336 0.0390316 0.00948505 0.341895 0.0165308 0.029991 0.208095 0.00825026 9.28218e-05 0.0840524 0.000265643 
0.0689463 0.00259017 0.0664969 0.000347901 0.219998 3.81577e-05 0.362821 0.000295264 0.00988194 0.062322 0.174725 0.0280324 0.00347885 2.66965e-05 
0.150536 0.00720795 1.91038e-09 5.24738e-09 0.022632 0.248946 0.404721 1.16249e-06 0.101954 0.0291712 0.0348256 3.93945e-06 5.77694e-10 1.57257e-06 
0.327684 0.00198212 0.00300543 7.92664e-08 1.29889e-08 9.78205e-05 0.404434 0.00620525 0.0476637 0.0649388 0.0422378 0.0349725 0.0667781 1.56896e-08 
0.195182 0.040291 0.0412119 0.00210092 0.0414691 3.81954e-05 0.252101 0.0340483 0.1242 0.163883 0.00814074 2.94029e-05 0.097287 1.78908e-05 
0.162731 0.0102504 0.13314 7.45346e-07 0.0631146 1.18212e-05 0.345564 6.00438e-07 0.130052 0.0230115 0.128308 0.00082063 0.00290517 8.88166e-05 
0.259941 0.0422981 0.00669736 9.30764e-05 0.043091 0.000115732 0.418248 0.04371 0.103935 0.0471705 0.0143175 6.86203e-05 0.0188925 0.00142161 
0.0367543 0.0515737 0.00183321 3.01707e-06 0.000438646 1.7739e-06 0.886097 0.0148523 0.000641582 0.00228583 0.000813584 0.000124625 0.00457694 3.0538e-06 
0.0543156 0.00786351 0.000280465 1.00462e-10 0.00228969 0.032004 0.432644 0.0140019 0.0137046 0.00177461 0.0186326 4.33547e-08 0.422484 4.98612e-06 
0.333473 0.0117905 0.00110863 0.000184553 0.0152505 2.88717e-05 0.579701 8.02066e-05 0.0205681 0.0352649 0.00153283 1.48383e-07 0.00044149 0.00057561 
