0.0433755 0.104913 0.0989637 0.00349195 0.0555828 0.000185629 0.522558 0.0043247 0.00295921 0.124471 0.00527315 3.68604e-05 0.0299677 0.00389704 
0.0391877 0.0621093 0.00208491 1.17038e-05 0.00114897 1.08587e-06 0.866981 0.0107718 0.000385984 0.00313271 0.00105396 8.62477e-05 0.0129594 8.48013e-05 
0.244115 0.0236884 0.0452816 6.65751e-05 0.0377436 1.4645e-05 0.34557 0.00247587 0.0332018 0.106798 0.0137709 0.00848508 0.138761 2.7673e-05 
0.107478 0.000680146 0.00163224 7.31446e-10 0.011856 4.37124e-07 0.627044 0.0103782 0.0558006 0.0302642 0.044301 5.18541e-05 0.110381 0.000131823 
0.0417253 0.0953247 0.0166792 0.0499129 0.0221992 3.96395e-05 0.67764 0.00185159 0.00234626 0.0700427 0.00219578 5.25555e-06 0.0200152 2.28097e-05 
0.181761 0.0227154 0.00665934 0.00036778 0.0699294 0.000104614 0.435031 0.000940222 0.0031092 0.149462 0.0197439 4.5964e-06 0.110161 1.06943e-05 
0.0194418 0.0452013 0.0292174 0.00165873 0.0338365 4.01751e-05 0.585582 0.00087625 0.0281805 0.0499604 0.0391744 9.23709e-05 0.166663 7.56871e-05 
0.00157071 1.00417e-06 0.000934685 4.15837e-06 0.000256712 4.44241e-06 0.909482 9.70729e-07 0.00152929 0.0786951 0.00094217 1.61067e-06 0.00657389 3.35034e-06 
0.00173154 7.64284e-07 1.15225e-06 3.16497e-06 5.87699e-07 3.38116e-06 0.994346 7.38831e-07 7.69349e-07 2.45783e-07 0.00390764 1.22589e-06 3.48438e-07 2.54997e-06 
0.150536 0.00720795 1.91038e-09 5.24738e-09 0.022632 0.248946 0.404721 1.16249e-06 0.101954 0.0291712 0.0348256 3.93945e-06 5.77694e-10 1.57257e-06 
0.190638 0.00493909 0.00831068 0.000998456 0.113554 0.0057248 0.275074 0.017745 0.0225643 0.22856 0.0607953 0.00905533 0.0620113 2.91818e-05 
0.082293 7.85739e-07 0.0484898 7.65325e-10 0.00067629 4.28635e-07 0.338925 0.000260459 0.00275961 0.093526 0.292755 1.39598e-08 0.140314 6.16611e-10 
0.192146 0.0352012 0.0144993 0.000545594 0.00825172 0.00215084 0.299422 0.0998701 0.0223496 0.171719 0.0568132 1.85069e-06 0.0970285 1.4388e-06 
0.160362 0.214867 0.0146191 1.1121e-06 0.0181054 1.81561e-07 0.288958 0.00927744 0.0326903 0.0375689 0.12721 7.14601e-06 0.096333 2.61641e-07 
0.0963969 0.0539902 0.00373483 0.000102048 0.00222063 8.77637e-05 0.442871 0.00111862 0.00815889 0.319328 0.0101399 3.57488e-06 0.0618291 1.86123e-05 
0.124041 0.0627927 0.000486545 8.74057e-06 0.010792 0.000250318 0.424331 5.07261e-05 0.0239006 0.0489257 0.0249539 3.7216e-05 0.277391 0.00203776 
0.242837 0.0170648 0.00596736 1.64711e-05 0.0471526 1.00434e-05 0.350139 6.61603e-05 0.0790208 0.159462 0.0598937 1.33081e-05 0.0382759 8.04057e-05 
0.0367543 0.0515737 0.00183321 3.01707e-06 0.000438646 1.7739e-06 0.886097 0.0148523 0.000641582 0.00228583 0.000813584 0.000124625 0.00457694 3.0538e-06 
0.0150803 0.0460753 0.00772398 0.000983117 0.00583642 3.46565e-05 0.872974 0.00054413 0.00102026 0.0158459 0.00242076 1.12461e-05 0.0314166 3.31366e-05 
0.0125413 0.033099 0.0248234 8.23839e-05 0.149903 8.48927e-05 0.359005 0.0270203 0.176852 0.107284 0.0683005 0.000301409 0.0387161 0.00198554 
0.0130215 0.0269647 0.146155 1.26772e-06 0.295014 1.30536e-05 0.331254 1.7189e-06 0.00289981 0.128622 0.0540034 1.11601e-06 0.00204849 1.02611e-08 
0.382375 0.00786795 0.00811982 0.00124724 0.0216681 7.71178e-06 0.524223 0.00388742 0.0115528 0.0288714 0.000366649 0.000317915 0.00689451 0.00260062 
0.00790456 8.81878e-06 0.109782 1.84678e-06 0.000197467 8.18052e-09 0.673491 1.34789e-06 0.129557 0.000303064 0.0143416 2.40416e-07 0.0644054 5.21074e-06 
0.05424 0.000503823 5.89676e-09 5.67023e-06 0.00067967 2.15467e-06 0.521039 0.114915 6.38144e-05 0.000929097 0.0317356 6.27364e-09 0.275886 1.30498e-08 
0.152913 0.229646 4.49737e-06 3.70243e-06 0.0518434 1.89911e-09 0.472075 3.00714e-06 0.00303875 0.0612309 0.00605287 6.88552e-10 1.11326e-05 0.0231774 
0.00863067 0.0264474 0.000242653 0.000396455 0.0479594 0.000552447 0.561929 0.013661 0.137851 0.0385878 0.0849835 4.45364e-07 0.0787541 3.53523e-06 
0.1094 0.00581862 0.00105709 5.26685e-05 0.00204207 0.00442225 0.4001 0.0961719 0.00888088 0.0634478 0.0363309 2.1549e-05 0.272223 3.16435e-05 
0.0010585 0.00418493 0.017309 2.65136e-06 0.0837191 4.03575e-05 0.842109 0.000384579 0.0168567 0.0231485 5.89207e-05 0.00299484 0.00428809 0.00384498 
0.0348429 0.136209 0.124917 0.000509639 0.0648914 2.15113e-06 0.3999 0.000396395 0.0140455 0.164805 0.00519457 1.25077e-05 0.0542723 8.68198e-07 
0.0388949 0.0729916 0.0150832 0.00421969 0.0243728 0.000151301 0.747835 0.00103353 0.00174673 0.0364018 0.00344063 1.86892e-05 0.0532327 0.000577792 
0.129688 0.0256288 0.0165242 0.000428712 0.0630816 0.00338524 0.450593 0.000534504 0.0857417 0.0813164 0.0430138 6.76463e-05 0.0991585 0.000837103 
0.131445 0.0112345 0.0269263 0.000259606 0.0757976 6.64048e-05 0.42446 0.000194364 0.0024629 0.0854834 0.168836 5.23344e-06 0.0728249 3.96045e-06 
0.0451756 0.0997801 0.0143304 5.84261e-05 0.102185 0.00031507 0.555736 0.0143018 0.0681464 0.0413832 0.00526229 4.55797e-05 0.0528945 0.000385321 
0.0737365 0.13523 0.000546467 5.00118e-06 0.169042 0.000642666 0.484257 0.00224565 0.00347967 0.110761 0.000462007 3.12237e-05 0.0133893 0.00617165 
0.137238 0.0637414 0.0817633 0.0307963 0.0685655 2.97135e-06 0.338819 0.00026108 0.0186863 0.176663 0.00470099 0.0287919 0.0499521 1.82093e-05 
0.0751159 0.0102759 0.000386244 3.19598e-05 0.00590923 3.12957e-05 0.787345 3.4451e-05 0.0368916 0.0607458 0.000657327 1.84124e-05 0.022546 1.12119e-05 
0.0191843 0.00388203 1.66507e-05 0.000971761 0.0559681 1.29839e-06 0.435373 0.0180732 0.400535 0.0458329 0.0189644 0.000681831 0.000514346 9.79207e-07 
0.126812 0.0398154 0.0021559 0.000246583 0.00249615 0.000339648 0.466779 0.0152051 0.00314199 0.119376 0.00422168 1.63055e-08 0.219412 8.06677e-11 
0.0535982 0.0458888 0.000335479 3.0508e-05 0.00468873 5.18483e-05 0.503093 0.00119454 0.00165412 0.349104 0.00090278 1.53309e-06 0.039456 9.42371e-07 
0.016659 0.434547 0.0345547 0.000844347 0.00256517 8.10834e-06 0.444623 7.05031e-05 0.0167639 0.0362493 0.00531601 6.83482e-06 0.00779182 2.23922e-08 
0.186345 0.00211589 0.00327441 0.00311258 0.0110045 5.66929e-05 0.490501 0.0214591 0.0355605 0.11553 0.0364115 2.8003e-05 0.0945994 1.15777e-06 
0.0468763 0.0810721 0.0169508 0.00368829 0.073325 0.000321921 0.642285 0.00259075 0.00222429 0.081469 0.00112135 0.000997534 0.0406456 0.00643171 
0.00636887 0.0132964 0.000364555 4.21369e-05 0.00359239 5.37344e-05 0.833179 0.00724158 0.048092 0.0870986 0.000245241 2.77441e-05 0.000364085 3.3949e-05 
0.0979667 0.00954604 0.00345186 1.80111e-07 0.034219 2.08159e-07 0.328756 0.0272912 0.216778 0.113402 0.0721412 0.000236757 0.0857026 0.0105083 
0.0927267 0.0249707 0.0190464 0.00126941 0.0652126 0.000110496 0.569529 0.0151936 0.0887933 0.0646316 0.00399149 0.00228207 0.0522124 3.05688e-05 
0.000611494 8.21023e-06 0.0599892 7.19765e-08 1.78577e-09 7.09772e-07 0.936248 6.64595e-07 0.000940963 2.12069e-06 0.00182356 3.72497e-09 0.00037455 7.74829e-09 
0.0102595 0.179861 0.0880956 0.000434044 0.0101059 1.21599e-05 0.399922 0.00356527 0.084244 0.209009 0.0036047 0.000532561 0.0103507 3.71955e-06 
0.0692804 0.0583695 0.254754 1.21709e-06 0.0694635 7.67074e-05 0.433102 0.000125403 0.000185609 0.0869803 0.00222739 0.00166868 0.0237647 1.22157e-07 
0.32962 0.0677102 0.00571895 0.00121355 0.0109479 6.35382e-07 0.424377 0.00165947 0.00277766 0.0513636 0.00104661 1.5835e-05 0.103364 0.00018535 
0.0199631 0.132917 0.00080725 3.92764e-05 0.00131178 1.31724e-05 0.785841 0.000189164 0.000425017 0.0454327 0.00247065 6.37471e-08 0.00942413 0.00116635 
0.00586929 0.0117218 0.027036 8.80824e-06 0.180965 0.000136759 0.439761 0.0100551 0.0811623 0.22001 0.00113905 0.00191828 0.0143639 0.00585204 
0.264433 0.0323604 0.00420022 0.000139324 0.00237436 8.79943e-05 0.549906 0.000246268 0.0024377 0.1246 0.00339599 0.0002262 0.0155807 1.21247e-05 
0.212786 0.030456 0.00260357 0.000878894 0.0578196 0.00577795 0.311079 0.0308655 0.162583 0.124917 0.0266512 0.0089664 0.024386 0.000229798 
0.0348429 0.136209 0.124917 0.000509639 0.0648914 2.15113e-06 0.3999 0.000396395 0.0140455 0.164805 0.00519457 1.25077e-05 0.0542723 8.68198e-07 
0.0150105 0.0152578 0.0146057 3.07731e-09 0.00505847 5.9944e-06 0.762496 0.00046372 0.0690407 0.0337592 0.00827841 0.00373298 0.0722877 3.01616e-06 
0.0653195 0.0226891 0.00814502 0.000217161 0.0356443 0.0033565 0.437408 0.00743384 0.0194692 0.180214 0.00501844 0.0851614 0.129869 5.5117e-05 
0.0885025 0.0173965 0.00483398 9.98402e-06 0.0403371 3.26473e-06 0.698037 0.000306172 0.00344041 0.023994 0.0629107 3.82936e-05 0.0601897 3.35749e-07 
0.0299897 0.0062637 1.43055e-08 1.12334e-07 0.0015789 5.92135e-05 0.921028 4.92877e-06 0.000392376 0.0391597 0.000793031 3.96276e-08 0.000729895 3.72053e-07 
0.00155854 0.113299 0.0100901 1.87422e-06 0.00199782 2.33096e-08 0.864008 6.86806e-07 5.30387e-09 0.0090379 2.53488e-06 5.17539e-07 1.88358e-06 4.44467e-07 
0.167358 0.00874442 0.0381852 9.16226e-08 0.0519075 9.78809e-08 0.41382 2.15043e-05 0.0115144 0.294118 0.00434969 3.47631e-05 0.00993557 9.87679e-06 
0.0106017 0.0961439 7.99969e-05 7.41994e-07 0.00411168 0.00130343 0.657629 0.00271102 0.125 0.0657094 0.00122999 1.55869e-05 0.0343846 0.00107908 
0.150536 0.00720795 1.91038e-09 5.24738e-09 0.022632 0.248946 0.404721 1.16249e-06 0.101954 0.0291712 0.0348256 3.93945e-06 5.77694e-10 1.57257e-06 
0.216206 0.186036 0.0253106 1.0158e-06 0.0353547 0.00270441 0.283738 0.00244658 0.0862344 0.0595627 0.0056208 0.000134968 0.0960045 0.000645723 
0.0993666 0.012908 0.110127 1.6865e-06 0.0227568 1.74159e-05 0.658415 0.000337218 0.036982 0.00504174 0.0534119 2.03008e-05 0.000285941 0.000328515 
0.408715 1.34131e-05 3.07024e-07 1.18762e-10 2.20527e-11 1.26874e-10 0.419385 0.00959054 2.51188e-07 9.04756e-07 0.024113 4.60002e-11 0.138182 2.01034e-07 
0.110731 0.0300054 0.112497 0.00259096 0.146251 2.50735e-06 0.526179 1.1176e-05 0.0214856 0.0301302 0.00255513 0.000286236 0.0172742 3.03786e-07 
0.212994 0.00397402 0.0569745 0.000188059 0.0488986 0.0466344 0.259255 0.000283484 0.0386297 0.0209185 0.141631 0.105669 0.0638156 0.000134288 
0.100208 0.215069 9.51061e-12 1.11784e-07 0.000806629 0.00234368 0.498128 0.00435868 0.01522 0.127093 0.000354068 9.29116e-08 0.0363142 0.000104429 
0.105041 0.167318 0.0504625 0.000162951 0.0733981 6.23603e-07 0.336662 0.0523194 0.0144468 0.138837 0.0114707 5.22969e-05 0.0492121 0.000617087 
0.254725 0.0233333 0.00540905 0.00475682 0.0246774 0.000222413 0.611458 0.000765164 0.000376634 0.0327154 0.00203957 5.89019e-06 0.0393916 0.00012343 
4.21748e-06 0.00140462 1.01823e-08 4.97003e-05 0.000253415 2.98788e-08 0.997793 6.52895e-09 1.84211e-06 1.0493e-05 1.65899e-05 1.08331e-08 0.000466033 2.25338e-08 
0.0849638 0.169668 0.00974577 0.00475657 0.0925796 0.00144491 0.497722 0.00994495 0.00511037 0.0829616 0.00201069 0.0001024 0.0368191 0.00216965 
0.162731 0.0102504 0.13314 7.45346e-07 0.0631146 1.18212e-05 0.345564 6.00438e-07 0.130052 0.0230115 0.128308 0.00082063 0.00290517 8.88166e-05 
0.0244091 0.00105963 0.0517548 9.13499e-06 0.0202077 3.28354e-06 0.464778 0.00145612 0.0361824 0.0455972 0.0262335 7.99365e-05 0.327582 0.000647442 
0.106204 0.247582 0.0671598 0.000132127 0.0213324 6.5128e-07 0.421526 0.00834582 0.0187244 0.0397005 0.00305651 7.00294e-06 0.0662266 2.08316e-06 
0.0010585 0.00418493 0.017309 2.65136e-06 0.0837191 4.03575e-05 0.842109 0.000384579 0.0168567 0.0231485 5.89207e-05 0.00299484 0.00428809 0.00384498 
0.0451228 0.0187404 0.000357048 0.0129005 0.0807727 5.5737e-05 0.675774 0.00470335 0.00438463 0.0735426 0.00298085 0.0243759 0.0559368 0.000352581 
0.0955112 5.7397e-11 0.000270267 2.37687e-10 6.90632e-05 2.53922e-10 0.855758 0.00120666 0.0155149 0.0116031 0.00344 2.6956e-05 0.0165567 4.26286e-05 
0.357011 0.000604799 0.00333645 4.78595e-05 6.5024e-07 7.96929e-06 0.360296 0.0514866 0.00601415 0.00963887 0.00746142 6.86917e-05 0.203888 0.000137387 
0.124351 0.186186 0.0290535 0.00768541 0.0759756 0.00146875 0.291529 0.0124675 0.0721617 0.10787 0.0210438 0.00290375 0.0653445 0.00195825 
0.116978 0.00907836 0.0270727 0.0730639 0.117094 0.0150113 0.16966 0.00609671 0.0850097 0.062911 0.147905 0.0221357 0.145896 0.0020884 
0.179775 0.00474513 0.00524166 1.40829e-09 0.0055559 4.38937e-07 0.345407 4.37532e-05 0.248772 0.174042 0.00810027 2.57986e-06 0.0283123 2.62298e-06 
0.111492 0.00118705 0.00517768 4.20895e-07 0.0261372 7.10409e-10 0.548673 0.00011464 0.000455728 0.236253 0.0106821 3.32933e-07 0.0598273 5.35771e-10 
0.0080034 0.00690566 0.273976 2.94808e-07 0.00169944 3.14945e-07 0.608879 6.882e-08 0.025648 0.0469157 0.0122316 1.14188e-07 0.0148071 0.000933427 
0.00612376 0.0297594 7.42372e-09 0.00822917 0.0028444 7.93643e-06 0.909983 2.08512e-06 0.0120619 0.0242501 0.00018326 4.24988e-06 0.0059716 0.000579292 
0.0223099 0.0521081 0.00528358 0.0205733 0.079746 2.6158e-05 0.461154 0.00541329 0.114706 0.225327 0.00359701 7.94041e-05 0.00734648 0.00232873 
0.00891549 2.47551e-06 0.00569553 2.47388e-06 0.0168367 2.47373e-06 0.655374 2.47553e-06 0.273545 2.47585e-06 2.47522e-06 0.000745036 0.0346636 0.00420879 
0.186305 0.0128295 0.0237628 0.00153614 0.0590472 0.000312779 0.32871 0.000201681 0.118301 0.20299 0.0121171 0.000285094 0.0536002 1.93276e-06 
0.236604 0.0528413 0.00857363 0.000236854 0.0235162 0.000393939 0.282129 0.00162555 0.0285424 0.206262 0.0183609 0.0203857 0.120471 5.81031e-05 
0.0881505 0.179527 0.017546 1.41283e-05 0.144423 0.000249868 0.237749 0.00168761 0.0597779 0.184116 0.00153634 0.00895207 0.0759621 0.000307802 
0.129409 0.0307495 0.0045847 3.32043e-05 0.000224569 8.87893e-08 0.371768 0.000222832 0.000392655 0.00739374 0.192675 7.02998e-06 0.262539 2.82426e-11 
0.0271196 0.00465169 6.18737e-08 1.9758e-11 1.93872e-08 4.82048e-07 0.758285 6.71151e-08 4.26883e-09 0.00539126 0.00663824 7.6529e-12 0.197914 1.59188e-11 
0.00494094 0.0541024 0.0272133 1.40606e-09 0.00672651 1.5021e-09 0.903435 1.30013e-05 0.000220444 0.00296612 0.000356271 2.93703e-08 1.84439e-05 7.36943e-06 
0.202492 0.0886081 0.0275493 0.0390989 0.0282012 0.000294434 0.331839 0.0142057 0.0756088 0.096268 0.0131703 0.00384342 0.0784578 0.000363651 
1.77884e-05 4.79026e-05 7.22189e-05 0.000198369 3.68349e-05 0.000211919 0.998972 4.63073e-05 4.822e-05 1.54048e-05 7.4195e-05 7.68346e-05 2.18388e-05 0.000159823 
0.0746437 0.0101832 0.126104 0.000445222 0.0175586 1.11011e-06 0.63642 0.000202665 0.00221091 0.0899524 0.0199457 1.83869e-07 0.0223321 5.95604e-07 
0.000255546 0.00027581 7.88804e-05 2.80215e-05 0.00131508 2.14551e-05 0.681441 2.6816e-05 0.152555 0.000604482 8.90727e-05 1.19387e-05 0.163297 3.76211e-09 
0.312941 0.0191006 0.00161002 1.54039e-06 0.0608409 7.62514e-06 0.483847 0.00115275 3.91197e-05 0.0124832 0.0944372 1.22434e-05 0.0135236 3.42477e-06 
0.172941 0.00371679 0.0045243 0.00011799 0.00364691 0.0183283 0.680019 0.00948324 0.01121 0.0433416 0.015054 0.00384965 0.0337505 1.67052e-05 
0.0227467 0.00154117 0.082494 0.0593632 0.00987736 5.22773e-08 0.590806 0.0092756 0.0129188 0.088815 0.0227214 0.0668047 0.0307595 0.00187673 
0.0469089 0.181955 0.0184604 0.0218797 0.0366908 0.000196701 0.309599 0.0504743 0.00250144 0.0694611 0.0108353 1.81101e-06 0.249374 0.00166224 
0.0316709 0.0341917 0.00996278 2.61884e-05 0.0969989 3.76444e-05 0.639179 0.00380665 0.00306414 0.112765 0.00312552 5.57086e-05 0.0650969 1.92244e-05 
0.215685 0.0326735 0.00471715 0.0049074 0.269848 0.0262233 0.307066 0.00506782 0.00204023 0.063911 0.0017636 0.0155747 0.0505213 3.72968e-07 
0.407997 0.0023247 0.00141379 0.000162981 0.00088454 2.92708e-05 0.468658 0.00175714 0.0150619 0.0371533 0.0146653 0.00324437 0.046639 8.68181e-06 
0.0735349 0.0527423 0.111549 0.00247433 0.0565635 0.00064216 0.525369 0.00061054 0.0269654 0.0649689 0.0176643 2.41076e-05 0.0564834 0.0104081 
0.0584351 0.000204904 0.0398421 0.0163913 0.0703899 3.10352e-05 0.541414 7.46248e-05 0.109826 0.00557466 0.0630673 0.0217784 0.0729609 1.02315e-05 
0.149076 0.0152521 0.0269923 6.47432e-05 0.0958967 0.00410957 0.527496 0.00820073 0.0525394 0.0805451 0.00374843 0.00314031 0.0305537 0.00238498 
0.0454592 0.226665 0.0144147 7.79846e-05 0.0765987 4.11061e-05 0.532745 0.00786611 0.0150698 0.05113 0.000157196 1.62347e-05 0.0297201 3.89621e-05 
0.124988 0.0188274 0.0584976 0.0297911 0.0154718 1.76654e-06 0.417739 0.00453125 0.0235365 0.213964 0.0251338 0.0428335 0.0216443 0.0030408 
0.0010585 0.00418493 0.017309 2.65136e-06 0.0837191 4.03575e-05 0.842109 0.000384579 0.0168567 0.0231485 5.89207e-05 0.00299484 0.00428809 0.00384498 
0.235426 0.0916481 0.0324529 0.0256894 0.0170355 0.000511663 0.345716 0.00663757 0.00892809 0.054001 0.0370004 2.48964e-06 0.144582 0.00036804 
0.0308959 0.111094 0.108282 0.000248965 0.0559656 1.23528e-05 0.56193 0.000162206 0.00850456 0.0924465 0.00992778 4.5331e-06 0.0173964 0.00312927 
0.150536 0.00720795 1.91038e-09 5.24738e-09 0.022632 0.248946 0.404721 1.16249e-06 0.101954 0.0291712 0.0348256 3.93945e-06 5.77694e-10 1.57257e-06 
0.0510681 0.00702815 0.0483791 0.00242134 0.00518418 0.00177054 0.56947 0.0256785 0.114869 0.0936446 0.017537 1.13202e-06 0.0629281 2.04715e-05 
0.163412 0.174729 0.0714317 0.00257892 0.191221 0.0209916 0.230184 0.00107984 0.00269738 0.0988434 0.00691314 0.00717844 0.0287168 2.22503e-05 
0.0470158 0.0189078 0.208694 0.000137022 0.0507828 5.58436e-06 0.482606 3.47194e-06 0.000476991 0.18275 0.000795104 0.000945473 0.00687937 8.24773e-07 
0.105289 0.0197221 0.000777424 0.00283374 0.016973 0.00732783 0.481785 0.000961382 0.0547269 0.102716 0.0195487 0.000391867 0.0559604 0.130986 
0.133743 0.0509607 0.0710603 0.00783652 0.0110422 8.08355e-05 0.486919 0.0197789 0.0344861 0.099781 0.0279392 7.47104e-05 0.0557444 0.00055375 
0.185864 0.000547803 0.00264949 5.97673e-08 8.94309e-05 0.000147897 0.475338 0.0119486 0.011844 0.0345562 0.018109 6.25936e-06 0.258899 1.6439e-07 
0.0271196 0.00465169 6.18737e-08 1.9758e-11 1.93872e-08 4.82048e-07 0.758285 6.71151e-08 4.26883e-09 0.00539126 0.00663824 7.6529e-12 0.197914 1.59188e-11 
0.180804 0.031143 0.0169157 0.000188994 0.0171379 9.13776e-06 0.375351 0.00100851 0.00143105 0.326948 0.000922723 1.08338e-08 0.0481399 2.87555e-08 
0.230858 0.0227221 0.0473168 4.48753e-05 0.0808404 7.55441e-05 0.313446 0.00255803 0.102073 0.10055 0.0179722 0.00014967 0.0813255 6.67085e-05 
0.197584 0.0135593 0.116313 5.00263e-11 0.0265354 3.92924e-08 0.461968 7.11692e-08 0.00238652 0.108123 0.0117712 2.41327e-07 0.0617587 2.87135e-08 
0.000367543 6.66129e-07 0.003537 2.7585e-06 0.00091897 2.94692e-06 0.993847 6.43945e-07 0.000394164 2.14218e-07 1.03175e-06 0.000756541 0.000168616 2.22249e-06 
0.292446 0.0753584 0.120118 0.000925728 0.045522 0.000171599 0.321493 1.34275e-05 0.0191068 0.0817516 0.00574992 6.56426e-05 0.0372624 1.53895e-05 
0.0114958 0.00328146 0.00701981 4.15549e-07 0.00324863 0.000843915 0.718988 0.0843658 0.0858303 0.0281817 0.0251946 0.00497367 0.0215202 0.00505586 
0.0831467 0.0759668 0.000850286 3.55015e-05 0.0147326 6.41757e-05 0.568198 9.48698e-06 0.010224 0.0488303 0.0242017 7.90954e-05 0.131502 0.0421598 
0.0313089 0.00348078 0.0207954 0.000120246 0.0616776 9.81872e-05 0.465554 0.00156058 0.0880497 0.0725054 0.0694725 0.000111895 0.18497 0.00029516 
0.274503 0.0078238 0.0625881 0.000305253 0.00102694 0.0001028 0.398098 0.00540016 0.0125732 0.115897 0.0128284 5.41067e-10 0.108854 1.12547e-09 
0.25665 0.00376849 0.00223935 0.00136014 2.61599e-13 0.000263998 0.537767 0.000131699 0.00265434 0.0852098 0.0609895 0.00387723 0.044804 0.000283692 
0.147345 0.0615342 0.0765008 1.18442e-05 0.029781 2.91048e-07 0.506335 0.000323251 0.0449654 0.0832589 0.00484225 0.000181745 0.0434022 0.00151801 
0.072848 0.0226026 0.0680397 0.000218629 0.0109789 0.000167334 0.491332 0.00390371 0.0128462 0.029785 0.00664625 0.000466504 0.274473 0.00569283 
0.00293823 0.00141805 4.28023e-09 0.000856889 0.000290176 0.000183418 0.469268 0.017052 0.00156078 0.187983 0.000448011 8.74764e-06 0.317925 6.7512e-05 
0.264567 0.00354683 0.0483057 3.51492e-08 0.00279016 3.63542e-05 0.447811 0.000147113 0.00497992 0.213837 0.00613895 1.53883e-09 0.00582747 0.00201228 
1.98456e-06 0.000716999 1.81161e-06 4.08438e-08 1.2755e-06 4.36336e-08 0.999061 2.25185e-05 5.00988e-05 0.000125746 6.1472e-06 5.35599e-06 6.8724e-06 3.73341e-07 
0.0352571 0.0150394 0.0203622 0.00015628 0.00398187 9.17246e-05 0.683433 0.00138655 0.03209 0.0271939 0.0134301 8.66424e-05 0.16461 0.00288137 
0.023492 0.00309182 1.30711e-05 4.77601e-05 0.0708477 0.000614385 0.446174 0.000442888 0.0705059 0.0472681 0.0243836 0.208064 0.0869795 0.0180755 
0.00316651 0.0254307 0.0147058 0.000160543 0.315554 7.14718e-06 0.381848 2.47784e-07 0.014104 0.190517 3.97008e-07 1.22224e-05 0.0544928 8.55194e-07 
0.113658 0.0207428 0.0697311 0.000188187 0.0205151 7.23175e-07 0.642395 6.286e-05 0.00354382 0.0531987 0.0224602 1.21995e-07 0.0535034 3.12211e-07 
0.17825 0.0729882 0.127361 5.48313e-06 0.0168759 0.00567745 0.191129 0.000387036 0.024059 0.172577 0.0214697 1.75335e-06 0.188962 0.000256635 
0.0526938 0.0943746 0.0404265 0.000573918 0.0498317 0.00146682 0.618716 9.71735e-05 0.00773238 0.0825955 0.0311468 9.48266e-06 0.0197903 0.000544989 
0.0297761 0.057652 0.000590106 0.00194076 0.0952724 0.0318545 0.613976 0.00955436 0.0911204 0.0354066 0.00143128 5.59137e-06 0.0300614 0.00135797 
0.0669638 0.0255915 0.0978388 0.00274209 0.235539 0.000345367 0.347671 0.00316068 0.0300984 0.112726 0.0466054 0.00132697 0.0293647 2.63674e-05 
0.0010585 0.00418493 0.017309 2.65136e-06 0.0837191 4.03575e-05 0.842109 0.000384579 0.0168567 0.0231485 5.89207e-05 0.00299484 0.00428809 0.00384498 
0.0233755 0.0747003 0.0267377 4.28523e-05 0.00528299 3.43642e-05 0.769504 0.00620472 0.00332474 0.015768 0.00481899 6.67696e-06 0.0701952 4.34639e-06 
0.189296 0.0286463 0.0309521 0.000144287 0.0210461 0.000105005 0.351743 0.0191268 0.0399413 0.141622 0.0457895 4.36495e-05 0.131396 0.000148007 
0.264567 0.00354683 0.0483057 3.51492e-08 0.00279016 3.63542e-05 0.447811 0.000147113 0.00497992 0.213837 0.00613895 1.53883e-09 0.00582747 0.00201228 
0.394678 0.0319321 0.00131671 0.00154642 0.0119701 4.75358e-05 0.458676 0.00113841 0.0145276 0.0433218 0.0300239 1.06783e-07 0.0104929 0.000328519 
0.305623 0.0600515 0.0066102 8.14575e-05 0.0204547 1.72752e-05 0.427242 0.0667266 0.0288274 0.0646326 0.00618345 1.36527e-05 0.0122662 0.00127041 
0.100015 0.0388799 0.163782 0.0026198 0.0225262 0.00232245 0.445179 8.55809e-08 0.0776392 0.000156387 0.00643447 1.03056e-05 0.140301 0.000134179 
0.313365 0.0478476 1.65504e-05 7.70811e-05 0.00890579 0.000150256 0.33548 0.00061592 0.00308859 0.288167 0.000193757 4.86833e-06 0.00208709 4.52353e-07 
0.0258776 0.118233 0.00739121 1.53132e-07 0.0626861 0.000101741 0.671658 0.000257469 0.0534576 0.000437787 0.000153296 0.0021591 0.00627683 0.0513104 
0.0248857 0.00164232 0.0896563 0.0594887 0.00795669 2.8271e-08 0.569856 0.00783014 0.014912 0.102606 0.0124856 0.079851 0.0275612 0.00126843 
0.0980074 0.0171683 0.0259651 0.00805969 0.197789 8.12366e-05 0.37032 0.0391549 0.032171 0.162392 0.00348162 0.000592795 0.0440683 0.000748694 
0.04858 0.2484 0.0592964 0.00260365 0.0410981 0.00673768 0.368641 0.0295434 0.100435 0.0101243 0.00541275 3.26141e-05 0.0790928 1.42887e-06 
0.000912697 0.00561456 0.0200941 0.000309184 0.00810031 9.82376e-06 0.948764 1.3138e-05 0.000941279 0.0120353 5.94046e-05 1.2522e-06 0.00313652 8.24809e-06 
0.0768295 0.117151 0.0428318 0.0113248 0.0813849 2.06206e-06 0.49199 0.00847649 0.0196348 0.0741903 0.0107074 0.0300756 0.0350353 0.000366387 
0.281916 7.32127e-06 0.00989645 4.59573e-05 0.00198198 3.28969e-07 0.701207 1.87169e-05 3.38862e-05 0.003869 1.87483e-06 4.07556e-07 0.00102046 2.04036e-07 
0.0219037 0.0138969 0.0566183 0.000225505 0.0477273 7.97818e-05 0.34509 0.00022325 0.270882 0.0787341 0.083991 0.000158726 0.0804689 4.87991e-08 
0.04335 0.0367847 0.0751187 0.000559494 0.0186031 0.00714719 0.590009 0.00199701 0.10246 0.0413608 0.0202055 0.0105242 0.044382 0.00749832 
0.178985 0.00203261 0.00341393 0.00298682 0.0105599 5.44094e-05 0.509272 0.0205922 0.0344166 0.111105 0.0352082 2.68927e-05 0.0913448 1.12079e-06 
0.0372988 0.0835149 0.0121938 0.00108856 0.0332613 0.000180543 0.746319 0.00131356 0.00195111 0.045311 0.00266619 1.76314e-05 0.0342456 0.000638351 
0.00624341 0.0131453 4.1883e-09 3.31207e-08 0.00329704 0.000123094 0.89258 1.01047e-05 0.000821693 0.0822224 2.57253e-05 1.16795e-08 0.00153065 1.10009e-07 
0.220197 0.0128319 0.0177497 2.18434e-07 0.00211501 0.000264348 0.426414 1.94614e-11 0.011364 0.0896737 0.0135104 3.2291e-11 0.20588 6.71683e-11 
0.0682895 0.0574996 0.0301394 6.1739e-05 0.119975 1.04393e-05 0.313063 0.00025516 0.0514966 0.248716 0.0841157 7.0525e-05 0.0247496 0.00155864 
0.0222819 0.0038899 0.030269 0.000362123 0.0151378 8.85558e-13 0.542799 0.000624323 0.0378663 0.253389 0.00860556 3.21073e-13 0.0847372 3.75775e-05 
2.18658e-06 7.41634e-06 0.0237934 8.43705e-10 1.56666e-10 9.01334e-10 0.878823 1.96954e-10 0.0973699 1.61185e-06 1.95682e-06 4.57835e-07 9.28849e-11 6.79761e-10 
0.00887099 0.0765044 0.000830825 6.64135e-05 0.272197 0.000306796 0.53621 0.0112292 0.0386387 0.0482167 0.00087263 0.000451124 0.00553068 7.38401e-05 
0.0907332 0.043324 0.0447443 9.32994e-05 0.0122934 0.000359322 0.417656 0.000129747 0.200505 0.0535676 0.110943 0.000412054 0.0225883 0.00265134 
0.0853894 0.0301561 0.0449133 6.64587e-08 0.0186783 3.2723e-05 0.4332 6.36325e-05 0.00100532 0.384023 0.00239971 5.03436e-06 7.57619e-05 5.70942e-05 
0.128711 0.0576031 0.0242781 5.59752e-05 0.00157298 4.44131e-05 0.375023 6.56068e-05 0.0976741 0.284056 0.00671766 1.25052e-06 0.0240956 0.000102289 
0.178985 0.00203261 0.00341393 0.00298682 0.0105599 5.44094e-05 0.509272 0.0205922 0.0344166 0.111105 0.0352082 2.68927e-05 0.0913448 1.12079e-06 
3.74287e-06 1.36163e-05 1.48724e-05 1.55087e-08 2.87978e-09 1.6568e-08 0.99995 3.62035e-09 7.01701e-06 3.51708e-06 6.64648e-06 6.007e-09 1.48306e-07 1.24951e-08 
0.082519 0.133348 0.104741 0.00646048 0.0585557 0.0539417 0.279168 0.0243932 0.0397613 0.135596 0.0053073 0.0575712 0.0185896 4.66891e-05 
0.0653195 0.0226891 0.00814502 0.000217161 0.0356443 0.0033565 0.437408 0.00743384 0.0194692 0.180214 0.00501844 0.0851614 0.129869 5.5117e-05 
0.0891345 6.69305e-11 0.000196703 2.77166e-10 1.25996e-07 2.96098e-10 0.871652 0.00145624 0.00433978 0.0174045 0.00331814 1.30581e-05 0.0124851 2.05881e-07 
0.00221692 0.00113111 0.0172205 8.08973e-08 0.0133438 0.00064826 0.940236 0.00167886 0.0077715 0.00758647 0.00313169 0.00114059 0.000642141 0.00325245 
0.0267452 0.121316 0.171276 0.000431557 0.0951946 1.34592e-05 0.279279 0.00374948 0.00488677 0.231104 0.00253157 0.028823 0.0344746 0.000174905 
0.024774 0.00244888 0.137196 0.000225639 0.0579623 1.07525e-05 0.40813 0.0016869 0.0111414 0.253632 0.0782602 5.65815e-06 0.0245003 2.56182e-05 
0.0614969 0.0126864 0.0194749 1.4365e-05 0.0070543 0.000889625 0.474442 0.00158547 0.00111483 0.0183306 0.00179719 2.73943e-06 0.401108 2.49858e-06 
0.186131 0.0730121 0.00340825 0.121921 0.0805574 0.000968809 0.306392 0.00350415 0.0800335 0.103538 0.00919527 0.000206293 0.0293224 0.00181002 
0.0219003 0.0408999 0.0030786 4.12112e-05 0.0134126 1.86146e-05 0.845705 0.0053421 0.0125027 0.0261154 0.00327008 2.75882e-05 0.0254492 0.00223719 
0.0832618 0.0844921 0.0729307 0.000366223 0.187179 0.0143122 0.352664 0.0168162 0.0390267 0.104475 0.0316627 9.35332e-06 0.0128029 1.18762e-06 
0.0504435 0.142011 0.0105043 1.79801e-05 0.0080542 2.32251e-06 0.713609 0.000100722 0.0195223 0.0409927 0.000400887 2.38494e-05 0.0141884 0.000129235 
0.073737 0.0507722 0.259307 0.00235149 0.00484996 4.0906e-07 0.495013 1.82868e-05 0.0128073 0.0786929 0.00438387 5.79956e-07 0.0180662 6.26711e-09 
0.0390777 0.0223695 0.00178854 1.63996e-08 0.00020643 3.67782e-06 0.892889 1.72653e-06 0.00089517 0.0138689 0.0120055 5.6782e-07 0.0168907 2.24285e-06 
0.0855976 0.0244184 0.0875021 1.004e-05 0.0331179 5.15821e-05 0.367108 0.000172099 0.181399 0.125328 0.0222128 0.000465782 0.041795 0.0308224 
0.00722862 0.32724 0.0215481 0.00017227 0.0123218 3.25643e-07 0.590605 0.00215252 0.00248228 0.0248686 1.82405e-05 9.20323e-09 0.0113598 1.91324e-06 
0.0010585 0.00418493 0.017309 2.65136e-06 0.0837191 4.03575e-05 0.842109 0.000384579 0.0168567 0.0231485 5.89207e-05 0.00299484 0.00428809 0.00384498 
0.142655 0.00270448 0.00473371 0.00408957 0.0155213 0.0163838 0.340598 0.195024 0.0169676 0.0923805 0.0221823 4.45742e-05 0.145512 0.00120294 
0.275272 0.034312 0.00570564 0.0013143 0.036245 0.000309261 0.492606 0.00522469 0.0349976 0.073588 0.0171119 0.000177481 0.0228165 0.000319532 
0.267892 0.0661868 0.00527894 0.000590789 0.0392223 0.000317577 0.288528 0.0131386 0.187196 0.0835662 0.00805727 7.16244e-05 0.0352996 0.00465347 
0.0140143 0.13988 0.0137605 5.96578e-08 0.00918621 1.17462e-05 0.733556 2.80522e-05 0.000951324 0.024545 0.0118841 2.12539e-08 0.0517808 0.000402325 
0.253798 0.018553 0.00411325 2.83461e-05 0.00943037 1.198e-05 0.437334 0.0135724 0.0031103 0.120835 0.0217099 1.46035e-05 0.117486 1.58286e-06 
0.0202679 0.0456008 0.0212636 5.74151e-07 0.0121586 0.00140413 0.828785 1.10995e-07 0.000713537 0.0430691 0.0217027 3.99605e-05 0.00489532 9.8559e-05 
0.0317793 0.261662 0.0635485 5.56303e-05 0.0943896 8.04401e-06 0.268439 0.00353206 0.0198671 0.214935 0.00873866 4.04154e-06 0.0330221 1.89613e-05 
0.0542491 0.0868986 0.0137008 0.00284644 0.0797367 0.000774566 0.634636 0.0023538 0.00268893 0.0821649 0.00111725 0.000722477 0.0327191 0.00539151 
0.0785801 0.0550416 0.102936 0.000219453 0.157743 0.000264027 0.31185 0.00840984 0.0235839 0.178731 0.00408598 0.0135758 0.0636145 0.00136407 
0.00508596 0.0419282 1.26574e-05 8.44e-05 0.0884268 0.000387677 0.66943 6.27735e-05 0.00903728 0.184106 0.000129724 0.000247048 0.000344796 0.000717286 
0.0316141 0.0867576 0.0297645 0.0039644 0.0501286 4.11932e-05 0.684216 0.00201536 0.00939772 0.0495977 0.00955207 1.25247e-05 0.0428787 5.99291e-05 
0.0384452 0.00433368 0.00607504 3.65183e-06 0.0605985 4.0132e-06 0.774151 0.0538665 0.00944348 0.0162616 0.00309808 0.009868 0.0238497 1.28703e-06 
0.157536 0.00103978 0.00130714 5.24425e-05 8.99877e-05 4.48365e-06 0.538815 0.00180562 0.00965089 0.0958572 0.00794148 2.19455e-06 0.185898 5.29592e-08 
0.111527 0.0138117 0.0395733 0.000856167 0.0244063 2.33261e-06 0.541509 6.07124e-05 0.00535297 0.125732 0.0834552 0.0103301 0.043383 1.05368e-08 
0.0654246 0.148243 0.0111857 0.0281597 0.0798143 0.0022367 0.343789 0.00629646 0.0315934 0.194444 0.0015386 0.00136737 0.0703323 0.0155748 
0.115758 0.000106059 0.0728516 2.84573e-07 0.00396791 6.47747e-05 0.533529 0.00763422 0.0248753 0.0640522 0.0160495 1.61981e-06 0.16111 1.78006e-08 
0.042534 0.221351 0.0156521 0.00259483 0.0742624 0.00279381 0.317571 0.0010401 0.0245638 0.113031 0.000230963 0.000456698 0.0300318 0.153886 
0.0614461 0.00862551 0.00021287 7.94474e-06 0.152829 0.00254351 0.45585 0.0305618 0.0632235 0.0432026 0.110879 0.000195204 0.0567585 0.0136644 
0.0893198 0.0353624 0.276998 2.91861e-05 0.0762454 0.000124923 0.358731 3.75486e-10 0.0718224 0.0742944 0.00454464 3.88511e-05 0.0123464 0.000141896 
0.0595155 4.39536e-09 0.00015084 1.82016e-08 3.23413e-06 1.94449e-08 0.914097 0.00100504 0.00294696 0.0116423 0.00225719 1.17246e-05 0.00836452 5.29025e-06 
0.0347486 0.0199371 0.01861 9.55115e-06 0.0581979 0.00917527 0.478002 0.0577197 0.0364886 0.011381 0.0981919 0.0690574 0.0650144 0.0434668 
0.143817 0.128243 0.00495521 4.93837e-06 0.153115 7.99278e-05 0.43715 0.0024044 0.0170982 0.0627129 0.000514338 0.000950173 0.0486834 0.000272266 
0.240343 0.00292993 2.11471e-05 3.30017e-09 6.12803e-10 3.52559e-09 0.279328 7.70391e-10 0.195965 0.194825 0.0849688 0.00161354 4.68722e-06 2.6589e-09 
0.0118124 0.0541429 0.0355343 0.00122615 0.126519 1.79446e-05 0.544548 0.00849454 0.0693623 0.0934758 0.0152977 6.21871e-05 0.0307666 0.00874061 
0.0548909 0.0987085 0.00445392 0.000517288 0.0685449 0.00117312 0.684415 0.00157312 0.00267688 0.0587165 0.00163621 6.42644e-05 0.021155 0.00147447 
0.0231 0.0476226 0.0819791 0.00551796 0.061901 5.62763e-05 0.735712 0.000210505 0.00394606 0.0131309 0.00306115 0.0155398 0.00820147 2.15242e-05 
0.0597577 0.20449 0.0193 2.56862e-05 0.00603414 3.08845e-05 0.642968 0.00416394 0.0019383 0.0543806 0.00125302 0.000336263 0.00532157 7.1197e-07 
0.0234435 0.0547238 0.000484811 5.85339e-05 0.200682 3.1319e-05 0.296517 0.00801885 0.15509 0.190778 0.00743585 8.7832e-06 0.0625216 0.00020669 
0.266461 0.200766 0.00410889 6.36034e-05 0.0512251 0.000445444 0.345956 1.43507e-05 0.0287401 0.0572292 0.0216113 3.84159e-05 0.0144461 0.0088947 
0.0202679 0.0456008 0.0212636 5.74151e-07 0.0121586 0.00140413 0.828785 1.10995e-07 0.000713537 0.0430691 0.0217027 3.99605e-05 0.00489532 9.8559e-05 
0.150536 0.00720795 1.91038e-09 5.24738e-09 0.022632 0.248946 0.404721 1.16249e-06 0.101954 0.0291712 0.0348256 3.93945e-06 5.77694e-10 1.57257e-06 
0.275717 0.00311012 0.0525939 0.00406986 0.284362 1.5448e-06 0.314214 1.25147e-10 1.27977e-06 0.0652537 2.23544e-06 0.000672757 1.47998e-07 6.07782e-07 
0.167393 0.012975 0.00999577 0.00309445 0.0326947 0.0361221 0.318656 0.029576 0.0296175 0.219617 0.0298734 0.00177642 0.107995 0.000611938 
0.0238856 0.00244521 0.0189229 6.00262e-06 0.000122075 2.90518e-05 0.837793 1.71953e-05 0.0534761 0.00444525 0.0207721 0.0241897 0.0134041 0.000492214 
0.0195977 0.00741173 0.0276796 0.0136669 0.0621235 2.64388e-06 0.557917 0.0152056 0.0257477 0.145751 0.0188696 0.00247714 0.103392 0.000157735 
0.0175725 0.0197179 0.00430844 0.000873984 0.00861304 7.89734e-06 0.903706 0.00138061 0.00252809 0.016681 0.0108796 2.20059e-05 0.0136858 2.35716e-05 
0.071682 0.000105087 0.0034154 4.04006e-05 0.000381565 3.05428e-07 0.707335 0.00105482 0.0328687 0.0112004 0.0753587 0.00919041 0.0857003 0.00166679 
0.109572 0.225455 1.10247e-06 0.000588952 0.00569163 2.53904e-07 0.621232 1.96193e-08 0.00168125 0.031566 8.48285e-07 9.65543e-08 0.00421196 1.90768e-07 
0.0562819 0.0265086 0.0831506 1.25885e-05 0.0290642 4.62577e-06 0.37343 7.47532e-05 0.114146 0.23197 0.00210633 5.81519e-06 0.0814124 0.00183233 
0.111151 0.0500882 0.0112415 1.32432e-05 0.00666289 1.8768e-05 0.756273 0.0132019 4.57847e-05 0.00977197 0.00161902 3.43645e-05 0.0398752 2.9692e-06 
0.134045 0.0258615 0.0151292 0.00478735 0.063452 3.87617e-05 0.440137 0.0307842 0.0323235 0.102221 0.0271882 0.0031924 0.120809 3.09414e-05 
0.311746 0.00806237 0.00108962 0.00178342 0.00672102 0.000267863 0.337674 0.049184 0.149156 0.035801 0.0572581 2.69167e-05 0.0412134 1.69273e-05 
0.182184 0.00201313 0.0117845 5.77524e-06 0.0407243 2.79704e-06 0.459095 0.000143912 0.0524156 0.0451402 0.0402662 0.000414365 0.148381 0.0174294 
0.0438268 0.0459273 8.36091e-06 0.00209675 0.0376458 0.000121118 0.440557 0.0190498 0.265262 0.00375416 0.00168463 1.76021e-05 0.140046 2.84208e-06 
0.0279998 0.0366435 0.158862 2.6295e-07 0.0384786 0.00018852 0.672884 2.73366e-06 0.0195034 0.0130454 0.0160906 1.66291e-07 0.0163004 8.1596e-07 
0.227633 0.00317452 0.000150215 1.7467e-06 0.0443458 9.94926e-06 0.619938 0.00275271 0.0260429 0.0136531 0.00480143 2.30978e-09 0.0574952 2.14725e-06 
0.111535 0.0471276 0.0038793 0.000287494 0.0109876 4.75045e-08 0.28856 0.00397046 0.165495 0.0880697 0.00504594 0.000212744 0.274829 2.14189e-07 
0.128025 0.0125806 0.0110279 3.98692e-05 0.00992606 0.00404744 0.4587 2.42184e-05 0.164222 0.0236271 0.0252804 1.04253e-05 0.161385 0.00110366 
0.00989195 0.0270342 0.0542555 0.00307692 0.069908 0.000496351 0.643716 0.00136245 0.00144269 0.163403 0.00543089 0.0166977 0.00264128 0.000642984 
0.0127067 0.240964 0.0227437 1.74363e-05 0.0188805 1.76406e-09 0.527826 1.68465e-07 0.0589824 0.0851558 0.0303092 6.39587e-10 0.00241418 1.3304e-09 
0.152761 0.0511945 0.0141583 2.44117e-05 0.0148345 0.000193411 0.433602 0.000125872 0.00613135 0.00292579 0.27009 0.0163025 0.0375628 9.36281e-05 
0.192044 0.00573725 0.0153155 0.0715365 0.031588 0.000101306 0.270566 0.0117104 0.10252 0.0508533 0.0520542 0.000171716 0.0695537 0.126248 
0.178484 0.0918775 0.000885891 5.09475e-05 0.00249997 1.44318e-05 0.431512 0.000932119 0.00377716 0.234134 0.00125814 4.01492e-05 0.0540361 0.000497732 
0.0532046 0.0234264 0.0203664 5.29501e-07 0.00177596 1.56083e-08 0.80972 0.000163384 8.15386e-05 0.0101961 0.00647454 5.65905e-09 0.0745906 1.72041e-07 
0.146214 0.143611 0.00651096 4.118e-05 0.00905692 4.33424e-06 0.432786 0.000314914 0.0619818 0.0316779 0.00190267 1.74656e-06 0.165845 5.21561e-05 
0.127411 0.0178807 0.243108 7.46508e-05 0.0192887 3.10069e-05 0.286135 0.00528805 0.156367 0.119162 0.0150671 5.33223e-05 0.0083918 0.0017422 
0.107674 0.0682272 0.0550117 0.000646879 0.0175937 0.000251241 0.546954 2.34704e-05 0.0455933 0.038612 0.0879962 0.00606393 0.024633 0.000719384 
0.00244385 0.00642799 0.00252741 0.000877969 0.0129431 1.24285e-05 0.919479 8.62456e-05 0.00168389 0.0230006 0.0189929 3.87529e-07 0.0115142 1.00868e-05 
0.165361 0.0139829 0.0534659 0.00157761 0.0125184 0.00185274 0.45864 0.0111824 0.018825 0.0699792 0.0264917 5.57554e-05 0.165732 0.000334935 
0.128294 0.209217 0.00318391 0.000306417 0.171496 0.000366951 0.372969 0.0148547 0.00951122 0.0283374 0.00483833 7.5355e-05 0.0563743 0.000176378 
0.0466105 0.0632552 0.0020727 0.0300363 0.0454846 3.17782e-06 0.57387 0.00269497 0.0187727 0.136408 0.00626048 6.56077e-05 0.0731246 0.0013415 
0.181098 0.00282702 0.00139461 0.015712 0.0330165 0.00290911 0.676039 0.00100866 0.000224031 0.0756707 0.00249868 5.26404e-06 0.00753207 6.49923e-05 
0.0214918 0.0275879 0.111738 1.25818e-05 0.0173312 1.40285e-05 0.785277 3.79684e-09 0.0223132 0.00672536 0.00126024 2.46312e-07 0.00624551 2.94051e-06 
0.0510901 0.0248042 0.138144 0.00253517 0.0532421 0.000160347 0.547021 0.00730786 0.0269953 0.0759093 0.0103694 0.000691882 0.0613523 0.000376793 
0.0746437 0.0101832 0.126104 0.000445222 0.0175586 1.11011e-06 0.63642 0.000202665 0.00221091 0.0899524 0.0199457 1.83869e-07 0.0223321 5.95604e-07 
0.0484462 0.0215512 0.063379 0.000709215 0.153684 0.000124961 0.45872 1.98903e-05 0.0381116 0.102144 0.0798766 0.00435918 0.0288748 4.61947e-08 
0.113759 0.0430721 8.83939e-05 8.55149e-06 0.017277 7.22616e-05 0.417955 0.0030176 0.174109 0.128175 0.0172345 0.000140009 0.0850235 6.89279e-05 
0.0466916 4.48933e-05 0.0205422 0.00117091 0.144413 0.000120763 0.416798 0.000280849 0.05221 0.0269959 0.244119 1.36792e-05 0.0465161 8.24902e-05 
0.157536 0.00103978 0.00130714 5.24425e-05 8.99877e-05 4.48365e-06 0.538815 0.00180562 0.00965089 0.0958572 0.00794148 2.19455e-06 0.185898 5.29592e-08 
0.0706385 0.0238357 0.0885684 0.000222143 0.0253141 0.000172355 0.357803 0.0034538 0.320735 0.0544698 0.00808339 3.73346e-06 0.0466722 2.78053e-05 
0.0153504 0.257359 3.57205e-05 4.32119e-06 0.00172988 1.74017e-06 0.72042 0.000184049 3.04195e-05 0.00392892 0.000247716 0.000378502 0.00032144 8.4534e-06 
0.261278 0.0171362 0.0446887 0.000183196 0.00770517 9.77788e-06 0.473258 0.0215348 0.00635711 0.133968 0.019357 0.0020329 0.00898612 0.00350467 
0.0624334 0.0768304 0.0174592 0.00302942 0.0517041 0.000140671 0.64965 0.00498316 0.00174401 0.073122 0.00176105 0.000792596 0.0511081 0.00524241 
0.324718 0.00139276 0.0279829 0.00843814 0.00435254 0.00414478 0.378909 0.0205021 0.0116523 0.0978391 0.0045175 0.0171731 0.0983205 5.74369e-05 
0.165175 0.000117858 2.21067e-07 1.04162e-06 7.31044e-07 6.84138e-08 0.590107 0.0147235 0.000696849 0.0964574 0.0201764 1.6109e-05 0.112528 6.08457e-09 
0.0533548 0.0422258 0.0498193 2.44257e-05 0.0596041 8.95506e-06 0.498062 6.89894e-06 0.0679851 0.215644 0.00363859 2.04543e-05 0.00960233 3.70115e-06 
0.253883 0.013025 0.00150281 4.03178e-06 0.00347815 0.000417799 0.515212 0.000229664 0.0019834 0.196235 0.00534777 1.0157e-05 0.00556103 0.00311011 
0.05822 0.143838 0.0030625 2.63728e-06 0.0497408 0.000368839 0.674201 0.00121033 0.00144209 0.0430254 0.00162282 5.00801e-05 0.0213142 0.00190169 
0.00372113 0.0978134 0.0187946 0.000156638 0.037717 0.000160054 0.563345 5.71218e-05 0.0153537 0.0579653 0.03202 0.112518 0.059832 0.000545449 
0.113901 0.15502 0.000759246 0.000120196 0.169987 0.00310923 0.410368 0.00196633 0.00496324 0.121277 0.000865573 0.000146509 0.013601 0.00391509 
