0.00275582 4.51613e-08 5.81997e-10 1.94544e-08 0.0147616 2.82653e-05 4.81831e-09 0.92524 0.000952877 5.21604e-07 0.00183295 0.000123293 0.0543047 2.37963e-12 
0.00275582 4.51613e-08 5.81997e-10 1.94544e-08 0.0147616 2.82653e-05 4.81831e-09 0.92524 0.000952877 5.21604e-07 0.00183295 0.000123293 0.0543047 2.37963e-12 
0.00946844 3.22269e-05 7.95313e-06 6.14785e-05 0.00115238 0.000635585 1.13361e-06 0.94715 0.000766628 0.00205053 0.00197447 1.49054e-05 0.0366827 1.99815e-06 
0.0807229 0.0626139 5.80529e-06 5.80362e-05 0.00168801 0.00925963 0.0032276 0.396604 0.309392 0.0346461 0.0392217 0.00116269 0.0613971 4.83919e-09 
3.30627e-05 4.26756e-05 7.35297e-05 5.4506e-06 4.77898e-05 1.06737e-05 7.03865e-05 0.998865 0.000152538 9.29917e-05 5.14256e-05 1.03421e-05 2.05156e-05 0.00052373 
0.030951 0.013723 4.54228e-05 6.43601e-06 0.00210527 9.69872e-06 0.000945069 0.759094 0.000865619 0.113714 0.00548914 1.26844e-05 0.0730364 2.12516e-06 
0.016498 0.00507985 0.00191043 0.000643693 0.0566508 0.000202627 0.0021028 0.738575 0.00310507 0.115793 0.00306849 0.000216254 0.056097 5.68812e-05 
0.0278481 0.313713 0.000715897 1.15411e-12 4.18325e-08 7.029e-09 0.0051882 0.534957 0.000927116 0.0927338 0.0076256 4.47023e-13 0.0162906 1.45996e-08 
0.030951 0.013723 4.54228e-05 6.43601e-06 0.00210527 9.69872e-06 0.000945069 0.759094 0.000865619 0.113714 0.00548914 1.26844e-05 0.0730364 2.12516e-06 
0.0458592 0.00351414 0.000274855 0.000123179 0.00525219 0.0201935 0.00147523 0.601559 0.0129524 0.0119838 0.0166731 5.87886e-05 0.280073 8.03565e-06 
0.0272672 0.0561449 0.0492237 3.10811e-06 0.00595198 4.62915e-06 0.00170089 0.446006 0.0028623 0.238772 0.0225027 6.05755e-06 0.149553 1.05666e-06 
0.117225 0.0171964 1.28526e-05 4.86043e-06 0.0202796 0.000320867 9.23855e-06 0.359748 0.256859 0.0365623 0.00626429 0.000327336 0.18519 1.88954e-08 
0.0172471 0.0270568 0.000361105 4.27775e-05 0.0064073 0.000368509 0.00175212 0.919758 0.000128565 0.0211703 0.000689005 1.66191e-07 0.00500758 1.05644e-05 
0.0522187 0.00173521 2.58402e-07 0.00969122 0.00684841 0.0442527 0.14477 0.350057 0.0119153 0.00719623 0.0290041 0.000126122 0.342185 3.21213e-07 
0.0477496 0.00355442 0.00249659 0.000704131 0.00559343 0.00276492 0.000926037 0.813496 0.00460835 0.0158438 0.00482526 4.87409e-05 0.0971945 0.000194659 
0.132058 0.0141474 0.00316248 7.8212e-08 0.0014862 2.93682e-05 0.00651436 0.510416 0.0176596 0.00126604 0.0110081 2.97896e-05 0.302166 5.63417e-05 
3.30627e-05 4.26756e-05 7.35297e-05 5.4506e-06 4.77898e-05 1.06737e-05 7.03865e-05 0.998865 0.000152538 9.29917e-05 5.14256e-05 1.03421e-05 2.05156e-05 0.00052373 
0.0442516 0.00580075 0.000567366 3.70235e-05 0.0119762 0.00129985 0.00176405 0.781095 0.00104664 0.0234297 0.00536599 2.6963e-05 0.123317 2.11026e-05 
0.0327882 0.00864818 0.0154305 4.06045e-06 0.000601305 0.00107792 0.00247854 0.290289 0.263422 0.194907 0.0386714 0.000427076 0.150715 0.000538575 
0.221285 0.00667707 0.00712873 8.9549e-05 0.0193447 0.000956611 0.0824963 0.298233 0.00788156 0.031986 0.0824788 5.78253e-07 0.241332 0.000111105 
0.0577644 0.0153748 0.0032687 6.21872e-05 0.00399137 0.00775752 0.000362828 0.302199 0.019834 0.2237 0.0410516 0.0231028 0.30149 4.15023e-05 
0.0320834 0.00156487 0.000667892 0.00201272 0.0175008 2.16506e-05 0.00539917 0.39822 0.0408011 0.0661785 0.192976 8.79115e-06 0.242564 8.3655e-07 
0.00275582 4.51613e-08 5.81997e-10 1.94544e-08 0.0147616 2.82653e-05 4.81831e-09 0.92524 0.000952877 5.21604e-07 0.00183295 0.000123293 0.0543047 2.37963e-12 
0.0617518 0.12791 0.0160142 3.87719e-05 0.00926875 1.49172e-05 0.07212 0.457355 9.81617e-05 0.0715961 0.00810206 9.41063e-07 0.174318 0.00141169 
0.00281405 0.00021335 0.000407897 0.000628053 0.000382162 6.29558e-09 0.000217745 0.851591 0.000149963 0.0212792 0.00720636 5.42305e-07 0.11511 1.41695e-07 
0.0153045 2.9731e-05 3.83932e-06 0.000190017 0.000914333 0.0436016 2.0776e-05 0.467435 0.000306719 0.00202659 0.00305191 2.76983e-06 0.467112 1.87915e-07 
0.0114272 0.000748271 0.000335813 0.000576948 0.00964882 0.000127013 0.00074111 0.829773 0.00351966 0.0277897 0.0112573 0.000133293 0.10384 8.18505e-05 
0.0216741 0.0114841 0.00194383 0.00396059 0.0324844 0.0155957 0.00330289 0.663175 0.0690562 0.0938714 0.0105241 0.00195315 0.0708334 0.000141226 
0.00252521 0.000903403 0.000162497 3.30023e-10 0.000283301 1.83577e-12 0.00089086 0.949077 0.00102515 0.00372007 0.0169615 6.6559e-13 0.0244506 7.89313e-09 
0.00252521 0.000903403 0.000162497 3.30023e-10 0.000283301 1.83577e-12 0.00089086 0.949077 0.00102515 0.00372007 0.0169615 6.6559e-13 0.0244506 7.89313e-09 
0.0294366 0.000316042 0.00017767 9.47757e-05 0.0152486 0.000497963 9.56513e-05 0.77416 0.0063288 0.0497307 0.0116438 3.48251e-05 0.112124 0.000111094 
0.030951 0.013723 4.54228e-05 6.43601e-06 0.00210527 9.69872e-06 0.000945069 0.759094 0.000865619 0.113714 0.00548914 1.26844e-05 0.0730364 2.12516e-06 
0.148167 0.0129995 0.000389529 0.00208085 0.148569 0.000131703 0.000727679 0.312428 0.0179891 0.280608 0.00626691 0.0178927 0.0516926 5.69403e-05 
0.00830613 0.000102132 8.52459e-06 1.86904e-05 5.1683e-05 0.000352571 0.00328688 0.901592 0.00184308 0.00101337 0.007242 5.12407e-07 0.076181 1.30828e-06 
0.0211006 0.000225745 0.000126908 7.01543e-05 0.011054 0.000355692 6.8323e-05 0.835413 0.00454944 0.0356384 0.00843672 2.48755e-05 0.0828567 7.93539e-05 
0.020634 0.0091487 3.02828e-05 4.29194e-06 0.00140352 6.46665e-06 0.000631224 0.83073 0.000577084 0.0758092 0.00375233 8.45714e-06 0.0572627 1.4192e-06 
0.0553343 0.00127818 3.26355e-06 3.54562e-05 0.00379519 0.00359727 0.000330642 0.844368 0.000263476 0.00324717 0.00089456 5.35442e-05 0.0867985 6.50779e-08 
0.030951 0.013723 4.54228e-05 6.43601e-06 0.00210527 9.69872e-06 0.000945069 0.759094 0.000865619 0.113714 0.00548914 1.26844e-05 0.0730364 2.12516e-06 
0.0404909 0.00447974 0.00112569 3.61944e-05 0.00681227 0.000249596 0.00320224 0.82232 0.0037281 0.0280669 0.00443851 1.78957e-05 0.0845261 0.000506252 
0.0352392 0.00548057 0.000425918 0.00315738 0.0343497 0.116416 0.000853252 0.316059 0.0234376 0.0539879 0.0991156 0.00122865 0.310146 0.000103313 
0.0141514 0.00369578 0.00111882 0.00153354 0.00926645 0.000221561 0.000448138 0.702677 0.00402331 0.0350401 0.0040113 0.000151382 0.223583 7.82437e-05 
0.0211006 0.000225745 0.000126908 7.01543e-05 0.011054 0.000355692 6.8323e-05 0.835413 0.00454944 0.0356384 0.00843672 2.48755e-05 0.0828567 7.93539e-05 
0.0485212 0.00521277 0.000167742 0.0173546 0.0114472 0.0250821 0.000524376 0.442661 0.00285286 0.012449 0.00895639 3.09888e-05 0.424702 3.77938e-05 
0.0701843 0.00196949 0.00482701 0.00162295 0.00871197 0.00062773 0.00126139 0.403988 0.0100127 0.119242 0.0114063 4.48661e-05 0.365736 0.000365294 
0.0943294 0.00787989 0.00578258 0.00364514 0.0553779 0.00433952 0.00246555 0.637123 0.01343 0.0622911 0.0140993 0.00141539 0.097785 3.59799e-05 
0.0284227 0.0016678 1.65388e-05 0.000109142 0.00518138 0.107738 0.000218395 0.717489 0.000886011 0.00505878 0.00537547 1.85025e-05 0.127811 6.21939e-06 
0.13167 0.0179004 0.00133231 0.00181296 0.0236871 4.83774e-05 0.0134274 0.487874 0.0210566 0.0346769 0.0445494 0.000361753 0.221595 7.41347e-06 
0.0131864 0.00263243 0.000172616 0.000167377 0.00421208 0.000315447 0.000603894 0.842762 0.00371477 0.01809 0.00767728 5.6708e-05 0.105534 0.00087413 
0.00275582 4.51613e-08 5.81997e-10 1.94544e-08 0.0147616 2.82653e-05 4.81831e-09 0.92524 0.000952877 5.21604e-07 0.00183295 0.000123293 0.0543047 2.37963e-12 
0.0148497 0.000170565 0.000224193 4.73218e-05 0.0093388 3.84582e-06 0.000451462 0.648132 0.000972493 0.0168445 0.0151676 0.00038337 0.293405 9.66901e-06 
0.0796799 0.00236064 0.0153965 0.00543262 0.028947 0.000595459 0.0267825 0.640963 0.0514534 0.0698927 0.00658351 0.0002005 0.0704555 0.00125722 
3.30627e-05 4.26756e-05 7.35297e-05 5.4506e-06 4.77898e-05 1.06737e-05 7.03865e-05 0.998865 0.000152538 9.29917e-05 5.14256e-05 1.03421e-05 2.05156e-05 0.00052373 
0.0297118 0.00276394 5.73145e-05 8.77631e-05 0.0700878 0.0226037 0.00113634 0.603914 0.0104415 0.0589003 0.00765851 3.95726e-06 0.192633 2.29412e-08 
0.0663947 0.00116921 0.000353447 0.0560128 0.011988 0.00567086 0.000361363 0.414639 0.00401167 0.0175696 0.0168742 2.94982e-05 0.404859 6.75198e-05 
0.00860799 0.00678332 0.000710152 3.50724e-05 0.0184393 0.000303334 0.00143158 0.915186 0.000798033 0.0322762 0.00284965 2.15317e-05 0.0125497 8.02062e-06 
0.0371383 0.00345381 7.13686e-05 0.000109502 0.0876044 0.0282503 0.00141947 0.614857 0.00349331 0.0558978 0.00957199 4.89937e-06 0.158128 2.53745e-08 
0.154088 0.0235606 5.37552e-05 0.0002316 0.00698652 0.0636682 0.00203852 0.411219 0.00982833 0.105625 0.0285879 0.000104609 0.194008 5.55747e-07 
0.0294248 0.000482502 5.76902e-08 3.28121e-11 0.00120298 1.44315e-07 0.00152631 0.646767 4.68719e-05 0.000290154 0.0105882 1.85738e-05 0.309652 2.64363e-11 
0.0553165 0.00495861 6.87725e-07 7.93784e-06 0.000756068 0.00851023 0.000555481 0.456754 0.0665257 0.0341688 0.0492923 3.04717e-05 0.323077 4.67001e-05 
0.0128999 0.0100721 0.00261989 6.0434e-05 0.00698816 5.8524e-05 0.00129732 0.923081 0.000191379 0.0354569 0.000672503 7.46245e-06 0.00474455 0.00184981 
0.106356 0.14291 0.00568558 0.000129771 0.0228782 0.0152823 0.00190073 0.314509 0.0395583 0.100585 0.022406 8.42703e-05 0.227687 2.8275e-05 
0.00556506 0.000488787 0.000334509 0.00240798 0.0011721 0.000236498 0.000322127 0.847963 0.00247599 0.0471594 0.0112712 1.01023e-05 0.0805886 4.3389e-06 
0.00787881 0.00618105 0.0339979 0.000185563 0.0193388 4.22323e-05 0.000948686 0.776071 0.034536 0.0550577 0.0108638 0.0001115 0.0546079 0.000179278 
0.00483083 0.0111611 0.00196494 3.83348e-06 5.89312e-07 3.85101e-06 0.00642919 0.837615 0.000730741 0.00549453 0.00198663 3.32955e-06 0.129774 1.86942e-06 
0.0485212 0.00521277 0.000167742 0.0173546 0.0114472 0.0250821 0.000524376 0.442661 0.00285286 0.012449 0.00895639 3.09888e-05 0.424702 3.77938e-05 
0.0668839 0.0043561 0.000558223 0.000132343 0.00241387 3.91493e-05 0.00132791 0.399181 0.0149304 0.119141 0.0466259 7.29558e-06 0.34389 0.000512845 
0.0538838 0.029048 2.16279e-05 0.000323515 0.00835851 0.00303318 0.000288775 0.648499 0.0022137 0.0277811 0.029011 1.01831e-05 0.197406 0.000121747 
0.00543775 0.00204483 5.23184e-09 1.55172e-06 0.000230398 3.52753e-09 0.000661408 0.832138 6.05794e-05 7.54688e-06 0.00204278 2.70636e-05 0.157334 1.39645e-05 
0.257331 0.041512 0.0208422 0.0112694 0.0507528 0.00076126 0.0967764 0.310511 0.014003 0.05786 0.0148672 0.00246161 0.121048 3.9238e-06 
0.00275582 4.51613e-08 5.81997e-10 1.94544e-08 0.0147616 2.82653e-05 4.81831e-09 0.92524 0.000952877 5.21604e-07 0.00183295 0.000123293 0.0543047 2.37963e-12 
0.00946844 3.22269e-05 7.95313e-06 6.14785e-05 0.00115238 0.000635585 1.13361e-06 0.94715 0.000766628 0.00205053 0.00197447 1.49054e-05 0.0366827 1.99815e-06 
0.192916 0.17734 0.0107304 2.85629e-05 0.0401542 0.000210527 0.00319092 0.366524 0.0223873 0.0785983 0.0309697 0.00017905 0.0684697 0.00830074 
0.0364389 0.0228116 0.00258204 1.46281e-05 0.0132092 0.000321246 0.00175343 0.437533 0.0237824 0.0713217 0.0217363 6.15523e-05 0.363836 0.00459805 
0.030951 0.013723 4.54228e-05 6.43601e-06 0.00210527 9.69872e-06 0.000945069 0.759094 0.000865619 0.113714 0.00548914 1.26844e-05 0.0730364 2.12516e-06 
0.00765733 0.00391479 0.00443238 5.75242e-07 0.0183637 5.75207e-07 5.75495e-07 0.718322 0.0478345 0.0348305 0.0171521 5.75548e-07 0.144556 0.00293481 
0.135829 0.00147935 8.38394e-05 0.000147811 0.00428282 0.00158909 0.000500401 0.497013 0.00641879 0.0202368 0.0497849 6.35882e-08 0.282623 1.0468e-05 
0.0120681 0.0132456 0.00281033 7.38388e-05 0.0756032 5.62968e-05 0.00433686 0.702798 0.00152807 0.181794 0.000663649 4.93561e-05 0.00496504 7.69246e-06 
0.0324285 0.0509111 5.09519e-05 8.6665e-05 0.00368348 0.0136511 0.000751886 0.781783 0.00616338 0.0171022 0.00717267 0.00010732 0.0860876 1.97675e-05 
0.0202906 0.00646611 0.00971877 2.92412e-05 0.0179828 0.0153222 0.00117349 0.377337 0.0831143 0.102042 0.128883 0.000152631 0.233853 0.00363462 
0.0151774 0.00413758 0.000838456 0.000209769 0.00448208 0.000208494 0.000175824 0.769162 0.00331032 0.0277773 0.00463582 1.20674e-05 0.169836 3.73062e-05 
0.0517438 0.00178969 0.000148512 0.00254339 0.0439648 8.77898e-05 0.00024484 0.468389 0.00375625 0.030827 0.00794802 0.000302255 0.388255 7.45495e-09 
0.0546934 0.0092895 0.000680538 5.72079e-05 0.00471729 0.0303568 0.00084026 0.600759 0.00242694 0.0315476 0.0379015 1.85443e-05 0.226674 3.70731e-05 
0.0167065 0.000146858 2.72736e-06 0.000124209 0.004654 0.131445 3.97843e-05 0.706155 0.000419616 0.00147701 0.00553619 1.53342e-05 0.133277 1.45878e-07 
0.147636 0.00393566 7.57057e-06 3.93355e-05 0.00197828 0.0121795 0.00107281 0.700412 0.000460937 0.00922178 0.000853966 6.73231e-06 0.122195 2.5536e-07 
0.0651442 0.0048709 1.23887e-06 0.0633644 0.00207524 0.0174434 0.000661892 0.459833 0.00149849 0.00820941 0.00881987 2.32817e-05 0.368053 1.23818e-06 
0.0196432 0.000649161 2.30805e-06 0.0277091 0.00211759 0.0325587 7.95298e-05 0.606182 0.0005296 0.00279575 0.00788469 6.41946e-06 0.29984 2.30736e-06 
0.0718842 0.0121556 0.0017491 0.000140886 0.0171666 0.00542467 0.00738256 0.700022 0.00833248 0.0463898 0.00929541 0.00749141 0.111958 0.000607187 
0.030951 0.013723 4.54228e-05 6.43601e-06 0.00210527 9.69872e-06 0.000945069 0.759094 0.000865619 0.113714 0.00548914 1.26844e-05 0.0730364 2.12516e-06 
0.0361085 0.000705595 5.47562e-05 7.71929e-05 0.00836121 0.000425229 0.000236603 0.884303 0.00164857 0.0113699 0.00276848 6.08685e-05 0.0538637 1.63131e-05 
0.00946844 3.22269e-05 7.95313e-06 6.14785e-05 0.00115238 0.000635585 1.13361e-06 0.94715 0.000766628 0.00205053 0.00197447 1.49054e-05 0.0366827 1.99815e-06 
0.0270836 0.00246846 0.000515925 6.64922e-05 0.0010503 1.13191e-07 0.00192078 0.522366 0.0117832 0.00479937 0.0167617 3.91694e-06 0.411168 1.20672e-05 
0.020634 0.0091487 3.02828e-05 4.29194e-06 0.00140352 6.46665e-06 0.000631224 0.83073 0.000577084 0.0758092 0.00375233 8.45714e-06 0.0572627 1.4192e-06 
0.0226731 0.000352451 0.000430276 0.00198647 0.0282621 0.000476195 0.000479713 0.68673 0.00622362 0.0588339 0.00707393 0.000499809 0.185765 0.000212662 
0.0226731 0.000352451 0.000430276 0.00198647 0.0282621 0.000476195 0.000479713 0.68673 0.00622362 0.0588339 0.00707393 0.000499809 0.185765 0.000212662 
0.0176347 0.000274131 0.00033535 0.00167267 0.0220995 0.000370379 0.000373113 0.720123 0.00503313 0.0457597 0.00665729 0.000388742 0.179111 0.000167833 
0.000654 0.000108505 5.44262e-05 3.03929e-07 5.38584e-05 1.00931e-06 7.20624e-06 0.966769 0.000457298 0.000206182 0.00104335 6.89656e-07 0.030644 5.70625e-09 
0.00946844 3.22269e-05 7.95313e-06 6.14785e-05 0.00115238 0.000635585 1.13361e-06 0.94715 0.000766628 0.00205053 0.00197447 1.49054e-05 0.0366827 1.99815e-06 
0.124697 0.0150304 0.00605728 0.000202527 0.0308305 0.00710464 0.00642849 0.368123 0.0419818 0.10824 0.105241 0.000183273 0.185741 0.000139242 
0.00252521 0.000903403 0.000162497 3.30023e-10 0.000283301 1.83577e-12 0.00089086 0.949077 0.00102515 0.00372007 0.0169615 6.6559e-13 0.0244506 7.89313e-09 
8.9919e-08 9.02584e-07 0.000447927 3.00213e-11 0.0177334 5.48463e-07 0.00299612 0.574357 0.320747 0.0136316 0.00309739 4.68303e-05 0.066941 8.46815e-08 
0.0410382 0.00201853 0.000385786 0.000158231 0.00332684 4.07358e-05 0.000836061 0.911646 0.00160667 0.0089391 0.00151344 9.93307e-06 0.0281485 0.000331921 
0.0111743 0.00589372 0.000213259 0.000603892 0.00304865 6.63784e-06 0.000390257 0.86463 0.0038422 0.0331826 0.00309315 1.59134e-05 0.0737662 0.000139652 
0.0297118 0.00276394 5.73145e-05 8.77631e-05 0.0700878 0.0226037 0.00113634 0.603914 0.0104415 0.0589003 0.00765851 3.95726e-06 0.192633 2.29412e-08 
0.0211006 0.000225745 0.000126908 7.01543e-05 0.011054 0.000355692 6.8323e-05 0.835413 0.00454944 0.0356384 0.00843672 2.48755e-05 0.0828567 7.93539e-05 
0.000458058 0.000854211 0.000172191 8.99926e-06 4.54789e-05 2.62142e-06 3.16804e-05 0.953365 0.000399364 0.0311753 0.000496964 3.58573e-06 0.0129841 2.14393e-06 
0.020634 0.0091487 3.02828e-05 4.29194e-06 0.00140352 6.46665e-06 0.000631224 0.83073 0.000577084 0.0758092 0.00375233 8.45714e-06 0.0572627 1.4192e-06 
0.0928296 0.006996 0.000229167 3.66272e-05 0.0939857 0.000203788 0.00478261 0.319659 0.313023 0.0267587 0.00839368 0.000578922 0.132379 0.000144607 
0.00946844 3.22269e-05 7.95313e-06 6.14785e-05 0.00115238 0.000635585 1.13361e-06 0.94715 0.000766628 0.00205053 0.00197447 1.49054e-05 0.0366827 1.99815e-06 
0.0252612 0.00346922 0.000218341 0.000196187 0.0103679 0.00104095 0.000758523 0.84268 0.00757668 0.026589 0.00390654 0.000156231 0.0739066 0.00387308 
0.130511 0.0285186 0.0163531 0.00312499 0.0664862 0.000376429 0.0275304 0.53709 0.0026359 0.158462 0.0127518 1.6369e-07 0.0143265 0.00183283 
0.00830613 0.000102132 8.52459e-06 1.86904e-05 5.1683e-05 0.000352571 0.00328688 0.901592 0.00184308 0.00101337 0.007242 5.12407e-07 0.076181 1.30828e-06 
0.020634 0.0091487 3.02828e-05 4.29194e-06 0.00140352 6.46665e-06 0.000631224 0.83073 0.000577084 0.0758092 0.00375233 8.45714e-06 0.0572627 1.4192e-06 
0.0726396 0.0412431 0.00183435 0.000690045 0.0273999 0.0049204 0.0145082 0.532813 0.0144602 0.0907817 0.0110292 1.01657e-05 0.186956 0.000714227 
0.0218714 0.00277162 1.20632e-10 3.3135e-10 0.00156655 0.000412156 0.000543846 0.751603 0.00106528 0.00231322 0.000194342 7.03227e-07 0.217658 2.66964e-10 
0.0176347 0.000274131 0.00033535 0.00167267 0.0220995 0.000370379 0.000373113 0.720123 0.00503313 0.0457597 0.00665729 0.000388742 0.179111 0.000167833 
1.40359e-05 3.67057e-13 3.68257e-10 2.16728e-06 0.00123909 7.07589e-09 7.50386e-13 0.981982 2.74841e-05 3.05355e-10 0.000497256 5.05587e-08 0.0162382 1.22466e-12 
0.00946844 3.22269e-05 7.95313e-06 6.14785e-05 0.00115238 0.000635585 1.13361e-06 0.94715 0.000766628 0.00205053 0.00197447 1.49054e-05 0.0366827 1.99815e-06 
0.130511 0.0285186 0.0163531 0.00312499 0.0664862 0.000376429 0.0275304 0.53709 0.0026359 0.158462 0.0127518 1.6369e-07 0.0143265 0.00183283 
0.0130983 0.00490147 1.63727e-05 1.25974e-05 0.000797505 3.47049e-06 0.000337569 0.634343 0.00049727 0.0406122 0.00756222 4.53629e-06 0.297812 2.13256e-06 
0.0415974 0.00260649 0.00179156 0.0855924 0.00498339 1.25331e-06 0.00238822 0.352306 0.0266145 0.0358841 0.135831 4.74625e-06 0.310395 3.64419e-06 
0.00983353 0.00188781 0.00013549 0.000508036 0.00703224 0.000102989 0.000285145 0.840588 0.00170884 0.0265217 0.00457479 0.000110886 0.106656 5.46285e-05 
0.000654 0.000108505 5.44262e-05 3.03929e-07 5.38584e-05 1.00931e-06 7.20624e-06 0.966769 0.000457298 0.000206182 0.00104335 6.89656e-07 0.030644 5.70625e-09 
0.00569864 0.00974788 0.00291852 5.10359e-05 0.0725529 0.000155716 0.00438285 0.778677 0.000474407 0.123728 0.000295936 1.65115e-05 0.00129478 6.49495e-06 
0.030951 0.013723 4.54228e-05 6.43601e-06 0.00210527 9.69872e-06 0.000945069 0.759094 0.000865619 0.113714 0.00548914 1.26844e-05 0.0730364 2.12516e-06 
0.141389 0.00334751 6.68522e-06 3.50282e-05 0.00189343 0.00888827 0.000865895 0.711316 0.000414548 0.00841685 0.000841376 6.10476e-06 0.122579 1.68875e-07 
0.026937 0.00114729 7.25825e-06 6.79849e-05 0.0091907 0.0434554 9.52223e-05 0.795825 0.00121748 0.0152559 0.00391684 0.000174121 0.102708 2.37862e-06 
0.0297118 0.00276394 5.73145e-05 8.77631e-05 0.0700878 0.0226037 0.00113634 0.603914 0.0104415 0.0589003 0.00765851 3.95726e-06 0.192633 2.29412e-08 
0.0120681 0.0132456 0.00281033 7.38388e-05 0.0756032 5.62968e-05 0.00433686 0.702798 0.00152807 0.181794 0.000663649 4.93561e-05 0.00496504 7.69246e-06 
0.00830613 0.000102132 8.52459e-06 1.86904e-05 5.1683e-05 0.000352571 0.00328688 0.901592 0.00184308 0.00101337 0.007242 5.12407e-07 0.076181 1.30828e-06 
0.000664474 0.00128131 0.000258278 1.15701e-05 7.42439e-08 3.93165e-06 4.75196e-05 0.932083 0.000579708 0.0465061 0.000695261 5.37831e-06 0.0178605 3.2156e-06 
0.00691512 0.00298845 0.00489635 0.000431481 0.00365829 1.51778e-05 0.000197956 0.9007 0.0020031 0.0423874 0.00517795 6.87729e-05 0.0305486 1.14474e-05 
0.0344774 0.0964002 6.41694e-06 5.57038e-09 4.52854e-08 4.84225e-05 0.00440582 0.457743 0.0054976 0.130894 0.0105985 5.85625e-06 0.259923 1.27034e-09 
0.0866971 0.00175707 0.000175301 0.000126243 0.00885129 0.00105892 0.000327406 0.678733 0.0169019 0.0865317 0.00910031 7.3626e-05 0.109661 5.67987e-06 
0.0255699 0.0124371 7.87976e-05 6.89401e-06 0.00352161 8.88134e-09 0.000761874 0.558851 0.000771888 0.00503539 0.00623629 0.0836651 0.302941 0.000123178 
0.123943 0.00135415 1.33042e-08 2.23658e-05 2.75842e-08 8.18357e-06 0.00670671 0.648845 0.000376249 0.206097 0.00459585 5.52716e-10 0.00804838 2.97437e-06 
0.0196432 0.000649161 2.30805e-06 0.0277091 0.00211759 0.0325587 7.95298e-05 0.606182 0.0005296 0.00279575 0.00788469 6.41946e-06 0.29984 2.30736e-06 
0.0458937 0.00945256 0.00180142 0.000996578 0.0194158 0.0170248 0.00213483 0.741336 0.0102494 0.0343447 0.0174765 0.00107849 0.0986068 0.000188428 
0.210174 0.00510406 9.64908e-09 9.97368e-08 0.183532 1.66457e-11 5.66913e-07 0.255166 0.211139 0.00921492 0.00599343 3.80276e-08 0.119675 5.44845e-07 
0.0664339 0.0154034 0.00200871 0.000320991 0.0202128 0.00452813 0.0146723 0.534484 0.0268226 0.0470669 0.00599789 0.000710019 0.204778 0.0565606 
0.0488091 0.000666773 0.000107396 4.433e-07 0.00640839 0.0188045 0.000374358 0.527679 0.103844 0.000585626 0.0418076 4.29003e-05 0.250869 1.32409e-06 
0.123943 0.00135415 1.33042e-08 2.23658e-05 2.75842e-08 8.18357e-06 0.00670671 0.648845 0.000376249 0.206097 0.00459585 5.52716e-10 0.00804838 2.97437e-06 
0.151438 0.0060176 0.00308616 0.00951035 0.0555834 0.00112064 0.00228255 0.427528 0.0119316 0.225195 0.00496526 0.0164722 0.0843611 0.000508743 
0.00749008 0.00375442 0.000516693 0.00129683 0.149751 0.00424587 1.10233e-05 0.358367 0.21594 0.0675517 0.0240921 0.000785266 0.127966 0.0382321 
0.126862 0.012395 0.00149105 0.00104911 0.0377615 0.00158199 0.00305416 0.484688 0.00877618 0.107871 0.0270651 0.000403618 0.186338 0.000664042 
0.0224213 0.0214279 0.00422359 0.00721647 0.0111522 0.000452209 0.010116 0.735497 0.00808873 0.0411997 0.0081768 0.000105352 0.121133 0.00878892 
0.029263 1.87874e-05 1.24934e-09 3.49673e-08 0.00204045 4.1241e-07 0.000110161 0.526089 0.0183629 0.0304925 0.00859855 0.00019036 0.384833 1.97497e-09 
0.0327071 0.00293921 1.16484e-05 2.69413e-08 0.000924339 1.2145e-06 0.000310062 0.954601 2.6704e-06 4.19949e-05 0.000628846 1.16983e-06 0.00783031 3.5929e-09 
0.0149955 0.0210513 0.00024774 4.26982e-05 0.00587896 0.000195071 0.0014842 0.929674 0.0001244 0.0206303 0.000697778 1.09889e-09 0.00496851 9.13205e-06 
0.00946844 3.22269e-05 7.95313e-06 6.14785e-05 0.00115238 0.000635585 1.13361e-06 0.94715 0.000766628 0.00205053 0.00197447 1.49054e-05 0.0366827 1.99815e-06 
0.263629 0.000134755 1.00303e-06 2.35874e-05 3.61431e-05 0.00248741 0.000844898 0.42954 0.0155847 0.177236 0.00694511 1.81506e-05 0.103513 5.91841e-06 
0.0547547 0.0138947 0.00101612 0.000343074 0.0172036 1.02349e-05 0.00803168 0.55492 0.00826542 0.0095801 0.0154377 0.00318067 0.313295 6.79661e-05 
0.0323085 0.00522864 0.00149318 0.000439795 0.0186445 0.000303922 0.00163162 0.808437 0.00476153 0.0317197 0.0145394 0.000184423 0.0789533 0.00135452 
0.0577644 0.0153748 0.0032687 6.21872e-05 0.00399137 0.00775752 0.000362828 0.302199 0.019834 0.2237 0.0410516 0.0231028 0.30149 4.15023e-05 
0.0112976 0.0003337 0.00143411 1.5166e-05 0.00276546 0.000976254 0.00096938 0.716984 0.0621178 0.0722601 0.0205184 0.000231104 0.108782 0.00131424 
0.008568 0.000154238 0.00125204 6.88863e-05 0.00523041 0.000255693 0.000315248 0.879361 0.0105506 0.0420306 0.00434469 0.000154562 0.0475204 0.000193299 
0.0149955 0.0210513 0.00024774 4.26982e-05 0.00587896 0.000195071 0.0014842 0.929674 0.0001244 0.0206303 0.000697778 1.09889e-09 0.00496851 9.13205e-06 
0.0500736 0.00508777 0.0013715 0.000560475 0.00542949 0.00376184 0.0166349 0.527773 0.0947867 0.0639521 0.0258712 5.95389e-05 0.204061 0.000576691 
0.0187197 0.0041994 0.00387961 0.000256544 0.00140701 1.59626e-05 0.00338149 0.901022 0.000467827 0.0151194 0.00451039 2.11304e-06 0.0470173 1.63137e-06 
0.00543775 0.00204483 5.23184e-09 1.55172e-06 0.000230398 3.52753e-09 0.000661408 0.832138 6.05794e-05 7.54688e-06 0.00204278 2.70636e-05 0.157334 1.39645e-05 
0.0815492 0.00593065 0.000363895 3.12192e-05 0.00598595 0.00164263 0.000684545 0.712149 0.00252576 0.02214 0.0084901 1.41965e-05 0.153422 0.00507043 
0.0255699 0.0124371 7.87976e-05 6.89401e-06 0.00352161 8.88134e-09 0.000761874 0.558851 0.000771888 0.00503539 0.00623629 0.0836651 0.302941 0.000123178 
0.0272672 0.0561449 0.0492237 3.10811e-06 0.00595198 4.62915e-06 0.00170089 0.446006 0.0028623 0.238772 0.0225027 6.05755e-06 0.149553 1.05666e-06 
0.0206452 0.000417936 0.00111145 0.00166242 0.0153399 0.000178266 0.000262857 0.570922 0.00976042 0.125708 0.00784012 4.07642e-05 0.24495 0.00116087 
0.0130456 0.0027069 0.00466927 3.10911e-05 0.0174608 0.000193607 0.00449116 0.746744 0.0189031 0.0568719 0.00655239 1.57045e-05 0.128292 2.31531e-05 
0.00252521 0.000903403 0.000162497 3.30023e-10 0.000283301 1.83577e-12 0.00089086 0.949077 0.00102515 0.00372007 0.0169615 6.6559e-13 0.0244506 7.89313e-09 
0.0173139 7.81268e-05 0.0001544 4.85386e-06 0.00288879 0.000714737 0.00122776 0.619697 0.0237329 0.0283195 0.00939126 7.76624e-05 0.287575 0.00882413 
0.0194973 0.000276609 0.0003896 0.000364717 0.0113519 0.00182449 0.000276924 0.80938 0.0112772 0.0385833 0.00862457 0.000184679 0.0975319 0.000436843 
0.0211006 0.000225745 0.000126908 7.01543e-05 0.011054 0.000355692 6.8323e-05 0.835413 0.00454944 0.0356384 0.00843672 2.48755e-05 0.0828567 7.93539e-05 
0.132058 0.0141474 0.00316248 7.8212e-08 0.0014862 2.93682e-05 0.00651436 0.510416 0.0176596 0.00126604 0.0110081 2.97896e-05 0.302166 5.63417e-05 
0.0176347 0.000274131 0.00033535 0.00167267 0.0220995 0.000370379 0.000373113 0.720123 0.00503313 0.0457597 0.00665729 0.000388742 0.179111 0.000167833 
0.0234954 0.00780403 0.000770387 7.09095e-05 0.00786838 0.119856 0.00218625 0.445701 0.0126498 0.0181151 0.00777453 2.32591e-05 0.353603 8.2393e-05 
0.0078624 0.00413996 2.71887e-07 9.33814e-09 0.0102578 0.0434848 0.00156609 0.495475 0.353793 0.0143202 0.000784206 0.000640058 0.067595 8.09889e-05 
0.00405838 0.00154126 2.20949e-05 2.47942e-08 0.000136312 1.55005e-07 0.00133619 0.787101 0.0013947 0.00186787 0.00895493 9.50977e-07 0.193563 2.24995e-05 
0.0485212 0.00521277 0.000167742 0.0173546 0.0114472 0.0250821 0.000524376 0.442661 0.00285286 0.012449 0.00895639 3.09888e-05 0.424702 3.77938e-05 
0.0379477 0.0177834 0.000528034 8.52709e-05 0.0392052 0.000230561 0.000909372 0.524701 0.00646585 0.0938554 0.0111683 3.12106e-05 0.267088 6.28841e-07 
0.00946844 3.22269e-05 7.95313e-06 6.14785e-05 0.00115238 0.000635585 1.13361e-06 0.94715 0.000766628 0.00205053 0.00197447 1.49054e-05 0.0366827 1.99815e-06 
0.0538838 0.029048 2.16279e-05 0.000323515 0.00835851 0.00303318 0.000288775 0.648499 0.0022137 0.0277811 0.029011 1.01831e-05 0.197406 0.000121747 
0.185661 0.0199201 6.42493e-07 6.4214e-07 0.0181218 6.42101e-07 0.0301945 0.577668 0.00417729 0.0363747 0.0299405 6.42481e-07 0.0979384 6.42247e-07 
0.025636 0.000646031 0.000553768 0.00051854 0.0138865 0.0781652 0.000776354 0.672131 0.0177127 0.0246092 0.00859114 0.000219399 0.155704 0.000849651 
0.0272672 0.0561449 0.0492237 3.10811e-06 0.00595198 4.62915e-06 0.00170089 0.446006 0.0028623 0.238772 0.0225027 6.05755e-06 0.149553 1.05666e-06 
0.0297118 0.00276394 5.73145e-05 8.77631e-05 0.0700878 0.0226037 0.00113634 0.603914 0.0104415 0.0589003 0.00765851 3.95726e-06 0.192633 2.29412e-08 
0.00264412 0.000154044 0.000602719 7.4669e-06 0.00130417 0.000451079 0.000430694 0.810698 0.0280074 0.0348339 0.0200892 0.00010669 0.100064 0.000606773 
0.343843 0.0222903 7.2994e-05 3.33925e-05 0.0131462 1.28494e-05 0.00288493 0.536249 0.00870261 0.0244763 0.00559652 7.90419e-06 0.0424978 0.000186185 
0.10749 3.52945e-07 2.32351e-11 3.57466e-07 0.0437935 0.00012606 6.32972e-06 0.304472 2.80864e-05 0.277543 5.74571e-06 2.34349e-06 0.266529 2.88473e-06 
0.0396731 0.00352341 0.00227658 0.0322065 0.0832589 7.44973e-05 0.0053646 0.435712 0.0836818 0.0574183 0.0263766 0.00615199 0.203048 0.0212337 
0.0076167 3.1772e-05 8.62454e-08 3.63452e-05 0.00126041 0.000969727 9.55461e-05 0.645244 0.00513373 0.0130851 0.00290917 2.83827e-06 0.323612 2.36136e-06 
0.0203546 0.00717958 0.00232545 0.00162332 0.00648089 3.95951e-05 0.00227423 0.712685 0.00486111 0.0310767 0.0188375 4.68828e-06 0.192256 1.55728e-06 
0.0299612 0.00819262 7.11451e-05 0.000397679 0.226807 1.25478e-05 0.00269388 0.325806 0.24268 0.0521564 0.00219321 0.00160538 0.0957886 0.0116347 
0.0442401 0.004732 1.50263e-05 0.000166494 0.00025133 0.00164332 0.000600032 0.512246 0.007603 0.0160466 0.0133821 2.13111e-05 0.39905 3.65561e-06 
0.0178477 0.00139021 0.000250275 0.000596358 0.0167094 0.000539821 0.00550658 0.757512 0.030446 0.0285312 0.0175396 0.000243822 0.122598 0.000288236 
0.137783 0.00345248 1.55704e-05 6.86056e-05 0.0020542 0.00465778 0.00108984 0.764449 0.000614815 0.00730836 0.000723758 5.97993e-06 0.0777762 2.98287e-07 
1.40359e-05 3.67057e-13 3.68257e-10 2.16728e-06 0.00123909 7.07589e-09 7.50386e-13 0.981982 2.74841e-05 3.05355e-10 0.000497256 5.05587e-08 0.0162382 1.22466e-12 
0.00479759 0.0110968 0.00191851 7.12337e-06 1.23508e-06 1.18634e-06 0.00628671 0.797394 0.000784778 0.00546048 0.0027404 1.96724e-06 0.169509 1.03437e-06 
0.0578513 0.00368906 0.0018801 0.00138759 0.022448 0.000849047 0.000592214 0.620897 0.0420219 0.0573931 0.00878956 0.000663968 0.181163 0.000374434 
0.0207741 0.000271622 0.000230689 0.000173736 0.00210335 0.000461802 0.000265049 0.635434 0.00395865 0.045608 0.00537908 1.35249e-06 0.285337 1.12653e-06 
0.127048 0.0201191 0.000180437 0.000202185 0.004184 0.00313315 0.00161859 0.614411 0.00107862 0.0845936 0.00457619 1.66273e-05 0.138833 5.59422e-06 
0.0903753 0.00286227 0.000921432 2.69256e-05 0.00863489 0.000102994 0.0018663 0.81699 0.00452615 0.0383601 0.00212966 2.15924e-05 0.0316488 0.00153364 
0.00548192 0.000333699 0.00130575 1.51655e-05 0.00274539 0.000976265 0.000932242 0.728859 0.0601539 0.0753335 0.0143378 0.000231103 0.10798 0.00131423 
0.0296402 0.0271011 0.00650598 6.47835e-05 0.00617895 0.012585 0.000785237 0.580951 0.000572172 0.0137407 0.00310957 1.23564e-06 0.318716 4.80172e-05 
0.0096406 0.000133341 0.000330404 4.50231e-06 0.00528979 1.07844e-05 0.000204486 0.791031 0.0177866 0.0259454 0.00296126 2.5231e-05 0.146457 0.00017959 
0.00667888 6.51959e-05 1.7308e-08 0.00188944 0.00118891 0.000386222 2.41813e-05 0.694459 0.000492639 0.00392869 0.00233275 1.43024e-05 0.288467 7.30491e-05 
0.105184 0.0214682 0.0151198 0.00302103 0.12311 0.00117241 0.00530686 0.287825 0.243086 0.118566 0.0246849 0.00813934 0.0332567 0.010061 
0.00275582 4.51613e-08 5.81997e-10 1.94544e-08 0.0147616 2.82653e-05 4.81831e-09 0.92524 0.000952877 5.21604e-07 0.00183295 0.000123293 0.0543047 2.37963e-12 
0.0176347 0.000274131 0.00033535 0.00167267 0.0220995 0.000370379 0.000373113 0.720123 0.00503313 0.0457597 0.00665729 0.000388742 0.179111 0.000167833 
0.00543775 0.00204483 5.23184e-09 1.55172e-06 0.000230398 3.52753e-09 0.000661408 0.832138 6.05794e-05 7.54688e-06 0.00204278 2.70636e-05 0.157334 1.39645e-05 
1.40359e-05 3.67057e-13 3.68257e-10 2.16728e-06 0.00123909 7.07589e-09 7.50386e-13 0.981982 2.74841e-05 3.05355e-10 0.000497256 5.05587e-08 0.0162382 1.22466e-12 
0.038193 0.000983597 0.000100716 0.00162159 0.119298 0.173802 0.00269404 0.51195 0.000225676 0.0321552 0.00296874 8.85254e-06 0.115999 1.26542e-07 
0.0162141 0.00409145 0.000456747 8.72106e-06 0.000761128 5.78836e-05 0.000198024 0.726525 0.00158353 0.0199605 0.0056505 1.50823e-08 0.224493 5.14906e-08 
0.00830613 0.000102132 8.52459e-06 1.86904e-05 5.1683e-05 0.000352571 0.00328688 0.901592 0.00184308 0.00101337 0.007242 5.12407e-07 0.076181 1.30828e-06 
0.0483689 0.00209933 0.000125549 0.000183044 0.00243588 0.00155862 0.00162405 0.855084 0.00172213 0.0115254 0.00385935 8.28438e-06 0.071235 0.000170413 
0.0327071 0.00293921 1.16484e-05 2.69413e-08 0.000924339 1.2145e-06 0.000310062 0.954601 2.6704e-06 4.19949e-05 0.000628846 1.16983e-06 0.00783031 3.5929e-09 
0.227734 0.0775058 0.0043377 0.00134454 0.0656771 1.18932e-05 0.00532476 0.318945 0.0502768 0.0321455 0.00553944 0.00490365 0.206245 9.17522e-06 
0.0501498 0.0061962 0.00333696 0.000479547 0.0114103 0.00125089 0.00490828 0.553524 0.0450451 0.17475 0.031081 2.74101e-05 0.116419 0.0014221 
0.00252521 0.000903403 0.000162497 3.30023e-10 0.000283301 1.83577e-12 0.00089086 0.949077 0.00102515 0.00372007 0.0169615 6.6559e-13 0.0244506 7.89313e-09 
0.0525768 0.00520895 0.00587967 0.000380426 0.0325875 0.000447015 0.00533711 0.65817 0.0138202 0.043161 0.0175197 0.00494036 0.1595 0.000470507 
0.0360338 0.000834122 0.000552536 5.48237e-05 0.0181128 0.000157874 0.000217904 0.696859 0.0177606 0.0714784 0.00703724 2.85566e-05 0.150355 0.000517683 
0.0519572 0.0121756 8.80863e-05 2.92484e-07 0.0189374 0.250089 2.92613e-07 0.33661 0.000702714 0.00532775 0.0328933 0.000936742 0.290281 2.92533e-07 
0.0729074 0.00714753 0.0247523 4.71156e-05 0.0374756 4.96103e-09 0.0166933 0.511057 0.0107855 0.0986883 0.04871 1.14137e-05 0.171682 4.26721e-05 
0.021968 0.000846873 2.94753e-08 0.000255477 0.0121495 0.025232 0.000192195 0.620211 0.151921 0.00547905 0.0043718 4.34754e-05 0.0644032 0.092926 
0.00275582 4.51613e-08 5.81997e-10 1.94544e-08 0.0147616 2.82653e-05 4.81831e-09 0.92524 0.000952877 5.21604e-07 0.00183295 0.000123293 0.0543047 2.37963e-12 
0.0298128 0.00560369 0.00220348 0.00461478 0.00943712 0.00453042 0.00501238 0.783367 0.00456278 0.0296638 0.0125539 1.81618e-05 0.108361 0.000258502 
0.0747797 0.00883374 0.00140549 8.19019e-05 0.0137182 0.00941543 0.00322093 0.43392 0.0293867 0.0504281 0.00915154 0.0168541 0.348546 0.000258335 
0.123943 0.00135415 1.33042e-08 2.23658e-05 2.75842e-08 8.18357e-06 0.00670671 0.648845 0.000376249 0.206097 0.00459585 5.52716e-10 0.00804838 2.97437e-06 
0.0298489 0.00836576 0.000615708 0.000290277 0.0110649 0.00523448 0.00121765 0.794778 0.00956571 0.0438352 0.00479585 0.000494569 0.0897878 0.000105598 
0.0221936 7.86783e-05 1.24426e-06 0.000394337 0.00864751 1.82565e-11 0.000303174 0.682896 0.000197264 0.264788 7.081e-05 2.68059e-06 0.0204275 1.37685e-11 
0.021071 0.0146135 0.0134278 0.00114103 0.000818057 0.000432527 0.00149764 0.527231 0.00917039 0.022515 0.0682223 1.64229e-05 0.319833 1.01933e-05 
7.25791e-08 0.0485263 2.07894e-05 0.000808499 0.010169 0.00138144 0.00883352 0.862896 0.0463812 0.012139 2.66388e-05 7.28822e-07 0.00673353 0.00208304 
0.0120681 0.0132456 0.00281033 7.38388e-05 0.0756032 5.62968e-05 0.00433686 0.702798 0.00152807 0.181794 0.000663649 4.93561e-05 0.00496504 7.69246e-06 
1.40359e-05 3.67057e-13 3.68257e-10 2.16728e-06 0.00123909 7.07589e-09 7.50386e-13 0.981982 2.74841e-05 3.05355e-10 0.000497256 5.05587e-08 0.0162382 1.22466e-12 
0.123943 0.00135415 1.33042e-08 2.23658e-05 2.75842e-08 8.18357e-06 0.00670671 0.648845 0.000376249 0.206097 0.00459585 5.52716e-10 0.00804838 2.97437e-06 
3.29386e-05 0.000121593 2.63216e-05 2.72977e-08 4.27202e-05 5.52945e-09 4.37853e-05 0.957046 6.78659e-05 0.000237456 0.00129216 3.05584e-07 0.0410884 3.48523e-12 
0.0501008 0.00100723 0.00104428 9.57091e-06 0.00719683 9.78467e-05 0.000798612 0.847065 0.00569898 0.0482378 0.00204621 1.43931e-05 0.0348025 0.00188012 
0.00848544 0.00106084 3.02305e-05 6.31949e-05 0.00191173 0.0293352 0.00014974 0.863891 0.00045919 0.00270332 0.00346275 9.92539e-06 0.088436 1.68083e-06 
0.0110878 0.000413262 4.26291e-06 0.0148448 0.00178023 0.0174426 4.26123e-05 0.739159 0.000760957 0.00202875 0.00536408 1.15526e-05 0.207054 6.2494e-06 
0.2944 0.0115678 6.96147e-06 3.58507e-05 0.0118467 0.00889918 0.000866197 0.439275 0.0244039 0.0253341 0.000800497 1.72078e-05 0.182547 2.02112e-07 
0.00262188 0.00337333 0.00183416 2.53604e-05 0.0105049 0.000262568 0.000682834 0.88422 0.00119102 0.0624247 0.00397949 1.27936e-05 0.0288641 2.78413e-06 
0.0364843 0.00763612 0.000488849 9.49908e-05 0.00256176 0.00104801 0.000964535 0.730241 0.00881414 0.0147733 0.00695694 2.34645e-05 0.186742 0.00317033 
0.0501008 0.00100723 0.00104428 9.57091e-06 0.00719683 9.78467e-05 0.000798612 0.847065 0.00569898 0.0482378 0.00204621 1.43931e-05 0.0348025 0.00188012 
0.0284599 0.0201186 0.0115361 0.000551346 0.0553033 0.00298609 0.00855052 0.723618 0.00412181 0.0306463 0.00327556 4.51599e-05 0.110781 6.07758e-06 
0.0501008 0.00100723 0.00104428 9.57091e-06 0.00719683 9.78467e-05 0.000798612 0.847065 0.00569898 0.0482378 0.00204621 1.43931e-05 0.0348025 0.00188012 
0.0273211 0.00743995 0.00764171 0.000436014 0.00989152 0.0153606 0.0113905 0.562271 0.0228864 0.0435467 0.0225337 5.38264e-05 0.268957 0.000269814 
0.0031199 1.50714e-05 2.06818e-06 9.82023e-05 0.000686235 0.00203338 4.61688e-05 0.844967 0.0185774 0.00172948 0.000341231 7.67606e-05 0.12826 4.61452e-05 
1.40359e-05 3.67057e-13 3.68257e-10 2.16728e-06 0.00123909 7.07589e-09 7.50386e-13 0.981982 2.74841e-05 3.05355e-10 0.000497256 5.05587e-08 0.0162382 1.22466e-12 
0.0316938 0.0263469 0.0103874 0.000599845 0.00974495 0.000129978 0.00442922 0.486052 0.00761039 0.096461 0.0163391 4.5685e-06 0.309647 0.0005531 
0.0136979 0.000327233 0.000400778 0.00030015 0.0203905 0.000454247 0.00120602 0.734265 0.0318092 0.0198083 0.0171077 3.47037e-05 0.160197 1.44467e-06 
0.00252521 0.000903403 0.000162497 3.30023e-10 0.000283301 1.83577e-12 0.00089086 0.949077 0.00102515 0.00372007 0.0169615 6.6559e-13 0.0244506 7.89313e-09 
0.0120681 0.0132456 0.00281033 7.38388e-05 0.0756032 5.62968e-05 0.00433686 0.702798 0.00152807 0.181794 0.000663649 4.93561e-05 0.00496504 7.69246e-06 
0.0141188 4.83399e-05 1.19294e-05 8.86624e-05 0.0016332 0.000953374 1.70008e-06 0.923619 0.0011339 0.00303417 0.00287212 2.23568e-05 0.0524597 2.99699e-06 
0.0734626 0.00866709 0.000376738 6.09546e-05 0.015379 0.157887 0.00180614 0.441386 0.0089142 0.0279888 0.00832883 0.000417264 0.255075 0.000250999 
0.0167065 0.000146858 2.72736e-06 0.000124209 0.004654 0.131445 3.97843e-05 0.706155 0.000419616 0.00147701 0.00553619 1.53342e-05 0.133277 1.45878e-07 
0.00569864 0.00974788 0.00291852 5.10359e-05 0.0725529 0.000155716 0.00438285 0.778677 0.000474407 0.123728 0.000295936 1.65115e-05 0.00129478 6.49495e-06 
0.0518931 0.00572236 9.36195e-06 0.000180334 0.0578688 0.0201921 0.000317832 0.257409 0.256956 0.117662 0.00651361 0.00190085 0.216555 0.00681979 
0.00275582 4.51613e-08 5.81997e-10 1.94544e-08 0.0147616 2.82653e-05 4.81831e-09 0.92524 0.000952877 5.21604e-07 0.00183295 0.000123293 0.0543047 2.37963e-12 
0.0309475 0.00127441 0.000185798 0.000862513 0.0125273 0.000167634 0.000689601 0.832516 0.00207345 0.019779 0.00398754 0.000187539 0.0947284 7.33165e-05 
0.208518 0.0105795 0.00564292 2.34894e-06 0.0315003 2.3488e-06 2.34997e-06 0.302042 0.03761 0.188537 0.0430113 2.35019e-06 0.172548 2.34933e-06 
0.108781 0.00467507 5.09375e-05 2.87618e-08 0.00368796 4.11835e-06 0.000543705 0.876111 5.40448e-05 0.000997174 0.00021556 4.93621e-06 0.00487353 3.83537e-09 
0.0195588 0.119197 4.07056e-05 0.156497 0.0172503 0.000111768 0.0233426 0.438722 0.0141385 4.16984e-06 0.00133736 6.07844e-08 0.2098 1.73596e-10 
0.00275582 4.51613e-08 5.81997e-10 1.94544e-08 0.0147616 2.82653e-05 4.81831e-09 0.92524 0.000952877 5.21604e-07 0.00183295 0.000123293 0.0543047 2.37963e-12 
0.135829 0.00147935 8.38394e-05 0.000147811 0.00428282 0.00158909 0.000500401 0.497013 0.00641879 0.0202368 0.0497849 6.35882e-08 0.282623 1.0468e-05 
0.229849 0.00343394 0.000141719 0.000121646 0.00428908 3.38984e-05 0.0404955 0.350007 0.000974696 0.108524 0.0220715 2.37416e-05 0.240035 3.36346e-07 
0.0330724 0.00379754 0.000150764 0.0205316 0.0067753 0.0277426 0.000233822 0.511697 0.00179859 0.0109607 0.0103372 1.48994e-05 0.372852 3.50453e-05 
0.00828392 0.00469006 0.0094916 6.95982e-05 0.00220281 1.43409e-05 0.00133414 0.889662 0.000112619 0.0806722 0.000594288 5.86277e-08 0.00287183 3.83026e-07 
