0.0199285 0.00329055 1.99268e-05 4.31675e-05 0.00287827 0.000194031 0.000205072 0.893508 0.000933689 0.02732 0.00310999 4.51797e-05 0.048511 1.24126e-05 
0.00275582 4.51613e-08 5.81997e-10 1.94544e-08 0.0147616 2.82653e-05 4.81831e-09 0.92524 0.000952877 5.21604e-07 0.00183295 0.000123293 0.0543047 2.37963e-12 
0.00946844 3.22269e-05 7.95313e-06 6.14785e-05 0.00115238 0.000635585 1.13361e-06 0.94715 0.000766628 0.00205053 0.00197447 1.49054e-05 0.0366827 1.99815e-06 
0.0072747 0.000327779 0.000376264 0.000236235 0.0203946 0.00013926 0.00121156 0.697015 0.0304034 0.0121287 0.0113871 3.51871e-05 0.219068 1.54054e-06 
0.0807229 0.0626139 5.80529e-06 5.80362e-05 0.00168801 0.00925963 0.0032276 0.396604 0.309392 0.0346461 0.0392217 0.00116269 0.0613971 4.83919e-09 
3.30627e-05 4.26756e-05 7.35297e-05 5.4506e-06 4.77898e-05 1.06737e-05 7.03865e-05 0.998865 0.000152538 9.29917e-05 5.14256e-05 1.03421e-05 2.05156e-05 0.00052373 
0.016498 0.00507985 0.00191043 0.000643693 0.0566508 0.000202627 0.0021028 0.738575 0.00310507 0.115793 0.00306849 0.000216254 0.056097 5.68812e-05 
0.104262 0.00386862 0.00122389 4.31084e-05 0.0548152 0.0108269 0.0133651 0.281331 0.0496889 0.218941 0.0334008 9.52679e-06 0.228051 0.000172557 
0.0278481 0.313713 0.000715897 1.15411e-12 4.18325e-08 7.029e-09 0.0051882 0.534957 0.000927116 0.0927338 0.0076256 4.47023e-13 0.0162906 1.45996e-08 
0.0151807 0.00560521 0.00197465 5.74424e-10 0.00156731 0.00166785 0.0287358 0.585563 0.00116451 0.0149096 0.0255752 1.34853e-06 0.31805 4.52482e-06 
0.0272672 0.0561449 0.0492237 3.10811e-06 0.00595198 4.62915e-06 0.00170089 0.446006 0.0028623 0.238772 0.0225027 6.05755e-06 0.149553 1.05666e-06 
0.0621217 0.0112219 0.011029 0.0064993 0.0281224 0.00654859 0.00788496 0.394814 0.0303272 0.0676807 0.0206249 0.00071668 0.350554 0.00185546 
0.130511 0.0285186 0.0163531 0.00312499 0.0664862 0.000376429 0.0275304 0.53709 0.0026359 0.158462 0.0127518 1.6369e-07 0.0143265 0.00183283 
0.117225 0.0171964 1.28526e-05 4.86043e-06 0.0202796 0.000320867 9.23855e-06 0.359748 0.256859 0.0365623 0.00626429 0.000327336 0.18519 1.88954e-08 
0.0172471 0.0270568 0.000361105 4.27775e-05 0.0064073 0.000368509 0.00175212 0.919758 0.000128565 0.0211703 0.000689005 1.66191e-07 0.00500758 1.05644e-05 
0.0522187 0.00173521 2.58402e-07 0.00969122 0.00684841 0.0442527 0.14477 0.350057 0.0119153 0.00719623 0.0290041 0.000126122 0.342185 3.21213e-07 
0.00946844 3.22269e-05 7.95313e-06 6.14785e-05 0.00115238 0.000635585 1.13361e-06 0.94715 0.000766628 0.00205053 0.00197447 1.49054e-05 0.0366827 1.99815e-06 
0.020634 0.0091487 3.02828e-05 4.29194e-06 0.00140352 6.46665e-06 0.000631224 0.83073 0.000577084 0.0758092 0.00375233 8.45714e-06 0.0572627 1.4192e-06 
0.132058 0.0141474 0.00316248 7.8212e-08 0.0014862 2.93682e-05 0.00651436 0.510416 0.0176596 0.00126604 0.0110081 2.97896e-05 0.302166 5.63417e-05 
0.0211006 0.000225745 0.000126908 7.01543e-05 0.011054 0.000355692 6.8323e-05 0.835413 0.00454944 0.0356384 0.00843672 2.48755e-05 0.0828567 7.93539e-05 
0.158804 0.0109094 0.000397333 0.000337621 0.0181973 0.00420819 0.00252818 0.546902 0.0309848 0.0399355 0.0038554 0.00128171 0.181348 0.000310991 
0.0227706 0.00682549 0.00662938 0.00264072 0.00561425 0.0396931 0.0109985 0.558435 0.00772292 0.04175 0.0193916 0.000127464 0.277385 1.54294e-05 
0.217857 0.0450601 0.000911096 0.00317491 0.075957 0.0211598 0.076136 0.270149 0.00191007 0.094881 0.0110671 0.00064349 0.181082 1.11058e-05 
0.0477496 0.00355442 0.00249659 0.000704131 0.00559343 0.00276492 0.000926037 0.813496 0.00460835 0.0158438 0.00482526 4.87409e-05 0.0971945 0.000194659 
0.085744 0.000808519 0.000462575 7.12597e-06 0.00239082 5.88069e-05 0.0111076 0.534951 0.0416628 0.070852 0.0127126 2.13297e-05 0.23897 0.00025144 
0.132058 0.0141474 0.00316248 7.8212e-08 0.0014862 2.93682e-05 0.00651436 0.510416 0.0176596 0.00126604 0.0110081 2.97896e-05 0.302166 5.63417e-05 
3.30627e-05 4.26756e-05 7.35297e-05 5.4506e-06 4.77898e-05 1.06737e-05 7.03865e-05 0.998865 0.000152538 9.29917e-05 5.14256e-05 1.03421e-05 2.05156e-05 0.00052373 
0.0442516 0.00580075 0.000567366 3.70235e-05 0.0119762 0.00129985 0.00176405 0.781095 0.00104664 0.0234297 0.00536599 2.6963e-05 0.123317 2.11026e-05 
0.0327882 0.00864818 0.0154305 4.06045e-06 0.000601305 0.00107792 0.00247854 0.290289 0.263422 0.194907 0.0386714 0.000427076 0.150715 0.000538575 
0.221285 0.00667707 0.00712873 8.9549e-05 0.0193447 0.000956611 0.0824963 0.298233 0.00788156 0.031986 0.0824788 5.78253e-07 0.241332 0.000111105 
0.0136979 0.000327233 0.000400778 0.00030015 0.0203905 0.000454247 0.00120602 0.734265 0.0318092 0.0198083 0.0171077 3.47037e-05 0.160197 1.44467e-06 
0.0322556 0.00467819 0.000728727 9.01482e-05 0.00573978 0.0106187 0.000917031 0.704766 0.0233397 0.0320982 0.00822234 2.99565e-05 0.174579 0.0019363 
0.0120681 0.0132456 0.00281033 7.38388e-05 0.0756032 5.62968e-05 0.00433686 0.702798 0.00152807 0.181794 0.000663649 4.93561e-05 0.00496504 7.69246e-06 
0.0320834 0.00156487 0.000667892 0.00201272 0.0175008 2.16506e-05 0.00539917 0.39822 0.0408011 0.0661785 0.192976 8.79115e-06 0.242564 8.3655e-07 
0.00281405 0.00021335 0.000407897 0.000628053 0.000382162 6.29558e-09 0.000217745 0.851591 0.000149963 0.0212792 0.00720636 5.42305e-07 0.11511 1.41695e-07 
0.0153045 2.9731e-05 3.83932e-06 0.000190017 0.000914333 0.0436016 2.0776e-05 0.467435 0.000306719 0.00202659 0.00305191 2.76983e-06 0.467112 1.87915e-07 
0.119491 0.00878034 0.00530771 0.000877995 0.15825 0.000364266 0.00656269 0.462617 0.0264276 0.0734165 0.0220589 0.00134917 0.114478 1.96656e-05 
0.0216741 0.0114841 0.00194383 0.00396059 0.0324844 0.0155957 0.00330289 0.663175 0.0690562 0.0938714 0.0105241 0.00195315 0.0708334 0.000141226 
0.0294366 0.000316042 0.00017767 9.47757e-05 0.0152486 0.000497963 9.56513e-05 0.77416 0.0063288 0.0497307 0.0116438 3.48251e-05 0.112124 0.000111094 
0.030951 0.013723 4.54228e-05 6.43601e-06 0.00210527 9.69872e-06 0.000945069 0.759094 0.000865619 0.113714 0.00548914 1.26844e-05 0.0730364 2.12516e-06 
0.148167 0.0129995 0.000389529 0.00208085 0.148569 0.000131703 0.000727679 0.312428 0.0179891 0.280608 0.00626691 0.0178927 0.0516926 5.69403e-05 
0.0176347 0.000274131 0.00033535 0.00167267 0.0220995 0.000370379 0.000373113 0.720123 0.00503313 0.0457597 0.00665729 0.000388742 0.179111 0.000167833 
0.0231296 0.00192373 0.0273279 3.27027e-05 0.0757136 1.30821e-07 0.000218566 0.277391 0.0239961 0.163996 0.157356 1.57989e-05 0.248876 2.39948e-05 
0.0211006 0.000225745 0.000126908 7.01543e-05 0.011054 0.000355692 6.8323e-05 0.835413 0.00454944 0.0356384 0.00843672 2.48755e-05 0.0828567 7.93539e-05 
0.0055959 0.0101467 0.0218706 0.00127221 0.000177211 9.11238e-06 0.000821169 0.881947 0.00206614 0.0497615 0.00867897 5.70865e-06 0.0175962 5.14605e-05 
0.030951 0.013723 4.54228e-05 6.43601e-06 0.00210527 9.69872e-06 0.000945069 0.759094 0.000865619 0.113714 0.00548914 1.26844e-05 0.0730364 2.12516e-06 
0.0404909 0.00447974 0.00112569 3.61944e-05 0.00681227 0.000249596 0.00320224 0.82232 0.0037281 0.0280669 0.00443851 1.78957e-05 0.0845261 0.000506252 
0.0141514 0.00369578 0.00111882 0.00153354 0.00926645 0.000221561 0.000448138 0.702677 0.00402331 0.0350401 0.0040113 0.000151382 0.223583 7.82437e-05 
0.00964127 0.000133436 0.000330754 4.55705e-06 0.00529028 1.08387e-05 0.000204688 0.812586 0.0177877 0.0259464 0.00283413 2.52816e-05 0.125024 0.000180284 
0.0116809 0.00043684 0.000413164 0.000668879 0.0139778 0.000301796 0.000131047 0.58552 0.0164552 0.0186136 0.00624633 0.000551237 0.335196 0.0098071 
0.0211006 0.000225745 0.000126908 7.01543e-05 0.011054 0.000355692 6.8323e-05 0.835413 0.00454944 0.0356384 0.00843672 2.48755e-05 0.0828567 7.93539e-05 
0.0485212 0.00521277 0.000167742 0.0173546 0.0114472 0.0250821 0.000524376 0.442661 0.00285286 0.012449 0.00895639 3.09888e-05 0.424702 3.77938e-05 
0.0935489 0.0689891 0.012279 0.00150843 0.0385269 0.00198228 0.0100342 0.297604 0.0291802 0.190268 0.00417313 0.000655247 0.251017 0.000232788 
0.0485212 0.00521277 0.000167742 0.0173546 0.0114472 0.0250821 0.000524376 0.442661 0.00285286 0.012449 0.00895639 3.09888e-05 0.424702 3.77938e-05 
0.0701843 0.00196949 0.00482701 0.00162295 0.00871197 0.00062773 0.00126139 0.403988 0.0100127 0.119242 0.0114063 4.48661e-05 0.365736 0.000365294 
0.0943294 0.00787989 0.00578258 0.00364514 0.0553779 0.00433952 0.00246555 0.637123 0.01343 0.0622911 0.0140993 0.00141539 0.097785 3.59799e-05 
0.20705 0.0216872 0.00890216 0.000129261 0.161436 0.00127725 0.00119988 0.256003 0.0228186 0.160113 0.0700551 0.000358623 0.0882796 0.000689686 
0.265328 0.0233476 0.000673413 0.000164682 0.0364129 0.0290528 0.0117329 0.271071 0.0199423 0.100512 0.00986009 0.000116386 0.231353 0.000432055 
0.0284227 0.0016678 1.65388e-05 0.000109142 0.00518138 0.107738 0.000218395 0.717489 0.000886011 0.00505878 0.00537547 1.85025e-05 0.127811 6.21939e-06 
0.0131864 0.00263243 0.000172616 0.000167377 0.00421208 0.000315447 0.000603894 0.842762 0.00371477 0.01809 0.00767728 5.6708e-05 0.105534 0.00087413 
0.00252521 0.000903403 0.000162497 3.30023e-10 0.000283301 1.83577e-12 0.00089086 0.949077 0.00102515 0.00372007 0.0169615 6.6559e-13 0.0244506 7.89313e-09 
0.0176347 0.000274131 0.00033535 0.00167267 0.0220995 0.000370379 0.000373113 0.720123 0.00503313 0.0457597 0.00665729 0.000388742 0.179111 0.000167833 
0.00543775 0.00204483 5.23184e-09 1.55172e-06 0.000230398 3.52753e-09 0.000661408 0.832138 6.05794e-05 7.54688e-06 0.00204278 2.70636e-05 0.157334 1.39645e-05 
0.0250033 0.005844 4.66189e-07 5.41598e-05 0.0155814 0.243001 0.00204275 0.301576 0.229932 0.0963478 0.00220899 0.000725044 0.0776191 6.37957e-05 
0.020634 0.0091487 3.02828e-05 4.29194e-06 0.00140352 6.46665e-06 0.000631224 0.83073 0.000577084 0.0758092 0.00375233 8.45714e-06 0.0572627 1.4192e-06 
0.0148497 0.000170565 0.000224193 4.73218e-05 0.0093388 3.84582e-06 0.000451462 0.648132 0.000972493 0.0168445 0.0151676 0.00038337 0.293405 9.66901e-06 
0.0796799 0.00236064 0.0153965 0.00543262 0.028947 0.000595459 0.0267825 0.640963 0.0514534 0.0698927 0.00658351 0.0002005 0.0704555 0.00125722 
0.135829 0.00147935 8.38394e-05 0.000147811 0.00428282 0.00158909 0.000500401 0.497013 0.00641879 0.0202368 0.0497849 6.35882e-08 0.282623 1.0468e-05 
0.0323243 0.00156023 0.000666536 0.00209207 0.0180617 2.12524e-05 0.00539218 0.724025 0.00839116 0.0450173 0.0537188 8.55887e-06 0.10872 7.64649e-07 
0.0297118 0.00276394 5.73145e-05 8.77631e-05 0.0700878 0.0226037 0.00113634 0.603914 0.0104415 0.0589003 0.00765851 3.95726e-06 0.192633 2.29412e-08 
0.00543775 0.00204483 5.23184e-09 1.55172e-06 0.000230398 3.52753e-09 0.000661408 0.832138 6.05794e-05 7.54688e-06 0.00204278 2.70636e-05 0.157334 1.39645e-05 
0.0663947 0.00116921 0.000353447 0.0560128 0.011988 0.00567086 0.000361363 0.414639 0.00401167 0.0175696 0.0168742 2.94982e-05 0.404859 6.75198e-05 
0.00943171 0.00168933 0.000672294 4.53248e-07 0.00106071 7.31485e-05 0.000931679 0.856489 0.0034289 0.0491302 0.0309132 2.92575e-06 0.046169 7.07288e-06 
0.00860799 0.00678332 0.000710152 3.50724e-05 0.0184393 0.000303334 0.00143158 0.915186 0.000798033 0.0322762 0.00284965 2.15317e-05 0.0125497 8.02062e-06 
0.00794015 0.000209344 3.60594e-07 0.000202759 0.00238551 6.45925e-12 0.000559381 0.913145 0.000228157 0.0536234 0.000146909 5.38154e-07 0.021559 4.87139e-12 
0.0294248 0.000482502 5.76902e-08 3.28121e-11 0.00120298 1.44315e-07 0.00152631 0.646767 4.68719e-05 0.000290154 0.0105882 1.85738e-05 0.309652 2.64363e-11 
0.133607 4.66593e-05 8.66724e-08 0.0005131 0.000739577 0.0773497 0.0327386 0.225494 0.060973 0.0198753 0.0799914 0.146706 0.161243 0.0607227 
0.0553165 0.00495861 6.87725e-07 7.93784e-06 0.000756068 0.00851023 0.000555481 0.456754 0.0665257 0.0341688 0.0492923 3.04717e-05 0.323077 4.67001e-05 
0.263629 0.000134755 1.00303e-06 2.35874e-05 3.61431e-05 0.00248741 0.000844898 0.42954 0.0155847 0.177236 0.00694511 1.81506e-05 0.103513 5.91841e-06 
0.0141188 4.83399e-05 1.19294e-05 8.86624e-05 0.0016332 0.000953374 1.70008e-06 0.923619 0.0011339 0.00303417 0.00287212 2.23568e-05 0.0524597 2.99699e-06 
0.0128999 0.0100721 0.00261989 6.0434e-05 0.00698816 5.8524e-05 0.00129732 0.923081 0.000191379 0.0354569 0.000672503 7.46245e-06 0.00474455 0.00184981 
0.138599 0.028839 0.00319909 0.00883809 0.0310683 8.12396e-05 0.00309428 0.284446 0.176639 0.248226 0.00359872 0.00273597 0.0694346 0.00120069 
0.106356 0.14291 0.00568558 0.000129771 0.0228782 0.0152823 0.00190073 0.314509 0.0395583 0.100585 0.022406 8.42703e-05 0.227687 2.8275e-05 
0.00556506 0.000488787 0.000334509 0.00240798 0.0011721 0.000236498 0.000322127 0.847963 0.00247599 0.0471594 0.0112712 1.01023e-05 0.0805886 4.3389e-06 
0.00787881 0.00618105 0.0339979 0.000185563 0.0193388 4.22323e-05 0.000948686 0.776071 0.034536 0.0550577 0.0108638 0.0001115 0.0546079 0.000179278 
0.00483083 0.0111611 0.00196494 3.83348e-06 5.89312e-07 3.85101e-06 0.00642919 0.837615 0.000730741 0.00549453 0.00198663 3.32955e-06 0.129774 1.86942e-06 
0.0058621 0.0141414 0.00678434 7.65716e-05 0.0677454 1.88402e-05 0.00499307 0.737495 0.000850789 0.15819 0.000418858 3.37414e-05 0.0033835 6.49434e-06 
0.00713048 0.000939776 7.54815e-05 1.5165e-05 0.0148901 0.0101536 9.99502e-05 0.831801 0.0195852 0.0481488 0.00358095 0.000279571 0.0580531 0.00524663 
0.0485212 0.00521277 0.000167742 0.0173546 0.0114472 0.0250821 0.000524376 0.442661 0.00285286 0.012449 0.00895639 3.09888e-05 0.424702 3.77938e-05 
0.0668839 0.0043561 0.000558223 0.000132343 0.00241387 3.91493e-05 0.00132791 0.399181 0.0149304 0.119141 0.0466259 7.29558e-06 0.34389 0.000512845 
0.0538838 0.029048 2.16279e-05 0.000323515 0.00835851 0.00303318 0.000288775 0.648499 0.0022137 0.0277811 0.029011 1.01831e-05 0.197406 0.000121747 
0.00409008 0.0126189 0.00455066 4.46602e-05 0.0412578 0.000467108 0.00204414 0.840114 0.000702253 0.0781758 0.00573186 2.60504e-05 0.010173 3.73246e-06 
0.00275582 4.51613e-08 5.81997e-10 1.94544e-08 0.0147616 2.82653e-05 4.81831e-09 0.92524 0.000952877 5.21604e-07 0.00183295 0.000123293 0.0543047 2.37963e-12 
0.0280724 0.0552254 0.0579933 0.000800205 0.119974 0.000361281 0.00271604 0.296834 0.0594015 0.28795 0.0234531 1.51202e-05 0.0671773 2.62104e-05 
0.00540477 0.00119464 0.0028403 6.04777e-08 0.00102868 0.000348951 0.00931209 0.954504 0.0135882 0.00492666 0.00368483 0.000234272 0.0029329 4.8726e-08 
0.263629 0.000134755 1.00303e-06 2.35874e-05 3.61431e-05 0.00248741 0.000844898 0.42954 0.0155847 0.177236 0.00694511 1.81506e-05 0.103513 5.91841e-06 
0.257331 0.041512 0.0208422 0.0112694 0.0507528 0.00076126 0.0967764 0.310511 0.014003 0.05786 0.0148672 0.00246161 0.121048 3.9238e-06 
0.0176347 0.000274131 0.00033535 0.00167267 0.0220995 0.000370379 0.000373113 0.720123 0.00503313 0.0457597 0.00665729 0.000388742 0.179111 0.000167833 
0.00275582 4.51613e-08 5.81997e-10 1.94544e-08 0.0147616 2.82653e-05 4.81831e-09 0.92524 0.000952877 5.21604e-07 0.00183295 0.000123293 0.0543047 2.37963e-12 
0.0470643 0.0204845 0.00151814 0.00158818 0.0171721 0.000380601 0.0102936 0.651242 0.0267217 0.0677855 0.014762 7.22947e-05 0.133867 0.00704803 
0.157856 0.0106163 0.00237863 3.00976e-07 0.0011162 2.52283e-05 0.004893 0.573935 0.0132545 0.000951113 0.00826228 2.27605e-05 0.226645 4.30283e-05 
0.0226731 0.000352451 0.000430276 0.00198647 0.0282621 0.000476195 0.000479713 0.68673 0.00622362 0.0588339 0.00707393 0.000499809 0.185765 0.000212662 
0.0364389 0.0228116 0.00258204 1.46281e-05 0.0132092 0.000321246 0.00175343 0.437533 0.0237824 0.0713217 0.0217363 6.15523e-05 0.363836 0.00459805 
0.0801912 0.00813481 0.00048473 0.0073137 0.0425113 0.000826694 0.00137539 0.58776 0.0158145 0.172427 0.013385 0.00353573 0.0637244 0.00251553 
0.030951 0.013723 4.54228e-05 6.43601e-06 0.00210527 9.69872e-06 0.000945069 0.759094 0.000865619 0.113714 0.00548914 1.26844e-05 0.0730364 2.12516e-06 
0.347887 0.075327 0.000404506 0.00291325 0.0334949 2.26384e-05 0.00215377 0.490313 0.00235796 0.024745 0.000411902 0.00404861 0.0159154 5.26125e-06 
0.0141188 4.83399e-05 1.19294e-05 8.86624e-05 0.0016332 0.000953374 1.70008e-06 0.923619 0.0011339 0.00303417 0.00287212 2.23568e-05 0.0524597 2.99699e-06 
0.135829 0.00147935 8.38394e-05 0.000147811 0.00428282 0.00158909 0.000500401 0.497013 0.00641879 0.0202368 0.0497849 6.35882e-08 0.282623 1.0468e-05 
0.127667 0.00613667 2.13594e-05 2.57154e-08 0.106779 0.0982035 1.62153e-05 0.178706 0.175432 0.146049 0.0141599 0.000413485 0.146287 0.000129008 
0.0442401 0.004732 1.50263e-05 0.000166494 0.00025133 0.00164332 0.000600032 0.512246 0.007603 0.0160466 0.0133821 2.13111e-05 0.39905 3.65561e-06 
0.0151774 0.00413758 0.000838456 0.000209769 0.00448208 0.000208494 0.000175824 0.769162 0.00331032 0.0277773 0.00463582 1.20674e-05 0.169836 3.73062e-05 
0.0517438 0.00178969 0.000148512 0.00254339 0.0439648 8.77898e-05 0.00024484 0.468389 0.00375625 0.030827 0.00794802 0.000302255 0.388255 7.45495e-09 
0.0546934 0.0092895 0.000680538 5.72079e-05 0.00471729 0.0303568 0.00084026 0.600759 0.00242694 0.0315476 0.0379015 1.85443e-05 0.226674 3.70731e-05 
0.0651442 0.0048709 1.23887e-06 0.0633644 0.00207524 0.0174434 0.000661892 0.459833 0.00149849 0.00820941 0.00881987 2.32817e-05 0.368053 1.23818e-06 
0.0196432 0.000649161 2.30805e-06 0.0277091 0.00211759 0.0325587 7.95298e-05 0.606182 0.0005296 0.00279575 0.00788469 6.41946e-06 0.29984 2.30736e-06 
0.0718842 0.0121556 0.0017491 0.000140886 0.0171666 0.00542467 0.00738256 0.700022 0.00833248 0.0463898 0.00929541 0.00749141 0.111958 0.000607187 
0.170428 0.0776361 0.0685585 0.000158899 0.0407138 4.52444e-06 0.00328437 0.233356 0.0553681 0.162388 0.0151998 4.24357e-05 0.172861 7.30079e-07 
0.00534098 0.000335981 0.000154622 0.0103944 0.00567934 7.23586e-05 0.000451141 0.853783 0.00209763 0.0212312 0.00427534 6.81536e-05 0.0960739 4.24458e-05 
0.0361085 0.000705595 5.47562e-05 7.71929e-05 0.00836121 0.000425229 0.000236603 0.884303 0.00164857 0.0113699 0.00276848 6.08685e-05 0.0538637 1.63131e-05 
0.00252521 0.000903403 0.000162497 3.30023e-10 0.000283301 1.83577e-12 0.00089086 0.949077 0.00102515 0.00372007 0.0169615 6.6559e-13 0.0244506 7.89313e-09 
0.0300775 0.00247901 0.00270195 0.00100111 0.0158564 0.00421602 0.00146126 0.709254 0.00527936 0.0264452 0.00700387 0.000317121 0.193758 0.000149329 
0.0650774 0.00142023 4.86104e-05 5.43419e-05 0.00650982 0.00377503 0.000378092 0.803207 0.00188552 0.0196981 0.00362526 1.72331e-05 0.0942824 2.06557e-05 
0.020634 0.0091487 3.02828e-05 4.29194e-06 0.00140352 6.46665e-06 0.000631224 0.83073 0.000577084 0.0758092 0.00375233 8.45714e-06 0.0572627 1.4192e-06 
0.0176837 0.011683 8.86009e-05 2.71359e-05 0.00254728 5.78084e-05 0.0014084 0.899166 0.000134433 0.0054359 0.00142293 9.20968e-06 0.0603097 2.63315e-05 
0.00787881 0.00618105 0.0339979 0.000185563 0.0193388 4.22323e-05 0.000948686 0.776071 0.034536 0.0550577 0.0108638 0.0001115 0.0546079 0.000179278 
0.0120681 0.0132456 0.00281033 7.38388e-05 0.0756032 5.62968e-05 0.00433686 0.702798 0.00152807 0.181794 0.000663649 4.93561e-05 0.00496504 7.69246e-06 
0.0226731 0.000352451 0.000430276 0.00198647 0.0282621 0.000476195 0.000479713 0.68673 0.00622362 0.0588339 0.00707393 0.000499809 0.185765 0.000212662 
0.00551081 0.00304474 0.00207995 3.84885e-05 0.0118876 0.000206452 0.000451815 0.88791 0.00156303 0.0604035 0.00187528 1.72757e-05 0.0249912 2.02333e-05 
0.0176347 0.000274131 0.00033535 0.00167267 0.0220995 0.000370379 0.000373113 0.720123 0.00503313 0.0457597 0.00665729 0.000388742 0.179111 0.000167833 
0.0319783 0.00495845 0.00330461 4.17745e-05 0.0202384 0.000361383 0.0088819 0.407534 0.0607586 0.0469918 0.0453274 0.0101398 0.358872 0.00061073 
0.000654 0.000108505 5.44262e-05 3.03929e-07 5.38584e-05 1.00931e-06 7.20624e-06 0.966769 0.000457298 0.000206182 0.00104335 6.89656e-07 0.030644 5.70625e-09 
0.00802251 0.00300392 0.000419765 1.04523e-05 0.015692 0.00135186 0.000616386 0.703369 0.00966001 0.0243327 0.0317349 0.000412069 0.201375 2.73615e-11 
0.124023 0.0874026 0.0278752 4.35359e-05 0.00661514 0.000458371 0.00375901 0.305104 0.0264313 0.170563 0.0362698 8.38916e-07 0.21145 3.63522e-06 
0.000654 0.000108505 5.44262e-05 3.03929e-07 5.38584e-05 1.00931e-06 7.20624e-06 0.966769 0.000457298 0.000206182 0.00104335 6.89656e-07 0.030644 5.70625e-09 
0.124697 0.0150304 0.00605728 0.000202527 0.0308305 0.00710464 0.00642849 0.368123 0.0419818 0.10824 0.105241 0.000183273 0.185741 0.000139242 
0.00252521 0.000903403 0.000162497 3.30023e-10 0.000283301 1.83577e-12 0.00089086 0.949077 0.00102515 0.00372007 0.0169615 6.6559e-13 0.0244506 7.89313e-09 
0.0953085 0.00951891 0.000734562 0.00696397 0.0196046 0.00597011 0.00285865 0.539189 0.0175806 0.0531515 0.00885728 0.0016147 0.238201 0.000445904 
0.0302763 0.00283678 0.00013287 5.36527e-05 0.00747207 0.00994398 0.000225805 0.850505 0.00215785 0.0254212 0.00337591 0.000116217 0.0672872 0.000195473 
0.030951 0.013723 4.54228e-05 6.43601e-06 0.00210527 9.69872e-06 0.000945069 0.759094 0.000865619 0.113714 0.00548914 1.26844e-05 0.0730364 2.12516e-06 
0.109613 0.0225187 3.63594e-05 0.000220828 0.0511241 0.000383618 0.000111527 0.404431 0.203902 0.0633428 0.0109441 0.00109168 0.13205 0.000229706 
0.112555 0.00235302 2.03788e-05 0.000103579 0.00177846 0.000140839 0.000872758 0.842117 0.000674608 0.00401213 0.000535527 4.00078e-06 0.0348324 2.37379e-07 
0.0211006 0.000225745 0.000126908 7.01543e-05 0.011054 0.000355692 6.8323e-05 0.835413 0.00454944 0.0356384 0.00843672 2.48755e-05 0.0828567 7.93539e-05 
0.000458058 0.000854211 0.000172191 8.99926e-06 4.54789e-05 2.62142e-06 3.16804e-05 0.953365 0.000399364 0.0311753 0.000496964 3.58573e-06 0.0129841 2.14393e-06 
0.0578488 0.00956973 0.00420384 0.00063398 0.0137337 0.00981325 0.000938659 0.559246 0.0238337 0.0740212 0.0156398 7.241e-05 0.230383 6.22496e-05 
0.0583935 0.0836718 0.00347154 0.00410282 0.00851866 0.00164475 0.0597964 0.574607 0.0163363 0.0298398 0.020069 6.85599e-06 0.13943 0.000111372 
0.0928296 0.006996 0.000229167 3.66272e-05 0.0939857 0.000203788 0.00478261 0.319659 0.313023 0.0267587 0.00839368 0.000578922 0.132379 0.000144607 
0.020634 0.0091487 3.02828e-05 4.29194e-06 0.00140352 6.46665e-06 0.000631224 0.83073 0.000577084 0.0758092 0.00375233 8.45714e-06 0.0572627 1.4192e-06 
0.030951 0.013723 4.54228e-05 6.43601e-06 0.00210527 9.69872e-06 0.000945069 0.759094 0.000865619 0.113714 0.00548914 1.26844e-05 0.0730364 2.12516e-06 
0.00830613 0.000102132 8.52459e-06 1.86904e-05 5.1683e-05 0.000352571 0.00328688 0.901592 0.00184308 0.00101337 0.007242 5.12407e-07 0.076181 1.30828e-06 
0.0272672 0.0561449 0.0492237 3.10811e-06 0.00595198 4.62915e-06 0.00170089 0.446006 0.0028623 0.238772 0.0225027 6.05755e-06 0.149553 1.05666e-06 
0.0726396 0.0412431 0.00183435 0.000690045 0.0273999 0.0049204 0.0145082 0.532813 0.0144602 0.0907817 0.0110292 1.01657e-05 0.186956 0.000714227 
0.0218714 0.00277162 1.20632e-10 3.3135e-10 0.00156655 0.000412156 0.000543846 0.751603 0.00106528 0.00231322 0.000194342 7.03227e-07 0.217658 2.66964e-10 
0.0505022 0.00187159 0.000209662 0.0167098 0.014309 0.0266121 0.00053404 0.463796 0.00302311 0.00837697 0.0095676 3.87262e-05 0.404418 3.09467e-05 
0.0176347 0.000274131 0.00033535 0.00167267 0.0220995 0.000370379 0.000373113 0.720123 0.00503313 0.0457597 0.00665729 0.000388742 0.179111 0.000167833 
1.40359e-05 3.67057e-13 3.68257e-10 2.16728e-06 0.00123909 7.07589e-09 7.50386e-13 0.981982 2.74841e-05 3.05355e-10 0.000497256 5.05587e-08 0.0162382 1.22466e-12 
0.0250941 0.00856463 0.00514917 0.000429193 0.00300185 0.000258661 0.0105819 0.767007 0.00429369 0.0186077 0.0078081 1.81079e-05 0.148283 0.000902922 
0.0130983 0.00490147 1.63727e-05 1.25974e-05 0.000797505 3.47049e-06 0.000337569 0.634343 0.00049727 0.0406122 0.00756222 4.53629e-06 0.297812 2.13256e-06 
0.00613465 0.000883007 0.000132287 6.77065e-06 0.00103445 6.4875e-05 0.000572012 0.943 0.00130809 0.00526934 0.0116014 1.5266e-06 0.0299864 5.255e-06 
0.169356 0.0600189 0.000290992 0.00112881 0.0272885 2.06933e-05 0.00215277 0.647883 0.00114266 0.0552364 0.00297695 0.00222462 0.0302473 3.30235e-05 
0.0415974 0.00260649 0.00179156 0.0855924 0.00498339 1.25331e-06 0.00238822 0.352306 0.0266145 0.0358841 0.135831 4.74625e-06 0.310395 3.64419e-06 
0.0347989 0.00915909 3.04615e-05 4.48365e-06 0.00140443 6.598e-06 0.000630886 0.506078 0.00057755 0.0758121 0.0132819 8.5583e-06 0.358205 1.6878e-06 
0.020634 0.0091487 3.02828e-05 4.29194e-06 0.00140352 6.46665e-06 0.000631224 0.83073 0.000577084 0.0758092 0.00375233 8.45714e-06 0.0572627 1.4192e-06 
0.247941 0.0179701 0.00026013 0.00108293 0.0991241 0.000828351 0.0066149 0.309877 0.00446067 0.0240682 0.00839206 0.0044292 0.273935 0.00101693 
0.000654 0.000108505 5.44262e-05 3.03929e-07 5.38584e-05 1.00931e-06 7.20624e-06 0.966769 0.000457298 0.000206182 0.00104335 6.89656e-07 0.030644 5.70625e-09 
1.40359e-05 3.67057e-13 3.68257e-10 2.16728e-06 0.00123909 7.07589e-09 7.50386e-13 0.981982 2.74841e-05 3.05355e-10 0.000497256 5.05587e-08 0.0162382 1.22466e-12 
0.0546339 0.0105179 0.00502449 0.00594446 0.00850021 0.000647362 0.00404803 0.769368 0.00489289 0.0213942 0.00366314 3.57345e-05 0.111244 8.61595e-05 
3.29386e-05 0.000121593 2.63216e-05 2.72977e-08 4.27202e-05 5.52945e-09 4.37853e-05 0.957046 6.78659e-05 0.000237456 0.00129216 3.05584e-07 0.0410884 3.48523e-12 
0.026937 0.00114729 7.25825e-06 6.79849e-05 0.0091907 0.0434554 9.52223e-05 0.795825 0.00121748 0.0152559 0.00391684 0.000174121 0.102708 2.37862e-06 
8.88954e-05 5.68469e-13 1.54077e-09 3.12608e-06 0.000980281 1.78905e-08 1.43484e-08 0.959997 0.000204291 8.78455e-05 0.00436944 2.58183e-08 0.0342648 4.05532e-06 
0.0176347 0.000274131 0.00033535 0.00167267 0.0220995 0.000370379 0.000373113 0.720123 0.00503313 0.0457597 0.00665729 0.000388742 0.179111 0.000167833 
0.028914 0.00111224 0.00020275 1.48327e-05 0.00632346 5.61436e-05 0.000419347 0.856549 0.00215677 0.0224987 0.00199427 6.82983e-05 0.0791266 0.000563369 
0.0404795 0.0150921 2.02764e-09 5.56948e-09 0.0500231 2.08262e-05 3.73988e-06 0.249842 0.226119 0.215926 0.00632412 2.15723e-09 0.196169 4.48725e-09 
0.0297118 0.00276394 5.73145e-05 8.77631e-05 0.0700878 0.0226037 0.00113634 0.603914 0.0104415 0.0589003 0.00765851 3.95726e-06 0.192633 2.29412e-08 
0.00647257 2.67415e-07 2.67387e-07 2.6724e-07 2.67428e-07 2.67223e-07 2.67357e-07 0.792381 2.67415e-07 2.67452e-07 0.0124604 2.67381e-07 0.188683 2.67284e-07 
1.40359e-05 3.67057e-13 3.68257e-10 2.16728e-06 0.00123909 7.07589e-09 7.50386e-13 0.981982 2.74841e-05 3.05355e-10 0.000497256 5.05587e-08 0.0162382 1.22466e-12 
0.00252521 0.000903403 0.000162497 3.30023e-10 0.000283301 1.83577e-12 0.00089086 0.949077 0.00102515 0.00372007 0.0169615 6.6559e-13 0.0244506 7.89313e-09 
0.000664474 0.00128131 0.000258278 1.15701e-05 7.42439e-08 3.93165e-06 4.75196e-05 0.932083 0.000579708 0.0465061 0.000695261 5.37831e-06 0.0178605 3.2156e-06 
0.00691512 0.00298845 0.00489635 0.000431481 0.00365829 1.51778e-05 0.000197956 0.9007 0.0020031 0.0423874 0.00517795 6.87729e-05 0.0305486 1.14474e-05 
0.0344774 0.0964002 6.41694e-06 5.57038e-09 4.52854e-08 4.84225e-05 0.00440582 0.457743 0.0054976 0.130894 0.0105985 5.85625e-06 0.259923 1.27034e-09 
0.0866971 0.00175707 0.000175301 0.000126243 0.00885129 0.00105892 0.000327406 0.678733 0.0169019 0.0865317 0.00910031 7.3626e-05 0.109661 5.67987e-06 
0.0501008 0.00100723 0.00104428 9.57091e-06 0.00719683 9.78467e-05 0.000798612 0.847065 0.00569898 0.0482378 0.00204621 1.43931e-05 0.0348025 0.00188012 
0.12422 0.00367242 0.000412229 0.020964 0.0120519 0.00949091 0.00157037 0.439131 0.00326554 0.034212 0.00443657 5.50388e-05 0.346454 6.39984e-05 
0.123943 0.00135415 1.33042e-08 2.23658e-05 2.75842e-08 8.18357e-06 0.00670671 0.648845 0.000376249 0.206097 0.00459585 5.52716e-10 0.00804838 2.97437e-06 
0.0196432 0.000649161 2.30805e-06 0.0277091 0.00211759 0.0325587 7.95298e-05 0.606182 0.0005296 0.00279575 0.00788469 6.41946e-06 0.29984 2.30736e-06 
0.0459312 0.0309569 0.132581 0.00128956 0.0019432 0.000223038 0.0284797 0.256332 0.0192515 0.175755 0.0850446 2.02646e-05 0.222191 3.93136e-07 
0.210174 0.00510406 9.64908e-09 9.97368e-08 0.183532 1.66457e-11 5.66913e-07 0.255166 0.211139 0.00921492 0.00599343 3.80276e-08 0.119675 5.44845e-07 
0.129768 0.0184958 0.00740672 0.00329692 0.112304 0.000498051 0.00454126 0.34624 0.00961982 0.288028 0.0153547 0.0221924 0.0420253 0.000229519 
0.0183882 0.00361929 0.000246865 0.000413291 0.00851802 0.000604013 0.00280659 0.864558 0.00263125 0.022768 0.00421793 7.60074e-05 0.0710806 7.18202e-05 
0.00548192 0.000333699 0.00130575 1.51655e-05 0.00274539 0.000976265 0.000932242 0.728859 0.0601539 0.0753335 0.0143378 0.000231103 0.10798 0.00131423 
0.0636221 0.0292214 0.00204072 0.000114707 0.0559181 0.00508864 0.00166968 0.469503 0.0268574 0.283067 0.00381125 0.0195842 0.0392972 0.000204456 
0.0488091 0.000666773 0.000107396 4.433e-07 0.00640839 0.0188045 0.000374358 0.527679 0.103844 0.000585626 0.0418076 4.29003e-05 0.250869 1.32409e-06 
0.123943 0.00135415 1.33042e-08 2.23658e-05 2.75842e-08 8.18357e-06 0.00670671 0.648845 0.000376249 0.206097 0.00459585 5.52716e-10 0.00804838 2.97437e-06 
0.151438 0.0060176 0.00308616 0.00951035 0.0555834 0.00112064 0.00228255 0.427528 0.0119316 0.225195 0.00496526 0.0164722 0.0843611 0.000508743 
0.00749008 0.00375442 0.000516693 0.00129683 0.149751 0.00424587 1.10233e-05 0.358367 0.21594 0.0675517 0.0240921 0.000785266 0.127966 0.0382321 
0.126862 0.012395 0.00149105 0.00104911 0.0377615 0.00158199 0.00305416 0.484688 0.00877618 0.107871 0.0270651 0.000403618 0.186338 0.000664042 
0.0292693 0.00844095 0.00359911 7.33434e-05 0.00690545 0.000452449 0.00113659 0.666466 0.0115203 0.0185957 0.152921 3.27915e-05 0.100336 0.000250493 
0.0120681 0.0132456 0.00281033 7.38388e-05 0.0756032 5.62968e-05 0.00433686 0.702798 0.00152807 0.181794 0.000663649 4.93561e-05 0.00496504 7.69246e-06 
0.0327071 0.00293921 1.16484e-05 2.69413e-08 0.000924339 1.2145e-06 0.000310062 0.954601 2.6704e-06 4.19949e-05 0.000628846 1.16983e-06 0.00783031 3.5929e-09 
0.0149955 0.0210513 0.00024774 4.26982e-05 0.00587896 0.000195071 0.0014842 0.929674 0.0001244 0.0206303 0.000697778 1.09889e-09 0.00496851 9.13205e-06 
3.29386e-05 0.000121593 2.63216e-05 2.72977e-08 4.27202e-05 5.52945e-09 4.37853e-05 0.957046 6.78659e-05 0.000237456 0.00129216 3.05584e-07 0.0410884 3.48523e-12 
0.195818 0.00722738 0.00481393 0.00751315 0.0265415 0.000322117 0.0112486 0.287083 0.0416977 0.101721 0.12006 0.000964837 0.194399 0.00059043 
0.0578675 0.00507819 0.00262433 0.00066877 0.0121788 0.00911649 0.00978842 0.299062 0.117567 0.0508359 0.20768 0.000126177 0.227048 0.000357836 
0.0556502 0.0495806 0.0028353 0.0037738 0.162422 0.198072 0.0213145 0.307893 0.00775764 0.117578 0.00310049 0.00147519 0.0676916 0.000854874 
0.0176347 0.000274131 0.00033535 0.00167267 0.0220995 0.000370379 0.000373113 0.720123 0.00503313 0.0457597 0.00665729 0.000388742 0.179111 0.000167833 
0.011778 7.9364e-05 0.000146171 2.78913e-05 0.00388979 0.000160248 8.1034e-05 0.885333 0.00676513 0.0116748 0.0023431 4.83576e-05 0.0775487 0.000124914 
0.00183426 0.000404814 4.10906e-05 0.00357818 0.00108977 1.61825e-08 0.00061254 0.913421 0.00149277 0.00658895 0.00346599 1.0881e-06 0.0674605 9.41762e-06 
0.0323085 0.00522864 0.00149318 0.000439795 0.0186445 0.000303922 0.00163162 0.808437 0.00476153 0.0317197 0.0145394 0.000184423 0.0789533 0.00135452 
1.75459e-05 1.77471e-06 3.12077e-06 1.22283e-08 0.000409629 7.18629e-05 6.03676e-09 0.996337 0.00179241 1.83286e-05 1.55551e-05 7.72086e-05 0.00120045 5.51824e-05 
0.0577644 0.0153748 0.0032687 6.21872e-05 0.00399137 0.00775752 0.000362828 0.302199 0.019834 0.2237 0.0410516 0.0231028 0.30149 4.15023e-05 
0.0251733 0.00889201 0.00825134 7.32097e-05 0.0330072 0.0010568 0.0316473 0.411959 0.0290139 0.0557254 0.0268176 0.00916166 0.359139 8.26329e-05 
0.0332651 0.0638142 0.0026784 0.000833537 0.0902707 0.00316526 0.0162163 0.685371 0.00718593 0.0544855 0.00756687 1.33792e-05 0.0351306 2.98091e-06 
0.0112976 0.0003337 0.00143411 1.5166e-05 0.00276546 0.000976254 0.00096938 0.716984 0.0621178 0.0722601 0.0205184 0.000231104 0.108782 0.00131424 
0.0238035 0.0026206 0.000112919 0.0818332 0.000733323 1.02264e-06 0.000421126 0.763251 0.000217419 0.00260533 0.00641662 1.53049e-06 0.117893 8.9525e-05 
0.132058 0.0141474 0.00316248 7.8212e-08 0.0014862 2.93682e-05 0.00651436 0.510416 0.0176596 0.00126604 0.0110081 2.97896e-05 0.302166 5.63417e-05 
0.0500736 0.00508777 0.0013715 0.000560475 0.00542949 0.00376184 0.0166349 0.527773 0.0947867 0.0639521 0.0258712 5.95389e-05 0.204061 0.000576691 
0.0187197 0.0041994 0.00387961 0.000256544 0.00140701 1.59626e-05 0.00338149 0.901022 0.000467827 0.0151194 0.00451039 2.11304e-06 0.0470173 1.63137e-06 
0.0485212 0.00521277 0.000167742 0.0173546 0.0114472 0.0250821 0.000524376 0.442661 0.00285286 0.012449 0.00895639 3.09888e-05 0.424702 3.77938e-05 
0.0234102 0.000763941 0.000347383 1.58092e-05 0.0150442 1.07794e-05 0.000566528 0.708209 0.0205543 0.0708736 0.00415465 3.9936e-05 0.15418 0.0018294 
0.0815492 0.00593065 0.000363895 3.12192e-05 0.00598595 0.00164263 0.000684545 0.712149 0.00252576 0.02214 0.0084901 1.41965e-05 0.153422 0.00507043 
0.0327071 0.00293921 1.16484e-05 2.69413e-08 0.000924339 1.2145e-06 0.000310062 0.954601 2.6704e-06 4.19949e-05 0.000628846 1.16983e-06 0.00783031 3.5929e-09 
0.0130456 0.0027069 0.00466927 3.10911e-05 0.0174608 0.000193607 0.00449116 0.746744 0.0189031 0.0568719 0.00655239 1.57045e-05 0.128292 2.31531e-05 
0.0211006 0.000225745 0.000126908 7.01543e-05 0.011054 0.000355692 6.8323e-05 0.835413 0.00454944 0.0356384 0.00843672 2.48755e-05 0.0828567 7.93539e-05 
0.132058 0.0141474 0.00316248 7.8212e-08 0.0014862 2.93682e-05 0.00651436 0.510416 0.0176596 0.00126604 0.0110081 2.97896e-05 0.302166 5.63417e-05 
0.0176347 0.000274131 0.00033535 0.00167267 0.0220995 0.000370379 0.000373113 0.720123 0.00503313 0.0457597 0.00665729 0.000388742 0.179111 0.000167833 
0.032964 0.00181259 6.18313e-06 0.000112113 0.00636983 0.020341 0.000497344 0.852321 0.000428692 0.00738587 0.00251268 2.04716e-05 0.0752224 5.94973e-06 
0.00405838 0.00154126 2.20949e-05 2.47942e-08 0.000136312 1.55005e-07 0.00133619 0.787101 0.0013947 0.00186787 0.00895493 9.50977e-07 0.193563 2.24995e-05 
0.0379477 0.0177834 0.000528034 8.52709e-05 0.0392052 0.000230561 0.000909372 0.524701 0.00646585 0.0938554 0.0111683 3.12106e-05 0.267088 6.28841e-07 
0.00946844 3.22269e-05 7.95313e-06 6.14785e-05 0.00115238 0.000635585 1.13361e-06 0.94715 0.000766628 0.00205053 0.00197447 1.49054e-05 0.0366827 1.99815e-06 
0.0538838 0.029048 2.16279e-05 0.000323515 0.00835851 0.00303318 0.000288775 0.648499 0.0022137 0.0277811 0.029011 1.01831e-05 0.197406 0.000121747 
0.0272672 0.0561449 0.0492237 3.10811e-06 0.00595198 4.62915e-06 0.00170089 0.446006 0.0028623 0.238772 0.0225027 6.05755e-06 0.149553 1.05666e-06 
0.0297118 0.00276394 5.73145e-05 8.77631e-05 0.0700878 0.0226037 0.00113634 0.603914 0.0104415 0.0589003 0.00765851 3.95726e-06 0.192633 2.29412e-08 
0.00264412 0.000154044 0.000602719 7.4669e-06 0.00130417 0.000451079 0.000430694 0.810698 0.0280074 0.0348339 0.0200892 0.00010669 0.100064 0.000606773 
0.343843 0.0222903 7.2994e-05 3.33925e-05 0.0131462 1.28494e-05 0.00288493 0.536249 0.00870261 0.0244763 0.00559652 7.90419e-06 0.0424978 0.000186185 
0.10749 3.52945e-07 2.32351e-11 3.57466e-07 0.0437935 0.00012606 6.32972e-06 0.304472 2.80864e-05 0.277543 5.74571e-06 2.34349e-06 0.266529 2.88473e-06 
0.0295586 0.00462731 0.00905386 9.37549e-05 0.00891978 0.000171111 0.00319847 0.799297 0.00892787 0.021997 0.0141113 3.64761e-05 0.099944 6.38043e-05 
0.0396731 0.00352341 0.00227658 0.0322065 0.0832589 7.44973e-05 0.0053646 0.435712 0.0836818 0.0574183 0.0263766 0.00615199 0.203048 0.0212337 
0.0315435 0.000608997 3.14727e-05 0.00173967 0.0109007 0.00142688 0.000507966 0.758742 0.00698641 0.14673 0.00308413 0.000100578 0.0373568 0.000241492 
0.030951 0.013723 4.54228e-05 6.43601e-06 0.00210527 9.69872e-06 0.000945069 0.759094 0.000865619 0.113714 0.00548914 1.26844e-05 0.0730364 2.12516e-06 
0.0203546 0.00717958 0.00232545 0.00162332 0.00648089 3.95951e-05 0.00227423 0.712685 0.00486111 0.0310767 0.0188375 4.68828e-06 0.192256 1.55728e-06 
0.0299612 0.00819262 7.11451e-05 0.000397679 0.226807 1.25478e-05 0.00269388 0.325806 0.24268 0.0521564 0.00219321 0.00160538 0.0957886 0.0116347 
0.0231632 0.00375708 0.00139784 0.000981663 0.010342 0.000163389 0.00115024 0.744827 0.00529728 0.035569 0.0134711 1.21926e-05 0.159846 2.21638e-05 
0.0335841 0.00223536 0.000286399 2.46216e-06 0.000707297 1.49194e-06 0.00692198 0.489659 0.009329 0.00162002 0.036451 4.46992e-05 0.419157 7.73968e-07 
0.0178477 0.00139021 0.000250275 0.000596358 0.0167094 0.000539821 0.00550658 0.757512 0.030446 0.0285312 0.0175396 0.000243822 0.122598 0.000288236 
0.137783 0.00345248 1.55704e-05 6.86056e-05 0.0020542 0.00465778 0.00108984 0.764449 0.000614815 0.00730836 0.000723758 5.97993e-06 0.0777762 2.98287e-07 
0.00828392 0.00469006 0.0094916 6.95982e-05 0.00220281 1.43409e-05 0.00133414 0.889662 0.000112619 0.0806722 0.000594288 5.86277e-08 0.00287183 3.83026e-07 
0.133607 4.66593e-05 8.66724e-08 0.0005131 0.000739577 0.0773497 0.0327386 0.225494 0.060973 0.0198753 0.0799914 0.146706 0.161243 0.0607227 
0.00479759 0.0110968 0.00191851 7.12337e-06 1.23508e-06 1.18634e-06 0.00628671 0.797394 0.000784778 0.00546048 0.0027404 1.96724e-06 0.169509 1.03437e-06 
3.30627e-05 4.26756e-05 7.35297e-05 5.4506e-06 4.77898e-05 1.06737e-05 7.03865e-05 0.998865 0.000152538 9.29917e-05 5.14256e-05 1.03421e-05 2.05156e-05 0.00052373 
0.11399 0.032839 0.00349624 0.0753144 0.0365007 0.00408922 0.00842914 0.242633 0.113156 0.120504 0.0290813 0.000202325 0.218515 0.00124957 
0.0211006 0.000225745 0.000126908 7.01543e-05 0.011054 0.000355692 6.8323e-05 0.835413 0.00454944 0.0356384 0.00843672 2.48755e-05 0.0828567 7.93539e-05 
0.0578513 0.00368906 0.0018801 0.00138759 0.022448 0.000849047 0.000592214 0.620897 0.0420219 0.0573931 0.00878956 0.000663968 0.181163 0.000374434 
0.0207741 0.000271622 0.000230689 0.000173736 0.00210335 0.000461802 0.000265049 0.635434 0.00395865 0.045608 0.00537908 1.35249e-06 0.285337 1.12653e-06 
0.000139622 0.00250398 2.34308e-06 0.000139875 0.0266654 1.44851e-05 6.95565e-06 0.448217 0.35121 0.0171757 0.00611974 5.76675e-05 0.147665 8.24975e-05 
0.127048 0.0201191 0.000180437 0.000202185 0.004184 0.00313315 0.00161859 0.614411 0.00107862 0.0845936 0.00457619 1.66273e-05 0.138833 5.59422e-06 
0.0903753 0.00286227 0.000921432 2.69256e-05 0.00863489 0.000102994 0.0018663 0.81699 0.00452615 0.0383601 0.00212966 2.15924e-05 0.0316488 0.00153364 
0.0215014 0.00120889 0.000417274 0.000246016 0.00272235 3.75188e-05 0.000548028 0.917382 0.00188596 0.0107377 0.00197787 8.55492e-06 0.0410249 0.000301306 
0.105184 0.0214682 0.0151198 0.00302103 0.12311 0.00117241 0.00530686 0.287825 0.243086 0.118566 0.0246849 0.00813934 0.0332567 0.010061 
0.0176347 0.000274131 0.00033535 0.00167267 0.0220995 0.000370379 0.000373113 0.720123 0.00503313 0.0457597 0.00665729 0.000388742 0.179111 0.000167833 
0.00543775 0.00204483 5.23184e-09 1.55172e-06 0.000230398 3.52753e-09 0.000661408 0.832138 6.05794e-05 7.54688e-06 0.00204278 2.70636e-05 0.157334 1.39645e-05 
0.00376282 0.00676445 0.0145804 0.0008663 0.000138437 6.07517e-06 0.000547448 0.91919 0.0014145 0.0333244 0.00602708 3.80603e-06 0.0133399 3.43085e-05 
0.0133602 0.00283697 0.000101745 0.00169828 0.0139148 0.000570219 0.000450762 0.576057 0.0109033 0.0515798 0.00993485 0.000126345 0.318372 9.39079e-05 
0.038193 0.000983597 0.000100716 0.00162159 0.119298 0.173802 0.00269404 0.51195 0.000225676 0.0321552 0.00296874 8.85254e-06 0.115999 1.26542e-07 
0.0162141 0.00409145 0.000456747 8.72106e-06 0.000761128 5.78836e-05 0.000198024 0.726525 0.00158353 0.0199605 0.0056505 1.50823e-08 0.224493 5.14906e-08 
0.0294451 4.79057e-05 5.76992e-06 0.0663187 0.00649095 0.00591256 7.75629e-05 0.570378 0.00174437 0.00644169 0.00817373 5.21709e-08 0.304911 5.26362e-05 
