0.0232443 0.0337322 0.15244 1.80593e-09 0.0566122 1.45907e-06 0.0129152 4.21575e-10 0.0407654 0.374839 0.287371 6.99492e-10 0.017929 0.000150005 
0.0111084 0.00214865 0.657997 0.000368024 0.000391508 9.70676e-07 0.00127356 2.12106e-07 0.00932783 0.277188 0.019857 3.51934e-07 0.0203376 7.32057e-07 
0.337331 0.453962 0.00731035 3.27011e-05 0.129393 3.50886e-06 0.02532 1.14453e-07 0.000311176 0.0454197 0.000837159 4.12144e-06 6.53542e-05 9.17045e-06 
9.61815e-06 5.18012e-05 7.08674e-10 1.94657e-09 0.00513912 4.57705e-06 0.0183059 4.54407e-10 0.913596 0.0317605 7.28065e-10 0.000816097 0.0303168 1.56832e-09 
0.162395 0.036026 0.0429252 0.000120022 0.0348718 0.00616874 0.0587373 7.11817e-05 0.442686 0.201228 0.00788509 8.09154e-05 0.00670043 0.000104373 
0.0343238 0.00110833 5.26558e-06 3.35926e-09 0.00448028 3.58871e-09 5.25884e-06 7.84185e-10 0.802378 0.0339096 0.121296 1.38782e-06 0.00249012 2.73652e-06 
0.0100603 0.00466496 0.633349 1.8591e-05 0.0162105 1.74813e-05 0.00346794 6.41037e-07 0.17098 0.143536 0.0118482 0.00012257 0.00324222 0.00248101 
0.153946 0.24236 0.0110765 3.236e-05 0.13097 1.0767e-05 0.00654915 7.40959e-06 0.111458 0.327046 0.00126149 0.000108762 0.0148693 0.000304019 
0.0244561 0.118779 0.0524174 0.00114097 0.0174662 0.00138498 0.00605353 3.14609e-05 0.428789 0.0747561 0.0517974 0.00304113 0.0200714 0.199815 
0.0101741 0.00907431 0.0388924 0.000780015 0.20273 0.00079921 0.00744741 0.000404395 0.598604 0.104956 0.000867533 0.00153064 0.00402627 0.0197139 
0.0354323 0.123993 0.0435375 9.16423e-05 0.567154 0.0129887 0.0113293 1.78917e-07 0.0656783 0.128053 0.00109281 0.00392897 0.00671829 2.01631e-06 
0.0296909 0.000357308 0.00172177 0.00668237 0.502328 0.000455754 0.00273891 0.000117015 0.220041 0.200627 0.0121592 0.000118146 0.0122267 0.0107351 
0.00627185 0.190768 0.570271 0.000127748 0.175962 7.4298e-10 0.0111746 1.62352e-10 0.0111434 0.0250727 0.000682426 2.69379e-10 0.00673968 0.00178697 
0.00159304 0.168583 0.0289418 0.00766712 0.00142681 5.3332e-05 0.00784477 5.00376e-06 0.637925 0.0778679 0.00166739 0.000423848 0.0657031 0.000297714 
0.264854 0.0278284 4.01605e-06 7.37607e-05 0.654427 2.43941e-06 2.72559e-07 8.56481e-11 0.0125352 0.0400993 0.000175691 1.73319e-07 1.03721e-07 2.95603e-10 
0.683029 0.0126224 0.00087062 0.00138086 0.188079 8.25418e-05 0.00231232 6.78329e-05 0.0197809 0.0465288 0.013566 0.000716744 0.030866 9.67035e-05 
0.0152218 0.00937531 0.377164 0.000967119 0.25161 0.000170879 0.00326172 6.76754e-06 0.190955 0.107299 0.0117179 0.018854 0.0133802 1.77943e-05 
0.0174803 0.777184 0.000215236 0.000367852 0.012281 0.0112128 0.00095671 8.12532e-07 0.0213595 0.113486 0.00415947 9.17586e-05 0.0412033 1.13635e-06 
0.640719 0.000419508 0.0104677 6.5103e-06 0.268975 4.44826e-05 0.00127822 9.15522e-07 0.0365329 0.0290452 0.0108296 0.000190776 0.00144102 4.99433e-05 
0.0719028 0.00425659 0.000792309 7.53525e-05 0.436704 0.00589717 0.00832367 4.22619e-07 0.322876 0.0753942 0.00986388 0.0270694 0.0367544 9.00788e-05 
0.176062 0.169676 0.0387342 8.537e-05 0.191577 0.000195369 0.0392823 3.68861e-06 0.037087 0.338022 0.00254232 0.00513184 0.000960869 0.000639261 
0.586797 0.000337856 0.0501968 0.0153112 0.070043 0.000167787 0.00879891 0.000102618 0.0294253 0.194049 0.000532906 0.00137895 0.041029 0.00182986 
0.0937637 0.0659496 0.00361366 0.0260643 0.093428 0.0077887 0.0243365 0.00251538 0.426781 0.0598874 0.0180801 0.063974 0.0719095 0.041908 
0.03094 0.131091 0.0356761 0.00444895 0.0241395 0.000172169 0.0921651 8.60539e-05 0.420227 0.0459221 0.000330765 0.000507276 0.0627752 0.151519 
0.309756 0.00277093 0.0842124 6.57319e-06 0.0655499 2.26336e-05 2.87973e-05 6.5796e-10 0.0240812 0.400835 0.0943606 1.15887e-06 0.0183733 9.59638e-07 
0.00144672 0.0012307 0.000187205 0.000109919 0.0418622 0.000256184 0.000321689 1.77371e-05 0.109928 0.00714759 6.22673e-05 0.836966 0.000259702 0.000203516 
0.0112802 0.0010607 0.0118069 0.00134736 0.509444 0.00057562 0.00395697 1.78125e-05 0.0321713 0.1148 0.00238706 0.31005 0.00105791 4.37031e-05 
0.905313 0.0161367 9.93608e-05 3.48073e-07 0.000595147 0.00056872 0.00033587 2.45393e-07 0.00823383 0.0522861 3.36395e-07 8.77578e-07 0.0164274 2.01858e-06 
0.505153 0.0183169 6.18787e-05 1.7792e-10 0.0346248 1.90073e-10 0.308135 4.15336e-11 3.63336e-07 0.126993 0.00670983 8.96571e-08 4.59918e-06 1.43348e-10 
0.0864378 0.0466881 0.55435 8.60566e-05 0.201319 1.97772e-06 0.092517 1.9489e-08 0.00190836 0.0157585 0.000181702 2.48907e-05 0.000706448 2.0422e-05 
0.295798 3.45895e-10 0.00854752 1.43239e-09 1.3379e-05 1.53023e-09 0.230857 3.34376e-10 0.441587 3.69312e-06 2.89357e-06 5.54808e-10 0.0231849 4.84819e-06 
0.354771 3.18149e-07 0.0216439 0.0216478 0.0203253 0.00394482 0.000845947 1.1133e-07 0.0487136 0.19015 0.00745456 1.62433e-07 0.330502 3.6652e-07 
0.023916 0.0289816 0.755053 9.16535e-06 0.00231646 2.77763e-06 0.138953 2.58781e-08 0.00791935 0.0103123 0.00549087 0.000872094 0.0258123 0.000360477 
0.5358 0.000551473 1.28385e-06 6.41545e-05 0.00569254 5.24933e-05 0.0197449 8.27198e-08 0.0689971 0.366908 0.00131565 0.000119851 0.000751859 8.31578e-07 
0.181652 0.254544 0.00897218 0.000490856 0.0315489 0.000347001 0.0093282 2.00562e-05 0.338841 0.144166 0.00112817 0.000898638 0.0140505 0.0140136 
0.355832 0.0173717 8.50778e-07 4.79382e-07 0.00471548 0.00108831 0.00358053 5.17713e-12 0.427344 0.177538 0.00447514 0.000725208 0.00716332 0.000165178 
0.339377 0.0225791 0.178326 0.00264272 0.173756 3.37835e-06 0.00176463 3.33689e-08 9.13413e-06 0.241022 0.00115927 4.23027e-08 0.039339 2.11794e-05 
0.0109406 0.000953629 0.00122997 1.86383e-06 0.00034055 0.000198711 9.20117e-07 4.35093e-07 0.976855 0.000473672 0.00121423 7.21921e-07 0.00778797 1.50166e-06 
0.422804 1.85787e-05 0.283038 1.34542e-07 8.43384e-05 1.43732e-07 6.64194e-08 3.14075e-08 0.0105376 0.264613 0.0188595 4.95557e-06 3.98753e-05 1.08399e-07 
0.472772 0.140862 0.0456118 0.00242233 0.155618 2.91153e-05 0.00567686 5.57347e-06 0.000880673 0.160869 0.000323235 0.0148138 2.18604e-05 9.28543e-05 
0.000211728 1.65216e-07 3.26104e-10 8.95736e-10 0.00388701 1.03209e-06 4.42197e-10 2.091e-10 0.986984 1.17529e-06 3.18068e-06 3.58754e-07 0.00891112 7.21682e-10 
0.0607387 0.0019956 0.015567 3.29332e-05 0.0250857 0.000330952 0.0051898 2.15374e-05 0.658262 0.0886631 0.0109455 4.23016e-05 0.133077 4.87462e-05 
0.236549 0.0125156 3.87481e-09 1.2368e-07 0.00136647 0.651403 0.0041642 5.63513e-11 0.035562 0.0581068 6.61441e-05 3.11612e-05 0.000235297 8.75057e-08 
0.262556 0.0206541 0.0214612 0.00275557 0.116992 0.00182458 0.01135 0.00108919 0.169656 0.0760742 0.0402977 0.130838 0.00850699 0.135945 
0.177307 0.0226061 0.00296014 0.000613936 0.538607 0.000731071 0.0248414 1.64888e-07 0.0178851 0.178245 0.0024426 0.00960762 0.0235458 0.000607216 
0.00470001 0.00723579 0.00249548 1.7479e-05 0.73725 0.044053 0.00157564 1.37363e-05 0.019218 0.160493 0.000255952 0.0191558 0.00191867 0.00161738 
0.236549 0.0125156 3.87481e-09 1.2368e-07 0.00136647 0.651403 0.0041642 5.63513e-11 0.035562 0.0581068 6.61441e-05 3.11612e-05 0.000235297 8.75057e-08 
0.299226 0.0973009 0.00571779 0.00595414 0.0460511 7.26491e-07 0.0418593 2.87964e-07 0.042607 0.230296 0.00787573 1.23559e-06 0.222909 0.000200275 
0.333502 0.0595087 0.215165 0.000588446 0.307893 1.71845e-07 0.029868 3.18016e-11 0.00185234 0.0489561 0.00166446 5.27662e-11 0.00100249 1.09759e-10 
0.021913 0.0204935 0.0470697 7.38e-05 0.644215 0.00376405 0.0241148 4.27142e-05 0.0555327 0.111668 0.00578781 0.0454434 0.0192051 0.000676158 
0.0686077 0.0339746 0.00223274 0.000489843 0.0066132 2.86483e-06 0.133833 4.36908e-07 0.00879216 0.592361 0.0104045 3.2587e-06 0.142677 7.66034e-06 
0.0130905 2.95357e-06 0.00944407 3.79843e-06 0.0320149 0.000115259 0.00747115 2.11562e-07 0.900933 0.0134814 0.00289342 4.40259e-07 0.0182309 0.00231824 
0.0032189 0.102999 0.00136945 0.000182874 0.0693995 0.000350954 0.157245 4.9676e-05 0.0670714 0.333066 0.00555798 0.0787288 0.000268366 0.180491 
0.14685 0.0885175 0.00825483 2.53706e-07 0.0591428 4.04745e-10 0.000379731 8.84425e-11 0.348935 0.249419 0.0121695 0.000513674 0.0858176 1.78895e-07 
0.00208903 0.236501 0.0212923 6.32941e-05 0.700248 0.000341738 0.00436721 1.5276e-08 0.0107377 0.0132908 9.32177e-05 0.0109555 5.68577e-07 2.02693e-05 
0.00402867 0.0219879 7.33387e-05 4.93821e-05 0.0109763 0.00467765 0.00255269 4.2048e-08 0.65498 0.00518404 0.00151776 2.39209e-05 0.293949 1.45123e-07 
0.0211448 0.00690729 0.121126 0.000531106 0.0888249 3.29365e-05 0.00503843 1.1449e-05 0.669597 0.0466375 0.00332008 0.0011946 0.0211194 0.0145144 
0.180352 0.0369548 0.000612144 0.00688681 0.48478 0.00290257 0.00513291 0.000108462 0.086836 0.085179 0.00118383 0.00820897 0.100027 0.000835823 
0.167557 0.0534752 0.000274553 0.00283354 0.0101116 0.00380219 0.0078029 2.38766e-06 0.631557 0.0831817 0.0126618 0.000172744 0.0264403 0.000127079 
0.208956 0.0370152 0.148812 0.00128376 0.0368001 0.000650257 0.00925609 0.000467234 0.0911113 0.340839 0.0142607 0.00203499 0.0381372 0.070376 
0.0462122 0.0310183 0.521935 2.48092e-05 0.164819 0.000238307 0.010565 3.38007e-11 0.00103687 0.187046 0.032918 4.49582e-05 0.00414042 9.87589e-08 
0.711999 0.0131598 0.0001725 2.16811e-05 0.0100006 7.12651e-05 0.00376204 1.1101e-07 0.147369 0.10569 0.00740641 8.22794e-07 0.000344749 1.68376e-06 
0.262556 0.0206541 0.0214612 0.00275557 0.116992 0.00182458 0.01135 0.00108919 0.169656 0.0760742 0.0402977 0.130838 0.00850699 0.135945 
0.130986 0.255855 0.100387 0.00378051 0.05374 0.00192456 0.0514959 2.29221e-05 0.291814 0.103439 0.000228339 0.00241091 0.00355479 0.000361931 
0.0878644 0.0670466 0.00492438 0.00132142 0.103958 0.000410379 0.0178203 0.000104454 0.323712 0.105083 0.00981246 0.00292154 0.0425202 0.232502 
0.103626 0.0274182 8.44553e-06 5.05837e-06 0.106273 1.2414e-06 0.0410964 2.3915e-09 0.532464 0.170047 2.6701e-06 0.000160016 0.0188919 5.69414e-06 
0.00356487 0.00165524 0.00542746 4.2838e-07 0.00742165 4.57641e-07 0.0145922 1.00001e-07 0.945513 0.00152033 0.0105429 0.000564311 0.00919648 3.4514e-07 
0.00110328 0.913899 0.00129834 0.0370886 0.000195803 0.000189534 0.0002306 1.7084e-07 0.0447451 0.00059957 0.000427738 2.83464e-07 0.00010978 0.000112163 
0.0240847 0.0131138 0.00198889 1.05038e-06 0.866794 1.12213e-06 5.1854e-07 2.45201e-07 0.0290822 0.0555898 0.00475409 0.00162779 0.00296046 8.46276e-07 
0.021731 0.00207284 1.6866e-11 4.63271e-11 7.82905e-08 3.81135e-07 0.00101695 1.08146e-11 0.946197 0.0270691 3.46567e-07 7.43617e-05 0.000398522 0.00143902 
0.0127898 0.0868174 0.043016 0.000248393 0.110627 0.00632263 0.00345442 0.000221769 0.0952346 0.00518003 0.000340286 0.00258713 0.402805 0.230355 
1.74177e-06 0.0059758 2.67542e-05 0.84615 0.124661 0.000279951 0.00101241 6.48434e-07 0.00330047 0.0149703 0.00169065 1.10036e-05 0.00191614 3.10332e-06 
0.0455972 0.113114 0.365903 0.00100567 0.105049 9.97682e-05 0.029845 6.72591e-05 0.0689846 0.215382 0.00205773 0.000776732 0.0519079 0.000210868 
0.0752536 0.00169275 0.0126366 0.00467329 9.70193e-05 0.000109389 0.0314162 9.11508e-08 0.694886 0.0810891 0.0222157 1.51241e-07 0.0759297 3.14595e-07 
0.355832 0.0173717 8.50778e-07 4.79382e-07 0.00471548 0.00108831 0.00358053 5.17713e-12 0.427344 0.177538 0.00447514 0.000725208 0.00716332 0.000165178 
1.2818e-05 0.0729936 0.0492047 1.24152e-05 0.147622 5.39601e-09 0.146472 1.1791e-09 0.215632 0.323988 4.59771e-06 6.63129e-06 0.0440461 4.81826e-06 
0.0479972 0.0127373 0.00261596 0.000914584 0.00688919 0.00649145 0.0042061 3.34295e-08 0.665222 0.179362 0.017295 0.000574288 0.0506996 0.00499483 
0.147794 0.00279833 0.489923 0.0294087 0.0251135 7.50335e-05 0.0388349 1.02339e-05 0.00575246 0.0609827 0.0715664 0.000102975 0.12762 1.73047e-05 
0.0043886 0.0330515 0.00636232 0.00523231 0.0266152 0.00330289 0.0500889 4.84651e-07 0.710505 0.0365799 0.0154405 0.000437548 0.107822 0.000172852 
0.750577 0.0140353 0.0134037 0.00013712 0.0428211 0.000517203 0.0128134 2.4184e-05 0.000534912 0.156356 0.00503932 5.33395e-05 0.0036094 7.80436e-05 
0.00878677 0.0227528 0.00208269 4.4087e-06 0.801983 0.0101539 0.00647814 4.34134e-07 0.0522128 0.0830619 0.00154183 0.00348657 0.00744651 8.11952e-06 
0.000252888 0.00059491 1.40659e-08 0.0115834 0.00679996 8.6176e-08 0.00202201 5.07247e-12 0.00161982 0.00314496 0.934628 2.37499e-06 0.0393521 1.62801e-08 
0.0258508 0.00112078 5.55571e-06 2.30936e-05 2.29169e-05 6.70943e-05 0.000905474 6.19128e-08 0.935757 0.0357619 1.10621e-05 2.28094e-05 0.000420523 3.08679e-05 
0.016811 0.0669226 0.00552682 0.00015073 0.14304 0.000102987 0.00133335 1.85582e-06 0.557313 0.10829 0.0107896 8.50448e-05 0.00392221 0.0857106 
0.445567 0.00690122 0.0241029 0.000508412 0.269975 0.000731063 0.000697014 6.34182e-05 0.0244596 0.0638006 0.0732414 0.00106525 0.08807 0.000817409 
0.194092 0.00555946 0.405151 0.000341314 0.00730429 0.000159861 0.000252896 1.60269e-05 0.0395485 0.147056 0.150244 2.12535e-05 0.0502306 2.22108e-05 
0.0144653 0.00280633 0.00833912 0.000425384 0.0713837 0.000444678 0.00534333 0.000132132 0.0481177 0.0974823 0.00136176 0.746377 0.00181089 0.00150993 
0.193168 0.147381 0.512053 4.33724e-05 0.0152316 8.06438e-05 0.0020968 4.20925e-06 0.0381378 0.0629396 0.00405517 0.00316653 0.0197632 0.00187894 
0.800321 0.00478051 0.159005 3.94567e-07 0.0228123 4.80507e-06 0.00360185 9.21077e-08 0.000256551 0.00134833 0.00743918 9.15901e-06 0.000420619 3.17897e-07 
8.79678e-07 1.01767e-07 1.53272e-10 7.16131e-07 5.31672e-07 0.00036062 2.07837e-10 9.82793e-11 0.997811 3.3021e-09 1.57466e-10 0.00178703 3.83912e-05 1.01793e-06 
0.0125118 0.0150493 0.0628439 3.31245e-06 0.425882 0.296408 0.00381262 2.47308e-06 0.0205734 0.117146 0.00120308 0.0374002 0.00638776 0.00077586 
0.262556 0.0206541 0.0214612 0.00275557 0.116992 0.00182458 0.01135 0.00108919 0.169656 0.0760742 0.0402977 0.130838 0.00850699 0.135945 
0.193219 0.0187053 0.0894109 1.56981e-10 0.012743 3.57069e-06 0.0175351 3.66457e-11 0.05075 0.413635 0.0519649 3.84587e-05 0.151987 8.03609e-06 
9.7322e-05 0.0509732 1.05037e-06 1.14142e-06 0.0117291 9.72726e-05 0.00957819 8.57036e-07 0.927066 4.25054e-05 1.16887e-06 0.000193969 6.28806e-05 0.000154887 
0.00622992 0.00389319 0.949608 2.61115e-09 0.00483959 2.7895e-09 0.0275464 6.09546e-10 0.00188193 1.37336e-05 0.00598687 1.01138e-09 7.24216e-07 2.10376e-09 
0.033837 0.00997551 0.0761615 0.00120724 0.0483764 0.0745093 0.0162299 0.000243783 0.528879 0.11008 0.0187126 0.001903 0.0252818 0.0546032 
0.0462024 2.35862e-06 1.42854e-05 3.49348e-07 0.0283279 1.94719e-07 0.00019439 3.12584e-08 0.706923 0.00297108 7.24458e-05 0.00125482 0.0506088 0.163428 
0.324671 0.0067796 0.384993 0.000375249 0.10292 9.12193e-05 0.00900688 3.9308e-05 0.00403589 0.0142489 0.0867499 0.00586817 0.0601082 0.000112261 
0.348814 0.00923483 0.00351039 5.30514e-05 0.00126046 0.00362498 0.00196716 1.35765e-08 0.0913293 0.532624 0.00314801 0.000126144 0.00423789 6.92261e-05 
0.447058 0.0392197 0.00116558 0.000108663 0.00160466 6.88566e-06 4.33637e-11 2.05053e-11 8.19863e-07 0.505852 2.21445e-07 1.25532e-05 0.00497067 7.07712e-11 
0.00285038 0.000395087 0.571249 3.15668e-07 0.0188118 3.3723e-07 0.0395363 7.36894e-08 0.300506 0.0291092 0.00347352 5.29212e-05 0.0326413 0.00137423 
0.0354323 0.123993 0.0435375 9.16423e-05 0.567154 0.0129887 0.0113293 1.78917e-07 0.0656783 0.128053 0.00109281 0.00392897 0.00671829 2.01631e-06 
0.0719028 0.00425659 0.000792309 7.53525e-05 0.436704 0.00589717 0.00832367 4.22619e-07 0.322876 0.0753942 0.00986388 0.0270694 0.0367544 9.00788e-05 
0.0871129 0.19051 0.00310537 2.26208e-05 0.0662877 0.000883827 0.0330927 4.85479e-06 0.472333 0.0850858 0.0106609 0.00258925 0.0208071 0.0275037 
0.0112802 0.0010607 0.0118069 0.00134736 0.509444 0.00057562 0.00395697 1.78125e-05 0.0321713 0.1148 0.00238706 0.31005 0.00105791 4.37031e-05 
0.0657539 0.0108047 0.0560335 0.000212853 0.0518711 8.89798e-05 3.14251e-06 3.12673e-07 0.202009 0.60929 0.000519624 9.10247e-05 0.00326964 5.22059e-05 
0.751443 0.000208892 0.000212298 0.00109745 0.0016373 6.32837e-05 0.000787962 1.96498e-06 0.0126073 0.173965 0.00836474 2.48743e-05 0.0494801 0.000105824 
0.0787829 1.04805e-05 1.17231e-05 1.74995e-09 6.50217e-07 1.0284e-05 0.0277629 4.08509e-10 0.034801 0.191466 6.415e-06 2.23746e-06 0.667145 1.40991e-09 
0.0157751 0.00409377 0.843749 4.21483e-08 0.0269474 4.63762e-08 0.0816603 6.13352e-09 0.00518133 0.00995297 0.000367259 0.012135 4.1006e-05 9.68609e-05 
2.00598e-05 7.87438e-05 0.00085763 4.17842e-08 0.000828053 3.91339e-05 0.000777944 7.36988e-09 0.994753 0.000198221 0.000826488 2.94762e-05 0.00155835 3.25902e-05 
0.0471021 0.00395067 0.894757 6.79815e-07 0.00369526 0.00185536 0.00325906 6.03619e-07 0.0398353 0.00192599 0.00136208 0.000927274 0.00127383 5.53151e-05 
0.00699671 0.0478948 0.157491 1.40626e-05 0.134764 5.64937e-07 0.00346532 3.85975e-09 0.645788 0.00300802 2.48237e-07 9.01424e-05 0.000470016 1.70131e-05 
0.473551 0.151075 7.09164e-07 0.000134999 7.12645e-07 6.18701e-06 0.0126618 5.7043e-08 0.0366174 0.168152 0.00251432 9.4648e-08 0.155219 6.61266e-05 
0.264854 0.0278284 4.01605e-06 7.37607e-05 0.654427 2.43941e-06 2.72559e-07 8.56481e-11 0.0125352 0.0400993 0.000175691 1.73319e-07 1.03721e-07 2.95603e-10 
0.00195687 0.0181584 0.009969 1.08966e-08 0.23641 5.79146e-11 2.14128e-07 1.26552e-11 7.52469e-07 0.732351 2.02765e-11 2.09979e-11 0.00115294 9.56584e-07 
0.264854 0.0278284 4.01605e-06 7.37607e-05 0.654427 2.43941e-06 2.72559e-07 8.56481e-11 0.0125352 0.0400993 0.000175691 1.73319e-07 1.03721e-07 2.95603e-10 
5.17143e-05 0.000112653 1.3372e-08 3.673e-08 0.000418776 3.92388e-08 0.000148704 8.57423e-09 0.00432849 0.000106395 8.79364e-05 0.00020061 0.000139915 0.994405 
0.254916 0.0291568 2.2673e-11 6.22778e-11 0.0358604 6.65317e-11 3.38498e-08 1.45381e-11 0.251703 0.320642 4.77539e-07 2.6778e-07 0.107721 4.11498e-07 
0.119659 0.00128231 0.0112514 1.21763e-09 0.00323385 6.62153e-07 4.58575e-05 2.84242e-10 0.724932 0.00631896 0.057371 0.00011665 0.0757881 4.80736e-08 
0.0557936 0.0129501 0.0278703 9.11379e-05 0.0477527 4.15371e-05 0.00506864 3.93214e-05 0.657593 0.111857 0.0153478 0.000151214 0.0634344 0.00200958 
0.0263713 0.00166757 1.38446e-09 3.80282e-09 2.88581e-06 1.16395e-06 0.00278078 8.87728e-10 0.779101 0.0218667 0.012052 9.97804e-08 0.156155 1.07095e-06 
0.00858015 0.00320035 0.000985531 0.00107449 0.0155927 0.00131208 3.54719e-05 3.53137e-05 0.875205 0.00654233 0.000308494 0.000195058 0.0864948 0.000438489 
0.488856 0.074114 0.0520198 2.90804e-05 0.0163254 6.88057e-08 0.0286157 5.75368e-08 4.45934e-05 0.336469 0.00297352 3.69573e-05 0.00022769 0.000288744 
0.0833582 0.00175713 0.00950401 0.092152 0.00720869 0.000419384 0.0464976 5.02822e-05 0.587227 0.0205268 0.0632617 0.0202342 0.0639585 0.00384434 
0.093253 0.00955639 0.0124199 0.00017068 0.0116135 0.00023123 0.000456185 2.95212e-05 0.784542 0.0594101 0.00353312 8.83397e-05 0.0243573 0.00033844 
0.704965 0.00618714 0.00822299 0.0694233 0.00195014 4.36868e-06 0.0108829 1.93034e-08 0.000209758 0.184089 0.00137788 3.52382e-06 0.012466 0.000218062 
0.000972491 7.93373e-08 2.48459e-10 6.82461e-10 0.000157597 7.29077e-10 6.34792e-08 1.59314e-10 0.932184 0.000698695 0.015464 3.22282e-07 0.0505228 5.49849e-10 
0.0427469 0.00914113 0.00405633 0.00260526 0.0310659 0.00228551 0.00194575 0.00172464 0.716445 0.0765086 0.0642214 0.00465103 0.0248402 0.0177627 
0.00591067 0.00375716 0.536162 0.000431185 0.0405758 0.00123771 0.123538 6.64573e-07 0.0225442 0.189801 0.0319419 2.03656e-05 0.043913 0.000165993 
0.131241 0.0300099 0.2077 4.367e-06 0.0101136 0.00212714 0.000293917 1.56794e-07 0.239674 0.324369 0.0289678 0.000100016 0.0151143 0.0102852 
0.189215 0.250799 5.63873e-05 8.38427e-05 0.053803 0.000174349 0.00649958 3.72182e-05 0.0188296 0.467898 0.00234212 0.000102776 0.00993279 0.000226741 
0.292446 0.0753584 0.120118 0.000925728 0.045522 0.000171599 0.321493 1.34275e-05 0.0191068 0.0817516 0.00574992 6.56426e-05 0.0372624 1.53895e-05 
0.426412 0.00158425 0.0136278 0.00141681 0.0467886 0.000535472 0.00743784 3.62548e-07 0.231123 0.132331 0.0370131 0.000170204 0.101528 3.08042e-05 
0.683029 0.0126224 0.00087062 0.00138086 0.188079 8.25418e-05 0.00231232 6.78329e-05 0.0197809 0.0465288 0.013566 0.000716744 0.030866 9.67035e-05 
0.0354323 0.123993 0.0435375 9.16423e-05 0.567154 0.0129887 0.0113293 1.78917e-07 0.0656783 0.128053 0.00109281 0.00392897 0.00671829 2.01631e-06 
0.109562 0.266074 0.352199 0.00369919 0.0120076 5.33307e-08 0.0234737 1.16535e-08 0.00445412 0.110552 0.00793547 1.93359e-08 0.110043 4.02205e-08 
0.046559 0.00384514 0.00108143 4.30636e-08 0.00434436 0.000353393 0.00659384 1.00528e-08 0.0377996 0.749013 0.0448578 0.00019672 0.103036 0.00231993 
0.185535 0.000257221 0.00156819 3.20753e-07 6.57064e-05 3.42662e-07 1.58346e-07 7.48765e-08 0.811514 7.90804e-05 0.000119451 1.24238e-07 0.000804869 5.51667e-05 
2.04372e-08 5.44906e-10 8.21512e-10 2.25651e-09 2.13736e-06 2.41064e-09 2.45185e-06 5.26759e-10 0.861734 0.0063474 0.0316768 8.74017e-10 0.100217 2.07275e-05 
0.010073 0.00636645 1.40444e-06 7.29974e-07 0.182212 3.45292e-06 1.6307e-07 4.05629e-11 0.644673 0.0195581 6.49912e-11 1.88517e-07 0.137111 6.0213e-07 
0.051922 0.0593638 0.00202616 0.0014634 0.0210646 0.000211598 0.00253231 4.32749e-08 0.656606 0.000412164 0.00770573 2.65602e-05 0.169289 0.0273769 
0.0111245 0.00246387 0.920163 5.14693e-10 0.0025297 5.49849e-10 0.0596181 1.2015e-10 0.00161375 0.000474662 0.000380126 0.000112874 0.00151912 1.74833e-07 
0.0551986 0.00361992 0.215 4.13995e-05 0.00355369 7.09951e-07 0.0364076 6.37526e-07 0.579125 0.0363628 0.0160728 6.05253e-05 0.0545451 1.11115e-05 
9.80414e-06 8.77389e-05 2.62038e-10 1.29629e-06 1.72423e-06 0.0156966 0.0416513 1.68021e-10 0.776263 0.166281 1.15786e-06 8.36636e-07 1.85429e-06 4.00191e-06 
0.905313 0.0161367 9.93608e-05 3.48073e-07 0.000595147 0.00056872 0.00033587 2.45393e-07 0.00823383 0.0522861 3.36395e-07 8.77578e-07 0.0164274 2.01858e-06 
0.0470804 0.0276726 0.056336 1.87583e-10 0.0237142 3.26666e-06 1.30581e-06 4.37894e-11 0.385906 0.216519 0.14362 1.67184e-07 0.0991469 1.51133e-10 
0.00316651 0.0254307 0.0147058 0.000160543 0.315554 7.14718e-06 0.381848 2.47784e-07 0.014104 0.190517 3.97008e-07 1.22224e-05 0.0544928 8.55194e-07 
0.00364483 0.0350003 1.00699e-07 9.28155e-05 7.39401e-05 0.00684266 9.27328e-06 6.45692e-08 0.935689 7.55257e-05 0.000321516 7.48142e-05 0.0181748 2.22852e-07 
0.0043886 0.0330515 0.00636232 0.00523231 0.0266152 0.00330289 0.0500889 4.84651e-07 0.710505 0.0365799 0.0154405 0.000437548 0.107822 0.000172852 
0.000168442 7.03029e-05 3.29569e-10 9.05254e-10 0.0954891 0.0411827 8.53613e-06 2.11322e-10 0.808092 3.06015e-05 5.4208e-07 1.92883e-06 0.0549501 5.61672e-06 
0.689876 0.0394263 0.00281995 0.100271 2.03045e-06 0.00302723 0.0376919 4.90462e-08 0.0355883 0.0705793 0.00405637 0.00757678 0.00908484 8.30618e-08 
0.0155205 1.86757e-11 1.91488e-07 3.41069e-06 1.55111e-07 8.26206e-11 7.82714e-07 1.80538e-11 0.908182 0.00978647 0.0157781 1.25843e-07 0.0507284 6.23101e-11 
0.0338691 0.0164657 0.00338944 5.42488e-06 0.00176069 0.000369023 0.000449298 3.16316e-07 0.910518 0.0199023 0.0123163 0.000255292 0.000633329 6.55063e-05 
0.0248504 0.000429469 0.00398119 1.52663e-05 0.00541462 0.000458789 6.58232e-06 4.6274e-07 0.489282 0.469126 1.40479e-06 0.000293436 0.00608639 5.44833e-05 
1.35049e-06 0.0016536 0.000745721 2.40281e-05 0.0240034 0.000181755 1.39581e-06 1.02975e-06 0.945843 0.0217137 0.000143098 0.00250769 0.00313233 4.81861e-05 
6.72769e-08 3.029e-07 1.74572e-07 5.20561e-10 0.000560077 5.56118e-10 0.0668756 1.2152e-10 0.918529 5.23432e-08 0.000367111 7.66502e-06 0.0135132 0.000146648 
1.74177e-06 0.0059758 2.67542e-05 0.84615 0.124661 0.000279951 0.00101241 6.48434e-07 0.00330047 0.0149703 0.00169065 1.10036e-05 0.00191614 3.10332e-06 
0.100015 0.0388799 0.163782 0.0026198 0.0225262 0.00232245 0.445179 8.55809e-08 0.0776392 0.000156387 0.00643447 1.03056e-05 0.140301 0.000134179 
0.0643859 0.00560803 0.429977 6.95558e-05 0.0332665 1.90645e-05 0.190094 7.07798e-07 0.0636953 0.202115 0.000334857 4.83902e-06 0.00664221 0.00378638 
0.000170237 1.78372e-08 2.68918e-08 7.38658e-08 0.000615862 7.89112e-08 0.000215182 1.72432e-08 0.000412992 9.92424e-05 2.76276e-08 5.15277e-05 0.000634307 0.9978 
0.276607 0.0109119 0.0257814 4.41811e-10 0.00836516 4.14544e-05 0.124537 1.03136e-10 0.000653293 0.0432494 0.462583 1.8767e-07 0.0472693 1.47664e-07 
0.00470878 0.154156 0.000396581 0.000465186 0.0021221 0.000253687 0.0401736 2.5603e-11 0.418962 0.337341 0.000311613 6.11486e-06 0.0411033 8.83652e-11 
0.0316684 0.00071298 0.0183912 0.000147685 0.254038 0.0102767 0.0498513 1.69822e-06 0.554496 0.0686572 0.00328562 2.02528e-06 0.008459 1.20827e-05 
0.01786 0.00496914 0.0114946 9.78295e-05 0.00989843 0.000134871 0.0105061 1.25591e-05 0.766027 0.111761 0.032617 3.23102e-05 0.0339201 0.000668715 
0.00208903 0.236501 0.0212923 6.32941e-05 0.700248 0.000341738 0.00436721 1.5276e-08 0.0107377 0.0132908 9.32177e-05 0.0109555 5.68577e-07 2.02693e-05 
0.225924 0.00273294 8.45536e-07 1.63007e-09 0.0131332 1.74141e-09 0.0216305 3.80522e-10 0.578634 0.00987419 1.33609e-06 6.31375e-10 0.148069 1.31332e-09 
0.0574298 0.156358 0.017554 5.68192e-08 0.0159249 3.07738e-08 0.00302803 4.83151e-09 0.0149341 0.728042 0.000771791 3.48568e-08 0.00595436 2.50705e-06 
0.0404209 0.0455546 0.00523359 0.000905579 0.0208895 3.40055e-05 0.0243121 1.28932e-07 0.829154 0.0267796 0.00327487 0.000302231 0.00313834 4.44991e-07 
0.0372442 0.0251517 0.226129 0.00158015 0.646623 0.000411919 0.00168074 1.93227e-05 0.0039592 0.0384849 0.000166599 0.00663357 0.00141436 0.0105016 
0.0065222 1.40032e-06 1.11436e-06 8.05284e-10 4.08237e-06 8.60288e-10 1.51106e-06 1.87985e-10 0.809624 0.040165 0.128874 3.11912e-10 0.0148059 6.48805e-10 
0.000223716 9.00505e-05 5.2196e-08 1.43371e-07 0.000593704 3.07859e-05 7.07777e-08 3.34685e-08 0.997551 7.23808e-05 0.000396873 0.000155545 0.000446702 0.000439062 
0.156808 0.00206888 0.118881 0.000726052 0.260902 0.00171635 0.0196589 2.318e-06 0.20634 0.0807386 0.0813525 0.000114514 0.055146 0.0155439 
0.777881 0.00124539 1.56335e-06 4.29417e-06 0.0155496 4.58748e-06 2.1199e-06 1.00243e-06 0.12881 0.0117386 0.0256995 0.00582309 0.033235 3.45975e-06 
0.0570344 0.0134104 0.017744 0.000916552 0.394125 0.120504 0.0295126 0.000145399 0.137958 0.103722 0.0811684 0.0178111 0.0248447 0.00110311 
0.0043886 0.0330515 0.00636232 0.00523231 0.0266152 0.00330289 0.0500889 4.84651e-07 0.710505 0.0365799 0.0154405 0.000437548 0.107822 0.000172852 
0.000685977 1.70881e-06 2.06879e-07 5.67314e-09 9.37275e-06 3.16194e-06 2.43339e-06 1.32434e-09 0.999131 6.82069e-07 3.04485e-05 2.64645e-06 0.000131902 4.57077e-09 
0.0719028 0.00425659 0.000792309 7.53525e-05 0.436704 0.00589717 0.00832367 4.22619e-07 0.322876 0.0753942 0.00986388 0.0270694 0.0367544 9.00788e-05 
0.264854 0.0278284 4.01605e-06 7.37607e-05 0.654427 2.43941e-06 2.72559e-07 8.56481e-11 0.0125352 0.0400993 0.000175691 1.73319e-07 1.03721e-07 2.95603e-10 
0.101105 3.96309e-05 0.132939 9.80372e-10 0.0947856 1.04734e-09 4.83979e-10 2.28858e-10 0.443921 0.04924 0.12619 3.79729e-10 0.0517799 7.89872e-10 
0.0388246 5.49734e-05 0.288941 1.41131e-10 0.00196812 1.50771e-10 0.00481554 3.29456e-11 1.65116e-07 0.665348 8.037e-06 5.46645e-11 3.92304e-05 1.13707e-10 
0.00347736 0.00673766 0.0206368 0.000174136 0.00723118 0.000488533 0.0210598 1.2045e-05 0.914767 0.00808967 0.0107865 5.84529e-05 0.00645945 2.1242e-05 
0.421686 0.00585823 0.000672938 3.16976e-05 0.54904 0.000809735 0.000288488 2.61575e-05 0.00787935 0.0108074 0.000640096 0.000133379 0.00209844 2.82454e-05 
0.0354323 0.123993 0.0435375 9.16423e-05 0.567154 0.0129887 0.0113293 1.78917e-07 0.0656783 0.128053 0.00109281 0.00392897 0.00671829 2.01631e-06 
0.0529618 0.00556101 0.00751592 0.00142598 0.495742 0.0838973 0.00986685 0.000443608 0.0465853 0.168819 0.0197246 0.0647579 0.0388513 0.00384825 
0.0216482 0.000485242 0.000941311 0.00627519 0.456128 0.408365 0.00687561 3.15428e-06 0.0355934 0.0232804 0.0248691 0.000355106 0.0151109 6.95121e-05 
0.0057849 0.00805821 0.837401 5.1008e-06 0.074398 9.09244e-06 0.0165749 7.73593e-07 0.0065892 0.0287038 0.000125466 0.0215315 0.000745065 7.27964e-05 
4.3235e-05 1.39498e-05 0.000996015 3.01456e-05 0.00015574 2.28156e-05 2.35595e-05 2.93094e-09 0.992108 0.00658822 4.69604e-09 4.86311e-09 1.85236e-05 1.01157e-08 
0.0059391 0.000326423 0.000178255 0.000589989 0.0212998 0.000406764 0.000410505 1.33452e-05 0.108615 0.0200871 0.000511363 0.836075 0.00550605 4.13109e-05 
0.0103826 0.000826753 0.00043424 7.21495e-06 0.578303 0.000943542 1.0325e-06 9.21345e-07 0.147561 0.000205693 0.0116336 0.207196 0.0421483 0.000356593 
0.0406608 0.00226993 0.0358 1.80131e-07 0.0139662 2.91816e-07 0.0173488 1.133e-07 0.765562 0.00927774 0.0932362 4.49043e-05 0.0218323 2.6552e-07 
0.0640673 0.0209284 0.638509 0.000273515 0.0196569 2.64794e-05 0.0648367 9.70937e-07 0.0256613 0.0258098 0.0559904 0.000313605 0.0820868 0.00183882 
0.178858 0.171366 0.00145219 0.000380047 0.00129661 0.000293526 0.00376974 0.000139259 0.582401 0.0484735 0.00175253 0.000145553 0.000893071 0.00877854 
0.0119216 0.00433775 0.0580705 1.37383e-09 2.03019e-05 4.63544e-05 0.00190226 3.20706e-10 0.0321414 0.0236003 0.00808427 0.85785 0.00202492 1.10687e-09 
0.0574298 0.156358 0.017554 5.68192e-08 0.0159249 3.07738e-08 0.00302803 4.83151e-09 0.0149341 0.728042 0.000771791 3.48568e-08 0.00595436 2.50705e-06 
0.172712 0.00150293 0.209053 0.0392838 0.0700609 0.00123387 0.0107194 0.000377517 0.120128 0.151809 0.0111559 0.158097 0.0460508 0.00781593 
0.00866947 0.0350517 0.0661107 0.000115643 0.205397 0.000555291 0.000574063 8.48373e-05 0.0088819 0.664761 0.00617825 0.000191399 0.00274686 0.00068274 
0.0537651 0.0350479 0.0036765 0.000142225 0.0132718 7.5555e-05 0.015692 7.26602e-05 0.722007 0.0656368 0.0116451 0.000431458 0.0772594 0.00127655 
0.352472 0.173247 0.0149652 0.000223992 0.174656 0.00032607 0.0349001 3.95632e-06 0.0222379 0.216046 0.000830503 0.000133787 0.00993228 2.57768e-05 
0.0171337 0.000442773 0.0206905 0.131222 0.0720563 0.000179823 0.0598339 7.96951e-05 0.530027 0.0315587 0.0773677 8.40732e-05 0.0417368 0.0175872 
0.00364744 0.0002598 0.0164499 0.000321634 0.13581 0.00111245 0.00406528 0.00010222 0.0638852 0.0400019 0.105496 0.550561 0.077442 0.000845333 
0.261195 0.0281851 0.000785072 0.0160719 0.0112879 0.000461402 0.015764 0.000215247 0.448866 0.0979502 0.000529931 0.00423861 0.0198454 0.0946038 
0.0199188 0.144848 0.630473 7.67467e-05 0.140615 6.2315e-10 0.0352578 1.36167e-10 0.00668638 0.0150439 0.000409559 2.25933e-10 0.00559916 0.00107247 
0.068444 0.517043 0.00819845 0.000146525 0.017611 8.02307e-05 0.213575 3.91363e-05 0.00348444 0.168595 0.00135815 5.18112e-05 0.00116573 0.000207324 
4.1426e-05 2.55413e-05 5.19848e-07 1.42791e-06 0.000138562 1.52544e-06 7.04914e-07 3.33331e-07 0.977514 0.00222522 5.34073e-07 3.95741e-05 2.59042e-05 0.0199846 
1.08826e-05 3.273e-05 2.8459e-06 3.699e-07 2.93328e-05 5.64545e-06 2.08159e-06 1.44433e-10 0.000109937 2.1853e-06 2.31414e-10 0.000134534 1.71157e-07 0.999669 
0.354599 0.10301 0.00020476 0.000162651 0.12261 0.00052302 0.00513136 5.77973e-05 0.240919 0.0772156 0.0534926 0.00215563 0.00141247 0.0385055 
0.24877 0.11365 0.0231598 0.00253787 6.46835e-06 4.80832e-07 0.073516 1.64145e-11 0.1666 0.209458 0.143692 2.72354e-11 0.0186094 2.94649e-07 
0.02892 0.00370701 1.51492e-05 1.1137e-07 0.0724089 1.18978e-07 0.000778425 2.59983e-08 0.449678 0.181351 0.0283713 2.16113e-05 0.234739 9.60004e-06 
0.268177 0.0190793 0.0213946 0.00800414 0.122153 0.000664767 0.0216794 0.000223128 0.317416 0.143385 0.00251681 0.000271419 0.0731902 0.00184429 
0.236549 0.0125156 3.87481e-09 1.2368e-07 0.00136647 0.651403 0.0041642 5.63513e-11 0.035562 0.0581068 6.61441e-05 3.11612e-05 0.000235297 8.75057e-08 
2.23208e-07 6.01022e-11 9.06113e-11 2.24249e-07 0.00114617 2.6589e-10 1.22992e-07 5.81007e-11 0.997954 2.41621e-07 1.87113e-08 0.000898167 8.22296e-08 1.08305e-06 
0.0159874 0.00140376 0.0188113 0.0640575 0.00283558 0.00273558 0.00333665 5.38477e-08 0.00394752 0.877483 0.00619474 8.9346e-08 0.00158975 0.00161707 
0.0353791 0.0130904 0.0400723 0.000190328 0.00762011 0.000202555 0.00208115 0.000124388 0.708897 0.0495784 0.0535364 0.000135309 0.00651949 0.0825734 
1.74177e-06 0.0059758 2.67542e-05 0.84615 0.124661 0.000279951 0.00101241 6.48434e-07 0.00330047 0.0149703 0.00169065 1.10036e-05 0.00191614 3.10332e-06 
0.404578 0.0980439 0.0481797 0.000425857 0.0346589 0.00358773 0.0759027 7.99743e-05 0.0410388 0.249233 0.0139771 0.0108656 0.0193009 0.000128196 
0.0406769 0.0681765 0.000169761 6.52268e-08 0.0119515 0.00197359 0.000588961 1.52265e-08 0.806046 0.00534234 0.0122301 7.00059e-05 0.0512165 0.00155744 
1.37155e-05 0.0448496 0.00407051 0.000946144 0.145124 1.44181e-05 0.0165564 4.02318e-09 0.565497 0.0948638 0.107398 6.6754e-09 0.0206652 1.06936e-06 
0.569835 0.000157711 0.000133355 0.000460659 0.00273107 3.61788e-05 0.00569512 2.48123e-05 0.264857 0.042129 0.0659315 0.00297467 0.0449758 5.76351e-05 
0.0326407 0.0122061 0.0014272 0.000592513 0.212869 0.011238 0.0210601 0.000506276 0.038 0.0442227 0.00499831 0.583491 0.025989 0.0107589 
0.262556 0.0206541 0.0214612 0.00275557 0.116992 0.00182458 0.01135 0.00108919 0.169656 0.0760742 0.0402977 0.130838 0.00850699 0.135945 
0.0285256 0.00947264 0.00253406 0.00078386 0.208108 0.0190423 0.0141537 0.000139696 0.0118663 0.0580139 0.000769395 0.642561 0.00360526 0.000424831 
0.135652 0.407416 0.0423643 0.00122726 0.105964 0.000167642 0.0107998 6.22734e-05 0.180674 0.0774172 0.00095085 0.000769166 0.0359662 0.000568028 
0.0184986 0.0230862 8.79189e-05 6.35287e-05 0.00457838 0.00648868 0.0248175 3.67251e-05 0.696688 0.0727525 0.00439055 0.00263518 0.145495 0.00038103 
0.00168425 6.42475e-05 0.643169 1.09897e-05 0.117474 4.42948e-07 0.0113393 6.47421e-09 0.180485 0.0161748 0.0285733 1.07422e-08 0.000979414 4.56607e-05 
0.00648103 0.00958331 0.00953947 0.000364865 0.281458 7.93367e-06 0.00608343 7.74045e-08 0.068849 0.0779825 4.99984e-07 0.458114 0.0815019 3.39168e-05 
0.0893198 0.0353624 0.276998 2.91861e-05 0.0762454 0.000124923 0.358731 3.75486e-10 0.0718224 0.0742944 0.00454464 3.88511e-05 0.0123464 0.000141896 
0.00208903 0.236501 0.0212923 6.32941e-05 0.700248 0.000341738 0.00436721 1.5276e-08 0.0107377 0.0132908 9.32177e-05 0.0109555 5.68577e-07 2.02693e-05 
0.134958 0.0287113 6.73829e-08 0.000642415 0.0336867 0.00266246 0.00733365 5.48372e-08 0.402605 0.377093 0.00276081 0.000183972 0.00843248 0.000930236 
0.272886 0.0252426 0.0262283 0.00336639 0.142986 0.00133625 0.013871 0.00133044 0.161104 0.0820132 0.0228263 0.119811 0.0103967 0.116602 
0.581694 0.00148752 1.19325e-09 3.87971e-11 3.71299e-08 0.00161789 0.000785501 9.05679e-12 0.363209 0.048735 0.00214613 3.4939e-05 0.000123948 0.000165266 
1.74177e-06 0.0059758 2.67542e-05 0.84615 0.124661 0.000279951 0.00101241 6.48434e-07 0.00330047 0.0149703 0.00169065 1.10036e-05 0.00191614 3.10332e-06 
0.0651221 0.281058 0.258631 1.48935e-07 0.00455984 7.42953e-10 0.0104401 1.62346e-10 0.0539349 0.314133 0.0110726 5.00316e-08 1.51308e-07 0.00104765 
0.0245685 0.0464853 0.030074 0.000493991 0.0373915 8.35829e-08 0.0312781 1.82641e-08 0.714908 0.0383851 0.00212398 3.75809e-05 0.0737741 0.000480004 
0.0019291 0.0214403 0.0153613 3.16152e-05 0.791734 1.6469e-06 6.30612e-07 1.02138e-07 0.163406 3.81915e-07 1.06029e-07 0.000119944 0.0059745 7.6625e-07 
0.266461 0.200766 0.00410889 6.36034e-05 0.0512251 0.000445444 0.345956 1.43507e-05 0.0287401 0.0572292 0.0216113 3.84159e-05 0.0144461 0.0088947 
0.0202679 0.0456008 0.0212636 5.74151e-07 0.0121586 0.00140413 0.828785 1.10995e-07 0.000713537 0.0430691 0.0217027 3.99605e-05 0.00489532 9.8559e-05 
0.0165974 0.00232098 0.879276 6.70372e-08 0.0215315 7.37652e-08 0.0245491 9.74573e-09 0.00888881 0.0176384 7.95872e-05 0.0291173 2.05665e-08 1.70447e-07 
0.147751 0.103136 0.0103277 0.000156224 0.0127575 0.000732093 0.0215136 0.000139919 0.343245 0.305158 0.0277509 0.000169923 0.0222724 0.00488915 
0.0043886 0.0330515 0.00636232 0.00523231 0.0266152 0.00330289 0.0500889 4.84651e-07 0.710505 0.0365799 0.0154405 0.000437548 0.107822 0.000172852 
0.125695 0.000966712 4.68231e-05 0.000142777 0.296777 0.00226292 0.000201434 6.35582e-06 0.116868 0.0247103 0.0072823 0.414901 0.0101065 3.22392e-05 
0.0294323 0.00181088 0.0386066 0.00131793 0.000448761 0.000114605 0.00080489 6.0359e-08 0.729516 0.153146 0.0124808 6.2278e-05 0.0316415 0.000617835 
0.109572 0.225455 1.10247e-06 0.000588952 0.00569163 2.53904e-07 0.621232 1.96193e-08 0.00168125 0.031566 8.48285e-07 9.65543e-08 0.00421196 1.90768e-07 
0.0292523 8.96851e-05 0.119094 3.75228e-06 0.000720603 4.00858e-06 0.000183764 8.75931e-07 0.79116 0.0383481 0.00592726 1.45338e-06 0.0035784 0.0116358 
0.00742737 0.000493979 0.686341 4.41964e-05 0.0134093 0.000141419 0.0222067 9.26448e-06 0.0610681 0.0797812 0.117765 0.00329347 0.00798639 3.22533e-05 
0.00190987 0.00358543 0.00745568 0.00307273 0.00161627 1.09384e-06 5.05469e-07 2.3902e-07 0.011524 0.964517 0.00367684 3.96589e-07 0.00131898 0.00132074 
0.113511 0.0118621 0.253932 1.26488e-06 0.00904598 0.000415689 0.0326962 1.47955e-07 0.197907 0.171872 0.0572856 0.145102 0.00620652 0.000163105 
0.472772 0.140862 0.0456118 0.00242233 0.155618 2.91153e-05 0.00567686 5.57347e-06 0.000880673 0.160869 0.000323235 0.0148138 2.18604e-05 9.28543e-05 
0.437153 0.00339042 0.0348435 3.28152e-05 0.00119141 2.80025e-08 0.0979431 3.6967e-12 0.0140802 0.359644 0.0248601 2.7527e-10 0.0268611 1.27586e-11 
0.360852 0.00353692 0.0361081 0.0108252 0.010163 0.00197296 0.00210667 1.1467e-07 0.0331347 0.363381 0.00723084 1.67308e-07 0.170454 0.000233817 
0.0849141 6.19938e-06 0.0504341 6.64283e-07 3.5271e-06 7.09657e-07 0.00071079 1.5507e-07 0.846675 0.00713827 0.00952602 0.000157812 0.00043232 5.35204e-07 
0.0104139 1.13096e-06 1.38019e-06 3.67799e-07 0.0205773 1.00533e-06 7.68919e-07 3.11837e-07 0.658289 0.0299256 7.9291e-06 0.00768727 0.273089 4.48357e-06 
0.0592878 5.89877e-06 0.000211038 4.01115e-07 0.113955 5.13933e-10 0.000205878 1.12302e-10 0.0461647 0.00748213 0.19438 8.45224e-08 0.0177362 0.560571 
0.053066 0.0942959 0.000689833 2.49443e-05 0.0316425 0.00100759 0.00399051 1.22961e-05 0.470899 0.129525 0.00519191 0.000759308 0.0228125 0.186083 
0.0230606 0.00284491 0.0124122 0.00322363 0.41697 0.0793724 0.00278408 0.000249138 0.0599745 0.05164 0.0424756 0.252029 0.0511918 0.00177285 
0.019256 0.000142071 2.84183e-05 1.01695e-06 0.670449 0.00118536 0.000755295 2.21991e-08 0.0450132 0.00457696 4.54777e-05 0.258537 1.01825e-05 5.86339e-08 
0.0203604 0.000969523 5.69051e-06 1.63327e-10 2.51752e-07 1.74483e-10 8.06296e-11 3.81271e-11 0.250752 0.207599 2.05263e-06 1.27156e-08 0.520311 3.1595e-07 
8.61592e-06 0.0272066 0.00260852 1.13321e-09 0.00274823 1.21062e-09 0.0583189 2.64537e-10 0.580165 0.192502 5.14801e-05 4.38929e-10 0.127766 0.00862495 
8.79678e-07 1.01767e-07 1.53272e-10 7.16131e-07 5.31672e-07 0.00036062 2.07837e-10 9.82793e-11 0.997811 3.3021e-09 1.57466e-10 0.00178703 3.83912e-05 1.01793e-06 
0.0125118 0.0150493 0.0628439 3.31245e-06 0.425882 0.296408 0.00381262 2.47308e-06 0.0205734 0.117146 0.00120308 0.0374002 0.00638776 0.00077586 
0.0138393 0.00695223 0.0237034 8.799e-06 0.400968 0.000419898 0.00281351 1.87463e-06 0.114653 0.0280544 0.366783 1.38873e-05 0.0411955 0.000592946 
0.00145232 0.00241992 0.00143303 6.26857e-05 0.0459691 0.00293658 0.00331226 1.07584e-05 0.924664 0.00388508 0.00124844 0.00134456 0.0111885 7.26139e-05 
0.0553362 0.0317803 0.0399113 2.05739e-05 0.81273 0.000287373 0.0252568 9.11802e-06 0.00573399 0.0242938 0.0027049 0.00015044 0.00152741 0.000258115 
0.689876 0.0394263 0.00281995 0.100271 2.03045e-06 0.00302723 0.0376919 4.90462e-08 0.0355883 0.0705793 0.00405637 0.00757678 0.00908484 8.30618e-08 
0.00014514 6.92455e-05 0.000419746 9.95167e-06 5.29346e-05 0.00323663 3.54066e-05 8.44954e-07 0.995306 0.000205021 4.13255e-05 6.10697e-06 3.25223e-05 0.000439471 
