0.0111084 0.00214865 0.657997 0.000368024 0.000391508 9.70676e-07 0.00127356 2.12106e-07 0.00932783 0.277188 0.019857 3.51934e-07 0.0203376 7.32057e-07 
0.252658 0.142256 0.000100858 3.98994e-05 0.00457254 0.000301104 0.00756089 1.46102e-05 0.51853 0.0696496 6.595e-05 0.00141747 0.00161734 0.00121542 
0.00279312 1.69664e-07 1.90495e-07 1.49456e-10 6.27229e-07 1.59665e-10 5.23925e-07 3.4889e-11 2.03485e-07 2.99455e-07 0.173353 5.7889e-11 0.823851 6.98527e-07 
0.00339826 0.000670345 1.1664e-07 1.47937e-08 0.0380751 7.52221e-12 0.000225304 1.64371e-12 3.50896e-08 0.957571 2.6336e-12 2.7273e-12 5.98127e-05 5.67304e-12 
0.0101741 0.00907431 0.0388924 0.000780015 0.20273 0.00079921 0.00744741 0.000404395 0.598604 0.104956 0.000867533 0.00153064 0.00402627 0.0197139 
0.262556 0.0206541 0.0214612 0.00275557 0.116992 0.00182458 0.01135 0.00108919 0.169656 0.0760742 0.0402977 0.130838 0.00850699 0.135945 
0.0343238 0.00110833 5.26558e-06 3.35926e-09 0.00448028 3.58871e-09 5.25884e-06 7.84185e-10 0.802378 0.0339096 0.121296 1.38782e-06 0.00249012 2.73652e-06 
0.0101741 0.00907431 0.0388924 0.000780015 0.20273 0.00079921 0.00744741 0.000404395 0.598604 0.104956 0.000867533 0.00153064 0.00402627 0.0197139 
0.153946 0.24236 0.0110765 3.236e-05 0.13097 1.0767e-05 0.00654915 7.40959e-06 0.111458 0.327046 0.00126149 0.000108762 0.0148693 0.000304019 
0.00439581 0.269554 0.000817424 0.00507761 0.107166 0.000293916 0.069307 1.4792e-05 0.1579 0.158633 0.0785077 0.000481898 0.147798 5.19675e-05 
0.0790853 0.0445589 0.0313082 0.0284324 0.0448002 0.000301324 0.0243931 9.10332e-07 0.670752 0.0732756 0.000759986 3.63371e-05 0.00210841 0.000187809 
0.567083 0.00519067 0.00449191 0.000847069 0.00318083 0.000160309 0.0446288 6.32542e-05 0.0097847 0.144347 0.103996 7.4065e-05 0.116063 9.01278e-05 
0.00159304 0.168583 0.0289418 0.00766712 0.00142681 5.3332e-05 0.00784477 5.00376e-06 0.637925 0.0778679 0.00166739 0.000423848 0.0657031 0.000297714 
0.138238 0.0210841 0.000467984 7.86952e-05 0.068343 0.000387691 0.00510491 7.42863e-05 0.611757 0.114408 0.00056002 0.0222778 0.0170142 0.000204594 
0.613677 0.199893 4.32881e-05 1.08098e-05 0.0467922 0.000408713 0.0220662 6.00323e-08 0.0529653 0.0622695 0.000728772 1.80632e-05 0.00112555 1.2723e-06 
0.640719 0.000419508 0.0104677 6.5103e-06 0.268975 4.44826e-05 0.00127822 9.15522e-07 0.0365329 0.0290452 0.0108296 0.000190776 0.00144102 4.99433e-05 
0.111041 0.000600331 0.00362027 0.000730523 0.227165 4.33893e-06 0.0152791 2.80183e-08 0.150266 0.0078806 0.0149097 0.237535 0.230968 7.33185e-08 
0.586797 0.000337856 0.0501968 0.0153112 0.070043 0.000167787 0.00879891 0.000102618 0.0294253 0.194049 0.000532906 0.00137895 0.041029 0.00182986 
0.102919 0.0230681 0.00506523 0.00116095 0.136793 0.0103332 0.00107179 0.000556602 0.206011 0.0186475 0.304012 0.119487 0.0689389 0.00193535 
0.195993 0.0494483 0.0215589 1.79084e-05 0.513282 5.93619e-06 0.109492 2.4215e-06 0.0334216 0.0692884 0.00019195 4.30174e-06 0.00728788 5.97381e-06 
0.0905071 0.0272614 0.0953907 3.80488e-05 0.58805 0.000924618 0.00603035 2.46102e-05 0.0412742 0.13991 0.001338 0.000235724 0.0071596 0.00185593 
0.00028328 0.0160583 0.00204551 0.000121823 0.218736 0.000150979 0.0217736 4.50485e-05 0.000275381 0.723144 9.41743e-05 0.0170692 9.56283e-05 0.000106957 
0.470354 0.0332145 0.134202 7.91787e-07 0.12233 5.61203e-06 0.00291506 3.49417e-08 3.4294e-06 0.16978 0.00161498 4.42961e-08 0.0655647 1.56181e-05 
0.295798 3.45895e-10 0.00854752 1.43239e-09 1.3379e-05 1.53023e-09 0.230857 3.34376e-10 0.441587 3.69312e-06 2.89357e-06 5.54808e-10 0.0231849 4.84819e-06 
0.023916 0.0289816 0.755053 9.16535e-06 0.00231646 2.77763e-06 0.138953 2.58781e-08 0.00791935 0.0103123 0.00549087 0.000872094 0.0258123 0.000360477 
0.000552168 3.5201e-06 3.53105e-05 8.38042e-05 6.85104e-05 0.00025942 1.50037e-06 7.09475e-07 0.993815 0.00225167 1.13674e-06 1.84447e-05 0.00289444 1.46608e-05 
0.5358 0.000551473 1.28385e-06 6.41545e-05 0.00569254 5.24933e-05 0.0197449 8.27198e-08 0.0689971 0.366908 0.00131565 0.000119851 0.000751859 8.31578e-07 
0.00113611 0.00266403 7.84424e-08 2.15464e-07 0.00170043 2.30181e-07 1.06368e-07 5.02979e-08 0.988162 0.00420653 0.00107191 0.000242106 0.000816021 1.73596e-07 
0.00251148 1.78854e-10 1.37545e-06 7.40651e-10 2.77825e-06 0.00255072 3.51048e-06 1.72897e-10 0.0240124 0.0417957 0.929102 2.86877e-10 1.99692e-05 6.027e-08 
0.360852 0.00353692 0.0361081 0.0108252 0.010163 0.00197296 0.00210667 1.1467e-07 0.0331347 0.363381 0.00723084 1.67308e-07 0.170454 0.000233817 
0.00208903 0.236501 0.0212923 6.32941e-05 0.700248 0.000341738 0.00436721 1.5276e-08 0.0107377 0.0132908 9.32177e-05 0.0109555 5.68577e-07 2.02693e-05 
0.0702722 0.011911 0.0191022 0.00106519 0.25433 0.000636445 0.0109078 0.000151442 0.51372 0.0113375 0.0380021 0.0390204 0.0275392 0.00200446 
0.0437364 0.0846829 4.82702e-05 4.24731e-07 0.0328791 0.00160269 0.00143802 9.55246e-08 0.61793 0.184162 0.00710165 1.08868e-05 0.0253053 0.00110157 
0.264854 0.0278284 4.01605e-06 7.37607e-05 0.654427 2.43941e-06 2.72559e-07 8.56481e-11 0.0125352 0.0400993 0.000175691 1.73319e-07 1.03721e-07 2.95603e-10 
0.0043886 0.0330515 0.00636232 0.00523231 0.0266152 0.00330289 0.0500889 4.84651e-07 0.710505 0.0365799 0.0154405 0.000437548 0.107822 0.000172852 
0.422804 1.85787e-05 0.283038 1.34542e-07 8.43384e-05 1.43732e-07 6.64194e-08 3.14075e-08 0.0105376 0.264613 0.0188595 4.95557e-06 3.98753e-05 1.08399e-07 
0.472772 0.140862 0.0456118 0.00242233 0.155618 2.91153e-05 0.00567686 5.57347e-06 0.000880673 0.160869 0.000323235 0.0148138 2.18604e-05 9.28543e-05 
0.0190432 0.0126997 0.0476318 8.77991e-05 0.178538 0.000127981 0.00857588 3.28945e-05 0.500649 0.176103 0.0178912 0.0268725 0.0116966 5.07052e-05 
0.242176 1.75219e-06 1.53127e-05 2.99562e-06 8.98052e-06 1.46996e-06 5.0856e-06 7.28064e-07 0.109838 0.48225 0.00384627 7.80294e-06 0.062866 0.0989793 
0.264854 0.0278284 4.01605e-06 7.37607e-05 0.654427 2.43941e-06 2.72559e-07 8.56481e-11 0.0125352 0.0400993 0.000175691 1.73319e-07 1.03721e-07 2.95603e-10 
0.262556 0.0206541 0.0214612 0.00275557 0.116992 0.00182458 0.01135 0.00108919 0.169656 0.0760742 0.0402977 0.130838 0.00850699 0.135945 
3.46953e-05 9.60955e-05 7.65987e-05 7.94324e-07 0.0171281 8.4858e-07 0.00266225 1.85427e-07 0.950975 0.0249296 0.00401095 3.07666e-07 8.3889e-05 6.39975e-07 
0.0299745 5.34609e-07 0.00854039 0.00057418 0.200208 4.01425e-08 0.00977934 1.25131e-11 0.0075026 0.738599 1.8447e-07 2.07622e-11 0.00482118 1.29994e-08 
0.00109523 0.000148856 0.00395738 1.03462e-07 0.00405017 1.10529e-07 0.00113575 2.41521e-08 0.853178 0.0356966 0.08379 4.00739e-08 0.0169223 2.54722e-05 
0.00451074 0.0162207 0.000327992 0.00407904 0.0324295 0.0102741 8.60207e-05 1.46355e-06 0.561547 0.0309376 0.230249 0.000101485 0.108905 0.000330849 
0.299226 0.0973009 0.00571779 0.00595414 0.0460511 7.26491e-07 0.0418593 2.87964e-07 0.042607 0.230296 0.00787573 1.23559e-06 0.222909 0.000200275 
0.0597707 9.45352e-07 0.0055908 1.26243e-09 1.58e-05 2.19844e-05 6.23221e-10 2.94701e-10 0.738077 0.034232 0.0791848 1.12514e-06 0.083105 1.01712e-09 
0.0686077 0.0339746 0.00223274 0.000489843 0.0066132 2.86483e-06 0.133833 4.36908e-07 0.00879216 0.592361 0.0104045 3.2587e-06 0.142677 7.66034e-06 
0.0327556 0.720442 0.114965 0.000225683 0.0435108 2.24804e-05 0.00188414 4.30816e-06 0.00608615 0.000819544 1.46047e-05 6.74935e-05 0.0791618 4.00176e-05 
0.00747411 0.0352779 0.00315877 0.0012333 0.0158613 0.000837311 0.000538541 0.000167004 0.873013 0.00346332 0.000641365 0.000312342 0.0155212 0.0425009 
0.0032189 0.102999 0.00136945 0.000182874 0.0693995 0.000350954 0.157245 4.9676e-05 0.0670714 0.333066 0.00555798 0.0787288 0.000268366 0.180491 
0.124657 0.0328682 0.0450043 2.11567e-05 0.0282702 0.000420467 0.000382407 5.72361e-06 0.657783 0.10485 0.00145077 1.3234e-05 0.00373107 0.000542374 
0.00208903 0.236501 0.0212923 6.32941e-05 0.700248 0.000341738 0.00436721 1.5276e-08 0.0107377 0.0132908 9.32177e-05 0.0109555 5.68577e-07 2.02693e-05 
0.00402867 0.0219879 7.33387e-05 4.93821e-05 0.0109763 0.00467765 0.00255269 4.2048e-08 0.65498 0.00518404 0.00151776 2.39209e-05 0.293949 1.45123e-07 
0.000412448 4.08254e-05 0.000302259 9.71948e-05 0.00171552 2.70577e-05 0.000523394 5.9125e-06 0.000603617 0.990438 0.00378209 9.81022e-06 0.00202187 2.04062e-05 
0.00201172 0.000180195 0.00019604 0.00324221 5.12662e-05 1.00604e-06 0.00205775 2.19834e-07 0.976996 0.000122474 0.0127121 1.51861e-05 0.0018933 0.000520622 
0.167557 0.0534752 0.000274553 0.00283354 0.0101116 0.00380219 0.0078029 2.38766e-06 0.631557 0.0831817 0.0126618 0.000172744 0.0264403 0.000127079 
0.130986 0.255855 0.100387 0.00378051 0.05374 0.00192456 0.0514959 2.29221e-05 0.291814 0.103439 0.000228339 0.00241091 0.00355479 0.000361931 
0.0878644 0.0670466 0.00492438 0.00132142 0.103958 0.000410379 0.0178203 0.000104454 0.323712 0.105083 0.00981246 0.00292154 0.0425202 0.232502 
0.0145943 3.05183e-07 0.0148564 0.0150899 0.0367022 1.18542e-06 0.0225036 5.80274e-10 0.122036 0.0631351 0.670799 7.55491e-07 0.0395324 0.000748808 
0.0361283 0.029568 7.10435e-05 2.6875e-05 0.00237636 0.000276763 0.00234292 1.03702e-05 0.717311 0.0890219 0.00682445 0.00963937 0.029733 0.0766699 
0.00356487 0.00165524 0.00542746 4.2838e-07 0.00742165 4.57641e-07 0.0145922 1.00001e-07 0.945513 0.00152033 0.0105429 0.000564311 0.00919648 3.4514e-07 
0.00364744 0.0002598 0.0164499 0.000321634 0.13581 0.00111245 0.00406528 0.00010222 0.0638852 0.0400019 0.105496 0.550561 0.077442 0.000845333 
0.700842 0.0186648 0.00141711 0.000507708 0.016744 0.00033305 0.0042729 3.88948e-05 0.0649085 0.171673 0.008127 0.000244053 0.0121212 0.000105432 
0.0198157 0.070301 3.04949e-05 0.0022951 0.788522 0.00153625 0.00729437 6.48085e-06 0.0366327 0.0150114 8.89365e-05 2.97208e-05 0.0584278 8.4727e-06 
0.00746898 0.048869 0.623987 0.000149762 6.18677e-05 5.99672e-07 0.00793597 1.31037e-07 0.228712 0.0699889 0.0127257 2.09103e-05 7.82908e-05 4.52256e-07 
0.0181277 0.00290025 0.11206 7.03064e-07 3.07018e-06 7.51087e-07 0.0138059 1.64123e-07 0.848085 0.00221334 0.00202346 6.00997e-06 0.000773044 5.66448e-07 
0.0446817 0.0482585 0.023583 0.00271111 0.646959 0.00362328 0.00651091 0.000253501 0.116464 0.040449 0.040958 0.00740147 0.0178101 0.000337227 
0.0767488 0.0268701 0.00218552 0.00580953 0.317715 0.00483128 0.00161408 0.000163403 0.232775 0.302451 0.00159592 0.000639887 0.0246402 0.00195937 
0.0111245 0.00246387 0.920163 5.14693e-10 0.0025297 5.49849e-10 0.0596181 1.2015e-10 0.00161375 0.000474662 0.000380126 0.000112874 0.00151912 1.74833e-07 
0.0719028 0.00425659 0.000792309 7.53525e-05 0.436704 0.00589717 0.00832367 4.22619e-07 0.322876 0.0753942 0.00986388 0.0270694 0.0367544 9.00788e-05 
0.0372442 0.0251517 0.226129 0.00158015 0.646623 0.000411919 0.00168074 1.93227e-05 0.0039592 0.0384849 0.000166599 0.00663357 0.00141436 0.0105016 
0.0208623 0.0254313 0.0714288 1.15818e-05 0.650722 0.005217 0.0122158 6.4974e-07 0.0146469 0.0187296 0.000228287 0.0227016 7.6037e-05 0.157728 
0.135484 0.171018 0.00126856 0.00109916 0.026995 0.000290003 0.00926656 0.000144889 0.373282 0.177627 0.000425605 0.0366116 0.00762435 0.0588628 
0.00878677 0.0227528 0.00208269 4.4087e-06 0.801983 0.0101539 0.00647814 4.34134e-07 0.0522128 0.0830619 0.00154183 0.00348657 0.00744651 8.11952e-06 
0.0258508 0.00112078 5.55571e-06 2.30936e-05 2.29169e-05 6.70943e-05 0.000905474 6.19128e-08 0.935757 0.0357619 1.10621e-05 2.28094e-05 0.000420523 3.08679e-05 
0.04391 0.0255327 0.00590652 0.00277615 0.142869 0.108972 0.00547538 0.000657556 0.0249535 0.0342179 0.000727532 0.587736 0.0112298 0.00503692 
0.0574298 0.156358 0.017554 5.68192e-08 0.0159249 3.07738e-08 0.00302803 4.83151e-09 0.0149341 0.728042 0.000771791 3.48568e-08 0.00595436 2.50705e-06 
0.194092 0.00555946 0.405151 0.000341314 0.00730429 0.000159861 0.000252896 1.60269e-05 0.0395485 0.147056 0.150244 2.12535e-05 0.0502306 2.22108e-05 
0.108432 6.00629e-06 9.05519e-06 4.11253e-09 8.46283e-07 4.39343e-09 0.143748 9.60027e-10 0.311229 0.0651128 5.28644e-06 1.59291e-09 0.371457 3.3134e-09 
0.193168 0.147381 0.512053 4.33724e-05 0.0152316 8.06438e-05 0.0020968 4.20925e-06 0.0381378 0.0629396 0.00405517 0.00316653 0.0197632 0.00187894 
8.79678e-07 1.01767e-07 1.53272e-10 7.16131e-07 5.31672e-07 0.00036062 2.07837e-10 9.82793e-11 0.997811 3.3021e-09 1.57466e-10 0.00178703 3.83912e-05 1.01793e-06 
0.00450785 1.11262e-07 0.00169845 4.60747e-07 0.000121283 1.63268e-05 0.00553665 1.07557e-07 0.987474 0.000484536 0.000152937 1.78462e-07 6.94055e-06 3.71217e-07 
9.7322e-05 0.0509732 1.05037e-06 1.14142e-06 0.0117291 9.72726e-05 0.00957819 8.57036e-07 0.927066 4.25054e-05 1.16887e-06 0.000193969 6.28806e-05 0.000154887 
0.00622992 0.00389319 0.949608 2.61115e-09 0.00483959 2.7895e-09 0.0275464 6.09546e-10 0.00188193 1.37336e-05 0.00598687 1.01138e-09 7.24216e-07 2.10376e-09 
0.376637 0.0168163 0.00235152 0.000121504 0.0453113 0.0173072 0.00248299 2.48551e-06 0.00941797 0.159735 0.348423 0.000586688 0.0207758 3.0681e-05 
0.033837 0.00997551 0.0761615 0.00120724 0.0483764 0.0745093 0.0162299 0.000243783 0.528879 0.11008 0.0187126 0.001903 0.0252818 0.0546032 
0.0851298 0.00121721 0.0516501 0.000450938 0.610597 0.000370788 0.0162907 0.000343169 0.0141472 0.154233 0.00169368 0.0466445 0.0161999 0.00103187 
0.0231598 0.00877428 0.0119693 0.0335123 0.00126806 5.98746e-06 0.00512345 2.67231e-08 0.792581 0.0118564 0.00756898 0.000884471 0.103296 9.22313e-08 
0.00101379 0.000395078 0.0703145 3.35044e-07 0.0145453 0.00405784 3.98803e-05 2.44005e-08 0.904259 0.00171308 0.000726485 0.00134418 0.00149827 9.25419e-05 
0.0378748 0.0581976 0.024877 0.00785829 0.745311 0.00504045 0.00752199 0.000120388 0.0276224 0.0193382 0.00142012 0.00937683 0.00223169 0.0532093 
0.0866885 0.0731681 0.0302443 0.00171516 0.463082 0.00444352 0.0136614 0.000888424 0.138005 0.102904 0.00811459 0.0325801 0.0415123 0.00299239 
1.74177e-06 0.0059758 2.67542e-05 0.84615 0.124661 0.000279951 0.00101241 6.48434e-07 0.00330047 0.0149703 0.00169065 1.10036e-05 0.00191614 3.10332e-06 
0.0462024 2.35862e-06 1.42854e-05 3.49348e-07 0.0283279 1.94719e-07 0.00019439 3.12584e-08 0.706923 0.00297108 7.24458e-05 0.00125482 0.0506088 0.163428 
0.324671 0.0067796 0.384993 0.000375249 0.10292 9.12193e-05 0.00900688 3.9308e-05 0.00403589 0.0142489 0.0867499 0.00586817 0.0601082 0.000112261 
0.653593 0.00160404 1.80578e-05 1.73645e-06 0.00237921 0.00151529 0.00659421 3.97159e-07 0.197966 0.106137 0.0256267 6.04145e-05 0.0043859 0.000118551 
0.348814 0.00923483 0.00351039 5.30514e-05 0.00126046 0.00362498 0.00196716 1.35765e-08 0.0913293 0.532624 0.00314801 0.000126144 0.00423789 6.92261e-05 
7.5007e-05 3.0192e-05 1.75002e-08 4.80692e-08 0.000199056 1.03219e-05 2.37303e-08 1.12213e-08 0.996752 0.00245104 0.000133063 5.21509e-05 0.00014977 0.000147208 
0.00285038 0.000395087 0.571249 3.15668e-07 0.0188118 3.3723e-07 0.0395363 7.36894e-08 0.300506 0.0291092 0.00347352 5.29212e-05 0.0326413 0.00137423 
0.00189002 3.63924e-07 2.03131e-10 5.57957e-10 8.60034e-07 5.96068e-10 9.91882e-07 1.30249e-10 0.935589 2.59114e-06 7.01218e-06 2.16114e-10 0.0625091 4.49538e-10 
0.0657539 0.0108047 0.0560335 0.000212853 0.0518711 8.89798e-05 3.14251e-06 3.12673e-07 0.202009 0.60929 0.000519624 9.10247e-05 0.00326964 5.22059e-05 
0.101171 0.0340697 0.00298517 7.10381e-06 0.0138284 4.94929e-08 0.139074 1.08149e-08 0.670809 0.0152457 0.00236809 0.000418002 0.0199605 6.29772e-05 
0.751443 0.000208892 0.000212298 0.00109745 0.0016373 6.32837e-05 0.000787962 1.96498e-06 0.0126073 0.173965 0.00836474 2.48743e-05 0.0494801 0.000105824 
0.0161563 0.153398 0.00516981 0.0456815 0.232374 0.0267115 0.0201506 0.00028428 0.17751 0.208204 0.0124265 0.000422807 0.100839 0.000672567 
0.1179 0.154637 0.00343574 0.00045881 0.0462961 0.000658769 0.0114583 0.000242659 0.0677417 0.505218 0.0227808 0.000725598 0.0677748 0.000671327 
0.122588 0.47308 0.233108 0.000807806 0.0173346 1.26815e-05 0.0270587 2.81163e-07 0.00781417 0.106444 0.00870088 2.61277e-06 0.00103635 0.00201101 
0.0211751 0.00222513 0.0020576 0.000683932 0.444314 0.000517555 0.00359894 0.000218988 0.389913 0.0298915 0.00171659 0.000315214 0.0106155 0.0927573 
2.00598e-05 7.87438e-05 0.00085763 4.17842e-08 0.000828053 3.91339e-05 0.000777944 7.36988e-09 0.994753 0.000198221 0.000826488 2.94762e-05 0.00155835 3.25902e-05 
0.0127112 0.0326872 0.0018589 1.6287e-07 0.0263616 0.000399516 0.00332271 1.18926e-07 0.755231 0.116379 0.000118066 4.292e-07 0.0498452 0.00108432 
0.00699671 0.0478948 0.157491 1.40626e-05 0.134764 5.64937e-07 0.00346532 3.85975e-09 0.645788 0.00300802 2.48237e-07 9.01424e-05 0.000470016 1.70131e-05 
0.569697 0.0173757 0.287306 0.000137856 0.0471189 0.000520567 0.00899528 1.56567e-05 0.00406432 0.0251223 0.00199279 0.017076 0.0200547 0.000523063 
0.905313 0.0161367 9.93608e-05 3.48073e-07 0.000595147 0.00056872 0.00033587 2.45393e-07 0.00823383 0.0522861 3.36395e-07 8.77578e-07 0.0164274 2.01858e-06 
2.68257e-05 0.000230907 9.48114e-06 1.93278e-05 0.00210998 0.000315279 8.42116e-05 3.39788e-06 0.994405 0.00190718 2.88321e-05 8.30084e-05 0.000702377 7.3889e-05 
0.0626727 0.00153046 0.0432472 4.30278e-07 0.0107835 0.000131453 0.0208933 3.66986e-08 0.644177 0.0753183 0.101485 0.000146048 0.0344908 0.00512396 
0.0468449 0.00592323 0.0161487 0.036283 0.0331878 0.000112059 0.0451256 2.24632e-05 0.488453 0.0912722 0.0515914 4.83154e-05 0.184778 0.000209497 
0.262556 0.0206541 0.0214612 0.00275557 0.116992 0.00182458 0.01135 0.00108919 0.169656 0.0760742 0.0402977 0.130838 0.00850699 0.135945 
0.264854 0.0278284 4.01605e-06 7.37607e-05 0.654427 2.43941e-06 2.72559e-07 8.56481e-11 0.0125352 0.0400993 0.000175691 1.73319e-07 1.03721e-07 2.95603e-10 
5.17143e-05 0.000112653 1.3372e-08 3.673e-08 0.000418776 3.92388e-08 0.000148704 8.57423e-09 0.00432849 0.000106395 8.79364e-05 0.00020061 0.000139915 0.994405 
0.0372591 0.0132391 0.00252201 0.0330634 0.341349 0.00196371 0.00434629 2.91699e-06 0.469074 0.0228785 0.00178459 0.0016994 0.0696452 0.00117204 
0.0859586 0.239387 0.00252972 1.9253e-06 0.00807234 0.000212176 0.0204788 1.4709e-10 0.547601 0.0861775 0.00196881 7.26131e-05 0.00734784 0.000191599 
0.00610408 0.0534232 0.000166012 3.41079e-06 0.012057 2.60843e-05 0.0193806 7.35891e-07 0.551386 0.298018 0.000300825 0.00021026 0.0588434 8.05358e-05 
0.588727 0.0805841 0.0170131 3.73719e-11 0.239567 2.51593e-06 0.0146163 8.7241e-12 0.000171573 0.0569735 0.00234485 3.38427e-08 2.00067e-08 2.03539e-09 
0.0354323 0.123993 0.0435375 9.16423e-05 0.567154 0.0129887 0.0113293 1.78917e-07 0.0656783 0.128053 0.00109281 0.00392897 0.00671829 2.01631e-06 
0.0281334 0.000111652 0.00448719 3.2347e-05 0.0172655 2.55751e-05 0.0310976 2.37847e-05 0.791958 0.00176597 0.029998 0.0479304 0.0471371 3.30611e-05 
0.0433021 0.00566474 0.00401561 0.000201118 0.0268615 0.000554259 0.01053 3.60623e-07 0.636121 0.0742541 0.0268241 0.000697966 0.170565 0.00040809 
0.093253 0.00955639 0.0124199 0.00017068 0.0116135 0.00023123 0.000456185 2.95212e-05 0.784542 0.0594101 0.00353312 8.83397e-05 0.0243573 0.00033844 
0.0684099 0.0031614 0.000960289 4.32122e-06 0.0555979 3.21303e-06 0.0030934 1.44985e-09 0.745038 0.053199 0.0111287 1.78735e-06 0.0591014 0.00030071 
0.0379117 0.00627009 0.0161367 0.00550033 0.520716 0.00243154 0.00263296 0.000711745 0.0387439 0.172055 0.153603 0.0252452 0.0157274 0.00231414 
0.704965 0.00618714 0.00822299 0.0694233 0.00195014 4.36868e-06 0.0108829 1.93034e-08 0.000209758 0.184089 0.00137788 3.52382e-06 0.012466 0.000218062 
0.158297 0.00545674 0.0121483 8.15961e-05 0.0557484 0.00515487 0.0119733 2.56231e-05 0.0882221 0.643961 0.0113683 0.000217971 0.000145364 0.00719884 
0.426412 0.00158425 0.0136278 0.00141681 0.0467886 0.000535472 0.00743784 3.62548e-07 0.231123 0.132331 0.0370131 0.000170204 0.101528 3.08042e-05 
0.234459 0.0245981 0.148244 0.00513578 0.0414568 2.94074e-05 0.0485744 2.22173e-05 0.232264 0.0417388 0.0545674 0.048747 0.0690484 0.0511138 
0.00156301 0.0180691 0.00110643 0.00208439 0.000852211 4.76386e-05 0.000984387 2.57951e-08 0.974052 0.000964567 0.000179945 3.33357e-05 6.06719e-05 2.43065e-06 
0.010073 0.00636645 1.40444e-06 7.29974e-07 0.182212 3.45292e-06 1.6307e-07 4.05629e-11 0.644673 0.0195581 6.49912e-11 1.88517e-07 0.137111 6.0213e-07 
0.000236383 0.00137142 0.00176868 3.39255e-08 0.000489482 3.62428e-08 1.6748e-08 7.91956e-09 0.993398 0.000681301 0.00174601 1.31404e-08 0.000308882 2.73333e-08 
0.00803148 0.0017469 0.0115369 0.000215555 0.00624371 0.000291787 0.00029331 8.1493e-05 0.939329 0.0158587 0.00318544 0.00101634 0.0108958 0.00127358 
9.80414e-06 8.77389e-05 2.62038e-10 1.29629e-06 1.72423e-06 0.0156966 0.0416513 1.68021e-10 0.776263 0.166281 1.15786e-06 8.36636e-07 1.85429e-06 4.00191e-06 
0.0176195 0.00978741 0.0569886 0.000378842 0.00921274 8.66713e-05 0.00293011 1.19618e-05 0.0969396 0.0133036 0.646332 0.000246264 0.145363 0.000799649 
0.242176 1.75219e-06 1.53127e-05 2.99562e-06 8.98052e-06 1.46996e-06 5.0856e-06 7.28064e-07 0.109838 0.48225 0.00384627 7.80294e-06 0.062866 0.0989793 
0.905313 0.0161367 9.93608e-05 3.48073e-07 0.000595147 0.00056872 0.00033587 2.45393e-07 0.00823383 0.0522861 3.36395e-07 8.77578e-07 0.0164274 2.01858e-06 
0.0482715 0.00464089 0.013338 0.0035337 0.094159 0.00744889 0.0143858 0.00279974 0.262723 0.0739632 0.00403437 0.443239 0.0204008 0.00706185 
0.0470804 0.0276726 0.056336 1.87583e-10 0.0237142 3.26666e-06 1.30581e-06 4.37894e-11 0.385906 0.216519 0.14362 1.67184e-07 0.0991469 1.51133e-10 
0.014526 0.000322772 0.0548949 0.000141702 0.00339138 0.00228088 0.000854132 4.59523e-08 0.0217265 0.0306016 0.856518 0.00160183 0.0131406 1.58598e-07 
0.396818 0.100927 0.00686078 3.46319e-06 0.0950772 0.000743033 0.0983217 4.05323e-07 0.0959367 0.0723662 1.13204e-05 0.117928 0.0150059 6.87145e-07 
0.00216186 6.71668e-07 8.13456e-08 2.94711e-06 0.0016662 8.79613e-07 2.01042e-08 1.29262e-08 0.977912 1.34609e-05 4.74625e-07 0.000566989 0.0171169 0.000557828 
0.00316651 0.0254307 0.0147058 0.000160543 0.315554 7.14718e-06 0.381848 2.47784e-07 0.014104 0.190517 3.97008e-07 1.22224e-05 0.0544928 8.55194e-07 
0.179081 0.00426663 0.254318 0.00211924 0.0110606 0.000355377 0.0391812 2.72622e-05 0.272167 0.167652 0.00162238 0.00139146 0.0102028 0.0565557 
1.74177e-06 0.0059758 2.67542e-05 0.84615 0.124661 0.000279951 0.00101241 6.48434e-07 0.00330047 0.0149703 0.00169065 1.10036e-05 0.00191614 3.10332e-06 
6.72769e-08 3.029e-07 1.74572e-07 5.20561e-10 0.000560077 5.56118e-10 0.0668756 1.2152e-10 0.918529 5.23432e-08 0.000367111 7.66502e-06 0.0135132 0.000146648 
0.127897 0.0583324 0.0211843 1.52903e-05 0.02703 0.0104642 0.00621619 2.15465e-06 0.552342 0.111309 0.00180802 0.000164654 0.0534687 0.0297668 
0.100015 0.0388799 0.163782 0.0026198 0.0225262 0.00232245 0.445179 8.55809e-08 0.0776392 0.000156387 0.00643447 1.03056e-05 0.140301 0.000134179 
0.314071 0.282392 2.00586e-05 0.0024718 0.160989 4.10632e-05 0.0204913 3.39906e-08 0.0776003 0.000375549 5.44609e-08 2.4994e-06 0.141467 7.78074e-05 
0.0861691 0.0279707 0.00275414 0.00369779 0.033969 0.000331932 0.0076473 6.56022e-05 0.53522 0.282682 0.00306446 0.000135675 0.0148626 0.00142966 
0.00215098 0.0294567 0.00224085 7.89018e-07 0.927228 8.42912e-07 0.00985507 1.84188e-07 0.0191414 0.00200369 0.00652227 3.05611e-07 0.00139861 6.357e-07 
0.00581647 0.00380369 0.00261216 0.00354469 0.384469 0.141222 0.000576404 5.29319e-05 0.00703952 0.01677 0.016645 0.401333 0.0160437 7.19749e-05 
6.23824e-06 1.41757e-05 5.45362e-06 6.7474e-10 0.17104 7.20828e-10 1.01598e-05 1.57511e-10 0.693326 0.0245014 0.0909618 0.00451082 0.0156227 1.25089e-06 
0.0006811 0.00733603 2.7107e-07 7.44569e-07 0.00237817 7.95427e-07 0.00143389 1.73812e-07 0.976179 0.0111364 2.78487e-07 2.88395e-07 0.000852583 5.99889e-07 
0.390657 0.343392 0.0105109 1.33584e-05 7.35173e-05 1.7913e-08 0.00609638 3.91425e-09 5.56956e-05 0.0887033 0.00493758 1.10438e-05 0.155542 7.05418e-06 
0.000335306 8.88802e-08 2.70423e-10 7.42794e-10 0.000502879 7.9353e-10 3.66694e-10 1.73398e-10 0.987962 0.000698775 0.00210734 8.16102e-08 0.00839319 5.98458e-10 
0.272886 0.0252426 0.0262283 0.00336639 0.142986 0.00133625 0.013871 0.00133044 0.161104 0.0820132 0.0228263 0.119811 0.0103967 0.116602 
0.225924 0.00273294 8.45536e-07 1.63007e-09 0.0131332 1.74141e-09 0.0216305 3.80522e-10 0.578634 0.00987419 1.33609e-06 6.31375e-10 0.148069 1.31332e-09 
0.0043886 0.0330515 0.00636232 0.00523231 0.0266152 0.00330289 0.0500889 4.84651e-07 0.710505 0.0365799 0.0154405 0.000437548 0.107822 0.000172852 
0.0404209 0.0455546 0.00523359 0.000905579 0.0208895 3.40055e-05 0.0243121 1.28932e-07 0.829154 0.0267796 0.00327487 0.000302231 0.00313834 4.44991e-07 
0.0029068 9.64604e-05 7.85901e-06 7.88331e-05 0.00614887 9.33422e-05 0.00107427 1.78222e-06 0.9656 0.000849848 0.00155399 0.000889071 0.0113425 0.00935656 
1.74177e-06 0.0059758 2.67542e-05 0.84615 0.124661 0.000279951 0.00101241 6.48434e-07 0.00330047 0.0149703 0.00169065 1.10036e-05 0.00191614 3.10332e-06 
0.0671402 0.885277 0.000313969 1.97907e-06 0.000255374 2.11425e-06 5.73639e-05 4.61993e-07 0.000765405 0.0461048 6.32425e-05 7.66554e-07 1.45051e-05 3.02681e-06 
0.0200508 0.00703201 0.00196362 0.00529261 0.0185403 0.000374721 0.00518347 0.000270691 0.856673 0.00881156 0.00349969 0.00163575 0.0235512 0.0471206 
0.0191171 0.000565648 4.90384e-07 4.19322e-05 0.00731121 1.71009e-05 4.96118e-07 2.87824e-07 0.927336 0.00323731 0.00351253 0.000217727 0.0382673 0.000374765 
0.0570344 0.0134104 0.017744 0.000916552 0.394125 0.120504 0.0295126 0.000145399 0.137958 0.103722 0.0811684 0.0178111 0.0248447 0.00110311 
0.0043886 0.0330515 0.00636232 0.00523231 0.0266152 0.00330289 0.0500889 4.84651e-07 0.710505 0.0365799 0.0154405 0.000437548 0.107822 0.000172852 
0.000685977 1.70881e-06 2.06879e-07 5.67314e-09 9.37275e-06 3.16194e-06 2.43339e-06 1.32434e-09 0.999131 6.82069e-07 3.04485e-05 2.64645e-06 0.000131902 4.57077e-09 
0.0380762 0.105711 0.00532685 0.243403 0.00658076 0.000514377 0.0949506 8.45213e-06 0.227727 0.034886 0.00641192 2.54543e-05 0.235804 0.000573983 
0.12472 0.00784119 0.0216831 0.00101368 0.0569487 0.000435628 0.00232289 1.29203e-06 0.225737 0.426458 0.077047 8.46302e-05 0.0556639 4.31482e-05 
0.295075 0.00246783 6.42096e-07 4.11492e-05 0.00194007 0.00862145 0.0307628 1.69265e-07 0.210902 0.418343 0.000837735 2.33943e-05 0.0304422 0.000543145 
0.101105 3.96309e-05 0.132939 9.80372e-10 0.0947856 1.04734e-09 4.83979e-10 2.28858e-10 0.443921 0.04924 0.12619 3.79729e-10 0.0517799 7.89872e-10 
8.79678e-07 1.01767e-07 1.53272e-10 7.16131e-07 5.31672e-07 0.00036062 2.07837e-10 9.82793e-11 0.997811 3.3021e-09 1.57466e-10 0.00178703 3.83912e-05 1.01793e-06 
1.78213e-06 4.44972e-07 2.50407e-07 9.85273e-07 0.00251744 6.41426e-06 3.83639e-06 1.25129e-08 0.992799 0.00189248 0.000104936 0.00103419 0.00118447 0.000454008 
0.00774842 0.00204217 8.10318e-05 1.86364e-05 0.63923 0.000726758 0.00479965 1.08558e-06 0.185654 0.112384 0.00759093 0.0049125 0.0347672 4.35619e-05 
0.0171337 0.000442773 0.0206905 0.131222 0.0720563 0.000179823 0.0598339 7.96951e-05 0.530027 0.0315587 0.0773677 8.40732e-05 0.0417368 0.0175872 
0.00144672 0.0012307 0.000187205 0.000109919 0.0418622 0.000256184 0.000321689 1.77371e-05 0.109928 0.00714759 6.22673e-05 0.836966 0.000259702 0.000203516 
0.00305579 0.01419 0.00231826 5.0256e-06 0.0116146 6.31282e-05 0.3541 1.58233e-10 0.37747 0.0321361 0.00287091 0.000200449 0.0562903 0.145685 
0.155864 0.0526501 1.33299e-07 3.66142e-07 0.000320905 8.15834e-06 1.26394e-05 8.5472e-08 0.753549 0.0298746 1.69676e-05 0.00746087 0.000209541 3.3271e-05 
0.0406608 0.00226993 0.0358 1.80131e-07 0.0139662 2.91816e-07 0.0173488 1.133e-07 0.765562 0.00927774 0.0932362 4.49043e-05 0.0218323 2.6552e-07 
0.0640673 0.0209284 0.638509 0.000273515 0.0196569 2.64794e-05 0.0648367 9.70937e-07 0.0256613 0.0258098 0.0559904 0.000313605 0.0820868 0.00183882 
0.172712 0.00150293 0.209053 0.0392838 0.0700609 0.00123387 0.0107194 0.000377517 0.120128 0.151809 0.0111559 0.158097 0.0460508 0.00781593 
0.11669 0.0378542 0.00890706 0.00105117 0.280941 4.80549e-05 0.085509 3.55839e-08 0.134899 0.294087 0.0025872 5.5074e-06 0.0367447 0.000677047 
0.586797 0.000337856 0.0501968 0.0153112 0.070043 0.000167787 0.00879891 0.000102618 0.0294253 0.194049 0.000532906 0.00137895 0.041029 0.00182986 
0.785523 0.0785642 0.000139452 6.86424e-05 0.0412374 2.41346e-05 0.030533 1.05184e-05 0.00688099 0.027858 0.000662738 0.0239314 0.00454898 1.76767e-05 
0.00866947 0.0350517 0.0661107 0.000115643 0.205397 0.000555291 0.000574063 8.48373e-05 0.0088819 0.664761 0.00617825 0.000191399 0.00274686 0.00068274 
0.0537651 0.0350479 0.0036765 0.000142225 0.0132718 7.5555e-05 0.015692 7.26602e-05 0.722007 0.0656368 0.0116451 0.000431458 0.0772594 0.00127655 
0.122714 0.176964 0.0583993 0.000256842 0.329361 0.000348439 0.0175257 4.72204e-06 0.115744 0.142673 0.0215848 0.0128631 0.00114284 0.000418672 
0.00364744 0.0002598 0.0164499 0.000321634 0.13581 0.00111245 0.00406528 0.00010222 0.0638852 0.0400019 0.105496 0.550561 0.077442 0.000845333 
0.000571244 0.00146587 8.40256e-08 2.308e-07 0.00197575 0.000172842 0.000205203 5.38778e-08 0.00879706 0.982064 0.00189059 8.9396e-08 0.00248505 0.000372091 
0.0719028 0.00425659 0.000792309 7.53525e-05 0.436704 0.00589717 0.00832367 4.22619e-07 0.322876 0.0753942 0.00986388 0.0270694 0.0367544 9.00788e-05 
0.352472 0.173247 0.0149652 0.000223992 0.174656 0.00032607 0.0349001 3.95632e-06 0.0222379 0.216046 0.000830503 0.000133787 0.00993228 2.57768e-05 
0.0171337 0.000442773 0.0206905 0.131222 0.0720563 0.000179823 0.0598339 7.96951e-05 0.530027 0.0315587 0.0773677 8.40732e-05 0.0417368 0.0175872 
0.218943 0.000710751 0.00023289 0.000790802 0.772948 4.39571e-05 7.3308e-05 2.53228e-05 6.42949e-05 0.00117973 0.000168487 0.00188543 0.0029074 2.73222e-05 
0.0354323 0.123993 0.0435375 9.16423e-05 0.567154 0.0129887 0.0113293 1.78917e-07 0.0656783 0.128053 0.00109281 0.00392897 0.00671829 2.01631e-06 
0.068444 0.517043 0.00819845 0.000146525 0.017611 8.02307e-05 0.213575 3.91363e-05 0.00348444 0.168595 0.00135815 5.18112e-05 0.00116573 0.000207324 
0.14032 0.00517013 0.252072 2.23328e-05 0.00909889 4.15482e-08 0.00065455 6.52102e-09 0.0122047 0.567857 0.00816631 4.94164e-05 0.00167483 0.00270933 
0.00219734 0.000201504 6.04992e-06 2.14348e-05 0.00616115 2.74473e-08 5.02157e-05 5.99763e-09 0.877889 0.0121276 0.0915346 0.00241922 0.00738067 1.16638e-05 
1.08826e-05 3.273e-05 2.8459e-06 3.699e-07 2.93328e-05 5.64545e-06 2.08159e-06 1.44433e-10 0.000109937 2.1853e-06 2.31414e-10 0.000134534 1.71157e-07 0.999669 
0.354599 0.10301 0.00020476 0.000162651 0.12261 0.00052302 0.00513136 5.77973e-05 0.240919 0.0772156 0.0534926 0.00215563 0.00141247 0.0385055 
0.0787754 1.39872e-07 1.00368e-10 2.7569e-10 0.0319115 0.0182062 4.62875e-07 6.4357e-11 0.86231 1.31175e-05 0.00878119 1.00387e-06 8.86287e-07 3.33402e-07 
0.0216482 0.000485242 0.000941311 0.00627519 0.456128 0.408365 0.00687561 3.15428e-06 0.0355934 0.0232804 0.0248691 0.000355106 0.0151109 6.95121e-05 
0.000977307 1.81264e-09 2.73277e-09 7.50633e-09 4.15052e-06 1.60144e-06 3.70564e-09 1.75228e-09 0.997237 3.37987e-07 2.80755e-09 0.00177756 2.36182e-06 6.04774e-09 
0.00144672 0.0012307 0.000187205 0.000109919 0.0418622 0.000256184 0.000321689 1.77371e-05 0.109928 0.00714759 6.22673e-05 0.836966 0.000259702 0.000203516 
0.00826726 0.000750751 0.092057 1.23312e-05 0.00189149 2.09841e-07 0.0552964 4.58533e-08 0.770788 0.019451 0.028491 0.00109871 0.0211596 0.000736315 
0.0570344 0.0134104 0.017744 0.000916552 0.394125 0.120504 0.0295126 0.000145399 0.137958 0.103722 0.0811684 0.0178111 0.0248447 0.00110311 
0.0408349 0.324021 5.62184e-07 8.77331e-11 0.00621905 9.37258e-11 4.33111e-11 2.04804e-11 0.0115773 0.611915 0.00229985 3.39818e-11 0.00313285 7.06853e-11 
0.0202679 0.0456008 0.0212636 5.74151e-07 0.0121586 0.00140413 0.828785 1.10995e-07 0.000713537 0.0430691 0.0217027 3.99605e-05 0.00489532 9.8559e-05 
0.268177 0.0190793 0.0213946 0.00800414 0.122153 0.000664767 0.0216794 0.000223128 0.317416 0.143385 0.00251681 0.000271419 0.0731902 0.00184429 
0.0248594 0.00623206 0.00397404 0.0792193 0.218007 0.00407003 0.00352752 2.30977e-05 0.293405 0.113204 7.71423e-05 0.229103 0.0215162 0.00278231 
0.00642228 0.000341854 0.0271964 1.05318e-05 0.000204917 6.31875e-06 0.0044774 1.06873e-06 0.927969 0.0173061 0.00714583 2.84027e-05 0.000110882 0.00877941 
0.520149 0.0569905 0.00730703 0.000605518 0.00218788 9.02399e-05 0.0628677 1.71733e-07 0.220915 0.041607 0.0355899 0.0361819 0.0154068 0.000101073 
0.483655 1.19286e-06 1.59851e-05 0.0327145 0.0050625 2.32459e-06 2.83536e-06 4.57577e-11 0.157327 0.312295 5.26405e-06 7.59228e-11 0.00891738 1.37412e-06 
0.0353791 0.0130904 0.0400723 0.000190328 0.00762011 0.000202555 0.00208115 0.000124388 0.708897 0.0495784 0.0535364 0.000135309 0.00651949 0.0825734 
0.78691 0.0415884 0.00192247 8.00483e-05 0.0626868 0.000113362 0.00221116 5.64589e-05 0.00178715 0.0852484 0.00725684 0.000185198 0.00988638 6.71609e-05 
0.0112802 0.0010607 0.0118069 0.00134736 0.509444 0.00057562 0.00395697 1.78125e-05 0.0321713 0.1148 0.00238706 0.31005 0.00105791 4.37031e-05 
0.0134007 0.00178599 0.0114375 0.00135297 0.0719741 0.000816757 0.00509286 6.44475e-05 0.79792 0.0332428 0.0320116 0.0007177 0.0208916 0.00929099 
0.00122011 0.0207125 0.00178885 0.00151635 0.138765 0.00118803 0.0400223 1.40882e-05 0.594744 0.041081 0.00523899 0.000181629 0.0355688 0.117958 
0.019256 0.000142071 2.84183e-05 1.01695e-06 0.670449 0.00118536 0.000755295 2.21991e-08 0.0450132 0.00457696 4.54777e-05 0.258537 1.01825e-05 5.86339e-08 
0.262556 0.0206541 0.0214612 0.00275557 0.116992 0.00182458 0.01135 0.00108919 0.169656 0.0760742 0.0402977 0.130838 0.00850699 0.135945 
0.0252916 0.0901075 3.0897e-05 0.00282477 0.729438 0.00192499 0.00916394 5.66619e-06 0.0469907 0.0192442 9.87752e-05 3.29813e-05 0.0748396 5.86796e-06 
0.135652 0.407416 0.0423643 0.00122726 0.105964 0.000167642 0.0107998 6.22734e-05 0.180674 0.0774172 0.00095085 0.000769166 0.0359662 0.000568028 
0.808478 0.00962664 0.0146312 0.00534648 0.0194196 0.000210186 0.0341069 8.54494e-06 0.00430111 0.0760543 0.0150017 9.60913e-05 0.0126396 7.95398e-05 
0.0535128 0.741178 0.0698123 0.000111522 0.0220341 3.10716e-06 0.0645503 1.43104e-06 0.00634068 0.000488538 0.0170375 2.29764e-05 0.0249009 5.98098e-06 
0.00168425 6.42475e-05 0.643169 1.09897e-05 0.117474 4.42948e-07 0.0113393 6.47421e-09 0.180485 0.0161748 0.0285733 1.07422e-08 0.000979414 4.56607e-05 
0.00648103 0.00958331 0.00953947 0.000364865 0.281458 7.93367e-06 0.00608343 7.74045e-08 0.068849 0.0779825 4.99984e-07 0.458114 0.0815019 3.39168e-05 
0.00208903 0.236501 0.0212923 6.32941e-05 0.700248 0.000341738 0.00436721 1.5276e-08 0.0107377 0.0132908 9.32177e-05 0.0109555 5.68577e-07 2.02693e-05 
0.134958 0.0287113 6.73829e-08 0.000642415 0.0336867 0.00266246 0.00733365 5.48372e-08 0.402605 0.377093 0.00276081 0.000183972 0.00843248 0.000930236 
0.0339221 1.52106e-05 7.1395e-08 1.96106e-07 0.0128999 5.36961e-06 0.00228504 4.5779e-08 0.948175 0.00118321 0.00104496 0.000319656 7.52662e-05 7.40988e-05 
0.00418465 0.0676657 0.000290928 0.00105346 0.000471371 0.00178611 0.00535976 2.0359e-07 0.325648 0.00621079 3.26199e-07 0.00265249 0.000230723 0.584446 
0.264735 0.150801 0.017675 0.0408469 0.0696915 0.00960384 0.00854628 0.000734189 0.137751 0.0767435 0.0331422 0.0455074 0.0265858 0.117636 
0.0117055 0.000461829 0.000498564 0.000140728 0.0637942 1.78187e-07 6.17089e-07 8.83123e-08 0.713431 0.15161 0.00755048 0.000132106 0.0170883 0.0335871 
0.0002674 0.00212281 1.33116e-05 1.22628e-08 0.000587144 1.31004e-08 8.59868e-06 2.86262e-09 0.845611 0.00169608 2.6796e-06 2.50561e-06 0.149688 7.11055e-07 
0.00762854 0.00892678 9.64566e-07 5.48128e-10 0.0183678 1.8446e-08 6.8153e-06 1.27955e-10 0.95275 0.00452632 0.00105432 3.17602e-05 0.00630386 0.000403162 
0.0719028 0.00425659 0.000792309 7.53525e-05 0.436704 0.00589717 0.00832367 4.22619e-07 0.322876 0.0753942 0.00986388 0.0270694 0.0367544 9.00788e-05 
0.0746292 0.0358438 0.0476018 4.23184e-09 0.00996711 4.52089e-09 2.08913e-09 9.87879e-10 0.0281489 0.803794 1.58281e-09 1.63912e-09 1.48389e-05 3.40953e-09 
2.34959e-06 0.000113085 3.10669e-08 8.5334e-08 0.000172845 2.83535e-05 7.81722e-05 1.99204e-08 0.91754 1.02848e-05 0.00534466 1.90631e-05 0.0766911 6.87524e-08 
0.96732 0.0286806 5.65446e-10 1.21162e-05 5.41912e-05 1.92488e-05 1.68692e-05 3.62568e-10 1.15154e-05 3.81744e-05 5.80918e-10 3.4898e-06 0.00383913 4.25587e-06 
0.147751 0.103136 0.0103277 0.000156224 0.0127575 0.000732093 0.0215136 0.000139919 0.343245 0.305158 0.0277509 0.000169923 0.0222724 0.00488915 
0.0294323 0.00181088 0.0386066 0.00131793 0.000448761 0.000114605 0.00080489 6.0359e-08 0.729516 0.153146 0.0124808 6.2278e-05 0.0316415 0.000617835 
0.109572 0.225455 1.10247e-06 0.000588952 0.00569163 2.53904e-07 0.621232 1.96193e-08 0.00168125 0.031566 8.48285e-07 9.65543e-08 0.00421196 1.90768e-07 
0.0292523 8.96851e-05 0.119094 3.75228e-06 0.000720603 4.00858e-06 0.000183764 8.75931e-07 0.79116 0.0383481 0.00592726 1.45338e-06 0.0035784 0.0116358 
0.305339 0.274046 0.015752 0.000114155 0.129644 0.00203102 0.0166278 1.93991e-06 0.0105934 0.240617 0.0003966 9.27905e-05 0.0047315 1.25872e-05 
0.00576389 0.060612 0.00167882 0.0118378 0.00371322 0.000596079 1.72828e-05 3.45799e-06 0.861907 0.022448 0.0188002 3.2626e-05 0.0125678 2.17581e-05 
6.83546e-06 2.6448e-06 2.67043e-08 7.33508e-08 4.48364e-05 7.8361e-08 3.6211e-08 1.7123e-08 0.983948 0.0155733 2.7435e-08 2.84111e-08 1.30002e-05 0.000410635 
0.437153 0.00339042 0.0348435 3.28152e-05 0.00119141 2.80025e-08 0.0979431 3.6967e-12 0.0140802 0.359644 0.0248601 2.7527e-10 0.0268611 1.27586e-11 
0.0125118 0.0150493 0.0628439 3.31245e-06 0.425882 0.296408 0.00381262 2.47308e-06 0.0205734 0.117146 0.00120308 0.0374002 0.00638776 0.00077586 
1.00617e-05 8.57419e-10 3.46447e-05 5.68459e-06 0.396317 3.79318e-09 2.31393e-05 8.28864e-10 0.350673 0.0532064 7.03989e-06 1.37528e-09 0.199612 0.000110999 
0.00078458 0.0287796 0.00381656 1.33883e-06 0.0506061 2.623e-05 0.00126951 3.12537e-07 0.716783 0.00715369 0.0013085 5.18572e-07 0.189469 1.07868e-06 
0.360852 0.00353692 0.0361081 0.0108252 0.010163 0.00197296 0.00210667 1.1467e-07 0.0331347 0.363381 0.00723084 1.67308e-07 0.170454 0.000233817 
0.0349796 0.000305297 3.91893e-06 5.35734e-10 0.0146296 5.72327e-10 3.91366e-06 1.25062e-10 0.882527 0.00464462 0.0154804 2.07506e-10 0.0474236 2.03545e-06 
0.0592878 5.89877e-06 0.000211038 4.01115e-07 0.113955 5.13933e-10 0.000205878 1.12302e-10 0.0461647 0.00748213 0.19438 8.45224e-08 0.0177362 0.560571 
0.155007 0.0129597 0.0185257 0.000785283 0.139344 0.00175889 0.00569802 0.000276215 0.322039 0.0308335 0.22866 0.00057052 0.0706168 0.0129246 
2.09375e-05 4.20765e-10 0.0034557 7.68429e-05 3.94761e-06 1.86145e-09 1.76346e-05 4.06752e-10 0.688114 1.5101e-05 4.80317e-05 2.70634e-07 0.308248 1.40385e-09 
0.267495 1.62582e-06 0.0708562 3.07155e-06 0.632902 5.44129e-06 0.00985602 2.67732e-09 3.76189e-06 0.00158559 8.95624e-06 4.83016e-06 0.0172777 9.2404e-09 
0.315916 0.00667863 0.00844292 9.26722e-07 0.0100456 1.37734e-07 0.000157782 3.48266e-08 0.141722 0.477192 0.00244468 2.47504e-05 0.037374 6.4774e-07 
0.0230606 0.00284491 0.0124122 0.00322363 0.41697 0.0793724 0.00278408 0.000249138 0.0599745 0.05164 0.0424756 0.252029 0.0511918 0.00177285 
0.019256 0.000142071 2.84183e-05 1.01695e-06 0.670449 0.00118536 0.000755295 2.21991e-08 0.0450132 0.00457696 4.54777e-05 0.258537 1.01825e-05 5.86339e-08 
0.0160252 0.0437493 0.0175515 1.86121e-05 0.109054 0.000559384 0.000418447 1.76977e-05 0.79774 0.0111177 0.000167283 0.000906665 0.00139896 0.00127584 
0.00145232 0.00241992 0.00143303 6.26857e-05 0.0459691 0.00293658 0.00331226 1.07584e-05 0.924664 0.00388508 0.00124844 0.00134456 0.0111885 7.26139e-05 
0.000598938 9.37409e-05 0.017011 2.06164e-07 0.0793255 0.000467308 0.825382 4.81268e-08 0.0428517 0.0323345 0.000198331 3.65206e-05 0.00143227 0.000268037 
