0.113923 0.00595383 0.00064373 0.000540727 0.019438 0.000643677 0.000451359 0.00965637 0.475197 0.142909 0.124748 2.22172e-05 0.105832 4.08997e-05 
0.0525086 0.0267169 0.00731679 8.97953e-06 0.0324957 0.0365435 0.00418746 0.0748049 0.319011 0.163667 0.00349156 0.000635487 0.231654 0.0469582 
4.58189e-07 2.82407e-07 1.59207e-08 4.32977e-10 0.000668057 4.62551e-10 2.13747e-10 1.01074e-10 0.985298 0.0016106 5.44148e-06 1.67706e-10 0.0124173 3.48843e-10 
0.0762505 0.0395191 0.000113933 5.82164e-07 0.122919 0.000167854 0.0170545 0.000156215 0.561896 0.163175 0.00192428 8.47126e-05 0.0165589 0.000179445 
0.0541159 0.0100775 0.0426889 3.87066e-05 0.0397114 0.000150354 0.0489125 0.00209471 0.564051 0.147341 0.0618505 0.000135287 0.0246786 0.00415416 
0.00395532 0.00044319 0.00244244 0.00198318 8.69044e-08 4.9998e-07 0.0445749 1.09253e-07 0.92131 0.0214526 2.59004e-05 4.02869e-05 0.0037412 3.0681e-05 
0.119876 0.0279932 1.31044e-11 3.13064e-07 0.00625544 0.000607961 0.000644152 0.00623867 0.552424 0.182364 0.00183963 0.00192101 0.00629302 0.0935424 
0.0638505 0.000693241 0.0831383 0.000296734 0.00255324 1.88153e-05 0.0889633 0.00131288 0.371942 0.0141475 0.0917093 7.20954e-05 0.256826 0.0244763 
0.0075556 0.00103376 8.82979e-06 6.87669e-06 0.0100481 4.85934e-06 0.000899519 3.75559e-05 0.824174 0.0722381 0.00275993 2.88899e-06 0.0812208 9.64354e-06 
0.0940908 0.00295647 0.000213037 3.87066e-06 0.165483 0.0731072 0.00521158 0.0619636 0.414511 0.0954104 0.00830694 0.00209314 0.075869 0.000780722 
0.252943 0.0285318 0.0151808 0.004305 0.0369766 0.00317593 0.0202239 0.0187045 0.269075 0.160317 0.0431973 0.00277785 0.143129 0.00146312 
0.0609847 0.00522832 0.00805771 8.06592e-10 0.100388 8.60144e-05 0.00253226 0.00229112 0.6458 0.0942669 0.0579143 0.000326077 0.0221243 4.32307e-07 
4.48516e-06 0.0225089 4.82364e-12 0.0347952 0.00346847 0.000890671 0.00324202 3.92836e-08 0.670751 0.259942 0.00104916 0.00108836 0.00225915 3.29866e-07 
0.109942 0.00152399 5.52058e-09 8.02377e-05 0.0873978 0.0297317 0.00103203 0.00451173 0.716988 0.00475595 0.00305723 0.000767275 0.0398771 0.000335238 
0.000268103 0.207741 3.52255e-10 9.67567e-10 7.93406e-05 8.89047e-06 3.00972e-06 0.000143765 0.791704 3.18062e-05 3.61894e-10 1.83674e-06 8.08508e-06 1.06027e-05 
0.2171 0.0907455 8.78232e-05 2.26607e-05 0.010375 0.00133718 0.00161592 0.00298206 0.483001 0.137298 0.00219268 8.83597e-05 0.0443735 0.00878016 
0.0331004 0.0289105 0.0056505 8.11233e-05 0.0932747 0.00326078 0.000296184 0.0599956 0.389219 0.0270895 0.0149463 0.00527976 0.338834 6.12309e-05 
0.0756796 0.0134469 0.0625453 5.34738e-06 0.000963834 0.000256349 0.0108128 8.03376e-06 0.788984 0.0139511 0.0157285 1.50001e-06 0.0176145 2.08053e-06 
0.030477 0.0126673 3.83228e-05 0.013973 0.26759 4.99698e-05 0.00499952 0.00549303 0.370724 0.250119 0.000115286 0.00123165 0.0422931 0.000229517 
0.0551806 0.00858165 0.00476591 0.000315199 0.0227336 0.000111426 1.63908e-05 0.00477728 0.749613 0.0275332 0.0107987 0.000816826 0.114756 3.40423e-07 
0.00345345 0.000123378 0.000196687 5.85648e-05 0.000568878 7.41437e-05 0.00113936 0.00659743 0.913889 0.0700061 9.72193e-05 7.76516e-05 0.00367121 4.71848e-05 
0.0243743 0.151122 0.206932 0.000557372 0.0487552 1.18823e-06 0.154341 0.00113665 0.223528 0.105479 0.0297717 0.000117753 0.053789 9.46595e-05 
0.177508 0.0582787 0.00101568 3.09275e-05 0.0296728 0.00142685 0.0130838 0.00250814 0.522853 0.141656 0.000720158 0.000331839 0.0502245 0.00068952 
0.0530043 0.00859864 0.00219463 0.000205894 0.152669 5.47757e-05 0.0484035 0.00289629 0.287771 0.258152 0.0118614 2.21693e-05 0.0576684 0.116498 
0.298556 0.030159 0.00490425 5.00632e-08 0.0642616 0.000195465 0.00197194 0.00872532 0.545622 0.0192608 0.000779293 1.23395e-05 0.0247723 0.00077994 
1.85195e-05 2.4652e-05 0.0014915 1.65348e-08 0.000114161 1.76642e-08 4.29479e-05 0.00130751 0.967091 0.00312731 0.00085893 2.7738e-05 0.0258959 1.33218e-08 
0.0929675 0.00136033 0.000818653 8.15096e-05 0.186455 0.00151067 0.000328132 0.00503874 0.302624 0.179904 0.00690207 0.000430131 0.0843696 0.13721 
0.295798 3.45895e-10 0.00854752 1.43239e-09 1.3379e-05 1.53023e-09 0.230857 3.34376e-10 0.441587 3.69312e-06 2.89357e-06 5.54808e-10 0.0231849 4.84819e-06 
0.0751161 0.0134438 0.0267183 2.64395e-05 0.0450901 9.03285e-06 0.000856159 5.52366e-05 0.708016 0.0139845 0.0201127 7.67695e-05 0.0963709 0.000123593 
0.0173832 0.00282822 0.0294131 4.25926e-05 0.0227147 0.000215706 0.00145254 0.0455816 0.708682 0.0355892 0.0147088 0.00162872 0.0673181 0.0524416 
0.0526727 0.000474571 0.00331964 3.40478e-05 0.00308768 0.0436677 0.0017531 0.00818242 0.678947 0.127792 0.00636358 0.000354328 0.0727051 0.00064689 
0.00521381 3.39217e-06 5.59857e-05 0.000528358 0.0103859 0.019722 0.000915854 0.0239979 0.644283 0.0188609 0.0169769 0.000193936 0.25886 2.09503e-06 
0.0409749 0.00368342 9.38344e-12 3.06194e-05 0.000696011 0.000213111 1.86383e-07 7.94945e-08 0.861106 0.0724987 2.51036e-07 0.000723844 0.0191446 0.000928074 
4.9234e-05 4.92274e-05 0.206782 4.91951e-05 0.359426 4.91921e-05 4.92167e-05 4.92278e-05 0.43325 4.92342e-05 4.92218e-05 4.92212e-05 4.92331e-05 4.92033e-05 
0.0237108 0.0181029 0.0314359 0.000440976 0.00756529 0.00018084 0.0162035 0.000180087 0.834162 0.0484184 0.00182362 0.000165875 0.0096669 0.00794283 
0.300784 0.0654879 0.00484538 0.000902587 0.0639022 2.53935e-05 0.00802526 0.00251409 0.44582 0.0498826 0.0160391 2.06697e-05 0.0417461 4.67818e-06 
0.0945038 0.00855432 0.00347896 0.00146423 0.0229537 0.019769 0.0013837 0.0102489 0.703393 0.0295881 0.0194223 0.00187387 0.0769031 0.00646325 
0.0437364 0.0846829 4.82702e-05 4.24731e-07 0.0328791 0.00160269 0.00143802 9.55246e-08 0.61793 0.184162 0.00710165 1.08868e-05 0.0253053 0.00110157 
0.156536 0.0028664 0.00700949 4.17225e-05 0.0366187 0.00185388 0.0119049 0.000324004 0.694142 0.0320547 0.0451888 5.33133e-06 0.0114461 8.08722e-06 
0.146172 0.0399689 0.0270648 0.0059085 0.275931 0.00118141 0.00405879 0.00351595 0.362683 0.0881505 0.0147977 0.010167 0.0203856 1.57463e-05 
0.0948853 0.018583 0.00368438 0.000308141 0.033529 0.00492983 0.003178 0.00102648 0.525635 0.166882 0.0183876 0.000210779 0.123947 0.00481307 
0.00728203 0.000645326 6.37719e-05 5.95415e-10 0.000392259 6.36085e-10 4.40671e-08 3.73591e-07 0.988446 0.000392593 2.4426e-06 0.00277418 8.9189e-07 4.79718e-10 
0.266272 2.30342e-06 1.5012e-08 6.16559e-07 0.00702763 0.00289134 1.08e-06 0.00133035 0.447978 0.179543 0.0016041 3.15845e-08 0.0933488 2.98202e-07 
0.0592877 0.00305001 0.0188288 0.000231023 0.0327288 0.000178089 0.0356747 0.000511922 0.718888 0.0366383 0.0143642 0.000253383 0.0587393 0.0206256 
0.00461525 0.14943 0.0204789 3.91427e-05 0.0270737 4.68416e-06 0.00166477 1.31869e-06 0.673087 0.00545665 0.0792667 9.70206e-07 0.0388801 1.38707e-06 
0.057774 0.0354431 0.0148076 0.00316675 0.0436765 0.0113269 0.00854836 0.0213135 0.425786 0.135892 0.023042 0.000340425 0.218861 2.24012e-05 
0.126927 0.179038 0.000173987 0.17293 0.0804871 0.00228382 0.0123024 0.00121347 0.210239 0.127729 0.0129742 0.000172802 0.0727358 0.000792782 
0.0546749 0.013291 0.0137266 0.000102873 0.0191386 0.00153243 0.0426918 0.00710031 0.315747 0.110078 0.243987 7.07475e-05 0.177633 0.000225065 
0.000424449 0.000296237 0.00143605 2.78222e-05 0.0115198 8.74763e-06 0.000946453 0.000265741 0.540095 0.43339 0.00292772 1.64522e-05 0.00825427 0.000391544 
0.00400275 0.00166909 0.0303569 0.000658947 0.0135735 0.0948801 0.000121136 0.0126197 0.735457 0.0412521 0.00126828 0.00104001 0.0537674 0.00933328 
0.00660294 0.00013678 3.28279e-07 2.53146e-05 0.0121143 0.108832 0.000696714 0.00345721 0.782307 0.0123655 0.000113301 0.000140602 0.072954 0.000254259 
0.0677997 0.0153627 0.0913604 0.00267564 0.013852 4.39236e-06 0.164712 0.017029 0.415772 0.16554 0.0139805 2.31856e-05 0.0317683 0.00012031 
1.16842e-07 3.14644e-07 0.000427402 1.30297e-06 2.41947e-07 1.39197e-06 6.43237e-07 3.04166e-07 0.999566 1.01185e-07 4.87344e-07 5.04682e-07 1.43447e-07 1.04979e-06 
0.0227524 0.0050088 0.000985942 0.00103471 0.275495 0.000125712 0.00521736 0.0097077 0.311566 0.118665 0.0162979 0.000575781 0.230986 0.00158204 
0.0246895 0.00460761 0.00800904 7.38883e-05 0.0214808 0.000609615 0.0033906 0.0216762 0.57255 0.0269791 0.0519595 0.000230082 0.263702 4.12148e-05 
0.0146323 0.000301462 2.13122e-05 6.37916e-07 0.0587234 0.000454485 0.000676017 0.0432193 0.751787 0.0250113 0.00141006 0.00205401 0.100397 0.00131185 
0.178894 0.00883867 0.00160152 6.37289e-05 0.0198911 0.0413421 0.00248923 0.0169724 0.539393 0.0963808 0.0257172 0.000325229 0.0653473 0.00274394 
0.0492315 0.00925501 0.00121555 1.92597e-10 0.221145 2.05753e-10 4.80796e-07 2.68064e-07 0.46964 0.0469577 0.0235007 0.00246457 0.000573199 0.176017 
0.130986 0.255855 0.100387 0.00378051 0.05374 0.00192456 0.0514959 2.29221e-05 0.291814 0.103439 0.000228339 0.00241091 0.00355479 0.000361931 
0.0649801 0.0333262 0.000396405 0.000149417 0.0150879 0.000304596 0.0129742 0.00264426 0.588515 0.200075 0.00445307 0.000167641 0.0523715 0.0245541 
0.0380009 0.000323897 0.0134364 3.70761e-05 0.042453 0.010289 0.0190121 0.00445981 0.50035 0.34575 0.00438744 6.28696e-05 0.0187783 0.00265853 
2.4307e-06 0.00106975 4.66099e-08 4.67465e-08 0.0607884 0.00115295 2.62785e-11 4.22904e-07 0.871015 0.00341705 1.94248e-08 0.06112 2.32475e-08 0.00143398 
0.12984 0.0665084 0.0308584 1.27481e-05 0.0401252 0.000214461 0.00856913 0.00697425 0.327593 0.284666 0.00249963 0.000152986 0.0975235 0.00446219 
0.0103448 0.00211452 0.0073808 0.000420886 0.0292631 0.000316532 0.000355208 0.00351868 0.851144 0.017211 0.0149256 0.000232057 0.0354883 0.0272847 
0.0388797 0.00881163 0.0443916 0.000176439 0.00746432 0.0135165 0.00271131 0.00393277 0.788578 0.0757992 0.00453796 0.000594341 0.0105806 2.53236e-05 
0.000236383 0.00137142 0.00176868 3.39255e-08 0.000489482 3.62428e-08 1.6748e-08 7.91956e-09 0.993398 0.000681301 0.00174601 1.31404e-08 0.000308882 2.73333e-08 
0.147677 0.084985 0.0243966 2.03348e-06 0.0619149 0.00801374 0.0594471 0.00660641 0.397997 0.0804322 0.0086731 0.000113404 0.105516 0.014225 
0.0853767 0.0174672 0.0014041 7.05958e-05 0.0115363 0.0168006 0.00366782 0.00845199 0.589375 0.149256 0.0156316 0.000167127 0.100555 0.00023948 
0.065834 0.00703831 0.0122829 3.1455e-07 0.0604164 4.73418e-05 0.00189709 2.64704e-05 0.784339 0.0526894 0.00665884 8.36894e-05 0.00868331 3.00651e-06 
0.202627 0.0169181 6.20171e-06 0.0293991 0.0324969 0.0681791 0.00646585 0.0484939 0.336579 0.153987 0.0149813 0.000377747 0.0890666 0.000422873 
0.164526 0.0268962 0.00065399 0.00672481 0.0680679 0.000199725 0.0156344 0.00911427 0.28405 0.133801 0.0145267 0.00313185 0.272585 8.75909e-05 
0.0710278 0.000310413 0.000142152 7.44373e-05 0.0332665 0.0453369 0.000199039 0.0213971 0.609177 0.0576629 0.00664462 0.000119525 0.153373 0.00126812 
0.000969176 0.000245478 0.000333686 0.000151727 0.0148077 0.000602401 9.90396e-05 0.0176486 0.89326 0.000324625 0.00101624 0.00535038 0.0544976 0.0106931 
0.0118948 0.0597757 0.000240023 0.00123017 0.067145 0.000291675 0.00303554 0.000134956 0.647636 0.0304179 0.000623879 0.00111718 0.0234169 0.15304 
0.0180193 0.00280552 0.00270311 1.74054e-05 0.170586 0.0860866 0.000837945 0.00351303 0.330628 0.0728935 0.00334493 0.288499 0.0195548 0.000510926 
0.0194763 0.011544 0.0271053 0.000231837 0.00998228 0.000147883 0.00187238 0.00844733 0.783032 0.0358342 0.00825226 2.22228e-05 0.0773936 0.0166587 
0.0649304 0.0551141 4.6698e-06 4.66723e-06 0.0425064 4.66695e-06 0.0163471 4.67033e-06 0.57445 0.173297 4.66976e-06 0.010745 0.0434435 0.0191436 
0.0450378 0.000779758 0.00205509 1.93396e-06 0.0147104 0.00248499 0.00391959 0.000165111 0.867953 0.0234043 0.0159025 0.000313933 0.0230289 0.000242392 
0.0259229 0.00231872 0.0143276 2.16949e-07 0.00418211 0.0152328 0.00209222 0.002072 0.372493 0.0654023 0.138875 2.22499e-05 0.356365 0.000692949 
0.0516301 0.00187504 0.0103746 9.94263e-09 0.0293078 0.00802175 0.00725201 0.00375269 0.400051 0.216697 0.0445436 3.14471e-06 0.222691 0.00379966 
0.318202 0.273804 0.000832768 2.43289e-05 0.00786369 0.00048191 0.000748538 3.86293e-06 0.336983 0.0601915 6.84308e-06 1.24751e-05 0.000133817 0.000711842 
0.00344641 0.00946171 1.07137e-06 3.69024e-09 0.0126395 0.0102308 1.85897e-06 0.000579664 0.661539 0.00698285 5.5666e-06 0.00379823 0.0285247 0.262789 
0.110719 0.104178 0.199607 8.29559e-05 0.00932067 0.00853864 0.015606 0.0061992 0.218682 0.150482 0.0384908 8.01426e-05 0.138009 2.79731e-06 
0.161739 0.00782775 0.00477061 3.30917e-08 0.0271717 0.000537543 0.000747127 0.000113605 0.752558 0.0102458 0.000234022 0.000155642 0.0139695 0.0199299 
5.81464e-05 9.62549e-05 4.17769e-07 0.000114705 0.0276681 6.18831e-05 1.17785e-05 2.67877e-07 0.971278 0.000582742 4.292e-07 4.4447e-07 0.000126394 9.2454e-07 
0.00426925 0.0327469 0.0263062 0.00019666 0.00551299 0.000220359 0.00106171 0.0164396 0.735858 0.14109 0.00931878 1.5392e-05 0.0269205 4.40768e-05 
0.000424449 0.000296237 0.00143605 2.78222e-05 0.0115198 8.74763e-06 0.000946453 0.000265741 0.540095 0.43339 0.00292772 1.64522e-05 0.00825427 0.000391544 
0.148708 0.0187756 0.0155484 5.93193e-05 0.174643 0.00509823 0.00529555 0.135958 0.356433 0.096157 0.00132069 0.00121617 0.0355154 0.00527084 
0.188552 0.000541254 0.000165552 9.43913e-06 0.000269487 0.00023229 0.00105119 0.0095319 0.419511 0.0789071 0.000462864 4.30498e-06 0.300761 1.44628e-06 
0.0847086 0.0112572 0.00424831 1.04031e-09 0.0883525 7.05447e-07 0.00894523 0.0526471 0.328921 0.205573 0.00779752 0.00015672 0.203444 0.0039477 
0.00818024 0.000120586 0.000107373 2.88358e-07 0.0136477 5.67682e-10 2.62328e-10 6.48257e-08 0.953903 0.0195615 0.00128584 0.00116804 0.00202538 1.03494e-07 
0.0149413 0.00113859 0.0360885 0.000306331 0.00798055 2.21789e-08 0.000102251 0.00625958 0.757422 0.0798388 0.0297539 1.50473e-05 0.0661136 3.98128e-05 
0.1143 0.0200603 0.0563555 6.73254e-05 0.0475023 0.000149123 0.0329311 0.00865165 0.402921 0.25339 0.0060994 0.00262427 0.0536888 0.00125962 
0.191031 0.00966472 0.010667 0.000528762 0.216816 0.00834185 0.0013321 0.000530363 0.25297 0.205097 0.0182319 0.00433102 0.0773753 0.00308333 
1.01517e-06 0.0060111 0.000448116 0.00163068 0.0144034 0.00010934 0.00120955 0.000450221 0.95728 0.0145214 8.60069e-05 0.00162042 0.00187977 0.000348758 
0.214735 0.0112973 0.00918318 2.22831e-05 0.0206562 0.000158134 0.00721407 0.00479935 0.431116 0.246471 0.00250826 1.5299e-05 0.0501701 0.00165397 
0.276958 0.0292416 0.00279416 0.0218383 0.0266307 0.000705943 0.00925207 0.0072987 0.423942 0.139976 0.00636116 0.00264067 0.0521959 0.000165379 
0.305672 0.0415322 0.0154996 4.45551e-07 0.067622 0.00183758 0.000432389 0.0284225 0.333551 0.135734 0.00566536 8.5797e-05 0.0637591 0.000185095 
0.0317748 0.0241755 5.20646e-06 7.21699e-09 0.0750752 0.00125704 8.70545e-05 1.79794e-05 0.795544 0.0618706 0.00275531 9.25176e-05 0.00730795 3.67784e-05 
0.360949 0.011813 0.000755572 1.18693e-07 0.033604 6.62847e-07 0.00140705 0.00207821 0.404191 0.171786 0.00226388 0.000151128 0.0108568 0.000144029 
0.161759 0.00197835 4.15814e-05 1.88468e-06 0.00650089 0.000106037 0.000451223 7.69819e-05 0.741415 0.0474446 0.00191288 4.46209e-05 0.0381747 9.24579e-05 
0.047518 0.0994612 7.16677e-07 0.000102878 0.00346575 7.17447e-05 0.000220628 1.39131e-05 0.829795 0.0182857 7.36287e-07 2.30852e-05 9.73362e-05 0.000943636 
0.115337 0.00156637 0.000692481 3.20578e-06 7.24298e-05 0.000193938 0.000742981 4.89341e-05 0.87861 0.00163954 0.000229924 1.87821e-05 0.000842214 2.30001e-06 
0.0473476 0.0712848 0.10529 0.00166252 0.0714956 0.000941167 0.0299497 0.026372 0.315254 0.112385 0.145495 0.000128655 0.0629362 0.00945812 
0.0554779 0.00453131 0.0195132 0.00376261 0.0136618 0.00255784 0.00902977 0.00972373 0.406408 0.164633 0.0445503 0.000130595 0.260481 0.00553824 
0.0991749 0.0229908 0.000117061 2.36491e-08 0.00020038 0.00025771 0.00749727 7.62108e-06 0.754853 0.110518 0.00109719 6.52708e-05 0.00314479 7.60542e-05 
0.248061 0.0335634 0.00868958 0.000168191 0.105838 6.08864e-05 0.0132472 0.00153471 0.409252 0.0892249 0.0283516 0.000298511 0.061325 0.000384484 
0.115346 0.0130208 0.016647 0.000315186 0.163914 0.00231157 0.0189903 0.0237725 0.192785 0.164935 0.128185 0.0654095 0.0924653 0.00190245 
0.138554 0.00288255 0.0149636 1.62378e-05 0.0259581 3.02862e-05 0.00802763 0.194902 0.296456 0.0787596 0.057852 0.00151387 0.180002 8.21185e-05 
0.0155205 1.86757e-11 1.91488e-07 3.41069e-06 1.55111e-07 8.26206e-11 7.82714e-07 1.80538e-11 0.908182 0.00978647 0.0157781 1.25843e-07 0.0507284 6.23101e-11 
0.0489625 0.0926619 0.0480781 1.28425e-06 0.0566092 9.11978e-05 0.00275388 0.0015714 0.491494 0.175283 0.0142382 0.000221162 0.0574761 0.0105589 
0.146988 2.8866e-06 1.72795e-05 2.33362e-09 5.19208e-06 2.01416e-06 9.6974e-07 0.0020644 0.835561 0.00721693 0.000722466 0.00102317 0.00638509 1.04087e-05 
0.180322 0.018299 0.0267191 2.25536e-05 0.0713435 0.00117497 0.00113131 0.00340936 0.438477 0.173485 0.0515942 0.000441993 0.0333437 0.000236773 
0.0182162 0.0583214 0.00910889 2.73354e-05 0.0117242 0.000606836 0.00233313 0.0567706 0.650676 0.0593958 0.100574 1.17327e-05 0.0277215 0.00451247 
0.00211133 2.84592e-05 1.73618e-09 3.3443e-08 0.000698606 1.17726e-05 5.91152e-07 2.20405e-06 0.938165 0.0482946 0.00394091 0.000239854 0.00623778 0.000269055 
0.0264721 0.00698471 0.00286051 8.97893e-06 0.0147754 0.0105904 0.0665891 0.0206319 0.772279 0.0544053 0.000963426 0.000395444 0.0215044 0.00153925 
0.142546 0.0446328 0.00397448 0.000627439 0.206808 0.00241314 0.0120123 0.00134161 0.406649 0.0443176 0.000339332 0.00837133 0.125424 0.000544051 
0.00725672 0.00624431 0.00234279 0.00588404 0.0421758 0.00265338 0.0058431 0.00508398 0.736057 0.164349 0.00142664 3.54331e-05 0.00929859 0.0113493 
0.053839 0.105664 0.00713897 0.000138676 0.00767096 0.000975828 0.00702775 0.000359653 0.468657 0.0326224 0.244039 8.93356e-05 0.0716367 0.000141554 
0.031553 0.018977 0.189859 1.19105e-06 0.163992 1.0321e-05 0.0918838 0.0103083 0.25588 0.100417 0.0212393 5.77086e-05 0.100558 0.0152626 
0.00581708 0.0194561 5.20814e-05 0.00394517 0.0130307 5.78447e-06 0.00292612 0.00212979 0.846851 0.0637123 0.00807632 0.000174728 0.0327152 0.00110751 
0.0148081 1.07812e-05 0.0102888 6.56081e-06 0.0711855 5.60782e-05 0.0191385 5.68296e-05 0.832275 0.0478337 0.000776655 2.59504e-05 0.00353681 1.21681e-06 
0.171106 0.0119245 0.000494093 0.000239045 0.00448904 0.0283531 0.000688683 0.0768453 0.327009 0.263019 0.00602338 3.91214e-05 0.109739 3.08227e-05 
0.308404 0.00989698 0.00974426 6.43346e-08 0.0175987 5.22752e-08 1.39501e-06 1.41575e-06 0.392263 0.221784 0.014408 0.000150946 0.0257474 7.29948e-12 
0.0529247 0.00602803 0.0281079 0.000182866 0.0205287 0.000806397 0.0480291 0.0558865 0.578067 0.0949218 0.00810378 4.79585e-05 0.103453 0.00291226 
0.00438737 4.68321e-05 0.000174915 3.04283e-05 0.00851691 4.70753e-05 0.000214744 4.74267e-05 0.966136 0.000174838 0.000882883 4.76375e-05 0.0191403 0.0001527 
0.234401 0.0581566 9.70585e-07 0.00120199 0.00514228 3.45876e-05 0.0105626 0.00156648 0.369088 0.220145 0.00114666 0.000688026 0.0978046 6.20259e-05 
0.0356937 0.101136 0.000522941 4.75616e-05 0.167528 9.41154e-05 0.0192843 0.00511385 0.334925 0.295521 0.00211666 8.86961e-05 0.0339623 0.00396613 
0.206338 0.00157627 6.47566e-07 0.000577006 0.00698651 0.00150077 0.0122359 0.00346206 0.3583 0.231214 0.00479592 1.18819e-06 0.172963 4.87242e-05 
0.00221069 0.0203226 0.0444475 0.000160678 0.0703546 3.86711e-07 0.00916405 0.000363814 0.685923 0.13295 0.00589331 0.000454425 0.0277542 1.06184e-06 
0.0297528 0.0649242 6.24566e-05 0.00010543 0.00236366 0.000513537 0.00335658 0.00074466 0.596476 0.239581 0.00205015 1.18907e-05 0.0600544 2.88434e-06 
0.0917281 0.323543 2.63925e-07 4.99515e-07 0.00374988 4.62805e-07 0.0110849 3.38449e-07 0.452511 0.11375 3.55459e-07 0.000421557 0.000873571 0.00233688 
0.0470285 0.00212245 0.0195187 0.0592689 0.0566156 0.12082 0.00568058 0.00558278 0.366739 0.0713864 0.0163532 0.00463395 0.224236 1.35599e-05 
0.17598 0.0146042 3.85647e-06 4.53908e-07 0.00572757 0.000117573 0.0456111 5.86175e-06 0.644914 0.0576664 0.000701326 0.000392484 0.0236968 0.0305788 
0.195667 0.0596075 0.0198863 0.000508166 0.0150551 0.0023137 0.14577 0.00945709 0.200713 0.178387 0.0907304 0.00020622 0.0787634 0.00293437 
0.0317758 0.0122504 0.000152878 1.78278e-05 0.0178511 0.000259183 0.000753004 0.042665 0.624142 0.245154 0.00179609 0.000153612 0.0228474 0.000181732 
0.269123 0.162911 7.2646e-06 0.00810447 0.0203791 0.000234202 0.00676869 2.04604e-05 0.360243 0.134224 0.000822659 0.00243547 0.0336864 0.00104016 
1.3053e-05 2.48354e-05 4.83861e-05 7.9106e-09 1.46891e-09 8.45093e-09 6.44401e-05 1.84665e-09 0.294545 0.265976 0.186244 3.06402e-09 0.25307 1.46654e-05 
0.0331205 0.000323134 0.00556092 1.25142e-08 0.0011025 0.000326459 0.0017614 0.000208844 0.659426 0.0443177 0.220377 4.84712e-09 0.0334524 2.37603e-05 
0.169194 0.128932 7.59271e-05 2.46004e-06 2.01128e-06 9.30777e-05 0.00145567 3.65624e-06 0.575212 0.121589 0.000542944 0.000114205 0.00272128 6.17747e-05 
0.0310502 0.0224835 0.00070562 1.5213e-09 0.00168469 1.63057e-05 0.0207948 0.00329127 0.589182 0.249737 0.00401194 0.000141307 0.0768787 2.28535e-05 
0.00805291 0.000504261 4.61387e-05 5.92936e-08 0.0660832 0.00312027 2.92714e-08 0.000109709 0.889187 0.000625333 0.000457838 5.48018e-05 0.0314016 0.000357296 
0.031901 0.000101658 0.00508975 0.00125152 0.0334774 0.000136008 0.00685526 0.00350837 0.809044 0.0239827 0.0235119 0.000574131 0.0589781 0.00158774 
0.143268 0.0298165 0.0342191 3.781e-08 0.0349771 1.44054e-07 0.0237935 0.000542407 0.527401 0.0746147 0.00504794 3.0021e-05 0.126268 2.10994e-05 
0.0572778 1.90948e-09 6.26626e-05 7.90735e-09 0.190023 8.44746e-09 5.47941e-06 1.84589e-09 0.752599 2.4147e-05 1.59245e-06 8.34558e-07 8.70534e-10 5.77168e-06 
6.28446e-06 0.0252816 0.0122811 6.012e-06 4.67301e-05 7.68894e-06 0.00687376 2.34139e-06 0.750394 0.0420064 0.00523079 1.94749e-05 0.157843 1.69307e-07 
0.00108244 0.000751693 0.0116058 6.52997e-05 0.0541909 1.40582e-06 0.00407283 0.00768794 0.83506 0.0460717 0.0253736 2.11359e-09 0.008283 0.00575323 
0.0767467 0.0081017 0.0126692 4.1281e-05 0.0809022 0.00018807 0.00600153 0.0082167 0.338425 0.239798 0.0164376 0.000275587 0.212196 8.01085e-07 
0.176162 0.0277444 8.15632e-08 2.58853e-07 0.16366 0.000655002 0.00128721 3.51691e-06 0.471997 0.130927 0.000292306 0.00128616 0.0142336 0.0117508 
0.00192083 0.000128969 1.2331e-09 1.96896e-08 0.000223103 0.0125948 3.47523e-07 0.00144358 0.962673 0.00199964 0.0014132 0.00091402 0.0163201 0.000368646 
0.0149413 0.00113859 0.0360885 0.000306331 0.00798055 2.21789e-08 0.000102251 0.00625958 0.757422 0.0798388 0.0297539 1.50473e-05 0.0661136 3.98128e-05 
0.00750562 0.0522085 0.0637751 4.55511e-05 0.0477961 0.00846935 0.00788373 0.00927524 0.626422 0.0728751 0.0519872 0.000672141 0.0473516 0.0037325 
0.0600808 0.0289123 0.00217997 0.000529566 0.0435087 0.00100888 0.0171784 0.0539145 0.576379 0.104807 0.00844727 0.00110525 0.0743285 0.0276193 
0.0234694 0.0617547 0.00806571 2.17734e-06 0.27986 0.000463247 0.126091 0.00507153 0.417253 0.0233428 0.000441509 0.000790663 0.0486994 0.00469556 
0.000977307 1.81264e-09 2.73277e-09 7.50633e-09 4.15052e-06 1.60144e-06 3.70564e-09 1.75228e-09 0.997237 3.37987e-07 2.80755e-09 0.00177756 2.36182e-06 6.04774e-09 
0.0210296 0.128948 0.0126264 0.000245966 0.252722 0.16388 0.0135179 3.17285e-07 0.264334 0.0993732 0.000327028 0.00605542 0.0277648 0.00917477 
0.158536 0.00658245 0.000308678 0.000408144 0.00903481 0.000144028 0.000179042 0.000229658 0.543368 0.0786866 0.0659281 4.06501e-05 0.136265 0.000289313 
0.0634406 0.0219577 0.0225553 0.000243384 0.126456 0.000184685 0.0162643 0.00199341 0.65833 0.0451771 0.00249889 0.0191532 0.0215915 0.000153482 
0.0514225 0.0122978 0.00813636 7.27406e-05 0.00245226 0.00324712 0.00174371 0.13999 0.629586 0.0413038 0.0107222 0.000601407 0.0980722 0.000351951 
2.89383e-06 2.89344e-06 2.89314e-06 0.000292047 0.0370408 0.0138815 2.89282e-06 2.89347e-06 0.841705 0.0347291 0.00810359 0.0173614 0.0254681 0.0214039 
0.00858558 0.0486751 0.0732589 2.11462e-05 0.116004 0.00124051 0.0069521 2.9758e-05 0.492024 0.20115 0.00763572 0.000776535 0.0200616 0.0235854 
0.0674265 0.00502994 0.0323879 3.14167e-05 0.00932674 5.11733e-05 0.000706856 8.4081e-05 0.753624 0.0958625 0.0233657 1.44335e-05 0.00705374 0.00503467 
4.50238e-05 4.50178e-05 4.5013e-05 4.49882e-05 4.502e-05 4.49855e-05 4.5008e-05 4.50182e-05 0.882392 4.5024e-05 4.50126e-05 0.0945703 4.50229e-05 0.0225429 
0.0181907 0.0115164 1.23325e-05 1.88943e-05 0.0329802 0.000523735 0.00214634 0.000422679 0.889121 0.0376953 0.000301135 0.000167239 0.0060238 0.000880631 
0.0250853 0.00212327 4.76014e-07 1.29089e-10 0.00662878 2.83766e-05 4.82732e-07 0.0103556 0.834796 0.0340709 0.0152512 3.37278e-07 0.0711671 0.000491983 
0.0171652 0.0876226 0.000461034 1.2754e-05 0.0486866 9.29054e-05 0.00463669 0.071752 0.524112 0.0533538 0.00322152 0.000214836 0.187617 0.00105059 
0.0248044 0.327813 0.00423506 8.00609e-08 0.0196775 1.79727e-06 0.000241905 0.000413558 0.375069 0.231566 0.00282443 6.42725e-07 0.0125465 0.000806092 
0.00193036 0.00066054 0.0182181 6.52338e-08 0.0294804 3.34078e-07 0.00112164 0.0246845 0.791606 0.0149521 0.00303282 0.000342334 0.11396 1.05555e-05 
0.0348515 0.00451741 4.72835e-05 1.2835e-06 0.00532903 0.0264709 0.00274132 0.060804 0.704814 0.037492 0.00480774 0.00105591 0.104919 0.0121483 
0.120361 0.0932105 9.09785e-05 3.29456e-05 0.0215143 0.0225974 0.0120624 0.000788217 0.554067 0.0214267 0.146616 0.000113669 0.00707617 4.23445e-05 
0.163973 0.00275443 0.000161851 6.60217e-06 0.00841107 0.000131507 0.000173543 0.00017332 0.751702 0.0159794 0.000380238 5.6365e-05 0.0560943 3.27473e-06 
0.00728203 0.000645326 6.37719e-05 5.95415e-10 0.000392259 6.36085e-10 4.40671e-08 3.73591e-07 0.988446 0.000392593 2.4426e-06 0.00277418 8.9189e-07 4.79718e-10 
0.0423103 0.0233258 0.000314418 4.23148e-06 0.108124 0.00027376 0.00181973 0.00725332 0.483661 0.25854 0.00343235 4.3402e-05 0.070715 0.000182156 
1.92019e-05 5.19594e-07 1.07444e-05 5.34228e-07 0.000217091 0.055573 9.27788e-06 0.00669248 0.640659 0.0045552 0.0138804 0.000209747 0.226666 0.0515062 
0.000781918 0.00911947 0.0254486 1.15487e-06 0.0584469 0.00022627 0.00403517 0.00206135 0.744528 0.040046 0.0984755 0.00102394 0.014475 0.0013311 
0.00685626 2.14103e-07 8.74913e-11 2.16998e-07 7.59607e-05 0.0535928 3.83895e-06 0.00722606 0.882968 0.0100038 0.00614256 0.000225848 0.0329031 1.74969e-06 
0.0121001 0.00656938 0.000111833 0.00018319 1.15394e-06 0.000392966 0.10808 7.35722e-05 0.632312 5.05898e-05 0.0141553 0.000126668 0.140371 0.0854716 
0.0119625 0.00278455 7.77737e-10 2.13627e-09 0.00378124 0.000142932 0.00068272 1.40525e-07 0.758828 0.0483054 0.00104318 5.28484e-06 0.0165634 0.155901 
0.0234316 0.000564089 6.68442e-11 1.09931e-07 0.00185009 0.0103528 1.94375e-06 0.00713707 0.835354 0.0483189 0.00222639 7.1968e-07 0.0673716 0.00339094 
0.00549817 0.00258572 1.24911e-09 5.33162e-07 3.94095e-07 6.20968e-05 3.91153e-06 2.72688e-07 0.988753 0.000206451 1.28329e-09 0.000299492 0.0025889 7.55934e-07 
0.0302639 0.122125 0.00678288 0.000154446 0.00142572 0.000191175 0.00182611 0.00013185 0.734282 0.0891557 0.00515587 0.000481287 0.00789374 0.000130943 
1.17211e-10 7.95015e-07 4.75862e-10 1.30709e-09 0.00268752 0.0239056 6.45269e-10 9.39165e-08 0.938356 0.000219324 0.00118893 0.00414987 0.0279944 0.00149706 
0.00518043 0.00113987 0.000498368 8.70519e-07 0.00850054 0.000148215 4.18887e-05 0.000529238 0.949116 0.0160441 0.000733776 0.00218688 0.0115666 0.00431324 
0.00120053 0.00285208 2.11017e-05 5.99376e-05 0.0130174 0.000197396 0.00169261 0.00041418 0.938538 0.020103 0.000986733 0.000603998 0.0203129 1.7799e-07 
0.000645262 0.00157655 0.0445913 3.9849e-05 0.0036349 1.81817e-05 8.79281e-05 4.21042e-05 0.939043 3.30223e-06 0.00287551 0.000219265 0.00704149 0.000181622 
0.0546671 0.00679638 0.0208251 0.00332409 0.128594 0.0124637 0.00632425 0.019303 0.451369 0.0970473 0.0103841 0.00161808 0.0893625 0.0979216 
0.000969176 0.000245478 0.000333686 0.000151727 0.0148077 0.000602401 9.90396e-05 0.0176486 0.89326 0.000324625 0.00101624 0.00535038 0.0544976 0.0106931 
0.026896 0.00127865 0.00138418 0.000427571 0.0019215 0.000128119 0.0636897 0.0546002 0.691431 0.104055 0.0217833 1.7771e-05 0.0302333 0.00215346 
2.09375e-05 4.20765e-10 0.0034557 7.68429e-05 3.94761e-06 1.86145e-09 1.76346e-05 4.06752e-10 0.688114 1.5101e-05 4.80317e-05 2.70634e-07 0.308248 1.40385e-09 
0.00171925 0.000101166 2.05579e-09 2.57226e-06 0.00567884 7.10419e-05 2.78765e-09 1.12365e-05 0.98465 1.16897e-06 0.000593482 0.000357639 0.00671961 9.40998e-05 
0.0475709 3.40035e-08 6.07316e-07 2.9412e-08 0.000469451 3.41298e-11 6.34641e-05 6.30891e-07 0.926294 0.000575812 2.59317e-07 1.55015e-08 0.0249712 5.32235e-05 
0.0568272 0.0229152 2.33353e-05 0.00343861 0.00715924 0.154793 0.00152612 0.00133854 0.545343 0.0704721 0.0433917 0.000174945 0.092303 0.000293265 
0.058088 0.000828028 0.00617545 2.28457e-06 0.0424442 0.0491794 0.00644735 0.0545138 0.481809 0.217163 0.00480767 0.000795963 0.0755766 0.00216904 
0.037771 0.0437516 0.00740064 0.0180577 0.0461472 0.00806923 0.0477917 0.00702652 0.551257 0.110703 0.0312558 0.00021267 0.0889023 0.00165287 
0.298556 0.030159 0.00490425 5.00632e-08 0.0642616 0.000195465 0.00197194 0.00872532 0.545622 0.0192608 0.000779293 1.23395e-05 0.0247723 0.00077994 
0.00138607 7.31731e-07 1.10317e-06 0.000306048 5.62667e-07 3.23715e-06 1.4959e-06 7.07362e-07 0.99696 2.35314e-07 1.13336e-06 1.17368e-06 0.00133472 2.44136e-06 
0.0259047 0.000290114 0.0144743 1.29159e-05 0.0103138 0.00124602 0.00409455 0.0179544 0.63267 0.070056 0.139397 4.58105e-05 0.0822643 0.00127647 
0.031555 0.00274034 1.19376e-07 3.78933e-07 0.0625322 0.000680675 0.00125878 0.000192549 0.620478 0.0383396 0.180209 0.00104312 0.0497972 0.0111734 
5.78054e-05 0.0110713 0.00303083 0.000274893 0.0124753 4.15701e-06 0.000237945 0.0002487 0.626408 0.107532 0.0522177 1.34143e-05 0.185657 0.000770041 
0.201995 7.79756e-05 0.000461433 2.73916e-07 0.00450942 0.000615577 3.0741e-05 7.26112e-06 0.426211 0.0321881 0.260328 1.3903e-05 0.0735611 5.78026e-07 
0.00332153 0.0327922 0.12793 6.17012e-05 0.127742 2.64245e-06 0.0103491 0.00975085 0.597025 0.0231119 0.0164586 0.000307389 0.0199796 0.0311668 
0.0693254 0.0567084 0.0114127 8.88665e-06 0.0201153 0.00127702 0.023579 0.00912975 0.625308 0.144872 0.0299562 2.85789e-06 0.00807851 0.000226257 
0.0714849 0.0386929 0.0534635 1.47372e-05 0.302312 0.00218037 0.00924711 0.000436744 0.326435 0.0287793 0.00838493 0.00412611 0.0610886 0.0933543 
0.289417 0.0428765 0.0337093 7.7641e-07 0.0273395 0.00282391 0.000716448 0.000779783 0.490943 0.0790871 0.00314893 0.000178885 0.0289531 2.57459e-05 
0.139419 0.0191274 0.144078 0.00404308 0.0470323 0.000119623 0.0134065 0.00708864 0.419866 0.142431 0.0119038 0.00569217 0.0393416 0.00645065 
0.0116098 1.64807e-06 4.01302e-09 1.10229e-08 2.07658e-05 1.17758e-08 5.46642e-06 2.57318e-09 0.957772 0.0292826 4.91212e-05 5.24967e-08 0.00125812 8.88097e-09 
0.0313662 0.00199627 2.35179e-05 1.24166e-05 0.00812986 0.00110311 0.000505983 0.0264109 0.812595 0.0120749 0.00724943 0.000334258 0.0981472 5.11823e-05 
0.0979047 0.0761084 5.02469e-05 3.0399e-07 0.0190208 9.63684e-05 0.00914025 8.7495e-05 0.536621 0.0618828 0.031187 0.000477275 0.119839 0.0475842 
0.0298819 0.00661969 0.000318768 1.782e-06 0.0138982 0.000133078 0.00250487 9.29137e-05 0.91844 0.0144837 0.000781664 0.000947508 0.0117319 0.000163736 
0.0415623 0.00233609 0.126786 5.19349e-08 0.0201602 5.68557e-08 0.0026885 0.000835466 0.490644 0.22738 0.00850157 0.000122563 0.0757465 0.00323673 
0.000424449 0.000296237 0.00143605 2.78222e-05 0.0115198 8.74763e-06 0.000946453 0.000265741 0.540095 0.43339 0.00292772 1.64522e-05 0.00825427 0.000391544 
0.0347116 0.00645362 6.3966e-11 2.6993e-05 0.000299629 0.0757127 5.67321e-07 0.00412071 0.727673 0.104033 0.000521083 0.000319201 0.0461276 2.58651e-07 
0.193734 0.025643 0.000856035 9.30214e-05 0.102288 0.0408771 0.00045424 0.0282394 0.361435 0.13968 0.0022527 0.00106376 0.101141 0.00224323 
0.0303389 0.000153663 0.000121819 4.98442e-07 0.0245044 5.32488e-07 0.000280561 1.99848e-05 0.767475 0.171792 1.70517e-05 1.57786e-05 0.00525112 2.8658e-05 
0.177684 0.0665737 0.000113074 0.00184117 0.0887086 0.000254853 0.00692832 0.0146691 0.324585 0.182391 0.0108458 1.24612e-05 0.124633 0.000760018 
0.0251682 0.00459103 9.65592e-07 3.06374e-06 0.0387569 0.000291927 0.000516141 8.05562e-05 0.769476 0.027862 0.0975918 0.0011677 0.0299022 0.00459102 
0.125432 0.00214218 0.0419908 0.000883436 0.0711657 3.1251e-05 0.000158591 0.00343017 0.607155 0.0371068 0.00921245 0.00123016 0.0999479 0.000113046 
0.0816499 0.0508452 0.00961913 0.000101785 0.0409669 0.000559505 0.0143216 0.0202232 0.503723 0.158079 0.0199348 0.00033618 0.0834891 0.0161507 
0.042757 0.000221371 1.7607e-05 1.14781e-06 0.00607466 0.053387 0.00227887 0.0112007 0.759596 0.0428496 0.0123455 0.000404561 0.0685819 0.000283765 
0.0958237 0.0421274 0.00631237 5.32833e-05 0.0472569 0.00116755 0.00542164 0.000343172 0.498696 0.267496 0.00436356 0.000354284 0.0300388 0.000545795 
0.124693 0.0141798 0.00249412 0.0130766 0.0681338 0.00937457 0.00170428 0.0765517 0.436287 0.0986712 0.0216579 0.0102399 0.121363 0.00157258 
0.0603045 0.0238337 0.000322235 1.54661e-05 0.0175709 5.51141e-05 0.0111965 0.000335736 0.502704 0.122841 0.00472663 0.000155882 0.255763 0.000175549 
0.0601464 0.195702 0.0509291 4.04652e-05 0.069432 0.000129113 0.00908476 0.00313339 0.304241 0.166333 0.0701197 7.28226e-05 0.0706137 2.2521e-05 
0.028068 0.00542074 0.000997899 0.0140251 0.0169272 0.000336808 0.00580709 0.000762761 0.827698 0.019129 0.00618747 0.000153355 0.0703205 0.00416565 
0.00760743 0.000292544 1.79863e-08 5.8425e-07 0.0466005 0.000723478 0.000225186 0.00560293 0.834675 0.00162951 0.00157054 0.000339405 0.100733 3.76145e-08 
2.4953e-06 6.43766e-05 1.95212e-07 5.36204e-07 9.95669e-08 2.97274e-05 2.64707e-07 3.56151e-05 0.994356 1.72315e-05 0.000213437 1.97826e-05 0.00524548 1.42761e-05 
0.0147289 0.00559596 0.00343979 0.00134905 0.00847484 0.000526996 0.0165362 0.0144768 0.779296 0.0123094 0.013645 0.0037026 0.0667669 0.0591521 
0.0165644 0.00344904 0.000256036 0.000185996 0.00023324 1.2406e-05 0.00132529 4.94257e-06 0.930015 0.0300001 0.000612992 5.51174e-06 0.0173199 1.48121e-05 
0.107089 0.11413 0.00148422 0.000366639 0.0509391 0.00296763 0.00311517 0.00206373 0.396034 0.117803 0.00186991 0.00415946 0.0112036 0.186775 
0.0714401 0.189306 0.0994167 6.48991e-06 0.0215828 0.0208131 0.00813358 0.00211847 0.361359 0.202756 0.00859853 0.000186908 0.0118919 0.00239095 
0.0385467 0.00131608 0.0348073 0.000785053 0.00184899 0.0447382 0.000334658 0.00702168 0.687599 0.0914348 0.00325559 8.99832e-05 0.0882168 5.52402e-06 
0.00677397 0.000650321 0.00749845 7.54272e-08 0.00571509 4.16883e-05 0.00122947 0.00576648 0.944707 0.00532181 0.00628424 0.000189638 0.01519 0.000631986 
0.0365474 0.0540855 0.0478232 0.000247514 0.0424781 1.92282e-05 0.000327519 0.000441821 0.443089 0.110713 0.00329972 0.00053253 0.0210744 0.239321 
0.0051032 0.000853446 0.000459228 6.24282e-05 0.00145084 0.0626149 0.00452246 0.02827 0.535999 0.00886932 0.0172839 0.000202994 0.333893 0.000415825 
8.63627e-07 2.24512e-07 3.02852e-07 8.15477e-11 1.51424e-11 8.71178e-11 4.02575e-11 5.53978e-07 0.97043 1.54393e-06 0.00166278 3.1586e-11 0.0279039 6.57018e-11 
0.0492315 0.00925501 0.00121555 1.92597e-10 0.221145 2.05753e-10 4.80796e-07 2.68064e-07 0.46964 0.0469577 0.0235007 0.00246457 0.000573199 0.176017 
0.0770667 0.144521 0.0148614 0.0106129 0.0095537 0.000308254 0.000698079 9.17253e-05 0.699199 0.0160193 0.0137781 3.89425e-05 0.0131991 5.09651e-05 
4.67117e-11 1.99275e-06 0.00149048 4.71585e-05 0.0041932 1.83626e-06 2.57157e-10 1.85445e-06 0.947908 0.0434263 0.000285999 0.00171748 0.000830091 9.60965e-05 
0.137041 0.01874 0.00356006 0.000331509 0.11189 0.122126 0.00331358 0.000709974 0.301805 0.233772 0.00575033 0.00205337 0.0499568 0.00895118 
0.00114283 0.00741818 0.00780286 1.65777e-05 0.00818 1.76807e-08 0.00237684 0.000222351 0.785574 0.0403379 0.022023 0.000227786 0.0849192 0.0397589 
0.0266657 0.0864384 0.000209659 0.000210632 0.0840522 0.00042932 0.00494774 0.00118982 0.627361 0.0596132 0.0053548 0.00116556 0.0996048 0.00275712 
0.113047 0.140476 8.50579e-08 8.45123e-05 0.000788722 8.54104e-05 0.00041659 8.20276e-06 0.726094 0.0173783 0.000294398 0.000583917 0.000495841 0.000246768 
0.265056 0.0187777 0.00749083 6.77413e-05 0.0127708 0.00119164 0.00606383 0.0200827 0.448225 0.104394 0.00986004 0.000142999 0.0974489 0.00842732 
0.043802 0.000747855 1.59014e-08 2.59163e-06 0.000183812 0.00614197 0.00013707 0.000672589 0.7611 0.0486733 0.0339867 2.31147e-05 0.104529 3.51905e-08 
0.0859189 0.0852867 0.00260043 0.000120068 0.00183964 0.00462864 0.0189824 0.0699385 0.444509 0.0490798 0.00382661 0.00011008 0.196393 0.0367661 
0.0951214 0.0535881 0.000120913 0.00508008 0.0794321 0.00898911 0.00124388 0.00677621 0.556955 0.0738573 0.00792465 0.00065391 0.109047 0.00121055 
0.064035 0.147559 0.000802082 2.75027e-05 0.00955011 1.61403e-05 0.000147217 0.000931286 0.567396 0.0594905 0.000542815 0.0137942 0.00734406 0.128365 
0.0399158 1.3076e-05 0.00801902 1.40685e-07 0.000962251 6.73288e-05 0.00345952 0.000644784 0.535093 0.232829 0.0853144 8.45009e-07 0.0936812 3.85905e-10 
0.332676 0.0331651 0.0873082 6.46198e-08 0.00506463 1.01423e-05 0.000250265 2.56733e-05 0.40466 0.065221 0.000215986 1.33913e-06 0.0713908 1.10578e-05 
0.00260965 1.26236e-07 2.70048e-07 1.59859e-11 0.000887435 3.2465e-08 2.73852e-07 3.24551e-06 0.977677 1.08414e-06 0.00697939 0.00124387 0.0105976 1.94496e-07 
0.298556 0.030159 0.00490425 5.00632e-08 0.0642616 0.000195465 0.00197194 0.00872532 0.545622 0.0192608 0.000779293 1.23395e-05 0.0247723 0.00077994 
0.130383 0.00626765 0.000223984 9.54705e-05 0.0548987 6.62933e-05 0.000365186 0.0777699 0.570566 0.0801171 0.0150115 0.000807967 0.0577355 0.00569149 
0.00911977 0.00429116 5.11052e-05 7.55359e-08 0.0145519 2.46849e-05 0.000633384 0.0899455 0.48143 0.197263 0.0389297 9.58809e-05 0.163608 5.67613e-05 
0.0019019 9.04337e-05 0.121875 0.000152375 0.00193113 1.04168e-06 0.00305537 7.39046e-05 0.858277 0.000159928 0.00798209 0.000475871 0.00255349 0.00147065 
0.0229442 0.000116183 1.15237e-11 2.86408e-08 0.00059566 0.0757564 5.06692e-07 0.0313512 0.726512 0.00999491 0.00910351 0.000872188 0.122753 2.30937e-07 
0.0301725 0.0557749 0.000721754 0.000863263 0.0137317 8.54386e-05 0.0050736 0.000603153 0.724214 0.134083 0.00696637 9.42663e-05 0.0267701 0.000846017 
0.106358 0.000999435 0.000137086 3.75043e-05 0.220839 0.00212085 0.000468379 0.00113474 0.270998 0.043397 0.0024517 0.256681 0.0943732 3.11172e-06 
0.043297 6.61533e-05 0.0014046 6.95311e-09 0.230954 4.31504e-06 4.79945e-06 0.000133868 0.629 0.0106468 6.48832e-05 2.69316e-09 0.0587163 0.0257075 
0.00348783 0.00370138 5.04696e-06 2.44194e-07 3.57286e-06 6.88681e-08 5.64182e-07 5.2429e-06 0.708861 0.0474566 2.15494e-06 1.28734e-07 0.236476 1.91526e-08 
2.4307e-06 0.00106975 4.66099e-08 4.67465e-08 0.0607884 0.00115295 2.62785e-11 4.22904e-07 0.871015 0.00341705 1.94248e-08 0.06112 2.32475e-08 0.00143398 
0.0981853 0.012975 0.0141189 0.000136485 0.120585 0.000404784 0.0904839 0.00756997 0.280353 0.152312 0.154304 0.000149642 0.0682891 0.000133318 
0.143821 0.245244 1.05857e-05 0.000256897 0.000565902 0.00273452 0.00045655 0.000126432 0.420729 0.10412 0.0112776 3.98044e-06 0.0704815 0.000171251 
0.00791694 0.00205209 0.0264308 0.000181883 0.00369488 3.66824e-07 0.000877337 4.32298e-08 0.947534 0.00590723 0.00164029 5.17522e-05 0.00323883 0.000473014 
0.0503013 0.0466117 0.0108192 3.24226e-07 0.101523 4.86439e-05 4.50801e-06 3.86676e-05 0.346743 0.251083 2.03347e-06 0.00180147 0.00287939 0.188144 
0.181818 0.00787527 0.124381 0.000617259 0.121132 0.0116247 1.75204e-06 1.83789e-08 0.501407 0.0366287 1.47162e-11 1.31216e-06 0.014432 8.14064e-05 
