0.0528596 0.0123108 0.00115744 0.00337177 0.0858822 0.000200413 0.00853637 0.0210229 0.517897 0.0356687 0.0426697 1.67859e-05 0.164193 0.0542132 
0.026896 0.00127865 0.00138418 0.000427571 0.0019215 0.000128119 0.0636897 0.0546002 0.691431 0.104055 0.0217833 1.7771e-05 0.0302333 0.00215346 
0.124936 0.00847019 2.66643e-07 8.38059e-05 0.00181798 0.000171262 0.000336393 9.31033e-05 0.694716 0.13617 0.0053015 9.49557e-05 0.0276009 0.000208034 
0.00967373 4.45981e-08 1.81452e-11 4.5201e-08 0.000524521 1.59253e-05 7.99663e-07 2.98152e-06 0.974197 2.05031e-06 7.2588e-07 0.00100679 0.0136618 0.000913879 
6.10447e-11 1.64388e-10 2.47835e-10 2.68217e-08 0.000206003 1.3412e-06 3.36064e-10 1.35069e-06 0.929997 0.00155371 0.0334202 0.00161645 0.025312 0.0078921 
0.0196975 0.000497219 2.78354e-05 5.98556e-09 0.0733183 0.00166602 0.0221259 0.00133728 0.631855 0.00153968 0.00509259 0.00566607 0.237176 6.10214e-07 
0.0879971 0.00248301 0.00952023 1.17198e-05 0.00278742 0.000314811 0.0203159 2.72814e-05 0.651408 0.0252963 0.0163979 0.000137468 0.183303 4.18924e-08 
0.0677134 0.00453451 5.41401e-05 3.02525e-05 0.0178756 4.43006e-06 0.00105365 4.36487e-07 0.814058 0.0711103 0.0109477 6.37436e-06 0.0126045 6.39515e-06 
0.0288732 0.00310996 0.0183553 9.8979e-05 0.0700024 0.000631643 0.0157294 0.000193393 0.562449 0.104455 0.12233 0.00242169 0.0710814 0.000268232 
0.000389235 0.000331077 0.000737315 0.000489241 4.2252e-06 2.43085e-05 0.000626276 5.31174e-06 0.996458 0.000293785 0.000485132 8.81343e-06 0.000129017 1.83328e-05 
0.0967536 0.00928081 0.0266773 0.00405707 0.0803421 0.0111372 0.0525216 0.00629577 0.313787 0.129795 0.0684193 0.000420578 0.198979 0.00153321 
0.0516559 0.0105527 0.000848607 0.0010723 0.000452557 1.20051e-05 0.00272135 0.000216524 0.73496 0.0463762 0.112403 9.321e-07 0.0387258 1.93886e-06 
0.0672699 0.018981 0.000653036 0.0221967 0.172424 0.00346483 0.00652002 0.0263936 0.351484 0.307641 0.00127632 0.00128319 0.0173228 0.00308905 
0.0214981 0.00103596 0.0128607 8.57195e-05 0.1512 0.0143954 0.00170826 0.0262116 0.440728 0.0894899 0.0315878 0.0552795 0.142316 0.0116042 
0.107554 0.000455173 0.00107213 0.000333715 0.00936356 0.000252192 0.0369455 0.000489181 0.408983 0.352903 0.0034595 0.000168103 0.0780145 6.61635e-06 
0.156568 0.00197801 0.00410704 0.00146279 0.00562594 0.00319746 0.0344575 0.0398261 0.43321 0.140823 0.029282 0.000259416 0.149203 9.3425e-07 
0.031555 0.00274034 1.19376e-07 3.78933e-07 0.0625322 0.000680675 0.00125878 0.000192549 0.620478 0.0383396 0.180209 0.00104312 0.0497972 0.0111734 
0.0417304 0.0108493 0.00101411 4.86059e-06 0.25766 0.000488567 0.0135772 0.000227414 0.492035 0.0742742 0.0410039 0.000264996 0.0668638 5.97846e-06 
0.190798 0.00965375 0.00643777 4.34346e-06 0.0671857 0.000652442 0.00586505 0.00251728 0.454102 0.178107 0.0116612 0.000211544 0.0651697 0.00763401 
0.0475709 3.40035e-08 6.07316e-07 2.9412e-08 0.000469451 3.41298e-11 6.34641e-05 6.30891e-07 0.926294 0.000575812 2.59317e-07 1.55015e-08 0.0249712 5.32235e-05 
0.0144194 0.0987164 6.88019e-06 0.0047485 0.00962241 0.000506185 0.0075864 0.000116643 0.69675 0.0468157 0.025979 0.000165711 0.0732406 0.0213265 
0.0113669 0.0045443 0.0657881 5.45012e-08 0.0102632 1.48303e-05 0.00156342 0.000487769 0.820602 0.0136114 0.00795783 3.30926e-05 0.0637648 2.27434e-06 
0.0206796 0.00691243 0.000289261 2.76169e-07 0.0176002 0.0558597 0.000617326 0.00502419 0.771453 0.0309321 0.000586445 0.00118467 0.0719822 0.0168784 
0.00724316 0.00601628 0.0169905 9.99815e-08 0.00885719 1.12029e-05 0.000633579 0.00315053 0.888545 0.0618671 0.000105377 2.61162e-06 0.00629883 0.000278283 
0.0076152 0.00383073 0.0221959 1.63764e-08 0.00167137 0.000544442 9.56383e-05 0.000562603 0.899031 0.0403014 0.00256966 6.25029e-05 0.0215162 3.21347e-06 
0.0506599 0.120957 0.00505331 9.06379e-05 0.25249 0.0124209 0.0225654 0.0121497 0.2698 0.182929 0.00199187 0.000438514 0.0566153 0.0118388 
0.156135 0.195751 0.00482945 0.00175073 0.00514117 0.000142662 0.0537126 0.0053224 0.382101 0.100406 0.000351259 0.000372819 0.0932752 0.000708371 
0.298556 0.030159 0.00490425 5.00632e-08 0.0642616 0.000195465 0.00197194 0.00872532 0.545622 0.0192608 0.000779293 1.23395e-05 0.0247723 0.00077994 
0.0206437 0.000510985 0.0121169 2.89485e-09 0.0213868 0.000878263 2.20878e-07 0.000164326 0.850236 0.0632604 0.00171911 0.0005185 0.0284485 0.000116257 
0.0391973 0.0516487 0.00882029 1.9257e-07 0.0310139 0.044348 5.83323e-05 0.000636406 0.714442 0.0276041 0.000513312 0.00497229 0.0766363 0.000109111 
0.0854613 0.115335 0.0324465 0.000277631 0.117292 0.00277604 0.0122068 0.000413179 0.373316 0.219435 0.010337 0.000272668 0.0236579 0.0067727 
0.025488 0.000570913 8.2965e-05 0.00823897 0.0882416 0.0504101 7.46987e-05 0.00817766 0.534892 0.0356535 0.0108375 0.00118467 0.233816 0.00233117 
5.93465e-05 0.00794208 2.08547e-07 5.72834e-07 0.0527607 3.22003e-05 0.00342829 9.34346e-05 0.855814 0.0544445 0.0128937 2.35055e-05 0.0123316 0.00017636 
0.221792 0.0597962 0.00248195 0.000347163 0.0229489 3.53751e-05 0.0232435 0.032309 0.371104 0.117203 0.0140011 1.62373e-05 0.134708 1.32806e-05 
0.00384565 8.03068e-05 4.6628e-05 2.75867e-07 0.00218958 0.00350588 0.000151555 6.23992e-05 0.918607 0.00471931 0.0118641 0.000234308 0.0546929 2.22262e-07 
0.0361943 0.02501 2.96665e-05 5.2733e-05 0.00662427 0.000171016 0.000984214 8.40493e-05 0.535602 0.37606 0.00105231 1.2607e-06 0.0127002 0.0054338 
0.0747035 0.00231227 0.000114206 1.73636e-05 0.104304 0.00028589 2.1299e-05 0.0198994 0.619395 0.127875 0.00458844 0.000444919 0.0430601 0.00297864 
0.172543 0.0808129 1.82798e-05 2.21218e-05 0.00497239 0.00910492 0.00220302 0.00143482 0.58423 0.134499 0.0016861 0.000287185 0.00775817 0.00042801 
0.0240441 0.000923071 0.00029749 1.86746e-07 0.0527097 0.000604521 0.00487766 0.00897952 0.77432 0.063277 0.00894099 0.0045177 0.0554017 0.00110614 
0.00365001 0.00350479 0.0322493 1.54273e-06 0.0179268 4.95162e-07 2.17786e-05 7.15131e-07 0.857579 0.0108468 0.0349274 0.000344244 0.018057 0.0208902 
0.0419798 3.30755e-06 2.86783e-06 1.65709e-09 0.171968 0.000119731 0.00605911 0.00305528 0.495997 0.264763 2.72703e-06 1.62608e-06 0.00742366 0.00862368 
0.0680718 0.00465058 0.00084982 9.98818e-05 0.0506347 0.0327207 0.00169279 0.000105244 0.611059 0.0473359 0.0348098 0.00019363 0.147556 0.000220215 
0.102646 0.0241778 0.0160041 0.000112825 0.225778 0.0596365 0.00702953 0.000440201 0.393686 0.0858592 0.00295839 0.012228 0.0689345 0.000508486 
0.169608 0.0303422 0.00799243 5.00835e-05 0.0345357 0.000479306 0.000517481 2.84431e-05 0.575389 0.0848132 0.0250208 0.000263916 0.0654152 0.00554438 
0.0376644 0.0364974 0.00278281 0.00012739 0.0312212 0.0114059 0.00373176 0.00592242 0.52208 0.0792477 0.0023811 0.220642 0.0244189 0.0218769 
0.0756435 0.0612449 0.0307214 1.30884e-07 0.0241395 0.000506133 0.0102874 8.79048e-05 0.38561 0.187229 0.0945835 0.000352203 0.0481103 0.0814842 
2.0115e-06 5.4168e-06 8.16648e-06 2.24315e-05 4.16527e-06 0.00721307 1.10737e-05 5.23641e-06 0.99185 1.74197e-06 0.000847383 8.68843e-06 2.46952e-06 1.80727e-05 
0.0315721 0.000860008 0.000751155 0.00469344 0.0117025 0.00121658 0.00251223 0.00409955 0.724329 0.0237687 0.0172755 2.88439e-05 0.176882 0.000308718 
0.0212154 0.00325606 0.00275313 3.80524e-07 0.00906837 0.00485637 0.00086341 0.0216071 0.418795 0.156018 0.00814428 0.000142932 0.352737 0.000543286 
0.101004 0.000831084 0.0812096 4.08398e-06 0.00577784 0.00637583 0.00193345 0.00210916 0.522653 0.269798 0.00284314 0.000317725 0.00513961 3.36436e-06 
0.0243139 0.0864255 0.000797146 0.000536078 0.0627932 0.000109673 9.12187e-05 0.00169293 0.741714 0.0298424 0.0114905 0.00349817 0.0366804 1.51676e-05 
0.000577264 1.55446e-05 1.02333e-09 1.57437e-05 1.61808e-05 0.00555198 0.000278776 0.00103943 0.990832 0.000714792 0.000253055 0.000103213 0.000475227 0.00012705 
0.0120325 0.0250068 0.00176262 0.00113026 0.312229 0.000204313 0.0127375 0.0532441 0.390479 0.131697 0.00175864 0.00956844 0.048142 7.62573e-06 
0.161739 0.00782775 0.00477061 3.30917e-08 0.0271717 0.000537543 0.000747127 0.000113605 0.752558 0.0102458 0.000234022 0.000155642 0.0139695 0.0199299 
0.0026588 8.16694e-05 4.71928e-07 1.8915e-10 0.0184328 0.116767 1.45361e-07 2.74561e-05 0.792378 0.00501731 0.000439874 0.0314237 0.0273522 0.0054208 
0.0619907 0.00284775 0.0203389 2.20514e-06 0.0312639 0.000130588 0.0120108 0.00879866 0.292348 0.282635 0.0886791 0.00048015 0.198471 3.62849e-06 
0.0704181 0.028778 0.00193534 6.64153e-08 0.0196086 0.0547014 0.00552512 5.55333e-05 0.62234 0.0691267 0.000771621 0.000316073 0.12512 0.00130293 
2.4307e-06 0.00106975 4.66099e-08 4.67465e-08 0.0607884 0.00115295 2.62785e-11 4.22904e-07 0.871015 0.00341705 1.94248e-08 0.06112 2.32475e-08 0.00143398 
0.00728203 0.000645326 6.37719e-05 5.95415e-10 0.000392259 6.36085e-10 4.40671e-08 3.73591e-07 0.988446 0.000392593 2.4426e-06 0.00277418 8.9189e-07 4.79718e-10 
0.0503768 0.00248819 2.58302e-05 1.0102e-05 0.000927999 2.8325e-05 1.42237e-06 0.00855345 0.703529 0.0953576 0.000479119 3.24107e-05 0.137631 0.000558529 
0.0967481 0.119454 0.00732347 0.000232648 0.0580199 0.0174594 0.00727807 0.0100703 0.282936 0.273491 0.0125273 0.00024671 0.0998058 0.0144063 
0.0432863 0.0645334 0.00808038 5.07896e-09 0.0832855 5.42587e-09 0.017033 0.00315211 0.651531 0.00191047 1.89965e-09 8.53104e-07 0.127187 2.97089e-07 
0.134315 0.0154564 0.115902 0.000534629 0.0248702 0.00802424 0.0300185 0.000174804 0.433035 0.19762 0.0141892 2.89022e-07 0.02586 1.60116e-07 
0.00239315 6.864e-07 2.53863e-08 7.70166e-10 0.0172023 0.000351204 0.000710318 4.80645e-07 0.965867 0.0083753 5.39116e-05 0.00161058 0.00343509 1.50206e-07 
0.0819665 0.154214 5.54201e-05 3.21219e-05 0.0313363 0.00219365 0.00151823 0.000308685 0.404273 0.261652 0.00151471 9.24276e-05 0.0589435 0.00189884 
0.0928298 0.00145473 0.0416142 0.00613434 0.0143712 1.9699e-07 0.00124435 5.10854e-05 0.708642 0.0729272 0.0303926 7.36019e-05 0.0300515 0.00021304 
0.0555918 0.00445202 4.15407e-07 0.0046887 0.0459774 1.93375e-05 0.00300357 0.000663489 0.811034 0.0404221 0.000252992 0.000136907 0.0321809 0.00157596 
5.57764e-06 0.0189671 0.000563208 5.57324e-06 0.0184102 0.00557849 5.57569e-06 5.57695e-06 0.903462 5.57768e-06 5.57626e-06 0.0395967 5.57754e-06 0.0133836 
0.256727 0.00989715 0.000623846 0.0563715 0.0443023 0.000228308 0.0345054 0.0116451 0.404889 0.0226543 0.0814868 9.52523e-06 0.0765968 6.3122e-05 
0.00798332 0.000810405 0.0210041 5.91702e-06 0.031246 0.000155409 0.000328657 0.00111921 0.808809 0.043491 0.0138192 0.00164538 0.0693957 0.000186224 
0.298556 0.030159 0.00490425 5.00632e-08 0.0642616 0.000195465 0.00197194 0.00872532 0.545622 0.0192608 0.000779293 1.23395e-05 0.0247723 0.00077994 
0.030112 0.016889 0.0162541 0.000808424 0.074403 4.46235e-05 0.00467856 0.00249552 0.605251 0.1075 0.00223278 0.00228383 0.131225 0.00582212 
0.00987115 3.49825e-05 8.42575e-11 3.32367e-08 0.000280893 0.0331026 5.84647e-07 0.018851 0.570817 0.00299967 0.00273211 0.00068272 0.360301 0.000325803 
3.52218e-10 9.48493e-10 1.42997e-09 3.9278e-09 7.29347e-10 4.20029e-06 1.93903e-09 9.16906e-10 0.996796 3.05022e-10 1.48378e-07 0.00319925 4.36744e-08 3.16457e-09 
0.00806379 0.0443498 0.0193004 0.0194546 0.201841 1.82979e-06 0.00133237 0.00246215 0.364455 0.136191 0.00143428 0.110793 0.090321 4.90804e-07 
0.0795333 0.01028 0.0077107 1.10069e-05 0.0268215 0.000752681 0.00515776 0.0143594 0.558519 0.246622 0.0174271 0.000550601 0.029273 0.00298165 
0.0811584 0.00709886 0.00679914 5.14676e-05 0.0536796 0.000762044 0.0154938 0.00397989 0.52646 0.0399869 0.100137 0.00108546 0.162709 0.000597996 
9.67368e-07 7.31206e-07 3.86581e-07 1.31077e-10 0.00672004 4.48235e-07 2.97723e-07 5.2048e-08 0.99145 8.7541e-07 5.24625e-07 2.48824e-07 1.2123e-07 0.0018258 
0.000226233 5.16726e-09 0.00133993 2.13981e-08 0.0444192 2.28597e-08 7.07866e-05 0.00766908 0.945739 0.000160026 8.24432e-05 8.28816e-09 0.000293294 1.72402e-08 
0.125034 0.0729105 0.0266241 5.72368e-06 0.0264143 0.00975825 0.013706 0.00398789 0.588392 0.0610735 0.00322105 0.000105229 0.0634993 0.00526829 
0.0853767 0.0174672 0.0014041 7.05958e-05 0.0115363 0.0168006 0.00366782 0.00845199 0.589375 0.149256 0.0156316 0.000167127 0.100555 0.00023948 
0.1174 0.057147 0.000787883 0.0101998 0.0203881 0.00143918 0.0146406 0.00225942 0.536138 0.120384 0.00265187 5.63415e-06 0.109113 0.0074463 
0.254974 0.0277494 0.0189643 0.00143422 0.0376205 0.00124974 0.0141465 0.013835 0.322829 0.161099 0.0245744 0.00113041 0.119045 0.00134828 
0.000969176 0.000245478 0.000333686 0.000151727 0.0148077 0.000602401 9.90396e-05 0.0176486 0.89326 0.000324625 0.00101624 0.00535038 0.0544976 0.0106931 
0.022439 0.0052719 0.00935241 0.000291556 0.0817044 0.0344482 0.00652591 0.00792769 0.718222 0.0283602 0.0271065 0.000415661 0.0535665 0.00436799 
0.131945 0.0354954 0.00662729 0.00078267 0.129725 0.00102677 0.00108376 0.0475868 0.358703 0.186147 0.00972474 3.1854e-07 0.083368 0.00778394 
0.0626727 0.00153046 0.0432472 4.30278e-07 0.0107835 0.000131453 0.0208933 3.66986e-08 0.644177 0.0753183 0.101485 0.000146048 0.0344908 0.00512396 
0.0182639 0.0469926 0.0449447 0.0125071 0.124253 1.27602e-06 1.27666e-06 0.0296264 0.517416 0.125031 0.0259201 0.012769 0.0422728 1.27631e-06 
0.0960439 0.0326677 0.0166964 7.93104e-06 0.192999 0.000622488 0.0525278 0.0397927 0.308685 0.112298 0.0174719 0.010803 0.104049 0.0153354 
0.0394389 0.1598 0.00722493 0.000189654 0.0330154 2.41152e-07 0.00477647 0.00294278 0.357118 0.280541 0.0075511 0.000191725 0.107089 0.000121523 
0.185189 0.0605477 0.0221514 7.00521e-05 0.0618509 0.000520381 0.0115881 0.00628601 0.535151 0.0200113 0.0151248 0.0139227 0.0616802 0.00590608 
0.0929675 0.00136033 0.000818653 8.15096e-05 0.186455 0.00151067 0.000328132 0.00503874 0.302624 0.179904 0.00690207 0.000430131 0.0843696 0.13721 
0.131277 1.38013e-06 0.0118343 1.98823e-06 9.22748e-11 1.64625e-06 0.0922999 1.16004e-10 0.49191 0.056355 0.0458119 1.92478e-10 0.170504 1.92219e-06 
0.00612094 0.0051285 0.440246 0.000179397 0.015604 7.36546e-12 0.000629629 0.000302123 0.510851 5.3541e-13 0.00891605 6.94863e-05 0.0118411 0.000112536 
0.00189002 3.63924e-07 2.03131e-10 5.57957e-10 8.60034e-07 5.96068e-10 9.91882e-07 1.30249e-10 0.935589 2.59114e-06 7.01218e-06 2.16114e-10 0.0625091 4.49538e-10 
0.00959215 0.000277126 0.0224494 3.67888e-05 0.00534728 4.88204e-05 0.000384875 0.000725149 0.912884 0.00447795 0.0345574 0.00020496 0.00888649 0.000127094 
0.0287206 4.13554e-08 1.74268e-08 4.18852e-08 0.000486488 1.47707e-05 0.00318992 0.121125 0.62331 0.0496354 0.00498265 2.74593e-07 0.168535 3.38011e-07 
0.119066 0.0139198 0.00389065 4.42245e-05 0.0935621 0.000133689 0.0122276 0.000612253 0.699509 0.0374845 0.0112784 0.000113007 0.00811475 4.46024e-05 
0.0319128 0.0307352 0.00646024 0.0016343 0.0233695 0.0071554 0.00196681 0.00578536 0.748677 0.0140153 0.0703004 0.000439883 0.0320171 0.0255308 
0.0266142 0.00680482 0.00383008 2.28199e-09 0.142004 0.000104856 0.00065114 7.4309e-05 0.702379 0.0391729 0.00548929 3.94453e-06 0.0049231 0.0679489 
0.00221069 0.0203226 0.0444475 0.000160678 0.0703546 3.86711e-07 0.00916405 0.000363814 0.685923 0.13295 0.00589331 0.000454425 0.0277542 1.06184e-06 
0.0529337 0.0166448 0.0032194 0.0186474 0.084335 0.0453284 0.0129094 0.0117911 0.414516 0.0476837 0.00928059 0.00117186 0.280597 0.000941079 
0.00122867 0.0012285 0.00122837 0.0012277 0.00122856 0.00122762 0.00122824 0.00122852 0.984032 0.00122868 0.00122836 0.00122835 0.00122865 0.0012279 
2.4307e-06 0.00106975 4.66099e-08 4.67465e-08 0.0607884 0.00115295 2.62785e-11 4.22904e-07 0.871015 0.00341705 1.94248e-08 0.06112 2.32475e-08 0.00143398 
0.00450543 0.00652582 0.00179301 0.000187192 0.0850686 0.000452274 0.00066291 0.00436635 0.78589 0.0163189 0.053374 0.000552752 0.0403028 4.0386e-07 
0.0500765 0.00030296 0.00715626 0.00173593 0.103682 0.0126666 0.0259003 0.00922091 0.749525 0.0217324 0.000730813 0.0019868 0.0143542 0.000930126 
0.000892543 0.0157294 0.00620904 0.000886633 0.0625202 5.82795e-06 0.00181665 0.123285 0.280497 0.157165 0.149394 4.77491e-05 0.191857 0.00969406 
0.01605 0.000766402 0.000222246 5.56789e-08 0.00118785 0.000161874 0.00017498 0.0278813 0.757535 0.13045 0.00324884 8.64461e-05 0.061723 0.00051217 
0.14797 0.0172113 0.00682161 0.000425802 0.0365809 0.000214762 0.0140783 0.0461496 0.364903 0.0605424 0.0440227 0.00131667 0.259547 0.000216175 
0.107171 0.0110669 0.0152972 5.0771e-06 0.043176 0.000891047 0.00154484 0.046321 0.635319 0.0096227 0.0281907 0.000183995 0.10116 5.06464e-05 
0.116079 0.0179841 0.00162757 0.000541349 0.0107834 0.0148258 0.00812285 0.00693694 0.504595 0.160565 0.0311757 4.52478e-05 0.126138 0.000579677 
0.0210318 0.00696256 0.0454999 0.0205147 0.0359735 7.3668e-09 0.00233994 0.0209839 0.803491 0.00418224 0.00695512 2.02082e-05 0.0318598 0.000185518 
0.0755347 0.000862298 3.44838e-05 2.08464e-07 0.021406 0.0166002 0.000107034 0.00706059 0.414965 0.286857 0.0127167 0.000692113 0.162988 0.00017656 
0.00418348 0.00021969 0.00116989 1.01624e-07 0.00115168 9.39656e-05 8.913e-05 4.54817e-05 0.971137 2.64676e-07 0.0201965 6.01847e-05 0.00161662 3.57288e-05 
0.0437075 0.0963534 0.00650614 0.00162382 0.00701235 0.000342784 0.0100051 0.000199976 0.73104 0.0404024 0.0139381 2.24415e-05 0.048845 8.83264e-07 
0.0697889 0.00724831 0.00377397 0.000196625 0.0931998 0.0098926 0.0046454 0.0136399 0.573984 0.0555787 0.017532 0.000832706 0.149602 8.47271e-05 
1.18151e-11 3.1817e-11 4.89321e-07 1.31757e-10 5.45612e-07 1.40757e-10 6.50445e-11 0.00223857 0.982193 2.02602e-07 5.37207e-07 5.10338e-11 0.0155656 9.97965e-07 
0.278345 0.00824047 0.0014245 0.00385594 0.0262262 0.000117674 0.00410101 0.00108264 0.344542 0.0361495 0.0591108 0.000186885 0.236583 3.46901e-05 
0.0620053 0.000309995 0.000722008 2.42927e-05 0.000793947 7.85169e-08 0.0013183 0.000124306 0.815676 0.000717029 0.006505 1.0782e-08 0.111454 0.000349358 
0.0263713 0.00166757 1.38446e-09 3.80282e-09 2.88581e-06 1.16395e-06 0.00278078 8.87728e-10 0.779101 0.0218667 0.012052 9.97804e-08 0.156155 1.07095e-06 
0.190297 0.000536311 0.00018504 0.0159453 0.000318452 0.179579 0.00857938 0.00675827 0.393351 0.159856 0.00453696 0.0001992 0.0397804 7.78911e-05 
0.0097356 8.53913e-08 0.00112289 2.60833e-05 0.0890028 0.000288944 0.00159388 0.00907925 0.682736 0.0142711 0.00473469 8.66197e-05 0.0179958 0.169326 
0.00177086 0.00308243 0.0287248 6.99108e-08 0.00296978 7.46861e-08 3.45128e-08 3.35117e-06 0.937676 0.00119611 0.0171817 0.00030818 0.00109967 0.00598678 
0.00853785 0.0173456 0.0446244 0.0548689 0.0448649 0.00272623 0.0518364 0.0229611 0.385395 0.191257 0.0333821 7.60309e-05 0.134673 0.00745082 
0.000424449 0.000296237 0.00143605 2.78222e-05 0.0115198 8.74763e-06 0.000946453 0.000265741 0.540095 0.43339 0.00292772 1.64522e-05 0.00825427 0.000391544 
0.25161 0.0121298 3.61642e-08 2.12262e-07 0.0123709 3.64551e-05 0.000470704 1.13806e-07 0.479767 0.235528 0.00678816 8.43561e-07 0.00114988 0.000147906 
0.0139868 1.55588e-09 4.52745e-05 0.000422623 0.0695226 0.0047674 3.18073e-09 8.6699e-05 0.88368 4.59318e-09 2.12319e-05 0.00132804 0.0261388 7.27059e-07 
0.149792 0.0303856 0.00081185 4.07488e-05 0.00261463 0.102671 0.000474129 0.0685266 0.259802 0.219407 0.0128536 0.00082836 0.107101 0.0446917 
0.0191964 0.0539048 0.00583651 1.47856e-06 0.0825975 0.00180126 0.000146102 3.46687e-05 0.590808 0.0297586 0.00139844 0.000926792 0.0122003 0.201389 
0.119876 0.0279932 1.31044e-11 3.13064e-07 0.00625544 0.000607961 0.000644152 0.00623867 0.552424 0.182364 0.00183963 0.00192101 0.00629302 0.0935424 
0.0272942 0.00213592 3.90321e-06 0.00690716 0.0255446 0.00218365 0.00403326 0.00923314 0.541433 0.0517482 0.0629439 2.35465e-05 0.266516 2.04688e-07 
0.0344048 0.0028059 0.018923 0.00135427 0.00223598 0.0558074 0.000425356 0.00278165 0.466723 0.125104 0.0397598 0.000111922 0.0490395 0.200524 
0.0319925 0.000261154 4.13641e-05 0.001286 0.0335052 0.000174727 3.84622e-05 0.000266741 0.6203 0.0873855 0.0612477 0.000420669 0.160453 0.0026268 
1.46323e-08 3.94034e-08 0.000813913 1.63174e-07 0.00759307 0.00120298 0.00527635 0.000693297 0.977099 0.00320593 6.10309e-08 0.00046144 0.00195811 0.00169605 
0.351068 0.0149557 2.04862e-12 2.19513e-08 0.00202094 1.98985e-07 1.93902e-07 7.84308e-05 0.51631 0.104242 0.00118211 6.08116e-08 0.0100721 7.0188e-05 
0.271333 0.0138506 0.00847267 0.00383933 0.0282942 0.00746751 0.00764179 0.0128443 0.386234 0.113293 0.0499215 0.00021537 0.0956878 0.000904499 
0.0159197 0.119461 0.0017649 0.00529921 0.280386 5.79032e-05 0.0312083 0.000208571 0.436213 0.0609943 0.013316 0.00780221 0.026315 0.00105403 
0.110671 0.0695889 0.00657808 0.000442293 0.0118927 0.00272893 0.00613281 0.00071521 0.675447 0.0116356 0.0117802 0.000435348 0.0919167 3.54786e-05 
0.12658 0.000884127 0.000997573 1.8132e-07 0.00704886 0.113691 0.0134156 0.00579747 0.32993 0.203339 0.0147668 5.82014e-05 0.183487 3.77572e-06 
0.0140806 0.0272438 0.000232255 0.000136875 0.0731401 2.05469e-05 0.00453471 0.015099 0.822842 0.0162185 0.000676274 4.99531e-06 0.0256253 0.000144932 
0.0428268 0.0906405 0.00451233 0.00120134 0.0159997 0.00021201 0.00859368 0.000410327 0.675879 0.0759843 0.0198863 0.000121894 0.063696 3.60309e-05 
0.051922 0.0593638 0.00202616 0.0014634 0.0210646 0.000211598 0.00253231 4.32749e-08 0.656606 0.000412164 0.00770573 2.65602e-05 0.169289 0.0273769 
0.00426925 0.0327469 0.0263062 0.00019666 0.00551299 0.000220359 0.00106171 0.0164396 0.735858 0.14109 0.00931878 1.5392e-05 0.0269205 4.40768e-05 
0.0164836 0.000551788 0.011789 6.32293e-06 0.0696544 0.00223391 6.67028e-05 0.00223419 0.61339 0.131151 0.0920754 0.000175004 0.0601146 7.39328e-05 
0.094234 0.112112 0.0448143 0.00244355 0.0914599 0.00081061 0.0254365 0.00348175 0.234032 0.113248 0.000393228 0.000326744 0.0444718 0.232735 
0.0318411 0.00168186 0.0039476 0.00166042 0.048727 0.00178851 0.00124342 0.0111484 0.700293 0.0630668 0.0127669 0.00350614 0.115755 0.002573 
2.4307e-06 0.00106975 4.66099e-08 4.67465e-08 0.0607884 0.00115295 2.62785e-11 4.22904e-07 0.871015 0.00341705 1.94248e-08 0.06112 2.32475e-08 0.00143398 
0.138554 0.00288255 0.0149636 1.62378e-05 0.0259581 3.02862e-05 0.00802763 0.194902 0.296456 0.0787596 0.057852 0.00151387 0.180002 8.21185e-05 
0.0800213 6.83833e-05 0.00116229 1.69014e-05 0.0303381 9.64299e-05 0.0143196 3.75627e-05 0.72553 0.000767081 0.00669193 9.42932e-05 0.140856 2.08553e-07 
0.00709369 1.77531e-06 6.14541e-08 2.84182e-08 0.00222053 0.00075863 0.00015267 3.21817e-06 0.971783 0.000109259 0.00147022 9.95514e-05 0.0163078 4.0454e-09 
0.03219 0.00157379 0.00203397 0.000494658 0.0234987 0.00047908 0.00153555 0.000478638 0.795378 0.0510251 0.0194118 0.000144396 0.0715378 0.000218888 
0.0215266 0.0765434 0.0268994 6.54006e-06 0.104201 0.000288184 0.00273714 0.00561365 0.662869 0.0574942 0.0132034 0.000184463 0.0283329 0.000100315 
0.0297376 0.0312503 1.24025e-06 1.07254e-05 0.00402415 0.0112034 0.00622236 0.000103484 0.832617 0.0485551 0.00100364 0.000496636 0.0185069 0.016268 
0.0264721 0.00698471 0.00286051 8.97893e-06 0.0147754 0.0105904 0.0665891 0.0206319 0.772279 0.0544053 0.000963426 0.000395444 0.0215044 0.00153925 
0.0140906 8.85851e-06 2.87262e-10 7.40002e-07 0.000131402 0.0462425 8.31366e-05 0.0159028 0.623842 0.0899848 0.0602895 7.87468e-07 0.149422 9.69587e-07 
0.00270607 6.99284e-09 1.05425e-08 2.8958e-08 5.86165e-05 3.0936e-08 1.42957e-08 1.14987e-05 0.997178 2.2488e-09 3.90024e-05 1.12164e-08 7.01689e-06 2.33311e-08 
0.126481 0.0165007 0.00111734 0.000831734 0.230241 0.000520206 0.00412974 0.0411837 0.235554 0.111836 0.0266645 0.00531196 0.192368 0.00726091 
0.0279243 0.00333215 0.00026973 0.00119443 0.229188 0.000461323 2.79197e-05 0.000671489 0.567704 0.111889 0.000857773 0.0255534 0.0292501 0.00167613 
7.69002e-07 8.93169e-08 6.91422e-10 6.2745e-07 4.64981e-07 0.000122039 2.95312e-06 2.05735e-07 0.998661 3.00504e-09 7.10342e-10 0.000597211 0.000613906 8.90938e-07 
0.0204674 0.0308236 0.2151 6.70556e-05 0.169536 5.65543e-05 0.0470038 0.00034274 0.287359 0.0751014 0.106196 1.51105e-05 0.0478267 0.000103947 
1.58935e-06 5.6308e-10 8.48911e-10 2.33177e-09 0.089522 5.25635e-05 1.15112e-09 1.36137e-06 0.902137 2.35421e-06 8.72139e-10 9.39385e-06 2.56709e-10 0.00827411 
0.031555 0.00274034 1.19376e-07 3.78933e-07 0.0625322 0.000680675 0.00125878 0.000192549 0.620478 0.0383396 0.180209 0.00104312 0.0497972 0.0111734 
0.292835 3.66716e-06 3.91489e-06 6.23632e-06 2.9701e-06 1.80057e-10 3.96065e-06 0.00230008 0.617713 0.0181238 5.42779e-06 0.000333249 0.068669 1.63089e-07 
0.0034114 6.42978e-10 9.69366e-10 2.66263e-09 0.0176576 2.84451e-09 1.31446e-09 6.21565e-10 0.978732 2.06773e-10 9.95891e-10 0.000186568 6.68377e-06 5.57981e-06 
0.0534679 0.0488684 0.00966908 7.99115e-05 0.0421821 2.20733e-05 0.00686904 0.000178704 0.718858 0.0164475 0.00529625 4.25189e-05 0.0977759 0.00024286 
0.00677397 0.000650321 0.00749845 7.54272e-08 0.00571509 4.16883e-05 0.00122947 0.00576648 0.944707 0.00532181 0.00628424 0.000189638 0.01519 0.000631986 
0.0725951 0.000909579 0.000161588 5.08358e-06 0.00189519 6.96811e-05 0.000990357 0.01549 0.732564 0.0768362 0.0107451 6.05755e-05 0.0876743 2.9838e-06 
0.137195 0.0598349 0.00096274 5.66716e-05 0.0449641 0.000692575 0.00355676 0.0334391 0.355086 0.147839 0.0305565 0.000654665 0.177876 0.00728563 
0.0313222 0.000438575 3.22353e-07 8.58884e-08 0.0541044 0.00171853 1.21733e-07 3.17761e-05 0.539472 0.0915871 0.0200467 0.0019063 0.258695 0.000676677 
0.000337129 0.00140349 0.000103547 7.46049e-07 0.00986481 0.000162184 0.00385373 0.00457953 0.926161 0.00901877 0.00827982 6.03429e-05 0.0361341 4.04523e-05 
0.0813513 0.00609349 0.051289 8.04309e-07 0.0205834 0.000107033 0.0387837 0.00113425 0.460025 0.187165 0.00483511 0.000117783 0.148226 0.000288688 
0.284523 0.00535895 5.34789e-07 1.7075e-05 0.0040021 0.00400899 0.000192803 0.0333693 0.463591 0.0877697 0.00737513 9.16712e-05 0.109688 1.08068e-05 
1.30668e-05 0.00452407 8.88772e-05 9.33723e-07 0.0235056 0.0011019 2.38985e-05 0.000301805 0.944971 0.00527651 0.000228057 3.6166e-07 0.0199472 1.63603e-05 
0.0917281 0.323543 2.63925e-07 4.99515e-07 0.00374988 4.62805e-07 0.0110849 3.38449e-07 0.452511 0.11375 3.55459e-07 0.000421557 0.000873571 0.00233688 
0.0638119 0.0744431 0.0709226 0.0016134 0.135083 6.40541e-05 0.0157522 0.0229627 0.375205 0.161684 0.0416876 0.00884447 0.023825 0.00410046 
0.000424449 0.000296237 0.00143605 2.78222e-05 0.0115198 8.74763e-06 0.000946453 0.000265741 0.540095 0.43339 0.00292772 1.64522e-05 0.00825427 0.000391544 
1.80136e-05 7.29015e-06 5.16e-10 2.08949e-07 0.000155421 1.88318e-06 1.83432e-06 1.58091e-07 0.985909 0.00858835 2.15483e-07 0.00316048 0.000852932 0.00130434 
0.148526 0.0158858 0.00242993 8.90805e-05 0.125376 0.00231391 0.00511373 0.00123203 0.588481 0.0972903 0.00106796 0.00012107 0.0105442 0.00152964 
0.00426925 0.0327469 0.0263062 0.00019666 0.00551299 0.000220359 0.00106171 0.0164396 0.735858 0.14109 0.00931878 1.5392e-05 0.0269205 4.40768e-05 
0.125895 0.0323209 0.0168834 5.6243e-05 0.121091 0.188255 0.00807966 0.00916027 0.277586 0.152574 0.00226437 0.023831 0.0273198 0.0146835 
0.0621689 0.00036825 0.000321318 1.9127e-05 0.326048 0.00664035 0.00983086 3.95325e-07 0.429503 0.0738853 0.000820403 0.0903824 1.14137e-05 3.41976e-07 
0.0565227 0.000129091 6.96069e-09 1.44854e-05 0.00104119 0.0149525 0.000766095 0.00233507 0.84948 0.0459734 0.00134295 0.000364036 0.0246355 0.00244267 
0.0200896 0.270139 0.00141796 1.7937e-09 0.133175 0.000101115 0.0121111 0.000891988 0.444791 0.0368557 0.00250153 0.000324833 0.0776002 6.73096e-07 
0.140116 0.115982 0.000190646 0.0107133 0.0779925 0.0104978 0.00177411 0.0256891 0.371712 0.132681 0.00396333 0.0143666 0.0939459 0.000376256 
0.244674 0.00392499 0.0301353 1.38252e-06 0.00493689 4.10604e-10 8.77983e-07 0.000659792 0.570457 0.0853836 0.0113068 0.000322454 0.0481961 6.24007e-07 
0.111402 0.00462091 0.00236133 0.000359807 0.00613015 0.0018589 0.00448478 0.067515 0.596683 0.139006 0.010225 0.000119505 0.048634 0.00659942 
0.122179 0.0845571 0.0132186 1.73241e-06 0.0592429 0.000965941 0.0033449 3.17084e-05 0.332626 0.105974 0.00107295 0.00418139 0.0731066 0.199496 
0.342456 0.000866231 1.0108e-06 6.86193e-06 0.104211 0.000252562 0.0770187 0.00252849 0.439531 0.0300646 0.000497228 0.000610532 0.00139941 0.000555329 
0.0727637 0.00751973 0.0332614 0.0172873 0.056338 0.00824531 0.0018844 0.00386933 0.545498 0.0943328 0.0377313 9.63149e-06 0.114703 0.00655519 
0.0756436 7.21503e-05 4.47683e-06 2.60053e-05 0.00352214 0.0175597 2.88426e-05 0.00599671 0.753283 0.00659192 0.000164401 9.83204e-05 0.137003 5.99897e-06 
0.0101807 0.0946143 0.00974393 0.0025866 0.236313 3.46626e-05 0.11235 0.00881778 0.292572 0.160899 0.0401361 3.50778e-05 0.0316972 1.9184e-05 
0.0843154 8.61557e-07 0.000236746 1.28842e-07 0.0490834 0.296765 0.005386 0.00990608 0.367093 0.0643391 0.00142929 0.0015356 0.118945 0.000964802 
0.0029558 0.00083091 1.90069e-11 5.22076e-11 0.00134398 5.57737e-11 2.57733e-11 2.09634e-07 0.868552 0.0365619 6.56125e-07 1.41754e-08 0.0897545 1.85119e-07 
0.0825651 3.25008e-05 0.00349862 3.32873e-06 0.001689 0.0475134 0.000847291 0.00384819 0.559257 0.246772 0.00210886 3.84418e-05 0.05168 0.000146606 
0.101018 0.0904103 0.0117238 2.69926e-08 0.00349754 0.00408878 0.022412 0.000666208 0.497357 0.0155984 0.0336691 2.7405e-06 0.147456 0.0720992 
0.0600808 0.0289123 0.00217997 0.000529566 0.0435087 0.00100888 0.0171784 0.0539145 0.576379 0.104807 0.00844727 0.00110525 0.0743285 0.0276193 
0.0110699 0.00119817 0.22222 6.95944e-10 0.0423365 1.90282e-06 3.43566e-10 0.0016411 0.250381 0.243747 0.0477729 2.36359e-07 0.179631 5.60712e-10 
0.130244 0.0025657 0.00038285 9.5592e-11 0.0341863 5.94907e-05 0.000358563 4.75141e-05 0.785313 0.0421764 0.000211634 7.00484e-05 0.00438036 3.93775e-06 
0.0336059 0.098923 0.00992351 0.000668181 0.0154974 1.21693e-06 0.120094 6.8557e-06 0.356915 0.0470638 0.296413 4.26753e-08 0.0208701 1.8327e-05 
0.0210296 0.128948 0.0126264 0.000245966 0.252722 0.16388 0.0135179 3.17285e-07 0.264334 0.0993732 0.000327028 0.00605542 0.0277648 0.00917477 
0.00818024 0.000120586 0.000107373 2.88358e-07 0.0136477 5.67682e-10 2.62328e-10 6.48257e-08 0.953903 0.0195615 0.00128584 0.00116804 0.00202538 1.03494e-07 
0.104374 0.0117797 0.0639601 1.18112e-07 0.0402672 1.75225e-11 0.00245624 0.0753184 0.353167 0.134165 0.0356479 6.22666e-08 0.178864 9.26378e-09 
0.052592 0.00174282 0.010288 0.000478926 0.0872565 5.59813e-05 0.00209713 0.0128086 0.673576 0.0861587 0.0286747 0.0176668 0.02607 0.000533907 
2.4307e-06 0.00106975 4.66099e-08 4.67465e-08 0.0607884 0.00115295 2.62785e-11 4.22904e-07 0.871015 0.00341705 1.94248e-08 0.06112 2.32475e-08 0.00143398 
0.0279075 0.0645904 0.134334 2.15215e-06 0.028899 0.000169211 0.157286 0.00160871 0.258864 0.213602 0.00219383 2.70747e-05 0.110265 0.000251259 
0.0680233 0.0474476 0.0442541 0.000121646 0.12797 0.000463496 0.0137992 0.0126108 0.423759 0.170936 0.00941298 0.000229172 0.0477722 0.0332012 
0.00900394 0.0241244 0.0337105 6.17622e-07 0.265374 3.43594e-06 0.00492494 0.00342646 0.492241 0.0567361 0.0587148 0.0018146 0.0499241 1.84801e-06 
0.0796632 0.0197083 0.00184562 0.000114752 0.0181328 0.037524 0.00769655 0.00330087 0.578368 0.123424 0.0100602 0.000269301 0.119819 7.36069e-05 
0.0399203 0.00135072 0.0230822 0.00189292 0.122418 0.000179312 0.00424649 1.52519e-07 0.485509 0.108501 0.0325039 0.00203419 0.178168 0.000193478 
0.080363 0.0224159 0.109653 0.119668 0.0343565 7.89332e-06 0.0191254 0.013535 0.344198 0.10821 0.0782696 0.00649573 0.0629883 0.000714864 
0.00302299 0.00879422 5.4741e-05 7.35159e-05 0.0129715 0.000231772 5.05659e-05 7.71179e-05 0.972995 1.93311e-05 1.13578e-05 0.000871722 0.000826296 5.7864e-08 
0.224532 7.90344e-05 0.00210083 3.55469e-05 0.0869 7.25172e-10 0.0950951 0.00496972 0.51724 0.0328355 0.0128636 8.09184e-05 0.0232676 1.05307e-08 
0.0932226 0.0312052 0.0167724 0.000425401 0.0293292 0.000379646 0.012725 0.0155959 0.560046 0.0525628 0.067449 1.44907e-05 0.119944 0.00032871 
0.0784643 0.0442486 0.00788349 0.0018446 0.0779023 0.000923503 0.0140885 0.00692978 0.611445 0.0707354 0.00820535 0.00144801 0.0648638 0.0110174 
1.37155e-05 0.0448496 0.00407051 0.000946144 0.145124 1.44181e-05 0.0165564 4.02318e-09 0.565497 0.0948638 0.107398 6.6754e-09 0.0206652 1.06936e-06 
0.21468 0.126175 0.0207455 8.4836e-09 0.00894715 6.00277e-05 0.0156975 0.000307246 0.421006 0.0709582 0.0411899 1.26402e-07 0.0790836 0.00114913 
0.223816 0.0965735 0.0143069 0.000677665 0.130941 0.00323929 0.0277569 0.0297959 0.242953 0.104259 0.0130675 0.00133999 0.110289 0.00098406 
0.0929675 0.00136033 0.000818653 8.15096e-05 0.186455 0.00151067 0.000328132 0.00503874 0.302624 0.179904 0.00690207 0.000430131 0.0843696 0.13721 
0.0392495 0.0176121 2.70458e-08 2.43299e-05 0.00061459 1.40087e-05 0.00177832 1.83228e-06 0.884091 0.0287149 6.7372e-05 8.38409e-05 0.0277099 3.818e-05 
0.000995942 5.81902e-05 0.246382 1.1733e-07 0.0925958 3.63517e-10 2.70488e-07 0.0074704 0.592351 0.0145735 0.00423213 6.18087e-08 0.0413406 9.43804e-09 
8.8624e-05 6.13908e-05 1.80231e-08 1.62742e-07 0.0109745 0.000452514 3.29885e-05 0.000140534 0.96187 0.00860957 0.00301455 0.00327131 0.00412231 0.00736134 
0.121707 0.0298642 0.00759122 0.000483089 0.0603441 0.000577948 0.0252797 0.00433119 0.485945 0.198469 0.0163472 9.84558e-05 0.0487728 0.000189158 
0.0331848 0.00199418 8.97544e-07 3.14085e-06 0.00471772 0.00235042 0.000937535 0.00949782 0.873717 0.0277615 0.00630266 0.000218192 0.0385158 0.000798335 
0.229764 0.0290941 7.73263e-07 7.63186e-06 0.0513219 0.00223498 0.00639277 0.0116267 0.543248 0.113423 5.58178e-05 0.00115843 0.0100541 0.00161746 
0.0327296 0.00028008 0.00382265 0.000655742 0.102304 0.057204 0.00868245 0.00419264 0.435492 0.0654345 0.0381809 0.0268959 0.0897909 0.134334 
0.153999 0.0853225 0.00277642 0.000141931 0.00831786 0.00025566 0.00959191 0.0022756 0.565579 0.136035 0.00377916 4.40823e-05 0.0316916 0.000189331 
0.00728203 0.000645326 6.37719e-05 5.95415e-10 0.000392259 6.36085e-10 4.40671e-08 3.73591e-07 0.988446 0.000392593 2.4426e-06 0.00277418 8.9189e-07 4.79718e-10 
0.111819 0.0025035 9.4318e-07 0.000116231 0.00978894 0.00405806 0.000999855 0.00611808 0.571119 0.0328939 0.0522533 0.000161608 0.208022 0.000145695 
0.0149457 0.000566602 0.0256356 0.0534408 0.176285 0.000548994 0.0167976 4.91676e-05 0.567623 0.0444136 3.40236e-05 0.0437025 0.0544753 0.00148156 
0.0132102 0.0324499 0.0024438 1.30262e-08 0.0828001 0.000138575 0.157288 0.00287552 0.457228 0.105064 0.000519149 0.000414029 0.122824 0.0227443 
0.0509633 4.04451e-05 0.00567783 1.01619e-05 0.00230307 0.00885131 0.0088529 0.0203079 0.81103 0.0616262 0.00104494 0.000200824 0.0290752 1.57793e-05 
0.0338448 0.00215206 0.00024516 4.02298e-06 0.00307549 0.00954575 0.00133192 0.00239893 0.806056 0.11944 0.00494792 0.000835363 0.0157286 0.000394223 
0.0396877 0.0312591 0.00087116 0.000108752 0.056601 0.000214451 0.00542946 0.0126991 0.714158 0.115601 0.00459954 0.000787136 0.0167287 0.00125507 
0.0542596 3.45343e-06 1.35936e-10 3.73385e-10 0.149409 3.98889e-10 0.0130545 6.98175e-08 0.673613 0.0790327 0.00301834 1.4607e-08 0.0276091 9.32879e-07 
0.044301 0.000772693 0.00718545 8.56574e-05 0.0277613 2.13784e-05 0.0662877 0.00186968 0.633532 0.0146525 0.0417569 0.00168498 0.158187 0.00190272 
0.0971089 0.0635654 0.00048007 9.55066e-09 0.00135877 6.59861e-06 0.142546 2.58012e-06 0.525104 0.0768521 0.00396797 0.000287447 0.08872 4.04896e-07 
0.0892471 0.0747841 0.00610479 4.26317e-05 0.0251433 0.115431 0.10939 0.00561881 0.357394 0.0932542 0.0138896 0.000254853 0.10926 0.000185857 
0.00535679 0.000257807 0.00885428 4.22654e-06 0.00998843 0.277194 0.00552774 0.00123579 0.410995 0.0200277 0.0466934 0.000412564 0.213408 4.41541e-05 
0.276493 7.67913e-06 7.67832e-06 7.6741e-06 7.6795e-06 7.67363e-06 7.67747e-06 0.141305 0.302565 7.6802e-06 7.67825e-06 7.67817e-06 0.27956 7.67537e-06 
0.00112807 0.0327189 0.0116885 2.54964e-06 0.116628 0.00036323 0.000789954 9.12887e-05 0.726727 0.000532874 0.0575113 0.00288937 0.0307765 0.0181528 
0.0019315 5.86631e-11 5.08239e-09 1.20511e-07 0.0128683 7.89697e-05 0.000828919 0.0019983 0.866934 0.000398975 0.00138392 0.00230762 0.111158 0.000111634 
0.105766 0.0391014 0.00928603 0.000178295 0.0180824 0.000798624 0.0167169 0.00040056 0.573363 0.0160919 0.0694834 0.000219531 0.149377 0.00113528 
0.143147 0.00807078 0.00741737 0.000344768 0.00987411 0.0087676 0.0616588 0.0225447 0.36866 0.153981 0.013691 8.81086e-06 0.20178 5.34639e-05 
0.0225185 0.0416306 7.0034e-06 3.49455e-09 0.0342363 0.000763299 0.00483065 0.0188867 0.691838 1.95745e-05 0.0122293 5.17928e-06 0.173032 2.73026e-06 
0.0142308 0.000239173 0.000122093 3.87389e-06 0.00808294 0.00037827 0.00031319 0.000372302 0.668428 0.037921 0.213304 2.05945e-05 0.0565728 1.0528e-05 
0.0671279 0.00178967 0.0377466 0.00332969 0.030384 0.00069873 0.00356825 0.00113324 0.317078 0.129304 0.179581 0.000128728 0.227689 0.000440428 
0.105336 0.000891129 1.35467e-10 0.000311972 0.000698779 1.69449e-07 0.00137431 4.21049e-08 0.886833 7.81046e-06 1.38399e-06 0.000182431 0.00192777 0.00243575 
0.175148 0.0210065 0.000434271 0.000383372 0.00474493 0.000136372 0.0046972 0.00206985 0.529248 0.203104 0.0158931 2.35004e-05 0.00953891 0.0335724 
0.0195021 0.00143328 4.96592e-07 2.28765e-08 0.0475453 0.0297342 0.00248837 0.0129172 0.572987 0.0346547 0.010914 0.00664924 0.261071 0.000103215 
0.00297556 0.00454347 0.0168114 0.000907697 0.00866797 4.48599e-06 0.00829848 0.000191148 0.468856 0.022075 0.0224172 2.12703e-05 0.430385 0.0138461 
0.000645262 0.00157655 0.0445913 3.9849e-05 0.0036349 1.81817e-05 8.79281e-05 4.21042e-05 0.939043 3.30223e-06 0.00287551 0.000219265 0.00704149 0.000181622 
0.0910218 0.00832602 3.08566e-05 6.01805e-07 0.000455429 0.000120237 0.0023128 0.0018424 0.744476 0.149523 0.000296303 6.49276e-05 0.00127404 0.00025517 
0.317227 0.0181158 2.15337e-08 0.0136876 0.00618029 0.0217426 0.040001 0.00208677 0.439975 0.118347 0.000580354 0.000960092 0.0168852 0.00421115 
0.0546671 0.00679638 0.0208251 0.00332409 0.128594 0.0124637 0.00632425 0.019303 0.451369 0.0970473 0.0103841 0.00161808 0.0893625 0.0979216 
0.0849141 6.19938e-06 0.0504341 6.64283e-07 3.5271e-06 7.09657e-07 0.00071079 1.5507e-07 0.846675 0.00713827 0.00952602 0.000157812 0.00043232 5.35204e-07 
0.0710325 0.309613 0.0468751 1.41925e-05 1.42025e-05 1.41916e-05 0.0809468 1.42019e-05 0.428908 0.0625108 1.42002e-05 1.42e-05 1.42034e-05 1.41948e-05 
0.0315771 0.0123554 0.00823366 0.000390453 0.0139848 0.000100682 0.00662287 0.00840858 0.59295 0.0545128 0.00964008 0.00220815 0.252587 0.00642822 
0.000424449 0.000296237 0.00143605 2.78222e-05 0.0115198 8.74763e-06 0.000946453 0.000265741 0.540095 0.43339 0.00292772 1.64522e-05 0.00825427 0.000391544 
0.109683 0.263219 0.000331504 3.49601e-07 0.00493328 6.57679e-05 0.00614975 0.000271343 0.49674 0.106456 0.000482228 0.00543404 0.0055343 0.00069912 
2.20977e-05 0.00728836 0.000133919 0.000328563 0.0654481 1.08663e-08 0.000103972 2.37445e-09 0.788223 0.0297931 0.0751867 0.00327771 0.0257895 0.00440507 
0.0182405 0.00556799 0.0717776 0.000846843 0.0426214 0.000590526 1.77828e-07 3.05171e-08 0.718459 0.0987779 0.00115961 0.000362336 0.0414749 0.000121005 
0.147227 0.00305828 0.00505723 2.42586e-06 0.0167319 9.84267e-05 0.00302757 0.000342131 0.68953 0.0515314 0.00690315 1.71314e-06 0.0764158 7.24863e-05 
8.61592e-06 0.0272066 0.00260852 1.13321e-09 0.00274823 1.21062e-09 0.0583189 2.64537e-10 0.580165 0.192502 5.14801e-05 4.38929e-10 0.127766 0.00862495 
0.210201 0.0242013 0.00695844 0.00567093 0.0821306 0.0351739 0.0135844 0.013575 0.304765 0.138817 0.0402552 0.00105714 0.123323 0.000286718 
0.058088 0.000828028 0.00617545 2.28457e-06 0.0424442 0.0491794 0.00644735 0.0545138 0.481809 0.217163 0.00480767 0.000795963 0.0755766 0.00216904 
0.229764 0.0290941 7.73263e-07 7.63186e-06 0.0513219 0.00223498 0.00639277 0.0116267 0.543248 0.113423 5.58178e-05 0.00115843 0.0100541 0.00161746 
