0.318429 0.051525 0.00805329 4.02243e-06 4.02527e-06 4.02219e-06 0.0342097 4.02511e-06 4.02507e-06 0.587747 4.02461e-06 4.02457e-06 4.02553e-06 4.0231e-06 
0.115872 0.0338205 0.00973732 0.00121681 0.399806 0.000849337 0.0107499 0.00197382 0.00482949 0.412204 0.00105109 0.000179203 0.00751622 0.000194446 
0.142787 0.00976085 0.000235691 1.13068e-06 0.0118394 0.000216019 0.00295146 9.20927e-05 0.0211235 0.621518 0.165945 0.000338824 0.0230861 0.000104508 
0.153946 0.24236 0.0110765 3.236e-05 0.13097 1.0767e-05 0.00654915 7.40959e-06 0.111458 0.327046 0.00126149 0.000108762 0.0148693 0.000304019 
0.427355 0.000888961 0.00760998 0.000650136 0.00291849 6.39221e-05 0.00694239 0.000387644 0.00694641 0.518963 0.0114933 8.93545e-09 0.0157805 4.82874e-08 
0.17402 0.0398568 0.00173251 4.40769e-06 0.0689959 0.000238533 0.00544381 0.0633389 0.0483841 0.494 0.0137093 3.25754e-05 0.0811572 0.00908591 
0.216303 0.00719279 0.0315274 0.0235127 0.0848872 0.00107257 0.0149913 0.00508851 0.100167 0.240598 0.131539 2.77241e-11 0.143119 2.61937e-06 
0.136656 0.035038 0.0394974 0.00106231 0.143968 1.05902e-05 0.0159096 0.000828303 0.0221423 0.390739 0.10738 1.89187e-06 0.0611188 0.0456477 
0.163823 0.0147737 0.052634 0.00109651 0.0519465 0.001524 0.00346139 0.000448607 0.0499219 0.603978 0.0167654 1.36532e-05 0.0385635 0.00104947 
0.246509 0.00790542 0.00016557 9.64487e-05 0.0139289 0.000715771 0.000899756 0.0399222 0.0542459 0.493364 0.0165353 1.86463e-05 0.125691 1.0077e-06 
0.174002 0.0365646 0.00172967 0.000131327 0.0822299 0.00036965 0.0257844 0.0130848 0.110899 0.471341 0.0132199 0.000268785 0.0702301 0.000145416 
0.267138 0.0196347 0.0250603 5.00547e-05 0.078159 0.000708306 0.0107721 0.0376905 0.0176483 0.47555 0.0141193 0.000251872 0.0528917 0.000325295 
0.023121 0.00537581 0.375791 5.95804e-06 0.0239522 2.66076e-05 0.0037345 0.0018925 0.0247543 0.530471 0.00948855 2.04664e-06 0.00138381 1.15259e-09 
0.152105 0.0185442 0.000707941 0.00629317 0.00171889 4.87863e-06 0.00148733 0.007483 0.000759263 0.783733 0.00475454 1.19055e-05 0.0223969 9.40089e-13 
0.229156 0.000145217 1.99549e-08 1.99168e-08 0.00878219 0.128997 0.00176559 0.00164726 0.00175899 0.518153 0.000998175 5.5609e-07 0.108558 3.80706e-05 
0.0163133 0.0886282 0.000403135 0.00014021 0.020406 0.000239373 0.0179306 3.1752e-05 0.105595 0.490322 9.50549e-05 1.6356e-08 0.259672 0.000223529 
0.0837696 0.0174101 0.0133305 0.00656101 0.252093 0.000195569 0.0140421 0.0109579 0.020236 0.541069 0.0080907 0.00414961 0.026124 0.00197091 
0.157834 0.215755 0.00526451 0.00075783 0.0419521 0.000484269 0.00713479 0.0197452 0.00670847 0.44879 0.00121681 0.000740472 0.0115745 0.0820429 
0.301183 0.103192 0.00339434 0.000129771 0.0406088 0.000117182 0.0305762 0.000770648 0.00897427 0.485087 0.00174577 1.06755e-05 0.0239393 0.000271808 
0.00164359 0.0154693 0.00944022 0.000245926 0.317425 1.15852e-06 0.0065827 7.05988e-05 0.00026803 0.648508 5.13675e-05 4.91122e-06 0.000289064 1.051e-07 
0.154611 0.0567164 0.0296772 1.93415e-05 0.048529 0.00245507 0.026441 0.0707713 0.0371375 0.450438 0.00557639 0.00303983 0.113794 0.000794535 
0.144291 0.0161141 0.185856 0.0364162 0.260886 3.90501e-05 0.00515526 0.0197395 0.0132814 0.26948 0.0106526 0.000135689 0.037887 6.58863e-05 
0.0586504 0.00722035 0.0231563 0.0192669 0.0196736 3.2179e-05 0.00445382 0.0291163 0.165271 0.609662 0.0127189 0.000146246 0.0505484 8.39347e-05 
0.00347242 0.0850035 1.43137e-05 2.26811e-06 0.388505 6.23986e-06 0.0200194 0.000188487 0.014767 0.484774 0.000161321 2.42711e-06 0.00307006 1.33564e-05 
0.147325 0.166683 0.0287824 0.000262464 0.12733 0.000323864 0.141149 5.2153e-05 0.114433 0.222926 0.0135204 0.00934648 0.0278652 9.50091e-08 
0.360852 0.00353692 0.0361081 0.0108252 0.010163 0.00197296 0.00210667 1.1467e-07 0.0331347 0.363381 0.00723084 1.67308e-07 0.170454 0.000233817 
0.0911422 0.0813991 0.0631531 0.000129092 0.0453628 0.000957996 0.0382358 0.00746278 0.0399104 0.526578 0.0241637 7.30562e-05 0.0809361 0.000495604 
0.133317 0.0859506 0.0195303 0.00400906 0.00631748 0.0133603 0.0436407 0.0298302 0.10012 0.464512 0.0157307 0.00017194 0.0832973 0.000211813 
0.212514 0.0327499 0.000191973 0.00512691 0.136366 0.000135826 0.00132839 0.0136148 0.0145257 0.543215 0.00018619 0.0327277 0.00721361 0.000104103 
0.00500553 0.00231649 0.00063891 4.13906e-06 0.157497 2.47476e-07 0.000591628 0.00065079 0.000333957 0.831285 0.000156001 4.86039e-06 0.0015151 1.07465e-07 
0.251884 0.107458 0.092 0.00160442 0.118711 0.000440019 0.0224752 0.00648175 0.0130577 0.331342 0.0203245 0.00477532 0.0283133 0.00113325 
0.334068 0.0103123 0.00135872 7.86668e-07 0.0187577 0.00269633 0.016558 0.000188516 0.00337089 0.559555 0.0445807 3.26805e-06 0.0083098 0.000239964 
0.290676 0.00369911 5.69473e-09 4.53348e-07 0.000360074 0.00184748 0.000236886 7.17666e-05 0.0309902 0.64149 0.0214157 4.46319e-05 0.00807575 0.00109233 
0.146829 0.0159838 0.00621857 0.00284318 0.275292 0.000135896 0.0116395 0.0112423 0.1376 0.280659 0.0111645 0.0117062 0.0862991 0.00238711 
0.147624 0.0210625 0.0458945 0.00108882 0.00820521 1.01534e-05 0.0967732 0.0014976 0.010483 0.577255 0.0367055 0.0113168 0.0420263 5.74602e-05 
0.110685 0.115116 0.101512 3.86237e-05 0.0161632 0.000107319 0.0522671 0.0225686 0.00781248 0.43426 0.00717008 6.7818e-05 0.132222 1.02713e-05 
0.0773311 0.0388691 0.00527341 0.00285837 0.153785 0.00067825 0.0193763 0.00987907 0.0464414 0.596438 0.00888511 0.00242352 0.037239 0.000522886 
0.327163 0.0121181 0.000388369 0.000681225 0.170874 0.0021935 0.00110729 0.0622048 0.022441 0.370575 0.000649714 0.00316342 0.0261188 0.000322593 
0.224358 0.00256655 5.72899e-05 8.24981e-06 0.00901584 0.00415738 0.00122584 0.00481429 0.0688533 0.491564 0.0142448 0.0010625 0.178072 8.16946e-08 
0.293079 0.00120011 0.00167646 1.96549e-06 0.000958384 6.11881e-05 0.00964449 0.00127071 0.00080538 0.674223 0.00298937 1.68836e-06 0.0140063 8.2218e-05 
0.383161 0.0439645 0.0108163 0.0011079 0.00329136 0.000151051 0.0106438 7.5919e-05 0.00532183 0.476505 0.00958994 1.02125e-05 0.055359 2.15572e-06 
0.25972 0.0259354 0.00137367 0.00171784 0.0818719 0.000194298 0.0346981 0.00828385 0.0181265 0.553382 0.000839053 0.00242644 0.0109525 0.000478313 
0.065657 0.0350921 0.0115441 0.000117387 0.298693 0.000135842 0.0439234 0.103469 0.0471026 0.329144 0.00425141 0.022477 0.0382305 0.000162107 
0.148794 0.00784358 2.62278e-05 9.11489e-06 0.0270432 0.00232211 0.000930588 0.000321906 0.0132593 0.68698 0.073369 0.00063933 0.0384492 1.25391e-05 
0.100347 0.166239 0.0716814 2.39302e-05 0.0440785 1.94406e-07 0.0160697 0.00128161 0.159001 0.213848 0.064132 3.43569e-06 0.154697 0.00859791 
0.138332 0.0441972 0.0126976 0.00208448 0.0949863 0.00143604 0.0080032 0.0117102 0.0348972 0.611513 0.00776581 0.00322388 0.0281792 0.0009738 
0.167127 0.0773829 0.0724359 3.94784e-10 0.0162962 0.00130549 0.112683 8.83464e-08 0.041865 0.489459 0.00505368 1.87133e-07 0.0163895 2.28091e-06 
0.0391231 0.00382964 0.00192455 0.0128771 0.0134794 0.0039901 0.000430713 0.0344212 0.0426049 0.39052 0.0977492 7.13567e-07 0.359049 3.34428e-09 
0.0779866 0.0520406 0.0181233 0.03687 0.232672 0.00511978 0.0217103 0.0255731 0.0473197 0.369344 0.00555661 0.00538537 0.0886808 0.0136178 
0.011113 0.0042357 0.000279323 3.51951e-05 0.486536 2.11302e-08 0.00102644 1.59081e-06 6.46225e-05 0.496642 3.72772e-07 3.67768e-06 6.13421e-05 1.16278e-11 
0.00482539 0.0035519 5.93541e-05 3.03335e-08 0.016227 7.28275e-05 6.16816e-05 0.000841667 0.0218184 0.942701 0.000708954 1.97357e-08 0.00910073 3.08216e-05 
0.284466 0.19343 0.000171149 4.26971e-06 0.0184971 0.000141163 0.0089974 0.0110988 0.0185221 0.443089 0.00224669 0.000236208 0.0189678 0.000132559 
0.0894489 0.142429 0.0153906 0.000176474 0.0943594 0.000354875 0.00425779 0.00165683 0.0197928 0.569721 0.0203792 0.000308247 0.0404575 0.0012674 
0.190882 0.0675185 0.0161999 0.000307808 0.0877306 0.00183053 0.00528572 0.000665659 0.00242907 0.618765 0.00116569 1.24764e-05 0.00718663 2.03278e-05 
0.354439 0.0116263 0.000405837 0.000173819 0.00656061 4.73892e-09 0.0335024 0.00717831 0.0161908 0.56234 0.00148477 2.11899e-05 0.00581048 0.000266478 
0.112133 0.0241606 0.0117316 0.00176804 0.068562 0.000259464 0.0326645 0.115782 0.19908 0.236521 0.0193877 0.0639029 0.113252 0.00079402 
0.220135 0.0416374 0.00585344 0.00158597 0.0236558 3.74871e-05 0.0710251 0.0018109 0.0227437 0.544211 0.0329845 0.00126932 0.0329302 0.000119546 
0.272211 0.00741782 0.000165914 2.06279e-05 0.112139 3.94689e-06 0.00407374 0.0387321 0.00480898 0.48737 0.00375732 0.0299828 0.0387839 0.000533276 
0.0815831 0.105411 0.218251 0.00119528 0.00989145 0.000455209 0.0612574 0.0057033 0.0506821 0.322888 0.0297607 1.74859e-06 0.110907 0.00201314 
0.293946 0.00271672 0.000143468 1.06875e-09 0.00992973 0.000553876 0.000812241 0.0123169 0.0179218 0.597928 0.000952447 9.6934e-06 0.0627423 2.6831e-05 
0.261518 0.00126915 0.00360334 5.06802e-06 0.0154101 0.000717911 0.0457888 0.000115811 0.2426 0.418349 0.00458473 6.64655e-06 0.00602096 1.01105e-05 
0.0229344 0.00172703 0.00153334 0.00019207 0.0486991 0.000264305 0.00175929 0.00191703 0.0338713 0.831235 0.0369814 1.0637e-05 0.0188385 3.68061e-05 
0.00481995 0.00677348 0.0039266 0.000267703 0.190097 8.07397e-09 0.00756105 1.64216e-05 0.000238409 0.786063 4.74136e-05 9.22098e-10 0.000186893 1.77222e-06 
0.0777564 0.00277513 0.000743057 2.33564e-06 0.00108566 0.00105614 0.000871436 0.00863695 0.00177194 0.836649 0.023216 1.2735e-06 0.0454347 1.03933e-10 
0.339683 0.0203811 0.0052363 0.000217851 0.0107905 4.91127e-05 0.0735994 0.00388957 0.0727417 0.407741 0.0127889 1.61451e-05 0.0521131 0.000752695 
0.144582 0.01176 0.132676 0.000691444 0.0893962 0.0037386 0.0229643 0.00667775 0.0935284 0.410622 0.0372802 0.010107 0.0359757 1.41106e-07 
0.204557 0.0167878 0.0264717 2.05093e-07 0.0188 0.00110764 0.0639967 0.137381 0.189692 0.215313 0.0334279 0.00205222 0.0904134 2.05127e-07 
0.429481 0.000255227 1.85643e-10 1.99119e-07 0.00134833 0.000223156 0.000183876 9.97832e-09 0.0483565 0.493315 0.000754771 2.82715e-05 0.0260534 4.31298e-09 
0.213245 0.00900665 0.00016539 0.000961282 0.00979208 0.000204569 0.0131366 0.0592831 0.0422985 0.595583 0.00679596 4.41253e-05 0.0493232 0.000160107 
0.107253 0.0930494 1.15077e-08 4.13952e-08 0.302979 0.0127254 0.0137094 0.0254829 0.0292571 0.364811 0.00103925 0.000172935 0.0446275 0.00489333 
0.136999 0.320417 0.0549507 7.49414e-05 0.0202993 6.54717e-05 0.0141171 0.00569983 0.0193037 0.398721 0.00369641 0.000114589 0.0252659 0.000275324 
0.182126 0.0372011 0.0639969 6.34803e-05 0.0418232 6.07048e-05 0.00325531 0.000529975 0.0189509 0.618008 0.00638974 0.0122544 0.014781 0.000558902 
0.152301 0.102093 0.0195567 0.0028731 0.0103435 2.14042e-05 0.00517787 0.00286844 0.0387083 0.542008 0.0255712 5.81995e-05 0.0665598 0.0318598 
0.355588 0.077297 0.00264276 0.00747673 0.0385366 0.000685454 0.00626927 0.0217045 0.0282358 0.40047 0.00330121 0.00145588 0.0559475 0.000389666 
0.156985 0.0133658 0.0106533 4.63252e-05 0.00941266 0.000229391 0.00256065 0.0441577 0.0225547 0.643054 0.0338742 2.45482e-05 0.0628651 0.00021653 
0.0509157 0.106677 0.0498363 5.33796e-05 0.101737 8.01068e-06 0.0107808 0.000114827 0.00536481 0.663132 0.000817143 0.000607257 0.00895594 0.000999815 
0.0862528 0.00367325 0.00748623 1.37166e-06 0.00331124 0.000205108 0.00441797 0.00049495 0.095236 0.720075 0.0496771 0.000260716 0.0288984 1.03312e-05 
0.102269 0.0285415 0.0195301 0.0044752 0.280583 1.0331e-05 0.0363446 0.000456605 0.0132 0.375966 0.00176727 0.101517 0.0352577 8.0815e-05 
0.0257314 0.102945 3.0548e-06 0.00250382 0.0485604 1.54379e-05 0.00230458 3.65224e-05 0.0158477 0.798428 0.000132738 0.000311581 0.00312319 5.69597e-05 
0.0873883 0.00325119 0.00438645 8.96515e-05 0.0334212 0.00386595 0.00268297 0.0033789 0.00462716 0.820746 0.00693503 2.36944e-06 0.0292245 1.71922e-07 
0.241697 0.00495064 0.00541151 3.58292e-07 0.292511 0.00256553 0.00223955 3.91854e-05 0.0412198 0.329568 0.0766251 0.00106309 0.00210688 2.22639e-06 
0.228927 0.0943987 0.00389628 0.000114955 0.107955 6.46359e-05 0.0556415 0.0189044 0.00322749 0.351589 0.011623 0.00685902 0.116798 8.20891e-12 
0.230553 0.0147594 0.000944872 0.000864071 0.0310798 0.00637882 0.0259995 0.004689 0.193433 0.379579 0.00903109 0.000222971 0.102003 0.000463089 
0.0520902 0.00100867 0.0065363 0.00044999 0.0392553 1.37622e-05 0.00215248 0.000665223 0.0731183 0.583553 0.075753 0.000556466 0.164836 1.19291e-05 
0.0538441 0.0216374 0.0604207 1.04256e-07 0.0464027 5.41398e-07 2.37033e-06 2.85116e-06 0.00696213 0.738452 0.0478703 1.13057e-07 0.0244045 4.78196e-08 
0.0485633 0.000407319 0.0016739 2.81739e-05 0.0269934 0.00290659 0.00172429 0.0118854 0.0128014 0.776549 0.0550404 2.08045e-05 0.0613556 5.07806e-05 
0.0462581 0.117153 0.112816 0.00227624 6.98703e-08 0.000607475 0.00522498 0.244592 0.0118285 0.317114 0.0177512 0.00140422 0.122973 6.98327e-08 
0.0574552 0.00948465 0.0102965 0.00252792 0.0393843 4.51305e-07 0.0108372 0.0133236 0.020685 0.502371 0.0987605 4.51572e-07 0.234196 0.000677563 
0.0228007 0.0171721 0.00716777 8.01063e-05 0.294214 0.000274707 0.00462196 0.000170017 0.00162091 0.590541 6.19804e-05 0.0026648 0.0586098 6.13554e-09 
0.133452 0.0736464 0.00124785 0.00040557 0.0440243 1.41415e-05 0.00513061 0.00375762 0.0249932 0.708527 4.82015e-05 4.05041e-06 0.00474638 2.23271e-06 
0.077695 0.00288427 0.0172805 0.000112703 0.0146792 0.000142236 0.0043601 0.00377788 0.0111917 0.846306 0.00405809 2.35778e-05 0.0174883 1.45367e-07 
0.207352 0.031934 0.000799184 0.000932679 0.0605923 0.000133582 0.0163659 0.0404075 0.149777 0.403981 0.00876899 0.0032117 0.0666439 0.00910039 
0.307384 0.0135526 0.0341113 6.52502e-06 0.0219589 0.000638677 0.00193747 0.0728871 0.00947754 0.512642 0.000864425 1.61446e-06 0.0245352 2.9775e-06 
0.0428132 0.145861 0.173967 0.000373571 0.0239567 0.000472154 0.018547 0.000812872 0.101062 0.227583 0.0387492 1.31729e-05 0.225784 5.82264e-06 
0.046559 0.00384514 0.00108143 4.30636e-08 0.00434436 0.000353393 0.00659384 1.00528e-08 0.0377996 0.749013 0.0448578 0.00019672 0.103036 0.00231993 
0.0987273 0.00859779 0.00169928 6.95331e-05 0.140569 0.000252419 0.0053108 0.0804333 0.0576617 0.275464 0.00988444 0.000373712 0.0800632 0.240894 
0.0898855 0.00978334 0.0315401 0.00349305 0.191544 0.000129522 0.0619178 0.0161975 0.0419044 0.443142 0.0628473 0.00329805 0.0436868 0.000630158 
0.071313 0.00951784 3.86057e-06 2.45154e-08 0.00820378 0.000853596 3.69815e-05 0.0887089 0.208976 0.390632 0.00633552 9.29009e-05 0.215325 9.74707e-12 
0.129631 0.045071 0.00446532 0.000519662 0.0560181 0.000467396 0.00612334 0.0209114 0.0410546 0.652766 0.00369037 0.00363094 0.0340454 0.0016051 
0.0101024 0.00467981 0.0358734 1.3285e-05 0.0498178 3.0327e-05 0.00272518 7.83395e-05 0.00590898 0.868251 0.0159437 1.34966e-07 0.00651271 6.32162e-05 
0.0759033 0.0458149 0.00952004 0.0120221 0.247225 9.01804e-06 0.021839 0.00324088 0.0310082 0.529852 0.00321073 0.00437655 0.0158572 0.000120566 
0.0485633 0.000407319 0.0016739 2.81739e-05 0.0269934 0.00290659 0.00172429 0.0118854 0.0128014 0.776549 0.0550404 2.08045e-05 0.0613556 5.07806e-05 
0.233242 0.0309209 0.0054701 0.000138662 0.0785929 0.00168616 0.0072166 0.0108298 0.0408289 0.54942 0.00556442 0.00828722 0.027205 0.000598015 
0.434498 9.36523e-08 3.83295e-12 1.05283e-11 0.000696648 0.00811949 0.00877229 0.000132213 0.0161127 0.482539 0.000949634 1.71103e-09 0.0479669 0.000213392 
0.0181935 0.011763 0.103181 5.0811e-07 0.162224 3.70967e-07 0.00842489 5.48252e-06 0.0290524 0.656762 0.00934588 8.90474e-08 0.00103814 9.0657e-06 
0.0279476 0.157276 0.00887869 0.099786 0.295587 4.52195e-06 0.0806044 0.00178145 0.00291815 0.296402 0.00762418 1.05026e-05 0.0211746 5.44772e-06 
0.222531 0.00587857 0.000392945 2.56602e-05 0.0182532 1.78476e-05 0.00296728 0.0121805 0.012479 0.692882 0.000634912 0.0168729 0.0147641 0.000119995 
0.294867 0.00491821 0.00686258 8.29129e-06 0.00696865 4.01969e-07 0.144087 7.63484e-05 0.00793693 0.375415 0.0952369 1.81802e-06 0.0635912 2.88425e-05 
0.146829 0.0159838 0.00621857 0.00284318 0.275292 0.000135896 0.0116395 0.0112423 0.1376 0.280659 0.0111645 0.0117062 0.0862991 0.00238711 
0.034471 0.032365 0.0332978 0.157269 0.13019 0.00107285 0.000747828 0.000463771 0.0474662 0.448766 0.0254875 0.000890435 0.0563803 0.0311323 
0.0225865 1.1235e-06 1.12339e-06 1.12277e-06 0.0740438 0.0060637 0.00191067 0.0186514 0.048087 0.39789 0.183898 0.00112449 0.24574 1.12295e-06 
0.14574 0.0642813 0.0074302 0.00209471 0.0249259 0.00172809 0.0146972 0.154391 0.0767081 0.318845 0.0327151 0.000139126 0.156031 0.000274015 
0.112232 0.0420326 0.0226005 0.00336924 0.0986413 9.906e-07 0.0282472 0.039852 0.150581 0.231009 0.0924796 9.91186e-07 0.178954 9.90824e-07 
0.0146669 0.0128127 0.0287938 0.00261352 0.226851 3.57855e-05 0.0146289 0.00377361 0.0128639 0.642938 0.00125922 0.0153915 0.0172837 0.0060883 
0.177701 0.0860316 0.0566803 0.000369849 0.0675867 2.67791e-05 0.0754574 0.00580502 0.0303531 0.355114 0.0254147 0.0112574 0.108003 0.000199347 
0.272913 0.040916 0.00691775 0.00189919 0.13498 0.0140283 0.0101625 0.0250169 0.0990307 0.287864 0.00856531 0.00104826 0.0451987 0.0514601 
0.143713 0.00232501 0.00282886 0.00255249 0.0106958 0.000386167 0.00188696 0.0584279 0.00933415 0.719538 0.00304106 1.19772e-05 0.0452229 3.56265e-05 
0.313115 0.030292 0.0227947 0.000776767 0.037517 0.000833092 0.0207056 0.0130333 0.0151173 0.486399 0.0160099 0.00364235 0.0387796 0.000984597 
0.0381871 0.00748796 2.24714e-07 8.73235e-10 0.0341686 0.00294919 4.4814e-05 0.000223577 0.0540891 0.855439 0.0019447 3.77585e-06 0.00546033 1.32553e-06 
0.144841 0.0349316 0.183608 0.000753606 0.116709 0.000381764 0.0337778 0.0201648 0.157749 0.220755 0.0316282 0.0135146 0.0318244 0.00936118 
0.0821942 0.00418438 0.00239587 1.00913e-06 0.000557602 1.51411e-05 0.00104709 0.00205742 0.00143329 0.871195 0.00798052 1.71503e-06 0.0269367 3.61931e-10 
0.123753 0.221417 0.000492331 4.99753e-06 0.0441666 9.01854e-09 0.0055129 3.25687e-05 0.123185 0.352096 0.000594985 0.000312077 0.0166104 0.111822 
0.150139 0.0187097 0.0634292 0.000549257 0.0291467 0.000335814 0.0250355 0.0248506 0.0291941 0.565473 0.0173166 0.000105919 0.0747892 0.000925879 
0.130527 0.157014 0.0128436 0.000351387 0.0860515 0.00320552 0.0353032 0.012689 0.0174455 0.479788 0.0078309 0.000875977 0.0552566 0.000817558 
0.0912606 0.0050913 0.000825082 0.000300525 0.0166002 4.47e-05 0.00368013 0.199687 0.0070339 0.586526 0.0109211 2.35133e-05 0.0779956 1.00051e-05 
0.0910715 0.172506 0.0653333 0.0144104 0.0520711 7.47311e-05 0.00365757 3.04511e-05 0.170152 0.4285 0.000689538 0.000673254 0.000801817 2.91854e-05 
0.283396 0.00204632 1.9925e-06 2.03152e-07 0.0123987 6.7435e-07 0.000911738 6.11598e-06 0.00361776 0.697476 2.75012e-05 1.36977e-07 0.000104596 1.2566e-05 
0.154287 0.121558 0.0079353 0.00768498 0.141884 0.000773234 0.0314046 0.0159196 0.00507855 0.303042 0.097216 0.00385764 0.109095 0.00026402 
0.0884294 0.0113289 0.00927895 0.00267455 0.0554138 0.00387478 0.00522985 0.0172014 0.0107593 0.71721 0.0148311 0.00110957 0.0626259 3.22913e-05 
0.0734611 0.0251667 0.0529208 1.57089e-05 0.0673097 6.98011e-05 0.00460652 0.015087 0.19941 0.436274 0.0162032 1.55219e-05 0.109284 0.00017582 
0.327308 0.137602 2.70292e-07 6.69297e-05 0.00686841 0.0122397 0.00576464 0.00283175 0.152009 0.339466 0.00282864 0.000477529 0.011824 0.000713239 
0.295374 0.0195927 0.00774314 1.15238e-06 0.00668484 7.22314e-06 0.00838591 0.000422383 0.0768731 0.450712 0.0279108 2.47028e-05 0.10624 2.82372e-05 
0.115244 0.0658654 0.000832076 2.57514e-05 0.14589 0.000671805 0.00310863 0.000698376 0.119123 0.445344 0.00168435 0.068744 0.0326958 7.2621e-05 
0.299818 0.0290475 2.15499e-11 3.85315e-05 0.0133958 8.84864e-05 0.000200085 9.6052e-08 0.0226911 0.622306 0.00234156 7.05909e-05 0.00934437 0.000658173 
0.400955 0.154185 2.3865e-08 0.000173957 0.000798704 1.9849e-08 0.0143396 4.80323e-08 0.00368599 0.419164 1.48357e-07 4.11069e-09 0.00669755 8.53969e-12 
0.171578 0.079951 0.0163056 0.000189228 0.102932 0.000365042 0.0204593 0.00606167 0.0499048 0.478916 0.0151524 0.000258579 0.0410994 0.0168274 
0.16468 0.0194292 0.0534595 0.00276627 0.0734404 0.000350093 0.0714308 0.0391512 0.142049 0.243177 0.0947502 0.00171009 0.0869171 0.00668907 
0.130889 0.0184567 0.0053003 0.000132788 0.0898423 0.000967991 0.00263332 0.0178756 0.144991 0.376205 0.0035843 0.000298878 0.207966 0.000857776 
0.176185 0.0135884 0.0439992 0.000186576 0.189909 5.23893e-06 0.0145201 0.0241783 0.0957049 0.323465 0.0410552 7.26832e-06 0.0771944 1.75812e-06 
0.120426 0.00085302 1.35789e-05 0.00764042 0.00151098 0.000403529 0.000741641 0.0356208 0.00598046 0.659355 0.0147427 3.5674e-06 0.152708 5.61575e-07 
0.254101 0.065592 0.0113911 9.38468e-05 0.0292525 0.000136286 0.0066703 0.0515785 0.0183685 0.476557 0.0136509 0.00539066 0.0667596 0.00045806 
5.14579e-05 0.000694216 1.09556e-07 1.40341e-06 1.44238e-06 0.000494909 2.48504e-05 9.26561e-05 0.176537 0.822016 2.25576e-05 9.20053e-06 4.23622e-05 1.13254e-05 
0.0862717 0.157611 0.309437 0.00158777 0.0103079 0.000398936 0.0235131 7.52778e-05 0.00374403 0.369858 0.00531943 6.40962e-05 0.0304213 0.00139 
0.14236 0.0247373 0.0156698 0.0035206 0.00501693 1.06333e-05 0.0130728 0.00581148 0.00385706 0.737687 0.0339332 7.26968e-06 0.0142556 6.05269e-05 
0.199605 0.119625 0.0432776 0.00153627 0.100088 0.00238312 0.0236538 0.0084063 0.0237316 0.396647 0.0390577 0.00329072 0.0380682 0.000630426 
0.292311 1.48837e-06 0.0116645 9.82561e-08 0.000574486 5.10243e-07 0.00536367 2.68709e-06 0.00511431 0.681458 0.00350796 1.06551e-07 7.03346e-07 4.50678e-08 
0.16933 0.0399979 0.0253882 0.00192974 0.199458 0.000406993 0.0357158 0.00369644 0.0172014 0.451599 0.00544143 0.0368089 0.0129186 0.000107611 
0.260511 0.00605294 0.00619597 4.23994e-05 0.00552674 0.117847 0.00242043 0.177453 0.00141446 0.311753 0.0117887 1.27063e-06 0.0989867 7.209e-06 
0.206797 0.043318 0.0110674 0.00323976 0.283198 4.71462e-05 0.0198306 0.0452699 0.00560599 0.362375 0.00679374 0.00488055 0.00757086 6.57123e-06 
0.0155255 0.0320623 0.00471849 6.64317e-07 0.00472796 4.14671e-05 1.19008e-06 0.000866748 0.00035877 0.941575 1.12518e-06 4.32204e-07 0.000119521 5.35229e-07 
0.10599 0.0103126 0.00668498 0.00744706 0.0559135 0.0059085 0.00377119 0.0922889 0.0832301 0.323984 0.0351164 0.000897522 0.268407 4.84494e-05 
0.470752 0.00712081 0.000341858 3.34516e-06 0.00589959 5.1441e-05 0.00548349 0.00303351 0.0108804 0.476179 0.00108494 1.83908e-05 0.0190261 0.000125268 
0.207162 0.00939919 0.00279786 0.00162691 0.00478164 0.00065549 0.00809613 0.0188361 0.0324059 0.657756 0.00425268 1.11853e-05 0.0516479 0.000571522 
0.387456 0.00768551 1.59101e-07 2.11344e-06 0.0045916 0.00432741 0.00405087 0.000654877 0.0169772 0.524696 0.00534773 5.70721e-05 0.0441538 1.89357e-07 
0.20013 0.0356488 0.0628502 0.000361947 0.0258083 0.00263019 0.0145909 0.00704374 0.0266091 0.546129 0.0410466 3.1071e-05 0.0370048 0.000114644 
0.265469 0.00492764 5.59893e-08 0.000179123 5.59979e-08 0.000509246 0.0123611 0.129691 0.0147156 0.419827 0.0241424 0.00021841 0.127908 5.04273e-05 
0.0403999 0.0220736 0.0108628 0.00317526 0.380738 3.87807e-05 0.0234401 0.0262204 0.00404261 0.453319 0.0102221 0.0180129 0.00740585 4.8906e-05 
0.30682 0.0051344 0.00258112 6.01937e-05 0.0204816 0.0021039 0.00598113 0.0197559 0.0538841 0.514759 0.00463765 0.000184025 0.0633511 0.000266611 
0.000571244 0.00146587 8.40256e-08 2.308e-07 0.00197575 0.000172842 0.000205203 5.38778e-08 0.00879706 0.982064 0.00189059 8.9396e-08 0.00248505 0.000372091 
0.0429397 0.00513431 0.0067641 0.00147048 0.382678 1.89879e-05 0.00569546 0.000225606 0.00790053 0.541607 0.000293179 0.00152692 0.00328419 0.000461391 
0.161415 0.0155255 0.0216243 3.86667e-07 0.0731699 0.000204677 0.00611187 0.00351982 0.133216 0.310957 0.0259109 0.00858746 0.239757 5.07099e-11 
0.044439 0.00331665 0.109346 3.58848e-05 0.0486006 2.83801e-08 0.00371665 0.0524197 0.211826 0.297377 0.0309781 0.000125092 0.197816 3.87399e-06 
0.146185 0.00299869 0.122275 0.00212289 0.0316629 2.72902e-07 0.0248347 0.0162759 0.0299707 0.519502 0.00985466 4.76475e-06 0.094313 2.26808e-07 
0.247162 0.309549 0.02087 4.0458e-05 0.0396341 0.00335406 0.00715978 0.0100122 0.018896 0.311431 0.00238901 0.000239642 0.015957 0.0133056 
0.00500553 0.00231649 0.00063891 4.13906e-06 0.157497 2.47476e-07 0.000591628 0.00065079 0.000333957 0.831285 0.000156001 4.86039e-06 0.0015151 1.07465e-07 
0.243344 0.00498768 0.0186209 3.18448e-05 0.00153889 0.000458722 0.000531716 0.0652482 0.0118859 0.604643 0.00301338 9.64216e-06 0.0455808 0.000105301 
0.0396002 0.0436671 0.014089 3.84313e-05 0.353891 0.000472233 0.0089617 0.000800953 0.0140932 0.518974 0.00279372 0.000382729 0.00175316 0.000482488 
0.0336731 0.00985192 0.000170757 6.55082e-07 0.0128838 0.000923274 9.44904e-05 0.00479941 0.0503359 0.828724 0.00632713 6.15719e-05 0.0521518 2.50487e-06 
0.0336731 0.00985192 0.000170757 6.55082e-07 0.0128838 0.000923274 9.44904e-05 0.00479941 0.0503359 0.828724 0.00632713 6.15719e-05 0.0521518 2.50487e-06 
0.252568 0.0183514 0.0733847 0.138454 0.108416 0.000186118 0.027487 0.00234537 0.00168734 0.313691 0.0180376 5.37018e-05 0.0453278 9.8677e-06 
0.171613 0.0146319 0.0274772 6.60048e-06 0.0390945 0.00185991 0.0107718 0.0171849 0.109678 0.363706 0.02567 2.58473e-05 0.218276 4.93465e-06 
0.031321 0.00919358 0.0142932 3.34525e-05 0.0328863 0.000152394 0.0097442 0.00631694 0.0267996 0.850696 0.00636551 2.28644e-05 0.0120389 0.000136397 
0.0944206 0.336639 0.00713328 0.000965646 0.0344972 0.000114014 0.0305886 0.00220611 0.0858194 0.370295 0.00616424 2.86658e-05 0.0311192 9.09141e-06 
0.265476 0.150927 0.000652371 0.0097492 0.038386 0.0039256 0.0346079 0.00901638 0.0748256 0.345809 0.00437727 0.00129008 0.0551038 0.00585345 
0.0490237 0.00387668 0.000240921 0.00568043 0.0383774 0.000176775 0.000416283 0.0294739 0.0285466 0.753662 0.0103287 2.8761e-05 0.0801222 4.5186e-05 
0.0024279 0.0119642 0.077434 3.72173e-06 0.127237 2.34378e-05 0.00466462 1.2325e-05 0.00667409 0.766304 0.000741476 4.16199e-07 0.00246032 5.27889e-05 
0.133738 0.198664 0.0108896 4.31292e-12 0.00475444 3.8592e-05 0.000153088 0.136803 0.00703312 0.467667 0.0191169 4.53151e-05 0.0210063 9.01018e-05 
0.165779 0.017365 0.01547 0.00684285 0.0972781 0.000559569 0.0365423 0.0318159 0.00784742 0.554336 0.00728613 0.00507581 0.0537415 6.01778e-05 
0.227691 0.0274041 0.0423553 0.00164261 0.29331 7.23122e-05 0.0324117 0.0105182 0.0094251 0.311035 0.00793914 0.0205214 0.015497 0.000176995 
0.146811 0.330588 0.000168065 0.000789606 0.0097123 0.00101388 0.00260229 0.000673589 0.14558 0.350199 9.99716e-05 0.000122694 0.00923753 0.00240255 
0.24329 0.076093 0.00436131 0.000110536 0.056197 0.000165302 0.00980968 0.0112309 0.00894333 0.472578 0.00950736 0.0143009 0.0933683 4.43749e-05 
0.429481 0.000255227 1.85643e-10 1.99119e-07 0.00134833 0.000223156 0.000183876 9.97832e-09 0.0483565 0.493315 0.000754771 2.82715e-05 0.0260534 4.31298e-09 
0.0202441 0.00115554 0.0206425 4.61532e-05 0.0113865 4.51071e-08 0.00053062 0.0680019 0.000939706 0.876599 0.000323671 1.27765e-09 0.000127442 2.54374e-06 
0.12803 0.0315486 0.0662569 1.09104e-07 0.0172303 1.16557e-07 0.13887 6.52667e-06 0.0297947 0.416275 0.103874 3.12112e-05 0.0680764 5.47865e-06 
0.135218 0.108061 0.016942 5.8713e-06 0.134222 0.000428235 0.0302248 0.000202336 0.0160226 0.538765 0.00373841 0.00731234 0.00877856 7.80354e-05 
0.0451939 0.0328582 0.00392767 0.0662943 0.251387 0.000133053 0.0136203 0.0038772 0.0992426 0.428317 0.00228873 0.0140518 0.0382823 0.000526409 
0.0845227 0.0890676 0.076571 1.41034e-05 0.0887167 0.00120179 0.00990352 0.0213053 0.025391 0.505642 0.0225141 0.000192275 0.0748168 0.000141021 
0.045896 0.00996185 0.04498 0.0028374 0.218232 0.000130395 0.123246 0.000968105 0.0388 0.346128 0.1002 0.00590846 0.0625093 0.000202877 
0.221418 0.0904235 0.00846607 0.00252528 0.116388 0.00147647 0.0139543 0.0121407 0.187031 0.245895 0.010714 0.00167366 0.0749533 0.0129399 
0.240642 0.0224244 0.0332254 0.00151888 0.20643 0.00181105 0.0204958 0.0122264 0.0267539 0.365576 0.0180931 0.00485542 0.0398537 0.00609443 
0.429481 0.000255227 1.85643e-10 1.99119e-07 0.00134833 0.000223156 0.000183876 9.97832e-09 0.0483565 0.493315 0.000754771 2.82715e-05 0.0260534 4.31298e-09 
0.225553 0.0629175 0.012611 7.68804e-06 0.0891483 8.88553e-05 0.0159105 0.0106502 0.0229876 0.537053 0.00432395 7.2612e-05 0.0186478 2.84474e-05 
0.103318 0.00219061 0.0201849 1.28867e-05 0.0144095 0.00031126 0.00686936 0.00203143 0.0212318 0.816522 0.00288221 5.89359e-05 0.00997616 3.62164e-07 
0.118386 0.135516 0.028157 2.66844e-08 0.0064749 0.000303308 0.0160041 0.0002317 0.0903629 0.339232 0.125258 0.000158313 0.139916 2.4773e-08 
0.299419 0.08079 0.0418285 0.000753695 0.0211015 0.000441639 0.00369201 0.0316497 0.0127901 0.437855 0.0185369 1.59242e-05 0.0510895 3.72668e-05 
0.0326069 0.0116466 0.20343 1.04182e-05 0.00340961 1.1141e-05 0.00076331 0.0409642 0.00250206 0.697995 0.0017602 4.5159e-06 0.00489412 1.22582e-06 
0.0634463 0.00402022 7.19786e-05 1.51111e-06 0.159728 0.00321167 0.0065927 0.0011842 0.264715 0.363043 0.00405127 0.000493033 0.129175 0.000266712 
0.0388816 0.144529 0.223574 0.00050948 0.158425 1.77235e-05 0.0138153 0.000186217 0.00950218 0.35532 0.00974006 0.0414528 0.00404639 4.1365e-07 
0.313205 0.193406 0.00410035 0.00019895 0.0364397 0.0001484 0.0193142 0.0031692 0.00448251 0.389113 0.0188927 6.277e-05 0.0174663 2.19986e-07 
0.18319 0.0172965 0.0477394 4.2033e-05 0.00243875 0.000775428 0.0256214 0.00417718 0.0757327 0.601216 0.0220549 0.000127643 0.0195707 1.70623e-05 
0.164281 0.0468328 7.83486e-06 0.00025036 0.0240101 7.32964e-06 0.00116835 0.0175034 0.0168766 0.568236 0.00383169 3.71347e-05 0.15678 0.000177439 
0.194043 0.031819 0.158728 0.00227007 0.227089 2.30832e-06 0.00524065 1.1349e-05 8.05372e-06 0.353393 0.000702244 1.27958e-07 0.026686 7.06077e-06 
0.11514 0.00819491 0.336935 7.11869e-05 0.00585416 2.54853e-05 0.0062601 0.0057393 0.0809843 0.374078 0.0266904 1.65408e-05 0.0399401 6.99263e-05 
0.356112 0.0412803 0.022462 0.000198644 0.0398915 0.000172711 0.00636258 0.0135878 0.00969809 0.402671 0.0231359 8.39008e-05 0.0843314 1.19661e-05 
0.157734 0.124417 6.59644e-05 0.0221445 0.0451755 0.000163896 0.00557867 0.000197103 0.0416489 0.59409 7.40701e-05 0.00383631 0.00453501 0.000339559 
0.0119786 0.00764403 0.0666047 0.000257729 0.154326 2.69583e-05 0.00429582 0.0212565 0.0630293 0.623568 0.01086 0.0032201 0.0246119 0.00831982 
0.175883 0.0822106 0.061865 0.00233795 0.0818546 0.000770056 0.0472511 0.0117414 0.0267199 0.435599 0.015198 0.00583338 0.0509456 0.00179088 
0.104479 0.0159668 0.00920577 0.000219363 0.0411636 2.47741e-06 0.00309687 0.0305324 0.00352117 0.699503 0.00533698 1.67248e-05 0.0869555 1.08433e-08 
0.331485 0.0546511 0.00685677 9.55325e-05 0.026011 0.000138409 0.0376646 0.0165462 0.0157037 0.468075 0.00395832 0.00604856 0.0325211 0.000244863 
0.135851 0.019738 0.0062721 0.00121181 0.0981188 5.8991e-05 0.00528521 0.0356268 0.0565512 0.584629 0.00868484 0.0079435 0.036658 0.0033705 
0.0431242 0.0149095 0.00449117 1.28041e-11 0.0533741 0.170751 0.00327564 0.03649 0.259445 0.342961 0.00917971 8.94173e-05 0.0607222 0.00118732 
0.225531 0.240417 0.00409961 0.000159831 0.00447801 8.5134e-05 0.0236884 0.000507631 0.009232 0.485758 0.000957104 6.639e-06 0.00496547 0.000114277 
0.0811963 0.0395996 0.0225071 0.148613 0.262262 6.65632e-05 0.0111825 0.0365657 0.0698287 0.285935 0.00611231 0.002661 0.0329164 0.000553464 
0.182528 0.0971104 0.0119883 0.00199594 0.107644 0.000656147 0.010858 0.0597854 0.0486016 0.324108 0.0271898 0.00529514 0.119523 0.00271566 
0.0815025 0.0189954 0.0692698 7.50471e-05 0.0309802 0.00010654 0.0190956 0.0524517 0.0187193 0.388302 0.0612983 0.0264659 0.23163 0.00110759 
0.0738472 0.0103717 0.00218426 0.00605613 0.225436 4.17966e-08 0.0256696 0.00352265 0.196921 0.425728 0.00437605 0.000109716 0.0172571 0.00852098 
0.470752 0.00712081 0.000341858 3.34516e-06 0.00589959 5.1441e-05 0.00548349 0.00303351 0.0108804 0.476179 0.00108494 1.83908e-05 0.0190261 0.000125268 
0.429481 0.000255227 1.85643e-10 1.99119e-07 0.00134833 0.000223156 0.000183876 9.97832e-09 0.0483565 0.493315 0.000754771 2.82715e-05 0.0260534 4.31298e-09 
0.0884686 0.0483711 0.00948854 3.31151e-05 0.0123409 0.00743092 0.00701285 0.00184885 0.161001 0.3224 0.186505 0.0314515 0.122785 0.000863034 
0.242954 0.0158822 0.0764485 3.16629e-05 0.00206587 8.4935e-05 0.000779172 0.0204487 0.0176551 0.579679 0.00388808 1.49129e-05 0.0394698 0.000598178 
0.206076 0.0366651 0.0217895 4.85966e-05 0.197099 0.00110309 0.00227625 0.0195739 0.0598097 0.383932 0.00666515 0.0115753 0.0522042 0.00118267 
0.224358 0.00256655 5.72899e-05 8.24981e-06 0.00901584 0.00415738 0.00122584 0.00481429 0.0688533 0.491564 0.0142448 0.0010625 0.178072 8.16946e-08 
0.0807934 0.0599219 0.00829236 0.000745906 0.266922 0.0026907 0.0167647 0.00696747 0.0266739 0.29053 0.020713 4.58914e-05 0.218937 5.14935e-07 
0.0218837 0.0113806 0.000937017 4.01957e-05 0.247946 0.000268727 0.0989238 0.0142237 0.197787 0.386803 0.000422113 0.000607066 0.0177677 0.00101012 
0.243641 0.0571114 0.0355894 0.00112856 0.0529566 0.00013748 0.0036592 0.0106526 0.012056 0.526516 0.0108232 9.99587e-05 0.0456151 1.35213e-05 
0.367319 0.00996637 0.00401308 8.02372e-05 0.00351519 0.00562768 0.0299121 0.00487126 0.0706952 0.394271 0.0309094 0.00388602 0.0729554 0.00197784 
0.182765 0.15949 0.0149386 0.000659217 0.0371369 0.000269868 0.00779589 0.0134016 0.0152876 0.5152 0.0130043 0.00135024 0.0383889 0.000312576 
0.149765 0.0137402 0.0242486 0.000206486 0.174231 6.67698e-05 0.00145277 0.0350065 0.126394 0.443668 0.00242914 0.00109773 0.0263436 0.00135031 
0.00439733 0.000180356 0.035259 4.21211e-07 0.250774 3.28542e-05 0.00231763 3.72171e-05 0.0022102 0.698414 0.000228783 3.61989e-05 0.00498322 0.00112924 
0.290372 0.277167 0.000395077 2.29588e-08 0.0240439 4.99831e-05 0.00599718 2.37267e-05 0.0490148 0.297365 0.000466037 0.000141657 0.0549549 8.65562e-06 
0.314237 0.141485 0.00110928 9.84034e-06 0.0590858 5.68769e-05 0.0094435 0.0180116 0.00270568 0.445316 0.00221197 1.37481e-05 0.00624889 6.48084e-05 
0.292459 0.051653 0.0424438 8.97754e-05 0.0567397 0.00189646 0.023959 0.0108159 0.0149892 0.424346 0.0367544 2.98967e-05 0.0437767 4.70114e-05 
0.12933 0.0600254 0.0377342 0.0014837 0.0677995 0.000613261 0.0450798 0.00095967 0.0733195 0.535463 0.0341887 5.86457e-06 0.0136913 0.000307002 
0.197077 0.249666 0.00208233 9.05287e-05 0.00586198 0.000166681 0.00789871 0.00037541 0.11879 0.351215 0.00919609 3.30669e-05 0.0552974 0.00225034 
0.2038 0.21131 0.00133657 0.000209192 0.0264405 0.000100636 0.010706 8.59071e-05 0.142766 0.389187 0.000961697 4.17087e-05 0.0128353 0.000219142 
0.168097 0.28466 0.0139675 1.60839e-05 0.02683 3.45948e-05 0.182588 0.00250926 0.00250133 0.302977 0.00287105 2.29487e-05 0.0115046 0.00142026 
0.260164 0.0523941 0.0349968 0.0014024 0.0319474 0.00471288 0.0269587 0.0248813 0.137475 0.277423 0.0231849 0.00020138 0.123699 0.000559497 
0.0229026 0.0328698 0.000224687 2.00337e-10 0.0569233 0.00296906 0.00105673 0.00138517 0.110908 0.698408 0.00966059 3.73544e-05 0.0626407 1.37823e-05 
0.202925 0.01673 0.0115729 0.0126285 0.0639871 0.000123402 0.0126126 0.0359158 0.00633504 0.579659 0.00686368 2.27766e-05 0.0504703 0.000153854 
0.210984 0.0530804 0.0986678 0.00257797 0.0305179 7.05206e-05 0.0358291 0.00686704 0.00377822 0.449612 0.0299902 1.68917e-05 0.077931 7.67478e-05 
0.217472 0.0584355 0.030847 7.74881e-06 0.0193488 0.000398173 0.0438287 0.0777403 0.122228 0.245726 0.00989077 1.39589e-07 0.174077 4.12675e-07 
0.0525808 0.216512 0.00157596 0.000136885 0.100321 4.53094e-05 0.0041415 0.0580087 0.133775 0.420339 0.00106828 9.94056e-05 0.00479398 0.00660108 
0.0899075 0.00734901 0.00513955 7.58583e-07 0.0441644 0.0427298 0.00776275 0.0124119 0.0114946 0.723832 0.024887 0.000199563 0.0294629 0.000658597 
0.0273179 0.00708981 0.0124486 0.000104012 0.171416 3.36437e-06 0.00581677 0.00135831 0.000210192 0.769773 0.00121351 4.66175e-05 0.00320167 1.85842e-07 
0.144979 0.0554568 0.109712 0.0269733 0.13411 0.00386588 0.00788437 0.00015917 0.111984 0.362511 0.0184004 0.000514288 0.0234414 8.78578e-06 
0.173383 0.000130885 5.02522e-11 2.84362e-08 0.000786198 0.00740461 4.69563e-05 0.017767 0.0135955 0.690871 0.0133938 4.43086e-06 0.0826169 2.45408e-13 
0.237097 0.00594977 0.0159996 0.000448651 0.153098 0.000655812 0.00227492 0.0286172 0.0152788 0.363541 0.0308583 0.059802 0.0856203 0.000758704 
0.169998 0.00399278 0.00105013 6.59536e-07 0.00629104 2.58238e-06 0.00474324 0.00350417 0.00119596 0.808631 0.00016809 3.1485e-08 0.000413391 9.03675e-06 
0.170139 0.0447725 0.247052 0.00120396 0.00809866 0.00495172 0.0103454 0.023468 0.0329952 0.403422 0.0202358 0.00291465 0.0301572 0.000243682 
0.214354 0.0214784 0.0164152 0.000342176 0.0536407 0.0016632 0.0157657 0.040113 0.0138309 0.591552 0.00742552 0.000958508 0.0222658 0.000194833 
0.204721 0.286992 0.00027855 0.000325749 0.0261146 0.000247102 0.0286339 0.0210434 0.0862561 0.290295 0.00113563 0.000397446 0.0528267 0.000732663 
0.133604 0.0100949 0.0284796 0.00622743 0.229348 3.98599e-05 0.0224506 0.000931833 0.013619 0.533502 0.0130663 0.00154213 0.00705305 4.13061e-05 
0.200041 0.00161861 0.0345596 0.00141047 0.00703782 2.23231e-08 0.00394625 0.00842695 0.0178414 0.361768 0.335957 2.34401e-05 0.0273687 1.20876e-06 
0.0234925 0.0163706 0.0241141 2.34461e-10 0.0141801 2.59264e-05 0.00768709 0.000102957 0.405202 0.444852 0.000150291 4.91002e-06 0.0596911 0.00412669 
0.08415 0.00392186 0.0228013 4.59869e-09 0.0901704 9.51874e-07 0.00414576 0.00540615 0.141284 0.365915 0.191435 6.76817e-05 0.0906973 5.00451e-06 
0.00167819 0.00202098 0.0430174 7.31921e-05 0.302757 5.07084e-08 0.0148654 0.00214182 0.0169289 0.475667 0.0964756 5.34129e-05 0.0419973 0.00232456 
0.337447 0.287875 4.41168e-08 4.4858e-05 0.00558381 0.000116471 0.00251866 0.000333856 0.0197433 0.344497 2.05028e-08 1.32398e-05 0.00157233 0.000254571 
0.217767 0.0130354 0.00457349 0.000423713 0.0655368 0.00636356 0.0143163 0.100994 0.0543175 0.324675 0.0255363 5.63352e-05 0.171945 0.00045906 
0.236038 0.0099716 0.000984201 3.44405e-07 0.0298969 0.00953127 0.00245199 0.0980199 0.018413 0.498018 0.00529966 7.41563e-06 0.091065 0.000302998 
0.157834 0.215755 0.00526451 0.00075783 0.0419521 0.000484269 0.00713479 0.0197452 0.00670847 0.44879 0.00121681 0.000740472 0.0115745 0.0820429 
0.0960492 0.0581118 0.164676 3.69955e-05 0.134909 0.00834732 0.0145216 0.0136189 0.0309827 0.306982 0.006266 0.00373571 0.155957 0.00580556 
0.101312 0.0720927 0.000829838 8.92409e-05 0.0394948 0.000144211 0.00221953 0.000421845 0.0602224 0.685335 0.0143628 8.2345e-05 0.023015 0.000378819 
0.191912 0.00647378 0.00028994 1.8456e-05 0.0158072 0.0131143 0.0404796 0.00386275 0.0411388 0.536565 0.0483197 0.000119009 0.101894 4.30348e-06 
0.174043 0.0111741 0.0466146 5.49054e-05 0.0429274 0.000268947 0.00379909 0.0383252 0.161671 0.380731 0.0210514 6.44246e-05 0.119261 1.51849e-05 
0.215671 0.00261568 0.197181 0.000758711 0.0240973 0.000140129 0.0343153 0.0302174 0.0125828 0.394013 0.0570472 4.99818e-05 0.0313017 8.64686e-06 
0.263413 0.0104516 0.189448 0.00064711 0.141438 7.43503e-05 0.0417667 5.48813e-06 0.0020395 0.333322 0.00266419 0.000181057 0.0144769 7.16322e-05 
0.0250539 0.0297465 0.0393088 0.00339299 0.0130733 1.58534e-07 0.003791 0.181129 0.0377739 0.412049 0.0558851 1.58627e-07 0.0980083 0.100787 
0.234561 0.0216616 6.04992e-05 0.00386871 0.105172 0.00109889 0.00538582 0.0241809 0.141785 0.37328 0.00177256 0.0337181 0.0427372 0.0107183 
0.158243 0.0417011 0.0213536 0.0034126 0.102732 0.0012393 0.0134741 0.0184905 0.0117073 0.567623 0.0107658 0.00284729 0.0447483 0.0016626 
0.261598 0.00776215 0.0303736 0.0028493 0.236014 0.00133127 0.013174 0.00465432 0.00807471 0.397254 0.00927898 0.00688098 0.0205446 0.000210596 
0.132854 0.00191979 0.00715469 0.000187535 0.00943863 0.00997195 0.0204207 0.0243157 0.191304 0.275794 0.0419791 0.0156921 0.268608 0.00035854 
