0.908344 0.0196942 6.4235e-06 1.55076e-09 0.0070573 3.29551e-06 0.01045 0.00333362 0.00687944 1.20428e-10 2.04056e-06 3.43528e-05 0.0441952 1.02174e-08 
0.000874789 1.69311e-06 2.99089e-06 5.28479e-07 9.81325e-08 1.24372e-05 8.209e-05 0.000590272 1.25408e-06 4.10402e-08 0.00623365 3.14618e-06 0.992197 4.25788e-07 
4.67046e-07 1.25771e-06 1.89615e-06 5.20832e-06 0.000774667 5.56407e-06 2.57118e-06 1.21583e-06 0.99752 4.04463e-07 1.94804e-06 2.01734e-06 5.73393e-07 0.00168271 
0.00213401 1.77849e-10 2.68129e-10 7.3649e-10 3.01004e-07 7.86796e-10 3.63582e-10 1.71926e-10 0.986541 5.71938e-11 2.75465e-10 1.14392e-07 0.011325 5.9338e-10 
0.00173154 7.64284e-07 1.15225e-06 3.16497e-06 5.87699e-07 3.38116e-06 0.994346 7.38831e-07 7.69349e-07 2.45783e-07 0.00390764 1.22589e-06 3.48438e-07 2.54997e-06 
3.46019e-08 7.96342e-12 1.20058e-11 3.29773e-11 1.83767e-08 3.52298e-11 1.62799e-11 0.729392 4.89069e-08 2.56093e-12 0.0497178 1.27731e-11 0.22089 2.65694e-11 
0.143884 0.00260853 0.000673938 0.0024233 0.807781 2.60562e-05 3.0276e-05 0.000501764 0.00388004 3.72585e-07 7.05661e-05 0.0165378 0.0215067 7.62216e-05 
2.19105e-06 5.90029e-06 8.8954e-06 2.44337e-05 4.53705e-06 2.61026e-05 1.20622e-05 5.7038e-06 0.00377031 1.89745e-06 0.996106 9.46393e-06 2.68995e-06 1.96859e-05 
0.00666559 1.03139e-06 9.1886e-05 0.401703 0.0237545 0.149771 0.00174609 2.86786e-06 0.283524 2.9482e-09 0.0888929 5.12249e-05 0.0437951 3.05872e-08 
1.78359e-09 4.80305e-09 0.000121659 1.98899e-08 3.69333e-09 0.000178509 9.81904e-09 4.6431e-09 0.000125712 1.5446e-09 3.42283e-05 7.70399e-09 4.70812e-05 0.999493 
0.0293619 3.40061e-07 7.10077e-12 4.48617e-07 1.07655e-05 0.584813 1.03999e-07 0.00230966 9.72411e-07 1.51465e-12 0.0117945 7.29028e-07 0.371075 0.000632262 
0.0190265 3.37972e-07 5.09533e-07 1.39957e-06 2.59885e-07 1.49517e-06 6.90927e-07 3.26716e-07 0.980966 1.08687e-07 5.23475e-07 5.42099e-07 1.54082e-07 1.12762e-06 
0.000142463 0.000988067 1.15672e-06 1.85052e-05 0.170854 1.52143e-05 4.29026e-06 0.000122279 0.346775 1.6693e-10 0.422028 0.026837 0.0287306 0.0034833 
0.00753323 6.22807e-10 9.38956e-10 1.29213e-06 4.31067e-06 2.75527e-09 0.0846783 1.80679e-06 0.907727 2.00286e-10 2.37313e-05 9.98968e-10 3.07224e-05 2.07795e-09 
0.109835 0.00363373 0.0150731 0.000981612 0.834487 1.11917e-05 1.2927e-05 0.000202394 0.00605413 2.22808e-06 2.89216e-05 0.0128182 0.0168279 3.15578e-05 
0.908344 0.0196942 6.4235e-06 1.55076e-09 0.0070573 3.29551e-06 0.01045 0.00333362 0.00687944 1.20428e-10 2.04056e-06 3.43528e-05 0.0441952 1.02174e-08 
0.908344 0.0196942 6.4235e-06 1.55076e-09 0.0070573 3.29551e-06 0.01045 0.00333362 0.00687944 1.20428e-10 2.04056e-06 3.43528e-05 0.0441952 1.02174e-08 
0.674352 0.136201 0.106592 4.05738e-05 0.0549584 0.000418942 0.027279 2.23671e-05 9.4223e-06 2.09618e-09 2.56384e-05 3.31442e-06 9.21568e-05 4.5734e-06 
3.39145e-06 9.13288e-06 1.37689e-05 3.78202e-05 7.02276e-06 4.04035e-05 1.86706e-05 8.82873e-06 0.999795 2.93701e-06 1.41457e-05 1.46489e-05 4.16369e-06 3.04712e-05 
2.44422e-05 1.93533e-08 2.91774e-08 8.0144e-08 5.65657e-05 8.56182e-08 3.95646e-08 1.87088e-08 0.985158 6.22376e-09 0.0147301 3.10423e-08 3.08901e-05 6.45708e-08 
0.000250407 0.000115605 9.16816e-13 2.51829e-12 3.36486e-05 2.6903e-12 2.36333e-09 0.443836 0.000255079 1.95563e-13 0.00359942 2.0561e-05 0.551889 5.13346e-08 
1.09042e-05 2.93641e-05 4.42699e-05 0.0001216 2.25797e-05 0.000129906 6.003e-05 2.83862e-05 2.95587e-05 9.4431e-06 4.54813e-05 4.70994e-05 1.33871e-05 0.999408 
1.58719e-06 4.27416e-06 6.44381e-06 1.76997e-05 3.28663e-06 1.89087e-05 8.7378e-06 4.13182e-06 0.999904 1.37451e-06 6.62013e-06 6.85566e-06 1.94859e-06 1.42604e-05 
0.831931 0.0109308 2.4231e-06 6.65571e-06 0.0320107 0.00498436 3.28572e-06 0.00264286 0.0770131 5.16864e-07 2.4894e-06 0.00309614 0.0373705 5.36241e-06 
2.0115e-06 5.4168e-06 8.16648e-06 2.24315e-05 4.16527e-06 0.00721307 1.10737e-05 5.23641e-06 0.99185 1.74197e-06 0.000847383 8.68843e-06 2.46952e-06 1.80727e-05 
0.807194 0.113051 7.55644e-07 2.07559e-06 0.0178343 2.21736e-06 0.00178006 5.35308e-06 0.0198266 1.61184e-07 7.7632e-07 8.0394e-07 0.0401041 0.000198518 
0.00105879 1.85558e-08 5.69361e-05 7.68412e-08 0.000542988 8.20899e-08 3.79341e-08 7.2061e-05 0.972017 5.96727e-09 2.87405e-08 3.43933e-05 0.0262177 6.19099e-08 
9.74025e-12 1.28552e-07 1.18673e-07 1.0862e-10 2.01694e-11 1.16039e-10 5.36221e-11 2.03865e-06 0.999996 8.43509e-12 4.06264e-11 4.20717e-11 1.832e-06 8.75132e-11 
7.97401e-07 2.14733e-06 3.23736e-06 8.89231e-06 0.996007 9.4997e-06 4.38986e-06 2.07582e-06 0.00237988 6.90552e-07 3.32594e-06 3.44427e-06 0.00156733 7.1644e-06 
0.302448 0.000455992 1.4209e-12 8.97707e-08 0.696252 0.00011078 2.91558e-05 7.92742e-09 1.94585e-07 3.03089e-13 7.44504e-08 0.000321087 0.00038228 1.05345e-07 
1.16842e-07 3.14644e-07 0.000427402 1.30297e-06 2.41947e-07 1.39197e-06 6.43237e-07 3.04166e-07 0.999566 1.01185e-07 4.87344e-07 5.04682e-07 1.43447e-07 1.04979e-06 
0.000423663 0.00598749 0.00237802 0.915994 2.27779e-08 1.31046e-07 6.0557e-08 8.81216e-05 0.0740086 9.526e-09 0.00102711 4.75129e-08 9.29604e-05 9.88313e-08 
0.908344 0.0196942 6.4235e-06 1.55076e-09 0.0070573 3.29551e-06 0.01045 0.00333362 0.00687944 1.20428e-10 2.04056e-06 3.43528e-05 0.0441952 1.02174e-08 
0.760589 4.29433e-05 3.5736e-08 0.0187496 0.168329 9.65027e-05 0.000811483 0.000450032 0.00636644 7.62274e-09 0.000954538 0.000953687 0.0422996 0.000356973 
0.00210023 0.0329554 3.74818e-08 0.0111383 0.000388259 0.00736959 0.00620458 0.0498611 0.000871098 2.17442e-08 0.00199995 3.99591e-06 0.88137 0.0057377 
0.00473272 0.000233817 9.32212e-06 3.25605e-06 0.00527969 4.83422e-05 0.000156724 3.49467e-06 0.000260009 1.68123e-06 0.088954 0.000189623 1.7709e-05 0.90011 
0.0687376 5.72682e-05 1.56417e-05 1.8672e-08 0.000109566 0.000412931 1.56795e-05 4.35879e-09 0.000103036 1.45002e-09 6.98379e-09 2.60433e-05 0.930474 4.81552e-05 
1.53126e-06 0.996496 6.21676e-06 0.0034151 3.17083e-06 1.82425e-05 2.11694e-05 3.98623e-06 4.15089e-06 1.32608e-06 6.38687e-06 6.6141e-06 1.87993e-06 1.37579e-05 
5.71837e-05 1.9019e-07 2.86735e-07 7.87597e-07 1.46248e-07 8.41394e-07 3.88812e-07 1.83857e-07 0.999838 6.11626e-08 2.94581e-07 3.05061e-07 0.000101139 6.34556e-07 
3.52218e-10 9.48493e-10 1.42997e-09 3.9278e-09 7.29347e-10 4.20029e-06 1.93903e-09 9.16906e-10 0.996796 3.05022e-10 1.48378e-07 0.00319925 4.36744e-08 3.16457e-09 
3.3353e-05 0.000162996 8.52618e-05 2.75491e-08 1.33056e-05 2.94309e-08 4.35341e-05 6.43107e-09 0.999661 2.13939e-09 1.03041e-08 1.06706e-08 3.03293e-09 2.21959e-08 
0.0083489 1.48237e-09 1.86804e-07 3.05404e-11 5.671e-12 4.2447e-08 0.976296 7.12934e-12 7.42383e-12 2.37168e-12 0.000589327 1.18293e-11 0.0147659 2.4606e-11 
0.000570756 0.000857329 0.98507 0.000326301 0.00131135 6.83372e-08 0.000429507 0.000204592 0.00858486 4.96757e-09 0.00140684 0.000126386 0.000879595 0.000231973 
1.81099e-08 4.87685e-08 7.35244e-08 2.01955e-07 0.00013879 2.1575e-07 9.9699e-08 4.71444e-08 0.998598 1.56833e-08 7.55362e-08 0.000383374 2.22336e-08 0.000878812 
0.00052729 0.000712121 0.00136725 3.44362e-05 0.828784 1.20433e-06 5.56528e-07 2.63164e-07 0.164204 8.75454e-08 4.21649e-07 4.36651e-07 0.00436699 9.08274e-07 
0.000433756 2.32966e-08 7.31566e-12 0.999368 3.73131e-12 2.1467e-11 1.20042e-07 1.93268e-07 4.88461e-12 1.56048e-12 8.00179e-05 1.0126e-08 0.000117946 1.61898e-11 
3.63377e-09 5.0894e-05 1.47527e-08 4.05224e-08 7.52454e-09 0.000138572 2.00047e-08 9.45955e-09 0.9996 3.14686e-09 1.51564e-08 1.58526e-06 0.000146778 6.20647e-05 
4.82894e-06 1.04023e-09 1.56827e-09 3.05889e-05 1.07993e-05 4.60194e-09 2.12658e-09 1.00559e-09 0.999922 3.34524e-10 1.61118e-09 2.68646e-05 8.54111e-07 3.82119e-06 
0.908344 0.0196942 6.4235e-06 1.55076e-09 0.0070573 3.29551e-06 0.01045 0.00333362 0.00687944 1.20428e-10 2.04056e-06 3.43528e-05 0.0441952 1.02174e-08 
0.999996 1.79431e-07 2.70514e-07 7.43043e-07 1.37975e-07 7.93797e-07 3.66817e-07 1.73456e-07 1.80621e-07 5.77027e-08 2.77916e-07 2.87804e-07 8.1803e-08 5.98659e-07 
1.77884e-05 4.79026e-05 7.22189e-05 0.000198369 3.68349e-05 0.000211919 0.998972 4.63073e-05 4.822e-05 1.54048e-05 7.4195e-05 7.68346e-05 2.18388e-05 0.000159823 
0.00612094 0.0051285 0.440246 0.000179397 0.015604 7.36546e-12 0.000629629 0.000302123 0.510851 5.3541e-13 0.00891605 6.94863e-05 0.0118411 0.000112536 
5.8463e-10 1.57436e-09 2.37353e-09 6.51957e-09 0.0126016 6.96489e-09 3.21851e-09 1.52193e-09 0.984101 5.06292e-10 2.43848e-09 0.00328862 7.17751e-10 8.40963e-06 
0.000573053 0.132499 0.000435629 1.27862e-09 4.33858e-05 1.36596e-09 6.31217e-10 2.98482e-10 0.865183 9.92944e-11 4.78237e-10 0.000158211 5.3256e-07 0.00110678 
3.52218e-10 9.48493e-10 1.42997e-09 3.9278e-09 7.29347e-10 4.20029e-06 1.93903e-09 9.16906e-10 0.996796 3.05022e-10 1.48378e-07 0.00319925 4.36744e-08 3.16457e-09 
4.05777e-07 1.09272e-06 1.64741e-06 4.52507e-06 8.40252e-07 4.83415e-06 2.23388e-06 1.05633e-06 0.999975 3.51404e-07 1.69249e-06 1.7527e-06 4.98173e-07 3.64578e-06 
0.0422691 0.952978 4.24954e-07 1.16725e-06 0.000239552 1.24698e-06 0.000463987 3.00628e-05 0.00385404 9.06457e-08 4.36582e-07 4.52114e-07 0.000160886 9.4044e-07 
0.00473272 0.000233817 9.32212e-06 3.25605e-06 0.00527969 4.83422e-05 0.000156724 3.49467e-06 0.000260009 1.68123e-06 0.088954 0.000189623 1.7709e-05 0.90011 
0.000367543 6.66129e-07 0.003537 2.7585e-06 0.00091897 2.94692e-06 0.993847 6.43945e-07 0.000394164 2.14218e-07 1.03175e-06 0.000756541 0.000168616 2.22249e-06 
6.25347e-05 1.98095e-08 2.98651e-08 8.2033e-08 3.35269e-05 8.76362e-08 4.04971e-08 1.91498e-08 0.999758 6.37045e-09 3.06823e-08 1.27413e-05 0.000132767 6.60928e-08 
0.0553061 3.92676e-08 5.92006e-08 0.944572 3.0195e-08 1.73718e-07 8.0276e-08 3.79599e-08 3.95279e-08 1.26279e-08 0.000121445 6.29844e-08 1.79021e-08 1.31013e-07 
0.000304262 9.57112e-13 1.44296e-12 3.9635e-12 1.36331e-09 4.23422e-12 1.95665e-12 1.68117e-09 1.59155e-09 3.07794e-13 0.984616 3.99809e-10 0.0150799 3.19333e-12 
0.00269021 3.16841e-05 1.10918e-09 3.04666e-09 0.00109391 3.25476e-09 8.437e-07 0.0745463 0.500657 2.36595e-10 0.000686323 0.00118753 0.33471 0.0843964 
0.982709 0.000614795 0.00699404 0.000233992 0.000940379 4.9005e-08 0.000308002 0.000146714 0.00615625 3.56227e-09 0.00100886 9.06324e-05 0.000630762 0.000166349 
1.61053e-08 4.33701e-08 6.53856e-08 1.796e-07 3.33496e-08 0.00019206 8.86628e-08 4.19257e-08 0.999701 1.39472e-08 6.71747e-08 0.000104416 1.99702e-06 1.44701e-07 
0.000304262 9.57112e-13 1.44296e-12 3.9635e-12 1.36331e-09 4.23422e-12 1.95665e-12 1.68117e-09 1.59155e-09 3.07794e-13 0.984616 3.99809e-10 0.0150799 3.19333e-12 
0.000738675 2.24191e-08 3.37994e-08 0.000289086 0.000102052 5.02865e-05 4.5832e-08 2.16724e-08 0.99763 7.20966e-09 3.47243e-08 0.00115314 1.02209e-08 3.61484e-05 
2.44151e-05 1.11418e-08 1.67976e-08 4.61393e-08 6.08382e-05 4.92909e-08 2.27776e-08 1.07708e-08 0.999609 3.58305e-09 0.000124269 0.000116181 6.50235e-05 3.71738e-08 
0.760589 4.29433e-05 3.5736e-08 0.0187496 0.168329 9.65027e-05 0.000811483 0.000450032 0.00636644 7.62274e-09 0.000954538 0.000953687 0.0422996 0.000356973 
0.000724347 0.000364741 1.63649e-06 4.49508e-06 0.00114235 4.80212e-06 2.21908e-06 1.04933e-06 0.277007 3.49076e-07 1.68127e-06 0.000403371 0.720338 3.62162e-06 
1.49148e-06 0.00442207 6.05523e-06 1.66324e-05 3.08844e-06 0.0160093 8.21088e-06 3.88266e-06 0.067927 1.29162e-06 6.22091e-06 0.91158 1.83109e-06 1.34005e-05 
0.00715263 3.26918e-10 1.92268e-06 1.3538e-09 0.0141065 1.44627e-09 7.35829e-07 3.1603e-10 0.444337 1.05132e-10 0.457982 0.000158202 0.0762604 1.09074e-09 
0.00270607 6.99284e-09 1.05425e-08 2.8958e-08 5.86165e-05 3.0936e-08 1.42957e-08 1.14987e-05 0.997178 2.2488e-09 3.90024e-05 1.12164e-08 7.01689e-06 2.33311e-08 
0.908344 0.0196942 6.4235e-06 1.55076e-09 0.0070573 3.29551e-06 0.01045 0.00333362 0.00687944 1.20428e-10 2.04056e-06 3.43528e-05 0.0441952 1.02174e-08 
4.31332e-10 1.16154e-09 0.166021 0.0046864 2.51725e-07 5.1386e-09 2.37457e-09 0.371082 0.0060062 3.73535e-10 0.00622801 3.10297e-06 0.445973 1.0889e-07 
0.0154327 1.25892e-08 1.89798e-08 5.21333e-08 1.03771e-05 4.48e-05 6.00503e-05 1.217e-08 0.899097 4.04852e-09 9.79994e-06 2.01928e-08 0.0853448 4.2003e-08 
1.26673e-07 3.66754e-11 5.52925e-11 1.51876e-10 1.24116e-07 0.000555658 7.49766e-11 3.5454e-11 0.99284 1.17943e-11 5.68055e-11 0.00660345 1.67203e-11 7.34311e-07 
0.110181 0.0335213 0.0510825 0.0617593 0.0761543 0.00176897 0.00627834 0.0434736 0.451426 1.04754e-05 0.0311245 0.0063689 0.126822 2.85337e-05 
0.0034114 6.42978e-10 9.69366e-10 2.66263e-09 0.0176576 2.84451e-09 1.31446e-09 6.21565e-10 0.978732 2.06773e-10 9.95891e-10 0.000186568 6.68377e-06 5.57981e-06 
0.0140254 0.00051481 9.16043e-09 6.58171e-09 0.015568 9.48856e-05 0.00040082 3.434e-09 0.000681567 1.00199e-13 6.92045e-08 0.000497488 3.58107e-08 0.968217 
0.00314925 2.30919e-09 4.58165e-06 9.56259e-09 0.0453956 1.02158e-08 0.0141283 5.30373e-06 0.925184 7.42604e-10 0.0121302 3.70389e-09 2.86221e-06 7.70444e-09 
4.25159e-07 0.00131779 0.00300759 4.74121e-06 0.993121 5.06506e-06 2.34059e-06 3.01993e-05 1.1525e-06 3.68189e-07 0.00250308 1.83642e-06 5.21968e-07 3.81992e-06 
6.78478e-05 0.000164318 2.5148e-05 3.54217e-09 0.313374 2.80063e-05 2.50077e-05 9.42729e-06 0.684017 2.75075e-10 3.0485e-06 4.30821e-05 1.24828e-06 0.00224173 
5.12419e-05 2.61565e-07 0.000178374 1.08317e-06 0.0113846 1.15715e-06 5.34726e-07 2.52854e-07 0.988381 8.41157e-08 4.05131e-07 4.19544e-07 1.19248e-07 8.72692e-07 
3.28825e-07 4.93927e-07 5.61902e-06 1.87989e-07 0.00279611 3.93707e-11 2.47449e-07 1.1787e-07 0.996117 2.86193e-12 8.10515e-07 0.000356862 5.06755e-07 0.000721819 
1.22117e-06 3.28851e-06 4.95782e-06 1.3618e-05 0.00253123 1.45482e-05 6.7228e-06 3.17899e-06 0.997397 1.05754e-06 5.09348e-06 5.27469e-06 1.49923e-06 1.09718e-05 
0.00015525 3.28059e-06 5.37264e-07 6.49281e-08 1.20564e-08 2.17821e-06 3.2053e-08 6.84267e-05 3.18772e-05 5.04213e-09 0.959959 4.19779e-07 0.0396111 0.000167427 
3.63227e-05 0.997799 0.000147466 0.000405056 7.52143e-05 0.000432724 0.000199964 9.45563e-05 9.8462e-05 3.14555e-05 0.000151501 0.000156891 4.45934e-05 0.000326348 
9.34492e-05 0.00169154 3.00832e-07 8.26319e-07 7.76869e-05 0.000160585 4.07928e-07 0.000204763 0.996949 6.41696e-08 0.000233603 7.41961e-05 0.000513122 6.65753e-07 
2.08088e-07 1.64764e-10 2.48401e-10 6.82304e-10 4.68901e-07 7.28908e-10 3.36832e-10 1.59277e-10 0.995461 5.29858e-11 2.80973e-07 0.00453458 7.5116e-11 2.96906e-06 
0.00367865 6.09049e-05 2.32534e-06 1.39384e-05 0.00564536 1.23473e-05 7.70222e-05 0.000199272 0.000231189 2.20577e-06 9.96889e-05 0.000140967 0.000201627 0.989635 
0.908344 0.0196942 6.4235e-06 1.55076e-09 0.0070573 3.29551e-06 0.01045 0.00333362 0.00687944 1.20428e-10 2.04056e-06 3.43528e-05 0.0441952 1.02174e-08 
6.75189e-07 1.81822e-06 2.74119e-06 7.52945e-06 1.39813e-06 8.04375e-06 3.71705e-06 1.75767e-06 0.0137007 5.84716e-07 0.0463325 0.939932 8.2893e-07 6.06637e-06 
0.00015525 3.28059e-06 5.37264e-07 6.49281e-08 1.20564e-08 2.17821e-06 3.2053e-08 6.84267e-05 3.18772e-05 5.04213e-09 0.959959 4.19779e-07 0.0396111 0.000167427 
7.27057e-05 3.31792e-08 5.00216e-08 1.37398e-07 0.00018117 1.46783e-07 6.78293e-08 3.20742e-08 0.998836 1.067e-08 0.000370062 0.000345975 0.000193633 1.107e-07 
0.876608 0.0221422 3.92437e-06 6.5398e-10 0.0372049 0.000207555 0.00920247 0.0015483 0.00687767 5.07863e-11 1.24658e-06 2.42907e-05 0.0461797 6.00596e-09 
0.00134789 0.000565925 0.0473562 0.000348766 0.0436993 0.00180412 7.57086e-05 0.0168919 0.76468 1.01228e-06 0.0092952 0.00164284 0.111735 0.00055672 
0.000304262 9.57112e-13 1.44296e-12 3.9635e-12 1.36331e-09 4.23422e-12 1.95665e-12 1.68117e-09 1.59155e-09 3.07794e-13 0.984616 3.99809e-10 0.0150799 3.19333e-12 
0.573316 0.00985732 3.58724e-05 5.93258e-07 0.183623 4.03396e-05 3.57497e-05 1.35046e-05 0.229837 4.60708e-08 2.21893e-07 6.13155e-05 6.53128e-08 0.0031791 
0.302448 0.000455992 1.4209e-12 8.97707e-08 0.696252 0.00011078 2.91558e-05 7.92742e-09 1.94585e-07 3.03089e-13 7.44504e-08 0.000321087 0.00038228 1.05345e-07 
0.984264 0.0103238 1.87501e-06 5.15023e-06 0.00248743 0.00165611 2.54251e-06 1.20227e-06 1.25193e-06 3.99952e-07 1.92631e-06 1.99484e-06 0.00124796 4.14946e-06 
0.025221 6.16673e-06 0.100062 5.97364e-05 0.00422633 0.0354291 0.000927033 5.65943e-05 0.00236667 4.48831e-07 0.00663606 0.774856 0.0500241 0.000129444 
0.000444244 1.59486e-07 2.40445e-07 6.60449e-07 0.00061331 0.00148238 0.00277169 0.00538087 0.00897454 5.12886e-08 0.000617806 5.14183e-05 0.979662 5.32114e-07 
8.04688e-09 2.16695e-08 3.26694e-08 8.97357e-08 1.66629e-08 9.59611e-05 4.42997e-08 2.09479e-08 0.998154 6.96862e-09 3.35634e-08 5.21708e-05 0.00169725 7.22988e-08 
2.07744e-06 5.59436e-06 8.43417e-06 2.31668e-05 4.30181e-06 0.999893 1.14367e-05 5.40806e-06 5.63144e-06 1.79907e-06 8.66496e-06 8.97323e-06 2.55048e-06 1.86652e-05 
0.908344 0.0196942 6.4235e-06 1.55076e-09 0.0070573 3.29551e-06 0.01045 0.00333362 0.00687944 1.20428e-10 2.04056e-06 3.43528e-05 0.0441952 1.02174e-08 
0.0456684 0.00583414 0.0440695 1.62685e-05 0.00739416 0.0393116 0.00546412 0.00513245 0.73899 2.75045e-06 0.00977454 0.000555709 0.0969563 0.000830418 
0.000645262 0.00157655 0.0445913 3.9849e-05 0.0036349 1.81817e-05 8.79281e-05 4.21042e-05 0.939043 3.30223e-06 0.00287551 0.000219265 0.00704149 0.000181622 
0.908344 0.0196942 6.4235e-06 1.55076e-09 0.0070573 3.29551e-06 0.01045 0.00333362 0.00687944 1.20428e-10 2.04056e-06 3.43528e-05 0.0441952 1.02174e-08 
3.52218e-10 9.48493e-10 1.42997e-09 3.9278e-09 7.29347e-10 4.20029e-06 1.93903e-09 9.16906e-10 0.996796 3.05022e-10 1.48378e-07 0.00319925 4.36744e-08 3.16457e-09 
2.09816e-08 1.55442e-05 8.5183e-08 2.33979e-07 0.000248935 2.49961e-07 1.15508e-07 5.462e-08 0.980872 1.81701e-08 2.19717e-05 1.01145e-05 0.0188306 1.88513e-07 
7.87388e-08 2.12037e-07 3.19671e-07 8.78065e-07 1.63046e-07 9.38041e-07 4.33473e-07 2.04975e-07 0.999995 6.81881e-08 3.28418e-07 3.40102e-07 9.66677e-08 7.07444e-07 
0.0013156 6.55951e-07 9.88924e-07 0.960509 5.04396e-07 2.9019e-06 1.34098e-06 6.34106e-07 0.0359209 2.10945e-07 1.01598e-06 1.05213e-06 0.00224316 2.18853e-06 
0.00138607 7.31731e-07 1.10317e-06 0.000306048 5.62667e-07 3.23715e-06 1.4959e-06 7.07362e-07 0.99696 2.35314e-07 1.13336e-06 1.17368e-06 0.00133472 2.44136e-06 
0.908344 0.0196942 6.4235e-06 1.55076e-09 0.0070573 3.29551e-06 0.01045 0.00333362 0.00687944 1.20428e-10 2.04056e-06 3.43528e-05 0.0441952 1.02174e-08 
4.28747e-05 1.66156e-07 2.13716e-09 5.87032e-09 1.09005e-09 1.3722e-06 2.89799e-09 0.00199359 0.000310421 4.55872e-10 0.351559 2.57881e-07 0.646089 3.26133e-06 
0.908344 0.0196942 6.4235e-06 1.55076e-09 0.0070573 3.29551e-06 0.01045 0.00333362 0.00687944 1.20428e-10 2.04056e-06 3.43528e-05 0.0441952 1.02174e-08 
3.24619e-05 2.25002e-08 3.39217e-08 9.31754e-08 1.99153e-05 0.000121732 4.59978e-08 2.17508e-08 2.26493e-08 7.23574e-09 0.00490548 3.60897e-08 0.99492 7.50701e-08 
2.75447e-06 7.41756e-06 1.11829e-05 3.07168e-05 5.70376e-06 3.2815e-05 1.51639e-05 7.17053e-06 7.46672e-06 2.38538e-06 1.14888e-05 1.18976e-05 3.38167e-06 0.99985 
1.68161e-05 0.0525307 2.91203e-07 0.00286272 0.00330509 1.53948e-05 5.49521e-05 1.86721e-07 0.810152 6.21156e-08 0.00414756 0.00011412 0.126799 6.44443e-07 
0.00395196 0.00149563 3.78263e-07 1.03901e-06 0.275383 1.10997e-06 5.12925e-07 2.42545e-07 0.718475 8.06862e-08 1.27171e-05 0.000166375 0.000511778 8.37112e-07 
0.000467623 0.0104225 0.912831 1.55497e-06 0.00690911 1.66119e-06 0.00041455 1.15711e-05 0.0678349 1.20755e-07 0.00100295 6.0229e-07 0.000100445 1.25282e-06 
3.44137e-09 9.26731e-09 2.64136e-06 3.83769e-08 7.12614e-09 4.09982e-08 1.89455e-08 0.000958977 0.997404 2.98024e-09 1.43539e-08 1.48646e-08 0.00163416 3.09197e-08 
2.70764e-06 6.5604e-05 1.87328e-05 1.10417e-06 0.00527448 1.82309e-08 8.42457e-09 3.9837e-09 0.987439 1.32524e-09 6.38281e-09 0.000494134 1.80372e-05 0.00668571 
0.908344 0.0196942 6.4235e-06 1.55076e-09 0.0070573 3.29551e-06 0.01045 0.00333362 0.00687944 1.20428e-10 2.04056e-06 3.43528e-05 0.0441952 1.02174e-08 
2.29923e-06 5.66781e-09 8.54491e-09 2.3471e-08 2.68e-06 1.13722e-05 1.15869e-08 2.16293e-05 1.29913e-05 1.82269e-09 2.09241e-05 9.09104e-09 0.999928 1.89102e-08 
2.84689e-07 0.00222403 1.1558e-06 3.17474e-06 5.89512e-07 3.39159e-06 1.56727e-06 7.41111e-07 0.997759 2.46541e-07 1.18743e-06 1.22968e-06 3.49513e-07 2.55784e-06 
0.143884 0.00260853 0.000673938 0.0024233 0.807781 2.60562e-05 3.0276e-05 0.000501764 0.00388004 3.72585e-07 7.05661e-05 0.0165378 0.0215067 7.62216e-05 
0.991173 3.77478e-06 5.69093e-06 1.56317e-05 2.90263e-06 1.66995e-05 7.7169e-06 3.64907e-06 0.00874335 1.21392e-06 5.84665e-06 6.05466e-06 1.72092e-06 1.25943e-05 
3.46019e-08 7.96342e-12 1.20058e-11 3.29773e-11 1.83767e-08 3.52298e-11 1.62799e-11 0.729392 4.89069e-08 2.56093e-12 0.0497178 1.27731e-11 0.22089 2.65694e-11 
0.000194603 1.91599e-05 4.00075e-10 2.52762e-05 0.000606556 2.07806e-05 5.85956e-06 2.23207e-06 0.536977 8.53388e-11 0.10693 4.10752e-05 0.355148 2.96612e-05 
0.00119796 1.60498e-05 2.41969e-05 6.64637e-05 0.998443 7.10035e-05 3.2811e-05 1.55153e-05 1.61561e-05 5.16138e-06 2.4859e-05 2.57435e-05 7.3171e-06 5.35488e-05 
2.31851e-06 1.23055e-06 1.42598e-09 3.91684e-09 0.609375 3.55714e-05 1.93362e-09 3.40146e-05 0.3902 3.04171e-10 3.09128e-05 2.4289e-06 0.000318193 3.15574e-09 
0.194946 0.481269 0.00412366 4.80399e-10 0.0534839 3.11139e-07 0.0191562 4.2852e-06 0.191336 3.73065e-11 2.89104e-05 1.86074e-10 0.0556518 9.53065e-07 
2.39244e-05 2.99102e-08 4.50933e-08 1.23861e-07 0.00394023 0.000590397 6.11464e-08 2.89141e-08 0.537593 9.61872e-09 0.00200802 0.000113843 0.45573 9.97932e-08 
2.0841e-07 5.6123e-07 8.46121e-07 2.32411e-06 4.34921e-05 3.82917e-05 1.14734e-06 5.42539e-07 0.998429 1.80484e-07 8.69273e-07 0.001142 2.55865e-07 0.00033986 
0.00369256 7.02945e-05 3.7658e-06 1.65994e-05 0.00566911 1.51958e-05 8.19431e-05 0.000210284 0.000237668 2.56466e-06 0.000107614 0.000146444 0.000206335 0.98954 
0.0553061 3.92676e-08 5.92006e-08 0.944572 3.0195e-08 1.73718e-07 8.0276e-08 3.79599e-08 3.95279e-08 1.26279e-08 0.000121445 6.29844e-08 1.79021e-08 1.31013e-07 
0.000127449 1.37229e-07 2.06889e-07 5.68279e-07 0.00150908 6.07095e-07 2.80541e-07 0.00238799 1.38138e-07 4.41309e-08 0.00327349 2.20112e-07 0.992699 4.57854e-07 
0.000927875 6.51308e-06 7.38767e-05 0.000771495 0.00150984 1.70717e-05 3.29697e-06 1.29308e-05 0.797133 2.36896e-08 0.0386501 3.66464e-05 0.160809 4.75801e-05 
0.000224133 0.000301953 0.00212255 1.38781e-06 2.577e-07 1.4826e-06 6.85119e-07 3.2397e-07 0.997345 1.07773e-07 5.19075e-07 5.37542e-07 1.52786e-07 1.11814e-06 
0.00284329 0.0143557 0.00932375 3.04848e-06 0.0020384 3.25671e-06 0.00496781 7.11636e-07 0.958078 2.36736e-07 0.00672835 0.00165425 3.35612e-07 2.45612e-06 
0.0327607 0.00430118 0.000202524 0.0424322 0.813454 1.47651e-05 0.00155113 0.000396222 0.103416 3.27145e-07 6.47149e-06 4.3001e-05 0.00140758 1.41647e-05 
0.973379 5.05399e-08 7.61949e-08 2.09291e-07 8.55371e-05 2.23586e-07 0.000651021 4.88567e-08 0.0252543 1.62529e-08 0.000258401 3.2507e-05 0.000338729 1.68622e-07 
3.52218e-10 9.48493e-10 1.42997e-09 3.9278e-09 7.29347e-10 4.20029e-06 1.93903e-09 9.16906e-10 0.996796 3.05022e-10 1.48378e-07 0.00319925 4.36744e-08 3.16457e-09 
1.05642e-07 2.84486e-07 4.28896e-07 1.17808e-06 2.18756e-07 1.25855e-06 5.81583e-07 2.75012e-07 0.999981 9.14866e-08 4.40632e-07 4.56309e-07 1.30994e-05 9.49165e-07 
0.00129428 2.49034e-06 4.73285e-06 6.77217e-07 1.25751e-07 2.37038e-05 0.000110875 0.0023856 1.63535e-06 5.25908e-08 0.00788476 4.95141e-06 0.988286 5.45624e-07 
8.20874e-05 2.14595e-08 3.26763e-06 8.88658e-08 0.000211234 9.49358e-08 4.38703e-08 2.07448e-08 2.16017e-08 6.90107e-09 5.98617e-05 3.44205e-08 0.999643 7.15979e-08 
4.02632e-08 1.08425e-07 1.63464e-07 4.49e-07 8.3374e-08 4.79669e-07 0.00210597 0.000157326 0.992128 3.48681e-08 0.00060474 1.73912e-07 0.000914529 0.00408817 
3.6625e-10 9.86278e-10 1.48693e-09 4.08428e-09 2.80684e-06 4.36325e-09 1.41341e-06 9.53432e-10 0.999969 3.17173e-10 1.52762e-09 7.75323e-06 8.54776e-07 1.77728e-05 
9.89706e-07 2.66519e-06 4.01809e-06 0.999948 2.04941e-06 1.17907e-05 5.44853e-06 2.57643e-06 2.68285e-06 8.57088e-07 4.12804e-06 4.2749e-06 1.21506e-06 8.8922e-06 
7.34556e-10 1.97809e-09 2.98221e-09 8.19148e-09 1.52106e-09 4.48308e-06 4.04388e-09 1.91222e-09 0.998925 6.36127e-10 2.01764e-07 0.00107026 4.7011e-08 6.59976e-09 
0.000507176 2.35504e-12 3.55051e-12 9.75247e-12 5.45165e-09 1.2093e-08 4.81449e-12 6.72266e-09 6.36417e-09 7.57349e-13 0.982883 1.59674e-09 0.0166097 7.85742e-12 
0.00491253 0.00139794 9.63818e-08 5.74615e-07 0.413272 0.000737923 1.4604e-09 3.04472e-05 0.508045 2.2973e-10 1.54714e-06 0.0209629 2.01908e-06 0.0506373 
2.65293e-08 0.00016453 1.07706e-07 2.95844e-07 5.49348e-08 3.16052e-07 0.000366019 6.90618e-08 0.999432 2.29744e-08 1.10653e-07 1.1459e-07 3.60046e-05 2.38357e-07 
2.23186e-06 6.59077e-05 7.95774e-05 1.18845e-06 5.51668e-06 1.26963e-06 8.10769e-05 2.77433e-07 0.999734 9.2292e-08 1.12623e-05 1.05738e-05 5.79153e-06 9.57521e-07 
2.63331e-08 7.09126e-08 1.06909e-07 2.93656e-07 5.45285e-08 3.13714e-07 1.44969e-07 6.8551e-08 0.999998 2.28045e-08 1.09835e-07 1.13742e-07 3.23291e-08 2.36594e-07 
3.04317e-07 8.19499e-07 1.23549e-06 3.39363e-06 6.30157e-07 3.62543e-06 1.67533e-06 7.92208e-07 0.999982 2.6354e-07 1.2693e-06 1.31446e-06 3.7361e-07 2.7342e-06 
0.00666559 1.03139e-06 9.1886e-05 0.401703 0.0237545 0.149771 0.00174609 2.86786e-06 0.283524 2.9482e-09 0.0888929 5.12249e-05 0.0437951 3.05872e-08 
1.97296e-05 1.08407e-08 1.63436e-08 4.48922e-08 5.83601e-05 0.000143924 9.75345e-05 1.04796e-08 0.999509 3.48621e-09 8.22917e-05 1.56667e-05 7.36448e-05 3.6169e-08 
0.000765492 0.0530114 1.20453e-07 3.30859e-07 9.836e-05 3.53458e-07 0.0003595 7.72356e-08 0.94558 2.56936e-08 1.23749e-07 1.28152e-07 5.10312e-05 0.000133551 
4.05282e-06 1.09139e-05 1.6454e-05 4.51954e-05 8.39227e-06 4.82825e-05 2.23116e-05 1.05504e-05 0.999755 3.50975e-06 1.69042e-05 1.75056e-05 4.97564e-06 3.64133e-05 
6.0751e-06 1.63597e-05 2.46642e-05 6.77472e-05 1.25799e-05 7.23747e-05 3.34447e-05 1.58149e-05 0.999632 5.26106e-06 2.53391e-05 2.62406e-05 7.45841e-06 5.45829e-05 
0.00345145 0.0051844 0.0589789 0.00197319 0.00792996 4.13246e-07 0.00259729 0.0012372 0.051914 3.00396e-08 0.859247 0.000764279 0.00531905 0.00140278 
3.70339e-07 9.9729e-07 1.50353e-06 4.12988e-06 7.6687e-07 4.41197e-06 0.9738 0.0253477 0.000832842 3.20715e-07 1.54468e-06 1.59963e-06 4.54666e-07 3.32738e-06 
0.377429 3.96612e-06 0.00222587 0.000473595 3.04977e-06 0.00558527 3.06772e-05 3.83404e-06 0.00168964 1.27545e-06 0.163388 6.36157e-06 0.449146 1.32327e-05 
0.00871547 1.28245e-06 1.93344e-06 5.31074e-06 0.547901 0.0204302 2.62175e-06 0.0053321 0.0462172 4.12417e-07 0.349004 0.00349898 0.0188854 4.27878e-06 
4.28747e-05 1.66156e-07 2.13716e-09 5.87032e-09 1.09005e-09 1.3722e-06 2.89799e-09 0.00199359 0.000310421 4.55872e-10 0.351559 2.57881e-07 0.646089 3.26133e-06 
0.000259507 7.51347e-08 1.13275e-07 3.1114e-07 5.77751e-08 0.000299485 1.536e-07 7.26325e-08 0.999175 2.41623e-08 1.16374e-07 0.000265252 3.4254e-08 2.50681e-07 
2.2436e-08 6.04183e-08 9.10878e-08 2.50198e-07 0.000487864 0.00187129 1.23515e-07 5.84062e-08 0.000602165 1.94297e-08 0.000234043 9.69095e-08 0.996804 2.01581e-07 
6.85765e-05 1.5378e-06 2.31841e-06 6.36817e-06 4.38297e-06 6.80315e-06 3.14377e-06 1.48658e-06 0.999894 4.94534e-07 2.38185e-06 2.46659e-06 7.01083e-07 5.13075e-06 
4.49383e-05 3.10216e-08 7.02001e-05 1.28463e-07 2.38541e-08 1.37238e-07 6.34183e-08 2.99884e-08 0.99983 9.9761e-09 4.80484e-08 2.49287e-05 2.9714e-05 1.03501e-07 
0.00104112 1.64823e-06 2.4849e-06 6.82548e-06 0.00405697 7.29169e-06 3.36953e-06 1.59334e-06 0.988855 5.30047e-07 2.5529e-06 2.64372e-06 0.0060122 5.49919e-06 
0.143884 0.00260853 0.000673938 0.0024233 0.807781 2.60562e-05 3.0276e-05 0.000501764 0.00388004 3.72585e-07 7.05661e-05 0.0165378 0.0215067 7.62216e-05 
4.72039e-05 0.000127116 0.000191642 0.0005264 0.997111 0.000562355 0.000259867 0.000122883 0.000127958 4.08787e-05 0.000196886 0.000203891 5.79522e-05 0.000424112 
1.77884e-05 4.79026e-05 7.22189e-05 0.000198369 3.68349e-05 0.000211919 0.998972 4.63073e-05 4.822e-05 1.54048e-05 7.4195e-05 7.68346e-05 2.18388e-05 0.000159823 
7.97401e-07 2.14733e-06 3.23736e-06 8.89231e-06 0.996007 9.4997e-06 4.38986e-06 2.07582e-06 0.00237988 6.90552e-07 3.32594e-06 3.44427e-06 0.00156733 7.1644e-06 
0.127435 0.515761 0.0594311 6.21947e-10 0.292209 6.64429e-10 0.0051638 1.45187e-10 1.51184e-10 4.82987e-11 2.32624e-10 2.409e-10 6.84713e-11 5.01094e-10 
1.77884e-05 4.79026e-05 7.22189e-05 0.000198369 3.68349e-05 0.000211919 0.998972 4.63073e-05 4.822e-05 1.54048e-05 7.4195e-05 7.68346e-05 2.18388e-05 0.000159823 
0.000646259 0.000970742 0.0110434 0.000369466 0.00148483 7.73773e-08 0.000486325 0.000231657 0.981773 5.62471e-09 0.00159295 0.000143106 0.000995954 0.00026266 
7.28383e-06 4.2984e-08 6.48035e-08 1.78001e-07 3.20762e-06 3.46889e-05 8.78735e-08 5.65841e-06 0.990066 1.3823e-08 6.65767e-08 1.57653e-05 0.00982791 3.89154e-05 
0.00342271 0.0175656 1.63461e-06 4.48991e-06 8.33723e-07 4.79659e-06 0.962863 1.04812e-06 0.00796844 3.48674e-07 0.00806248 1.73908e-06 9.93547e-05 3.61745e-06 
2.07744e-06 5.59436e-06 8.43417e-06 2.31668e-05 4.30181e-06 0.999893 1.14367e-05 5.40806e-06 5.63144e-06 1.79907e-06 8.66496e-06 8.97323e-06 2.55048e-06 1.86652e-05 
2.23186e-06 6.59077e-05 7.95774e-05 1.18845e-06 5.51668e-06 1.26963e-06 8.10769e-05 2.77433e-07 0.999734 9.2292e-08 1.12623e-05 1.05738e-05 5.79153e-06 9.57521e-07 
2.28966e-09 1.22257e-06 0.00604543 2.55334e-08 4.74126e-09 2.72775e-08 1.26051e-08 1.08609e-05 0.993933 1.98285e-09 9.55013e-09 9.88989e-09 9.75748e-06 2.05719e-08 
0.0121642 0.00119768 8.82598e-08 0.00158013 0.0379146 0.0112342 0.000366354 0.00105445 0.00342472 1.88265e-08 0.0113613 0.00256759 0.91528 0.0018542 
0.00491253 0.00139794 9.63818e-08 5.74615e-07 0.413272 0.000737923 1.4604e-09 3.04472e-05 0.508045 2.2973e-10 1.54714e-06 0.0209629 2.01908e-06 0.0506373 
0.0394698 5.95363e-07 1.65786e-06 9.66807e-11 0.000174976 1.03284e-10 4.58239e-07 2.36998e-07 0.00610879 7.50795e-12 0.187052 6.36647e-07 0.767191 7.78942e-11 
0.0372942 1.2607e-09 1.84382e-05 3.49836e-05 1.74592e-06 5.57727e-09 2.57728e-09 1.21871e-09 0.0744494 4.05423e-10 0.00109994 2.02213e-09 0.887101 4.20622e-09 
0.908344 0.0196942 6.4235e-06 1.55076e-09 0.0070573 3.29551e-06 0.01045 0.00333362 0.00687944 1.20428e-10 2.04056e-06 3.43528e-05 0.0441952 1.02174e-08 
3.04523e-08 8.20055e-08 9.78538e-05 3.39593e-07 0.000116372 3.62789e-07 1.67646e-07 7.92744e-08 0.999679 2.63718e-08 1.27016e-07 1.31535e-07 0.000105369 2.73605e-07 
1.62176e-05 7.91281e-07 1.19295e-06 3.27677e-06 6.08459e-07 4.85425e-05 1.61764e-06 7.64929e-07 0.998854 2.54465e-07 1.22559e-06 0.000973598 9.53217e-05 2.64005e-06 
2.07909e-05 0.00395732 1.59424e-08 0.627023 0.00818931 4.67813e-08 0.0427068 5.11272e-07 0.313492 3.40063e-09 1.63786e-08 1.69613e-08 0.00455816 5.24057e-05 
0.908344 0.0196942 6.4235e-06 1.55076e-09 0.0070573 3.29551e-06 0.01045 0.00333362 0.00687944 1.20428e-10 2.04056e-06 3.43528e-05 0.0441952 1.02174e-08 
0.908344 0.0196942 6.4235e-06 1.55076e-09 0.0070573 3.29551e-06 0.01045 0.00333362 0.00687944 1.20428e-10 2.04056e-06 3.43528e-05 0.0441952 1.02174e-08 
0.205949 0.001968 1.59024e-08 9.84492e-05 0.788827 1.51128e-05 9.56713e-05 1.42915e-05 2.844e-06 2.09646e-13 0.000410037 0.0013686 0.00114172 0.000109878 
4.55646e-12 1.22701e-11 5.38023e-05 5.08119e-11 9.43517e-12 5.42826e-11 2.50842e-11 0.00263119 0.988578 3.94591e-12 1.32568e-07 1.9681e-11 0.00873679 4.09384e-11 
5.56966e-05 2.68645e-06 6.56881e-05 1.25181e-05 0.842135 2.74693e-07 1.26937e-07 9.10196e-06 0.134874 1.9968e-08 2.91025e-06 3.6614e-06 0.0228313 7.84056e-06 
4.11742e-05 0.00997999 0.000425327 0.000110931 9.70173e-05 1.39484e-07 0.000122938 3.04792e-08 0.989158 1.01393e-08 5.21473e-05 5.05721e-08 1.211e-05 1.05195e-07 
2.41114e-05 6.49298e-05 0.998572 0.000268881 4.9928e-05 0.000287247 0.000132738 6.27674e-05 6.53601e-05 2.08805e-05 0.000100568 0.000104146 2.96015e-05 0.000216633 
0.00650791 0.000682173 1.07152e-05 2.1009e-05 0.00951485 2.03197e-05 0.000139481 0.0010734 0.000470468 4.36829e-06 0.000364538 0.000236474 0.000501381 0.980453 
0.00490502 0.000171619 5.37539e-09 1.92287e-05 0.00561917 3.16333e-05 0.000133614 7.13965e-06 0.000227197 1.47821e-10 0.000157991 0.000165836 1.79469e-08 0.988562 
0.000507176 2.35504e-12 3.55051e-12 9.75247e-12 5.45165e-09 1.2093e-08 4.81449e-12 6.72266e-09 6.36417e-09 7.57349e-13 0.982883 1.59674e-09 0.0166097 7.85742e-12 
0.000938272 1.68334e-06 2.53783e-06 6.97086e-06 0.999024 7.447e-06 3.4413e-06 1.62728e-06 1.69449e-06 5.41337e-07 2.60727e-06 2.70003e-06 7.67434e-07 5.61632e-06 
8.7896e-10 0.0229278 3.56848e-09 9.80183e-09 1.82008e-09 1.04713e-08 4.83886e-09 2.28814e-09 0.977065 7.61182e-10 6.96927e-06 3.79655e-09 1.0791e-09 7.89719e-09 
1.57535e-05 4.99032e-09 7.52351e-09 2.06654e-08 8.44595e-06 2.2077e-08 1.02019e-08 4.82413e-09 0.999939 1.60482e-09 7.72937e-09 3.20975e-06 3.34462e-05 1.66498e-08 
2.95216e-05 2.37125e-08 3.57494e-08 9.81956e-08 1.82338e-08 1.04903e-07 4.84761e-08 2.29228e-08 0.999965 7.6256e-09 3.67276e-08 5.18711e-06 1.08105e-08 7.91148e-08 
5.01354e-06 1.45982e-05 1.21767e-07 3.34468e-07 4.37072e-06 3.57313e-07 1.65116e-07 7.8078e-08 0.998079 2.59738e-08 2.06383e-05 0.000385275 0.00148946 2.69476e-07 
0.0431415 1.71726e-08 2.58898e-08 7.11136e-08 1.3205e-08 7.59711e-08 3.51066e-08 1.66008e-08 0.126111 5.52249e-09 2.65982e-08 2.75445e-08 0.830747 5.72952e-08 
0.00126589 0.0469889 0.000853306 0.0126702 0.000331246 0.00568796 0.0075991 0.0152179 0.000342961 6.9439e-08 0.00148184 3.93165e-06 0.900293 0.00726388 
0.0442943 1.28383e-10 1.93553e-10 5.31647e-10 1.89545e-05 5.67961e-10 2.62457e-10 1.24107e-10 0.940217 4.12862e-11 0.00632563 2.05923e-10 0.00914409 4.2834e-10 
1.02879e-09 2.24471e-06 1.05704e-06 1.14726e-08 1.67537e-06 2.92938e-06 5.66369e-09 2.67817e-09 0.989077 8.90934e-10 4.29105e-09 7.51377e-06 1.08085e-06 0.0109066 
5.30666e-05 0.000818767 3.66839e-07 0.983773 1.87105e-07 0.000488121 0.00352534 1.16985e-05 2.44936e-07 7.82495e-08 0.00532514 9.90439e-07 0.00600238 8.1183e-07 
0.000954752 0.00171346 0.000546217 5.82842e-07 6.18295e-06 2.45694e-05 2.87731e-07 0.00143125 0.00297275 4.52618e-08 0.000243354 2.25753e-07 0.992068 3.8542e-05 
0.0024729 5.44788e-05 3.78665e-06 1.3531e-05 0.00379853 1.27688e-05 5.87407e-05 0.000149103 0.000163725 2.02331e-06 7.8227e-05 0.000102152 0.000141371 0.992949 
0.932016 0.0106856 0.000101476 5.49435e-08 0.0178801 0.00015323 0.00450562 0.000775013 0.0072123 4.26676e-09 3.22437e-05 1.74018e-05 0.0266205 1.85924e-07 
3.52218e-10 9.48493e-10 1.42997e-09 3.9278e-09 7.29347e-10 4.20029e-06 1.93903e-09 9.16906e-10 0.996796 3.05022e-10 1.48378e-07 0.00319925 4.36744e-08 3.16457e-09 
8.92049e-10 2.40221e-09 0.0371087 9.94779e-09 1.84719e-09 1.06273e-08 5.00963e-05 2.32221e-09 0.957699 7.72517e-10 3.72072e-09 3.85309e-09 1.09517e-09 0.00514236 
3.80366e-07 4.65375e-10 7.01609e-10 1.94644e-07 3.57852e-10 0.041092 9.60896e-08 3.15363e-07 0.870106 1.49658e-10 7.20807e-10 0.0109786 0.0778221 1.55269e-09 
1.78359e-09 4.80305e-09 0.000121659 1.98899e-08 3.69333e-09 0.000178509 9.81904e-09 4.6431e-09 0.000125712 1.5446e-09 3.42283e-05 7.70399e-09 4.70812e-05 0.999493 
1.14083e-07 3.07215e-07 4.63163e-07 1.27221e-06 2.36234e-07 1.3591e-06 6.28049e-07 2.96984e-07 0.999993 9.8796e-08 4.75836e-07 4.92766e-07 1.40059e-07 1.025e-06 
1.09042e-05 2.93641e-05 4.42699e-05 0.0001216 2.25797e-05 0.000129906 6.003e-05 2.83862e-05 2.95587e-05 9.4431e-06 4.54813e-05 4.70994e-05 1.33871e-05 0.999408 
0.000507176 2.35504e-12 3.55051e-12 9.75247e-12 5.45165e-09 1.2093e-08 4.81449e-12 6.72266e-09 6.36417e-09 7.57349e-13 0.982883 1.59674e-09 0.0166097 7.85742e-12 
0.00491253 0.00139794 9.63818e-08 5.74615e-07 0.413272 0.000737923 1.4604e-09 3.04472e-05 0.508045 2.2973e-10 1.54714e-06 0.0209629 2.01908e-06 0.0506373 
0.110138 0.00379484 6.01309e-07 0.000573654 0.884261 3.69285e-05 0.000569614 5.69686e-06 0.000170722 4.96388e-07 5.07841e-05 0.000107031 0.000284079 6.61726e-06 
6.02543e-05 1.98023e-07 0.0240344 8.20033e-07 1.52271e-07 0.000314499 4.04825e-07 1.91428e-07 0.971529 6.36815e-08 2.77367e-06 7.9818e-06 0.00404812 6.60689e-07 
0.0118016 0.208113 0.00466435 0.000226749 0.604377 0.000457789 0.00412196 0.00557454 0.118765 7.55929e-05 0.0019454 0.000776226 0.038951 0.000150179 
7.35639e-10 2.18109e-06 2.98661e-09 8.20356e-09 1.52331e-09 7.89627e-06 4.04984e-09 1.91504e-09 0.995088 6.37066e-10 3.06833e-09 0.00490127 7.23421e-07 6.60949e-09 
0.993528 0.00212668 4.57379e-06 1.25632e-05 0.00326831 1.34213e-05 6.20205e-06 2.93275e-06 3.05389e-06 9.75622e-07 4.69894e-06 4.86612e-06 1.3831e-06 0.00102232 
1.82e-05 6.53468e-05 0.114233 4.40672e-05 5.78438e-05 1.9026e-08 8.79199e-09 4.15744e-09 0.86582 1.38303e-09 6.66118e-09 6.89817e-09 0.0197222 3.93069e-05 
0.0118016 0.208113 0.00466435 0.000226749 0.604377 0.000457789 0.00412196 0.00557454 0.118765 7.55929e-05 0.0019454 0.000776226 0.038951 0.000150179 
2.20398e-06 5.93511e-06 0.995016 2.45779e-05 4.56383e-06 2.62567e-05 0.00486547 5.73746e-06 5.97445e-06 1.90865e-06 9.19273e-06 9.51979e-06 2.70582e-06 1.98021e-05 
3.05422e-05 6.57927e-09 9.91904e-09 0.000193469 6.83037e-05 2.91064e-08 1.34502e-08 6.36016e-09 0.999514 2.1158e-09 1.01905e-08 0.000169914 2.9995e-09 2.41683e-05 
6.3392e-07 4.06354e-10 6.12627e-10 1.68275e-09 0.029328 0.00224119 8.30722e-10 5.89624e-07 0.724149 1.30678e-10 6.2939e-10 0.0246397 0.151226 0.0684154 
8.78655e-06 2.36614e-05 3.56724e-05 0.999542 1.81945e-05 0.000104677 4.83718e-05 2.28734e-05 2.38182e-05 7.60918e-06 3.66485e-05 3.79523e-05 1.07873e-05 7.89445e-05 
0.227764 0.000431917 0.00161099 1.54177e-07 0.560482 1.64708e-07 7.61125e-08 3.59911e-08 0.209711 1.1973e-08 5.7666e-08 5.97176e-08 1.69736e-08 1.24218e-07 
4.42787e-07 0.0312417 1.79766e-06 4.93778e-06 9.16889e-07 5.27506e-06 0.88657 1.15268e-06 0.0115239 3.83454e-07 0.008128 1.91256e-06 0.0625157 3.9783e-06 
0.0570242 4.03272e-07 3.27428e-07 3.2109e-10 0.00259027 1.30383e-06 1.58512e-10 7.49552e-11 0.928061 2.4935e-11 1.20096e-10 2.61297e-07 0.012322 2.58698e-10 
0.00480786 6.999e-10 1.05518e-09 2.89836e-09 0.398204 0.0447345 1.43083e-09 6.76592e-10 0.498545 2.25078e-10 1.08406e-09 0.0122329 0.0414759 2.33516e-09 
0.000400693 0.000454444 8.3223e-06 2.28595e-05 0.000409481 2.44209e-05 1.1285e-05 5.33632e-06 0.00301166 1.77521e-06 0.99562 8.8542e-06 2.51664e-06 1.84176e-05 
5.3211e-08 1.43292e-07 2.16031e-07 5.93388e-07 0.000121314 6.3392e-07 2.92937e-07 1.3852e-07 0.99941 4.60809e-08 2.21942e-07 0.000322002 6.53272e-08 0.000143904 
3.38511e-06 9.1158e-06 1.37432e-05 3.77494e-05 7.00963e-06 4.03279e-05 1.86357e-05 8.81222e-06 0.0339611 2.93152e-06 1.41192e-05 1.46215e-05 0.965838 3.04142e-05 
0.0015913 0.0250372 3.97135e-06 0.00867059 0.000302749 0.0056549 0.00476728 0.0375276 0.000670252 1.93433e-06 0.00153723 4.63289e-06 0.909475 0.00475544 
1.46392e-11 1.53159e-07 2.70133e-05 1.6325e-10 1.89441e-07 3.68324e-07 8.05916e-11 0.00570751 0.984234 1.26776e-11 1.69574e-07 6.3232e-11 0.0100311 1.31528e-10 
0.0150571 5.60469e-05 0.117515 2.51634e-05 0.0137758 4.5564e-05 0.00308288 1.35321e-05 0.819826 8.17578e-06 0.022377 0.000327568 0.0077092 0.00018082 
0.143884 0.00260853 0.000673938 0.0024233 0.807781 2.60562e-05 3.0276e-05 0.000501764 0.00388004 3.72585e-07 7.05661e-05 0.0165378 0.0215067 7.62216e-05 
4.28747e-05 1.66156e-07 2.13716e-09 5.87032e-09 1.09005e-09 1.3722e-06 2.89799e-09 0.00199359 0.000310421 4.55872e-10 0.351559 2.57881e-07 0.646089 3.26133e-06 
0.0135114 0.000631456 0.0960483 0.756275 0.00146828 0.000651135 0.00097648 0.000150845 0.00632117 7.19602e-08 0.0712412 9.33979e-05 0.0524598 0.000171508 
0.00223416 2.50579e-06 3.77778e-06 1.03767e-05 1.92684e-06 1.10855e-05 5.12267e-06 2.42234e-06 0.993826 8.05828e-07 3.88115e-06 4.01924e-06 0.00388529 8.36039e-06 
