0.056157 0.0759727 0.0936601 0.00169146 0.0418288 0.00921862 0.0221066 0.000375188 0.103699 0.392867 0.0795822 6.82129e-05 0.122447 0.00032587 
0.133188 0.0528654 5.81114e-06 0.00101864 0.00162543 0.00139739 0.000882531 0.00564112 0.0181459 0.736374 0.0117072 0.000165215 0.0368081 0.000174797 
0.120961 0.0435763 0.0771757 0.00455897 0.0996754 0.000748322 0.0136856 0.0395877 0.0575355 0.423254 0.0412816 5.45236e-05 0.0760901 0.00181512 
0.0873883 0.00325119 0.00438645 8.96515e-05 0.0334212 0.00386595 0.00268297 0.0033789 0.00462716 0.820746 0.00693503 2.36944e-06 0.0292245 1.71922e-07 
0.0704023 0.0325272 0.000476818 0.00186773 0.0213735 0.000112464 0.0222977 0.0349025 0.0241445 0.727495 0.00119737 0.00010759 0.0619536 0.00114217 
0.132337 0.00665693 0.0100797 0.000464681 0.0741444 0.000412793 0.00300302 0.0705621 0.0091038 0.656951 0.00118 6.69049e-06 0.0350893 7.74876e-06 
0.261204 4.60181e-07 9.73507e-06 1.48046e-06 0.113093 1.83393e-06 7.85199e-09 3.67655e-07 0.0179164 0.604115 0.00365299 6.09965e-11 4.22161e-06 2.15821e-07 
0.0903806 0.00969796 0.00968077 5.28628e-06 0.186002 0.00401048 0.00360122 0.0155237 0.0603893 0.464 0.0169789 0.0629018 0.0765634 0.000264144 
0.00593712 6.39716e-05 1.17074e-07 2.84748e-07 0.179496 8.34253e-10 0.000251528 8.02935e-08 5.74326e-06 0.814208 9.79549e-08 3.02472e-10 3.63123e-05 5.9548e-07 
0.166135 0.0135292 0.000802657 0.000826845 0.141025 1.50437e-05 0.00856456 0.0131111 0.00284851 0.620555 0.000342109 0.028031 0.00411272 0.00010132 
0.17396 0.146834 0.0105613 0.00271543 0.0285938 0.00816395 0.0279702 0.0104523 0.0062982 0.535306 0.00380418 0.00101713 0.0442978 2.61236e-05 
0.0873146 0.00152538 0.0120295 0.000140987 0.0233241 0.00182378 0.0130651 0.00341164 0.0360183 0.742847 0.0252177 3.42346e-06 0.0532674 1.15482e-05 
0.0240306 0.0274289 0.0125086 0.00128339 0.243677 0.000440141 0.00596559 0.0183182 0.00724066 0.583063 0.0205742 0.0307084 0.0247448 1.64349e-05 
0.187878 0.0886834 1.27452e-05 5.43761e-08 0.0212386 0.014877 0.0376839 0.00218417 0.0616859 0.550006 0.000859426 8.6393e-06 0.0327375 0.0021444 
0.0216911 0.00924005 0.00331999 0.000246825 0.0452777 0.000197478 0.00153055 0.134933 0.310864 0.435318 0.00992745 7.2297e-05 0.0271179 0.000263225 
0.0490237 0.00387668 0.000240921 0.00568043 0.0383774 0.000176775 0.000416283 0.0294739 0.0285466 0.753662 0.0103287 2.8761e-05 0.0801222 4.5186e-05 
0.168791 0.00234584 0.000132464 6.81135e-05 0.22112 0.000294088 0.00186283 0.0169011 0.00753804 0.45994 0.00327828 0.000258175 0.0196413 0.0978286 
0.130907 0.0363923 0.00176621 0.14976 0.189835 1.84706e-08 0.0324017 0.00504717 0.0177634 0.372029 0.00163549 0.00165877 0.0607807 2.33085e-05 
0.327078 0.0426057 0.00433386 0.000789922 0.0807706 0.00146377 0.0562644 0.0103195 0.0103651 0.381036 0.00483758 0.0019974 0.078023 0.000114988 
0.265469 0.00492764 5.59893e-08 0.000179123 5.59979e-08 0.000509246 0.0123611 0.129691 0.0147156 0.419827 0.0241424 0.00021841 0.127908 5.04273e-05 
0.0230279 5.45338e-07 7.34344e-05 7.26373e-09 0.0147314 3.91073e-06 5.32592e-07 9.88858e-07 0.243007 0.718733 4.68852e-06 0.000398735 1.72477e-05 1.27534e-07 
0.0942095 0.0401102 0.352266 8.0585e-06 0.0959844 1.56632e-05 0.00582434 0.000626668 0.0201792 0.358783 0.00621285 0.00646588 0.0193069 7.19275e-06 
0.232829 0.00544637 0.00163257 0.0236398 0.0307424 0.00648735 0.000898461 0.00640424 0.0823867 0.57904 0.00450292 1.43685e-05 0.0257009 0.000274723 
0.0433673 0.00242606 0.00172052 0.000101643 0.0523693 7.75747e-05 0.0389312 0.00955975 0.0125661 0.752987 0.00180613 1.1199e-05 0.0840676 8.86218e-06 
0.163225 0.0189946 0.00679399 0.00408759 0.115031 0.00440052 0.0167895 0.0154619 0.0179945 0.588365 0.00566536 0.000145801 0.0427842 0.000260611 
0.120309 0.00232717 2.07298e-08 2.86858e-08 0.00451541 0.00296125 0.00641206 0.00304925 0.0385303 0.394302 0.0477203 2.40843e-06 0.379809 6.11767e-05 
0.30682 0.0051344 0.00258112 6.01937e-05 0.0204816 0.0021039 0.00598113 0.0197559 0.0538841 0.514759 0.00463765 0.000184025 0.0633511 0.000266611 
0.103001 0.0290353 0.0406588 1.76012e-09 0.209028 0.0190646 0.0178899 0.000231457 0.0491616 0.478781 0.00606573 2.77011e-06 0.0421185 0.00496147 
0.274795 0.210387 0.000467259 0.000151351 0.00788573 6.66188e-05 0.00655498 0.000133877 0.0262547 0.471459 2.99432e-05 3.57377e-05 0.00137726 0.000401267 
0.0700411 0.0011759 0.00955924 2.60137e-05 0.00394561 0.00323827 0.000664691 0.00579941 0.00906921 0.861474 0.0138296 1.51528e-06 0.0209371 0.000237961 
0.398851 1.90309e-06 6.44731e-07 1.22854e-06 4.97691e-07 4.60321e-07 7.87546e-11 1.06511e-06 0.020169 0.580971 5.96678e-11 6.17906e-11 1.9934e-06 3.8572e-07 
0.318029 0.0377219 0.0205866 0.0114433 0.0416133 1.57375e-05 0.0246515 0.00588875 0.0169012 0.453852 0.0375111 1.0333e-05 0.0317758 4.94709e-09 
0.0229064 0.0249303 0.0102766 0.00123143 0.145199 0.000190847 0.0103017 0.00118879 0.0301407 0.642176 0.00157299 0.00831517 0.101162 0.000408015 
0.0715306 0.0297575 0.028564 0.000293293 0.340192 0.00387268 0.00688731 0.000498815 0.0114582 0.494233 0.00239875 0.00529647 0.00486977 0.000147402 
0.168109 0.000196399 0.0121387 1.42253e-06 0.0669714 0.000245718 0.0255314 0.00388326 0.027119 0.541405 0.124924 3.42176e-06 0.0292228 0.000247893 
0.0139918 0.000951026 0.00280472 2.59308e-06 2.55722e-06 0.00128229 0.134788 0.000173568 0.155418 0.606693 0.00149478 2.52453e-05 0.0823728 2.40111e-08 
0.253672 0.019486 0.0343763 0.0051015 0.155637 0.000345374 0.0223656 0.00543317 0.0085406 0.471456 0.00563287 0.000333251 0.016966 0.000655162 
0.0161094 3.36261e-06 5.06954e-06 1.39249e-05 2.58569e-06 1.48761e-05 6.8743e-06 3.25063e-06 0.11272 0.841089 0.0114633 5.39355e-06 0.018551 1.12191e-05 
0.0474497 0.0150539 0.0176525 8.95749e-05 0.0421255 1.98975e-12 0.0123909 0.0025561 0.0202156 0.746968 0.0105267 8.01211e-06 0.0848636 0.000100191 
0.182373 0.00244434 0.00182157 1.77388e-07 7.16534e-08 0.000200928 0.00456956 0.000273854 0.000344893 0.758857 0.0166442 1.00227e-08 0.0324703 1.39997e-11 
0.178786 0.0774624 0.00330181 0.000737867 0.0219839 0.000286566 0.0114305 0.0565613 0.0524478 0.321979 0.0127344 2.76492e-05 0.262013 0.000246838 
0.0704023 0.0325272 0.000476818 0.00186773 0.0213735 0.000112464 0.0222977 0.0349025 0.0241445 0.727495 0.00119737 0.00010759 0.0619536 0.00114217 
0.147492 0.0254385 0.0553237 0.00501853 0.229714 9.83102e-05 0.0120917 0.0269307 0.0270627 0.434242 0.00496131 0.00484461 0.0264746 0.000307438 
0.104532 0.0269999 0.0378855 3.41069e-05 0.160505 0.000732602 0.00981158 0.000962895 0.0799859 0.438915 0.0514445 0.0729065 0.0152321 5.14505e-05 
0.298112 0.0719409 0.0218212 0.00355669 0.023851 0.00161612 0.0137724 0.0202761 0.00836058 0.464094 0.0130852 8.72961e-06 0.0593008 0.000203991 
0.0230279 5.45338e-07 7.34344e-05 7.26373e-09 0.0147314 3.91073e-06 5.32592e-07 9.88858e-07 0.243007 0.718733 4.68852e-06 0.000398735 1.72477e-05 1.27534e-07 
0.212514 0.0327499 0.000191973 0.00512691 0.136366 0.000135826 0.00132839 0.0136148 0.0145257 0.543215 0.00018619 0.0327277 0.00721361 0.000104103 
0.24062 0.0312534 0.00305491 1.10718e-06 0.209541 5.18011e-10 2.39375e-10 6.5615e-07 0.173823 0.336799 0.00284015 0.000332016 0.00173446 3.90669e-10 
0.212514 0.0327499 0.000191973 0.00512691 0.136366 0.000135826 0.00132839 0.0136148 0.0145257 0.543215 0.00018619 0.0327277 0.00721361 0.000104103 
0.201388 0.00883317 0.0435471 6.87398e-05 0.0046449 0.00388583 0.0062842 0.0263888 0.0121417 0.481628 0.0719362 2.99336e-06 0.139227 2.33102e-05 
0.164544 0.000910541 0.0270698 1.20568e-08 0.00744705 2.51486e-05 0.0109619 2.02716e-06 0.013808 0.743103 0.0155598 0.00014979 0.0164144 4.88809e-06 
0.176627 0.0596405 0.134699 0.00393059 0.187872 0.000195605 0.0880461 0.00502083 0.0018926 0.282361 0.00964591 0.0114941 0.038566 9.04518e-06 
0.00398713 0.123532 1.76129e-07 2.86919e-06 0.00405995 0.000478572 0.00438076 6.34811e-05 0.132806 0.413057 1.65216e-07 3.05803e-08 0.317185 0.000446954 
0.0113171 0.0434604 0.0537447 3.50482e-06 0.00159886 4.35681e-05 0.0254797 0.0030626 0.0122398 0.819873 0.000333593 0.000540819 0.0283011 8.4481e-07 
0.00500553 0.00231649 0.00063891 4.13906e-06 0.157497 2.47476e-07 0.000591628 0.00065079 0.000333957 0.831285 0.000156001 4.86039e-06 0.0015151 1.07465e-07 
0.0083647 0.00212393 0.0364996 0.000243444 0.092001 0.000191627 0.00779111 0.000651262 0.018721 0.823016 0.00550681 3.2579e-05 0.00485676 2.26889e-08 
0.0176866 0.0222383 0.232404 3.10878e-07 0.152153 0.000389276 0.00654386 0.00109861 0.00772671 0.545738 0.00948846 4.42412e-06 0.00414189 0.000386239 
0.00596184 0.301988 0.0202888 0.0137989 0.292871 0.000343716 0.0134851 0.000209828 0.0223439 0.321145 0.00142351 2.00493e-05 0.00607474 4.47652e-05 
0.0610871 0.066541 0.0336384 1.1917e-06 0.0447496 0.00151515 0.000449055 0.000534815 0.362006 0.377794 1.78096e-05 8.504e-05 0.0135609 0.0380199 
0.346918 0.0511974 0.00508156 4.68785e-07 0.00329309 0.000200052 0.000947269 0.000321101 0.0484386 0.495863 0.00669394 5.30151e-05 0.0409808 1.09783e-05 
0.268824 0.0197167 0.211006 0.000156015 0.008302 3.77636e-06 0.00807866 0.0013322 0.00112682 0.444966 0.015398 2.69328e-06 0.0210215 6.58488e-05 
0.203995 0.0213321 0.00713346 3.11532e-05 0.0119073 3.72013e-05 0.00351491 5.84054e-05 0.0430712 0.635511 0.0012973 6.90889e-06 0.0720948 9.26536e-06 
0.110755 0.0165055 0.000668582 8.4372e-07 0.0331291 0.000468808 0.000881753 9.31778e-05 0.297229 0.530395 0.000601688 1.17495e-05 0.00701356 0.00224741 
0.0327226 0.0382862 0.00993345 0.011361 0.268829 6.98602e-05 0.00825581 0.000780791 0.00534405 0.536008 0.000622625 0.0772439 0.0095292 0.00101387 
0.0881147 0.00337187 0.00033058 0.000771182 0.0126255 9.59613e-05 0.000316215 0.0152842 0.0868111 0.723347 0.00695464 8.40318e-06 0.0618611 0.000107435 
0.204557 0.0167878 0.0264717 2.05093e-07 0.0188 0.00110764 0.0639967 0.137381 0.189692 0.215313 0.0334279 0.00205222 0.0904134 2.05127e-07 
0.420878 0.00380044 1.16881e-06 1.00798e-08 0.00324026 0.000894997 0.00219796 5.29015e-05 0.0822931 0.467467 0.00942908 3.45696e-05 0.0096525 5.78682e-05 
0.144684 0.0110641 0.000751172 3.89074e-05 0.00482964 0.00245409 0.00380433 0.00338327 0.0336337 0.522519 0.141401 1.78584e-06 0.131436 4.12404e-09 
0.190882 0.0675185 0.0161999 0.000307808 0.0877306 0.00183053 0.00528572 0.000665659 0.00242907 0.618765 0.00116569 1.24764e-05 0.00718663 2.03278e-05 
0.0234925 0.0163706 0.0241141 2.34461e-10 0.0141801 2.59264e-05 0.00768709 0.000102957 0.405202 0.444852 0.000150291 4.91002e-06 0.0596911 0.00412669 
0.219 0.0197615 0.127565 0.000218623 0.0104806 0.00193518 0.0719828 0.00337618 0.0484995 0.347453 0.0981132 2.26557e-05 0.0507243 0.000867679 
0.143321 0.00975649 0.0131625 0.00121613 0.194074 0.000602308 0.0506308 0.0171288 0.0751983 0.358751 0.010092 0.00259178 0.123455 2.03696e-05 
0.465581 0.00458795 0.00336919 4.90072e-05 0.00462128 6.17538e-05 3.37539e-07 4.0601e-07 1.45775e-07 0.520796 1.20436e-07 2.89953e-05 0.000903429 6.80958e-09 
0.189116 0.00241482 0.0198987 0.00113622 0.0982098 0.00492383 0.0102741 0.0160414 0.180172 0.222685 0.112378 0.000123219 0.129214 0.0134129 
0.173375 0.0168825 0.047652 1.7891e-07 0.0754637 0.000948344 0.00338306 0.00737617 0.0791299 0.53884 0.0211946 0.0008236 0.0322467 0.00268428 
0.0719612 0.389094 0.000231425 7.30325e-05 0.00337734 0.000128938 0.00243355 0.0048014 0.00149122 0.469108 0.00157549 1.68053e-05 0.0556215 8.54626e-05 
0.224358 0.00256655 5.72899e-05 8.24981e-06 0.00901584 0.00415738 0.00122584 0.00481429 0.0688533 0.491564 0.0142448 0.0010625 0.178072 8.16946e-08 
0.0221382 0.0011725 1.09979e-07 0.000252022 0.0160483 3.22722e-07 0.00448448 9.93424e-06 0.066386 0.883336 4.27748e-07 2.23455e-05 0.00379671 0.00235262 
0.151504 0.0641934 0.0974627 0.00193073 0.209072 0.00497066 0.0100924 0.00683055 0.0177173 0.292743 0.0209007 0.0063884 0.116162 3.11887e-05 
0.0229344 0.00172703 0.00153334 0.00019207 0.0486991 0.000264305 0.00175929 0.00191703 0.0338713 0.831235 0.0369814 1.0637e-05 0.0188385 3.68061e-05 
0.110861 0.04881 0.0618047 0.00766916 0.230441 0.000329055 0.0131422 0.00852128 0.0145063 0.469203 0.00669024 0.00271063 0.0244879 0.000823888 
0.301596 0.0131693 0.00920771 0.00130863 0.0334796 0.00108465 0.0509982 0.069284 0.0197755 0.369373 0.0427815 0.0075766 0.0802796 8.49011e-05 
0.212009 0.0621939 0.00620164 0.0271302 0.269944 0.00425072 0.00501352 0.0258032 0.0194117 0.309337 0.00280945 0.0324478 0.0233449 0.000103406 
0.0821942 0.00418438 0.00239587 1.00913e-06 0.000557602 1.51411e-05 0.00104709 0.00205742 0.00143329 0.871195 0.00798052 1.71503e-06 0.0269367 3.61931e-10 
0.195635 0.0650861 0.050067 0.0017403 0.00791241 1.08247e-05 0.0427857 0.00232232 0.19061 0.286699 0.0337046 0.0140443 0.109238 0.000143842 
0.151257 0.0821917 0.000865566 0.0103836 0.0785593 0.00116567 0.026077 0.0571347 0.129146 0.238802 0.0162752 0.000435019 0.192776 0.0149311 
0.392128 0.0317279 0.00197858 4.9538e-05 0.00902819 0.000268799 0.0012738 0.00034754 0.019711 0.542439 0.000203425 9.35609e-05 0.000630195 0.000120689 
0.152566 0.0928513 0.0118541 0.000964402 0.0958723 1.39543e-05 0.00261863 0.0721229 0.0240741 0.519715 0.00181785 0.00623291 0.0192553 4.16207e-05 
0.144582 0.01176 0.132676 0.000691444 0.0893962 0.0037386 0.0229643 0.00667775 0.0935284 0.410622 0.0372802 0.010107 0.0359757 1.41106e-07 
0.0126792 0.0125704 0.00135024 0.00269659 0.035498 2.63088e-08 0.0041274 0.0463401 0.03019 0.816424 0.00360084 3.90651e-05 0.0342808 0.000203436 
0.344573 0.04298 0.0190396 0.000639036 0.0890949 0.000671986 0.0293881 0.0162777 0.0102421 0.38676 0.00651605 0.00313494 0.0505444 0.000137952 
0.281555 0.0021092 0.000218995 1.40767e-05 0.00664359 0.000839445 0.00780082 0.000288986 0.0167555 0.446383 0.200746 2.77478e-06 0.036641 5.37341e-07 
0.286082 0.00694031 0.000351562 5.26044e-06 0.00142477 4.57279e-12 0.00352354 0.00053894 0.00147738 0.692758 0.00146367 1.46146e-09 0.00543466 3.82327e-09 
0.313331 0.0705972 0.00451646 0.00771455 0.0290756 0.000439976 0.010464 0.0144961 0.0273803 0.461173 0.00569922 0.000549496 0.0536632 0.0009 
0.0286905 0.0290232 0.0101966 0.00180191 0.162957 4.48484e-05 0.00983995 0.025698 0.00870595 0.697164 0.00630003 3.0572e-05 0.0193207 0.000226081 
0.211511 0.0336165 0.046949 0.000387526 0.050968 0.00511003 0.00572815 0.0114541 0.0194911 0.555031 0.0234886 0.00153423 0.0343727 0.000357664 
0.0478797 0.0251854 0.0130283 0.00145065 0.281624 0.00029079 0.00996895 0.000482095 0.0067904 0.555062 0.039328 0.00027864 0.0183609 0.000270254 
0.0249232 0.0673584 2.46143e-06 2.18886e-08 0.229667 2.85123e-07 0.00200144 0.00812034 0.0295677 0.4205 0.0129826 0.2031 0.00175744 1.96111e-05 
0.271866 0.00659377 0.116261 0.00121255 0.0635856 0.00219042 0.0153672 0.0374681 0.0295644 0.375793 0.0198378 0.00121186 0.0580827 0.000965279 
0.20788 0.00348028 0.00561282 7.59788e-06 0.00530756 8.72409e-05 0.00203656 9.76681e-05 0.101613 0.639375 0.0101347 0.000119785 0.0139991 0.0102478 
0.15715 0.00652795 0.0148852 0.0002057 0.0681041 1.91924e-05 0.0037627 0.0126017 0.042019 0.568368 0.0344843 0.0102241 0.0816187 2.92801e-05 
0.301632 0.127796 0.00472034 7.0741e-05 0.00671449 9.24173e-05 0.00798815 0.0190702 0.0192154 0.480935 0.00236391 1.12786e-05 0.0293799 9.47031e-06 
0.429481 0.000255227 1.85643e-10 1.99119e-07 0.00134833 0.000223156 0.000183876 9.97832e-09 0.0483565 0.493315 0.000754771 2.82715e-05 0.0260534 4.31298e-09 
0.151562 0.0342391 0.00204961 0.00858276 0.253474 4.22789e-06 0.00420211 0.0110205 0.00643372 0.395174 0.0286085 0.0708368 0.0299329 0.00387867 
0.0657539 0.0108047 0.0560335 0.000212853 0.0518711 8.89798e-05 3.14251e-06 3.12673e-07 0.202009 0.60929 0.000519624 9.10247e-05 0.00326964 5.22059e-05 
0.280681 0.0127549 0.0281384 5.42703e-06 0.07808 5.51353e-06 0.0255587 4.38838e-05 0.00837974 0.564533 0.000956706 1.4623e-05 0.000848139 2.6681e-07 
0.000892793 0.00878431 0.108255 0.000337873 0.246382 0.000101127 0.00879398 0.00379748 0.0899496 0.404539 0.000109751 9.81859e-05 0.12746 0.000498908 
0.181875 0.0265873 0.00520396 0.00247514 0.134565 0.00142951 0.00680269 0.0249623 0.0233635 0.516764 0.0108877 0.00586016 0.058861 0.000362944 
0.412197 0.00328287 2.26773e-05 3.7802e-07 0.000852435 0.000929268 0.00793204 0.00150409 0.0339039 0.445011 0.0129484 1.67713e-05 0.0813588 3.99416e-05 
0.0692513 0.00833792 3.45127e-09 6.45006e-06 0.00210961 8.75616e-05 0.000216213 0.000679683 0.00579164 0.821825 0.0218483 1.84059e-05 0.0698281 1.18e-12 
0.339244 0.0107892 0.000250418 9.39497e-06 0.00926965 0.000235437 0.000967028 0.00526197 0.0237564 0.457876 0.0110136 4.33573e-05 0.141258 2.49386e-05 
0.0776499 0.00228246 3.38975e-12 2.09451e-09 1.17882e-08 2.97832e-05 0.000617865 0.00888385 0.0238372 0.866276 0.000264345 1.93162e-05 0.0201231 1.57664e-05 
0.332234 0.113728 3.29705e-06 5.11739e-07 0.0396259 0.000719242 0.00779239 0.00109701 0.0215814 0.474556 0.000342948 2.19418e-05 0.00648316 0.00181512 
0.0520902 0.00100867 0.0065363 0.00044999 0.0392553 1.37622e-05 0.00215248 0.000665223 0.0731183 0.583553 0.075753 0.000556466 0.164836 1.19291e-05 
0.0538441 0.0216374 0.0604207 1.04256e-07 0.0464027 5.41398e-07 2.37033e-06 2.85116e-06 0.00696213 0.738452 0.0478703 1.13057e-07 0.0244045 4.78196e-08 
0.12669 0.0373627 0.00888213 0.00128757 0.144101 0.00204204 0.0114018 0.0121698 0.0229069 0.588475 0.00396982 0.00461565 0.0357256 0.000369861 
0.165932 0.00222517 0.000177167 0.0134591 0.0819814 0.00517679 0.000852779 0.0233202 0.00121565 0.678184 0.000614125 0.000959637 0.0259003 2.14671e-06 
0.129444 0.00519853 6.84837e-08 0.000362832 0.00654126 0.00376436 0.00109569 0.0166778 0.0229513 0.454398 0.116456 0.000438356 0.242671 6.84573e-08 
0.0365415 0.0309566 0.314672 0.0122268 0.0889686 0.0110649 0.0850059 0.000412804 0.00458439 0.365161 0.0333519 1.73865e-06 0.0149971 0.00205465 
0.00195687 0.0181584 0.009969 1.08966e-08 0.23641 5.79146e-11 2.14128e-07 1.26552e-11 7.52469e-07 0.732351 2.02765e-11 2.09979e-11 0.00115294 9.56584e-07 
0.156859 0.192835 0.0370979 0.0027666 0.160491 8.77329e-05 0.0915482 0.000725393 0.0209726 0.321104 0.00514703 1.9637e-06 0.00963901 0.000723662 
0.109913 0.0204942 0.015009 0.00130488 0.0774999 0.000136493 0.007493 0.0231709 0.0273101 0.651046 0.0113097 0.00134458 0.0538389 0.000129947 
0.0279662 0.00989896 0.0054497 1.02519e-05 0.0194141 0.0231288 0.00257123 0.00408859 0.0265666 0.819301 0.000842298 4.21444e-05 0.059285 0.00143558 
0.343279 0.0348943 0.0216109 0.00012276 0.00428586 0.00140792 0.088041 0.0105621 0.0093732 0.429962 0.00605147 1.04234e-05 0.050203 0.000196139 
0.1169 0.0515636 0.00447513 0.000298501 0.0629293 0.00482993 0.0064498 0.0803554 0.00983124 0.626552 0.0101947 4.97148e-05 0.0254393 0.000131408 
0.0375923 0.16593 0.000228474 2.20182e-08 0.114581 0.000412175 2.586e-05 0.000404864 0.0706609 0.564205 0.00885668 0.000115187 0.0357883 0.00119862 
0.269788 0.0308807 0.0159906 2.29169e-05 0.0200851 0.00121802 0.00665601 0.000383353 0.0604995 0.401233 0.00541056 0.000396228 0.0353512 0.152085 
0.242491 0.00729381 0.00111905 2.30711e-05 0.0504667 0.00104825 0.0104489 0.000360798 0.00268066 0.663859 0.00203936 0.00744461 0.0106997 2.57569e-05 
0.1471 0.0224459 0.0225521 0.00124456 0.141777 0.000532735 0.00602082 0.00500088 0.0228498 0.606729 0.00566978 0.00246694 0.0153799 0.000230169 
0.162396 0.0831048 0.0380527 0.00576138 0.0318929 0.000299195 0.00803919 0.000813103 0.0411206 0.548273 0.0152054 0.00013556 0.0476607 0.0172457 
0.232483 0.00676041 0.00117005 5.31385e-05 0.0462702 0.000181602 0.000578098 0.00729958 0.146966 0.460478 0.00702647 3.3466e-05 0.0905677 0.000131415 
0.169592 0.030044 0.0088479 0.000841623 0.200896 0.000835452 0.0061047 0.00573074 0.185413 0.237835 0.0293385 0.00113248 0.122177 0.00121166 
0.00439733 0.000180356 0.035259 4.21211e-07 0.250774 3.28542e-05 0.00231763 3.72171e-05 0.0022102 0.698414 0.000228783 3.61989e-05 0.00498322 0.00112924 
0.00817288 0.00133883 0.00735077 7.28948e-06 0.00172879 5.7649e-06 0.00160621 0.00990378 1.37997e-05 0.969785 5.43929e-05 3.1821e-07 3.07478e-05 9.53188e-07 
0.202751 0.15787 0.00523067 0.000221499 0.006008 9.61669e-05 0.0735246 0.0012395 0.0561302 0.318314 0.0195039 0.00242368 0.156687 4.14472e-07 
0.174624 0.00268348 0.00348202 0.0043215 0.0410243 5.96333e-11 0.285294 0.00158766 0.000192243 0.452686 0.00274883 2.01262e-08 0.0313568 5.33441e-09 
0.071313 0.00951784 3.86057e-06 2.45154e-08 0.00820378 0.000853596 3.69815e-05 0.0887089 0.208976 0.390632 0.00633552 9.29009e-05 0.215325 9.74707e-12 
0.160874 0.0209365 0.00134519 0.000811338 0.0447434 4.07619e-05 0.0107082 0.0129867 0.010537 0.702798 0.00182896 0.0113097 0.0205221 0.000558087 
0.169242 0.00906947 8.47448e-05 8.82313e-06 0.0062533 0.00613282 0.000237181 0.00593189 0.0197028 0.564217 0.0564869 0.0247402 0.137889 4.63051e-06 
0.265636 0.0468036 0.0191797 0.000159564 0.0171597 0.000906188 0.0292631 0.129645 0.0580435 0.329947 0.0359991 0.000441089 0.0667731 4.30286e-05 
0.264788 0.00133858 0.000561232 3.16584e-07 0.066183 0.000159112 0.00299259 0.000182935 0.000107863 0.628378 0.00935261 5.36417e-06 0.0259492 1.22034e-06 
0.119785 0.00343754 0.000362675 5.98034e-05 0.0106187 4.65869e-05 0.0117045 0.318312 0.0281054 0.477138 0.00673125 3.64789e-05 0.0235719 8.90336e-05 
0.210346 0.00560968 5.28495e-05 9.91504e-06 0.0034302 0.00518416 0.00106029 0.00978776 0.0139944 0.699998 0.019849 3.06286e-05 0.0303305 0.000317172 
0.290676 0.00369911 5.69473e-09 4.53348e-07 0.000360074 0.00184748 0.000236886 7.17666e-05 0.0309902 0.64149 0.0214157 4.46319e-05 0.00807575 0.00109233 
0.265476 0.0208637 0.043017 0.00448142 0.0755148 0.00815892 0.00415434 0.00227818 0.0919854 0.329289 0.00465158 0.00183879 0.147865 0.000426771 
0.19089 0.00838612 1.10351e-05 1.75228e-10 0.0399108 8.95664e-08 3.69575e-05 0.000126444 0.0765973 0.489208 0.00919346 0.000564624 0.185067 8.02409e-06 
0.0083647 0.00212393 0.0364996 0.000243444 0.092001 0.000191627 0.00779111 0.000651262 0.018721 0.823016 0.00550681 3.2579e-05 0.00485676 2.26889e-08 
0.0432221 0.00591693 0.0128582 0.00227604 0.313206 4.21572e-05 0.00193052 0.00714288 0.0111658 0.586029 0.000288326 0.00140322 0.014518 3.18312e-07 
0.247383 0.0359709 0.042637 0.00197235 0.0336708 0.00214809 0.0475892 0.0129118 0.0453062 0.385994 0.0756063 0.0030197 0.0641293 0.00166154 
0.143696 0.0113288 0.00281549 5.10736e-07 0.00615181 0.0189702 0.00589173 2.95046e-05 0.0272617 0.764867 0.00224931 7.61045e-07 0.0166876 4.91423e-05 
0.120062 0.0286144 0.000624936 1.18e-05 0.00138694 4.65799e-08 0.00302607 0.00274622 0.00185522 0.797257 0.00283318 9.35119e-07 0.0415814 5.10626e-12 
0.138383 0.12391 0.00228592 0.000139013 0.0500791 0.000262635 0.0397646 0.0128699 0.0464239 0.387553 0.0132868 5.74678e-05 0.184353 0.000631508 
0.137027 0.0098346 0.0184582 0.000185993 0.0423179 0.00114938 0.0136915 0.00335767 0.0239194 0.635751 0.0368866 0.000816785 0.0764614 0.000142633 
0.294648 0.0135259 0.0873519 8.6742e-08 1.05396e-06 7.17738e-08 0.0186782 0.0141193 0.000354392 0.568161 0.00191433 2.10144e-09 0.00124616 9.34706e-09 
0.134566 0.0326464 0.062942 0.000647335 0.0425179 0.0005009 0.024838 0.0915708 0.00271417 0.59542 0.00471837 3.86249e-05 0.00679385 8.48512e-05 
0.267624 0.0197865 0.0947194 0.000194144 0.0261332 0.000763079 0.02628 0.0120607 0.0277211 0.445784 0.0371101 0.00162033 0.0398465 0.000357192 
0.143301 0.0238841 0.00852071 0.000694646 0.246737 0.000784712 0.0109949 0.00852104 0.00654249 0.502447 0.0114182 0.0188075 0.0171029 0.000243021 
0.217426 0.0164611 0.00723021 0.0036014 0.0293057 0.000800871 0.00361729 0.0158509 0.241151 0.353008 0.0183465 0.00710361 0.083469 0.00262852 
0.214354 0.0214784 0.0164152 0.000342176 0.0536407 0.0016632 0.0157657 0.040113 0.0138309 0.591552 0.00742552 0.000958508 0.0222658 0.000194833 
0.069252 0.0160663 0.0294173 1.37486e-05 0.0172147 5.12337e-05 0.00576425 0.0339094 0.257808 0.303183 0.067744 3.69867e-06 0.199542 2.96872e-05 
0.045998 0.00605577 0.00314176 6.40841e-11 0.296006 0.00109474 0.00237598 5.57619e-05 0.00987876 0.60205 0.00258744 0.000164223 0.030491 0.000100716 
0.214726 0.0622 5.53532e-05 0.000459519 0.0368105 0.00144432 0.0247121 0.00516516 0.0705684 0.43275 0.0130561 2.32257e-05 0.137805 0.000224958 
0.0912606 0.0050913 0.000825082 0.000300525 0.0166002 4.47e-05 0.00368013 0.199687 0.0070339 0.586526 0.0109211 2.35133e-05 0.0779956 1.00051e-05 
0.0286905 0.0290232 0.0101966 0.00180191 0.162957 4.48484e-05 0.00983995 0.025698 0.00870595 0.697164 0.00630003 3.0572e-05 0.0193207 0.000226081 
0.281091 0.0975952 0.0522426 0.000293201 0.0336107 0.00201366 0.0042795 0.0756381 0.0781214 0.283079 0.0134032 0.00135655 0.077228 4.83767e-05 
0.123525 0.0195829 0.0320076 2.14064e-05 0.0775971 0.000508597 0.0500835 0.00783705 0.0406124 0.336293 0.175334 0.000118016 0.135378 0.00110162 
0.254495 0.0421326 0.000580001 0.0351261 0.22876 0.00123494 0.0217226 0.00420465 0.0480253 0.321296 0.00567659 0.0135451 0.0221894 0.00101122 
1.35153e-05 3.79081e-09 0.163857 1.56981e-08 2.91496e-09 1.34331e-05 6.98246e-06 3.66457e-09 0.0522367 0.523715 0.260145 1.09508e-05 1.90279e-06 1.26478e-08 
0.186283 0.0245999 0.0951805 0.085887 0.190822 0.00160484 0.00646277 0.0207054 0.00785985 0.314313 0.000629388 0.0331286 0.0325238 2.54962e-08 
0.295374 0.0195927 0.00774314 1.15238e-06 0.00668484 7.22314e-06 0.00838591 0.000422383 0.0768731 0.450712 0.0279108 2.47028e-05 0.10624 2.82372e-05 
0.311112 0.0717801 0.00326812 5.72299e-05 0.00601428 7.56552e-05 0.00474248 0.000979785 0.229862 0.344348 0.00442892 0.000194572 0.0230989 3.77299e-05 
0.27275 0.025127 0.00562084 0.00124125 0.038929 0.00562754 0.00419559 0.0132763 0.0233261 0.528623 0.0335655 0.00342191 0.0427195 0.00157621 
0.379177 0.0420531 0.0247415 0.00584527 0.0311 0.00202761 0.0225211 0.0134178 0.0263536 0.385738 0.0139974 0.000807037 0.0468426 0.00537745 
0.00719462 0.00167553 0.00249743 8.8906e-07 0.198511 7.66892e-11 0.00309569 0.00112165 0.0203854 0.763839 0.000509627 2.56262e-06 0.00102819 0.000138524 
0.352887 0.0222439 0.0316831 6.64137e-05 0.0256321 0.00178246 0.00911692 0.0196972 0.0330459 0.437914 0.0210826 2.5852e-05 0.044157 0.000665388 
0.219582 0.134701 0.0123219 6.36745e-05 0.0727246 0.00199532 0.0110409 4.62153e-07 0.032442 0.510217 0.00275156 0.00049101 0.00166254 5.4683e-06 
0.0606273 0.0170358 0.287832 1.96975e-05 0.16387 6.29247e-05 0.0169315 0.0166246 0.0523681 0.308857 0.0141735 0.000129476 0.061439 2.94515e-05 
0.344363 0.0106047 0.000721155 0.00163104 0.086221 0.000306754 0.00677818 0.00612819 0.0117077 0.446196 0.0192275 0.0343327 0.0317266 5.51853e-05 
0.0452614 0.338555 0.0139547 0.000143494 0.00173624 2.9131e-05 0.00365518 0.0239612 0.00307473 0.5606 0.00144823 1.2958e-06 0.00755465 2.46904e-05 
0.0862717 0.157611 0.309437 0.00158777 0.0103079 0.000398936 0.0235131 7.52778e-05 0.00374403 0.369858 0.00531943 6.40962e-05 0.0304213 0.00139 
0.14965 0.0185975 0.00876075 0.000253754 0.202916 0.000345735 0.00243617 0.0478042 0.0665004 0.383036 0.0102862 0.000612427 0.108651 0.000149413 
0.376624 0.0247302 0.00240741 0.000100918 0.0170607 0.000251236 0.00307155 0.00999326 0.0135732 0.521859 0.0117853 0.00263023 0.0157336 0.000179064 
0.120531 0.0684566 0.0527794 3.79184e-05 0.00718737 5.8793e-06 0.0187527 0.00199301 0.0426128 0.679296 0.00670715 0.000205397 0.00129437 0.000140236 
0.254996 0.060081 0.0221143 0.000587054 0.086896 0.00120283 0.0181153 0.0125504 0.0169892 0.467632 0.0126088 0.00427184 0.0417295 0.000226134 
0.218123 0.0846316 0.0290613 0.00365807 0.0995205 0.00310379 0.0309421 0.0254711 0.0288553 0.397964 0.0194868 0.00433803 0.053958 0.000886207 
0.321965 0.0396631 0.0148208 0.000667916 0.0317185 0.00254794 0.0327827 0.0347106 0.0210391 0.412289 0.00983752 0.00294695 0.0748489 0.000161949 
0.182373 0.00244434 0.00182157 1.77388e-07 7.16534e-08 0.000200928 0.00456956 0.000273854 0.000344893 0.758857 0.0166442 1.00227e-08 0.0324703 1.39997e-11 
0.161061 0.0367709 0.020492 0.00603583 0.091286 0.00071084 0.0134148 0.0458178 0.0060778 0.49087 0.0133414 7.34513e-05 0.114038 1.02665e-05 
0.0176745 0.0320413 0.070087 3.19439e-05 0.00967525 1.96197e-07 0.00108949 0.0134972 0.00496685 0.666556 0.0241924 3.97424e-07 0.158379 0.00180937 
0.10599 0.0103126 0.00668498 0.00744706 0.0559135 0.0059085 0.00377119 0.0922889 0.0832301 0.323984 0.0351164 0.000897522 0.268407 4.84494e-05 
0.109723 0.000898404 0.0179841 2.1644e-06 0.0090933 9.11783e-05 0.00875459 0.000550563 0.0102991 0.674364 0.105518 5.78872e-07 0.0626885 3.29904e-05 
0.0163893 0.0107362 0.042124 1.81096e-08 0.197235 5.14292e-06 0.0126986 0.000915808 0.000768972 0.70022 0.00158248 4.45387e-10 0.0173154 9.67728e-06 
0.429481 0.000255227 1.85643e-10 1.99119e-07 0.00134833 0.000223156 0.000183876 9.97832e-09 0.0483565 0.493315 0.000754771 2.82715e-05 0.0260534 4.31298e-09 
0.144884 0.0101491 0.0901713 1.74681e-07 0.0010709 1.58753e-09 0.00410551 0.00194691 0.000512636 0.691389 0.0429427 5.74513e-08 0.012827 6.79947e-07 
0.126357 0.0441157 0.0169624 0.00848653 0.0793444 0.0113091 0.00468823 0.0217441 0.130312 0.245747 0.0503113 0.00279099 0.0716055 0.186225 
0.103078 0.0788392 0.0343639 0.0186053 0.0240254 0.000471214 0.022226 8.24207e-05 0.17329 0.477535 0.0364804 4.11994e-05 0.0270082 0.00395315 
0.0235056 0.00498519 6.77835e-06 1.59033e-09 0.134112 0.000269384 0.138801 1.82963e-07 0.180273 0.513541 0.000834938 0.00355437 0.000102138 1.43559e-05 
0.240085 0.0577473 0.0081441 0.000213207 0.122363 1.80899e-06 0.00872543 0.00309018 0.0155035 0.467181 0.0351393 4.06801e-05 0.0416764 8.83333e-05 
0.282954 0.149901 0.00122983 0.000424231 0.0417467 0.0013966 0.00856069 0.00595393 0.0378007 0.291634 0.00578997 0.000208527 0.172226 0.000173425 
0.111267 0.0448493 9.76875e-08 0.00143321 0.0560714 9.37168e-08 0.000568521 0.0248979 0.144955 0.388857 0.00736677 0.000188398 0.217828 0.00171796 
0.116084 0.0423902 0.0950663 0.000636621 0.093836 8.83514e-05 0.0129522 0.0050845 0.0260054 0.559494 0.0134046 0.00129352 0.0327849 0.000879199 
0.247162 0.309549 0.02087 4.0458e-05 0.0396341 0.00335406 0.00715978 0.0100122 0.018896 0.311431 0.00238901 0.000239642 0.015957 0.0133056 
0.0434618 0.00759597 0.00627782 5.12904e-05 0.0231243 7.45151e-05 0.0036444 0.0239822 0.0542766 0.644047 0.0257574 7.25385e-05 0.167301 0.000333365 
0.0508339 0.0249965 0.108106 9.6116e-05 0.245682 0.00362409 0.0120967 0.000417882 0.00875994 0.520164 0.00529338 0.000580551 0.0191028 0.000245245 
0.0083647 0.00212393 0.0364996 0.000243444 0.092001 0.000191627 0.00779111 0.000651262 0.018721 0.823016 0.00550681 3.2579e-05 0.00485676 2.26889e-08 
0.110449 0.0122735 0.18629 1.90119e-05 0.07398 4.2926e-08 0.00514486 0.0058716 0.0587262 0.511732 0.00718414 3.03375e-05 0.0281129 0.0001869 
0.360908 0.0391522 0.0125518 0.00181368 0.0406439 0.00426397 0.01316 0.0233844 0.0376886 0.372939 0.0134137 0.00176458 0.0765136 0.00180271 
0.14032 0.00517013 0.252072 2.23328e-05 0.00909889 4.15482e-08 0.00065455 6.52102e-09 0.0122047 0.567857 0.00816631 4.94164e-05 0.00167483 0.00270933 
0.0848462 0.00546274 0.0107017 0.004451 0.277368 0.000200443 0.0101848 0.0259647 0.0394366 0.42816 0.0107316 0.0350216 0.0662256 0.00124527 
0.108676 0.115916 0.00569654 1.0015e-05 0.101775 0.000270925 0.000791616 0.0020031 0.127475 0.378685 0.00331836 0.0272658 0.121711 0.00640591 
0.0996409 0.0605184 0.192484 3.31576e-05 0.035017 2.52477e-05 0.019184 0.0140396 0.101482 0.41313 0.0248723 0.00357383 0.0207879 0.0152116 
0.0437883 0.0926535 0.121717 5.59669e-06 0.205935 0.0119125 0.140015 0.0659859 0.0121635 0.215495 0.00265094 1.18912e-06 0.0875626 0.000112853 
0.190627 0.00666142 0.00408899 0.00909126 0.0290901 0.000113542 0.0205797 0.0260471 0.0975279 0.502687 0.00471148 5.05688e-05 0.108714 1.06151e-05 
0.236041 0.0651185 0.0931665 0.00119411 0.0690786 0.00171197 0.0428186 0.0164956 0.0283374 0.357668 0.0381179 0.00474777 0.0438177 0.00168609 
0.147397 0.00402513 0.000564126 5.28965e-06 0.0125984 0.000262212 0.000842642 0.0287051 0.0060753 0.753486 0.00267746 2.64059e-05 0.0433268 8.08242e-06 
0.0408647 0.0746932 0.0512676 0.00490485 0.177697 0.00039142 0.0198129 0.00802359 0.0433886 0.516619 0.00811273 0.000137437 0.0415533 0.0125331 
0.387456 0.00768551 1.59101e-07 2.11344e-06 0.0045916 0.00432741 0.00405087 0.000654877 0.0169772 0.524696 0.00534773 5.70721e-05 0.0441538 1.89357e-07 
6.53639e-07 0.066859 6.53482e-07 6.53123e-07 0.192089 0.0050294 0.0169893 0.0315021 0.207829 0.291003 0.0126127 0.00346404 0.166741 0.00587973 
0.121356 0.0318056 0.00692655 0.000746236 0.0280436 0.0136978 0.0040711 0.00246876 0.0103138 0.621429 0.0224158 0.0399865 0.0961743 0.000564665 
0.0024279 0.0119642 0.077434 3.72173e-06 0.127237 2.34378e-05 0.00466462 1.2325e-05 0.00667409 0.766304 0.000741476 4.16199e-07 0.00246032 5.27889e-05 
0.160393 0.00184526 0.010842 5.00364e-07 0.000300221 4.4921e-07 0.000823704 0.0141658 0.0678067 0.635842 0.0363504 2.32211e-06 0.0716259 2.02575e-06 
0.0560273 0.0730737 0.00479334 1.05202e-10 0.0355864 2.13648e-07 0.00566339 1.15448e-07 3.99958e-06 0.720431 0.00109518 7.98702e-07 0.103324 8.47593e-11 
0.0678769 0.000759307 4.13374e-08 3.50273e-06 0.00148043 0.00158416 0.000706924 0.0119707 0.000887853 0.868121 0.0207419 4.80481e-07 0.0258662 1.23629e-10 
0.193362 0.0872693 0.0430787 2.89232e-05 0.0484695 0.000237579 0.0110099 0.000343123 0.0935071 0.495559 0.00585477 6.86235e-05 0.0190113 0.00220002 
0.263915 0.00863708 0.000242524 0.00291928 0.00146673 0.000180317 0.00131932 0.018843 0.00650082 0.579239 0.0127166 2.18148e-06 0.104004 1.37105e-05 
0.315288 0.0161002 0.000798526 2.91709e-07 0.0288521 0.00653011 0.0026417 0.0753761 0.0550628 0.414834 0.00331023 0.000202027 0.0804849 0.000519324 
0.261293 0.0338426 0.0171679 0.00547053 0.0242495 0.00181855 0.0186741 0.0303034 0.194101 0.327182 0.0320326 0.000258209 0.0533069 0.000298961 
0.00505427 0.0315199 0.0341131 0.000112204 0.232447 9.1744e-06 0.0128596 1.48745e-05 0.00168984 0.681328 0.000225834 0.000482297 0.000118397 2.50492e-05 
0.0845227 0.0890676 0.076571 1.41034e-05 0.0887167 0.00120179 0.00990352 0.0213053 0.025391 0.505642 0.0225141 0.000192275 0.0748168 0.000141021 
0.30583 0.021827 0.0276262 0.00047035 0.0988398 0.000193572 0.0988738 0.00330981 0.0109199 0.401389 0.00268885 0.0026944 0.0252792 5.8104e-05 
0.352627 0.00169322 0.0164984 7.67813e-05 0.0347448 1.42522e-05 0.0173089 0.107221 0.00248808 0.358192 0.0696328 1.01324e-06 0.0394907 9.8222e-06 
0.100432 0.337332 0.0231167 4.17868e-05 0.151356 9.39883e-05 0.00969174 0.00155922 0.0139034 0.343034 0.00823249 3.32663e-05 0.0110983 7.52816e-05 
0.430634 0.0111194 0.00317858 2.94594e-05 0.00168834 1.15404e-05 0.00413688 0.0223057 0.00227237 0.457684 0.0110334 3.66922e-06 0.0559022 7.37672e-08 
0.136186 0.15881 0.000915079 0.00252688 0.0484732 0.000785901 0.010242 0.0351281 0.129329 0.421748 0.00571561 0.000625459 0.0484121 0.00110245 
0.317794 0.0139426 0.00228306 0.000169848 0.01922 0.00168288 0.0300046 0.00248891 0.0115755 0.589843 0.00429693 4.9616e-05 0.00520921 0.00143973 
0.378755 0.00793913 0.00199259 0.000757856 0.03338 0.000129964 0.00151234 0.00142127 0.0239884 0.535341 0.0057541 1.7458e-05 0.00831591 0.000695527 
0.147555 0.00112783 0.0501339 9.78629e-05 0.0322848 3.84461e-08 0.00151937 6.2152e-08 0.0283996 0.728437 0.00597064 1.4637e-05 0.00441394 4.55183e-05 
0.158147 0.00240579 0.00148782 4.16677e-07 0.0214801 0.000657217 0.0100036 0.001501 0.032273 0.708007 0.0410788 2.68684e-06 0.0224356 0.000519145 
0.176255 0.00176224 7.6942e-08 0.000430717 0.00238566 0.142171 0.015456 0.121898 0.139311 0.252016 0.0185198 0.00729405 0.118186 0.00431488 
0.237389 0.03672 0.000208269 0.000154153 0.0130203 4.26782e-06 0.020479 0.000111635 0.0272344 0.644134 0.0094152 2.72126e-05 0.00923902 0.00186352 
0.214134 0.10744 0.0641606 4.63345e-05 0.0394409 0.000209232 0.00340645 0.0130176 0.0086698 0.512544 0.0136218 3.60614e-05 0.0229777 0.000295295 
0.157418 0.0478637 0.0124601 0.000177923 0.0731098 2.07341e-06 0.0317566 0.00264122 0.208817 0.291624 0.0307322 0.00103914 0.0953198 0.0470393 
0.396109 0.0297287 1.41761e-05 0.000804471 0.00351005 0.000126129 0.0210306 0.0033268 0.037193 0.481416 0.000719686 2.4677e-05 0.0257836 0.0002127 
0.237501 0.00825769 0.0617828 0.00193582 0.0281607 3.53387e-05 0.0302741 0.000624365 0.0147194 0.529234 0.049451 3.27748e-06 0.0380147 5.70302e-06 
0.119542 0.0474246 0.140771 1.70095e-05 0.0247749 0.029162 0.0572325 0.0355799 0.079477 0.236716 0.141081 0.000146053 0.0801087 0.00796737 
0.0816142 0.0652091 3.38314e-08 0.0141791 0.012931 0.000317665 0.0167321 0.000550966 0.00861344 0.759863 0.00204687 3.76201e-06 0.0379182 2.09438e-05 
0.260804 0.0276398 0.0057605 1.67583e-05 0.0532267 0.00621903 0.00475073 0.0151937 0.0423005 0.514289 0.0183942 0.000106771 0.0512881 9.64948e-06 
0.0974279 0.00486613 0.00153718 3.01972e-08 0.0477504 0.000127584 0.00121816 0.00174097 0.0369521 0.791485 0.00262402 1.10737e-05 0.014259 4.71566e-08 
0.219978 0.00540762 0.00397706 0.00111848 0.137325 0.00818994 0.0224241 0.00192795 0.0589447 0.306591 0.163748 0.000194271 0.0676048 0.00256928 
0.0019863 1.43342e-05 0.0114006 2.26976e-06 0.0078357 2.22967e-05 1.96934e-05 0.000912932 0.167381 0.583227 0.0611634 2.39597e-06 0.16569 0.000341049 
0.180128 0.0184966 0.0129717 0.00304554 0.0366961 0.000501219 0.00308636 0.0402338 0.0091807 0.664973 0.00349721 1.34752e-05 0.0270355 0.000141467 
0.157069 0.000639349 1.08122e-08 3.9204e-05 0.00067453 0.0504457 0.0013987 0.0669203 0.0318023 0.544318 0.0126517 6.26992e-05 0.133951 2.73797e-05 
0.0260506 0.082142 0.00517202 0.0129697 0.291578 0.000342044 0.00653463 0.0901722 0.000706125 0.471092 0.00495709 0.000302977 0.00798016 6.24573e-07 
0.0712525 0.112786 0.0681058 0.00024737 0.240644 0.000613139 0.00839184 0.00956011 0.00838021 0.437452 0.00131504 0.00148739 0.0397457 1.93223e-05 
0.0717456 0.0190184 0.154539 0.000397956 0.0149855 0.0614938 0.019728 0.000157689 0.0251303 0.517819 0.0755837 0.000352241 0.0389599 8.91313e-05 
0.113268 0.0599219 0.00702057 0.000770984 0.154774 7.75024e-05 0.0278949 0.0998041 0.138567 0.329925 0.0152923 0.000261574 0.0512153 0.00120674 
0.154578 0.132078 0.0150142 6.27137e-06 0.00113425 1.06433e-05 0.0324287 0.00400136 0.000909785 0.624226 0.000729695 5.41878e-06 0.0348682 1.00078e-05 
0.0951393 0.00363432 0.00848848 0.000166778 0.0213286 7.00817e-05 0.00172012 0.00622357 0.154775 0.584219 0.0460899 1.83286e-05 0.0780769 4.97241e-05 
0.00396986 0.00190701 0.378098 4.84589e-05 0.131215 1.19277e-06 0.00191165 0.00248201 0.0132931 0.465544 0.00115576 1.16792e-06 0.000370702 2.53369e-06 
0.0864619 0.00624488 0.00136065 5.814e-05 0.0144808 0.000124623 0.0483146 0.00329066 0.0448185 0.760111 0.00658077 0.0218285 0.00613327 0.000192031 
0.220736 0.009783 0.0071584 0.00524003 0.212152 0.00302776 0.0264952 0.0124857 0.00759378 0.413132 0.0421802 0.00978408 0.0291796 0.00105251 
0.258142 0.0206093 0.0197212 0.00478973 0.134255 0.000551491 0.0590678 0.00512681 0.0159846 0.450506 0.00415516 0.011513 0.0150699 0.000507138 
0.173462 0.00785928 1.73448e-05 3.00679e-07 0.000962366 0.000142855 0.000235828 3.72374e-05 0.00627928 0.805299 0.000333453 4.25565e-06 0.00536648 1.24674e-07 
0.0962509 0.043316 0.0264775 0.00155086 0.0810532 0.000201762 0.0155443 0.00883568 0.0292787 0.662028 0.00407435 0.00033775 0.0305107 0.000540011 
0.00906718 0.0189848 0.0119689 1.86073e-07 0.160709 0.00916048 0.0555026 0.00182266 0.0952205 0.573624 0.00749607 3.40316e-05 0.0504365 0.00597294 
0.014438 0.0145894 0.00212445 4.50305e-12 0.095131 0.00255209 0.00603334 4.83343e-05 0.0169463 0.83945 0.000289094 1.14077e-09 0.00685215 0.00154608 
0.116266 0.00145066 0.00159677 0.0958022 0.0218871 3.00004e-05 0.00398926 0.00294618 0.133911 0.469072 0.00261751 3.71486e-05 0.150349 4.38525e-05 
0.193484 0.00330538 0.0183763 0.000152128 0.196848 0.00043586 0.00173669 1.24913e-05 0.238788 0.330421 0.00638102 0.000124142 0.0096898 0.000245486 
0.261751 0.0328579 0.0141277 0.00314921 0.0592926 0.000735532 0.0223512 0.021158 0.0647472 0.442769 0.00557278 0.00155065 0.0698618 7.5601e-05 
0.0585949 0.0209087 0.0677292 0.00033804 0.157399 0.00537397 0.0499171 0.0152609 0.0618077 0.51371 0.0263677 0.0054069 0.015228 0.00195776 
