0.739057 0.000135576 0.186975 0.0738316 
0.0552958 1.91421e-07 8.37218e-05 0.94462 
0.360137 0.00898807 0.0320374 0.598838 
0.361236 1.43969e-05 0.55843 0.0803196 
0.0847443 1.21529e-05 0.895316 0.0199276 
0.801811 0.00347859 0.146344 0.0483659 
0.233305 0.00868773 0.7061 0.0519071 
0.925356 0.000115728 0.0722962 0.00223171 
0.845321 0.00654527 0.0258407 0.122293 
0.910029 1.60008e-06 0.000199095 0.0897706 
0.792357 0.00280509 0.179497 0.0253405 
0.95167 0.000360129 0.0276241 0.0203459 
0.697007 0.00563851 0.173211 0.124143 
0.920138 1.82296e-07 0.0784648 0.00139677 
0.841451 0.0104995 0.0704266 0.0776232 
0.896247 0.0162332 0.0604124 0.0271077 
0.636378 0.00547732 0.351439 0.00670555 
0.954668 0.00145168 0.0218005 0.0220795 
0.0848605 4.72992e-05 0.868035 0.0470575 
0.30676 0.000421155 0.0200608 0.672758 
0.0450837 0.000132296 0.373308 0.581476 
0.427705 0.000420388 0.0426988 0.529176 
0.925183 0.00121615 0.06682 0.00678124 
0.812834 0.000629785 0.0448678 0.141668 
0.085297 0.000204048 0.869288 0.0452106 
0.0305955 5.02484e-05 0.0244021 0.944952 
0.821263 3.5716e-05 0.17843 0.000271758 
0.010695 0.000447598 0.0177762 0.971081 
0.0736681 0.000510022 0.140171 0.785651 
0.289514 0.00322719 0.422734 0.284525 
0.130613 2.77279e-05 0.864538 0.00482177 
0.557344 0.000408905 0.151618 0.29063 
0.328453 4.05349e-05 0.581165 0.0903418 
0.123958 0.000221989 0.205626 0.670195 
0.0535667 9.94008e-05 0.89616 0.050174 
0.955937 2.55203e-09 0.0355068 0.00855625 
0.848684 0.000449436 0.138084 0.012783 
0.0178609 3.55352e-05 0.0099024 0.972201 
0.704567 0.0205149 0.226462 0.0484566 
0.930207 3.61461e-06 0.0686671 0.00112239 
0.305305 7.22213e-11 0.677935 0.0167601 
0.0899381 0.0274893 0.851765 0.0308079 
0.865461 1.5488e-05 0.10477 0.0297533 
0.22827 0.0296325 0.396961 0.345137 
0.98433 1.32755e-05 0.0112816 0.00437513 
0.889182 0.00178322 0.0851232 0.0239113 
0.921429 2.30787e-05 0.076197 0.00235138 
0.00376414 9.72076e-05 0.00948407 0.986655 
0.114556 0.00151854 0.775158 0.108768 
0.856625 0.0189817 0.0554741 0.0689192 
0.351384 0.000107819 0.632594 0.0159141 
0.0546012 4.08811e-05 0.288045 0.657313 
0.599205 0.00179503 0.264878 0.134121 
0.0158189 2.20059e-09 0.984181 6.27597e-08 
0.852173 2.69986e-05 0.00420394 0.143596 
0.342728 8.22248e-07 0.644018 0.0132523 
0.90936 7.4313e-13 0.0861292 0.00451033 
0.57804 0.0178684 0.115295 0.288797 
0.878107 0.00320133 0.0275678 0.0911242 
0.945586 0.000196218 0.037958 0.0162594 
0.920227 0.00103859 0.0746899 0.00404411 
0.917883 0.00543659 0.0144591 0.0622215 
0.920823 8.41526e-05 0.0611028 0.0179899 
0.509683 0.0304405 0.036424 0.423453 
0.0777444 6.4635e-08 0.0678026 0.854453 
0.300433 2.64133e-07 1.94326e-05 0.699548 
0.941703 0.0053404 0.023726 0.0292309 
0.646121 0.00746919 0.226474 0.119935 
0.130303 0.000788997 0.786079 0.0828294 
0.900991 0.00378004 0.0882697 0.00695919 
0.950831 3.59646e-05 0.0487544 0.000378196 
2.23701e-05 2.23659e-05 0.948487 0.051468 
0.953128 1.03165e-08 0.0437322 0.0031394 
0.106441 0.000146118 0.867249 0.0261638 
0.842924 1.19222e-05 0.150559 0.00650509 
0.443766 0.00557226 0.098761 0.4519 
0.835815 0.00128388 0.0966308 0.0662699 
0.604186 0.00277516 0.314687 0.0783519 
0.763233 0.000325003 0.224485 0.0119568 
0.564747 3.82435e-05 0.41899 0.0162252 
0.153025 9.58402e-05 0.112789 0.734091 
0.862484 0.0239711 0.0605751 0.0529693 
0.491661 0.0659246 0.175366 0.267048 
0.0672668 3.30823e-05 0.931321 0.00137943 
0.73696 0.00221432 0.25832 0.00250541 
0.212975 0.00138403 0.610909 0.174732 
0.942134 0.000235085 0.0409104 0.0167208 
0.951716 1.2713e-05 0.0481586 0.000113025 
0.950857 0.0101344 0.0281354 0.0108727 
0.816113 0.00117228 0.0240864 0.158628 
0.996143 4.88077e-05 0.001574 0.00223407 
0.458561 1.83164e-05 0.128403 0.413018 
0.112839 6.16912e-06 0.884509 0.00264622 
0.432123 1.72174e-06 0.0308343 0.537041 
0.636361 0.00331332 0.278601 0.0817253 
0.738339 0.0227156 0.211419 0.0275273 
0.581055 0.0312436 0.0711884 0.316513 
0.803589 2.6844e-05 0.190332 0.00605193 
0.154808 3.40887e-09 0.831505 0.0136865 
0.847477 0.00380222 0.0878807 0.0608403 
0.89836 0.00655219 0.0696014 0.0254867 
0.996416 2.0387e-07 0.000298553 0.00328507 
0.954399 3.26619e-05 0.0434155 0.00215324 
0.0798742 3.80898e-05 0.918617 0.00147108 
0.0925278 0.00610957 0.00744307 0.89392 
0.749195 1.88832e-06 0.214312 0.0364908 
0.32448 5.48808e-05 0.53824 0.137225 
0.851452 0.000316587 0.0499648 0.0982666 
0.84656 0.00266744 0.132452 0.0183206 
0.976948 0.000150811 0.013421 0.00948052 
0.758199 9.4254e-07 0.164882 0.0769176 
0.628666 0.000195032 0.31674 0.0543989 
0.931433 0.000140725 0.0041437 0.0642825 
0.226199 0.0281082 0.693656 0.0520373 
0.98845 2.42591e-06 0.0100048 0.00154251 
0.188918 0.033507 0.142091 0.635484 
0.815806 0.000183187 0.0695935 0.114417 
0.121419 0.000345835 0.0706615 0.807574 
0.771211 0.00577109 0.163091 0.0599272 
0.791922 0.000358664 0.203301 0.00441785 
0.674723 1.85704e-07 0.0212394 0.304038 
0.934712 1.15745e-05 0.0621185 0.00315811 
0.245268 1.49635e-08 0.732541 0.0221909 
0.899812 0.00223362 0.0922726 0.00568199 
0.891809 0.00304183 0.0568383 0.0483105 
0.00551649 0.000138614 0.00358372 0.990761 
0.269971 0.000469481 0.636747 0.0928119 
0.862883 0.00656901 0.115955 0.0145925 
0.887608 0.000126981 0.102686 0.00957845 
0.499323 0.00155643 0.328791 0.170329 
0.940944 2.66042e-09 0.0583631 0.000693272 
0.870047 6.43417e-05 0.126126 0.00376238 
0.89046 0.0150043 0.056748 0.0377874 
0.792678 7.78821e-05 0.201061 0.00618278 
0.891399 5.21024e-05 0.0938958 0.0146528 
0.104786 6.73536e-08 0.891056 0.00415816 
0.890587 0.000424978 0.0926929 0.0162955 
0.345136 0.00588963 0.0686707 0.580303 
0.483233 0.00953744 0.0665591 0.44067 
0.711553 4.94685e-05 0.274499 0.0138986 
0.366149 9.55299e-05 0.228092 0.405664 
0.8768 9.02352e-05 0.0714621 0.0516478 
0.409985 1.37295e-05 0.579058 0.0109432 
0.911532 0.00513061 0.0588505 0.0244866 
0.142057 0.000974098 0.485258 0.371711 
0.642481 0.00863134 0.0989932 0.249894 
0.248593 3.39641e-06 0.747028 0.00437501 
0.802092 0.0528581 0.0624268 0.0826236 
0.253266 0.0033029 0.708912 0.0345198 
0.998995 7.76334e-07 3.90693e-05 0.000965236 
0.278616 0.00018458 0.285281 0.435918 
0.972884 5.5296e-06 0.0226863 0.00442429 
0.101727 0.000582052 0.853276 0.044415 
0.803339 7.60132e-05 0.142407 0.0541785 
0.217953 0.000186974 0.0374323 0.744428 
0.992729 1.20803e-06 0.00726182 8.20616e-06 
0.379614 3.04117e-07 0.514059 0.106327 
0.807008 3.46744e-05 0.189953 0.00300482 
0.933473 3.92283e-05 0.0594901 0.00699805 
0.929543 0.000212843 0.027707 0.0425374 
0.960949 0.000105774 0.000112932 0.0388322 
0.246612 0.0135807 0.545167 0.19464 
0.117982 5.50174e-12 0.879566 0.00245152 
0.974055 2.15617e-06 0.018128 0.00781454 
0.15161 1.69784e-07 0.101531 0.746859 
0.138878 2.17741e-05 0.0619667 0.799133 
0.0308026 8.14737e-05 0.967947 0.00116902 
0.756682 0.000530845 0.227698 0.0150893 
0.996643 3.73816e-12 0.00258987 0.000766929 
0.0178609 3.55352e-05 0.0099024 0.972201 
0.177649 0.000228483 0.261445 0.560677 
0.801925 0.000495763 0.179467 0.0181113 
0.723225 0.0146384 0.115883 0.146254 
0.248521 0.00397977 0.730688 0.0168112 
0.899038 0.00832552 0.0565162 0.0361201 
0.129551 1.32152e-06 0.0713234 0.799124 
0.998658 2.17978e-08 0.00036635 0.00097609 
0.902729 0.0140989 0.018708 0.0644637 
0.850708 0.000366407 0.123089 0.0258366 
0.972414 3.2737e-05 0.0256454 0.00190781 
0.506868 0.00027799 0.167127 0.325728 
0.90911 0.00202253 0.0475885 0.0412787 
0.946064 0.000168047 0.041346 0.0124221 
0.0731114 3.9402e-05 0.925446 0.00140272 
0.117982 5.50174e-12 0.879566 0.00245152 
0.885604 0.00302574 0.0828794 0.0284904 
0.749574 0.0211617 0.0889894 0.140275 
0.0367626 0.000223394 0.959066 0.00394751 
0.239576 0.000639242 0.689933 0.0698511 
0.727519 0.000890254 0.00345656 0.268134 
0.953425 0.00671955 0.0260183 0.0138369 
0.877983 6.76476e-06 0.114849 0.00716128 
0.882168 0.00535956 0.0918218 0.0206502 
0.5149 0.00125292 0.325344 0.158503 
0.607144 0.049465 0.131805 0.211586 
0.0647776 0.000110561 0.897371 0.0377404 
0.242294 0.020881 0.026586 0.710239 
0.397924 4.41344e-09 0.587744 0.0143322 
0.889618 0.00244125 0.0830066 0.0249341 
0.826617 3.51985e-05 0.154231 0.0191166 
0.189937 0.0017088 0.0637694 0.744585 
0.0782849 0.00149384 0.0664396 0.853782 
0.131765 0.00676133 0.112675 0.748798 
0.961734 5.65824e-05 0.0264441 0.0117657 
0.817088 2.18202e-05 0.174473 0.00841648 
0.877156 0.000500057 0.0514304 0.0709131 
0.919261 0.00802147 0.0446058 0.0281118 
0.794906 1.88911e-05 0.196462 0.00861318 
0.358703 0.000673811 0.0700928 0.57053 
0.161859 0.00466047 0.370411 0.46307 
0.929085 0.00133968 0.0680083 0.00156691 
0.855762 0.00895798 0.102728 0.0325525 
0.821263 3.5716e-05 0.17843 0.000271758 
0.930789 1.48292e-05 0.0604834 0.00871274 
0.822381 0.017923 0.0907307 0.0689651 
0.530344 0.000234062 0.0703377 0.399084 
0.870074 1.94122e-05 0.103111 0.0267963 
0.000941421 4.04115e-12 0.999052 6.11735e-06 
0.854348 1.5596e-06 0.13975 0.00590089 
0.698623 0.00773556 0.255732 0.0379096 
0.189684 4.86175e-06 0.0191467 0.791165 
0.782272 0.00259736 0.16903 0.0461002 
0.342728 8.22248e-07 0.644018 0.0132523 
0.369738 2.55209e-05 0.612477 0.0177598 
0.862312 0.00384743 0.0848384 0.0490024 
0.18232 0.000377477 0.0292468 0.788055 
0.819516 0.000905865 0.107132 0.072446 
0.850293 6.97081e-05 0.137002 0.0126356 
0.727253 3.04061e-06 0.270199 0.00254538 
0.849697 0.0171933 0.0630558 0.0700536 
0.432987 0.000383092 0.157321 0.409309 
0.925755 1.05573e-06 0.010935 0.0633085 
0.88141 0.00817657 0.0661002 0.0443136 
0.000536342 2.09585e-07 0.994884 0.00457909 
0.314833 5.56397e-06 0.660492 0.0246693 
0.303766 0.00450563 0.0379897 0.653739 
0.865461 1.5488e-05 0.10477 0.0297533 
0.998259 5.12691e-09 0.00149148 0.000249827 
0.0176976 0.00101061 0.010568 0.970724 
0.81396 0.0168751 0.108864 0.0603015 
0.0745487 0.00105612 0.0997919 0.824603 
0.361871 0.000151107 0.621347 0.0166306 
0.0782849 0.00149384 0.0664396 0.853782 
0.0138537 0.000702174 0.0558377 0.929606 
0.919782 0.00339215 0.0574676 0.0193582 
0.73726 0.000273653 0.00833503 0.254132 
0.872966 0.000316334 0.121827 0.00489028 
0.851739 0.00459731 0.0831969 0.060467 
0.107861 5.35432e-05 0.152374 0.739711 
0.792542 0.0198723 0.156071 0.0315154 
0.874014 0.000177767 0.096672 0.0291364 
0.311934 0.0173956 0.289862 0.380808 
0.783266 0.00641872 0.177859 0.0324562 
0.360392 0.00402008 0.26077 0.374818 
0.666688 0.000862651 0.263557 0.0688919 
0.162227 4.34006e-05 0.326943 0.510786 
0.304552 9.27399e-06 0.680985 0.0144534 
0.87623 0.033542 0.0489892 0.0412387 
0.911902 0.00259068 0.072015 0.0134927 
0.134977 1.90714e-05 0.85917 0.00583398 
0.209898 0.00892672 0.724466 0.0567092 
0.644779 0.0128462 0.21619 0.126184 
0.936903 9.79835e-05 0.058386 0.00461339 
0.0671084 0.000196532 0.90272 0.0299752 
0.341611 0.000318003 0.649611 0.00845998 
0.780042 5.93059e-07 0.20979 0.0101675 
0.954586 3.70317e-05 0.0451113 0.000265631 
0.749241 6.35706e-05 0.202849 0.0478467 
0.271032 0.0214422 0.221089 0.486436 
0.771131 0.000907006 0.211156 0.016806 
0.909493 0.00025511 0.0818408 0.00841148 
0.366928 0.00446696 0.0144541 0.614151 
0.865461 1.5488e-05 0.10477 0.0297533 
0.0927914 0.0529946 0.0992995 0.754914 
0.473674 0.000192189 0.52038 0.00575394 
0.95167 0.000360129 0.0276241 0.0203459 
0.954387 1.40513e-05 0.0358464 0.00975273 
0.188918 0.033507 0.142091 0.635484 
0.868205 0.00445806 0.102381 0.0249562 
0.265984 0.0216714 0.0731346 0.63921 
0.0105452 4.0913e-05 0.988946 0.000467781 
0.938785 0.000559386 0.0547311 0.00592469 
0.237312 0.00244328 0.621748 0.138497 
0.952151 0.000139156 0.0427894 0.00492024 
0.880163 3.7454e-11 0.0905303 0.0293065 
0.944711 6.45325e-05 0.0540158 0.00120836 
0.803936 0.000552991 0.182704 0.0128072 
0.720074 0.00261321 0.273449 0.00386355 
0.209841 1.45219e-06 0.102586 0.687571 
0.924801 0.00496714 0.0449992 0.0252327 
0.0717425 0.00170279 0.0369369 0.889618 
0.865461 1.5488e-05 0.10477 0.0297533 
0.944711 6.45325e-05 0.0540158 0.00120836 
0.845143 0.000637225 0.132946 0.0212736 
0.939411 0.000142325 0.0457209 0.0147257 
0.0212321 7.96416e-05 0.00451872 0.97417 
0.237254 1.08386e-05 0.447809 0.314927 
0.210909 0.000640452 0.0510906 0.73736 
0.676943 0.0106273 0.192515 0.119915 
0.0151411 8.05091e-07 2.3092e-06 0.984856 
0.846391 6.11189e-05 0.121965 0.0315833 
0.294785 3.66197e-08 0.696956 0.00825888 
0.993459 7.22647e-10 0.00601752 0.000523383 
0.896849 0.00715657 0.0725128 0.023482 
0.893466 7.8438e-05 0.103826 0.00262971 
0.65177 0.00103288 0.296753 0.0504444 
0.0877219 5.3196e-06 0.259631 0.652642 
0.817435 0.00109289 0.148094 0.0333774 
0.111244 2.99111e-12 0.886754 0.00200245 
0.359368 0.00191576 0.155214 0.483502 
0.733495 0.0179711 0.110775 0.137759 
0.850672 0.0114716 0.0599998 0.0778564 
0.99415 5.1353e-06 0.00194717 0.00389735 
0.248821 0.0113886 0.173636 0.566154 
0.206799 0.0586925 0.231496 0.503012 
0.802203 7.54417e-05 0.19369 0.00403067 
0.784651 0.000219957 0.0894724 0.125656 
0.0189222 0.00036303 0.0109343 0.96978 
0.866203 4.15331e-05 0.128086 0.0056698 
0.479558 0.000277548 0.0288898 0.491274 
0.944711 6.45325e-05 0.0540158 0.00120836 
0.839763 3.60372e-05 0.14073 0.0194702 
0.25002 0.249974 0.250013 0.249993 
0.804019 6.45308e-10 0.127509 0.0684725 
0.952189 0.00808384 0.0137648 0.0259623 
0.301091 0.00239689 0.0915707 0.604942 
0.102927 8.74669e-05 0.892527 0.00445886 
0.183921 0.000751861 0.145742 0.669586 
0.921248 0.00190172 0.0572165 0.019634 
0.764714 0.0316017 0.0500784 0.153606 
0.37407 0.0192114 0.349945 0.256774 
0.846145 0.000106568 0.118398 0.0353507 
0.92068 0.00117715 0.0452181 0.0329248 
0.911008 4.74811e-06 0.0880178 0.000969817 
0.947725 3.45857e-05 0.0514956 0.000744401 
0.860038 0.00444715 0.117502 0.0180132 
0.412699 0.0115738 0.215102 0.360626 
0.210688 0.00212548 0.743689 0.0434975 
0.064456 9.70125e-09 0.901349 0.0341951 
0.750844 0.00300921 0.0472954 0.198851 
0.873855 0.00527651 0.0351382 0.0857301 
0.365001 0.000371721 0.331302 0.303325 
0.579535 2.20025e-06 0.263479 0.156984 
0.683205 0.0048105 0.184245 0.12774 
0.831304 0.000504232 0.127265 0.040927 
0.702809 1.03949e-05 0.292714 0.00446691 
0.87828 0.00206933 0.0882118 0.0314386 
0.883984 0.00205589 0.0774201 0.0365403 
0.715163 1.02741e-06 0.273201 0.0116344 
0.898649 0.0037938 0.0637772 0.0337797 
0.222925 0.000336607 0.263671 0.513068 
0.691177 0.00562131 0.140249 0.162953 
0.245268 1.49635e-08 0.732541 0.0221909 
0.0303555 0.0029249 0.0455758 0.921144 
0.00242185 0.000148576 0.000341624 0.997088 
0.871266 0.00017422 0.122488 0.0060724 
0.899072 0.00657064 0.0840451 0.0103126 
0.332535 2.83627e-07 0.000243448 0.667221 
0.976948 0.000150811 0.013421 0.00948052 
0.768882 0.000303407 0.226691 0.00412294 
0.168621 1.59424e-05 0.445177 0.386187 
0.964267 8.38598e-06 0.0331173 0.00260699 
0.922302 0.0011247 0.0570003 0.0195734 
0.972616 0.00177182 0.00291845 0.0226941 
0.0501364 0.000677093 0.0332702 0.915916 
0.837966 5.56796e-10 0.0122527 0.149782 
0.115951 6.94088e-05 0.0328888 0.85109 
0.778368 0.00205904 0.217469 0.00210364 
0.847274 1.60309e-06 0.141454 0.0112704 
0.885742 0.00307801 0.103541 0.00763848 
0.988623 2.93906e-08 0.00416568 0.0072116 
0.946195 0.000423919 0.00804385 0.0453374 
0.92887 0.00334441 0.0421033 0.0256819 
0.826507 0.00325792 0.0592033 0.111032 
0.0732183 3.97094e-05 0.925367 0.00137489 
0.267298 2.3373e-08 0.730614 0.00208773 
0.951471 0.000119547 0.00537817 0.043031 
0.992729 1.20803e-06 0.00726182 8.20616e-06 
0.0782849 0.00149384 0.0664396 0.853782 
0.287751 2.90765e-08 0.094989 0.61726 
0.846761 0.000171989 0.0593744 0.093693 
0.954286 0.011333 0.0220023 0.012379 
0.865461 1.5488e-05 0.10477 0.0297533 
0.299486 0.00155728 0.683804 0.0151525 
0.495543 0.0129746 0.0154368 0.476045 
0.983502 1.86016e-05 0.00948965 0.00698947 
0.439984 0.000144664 0.368756 0.191115 
0.110702 0.000602743 0.878369 0.0103261 
0.868816 0.0229116 0.036131 0.0721411 
0.948967 4.65599e-05 0.0488837 0.00210268 
0.750157 0.000122678 0.0850375 0.164683 
0.961744 0.0001942 0.0342245 0.00383691 
0.27866 0.00122507 0.13607 0.584045 
0.150563 1.02767e-05 0.0501604 0.799266 
0.0680316 2.16706e-05 0.930396 0.00155101 
0.933361 0.00674805 0.0245308 0.0353605 
0.651998 0.0103461 0.051863 0.285793 
0.836125 0.000164602 0.156444 0.00726683 
0.904654 0.0213008 0.0412495 0.0327959 
0.381348 4.01626e-05 0.367108 0.251504 
0.263889 0.000137279 0.218611 0.517362 
0.771185 2.27748e-05 0.205941 0.0228514 
0.923326 0.000181908 0.064454 0.012038 
0.122453 4.32298e-06 0.0150271 0.862515 
0.779521 5.82643e-05 0.167804 0.0526173 
0.040541 5.89272e-05 0.957835 0.00156482 
0.983274 4.22194e-05 0.00904185 0.00764191 
0.973056 1.36534e-05 0.022867 0.00406373 
0.669319 0.00864296 0.0169372 0.3051 
0.0176976 0.00101061 0.010568 0.970724 
0.455968 0.010388 0.335233 0.198411 
0.0208635 2.47128e-05 0.0955666 0.883545 
0.191899 4.81088e-12 0.801629 0.00647206 
0.371925 0.0902855 0.102683 0.435106 
0.0482219 0.00123882 0.940039 0.0105002 
0.752915 1.54605e-08 0.239049 0.00803559 
0.0061153 9.82337e-12 0.985782 0.00810275 
0.897773 0.00110926 0.0815977 0.0195203 
0.962751 2.65007e-05 0.025705 0.0115174 
0.511212 0.0404092 0.256513 0.191866 
0.796882 9.36305e-05 0.186124 0.0169002 
0.455846 0.14544 0.200825 0.197888 
0.0417145 0.000239104 0.925409 0.0326376 
0.0189222 0.00036303 0.0109343 0.96978 
0.881759 0.000192867 0.114283 0.00376504 
0.924205 4.6587e-05 0.0305946 0.0451535 
0.191796 0.0146388 0.769472 0.0240931 
0.92068 0.00117715 0.0452181 0.0329248 
0.679701 0.0160226 0.0872921 0.216984 
0.481526 0.0713561 0.272473 0.174644 
0.0106146 8.88774e-05 0.779243 0.210054 
0.843188 9.34336e-05 0.13527 0.0214485 
3.76311e-05 1.31278e-07 5.93743e-05 0.999903 
0.50035 0.00113057 0.0131164 0.485403 
0.905576 0.0115093 0.0211259 0.0617891 
0.946258 0.00029749 0.0388297 0.0146149 
0.968663 3.54187e-05 0.0305804 0.00072132 
0.0925278 0.00610957 0.00744307 0.89392 
0.683808 1.39044e-06 0.168392 0.147799 
0.973552 9.02004e-05 0.0258769 0.000480961 
0.1764 0.0129799 0.352841 0.457779 
0.880369 0.00168257 0.0508615 0.0670873 
0.898121 2.34425e-05 0.100296 0.00156004 
0.119971 1.97557e-05 0.842195 0.0378139 
0.0782849 0.00149384 0.0664396 0.853782 
0.0577574 0.00265053 0.0527934 0.886799 
0.672567 2.59483e-09 1.21264e-05 0.327421 
0.000141867 6.99261e-10 0.000211829 0.999646 
0.034915 5.616e-06 0.000729104 0.96435 
0.9117 0.000361575 0.0683851 0.0195538 
0.142137 6.34997e-07 0.377738 0.480124 
0.10233 0.000531036 0.263017 0.634121 
0.909436 7.58979e-05 0.0391101 0.0513777 
0.177014 7.13778e-06 0.800178 0.0228009 
0.00463865 2.54046e-11 0.0889825 0.906379 
0.0254552 5.08204e-06 0.971902 0.00263751 
0.0482867 8.77131e-05 0.0509652 0.90066 
0.77895 2.45353e-05 0.217646 0.00337925 
0.811298 0.02632 0.0692405 0.0931418 
0.936125 0.000434882 0.0274136 0.0360265 
0.237595 0.00110126 0.132626 0.628677 
0.964646 0.000323287 0.00341746 0.0316134 
0.954461 1.27412e-05 0.0243423 0.0211837 
0.884391 8.97089e-05 0.019834 0.0956849 
0.871165 6.75267e-06 0.127492 0.00133679 
0.800334 7.84628e-05 0.148532 0.0510557 
0.568929 1.85948e-06 0.154225 0.276844 
0.411963 0.0179281 0.526857 0.0432518 
0.209841 1.45219e-06 0.102586 0.687571 
0.92519 0.00220962 0.0469001 0.0256999 
0.0593323 7.17655e-05 0.937378 0.00321762 
0.140202 0.0474495 0.0960464 0.716302 
0.394708 0.000740041 0.550701 0.0538504 
0.930597 0.00271894 0.00911609 0.0575682 
0.245614 0.00039919 0.0261101 0.727877 
0.100928 1.23643e-05 0.887517 0.0115424 
0.330501 0.0467041 0.130353 0.492442 
0.549889 0.0020466 0.167605 0.280459 
0.0847705 0.000138781 0.135048 0.780043 
0.94112 0.00134299 0.0525035 0.00503326 
0.799075 0.000797796 0.147236 0.0528915 
0.239751 4.18544e-09 0.590906 0.169343 
0.659193 0.000569545 0.0239111 0.316327 
0.0702178 0.00229304 0.0582463 0.869243 
0.732441 0.000155324 0.0979985 0.169405 
0.0733199 2.0744e-11 0.844135 0.0825454 
0.303287 7.83537e-07 0.693531 0.00318097 
0.833308 0.00180654 0.0267025 0.138183 
0.468895 0.00188757 0.458091 0.0711268 
0.870509 7.55953e-07 0.126528 0.00296262 
0.738372 9.7877e-05 0.254659 0.0068712 
0.928451 0.000294397 0.0128903 0.0583647 
0.185574 0.000817463 0.535583 0.278025 
0.0155026 4.72472e-10 0.981564 0.00293329 
0.222088 0.0209622 0.0779248 0.679025 
0.00902451 4.46277e-07 0.990538 0.000437372 
0.515128 0.0246946 0.120506 0.339671 
0.620157 7.95975e-05 0.329026 0.0507381 
0.943461 2.26503e-05 0.0451252 0.0113907 
0.317444 0.001306 0.108721 0.57253 
0.725839 0.000919791 0.163231 0.110011 
0.15202 0.000210838 0.815211 0.0325579 
0.985593 0.000395145 0.00776298 0.0062485 
0.723485 4.63102e-05 0.0743607 0.202108 
0.760952 3.03161e-07 0.203453 0.0355941 
0.13352 0.0028352 0.852389 0.0112557 
0.543854 0.0015567 0.432634 0.0219545 
0.935454 3.1962e-05 0.063255 0.00125864 
0.951988 7.20994e-05 0.0414551 0.00648463 
0.0680316 2.16706e-05 0.930396 0.00155101 
0.576226 0.00349909 0.409156 0.0111186 
0.134119 2.284e-07 0.00959848 0.856282 
0.360043 0.000349979 0.301983 0.337624 
0.921429 2.30787e-05 0.076197 0.00235138 
0.754934 0.000129464 0.0703814 0.174555 
0.918435 0.00117153 0.0666582 0.0137355 
0.549526 0.0200967 0.266568 0.163809 
0.00631786 0.000358536 0.00453195 0.988792 
0.92068 0.00117715 0.0452181 0.0329248 
0.119494 6.44496e-06 0.0193437 0.861155 
0.535528 0.000215361 0.0494195 0.414837 
0.792725 0.000108533 0.132847 0.0743201 
0.322696 8.16812e-05 0.309154 0.368069 
0.0925278 0.00610957 0.00744307 0.89392 
0.0680316 2.16706e-05 0.930396 0.00155101 
0.0609395 4.36128e-07 0.934979 0.00408151 
0.999709 9.70317e-05 9.70469e-05 9.70394e-05 
0.26709 0.00398854 0.707354 0.021567 
0.984875 1.69132e-05 0.0147648 0.000343658 
0.865461 1.5488e-05 0.10477 0.0297533 
0.811025 0.00149003 0.15111 0.0363749 
0.286187 7.96174e-09 0.685768 0.0280445 
0.905756 0.000631704 0.081358 0.0122545 
0.0875854 0.00927182 0.737083 0.16606 
0.592753 0.0155797 0.100815 0.290853 
0.971081 0.00169071 0.00184056 0.0253879 
0.926476 6.1831e-05 0.0473978 0.0260648 
0.487587 0.000122245 0.055127 0.457164 
0.827962 0.000477395 0.157801 0.0137593 
0.607186 5.27316e-05 0.0478922 0.344869 
0.0680316 2.16706e-05 0.930396 0.00155101 
0.898868 1.42936e-05 0.0205027 0.0806146 
0.865461 1.5488e-05 0.10477 0.0297533 
0.0812422 0.0029627 0.831813 0.0839821 
0.905037 0.00527987 0.0712464 0.0184369 
0.0666542 0.000339928 0.930862 0.00214377 
0.114673 4.20854e-05 0.87993 0.00535487 
0.679504 0.0084471 0.142438 0.169611 
0.382004 0.00198427 0.0189873 0.597024 
0.450932 0.000566789 0.528604 0.0198979 
0.330518 0.000159725 0.0102837 0.659039 
0.882423 0.00113523 0.0289264 0.0875153 
0.157377 0.000188764 0.295173 0.547261 
0.422673 1.1945e-07 0.560047 0.0172796 
0.658617 0.00025768 0.0672755 0.27385 
0.0861041 0.000338484 0.9037 0.00985719 
0.861774 4.49449e-06 0.11111 0.0271118 
0.690165 0.000366021 0.240831 0.0686386 
0.854127 0.000197922 0.122245 0.0234295 
0.865461 1.5488e-05 0.10477 0.0297533 
0.0176976 0.00101061 0.010568 0.970724 
0.728195 0.000833829 0.223971 0.0470003 
0.280999 0.00327627 0.0285252 0.687199 
0.821263 3.5716e-05 0.17843 0.000271758 
0.0289138 1.57568e-05 0.970294 0.000776674 
0.77003 0.00238129 0.145926 0.0816632 
0.821263 3.5716e-05 0.17843 0.000271758 
0.391675 0.0569603 0.142512 0.408853 
0.237926 6.98952e-05 0.0349939 0.72701 
0.895781 0.000877519 0.0564733 0.0468684 
0.202777 0.00250233 0.77966 0.0150602 
0.506097 0.00403478 0.163603 0.326265 
0.00232963 8.58842e-05 0.00583264 0.991752 
0.243014 0.0303587 0.157854 0.568774 
0.00551649 0.000138614 0.00358372 0.990761 
0.920861 0.0171779 0.0434178 0.0185433 
0.915105 0.0121276 0.0432088 0.0295581 
0.291068 8.85088e-06 0.299866 0.409057 
0.780484 0.00179579 0.184826 0.0328939 
0.83565 0.00562237 0.125051 0.0336767 
0.000161191 0.000161161 0.999516 0.000161174 
0.941489 0.000123745 0.0302787 0.0281087 
0.149553 0.00518255 0.0532794 0.791985 
0.832182 0.000180612 0.12756 0.0400768 
0.865461 1.5488e-05 0.10477 0.0297533 
0.136091 0.000102508 0.0327253 0.831081 
0.923094 0.000631065 0.0581155 0.0181594 
0.712544 0.0379166 0.0673634 0.182176 
0.932874 0.011459 0.0166202 0.0390468 
0.976647 1.44526e-06 0.0217834 0.00156821 
0.654756 0.00175297 0.124688 0.218803 
0.731534 4.33224e-05 0.263446 0.00497603 
0.413436 0.00352749 0.0127235 0.570313 
0.27584 2.51631e-05 0.041325 0.68281 
0.242347 0.000103262 0.737744 0.0198062 
0.28065 0.0145031 0.422303 0.282544 
0.763881 0.00806317 0.165664 0.0623924 
0.295812 0.0030025 0.0725949 0.628591 
0.970737 0.00110975 0.017823 0.0103302 
0.731557 8.8581e-05 0.0514065 0.216948 
0.928488 0.00806616 0.0178702 0.0455753 
0.304356 0.000463179 0.194857 0.500324 
0.687124 0.0107793 0.121413 0.180684 
0.974712 0.00536488 0.00782046 0.0121027 
0.515128 0.0246946 0.120506 0.339671 
0.934684 3.51827e-05 0.0596049 0.00567629 
0.141703 1.64447e-05 0.855064 0.00321631 
0.94524 2.86541e-06 0.0316871 0.0230703 
0.213757 4.894e-05 0.745015 0.0411787 
0.006239 0.00011437 0.0239415 0.969705 
0.0958179 0.0197192 0.244184 0.640279 
0.293706 0.000311426 0.552003 0.153979 
0.00224858 0.000144254 0.00458951 0.993018 
0.605664 0.010139 0.100893 0.283304 
0.0782849 0.00149384 0.0664396 0.853782 
0.803263 0.00273463 0.190205 0.00379659 
0.86844 0.0119996 0.0720486 0.047512 
0.998947 1.30526e-05 0.00100415 3.53438e-05 
0.642689 0.00538443 0.065977 0.28595 
0.135714 0.00243084 0.837148 0.0247074 
0.658362 6.45529e-07 0.174894 0.166744 
0.865461 1.5488e-05 0.10477 0.0297533 
0.267585 0.0116199 0.0236939 0.697102 
0.976156 1.04946e-06 0.0191246 0.00471864 
0.589167 0.000256917 0.313463 0.0971125 
0.16106 0.00111746 0.104399 0.733424 
0.458561 1.83164e-05 0.128403 0.413018 
0.976474 0.000110381 0.0172342 0.00618168 
0.997575 7.34022e-07 0.00242339 7.3408e-07 
0.270595 0.00119799 0.666624 0.0615826 
0.84696 0.000648672 0.134544 0.0178474 
0.0896455 0.000737591 0.0922302 0.817387 
0.830636 0.0229398 0.0877571 0.0586672 
0.386369 0.000324359 0.0715555 0.541751 
0.99982 5.57368e-08 0.000101135 7.84871e-05 
0.0468252 0.00055558 0.0116783 0.940941 
0.23551 0.00672766 0.708789 0.0489737 
0.189937 0.0017088 0.0637694 0.744585 
0.322401 9.32679e-08 5.11988e-07 0.677599 
0.171317 0.000576024 0.0028025 0.825305 
0.937674 0.000128408 0.0322902 0.0299079 
0.853881 0.0224899 0.0522826 0.0713468 
0.927608 6.87303e-05 0.0691171 0.00320608 
0.585788 0.0058833 0.253974 0.154355 
0.181813 5.49429e-05 0.815709 0.00242311 
0.0692383 0.000186376 0.91478 0.0157949 
0.987916 3.76293e-05 0.00140125 0.0106452 
0.200862 3.12944e-05 0.754479 0.0446275 
0.869487 1.83581e-06 0.130408 0.000102712 
0.174622 1.84915e-05 0.800321 0.025038 
0.118574 0.0138485 0.359861 0.507716 
0.393246 0.00274678 0.0154839 0.588523 
0.827702 1.55977e-05 0.169763 0.00251918 
0.901188 1.38535e-05 0.0926941 0.00610399 
0.810166 6.40171e-08 0.174629 0.0152043 
0.186731 0.0039679 0.194274 0.615027 
0.279689 0.00221041 0.454524 0.263576 
0.947663 0.0031954 0.0399575 0.00918427 
0.149785 0.000272623 0.352644 0.497298 
0.280999 0.00327627 0.0285252 0.687199 
0.0672668 3.30823e-05 0.931321 0.00137943 
0.44646 0.00105312 0.474983 0.0775036 
0.927581 0.00332581 0.0390667 0.0300263 
0.0733045 0.00356663 0.912573 0.0105554 
0.865461 1.5488e-05 0.10477 0.0297533 
0.865461 1.5488e-05 0.10477 0.0297533 
0.941109 0.00044661 0.0329139 0.0255304 
0.859113 3.12747e-05 0.129306 0.0115499 
0.00781231 0.00032998 0.989024 0.00283343 
0.195523 0.0474582 0.13539 0.621628 
0.948371 2.92377e-06 0.0414379 0.0101883 
0.912758 8.40133e-05 0.0735724 0.0135857 
0.903966 0.00576262 0.0588049 0.0314669 
0.86557 0.00446041 0.091252 0.0387174 
0.884619 0.0120515 0.0607757 0.0425535 
0.342728 8.22248e-07 0.644018 0.0132523 
0.944711 6.45325e-05 0.0540158 0.00120836 
0.899421 0.0303389 0.0359054 0.0343348 
0.80058 0.0221175 0.0749132 0.102389 
0.348046 8.9957e-07 0.635417 0.0165363 
0.170822 0.00100003 0.682283 0.145895 
0.151965 9.75522e-05 0.100404 0.747534 
0.470358 0.00161091 0.128172 0.399859 
0.109092 0.000120038 0.720094 0.170694 
0.942234 0.000967859 0.0351365 0.0216617 
0.94112 0.00134299 0.0525035 0.00503326 
0.955836 0.000103815 0.038962 0.00509782 
0.633319 0.0106588 0.121114 0.234908 
0.813775 0.000984892 0.16276 0.0224806 
0.895447 0.00184528 0.0390212 0.0636864 
0.707901 0.0195369 0.0343339 0.238229 
0.971102 0.000560307 0.0046767 0.023661 
0.27604 0.0214999 0.0579748 0.644486 
0.210025 0.00121312 0.784675 0.00408632 
0.575746 0.000356629 0.139958 0.28394 
0.818526 0.000678117 0.167389 0.0134067 
0.904021 0.00633173 0.0623274 0.0273199 
0.0223161 3.34373e-05 0.976688 0.000962692 
0.880758 4.01591e-05 0.101562 0.01764 
0.771964 0.0108079 0.0425155 0.174713 
0.780858 0.0020151 0.0357577 0.181369 
0.139902 6.60957e-06 0.078042 0.78205 
0.900502 0.00908152 0.0637258 0.0266908 
0.562729 5.02638e-05 0.387515 0.0497053 
0.720141 0.00167763 0.20805 0.0701315 
0.190611 0.00676682 0.0634215 0.739201 
0.0510462 0.00012017 0.0912988 0.857535 
0.95167 0.000360129 0.0276241 0.0203459 
0.0417317 0.0414841 0.137543 0.779241 
0.416396 7.03797e-05 0.48444 0.0990934 
0.68695 0.00466283 0.224975 0.0834124 
0.844025 0.000753525 0.106673 0.0485491 
0.885585 0.000239718 0.0784492 0.0357264 
0.00809319 2.30365e-05 0.030996 0.960888 
0.923777 0.00199049 0.052054 0.022179 
0.856267 5.32646e-05 0.130848 0.012832 
0.639536 0.010511 0.0939392 0.256014 
0.555181 0.00164627 0.367788 0.0753842 
0.912487 0.00186435 0.0520325 0.0336165 
0.525427 0.00399483 0.123329 0.347249 
0.855071 0.00270956 0.0825118 0.0597077 
0.0137391 2.24026e-08 0.986016 0.000244523 
0.735786 0.00374394 0.139623 0.120847 
0.954586 3.70317e-05 0.0451113 0.000265631 
0.378592 4.48929e-06 0.457099 0.164305 
0.488597 0.00535944 0.0113096 0.494734 
0.889941 0.000219109 0.0920364 0.017804 
0.0869508 1.04128e-06 0.912673 0.000375277 
0.0631996 0.000356025 0.052595 0.883849 
0.851213 3.43686e-05 0.130971 0.0177821 
0.048419 7.90896e-08 0.951394 0.000187315 
0.754739 0.0476601 0.0647398 0.132861 
0.823437 0.00042276 0.044327 0.131813 
0.118927 0.0555594 0.0845429 0.740971 
0.761908 0.0117743 0.174608 0.0517101 
0.335173 0.00351823 0.118939 0.542369 
0.616348 0.00315036 0.138066 0.242436 
0.197797 0.000931763 0.0659511 0.73532 
0.605982 0.000282882 0.366651 0.0270842 
0.0228788 3.23735e-06 0.976372 0.00074615 
0.246384 0.000114424 0.000755258 0.752746 
0.623632 0.000869368 0.140762 0.234736 
0.849531 0.000692889 0.0659769 0.0837995 
0.176183 1.60248e-05 0.805925 0.0178766 
0.948448 4.21094e-06 0.0422148 0.00933346 
0.924985 0.0154044 0.0367344 0.0228759 
0.996152 9.79949e-09 0.00229175 0.0015567 
0.94112 0.00134299 0.0525035 0.00503326 
0.125961 3.54408e-05 0.0364175 0.837586 
0.767618 0.0209832 0.157765 0.0536333 
0.73748 3.72624e-06 0.2562 0.00631618 
0.390983 0.00363421 0.518292 0.08709 
0.861789 0.00090013 0.125908 0.0114032 
0.984692 0.000753609 0.00495915 0.00959512 
0.00065806 4.88347e-07 0.000191685 0.99915 
0.0266853 1.73759e-08 0.857695 0.11562 
0.429593 5.71347e-06 0.00718743 0.563214 
0.966612 0.00604353 0.0116239 0.0157202 
0.996006 4.88131e-05 0.00111551 0.00282948 
0.952122 0.0015745 0.0112578 0.0350457 
0.300993 2.1642e-05 0.685614 0.0133708 
0.167691 2.55647e-05 0.247246 0.585037 
0.0975314 0.000999844 0.885078 0.0163906 
0.937872 0.000292451 0.0577402 0.00409515 
0.385827 0.00122869 0.431958 0.180986 
0.868859 6.18371e-06 0.0931478 0.0379874 
0.375982 0.00315343 0.150071 0.470793 
0.91083 3.31769e-08 0.077208 0.0119616 
0.172012 0.00521502 0.806385 0.0163881 
0.677781 3.09734e-05 0.12646 0.195728 
0.445263 7.59358e-05 0.392683 0.161978 
0.937321 9.55297e-07 0.0432827 0.019395 
0.748799 1.7412e-05 0.239786 0.0113977 
0.208733 6.95651e-06 0.0879882 0.703272 
0.972045 0.00584678 0.0123825 0.00972528 
0.908625 0.00280458 0.0810173 0.00755292 
0.833908 0.00354285 0.149511 0.0130376 
0.435867 0.000594041 0.264629 0.29891 
0.139799 5.11203e-05 0.0349943 0.825156 
0.898586 0.000200052 0.0877385 0.0134757 
0.319482 0.000477867 0.664041 0.0159993 
0.93556 8.05894e-05 0.0425819 0.0217779 
0.9793 3.04788e-06 0.00852208 0.0121747 
0.837911 0.00019904 0.129468 0.032422 
0.0593323 7.17655e-05 0.937378 0.00321762 
0.293262 0.00811709 0.149973 0.548649 
0.187471 0.000262282 0.0418212 0.770446 
0.395356 0.0131044 0.0870638 0.504476 
0.00168552 3.54571e-05 0.0793943 0.918885 
0.796864 3.61788e-05 0.0145228 0.188577 
0.900134 7.85197e-05 0.0983348 0.00145247 
0.938388 1.8101e-07 0.0522686 0.0093433 
0.87314 0.0279502 0.0539991 0.0449103 
0.208774 0.0111063 0.0485163 0.731603 
0.975721 0.00017474 0.00864769 0.0154561 
0.263303 0.000430258 0.683955 0.0523117 
0.397393 0.0120386 0.180375 0.410194 
0.756971 0.0156631 0.0548575 0.172508 
0.0928024 0.000180393 0.69529 0.211728 
0.100346 0.0021287 0.780478 0.117048 
0.11 0.0134293 0.137258 0.739313 
0.733905 2.26794e-05 0.0155955 0.250477 
0.620275 0.000628321 0.241567 0.13753 
0.066756 0.00215352 0.836958 0.0941325 
0.991039 0.00020132 0.00546245 0.00329737 
0.950493 0.00382063 0.0287925 0.0168935 
0.744099 1.32766e-05 0.140406 0.115482 
0.872595 4.4685e-06 0.12473 0.00267022 
0.238428 2.97412e-06 0.717042 0.0445267 
0.783534 0.00029359 0.0125321 0.20364 
0.821263 3.5716e-05 0.17843 0.000271758 
0.664414 0.00199434 0.24633 0.0872619 
0.947582 0.000378893 0.0461431 0.00589547 
0.402266 8.9112e-07 0.591101 0.00663174 
0.143811 0.00120691 0.841138 0.0138439 
0.112085 4.32664e-06 0.0800597 0.807851 
0.844809 9.96371e-05 0.130884 0.0242079 
0.909685 0.000147909 0.0870062 0.00316036 
0.383089 0.00173028 0.334975 0.280206 
0.993623 0.000640239 0.00469049 0.00104631 
0.88079 0.000107096 0.0138763 0.105226 
0.802175 3.67046e-05 0.0370737 0.160715 
0.0580654 0.000804465 0.931403 0.00972672 
0.0333166 1.69516e-06 0.0578833 0.908798 
0.91562 0.000366591 0.0604232 0.0235901 
0.755198 0.000193962 0.174203 0.0704057 
0.758236 0.000792067 0.114823 0.126149 
0.874704 7.59378e-05 0.0948648 0.0303552 
0.439485 0.000397487 0.0950429 0.465075 
0.969877 5.49743e-06 0.0255284 0.00458928 
0.963025 1.24527e-05 0.031347 0.0056152 
0.995579 0.000102558 0.00323315 0.0010852 
0.912458 2.35392e-06 0.0822949 0.00524437 
0.966834 6.96848e-10 0.033138 2.81903e-05 
0.900481 0.0163674 0.0326015 0.0505504 
0.639357 1.57363e-05 0.00246695 0.35816 
0.304954 4.23844e-05 0.424053 0.270951 
0.112671 0.000139482 0.0120356 0.875154 
0.773418 0.00466105 0.102223 0.119697 
0.865461 1.5488e-05 0.10477 0.0297533 
0.99121 4.02549e-09 0.00425731 0.00453245 
0.077959 0.00018424 0.0276455 0.894211 
0.87225 0.000215844 0.115642 0.0118923 
0.342728 8.22248e-07 0.644018 0.0132523 
0.999465 0.000178411 0.000178439 0.000178425 
0.337093 0.063802 0.526048 0.0730569 
0.933155 0.000698959 0.0397749 0.0263717 
0.906397 1.18696e-11 0.0936025 3.63933e-07 
0.104342 1.51861e-05 0.891047 0.00459585 
0.865461 1.5488e-05 0.10477 0.0297533 
0.68204 0.0251923 0.0331229 0.259645 
0.286001 0.00786623 0.143985 0.562148 
0.874601 0.000539761 0.118121 0.00673732 
0.280305 0.00407627 0.683076 0.0325423 
0.250263 0.000409627 0.627538 0.121789 
0.523088 5.10411e-05 0.0331381 0.443723 
0.817623 0.00162179 0.13063 0.0501246 
0.898653 0.0148354 0.0569959 0.0295155 
0.958306 0.000540064 0.0386106 0.00254293 
0.865461 1.5488e-05 0.10477 0.0297533 
0.418177 0.000226457 0.264224 0.317373 
0.902362 0.000684141 0.0348776 0.0620759 
0.0516128 8.99463e-05 0.629008 0.319289 
0.824586 3.70833e-05 0.000739535 0.174637 
0.786598 0.00336039 0.182065 0.0279766 
0.82985 0.00342728 0.15035 0.0163722 
0.619231 0.021631 0.215686 0.143452 
0.958146 3.16128e-09 0.00739882 0.0344553 
0.00623103 3.6028e-06 0.252862 0.740904 
0.630271 0.0350941 0.107393 0.227242 
0.723509 0.00190878 0.0954679 0.179115 
0.731411 0.0125517 0.242519 0.0135185 
0.123754 0.000924833 0.0249955 0.850326 
0.79848 0.0135879 0.0792376 0.108694 
0.7765 0.000766302 0.117375 0.105359 
0.890148 0.00479386 0.073651 0.0314066 
0.249046 5.53934e-05 0.741788 0.00911102 
0.748259 0.0126483 0.221284 0.0178093 
0.0627411 0.000206684 0.670828 0.266225 
0.933473 3.92283e-05 0.0594901 0.00699805 
0.352918 0.0073448 0.0326027 0.607135 
0.327044 0.0119142 0.210483 0.450559 
0.921902 6.52182e-09 0.0745053 0.00359265 
0.894826 0.00100277 0.0912942 0.0128775 
0.907825 0.00364659 0.0732499 0.0152788 
0.947725 3.45857e-05 0.0514956 0.000744401 
0.512829 0.000652225 0.40735 0.0791681 
0.099347 0.000234566 0.892971 0.00744698 
0.0752964 0.00313914 0.219806 0.701759 
0.407783 0.000252699 0.565331 0.0266325 
0.0660791 0.000238058 0.050684 0.882999 
0.966612 0.00604353 0.0116239 0.0157202 
0.263714 0.00218299 0.724121 0.00998232 
0.309294 0.0094956 0.101563 0.579647 
0.865461 1.5488e-05 0.10477 0.0297533 
0.233194 1.82206e-06 0.7512 0.0156043 
0.431024 0.00742343 0.0863562 0.475197 
0.400147 0.000500966 0.532018 0.0673333 
0.372255 0.0931592 0.398013 0.136573 
0.952438 7.82106e-05 0.0324117 0.0150725 
0.152339 7.07386e-06 0.819573 0.0280803 
0.665634 0.00194628 0.169223 0.163197 
0.244259 0.0266034 0.138352 0.590785 
0.890894 0.0110357 0.0589202 0.0391497 
0.198114 0.00175039 0.771169 0.0289664 
0.804486 0.0149932 0.0708197 0.109701 
0.431586 0.00176005 0.0970674 0.469586 
0.910052 0.00522814 0.0546319 0.030088 
0.559326 2.70857e-05 0.00833868 0.432308 
0.221153 1.20492e-05 0.0727139 0.706121 
0.103216 0.00113765 0.0223727 0.873273 
0.0992646 0.000701614 0.350456 0.549578 
0.879567 0.000203657 0.0293252 0.0909044 
0.602133 0.0396038 0.188891 0.169372 
0.750676 0.00229023 0.135435 0.111599 
0.876278 0.00035625 0.108964 0.0144016 
0.437831 0.0124376 0.170744 0.378987 
0.872 0.000160174 0.125173 0.00266668 
0.0918949 0.00178528 0.0395838 0.866736 
0.908583 0.000978798 0.0786583 0.01178 
0.951151 5.43324e-05 0.0425509 0.00624358 
0.891889 0.000487028 0.0877508 0.0198732 
0.912003 4.75506e-05 0.085529 0.0024207 
3.24614e-07 4.24219e-08 0.641975 0.358025 
0.135669 0.000947455 0.80283 0.0605529 
0.685385 0.000297705 0.242651 0.0716659 
0.453723 0.0332438 0.26586 0.247174 
0.598223 0.00112271 0.0550076 0.345646 
0.721779 0.000106842 0.23496 0.043154 
0.966685 4.21017e-07 0.0322953 0.00101961 
0.68213 0.00946831 0.296615 0.0117865 
0.0753923 0.000252191 0.0173589 0.906997 
0.224677 0.000106496 0.216966 0.558251 
0.823173 9.42837e-05 0.130653 0.0460792 
0.33734 0.00760649 0.297789 0.357264 
0.943266 0.000690663 0.0422596 0.013784 
0.446803 0.000618416 0.108121 0.444458 
0.0672668 3.30823e-05 0.931321 0.00137943 
0.74521 0.00169837 0.123306 0.129786 
0.234413 0.0295707 0.133785 0.602232 
0.0569736 3.24355e-12 0.938814 0.00421215 
0.00902451 4.46277e-07 0.990538 0.000437372 
0.913323 0.00050522 0.0793008 0.00687055 
0.902616 0.000824184 0.0207515 0.0758088 
0.526383 0.00770113 0.0618916 0.404025 
0.0305113 0.00741212 0.824945 0.137132 
0.986017 0.000120302 0.0109561 0.00290627 
0.973552 9.02004e-05 0.0258769 0.000480961 
0.895668 0.00735194 0.0624956 0.0344842 
0.814267 4.81594e-05 0.182994 0.00269094 
0.390436 0.00558276 0.372976 0.231006 
0.0344857 0.000107091 0.389194 0.576213 
0.338434 0.00138885 0.465299 0.194878 
0.87443 0.000418699 0.00647771 0.118673 
0.0685952 0.00134809 0.129443 0.800614 
0.873456 0.00205575 0.118609 0.00587965 
0.355606 0.0483231 0.20762 0.388451 
0.231225 0.000282577 0.166715 0.601777 
0.0371777 0.00580041 0.874692 0.0823298 
0.0357016 9.93188e-05 0.00627372 0.957925 
0.0245257 4.47476e-11 0.558938 0.416537 
0.666843 0.000877371 0.111091 0.221189 
0.950727 0.00114577 0.00723867 0.0408887 
0.0329462 9.85237e-06 0.0253143 0.94173 
0.893901 0.000104879 0.0911521 0.0148424 
0.973552 9.02004e-05 0.0258769 0.000480961 
0.244091 5.30593e-05 0.677357 0.0784986 
0.944711 6.45325e-05 0.0540158 0.00120836 
0.840019 0.00857773 0.13636 0.0150432 
0.0767467 4.76274e-06 0.00142219 0.921826 
0.865461 1.5488e-05 0.10477 0.0297533 
0.931608 3.01291e-06 0.00732675 0.0610621 
0.625033 0.000452493 0.227214 0.1473 
0.964267 8.38598e-06 0.0331173 0.00260699 
0.994279 0.000202045 0.00123156 0.00428728 
0.0322641 7.69889e-06 0.966932 0.000796345 
0.947725 3.45857e-05 0.0514956 0.000744401 
0.0954892 0.00166488 0.0625277 0.840318 
0.381637 0.00315291 0.0803775 0.534833 
0.431098 0.0194734 0.121615 0.427814 
0.658311 0.0318953 0.219402 0.0903922 
0.890701 0.0212467 0.0386695 0.0493827 
