0.0673394 0.433718 2.29095e-10 0.145449 0.11187 0.000111391 0.236766 0.00474555 
0.00589358 0.598272 0.000131081 0.0378046 0.0692858 0.00535684 0.0862411 0.197015 
0.0238922 0.907791 0.00149918 0.00202539 0.0217535 0.000452513 0.0253878 0.0171981 
0.000420748 0.607081 3.12936e-07 0.00717317 0.113425 0.00015635 0.271457 0.000286643 
0.00721608 0.500965 8.38323e-06 0.0617616 0.112984 0.000104175 0.193127 0.123834 
0.000443609 0.590571 0.0295672 0.075819 0.0542615 1.04862e-05 0.236456 0.0128714 
0.0139249 0.720939 3.70468e-07 0.14618 0.0192959 9.04912e-05 0.00627257 0.0932965 
0.00053496 0.822233 0.000100967 0.000732382 0.0422119 9.18314e-05 0.0651912 0.0689038 
2.4201e-06 0.653584 2.41901e-06 0.01743 0.181557 2.4202e-06 0.0895692 0.0578517 
0.00356913 0.652259 9.29008e-05 0.0602384 0.063302 0.000608442 0.086864 0.133066 
0.0449803 0.435054 1.01011e-10 0.0403385 0.226716 1.48009e-07 0.251925 0.000986185 
0.0131153 0.81016 7.07765e-07 0.0270231 0.0596671 4.28985e-05 0.0285111 0.0614803 
0.000153866 0.498044 0.000718571 0.231799 0.101971 0.0010135 0.144889 0.021411 
0.0472238 0.39147 1.86097e-07 0.134052 0.188718 8.64062e-06 0.236537 0.00199012 
0.0082322 0.268536 0.233794 0.027977 0.141341 0.00184686 0.251944 0.0663288 
0.0740821 0.762085 1.57543e-08 0.00352458 0.00130778 0.0109616 0.145417 0.00262144 
0.00688597 0.602479 0.000286158 0.0529716 0.215143 7.62298e-08 0.109979 0.0122546 
0.0022899 0.879415 3.35273e-10 0.0275052 0.0207655 1.15397e-05 0.0697256 0.00028754 
0.081718 0.751467 1.41397e-08 0.00440554 0.00163467 0.0137003 0.143798 0.00327661 
0.00534126 0.528674 1.21325e-05 0.0136256 0.154645 0.00457981 0.202553 0.0905699 
5.95733e-07 0.90036 0.00137273 0.0714559 0.000590763 0.000134311 0.010471 0.0156146 
3.4886e-05 0.938943 5.14724e-06 0.0247811 0.020533 1.4504e-05 0.015549 0.00013937 
0.0133333 0.542524 0.000250509 0.346979 0.0599604 0.00033077 0.0344517 0.00217098 
0.00220859 0.506256 6.42744e-07 0.0018398 0.00267177 2.18192e-07 0.227099 0.259923 
0.0254226 0.481363 0.00296849 0.0750044 0.124264 0.000570104 0.175157 0.115251 
3.70469e-07 0.605659 0.000732161 0.309016 0.0211977 0.00121922 0.0307687 0.0314075 
0.000770746 0.768714 0.00229377 0.0288474 0.038168 0.00485888 0.132913 0.0234341 
4.52141e-08 0.963788 2.3067e-05 0.00772093 0.00695258 1.82347e-06 0.00402659 0.0174873 
0.00247811 0.698509 8.28979e-07 0.0275752 0.0817205 0.0092403 0.179722 0.000754702 
0.000871549 0.682089 0.000273834 0.218659 0.0351405 1.66822e-05 0.0510983 0.0118512 
0.000263786 0.952747 2.16708e-09 0.00323081 0.0171301 6.06723e-05 0.0223729 0.00419439 
0.00202143 0.816331 2.63939e-11 0.067117 0.0124192 2.57964e-08 0.0778187 0.0242924 
2.02418e-06 0.764645 3.29528e-11 0.0173235 0.0962238 1.06658e-06 0.118336 0.00346831 
0.000604114 0.641139 1.25862e-06 0.00528014 0.0321866 0.000106028 0.10161 0.219073 
0.00144519 0.390865 0.00216557 0.0221058 0.224077 0.000150562 0.350078 0.00911289 
1.2751e-05 0.619858 1.27453e-05 0.251247 0.128831 1.27515e-05 1.27543e-05 1.27529e-05 
0.001952 0.808337 3.82474e-10 0.0327029 0.0766333 0.000888507 0.00962882 0.0698574 
0.000450309 0.934557 3.23918e-08 0.0127001 0.0146627 4.41746e-12 0.0360668 0.00156294 
0.00945564 0.55829 6.35825e-06 0.0245729 0.178906 0.000616141 0.128921 0.0992317 
0.000585405 0.976499 1.3772e-08 0.00473132 0.00177082 3.74296e-06 0.00501575 0.0113942 
0.00215113 0.373815 1.03752e-05 0.226211 0.139506 0.000116157 0.067249 0.190942 
0.12213 0.361452 3.40609e-05 0.0166732 0.20488 0.000449079 0.0780286 0.216353 
0.00117691 0.702623 2.35219e-09 0.0108005 4.30459e-07 2.84957e-05 7.79839e-07 0.28537 
0.108019 0.2908 1.19795e-06 0.18027 0.28346 0.000479349 0.090326 0.0466441 
0.00787041 0.905617 2.19547e-08 0.0140792 0.0233054 0.000253295 0.0431298 0.00574452 
4.00866e-06 0.577258 3.78612e-09 0.321834 1.12521e-05 1.34515e-09 0.0693763 0.0315165 
0.00961457 0.674495 0.000949035 0.054256 0.114112 0.000255107 0.121098 0.0252208 
0.0136758 0.431795 6.34491e-08 0.0835874 0.136564 0.00137964 0.330472 0.00252718 
0.000243325 0.915615 3.58515e-05 0.0234053 0.0421698 2.54592e-07 0.00738381 0.0111468 
0.00202369 0.880916 7.47077e-07 0.00450756 0.00444996 4.17437e-06 0.0178681 0.0902297 
0.0363583 0.684078 3.83114e-08 0.00872235 0.148221 2.94212e-08 0.0892101 0.0334101 
0.00357719 0.861582 4.04647e-06 0.00264391 0.0343568 0.00459797 0.0545849 0.0386531 
0.00153074 0.660749 1.20019e-07 0.0383483 0.0536697 7.01398e-06 0.243214 0.00248127 
0.0317876 0.229388 0.152652 0.181823 0.175552 0.000499 0.210076 0.0182226 
0.230304 0.386567 3.05348e-08 0.0371121 0.0559579 0.00190745 0.245988 0.0421636 
3.47139e-06 0.647919 3.46984e-06 0.288522 0.017365 0.00555792 3.4723e-06 0.040625 
0.00406275 0.716506 5.18914e-05 0.056639 0.124115 0.0213543 0.0536325 0.0236381 
0.000125285 0.800908 3.47769e-11 0.0166523 0.00335446 2.59264e-08 0.000595508 0.178364 
0.145432 0.655365 0.000344443 0.0118738 0.0466952 0.00104795 0.0859889 0.0532529 
0.00300932 0.897995 7.90362e-09 0.000470743 0.010503 5.04343e-06 0.0197988 0.0682184 
0.00204455 0.442251 5.42281e-10 0.0120044 0.0180368 0.00128832 0.100055 0.42432 
0.00802622 0.510491 3.75044e-06 0.18137 0.273913 0.00017437 0.0260194 2.79164e-06 
0.000307463 0.529442 0.0558836 0.165394 0.0737803 0.000123567 0.161525 0.0135442 
0.0136767 0.385038 7.40927e-08 0.216766 0.196647 0.00397109 0.178583 0.00531861 
0.000150248 0.398707 1.08471e-05 0.323939 0.151221 0.000409355 0.0141512 0.111411 
0.000502691 0.740991 2.89198e-09 0.00168821 0.0976511 2.72681e-05 0.136679 0.0224598 
0.00589012 0.714629 1.25637e-06 0.0178679 0.0857446 0.00110162 0.0968638 0.0779016 
0.00499088 0.840058 0.000244678 0.011119 0.00860101 0.00879632 0.113258 0.0129319 
0.122649 0.726545 0.00142915 0.00642148 0.0838929 0.000486272 0.0552631 0.00331252 
0.00350055 0.528948 1.47601e-07 0.0710958 0.105982 3.91265e-05 0.169263 0.121171 
0.0143782 0.334127 0.0319785 0.196605 0.267171 0.00516911 0.132765 0.0178069 
0.00422605 0.428223 0.000256739 0.0676919 0.160853 0.00678235 0.258317 0.0736501 
0.00890559 0.623051 0.00455408 0.0246291 0.0830981 0.00122726 0.0720201 0.182514 
0.00408632 0.479908 2.17373e-06 0.00337123 0.0174089 0.00012943 0.0340081 0.461086 
0.0165553 0.818541 2.82431e-06 0.0162913 0.0415377 0.000237645 0.0429276 0.0639063 
0.00144958 0.516425 2.34379e-09 0.195611 0.237161 4.59393e-07 0.044641 0.00471187 
0.0230234 0.51398 2.26037e-06 0.100769 0.342056 9.8961e-07 0.0162908 0.0038772 
0.00116105 0.565237 0.0377219 0.115764 0.218781 0.000101603 0.0505339 0.0106994 
1.36185e-07 0.393648 4.75209e-10 0.175192 0.196929 2.68638e-06 0.234209 1.92565e-05 
0.00106861 0.873191 1.3153e-09 0.0169792 0.02158 6.48431e-06 0.0600541 0.027121 
0.0167845 0.630067 7.6934e-06 0.0185715 0.0594615 0.0193893 0.0880252 0.167693 
1.78486e-11 0.541876 4.38469e-11 0.00085786 0.00192796 1.55782e-11 0.455338 2.84448e-07 
0.000906358 0.397647 5.91158e-05 0.0600026 0.295317 7.17362e-05 0.236617 0.00937935 
6.51507e-06 0.634629 1.34484e-09 0.334957 7.15576e-06 4.77802e-10 3.7876e-06 0.0303969 
0.00331481 0.974359 1.05092e-05 0.000376077 0.00459306 0.000240185 0.0142445 0.00286183 
0.0426714 0.459251 0.0514574 0.226886 0.0518608 0.0168454 0.145856 0.00517247 
1.44639e-06 0.969339 7.41689e-06 0.00431674 9.72215e-05 4.32114e-06 0.000285473 0.0259486 
0.0912969 0.306472 7.44017e-06 0.0864235 0.219807 0.0257683 0.204641 0.0655841 
0.0706515 0.717532 1.31825e-07 0.000213271 0.0156998 0.000774064 0.0550279 0.140101 
0.00082726 0.539247 6.25549e-09 0.00236433 0.212728 5.65303e-07 0.239524 0.00530825 
0.0011564 0.923825 6.92164e-07 0.0312477 0.0224745 3.15006e-07 0.0194155 0.00187995 
0.0051789 0.801578 2.48665e-05 0.00434592 0.0361751 0.000284368 0.0782113 0.0742012 
0.00890508 0.400279 5.88515e-07 0.153757 0.36433 0.00187124 0.0694167 0.00144039 
0.0239558 0.647277 1.12973e-09 0.0143051 0.0815354 0.000883254 0.128681 0.103363 
0.00940935 0.498367 1.3736e-05 0.0728122 0.145666 2.87962e-07 0.090763 0.182968 
0.00632874 0.551111 0.000364446 0.0299973 0.0566059 0.00490907 0.0935268 0.257157 
0.00434587 0.876976 3.04434e-08 0.0413921 0.0398627 0.000196252 0.0311351 0.00609195 
0.0324371 0.362487 5.03046e-06 0.0704935 0.154519 0.0305472 0.118865 0.230646 
0.000442846 0.736885 4.58779e-07 0.025367 0.160617 0.000398345 0.0756707 0.00061909 
0.00329493 0.476785 9.05671e-08 0.00477572 0.0927866 0.00369751 0.0553491 0.363311 
2.95569e-05 0.966639 1.89174e-05 0.00412357 0.00296709 8.44689e-08 0.0239137 0.00230845 
0.0196466 0.656707 5.17419e-05 0.0770731 0.0736229 0.00229916 0.0633369 0.107263 
0.000168845 0.614998 8.52763e-05 0.0565076 0.289135 7.69485e-05 0.0339918 0.00503666 
0.000606993 0.736956 6.25046e-05 0.0053109 0.0457811 1.50569e-07 0.00226167 0.209021 
0.00130954 0.720657 4.53562e-10 0.00817922 0.0558362 1.43282e-07 0.207509 0.00650838 
0.000457586 0.775194 2.49288e-07 0.00169662 0.00513137 4.6124e-06 0.017909 0.199606 
0.0716325 0.361753 9.75294e-06 0.0817557 0.226214 0.000573042 0.138535 0.119527 
0.0240936 0.58944 0.000540036 0.0573279 0.103885 0.00301196 0.122464 0.0992376 
2.02418e-06 0.764645 3.29528e-11 0.0173235 0.0962238 1.06658e-06 0.118336 0.00346831 
0.00767597 0.505333 2.06519e-10 0.0113184 0.0978001 3.58878e-07 0.363136 0.0147369 
0.0091939 0.892099 0.00392126 0.0593311 0.0230885 0.00472392 0.000756789 0.00688548 
0.004033 0.869995 2.89725e-08 0.013631 0.0844582 0.000134418 0.0276328 0.000115822 
0.062517 0.609654 3.18249e-05 0.184485 0.106928 0.000454679 0.033058 0.00287122 
0.0136694 0.526852 9.91856e-07 0.105524 0.106211 0.000285995 0.0851357 0.162321 
0.00453823 0.606979 4.88785e-05 0.0190006 0.244732 0.00151811 0.103708 0.0194757 
0.00140326 0.830639 0.00317387 0.157459 0.00334529 0.000274417 0.00129485 0.00240981 
0.00794534 0.711587 9.31197e-05 0.0626766 0.0853759 0.00636331 0.087398 0.0385603 
0.0087929 0.899075 4.91518e-06 0.0629284 0.00916743 0.00244691 0.0147212 0.00286317 
0.00240642 0.367073 8.28867e-06 0.00929979 0.193777 0.0201322 0.0870132 0.32029 
0.00390055 0.839216 7.81284e-05 0.00460634 0.0510213 0.000343291 0.0701385 0.0306958 
4.30927e-05 0.990166 2.68172e-05 0.000183257 0.000886152 1.23707e-06 0.00322203 0.00547173 
0.0808232 0.257274 6.9557e-05 0.157219 0.249187 0.000577887 0.246752 0.0080974 
0.00202067 0.72823 8.80086e-07 0.0533122 0.0866901 7.25379e-05 0.046179 0.0834948 
0.00100298 0.805495 7.08804e-09 0.0541538 0.117349 1.15569e-05 0.0218556 0.000131911 
0.00478095 0.539607 3.87331e-09 0.000881893 0.00829705 4.84308e-08 0.209632 0.236801 
0.00271305 0.647389 1.65823e-06 0.03355 0.140975 5.7102e-05 0.0137684 0.161545 
0.00630921 0.716842 2.34142e-05 0.0384658 0.0678282 6.67272e-05 0.1265 0.0439649 
0.0148955 0.415301 8.76906e-05 0.0292637 0.235482 0.00109042 0.191618 0.112262 
0.000295806 0.932493 0.00442015 0.0224231 0.00322219 0.00011873 0.0225895 0.0144373 
0.00246274 0.788212 2.16584e-05 0.00852354 0.0475201 6.9494e-06 0.0312397 0.122013 
7.43565e-05 0.424631 7.01767e-05 0.189916 0.0123843 4.12189e-05 0.372623 0.000259806 
0.0106382 0.7531 0.000436423 0.0219122 0.0855896 0.000663122 0.0701381 0.0575227 
0.018358 0.685084 4.96014e-11 0.0277769 0.0236097 1.9918e-08 0.0187316 0.22644 
1.30553e-07 0.503181 9.30283e-12 0.00013231 0.00281554 3.0247e-06 0.0107788 0.483089 
0.000107721 0.937695 8.91525e-07 0.00256086 0.0524519 5.27264e-12 0.00688749 0.000296036 
0.000816972 0.565536 3.25164e-05 0.0725671 0.0058351 0.00218824 0.353025 3.13537e-09 
0.000200264 0.412987 7.93616e-05 0.0722127 0.208697 3.62281e-05 0.228003 0.0777842 
0.00143526 0.758005 1.82249e-08 0.024914 0.187009 2.88468e-08 0.02333 0.00530666 
0.00903085 0.560394 2.97598e-10 0.071706 0.0437926 6.3674e-05 0.314015 0.000997046 
0.00139039 0.993717 2.26395e-05 6.75871e-05 0.00104852 6.8958e-05 0.00350948 0.000175632 
0.011714 0.636729 0.000908663 0.0499343 0.0938215 0.0163635 0.167087 0.0234427 
0.00131454 0.608958 0.0555776 0.0717694 0.121087 7.65443e-05 0.10693 0.0342874 
0.00101232 0.473902 1.44472e-07 0.0999822 0.208453 0.000809326 0.21418 0.0016607 
0.000420748 0.607081 3.12936e-07 0.00717317 0.113425 0.00015635 0.271457 0.000286643 
0.00459109 0.989019 5.26415e-05 7.55524e-05 0.00133002 9.18994e-05 0.00459024 0.000249689 
0.00627331 0.738363 0.00161233 0.032863 0.0692512 0.00141447 0.0769357 0.0732874 
0.000501131 0.443194 7.75101e-05 0.0522076 0.105553 0.00123343 0.377143 0.0200897 
0.019981 0.523246 1.47172e-06 0.0867857 0.179151 0.00707148 0.18269 0.00107357 
0.00030026 0.711239 5.18196e-06 0.0174583 0.233706 6.54055e-05 0.0204442 0.0167818 
0.000536297 0.421442 3.93317e-06 0.0761884 0.182032 4.03441e-06 0.313689 0.00610525 
0.00981251 0.590617 0.000389303 0.198473 0.0916789 2.82778e-06 0.108539 0.000487209 
0.0122562 0.630339 2.80819e-06 0.0162302 0.081637 0.000499852 0.244346 0.0146892 
0.0101799 0.679847 2.26927e-06 0.298445 0.00382986 1.33207e-06 0.00351689 0.00417779 
0.000263786 0.952747 2.16708e-09 0.00323081 0.0171301 6.06723e-05 0.0223729 0.00419439 
0.00499095 0.376812 0.0427226 0.0968866 0.0618484 0.000217341 0.0809404 0.335582 
0.000283558 0.350543 1.50056e-05 0.198391 0.268656 4.07969e-05 0.0853844 0.0966866 
1.07769e-06 0.611853 5.86107e-10 0.00212364 0.013625 2.27546e-09 0.0279527 0.344445 
0.081718 0.751467 1.41397e-08 0.00440554 0.00163467 0.0137003 0.143798 0.00327661 
0.00184976 0.733356 1.08551e-06 0.0219633 0.169133 9.04878e-05 0.0588849 0.0147213 
0.00373722 0.772831 0.00646995 0.0828262 0.0363812 0.000976281 0.0344533 0.0623254 
0.00174509 0.420918 1.94e-08 0.085214 0.228206 3.13971e-05 0.203814 0.0600723 
0.0772227 0.516369 7.45558e-09 0.0151791 0.228873 1.8572e-07 0.0846137 0.0777425 
0.0102516 0.882585 7.4471e-09 0.0115093 0.0262302 0.000259764 0.0647742 0.00438991 
0.00619323 0.728375 6.40045e-06 0.0183337 0.027102 0.000290399 0.0337294 0.18597 
0.000702653 0.535276 3.10262e-07 0.234504 0.113991 4.11724e-05 0.0612639 0.054222 
0.00157549 0.832609 1.631e-08 0.0113697 0.0272096 7.57067e-06 0.0078445 0.119384 
0.0115761 0.580305 1.74447e-05 0.0113916 0.0945137 0.0560853 0.164899 0.0812115 
5.57021e-06 0.910087 1.33788e-06 0.00197809 0.00260644 1.61503e-08 0.00419221 0.0811292 
0.0148258 0.674629 8.1437e-10 0.128728 0.05197 7.84944e-05 0.120323 0.00944577 
0.00614505 0.455044 1.32427e-05 0.164176 0.170237 0.000213081 0.08093 0.123241 
0.00717412 0.34049 2.91519e-07 0.140114 0.157162 0.0070263 0.322848 0.0251858 
0.0119922 0.697841 2.69675e-05 0.0272592 0.127958 0.00157042 0.128665 0.00468726 
0.0225383 0.386092 3.7407e-08 0.000629352 0.0499772 0.0969754 0.363041 0.0807469 
0.0366721 0.794978 8.7614e-07 0.0483927 0.0141985 0.000135922 0.004405 0.101217 
0.000583388 0.999178 1.74671e-07 7.45384e-05 0.000119529 6.84056e-07 3.84261e-05 5.55422e-06 
0.0139766 0.768403 6.85776e-05 0.0486425 0.0590043 0.00137963 0.0628477 0.0456776 
0.00131729 0.666021 4.06501e-07 0.0754276 0.168517 0.00107685 0.0786225 0.00901799 
6.76654e-07 0.794 8.79661e-09 0.075748 0.0871122 2.3061e-07 0.0413231 0.00181543 
6.16328e-07 0.352916 0.000428924 0.312838 0.285175 4.99521e-07 0.0407943 0.00784679 
0.00722277 0.935035 2.93188e-05 0.000333951 0.012259 0.000157909 0.0346965 0.0102652 
0.000143144 0.746673 1.29518e-05 0.00684589 0.228449 2.57359e-07 0.0172194 0.000657215 
0.00885058 0.652092 0.000100648 0.0941939 0.0691953 0.00118819 0.0793645 0.0950153 
0.013411 0.349327 0.000264809 0.0647585 0.127212 0.000856922 0.29373 0.150439 
0.0258592 0.711909 5.5585e-12 0.041351 0.0825298 6.87989e-06 0.0323209 0.106024 
0.0195149 0.954032 1.82143e-08 0.000999858 1.42647e-07 1.9071e-05 0.00145626 0.0239776 
0.0135641 0.408493 6.17427e-05 0.029234 0.285948 0.0351262 0.0510899 0.176482 
0.0435101 0.43402 0.000274014 0.124991 0.235728 0.000161632 0.105896 0.0554193 
0.00179225 0.447633 3.14208e-08 0.0185805 0.35401 9.19818e-07 0.162755 0.015228 
2.02418e-06 0.764645 3.29528e-11 0.0173235 0.0962238 1.06658e-06 0.118336 0.00346831 
8.91116e-06 0.750156 0.0115436 0.0982381 0.0873248 5.24357e-05 0.0514442 0.00123233 
0.202488 0.238082 0.000324426 0.180243 0.125861 0.00053531 0.180404 0.0720627 
9.3449e-05 0.956641 4.1355e-08 0.00867664 0.0223104 2.91619e-05 0.0115637 0.000685442 
0.00522073 0.42487 0.0135732 0.00830453 0.0272683 0.000628882 0.182322 0.337813 
1.59432e-05 0.703279 1.59361e-05 0.122798 1.59473e-05 1.59439e-05 0.173843 1.59457e-05 
1.03418e-07 0.669379 2.54058e-07 0.322481 0.000210751 0.000378722 0.00750011 5.03326e-05 
0.00676682 0.361049 1.1202e-05 0.00903792 0.195176 0.000605099 0.305723 0.121631 
0.00217429 0.540231 2.03053e-05 0.0121486 0.0264186 5.64634e-05 0.0564464 0.362504 
6.16303e-07 0.870675 6.16027e-07 0.0306358 6.16463e-07 6.16328e-07 6.16464e-07 0.0986859 
6.80669e-10 0.700642 3.20399e-06 0.284034 0.00812184 1.18986e-06 0.0071982 2.29307e-07 
0.0195149 0.954032 1.82143e-08 0.000999858 1.42647e-07 1.9071e-05 0.00145626 0.0239776 
0.0583671 0.336165 1.90709e-05 0.190989 0.247521 3.93574e-06 0.126453 0.0404814 
0.0252595 0.423989 8.3926e-08 0.187108 0.179116 0.00583214 0.177627 0.00106861 
0.0115761 0.580305 1.74447e-05 0.0113916 0.0945137 0.0560853 0.164899 0.0812115 
0.000263786 0.952747 2.16708e-09 0.00323081 0.0171301 6.06723e-05 0.0223729 0.00419439 
0.000753865 0.51189 3.60296e-07 0.00239516 0.389618 5.32068e-05 0.0926618 0.00262811 
0.0011511 0.843948 1.18756e-08 0.000443807 0.0030453 3.61767e-07 0.00279992 0.148611 
0.00492739 0.353816 7.15225e-07 0.284215 0.266435 3.78683e-05 0.0903512 0.000217079 
0.00827942 0.575529 0.000202749 0.0127498 0.0416024 0.00400938 0.221538 0.136088 
0.0551238 0.26052 1.49316e-05 0.0383965 0.251948 0.0415268 0.248191 0.104279 
0.000263786 0.952747 2.16708e-09 0.00323081 0.0171301 6.06723e-05 0.0223729 0.00419439 
0.0195149 0.954032 1.82143e-08 0.000999858 1.42647e-07 1.9071e-05 0.00145626 0.0239776 
0.00343089 0.755109 2.02209e-05 0.00944887 0.128266 9.20753e-05 0.0058027 0.0978305 
2.31631e-05 0.283122 1.53225e-05 0.179135 0.258404 6.06561e-05 0.252854 0.0263846 
0.00132214 0.789864 9.00267e-08 0.00631188 0.0371938 0.000387126 0.0222522 0.142668 
0.00197595 0.672258 1.07278e-05 0.0724983 0.0100825 0.00029687 0.222218 0.0206603 
0.0217481 0.310903 8.51459e-05 0.258116 0.14301 0.000732142 0.189991 0.0754156 
0.00180949 0.343377 8.4705e-06 0.284778 0.129383 1.46021e-05 0.237869 0.0027602 
0.0167845 0.630067 7.6934e-06 0.0185715 0.0594615 0.0193893 0.0880252 0.167693 
0.10778 0.420287 7.75553e-05 0.100198 0.0861221 0.0150142 0.0808548 0.189667 
0.00428176 0.707063 0.00069045 0.0320494 0.076156 9.86591e-05 0.126612 0.0530495 
0.0280788 0.464666 1.09123e-09 0.0236733 0.0269081 0.00163975 0.387672 0.0673624 
0.00108809 0.929714 7.83837e-06 0.000935519 0.0378369 1.41143e-08 0.0276468 0.00277067 
0.0017759 0.401073 0.0272087 0.29418 0.147647 0.000764122 0.0644022 0.0629489 
0.193436 0.77525 4.92673e-06 0.00735615 0.00999563 0.000567223 0.0125626 0.000827398 
0.00910313 0.92428 3.4076e-07 0.0362224 0.00480397 4.82626e-06 0.0255845 1.2435e-06 
0.0101805 0.465787 0.0049803 0.110548 0.227188 0.0240017 0.153229 0.0040859 
0.000463943 0.4485 1.99322e-05 0.00169564 0.0113946 0.023497 0.077678 0.436751 
0.0013943 0.656426 1.79858e-06 0.0191316 0.0283397 0.000162326 0.237301 0.0572436 
0.00289729 0.589205 3.62446e-06 0.0184155 0.0629933 0.000886323 0.137593 0.188006 
0.0223542 0.540878 6.96407e-08 0.0223397 0.00800465 1.91936e-07 0.293335 0.113088 
0.0046254 0.412297 5.48209e-05 0.323057 0.145917 0.000481653 0.111406 0.00216031 
0.00143526 0.758005 1.82249e-08 0.024914 0.187009 2.88468e-08 0.02333 0.00530666 
0.015717 0.727845 5.21033e-05 0.040612 0.105617 0.000170903 0.0757177 0.0342691 
0.00121802 0.604887 0.00376778 0.0316763 0.0871975 3.67889e-06 0.271218 3.2242e-05 
0.0137083 0.615166 0.000269181 0.0824087 0.0956197 0.00762853 0.080072 0.105127 
0.0363763 0.495999 1.20809e-08 0.0900359 0.237259 0.000381799 0.0529669 0.0869811 
3.65458e-05 0.525468 1.23404e-06 0.290213 0.115019 0.00013618 0.0582203 0.0109061 
0.00541108 0.475423 0.000120034 0.0266753 0.041327 0.00278275 0.0623603 0.385901 
0.0179025 0.381545 0.000134319 0.0857122 0.14016 0.00542261 0.358238 0.0108849 
0.00110245 0.886014 7.12739e-11 0.0404464 0.000620964 5.47397e-08 0.0718148 8.57189e-07 
0.0315177 0.598744 0.00152704 0.0723152 0.0712495 0.000826648 0.0859564 0.137864 
0.00430117 0.732529 1.90181e-11 0.0184036 0.0727072 0.000295763 0.170291 0.00147216 
0.00435875 0.548549 8.15773e-05 0.00937991 0.044316 0.00604962 0.0832524 0.304013 
0.0132159 0.630292 3.58733e-08 0.0772013 0.138026 0.00010576 0.141115 4.34967e-05 
0.0899401 0.337767 1.27741e-06 0.180725 0.262449 0.00968509 0.0459216 0.0735114 
0.000970014 0.759123 0.00305952 0.158752 0.021689 0.000348307 0.0183651 0.0376931 
0.00162789 0.723717 2.49343e-06 0.00869572 0.107437 4.54662e-05 0.130807 0.027667 
0.000604049 0.566179 1.88364e-06 0.276635 0.0611385 0.0570251 0.0376417 0.000774081 
4.98655e-05 0.540202 0.000306446 0.0552212 0.162997 1.3199e-05 0.240945 0.000265827 
0.00281336 0.462842 1.16644e-09 0.0366025 0.066459 0.000516905 0.236363 0.194403 
6.57573e-06 0.482763 1.93138e-09 9.32091e-05 0.00446053 3.61684e-08 0.428466 0.0842111 
0.0137266 0.470192 1.6043e-05 0.0153619 0.0892254 0.00958389 0.103138 0.298756 
0.000342734 0.43714 1.09973e-07 0.00427269 0.152782 0.000298021 0.178031 0.227134 
0.00584804 0.781262 7.2931e-08 0.0607905 0.039625 0.000125717 0.112349 3.82336e-08 
0.00203266 0.775647 8.54601e-11 0.0667637 0.0539599 9.46056e-05 0.0699407 0.0315614 
0.0626685 0.349236 6.87368e-05 0.137484 0.147128 0.000980708 0.0859011 0.216532 
0.000118862 0.737848 1.48769e-06 0.162155 0.0217534 2.50572e-06 0.0571414 0.0209794 
0.00391989 0.71076 0.00600607 0.0450219 0.0348973 0.000605284 0.0554984 0.143291 
0.0206581 0.381489 6.21013e-06 0.261387 0.191125 0.000207074 0.112506 0.0326206 
0.00206995 0.742406 1.08901e-06 0.104067 0.0489512 7.16906e-06 0.102497 1.67063e-06 
0.0073741 0.681547 0.00147299 0.0468485 0.0850583 0.00257845 0.0837474 0.0913734 
0.000670195 0.694053 0.00136865 0.240067 0.0165904 6.53285e-05 0.0470314 0.000153243 
0.00290047 0.418533 1.82283e-05 0.142246 0.0986709 0.000210618 0.317197 0.0202234 
0.0167845 0.630067 7.6934e-06 0.0185715 0.0594615 0.0193893 0.0880252 0.167693 
0.00675942 0.34775 5.76859e-07 0.232683 0.336078 0.000305163 0.0711577 0.00526586 
0.000141476 0.506103 3.6808e-08 0.0225471 0.00249099 1.22544e-05 0.0134415 0.455263 
0.0195687 0.456875 3.68201e-05 0.119156 0.187083 0.000170039 0.140052 0.0770581 
0.000937691 0.520618 5.84012e-06 0.00495995 0.431859 8.22628e-05 0.0413594 0.000178377 
0.00265627 0.778394 2.384e-07 0.0909662 0.00528621 5.35021e-05 0.0259423 0.0967017 
1.12198e-08 0.513084 2.75349e-11 0.0117903 0.296067 3.18311e-05 0.114172 0.064855 
0.000880773 0.624973 2.92951e-08 0.156535 0.143442 1.3741e-05 0.0497878 0.0243678 
0.000141476 0.506103 3.6808e-08 0.0225471 0.00249099 1.22544e-05 0.0134415 0.455263 
0.000501379 0.778146 0.0346887 0.029991 0.097588 1.39543e-08 0.0385029 0.020582 
0.140796 0.577444 0.000132571 0.0313647 0.147432 0.0076923 0.0664784 0.0286607 
0.0425097 0.472159 1.4327e-08 0.183729 0.13979 5.09016e-09 0.161691 0.000120803 
0.00125774 0.921865 3.51661e-09 0.000925687 0.0184215 4.21901e-05 0.0292152 0.0282727 
0.00778214 0.786549 6.22486e-07 0.00687097 0.0234436 0.000286559 0.161879 0.0131873 
0.000731584 0.762362 0.000172727 0.124148 0.0353432 0.000263019 0.0315924 0.0453873 
0.0231286 0.324328 6.68632e-07 0.0838077 0.307239 0.0263816 0.226524 0.00858991 
0.00081113 0.413253 8.10633e-06 0.050508 0.380366 0.000202175 0.106041 0.0488094 
0.00572586 0.434017 2.59892e-09 0.0426348 0.347388 0.00088069 0.1333 0.0360544 
0.000612576 0.600024 0.00171074 0.370013 0.00902879 2.72315e-05 0.0104269 0.00815584 
0.0642594 0.668985 2.06335e-06 0.00918256 0.0206248 0.00604647 0.0776415 0.153258 
0.0561425 0.442332 1.38306e-05 0.0178266 0.137962 0.0342876 0.256353 0.0550825 
0.00377929 0.500872 9.94963e-06 0.00453412 0.0604803 1.73608e-05 0.377343 0.0529642 
0.00131629 0.807429 0.00261119 0.101974 0.0309146 4.79265e-05 0.0151037 0.0406032 
0.00474035 0.626148 3.97032e-07 0.114653 0.0541492 0.000102725 0.166982 0.0332252 
0.0502959 0.638082 2.69166e-06 0.0640142 0.0664715 0.000204182 0.105401 0.0755285 
0.0180159 0.718056 8.0778e-06 0.120361 0.0222678 2.40149e-06 0.100086 0.021203 
9.66124e-08 0.999573 2.37338e-07 0.000180595 0.000158641 8.43228e-08 8.72735e-05 4.87895e-08 
0.000251484 0.649412 4.00681e-08 0.00128603 0.00975693 2.82834e-05 0.21535 0.123915 
0.00233644 0.819983 3.75475e-05 0.0115368 0.0749398 0.00180686 0.0450635 0.044296 
0.0028647 0.461413 8.67874e-07 0.269954 0.188353 0.000165091 0.0128638 0.0643861 
0.00192937 0.693707 1.11108e-06 0.00728062 0.0290043 0.000156712 0.0340543 0.233866 
0.00531012 0.72819 4.66088e-06 0.0196565 0.0527012 0.00249386 0.0638427 0.127801 
0.0116585 0.525219 5.31569e-11 0.0417077 0.243626 5.1369e-08 0.164997 0.0127905 
0.0120392 0.756736 0.000189243 0.0424213 0.100021 0.000301695 0.0873982 0.000894066 
0.00078379 0.610025 8.92338e-06 0.00173025 0.0322853 0.000156414 0.0550596 0.299951 
0.000770496 0.537024 5.68888e-10 0.00787485 0.083244 3.53967e-05 0.347049 0.0240019 
8.20004e-05 0.738055 0.000616944 0.029982 0.0226286 0.025028 0.0862215 0.0973861 
0.00143526 0.758005 1.82249e-08 0.024914 0.187009 2.88468e-08 0.02333 0.00530666 
0.000987769 0.859864 4.09476e-08 0.0659862 0.0485534 1.97516e-05 0.0121743 0.0124144 
5.77738e-05 0.390315 7.71647e-08 0.1261 0.0965128 0.000196068 0.0649518 0.321867 
0.00811383 0.333406 1.36943e-09 0.0046308 0.320762 8.55699e-05 0.288312 0.0446893 
0.00159261 0.505103 5.15704e-08 0.0340114 0.0553871 0.00174908 0.102985 0.299171 
0.000263786 0.952747 2.16708e-09 0.00323081 0.0171301 6.06723e-05 0.0223729 0.00419439 
0.0330026 0.363346 2.67262e-10 0.0221732 0.199178 8.14444e-05 0.0315185 0.350701 
0.00357914 0.584119 7.61761e-05 0.0473032 0.105498 0.000869649 0.108122 0.150433 
4.76077e-07 0.887555 2.71317e-10 0.00540441 0.000569683 1.47409e-07 0.00438036 0.10209 
0.00616485 0.638756 0.000305926 0.0567419 0.0961169 0.00193564 0.0668529 0.133126 
0.00986731 0.610827 4.54728e-06 0.210336 0.109177 0.000339069 0.0371717 0.0222774 
0.00815702 0.4764 0.000891891 0.0346902 0.0577935 0.00160698 0.073776 0.346684 
0.00908159 0.452363 0.000900761 0.27748 0.0851885 0.00833806 0.0973075 0.0693406 
0.0253299 0.781309 0.000161853 0.0214507 0.0552639 0.000496074 0.0366387 0.0793504 
0.00125774 0.921865 3.51661e-09 0.000925687 0.0184215 4.21901e-05 0.0292152 0.0282727 
0.00162447 0.577937 0.000156316 0.0269773 0.170567 0.00333283 0.152205 0.0671999 
0.0184183 0.642239 0.00298791 0.0161508 0.0495717 0.00210538 0.126186 0.142341 
0.00928227 0.739838 0.000108947 0.0416223 0.079033 0.00266027 0.080268 0.0471875 
0.00403385 0.61121 0.0002342 0.0492093 0.105036 0.000132051 0.170314 0.0598306 
1.2751e-05 0.619858 1.27453e-05 0.251247 0.128831 1.27515e-05 1.27543e-05 1.27529e-05 
0.0184919 0.486529 2.79652e-07 0.10758 0.146143 3.60054e-07 0.24125 5.61943e-06 
0.00459109 0.989019 5.26415e-05 7.55524e-05 0.00133002 9.18994e-05 0.00459024 0.000249689 
5.57021e-06 0.910087 1.33788e-06 0.00197809 0.00260644 1.61503e-08 0.00419221 0.0811292 
0.0150956 0.530544 1.44801e-09 0.11545 0.111865 7.04903e-08 0.180747 0.0462979 
0.000263786 0.952747 2.16708e-09 0.00323081 0.0171301 6.06723e-05 0.0223729 0.00419439 
0.00586123 0.660352 0.000266423 0.0330372 0.0736461 0.000106763 0.131917 0.0948128 
0.00980693 0.47591 0.0106748 0.328872 0.0873413 0.000212813 0.0860667 0.00111519 
0.00240624 0.348352 8.62332e-06 0.185441 0.185536 0.000329453 0.25966 0.0182665 
0.000246152 0.728723 2.02941e-08 0.00520712 0.064338 0.000263843 0.150163 0.0510586 
0.00130131 0.774245 2.58603e-08 0.00235563 0.0518381 0.000248915 0.0542624 0.115749 
0.000767867 0.743667 0.000138978 0.0421834 0.0610888 0.000494237 0.114904 0.0367555 
0.00910313 0.92428 3.4076e-07 0.0362224 0.00480397 4.82626e-06 0.0255845 1.2435e-06 
0.0826302 0.371732 0.00032442 0.312529 0.109953 0.00191731 0.119431 0.00148425 
0.0235892 0.455537 9.36845e-05 0.0231884 0.0394564 0.00111532 0.0724631 0.384557 
0.000922102 0.823092 0.000421877 0.114682 0.0514539 7.77116e-06 0.00926505 0.000155833 
8.9367e-08 0.884241 2.19539e-07 0.0785873 0.0222736 1.1209e-06 0.00990828 0.00498869 
8.72358e-06 0.753476 1.15703e-05 0.0968917 0.0053483 0.000222133 0.110534 0.0335078 
0.00447562 0.623715 7.57066e-08 0.0460632 0.00796486 5.11485e-06 0.295367 0.0224094 
0.0247988 0.495149 8.74723e-05 0.163716 0.193281 0.00105293 0.0724712 0.049444 
0.00483374 0.321528 1.70661e-06 0.293919 0.0634927 0.00195699 0.0130867 0.301182 
0.0113808 0.385302 1.48687e-08 0.133833 0.210468 0.00046855 0.0952844 0.163263 
0.00495139 0.680033 3.97134e-09 0.049532 0.027989 0.000221026 0.0556253 0.181648 
0.0062003 0.30108 1.27318e-06 0.263696 0.219903 2.65379e-06 0.207313 0.0018032 
0.00554857 0.793323 0.00016574 0.00107608 0.027209 0.0168724 0.0524097 0.103396 
0.000847684 0.424806 4.64617e-10 0.0198316 0.156033 4.30196e-05 0.115189 0.28325 
0.00287115 0.283971 3.40129e-09 0.072961 0.234289 0.000239996 0.147134 0.258534 
0.0013729 0.514579 0.0287803 0.120835 0.154156 0.000606196 0.0789348 0.100736 
0.0162113 0.672424 3.13001e-06 0.101084 0.116251 0.00182778 0.0229413 0.0692572 
0.000834476 0.843118 0.000517323 0.0441874 0.0170424 9.27986e-06 0.0172618 0.077029 
0.000158063 0.476955 0.0105369 0.115693 0.324406 2.29372e-05 0.0578598 0.0143686 
0.000403126 0.88056 2.45793e-05 0.0461351 0.0482344 5.60624e-05 0.0175414 0.00704564 
0.0148036 0.449899 0.000168664 0.0200331 0.0906947 0.00204733 0.193181 0.229173 
0.00412883 0.870015 1.98576e-09 0.0623631 0.0457782 0.000162388 0.0141722 0.00338081 
0.000755314 0.37415 0.1781 0.0668585 0.16952 0.00124608 0.046523 0.162847 
0.0783342 0.528434 4.54013e-08 0.0021114 0.0408826 4.51738e-06 0.246351 0.103883 
0.000407578 0.710793 8.12995e-05 0.0386872 0.0490982 0.00873895 0.0686372 0.123556 
0.000304782 0.651692 3.42614e-07 0.00447298 0.0603992 2.54369e-05 0.114913 0.168192 
0.0131966 0.638301 0.000130313 0.050248 0.100377 0.000560358 0.133573 0.0636131 
0.000134257 0.538107 5.89342e-05 0.0244301 0.0491611 2.93237e-05 0.375458 0.0126209 
0.00372579 0.435561 0.000650255 0.0904514 0.242872 0.000227766 0.0774697 0.149042 
0.00991541 0.471148 0.000509333 0.113042 0.115479 0.00700697 0.280527 0.00237308 
0.00655153 0.537221 9.87054e-06 0.12652 0.260129 1.54175e-05 0.0436594 0.0258941 
0.00159697 0.370103 1.9273e-05 0.0765761 0.238288 1.28186e-05 0.276386 0.0370182 
0.00903085 0.560394 2.97598e-10 0.071706 0.0437926 6.3674e-05 0.314015 0.000997046 
0.0108992 0.722871 1.07591e-07 0.0660927 0.143469 0.000166021 0.0494037 0.00709876 
0.0163821 0.426987 0.00251928 0.0239019 0.112882 0.001607 0.400472 0.0152486 
3.9819e-06 0.417476 0.000145747 0.289579 0.0273794 0.000134994 0.263512 0.00176879 
0.00106976 0.609706 0.000196953 0.0355786 0.119652 5.00364e-05 0.163291 0.070455 
0.00117691 0.702623 2.35219e-09 0.0108005 4.30459e-07 2.84957e-05 7.79839e-07 0.28537 
0.00125774 0.921865 3.51661e-09 0.000925687 0.0184215 4.21901e-05 0.0292152 0.0282727 
0.0117122 0.508504 3.75609e-05 0.0462031 0.161094 0.000879 0.0982697 0.1733 
0.00955944 0.329928 8.27345e-05 0.235972 0.215461 0.0123992 0.195262 0.00133518 
0.0031285 0.444782 6.12869e-06 0.0565195 0.220336 0.00775613 0.26161 0.00586167 
0.00209303 0.354602 2.0779e-06 0.0073034 0.0765898 2.52975e-05 0.213941 0.345443 
0.219194 0.399832 4.97623e-05 0.00614936 0.106765 0.000573977 0.0237733 0.243663 
0.0010884 0.869822 6.15638e-07 0.00166376 0.0292831 3.88246e-05 0.0243645 0.0737392 
2.75759e-06 0.63153 2.08998e-07 0.0103326 0.0684275 8.88423e-07 0.286767 0.00293911 
0.00925148 0.753299 2.94919e-05 0.0143525 0.056536 0.00218543 0.0920196 0.0723261 
0.000251425 0.720623 9.00026e-06 0.0212639 0.0688066 2.50301e-06 0.14903 0.0400135 
0.00487006 0.776361 0.00113878 0.0741572 0.0360386 5.60543e-05 0.0483469 0.0590313 
0.111708 0.416264 6.06073e-05 0.143928 0.0872932 0.000421826 0.213737 0.0265876 
0.000600065 0.930521 4.86554e-06 0.00384796 0.000140609 1.02447e-08 0.0415009 0.0233848 
2.02418e-06 0.764645 3.29528e-11 0.0173235 0.0962238 1.06658e-06 0.118336 0.00346831 
0.0195149 0.954032 1.82143e-08 0.000999858 1.42647e-07 1.9071e-05 0.00145626 0.0239776 
0.000984192 0.538163 0.000314155 0.0114802 0.052469 0.000172583 0.0667292 0.329688 
0.00014243 0.726229 4.20064e-08 0.238458 0.0100423 1.0386e-05 0.0247049 0.000412648 
0.000942573 0.542138 0.000403075 0.119818 0.0986523 5.49143e-05 0.180276 0.0577141 
0.0106109 0.487425 0.000649583 0.046431 0.224344 0.00224188 0.104983 0.123315 
0.00365679 0.730742 3.52142e-07 0.0352774 0.0433875 0.000343252 0.132319 0.0542743 
0.000546764 0.692101 0.00607246 0.053549 0.0803745 0.000460155 0.116494 0.0504015 
0.0421898 0.590871 2.16576e-05 0.223451 0.0891751 0.00255224 0.0502428 0.0014963 
0.00357152 0.484752 4.7897e-05 0.0127995 0.0431635 3.96828e-05 0.402343 0.0532825 
2.25912e-06 0.784493 5.12356e-09 0.00565464 0.0135089 5.71379e-07 0.00549938 0.190842 
0.00331243 0.499014 2.22846e-07 0.00572791 0.0214233 4.36142e-05 0.467765 0.00271301 
0.00572627 0.649234 3.43641e-08 0.165424 0.0343361 0.000548223 0.126137 0.0185949 
0.0385979 0.432641 0.000224179 0.0566664 0.0802001 0.00600909 0.198769 0.186892 
0.00034297 0.474007 0.000284432 0.104863 0.0999341 6.73458e-05 0.163214 0.157287 
0.00403377 0.438839 2.56443e-05 0.318161 0.143967 0.000447041 0.0818277 0.0126991 
0.0088648 0.452962 0.00353486 0.0386502 0.0970534 0.000190371 0.0814713 0.317273 
0.00307808 0.632421 2.51145e-05 0.0110696 0.0786136 0.000804388 0.0429099 0.231079 
0.0341278 0.56334 4.74299e-06 0.120966 0.127487 0.000285345 0.0809814 0.072807 
0.122649 0.726545 0.00142915 0.00642148 0.0838929 0.000486272 0.0552631 0.00331252 
0.00149698 0.666565 0.00262814 0.000971482 0.0486445 1.3392e-06 0.264686 0.0150062 
0.00382151 0.698092 2.42452e-11 0.0452493 0.00133254 9.23596e-06 0.201269 0.0502264 
0.000263786 0.952747 2.16708e-09 0.00323081 0.0171301 6.06723e-05 0.0223729 0.00419439 
0.00159134 0.720137 1.77398e-07 0.00150676 0.0282828 6.28998e-05 0.13485 0.113569 
0.0821145 0.332755 2.38093e-05 0.313145 0.202481 0.00046426 0.0609622 0.00805352 
0.00124111 0.508034 6.64657e-08 0.410901 0.00552415 9.37708e-06 0.0739995 0.000291044 
0.000158936 0.567443 0.000213233 0.00850744 0.161377 3.55189e-05 0.250673 0.0115927 
2.74766e-07 0.418581 7.84873e-11 0.0281751 0.169797 2.69218e-09 0.171221 0.212226 
0.00921339 0.682704 3.22884e-07 0.005327 0.220916 0.000624584 0.0607285 0.0204861 
0.00329322 0.763567 3.59742e-09 0.0972757 0.0638159 0.00135611 0.0501417 0.0205505 
6.54982e-05 0.827914 0.0127738 0.0607021 0.0669995 5.28419e-06 0.0245801 0.00696 
5.06112e-05 0.832232 2.31717e-05 0.0122787 0.077093 2.02415e-07 0.0192914 0.0590312 
0.00826504 0.706659 6.34805e-05 0.0704182 0.0497219 5.05229e-05 0.0815197 0.0833019 
0.00369042 0.809684 8.62324e-05 0.0176742 0.0636349 0.000867817 0.0594608 0.0449016 
0.0129481 0.738447 5.72679e-06 0.0282432 0.0253943 0.00776706 0.0849793 0.102215 
0.00120574 0.595394 2.88032e-05 0.00732128 0.117931 5.49669e-05 0.251421 0.0266429 
0.00143526 0.758005 1.82249e-08 0.024914 0.187009 2.88468e-08 0.02333 0.00530666 
0.0153147 0.512964 0.000603249 0.0186337 0.133763 6.0294e-07 0.278077 0.0406434 
0.000108874 0.927351 4.1943e-09 0.00532168 0.019309 1.6665e-05 0.0283407 0.0195518 
0.0534176 0.315582 5.55612e-07 0.166911 0.219379 0.000627316 0.22514 0.0189421 
0.00107005 0.465741 3.2438e-09 0.000881641 0.00189737 0.000139455 0.0736148 0.456655 
0.0169991 0.539617 0.0117092 0.309712 0.0231258 0.000357816 0.0121305 0.0863482 
9.42214e-11 0.891779 1.85403e-07 0.0666465 0.00696378 8.22359e-11 0.00234018 0.03227 
0.0466776 0.816364 2.01922e-10 0.0106585 0.0909993 3.14438e-05 0.0318448 0.00342446 
0.0153147 0.512964 0.000603249 0.0186337 0.133763 6.0294e-07 0.278077 0.0406434 
0.00875557 0.568827 5.91903e-07 0.0166374 0.146048 0.000109237 0.236762 0.0228599 
0.00308794 0.896254 2.61577e-09 0.00707702 0.0164732 0.00010244 0.0485868 0.0284182 
7.36714e-06 0.721693 4.9498e-09 0.0198621 0.0645934 5.33077e-05 0.188623 0.00516733 
0.00150555 0.416003 1.75263e-05 0.208855 0.213515 0.000161395 0.0891194 0.0708233 
0.000450309 0.934557 3.23918e-08 0.0127001 0.0146627 4.41746e-12 0.0360668 0.00156294 
0.000354527 0.809778 5.20669e-08 0.0345246 0.0925656 0.00166721 0.00567623 0.0554339 
4.94167e-05 0.96463 3.05066e-05 0.0070606 0.00508145 2.73691e-08 0.0191978 0.00395013 
0.0113778 0.694543 0.000245819 0.0860268 0.0716575 0.00356879 0.128557 0.0040234 
0.00910313 0.92428 3.4076e-07 0.0362224 0.00480397 4.82626e-06 0.0255845 1.2435e-06 
2.50959e-05 0.430313 2.55314e-06 0.187799 0.168022 3.60329e-06 0.208541 0.00529354 
0.156188 0.367084 3.95825e-05 0.0292478 0.0887045 3.0343e-05 0.0389954 0.319711 
5.57021e-06 0.910087 1.33788e-06 0.00197809 0.00260644 1.61503e-08 0.00419221 0.0811292 
0.012153 0.377371 2.36404e-06 0.141522 0.272339 0.00208033 0.114461 0.0800714 
0.00208935 0.46625 6.96644e-05 0.215794 0.0655766 1.23808e-05 0.0557341 0.194473 
0.0457609 0.835064 2.84022e-06 0.0274476 0.0625667 5.62324e-05 0.0250678 0.00403388 
0.0143627 0.560152 0.000660467 0.0786936 0.088217 0.005011 0.0933833 0.15952 
0.0037636 0.826896 9.91352e-07 0.00130235 0.0307512 0.000474689 0.025578 0.111233 
0.0115761 0.580305 1.74447e-05 0.0113916 0.0945137 0.0560853 0.164899 0.0812115 
0.000152185 0.991176 1.48296e-09 0.000581879 0.00558875 2.65731e-07 0.00182296 0.000677469 
0.0262007 0.682955 0.0171937 0.105157 0.0943727 0.000648089 0.0421892 0.0312843 
0.0332792 0.51221 9.14873e-07 0.212099 0.128373 4.1448e-06 0.110239 0.00379468 
0.0015791 0.731606 0.00816674 0.101924 0.0484737 7.55912e-06 0.0661511 0.0420912 
1.57542e-08 0.967507 6.58968e-10 0.0186189 0.00294237 2.19664e-07 0.0108273 0.00010433 
0.00052462 0.712763 1.86962e-07 0.00525838 0.0594267 8.19167e-05 0.116186 0.10576 
0.000364031 0.360468 5.439e-07 0.272522 0.075339 1.81826e-05 0.289681 0.00160724 
0.163302 0.331964 3.87151e-05 0.319018 0.0843823 0.000131646 0.0297944 0.0713685 
0.0217129 0.64541 0.000293421 0.0360225 0.0654023 0.010249 0.135693 0.0852169 
6.18784e-07 0.925292 0.026675 0.0337633 0.000176243 8.47699e-07 0.0114024 0.00268919 
0.00224858 0.412435 0.00283719 0.312735 0.105647 0.00575107 0.152991 0.00535438 
0.00699642 0.692867 0.00180845 0.0213445 0.0629099 0.00295077 0.0982629 0.11286 
0.000823343 0.929556 6.33055e-09 0.00126406 0.0177677 2.76329e-05 0.0320551 0.0185061 
0.0101345 0.732291 3.92956e-05 0.0612155 0.0791253 0.00169462 0.0671508 0.0483489 
0.152588 0.56019 4.05526e-06 0.0247676 0.0685592 0.00502122 0.180004 0.00886581 
1.33558e-05 0.51009 6.24314e-07 0.0145132 0.412691 2.2181e-07 0.0626863 4.72772e-06 
0.0115879 0.615317 1.64716e-05 0.0193754 0.0495064 0.000399313 0.13241 0.171388 
0.00328595 0.717115 7.61266e-07 0.0350487 0.105817 0.000699513 0.0888635 0.0491694 
0.00126175 0.91825 6.52654e-08 0.0402631 0.0213154 7.59006e-07 0.0155044 0.003405 
6.0718e-05 0.779395 1.42878e-08 0.000414287 0.0814365 8.82352e-07 0.0740705 0.0646216 
0.00805071 0.374339 7.44798e-11 0.134716 0.0510303 0.338764 0.0929548 0.000144756 
0.0195149 0.954032 1.82143e-08 0.000999858 1.42647e-07 1.9071e-05 0.00145626 0.0239776 
0.00167496 0.709398 1.18066e-09 0.00224195 0.0316442 4.19471e-10 0.25504 1.3174e-06 
0.00483463 0.486978 2.56091e-05 0.25109 0.133987 0.000100369 0.105612 0.017373 
0.00744152 0.585381 4.44483e-06 0.234566 0.0428482 4.16815e-05 0.120045 0.00967185 
0.000382545 0.97944 9.89699e-06 0.0177798 0.00150016 2.36248e-06 0.000650496 0.000234901 
5.57021e-06 0.910087 1.33788e-06 0.00197809 0.00260644 1.61503e-08 0.00419221 0.0811292 
0.013705 0.686887 1.97332e-05 0.0153895 0.0535243 0.000689195 0.164266 0.0655191 
0.0115013 0.375256 0.0013206 0.142726 0.183204 0.000161969 0.139434 0.146396 
0.00240933 0.993846 0.000106145 0.00271267 0.00021838 0.000128135 0.000472647 0.000106206 
0.109359 0.747198 0.000369746 0.0114157 0.0833508 0.000758371 0.044342 0.00320699 
0.000161046 0.821693 0.000160974 0.177341 0.000161088 0.000161053 0.000161088 0.000161071 
0.0136595 0.701581 3.1592e-05 0.0231112 0.0969235 9.69022e-05 0.157974 0.00662221 
0.000439611 0.73828 5.4412e-05 0.209816 0.0214099 2.05312e-05 0.0103956 0.019584 
