0.000743536 0.363123 6.6923e-06 0.189665 0.205483 0.000323019 0.108775 0.13188 
0.0535362 0.705558 2.20948e-05 0.0152689 0.0608005 0.00528493 0.102989 0.0565408 
0.00324195 0.511966 0.000321998 0.0346375 0.141959 0.000261193 0.290133 0.0174799 
0.0195149 0.954032 1.82143e-08 0.000999858 1.42647e-07 1.9071e-05 0.00145626 0.0239776 
9.90661e-05 0.97136 1.9805e-07 0.00674866 0.00890835 7.03642e-08 0.0127416 0.000141741 
0.00673631 0.762646 3.59961e-06 0.00519305 0.0342749 0.00891922 0.0954046 0.0868221 
0.002474 0.783728 2.58963e-05 0.194872 0.0093682 0.000186099 0.00703231 0.00231397 
0.0177877 0.518192 0.000391672 0.320711 0.0652838 0.000796892 0.0765089 0.00032807 
0.0586723 0.460065 8.45439e-07 0.238455 0.160024 3.66323e-06 0.0827474 3.23921e-05 
0.0096018 0.841875 0.000967354 0.044291 0.0385716 1.17677e-05 0.0586635 0.0060181 
0.0351357 0.663738 0.000138422 0.010287 0.0215274 7.02159e-07 0.223081 0.0460918 
0.119444 0.27482 0.00372662 0.210665 0.220791 0.000332152 0.166949 0.00327154 
0.0449803 0.435054 1.01011e-10 0.0403385 0.226716 1.48009e-07 0.251925 0.000986185 
0.000130334 0.922812 1.43924e-06 0.0031405 0.0654335 5.03629e-12 0.00829541 0.000186859 
0.000163154 0.752802 1.18318e-06 0.0174878 0.00456044 2.14077e-06 0.00291458 0.222069 
0.0202823 0.46381 3.08533e-05 0.0118496 0.298239 0.000423666 0.199207 0.00615872 
7.8912e-07 0.347211 0.000431225 0.285222 0.277423 2.11148e-07 0.089021 0.000690309 
0.0472238 0.39147 1.86097e-07 0.134052 0.188718 8.64062e-06 0.236537 0.00199012 
0.00250789 0.822484 1.0356e-07 0.0795304 0.00958758 0.000167534 0.0144054 0.0713172 
0.00151569 0.503657 6.27283e-05 0.00304521 0.0340759 0.000459082 0.058813 0.398371 
0.0121906 0.333323 0.000110688 0.0844744 0.185525 0.000576633 0.308385 0.0754156 
0.00224102 0.795725 3.8207e-07 0.020535 0.0726557 3.59512e-06 0.0849467 0.0238927 
0.00200986 0.592149 9.60003e-06 0.029764 0.155464 0.000262012 0.0941654 0.126176 
0.0499483 0.583149 5.16403e-08 1.34699e-06 1.14535e-06 0.00303 0.0105131 0.353357 
0.0752421 0.424344 9.30717e-07 0.194844 0.181559 0.000133662 0.0875982 0.0362789 
6.02674e-05 0.465958 0.00956096 0.0573354 0.00267079 0.000212211 0.00744764 0.456755 
3.4886e-05 0.938943 5.14724e-06 0.0247811 0.020533 1.4504e-05 0.015549 0.00013937 
2.54062e-07 0.34799 4.41598e-08 0.0237183 0.303579 0.000122364 0.324572 1.83333e-05 
0.0314468 0.264483 0.000276117 0.228875 0.257886 0.000967737 0.148332 0.0677336 
0.0564371 0.487353 1.24932e-05 0.0121737 0.0486103 0.00459862 0.150799 0.240016 
1.78685e-05 0.434939 3.95896e-08 0.24211 0.0814495 0.00162333 0.0403579 0.199502 
0.00139039 0.993717 2.26395e-05 6.75871e-05 0.00104852 6.8958e-05 0.00350948 0.000175632 
0.000604114 0.641139 1.25862e-06 0.00528014 0.0321866 0.000106028 0.10161 0.219073 
0.00145489 0.585915 7.69039e-05 0.0694112 0.154879 0.000242872 0.116012 0.0720078 
0.000546764 0.692101 0.00607246 0.053549 0.0803745 0.000460155 0.116494 0.0504015 
1.2751e-05 0.619858 1.27453e-05 0.251247 0.128831 1.27515e-05 1.27543e-05 1.27529e-05 
0.000450309 0.934557 3.23918e-08 0.0127001 0.0146627 4.41746e-12 0.0360668 0.00156294 
0.000619363 0.62205 2.44472e-06 0.00150316 0.0243586 0.000127352 0.0341765 0.317162 
0.00888989 0.675532 9.03837e-05 0.134057 0.0480083 0.000166983 0.110801 0.0224547 
1.92486e-07 0.702108 8.76458e-08 0.0357373 0.118626 2.3098e-07 0.00500808 0.13852 
0.0147571 0.53213 0.00150992 0.00788 0.0405463 0.000816663 0.0401175 0.362243 
0.00575745 0.480943 0.00113425 0.0420998 0.112207 0.0127072 0.151978 0.193173 
0.00209303 0.354602 2.0779e-06 0.0073034 0.0765898 2.52975e-05 0.213941 0.345443 
0.00117691 0.702623 2.35219e-09 0.0108005 4.30459e-07 2.84957e-05 7.79839e-07 0.28537 
0.0026904 0.519805 7.56679e-07 0.00751614 0.0287879 0.000135342 0.0758499 0.365215 
0.00849494 0.625496 6.7699e-06 0.170215 0.0358223 0.000151918 0.113997 0.045816 
0.000246812 0.936342 1.53849e-08 0.00426636 0.0416099 1.72924e-07 0.0171858 0.000348926 
0.000937473 0.412151 1.47849e-05 0.23364 0.177963 0.000112663 0.17006 0.00512037 
0.00038914 0.839771 4.62541e-10 0.0265098 0.0153025 1.35214e-08 0.0527433 0.0652842 
0.00738614 0.640491 1.1768e-05 0.0158021 0.0482519 0.00099961 0.0804221 0.206635 
0.000861804 0.50285 5.88497e-09 0.0260632 0.256266 0.00547209 0.205683 0.00280421 
0.00805071 0.374339 7.44798e-11 0.134716 0.0510303 0.338764 0.0929548 0.000144756 
0.00485393 0.710255 1.42383e-05 0.036476 0.143843 0.0332539 0.0513643 0.0199401 
0.00720528 0.408202 2.67509e-05 0.00884907 0.393415 0.000186658 0.180305 0.00181078 
0.042703 0.652466 1.53612e-07 0.0287291 0.160409 0.000176633 0.107186 0.00833024 
0.0256179 0.725836 4.54916e-06 0.0107772 0.0170983 0.0168435 0.108075 0.0957482 
1.71861e-07 0.945674 3.88072e-06 0.0437707 6.95175e-07 1.4985e-10 0.00464569 0.00590446 
0.000246152 0.728723 2.02941e-08 0.00520712 0.064338 0.000263843 0.150163 0.0510586 
0.0564902 0.625768 9.03761e-07 0.00573737 0.0190116 0.00659472 0.00475282 0.281644 
0.000380116 0.88517 4.08174e-07 0.0197806 0.0033021 0.0126548 0.0719716 0.0067406 
4.63506e-06 0.69636 6.57665e-10 0.00726968 0.00786912 8.54145e-07 0.00396115 0.284534 
0.07314 0.53634 1.04583e-08 0.282826 0.0306286 0.030553 0.0464531 5.84128e-05 
0.01907 0.498854 0.00116198 0.0449649 0.127188 0.00524802 0.15134 0.152173 
0.0123718 0.52289 7.22544e-06 0.104288 0.0996065 0.14786 0.0497071 0.0632698 
0.00312199 0.424707 0.000153395 0.102456 0.169252 0.0116205 0.266742 0.0219464 
0.0373247 0.466374 4.71429e-05 0.117898 0.133554 0.00374372 0.176511 0.0645466 
0.07314 0.53634 1.04583e-08 0.282826 0.0306286 0.030553 0.0464531 5.84128e-05 
0.00168469 0.384221 1.30145e-05 0.296557 0.105514 0.0406185 0.168084 0.00330744 
0.00135342 0.762384 6.23558e-07 0.029805 0.0799996 7.53781e-05 0.110615 0.0157675 
0.0130475 0.490637 6.867e-06 0.0201523 0.0683802 0.00602234 0.094028 0.307726 
3.47139e-06 0.647919 3.46984e-06 0.288522 0.017365 0.00555792 3.4723e-06 0.040625 
0.00246342 0.690987 0.00392575 0.0695484 0.111505 1.78917e-05 0.0713689 0.0501831 
0.00511915 0.495801 0.000627551 0.0653538 0.0861023 0.00106451 0.0353027 0.310629 
0.0730018 0.292062 0.000404948 0.273975 0.150578 0.000371989 0.195793 0.013814 
0.03932 0.668485 4.18469e-07 0.0253852 0.186144 0.000911988 0.0775358 0.00221724 
0.00203524 0.95574 4.46809e-06 0.00884505 0.0243449 0.00233646 0.00603743 0.000656754 
0.0219234 0.637284 6.16792e-07 0.0394755 0.14614 0.0121101 0.121348 0.0217184 
0.000156321 0.432909 2.20933e-06 0.0255025 0.0749296 5.23671e-05 0.096758 0.36969 
0.0793783 0.499486 1.67782e-06 0.0188448 0.0426655 0.0121574 0.0932773 0.254189 
0.00478095 0.539607 3.87331e-09 0.000881893 0.00829705 4.84308e-08 0.209632 0.236801 
8.43302e-08 0.735999 0.000471023 0.0025333 0.0314273 5.70202e-08 0.179497 0.050072 
0.02267 0.419823 0.00031127 0.0663677 0.13497 0.000114231 0.304227 0.0515167 
0.000147174 0.420451 1.62986e-06 0.0200115 0.310009 1.78661e-06 0.243337 0.00604096 
0.0479201 0.383695 0.00138785 0.0491824 0.219774 0.0301157 0.261539 0.00638501 
0.00107005 0.465741 3.2438e-09 0.000881641 0.00189737 0.000139455 0.0736148 0.456655 
0.0141652 0.563473 2.66291e-05 0.20339 0.0908365 0.000362627 0.108315 0.0194304 
0.00952911 0.626066 0.000102444 0.0347204 0.111802 0.046362 0.105224 0.066193 
0.0799547 0.481185 0.000743146 0.0872502 0.129914 0.00613376 0.159116 0.0557036 
0.0111945 0.538208 4.79012e-07 0.251884 0.0945375 0.00239411 0.099285 0.00249664 
0.00465472 0.635277 0.00018143 0.0388761 0.0607726 0.000131882 0.0879685 0.172138 
0.000226847 0.913496 1.658e-05 0.0484314 0.024843 0.00027398 0.00875029 0.00396157 
0.00363874 0.804777 9.82814e-06 0.000282115 0.00575178 0.000104466 0.0411854 0.14425 
0.000615563 0.581071 1.29783e-05 0.000615578 0.0874479 0.00852185 0.295677 0.0260385 
1.71631e-09 0.446391 2.25144e-05 0.250526 0.0304958 1.68112e-07 0.272564 8.66741e-10 
0.00316662 0.817159 2.16812e-08 0.0780932 0.0234613 2.02742e-05 0.0299647 0.0481346 
0.00477496 0.35954 0.00184532 0.0965412 0.27678 0.000328 0.214108 0.0460826 
0.000114009 0.444983 1.98889e-07 0.0211453 0.184861 3.42999e-05 0.267816 0.0810465 
1.34368e-05 0.389773 1.34307e-05 0.193534 0.0806553 1.34373e-05 1.34403e-05 0.335984 
0.00252912 0.344586 2.40993e-12 0.0878117 0.10008 0.00099027 0.130687 0.333316 
0.00106861 0.873191 1.3153e-09 0.0169792 0.02158 6.48431e-06 0.0600541 0.027121 
0.00559105 0.741609 0.00125065 0.0376994 0.0775094 0.00123139 0.081646 0.0534635 
0.00102421 0.413054 0.014102 0.0243497 0.231067 0.00104193 0.314654 0.000706925 
0.0120983 0.663711 4.36276e-05 0.0222781 0.0669046 0.00541462 0.107884 0.121665 
0.124398 0.830299 9.00051e-08 0.00308081 0.0137579 0.000163242 0.0275628 0.000737992 
1.78486e-11 0.541876 4.38469e-11 0.00085786 0.00192796 1.55782e-11 0.455338 2.84448e-07 
0.0117002 0.819772 7.6956e-06 0.00853609 0.0218329 0.0176531 0.0565704 0.0639279 
0.00248085 0.626711 1.02938e-05 0.212795 0.00693736 0.000148499 0.146621 0.0042962 
0.0287112 0.494558 1.73651e-05 0.0253601 0.103736 0.000146082 0.0507344 0.296736 
8.8864e-06 0.661164 6.03161e-07 0.221329 0.0366283 8.19893e-06 0.0172244 0.0636372 
0.0137125 0.352298 0.00348691 0.221736 0.215266 0.000141936 0.137645 0.0557133 
0.032997 0.38423 0.00020366 0.294654 0.138304 0.00222511 0.0693096 0.0780768 
0.0011519 0.672417 4.02648e-06 0.0171195 0.156359 0.00016409 0.146996 0.0057887 
0.00445846 0.469914 0.000222083 0.252164 0.153324 0.00843962 0.0809513 0.0305268 
0.00424383 0.590552 0.000146773 0.0257748 0.0890826 0.00176357 0.0619668 0.22647 
0.00191712 0.720782 2.21976e-07 0.00162575 0.0334556 0.000248624 0.139177 0.102794 
0.00127029 0.911724 2.88145e-07 0.00098357 0.0222074 4.98297e-05 0.0320169 0.031748 
0.00655885 0.44545 6.84732e-09 0.0447114 0.143804 0.00130651 0.00628055 0.35189 
0.21594 0.401063 0.000327809 0.0598021 0.0862629 0.0247984 0.170026 0.0417797 
0.00212386 0.828408 1.18589e-07 0.0188132 0.0148729 7.79028e-06 0.123405 0.0123694 
0.00406516 0.483188 8.8746e-05 0.0530718 0.0663755 0.000237928 0.370288 0.0226847 
0.000833299 0.353797 0.000376795 0.268029 0.267678 1.71964e-06 8.2062e-06 0.109276 
5.57021e-06 0.910087 1.33788e-06 0.00197809 0.00260644 1.61503e-08 0.00419221 0.0811292 
0.00902938 0.726342 0.000715085 0.0555024 0.109692 0.000200583 0.0799153 0.0186036 
2.45775e-05 0.972175 7.05153e-11 0.00754792 1.18027e-07 4.4772e-05 0.00627365 0.0139342 
2.32129e-09 0.894654 7.15161e-08 0.0732336 0.00267013 0.000669671 0.0287544 1.78263e-05 
0.00329493 0.476785 9.05671e-08 0.00477572 0.0927866 0.00369751 0.0553491 0.363311 
1.91097e-05 0.766161 3.37729e-06 0.00428293 0.102711 0.000110452 0.0828958 0.0438155 
6.80669e-10 0.700642 3.20399e-06 0.284034 0.00812184 1.18986e-06 0.0071982 2.29307e-07 
0.0183381 0.899515 5.80983e-11 0.0140283 0.00214438 2.68884e-07 0.0248218 0.0411526 
0.0952692 0.340586 0.0141653 0.167096 0.135865 0.0028663 0.238236 0.00591587 
0.000735386 0.901975 1.6664e-07 0.00152072 0.0321483 4.92642e-05 0.0312339 0.0323374 
7.7456e-05 0.456439 0.00150644 0.396566 0.0467923 0.0015902 0.0814971 0.0155315 
0.000159533 0.998704 3.88299e-05 0.000645653 0.000212205 1.37957e-05 0.000155324 7.04702e-05 
0.000267528 0.890333 1.93002e-07 0.00573249 0.0576677 0.000170931 0.0354027 0.0104259 
0.00901823 0.449032 6.10928e-05 0.0206952 0.133885 0.000422123 0.122542 0.264344 
0.0158404 0.674558 1.7287e-10 0.045518 0.00257691 4.97494e-06 0.261493 8.23036e-06 
0.00186877 0.753192 0.00581509 0.0177551 0.128047 6.84992e-05 0.0586636 0.0345902 
0.018358 0.685084 4.96014e-11 0.0277769 0.0236097 1.9918e-08 0.0187316 0.22644 
0.0195149 0.954032 1.82143e-08 0.000999858 1.42647e-07 1.9071e-05 0.00145626 0.0239776 
0.000129614 0.715192 7.95276e-06 0.218835 0.0347437 9.213e-05 0.0131477 0.0178524 
0.00106874 0.57912 9.82149e-08 0.0329328 0.0231431 4.9904e-05 0.0184229 0.345263 
0.0188957 0.496211 0.000242823 0.107282 0.0720785 0.000252217 0.114243 0.190796 
0.0768761 0.596004 0.00159529 0.0941373 0.0801684 0.0229799 0.116116 0.0121237 
7.54876e-07 0.861065 7.54537e-07 0.00800372 0.0319404 0.00460567 0.0823788 0.0120051 
0.0029433 0.661654 9.43698e-06 0.0065695 0.0879422 0.0128635 0.100444 0.127574 
0.00794534 0.711587 9.31197e-05 0.0626766 0.0853759 0.00636331 0.087398 0.0385603 
0.00127029 0.911724 2.88145e-07 0.00098357 0.0222074 4.98297e-05 0.0320169 0.031748 
0.00569139 0.806996 1.15027e-09 0.0299454 0.0630693 0.00109591 0.0528513 0.0403509 
8.9004e-07 0.620571 0.000238074 0.30767 0.0396808 1.19469e-07 0.022797 0.0090423 
0.00338907 0.596937 0.000189036 0.184704 0.119141 3.67112e-07 0.0585917 0.037048 
0.0178058 0.470249 0.00013308 0.0779439 0.0471768 0.0023395 0.360621 0.0237308 
0.000177848 0.913089 8.43444e-07 0.00178398 0.0129336 4.0082e-06 0.0371027 0.034908 
0.00202067 0.72823 8.80086e-07 0.0533122 0.0866901 7.25379e-05 0.046179 0.0834948 
0.0419467 0.49611 6.35246e-05 0.0130816 0.0359205 0.000230425 0.271669 0.140978 
6.22241e-08 0.813011 0.0810338 0.0218419 0.00260794 8.52933e-08 0.0802162 0.00128948 
0.00016692 0.488918 0.000132715 0.142231 0.141704 1.67152e-05 0.201312 0.0255184 
0.00446042 0.884306 0.000420245 0.0298123 0.0554434 1.07016e-05 0.0243622 0.00118505 
7.43565e-05 0.424631 7.01767e-05 0.189916 0.0123843 4.12189e-05 0.372623 0.000259806 
0.0025066 0.709661 0.000164009 0.005096 0.0314896 0.00388647 0.0727377 0.174459 
9.68045e-11 0.745552 2.28985e-07 0.0648848 0.0601172 8.44904e-11 0.120763 0.00868274 
0.00596974 0.518807 0.000379369 0.103154 0.134106 0.00590144 0.0688763 0.162806 
3.50242e-07 0.732501 0.00506324 0.0225835 0.15154 1.98388e-10 0.0597175 0.0285947 
5.50416e-06 0.507921 5.37835e-09 0.309548 0.122712 1.47091e-05 0.0429786 0.0168202 
0.00191096 0.43838 6.10963e-10 0.0293642 0.107453 2.71635e-07 0.422891 7.91136e-08 
0.00805071 0.374339 7.44798e-11 0.134716 0.0510303 0.338764 0.0929548 0.000144756 
0.00143526 0.758005 1.82249e-08 0.024914 0.187009 2.88468e-08 0.02333 0.00530666 
0.00978346 0.622086 2.47539e-05 0.0380621 0.0859897 0.000182505 0.149663 0.0942091 
0.000263786 0.952747 2.16708e-09 0.00323081 0.0171301 6.06723e-05 0.0223729 0.00419439 
0.000566667 0.709805 3.11511e-10 0.0341803 0.154523 0.000242323 0.0917985 0.00888446 
0.00418347 0.463906 0.00274806 0.0364171 0.150048 0.00143324 0.22183 0.119433 
0.0343788 0.558555 0.000129302 0.230936 0.0497502 0.0311828 0.0582288 0.0368393 
0.110204 0.415343 5.65821e-08 0.0732138 0.186535 0.000213556 0.150175 0.0643152 
0.000575294 0.889005 2.45119e-09 0.0112219 0.0469518 0.000452323 0.0450584 0.00673486 
0.00131454 0.608958 0.0555776 0.0717694 0.121087 7.65443e-05 0.10693 0.0342874 
3.48547e-07 0.995202 8.56242e-07 0.00268913 0.000122288 3.0421e-07 0.00112263 0.00086266 
0.00905676 0.425804 0.000290693 0.197331 0.132513 7.17303e-05 0.196047 0.0388858 
0.00811383 0.333406 1.36943e-09 0.0046308 0.320762 8.55699e-05 0.288312 0.0446893 
0.00117691 0.702623 2.35219e-09 0.0108005 4.30459e-07 2.84957e-05 7.79839e-07 0.28537 
0.00117691 0.702623 2.35219e-09 0.0108005 4.30459e-07 2.84957e-05 7.79839e-07 0.28537 
0.00254755 0.329687 4.19354e-09 0.242441 0.19392 1.33128e-05 0.230058 0.00133244 
0.07314 0.53634 1.04583e-08 0.282826 0.0306286 0.030553 0.0464531 5.84128e-05 
0.00569163 0.433475 1.6161e-05 0.0171683 0.143541 6.1158e-05 0.363166 0.0368804 
0.0123318 0.374281 2.48522e-06 0.216044 0.0793184 5.81542e-05 0.315321 0.00264277 
0.00981251 0.590617 0.000389303 0.198473 0.0916789 2.82778e-06 0.108539 0.000487209 
0.0122562 0.630339 2.80819e-06 0.0162302 0.081637 0.000499852 0.244346 0.0146892 
0.000412467 0.544943 4.74926e-05 0.0749065 0.0136146 0.0466872 0.0663422 0.253046 
0.00952212 0.388439 4.99765e-06 0.0322427 0.143155 0.00148764 0.0564887 0.368659 
0.0116809 0.734853 0.00045469 0.000316851 0.0218222 0.000238441 0.024672 0.205962 
0.000723325 0.816916 7.31276e-09 0.0263435 0.0455791 0.0268951 0.0734271 0.0101162 
4.76077e-07 0.887555 2.71317e-10 0.00540441 0.000569683 1.47409e-07 0.00438036 0.10209 
0.000832563 0.51435 3.84041e-09 0.000685923 0.00147582 0.000108538 0.0586693 0.423878 
0.026377 0.722033 7.4596e-07 0.0400231 0.137496 0.00035268 0.0626206 0.0110969 
0.0242357 0.823287 7.18626e-05 0.0697528 0.027822 0.000168528 0.0510885 0.00357325 
0.00169678 0.928036 2.74553e-10 0.00374974 0.00668666 1.86739e-05 0.0472593 0.0125526 
0.0993452 0.731453 3.8232e-07 0.105229 0.0169196 0.000483324 0.0327184 0.0138514 
0.000493222 0.539409 5.24873e-07 0.0851844 0.256716 0.00101543 0.0611633 0.0560178 
0.00143574 0.767653 6.13938e-05 0.0419216 0.0739128 2.5127e-06 0.0413335 0.0736799 
0.00153579 0.596955 4.23318e-05 0.025849 0.0981614 2.14144e-05 0.245238 0.032197 
0.0147571 0.53213 0.00150992 0.00788 0.0405463 0.000816663 0.0401175 0.362243 
0.000508285 0.379078 3.5591e-08 0.00860921 0.335753 2.12955e-06 0.249199 0.0268497 
0.000224416 0.886001 1.88619e-06 0.0350607 0.0516257 3.03145e-07 0.0226159 0.00446967 
0.00141799 0.403987 0.000772831 0.0225777 0.0804848 0.000305232 0.112399 0.378056 
0.00169301 0.764772 2.93652e-07 0.0805241 0.0918822 0.000379413 0.0603583 0.000391016 
0.00811383 0.333406 1.36943e-09 0.0046308 0.320762 8.55699e-05 0.288312 0.0446893 
0.000188819 0.720085 8.85635e-08 0.0057625 0.0665456 3.80045e-07 0.18914 0.0182781 
0.000263786 0.952747 2.16708e-09 0.00323081 0.0171301 6.06723e-05 0.0223729 0.00419439 
0.000702653 0.535276 3.10262e-07 0.234504 0.113991 4.11724e-05 0.0612639 0.054222 
0.00108789 0.927958 7.81379e-06 0.00166124 0.0401162 1.37637e-05 0.026385 0.00277048 
0.00139103 0.590081 1.23914e-05 0.0110796 0.239219 0.00391317 0.153652 0.000650979 
0.00545834 0.572437 3.98911e-07 0.00303563 0.023901 1.89601e-05 0.216996 0.178153 
0.0154192 0.699009 1.6002e-05 0.0277918 0.0691271 0.000744985 0.124097 0.0637949 
0.00129574 0.911643 3.10028e-07 0.00100726 0.0224967 4.91874e-05 0.0320515 0.0314565 
3.20265e-05 0.706389 1.56463e-06 0.163414 0.0773325 6.14412e-05 0.0515767 0.00119319 
0.000665117 0.270297 5.58444e-07 0.256405 0.255961 4.34216e-07 0.159006 0.0576644 
0.00509024 0.785848 6.20634e-10 0.00674506 0.0655958 0.00178519 0.00763354 0.127302 
0.00320083 0.49208 0.000114695 0.0124625 0.0961476 0.0541968 0.288866 0.0529312 
0.00355877 0.595464 0.000468435 0.00652721 0.00432201 3.22387e-05 0.146169 0.243459 
0.0602734 0.708285 5.21409e-05 0.17307 0.0322001 7.0565e-05 0.0227651 0.00328368 
0.00489812 0.535017 0.00158771 0.0561899 0.0522214 0.00132622 0.180046 0.168713 
0.00125774 0.921865 3.51661e-09 0.000925687 0.0184215 4.21901e-05 0.0292152 0.0282727 
0.00125774 0.921865 3.51661e-09 0.000925687 0.0184215 4.21901e-05 0.0292152 0.0282727 
0.0576493 0.433302 1.03556e-07 0.00454978 0.323911 0.00196213 0.178234 0.000391904 
0.000823343 0.929556 6.33055e-09 0.00126406 0.0177677 2.76329e-05 0.0320551 0.0185061 
0.00201055 0.70828 4.3503e-05 0.0230504 0.139942 0.00224858 0.112135 0.01229 
0.00209788 0.609834 1.61403e-05 0.0190266 0.0712133 0.000144648 0.168336 0.129331 
0.000916098 0.769191 0.000392714 0.0190917 0.0766086 0.000489072 0.11545 0.0178605 
3.0567e-07 0.756844 7.74604e-08 0.067612 0.00394592 1.49857e-08 0.0162531 0.155344 
0.000222452 0.912008 0.00156651 0.0037086 0.0451771 2.71818e-06 0.0370192 0.000295636 
1.42963e-05 0.744342 5.70652e-07 0.159641 0.0474312 8.00291e-06 0.0484885 7.45207e-05 
2.02418e-06 0.764645 3.29528e-11 0.0173235 0.0962238 1.06658e-06 0.118336 0.00346831 
0.0141865 0.47463 0.00508914 0.0116213 0.0852655 4.60433e-05 0.368539 0.0406226 
0.0223337 0.313604 4.47781e-06 0.177682 0.280154 9.57145e-05 0.19542 0.010706 
0.0235183 0.732777 0.000152297 0.0820836 0.052623 0.0115908 0.0857003 0.011555 
0.00136246 0.552224 6.2123e-10 0.00904353 0.0997487 0.120201 0.0885956 0.128824 
0.0512284 0.528975 0.000322869 0.0551232 0.21948 0.000503789 0.0208763 0.123491 
0.00132696 0.636543 2.16149e-06 0.191771 0.0158356 1.39942e-05 0.153784 0.000722808 
0.000231434 0.533774 3.45096e-05 0.0774914 0.161678 0.018716 0.157474 0.0506017 
0.0102734 0.939217 2.54636e-08 0.0106294 0.0141502 1.95375e-05 0.0251571 0.000552865 
0.0011511 0.843948 1.18756e-08 0.000443807 0.0030453 3.61767e-07 0.00279992 0.148611 
0.0310853 0.361644 3.40584e-12 0.00231288 0.140245 0.00010688 0.219147 0.24546 
0.00176022 0.884654 6.07769e-06 0.00242757 0.0629641 0.000458266 0.0430516 0.00467805 
0.00167786 0.5868 6.97861e-05 0.0120123 0.0379749 0.000253379 0.0388072 0.322404 
0.000108491 0.657312 4.54236e-05 0.000163269 0.000294618 2.17492e-05 0.341931 0.000123777 
0.0253112 0.817365 3.94566e-05 0.0819313 0.00520926 0.000594324 0.0207492 0.0488005 
2.99161e-07 0.62626 0.00111347 0.371604 0.000367464 0.000198087 9.29012e-06 0.000447985 
0.00315166 0.606725 2.2296e-05 0.0391632 0.111635 0.00561921 0.122724 0.11096 
0.0247672 0.929292 3.54363e-06 0.0316662 0.00404026 0.000572857 0.0071428 0.00251561 
0.000298088 0.525471 8.59583e-05 0.23257 0.153004 4.42202e-05 0.0868168 0.00170922 
2.45849e-08 0.838615 2.71512e-08 0.000957893 0.0212982 6.25833e-07 0.138396 0.000731765 
6.88448e-06 0.903278 5.20217e-10 0.00747591 0.0439973 7.69652e-07 0.0416515 0.0035896 
0.00125774 0.921865 3.51661e-09 0.000925687 0.0184215 4.21901e-05 0.0292152 0.0282727 
0.0141768 0.553525 0.000122959 0.134519 0.026517 0.00138197 0.254934 0.0148232 
0.0195149 0.954032 1.82143e-08 0.000999858 1.42647e-07 1.9071e-05 0.00145626 0.0239776 
0.00591889 0.373527 0.000149563 0.185591 0.293306 0.0163192 0.107443 0.0177457 
0.000118862 0.737848 1.48769e-06 0.162155 0.0217534 2.50572e-06 0.0571414 0.0209794 
0.0352241 0.33296 5.44084e-05 0.100114 0.213244 0.0769822 0.222607 0.0188151 
0.0979939 0.40106 4.12834e-06 0.0430556 0.0530279 0.00459979 0.364229 0.0360303 
0.00325571 0.376344 0.00589814 0.326709 0.145614 0.00022646 0.101283 0.040671 
0.00300932 0.897995 7.90362e-09 0.000470743 0.010503 5.04343e-06 0.0197988 0.0682184 
0.0140971 0.605922 5.5851e-05 0.0707647 0.175833 0.000462252 0.0988764 0.0339883 
0.00404996 0.574488 2.29949e-05 0.0206918 0.0796741 0.012278 0.111015 0.19778 
0.00118855 0.761549 1.34695e-05 0.0569895 0.116035 0.00070433 0.0621746 0.00134481 
0.0167845 0.630067 7.6934e-06 0.0185715 0.0594615 0.0193893 0.0880252 0.167693 
0.0310919 0.381392 1.26848e-05 0.0485536 0.227914 0.000187831 0.302112 0.00873618 
9.18291e-06 0.631601 1.25319e-09 0.367981 3.11771e-05 4.4524e-10 3.2321e-05 0.000345827 
0.000275706 0.548227 3.48923e-07 0.344617 0.0424631 2.08762e-05 0.0640207 0.000374684 
0.00203351 0.741098 2.16491e-09 0.016304 0.15898 3.51225e-07 0.0783742 0.00320906 
0.10778 0.420287 7.75553e-05 0.100198 0.0861221 0.0150142 0.0808548 0.189667 
0.101986 0.390347 9.38336e-05 0.0180789 0.283175 0.000750935 0.20024 0.00532802 
0.000356041 0.997508 0.000355881 0.000356098 0.000356133 0.000356055 0.000356134 0.000356096 
0.00143526 0.758005 1.82249e-08 0.024914 0.187009 2.88468e-08 0.02333 0.00530666 
0.00139039 0.993717 2.26395e-05 6.75871e-05 0.00104852 6.8958e-05 0.00350948 0.000175632 
0.012106 0.446103 0.00158084 0.0615869 0.0883151 0.00287106 0.0861066 0.30133 
0.000186421 0.713239 4.62166e-05 0.233952 0.0398917 3.40764e-06 0.0119143 0.000766478 
0.0294818 0.79435 2.92226e-06 0.10618 0.0198712 0.000142305 0.0496712 0.000301208 
1.79128e-06 0.544041 8.10384e-11 0.329583 0.0701443 0.00028234 0.0546727 0.00127475 
0.00316807 0.457869 7.84122e-06 0.0666749 0.119556 0.00462795 0.333482 0.0146146 
3.6791e-07 0.814378 3.67745e-07 3.67969e-07 0.095277 0.000405084 0.0693693 0.0205697 
0.00162789 0.723717 2.49343e-06 0.00869572 0.107437 4.54662e-05 0.130807 0.027667 
0.0016344 0.504723 1.23782e-09 0.3938 0.0358995 9.46433e-07 0.063901 4.0842e-05 
0.000152792 0.918339 1.70971e-05 0.00020775 0.00157327 6.25186e-06 0.00613175 0.0735722 
0.00561916 0.707235 3.50426e-06 0.0098723 0.0960261 0.00635308 0.107851 0.0670402 
0.0363686 0.503608 0.000439597 0.0471601 0.110367 0.00948006 0.244295 0.048281 
0.0007352 0.853667 5.87538e-05 0.0229343 0.0580329 0.0190567 0.0370344 0.00848099 
0.000832035 0.426412 1.64579e-06 0.288886 0.22253 0.000767303 0.0568742 0.0036973 
0.00910342 0.533112 8.98055e-06 0.2791 0.155341 0.000337553 0.0217766 0.00122033 
0.000993588 0.919146 2.60018e-07 0.0011822 0.0207649 3.95784e-05 0.0328355 0.0250377 
0.000912086 0.696178 9.3254e-07 0.0436143 0.0492426 1.32368e-06 0.209667 0.000383476 
0.034349 0.644025 0.00529181 0.187745 0.0455586 0.000121079 0.0713518 0.0115581 
0.000467474 0.394262 3.86349e-07 0.00680292 0.172385 9.37655e-07 0.101171 0.32491 
0.00583818 0.714238 6.12715e-05 0.0213229 0.0141433 1.08155e-05 0.242238 0.00214682 
0.00203266 0.775647 8.54601e-11 0.0667637 0.0539599 9.46056e-05 0.0699407 0.0315614 
0.00553589 0.468295 6.14827e-05 0.0151522 0.0280947 5.28696e-05 0.434087 0.0487211 
0.0125958 0.684155 0.000458052 0.0357874 0.0655456 0.00253613 0.0828064 0.116115 
0.000121353 0.459745 0.00238664 0.436746 0.000334077 3.21557e-05 0.100632 2.53589e-06 
0.0255091 0.538714 1.73101e-06 0.0745359 0.124297 0.00267985 0.211038 0.0232244 
0.000779993 0.284134 0.0108438 0.0482076 0.15695 1.0222e-07 0.272647 0.226438 
0.0014192 0.439131 5.88716e-08 0.0215658 0.101046 0.000219914 0.398613 0.0380056 
0.00143526 0.758005 1.82249e-08 0.024914 0.187009 2.88468e-08 0.02333 0.00530666 
0.0108471 0.414852 6.96917e-06 0.0251234 0.0994257 0.000344249 0.152933 0.296468 
0.00206995 0.742406 1.08901e-06 0.104067 0.0489512 7.16906e-06 0.102497 1.67063e-06 
0.018539 0.403632 2.18722e-05 0.289867 0.176037 4.10935e-05 0.0944105 0.0174505 
0.0195149 0.954032 1.82143e-08 0.000999858 1.42647e-07 1.9071e-05 0.00145626 0.0239776 
0.0101653 0.604758 1.07771e-05 0.149233 0.128243 0.00422501 0.0773886 0.0259758 
0.00376805 0.953902 9.16406e-07 0.0306383 0.0064519 3.25586e-07 0.00523814 1.88385e-07 
0.0175486 0.676029 0.0085254 0.107149 0.154726 1.14569e-05 0.0350798 0.000930797 
0.00702386 0.634128 0.00346784 0.131786 0.0872378 0.000961369 0.0567557 0.0786397 
0.000770704 0.436126 1.67411e-06 0.257682 3.71305e-05 5.16721e-05 0.305324 6.62579e-06 
0.000193632 0.914928 7.59297e-07 0.0027476 0.0108708 1.32015e-05 0.0340128 0.0372335 
0.0249182 0.485143 3.07755e-05 0.167126 0.251839 1.64555e-05 0.0119739 0.0589528 
0.0150065 0.356485 1.79993e-05 0.164416 0.249264 0.000512762 0.162701 0.0515969 
0.00944692 0.65686 1.25448e-06 0.014513 0.0409742 0.000408225 0.134198 0.143598 
0.000501379 0.778146 0.0346887 0.029991 0.097588 1.39543e-08 0.0385029 0.020582 
0.281775 0.285392 1.47596e-05 0.0619963 0.189432 0.000474766 0.162777 0.0181385 
0.00673039 0.415077 8.2852e-05 0.154365 0.237485 0.000379602 0.0738216 0.112059 
0.0425097 0.472159 1.4327e-08 0.183729 0.13979 5.09016e-09 0.161691 0.000120803 
3.95428e-05 0.381151 8.41463e-07 0.21389 0.16058 3.15019e-05 0.0846381 0.15967 
0.0114918 0.346984 8.83098e-07 0.0414849 0.173293 0.0437596 0.227257 0.155729 
2.01391e-06 0.793212 1.28848e-07 4.69847e-05 0.0320458 4.42041e-09 0.000545225 0.174148 
0.000823343 0.929556 6.33055e-09 0.00126406 0.0177677 2.76329e-05 0.0320551 0.0185061 
0.00198715 0.594834 0.00113339 0.0684602 0.0687442 0.00297259 0.126369 0.1355 
0.00081113 0.413253 8.10633e-06 0.050508 0.380366 0.000202175 0.106041 0.0488094 
0.000275706 0.548227 3.48923e-07 0.344617 0.0424631 2.08762e-05 0.0640207 0.000374684 
0.00627233 0.645415 2.2503e-06 0.0209423 0.0328534 0.000300162 0.0953932 0.198821 
0.0142193 0.60111 2.63129e-05 0.127765 0.066726 0.000331974 0.141289 0.0485327 
0.00186841 0.381965 2.18557e-07 0.0841933 0.145859 0.00010091 0.379764 0.00624867 
0.00483374 0.321528 1.70661e-06 0.293919 0.0634927 0.00195699 0.0130867 0.301182 
0.00815254 0.600411 0.000536609 0.164077 0.120855 0.000974056 0.0893876 0.0156066 
0.025501 0.773197 9.94303e-07 0.0958532 0.014509 0.00013778 0.0351624 0.0556389 
0.00687653 0.427432 4.44948e-08 0.114565 0.0565528 0.0216503 0.263561 0.109361 
0.000190537 0.83468 1.41176e-05 0.0361422 0.0892148 4.33481e-05 0.0362518 0.0034631 
0.026856 0.529714 2.30273e-05 0.101792 0.100288 0.00198903 0.107508 0.13183 
0.00028489 0.628881 1.58962e-08 0.00632727 0.195834 7.35878e-06 0.162573 0.00609233 
0.000704879 0.74757 6.1764e-10 0.0656605 0.0566533 1.00118e-05 0.0864653 0.042936 
0.000804577 0.854646 1.45488e-07 0.00448365 0.0279308 7.18884e-06 0.00690284 0.105225 
0.000864178 0.506392 0.00706885 0.154665 0.0346192 0.00213006 0.275642 0.0186186 
0.00617396 0.69263 4.66111e-07 0.0199654 0.152328 0.0664744 0.0491519 0.0132758 
3.82793e-11 0.867035 2.53994e-07 0.0744396 6.30079e-06 3.34099e-11 0.0585171 1.32034e-06 
0.0239895 0.577232 9.69994e-08 0.0274122 0.0935729 0.0157357 0.105456 0.156601 
0.00509554 0.742628 1.02114e-05 0.0747025 0.0260197 0.0293118 0.105326 0.0169063 
1.96403e-05 0.664608 4.31864e-09 0.0320193 0.0257164 9.14077e-07 0.0956356 0.182001 
0.0174955 0.749853 7.40673e-06 0.029086 0.112298 0.00029929 0.0559986 0.0349623 
0.00174387 0.625496 5.54942e-07 0.00888939 0.0201956 0.000601862 0.0348354 0.308237 
0.00226742 0.490628 0.000148763 0.304508 0.093388 3.205e-09 0.107572 0.00148743 
0.0120392 0.756736 0.000189243 0.0424213 0.100021 0.000301695 0.0873982 0.000894066 
0.07314 0.53634 1.04583e-08 0.282826 0.0306286 0.030553 0.0464531 5.84128e-05 
0.00857206 0.564967 0.00102145 0.0350409 0.0611106 0.00150741 0.0690686 0.258712 
0.0292561 0.864863 1.17949e-06 0.0010651 0.0124257 2.08005e-05 0.00998231 0.0823863 
0.07314 0.53634 1.04583e-08 0.282826 0.0306286 0.030553 0.0464531 5.84128e-05 
0.00143526 0.758005 1.82249e-08 0.024914 0.187009 2.88468e-08 0.02333 0.00530666 
0.00251541 0.818405 5.05404e-07 2.27016e-05 8.65862e-05 0.141892 0.0357429 0.00133461 
0.004247 0.323115 4.54009e-06 0.182756 0.206898 0.000249877 0.15666 0.12607 
9.72256e-05 0.591254 3.83823e-07 0.261397 0.082433 8.05875e-05 0.0330132 0.0317243 
0.00106709 0.918451 2.44572e-07 0.00108407 0.0207743 4.1863e-05 0.0319133 0.0266685 
0.00614237 0.422543 3.70113e-05 0.097572 0.143026 0.000230297 0.298463 0.0319861 
0.00819394 0.424937 4.84892e-07 0.394787 0.0420636 0.000648682 0.100615 0.028755 
0.000725536 0.859595 4.31386e-06 0.0257909 0.0814223 4.89729e-06 0.0324024 5.43822e-05 
0.00454168 0.837886 7.81448e-11 0.00445907 0.00907317 0.0286021 0.0647469 0.0506912 
5.87171e-05 0.883652 6.853e-08 0.00109808 0.030996 2.54804e-05 0.0486791 0.0354906 
2.58864e-05 0.730042 5.83321e-07 0.0260664 0.0475014 2.05416e-08 0.182565 0.0137982 
0.00275242 0.30229 4.24996e-05 0.0747232 0.272445 0.000233744 0.270045 0.077468 
0.00147643 0.6115 0.00117267 0.0825156 0.1109 2.68967e-05 0.0884302 0.103977 
0.0115761 0.580305 1.74447e-05 0.0113916 0.0945137 0.0560853 0.164899 0.0812115 
0.00361047 0.293659 7.16648e-05 0.0983963 0.146985 0.00394654 0.242116 0.211215 
0.00569559 0.532817 3.48788e-05 0.200372 0.140942 0.00127919 0.10802 0.0108389 
0.016473 0.636326 2.94741e-06 0.0538474 0.0992518 0.0186176 0.0617654 0.113715 
0.00314452 0.991233 1.72425e-07 0.00429831 0.00085704 6.12601e-08 0.000431794 3.54808e-05 
0.00125774 0.921865 3.51661e-09 0.000925687 0.0184215 4.21901e-05 0.0292152 0.0282727 
3.84821e-07 0.421209 1.33449e-06 0.000792165 0.199911 6.79053e-08 0.378074 1.12706e-05 
0.00124547 0.886414 3.71179e-07 0.00308981 0.0235654 2.68236e-05 0.0210793 0.064579 
0.0054122 0.535316 3.47067e-05 0.0374275 0.0338254 0.000504027 0.106598 0.280882 
0.0262851 0.412376 2.54999e-05 0.198526 0.176274 0.00668102 0.0634889 0.116344 
0.00125774 0.921865 3.51661e-09 0.000925687 0.0184215 4.21901e-05 0.0292152 0.0282727 
0.0153147 0.512964 0.000603249 0.0186337 0.133763 6.0294e-07 0.278077 0.0406434 
8.79628e-10 0.99898 2.1395e-11 4.73812e-05 0.000972548 7.60134e-12 4.24609e-07 4.39817e-12 
0.0189556 0.511438 6.16144e-07 0.0170285 0.0527371 5.81014e-06 0.375062 0.0247722 
0.00792848 0.720659 4.51962e-05 0.00674321 0.0548003 8.98731e-05 0.13318 0.0765544 
0.000728449 0.500316 3.27277e-06 0.00283552 0.0169196 3.99411e-05 0.324521 0.154637 
0.00663286 0.569266 0.00156484 0.0901693 0.1005 0.000396848 0.155063 0.076407 
0.112501 0.874323 7.3348e-06 0.00199771 0.000398927 2.60595e-06 0.0100786 0.000690985 
0.000823343 0.929556 6.33055e-09 0.00126406 0.0177677 2.76329e-05 0.0320551 0.0185061 
0.0124448 0.828494 2.55682e-06 0.0301091 0.0404404 0.000510673 0.061091 0.0269076 
0.000275706 0.548227 3.48923e-07 0.344617 0.0424631 2.08762e-05 0.0640207 0.000374684 
1.65218e-05 0.934206 6.96173e-10 0.0649898 8.09463e-05 6.92575e-06 0.000213257 0.000487012 
0.00459109 0.989019 5.26415e-05 7.55524e-05 0.00133002 9.18994e-05 0.00459024 0.000249689 
0.003033 0.929132 5.68747e-09 0.00180856 0.00109548 2.25042e-05 0.0155064 0.0494017 
0.000263786 0.952747 2.16708e-09 0.00323081 0.0171301 6.06723e-05 0.0223729 0.00419439 
0.028227 0.678216 1.32468e-05 0.0113556 0.0533191 0.00175756 0.0772477 0.149864 
0.0113507 0.849222 1.93859e-10 0.027378 0.0304723 3.45576e-05 0.0809447 0.000597469 
0.00130131 0.774245 2.58603e-08 0.00235563 0.0518381 0.000248915 0.0542624 0.115749 
0.00450421 0.763926 2.50854e-06 0.015352 0.164925 0.00098842 0.0337675 0.0165338 
0.000743536 0.363123 6.6923e-06 0.189665 0.205483 0.000323019 0.108775 0.13188 
0.0246958 0.423965 3.87644e-06 0.0581309 0.091075 0.00229099 0.389038 0.0108003 
0.0375282 0.55996 5.3646e-06 0.111565 0.0968632 0.0229464 0.0677555 0.103377 
0.00108725 0.678473 2.94372e-09 0.00945463 0.069579 0.164959 0.073915 0.00253225 
0.0310919 0.381392 1.26848e-05 0.0485536 0.227914 0.000187831 0.302112 0.00873618 
0.00447562 0.623715 7.57066e-08 0.0460632 0.00796486 5.11485e-06 0.295367 0.0224094 
0.000161004 0.557361 2.02965e-05 0.264722 0.127407 6.10791e-05 0.0325024 0.017765 
0.0164267 0.561242 7.8719e-11 0.0354147 0.132669 6.56049e-07 0.245357 0.00888976 
0.00063524 0.859747 1.48865e-07 0.0157813 0.0274458 0.000213516 0.0489189 0.0472584 
0.020937 0.525648 4.02069e-07 0.0190896 0.0803213 0.0144973 0.0424371 0.297069 
9.69343e-05 0.376199 2.48898e-12 0.00492138 0.227546 6.72014e-05 0.347631 0.0435385 
0.00669712 0.586018 2.08149e-07 0.282238 0.0367247 6.36156e-05 0.0821951 0.00606353 
0.106054 0.689643 2.94032e-09 0.0531267 0.00245849 0.000165668 0.00172886 0.146823 
0.00483374 0.321528 1.70661e-06 0.293919 0.0634927 0.00195699 0.0130867 0.301182 
0.000844882 0.633885 1.76098e-10 0.0288635 0.182678 5.31321e-06 0.132677 0.021045 
0.00172763 0.396081 0.000197563 0.337272 0.161342 3.55686e-06 0.0849673 0.0184094 
0.0720493 0.717789 0.000332491 0.0294913 0.0106829 0.0144946 0.143507 0.0116537 
0.000263786 0.952747 2.16708e-09 0.00323081 0.0171301 6.06723e-05 0.0223729 0.00419439 
0.0301278 0.565877 2.0767e-06 0.0939261 0.223614 2.07772e-06 0.0382405 0.0482107 
0.000163759 0.804168 8.3075e-11 0.00718163 0.016378 2.00835e-08 0.151514 0.0205946 
0.000333671 0.799754 0.00125619 0.02211 0.0469817 4.07743e-08 0.107284 0.0222805 
0.0115761 0.580305 1.74447e-05 0.0113916 0.0945137 0.0560853 0.164899 0.0812115 
0.341542 0.379911 3.63172e-06 0.018985 0.105962 0.00435097 0.123731 0.0255145 
0.0202988 0.433992 0.000939218 0.413327 0.0687635 0.00119214 0.0260987 0.0353882 
0.00554857 0.793323 0.00016574 0.00107608 0.027209 0.0168724 0.0524097 0.103396 
5.57021e-06 0.910087 1.33788e-06 0.00197809 0.00260644 1.61503e-08 0.00419221 0.0811292 
0.000158591 0.664119 6.59042e-08 0.000574524 0.0477879 3.73003e-07 0.249722 0.037638 
0.00195661 0.506116 8.13995e-08 0.150115 0.239067 6.59401e-11 0.0927054 0.0100403 
0.00811383 0.333406 1.36943e-09 0.0046308 0.320762 8.55699e-05 0.288312 0.0446893 
0.003114 0.903544 1.45057e-05 0.0110433 0.0467216 5.96778e-05 0.0182191 0.0172839 
0.0277849 0.38182 1.42364e-08 0.05658 0.294209 0.000399275 0.216175 0.0230317 
0.030342 0.400061 0.000108839 0.152702 0.247541 0.000397482 0.145759 0.0230885 
0.0137034 0.359127 2.29149e-06 0.183001 0.294365 0.00783465 0.135074 0.00689198 
0.000430597 0.449886 5.48593e-09 0.145879 0.356441 0.00307748 0.0433879 0.000898162 
0.0488526 0.881298 5.54292e-11 0.0277315 0.0214919 0.00140553 0.014445 0.00477503 
0.00119468 0.707224 1.50191e-09 0.0766576 0.19144 0.000283617 0.0164151 0.00678509 
0.00237993 0.697643 2.50389e-05 0.00970262 0.127257 0.00038178 0.0764435 0.0861675 
0.000793833 0.34356 2.19407e-10 0.0341629 0.025088 0.255805 0.34052 7.03943e-05 
0.0129614 0.521074 0.000151604 0.119361 0.176248 0.000275043 0.13896 0.0309687 
0.00591889 0.373527 0.000149563 0.185591 0.293306 0.0163192 0.107443 0.0177457 
0.00446671 0.377059 2.15509e-06 0.0414362 0.0547612 0.000167324 0.199716 0.322392 
0.0033591 0.514971 4.0517e-06 0.00885926 0.0658555 5.72583e-05 0.337865 0.069028 
0.00127924 0.458536 0.000974125 0.36148 0.0774862 5.83918e-05 0.0999953 0.000190334 
2.02418e-06 0.764645 3.29528e-11 0.0173235 0.0962238 1.06658e-06 0.118336 0.00346831 
0.0223171 0.390954 4.56461e-11 0.0568459 0.043245 0.0552247 0.0854403 0.345973 
0.000755314 0.37415 0.1781 0.0668585 0.16952 0.00124608 0.046523 0.162847 
0.0195149 0.954032 1.82143e-08 0.000999858 1.42647e-07 1.9071e-05 0.00145626 0.0239776 
2.83179e-05 0.523381 5.00905e-09 0.00202567 0.299283 2.32684e-06 0.123233 0.0520465 
0.0941705 0.438266 2.92002e-05 0.050992 0.0582117 1.63747e-05 0.35019 0.00812463 
0.00350237 0.792691 7.9128e-05 0.00501374 0.0390591 5.83734e-05 0.110719 0.0488772 
0.0175538 0.40235 7.05552e-07 0.113443 0.0918653 0.000677531 0.038519 0.335591 
0.00617396 0.69263 4.66111e-07 0.0199654 0.152328 0.0664744 0.0491519 0.0132758 
1.63841e-06 0.787821 2.14604e-05 0.0310295 0.13521 9.31827e-07 0.00977217 0.0361431 
0.000823343 0.929556 6.33055e-09 0.00126406 0.0177677 2.76329e-05 0.0320551 0.0185061 
0.000198535 0.546789 0.0242445 0.258206 0.0929426 0.00023399 0.071807 0.00557806 
0.00180533 0.778591 3.29036e-07 0.00458447 0.0328892 0.000294985 0.0542775 0.127557 
0.000889214 0.966429 2.27729e-07 0.000615979 0.00827247 1.15706e-05 0.0164221 0.00735907 
0.0732474 0.569961 2.789e-07 0.0704146 0.0385759 7.86819e-06 0.246409 0.00138421 
0.000853777 0.921674 2.12183e-07 0.00129374 0.0201462 3.50884e-05 0.033869 0.0221274 
0.0262424 0.642562 1.66512e-05 0.22557 0.0233639 4.11153e-07 0.0604256 0.0218186 
2.45427e-09 0.802915 1.84071e-06 0.0159775 0.0923191 9.79484e-06 0.0683775 0.0203992 
0.00810303 0.542434 4.40968e-05 0.03704 0.075079 0.000327412 0.297828 0.0391435 
0.00323063 0.684723 9.64966e-12 0.0805453 0.0855769 0.00105573 0.144107 0.000761353 
0.0010164 0.526931 3.8346e-07 0.0980394 0.183923 8.82801e-05 0.0964906 0.0935112 
0.00491703 0.65093 1.02206e-05 0.00440296 0.0692084 0.000426527 0.229875 0.0402294 
0.00191379 0.451576 1.24294e-06 0.186899 0.0494574 0.000121579 0.0510018 0.25903 
0.00376608 0.622614 7.72016e-05 0.0189908 0.0558982 0.000376363 0.285049 0.0132289 
0.00538281 0.514063 2.08399e-08 0.181221 0.144294 0.02832 0.121101 0.00561788 
0.0102 0.929525 2.00614e-08 0.00101542 0.00266108 1.08441e-05 0.0464682 0.0101198 
0.0128307 0.629927 0.000698361 0.0402064 0.0812622 0.00380589 0.103422 0.127848 
0.00127737 0.764975 4.34616e-06 0.0476544 0.113284 6.68996e-08 0.035453 0.0373516 
0.00146228 0.363209 5.42279e-05 0.346769 0.134673 6.70195e-05 0.149372 0.00439354 
0.000186524 0.5764 5.083e-05 0.234756 0.0764263 0.000100993 0.072527 0.0395521 
0.000263786 0.952747 2.16708e-09 0.00323081 0.0171301 6.06723e-05 0.0223729 0.00419439 
0.000116736 0.873642 2.26477e-05 0.0878086 0.0167007 1.22417e-06 0.0107525 0.0109552 
0.00124111 0.508034 6.64657e-08 0.410901 0.00552415 9.37708e-06 0.0739995 0.000291044 
0.000432181 0.463032 2.19268e-06 0.0414244 0.241476 4.25294e-05 0.224746 0.0288449 
0.000404233 0.824304 3.93165e-11 0.00949784 0.0573331 1.64397e-05 0.104633 0.00381111 
0.0306595 0.730108 0.000401374 0.0277179 0.0736074 7.10286e-05 0.0875847 0.0498499 
0.00240174 0.859816 2.73199e-07 0.00841323 0.109802 0.000138227 0.016237 0.00319094 
0.0010703 0.878621 4.41132e-07 0.00169327 0.0282782 3.2176e-05 0.0221698 0.0681348 
0.000251425 0.720623 9.00026e-06 0.0212639 0.0688066 2.50301e-06 0.14903 0.0400135 
0.0273589 0.74272 0.000330287 0.0157438 0.00651466 2.26062e-06 0.0628363 0.144494 
0.00698982 0.636607 5.29254e-05 0.0580206 0.0699246 0.000170459 0.225973 0.00226089 
6.80669e-10 0.700642 3.20399e-06 0.284034 0.00812184 1.18986e-06 0.0071982 2.29307e-07 
0.0373918 0.510041 0.0008846 0.0513822 0.0617183 0.00244278 0.304474 0.0316649 
0.00010215 0.753686 3.89245e-06 0.0427515 0.110314 0.000200794 0.00968525 0.083257 
0.160355 0.316627 6.49345e-06 0.0244443 0.17492 8.49508e-06 0.311715 0.0119241 
