0.00567956 0.0341528 5.42687e-08 0.000656158 0.0263806 0.000110684 0.0274829 0.905537 
6.41814e-05 0.0101133 3.37756e-09 0.000825091 0.629429 2.96699e-06 0.358453 0.00111198 
0.00178873 0.0346365 3.99972e-07 0.0378013 0.92398 2.54988e-05 0.0016221 0.000145646 
0.0054569 0.0933349 9.53333e-06 0.0130488 0.295181 6.21271e-05 0.574026 0.0188802 
0.665163 0.0323943 5.17431e-09 0.235127 0.0182688 0.000432181 0.0485858 2.85717e-05 
0.000357322 0.000395557 2.30515e-07 0.000719526 0.00691468 0.988229 0.00334158 4.17207e-05 
0.000404027 0.484259 3.7086e-08 0.0587597 0.00346356 0.0190116 0.0610183 0.373084 
2.15134e-05 0.00123133 1.065e-08 0.193139 0.0414745 6.00498e-06 0.764125 2.4061e-06 
0.977049 0.00075659 2.98924e-06 0.00495028 0.00842373 0.000683923 0.00141158 0.00672224 
0.132006 0.165677 6.10009e-06 0.599889 0.0782833 0.00591179 0.0176173 0.000609811 
0.00823038 0.038019 1.46266e-05 0.012618 0.713403 0.0337162 0.185362 0.00863708 
0.0166047 0.117802 1.48508e-05 0.0303452 0.479932 0.0135321 0.336842 0.0049271 
0.000357322 0.000395557 2.30515e-07 0.000719526 0.00691468 0.988229 0.00334158 4.17207e-05 
0.680935 0.0199214 1.71178e-05 0.098549 0.144617 0.00158958 0.0198251 0.034546 
0.000526712 0.0295769 0.000163463 0.0154908 0.0580114 0.000297989 0.724838 0.171095 
0.00176191 0.032564 1.95927e-06 0.0180796 0.697372 0.000102798 0.157696 0.0924218 
0.0421973 0.649415 2.6963e-05 0.0129416 0.0483629 0.00301392 0.0999842 0.144059 
0.0152423 0.0310018 0.00179398 0.173544 0.475126 0.00220525 0.280702 0.0203852 
0.0293085 0.00539904 1.0927e-05 0.047396 0.082542 0.000179942 0.833334 0.00182947 
0.0216522 0.132268 5.50352e-05 0.0197328 0.273701 0.000786373 0.54643 0.0053745 
0.977049 0.00075659 2.98924e-06 0.00495028 0.00842373 0.000683923 0.00141158 0.00672224 
0.0014048 0.688717 1.56089e-09 0.004203 0.0196679 0.00491298 0.0283883 0.252706 
0.0156324 0.064299 0.00102481 0.0113815 0.25493 0.00719261 0.640164 0.00537548 
0.000357322 0.000395557 2.30515e-07 0.000719526 0.00691468 0.988229 0.00334158 4.17207e-05 
0.00772622 0.134377 2.30159e-06 0.00692455 0.359175 0.000101184 0.475836 0.0158572 
0.000357322 0.000395557 2.30515e-07 0.000719526 0.00691468 0.988229 0.00334158 4.17207e-05 
0.0269956 0.0273884 3.47595e-08 0.0257279 0.403257 0.0113428 0.500111 0.00517733 
0.00426801 0.133692 0.00146563 0.0612167 0.481924 0.00209898 0.29477 0.0205648 
0.383348 0.155912 4.97676e-06 0.0866622 0.0771569 0.202226 0.0503891 0.044301 
0.00496717 0.0426922 2.75994e-06 0.0112621 0.596352 5.87108e-05 0.343577 0.00108733 
0.0130365 0.246373 5.12606e-07 0.00898544 0.0770079 0.0001014 0.654209 0.000286082 
0.0103652 0.749748 1.58496e-07 0.0504151 0.0839287 0.000283368 0.103649 0.00161006 
0.00151668 0.0263782 2.83315e-05 0.0112004 0.582059 0.000428458 0.376023 0.00236599 
0.00308262 0.139944 2.8572e-08 0.714107 0.120916 7.40048e-06 0.0163909 0.00555182 
0.00739239 0.0544733 6.54889e-05 0.36673 0.504995 0.000290398 0.0349073 0.0311455 
0.0306506 0.0641104 0.000247934 0.513695 0.111261 0.00125739 0.0930087 0.185769 
0.00187909 0.0266294 4.78776e-06 0.00820487 0.831264 0.00908906 0.122114 0.000814501 
0.000414159 0.340304 2.10783e-05 0.569185 0.02014 0.00399977 0.00292137 0.0630154 
0.000357322 0.000395557 2.30515e-07 0.000719526 0.00691468 0.988229 0.00334158 4.17207e-05 
0.000585405 0.976499 1.3772e-08 0.00473132 0.00177082 3.74296e-06 0.00501575 0.0113942 
0.000626478 0.084314 1.1018e-05 0.0144998 0.674546 1.75644e-05 0.195123 0.0308626 
0.0128132 0.0216038 1.82244e-05 0.095155 0.762003 2.17707e-05 0.107989 0.000396357 
7.27082e-06 0.284364 7.26756e-06 0.493775 0.0167345 7.27111e-06 0.205097 7.27194e-06 
0.516737 0.162689 1.6574e-09 0.0112482 0.107344 2.98316e-06 0.117705 0.0842754 
0.000357322 0.000395557 2.30515e-07 0.000719526 0.00691468 0.988229 0.00334158 4.17207e-05 
0.000357322 0.000395557 2.30515e-07 0.000719526 0.00691468 0.988229 0.00334158 4.17207e-05 
0.754307 0.020365 2.67159e-07 0.000216658 0.0474447 0.0029911 0.174359 0.000315785 
0.00468787 0.028495 6.0339e-06 0.0206395 0.758802 0.0325271 0.153843 0.000999402 
0.0180088 0.0283087 1.5461e-05 0.00337107 0.219114 0.000747197 0.728614 0.00181994 
0.00548621 0.000545523 5.22005e-07 0.0567203 0.881031 0.00333491 0.0526933 0.000187725 
0.00229683 0.96006 7.8822e-07 0.00268955 0.00118881 3.62544e-05 0.0297636 0.00396411 
0.000171273 0.0332483 7.88681e-09 0.118523 0.811721 3.9615e-05 0.0349515 0.0013452 
0.986186 0.00444715 5.31364e-07 0.00413873 0.00227336 4.66539e-05 0.00226496 0.000642507 
0.00123101 0.442739 0.000106662 0.0430072 0.0322557 0.000127114 0.358688 0.121845 
0.986186 0.00444715 5.31364e-07 0.00413873 0.00227336 4.66539e-05 0.00226496 0.000642507 
0.000480954 0.883885 1.90133e-07 0.00518179 0.0861626 0.00015013 0.011025 0.0131147 
0.0087806 0.0010868 1.63113e-05 0.0107719 0.0672519 8.98255e-05 0.911059 0.000943878 
0.0506672 0.198488 1.75842e-06 0.108563 0.275567 1.75928e-06 0.305479 0.0612317 
0.0112457 0.0364665 8.10385e-05 0.0160527 0.0762084 0.0125195 0.686458 0.160968 
0.000357322 0.000395557 2.30515e-07 0.000719526 0.00691468 0.988229 0.00334158 4.17207e-05 
0.0114608 0.00628948 0.00102313 0.185967 0.551388 0.0285533 0.204631 0.0106885 
2.25614e-05 0.580574 8.41372e-07 0.0192932 0.0134534 0.00020654 0.000678067 0.385771 
0.00621446 0.0933658 1.66882e-05 0.437306 0.425426 0.0105234 0.0217182 0.00542901 
0.154825 0.094636 1.34162e-06 0.0993893 0.158006 0.0184243 0.472667 0.00205086 
0.000357322 0.000395557 2.30515e-07 0.000719526 0.00691468 0.988229 0.00334158 4.17207e-05 
0.0245558 0.122156 2.1623e-05 0.0401098 0.218392 0.00333785 0.550758 0.0406683 
0.00438899 0.234967 0.000253432 0.11106 0.156119 0.00739994 0.484134 0.00167802 
0.00097053 0.253289 3.12923e-09 0.00504264 0.439771 8.63921e-05 0.300162 0.00067947 
0.00256433 0.622199 1.64658e-06 0.014659 0.10282 0.000284683 0.018577 0.238894 
0.00178873 0.0346365 3.99972e-07 0.0378013 0.92398 2.54988e-05 0.0016221 0.000145646 
0.000151421 0.0578314 4.04952e-06 0.0241254 0.874069 2.08267e-05 0.0383034 0.00549449 
0.00368823 0.302341 2.81965e-09 0.00206322 0.0314265 8.14972e-08 0.0935176 0.566963 
0.106518 0.00596548 3.11227e-05 0.859387 0.00805407 0.00145663 0.0183693 0.000218941 
0.00212763 4.97848e-05 2.23376e-06 0.00919847 0.962848 0.0158892 0.00940352 0.000481025 
0.00404696 0.0515619 1.28027e-07 0.0037258 0.509034 8.52253e-05 0.389754 0.0417916 
0.000357322 0.000395557 2.30515e-07 0.000719526 0.00691468 0.988229 0.00334158 4.17207e-05 
0.00562343 0.37627 2.068e-07 0.0231767 0.388004 7.55216e-05 0.206017 0.000833447 
0.0721494 0.0483221 1.44873e-06 0.0589287 0.514177 0.000448076 0.286826 0.0191464 
0.00248584 0.535445 6.11095e-05 0.259485 0.0445361 0.000187883 0.0227562 0.135043 
0.0285492 0.0059892 5.42298e-06 0.0153452 0.865181 0.0154541 0.0653777 0.00409811 
0.180141 0.18177 3.37807e-08 0.180336 0.337326 0.000362521 0.064013 0.0560518 
0.780078 0.0178224 2.09459e-09 0.0231569 0.111258 1.52449e-05 0.0660749 0.00159481 
0.013289 0.281054 5.00146e-05 0.297651 0.170861 0.000421514 0.193437 0.0432355 
0.00798554 0.0152994 0.00121178 0.47441 0.283806 0.0297132 0.179399 0.0081754 
0.023876 0.0718977 1.27615e-06 0.562361 0.22157 0.0176207 0.0665356 0.036138 
0.0868054 0.215236 0.000274727 0.173086 0.123022 0.0297142 0.365337 0.0065245 
0.0001149 0.167814 7.21142e-06 0.000636025 0.0141033 7.71857e-05 0.0270358 0.790211 
0.0001149 0.167814 7.21142e-06 0.000636025 0.0141033 7.71857e-05 0.0270358 0.790211 
6.60249e-05 0.00237544 2.96171e-08 0.0467382 0.882579 4.44927e-05 0.0681838 1.30658e-05 
0.00415358 0.0244272 4.41721e-05 0.0151364 0.786937 0.000399551 0.155308 0.0135945 
0.00318794 0.0717665 6.61435e-08 0.0081327 0.511345 0.000377629 0.368442 0.0367479 
0.906522 0.0130205 3.49386e-07 0.00602761 0.0384675 0.00103515 0.00574053 0.0291859 
0.0114963 0.0412853 2.74572e-05 0.0888975 0.126676 0.000246275 0.726081 0.00529063 
0.00411691 0.00708612 5.28812e-08 0.00110277 0.030227 0.000116385 0.951726 0.00562482 
0.998625 0.000665998 8.24049e-10 4.64885e-05 7.76292e-05 0.000124997 0.000235285 0.000224763 
0.0100574 0.137631 0.000308229 0.189564 0.0924951 0.0319478 0.498485 0.0395111 
0.00171833 0.00560112 8.03592e-06 0.675056 0.169147 0.000301896 0.148134 3.32829e-05 
0.0229798 7.92863e-05 4.18876e-06 0.95942 0.0125327 1.71015e-05 0.00496087 6.33754e-06 
0.0113356 0.632708 2.33209e-09 0.329306 0.0155723 0.000630812 0.00665113 0.00379649 
0.000357322 0.000395557 2.30515e-07 0.000719526 0.00691468 0.988229 0.00334158 4.17207e-05 
0.000906358 0.397647 5.91158e-05 0.0600026 0.295317 7.17362e-05 0.236617 0.00937935 
0.019931 0.0575325 6.29431e-05 0.0303229 0.415428 0.00430384 0.445142 0.0272771 
0.00057061 0.0026616 9.31597e-09 0.00191534 0.188701 1.08715e-08 0.806117 3.43775e-05 
0.552736 0.0320206 7.00056e-07 0.00264973 0.0492301 0.0192248 0.326392 0.0177468 
0.0186628 0.00774993 1.24769e-05 0.00701957 0.0689229 0.00128332 0.871115 0.025234 
0.00990332 0.114466 4.58414e-07 0.00593433 0.0265179 5.4156e-05 0.0246247 0.818499 
0.870074 0.0150624 0.00024016 0.0594912 0.0223935 0.00319128 0.0283488 0.00119851 
0.00179005 0.00645119 0.000294815 0.481718 0.0370356 0.451171 0.0132628 0.00827703 
0.468343 0.0270232 3.88091e-07 0.000323062 0.068206 0.0019561 0.428509 0.00563927 
5.96784e-05 0.0735283 1.77402e-08 0.0232257 0.706744 0.000265344 0.158321 0.0378556 
0.616842 0.00614906 0.00439667 0.13841 0.0329144 0.191309 0.00500235 0.00497638 
0.0165192 0.0320845 1.64062e-07 0.0067771 0.216571 0.00199721 0.710126 0.0159254 
0.000357322 0.000395557 2.30515e-07 0.000719526 0.00691468 0.988229 0.00334158 4.17207e-05 
0.999444 2.84831e-05 1.75837e-12 9.91796e-05 0.000100159 5.93212e-05 2.31e-05 0.000245483 
0.114916 0.301283 2.37179e-05 0.0096059 0.200171 0.00983669 0.0627243 0.30144 
0.00387762 0.041853 0.000473592 0.00916134 0.683795 0.000836527 0.248399 0.0116035 
0.616842 0.00614906 0.00439667 0.13841 0.0329144 0.191309 0.00500235 0.00497638 
0.000357322 0.000395557 2.30515e-07 0.000719526 0.00691468 0.988229 0.00334158 4.17207e-05 
0.0222394 0.0801082 0.000399223 0.26592 0.158698 0.0101677 0.431504 0.0309634 
0.000357322 0.000395557 2.30515e-07 0.000719526 0.00691468 0.988229 0.00334158 4.17207e-05 
0.000357322 0.000395557 2.30515e-07 0.000719526 0.00691468 0.988229 0.00334158 4.17207e-05 
0.151262 0.0959584 3.68676e-05 0.748906 3.68937e-05 3.68856e-05 0.00372627 3.68898e-05 
0.0820112 0.0449681 1.98453e-05 0.0266839 0.0728301 0.634691 0.0672726 0.0715233 
0.000301358 0.472902 1.45142e-10 0.151481 0.281629 0.000451811 0.0729924 0.0202426 
0.000357322 0.000395557 2.30515e-07 0.000719526 0.00691468 0.988229 0.00334158 4.17207e-05 
0.00494415 0.00221407 1.6239e-08 0.000435421 0.0944124 5.89315e-05 0.897915 1.99222e-05 
0.302149 0.0423932 9.45711e-05 0.122165 0.181355 0.0310414 0.298289 0.0225127 
0.00297038 0.0104588 6.55471e-08 0.0007724 0.27117 2.63281e-05 0.714171 0.000431183 
0.00780007 0.0358353 2.97811e-05 0.0139317 0.390082 3.784e-05 0.540172 0.0121113 
0.000357322 0.000395557 2.30515e-07 0.000719526 0.00691468 0.988229 0.00334158 4.17207e-05 
0.448253 0.0813671 0.000156901 0.0576759 0.256183 0.0146956 0.105021 0.0366483 
0.005495 0.0639549 6.61057e-09 0.335256 0.315536 5.89488e-05 0.236349 0.0433508 
0.000357322 0.000395557 2.30515e-07 0.000719526 0.00691468 0.988229 0.00334158 4.17207e-05 
0.000360923 0.422558 1.20987e-09 0.00455499 0.56443 0.000197669 0.00545852 0.00243986 
2.03003e-05 0.000719405 7.46201e-12 0.997516 1.18108e-08 0.000482477 1.66826e-05 0.00124534 
0.00162862 0.0993533 2.25229e-06 0.36503 0.32513 0.00231697 0.175198 0.0313419 
0.000357322 0.000395557 2.30515e-07 0.000719526 0.00691468 0.988229 0.00334158 4.17207e-05 
0.237023 0.0264612 0.000118053 0.0684142 0.0487409 0.60929 0.00897137 0.000980882 
0.0127165 0.203653 6.1128e-05 0.0278852 0.264414 0.000501468 0.461682 0.0290868 
0.0456534 0.0357565 0.00158515 0.58408 0.21965 0.0071149 0.0922262 0.0139338 
0.000357322 0.000395557 2.30515e-07 0.000719526 0.00691468 0.988229 0.00334158 4.17207e-05 
0.00609355 0.237079 0.000196025 0.258854 0.251524 0.00285891 0.239836 0.00355878 
0.011624 0.526927 6.6117e-05 0.0337148 0.133034 0.000138637 0.292243 0.0022532 
0.401232 0.0546293 6.81284e-06 0.00914002 0.169083 0.000828055 0.314513 0.0505674 
0.616842 0.00614906 0.00439667 0.13841 0.0329144 0.191309 0.00500235 0.00497638 
0.406554 0.00440243 1.98512e-06 0.460653 0.126782 0.000231496 0.00132646 4.87011e-05 
0.000663285 0.786924 5.01199e-06 0.0315441 0.0488326 0.000119949 0.112651 0.0192593 
0.820182 0.0219879 7.39214e-06 0.00189841 0.0507384 0.00103138 0.102092 0.00206222 
0.977049 0.00075659 2.98924e-06 0.00495028 0.00842373 0.000683923 0.00141158 0.00672224 
0.000357322 0.000395557 2.30515e-07 0.000719526 0.00691468 0.988229 0.00334158 4.17207e-05 
0.00215224 0.0138002 4.15425e-05 0.862435 0.0649681 0.000669786 0.0320999 0.023833 
1.45208e-07 0.286998 1.22964e-10 0.675633 0.0249057 1.70424e-07 0.0124625 5.31084e-08 
0.000357322 0.000395557 2.30515e-07 0.000719526 0.00691468 0.988229 0.00334158 4.17207e-05 
0.107656 0.0131285 0.000180526 0.500975 0.288884 0.0285159 0.0336228 0.0270372 
0.0101811 0.0153441 0.00112533 0.123621 0.220881 0.39734 0.228092 0.00341498 
0.148215 0.119288 5.35282e-05 0.237989 0.108576 8.32107e-05 0.382892 0.00290248 
0.00328258 0.0489773 4.56264e-05 0.00876484 0.153931 0.00368516 0.757291 0.0240224 
0.00153238 0.000260731 1.15224e-06 0.0065669 0.919069 0.000285151 0.0720511 0.00023395 
0.100097 0.0389037 0.000225714 0.0532266 0.48168 0.00141628 0.317726 0.00672576 
0.00267797 0.188602 2.9412e-06 0.572334 0.0914088 0.00324346 0.0392216 0.102509 
0.016106 0.012939 2.27863e-07 0.0243934 0.883695 0.0104874 0.0453412 0.00703758 
0.00203211 4.13371e-05 1.04619e-06 0.00622487 0.39037 0.0126694 0.588642 1.90112e-05 
0.000538897 0.213127 1.57506e-06 0.0937513 0.629064 1.47013e-05 0.0591616 0.0043406 
0.00978346 0.622086 2.47539e-05 0.0380621 0.0859897 0.000182505 0.149663 0.0942091 
0.00839145 0.202647 3.8548e-05 0.105767 0.368974 0.00399164 0.29161 0.0185793 
0.0015889 0.0100441 9.35313e-13 0.0162338 0.93221 1.92768e-09 0.0398001 0.00012322 
0.000208448 0.0139818 2.95077e-09 0.663363 0.114284 1.95147e-06 0.208136 2.49272e-05 
0.0001439 0.186743 5.80375e-07 0.000353115 0.0188036 3.56757e-06 0.694285 0.0996669 
0.414483 0.186254 7.28756e-05 0.262075 0.0780674 0.000816266 0.0143358 0.0438951 
0.00251016 0.760659 6.89004e-10 0.00634793 0.170151 0.00114245 0.0340601 0.0251297 
0.0282291 0.0538149 1.01156e-05 0.0285873 0.472536 0.00353643 0.409847 0.00343946 
0.00598838 0.0471433 1.13687e-07 0.0461946 0.548617 0.0251296 0.259843 0.0670847 
0.00015847 0.00160465 7.10481e-10 0.737461 0.210879 0.000205328 0.0496889 3.02664e-06 
0.0888068 0.0894168 8.2509e-06 0.00228049 0.0476196 0.000436516 0.738171 0.0332601 
0.0715864 0.145739 7.87844e-06 0.69323 0.049982 0.000569435 0.0371271 0.00175877 
0.0304641 0.0523238 1.69879e-05 0.0436387 0.692482 0.0099227 0.140318 0.0308337 
0.000357322 0.000395557 2.30515e-07 0.000719526 0.00691468 0.988229 0.00334158 4.17207e-05 
0.00829798 0.213198 1.02268e-06 0.0169025 0.412846 0.0251724 0.288994 0.0345884 
0.00154042 0.531621 1.52827e-05 0.0027677 0.00115842 3.28342e-05 0.165875 0.29699 
0.000357322 0.000395557 2.30515e-07 0.000719526 0.00691468 0.988229 0.00334158 4.17207e-05 
0.191593 0.074109 8.37989e-06 0.105086 0.162722 0.000361615 0.463826 0.002294 
0.0296792 0.0157227 3.4083e-05 0.164119 0.470237 0.000315768 0.309389 0.0105033 
0.000784276 0.562222 1.44246e-08 0.009748 0.11562 0.000290693 0.311251 8.35707e-05 
0.00861492 0.0347628 4.27271e-06 0.00234621 0.129532 0.000169269 0.820376 0.00419479 
0.00284757 0.012505 0.00012587 0.0187979 0.225795 0.00134287 0.735379 0.00320589 
0.00368009 0.47252 1.08069e-05 0.160001 0.205996 0.00039383 0.0952224 0.0621759 
0.0113639 0.00778142 0.000396518 0.0924014 0.792549 0.00898623 0.0724385 0.0140831 
0.0167897 0.508916 1.02274e-05 0.0650435 0.16349 0.00774237 0.181554 0.0564539 
0.000360923 0.422558 1.20987e-09 0.00455499 0.56443 0.000197669 0.00545852 0.00243986 
0.616842 0.00614906 0.00439667 0.13841 0.0329144 0.191309 0.00500235 0.00497638 
0.00804278 0.0414405 9.1509e-10 0.0471214 0.730409 0.00547146 0.134677 0.0328382 
0.000357322 0.000395557 2.30515e-07 0.000719526 0.00691468 0.988229 0.00334158 4.17207e-05 
0.000357322 0.000395557 2.30515e-07 0.000719526 0.00691468 0.988229 0.00334158 4.17207e-05 
0.906522 0.0130205 3.49386e-07 0.00602761 0.0384675 0.00103515 0.00574053 0.0291859 
0.0574404 0.228591 8.17092e-05 0.033457 0.54925 0.000945625 0.114529 0.0157052 
0.00138858 0.113895 4.63137e-05 0.835967 0.0282204 0.000300227 0.0133463 0.00683642 
0.00102813 0.0577535 9.63241e-07 0.00537039 0.552233 2.26015e-06 0.331848 0.0517634 
0.00396621 0.0540346 0.00261691 0.277836 0.55839 0.00623315 0.0783448 0.018578 
0.942789 0.00994284 2.54968e-08 0.0120047 0.0167668 0.000455255 0.00911148 0.00893021 
0.011983 0.0421032 5.99648e-12 0.000663747 0.0497115 0.00149213 0.893876 0.000170002 
0.040758 0.0273001 0.000172068 0.249069 0.188682 0.00349967 0.0556617 0.434858 
0.592923 0.0948876 7.76292e-09 0.120299 0.0124357 0.133396 0.0019948 0.044063 
0.0252476 0.201448 7.03549e-06 0.0719312 0.290921 0.00044218 0.374883 0.0351204 
0.217208 0.00771842 1.32659e-07 0.00180558 0.289224 0.00138503 0.459222 0.023437 
0.00168575 0.0729057 0.00056408 0.0535114 0.134472 0.00107904 0.697577 0.0382044 
0.00545834 0.572437 3.98911e-07 0.00303563 0.023901 1.89601e-05 0.216996 0.178153 
0.000532915 0.574016 2.86773e-09 0.0179276 0.0683299 2.65128e-06 0.338909 0.000281712 
0.000357322 0.000395557 2.30515e-07 0.000719526 0.00691468 0.988229 0.00334158 4.17207e-05 
0.00980828 0.0362411 9.88722e-11 0.00906759 0.852848 0.000192704 0.0912578 0.00058408 
0.709876 0.045379 1.24106e-05 0.113492 0.0902421 0.000443017 0.0204971 0.0200587 
0.0570996 0.458677 9.24222e-05 0.367537 0.0924555 0.000174875 0.0208202 0.00314392 
0.000357322 0.000395557 2.30515e-07 0.000719526 0.00691468 0.988229 0.00334158 4.17207e-05 
0.0287432 0.116933 0.000398009 0.050071 0.489597 0.00124112 0.291627 0.0213892 
0.00272626 0.108561 4.69038e-06 0.364894 0.184911 0.000191561 0.295206 0.0435048 
0.000357322 0.000395557 2.30515e-07 0.000719526 0.00691468 0.988229 0.00334158 4.17207e-05 
0.00722408 0.0215883 8.22755e-05 0.240575 0.649394 0.000199412 0.0778614 0.00307526 
0.000357322 0.000395557 2.30515e-07 0.000719526 0.00691468 0.988229 0.00334158 4.17207e-05 
0.000739086 0.0318004 3.9469e-06 0.00590625 0.762993 1.07682e-05 0.193389 0.00515697 
0.000357322 0.000395557 2.30515e-07 0.000719526 0.00691468 0.988229 0.00334158 4.17207e-05 
0.000357322 0.000395557 2.30515e-07 0.000719526 0.00691468 0.988229 0.00334158 4.17207e-05 
0.00772944 0.108749 2.67898e-08 0.210766 0.00574581 0.465925 0.199795 0.00128897 
0.0315307 0.019294 0.000554317 0.710564 0.0613084 0.0574399 0.11874 0.000568535 
0.013503 0.0378387 1.34888e-05 0.0747728 0.661132 0.00378106 0.20017 0.00878833 
0.0745534 0.3305 6.78328e-07 0.0167936 0.192889 0.0179016 0.103743 0.263619 
0.000357322 0.000395557 2.30515e-07 0.000719526 0.00691468 0.988229 0.00334158 4.17207e-05 
0.00300361 0.282206 1.29456e-06 0.0507002 0.463952 0.000398781 0.17444 0.0252983 
0.0970125 0.112589 1.86342e-07 0.103655 0.392309 0.204745 0.0876371 0.00205222 
0.00304476 0.735448 2.10135e-05 0.0670496 0.0768805 0.000326865 0.0977013 0.0195278 
0.000511411 0.030641 1.42277e-05 0.029359 0.52104 0.000177731 0.416376 0.0018812 
0.0342642 0.0963577 0.000541377 0.368641 0.136992 0.315114 0.0375611 0.0105296 
0.222327 0.0109886 2.69406e-07 0.000218651 0.0483128 0.000133929 0.653554 0.0644646 
0.000109782 0.0959901 7.61816e-08 0.00548741 0.272209 3.64362e-05 0.620365 0.00580214 
0.00113374 0.150926 6.35496e-06 0.00496945 0.282409 0.00010181 0.554594 0.00585975 
0.0922395 0.492538 5.63067e-05 0.0383594 0.173675 0.000247039 0.200778 0.00210606 
0.00642166 0.0267689 1.61713e-05 0.0161144 0.531635 0.000319326 0.406776 0.0119483 
0.0165452 0.454642 0.00196181 0.0241901 0.111277 0.0257346 0.351085 0.0145639 
0.00780042 0.320027 1.97347e-06 0.273959 0.164026 2.18305e-05 0.192447 0.0417161 
0.000357322 0.000395557 2.30515e-07 0.000719526 0.00691468 0.988229 0.00334158 4.17207e-05 
0.00534057 0.0492365 0.000313101 0.136734 0.0449309 0.000451646 0.697506 0.065487 
0.000357322 0.000395557 2.30515e-07 0.000719526 0.00691468 0.988229 0.00334158 4.17207e-05 
0.00861031 0.0393537 1.67634e-05 0.00785917 0.201663 0.000168773 0.736937 0.00539195 
0.00374801 0.0870422 8.33404e-05 0.0413829 0.655671 0.00160507 0.192955 0.0175123 
0.000357322 0.000395557 2.30515e-07 0.000719526 0.00691468 0.988229 0.00334158 4.17207e-05 
0.00978473 0.0724438 1.82371e-11 0.359802 0.110663 0.399956 0.00690417 0.0404463 
0.454676 0.0500772 2.57299e-05 0.0433208 0.122647 0.000798749 0.184712 0.143742 
0.253874 0.0457678 9.31537e-07 0.00606451 0.312774 0.0223898 0.34008 0.0190479 
0.000357322 0.000395557 2.30515e-07 0.000719526 0.00691468 0.988229 0.00334158 4.17207e-05 
0.000885641 0.0576242 2.28239e-12 0.012125 0.533068 3.71086e-05 0.395887 0.000372884 
7.23722e-08 3.88879e-06 1.29072e-08 7.43741e-07 0.00431365 6.49966e-08 0.995679 2.96686e-06 
0.0103024 0.102058 2.84903e-05 0.0605514 0.175602 0.0169185 0.572677 0.0618619 
0.0185983 0.0713309 1.40815e-05 0.645294 0.193895 0.0139716 0.0419154 0.0149805 
0.688496 0.0095599 1.9532e-06 0.0129724 0.132493 0.0526397 0.102757 0.00107998 
0.0064839 0.0688036 1.52954e-12 0.00114475 0.70171 0.000896907 0.202492 0.0184693 
0.00808902 0.0952737 4.4914e-06 0.492061 0.212899 1.84406e-05 0.171677 0.0199779 
0.0028636 0.0277348 1.3187e-07 0.00206584 0.043114 4.81662e-05 0.916628 0.00754511 
0.00171136 0.000796659 5.92189e-09 0.000116644 0.168332 6.91185e-09 0.82894 0.000103081 
0.0247643 0.510389 0.00093247 0.0933272 0.103925 0.0106451 0.131592 0.124424 
0.0339624 0.0144752 3.26542e-06 0.00238538 0.0265718 0.039036 0.882937 0.000628717 
0.0149628 0.055822 1.10045e-07 0.753375 0.0882172 0.00118244 0.0840951 0.00234509 
0.114166 0.0538811 4.07305e-06 0.0357813 0.69906 0.0187828 0.0594976 0.0188276 
0.000305471 0.329721 5.59228e-06 0.436996 0.028637 0.000768546 0.00760014 0.195967 
0.0198207 0.0434682 7.20047e-06 0.116324 0.118548 0.00105622 0.689242 0.0115337 
0.00274778 0.275792 6.02492e-05 0.380369 0.107199 0.000982657 0.161035 0.0718142 
0.0192748 0.187179 2.19022e-05 0.0533037 0.0614773 0.00691375 0.309783 0.362046 
0.0671361 0.0615245 4.92566e-06 0.184995 0.296375 0.0565718 0.305321 0.0280712 
0.00617098 0.0481045 7.08365e-06 0.00446606 0.72187 0.000611819 0.211686 0.00708321 
0.0247675 0.0507538 0.000274308 0.815214 0.0560926 0.000437981 0.0317663 0.0206939 
0.00134616 0.0870739 1.77215e-05 0.040605 0.345389 0.000957029 0.511507 0.0131042 
0.499927 0.0113749 1.77294e-06 0.00908537 0.264004 0.00558444 0.209749 0.000273473 
0.000563491 0.0526016 2.8747e-05 0.39563 0.491662 0.000178131 0.0578091 0.00152646 
0.00282027 0.417118 7.47186e-05 0.104485 0.200234 0.000124143 0.259278 0.0158659 
0.0349715 0.0613782 1.2999e-05 0.0261702 0.453492 0.0199511 0.363005 0.0410192 
0.000233223 0.0067219 8.49163e-07 0.00338636 0.857841 2.27061e-06 0.124933 0.00688232 
0.222327 0.0109886 2.69406e-07 0.000218651 0.0483128 0.000133929 0.653554 0.0644646 
0.0131225 0.23091 9.12496e-09 0.0619224 0.0223613 9.99914e-07 0.668819 0.00286392 
0.000719079 0.0512048 2.37628e-06 0.0094187 0.130084 0.000115026 0.715579 0.0928773 
0.0186628 0.00774993 1.24769e-05 0.00701957 0.0689229 0.00128332 0.871115 0.025234 
0.000357322 0.000395557 2.30515e-07 0.000719526 0.00691468 0.988229 0.00334158 4.17207e-05 
0.0318411 0.0337394 0.000707163 0.0709646 0.612636 0.0112785 0.23649 0.00234344 
2.03003e-05 0.000719405 7.46201e-12 0.997516 1.18108e-08 0.000482477 1.66826e-05 0.00124534 
0.516737 0.162689 1.6574e-09 0.0112482 0.107344 2.98316e-06 0.117705 0.0842754 
0.00863888 0.0860272 6.11864e-05 0.513655 0.101241 0.0121283 0.271509 0.00673953 
0.0172961 0.0216141 2.12887e-05 0.342024 0.598216 0.000271849 0.0199699 0.000587263 
0.109863 0.0454924 5.96121e-06 0.00577265 0.257245 0.000388657 0.57238 0.0088518 
0.0121202 0.0490623 0.000123175 0.0418638 0.221232 0.00129461 0.665804 0.00849979 
0.516737 0.162689 1.6574e-09 0.0112482 0.107344 2.98316e-06 0.117705 0.0842754 
0.00966803 0.129318 1.09283e-07 0.222427 0.0615681 0.00145636 0.575424 0.000138459 
0.611767 0.0105322 1.08938e-05 0.0114758 0.0242243 0.000512169 0.34046 0.00101703 
0.00695024 0.0237337 1.14355e-05 0.384349 0.207436 5.12902e-05 0.374027 0.00344181 
0.0121455 0.495274 0.000945131 0.0302171 0.0650929 0.00192808 0.0884689 0.305928 
0.820182 0.0219879 7.39214e-06 0.00189841 0.0507384 0.00103138 0.102092 0.00206222 
0.00667126 0.0034845 5.21201e-07 0.0164092 0.826915 0.00049653 0.14541 0.00061267 
0.0295731 0.0193135 6.42626e-06 0.0183879 0.270841 0.00529999 0.65477 0.00180829 
0.516737 0.162689 1.6574e-09 0.0112482 0.107344 2.98316e-06 0.117705 0.0842754 
0.00041195 0.00456994 1.81513e-06 0.016604 0.69081 0.00521467 0.282362 2.54956e-05 
0.0276617 0.340037 1.07308e-09 0.0245699 0.0622329 0.00190079 0.539824 0.00377365 
0.106073 0.179213 5.73518e-05 0.0147708 0.493248 0.00211952 0.202105 0.00241319 
0.000357322 0.000395557 2.30515e-07 0.000719526 0.00691468 0.988229 0.00334158 4.17207e-05 
0.000357322 0.000395557 2.30515e-07 0.000719526 0.00691468 0.988229 0.00334158 4.17207e-05 
0.000357322 0.000395557 2.30515e-07 0.000719526 0.00691468 0.988229 0.00334158 4.17207e-05 
0.0137408 0.176546 0.000476309 0.0546547 0.32439 0.0104846 0.415477 0.0042312 
0.00393249 0.0523166 2.27078e-12 0.0110497 0.80408 4.46896e-05 0.12758 0.00099578 
0.000357322 0.000395557 2.30515e-07 0.000719526 0.00691468 0.988229 0.00334158 4.17207e-05 
0.0121919 0.0503857 0.000123773 0.0186216 0.5544 0.00243305 0.345699 0.0161446 
0.00601595 0.0644791 1.21637e-05 0.160785 0.324122 0.00580135 0.427989 0.0107956 
0.000357322 0.000395557 2.30515e-07 0.000719526 0.00691468 0.988229 0.00334158 4.17207e-05 
0.516014 0.0421238 4.05359e-06 0.0223266 0.0924804 0.0960169 0.213119 0.0179155 
0.00220384 0.0757791 8.78097e-06 0.0621396 0.572927 4.43936e-05 0.0893789 0.197518 
0.00188028 0.0452423 1.12106e-07 0.000567261 0.0120553 5.82195e-05 0.868345 0.0718515 
0.000357322 0.000395557 2.30515e-07 0.000719526 0.00691468 0.988229 0.00334158 4.17207e-05 
0.0335508 0.0334149 2.51026e-06 0.0478436 0.865086 0.000456072 0.0111636 0.00848256 
0.0204994 0.0137238 6.53958e-06 0.0021544 0.0704232 0.000136621 0.889438 0.00361772 
0.00311599 0.261205 5.87899e-05 0.0160087 0.165922 0.000646761 0.281181 0.271861 
0.00221606 0.862038 8.47344e-09 0.0161271 0.0270585 1.76178e-05 0.0359649 0.0565782 
0.0470808 0.0741432 0.00114445 0.0421427 0.632441 0.00806242 0.153487 0.0414989 
0.0068085 0.0106296 4.70577e-07 0.822816 0.0890929 0.000289822 0.0690634 0.00129908 
0.0127758 0.00453869 7.28591e-06 0.00409481 0.181514 0.000748654 0.781601 0.0147201 
0.000357322 0.000395557 2.30515e-07 0.000719526 0.00691468 0.988229 0.00334158 4.17207e-05 
0.00865995 0.0137659 3.58606e-06 0.172599 0.633834 0.000271311 0.1705 0.000366355 
0.358889 0.135832 1.73352e-05 0.0944697 0.136289 0.00120962 0.267312 0.00598099 
0.870074 0.0150624 0.00024016 0.0594912 0.0223935 0.00319128 0.0283488 0.00119851 
0.00440082 0.632033 6.23526e-06 0.00115748 0.0894072 0.00026765 0.260624 0.0121039 
0.00518079 0.0677466 0.000429463 0.0444603 0.248112 0.00121023 0.626373 0.00648749 
0.00801068 0.0567743 2.63175e-06 0.0107183 0.6247 0.00734544 0.24529 0.0471585 
0.0137896 0.0532406 0.000409658 0.0234008 0.647633 0.000880158 0.251011 0.00963505 
0.00536432 0.843205 7.49194e-06 0.0269984 0.0383485 0.00217472 0.0280429 0.0558588 
0.0170437 0.0490988 9.22826e-08 0.00335354 0.268313 0.000181965 0.60124 0.0607687 
0.00520455 0.035659 2.84064e-12 0.00138177 0.00868969 0.000128337 0.00129532 0.947641 
7.18814e-05 0.0196672 7.38011e-07 0.266005 0.511329 0.109436 0.0930876 0.00040204 
0.000169629 0.117883 9.81532e-07 0.00900505 0.585679 4.36525e-06 0.286175 0.00108367 
0.00311599 0.261205 5.87899e-05 0.0160087 0.165922 0.000646761 0.281181 0.271861 
0.000357322 0.000395557 2.30515e-07 0.000719526 0.00691468 0.988229 0.00334158 4.17207e-05 
0.0473871 0.145627 3.11821e-07 0.11167 0.505227 0.0284522 0.146847 0.0147896 
0.0191619 0.00388642 1.08853e-05 0.0061977 0.0420408 0.000115143 0.873918 0.0546691 
0.000357322 0.000395557 2.30515e-07 0.000719526 0.00691468 0.988229 0.00334158 4.17207e-05 
0.353883 0.0458048 3.55889e-05 0.100428 0.165133 0.0380475 0.265688 0.0309796 
0.0124727 0.00929818 0.000536556 0.326547 0.492411 0.0249512 0.0953568 0.0384265 
0.159561 0.0414567 0.000715729 0.0504421 0.181848 0.0138397 0.539883 0.0122538 
0.0028048 0.170598 9.12103e-08 0.0344808 0.683031 2.28207e-05 0.105153 0.00391019 
0.000357322 0.000395557 2.30515e-07 0.000719526 0.00691468 0.988229 0.00334158 4.17207e-05 
0.253719 0.0743451 4.06761e-05 0.0176044 0.570985 0.00264686 0.058286 0.0223734 
0.00145724 0.186434 4.63748e-07 0.00635297 0.0511066 3.01868e-05 0.0984762 0.656143 
0.0116106 0.03687 0.00527254 0.519598 0.295216 0.014782 0.1006 0.0160514 
0.00101595 0.643628 7.48785e-07 0.291611 0.0208245 0.000624968 0.0270091 0.0152858 
0.00819273 0.0281809 4.98971e-06 0.313744 0.499985 0.00214341 0.097279 0.0504705 
0.140796 0.577444 0.000132571 0.0313647 0.147432 0.0076923 0.0664784 0.0286607 
0.0684244 0.071963 2.38191e-05 0.486733 0.219744 0.00192908 0.130274 0.020909 
0.0260864 0.0310257 3.71966e-06 0.0276676 0.636714 0.0167915 0.242305 0.0194061 
0.00393037 0.722104 1.68781e-06 0.0094963 0.0291102 0.000145479 0.025536 0.209676 
0.00994308 0.629322 0.00344594 0.0275396 0.0707661 0.00371127 0.065408 0.189864 
0.0292951 0.0433362 2.21341e-05 0.448504 0.373026 0.000139057 0.100386 0.00529105 
0.058244 0.0742388 3.28593e-06 0.296959 0.0492048 0.491003 0.0292404 0.00110608 
0.0671986 0.118389 0.00247424 0.186965 0.508646 0.00909089 0.104613 0.00262266 
0.00023686 0.277855 2.58954e-11 0.00493889 0.00189077 7.71066e-07 0.012448 0.70263 
0.000357322 0.000395557 2.30515e-07 0.000719526 0.00691468 0.988229 0.00334158 4.17207e-05 
0.0443926 0.0595535 2.25645e-05 0.0267517 0.598083 0.0326275 0.232242 0.00632704 
0.0449175 0.118533 3.78472e-07 0.503908 0.236105 0.00176199 0.0614389 0.0333352 
0.000357322 0.000395557 2.30515e-07 0.000719526 0.00691468 0.988229 0.00334158 4.17207e-05 
0.100335 0.199366 4.26685e-05 0.354267 0.0415449 0.0132929 0.184302 0.10685 
0.000357322 0.000395557 2.30515e-07 0.000719526 0.00691468 0.988229 0.00334158 4.17207e-05 
0.0214039 0.121572 1.94583e-06 0.342416 0.122179 0.00575558 0.384254 0.00241808 
0.000357322 0.000395557 2.30515e-07 0.000719526 0.00691468 0.988229 0.00334158 4.17207e-05 
0.00026363 0.106259 1.50487e-06 0.00878886 0.854859 4.37493e-05 0.0281286 0.00165553 
0.0247701 0.0235879 7.11606e-12 0.00650642 0.648355 0.0909022 0.204439 0.00143921 
0.00969835 0.0346305 0.000716832 0.0279709 0.764391 0.00437016 0.135075 0.0231465 
0.00331234 0.0363777 5.2311e-11 0.92936 0.0144956 0.00462088 0.0117353 9.79553e-05 
0.000123788 0.395357 3.0583e-05 0.000776868 0.00963267 5.27461e-05 0.0310574 0.562969 
0.000982535 0.0312651 3.25171e-10 0.470832 0.44539 0.000412195 0.0458199 0.00529792 
0.0052354 0.00356473 2.06956e-07 0.000599484 0.0139484 8.85689e-06 0.976062 0.000581412 
0.00192919 0.294129 3.00111e-07 0.0608394 0.0117414 0.0120555 0.0116264 0.607679 
0.0576373 0.00224846 2.04261e-06 0.767548 0.01915 0.000667835 0.152667 7.91676e-05 
0.271088 0.0519826 0.000136178 0.0505732 0.037243 0.530546 0.0157514 0.0426795 
0.000357322 0.000395557 2.30515e-07 0.000719526 0.00691468 0.988229 0.00334158 4.17207e-05 
0.00978473 0.0724438 1.82371e-11 0.359802 0.110663 0.399956 0.00690417 0.0404463 
0.000329123 0.0254958 4.06824e-10 0.00815246 0.860514 0.000149283 0.093545 0.0118146 
0.0131163 0.0833852 8.51882e-05 0.0205019 0.319594 0.00405673 0.509081 0.0501788 
0.0173829 0.00167006 4.01961e-05 0.0029348 0.0227156 0.00011783 0.932769 0.0223695 
0.00114026 0.299872 3.48278e-12 0.000609152 0.0133351 0.0433264 0.0651618 0.576555 
0.00878435 0.427324 1.63434e-09 0.0917663 0.051855 1.62506e-05 0.358858 0.0613963 
0.00266458 0.553766 3.27717e-05 0.0668112 0.241609 0.000180297 0.131509 0.00342646 
0.0246228 0.159324 6.01218e-05 0.122766 0.433461 0.00151725 0.213686 0.0445626 
0.00254494 0.0463932 2.85829e-05 0.0829233 0.743452 0.00340474 0.105369 0.0158836 
0.00411691 0.00708612 5.28812e-08 0.00110277 0.030227 0.000116385 0.951726 0.00562482 
0.0963592 0.160636 1.69866e-06 0.0803972 0.394372 0.0311024 0.216565 0.0205679 
0.000357322 0.000395557 2.30515e-07 0.000719526 0.00691468 0.988229 0.00334158 4.17207e-05 
0.000357322 0.000395557 2.30515e-07 0.000719526 0.00691468 0.988229 0.00334158 4.17207e-05 
0.00935307 0.327523 3.10255e-07 0.199921 0.181786 0.000425306 0.178389 0.102602 
0.0247853 0.140493 3.65967e-06 0.356119 0.359415 0.00237549 0.115145 0.00166354 
0.000534738 0.0597484 0.000238381 0.853265 0.0383902 0.00060167 0.0463561 0.00086533 
0.00458083 0.0184546 4.03359e-06 0.0401842 0.731868 0.000251757 0.19789 0.00676696 
0.334146 0.014958 9.50835e-05 0.0237752 0.262954 0.0198276 0.328321 0.0159233 
0.271088 0.0519826 0.000136178 0.0505732 0.037243 0.530546 0.0157514 0.0426795 
0.000357322 0.000395557 2.30515e-07 0.000719526 0.00691468 0.988229 0.00334158 4.17207e-05 
0.000384363 0.184148 1.8246e-06 0.760577 0.015656 4.2765e-05 0.0380183 0.0011718 
0.00244369 0.0166643 6.30777e-05 0.242409 0.63544 0.00013479 0.102719 0.000126611 
0.0178356 0.0624181 0.000475354 0.0375808 0.358866 0.0171182 0.481895 0.0238111 
0.946942 0.0084654 2.12379e-12 0.00422717 0.0288592 0.000380251 0.00531473 0.00581147 
0.0563043 0.0367114 2.37244e-05 0.482388 0.101926 0.000394907 0.320624 0.00162821 
0.303495 0.0452778 1.09269e-08 0.0259836 0.0689113 0.00201684 0.552725 0.0015912 
0.0183332 0.315565 1.36712e-05 0.196584 0.151707 0.0380257 0.27325 0.00652226 
0.0199091 0.0118396 3.37035e-05 0.00973148 0.299529 0.000302185 0.603071 0.0555835 
0.0179762 0.066937 0.000367958 0.555718 0.248337 0.00124474 0.103736 0.005683 
0.185792 0.0127948 0.000856816 0.660432 0.022052 0.0780292 0.0365985 0.00344525 
0.000357322 0.000395557 2.30515e-07 0.000719526 0.00691468 0.988229 0.00334158 4.17207e-05 
0.0147739 0.930591 1.19068e-11 0.0141304 0.0281663 3.89836e-05 0.011194 0.0011054 
0.0185174 0.109694 2.6532e-06 0.297936 0.177743 0.0541386 0.341762 0.000206527 
0.0189375 0.0783881 2.45572e-05 0.0219057 0.605241 0.000441241 0.267915 0.00714649 
0.0081908 0.0851745 0.000911528 0.0350115 0.730427 0.00251895 0.118798 0.0189677 
0.00125774 0.921865 3.51661e-09 0.000925687 0.0184215 4.21901e-05 0.0292152 0.0282727 
0.00792848 0.720659 4.51962e-05 0.00674321 0.0548003 8.98731e-05 0.13318 0.0765544 
0.0398485 0.00309566 5.61489e-05 0.0121906 0.0147744 0.000174095 0.929166 0.000695059 
4.07964e-05 4.0806e-05 4.07781e-05 0.999714 4.0807e-05 4.0798e-05 4.08071e-05 4.08027e-05 
0.118729 0.143577 1.39878e-07 0.0169486 0.290369 0.000375387 0.422749 0.00725232 
0.03205 0.0186958 0.00209178 0.0500856 0.156301 0.00380129 0.72564 0.0113341 
0.00235818 0.220003 4.6158e-05 0.110964 0.0487495 0.000663828 0.439654 0.177561 
0.00175492 0.021365 2.78397e-05 0.0125924 0.110319 0.000178666 0.808027 0.045735 
0.527435 0.00756839 0.00215725 0.187147 0.121737 0.126681 0.0239008 0.00337315 
0.271088 0.0519826 0.000136178 0.0505732 0.037243 0.530546 0.0157514 0.0426795 
0.0191873 0.0404099 7.03551e-08 0.0269693 0.120915 0.00364052 0.624505 0.164373 
0.00528166 0.0645321 6.5541e-05 0.0289788 0.450559 0.00189236 0.424219 0.024472 
0.222327 0.0109886 2.69406e-07 0.000218651 0.0483128 0.000133929 0.653554 0.0644646 
0.00910313 0.92428 3.4076e-07 0.0362224 0.00480397 4.82626e-06 0.0255845 1.2435e-06 
0.12156 0.14435 0.000463902 0.15339 0.243931 0.0284817 0.153349 0.154476 
0.000357322 0.000395557 2.30515e-07 0.000719526 0.00691468 0.988229 0.00334158 4.17207e-05 
0.000357322 0.000395557 2.30515e-07 0.000719526 0.00691468 0.988229 0.00334158 4.17207e-05 
0.00327319 0.0464092 3.25399e-06 0.00934944 0.777911 0.000348935 0.159383 0.00332146 
0.0157845 0.105533 4.90089e-05 0.0343096 0.514865 0.0249148 0.283019 0.0215244 
0.0369291 0.31012 3.77701e-11 0.0626297 0.0614274 0.00171953 0.0584071 0.468767 
0.0281088 0.00365365 2.98804e-05 0.00220584 0.0291022 0.000187096 0.920611 0.0161013 
0.000357322 0.000395557 2.30515e-07 0.000719526 0.00691468 0.988229 0.00334158 4.17207e-05 
0.317154 0.387756 4.70483e-07 0.182518 0.0515077 0.00381325 0.0405378 0.0167128 
0.000357322 0.000395557 2.30515e-07 0.000719526 0.00691468 0.988229 0.00334158 4.17207e-05 
0.977049 0.00075659 2.98924e-06 0.00495028 0.00842373 0.000683923 0.00141158 0.00672224 
0.000357322 0.000395557 2.30515e-07 0.000719526 0.00691468 0.988229 0.00334158 4.17207e-05 
0.0001149 0.167814 7.21142e-06 0.000636025 0.0141033 7.71857e-05 0.0270358 0.790211 
0.000357322 0.000395557 2.30515e-07 0.000719526 0.00691468 0.988229 0.00334158 4.17207e-05 
0.00209698 0.495189 1.82742e-06 0.0109985 0.0367278 0.000165263 0.0225342 0.432286 
0.0028636 0.0277348 1.3187e-07 0.00206584 0.043114 4.81662e-05 0.916628 0.00754511 
0.000357322 0.000395557 2.30515e-07 0.000719526 0.00691468 0.988229 0.00334158 4.17207e-05 
0.0146155 0.0995269 1.89654e-06 0.327318 0.334702 0.00049525 0.21965 0.0036912 
0.00126175 0.91825 6.52654e-08 0.0402631 0.0213154 7.59006e-07 0.0155044 0.003405 
0.0311729 0.111261 2.86193e-05 0.429007 0.240203 0.0218876 0.164112 0.00232818 
0.000306306 0.00128612 5.18075e-06 5.36351e-05 0.000916073 0.996237 0.00113763 5.82109e-05 
0.00254947 0.0211088 0.000151758 0.0503894 0.695579 0.00075891 0.217424 0.0120389 
0.000357322 0.000395557 2.30515e-07 0.000719526 0.00691468 0.988229 0.00334158 4.17207e-05 
0.0151028 0.00994278 1.02882e-06 0.0140513 0.118183 9.9961e-05 0.831244 0.011375 
0.0342831 0.160804 0.000220634 0.435867 0.262701 0.0163404 0.0846665 0.00511793 
0.744858 0.00196327 1.13242e-06 0.00894677 0.0725317 0.00486114 0.166377 0.000461357 
0.00217483 0.921318 8.6536e-10 0.0250885 0.0142145 6.68839e-09 0.037192 1.20657e-05 
0.00358471 0.516914 1.54547e-06 0.198543 0.0825593 7.51962e-06 0.184922 0.0134682 
0.431551 0.0128523 0.00305923 0.184357 0.0710367 0.251853 0.0180608 0.0272296 
0.00164922 0.10459 9.90076e-05 0.581655 0.11502 0.00385025 0.0880161 0.10512 
0.516737 0.162689 1.6574e-09 0.0112482 0.107344 2.98316e-06 0.117705 0.0842754 
0.74538 0.0475125 1.33008e-05 0.0152497 0.0649186 0.000264948 0.0386805 0.0879802 
0.000357322 0.000395557 2.30515e-07 0.000719526 0.00691468 0.988229 0.00334158 4.17207e-05 
0.0149754 0.174021 2.85322e-05 0.424622 0.236726 0.000230147 0.06551 0.0838867 
0.516737 0.162689 1.6574e-09 0.0112482 0.107344 2.98316e-06 0.117705 0.0842754 
0.0173544 0.0104124 2.9507e-05 0.0223938 0.590432 0.0355745 0.291213 0.0325903 
0.00910411 0.00195164 1.74547e-05 0.00742055 0.875962 0.00940034 0.0845298 0.0116139 
0.26756 0.245929 2.85075e-05 0.091919 0.106453 0.121855 0.1503 0.0159551 
0.000915644 0.0152614 1.8463e-06 0.902345 0.0564783 0.000528047 0.0236603 0.000809814 
0.368966 0.0162798 8.06278e-07 0.156376 0.2232 0.0601241 0.173444 0.00160984 
0.056169 0.13111 1.06087e-08 0.393909 0.203072 0.00527482 0.20949 0.000975981 
0.0136015 0.75518 9.89541e-07 0.00480506 0.0370733 0.000167348 0.146661 0.042511 
0.491914 0.00439807 4.21452e-06 0.077785 0.28152 0.02233 0.119657 0.00239173 
0.148758 0.049778 6.76697e-07 0.0118284 0.489166 0.0364329 0.257516 0.00651998 
0.0517234 0.11376 9.39921e-05 0.145388 0.220075 0.00810338 0.450797 0.010059 
0.0866547 0.0259603 9.68701e-08 0.164724 0.327151 0.000458437 0.394618 0.000433475 
0.106795 0.379039 3.44039e-08 0.154451 0.286117 9.37672e-07 0.0661439 0.00745321 
0.00935927 0.101171 0.000140743 0.0486321 0.18872 0.000165304 0.596348 0.0554635 
0.0338716 0.063925 0.00562902 0.706481 0.0251385 0.0088783 0.125614 0.0304623 
0.0148407 0.276917 6.33246e-11 0.15178 0.482547 0.0145115 0.0506877 0.00871633 
0.00221186 0.0138816 1.32621e-07 0.00116321 0.0187718 1.17711e-05 0.963332 0.000627463 
0.000357322 0.000395557 2.30515e-07 0.000719526 0.00691468 0.988229 0.00334158 4.17207e-05 
