0.00297364 0.0341205 0.000192098 0.226334 0.0544177 0.606182 0.0619564 0.0138243 
0.15018 0.0121356 3.44546e-08 0.00930335 0.360995 5.25505e-08 0.466125 0.00126073 
0.0217244 0.00645238 7.90759e-07 0.00220296 0.0723169 8.59847e-05 0.882488 0.0147285 
0.000357322 0.000395557 2.30515e-07 0.000719526 0.00691468 0.988229 0.00334158 4.17207e-05 
0.00349138 0.383467 1.03899e-05 0.0193942 0.0588701 4.3091e-05 0.525487 0.00923637 
0.0173 0.0055326 0.00070632 0.058267 0.155291 0.0016544 0.755252 0.00599742 
0.000357322 0.000395557 2.30515e-07 0.000719526 0.00691468 0.988229 0.00334158 4.17207e-05 
0.0101577 0.0604555 0.00050303 0.262595 0.375051 0.00937761 0.276849 0.00501123 
0.516737 0.162689 1.6574e-09 0.0112482 0.107344 2.98316e-06 0.117705 0.0842754 
0.0298215 0.111631 6.74796e-06 0.0455709 0.402026 0.0219074 0.330934 0.0581017 
0.000222253 0.0167416 2.58295e-07 0.0127709 0.879021 4.69786e-05 0.0891147 0.00208254 
0.000357322 0.000395557 2.30515e-07 0.000719526 0.00691468 0.988229 0.00334158 4.17207e-05 
0.000247158 0.314153 2.18841e-09 0.00718104 0.014032 2.16101e-06 0.0431624 0.621222 
0.000357322 0.000395557 2.30515e-07 0.000719526 0.00691468 0.988229 0.00334158 4.17207e-05 
0.0320643 0.0286199 1.23718e-06 0.00371268 0.0962776 0.00783936 0.705527 0.125958 
0.000357322 0.000395557 2.30515e-07 0.000719526 0.00691468 0.988229 0.00334158 4.17207e-05 
0.464798 0.0568656 1.004e-05 0.00157852 0.0533204 0.000970431 0.299972 0.122485 
0.00131318 0.124644 2.90489e-10 0.0591569 0.148935 6.71441e-08 0.66595 6.14761e-07 
0.00628872 0.052131 0.000159153 0.0393634 0.596551 0.00342733 0.290229 0.0118501 
0.0064136 0.503008 1.47302e-06 0.00234636 0.00708003 9.9213e-05 0.0391699 0.441881 
0.187634 0.0311945 0.000265468 0.394775 0.230166 0.00392615 0.118413 0.0336259 
0.620456 0.0224363 4.97836e-07 0.00070077 0.0382872 0.00331143 0.308866 0.00594164 
0.00152674 0.243657 3.59348e-05 0.127194 0.264779 0.000271279 0.342713 0.0198229 
0.0164861 0.00655555 8.77972e-06 0.0134578 0.0309118 0.00077213 0.923372 0.00843561 
0.0001149 0.167814 7.21142e-06 0.000636025 0.0141033 7.71857e-05 0.0270358 0.790211 
0.0532558 0.109215 2.59144e-05 0.0039203 0.116169 0.00566765 0.709725 0.00202223 
0.00489465 0.149736 2.16499e-09 0.00490657 0.280889 5.14579e-05 0.522217 0.0373051 
0.012539 0.542486 6.65712e-09 0.166308 0.0977019 0.000111113 0.15936 0.0214944 
0.000447792 0.159332 1.04713e-06 0.283663 0.348507 5.42934e-05 0.207973 2.17873e-05 
0.0438935 0.0324029 1.7563e-05 0.27735 0.528496 0.0332874 0.0697415 0.0148119 
0.0028636 0.0277348 1.3187e-07 0.00206584 0.043114 4.81662e-05 0.916628 0.00754511 
0.00709388 0.161492 2.31099e-06 0.0010612 0.0440914 7.68752e-06 0.362353 0.423899 
0.0212602 0.0587235 4.88933e-05 0.121537 0.378134 0.00818798 0.397949 0.0141594 
0.0195149 0.954032 1.82143e-08 0.000999858 1.42647e-07 1.9071e-05 0.00145626 0.0239776 
0.000357322 0.000395557 2.30515e-07 0.000719526 0.00691468 0.988229 0.00334158 4.17207e-05 
0.237348 0.104982 0.00103533 0.407084 0.190344 0.00144499 0.0311954 0.026565 
0.00134376 0.0115459 0.000599148 0.306368 0.300607 0.00632508 0.288582 0.0846295 
0.567339 0.0166906 9.3461e-07 0.00608912 0.0881428 0.0373051 0.282973 0.00145928 
0.00151668 0.0263782 2.83315e-05 0.0112004 0.582059 0.000428458 0.376023 0.00236599 
0.0939744 0.0302403 3.84829e-05 0.246259 0.118317 0.477986 0.02982 0.00336595 
0.00233444 0.193624 1.75897e-05 0.121631 0.378613 0.00102869 0.301993 0.000758039 
0.0277515 0.112553 4.81551e-06 0.0126261 0.110272 0.000484349 0.726814 0.00949372 
0.000357322 0.000395557 2.30515e-07 0.000719526 0.00691468 0.988229 0.00334158 4.17207e-05 
0.00457483 0.0350019 2.31478e-08 0.107311 0.208523 1.9109e-05 0.633613 0.0109564 
0.0259595 0.220072 3.57051e-05 0.181936 0.237374 0.000496331 0.248545 0.0855811 
0.00202143 0.816331 2.63939e-11 0.067117 0.0124192 2.57964e-08 0.0778187 0.0242924 
0.222327 0.0109886 2.69406e-07 0.000218651 0.0483128 0.000133929 0.653554 0.0644646 
0.111825 0.00602115 5.97874e-05 0.00192804 0.158054 0.000310053 0.669165 0.0526369 
2.03003e-05 0.000719405 7.46201e-12 0.997516 1.18108e-08 0.000482477 1.66826e-05 0.00124534 
0.000357322 0.000395557 2.30515e-07 0.000719526 0.00691468 0.988229 0.00334158 4.17207e-05 
0.000357322 0.000395557 2.30515e-07 0.000719526 0.00691468 0.988229 0.00334158 4.17207e-05 
3.26708e-05 0.501926 1.67406e-06 0.449182 0.00949464 3.68956e-06 0.0389374 0.000421966 
0.00812506 0.0243464 9.01188e-05 0.0413941 0.858541 0.00366949 0.0609718 0.0028615 
0.000220641 0.381686 6.28065e-07 0.00800179 0.067717 1.34283e-05 0.100755 0.441605 
0.0170097 0.0681688 4.05212e-05 0.598214 0.215621 0.00026369 0.0932779 0.00740465 
0.000357322 0.000395557 2.30515e-07 0.000719526 0.00691468 0.988229 0.00334158 4.17207e-05 
0.0156043 0.173077 0.000150914 0.0286022 0.135941 0.00214336 0.634199 0.0102824 
0.732468 0.0108689 3.12743e-07 0.0607482 0.177116 0.00102204 0.0112987 0.00647829 
0.000357322 0.000395557 2.30515e-07 0.000719526 0.00691468 0.988229 0.00334158 4.17207e-05 
0.000234888 0.165158 2.07627e-05 0.000312013 0.000379529 0.000150344 0.00217104 0.831573 
0.516737 0.162689 1.6574e-09 0.0112482 0.107344 2.98316e-06 0.117705 0.0842754 
0.00414772 0.47661 3.04942e-08 0.00329681 0.0172473 6.71895e-06 0.0469244 0.451767 
0.000531541 0.409724 3.70076e-05 0.0505117 0.105857 0.000282638 0.0253338 0.407722 
0.000357322 0.000395557 2.30515e-07 0.000719526 0.00691468 0.988229 0.00334158 4.17207e-05 
0.00781128 0.0567268 0.000213903 0.0196863 0.258353 0.000739168 0.653909 0.00256027 
0.00122658 0.791855 1.58005e-07 0.005825 0.01094 0.000218983 0.0243513 0.165583 
0.0143504 0.0663875 3.52445e-06 0.466208 0.341342 0.00102673 0.110595 8.56096e-05 
0.127057 0.0992859 8.08536e-05 0.0887175 0.264706 0.00112541 0.411714 0.0073138 
0.00207668 0.0440118 1.87203e-07 0.0146445 0.649707 4.42652e-05 0.278891 0.0106252 
0.516737 0.162689 1.6574e-09 0.0112482 0.107344 2.98316e-06 0.117705 0.0842754 
0.00263857 0.123734 1.73591e-09 0.037732 0.109518 9.15905e-05 0.0256893 0.700597 
0.00221818 0.199426 1.32893e-08 0.0423525 0.455778 0.000222994 0.295606 0.00439567 
0.00288895 0.0205975 3.92681e-07 0.0777165 0.881045 0.00046789 4.51198e-06 0.017279 
0.757279 0.0258119 8.18418e-07 0.133941 0.0470391 0.00167415 0.0181419 0.0161123 
0.212922 0.108648 0.000428876 0.426924 0.0554917 0.137104 0.0490718 0.00940948 
0.295952 0.0289475 9.72069e-05 0.140648 0.119496 0.000228538 0.412124 0.00250656 
0.00936423 0.230039 0.00066934 0.232619 0.246818 0.0289563 0.224547 0.0269884 
0.000357322 0.000395557 2.30515e-07 0.000719526 0.00691468 0.988229 0.00334158 4.17207e-05 
0.0312294 0.127564 0.00160759 0.0224517 0.161055 0.0678662 0.557672 0.0305536 
0.00361293 0.025315 1.74701e-06 0.00610497 0.169511 5.57467e-06 0.793586 0.00186248 
0.375122 0.0119511 0.000330353 0.0307986 0.426989 0.0121812 0.128537 0.0140914 
0.929941 0.0155232 3.76413e-05 0.00233475 0.0169883 0.0133773 0.00869714 0.0131006 
0.00800063 0.0186435 1.68156e-06 0.0147718 0.856315 0.000229077 0.0687841 0.0332544 
0.000357322 0.000395557 2.30515e-07 0.000719526 0.00691468 0.988229 0.00334158 4.17207e-05 
0.000357322 0.000395557 2.30515e-07 0.000719526 0.00691468 0.988229 0.00334158 4.17207e-05 
0.0740821 0.762085 1.57543e-08 0.00352458 0.00130778 0.0109616 0.145417 0.00262144 
0.000357322 0.000395557 2.30515e-07 0.000719526 0.00691468 0.988229 0.00334158 4.17207e-05 
0.00701683 0.0445224 3.07888e-06 0.0261586 0.638613 0.00068963 0.273278 0.00971823 
0.0119571 0.0424507 2.17947e-05 0.0184098 0.237373 0.0520365 0.60794 0.0298118 
0.000949337 0.064015 1.26329e-06 0.0152187 0.354352 0.00190259 0.557949 0.00561174 
0.036765 0.0754595 2.07211e-06 0.0647557 0.199274 0.000188289 0.619027 0.00452826 
0.000485464 0.352254 3.32541e-07 0.00547356 0.0455645 4.7971e-05 0.592761 0.00341321 
0.438614 0.0238311 7.70335e-07 0.0261846 0.170962 0.023529 0.316435 0.000443425 
0.00752034 0.904721 4.30523e-08 0.0404097 0.027641 4.52737e-06 0.016655 0.00304794 
0.906522 0.0130205 3.49386e-07 0.00602761 0.0384675 0.00103515 0.00574053 0.0291859 
0.00755985 0.134401 8.40726e-05 0.371602 0.323338 0.000343673 0.159511 0.00316103 
0.00157061 0.115131 1.41539e-05 0.0536318 0.722492 0.000277059 0.0690952 0.0377886 
0.000357322 0.000395557 2.30515e-07 0.000719526 0.00691468 0.988229 0.00334158 4.17207e-05 
0.72682 0.0123961 1.2859e-07 0.000224371 0.0495372 0.00246421 0.208303 0.000255321 
0.0412579 0.196912 4.64802e-05 0.0795875 0.249269 5.23045e-05 0.257227 0.175649 
8.73849e-05 0.208693 1.24494e-10 0.0589392 0.456137 3.97798e-08 0.276142 1.08658e-07 
0.000357322 0.000395557 2.30515e-07 0.000719526 0.00691468 0.988229 0.00334158 4.17207e-05 
0.00941344 0.123387 5.65153e-05 0.0223049 0.245383 0.00158896 0.518991 0.0788758 
0.00793121 0.00559103 8.45547e-05 0.00167451 0.0997303 0.000101381 0.870128 0.0147593 
0.0185444 0.036916 0.000447697 0.0322395 0.24445 0.0146061 0.629051 0.0237449 
0.00373101 0.132953 0.00113654 0.117985 0.566611 0.00230296 0.169232 0.00604829 
0.00110021 0.00346383 1.84e-07 0.0394263 0.942385 6.74621e-05 0.0131534 0.000403116 
0.00214981 0.0013551 6.14819e-05 0.00204984 0.31175 7.48754e-05 0.682473 8.56733e-05 
0.000263786 0.952747 2.16708e-09 0.00323081 0.0171301 6.06723e-05 0.0223729 0.00419439 
0.00979833 0.0160605 4.31163e-09 0.00299709 0.2349 0.000114037 0.73474 0.00138997 
0.0103341 0.228591 2.36328e-06 0.635516 0.0213992 0.000101933 0.103458 0.000597508 
0.00460526 0.0636803 6.43606e-11 0.0533035 0.649201 2.50051e-05 0.226396 0.00278902 
0.114916 0.301283 2.37179e-05 0.0096059 0.200171 0.00983669 0.0627243 0.30144 
0.0117385 0.0565146 0.000270391 0.0463204 0.202677 0.00825768 0.663809 0.010412 
0.00134635 0.225565 9.20699e-05 0.0995265 0.486203 0.000407264 0.181327 0.00553301 
0.00251438 0.100324 0.000111862 0.716643 0.130179 0.000290803 0.0438236 0.00611345 
0.0180154 0.00193514 5.70851e-05 0.036803 0.300905 0.000419342 0.640958 0.000907279 
0.039833 0.0212652 0.000240552 0.773172 0.0616371 0.00624407 0.0655374 0.0320709 
0.000357322 0.000395557 2.30515e-07 0.000719526 0.00691468 0.988229 0.00334158 4.17207e-05 
6.47167e-07 0.0546218 1.69451e-07 0.0037658 0.106368 0.000118224 0.835125 9.39812e-07 
8.13209e-07 0.00554016 1.31922e-07 0.883156 0.0231794 0.00189925 0.0858038 0.000420553 
0.00535238 0.0431323 3.6591e-07 0.0034907 0.0287696 0.000212068 0.0279996 0.891043 
0.000357322 0.000395557 2.30515e-07 0.000719526 0.00691468 0.988229 0.00334158 4.17207e-05 
0.0112148 0.0256976 7.90797e-07 0.00257017 0.0714974 4.62827e-05 0.871975 0.0169975 
0.000357322 0.000395557 2.30515e-07 0.000719526 0.00691468 0.988229 0.00334158 4.17207e-05 
0.000357322 0.000395557 2.30515e-07 0.000719526 0.00691468 0.988229 0.00334158 4.17207e-05 
0.000357322 0.000395557 2.30515e-07 0.000719526 0.00691468 0.988229 0.00334158 4.17207e-05 
0.000357322 0.000395557 2.30515e-07 0.000719526 0.00691468 0.988229 0.00334158 4.17207e-05 
0.000357322 0.000395557 2.30515e-07 0.000719526 0.00691468 0.988229 0.00334158 4.17207e-05 
0.000357322 0.000395557 2.30515e-07 0.000719526 0.00691468 0.988229 0.00334158 4.17207e-05 
0.0124946 0.000144077 5.37305e-06 0.0501349 0.737221 0.103839 0.09147 0.00469047 
0.0352508 0.0693053 9.20335e-07 0.360215 0.123829 0.326588 0.0331643 0.0516466 
0.000515306 0.193235 2.56139e-07 0.00135771 0.636114 0.000172804 0.102228 0.0663771 
0.314831 0.0209758 0.000237824 0.22346 0.251676 0.0545586 0.098933 0.0353277 
0.000357322 0.000395557 2.30515e-07 0.000719526 0.00691468 0.988229 0.00334158 4.17207e-05 
0.0205446 0.0627357 0.0132377 0.130914 0.640703 0.0295185 0.088935 0.0134115 
0.000357322 0.000395557 2.30515e-07 0.000719526 0.00691468 0.988229 0.00334158 4.17207e-05 
0.135225 0.207434 1.36293e-07 0.0582185 0.225309 0.00205229 0.320805 0.0509559 
0.0948213 0.187873 3.41858e-05 0.268965 0.216728 0.000283153 0.184202 0.0470945 
0.00039963 0.169626 7.22393e-07 0.0371172 0.457108 3.59264e-05 0.271731 0.063982 
0.00103332 0.278997 1.08854e-05 0.0156698 0.0538806 9.39673e-05 0.036183 0.614131 
0.0704486 0.0507621 1.58989e-05 0.158603 0.294704 0.00010601 0.389457 0.0359032 
0.117401 0.227986 2.69756e-05 0.317374 0.276209 2.9098e-05 0.056975 0.0039988 
0.0120315 0.0237525 9.22168e-05 0.0630883 0.810729 0.0583811 0.0317052 0.000219641 
0.37694 0.0631541 2.46521e-06 0.0760562 0.109314 0.000121286 0.356926 0.0174869 
0.00643973 0.0347381 1.02453e-05 0.469782 0.281092 0.00778835 0.199986 0.000163972 
0.000355573 0.141775 1.19274e-06 0.00479244 0.150033 3.16357e-05 0.701133 0.00187814 
0.00125774 0.921865 3.51661e-09 0.000925687 0.0184215 4.21901e-05 0.0292152 0.0282727 
0.0318038 0.0835333 5.76409e-10 0.00138544 0.00331281 2.53469e-07 0.871546 0.00841859 
0.000966283 0.163296 9.82019e-07 0.00813112 0.223053 3.7943e-05 0.561491 0.0430235 
0.0621831 0.75286 3.18857e-06 0.0273621 0.0848481 0.000282414 0.0145681 0.0578928 
0.00569139 0.806996 1.15027e-09 0.0299454 0.0630693 0.00109591 0.0528513 0.0403509 
0.804369 0.0219681 2.8018e-06 0.0354947 0.062682 0.00118247 0.0737193 0.000581475 
0.276078 0.0620434 0.00013893 0.431126 0.0936489 0.000810729 0.12045 0.0157036 
0.00564416 0.0126334 1.03515e-06 0.0267513 0.0482389 0.0247144 0.880171 0.001846 
0.000357322 0.000395557 2.30515e-07 0.000719526 0.00691468 0.988229 0.00334158 4.17207e-05 
0.744059 0.207612 2.81695e-08 0.00374259 0.0118722 3.56492e-05 0.028123 0.0045554 
0.987185 0.00837507 1.27561e-06 0.00074175 0.00299417 7.80095e-05 0.000620417 4.58277e-06 
0.000220352 0.27093 4.88439e-05 0.370804 0.226837 0.000100594 0.129741 0.00131806 
0.0158305 0.500451 4.53553e-05 0.0547413 0.0673018 0.000334292 0.272656 0.08864 
0.732468 0.0108689 3.12743e-07 0.0607482 0.177116 0.00102204 0.0112987 0.00647829 
3.15017e-07 0.0270618 2.18378e-09 0.685287 0.191841 0.00050824 0.0950141 0.000287819 
0.000357322 0.000395557 2.30515e-07 0.000719526 0.00691468 0.988229 0.00334158 4.17207e-05 
0.103793 0.0702722 0.0016889 0.222888 0.29584 0.00505271 0.262902 0.0375631 
0.000149508 0.0275496 4.94435e-10 5.03109e-05 0.000361402 1.54103e-06 0.000133283 0.971754 
0.00189386 0.049609 1.93056e-05 0.0145538 0.783451 0.000741396 0.143233 0.00649875 
0.00258073 0.0262953 0.000447696 0.0836655 0.698166 0.000503629 0.174512 0.0138284 
0.000357322 0.000395557 2.30515e-07 0.000719526 0.00691468 0.988229 0.00334158 4.17207e-05 
0.00110508 0.955007 1.31012e-05 0.0161064 0.00723352 2.57446e-05 0.002509 0.0180005 
0.977049 0.00075659 2.98924e-06 0.00495028 0.00842373 0.000683923 0.00141158 0.00672224 
0.154599 0.0285707 1.69842e-07 0.514127 0.119636 0.00626362 0.176105 0.000699178 
0.282154 0.274106 3.96563e-05 0.139136 0.201828 0.000666215 0.0928522 0.00921791 
0.0223587 0.323143 2.92845e-05 0.397958 0.106573 0.00313743 0.113412 0.03339 
0.00123446 0.0803735 1.50966e-05 0.00761986 0.543513 0.000208363 0.138547 0.228489 
0.986186 0.00444715 5.31364e-07 0.00413873 0.00227336 4.66539e-05 0.00226496 0.000642507 
0.000335749 0.0122644 6.271e-07 0.00089997 0.0529704 2.55887e-06 0.00246577 0.931061 
0.00474927 0.0752757 1.64351e-05 0.0577325 0.596412 0.000316957 0.218438 0.0470593 
0.437131 0.057443 7.27577e-06 0.012457 0.143472 0.000674662 0.317008 0.0318066 
0.0045498 0.0895453 7.79308e-10 0.0421441 0.432202 0.000978057 0.42994 0.000640264 
0.00951805 0.0419136 0.000318788 0.0449356 0.558827 0.00822405 0.315223 0.02104 
5.01898e-06 0.648668 6.02344e-09 0.019437 0.0410098 0.000348441 0.12536 0.165172 
0.010329 0.0689015 6.93881e-05 0.0320176 0.411491 0.000610116 0.429013 0.047569 
0.000357322 0.000395557 2.30515e-07 0.000719526 0.00691468 0.988229 0.00334158 4.17207e-05 
0.181594 0.0563952 7.936e-05 0.0254885 0.156498 0.0112666 0.548368 0.0203106 
0.271088 0.0519826 0.000136178 0.0505732 0.037243 0.530546 0.0157514 0.0426795 
0.00468384 0.0388902 0.000142023 0.0169058 0.212628 0.000164087 0.65793 0.0686566 
0.520644 0.0101146 3.47917e-06 0.0077548 0.076297 0.0695079 0.295853 0.0198248 
0.000357322 0.000395557 2.30515e-07 0.000719526 0.00691468 0.988229 0.00334158 4.17207e-05 
0.000357322 0.000395557 2.30515e-07 0.000719526 0.00691468 0.988229 0.00334158 4.17207e-05 
0.368029 0.00249466 0.000274954 0.434025 0.0967013 0.0482851 0.0494756 0.000714353 
0.0820112 0.0449681 1.98453e-05 0.0266839 0.0728301 0.634691 0.0672726 0.0715233 
0.0167058 0.229136 0.000161012 0.488477 0.139057 0.000238896 0.124586 0.00163809 
0.459285 0.0634817 3.09587e-07 0.115123 0.312875 0.00464908 0.034153 0.0104333 
7.49367e-05 0.15109 4.30567e-07 0.00107265 0.0269811 0.000143714 0.0531124 0.767524 
0.000357322 0.000395557 2.30515e-07 0.000719526 0.00691468 0.988229 0.00334158 4.17207e-05 
0.00221116 0.528597 9.58372e-06 0.151032 0.12141 0.00773629 0.0448211 0.144183 
0.00819548 0.117142 5.37799e-07 0.113723 0.531537 0.000207491 0.201254 0.0279402 
4.72852e-05 0.482588 5.16477e-10 0.252602 0.0808975 0.000175066 0.183658 3.21032e-05 
0.000357322 0.000395557 2.30515e-07 0.000719526 0.00691468 0.988229 0.00334158 4.17207e-05 
0.0317528 0.0546598 1.95224e-05 0.0194126 0.109358 0.000552949 0.783717 0.000527285 
0.00359449 0.050532 6.00943e-05 0.0155744 0.255994 0.000135429 0.578959 0.095151 
0.00128051 0.117915 3.32397e-07 0.0119902 0.156062 3.02517e-05 0.677171 0.0355501 
0.0358392 0.00665763 3.64321e-09 0.00392389 0.601359 2.52207e-05 0.317728 0.0344674 
0.653994 0.190876 7.6945e-08 0.0249474 0.0863126 0.00192661 0.0198779 0.0220654 
0.000813882 0.0951658 1.90082e-06 0.168045 0.183914 5.47514e-06 0.551838 0.000216965 
0.000357322 0.000395557 2.30515e-07 0.000719526 0.00691468 0.988229 0.00334158 4.17207e-05 
0.0103341 0.228591 2.36328e-06 0.635516 0.0213992 0.000101933 0.103458 0.000597508 
0.000441923 0.248216 0.000121038 0.522805 0.0231056 0.00100532 0.0256245 0.17868 
0.744059 0.207612 2.81695e-08 0.00374259 0.0118722 3.56492e-05 0.028123 0.0045554 
0.00395616 0.00038833 2.78973e-06 0.00665166 0.942849 0.00762574 0.0378157 0.000710299 
0.00167569 0.0868698 9.69963e-08 0.00206545 0.424539 8.5019e-05 0.475581 0.00918437 
0.00776401 0.0555627 1.54701e-05 0.0854111 0.528831 0.0863937 0.0628299 0.173192 
0.0114057 0.174789 1.69237e-07 0.0223416 0.258756 0.000480765 0.483973 0.0482528 
0.757279 0.0258119 8.18418e-07 0.133941 0.0470391 0.00167415 0.0181419 0.0161123 
0.00811383 0.333406 1.36943e-09 0.0046308 0.320762 8.55699e-05 0.288312 0.0446893 
0.00579944 0.0157833 2.51523e-06 0.558461 0.0719641 0.000113981 0.00113183 0.346744 
0.000357322 0.000395557 2.30515e-07 0.000719526 0.00691468 0.988229 0.00334158 4.17207e-05 
0.0101503 0.917808 2.44463e-05 0.0154927 0.0141345 6.1133e-05 0.0089291 0.0334001 
0.00484452 0.498806 0.000646934 0.246554 0.134749 0.0146197 0.0774799 0.0222993 
0.0114608 0.00628948 0.00102313 0.185967 0.551388 0.0285533 0.204631 0.0106885 
0.645808 0.0829366 3.5071e-09 0.035919 0.109195 0.0661136 0.028427 0.0316003 
0.00853798 0.000488766 3.97204e-05 0.0664337 0.918179 0.000388659 0.00571932 0.000213207 
0.100155 0.105372 0.000706775 0.501106 0.177791 0.00118683 0.0698566 0.0438264 
0.000656485 0.0574187 4.59223e-08 0.00617791 0.0578605 1.27033e-06 0.860683 0.0172024 
0.12922 0.0860244 7.68788e-06 0.0157575 0.659236 0.000653567 0.0901126 0.0189889 
0.609766 0.0788831 0.00147463 0.0512278 0.0798993 0.00799069 0.154694 0.0160646 
0.224009 0.0231049 2.97056e-07 0.0149963 0.427721 0.105701 0.18525 0.0192178 
0.581159 0.0595059 8.68557e-05 0.0892517 0.162835 0.0112463 0.0622845 0.0336317 
0.0239094 0.195094 1.51248e-06 0.0764286 0.41169 0.00393589 0.28455 0.00439036 
0.00625016 0.0443518 7.30327e-06 0.0245042 0.691065 0.00352816 0.194006 0.0362875 
0.00705753 0.054893 9.4752e-05 0.0508001 0.346214 0.00026954 0.539363 0.00130753 
0.100859 0.0121123 1.31368e-05 0.690833 0.0581836 0.000176368 0.137422 0.000401087 
0.00594633 0.257622 3.02726e-06 0.466954 0.0659917 0.000745065 0.118192 0.0845461 
0.0106672 0.0222439 0.000202371 0.0478819 0.538019 0.0428308 0.326966 0.011189 
0.000357322 0.000395557 2.30515e-07 0.000719526 0.00691468 0.988229 0.00334158 4.17207e-05 
0.00207371 0.709236 0.000150097 0.160038 0.054582 0.000428359 0.0590301 0.0144619 
0.000357322 0.000395557 2.30515e-07 0.000719526 0.00691468 0.988229 0.00334158 4.17207e-05 
0.000357322 0.000395557 2.30515e-07 0.000719526 0.00691468 0.988229 0.00334158 4.17207e-05 
0.0011511 0.843948 1.18756e-08 0.000443807 0.0030453 3.61767e-07 0.00279992 0.148611 
0.0123188 0.235619 3.4076e-06 0.138421 0.249616 0.113345 0.174446 0.0762307 
0.00159787 0.0300674 3.98232e-05 0.00164426 0.0245773 6.47057e-05 0.903179 0.0388293 
0.00266808 0.0232459 7.27168e-05 0.0338721 0.634408 0.0137524 0.290824 0.00115607 
0.00528945 0.108651 6.4855e-08 0.838397 0.0387564 6.94564e-05 0.00845679 0.000379841 
0.000370018 0.108015 9.40498e-09 0.81042 0.0106513 0.00147604 0.069067 2.22586e-07 
0.000142746 0.0587776 1.04288e-10 0.105747 0.53125 1.44818e-08 0.0673277 0.236755 
0.000588667 0.815928 2.90816e-09 0.070633 0.0440038 0.000610047 0.0519538 0.0162827 
0.010491 0.533325 2.40098e-05 0.0102232 0.0776121 0.000229304 0.336467 0.0316284 
1.50387e-06 0.550949 7.68053e-11 0.440957 0.00627526 0.0017999 1.982e-07 1.63399e-05 
0.000367032 0.00875917 2.16107e-09 0.354557 0.0680265 0.55704 0.0109681 0.000281582 
0.180141 0.18177 3.37807e-08 0.180336 0.337326 0.000362521 0.064013 0.0560518 
0.110574 0.012603 5.22215e-08 0.00648696 0.195885 0.00119881 0.66508 0.00817254 
0.00189084 0.0183647 4.44177e-08 0.00386932 0.0365906 0.000183453 0.912989 0.026112 
6.591e-06 0.0188807 5.59952e-08 0.109691 1.034e-05 1.13547e-07 0.869547 0.00186393 
0.0213071 0.0649133 3.68589e-07 0.0632822 0.340588 0.042104 0.454874 0.0129316 
0.0232258 0.33847 0.000331839 0.454069 0.0425107 0.000710627 0.138788 0.00189315 
0.0040096 0.194074 0.000515423 0.0259901 0.140544 0.000560341 0.615796 0.0185107 
0.00743398 0.0402568 3.94593e-05 0.0581365 0.736095 8.74237e-05 0.153454 0.00449707 
0.00281202 0.604215 0.000171306 0.0463626 0.0580464 0.00304509 0.122991 0.162356 
0.00734007 0.0306954 2.90007e-05 0.0342331 0.746099 0.000209573 0.167341 0.014053 
0.000357322 0.000395557 2.30515e-07 0.000719526 0.00691468 0.988229 0.00334158 4.17207e-05 
0.0130629 0.226931 5.64375e-08 0.0665441 0.0725245 0.000134852 0.29632 0.324482 
0.000823343 0.929556 6.33055e-09 0.00126406 0.0177677 2.76329e-05 0.0320551 0.0185061 
0.000357322 0.000395557 2.30515e-07 0.000719526 0.00691468 0.988229 0.00334158 4.17207e-05 
6.73347e-06 0.00109867 1.20522e-11 0.0996406 5.92315e-05 0.735551 0.0654844 0.0981592 
0.722014 0.00651121 1.42821e-06 0.00594111 0.0569145 0.0702468 0.136603 0.00176786 
0.000357322 0.000395557 2.30515e-07 0.000719526 0.00691468 0.988229 0.00334158 4.17207e-05 
0.00142938 0.0560814 2.90361e-05 0.014447 0.754324 6.83141e-05 0.128156 0.0454655 
0.645808 0.0829366 3.5071e-09 0.035919 0.109195 0.0661136 0.028427 0.0316003 
0.00978473 0.0724438 1.82371e-11 0.359802 0.110663 0.399956 0.00690417 0.0404463 
0.00509551 0.0597313 5.06018e-05 0.00319407 0.920412 0.00169825 0.00200717 0.00781128 
0.00500728 0.0251367 2.43294e-07 0.00219841 0.0317815 8.98788e-05 0.924283 0.0115026 
0.0421101 0.137869 0.000117742 0.0559318 0.359052 0.00694184 0.32807 0.0699075 
0.00786432 0.229817 1.60306e-08 0.0220725 0.579116 0.000562264 0.15869 0.00187803 
0.000156505 0.255921 1.88528e-07 0.428965 0.154801 7.67252e-06 0.155117 0.00503075 
0.00188028 0.0452423 1.12106e-07 0.000567261 0.0120553 5.82195e-05 0.868345 0.0718515 
4.83447e-05 0.044889 8.07983e-10 0.94127 0.00843485 3.20365e-05 0.00532579 1.21499e-07 
5.96123e-06 0.00820973 1.51976e-12 0.000143291 2.02676e-05 5.45287e-08 2.4461e-06 0.991618 
0.016752 0.491071 1.14021e-09 0.335575 0.0698816 4.46013e-07 0.0849356 0.00178339 
0.000626395 0.103942 7.72898e-06 0.0657208 0.704534 0.00552654 0.117974 0.0016689 
0.0759591 0.0235975 1.71362e-06 0.0119348 0.239082 0.000311909 0.643375 0.00573778 
0.000357322 0.000395557 2.30515e-07 0.000719526 0.00691468 0.988229 0.00334158 4.17207e-05 
0.000702468 0.876821 6.38271e-06 0.0128602 0.0118475 9.33494e-05 0.0763397 0.0213294 
0.00529095 0.0501594 4.2505e-06 0.0563123 0.564903 7.16406e-05 0.293559 0.0296992 
0.986186 0.00444715 5.31364e-07 0.00413873 0.00227336 4.66539e-05 0.00226496 0.000642507 
0.0202392 0.021885 2.22671e-05 0.0182111 0.585932 0.000344591 0.349673 0.00369232 
0.0143558 0.0710701 0.000319823 0.014838 0.149981 0.00500825 0.722738 0.0216891 
0.0229815 0.0677026 6.9298e-07 0.00768198 0.127258 0.0101661 0.72761 0.0365988 
0.000357322 0.000395557 2.30515e-07 0.000719526 0.00691468 0.988229 0.00334158 4.17207e-05 
0.000292959 0.00504006 5.78005e-06 0.98318 0.0109287 0.000118591 0.00042445 9.121e-06 
0.000357322 0.000395557 2.30515e-07 0.000719526 0.00691468 0.988229 0.00334158 4.17207e-05 
0.0127688 0.0851927 0.000973015 0.048716 0.533388 0.010135 0.288988 0.0198385 
0.0218746 0.0799379 0.000110264 0.0738365 0.343122 0.0252544 0.439005 0.0168598 
0.00787647 0.00538252 6.95293e-11 0.0104565 0.118661 0.000252001 0.857272 9.92259e-05 
0.00140077 0.0776977 4.75713e-05 0.0101973 0.0793606 0.000996282 0.683461 0.146839 
0.0220624 0.136905 4.40942e-06 0.752287 0.0488483 0.00190987 0.037853 0.000129993 
0.00678853 0.229507 1.63333e-08 0.0241793 0.109784 3.21403e-05 0.0761559 0.553554 
0.00712385 0.0193451 1.59668e-05 0.724874 0.133833 3.09183e-05 0.113001 0.00177531 
0.0128402 0.148601 5.34743e-07 0.128952 0.348366 0.00272906 0.15128 0.207232 
0.000357322 0.000395557 2.30515e-07 0.000719526 0.00691468 0.988229 0.00334158 4.17207e-05 
0.00500728 0.0251367 2.43294e-07 0.00219841 0.0317815 8.98788e-05 0.924283 0.0115026 
0.000273795 0.127792 6.80169e-09 0.0303316 0.0318964 0.000176865 0.0169207 0.792609 
0.0882964 0.0239093 1.75279e-08 0.323158 0.527659 0.000223626 0.036551 0.000203061 
0.00231893 0.209598 0.00016219 0.196713 0.382801 0.00933487 0.0987598 0.100312 
0.138738 0.168808 1.87599e-06 0.074463 0.210999 0.00120694 0.38031 0.0254732 
0.0210258 0.0326662 0.000254893 0.0697383 0.32412 0.0306945 0.488683 0.0328175 
0.00134793 0.024409 2.28893e-06 0.00861517 0.262943 0.000167355 0.695977 0.00653765 
0.00356735 0.119081 9.85145e-06 0.0156297 0.443891 0.000120119 0.373371 0.0443296 
0.000357322 0.000395557 2.30515e-07 0.000719526 0.00691468 0.988229 0.00334158 4.17207e-05 
0.995747 0.000524118 3.50973e-07 0.00216167 0.000402996 0.000479945 0.000434333 0.000249615 
0.000672208 0.119628 4.11584e-07 0.0257185 0.0707673 3.32575e-05 0.753952 0.029229 
0.016106 0.012939 2.27863e-07 0.0243934 0.883695 0.0104874 0.0453412 0.00703758 
0.00936603 0.0997036 0.000487693 0.075041 0.449645 0.00338525 0.348518 0.0138537 
0.000357322 0.000395557 2.30515e-07 0.000719526 0.00691468 0.988229 0.00334158 4.17207e-05 
0.100011 0.0195445 3.87094e-06 0.369961 0.442976 0.000496224 0.0637536 0.00325252 
0.760772 0.0185651 2.18173e-07 0.0505251 0.0103426 7.34869e-05 0.15854 0.00118154 
0.026555 0.480873 4.40866e-05 0.00690864 0.050863 0.000408263 0.250493 0.183855 
0.000357322 0.000395557 2.30515e-07 0.000719526 0.00691468 0.988229 0.00334158 4.17207e-05 
0.242673 0.0124416 2.03051e-06 0.00464646 0.0497237 0.546014 0.139814 0.00468557 
0.0253926 0.0448924 5.42825e-07 0.468674 0.340541 0.000282601 0.112363 0.00785395 
7.79229e-05 0.0195966 7.42951e-08 0.0142583 0.227469 2.97184e-05 0.738514 5.41027e-05 
0.0403214 0.0574739 2.26782e-05 0.174663 0.0714965 0.00212665 0.613185 0.040711 
0.00355203 0.0492122 3.6885e-12 0.000180048 0.109438 0.000144678 0.837156 0.000317382 
0.48946 0.106362 8.99073e-07 0.313565 0.0392431 0.0476545 0.00302226 0.000692065 
0.0759206 0.580461 3.28689e-09 0.0241779 0.215092 0.00132319 0.0872728 0.0157535 
8.6044e-05 0.203057 7.19784e-09 0.00274562 0.56649 1.78813e-06 0.217829 0.00979008 
0.00818079 0.184591 0.000611347 0.017506 0.113475 0.0166012 0.519313 0.139723 
0.188266 0.0102278 6.22964e-06 0.00935216 0.0688514 0.00198661 0.706548 0.0147611 
0.305497 0.0111881 5.21173e-06 0.00372244 0.0560997 0.387368 0.231897 0.00422212 
0.0028636 0.0277348 1.3187e-07 0.00206584 0.043114 4.81662e-05 0.916628 0.00754511 
0.0389892 0.100146 2.5252e-05 0.0158753 0.562513 0.0115613 0.25325 0.0176396 
0.0042659 0.696258 1.59465e-08 0.00809308 8.78373e-07 1.30275e-07 1.488e-07 0.291381 
0.0210784 0.306645 2.89642e-06 0.0175657 0.169883 0.00692704 0.210922 0.266976 
0.00213916 0.14565 3.78373e-09 0.00169323 0.38688 2.98348e-05 0.461471 0.00213642 
0.00127964 0.186712 7.31492e-07 0.0107366 0.69155 2.3767e-05 0.0767929 0.0329042 
0.00403911 0.22189 8.67754e-09 0.285175 0.0957448 0.0356993 0.357153 0.000299237 
0.0963592 0.160636 1.69866e-06 0.0803972 0.394372 0.0311024 0.216565 0.0205679 
0.000357322 0.000395557 2.30515e-07 0.000719526 0.00691468 0.988229 0.00334158 4.17207e-05 
0.0263621 0.0246254 2.37007e-05 0.0840866 0.679818 0.0233464 0.155363 0.00637504 
0.00584045 0.0578921 2.23226e-06 0.0308594 0.261733 0.000291932 0.613113 0.0302673 
0.00254209 0.0153362 9.40413e-07 0.00332882 0.065955 0.000124467 0.910653 0.002059 
0.0410934 0.137847 2.05068e-05 0.109692 0.265923 0.000995863 0.40673 0.0376976 
0.946942 0.0084654 2.12379e-12 0.00422717 0.0288592 0.000380251 0.00531473 0.00581147 
0.00509551 0.0597313 5.06018e-05 0.00319407 0.920412 0.00169825 0.00200717 0.00781128 
0.00120002 0.0556067 1.20079e-05 0.00642827 0.931678 0.00011449 0.000375428 0.00458487 
0.00264416 0.201798 0.00224516 0.023995 0.416195 0.0437605 0.202663 0.106698 
0.00385138 0.785503 6.59078e-07 0.0204343 0.0754668 1.41084e-06 0.110096 0.00464629 
0.210677 0.00359164 0.00232162 0.0744038 0.0426304 0.56339 0.011862 0.0911241 
7.8846e-05 0.232004 1.18883e-07 0.604708 0.0329054 0.000435805 0.0484158 0.0814522 
0.000357322 0.000395557 2.30515e-07 0.000719526 0.00691468 0.988229 0.00334158 4.17207e-05 
0.0183682 0.0456865 0.00137632 0.0551907 0.756573 0.00521823 0.109762 0.00782504 
0.00427323 0.342308 8.26922e-06 0.00905232 0.0702217 0.0143622 0.0692443 0.49053 
0.00500728 0.0251367 2.43294e-07 0.00219841 0.0317815 8.98788e-05 0.924283 0.0115026 
0.00140142 0.00127727 1.30278e-11 0.126114 0.040503 0.000285206 0.830399 2.02626e-05 
0.00935307 0.327523 3.10255e-07 0.199921 0.181786 0.000425306 0.178389 0.102602 
0.00022007 0.0179083 4.54633e-11 0.00125625 0.850872 6.42698e-09 0.127282 0.00246133 
0.0388653 0.0285631 0.000198409 0.016834 0.0911471 0.70746 0.116094 0.000838296 
0.000357322 0.000395557 2.30515e-07 0.000719526 0.00691468 0.988229 0.00334158 4.17207e-05 
0.132579 0.0438952 0.00132791 0.259376 0.322139 0.149126 0.0808841 0.0106715 
6.20681e-05 0.874346 2.08268e-09 0.00104546 0.00469799 8.34089e-06 0.0680265 0.051814 
0.00251541 0.818405 5.05404e-07 2.27016e-05 8.65862e-05 0.141892 0.0357429 0.00133461 
0.76085 0.0323265 9.09734e-07 0.0116619 0.0443839 0.0718673 0.0755906 0.00331847 
0.00155182 0.00983024 5.80209e-10 0.948726 0.0288646 0.000873509 0.0101539 2.11105e-07 
0.271088 0.0519826 0.000136178 0.0505732 0.037243 0.530546 0.0157514 0.0426795 
0.00491871 0.165772 1.74986e-05 0.367287 0.202232 0.000246805 0.0778234 0.181702 
0.00443496 0.0278866 1.56119e-05 0.872786 0.0799727 0.00100586 0.013833 6.51314e-05 
0.00483242 0.0632812 1.53435e-05 0.066233 0.605155 0.00300772 0.241128 0.0163471 
0.00212072 0.0693092 0.000114871 0.0229963 0.218147 0.000403435 0.575824 0.111085 
0.02871 0.0277834 1.89457e-06 0.02768 0.206204 0.3958 0.284825 0.0289957 
0.0139399 0.00612457 8.25529e-07 0.0178846 0.791393 0.00876244 0.15702 0.00487541 
0.000263786 0.952747 2.16708e-09 0.00323081 0.0171301 6.06723e-05 0.0223729 0.00419439 
0.516737 0.162689 1.6574e-09 0.0112482 0.107344 2.98316e-06 0.117705 0.0842754 
0.00518888 0.117981 0.000136891 0.0429727 0.260941 0.00126598 0.549211 0.0223023 
0.0160081 0.0486059 2.03279e-05 0.138891 0.0585161 0.00023162 0.698002 0.0397245 
0.680935 0.0199214 1.71178e-05 0.098549 0.144617 0.00158958 0.0198251 0.034546 
0.00121007 6.81679e-05 5.7633e-09 0.00744151 0.91265 0.0259221 0.0526838 2.46767e-05 
0.000138462 0.170842 9.01307e-06 0.000795027 0.0176291 9.23345e-05 0.0337066 0.776788 
0.0147714 0.0777969 0.00084331 0.598233 0.207366 0.000929245 0.0200919 0.079968 
0.4052 0.0363923 2.57789e-06 0.0297687 0.183578 0.0614171 0.260333 0.023308 
0.000357322 0.000395557 2.30515e-07 0.000719526 0.00691468 0.988229 0.00334158 4.17207e-05 
0.0081908 0.0851745 0.000911528 0.0350115 0.730427 0.00251895 0.118798 0.0189677 
0.000357322 0.000395557 2.30515e-07 0.000719526 0.00691468 0.988229 0.00334158 4.17207e-05 
0.00633378 0.00181117 2.04044e-07 0.230739 0.185825 0.471393 0.10343 0.000466929 
0.0119502 0.0205366 0.000164968 0.0345001 0.404552 0.00205966 0.518103 0.00813393 
0.057223 0.103888 2.00133e-05 0.0169716 0.448043 0.0157153 0.313389 0.0447499 
0.508487 0.0456984 3.32693e-05 0.0194778 0.0968547 0.00377993 0.324719 0.000950165 
0.0903348 0.497636 2.07711e-05 0.0238907 0.0729713 0.000496152 0.0897225 0.224928 
0.000357322 0.000395557 2.30515e-07 0.000719526 0.00691468 0.988229 0.00334158 4.17207e-05 
0.00216544 0.394111 1.00907e-09 0.000601206 0.109344 8.76297e-05 0.493646 4.38778e-05 
0.375722 0.047724 3.59894e-06 0.0417251 0.278685 0.0573407 0.106668 0.0921322 
0.000724591 0.543041 7.37814e-08 0.169064 0.0342024 1.1419e-07 0.0136081 0.23936 
0.00738608 0.588315 0.000117758 0.0389923 0.248207 0.00616567 0.0554825 0.0553341 
0.000357322 0.000395557 2.30515e-07 0.000719526 0.00691468 0.988229 0.00334158 4.17207e-05 
0.000357322 0.000395557 2.30515e-07 0.000719526 0.00691468 0.988229 0.00334158 4.17207e-05 
8.63236e-06 8.75104e-06 9.02897e-11 0.999513 1.04863e-08 0.000455103 3.11088e-07 1.38951e-05 
0.00452267 0.00506981 4.55348e-05 0.00282551 0.667513 0.038078 0.278351 0.00359492 
0.00998037 0.000565655 2.08072e-06 0.00192484 0.0232567 1.74249e-05 0.963396 0.000856987 
8.20049e-05 0.106851 6.30047e-10 0.0024807 0.34596 0.00105369 0.54352 5.2324e-05 
0.516737 0.162689 1.6574e-09 0.0112482 0.107344 2.98316e-06 0.117705 0.0842754 
0.0030206 0.022925 3.72834e-05 0.0420105 0.869079 0.000200183 0.0613532 0.00137408 
0.0157541 0.0232359 3.39183e-06 0.0305536 0.658288 0.00502985 0.210936 0.0561986 
0.0170474 0.0599936 5.79353e-05 0.0411735 0.603304 0.0226738 0.225263 0.0304869 
0.00837418 0.105885 2.28614e-06 0.0197944 0.719275 0.00393539 0.134483 0.00825039 
0.946942 0.0084654 2.12379e-12 0.00422717 0.0288592 0.000380251 0.00531473 0.00581147 
0.00284251 0.00320981 7.76734e-05 0.241607 0.442795 0.000105421 0.295239 0.0141232 
0.165284 0.178868 8.49426e-05 0.175413 0.32986 0.0267402 0.0965914 0.0271585 
0.0170055 0.00840042 6.57526e-09 0.00494169 0.303442 3.42628e-06 0.665789 0.000418884 
0.00326159 0.212033 6.61867e-07 0.000596465 0.00774398 0.0736522 0.0385928 0.664119 
2.45775e-05 0.972175 7.05153e-11 0.00754792 1.18027e-07 4.4772e-05 0.00627365 0.0139342 
0.0523981 0.247086 1.52245e-05 0.135135 0.498644 9.53815e-05 0.0652979 0.00132803 
0.317154 0.387756 4.70483e-07 0.182518 0.0515077 0.00381325 0.0405378 0.0167128 
0.000148776 0.0187745 3.76105e-08 0.00204329 0.972644 4.45378e-06 0.00630613 7.8715e-05 
0.000357322 0.000395557 2.30515e-07 0.000719526 0.00691468 0.988229 0.00334158 4.17207e-05 
0.0146422 0.0086577 1.08703e-07 0.00507854 0.516069 0.090512 0.351562 0.0134778 
0.00444932 0.111942 9.0646e-05 0.251438 0.233543 0.000907471 0.287445 0.110184 
0.222327 0.0109886 2.69406e-07 0.000218651 0.0483128 0.000133929 0.653554 0.0644646 
0.000857444 0.188453 2.3401e-07 0.371556 0.0444915 0.0362443 0.355763 0.00263407 
0.222327 0.0109886 2.69406e-07 0.000218651 0.0483128 0.000133929 0.653554 0.0644646 
0.000357322 0.000395557 2.30515e-07 0.000719526 0.00691468 0.988229 0.00334158 4.17207e-05 
0.655384 0.00760102 1.68471e-06 0.00453815 0.0500865 6.43317e-05 0.263436 0.0188886 
0.000698484 0.315948 2.19806e-11 0.0301983 0.13685 0.00158514 0.486787 0.0279331 
0.000445213 0.14768 1.63211e-07 0.154364 0.335923 3.94423e-05 0.353397 0.00815042 
0.51852 0.364102 0.000104529 0.0284779 0.0259094 0.00495504 0.0483899 0.00954151 
0.000485218 0.508308 5.00828e-05 0.420802 0.042796 0.000170054 0.00727729 0.0201109 
0.0075387 0.162677 1.11534e-09 0.120049 0.501268 0.000196201 0.208125 0.00014713 
0.000357322 0.000395557 2.30515e-07 0.000719526 0.00691468 0.988229 0.00334158 4.17207e-05 
0.000325983 0.00457398 3.44744e-12 0.022192 0.879528 5.39045e-09 0.0932211 0.000158985 
2.03003e-05 0.000719405 7.46201e-12 0.997516 1.18108e-08 0.000482477 1.66826e-05 0.00124534 
0.00495139 0.680033 3.97134e-09 0.049532 0.027989 0.000221026 0.0556253 0.181648 
0.0381048 0.116149 8.57711e-08 0.658281 0.160806 0.0160243 0.00617621 0.00445898 
0.000357322 0.000395557 2.30515e-07 0.000719526 0.00691468 0.988229 0.00334158 4.17207e-05 
0.0206534 0.0598904 0.000130957 0.220568 0.394799 0.0284789 0.269235 0.00624478 
0.00292727 0.0259175 8.20975e-09 0.00236121 0.0698624 0.000111464 0.803542 0.0952781 
0.015894 0.0195679 1.0243e-05 0.00765262 0.0503967 0.000307492 0.87647 0.0297006 
0.381747 0.31064 2.88562e-05 0.00745562 0.0449336 0.00121954 0.227803 0.0261726 
0.00500728 0.0251367 2.43294e-07 0.00219841 0.0317815 8.98788e-05 0.924283 0.0115026 
0.000357322 0.000395557 2.30515e-07 0.000719526 0.00691468 0.988229 0.00334158 4.17207e-05 
0.00269368 0.0282999 0.000362756 0.0371494 0.0766811 0.0275303 0.824993 0.0022903 
0.000357322 0.000395557 2.30515e-07 0.000719526 0.00691468 0.988229 0.00334158 4.17207e-05 
0.000215098 0.0547146 3.17002e-06 0.799461 0.109538 3.23095e-05 0.0356184 0.000417479 
0.000357322 0.000395557 2.30515e-07 0.000719526 0.00691468 0.988229 0.00334158 4.17207e-05 
0.00253678 0.0787213 2.15059e-07 0.851803 0.0334106 0.00343284 0.029791 0.00030413 
0.00500728 0.0251367 2.43294e-07 0.00219841 0.0317815 8.98788e-05 0.924283 0.0115026 
0.222327 0.0109886 2.69406e-07 0.000218651 0.0483128 0.000133929 0.653554 0.0644646 
0.00254209 0.0153362 9.40413e-07 0.00332882 0.065955 0.000124467 0.910653 0.002059 
0.000760236 0.0283628 7.05601e-06 0.036679 0.29729 1.23315e-05 0.636685 0.000203475 
0.870074 0.0150624 0.00024016 0.0594912 0.0223935 0.00319128 0.0283488 0.00119851 
0.00962846 0.0145203 0.000731211 0.14533 0.441191 0.0203995 0.360564 0.00763571 
0.0050674 0.791036 0.00106099 0.0210643 0.0447963 0.00213985 0.0697766 0.0650581 
0.000251484 0.649412 4.00681e-08 0.00128603 0.00975693 2.82834e-05 0.21535 0.123915 
0.00409368 0.249242 8.97061e-06 0.0296398 0.404292 0.00942759 0.251755 0.0515412 
4.37497e-05 0.928493 9.21466e-08 0.0130492 0.0405273 0.000499255 0.0163548 0.00103263 
0.00237123 0.72067 7.69169e-06 0.0414372 0.145147 0.00766064 0.0521656 0.03054 
0.0175303 0.041375 3.75914e-06 0.0155565 0.311431 3.50682e-05 0.610175 0.00389396 
0.000243636 0.484266 3.92702e-11 0.0475656 0.104037 0.00216205 0.361726 5.7398e-07 
0.000357322 0.000395557 2.30515e-07 0.000719526 0.00691468 0.988229 0.00334158 4.17207e-05 
0.0124416 0.0612931 0.000504747 0.037442 0.669533 0.00263906 0.199566 0.0165813 
0.000287147 0.0247084 9.83487e-10 0.000578056 0.00397341 8.19304e-06 0.0049629 0.965482 
0.000357322 0.000395557 2.30515e-07 0.000719526 0.00691468 0.988229 0.00334158 4.17207e-05 
0.0110644 0.0368463 0.00129432 0.0487248 0.651108 0.00230593 0.216477 0.0321793 
0.00346451 0.0135719 3.53389e-05 0.0822586 0.816758 0.0122953 0.0705523 0.00106388 
0.00023077 0.228457 1.75011e-05 0.433035 0.0909284 0.000633389 0.151379 0.0953192 
0.000404079 0.00357607 7.24419e-06 0.125215 0.041877 0.000271427 0.828527 0.000121712 
0.0665327 0.0587994 2.47037e-07 0.216647 0.259761 0.281636 0.115882 0.000741747 
0.155085 0.0662904 2.08685e-06 0.457354 0.299098 0.00144541 0.0147722 0.0059525 
0.00315336 0.0627785 4.33914e-07 0.0531242 0.09879 0.000751235 0.781018 0.000384061 
1.61856e-05 0.047153 5.59259e-07 0.000568808 0.837654 7.05899e-07 0.11078 0.00382641 
0.00842319 0.0645751 3.38404e-05 0.00505407 0.106098 0.000759468 0.795239 0.0198167 
0.000357322 0.000395557 2.30515e-07 0.000719526 0.00691468 0.988229 0.00334158 4.17207e-05 
0.620456 0.0224363 4.97836e-07 0.00070077 0.0382872 0.00331143 0.308866 0.00594164 
0.15375 0.126163 5.11986e-05 0.115352 0.308542 0.201406 0.0622247 0.0325108 
0.0365573 0.024481 1.69517e-06 0.0560284 0.0554609 0.621899 0.063112 0.14246 
0.000826845 0.548204 9.64484e-05 0.0896916 0.0445253 0.000736703 0.315333 0.000586265 
0.33138 0.0560559 1.72784e-06 0.29457 0.162503 0.000846035 0.109476 0.0451669 
