2.31333e-07 0.000284153 5.68293e-07 0.998681 0.000442541 0.000161727 0.000429731 1.16824e-07 
0.0269871 0.111999 0.00157713 0.685453 0.128148 0.000138675 0.0423045 0.00339307 
0.0476904 0.118882 1.86483e-07 0.536436 0.106633 0.0332635 0.0802174 0.0768769 
0.026481 0.094195 0.189144 0.473535 0.120599 0.00194089 0.0850875 0.0090175 
0.00102282 5.82774e-05 4.64635e-06 0.564221 0.392447 0.000658587 0.0415819 5.79777e-06 
0.0356185 0.217847 0.000144028 0.430912 0.0472032 0.0235656 0.0225508 0.222159 
0.00113117 0.014627 5.26353e-05 0.408495 0.237944 9.42957e-06 0.337685 5.67952e-05 
4.48525e-08 0.0750638 0.00125724 0.84152 0.00975883 0.000255599 0.0118084 0.0603357 
0.000748431 3.17835e-05 0.00225749 0.926207 0.00915912 0.0609685 0.000567234 6.08644e-05 
0.000362718 9.4271e-05 1.11568e-05 0.971361 0.00220299 8.90822e-06 0.025001 0.000958343 
0.0276572 0.0540886 0.00439595 0.291933 0.214686 0.207893 0.199102 0.000244592 
0.0137619 0.0275291 0.000115696 0.835305 0.0672287 0.0219248 0.021874 0.012261 
0.0144549 0.250847 7.36911e-06 0.354252 0.236335 0.000844354 0.117008 0.0262502 
0.00748966 0.021578 0.000116983 0.571719 0.202354 0.00013737 0.196046 0.000559226 
2.03003e-05 0.000719405 7.46201e-12 0.997516 1.18108e-08 0.000482477 1.66826e-05 0.00124534 
0.0175594 0.247173 5.35355e-05 0.566729 0.0163819 1.15266e-08 0.150991 0.00111153 
0.00232058 0.033201 1.89897e-06 0.702783 0.216669 0.00811287 0.036905 6.60561e-06 
0.0280246 0.0665759 0.00024155 0.48168 0.328156 0.00249618 0.0747303 0.0180953 
0.0299741 0.329235 9.81938e-06 0.341118 0.0886362 3.12021e-05 0.201245 0.00975073 
0.0442759 0.323796 4.45681e-07 0.408571 0.152415 8.1544e-05 0.0680544 0.00280555 
0.000372443 0.00222648 2.84533e-05 0.995367 0.00017548 1.0109e-05 0.000400545 0.00141986 
0.0381087 0.117601 0.000239165 0.433401 0.173951 0.103555 0.0870686 0.0460762 
0.00727549 0.00920583 2.17872e-06 0.904746 0.0599043 7.74068e-07 0.0166662 0.00219961 
0.122798 0.0756477 4.02374e-08 0.405998 0.320897 0.0411063 0.031651 0.00190137 
0.000823773 0.0549254 1.26773e-06 0.62465 0.205589 0.000104361 0.113886 2.06774e-05 
0.195632 0.0708546 0.00327835 0.594583 0.0517578 0.00547697 0.0768157 0.00160198 
0.000182666 0.00951699 0.00461409 0.970769 0.012199 2.40619e-05 0.00259476 9.95493e-05 
0.00399687 0.00911724 7.10318e-07 0.404009 0.369645 0.171239 0.0419778 1.52744e-05 
1.97515e-06 0.178793 1.61225e-09 0.817112 0.00409134 5.72808e-10 2.17179e-06 3.31429e-10 
0.0170097 0.0681688 4.05212e-05 0.598214 0.215621 0.00026369 0.0932779 0.00740465 
0.00584044 0.0578567 5.50555e-07 0.505782 0.339835 0.00382251 0.0774905 0.00937234 
0.0283089 0.0626172 4.12218e-05 0.716847 0.044131 0.0372527 0.110257 0.000544311 
0.000748431 3.17835e-05 0.00225749 0.926207 0.00915912 0.0609685 0.000567234 6.08644e-05 
0.0348449 0.000870449 4.05336e-10 0.403428 0.255053 1.33429e-06 0.305802 1.32803e-07 
0.0111775 0.0825197 1.95516e-05 0.563925 0.105669 2.13024e-05 0.233256 0.00341167 
0.00727291 0.0280104 0.0889664 0.483373 0.293557 0.000842651 0.0974202 0.000556942 
3.23232e-05 0.233413 0.000144897 0.514732 0.118184 0.00288159 0.121586 0.00902655 
0.164444 0.183331 0.000436641 0.468609 0.0634461 0.00313042 0.109845 0.00675848 
0.00898517 0.038435 0.00294852 0.811173 0.0755922 0.000170696 0.06142 0.00127525 
2.92349e-10 2.07463e-06 7.18186e-10 0.986232 0.000643238 0.00274846 0.0103742 4.01667e-07 
0.0223691 0.162977 6.32681e-06 0.542869 0.0882926 0.000269549 0.182218 0.000999334 
2.36773e-06 0.0473286 2.27872e-06 0.352932 0.264503 0.0024552 0.332774 3.43853e-06 
0.000861278 0.0931575 1.22799e-07 0.866454 0.0370995 4.36286e-08 0.00242739 8.0261e-08 
8.63236e-06 8.75104e-06 9.02897e-11 0.999513 1.04863e-08 0.000455103 3.11088e-07 1.38951e-05 
0.0620326 0.013737 0.000690375 0.716228 0.144512 0.000340008 0.0572395 0.00522071 
0.010683 0.100271 0.02418 0.501782 0.112437 0.000194873 0.242005 0.00844668 
0.000748431 3.17835e-05 0.00225749 0.926207 0.00915912 0.0609685 0.000567234 6.08644e-05 
0.023799 0.0153195 6.11024e-05 0.463589 0.390771 0.00187902 0.00760411 0.0969779 
0.00752012 0.129282 0.00015109 0.793786 0.0222197 4.26157e-06 0.0470248 1.26456e-05 
0.000595706 0.0290316 3.46422e-06 0.934915 0.018692 7.42734e-06 0.0167539 1.06739e-06 
0.00148867 0.0707137 0.00044631 0.488254 0.298286 0.000835586 0.090725 0.0492511 
0.00121 0.00291733 0.00129053 0.92364 0.0559494 0.00534919 0.0090203 0.000623223 
0.010134 0.120501 0.00124542 0.47053 0.0993877 0.000591378 0.249501 0.0481093 
0.122798 0.0756477 4.02374e-08 0.405998 0.320897 0.0411063 0.031651 0.00190137 
0.00344742 0.0463599 0.00109215 0.843486 0.0224955 0.00228183 0.000992526 0.0798443 
0.0108895 0.0734307 0.00721274 0.792886 0.102731 0.00160969 0.0107246 0.000516194 
0.000182666 0.00951699 0.00461409 0.970769 0.012199 2.40619e-05 0.00259476 9.95493e-05 
0.0228043 0.0665832 0.202368 0.308032 0.137872 0.0027886 0.259261 0.000290094 
0.000748431 3.17835e-05 0.00225749 0.926207 0.00915912 0.0609685 0.000567234 6.08644e-05 
0.00196599 0.100406 1.87099e-06 0.587529 0.145487 2.3387e-05 0.162499 0.00208718 
5.54898e-07 0.003512 1.24962e-06 0.995308 3.68401e-11 0.00117727 1.2288e-06 1.16712e-10 
0.00801131 0.0199737 2.29386e-05 0.764332 0.00289284 4.11324e-05 0.143089 0.0616377 
0.00644289 0.0167432 2.42825e-09 0.558215 0.199119 0.00184861 0.217497 0.0001342 
0.00791051 0.132349 2.1859e-05 0.771852 0.0735459 0.00128962 0.0102143 0.00281707 
0.0253064 0.128561 0.000244786 0.53032 0.191568 0.00120327 0.0926747 0.0301216 
0.249312 0.269398 9.66569e-07 0.270209 0.0981204 0.000112664 0.0944647 0.0183834 
0.0671358 0.0160715 0.400978 0.463392 0.00311061 0.0454598 0.00365231 0.000200163 
0.00150412 0.00159926 0.0182155 0.514344 0.286213 0.00188442 0.176239 5.17356e-07 
0.000563467 0.0732988 7.61021e-05 0.795866 0.0772356 0.000346094 0.035901 0.0167126 
6.15675e-05 0.00227048 3.00177e-05 0.994899 0.000153587 5.43985e-05 6.18536e-05 0.00246885 
3.43125e-06 0.111958 9.63519e-06 0.841984 0.039315 1.01132e-06 0.00663021 9.85531e-05 
0.00846502 0.0496052 3.56063e-06 0.799279 0.0244567 2.51351e-05 0.117952 0.000213832 
0.0786633 0.0589579 4.17181e-06 0.470638 0.276216 0.000156319 0.0743808 0.0409835 
0.0206964 0.0349098 0.00201216 0.88369 0.0223903 0.000326488 0.0176083 0.0183662 
0.00808902 0.0952737 4.4914e-06 0.492061 0.212899 1.84406e-05 0.171677 0.0199779 
0.00170706 0.116627 0.000139815 0.746778 0.0713468 0.00102175 0.0400037 0.0223758 
0.00761355 0.0454406 0.0068345 0.522074 0.22688 0.0053997 0.183873 0.00188415 
8.13209e-07 0.00554016 1.31922e-07 0.883156 0.0231794 0.00189925 0.0858038 0.000420553 
0.013289 0.281054 5.00146e-05 0.297651 0.170861 0.000421514 0.193437 0.0432355 
4.72942e-05 3.72372e-06 8.41845e-09 0.989763 0.0101777 5.68577e-06 2.62844e-06 1.73058e-09 
0.0190657 0.0608819 0.000461449 0.68295 0.161969 2.29689e-06 0.0705322 0.00413717 
0.0313406 0.0486587 0.000115018 0.429994 0.291351 0.000921331 0.151968 0.0456507 
9.33735e-07 0.028191 3.15267e-06 0.803235 0.0149595 0.000369582 0.104009 0.0492316 
0.132006 0.165677 6.10009e-06 0.599889 0.0782833 0.00591179 0.0176173 0.000609811 
0.0229798 7.92863e-05 4.18876e-06 0.95942 0.0125327 1.71015e-05 0.00496087 6.33754e-06 
0.000706251 6.85377e-05 1.17602e-05 0.809395 0.0393049 0.0451331 0.0942164 0.0111641 
0.0267417 0.0314003 3.07316e-06 0.370808 0.260991 7.42091e-05 0.299035 0.0109458 
0.00563649 0.0659673 4.0009e-05 0.715029 0.16318 0.000186694 0.0460913 0.00386919 
0.264676 0.0275161 7.21635e-07 0.33983 0.209924 0.060242 0.096705 0.00110575 
0.0033677 0.169936 0.000994881 0.62702 0.172502 0.000281215 0.020616 0.00528295 
0.000361175 0.0837747 2.63599e-06 0.778272 0.106825 1.36029e-06 0.0295905 0.00117294 
0.0241918 0.108677 7.29155e-07 0.686701 0.158768 3.88567e-07 0.0134352 0.00822582 
0.0290921 0.11081 0.000663009 0.580865 0.217345 0.000958559 0.0404058 0.0198598 
4.55655e-06 0.00505058 2.03827e-05 0.993154 0.00010303 0.000617527 0.00104963 1.79904e-07 
0.00155182 0.00983024 5.80209e-10 0.948726 0.0288646 0.000873509 0.0101539 2.11105e-07 
2.58207e-10 0.203184 9.16245e-05 0.462358 0.135362 4.94426e-05 0.197391 0.00156422 
0.00669067 1.98011e-05 0.00037641 0.881851 1.40836e-10 0.000133733 0.110929 4.46179e-10 
0.00438688 0.202088 9.14386e-06 0.557772 0.157227 3.34092e-05 0.039809 0.038674 
0.00186604 0.0808859 1.29921e-06 0.451133 0.253843 0.0300591 0.170906 0.0113063 
0.0838109 0.0286864 1.99999e-07 0.764141 0.0819563 4.90612e-06 0.0400635 0.00133645 
0.00947158 0.116951 2.58243e-07 0.694045 0.144853 0.00497984 0.0294926 0.000205909 
0.011948 0.0571365 1.10016e-05 0.643746 0.111014 0.0645445 0.111212 0.000387884 
2.92349e-10 2.07463e-06 7.18186e-10 0.986232 0.000643238 0.00274846 0.0103742 4.01667e-07 
2.92349e-10 2.07463e-06 7.18186e-10 0.986232 0.000643238 0.00274846 0.0103742 4.01667e-07 
0.0285934 0.175911 0.000241097 0.517385 0.139639 0.00193563 0.133022 0.00327292 
0.151262 0.0959584 3.68676e-05 0.748906 3.68937e-05 3.68856e-05 0.00372627 3.68898e-05 
0.148486 0.149176 0.000130259 0.283222 0.060494 0.282207 0.0694991 0.006785 
0.00353876 0.159456 2.9165e-05 0.724048 0.0403079 0.00015705 0.0448869 0.0275768 
0.0278005 0.12018 0.00573663 0.780686 0.0285817 0.0106336 0.0222959 0.00408517 
0.00337197 0.107258 1.23856e-05 0.771433 0.0226941 0.000545801 0.0115517 0.0831325 
0.0125638 0.019028 1.5258e-05 0.494803 0.262549 0.0254483 0.142307 0.0432852 
0.00122762 0.0347977 1.32117e-05 0.894947 0.0589343 0.000148843 0.00979147 0.00013989 
0.0866546 0.0536822 0.00214864 0.445101 0.249338 0.0523912 0.108227 0.00245759 
0.005495 0.0639549 6.61057e-09 0.335256 0.315536 5.89488e-05 0.236349 0.0433508 
0.000557418 0.177234 1.63261e-06 0.679598 0.0542635 0.00087176 0.0871284 0.000345276 
0.0147882 0.124015 0.00236273 0.455798 0.187924 0.00158683 0.193618 0.0199068 
0.0156142 0.00239318 0.000884558 0.559036 0.262583 0.0658149 0.0224141 0.0712594 
0.000451797 0.00675224 3.28149e-09 0.966966 0.021966 1.38414e-05 0.00358361 0.00026635 
0.0102839 0.0701682 2.02577e-05 0.887984 0.0255408 5.21295e-05 0.0039764 0.0019748 
0.02689 0.105437 0.00155045 0.766006 0.0489792 0.000606677 0.045869 0.00466156 
0.00576612 0.181561 0.000886247 0.623973 0.123788 0.000187942 0.0602705 0.00356723 
0.0186603 0.241274 0.000635939 0.452166 0.10057 0.000372002 0.144722 0.0415991 
0.00162382 0.0870569 0.000328236 0.499936 0.122551 0.00258963 0.0805307 0.205383 
4.83447e-05 0.044889 8.07983e-10 0.94127 0.00843485 3.20365e-05 0.00532579 1.21499e-07 
0.104907 0.0983761 3.27586e-05 0.796553 3.27818e-05 3.27746e-05 3.27819e-05 3.27784e-05 
0.00487963 0.0515548 5.83657e-09 0.759814 0.13974 4.05538e-06 0.0264253 0.0175823 
0.0021258 0.217929 0.000194009 0.659269 0.0332425 0.000269923 0.0222293 0.0647404 
0.0034608 0.0581211 0.000164006 0.864604 0.0428987 0.000472635 0.0270921 0.00318658 
0.0033677 0.169936 0.000994881 0.62702 0.172502 0.000281215 0.020616 0.00528295 
0.0269352 0.107154 1.31111e-06 0.297127 0.246579 0.0138374 0.250895 0.0574719 
6.02355e-05 0.0187932 7.50147e-07 0.88455 0.0475723 8.85523e-06 0.0489875 2.7157e-05 
0.0107656 0.0193465 1.0115e-07 0.928539 0.0166227 0.0010194 0.0234045 0.000302411 
1.45208e-07 0.286998 1.22964e-10 0.675633 0.0249057 1.70424e-07 0.0124625 5.31084e-08 
0.000351092 0.255962 4.16815e-07 0.576166 0.0784799 0.000294274 0.0210298 0.0677162 
0.0315448 0.0268203 0.0019117 0.749941 0.156178 0.015574 0.0136167 0.00441375 
2.92349e-10 2.07463e-06 7.18186e-10 0.986232 0.000643238 0.00274846 0.0103742 4.01667e-07 
0.014281 0.191497 0.000400059 0.674292 0.0277014 0.00108621 0.0780306 0.0127119 
7.04554e-08 0.0534761 0.397948 0.540436 0.00063129 6.1493e-08 0.00748297 2.63513e-05 
0.00433465 0.0578739 0.000155599 0.386607 0.273002 0.000100113 0.277813 0.000113473 
0.00369334 0.0851384 1.33051e-08 0.329404 0.28925 0.129461 0.163023 3.12482e-05 
0.00182379 0.102335 0.000533434 0.561468 0.123545 8.3141e-05 0.147308 0.0629035 
9.36781e-07 0.118654 2.11904e-11 0.835004 0.0457512 1.33265e-07 4.59649e-07 0.000590004 
0.00371981 0.168557 4.68988e-10 0.350921 0.168883 0.000309344 0.306127 0.00148271 
0.217653 0.0149631 0.0666402 0.309928 0.130886 0.117732 0.113318 0.0288804 
7.61714e-07 0.01968 5.41112e-05 0.965371 0.00972075 6.6482e-07 0.00484582 0.00032734 
0.000619919 0.0989221 2.51099e-08 0.743409 0.0550582 0.00724114 0.0947471 2.03705e-06 
0.0141602 0.00351402 9.07064e-08 0.596093 0.198111 0.0613611 0.126722 3.79832e-05 
3.16323e-05 0.110771 3.16181e-05 0.870059 3.16405e-05 0.0190117 3.16405e-05 3.16371e-05 
0.0157746 0.00265344 0.00576602 0.552543 0.325749 0.000248774 0.0972655 3.10007e-10 
0.00113214 0.215618 5.22603e-07 0.3174 0.0989155 0.000332023 0.220501 0.1461 
0.00025309 0.0387624 0.000176277 0.941017 1.56233e-05 2.71988e-06 0.0197185 5.46328e-05 
0.0703694 0.0308772 2.61469e-06 0.465179 0.356115 0.00314178 0.0743123 2.61627e-06 
0.113099 0.106127 0.00032675 0.627149 0.106978 0.00142412 0.0339411 0.0109551 
0.00871753 0.0483129 0.00634697 0.535153 0.107848 3.52153e-05 0.292943 0.000643785 
0.0146517 0.0606476 0.000788822 0.785557 0.0777163 0.000226683 0.0405149 0.0198972 
0.0191061 0.321845 0.00265396 0.486003 0.0506061 0.0178686 0.0771466 0.0247705 
0.0348449 0.000870449 4.05336e-10 0.403428 0.255053 1.33429e-06 0.305802 1.32803e-07 
2.37371e-05 0.094667 5.75642e-05 0.839363 0.00987253 0.000284927 0.031292 0.024439 
0.000502267 0.26756 0.00125035 0.322374 0.209328 0.000733114 0.116621 0.0816324 
0.00809064 0.0104055 1.053e-08 0.966093 8.45604e-07 3.74116e-09 0.0117847 0.00362488 
0.0394142 0.0719378 0.00474842 0.399269 0.316259 0.0156182 0.139973 0.0127806 
0.270992 0.271352 4.62647e-07 0.446277 0.000782861 0.000275358 0.00649784 0.00382281 
0.0141833 0.0406983 0.00118825 0.715018 0.0383357 6.36764e-05 0.189713 0.000799471 
0.00224719 0.193757 5.79522e-05 0.568617 0.156136 0.000372525 0.0766902 0.00212129 
0.00318475 0.0863047 3.01253e-11 0.295397 0.0195482 0.285551 0.251702 0.0583117 
0.0103341 0.228591 2.36328e-06 0.635516 0.0213992 0.000101933 0.103458 0.000597508 
0.00241744 0.24493 3.42277e-06 0.363155 0.0296017 0.00279285 0.112513 0.244588 
0.000492815 0.301847 0.00010793 0.678764 0.00162166 2.02769e-05 0.0165551 0.000591619 
0.00257384 0.0945824 0.00819869 0.465074 0.14445 8.04107e-07 0.285119 8.042e-07 
0.00653315 0.0353673 0.00016086 0.777992 0.13976 5.74188e-05 0.0331505 0.00697888 
0.00108227 0.166245 0.0032956 0.472859 0.202042 0.000423482 0.134225 0.0198271 
0.000429281 0.0690388 0.142492 0.393227 0.127555 0.00148423 0.244957 0.0208166 
0.0308262 0.0779497 8.24558e-09 0.741549 0.0559138 3.12133e-06 0.089424 0.00433394 
0.00560403 0.133576 1.63867e-05 0.810992 0.00802998 9.38828e-05 0.0336672 0.00802027 
0.00155182 0.00983024 5.80209e-10 0.948726 0.0288646 0.000873509 0.0101539 2.11105e-07 
0.151411 0.219331 1.30457e-05 0.51041 1.30549e-05 0.0704939 0.0430942 0.00523448 
0.00863151 0.0779737 1.2184e-05 0.564833 0.264704 0.00186347 0.0727846 0.009197 
0.002882 0.19841 4.89298e-09 0.300414 0.281812 1.7384e-09 0.194419 0.0220638 
0.00169341 0.249354 7.56888e-05 0.483196 0.00785941 0.00421923 0.248533 0.00506911 
0.0161678 0.206599 0.000219231 0.541282 0.111857 0.000374845 0.105907 0.017593 
0.074698 0.222901 0.000172466 0.549848 0.11017 0.00666535 0.0279188 0.00762687 
3.08526e-05 0.0994067 3.22392e-05 0.741367 0.0256977 0.000745483 0.132393 0.000326928 
4.38707e-07 0.0512323 1.07773e-06 0.948283 9.75273e-06 1.19027e-05 0.000417976 4.31935e-05 
0.000466251 0.0764706 0.000100514 0.610696 0.295442 0.000320201 0.0153004 0.00120409 
0.00905547 0.0470733 5.21588e-05 0.466061 0.364819 0.000390007 0.0840952 0.0284537 
0.0342642 0.0963577 0.000541377 0.368641 0.136992 0.315114 0.0375611 0.0105296 
0.031561 0.129457 6.60441e-05 0.636996 0.122826 0.000224445 0.078334 0.000535681 
0.0220348 0.269484 7.17821e-05 0.346508 0.211249 0.000269458 0.0627735 0.0876086 
2.92349e-10 2.07463e-06 7.18186e-10 0.986232 0.000643238 0.00274846 0.0103742 4.01667e-07 
0.00482885 0.0608563 1.11903e-05 0.779967 0.0801227 1.44573e-05 0.0718758 0.00232373 
0.0363328 0.291539 0.000795788 0.517349 0.0695489 0.00250796 0.0795362 0.00238953 
0.269304 0.0394283 2.74746e-05 0.372467 0.238244 0.0676563 0.0117281 0.00114484 
0.00748966 0.021578 0.000116983 0.571719 0.202354 0.00013737 0.196046 0.000559226 
0.00618321 0.0296989 2.47057e-05 0.764373 0.187435 0.000384562 0.0112779 0.000623543 
0.0383224 0.0374409 0.00314883 0.50458 0.127777 3.06824e-05 0.288649 5.05158e-05 
0.00464076 0.0926553 4.12055e-07 0.448102 0.249817 0.000445254 0.0306698 0.173669 
0.00146654 0.00397924 3.97143e-06 0.962495 0.022172 0.00966167 2.38161e-05 0.000197841 
0.00542657 0.0188269 1.75674e-05 0.861602 0.0979863 0.000186283 0.0119841 0.0039704 
0.00118316 0.227023 1.70134e-05 0.741964 0.00879669 6.52206e-05 0.0202647 0.00068616 
0.0115297 0.00719172 0.000965041 0.505578 0.246126 0.0950949 0.0542486 0.0792668 
0.036616 0.114067 0.00106654 0.382155 0.265323 0.00193303 0.179554 0.0192863 
2.03003e-05 0.000719405 7.46201e-12 0.997516 1.18108e-08 0.000482477 1.66826e-05 0.00124534 
3.65354e-06 0.214565 3.85081e-06 0.692655 0.0706621 2.64486e-09 0.0221057 4.81541e-06 
0.190439 0.135379 0.00190436 0.297447 0.175162 0.000236873 0.19882 0.00061214 
0.000211526 0.0493866 9.40615e-08 0.530363 0.156855 9.53991e-06 0.232116 0.0310589 
2.03003e-05 0.000719405 7.46201e-12 0.997516 1.18108e-08 0.000482477 1.66826e-05 0.00124534 
0.129128 0.027328 0.00168232 0.638856 0.119473 0.0308328 0.0526167 8.32755e-05 
0.0100592 0.166187 0.00769251 0.65899 0.0614406 0.00037764 0.0561804 0.039073 
8.63236e-06 8.75104e-06 9.02897e-11 0.999513 1.04863e-08 0.000455103 3.11088e-07 1.38951e-05 
0.0646869 0.0265177 4.87097e-06 0.411147 0.256426 0.00256787 0.185442 0.053207 
0.00928431 0.0382987 0.000286767 0.624763 0.190684 0.000678822 0.0359502 0.100054 
0.00456207 0.0231041 9.3922e-06 0.387722 0.12713 0.345184 0.101831 0.0104583 
0.0037612 0.146095 0.00824689 0.486773 0.116751 7.63382e-05 0.238005 0.000291109 
1.80748e-06 0.0309725 7.38412e-10 0.949886 0.00998425 0.00210242 0.00691633 0.000136324 
0.00332019 0.177607 4.32966e-07 0.35202 0.291318 2.25821e-05 0.168575 0.00713558 
1.55923e-05 0.156298 1.72533e-09 0.79818 0.0455002 6.12982e-10 4.54803e-06 1.13531e-06 
0.00214061 0.337013 0.000289946 0.448409 0.090034 7.55331e-05 0.115524 0.00651406 
0.00600177 0.118547 0.00193479 0.437386 0.330075 0.00175745 0.0980346 0.00626417 
0.000786635 0.0360337 0.000134051 0.817539 0.0615314 0.000966532 0.0387281 0.0442811 
0.0466721 0.00109236 0.00324658 0.846339 0.0458488 0.0322296 0.0245699 1.87129e-06 
0.000566777 0.0248194 0.00289137 0.573558 0.0584133 3.39257e-05 0.339465 0.000252567 
0.019537 0.101392 3.64545e-06 0.793594 0.0107772 0.000331032 0.0715215 0.00284422 
2.88768e-06 5.415e-07 1.82919e-06 0.978815 0.0211542 3.43837e-11 2.51095e-05 1.91007e-07 
0.0155447 0.303185 0.000326412 0.536769 0.0594422 0.000369779 0.0738257 0.010537 
0.122798 0.0756477 4.02374e-08 0.405998 0.320897 0.0411063 0.031651 0.00190137 
0.00296573 7.50122e-05 0.00772521 0.803744 0.111722 0.0627214 0.0108946 0.000152337 
0.00124672 0.0242858 0.0607162 0.469297 0.26399 0.00184818 0.174274 0.00434215 
1.8045e-06 0.00311149 4.43295e-06 0.99568 2.87645e-07 1.57496e-06 0.00119957 9.11278e-07 
4.2198e-06 4.54057e-06 1.48192e-05 0.857154 0.141316 0.00147955 2.40778e-05 2.52117e-06 
1.32864e-07 0.00976196 3.26395e-07 0.981262 0.00190191 1.15963e-07 0.00508751 0.00198613 
0.00310534 0.026228 4.84405e-06 0.627321 0.297626 0.0301469 0.0136441 0.00192356 
0.100298 0.0227864 0.00574122 0.378284 0.360642 0.000745748 0.125147 0.00635615 
5.63058e-09 0.0290199 7.04068e-06 0.921545 0.0396888 4.91434e-09 0.0097393 4.40572e-07 
0.000795764 0.124552 0.000758968 0.5398 0.10799 0.000424828 0.217879 0.00779855 
0.000748431 3.17835e-05 0.00225749 0.926207 0.00915912 0.0609685 0.000567234 6.08644e-05 
9.70144e-05 0.0565442 0.00016876 0.789757 0.0228041 7.29194e-06 0.13053 9.20009e-05 
0.000345119 0.0140015 0.00311827 0.514874 0.22615 9.58707e-05 0.238313 0.00310185 
5.01577e-05 0.00854517 5.60199e-07 0.828652 0.113187 5.82453e-05 0.0493901 0.000116763 
0.00139561 0.0241357 4.73667e-07 0.863844 0.0904509 1.39673e-05 0.0201593 9.73715e-08 
0.000977743 0.0774452 3.63368e-06 0.83131 0.079147 0.00169852 0.00505212 0.00436572 
0.0113373 0.111142 8.1463e-09 0.343577 0.193166 0.287668 0.0345582 0.0185515 
0.0249099 0.0477949 5.48741e-05 0.43795 0.133099 0.165847 0.188349 0.00199478 
0.0373717 0.175398 6.75607e-06 0.521754 0.204356 0.000914239 0.0363034 0.0238953 
0.00791051 0.132349 2.1859e-05 0.771852 0.0735459 0.00128962 0.0102143 0.00281707 
0.0896514 0.0159672 0.00033641 0.542188 0.314785 0.00779888 0.0292231 4.94702e-05 
0.000865274 0.139767 9.33517e-05 0.672174 0.111118 0.000634233 0.0296292 0.0457181 
4.39723e-06 0.10537 7.90176e-10 0.659003 0.164243 2.80738e-10 0.0696891 0.00169089 
0.00518379 0.0154219 7.8642e-06 0.962069 0.00697176 0.00068761 0.00949356 0.000164111 
1.68637e-06 0.000232754 4.93585e-06 0.93763 0.0621226 3.13093e-10 7.61069e-06 1.81157e-10 
0.0242529 0.162645 2.15534e-05 0.719562 0.077661 0.00197725 0.0111475 0.00273268 
0.00469523 0.168312 0.000525564 0.621 0.0805605 0.00540267 0.0704227 0.0490816 
1.8565e-09 2.5606e-05 4.56067e-09 0.891588 0.108337 3.40432e-06 4.4924e-05 1.59475e-06 
0.0819532 0.297967 0.00948768 0.454491 0.10413 0.00032279 0.050716 0.000932166 
0.0113198 0.0239592 0.000291052 0.794481 0.0550536 0.00159179 0.113283 2.1387e-05 
0.00957539 0.0564467 0.00506905 0.411649 0.332168 0.000110625 0.181773 0.00320839 
0.102508 0.240252 0.000353372 0.402031 0.166019 0.00346978 0.0818573 0.00350892 
0.0115671 0.157764 6.20099e-06 0.64807 0.0355371 1.72302e-05 0.00980962 0.137229 
0.00125226 0.0268959 0.0122243 0.856815 0.0551899 0.00135074 0.0462395 3.22363e-05 
0.000181437 0.0164465 5.10141e-08 0.675579 0.275067 0.000592826 0.032113 1.98472e-05 
0.0965497 0.00360576 0.00022307 0.687777 0.0913478 0.00937082 0.0998469 0.0112791 
8.99618e-10 0.0617002 2.21e-09 0.620897 0.0559099 1.79307e-07 0.254459 0.00703349 
0.0404007 0.10395 6.14895e-05 0.677677 0.080717 5.65971e-05 0.0968985 0.000239054 
5.86446e-05 0.181751 1.27548e-09 0.359022 0.104476 4.3716e-05 0.354644 4.6147e-06 
8.02792e-07 0.0554991 0.00103528 0.904522 3.47848e-06 8.25281e-12 0.0371407 0.00179821 
2.36291e-09 2.90243e-06 5.80473e-09 0.999987 4.52026e-06 1.65193e-06 4.38941e-06 1.19327e-09 
8.79826e-05 0.0203826 0.00413432 0.974883 0.000383112 3.1279e-05 7.69834e-05 2.10675e-05 
0.000553354 0.114883 0.0531873 0.648714 0.0599063 5.66998e-05 0.122658 4.12577e-05 
4.83447e-05 0.044889 8.07983e-10 0.94127 0.00843485 3.20365e-05 0.00532579 1.21499e-07 
0.0119805 0.133938 6.5974e-05 0.790927 0.0597617 0.000115381 0.00203913 0.00117193 
0.00179005 0.00645119 0.000294815 0.481718 0.0370356 0.451171 0.0132628 0.00827703 
0.000941811 0.00442973 0.000141966 0.8661 0.060053 0.0241431 0.0441632 2.67586e-05 
0.00429522 0.0281673 3.50129e-06 0.936915 0.012175 0.000149725 0.0103433 0.00795092 
0.0140822 0.0191205 0.00378619 0.421889 0.412552 0.00183898 0.11948 0.00725046 
0.00565126 0.20216 0.00306661 0.522571 0.188804 5.73564e-05 0.0657939 0.0118956 
0.0549333 0.0753305 2.2543e-07 0.513981 0.033755 1.82664e-06 0.321997 1.52399e-06 
0.0155021 0.0560332 0.0254037 0.685053 0.0933242 0.0544649 0.0621868 0.00803249 
2.03003e-05 0.000719405 7.46201e-12 0.997516 1.18108e-08 0.000482477 1.66826e-05 0.00124534 
7.25632e-05 0.0031163 5.1984e-09 0.826947 0.169678 5.70515e-09 8.19461e-08 0.000186091 
0.0163515 0.0269228 4.56956e-06 0.672823 0.263598 7.58915e-05 0.0184788 0.00174549 
0.0247302 0.0528555 0.00522758 0.691825 0.0883566 0.00018616 0.12392 0.0128984 
0.00575958 0.0521989 0.00391283 0.896722 0.0013806 0.00590628 0.00131692 0.0328028 
0.00217399 0.141895 0.000321618 0.380128 0.0963019 0.000119405 0.378914 0.000146806 
0.0636094 0.186918 0.00019465 0.606157 0.0616918 2.14136e-05 0.0491517 0.0322551 
1.95765e-07 0.0843057 3.83748e-05 0.716637 0.00772298 6.78833e-06 0.191123 0.000165871 
2.98049e-05 0.00121315 3.15462e-06 0.631113 4.64167e-05 5.36545e-06 0.367587 1.66607e-06 
8.87669e-07 0.131073 0.0034589 0.774098 0.00208832 7.7862e-06 0.0884931 0.000779528 
0.0448745 0.246916 3.55575e-07 0.60672 0.0642125 0.00157635 0.0353899 0.000310332 
0.0189959 0.00565489 0.00024152 0.379906 0.36916 0.0541192 0.171262 0.000660973 
0.0223839 0.0270483 0.101246 0.349793 0.0951804 0.138516 0.261238 0.00459409 
0.000139578 0.151951 0.000171203 0.490165 0.149185 0.000153285 0.119868 0.0883666 
0.0338928 0.090947 1.33109e-07 0.344432 0.331145 0.0974604 0.0844289 0.0176938 
0.0757061 0.040412 0.0131696 0.502043 0.0612386 0.0161445 0.280828 0.0104586 
0.0011066 0.0578706 0.00379296 0.841277 0.0087596 1.32484e-05 0.0860618 0.00111833 
0.0472076 0.0188031 0.00261734 0.771171 0.0992334 0.00539878 0.0542754 0.00129311 
0.00273995 0.0809341 2.82059e-10 0.336492 0.204492 0.333324 0.0387767 0.00324148 
0.011948 0.0571365 1.10016e-05 0.643746 0.111014 0.0645445 0.111212 0.000387884 
0.0169822 0.375074 8.06254e-05 0.417458 0.0262648 0.00127245 0.159902 0.00296584 
0.0141602 0.00351402 9.07064e-08 0.596093 0.198111 0.0613611 0.126722 3.79832e-05 
0.0225098 0.0870831 0.0310185 0.685679 0.113922 0.000697392 0.0585563 0.00053379 
0.00713737 0.0189232 0.0752234 0.742754 0.0963563 0.000536752 0.0577174 0.00135176 
0.00331303 0.0758652 0.000523897 0.82219 0.0386553 0.00728305 0.0521099 5.93116e-05 
0.000193768 0.114907 0.00109944 0.484305 0.162721 0.00104239 0.108629 0.127102 
0.00548101 0.00429531 8.21442e-06 0.799872 0.165611 0.00170293 0.0208561 0.00217406 
0.00217601 0.00119887 5.40368e-06 0.8822 0.0873886 0.0248898 0.00213388 7.39652e-06 
0.00230752 0.00343478 1.05016e-05 0.451885 0.373979 0.00187615 0.137007 0.0294994 
0.00105114 9.54317e-06 3.45482e-05 0.824385 0.070475 0.0163906 0.0876538 1.40909e-08 
0.056887 0.105794 3.50181e-06 0.462273 0.163475 0.0133052 0.196921 0.00134181 
0.0669849 0.00885732 5.58121e-11 0.73179 0.126639 0.00213667 0.0615934 0.0019995 
0.000595706 0.0290316 3.46422e-06 0.934915 0.018692 7.42734e-06 0.0167539 1.06739e-06 
0.00146263 0.136124 3.37984e-07 0.840282 1.73834e-06 0.000800249 0.00756064 0.0137685 
0.00673835 0.045726 0.0903603 0.382104 0.177387 0.00167486 0.287427 0.00858278 
0.000740504 0.0869762 0.000874432 0.457068 0.157404 4.60331e-05 0.279676 0.0172154 
0.00102986 0.0346626 0.000100022 0.787356 0.0684175 0.0472066 0.0420704 0.0191575 
5.02746e-10 0.36058 1.38556e-06 0.621115 0.00309933 1.26365e-06 0.0127082 0.00249554 
0.0165346 0.0812298 0.000633642 0.595724 0.238699 0.00111612 0.051773 0.0142899 
0.000887418 0.249842 7.91053e-05 0.681386 0.050973 0.000740679 0.0024737 0.013619 
0.00209057 0.139954 0.0140181 0.39414 0.129529 0.00138976 0.315785 0.0030931 
0.271701 0.151624 1.0057e-05 0.281005 0.120363 0.0318475 0.137764 0.00568439 
0.00937447 0.016017 4.46621e-07 0.760731 0.0636698 0.000413055 0.148318 0.00147542 
0.000802917 0.00571696 2.87717e-05 0.958153 0.00593738 1.3849e-05 0.0290961 0.000250865 
0.00314474 0.00670776 0.351846 0.56165 0.0204649 0.0139983 0.0421881 2.45004e-07 
2.03003e-05 0.000719405 7.46201e-12 0.997516 1.18108e-08 0.000482477 1.66826e-05 0.00124534 
2.10273e-09 0.161648 5.16557e-09 0.837445 0.000905978 1.83525e-09 3.58324e-10 1.70007e-06 
0.0560661 0.0645999 2.30945e-05 0.851602 0.0218486 0.000250405 0.00451742 0.00109296 
0.0391276 0.0481733 0.00723973 0.842086 0.0332298 0.000144221 0.0296406 0.000358636 
0.00923143 0.0188149 0.000254168 0.792874 0.0753121 0.00807886 0.0939222 0.00151186 
9.64112e-05 0.109967 3.4838e-05 0.702577 0.0523447 0.000127899 0.134786 6.60054e-05 
0.0684089 0.0721994 0.000129312 0.690581 0.011241 0.00749241 0.139735 0.0102137 
0.000147309 0.235278 2.46816e-06 0.594772 0.0163603 0.000859256 0.00198355 0.150597 
0.000316349 0.000275046 7.79695e-06 0.843373 0.130759 1.14858e-05 0.0244359 0.000821447 
0.00045222 0.403163 4.05006e-06 0.54386 0.0381156 1.59469e-07 0.0137501 0.000655165 
0.000343757 0.00106852 0.000187717 0.995282 0.00234621 0.000169258 0.000343941 0.000258165 
0.0345356 0.0445732 5.3601e-07 0.846242 0.0388375 0.00187152 0.033939 7.09491e-07 
0.0107578 0.0944982 0.000830187 0.611147 0.127843 0.00961395 0.123128 0.0221823 
2.79217e-05 2.79282e-05 2.79091e-05 0.793131 2.79289e-05 2.79228e-05 0.206701 2.7926e-05 
0.0061148 0.0177536 1.0847e-09 0.656292 0.224187 0.00159639 0.0940557 1.1674e-07 
1.35155e-09 0.000113986 3.32023e-09 0.999864 1.3767e-05 1.17963e-09 2.30317e-10 8.32764e-06 
0.00253678 0.0787213 2.15059e-07 0.851803 0.0334106 0.00343284 0.029791 0.00030413 
0.00534275 0.115571 0.00819531 0.611046 0.122386 0.00161446 0.0650935 0.0707509 
0.000206417 0.182093 3.86703e-09 0.439877 0.036451 3.46631e-05 0.338352 0.0029856 
0.2721 0.0385191 6.88269e-08 0.372166 0.10168 0.010963 0.201271 0.0033014 
0.00102986 0.0346626 0.000100022 0.787356 0.0684175 0.0472066 0.0420704 0.0191575 
0.00731078 0.13131 6.5138e-06 0.450339 0.310741 0.000697238 0.0968093 0.00278658 
0.00279637 0.126993 0.000716007 0.687155 0.159843 0.000196901 0.018278 0.004021 
0.000572874 0.0613362 1.78024e-05 0.643223 0.164733 0.000131215 0.0345557 0.0954311 
0.00372454 0.114131 9.20298e-07 0.563573 0.157379 1.8246e-07 0.160656 0.00053485 
0.167458 0.189029 1.54811e-08 0.356531 0.257409 0.000556018 0.0217932 0.00722348 
0.0510286 0.287832 3.83718e-07 0.321742 0.220157 0.0708289 0.0481461 0.000264834 
7.0788e-07 0.00173885 1.73898e-06 0.986703 0.00300163 6.17833e-07 0.00855271 3.57481e-07 
0.00575958 0.0521989 0.00391283 0.896722 0.0013806 0.00590628 0.00131692 0.0328028 
0.00779343 0.0832551 9.86527e-06 0.627028 0.198664 0.0276789 0.0552616 0.0003094 
0.0250172 0.141375 0.00022076 0.753188 0.0308771 0.000371397 0.0161776 0.0327731 
0.00878375 0.103597 7.95182e-05 0.468258 0.240838 1.68679e-07 0.171171 0.00727322 
0.102192 0.151286 8.24127e-05 0.682333 0.0281715 0.00233169 0.0324229 0.00118077 
0.00060356 0.0315268 4.22706e-06 0.853398 0.0425646 1.50181e-06 0.0718987 2.43271e-06 
0.0192498 0.187181 0.00155104 0.429843 0.000133041 1.40726e-05 0.362027 1.17231e-06 
0.000294986 0.0377568 1.37052e-09 0.544923 0.185833 2.96372e-06 0.230798 0.000390634 
0.031599 0.0603954 0.00644316 0.668967 0.116712 0.0189261 0.0962029 0.00075397 
0.276078 0.0620434 0.00013893 0.431126 0.0936489 0.000810729 0.12045 0.0157036 
0.0348449 0.000870449 4.05336e-10 0.403428 0.255053 1.33429e-06 0.305802 1.32803e-07 
0.0348449 0.000870449 4.05336e-10 0.403428 0.255053 1.33429e-06 0.305802 1.32803e-07 
0.013788 0.102182 0.172773 0.442032 0.143413 0.00160427 0.102418 0.0217892 
0.00053088 0.0016129 8.65734e-05 0.9965 0.000633162 0.000166036 0.000455286 1.46659e-05 
7.25632e-05 0.0031163 5.1984e-09 0.826947 0.169678 5.70515e-09 8.19461e-08 0.000186091 
2.37292e-05 0.152866 0.00168664 0.729563 0.0362097 0.000241583 0.0333326 0.0460762 
2.49892e-05 0.0320553 0.0155092 0.877647 0.0214401 0.000293406 0.0524292 0.000601215 
0.0190048 0.0245311 0.000375882 0.893446 0.0193635 0.000669832 0.0419232 0.00068536 
0.0158587 0.10604 5.56595e-05 0.641193 0.143304 0.00171787 0.0624839 0.0293468 
0.00276358 0.166841 0.104015 0.434285 0.118373 0.00251367 0.165061 0.00614723 
0.00531056 0.00506348 0.000550422 0.952181 0.0221595 0.00129293 0.0134409 8.53528e-07 
9.0014e-05 0.00032315 2.99082e-05 0.963695 0.000627186 0.0350739 0.000122284 3.80869e-05 
0.110192 0.103481 0.000885676 0.471924 0.163248 0.00241039 0.139149 0.0087109 
0.00159866 0.132266 6.56667e-06 0.552872 0.0312429 7.52478e-06 0.28155 0.000456276 
4.50082e-05 0.000121226 4.23067e-05 0.999318 0.000388095 1.50309e-05 2.93472e-06 6.73024e-05 
2.03003e-05 0.000719405 7.46201e-12 0.997516 1.18108e-08 0.000482477 1.66826e-05 0.00124534 
4.83447e-05 0.044889 8.07983e-10 0.94127 0.00843485 3.20365e-05 0.00532579 1.21499e-07 
0.126437 0.0733219 1.07542e-07 0.430046 0.19318 0.0018858 0.175004 0.000126448 
2.92349e-10 2.07463e-06 7.18186e-10 0.986232 0.000643238 0.00274846 0.0103742 4.01667e-07 
0.00618321 0.0296989 2.47057e-05 0.764373 0.187435 0.000384562 0.0112779 0.000623543 
0.00294055 0.00565348 2.0328e-06 0.895009 0.0737082 2.71004e-10 0.0226869 1.56804e-10 
0.00253678 0.0787213 2.15059e-07 0.851803 0.0334106 0.00343284 0.029791 0.00030413 
0.00451793 0.0852847 5.8745e-07 0.49684 0.225458 0.000219047 0.159923 0.0277568 
0.139043 0.0751762 0.000115479 0.311111 0.175612 0.00017381 0.298017 0.000753018 
0.0385028 0.0480213 1.44161e-06 0.544303 0.301196 0.00392261 0.020358 0.0436949 
1.10786e-08 4.99767e-05 0.000449085 0.99945 1.76597e-09 9.66931e-09 2.28452e-05 2.7979e-05 
0.0023439 0.0292346 0.00107656 0.607556 0.195402 0.00124742 0.158427 0.00471254 
0.0134238 0.187849 3.34937e-10 0.511569 0.0273235 0.0385472 0.209551 0.0117361 
0.0142061 0.0682524 2.68765e-06 0.656686 0.236101 0.00341889 0.0208653 0.000468252 
2.83833e-07 0.0659111 3.06149e-07 0.53404 0.318963 2.01389e-11 0.0810841 3.2628e-07 
0.00964941 0.0142731 0.0821696 0.653422 0.136065 0.00271141 0.101596 0.000113236 
0.0024059 0.00861438 0.000203841 0.821265 0.0772834 0.00154416 0.0582949 0.0303883 
0.00451424 0.0438244 0.000237608 0.907241 0.0416451 8.37389e-07 0.00241846 0.000118095 
0.000654074 0.0300034 0.000311723 0.864339 0.0403112 0.00179659 0.0259466 0.0366375 
0.0142199 0.0351145 0.000380788 0.854219 0.0503831 0.000383355 0.0159384 0.0293605 
0.079232 0.170597 0.00211245 0.380577 0.158397 0.000556129 0.200323 0.00820574 
0.000775018 0.0572038 2.88087e-08 0.919613 1.77857e-06 0.0013151 0.0210916 5.92219e-09 
0.000210753 0.000470207 6.47471e-05 0.918431 6.09998e-05 0.00365081 0.0770619 4.97183e-05 
0.151411 0.219331 1.30457e-05 0.51041 1.30549e-05 0.0704939 0.0430942 0.00523448 
0.0105879 0.157673 8.43969e-05 0.679104 0.040499 0.00014097 0.0413653 0.0705456 
0.00121082 0.0101087 2.36631e-06 0.484474 0.32048 6.79105e-05 0.183448 0.000208273 
6.75027e-06 0.118744 6.79593e-10 0.677808 0.0616297 2.41449e-10 0.141812 6.99914e-08 
0.00717824 0.0902549 1.74961e-05 0.833618 0.0140248 0.000167516 0.0460176 0.00872156 
6.65494e-06 2.01116e-05 0.00290616 0.997037 6.31987e-06 1.2703e-05 3.56897e-06 7.174e-06 
0.0731041 0.120522 3.40972e-06 0.522331 0.240207 0.0417387 0.00202185 7.25306e-05 
0.0155744 0.163476 7.47136e-08 0.460781 0.283249 0.000489477 0.0762768 0.000152551 
0.00433935 0.222164 8.33796e-06 0.521381 0.187465 0.000318448 0.0305742 0.0337503 
0.0749138 0.0970093 0.000191178 0.423925 0.229727 0.0313053 0.129955 0.0129728 
0.000621559 0.00828539 0.00701149 0.964293 0.013649 0.00341643 0.00141817 0.00130453 
0.00272795 0.140123 3.73887e-05 0.756448 0.0335828 5.06866e-05 0.0202718 0.0467587 
0.0172968 0.0288815 2.41342e-05 0.470632 0.159855 0.0368892 0.280005 0.00641678 
0.0214362 0.169727 0.000191695 0.557983 0.114833 0.0264629 0.0287438 0.0806228 
2.58207e-10 0.203184 9.16245e-05 0.462358 0.135362 4.94426e-05 0.197391 0.00156422 
0.00182274 0.0341455 0.00687764 0.567779 0.0523992 0.000230336 0.326344 0.0104016 
0.00332863 0.0932872 0.00135167 0.313625 0.279031 0.000302756 0.300188 0.00888622 
0.00760406 0.0202796 0.0704084 0.33127 0.21423 0.0115099 0.238968 0.10573 
2.27335e-06 5.39869e-05 9.33702e-05 0.923643 0.000719987 1.98417e-06 0.0754838 1.14805e-06 
0.000182666 0.00951699 0.00461409 0.970769 0.012199 2.40619e-05 0.00259476 9.95493e-05 
0.0385028 0.0480213 1.44161e-06 0.544303 0.301196 0.00392261 0.020358 0.0436949 
0.0020929 0.0633083 0.00498103 0.89359 0.024238 6.0377e-05 0.00708488 0.00464411 
0.00155182 0.00983024 5.80209e-10 0.948726 0.0288646 0.000873509 0.0101539 2.11105e-07 
0.159272 0.0519816 1.39148e-06 0.501753 0.162012 0.003652 0.112824 0.00850421 
0.0942039 0.143477 0.0149862 0.483914 0.243413 7.1364e-06 7.13798e-06 0.0199914 
0.00556032 0.126855 0.000246896 0.486571 0.156367 0.026272 0.19338 0.00474728 
0.0396698 0.103366 6.708e-05 0.615841 0.145453 0.0050782 0.0377778 0.052748 
0.00933429 0.23193 1.14245e-06 0.465352 0.223934 0.0100132 0.0257061 0.033729 
0.00575958 0.0521989 0.00391283 0.896722 0.0013806 0.00590628 0.00131692 0.0328028 
0.00469571 0.0319512 0.00814337 0.483249 0.36851 2.2209e-05 0.0823925 0.0210359 
0.0578374 0.180924 1.47147e-05 0.47525 0.123205 0.0187109 0.134235 0.00982396 
0.0028601 0.215619 0.000121034 0.524159 0.0589556 0.000103061 0.188817 0.00936488 
0.00146654 0.00397924 3.97143e-06 0.962495 0.022172 0.00966167 2.38161e-05 0.000197841 
0.00636574 0.126146 1.12622e-05 0.613578 0.164733 0.000432345 0.0760282 0.0127057 
0.0369887 0.0275418 0.000165717 0.59478 0.0566189 0.0865905 0.170653 0.0266619 
0.00123812 0.0387187 0.00113671 0.639101 0.198147 8.55207e-05 0.120655 0.000917671 
2.03003e-05 0.000719405 7.46201e-12 0.997516 1.18108e-08 0.000482477 1.66826e-05 0.00124534 
0.00287123 0.00955574 5.05162e-05 0.563114 0.186786 1.51467e-05 0.237564 4.36533e-05 
0.0449175 0.118533 3.78472e-07 0.503908 0.236105 0.00176199 0.0614389 0.0333352 
0.0744678 0.121997 4.93103e-05 0.39368 0.187804 2.09147e-05 0.209201 0.0127797 
0.0034122 0.0182539 0.00199899 0.908049 0.030366 3.75102e-08 0.0378908 2.91124e-05 
0.00697079 0.221181 0.0277585 0.446646 0.169848 0.00533103 0.088408 0.0338563 
0.0185962 0.351555 1.94176e-08 0.408149 0.195348 0.000139554 0.0238619 0.0023507 
0.264676 0.0275161 7.21635e-07 0.33983 0.209924 0.060242 0.096705 0.00110575 
0.000501494 0.0145596 1.14289e-06 0.925895 0.0247171 1.63009e-07 1.50788e-08 0.0343253 
0.00153046 0.00629464 4.51871e-05 0.962719 0.0150727 0.000164054 0.0135562 0.000617231 
0.0735473 0.0394967 2.04658e-05 0.846005 0.025355 8.77386e-05 0.0131179 0.00237013 
2.97924e-05 0.194765 2.35188e-06 0.576897 0.109588 1.07194e-06 0.111184 0.00753216 
0.0157715 0.148468 0.000242425 0.755689 0.0475679 0.00318893 0.0204749 0.00859715 
0.27368 0.0869801 4.20123e-07 0.570347 0.0418197 0.00116381 0.00569542 0.0203132 
0.0113574 0.0443892 4.52839e-07 0.549204 0.372612 2.23328e-05 0.021599 0.000816186 
0.00449089 0.016506 6.38431e-05 0.418757 0.208499 0.0101003 0.328577 0.0130063 
0.000236269 0.023124 0.16302 0.553709 0.19549 0.000492792 0.0273909 0.0365376 
0.00692671 0.0592606 0.000839153 0.848675 0.000953725 0.000969822 0.0823746 4.90555e-08 
0.000451235 0.261881 4.17291e-05 0.483934 0.122093 0.000332626 0.111394 0.0198723 
0.000182666 0.00951699 0.00461409 0.970769 0.012199 2.40619e-05 0.00259476 9.95493e-05 
0.00130169 0.0699658 0.000441389 0.505784 0.337189 0.0013545 0.0670077 0.0169557 
0.0503737 0.0389545 4.23084e-06 0.519021 0.18206 0.00169739 0.207885 4.23339e-06 
0.00105007 0.000302897 4.22974e-05 0.995714 0.00167877 5.03793e-05 0.00113055 3.09283e-05 
0.000764333 0.0707437 1.78422e-08 0.687897 0.19405 0.000379197 0.046061 0.000104377 
0.00104351 0.0612976 2.10122e-08 0.687277 0.0233323 0.000111738 0.226581 0.000357349 
0.000298928 0.000480729 1.2659e-07 0.996861 0.00136685 4.49756e-08 0.000981753 1.04353e-05 
0.00866005 0.0254267 0.000258264 0.484434 0.0565953 3.7011e-05 0.400727 0.0238618 
0.0189031 0.0229065 4.29471e-06 0.514538 0.355114 0.000142837 0.0838108 0.00458026 
0.092169 0.0583703 0.00150822 0.436732 0.215769 0.00119155 0.128584 0.0656763 
0.0043376 0.183812 5.37592e-05 0.564016 0.0475468 4.73777e-05 0.0837325 0.116454 
0.000221684 0.0607771 0.00282771 0.841962 0.00887853 0.000163079 0.0811194 0.00405047 
0.000109198 0.0564624 0.0223766 0.856598 0.00518648 0.00209768 0.0551979 0.00197169 
2.92349e-10 2.07463e-06 7.18186e-10 0.986232 0.000643238 0.00274846 0.0103742 4.01667e-07 
0.0762324 0.0114658 0.000238123 0.36175 0.32454 0.00119856 0.220368 0.00420654 
0.0127862 0.0442539 6.61489e-10 0.925062 0.00653907 2.58754e-07 0.0113582 1.35982e-10 
0.00598609 0.0453397 0.222962 0.255363 0.217789 0.00563683 0.245247 0.00167706 
0.0229416 0.0218035 8.52452e-09 0.871416 0.0559418 0.0180736 0.00613736 0.0036865 
0.00960063 0.0155566 9.77836e-05 0.544931 0.193481 0.133826 0.0626947 0.0398126 
0.0164243 0.0229392 0.0188837 0.488113 0.170064 0.0442759 0.224499 0.0148004 
1.70312e-05 0.029302 1.75943e-06 0.902543 0.0357785 3.82857e-05 0.0299077 0.0024114 
2.39272e-09 9.358e-05 5.87796e-09 0.999828 1.36167e-05 2.08835e-09 4.07741e-10 6.513e-05 
0.000322204 0.0392333 0.00640531 0.811776 0.104868 0.000179416 0.0369609 0.000255061 
0.000319338 0.270359 0.00020467 0.394229 0.15383 7.78781e-08 0.115474 0.0655834 
