6.6865e-08 0.193244 2.25781e-07 0.598073 0.0292752 0.00076654 0.0226347 0.156006 
3.42059e-05 4.66808e-05 0.000735165 0.998834 0.000159233 3.63948e-05 0.000154132 3.17786e-08 
0.000335033 0.0317239 1.13297e-07 0.836699 0.0802952 2.05683e-07 0.00876461 0.0421816 
0.00429522 0.0281673 3.50129e-06 0.936915 0.012175 0.000149725 0.0103433 0.00795092 
0.0859406 0.0864667 1.90929e-06 0.34957 0.302265 0.023822 0.139515 0.0124197 
0.000197324 0.256148 5.17963e-06 0.558962 0.0933537 4.55598e-05 0.0854642 0.0058236 
0.00113117 0.014627 5.26353e-05 0.408495 0.237944 9.42957e-06 0.337685 5.67952e-05 
0.00673563 0.222236 8.15248e-06 0.58575 0.00676809 3.18265e-05 0.177063 0.00140734 
0.0114064 0.000968276 0.000813432 0.437438 0.393053 0.0222884 0.133679 0.000354185 
0.00104012 0.0543549 2.99379e-06 0.851823 0.0205898 2.72533e-05 0.0230707 0.0490915 
0.0024788 0.203623 2.79692e-05 0.559746 0.0291067 1.3917e-05 0.179274 0.0257301 
0.00871753 0.0483129 0.00634697 0.535153 0.107848 3.52153e-05 0.292943 0.000643785 
0.000781797 0.195614 6.6e-05 0.524821 0.0884115 0.00048143 0.0293525 0.160472 
0.073108 0.0616578 0.11813 0.438221 0.172589 0.0023845 0.122864 0.0110468 
0.000160962 0.115907 3.83488e-05 0.471527 0.210681 0.00075866 0.06404 0.136887 
0.0110711 0.0298153 0.0242357 0.486274 0.296284 5.89007e-05 0.15176 0.000501282 
0.00180995 4.1398e-06 4.08297e-06 0.705541 0.272375 0.000278361 0.0199797 8.11589e-06 
0.0980744 0.113792 2.67073e-07 0.433365 0.102747 0.00154014 0.250375 0.000106651 
0.00178011 0.199309 0.000336424 0.4287 0.114165 3.10587e-05 0.238243 0.0174347 
0.034463 0.0277594 2.52855e-06 0.478578 0.345282 0.0030614 0.0934153 0.017438 
0.00498436 0.161557 3.45289e-07 0.722822 0.0482433 0.00017334 0.0539951 0.00822453 
0.0967259 0.0561843 0.00071337 0.3607 0.295501 0.0608511 0.113074 0.0162506 
0.0183535 0.0296617 0.018596 0.81874 0.0312988 0.00218602 0.0791514 0.00201231 
0.00153623 0.0490576 0.00197771 0.474227 0.283043 0.000610946 0.15531 0.0342378 
0.274504 0.00842088 0.0012659 0.403533 0.116169 0.144817 0.0492845 0.00200531 
0.00264685 0.22836 9.00834e-06 0.628498 0.00734513 3.26943e-05 0.125601 0.00750691 
0.0117292 0.37171 0.00105186 0.40311 0.0578575 4.49709e-05 0.125048 0.029449 
0.0533983 0.165224 6.67596e-06 0.527924 0.19635 0.000410819 0.0394359 0.0172504 
0.0306506 0.0641104 0.000247934 0.513695 0.111261 0.00125739 0.0930087 0.185769 
0.0301427 0.308588 5.27721e-08 0.443061 0.175349 0.000217771 0.038235 0.00440698 
0.000562679 0.188874 0.000519506 0.550457 0.0654876 0.000583542 0.119596 0.0739196 
0.0184582 0.0680925 3.00951e-06 0.313725 0.271664 0.025635 0.302073 0.00034921 
0.264676 0.0275161 7.21635e-07 0.33983 0.209924 0.060242 0.096705 0.00110575 
0.0264233 0.132597 4.33368e-05 0.307485 0.247753 0.162288 0.110391 0.0130193 
1.80358e-06 0.0286094 3.69192e-10 0.445081 0.435476 0.00218677 0.0864927 0.00215244 
7.27082e-06 0.284364 7.26756e-06 0.493775 0.0167345 7.27111e-06 0.205097 7.27194e-06 
0.00852633 0.0802892 7.23468e-05 0.545097 0.248625 0.000241079 0.116265 0.000885097 
0.0043863 0.093364 0.0949964 0.38878 0.206953 0.00124606 0.208659 0.0016159 
0.0348449 0.000870449 4.05336e-10 0.403428 0.255053 1.33429e-06 0.305802 1.32803e-07 
7.68786e-05 0.247639 0.000629412 0.473059 0.174361 4.50625e-05 0.0877635 0.0164261 
0.000376548 0.089859 0.00354141 0.44064 0.160986 0.0456937 0.057526 0.201377 
0.0298408 0.0439405 1.06459e-08 0.446444 0.330794 0.0126328 0.109526 0.0268213 
0.0105343 0.0192337 2.68858e-05 0.728957 0.191491 0.000505209 0.0265716 0.0226801 
0.0222267 0.0812824 0.00022958 0.519809 0.117362 0.0406923 0.145001 0.0733974 
0.0223691 0.162977 6.32681e-06 0.542869 0.0882926 0.000269549 0.182218 0.000999334 
0.00010965 0.146653 9.26484e-08 0.641941 0.0387096 0.0261786 0.129048 0.0173608 
0.0391011 0.115649 0.000462141 0.707564 0.0523828 0.0011285 0.0823096 0.00140262 
0.0308262 0.0779497 8.24558e-09 0.741549 0.0559138 3.12133e-06 0.089424 0.00433394 
0.0417413 0.0148983 0.000133222 0.314135 0.274744 0.29339 0.0422995 0.0186585 
0.00999321 0.000137942 0.00414092 0.560056 0.285894 0.00311954 0.135476 0.00118213 
0.00960809 0.00247216 2.39173e-07 0.777562 0.203244 5.91435e-07 0.00699354 0.000119083 
0.149068 0.0316707 0.0293999 0.663323 0.0470706 0.0264519 0.0528059 0.000209878 
7.09233e-08 0.370531 1.66819e-07 0.615283 0.00479053 3.82042e-08 0.00128279 0.00811276 
0.00337498 0.140169 3.71791e-06 0.75495 0.0140924 4.25467e-06 0.0141755 0.0732303 
0.00752012 0.129282 0.00015109 0.793786 0.0222197 4.26157e-06 0.0470248 1.26456e-05 
0.00389196 0.194264 1.72885e-07 0.524992 0.130039 0.00073446 0.145455 0.000622794 
0.00808902 0.0952737 4.4914e-06 0.492061 0.212899 1.84406e-05 0.171677 0.0199779 
5.20021e-06 0.25167 1.87586e-06 0.576492 0.0413414 0.000100977 0.129181 0.00120814 
0.0177664 0.0147526 0.0301421 0.877888 0.0313791 0.000669638 0.0255382 0.00186394 
0.00410403 0.0070322 0.000306536 0.766834 0.20156 3.50463e-05 0.0145265 0.00560155 
0.0298287 0.0924619 0.000755025 0.406997 0.274274 0.000346044 0.183163 0.0121737 
0.000907271 0.321341 1.22953e-05 0.353183 0.151715 3.12124e-06 0.171787 0.00105088 
0.00344742 0.0463599 0.00109215 0.843486 0.0224955 0.00228183 0.000992526 0.0798443 
0.0619263 0.0530572 9.78087e-05 0.721975 0.0646211 0.000153826 0.0939007 0.00426782 
0.0477734 0.186812 0.00282657 0.52451 0.159099 0.000199036 0.0753209 0.00345968 
0.00128939 0.0311321 0.00717268 0.511067 0.380362 0.000331859 0.0520117 0.0166336 
0.000389365 0.0197875 1.95272e-11 0.935695 0.0179447 0.000769453 0.0214898 0.00392412 
0.0014188 0.0806125 2.03252e-06 0.786197 0.0877718 0.000125686 0.0410109 0.00286092 
0.0352508 0.0693053 9.20335e-07 0.360215 0.123829 0.326588 0.0331643 0.0516466 
8.04914e-05 0.225589 1.39052e-05 0.664941 0.0575785 0.000148792 0.0510324 0.000615462 
0.00287536 0.295368 0.0024187 0.362654 0.189764 0.000125852 0.129715 0.0170789 
4.30872e-07 0.000173189 1.05848e-06 0.999695 6.86827e-08 3.76063e-07 0.00012927 2.17592e-07 
0.000140991 0.013747 1.10861e-06 0.984016 0.000930306 0.000123379 0.000840769 0.000200613 
4.43644e-05 0.047172 1.93041e-05 0.428461 0.393545 0.0031602 0.107058 0.02054 
0.0349371 0.113291 0.0605284 0.6671 0.0906046 0.00140753 0.031332 0.000799143 
0.0302956 0.0284064 0.010764 0.519781 0.0987817 0.00391211 0.293283 0.0147766 
0.00179005 0.00645119 0.000294815 0.481718 0.0370356 0.451171 0.0132628 0.00827703 
0.000748431 3.17835e-05 0.00225749 0.926207 0.00915912 0.0609685 0.000567234 6.08644e-05 
0.124566 0.0124414 1.89959e-05 0.733003 0.107382 0.00116073 0.020883 0.000545571 
0.00179973 0.086393 0.000124378 0.673529 0.103427 0.00154346 0.115784 0.0173999 
5.11351e-08 0.044608 5.61392e-07 0.899856 0.0289508 4.46305e-08 0.0259274 0.000657099 
0.0584036 0.0295715 0.000165362 0.461572 0.235452 0.0264885 0.15984 0.0285066 
0.00117617 0.103648 4.15464e-05 0.366203 0.210805 0.000600054 0.0595543 0.257972 
8.26291e-08 0.10738 2.65606e-06 0.502206 0.00228 7.21182e-08 0.377061 0.01107 
0.000471032 0.207145 9.04958e-06 0.589138 0.135616 0.000405002 0.0392221 0.0279941 
0.00989199 0.138494 0.000291298 0.56826 0.145954 0.0728538 0.0416078 0.0226464 
0.000748431 3.17835e-05 0.00225749 0.926207 0.00915912 0.0609685 0.000567234 6.08644e-05 
0.0211156 0.098507 6.16935e-05 0.720663 0.068798 0.000796209 0.0891546 0.000904305 
0.000748431 3.17835e-05 0.00225749 0.926207 0.00915912 0.0609685 0.000567234 6.08644e-05 
0.00360737 0.0341528 0.226693 0.576819 0.0920998 0.00212901 0.0634841 0.00101527 
1.83938e-10 7.03786e-07 5.87874e-07 0.997631 4.92614e-07 8.02861e-07 0.00206486 0.000301295 
2.58207e-10 0.203184 9.16245e-05 0.462358 0.135362 4.94426e-05 0.197391 0.00156422 
1.35835e-06 0.279319 3.74894e-10 0.533923 0.0472169 0.000160219 0.139379 4.54772e-07 
0.0749941 0.349354 8.96028e-07 0.528333 0.0104295 0.00167021 0.0314795 0.00373872 
0.0237529 0.0567581 1.25776e-08 0.463712 0.395197 0.0010196 0.0566438 0.0029163 
0.0484666 0.165023 0.00176146 0.649276 0.0836701 0.000652185 0.041765 0.0093862 
0.000535112 0.0768191 0.031275 0.775158 0.0158622 0.000659244 0.0585585 0.0411323 
2.45233e-06 0.0546268 0.301478 0.490597 0.107621 0.000899539 0.0447521 2.30061e-05 
0.0302117 0.095428 0.00704096 0.807976 0.0237971 0.000348449 0.0256659 0.00953186 
0.0119275 0.138302 1.29656e-08 0.68324 0.157669 6.7911e-06 0.00820947 0.00064577 
6.10111e-06 0.0543147 2.65763e-06 0.930425 0.00304533 2.77832e-05 0.0121743 4.56257e-06 
0.000361175 0.0837747 2.63599e-06 0.778272 0.106825 1.36029e-06 0.0295905 0.00117294 
0.00225294 0.0710085 0.0333762 0.532922 0.291182 1.71033e-09 0.0692432 1.53672e-05 
0.264676 0.0275161 7.21635e-07 0.33983 0.209924 0.060242 0.096705 0.00110575 
0.00213741 0.227305 0.000270559 0.56507 0.113103 0.000216918 0.0851473 0.00675012 
0.0414843 0.017237 7.47354e-08 0.53423 0.235102 4.34346e-10 0.171947 2.51314e-10 
0.0177976 0.0251654 3.36068e-05 0.926407 0.0187543 8.67023e-05 0.0113592 0.000395794 
0.238149 0.0326975 6.27997e-06 0.491474 0.212645 0.00147811 0.023034 0.000514742 
0.00011444 0.0395409 1.20779e-05 0.823937 0.107125 0.0288481 0.000415758 6.39048e-06 
0.0858342 0.161941 0.000447469 0.457418 0.179801 0.00146912 0.0804081 0.0326818 
0.0085264 0.0155075 1.95708e-06 0.696816 0.206954 0.035178 0.033861 0.00315535 
0.0315068 0.105329 1.0647e-06 0.673895 0.136964 5.6276e-07 0.0521477 0.000156346 
0.039833 0.0212652 0.000240552 0.773172 0.0616371 0.00624407 0.0655374 0.0320709 
0.0226117 0.0579242 0.00942263 0.668755 0.0754231 0.0720121 0.0847985 0.00905287 
0.013409 0.000113596 7.78828e-09 0.882679 0.0293447 2.76706e-09 0.0744538 1.60103e-09 
0.021517 0.174833 0.0148421 0.40115 0.266898 0.000507294 0.0686884 0.0515634 
0.116832 0.170593 0.00113592 0.351677 0.272101 0.00222407 0.0829604 0.00247641 
2.92349e-10 2.07463e-06 7.18186e-10 0.986232 0.000643238 0.00274846 0.0103742 4.01667e-07 
0.000283711 0.0020547 0.000981754 0.993059 0.00229255 8.32207e-05 0.00111666 0.00012818 
0.0826549 0.0610549 3.25614e-05 0.488306 0.15352 0.00656471 0.207148 0.000718853 
0.0348449 0.000870449 4.05336e-10 0.403428 0.255053 1.33429e-06 0.305802 1.32803e-07 
0.000810813 0.140262 1.46856e-05 0.623302 0.058105 1.29563e-05 0.147093 0.0303998 
0.0498442 0.187366 5.55019e-06 0.503795 0.170607 0.00726065 0.0698033 0.0113188 
2.95454e-05 0.0713241 2.46335e-06 0.872482 1.59663e-06 4.0438e-06 0.0561464 1.01158e-05 
0.0141798 0.00736699 1.53348e-06 0.95884 0.0162629 0.000347079 0.0030012 1.66687e-08 
0.00337197 0.107258 1.23856e-05 0.771433 0.0226941 0.000545801 0.0115517 0.0831325 
0.000813311 0.033899 0.000362478 0.819114 0.0477271 0.000815144 0.0364028 0.0608658 
0.00618321 0.0296989 2.47057e-05 0.764373 0.187435 0.000384562 0.0112779 0.000623543 
0.0404986 0.345539 6.48283e-05 0.485409 0.108085 0.000648012 0.019225 0.000530672 
0.00778587 0.0879774 0.00875127 0.725703 0.106523 0.00662484 0.0527955 0.00383837 
0.00989864 0.0485532 0.000129548 0.546299 0.230636 0.00177379 0.0115902 0.15112 
0.0102839 0.0701682 2.02577e-05 0.887984 0.0255408 5.21295e-05 0.0039764 0.0019748 
0.0156142 0.00239318 0.000884558 0.559036 0.262583 0.0658149 0.0224141 0.0712594 
8.21398e-05 0.0351142 1.07699e-06 0.887692 0.0184118 6.53801e-06 0.0586393 5.30581e-05 
0.00311371 0.0795329 5.44138e-06 0.403406 0.383171 0.000788501 0.0977867 0.0321962 
0.249384 0.246118 4.00884e-07 0.24992 0.107291 0.000277047 0.119495 0.027514 
0.0075815 0.0611273 1.92068e-05 0.818706 0.0335356 8.76854e-06 0.0581848 0.0208369 
6.88492e-06 0.133446 2.3182e-05 0.865797 0.000125867 2.11663e-05 0.000100719 0.000478809 
0.0411383 0.0209115 1.03195e-05 0.350919 0.26354 0.0765007 0.245343 0.00163678 
0.00751033 0.193778 0.0365808 0.641751 0.00522928 2.23467e-05 0.115127 2.25917e-06 
0.00378456 0.0321513 0.0217888 0.894892 0.0292956 0.00109869 0.0166353 0.000353232 
0.000734053 0.0138597 3.14937e-05 0.848847 0.109661 3.90914e-05 0.0101463 0.0166809 
5.7239e-06 2.12525e-06 2.53743e-06 0.571901 0.24718 3.86509e-07 0.180908 6.40812e-07 
0.0348589 0.304026 2.42328e-05 0.335051 0.181209 0.00051952 0.138126 0.00618531 
0.00609355 0.237079 0.000196025 0.258854 0.251524 0.00285891 0.239836 0.00355878 
8.43701e-05 0.0468895 1.76093e-06 0.894952 0.0466863 7.73366e-05 0.0112146 9.39169e-05 
0.000409503 0.040714 3.19285e-05 0.825573 0.0381366 0.0203106 0.0542441 0.0205807 
1.73352e-05 0.000688284 4.25856e-05 0.99916 6.48533e-05 1.513e-05 2.95407e-06 8.7543e-06 
0.0426623 0.127558 0.000686334 0.466658 0.224135 0.000155505 0.110096 0.0280487 
2.03003e-05 0.000719405 7.46201e-12 0.997516 1.18108e-08 0.000482477 1.66826e-05 0.00124534 
0.00128592 0.0291638 0.00822967 0.345654 0.102941 0.0277007 0.218858 0.266166 
0.0105587 0.267152 0.000388052 0.502419 0.128667 2.92565e-07 0.0898013 0.00101373 
0.0249171 0.0339327 2.53001e-05 0.621954 0.143878 0.0138092 0.160098 0.00138637 
0.0196347 0.000144015 0.186753 0.453439 0.212312 0.0528577 0.0748459 1.36607e-05 
0.0369711 0.113106 2.48696e-06 0.721359 0.052359 0.00122267 0.0746989 0.00028019 
1.45208e-07 0.286998 1.22964e-10 0.675633 0.0249057 1.70424e-07 0.0124625 5.31084e-08 
0.000182666 0.00951699 0.00461409 0.970769 0.012199 2.40619e-05 0.00259476 9.95493e-05 
0.00800399 0.0656048 0.00469341 0.507745 0.0587708 0.0021512 0.329493 0.0235376 
0.000174671 0.196028 1.45588e-05 0.738485 0.0286423 1.9456e-05 0.0352007 0.00143534 
0.107656 0.0131285 0.000180526 0.500975 0.288884 0.0285159 0.0336228 0.0270372 
0.263247 0.0108885 0.000302382 0.532943 0.0790581 0.0492566 0.056389 0.00791591 
0.00281776 0.0912922 8.11549e-05 0.401782 0.0803017 0.315196 0.0513231 0.0572067 
0.00738116 0.255912 0.00150884 0.548836 0.09999 5.44228e-08 0.0352577 0.0511134 
0.00933236 0.0544196 0.00343082 0.525023 0.0858765 0.000481394 0.303673 0.0177633 
5.88534e-05 0.125436 7.66605e-07 0.752489 0.0992541 2.29017e-06 0.0226886 7.08794e-05 
0.0013405 0.163393 0.00266573 0.672316 0.117001 1.45602e-05 0.0430167 0.000252173 
0.0815318 0.177745 3.18562e-07 0.668783 0.0386329 0.00326325 0.0298568 0.000186292 
0.00980537 0.0613588 9.67046e-06 0.81658 0.110549 0.00166968 2.52785e-05 2.28346e-06 
0.00916558 0.0567998 0.000259602 0.673807 0.183139 0.00789226 0.0227178 0.0462183 
8.2283e-06 0.026345 0.0213922 0.428772 0.107827 0.0263398 0.389307 8.22956e-06 
0.0482087 0.12982 1.37308e-07 0.546247 0.178187 5.3249e-05 0.0873814 0.0101031 
0.0147152 0.00475055 7.30054e-07 0.799111 0.121284 1.28538e-05 0.0601198 5.96116e-06 
0.128082 0.207032 6.50511e-05 0.448603 0.1929 0.00474504 0.0171982 0.0013744 
0.0298333 0.00635394 1.73511e-05 0.862772 0.0461221 0.00731064 0.0473989 0.000191842 
0.109956 0.115003 0.000610231 0.28393 0.211642 0.0565729 0.184999 0.0372864 
0.0363996 0.10668 0.00183092 0.528157 0.249779 0.0515722 0.0249879 0.000594549 
9.59485e-05 0.0557188 0.000177702 0.801723 0.0520761 0.000128097 0.0874172 0.00266344 
0.0599379 0.0653021 0.00186278 0.564955 0.154383 0.0114018 0.0462389 0.0959185 
0.0179152 0.0716035 0.00353173 0.420871 0.143989 0.00987864 0.31331 0.0189017 
0.00307732 0.0290879 0.00547576 0.72743 0.134612 0.000648672 0.0973836 0.00228545 
0.0167058 0.229136 0.000161012 0.488477 0.139057 0.000238896 0.124586 0.00163809 
0.00670302 0.190893 3.589e-05 0.336349 0.150772 0.000151662 0.235359 0.0797355 
0.0409311 0.110055 0.000253486 0.440668 0.238908 0.000296128 0.165015 0.00387314 
0.0361994 0.224296 1.09569e-07 0.335508 0.146157 8.59362e-06 0.254532 0.0032987 
0.000940859 0.0269094 7.78088e-05 0.888547 0.0698312 6.69898e-05 0.0134695 0.000157422 
0.00137779 0.10362 0.0028015 0.867074 0.00652799 0.00111003 0.0115946 0.00589453 
0.0011833 0.0435777 0.00286019 0.7745 0.135997 0.00239469 0.0316533 0.00783331 
4.864e-05 0.138507 2.92847e-05 0.324856 0.240803 4.87812e-05 0.24631 0.0493974 
0.0330224 0.0294479 4.24217e-07 0.629382 0.302224 0.000664812 0.00361386 0.00164502 
0.000752055 0.186032 4.57859e-06 0.557634 0.151642 0.00012722 0.102686 0.00112286 
0.00107495 0.0395832 0.00118451 0.736254 0.0963528 0.0131101 0.111449 0.000992248 
0.00307284 0.00543636 8.50243e-07 0.752295 0.0992796 0.0745916 0.0653204 3.18222e-06 
0.00552596 0.0223722 0.127526 0.371662 0.161398 0.00224855 0.299579 0.00968896 
0.000416266 0.0248234 3.26968e-08 0.934505 0.0380683 1.16167e-08 0.00218719 6.72146e-09 
3.94573e-05 0.135331 1.20089e-07 0.779387 0.0164531 0.000596879 0.0274652 0.0407275 
0.000347988 0.00201235 6.58928e-06 0.680922 0.0483389 0.00019037 0.268136 4.53553e-05 
0.0168211 0.0982512 0.00128997 0.347898 0.169369 0.0139632 0.295265 0.0571425 
0.0454284 0.193893 0.0913696 0.295896 0.193457 0.000968587 0.177961 0.00102639 
0.000748431 3.17835e-05 0.00225749 0.926207 0.00915912 0.0609685 0.000567234 6.08644e-05 
1.1105e-06 0.0912787 2.72806e-06 0.908655 1.77018e-07 6.14741e-05 1.8924e-07 5.60806e-07 
0.0979219 0.0322874 8.18578e-06 0.796068 0.0407765 0.000773282 0.0248945 0.00727045 
0.00115633 0.00473757 0.000497405 0.978535 0.0127467 1.26139e-07 0.00186682 0.000459874 
0.0768743 0.169671 5.1456e-07 0.375228 0.158219 0.0612409 0.155856 0.00290973 
0.002882 0.19841 4.89298e-09 0.300414 0.281812 1.7384e-09 0.194419 0.0220638 
0.0111687 0.0817717 0.000412389 0.454689 0.264694 0.0088613 0.169743 0.00865939 
0.0541915 0.129883 4.04979e-05 0.365414 0.134207 0.00857571 0.299328 0.0083607 
0.00101616 0.0779111 0.00029241 0.525108 0.275906 5.09743e-05 0.0879441 0.0317712 
0.114356 0.178056 7.83181e-07 0.535791 0.100787 2.2055e-06 0.0307305 0.0402771 
0.0887404 0.0203807 3.93846e-08 0.513578 0.270686 0.0560187 0.0498112 0.000784456 
0.00272626 0.108561 4.69038e-06 0.364894 0.184911 0.000191561 0.295206 0.0435048 
0.0161678 0.206599 0.000219231 0.541282 0.111857 0.000374845 0.105907 0.017593 
0.0279981 0.08376 1.22772e-07 0.613328 0.120829 0.00016242 0.0228338 0.131089 
0.0959658 0.0865402 7.30278e-08 0.615671 0.0747902 2.59457e-08 0.126954 7.82811e-05 
3.42325e-11 0.205141 0.0183161 0.58626 0.00786661 1.01615e-07 0.178516 0.00390068 
0.0124469 0.155389 4.8132e-05 0.666154 0.13116 0.000223528 0.028531 0.00604836 
0.163204 0.0795692 4.30204e-05 0.64703 0.0589042 0.0042826 0.0454872 0.00147927 
0.0402215 0.208474 0.0168212 0.582759 0.112888 0.00359447 0.0232513 0.01199 
4.60093e-07 0.0698675 0.000564995 0.906402 1.75288e-06 6.30669e-07 0.0231626 3.00766e-07 
0.00797348 0.0677442 0.00816989 0.365145 0.361017 0.000483542 0.16496 0.0245066 
3.37397e-07 0.000443005 1.20027e-06 0.999213 2.22489e-07 0.000341577 2.16049e-07 5.87335e-11 
0.0867125 0.0310928 6.61027e-05 0.638856 0.0779302 0.00295966 0.160586 0.00179708 
0.0476641 0.161333 0.0157769 0.456276 0.20952 0.000610961 0.102071 0.00674828 
0.00575958 0.0521989 0.00391283 0.896722 0.0013806 0.00590628 0.00131692 0.0328028 
0.000676299 0.0738477 0.000785075 0.76647 0.00718597 7.74388e-05 0.150945 1.24272e-05 
0.100859 0.0121123 1.31368e-05 0.690833 0.0581836 0.000176368 0.137422 0.000401087 
0.0315612 4.50337e-05 0.0270467 0.83761 4.50348e-05 0.103602 4.50349e-05 4.50301e-05 
0.0189151 0.152764 5.56244e-05 0.520877 0.0839075 0.000451205 0.137012 0.0860178 
0.00964901 0.379153 9.05565e-05 0.499038 0.0480576 0.000316942 0.0567046 0.00699004 
0.163323 0.171686 7.4787e-05 0.402119 0.140414 0.0542399 0.0245139 0.0436296 
0.00799236 0.105829 0.000721256 0.391909 0.253533 0.000229154 0.236928 0.00285793 
0.000181963 0.0576564 0.000187779 0.602446 0.0424031 0.000112674 0.193272 0.10374 
0.00960063 0.0155566 9.77836e-05 0.544931 0.193481 0.133826 0.0626947 0.0398126 
0.00886206 0.0688047 1.14623e-06 0.473277 0.249883 0.000289913 0.192123 0.00675886 
0.00121782 0.0405005 0.0346108 0.415424 0.380004 0.000827825 0.101643 0.025772 
0.00471951 0.381496 0.00829078 0.392011 0.0332225 0.000292038 0.165653 0.014315 
0.00134289 0.0270246 0.00244489 0.725961 0.172726 0.000233835 0.0696727 0.000593386 
0.14399 0.0277584 0.00761644 0.37963 0.186492 0.00465165 0.244334 0.00552866 
0.0115297 0.00719172 0.000965041 0.505578 0.246126 0.0950949 0.0542486 0.0792668 
0.132196 0.0379127 2.40783e-06 0.640102 0.159029 0.0172508 0.0133053 0.000201346 
0.000140991 0.013747 1.10861e-06 0.984016 0.000930306 0.000123379 0.000840769 0.000200613 
0.0625808 0.110351 4.92919e-05 0.345003 0.220874 0.001801 0.256109 0.00323177 
0.00257051 0.182558 4.76061e-06 0.436166 0.304211 0.00320748 0.0711932 8.89629e-05 
0.00990308 0.0369194 0.000203247 0.436981 0.358109 0.00738794 0.134475 0.0160211 
0.000693626 0.024538 1.42589e-06 0.681942 0.225878 1.84972e-06 0.0666447 0.000300446 
0.00212488 0.253694 0.000451589 0.342146 0.258786 9.70488e-05 0.141136 0.00156449 
0.00791051 0.132349 2.1859e-05 0.771852 0.0735459 0.00128962 0.0102143 0.00281707 
0.000391428 0.347635 9.25174e-05 0.407527 0.212242 3.57492e-05 0.0271769 0.00489959 
0.00960063 0.0155566 9.77836e-05 0.544931 0.193481 0.133826 0.0626947 0.0398126 
0.00288524 0.0879947 0.0229203 0.753058 0.0786355 0.000112147 0.0289824 0.0254118 
0.00261056 0.105652 0.138585 0.389557 0.135536 0.000131863 0.134391 0.0935365 
0.0366585 0.0621556 5.15856e-07 0.380438 0.231656 0.223764 0.0647188 0.000608437 
0.00291435 0.0267761 0.000465058 0.737509 0.114565 0.000172018 0.117592 5.72808e-06 
0.00274778 0.275792 6.02492e-05 0.380369 0.107199 0.000982657 0.161035 0.0718142 
1.5233e-05 0.0389386 0.0500674 0.861152 0.013823 0.00148618 0.0193465 0.0151714 
0.00167367 0.168627 3.25816e-05 0.406766 0.166674 0.00017572 0.220534 0.0355177 
0.00570048 0.104562 0.000789948 0.663208 0.0865973 6.76178e-05 0.123803 0.0152715 
0.0172179 0.175766 7.49193e-06 0.319923 0.282288 0.00357926 0.194077 0.0071405 
0.179579 0.00555977 0.000220783 0.336856 0.315434 0.00244978 0.159601 0.000298961 
2.92349e-10 2.07463e-06 7.18186e-10 0.986232 0.000643238 0.00274846 0.0103742 4.01667e-07 
0.0234906 0.216032 0.000439023 0.475037 0.174782 0.000718214 0.105908 0.00359335 
0.00890184 0.213647 4.97164e-07 0.367723 0.169645 2.79976e-05 0.234731 0.00532427 
0.0356762 0.174406 0.00361844 0.583519 0.0959657 0.000211176 0.100998 0.0056053 
8.42411e-06 0.00388505 5.02279e-06 0.873544 0.0317956 5.10488e-06 0.0907561 1.45835e-07 
2.05073e-09 1.55032e-06 5.03784e-09 0.998026 3.26895e-10 0.00197261 3.49464e-10 1.03563e-09 
0.00140156 0.07899 0.000981436 0.547311 0.153083 2.2333e-05 0.218165 4.62037e-05 
0.0540175 0.201927 5.43383e-05 0.654564 0.0628854 4.37505e-05 0.0264749 3.28753e-05 
0.000786635 0.0360337 0.000134051 0.817539 0.0615314 0.000966532 0.0387281 0.0442811 
0.114832 0.139798 0.010188 0.439331 0.157657 0.0205969 0.0998231 0.0177741 
1.57646e-06 0.0188446 0.000184482 0.977036 0.000114059 0.000168128 0.00356809 8.27553e-05 
2.88768e-06 5.415e-07 1.82919e-06 0.978815 0.0211542 3.43837e-11 2.51095e-05 1.91007e-07 
0.00202456 0.170576 1.17424e-05 0.682856 0.0715847 0.000186551 0.0117047 0.0610555 
0.122798 0.0756477 4.02374e-08 0.405998 0.320897 0.0411063 0.031651 0.00190137 
1.63074e-09 6.24567e-06 4.97367e-06 0.995921 0.002996 2.91858e-06 7.79674e-07 0.00106784 
0.00213454 0.270455 0.00178478 0.593922 0.076399 4.00739e-05 0.0335111 0.0217535 
0.0868509 0.00457686 4.80258e-08 0.903008 0.000629383 0.00233995 0.00230279 0.000291593 
0.050589 0.0731895 0.000757499 0.62252 0.159776 0.00443969 0.0770379 0.0116895 
0.00468751 0.0365207 0.000917248 0.783156 0.113928 0.00346089 0.0570679 0.000261798 
0.00512887 0.102634 4.64904e-06 0.388732 0.273957 0.0135419 0.212787 0.00321491 
0.00829088 0.0159929 0.0136192 0.648085 0.136658 0.0510138 0.125832 0.000508004 
0.264676 0.0275161 7.21635e-07 0.33983 0.209924 0.060242 0.096705 0.00110575 
0.0237591 0.178501 0.0235629 0.315943 0.234465 0.00236151 0.1937 0.0277084 
2.03003e-05 0.000719405 7.46201e-12 0.997516 1.18108e-08 0.000482477 1.66826e-05 0.00124534 
0.0223689 0.0312208 3.4324e-05 0.834734 0.0412217 0.00979968 0.0584946 0.00212587 
0.0126312 0.0777683 3.28611e-07 0.735731 0.130251 0.00243821 0.0129355 0.0282445 
0.100298 0.0227864 0.00574122 0.378284 0.360642 0.000745748 0.125147 0.00635615 
0.000693955 0.0156263 0.00152832 0.480251 0.466716 0.000573639 0.0342876 0.00032321 
0.00827599 0.0832248 9.25539e-05 0.362294 0.27363 0.000354335 0.267563 0.00456509 
0.133687 0.127287 3.42407e-07 0.506384 0.20393 0.0100571 0.0186488 5.81086e-06 
3.04735e-07 0.0361664 5.26538e-05 0.960503 0.000957032 2.13415e-05 0.00209237 0.0002069 
7.133e-05 0.0497046 0.0860493 0.530195 0.08273 0.000691285 0.250227 0.000331658 
0.000345119 0.0140015 0.00311827 0.514874 0.22615 9.58707e-05 0.238313 0.00310185 
0.0196347 0.000144015 0.186753 0.453439 0.212312 0.0528577 0.0748459 1.36607e-05 
0.0258413 0.0306344 0.000332176 0.388762 0.312991 0.012599 0.22633 0.00251065 
0.026214 0.147405 0.00121005 0.644958 0.114348 0.000372207 0.0571773 0.0083152 
0.000117249 0.133095 3.41947e-06 0.752162 0.0547762 0.00212623 0.0574886 0.000231796 
0.00427129 0.0807471 6.60785e-05 0.827475 0.0410028 0.000194657 0.031357 0.0148856 
4.83447e-05 0.044889 8.07983e-10 0.94127 0.00843485 3.20365e-05 0.00532579 1.21499e-07 
0.00190422 0.0103111 0.250757 0.469201 0.152862 0.000375276 0.114536 5.30355e-05 
0.00253678 0.0787213 2.15059e-07 0.851803 0.0334106 0.00343284 0.029791 0.00030413 
0.00155182 0.00983024 5.80209e-10 0.948726 0.0288646 0.000873509 0.0101539 2.11105e-07 
0.00741415 0.0354151 7.68448e-06 0.692571 0.175752 7.57875e-05 0.0885891 0.000174564 
0.0756716 0.0788549 0.000199985 0.5789 0.0931023 0.0167021 0.11025 0.0463191 
0.030744 0.127769 0.00105638 0.418781 0.185884 0.0438729 0.173988 0.0179049 
0.0068047 0.0816183 1.36217e-06 0.452853 0.204329 8.17031e-05 0.245186 0.00912585 
0.00469523 0.168312 0.000525564 0.621 0.0805605 0.00540267 0.0704227 0.0490816 
0.000182666 0.00951699 0.00461409 0.970769 0.012199 2.40619e-05 0.00259476 9.95493e-05 
0.00155182 0.00983024 5.80209e-10 0.948726 0.0288646 0.000873509 0.0101539 2.11105e-07 
0.0327471 0.0171245 0.000558221 0.401912 0.304787 0.0834704 0.0997697 0.0596315 
2.92349e-10 2.07463e-06 7.18186e-10 0.986232 0.000643238 0.00274846 0.0103742 4.01667e-07 
0.000305081 0.0608489 0.114319 0.81976 2.0074e-06 0.000385618 0.00435283 2.70712e-05 
0.0104426 0.16654 0.000239329 0.442036 0.129888 1.06234e-06 0.250237 0.000615641 
0.0202766 0.088921 0.0138473 0.602051 0.184969 0.000278776 0.0896283 2.89053e-05 
0.0922462 0.199374 5.07055e-05 0.372995 0.117385 0.0260749 0.0240453 0.167829 
0.238149 0.0326975 6.27997e-06 0.491474 0.212645 0.00147811 0.023034 0.000514742 
0.00146023 0.200839 1.5971e-05 0.716638 0.0671785 1.90669e-05 0.0128139 0.0010358 
0.0404007 0.10395 6.14895e-05 0.677677 0.080717 5.65971e-05 0.0968985 0.000239054 
0.00562382 0.0266746 0.00032265 0.608019 0.0654927 0.273678 0.00409893 0.0160902 
0.0252501 0.137316 2.21196e-06 0.607771 0.112449 0.0170925 0.0653951 0.0347232 
0.0131006 0.203949 1.25015e-06 0.410762 0.0902862 5.19031e-06 0.249856 0.0320399 
0.00117287 0.00321463 3.86485e-06 0.910552 0.0835367 0.00151733 9.39406e-09 2.60547e-06 
0.00472545 0.205083 3.24556e-05 0.607482 0.054386 0.00115137 0.0396214 0.0875184 
0.00263754 0.173723 4.88826e-08 0.4767 0.207037 0.000100468 0.1333 0.00650141 
0.00618527 0.13477 2.4491e-05 0.782559 0.0719001 0.000264305 0.00404881 0.000248283 
0.01309 0.0599708 0.000260138 0.71766 0.105914 0.000827003 0.0401568 0.0621217 
0.00160628 0.123059 0.000499543 0.29956 0.171123 0.000169814 0.172625 0.231357 
0.0449175 0.118533 3.78472e-07 0.503908 0.236105 0.00176199 0.0614389 0.0333352 
0.000105213 0.24509 1.15648e-06 0.636153 0.0706809 9.88054e-05 0.0409037 0.00696746 
0.100335 0.199366 4.26685e-05 0.354267 0.0415449 0.0132929 0.184302 0.10685 
0.0216457 0.125308 0.000604964 0.520538 0.2243 5.72271e-05 0.0947103 0.0128363 
0.0132966 0.111259 2.30169e-07 0.312496 0.178162 0.306723 0.0308168 0.0472461 
2.03003e-05 0.000719405 7.46201e-12 0.997516 1.18108e-08 0.000482477 1.66826e-05 0.00124534 
0.0112097 0.0138288 0.000601529 0.758898 0.117635 0.000839948 0.0964697 0.000517346 
0.0174993 0.0393755 0.00116943 0.482092 0.0546264 0.000271479 0.403887 0.00107895 
0.0642919 0.10437 2.38636e-07 0.44085 0.303404 0.000948741 0.0839251 0.00220975 
0.00243258 0.0312132 5.38854e-05 0.861923 0.0137104 0.000115909 0.0891395 0.00141114 
0.00335663 0.0606334 0.00140743 0.604806 0.228526 1.83609e-07 0.09817 0.00310039 
2.14019e-08 0.0879306 3.38411e-05 0.850428 0.0220705 8.96466e-05 0.0314246 0.0080227 
0.00494297 0.0737605 0.00259956 0.455253 0.343231 0.000290038 0.0944852 0.0254372 
2.39842e-08 0.31047 0.014212 0.384245 3.74138e-05 2.09333e-08 0.291028 7.85131e-06 
0.00331234 0.0363777 5.2311e-11 0.92936 0.0144956 0.00462088 0.0117353 9.79553e-05 
0.00776841 0.071288 0.000287029 0.700531 0.107711 0.00142307 0.089288 0.0217033 
1.66886e-05 0.316403 2.85122e-07 0.450386 0.174575 1.02454e-07 0.0582495 0.000369454 
0.029195 0.105221 5.71056e-05 0.400007 0.206462 0.10871 0.125941 0.0244062 
1.213e-05 0.0486404 1.30837e-05 0.95122 3.31984e-05 8.60663e-10 8.09619e-05 4.97983e-10 
0.00122853 0.183884 1.28374e-06 0.778263 0.0139097 1.33406e-05 0.022667 3.29373e-05 
0.0322114 0.0381701 2.99155e-05 0.422723 0.303586 0.0523446 0.147927 0.00300847 
0.000982535 0.0312651 3.25171e-10 0.470832 0.44539 0.000412195 0.0458199 0.00529792 
0.00510359 0.074746 0.00806532 0.768513 0.0805424 0.00130248 0.058499 0.00322822 
0.000189738 0.0430715 2.45588e-07 0.861295 0.0419819 8.72538e-08 0.0363481 0.0171135 
0.00760635 0.0164762 0.00113263 0.444428 0.167346 0.00178542 0.314157 0.0470677 
0.0267815 0.0945468 0.234328 0.544177 0.0703767 0.001186 0.0285564 4.77707e-05 
0.0189059 0.286334 0.000137146 0.541286 0.0897921 0.00129608 0.0605481 0.00170063 
0.00269994 0.0119852 0.00241939 0.914764 0.0190105 5.5463e-06 0.0491028 1.27674e-05 
0.00527549 0.217644 0.0265741 0.473214 0.105598 0.00271636 0.165503 0.00347449 
0.0642506 0.254428 3.11076e-05 0.4132 0.119793 0.00056414 0.074983 0.0727495 
0.0385028 0.0480213 1.44161e-06 0.544303 0.301196 0.00392261 0.020358 0.0436949 
0.0448745 0.246916 3.55575e-07 0.60672 0.0642125 0.00157635 0.0353899 0.000310332 
5.02746e-10 0.36058 1.38556e-06 0.621115 0.00309933 1.26365e-06 0.0127082 0.00249554 
1.65553e-05 0.077309 0.196185 0.660638 0.0258636 0.00203241 0.0376339 0.000321824 
0.00508216 0.0960922 1.16073e-07 0.80105 2.522e-06 0.00091386 0.0968586 2.54774e-07 
0.0208115 0.0178788 0.01484 0.852335 0.0550329 1.6596e-09 0.0389494 0.000152675 
0.000374508 0.0699945 2.52816e-05 0.756796 0.0989463 2.31898e-05 0.04141 0.0324304 
0.00240769 0.034321 0.12581 0.58594 0.0692855 0.00251369 0.169306 0.0104158 
0.0268772 0.040156 7.49829e-07 0.893602 0.00040502 0.000195461 0.0366166 0.0021469 
0.000748431 3.17835e-05 0.00225749 0.926207 0.00915912 0.0609685 0.000567234 6.08644e-05 
0.00575958 0.0521989 0.00391283 0.896722 0.0013806 0.00590628 0.00131692 0.0328028 
0.0472076 0.0188031 0.00261734 0.771171 0.0992334 0.00539878 0.0542754 0.00129311 
0.0101482 0.0490932 0.000264057 0.547164 0.257981 0.0102312 0.121316 0.00380257 
0.0211763 0.0419409 0.000590695 0.452713 0.33475 0.0992092 0.0253955 0.0242245 
0.00188752 0.288947 3.16102e-06 0.485942 0.108325 2.95852e-06 0.0994525 0.0154396 
0.0625247 0.214871 5.64038e-07 0.358817 0.255488 0.00387207 0.0577094 0.0467175 
0.00620598 0.179054 0.014727 0.443211 0.220289 9.27524e-05 0.136421 3.13286e-07 
3.59922e-05 0.148181 6.41234e-05 0.74904 0.00634685 0.000534152 0.0172782 0.0785191 
0.0225098 0.0870831 0.0310185 0.685679 0.113922 0.000697392 0.0585563 0.00053379 
4.99361e-05 0.116222 1.85813e-05 0.796807 0.0165703 0.00486719 0.0243212 0.0411433 
0.0176006 0.213644 3.41497e-06 0.544575 0.146798 0.000689746 0.0711986 0.00549035 
0.00308262 0.139944 2.8572e-08 0.714107 0.120916 7.40048e-06 0.0163909 0.00555182 
0.000639927 0.139233 0.000470562 0.616441 0.189204 1.28469e-05 0.0316109 0.0223874 
0.0856832 0.175523 0.00365406 0.599185 0.0849291 0.000623481 0.0493568 0.00104559 
0.00109076 0.00181123 2.23441e-05 0.45267 0.145477 0.260275 0.135829 0.00282419 
0.00102986 0.0346626 0.000100022 0.787356 0.0684175 0.0472066 0.0420704 0.0191575 
0.0359782 0.0517117 3.23769e-05 0.7694 0.0136546 2.64538e-07 0.128757 0.000466458 
0.0691189 0.185849 0.000562261 0.356945 0.214588 0.000280786 0.115273 0.0573829 
2.57038e-07 0.0483628 0.000558955 0.823315 0.03342 8.47553e-05 0.0942374 2.1163e-05 
0.00108629 0.146086 6.17193e-06 0.576217 0.125461 0.0532346 0.0871928 0.0107172 
0.00464076 0.0926553 4.12055e-07 0.448102 0.249817 0.000445254 0.0306698 0.173669 
7.27872e-06 0.201676 2.76868e-07 0.630511 0.0243514 1.23953e-06 0.142968 0.000485679 
0.0462291 0.154227 9.22128e-06 0.566038 0.0965738 1.77464e-06 0.136404 0.000516798 
0.000103965 0.0132058 0.00590217 0.785479 0.114055 0.000105984 0.0694016 0.0117471 
0.0326101 0.109475 0.000850358 0.460059 0.238782 0.00800796 0.142673 0.00754325 
0.00811129 0.152499 1.12201e-05 0.470863 0.275632 0.000805598 0.0714488 0.0206292 
0.0017608 0.0924221 6.22198e-05 0.681871 0.126809 2.17525e-05 0.0963696 0.000683739 
0.0010901 0.0852101 0.000213362 0.556376 0.139194 0.00295764 0.196642 0.0183169 
0.00233679 0.000375374 6.3706e-05 0.495396 0.190469 0.000644044 0.10783 0.202885 
0.0840259 0.111072 3.92814e-05 0.584823 0.114193 0.000358207 0.0463845 0.0591043 
0.0188844 0.027848 1.48539e-05 0.393167 0.255309 0.000177443 0.304384 0.000215258 
0.000889926 0.13009 3.93207e-06 0.600854 0.133369 0.000191756 0.116909 0.0176926 
7.4089e-05 0.132791 1.18746e-06 0.785701 0.0135847 0.00029709 0.0100063 0.0575439 
0.132006 0.165677 6.10009e-06 0.599889 0.0782833 0.00591179 0.0176173 0.000609811 
0.0560661 0.0645999 2.30945e-05 0.851602 0.0218486 0.000250405 0.00451742 0.00109296 
0.224505 0.0221429 0.0119201 0.319794 0.187713 0.079757 0.150756 0.00341254 
0.00577288 0.0931899 0.000162412 0.421147 0.393375 9.78573e-06 0.0758754 0.0104669 
0.0125278 0.100805 0.000169041 0.595165 0.207195 0.00123966 0.0820733 0.000824995 
0.0274784 0.0769896 0.00323351 0.458033 0.255375 0.0410606 0.136082 0.00174827 
0.0254411 0.154939 0.000315634 0.501263 0.197837 0.000153114 0.11946 0.000592132 
0.00760641 0.1267 6.20251e-05 0.675755 0.118592 0.00116596 0.0552922 0.0148266 
0.00985381 0.0486324 1.28992e-05 0.588359 0.283839 0.00495511 0.0629671 0.00138065 
0.00298849 0.103497 4.20551e-05 0.497727 0.173353 0.0332903 0.1665 0.0226016 
0.00641992 0.123391 0.000122422 0.691646 0.113291 4.85605e-05 0.0558252 0.00925584 
0.00079154 0.125805 1.43516e-06 0.619243 0.0960211 0.000367765 0.108575 0.049195 
0.00315108 0.0418913 0.000514483 0.835947 0.0397172 0.000215488 0.0531174 0.0254455 
1.73945e-09 0.00584773 0.000580185 0.986066 0.0044404 0.000560881 0.000204793 0.00229972 
0.0121092 0.124455 0.000366121 0.41301 0.336502 0.012724 0.100826 6.44325e-06 
0.0120777 0.401145 0.000141005 0.434638 0.0446039 6.60562e-05 0.106554 0.000774492 
0.00448145 0.0334317 8.12357e-05 0.850455 0.00603382 0.00509894 0.00258274 0.0978355 
0.00495766 0.243569 1.8666e-09 0.293314 0.217753 0.0315349 0.207495 0.00137691 
0.0280205 0.00432133 2.39403e-07 0.795491 0.139455 0.00178579 0.0307409 0.000184748 
0.00418491 0.089844 2.7466e-06 0.577628 0.154294 0.00259793 0.17067 0.000778842 
0.0123024 0.0304441 7.15796e-07 0.871941 0.0196111 0.000750532 0.00619403 0.0587561 
0.0230128 0.0876028 2.71397e-05 0.772723 0.0615653 0.0147827 0.0258026 0.0144834 
0.000748431 3.17835e-05 0.00225749 0.926207 0.00915912 0.0609685 0.000567234 6.08644e-05 
0.00176302 0.0299762 3.43612e-08 0.492103 0.359673 0.00125023 0.112987 0.00224847 
0.0507404 0.0382209 2.66698e-06 0.419587 0.292784 0.000434275 0.149254 0.0489762 
0.00410874 0.0682184 0.00783267 0.446921 0.300843 0.00150295 0.165133 0.00543975 
1.67288e-06 0.0017308 4.10961e-06 0.997415 1.0756e-05 0.000836501 2.85075e-07 8.4481e-07 
0.0250172 0.141375 0.00022076 0.753188 0.0308771 0.000371397 0.0161776 0.0327731 
0.102192 0.151286 8.24127e-05 0.682333 0.0281715 0.00233169 0.0324229 0.00118077 
0.00106454 3.58255e-05 0.00030938 0.997304 0.000468925 3.99861e-05 0.000777301 1.44511e-08 
0.000629716 0.0194351 1.10261e-06 0.686666 0.0401895 0.211467 0.0413203 0.000291833 
0.0338716 0.063925 0.00562902 0.706481 0.0251385 0.0088783 0.125614 0.0304623 
0.000792161 0.0124433 8.22315e-05 0.64129 0.249661 0.0481322 0.0473863 0.000212855 
0.010174 0.00723575 1.67291e-07 0.818934 0.00889588 0.146136 0.00769271 0.000932004 
2.28914e-05 0.021939 1.95678e-05 0.903863 0.059824 6.98175e-05 0.0133883 0.00087369 
0.00257384 0.0945824 0.00819869 0.465074 0.14445 8.04107e-07 0.285119 8.042e-07 
0.00671333 0.0487776 1.91486e-05 0.664397 0.179421 1.66148e-06 0.10055 0.000120992 
0.00533709 0.261783 4.19671e-07 0.389354 0.205119 4.24763e-05 0.132016 0.00634818 
0.000250251 0.0144658 0.00335283 0.919028 0.0525173 1.38463e-05 0.00935255 0.00101947 
0.0621998 0.0520353 0.000333448 0.548764 0.243992 0.00677145 0.0581868 0.0277171 
0.00352384 0.0265815 3.85734e-05 0.913932 0.0489105 1.06634e-06 0.00355159 0.00346136 
0.00181282 0.0491637 0.000872581 0.446497 0.266307 0.000874356 0.146578 0.0878947 
0.00703826 0.000128194 0.000406568 0.841302 0.0756193 3.99718e-06 0.0754763 2.56151e-05 
0.0026491 2.14721e-05 7.73427e-09 0.620147 0.196369 9.27537e-06 0.180803 1.5035e-06 
1.91875e-05 0.050487 6.46642e-05 0.912509 0.00524585 0.000199597 0.00406931 0.0274053 
0.00728769 0.0288245 3.94309e-11 0.586758 0.0116404 0.268235 0.00531564 0.0919387 
1.51027e-06 3.56681e-07 3.71012e-06 0.997967 0.000451491 0.00116403 0.000411252 7.62688e-07 
0.0751502 0.080389 6.45048e-05 0.336085 0.321327 0.0371141 0.13106 0.0188106 
0.154586 0.144413 1.10119e-06 0.259561 0.115862 0.00244515 0.0694559 0.253676 
0.00278525 0.190176 6.05214e-08 0.521319 0.230422 7.44371e-06 0.0445757 0.010714 
0.00341944 0.00582556 5.29494e-07 0.532909 0.221806 0.00012221 0.207417 0.0284999 
0.0164758 0.0390524 0.00081817 0.648314 0.0892319 0.0180376 0.178409 0.00966175 
0.00671914 0.0790238 0.000917428 0.773926 0.0981569 0.000448785 0.034151 0.00665669 
0.00940723 0.0675441 0.000874457 0.667262 0.0332773 0.00227653 0.186248 0.0331108 
0.0257922 0.0065764 2.97496e-05 0.612973 0.183185 0.000146517 0.122986 0.0483108 
0.00037154 0.158227 0.0457231 0.708697 0.0509286 0.000136139 0.0349007 0.00101536 
1.79346e-05 0.000514498 2.62846e-11 0.997788 8.59781e-09 0.000441534 1.17814e-05 0.0012259 
0.000446525 0.0233728 1.85368e-05 0.806174 0.0297752 0.000100608 0.139696 0.000416933 
0.000699944 0.187208 1.26086e-05 0.599672 0.161018 0.000137679 0.0329447 0.0183072 
0.000324178 0.030308 3.79388e-05 0.821004 0.0322701 3.62876e-06 0.116052 5.03225e-07 
0.00487963 0.0515548 5.83657e-09 0.759814 0.13974 4.05538e-06 0.0264253 0.0175823 
4.97059e-08 1.17391e-08 1.22108e-07 0.999974 2.52532e-05 4.3383e-08 8.47034e-09 2.51016e-08 
0.000629971 0.137173 4.34476e-05 0.396906 0.254216 1.44865e-05 0.210553 0.000464869 
0.0155351 0.0409016 0.0181653 0.82132 0.0320089 0.000902934 0.068666 0.00249993 
0.00105114 9.54317e-06 3.45482e-05 0.824385 0.070475 0.0163906 0.0876538 1.40909e-08 
0.00831811 0.0656318 0.0750332 0.762179 0.020568 0.000638298 0.0598111 0.00782034 
0.0201158 0.0847462 1.52004e-05 0.645111 0.110185 0.000617224 0.139127 8.14598e-05 
0.0028668 0.0414177 8.68349e-06 0.711087 0.214902 7.80374e-05 0.0215077 0.00813255 
0.000447389 0.0615107 3.0491e-05 0.398983 0.191969 0.000113384 0.319196 0.0277506 
0.00268157 0.13499 2.61606e-05 0.380235 0.269599 0.0034088 0.075101 0.133959 
0.00338843 0.06287 0.000347189 0.625637 0.111566 0.00102506 0.193645 0.0015209 
0.0187707 0.207234 4.16111e-05 0.621617 0.0183523 0.0267693 0.105101 0.0021148 
0.0150229 0.121055 1.40251e-05 0.599022 0.254832 9.01689e-05 0.0082227 0.00174163 
0.0708034 0.177032 3.37612e-05 0.54596 0.0454574 0.000118405 0.159077 0.00151873 
3.45819e-05 0.000181128 5.05648e-09 0.99938 1.49619e-05 1.79649e-09 8.64618e-05 0.000302379 
4.60093e-07 0.0698675 0.000564995 0.906402 1.75288e-06 6.30669e-07 0.0231626 3.00766e-07 
1.42314e-10 0.00744305 3.49608e-10 0.967237 0.0253159 1.24211e-10 1.30653e-06 2.26507e-06 
3.77311e-06 0.0663494 1.27394e-05 0.81371 0.0177947 1.16846e-05 5.57544e-05 0.102062 
0.224399 0.0849703 1.15052e-07 0.412795 0.114588 0.0286251 0.122206 0.0124175 
0.0233779 0.0436455 0.000101861 0.604112 0.17768 0.0133728 0.12139 0.0163207 
0.238149 0.0326975 6.27997e-06 0.491474 0.212645 0.00147811 0.023034 0.000514742 
0.00155182 0.00983024 5.80209e-10 0.948726 0.0288646 0.000873509 0.0101539 2.11105e-07 
