4.27273e-05 0.976698 1.02101e-11 1.99155e-12 0.00260192 1.76102e-09 0.0196371 0.00101985 
0.000162054 0.0117915 5.80414e-08 1.85469e-08 0.416304 2.34506e-05 0.571694 2.45653e-05 
0.00138789 0.361799 0.000253331 1.78971e-05 0.00144814 0.000130358 0.627644 0.00731935 
0.0262461 0.299485 0.056542 0.00839033 0.0687995 0.0291142 0.496431 0.0149924 
1.23612e-06 0.000678482 5.26882e-10 1.02772e-10 0.0344098 1.12886e-07 0.96491 1.42721e-07 
0.0808872 0.0356391 0.00735919 0.00723445 0.138928 0.0167572 0.521717 0.191478 
1.07244e-09 1.19067e-06 2.63455e-09 5.13889e-10 0.999937 9.36018e-10 6.00892e-05 1.40866e-06 
3.73953e-11 0.984774 9.18655e-11 1.7919e-11 4.45607e-07 3.26384e-11 1.64699e-06 0.015224 
0.324332 0.0264468 0.00332036 0.00193786 0.158492 0.00259815 0.476582 0.00629101 
0.0148387 0.209183 0.270672 0.000584305 0.0309141 0.00162752 0.264808 0.207372 
0.577025 0.105384 0.0416196 0.0133104 0.0569513 0.0138924 0.0874342 0.104384 
1.18136e-05 4.50068e-05 1.82514e-09 3.56007e-10 0.000165814 6.48445e-10 0.999773 4.08997e-06 
0.00128481 0.000229445 7.69633e-07 1.50122e-07 0.00363069 2.73439e-07 0.994854 1.58213e-07 
1.03326e-05 0.983883 6.63243e-06 6.12062e-09 0.00427695 0.000285915 0.0114533 8.36548e-05 
8.9553e-12 0.952585 2.19996e-11 4.29119e-12 0.00059102 7.81614e-12 0.0451228 0.00170092 
7.15317e-08 0.00313045 1.69814e-10 3.31235e-11 0.231325 5.8547e-08 0.765545 3.47193e-09 
0.392352 0.0922411 0.0836943 0.0225646 0.111356 0.084242 0.0798131 0.133737 
1.23612e-06 0.000678482 5.26882e-10 1.02772e-10 0.0344098 1.12886e-07 0.96491 1.42721e-07 
1.23612e-06 0.000678482 5.26882e-10 1.02772e-10 0.0344098 1.12886e-07 0.96491 1.42721e-07 
0.282923 0.0396206 0.341971 0.0147065 0.0384104 0.0735537 0.192192 0.0166219 
0.00108601 0.016022 0.171898 0.000615722 0.0884061 0.109784 0.603088 0.00910026 
0.370825 0.100443 0.0666683 0.033872 0.156386 0.0662631 0.0756161 0.129926 
0.000338732 0.0577918 0.000398632 3.83193e-05 0.000106574 9.99991e-05 0.936595 0.00463053 
0.000889416 0.00030091 0.00077591 7.78024e-06 0.193284 0.000209456 0.759973 0.0445603 
7.15317e-08 0.00313045 1.69814e-10 3.31235e-11 0.231325 5.8547e-08 0.765545 3.47193e-09 
2.14355e-05 0.985205 5.58716e-11 1.08982e-11 0.001682 3.54616e-09 0.00981912 0.00327223 
2.58612e-05 0.00790823 6.2279e-09 1.2148e-09 2.71975e-05 2.87869e-06 0.992036 1.28027e-09 
0.0116031 0.0492937 6.65688e-06 1.25258e-06 0.00990148 1.08926e-05 0.927249 0.001934 
3.08102e-06 0.000411519 7.56885e-06 1.47636e-06 0.133089 2.6891e-06 0.866483 1.55592e-06 
0.000364669 2.38951e-06 2.36518e-09 4.61345e-10 0.3466 4.64317e-07 0.653033 2.96161e-07 
2.31233e-10 0.999845 5.68047e-10 1.10802e-10 1.48913e-05 2.01819e-10 5.50395e-05 8.4894e-05 
0.0116031 0.0492937 6.65688e-06 1.25258e-06 0.00990148 1.08926e-05 0.927249 0.001934 
1.55335e-07 0.908339 3.81596e-07 7.44331e-08 0.0903659 1.35575e-07 0.0010509 0.000243257 
1.23612e-06 0.000678482 5.26882e-10 1.02772e-10 0.0344098 1.12886e-07 0.96491 1.42721e-07 
