0.013382 0.00876776 8.05084e-08 0.00434393 0.527804 0.0829331 0.35304 0.00972924 
6.41814e-05 0.0101133 3.37756e-09 0.000825091 0.629429 2.96699e-06 0.358453 0.00111198 
0.0134884 0.183387 6.04235e-05 0.0674803 0.533488 0.0122885 0.163344 0.026464 
0.000474211 0.0545773 2.62688e-06 0.0756587 0.581772 0.00773415 0.246354 0.0334273 
0.132579 0.0438952 0.00132791 0.259376 0.322139 0.149126 0.0808841 0.0106715 
0.00145224 0.0670445 5.0931e-08 0.0421 0.773289 2.78483e-05 0.10126 0.0148264 
0.0113596 0.0630181 0.000318839 0.0205588 0.637089 0.00714292 0.238391 0.0221222 
0.0063143 0.262818 0.0029355 0.161816 0.464127 0.000390021 0.100757 0.000842281 
0.00287171 0.0701928 0.00107382 0.0455551 0.699318 8.5384e-06 0.178854 0.00212557 
0.00610938 0.00139681 8.23051e-05 0.0286579 0.55874 0.262657 0.0164424 0.125914 
0.00138728 0.0118201 3.49237e-05 0.135628 0.478346 0.00436492 0.330717 0.0377017 
0.00178873 0.0346365 3.99972e-07 0.0378013 0.92398 2.54988e-05 0.0016221 0.000145646 
0.000144642 0.0149312 2.43056e-05 0.0683423 0.439933 0.0105849 0.16928 0.296759 
0.000362606 0.000526266 4.38811e-07 0.00412378 0.987415 1.45068e-05 0.007557 6.02167e-08 
0.0217622 0.00596152 0.00520336 0.142634 0.594382 0.000533077 0.226657 0.00286645 
0.250632 0.0578606 0.000482705 0.147525 0.272531 0.0653153 0.181045 0.0246077 
0.00687303 0.0360683 2.90973e-05 0.0109087 0.821725 0.000183242 0.12399 0.000222323 
0.000162601 0.0639269 3.99504e-05 0.000335605 0.934644 4.83338e-09 8.20015e-09 0.00089073 
0.000203287 1.35981e-05 4.6916e-07 0.00166369 0.99745 7.73942e-05 0.000591044 7.21139e-07 
0.00172299 0.0104397 7.00243e-07 0.00977086 0.930071 0.000746373 0.0467156 0.000532267 
0.000582637 0.0278592 9.35887e-06 0.0571321 0.623559 0.000297985 0.189729 0.100832 
0.123222 0.016211 1.67205e-07 0.0430828 0.66566 0.00274697 0.122012 0.0270655 
0.00509551 0.0597313 5.06018e-05 0.00319407 0.920412 0.00169825 0.00200717 0.00781128 
0.00908496 0.060483 5.1876e-05 0.026328 0.704314 0.00409927 0.19347 0.00216874 
0.00608299 0.144468 4.01262e-11 0.0644806 0.363899 0.221853 0.195311 0.00390498 
0.0482416 0.0737404 0.00151517 0.0268864 0.429779 0.000245186 0.401288 0.0183035 
0.0409067 0.0519043 0.00589096 0.0575554 0.697567 0.00282916 0.142895 0.000451035 
0.000158814 0.0379686 1.06852e-08 0.0012542 0.740929 2.45828e-06 0.153637 0.0660501 
0.00897496 0.11693 7.27207e-07 0.103342 0.540841 0.010953 0.182434 0.036524 
0.0438935 0.0324029 1.7563e-05 0.27735 0.528496 0.0332874 0.0697415 0.0148119 
0.0083954 0.0854884 2.51135e-05 0.0170234 0.63818 0.0015515 0.219256 0.03008 
0.0040514 0.00826643 3.30371e-07 0.0137532 0.955415 0.00107465 0.0169944 0.00044499 
0.00878224 0.0177534 9.3662e-07 0.0184121 0.796743 0.0141859 0.138324 0.0057976 
0.00386116 0.0961744 7.06053e-06 0.0674508 0.591352 0.0117267 0.219254 0.0101744 
0.00407923 0.0197681 8.21567e-05 0.00355385 0.953566 0.000163472 0.0140593 0.00472762 
0.0208629 0.0681264 2.14469e-09 0.141279 0.533078 0.00927525 0.202595 0.0247829 
0.0102594 0.0824164 1.19241e-07 0.0190068 0.514163 0.000835214 0.235226 0.138093 
0.00464508 0.0368124 4.90446e-06 0.0205035 0.785888 0.0654467 0.0629871 0.0237119 
0.01414 0.218206 7.2744e-06 0.0650664 0.479765 0.00137891 0.218425 0.00301222 
0.00468253 0.176393 0.000188308 0.0752241 0.6043 0.0104399 0.0660204 0.0627524 
0.00413522 0.0546636 0.000135164 0.15334 0.681278 0.0253315 0.0784197 0.00269709 
0.00151668 0.0263782 2.83315e-05 0.0112004 0.582059 0.000428458 0.376023 0.00236599 
0.0483031 0.00683267 4.31739e-07 0.247359 0.633274 0.0261076 0.0358634 0.00225994 
0.0484825 0.166679 1.6506e-07 0.222618 0.385979 6.77305e-05 0.172103 0.00407011 
0.00117305 0.0335992 1.5502e-05 0.0406744 0.898082 0.000470813 0.0180548 0.00792986 
0.000303359 0.110445 6.84378e-08 0.00152074 0.342954 4.39248e-06 0.221668 0.323105 
0.0174773 0.00848448 0.000170206 0.00228413 0.485652 1.34392e-05 0.468167 0.0177517 
0.000538826 0.0779677 1.29584e-12 0.0165059 0.733315 5.46925e-05 0.128183 0.0434353 
0.0020924 0.0206126 6.29388e-09 0.00142461 0.731162 2.25293e-06 0.240296 0.0044097 
0.000626478 0.084314 1.1018e-05 0.0144998 0.674546 1.75644e-05 0.195123 0.0308626 
0.0236883 0.0234796 0.000222177 0.0400506 0.721549 0.0266499 0.1421 0.0222606 
0.0126305 0.0583199 0.000248793 0.0692695 0.688322 6.42027e-05 0.170554 0.000591807 
0.0151489 0.0291353 0.000103558 0.0291487 0.474458 0.00651727 0.444035 0.0014537 
0.00327319 0.0464092 3.25399e-06 0.00934944 0.777911 0.000348935 0.159383 0.00332146 
0.0160223 0.0409024 0.0130191 0.442529 0.446936 0.00518033 0.0319893 0.0034218 
0.0183938 0.0258941 1.70914e-10 0.0492276 0.462484 6.47946e-05 0.442797 0.00113876 
0.058161 0.123294 0.000133977 0.163542 0.451851 0.0239018 0.165117 0.0139992 
0.189894 0.0405509 0.000259848 0.0606764 0.425686 0.0190896 0.26327 0.00057295 
0.0815294 0.135285 1.58546e-07 0.126819 0.424745 1.58623e-07 0.0407752 0.190846 
0.00263913 0.073975 2.84716e-09 0.00700257 0.571703 1.75133e-05 0.341169 0.00349294 
0.00821032 0.101587 5.53192e-05 0.06569 0.413997 0.00160407 0.394819 0.0140371 
0.00945789 0.155185 2.17846e-08 0.336702 0.342804 3.77362e-06 0.155844 2.25699e-06 
0.000466421 0.0392543 2.31003e-07 0.00661244 0.683719 4.14174e-05 0.268256 0.00165004 
0.00314184 0.0633197 0.000115122 0.0409963 0.651929 0.0252537 0.204041 0.0112034 
0.000340093 0.155935 3.25768e-13 0.00345093 0.639488 5.37406e-06 0.132254 0.0685261 
0.0133159 0.0663618 4.21659e-05 0.126361 0.663359 0.0134028 0.0932261 0.023931 
0.00801267 0.0352524 0.000106691 0.0111309 0.629937 0.000784204 0.30066 0.0141161 
0.0230447 0.0416828 4.90742e-06 0.0277937 0.833338 0.0239078 0.042097 0.00813068 
0.00179572 0.249346 2.36701e-07 0.064483 0.469349 0.000606388 0.124874 0.0895463 
0.0768487 0.00453014 3.76659e-07 0.124558 0.413271 0.258156 0.122167 0.000468584 
0.00445577 0.0640108 0.000653856 0.0257859 0.560815 0.00192562 0.31106 0.0312928 
0.259177 0.101957 0.000306435 0.0226233 0.414056 0.0148951 0.148045 0.0389407 
0.0419569 0.0672282 0.000568262 0.0574073 0.513308 0.00348724 0.16618 0.149864 
0.00413522 0.0546636 0.000135164 0.15334 0.681278 0.0253315 0.0784197 0.00269709 
0.00239984 0.0813043 4.71182e-05 0.0162047 0.610718 4.7241e-05 0.286869 0.00240989 
0.00226384 0.00965321 2.24458e-06 0.00413951 0.500443 2.4466e-05 0.482988 0.000486081 
0.00441426 0.13329 1.63897e-05 0.0306737 0.382693 4.93788e-06 0.34437 0.104537 
0.00345837 0.0136946 7.94646e-06 0.0202394 0.597061 0.00316817 0.35422 0.00815133 
0.0176407 0.0144318 8.67363e-05 0.0830353 0.766758 0.000310872 0.0986927 0.0190443 
0.0128467 0.00325619 1.44559e-05 0.0272442 0.89142 0.000870475 0.0219815 0.0423664 
0.00172974 0.0691109 4.11753e-05 0.0141607 0.903648 0.000115207 0.00158055 0.00961338 
0.000789853 0.00745576 1.20471e-09 0.000402301 0.530788 6.56591e-05 0.453953 0.00654618 
0.00051604 0.169347 1.732e-08 0.00736811 0.568974 4.66146e-07 0.251777 0.00201712 
0.00400193 0.0880566 0.000187854 0.00287298 0.893232 4.52127e-05 0.00661981 0.00498353 
0.00598439 0.106382 2.82495e-06 0.0945552 0.605949 0.0037023 0.176149 0.00727497 
0.010705 0.206671 0.000543136 0.314545 0.32242 0.000155522 0.138366 0.00659449 
0.00927851 0.0207022 0.00436077 0.307873 0.470178 0.0291864 0.125231 0.0331899 
0.0483504 0.0101806 0.000161288 0.111929 0.569807 0.0716583 0.170132 0.0177804 
0.000916701 0.000673181 8.5261e-11 0.00411921 0.883771 0.000394818 0.11011 1.50047e-05 
0.0018285 0.228114 4.91101e-05 0.233083 0.413628 5.60102e-05 0.0828772 0.0403641 
0.000406398 0.055236 2.5122e-08 0.115496 0.536003 0.000242732 0.292195 0.000421209 
1.0418e-09 0.000244131 2.5593e-09 4.59191e-06 0.969589 9.09281e-10 0.0301283 3.3853e-05 
0.00105039 0.0700855 0.0412424 0.30988 0.42556 0.000943283 0.150342 0.000896848 
0.00132255 0.0601155 3.38147e-05 0.00769815 0.923737 0.000140528 0.00122861 0.00572404 
0.144594 0.0897215 6.56994e-05 0.0841322 0.331922 0.0358952 0.311488 0.00218138 
0.0155123 0.115945 0.000378544 0.0524054 0.576557 0.00190358 0.207931 0.0293671 
0.00552095 0.0221684 1.15583e-05 0.0089611 0.54114 0.00514887 0.361049 0.0560006 
0.00328966 0.15266 1.78918e-07 0.0472987 0.549159 3.88288e-05 0.232266 0.0152883 
0.00422832 0.0296457 5.87525e-07 0.0161813 0.658927 0.00615631 0.25998 0.024881 
0.0179639 0.0108836 0.000245347 0.0290793 0.757544 0.00761246 0.168644 0.00802803 
0.000181596 0.05116 2.56424e-06 0.242348 0.588988 2.52549e-05 0.114832 0.00246377 
0.031439 0.0179684 1.08585e-05 0.0438426 0.751262 0.0383656 0.108787 0.00832522 
0.0123304 0.0422098 8.53127e-05 0.0164148 0.554973 0.00751034 0.348384 0.018092 
0.0035838 0.12795 9.66254e-06 0.0723877 0.750717 8.54479e-06 0.0316621 0.0136815 
0.00391719 0.0846543 9.24228e-05 0.0226427 0.681996 0.00226403 0.167522 0.0369115 
0.00239304 0.0853941 3.56376e-05 0.0265661 0.866718 0.000129122 0.0022568 0.0165071 
0.000885641 0.0576242 2.28239e-12 0.012125 0.533068 3.71086e-05 0.395887 0.000372884 
0.00358136 0.0390103 4.87974e-06 0.0446629 0.816481 0.000448739 0.0762358 0.0195752 
0.00944911 0.0868719 1.35321e-05 0.101041 0.427071 0.00100121 0.296032 0.0785197 
0.294701 0.02523 1.75437e-05 0.173112 0.318147 0.127466 0.056868 0.00445871 
0.0365747 0.00719285 9.77342e-06 0.0443512 0.554953 0.0172414 0.337263 0.00241401 
0.0304683 0.0422737 0.000210698 0.0683856 0.60638 6.65843e-05 0.251823 0.000391879 
0.0173544 0.0104124 2.9507e-05 0.0223938 0.590432 0.0355745 0.291213 0.0325903 
0.00592544 0.0106856 0.000104767 0.0853989 0.582644 0.158641 0.123332 0.0332677 
0.0322022 0.0209218 3.01804e-05 0.0415827 0.440575 0.0040018 0.434308 0.0263777 
6.42304e-05 0.00719613 1.22859e-07 0.000622055 0.871896 5.32553e-06 0.113648 0.00656767 
0.0154366 0.00699839 2.98948e-05 0.0138267 0.636854 0.0447903 0.26627 0.015794 
0.159927 0.0303973 0.000275179 0.0173522 0.528028 0.0114767 0.251916 0.00062874 
0.0036952 0.097591 4.44644e-11 0.0213833 0.854277 0.00126748 0.0214787 0.000307644 
0.179648 0.00149978 8.79031e-11 0.179188 0.352588 0.0184464 0.266781 0.00184751 
0.0732688 0.110942 4.73292e-08 0.388076 0.391521 0.000233524 0.0261366 0.00982223 
0.00120512 0.14309 0.00118363 0.217805 0.579768 0.000108345 0.0146836 0.0421561 
0.0504636 0.0928082 1.44352e-05 0.050831 0.493691 0.00172699 0.309092 0.00137229 
0.188356 0.0240696 0.00010403 0.251041 0.327507 0.0137017 0.16 0.0352206 
0.000600157 0.111744 7.94355e-05 0.0121831 0.461027 0.0001272 0.354585 0.0596544 
0.0010916 0.210004 3.03003e-07 0.0707947 0.486877 0.00251646 0.215042 0.013674 
0.000386491 0.187181 6.46728e-07 0.00195666 0.679405 0.00031572 0.0809708 0.049783 
0.00594378 0.206531 8.60101e-06 0.0760374 0.581393 0.000670591 0.12088 0.00853647 
0.00488629 0.0974878 3.99632e-07 0.00222357 0.596956 0.000215851 0.251695 0.0465353 
0.000350642 0.00277853 7.9314e-13 0.00247481 0.921849 1.04291e-09 0.0724867 6.00855e-05 
0.0399923 0.223353 7.97723e-06 0.0963902 0.254335 0.00386637 0.199869 0.182186 
0.00509186 0.0742287 0.0612605 0.0232483 0.410157 0.000778719 0.397638 0.0275966 
0.00624634 0.183817 1.6502e-05 0.035468 0.494062 6.65215e-05 0.248883 0.0314405 
0.0010062 0.049373 0.000115419 0.103148 0.501921 0.0203233 0.292996 0.0311171 
0.00460913 0.0531463 2.72904e-05 0.0161245 0.63119 0.0138451 0.19889 0.0821674 
0.0019071 0.0360851 1.08249e-05 0.0110606 0.734533 0.000335555 0.1911 0.024968 
0.0101431 0.0266054 0.000364101 0.0221467 0.642492 0.000118737 0.28791 0.0102194 
0.0443301 0.00460684 1.39305e-05 0.146912 0.58564 0.0185983 0.177146 0.0227524 
0.0147128 0.00528722 1.44361e-06 0.0166302 0.672593 0.000244104 0.286225 0.00430597 
0.000648801 0.0157272 2.51863e-08 0.345503 0.430615 1.29898e-05 0.205267 0.00222586 
0.0205446 0.0627357 0.0132377 0.130914 0.640703 0.0295185 0.088935 0.0134115 
0.00152071 0.0464533 4.55062e-05 0.0298091 0.502222 1.19154e-05 0.417632 0.00230536 
0.0095708 0.0683424 0.000302912 0.0900006 0.595897 0.000280314 0.206064 0.0295418 
0.0010916 0.210004 3.03003e-07 0.0707947 0.486877 0.00251646 0.215042 0.013674 
0.0378274 0.0970373 0.000310818 0.185689 0.348125 0.159599 0.140757 0.0306542 
0.0062561 0.0627778 2.74061e-05 0.0363981 0.72495 0.00597029 0.163243 0.000377377 
0.00191988 0.0526789 6.99058e-05 0.105585 0.707184 0.0233385 0.0864059 0.0228177 
0.0107014 0.0229807 7.82183e-05 0.0124644 0.635958 0.0206213 0.280898 0.0162974 
0.00574255 0.0635379 8.00821e-06 0.0172169 0.891985 7.63297e-05 0.00135374 0.0200799 
0.0114549 0.0499448 0.000122237 0.00730651 0.612673 0.000175191 0.31118 0.00714419 
1.12727e-07 0.00872955 3.80641e-07 0.29247 0.602645 3.49175e-07 0.0961458 7.92169e-06 
0.00325287 0.00126746 2.35691e-09 0.000971551 0.977911 7.26901e-05 0.0150999 0.00142492 
0.0014988 0.0258182 3.47377e-06 0.187779 0.694977 0.0101525 0.0753787 0.00439281 
0.00155858 0.0578573 1.54316e-05 0.0835764 0.734055 0.00276598 0.119972 0.000198773 
1.26858e-05 0.0081807 1.48993e-05 0.0599087 0.7506 2.61253e-05 0.165014 0.0162435 
0.0114608 0.00628948 0.00102313 0.185967 0.551388 0.0285533 0.204631 0.0106885 
0.00246812 0.0566973 7.81288e-11 0.0118913 0.551358 2.87847e-05 0.369534 0.00802195 
0.00212498 0.0475341 0.0800059 0.0642531 0.551143 0.00296715 0.227925 0.0240468 
0.000323198 0.322749 7.0568e-06 0.136149 0.352111 0.000701206 0.106719 0.0812406 
0.0014988 0.0258182 3.47377e-06 0.187779 0.694977 0.0101525 0.0753787 0.00439281 
0.0164943 0.0261808 8.27621e-07 0.0166666 0.689717 0.086725 0.116448 0.047768 
0.00346311 0.00869523 8.22361e-07 0.0915423 0.497708 8.2468e-05 0.39834 0.000167627 
0.00736272 0.0587866 0.0111699 0.310953 0.351172 0.0115493 0.22697 0.0220358 
0.00430325 0.117115 0.000151216 0.0243743 0.629584 0.000210577 0.221199 0.0030626 
0.0047193 0.421889 1.93753e-05 0.00524319 0.43614 0.00173543 0.128773 0.00148067 
0.00010822 0.230849 1.44862e-06 0.0681775 0.513056 0.00214925 0.174035 0.0116234 
0.151198 0.0868717 0.00250576 0.129825 0.428487 0.0294619 0.146749 0.0249021 
0.0585292 0.0613653 5.86368e-06 0.113962 0.436808 0.00125447 0.32427 0.00380537 
0.0132521 0.0403144 6.29301e-06 0.00467301 0.772991 0.0493123 0.114996 0.0044559 
0.00481708 0.023298 1.27383e-05 0.0182855 0.82284 0.00106213 0.102572 0.0271128 
0.00794364 0.0320214 8.15515e-07 0.0885533 0.779222 0.00196648 0.0863887 0.00390354 
0.000542022 0.0437965 4.8172e-06 0.0141147 0.626704 1.74516e-06 0.314631 0.00020467 
0.00100131 0.186456 5.87152e-06 0.0441434 0.418443 1.78105e-05 0.348923 0.00100987 
0.0112159 0.185647 0.00100893 0.191754 0.36901 0.00454121 0.19782 0.0390023 
0.139442 0.0272052 0.000116732 0.0331503 0.578313 0.0256752 0.155844 0.0402537 
0.0125955 0.0157598 5.61204e-06 0.060118 0.665685 0.00758645 0.201442 0.0368086 
0.00036592 0.0187359 5.14348e-08 0.0101219 0.84524 0.000120577 0.124508 0.000907198 
0.0111477 0.0910722 1.30876e-06 0.0182186 0.696366 0.010594 0.0989867 0.0736132 
0.0253258 0.00226536 0.00106226 0.0418515 0.732588 0.0273587 0.164204 0.00534417 
0.0185853 0.0264777 0.00858595 0.277033 0.496793 0.000506433 0.167607 0.00441209 
0.000354791 0.0931964 5.1808e-06 0.0126375 0.822337 9.74456e-08 0.0692587 0.00221075 
0.000534341 0.349637 9.09937e-09 0.0210146 0.551716 1.75367e-07 0.0761628 0.000935061 
0.0970125 0.112589 1.86342e-07 0.103655 0.392309 0.204745 0.0876371 0.00205222 
2.86945e-08 0.213846 8.35191e-13 0.00461425 0.710303 2.44974e-06 0.0640469 0.0071868 
0.0127947 0.026785 1.38781e-06 0.0214201 0.924139 5.26417e-05 0.0147959 1.11008e-05 
1.22032e-07 0.0313562 1.27039e-07 0.00721914 0.904267 7.48246e-07 0.056573 0.000583204 
0.000376195 0.060851 3.8193e-05 0.215405 0.673449 3.34631e-05 0.0498092 3.76331e-05 
0.013979 0.212542 0.00188984 0.0315498 0.611187 0.00566849 0.11147 0.0117142 
0.0297208 0.0653444 7.77179e-05 0.0607629 0.496269 0.00525841 0.329001 0.0135661 
6.39316e-07 0.00332809 8.44242e-08 1.13898e-06 0.550221 3.74466e-11 0.446447 1.36503e-06 
0.00270755 0.034853 0.000100768 0.0107528 0.492956 0.00419363 0.442037 0.0124001 
0.00201633 0.132811 2.70521e-05 0.107427 0.409105 3.3604e-05 0.328497 0.0200838 
0.108899 0.0524504 0.000121726 0.304985 0.346664 0.0190523 0.125108 0.0427182 
0.047838 0.0772911 2.69933e-06 0.113872 0.559751 0.0180492 0.162233 0.0209623 
0.000912896 0.029221 1.3707e-05 0.0282102 0.547644 2.33623e-06 0.391795 0.00220085 
0.00395616 0.00038833 2.78973e-06 0.00665166 0.942849 0.00762574 0.0378157 0.000710299 
0.0681308 0.0832911 1.87307e-07 0.116355 0.529709 5.75094e-06 0.202186 0.000322044 
0.153869 0.0548903 2.99451e-06 0.176911 0.548283 0.0282016 0.0372585 0.000582696 
0.000333342 0.0798781 1.70401e-07 0.0981763 0.674223 3.52839e-06 0.144809 0.0025764 
0.0111622 0.0358095 0.00107625 0.0285266 0.556249 0.000791749 0.340112 0.0262726 
0.000440717 0.0374145 4.71806e-06 0.0536904 0.882657 2.63781e-07 0.0256524 0.000140419 
0.110972 0.0738031 1.59727e-05 0.0430943 0.363273 0.0139674 0.36213 0.0327436 
0.16257 0.0269513 1.46338e-05 0.0341666 0.535517 0.0185832 0.212538 0.00965938 
0.244653 0.0194141 1.84353e-06 0.072112 0.448916 0.0157952 0.191301 0.00780578 
0.00987367 0.0904402 0.00517488 0.0219371 0.475014 0.00596458 0.349974 0.0416213 
0.0298504 0.0124422 0.000138355 0.103697 0.675017 0.0217925 0.100715 0.0563469 
0.132579 0.0438952 0.00132791 0.259376 0.322139 0.149126 0.0808841 0.0106715 
0.00139721 0.0570731 3.48076e-08 0.00143063 0.539654 3.42593e-05 0.325511 0.0748998 
0.000841648 0.0733827 1.71982e-06 0.028762 0.799509 5.72797e-05 0.0835845 0.0138611 
0.0115991 0.0479331 0.00142364 0.0200329 0.351256 0.128213 0.338895 0.100648 
0.00695182 0.224377 7.79762e-05 0.16528 0.518572 6.07653e-05 0.0620021 0.0226792 
0.147706 0.0231016 2.44237e-06 0.00884901 0.581878 0.00110835 0.232054 0.00530028 
0.00522706 0.0707531 0.00774881 0.0845165 0.53583 0.00113751 0.288006 0.00678087 
0.0101431 0.0266054 0.000364101 0.0221467 0.642492 0.000118737 0.28791 0.0102194 
0.132579 0.0438952 0.00132791 0.259376 0.322139 0.149126 0.0808841 0.0106715 
0.0236092 0.0449294 0.00566389 0.0329424 0.657193 0.000374278 0.23419 0.00109859 
0.00688888 0.198339 0.000295623 0.0649784 0.637578 0.0255311 0.0567519 0.00963666 
0.00208091 0.0639161 1.41386e-07 0.0283777 0.609167 0.0244393 0.268772 0.00324682 
0.000112399 0.000983071 6.89301e-10 3.13926e-05 0.741116 2.18284e-05 0.257481 0.000254376 
0.00293961 0.00373662 3.30781e-07 0.000175894 0.587905 2.61266e-09 0.404517 0.0007252 
0.00910411 0.00195164 1.74547e-05 0.00742055 0.875962 0.00940034 0.0845298 0.0116139 
0.0389736 0.0107121 2.9e-06 0.305517 0.431994 0.0243219 0.188268 0.00021044 
0.157432 0.0728947 6.81492e-05 0.142345 0.337412 0.198774 0.0618984 0.0291765 
7.24905e-05 0.0626781 0.000816119 0.133159 0.49159 4.21702e-05 0.311432 0.000210206 
0.0542597 0.0499126 7.00175e-06 0.0295968 0.543463 0.0263463 0.288916 0.00749857 
0.00917145 0.0935145 2.4493e-10 0.223529 0.620769 1.42721e-06 0.05299 2.45206e-05 
0.0118279 0.0275867 8.14418e-05 0.0458735 0.685073 0.000168078 0.218902 0.0104878 
0.00218177 0.0319046 6.75961e-06 0.0223724 0.596948 0.000365005 0.299995 0.0462258 
5.52336e-10 0.00320686 0.0286017 0.129612 0.448603 1.35029e-06 0.387112 0.00286364 
0.0214962 0.0183785 0.000480831 0.00363303 0.686182 0.0120994 0.257692 3.79396e-05 
0.0133694 0.0509366 0.00202384 0.034418 0.528721 0.00119969 0.315296 0.0540358 
0.00634699 0.0619975 2.75814e-05 0.0256394 0.468238 0.00827663 0.414775 0.0146985 
0.00369048 0.0654944 0.000136508 0.0494136 0.527904 4.99619e-05 0.328232 0.025079 
0.0424765 0.0677227 1.40015e-06 0.00266419 0.564642 5.64065e-05 0.317197 0.00523974 
0.00704367 0.0642424 9.31242e-06 0.0184535 0.642227 0.0129861 0.218762 0.0362763 
0.00080026 0.198632 1.6448e-11 0.0185013 0.382311 6.07059e-06 0.315575 0.0841742 
0.0109894 0.199103 8.6945e-05 0.247229 0.367817 0.00202794 0.0930668 0.0796795 
0.0676331 0.0119986 4.50057e-05 0.0980222 0.506419 0.0217784 0.289809 0.00429526 
0.00156078 0.00214967 1.89993e-07 0.00696465 0.834594 0.000342842 0.152686 0.001702 
0.0301405 0.359059 0.000412593 0.0518703 0.40147 0.00388109 0.0825006 0.0706662 
0.0891187 0.106278 0.00581232 0.257295 0.430075 0.00137343 0.0748501 0.0351978 
0.0325756 0.00315988 9.4575e-05 0.0162142 0.505866 0.000310512 0.441673 0.00010654 
0.000459199 0.0124765 0.000573313 0.00068472 0.874729 2.90525e-08 0.110417 0.000659878 
0.00578667 0.0173658 5.05078e-06 0.0139298 0.790381 0.168514 0.00401657 1.11258e-06 
0.0033034 0.055414 0.000216951 0.0714501 0.599143 0.0208775 0.235987 0.0136083 
0.0505054 0.0439662 3.41899e-05 0.128924 0.616326 0.0741468 0.082795 0.00330212 
0.0115207 0.290431 4.34007e-08 0.124311 0.443084 0.000410856 0.088926 0.0413168 
0.0175713 0.0495256 1.16595e-07 0.0660874 0.474041 0.0252891 0.362516 0.00496915 
0.00148685 0.00597132 0.000167004 0.017654 0.708662 0.000206001 0.265217 0.000635415 
0.0764562 0.0226209 0.000403529 0.0536342 0.433097 0.00113807 0.347116 0.0655341 
0.00710033 0.0402517 3.87678e-05 0.00522141 0.462479 0.026054 0.444476 0.0143793 
0.0260944 0.0104519 2.07334e-06 0.267145 0.482858 0.0582689 0.155084 9.57693e-05 
0.00326475 0.0884039 0.000392911 0.0416744 0.729704 2.27462e-05 0.130974 0.00556309 
0.00481708 0.023298 1.27383e-05 0.0182855 0.82284 0.00106213 0.102572 0.0271128 
0.0132286 0.187713 8.88866e-06 0.0713763 0.465275 0.0272504 0.215041 0.0201069 
0.072366 0.221362 7.14838e-06 0.324715 0.341771 0.000176447 0.0337352 0.00586658 
1.77616e-07 0.275567 0.000603801 0.0259719 0.363694 0.00152774 0.316861 0.015775 
0.012652 0.0166428 3.46828e-06 0.0518132 0.878374 0.0147491 0.0248075 0.000958105 
0.000520864 0.0585295 1.00187e-05 0.107367 0.601635 2.49892e-05 0.22964 0.00227238 
0.00256242 0.0113484 0.00111644 0.0675241 0.697316 0.0439783 0.175946 0.000208916 
0.0154037 0.102647 2.87873e-06 0.21292 0.542604 0.000498225 0.125702 0.000222728 
0.00691686 0.0351942 0.000481439 0.0257342 0.632217 0.00133536 0.291794 0.00632684 
0.0572725 0.0567765 8.22609e-06 0.103716 0.503526 0.00939732 0.217629 0.0516747 
0.0408967 0.0865793 0.00115928 0.0275804 0.46148 0.00310777 0.361749 0.0174471 
0.002513 0.00980327 0.000912723 0.0475649 0.896105 0.000965515 0.0399691 0.00216602 
0.0394393 0.0763839 0.223777 0.0734257 0.443789 0.000647336 0.135197 0.00734069 
0.00509551 0.0597313 5.06018e-05 0.00319407 0.920412 0.00169825 0.00200717 0.00781128 
0.000144557 0.0158893 3.81814e-08 1.36936e-07 0.558495 4.84302e-12 0.425471 2.24456e-09 
0.278545 0.0616738 0.0121127 0.048254 0.298159 0.011473 0.28385 0.00593279 
0.000385172 0.000204183 8.46562e-07 0.0439248 0.954392 3.67703e-05 0.00105236 4.38821e-06 
0.00644717 0.0237935 6.93768e-05 0.326472 0.557591 0.013808 0.0714555 0.000363201 
0.0276295 0.0256859 0.000111106 0.122399 0.574799 0.00654784 0.212005 0.0308234 
0.00770512 0.0678717 9.34753e-05 0.0032318 0.869775 0.037544 0.0050654 0.00871404 
0.00503683 0.0876506 8.13047e-05 0.0322851 0.440799 0.0016555 0.379091 0.0534015 
0.231409 0.114597 8.13153e-05 0.057579 0.332405 0.0134257 0.110233 0.140269 
0.0230496 0.0635312 0.00263629 0.136688 0.707902 0.000171856 0.0613884 0.00463342 
0.00661995 0.00321816 0.147897 0.118225 0.444732 0.000223897 0.279079 4.41161e-06 
0.00197052 0.0827167 0.000107274 0.0371743 0.526356 0.000143476 0.248931 0.102601 
0.135197 0.0494829 1.05895e-05 0.0526004 0.391059 0.0899068 0.218679 0.0630643 
6.16136e-05 0.0228905 7.23558e-10 3.00523e-05 0.581708 5.13954e-10 0.392185 0.00312437 
0.0359546 0.0341944 0.000656656 0.00216164 0.636199 0.00042766 0.290367 3.86198e-05 
0.000626141 0.236393 1.72782e-06 0.011038 0.660265 7.98929e-06 0.0891298 0.00253815 
0.00219411 0.0412755 1.24688e-06 0.00831326 0.905997 1.14205e-06 0.033633 0.00858451 
0.288588 0.0348229 0.00193192 0.0715117 0.411755 0.00678776 0.157701 0.0269021 
0.0788995 0.0231549 4.71197e-05 0.00903339 0.547526 0.00160584 0.327893 0.0118407 
0.001019 0.091197 3.68445e-05 0.196513 0.402939 0.0003799 0.272639 0.0352758 
0.00202246 0.0628834 2.54115e-05 0.0386759 0.601151 9.25677e-06 0.216541 0.0786924 
0.00409885 0.0448078 0.000323026 0.089827 0.589259 0.000124219 0.262992 0.00856757 
0.0158471 0.0771661 0.00645893 0.256851 0.445755 0.000825174 0.136684 0.0604128 
0.0107189 0.0381795 0.000273897 0.133078 0.569029 3.33084e-05 0.24717 0.00151748 
0.0013264 0.0181278 6.3711e-06 0.0132213 0.629633 0.00264769 0.309069 0.025969 
0.00903752 0.000488738 3.96945e-05 0.0662305 0.91636 0.000436488 0.00715268 0.000254108 
0.256233 0.0678233 3.04488e-07 0.0176173 0.432234 0.0293969 0.177031 0.0196645 
0.0329654 0.00954589 0.000900552 0.0435141 0.656175 0.0126659 0.240973 0.00326025 
9.91456e-07 0.33879 2.81046e-05 0.0425968 0.46873 4.67849e-05 0.144908 0.00489907 
0.00725255 0.0553905 4.6945e-06 0.00298573 0.864969 6.90342e-05 0.0689728 0.000355333 
0.0226145 0.0779965 0.000549494 0.130824 0.477929 0.00545061 0.261673 0.0229624 
0.00174632 0.369019 0.000739325 0.0155134 0.457617 6.9168e-06 0.124543 0.0308142 
0.00485027 0.0460022 2.91037e-06 0.0207503 0.494721 2.84961e-05 0.403239 0.0304056 
0.00633324 0.013614 8.83005e-06 0.0117056 0.689054 0.00395168 0.263769 0.0115643 
0.0011146 0.000349041 7.45425e-06 0.00691528 0.975085 0.00157746 0.00231459 0.0126367 
0.0940991 0.0599571 2.18446e-07 0.0129761 0.603126 0.00323999 0.202021 0.02458 
0.00117195 0.155563 1.1729e-06 0.1983 0.528412 0.000312097 0.0845889 0.0316518 
0.00868158 0.074731 8.63757e-11 0.0971827 0.652081 1.30605e-07 0.167213 0.000110307 
0.00854547 0.046062 6.12558e-06 0.119969 0.450605 0.00059965 0.342783 0.0314297 
0.0473871 0.145627 3.11821e-07 0.11167 0.505227 0.0284522 0.146847 0.0147896 
0.00122932 0.126413 1.82912e-08 0.100148 0.576894 4.85137e-05 0.193035 0.00223307 
0.0108443 0.0616138 5.10122e-06 0.0961875 0.420062 0.00333178 0.407532 0.000423977 
0.012084 0.159056 0.000145677 0.0231381 0.736941 0.000288846 0.0582344 0.0101115 
0.000196142 0.165798 2.5436e-05 0.0622109 0.557483 0.000108837 0.181277 0.0329008 
0.0138158 0.116192 5.51699e-06 0.209067 0.257594 0.0896074 0.236825 0.0768934 
0.00397343 0.0235123 1.57878e-05 0.0244939 0.80631 0.00148853 0.120771 0.0194343 
0.0202338 0.0472391 0.000366636 0.031923 0.429493 0.0416818 0.368396 0.0606662 
0.0134225 0.0246968 0.000303339 0.0317463 0.474082 0.00626642 0.429627 0.019855 
0.015304 0.0249203 3.17611e-06 0.0184534 0.756931 0.000508872 0.183305 0.000574616 
0.0371197 0.122221 0.0366505 0.305241 0.330121 0.022191 0.13912 0.00733663 
0.000370361 0.0187626 4.26112e-07 0.0212845 0.833682 7.82606e-05 0.122351 0.00347074 
0.0283817 0.0110361 0.023986 0.0882368 0.720075 0.00532552 0.122442 0.000517154 
0.00556039 0.00723329 2.21116e-08 0.00750976 0.553048 0.0207442 0.405686 0.000217971 
0.00829417 0.0679833 3.74573e-09 0.043521 0.731324 0.000312798 0.147229 0.00133575 
0.000241497 0.117624 3.34213e-06 0.0681622 0.450189 0.00183691 0.350398 0.0115449 
0.0305432 0.0692971 1.6717e-05 0.011398 0.458747 0.00603799 0.415372 0.00858807 
0.00634607 0.0303623 0.00110097 0.152953 0.580006 0.00165663 0.226724 0.000851794 
0.00214549 0.175384 7.96879e-05 0.184613 0.467731 0.000566404 0.12802 0.0414602 
0.00889858 0.0659815 0.000198564 0.0545885 0.592072 8.31087e-05 0.272892 0.00528566 
0.0183626 0.0109094 2.59142e-06 0.0087869 0.690978 0.000623499 0.0416121 0.228725 
8.6044e-05 0.203057 7.19784e-09 0.00274562 0.56649 1.78813e-06 0.217829 0.00979008 
0.000568236 0.194729 5.05448e-05 0.060861 0.442132 9.63942e-05 0.268661 0.0329017 
0.0101788 0.0764194 6.06681e-06 0.0259121 0.608426 0.0047293 0.26483 0.00949897 
0.00355859 0.0459882 6.32345e-05 0.0196367 0.454702 0.0155946 0.449761 0.0106963 
0.0238247 0.0524986 0.000135798 0.36752 0.392046 0.000486404 0.138864 0.0246237 
0.0389892 0.100146 2.5252e-05 0.0158753 0.562513 0.0115613 0.25325 0.0176396 
0.00739161 0.0659532 0.000985366 0.113333 0.7732 0.00660272 0.0280042 0.00452943 
0.0286125 0.0789747 0.00299585 0.145092 0.369905 0.0128005 0.341207 0.0204121 
0.00141724 0.156095 0.000260487 0.186006 0.34337 7.70565e-05 0.309324 0.00344969 
0.141147 0.0239245 7.54821e-06 0.160568 0.246325 0.168613 0.0268944 0.23252 
4.98695e-07 2.67615e-11 2.78368e-10 6.46197e-07 0.983654 9.88999e-11 0.016345 5.72239e-11 
0.025201 0.0132488 3.61402e-06 0.059093 0.788362 0.0103415 0.0977726 0.00597717 
0.0608988 0.0572138 5.19818e-06 0.0464612 0.384764 0.0748399 0.342042 0.0337749 
0.00192588 0.123842 6.86831e-06 0.0363058 0.730416 0.000422225 0.050468 0.0566127 
0.000106706 0.316068 1.21277e-05 0.0870486 0.31784 9.66846e-06 0.277989 0.000926048 
0.000885641 0.0576242 2.28239e-12 0.012125 0.533068 3.71086e-05 0.395887 0.000372884 
0.00578667 0.0173658 5.05078e-06 0.0139298 0.790381 0.168514 0.00401657 1.11258e-06 
0.00605908 0.134576 5.16614e-05 0.0338565 0.586848 0.00854754 0.213201 0.0168596 
0.013382 0.00876776 8.05084e-08 0.00434393 0.527804 0.0829331 0.35304 0.00972924 
0.145724 0.080925 2.99951e-06 0.0151865 0.274258 0.0332905 0.19658 0.254033 
0.00522092 0.0781454 4.98396e-10 0.00303113 0.759979 6.55843e-05 0.141786 0.0117719 
0.0271098 0.000712312 6.86458e-06 0.383837 0.540228 0.00912121 0.0378308 0.00115363 
0.0347546 0.0287882 0.0191166 0.329145 0.39179 0.00844122 0.187233 0.00073182 
0.00498041 0.155696 2.04089e-06 0.0254187 0.470108 0.161721 0.0335091 0.148564 
0.00159676 0.0372372 6.30392e-05 0.00357554 0.664863 8.82298e-06 0.259997 0.0326583 
0.0148655 0.141849 7.55715e-11 0.0137492 0.505573 2.68494e-11 0.323962 9.01056e-07 
0.169101 0.0218141 0.00117826 0.10813 0.53586 0.000198705 0.143105 0.0206135 
1.43912e-07 0.102112 3.38937e-08 0.00466186 0.713925 3.87319e-08 0.178935 0.000366186 
0.00324459 0.0748118 2.37024e-06 0.138093 0.453325 0.000118367 0.311953 0.0184518 
0.00933835 0.034907 1.94421e-09 0.0049344 0.59249 0.0530011 0.300017 0.00531141 
0.0363706 0.0481371 2.04695e-05 0.0657579 0.707586 0.00221872 0.12242 0.0174894 
0.014036 0.0133441 2.14037e-05 0.0212419 0.570194 0.000194679 0.352138 0.0288298 
0.00719604 0.0227587 0.000435222 0.0448287 0.791206 0.00063877 0.128005 0.00493113 
0.00876614 0.146072 3.85511e-08 0.0241849 0.618038 0.00043063 0.202344 0.000163732 
0.00116583 0.0303473 4.18603e-10 0.369203 0.416913 1.64636e-07 0.179916 0.00245524 
0.03438 0.303704 0.000373274 0.17543 0.333275 0.000588047 0.0890652 0.0631848 
0.030877 0.125753 4.03301e-08 0.198455 0.535163 7.97658e-05 0.109476 0.000197697 
0.0128132 0.0216038 1.82244e-05 0.095155 0.762003 2.17707e-05 0.107989 0.000396357 
0.00114414 0.0255901 0.000116127 0.0462814 0.444219 9.74432e-05 0.436101 0.046451 
0.0160751 0.0479059 0.0350392 0.310361 0.381063 0.0147171 0.194098 0.000740275 
0.0180985 0.000114223 0.000142723 0.00913302 0.943437 0.000147759 0.0289196 7.21241e-06 
0.0443926 0.0595535 2.25645e-05 0.0267517 0.598083 0.0326275 0.232242 0.00632704 
0.00515539 0.0702109 3.76062e-05 0.101169 0.595288 0.0202001 0.207791 0.000149134 
0.00659168 0.0285624 0.000762914 0.0186513 0.466743 0.000544987 0.425699 0.052445 
0.00882732 0.224286 0.000814259 0.0312398 0.499945 6.82704e-05 0.177334 0.0574857 
0.00310374 0.117978 0.000131328 0.112222 0.505759 5.83311e-05 0.258847 0.00190075 
0.0133003 0.0311155 1.89565e-05 0.0216625 0.56911 0.00250166 0.357838 0.00445286 
0.00888027 0.0212358 1.65288e-05 0.0142279 0.629665 0.000253551 0.308322 0.0173995 
0.141108 0.113038 2.35115e-05 0.191422 0.337963 0.0269523 0.162941 0.0265524 
0.022449 0.08617 2.26599e-05 0.0264654 0.430831 9.73774e-05 0.4011 0.0328652 
0.00578294 0.0778157 8.25833e-05 0.032538 0.643328 0.00338716 0.214108 0.0229569 
0.175054 0.0467308 3.5292e-06 0.0133092 0.353444 0.0340873 0.352494 0.0248766 
0.00054547 0.00103296 2.83163e-11 0.00252505 0.834759 1.37866e-06 0.161039 9.704e-05 
0.00536913 0.0065253 7.10005e-07 0.0403996 0.905656 7.71705e-05 0.0415336 0.000438527 
0.00234343 0.0856773 6.34901e-07 0.0947589 0.711135 0.000280675 0.0878894 0.0179144 
0.012325 0.0191344 8.60132e-06 0.0163347 0.640129 0.000256235 0.308409 0.00340319 
0.000885641 0.0576242 2.28239e-12 0.012125 0.533068 3.71086e-05 0.395887 0.000372884 
0.0254683 0.0411298 0.000211797 0.0830801 0.426671 0.0103656 0.404621 0.00845249 
0.0333453 0.0372198 9.51917e-05 0.0722465 0.753484 0.00102996 0.0865985 0.0159812 
0.0020924 0.0206126 6.29388e-09 0.00142461 0.731162 2.25293e-06 0.240296 0.0044097 
0.0121999 0.0438294 0.000709255 0.0361272 0.490604 0.000732357 0.409272 0.00652613 
0.0366925 0.135917 2.7881e-05 0.325411 0.357912 0.00740934 0.0334202 0.103211 
0.00327319 0.0464092 3.25399e-06 0.00934944 0.777911 0.000348935 0.159383 0.00332146 
0.00109922 0.394734 4.48814e-09 0.0118381 0.424786 3.2702e-06 0.118388 0.0491509 
0.00755099 0.0124836 0.0804518 0.00512708 0.449705 0.00101864 0.422414 0.0212481 
0.00596189 0.0275038 9.25979e-08 0.0414252 0.500385 0.000402525 0.395131 0.0291903 
0.00770057 0.0681126 9.45762e-05 0.00319631 0.868692 0.0382367 0.00509789 0.00886981 
0.0282678 0.165882 1.04266e-07 0.00271844 0.528838 2.17175e-05 0.074712 0.19956 
0.000680749 0.0875336 0.00126819 0.0270393 0.487587 0.000262817 0.39275 0.00287759 
0.000148776 0.0187745 3.76105e-08 0.00204329 0.972644 4.45378e-06 0.00630613 7.8715e-05 
0.00531266 0.0146801 4.40286e-05 0.00233782 0.653689 3.33918e-05 0.316341 0.00756217 
0.0154749 3.86e-05 0.0386122 0.416888 0.501853 3.85924e-05 3.8601e-05 0.0270563 
0.00396956 0.113212 2.196e-10 0.0142574 0.850267 0.000845639 0.017243 0.000205341 
0.0201147 0.0280302 7.89353e-06 0.0576339 0.479018 0.0369665 0.377299 0.000929411 
0.0270174 0.0449083 0.000992885 0.0991835 0.664213 0.00539167 0.144773 0.0135203 
0.000885641 0.0576242 2.28239e-12 0.012125 0.533068 3.71086e-05 0.395887 0.000372884 
0.000786411 0.0843995 8.17478e-06 0.232018 0.347097 0.0402159 0.289445 0.00602966 
0.000554311 0.0166251 1.00102e-06 0.0687306 0.890694 8.65997e-05 0.0232689 3.96746e-05 
0.00567851 0.100876 6.9985e-05 0.245283 0.547795 0.000118394 0.0924611 0.00771724 
0.132579 0.0438952 0.00132791 0.259376 0.322139 0.149126 0.0808841 0.0106715 
0.00942507 0.00151686 4.34898e-06 0.00235413 0.761405 4.91523e-06 0.223534 0.00175515 
0.0764641 0.0965888 3.51451e-07 0.153921 0.651379 0.00022448 0.020218 0.00120478 
0.00400193 0.0880566 0.000187854 0.00287298 0.893232 4.52127e-05 0.00661981 0.00498353 
0.00613149 0.078378 0.000792218 0.032539 0.553637 0.000310015 0.316209 0.0120028 
0.00553181 0.0443915 0.000100216 0.259835 0.48645 0.00618233 0.155937 0.041572 
0.000173686 0.231564 6.78127e-13 0.00262988 0.534115 1.09407e-05 0.223937 0.0075699 
0.0029296 0.0161875 2.1036e-06 0.0355707 0.640023 0.00854833 0.285942 0.0107967 
5.17507e-05 0.0965266 4.52097e-07 0.421472 0.437618 5.05522e-06 0.0341087 0.0102176 
0.000181938 0.134057 3.07671e-09 0.0283616 0.747998 6.6205e-05 0.0728708 0.0164645 
0.0384777 0.00289236 2.26451e-06 0.0888631 0.84175 4.70457e-05 0.0279487 1.90863e-05 
0.0116652 0.0755908 5.30207e-07 0.0659126 0.596931 0.000189588 0.227018 0.0226922 
0.0182989 0.434827 2.00449e-08 0.0671555 0.452881 6.34505e-07 0.0267714 6.57684e-05 
0.000486458 0.0883005 4.57557e-06 0.00267534 0.507131 4.59671e-05 0.394017 0.00733895 
0.000281159 0.0226908 3.89062e-08 0.0719326 0.718415 0.000114142 0.186222 0.000344848 
0.0102999 0.0126507 5.25276e-06 0.00867036 0.813382 0.0062676 0.147754 0.000970055 
0.0973569 0.122002 0.000223121 0.197473 0.372921 0.000483904 0.179556 0.029984 
0.0107559 0.0403659 1.31013e-05 0.155398 0.663926 0.00225544 0.121989 0.00529716 
0.0124945 0.0827759 0.000305284 0.331201 0.340092 0.047182 0.110402 0.075547 
0.0125885 0.0175766 4.37167e-06 0.0273407 0.878687 0.0168343 0.0241414 0.022827 
0.0680142 0.0238136 7.12918e-06 0.0176179 0.67316 0.0164723 0.18605 0.0148656 
0.00215942 0.0218749 0.00835773 0.0188795 0.534475 3.83285e-05 0.411342 0.00287346 
0.016856 0.0567654 0.000130251 0.297589 0.338778 0.0109473 0.230834 0.0481 
0.00903619 0.163609 1.59233e-05 0.0889897 0.625638 9.85918e-05 0.101541 0.011072 
0.0182989 0.434827 2.00449e-08 0.0671555 0.452881 6.34505e-07 0.0267714 6.57684e-05 
0.00265907 0.28473 3.21348e-06 0.0103192 0.417026 0.0189688 0.181774 0.084519 
0.0675562 0.0235403 0.0008323 0.274519 0.432539 0.0150908 0.115947 0.0699754 
0.00791714 0.0743344 2.96067e-05 0.00227093 0.499383 2.21378e-05 0.414612 0.00143041 
0.00927851 0.0207022 0.00436077 0.307873 0.470178 0.0291864 0.125231 0.0331899 
0.0140046 0.0388469 0.000328502 0.186959 0.396456 0.000659049 0.359301 0.00344393 
0.0226168 0.180144 0.000182665 0.178922 0.356594 0.0213628 0.209801 0.030376 
0.00537867 0.0284641 1.03159e-05 0.0356787 0.695255 0.000789098 0.200763 0.0336616 
0.0232912 0.20726 7.97817e-06 0.178997 0.43379 0.022834 0.126667 0.00715332 
0.00237168 0.20828 1.80715e-05 0.0086809 0.454534 2.16186e-05 0.304389 0.0217047 
0.0647154 0.0450112 2.32384e-05 0.0326695 0.619136 0.00137468 0.235134 0.001936 
0.0448884 0.0178777 0.00371689 0.0844862 0.431136 0.00654306 0.409977 0.0013753 
0.0227621 0.097969 5.00289e-06 0.0841267 0.617103 0.054443 0.110672 0.0129198 
0.0768487 0.00453014 3.76659e-07 0.124558 0.413271 0.258156 0.122167 0.000468584 
0.0399424 0.0196998 0.00364025 0.240259 0.440564 0.000313702 0.255516 6.54075e-05 
0.0558074 0.079432 1.01238e-05 0.166216 0.515345 0.0546331 0.0759118 0.0526438 
0.00714663 0.0639505 0.000207181 0.00665491 0.659338 0.000102194 0.247087 0.0155134 
0.0556506 0.01165 0.00111353 0.0673061 0.626014 0.015244 0.215278 0.00774415 
0.00243822 0.124894 1.63097e-05 0.0496928 0.434165 0.000118702 0.234894 0.153781 
0.000856499 0.024639 1.19641e-06 0.394647 0.577457 4.41879e-05 0.00234537 9.69079e-06 
0.0189586 0.174505 0.000207264 0.244847 0.338483 0.0157448 0.171023 0.0362321 
0.00308089 0.0138421 0.0409506 0.247643 0.544793 0.0164425 0.112074 0.0211739 
4.62142e-08 0.361349 0.000143064 0.0176432 0.387593 8.56085e-05 0.2049 0.0282856 
0.0433696 0.144043 4.651e-05 0.0137012 0.561419 0.00114815 0.128951 0.107322 
0.0112322 0.0193588 0.00021495 0.326483 0.389357 0.107886 0.145153 0.000314734 
0.0229404 0.062659 2.97571e-06 0.316733 0.493994 7.15935e-05 0.0915951 0.0120038 
0.00663238 0.190751 3.02728e-06 0.110905 0.380203 0.000771348 0.27696 0.0337752 
0.0188134 0.127552 1.21202e-05 0.0131209 0.506391 0.00027243 0.324578 0.00926011 
0.00800183 0.0413166 2.86788e-05 0.0138019 0.705171 0.00773309 0.214374 0.00957242 
0.00842416 0.0464712 9.9302e-07 0.0382172 0.51771 0.00701032 0.347967 0.0341984 
0.132579 0.0438952 0.00132791 0.259376 0.322139 0.149126 0.0808841 0.0106715 
0.020585 0.0400965 0.000232101 0.0830021 0.699847 0.00046024 0.133388 0.0223888 
0.00403924 0.0181903 0.000302373 0.0332364 0.833428 0.00630499 0.0920805 0.0124183 
0.0354378 0.0684584 4.63137e-05 0.180007 0.538384 0.013538 0.132042 0.0320865 
0.000679459 0.0534167 3.06647e-05 0.0928661 0.531784 0.000176985 0.318016 0.00302999 
0.0341838 0.0657806 2.73937e-05 0.0793113 0.669294 0.00843317 0.123276 0.0196941 
0.00533303 0.0710926 0.0257926 0.0184118 0.596983 0.000474264 0.281852 6.00127e-05 
0.0395459 0.148834 3.32579e-08 0.0203579 0.593434 0.00222996 0.160852 0.0347459 
0.0036952 0.097591 4.44644e-11 0.0213833 0.854277 0.00126748 0.0214787 0.000307644 
0.00329388 0.0003557 1.89026e-07 0.00239374 0.821888 3.75218e-05 0.171717 0.00031396 
0.000231098 0.149382 3.73116e-12 0.00506448 0.584494 1.07401e-05 0.254198 0.00662055 
0.000585773 0.0610356 6.78891e-07 0.00607151 0.805654 0.0106514 0.0939049 0.0220959 
0.366586 0.00315457 6.07123e-09 0.00815168 0.375652 0.00319252 0.242844 0.000418934 
0.00864289 0.0660111 3.93509e-08 0.0260847 0.59803 0.000372416 0.2773 0.023559 
0.026723 0.0355471 0.00341051 0.302244 0.368583 0.00329647 0.256139 0.00405638 
0.043973 0.0166433 9.50643e-07 0.147328 0.46786 6.67299e-05 0.324128 1.79481e-07 
0.0326154 0.103297 4.58622e-05 0.0405924 0.593145 0.000656364 0.210543 0.0191043 
0.0402637 0.0136811 2.09412e-05 0.208228 0.578504 0.0654901 0.086283 0.00752895 
0.0120284 0.022828 0.00087535 0.0865349 0.580841 0.0134569 0.278783 0.00465233 
0.000752557 0.000354747 8.52477e-08 0.00702622 0.964011 3.45964e-07 0.0252418 0.00261336 
0.00506441 0.0724248 0.00361567 0.330168 0.442839 0.000563581 0.143413 0.00191125 
0.0295925 0.0119824 4.54003e-05 0.0188802 0.52991 0.00417825 0.398593 0.00681758 
0.218138 0.0776442 0.000313537 0.0689342 0.324016 0.0106004 0.264019 0.0363353 
0.00729901 0.0109534 5.94247e-05 0.26342 0.677511 0.000415329 0.0393497 0.000992621 
0.0317405 0.104735 1.53238e-07 0.0749586 0.404372 0.132537 0.127012 0.124646 
