2.46176e-07 0.996452 6.04756e-07 3.49423e-06 3.92414e-08 3.46051e-06 0.000541624 0.00299828 
4.96663e-10 0.0215111 2.01329e-05 0.972219 7.91699e-11 4.33484e-10 0.00624846 1.25433e-06 
0.000160524 0.028519 0.012579 0.934834 2.34017e-06 0.00109813 0.0227981 8.90238e-06 
1.13683e-05 0.976495 2.79274e-05 5.44745e-06 1.81215e-06 9.9222e-06 0.0234427 5.74103e-06 
0.994716 0.00251527 2.50185e-05 0.00269316 1.6234e-06 8.8887e-06 3.47018e-05 5.14304e-06 
5.54898e-07 0.003512 1.24962e-06 0.995308 3.68401e-11 0.00117727 1.2288e-06 1.16712e-10 
6.52529e-09 3.97616e-05 0.999799 0.000161032 1.04016e-09 5.69523e-09 1.11197e-09 3.29529e-09 
6.9016e-06 0.120424 2.77983e-05 0.364346 1.35613e-07 6.26447e-06 0.497086 0.0181026 
8.43584e-07 1.9923e-07 2.07235e-06 0.999737 1.3447e-07 7.36275e-07 0.000258901 4.26012e-07 
0.000874342 4.19794e-05 3.40074e-09 0.933335 2.20667e-10 1.20823e-09 0.0657396 8.94902e-06 
1.91905e-05 4.53224e-06 4.71434e-05 0.999896 3.05904e-06 1.67493e-05 3.27023e-06 9.69124e-06 
6.68903e-05 0.065811 1.1729e-07 0.934089 7.61068e-09 4.16713e-08 3.33662e-05 2.41112e-08 
5.21679e-08 0.364218 2.53769e-12 0.000151894 1.64665e-13 1.78604e-05 0.00052119 0.635091 
0.000112254 2.65111e-05 0.000275763 5.37896e-05 1.78937e-05 0.999438 1.91291e-05 5.66885e-05 
7.989e-06 1.88677e-06 0.993082 0.00689451 1.27348e-06 6.97275e-06 1.3614e-06 4.03446e-06 
9.38725e-06 2.217e-06 2.30607e-05 0.999949 1.49636e-06 8.19314e-06 1.59967e-06 4.74059e-06 
0.112231 0.0279189 0.342435 0.212425 0.000421658 0.287054 0.007846 0.00966814 
3.59999e-08 8.50214e-09 8.84375e-08 0.782712 5.73852e-09 3.14205e-08 0.217288 1.818e-08 
5.89553e-11 1.90894e-06 1.4483e-10 0.999994 9.39771e-12 5.14559e-11 5.92844e-08 3.90917e-06 
0.998134 0.00145189 5.80633e-06 1.13257e-06 3.76761e-07 2.0629e-06 0.000403172 1.1936e-06 
1.6515e-07 0.0102922 4.05709e-07 0.134698 2.63256e-08 0.843062 0.0113789 0.000568332 
5.54898e-07 0.003512 1.24962e-06 0.995308 3.68401e-11 0.00117727 1.2288e-06 1.16712e-10 
0.00222866 0.00334612 1.57972e-07 0.000384875 1.02505e-08 5.6125e-08 0.99404 3.24742e-08 
0.0066841 3.88066e-06 4.03657e-05 7.87363e-06 2.61925e-06 1.43413e-05 0.993239 8.29797e-06 
4.30872e-07 0.000173189 1.05848e-06 0.999695 6.86827e-08 3.76063e-07 0.00012927 2.17592e-07 
2.05073e-09 1.55032e-06 5.03784e-09 0.998026 3.26895e-10 0.00197261 3.49464e-10 1.03563e-09 
0.0290774 0.116133 0.00925349 0.845531 3.21983e-07 1.38906e-06 1.12639e-06 1.7309e-06 
0.000297677 7.51494e-05 0.00105897 0.998192 1.63567e-08 0.000376236 1.74859e-08 5.18191e-08 
5.54898e-07 0.003512 1.24962e-06 0.995308 3.68401e-11 0.00117727 1.2288e-06 1.16712e-10 
0.999276 0.000723255 3.97544e-11 7.75438e-12 2.57958e-12 2.26127e-08 6.53594e-08 2.33735e-07 
0.000100354 0.000192261 0.000285741 0.999355 3.63481e-09 1.99019e-08 3.88576e-09 6.68003e-05 
0.000680793 0.98686 8.71471e-10 0.0124469 5.65479e-11 3.09621e-10 3.0232e-07 1.16448e-05 
3.91008e-07 9.23449e-08 9.60551e-07 1.87363e-07 6.23282e-08 3.4127e-07 0.999998 1.9746e-07 
0.999522 2.31408e-05 0.000240705 4.69513e-05 1.56189e-05 8.55189e-05 1.66972e-05 4.94816e-05 
0.000258747 0.92966 0.00013438 0.0611438 8.93432e-09 7.87311e-05 0.00665546 0.00206911 
3.26014e-05 0.00199617 3.65564e-06 0.997171 2.37207e-07 1.07621e-05 0.000745563 4.02703e-05 
1.90138e-09 4.49052e-10 7.47819e-06 0.999989 3.03088e-10 2.82284e-06 6.48348e-07 9.60204e-10 
0.00669067 1.98011e-05 0.00037641 0.881851 1.40836e-10 0.000133733 0.110929 4.46179e-10 
2.05073e-09 1.55032e-06 5.03784e-09 0.998026 3.26895e-10 0.00197261 3.49464e-10 1.03563e-09 
2.29554e-06 5.4214e-07 5.63923e-06 0.999988 3.65918e-07 2.00353e-06 3.91181e-07 1.15925e-06 
2.95454e-05 0.0713241 2.46335e-06 0.872482 1.59663e-06 4.0438e-06 0.0561464 1.01158e-05 
1.30556e-09 0.0186958 5.11402e-06 0.975205 2.08111e-10 0.000825804 0.00526775 3.19031e-07 
4.20363e-06 0.000377873 1.03266e-05 0.0127719 6.70074e-07 0.00282406 0.984009 2.12284e-06 
4.39134e-08 0.000198098 0.00178009 0.99782 6.99996e-09 3.83273e-08 9.05542e-05 0.000110904 
0.000161983 0.316981 0.0198543 0.547622 5.93685e-10 0.00019682 0.00729868 0.107885 
9.53763e-08 7.21031e-05 2.34302e-07 0.999836 1.52034e-08 9.16514e-05 1.6253e-08 4.81653e-08 
0.409644 0.0863987 0.000205318 0.316753 1.01789e-05 0.00976182 0.0751247 0.102102 
0.000426058 8.61017e-05 0.00585727 0.991984 2.45114e-05 0.00150563 8.7927e-05 2.85813e-05 
0.000980491 0.0186663 0.000383735 0.972159 5.64596e-05 0.00087804 0.00676344 0.000112821 
2.29724e-07 0.0795756 4.8374e-07 0.916327 4.27208e-08 1.01277e-05 0.00408641 4.55678e-07 
2.9983e-05 0.798587 1.21226e-07 0.09007 7.86611e-09 4.30698e-08 0.103306 0.00800684 
2.34957e-08 0.000148719 5.77195e-08 0.999713 3.7453e-09 0.000102555 3.5238e-05 1.18654e-08 
2.679e-10 0.0390737 0.00082042 0.947168 4.27043e-11 2.33822e-10 0.0129372 3.97243e-07 
2.48386e-06 0.0646055 0.00167377 0.933576 3.95936e-07 3.26829e-05 0.000107666 1.25435e-06 
0.00393605 0.110071 0.000244196 0.869954 6.74503e-05 0.000859981 0.0146945 0.000173451 
1.82455e-07 0.000146552 4.48219e-07 0.00550809 2.9084e-08 1.59246e-07 0.994096 0.000248871 
4.89194e-07 0.00555382 1.10183e-06 0.991697 1.69931e-10 0.000393838 0.00235286 5.49932e-07 
0.00394808 0.000934432 4.38772e-06 0.995112 6.77721e-11 1.55889e-06 7.24511e-11 2.14707e-10 
2.40569e-05 0.17839 0.000437018 0.752693 6.37347e-09 3.48971e-08 0.068456 2.01916e-08 
1.6608e-07 2.30821e-08 0.0354752 0.956436 1.55636e-11 0.00808826 2.42933e-07 7.89401e-08 
1.32629e-09 0.0114366 9.77773e-06 0.981969 2.11415e-10 6.95701e-07 0.00658416 6.69778e-10 
5.54898e-07 0.003512 1.24962e-06 0.995308 3.68401e-11 0.00117727 1.2288e-06 1.16712e-10 
1.1105e-06 0.0912787 2.72806e-06 0.908655 1.77018e-07 6.14741e-05 1.8924e-07 5.60806e-07 
7.85387e-08 0.0002597 1.92938e-07 0.999582 1.25194e-08 6.85482e-08 0.000129835 2.78032e-05 
1.60246e-06 3.78454e-07 3.9366e-06 0.999991 2.55438e-07 1.39861e-06 2.73073e-07 8.09244e-07 
3.98993e-05 9.42306e-06 0.999863 1.91189e-05 6.3601e-06 3.48239e-05 6.7992e-06 2.01492e-05 
6.30797e-06 0.0148726 9.99688e-10 0.985118 6.48677e-11 9.23806e-07 1.4286e-06 5.13969e-07 
2.71504e-06 6.41215e-07 6.66978e-06 0.999985 4.32788e-07 2.36967e-06 4.62668e-07 1.3711e-06 
0.000197767 0.999015 5.58855e-06 0.000339765 3.62629e-07 1.98553e-06 0.000309179 0.00013025 
6.99819e-08 0.00044296 1.71918e-07 0.999146 1.11554e-08 0.000305461 0.000104957 3.53411e-08 
1.93111e-06 0.00127746 4.74398e-06 0.00157402 3.07827e-07 1.68546e-06 0.997139 9.75217e-07 
4.1424e-07 0.0146162 1.01762e-06 0.00835684 6.60315e-08 3.61547e-07 0.000868327 0.976157 
8.18093e-08 0.142309 2.00973e-07 0.857612 1.30407e-08 7.86142e-05 1.3941e-08 4.13139e-08 
1.00753e-05 2.3795e-06 0.999966 4.82787e-06 1.60605e-06 8.79368e-06 1.71693e-06 5.08806e-06 
0.000758493 0.0233206 0.000824303 0.971705 4.10112e-06 0.000108422 0.00221883 0.00105996 
0.00138625 0.160751 0.00343375 0.821488 0.000995384 0.00225303 0.00462024 0.00507189 
2.05073e-09 1.55032e-06 5.03784e-09 0.998026 3.26895e-10 0.00197261 3.49464e-10 1.03563e-09 
2.66958e-05 0.0553649 3.37662e-05 0.944559 2.34047e-08 1.14314e-05 3.88712e-06 7.41477e-08 
4.45434e-07 1.05199e-07 1.09425e-06 0.999998 7.10039e-08 3.88772e-07 7.5906e-08 2.24945e-07 
0.970203 0.0218993 4.28977e-06 0.00661118 2.78355e-07 1.52409e-06 0.00127985 8.81847e-07 
5.54898e-07 0.003512 1.24962e-06 0.995308 3.68401e-11 0.00117727 1.2288e-06 1.16712e-10 
1.8045e-06 0.00311149 4.43295e-06 0.99568 2.87645e-07 1.57496e-06 0.00119957 9.11278e-07 
3.12725e-06 0.993742 5.35397e-09 1.69615e-06 3.47408e-10 2.92655e-07 5.2362e-06 0.00624769 
7.12549e-08 0.99623 1.75045e-07 0.00374928 1.13583e-08 6.21909e-08 1.21425e-08 2.08746e-05 
1.00753e-05 2.3795e-06 0.999966 4.82787e-06 1.60605e-06 8.79368e-06 1.71693e-06 5.08806e-06 
0.000300908 0.18333 1.16025e-06 0.757548 7.52861e-08 0.000249397 0.0585669 3.5337e-06 
0.180997 0.000160281 5.9204e-07 0.817531 3.84162e-08 0.000120972 0.00113559 5.4217e-05 
1.04708e-10 0.999997 2.57227e-10 5.0174e-11 1.66909e-11 9.13889e-11 1.1583e-08 2.6496e-06 
1.94818e-08 0.00152868 4.78589e-08 0.995472 3.10547e-09 1.70036e-08 3.31987e-09 0.00299879 
1.27128e-08 0.973942 7.80666e-07 8.92326e-06 2.02647e-09 1.10957e-08 2.00365e-06 0.0260463 
0.00348184 0.111986 0.00329082 0.840482 0.00125118 0.00483615 0.0042915 0.0303797 
5.54898e-07 0.003512 1.24962e-06 0.995308 3.68401e-11 0.00117727 1.2288e-06 1.16712e-10 
1.70569e-06 4.02835e-07 4.1902e-06 0.998944 2.71894e-07 1.48872e-06 0.00104668 8.61378e-07 
5.54898e-07 0.003512 1.24962e-06 0.995308 3.68401e-11 0.00117727 1.2288e-06 1.16712e-10 
1.07216e-05 2.53214e-06 2.63388e-05 0.986422 1.70907e-06 9.35778e-06 0.0135221 5.41445e-06 
0.203025 0.0863086 4.31457e-05 0.0944494 8.73726e-06 3.09114e-05 0.171052 0.445082 
0.000305081 0.0608489 0.114319 0.81976 2.0074e-06 0.000385618 0.00435283 2.70712e-05 
2.06394e-05 4.87444e-06 5.07028e-05 0.999889 3.29e-06 1.8014e-05 3.51714e-06 1.0423e-05 
0.000689918 0.0161959 2.75956e-05 0.977341 1.8503e-06 0.000116882 0.00523361 0.000393626 
0.000107165 0.17474 9.64678e-06 4.90398e-05 1.05833e-08 1.71755e-06 0.000117841 0.824975 
2.55522e-07 0.824496 4.12986e-05 0.171393 4.07311e-08 0.00339839 0.000352323 0.000318882 
4.59671e-05 8.23923e-06 0.000374054 0.998409 1.87927e-07 0.00116207 2.00902e-07 5.95367e-07 
0.00380963 0.992173 6.32306e-07 1.23336e-07 4.1029e-08 2.24649e-07 4.38617e-08 0.00401659 
4.0042e-07 9.45678e-08 9.83674e-07 0.999834 6.38286e-08 3.49485e-07 0.000163833 2.02213e-07 
1.44253e-06 0.00149935 3.54371e-06 0.0140326 2.29944e-07 0.00126028 0.983202 7.28479e-07 
2.41161e-08 0.391756 0.000977579 0.00542551 3.8442e-09 2.10484e-08 0.60178 6.09055e-05 
2.05073e-09 1.55032e-06 5.03784e-09 0.998026 3.26895e-10 0.00197261 3.49464e-10 1.03563e-09 
5.97621e-07 1.41141e-07 1.46812e-06 0.999967 9.52631e-08 5.216e-07 1.0184e-07 3.04818e-05 
3.15536e-07 0.993639 7.75147e-07 8.19616e-06 5.02977e-08 5.67105e-06 0.000762284 0.00558354 
0.000124722 0.951042 0.00408774 0.000264194 6.67034e-06 1.98687e-05 0.0433194 0.00113557 
0.00394079 0.00192697 6.20534e-07 0.993907 4.02652e-08 2.20466e-07 0.000223877 1.27563e-07 
0.00352715 0.00252021 2.0878e-05 0.993924 3.22478e-10 7.41764e-06 6.92928e-08 1.02163e-09 
2.18536e-05 5.1612e-06 5.36857e-05 1.04718e-05 3.48355e-06 1.90737e-05 3.72406e-06 0.999883 
4.20667e-09 1.67291e-06 1.03341e-08 0.999338 6.7056e-10 0.000660748 7.16856e-10 2.12438e-09 
1.51702e-07 5.51523e-05 3.72672e-07 0.999817 2.41819e-08 1.32405e-07 0.000127336 7.661e-08 
0.0047998 0.0283066 0.251039 0.69786 0.00132375 0.0099197 0.00483677 0.00191425 
3.81845e-05 1.29814e-05 0.000186158 0.999462 9.41062e-08 9.36954e-06 0.000291077 2.98135e-07 
1.48968e-07 3.51821e-08 3.65956e-07 0.999999 2.37461e-08 1.30019e-07 2.53856e-08 7.52294e-08 
1.72157e-06 4.06585e-07 4.22921e-06 0.999991 2.74425e-07 1.50257e-06 2.93371e-07 8.69396e-07 
0.000317231 0.0142684 0.000354998 0.968972 4.31742e-05 0.00141388 0.0100213 0.00460913 
3.75499e-05 0.000142363 5.19133e-05 0.999669 3.73867e-09 2.04706e-08 4.7166e-05 5.2127e-05 
1.4098e-07 0.000156522 3.46332e-07 0.553678 2.24728e-08 1.23047e-07 0.446165 7.11953e-08 
2.29299e-05 5.41538e-06 5.63296e-05 0.999876 3.65511e-06 2.00131e-05 3.90746e-06 1.15796e-05 
1.17887e-05 0.00482675 2.896e-05 0.00950413 1.87916e-06 1.02891e-05 0.000824456 0.984792 
3.43735e-05 8.11805e-06 8.44422e-05 0.999814 5.47928e-06 3.0001e-05 5.85757e-06 1.73587e-05 
0.0235518 0.213504 0.0317146 0.588191 0.0107273 0.0287399 0.0742584 0.0293126 
0.0378738 3.40972e-07 0.935179 6.91812e-07 2.30139e-07 1.26009e-06 2.46028e-07 0.0269445 
0.000776827 0.995409 4.65339e-07 0.00277758 3.01949e-08 0.000396951 0.000639164 9.56594e-08 
3.12725e-06 0.993742 5.35397e-09 1.69615e-06 3.47408e-10 2.92655e-07 5.2362e-06 0.00624769 
1.43386e-07 3.38637e-08 0.992616 0.00668531 2.28563e-08 0.000225388 0.000356764 0.000115929 
1.78665e-07 0.00620063 4.02408e-07 0.993114 5.76399e-11 0.000196611 0.000488356 3.13006e-07 
6.0668e-07 0.0487443 0.00119379 0.00316901 9.67072e-08 0.00307167 1.03384e-07 0.94382 
3.92103e-08 1.11217e-05 9.63242e-08 0.999915 6.25028e-09 4.11012e-05 3.27474e-05 1.98013e-08 
2.9278e-06 0.00504838 0.000726435 0.992022 4.66702e-07 2.55537e-06 0.00219576 1.47855e-06 
3.98993e-05 9.42306e-06 0.999863 1.91189e-05 6.3601e-06 3.48239e-05 6.7992e-06 2.01492e-05 
0.000204352 4.82621e-05 0.000502012 0.998896 3.25745e-05 0.000178357 3.48235e-05 0.000103198 
0.998134 0.00145189 5.80633e-06 1.13257e-06 3.76761e-07 2.0629e-06 0.000403172 1.1936e-06 
0.000573378 0.000135415 0.00140856 0.00027475 9.13986e-05 0.000500441 0.996726 0.000289557 
2.03304e-05 0.0579896 8.16417e-05 0.941852 2.70028e-08 1.84482e-05 1.48707e-05 2.28918e-05 
0.000404192 0.00228009 4.94e-06 0.00742055 3.20546e-07 1.75511e-06 0.989887 1.01551e-06 
0.00394808 0.000934432 4.38772e-06 0.995112 6.77721e-11 1.55889e-06 7.24511e-11 2.14707e-10 
9.44501e-06 0.189267 9.37173e-05 0.752858 5.17477e-06 0.000160719 0.034138 0.0234679 
1.00753e-05 2.3795e-06 0.999966 4.82787e-06 1.60605e-06 8.79368e-06 1.71693e-06 5.08806e-06 
3.81845e-05 1.29814e-05 0.000186158 0.999462 9.41062e-08 9.36954e-06 0.000291077 2.98135e-07 
7.21195e-07 7.13753e-06 9.26711e-09 0.999978 6.01323e-10 3.29246e-09 6.42839e-10 1.46165e-05 
0.000124722 0.951042 0.00408774 0.000264194 6.67034e-06 1.98687e-05 0.0433194 0.00113557 
5.54898e-07 0.003512 1.24962e-06 0.995308 3.68401e-11 0.00117727 1.2288e-06 1.16712e-10 
6.75328e-10 0.00455109 1.82657e-06 0.991941 1.0765e-10 5.89422e-10 0.00350576 3.41042e-10 
3.98993e-05 9.42306e-06 0.999863 1.91189e-05 6.3601e-06 3.48239e-05 6.7992e-06 2.01492e-05 
0.018505 0.179139 0.0303323 0.631371 3.70122e-06 0.0192459 0.0799502 0.0414531 
9.95427e-05 0.0687101 0.000307991 0.909079 8.6573e-06 0.000677677 0.0210838 3.29337e-05 
0.000106975 0.960801 2.26473e-07 0.00073513 1.36703e-07 1.36438e-06 0.0035145 0.0348403 
3.77914e-06 8.92524e-07 9.28384e-06 0.998885 6.02409e-07 3.29841e-06 0.00109544 1.90847e-06 
0.000296441 0.0369526 0.000917606 0.902853 2.28077e-06 0.00202731 0.0569424 8.67639e-06 
0.636279 6.40378e-06 1.47991e-08 0.363714 9.60281e-10 5.25789e-09 1.02658e-09 3.04224e-09 
1.10786e-08 4.99767e-05 0.000449085 0.99945 1.76597e-09 9.66931e-09 2.28452e-05 2.7979e-05 
5.06497e-05 0.000105206 1.28314e-07 0.993474 8.326e-09 1.54351e-05 2.07807e-05 0.00633359 
2.81199e-08 0.940606 6.90794e-08 0.0437057 4.48242e-09 2.45429e-08 0.0155429 0.00014486 
3.31896e-10 0.0847406 3.2695e-07 0.869362 5.29055e-11 2.89677e-10 0.0458966 1.67608e-10 
3.47941e-09 8.21737e-10 2.79408e-06 0.999904 5.54631e-10 3.80942e-06 8.81693e-05 7.94617e-07 
0.98483 0.0131967 2.07231e-06 4.04219e-07 1.34468e-07 2.0889e-06 0.00195443 1.44158e-05 
2.05073e-09 1.55032e-06 5.03784e-09 0.998026 3.26895e-10 0.00197261 3.49464e-10 1.03563e-09 
3.9762e-09 9.39064e-10 9.76794e-09 0.999251 6.33821e-10 3.4704e-09 0.000244741 0.000504006 
0.0346679 0.169964 3.089e-09 0.782298 2.00439e-10 0.0130675 9.85886e-07 1.77865e-06 
6.52529e-09 3.97616e-05 0.999799 0.000161032 1.04016e-09 5.69523e-09 1.11197e-09 3.29529e-09 
0.999522 2.31408e-05 0.000240705 4.69513e-05 1.56189e-05 8.55189e-05 1.66972e-05 4.94816e-05 
0.00445436 0.0595703 0.0866904 0.801811 0.00343031 0.0178283 0.0178076 0.00840771 
3.53841e-09 8.54902e-05 8.69246e-09 0.997399 5.64036e-10 0.00247713 3.7988e-05 1.78691e-09 
2.04987e-07 0.000225903 5.03572e-07 0.999718 3.26758e-08 1.25788e-05 4.28567e-05 1.03519e-07 
4.32227e-06 1.0208e-06 1.06181e-05 0.00310878 6.88987e-07 0.00075826 0.996114 2.18276e-06 
6.72262e-06 0.00169238 2.39137e-05 0.998071 5.8392e-06 0.00016809 6.03164e-06 2.59134e-05 
3.75317e-06 0.0011853 8.45409e-06 0.998385 1.85087e-09 0.00040894 8.2907e-06 5.86368e-09 
1.37647e-05 3.25083e-06 3.38145e-05 0.999926 2.19415e-06 1.20138e-05 2.34564e-06 6.95122e-06 
3.83418e-10 0.00716026 0.0630374 0.91541 6.11183e-11 0.0140988 6.00583e-05 0.000233127 
0.000112254 2.65111e-05 0.000275763 5.37896e-05 1.78937e-05 0.999438 1.91291e-05 5.66885e-05 
1.61398e-06 0.0440644 0.00515836 0.00317166 2.57275e-07 1.40868e-06 0.944504 0.00309806 
2.30991e-10 0.0738647 5.67453e-10 0.723386 3.68209e-11 2.62292e-07 0.202749 1.16651e-10 
0.140007 0.069352 2.55561e-09 0.762138 1.65828e-10 0.0264861 0.00193171 8.44781e-05 
1.18044e-05 0.985792 2.89986e-05 0.0141466 1.88166e-06 1.03028e-05 2.01157e-06 5.96124e-06 
3.12725e-06 0.993742 5.35397e-09 1.69615e-06 3.47408e-10 2.92655e-07 5.2362e-06 0.00624769 
1.75368e-05 0.0202985 4.3081e-05 0.0134536 2.79544e-06 1.5306e-05 0.96616 8.85614e-06 
2.05073e-09 1.55032e-06 5.03784e-09 0.998026 3.26895e-10 0.00197261 3.49464e-10 1.03563e-09 
2.41175e-07 0.0333261 8.57922e-07 0.964452 2.06239e-07 0.000517315 0.00170258 9.15257e-07 
1.78888e-05 4.01526e-06 1.17453e-05 0.989991 2.34134e-09 1.28197e-08 0.00997322 2.41448e-06 
3.09124e-05 0.000220207 8.84071e-06 0.999651 2.12386e-10 3.60612e-06 2.27049e-10 8.59241e-05 
2.97202e-05 0.0186382 0.00105942 0.979774 2.05416e-06 0.000209307 0.000276446 1.0607e-05 
4.0042e-07 9.45678e-08 9.83674e-07 0.999834 6.38286e-08 3.49485e-07 0.000163833 2.02213e-07 
4.99426e-06 1.96256e-09 2.04142e-08 0.999992 1.32463e-09 7.25285e-09 2.83358e-06 4.19653e-09 
0.00222866 0.00334612 1.57972e-07 0.000384875 1.02505e-08 5.6125e-08 0.99404 3.24742e-08 
0.000279707 2.44868e-05 1.29642e-06 0.999663 8.41222e-08 4.606e-07 3.05699e-05 2.66505e-07 
0.00137648 0.046338 9.43421e-05 0.00945031 5.60611e-06 1.39684e-05 0.940893 0.00182823 
2.19713e-07 7.23867e-05 5.39748e-07 0.999069 3.50231e-08 0.000857189 3.74411e-08 1.10956e-07 
0.000515497 0.122819 4.77046e-07 0.864803 3.09545e-08 0.000133524 0.0117226 5.40885e-06 
2.04115e-06 4.8206e-07 5.01429e-06 0.997832 3.25367e-07 1.7815e-06 0.00215689 1.03078e-06 
3.36103e-06 7.49873e-06 0.0288097 0.949472 9.72808e-07 0.000521682 0.0199157 0.00126942 
5.54898e-07 0.003512 1.24962e-06 0.995308 3.68401e-11 0.00117727 1.2288e-06 1.16712e-10 
1.36909e-05 3.23339e-06 3.3633e-05 0.99456 2.18238e-06 1.19493e-05 0.00536833 6.91392e-06 
4.22724e-07 0.0338888 1.03846e-06 0.839612 6.73838e-08 3.68951e-07 0.126497 2.13477e-07 
1.00753e-05 2.3795e-06 0.999966 4.82787e-06 1.60605e-06 8.79368e-06 1.71693e-06 5.08806e-06 
0.999276 0.000723255 3.97544e-11 7.75438e-12 2.57958e-12 2.26127e-08 6.53594e-08 2.33735e-07 
0.000948705 0.0183283 0.00162118 0.95886 1.9765e-06 2.11096e-05 0.0200982 0.000120128 
3.49822e-05 0.000723919 2.86162e-05 0.0170038 6.07383e-06 1.22424e-05 1.57879e-05 0.982175 
5.54898e-07 0.003512 1.24962e-06 0.995308 3.68401e-11 0.00117727 1.2288e-06 1.16712e-10 
0.636279 6.40378e-06 1.47991e-08 0.363714 9.60281e-10 5.25789e-09 1.02658e-09 3.04224e-09 
3.42527e-06 0.0051781 8.41452e-06 0.994804 5.46001e-07 2.98955e-06 5.83697e-07 1.72977e-06 
0.000308704 4.68928e-05 0.00192423 0.995403 8.87566e-07 0.0023135 2.36224e-06 9.0198e-07 
2.05073e-09 1.55032e-06 5.03784e-09 0.998026 3.26895e-10 0.00197261 3.49464e-10 1.03563e-09 
0.000727833 0.0624237 5.40494e-06 0.934268 3.50715e-07 6.47297e-05 3.74929e-07 0.00250977 
2.05073e-09 1.55032e-06 5.03784e-09 0.998026 3.26895e-10 0.00197261 3.49464e-10 1.03563e-09 
2.50739e-07 0.00097715 0.000862972 0.997514 3.99688e-08 0.000350369 0.000294867 1.26624e-07 
5.54898e-07 0.003512 1.24962e-06 0.995308 3.68401e-11 0.00117727 1.2288e-06 1.16712e-10 
6.01603e-07 0.0126187 0.000632311 0.9823 1.06479e-10 1.83361e-07 0.000150661 0.00429761 
0.000147487 3.72209e-05 0.923024 0.076605 1.32619e-07 0.000186105 1.41775e-07 4.20145e-07 
2.14304e-06 5.06125e-07 5.2646e-06 0.995789 3.41609e-07 1.87043e-06 0.00420008 1.08224e-06 
0.999056 8.16026e-07 8.48812e-06 0.000928993 5.50777e-07 3.0157e-06 5.88803e-07 1.7449e-06 
0.000308704 4.68928e-05 0.00192423 0.995403 8.87566e-07 0.0023135 2.36224e-06 9.0198e-07 
2.08687e-06 4.92859e-07 5.12662e-06 0.999989 3.32656e-07 1.82141e-06 3.55622e-07 1.05388e-06 
2.54694e-05 6.01514e-06 0.0125762 0.987349 4.05992e-06 2.22295e-05 4.34022e-06 1.28621e-05 
1.4098e-07 0.000156522 3.46332e-07 0.553678 2.24728e-08 1.23047e-07 0.446165 7.11953e-08 
5.54898e-07 0.003512 1.24962e-06 0.995308 3.68401e-11 0.00117727 1.2288e-06 1.16712e-10 
5.54898e-07 0.003512 1.24962e-06 0.995308 3.68401e-11 0.00117727 1.2288e-06 1.16712e-10 
2.53649e-05 0.00303034 7.46228e-08 0.954607 4.84212e-09 8.39492e-07 0.0423367 1.53402e-08 
1.41654e-06 0.0945187 1.37382e-06 0.894628 3.80823e-07 0.000116244 0.0105483 0.000185228 
1.94003e-06 0.00265791 4.76589e-06 0.995348 3.09249e-07 1.69325e-06 0.00198392 9.79721e-07 
6.68903e-05 0.065811 1.1729e-07 0.934089 7.61068e-09 4.16713e-08 3.33662e-05 2.41112e-08 
1.98494e-06 4.68786e-07 4.87621e-06 0.999177 3.16407e-07 1.73244e-06 0.000812141 1.0024e-06 
0.000204352 4.82621e-05 0.000502012 0.998896 3.25745e-05 0.000178357 3.48235e-05 0.000103198 
0.999276 0.000723255 3.97544e-11 7.75438e-12 2.57958e-12 2.26127e-08 6.53594e-08 2.33735e-07 
2.87963e-05 0.080937 7.07411e-05 0.0248512 4.59024e-06 2.51332e-05 0.892614 0.00146876 
2.05073e-09 1.55032e-06 5.03784e-09 0.998026 3.26895e-10 0.00197261 3.49464e-10 1.03563e-09 
0.000250015 0.00145115 0.00233219 0.995944 3.98135e-08 2.20173e-05 4.25623e-08 1.26132e-07 
5.54898e-07 0.003512 1.24962e-06 0.995308 3.68401e-11 0.00117727 1.2288e-06 1.16712e-10 
0.0290774 0.116133 0.00925349 0.845531 3.21983e-07 1.38906e-06 1.12639e-06 1.7309e-06 
5.06497e-05 0.000105206 1.28314e-07 0.993474 8.326e-09 1.54351e-05 2.07807e-05 0.00633359 
0.999276 0.000723255 3.97544e-11 7.75438e-12 2.57958e-12 2.26127e-08 6.53594e-08 2.33735e-07 
1.6381e-06 0.193153 0.000681672 0.290323 1.63098e-10 8.9302e-10 0.515838 2.27402e-06 
2.41478e-06 2.78172e-06 1.79708e-09 1.05195e-06 1.16609e-10 6.38475e-10 0.999994 3.73118e-08 
1.74989e-06 4.13273e-07 4.29877e-06 0.999838 2.78939e-07 0.000154256 2.98197e-07 8.83697e-07 
2.15711e-05 3.85779e-06 0.000176341 0.999248 1.00765e-07 0.00054935 1.07722e-07 3.1923e-07 
4.49289e-06 1.06109e-06 0.999985 2.1529e-06 7.16184e-07 3.92137e-06 7.6563e-07 2.26892e-06 
0.999276 0.000723255 3.97544e-11 7.75438e-12 2.57958e-12 2.26127e-08 6.53594e-08 2.33735e-07 
0.0455955 0.0193907 5.67363e-05 0.903097 1.90503e-05 2.65113e-05 0.0307415 0.00107266 
0.999276 0.000723255 3.97544e-11 7.75438e-12 2.57958e-12 2.26127e-08 6.53594e-08 2.33735e-07 
9.43013e-07 2.22713e-07 2.31661e-06 0.999995 1.5032e-07 8.23056e-07 1.60698e-07 4.76224e-07 
1.23726e-08 0.00356777 0.0434981 0.925517 1.97224e-09 0.0120243 0.00307445 0.0123182 
0.203025 0.0863086 4.31457e-05 0.0944494 8.73726e-06 3.09114e-05 0.171052 0.445082 
5.54898e-07 0.003512 1.24962e-06 0.995308 3.68401e-11 0.00117727 1.2288e-06 1.16712e-10 
4.80395e-06 1.13456e-06 1.18014e-05 0.999974 7.65769e-07 4.19286e-06 8.18638e-07 2.42601e-06 
0.0697883 0.563952 9.98125e-07 0.0123717 6.80914e-07 0.242136 0.101106 0.0106441 
2.42744e-09 0.0219359 5.96326e-09 0.978051 3.86944e-10 2.11866e-09 4.63338e-06 8.45968e-06 
2.45658e-05 4.14647e-06 5.17395e-05 0.999849 5.58614e-09 7.03786e-05 6.03152e-07 1.76973e-08 
1.00753e-05 2.3795e-06 0.999966 4.82787e-06 1.60605e-06 8.79368e-06 1.71693e-06 5.08806e-06 
8.43e-05 0.136676 0.000785482 0.749781 1.23817e-07 0.000354616 0.112319 3.92261e-07 
9.78675e-09 1.71063e-05 2.40421e-08 0.99997 1.56005e-09 8.55035e-06 4.50459e-06 4.94233e-09 
0.999276 0.000723255 3.97544e-11 7.75438e-12 2.57958e-12 2.26127e-08 6.53594e-08 2.33735e-07 
3.96694e-08 9.36877e-09 9.74519e-08 0.999976 6.32345e-09 2.08085e-05 1.35876e-06 2.02335e-06 
6.33991e-08 1.49731e-08 1.55746e-07 1.0 1.01061e-08 5.53344e-08 1.08038e-08 3.20167e-08 
3.67144e-06 0.161755 3.99976e-05 0.831763 1.00106e-06 0.000630581 0.00418671 0.00161926 
0.000607372 0.00277606 1.19633e-06 0.98807 7.76275e-08 4.25039e-07 0.00832221 0.000223008 
0.00137648 0.046338 9.43421e-05 0.00945031 5.60611e-06 1.39684e-05 0.940893 0.00182823 
0.999522 2.31408e-05 0.000240705 4.69513e-05 1.56189e-05 8.55189e-05 1.66972e-05 4.94816e-05 
6.66408e-07 1.57386e-07 1.6371e-06 0.999724 1.06228e-07 5.81637e-07 0.000272662 3.36538e-07 
2.52034e-07 5.95232e-08 0.000991256 0.999008 4.01752e-08 2.19974e-07 4.29489e-08 1.27278e-07 
1.03579e-09 0.932951 2.54454e-09 1.14206e-06 1.6511e-10 9.04035e-10 1.76509e-10 0.0670475 
0.000710067 0.0151486 0.00185799 0.976393 0.000396922 0.000697261 0.00422771 0.000568566 
3.85944e-09 9.11488e-10 1.23349e-05 0.999962 6.15209e-10 1.68458e-05 4.8675e-06 3.51019e-06 
1.4098e-07 0.000156522 3.46332e-07 0.553678 2.24728e-08 1.23047e-07 0.446165 7.11953e-08 
0.203025 0.0863086 4.31457e-05 0.0944494 8.73726e-06 3.09114e-05 0.171052 0.445082 
0.000469337 4.96797e-05 4.64314e-05 0.996583 4.20165e-08 2.30056e-07 0.00283856 1.26006e-05 
3.85944e-09 9.11488e-10 1.23349e-05 0.999962 6.15209e-10 1.68458e-05 4.8675e-06 3.51019e-06 
3.92218e-10 0.00138191 4.12935e-07 0.997047 6.25211e-11 0.000272666 0.00129809 1.98071e-10 
0.000804324 1.14358e-06 1.18953e-05 0.947944 7.71861e-07 0.000153751 0.0510813 2.44531e-06 
8.22867e-08 0.220266 2.02146e-07 0.161833 1.31168e-08 9.74152e-06 0.61789 4.1555e-08 
1.7311e-06 1.25934e-06 1.13163e-05 0.99866 4.44998e-11 2.43653e-10 0.00132461 7.05032e-07 
1.53175e-08 0.0152086 3.7629e-08 0.984791 2.44167e-09 1.3369e-08 2.61024e-09 7.73538e-09 
0.0308684 0.825696 0.0541187 0.0892535 2.45783e-10 5.65351e-06 4.30938e-06 5.34946e-05 
1.99183e-08 0.953894 4.89315e-08 9.54444e-09 3.17506e-09 1.73846e-08 6.78832e-08 0.0461059 
5.54898e-07 0.003512 1.24962e-06 0.995308 3.68401e-11 0.00117727 1.2288e-06 1.16712e-10 
1.59548e-08 1.1171e-05 3.91947e-08 0.999966 2.54326e-09 1.39253e-08 2.71885e-09 2.28766e-05 
1.22981e-05 0.0961512 9.44088e-06 0.000549423 4.88096e-06 0.000106995 0.000817153 0.902349 
0.000319107 0.0380367 0.000463232 0.957603 8.05164e-06 0.00149249 0.00191459 0.000162816 
1.3236e-07 6.56768e-05 0.000227936 0.999695 2.10988e-08 1.15523e-07 1.13002e-05 6.68424e-08 
3.97566e-07 0.0148575 1.41423e-06 0.984551 3.47113e-07 0.000587722 3.58552e-07 1.54043e-06 
0.00526354 0.0376487 0.0242828 0.781788 4.06343e-06 0.000803571 0.0336349 0.116575 
1.09086e-05 1.38364e-05 0.000303886 0.654636 3.56519e-06 6.97448e-06 0.345022 3.58771e-06 
0.00331032 0.637074 0.00577264 0.322342 8.98898e-06 6.46426e-05 0.0223146 0.00911255 
2.71426e-06 0.000833982 0.000673452 0.998485 4.32663e-07 2.36899e-06 4.62535e-07 1.37071e-06 
5.54898e-07 0.003512 1.24962e-06 0.995308 3.68401e-11 0.00117727 1.2288e-06 1.16712e-10 
0.000197767 0.999015 5.58855e-06 0.000339765 3.62629e-07 1.98553e-06 0.000309179 0.00013025 
1.24925e-06 0.0274816 0.00502628 0.965411 2.32288e-07 6.84382e-05 0.00174077 0.000270724 
0.999276 0.000723255 3.97544e-11 7.75438e-12 2.57958e-12 2.26127e-08 6.53594e-08 2.33735e-07 
1.72282e-05 7.04987e-05 0.000639249 0.999176 2.74624e-06 1.50366e-05 3.33012e-05 4.5885e-05 
5.54898e-07 0.003512 1.24962e-06 0.995308 3.68401e-11 0.00117727 1.2288e-06 1.16712e-10 
1.43098e-06 0.0610257 3.51535e-06 0.937439 2.28104e-07 1.24895e-06 2.43852e-07 0.00152874 
1.33008e-06 0.0098283 3.26748e-06 0.988658 2.1202e-07 1.16089e-06 0.00150736 6.71694e-07 
0.000681965 0.0349203 0.000202125 0.939743 1.48896e-06 0.00137341 0.0230721 5.20673e-06 
0.0051222 4.78754e-07 6.74637e-06 0.994864 1.04203e-10 2.39689e-06 4.28891e-06 3.30123e-10 
2.05073e-09 1.55032e-06 5.03784e-09 0.998026 3.26895e-10 0.00197261 3.49464e-10 1.03563e-09 
0.636279 6.40378e-06 1.47991e-08 0.363714 9.60281e-10 5.25789e-09 1.02658e-09 3.04224e-09 
0.000442182 0.00290784 0.225095 0.579643 2.368e-05 0.00303616 0.188164 0.000688324 
4.99875e-06 2.50386e-05 0.000226664 0.999711 7.9682e-07 4.36288e-06 1.17574e-05 1.58791e-05 
2.53476e-06 5.98638e-07 6.2269e-06 0.00299446 4.04051e-07 2.21233e-06 0.996992 1.28006e-06 
3.29238e-05 0.00351195 6.8037e-05 0.99425 6.7075e-11 0.00119955 0.000937611 2.12498e-10 
0.0100349 0.796767 0.0059589 0.172648 0.000430884 0.00138812 0.010659 0.00211264 
5.54898e-07 0.003512 1.24962e-06 0.995308 3.68401e-11 0.00117727 1.2288e-06 1.16712e-10 
1.99183e-08 0.953894 4.89315e-08 9.54444e-09 3.17506e-09 1.73846e-08 6.78832e-08 0.0461059 
6.47465e-05 1.52913e-05 0.000159056 3.10251e-05 1.03208e-05 5.65104e-05 0.99963 3.26971e-05 
5.54898e-07 0.003512 1.24962e-06 0.995308 3.68401e-11 0.00117727 1.2288e-06 1.16712e-10 
2.92727e-08 9.67946e-05 7.19115e-08 0.869197 4.66619e-09 2.55491e-08 0.130706 1.47828e-08 
0.00396612 1.11026e-06 1.15487e-05 0.993629 7.49369e-07 4.10307e-06 0.0023619 2.56976e-05 
0.999276 0.000723255 3.97544e-11 7.75438e-12 2.57958e-12 2.26127e-08 6.53594e-08 2.33735e-07 
1.87821e-06 4.43579e-07 4.61401e-06 0.99999 2.99393e-07 1.63929e-06 3.20064e-07 9.48499e-07 
4.48168e-08 7.62183e-05 1.10097e-07 0.999898 7.14397e-09 3.91158e-08 2.5974e-05 2.26326e-08 
3.39035e-05 0.00130899 7.63692e-05 0.997957 1.73926e-08 0.000548534 7.48838e-05 5.51009e-08 
0.999991 4.49589e-07 4.67653e-06 9.1219e-07 3.0345e-07 1.6615e-06 3.244e-07 9.61351e-07 
2.57921e-05 6.09137e-06 6.33611e-05 0.999861 4.11137e-06 2.25112e-05 4.39522e-06 1.30251e-05 
