0.0134774 0.145281 3.72527e-08 0.0207302 0.640728 0.00262088 0.138656 0.0385064 
0.0124964 0.147195 7.78824e-07 0.272365 0.45189 2.60352e-06 0.116048 2.56252e-06 
0.00553598 0.0265578 9.04481e-05 0.0319365 0.784803 0.00872838 0.127269 0.0150788 
0.000860973 0.0189517 0.000232473 0.0333027 0.745794 0.000274917 0.192172 0.00841149 
4.0246e-06 4.02555e-06 4.02279e-06 0.00644442 0.616733 4.02476e-06 0.376803 4.02522e-06 
0.000474211 0.0545773 2.62688e-06 0.0756587 0.581772 0.00773415 0.246354 0.0334273 
0.00170431 0.0723373 0.000371977 0.0976708 0.477533 0.00131719 0.338373 0.0106916 
0.00178873 0.0346365 3.99972e-07 0.0378013 0.92398 2.54988e-05 0.0016221 0.000145646 
0.115037 0.0875067 1.79167e-06 0.161921 0.460746 0.00913311 0.164559 0.00109467 
0.00151348 0.319453 0.000144468 0.171565 0.349432 0.000283669 0.151997 0.00561168 
0.0474862 0.0889961 9.76564e-05 0.173184 0.53073 0.000218687 0.151959 0.00732859 
0.00176191 0.032564 1.95927e-06 0.0180796 0.697372 0.000102798 0.157696 0.0924218 
0.0217304 0.115176 0.000695472 0.37393 0.483508 0.00120156 0.0037579 2.81468e-07 
0.0174604 0.0634626 0.000700894 0.0477788 0.684195 0.00175198 0.172149 0.0125011 
0.021609 0.0499403 0.000604817 0.0469313 0.740672 0.0176322 0.117058 0.00555274 
0.00171897 0.0589534 2.04959e-05 0.0560269 0.709156 0.00018319 0.16519 0.0087508 
0.0010916 0.210004 3.03003e-07 0.0707947 0.486877 0.00251646 0.215042 0.013674 
0.00108645 0.0811376 0.000163939 0.0275354 0.793526 7.62355e-05 0.0643208 0.0321531 
0.00878224 0.0177534 9.3662e-07 0.0184121 0.796743 0.0141859 0.138324 0.0057976 
0.00864178 0.120861 6.92618e-06 0.0582366 0.668101 0.00151961 0.124739 0.0178938 
0.0208629 0.0681264 2.14469e-09 0.141279 0.533078 0.00927525 0.202595 0.0247829 
0.0583877 0.092519 0.00126967 0.346141 0.391026 0.00963692 0.0702179 0.0308022 
0.0022821 0.0112122 4.35594e-07 0.0330786 0.78948 0.0131815 0.150032 0.000732817 
0.00394003 0.0089802 2.01236e-05 0.00743525 0.889181 0.0878349 0.00242886 0.000179792 
0.000121869 0.138141 0.0329087 0.205568 0.442469 1.4923e-05 0.180767 9.60136e-06 
0.0201161 0.0202389 0.00011554 0.015636 0.725764 0.00769328 0.208783 0.0016534 
0.0173834 0.0771392 0.00627496 0.0360579 0.688493 0.000243287 0.16902 0.00538764 
0.0104325 0.0310479 8.68966e-05 0.0216705 0.604765 0.0121099 0.303044 0.0168426 
1.53082e-05 0.131698 1.53014e-05 0.0857554 0.583412 1.53088e-05 0.199074 1.53106e-05 
0.00481808 0.100672 0.00576176 0.0446798 0.427543 0.00244884 0.39622 0.0178566 
0.00481708 0.023298 1.27383e-05 0.0182855 0.82284 0.00106213 0.102572 0.0271128 
0.11362 0.184037 0.000516628 0.21109 0.287065 0.000512472 0.193908 0.00925024 
0.00150139 0.0502251 2.44669e-08 0.0161728 0.517375 7.38823e-06 0.316377 0.098342 
0.0262599 0.0202329 3.51289e-07 0.009726 0.58256 4.74251e-05 0.349994 0.0111787 
0.114119 0.033769 0.000307025 0.0185953 0.474178 0.0159193 0.31532 0.0277914 
0.040443 0.0200902 0.000179281 0.157557 0.555537 0.0111767 0.162942 0.0520751 
0.000186433 0.0296389 2.76399e-06 0.0279465 0.691958 0.00117978 0.247838 0.00124979 
0.0161837 0.0186093 7.34583e-05 0.19356 0.435801 0.00374663 0.324966 0.00706092 
0.0086076 0.0477114 6.81405e-07 0.00344723 0.586912 2.08143e-05 0.352745 0.000555737 
0.0143078 0.090333 0.00030949 0.0364639 0.48832 0.00459244 0.34456 0.0211127 
0.0181112 0.0222754 1.48459e-05 0.00903187 0.675858 0.0297415 0.234025 0.0109421 
0.0153604 0.0241078 3.15025e-05 0.0630412 0.80691 0.0323553 0.0511003 0.00709381 
0.0125156 0.0253191 0.000437018 0.0337318 0.744684 0.00908444 0.15701 0.0172183 
0.0084027 0.0333508 3.94404e-05 0.0514121 0.679489 0.00553231 0.186967 0.034807 
0.00143896 0.00285376 1.22318e-07 0.0165617 0.755585 9.34664e-05 0.222602 0.000865414 
0.00054266 0.0887202 0.00054889 0.0389064 0.551144 8.06258e-05 0.301713 0.0183443 
0.000422879 0.16308 3.89612e-07 0.155019 0.419364 2.74064e-07 0.262065 4.90386e-05 
0.00900056 0.040964 9.1148e-09 0.050219 0.49657 1.31585e-07 0.348747 0.0544992 
0.00664539 0.0300642 3.75413e-06 0.157035 0.502961 0.0191347 0.282164 0.00199203 
0.00189377 0.0015458 0.00205135 0.230809 0.44608 8.82491e-05 0.317472 6.09787e-05 
0.00987826 0.0598949 0.000581611 0.0172001 0.59076 0.00250353 0.297068 0.0221143 
0.00156716 0.00248059 0.000560589 0.271901 0.721915 0.000614148 0.000698737 0.00026278 
0.00146278 0.0447913 6.02528e-09 0.000532727 0.733822 6.62465e-05 0.185793 0.0335311 
0.00325287 0.00126746 2.35691e-09 0.000971551 0.977911 7.26901e-05 0.0150999 0.00142492 
6.27594e-05 0.258098 7.87945e-09 0.0744778 0.389351 0.001236 0.0642265 0.212548 
0.020309 0.0268856 0.00319293 0.08584 0.588548 0.0153314 0.233732 0.026161 
0.00153258 0.0334292 0.000138089 0.266292 0.632474 0.00167589 0.0641506 0.000308127 
0.000148776 0.0187745 3.76105e-08 0.00204329 0.972644 4.45378e-06 0.00630613 7.8715e-05 
0.00438544 0.189844 6.74464e-08 0.031136 0.621425 0.000138684 0.149418 0.00365307 
0.00542535 0.100433 3.27907e-05 0.112791 0.544826 4.1886e-05 0.231258 0.00519231 
0.00769004 0.0649591 2.00627e-05 0.014526 0.72269 0.00532785 0.149089 0.0356981 
0.00101072 0.00597523 9.15341e-08 0.0480855 0.71862 2.09943e-08 0.226308 1.32026e-08 
0.00793079 0.041803 4.99901e-05 0.0476403 0.628724 0.00371889 0.245568 0.0245658 
0.00789431 0.057934 2.4141e-11 0.307768 0.415442 3.81802e-05 0.210923 8.72936e-07 
5.48584e-05 0.0125213 5.03467e-08 0.0705043 0.905617 5.94624e-08 0.011302 3.85831e-08 
0.00700289 0.0776552 4.45993e-06 0.0154602 0.496318 0.00011209 0.337475 0.0659724 
0.00404696 0.0515619 1.28027e-07 0.0037258 0.509034 8.52253e-05 0.389754 0.0417916 
0.0139452 0.114528 1.2591e-05 0.0790123 0.648671 0.00147582 0.131016 0.0113393 
0.0407806 0.0291866 8.39977e-07 0.00359439 0.566479 0.0003042 0.282566 0.0770878 
0.0151198 0.217285 2.07312e-09 0.0437649 0.29044 8.25651e-05 0.234376 0.198932 
0.0208505 0.0596191 7.05227e-05 0.0567748 0.612625 0.00896739 0.235732 0.00536064 
0.00362491 0.0837893 5.29028e-08 0.0228172 0.448904 0.295552 0.144866 0.000446007 
0.000268879 0.0200733 3.16226e-08 0.010728 0.965608 8.68654e-08 0.00327639 4.48777e-05 
0.00473982 0.0498672 0.000162887 0.0391491 0.484812 0.000139576 0.420086 0.00104292 
0.000885641 0.0576242 2.28239e-12 0.012125 0.533068 3.71086e-05 0.395887 0.000372884 
0.0317403 0.0234869 1.50359e-06 0.0389573 0.812898 0.0392969 0.0518425 0.00177702 
0.000154121 0.0156946 2.34788e-09 0.00151358 0.958101 7.80028e-12 0.0234629 0.00107359 
0.00906994 0.0185305 0.0871866 0.307179 0.487766 0.0468472 0.0379675 0.00545368 
0.016106 0.012939 2.27863e-07 0.0243934 0.883695 0.0104874 0.0453412 0.00703758 
0.0243528 0.0470652 1.28892e-05 0.0421392 0.45766 0.0440095 0.349015 0.0357448 
0.0109716 0.116727 9.09548e-06 0.100523 0.556517 0.00210079 0.202505 0.0106461 
0.00242429 0.00143611 6.07464e-07 0.00614677 0.843533 7.25886e-06 0.11814 0.0283114 
0.0027847 0.0667861 1.80809e-07 0.0120096 0.690185 0.000129116 0.194229 0.0338766 
0.000885641 0.0576242 2.28239e-12 0.012125 0.533068 3.71086e-05 0.395887 0.000372884 
0.229464 0.0153137 0.00248725 0.0483048 0.416722 0.132422 0.145504 0.00978194 
0.00011072 0.171598 4.09051e-05 0.0172809 0.484403 6.80554e-05 0.146284 0.180215 
0.00396434 0.00323005 0.173339 0.309386 0.371773 0.0036783 0.134357 0.000273296 
0.0155299 0.0881102 0.00103952 0.139898 0.435752 8.91287e-05 0.318645 0.000936667 
0.00419685 0.00706102 0.000215608 0.0138602 0.484497 0.0119952 0.443446 0.0347281 
0.159854 0.0916886 0.000417388 0.122831 0.566331 0.00574806 0.0389252 0.0142047 
0.0164392 0.0139529 0.000172226 0.248765 0.585943 0.00876337 0.125463 0.000501397 
0.00422028 0.0685487 2.49948e-05 0.305737 0.573104 8.13747e-06 0.0481118 0.000244964 
0.0205944 0.019446 8.25921e-05 0.222366 0.6405 0.0336144 0.0450433 0.0183537 
0.000236215 0.164131 0.000123286 0.112973 0.591829 3.13758e-05 0.121172 0.00950389 
0.0268294 0.0459957 1.21848e-05 0.0104272 0.4253 0.00431027 0.414495 0.0726305 
0.0128207 0.00442691 4.27441e-05 0.100515 0.72631 0.0144844 0.139997 0.00140351 
0.0189902 0.000475104 4.95916e-07 0.011016 0.774636 0.00489078 0.189953 3.8511e-05 
0.00809997 0.0383873 0.00498947 0.0483293 0.793591 0.00348426 0.0874732 0.0156458 
0.0150872 0.0263494 2.72178e-07 0.00618149 0.48589 0.0238509 0.441576 0.00106461 
0.00757957 0.0488345 1.72472e-05 0.0229663 0.70977 0.000199329 0.207172 0.00346108 
0.000399501 0.00332518 6.82301e-07 0.00756562 0.975888 3.1906e-05 0.0127632 2.55535e-05 
0.00133783 0.0577339 0.0192443 0.259179 0.532406 0.00038891 0.123624 0.00608637 
0.0114771 0.0206971 0.00116933 0.216502 0.702106 0.00382288 0.0186439 0.025581 
0.0013179 0.0686751 0.000729239 0.137002 0.701344 0.00103902 0.0870864 0.00280586 
0.00329754 0.0394313 4.08541e-09 0.00140435 0.718637 0.000161318 0.234051 0.00301809 
0.0221982 0.0870083 1.69067e-05 0.0414815 0.753512 0.0187529 0.0721585 0.00487156 
0.0207182 0.0852103 9.46972e-05 0.0558374 0.485691 0.0670489 0.277316 0.00808309 
0.23157 0.0356491 0.0117854 0.0481296 0.350642 0.000868179 0.317971 0.00338497 
0.000360923 0.422558 1.20987e-09 0.00455499 0.56443 0.000197669 0.00545852 0.00243986 
0.132579 0.0438952 0.00132791 0.259376 0.322139 0.149126 0.0808841 0.0106715 
0.0198179 0.264425 1.21827e-05 0.139781 0.419376 0.000150622 0.1541 0.00233808 
0.00591495 0.0231537 1.91738e-05 0.027871 0.844405 0.0116612 0.0869121 6.24944e-05 
0.0115604 0.0395469 0.00138249 0.0474993 0.621861 0.00577079 0.243921 0.0284584 
0.0014988 0.0258182 3.47377e-06 0.187779 0.694977 0.0101525 0.0753787 0.00439281 
0.0208731 0.0733825 0.00162784 0.0733475 0.619963 0.00574203 0.19432 0.0107442 
0.0224355 0.0271611 6.92938e-08 0.168995 0.64283 0.00769478 0.0786317 0.0522521 
0.00509551 0.0597313 5.06018e-05 0.00319407 0.920412 0.00169825 0.00200717 0.00781128 
0.0299148 0.0952106 3.38965e-05 0.00593486 0.688479 2.24226e-05 0.179205 0.00120001 
0.000365962 0.0188858 7.26539e-09 0.0264378 0.691939 2.26355e-06 0.22483 0.0375392 
0.00714847 0.004831 0.0065566 0.0763285 0.533392 0.00652832 0.362017 0.00319883 
0.00866297 0.0788165 9.19541e-05 0.151257 0.671206 0.000363172 0.0692696 0.020333 
0.0178639 0.0743307 0.000926395 0.0514894 0.482783 0.00716104 0.343195 0.0222508 
0.0978233 0.123494 0.0552745 0.266855 0.387325 0.0013026 0.0505834 0.0173418 
0.0208216 0.130052 0.0022605 0.153183 0.405781 0.0298502 0.245937 0.0121141 
0.0638538 0.0490492 0.00183979 0.0464252 0.415974 0.000792932 0.413159 0.00890672 
0.00841184 0.00790311 5.49243e-05 0.0181863 0.688847 0.0174147 0.235497 0.0236854 
0.0270167 0.0243845 2.28194e-05 0.0133949 0.461052 0.0188333 0.452174 0.00312165 
0.00017412 0.204256 2.14814e-11 0.000992944 0.460698 5.94765e-07 0.330583 0.00329476 
0.00200553 0.0118849 6.96977e-06 0.00096499 0.695811 1.74877e-05 0.27244 0.0168697 
0.00938137 0.0551008 0.000273445 0.0396118 0.514868 0.00237121 0.355188 0.0232054 
0.00520486 0.0545566 1.89679e-05 0.00881045 0.701259 0.000468641 0.225764 0.00391758 
0.0197599 0.0887213 0.000382329 0.292427 0.433372 0.00129306 0.132071 0.0319733 
0.00110767 0.196025 1.64991e-06 0.0392212 0.607581 0.00280405 0.144833 0.00842655 
0.0265022 0.011595 3.32528e-09 0.00279201 0.500153 1.89189e-05 0.432201 0.0267381 
0.0177521 0.0512378 6.40705e-05 0.0189406 0.376705 0.0340962 0.13991 0.361294 
0.103593 0.0292816 9.63635e-06 0.0584521 0.553626 8.50484e-05 0.189259 0.065694 
0.0010916 0.210004 3.03003e-07 0.0707947 0.486877 0.00251646 0.215042 0.013674 
0.00276896 0.0243736 8.80707e-06 0.0105892 0.633607 4.39574e-05 0.323806 0.00480229 
0.00100131 0.186456 5.87152e-06 0.0441434 0.418443 1.78105e-05 0.348923 0.00100987 
2.47053e-05 0.000147728 7.17381e-10 0.461438 0.538252 6.04076e-06 3.72128e-05 9.46328e-05 
0.0102964 0.0911599 7.87416e-06 0.108518 0.534067 0.00615361 0.243312 0.00648568 
0.11426 0.381265 6.40016e-05 0.0999627 0.404375 2.255e-06 6.9257e-05 1.30475e-06 
0.0690722 0.0167782 0.000168202 0.0211085 0.560443 0.0207713 0.288831 0.0228273 
0.0239355 0.142904 0.000150888 0.0939562 0.434565 0.00251379 0.219607 0.0823676 
0.12499 0.125019 0.124934 0.12501 0.125022 0.124995 0.125022 0.125009 
0.00389297 0.0492956 4.26316e-05 0.0660826 0.58811 0.000109501 0.280138 0.0123282 
0.00703081 0.0295904 3.3533e-06 0.00713029 0.615318 0.00012504 0.301012 0.03979 
0.00525129 0.00449406 0.000751728 0.286038 0.402725 0.000145531 0.299793 0.000801109 
0.00520486 0.0545566 1.89679e-05 0.00881045 0.701259 0.000468641 0.225764 0.00391758 
0.00370754 0.0140752 1.8935e-07 0.0245946 0.916283 0.00105626 1.31348e-08 0.0402831 
0.0122213 0.0583331 0.241088 0.100688 0.387495 0.0209425 0.17279 0.00644157 
0.00024964 0.0652334 4.132e-07 0.00637796 0.772642 5.63882e-05 0.154089 0.0013513 
0.0303438 0.0176849 3.60422e-05 0.0184971 0.498112 0.00011548 0.399044 0.0361661 
0.0025242 0.0672082 1.99824e-08 0.00943036 0.808768 8.45031e-06 0.107374 0.00468683 
0.0118421 0.0106053 2.34848e-05 0.0223707 0.707376 0.00724314 0.23515 0.00538968 
0.00908358 0.0761779 2.97263e-09 0.0283917 0.513189 0.000248187 0.368499 0.00441085 
0.000416397 0.2532 1.61073e-05 0.0078943 0.510421 0.0297199 0.171678 0.0266541 
0.0676759 0.158545 1.26491e-05 0.115751 0.475292 0.00206613 0.131578 0.0490802 
0.00150139 0.0502251 2.44669e-08 0.0161728 0.517375 7.38823e-06 0.316377 0.098342 
0.0114608 0.00628948 0.00102313 0.185967 0.551388 0.0285533 0.204631 0.0106885 
0.00109644 0.0752378 0.00231847 0.00953782 0.738428 0.000377432 0.16526 0.00774441 
0.0525013 0.04956 7.33148e-06 0.0477599 0.455004 0.00139587 0.365939 0.0278325 
0.00178873 0.0346365 3.99972e-07 0.0378013 0.92398 2.54988e-05 0.0016221 0.000145646 
0.0137452 0.0334529 0.000122283 0.0120187 0.755176 3.32212e-05 0.182001 0.00345085 
0.03063 0.00856966 1.29427e-07 0.00443346 0.582557 0.000105032 0.342111 0.0315938 
0.0101431 0.0266054 0.000364101 0.0221467 0.642492 0.000118737 0.28791 0.0102194 
0.00264876 0.0203704 5.34073e-06 0.136496 0.720089 9.68452e-05 0.120277 1.66381e-05 
0.00132202 0.0999778 0.0711022 0.0488144 0.432572 0.000207005 0.265266 0.0807381 
0.0205808 0.0662967 1.65884e-05 0.036649 0.573236 0.0176256 0.258819 0.0267756 
0.0174994 0.0752635 0.000671856 0.0714208 0.478817 0.00610549 0.331272 0.0189499 
0.0104898 0.0642288 4.27663e-05 0.0489035 0.633127 0.000852807 0.23433 0.0080249 
0.00471481 0.0580456 5.65442e-07 0.00148124 0.766346 8.03584e-06 0.16678 0.00262399 
4.09013e-05 0.0475533 1.77282e-11 0.000981215 0.90025 1.35349e-05 0.0492638 0.00189746 
0.00481708 0.023298 1.27383e-05 0.0182855 0.82284 0.00106213 0.102572 0.0271128 
0.000185424 0.0515315 2.43572e-06 0.0134239 0.549419 3.11647e-05 0.325241 0.0601664 
0.00566329 0.000868329 9.56136e-06 0.0308287 0.845664 0.0339187 0.0780095 0.00503784 
0.0166582 0.0159059 0.000321115 0.00288471 0.511485 6.53685e-05 0.452062 0.000617914 
6.278e-05 0.151305 5.05814e-09 0.0301318 0.652007 5.28012e-06 0.14757 0.0189179 
0.0172512 0.0949538 1.79605e-06 0.00767136 0.586695 0.00131277 0.191408 0.100707 
3.92663e-06 3.7131e-05 3.76624e-08 1.48095e-05 0.999913 5.74754e-07 2.53323e-05 5.15501e-06 
0.0279492 0.0365285 8.02848e-05 0.0802019 0.413822 0.0203299 0.404358 0.0167301 
0.00080026 0.198632 1.6448e-11 0.0185013 0.382311 6.07059e-06 0.315575 0.0841742 
0.00942924 0.244348 8.77761e-10 0.00591114 0.380619 3.24121e-05 0.342562 0.0170974 
0.032682 0.0265496 1.46182e-06 0.0421193 0.833654 0.0392471 0.0253108 0.000435275 
0.00577973 0.044782 6.39558e-05 0.252754 0.327276 0.235659 0.11614 0.0175448 
5.29828e-05 0.00026464 2.95253e-06 0.00437859 0.896648 2.17822e-08 0.0132456 0.0854075 
0.000459199 0.0124765 0.000573313 0.00068472 0.874729 2.90525e-08 0.110417 0.000659878 
0.0290393 0.036494 8.72567e-05 0.070953 0.753047 0.0121336 0.0928442 0.00540159 
0.000713298 0.198607 0.00302559 0.107529 0.394345 0.0674235 0.183961 0.0443959 
0.00418543 0.285713 0.0140424 0.148983 0.413649 3.17482e-06 0.133421 2.76165e-06 
0.00908968 0.192648 3.64561e-05 0.104984 0.562267 0.0291884 0.0999708 0.00181499 
0.0175713 0.0495256 1.16595e-07 0.0660874 0.474041 0.0252891 0.362516 0.00496915 
0.0156346 0.271333 9.15144e-05 0.0877243 0.303196 0.00037195 0.23185 0.0897987 
0.0254253 0.0487476 0.000385406 0.126649 0.383507 0.000875396 0.371895 0.0425155 
0.0740634 0.0664941 0.00177106 0.247576 0.359538 0.000919058 0.228892 0.0207468 
0.0129414 0.00868224 7.94349e-05 0.0241673 0.812214 0.047387 0.0919755 0.00255325 
0.000856499 0.024639 1.19641e-06 0.394647 0.577457 4.41879e-05 0.00234537 9.69079e-06 
0.00856816 0.00716215 1.83916e-07 0.00333877 0.871158 0.00149938 0.0793774 0.0288957 
0.00256242 0.0113484 0.00111644 0.0675241 0.697316 0.0439783 0.175946 0.000208916 
0.00315106 0.078552 4.40589e-07 0.0128467 0.595934 2.20707e-06 0.283723 0.0257905 
0.0179461 0.242059 5.5883e-08 0.0119238 0.459228 7.17085e-05 0.242767 0.0260033 
0.289189 0.0280327 5.3235e-05 0.0387732 0.350579 0.103011 0.156468 0.0338934 
0.000340718 0.0697835 1.11479e-09 0.00445699 0.714069 1.08643e-05 0.174456 0.0368836 
0.0015138 0.100903 0.000291514 0.0568287 0.579295 6.49281e-05 0.25952 0.00158274 
0.0400654 0.0124118 0.000305645 0.0774659 0.778765 0.0163227 0.0375154 0.0371478 
0.00304589 0.0109921 0.000532087 0.315559 0.553522 0.0351008 0.081123 0.000124868 
1.79696e-05 0.0505106 1.85921e-08 0.087529 0.445435 2.8217e-05 0.416479 3.82198e-09 
0.00101072 0.00597523 9.15341e-08 0.0480855 0.71862 2.09943e-08 0.226308 1.32026e-08 
0.00113637 0.0341974 8.79406e-12 0.01366 0.742564 8.01151e-05 0.205331 0.00303065 
0.00903752 0.000488738 3.96945e-05 0.0662305 0.91636 0.000436488 0.00715268 0.000254108 
0.000501829 0.191453 2.70564e-13 0.0149987 0.667813 1.1846e-05 0.1235 0.00172094 
5.97825e-05 0.0398327 0.000118283 0.0534629 0.807563 3.17009e-05 0.0675705 0.031361 
0.00741984 0.0186953 0.000310278 0.25444 0.567765 0.00955796 0.129808 0.0120037 
0.0148299 0.0111605 9.26159e-06 0.0315353 0.84966 0.0104054 0.0709226 0.0114768 
0.0144942 0.13634 0.000484301 0.143619 0.411636 0.00121549 0.291752 0.000458311 
0.0153779 0.00839131 1.65607e-08 0.0665691 0.598394 0.00115197 0.307725 0.00239126 
0.00297707 0.134786 0.00221247 0.0898246 0.453701 5.97165e-05 0.314738 0.00170167 
0.0282058 0.017933 1.27264e-05 0.152183 0.733528 0.000751721 0.0320777 0.0353081 
0.000294575 0.310789 3.66647e-07 0.0863159 0.464441 5.57207e-05 0.137905 0.000198812 
0.00957598 0.0147665 0.000140079 0.0183066 0.754711 0.000157604 0.193181 0.00916184 
0.00876614 0.146072 3.85511e-08 0.0241849 0.618038 0.00043063 0.202344 0.000163732 
0.00664037 0.0305563 0.00134976 0.0564706 0.75988 0.000710667 0.129485 0.0149076 
0.0212085 0.00962325 4.32569e-05 0.0449197 0.479748 0.0100629 0.433695 0.000699554 
0.0512332 0.0158545 1.49662e-06 0.0761061 0.553622 0.0194501 0.278822 0.00491109 
0.00215708 0.000516241 5.20102e-12 0.00235412 0.970515 1.41854e-05 0.023735 0.000708805 
0.0671336 0.124857 0.000180313 0.0280197 0.407373 0.00178132 0.259439 0.111216 
0.00590712 0.105739 0.00429786 0.118327 0.411904 0.00560585 0.30968 0.0385386 
0.0304845 0.0364698 2.60984e-07 0.0296328 0.451409 0.000171059 0.435717 0.0161163 
0.00584731 0.0804913 6.13511e-09 0.00856217 0.4538 0.00021257 0.431377 0.0197088 
0.00121007 6.81679e-05 5.7633e-09 0.00744151 0.91265 0.0259221 0.0526838 2.46767e-05 
0.00776541 0.109515 3.21563e-05 0.064888 0.569426 0.000719025 0.236991 0.0106638 
0.000885641 0.0576242 2.28239e-12 0.012125 0.533068 3.71086e-05 0.395887 0.000372884 
0.0140906 0.107243 0.00163619 0.193092 0.537043 0.00489745 0.126154 0.0158439 
0.00865995 0.0137659 3.58606e-06 0.172599 0.633834 0.000271311 0.1705 0.000366355 
0.00378056 0.0483913 1.07964e-05 0.222083 0.585471 1.87551e-05 0.122584 0.0176606 
0.0441056 0.245868 1.09096e-10 0.0231784 0.375432 1.3612e-07 0.310922 0.000493234 
0.00280136 0.00636271 0.101272 0.0546037 0.488324 0.0045157 0.340529 0.00159133 
0.0108077 0.0540858 1.60261e-06 0.194951 0.407343 0.000634616 0.328688 0.00348726 
0.00174632 0.369019 0.000739325 0.0155134 0.457617 6.9168e-06 0.124543 0.0308142 
0.0362053 0.0316554 0.000455246 0.0677252 0.725444 0.000796519 0.128807 0.0089111 
0.0060475 0.0329878 0.0081347 0.0364096 0.711914 0.00208193 0.192171 0.0102538 
0.00509186 0.0742287 0.0612605 0.0232483 0.410157 0.000778719 0.397638 0.0275966 
0.003738 0.0795106 9.47649e-06 0.0105407 0.609875 4.2114e-05 0.293691 0.00259302 
0.00056689 0.04105 0.000115593 0.0279296 0.768834 0.00370307 0.128591 0.0292101 
0.00276249 0.0404858 5.57839e-05 0.0361932 0.758885 0.000342108 0.159209 0.00206676 
0.0126643 0.0302973 3.58331e-05 0.0490894 0.647196 0.0119507 0.233702 0.0150647 
0.0070858 0.26326 0.00114805 0.102157 0.363128 0.000111155 0.251662 0.0114483 
0.00662369 0.0489455 7.71185e-06 0.103456 0.711746 0.00305505 0.117703 0.00846242 
0.00112372 0.00972681 6.52828e-06 0.0073057 0.80569 5.72643e-05 0.176066 2.36471e-05 
0.000149775 0.0806661 8.74745e-05 0.103549 0.597372 0.00021347 0.114573 0.10339 
6.27468e-06 0.131025 1.91719e-10 1.0011e-05 0.690299 1.37599e-06 0.178649 8.911e-06 
0.0202338 0.0472391 0.000366636 0.031923 0.429493 0.0416818 0.368396 0.0606662 
0.0209957 0.0241251 8.02421e-06 0.231524 0.418827 0.00429105 0.289323 0.0109059 
0.0030206 0.022925 3.72834e-05 0.0420105 0.869079 0.000200183 0.0613532 0.00137408 
0.00421871 0.194037 1.0214e-05 0.0671996 0.554135 2.90038e-05 0.0194298 0.160941 
0.00356223 0.0378468 1.36593e-09 0.0238599 0.792668 0.00557449 0.134693 0.00179622 
0.00780919 0.111817 1.88791e-06 0.158974 0.445215 0.00289606 0.257389 0.015897 
0.227344 0.0275597 3.55692e-06 0.0318103 0.480773 0.00804352 0.200776 0.0236893 
0.228169 0.0447512 5.59768e-05 0.124637 0.284256 0.0321139 0.270634 0.0153839 
0.0104649 0.152181 9.82826e-05 0.204714 0.44258 0.00300907 0.161449 0.0255026 
4.25257e-08 0.118638 1.04469e-07 0.20879 0.439926 2.17514e-06 0.232642 2.0336e-06 
0.000353023 0.185162 0.000666395 0.134439 0.53125 0.000558316 0.0971278 0.0504445 
0.00701479 0.000503216 2.83972e-05 0.0652007 0.910699 0.000277661 0.0161241 0.000152388 
0.000233223 0.0067219 8.49163e-07 0.00338636 0.857841 2.27061e-06 0.124933 0.00688232 
8.41308e-05 0.265962 4.28158e-10 0.0131951 0.407207 1.20911e-07 0.313551 3.03027e-08 
0.00170431 0.0723373 0.000371977 0.0976708 0.477533 0.00131719 0.338373 0.0106916 
0.00820202 0.0470997 0.000103592 0.244075 0.534563 0.000353062 0.158813 0.00678984 
0.00234338 0.0435997 0.0570926 0.319334 0.458842 0.0011007 0.1021 0.0155882 
0.00449165 0.10739 6.87771e-11 0.0240493 0.848011 7.54945e-05 0.0130959 0.00288626 
0.0122854 0.0705978 1.86056e-05 0.0350007 0.556747 0.0182767 0.284965 0.0221092 
0.0070888 0.0285239 0.000362677 0.010497 0.584527 0.000743707 0.352936 0.0153211 
0.0183963 0.04147 0.000328378 0.232853 0.392671 0.000717418 0.31012 0.0034438 
0.00596782 0.0121831 8.73361e-08 0.0137727 0.888614 8.73788e-08 0.0747952 0.00466666 
0.000142208 0.00264143 1.41887e-06 0.0327376 0.940206 7.31288e-05 0.0241648 3.37668e-05 
0.00404823 0.0700096 0.00178552 0.252221 0.540694 0.00197695 0.0624302 0.0668347 
0.0716352 0.109249 6.62668e-05 0.207488 0.292499 0.0287399 0.262553 0.027769 
0.00747501 0.115413 3.79782e-08 0.0490766 0.595986 8.49787e-05 0.205427 0.0265371 
0.000228282 0.0249915 0.000932814 0.0373861 0.829682 0.000229128 0.0456915 0.0608591 
0.00386337 0.0886486 1.09198e-07 0.205975 0.408919 2.41026e-05 0.279332 0.0132385 
0.0126436 0.0799118 0.000147263 0.0680434 0.749197 0.00867757 0.0673472 0.0140322 
0.00272498 0.0225395 5.25933e-08 0.00905216 0.691503 6.27612e-05 0.273845 0.000272842 
0.000360923 0.422558 1.20987e-09 0.00455499 0.56443 0.000197669 0.00545852 0.00243986 
0.243532 0.116115 5.31328e-07 0.12165 0.347709 0.000279484 0.0982231 0.072491 
0.00324459 0.0748118 2.37024e-06 0.138093 0.453325 0.000118367 0.311953 0.0184518 
0.0010916 0.210004 3.03003e-07 0.0707947 0.486877 0.00251646 0.215042 0.013674 
0.0165317 0.0393145 0.00125999 0.0237933 0.648005 0.0046894 0.234848 0.031558 
0.000634935 0.0639291 2.05018e-06 0.00581363 0.492345 2.22046e-05 0.411672 0.025581 
0.00149587 0.378968 1.02439e-08 0.0160045 0.444333 0.00489184 0.15191 0.00239702 
0.0165363 0.210159 2.51391e-05 0.189805 0.318168 0.000210005 0.182217 0.0828798 
0.00531266 0.0146801 4.40286e-05 0.00233782 0.653689 3.33918e-05 0.316341 0.00756217 
4.63728e-05 3.92881e-05 1.43494e-07 0.000457098 0.887521 5.82434e-07 0.109231 0.00270449 
0.0128132 0.0216038 1.82244e-05 0.095155 0.762003 2.17707e-05 0.107989 0.000396357 
0.00226676 0.0755237 0.000611708 0.0245831 0.450311 5.0146e-05 0.430305 0.0163487 
8.66275e-05 0.0747696 1.34136e-07 0.0151998 0.788742 3.03017e-05 0.118899 0.00227287 
0.0118142 0.149055 2.229e-05 0.166509 0.439169 6.24549e-06 0.23329 0.000135117 
0.0129643 0.0236988 1.93661e-09 0.0158526 0.49591 9.35968e-06 0.449356 0.00220842 
0.00717984 0.100212 1.23932e-05 0.0826303 0.449355 0.0134918 0.293397 0.0537214 
0.03063 0.00856966 1.29427e-07 0.00443346 0.582557 0.000105032 0.342111 0.0315938 
0.00625119 0.0475737 0.00173163 0.0657564 0.614437 0.00013378 0.251363 0.0127535 
0.0135369 0.0406243 1.78035e-05 0.0439624 0.62936 0.00723349 0.255964 0.00930193 
0.178115 0.0161351 0.000287046 0.09445 0.601521 0.00162723 0.10647 0.00139527 
2.70113e-05 0.0363582 7.09871e-05 0.00597211 0.779771 4.64622e-05 0.177444 0.000310115 
1.77616e-07 0.275567 0.000603801 0.0259719 0.363694 0.00152774 0.316861 0.015775 
0.0144079 0.0913608 0.000371516 0.031197 0.461666 0.00132973 0.376657 0.02301 
0.00849294 0.07093 0.000358164 0.0749197 0.60712 0.0016142 0.223821 0.0127449 
0.0891187 0.106278 0.00581232 0.257295 0.430075 0.00137343 0.0748501 0.0351978 
0.00273444 0.0880256 1.14085e-06 0.00979057 0.47115 9.33971e-06 0.414276 0.0140138 
0.0599582 0.0340424 0.00260555 0.037122 0.52012 0.00498905 0.304215 0.0369476 
0.0141959 0.0274548 1.3299e-05 0.0338392 0.853352 0.000383815 0.070364 0.000397391 
0.12499 0.125019 0.124934 0.12501 0.125022 0.124995 0.125022 0.125009 
0.0336805 0.0949689 1.05076e-05 0.242573 0.329087 0.00401742 0.251459 0.0442042 
0.0374752 0.0224465 4.69841e-05 0.107846 0.389941 0.209644 0.230945 0.00165552 
0.0118139 0.0955139 0.00263183 0.13594 0.42101 0.00191196 0.27698 0.0541985 
0.00731706 0.0237962 0.00130102 0.0758666 0.561493 1.6644e-05 0.328041 0.00216857 
0.00701479 0.000503216 2.83972e-05 0.0652007 0.910699 0.000277661 0.0161241 0.000152388 
0.000360923 0.422558 1.20987e-09 0.00455499 0.56443 0.000197669 0.00545852 0.00243986 
0.000515306 0.193235 2.56139e-07 0.00135771 0.636114 0.000172804 0.102228 0.0663771 
0.00177922 0.033895 7.07858e-06 0.0189518 0.508743 0.000166783 0.430048 0.00640875 
0.0940991 0.0599571 2.18446e-07 0.0129761 0.603126 0.00323999 0.202021 0.02458 
0.00322651 0.131778 2.53407e-07 0.0470279 0.569672 0.000736613 0.225571 0.0219874 
0.0425764 0.0289716 1.77921e-05 0.0283358 0.530795 0.000464839 0.366288 0.00255086 
0.0763088 0.0607742 0.0018488 0.118824 0.435862 0.0201626 0.275373 0.0108467 
0.00062575 0.0478922 0.000266007 0.0617909 0.840265 4.82634e-06 0.048991 0.0001642 
0.00238275 0.0320373 7.09052e-06 0.0160332 0.845824 0.000267088 0.0585545 0.0448937 
0.00127672 0.000738002 8.09622e-07 0.222582 0.458797 0.189357 0.126073 0.001175 
0.12499 0.125019 0.124934 0.12501 0.125022 0.124995 0.125022 0.125009 
0.000972636 0.217376 0.000252693 0.0571236 0.47302 6.21194e-08 0.23932 0.0119355 
0.0231152 0.190637 0.000217742 0.290467 0.382756 0.00143362 0.0751394 0.0362346 
0.00178873 0.0346365 3.99972e-07 0.0378013 0.92398 2.54988e-05 0.0016221 0.000145646 
0.0111868 0.0438781 0.000246731 0.0729681 0.616744 9.34066e-05 0.211388 0.0434947 
0.00208773 0.051734 9.02412e-08 0.0612523 0.57233 8.30179e-07 0.255123 0.0574721 
0.0139107 0.213231 0.000442349 0.0696789 0.378223 1.63852e-07 0.312174 0.0123396 
0.00131889 0.145766 5.30155e-06 0.304806 0.376206 0.00178873 0.153593 0.0165149 
0.0425297 0.00317762 2.81794e-06 0.197568 0.713443 0.0016942 0.0292672 0.0123172 
0.1672 0.0734471 5.99546e-07 0.0382262 0.384033 0.0103576 0.291969 0.0347663 
0.00109343 0.0500382 1.43845e-07 0.000939753 0.78358 2.02832e-05 0.161954 0.00237462 
0.00331648 0.0270782 3.16103e-06 0.0126471 0.824195 0.000116425 0.127364 0.00527938 
0.0035723 0.248208 3.2909e-10 0.00955444 0.477557 0.000111624 0.26033 0.000666992 
0.0169543 0.0301837 1.80326e-06 0.0595449 0.770775 0.0579524 0.0518071 0.0127804 
0.0388145 0.0129621 0.0414903 0.0832245 0.499484 0.000431304 0.294007 0.0295865 
0.0619494 0.0114156 2.45309e-05 0.0320276 0.596006 0.00133647 0.296898 0.000342416 
2.70113e-05 0.0363582 7.09871e-05 0.00597211 0.779771 4.64622e-05 0.177444 0.000310115 
0.00150418 0.0976634 6.27883e-05 0.154051 0.68515 0.000217241 0.0605518 0.00079961 
0.0224035 0.0515396 0.000118198 0.0514353 0.524668 0.0117962 0.297723 0.0403162 
0.00666735 0.0112088 3.99276e-06 0.0146515 0.932736 0.000360381 0.0330025 0.0013696 
0.0140841 0.018398 4.27444e-06 0.109472 0.625318 0.0389094 0.161162 0.0326517 
0.000915063 0.0108881 8.74653e-09 0.0046084 0.614073 1.09459e-05 0.368804 0.000700852 
0.0224177 0.00681906 0.000136003 0.0274626 0.644782 0.000595815 0.275907 0.0218807 
0.0134298 0.0462574 0.00093448 0.0233984 0.584972 0.00728336 0.294903 0.0288217 
0.0772518 0.00327066 4.57675e-05 0.011344 0.802783 0.000287928 0.0500266 0.0549904 
0.00263044 0.0316143 1.13793e-07 0.145688 0.632077 0.000987889 0.185178 0.00182357 
0.0124874 0.149974 7.26628e-07 0.114103 0.538001 0.0366206 0.0994504 0.0493633 
0.000360923 0.422558 1.20987e-09 0.00455499 0.56443 0.000197669 0.00545852 0.00243986 
0.147582 0.237128 0.000536315 0.18459 0.290621 0.000377564 0.0939964 0.0451681 
0.0051693 0.0572092 0.000951363 0.0289736 0.531131 0.00185965 0.364534 0.0101713 
0.0494538 0.0429882 0.000195993 0.0243718 0.523012 0.0116631 0.339629 0.00868678 
0.00017412 0.204256 2.14814e-11 0.000992944 0.460698 5.94765e-07 0.330583 0.00329476 
0.0460766 0.106296 0.000440042 0.165093 0.466715 0.000145809 0.17743 0.0378035 
0.0010956 0.0413046 1.20066e-05 0.00129081 0.954735 1.08132e-05 0.000199142 0.00135244 
0.0363706 0.0481371 2.04695e-05 0.0657579 0.707586 0.00221872 0.12242 0.0174894 
0.00064859 9.13567e-05 5.0436e-08 0.030766 0.957413 1.79191e-08 0.0110796 1.11783e-06 
0.0108856 0.201501 4.9688e-09 0.0758702 0.48257 1.40589e-08 0.210454 0.0187184 
0.00944977 0.00054005 4.92707e-06 0.00621772 0.853804 1.53654e-06 0.129039 0.000943003 
0.00561711 0.0633203 4.31974e-05 0.0661258 0.622608 9.92594e-05 0.236215 0.00597118 
0.000378709 0.0883797 9.12987e-06 0.0369247 0.499564 0.0244164 0.345976 0.00435051 
0.00325287 0.00126746 2.35691e-09 0.000971551 0.977911 7.26901e-05 0.0150999 0.00142492 
0.0103745 0.115464 3.36616e-05 0.0576427 0.534698 0.00358746 0.228897 0.049303 
0.000870206 0.0643417 8.83616e-08 0.0672771 0.753362 1.34755e-05 0.112949 0.00118662 
0.00130114 0.00416709 4.59532e-08 0.323151 0.566167 0.000389598 0.104824 4.50522e-08 
0.00011568 0.000524422 4.72813e-05 0.000205848 0.795698 4.15262e-12 0.203403 5.84497e-06 
0.00325287 0.00126746 2.35691e-09 0.000971551 0.977911 7.26901e-05 0.0150999 0.00142492 
0.121985 0.00142529 8.55735e-05 0.0189495 0.676327 0.000939532 0.0974143 0.0828735 
0.0110644 0.0368463 0.00129432 0.0487248 0.651108 0.00230593 0.216477 0.0321793 
0.00877958 0.0428867 0.000382622 0.333111 0.43443 0.0022905 0.11636 0.0617599 
3.77556e-05 0.133844 3.44799e-08 0.00045107 0.438191 5.85351e-07 0.273939 0.153537 
0.00126887 0.0585078 4.63864e-05 0.00576535 0.928208 0.000106049 0.00110772 0.00498952 
0.00243822 0.124894 1.63097e-05 0.0496928 0.434165 0.000118702 0.234894 0.153781 
0.00683914 0.0801797 0.000109558 0.0654397 0.770383 0.00066455 0.0549362 0.0214485 
0.0600324 0.110769 1.0597e-05 0.135522 0.493337 0.00589024 0.166475 0.0279639 
0.00206878 0.0520321 7.09816e-06 0.0852493 0.649908 0.016656 0.189847 0.00423095 
0.249851 0.120501 1.37233e-08 0.0852804 0.459568 5.22759e-08 0.0776377 0.00716181 
0.00198075 0.0425818 3.59016e-07 0.0233464 0.642768 3.02525e-05 0.214742 0.0745501 
0.00017412 0.204256 2.14814e-11 0.000992944 0.460698 5.94765e-07 0.330583 0.00329476 
0.0144654 0.0204545 0.000121323 0.0663756 0.850416 0.014522 0.0327322 0.000913007 
0.000576079 0.000988768 0.000403307 0.00932624 0.617583 3.02575e-05 0.37103 6.24439e-05 
0.000613145 0.0848331 2.62592e-06 0.00258837 0.803107 2.60227e-08 0.106602 0.00225415 
0.00677669 0.0263022 1.55985e-06 0.014257 0.606562 0.0119119 0.332865 0.00132388 
0.000554731 0.00494177 5.86343e-07 0.0110545 0.545525 1.52024e-07 0.432136 0.00578705 
0.0119378 0.0103366 1.66103e-06 0.0153923 0.559167 6.82419e-05 0.395491 0.00760528 
1.7618e-08 0.259398 2.18066e-09 0.00974779 0.525288 2.17505e-05 0.203485 0.00205886 
0.017723 0.00926474 0.000512453 0.010397 0.452783 0.0521262 0.414254 0.04294 
0.0468085 0.0270646 0.00370134 0.0481403 0.697103 0.0108524 0.143976 0.0223544 
0.000226993 0.299734 1.2435e-06 0.0416578 0.568504 3.22518e-05 0.0732076 0.0166364 
0.00135593 0.0220758 7.82569e-09 0.0328006 0.709581 1.94485e-08 0.234148 3.9111e-05 
3.91678e-06 0.0629055 4.58766e-09 0.00142368 0.712479 1.52088e-09 0.222569 0.000618614 
0.00159263 0.0134751 0.00152514 0.121292 0.822904 0.0228463 0.0162983 6.73353e-05 
0.27726 0.0135955 3.90248e-06 0.0551813 0.316333 0.0459616 0.2855 0.00616486 
0.00272498 0.0225395 5.25933e-08 0.00905216 0.691503 6.27612e-05 0.273845 0.000272842 
0.00413522 0.0546636 0.000135164 0.15334 0.681278 0.0253315 0.0784197 0.00269709 
0.0115433 0.0649756 2.64747e-05 0.0354864 0.694027 3.84867e-05 0.1914 0.00250289 
0.000322167 0.0221844 4.38461e-06 0.0131129 0.773626 1.07053e-05 0.183115 0.00762411 
0.00738161 0.0457876 0.000432378 0.031241 0.475291 0.00180049 0.421251 0.0168152 
0.027435 0.0276132 0.00109428 0.0234542 0.479828 0.000185924 0.432364 0.00802591 
0.0226855 0.0324753 0.000476812 0.24334 0.482813 0.13626 0.0799111 0.00203769 
0.0827784 0.0560722 6.82014e-08 0.0251165 0.661049 0.000370417 0.172665 0.00194785 
0.00777196 0.0025472 1.97702e-05 0.0020297 0.715342 0.000570888 0.26196 0.00975814 
0.00112841 0.132562 4.61158e-08 0.00729244 0.829206 9.6983e-05 0.000883145 0.0288311 
0.0294337 0.0531241 0.00011062 0.0420259 0.671256 0.01302 0.168709 0.0223209 
0.00496717 0.0426922 2.75994e-06 0.0112621 0.596352 5.87108e-05 0.343577 0.00108733 
8.52964e-06 0.0748538 8.94551e-09 0.000427876 0.814622 1.25584e-08 0.109587 0.000500116 
0.0352106 0.117885 1.40189e-05 0.172407 0.520483 0.0054835 0.0978574 0.05066 
0.0326349 0.00432446 2.89468e-05 0.00961064 0.777197 0.00524432 0.170248 0.000711365 
0.0328172 0.0456965 2.14524e-09 0.00752495 0.515097 0.0579248 0.295611 0.0453281 
0.00520486 0.0545566 1.89679e-05 0.00881045 0.701259 0.000468641 0.225764 0.00391758 
0.17001 0.00878785 3.15391e-07 0.00905214 0.777555 0.0061343 0.0233554 0.00510442 
0.0363316 0.156805 0.000190115 0.0737218 0.609892 0.00153658 0.107777 0.013745 
0.0363316 0.156805 0.000190115 0.0737218 0.609892 0.00153658 0.107777 0.013745 
0.0280676 0.00570618 4.42637e-05 0.0313751 0.733076 0.115057 0.0827699 0.0039036 
0.00860635 0.0959455 0.000105754 0.0997156 0.595462 0.00312649 0.177563 0.0194758 
0.079345 0.0291998 1.0584e-05 0.28456 0.318076 0.00222392 0.266571 0.0200132 
0.0285703 0.0159411 0.0240968 0.15911 0.658043 0.0180365 0.0949284 0.00127475 
0.0115991 0.0479331 0.00142364 0.0200329 0.351256 0.128213 0.338895 0.100648 
0.00786432 0.229817 1.60306e-08 0.0220725 0.579116 0.000562264 0.15869 0.00187803 
0.00275392 0.0943547 2.96994e-07 0.0131387 0.440694 8.03194e-05 0.402775 0.0462031 
0.00211668 0.000798978 0.12747 0.0954373 0.495608 0.000198381 0.271579 0.00679105 
0.00178873 0.0346365 3.99972e-07 0.0378013 0.92398 2.54988e-05 0.0016221 0.000145646 
0.000950769 0.00134396 1.14274e-07 0.00331396 0.900931 4.46476e-07 0.0934596 1.66088e-07 
0.00153065 0.263256 3.07302e-06 0.00163529 0.592964 1.07118e-05 0.119454 0.0211462 
0.0266944 0.0894996 1.14918e-08 0.0797613 0.528932 0.000758982 0.270993 0.00336087 
0.0172135 0.145584 1.74551e-05 0.0262145 0.71868 9.37876e-05 0.0850834 0.00711389 
0.0100586 0.0857159 1.50294e-06 0.133966 0.514111 0.0419629 0.206777 0.00740708 
0.0437968 0.145861 1.89277e-05 0.0209058 0.589697 0.000465912 0.188113 0.0111419 
0.0210653 0.0577792 4.13435e-05 0.0786267 0.585118 0.0298868 0.21511 0.0123733 
0.0955492 0.126357 1.19066e-07 0.330842 0.368705 1.87104e-05 0.0760416 0.00248696 
0.00232134 0.11267 0.000134771 0.0398968 0.706804 0.00201834 0.129659 0.00649611 
0.00500952 0.147267 1.27887e-05 0.0556212 0.492957 0.00055035 0.293554 0.00502716 
0.0163049 0.0590447 7.74337e-06 0.0301714 0.573143 0.000306748 0.274135 0.0468867 
0.00326475 0.0884039 0.000392911 0.0416744 0.729704 2.27462e-05 0.130974 0.00556309 
0.0429922 0.153089 0.00019618 0.323403 0.404127 0.000197784 0.0715532 0.00444159 
0.018855 1.80766e-05 6.93064e-11 0.101624 0.879269 0.00021895 1.23325e-05 2.50611e-06 
0.118174 0.135863 0.131821 0.107729 0.328257 0.000523786 0.167598 0.0100339 
0.0119417 0.0259534 2.3591e-05 0.0698099 0.790098 0.0192988 0.0747348 0.0081397 
0.001638 0.177257 6.25039e-05 0.125331 0.607296 0.00187764 0.085363 0.00117464 
0.00396956 0.113212 2.196e-10 0.0142574 0.850267 0.000845639 0.017243 0.000205341 
0.0759322 0.0613489 0.00118907 0.0436812 0.472969 0.0101151 0.313889 0.0208753 
0.00643378 0.055596 0.000541772 0.132786 0.579582 0.000404521 0.220849 0.00380745 
0.0252229 0.00414166 4.82819e-05 0.153609 0.680263 0.0262909 0.0810459 0.0293787 
0.00600035 0.220716 5.09413e-09 0.169655 0.347404 1.80987e-09 0.246143 0.010081 
0.000569208 0.0487228 6.35865e-06 0.00370648 0.713184 5.69784e-05 0.187988 0.045766 
0.00258943 0.309389 1.74462e-05 0.0531042 0.525555 0.000218518 0.106935 0.00219038 
0.0396528 0.0648901 0.00325882 0.189801 0.553308 0.0252252 0.106662 0.0172025 
0.132579 0.0438952 0.00132791 0.259376 0.322139 0.149126 0.0808841 0.0106715 
0.0320915 0.00698381 0.0708986 0.0400861 0.45009 0.0346551 0.315963 0.0492316 
0.0462 0.0168606 1.21121e-05 0.0631601 0.773083 0.000141548 0.0927738 0.00776905 
0.0213941 0.0418059 1.35633e-05 0.0123568 0.690995 0.0132474 0.190142 0.030046 
4.45513e-13 0.386128 1.42388e-09 0.00102602 0.550932 2.14045e-06 0.0425313 0.0193802 
0.00499417 0.0321092 0.000411604 0.0577907 0.775899 0.00106222 0.125795 0.00193796 
0.00626397 0.031356 1.20091e-05 0.0655611 0.808851 0.00150589 0.0771317 0.00931792 
6.16136e-05 0.0228905 7.23558e-10 3.00523e-05 0.581708 5.13954e-10 0.392185 0.00312437 
0.0557213 0.110468 0.00327994 0.166905 0.486032 0.00115835 0.150398 0.0260364 
0.00834037 0.0299128 7.08549e-06 0.06018 0.810062 0.000149477 0.081556 0.00979207 
0.00032687 0.169726 2.34695e-05 0.00153979 0.779669 5.08329e-06 0.00374535 0.0449652 
0.00516345 0.0916902 1.52456e-07 0.00848599 0.83653 7.66946e-06 0.0531671 0.00495526 
0.0439301 0.0324186 0.000102509 0.13641 0.638647 0.0531162 0.0916988 0.00367753 
0.00927925 0.0512709 4.52326e-05 0.282657 0.532287 0.00033695 0.119918 0.00420635 
0.0961318 0.0674378 6.05816e-09 0.16544 0.618777 0.00172732 0.0243586 0.0261278 
0.201207 0.134083 0.000156634 0.190966 0.331494 0.0608743 0.0597537 0.0214659 
0.0260666 0.0420481 2.33448e-06 0.0723887 0.622804 0.0315589 0.18558 0.0195514 
0.0206662 0.0374997 1.09685e-06 0.0895332 0.788167 0.000305814 0.0636098 0.000217677 
0.0731548 0.0713262 0.000156928 0.126997 0.398019 0.00153854 0.294581 0.0342268 
0.0850954 0.166893 1.85146e-05 0.148665 0.4185 0.000163188 0.167737 0.0129284 
0.00642441 0.222327 1.04245e-06 0.0035671 0.692197 5.23833e-05 0.0752509 0.000179812 
0.00187866 0.00883964 0.0036659 0.0233983 0.863733 3.03278e-05 0.0957761 0.00267774 
0.00505504 0.0170228 0.00180268 0.029654 0.816169 0.00366817 0.1148 0.0118285 
0.00468703 0.0760544 6.61834e-05 0.0095811 0.516795 0.000109897 0.380247 0.0124598 
0.00689837 0.00529425 2.11462e-05 0.0188471 0.772097 0.0640927 0.130414 0.00233575 
8.03609e-06 8.03799e-06 8.03249e-06 0.149503 0.551429 8.03641e-06 0.299028 8.03733e-06 
0.0761395 0.0972023 0.00541549 0.0177639 0.520349 0.000736585 0.273493 0.00890058 
0.0508705 0.0693995 1.98143e-07 0.221873 0.528755 0.000117936 0.124044 0.00494027 
0.0247708 0.050627 2.63391e-05 0.0250261 0.511383 0.0137011 0.340236 0.034229 
0.158623 0.0827636 3.22267e-10 0.328874 0.342803 3.50142e-06 0.0298292 0.057103 
0.00422028 0.0685487 2.49948e-05 0.305737 0.573104 8.13747e-06 0.0481118 0.000244964 
4.29309e-05 0.00799902 0.000244877 0.0611152 0.896119 9.88545e-09 0.0341906 0.00028823 
