0.00363578 0.181588 0.00312384 0.0113839 0.261616 0.000135303 0.527969 0.0105483 
0.00134662 0.0900572 0.13097 0.558432 0.0923386 0.000479333 0.104325 0.0220514 
9.90661e-05 0.97136 1.9805e-07 0.00674866 0.00890835 7.03642e-08 0.0127416 0.000141741 
0.00796749 0.0388252 0.0939151 0.242572 0.412234 0.00305047 0.181682 0.0197547 
6.25005e-07 3.88518e-06 4.59492e-07 0.155739 0.64106 2.49149e-07 0.203194 7.00816e-07 
0.0110398 0.0228467 0.000314322 0.0465791 0.246648 9.29518e-05 0.668208 0.00427109 
0.026481 0.094195 0.189144 0.473535 0.120599 0.00194089 0.0850875 0.0090175 
0.940332 0.00340398 0.00190073 0.00116527 0.0346496 1.75987e-05 0.0182802 0.000250268 
0.0075627 0.261521 0.000399103 0.591183 0.09601 7.5827e-05 0.0406292 0.00261933 
0.0761998 0.054152 0.0119097 0.116432 0.182855 0.000790004 0.527244 0.0304183 
0.00301001 0.000258942 0.000701375 0.0127435 0.0255007 3.19814e-09 0.957737 4.87705e-05 
0.0978233 0.123494 0.0552745 0.266855 0.387325 0.0013026 0.0505834 0.0173418 
0.0306406 0.0731438 0.00120726 0.0195997 0.21086 0.000260771 0.653326 0.0109619 
0.00253198 0.619602 4.05652e-06 0.153042 0.13875 3.62743e-06 0.0669381 0.0191281 
0.0026777 0.0416162 0.0549737 0.060985 0.742037 0.000190665 0.0915353 0.00598482 
0.0110398 0.0228467 0.000314322 0.0465791 0.246648 9.29518e-05 0.668208 0.00427109 
0.0858679 0.0320688 3.63793e-05 0.596919 0.168036 3.06411e-05 0.116927 0.000114024 
0.00129393 0.0710819 0.000103993 0.00414952 0.369728 3.01441e-05 0.503185 0.0504275 
0.000287614 0.0238062 0.000881405 0.69303 0.18097 0.00019276 0.0868989 0.0139331 
0.0175594 0.247173 5.35355e-05 0.566729 0.0163819 1.15266e-08 0.150991 0.00111153 
0.000130334 0.922812 1.43924e-06 0.0031405 0.0654335 5.03629e-12 0.00829541 0.000186859 
7.95047e-06 0.685402 1.52456e-06 0.00194309 0.160967 6.76982e-11 0.142205 0.00947317 
0.00899602 0.0489102 0.000180496 0.134283 0.253394 3.05998e-05 0.553607 0.000598357 
0.000600065 0.930521 4.86554e-06 0.00384796 0.000140609 1.02447e-08 0.0415009 0.0233848 
0.000360547 0.025072 0.000334032 0.956768 0.0107129 2.89344e-07 0.00675054 1.24528e-06 
0.00335095 0.328468 4.0863e-05 0.406141 0.168022 1.06628e-06 0.0924761 0.00149939 
0.024574 0.483856 0.00588611 0.0436361 0.144971 0.00413475 0.101547 0.191395 
0.00839428 0.104342 0.000228896 0.159917 0.500926 5.40078e-05 0.0423003 0.183837 
0.00280856 0.208203 0.00186936 0.449119 0.162629 5.7727e-05 0.170339 0.00497505 
0.0026252 0.0312129 0.00252167 0.057677 0.140823 8.90824e-05 0.764113 0.000938619 
0.0234495 0.542979 8.89807e-05 0.211732 0.060637 1.86982e-05 0.15285 0.00824487 
0.00045222 0.403163 4.05006e-06 0.54386 0.0381156 1.59469e-07 0.0137501 0.000655165 
0.00130792 0.245129 0.003369 0.035358 0.329318 8.77337e-06 0.187524 0.197986 
0.0978233 0.123494 0.0552745 0.266855 0.387325 0.0013026 0.0505834 0.0173418 
0.00279719 0.263835 0.000541111 0.465952 0.160788 8.02037e-06 0.0445172 0.0615609 
0.00215942 0.0218749 0.00835773 0.0188795 0.534475 3.83285e-05 0.411342 0.00287346 
0.00755099 0.0124836 0.0804518 0.00512708 0.449705 0.00101864 0.422414 0.0212481 
0.0254226 0.481363 0.00296849 0.0750044 0.124264 0.000570104 0.175157 0.115251 
0.0201663 0.329896 0.00468182 0.0923634 0.0515084 0.00065127 0.436959 0.0637739 
0.00253743 0.148609 8.62189e-07 0.00563439 0.192289 5.28819e-07 0.650058 0.000870748 
0.0015915 0.0582297 0.000137485 0.0297579 0.148799 3.3059e-05 0.726558 0.0348932 
0.00427129 0.0171877 8.53544e-11 0.0147979 0.939177 3.03252e-11 0.0244825 8.38763e-05 
0.0313256 0.0831338 0.00108146 0.000744686 0.339691 8.16306e-08 0.543997 2.65954e-05 
0.361404 0.0393843 0.00701267 0.161787 0.158913 0.00410265 0.243359 0.0240369 
0.00016767 0.0650162 0.00146308 0.0947965 0.618708 3.93418e-06 0.193194 0.0266506 
0.00144519 0.390865 0.00216557 0.0221058 0.224077 0.000150562 0.350078 0.00911289 
0.00466937 0.239504 4.00135e-05 0.572688 0.090959 1.90101e-10 0.0916649 0.000474913 
0.000294058 0.0854197 0.0110777 0.80109 0.0583872 0.000160094 0.0151271 0.0284443 
0.000224635 0.246166 8.38346e-05 0.415641 0.154762 4.33127e-05 0.170883 0.0121964 
0.926462 0.013975 0.00023878 0.0509894 0.00771885 4.60193e-05 0.000302054 0.000268174 
0.486253 0.00789162 4.49494e-05 0.357722 0.11387 4.10253e-05 0.0331011 0.00107605 
0.00510203 0.000226197 5.23519e-05 0.0318838 0.0166029 1.19984e-05 0.946108 1.32537e-05 
0.000841328 0.0148464 0.00054746 0.00558843 0.0481198 0.000160029 0.912995 0.0169018 
4.14198e-07 0.0549445 2.77567e-07 0.509894 0.0569463 2.98744e-11 0.0101922 0.368022 
0.0266513 0.0256204 0.000345512 0.0388291 0.375314 9.18765e-05 0.519526 0.0136214 
0.000446998 0.0501551 0.00116245 0.0132207 0.0844752 7.66007e-05 0.737381 0.113081 
2.73158e-07 0.128804 0.00327778 0.291265 0.143518 7.83227e-08 0.427392 0.00574238 
0.000422879 0.16308 3.89612e-07 0.155019 0.419364 2.74064e-07 0.262065 4.90386e-05 
0.0273827 0.147898 0.000498038 0.587769 0.143001 0.000137747 0.0715015 0.0218122 
0.00920857 0.0497296 0.000253896 0.605482 0.119816 1.98212e-05 0.21287 0.0026198 
0.00531266 0.0146801 4.40286e-05 0.00233782 0.653689 3.33918e-05 0.316341 0.00756217 
0.0172288 0.00406433 0.00362108 0.0238311 0.738642 9.82788e-06 0.212144 0.000459138 
0.00822422 0.28438 0.00745952 0.143019 0.34923 0.000470065 0.156023 0.0511941 
0.000319312 0.043675 0.000830484 0.0140629 0.0991991 5.47268e-05 0.761086 0.0807728 
0.00156273 0.0268254 0.000144332 0.847548 0.025232 1.92614e-06 0.0982176 0.000467836 
0.00168895 0.640903 0.0120739 0.149122 0.10006 2.1579e-05 0.0848035 0.0113271 
0.00413151 0.272196 0.341724 0.0856688 0.156796 0.00243392 0.0820956 0.0549538 
0.0462108 0.0235997 0.00345001 0.118808 0.119043 8.75156e-05 0.688052 0.000749447 
0.0464409 0.0463999 0.00140277 0.778781 0.0357818 7.71217e-08 0.00534758 0.0858463 
0.00752012 0.129282 0.00015109 0.793786 0.0222197 4.26157e-06 0.0470248 1.26456e-05 
0.0592691 0.07989 0.00754988 0.291042 0.093479 2.55161e-05 0.447311 0.0214339 
3.86642e-06 0.00878343 1.61633e-06 0.00165479 0.0613241 1.02439e-06 0.928197 3.44448e-05 
0.000270803 0.0239551 5.24319e-06 0.00225492 0.914374 4.86468e-08 0.0581392 0.00100049 
0.00616392 0.0569346 0.00476125 0.0295424 0.471614 7.31669e-05 0.422844 0.00806702 
0.0080111 0.00191719 0.000121537 0.0131696 0.058131 8.10272e-05 0.91805 0.000518753 
0.00105027 0.0098346 1.47966e-07 0.00915556 0.489839 3.01357e-08 0.490037 8.26444e-05 
0.0114301 0.0863013 9.40722e-05 0.321629 0.189921 5.91999e-05 0.345664 0.0449016 
0.011549 0.0424789 0.000780297 0.873895 0.000108874 6.30886e-05 0.0683289 0.00279601 
0.00700743 0.293109 0.003924 0.0136383 0.356406 0.000311718 0.31165 0.0139535 
0.0195979 0.818538 0.000335487 0.029886 0.0540983 5.95214e-06 0.053046 0.0244925 
0.0214553 0.00488021 0.00182889 0.0313642 0.142284 0.000501129 0.794039 0.00364687 
0.00456003 0.278931 0.000466896 0.0999442 0.310739 0.000202343 0.296522 0.00863429 
0.00509321 0.165112 0.0056715 0.559872 0.0723479 0.000193699 0.0113859 0.180323 
0.00321768 0.0624611 0.00100804 0.096913 0.220905 0.00075858 0.59499 0.0197471 
0.00487428 0.0451712 0.000190255 0.0271196 0.739944 0.000173493 0.174016 0.00851165 
0.00287536 0.295368 0.0024187 0.362654 0.189764 0.000125852 0.129715 0.0170789 
0.00400193 0.0880566 0.000187854 0.00287298 0.893232 4.52127e-05 0.00661981 0.00498353 
0.000394327 0.162211 0.756652 0.0178525 0.0223377 8.79401e-06 0.0350636 0.00548021 
0.0180318 0.289357 2.89234e-08 0.0284937 0.122904 1.58281e-11 0.280816 0.260398 
0.0163947 0.0525838 8.29012e-05 0.0329287 0.487519 2.13691e-06 0.410462 2.67042e-05 
0.02267 0.419823 0.00031127 0.0663677 0.13497 0.000114231 0.304227 0.0515167 
0.0105329 0.130334 0.00126619 0.0495625 0.0473799 5.75562e-07 5.7569e-07 0.760924 
5.39573e-07 0.022585 0.00030718 0.165822 0.652003 8.86446e-08 0.159282 1.41303e-07 
0.00687836 0.0117292 0.00361008 0.0216915 0.267368 0.000170148 0.684514 0.00403808 
3.84821e-07 0.421209 1.33449e-06 0.000792165 0.199911 6.79053e-08 0.378074 1.12706e-05 
3.43125e-06 0.111958 9.63519e-06 0.841984 0.039315 1.01132e-06 0.00663021 9.85531e-05 
0.0242471 0.1317 0.0358086 0.62216 0.0427521 0.000240539 0.117083 0.0260083 
5.43588e-06 0.354516 0.0020826 0.325923 0.00523576 4.41529e-06 0.28983 0.0224016 
0.00465472 0.635277 0.00018143 0.0388761 0.0607726 0.000131882 0.0879685 0.172138 
0.0063056 0.141433 0.0243566 0.662561 0.0672844 0.000167679 0.0953424 0.00254961 
0.000654031 0.185036 8.73723e-07 0.2347 0.47462 1.44655e-07 0.104989 7.22175e-07 
0.000449118 0.914589 0.000589024 0.00292108 0.0248782 1.07973e-05 0.0540712 0.00249136 
0.00989782 0.0460864 0.00430085 0.264018 0.349244 0.000547108 0.306958 0.0189474 
0.197835 0.0389512 0.00132067 0.539182 0.121299 0.000130942 0.101095 0.00018625 
6.16136e-05 0.0228905 7.23558e-10 3.00523e-05 0.581708 5.13954e-10 0.392185 0.00312437 
0.0153147 0.512964 0.000603249 0.0186337 0.133763 6.0294e-07 0.278077 0.0406434 
0.00477496 0.35954 0.00184532 0.0965412 0.27678 0.000328 0.214108 0.0460826 
0.00336134 0.0593225 0.00368601 0.0419191 0.146063 2.6318e-05 0.711394 0.0342274 
0.0229869 0.109931 0.000857609 0.0486235 0.252016 0.000140161 0.564626 0.000819453 
0.000262275 0.0358793 9.29218e-05 0.0226949 0.174765 5.51718e-05 0.762823 0.00342733 
0.0257168 0.12196 0.000383192 0.697096 0.0814188 3.51926e-05 0.0481618 0.0252276 
0.0978233 0.123494 0.0552745 0.266855 0.387325 0.0013026 0.0505834 0.0173418 
6.68718e-08 0.0202155 1.10246e-11 0.00117957 0.0677811 3.91687e-12 0.910824 1.4278e-07 
0.00397737 0.133087 0.0668086 0.0663275 0.376701 2.3177e-05 0.351054 0.00202146 
0.00068379 0.076733 9.27059e-05 0.0948556 0.641218 1.43432e-05 0.183646 0.00275636 
0.0029968 0.127102 0.00013221 0.00312328 0.655185 5.10229e-06 0.155529 0.0559275 
0.0140098 0.28197 5.77245e-05 0.347575 0.294562 7.04708e-08 0.0611185 0.000707631 
4.12087e-05 0.0406976 1.8209e-12 0.00117276 0.00492412 6.46939e-13 0.00529905 0.947865 
2.7572e-06 0.403424 4.62932e-06 0.433553 0.117069 1.48181e-06 0.0274121 0.018533 
0.00859524 0.448483 0.00282591 0.222637 0.128531 0.00119787 0.174922 0.0128082 
0.00255343 0.043395 8.53302e-05 0.00613306 0.709338 6.63034e-06 0.236818 0.00167081 
0.0484666 0.165023 0.00176146 0.649276 0.0836701 0.000652185 0.041765 0.0093862 
0.0324741 0.842844 1.69619e-10 0.000941001 0.00473269 6.02631e-11 0.0650979 0.0539101 
0.000197311 0.041776 0.000558803 0.127852 0.354473 1.22403e-05 0.470578 0.00455289 
0.000228618 0.356254 0.000368248 0.383194 0.176635 2.7359e-07 0.0714251 0.0118941 
0.029405 0.0255354 0.0023894 0.0111149 0.337457 1.86096e-05 0.587179 0.00690074 
6.68718e-08 0.0202155 1.10246e-11 0.00117957 0.0677811 3.91687e-12 0.910824 1.4278e-07 
0.0279653 0.3313 0.000167984 0.0500782 0.153605 3.66871e-05 0.416862 0.0199846 
0.00321386 0.000495307 4.72157e-09 0.0119664 0.684384 3.92726e-09 0.299501 0.000439842 
0.199479 0.145972 3.08006e-05 0.447535 0.160801 5.21197e-06 0.0392574 0.00692027 
0.00225294 0.0710085 0.0333762 0.532922 0.291182 1.71033e-09 0.0692432 1.53672e-05 
0.00618296 0.143479 0.000315524 0.0916936 0.0280054 0.000281319 0.689291 0.0407513 
0.00391818 0.298312 0.000180026 0.495357 0.0465332 4.4114e-05 0.049808 0.105848 
0.00514973 0.230561 0.000632217 0.74129 0.0180851 0.000551547 0.00177949 0.00195066 
0.00552596 0.0223722 0.127526 0.371662 0.161398 0.00224855 0.299579 0.00968896 
0.0126291 0.00629123 0.00248076 0.0110452 0.405929 3.10906e-05 0.559592 0.00200105 
0.00674855 0.0686105 1.9644e-05 0.662478 0.256034 3.58319e-06 0.00610119 5.0606e-06 
0.00689146 0.0330311 0.00446366 0.0557418 0.379895 2.3102e-05 0.51348 0.00647292 
0.0035984 0.027236 0.00523072 0.571349 0.306271 0.000103907 0.0853363 0.000874877 
5.42246e-05 0.685834 5.65218e-05 0.0455629 0.0780832 5.35816e-06 0.178877 0.0115273 
0.000528975 0.698867 0.0119032 0.0279473 0.0284507 0.000302494 0.0502101 0.18179 
0.00769873 0.08917 2.28602e-07 0.87652 0.000237018 8.12187e-08 0.023814 0.00255977 
0.0138349 0.0410153 0.00777226 0.0577906 0.156795 0.000213307 0.722296 0.000282752 
0.940332 0.00340398 0.00190073 0.00116527 0.0346496 1.75987e-05 0.0182802 0.000250268 
0.00394941 0.0168587 0.000861109 0.069954 0.785288 0.000711465 0.115451 0.00692609 
0.0140597 0.00121477 0.0086633 0.0509519 0.826469 0.000641916 0.0963307 0.00166882 
0.940332 0.00340398 0.00190073 0.00116527 0.0346496 1.75987e-05 0.0182802 0.000250268 
0.000261637 0.0972 0.000142581 0.640379 0.0663523 8.72795e-05 0.194892 0.000685466 
0.0021332 0.0428525 1.86321e-07 0.000892514 0.581517 3.7801e-08 0.372451 0.000152872 
0.0140196 0.041827 0.0124319 0.247717 0.584861 0.0058033 0.0857141 0.00762546 
0.00365764 0.317491 0.00160844 0.0647473 0.250074 2.99279e-05 0.357106 0.00528583 
0.00133783 0.0577339 0.0192443 0.259179 0.532406 0.00038891 0.123624 0.00608637 
0.00842781 0.174764 2.77686e-08 0.064455 0.241156 2.68858e-08 0.510125 0.00107198 
0.566085 0.113242 0.00355195 0.0468453 0.16072 0.00106185 0.0977843 0.010709 
0.0209127 0.122087 0.0025186 0.524994 0.205189 0.00227056 0.107283 0.0147452 
0.033186 0.11321 0.000654974 0.439584 0.262856 0.000609994 0.142622 0.00727709 
0.00431919 0.138716 1.81169e-05 0.0249278 0.663046 8.66743e-06 0.163841 0.0051235 
0.000580711 0.000137643 1.50535e-05 0.302868 0.0232154 8.04677e-07 0.673176 6.3077e-06 
0.0307587 0.0153272 0.563695 0.0492648 0.250408 0.00268316 0.0825489 0.00531457 
0.0494571 0.0553605 0.000890937 0.0609842 0.702268 0.000231304 0.129847 0.000960861 
0.940332 0.00340398 0.00190073 0.00116527 0.0346496 1.75987e-05 0.0182802 0.000250268 
1.16545e-05 0.00812232 1.10681e-05 0.000389337 0.630643 3.57075e-06 0.35414 0.00667844 
0.0564417 0.308023 0.000287907 0.27127 0.199299 0.000131541 0.145011 0.0195359 
0.00422028 0.0685487 2.49948e-05 0.305737 0.573104 8.13747e-06 0.0481118 0.000244964 
0.0018298 0.0159198 1.49783e-06 0.0966596 0.0758573 6.3481e-07 0.809405 0.000326464 
0.00306548 0.452843 0.00365463 0.00527518 0.0475437 0.000322802 0.040837 0.446458 
0.0096987 0.10342 0.000359053 0.657636 0.0746841 7.96352e-05 0.152696 0.00142632 
0.0101061 0.0282045 0.0005515 0.0106105 0.290041 6.28228e-05 0.637682 0.0227415 
0.0122839 0.523189 0.00582414 0.0539022 0.0451138 0.00187546 0.177152 0.18066 
0.02779 0.0370873 0.0028013 0.014098 0.311329 0.000840195 0.593937 0.0121175 
0.00102163 0.266079 1.87155e-05 0.00935385 0.14823 5.0998e-06 0.479546 0.0957452 
0.0299148 0.0952106 3.38965e-05 0.00593486 0.688479 2.24226e-05 0.179205 0.00120001 
0.0172288 0.00406433 0.00362108 0.0238311 0.738642 9.82788e-06 0.212144 0.000459138 
0.0105587 0.267152 0.000388052 0.502419 0.128667 2.92565e-07 0.0898013 0.00101373 
0.0110522 0.375431 0.000154071 0.361554 0.178897 0.00010162 0.0544296 0.0183811 
0.106812 0.000328279 2.89399e-05 0.892602 4.44224e-05 2.54528e-05 0.000104149 5.46525e-05 
0.0461463 0.0232 0.00158154 0.465875 0.347683 0.000100741 0.11441 0.0010033 
0.0105097 0.0858394 1.74732e-05 0.0093005 0.638575 1.02702e-05 0.251884 0.00386445 
0.00120315 0.0292307 6.51878e-05 0.0163876 0.361652 2.82458e-05 0.569008 0.0224251 
0.00589849 0.020641 0.0118766 0.497194 0.234462 0.000231654 0.228769 0.000927454 
0.000719585 0.103299 0.00104159 0.43873 0.234009 3.97955e-07 0.222191 9.02835e-06 
0.0093874 0.117039 0.000368566 0.631871 0.0728893 0.000337721 0.0746812 0.0934258 
3.95967e-06 0.0287163 2.56372e-06 0.815738 0.00865267 2.42858e-06 0.14677 0.000114414 
0.000348725 0.013493 2.66233e-07 0.837011 0.115024 2.59144e-07 0.0341089 1.3783e-05 
6.68718e-08 0.0202155 1.10246e-11 0.00117957 0.0677811 3.91687e-12 0.910824 1.4278e-07 
0.00217776 0.0378344 0.00214152 0.386337 0.366394 0.000858684 0.189868 0.0143888 
0.0228562 4.59323e-05 9.91833e-07 0.134036 0.154025 1.30464e-10 0.689029 5.68424e-06 
0.000403815 0.0396798 1.99712e-06 0.000588978 0.251173 2.35055e-07 0.672918 0.0352346 
0.00293607 0.145471 0.0522221 0.507002 0.231006 0.000605092 0.0541708 0.00658638 
0.000394327 0.162211 0.756652 0.0178525 0.0223377 8.79401e-06 0.0350636 0.00548021 
2.98104e-05 0.797734 1.42475e-10 0.0999948 2.47497e-05 5.06193e-11 2.53998e-06 0.102214 
0.0111237 0.196013 0.00505412 0.0142404 0.397317 0.00393248 0.319913 0.0524066 
7.61714e-07 0.01968 5.41112e-05 0.965371 0.00972075 6.6482e-07 0.00484582 0.00032734 
0.000319312 0.043675 0.000830484 0.0140629 0.0991991 5.47268e-05 0.761086 0.0807728 
0.0805434 0.0134888 0.0233223 0.103723 0.568278 0.00153774 0.174793 0.0343143 
0.00102741 0.0115446 0.000218349 0.0275071 0.22644 0.000123063 0.702351 0.030788 
1.90024e-08 0.80729 4.20979e-07 0.151747 0.0354463 1.65852e-08 0.00018017 0.00533602 
0.026803 0.0231983 0.0145025 0.096258 0.366791 0.0021277 0.441148 0.029172 
0.00116754 0.0987058 0.00222763 0.854105 0.0124556 0.000125792 0.0310168 0.000195942 
8.60529e-07 0.00461394 3.59503e-07 0.0034632 0.128733 2.27923e-07 0.863117 7.11057e-05 
0.00168085 0.00353433 3.66821e-05 0.015307 0.867165 2.83454e-06 0.108073 0.00420043 
0.0045204 0.0218809 6.16599e-05 0.116798 0.146112 1.51022e-05 0.709334 0.00127756 
0.000326266 0.0187122 0.000202626 0.931744 0.0266568 3.07734e-07 0.0193795 0.00297816 
0.00286933 0.480958 1.03409e-05 0.0518575 0.00860801 4.51731e-08 0.357474 0.0982231 
0.280063 0.100618 0.000323571 0.0373378 0.192711 0.000118409 0.312442 0.0763866 
0.000394327 0.162211 0.756652 0.0178525 0.0223377 8.79401e-06 0.0350636 0.00548021 
9.75042e-06 0.00587737 0.275702 0.0197215 0.203036 1.01252e-06 0.495131 0.000521622 
0.000530053 0.0115687 0.000448294 0.00938686 0.883308 0.000245623 0.0791542 0.0153583 
0.000182666 0.00951699 0.00461409 0.970769 0.012199 2.40619e-05 0.00259476 9.95493e-05 
0.0419735 0.648264 0.0115761 0.0843566 0.0725387 0.00928495 0.0509883 0.0810174 
0.00440151 0.1255 9.11343e-09 0.0108166 0.221 3.23786e-09 0.638282 5.38025e-07 
0.00102825 0.0353248 1.79554e-05 0.857275 0.0582878 8.48156e-06 0.0251914 0.0228661 
0.00133556 0.747491 0.000183638 0.015461 0.0292688 6.52524e-05 0.152614 0.0535799 
0.0209834 0.0325877 5.16788e-07 0.148267 0.265084 2.00948e-07 0.533054 2.25582e-05 
0.0139107 0.213231 0.000442349 0.0696789 0.378223 1.63852e-07 0.312174 0.0123396 
1.70637e-08 0.303812 1.33359e-09 0.00395992 0.484243 4.38719e-10 0.191148 0.0168372 
0.00102428 0.00431307 0.000343567 0.506013 0.173104 7.00486e-05 0.289842 0.0252893 
0.00187351 0.104966 0.133101 0.373057 0.137814 0.000152059 0.248595 0.000441481 
0.00218642 0.00996593 0.000215813 0.0120203 0.21764 2.36817e-05 0.756825 0.00112314 
0.002882 0.19841 4.89298e-09 0.300414 0.281812 1.7384e-09 0.194419 0.0220638 
0.0183276 0.519649 0.00596533 0.145016 0.239913 0.000185124 0.0692318 0.00171251 
0.000391099 0.116381 1.96157e-06 0.00225505 0.716572 1.00812e-07 0.162183 0.00221574 
0.000394327 0.162211 0.756652 0.0178525 0.0223377 8.79401e-06 0.0350636 0.00548021 
0.00117135 0.359127 5.52825e-07 0.532426 0.0515629 2.60386e-08 0.0487611 0.00695137 
0.0209359 0.660302 0.00123343 0.143265 0.0997154 1.30036e-05 0.0515936 0.022941 
0.00187197 0.0201603 0.000644609 0.569553 0.38619 8.46243e-05 0.0146898 0.00680571 
3.52177e-05 0.0108568 3.73276e-05 0.72519 0.263148 5.41458e-07 0.00042211 0.000309714 
0.0337627 0.164365 0.000211594 0.00706911 0.00767267 5.7156e-06 0.738532 0.0483816 
0.00784853 0.162266 0.0105886 0.743527 0.0421858 0.000336978 0.023644 0.00960269 
0.00672631 0.0143267 2.17203e-05 0.000450882 0.0757822 2.14627e-05 0.885582 0.0170889 
0.000336393 0.876019 3.06427e-06 1.0894e-05 0.0316358 2.0048e-10 0.00305011 0.088945 
0.000394327 0.162211 0.756652 0.0178525 0.0223377 8.79401e-06 0.0350636 0.00548021 
9.98649e-11 0.0313668 2.45328e-10 1.09792e-06 0.0107649 8.71615e-11 0.957864 3.15288e-06 
0.0273589 0.74272 0.000330287 0.0157438 0.00651466 2.26062e-06 0.0628363 0.144494 
6.68718e-08 0.0202155 1.10246e-11 0.00117957 0.0677811 3.91687e-12 0.910824 1.4278e-07 
0.000143144 0.746673 1.29518e-05 0.00684589 0.228449 2.57359e-07 0.0172194 0.000657215 
0.0402215 0.208474 0.0168212 0.582759 0.112888 0.00359447 0.0232513 0.01199 
0.00582708 0.0644211 0.00382637 0.286734 0.355953 0.000174754 0.28092 0.00214338 
0.852179 0.103859 2.32344e-07 7.13412e-06 1.28809e-05 1.45548e-08 0.0384996 0.00544267 
3.84821e-07 0.421209 1.33449e-06 0.000792165 0.199911 6.79053e-08 0.378074 1.12706e-05 
0.0062943 0.00664506 2.96261e-05 0.0504648 0.86915 1.41701e-05 0.0641046 0.00329719 
0.0439486 0.0814657 0.0045281 0.0463287 0.121474 0.000161811 0.699026 0.00306634 
0.0300643 0.167324 0.0226873 0.645994 0.058891 0.00356043 0.0545801 0.016899 
0.000446998 0.0501551 0.00116245 0.0132207 0.0844752 7.66007e-05 0.737381 0.113081 
0.0141865 0.47463 0.00508914 0.0116213 0.0852655 4.60433e-05 0.368539 0.0406226 
0.00227839 0.0583638 0.00968978 0.784971 0.0635578 0.000133412 0.0727609 0.00824511 
0.000695624 0.120254 0.000465532 0.0140651 0.301527 2.19546e-05 0.562589 0.00038196 
1.1718e-06 0.120746 0.000287894 0.677975 0.167306 2.86598e-07 0.0151557 0.0185271 
0.000333671 0.799754 0.00125619 0.02211 0.0469817 4.07743e-08 0.107284 0.0222805 
0.00769425 0.249947 0.00012434 0.086218 0.0538175 5.94856e-05 0.56676 0.0353797 
0.107602 0.0310146 0.000100937 0.103185 0.713388 4.95773e-06 0.0442485 0.000455508 
0.00522073 0.42487 0.0135732 0.00830453 0.0272683 0.000628882 0.182322 0.337813 
0.00121782 0.0405005 0.0346108 0.415424 0.380004 0.000827825 0.101643 0.025772 
0.00993255 0.254953 0.00108276 0.556261 0.110299 2.31489e-05 0.03084 0.0366085 
0.00471951 0.381496 0.00829078 0.392011 0.0332225 0.000292038 0.165653 0.014315 
0.00193549 0.27967 0.0305664 0.509564 0.0288506 0.000114329 0.100961 0.0483382 
0.00220462 0.0277258 0.00516217 0.318264 0.46129 0.000229869 0.181943 0.00318117 
0.00609503 0.425817 0.00203501 0.0927316 0.131685 0.000475427 0.241654 0.0995068 
0.14399 0.0277584 0.00761644 0.37963 0.186492 0.00465165 0.244334 0.00552866 
0.00667034 0.00964989 0.000634146 0.0549248 0.322995 7.17895e-05 0.604772 0.000282062 
0.000328726 0.0565875 0.000929606 0.0785966 0.455888 2.03756e-05 0.400061 0.00758765 
0.0212494 0.0969625 0.00458554 0.0290819 0.398742 0.00369538 0.430611 0.0150722 
0.0110398 0.0228467 0.000314322 0.0465791 0.246648 9.29518e-05 0.668208 0.00427109 
0.00012365 0.0468493 0.000412058 0.0269844 0.14044 9.00839e-05 0.784867 0.000233227 
0.00555554 0.0182002 0.000144645 0.776293 0.0353536 6.10489e-05 0.162988 0.00140387 
0.00274726 0.201484 9.62594e-06 0.00125892 0.0154756 7.35729e-06 0.0489976 0.730019 
0.00616508 1.37073e-05 2.52941e-06 0.332433 0.19349 7.48095e-07 0.467855 3.97252e-05 
5.57021e-06 0.910087 1.33788e-06 0.00197809 0.00260644 1.61503e-08 0.00419221 0.0811292 
0.0978233 0.123494 0.0552745 0.266855 0.387325 0.0013026 0.0505834 0.0173418 
0.00724661 0.0444304 0.000398383 0.0674034 0.0218622 0.000144279 0.85821 0.000305186 
0.0163083 0.0824205 1.63072e-06 0.512815 0.185959 1.31941e-06 0.191896 0.010599 
0.00212488 0.253694 0.000451589 0.342146 0.258786 9.70488e-05 0.141136 0.00156449 
0.0998396 0.00557987 0.000101629 0.0159901 0.220214 9.32399e-05 0.654675 0.00350653 
0.000534107 0.0024569 5.44397e-05 0.938128 0.0541141 1.52191e-06 0.00470335 7.31801e-06 
6.68718e-08 0.0202155 1.10246e-11 0.00117957 0.0677811 3.91687e-12 0.910824 1.4278e-07 
0.0014028 0.034347 0.000300318 0.00970929 0.33496 0.000162521 0.589918 0.0292004 
0.0100754 0.0514375 0.00277143 0.0103242 0.0583648 8.09546e-05 0.800287 0.0666592 
0.00499287 0.0304637 4.26556e-05 0.00522572 0.391508 8.89972e-06 0.567191 0.000567587 
0.00179953 0.0133751 0.00345274 0.433888 0.079995 0.0017417 0.444207 0.0215405 
0.594221 0.0200041 0.000219299 0.0189992 0.129812 0.000125281 0.231131 0.00548892 
5.57021e-06 0.910087 1.33788e-06 0.00197809 0.00260644 1.61503e-08 0.00419221 0.0811292 
0.00263593 0.637387 0.000265292 0.0606945 0.073029 4.69118e-06 0.175069 0.0509148 
0.0103502 0.0814748 0.0129006 0.140084 0.539776 0.000696499 0.150348 0.0643699 
0.00544094 0.0327897 0.000281488 0.148512 0.407798 0.000147297 0.389959 0.0150726 
0.0115021 0.251764 0.00331243 0.359065 0.129568 0.00037233 0.141821 0.102596 
0.00163901 0.180146 0.00118694 0.438128 0.168637 0.000473972 0.198705 0.011085 
0.000335485 0.09082 0.00301023 0.884381 0.00610619 0.000131022 0.00863796 0.00657852 
0.0380498 0.0141685 0.0126105 0.0488961 0.552406 0.00234972 0.280242 0.0512774 
0.00516626 0.0582437 0.000544395 0.0177455 0.581049 3.86423e-05 0.307857 0.0293558 
0.00161216 0.124637 0.000192159 0.452046 0.377742 4.29615e-06 0.043518 0.000248757 
0.0951569 1.42037e-05 0.0184664 0.433196 0.136374 1.4201e-05 0.316765 1.42026e-05 
0.000808911 0.243182 0.000106048 0.0672209 0.482446 4.44826e-05 0.185413 0.0207776 
0.0194572 0.0527226 0.00403236 0.0467788 0.733511 0.00183524 0.132619 0.00904413 
0.000482405 0.000181723 0.000247033 0.00231512 0.981251 7.93588e-05 0.0153262 0.000117257 
0.0117349 0.71035 0.00272592 0.0415597 0.146088 0.000100443 0.0568135 0.030627 
0.550639 0.0605947 0.00651843 0.0572714 0.150035 0.000633516 0.168981 0.00532742 
0.0176477 0.10358 0.000336631 0.0366582 0.365305 0.0001549 0.437686 0.0386307 
0.0014419 0.00659127 0.000320762 0.00823332 0.40782 1.27498e-05 0.574894 0.000685855 
0.940332 0.00340398 0.00190073 0.00116527 0.0346496 1.75987e-05 0.0182802 0.000250268 
0.00866005 0.0254267 0.000258264 0.484434 0.0565953 3.7011e-05 0.400727 0.0238618 
0.00522982 0.275365 0.000430152 0.043266 0.332356 4.84567e-05 0.339957 0.00334773 
0.0033677 0.169936 0.000994881 0.62702 0.172502 0.000281215 0.020616 0.00528295 
0.00498043 0.0798307 0.000723892 0.00555039 0.189891 0.000197729 0.638822 0.0800037 
1.21874e-05 0.0130167 0.00220517 0.243923 0.247795 7.70163e-06 0.492572 0.000468349 
9.70489e-09 0.00700697 1.90451e-08 0.00111721 0.169467 4.57281e-09 0.821801 0.00060756 
0.00620383 0.123514 0.0244218 0.771558 0.0429102 0.00356522 0.0224708 0.0053563 
6.68718e-08 0.0202155 1.10246e-11 0.00117957 0.0677811 3.91687e-12 0.910824 1.4278e-07 
0.0299899 0.0618602 0.0218507 0.0149142 0.13751 0.00139599 0.724537 0.00794277 
0.0190802 0.603211 0.00863187 0.0843572 0.0487744 0.00220516 0.0944341 0.139306 
0.000541443 0.0047863 0.13379 0.17027 0.460233 0.00029785 0.22964 0.000441633 
0.0017829 0.00407922 8.21192e-05 0.0227913 0.0130271 5.88567e-07 0.955479 0.00275822 
0.00202246 0.0628834 2.54115e-05 0.0386759 0.601151 9.25677e-06 0.216541 0.0786924 
0.0140098 0.28197 5.77245e-05 0.347575 0.294562 7.04708e-08 0.0611185 0.000707631 
0.00197247 0.00587094 0.000178296 0.0120482 0.0864651 3.70949e-05 0.893373 5.45376e-05 
0.00814523 0.0220144 0.477431 0.23466 0.0183773 7.96298e-05 0.238486 0.000806602 
0.026139 0.133 0.00110429 0.0446798 0.340373 0.00108114 0.451891 0.00173171 
0.0023777 0.160813 0.0174535 0.00500944 0.202511 0.000221878 0.576853 0.0347606 
0.000829836 0.0251437 0.000108013 0.00509305 0.412908 2.72451e-05 0.550804 0.00508594 
0.00577203 0.030922 0.00143451 0.0156267 0.45426 8.92616e-05 0.477737 0.0141582 
0.0324106 0.13382 2.60784e-05 0.0659579 0.584305 6.55055e-09 0.0026365 0.180844 
0.000259908 0.0526428 7.16231e-06 0.908292 0.00246668 4.9522e-06 0.0357771 0.000549823 
0.0151266 0.057037 6.20608e-05 0.236633 0.215688 3.99167e-05 0.472849 0.00256473 
0.0027538 0.0238158 0.0462535 0.112944 0.273998 0.000647965 0.537284 0.00230249 
0.0576794 0.0280195 0.000182013 0.631814 0.196901 0.00012222 0.0711197 0.0141626 
0.00141799 0.403987 0.000772831 0.0225777 0.0804848 0.000305232 0.112399 0.378056 
7.72724e-05 0.616488 0.000219841 0.00918693 0.325052 1.46809e-07 0.0403975 0.00857791 
0.000414744 0.0861073 8.56423e-06 0.00108943 0.871598 1.07596e-06 0.0396772 0.00110356 
0.000394327 0.162211 0.756652 0.0178525 0.0223377 8.79401e-06 0.0350636 0.00548021 
0.0144586 0.31395 0.0101414 0.35173 0.173315 0.000758132 0.0928451 0.0428014 
0.00307367 0.235393 0.000432366 0.00148703 0.0429432 3.3238e-06 0.705594 0.0110738 
0.0314055 0.03227 0.000610488 0.0975923 0.382139 6.44371e-05 0.454668 0.00124994 
0.00998988 0.07231 0.0146203 0.0194895 0.313439 0.000704023 0.53413 0.0353174 
0.000314859 0.0129125 0.111468 0.0538979 0.79885 3.27679e-07 0.0223164 0.000239896 
0.00141571 0.0668896 0.000250819 0.0124942 0.725714 7.05966e-05 0.164639 0.0285259 
0.0146185 0.74558 8.28306e-05 0.0379076 0.0347494 1.2758e-05 0.16381 0.00323857 
0.000780428 0.48708 0.00306238 0.343785 0.0505027 5.20643e-05 0.0221982 0.0925388 
0.0012274 0.0373033 0.000357325 0.0774902 0.812786 1.62653e-05 0.0347647 0.0360554 
0.0105346 0.295653 0.0566615 0.216869 0.164145 0.000451463 0.207117 0.0485691 
0.00585379 0.115801 0.0873912 0.361369 0.0618585 2.7424e-05 0.313929 0.0537699 
0.00720114 0.024625 0.00909827 0.0287928 0.13113 0.000155646 0.796323 0.00267414 
0.00110611 0.0754264 0.000272168 0.0149842 0.901509 5.97766e-05 8.31752e-05 0.00655907 
0.00055568 0.000597921 0.00195145 0.00458817 0.988702 0.00010249 0.00317066 0.000331998 
0.00188026 0.0557922 0.00245862 0.829884 0.0592543 0.000173659 0.048952 0.00160456 
0.00326475 0.0884039 0.000392911 0.0416744 0.729704 2.27462e-05 0.130974 0.00556309 
0.0143162 0.0154334 0.358615 0.0767476 0.0266083 0.00447333 0.473929 0.0298775 
0.000501379 0.778146 0.0346887 0.029991 0.097588 1.39543e-08 0.0385029 0.020582 
8.02792e-07 0.0554991 0.00103528 0.904522 3.47848e-06 8.25281e-12 0.0371407 0.00179821 
0.0338888 0.189949 0.000905487 0.0418372 0.344051 0.000217227 0.265047 0.124104 
0.00850053 0.115152 0.000145898 0.0302747 0.451727 7.21954e-05 0.386201 0.00792732 
0.003494 0.0506099 7.30736e-06 0.00424961 0.269802 3.97768e-06 0.406339 0.265494 
0.605955 0.0294346 0.0203357 0.093447 0.1158 0.0089864 0.106432 0.0196092 
0.00905934 0.0173334 2.17165e-07 0.134132 0.726172 1.14055e-08 0.111463 0.00183995 
0.00852548 0.00234556 0.00031918 0.97145 0.0101236 1.45994e-05 0.00712034 0.000100777 
0.0344716 0.0624338 0.000359005 0.023393 0.186988 0.000112593 0.686313 0.0059296 
0.0102129 0.0310962 1.68856e-08 0.00124383 0.180055 4.9826e-09 0.770658 0.00673361 
0.00370558 0.435311 5.73705e-06 0.512794 0.039165 9.08254e-07 0.00866863 0.000349305 
0.00903611 1.44403e-05 5.66865e-06 0.704513 0.188453 1.35438e-06 0.0979722 3.93432e-06 
0.00289554 0.0991248 0.0013298 0.0215282 0.13247 0.000142838 0.711889 0.0306197 
0.00326475 0.0884039 0.000392911 0.0416744 0.729704 2.27462e-05 0.130974 0.00556309 
0.00487685 0.190278 0.000269129 0.0123369 0.297977 0.000217799 0.356282 0.137762 
0.0204172 0.0434348 0.00030689 0.847975 0.0290371 1.56025e-06 0.0587621 6.58176e-05 
4.12087e-05 0.0406976 1.8209e-12 0.00117276 0.00492412 6.46939e-13 0.00529905 0.947865 
2.27324e-05 0.935518 1.66626e-05 0.000259378 0.0161421 1.76782e-06 0.038224 0.00981522 
0.00569446 0.429556 0.00383568 0.418647 0.0957978 0.000104696 0.0260745 0.0202894 
0.0592961 0.101961 0.00399116 0.0941226 0.349277 0.000452754 0.37032 0.0205798 
0.0773202 0.0327581 0.00929758 0.217528 0.25849 0.00688014 0.385522 0.0122043 
0.00064859 9.13567e-05 5.0436e-08 0.030766 0.957413 1.79191e-08 0.0110796 1.11783e-06 
0.0378145 0.140158 0.00190877 0.079207 0.215164 9.61968e-05 0.456336 0.069315 
0.00604007 0.825728 0.0102035 0.0287426 0.0214706 0.000242263 0.0456536 0.0619189 
0.000225989 0.0342822 2.23927e-05 0.0179859 0.816772 1.80024e-05 0.117705 0.0129885 
0.66338 0.0467759 0.00114007 0.0114434 0.181928 1.85231e-05 0.0952077 0.000106717 
0.0023732 0.313737 0.000142558 0.0442667 0.325784 3.13618e-05 0.266654 0.0470116 
0.0020278 0.00117946 0.000259725 0.009926 0.181259 1.54748e-05 0.804239 0.00109321 
0.0247302 0.0528555 0.00522758 0.691825 0.0883566 0.00018616 0.12392 0.0128984 
6.68718e-08 0.0202155 1.10246e-11 0.00117957 0.0677811 3.91687e-12 0.910824 1.4278e-07 
0.940332 0.00340398 0.00190073 0.00116527 0.0346496 1.75987e-05 0.0182802 0.000250268 
0.000897592 0.495435 1.99163e-05 0.00160139 0.0368954 6.96671e-06 0.0761957 0.388948 
0.00160618 0.00311405 0.000306637 0.00796425 0.285699 1.98328e-06 0.700961 0.000346519 
0.00188826 0.530031 0.00300069 0.111339 0.131425 0.000166654 0.0770026 0.145146 
0.00283386 0.111834 2.66096e-08 0.26701 0.436723 7.87179e-12 0.181593 6.17611e-06 
0.0978233 0.123494 0.0552745 0.266855 0.387325 0.0013026 0.0505834 0.0173418 
0.0325339 0.00944801 0.00101485 0.0179363 0.109947 0.000517818 0.812436 0.016166 
0.0282994 0.0256089 0.00227508 0.564677 0.270981 0.000906469 0.0243986 0.0828542 
0.00979848 0.120223 0.00209886 0.398229 0.328742 0.000684348 0.07462 0.0656044 
0.005598 0.103046 0.0014356 0.0322853 0.730865 0.000313572 0.11561 0.0108472 
0.0222117 0.200597 0.000537584 0.165434 0.186746 0.000102475 0.39495 0.0294223 
0.00436782 0.147027 3.92411e-05 0.0160048 0.252673 2.11962e-05 0.569384 0.010483 
0.017453 0.170585 0.000186449 0.0158396 0.196052 0.000119592 0.45466 0.145104 
2.943e-07 0.612322 8.11961e-10 0.0107574 0.0965452 2.88478e-10 0.265258 0.0151172 
0.162281 0.139651 0.0050366 0.299379 0.206241 0.000264332 0.150141 0.0370051 
0.000412473 0.198202 3.16074e-05 0.639914 0.0876803 2.15407e-05 0.0706012 0.00313726 
0.00665875 0.701009 0.000199056 0.136611 0.0271274 0.000113064 0.0654527 0.0628283 
0.0795771 0.00717567 3.70267e-05 0.00545404 0.70413 3.6305e-05 0.179352 0.0242374 
0.0299148 0.0952106 3.38965e-05 0.00593486 0.688479 2.24226e-05 0.179205 0.00120001 
0.00997175 0.224679 0.000179298 0.45599 0.178617 1.51059e-10 0.130563 5.50729e-07 
0.00460884 0.198413 0.005416 0.560909 0.108594 3.97782e-05 0.119988 0.00203115 
0.0358009 0.101164 0.000122664 0.00246897 0.357434 8.55235e-05 0.502479 0.000444218 
0.0460297 0.27186 0.0222936 0.349941 0.206765 0.0206527 0.0220722 0.060385 
0.00147643 0.6115 0.00117267 0.0825156 0.1109 2.68967e-05 0.0884302 0.103977 
0.0108408 0.0235154 1.73103e-06 0.000733243 0.364793 1.01857e-06 0.543473 0.0566416 
0.00218664 0.169233 0.00143471 0.734751 0.0477064 0.000168007 0.0436031 0.000917317 
0.0246019 0.630869 0.0140541 0.0157575 0.0421494 0.00462476 0.114547 0.153396 
0.00319879 0.0542202 0.00502327 0.0661065 0.141125 2.12575e-05 0.725359 0.00494551 
0.000242917 0.00137315 4.17858e-05 0.889053 0.000121335 3.48003e-07 0.109105 6.22767e-05 
0.000104216 0.00208372 0.000328844 0.00893748 0.0423476 3.74751e-06 0.946113 8.14543e-05 
0.00101035 0.0198961 8.42641e-05 0.00558719 0.718665 3.63539e-05 0.239134 0.0155865 
0.000182666 0.00951699 0.00461409 0.970769 0.012199 2.40619e-05 0.00259476 9.95493e-05 
0.00253525 0.123269 0.00142068 0.0808647 0.350844 0.000129995 0.431203 0.0097339 
0.000182666 0.00951699 0.00461409 0.970769 0.012199 2.40619e-05 0.00259476 9.95493e-05 
0.00184735 0.0892109 0.0262198 0.498997 0.212841 3.29564e-05 0.130042 0.0408095 
0.00584675 0.24469 0.00520725 0.599072 0.120021 0.000116699 0.0240008 0.00104627 
0.0229011 0.147232 0.0180926 0.38179 0.343485 0.000380526 0.0634504 0.0226688 
0.000770127 0.0632917 1.41488e-05 0.424526 0.296734 1.22788e-05 0.195868 0.0187839 
7.95047e-06 0.685402 1.52456e-06 0.00194309 0.160967 6.76982e-11 0.142205 0.00947317 
0.00865058 0.43494 0.0268018 0.392286 0.0515182 0.000427636 0.0791475 0.00622824 
4.04998e-05 0.144999 0.327572 0.00472393 0.394249 2.3746e-07 0.121692 0.00672311 
1.2347e-07 0.0950183 5.98631e-10 3.63386e-05 0.235746 2.12685e-10 0.652032 0.0171663 
0.000245651 0.0658585 0.00049263 0.0443766 0.531014 0.00018575 0.304943 0.0528838 
0.0023644 0.0637614 0.0114565 0.0811267 0.671254 0.000980443 0.148298 0.0207593 
0.00755392 0.13013 0.00115656 0.154605 0.27687 0.000283665 0.311522 0.117879 
0.0266815 0.0652632 0.00112908 0.060586 0.0463223 0.00014693 0.798787 0.00108351 
0.0104941 0.292274 0.000132219 0.236472 0.275215 1.00098e-05 0.181064 0.00433758 
0.00292568 0.136085 0.000267027 0.679721 0.129686 0.000261418 0.0482588 0.0027956 
0.0145047 0.00384063 0.00441026 0.034044 0.151086 0.000501321 0.784651 0.00696243 
0.287023 0.0116321 0.000561352 0.294453 0.181235 0.000168301 0.222847 0.00208052 
0.00752722 0.0453529 0.00180126 0.227117 0.542835 0.00125124 0.160926 0.0131885 
0.0145121 0.0944176 0.00145279 0.184035 0.248555 0.000423076 0.455918 0.000686764 
0.0091022 0.138121 0.0008719 0.0173991 0.353927 2.35409e-05 0.472641 0.00791464 
0.00110349 0.645294 0.000126776 0.0532294 0.17546 8.61127e-05 0.0994898 0.0252101 
7.05031e-05 0.0567699 4.03996e-05 0.00177704 0.813736 3.72936e-05 0.0730139 0.0545552 
0.00651087 0.112575 0.00124943 0.410683 0.318762 0.000478754 0.136829 0.0129125 
0.000394327 0.162211 0.756652 0.0178525 0.0223377 8.79401e-06 0.0350636 0.00548021 
0.00338326 0.019191 0.00228336 0.128659 0.261967 0.000381941 0.581539 0.00259508 
0.00408395 0.0264172 0.000151172 0.0115406 0.0945465 3.19765e-05 0.85511 0.00811885 
0.00161443 0.0240503 1.68804e-05 0.889257 0.0613944 6.3981e-06 0.0235264 0.00013387 
0.000240333 0.0139301 0.000264779 0.905581 0.0694363 7.24212e-07 0.00890278 0.00164399 
0.000876978 0.227917 1.93682e-05 0.018508 0.0582483 9.13259e-06 0.0358188 0.658603 
0.00331022 0.272855 8.48869e-06 0.45805 0.103733 2.53751e-06 0.0625597 0.0994814 
0.00172763 0.396081 0.000197563 0.337272 0.161342 3.55686e-06 0.0849673 0.0184094 
0.00184753 0.00550855 1.85125e-05 0.0408366 0.29904 9.90289e-06 0.648907 0.00383175 
0.00576576 0.148121 0.00103791 0.413988 0.18197 0.000334187 0.0426811 0.206102 
1.06753e-05 0.510286 2.9087e-08 0.383958 0.0112963 1.03342e-08 0.0943427 0.000105953 
0.000194972 0.111493 0.00654461 0.455228 0.248006 9.81649e-05 0.177841 0.000594674 
0.00668767 0.0902745 1.7184e-06 0.72305 0.0232269 2.4006e-08 0.144194 0.0125653 
0.000689175 0.251218 0.14991 0.465357 0.0746004 0.000359406 0.0507367 0.00712951 
0.0402627 0.000148576 2.20181e-09 0.128742 0.000186504 7.8227e-10 0.830046 0.000613759 
0.0345994 0.126106 0.00204049 0.158746 0.425112 0.000702545 0.219868 0.0328251 
0.00315108 0.0418913 0.000514483 0.835947 0.0397172 0.000215488 0.0531174 0.0254455 
0.0238148 0.199533 8.53005e-06 0.0177566 0.323265 5.83637e-08 0.435495 0.000126948 
0.0212123 0.0707678 0.0113592 0.0257849 0.204795 0.0105922 0.637204 0.0182847 
0.00195661 0.506116 8.13995e-08 0.150115 0.239067 6.59401e-11 0.0927054 0.0100403 
0.00200841 0.516583 8.92718e-06 0.298438 0.0665448 1.59535e-06 0.114441 0.00197402 
0.0124053 0.0428602 0.00528032 0.729654 0.115519 0.000571526 0.0916366 0.00207295 
0.0071168 0.0998609 0.00804574 0.501846 0.347742 0.00446699 0.0180548 0.0128671 
0.0029592 0.140932 0.000470984 0.021116 0.282426 0.000133246 0.538906 0.013057 
0.000182666 0.00951699 0.00461409 0.970769 0.012199 2.40619e-05 0.00259476 9.95493e-05 
0.000902001 0.282519 0.000793376 0.448006 0.170733 0.000380878 0.0289507 0.0677147 
0.00764676 0.390257 0.016146 0.412841 0.0934952 0.000376529 0.0318981 0.0473396 
0.0024257 0.454152 6.73636e-06 0.372392 0.0332768 2.52428e-08 0.137738 8.48059e-06 
1.63841e-06 0.787821 2.14604e-05 0.0310295 0.13521 9.31827e-07 0.00977217 0.0361431 
0.0256269 0.241829 2.51359e-06 0.0955025 0.1903 3.82659e-08 0.43035 0.0163887 
0.00336972 0.495352 0.000145414 0.0750433 0.204896 3.73841e-05 0.198833 0.0223233 
0.000315679 0.788215 0.00077763 0.116619 0.0570742 2.43295e-05 0.0249077 0.0120667 
0.00253743 0.148609 8.62189e-07 0.00563439 0.192289 5.28819e-07 0.650058 0.000870748 
0.00819025 0.358024 0.0288297 0.0310803 0.0515927 0.000435874 0.116429 0.405418 
0.0196257 0.0645839 0.101082 0.171329 0.076543 8.43605e-05 0.566089 0.000664171 
0.940332 0.00340398 0.00190073 0.00116527 0.0346496 1.75987e-05 0.0182802 0.000250268 
0.0119207 0.438547 0.0113221 0.336749 0.019675 0.00126265 0.147952 0.032572 
6.93964e-05 0.142274 2.55165e-08 0.0039871 0.322317 5.17296e-12 0.530317 0.00103495 
0.040609 0.0195895 0.794773 0.109044 0.0207341 7.03536e-06 0.0121985 0.00304484 
0.00472447 0.0560681 0.000106895 0.0486956 0.679845 8.2451e-05 0.200332 0.0101462 
0.0287947 0.116258 0.00171097 0.136898 0.382595 0.00025348 0.296337 0.0371535 
0.000421984 0.22651 0.000145859 0.00667264 0.0214125 7.23331e-05 0.0169526 0.727812 
5.09149e-11 0.934868 1.25078e-10 0.0144003 0.0264937 4.44383e-11 0.024238 1.32033e-07 
0.0858186 0.0291252 0.00011512 0.0197077 0.223014 5.91668e-05 0.630298 0.0118616 
0.00260903 0.0199606 0.00798833 0.266892 0.0708011 0.000266693 0.608871 0.0226114 
0.0481062 0.227102 0.00713175 0.482564 0.12693 0.000215708 0.104286 0.00366345 
0.0137007 0.522246 0.0141239 0.0121959 0.0562227 0.000348536 0.268944 0.112217 
0.00244151 0.0064586 9.11905e-05 0.0414407 0.277041 4.0528e-05 0.659557 0.0129295 
0.0248723 0.167476 7.13506e-05 0.0533392 0.0615826 1.47456e-05 0.659527 0.0331168 
