0.0107811 0.644352 0.00151667 0.0117089 0.0394656 0.000228118 0.0857963 0.206152 
0.0180686 0.0497986 0.00205686 0.158595 0.33217 0.000564344 0.426707 0.0120404 
0.0026291 0.675153 0.0102531 0.0236442 0.0620703 4.86862e-05 0.174131 0.0520706 
0.0155034 0.0790851 0.00114605 0.0106186 0.225405 0.000468529 0.633649 0.0341241 
0.0219021 0.0836837 0.11579 0.0599706 0.232149 0.00667891 0.468149 0.0116767 
0.0110398 0.0228467 0.000314322 0.0465791 0.246648 9.29518e-05 0.668208 0.00427109 
0.00814523 0.0220144 0.477431 0.23466 0.0183773 7.96298e-05 0.238486 0.000806602 
0.00301001 0.000258942 0.000701375 0.0127435 0.0255007 3.19814e-09 0.957737 4.87705e-05 
0.00679665 0.0977295 0.000407317 0.0261543 0.597665 0.000117095 0.25731 0.0138206 
0.00576285 0.0815082 0.0262275 0.206666 0.49458 0.0055204 0.163101 0.0166345 
0.0292231 0.0782412 0.00452944 0.0199972 0.315335 0.00116473 0.519999 0.0315111 
0.002848 0.712181 0.000628967 0.0165151 0.035758 1.25149e-05 0.0716652 0.160391 
5.44362e-05 0.0776019 5.45684e-05 0.109712 0.130007 3.05229e-06 0.682559 7.80695e-06 
0.000182666 0.00951699 0.00461409 0.970769 0.012199 2.40619e-05 0.00259476 9.95493e-05 
0.000372443 0.00222648 2.84533e-05 0.995367 0.00017548 1.0109e-05 0.000400545 0.00141986 
0.0211896 0.0451996 0.000181138 0.431783 0.126195 0.00010273 0.365003 0.0103468 
0.0835588 0.171289 0.00957521 0.0961748 0.418026 0.0022949 0.141414 0.0776682 
0.0110711 0.0298153 0.0242357 0.486274 0.296284 5.89007e-05 0.15176 0.000501282 
0.000123034 0.00196375 4.52224e-05 0.0115404 0.037468 3.87962e-05 0.948136 0.000684792 
0.0218292 0.042456 0.0252703 0.0617531 0.357625 0.0077476 0.4439 0.0394184 
0.0353683 0.214011 0.000465834 0.0866818 0.159576 5.39247e-05 0.415517 0.0883263 
1.56413e-06 0.187505 0.00841986 0.781745 0.0176837 3.15484e-07 0.00118271 0.00346232 
0.00279719 0.263835 0.000541111 0.465952 0.160788 8.02037e-06 0.0445172 0.0615609 
0.00542828 0.0490446 0.0904598 0.492907 0.102915 0.000755006 0.254293 0.00419744 
0.00103435 0.054528 0.0114167 0.0383316 0.307202 7.13816e-05 0.586352 0.00106393 
0.00153623 0.0490576 0.00197771 0.474227 0.283043 0.000610946 0.15531 0.0342378 
0.00220859 0.506256 6.42744e-07 0.0018398 0.00267177 2.18192e-07 0.227099 0.259923 
0.0232625 0.270169 0.0015824 0.239409 0.161805 0.000977505 0.297328 0.00546546 
1.05607e-05 0.377428 0.000145122 0.313038 0.136348 2.08683e-07 0.172381 0.000649346 
0.0024801 0.12604 0.000772884 0.712942 0.133212 0.000261128 0.0123222 0.0119694 
0.0567154 0.225323 0.0345546 0.0542322 0.0298181 0.0024062 0.554256 0.0426942 
0.0299012 0.281306 0.000442166 0.135234 0.361466 4.35139e-05 0.189629 0.00197725 
0.0131605 0.0661015 0.0059963 0.168488 0.0708916 0.000107009 0.659177 0.0160782 
0.00125137 0.165222 0.000818887 0.743574 0.0748996 1.72069e-05 0.00904272 0.00517394 
0.0607388 0.107756 0.0662582 0.383413 0.139556 0.000296242 0.149027 0.0929551 
0.00116799 0.22355 4.95539e-05 0.167432 0.179575 3.92566e-06 0.427348 0.000873416 
0.00136603 0.00438823 7.08034e-05 0.951866 0.0349712 7.03411e-07 0.0068642 0.000472371 
0.0121751 0.0374814 0.000288445 0.0435417 0.253718 8.51275e-06 0.65266 0.000127143 
0.00799619 0.11214 0.600273 0.015971 0.0584158 0.000489759 0.183951 0.0207628 
0.112364 0.142878 0.000598233 0.4099 0.182275 0.000177164 0.142301 0.00950698 
0.000214751 0.218239 3.39408e-05 0.652893 0.0485113 2.24173e-06 0.0795691 0.000536233 
3.97005e-05 0.502526 3.63141e-05 0.00553169 0.350018 1.58277e-06 0.131169 0.0106773 
0.0185986 0.034905 0.000160371 0.0281809 0.749925 7.19541e-05 0.159131 0.00902694 
0.00892296 0.117297 0.0128849 0.0404067 0.744241 0.000170488 0.0723349 0.00374188 
1.43118e-05 0.0392371 0.00212836 0.00746896 0.00065834 2.15738e-08 0.950481 1.18909e-05 
0.0079637 0.107277 0.000143898 0.050716 0.741199 3.98681e-05 0.089587 0.00307318 
0.0388803 0.0462436 0.000688943 0.346567 0.281446 0.00031871 0.216315 0.0695413 
0.00778656 0.0387571 0.00195422 0.145985 0.375446 0.000403556 0.429046 0.000621301 
0.00179953 0.0133751 0.00345274 0.433888 0.079995 0.0017417 0.444207 0.0215405 
0.00531266 0.0146801 4.40286e-05 0.00233782 0.653689 3.33918e-05 0.316341 0.00756217 
2.2052e-06 0.00498001 1.80749e-08 0.66737 7.83439e-05 6.42173e-09 0.327567 1.53894e-06 
0.00174632 0.369019 0.000739325 0.0155134 0.457617 6.9168e-06 0.124543 0.0308142 
0.00822422 0.28438 0.00745952 0.143019 0.34923 0.000470065 0.156023 0.0511941 
0.00174727 0.0126028 0.000194668 0.019279 0.386089 8.21099e-08 0.578616 0.00147121 
3.16077e-05 0.313106 2.08584e-05 0.406621 0.089538 9.35088e-07 0.0951937 0.0954874 
0.00140581 0.11484 0.000269788 0.0396965 0.733931 1.66212e-05 0.0922739 0.0175666 
0.0110398 0.0228467 0.000314322 0.0465791 0.246648 9.29518e-05 0.668208 0.00427109 
0.0134278 0.172943 0.00110698 0.564773 0.211279 0.000115691 0.0321535 0.00420034 
0.0126291 0.00629123 0.00248076 0.0110452 0.405929 3.10906e-05 0.559592 0.00200105 
0.00287123 0.00955574 5.05162e-05 0.563114 0.186786 1.51467e-05 0.237564 4.36533e-05 
0.00447106 0.22701 9.53376e-06 0.0552205 0.594682 7.13983e-06 0.117106 0.00149347 
0.00262007 0.184859 5.0303e-05 0.00330444 0.034178 2.4475e-05 0.079074 0.695889 
0.00778322 0.105379 0.00869557 0.570887 0.0861158 4.96015e-05 0.220599 0.000490194 
0.00208091 0.0599831 6.26223e-05 0.272961 0.12553 3.18182e-05 0.538511 0.000838804 
0.000307463 0.529442 0.0558836 0.165394 0.0737803 0.000123567 0.161525 0.0135442 
0.00279373 0.314119 0.000666858 0.160491 0.196376 0.000225977 0.322182 0.0031456 
0.00509321 0.165112 0.0056715 0.559872 0.0723479 0.000193699 0.0113859 0.180323 
0.00531968 0.0571135 0.146447 0.425335 0.110135 0.000268679 0.254687 0.000693697 
0.00616482 0.0709515 0.00492229 0.0432389 0.813903 0.000198605 0.0578068 0.00281371 
0.0305307 0.0750583 0.000236263 0.0549597 0.259122 7.17169e-05 0.541199 0.0388219 
0.00128939 0.0311321 0.00717268 0.511067 0.380362 0.000331859 0.0520117 0.0166336 
8.57316e-06 0.898286 3.5928e-07 0.00870602 0.0516644 1.38066e-07 0.00487858 0.0364563 
0.00238538 0.296492 0.00309935 0.451659 0.102071 0.000347007 0.0959956 0.0479503 
0.0180318 0.289357 2.89234e-08 0.0284937 0.122904 1.58281e-11 0.280816 0.260398 
0.0105329 0.130334 0.00126619 0.0495625 0.0473799 5.75562e-07 5.7569e-07 0.760924 
1.87306e-08 0.0947907 1.3857e-08 0.000322616 0.713642 3.19811e-09 0.18794 0.00330399 
1.0418e-09 0.000244131 2.5593e-09 4.59191e-06 0.969589 9.09281e-10 0.0301283 3.3853e-05 
0.00687836 0.0117292 0.00361008 0.0216915 0.267368 0.000170148 0.684514 0.00403808 
3.43125e-06 0.111958 9.63519e-06 0.841984 0.039315 1.01132e-06 0.00663021 9.85531e-05 
0.00669486 0.371874 0.00307677 0.34286 0.150316 0.000287452 0.0931864 0.0317038 
0.00105139 0.153832 0.019632 0.405209 0.212979 0.000854487 0.151338 0.0551047 
0.00871737 0.342336 1.96095e-06 0.0100457 0.0147801 8.83432e-08 0.56083 0.0632893 
0.00635825 0.100365 0.549176 0.0306411 0.203237 0.000484935 0.106632 0.00310563 
0.0287947 0.116258 0.00171097 0.136898 0.382595 0.00025348 0.296337 0.0371535 
0.0620326 0.013737 0.000690375 0.716228 0.144512 0.000340008 0.0572395 0.00522071 
0.00832311 0.111113 0.0052117 0.0544867 0.19374 0.00275695 0.617645 0.0067234 
0.00834444 0.00649087 1.08962e-05 0.012161 0.133277 7.52359e-06 0.836915 0.00279335 
6.68718e-08 0.0202155 1.10246e-11 0.00117957 0.0677811 3.91687e-12 0.910824 1.4278e-07 
0.0108855 0.0189268 0.00311875 0.0205739 0.133972 1.83959e-06 0.812318 0.000203503 
0.0216908 0.0922715 0.00745726 0.012686 0.2434 0.00369737 0.587148 0.0316487 
0.0188251 0.0885975 0.00279955 0.231911 0.395422 0.000661117 0.253461 0.0083222 
0.0272003 0.0955741 0.00269571 0.51132 0.0893722 0.00048184 0.270802 0.00255451 
0.000138183 0.0500354 2.80781e-05 0.213688 0.122131 3.76771e-06 0.612125 0.00185105 
0.190285 0.164593 0.00114699 0.0206367 0.147368 0.000205868 0.418978 0.0567871 
0.00706554 0.363496 0.000220716 0.399674 0.135605 9.18279e-06 0.013089 0.08084 
0.0154422 0.55384 0.00186036 0.0872248 0.0996326 0.000331739 0.111469 0.1302 
0.00255343 0.043395 8.53302e-05 0.00613306 0.709338 6.63034e-06 0.236818 0.00167081 
0.0246669 0.0884379 0.00494105 0.166487 0.182727 0.000274486 0.464039 0.0684261 
0.0116912 0.289552 0.00272998 0.423869 0.0699246 0.000618828 0.186615 0.0150003 
0.00385596 0.0266725 0.0260289 0.142312 0.766843 0.00101911 0.0257941 0.0074747 
0.0417161 0.0181386 0.0143932 0.0763015 0.476193 0.00045777 0.372166 0.000634681 
0.000361224 0.204628 5.27992e-09 0.0389829 0.560705 3.73328e-09 0.173673 0.0216498 
4.04998e-05 0.144999 0.327572 0.00472393 0.394249 2.3746e-07 0.121692 0.00672311 
0.0388387 0.0370353 0.0138059 0.308393 0.257797 0.000164784 0.311963 0.0320022 
0.0154977 0.0943556 0.00588126 0.0553573 0.315459 0.00544348 0.361288 0.146718 
0.0411872 0.300229 0.00135611 0.330044 0.175784 0.000914723 0.148768 0.00171743 
0.00730035 0.013921 0.000585302 0.0142786 0.24966 0.000384224 0.704968 0.00890222 
0.00776653 0.283881 0.00490495 0.328069 0.174207 8.26852e-05 0.179348 0.0217407 
0.0170551 0.56157 0.0518522 0.174576 0.0912834 0.0002413 0.0977416 0.00568073 
0.00962858 0.119846 0.00147236 0.061113 0.351174 0.00107139 0.413453 0.0422422 
0.000810813 0.140262 1.46856e-05 0.623302 0.058105 1.29563e-05 0.147093 0.0303998 
0.0265948 0.113662 0.00262194 0.0736839 0.301214 0.000121008 0.453649 0.0284546 
0.0974457 0.192529 0.0498429 0.163528 0.21325 0.000800143 0.177706 0.104897 
0.147189 0.12017 0.0543185 0.24847 0.105625 0.00161247 0.313571 0.00904329 
0.0167879 0.51707 0.0119611 0.201684 0.0618803 0.0001483 0.184054 0.00641432 
0.0219221 0.0776197 0.00017674 0.0132439 0.714955 7.73063e-05 0.170077 0.00192846 
0.0015888 0.426284 0.00998461 0.0699445 0.214212 0.000438038 0.272744 0.0048037 
0.0160953 0.742662 5.61407e-06 0.217167 0.0147311 8.12812e-08 0.00588731 0.0034516 
0.000182666 0.00951699 0.00461409 0.970769 0.012199 2.40619e-05 0.00259476 9.95493e-05 
2.23642e-05 0.147217 1.29434e-06 0.00127279 0.00259245 5.89116e-07 0.0252739 0.823619 
0.00658827 0.0790691 0.000993865 0.0304639 0.406841 0.000161483 0.438673 0.0372092 
0.013609 0.0209499 0.000461804 0.0127378 0.57658 7.84874e-05 0.361088 0.0144957 
0.00783347 0.0236872 0.000962579 0.887194 0.026181 0.000657628 0.0270176 0.0264669 
0.000409221 0.001272 0.000223466 0.0117309 0.00279302 0.000201491 0.983063 0.000307329 
0.0027891 0.566295 4.62585e-07 0.00252334 0.0136234 4.3983e-10 0.207261 0.207508 
0.0232987 0.287424 0.00235489 0.262372 0.224213 0.000989248 0.0593069 0.140041 
0.00302639 0.0123894 0.00020283 0.0197403 0.568819 0.000120949 0.395266 0.000434451 
5.7239e-06 2.12525e-06 2.53743e-06 0.571901 0.24718 3.86509e-07 0.180908 6.40812e-07 
0.0479339 0.126424 0.00088308 0.526404 0.223126 0.000314603 0.0389365 0.0359775 
0.00335911 0.0779738 0.000638678 0.31319 0.340555 6.9651e-05 0.12115 0.143064 
0.00550986 0.0809254 0.000531772 0.00827671 0.143502 0.000109405 0.740193 0.0209515 
0.00870158 0.253678 0.000488006 0.0129063 0.433854 0.000100219 0.288816 0.00145546 
0.0087213 0.51183 0.00422422 0.0331283 0.058937 0.00012224 0.0641128 0.318924 
0.00746377 0.261434 4.06167e-05 0.0609497 0.156179 1.17451e-05 0.50792 0.00600108 
0.00113158 0.245399 0.000122209 0.428503 0.156349 9.62886e-05 0.0137198 0.154679 
0.00159226 0.0589453 4.54885e-06 0.0139465 0.374579 7.24856e-07 0.548497 0.00243508 
0.000244317 0.864115 6.46522e-08 0.00412585 0.048721 6.56257e-09 0.024803 0.0579905 
0.00123682 0.0338354 0.0393195 0.688036 0.0549249 0.000822169 0.180976 0.000849324 
0.00396024 0.0682642 0.000444005 0.103172 0.727651 0.000136156 0.089367 0.00700484 
3.95967e-06 0.0287163 2.56372e-06 0.815738 0.00865267 2.42858e-06 0.14677 0.000114414 
7.71481e-05 0.114394 9.28555e-05 0.60261 0.0660943 1.46974e-06 0.212766 0.00396388 
0.00292043 0.185674 5.4476e-09 0.205021 0.19621 1.93545e-09 0.134386 0.275788 
0.00360397 0.0518861 0.00121541 0.0725191 0.5321 9.48435e-05 0.336354 0.00222588 
0.000567767 0.0936317 0.00251449 0.230998 0.295583 0.000334609 0.363218 0.0131516 
0.00993938 0.206498 0.0154249 0.183869 0.194058 0.00798792 0.336398 0.0458252 
0.0078306 0.0707999 0.0317226 0.0462581 0.334198 0.00121309 0.496143 0.0118344 
0.00876646 0.158841 0.000649185 0.0867796 0.365129 0.000458819 0.340784 0.0385925 
1.23746e-07 0.00178217 0.000121462 0.997085 1.67532e-07 1.30111e-11 0.000943768 6.78055e-05 
0.000401784 0.0214278 4.64016e-06 0.00256963 0.183475 3.56254e-06 0.0301546 0.761963 
0.129707 0.00396484 0.00043248 0.09081 0.583602 0.000186439 0.190834 0.000463215 
0.000523832 0.00860497 0.000967 0.133888 0.546973 0.0002351 0.308464 0.000344284 
0.00782812 0.312195 0.0713878 0.0949249 0.0472201 0.00102259 0.15771 0.307711 
0.00656442 0.426127 0.00282961 0.0782589 0.138254 0.00262361 0.327655 0.0176871 
0.0063714 0.00894336 0.000121086 0.0647616 0.785511 3.35369e-05 0.0552506 0.0790072 
0.000449568 0.13035 0.000454464 0.346473 0.260983 0.000289331 0.166381 0.0946206 
0.00717611 0.0166373 0.000594059 0.0332592 0.906574 0.0004984 0.0224736 0.012787 
0.00307732 0.0290879 0.00547576 0.72743 0.134612 0.000648672 0.0973836 0.00228545 
0.00222584 0.0251684 0.0194566 0.789211 0.0493829 0.00011318 0.111184 0.00325826 
0.00141799 0.403987 0.000772831 0.0225777 0.0804848 0.000305232 0.112399 0.378056 
0.0260913 0.0506915 0.00136186 0.27024 0.446811 0.000590418 0.196352 0.00786112 
0.0757262 0.0438897 0.0114464 0.171641 0.491116 0.00708134 0.157647 0.0414527 
0.0188895 0.692973 1.5287e-05 0.126788 0.0956229 1.0467e-07 0.0578028 0.00790833 
0.00307987 0.0361399 0.000170292 0.0123643 0.499275 8.54857e-05 0.446042 0.00284314 
0.474746 0.0427723 7.66852e-05 0.0627837 0.153735 2.1395e-06 0.262363 0.00352134 
0.00874777 0.0974996 0.0478974 0.148545 0.538183 0.00170198 0.151747 0.00567918 
0.0022867 0.0071888 0.201566 0.244004 0.361016 0.00122801 0.170438 0.0122727 
0.0351288 0.00128617 8.25467e-08 0.0626748 0.343738 6.85326e-08 0.557172 1.43588e-07 
0.000516816 0.0743119 2.60323e-05 0.0160242 0.590597 1.61123e-05 0.317028 0.0014799 
0.020811 0.00401403 0.000269393 0.0090207 0.284579 0.00011779 0.67714 0.00404809 
0.0030367 0.0227156 0.000265246 0.0740884 0.770045 0.000243698 0.0825381 0.0470667 
0.0125436 0.501001 0.020368 0.281912 0.0884065 0.000856714 0.0937337 0.0011786 
0.0137003 0.24242 0.000626379 0.115178 0.314796 0.000223259 0.306097 0.00695903 
0.00176786 0.0793902 5.13793e-05 0.00552322 0.201052 1.02795e-05 0.710546 0.00165866 
0.000492815 0.301847 0.00010793 0.678764 0.00162166 2.02769e-05 0.0165551 0.000591619 
0.00109226 0.0809856 2.56383e-05 0.00648626 0.908747 1.0814e-05 0.00131206 0.00134039 
0.000291683 0.0880768 0.000177716 0.0882777 0.338274 0.00017751 0.484545 0.000180093 
0.00218678 0.187737 0.000414723 0.400439 0.242822 0.000370341 0.0773105 0.0887208 
0.00152604 0.30837 6.78355e-11 0.1478 0.330128 2.4101e-11 0.209672 0.00250391 
0.000829836 0.0251437 0.000108013 0.00509305 0.412908 2.72451e-05 0.550804 0.00508594 
1.56141e-07 0.201187 1.22239e-06 0.666406 0.0652179 4.25738e-11 0.067188 3.05479e-07 
0.31783 0.0275144 3.05361e-08 0.00359569 9.77873e-06 1.0849e-08 0.651048 2.55373e-06 
0.0662541 0.0393273 1.16524e-06 0.290052 0.151942 3.44864e-07 0.452405 1.82392e-05 
0.0156578 0.111055 0.0303079 0.528989 0.233836 0.000227188 0.0520266 0.0278999 
0.000223041 0.0385335 0.00650456 0.0217302 0.280359 3.87922e-06 0.652549 9.67748e-05 
0.00102428 0.00431307 0.000343567 0.506013 0.173104 7.00486e-05 0.289842 0.0252893 
0.000384101 0.237354 0.000217675 0.433692 0.186349 0.000200843 0.0760257 0.0657769 
0.0127381 0.104045 0.000890274 0.648534 0.209172 2.93013e-05 0.0211484 0.0034428 
0.0163061 0.135251 5.16315e-05 0.436946 0.243639 1.70603e-05 0.166323 0.00146765 
0.00283115 0.324379 0.000374114 0.0408752 0.397402 0.000236024 0.200208 0.0336939 
1.66886e-05 0.316403 2.85122e-07 0.450386 0.174575 1.02454e-07 0.0582495 0.000369454 
0.016684 0.0995085 0.00820044 0.0631403 0.329339 0.00183649 0.463873 0.0174178 
0.00174632 0.369019 0.000739325 0.0155134 0.457617 6.9168e-06 0.124543 0.0308142 
6.1661e-09 8.14977e-06 1.51477e-08 0.000548553 0.999077 5.38174e-09 0.000365578 5.08955e-07 
0.00572592 0.0655677 0.000714711 0.00666344 0.021803 9.62993e-05 0.778332 0.121096 
0.00764345 0.435531 0.00168912 0.154749 0.128755 1.5082e-05 0.122489 0.149128 
0.00833692 0.00786869 0.0035846 0.113941 0.240451 0.000381038 0.623309 0.00212782 
0.00170007 0.0535842 0.0202891 0.431724 0.249656 0.00102537 0.208745 0.0332763 
0.000725083 0.0891141 1.93234e-05 0.0109043 0.678586 1.17915e-05 0.205018 0.015622 
6.16328e-07 0.352916 0.000428924 0.312838 0.285175 4.99521e-07 0.0407943 0.00784679 
0.0218629 0.0481542 0.0190786 0.197366 0.360441 0.000691662 0.295002 0.0574032 
0.0173303 0.585829 0.00818353 0.0209752 0.0366746 7.34718e-05 0.267343 0.0635902 
0.0161699 0.503876 0.0189842 0.0578833 0.0568605 0.000865899 0.301398 0.0439628 
0.000717146 0.0381433 0.000145253 0.0386312 0.145372 7.70286e-06 0.776894 9.02032e-05 
0.0101431 0.0266054 0.000364101 0.0221467 0.642492 0.000118737 0.28791 0.0102194 
0.00174383 0.144183 0.00524455 0.302954 0.21561 0.000964193 0.316588 0.012713 
0.0273589 0.74272 0.000330287 0.0157438 0.00651466 2.26062e-06 0.0628363 0.144494 
0.000143144 0.746673 1.29518e-05 0.00684589 0.228449 2.57359e-07 0.0172194 0.000657215 
0.0149042 0.0423924 0.000271949 0.0576299 0.0847622 0.000215714 0.788039 0.0117843 
0.0398617 0.174317 0.0279118 0.0356897 0.614451 0.000123278 0.086913 0.0207325 
0.00351753 0.0809053 0.00100718 0.259092 0.508065 0.000518634 0.131438 0.0154556 
0.0195795 0.140546 0.00543063 0.170292 0.289614 0.000243742 0.344425 0.0298686 
0.0254248 0.12549 0.00580013 0.176542 0.208637 0.00286581 0.416969 0.0382711 
0.279772 0.130982 0.00526097 0.154431 0.119915 0.000206573 0.302106 0.00732625 
0.000262275 0.0358793 9.29218e-05 0.0226949 0.174765 5.51718e-05 0.762823 0.00342733 
0.000819794 0.3417 7.56423e-05 0.552579 0.0729111 3.20096e-07 0.0298893 0.0020255 
2.39842e-08 0.31047 0.014212 0.384245 3.74138e-05 2.09333e-08 0.291028 7.85131e-06 
0.0062943 0.00664506 2.96261e-05 0.0504648 0.86915 1.41701e-05 0.0641046 0.00329719 
7.68186e-05 0.158113 0.0305391 0.30502 0.134517 2.26682e-05 0.371145 0.000565853 
0.0165956 0.0316646 0.016666 0.0474012 0.109786 0.000548217 0.762384 0.0149541 
0.0439486 0.0814657 0.0045281 0.0463287 0.121474 0.000161811 0.699026 0.00306634 
0.00238723 0.205025 0.000770171 0.39884 0.0718764 1.36602e-07 0.321097 4.05888e-06 
0.00542221 0.0108403 0.259293 0.0201199 0.402925 0.00070759 0.0529152 0.247777 
0.0978233 0.123494 0.0552745 0.266855 0.387325 0.0013026 0.0505834 0.0173418 
0.0143162 0.0154334 0.358615 0.0767476 0.0266083 0.00447333 0.473929 0.0298775 
0.0126291 0.00629123 0.00248076 0.0110452 0.405929 3.10906e-05 0.559592 0.00200105 
0.00134068 0.826322 0.000880453 0.0520674 0.0292958 0.000847692 0.0292963 0.0599495 
0.00471951 0.381496 0.00829078 0.392011 0.0332225 0.000292038 0.165653 0.014315 
0.00302338 0.347524 0.000217706 0.0227309 0.0786573 3.61484e-05 0.506873 0.0409379 
0.0703233 0.321241 0.0897633 0.199968 0.147497 0.000711439 0.162547 0.00794884 
4.40806e-07 3.32679e-06 1.54477e-09 0.000664379 0.0689898 5.48834e-10 0.930341 1.46108e-06 
0.000515306 0.160305 0.00212073 0.587387 0.206699 0.000174599 0.0363389 0.00645909 
0.0214553 0.00488021 0.00182889 0.0313642 0.142284 0.000501129 0.794039 0.00364687 
0.00235525 0.684307 0.000122219 0.00822949 0.0326876 2.165e-05 0.118645 0.153632 
0.00280193 0.0579845 0.0249387 0.105464 0.661618 0.00127875 0.141211 0.00470347 
0.291944 0.0125848 0.0163101 0.273233 0.0396351 0.000210911 0.36585 0.000231343 
0.000477567 0.0137602 1.11529e-06 0.0518172 0.23692 5.87074e-07 0.696911 0.000112157 
0.0602496 0.196146 0.00109274 0.491767 0.136118 9.57911e-05 0.114253 0.000278129 
0.000753595 0.866156 1.95873e-06 0.00059015 0.0228186 1.17578e-07 0.0397657 0.0699143 
0.00540575 0.055786 0.0516845 0.366945 0.254581 0.000288202 0.255243 0.0100661 
0.0034815 0.0374044 0.0246902 0.207608 0.663133 0.000500039 0.0586867 0.00449641 
0.00790409 0.162474 0.000429294 0.0358526 0.335801 0.000421638 0.413753 0.0433652 
0.0998396 0.00557987 0.000101629 0.0159901 0.220214 9.32399e-05 0.654675 0.00350653 
0.0821941 0.0591586 0.000830453 0.035839 0.300155 0.000652572 0.498569 0.0226007 
0.000446998 0.0501551 0.00116245 0.0132207 0.0844752 7.66007e-05 0.737381 0.113081 
0.0292316 0.242518 0.000166647 0.602037 0.108817 4.34023e-08 0.0165773 0.000651994 
0.0243169 0.0781475 0.000162775 0.00561673 0.596459 7.98592e-05 0.290872 0.00434487 
0.00755099 0.0124836 0.0804518 0.00512708 0.449705 0.00101864 0.422414 0.0212481 
0.0154977 0.0943556 0.00588126 0.0553573 0.315459 0.00544348 0.361288 0.146718 
0.00416441 0.0238811 0.110234 0.480583 0.315547 0.00124693 0.0589916 0.00535289 
0.73994 0.00879806 8.43531e-05 0.00068607 0.00922227 1.1555e-05 0.23614 0.00511768 
0.0305757 0.13213 0.00304126 0.351579 0.12045 0.00290278 0.31928 0.0400413 
0.260709 0.050556 0.559251 0.0586161 0.0289482 0.00104545 0.0352747 0.00559942 
0.00400193 0.0880566 0.000187854 0.00287298 0.893232 4.52127e-05 0.00661981 0.00498353 
0.000319312 0.043675 0.000830484 0.0140629 0.0991991 5.47268e-05 0.761086 0.0807728 
1.55923e-05 0.156298 1.72533e-09 0.79818 0.0455002 6.12982e-10 4.54803e-06 1.13531e-06 
0.00326475 0.0884039 0.000392911 0.0416744 0.729704 2.27462e-05 0.130974 0.00556309 
0.0038322 0.636328 0.00228375 0.272693 0.0553976 4.45471e-07 0.0227164 0.00674773 
0.00450209 0.028874 0.00306872 0.10156 0.19058 5.17884e-05 0.669656 0.00170739 
0.017933 0.00434897 0.000487444 0.0249884 0.446718 0.000476132 0.501926 0.00312192 
0.000236114 0.348577 8.42044e-05 0.373716 0.0751987 2.21055e-08 0.199547 0.00264078 
0.00123614 0.0387186 0.00387729 0.734743 0.0538925 1.92924e-05 0.167437 7.6089e-05 
0.011791 0.622577 0.00359777 0.059839 0.103779 0.00300911 0.112395 0.0830121 
0.0160012 0.0237255 0.000331352 0.0176424 0.533646 0.000217766 0.396871 0.0115644 
0.0356762 0.174406 0.00361844 0.583519 0.0959657 0.000211176 0.100998 0.0056053 
0.0959102 0.0541553 1.61444e-07 0.0529836 0.393597 4.18236e-08 0.272029 0.131325 
0.00515166 0.0255923 0.000484076 0.0302837 0.115267 2.43007e-05 0.822792 0.000404596 
0.00344843 0.00553005 0.0011542 0.76841 0.100739 9.13079e-05 0.119986 0.000641091 
0.00895202 0.115264 0.000187377 0.501898 0.122821 1.14959e-05 0.20807 0.0427967 
0.030402 0.27883 0.000780813 0.360158 0.198076 0.000422833 0.0733192 0.0580114 
0.0014419 0.00659127 0.000320762 0.00823332 0.40782 1.27498e-05 0.574894 0.000685855 
0.0102129 0.0310962 1.68856e-08 0.00124383 0.180055 4.9826e-09 0.770658 0.00673361 
0.0985704 0.0356254 0.0029393 0.0824796 0.101904 0.00151081 0.65316 0.0238107 
0.0212502 0.00975106 0.00781341 0.0336874 0.142599 0.0018963 0.777796 0.00520618 
0.00858061 0.64717 0.00321437 0.052391 0.0842343 0.000304621 0.133404 0.0707007 
0.00499287 0.0304637 4.26556e-05 0.00522572 0.391508 8.89972e-06 0.567191 0.000567587 
0.00514214 0.592145 0.000166935 0.019706 0.083974 5.13039e-07 0.0607611 0.238104 
0.000446998 0.0501551 0.00116245 0.0132207 0.0844752 7.66007e-05 0.737381 0.113081 
0.00129429 0.635951 1.85173e-06 0.00812694 0.0560667 1.72694e-06 0.276993 0.0215651 
6.16136e-05 0.0228905 7.23558e-10 3.00523e-05 0.581708 5.13954e-10 0.392185 0.00312437 
5.81235e-05 0.000262384 2.26764e-08 2.79442e-05 0.543391 5.9651e-11 0.456257 2.95007e-06 
0.0224984 0.0854193 0.00499414 0.0255873 0.23896 0.00159654 0.593875 0.0270688 
6.68718e-08 0.0202155 1.10246e-11 0.00117957 0.0677811 3.91687e-12 0.910824 1.4278e-07 
0.0237591 0.178501 0.0235629 0.315943 0.234465 0.00236151 0.1937 0.0277084 
0.025142 0.0763335 0.000499952 0.888569 0.00434409 9.1614e-08 0.00495554 0.000155494 
0.0023502 0.391764 7.61829e-05 0.0319345 0.118682 2.81162e-05 0.449651 0.00551419 
0.00219411 0.0412755 1.24688e-06 0.00831326 0.905997 1.14205e-06 0.033633 0.00858451 
0.816638 0.0301519 0.000171503 0.0976727 0.0177429 8.0634e-05 0.0372663 0.000275862 
0.00863178 0.130377 0.00116576 0.0318376 0.142187 0.000178824 0.552187 0.133435 
0.000394327 0.162211 0.756652 0.0178525 0.0223377 8.79401e-06 0.0350636 0.00548021 
0.00555729 0.320197 0.00237413 0.174718 0.0970932 0.000223882 0.284606 0.11523 
0.00237166 0.16577 0.00578525 0.441005 0.223682 0.000243216 0.130409 0.0307344 
0.124996 0.000972627 0.000282606 0.0314107 0.246595 4.55297e-05 0.595524 0.000173465 
5.60976e-05 0.0449441 6.79688e-05 0.0157248 0.486375 2.17073e-05 0.318378 0.134433 
0.29161 0.0464246 0.000595752 0.0333558 0.299645 0.000304562 0.319218 0.00884599 
0.0116104 0.0349007 0.0013167 0.012644 0.349954 7.08894e-05 0.589035 0.000468459 
0.00577203 0.030922 0.00143451 0.0156267 0.45426 8.92616e-05 0.477737 0.0141582 
0.00566184 0.896615 0.000563975 0.000687269 0.00527659 3.6415e-06 0.0515624 0.0396292 
0.000300536 0.026934 4.44324e-06 0.017726 0.567802 2.89244e-06 0.359364 0.0278661 
0.000728396 0.0555113 0.00223555 0.0249332 0.0768855 0.000278186 0.0629144 0.776513 
0.0112113 0.539046 0.0107213 0.0495492 0.23233 0.00268965 0.107219 0.0472341 
0.00222372 0.0156259 0.0936059 0.846206 0.022509 0.00115584 0.017409 0.00126445 
0.00959739 0.188481 0.000360221 0.00267316 0.0222568 0.00017953 0.761016 0.0154365 
0.00764808 0.0493748 0.000714292 0.00399825 0.116277 0.000150128 0.808446 0.0133917 
7.72724e-05 0.616488 0.000219841 0.00918693 0.325052 1.46809e-07 0.0403975 0.00857791 
0.00128422 0.00330591 0.000508455 0.69858 0.123269 0.000147791 0.172411 0.00049331 
0.0353348 0.00430712 0.00124214 0.0252921 0.475394 2.79396e-06 0.458413 1.40036e-05 
0.0233461 0.134652 2.9671e-05 0.023952 0.775262 2.85002e-06 0.0269791 0.0157764 
0.00174113 0.0648491 0.000341184 0.109601 0.670465 0.000111289 0.0992343 0.0536563 
0.0014949 0.141256 0.0017427 0.0177275 0.0360942 0.000166353 0.0346302 0.766889 
0.000222452 0.912008 0.00156651 0.0037086 0.0451771 2.71818e-06 0.0370192 0.000295636 
2.52517e-05 0.0076184 1.35638e-09 0.992329 1.56059e-05 4.81902e-10 8.94837e-06 2.49755e-06 
0.940332 0.00340398 0.00190073 0.00116527 0.0346496 1.75987e-05 0.0182802 0.000250268 
0.00825344 0.0387305 0.00115009 0.149361 0.152189 9.56879e-06 0.514011 0.136296 
0.000182666 0.00951699 0.00461409 0.970769 0.012199 2.40619e-05 0.00259476 9.95493e-05 
0.0445734 0.0993491 0.000798185 0.714686 0.0140727 0.000192815 0.100911 0.0254176 
0.0076101 0.0626335 0.00093623 0.17065 0.211341 0.000167295 0.541351 0.00531125 
0.012995 0.00634063 0.000855477 0.0116307 0.100232 0.000798164 0.837658 0.0294899 
0.000780428 0.48708 0.00306238 0.343785 0.0505027 5.20643e-05 0.0221982 0.0925388 
0.00404116 0.0607069 0.000188144 0.609027 0.238114 1.06841e-05 0.034041 0.0538713 
0.000362368 0.000729791 6.96181e-07 0.000338593 0.731919 3.15918e-08 0.266377 0.000272338 
0.000394327 0.162211 0.756652 0.0178525 0.0223377 8.79401e-06 0.0350636 0.00548021 
0.00581634 0.0508194 0.00360579 0.0327957 0.815324 0.000459318 0.0787161 0.0124634 
0.0494571 0.0553605 0.000890937 0.0609842 0.702268 0.000231304 0.129847 0.000960861 
0.0801386 0.771717 0.000175617 0.0243967 0.061463 6.50394e-06 0.0296372 0.0324652 
0.152713 0.131216 0.191952 0.188833 0.246152 0.000499793 0.0858732 0.00276123 
0.0027773 0.011169 0.058675 0.645198 0.0554637 0.00101449 0.220449 0.00525274 
0.000394327 0.162211 0.756652 0.0178525 0.0223377 8.79401e-06 0.0350636 0.00548021 
0.0062207 0.0136473 4.0684e-07 0.0289557 0.0368402 7.20537e-09 0.914332 3.10311e-06 
0.0538796 0.0585195 0.000228454 0.139413 0.162302 0.00021364 0.553031 0.0324125 
0.00075963 0.657841 0.00035985 0.0636644 0.0500093 1.39178e-05 0.225832 0.0015205 
0.000394327 0.162211 0.756652 0.0178525 0.0223377 8.79401e-06 0.0350636 0.00548021 
0.07829 0.101605 0.00706189 0.0188043 0.510401 0.000809145 0.271516 0.0115128 
0.00367604 0.0376832 0.0189138 0.0102433 0.429527 0.000498759 0.465586 0.0338715 
0.00453582 0.832229 0.0041276 0.0240043 0.0388741 3.13126e-06 0.0905534 0.00567281 
0.000182666 0.00951699 0.00461409 0.970769 0.012199 2.40619e-05 0.00259476 9.95493e-05 
8.36141e-05 0.281839 6.67731e-06 0.107899 0.339844 3.88864e-06 0.257262 0.0130619 
0.000977322 0.0248239 0.0767035 0.34281 0.143173 7.23423e-05 0.399923 0.0115165 
0.0102589 0.345665 0.00046059 0.115828 0.115908 0.000214569 0.376281 0.035384 
0.0008094 0.00122898 0.0349865 0.107387 0.0672339 0.00030554 0.786368 0.00168065 
2.01391e-06 0.793212 1.28848e-07 4.69847e-05 0.0320458 4.42041e-09 0.000545225 0.174148 
0.0306388 0.62076 0.0184864 0.0224032 0.0851058 1.88225e-05 0.211013 0.0115746 
0.00289554 0.0991248 0.0013298 0.0215282 0.13247 0.000142838 0.711889 0.0306197 
0.00235542 0.0108279 2.69321e-05 0.0155595 0.701664 2.05637e-05 0.256887 0.012659 
0.00326475 0.0884039 0.000392911 0.0416744 0.729704 2.27462e-05 0.130974 0.00556309 
0.00487685 0.190278 0.000269129 0.0123369 0.297977 0.000217799 0.356282 0.137762 
0.00195655 0.00192374 1.29413e-07 0.978561 0.0157698 1.20716e-08 0.000449813 0.00133913 
0.000391099 0.116381 1.96157e-06 0.00225505 0.716572 1.00812e-07 0.162183 0.00221574 
0.0204172 0.0434348 0.00030689 0.847975 0.0290371 1.56025e-06 0.0587621 6.58176e-05 
0.0146109 0.0139103 0.00101376 0.0188531 0.0960427 0.000364043 0.852056 0.00314936 
0.264801 0.0435769 0.00316207 0.421797 0.200749 0.000609019 0.056705 0.00860057 
0.00205918 0.917491 2.31094e-05 0.00811591 0.0197597 3.03129e-06 0.0416811 0.0108672 
0.0101431 0.0266054 0.000364101 0.0221467 0.642492 0.000118737 0.28791 0.0102194 
0.00262007 0.184859 5.0303e-05 0.00330444 0.034178 2.4475e-05 0.079074 0.695889 
2.89821e-06 0.362072 1.0739e-06 0.63752 0.000402993 1.46303e-10 2.04733e-07 2.73891e-07 
0.0773202 0.0327581 0.00929758 0.217528 0.25849 0.00688014 0.385522 0.0122043 
0.00054628 0.863896 6.24536e-05 0.000117088 0.0062597 3.29085e-06 0.128994 0.000120361 
0.00472631 0.397068 0.00040839 0.166551 0.208181 2.54955e-05 0.110693 0.112347 
0.00191297 0.210726 3.73915e-05 0.785964 0.000560868 1.88414e-05 0.000572257 0.000207407 
0.0064036 0.0148377 0.00130458 0.748929 0.119063 0.000803986 0.0919343 0.0167235 
0.000197311 0.041776 0.000558803 0.127852 0.354473 1.22403e-05 0.470578 0.00455289 
0.000574422 0.0221949 1.18067e-05 0.00309821 0.717783 1.027e-05 0.24566 0.0106676 
0.000666932 0.0490824 0.0203761 0.289695 0.121849 0.000117376 0.364779 0.153435 
0.000658436 0.0972601 0.0154796 0.124624 0.603154 5.74613e-05 0.152775 0.00599096 
0.454693 0.0275603 0.00513973 0.0224145 0.108144 0.000486454 0.377942 0.00362034 
0.0978233 0.123494 0.0552745 0.266855 0.387325 0.0013026 0.0505834 0.0173418 
0.00076556 0.0266212 0.00040877 0.0659466 0.873519 0.000163892 0.0309306 0.00164403 
0.00842858 0.119576 0.000207381 0.0515569 0.553317 9.44387e-05 0.256785 0.0100345 
0.088402 0.0680593 0.00375393 0.60865 0.210152 6.61049e-05 0.0186305 0.00228537 
0.00440144 0.23132 1.88382e-07 0.0552951 0.639717 1.37538e-07 0.0692665 1.48387e-07 
0.0312428 0.122832 0.00302821 0.350991 0.130227 0.00275456 0.32117 0.0377534 
0.000319312 0.043675 0.000830484 0.0140629 0.0991991 5.47268e-05 0.761086 0.0807728 
0.00722917 0.0258308 0.00072945 0.0164414 0.0342245 7.07447e-05 0.914012 0.00146207 
0.0107819 0.128364 0.000176957 0.289416 0.0460195 3.90038e-06 0.524408 0.000829713 
0.0223825 0.00626508 0.00210672 0.0217438 0.130611 0.00014097 0.809529 0.00722137 
0.000598122 0.389513 0.00139338 0.253624 0.109399 9.04778e-07 0.24547 1.9188e-06 
0.000621311 0.161152 0.000942091 0.0548216 0.221009 0.000261577 0.507465 0.0537266 
0.00732017 0.143063 0.00183362 0.771437 0.0274738 0.000139964 0.0379981 0.010734 
0.00137457 0.0874094 5.52991e-05 0.0410816 0.137711 1.25488e-05 0.713102 0.0192538 
0.00665875 0.701009 0.000199056 0.136611 0.0271274 0.000113064 0.0654527 0.0628283 
0.00992987 0.0408614 0.000341366 0.0173056 0.394846 6.71088e-05 0.536359 0.000290217 
0.000303057 0.0063539 7.17637e-05 0.00773229 0.00794374 1.43456e-05 0.974164 0.00341717 
0.00103311 0.0754085 0.0424035 0.258364 0.318025 0.000417504 0.302536 0.00181244 
0.000143144 0.746673 1.29518e-05 0.00684589 0.228449 2.57359e-07 0.0172194 0.000657215 
0.00556581 0.0563301 0.000428838 0.0276558 0.439031 2.87247e-05 0.464998 0.00596222 
0.00740255 0.824298 0.00440484 0.0152974 0.0453655 0.00208527 0.0508051 0.0503413 
0.00244024 0.0498143 0.0204921 0.0413258 0.164307 0.000220474 0.702281 0.0191196 
2.58864e-05 0.730042 5.83321e-07 0.0260664 0.0475014 2.05416e-08 0.182565 0.0137982 
0.00153721 0.248387 0.0298701 0.455065 0.0558298 2.17336e-06 0.202442 0.00686702 
0.0108408 0.0235154 1.73103e-06 0.000733243 0.364793 1.01857e-06 0.543473 0.0566416 
0.000479978 0.471594 0.000358059 0.0244454 0.328374 4.96759e-05 0.0408795 0.133819 
0.000104216 0.00208372 0.000328844 0.00893748 0.0423476 3.74751e-06 0.946113 8.14543e-05 
5.57021e-06 0.910087 1.33788e-06 0.00197809 0.00260644 1.61503e-08 0.00419221 0.0811292 
0.000182666 0.00951699 0.00461409 0.970769 0.012199 2.40619e-05 0.00259476 9.95493e-05 
0.0322501 0.0364508 0.00136637 0.0420582 0.531302 0.000266208 0.340793 0.0155133 
0.00125004 0.0598253 9.11224e-05 0.0302467 0.0702766 1.75301e-05 0.826797 0.0114958 
0.0127126 0.0676047 8.79192e-05 0.0402462 0.230592 1.8462e-05 0.618331 0.0304072 
0.0083339 0.0415282 0.000616228 0.0071621 0.31638 0.000614512 0.595188 0.0301773 
0.0991603 0.136775 6.45575e-05 0.217651 0.250389 2.7603e-05 0.278916 0.0170167 
0.940332 0.00340398 0.00190073 0.00116527 0.0346496 1.75987e-05 0.0182802 0.000250268 
6.11921e-05 0.00015656 6.14587e-05 0.189993 0.000314286 1.4684e-05 0.809356 4.26554e-05 
0.0358718 0.054895 0.00244379 0.0435801 0.345414 0.00122835 0.423879 0.0926877 
3.0567e-07 0.756844 7.74604e-08 0.067612 0.00394592 1.49857e-08 0.0162531 0.155344 
0.0105565 0.186511 0.000189335 0.00266089 0.15269 4.79776e-06 0.646768 0.000619491 
0.00698505 0.0848864 6.77371e-05 0.542162 0.312372 3.0136e-06 0.053375 0.000148503 
6.68718e-08 0.0202155 1.10246e-11 0.00117957 0.0677811 3.91687e-12 0.910824 1.4278e-07 
0.000112583 0.076836 0.00178657 0.0202741 0.112509 8.35925e-05 0.619287 0.169111 
0.179977 0.193411 0.0648833 0.119226 0.156887 0.00156266 0.280545 0.00350786 
0.0266815 0.0652632 0.00112908 0.060586 0.0463223 0.00014693 0.798787 0.00108351 
0.00231951 0.00756558 0.000153607 0.0634565 0.00239666 2.32089e-06 0.923922 0.000183997 
0.237476 0.109162 0.00172802 0.0292932 0.205922 0.0011726 0.392859 0.0223869 
0.00212221 0.0272944 0.0107911 0.0441852 0.603867 1.20428e-05 0.287405 0.0243233 
0.00167024 0.117284 0.000668043 0.00499877 0.265864 3.57973e-05 0.600711 0.00876779 
0.000922102 0.823092 0.000421877 0.114682 0.0514539 7.77116e-06 0.00926505 0.000155833 
0.00642101 0.0134729 2.23204e-05 0.00311454 0.149821 2.05647e-05 0.821983 0.0051449 
0.0165351 0.112379 0.00711697 0.153169 0.125492 0.00573013 0.568727 0.01085 
0.00630426 0.205913 0.00041084 0.0245062 0.362489 6.24992e-05 0.391164 0.00914981 
0.028589 0.111957 0.00263578 0.19346 0.283409 0.00251291 0.361194 0.0162425 
0.0121133 0.0466436 0.0245965 0.0271467 0.251349 0.000952227 0.616785 0.0204138 
0.000143144 0.746673 1.29518e-05 0.00684589 0.228449 2.57359e-07 0.0172194 0.000657215 
0.0273589 0.74272 0.000330287 0.0157438 0.00651466 2.26062e-06 0.0628363 0.144494 
0.00558354 0.0694661 4.50101e-05 0.0094817 0.0775285 5.51424e-07 0.837388 0.000506511 
0.0015294 0.00224491 0.00525117 0.0566704 0.424887 0.000406761 0.507667 0.00134277 
0.00609271 0.301379 0.00111074 0.013408 0.135986 0.000544161 0.503747 0.0377322 
0.00941075 0.0682151 0.00394943 0.00762529 0.242411 6.41317e-05 0.627362 0.0409631 
0.00858526 0.333555 2.30117e-06 0.178389 0.157947 1.89541e-07 0.290336 0.0311856 
0.00755392 0.13013 0.00115656 0.154605 0.27687 0.000283665 0.311522 0.117879 
0.000735269 0.059054 0.0160162 0.422598 0.117899 0.000506652 0.342503 0.0406877 
0.00244862 0.0170861 0.000705889 0.296193 0.0371741 3.08667e-06 0.646357 3.19692e-05 
0.000280574 0.800184 0.00196156 0.00407385 0.0599859 1.76693e-08 0.124913 0.00860116 
0.00115781 0.539412 0.000409852 0.204282 0.205708 0.000107292 0.0472114 0.00171249 
1.23101e-07 0.419065 3.02409e-07 0.379702 0.137271 1.07442e-07 0.0494957 0.0144653 
0.000600065 0.930521 4.86554e-06 0.00384796 0.000140609 1.02447e-08 0.0415009 0.0233848 
0.000207209 0.180624 0.000247277 0.749484 0.0328902 1.69451e-05 0.0345701 0.00196037 
0.000689175 0.251218 0.14991 0.465357 0.0746004 0.000359406 0.0507367 0.00712951 
0.0402627 0.000148576 2.20181e-09 0.128742 0.000186504 7.8227e-10 0.830046 0.000613759 
0.001993 0.00986202 0.00157274 0.00834857 0.117569 7.78429e-05 0.811755 0.0488217 
0.000176198 0.165074 2.52358e-05 0.0275755 0.592579 2.36318e-05 0.204683 0.009863 
0.00200841 0.516583 8.92718e-06 0.298438 0.0665448 1.59535e-06 0.114441 0.00197402 
0.000158063 0.476955 0.0105369 0.115693 0.324406 2.29372e-05 0.0578598 0.0143686 
0.00640565 0.0399298 0.000616503 0.20903 0.517437 0.00018288 0.208682 0.017716 
0.00030141 0.019033 0.000886106 0.00757842 0.863847 2.37535e-06 0.10819 0.000162271 
0.00352632 0.0458265 0.00126285 0.560913 0.322983 0.000104157 0.0113936 0.0539908 
0.000315679 0.788215 0.00077763 0.116619 0.0570742 2.43295e-05 0.0249077 0.0120667 
0.00696068 0.0852794 0.00208115 0.045345 0.232863 0.000214926 0.613072 0.0141829 
0.000870042 0.0518554 0.000118902 0.0241249 0.209205 1.84907e-05 0.6938 0.0200067 
0.0100649 0.0624054 0.00134802 0.713344 0.117217 1.17892e-05 0.0918809 0.00372826 
0.0036033 0.608794 0.000553981 0.00741765 0.00477551 3.05391e-05 0.109346 0.26548 
0.00119396 0.262838 0.00403644 0.140599 0.215804 9.96952e-06 0.218012 0.157506 
0.935802 0.00354747 0.00221802 0.00123393 0.0367712 1.99391e-05 0.0201374 0.000270007 
0.000874626 0.0366681 0.0203012 0.649478 0.195114 6.47983e-05 0.0820917 0.0154077 
0.000363834 0.176109 0.00293013 0.618523 0.0127192 4.89443e-05 0.182127 0.00717945 
0.101038 0.0841203 0.0237039 0.254778 0.240717 0.00383373 0.285333 0.00647665 
0.000450309 0.934557 3.23918e-08 0.0127001 0.0146627 4.41746e-12 0.0360668 0.00156294 
0.0299982 0.0520415 0.00088893 0.0294617 0.262073 0.000468703 0.553685 0.071383 
0.0110398 0.0228467 0.000314322 0.0465791 0.246648 9.29518e-05 0.668208 0.00427109 
0.123225 0.223343 0.0144365 0.286006 0.182389 0.00164427 0.102634 0.0663229 
0.0101431 0.0266054 0.000364101 0.0221467 0.642492 0.000118737 0.28791 0.0102194 
0.000199897 0.248325 7.16674e-05 0.00911091 0.201086 8.26043e-06 0.527266 0.0139316 
0.000931629 0.0219863 0.000282184 0.0179032 0.72247 7.175e-05 0.235605 0.000749978 
0.0603443 0.147746 0.00115868 0.0477502 0.537037 6.10187e-06 0.181883 0.0240745 
0.00617086 0.264631 0.00012177 0.00987555 0.162624 7.31909e-05 0.184101 0.372402 
0.00372579 0.435561 0.000650255 0.0904514 0.242872 0.000227766 0.0774697 0.149042 
0.0480664 0.102888 0.0210666 0.636935 0.138251 0.000585191 0.0512562 0.000951748 
0.0172479 0.089347 0.000111889 0.0427851 0.467 2.78685e-05 0.382545 0.000935557 
0.00194717 0.00878934 6.92125e-05 0.0204737 0.800947 1.85695e-05 0.121953 0.0458026 
0.00377904 0.181545 0.0197701 0.50953 0.125941 0.00146684 0.141561 0.0164073 
0.00516747 0.0560287 0.000328771 0.0416224 0.269927 0.00024671 0.576033 0.0506458 
0.000298088 0.525471 8.59583e-05 0.23257 0.153004 4.42202e-05 0.0868168 0.00170922 
0.00545496 0.0155799 0.000363511 0.0514085 0.864267 0.000136434 0.062351 0.000438396 
0.0139899 0.00736044 7.02985e-05 0.0317127 0.301245 7.8426e-06 0.645473 0.000140743 
0.000600195 0.0185907 5.50756e-05 0.771619 0.0405796 5.20108e-05 0.168163 0.000340015 
0.00013467 0.00450988 2.34078e-05 0.000313518 0.00769904 1.66269e-05 0.00579261 0.98151 
0.00948418 0.0210983 0.0073918 0.0288435 0.124307 0.000131081 0.806321 0.0024229 
0.000328726 0.0565875 0.000929606 0.0785966 0.455888 2.03756e-05 0.400061 0.00758765 
0.000114595 0.363362 4.67345e-06 0.00226151 0.404589 2.30888e-06 0.226799 0.00286699 
0.000236215 0.164131 0.000123286 0.112973 0.591829 3.13758e-05 0.121172 0.00950389 
0.0283233 0.0913634 0.000319734 0.00764022 0.112719 1.21868e-08 0.759526 0.000108067 
0.00646995 0.0400072 0.00176721 0.738719 0.167821 0.000388639 0.0368691 0.00795854 
0.0376192 0.026136 0.00166311 0.589254 0.0836778 0.00137377 0.258509 0.0017678 
0.00377334 0.116515 0.0692935 0.624088 0.0980115 0.000532427 0.0870737 0.000712339 
0.00056512 0.888034 0.000671355 0.0219774 0.0441202 3.42018e-05 0.0419835 0.00261398 
