0.222327 0.0109886 2.69406e-07 0.000218651 0.0483128 0.000133929 0.653554 0.0644646 
0.00395571 0.0179837 0.000129565 0.00117559 0.383302 1.6587e-05 0.593199 0.00023787 
0.00914053 0.0331598 6.50609e-07 0.00193996 0.125249 1.85029e-05 0.805539 0.0249528 
0.0501367 0.276308 9.26392e-05 0.0964124 0.0348655 0.00221304 0.538082 0.00188964 
0.00499287 0.0304637 4.26556e-05 0.00522572 0.391508 8.89972e-06 0.567191 0.000567587 
0.00403348 0.157334 0.00143664 0.288023 0.248861 1.33899e-05 0.298834 0.00146478 
0.0184057 0.00789011 1.43748e-05 0.00699368 0.0694917 0.00134368 0.863282 0.0325782 
0.0110398 0.0228467 0.000314322 0.0465791 0.246648 9.29518e-05 0.668208 0.00427109 
0.00773398 0.0853822 7.54763e-06 0.0163187 0.38529 0.00291785 0.488617 0.013733 
0.0225052 0.0430492 7.0412e-06 0.0151899 0.136643 0.000295198 0.773114 0.00919647 
0.0216392 0.0114985 0.000130535 0.0228093 0.157542 0.00836392 0.769777 0.00823942 
0.343012 0.0260873 1.54505e-05 0.00770199 0.0987832 0.0739765 0.444699 0.00572404 
0.222327 0.0109886 2.69406e-07 0.000218651 0.0483128 0.000133929 0.653554 0.0644646 
0.0144342 0.0309296 1.66437e-05 0.0190394 0.287696 0.020581 0.627154 0.000149979 
0.00497743 0.0863248 4.79832e-08 0.0327619 0.300401 2.38467e-05 0.566998 0.00851301 
0.010246 0.0470881 0.000343998 0.281574 0.215636 0.000422889 0.423111 0.0215782 
0.0391375 0.00334748 3.13156e-08 0.0289744 0.0898649 5.04725e-05 0.838621 3.72712e-06 
0.011983 0.0421032 5.99648e-12 0.000663747 0.0497115 0.00149213 0.893876 0.000170002 
0.0569757 0.00991727 0.000276117 0.0537838 0.201707 1.72273e-05 0.677282 4.06879e-05 
0.0471496 0.0355299 0.00672047 0.0104498 0.0102691 9.0849e-07 0.885427 0.00445302 
0.0661642 0.0597596 2.49976e-05 0.233758 0.281517 0.0121419 0.339135 0.00749956 
7.69408e-05 0.0782998 1.22517e-10 0.00022874 0.165591 5.24474e-06 0.753624 0.00217412 
0.00291442 0.302444 5.41726e-07 0.00643527 0.0868955 3.31709e-05 0.597749 0.00352793 
0.0110398 0.0228467 0.000314322 0.0465791 0.246648 9.29518e-05 0.668208 0.00427109 
0.0104822 0.0615378 4.05565e-07 0.0278805 0.18378 0.000318208 0.684672 0.0313288 
0.15129 0.0530369 8.9689e-06 0.00997017 0.123677 0.000404187 0.643001 0.018611 
0.054315 0.319396 1.49558e-08 0.0918366 0.108378 0.00549764 0.420354 0.000222013 
0.0290554 0.162023 8.96331e-05 0.0420551 0.32085 3.30948e-05 0.445161 0.000732624 
0.00364226 0.115173 0.00278489 0.0922646 0.342394 6.60304e-05 0.415927 0.027749 
0.0123402 0.25173 5.88029e-08 0.0195734 0.0602703 0.00208502 0.650559 0.00344239 
1.11304e-05 0.10088 1.74148e-09 0.172629 0.0735704 5.57469e-07 0.652909 3.57996e-10 
0.0323939 0.0170748 3.97579e-09 0.000332279 0.0814014 0.000524918 0.868088 0.000184197 
0.111102 0.00730022 2.11651e-08 0.000727504 0.20798 0.00124649 0.664387 0.00725681 
0.0641693 0.0168041 0.00121503 0.0173109 0.240591 0.000180216 0.654459 0.00527039 
0.0050922 0.0412308 4.86036e-07 0.00137608 0.0457538 4.22584e-05 0.816875 0.0896298 
0.00412649 0.277342 0.000199013 0.100098 0.14587 5.34817e-05 0.460571 0.0117406 
0.0436831 0.203724 8.51266e-08 0.177155 0.109868 2.98578e-05 0.456724 0.00881609 
0.000998044 0.0669896 4.07074e-05 0.00354776 0.217732 0.0218727 0.670836 0.0179836 
0.137351 0.199398 2.18317e-07 0.0142783 0.112578 0.0282474 0.384721 0.123426 
0.00708253 0.0625244 9.53691e-12 0.00106024 0.0371318 0.0845233 0.807543 0.00013433 
0.00464734 0.00358744 9.4562e-09 0.000665122 0.255294 9.35405e-05 0.735703 9.96537e-06 
0.000526712 0.0295769 0.000163463 0.0154908 0.0580114 0.000297989 0.724838 0.171095 
0.000446998 0.0501551 0.00116245 0.0132207 0.0844752 7.66007e-05 0.737381 0.113081 
0.222327 0.0109886 2.69406e-07 0.000218651 0.0483128 0.000133929 0.653554 0.0644646 
0.0400805 0.124624 8.8236e-05 0.0303314 0.158419 0.000750872 0.626581 0.0191259 
0.122927 0.104373 9.21144e-06 0.0582497 0.193105 0.034744 0.480227 0.00636477 
0.011241 0.0965638 1.9514e-05 0.0644538 0.395768 0.0224816 0.399946 0.00952578 
0.00550232 0.034006 1.67829e-05 0.0409623 0.145683 0.000213446 0.760593 0.0130235 
0.00134864 0.0255496 0.000777806 0.00863315 0.409676 0.000220763 0.548158 0.00563604 
0.0116692 0.0549847 9.48776e-07 0.0629894 0.01644 4.12639e-05 0.852794 0.00108022 
0.0111455 0.0254013 7.8117e-08 0.334143 0.227831 0.00101606 0.400462 1.91201e-08 
0.0307098 0.18438 0.00189893 0.0786056 0.204574 0.0329804 0.44459 0.0222613 
0.00165463 0.0699654 4.12266e-05 0.120488 0.335841 2.47767e-05 0.47059 0.00139472 
0.109649 0.0203331 0.00388713 0.12952 0.262106 0.000224088 0.40783 0.0664508 
0.000743538 0.0591347 4.56215e-08 0.0116349 0.279006 3.02768e-05 0.620861 0.0285895 
0.000829836 0.0251437 0.000108013 0.00509305 0.412908 2.72451e-05 0.550804 0.00508594 
0.00113135 0.0243136 9.68969e-08 0.000788952 0.0615371 1.39117e-05 0.897118 0.0150966 
0.0111254 0.136814 3.77511e-10 0.0347853 0.136205 3.22031e-07 0.681066 4.08983e-06 
1.89202e-07 0.165846 4.64793e-07 0.129741 0.0129874 1.65134e-07 0.691424 9.55473e-08 
0.222327 0.0109886 2.69406e-07 0.000218651 0.0483128 0.000133929 0.653554 0.0644646 
0.000171003 9.15955e-05 0.00413362 0.0047027 0.0916321 8.27969e-05 0.899186 1.14534e-08 
0.222327 0.0109886 2.69406e-07 0.000218651 0.0483128 0.000133929 0.653554 0.0644646 
0.0173829 0.00167006 4.01961e-05 0.0029348 0.0227156 0.00011783 0.932769 0.0223695 
0.0126731 0.0618031 2.69951e-05 0.0487257 0.0827287 0.00200836 0.74063 0.0514042 
0.00681063 0.142172 6.66434e-07 0.0129528 0.155547 0.010277 0.666263 0.00597661 
0.000853171 0.0159454 1.30398e-05 0.302894 0.212509 0.000213087 0.467572 3.20735e-07 
0.0321734 0.0177499 1.02259e-05 0.174749 0.18052 0.0200554 0.558802 0.0159402 
0.0229563 0.0322671 0.000441489 0.0230467 0.16061 0.000901244 0.756385 0.0033923 
0.0581263 0.00227694 6.0728e-05 0.0616135 0.274749 0.000148538 0.602985 3.92439e-05 
1.12031e-06 0.0345361 7.62091e-07 0.0204178 0.00541522 1.08069e-10 0.939618 1.09675e-05 
0.00430985 0.0377115 0.000582083 0.021181 0.235496 0.0250719 0.635546 0.0401022 
0.0634538 0.00500973 1.06712e-09 0.00232904 0.38334 2.26457e-06 0.545756 0.000109788 
0.00915029 0.028225 4.26576e-05 0.0127575 0.442926 0.00111303 0.457888 0.0478978 
0.00520097 0.0182482 2.90526e-05 0.048603 0.122601 0.000249066 0.743057 0.0620124 
0.00500728 0.0251367 2.43294e-07 0.00219841 0.0317815 8.98788e-05 0.924283 0.0115026 
0.0217332 0.215725 4.55973e-05 0.140699 0.227035 0.00175727 0.319181 0.0738253 
0.00189114 0.0116767 0.00108136 0.0210173 0.380357 0.0460463 0.537877 5.28658e-05 
0.000949337 0.064015 1.26329e-06 0.0152187 0.354352 0.00190259 0.557949 0.00561174 
0.00724647 0.0669512 0.000208699 0.083087 0.251274 0.0301164 0.53194 0.0291764 
0.0305742 0.0308051 2.41482e-05 0.00806252 0.104537 0.000245487 0.819223 0.00652854 
0.0276289 0.0543154 2.09909e-07 0.14961 0.157842 0.00546465 0.597205 0.00793399 
0.0102871 0.0994241 2.8299e-05 0.0225319 0.409499 0.000797775 0.415207 0.0422242 
0.0134368 0.123363 1.23144e-07 0.0194346 0.215539 0.051951 0.569518 0.00675753 
0.0098368 0.0913884 9.7626e-05 0.155898 0.23507 0.000163764 0.506327 0.00121783 
0.0028636 0.0277348 1.3187e-07 0.00206584 0.043114 4.81662e-05 0.916628 0.00754511 
0.00393426 0.0414279 0.000260829 0.254906 0.111276 9.4787e-05 0.524327 0.063774 
0.000390877 0.0457828 6.65985e-05 0.009196 0.0485459 0.00017248 0.731676 0.164169 
0.016739 0.319137 2.23135e-06 0.043682 0.211808 0.000981067 0.354931 0.0527195 
0.000531912 0.121048 3.85985e-05 0.0114094 0.2208 0.000547348 0.602439 0.0431855 
0.00242394 0.00992145 7.67357e-08 0.000321296 0.0949604 3.46817e-05 0.884058 0.00827981 
0.00285581 0.108653 0.00303032 0.136151 0.0264138 1.62888e-06 0.722714 0.000180517 
0.00311754 0.0972609 2.87147e-06 0.0772274 0.393154 0.000321753 0.425312 0.00360306 
0.00156493 0.0236496 1.83783e-05 0.0161547 0.189354 0.000141256 0.742038 0.0270792 
0.030597 0.040698 7.58675e-06 0.0163616 0.138211 0.00329912 0.693691 0.0771346 
0.000489598 0.0341964 3.76241e-08 0.000396143 0.0430068 9.05154e-06 0.905174 0.0167284 
0.222327 0.0109886 2.69406e-07 0.000218651 0.0483128 0.000133929 0.653554 0.0644646 
0.0506672 0.198488 1.75842e-06 0.108563 0.275567 1.75928e-06 0.305479 0.0612317 
9.90486e-05 0.29216 1.22509e-08 0.00298737 0.306693 1.10053e-08 0.395403 0.00265815 
0.00329061 0.366272 4.72163e-07 0.0734407 0.0800698 0.000186678 0.418577 0.058162 
0.0460416 0.016423 1.01695e-06 0.0390281 0.257086 0.0270949 0.589822 0.0245031 
0.0142563 0.00987102 4.27294e-07 0.0129089 0.117866 9.00422e-05 0.836184 0.00882364 
0.0152517 0.156468 0.000153076 0.082952 0.278843 0.00374137 0.449095 0.0134956 
0.0180154 0.00193514 5.70851e-05 0.036803 0.300905 0.000419342 0.640958 0.000907279 
0.000659216 0.0070387 7.59554e-05 0.00330694 0.259912 0.000207316 0.54023 0.18857 
0.012089 0.253924 0.00485851 0.200705 0.252335 0.000187329 0.275116 0.000784778 
0.00361293 0.025315 1.74701e-06 0.00610497 0.169511 5.57467e-06 0.793586 0.00186248 
0.00630426 0.205913 0.00041084 0.0245062 0.362489 6.24992e-05 0.391164 0.00914981 
0.00500695 0.0259712 4.8345e-06 0.00512108 0.416255 1.38558e-05 0.547269 0.000358495 
0.000122938 2.50499e-06 3.50415e-09 0.0141422 0.25161 6.27832e-06 0.73411 6.6202e-06 
6.31093e-05 0.011859 1.53468e-06 0.0195753 0.036138 1.41567e-05 0.932348 6.85236e-07 
0.126375 0.00631379 4.29427e-06 0.187966 0.0861815 0.00193969 0.578653 0.012567 
0.00275368 0.193049 5.52192e-05 0.082159 0.19862 0.000405194 0.425544 0.097414 
9.13576e-06 0.0772592 0.00147928 0.0221247 0.0514515 4.87581e-05 0.685444 0.162183 
0.0128803 0.0531036 9.05397e-08 0.0312207 0.396043 0.00132421 0.456005 0.0494235 
0.00167103 0.0738393 1.39606e-06 0.0378302 0.0976001 4.99415e-06 0.78679 0.00226315 
0.0204184 0.00132723 4.78816e-07 0.0174268 0.0850848 0.392971 0.482601 0.000170466 
4.20363e-06 0.000377873 1.03266e-05 0.0127719 6.70074e-07 0.00282406 0.984009 2.12284e-06 
0.0137169 0.0875369 1.66173e-06 0.0487828 0.375062 0.0118426 0.450024 0.0130332 
0.00861492 0.0347628 4.27271e-06 0.00234621 0.129532 0.000169269 0.820376 0.00419479 
0.00500728 0.0251367 2.43294e-07 0.00219841 0.0317815 8.98788e-05 0.924283 0.0115026 
0.000929373 0.0599047 1.6193e-05 0.0280851 0.194034 6.96852e-05 0.706395 0.0105661 
0.00321825 0.0187628 3.416e-07 0.0248119 0.226083 3.75275e-05 0.726678 0.000407751 
0.0018298 0.0159198 1.49783e-06 0.0966596 0.0758573 6.3481e-07 0.809405 0.000326464 
0.00734841 0.0597868 1.73415e-06 0.0159537 0.263594 0.000133472 0.627591 0.0255914 
0.0113219 0.123926 0.00487819 0.0266871 0.251476 0.00260003 0.571905 0.00720585 
0.0249521 0.129102 1.8681e-06 0.212889 0.232705 0.00937628 0.365022 0.0259524 
0.0135659 0.00391736 1.07144e-06 0.00242089 0.295564 0.000142529 0.683164 0.00122416 
0.000491169 0.027823 4.79376e-08 0.000228392 0.0397845 1.15139e-08 0.860498 0.0711752 
0.00563906 0.151272 1.50474e-06 0.151894 0.322583 0.0131302 0.355309 0.000170869 
0.0186628 0.00774993 1.24769e-05 0.00701957 0.0689229 0.00128332 0.871115 0.025234 
0.00730504 0.170431 2.051e-07 0.17399 0.221605 0.0026678 0.284244 0.139757 
0.000795115 0.00426537 9.68765e-12 3.4455e-08 0.384529 3.44188e-12 0.610362 4.79185e-05 
9.55225e-07 0.0548439 9.54796e-07 0.0373563 0.285115 9.55262e-07 0.622681 9.55372e-07 
0.0308691 0.0554297 0.00134214 0.0259434 0.371999 0.011748 0.483291 0.0193777 
0.00784307 0.120582 0.00417768 0.0502535 0.289992 0.00267544 0.506028 0.0184477 
0.00565273 0.00551043 2.33025e-06 0.0157687 0.140299 0.000233247 0.827306 0.00522802 
0.0172445 0.321638 0.000586374 0.023791 0.0398122 0.00114031 0.565161 0.0306265 
0.109201 0.0345006 0.000134778 0.108634 0.297656 0.000333 0.370657 0.0788835 
0.00306148 0.0660974 8.08429e-09 0.0773241 0.188586 3.05365e-05 0.642277 0.022624 
0.00905992 0.258963 5.48327e-07 0.095284 0.284142 6.29818e-05 0.307792 0.0446954 
0.000531912 0.121048 3.85985e-05 0.0114094 0.2208 0.000547348 0.602439 0.0431855 
0.00443328 0.0331441 1.8792e-05 0.0125405 0.22626 6.61562e-05 0.684876 0.0386617 
0.0271508 0.0423835 4.32331e-05 0.0371913 0.178147 0.000233522 0.708115 0.00673541 
0.0172508 0.0189039 0.000319888 0.0249219 0.114845 0.000465398 0.815083 0.00820958 
0.00565117 0.0066425 2.27864e-08 0.00266534 0.095867 9.31958e-05 0.885925 0.00315553 
6.93964e-05 0.142274 2.55165e-08 0.0039871 0.322317 5.17296e-12 0.530317 0.00103495 
0.00359449 0.050532 6.00943e-05 0.0155744 0.255994 0.000135429 0.578959 0.095151 
0.0247161 0.198924 7.79683e-05 0.118807 0.0752779 0.000795444 0.575102 0.0062992 
0.222327 0.0109886 2.69406e-07 0.000218651 0.0483128 0.000133929 0.653554 0.0644646 
0.222327 0.0109886 2.69406e-07 0.000218651 0.0483128 0.000133929 0.653554 0.0644646 
1.33271e-10 0.234288 1.10847e-07 0.163831 0.248544 9.94358e-08 0.353336 5.93445e-07 
0.00461367 0.0441971 0.027374 0.046066 0.244993 3.88318e-06 0.63261 0.000142088 
0.242272 0.0485271 9.87148e-05 0.135255 0.210264 0.0360951 0.326252 0.00123509 
0.0217244 0.00645238 7.90759e-07 0.00220296 0.0723169 8.59847e-05 0.882488 0.0147285 
0.0258407 0.0874706 5.3927e-06 0.0190214 0.171762 0.000927041 0.683414 0.0115593 
0.0028636 0.0277348 1.3187e-07 0.00206584 0.043114 4.81662e-05 0.916628 0.00754511 
0.00767829 0.0524489 2.11206e-09 0.00631817 0.125492 1.04756e-08 0.807328 0.000734393 
0.0410487 0.0205148 0.00156615 0.127627 0.0387678 0.000376575 0.770087 1.24969e-05 
0.0049038 0.0310885 0.000873496 0.0919356 0.252513 0.000329013 0.60441 0.0139461 
0.0102909 0.0750581 0.000267949 0.224116 0.166992 0.145223 0.352658 0.0253943 
2.83465e-08 0.0323308 0.0200706 0.0914379 0.328561 1.00835e-06 0.521078 0.00651993 
0.000223041 0.0385335 0.00650456 0.0217302 0.280359 3.87922e-06 0.652549 9.67748e-05 
0.035171 0.332137 3.00835e-06 0.0487126 0.0503053 0.00288336 0.475842 0.0549456 
0.000441701 0.0982236 1.22852e-07 0.00104195 0.0184308 3.01538e-05 0.826072 0.05576 
0.0121975 0.129168 0.000201621 0.044048 0.248316 0.00102896 0.549757 0.0152837 
0.222327 0.0109886 2.69406e-07 0.000218651 0.0483128 0.000133929 0.653554 0.0644646 
0.0260054 0.0364234 0.000189927 0.00745642 0.154739 3.51038e-05 0.763018 0.0121329 
0.00523284 0.197181 0.00326559 0.021887 0.0897221 0.000209008 0.640301 0.0422015 
0.00572592 0.0655677 0.000714711 0.00666344 0.021803 9.62993e-05 0.778332 0.121096 
0.0452163 0.0152897 1.95379e-05 0.00434806 0.165125 0.119713 0.650272 1.67179e-05 
0.00274651 0.00846773 0.200963 0.210421 0.158117 0.000167638 0.418992 0.000124381 
0.0112148 0.0256976 7.90797e-07 0.00257017 0.0714974 4.62827e-05 0.871975 0.0169975 
0.0195762 0.0530152 0.0012047 0.0864912 0.354404 0.00343319 0.462443 0.0194324 
0.0328426 0.0895554 0.00496099 0.0181364 0.0701118 4.59292e-07 0.784278 0.000113983 
0.138653 0.149543 1.4681e-06 0.0156119 0.223506 0.00118478 0.40904 0.06246 
0.0149042 0.0423924 0.000271949 0.0576299 0.0847622 0.000215714 0.788039 0.0117843 
0.0186628 0.00774993 1.24769e-05 0.00701957 0.0689229 0.00128332 0.871115 0.025234 
0.0266644 0.00911961 7.87013e-08 0.0215453 0.164318 6.09994e-05 0.775374 0.00291707 
0.0412868 0.0731754 3.49293e-08 0.000590123 0.141586 7.68422e-07 0.743202 0.000157992 
0.000446998 0.0501551 0.00116245 0.0132207 0.0844752 7.66007e-05 0.737381 0.113081 
0.00159508 0.0620418 1.82569e-07 0.0122956 0.202489 0.00767593 0.705484 0.00841869 
0.222327 0.0109886 2.69406e-07 0.000218651 0.0483128 0.000133929 0.653554 0.0644646 
0.00138221 0.040304 2.67801e-06 0.00349942 0.18202 3.02212e-05 0.767942 0.00481987 
9.93232e-05 0.046939 0.000377853 0.0459598 0.204699 0.000112769 0.700589 0.00122397 
0.00188028 0.0452423 1.12106e-07 0.000567261 0.0120553 5.82195e-05 0.868345 0.0718515 
0.0276617 0.340037 1.07308e-09 0.0245699 0.0622329 0.00190079 0.539824 0.00377365 
0.0028636 0.0277348 1.3187e-07 0.00206584 0.043114 4.81662e-05 0.916628 0.00754511 
0.0662209 0.138576 7.70962e-05 0.256314 0.152183 0.00261202 0.343855 0.0401623 
0.041925 0.0660143 3.65646e-06 0.0221466 0.306009 0.0187329 0.528383 0.016786 
6.83911e-05 0.204639 0.00303802 0.157472 0.12433 4.88021e-06 0.510423 2.42197e-05 
0.00454096 0.0323758 5.00551e-07 0.00468842 0.112483 0.0102025 0.822638 0.01307 
0.0184222 0.0571054 0.000103213 0.0923691 0.334919 3.10172e-05 0.484333 0.0127171 
0.00188028 0.0452423 1.12106e-07 0.000567261 0.0120553 5.82195e-05 0.868345 0.0718515 
0.000489598 0.0341964 3.76241e-08 0.000396143 0.0430068 9.05154e-06 0.905174 0.0167284 
0.00499287 0.0304637 4.26556e-05 0.00522572 0.391508 8.89972e-06 0.567191 0.000567587 
0.0122398 0.153962 3.04875e-08 0.152117 0.121386 0.0165412 0.516648 0.0271058 
0.00363377 0.0580392 4.99952e-06 0.0159719 0.0920342 0.000141135 0.770139 0.0600361 
0.00118865 0.100449 1.45905e-06 0.0826447 0.148132 0.222587 0.437589 0.00740876 
0.0168258 0.0338045 1.15014e-05 0.0131746 0.415219 1.04463e-05 0.499337 0.0216173 
0.000922393 0.0980676 2.26231e-07 0.157693 0.0731684 0.000125001 0.448775 0.221249 
0.00590813 0.0287115 0.000128759 0.0275019 0.216663 2.44786e-05 0.716054 0.0050079 
0.222327 0.0109886 2.69406e-07 0.000218651 0.0483128 0.000133929 0.653554 0.0644646 
0.0100754 0.0514375 0.00277143 0.0103242 0.0583648 8.09546e-05 0.800287 0.0666592 
0.0210103 0.0373412 0.00015205 0.230752 0.30193 0.00454297 0.394185 0.0100873 
0.00401279 0.0835717 1.4615e-06 0.00451123 0.363704 0.00016177 0.470978 0.0730588 
0.000780579 0.226056 2.65642e-10 0.272677 0.0870513 0.000448701 0.410917 0.0020702 
0.0741387 0.0838298 0.000405444 0.00810631 0.184043 0.000367342 0.63162 0.0174895 
1.02523e-09 0.0252857 2.51858e-09 0.229949 0.150252 8.94816e-10 0.594512 1.19133e-06 
0.000429391 0.0448915 0.0124052 0.187699 0.0464522 0.00871818 0.580981 0.118423 
0.0255132 0.249226 0.000201607 0.0725905 0.174776 0.00067536 0.438127 0.0388907 
0.0114599 0.0551567 4.70948e-07 0.00220663 0.298989 0.00283957 0.603209 0.026139 
0.132793 0.0358913 0.000225501 0.0486489 0.174239 0.00328995 0.586738 0.0181752 
0.00998037 0.000565655 2.08072e-06 0.00192484 0.0232567 1.74249e-05 0.963396 0.000856987 
0.0148946 0.0221569 6.96528e-05 0.112262 0.240511 0.00264805 0.605179 0.00227856 
0.0118675 0.0851435 1.04387e-05 0.0759789 0.122649 0.000274694 0.643763 0.0603128 
0.00273097 0.0121121 1.63682e-07 0.0125592 0.257152 0.00658603 0.706281 0.00257854 
0.0028636 0.0277348 1.3187e-07 0.00206584 0.043114 4.81662e-05 0.916628 0.00754511 
0.0339624 0.0144752 3.26542e-06 0.00238538 0.0265718 0.039036 0.882937 0.000628717 
0.00171136 0.000796659 5.92189e-09 0.000116644 0.168332 6.91185e-09 0.82894 0.000103081 
0.00482726 0.00935351 9.59383e-06 0.0124698 0.22441 0.000228728 0.741532 0.00716934 
0.0154977 0.0943556 0.00588126 0.0553573 0.315459 0.00544348 0.361288 0.146718 
1.90495e-05 0.0212653 9.80635e-08 0.00181419 0.109576 5.20615e-06 0.864932 0.00238848 
1.52076e-05 0.102489 0.00246489 0.0216444 0.0160391 8.12255e-05 0.586962 0.270304 
0.00492286 0.0531213 6.61765e-05 0.0538143 0.118437 0.000355989 0.759459 0.00982297 
0.00630426 0.205913 0.00041084 0.0245062 0.362489 6.24992e-05 0.391164 0.00914981 
0.0400465 0.0441052 1.74414e-09 0.00606853 2.39165e-07 0.000141278 0.903847 0.00579073 
0.0105166 0.00551099 0.000273077 0.0262156 0.305733 0.00592822 0.645234 0.000588996 
0.00207804 0.0386097 0.000717824 0.0139757 0.41281 4.35336e-05 0.530137 0.00162879 
0.000814294 0.157795 0.000112321 0.249309 0.170978 0.000101304 0.356442 0.0644481 
0.000147741 0.0618601 0.000231794 0.077993 0.0623351 0.00677663 0.785461 0.0051943 
0.00221275 0.0470272 2.03433e-06 0.0122124 0.061219 0.000166797 0.834688 0.0424716 
0.000131055 0.0289826 7.94469e-07 0.000208581 0.121509 3.23266e-06 0.817051 0.0321136 
0.0191457 0.0379763 0.00247206 0.0183476 0.417182 0.00128689 0.421121 0.0824681 
0.000111996 0.183673 5.33139e-08 0.00497743 0.319214 2.33654e-07 0.472305 0.0197182 
0.0599034 0.0298473 0.0545608 0.220131 0.13152 0.00549138 0.483708 0.0148381 
0.0205278 0.0185978 2.88824e-09 0.00317142 0.0257613 0.000473202 0.931234 0.000234069 
7.34507e-11 0.237034 1.46261e-06 0.00143264 0.154226 7.19806e-07 0.607305 1.56223e-07 
0.0134209 0.0397971 1.64195e-05 0.015149 0.14848 0.00795929 0.740148 0.0350293 
0.011983 0.0421032 5.99648e-12 0.000663747 0.0497115 0.00149213 0.893876 0.000170002 
0.00552638 0.264431 6.89792e-09 0.160538 0.0613236 1.5113e-05 0.507386 0.000779974 
0.000758142 0.0762307 7.03593e-08 0.00108754 0.273589 6.39314e-06 0.628651 0.0196771 
0.0209008 0.107592 7.08383e-07 0.0347567 0.314684 0.0315249 0.486737 0.00380346 
0.00188028 0.0452423 1.12106e-07 0.000567261 0.0120553 5.82195e-05 0.868345 0.0718515 
0.000157994 0.0903707 4.18941e-05 0.00981681 0.103737 1.41926e-05 0.795648 0.000213341 
0.0021142 0.0248762 7.52867e-07 0.00869048 0.135397 3.12313e-05 0.823677 0.00521293 
0.0204184 0.00132723 4.78816e-07 0.0174268 0.0850848 0.392971 0.482601 0.000170466 
0.00284757 0.012505 0.00012587 0.0187979 0.225795 0.00134287 0.735379 0.00320589 
0.0229815 0.0677026 6.9298e-07 0.00768198 0.127258 0.0101661 0.72761 0.0365988 
0.0656317 0.0254325 7.06875e-05 0.027624 0.243556 0.00310803 0.6252 0.00937707 
0.00665002 0.0207606 0.00209309 0.114171 0.385221 0.000448291 0.470544 0.000111255 
0.000936242 0.0182144 0.000428935 0.0264216 0.196564 8.80306e-05 0.757027 0.00032038 
0.0305019 0.154179 0.000125771 0.127042 0.243268 0.00351861 0.393222 0.0481419 
0.00159849 0.0217282 1.631e-06 0.0973527 0.2727 7.63741e-05 0.606464 7.92827e-05 
0.13439 0.0683938 3.29705e-06 0.0121701 0.136232 0.00372035 0.625484 0.0196065 
0.204504 0.0103714 1.88052e-05 0.0190043 0.254278 0.010962 0.495308 0.00555258 
0.0218746 0.0799379 0.000110264 0.0738365 0.343122 0.0252544 0.439005 0.0168598 
0.0116104 0.0349007 0.0013167 0.012644 0.349954 7.08894e-05 0.589035 0.000468459 
0.0174581 0.245225 0.000159131 0.119592 0.2089 0.00385584 0.347182 0.0576279 
0.00243175 0.0177958 1.88799e-06 0.0188008 0.0802716 7.45121e-09 0.880215 0.000483474 
0.00123818 0.000229148 7.88408e-05 0.0217725 0.0426672 0.000111823 0.933804 9.8462e-05 
0.00185348 0.000209125 0.00134813 0.0134471 0.107546 8.06675e-06 0.875588 8.09651e-13 
0.000220759 0.0246531 9.81701e-07 0.0615194 0.320104 0.000175255 0.58214 0.0111867 
0.000105036 0.00484232 6.45231e-08 0.0019148 0.0298046 9.35866e-07 0.963331 1.53909e-06 
0.222327 0.0109886 2.69406e-07 0.000218651 0.0483128 0.000133929 0.653554 0.0644646 
0.000498537 0.0181669 0.00114814 0.00246329 0.102787 8.9114e-07 0.873438 0.00149674 
0.000199516 0.340003 2.7297e-10 0.0085659 0.0982776 6.09968e-06 0.551565 0.00138338 
0.0067106 0.143477 9.45602e-05 0.0459704 0.227793 0.000128724 0.565342 0.0104839 
0.00298553 0.0950841 9.10215e-07 0.00287069 0.405571 3.62769e-05 0.48787 0.00558141 
0.00188028 0.0452423 1.12106e-07 0.000567261 0.0120553 5.82195e-05 0.868345 0.0718515 
0.0018628 0.14186 0.00319887 0.0216649 0.0303076 0.000271388 0.749772 0.0510624 
0.0106201 0.0775464 4.99235e-12 0.000891708 0.0909771 0.000746083 0.818536 0.000682384 
0.054315 0.319396 1.49558e-08 0.0918366 0.108378 0.00549764 0.420354 0.000222013 
0.0415367 0.125699 2.66124e-06 0.0750955 0.234625 0.0165104 0.506528 2.66285e-06 
0.0147667 0.107545 2.57764e-09 0.00933558 0.240887 0.0211394 0.453673 0.152654 
0.00298553 0.0950841 9.10215e-07 0.00287069 0.405571 3.62769e-05 0.48787 0.00558141 
0.0170437 0.0490988 9.22826e-08 0.00335354 0.268313 0.000181965 0.60124 0.0607687 
0.0120479 0.0108755 9.51732e-10 0.0711916 0.351746 6.94279e-05 0.553987 8.2602e-05 
0.00998988 0.07231 0.0146203 0.0194895 0.313439 0.000704023 0.53413 0.0353174 
0.0309647 0.12444 8.53379e-05 0.0252128 0.160997 0.0254763 0.625444 0.00737978 
0.0163697 0.000501238 8.11375e-06 0.0132003 0.123193 0.00087443 0.845834 1.96999e-05 
0.002389 0.0487146 1.21814e-07 0.000562811 0.0124641 5.89748e-05 0.853831 0.0819789 
0.00474118 0.00846086 0.0011111 0.0148291 0.0337666 0.109397 0.823565 0.00412916 
0.000837122 0.00127083 0.00043776 0.0897015 0.281321 5.64231e-05 0.626043 0.000332415 
0.0127102 0.105538 0.000288186 0.20823 0.273822 0.00711308 0.377345 0.0149535 
0.0489404 0.00467448 0.000904478 0.00656324 0.108601 0.000597968 0.828333 0.00138546 
0.000265133 0.0236966 0.000196695 0.391033 0.155598 0.000111572 0.429049 5.00548e-05 
0.132994 0.0688513 4.10766e-05 0.0332007 0.261215 0.000449361 0.495015 0.00823379 
0.375547 0.0613993 2.70209e-05 0.0537794 0.0952524 0.000820279 0.409114 0.00406089 
0.072259 0.0117777 2.8083e-06 0.00376046 0.281347 0.0171955 0.591985 0.0216719 
0.108311 0.269892 1.09464e-07 0.0307183 0.0798539 0.000843689 0.500749 0.00963192 
0.00765969 0.132881 5.92178e-07 0.000989493 0.121203 0.000118233 0.714138 0.02301 
0.00402248 0.103504 2.01068e-10 0.00405584 0.282195 4.28435e-05 0.606094 8.60404e-05 
0.0087806 0.0010868 1.63113e-05 0.0107719 0.0672519 8.98255e-05 0.911059 0.000943878 
0.00255916 0.0658603 4.42263e-09 0.0694147 0.190923 2.80331e-05 0.666604 0.00461051 
0.00462919 0.0854618 0.000284089 0.0372306 0.416859 1.84528e-05 0.453392 0.00212484 
0.000843089 0.0776186 3.32779e-06 0.0426173 0.137317 5.94755e-05 0.732097 0.00944414 
0.00106188 0.0540727 2.80771e-05 0.0134364 0.237948 5.51446e-06 0.68137 0.0120774 
0.000482073 0.0234758 0.118175 0.00713147 0.376778 0.000589134 0.471534 0.00183372 
0.072536 0.093649 0.00315599 0.043095 0.209156 0.000140046 0.546221 0.0320474 
0.0158755 0.139011 0.00012629 0.251167 0.256895 0.00157284 0.320022 0.0153304 
0.0647311 0.056646 0.000419355 0.0161777 0.125729 9.54194e-05 0.730957 0.0052451 
0.003494 0.0506099 7.30736e-06 0.00424961 0.269802 3.97768e-06 0.406339 0.265494 
0.133897 0.0989867 0.000161001 0.0405696 0.299793 0.000501612 0.418222 0.00786832 
0.0143196 0.194933 0.000271575 0.0736775 0.185292 0.000241869 0.437693 0.0935719 
0.000764332 0.000764512 0.000763989 0.000764455 0.00076453 0.000764362 0.994649 0.00076445 
0.222327 0.0109886 2.69406e-07 0.000218651 0.0483128 0.000133929 0.653554 0.0644646 
0.0360607 0.0477165 4.95776e-09 0.153181 0.292694 0.00932464 0.398442 0.0625812 
0.0455801 0.0887755 6.0253e-06 0.262433 0.12256 0.000126246 0.469349 0.0111692 
0.00255916 0.0658603 4.42263e-09 0.0694147 0.190923 2.80331e-05 0.666604 0.00461051 
1.13774e-06 0.0129745 1.13723e-06 0.00341491 0.324001 0.00398339 0.655623 1.13792e-06 
0.0228712 0.196298 7.75543e-07 0.257756 0.106311 3.58513e-05 0.416465 0.000262088 
0.0283526 0.038325 1.32065e-05 0.291058 0.12501 0.0161119 0.497579 0.00355036 
0.046481 0.032856 0.000118023 0.00977821 0.154046 3.86935e-06 0.742245 0.0144716 
0.0155377 0.0910748 0.000326713 0.0212415 0.234921 0.00559409 0.583032 0.0482729 
0.0318587 0.026123 0.000156699 0.398686 0.129468 0.00115188 0.400196 0.0123592 
0.025356 0.0265192 0.0332898 0.0310071 0.287011 0.0023702 0.585792 0.00865526 
0.000765249 0.0464583 1.21845e-05 0.00271743 0.0799523 3.24219e-05 0.847297 0.0227654 
0.0219522 0.0626463 4.9485e-05 0.0285667 0.360047 0.00878907 0.469666 0.048283 
0.0215249 0.0457914 1.4854e-05 0.0172534 0.22151 0.000155486 0.692927 0.000822408 
0.00234732 0.112965 3.89819e-05 0.0641865 0.372025 4.84859e-05 0.434453 0.0139359 
0.00181687 0.0503776 8.95106e-10 0.00543121 0.237095 4.50747e-09 0.703078 0.00220173 
0.00918878 0.0460781 1.4733e-06 0.00195936 0.265627 6.62673e-06 0.676468 0.000670502 
0.00354416 0.0118785 2.1052e-06 0.00656213 0.0992078 1.84105e-05 0.842891 0.0358963 
0.00773461 0.026184 9.72017e-12 0.00192271 0.316367 7.24298e-09 0.64776 3.16374e-05 
0.0122974 0.0664694 2.11148e-08 0.0279706 0.253305 0.000133327 0.638809 0.00101436 
0.0833586 0.0991021 2.99597e-05 0.127506 0.124937 0.00898245 0.543998 0.0120848 
1.44253e-06 0.00149935 3.54371e-06 0.0140326 2.29944e-07 0.00126028 0.983202 7.28479e-07 
0.00215189 0.0591635 4.23653e-10 0.0556338 0.404775 0.000100802 0.478175 1.51442e-07 
0.031732 0.106063 0.00107838 0.0924482 0.266947 0.00402704 0.467387 0.030318 
0.00885928 0.023467 9.5056e-07 0.00212071 0.400758 0.000180507 0.543267 0.0213468 
0.0170055 0.00840042 6.57526e-09 0.00494169 0.303442 3.42628e-06 0.665789 0.000418884 
0.00111319 0.00481635 2.18177e-06 0.0116525 0.126878 0.000166048 0.855122 0.000249141 
0.0173829 0.00167006 4.01961e-05 0.0029348 0.0227156 0.00011783 0.932769 0.0223695 
0.00895173 0.402842 0.000263513 0.0507363 0.0953022 0.000180734 0.441634 8.94875e-05 
0.222327 0.0109886 2.69406e-07 0.000218651 0.0483128 0.000133929 0.653554 0.0644646 
0.103731 0.0320744 1.84472e-06 0.0147254 0.146396 0.013517 0.684608 0.00494644 
0.00697563 0.0894129 8.69547e-05 0.0592166 0.40329 0.000212529 0.419996 0.0208099 
0.000331953 0.0301128 3.33663e-10 0.00490516 0.28268 2.56617e-05 0.681092 0.000852759 
0.0449202 0.0366977 3.10882e-05 0.00486675 0.121543 0.00028179 0.777457 0.0142024 
0.0127578 0.0904564 1.49202e-07 0.00296015 0.118623 0.00648035 0.750029 0.0186938 
0.00602616 0.0210942 1.01067e-09 0.0180029 0.0248767 0.000754471 0.929158 8.80056e-05 
0.0248632 0.0703629 0.00083062 0.030166 0.199342 0.000718886 0.662058 0.0116582 
0.0100278 0.0743169 7.97931e-05 0.124047 0.378703 0.000905146 0.387574 0.0243469 
0.00411691 0.00708612 5.28812e-08 0.00110277 0.030227 0.000116385 0.951726 0.00562482 
0.000274154 0.367172 5.06821e-08 0.00495528 0.18746 0.0203678 0.418527 0.00124334 
0.162594 0.20419 1.81816e-05 0.0822931 0.119366 0.000794853 0.423426 0.00731805 
0.00188028 0.0452423 1.12106e-07 0.000567261 0.0120553 5.82195e-05 0.868345 0.0718515 
0.00188028 0.0452423 1.12106e-07 0.000567261 0.0120553 5.82195e-05 0.868345 0.0718515 
0.00192845 0.125693 2.76301e-05 0.234389 0.0374364 0.00514056 0.594824 0.00056082 
0.00441272 0.166003 0.000195681 0.0700286 0.335727 0.000101457 0.397913 0.0256185 
0.0320643 0.0286199 1.23718e-06 0.00371268 0.0962776 0.00783936 0.705527 0.125958 
0.0169201 0.0322321 2.26237e-05 0.0774133 0.368811 0.000709243 0.499341 0.00455099 
0.00197106 0.0550404 2.22218e-06 0.0132815 0.0505381 0.000183312 0.823712 0.0552713 
0.00500728 0.0251367 2.43294e-07 0.00219841 0.0317815 8.98788e-05 0.924283 0.0115026 
0.00163057 0.0317239 2.38523e-08 0.00445379 0.418906 0.000242676 0.530994 0.0120493 
0.0445123 0.0566063 2.54833e-06 0.107067 0.178875 0.0250737 0.584441 0.00342272 
0.00321825 0.0187628 3.416e-07 0.0248119 0.226083 3.75275e-05 0.726678 0.000407751 
0.0251612 0.0605011 5.55466e-05 0.0456242 0.292153 0.000980758 0.534539 0.0409854 
0.0110398 0.0228467 0.000314322 0.0465791 0.246648 9.29518e-05 0.668208 0.00427109 
0.0564639 0.0289033 8.90658e-06 0.0220677 0.140974 0.000249969 0.744273 0.00705948 
0.0329361 0.11199 1.19264e-09 0.0735446 0.232718 0.00311024 0.545636 6.506e-05 
0.00500728 0.0251367 2.43294e-07 0.00219841 0.0317815 8.98788e-05 0.924283 0.0115026 
0.00322256 0.0187709 9.95136e-05 0.00335272 0.235974 1.53536e-05 0.738149 0.000416152 
0.0189844 0.0502063 1.79136e-06 0.00379571 0.439624 3.74757e-08 0.48624 0.0011481 
0.0680786 0.0819812 2.41523e-08 0.281683 0.158061 0.0244851 0.355881 0.0298295 
0.0075519 0.197755 9.33567e-05 0.0447151 0.319116 0.0635743 0.33678 0.0304152 
0.0197968 0.166172 0.00225209 0.150203 0.220078 0.00228667 0.434382 0.00482885 
0.00494216 0.0184257 5.1553e-07 0.0153996 0.028741 0.000235966 0.925765 0.00648972 
0.0145586 0.0874888 1.33813e-05 0.019802 0.393976 0.000988755 0.41077 0.0724024 
0.00330419 0.0926523 0.0147413 0.0395744 0.357223 0.00381082 0.465738 0.022956 
0.0241834 0.0192506 5.82017e-07 0.00310042 0.335511 0.000922682 0.579583 0.0374478 
0.00830596 0.276159 5.16101e-08 0.0162019 0.301272 0.000187249 0.369279 0.0285955 
0.0176424 0.0867506 2.36912e-05 0.12984 0.131607 0.000246803 0.625514 0.00837492 
0.0074965 0.0332761 3.11745e-07 0.0365299 0.0824289 6.71518e-08 0.797395 0.0428734 
0.0568072 0.0229532 2.92318e-09 0.151207 0.215687 0.00185064 0.551424 7.05012e-05 
0.000244403 0.0040505 5.85654e-06 0.0704414 0.0245765 1.0512e-09 0.900681 5.23078e-08 
0.0028636 0.0277348 1.3187e-07 0.00206584 0.043114 4.81662e-05 0.916628 0.00754511 
0.125041 0.0511149 4.36467e-05 0.278043 0.0485777 0.00431827 0.471243 0.0216179 
8.24486e-07 0.261033 5.35478e-06 0.26522 0.0028596 2.92076e-10 0.470879 1.40137e-06 
0.0265575 0.0121198 3.84945e-06 0.0160093 0.114808 0.00050241 0.82953 0.000469137 
0.000175442 0.28729 6.91711e-05 0.023016 0.144785 1.35342e-05 0.486296 0.058355 
0.0015373 0.0668363 9.51878e-05 0.170129 0.219917 0.000101364 0.541302 8.14887e-05 
0.00233593 0.130705 2.44637e-06 0.0267403 0.353738 3.07762e-05 0.455115 0.0313322 
0.0015294 0.00224491 0.00525117 0.0566704 0.424887 0.000406761 0.507667 0.00134277 
0.00323626 0.074652 3.81423e-05 0.0146168 0.241115 9.41543e-05 0.58164 0.0846077 
0.00376688 0.305445 6.84646e-08 0.0264928 0.198149 0.0473471 0.400761 0.0180378 
0.0272508 0.057312 0.000835533 0.0481868 0.415222 0.0129521 0.426656 0.0115851 
0.011983 0.0421032 5.99648e-12 0.000663747 0.0497115 0.00149213 0.893876 0.000170002 
0.000690092 0.122458 1.30395e-08 0.296518 0.111475 0.00195321 0.465847 0.00105981 
0.0147826 0.099651 1.27192e-05 0.043953 0.0438077 0.0115391 0.782476 0.00377763 
0.00105381 0.0700924 3.66683e-06 0.0495357 0.1432 0.000754466 0.732596 0.00276363 
0.00628666 0.128654 9.58624e-06 0.25417 0.133543 0.000156122 0.476607 0.000573642 
0.00375179 0.173738 0.00452518 0.0239691 0.341489 1.97246e-05 0.447389 0.00511789 
0.000568964 0.0718118 0.000151305 0.0334625 0.221879 9.47726e-05 0.652499 0.019533 
0.00268749 0.13181 2.67286e-06 0.0191554 0.163837 0.000167733 0.639279 0.0430612 
0.0360677 0.000139314 7.73847e-05 0.00151717 0.231509 9.44443e-08 0.730689 1.17718e-08 
0.0319118 0.119483 0.000306501 0.072399 0.36753 0.00213777 0.381606 0.0246254 
0.0111612 0.00689956 6.27745e-05 0.00528171 0.181243 0.000122821 0.794571 0.000658313 
0.00500728 0.0251367 2.43294e-07 0.00219841 0.0317815 8.98788e-05 0.924283 0.0115026 
0.000404079 0.00357607 7.24419e-06 0.125215 0.041877 0.000271427 0.828527 0.000121712 
0.00188028 0.0452423 1.12106e-07 0.000567261 0.0120553 5.82195e-05 0.868345 0.0718515 
0.0279985 0.0453878 5.70222e-05 0.0256685 0.13612 0.0474666 0.678413 0.0388884 
0.00644968 0.0930962 4.14783e-07 0.310338 0.0386938 0.000240236 0.548704 0.00247766 
0.00271576 0.131158 1.28181e-07 0.250103 0.274122 0.000575835 0.323206 0.0181195 
0.049592 0.039342 9.14863e-05 0.197099 0.148589 0.000167592 0.564663 0.000456769 
0.222327 0.0109886 2.69406e-07 0.000218651 0.0483128 0.000133929 0.653554 0.0644646 
0.00858181 0.0230722 3.12688e-07 0.00901885 0.054014 3.44946e-05 0.884998 0.0202802 
0.015106 0.117702 6.96324e-05 0.24247 0.168842 0.000115198 0.365348 0.0903468 
0.0454901 0.210948 5.49415e-05 0.012556 0.0631249 0.000179723 0.616209 0.051437 
0.0599557 0.166464 1.92756e-07 0.0294748 0.158986 0.00525863 0.469245 0.110615 
0.00328633 0.11813 2.77738e-05 0.042234 0.14243 0.000635539 0.681732 0.0115241 
2.68262e-07 0.373292 1.64758e-07 0.000650812 0.162773 1.77713e-08 0.461566 0.00171828 
0.00138743 0.0288955 0.00104984 0.00178141 0.190414 1.33503e-05 0.776077 0.000382421 
0.0151028 0.00994278 1.02882e-06 0.0140513 0.118183 9.9961e-05 0.831244 0.011375 
0.0413892 0.0492297 0.000190727 0.00642819 0.170718 0.00496363 0.707262 0.0198192 
0.00251198 0.0260178 0.00311731 0.00229228 0.059991 3.10357e-08 0.902393 0.00367662 
0.0055212 0.00177924 3.37933e-05 0.067363 0.297723 0.000741498 0.626838 7.50682e-08 
5.62384e-09 0.000512912 0.000416462 0.135954 0.274769 0.000101174 0.588148 9.8379e-05 
0.0934404 0.0314576 0.000104593 0.0688804 0.154724 0.0949735 0.533743 0.0226762 
0.00575547 0.113993 1.11614e-07 0.0483179 0.376907 0.000348256 0.410856 0.0438232 
0.0316202 0.0608942 0.000382602 0.0279569 0.291671 0.0169931 0.535008 0.0354733 
0.00162019 0.0394995 3.15364e-05 0.00468226 0.0693721 4.77779e-05 0.873684 0.0110626 
0.0239517 0.0892981 2.09431e-05 0.107196 0.162712 0.00549825 0.584745 0.0265777 
1.13774e-06 0.0129745 1.13723e-06 0.00341491 0.324001 0.00398339 0.655623 1.13792e-06 
0.00482077 0.0655093 0.000145428 0.00536262 0.14212 0.000116524 0.780285 0.00164063 
0.00380274 0.141002 6.14775e-05 0.0315144 0.158023 2.77056e-05 0.644035 0.021534 
0.222327 0.0109886 2.69406e-07 0.000218651 0.0483128 0.000133929 0.653554 0.0644646 
0.0804887 0.192894 1.89453e-07 0.0275769 0.168542 0.0318695 0.464872 0.0337573 
0.212974 0.100957 7.92295e-05 0.0221802 0.269509 0.00130249 0.365714 0.0272839 
0.222327 0.0109886 2.69406e-07 0.000218651 0.0483128 0.000133929 0.653554 0.0644646 
0.00289324 0.11239 0.00381604 0.0268827 0.349076 1.52606e-05 0.503828 0.00109951 
0.00675889 0.0968597 1.66118e-06 0.264694 0.110643 7.36543e-05 0.520548 0.000420945 
0.00183261 0.0351089 8.15255e-05 0.0181994 0.194763 0.000218231 0.740981 0.00881556 
0.0112316 0.0233533 3.09667e-07 0.00263063 0.0460175 0.000124822 0.889447 0.0271952 
0.0158118 0.0539241 0.000277414 0.0179804 0.285359 0.000836261 0.620069 0.0057418 
0.00411691 0.00708612 5.28812e-08 0.00110277 0.030227 0.000116385 0.951726 0.00562482 
0.0110398 0.0228467 0.000314322 0.0465791 0.246648 9.29518e-05 0.668208 0.00427109 
0.00913372 0.0139218 2.04224e-06 0.0131155 0.0829827 0.0325263 0.82757 0.0207476 
0.0400465 0.0441052 1.74414e-09 0.00606853 2.39165e-07 0.000141278 0.903847 0.00579073 
0.000891318 0.0178534 8.50468e-06 0.00364513 0.34163 0.0199194 0.61338 0.00267215 
0.0259098 0.0486184 5.53376e-06 0.0232776 0.114737 0.000216349 0.765507 0.0217286 
0.000666932 0.0490824 0.0203761 0.289695 0.121849 0.000117376 0.364779 0.153435 
0.0336695 0.0909844 4.50667e-08 0.0199445 0.0275134 0.00274846 0.794784 0.0303556 
0.000295735 0.075322 7.17566e-07 0.00686098 0.0783072 0.000139386 0.81384 0.0252339 
0.01359 0.293966 5.1867e-05 0.0761044 0.229166 0.000828775 0.361764 0.0245288 
0.22751 0.074531 1.56013e-05 0.128003 0.102959 0.000217513 0.466382 0.000381673 
0.0729881 0.12545 1.18086e-05 0.0205765 0.170817 0.00118772 0.599769 0.00919988 
0.0210982 0.00522216 8.97329e-06 0.00638672 0.160705 0.00457997 0.772956 0.029043 
0.00170989 0.131286 0.00010156 0.0230016 0.0386092 0.00589665 0.795476 0.00391937 
0.0354168 0.0549124 0.0030834 0.0244941 0.0999872 0.00326391 0.7696 0.00924225 
0.222327 0.0109886 2.69406e-07 0.000218651 0.0483128 0.000133929 0.653554 0.0644646 
0.00244151 0.0064586 9.11905e-05 0.0414407 0.277041 4.0528e-05 0.659557 0.0129295 
0.0139329 0.00335396 1.20442e-06 0.00703861 0.038923 4.50565e-05 0.936474 0.000231162 
0.222327 0.0109886 2.69406e-07 0.000218651 0.0483128 0.000133929 0.653554 0.0644646 
0.139631 0.273477 0.00562359 0.169285 0.017043 0.00445885 0.39018 0.000301265 
0.0153597 0.119663 2.46787e-07 0.00827311 0.328521 0.0224073 0.483415 0.0223605 
0.000514569 0.0556841 5.69362e-05 0.0222666 0.22894 0.00147897 0.665239 0.0258204 
8.39702e-05 0.0595909 1.68025e-08 0.00321763 0.060106 1.81704e-05 0.851599 0.0253847 
0.0314968 0.080926 0.138495 0.118278 0.0723409 0.0150348 0.514941 0.0284872 
0.0172313 0.101674 1.20601e-07 0.0290441 0.28503 0.0548765 0.501971 0.0101732 
0.100694 0.0438052 1.12817e-06 0.010545 0.0651082 0.000764966 0.770306 0.00877552 
0.0110796 0.0192966 1.96387e-08 0.00393917 0.259866 1.99985e-05 0.705318 0.000481512 
0.154825 0.094636 1.34162e-06 0.0993893 0.158006 0.0184243 0.472667 0.00205086 
0.0157067 0.0246988 0.00283306 0.0734413 0.287557 0.00121522 0.594547 8.09703e-07 
0.222327 0.0109886 2.69406e-07 0.000218651 0.0483128 0.000133929 0.653554 0.0644646 
0.000489598 0.0341964 3.76241e-08 0.000396143 0.0430068 9.05154e-06 0.905174 0.0167284 
0.011983 0.0421032 5.99648e-12 0.000663747 0.0497115 0.00149213 0.893876 0.000170002 
0.217955 0.0281888 7.48676e-06 0.0234978 0.188324 0.0202236 0.453898 0.0679049 
0.00657729 0.00643595 1.58992e-05 0.0248407 0.178566 0.000518821 0.782919 0.000126201 
0.0251627 0.0353051 0.000929634 0.0531843 0.133213 0.000919884 0.743493 0.00779234 
0.00514174 0.0136215 0.00132024 0.02468 0.100583 0.0002012 0.827098 0.0273551 
6.47167e-07 0.0546218 1.69451e-07 0.0037658 0.106368 0.000118224 0.835125 9.39812e-07 
0.148808 0.100796 3.13145e-05 0.108436 0.0898127 0.00320618 0.532203 0.016707 
0.00720836 0.011924 0.000106494 0.102615 0.392314 0.00511851 0.479798 0.000915682 
0.0100462 0.0364824 1.6206e-06 0.0821538 0.364439 0.00371471 0.501349 0.00181273 
0.0958435 0.19575 0.00166005 0.00543305 0.274804 0.000100657 0.424176 0.00223233 
0.00802949 0.00181856 5.22095e-10 0.00207901 0.467342 8.93758e-08 0.520725 6.03124e-06 
0.00779045 0.108228 3.99033e-08 0.0627893 0.366743 0.000944081 0.438436 0.0150683 
0.00708253 0.0625244 9.53691e-12 0.00106024 0.0371318 0.0845233 0.807543 0.00013433 
