0.00740368 0.00370182 2.70005e-07 0.00250627 0.317785 0.000186487 0.661383 0.00703335 
1.35853e-05 0.0168436 3.84617e-08 0.00562764 0.0208482 2.01376e-05 0.951655 0.00499149 
0.00311599 0.261205 5.87899e-05 0.0160087 0.165922 0.000646761 0.281181 0.271861 
0.0127065 0.0531167 3.26102e-07 0.0122213 0.040591 0.0109503 0.859015 0.0113986 
0.011358 0.0181434 1.95294e-06 0.00496023 0.260535 0.0279561 0.650934 0.0261114 
0.0323383 0.0205413 0.000692866 0.0697816 0.321406 0.00411086 0.511832 0.0392975 
0.00502992 0.0243087 2.88752e-05 0.0694033 0.374444 0.000119554 0.524777 0.00188881 
5.44362e-05 0.0776019 5.45684e-05 0.109712 0.130007 3.05229e-06 0.682559 7.80695e-06 
8.39702e-05 0.0595909 1.68025e-08 0.00321763 0.060106 1.81704e-05 0.851599 0.0253847 
0.00135126 0.0136843 0.00420738 0.103003 0.359436 0.00140706 0.505041 0.0118702 
0.00369712 0.164149 0.0564266 0.250644 0.155988 0.000787388 0.353528 0.0147801 
0.00472897 0.103323 4.82249e-05 0.0405199 0.315623 0.0201491 0.462125 0.0534825 
0.00197073 0.117623 0.00029411 0.36382 0.119342 7.26453e-05 0.373738 0.0231388 
0.100514 0.00604828 5.62242e-07 0.00161998 0.0763757 0.000420936 0.779542 0.0354789 
0.0676319 0.0226525 4.7635e-09 0.0048063 0.0446112 0.00335084 0.830078 0.0268692 
0.222327 0.0109886 2.69406e-07 0.000218651 0.0483128 0.000133929 0.653554 0.0644646 
0.0032267 0.00721335 1.46793e-05 0.000162514 0.32505 4.70957e-06 0.655506 0.00882184 
0.00383865 0.0377523 1.25508e-08 0.00609518 0.281527 8.79392e-05 0.658943 0.0117558 
0.00489465 0.149736 2.16499e-09 0.00490657 0.280889 5.14579e-05 0.522217 0.0373051 
0.00337387 0.0184208 8.03662e-07 0.224396 0.147608 0.00110501 0.605042 5.40061e-05 
0.0028636 0.0277348 1.3187e-07 0.00206584 0.043114 4.81662e-05 0.916628 0.00754511 
0.0223436 0.0289007 2.25722e-06 0.0017757 0.113346 0.00546819 0.62813 0.200033 
0.00973805 0.147458 0.00010312 0.0478384 0.219233 0.000861997 0.553559 0.0212084 
0.222327 0.0109886 2.69406e-07 0.000218651 0.0483128 0.000133929 0.653554 0.0644646 
0.00188028 0.0452423 1.12106e-07 0.000567261 0.0120553 5.82195e-05 0.868345 0.0718515 
0.119557 0.00513486 9.76741e-09 0.281364 0.0951303 7.80343e-07 0.48586 0.0129536 
0.00136712 0.0854361 9.81273e-05 0.0433577 0.103185 0.00338902 0.73769 0.0254775 
0.00581884 0.0444563 3.44282e-07 0.0838972 0.387431 0.00443177 0.471075 0.00288946 
0.0038776 0.0260697 1.02588e-05 0.276888 0.128711 0.000217557 0.542522 0.0217041 
0.00730609 0.0416802 0.00016354 0.031385 0.096393 0.000383985 0.765605 0.0570832 
0.0186628 0.00774993 1.24769e-05 0.00701957 0.0689229 0.00128332 0.871115 0.025234 
0.0139778 0.212112 0.000693061 0.0620936 0.248245 0.00186778 0.446944 0.0140675 
0.00715032 0.0723417 6.01111e-05 0.0115018 0.123909 4.06575e-05 0.757924 0.027073 
0.00102611 0.0346004 6.21843e-09 0.0246869 0.135753 0.0002045 0.799597 0.00413192 
0.00752463 0.0654588 0.00102598 0.0169656 0.35163 0.00464585 0.537763 0.0149865 
0.000247574 0.00214442 4.08155e-08 0.000441069 0.00456246 1.45011e-08 0.992076 0.000528605 
6.3569e-05 0.00387611 2.13836e-12 0.00279147 0.26958 7.67398e-09 0.721482 0.00220724 
0.121042 0.0195958 1.81246e-06 0.00375947 0.0379668 0.00047225 0.67466 0.142502 
0.0328063 0.0330432 9.14128e-05 0.0563487 0.170469 0.00629187 0.669729 0.0312209 
0.0175449 0.00892526 0.000395625 0.0492897 0.109038 0.000388864 0.751593 0.0628239 
0.0492507 0.082341 0.026813 0.00071031 0.320688 9.90123e-05 0.520042 5.59543e-05 
0.00713984 0.0507569 9.49588e-05 0.0155096 0.235338 0.000119741 0.676617 0.014424 
0.260326 0.0265162 3.51609e-06 0.254657 0.192135 0.000103363 0.266253 6.51693e-06 
0.000829836 0.0251437 0.000108013 0.00509305 0.412908 2.72451e-05 0.550804 0.00508594 
6.68718e-08 0.0202155 1.10246e-11 0.00117957 0.0677811 3.91687e-12 0.910824 1.4278e-07 
0.0186628 0.00774993 1.24769e-05 0.00701957 0.0689229 0.00128332 0.871115 0.025234 
2.23419e-07 0.256635 5.19874e-10 0.0244625 0.232753 9.3749e-08 0.486142 6.57968e-06 
0.159618 0.0201182 3.30772e-07 0.0960745 0.278431 0.00376584 0.434198 0.00779464 
0.02102 0.0254109 6.87035e-07 0.00446724 0.203646 5.31891e-05 0.736724 0.00867873 
0.006826 0.0053535 1.21339e-07 0.000868237 0.0486121 0.000134875 0.93551 0.00269513 
0.271116 0.0743618 6.05908e-05 0.0666552 0.143031 0.00988067 0.417187 0.0177083 
0.236768 0.0279246 4.40793e-05 0.0384687 0.0692617 0.00123487 0.625015 0.0012833 
0.00552893 0.220534 2.72676e-08 0.0218463 0.112181 0.000337761 0.639273 0.000298949 
0.00677223 0.133596 0.001588 0.207746 0.179957 9.86853e-05 0.466239 0.00400277 
0.0360607 0.0477165 4.95776e-09 0.153181 0.292694 0.00932464 0.398442 0.0625812 
0.264103 0.135702 2.99246e-07 0.0798417 0.0867301 0.124251 0.285974 0.0233976 
0.000489598 0.0341964 3.76241e-08 0.000396143 0.0430068 9.05154e-06 0.905174 0.0167284 
0.022715 0.058484 0.000835843 0.0173189 0.340316 0.0428978 0.494045 0.0233877 
0.222327 0.0109886 2.69406e-07 0.000218651 0.0483128 0.000133929 0.653554 0.0644646 
0.147391 0.104797 6.07656e-06 0.0795111 0.315906 0.00985374 0.325215 0.0173207 
0.328803 0.000441263 5.36434e-09 0.000472032 0.0308197 7.67514e-05 0.636602 0.00278541 
0.00338281 0.354985 6.52546e-05 0.110854 0.131679 0.000286256 0.394473 0.00427469 
0.000350952 0.0296152 8.90856e-05 0.00626833 0.204276 5.29166e-05 0.724831 0.0345169 
0.00231829 0.0545898 7.02855e-05 0.195447 0.313978 9.94722e-06 0.427317 0.00626952 
0.0104451 0.333103 5.79154e-06 0.0478791 0.0670129 3.46182e-05 0.517432 0.0240871 
0.0028636 0.0277348 1.3187e-07 0.00206584 0.043114 4.81662e-05 0.916628 0.00754511 
0.00637196 0.0603388 9.17387e-05 0.0200721 0.430585 0.00909578 0.45328 0.0201648 
0.0264239 0.0440208 0.00890521 0.0437676 0.210172 0.000139491 0.659891 0.00667961 
0.00842479 0.0144327 4.77229e-05 0.00846619 0.120371 0.000591231 0.825928 0.0217388 
0.00941344 0.123387 5.65153e-05 0.0223049 0.245383 0.00158896 0.518991 0.0788758 
4.49203e-05 0.328343 1.81012e-08 0.013895 0.0686514 0.0053817 0.578248 0.00543546 
1.15345e-07 0.00505702 7.07961e-11 0.00157189 0.370498 5.13647e-05 0.622822 1.45535e-11 
0.222327 0.0109886 2.69406e-07 0.000218651 0.0483128 0.000133929 0.653554 0.0644646 
4.98471e-05 0.0741393 1.8831e-05 0.0215713 0.11075 6.03722e-06 0.78921 0.00425509 
0.0827354 0.0672309 9.26501e-11 0.00363136 0.181052 0.00078468 0.664057 0.00050854 
0.0010072 0.02963 0.00239864 0.278203 0.262466 0.000102329 0.426144 4.87401e-05 
0.00708253 0.0625244 9.53691e-12 0.00106024 0.0371318 0.0845233 0.807543 0.00013433 
0.0276617 0.340037 1.07308e-09 0.0245699 0.0622329 0.00190079 0.539824 0.00377365 
0.0225052 0.0430492 7.0412e-06 0.0151899 0.136643 0.000295198 0.773114 0.00919647 
0.000243958 0.0178049 9.07426e-10 3.71022e-05 0.0116248 1.02485e-06 0.970287 1.22728e-06 
0.0153079 0.024229 8.97945e-07 0.00319768 0.0928419 0.00280382 0.837002 0.0246166 
0.00411691 0.00708612 5.28812e-08 0.00110277 0.030227 0.000116385 0.951726 0.00562482 
0.00357437 0.235617 0.000115489 0.112914 0.277509 0.000324038 0.354607 0.0153383 
0.000525814 0.0174177 2.02416e-12 2.52642e-05 0.490534 1.58593e-09 0.491405 9.17955e-05 
0.0039212 0.184498 4.89455e-06 0.270938 0.0645732 0.0377436 0.434058 0.00426281 
0.0310133 0.160225 0.000152224 0.114983 0.301223 0.00100169 0.31971 0.0716913 
0.0262365 0.0305453 5.40914e-09 0.0146091 0.197928 0.0455914 0.681708 0.00338167 
6.68718e-08 0.0202155 1.10246e-11 0.00117957 0.0677811 3.91687e-12 0.910824 1.4278e-07 
0.00404138 0.026061 3.05201e-06 0.00101406 0.16799 0.000323779 0.800567 1.7391e-08 
0.0212926 0.00781345 1.06429e-05 0.00511347 0.294211 2.55773e-05 0.664061 0.00747254 
0.0673355 0.0687044 1.01083e-05 0.132874 0.238382 0.0550028 0.329573 0.108118 
0.0110065 0.0694666 2.72207e-06 0.0160526 0.185252 0.000189616 0.698069 0.0199606 
0.046982 0.00946957 4.77406e-06 0.0043445 0.0444753 0.00172692 0.874488 0.0185088 
1.885e-10 0.229114 1.14564e-06 0.181624 0.24405 2.48088e-06 0.34506 0.000148576 
0.0151855 0.202079 3.23625e-06 0.0330805 0.267656 0.000451457 0.474643 0.00690152 
0.0102809 0.0206614 2.82419e-06 0.0118378 0.393042 0.000282327 0.550584 0.0133094 
0.010589 0.0917885 0.00243973 0.0355653 0.303997 0.00514296 0.506694 0.0437832 
0.00376229 0.025035 1.32936e-06 0.00192322 0.0650369 3.75017e-05 0.888149 0.0160549 
0.179739 0.034231 3.1691e-07 0.00364813 0.0361393 0.000754633 0.717529 0.0279587 
0.160294 0.116837 1.2956e-06 0.224476 0.0806876 0.00022291 0.390704 0.0267772 
0.00271095 0.0662928 2.1632e-05 0.0503324 0.0733425 0.000212746 0.716069 0.0910176 
0.00169647 0.0629532 7.3043e-06 0.0150165 0.356588 0.000425408 0.51675 0.0465634 
0.0200258 0.0866995 4.48329e-09 0.102043 0.290591 0.000707932 0.37563 0.124303 
0.00952196 0.106989 7.74642e-07 0.134294 0.183645 0.0107886 0.466498 0.0882634 
0.0100047 0.000697873 0.00029606 0.00472282 0.212502 0.000352239 0.750495 0.0209291 
0.0186628 0.00774993 1.24769e-05 0.00701957 0.0689229 0.00128332 0.871115 0.025234 
0.00708253 0.0625244 9.53691e-12 0.00106024 0.0371318 0.0845233 0.807543 0.00013433 
0.00284745 0.0854991 4.38617e-06 0.0271056 0.26294 0.000211456 0.620909 0.000483075 
0.00771196 0.013503 7.98012e-09 0.00544798 0.171949 0.000137533 0.798784 0.00246604 
0.00156019 0.255711 2.47752e-09 0.0292354 0.221212 9.67883e-09 0.473449 0.0188322 
0.0120517 0.136488 0.000699343 0.0135638 0.11181 0.000181791 0.637339 0.0878671 
0.00500728 0.0251367 2.43294e-07 0.00219841 0.0317815 8.98788e-05 0.924283 0.0115026 
3.75213e-05 0.176714 4.35453e-08 0.00259636 0.178354 0.000190991 0.641971 0.000136642 
0.00788631 0.22789 2.29728e-05 0.0620591 0.268028 0.0209155 0.383534 0.0296636 
0.00493874 0.00612654 1.18617e-05 0.0566467 0.18923 0.065836 0.673519 0.00369055 
0.000489598 0.0341964 3.76241e-08 0.000396143 0.0430068 9.05154e-06 0.905174 0.0167284 
0.0114057 0.174789 1.69237e-07 0.0223416 0.258756 0.000480765 0.483973 0.0482528 
0.001058 0.00263411 0.00326513 0.00644899 0.0354008 2.89078e-05 0.951078 8.5647e-05 
0.0910264 0.0711217 6.00343e-05 0.0278572 0.268305 0.00376795 0.512001 0.0258605 
0.00787647 0.00538252 6.95293e-11 0.0104565 0.118661 0.000252001 0.857272 9.92259e-05 
0.222327 0.0109886 2.69406e-07 0.000218651 0.0483128 0.000133929 0.653554 0.0644646 
0.0147877 0.0364091 5.09439e-05 0.0137607 0.177846 0.000187456 0.73841 0.0185479 
0.011983 0.0421032 5.99648e-12 0.000663747 0.0497115 0.00149213 0.893876 0.000170002 
0.0028636 0.0277348 1.3187e-07 0.00206584 0.043114 4.81662e-05 0.916628 0.00754511 
0.0450692 0.108067 4.33022e-06 0.0553661 0.233891 0.00263581 0.539999 0.0149676 
0.0325339 0.00944801 0.00101485 0.0179363 0.109947 0.000517818 0.812436 0.016166 
0.0225052 0.0430492 7.0412e-06 0.0151899 0.136643 0.000295198 0.773114 0.00919647 
0.222327 0.0109886 2.69406e-07 0.000218651 0.0483128 0.000133929 0.653554 0.0644646 
0.0300318 0.0156436 0.000114262 0.0317196 0.369599 0.154106 0.394317 0.00446827 
9.79413e-05 0.04847 0.000113002 0.0483341 0.409733 0.0097843 0.482168 0.00129997 
0.00065145 0.0074535 9.75969e-05 0.00295763 0.270197 0.000216881 0.504998 0.213428 
0.00050196 0.0246506 1.17919e-07 0.00750648 0.0798082 0.000226 0.847149 0.0401574 
0.0226851 0.232925 0.00317581 0.0628364 0.194773 4.1807e-06 0.417035 0.066566 
1.52076e-05 0.102489 0.00246489 0.0216444 0.0160391 8.12255e-05 0.586962 0.270304 
0.00857927 0.161094 8.57353e-09 0.0189029 0.208545 0.0191588 0.57017 0.0135496 
0.0097431 0.151045 1.08798e-07 0.0350846 0.148011 0.000622776 0.572967 0.0825265 
0.00924647 0.144359 5.4007e-07 0.0443095 0.140627 0.00661285 0.627698 0.0271467 
0.0311096 0.0390916 0.000250208 0.0259532 0.162021 0.00492417 0.723493 0.0131576 
0.011983 0.0421032 5.99648e-12 0.000663747 0.0497115 0.00149213 0.893876 0.000170002 
0.00769219 0.213976 1.61886e-08 0.254681 0.1769 1.54243e-05 0.34655 0.000184615 
0.222327 0.0109886 2.69406e-07 0.000218651 0.0483128 0.000133929 0.653554 0.0644646 
0.0252476 0.201448 7.03549e-06 0.0719312 0.290921 0.00044218 0.374883 0.0351204 
0.00787647 0.00538252 6.95293e-11 0.0104565 0.118661 0.000252001 0.857272 9.92259e-05 
0.0145572 0.22692 3.08271e-07 0.0137268 0.158996 0.00148073 0.368707 0.215611 
0.00449692 0.0816833 1.67026e-08 0.00906219 0.163048 0.0424174 0.687717 0.011575 
0.00168575 0.0729057 0.00056408 0.0535114 0.134472 0.00107904 0.697577 0.0382044 
0.0573795 0.00772149 5.98705e-05 0.00947407 0.0721641 0.000232735 0.831575 0.0213935 
0.0275421 0.0133685 1.07596e-07 0.0281027 0.377047 0.00399286 0.548668 0.00127879 
0.0617534 0.00948004 3.1765e-05 0.0495311 0.323575 0.000377962 0.555133 0.000117615 
0.120335 0.00914631 5.40769e-06 0.00303207 0.174848 0.0418823 0.603031 0.0477189 
0.0207349 0.106954 3.14661e-06 0.0506912 0.34276 0.0535989 0.416551 0.00870651 
0.00188028 0.0452423 1.12106e-07 0.000567261 0.0120553 5.82195e-05 0.868345 0.0718515 
0.0110398 0.0228467 0.000314322 0.0465791 0.246648 9.29518e-05 0.668208 0.00427109 
0.00379429 0.0213119 2.00673e-05 0.0684789 0.359525 0.00206147 0.539579 0.00522924 
0.00254209 0.0153362 9.40413e-07 0.00332882 0.065955 0.000124467 0.910653 0.002059 
0.00776489 0.0864951 0.000865767 0.0417173 0.0941014 0.00101792 0.746054 0.0219837 
0.00564368 0.057381 8.97987e-06 0.00722432 0.19987 5.71467e-05 0.728883 0.000931014 
0.00111672 0.234087 5.31994e-05 0.010839 0.128599 1.08006e-06 0.624121 0.00118269 
1.52076e-05 0.102489 0.00246489 0.0216444 0.0160391 8.12255e-05 0.586962 0.270304 
0.00364353 0.00895255 2.03412e-07 0.0225943 0.226991 7.64357e-06 0.725448 0.0123628 
0.00638616 0.0797644 0.00136892 0.143889 0.249728 3.61741e-05 0.467822 0.0510056 
0.0228569 0.0697655 4.84561e-12 0.00220601 0.161641 0.000853973 0.741519 0.0011579 
0.0228112 0.016929 0.000195716 0.0573503 0.383166 0.00928898 0.469932 0.0403266 
0.0122693 0.0459721 1.36629e-07 0.00223099 0.105933 0.00405218 0.794306 0.0352357 
0.00146442 0.406173 5.79766e-10 0.000415437 0.00778743 2.16053e-07 0.58154 0.00261976 
0.0217244 0.00645238 7.90759e-07 0.00220296 0.0723169 8.59847e-05 0.882488 0.0147285 
0.00359364 0.0434543 0.000157916 0.0441804 0.362271 0.00114323 0.527002 0.0181976 
0.0110398 0.0228467 0.000314322 0.0465791 0.246648 9.29518e-05 0.668208 0.00427109 
0.00203803 0.01031 1.02173e-05 0.00525773 0.486374 2.66368e-05 0.495267 0.000715614 
0.000122602 0.148205 0.000187039 0.209438 0.301618 0.000196023 0.327875 0.0123581 
0.0198013 0.0310058 4.52096e-05 0.0253584 0.144288 0.00476519 0.731516 0.04322 
0.0214553 0.00488021 0.00182889 0.0313642 0.142284 0.000501129 0.794039 0.00364687 
0.00500728 0.0251367 2.43294e-07 0.00219841 0.0317815 8.98788e-05 0.924283 0.0115026 
0.0110398 0.0228467 0.000314322 0.0465791 0.246648 9.29518e-05 0.668208 0.00427109 
0.00400824 0.0753894 0.0294297 0.102235 0.200287 0.00495743 0.565557 0.0181364 
0.000911461 0.101442 1.07887e-11 0.00636345 0.32978 3.16035e-05 0.560961 0.000510201 
0.00644979 0.0366547 2.44653e-05 0.00706897 0.218342 9.07778e-05 0.731108 0.000261614 
0.0100665 0.0108434 1.10612e-09 0.00177615 0.220652 0.000539654 0.756117 5.74771e-06 
0.00188028 0.0452423 1.12106e-07 0.000567261 0.0120553 5.82195e-05 0.868345 0.0718515 
0.0214553 0.00488021 0.00182889 0.0313642 0.142284 0.000501129 0.794039 0.00364687 
0.0107276 0.00820691 0.0572668 0.297237 0.172224 0.0419105 0.41078 0.00164652 
5.43976e-06 0.00759855 5.74496e-07 0.151613 0.107757 4.60475e-05 0.732933 4.69785e-05 
0.222327 0.0109886 2.69406e-07 0.000218651 0.0483128 0.000133929 0.653554 0.0644646 
0.00708253 0.0625244 9.53691e-12 0.00106024 0.0371318 0.0845233 0.807543 0.00013433 
0.00171136 0.000796659 5.92189e-09 0.000116644 0.168332 6.91185e-09 0.82894 0.000103081 
0.0166965 0.0430031 0.000523262 0.0479072 0.195378 0.00525992 0.659008 0.0322241 
0.222327 0.0109886 2.69406e-07 0.000218651 0.0483128 0.000133929 0.653554 0.0644646 
0.00244138 0.0534467 1.10176e-05 0.0184504 0.0355485 0.00861198 0.872129 0.00936131 
0.0213071 0.0649133 3.68589e-07 0.0632822 0.340588 0.042104 0.454874 0.0129316 
1.13774e-06 0.0129745 1.13723e-06 0.00341491 0.324001 0.00398339 0.655623 1.13792e-06 
0.00221648 0.0402799 2.42043e-08 0.000766758 0.29207 1.21914e-05 0.622737 0.0419174 
0.0849533 0.0845802 4.6016e-05 0.0274297 0.0851074 0.00967805 0.697482 0.0107229 
0.00492286 0.0531213 6.61765e-05 0.0538143 0.118437 0.000355989 0.759459 0.00982297 
0.10002 0.130915 5.71379e-07 0.043995 0.0811183 0.00833632 0.537363 0.0982524 
0.00357 0.0921842 9.37643e-05 0.168522 0.0773338 0.000107835 0.599895 0.0582937 
0.0109488 0.0355249 6.0157e-10 0.00222541 0.155441 0.000444862 0.780777 0.014638 
0.0032443 0.0712534 7.95773e-06 0.00286993 0.0963299 3.49615e-05 0.766445 0.059815 
0.0225052 0.0430492 7.0412e-06 0.0151899 0.136643 0.000295198 0.773114 0.00919647 
0.000926443 0.115879 6.52403e-11 0.000575349 0.259285 0.000177516 0.471919 0.151238 
0.00119115 0.27664 0.000529867 0.0705148 0.145386 0.0545531 0.447974 0.00321108 
0.0400465 0.0441052 1.74414e-09 0.00606853 2.39165e-07 0.000141278 0.903847 0.00579073 
0.00411527 0.0961043 7.50819e-07 0.00879634 0.0913222 0.00113816 0.797896 0.00062716 
0.00630426 0.205913 0.00041084 0.0245062 0.362489 6.24992e-05 0.391164 0.00914981 
0.00493936 0.112132 0.00051452 0.0834556 0.330773 0.00365957 0.461625 0.00290121 
0.0295731 0.0193135 6.42626e-06 0.0183879 0.270841 0.00529999 0.65477 0.00180829 
0.0033724 0.172783 0.000154855 0.0845176 0.126357 0.00869631 0.596739 0.00737881 
0.00644285 0.119639 0.133507 0.232994 0.145722 0.00275714 0.350134 0.00880287 
2.61613e-05 0.0236443 2.91764e-06 0.0161462 0.0422567 2.35586e-05 0.916583 0.00131687 
0.00858181 0.0230722 3.12688e-07 0.00901885 0.054014 3.44946e-05 0.884998 0.0202802 
0.0143558 0.0710701 0.000319823 0.014838 0.149981 0.00500825 0.722738 0.0216891 
0.00237832 0.141284 1.69062e-08 0.0224436 0.18709 0.0430335 0.598956 0.00481424 
0.0202883 0.320717 6.26691e-05 0.0513886 0.0680414 2.71268e-05 0.535146 0.00432926 
0.0172661 0.122402 9.44348e-06 0.0679809 0.292265 0.000325233 0.497866 0.00188532 
0.0464851 0.0424519 2.09042e-05 0.00951304 0.0993872 0.00082943 0.759617 0.0416959 
0.0173642 0.0453842 7.22591e-05 0.276719 0.114432 0.228559 0.317454 1.55439e-05 
0.00775256 0.0390084 7.08347e-05 0.0158404 0.425599 0.00027488 0.503575 0.0078789 
0.000441701 0.0982236 1.22852e-07 0.00104195 0.0184308 3.01538e-05 0.826072 0.05576 
0.0010382 0.232874 0.0011778 0.0235596 0.0886109 3.31022e-06 0.648487 0.00425006 
0.0017829 0.00407922 8.21192e-05 0.0227913 0.0130271 5.88567e-07 0.955479 0.00275822 
0.026139 0.133 0.00110429 0.0446798 0.340373 0.00108114 0.451891 0.00173171 
0.00058991 0.0724808 1.57547e-06 0.00103337 0.280809 8.16966e-08 0.644581 0.000504473 
0.0214553 0.00488021 0.00182889 0.0313642 0.142284 0.000501129 0.794039 0.00364687 
0.00284582 0.198406 5.9723e-08 0.0140903 0.0769787 0.00572444 0.641394 0.0605607 
0.0167774 0.00441176 0.000572089 0.0581362 0.235405 0.000437958 0.680846 0.003414 
0.222327 0.0109886 2.69406e-07 0.000218651 0.0483128 0.000133929 0.653554 0.0644646 
0.00311599 0.261205 5.87899e-05 0.0160087 0.165922 0.000646761 0.281181 0.271861 
0.0110398 0.0228467 0.000314322 0.0465791 0.246648 9.29518e-05 0.668208 0.00427109 
0.0087806 0.0010868 1.63113e-05 0.0107719 0.0672519 8.98255e-05 0.911059 0.000943878 
0.0153414 0.00798667 0.126971 0.145248 0.192426 0.0831734 0.424782 0.00407239 
0.0155604 0.00674861 7.91175e-06 0.0190123 0.169458 0.000364194 0.788072 0.00077617 
0.0273972 0.0476808 2.54914e-06 0.277752 0.141383 0.00192613 0.493789 0.0100694 
0.026823 0.0324445 0.0628655 0.306115 0.114179 0.138691 0.313398 0.00548413 
0.0223436 0.0289007 2.25722e-06 0.0017757 0.113346 0.00546819 0.62813 0.200033 
0.151437 0.0420288 6.29231e-06 0.0613998 0.322625 0.0535543 0.348245 0.0207048 
0.00170938 0.129276 0.000841712 0.100504 0.133903 2.17991e-05 0.633578 0.000165187 
2.86106e-05 0.059508 1.43156e-07 0.00231975 0.173529 3.5856e-06 0.759798 0.00481282 
0.222327 0.0109886 2.69406e-07 0.000218651 0.0483128 0.000133929 0.653554 0.0644646 
0.000265133 0.0236966 0.000196695 0.391033 0.155598 0.000111572 0.429049 5.00548e-05 
0.222327 0.0109886 2.69406e-07 0.000218651 0.0483128 0.000133929 0.653554 0.0644646 
0.0112107 0.102383 0.00174229 0.23594 0.184999 0.000586782 0.459759 0.00337769 
0.0573009 0.051799 0.000241857 0.215143 0.279333 0.0038961 0.382073 0.010213 
0.00255916 0.0658603 4.42263e-09 0.0694147 0.190923 2.80331e-05 0.666604 0.00461051 
0.00998037 0.000565655 2.08072e-06 0.00192484 0.0232567 1.74249e-05 0.963396 0.000856987 
0.00637795 0.288905 0.0180516 0.02671 0.0664996 0.00103674 0.297955 0.294464 
0.0127834 0.0134697 7.49426e-09 0.000264853 0.076004 5.88273e-05 0.873948 0.0234708 
0.222327 0.0109886 2.69406e-07 0.000218651 0.0483128 0.000133929 0.653554 0.0644646 
0.000189637 0.0539598 3.14248e-05 0.0604825 0.194676 7.45174e-05 0.682251 0.00833513 
0.0152148 0.0577828 0.000231636 0.0253132 0.314233 0.0104429 0.550747 0.0260351 
0.00633172 0.0560509 9.85e-05 0.0380141 0.308099 0.000412951 0.576103 0.0148898 
0.00322732 0.0840496 7.47846e-08 0.00130598 0.0361772 0.000676959 0.80644 0.0681232 
0.0214039 0.121572 1.94583e-06 0.342416 0.122179 0.00575558 0.384254 0.00241808 
0.0441952 0.0602492 5.3727e-08 0.0387749 0.239976 0.000258549 0.597721 0.0188256 
0.0157767 0.0189282 3.48462e-05 0.326273 0.125265 9.86403e-05 0.513194 0.000429288 
0.00857761 0.00189283 0.000197322 0.063849 0.108818 9.45335e-05 0.81651 6.0349e-05 
0.000531912 0.121048 3.85985e-05 0.0114094 0.2208 0.000547348 0.602439 0.0431855 
0.222327 0.0109886 2.69406e-07 0.000218651 0.0483128 0.000133929 0.653554 0.0644646 
0.00126899 0.0301945 2.43779e-07 0.000382517 0.0639039 4.07855e-05 0.856241 0.0479676 
0.222327 0.0109886 2.69406e-07 0.000218651 0.0483128 0.000133929 0.653554 0.0644646 
0.0114213 0.173771 3.80355e-07 0.0211223 0.313584 0.00151897 0.339504 0.139077 
1.26018e-07 0.186778 1.37112e-06 0.0541181 0.258855 1.04435e-08 0.49998 0.000267839 
3.6839e-06 0.00875761 2.91065e-07 9.96252e-05 0.128929 1.08778e-06 0.861823 0.000385747 
0.0704045 0.0118459 8.17372e-06 0.0315917 0.230673 0.0127992 0.620117 0.0225603 
0.00839439 0.0320348 4.2486e-09 0.0287703 0.425562 4.95181e-05 0.502938 0.00225175 
0.005223 0.0931641 8.57526e-07 0.0202027 0.191574 0.0172385 0.57994 0.0926573 
0.00041475 0.0274963 3.55979e-06 0.00821879 0.151785 7.32459e-05 0.811344 0.000664262 
0.00579291 0.0892292 0.0647497 0.301994 0.0791906 4.49289e-05 0.420083 0.038916 
0.0129882 0.107084 0.00250604 0.0279138 0.275635 0.000239863 0.563648 0.00998602 
0.0077209 0.0426479 2.61031e-05 0.00313674 0.272152 5.40494e-06 0.67397 0.000341005 
0.00197106 0.0550404 2.22218e-06 0.0132815 0.0505381 0.000183312 0.823712 0.0552713 
0.00435557 0.110623 5.19932e-08 0.00360099 0.381946 6.14196e-05 0.485631 0.0137815 
6.05084e-05 0.0859477 1.52791e-05 0.0997274 0.112493 9.62617e-05 0.687293 0.0143666 
0.00186835 0.252855 6.59591e-05 0.0978831 0.246505 0.000175339 0.384848 0.0157987 
0.0262344 0.095763 6.22352e-05 0.0552327 0.0940692 0.0195579 0.701968 0.00711292 
0.00401279 0.0835717 1.4615e-06 0.00451123 0.363704 0.00016177 0.470978 0.0730588 
0.00708253 0.0625244 9.53691e-12 0.00106024 0.0371318 0.0845233 0.807543 0.00013433 
0.00254777 0.0883797 0.000275053 0.0181114 0.361135 8.36903e-05 0.510544 0.0189228 
0.00546177 0.0537208 0.00269745 0.316182 0.0745224 2.43024e-10 0.547414 9.14045e-07 
0.000414885 0.156327 2.93368e-07 0.0457429 0.0944111 0.00679668 0.695555 0.000752373 
0.0226562 0.0279223 1.89416e-06 0.0846457 0.0546881 0.000125691 0.807212 0.00274807 
0.00670943 0.123673 2.82451e-08 0.0225079 0.349309 1.43661e-05 0.435332 0.0624533 
0.0110398 0.0228467 0.000314322 0.0465791 0.246648 9.29518e-05 0.668208 0.00427109 
0.000829836 0.0251437 0.000108013 0.00509305 0.412908 2.72451e-05 0.550804 0.00508594 
0.0127082 0.135512 0.000519268 0.0286186 0.145512 0.0484685 0.610863 0.0177984 
0.0108408 0.0235154 1.73103e-06 0.000733243 0.364793 1.01857e-06 0.543473 0.0566416 
0.0110398 0.0228467 0.000314322 0.0465791 0.246648 9.29518e-05 0.668208 0.00427109 
0.0100903 0.0958808 0.00710084 0.113272 0.107184 0.000153499 0.652028 0.0142899 
0.0991603 0.136775 6.45575e-05 0.217651 0.250389 2.7603e-05 0.278916 0.0170167 
0.0745134 0.179177 0.000166159 0.0385252 0.108495 0.00033906 0.594277 0.00450727 
0.222327 0.0109886 2.69406e-07 0.000218651 0.0483128 0.000133929 0.653554 0.0644646 
0.0225052 0.0430492 7.0412e-06 0.0151899 0.136643 0.000295198 0.773114 0.00919647 
0.0113113 0.0329407 0.423899 0.0503551 0.0487306 4.48089e-05 0.432585 0.000133868 
0.0066624 0.087288 2.73704e-07 0.00454105 0.302365 0.00135074 0.58246 0.0153319 
0.000446998 0.0501551 0.00116245 0.0132207 0.0844752 7.66007e-05 0.737381 0.113081 
0.0024782 0.0728343 1.99973e-06 0.0175508 0.301829 5.88268e-05 0.588809 0.0164384 
0.00270727 0.0423527 5.95791e-06 0.0124152 0.111342 0.000223755 0.822103 0.00885015 
0.00509693 0.0770855 0.000112919 0.0284883 0.395785 0.0011804 0.478173 0.0140773 
0.00432461 0.0257775 0.000157597 0.00749308 0.469123 0.000114196 0.492264 0.000745743 
0.222327 0.0109886 2.69406e-07 0.000218651 0.0483128 0.000133929 0.653554 0.0644646 
0.267854 0.0583745 3.5106e-05 0.0225085 0.0880466 0.00223358 0.544147 0.0168007 
0.00194654 0.0626477 0.000674956 0.0343451 0.35406 0.00156122 0.521668 0.023096 
0.000376834 0.0185841 1.40749e-09 0.000452362 0.326653 2.75305e-06 0.652687 0.00124317 
0.0161871 0.0943529 0.00385762 0.0366163 0.157212 0.000164282 0.687356 0.0042542 
0.0758582 0.0139415 0.0017621 0.0068407 0.143044 0.000149445 0.743076 0.0153282 
0.222327 0.0109886 2.69406e-07 0.000218651 0.0483128 0.000133929 0.653554 0.0644646 
0.010007 0.110928 1.97983e-05 0.0844104 0.228275 0.00115796 0.561276 0.00392577 
0.00118091 0.112165 1.13649e-07 0.000388707 0.00608858 0.0832941 0.794245 0.00263785 
0.154979 0.0616644 3.0467e-05 0.0470518 0.271594 0.0437045 0.414477 0.00649849 
0.0386594 0.0804945 2.55198e-05 0.156306 0.340759 0.0175241 0.351305 0.0149266 
0.00708253 0.0625244 9.53691e-12 0.00106024 0.0371318 0.0845233 0.807543 0.00013433 
0.0040096 0.194074 0.000515423 0.0259901 0.140544 0.000560341 0.615796 0.0185107 
0.0416123 0.0148491 4.9661e-08 0.00242666 0.101547 0.00051848 0.819296 0.0197499 
0.055147 0.0105654 9.78263e-08 0.00156482 0.174745 0.000202401 0.729454 0.0283211 
0.00292727 0.0259175 8.20975e-09 0.00236121 0.0698624 0.000111464 0.803542 0.0952781 
0.00697588 0.24938 2.79585e-05 0.0526635 0.063659 0.000187781 0.522678 0.104427 
0.19376 0.110011 5.19558e-06 0.0945882 0.109329 0.0877955 0.400282 0.00422783 
0.0271021 0.0878455 9.5267e-05 0.026835 0.306706 0.00854895 0.505132 0.0377353 
0.0436148 0.00881921 2.07384e-07 0.0157894 0.454317 0.000172451 0.476588 0.000699244 
0.0259362 0.0144942 3.89628e-05 0.0170905 0.434434 0.00539091 0.495065 0.00754965 
0.00124321 0.0975112 0.130882 0.155138 0.109629 0.000390556 0.50487 0.000336807 
0.0105038 0.100927 1.86076e-07 0.0100481 0.114766 0.000141818 0.759974 0.00363867 
0.0387342 0.0344487 0.000225582 0.16744 0.221895 0.00175488 0.534826 0.00067518 
0.437664 0.0197721 7.92237e-06 0.00605103 0.0566018 0.0251522 0.44794 0.00681119 
0.0147086 0.050009 1.40083e-06 0.0180676 0.298951 3.4557e-05 0.583861 0.0343667 
0.278322 0.0109351 3.43179e-09 0.000509662 0.0227602 0.0959428 0.591355 0.000174922 
0.222327 0.0109886 2.69406e-07 0.000218651 0.0483128 0.000133929 0.653554 0.0644646 
0.0290937 0.00934351 4.06983e-06 0.0165745 0.0561132 0.000896301 0.850322 0.037653 
0.00122651 0.125341 5.98758e-05 0.0100563 0.107727 0.000156688 0.740697 0.0147353 
0.00305857 0.0145838 0.000598601 0.078792 0.193755 0.000983364 0.659612 0.048617 
0.00625205 0.110809 8.55455e-05 0.047969 0.204189 0.00186762 0.616278 0.0125503 
0.0309651 0.0590452 1.36703e-05 0.0646849 0.328271 0.000630593 0.516389 6.40598e-07 
0.0267123 0.0522967 5.75713e-06 0.030327 0.430161 0.00731889 0.431339 0.0218398 
1.13774e-06 0.0129745 1.13723e-06 0.00341491 0.324001 0.00398339 0.655623 1.13792e-06 
0.000300024 0.0386812 1.33253e-10 0.000474725 0.0100045 1.76504e-05 0.95046 6.20722e-05 
0.0209881 0.00616158 2.11997e-05 0.00465089 0.060842 0.00114738 0.859315 0.0468736 
0.00346544 0.0529628 9.61798e-05 0.00128604 0.345937 2.41702e-05 0.586931 0.00929797 
0.000642026 0.0182463 1.39288e-05 0.067532 0.307491 1.99537e-05 0.598958 0.00709662 
0.00499287 0.0304637 4.26556e-05 0.00522572 0.391508 8.89972e-06 0.567191 0.000567587 
0.0172214 0.0496136 0.00157517 0.0143328 0.110861 0.00270747 0.795938 0.00775067 
0.00776396 0.046978 7.58292e-08 0.0617068 0.0165113 0.358331 0.444581 0.0641273 
0.00415157 0.0100602 1.07126e-06 0.0264845 0.0465579 0.0232783 0.889035 0.000431203 
0.0166647 0.0406555 7.3038e-05 0.0948645 0.166395 0.000133851 0.677593 0.0036213 
0.0132008 0.0153076 1.13332e-05 0.0230433 0.0731118 0.000196928 0.869455 0.00567364 
0.00644968 0.0930962 4.14783e-07 0.310338 0.0386938 0.000240236 0.548704 0.00247766 
0.229349 0.0231847 7.72361e-06 0.0124718 0.119913 0.0015585 0.606421 0.0070936 
0.0153751 0.052806 4.53983e-06 0.0572983 0.173759 0.183115 0.502535 0.0151058 
0.0474184 0.028952 1.43033e-06 0.0018136 0.237894 0.02354 0.62859 0.0317901 
0.0196689 0.0992438 3.2009e-05 0.0192202 0.161371 0.00249967 0.68152 0.016444 
0.0243675 0.208814 6.4712e-05 0.0878999 0.0618285 6.39664e-07 0.616563 0.000461818 
0.00260903 0.0199606 0.00798833 0.266892 0.0708011 0.000266693 0.608871 0.0226114 
0.0173829 0.00167006 4.01961e-05 0.0029348 0.0227156 0.00011783 0.932769 0.0223695 
0.0028636 0.0277348 1.3187e-07 0.00206584 0.043114 4.81662e-05 0.916628 0.00754511 
0.000191069 0.0663007 1.555e-07 0.00883356 0.323127 0.000174456 0.578869 0.022504 
0.00516747 0.0560287 0.000328771 0.0416224 0.269927 0.00024671 0.576033 0.0506458 
0.000446998 0.0501551 0.00116245 0.0132207 0.0844752 7.66007e-05 0.737381 0.113081 
0.0296359 4.64964e-05 3.02089e-07 4.71987e-05 3.92236e-05 1.07328e-07 0.970231 6.21003e-08 
0.00415366 0.0393823 0.0187516 0.052413 0.0985226 0.000452498 0.773316 0.0130082 
0.00858181 0.0230722 3.12688e-07 0.00901885 0.054014 3.44946e-05 0.884998 0.0202802 
0.00254853 0.030796 1.8501e-05 0.0561804 0.175709 0.0109646 0.718849 0.00493356 
0.0192034 0.000415767 0.00966545 0.196625 0.239162 0.000998622 0.513957 0.0199732 
0.00170989 0.131286 0.00010156 0.0230016 0.0386092 0.00589665 0.795476 0.00391937 
0.00266893 0.0445377 1.33736e-06 0.0463931 0.420004 0.000213567 0.48587 0.000311861 
0.00914175 0.0398768 9.63476e-07 0.00218337 0.0744429 5.48236e-06 0.854887 0.0194621 
0.00900369 0.185894 0.000307904 0.0512867 0.119698 0.000215577 0.475168 0.158426 
6.01254e-06 0.0597334 5.2471e-06 0.280045 0.0713638 4.69549e-07 0.588836 9.3901e-06 
0.222327 0.0109886 2.69406e-07 0.000218651 0.0483128 0.000133929 0.653554 0.0644646 
0.00546036 0.209632 9.23124e-05 0.0550592 0.274723 0.00146008 0.440719 0.0128542 
0.0574537 0.0539592 0.00179115 0.153901 0.171402 5.55673e-06 0.559102 0.00238593 
0.00473983 0.258606 0.000597767 0.246912 0.191367 0.000176941 0.271369 0.0262312 
0.0557677 0.00167544 2.13723e-10 2.37272e-05 0.0165699 2.32589e-06 0.923349 0.0026119 
0.000941402 0.36684 3.40983e-08 0.00873896 0.140403 0.00743654 0.475476 0.000163929 
0.0225052 0.0430492 7.0412e-06 0.0151899 0.136643 0.000295198 0.773114 0.00919647 
0.00500728 0.0251367 2.43294e-07 0.00219841 0.0317815 8.98788e-05 0.924283 0.0115026 
0.0187518 0.0805681 3.59294e-06 0.0953305 0.0342721 0.00141155 0.751841 0.0178211 
0.000105036 0.00484232 6.45231e-08 0.0019148 0.0298046 9.35866e-07 0.963331 1.53909e-06 
0.00607148 0.342256 1.32843e-07 0.019304 0.214875 0.000359323 0.405797 0.0113369 
0.000199516 0.340003 2.7297e-10 0.0085659 0.0982776 6.09968e-06 0.551565 0.00138338 
0.00751569 0.0552911 6.59605e-06 0.0289813 0.38545 0.00832574 0.500832 0.0135984 
0.00852124 0.0910119 8.21826e-11 0.0232255 0.305872 0.000157943 0.552776 0.0184362 
0.0270022 0.0754928 0.00050357 0.0227858 0.296206 0.0453639 0.518141 0.0145044 
0.222327 0.0109886 2.69406e-07 0.000218651 0.0483128 0.000133929 0.653554 0.0644646 
0.00708584 0.10126 3.64469e-08 0.0210042 0.397796 4.33825e-05 0.453809 0.0190019 
0.0283526 0.038325 1.32065e-05 0.291058 0.12501 0.0161119 0.497579 0.00355036 
0.000365281 0.148833 1.15217e-07 0.105449 0.042117 2.90391e-06 0.701208 0.0020243 
0.00404126 0.0092868 4.41235e-08 0.00808872 0.152511 0.000417981 0.825574 7.9848e-05 
0.00564368 0.057381 8.97987e-06 0.00722432 0.19987 5.71467e-05 0.728883 0.000931014 
0.00530226 0.383271 3.5693e-05 0.054144 0.0262791 0.0215277 0.47094 0.0385 
0.000696343 0.0190701 8.40459e-05 0.00309098 0.101607 1.44658e-05 0.871909 0.00352863 
0.00871332 0.0156437 8.52155e-09 0.000686776 0.0831405 0.000149951 0.891521 0.000145113 
0.000226808 0.0565102 7.87818e-07 0.0566854 0.151556 6.17266e-05 0.733723 0.00123566 
0.0282865 0.219499 0.000237924 0.0243283 0.204775 0.00696312 0.480584 0.0353265 
0.222327 0.0109886 2.69406e-07 0.000218651 0.0483128 0.000133929 0.653554 0.0644646 
2.15134e-05 0.00123133 1.065e-08 0.193139 0.0414745 6.00498e-06 0.764125 2.4061e-06 
0.222327 0.0109886 2.69406e-07 0.000218651 0.0483128 0.000133929 0.653554 0.0644646 
1.60621e-05 0.002115 1.69517e-06 0.239189 2.50172e-05 2.89005e-06 0.758649 8.96929e-07 
0.00151129 0.218979 4.99597e-05 0.111679 0.140733 4.08911e-05 0.519425 0.00758224 
0.00920963 0.0120388 7.18925e-12 0.00801416 0.454694 4.61811e-08 0.515994 4.92876e-05 
0.00254209 0.0153362 9.40413e-07 0.00332882 0.065955 0.000124467 0.910653 0.002059 
2.61097e-06 0.240531 2.6098e-06 0.164259 2.61165e-06 2.61107e-06 0.595197 2.61137e-06 
0.0976833 0.00204475 4.08626e-06 0.00186426 0.0663828 0.000121384 0.831724 0.000175192 
0.0104491 0.0220508 2.68911e-05 0.00290567 0.144827 0.00345542 0.738321 0.077964 
0.010665 0.00604115 2.81172e-06 0.00694992 0.231623 0.0617033 0.681544 0.00147054 
0.0508628 0.1458 0.000226798 0.146762 0.263614 0.0477502 0.330601 0.0143841 
0.0172508 0.0189039 0.000319888 0.0249219 0.114845 0.000465398 0.815083 0.00820958 
0.00183352 0.0182717 4.64039e-08 0.0089801 0.0604175 6.28478e-07 0.908664 0.00183247 
0.0225052 0.0430492 7.0412e-06 0.0151899 0.136643 0.000295198 0.773114 0.00919647 
0.00411085 0.248691 3.75195e-05 0.0819128 0.100467 0.00540572 0.555672 0.00370291 
0.0177543 0.0713211 5.03435e-07 0.00740064 0.105666 0.00726327 0.764451 0.0261429 
0.00438914 0.0129638 1.69126e-06 0.00221934 0.154885 0.00030733 0.824227 0.00100723 
0.0305352 0.0619982 0.00139589 0.0629065 0.392639 0.0103744 0.429529 0.0106213 
0.000149831 0.0251971 1.64422e-06 0.282888 0.127605 0.00176198 0.396583 0.165813 
0.00292587 0.274775 9.02845e-10 0.159121 0.136924 0.00383797 0.419286 0.00312981 
0.00281778 0.00500041 0.00125383 0.0306173 0.399451 4.78382e-06 0.560823 3.23618e-05 
1.67535e-06 0.00144029 2.83941e-06 0.238728 0.0485809 0.000107654 0.710864 0.000274362 
0.00500728 0.0251367 2.43294e-07 0.00219841 0.0317815 8.98788e-05 0.924283 0.0115026 
0.0185111 0.0957755 1.27409e-06 0.062198 0.204234 0.00700932 0.527355 0.0849154 
0.00221186 0.0138816 1.32621e-07 0.00116321 0.0187718 1.17711e-05 0.963332 0.000627463 
0.00204475 0.0182674 1.36744e-05 0.00159866 0.0324048 0.000120923 0.874505 0.0710452 
0.0304637 0.0584166 0.0201848 0.0158432 0.142131 0.00112355 0.724002 0.00783521 
0.0692305 0.110463 0.00267579 0.112497 0.281598 0.00103085 0.369502 0.0530027 
0.00967325 0.0721346 0.0152568 0.0257197 0.107772 0.000112908 0.768516 0.000814311 
0.00500728 0.0251367 2.43294e-07 0.00219841 0.0317815 8.98788e-05 0.924283 0.0115026 
0.0315501 0.0577524 9.973e-07 0.0277896 0.379121 0.000698498 0.489399 0.0136882 
0.00330755 0.00332324 1.07087e-08 0.00210873 0.118153 0.000687383 0.872403 1.66597e-05 
0.00509587 0.0575077 6.16243e-07 0.00840192 0.334506 5.49387e-05 0.433745 0.160688 
0.0107819 0.128364 0.000176957 0.289416 0.0460195 3.90038e-06 0.524408 0.000829713 
0.0492225 0.14207 1.1977e-05 0.0292533 0.178905 0.0005438 0.585877 0.0141163 
0.0160453 0.086387 6.98091e-06 0.389462 0.0454801 9.25621e-05 0.461728 0.000798001 
0.00768648 0.0942308 0.000188514 0.0289436 0.299392 0.00294661 0.552517 0.0140944 
0.0323232 0.0746059 1.95847e-12 0.00130338 0.330672 5.91513e-09 0.560762 0.000332601 
0.0186862 0.116519 1.81352e-05 0.00688524 0.138101 4.58008e-05 0.678865 0.0408795 
0.135146 0.032988 1.30445e-06 0.00575903 0.17577 0.014039 0.635385 0.000912308 
0.0156373 0.0187868 7.08062e-05 0.0273917 0.0968485 0.00875034 0.832332 0.000182379 
0.0074767 0.0493551 7.64089e-05 0.0669008 0.344041 0.0169616 0.514238 0.000951158 
0.00212376 0.00783036 0.101737 0.0195407 0.0700534 0.000129686 0.788801 0.00978404 
0.0110398 0.0228467 0.000314322 0.0465791 0.246648 9.29518e-05 0.668208 0.00427109 
0.00426498 0.00104297 4.1181e-09 5.67497e-05 0.221223 0.000194922 0.772902 0.000315422 
0.00206353 0.044102 0.000145374 0.0618009 0.12861 0.000125843 0.721661 0.0414923 
0.00099874 0.00661591 2.22932e-05 0.00543398 0.154736 0.000160036 0.831257 0.000775925 
0.00411691 0.00708612 5.28812e-08 0.00110277 0.030227 0.000116385 0.951726 0.00562482 
1.23612e-06 0.000678482 5.26882e-10 1.02772e-10 0.0344098 1.12886e-07 0.96491 1.42721e-07 
0.0233331 0.246221 0.000423582 0.120151 0.157389 0.000209522 0.44356 0.00871239 
0.0180051 0.0451089 2.12231e-06 0.045063 0.345013 0.0276587 0.518054 0.00109458 
0.00376229 0.025035 1.32936e-06 0.00192322 0.0650369 3.75017e-05 0.888149 0.0160549 
0.0178038 0.0550787 9.38041e-12 0.0062225 0.108078 0.0033813 0.691245 0.118191 
0.026823 0.0324445 0.0628655 0.306115 0.114179 0.138691 0.313398 0.00548413 
0.000446998 0.0501551 0.00116245 0.0132207 0.0844752 7.66007e-05 0.737381 0.113081 
0.00949255 0.0524934 5.51589e-08 0.19073 0.132068 0.000228072 0.606645 0.00834365 
0.0142824 0.168847 1.42873e-06 0.0220445 0.178805 0.00400406 0.610853 0.00116371 
0.00261499 0.0341553 9.76453e-07 0.00595484 0.111834 0.000278862 0.83115 0.0140109 
0.00142208 0.0147715 9.5702e-05 0.0619211 0.39715 2.3216e-05 0.508018 0.0165984 
0.0134368 0.0404418 0.000433743 0.0212774 0.332178 0.0115402 0.553277 0.0274156 
0.00500728 0.0251367 2.43294e-07 0.00219841 0.0317815 8.98788e-05 0.924283 0.0115026 
0.0225052 0.0430492 7.0412e-06 0.0151899 0.136643 0.000295198 0.773114 0.00919647 
0.0147578 0.130983 1.85948e-07 0.00608873 0.336727 0.000702957 0.502784 0.00795635 
0.00575547 0.113993 1.11614e-07 0.0483179 0.376907 0.000348256 0.410856 0.0438232 
0.10899 0.0403941 8.97775e-05 0.172541 0.311813 0.00385211 0.359431 0.0028888 
0.00169239 0.30092 3.89517e-06 0.117763 0.0581076 3.5392e-07 0.521511 9.19737e-07 
0.000446998 0.0501551 0.00116245 0.0132207 0.0844752 7.66007e-05 0.737381 0.113081 
0.0016098 0.181413 0.0265238 0.156691 0.274316 5.48055e-05 0.35602 0.00337199 
0.0290937 0.00934351 4.06983e-06 0.0165745 0.0561132 0.000896301 0.850322 0.037653 
0.00311599 0.261205 5.87899e-05 0.0160087 0.165922 0.000646761 0.281181 0.271861 
0.00222866 0.00334612 1.57972e-07 0.000384875 1.02505e-08 5.6125e-08 0.99404 3.24742e-08 
0.0666563 0.0931693 2.42566e-10 0.10061 0.0709983 8.62662e-08 0.668564 2.1841e-06 
0.378361 0.0293622 8.22627e-05 0.0641744 0.0693918 0.00147559 0.456955 0.000197216 
0.0562887 0.10454 8.04965e-06 0.0187321 0.189696 0.000221444 0.440898 0.189615 
7.72121e-05 0.0788266 0.0182169 0.00422802 0.0137503 1.61777e-07 0.884628 0.000272436 
0.0406103 0.0031393 7.20272e-06 0.00162004 0.0360956 0.000271044 0.918013 0.000243115 
0.0670837 0.208607 1.12616e-05 0.0497941 0.176847 0.00117907 0.467628 0.0288501 
0.126592 0.0755309 6.03119e-05 0.247862 0.11657 0.000702616 0.415886 0.0167965 
0.0140104 0.045926 3.11481e-05 0.0647193 0.357327 0.00389094 0.448584 0.0655111 
0.0383402 0.0167708 6.13995e-06 0.02759 0.281067 0.00123991 0.623267 0.0117189 
0.00815951 0.105293 0.00060126 0.0177023 0.167221 5.03757e-05 0.621518 0.0794535 
0.0483446 0.00492752 1.10104e-05 0.00406916 0.458272 4.22482e-06 0.480889 0.00348204 
0.0225052 0.0430492 7.0412e-06 0.0151899 0.136643 0.000295198 0.773114 0.00919647 
6.68718e-08 0.0202155 1.10246e-11 0.00117957 0.0677811 3.91687e-12 0.910824 1.4278e-07 
0.00839979 0.0938261 6.68069e-05 0.0381778 0.163351 0.00519939 0.660337 0.0306422 
0.0105132 0.00674014 1.58847e-08 0.000240619 0.0588098 0.000113911 0.91485 0.00873249 
0.00837792 0.231537 2.04053e-05 0.227024 0.245176 0.000632308 0.276791 0.0104421 
0.00869645 0.227285 3.96512e-05 0.260822 0.154369 0.0164383 0.282257 0.0500926 
