0.00159798 0.168389 0.000167417 0.135364 0.618832 5.89146e-10 0.0756496 3.40882e-10 
0.0685076 0.00766974 0.00158188 0.686872 0.216134 0.00265297 0.0153981 0.00118349 
0.00303147 0.0617704 0.000960039 0.650867 0.179533 0.00272037 0.100786 0.000330825 
1.33517e-05 0.0022159 0.0117085 0.915106 0.00951519 0.000667031 0.0607718 2.39245e-06 
0.0157436 0.00519039 0.00222167 0.0315725 0.172035 0.682922 0.0902506 6.43195e-05 
0.00478604 0.0191932 0.464405 0.0291783 0.411658 0.000803824 0.0697813 0.000194959 
0.00614921 0.0113129 4.71317e-07 0.553815 0.418421 0.000243029 0.0100573 4.13502e-07 
0.0685076 0.00766974 0.00158188 0.686872 0.216134 0.00265297 0.0153981 0.00118349 
1.52556e-05 3.23571e-05 6.11453e-07 0.00146899 0.983626 4.79434e-07 0.014856 6.9836e-08 
0.0276572 0.0540886 0.00439595 0.291933 0.214686 0.207893 0.199102 0.000244592 
0.0475784 0.00886176 1.56252e-06 0.587851 0.141351 0.000185012 0.214172 2.04673e-10 
0.000954034 0.0526918 0.000180377 0.846748 0.00863634 9.1979e-05 0.090625 7.2061e-05 
0.0147776 0.0483593 2.79338e-06 0.715367 0.120806 8.25292e-06 0.100677 1.43925e-06 
0.000404516 0.00790519 1.48891e-07 0.144696 0.846209 0.000782794 2.8079e-06 6.74661e-08 
0.106817 0.0144846 0.103842 0.48405 0.108428 0.00791905 0.169136 0.00532403 
0.0168121 0.00217039 3.37309e-05 0.00790462 0.0920319 7.68314e-05 0.880947 2.34099e-05 
8.79628e-10 0.99898 2.1395e-11 4.73812e-05 0.000972548 7.60134e-12 4.24609e-07 4.39817e-12 
0.0170162 0.090237 0.00638822 0.682896 0.0580054 0.000252224 0.144973 0.000231687 
0.000507924 0.0023657 0.791071 0.199378 0.00363118 0.00154345 0.00148566 1.73744e-05 
0.73325 0.00737396 0.0706406 0.0667641 0.0393477 0.00281793 0.0785893 0.00121625 
0.0560572 0.0272989 7.1371e-05 0.738561 0.0306335 1.19811e-05 0.147362 3.94318e-06 
0.00432976 0.0222737 8.995e-05 0.308295 0.318798 0.244031 0.102154 2.87236e-05 
1.33762e-09 0.109785 3.286e-09 0.0765225 0.0553861 1.16747e-09 0.758306 6.755e-10 
0.125848 0.183462 0.156696 0.144872 0.222977 0.00511338 0.160661 0.000370807 
0.00315499 0.00117381 8.82997e-05 0.0383597 0.50483 2.56763e-05 0.452359 9.43223e-06 
0.00622302 0.00119839 0.000640165 0.0567198 0.170971 0.000939261 0.763057 0.000251663 
0.00121 0.00291733 0.00129053 0.92364 0.0559494 0.00534919 0.0090203 0.000623223 
0.00150519 0.000442442 0.000290654 0.139557 0.0176957 0.836942 0.0034716 9.47312e-05 
0.0233578 0.0222422 0.0720667 0.127585 0.223372 0.00502662 0.523721 0.00262872 
6.73341e-05 0.000103191 0.045998 0.0132843 0.0706425 0.840338 0.0295667 2.37726e-07 
0.0006206 0.0164262 7.75444e-10 0.479705 0.451902 2.89394e-07 0.0513455 1.59408e-10 
0.00100323 0.000567635 0.85809 0.0123888 0.00318076 4.89691e-07 0.124768 4.22474e-07 
4.91115e-06 0.382021 1.85583e-09 0.534369 0.0121899 9.23746e-07 0.0714148 3.81502e-10 
1.11304e-05 0.10088 1.74148e-09 0.172629 0.0735704 5.57469e-07 0.652909 3.57996e-10 
0.00435086 0.0759241 0.215081 0.549191 0.0450185 0.00242076 0.107858 0.000155818 
0.00571221 0.00173612 0.035651 0.318511 0.456904 0.0444471 0.136617 0.000421733 
2.61889e-05 0.0392075 3.40382e-09 0.826592 0.00238847 1.20933e-09 0.131786 6.99722e-10 
1.30142e-05 0.107581 3.80324e-05 0.832629 0.0285561 1.11804e-07 0.0311826 6.46901e-08 
7.93518e-05 0.00648054 7.48907e-05 0.98825 0.00236929 3.73442e-05 0.00270748 7.79288e-07 
0.0095386 0.0608876 0.00385999 0.239494 0.342649 0.0225465 0.320772 0.000252888 
0.000445484 0.000762916 0.315635 0.00572498 0.0108349 0.651593 0.0148388 0.000164806 
0.000972794 0.000622973 4.84268e-05 0.69988 0.287169 4.9327e-05 0.0112176 4.05669e-05 
0.00060258 0.00343288 0.0002025 0.0203342 0.944357 7.36589e-05 0.0309586 3.89803e-05 
1.40446e-05 0.00646317 2.67591e-08 0.107981 0.545601 9.50712e-09 0.339941 5.50086e-09 
0.0116713 0.00621211 0.0196657 0.717757 0.0809895 0.000562801 0.163131 1.09463e-05 
0.0475784 0.00886176 1.56252e-06 0.587851 0.141351 0.000185012 0.214172 2.04673e-10 
0.0105866 0.000308004 0.098579 0.112732 0.683854 0.000859538 0.0928694 0.000211869 
2.00658e-08 0.105457 4.92937e-08 0.894523 1.68849e-05 1.75133e-08 2.92973e-06 1.01333e-08 
0.000102566 0.0104854 8.12387e-08 0.0325911 0.899515 3.00214e-05 0.0572759 7.93752e-08 
0.105758 0.0345283 0.00279131 0.517248 0.0686145 0.000239949 0.270695 0.000124417 
0.00243714 0.103872 0.00235956 0.123378 0.672132 0.00145498 0.0930407 0.00132506 
1.82903e-09 0.00427225 4.44871e-11 0.0403845 0.912551 1.58056e-11 0.0427922 9.1452e-12 
0.0102419 0.00247352 0.00206956 0.0438792 0.93284 0.000791954 0.00745955 0.00024458 
0.0111455 0.0254013 7.8117e-08 0.334143 0.227831 0.00101606 0.400462 1.91201e-08 
0.00641819 0.0178764 5.28863e-05 0.349838 0.478787 0.0832354 0.0637476 4.46678e-05 
0.149068 0.0316707 0.0293999 0.663323 0.0470706 0.0264519 0.0528059 0.000209878 
1.52556e-05 3.23571e-05 6.11453e-07 0.00146899 0.983626 4.79434e-07 0.014856 6.9836e-08 
0.0129254 0.018259 0.000598219 0.582331 0.244447 0.0605161 0.0806877 0.000234859 
0.00906994 0.0185305 0.0871866 0.307179 0.487766 0.0468472 0.0379675 0.00545368 
0.0243218 0.19238 0.00259024 0.422483 0.347105 0.00123748 0.00987891 3.54261e-06 
0.0234215 0.0812637 0.00685296 0.000822324 0.687467 0.000253724 0.199775 0.000143075 
0.000560242 0.0377674 0.000820691 0.840791 0.0531919 0.00408189 0.0627334 5.30015e-05 
1.89202e-07 0.165846 4.64793e-07 0.129741 0.0129874 1.65134e-07 0.691424 9.55473e-08 
0.00463599 0.00809336 0.145178 0.245081 0.198453 0.00729224 0.390831 0.000435579 
0.0593041 0.142838 5.38588e-07 0.282509 0.349275 0.000363816 0.16571 4.13549e-07 
0.00578667 0.0173658 5.05078e-06 0.0139298 0.790381 0.168514 0.00401657 1.11258e-06 
0.00568957 0.00281696 0.0223482 0.0613755 0.874534 0.00146171 0.0304689 0.0013048 
0.0180689 0.0968846 0.000170944 0.350829 0.241731 6.44445e-05 0.292222 2.92998e-05 
0.919799 8.24172e-06 3.00896e-05 0.0103345 0.0213921 0.0161321 0.0323033 7.46636e-07 
0.020362 0.00444342 0.00543809 0.215901 0.33528 0.00142474 0.416413 0.00073882 
0.0472422 0.124205 0.394688 0.311583 0.0254657 0.00476489 0.0911159 0.000935056 
0.00168771 0.000973613 2.15929e-07 0.00425823 0.987914 0.000306942 0.00485904 4.43885e-08 
5.77202e-06 0.00363496 3.69869e-06 0.830173 0.0867115 4.97696e-05 0.0794208 1.67342e-07 
0.0381791 0.0473207 0.00196094 0.613792 0.177373 0.0221393 0.0987466 0.00048815 
0.0581263 0.00227694 6.0728e-05 0.0616135 0.274749 0.000148538 0.602985 3.92439e-05 
0.0111455 0.0254013 7.8117e-08 0.334143 0.227831 0.00101606 0.400462 1.91201e-08 
0.0671358 0.0160715 0.400978 0.463392 0.00311061 0.0454598 0.00365231 0.000200163 
0.00511574 0.00911655 2.36778e-05 0.19945 0.693453 8.38484e-05 0.092757 6.8267e-09 
0.00104585 0.00463106 0.00124547 0.748616 0.182596 0.0103273 0.0515305 7.79099e-06 
0.0212118 0.532707 0.0057854 0.202063 0.035494 0.00529063 0.194047 0.00340118 
0.0349371 0.113291 0.0605284 0.6671 0.0906046 0.00140753 0.031332 0.000799143 
0.0204145 0.169918 0.0102279 0.291424 0.289498 0.00181977 0.216626 7.07531e-05 
0.000807667 0.00441316 0.000758367 0.0441629 0.859744 0.00031756 0.0897233 7.35124e-05 
0.0162762 0.0330212 0.000354948 0.256299 0.351302 0.00026959 0.342336 0.00014079 
0.0426714 0.459251 0.0514574 0.226886 0.0518608 0.0168454 0.145856 0.00517247 
3.80152e-07 0.0122822 0.000777893 0.958925 0.0189795 9.14204e-05 0.00894311 2.64989e-07 
0.015479 0.0541868 0.321918 0.49111 0.0550814 0.0121061 0.0446606 0.00545881 
0.0244216 0.0324286 0.00176304 0.12689 0.644309 0.00255706 0.166278 0.00135325 
0.0156651 0.029352 0.1216 0.319006 0.376348 0.011918 0.121883 0.00422876 
0.00110964 0.0144691 0.0117943 0.268543 0.576666 0.000272317 0.127088 5.77966e-05 
0.00482552 0.0788184 6.93527e-07 0.0498783 0.0868221 2.464e-07 0.779655 1.42568e-07 
0.026823 0.0324445 0.0628655 0.306115 0.114179 0.138691 0.313398 0.00548413 
0.00906994 0.0185305 0.0871866 0.307179 0.487766 0.0468472 0.0379675 0.00545368 
0.0472422 0.124205 0.394688 0.311583 0.0254657 0.00476489 0.0911159 0.000935056 
0.000288049 0.0025651 0.000231621 0.987955 0.00583844 0.00108172 0.00204019 8.49374e-11 
1.91149e-07 0.000702758 0.000284468 0.012573 0.0599913 3.43934e-08 0.926448 1.0674e-08 
0.0201957 0.0600903 0.00154132 0.146562 0.075256 0.676317 0.0198137 0.000223438 
0.0716231 0.0533975 2.49645e-06 0.849747 0.00198095 0.000760033 0.0224884 6.89012e-08 
0.0760228 0.0258785 0.00591405 0.224341 0.162283 0.000510634 0.504575 0.000474329 
1.15345e-07 0.00505702 7.07961e-11 0.00157189 0.370498 5.13647e-05 0.622822 1.45535e-11 
0.00330609 0.00193034 0.00503912 0.0409147 0.0109578 0.924813 0.0129377 0.000100883 
0.0125244 0.0192129 0.000542473 0.0184003 0.317955 0.00145703 0.629703 0.000205245 
0.0426714 0.459251 0.0514574 0.226886 0.0518608 0.0168454 0.145856 0.00517247 
0.00399515 0.0247292 0.065018 0.41999 0.0770356 0.00298695 0.405959 0.000285349 
0.00480093 0.000661959 7.47432e-05 0.197867 0.0457399 2.18369e-05 0.750813 2.04672e-05 
0.0266467 0.000371538 7.56184e-07 0.00254291 0.291415 2.51947e-05 0.678998 7.23373e-09 
4.4011e-05 0.00563706 0.000150737 0.993088 0.000658154 1.52414e-05 0.000393828 1.3448e-05 
0.015772 0.000631686 0.00073199 0.632501 0.297683 0.0201574 0.0325099 1.22611e-05 
0.0134655 0.0143972 0.0194909 0.933132 4.64288e-06 0.0195005 4.64289e-06 4.64239e-06 
0.00011444 0.0395409 1.20779e-05 0.823937 0.107125 0.0288481 0.000415758 6.39048e-06 
0.0118755 0.135152 0.0191277 0.0589529 0.142329 0.00333858 0.627358 0.00186643 
0.0226117 0.0579242 0.00942263 0.668755 0.0754231 0.0720121 0.0847985 0.00905287 
0.00383312 0.0194176 0.0066217 0.867318 0.0783847 0.00309322 0.0206964 0.000635267 
9.00842e-05 0.0106722 0.000752303 0.673362 0.123334 4.04687e-05 0.191733 1.61396e-05 
0.000511011 0.000226954 2.3937e-05 0.00511158 0.982741 4.14748e-05 0.0113437 9.5352e-08 
0.0306867 0.043084 0.0258563 0.166162 0.532069 0.0187609 0.17507 0.00831163 
0.000126969 0.000212218 9.43921e-05 0.998902 0.000540467 4.15295e-07 0.000122948 2.40291e-07 
6.31093e-05 0.011859 1.53468e-06 0.0195753 0.036138 1.41567e-05 0.932348 6.85236e-07 
0.00130114 0.00416709 4.59532e-08 0.323151 0.566167 0.000389598 0.104824 4.50522e-08 
0.00906994 0.0185305 0.0871866 0.307179 0.487766 0.0468472 0.0379675 0.00545368 
0.026823 0.0324445 0.0628655 0.306115 0.114179 0.138691 0.313398 0.00548413 
0.0325189 0.0326434 0.00242179 0.0491263 0.126535 0.583104 0.172429 0.00122152 
0.000286073 0.0138209 7.00389e-07 0.00246372 0.0451337 0.00478407 0.933511 1.65378e-07 
0.065442 0.397211 0.000882191 0.225913 0.234925 0.000958167 0.07396 0.000708996 
0.0108951 0.0190273 0.000318311 0.473197 0.092409 2.56362e-10 0.404153 1.48332e-10 
0.0032865 0.0158696 2.41265e-05 0.3416 0.581713 0.000353843 0.0571503 3.16618e-06 
0.000198464 0.000304811 4.99525e-05 0.368722 0.315335 0.000180502 0.315209 1.6468e-07 
0.0489232 0.151859 0.00533901 0.400599 0.0161219 0.0728629 0.304294 9.53799e-07 
0.00404138 0.026061 3.05201e-06 0.00101406 0.16799 0.000323779 0.800567 1.7391e-08 
2.52712e-05 0.0203086 4.51376e-07 0.914073 0.0174995 6.34518e-07 0.0480921 9.27891e-08 
0.0113876 0.0603156 0.0993712 0.0634803 0.233144 5.0052e-05 0.532211 3.98192e-05 
0.0165752 0.0148982 0.00128947 0.075163 0.0787938 0.000118083 0.813162 2.08352e-07 
0.0579377 0.132691 0.63064 0.0346038 0.0565192 0.0194354 0.0680492 0.000124391 
0.34537 0.189859 0.000834909 0.00778615 0.41869 2.07943e-05 0.0374283 1.03537e-05 
0.00184238 0.0581371 0.000608736 0.24969 0.429755 0.0176081 0.242085 0.000273922 
0.0314679 0.0483033 0.000609661 0.612158 0.210701 0.00456084 0.0917787 0.000420223 
0.0233703 0.0184292 0.000145863 0.770769 0.126581 0.000302908 0.0603479 5.364e-05 
0.595967 0.00191716 3.12133e-06 0.136457 0.253465 0.00175699 0.0104326 1.34085e-06 
2.26634e-05 0.0245459 1.35969e-05 0.0471221 0.916649 4.83078e-06 0.0116394 2.79511e-06 
0.0109055 0.0940645 0.0286232 0.111937 0.467226 0.0120356 0.2703 0.00490745 
0.0142077 0.0443127 0.000775781 0.107232 0.109992 9.41097e-05 0.723332 5.39558e-05 
0.000235384 0.0943075 6.06061e-08 0.0239738 0.194417 2.15324e-08 0.687066 1.24588e-08 
0.000286073 0.0138209 7.00389e-07 0.00246372 0.0451337 0.00478407 0.933511 1.65378e-07 
1.13041e-05 0.00311895 1.23389e-05 0.700891 1.6452e-05 5.57146e-08 0.29595 3.22367e-08 
0.0176385 0.127632 0.000229663 0.83344 0.0041644 1.73021e-05 0.0168632 1.51201e-05 
0.0472076 0.0188031 0.00261734 0.771171 0.0992334 0.00539878 0.0542754 0.00129311 
0.0615848 0.0121372 0.000142431 0.895657 0.00456175 0.000568109 0.0253093 3.9101e-05 
0.000364166 0.00128761 0.000278982 0.00887763 0.796465 7.84535e-05 0.192581 6.68896e-05 
0.00820669 0.0163955 0.000901106 0.781164 0.0557604 0.11946 0.017999 0.000113151 
0.0129981 0.00727657 0.000182887 0.498025 0.095237 0.373256 0.0129335 9.05727e-05 
0.00751033 0.193778 0.0365808 0.641751 0.00522928 2.23467e-05 0.115127 2.25917e-06 
2.39288e-07 0.00113684 8.22677e-10 0.893088 0.00406109 0.000206573 0.101508 1.69117e-10 
0.00396131 0.0780658 0.000663459 0.348616 0.208795 2.4729e-05 0.359854 1.99656e-05 
0.000260512 0.0276142 0.00150097 0.00732815 0.00604786 0.236363 0.720747 0.000139001 
0.00600392 0.0256727 0.00463282 0.297239 0.375664 0.0140352 0.27549 0.00126227 
0.000286073 0.0138209 7.00389e-07 0.00246372 0.0451337 0.00478407 0.933511 1.65378e-07 
0.000824508 0.0202205 0.0161711 0.823009 0.0796215 0.00115716 0.058426 0.00057013 
0.699966 0.129729 7.17977e-07 0.0659602 0.0725005 2.55087e-07 0.0318426 1.47594e-07 
0.0484296 0.0520383 0.0162323 0.246775 0.257973 0.303523 0.0746558 0.000372876 
0.00853766 0.00196059 0.113649 0.140649 0.663841 0.0106886 0.0600284 0.000645662 
0.0188521 0.0931008 0.00636963 0.670809 0.100694 0.024999 0.0819189 0.00325739 
0.00364515 0.00993153 2.16994e-06 0.927747 0.0553952 0.00323056 4.64811e-05 1.48708e-06 
0.919799 8.24172e-06 3.00896e-05 0.0103345 0.0213921 0.0161321 0.0323033 7.46636e-07 
6.67476e-06 0.00421015 2.72025e-07 0.0951713 0.672586 5.05864e-07 0.228025 2.00205e-07 
1.36026e-06 1.95748e-05 0.000586931 0.445612 0.105067 3.91955e-07 0.448713 1.81477e-10 
0.000132705 0.00279576 0.00693966 0.985397 6.00511e-05 0.00466361 6.61106e-06 4.40694e-06 
0.000816972 0.565536 3.25164e-05 0.0725671 0.0058351 0.00218824 0.353025 3.13537e-09 
0.0103527 0.00477904 7.11223e-05 0.784383 0.0958408 0.000414875 0.104091 6.72288e-05 
0.000361936 0.00260438 1.5339e-05 0.0376764 0.949349 3.78688e-05 0.0099491 6.10596e-06 
2.91527e-07 0.0009984 7.16165e-07 0.00692894 0.989408 2.54443e-07 0.00266283 1.47222e-07 
0.0600496 0.0706879 0.220726 0.0583871 0.414909 0.0103854 0.155465 0.00939005 
0.0327812 0.0265353 0.0538984 0.277203 0.132888 0.13435 0.335642 0.00670188 
6.31186e-10 0.744427 1.55057e-09 0.255563 6.25828e-06 6.06536e-07 2.6891e-06 3.18751e-10 
0.00101072 0.00597523 9.15341e-08 0.0480855 0.71862 2.09943e-08 0.226308 1.32026e-08 
0.0676986 0.0550929 0.134708 0.0812508 0.126008 0.00544308 0.527925 0.00187362 
0.0363996 0.10668 0.00183092 0.528157 0.249779 0.0515722 0.0249879 0.000594549 
0.00578667 0.0173658 5.05078e-06 0.0139298 0.790381 0.168514 0.00401657 1.11258e-06 
0.0251356 0.0389989 0.0438857 0.841736 0.0159072 0.001899 0.0312679 0.00117005 
1.43837e-11 0.000441554 3.53349e-11 6.20725e-05 0.185844 0.000153874 0.813498 7.26379e-12 
4.90479e-06 0.214337 2.4503e-05 0.558737 0.0794414 0.000172326 0.147281 1.27836e-06 
0.0548333 0.0316928 0.000586536 0.255734 0.595255 0.000472551 0.061262 0.00016385 
0.0157746 0.00265344 0.00576602 0.552543 0.325749 0.000248774 0.0972655 3.10007e-10 
0.919799 8.24172e-06 3.00896e-05 0.0103345 0.0213921 0.0161321 0.0323033 7.46636e-07 
0.200619 0.0906186 0.00340393 0.0709209 0.346371 0.000563626 0.287383 0.000119919 
0.00449832 0.00735388 0.0116632 0.0494928 0.0842859 0.798094 0.0401615 0.0044504 
0.0112932 0.0314266 0.0173224 0.0255894 0.315538 0.013718 0.584013 0.0011001 
0.00142381 0.00142698 0.00153575 0.0318917 0.00389679 1.01024e-07 0.959825 5.84527e-08 
0.442539 0.00476534 0.00507624 0.106381 0.041187 0.387732 0.00796978 0.00434896 
6.24595e-05 2.08836e-06 3.50308e-09 0.138636 0.286004 1.24459e-09 0.575295 7.20126e-10 
0.0235651 0.250784 0.0317984 0.200115 0.123427 0.00102986 0.369211 7.09889e-05 
0.0162928 0.0396744 0.000110499 0.835418 0.0329282 0.00043751 0.0750331 0.000104875 
1.18031e-05 0.540192 7.43281e-09 0.196586 0.263194 2.64077e-09 1.69636e-05 1.52796e-09 
0.111218 0.0852541 0.0984439 0.565133 0.063362 0.00946045 0.0644951 0.00263374 
0.000457576 0.000689595 0.0236088 0.663718 0.253471 0.0282628 0.0297753 1.63836e-05 
0.00047488 0.000275259 9.78614e-08 0.0642051 0.764335 5.19553e-08 0.170709 4.43295e-08 
0.27724 0.142782 0.116686 0.0846697 0.22281 0.0325917 0.0988039 0.0244164 
0.101718 0.108982 0.000135351 0.700041 0.0523784 5.94553e-05 0.0366863 7.12255e-09 
0.101934 0.00595739 0.00015106 0.000159257 0.755404 1.67664e-08 0.136394 9.70113e-09 
0.0106538 0.0598075 4.56335e-07 0.148697 0.036751 7.33577e-05 0.744016 2.98521e-07 
0.00166969 0.0451198 0.0457514 0.559916 0.134453 2.44642e-05 0.213063 3.10104e-06 
0.00569336 0.0529485 0.0187833 0.20149 0.493005 0.00237066 0.224646 0.00106285 
0.0214726 0.0154421 0.00513395 0.0840072 0.152652 0.00487223 0.715303 0.00111723 
0.0409067 0.0519043 0.00589096 0.0575554 0.697567 0.00282916 0.142895 0.000451035 
0.000295497 0.000196859 0.936533 0.0443318 0.0132628 0.00134426 0.00395798 7.73981e-05 
6.73341e-05 0.000103191 0.045998 0.0132843 0.0706425 0.840338 0.0295667 2.37726e-07 
0.000231453 0.00812268 0.0026708 0.690025 0.272151 4.4868e-07 0.0267984 6.68399e-08 
0.000311472 0.00203246 0.00129006 0.0882233 0.885969 0.00121641 0.0208725 8.50174e-05 
0.0243004 0.00325225 0.000497256 0.0391445 0.569705 0.01601 0.347088 1.92539e-06 
0.00176331 0.00133218 0.522491 0.277596 0.196614 0.000196583 7.20836e-06 4.12772e-07 
0.0559531 0.00486852 0.000769207 0.0361567 0.86936 0.0117386 0.0207699 0.000384179 
0.0106169 0.173459 0.0851091 0.366687 0.338386 0.000325702 0.0252233 0.000193157 
0.0138366 0.122851 0.0995217 0.107265 0.213368 0.00283374 0.440097 0.000226004 
0.028548 0.00833951 0.00163799 0.494605 0.128282 0.000111077 0.338477 1.74379e-10 
5.78437e-05 0.0690813 1.85214e-05 0.804204 0.0249347 0.00376124 0.0979428 6.94656e-08 
0.0069878 0.0739781 0.0244628 0.0753824 0.143875 0.0246128 0.644665 0.00603583 
0.0689056 0.123445 0.00918177 0.443129 0.225577 0.0166076 0.112689 0.000463885 
0.00274651 0.00846773 0.200963 0.210421 0.158117 0.000167638 0.418992 0.000124381 
0.0257305 0.178466 0.00375616 0.297928 0.35496 0.00502103 0.131368 0.00276994 
0.0295375 0.106628 0.000214192 0.182967 0.327773 2.47481e-07 0.352881 1.14546e-11 
0.000950559 0.035152 0.000627814 0.00969099 0.650789 0.00217818 0.300385 0.000226453 
3.61698e-11 0.00411751 8.88548e-11 0.0121003 0.631619 3.15688e-11 0.352163 1.82658e-11 
3.37397e-07 0.000443005 1.20027e-06 0.999213 2.22489e-07 0.000341577 2.16049e-07 5.87335e-11 
0.00109625 0.00716323 0.00203851 0.472442 0.162506 0.315774 0.0388138 0.000165832 
0.00124313 0.149794 0.00106041 0.0696909 0.22742 0.000165174 0.550559 6.71609e-05 
0.00105493 0.595189 0.000749465 0.161757 0.0747924 0.00197842 0.163876 0.000602315 
0.919799 8.24172e-06 3.00896e-05 0.0103345 0.0213921 0.0161321 0.0323033 7.46636e-07 
0.0141787 0.0723454 0.0248716 0.847214 0.02923 0.0112861 0.000871022 2.89346e-06 
0.0166666 0.0265538 0.011755 0.529773 0.149902 0.00230017 0.262954 9.48743e-05 
2.03786e-07 0.0195908 0.000931069 0.28619 0.382891 0.00065699 0.309741 9.41196e-08 
0.00906994 0.0185305 0.0871866 0.307179 0.487766 0.0468472 0.0379675 0.00545368 
0.496863 0.0841285 0.0121778 0.205177 0.0593284 0.0232936 0.114941 0.00409147 
0.0209721 0.0318118 0.00414797 0.616725 0.132562 0.00492243 0.187196 0.00166324 
0.00298109 0.00150589 0.000238464 0.0835794 0.843439 0.0332672 0.0349516 3.74406e-05 
0.0248782 0.0106748 0.0869904 0.72819 0.060409 0.026655 0.062185 1.77602e-05 
0.00144039 0.0249631 0.00559968 0.157368 0.132564 0.651302 0.0267048 5.76079e-05 
2.74231e-09 0.0394526 2.20491e-06 0.909699 0.0258726 2.91196e-06 0.0249703 1.38487e-09 
4.06224e-07 0.196493 0.0870377 0.32962 0.228126 5.56829e-07 0.158723 2.65551e-07 
0.00216221 0.000114357 4.54361e-06 0.960834 0.0365894 5.33651e-06 0.000288196 2.13907e-06 
0.00105039 0.0700855 0.0412424 0.30988 0.42556 0.000943283 0.150342 0.000896848 
0.442969 0.000550451 4.37599e-05 0.204881 0.248109 0.0314026 0.0720447 5.03128e-08 
0.000260512 0.0276142 0.00150097 0.00732815 0.00604786 0.236363 0.720747 0.000139001 
0.00384248 0.00624328 1.85745e-07 0.118629 0.0799017 6.57698e-08 0.791384 3.38938e-08 
0.0112107 0.0581849 0.155288 0.194295 0.16794 0.0533589 0.354219 0.00550295 
0.0377955 0.0596251 0.000735014 0.784456 0.0477177 0.00178333 0.0678445 4.29772e-05 
0.0032865 0.0158696 2.41265e-05 0.3416 0.581713 0.000353843 0.0571503 3.16618e-06 
0.00699023 0.00877193 0.0864316 0.10529 0.387324 0.00860511 0.394512 0.00207542 
0.00584804 0.781262 7.2931e-08 0.0607905 0.039625 0.000125717 0.112349 3.82336e-08 
0.000891598 0.00101053 0.000162653 0.140278 0.856623 0.000316252 0.000661263 5.6721e-05 
6.73341e-05 0.000103191 0.045998 0.0132843 0.0706425 0.840338 0.0295667 2.37726e-07 
0.0107276 0.00820691 0.0572668 0.297237 0.172224 0.0419105 0.41078 0.00164652 
1.54058e-09 1.0179e-05 3.78459e-09 0.0417496 0.704969 1.34461e-09 0.253272 7.77997e-10 
0.00861294 0.0624217 0.00729458 0.281392 0.207846 0.000304363 0.431833 0.000295484 
0.0169025 0.215849 0.00213096 0.0626395 0.122399 0.575761 0.00415393 0.000163422 
0.0524572 0.0115242 0.318085 0.363409 0.074563 0.000130798 0.179763 6.72492e-05 
7.81104e-06 1.67537e-06 4.65149e-09 0.999975 1.57283e-06 1.26873e-05 1.68794e-06 9.56204e-10 
0.00256242 0.0113484 0.00111644 0.0675241 0.697316 0.0439783 0.175946 0.000208916 
0.00578667 0.0173658 5.05078e-06 0.0139298 0.790381 0.168514 0.00401657 1.11258e-06 
0.00111524 0.0145695 0.00111848 0.0426072 0.393158 0.00307633 0.544049 0.000306368 
0.00291435 0.0267761 0.000465058 0.737509 0.114565 0.000172018 0.117592 5.72808e-06 
0.00267438 0.0106623 0.00472395 0.0281114 0.449429 0.000551509 0.503581 0.000266872 
6.73341e-05 0.000103191 0.045998 0.0132843 0.0706425 0.840338 0.0295667 2.37726e-07 
0.573515 0.00151425 2.22154e-06 0.0125723 0.0593879 6.68164e-05 0.352941 7.40323e-07 
0.416623 0.0196097 0.0326269 0.172344 0.0848977 0.197192 0.0758069 0.000899917 
0.0195956 0.0237864 8.56573e-05 0.79241 8.78139e-07 0.000297924 0.163823 4.10234e-07 
0.00062933 0.0142238 0.000580763 0.967806 0.0159448 0.00019676 0.000550745 6.74318e-05 
0.0170912 0.00489597 0.000751508 0.485941 0.346542 0.0236161 0.120452 0.000709573 
0.00290658 0.0625048 0.000457847 0.613801 0.0697274 0.000889044 0.249703 1.10769e-05 
0.301527 0.0297556 0.0023945 0.456013 0.129681 0.00162378 0.0788652 0.000140397 
0.18996 0.00956041 0.00119846 0.0136295 0.206888 0.000185661 0.578509 6.84739e-05 
0.690296 0.127112 2.57454e-10 0.0331298 0.130069 5.63288e-08 0.0193934 5.29247e-11 
0.45735 0.0167623 3.12433e-07 0.374448 0.110056 0.0022337 0.0391502 8.40023e-08 
0.0732321 0.0406231 0.00117165 0.762257 0.0326149 0.0297136 0.0595905 0.000796881 
0.0081873 0.0414823 0.00430845 0.31374 0.235094 0.0137081 0.381063 0.00241724 
0.0323259 0.036186 0.0541353 0.0540547 0.384375 0.0262842 0.397211 0.0154277 
0.00150061 0.00584707 0.0849395 0.0292406 0.786578 0.0223829 0.0684616 0.00104991 
2.56242e-05 0.286663 2.02187e-06 0.443196 0.167601 4.35445e-10 0.102512 2.5195e-10 
0.0021495 0.0899001 0.019604 0.531465 0.0799637 0.119762 0.155017 0.00213882 
7.50306e-05 0.129725 0.000134017 0.822105 0.000741998 0.0224726 0.0247453 8.86018e-07 
0.0101805 0.465787 0.0049803 0.110548 0.227188 0.0240017 0.153229 0.0040859 
0.0096053 0.0567741 0.000579017 0.779862 0.0681402 0.000513003 0.0844658 6.06499e-05 
0.0488175 0.00284882 0.0105895 0.455115 0.280418 0.00540995 0.196752 4.87908e-05 
4.2198e-06 4.54057e-06 1.48192e-05 0.857154 0.141316 0.00147955 2.40778e-05 2.52117e-06 
0.488961 0.00442646 0.00709048 0.148137 0.0369686 0.303488 0.00755868 0.0033698 
0.00634167 0.0742134 0.00727337 0.799185 0.077837 0.00596866 0.0285598 0.000621115 
0.000583029 0.00123957 0.0016741 0.971833 0.0195058 0.00108121 0.00378681 0.000296763 
0.427552 0.0396183 0.00749325 0.107564 0.219728 0.0674462 0.124382 0.00621713 
9.07873e-07 0.0448206 3.22657e-06 0.954701 8.4941e-06 0.000454807 1.0691e-05 1.59788e-09 
0.573515 0.00151425 2.22154e-06 0.0125723 0.0593879 6.68164e-05 0.352941 7.40323e-07 
0.000693955 0.0156263 0.00152832 0.480251 0.466716 0.000573639 0.0342876 0.00032321 
0.0380763 0.0415737 0.0198661 0.127475 0.700925 0.0107231 0.0530296 0.00833095 
0.00605522 0.00596257 0.00010406 0.899527 0.0483898 4.2801e-05 0.0399031 1.54266e-05 
0.0614328 0.0120112 0.0534355 0.628836 0.184871 0.0261121 0.0332516 5.00683e-05 
0.000847628 0.00311123 0.456454 0.35047 0.0721978 0.00398063 0.11284 9.86583e-05 
4.14611e-07 0.000990123 0.873992 0.0719375 0.00121839 8.62205e-05 0.0517751 3.63833e-08 
0.0106191 0.00686238 0.000463114 0.876728 0.0798967 0.000376063 0.0249176 0.000137353 
0.00378639 0.0594506 0.000319051 0.356318 0.407044 0.0943706 0.0787114 1.0049e-08 
0.0196347 0.000144015 0.186753 0.453439 0.212312 0.0528577 0.0748459 1.36607e-05 
0.00194833 0.00474039 0.00295867 0.0206128 0.807935 0.00551112 0.154503 0.00179067 
0.0554903 0.0365627 5.81387e-09 0.145688 0.516135 3.65086e-07 0.246124 1.19515e-09 
0.0104342 0.175412 0.00272818 0.494847 0.0473814 0.00265044 0.264532 0.00201507 
0.000106766 0.00030165 3.12204e-08 0.999079 0.000233784 9.99402e-06 0.000268763 6.41796e-09 
0.00258069 0.0183068 1.42947e-05 0.154306 0.527958 1.47303e-05 0.296818 2.07116e-06 
0.0275894 0.15958 0.00036744 0.110346 0.266621 0.16915 0.266062 0.00028452 
9.29195e-08 0.00559483 0.0751589 0.899052 0.0172527 0.00293978 1.20756e-06 5.63109e-11 
0.000121353 0.459745 0.00238664 0.436746 0.000334077 3.21557e-05 0.100632 2.53589e-06 
0.00280136 0.00636271 0.101272 0.0546037 0.488324 0.0045157 0.340529 0.00159133 
0.00305342 8.59942e-05 1.61527e-05 0.00263744 0.000611588 4.77092e-05 0.993545 2.4426e-06 
0.0154103 0.235277 0.00583368 0.718338 0.00458467 0.00969019 0.0103954 0.00047005 
0.152167 0.6884 1.23157e-06 0.000999683 0.00415131 4.37559e-07 0.15428 2.53174e-07 
0.0114903 0.00840268 0.00799425 0.888357 0.0113195 0.000133393 0.0722874 1.49469e-05 
0.00225495 0.0299897 0.00252262 0.339681 0.426978 0.00747273 0.191029 7.28851e-05 
6.73341e-05 0.000103191 0.045998 0.0132843 0.0706425 0.840338 0.0295667 2.37726e-07 
0.0685076 0.00766974 0.00158188 0.686872 0.216134 0.00265297 0.0153981 0.00118349 
0.0264305 0.0334695 0.000510391 0.534764 0.289968 0.00643264 0.108364 6.18126e-05 
0.018162 0.210916 0.00512798 0.598617 0.111201 0.0303347 0.0253834 0.000258169 
0.00125226 0.0268959 0.0122243 0.856815 0.0551899 0.00135074 0.0462395 3.22363e-05 
0.00958964 0.0118146 7.10879e-05 0.56477 0.264016 0.00713092 0.142604 3.43152e-06 
0.00230101 0.00320625 0.000427622 0.205164 0.00567809 0.779744 0.00336756 0.000110979 
0.0371197 0.122221 0.0366505 0.305241 0.330121 0.022191 0.13912 0.00733663 
1.51498e-07 0.0120719 3.72171e-07 0.0124917 0.975176 1.32227e-07 0.00025954 7.65071e-08 
0.00920371 0.0544509 1.73722e-06 0.929048 0.00667917 1.08295e-05 0.000605334 3.5712e-07 
0.0283817 0.0110361 0.023986 0.0882368 0.720075 0.00532552 0.122442 0.000517154 
0.00176331 0.00133218 0.522491 0.277596 0.196614 0.000196583 7.20836e-06 4.12772e-07 
0.00854079 0.000339516 0.00438876 0.703777 0.153657 0.120181 0.00910878 7.67488e-06 
0.000775018 0.0572038 2.88087e-08 0.919613 1.77857e-06 0.0013151 0.0210916 5.92219e-09 
0.00431174 0.0280947 0.00815681 0.510408 0.205794 0.000333663 0.242858 4.28115e-05 
2.36291e-09 2.90243e-06 5.80473e-09 0.999987 4.52026e-06 1.65193e-06 4.38941e-06 1.19327e-09 
0.00498618 0.0197584 0.00877051 0.929543 0.036328 0.000222222 0.000391296 1.45872e-07 
0.145432 0.00716195 0.0201762 0.223884 0.0388234 0.532283 0.0315672 0.000672221 
0.0140902 0.167704 0.00788065 0.3584 0.370302 0.000763659 0.0808589 1.41484e-07 
0.00578667 0.0173658 5.05078e-06 0.0139298 0.790381 0.168514 0.00401657 1.11258e-06 
8.59995e-07 0.0760615 3.26797e-09 0.00968066 0.653052 3.89824e-06 0.261201 6.71795e-10 
0.919799 8.24172e-06 3.00896e-05 0.0103345 0.0213921 0.0161321 0.0323033 7.46636e-07 
0.0127852 0.00110529 0.000370106 0.0184209 0.314312 0.00305349 0.649633 0.000320192 
0.00119114 0.00930901 0.00120818 0.797358 0.179638 0.00383935 0.0069128 0.000543036 
0.000264005 0.00348228 0.0042615 0.87661 0.073912 0.000265841 0.0411213 8.33495e-05 
0.000941811 0.00442973 0.000141966 0.8661 0.060053 0.0241431 0.0441632 2.67586e-05 
0.73325 0.00737396 0.0706406 0.0667641 0.0393477 0.00281793 0.0785893 0.00121625 
0.0531764 0.049332 0.000503036 0.00550134 0.843238 0.00311853 0.0448736 0.00025665 
0.00857761 0.00189283 0.000197322 0.063849 0.108818 9.45335e-05 0.81651 6.0349e-05 
0.73325 0.00737396 0.0706406 0.0667641 0.0393477 0.00281793 0.0785893 0.00121625 
0.0129333 0.0245315 0.0181987 0.104065 0.156511 0.00275885 0.680236 0.00076588 
0.000584546 0.0391279 1.54073e-06 0.93161 0.00026396 6.76886e-06 0.028405 3.16727e-07 
0.00109318 0.00948513 0.864377 0.0946362 0.00977718 2.98069e-07 0.0206307 1.72464e-07 
0.0017952 0.00141745 0.00030679 0.00812198 0.571677 0.000172834 0.416504 4.14735e-06 
0.00220832 0.00535401 0.0114056 0.0870962 0.798626 0.00300232 0.0902285 0.00207866 
0.000106766 0.00030165 3.12204e-08 0.999079 0.000233784 9.99402e-06 0.000268763 6.41796e-09 
9.66124e-08 0.999573 2.37338e-07 0.000180595 0.000158641 8.43228e-08 8.72735e-05 4.87895e-08 
0.0267815 0.0945468 0.234328 0.544177 0.0703767 0.001186 0.0285564 4.77707e-05 
0.00295091 0.196672 0.0277481 0.273041 0.245552 0.000192739 0.253816 2.77447e-05 
0.00130114 0.00416709 4.59532e-08 0.323151 0.566167 0.000389598 0.104824 4.50522e-08 
0.914822 0.00922699 0.00113044 0.0125276 0.0461514 0.000131023 0.0159569 5.37335e-05 
0.0347546 0.0287882 0.0191166 0.329145 0.39179 0.00844122 0.187233 0.00073182 
0.000214126 0.002561 0.000764042 0.764711 0.188368 0.00359274 0.0397835 5.44965e-06 
0.633801 0.0301528 0.000136509 0.209282 0.0800723 0.00146456 0.0450879 2.8051e-06 
0.00611296 0.00332721 0.00477441 0.821016 0.112494 2.52413e-05 0.0522481 1.5252e-06 
0.23486 0.0190139 0.0469951 0.468049 0.102272 0.0738055 0.0542843 0.000720388 
0.00121622 0.278177 9.58781e-06 0.0955385 0.235649 2.30144e-05 0.389386 2.01081e-07 
0.0113558 0.0714747 0.00021175 0.285287 0.328435 0.0161285 0.287011 9.54591e-05 
0.000933413 0.00542978 0.000135407 0.991332 0.00010939 1.03367e-05 0.00204363 6.37323e-06 
0.0375202 0.00787097 0.00834233 0.0880221 0.341855 0.000693563 0.515471 0.000224751 
0.919799 8.24172e-06 3.00896e-05 0.0103345 0.0213921 0.0161321 0.0323033 7.46636e-07 
0.0843099 0.195308 0.0015348 0.233507 0.275559 0.064878 0.143454 0.00144853 
0.00119182 0.00149421 0.00053838 0.993421 0.00169855 7.64808e-08 0.00165603 4.42521e-08 
0.0757061 0.040412 0.0131696 0.502043 0.0612386 0.0161445 0.280828 0.0104586 
0.73325 0.00737396 0.0706406 0.0667641 0.0393477 0.00281793 0.0785893 0.00121625 
0.000891598 0.00101053 0.000162653 0.140278 0.856623 0.000316252 0.000661263 5.6721e-05 
0.000683945 0.00430372 0.200255 0.231547 0.437187 0.00118642 0.124708 0.000128883 
0.73325 0.00737396 0.0706406 0.0667641 0.0393477 0.00281793 0.0785893 0.00121625 
0.291288 0.0264567 0.00760525 0.310752 0.0935519 6.7676e-08 0.270346 2.04412e-10 
0.0244648 0.033742 0.00565694 0.452708 0.121433 0.00156138 0.359549 0.000884295 
0.00532014 0.00153019 0.964524 0.012992 0.00043359 1.26683e-06 0.015199 6.08816e-10 
0.0853841 0.0106849 0.00355555 0.610921 0.0753623 0.006443 0.207624 2.52364e-05 
0.00278423 0.00149786 0.0187218 0.105752 0.130704 0.000146305 0.740375 1.97988e-05 
2.0424e-09 7.09845e-05 5.01737e-09 0.00213809 0.711704 1.7826e-09 0.286087 1.03142e-09 
2.31231e-08 0.000352787 0.00018183 0.907982 0.0912727 2.01817e-08 0.00021042 1.16772e-08 
1.45148e-07 0.00151178 3.56572e-07 0.000535619 4.62977e-05 1.26685e-07 0.997906 7.33004e-08 
0.0169025 0.215849 0.00213096 0.0626395 0.122399 0.575761 0.00415393 0.000163422 
0.00068432 0.000871216 0.000282274 0.521876 0.0755256 5.49328e-07 0.40076 2.63904e-07 
0.00632155 0.0190822 0.17928 0.253005 0.35754 0.000629901 0.183553 0.000587819 
1.27766e-06 0.00508112 5.50824e-06 0.994911 4.19752e-07 8.87599e-07 1.33717e-08 1.31651e-10 
0.00142054 0.00590323 0.000380591 0.051473 0.920262 0.000418636 0.0199953 0.000146918 
0.166327 0.0787556 0.00871178 0.164875 0.187731 0.182471 0.20818 0.00294898 
0.0017207 0.00996197 0.556615 0.0382552 0.207201 0.00200089 0.182995 0.00124987 
0.00861847 0.00502901 0.148421 0.0342401 0.498391 0.00101296 0.303515 0.00077223 
2.29936e-09 0.31866 1.24326e-05 0.681312 3.33577e-06 2.00687e-09 1.26957e-05 1.16118e-09 
0.919799 8.24172e-06 3.00896e-05 0.0103345 0.0213921 0.0161321 0.0323033 7.46636e-07 
0.026823 0.0324445 0.0628655 0.306115 0.114179 0.138691 0.313398 0.00548413 
0.00121955 0.0213255 0.000268933 0.0135974 0.320118 6.7231e-05 0.643358 4.5297e-05 
0.0572251 0.084432 0.0287358 0.378377 0.152634 0.0102189 0.28725 0.00112676 
1.06306e-05 0.000622898 4.17817e-06 0.858022 0.0561242 0.000304798 0.0849095 1.886e-06 
0.0169025 0.215849 0.00213096 0.0626395 0.122399 0.575761 0.00415393 0.000163422 
0.0164989 0.0407651 0.00552325 0.0946371 0.675181 0.0121497 0.154653 0.000592364 
0.0110006 0.00445167 0.00109747 0.683205 0.147177 0.0150086 0.137762 0.00029712 
1.16131e-05 0.0500944 0.00221456 0.511606 3.97598e-05 2.65626e-05 0.436005 1.69376e-06 
0.00857823 0.0457691 0.00166625 0.218375 0.35591 0.0234439 0.346015 0.000242979 
0.0169025 0.215849 0.00213096 0.0626395 0.122399 0.575761 0.00415393 0.000163422 
9.05571e-05 0.0429529 0.0086801 0.916673 0.0122987 0.00415758 0.0150925 5.42037e-05 
0.0209411 0.0644945 0.0363483 0.369179 0.362631 0.0424333 0.101402 0.00257087 
0.00578667 0.0173658 5.05078e-06 0.0139298 0.790381 0.168514 0.00401657 1.11258e-06 
5.06806e-05 0.0832885 0.000164216 0.824592 0.0479886 3.64616e-06 0.0439118 3.91237e-07 
0.296771 0.0946551 0.0175826 0.0813325 0.290357 0.0466725 0.159539 0.0130902 
0.919799 8.24172e-06 3.00896e-05 0.0103345 0.0213921 0.0161321 0.0323033 7.46636e-07 
0.0865296 0.0856442 0.143257 0.365897 0.14158 0.0636328 0.108655 0.00480529 
2.98049e-05 0.00121315 3.15462e-06 0.631113 4.64167e-05 5.36545e-06 0.367587 1.66607e-06 
0.218693 0.00621651 0.00643734 0.284714 0.0522433 0.409872 0.0211043 0.000719124 
0.00101072 0.00597523 9.15341e-08 0.0480855 0.71862 2.09943e-08 0.226308 1.32026e-08 
0.00641348 0.00439075 0.00109454 0.0607838 0.879726 0.000175513 0.0472517 0.000164727 
0.0561827 0.0613666 4.3261e-05 0.694591 0.179211 0.0001786 0.00839565 3.1222e-05 
0.284143 0.108813 0.00666561 0.20606 0.238218 0.0155978 0.136201 0.00430183 
0.000447864 0.113181 0.000135276 0.658118 0.0909133 0.000236396 0.136842 0.000126092 
0.0471567 0.0505363 0.0257849 0.0349593 0.652897 0.0274435 0.137985 0.0232375 
0.00958964 0.0118146 7.10879e-05 0.56477 0.264016 0.00713092 0.142604 3.43152e-06 
0.000775018 0.0572038 2.88087e-08 0.919613 1.77857e-06 0.0013151 0.0210916 5.92219e-09 
0.00906994 0.0185305 0.0871866 0.307179 0.487766 0.0468472 0.0379675 0.00545368 
0.0979834 0.0073291 1.19403e-05 0.0506512 0.659546 0.140354 0.0441203 3.73814e-06 
0.00192036 4.95978e-05 0.000277365 0.0249228 0.156749 5.24051e-05 0.816007 2.13567e-05 
0.00261657 0.00971354 6.1776e-05 0.527586 0.290943 0.00177779 0.16724 6.0941e-05 
0.00373232 0.0690089 0.00334739 0.0338613 0.313175 0.00412572 0.571861 0.000888279 
0.00331303 0.0758652 0.000523897 0.82219 0.0386553 0.00728305 0.0521099 5.93116e-05 
0.0369074 0.254349 0.0111834 0.0619821 0.307189 0.0404194 0.28603 0.00193927 
0.00207827 0.00423908 0.765998 0.144364 0.035649 0.00109523 0.0463202 0.000256451 
0.0281528 0.0403024 0.00443275 0.241927 0.116602 0.00046651 0.56809 2.60177e-05 
0.0472422 0.124205 0.394688 0.311583 0.0254657 0.00476489 0.0911159 0.000935056 
0.00224821 0.000877609 0.000162995 0.259904 0.671613 0.0627077 0.00248282 3.03435e-06 
0.0184541 0.0376179 0.0292122 0.701098 0.14417 0.00271027 0.065692 0.00104575 
0.00124321 0.0975112 0.130882 0.155138 0.109629 0.000390556 0.50487 0.000336807 
0.000328788 0.00153106 2.27777e-06 0.994931 0.00304056 2.7638e-05 0.000138643 4.6824e-07 
0.00111334 0.000472184 0.316711 0.0120525 0.0188607 0.632886 0.0175241 0.000379324 
0.0171461 0.0160289 0.0386924 0.578723 0.174884 0.0206339 0.142342 0.0115493 
0.00453955 0.000700647 0.533048 0.0244827 0.173074 0.00382806 0.260206 0.000121572 
0.0493389 0.0134249 0.00379565 0.188404 0.246225 0.061509 0.435343 0.00195921 
0.088789 0.0755327 0.520311 0.185985 0.0965211 0.00060498 0.0321756 8.11614e-05 
0.0397505 0.0265622 8.56936e-05 0.610695 0.296334 0.000202874 0.02637 3.56327e-07 
0.00466669 0.00233409 0.777057 0.0722619 0.0478814 0.0127554 0.0808648 0.00217834 
0.0114283 0.0759347 0.00545046 0.0237553 0.113529 0.0129983 0.75635 0.000553786 
0.204549 0.0244153 0.00203843 0.0206814 0.127894 0.517254 0.101482 0.00168529 
0.00150519 0.000442442 0.000290654 0.139557 0.0176957 0.836942 0.0034716 9.47312e-05 
0.0274784 0.0769896 0.00323351 0.458033 0.255375 0.0410606 0.136082 0.00174827 
4.45859e-09 0.0549854 1.0953e-08 0.879664 0.00014982 3.89143e-09 0.0652005 2.2516e-09 
0.00906994 0.0185305 0.0871866 0.307179 0.487766 0.0468472 0.0379675 0.00545368 
0.00176331 0.00133218 0.522491 0.277596 0.196614 0.000196583 7.20836e-06 4.12772e-07 
0.00205837 0.0298974 0.00019135 0.935952 0.0300296 7.73947e-05 0.00177364 2.03562e-05 
0.00120182 0.0190436 1.20975e-05 0.473079 0.228726 0.00601906 0.271918 2.21484e-07 
0.000688081 0.00556169 1.19006e-05 0.167553 0.768475 0.0483586 0.00934979 2.38067e-06 
0.919799 8.24172e-06 3.00896e-05 0.0103345 0.0213921 0.0161321 0.0323033 7.46636e-07 
0.00384248 0.00624328 1.85745e-07 0.118629 0.0799017 6.57698e-08 0.791384 3.38938e-08 
0.160773 0.0239271 0.00305502 0.163581 0.510998 0.00501703 0.129998 0.00265142 
0.00266351 0.114415 1.09359e-05 0.00425639 0.358285 0.00623838 0.51413 6.80174e-08 
0.141677 0.168734 3.1286e-05 0.296103 0.330633 0.00222157 0.0605993 1.32864e-08 
0.00145473 0.0129656 0.0035311 0.338708 0.163016 0.00500975 0.475307 8.61559e-06 
0.0488175 0.00284882 0.0105895 0.455115 0.280418 0.00540995 0.196752 4.87908e-05 
0.0719669 0.084394 0.000404909 0.573498 0.153333 0.00183915 0.114481 8.25611e-05 
5.47769e-05 5.5496e-06 0.000470738 0.999373 2.11966e-05 5.12214e-05 2.33261e-05 1.97448e-08 
0.00130114 0.00416709 4.59532e-08 0.323151 0.566167 0.000389598 0.104824 4.50522e-08 
0.370924 0.00254602 0.00558592 0.146471 0.0330048 0.432637 0.00830972 0.000521674 
0.0059525 0.109966 0.00951673 0.831871 0.0194403 0.00140934 0.0210584 0.000785533 
0.000847046 0.0107401 1.99373e-05 0.829713 0.0386716 7.39303e-05 0.119932 2.16594e-06 
0.0133838 0.00096771 0.119485 0.143529 0.21938 0.138701 0.364423 0.000131026 
0.043812 0.0216531 0.00710561 0.476815 0.175313 0.12384 0.150358 0.00110306 
0.00578667 0.0173658 5.05078e-06 0.0139298 0.790381 0.168514 0.00401657 1.11258e-06 
0.0472422 0.124205 0.394688 0.311583 0.0254657 0.00476489 0.0911159 0.000935056 
0.0135014 0.00491168 0.13724 0.151656 0.384502 0.000189929 0.307943 5.59783e-05 
6.73341e-05 0.000103191 0.045998 0.0132843 0.0706425 0.840338 0.0295667 2.37726e-07 
0.0112539 0.0132997 0.00404115 0.304449 0.156908 0.00262135 0.507146 0.000280534 
0.00343103 0.000764 0.00015756 0.0361851 0.875116 0.0370988 0.0471359 0.000111834 
0.998084 0.000122219 1.04822e-06 0.000194736 0.000128116 0.000174958 0.00129523 1.56262e-09 
0.0235873 0.0579997 8.32325e-06 0.395897 0.496417 7.74668e-07 0.0260904 4.73353e-08 
0.00442596 0.00082896 0.00549707 0.914666 0.0619178 0.00138083 0.0111789 0.000104662 
0.021821 0.0364487 0.029746 0.0777711 0.633688 0.016217 0.178631 0.00567708 
0.00130114 0.00416709 4.59532e-08 0.323151 0.566167 0.000389598 0.104824 4.50522e-08 
0.0104006 0.0297834 0.000325347 0.0190689 0.574011 0.270081 0.0963287 3.73073e-07 
7.95072e-05 0.0554158 4.89506e-09 0.175931 0.123689 3.48001e-06 0.644882 1.00628e-09 
0.00393949 0.050149 0.0535038 0.38481 0.0586935 0.000704908 0.447645 0.000553729 
0.745984 0.0112121 0.000398401 0.0200425 0.175426 0.00195829 0.044958 2.01302e-05 
0.000528046 0.0401073 0.00312914 0.934343 0.0201042 0.00130191 0.000479373 7.57144e-06 
