0.000496646 0.0463438 0.000149192 0.00702485 0.943002 9.32951e-08 0.00298368 5.39809e-08 
3.42059e-05 4.66808e-05 0.000735165 0.998834 0.000159233 3.63948e-05 0.000154132 3.17786e-08 
0.000254084 0.0154106 1.60903e-05 0.696572 0.241075 9.55028e-05 0.0465743 2.58086e-06 
0.00303147 0.0617704 0.000960039 0.650867 0.179533 0.00272037 0.100786 0.000330825 
0.00176331 0.00133218 0.522491 0.277596 0.196614 0.000196583 7.20836e-06 4.12772e-07 
4.53343e-06 0.0156853 1.11368e-05 0.174744 0.00392363 3.95675e-06 0.805625 2.28939e-06 
0.00331685 0.0112218 0.0284618 0.382689 0.244173 0.000239868 0.329777 0.000119906 
0.00478604 0.0191932 0.464405 0.0291783 0.411658 0.000803824 0.0697813 0.000194959 
0.0598543 0.130254 0.000997643 0.502946 0.184861 0.00782595 0.113207 5.37012e-05 
0.0685076 0.00766974 0.00158188 0.686872 0.216134 0.00265297 0.0153981 0.00118349 
0.0117587 0.0607015 0.00091976 0.163037 0.494952 0.197859 0.0704276 0.000344499 
0.0501359 0.0273237 0.0139411 0.0802481 0.711594 0.00800379 0.104106 0.00464686 
0.000295497 0.000196859 0.936533 0.0443318 0.0132628 0.00134426 0.00395798 7.73981e-05 
0.00578667 0.0173658 5.05078e-06 0.0139298 0.790381 0.168514 0.00401657 1.11258e-06 
0.000404516 0.00790519 1.48891e-07 0.144696 0.846209 0.000782794 2.8079e-06 6.74661e-08 
0.000878713 0.000479844 3.6596e-05 0.793832 0.0740355 0.0170135 0.113723 2.19624e-07 
8.79628e-10 0.99898 2.1395e-11 4.73812e-05 0.000972548 7.60134e-12 4.24609e-07 4.39817e-12 
0.000304968 0.00531896 0.00329333 0.703216 0.172806 0.0101981 0.104692 0.000171162 
0.00523295 0.00930656 0.00527916 0.647169 0.0540407 1.09704e-07 0.278972 2.42949e-11 
0.0236676 0.00993739 0.000461744 0.516733 0.303124 0.0542732 0.0916847 0.000118128 
0.00468215 0.00233162 0.00602974 0.124926 0.449367 0.0118586 0.400794 1.06143e-05 
0.00432976 0.0222737 8.995e-05 0.308295 0.318798 0.244031 0.102154 2.87236e-05 
0.0027591 0.00103139 0.000330865 0.0120167 0.198538 9.92998e-05 0.785175 4.92569e-05 
0.125848 0.183462 0.156696 0.144872 0.222977 0.00511338 0.160661 0.000370807 
0.11096 0.00800236 0.0308307 0.286764 0.448283 0.0023739 0.112634 0.000152488 
0.00622302 0.00119839 0.000640165 0.0567198 0.170971 0.000939261 0.763057 0.000251663 
0.00622302 0.00119839 0.000640165 0.0567198 0.170971 0.000939261 0.763057 0.000251663 
0.0233578 0.0222422 0.0720667 0.127585 0.223372 0.00502662 0.523721 0.00262872 
0.00578667 0.0173658 5.05078e-06 0.0139298 0.790381 0.168514 0.00401657 1.11258e-06 
6.31093e-05 0.011859 1.53468e-06 0.0195753 0.036138 1.41567e-05 0.932348 6.85236e-07 
8.64999e-07 0.0200813 5.01851e-05 0.00238529 0.180636 1.42595e-07 0.796846 1.87471e-11 
0.00144096 0.00086509 1.98478e-05 0.324338 0.1287 0.00467553 0.539959 5.06696e-07 
0.0006206 0.0164262 7.75444e-10 0.479705 0.451902 2.89394e-07 0.0513455 1.59408e-10 
0.305309 0.0526365 0.0312082 0.270853 0.169546 0.0777069 0.0729241 0.0198156 
0.195632 0.0708546 0.00327835 0.594583 0.0517578 0.00547697 0.0768157 0.00160198 
6.73341e-05 0.000103191 0.045998 0.0132843 0.0706425 0.840338 0.0295667 2.37726e-07 
6.73341e-05 0.000103191 0.045998 0.0132843 0.0706425 0.840338 0.0295667 2.37726e-07 
0.919799 8.24172e-06 3.00896e-05 0.0103345 0.0213921 0.0161321 0.0323033 7.46636e-07 
0.000121869 0.138141 0.0329087 0.205568 0.442469 1.4923e-05 0.180767 9.60136e-06 
0.00584804 0.781262 7.2931e-08 0.0607905 0.039625 0.000125717 0.112349 3.82336e-08 
0.45735 0.0167623 3.12433e-07 0.374448 0.110056 0.0022337 0.0391502 8.40023e-08 
1.97515e-06 0.178793 1.61225e-09 0.817112 0.00409134 5.72808e-10 2.17179e-06 3.31429e-10 
0.00866869 0.00322911 0.113774 0.532132 0.137706 0.00116421 0.203043 0.000282771 
0.000167296 0.00700286 0.000513983 0.793615 0.156565 3.16108e-07 0.0421353 1.82901e-07 
0.00578667 0.0173658 5.05078e-06 0.0139298 0.790381 0.168514 0.00401657 1.11258e-06 
3.92614e-07 0.862903 0.000386763 0.13617 0.000438154 3.42672e-07 0.000100424 1.98271e-07 
0.000972794 0.000622973 4.84268e-05 0.69988 0.287169 4.9327e-05 0.0112176 4.05669e-05 
0.00641348 0.00439075 0.00109454 0.0607838 0.879726 0.000175513 0.0472517 0.000164727 
0.0119119 0.0207796 0.0454259 0.0733926 0.148861 0.0228546 0.672067 0.00470724 
0.00128881 0.0671754 0.000656695 0.898896 0.0111367 0.000813116 0.0200234 1.00607e-05 
0.000142351 0.00195847 1.3585e-05 0.962684 0.0300633 2.66219e-05 0.00511176 1.73664e-07 
0.0475784 0.00886176 1.56252e-06 0.587851 0.141351 0.000185012 0.214172 2.04673e-10 
0.000377787 0.000308968 0.00136921 0.0688421 0.00487677 0.911774 0.012181 0.000270096 
2.00658e-08 0.105457 4.92937e-08 0.894523 1.68849e-05 1.75133e-08 2.92973e-06 1.01333e-08 
3.88487e-08 0.00185777 0.000918191 0.0519215 0.612942 0.000251524 0.332109 1.84977e-08 
0.00243714 0.103872 0.00235956 0.123378 0.672132 0.00145498 0.0930407 0.00132506 
0.0122706 0.0190574 0.0644391 0.31112 0.44765 0.0306567 0.114227 0.000578892 
0.0299492 0.0483098 0.0804848 0.286143 0.257691 0.000231365 0.297181 9.78257e-06 
1.82903e-09 0.00427225 4.44871e-11 0.0403845 0.912551 1.58056e-11 0.0427922 9.1452e-12 
0.229118 0.0808266 0.00933566 0.0061705 0.256686 0.00233612 0.415445 8.31216e-05 
0.149068 0.0316707 0.0293999 0.663323 0.0470706 0.0264519 0.0528059 0.000209878 
0.573515 0.00151425 2.22154e-06 0.0125723 0.0593879 6.68164e-05 0.352941 7.40323e-07 
0.0243218 0.19238 0.00259024 0.422483 0.347105 0.00123748 0.00987891 3.54261e-06 
0.000595706 0.0290316 3.46422e-06 0.934915 0.018692 7.42734e-06 0.0167539 1.06739e-06 
0.00451397 0.00802693 0.176907 0.217232 0.403832 0.080549 0.108846 9.29003e-05 
0.0221415 0.0574619 0.0040691 0.0973608 0.724806 0.00282755 0.0889484 0.00238421 
0.442969 0.000550451 4.37599e-05 0.204881 0.248109 0.0314026 0.0720447 5.03128e-08 
0.143679 0.086354 0.0939253 0.0538343 0.0370681 0.00275063 0.579712 0.00267745 
0.0180689 0.0968846 0.000170944 0.350829 0.241731 6.44445e-05 0.292222 2.92998e-05 
0.0036733 0.0537198 0.00429362 0.590427 0.142695 0.00032836 0.204719 0.000144311 
0.04346 0.0106887 0.00416591 0.0896779 0.219676 0.00771862 0.624433 0.000179198 
3.86503e-06 0.00108356 9.49485e-06 0.945564 0.00306883 0.000202726 0.0500652 1.95185e-06 
0.00132085 0.0896866 8.71562e-05 0.666562 0.112121 0.000206335 0.129982 3.41751e-05 
0.191916 0.0253507 0.0253991 0.146771 0.285852 0.036031 0.269034 0.0196465 
0.00454305 0.00353767 0.150618 0.569667 0.234565 9.64007e-05 0.0369722 7.77517e-07 
3.47322e-07 0.00407308 0.00183606 0.846433 0.0296591 6.90267e-08 0.117999 5.41981e-08 
0.0381791 0.0473207 0.00196094 0.613792 0.177373 0.0221393 0.0987466 0.00048815 
0.751515 4.08395e-05 6.8996e-07 0.104925 0.0841611 2.45132e-07 0.0593572 1.41835e-07 
0.0161232 0.111791 0.0315713 0.0873039 0.173304 0.00414084 0.572144 0.00362225 
0.0886903 0.10165 5.39922e-07 0.578321 0.125608 0.000175788 0.105555 1.57428e-07 
0.00511574 0.00911655 2.36778e-05 0.19945 0.693453 8.38484e-05 0.092757 6.8267e-09 
0.00186357 0.00119311 4.57298e-06 0.00748988 0.986456 0.000205532 0.00278711 3.22057e-09 
0.00189114 0.0116767 0.00108136 0.0210173 0.380357 0.0460463 0.537877 5.28658e-05 
6.73341e-05 0.000103191 0.045998 0.0132843 0.0706425 0.840338 0.0295667 2.37726e-07 
0.0999067 0.019147 0.0603082 0.272028 0.187768 0.0141319 0.346388 0.000322239 
0.000874843 0.00127793 0.00370804 0.994136 1.40604e-06 2.3521e-07 1.36099e-06 3.23955e-11 
0.015479 0.0541868 0.321918 0.49111 0.0550814 0.0121061 0.0446606 0.00545881 
4.67372e-05 0.000823827 6.26254e-05 0.90341 0.0263606 2.11263e-05 0.0692717 3.79312e-06 
0.0279443 0.034261 0.000651378 0.00216132 0.591193 0.00042741 0.343323 3.8525e-05 
0.000302674 0.000171051 0.884498 0.0214108 0.0140481 5.08902e-07 0.0795687 4.24849e-07 
0.00747473 0.00610065 2.15587e-05 0.0786173 0.676693 0.000241766 0.230849 2.0036e-06 
0.0111455 0.0254013 7.8117e-08 0.334143 0.227831 0.00101606 0.400462 1.91201e-08 
0.00571221 0.00173612 0.035651 0.318511 0.456904 0.0444471 0.136617 0.000421733 
0.026823 0.0324445 0.0628655 0.306115 0.114179 0.138691 0.313398 0.00548413 
0.0472422 0.124205 0.394688 0.311583 0.0254657 0.00476489 0.0911159 0.000935056 
0.00256242 0.0113484 0.00111644 0.0675241 0.697316 0.0439783 0.175946 0.000208916 
0.0003921 5.84865e-05 0.000299015 0.950412 0.0472429 0.000539594 0.0010515 4.4621e-06 
0.00134282 0.000403007 2.73951e-05 0.286883 0.000746208 0.696351 0.0142457 4.03543e-07 
0.000377356 6.58262e-05 0.875338 0.0747439 0.00284856 0.00892811 0.037643 5.5622e-05 
0.00330609 0.00193034 0.00503912 0.0409147 0.0109578 0.924813 0.0129377 0.000100883 
0.00150519 0.000442442 0.000290654 0.139557 0.0176957 0.836942 0.0034716 9.47312e-05 
0.107171 0.00539543 0.137031 0.0503089 0.101191 0.00818896 0.588866 0.00184705 
0.0480853 0.022593 0.0708954 0.736541 0.0799066 0.00238076 0.0387601 0.000838006 
0.0464509 0.0249526 0.000149842 0.886497 0.0228653 6.71035e-06 0.0190774 2.58822e-07 
0.0414843 0.017237 7.47354e-08 0.53423 0.235102 4.34346e-10 0.171947 2.51314e-10 
0.0134655 0.0143972 0.0194909 0.933132 4.64288e-06 0.0195005 4.64289e-06 4.64239e-06 
0.00011444 0.0395409 1.20779e-05 0.823937 0.107125 0.0288481 0.000415758 6.39048e-06 
0.618995 0.00292525 0.0010928 0.162189 0.0567743 0.0213386 0.135937 0.000748188 
0.0226117 0.0579242 0.00942263 0.668755 0.0754231 0.0720121 0.0847985 0.00905287 
0.013409 0.000113596 7.78828e-09 0.882679 0.0293447 2.76706e-09 0.0744538 1.60103e-09 
0.0226866 0.0183499 0.000286907 0.297824 0.507223 0.0689317 0.0846923 6.2521e-06 
0.00138743 0.063905 0.0178042 0.82356 0.0732658 0.000279967 0.019711 8.62597e-05 
0.000350507 0.0135815 9.9687e-09 0.000821889 0.985246 8.36918e-09 1.42011e-08 6.98386e-09 
0.119895 0.0320802 0.0038388 0.336297 0.292221 0.0110526 0.204261 0.000354504 
0.00453803 0.00651421 0.000388994 0.00654963 0.646632 2.07051e-11 0.335377 1.19801e-11 
0.00906994 0.0185305 0.0871866 0.307179 0.487766 0.0468472 0.0379675 0.00545368 
0.0325189 0.0326434 0.00242179 0.0491263 0.126535 0.583104 0.172429 0.00122152 
0.000286073 0.0138209 7.00389e-07 0.00246372 0.0451337 0.00478407 0.933511 1.65378e-07 
0.000381261 0.00908222 4.88204e-06 0.192719 0.337329 0.0059643 0.454515 4.23461e-06 
0.000859101 0.0233894 0.0238533 0.670079 0.199844 0.00132351 0.0803167 0.00033471 
0.000198464 0.000304811 4.99525e-05 0.368722 0.315335 0.000180502 0.315209 1.6468e-07 
0.00257732 1.47873e-05 7.21591e-09 0.978483 0.00333277 0.000721369 0.0148708 1.48337e-09 
0.112406 0.237489 1.62134e-06 0.640759 0.00820804 1.48268e-05 0.00112146 3.33297e-07 
0.00184238 0.0581371 0.000608736 0.24969 0.429755 0.0176081 0.242085 0.000273922 
0.0370196 0.0859289 0.00184131 0.228511 0.559733 0.0018584 0.0845808 0.000527211 
0.00778587 0.0879774 0.00875127 0.725703 0.106523 0.00662484 0.0527955 0.00383837 
0.999598 0.000221765 3.44378e-07 1.58693e-05 0.000123185 1.22352e-07 4.10624e-05 7.07936e-08 
0.0112127 0.00974472 0.000185939 0.0192733 0.461514 0.000193856 0.497773 0.000101994 
0.026823 0.0324445 0.0628655 0.306115 0.114179 0.138691 0.313398 0.00548413 
0.000286073 0.0138209 7.00389e-07 0.00246372 0.0451337 0.00478407 0.933511 1.65378e-07 
1.36026e-06 1.95748e-05 0.000586931 0.445612 0.105067 3.91955e-07 0.448713 1.81477e-10 
0.0472076 0.0188031 0.00261734 0.771171 0.0992334 0.00539878 0.0542754 0.00129311 
0.0113213 0.00494315 0.00043665 0.824216 0.0835039 0.0115396 0.0636524 0.000387153 
0.0129981 0.00727657 0.000182887 0.498025 0.095237 0.373256 0.0129335 9.05727e-05 
0.00227669 0.081857 0.00288902 0.89091 0.010275 0.0015234 0.00939957 0.000869112 
0.0164712 0.03069 0.0235414 0.040715 0.51785 0.00640724 0.362662 0.00166346 
0.00130114 0.00416709 4.59532e-08 0.323151 0.566167 0.000389598 0.104824 4.50522e-08 
0.000445484 0.000762916 0.315635 0.00572498 0.0108349 0.651593 0.0148388 0.000164806 
0.0200245 4.22378e-05 1.93164e-06 3.39474e-05 0.0386024 0.0221446 0.91915 5.06729e-09 
0.699966 0.129729 7.17977e-07 0.0659602 0.0725005 2.55087e-07 0.0318426 1.47594e-07 
0.0196347 0.000144015 0.186753 0.453439 0.212312 0.0528577 0.0748459 1.36607e-05 
0.000272885 0.102023 0.000220221 0.0347185 0.081931 0.000149035 0.780592 9.24362e-05 
0.0188521 0.0931008 0.00636963 0.670809 0.100694 0.024999 0.0819189 0.00325739 
1.10114e-05 0.0153453 0.00156155 0.469655 0.462733 0.000192389 0.050501 3.80254e-07 
0.00901601 0.657225 9.00541e-07 0.160659 0.140937 5.87703e-05 0.032103 2.48154e-10 
1.36026e-06 1.95748e-05 0.000586931 0.445612 0.105067 3.91955e-07 0.448713 1.81477e-10 
0.000132705 0.00279576 0.00693966 0.985397 6.00511e-05 0.00466361 6.61106e-06 4.40694e-06 
0.950368 0.004486 8.63387e-10 0.0145959 0.0255491 2.56292e-06 0.00499798 1.77486e-10 
0.0093206 0.00243139 6.12636e-05 0.0125562 0.848602 0.00604975 0.120959 1.95469e-05 
0.0456707 0.200938 0.00165096 0.521265 0.109196 0.0522856 0.0689191 7.5687e-05 
0.0169575 0.093276 4.8054e-07 0.843243 0.0433819 0.00313423 6.85921e-06 1.09639e-10 
0.00647244 0.0246538 0.080184 0.111822 0.641284 0.0608126 0.0726769 0.00209434 
0.00222059 0.00735527 5.51749e-05 0.282299 0.263654 0.0154271 0.428952 3.63643e-05 
0.00203546 0.0255962 0.00199779 0.962507 0.00165209 0.000572529 0.00554834 9.07083e-05 
0.185638 0.021806 0.0493782 0.0986468 0.0881365 0.192978 0.361598 0.00181917 
0.00141719 0.000434535 9.03752e-06 0.00299053 0.0254141 2.39349e-06 0.969731 1.38488e-06 
0.0251356 0.0389989 0.0438857 0.841736 0.0159072 0.001899 0.0312679 0.00117005 
0.0220093 0.00236194 0.0245821 0.2504 0.58378 0.0294996 0.0872649 0.000101949 
4.90479e-06 0.214337 2.4503e-05 0.558737 0.0794414 0.000172326 0.147281 1.27836e-06 
0.00273719 0.1709 0.00113673 0.759536 0.00795518 0.00023003 0.0573477 0.000156898 
0.0548333 0.0316928 0.000586536 0.255734 0.595255 0.000472551 0.061262 0.00016385 
0.0237707 0.0354549 0.0060264 0.862753 0.0579658 0.000741572 0.0125957 0.000691973 
0.0157746 0.00265344 0.00576602 0.552543 0.325749 0.000248774 0.0972655 3.10007e-10 
2.98049e-05 0.00121315 3.15462e-06 0.631113 4.64167e-05 5.36545e-06 0.367587 1.66607e-06 
0.0713411 0.0698748 5.36938e-05 0.566037 0.210378 0.000214144 0.0820606 4.06214e-05 
0.00102421 0.413054 0.014102 0.0243497 0.231067 0.00104193 0.314654 0.000706925 
0.43046 0.00145387 0.241476 0.101932 0.000350704 0.219739 0.00458866 2.29869e-07 
0.010729 0.11379 0.09111 0.615698 0.0320048 0.00413389 0.131788 0.00074598 
0.0568772 0.0413525 0.0431107 0.10151 0.0745774 0.561028 0.104797 0.016747 
0.919799 8.24172e-06 3.00896e-05 0.0103345 0.0213921 0.0161321 0.0323033 7.46636e-07 
1.06306e-05 0.000622898 4.17817e-06 0.858022 0.0561242 0.000304798 0.0849095 1.886e-06 
0.00383312 0.0194176 0.0066217 0.867318 0.0783847 0.00309322 0.0206964 0.000635267 
0.0112932 0.0314266 0.0173224 0.0255894 0.315538 0.013718 0.584013 0.0011001 
0.00142381 0.00142698 0.00153575 0.0318917 0.00389679 1.01024e-07 0.959825 5.84527e-08 
0.442539 0.00476534 0.00507624 0.106381 0.041187 0.387732 0.00796978 0.00434896 
6.24595e-05 2.08836e-06 3.50308e-09 0.138636 0.286004 1.24459e-09 0.575295 7.20126e-10 
1.58831e-05 0.0728162 6.72615e-09 0.152547 0.478924 2.3897e-09 0.295697 1.38269e-09 
0.0484564 0.0272674 0.0261199 0.282841 0.323679 0.131396 0.159264 0.000975878 
0.73325 0.00737396 0.0706406 0.0667641 0.0393477 0.00281793 0.0785893 0.00121625 
0.00107495 0.0395832 0.00118451 0.736254 0.0963528 0.0131101 0.111449 0.000992248 
0.00495725 0.0716009 0.000266232 0.591631 0.106121 0.000450184 0.224711 0.000261842 
0.00195275 0.0465563 0.0135752 0.204637 0.241218 0.000913397 0.490653 0.000493905 
0.0472076 0.0188031 0.00261734 0.771171 0.0992334 0.00539878 0.0542754 0.00129311 
3.22875e-10 0.0189546 7.93177e-10 0.0793047 0.0537316 2.81804e-10 0.848009 1.63053e-10 
0.00106454 3.58255e-05 0.00030938 0.997304 0.000468925 3.99861e-05 0.000777301 1.44511e-08 
0.00047488 0.000275259 9.78614e-08 0.0642051 0.764335 5.19553e-08 0.170709 4.43295e-08 
0.0920539 0.0243314 0.108998 0.517168 0.1588 0.014261 0.0786531 0.00573491 
1.4735e-06 0.000285128 3.61979e-06 0.998532 0.000689154 1.28606e-06 0.000486325 7.44119e-07 
0.000416266 0.0248234 3.26968e-08 0.934505 0.0380683 1.16167e-08 0.00218719 6.72146e-09 
0.0175321 0.0311797 0.0684655 0.601061 0.0825473 0.00645732 0.189809 0.00294836 
0.00906994 0.0185305 0.0871866 0.307179 0.487766 0.0468472 0.0379675 0.00545368 
0.00410555 0.00383056 0.962099 0.004494 3.97865e-05 0.000162462 0.0252625 5.87073e-06 
0.965108 0.0103332 2.93775e-05 0.011447 0.00119633 0.000217803 0.0116432 2.48139e-05 
0.0410487 0.0205148 0.00156615 0.127627 0.0387678 0.000376575 0.770087 1.24969e-05 
7.83273e-06 1.0765e-06 0.000125848 0.934863 0.019418 6.49841e-07 0.0455836 1.0804e-09 
0.0590313 0.0778777 4.82609e-05 0.561302 0.223065 0.00572203 0.0729525 1.52688e-06 
0.00101072 0.00597523 9.15341e-08 0.0480855 0.71862 2.09943e-08 0.226308 1.32026e-08 
0.000231453 0.00812268 0.0026708 0.690025 0.272151 4.4868e-07 0.0267984 6.68399e-08 
0.0111969 0.0099068 0.00813136 0.281381 0.385302 0.0272546 0.27682 7.74778e-06 
0.0243004 0.00325225 0.000497256 0.0391445 0.569705 0.01601 0.347088 1.92539e-06 
0.255482 0.0430675 0.0334105 0.249094 0.343711 0.0078545 0.0630216 0.00435835 
0.0037797 0.0412804 0.657638 0.141147 0.0750654 0.000294574 0.0806152 0.000178968 
0.919799 8.24172e-06 3.00896e-05 0.0103345 0.0213921 0.0161321 0.0323033 7.46636e-07 
0.00128179 0.895701 2.69984e-10 0.0468497 0.000915293 9.59214e-11 0.0552519 5.55005e-11 
0.117065 0.0340821 0.00919941 0.368688 0.081382 0.0037482 0.384283 0.00155207 
0.1792 0.0288753 0.00809082 0.0118171 0.39998 0.0129165 0.355451 0.00366971 
0.0689056 0.123445 0.00918177 0.443129 0.225577 0.0166076 0.112689 0.000463885 
0.919799 8.24172e-06 3.00896e-05 0.0103345 0.0213921 0.0161321 0.0323033 7.46636e-07 
0.0113987 0.00772145 0.00137822 0.569448 0.23438 0.00462603 0.170696 0.000352062 
0.00262447 0.0259246 0.0202398 0.266104 0.101931 0.00347086 0.5795 0.000205484 
0.0295375 0.106628 0.000214192 0.182967 0.327773 2.47481e-07 0.352881 1.14546e-11 
0.00150519 0.000442442 0.000290654 0.139557 0.0176957 0.836942 0.0034716 9.47312e-05 
6.73341e-05 0.000103191 0.045998 0.0132843 0.0706425 0.840338 0.0295667 2.37726e-07 
0.000206883 0.0135085 0.183741 0.702021 0.0574432 0.00192585 0.0409519 0.000201845 
0.00134831 0.00154788 2.68015e-06 0.865015 0.048087 6.33454e-06 0.0839917 6.9971e-07 
0.000302674 0.000171051 0.884498 0.0214108 0.0140481 5.08902e-07 0.0795687 4.24849e-07 
0.0266467 0.000371538 7.56184e-07 0.00254291 0.291415 2.51947e-05 0.678998 7.23373e-09 
0.00353531 0.0342594 0.017397 0.504432 0.390739 0.00112995 0.04823 0.000277082 
0.73325 0.00737396 0.0706406 0.0667641 0.0393477 0.00281793 0.0785893 0.00121625 
0.00906994 0.0185305 0.0871866 0.307179 0.487766 0.0468472 0.0379675 0.00545368 
0.496863 0.0841285 0.0121778 0.205177 0.0593284 0.0232936 0.114941 0.00409147 
0.0209721 0.0318118 0.00414797 0.616725 0.132562 0.00492243 0.187196 0.00166324 
0.00130114 0.00416709 4.59532e-08 0.323151 0.566167 0.000389598 0.104824 4.50522e-08 
0.00456754 0.0852082 0.00856375 0.477257 0.242407 0.00431492 0.177272 0.000408748 
0.0212694 0.0294743 9.12711e-05 0.610468 0.110729 0.000438472 0.227518 1.20738e-05 
0.00298109 0.00150589 0.000238464 0.0835794 0.843439 0.0332672 0.0349516 3.74406e-05 
0.00144039 0.0249631 0.00559968 0.157368 0.132564 0.651302 0.0267048 5.76079e-05 
0.00447673 0.00378112 0.000252242 0.0347172 0.431404 9.51775e-05 0.525199 7.39178e-05 
7.06464e-06 0.012482 4.65053e-07 0.842082 0.0977829 1.06945e-06 0.0476444 4.75626e-10 
0.000408439 0.055349 0.00278707 0.0358079 0.0320182 9.64156e-05 0.873509 2.42992e-05 
0.292755 0.0744839 0.0118915 0.0320735 0.413126 0.0571115 0.112873 0.00568546 
4.06224e-07 0.196493 0.0870377 0.32962 0.228126 5.56829e-07 0.158723 2.65551e-07 
0.00239869 4.13594e-07 0.886758 0.0173701 0.0306072 0.0150936 0.0477716 4.1356e-07 
0.11002 0.104337 0.00835349 0.0910193 0.183792 0.00423585 0.496242 0.0019996 
0.442969 0.000550451 4.37599e-05 0.204881 0.248109 0.0314026 0.0720447 5.03128e-08 
3.34018e-06 0.377715 8.96156e-07 0.0756149 0.0203894 4.3416e-06 0.526272 8.84844e-09 
0.00384248 0.00624328 1.85745e-07 0.118629 0.0799017 6.57698e-08 0.791384 3.38938e-08 
3.29338e-09 0.121002 8.09053e-09 0.87899 3.2554e-06 2.87444e-09 4.77093e-06 1.66317e-09 
0.00150519 0.000442442 0.000290654 0.139557 0.0176957 0.836942 0.0034716 9.47312e-05 
0.00578667 0.0173658 5.05078e-06 0.0139298 0.790381 0.168514 0.00401657 1.11258e-06 
0.00176331 0.00133218 0.522491 0.277596 0.196614 0.000196583 7.20836e-06 4.12772e-07 
0.00670414 0.0152273 0.0554008 0.315549 0.108976 0.103245 0.390857 0.00404043 
0.0176385 0.127632 0.000229663 0.83344 0.0041644 1.73021e-05 0.0168632 1.51201e-05 
0.00105114 9.54317e-06 3.45482e-05 0.824385 0.070475 0.0163906 0.0876538 1.40909e-08 
0.73325 0.00737396 0.0706406 0.0667641 0.0393477 0.00281793 0.0785893 0.00121625 
0.00601207 0.00040061 0.000182778 0.0112263 0.79816 0.00465628 0.179349 1.36027e-05 
1.52286e-05 0.0146613 0.101849 0.578852 0.101621 6.9183e-05 0.202929 3.66641e-06 
0.00233476 0.00693997 0.181448 0.185746 0.0888989 0.214583 0.319191 0.000857838 
0.0979834 0.0073291 1.19403e-05 0.0506512 0.659546 0.140354 0.0441203 3.73814e-06 
0.0358858 0.128702 0.00869752 0.127936 0.368878 0.0107822 0.314688 0.00443061 
0.0127036 0.0081549 0.317099 0.0102151 0.0172609 0.615642 0.0177137 0.00121019 
0.00256242 0.0113484 0.00111644 0.0675241 0.697316 0.0439783 0.175946 0.000208916 
0.309506 0.0467878 0.00252925 0.341411 0.126686 0.00435772 0.166573 0.0021497 
0.0401102 0.0371188 0.00478624 0.0390078 0.217959 0.00821722 0.649543 0.00325778 
5.47315e-05 8.61949e-06 6.66139e-08 0.986769 0.0131581 2.36669e-08 9.36445e-06 1.36938e-08 
0.573515 0.00151425 2.22154e-06 0.0125723 0.0593879 6.68164e-05 0.352941 7.40323e-07 
0.0119602 0.0491801 9.57818e-05 0.0862483 0.126627 0.00171918 0.724169 4.78657e-08 
5.96118e-09 0.0032014 1.46442e-08 0.000238057 0.345544 1.42759e-06 0.651015 3.01041e-09 
0.416623 0.0196097 0.0326269 0.172344 0.0848977 0.197192 0.0758069 0.000899917 
0.0195956 0.0237864 8.56573e-05 0.79241 8.78139e-07 0.000297924 0.163823 4.10234e-07 
0.0078322 0.152599 0.00591307 0.412062 0.224103 0.00653957 0.189894 0.00105797 
0.573515 0.00151425 2.22154e-06 0.0125723 0.0593879 6.68164e-05 0.352941 7.40323e-07 
0.00100323 0.000567635 0.85809 0.0123888 0.00318076 4.89691e-07 0.124768 4.22474e-07 
0.196901 0.104303 0.0715582 0.426166 0.133042 0.00660147 0.0604587 0.000969892 
0.00320748 0.022226 0.012617 0.0979181 0.645902 0.0292182 0.188074 0.000837199 
0.278545 0.0616738 0.0121127 0.048254 0.298159 0.011473 0.28385 0.00593279 
0.00641819 0.0178764 5.28863e-05 0.349838 0.478787 0.0832354 0.0637476 4.46678e-05 
0.0170912 0.00489597 0.000751508 0.485941 0.346542 0.0236161 0.120452 0.000709573 
0.00290658 0.0625048 0.000457847 0.613801 0.0697274 0.000889044 0.249703 1.10769e-05 
0.000299333 0.000330413 4.25321e-05 0.0219115 0.00982254 0.954173 0.0133851 3.51317e-05 
0.00060258 0.00343288 0.0002025 0.0203342 0.944357 7.36589e-05 0.0309586 3.89803e-05 
0.301527 0.0297556 0.0023945 0.456013 0.129681 0.00162378 0.0788652 0.000140397 
0.919799 8.24172e-06 3.00896e-05 0.0103345 0.0213921 0.0161321 0.0323033 7.46636e-07 
0.0112097 0.0138288 0.000601529 0.758898 0.117635 0.000839948 0.0964697 0.000517346 
0.00942227 0.169507 0.0150079 0.564986 0.0698274 0.00300356 0.167028 0.0012174 
0.00101072 0.00597523 9.15341e-08 0.0480855 0.71862 2.09943e-08 0.226308 1.32026e-08 
0.919799 8.24172e-06 3.00896e-05 0.0103345 0.0213921 0.0161321 0.0323033 7.46636e-07 
0.0037985 0.110028 0.0026426 0.431663 0.403459 0.0107139 0.0371684 0.000526291 
0.0559098 0.0817015 0.152635 0.394904 0.11325 0.00729368 0.188375 0.00593082 
0.0488175 0.00284882 0.0105895 0.455115 0.280418 0.00540995 0.196752 4.87908e-05 
4.34528e-07 0.000619827 0.00254005 0.102513 0.392648 0.00051423 0.501163 2.069e-07 
0.00291802 0.00534323 0.000284452 0.0387955 0.212746 6.67802e-08 0.739913 5.45309e-08 
0.856231 0.0111364 4.61083e-06 0.0250968 0.0875427 0.00172979 0.0182589 1.28105e-08 
0.0910906 0.00903308 0.00016078 0.772079 0.105946 0.00199102 0.0195983 0.000100857 
0.0174113 0.0139467 0.0170068 0.84658 0.0844448 0.00152136 0.0182723 0.000816951 
0.00178994 0.00262872 4.15162e-05 0.118634 0.679117 2.21617e-05 0.197747 1.85667e-05 
0.0488175 0.00284882 0.0105895 0.455115 0.280418 0.00540995 0.196752 4.87908e-05 
0.0121196 0.0200821 0.01535 0.8823 0.0457871 0.00351941 0.0195206 0.00132108 
0.000967198 0.0012349 0.000672943 0.559556 0.153538 0.000498884 0.283476 5.49642e-05 
2.2859e-05 0.029196 6.40809e-06 0.939935 5.63244e-07 6.98894e-07 0.0308384 1.07152e-07 
5.79043e-07 0.038534 1.81008e-06 0.940511 1.96182e-06 0.00301381 0.0179366 2.65593e-10 
1.67621e-06 0.435832 4.67876e-10 0.349526 0.157939 1.66229e-10 0.056702 9.61809e-11 
9.07873e-07 0.0448206 3.22657e-06 0.954701 8.4941e-06 0.000454807 1.0691e-05 1.59788e-09 
0.000220647 0.000310792 0.70316 0.283315 0.00492379 4.2605e-05 0.00798539 4.2216e-05 
0.0158912 0.0464643 8.03753e-05 0.228258 0.596648 0.000877827 0.11175 3.05996e-05 
1.00651e-06 0.00180174 2.47258e-06 0.973067 0.00223048 8.78472e-07 0.0228961 5.08288e-07 
0.000693955 0.0156263 0.00152832 0.480251 0.466716 0.000573639 0.0342876 0.00032321 
0.00176331 0.00133218 0.522491 0.277596 0.196614 0.000196583 7.20836e-06 4.12772e-07 
0.00159275 0.0438051 0.669357 0.182053 0.0342551 0.0324347 0.0350075 0.00149431 
0.00038019 0.00568744 0.00342195 0.336097 0.385918 0.000258807 0.268145 9.24107e-05 
0.0106191 0.00686238 0.000463114 0.876728 0.0798967 0.000376063 0.0249176 0.000137353 
8.67156e-05 0.000377604 0.000153722 0.934329 0.000235842 0.000289021 0.0644462 8.16261e-05 
0.0104342 0.175412 0.00272818 0.494847 0.0473814 0.00265044 0.264532 0.00201507 
0.00185348 0.000209125 0.00134813 0.0134471 0.107546 8.06675e-06 0.875588 8.09651e-13 
0.919799 8.24172e-06 3.00896e-05 0.0103345 0.0213921 0.0161321 0.0323033 7.46636e-07 
0.000617914 0.00628348 4.68725e-05 0.0500203 0.806178 7.12258e-05 0.136742 3.96623e-05 
0.0275894 0.15958 0.00036744 0.110346 0.266621 0.16915 0.266062 0.00028452 
0.690296 0.127112 2.57454e-10 0.0331298 0.130069 5.63288e-08 0.0193934 5.29247e-11 
0.00190422 0.0103111 0.250757 0.469201 0.152862 0.000375276 0.114536 5.30355e-05 
1.70195e-06 0.0263302 1.73781e-06 0.679482 0.0140937 4.48743e-06 0.280085 1.15247e-06 
0.00801961 0.0117221 0.00234994 0.0185457 0.123187 0.515041 0.320769 0.000365119 
0.000195398 0.0409838 8.10505e-06 0.68174 0.20865 0.00299407 0.0654257 3.01507e-06 
0.0265997 0.0013367 0.0640259 0.105758 0.216666 0.238654 0.346427 0.000532816 
0.00102381 0.00764827 0.0444076 0.89492 0.0390365 0.00190469 0.0100692 0.00099011 
0.000638309 0.00916863 0.00104638 0.00572459 0.0376294 0.925336 0.0203917 6.52701e-05 
0.000295497 0.000196859 0.936533 0.0443318 0.0132628 0.00134426 0.00395798 7.73981e-05 
0.000912313 0.000582783 1.16767e-05 0.794239 0.197269 6.59184e-06 0.00697827 1.0796e-08 
0.0108438 9.48953e-05 0.000451164 0.00295595 0.736478 0.000164339 0.248981 3.04496e-05 
0.00225495 0.0299897 0.00252262 0.339681 0.426978 0.00747273 0.191029 7.28851e-05 
6.73341e-05 0.000103191 0.045998 0.0132843 0.0706425 0.840338 0.0295667 2.37726e-07 
0.0113198 0.0239592 0.000291052 0.794481 0.0550536 0.00159179 0.113283 2.1387e-05 
0.0264305 0.0334695 0.000510391 0.534764 0.289968 0.00643264 0.108364 6.18126e-05 
0.0117665 0.0208653 4.72776e-05 0.710367 0.142686 0.106203 0.00805999 4.71266e-06 
0.332877 0.0211964 2.82146e-05 0.302991 0.332982 2.4132e-05 0.00989103 1.04501e-05 
0.00230101 0.00320625 0.000427622 0.205164 0.00567809 0.779744 0.00336756 0.000110979 
0.0202766 0.088921 0.0138473 0.602051 0.184969 0.000278776 0.0896283 2.89053e-05 
0.0269617 0.063313 0.0109413 0.517603 0.218909 0.00270177 0.159279 0.000291906 
0.00176331 0.00133218 0.522491 0.277596 0.196614 0.000196583 7.20836e-06 4.12772e-07 
0.00578667 0.0173658 5.05078e-06 0.0139298 0.790381 0.168514 0.00401657 1.11258e-06 
0.0472422 0.124205 0.394688 0.311583 0.0254657 0.00476489 0.0911159 0.000935056 
0.0106617 0.00759455 0.00260389 0.0139274 0.199733 0.000464941 0.764575 0.000439189 
0.100071 0.0181279 0.0225956 0.160507 0.435756 0.0935748 0.164412 0.00495623 
0.00498618 0.0197584 0.00877051 0.929543 0.036328 0.000222222 0.000391296 1.45872e-07 
0.0721071 0.0285087 3.43528e-05 0.0995986 0.0526005 3.7697e-05 0.747091 2.21069e-05 
0.00140704 0.0291417 0.171466 0.0182143 0.0863569 0.00140277 0.691428 0.000583048 
0.148208 0.034157 0.00934734 0.173709 0.397111 0.129972 0.100024 0.00747192 
0.919799 8.24172e-06 3.00896e-05 0.0103345 0.0213921 0.0161321 0.0323033 7.46636e-07 
0.341077 0.0583044 0.00227741 0.30226 0.0910672 0.0844433 0.118327 0.00224381 
0.00428225 0.0234651 0.00725632 0.0453449 0.252147 0.00629989 0.657675 0.00352966 
0.000941811 0.00442973 0.000141966 0.8661 0.060053 0.0241431 0.0441632 2.67586e-05 
0.73325 0.00737396 0.0706406 0.0667641 0.0393477 0.00281793 0.0785893 0.00121625 
0.0144695 0.0453011 0.000939121 0.205355 0.643729 0.0030646 0.086769 0.000373129 
0.0112097 0.0138288 0.000601529 0.758898 0.117635 0.000839948 0.0964697 0.000517346 
0.0480571 0.205954 2.09373e-08 0.0111682 0.259426 7.4387e-09 0.475394 4.30406e-09 
0.00298619 0.0206734 0.00140158 0.184164 0.318259 0.0167698 0.455189 0.000556176 
0.00509662 0.0243428 0.000933358 0.212047 0.574053 0.00133448 0.181498 0.000694839 
0.00143518 0.00156447 0.000106869 0.930227 0.0662421 0.000116372 0.000235525 7.29393e-05 
0.00109625 0.00716323 0.00203851 0.472442 0.162506 0.315774 0.0388138 0.000165832 
0.0472422 0.124205 0.394688 0.311583 0.0254657 0.00476489 0.0911159 0.000935056 
0.000584546 0.0391279 1.54073e-06 0.93161 0.00026396 6.76886e-06 0.028405 3.16727e-07 
0.0278914 0.183157 0.00592407 0.36704 0.257174 0.0405858 0.112637 0.00559023 
0.00208252 0.0304991 0.000881145 0.938809 0.0092877 0.000931918 0.0171074 0.000401453 
0.000213313 0.00152189 0.594079 0.398547 3.81657e-07 0.00331225 0.00232688 5.36796e-11 
0.00613549 0.0300662 0.00294435 0.268603 0.598248 0.00650379 0.0874984 1.22704e-06 
0.00571221 0.00173612 0.035651 0.318511 0.456904 0.0444471 0.136617 0.000421733 
0.00101789 0.00937112 0.00043545 0.897555 0.054316 0.0189791 0.0181758 0.000149488 
0.00578667 0.0173658 5.05078e-06 0.0139298 0.790381 0.168514 0.00401657 1.11258e-06 
0.00514797 0.00270836 4.69774e-06 0.913949 0.0472186 0.0155063 0.0154643 5.12709e-07 
0.0211983 0.00914549 0.00282279 0.333195 0.448035 0.0567936 0.128596 0.000213327 
0.000214126 0.002561 0.000764042 0.764711 0.188368 0.00359274 0.0397835 5.44965e-06 
0.000933413 0.00542978 0.000135407 0.991332 0.00010939 1.03367e-05 0.00204363 6.37323e-06 
0.00862105 0.00966112 0.0211169 0.0425535 0.757746 0.0116063 0.14825 0.000444951 
0.000549225 0.0151434 1.6489e-07 0.969101 1.12731e-06 0.000465752 0.0147389 1.34e-07 
0.0757061 0.040412 0.0131696 0.502043 0.0612386 0.0161445 0.280828 0.0104586 
0.0169025 0.215849 0.00213096 0.0626395 0.122399 0.575761 0.00415393 0.000163422 
0.00748981 0.00125489 4.04456e-05 0.862917 0.0110654 4.04784e-05 0.117173 1.83059e-05 
0.00156243 0.0251509 0.000705181 0.917202 0.0513466 9.42528e-05 0.00393827 3.09088e-07 
0.0103969 0.0289884 0.00928211 0.498747 0.201202 0.00122198 0.249601 0.000561178 
0.000425311 0.0589528 0.0676211 0.131746 0.0142499 0.0013097 0.725547 0.000148522 
0.000891598 0.00101053 0.000162653 0.140278 0.856623 0.000316252 0.000661263 5.6721e-05 
0.000683945 0.00430372 0.200255 0.231547 0.437187 0.00118642 0.124708 0.000128883 
0.00413828 0.00665246 9.39353e-05 0.390892 0.194624 0.00101516 0.402584 7.18443e-08 
0.00810211 0.0333759 0.0135075 0.305941 0.262746 0.0220899 0.35327 0.000968224 
9.28961e-05 0.141954 9.18239e-05 0.785314 1.58292e-05 9.31838e-09 0.0725314 5.39166e-09 
2.78311e-06 4.09101e-06 1.05222e-06 2.35085e-06 0.699965 7.31949e-07 0.300024 9.00891e-11 
0.10238 0.000348949 2.78636e-05 0.68139 0.0189231 1.28811e-06 0.196929 2.56239e-09 
1.60621e-05 0.002115 1.69517e-06 0.239189 2.50172e-05 2.89005e-06 0.758649 8.96929e-07 
2.0424e-09 7.09845e-05 5.01737e-09 0.00213809 0.711704 1.7826e-09 0.286087 1.03142e-09 
0.0451934 0.0241298 2.82043e-09 0.663078 0.250445 1.69753e-07 0.0171527 5.79793e-10 
1.45148e-07 0.00151178 3.56572e-07 0.000535619 4.62977e-05 1.26685e-07 0.997906 7.33004e-08 
0.919799 8.24172e-06 3.00896e-05 0.0103345 0.0213921 0.0161321 0.0323033 7.46636e-07 
0.00331303 0.0758652 0.000523897 0.82219 0.0386553 0.00728305 0.0521099 5.93116e-05 
0.919799 8.24172e-06 3.00896e-05 0.0103345 0.0213921 0.0161321 0.0323033 7.46636e-07 
0.0486678 0.0042663 1.91644e-08 0.145295 0.566281 7.70261e-05 0.235412 3.93962e-09 
6.18484e-10 0.0873147 1.51937e-09 0.0052427 0.306395 5.39809e-10 0.601048 3.12336e-10 
1.27766e-06 0.00508112 5.50824e-06 0.994911 4.19752e-07 8.87599e-07 1.33717e-08 1.31651e-10 
0.00142054 0.00590323 0.000380591 0.051473 0.920262 0.000418636 0.0199953 0.000146918 
0.00355878 0.0109972 0.00340776 0.28653 0.214332 0.00655686 0.472519 0.00209789 
0.00173632 0.00346789 0.000323434 0.214819 0.768771 0.00446277 0.0063536 6.66107e-05 
0.026823 0.0324445 0.0628655 0.306115 0.114179 0.138691 0.313398 0.00548413 
0.00473283 0.00396329 0.262033 0.0303957 0.204946 0.017016 0.476064 0.000848736 
1.06306e-05 0.000622898 4.17817e-06 0.858022 0.0561242 0.000304798 0.0849095 1.886e-06 
0.000176043 0.0557717 0.000103611 0.0381027 0.263854 0.000341589 0.641611 3.94968e-05 
0.000643071 0.0227935 7.72089e-05 0.929295 0.0444782 0.000856938 0.00185289 3.01246e-06 
0.0181894 0.00505942 0.0249657 0.0263173 0.00991204 0.000133227 0.915329 9.41014e-05 
0.00150519 0.000442442 0.000290654 0.139557 0.0176957 0.836942 0.0034716 9.47312e-05 
0.288573 0.513196 0.000162 0.0613633 0.0720233 0.00159124 0.0629292 0.000161732 
0.0144056 0.0275355 0.101629 0.677622 0.12412 0.000286312 0.0543815 2.01144e-05 
0.00636484 0.0210477 0.908923 0.0340866 0.00273166 0.000726244 0.0255322 0.000588076 
0.212752 0.0158417 0.0699949 0.355707 0.157662 0.00756111 0.178146 0.00233512 
0.00997407 0.0389355 0.0105249 0.128316 0.745 0.00283272 0.063777 0.000640344 
0.0082373 0.246676 0.000667325 0.402709 0.260781 0.000917521 0.0798843 0.000127434 
5.06806e-05 0.0832885 0.000164216 0.824592 0.0479886 3.64616e-06 0.0439118 3.91237e-07 
4.94989e-05 0.00817061 0.181438 0.788318 0.00456145 0.00310882 0.0143534 3.25893e-07 
0.919799 8.24172e-06 3.00896e-05 0.0103345 0.0213921 0.0161321 0.0323033 7.46636e-07 
0.00176331 0.00133218 0.522491 0.277596 0.196614 0.000196583 7.20836e-06 4.12772e-07 
0.00221683 0.043536 0.000825804 0.642433 0.0688193 0.00018569 0.241822 0.00016173 
0.0456489 0.198846 0.000504524 0.199083 0.311876 0.000501338 0.243471 6.8771e-05 
4.25677e-08 0.000145783 1.04572e-07 0.999491 0.000275497 3.71529e-08 8.77793e-05 2.14968e-08 
0.00254066 0.00781155 0.141405 0.140778 0.297071 7.27931e-05 0.410291 2.91671e-05 
0.224505 0.0221429 0.0119201 0.319794 0.187713 0.079757 0.150756 0.00341254 
0.0386873 0.0256124 0.0120717 0.500364 0.21966 0.109032 0.0902084 0.00436439 
0.00205953 0.00399506 1.69157e-05 0.641679 0.106427 0.00480009 0.241016 5.29215e-06 
0.0493389 0.0134249 0.00379565 0.188404 0.246225 0.061509 0.435343 0.00195921 
3.21184e-06 0.229048 1.25171e-06 0.638945 0.0758889 6.97026e-05 0.0560441 6.93958e-08 
0.0360677 0.000139314 7.73847e-05 0.00151717 0.231509 9.44443e-08 0.730689 1.17718e-08 
0.0369074 0.254349 0.0111834 0.0619821 0.307189 0.0404194 0.28603 0.00193927 
0.219512 0.0460068 0.000506519 0.457081 0.217464 0.000383688 0.0589681 7.77503e-05 
0.00168664 0.406633 5.90439e-05 0.154146 0.23348 3.79588e-05 0.203945 1.23782e-05 
0.0171461 0.0160289 0.0386924 0.578723 0.174884 0.0206339 0.142342 0.0115493 
0.135921 0.097216 7.57169e-07 0.0910596 0.528517 1.9607e-07 0.147285 3.32953e-10 
0.73325 0.00737396 0.0706406 0.0667641 0.0393477 0.00281793 0.0785893 0.00121625 
0.00090196 0.0642483 0.0375679 0.470257 0.17165 0.000350331 0.254732 0.000292229 
0.00141719 0.000434535 9.03752e-06 0.00299053 0.0254141 2.39349e-06 0.969731 1.38488e-06 
0.000445484 0.000762916 0.315635 0.00572498 0.0108349 0.651593 0.0148388 0.000164806 
0.000445484 0.000762916 0.315635 0.00572498 0.0108349 0.651593 0.0148388 0.000164806 
0.919799 8.24172e-06 3.00896e-05 0.0103345 0.0213921 0.0161321 0.0323033 7.46636e-07 
0.000941811 0.00442973 0.000141966 0.8661 0.060053 0.0241431 0.0441632 2.67586e-05 
0.0193192 0.027827 0.00116428 0.511425 0.162687 0.0199314 0.257318 0.000327368 
0.0274784 0.0769896 0.00323351 0.458033 0.255375 0.0410606 0.136082 0.00174827 
0.0129727 0.0196515 0.00723991 0.0110231 0.0726679 0.00360724 0.870056 0.00278132 
6.61122e-05 0.00484458 0.00156544 0.179568 0.0272759 7.45799e-05 0.786593 1.22366e-05 
0.00154178 0.0152078 0.0692726 0.153217 0.0598776 0.684188 0.0162687 0.00042691 
0.0169025 0.215849 0.00213096 0.0626395 0.122399 0.575761 0.00415393 0.000163422 
0.818703 0.00211588 0.000836618 0.0387875 0.0294755 7.59577e-06 0.110074 1.27186e-08 
0.000688081 0.00556169 1.19006e-05 0.167553 0.768475 0.0483586 0.00934979 2.38067e-06 
7.06464e-06 0.012482 4.65053e-07 0.842082 0.0977829 1.06945e-06 0.0476444 4.75626e-10 
0.00150519 0.000442442 0.000290654 0.139557 0.0176957 0.836942 0.0034716 9.47312e-05 
0.0896514 0.0159672 0.00033641 0.542188 0.314785 0.00779888 0.0292231 4.94702e-05 
0.177461 0.075511 0.115102 0.34193 0.091918 0.0217745 0.175448 0.000855613 
0.0892865 0.0199316 0.00391704 0.0754311 0.425635 0.000205965 0.385491 0.000101556 
0.169756 0.104325 0.00177266 0.255446 0.0847363 0.000215977 0.383696 5.18591e-05 
0.00514797 0.00270836 4.69774e-06 0.913949 0.0472186 0.0155063 0.0154643 5.12709e-07 
0.000231453 0.00812268 0.0026708 0.690025 0.272151 4.4868e-07 0.0267984 6.68399e-08 
0.00280007 4.85411e-05 0.00402538 0.8759 0.0437084 0.062247 0.0112427 2.80951e-05 
0.0719669 0.084394 0.000404909 0.573498 0.153333 0.00183915 0.114481 8.25611e-05 
5.47769e-05 5.5496e-06 0.000470738 0.999373 2.11966e-05 5.12214e-05 2.33261e-05 1.97448e-08 
0.00109625 0.00716323 0.00203851 0.472442 0.162506 0.315774 0.0388138 0.000165832 
0.000847046 0.0107401 1.99373e-05 0.829713 0.0386716 7.39303e-05 0.119932 2.16594e-06 
0.00388718 0.732281 0.0125908 0.181164 0.0455944 0.000446437 0.0237065 0.000329685 
0.0142083 0.0104192 0.0649576 0.0643604 0.589772 0.0165172 0.239222 0.000544187 
0.00578667 0.0173658 5.05078e-06 0.0139298 0.790381 0.168514 0.00401657 1.11258e-06 
6.73341e-05 0.000103191 0.045998 0.0132843 0.0706425 0.840338 0.0295667 2.37726e-07 
0.00571221 0.00173612 0.035651 0.318511 0.456904 0.0444471 0.136617 0.000421733 
0.00578667 0.0173658 5.05078e-06 0.0139298 0.790381 0.168514 0.00401657 1.11258e-06 
0.0113577 0.0231008 0.000415969 0.163659 0.447355 0.0334263 0.320684 5.40392e-07 
0.042526 0.164926 0.114279 0.23507 0.153379 0.0252146 0.258903 0.00570191 
0.00980537 0.0613588 9.67046e-06 0.81658 0.110549 0.00166968 2.52785e-05 2.28346e-06 
0.026823 0.0324445 0.0628655 0.306115 0.114179 0.138691 0.313398 0.00548413 
0.0147662 0.132755 0.000845217 0.218647 0.00845859 0.00548103 0.619025 2.09593e-05 
6.73304e-05 0.0293145 3.23324e-07 0.966304 2.42519e-05 1.14872e-07 0.00428928 6.64656e-08 
0.745984 0.0112121 0.000398401 0.0200425 0.175426 0.00195829 0.044958 2.01302e-05 
0.000528046 0.0401073 0.00312914 0.934343 0.0201042 0.00130191 0.000479373 7.57144e-06 
0.0398515 0.010813 0.0250424 0.0447184 0.209096 0.000495808 0.669613 0.00037018 
0.0287691 0.10726 0.0398791 0.213986 0.176175 0.0065283 0.42425 0.00315355 
0.00906994 0.0185305 0.0871866 0.307179 0.487766 0.0468472 0.0379675 0.00545368 
5.33934e-07 0.00562588 8.34883e-08 0.000660982 0.481533 5.13851e-11 0.51218 2.97316e-11 
0.00117634 0.00129016 6.83807e-05 0.139348 0.275144 6.54252e-05 0.582892 1.58881e-05 
0.919799 8.24172e-06 3.00896e-05 0.0103345 0.0213921 0.0161321 0.0323033 7.46636e-07 
0.0042323 0.0175148 0.000397951 0.293705 0.106309 0.530432 0.0472305 0.00017842 
0.027898 0.0803089 0.00122686 0.172913 0.628714 0.0843052 0.00463159 2.73287e-06 
0.00964941 0.0142731 0.0821696 0.653422 0.136065 0.00271141 0.101596 0.000113236 
0.0193776 0.187085 0.00772559 0.37816 0.193465 0.0272396 0.179356 0.00759111 
0.000373315 0.0171612 8.69291e-07 0.0499827 0.501776 0.00027321 0.430433 9.63785e-08 
0.0102803 0.00568079 4.59028e-06 0.359674 0.116749 0.00019543 0.507412 3.68659e-06 
