0.699578 0.00416145 2.20436e-06 0.0168754 0.0375654 0.00208897 0.00291073 0.00432439 0.0338372 0.0559831 0.00442723 0.0155962 1.73401e-06 0.0954829 0.0263532 0.000213519 0.00059849 
0.66449 0.00327045 4.24302e-06 0.0165347 0.0144017 1.11575e-06 0.000647508 0.00398633 0.0288889 0.00951332 0.00242493 0.000297427 1.02908e-06 0.11081 0.126365 0.010205 0.00815883 
0.861121 0.0190952 1.06939e-07 0.00969311 0.0307009 0.000799089 0.00237772 0.0418865 0.00733241 0.00781772 2.60655e-05 0.000181813 2.7119e-07 0.00311469 0.0146465 7.54938e-06 0.00119951 
0.653212 0.000124468 2.55353e-06 0.0250599 0.0239212 0.00564694 0.00871896 0.060371 0.142614 0.00331835 0.0576175 2.70037e-09 2.11684e-09 0.0156212 0.00273931 0.00103233 3.16993e-08 
0.309258 0.000904013 2.29072e-06 0.0475751 0.0902885 0.0426626 0.00653579 0.0250639 0.135579 0.0577717 0.00232473 0.000538553 6.20615e-06 0.242157 0.0382408 0.000956989 0.000133887 
0.276236 0.00500849 6.14196e-05 0.00260167 0.0067595 0.000955031 0.000548846 0.111168 0.0183464 0.0049971 0.00471834 0.00311894 7.90545e-09 0.083174 0.224062 0.000157904 0.258086 
0.721677 1.83583e-07 8.74945e-05 1.2869e-05 0.276334 5.55067e-08 3.53266e-06 0.000145264 1.76448e-08 2.22302e-06 1.30773e-07 9.53788e-06 2.44531e-07 0.00157874 4.10791e-08 0.000143041 5.44101e-06 
0.424828 0.00501504 3.30682e-11 0.00332898 0.151459 0.0166247 0.000805523 0.00421012 0.0961027 0.030978 3.73729e-07 0.000160246 2.52155e-11 0.257928 0.00845917 8.28269e-05 1.61657e-05 
0.698544 0.00028552 0.000290798 0.0160772 0.0573117 0.00475308 0.000325891 0.00322721 0.0430588 0.0105125 0.000967173 6.76299e-05 5.80686e-12 0.119412 0.0448196 0.000325764 2.13868e-05 
0.523247 0.000216652 1.56668e-06 0.0575068 0.101907 0.00830656 0.00314033 0.135724 0.0462813 0.0274809 0.017082 5.78614e-07 1.35008e-08 0.0669016 0.0115389 0.000662539 1.44337e-06 
0.978626 0.000129679 5.12173e-08 0.00246971 0.000687759 0.00103755 0.000521413 0.00572094 0.00320351 0.000229023 0.00293009 4.98206e-08 3.90547e-08 0.00424803 4.3201e-05 0.000153107 1.56299e-07 
0.703812 0.000663697 0.000192523 0.0632984 0.0179175 0.00198487 0.000659887 0.00519954 0.0276505 0.000733467 0.00206298 7.80746e-05 2.23079e-08 0.169422 0.0060586 0.000263618 2.42028e-06 
0.399498 0.0578509 7.25225e-09 0.0461287 0.0997591 0.00688556 0.00463742 0.00161491 0.0573292 0.105674 0.058325 0.000131009 5.53006e-09 0.0934154 0.0687113 1.04503e-05 2.90164e-05 
0.458361 4.00413e-05 2.37877e-06 0.028032 0.116112 9.37991e-07 0.00249816 0.00505376 0.0311745 0.247092 0.0202226 0.000706217 2.89895e-07 0.0621143 0.0265926 0.00187057 0.000127048 
0.911045 5.90094e-06 0.0021894 0.00137493 0.0379708 3.82279e-07 2.24602e-05 4.40176e-07 0.00634679 0.000391214 0.00397056 9.99508e-08 7.11129e-11 0.0281687 0.00851214 3.28642e-07 1.3535e-06 
0.288354 0.000588571 0.00132902 0.0564247 0.282425 0.013894 0.00260111 0.0332581 0.045778 0.0099278 5.9702e-05 0.000552641 4.9489e-05 0.0786892 0.0949446 0.0909982 0.000126036 
0.306284 0.0257874 6.08716e-10 0.00241641 0.176467 0.0352278 0.0200867 0.161891 0.0181652 0.00401594 0.0026397 0.0813985 2.19867e-05 0.120802 0.00671923 0.0380775 2.54239e-07 
0.227477 0.000456133 9.93985e-05 0.181989 0.122133 0.00507256 0.00443677 3.04745e-05 0.0335191 0.139325 0.0476529 0.0026241 2.19882e-09 0.0485639 0.16837 8.01032e-08 0.0182489 
0.793398 0.000190358 0.000193942 0.0112059 0.0382079 0.00316875 0.000413605 0.0021515 0.0301428 0.00731116 0.00167383 4.51015e-05 5.74213e-12 0.08176 0.0299009 0.000217189 1.86615e-05 
0.263508 2.24769e-06 8.91817e-05 0.021397 0.125933 0.000629341 0.00336557 0.215887 0.128479 0.025302 1.05965e-05 0.000196013 5.60011e-11 0.213928 0.000664359 0.000533976 7.46255e-05 
0.997883 2.18668e-05 3.8197e-05 6.5833e-06 3.29451e-06 6.61146e-06 8.99189e-06 1.26464e-05 2.10169e-06 0.00191061 1.55765e-05 3.71553e-05 2.91263e-05 2.86778e-06 4.89297e-06 6.36573e-06 9.83783e-06 
0.425597 0.00405795 0.000464608 0.0265543 0.124635 0.00119696 0.000709219 0.0022053 0.22327 0.0420959 0.00262652 3.51259e-06 5.21502e-07 0.0499809 0.0381934 0.0582964 0.000111769 
0.356161 0.000186763 7.44246e-05 0.168383 0.0652944 0.00428874 0.000332664 0.0126043 0.220835 0.000158734 0.0265333 0.000520141 6.49339e-07 0.0974386 0.0454641 0.00172336 3.30771e-07 
0.367492 0.000321402 0.00997613 0.0038369 0.0331683 0.00170922 0.0108214 0.00873885 0.351608 0.0196201 0.00418427 0.000119472 0.000103355 0.169141 0.0115866 0.00751668 5.58794e-05 
0.704164 0.000659974 4.9805e-07 0.000967113 0.107387 0.000590342 0.00788525 0.0219923 0.00864309 0.0580651 0.000977275 0.000354183 5.59878e-07 0.00683787 0.00967515 0.0717568 4.4131e-05 
0.804639 0.000187662 4.72838e-08 0.0035664 0.0457851 0.000209129 7.5129e-05 0.00209117 0.0277795 0.074363 0.0111131 0.00142923 1.21839e-09 0.00839982 0.0199503 0.00040977 1.81158e-06 
0.750523 0.000813529 0.000334318 0.0180387 0.0672252 0.0119548 0.00646202 0.00664825 0.0527958 0.0350041 0.00563775 0.0048112 4.46551e-05 0.0213423 0.00776479 0.0104673 0.000131923 
0.729368 3.52742e-05 0.00268762 0.0017139 0.124658 0.000220272 0.0165343 0.0130709 0.0177291 0.0672936 0.000515626 1.48441e-05 0.000326502 0.0210374 0.00308221 0.00146743 0.000244179 
0.471887 0.00833497 2.34424e-11 0.00421808 0.0165766 0.0295137 0.00117512 0.00927696 0.0726186 0.00448403 0.00030358 0.0162855 4.76086e-07 0.354689 0.0104615 0.000128018 4.73799e-05 
0.441696 0.0540168 3.52982e-07 0.00153695 0.273578 0.00424869 0.000301488 0.00712882 0.173823 0.00971757 6.02924e-05 1.76283e-05 1.17949e-11 0.0236512 0.00793569 0.00225895 2.77204e-05 
0.506405 0.00486939 5.20251e-05 0.0120007 0.127306 0.0167849 0.00168874 0.0601386 0.0363999 0.181847 0.00470216 0.000246439 2.08174e-07 0.0253398 0.0217851 0.000255265 0.000179012 
0.360484 4.09044e-05 1.08158e-07 0.025568 0.0575572 0.0358402 0.0034061 0.00324228 0.22243 0.0940072 0.00536653 0.000389683 3.87578e-05 0.179866 0.0117369 2.50652e-05 1.87399e-06 
0.689327 2.50405e-05 0.00554831 0.000310236 0.0954082 0.000539931 0.0265365 0.0143346 0.138047 0.0261172 0.00171392 0.000103797 2.53034e-06 0.00133987 0.000623099 1.85523e-05 3.6447e-06 
0.353123 0.0156948 1.07498e-05 0.0426483 0.186095 0.0152476 0.0164516 0.00466406 0.0486331 0.0199191 0.00282816 0.0535024 2.63868e-06 0.083583 0.107029 0.0503758 0.000191833 
0.646334 0.000299575 1.97366e-05 0.0203831 0.0892808 0.0116497 0.00520563 0.0046504 0.107009 0.0219245 0.0102912 0.000677227 1.17238e-06 0.0326844 0.0368374 0.0127391 1.34029e-05 
0.531043 0.00015096 3.34631e-08 0.00154582 0.139237 0.00108034 0.00108969 0.157596 0.0772489 0.00120557 8.25171e-05 6.91164e-05 1.41948e-06 0.0737279 0.000298098 0.0156226 1.03149e-06 
0.266487 1.09484e-06 8.92421e-11 0.0600608 0.232269 0.00567928 0.000710176 0.00129257 0.0869247 0.00810297 0.0435657 0.0266417 6.80498e-11 0.183617 0.0845327 1.48727e-11 0.000114967 
0.551916 0.000185219 0.00026804 0.0987773 0.0549698 0.0160051 0.0287251 0.00320714 0.0409603 0.00144603 0.00622002 0.000347581 1.80495e-07 0.153276 0.043676 1.88259e-05 1.46785e-06 
0.332579 0.00442618 0.00021082 0.00468739 0.322269 0.000780961 0.00372981 0.142764 0.0525793 0.0292646 0.00354078 0.00300302 4.38774e-06 0.0394096 0.0164875 0.0439581 0.000306136 
0.741201 0.00058989 1.2816e-05 0.00618514 0.121896 0.00131172 4.39197e-05 0.0266778 0.0470837 0.00107853 0.000246993 0.00198071 1.83328e-06 0.047808 0.000648648 0.00322919 3.37481e-06 
0.612722 7.13146e-05 0.000158036 0.120148 0.0816148 0.0131752 0.0208755 0.0407983 0.00964402 0.053125 0.00179144 3.12366e-05 3.35427e-05 0.032494 0.0129231 0.000349341 4.54046e-05 
0.399131 1.27457e-05 1.27386e-05 0.164517 0.272942 0.0165907 1.27513e-05 1.27497e-05 0.0497544 0.0969249 1.27483e-05 1.27391e-05 1.27425e-05 1.2754e-05 1.2753e-05 1.27524e-05 1.27509e-05 
0.400145 0.000241319 0.000635665 0.0386451 0.0263863 0.0128253 0.0237186 0.00636153 0.107638 0.0114759 0.00161582 0.0172008 3.30422e-05 0.265938 0.0840077 0.00285912 0.000272398 
0.430807 0.000201763 5.53716e-05 0.00119462 0.363592 0.0124992 0.00106698 0.04143 0.00787606 0.00501857 0.00177021 0.0395421 6.15874e-06 0.0831008 0.00053895 0.0112974 2.53035e-06 
0.890381 0.000265344 0.0214451 4.18162e-05 0.0016585 0.000173615 7.75733e-05 0.000853998 0.00263247 0.00374258 0.0730322 0.000298233 0.000325825 0.00161088 0.000103595 0.00305978 0.000297509 
0.509687 0.000668688 0.00264377 0.0955983 0.0022488 0.0336078 0.00482338 0.000505576 0.138449 0.00785364 0.0568441 0.000117441 3.43651e-07 0.10779 0.03693 0.00222459 7.44425e-06 
0.274186 0.00513792 0.00195971 0.00305586 0.152393 0.0104009 0.00606585 0.0328184 0.127683 0.228884 0.0172257 0.00167566 3.0358e-05 0.127446 0.00850252 0.00188002 0.000654767 
0.301524 0.283918 0.000121611 0.00456302 0.263802 0.00755882 0.00103317 0.0450286 0.0360501 0.00255162 0.000228195 0.000340747 3.68043e-05 0.0265108 0.00355386 0.0231139 6.50833e-05 
0.631472 2.50265e-05 4.28319e-05 0.0520256 0.0467389 0.0448505 0.00648345 0.00920099 0.0534891 0.060674 0.00169209 0.000353524 0.0209152 0.0398722 0.0318296 0.000295603 3.87514e-05 
0.596538 5.54858e-05 2.55629e-05 0.00187144 0.345438 0.00337317 0.00040861 0.0102965 0.035101 0.0015801 9.3853e-09 0.00042465 6.39215e-12 0.000837439 0.00404508 8.77783e-08 4.56259e-06 
0.339373 0.00421854 0.000190997 0.00664194 0.212693 0.0646839 0.0443191 0.0596552 0.0395853 0.147256 0.00166848 0.000107546 2.14468e-06 0.0196112 0.052754 0.00721312 2.62157e-05 
0.276236 0.00500849 6.14196e-05 0.00260167 0.0067595 0.000955031 0.000548846 0.111168 0.0183464 0.0049971 0.00471834 0.00311894 7.90545e-09 0.083174 0.224062 0.000157904 0.258086 
0.639032 0.000343694 2.48797e-06 0.000109206 0.162695 6.80257e-05 3.57753e-07 0.100337 0.0310835 0.0336856 3.20477e-08 3.54931e-07 5.433e-06 0.0149968 0.00919291 0.00844708 1.5363e-07 
0.695968 0.000460476 3.09117e-07 0.0158492 0.205334 0.00801757 0.0119691 0.000282071 0.00570187 0.0141001 0.00225294 0.000396466 2.36124e-10 0.0342295 0.00523684 0.000192846 8.96194e-06 
0.312327 2.35488e-10 4.11352e-10 0.0304726 0.259618 0.0638249 0.00627116 0.168139 0.0819992 0.0479502 1.09677e-06 1.36468e-06 0.000105821 0.0292847 3.42711e-06 1.26688e-06 1.05946e-10 
0.289824 3.18719e-05 4.39246e-05 0.113202 0.0622736 0.110634 0.0566912 0.0105785 0.0367713 0.190462 0.0219037 2.07424e-06 1.03936e-08 0.0464822 0.061093 6.78468e-06 1.98402e-07 
0.71897 0.000182501 3.038e-09 0.00174795 0.104803 0.000566435 0.00108878 0.106512 0.0465765 0.000661578 0.000106403 0.000134521 1.5396e-06 0.0171043 0.000935915 0.000601138 6.2044e-06 
0.285768 0.000870344 6.8871e-05 0.00390668 0.258241 0.0604076 0.0659598 0.0328327 0.0528348 0.00277937 0.00230755 0.000538888 1.17069e-06 0.102239 0.109215 0.0219366 9.24956e-05 
0.579833 0.000669849 4.89456e-06 0.00546511 0.118234 0.00131965 0.000282558 0.0211606 0.064125 0.176168 0.000755616 0.000818001 1.96447e-08 0.0193123 0.0115878 0.000247495 1.68737e-05 
0.399672 7.80524e-05 0.000112596 0.0353574 0.0249705 0.00151154 0.00254747 0.00018795 0.152138 0.0811256 0.130522 0.000345917 1.30511e-05 0.123494 0.0477667 3.42005e-06 0.000154049 
0.356935 0.00200752 9.06541e-06 0.0170262 0.213361 0.0172292 0.00332457 0.031104 0.0575463 0.0313791 0.00417523 2.40008e-05 9.41399e-08 0.260678 0.00393278 0.00126115 7.47935e-06 
0.545822 0.0198307 1.29557e-05 0.0224211 0.0556388 0.00474895 0.0128143 0.00327276 0.0590208 0.00440281 2.06576e-05 0.000189416 1.41929e-07 0.192493 0.0790148 3.07038e-06 0.000293259 
0.400549 0.0151602 0.000429426 0.0279059 0.0245613 0.0851178 0.00579135 0.00907853 0.0937039 0.0693401 0.000963278 0.000292112 9.01761e-08 0.105141 0.14961 0.00114981 0.0112056 
0.498656 0.0002855 0.0064735 0.00131947 0.190114 0.00223821 0.000521486 0.0222895 0.178532 0.00564597 0.0036067 5.69213e-06 3.00204e-08 0.00662412 0.00558006 0.0781064 1.26999e-06 
0.908233 3.80293e-05 2.13194e-10 0.00466644 0.0602933 0.000202194 0.00246792 0.00610956 0.00271185 0.00182873 1.96655e-05 1.1009e-07 1.62567e-10 0.00712019 0.000399246 0.00590938 5.06919e-08 
0.662112 0.000118679 2.5297e-06 0.0150235 0.0800427 0.00447645 0.0122207 0.00731345 0.094499 0.0111598 0.00741929 0.000443784 1.975e-07 0.0877208 0.00464132 0.0127839 2.18328e-05 
0.32492 0.00589054 0.00605931 0.0553766 0.0185 0.0181593 0.000477276 0.0186511 0.135021 0.00788253 0.0651637 6.84668e-05 3.22145e-07 0.0987466 0.240274 0.00203213 0.00277692 
0.443249 3.19285e-05 6.19619e-06 0.27567 0.00017093 0.000825566 0.066655 0.000546736 0.00108033 0.0427008 4.76689e-05 7.46782e-05 0.106569 0.0567496 0.00550427 0.000108717 9.11715e-06 
0.684943 0.00011032 8.8983e-05 0.111729 0.042112 0.00189549 0.0123791 0.00474543 0.0493476 0.0241323 0.00342628 0.000185748 8.1077e-05 0.0639049 0.000647374 0.000258438 1.29948e-05 
0.478223 2.32676e-07 3.63218e-10 0.0154045 0.0552635 0.0145911 0.0483825 0.000169431 0.0420598 0.0757831 0.000113528 0.0107205 2.76965e-10 0.220581 0.0387071 9.88406e-08 9.35487e-11 
0.678636 0.00879504 4.04878e-05 0.0395848 0.027265 6.86689e-10 5.83067e-07 0.00174723 0.059638 0.0952176 0.0331749 9.9504e-07 8.64692e-05 0.0171103 0.0387019 6.61167e-10 8.9076e-07 
0.276236 0.00500849 6.14196e-05 0.00260167 0.0067595 0.000955031 0.000548846 0.111168 0.0183464 0.0049971 0.00471834 0.00311894 7.90545e-09 0.083174 0.224062 0.000157904 0.258086 
0.291152 0.143618 0.000624861 0.0110431 0.265792 0.00399284 0.00011547 0.00399281 0.113588 0.00870789 0.0348086 0.000759908 4.46708e-08 0.0663331 0.0541867 0.00127819 7.22456e-06 
0.324397 0.188936 1.4576e-09 0.000896845 0.0597023 0.00488352 0.000869885 0.000307616 0.064259 0.0539869 0.00944921 7.3785e-06 1.11147e-09 0.264374 0.0262902 0.00161335 2.67834e-05 
0.565743 3.27839e-08 1.65573e-11 0.000474532 0.153186 0.00853546 0.00541002 0.257451 0.00881129 2.30006e-08 6.75196e-12 1.61058e-11 1.26254e-11 0.000366606 2.16155e-05 3.77463e-08 4.26441e-12 
0.415701 0.0100492 2.3294e-06 0.0420068 0.0577347 0.000693048 0.00198488 0.0299524 0.00779756 0.393128 0.0149056 8.4769e-10 6.6451e-10 0.00587931 0.0195264 0.000446468 0.000192167 
0.271035 6.59071e-05 7.62487e-05 0.0406816 0.0587214 0.0292891 0.0038807 0.00536077 0.22612 2.16958e-05 0.000640475 2.65226e-05 1.56383e-11 0.257999 0.00604124 0.100021 1.96188e-05 
0.463223 0.0175178 7.05544e-06 0.0285217 0.0480762 0.0056401 0.0050804 0.0511139 0.0732725 0.0195774 0.0113006 0.000160016 5.87753e-05 0.211547 0.0487184 0.00982457 0.00636019 
0.673529 0.00257879 8.61791e-08 0.0319108 0.0980711 0.000690766 0.00159388 0.00977297 0.00196686 0.000232908 0.000818555 7.08916e-05 1.74153e-10 0.165499 0.00358972 0.0096382 3.6133e-05 
0.431882 0.000855155 5.18893e-06 0.29165 0.0112619 0.00310935 0.0133475 0.00339899 0.00249213 0.0267128 0.0011822 2.43484e-05 4.92981e-05 0.206949 0.00704604 2.65062e-05 7.674e-06 
0.602809 1.98709e-06 3.40267e-10 5.77662e-06 0.0741995 0.00697027 0.146955 8.9676e-06 0.0425097 0.000488377 4.58044e-07 3.30987e-10 2.59463e-10 0.0672972 0.0587535 6.29507e-07 8.76374e-11 
0.578494 0.000389473 8.77375e-11 0.00140272 0.00817461 0.00028632 9.82651e-05 0.0017691 0.165771 0.000345837 0.000319283 1.35697e-06 4.63124e-08 0.242863 8.38366e-05 2.08715e-07 4.57009e-07 
0.24235 0.0517012 0.224016 0.000733085 0.113565 0.000757809 9.64908e-05 0.00912633 0.186245 0.14278 5.67259e-07 0.000201358 1.00405e-05 0.00537742 0.00515504 0.0174007 0.000484022 
0.936999 5.02236e-07 3.51645e-11 0.0251026 0.0249918 0.000323674 3.79393e-05 0.0058491 0.000328488 0.00147892 4.12467e-05 1.47739e-08 2.6814e-11 0.000156436 0.00468217 4.38435e-09 7.8469e-06 
0.426334 0.000208164 4.43786e-07 0.169715 0.0998491 0.00137124 0.00274553 0.00282254 0.153032 0.0072907 0.0203947 0.000108576 0.000278243 0.038164 0.0224856 6.8872e-05 0.0551316 
0.616938 0.00187942 4.9948e-05 0.0312726 0.0878174 0.0029005 0.0273856 0.000280447 0.0193593 0.049592 0.0901435 0.00126242 3.18699e-06 0.0472445 0.0238288 3.22958e-05 1.01375e-05 
0.527418 0.000298461 8.46398e-06 0.0152714 0.332282 0.00825625 0.0109472 0.00179505 0.0290417 0.0105055 0.00159312 0.000228938 2.93773e-10 0.053129 0.00876927 0.000450636 5.18081e-06 
0.248269 2.97486e-06 5.19649e-06 0.00954614 0.13297 0.0596238 0.000498516 0.104808 0.221518 0.00978194 0.0031334 0.0461804 0.143541 0.0174366 0.00262053 5.72853e-05 7.83505e-06 
0.63525 0.00035925 0.000496114 0.00398519 0.06225 0.00153915 0.000913571 0.0120899 0.0966555 0.0050808 0.00617265 2.13808e-05 1.00928e-06 0.150038 0.0248359 0.000301293 9.5153e-06 
0.524199 7.55243e-05 4.97356e-08 0.00301771 0.219273 0.00244395 0.00103549 0.0375686 0.0249747 0.000859603 1.2383e-05 4.46186e-06 4.90363e-09 0.0187594 0.000559072 0.167216 5.66381e-07 
0.676386 2.66749e-09 1.14059e-08 4.29797e-05 0.0884762 1.43807e-05 4.34952e-09 0.0171831 0.106799 0.00221212 4.35205e-05 9.8849e-06 4.2192e-09 0.105324 4.34174e-05 0.00345483 1.0765e-05 
0.439668 3.35035e-06 0.00258491 0.000730397 0.237158 2.94917e-05 0.0736999 2.06146e-05 0.162028 0.0118478 0.00217776 0.00499574 2.48297e-06 0.0161569 0.046912 0.00198471 2.83663e-09 
0.71897 0.000182501 3.038e-09 0.00174795 0.104803 0.000566435 0.00108878 0.106512 0.0465765 0.000661578 0.000106403 0.000134521 1.5396e-06 0.0171043 0.000935915 0.000601138 6.2044e-06 
0.486471 0.000324898 2.09613e-06 0.0099533 0.390949 0.00616335 0.00545421 0.00409657 0.0145528 0.0108111 0.0011975 0.000228226 2.23744e-09 0.0428089 0.00366693 0.0233149 5.23644e-06 
0.565484 0.00183129 0.000129271 0.189682 0.0229041 0.00201872 0.00346739 0.00259386 0.0834319 0.0115662 0.00890656 0.00335724 1.77003e-05 0.047589 0.055458 0.00059838 0.000964677 
0.259047 8.48345e-05 0.000141688 0.00605573 0.14723 0.0659163 0.0229916 0.100062 0.0903783 0.00168762 0.000570314 0.000773905 3.7735e-11 0.226267 0.0295113 0.0492805 9.87871e-07 
0.347962 0.000144204 0.000694281 0.0203797 0.00130992 0.0958639 0.121971 0.0331967 0.0252483 0.0304107 0.00385638 5.92001e-05 1.42239e-08 0.306467 0.0123302 7.86959e-05 2.75607e-05 
0.293666 0.000432332 0.00184352 0.0766566 0.143986 0.00846702 0.0042066 0.000527205 0.11443 0.143399 0.0195261 0.00203094 0.000510552 0.0619937 0.123737 0.000639064 0.00394791 
0.415641 0.00112179 3.51798e-07 0.00345041 0.122685 0.0159787 6.97454e-05 0.303372 0.0604639 0.00740901 3.67485e-05 0.00302835 4.11376e-08 0.0641767 0.00232435 0.000241139 5.14476e-07 
0.550566 0.000603112 3.71887e-08 0.000422513 0.185252 0.00042993 0.000579167 0.00488673 0.0160152 0.152832 0.0273196 0.00758149 6.44319e-08 0.00746848 0.0439499 0.00199496 9.93983e-05 
0.583479 0.000767157 0.000134533 0.00462131 0.0682024 0.00456933 0.000383081 0.0903838 0.142693 0.0126994 0.00514429 0.000166664 1.0978e-11 0.0489025 0.0257886 0.0118308 0.000234258 
0.252027 0.00559604 5.67139e-06 0.000763997 0.14502 0.0170507 0.0023892 0.00712498 0.138721 0.117567 0.048503 0.00616732 1.88787e-06 0.0672533 0.175874 0.0157669 0.000168342 
0.512043 0.00683962 1.49469e-06 0.232449 0.0374546 0.00768205 0.00698365 0.000616501 0.0744374 0.00149943 0.00157983 4.59094e-05 2.91203e-06 0.0738503 0.044106 0.000233122 0.000175244 
0.443741 0.000145777 0.00213447 0.00333562 0.355133 0.0131188 0.000162743 0.117206 0.00227573 0.00132441 0.001454 0.00229949 5.88008e-08 0.0539748 0.00195998 0.00173315 3.50865e-08 
0.278747 0.0525641 7.47598e-07 0.0607225 0.10175 0.0119228 0.0108159 0.00913254 0.0293631 0.232517 0.0343534 0.0160732 0.00118118 0.0252938 0.132785 0.00183183 0.000945383 
0.383082 0.047428 4.22704e-06 0.0180295 0.320461 0.0109214 0.000899929 0.0640192 0.0476262 0.0256915 0.00107051 0.000210143 7.33945e-11 0.00898216 0.0012512 0.0701201 0.000203384 
0.276236 0.00500849 6.14196e-05 0.00260167 0.0067595 0.000955031 0.000548846 0.111168 0.0183464 0.0049971 0.00471834 0.00311894 7.90545e-09 0.083174 0.224062 0.000157904 0.258086 
0.292232 0.000784118 1.69434e-05 0.0923628 0.0162124 0.0177027 0.00632958 0.000239907 0.244294 0.0237705 0.00955381 0.00114728 1.86079e-09 0.268429 0.0231088 0.00363255 0.000183688 
0.368691 0.0219451 2.01362e-08 0.0050418 0.149739 3.48534e-09 0.00599487 1.63556e-05 0.0775502 0.208822 0.139382 0.00124802 1.53544e-08 0.017028 0.0040035 0.000537691 7.88826e-08 
0.418446 0.00192157 0.0022523 0.00947954 0.0220885 0.0088205 0.000502151 0.0196125 0.0579431 0.00173813 0.00256781 0.000107916 3.0081e-08 0.411521 0.0395671 0.00156936 0.00186271 
0.592903 0.000485367 0.00710692 8.1179e-05 0.33674 0.00970544 1.18619e-08 0.00970257 0.00758474 0.00210375 0.00119362 1.33373e-07 2.49042e-08 0.0261341 0.00625869 4.82709e-08 4.80976e-12 
0.381398 0.0184512 8.53923e-07 0.0385035 0.183115 0.00548985 0.00758924 0.0437852 0.109201 0.0610162 0.0679525 0.000388948 8.47106e-07 0.075264 0.00479155 0.00249681 0.000555513 
0.639551 0.0359178 0.00076666 0.00425462 0.0749467 0.0376665 0.00687774 0.0132289 0.067352 0.0563419 0.00879692 0.00407283 6.92821e-06 0.0355142 0.00817029 0.00643635 9.80116e-05 
0.422015 0.00899844 7.34885e-06 0.0676361 0.109466 0.0583987 0.0117254 0.0380931 0.0250057 0.139561 0.00654938 0.003638 0.0563739 0.0372882 0.0109994 0.00407722 0.000166337 
0.263242 0.0180573 5.46723e-06 0.158725 0.199795 5.47309e-06 0.0257269 5.47197e-06 0.108389 5.4728e-06 0.117641 0.000552207 0.00820882 0.0295639 0.070065 5.47313e-06 5.47248e-06 
0.37099 7.54315e-05 2.08796e-08 0.0124078 0.0149016 0.00172161 0.000692005 0.0184232 0.224123 0.00198428 0.000984878 7.46013e-06 2.36987e-08 0.341366 0.0120339 0.000288321 8.05429e-09 
0.419176 0.00397648 1.29905e-06 0.156196 0.00345054 0.00226811 0.0222198 7.70918e-05 0.059518 0.000756499 0.00107211 4.73104e-05 2.646e-09 0.293634 0.0373158 0.000273671 1.68046e-05 
0.894343 3.6315e-08 3.94313e-07 0.000146008 0.0215071 0.000193596 9.77924e-06 0.000488338 0.00486944 0.0688189 0.00174577 0.00205005 9.15527e-10 0.0057943 3.33708e-05 9.72359e-08 3.09232e-10 
0.416353 0.000486232 1.11329e-09 0.0733022 0.0138868 0.194794 0.000615493 0.00730956 0.193776 0.00419405 0.0110012 1.9994e-05 8.83221e-07 0.0784265 0.00293884 0.00289278 2.15191e-06 
0.699569 0.0351411 2.58578e-05 0.00529054 0.00844751 0.00037166 0.00355411 0.00150047 0.0816617 0.00663663 0.00621635 0.000192002 3.57296e-06 0.135798 0.00993613 0.00548985 0.000165773 
0.406978 5.17269e-05 0.00346679 0.0213399 0.170014 0.00584449 0.00422305 0.0190216 0.138232 0.144761 0.000735776 6.8218e-05 1.33177e-06 0.0557974 0.012891 0.0165134 6.0525e-05 
0.686026 2.00171e-05 1.6558e-10 0.00682556 0.0377159 3.26161e-05 0.00011789 0.00633727 0.188201 0.000305295 0.0566168 8.01975e-05 1.2626e-10 0.0127475 0.00496796 3.85126e-06 2.11153e-06 
0.185398 0.00099577 0.000407487 0.183382 0.147965 0.00434534 0.0106319 0.0864376 0.0490446 0.000583176 0.00167298 0.00138532 6.29074e-08 0.168594 0.156287 0.00285463 1.47593e-05 
0.42254 0.00071241 0.00243574 0.0246184 0.18628 0.00142981 0.00376292 0.031991 0.0628567 0.0708659 0.0138389 6.71475e-06 2.56912e-06 0.162888 0.00716252 0.00860313 4.78445e-06 
0.647995 0.0825142 4.47907e-06 0.00971383 0.00308079 5.00852e-05 0.160867 3.28891e-05 0.0613936 0.000132805 0.00135502 1.5711e-06 5.5673e-07 0.032376 0.000479041 1.41033e-06 2.16758e-06 
0.708357 1.64346e-05 0.00116856 0.00149435 0.129559 0.00518597 0.000187564 0.0494323 0.0367185 0.00049372 0.00110906 1.22755e-05 1.62062e-07 0.044162 0.0145544 0.00753831 1.06948e-05 
0.374944 0.00223912 0.00479409 0.0769387 0.108713 0.00398194 5.34274e-05 0.0118566 0.147519 0.0465616 0.021022 0.000127436 8.04012e-10 0.106158 0.0905279 0.00447874 8.44082e-05 
0.997587 3.58655e-09 4.82491e-12 8.31579e-13 0.000166216 8.35136e-13 1.13582e-12 0.00196579 4.50659e-05 1.60148e-09 5.26829e-11 4.69333e-12 3.67914e-12 0.000236049 6.18063e-13 3.05282e-09 1.24268e-12 
0.261335 0.000152184 2.44531e-06 0.00441598 0.0916168 0.170871 0.0189756 0.0288 0.245226 0.0254805 0.00145319 0.000207349 2.26541e-08 0.127424 0.0234218 0.000606382 1.32977e-05 
0.293666 0.000432332 0.00184352 0.0766566 0.143986 0.00846702 0.0042066 0.000527205 0.11443 0.143399 0.0195261 0.00203094 0.000510552 0.0619937 0.123737 0.000639064 0.00394791 
0.997587 3.58655e-09 4.82491e-12 8.31579e-13 0.000166216 8.35136e-13 1.13582e-12 0.00196579 4.50659e-05 1.60148e-09 5.26829e-11 4.69333e-12 3.67914e-12 0.000236049 6.18063e-13 3.05282e-09 1.24268e-12 
0.485519 0.000223906 7.90407e-09 0.172726 0.0539096 0.000631997 0.000810234 0.267106 0.00116329 0.000240323 3.22323e-09 0.00181681 6.02709e-09 0.00140334 3.63311e-05 0.0144091 4.09093e-06 
0.484403 0.000323134 1.54294e-05 0.00923007 0.334677 0.00741574 0.00579182 0.00607118 0.0438738 0.0185581 0.00638289 0.00090789 3.99675e-10 0.0336965 0.0173345 0.0312347 8.42728e-05 
0.483542 5.23204e-05 0.0265339 0.0250755 0.237852 0.00979606 0.00142688 0.0112477 0.0671488 0.00714625 0.00968395 0.000358623 2.74699e-08 0.0221049 0.0606528 0.0347216 0.00265648 
0.490885 3.56543e-05 5.72682e-07 0.0051122 0.187775 0.004967 0.00837709 0.00380356 0.0208755 0.234302 0.00390834 1.02291e-05 4.96646e-07 0.0181964 0.00708964 0.0146557 4.76656e-06 
0.718346 4.82792e-05 0.00525085 0.00920939 0.0714862 0.00888103 0.00120873 0.000766365 0.00888689 0.0337854 0.0124223 4.84542e-05 1.78837e-09 0.0690899 0.0602737 0.000143759 0.00015265 
0.692277 5.07314e-05 2.15855e-06 1.426e-08 0.148821 0.00211441 1.27457e-06 0.0984215 0.007091 0.00505517 1.11986e-06 0.000936072 6.86625e-10 0.0232173 0.00178866 0.0202159 7.12883e-06 
0.293142 0.0309553 1.35117e-06 0.00865237 0.22758 0.00373535 0.063312 0.001711 0.109961 0.166199 0.00512806 1.14835e-05 0.00226586 0.0798964 0.00179514 0.00559446 5.84747e-05 
0.507404 7.94816e-06 6.0168e-07 5.8201e-05 0.270907 0.0248519 0.000240491 0.0566647 0.0928131 0.00538725 0.000589595 2.96219e-05 1.76076e-06 0.00994871 0.0221968 0.00888067 1.79709e-05 
0.747961 0.000951149 4.96782e-07 0.0912092 0.0419983 7.01109e-05 0.00831645 1.51462e-06 0.0384126 0.0181688 0.0344925 1.79081e-10 7.71149e-08 0.0166903 0.00068469 0.00103912 3.50909e-06 
0.744636 0.000633749 0.00214754 0.00775808 0.139658 0.000222902 0.00437784 0.0370671 0.0257701 0.0117273 0.000161684 0.00172941 4.69388e-06 0.00818457 0.0148361 0.00101914 6.58525e-05 
0.365744 0.000147139 0.00107877 0.0690878 0.199689 0.0731441 0.00583968 0.0162014 0.093821 0.0760671 0.000556809 0.000610351 0.037986 0.0376945 0.0218426 0.000176575 0.000313909 
0.833825 0.000234491 5.96584e-11 0.0114675 0.0406563 0.0010605 0.000847146 0.060796 0.0122954 0.000956777 0.0194187 0.00229705 1.56894e-05 0.0108308 0.00471587 0.000579551 2.90561e-06 
0.616084 0.00295145 0.00215134 0.00394901 0.23022 0.000922247 0.000916821 0.0266724 0.0543829 0.0238598 0.00412652 0.000218131 4.76647e-06 0.0156286 0.00253176 0.0153407 3.89792e-05 
0.677263 6.89884e-05 8.83879e-06 0.0125733 0.132824 0.00295069 1.40053e-10 0.00501942 0.0313571 0.0369251 1.8276e-06 2.02912e-06 2.8016e-07 0.0848397 0.00276294 0.013403 1.53229e-10 
0.633435 0.00269252 0.000254244 0.0564974 0.0180768 0.00339171 0.000977182 0.00158325 0.0241147 0.000525439 0.0043439 0.000115987 6.39024e-11 0.242462 0.0114082 0.000111183 1.01567e-05 
0.361034 0.00177138 2.70274e-06 0.0020202 0.328468 0.00178692 0.00282973 0.2526 0.0178136 0.00841481 5.68635e-05 0.000154179 6.3177e-07 0.0178807 0.000395885 0.00475976 1.02748e-05 
0.290855 0.00148075 2.38274e-10 0.118776 0.0727669 0.00663791 0.0569569 0.000459634 0.229942 0.104251 0.0821882 0.00529891 6.76169e-08 0.0286469 0.00173929 3.04367e-07 2.18397e-07 
0.506969 1.49378e-06 2.91561e-05 0.0193821 0.0337699 2.56166e-05 4.97492e-07 0.255413 0.103551 0.00731985 6.26973e-05 2.37544e-06 1.0064e-10 0.0677933 0.000264727 0.00541394 1.20252e-06 
0.606222 0.000761906 0.00179045 0.00158076 0.0525949 0.00822089 0.00198723 0.00165147 0.209921 0.0170738 0.00330294 0.00419059 1.23744e-07 0.00923983 0.0549038 0.0260802 0.000478066 
0.402459 0.0017484 5.40685e-06 0.0188812 0.07842 2.65964e-06 0.176662 0.000144698 0.0111273 0.023517 1.4298e-05 0.000305402 4.98933e-07 0.259507 0.00092202 0.026273 1.03751e-05 
0.518172 0.000222815 2.71355e-08 0.0282368 0.0346711 0.00290527 0.00650012 0.00190087 0.0619863 0.000754934 0.0119867 1.89448e-05 2.53645e-08 0.331528 0.00111162 3.49495e-06 1.46409e-07 
0.641831 2.1555e-05 1.09539e-07 0.00228371 0.256325 0.000227614 0.000588795 0.060285 0.00972927 0.0163939 2.85677e-06 6.6045e-06 1.31716e-06 0.00857637 0.000238674 0.00348759 1.35126e-06 
0.276236 0.00500849 6.14196e-05 0.00260167 0.0067595 0.000955031 0.000548846 0.111168 0.0183464 0.0049971 0.00471834 0.00311894 7.90545e-09 0.083174 0.224062 0.000157904 0.258086 
0.278639 0.000907938 0.00068433 0.01923 0.131227 0.0422014 0.0285168 0.0224582 0.108619 0.220502 0.00355369 0.00619596 0.000187678 0.0851801 0.0448929 0.00163654 0.00536819 
0.76766 0.000102303 0.000105593 0.00574332 0.0772467 0.00169837 0.000117964 0.0207208 0.0168386 0.00375632 0.000614674 2.45434e-05 7.65765e-11 0.0831019 0.0205012 0.00176041 7.70928e-06 
0.804639 0.000187662 4.72838e-08 0.0035664 0.0457851 0.000209129 7.5129e-05 0.00209117 0.0277795 0.074363 0.0111131 0.00142923 1.21839e-09 0.00839982 0.0199503 0.00040977 1.81158e-06 
0.721608 9.23069e-05 3.21419e-05 0.0373421 0.0218444 0.00140826 0.0012559 0.000857947 0.0653727 0.00485835 0.0333247 0.0135906 8.97561e-09 0.0769688 0.0119697 0.00946149 1.30056e-05 
0.501064 1.5266e-09 2.66668e-09 0.00678731 0.087022 4.61572e-10 6.27759e-10 3.09102e-06 0.027046 0.378067 1.08746e-09 2.59396e-09 2.03342e-09 5.52602e-06 3.58712e-06 4.44417e-10 8.9355e-07 
0.593165 0.00150738 6.80536e-07 0.00320349 0.246365 0.00126515 0.000159199 0.120357 0.0122528 0.000282849 0.00323812 0.000194633 3.11265e-08 0.0157791 0.00144867 0.000780579 3.24306e-07 
0.542714 0.000204001 4.17879e-08 0.0180131 0.0135517 0.0147856 0.00314179 0.00127413 0.215687 0.0604411 0.0235463 0.000317318 3.8903e-08 0.0354818 0.0694458 0.00120394 0.000192442 
0.437826 5.60197e-05 0.00352931 0.0499471 0.0498007 0.00848994 0.00167341 0.00248878 0.217405 0.0155585 0.0167107 0.00151108 1.32279e-07 0.128044 0.0603103 0.00636999 0.000278836 
0.377388 0.000106908 1.19621e-06 0.0172763 0.0481198 2.05517e-07 0.000855461 0.00709832 0.0111725 0.0201198 0.0320259 6.02043e-06 1.53352e-07 0.309596 0.176216 6.40069e-07 1.66291e-05 
0.543395 0.000464602 1.0623e-05 0.0379573 0.0743313 0.0342613 0.0108435 0.00210322 0.146116 0.0122915 0.00768318 0.000464574 0.000139132 0.0850615 0.0222007 0.0226626 1.36514e-05 
0.632255 0.000210012 6.17457e-08 0.00651645 0.0545227 0.00684499 0.00573895 0.00900342 0.0909288 0.159332 0.00813024 9.72898e-06 4.7083e-08 0.0230824 0.00315859 0.00025991 7.50588e-06 
0.415963 0.00172144 3.81862e-07 0.0393642 0.0526313 0.0958363 0.0310894 0.00402766 0.115874 0.017083 0.061728 0.000642873 1.92658e-08 0.153583 0.0102328 0.000214015 9.62522e-06 
0.74816 0.00243229 2.23802e-05 0.0300781 0.0411018 0.00278568 0.0100252 0.0032892 0.0118186 0.0843858 0.00693311 0.000450112 1.30557e-05 0.0435838 0.00982354 0.00505931 3.81397e-05 
0.419326 0.00394977 6.39277e-07 0.165942 0.00344782 0.00226463 0.012431 7.62689e-05 0.0595073 0.000754849 0.00106779 4.59431e-05 1.37794e-09 0.293596 0.0373016 0.000272734 1.53608e-05 
0.513274 0.00559643 9.74775e-05 0.0709475 0.0437959 0.00842817 0.00228321 0.00389022 0.0793858 0.0193038 0.00408663 0.000647826 2.25834e-06 0.153187 0.0880102 0.00138882 0.00567441 
0.59888 1.05148e-06 1.94864e-09 0.123895 0.179221 2.7966e-06 8.95914e-07 0.00305037 0.0271735 0.00218628 0.0185654 1.8955e-09 2.13632e-05 0.00717034 1.13621e-05 0.03982 5.76795e-07 
0.540871 0.00127966 0.000104318 0.00496709 0.275111 4.74254e-05 0.000172595 0.0531378 0.0816476 0.0278092 0.00100655 5.37636e-05 2.29308e-07 0.0093016 0.00272092 0.0017658 3.43588e-06 
0.390701 0.00864624 1.3389e-06 0.0169563 0.0415798 0.00571067 0.00612738 0.030293 0.224345 0.00673328 6.13946e-05 0.000380273 9.00325e-08 0.253198 0.0146305 0.000205793 0.000429968 
0.445126 0.000365657 0.0001219 0.0107574 0.221915 0.000932661 0.000740176 0.188696 0.054859 0.0322915 3.52189e-06 4.16218e-05 0.00385725 0.0281648 0.00790649 0.00421692 4.12859e-06 
0.861121 0.0190952 1.06939e-07 0.00969311 0.0307009 0.000799089 0.00237772 0.0418865 0.00733241 0.00781772 2.60655e-05 0.000181813 2.7119e-07 0.00311469 0.0146465 7.54938e-06 0.00119951 
0.570104 0.00293886 0.00088667 0.0197251 0.0328978 0.00822497 0.00388884 0.01603 0.0729295 0.00867401 0.00301613 0.00162884 2.40217e-06 0.250845 0.00809155 1.29088e-05 0.000103925 
0.303906 0.0206501 0.000346172 0.0218022 0.0750775 0.011805 0.0049226 0.0239026 0.182439 0.0210339 0.0165023 0.000448133 6.97513e-07 0.25356 0.0476519 0.0048877 0.0110644 
0.474188 6.99291e-05 1.43407e-05 0.00279728 0.262857 0.00434469 0.00346737 0.0162356 0.0231971 0.000991762 0.0829424 1.44836e-05 5.36285e-07 0.103273 0.000582999 0.00409644 0.020927 
0.397097 0.00383352 0.000396128 0.310909 0.0122405 0.00746205 0.0100531 0.00897667 0.0529808 0.0262119 0.00199691 8.24337e-05 7.44643e-08 0.10164 0.0659019 0.000146035 7.10485e-05 
0.648276 0.0017773 4.42972e-06 4.43447e-06 0.171194 4.43447e-06 4.43411e-06 0.062961 0.00843121 0.0536586 0.00621079 4.42987e-06 0.00354929 4.43504e-06 0.0110912 0.0328197 4.43397e-06 
0.461614 0.0209729 3.51244e-05 0.0273574 0.0308609 0.0079353 0.00909298 0.000894996 0.18558 0.0463925 0.025621 0.0151142 6.82559e-06 0.109061 0.0536603 0.00578538 1.56154e-05 
0.916068 8.96284e-05 8.40136e-10 0.00400899 0.0526612 1.86435e-07 0.000217674 0.00269963 0.0039801 0.0113485 9.55636e-06 8.17226e-10 6.40629e-10 0.000548874 0.00836699 2.80721e-07 1.00179e-07 
0.691651 0.000239149 1.37395e-05 0.00906176 0.17348 0.00504506 0.0106467 0.0211077 0.0312318 0.00205476 0.00186357 8.22884e-05 3.97629e-06 0.0343153 0.00619823 0.012989 1.54415e-05 
0.732314 0.000800275 1.80571e-07 0.000182229 0.0897985 0.000147482 5.11582e-05 0.0923517 0.00696431 0.057862 0.000224292 7.25162e-05 2.05864e-08 0.00246663 0.000502738 0.0162612 9.51971e-07 
0.587573 0.000541492 2.72304e-05 0.00169224 0.0990363 0.000747058 5.89501e-05 0.0601668 0.0243884 0.0796269 0.00451453 0.00228297 0.000856804 0.0699523 0.0200159 0.0474553 0.00106384 
0.231654 0.0118289 1.25558e-06 0.0920779 0.16126 0.0350479 0.0362993 0.00256009 0.14764 0.0403627 0.0725528 0.000664248 1.26718e-06 0.100266 0.0654201 0.00231237 5.064e-05 
0.907342 5.3956e-05 1.0122e-05 0.00472257 0.0138445 0.000225491 0.00108019 0.000122395 0.00621275 0.0411535 0.00403869 0.000776774 0.00189866 0.00570633 0.0123951 0.000346931 6.99915e-05 
0.445589 0.00732076 9.35915e-08 0.330024 0.0321429 0.00847734 0.000833074 0.00202117 0.0632548 0.0688678 0.000287405 0.00284989 8.69189e-08 0.0321745 0.00589327 9.10721e-05 0.000173585 
0.997427 0.000160778 0.000160689 0.000160861 0.000160879 0.000160861 0.000160848 0.000160828 0.000160886 0.000160852 0.000160811 0.000160694 0.000160738 0.000160882 0.00016087 0.000160862 0.000160843 
0.396557 0.00294111 0.000838383 0.00264143 0.216511 0.00218893 0.000881703 0.232533 0.0327867 0.0113781 0.000528544 0.00308433 4.95699e-06 0.0261497 0.0112637 0.0595135 0.000198251 
0.651703 0.00273266 3.40227e-06 0.0441837 0.0114491 0.00609348 0.00458518 0.00211635 0.0556526 0.0100461 0.0194838 0.00184944 4.7556e-06 0.139414 0.0504973 6.11624e-06 0.000178987 
0.596261 3.14934e-05 1.14362e-05 0.0241616 0.00843161 0.00269249 0.0221365 0.0125676 0.162845 0.00142565 0.00486633 0.000167384 2.04074e-06 0.0619873 0.0921242 0.000660533 0.00962729 
0.63423 0.00251478 8.2854e-06 0.058079 0.0724894 0.011467 0.00338278 0.00459908 0.0273754 0.0288981 0.00225245 0.0967178 3.93516e-08 0.0556899 0.00143653 0.000857167 2.16042e-06 
0.614144 0.0003322 5.8203e-06 0.00038169 0.198556 0.000187424 5.21907e-05 0.0351588 0.123258 0.0184765 5.06752e-05 0.000239372 7.285e-09 0.00551205 0.00354869 8.93987e-05 6.40838e-06 
0.560704 0.000290228 0.000401025 0.000725876 0.0430428 0.000146434 0.000383085 0.00675885 0.0704518 0.175732 0.000110811 4.52722e-06 4.04771e-09 0.133416 0.00780077 2.01812e-05 1.27227e-05 
0.329836 0.00200988 0.00219886 0.0371233 0.0749545 0.00251426 0.00196244 0.0264333 0.100359 0.233577 0.00354491 0.00198449 0.00273692 0.0844524 0.0728258 0.0233753 0.000111828 
0.518117 2.08613e-06 1.01317e-05 0.000846607 0.139522 0.000734324 0.000640809 0.0879756 0.0890992 0.000439981 0.000296434 5.87508e-05 5.31918e-09 0.067118 0.054614 0.0404638 6.07581e-05 
0.401683 0.0302137 0.000729677 0.00201552 0.255171 0.0339747 0.00225912 0.0383494 0.0623987 0.0182694 0.0173601 0.0274648 2.12575e-10 0.100125 0.00721961 0.00274184 2.47425e-05 
0.329083 7.60496e-08 0.00193303 0.0208984 0.1116 0.205533 0.028242 0.0152885 0.141099 0.0060544 0.0228754 0.000195571 2.97604e-10 0.0913038 0.0258945 3.25063e-07 9.43931e-09 
0.430756 0.00193731 1.55466e-10 0.147857 0.0114283 0.00353512 0.00255185 0.0105693 0.0644092 0.108772 0.129169 0.000157219 1.51504e-06 0.00145774 0.0864537 6.07596e-05 0.000884343 
0.185398 0.00099577 0.000407487 0.183382 0.147965 0.00434534 0.0106319 0.0864376 0.0490446 0.000583176 0.00167298 0.00138532 6.29074e-08 0.168594 0.156287 0.00285463 1.47593e-05 
0.755995 0.00299522 5.39838e-07 0.046644 0.0186309 0.016834 0.000943929 0.00283671 0.0459723 0.00268068 0.0105516 0.000592627 5.32862e-09 0.0695233 0.0202607 0.0054955 4.26179e-05 
0.609802 0.000143606 2.52017e-07 0.0135447 0.064379 0.00261235 0.000867922 0.0152638 0.0450696 0.0811079 0.0782972 8.91223e-05 6.0474e-07 0.0784592 0.00951374 0.000806723 4.18992e-05 
0.883531 3.97234e-06 3.40019e-06 0.000246494 0.000177495 1.78369e-05 0.000332142 0.000181414 0.0867293 0.0199317 3.14713e-06 0.000935044 8.11815e-07 0.000109652 0.00776989 2.55601e-05 1.6231e-06 
0.44249 2.20641e-05 0.000259673 0.00335078 0.100225 0.0234262 0.111913 0.00104158 0.00558302 0.175004 0.00278128 4.65747e-05 5.4459e-05 0.118152 0.0130614 0.00013782 0.00245195 
0.770582 0.000352816 0.000104277 0.0315601 0.0110408 0.00032876 3.65797e-05 0.00149609 0.113971 0.000213371 0.000965853 0.00688722 2.77921e-07 0.0592781 0.00285809 0.000306226 1.85363e-05 
0.456214 0.00012214 0.00145711 0.0272401 0.171711 0.0018542 0.0061669 0.0154737 0.109407 0.0359588 0.0559123 0.0002647 1.22026e-07 0.0633978 0.0467449 0.00783631 0.000238578 
0.712642 0.00499407 4.13954e-12 0.00839991 0.108546 0.00123239 5.19408e-08 0.0201216 0.0559685 0.0528528 0.00216709 4.75185e-08 1.16823e-08 0.0264716 0.00534319 0.00125975 1.88819e-07 
0.622611 2.16894e-07 3.96532e-07 3.01731e-05 0.0453526 0.000142809 0.000391502 0.00167194 0.0310174 0.00449095 0.171888 1.00148e-09 7.85067e-10 0.0960344 0.00284983 0.0235179 2.65051e-08 
0.249782 0.0043911 0.000161461 0.0314655 0.249679 0.0110922 0.00338932 0.135591 0.0919384 0.0736394 0.0263116 0.00596214 0.00108017 0.0806623 0.00857158 0.0261615 0.000120696 
0.344269 0.000290815 3.95048e-05 0.0567127 0.0116807 0.0389053 0.292976 8.4537e-06 0.0340323 0.12423 0.0653262 2.76052e-05 7.13818e-08 0.019501 0.0119973 2.81197e-06 2.41102e-08 
0.809068 0.000122514 5.65241e-05 0.00546958 0.0748825 0.00500622 8.97856e-05 0.00172553 0.0187491 0.0723074 0.00021727 1.77965e-06 3.40302e-06 0.0122688 2.18903e-05 9.36652e-06 4.71207e-07 
0.723382 0.00382595 9.01767e-05 0.00533019 0.0392327 0.00343828 0.00348869 0.007304 0.0817275 0.00617344 0.00287401 0.000821024 1.51036e-05 0.0893137 0.0325886 0.000358968 3.5752e-05 
0.61979 0.000141979 2.85284e-09 0.00135958 0.167702 0.00206088 0.00168021 0.104129 0.0562182 0.0145667 8.27878e-05 0.0010191 1.20139e-06 0.0286221 0.00182816 0.000714997 8.30913e-05 
0.202764 0.00755094 0.000153629 0.0484811 0.0979041 0.171466 0.0472282 0.0323097 0.155678 0.0971274 0.00538429 0.000773472 4.72056e-05 0.0471217 0.0707037 0.014753 0.00055288 
0.312327 2.35488e-10 4.11352e-10 0.0304726 0.259618 0.0638249 0.00627116 0.168139 0.0819992 0.0479502 1.09677e-06 1.36468e-06 0.000105821 0.0292847 3.42711e-06 1.26688e-06 1.05946e-10 
0.276236 0.00500849 6.14196e-05 0.00260167 0.0067595 0.000955031 0.000548846 0.111168 0.0183464 0.0049971 0.00471834 0.00311894 7.90545e-09 0.083174 0.224062 0.000157904 0.258086 
0.578494 0.000389473 8.77375e-11 0.00140272 0.00817461 0.00028632 9.82651e-05 0.0017691 0.165771 0.000345837 0.000319283 1.35697e-06 4.63124e-08 0.242863 8.38366e-05 2.08715e-07 4.57009e-07 
0.853965 4.15061e-06 6.80992e-08 1.08319e-05 2.74498e-05 0.0278417 1.60311e-08 3.2099e-05 0.00580498 0.103412 9.5519e-06 9.27173e-05 0.00876603 2.51706e-05 1.14718e-06 6.59031e-06 1.75393e-08 
