0.406025 5.80923e-05 0.0115335 0.0611232 0.040204 0.0104539 0.00251011 0.00212637 0.123095 0.00422774 0.278286 0.000360988 2.28413e-09 0.0187955 0.0409015 0.00018906 0.000109283 
0.861121 0.0190952 1.06939e-07 0.00969311 0.0307009 0.000799089 0.00237772 0.0418865 0.00733241 0.00781772 2.60655e-05 0.000181813 2.7119e-07 0.00311469 0.0146465 7.54938e-06 0.00119951 
0.450932 0.00147221 0.00195314 0.00700205 0.0267279 0.085021 0.00281235 0.0203444 0.192737 0.0183289 0.00880073 0.000909036 3.56169e-05 0.157345 0.015755 0.00966517 0.00015838 
0.309258 0.000904013 2.29072e-06 0.0475751 0.0902885 0.0426626 0.00653579 0.0250639 0.135579 0.0577717 0.00232473 0.000538553 6.20615e-06 0.242157 0.0382408 0.000956989 0.000133887 
0.424828 0.00501504 3.30682e-11 0.00332898 0.151459 0.0166247 0.000805523 0.00421012 0.0961027 0.030978 3.73729e-07 0.000160246 2.52155e-11 0.257928 0.00845917 8.28269e-05 1.61657e-05 
0.449221 0.00675182 0.00142063 0.121579 0.0246431 0.0193124 0.00529946 0.0164352 0.0502377 0.0171794 0.0253157 0.000111661 0.000559129 0.0836349 0.171157 3.51965e-06 0.0071383 
0.523247 0.000216652 1.56668e-06 0.0575068 0.101907 0.00830656 0.00314033 0.135724 0.0462813 0.0274809 0.017082 5.78614e-07 1.35008e-08 0.0669016 0.0115389 0.000662539 1.44337e-06 
0.978626 0.000129679 5.12173e-08 0.00246971 0.000687759 0.00103755 0.000521413 0.00572094 0.00320351 0.000229023 0.00293009 4.98206e-08 3.90547e-08 0.00424803 4.3201e-05 0.000153107 1.56299e-07 
0.399498 0.0578509 7.25225e-09 0.0461287 0.0997591 0.00688556 0.00463742 0.00161491 0.0573292 0.105674 0.058325 0.000131009 5.53006e-09 0.0934154 0.0687113 1.04503e-05 2.90164e-05 
0.283733 0.101071 0.000322303 0.0098445 0.062988 0.0235502 0.00291473 0.00720665 0.103065 0.00517049 0.0318208 0.0203325 9.968e-07 0.0968113 0.246254 0.00365615 0.00125847 
0.911045 5.90094e-06 0.0021894 0.00137493 0.0379708 3.82279e-07 2.24602e-05 4.40176e-07 0.00634679 0.000391214 0.00397056 9.99508e-08 7.11129e-11 0.0281687 0.00851214 3.28642e-07 1.3535e-06 
0.373206 3.54699e-07 2.23654e-07 0.0507123 0.0142561 2.70595e-06 0.131688 4.33365e-07 0.184564 0.0220139 3.44688e-06 9.02064e-05 4.96846e-08 0.126224 0.08114 0.0160546 4.38176e-05 
0.227477 0.000456133 9.93985e-05 0.181989 0.122133 0.00507256 0.00443677 3.04745e-05 0.0335191 0.139325 0.0476529 0.0026241 2.19882e-09 0.0485639 0.16837 8.01032e-08 0.0182489 
0.793398 0.000190358 0.000193942 0.0112059 0.0382079 0.00316875 0.000413605 0.0021515 0.0301428 0.00731116 0.00167383 4.51015e-05 5.74213e-12 0.08176 0.0299009 0.000217189 1.86615e-05 
0.755995 0.00299522 5.39838e-07 0.046644 0.0186309 0.016834 0.000943929 0.00283671 0.0459723 0.00268068 0.0105516 0.000592627 5.32862e-09 0.0695233 0.0202607 0.0054955 4.26179e-05 
0.496119 0.0215284 0.000195288 0.0291538 0.0938483 0.0166002 0.0097216 0.00328258 0.0740604 0.0201418 0.000795645 0.00490545 9.62167e-06 0.172668 0.00525711 7.78827e-05 0.051635 
0.997883 2.18668e-05 3.8197e-05 6.5833e-06 3.29451e-06 6.61146e-06 8.99189e-06 1.26464e-05 2.10169e-06 0.00191061 1.55765e-05 3.71553e-05 2.91263e-05 2.86778e-06 4.89297e-06 6.36573e-06 9.83783e-06 
0.53626 0.000167026 0.0858876 0.0515734 0.075009 0.00160431 0.0112335 0.00348104 0.0601403 0.0308626 0.00372685 0.00366737 6.25001e-07 0.0519264 0.079419 0.00503947 1.03484e-06 
0.695968 0.000460476 3.09117e-07 0.0158492 0.205334 0.00801757 0.0119691 0.000282071 0.00570187 0.0141001 0.00225294 0.000396466 2.36124e-10 0.0342295 0.00523684 0.000192846 8.96194e-06 
0.350081 0.000790262 9.25383e-05 0.0466573 0.136091 0.000907899 0.00632623 0.0840441 0.0705274 0.24118 0.00195119 0.00160376 3.76628e-07 0.02451 0.0272308 0.00799194 1.35256e-05 
0.315825 0.00252172 0.0642157 0.153429 0.0698272 0.000930334 0.0258704 0.000548423 0.0348201 0.00992998 0.00149306 5.39277e-05 4.47517e-06 0.155504 0.165012 1.28339e-05 2.19377e-06 
0.471887 0.00833497 2.34424e-11 0.00421808 0.0165766 0.0295137 0.00117512 0.00927696 0.0726186 0.00448403 0.00030358 0.0162855 4.76086e-07 0.354689 0.0104615 0.000128018 4.73799e-05 
0.441696 0.0540168 3.52982e-07 0.00153695 0.273578 0.00424869 0.000301488 0.00712882 0.173823 0.00971757 6.02924e-05 1.76283e-05 1.17949e-11 0.0236512 0.00793569 0.00225895 2.77204e-05 
0.54427 2.16736e-05 2.16615e-05 2.16848e-05 0.0932763 2.16847e-05 2.1683e-05 2.16803e-05 0.104124 0.127955 0.0282033 2.16622e-05 0.00868891 2.16876e-05 2.1686e-05 0.0824244 0.0108628 
0.283458 3.84354e-05 6.54146e-05 0.19325 0.0287473 0.00530032 0.007013 0.000455396 0.167457 0.0593751 0.0405398 0.000168294 1.82889e-06 0.135197 0.0789318 2.60981e-07 7.07007e-08 
0.689327 2.50405e-05 0.00554831 0.000310236 0.0954082 0.000539931 0.0265365 0.0143346 0.138047 0.0261172 0.00171392 0.000103797 2.53034e-06 0.00133987 0.000623099 1.85523e-05 3.6447e-06 
0.367728 8.609e-06 4.5819e-10 0.00187984 0.258594 0.000731363 0.00214138 0.0017774 0.0275235 0.227139 0.0349208 0.0215785 3.76983e-08 0.0109835 0.00151649 0.0434666 1.07192e-05 
0.353123 0.0156948 1.07498e-05 0.0426483 0.186095 0.0152476 0.0164516 0.00466406 0.0486331 0.0199191 0.00282816 0.0535024 2.63868e-06 0.083583 0.107029 0.0503758 0.000191833 
0.646334 0.000299575 1.97366e-05 0.0203831 0.0892808 0.0116497 0.00520563 0.0046504 0.107009 0.0219245 0.0102912 0.000677227 1.17238e-06 0.0326844 0.0368374 0.0127391 1.34029e-05 
0.531043 0.00015096 3.34631e-08 0.00154582 0.139237 0.00108034 0.00108969 0.157596 0.0772489 0.00120557 8.25171e-05 6.91164e-05 1.41948e-06 0.0737279 0.000298098 0.0156226 1.03149e-06 
0.266487 1.09484e-06 8.92421e-11 0.0600608 0.232269 0.00567928 0.000710176 0.00129257 0.0869247 0.00810297 0.0435657 0.0266417 6.80498e-11 0.183617 0.0845327 1.48727e-11 0.000114967 
0.373256 8.33674e-06 2.02456e-07 0.00637368 0.110642 0.000665151 0.000112815 0.00354069 0.129372 0.148229 1.17101e-06 1.85764e-06 3.58642e-10 0.161047 0.0663413 0.000278777 0.00013054 
0.332579 0.00442618 0.00021082 0.00468739 0.322269 0.000780961 0.00372981 0.142764 0.0525793 0.0292646 0.00354078 0.00300302 4.38774e-06 0.0394096 0.0164875 0.0439581 0.000306136 
0.612722 7.13146e-05 0.000158036 0.120148 0.0816148 0.0131752 0.0208755 0.0407983 0.00964402 0.053125 0.00179144 3.12366e-05 3.35427e-05 0.032494 0.0129231 0.000349341 4.54046e-05 
0.399131 1.27457e-05 1.27386e-05 0.164517 0.272942 0.0165907 1.27513e-05 1.27497e-05 0.0497544 0.0969249 1.27483e-05 1.27391e-05 1.27425e-05 1.2754e-05 1.2753e-05 1.27524e-05 1.27509e-05 
0.592903 0.000485367 0.00710692 8.1179e-05 0.33674 0.00970544 1.18619e-08 0.00970257 0.00758474 0.00210375 0.00119362 1.33373e-07 2.49042e-08 0.0261341 0.00625869 4.82709e-08 4.80976e-12 
0.445448 0.000525608 5.43617e-05 0.0322017 0.268786 0.00213751 0.01994 0.0445785 0.0492499 0.0681845 0.0402234 1.68694e-05 2.02535e-05 0.0254865 0.000930946 0.0022099 6.33136e-06 
0.430807 0.000201763 5.53716e-05 0.00119462 0.363592 0.0124992 0.00106698 0.04143 0.00787606 0.00501857 0.00177021 0.0395421 6.15874e-06 0.0831008 0.00053895 0.0112974 2.53035e-06 
0.509687 0.000668688 0.00264377 0.0955983 0.0022488 0.0336078 0.00482338 0.000505576 0.138449 0.00785364 0.0568441 0.000117441 3.43651e-07 0.10779 0.03693 0.00222459 7.44425e-06 
0.274186 0.00513792 0.00195971 0.00305586 0.152393 0.0104009 0.00606585 0.0328184 0.127683 0.228884 0.0172257 0.00167566 3.0358e-05 0.127446 0.00850252 0.00188002 0.000654767 
0.431932 0.000259748 5.79337e-09 0.0064033 0.260588 0.00784061 0.00115286 0.0455593 0.166005 0.0132538 0.0282799 0.000630273 8.60134e-08 0.0320912 0.000852919 0.00515105 3.4591e-07 
0.301524 0.283918 0.000121611 0.00456302 0.263802 0.00755882 0.00103317 0.0450286 0.0360501 0.00255162 0.000228195 0.000340747 3.68043e-05 0.0265108 0.00355386 0.0231139 6.50833e-05 
0.351582 0.000310133 1.44913e-05 0.00222514 0.324935 0.00180314 0.000289882 0.105365 0.051067 0.0416341 3.5607e-05 4.53852e-05 0.0450899 0.0496545 0.00217152 0.0237744 2.55543e-06 
0.596538 5.54858e-05 2.55629e-05 0.00187144 0.345438 0.00337317 0.00040861 0.0102965 0.035101 0.0015801 9.3853e-09 0.00042465 6.39215e-12 0.000837439 0.00404508 8.77783e-08 4.56259e-06 
0.475059 0.00010865 0.00527469 0.0310668 0.0166506 0.000607975 0.00113344 0.0168599 0.17783 0.00439897 0.0408359 2.80479e-05 5.70063e-10 0.208744 0.0198911 0.00150628 5.46411e-06 
0.363427 0.000421573 8.04731e-05 0.160935 0.0768549 0.048764 0.00866895 0.0157629 0.155881 0.00898686 0.000327656 0.000452629 2.18849e-09 0.107369 0.0514431 0.000616326 9.23433e-06 
0.440067 0.000430311 0.000318754 0.00471406 0.0120519 0.00579405 0.000425699 0.0308979 0.227722 0.00296623 0.0308113 6.32061e-05 1.38665e-07 0.225649 0.0137401 0.00428441 6.32717e-05 
0.639032 0.000343694 2.48797e-06 0.000109206 0.162695 6.80257e-05 3.57753e-07 0.100337 0.0310835 0.0336856 3.20477e-08 3.54931e-07 5.433e-06 0.0149968 0.00919291 0.00844708 1.5363e-07 
0.695968 0.000460476 3.09117e-07 0.0158492 0.205334 0.00801757 0.0119691 0.000282071 0.00570187 0.0141001 0.00225294 0.000396466 2.36124e-10 0.0342295 0.00523684 0.000192846 8.96194e-06 
0.385963 0.0341987 1.21391e-05 0.000760749 0.0921946 0.0272527 0.000447749 0.00382753 0.320435 0.0614384 0.000171238 0.00198838 5.71016e-05 0.0697343 0.000567909 0.000921144 2.95974e-05 
0.312327 2.35488e-10 4.11352e-10 0.0304726 0.259618 0.0638249 0.00627116 0.168139 0.0819992 0.0479502 1.09677e-06 1.36468e-06 0.000105821 0.0292847 3.42711e-06 1.26688e-06 1.05946e-10 
0.71897 0.000182501 3.038e-09 0.00174795 0.104803 0.000566435 0.00108878 0.106512 0.0465765 0.000661578 0.000106403 0.000134521 1.5396e-06 0.0171043 0.000935915 0.000601138 6.2044e-06 
0.285768 0.000870344 6.8871e-05 0.00390668 0.258241 0.0604076 0.0659598 0.0328327 0.0528348 0.00277937 0.00230755 0.000538888 1.17069e-06 0.102239 0.109215 0.0219366 9.24956e-05 
0.853617 0.00115383 5.85144e-05 0.00667085 0.0454208 1.60776e-10 1.97976e-07 0.002905 0.0207286 0.0139866 2.41632e-06 3.37619e-07 5.22115e-08 0.0285034 0.0269517 1.54801e-10 3.02494e-07 
0.579833 0.000669849 4.89456e-06 0.00546511 0.118234 0.00131965 0.000282558 0.0211606 0.064125 0.176168 0.000755616 0.000818001 1.96447e-08 0.0193123 0.0115878 0.000247495 1.68737e-05 
0.386558 0.00189777 1.46611e-10 0.0842919 0.0133263 0.000219013 0.00329228 0.00195667 0.0960649 0.100322 0.155184 0.000482744 0.00118717 0.00677684 0.147423 7.6039e-05 0.000941224 
0.297823 0.0149666 0.189734 0.107573 0.20913 0.000433041 0.00631604 0.0286612 0.0402879 0.00718884 0.00140781 0.000132666 6.6117e-08 0.0124577 0.0496717 0.034157 5.99271e-05 
0.400549 0.0151602 0.000429426 0.0279059 0.0245613 0.0851178 0.00579135 0.00907853 0.0937039 0.0693401 0.000963278 0.000292112 9.01761e-08 0.105141 0.14961 0.00114981 0.0112056 
0.383774 0.00405767 7.14205e-05 0.0316843 0.0965389 0.0119981 0.00267689 0.00533362 0.0591821 0.272674 0.0441434 0.000746618 1.04277e-06 0.0784917 0.00848455 5.17233e-05 8.99369e-05 
0.498656 0.0002855 0.0064735 0.00131947 0.190114 0.00223821 0.000521486 0.0222895 0.178532 0.00564597 0.0036067 5.69213e-06 3.00204e-08 0.00662412 0.00558006 0.0781064 1.26999e-06 
0.908233 3.80293e-05 2.13194e-10 0.00466644 0.0602933 0.000202194 0.00246792 0.00610956 0.00271185 0.00182873 1.96655e-05 1.1009e-07 1.62567e-10 0.00712019 0.000399246 0.00590938 5.06919e-08 
0.443249 3.19285e-05 6.19619e-06 0.27567 0.00017093 0.000825566 0.066655 0.000546736 0.00108033 0.0427008 4.76689e-05 7.46782e-05 0.106569 0.0567496 0.00550427 0.000108717 9.11715e-06 
0.44564 0.000404913 0.00227401 0.0158749 0.396281 0.00301415 0.000477083 0.0489931 0.021165 0.00947447 0.00541456 0.000123741 8.7125e-07 0.0281247 0.00636283 0.0163745 5.95187e-07 
0.478223 2.32676e-07 3.63218e-10 0.0154045 0.0552635 0.0145911 0.0483825 0.000169431 0.0420598 0.0757831 0.000113528 0.0107205 2.76965e-10 0.220581 0.0387071 9.88406e-08 9.35487e-11 
0.489803 0.000143046 0.000105216 0.186583 0.161471 0.000328786 0.000414357 0.000387091 0.0209291 0.0189207 0.0971065 0.0010174 5.28344e-07 0.00443914 0.0183512 1.15473e-07 1.78455e-07 
0.424535 0.0317772 0.00807848 5.38783e-06 0.295292 5.38783e-06 5.38739e-06 0.0371738 0.0754465 0.0194005 5.38616e-06 0.057057 5.3837e-06 0.0511963 5.38813e-06 5.38787e-06 5.38723e-06 
0.271035 6.59071e-05 7.62487e-05 0.0406816 0.0587214 0.0292891 0.0038807 0.00536077 0.22612 2.16958e-05 0.000640475 2.65226e-05 1.56383e-11 0.257999 0.00604124 0.100021 1.96188e-05 
0.804639 0.000187662 4.72838e-08 0.0035664 0.0457851 0.000209129 7.5129e-05 0.00209117 0.0277795 0.074363 0.0111131 0.00142923 1.21839e-09 0.00839982 0.0199503 0.00040977 1.81158e-06 
0.578494 0.000389473 8.77375e-11 0.00140272 0.00817461 0.00028632 9.82651e-05 0.0017691 0.165771 0.000345837 0.000319283 1.35697e-06 4.63124e-08 0.242863 8.38366e-05 2.08715e-07 4.57009e-07 
0.936999 5.02236e-07 3.51645e-11 0.0251026 0.0249918 0.000323674 3.79393e-05 0.0058491 0.000328488 0.00147892 4.12467e-05 1.47739e-08 2.6814e-11 0.000156436 0.00468217 4.38435e-09 7.8469e-06 
0.527418 0.000298461 8.46398e-06 0.0152714 0.332282 0.00825625 0.0109472 0.00179505 0.0290417 0.0105055 0.00159312 0.000228938 2.93773e-10 0.053129 0.00876927 0.000450636 5.18081e-06 
0.666212 0.169892 5.82452e-05 0.000619927 0.0685523 0.00960967 0.00846674 0.0109995 0.00119 9.13152e-05 6.22572e-05 0.00206767 3.27333e-08 0.0279717 0.00138538 0.032731 9.00427e-05 
0.248269 2.97486e-06 5.19649e-06 0.00954614 0.13297 0.0596238 0.000498516 0.104808 0.221518 0.00978194 0.0031334 0.0461804 0.143541 0.0174366 0.00262053 5.72853e-05 7.83505e-06 
0.284547 0.019272 0.0158257 0.0387009 0.206444 0.00586219 0.0078815 0.0251797 0.0949727 0.0331664 0.00453771 0.000214282 4.64198e-07 0.123864 0.133134 0.00598788 0.000410243 
0.524199 7.55243e-05 4.97356e-08 0.00301771 0.219273 0.00244395 0.00103549 0.0375686 0.0249747 0.000859603 1.2383e-05 4.46186e-06 4.90363e-09 0.0187594 0.000559072 0.167216 5.66381e-07 
0.676386 2.66749e-09 1.14059e-08 4.29797e-05 0.0884762 1.43807e-05 4.34952e-09 0.0171831 0.106799 0.00221212 4.35205e-05 9.8849e-06 4.2192e-09 0.105324 4.34174e-05 0.00345483 1.0765e-05 
0.41506 1.59064e-05 1.50476e-10 0.00596521 0.29055 0.000595612 0.0130332 0.000737281 0.13651 0.0135662 0.000506768 1.22313e-07 2.25428e-08 0.0635022 0.00263076 0.0573266 4.70761e-08 
0.268937 0.00112667 0.0386603 0.0597134 0.00458633 0.0478205 0.00154247 0.00108981 0.207337 0.00740877 1.87095e-05 0.00121145 3.60004e-10 0.214473 0.145914 0.000143024 1.75628e-05 
0.259047 8.48345e-05 0.000141688 0.00605573 0.14723 0.0659163 0.0229916 0.100062 0.0903783 0.00168762 0.000570314 0.000773905 3.7735e-11 0.226267 0.0295113 0.0492805 9.87871e-07 
0.81571 0.00332054 1.72697e-05 0.00790367 0.0362711 0.00177495 0.0908178 0.00370883 0.0213939 0.00198006 4.58269e-07 0.00100298 7.26973e-09 0.00887781 0.00365628 0.00331124 0.00025324 
0.615606 4.45862e-05 4.45614e-05 4.46092e-05 0.383725 4.46091e-05 4.46055e-05 4.46001e-05 4.46161e-05 4.46068e-05 4.45954e-05 4.45629e-05 4.4575e-05 4.4615e-05 4.46117e-05 4.46095e-05 4.46042e-05 
0.560704 0.000290228 0.000401025 0.000725876 0.0430428 0.000146434 0.000383085 0.00675885 0.0704518 0.175732 0.000110811 4.52722e-06 4.04771e-09 0.133416 0.00780077 2.01812e-05 1.27227e-05 
0.571555 0.121149 5.19497e-11 5.02691e-05 0.198852 0.00279499 3.2255e-05 0.0399197 0.0206919 0.0119872 4.08839e-08 2.66202e-06 3.96132e-11 0.0303369 0.0025379 6.20705e-05 2.77761e-05 
0.415641 0.00112179 3.51798e-07 0.00345041 0.122685 0.0159787 6.97454e-05 0.303372 0.0604639 0.00740901 3.67485e-05 0.00302835 4.11376e-08 0.0641767 0.00232435 0.000241139 5.14476e-07 
0.550566 0.000603112 3.71887e-08 0.000422513 0.185252 0.00042993 0.000579167 0.00488673 0.0160152 0.152832 0.0273196 0.00758149 6.44319e-08 0.00746848 0.0439499 0.00199496 9.93983e-05 
0.276236 0.00500849 6.14196e-05 0.00260167 0.0067595 0.000955031 0.000548846 0.111168 0.0183464 0.0049971 0.00471834 0.00311894 7.90545e-09 0.083174 0.224062 0.000157904 0.258086 
0.443741 0.000145777 0.00213447 0.00333562 0.355133 0.0131188 0.000162743 0.117206 0.00227573 0.00132441 0.001454 0.00229949 5.88008e-08 0.0539748 0.00195998 0.00173315 3.50865e-08 
0.303182 0.0363922 5.03387e-05 0.0218814 0.0515193 0.117736 0.0576481 0.0251567 0.164786 0.0248219 0.00418383 4.63249e-05 2.47642e-05 0.189293 0.00299583 0.000167779 0.000114584 
0.278747 0.0525641 7.47598e-07 0.0607225 0.10175 0.0119228 0.0108159 0.00913254 0.0293631 0.232517 0.0343534 0.0160732 0.00118118 0.0252938 0.132785 0.00183183 0.000945383 
0.368691 0.0219451 2.01362e-08 0.0050418 0.149739 3.48534e-09 0.00599487 1.63556e-05 0.0775502 0.208822 0.139382 0.00124802 1.53544e-08 0.017028 0.0040035 0.000537691 7.88826e-08 
0.592903 0.000485367 0.00710692 8.1179e-05 0.33674 0.00970544 1.18619e-08 0.00970257 0.00758474 0.00210375 0.00119362 1.33373e-07 2.49042e-08 0.0261341 0.00625869 4.82709e-08 4.80976e-12 
0.416353 0.000486232 1.11329e-09 0.0733022 0.0138868 0.194794 0.000615493 0.00730956 0.193776 0.00419405 0.0110012 1.9994e-05 8.83221e-07 0.0784265 0.00293884 0.00289278 2.15191e-06 
0.177545 0.0368371 1.63622e-06 0.0515979 0.162179 0.0733829 0.0558519 0.0379948 0.0624182 0.145119 0.0149027 1.63628e-06 1.63672e-06 0.117296 0.0470142 0.0137607 0.00409612 
0.696353 0.0058314 0.0117853 0.00601368 0.075877 0.0109617 0.000962989 7.93229e-05 0.0696598 0.0462362 0.011114 5.46993e-05 3.1167e-08 0.00301878 1.22098e-06 0.0620358 1.495e-05 
0.775503 8.1895e-05 0.000473953 0.00607929 0.0281011 0.00305207 9.10658e-05 0.0108508 0.0560352 0.0199886 0.000301285 2.38926e-05 3.76784e-11 0.0708449 0.0279324 0.000632492 7.93671e-06 
0.37099 7.54315e-05 2.08796e-08 0.0124078 0.0149016 0.00172161 0.000692005 0.0184232 0.224123 0.00198428 0.000984878 7.46013e-06 2.36987e-08 0.341366 0.0120339 0.000288321 8.05429e-09 
0.419176 0.00397648 1.29905e-06 0.156196 0.00345054 0.00226811 0.0222198 7.70918e-05 0.059518 0.000756499 0.00107211 4.73104e-05 2.646e-09 0.293634 0.0373158 0.000273671 1.68046e-05 
0.894343 3.6315e-08 3.94313e-07 0.000146008 0.0215071 0.000193596 9.77924e-06 0.000488338 0.00486944 0.0688189 0.00174577 0.00205005 9.15527e-10 0.0057943 3.33708e-05 9.72359e-08 3.09232e-10 
0.699569 0.0351411 2.58578e-05 0.00529054 0.00844751 0.00037166 0.00355411 0.00150047 0.0816617 0.00663663 0.00621635 0.000192002 3.57296e-06 0.135798 0.00993613 0.00548985 0.000165773 
0.825723 0.000233998 7.60508e-09 0.0834816 0.0339823 4.56862e-07 9.59853e-05 0.00450654 0.00262095 0.0064003 5.16155e-08 8.35965e-05 7.13093e-09 0.00455199 0.0383195 4.91661e-08 4.16955e-08 
0.686026 2.00171e-05 1.6558e-10 0.00682556 0.0377159 3.26161e-05 0.00011789 0.00633727 0.188201 0.000305295 0.0566168 8.01975e-05 1.2626e-10 0.0127475 0.00496796 3.85126e-06 2.11153e-06 
0.185398 0.00099577 0.000407487 0.183382 0.147965 0.00434534 0.0106319 0.0864376 0.0490446 0.000583176 0.00167298 0.00138532 6.29074e-08 0.168594 0.156287 0.00285463 1.47593e-05 
0.708357 1.64346e-05 0.00116856 0.00149435 0.129559 0.00518597 0.000187564 0.0494323 0.0367185 0.00049372 0.00110906 1.22755e-05 1.62062e-07 0.044162 0.0145544 0.00753831 1.06948e-05 
0.691709 0.0032612 0.000974061 0.0216096 0.0308523 0.0040804 0.00290081 0.00323233 0.0476357 0.0125888 0.129964 0.000756399 4.24517e-07 0.0296467 0.0190004 0.000814169 0.000973733 
0.366959 0.0112277 0.00204635 0.0163766 0.286927 0.00944351 0.00534882 0.0900286 0.0497444 0.00647165 0.00257515 0.00209079 0.00012235 0.107548 0.0179985 0.0249699 0.00012205 
0.494374 0.000274119 0.000421835 0.0927157 0.0390162 0.00288658 0.0209417 0.000954198 0.16234 0.00347954 0.0148441 0.000334265 1.84201e-08 0.108869 0.05762 0.000788529 0.000140833 
0.512581 0.00506913 0.000129282 0.0199327 0.0486602 2.69003e-05 0.0331402 0.00456203 0.0205986 0.310701 0.0033837 0.0100321 1.06028e-05 0.00431358 0.0248243 0.00102425 0.00101039 
0.71897 0.000182501 3.038e-09 0.00174795 0.104803 0.000566435 0.00108878 0.106512 0.0465765 0.000661578 0.000106403 0.000134521 1.5396e-06 0.0171043 0.000935915 0.000601138 6.2044e-06 
0.589505 0.000145389 9.82638e-09 2.35892e-05 0.0482963 0.000300473 3.89002e-05 0.00981729 0.105273 0.00100382 3.88183e-05 0.000139417 2.53691e-09 0.243352 0.000306817 0.00174985 9.19035e-06 
0.74837 0.000513138 0.00109646 0.0127917 0.0201772 0.00247037 0.00454518 0.00637298 0.0493474 0.00527754 0.00739602 0.00557309 1.33073e-06 0.125406 0.00907813 0.00156156 2.14722e-05 
0.997587 3.58655e-09 4.82491e-12 8.31579e-13 0.000166216 8.35136e-13 1.13582e-12 0.00196579 4.50659e-05 1.60148e-09 5.26829e-11 4.69333e-12 3.67914e-12 0.000236049 6.18063e-13 3.05282e-09 1.24268e-12 
0.485519 0.000223906 7.90407e-09 0.172726 0.0539096 0.000631997 0.000810234 0.267106 0.00116329 0.000240323 3.22323e-09 0.00181681 6.02709e-09 0.00140334 3.63311e-05 0.0144091 4.09093e-06 
0.490885 3.56543e-05 5.72682e-07 0.0051122 0.187775 0.004967 0.00837709 0.00380356 0.0208755 0.234302 0.00390834 1.02291e-05 4.96646e-07 0.0181964 0.00708964 0.0146557 4.76656e-06 
0.293142 0.0309553 1.35117e-06 0.00865237 0.22758 0.00373535 0.063312 0.001711 0.109961 0.166199 0.00512806 1.14835e-05 0.00226586 0.0798964 0.00179514 0.00559446 5.84747e-05 
0.744636 0.000633749 0.00214754 0.00775808 0.139658 0.000222902 0.00437784 0.0370671 0.0257701 0.0117273 0.000161684 0.00172941 4.69388e-06 0.00818457 0.0148361 0.00101914 6.58525e-05 
0.377388 0.000106908 1.19621e-06 0.0172763 0.0481198 2.05517e-07 0.000855461 0.00709832 0.0111725 0.0201198 0.0320259 6.02043e-06 1.53352e-07 0.309596 0.176216 6.40069e-07 1.66291e-05 
0.365744 0.000147139 0.00107877 0.0690878 0.199689 0.0731441 0.00583968 0.0162014 0.093821 0.0760671 0.000556809 0.000610351 0.037986 0.0376945 0.0218426 0.000176575 0.000313909 
0.833825 0.000234491 5.96584e-11 0.0114675 0.0406563 0.0010605 0.000847146 0.060796 0.0122954 0.000956777 0.0194187 0.00229705 1.56894e-05 0.0108308 0.00471587 0.000579551 2.90561e-06 
0.616084 0.00295145 0.00215134 0.00394901 0.23022 0.000922247 0.000916821 0.0266724 0.0543829 0.0238598 0.00412652 0.000218131 4.76647e-06 0.0156286 0.00253176 0.0153407 3.89792e-05 
0.677263 6.89884e-05 8.83879e-06 0.0125733 0.132824 0.00295069 1.40053e-10 0.00501942 0.0313571 0.0369251 1.8276e-06 2.02912e-06 2.8016e-07 0.0848397 0.00276294 0.013403 1.53229e-10 
0.361034 0.00177138 2.70274e-06 0.0020202 0.328468 0.00178692 0.00282973 0.2526 0.0178136 0.00841481 5.68635e-05 0.000154179 6.3177e-07 0.0178807 0.000395885 0.00475976 1.02748e-05 
0.290855 0.00148075 2.38274e-10 0.118776 0.0727669 0.00663791 0.0569569 0.000459634 0.229942 0.104251 0.0821882 0.00529891 6.76169e-08 0.0286469 0.00173929 3.04367e-07 2.18397e-07 
0.606222 0.000761906 0.00179045 0.00158076 0.0525949 0.00822089 0.00198723 0.00165147 0.209921 0.0170738 0.00330294 0.00419059 1.23744e-07 0.00923983 0.0549038 0.0260802 0.000478066 
0.402459 0.0017484 5.40685e-06 0.0188812 0.07842 2.65964e-06 0.176662 0.000144698 0.0111273 0.023517 1.4298e-05 0.000305402 4.98933e-07 0.259507 0.00092202 0.026273 1.03751e-05 
0.352473 6.83621e-05 0.000101293 0.00399727 0.292374 0.00235662 0.0009764 0.128791 0.112212 0.0403577 6.75426e-05 0.000155017 5.37372e-09 0.0288557 0.00723666 0.0298029 0.000173342 
0.76766 0.000102303 0.000105593 0.00574332 0.0772467 0.00169837 0.000117964 0.0207208 0.0168386 0.00375632 0.000614674 2.45434e-05 7.65765e-11 0.0831019 0.0205012 0.00176041 7.70928e-06 
0.804639 0.000187662 4.72838e-08 0.0035664 0.0457851 0.000209129 7.5129e-05 0.00209117 0.0277795 0.074363 0.0111131 0.00142923 1.21839e-09 0.00839982 0.0199503 0.00040977 1.81158e-06 
0.721608 9.23069e-05 3.21419e-05 0.0373421 0.0218444 0.00140826 0.0012559 0.000857947 0.0653727 0.00485835 0.0333247 0.0135906 8.97561e-09 0.0769688 0.0119697 0.00946149 1.30056e-05 
0.501064 1.5266e-09 2.66668e-09 0.00678731 0.087022 4.61572e-10 6.27759e-10 3.09102e-06 0.027046 0.378067 1.08746e-09 2.59396e-09 2.03342e-09 5.52602e-06 3.58712e-06 4.44417e-10 8.9355e-07 
0.596866 9.31864e-05 6.84638e-06 0.0112302 0.119355 0.043575 0.000232346 0.0136016 0.0458614 0.142535 1.72505e-05 9.40954e-06 6.5781e-08 0.0254469 0.000794827 0.000374647 5.60378e-07 
0.542714 0.000204001 4.17879e-08 0.0180131 0.0135517 0.0147856 0.00314179 0.00127413 0.215687 0.0604411 0.0235463 0.000317318 3.8903e-08 0.0354818 0.0694458 0.00120394 0.000192442 
0.74816 0.00243229 2.23802e-05 0.0300781 0.0411018 0.00278568 0.0100252 0.0032892 0.0118186 0.0843858 0.00693311 0.000450112 1.30557e-05 0.0435838 0.00982354 0.00505931 3.81397e-05 
0.419326 0.00394977 6.39277e-07 0.165942 0.00344782 0.00226463 0.012431 7.62689e-05 0.0595073 0.000754849 0.00106779 4.59431e-05 1.37794e-09 0.293596 0.0373016 0.000272734 1.53608e-05 
0.59888 1.05148e-06 1.94864e-09 0.123895 0.179221 2.7966e-06 8.95914e-07 0.00305037 0.0271735 0.00218628 0.0185654 1.8955e-09 2.13632e-05 0.00717034 1.13621e-05 0.03982 5.76795e-07 
0.265222 0.00105575 2.36454e-06 0.132435 0.118974 0.05169 0.0123427 0.020466 0.0538154 0.14656 0.00778671 0.000441257 2.48241e-07 0.156698 0.0311289 0.00130393 7.96816e-05 
0.85309 8.48885e-06 5.50265e-09 0.0409382 0.00982341 0.0503688 3.40709e-06 0.000631458 0.00572998 0.00157129 0.00155343 5.35259e-09 7.72385e-08 0.0338248 0.00242345 3.31174e-05 1.20447e-07 
0.390701 0.00864624 1.3389e-06 0.0169563 0.0415798 0.00571067 0.00612738 0.030293 0.224345 0.00673328 6.13946e-05 0.000380273 9.00325e-08 0.253198 0.0146305 0.000205793 0.000429968 
0.641984 0.00102897 0.000355911 0.0742914 0.0204074 0.00333579 0.0010099 0.0017218 0.0238065 0.000617796 0.00296428 0.000144928 8.48857e-11 0.217377 0.0108743 7.60411e-05 4.45427e-06 
0.445126 0.000365657 0.0001219 0.0107574 0.221915 0.000932661 0.000740176 0.188696 0.054859 0.0322915 3.52189e-06 4.16218e-05 0.00385725 0.0281648 0.00790649 0.00421692 4.12859e-06 
0.599546 3.5921e-06 8.30448e-07 0.0777702 0.0572313 0.0114847 0.00227453 0.0306826 0.045664 0.0118367 0.00423923 0.000300489 9.11204e-10 0.143859 0.00158236 0.0134394 8.54769e-05 
0.397097 0.00383352 0.000396128 0.310909 0.0122405 0.00746205 0.0100531 0.00897667 0.0529808 0.0262119 0.00199691 8.24337e-05 7.44643e-08 0.10164 0.0659019 0.000146035 7.10485e-05 
0.648276 0.0017773 4.42972e-06 4.43447e-06 0.171194 4.43447e-06 4.43411e-06 0.062961 0.00843121 0.0536586 0.00621079 4.42987e-06 0.00354929 4.43504e-06 0.0110912 0.0328197 4.43397e-06 
0.461614 0.0209729 3.51244e-05 0.0273574 0.0308609 0.0079353 0.00909298 0.000894996 0.18558 0.0463925 0.025621 0.0151142 6.82559e-06 0.109061 0.0536603 0.00578538 1.56154e-05 
0.916068 8.96284e-05 8.40136e-10 0.00400899 0.0526612 1.86435e-07 0.000217674 0.00269963 0.0039801 0.0113485 9.55636e-06 8.17226e-10 6.40629e-10 0.000548874 0.00836699 2.80721e-07 1.00179e-07 
0.472234 0.00170772 0.00468826 0.0200194 0.201048 0.00349205 0.000741943 0.0143852 0.0467395 0.00402498 0.00215498 0.0400048 2.11336e-11 0.175761 0.011876 0.00112082 1.50812e-06 
0.486894 7.72015e-05 0.00303049 0.070929 0.0950724 0.0032097 0.00108944 0.00552795 0.100278 0.0062972 0.0179255 0.00168753 4.8824e-11 0.151905 0.053632 0.00243891 5.33116e-06 
0.732314 0.000800275 1.80571e-07 0.000182229 0.0897985 0.000147482 5.11582e-05 0.0923517 0.00696431 0.057862 0.000224292 7.25162e-05 2.05864e-08 0.00246663 0.000502738 0.0162612 9.51971e-07 
0.907342 5.3956e-05 1.0122e-05 0.00472257 0.0138445 0.000225491 0.00108019 0.000122395 0.00621275 0.0411535 0.00403869 0.000776774 0.00189866 0.00570633 0.0123951 0.000346931 6.99915e-05 
0.445589 0.00732076 9.35915e-08 0.330024 0.0321429 0.00847734 0.000833074 0.00202117 0.0632548 0.0688678 0.000287405 0.00284989 8.69189e-08 0.0321745 0.00589327 9.10721e-05 0.000173585 
0.605098 5.52082e-06 0.00211741 0.0292368 0.15177 0.0207094 0.000343469 0.0191187 0.0321477 0.0151397 0.000135239 0.000852494 3.18856e-05 0.0797133 0.0341762 0.0092177 0.000186266 
0.859478 0.00411655 3.2586e-06 0.00335837 0.0284368 0.000592515 0.00320532 0.0355526 0.0362644 0.00252725 1.75644e-05 6.34711e-05 4.77905e-08 0.0211469 0.00501825 6.6961e-05 0.000151974 
0.282312 0.00137626 0.000852707 0.00347564 0.277818 0.0340645 0.000147131 0.0197356 0.197627 0.00944985 0.0035289 0.000250632 5.95369e-11 0.0601395 0.107272 0.00194972 2.01094e-11 
0.406043 0.000798611 0.000161586 0.00678038 0.0313233 0.0267487 0.00336009 0.00419364 0.374921 0.0139658 0.00485246 0.000350564 2.98054e-05 0.103305 0.0135344 0.00947774 0.00015341 
0.396557 0.00294111 0.000838383 0.00264143 0.216511 0.00218893 0.000881703 0.232533 0.0327867 0.0113781 0.000528544 0.00308433 4.95699e-06 0.0261497 0.0112637 0.0595135 0.000198251 
0.71897 0.000182501 3.038e-09 0.00174795 0.104803 0.000566435 0.00108878 0.106512 0.0465765 0.000661578 0.000106403 0.000134521 1.5396e-06 0.0171043 0.000935915 0.000601138 6.2044e-06 
0.894343 3.6315e-08 3.94313e-07 0.000146008 0.0215071 0.000193596 9.77924e-06 0.000488338 0.00486944 0.0688189 0.00174577 0.00205005 9.15527e-10 0.0057943 3.33708e-05 9.72359e-08 3.09232e-10 
0.596261 3.14934e-05 1.14362e-05 0.0241616 0.00843161 0.00269249 0.0221365 0.0125676 0.162845 0.00142565 0.00486633 0.000167384 2.04074e-06 0.0619873 0.0921242 0.000660533 0.00962729 
0.614144 0.0003322 5.8203e-06 0.00038169 0.198556 0.000187424 5.21907e-05 0.0351588 0.123258 0.0184765 5.06752e-05 0.000239372 7.285e-09 0.00551205 0.00354869 8.93987e-05 6.40838e-06 
0.560704 0.000290228 0.000401025 0.000725876 0.0430428 0.000146434 0.000383085 0.00675885 0.0704518 0.175732 0.000110811 4.52722e-06 4.04771e-09 0.133416 0.00780077 2.01812e-05 1.27227e-05 
0.518117 2.08613e-06 1.01317e-05 0.000846607 0.139522 0.000734324 0.000640809 0.0879756 0.0890992 0.000439981 0.000296434 5.87508e-05 5.31918e-09 0.067118 0.054614 0.0404638 6.07581e-05 
0.401683 0.0302137 0.000729677 0.00201552 0.255171 0.0339747 0.00225912 0.0383494 0.0623987 0.0182694 0.0173601 0.0274648 2.12575e-10 0.100125 0.00721961 0.00274184 2.47425e-05 
0.755995 0.00299522 5.39838e-07 0.046644 0.0186309 0.016834 0.000943929 0.00283671 0.0459723 0.00268068 0.0105516 0.000592627 5.32862e-09 0.0695233 0.0202607 0.0054955 4.26179e-05 
0.393915 1.47138e-05 1.4919e-05 0.0140567 0.0242678 0.00415252 0.00287309 0.00143958 0.295022 0.000451103 0.00228047 0.00015008 0.00129727 0.241683 0.0129302 0.00525469 0.000197468 
0.883531 3.97234e-06 3.40019e-06 0.000246494 0.000177495 1.78369e-05 0.000332142 0.000181414 0.0867293 0.0199317 3.14713e-06 0.000935044 8.11815e-07 0.000109652 0.00776989 2.55601e-05 1.6231e-06 
0.456214 0.00012214 0.00145711 0.0272401 0.171711 0.0018542 0.0061669 0.0154737 0.109407 0.0359588 0.0559123 0.0002647 1.22026e-07 0.0633978 0.0467449 0.00783631 0.000238578 
0.712642 0.00499407 4.13954e-12 0.00839991 0.108546 0.00123239 5.19408e-08 0.0201216 0.0559685 0.0528528 0.00216709 4.75185e-08 1.16823e-08 0.0264716 0.00534319 0.00125975 1.88819e-07 
0.622611 2.16894e-07 3.96532e-07 3.01731e-05 0.0453526 0.000142809 0.000391502 0.00167194 0.0310174 0.00449095 0.171888 1.00148e-09 7.85067e-10 0.0960344 0.00284983 0.0235179 2.65051e-08 
0.249782 0.0043911 0.000161461 0.0314655 0.249679 0.0110922 0.00338932 0.135591 0.0919384 0.0736394 0.0263116 0.00596214 0.00108017 0.0806623 0.00857158 0.0261615 0.000120696 
0.809068 0.000122514 5.65241e-05 0.00546958 0.0748825 0.00500622 8.97856e-05 0.00172553 0.0187491 0.0723074 0.00021727 1.77965e-06 3.40302e-06 0.0122688 2.18903e-05 9.36652e-06 4.71207e-07 
0.723382 0.00382595 9.01767e-05 0.00533019 0.0392327 0.00343828 0.00348869 0.007304 0.0817275 0.00617344 0.00287401 0.000821024 1.51036e-05 0.0893137 0.0325886 0.000358968 3.5752e-05 
0.202764 0.00755094 0.000153629 0.0484811 0.0979041 0.171466 0.0472282 0.0323097 0.155678 0.0971274 0.00538429 0.000773472 4.72056e-05 0.0471217 0.0707037 0.014753 0.00055288 
0.312327 2.35488e-10 4.11352e-10 0.0304726 0.259618 0.0638249 0.00627116 0.168139 0.0819992 0.0479502 1.09677e-06 1.36468e-06 0.000105821 0.0292847 3.42711e-06 1.26688e-06 1.05946e-10 
0.276236 0.00500849 6.14196e-05 0.00260167 0.0067595 0.000955031 0.000548846 0.111168 0.0183464 0.0049971 0.00471834 0.00311894 7.90545e-09 0.083174 0.224062 0.000157904 0.258086 
0.721049 0.000976073 8.92188e-05 0.0112378 0.0190112 0.00227622 0.000969953 0.00410572 0.0537445 0.011429 0.00113045 8.71688e-05 5.52818e-11 0.143225 0.0302534 7.62155e-05 0.000339122 
0.853965 4.15061e-06 6.80992e-08 1.08319e-05 2.74498e-05 0.0278417 1.60311e-08 3.2099e-05 0.00580498 0.103412 9.5519e-06 9.27173e-05 0.00876603 2.51706e-05 1.14718e-06 6.59031e-06 1.75393e-08 
0.820987 0.00623115 0.00362858 0.0411559 0.00110474 0.00152244 0.00221294 0.0709973 0.0141762 0.00606481 0.00616476 5.3471e-07 4.19163e-07 0.0220056 0.00359127 9.16105e-08 0.000155878 
0.592903 0.000485367 0.00710692 8.1179e-05 0.33674 0.00970544 1.18619e-08 0.00970257 0.00758474 0.00210375 0.00119362 1.33373e-07 2.49042e-08 0.0261341 0.00625869 4.82709e-08 4.80976e-12 
0.426894 0.00164107 0.00514204 0.0300974 0.077097 0.0125048 0.0010241 0.0132038 0.0570353 0.134633 0.0352661 0.000513472 3.14839e-06 0.0617323 0.0753628 0.0677726 7.74606e-05 
0.46816 0.00163178 3.52912e-07 0.0382086 0.011936 0.00802652 0.000394718 0.000930646 0.131025 0.00565458 0.0840935 1.07422e-05 2.70124e-06 0.0381318 0.210525 0.00123589 3.15381e-05 
0.474371 5.80086e-06 0.000171558 0.00432288 0.117808 0.00339271 0.000472283 0.0307622 0.136606 0.0494377 1.66334e-05 0.0065165 1.12475e-07 0.0989727 0.076151 0.000750071 0.000243805 
0.602879 5.19981e-07 3.09813e-06 0.00336474 0.181163 0.0278981 6.04349e-05 0.0176013 0.0167603 0.0884781 0.000264751 0.0223859 7.22419e-07 0.0164848 0.00066647 0.0219886 1.19419e-07 
0.447438 7.27469e-05 0.000354905 0.0288447 0.146545 0.0147461 0.00258719 0.0135175 0.085887 0.22503 0.00381817 6.79808e-05 0.00451827 0.0215527 0.00494253 1.12605e-05 6.48878e-05 
0.949583 1.21018e-05 1.3022e-06 0.00576063 0.0210063 0.000296281 5.12826e-06 0.00044836 0.00413614 0.00254734 0.00149147 0.000405638 1.14297e-10 0.0111025 0.00249821 0.000705072 9.92959e-07 
0.592903 0.000485367 0.00710692 8.1179e-05 0.33674 0.00970544 1.18619e-08 0.00970257 0.00758474 0.00210375 0.00119362 1.33373e-07 2.49042e-08 0.0261341 0.00625869 4.82709e-08 4.80976e-12 
0.721606 0.000178695 8.79795e-07 0.00618357 0.117789 0.0162477 0.00043131 0.0245531 0.000539084 0.100525 0.00246606 3.07173e-05 2.50219e-06 0.00573084 0.00192705 0.00174098 4.72202e-05 
0.237017 0.00193451 2.92386e-07 0.0349697 0.0922317 0.150425 0.0517428 0.00323902 0.22188 0.0118227 0.0439524 0.000194037 6.5435e-09 0.147358 0.0030378 0.000182106 1.26734e-05 
0.661925 3.25982e-07 5.69426e-07 0.0164166 0.000382735 0.000420658 1.34048e-07 1.88528e-07 0.000359844 0.31876 0.000518402 5.38228e-05 4.34205e-07 0.000317296 7.29426e-08 9.4898e-08 0.000843605 
0.571555 0.121149 5.19497e-11 5.02691e-05 0.198852 0.00279499 3.2255e-05 0.0399197 0.0206919 0.0119872 4.08839e-08 2.66202e-06 3.96132e-11 0.0303369 0.0025379 6.20705e-05 2.77761e-05 
0.276236 0.00500849 6.14196e-05 0.00260167 0.0067595 0.000955031 0.000548846 0.111168 0.0183464 0.0049971 0.00471834 0.00311894 7.90545e-09 0.083174 0.224062 0.000157904 0.258086 
0.546078 0.000181202 2.36199e-06 0.0132757 0.0735273 0.00673681 0.000759533 0.0514373 0.143609 0.017958 0.000350705 3.42647e-06 7.36333e-08 0.117776 0.0210826 0.00720942 1.2549e-05 
0.340713 7.2805e-05 0.000155307 0.00105519 0.106298 2.35203e-05 6.14731e-08 2.53373e-06 0.336569 0.00047361 0.041343 1.3619e-08 1.02528e-11 0.172766 2.46841e-08 0.000523859 4.5588e-06 
0.509263 0.000765406 1.50575e-06 0.00153558 0.303956 0.00691663 0.00324379 0.00228164 0.0324211 0.00493456 0.00660599 8.12875e-05 1.74371e-08 0.097838 0.0153393 0.0148119 4.33416e-06 
0.255394 0.00135046 8.63734e-10 0.0282213 0.126623 0.00171773 0.00325831 0.0156065 0.168128 0.157398 0.020074 0.002721 6.19152e-08 0.0790837 0.139532 0.000247036 0.000644128 
0.668796 0.0012189 4.3101e-08 0.000277101 0.116113 0.00022427 7.628e-05 0.141051 0.00310136 0.0447975 0.000340058 0.000108043 4.73831e-09 0.00375619 0.000766538 0.0193719 1.28459e-06 
0.415533 1.21996e-05 7.71327e-08 1.10529e-05 0.19377 0.00128423 0.000919527 0.264186 0.0418815 0.00108524 3.98061e-07 1.84394e-06 3.58856e-07 0.0484275 0.000381098 0.0325053 5.30992e-07 
0.43099 0.171285 0.000592368 0.000928283 0.202722 0.0144096 0.0112519 0.0164969 0.005202 6.47808e-06 0.000995964 0.00309725 2.56986e-08 0.11898 0.00125346 0.0216539 0.000134592 
0.910519 1.76173e-05 1.14051e-06 2.66646e-05 0.0104957 3.5077e-05 2.56867e-05 0.03889 0.0184623 0.0161054 5.30015e-05 1.00754e-06 7.23421e-09 0.00503158 2.30315e-05 0.000312028 1.22152e-06 
0.287829 3.49771e-05 7.04988e-10 0.0439956 0.020158 0.000252902 0.00103669 0.0911831 0.110671 0.00127926 0.0128606 0.284974 5.37575e-10 0.13874 0.00548887 0.00103316 0.000463105 
0.482448 0.00211968 5.51457e-07 0.00599054 0.007576 0.00911585 0.00108337 0.00482522 0.0337416 0.0532043 0.00494989 0.216688 0.00143634 0.173551 0.00161289 0.00162818 2.80955e-05 
0.475646 0.000255631 1.09928e-05 0.063169 0.0567284 0.00231413 0.00349245 0.0115586 0.234963 0.0223592 0.0193599 0.000895315 1.9085e-05 0.0337545 0.0688954 0.00635828 0.000220858 
0.390849 0.00594244 2.6495e-05 0.00176779 0.126447 0.00660896 0.00844454 0.0305856 0.0272438 7.97163e-08 0.000933968 0.0031636 1.15168e-08 0.378377 0.0189056 2.36083e-06 0.000701228 
0.491724 0.0060874 1.98029e-07 0.00960207 0.0138669 0.00147806 8.35387e-05 0.00142618 0.0731408 0.00277625 0.0054649 7.63373e-08 7.74943e-10 0.388926 0.00542325 1.12956e-07 1.73516e-07 
0.830756 5.71282e-07 9.37243e-06 0.000285274 0.0173644 5.40614e-05 0.00178477 0.0183247 0.079024 0.000323592 3.78005e-06 2.49275e-06 5.7961e-10 0.0518211 0.000245492 8.20662e-07 2.08586e-08 
0.298683 2.84304e-05 0.00230106 0.00483277 0.215129 0.0148723 0.00128872 0.0751941 0.125854 0.133007 0.000728335 0.000134847 0.00306882 0.112429 0.00927862 0.00315632 1.31694e-05 
0.551171 2.13572e-07 7.55658e-07 0.00358355 0.150287 1.28285e-07 0.000146646 0.254999 0.0125783 0.0178948 4.06761e-08 3.88226e-06 4.87811e-11 0.00611526 3.44402e-07 0.00321329 4.68719e-06 
0.673221 3.30362e-05 3.52886e-08 0.000193557 0.0927909 0.000545267 0.00125552 0.168112 0.0431175 0.000671684 2.11502e-06 1.82751e-05 1.4905e-07 0.017752 0.000891858 0.00139022 5.2807e-06 
0.37099 7.54315e-05 2.08796e-08 0.0124078 0.0149016 0.00172161 0.000692005 0.0184232 0.224123 0.00198428 0.000984878 7.46013e-06 2.36987e-08 0.341366 0.0120339 0.000288321 8.05429e-09 
0.33945 1.41332e-06 6.3744e-06 0.00391565 0.263645 0.00459581 0.00645473 0.0136763 0.146286 0.0662791 0.0919612 2.12703e-07 1.07182e-09 0.0143988 0.0485961 0.000670572 6.32864e-05 
0.36538 0.00149215 1.94749e-08 0.0226775 0.235656 0.000415171 0.00314596 0.0411015 0.0430124 0.247053 0.00530986 9.01928e-05 0.000127542 0.0250076 0.00676583 0.00276142 3.93947e-06 
0.533772 0.000256424 2.10854e-09 0.0103931 0.083623 0.0185271 0.106416 0.00627074 0.143548 0.00801528 0.0504114 0.0151581 8.47484e-06 0.0203698 0.0030186 0.000212387 5.43065e-10 
0.699644 0.000182588 6.16242e-09 0.00174811 0.10928 0.000566519 0.00108895 0.119974 0.0449778 0.000661682 8.28582e-05 9.76108e-05 1.55094e-06 0.0207274 0.000365941 0.000601225 2.30105e-07 
0.723382 0.00382595 9.01767e-05 0.00533019 0.0392327 0.00343828 0.00348869 0.007304 0.0817275 0.00617344 0.00287401 0.000821024 1.51036e-05 0.0893137 0.0325886 0.000358968 3.5752e-05 
0.213726 0.000109027 0.000803348 0.0340875 0.0712198 0.0996027 0.00452416 0.00896974 0.193572 0.0666258 0.00221394 0.00208642 1.77814e-05 0.144865 0.155849 0.00157093 0.000157231 
0.367492 0.000321402 0.00997613 0.0038369 0.0331683 0.00170922 0.0108214 0.00873885 0.351608 0.0196201 0.00418427 0.000119472 0.000103355 0.169141 0.0115866 0.00751668 5.58794e-05 
0.894343 3.6315e-08 3.94313e-07 0.000146008 0.0215071 0.000193596 9.77924e-06 0.000488338 0.00486944 0.0688189 0.00174577 0.00205005 9.15527e-10 0.0057943 3.33708e-05 9.72359e-08 3.09232e-10 
0.493736 0.00767338 8.39647e-08 0.204158 0.0295245 0.00337463 0.00275461 0.00621123 0.0292171 0.112623 0.0043355 0.00176257 6.40256e-08 0.0214161 0.0832002 1.39932e-08 1.40849e-05 
0.886721 0.00113182 4.45228e-10 0.0158328 0.0478168 0.00030891 0.000206165 0.00132623 0.023117 0.0108718 0.00178558 1.12838e-05 1.31011e-07 0.00418746 0.00666126 1.56137e-07 2.16495e-05 
0.373614 0.00080507 7.51634e-09 0.0287204 0.0255907 0.00392347 0.0121079 0.0228545 0.184648 0.00295407 0.0297489 0.000128034 0.000108336 0.286895 0.0274282 0.000382308 9.09795e-05 
