0.00629781 0.0059216 0.0022449 0.0464285 0.0120867 0.0017994 0.0251801 7.01571e-05 0.0990471 0.0278261 0.659496 0.0156414 1.16071e-08 0.0055044 0.0923696 8.62917e-05 2.3299e-07 
0.00082809 1.22513e-05 3.68905e-06 0.133518 0.00360991 0.00136848 0.000926053 1.30474e-05 0.13074 3.28665e-05 0.571345 1.42364e-05 2.39237e-08 0.00364506 0.151915 9.03653e-06 0.00202021 
0.0462229 3.22372e-05 0.00155741 0.0171274 0.028423 0.00487622 0.000538861 0.000309758 0.0198403 0.00886361 0.826202 0.00171108 2.20994e-09 0.00526817 0.0387997 0.000223339 3.82701e-06 
0.00333232 0.00230391 4.84111e-06 0.00861244 0.00237235 0.0105408 0.0021721 0.00049849 0.0263661 0.0617981 0.86698 9.13211e-05 2.01076e-08 0.00226587 0.0125785 7.83368e-08 8.24155e-05 
0.000415686 1.16331e-05 2.03208e-05 0.000205352 1.75268e-06 3.5173e-06 4.28885e-05 1.93377e-05 1.1181e-06 0.000741914 0.998177 1.97667e-05 1.54952e-05 8.67432e-06 0.000272156 3.38657e-06 3.95663e-05 
1.06194e-05 1.25814e-05 0.000533005 0.0147989 3.79672e-06 0.0464921 0.000305495 2.52396e-05 0.0476071 0.00246057 0.654528 4.4666e-07 3.5014e-07 0.00235411 0.230849 3.09201e-06 1.53508e-05 
0.00126046 0.00019845 3.7935e-05 0.014166 0.124621 0.00516493 0.00398386 0.000398862 0.0664112 0.226023 0.332036 0.0558668 2.68575e-07 0.0799883 0.0268476 0.000585024 0.0624108 
0.00239367 0.00091785 1.84333e-07 0.00603498 0.0162798 0.00370166 0.000294344 0.000650578 0.112306 0.0461144 0.791608 4.76059e-06 8.43884e-08 0.000186534 0.0194493 4.74114e-05 1.13643e-05 
0.00508239 0.00125338 4.06409e-06 0.00601049 0.0186244 0.00451377 0.000360885 0.00084947 0.123606 0.0533271 0.762209 4.00565e-05 1.14594e-06 0.000295716 0.0237503 5.1105e-05 2.05594e-05 
0.00239367 0.00091785 1.84333e-07 0.00603498 0.0162798 0.00370166 0.000294344 0.000650578 0.112306 0.0461144 0.791608 4.76059e-06 8.43884e-08 0.000186534 0.0194493 4.74114e-05 1.13643e-05 
0.000185048 9.6807e-05 4.70622e-05 0.0250582 0.00709458 0.00138625 0.00308221 5.95324e-05 0.130428 0.0172289 0.757281 2.97086e-05 6.3446e-06 0.0332418 0.00892544 0.0158426 6.31873e-06 
0.0679048 3.85915e-06 6.07119e-05 0.046082 0.0468696 0.00139415 0.0438774 1.6711e-06 0.0675417 0.0254239 0.627101 6.58861e-06 3.30862e-07 0.0120443 0.0452101 4.58867e-06 0.0164733 
0.0423693 2.283e-05 0.00164356 0.186396 0.0546869 0.027811 0.063508 0.00181255 0.0766825 0.0336127 0.409707 0.000646094 1.00187e-07 0.0289233 0.0674376 0.00334271 0.0013986 
0.0679048 3.85915e-06 6.07119e-05 0.046082 0.0468696 0.00139415 0.0438774 1.6711e-06 0.0675417 0.0254239 0.627101 6.58861e-06 3.30862e-07 0.0120443 0.0452101 4.58867e-06 0.0164733 
0.02135 0.000641095 2.7439e-05 0.0628584 0.00953866 0.0199419 0.0468419 5.12492e-05 0.191097 0.0326631 0.300344 3.11929e-07 1.26536e-06 0.0507644 0.26353 0.000347571 1.45238e-06 
0.000545044 0.00211762 8.3977e-06 0.0453105 0.0715516 0.00213786 0.000662168 0.00139901 0.0199072 0.381817 0.423062 0.000498933 2.6214e-05 0.0264517 0.0232891 0.000270804 0.000944514 
0.00721877 5.38917e-07 1.77782e-07 0.0938542 0.0291544 0.00430178 9.11519e-06 0.000860477 0.0252679 0.00625666 0.784747 1.38359e-07 3.83639e-08 0.0152268 0.0325159 0.000491751 9.44867e-05 
0.00239367 0.00091785 1.84333e-07 0.00603498 0.0162798 0.00370166 0.000294344 0.000650578 0.112306 0.0461144 0.791608 4.76059e-06 8.43884e-08 0.000186534 0.0194493 4.74114e-05 1.13643e-05 
0.0534121 0.00048325 1.61862e-05 0.0501739 0.0381103 0.0174493 0.0170327 0.00162692 0.0549573 0.00699276 0.411308 0.0145127 4.15106e-05 0.138445 0.191587 3.10435e-05 0.00381995 
0.00822064 1.94182e-05 3.47027e-05 0.114136 0.0190928 0.0582692 0.0104507 0.000327217 0.231389 0.0142242 0.321894 0.000912387 1.91692e-06 0.064857 0.148653 0.000741426 0.00677569 
0.00239367 0.00091785 1.84333e-07 0.00603498 0.0162798 0.00370166 0.000294344 0.000650578 0.112306 0.0461144 0.791608 4.76059e-06 8.43884e-08 0.000186534 0.0194493 4.74114e-05 1.13643e-05 
0.00291425 0.00196363 1.31574e-05 0.202983 0.0243856 0.000256651 0.0311155 2.83279e-05 0.075335 0.0138779 0.533131 5.7001e-05 0.00991164 0.10118 0.00245433 0.000365369 2.8266e-05 
0.00144214 0.00849761 0.0167097 0.0943157 0.0176153 0.00126861 0.0398166 0.000589462 0.126825 0.00244175 0.480226 0.00152162 4.98164e-07 0.0617171 0.11879 0.0282212 2.08884e-06 
0.00923878 0.00555031 2.46061e-05 0.0691693 0.0184185 0.0111366 0.00253769 0.00360582 0.067617 0.148124 0.579469 0.000212279 2.20652e-05 0.00618352 0.074465 0.00407847 0.000147289 
0.00322644 0.00890234 2.35932e-06 0.00619848 0.00332983 0.00224412 0.00107805 0.000135646 0.11245 0.0302192 0.546244 0.0011795 1.34954e-07 0.0107008 0.274055 7.20239e-06 2.60348e-05 
0.0216439 1.08496e-05 1.23391e-05 0.164772 0.0270739 0.0643964 0.0124908 0.000198164 0.156103 0.158621 0.265604 0.00348363 6.54536e-08 0.06747 0.0489316 0.00476359 0.00442428 
0.000114827 0.000733631 0.00013095 0.0461865 0.00099992 0.00250418 0.017373 3.90854e-05 0.0279456 0.0781783 0.678794 1.41579e-05 3.20115e-07 0.0115042 0.135479 2.67714e-06 1.08123e-07 
0.0095349 1.68832e-05 0.000448495 5.18936e-05 0.00112377 0.00309684 0.0073223 1.54186e-05 0.00814198 0.00212218 0.94559 9.04454e-05 0.000608555 0.00309269 0.0182658 0.000398057 7.94974e-05 
0.0116504 0.00384601 9.45874e-05 0.0455899 0.0102678 0.0104061 0.00888193 0.000574444 0.107955 0.0253921 0.644531 0.0164113 1.13047e-06 0.0651312 0.0489398 0.0002996 2.74689e-05 
0.128012 0.000456434 5.76248e-05 0.024565 0.0599723 0.00362268 0.0112891 0.0074889 0.113447 0.0285681 0.511664 0.00206392 7.49213e-09 0.072819 0.0308529 0.00505391 6.68173e-05 
0.00347996 0.00429752 4.28021e-05 0.00251522 0.00216792 0.00542366 0.00167609 0.000330086 0.0687155 0.142594 0.704901 0.000116702 6.91472e-07 0.0321452 0.0315842 3.02464e-06 6.78576e-06 
0.00239367 0.00091785 1.84333e-07 0.00603498 0.0162798 0.00370166 0.000294344 0.000650578 0.112306 0.0461144 0.791608 4.76059e-06 8.43884e-08 0.000186534 0.0194493 4.74114e-05 1.13643e-05 
0.0118015 0.000168154 1.55734e-06 0.14337 0.0043782 0.00263438 0.000396966 0.000138845 0.182801 0.0859163 0.336335 0.0857571 8.17567e-10 0.111418 0.0348826 1.78684e-10 3.47831e-07 
2.01289e-05 1.64263e-08 5.97183e-05 0.00874364 0.00215555 5.73593e-06 3.34727e-05 1.1374e-05 0.143501 0.00529474 0.396178 9.77872e-06 2.18797e-08 0.129168 0.314811 3.4725e-06 4.58418e-06 
0.00969549 0.00614181 0.00760571 0.163625 0.119896 0.0155506 0.0516562 0.00382042 0.223289 0.0323233 0.264771 0.00488015 0.00224172 0.0264911 0.0592822 0.00846164 0.000268605 
0.0102341 0.000570286 0.30759 0.111249 0.000616531 0.00141317 0.00643075 2.44302e-05 0.0575 0.000880316 0.454799 0.000271667 2.29385e-08 0.0266144 0.0218057 7.18143e-07 7.74779e-09 
0.0263793 1.57212e-05 8.1477e-11 0.0305609 0.0555092 0.051852 0.0036945 0.0013642 0.244448 0.0916443 0.461439 0.00338564 0.000280923 0.0111332 0.0145107 0.00364865 0.000133713 
0.00239367 0.00091785 1.84333e-07 0.00603498 0.0162798 0.00370166 0.000294344 0.000650578 0.112306 0.0461144 0.791608 4.76059e-06 8.43884e-08 0.000186534 0.0194493 4.74114e-05 1.13643e-05 
0.00786427 0.000311182 0.000874947 0.210183 0.00944 0.00551217 0.0101733 0.000778402 0.104158 0.0437408 0.303209 0.000720406 2.18403e-08 0.024888 0.254053 0.00337541 0.0207183 
0.0103612 0.0905469 0.000431905 0.151902 0.00412471 0.00316337 0.0337503 1.88496e-05 0.111477 0.120978 0.354324 0.000886337 0.00026524 0.021433 0.0905096 0.00558256 0.000244673 
0.03249 0.00031897 2.78696e-09 0.0185236 0.0420992 0.134107 0.221607 0.00426095 0.168972 0.00827778 0.256472 5.42219e-05 2.12514e-09 0.04963 0.0142073 0.0489719 8.01319e-06 
0.0194148 0.00200952 4.57303e-05 0.0850838 0.0216976 0.00637841 0.00718442 0.00292215 0.0738161 0.0636285 0.604541 0.000387869 6.45544e-08 0.0600104 0.0423165 0.00671703 0.00384582 
0.0239943 0.00285826 9.17539e-06 0.108887 0.0697577 0.0152462 0.150594 0.00661638 0.183224 0.0300939 0.281065 3.02516e-06 5.89005e-08 0.114139 0.0133236 0.000113883 7.47514e-05 
0.00127902 0.0071503 0.000339581 0.00276083 0.0100244 0.0301103 0.00437194 0.000371804 0.0951892 0.0338442 0.716245 0.00076323 0.000153154 0.0183433 0.0785791 0.000313705 0.000160605 
0.000916112 1.28932e-05 4.20845e-07 0.03009 0.000936772 0.00644425 0.0135025 2.17274e-05 0.22678 0.0299317 0.648721 2.69841e-05 3.20907e-07 0.0167006 0.0258556 5.60197e-05 3.31019e-06 
0.000858627 5.91272e-06 1.73123e-05 0.113115 0.000342211 0.00157799 1.10267e-06 8.74221e-06 0.0150093 0.00421693 0.791028 4.32893e-07 1.11961e-08 8.07336e-07 0.0737888 2.91219e-05 1.55234e-08 
0.0581831 0.00342954 0.00104978 0.186445 0.0637866 0.0581555 0.00920002 0.00354021 0.202935 0.0185813 0.21182 0.0392493 2.90872e-07 0.0803507 0.0631679 6.80427e-05 3.73836e-05 
0.00235447 0.000150415 1.35133e-07 0.0969897 0.0184493 0.00513164 0.00727792 0.000166702 0.100101 0.0119837 0.740405 0.000451311 6.64096e-09 0.00436709 0.0120036 0.000161798 6.35656e-06 
0.00380047 0.128896 0.000392131 0.0316764 0.00876979 0.0100676 0.0411361 0.00325928 0.0741557 0.207858 0.420738 0.000240678 0.00154873 0.0154012 0.0491352 0.00286536 5.90951e-05 
0.00239367 0.00091785 1.84333e-07 0.00603498 0.0162798 0.00370166 0.000294344 0.000650578 0.112306 0.0461144 0.791608 4.76059e-06 8.43884e-08 0.000186534 0.0194493 4.74114e-05 1.13643e-05 
0.00242531 1.10869e-07 1.93666e-07 0.00996073 0.0459012 9.45816e-06 0.00670299 0.000609065 0.0136807 0.0265445 0.84707 2.34609e-05 1.46075e-05 0.0196895 0.0269085 0.000459232 4.98796e-08 
0.00239367 0.00091785 1.84333e-07 0.00603498 0.0162798 0.00370166 0.000294344 0.000650578 0.112306 0.0461144 0.791608 4.76059e-06 8.43884e-08 0.000186534 0.0194493 4.74114e-05 1.13643e-05 
0.00239367 0.00091785 1.84333e-07 0.00603498 0.0162798 0.00370166 0.000294344 0.000650578 0.112306 0.0461144 0.791608 4.76059e-06 8.43884e-08 0.000186534 0.0194493 4.74114e-05 1.13643e-05 
0.00239367 0.00091785 1.84333e-07 0.00603498 0.0162798 0.00370166 0.000294344 0.000650578 0.112306 0.0461144 0.791608 4.76059e-06 8.43884e-08 0.000186534 0.0194493 4.74114e-05 1.13643e-05 
0.0274666 0.000138712 3.73855e-05 0.087244 0.0199018 0.00639148 0.00833627 0.00107469 0.0430413 0.0119972 0.707085 0.000326635 6.69776e-06 0.0084946 0.0656223 0.00159617 0.0112387 
0.00610126 0.000277966 2.34378e-08 0.0527661 0.0278581 0.132598 0.0444909 0.0129307 0.0188157 0.0827599 0.528709 0.00458155 0.0137576 0.0741758 0.00014 1.25025e-05 2.46211e-05 
0.0935994 0.0180033 6.12775e-06 0.0134424 0.0405739 0.0435654 0.00112727 0.00307559 0.0877962 0.168302 0.488708 0.000239049 1.2355e-06 0.00375592 0.0377577 1.10004e-05 3.55202e-05 
0.00599359 6.22634e-06 0.000749526 0.00674011 0.0169825 0.0044116 0.00974486 0.00209154 0.0283366 0.000390818 0.817374 3.16267e-05 2.30798e-07 0.00776415 0.0490258 0.00345385 0.0469031 
0.00499717 0.000256411 9.37568e-05 0.0435363 0.148507 0.0086336 0.00196162 0.00122595 0.0410703 0.0184635 0.656021 0.000280004 4.29299e-05 0.0154444 0.0593888 1.88554e-08 7.67695e-05 
0.0113524 0.000524199 1.45237e-08 0.0981637 0.0180259 0.0284724 0.00355618 0.000200706 0.0278923 0.129959 0.476724 4.51651e-05 5.06668e-06 0.124794 0.0800293 9.03927e-07 0.00025442 
0.0266435 3.88521e-05 7.37249e-08 0.050623 0.0174068 0.0483847 0.0571232 0.0010954 0.128827 0.0753476 0.522614 6.72088e-07 2.6831e-08 0.0168049 0.054666 0.000138042 0.000286187 
8.29819e-09 2.06891e-08 3.61399e-08 0.0337057 0.0371246 0.000246469 0.000264596 1.19654e-08 0.000310009 8.56133e-05 0.927879 3.51544e-08 2.75578e-08 0.000208386 0.000142592 6.02291e-09 3.25874e-05 
0.0386433 6.61077e-05 5.81807e-05 0.208833 0.0960584 0.0059562 0.000692161 0.0167012 0.180986 0.0154077 0.326821 1.22333e-05 0.000848427 0.00403542 0.0735119 0.0313582 1.00251e-05 
0.00422511 0.00831186 0.000434987 0.052228 0.0131151 0.00529431 0.0135595 0.00010083 0.119353 0.0101472 0.583776 0.0189934 4.32611e-07 0.00725608 0.162521 0.000681226 1.15792e-06 
0.0116993 2.17401e-05 8.28999e-05 0.0272589 0.00304388 0.000676646 0.00191938 1.50996e-06 0.0433303 0.0284209 0.776535 1.72116e-05 5.74096e-11 0.000915722 0.106075 1.51002e-06 3.05944e-07 
5.59576e-06 0.000192657 8.45913e-07 0.0219627 0.00519488 6.19599e-07 0.00660805 0.00526473 0.249083 0.0118842 0.666392 0.00242132 1.74892e-06 0.00761114 0.0233758 1.17699e-07 4.97508e-07 
0.00244101 0.000741505 1.66043e-09 0.00120806 0.0591586 0.00152891 0.000896119 0.00100704 0.0308385 0.0252157 0.822224 0.00311392 4.33042e-07 0.00378337 0.010474 0.0373375 3.14345e-05 
0.0134841 1.40726e-05 9.18381e-05 0.034599 0.0630321 0.0368076 0.0776496 0.056159 0.0400825 0.0486705 0.51519 0.000910934 4.92809e-07 0.0786421 0.0228448 0.0116267 0.000194991 
0.0383552 0.0316784 2.7137e-05 0.0333058 0.0668298 0.000161213 0.00208162 0.00398108 0.0573147 0.119577 0.577505 5.66177e-05 3.12051e-06 0.00216661 0.0664785 0.0004408 3.69278e-05 
0.0483824 0.000189427 0.000152028 0.0499334 0.0234066 0.00963077 0.00424085 0.00507993 0.277092 0.0287334 0.354413 0.000862973 1.11965e-05 0.0539483 0.14326 0.000622336 4.04963e-05 
0.0935994 0.0180033 6.12775e-06 0.0134424 0.0405739 0.0435654 0.00112727 0.00307559 0.0877962 0.168302 0.488708 0.000239049 1.2355e-06 0.00375592 0.0377577 1.10004e-05 3.55202e-05 
0.0100481 0.000877616 0.000196888 0.285361 0.0874427 0.00270367 0.00195697 1.27572e-05 0.0208721 0.0106185 0.336452 5.46646e-06 1.30909e-05 0.162835 0.0805855 9.98188e-06 8.5856e-06 
0.00925992 0.0123347 0.00233486 0.0606345 0.0150597 0.0228455 0.0107862 0.00676764 0.223586 0.00389283 0.486271 0.00200961 1.86245e-06 0.126152 0.016913 0.00113646 1.51082e-05 
0.00153 6.85203e-05 4.60176e-08 0.000992201 0.000345707 0.00173163 0.000326082 1.52357e-08 0.000486906 0.00224096 0.991813 4.47627e-08 3.50898e-08 5.9083e-05 0.000405567 7.66908e-09 1.18521e-08 
0.000975982 0.000246352 5.09528e-06 0.0917359 0.129697 0.0308452 0.00143835 0.010137 0.113955 0.166485 0.34818 0.0464321 1.46241e-09 0.00972255 0.0259857 0.0241552 3.05256e-06 
0.101459 0.00307926 5.14215e-06 0.0173365 0.00277537 0.000992513 0.00377869 0.000463834 0.11247 0.00264191 0.569609 0.00136295 2.9543e-07 0.0721792 0.111596 3.46916e-05 0.000215211 
0.0013256 2.60493e-05 0.0377194 0.0197742 0.0955101 0.00903963 0.000856832 0.00065844 0.0735899 0.00100491 0.617113 1.41101e-06 0.000168216 0.000164122 0.143044 2.66897e-06 1.78294e-06 
0.00109314 0.0192111 0.000414352 0.0165218 0.0181388 0.0124649 7.63619e-05 1.02867e-07 0.0244326 0.117797 0.752874 0.000213255 1.58524e-07 0.0136457 0.0224724 7.03405e-07 0.000643575 
0.224916 0.000320709 0.00032053 0.000320874 0.000320909 0.000320873 0.000320848 0.000320808 0.000320923 0.353263 0.41733 0.000320541 0.000320628 0.000320915 0.000320892 0.000320876 0.000320838 
0.0905202 0.00272486 6.29431e-07 0.225583 0.0285702 0.000323787 0.00249123 0.000263542 0.0326012 0.00179052 0.565707 1.52082e-07 1.19218e-07 0.028104 0.0199646 0.00132049 3.42947e-05 
0.00706506 0.000130334 0.000344336 0.0641858 0.108426 0.00117082 0.0234413 0.000336365 0.0817093 0.00766857 0.59924 0.000110825 2.10031e-06 0.00782862 0.0899796 0.00836068 1.10832e-06 
0.00150444 0.000679807 8.86954e-09 0.0298957 0.00137509 0.000626122 7.41476e-07 4.54327e-06 0.00421553 0.149634 0.80728 3.82983e-07 5.77611e-06 1.33318e-05 0.00476315 1.47816e-09 1.41952e-06 
0.0490078 0.00256064 0.00036916 0.0935857 0.0920848 0.0011855 0.0103608 0.00139209 0.0613198 0.0127078 0.623951 5.32494e-06 5.85642e-07 0.0155113 0.0124755 0.0234584 2.37788e-05 
0.00150444 0.000679807 8.86954e-09 0.0298957 0.00137509 0.000626122 7.41476e-07 4.54327e-06 0.00421553 0.149634 0.80728 3.82983e-07 5.77611e-06 1.33318e-05 0.00476315 1.47816e-09 1.41952e-06 
0.0131756 0.191007 0.000202586 0.0456892 0.0222963 0.0037958 0.110815 0.00127613 0.0702042 0.133028 0.287084 8.93607e-05 1.22466e-05 0.00710289 0.111794 0.000585923 0.00184304 
0.0273413 0.00272857 0.00032509 0.0503317 0.0383852 0.0678275 0.00901855 0.010551 0.253649 0.0806439 0.261221 0.000253656 9.6736e-07 0.0928759 0.0594309 0.0375971 0.00781829 
2.01289e-05 1.64263e-08 5.97183e-05 0.00874364 0.00215555 5.73593e-06 3.34727e-05 1.1374e-05 0.143501 0.00529474 0.396178 9.77872e-06 2.18797e-08 0.129168 0.314811 3.4725e-06 4.58418e-06 
0.00239367 0.00091785 1.84333e-07 0.00603498 0.0162798 0.00370166 0.000294344 0.000650578 0.112306 0.0461144 0.791608 4.76059e-06 8.43884e-08 0.000186534 0.0194493 4.74114e-05 1.13643e-05 
0.00408631 0.00343709 8.12947e-07 0.000369477 0.000924919 0.00244507 0.00045993 5.0666e-05 0.0509231 0.0523954 0.600968 0.00022071 6.19897e-07 0.25792 0.0256668 3.15713e-05 9.87471e-05 
0.000193419 0.000154306 4.16436e-07 0.0317758 0.00193818 0.00279565 0.00164107 1.15422e-05 0.0796998 0.0255168 0.808231 4.98384e-05 5.2109e-05 0.0112589 0.0362113 0.000345897 0.000123706 
0.0115397 1.23962e-05 1.16243e-08 0.00504221 0.00191658 4.51561e-06 0.000611063 0.000332986 0.0615933 0.000201198 0.905732 1.75986e-07 0.000149223 0.0125322 0.000324539 7.94708e-06 2.9939e-09 
0.0455295 0.000425715 0.000142758 0.114222 0.0704763 0.0151841 0.00560313 4.29433e-05 0.0738206 0.0121837 0.434573 0.0128379 5.7208e-07 0.144793 0.0355943 0.0345184 5.23886e-05 
0.00176996 9.19621e-05 0.000160641 0.0404129 0.0189591 0.000254153 0.00176509 9.79471e-05 0.00317338 0.411019 0.514221 8.85406e-12 2.77908e-05 0.00377271 0.0040865 0.000134065 5.40362e-05 
0.0187542 0.000500125 0.0050095 0.00456417 0.0290415 0.0145772 0.00260965 0.0236677 0.048637 0.00609811 0.603598 0.000378032 1.18663e-05 0.219758 0.00427984 0.0099272 0.00858843 
1.15162e-06 1.15111e-06 1.15047e-06 0.0399653 0.0279906 0.0152036 0.0307491 1.15147e-06 0.0728001 0.069215 0.581205 0.00667411 1.15082e-06 0.0979087 0.0552862 0.00299561 1.15158e-06 
0.0386433 6.61077e-05 5.81807e-05 0.208833 0.0960584 0.0059562 0.000692161 0.0167012 0.180986 0.0154077 0.326821 1.22333e-05 0.000848427 0.00403542 0.0735119 0.0313582 1.00251e-05 
0.00507934 0.00619445 4.52448e-07 0.0276554 0.0108425 0.00173185 0.00637537 0.000465052 0.0268236 5.27537e-05 0.464251 1.55458e-06 3.453e-10 0.000833488 0.44883 0.000863153 6.62325e-07 
0.0312154 6.02624e-05 0.00183096 0.0106716 0.00220432 0.0054805 0.000517339 0.000967378 0.139475 3.44013e-05 0.729453 7.7245e-05 1.18142e-06 0.00464776 0.0730539 0.000301641 8.23811e-06 
0.0162101 6.36372e-07 7.10654e-05 0.00538368 0.0681234 0.106027 0.000250138 0.00319924 0.196186 0.0463707 0.304757 0.217792 1.00734e-06 0.0318016 0.00377252 3.50877e-05 1.8951e-05 
0.0116993 2.17401e-05 8.28999e-05 0.0272589 0.00304388 0.000676646 0.00191938 1.50996e-06 0.0433303 0.0284209 0.776535 1.72116e-05 5.74096e-11 0.000915722 0.106075 1.51002e-06 3.05944e-07 
0.0116993 2.17401e-05 8.28999e-05 0.0272589 0.00304388 0.000676646 0.00191938 1.50996e-06 0.0433303 0.0284209 0.776535 1.72116e-05 5.74096e-11 0.000915722 0.106075 1.51002e-06 3.05944e-07 
0.0338193 2.35958e-06 1.38096e-08 0.0355038 0.0726328 2.07929e-06 0.0566681 0.0138613 0.178242 0.15893 0.314414 0.00345194 0.0197571 0.111382 0.00133351 1.12187e-08 1.00024e-07 
0.00359694 0.00118534 0.000308217 0.0372933 0.0158299 0.059793 0.0135481 0.00260941 0.169173 0.0201201 0.408661 0.000786945 1.37599e-05 0.0241184 0.23243 0.0100481 0.000483916 
0.0131756 0.191007 0.000202586 0.0456892 0.0222963 0.0037958 0.110815 0.00127613 0.0702042 0.133028 0.287084 8.93607e-05 1.22466e-05 0.00710289 0.111794 0.000585923 0.00184304 
0.0387265 0.00559443 4.65953e-07 0.0353001 0.0886552 0.0113419 0.0726169 0.0520474 0.148518 0.121346 0.290219 0.000155166 5.63775e-07 0.117235 0.007086 0.0111069 5.07527e-05 
0.0272792 0.000776497 3.50688e-07 0.0682359 0.0956944 0.0112445 0.027996 0.00315232 0.0842425 0.00769705 0.379895 0.0253751 6.16405e-05 0.203637 0.0645698 2.80455e-07 0.000143029 
0.00239367 0.00091785 1.84333e-07 0.00603498 0.0162798 0.00370166 0.000294344 0.000650578 0.112306 0.0461144 0.791608 4.76059e-06 8.43884e-08 0.000186534 0.0194493 4.74114e-05 1.13643e-05 
0.000364187 3.08942e-06 5.39662e-06 0.000206304 0.000362764 0.000333464 1.27041e-06 1.78674e-06 0.0565024 0.000961212 0.881414 0.00265463 4.11508e-06 0.00359539 0.0534002 8.99376e-07 0.00018929 
0.0652838 6.93926e-06 3.54095e-07 0.0129757 0.0147036 2.77428e-05 0.00594264 6.11773e-05 0.0684211 0.0571837 0.734367 0.00012017 2.70008e-07 0.0191361 0.0217613 7.80536e-06 4.97011e-07 
0.00082809 1.22513e-05 3.68905e-06 0.133518 0.00360991 0.00136848 0.000926053 1.30474e-05 0.13074 3.28665e-05 0.571345 1.42364e-05 2.39237e-08 0.00364506 0.151915 9.03653e-06 0.00202021 
2.51451e-07 6.2692e-07 1.09511e-06 1.88743e-07 0.000415117 0.000435385 7.16922e-05 0.000244355 0.331716 0.333101 0.333387 0.000380575 8.35052e-07 8.22192e-08 0.000238922 7.407e-06 2.8205e-07 
0.0116794 0.00231055 5.22548e-06 0.0267677 0.0316299 0.0105522 0.00109165 0.000452253 0.0216233 0.0802456 0.799689 6.13066e-06 6.15254e-08 0.00104008 0.0125867 0.000270368 5.03399e-05 
0.0330243 1.60599e-05 0.00125784 0.179251 0.00626138 0.00319409 0.0178379 3.82277e-05 0.0804096 0.00120086 0.545674 2.78869e-05 0.0018929 0.0285984 0.100885 0.000428657 2.0964e-06 
0.0058506 0.00134925 5.17259e-06 0.0060035 0.0192943 0.0047458 0.000379897 0.000906296 0.126835 0.0553878 0.753809 5.0141e-05 1.44924e-06 0.00032691 0.0249792 5.21602e-05 2.31865e-05 
0.0113886 0.00265366 1.25584e-05 0.0673223 0.0364215 0.00864998 0.00383939 0.00436993 0.0456646 0.154861 0.616101 0.000290273 1.73401e-05 0.0115665 0.0359405 0.000869724 3.09834e-05 
0.00976389 0.00131531 0.00916545 0.236001 0.015381 0.0100727 0.0506169 0.0251576 0.18938 0.00359864 0.325088 0.000638261 2.12128e-06 0.0305088 0.0931814 0.000125519 2.82139e-06 
0.0123801 0.00018857 0.00126327 0.0209015 0.0700479 0.00725013 0.015118 0.000923872 0.0853369 0.000270264 0.50266 0.00104207 2.77402e-08 0.142377 0.139786 0.00029305 0.000161568 
0.00239367 0.00091785 1.84333e-07 0.00603498 0.0162798 0.00370166 0.000294344 0.000650578 0.112306 0.0461144 0.791608 4.76059e-06 8.43884e-08 0.000186534 0.0194493 4.74114e-05 1.13643e-05 
0.0131756 0.191007 0.000202586 0.0456892 0.0222963 0.0037958 0.110815 0.00127613 0.0702042 0.133028 0.287084 8.93607e-05 1.22466e-05 0.00710289 0.111794 0.000585923 0.00184304 
0.00166425 0.00192929 0.000231257 0.0840162 0.0366357 0.0194683 0.113045 0.00114771 0.175717 0.0352235 0.374768 0.00197852 2.65196e-08 0.0440786 0.0906054 0.0194882 3.37941e-06 
0.0478691 0.000136054 1.37737e-06 0.213355 0.0319391 0.000774418 0.0508074 0.00110839 0.0308426 0.0470015 0.495825 0.0013375 1.76291e-07 0.0270924 0.0516545 0.000117735 0.000137245 
0.00877435 0.00249808 0.00019773 0.0233687 0.0346202 0.0232912 0.117797 0.0096879 0.0803815 0.0133376 0.537108 0.000822527 4.67523e-06 0.134742 0.00494047 0.00823181 0.000196543 
0.00655601 6.01983e-05 1.82978e-05 0.0470938 0.00431662 0.00120872 0.00853407 0.000356426 0.0765537 0.00316546 0.523348 0.000145739 3.72277e-08 0.00470104 0.323592 6.22159e-06 0.000343459 
0.00239367 0.00091785 1.84333e-07 0.00603498 0.0162798 0.00370166 0.000294344 0.000650578 0.112306 0.0461144 0.791608 4.76059e-06 8.43884e-08 0.000186534 0.0194493 4.74114e-05 1.13643e-05 
0.00737006 0.000113352 3.12761e-05 0.0257037 0.00421577 0.00547885 0.00496129 6.62381e-05 0.0794079 0.0147679 0.799297 0.0155699 2.13385e-07 0.0192591 0.0236721 3.63336e-05 4.85818e-05 
0.00239367 0.00091785 1.84333e-07 0.00603498 0.0162798 0.00370166 0.000294344 0.000650578 0.112306 0.0461144 0.791608 4.76059e-06 8.43884e-08 0.000186534 0.0194493 4.74114e-05 1.13643e-05 
0.0340154 0.00863516 1.76924e-06 0.0255576 0.0507794 0.000179749 0.00479821 0.000633788 0.0501054 0.0729539 0.747499 5.10783e-08 1.21512e-06 0.00173115 0.00123553 0.00186924 3.04784e-06 
0.00593194 0.00100341 0.00125019 0.308675 0.0157781 0.020554 0.0137978 0.00119925 0.0839436 0.016219 0.342479 0.00116258 0.0014062 0.0347079 0.146891 0.00173913 0.00326199 
0.019443 0.00207303 0.000724917 0.0444534 0.108851 0.0186906 0.00907665 0.001293 0.258911 0.0286198 0.324792 0.0064248 1.99469e-07 0.0240249 0.112044 0.0243601 0.0162173 
0.00239367 0.00091785 1.84333e-07 0.00603498 0.0162798 0.00370166 0.000294344 0.000650578 0.112306 0.0461144 0.791608 4.76059e-06 8.43884e-08 0.000186534 0.0194493 4.74114e-05 1.13643e-05 
0.00889472 0.000584096 3.47353e-12 0.0052532 0.0481064 0.00782243 0.00253272 0.00534939 0.0603411 0.349346 0.44735 0.00145984 2.31282e-06 0.0175264 0.0451885 5.78882e-13 0.000243596 
0.01312 0.0456006 2.41772e-07 0.0186159 0.0473239 0.00966204 0.00069065 0.00138334 0.205947 0.0682982 0.498295 2.35178e-07 1.17237e-06 0.0631415 0.0272139 0.000599949 0.000106471 
0.0415871 3.29775e-05 5.73603e-08 0.122133 0.0347317 0.0125597 0.0231587 0.000717727 0.0747867 0.0652155 0.49715 6.18521e-07 2.71332e-08 0.0189516 0.108963 5.07652e-07 1.14318e-05 
0.000143531 0.000227601 0.00188323 0.0120286 0.00132631 0.00139522 0.00323824 0.000200957 0.039408 0.057563 0.788221 5.09085e-06 0.000263224 0.00120409 0.0927951 2.42889e-05 7.29127e-05 
0.00244101 0.000741505 1.66043e-09 0.00120806 0.0591586 0.00152891 0.000896119 0.00100704 0.0308385 0.0252157 0.822224 0.00311392 4.33042e-07 0.00378337 0.010474 0.0373375 3.14345e-05 
0.0209076 0.00119273 3.1025e-05 0.0464445 0.0670092 0.0581664 0.00467716 0.000488975 0.154248 0.0517778 0.420642 0.0038588 1.91691e-06 0.0420512 0.0987828 0.029524 0.000196049 
0.00239367 0.00091785 1.84333e-07 0.00603498 0.0162798 0.00370166 0.000294344 0.000650578 0.112306 0.0461144 0.791608 4.76059e-06 8.43884e-08 0.000186534 0.0194493 4.74114e-05 1.13643e-05 
0.17759 0.00329466 0.000649579 0.145268 0.0149498 0.0101379 0.00874729 0.000393661 0.119445 0.0163743 0.269096 0.0630183 7.25739e-07 0.121983 0.0473082 0.00173588 6.65199e-06 
0.0384041 8.74537e-05 0.00114664 0.017692 0.204512 0.0572886 0.06715 0.0288917 0.14328 0.0514432 0.296752 0.00801887 2.13003e-05 0.0372811 0.0476155 0.00040439 1.09673e-05 
0.00239367 0.00091785 1.84333e-07 0.00603498 0.0162798 0.00370166 0.000294344 0.000650578 0.112306 0.0461144 0.791608 4.76059e-06 8.43884e-08 0.000186534 0.0194493 4.74114e-05 1.13643e-05 
0.0112823 0.0464426 0.000862851 0.059944 0.0178016 0.0258671 0.00351244 0.0018592 0.102686 0.0418377 0.429532 0.000182804 0.000350088 0.157233 0.0898811 0.00846585 0.00225904 
0.00209945 0.00677103 2.06803e-05 0.0239753 0.00592045 0.00153258 0.000836861 0.00019316 0.0874813 0.0733007 0.655798 0.000257521 1.72206e-07 0.00378179 0.13701 0.00102049 9.59175e-07 
0.0261282 1.66715e-05 0.00027893 0.0327579 0.025361 0.0075038 0.00790114 0.000209145 0.203679 0.0580899 0.370608 6.46307e-05 9.47474e-07 0.00958827 0.257123 0.000667532 2.17145e-05 
0.00499003 0.133027 8.29493e-09 0.00880087 0.00544529 0.00242022 0.0222191 8.4625e-05 0.289027 0.00279721 0.324602 5.70776e-05 4.51976e-07 0.206173 0.000293004 6.21687e-05 2.78099e-07 
0.0189953 0.0123816 0.00275891 0.0550342 0.0382469 0.00895834 0.000518932 0.000435768 0.0773781 0.255195 0.357664 0.00222614 3.63097e-07 0.114003 0.055877 0.000258415 6.74042e-05 
0.011739 3.4961e-06 0.000335108 0.203885 0.0334593 0.000199145 0.0242489 0.00075081 0.21702 0.000122721 0.372528 2.27161e-05 1.49899e-06 0.0951289 0.00496271 0.0355914 9.36947e-07 
0.000613173 0.000877306 0.00051041 0.040388 0.00509559 0.00389629 0.00480241 0.00109468 0.0227689 0.00528376 0.551825 5.11701e-05 2.26239e-08 0.0114313 0.333163 0.00167689 0.0165223 
0.10739 0.00071323 3.93628e-08 0.0250172 0.0431956 3.75579e-05 0.0129137 0.131811 0.254333 0.0364398 0.382408 0.000274508 2.81814e-06 0.00529343 8.85802e-06 7.88948e-07 0.000160218 
0.0518575 0.042907 0.00468973 0.0325193 0.223754 0.00889964 0.00856876 0.0136637 0.050924 0.0202646 0.477269 0.000655484 1.96207e-05 0.0175721 0.0267587 0.0190403 0.000636567 
0.0120397 0.000903646 0.000165569 0.0447046 0.0151866 0.000744903 0.00616676 0.000731303 0.123797 0.0519499 0.697114 0.012139 7.09083e-08 0.00620718 0.0228861 0.00521292 5.15008e-05 
0.0203436 0.00617591 4.84034e-05 0.024055 0.207462 0.000287368 0.00133273 0.00160557 0.0521317 0.0119797 0.609252 0.0374421 3.18525e-06 0.0145814 0.012884 0.000365564 4.92606e-05 
0.154663 0.000450618 0.000472594 0.14614 0.00073258 1.32519e-07 0.0056043 0.00173243 0.0215065 0.0159882 0.649323 0.00165301 5.83803e-07 0.00144028 0.000202464 8.92445e-05 1.97188e-07 
0.00195648 0.00405953 7.44052e-11 0.0916747 0.00844818 0.0302804 0.0779976 2.46344e-11 0.202652 0.00322049 0.537659 1.208e-07 1.66353e-08 0.0368418 0.00453608 0.000632572 4.1315e-05 
0.0075618 0.000126646 4.27483e-07 0.00546464 0.0154075 0.0162247 0.00164853 2.93767e-05 0.0196796 0.0182989 0.893154 0.000321788 3.25969e-07 0.01925 0.00281888 7.13486e-06 5.42833e-06 
0.00254404 0.000357491 0.000201272 0.0205943 0.00495892 0.0745423 0.0310848 3.39814e-05 0.151055 0.013354 0.541944 1.20307e-05 7.22356e-06 0.0192496 0.134721 0.000542636 0.0047972 
3.571e-08 8.99228e-06 1.55523e-07 0.000150132 3.08653e-05 2.69192e-08 8.42424e-05 5.14911e-08 9.32819e-05 0.000109555 0.999449 1.51281e-07 1.18591e-07 1.16764e-08 7.37323e-05 2.59187e-08 4.00556e-08 
0.000924552 8.40574e-07 7.6399e-06 0.0704205 0.0542613 0.144033 0.0631016 0.00142256 0.0549977 0.000443149 0.459973 0.000319814 0.0091998 0.0547035 0.0860973 2.00145e-06 9.12562e-05 
0.0445453 0.000807224 5.15936e-05 0.0749986 0.0360041 0.00367649 0.0243332 0.00347273 0.0692509 0.147318 0.284735 0.000234562 1.61538e-06 0.0177095 0.283558 0.0091128 0.000189975 
0.034877 0.00154624 0.000758116 0.07396 0.0310412 0.0812484 0.0173067 0.00250403 0.179067 0.0929606 0.225412 0.00311758 0.00956808 0.115119 0.101101 0.0192927 0.0111199 
0.000156543 0.0294295 5.99401e-07 0.00928009 0.00236602 4.45716e-06 0.0778898 0.000741504 0.311645 0.138571 0.3143 0.000146937 2.93709e-07 0.0652816 0.0501459 1.58589e-07 4.01125e-05 
0.00239367 0.00091785 1.84333e-07 0.00603498 0.0162798 0.00370166 0.000294344 0.000650578 0.112306 0.0461144 0.791608 4.76059e-06 8.43884e-08 0.000186534 0.0194493 4.74114e-05 1.13643e-05 
0.000241156 5.30613e-06 7.40423e-05 0.00161344 3.87094e-05 0.000585138 0.000320943 5.10608e-09 0.00232762 9.77488e-05 0.990602 1.50017e-08 1.176e-08 0.000235399 0.00383952 1.92791e-05 3.97209e-09 
0.0201567 0.000375258 7.04994e-05 0.0419463 0.0135093 4.1332e-05 0.0321753 0.0002911 0.108797 0.00702431 0.569991 0.0489436 3.67969e-09 0.0461962 0.108344 6.57503e-08 0.00213809 
0.000590021 3.20365e-05 0.000200655 0.0475648 0.000752733 0.0290065 0.0392166 0.00050671 0.274191 0.0322003 0.415251 1.48013e-05 4.95554e-06 0.0979532 0.0618913 3.06026e-05 0.000593229 
0.00266989 0.00508008 8.75745e-08 0.0123711 0.0589727 0.0656167 0.0102583 0.00095986 0.22877 0.0337233 0.38947 0.0150331 4.95187e-11 0.131022 0.0417904 0.00391723 0.00034555 
0.00239367 0.00091785 1.84333e-07 0.00603498 0.0162798 0.00370166 0.000294344 0.000650578 0.112306 0.0461144 0.791608 4.76059e-06 8.43884e-08 0.000186534 0.0194493 4.74114e-05 1.13643e-05 
0.028791 1.36766e-07 0.00133255 0.0404875 0.129397 0.00629872 0.0170826 0.0030167 0.203141 6.12889e-05 0.302034 0.00015962 2.20503e-08 0.034042 0.12799 0.0335917 0.0725742 
0.00239367 0.00091785 1.84333e-07 0.00603498 0.0162798 0.00370166 0.000294344 0.000650578 0.112306 0.0461144 0.791608 4.76059e-06 8.43884e-08 0.000186534 0.0194493 4.74114e-05 1.13643e-05 
0.00996137 8.17349e-05 1.76014e-06 0.0584838 0.00491516 0.00495047 0.00762097 0.00286752 0.0696434 0.0062371 0.781476 6.40998e-06 4.14552e-09 0.0137296 0.0149458 0.00187888 0.0232002 
0.000406789 0.000149343 4.63071e-06 0.00553903 0.0104883 0.00478379 0.000875248 0.000266223 0.0955655 0.0107086 0.831433 0.0012545 3.53105e-06 0.0288857 0.00954113 7.71732e-07 9.37849e-05 
0.01011 0.000859387 1.84871e-05 0.0590336 0.0686121 0.00130945 0.00552948 0.000735372 0.00711221 0.17719 0.533306 0.117808 1.82417e-05 0.00527251 0.0122303 1.33251e-06 0.000854046 
0.0188512 0.0025131 0.00043221 0.0539786 0.0572232 0.0132917 0.0656109 0.00109662 0.218728 0.0179869 0.265544 0.00258871 2.36582e-05 0.0189485 0.236251 0.0191469 0.00778381 
0.011548 0.00663226 0.000385298 0.0930411 0.073196 0.0284567 0.00577685 0.00584559 0.127002 0.0154045 0.410805 0.000590699 0.000216017 0.0685346 0.141837 0.00802277 0.00270576 
0.00499003 0.133027 8.29493e-09 0.00880087 0.00544529 0.00242022 0.0222191 8.4625e-05 0.289027 0.00279721 0.324602 5.70776e-05 4.51976e-07 0.206173 0.000293004 6.21687e-05 2.78099e-07 
0.0805309 0.0573309 0.00285069 0.0494334 0.0246162 0.0152507 0.0185296 0.00334628 0.208071 0.090882 0.214271 0.00694202 0.00091271 0.0570578 0.164182 0.00405127 0.00174197 
0.0116993 2.17401e-05 8.28999e-05 0.0272589 0.00304388 0.000676646 0.00191938 1.50996e-06 0.0433303 0.0284209 0.776535 1.72116e-05 5.74096e-11 0.000915722 0.106075 1.51002e-06 3.05944e-07 
0.0124887 0.00859284 0.00994819 0.0698676 0.0289822 0.280775 0.00893091 0.00998272 0.180997 0.00606749 0.288369 0.00056517 0.000242697 0.0815027 0.0103983 0.00227684 1.27295e-05 
0.0652023 0.00150892 0.000203808 0.00119594 0.0161563 0.000827226 9.39809e-05 0.000963452 0.00474925 0.0388484 0.738695 0.0186858 3.72496e-06 0.0754869 0.036561 1.22522e-05 0.000806159 
0.160085 0.0724917 5.81667e-06 0.0584797 0.0771429 0.0170586 0.00397136 0.0244105 0.0335685 0.0724205 0.225206 0.000543965 1.31998e-08 0.155208 0.095087 0.00428673 3.36534e-05 
9.8078e-05 1.2874e-05 3.38309e-09 0.0134909 0.000213482 0.00323238 0.000913603 1.5867e-09 0.298329 0.000389017 0.364785 6.8545e-13 8.60262e-10 0.000309775 0.318219 6.9599e-06 1.23432e-09 
9.8078e-05 1.2874e-05 3.38309e-09 0.0134909 0.000213482 0.00323238 0.000913603 1.5867e-09 0.298329 0.000389017 0.364785 6.8545e-13 8.60262e-10 0.000309775 0.318219 6.9599e-06 1.23432e-09 
0.009367 0.000301218 0.000238046 0.188947 0.00652209 0.0103019 0.0031933 0.00383681 0.149003 0.000262068 0.502524 1.38238e-08 1.08366e-08 0.00129585 0.124203 4.75673e-06 2.9158e-07 
0.0622473 2.35261e-05 0.000532199 0.0119962 0.0730379 0.00590635 0.000839182 6.64913e-07 0.0116651 0.03095 0.735331 0.00153591 1.06927e-06 0.0588993 0.00699265 3.0899e-07 4.14974e-05 
0.00239367 0.00091785 1.84333e-07 0.00603498 0.0162798 0.00370166 0.000294344 0.000650578 0.112306 0.0461144 0.791608 4.76059e-06 8.43884e-08 0.000186534 0.0194493 4.74114e-05 1.13643e-05 
0.0161131 0.000202693 7.33782e-05 0.0470552 0.00804887 0.0120913 0.00347878 0.00199003 0.0255259 0.0129571 0.676532 0.00191567 8.44756e-09 0.0588557 0.134516 6.43839e-05 0.000579941 
0.00737006 0.000113352 3.12761e-05 0.0257037 0.00421577 0.00547885 0.00496129 6.62381e-05 0.0794079 0.0147679 0.799297 0.0155699 2.13385e-07 0.0192591 0.0236721 3.63336e-05 4.85818e-05 
0.0160595 0.0836465 0.00197389 0.0831783 0.0140541 0.024067 0.00595191 0.00297388 0.216827 0.0114866 0.441405 0.000146258 2.93266e-08 0.0376257 0.0530758 0.00751296 1.55669e-05 
0.0233811 0.000997087 0.0019667 0.0115147 0.144137 0.0332175 0.00446749 0.0538475 0.0535415 0.0514904 0.251806 0.000234509 8.49561e-07 0.132807 0.236443 0.000110078 3.75645e-05 
0.0384041 8.74537e-05 0.00114664 0.017692 0.204512 0.0572886 0.06715 0.0288917 0.14328 0.0514432 0.296752 0.00801887 2.13003e-05 0.0372811 0.0476155 0.00040439 1.09673e-05 
0.00109314 0.0192111 0.000414352 0.0165218 0.0181388 0.0124649 7.63619e-05 1.02867e-07 0.0244326 0.117797 0.752874 0.000213255 1.58524e-07 0.0136457 0.0224724 7.03405e-07 0.000643575 
0.0560442 0.000255119 0.000843642 0.110032 0.0257652 0.00324663 0.00291549 0.00861745 0.0659566 0.00314619 0.475876 2.14292e-06 6.21488e-07 0.106033 0.071359 0.0698167 9.07264e-05 
0.00484226 0.000549031 3.95396e-06 0.176939 0.00996378 0.00474499 0.00298785 0.000181195 0.0750402 0.0068387 0.573336 8.01282e-07 4.03298e-08 0.0205041 0.113498 0.0105477 2.3313e-05 
0.0353294 0.000269719 0.000407674 0.124212 0.0152123 0.016678 0.0322557 0.000502567 0.221123 0.0121292 0.307078 0.000126442 3.58045e-07 0.0312141 0.193801 0.00669745 0.00296358 
0.266092 1.60681e-07 2.80678e-07 4.83752e-08 0.0621094 0.000997754 6.60739e-08 9.29281e-08 0.00490934 0.267521 0.329035 0.000271233 2.14025e-07 0.0016511 0.000305478 0.0671061 7.229e-08 
0.000671544 0.000538549 0.000476368 0.0127612 0.0121514 0.0104687 0.00430459 0.00214971 0.339188 0.0175664 0.436941 7.11545e-05 0.0718269 0.0253109 0.0539871 0.0107275 0.000859336 
0.00030785 0.000974323 0.00032135 0.000246737 0.000229555 0.000417332 0.000274929 9.3187e-05 0.000916686 0.00118841 0.991051 0.000250074 6.9299e-05 0.000725411 0.00248787 0.000260003 0.000186072 
0.00268562 0.000384062 3.78965e-07 0.00913701 0.00418743 0.000955385 0.0164209 0.000180573 0.367345 0.00113045 0.446617 2.98603e-05 6.6158e-06 0.139032 0.0118241 5.32468e-05 1.05237e-05 
0.00316844 0.000151465 0.000481246 0.0639589 0.0389197 0.00757255 0.249976 0.000601677 0.132529 0.00179449 0.300723 6.03247e-06 1.11202e-05 0.0324029 0.135917 0.00312493 0.0286622 
0.0226467 0.000181245 3.02063e-05 0.0977285 0.0154265 0.0120098 0.018776 0.00141004 0.117341 0.0977014 0.5213 0.000388844 1.56314e-05 0.0273438 0.047324 0.00399929 0.0163765 
0.00856732 0.00271424 0.00117765 0.125262 0.0432849 0.0227155 0.0386483 0.00246298 0.0799562 0.219993 0.315982 0.0446801 1.06276e-08 0.0613203 0.0275909 4.31707e-05 0.00560153 
0.0346393 0.00101175 9.38626e-07 0.128774 0.045259 0.0031865 0.0167927 0.000331966 0.0474486 0.0486662 0.621713 1.19041e-05 8.72467e-09 0.0430858 0.00262223 0.00645024 6.49727e-06 
0.00190139 0.000127916 1.03519e-07 0.0168946 0.00112826 0.0136067 0.0197593 8.69472e-07 0.0372129 0.0144542 0.861234 4.30651e-05 1.43684e-07 0.0203642 0.013272 2.67178e-08 6.54856e-10 
0.0935994 0.0180033 6.12775e-06 0.0134424 0.0405739 0.0435654 0.00112727 0.00307559 0.0877962 0.168302 0.488708 0.000239049 1.2355e-06 0.00375592 0.0377577 1.10004e-05 3.55202e-05 
0.190915 6.56185e-05 2.87307e-08 0.0591648 0.0950481 9.6911e-05 0.00154667 0.00380716 0.048699 0.00482733 0.390977 1.71054e-06 0.000124069 0.0701036 0.00329418 4.78812e-09 0.131329 
0.0207731 0.0582973 4.56317e-05 0.0311327 0.0372791 0.0269979 0.0595233 0.00224074 0.0872411 0.0467434 0.460589 0.0948854 1.73309e-05 0.0513938 0.0222208 5.77907e-05 0.000561667 
0.00385212 4.53688e-06 6.40537e-05 0.00738291 0.00506849 0.00668777 0.00703081 0.000305205 0.0925142 0.0029789 0.475638 0.000133876 1.05804e-05 0.00568978 0.375602 0.000253312 0.0167828 
0.00991012 2.07561e-06 3.50691e-09 0.0125956 0.182473 0.0169539 0.097214 1.09582e-05 0.119515 0.0297054 0.366397 3.3912e-06 2.67412e-09 0.110079 0.000162121 0.0549779 1.04247e-07 
0.00309638 2.55876e-05 6.33553e-05 0.0590634 0.0453024 0.00429164 0.00487771 0.0299497 0.126714 0.0286031 0.502682 0.00426554 4.39583e-06 0.0504872 0.0897241 0.050744 0.000105325 
0.0112208 0.000531522 0.000168813 0.146733 0.0113074 0.00281864 0.00185062 0.000578852 0.0958619 0.0347764 0.606871 1.65829e-06 0.00026841 0.00912842 0.0708865 0.00698301 1.25247e-05 
0.00239367 0.00091785 1.84333e-07 0.00603498 0.0162798 0.00370166 0.000294344 0.000650578 0.112306 0.0461144 0.791608 4.76059e-06 8.43884e-08 0.000186534 0.0194493 4.74114e-05 1.13643e-05 
4.38001e-10 1.09203e-09 1.90756e-09 0.000328312 8.08601e-05 0.00517371 0.00820485 6.31564e-10 0.0587435 0.00121514 0.715515 5.39199e-05 1.45457e-09 0.210217 0.000465843 1.96601e-06 4.91302e-10 
0.00239367 0.00091785 1.84333e-07 0.00603498 0.0162798 0.00370166 0.000294344 0.000650578 0.112306 0.0461144 0.791608 4.76059e-06 8.43884e-08 0.000186534 0.0194493 4.74114e-05 1.13643e-05 
0.0599584 0.0016522 0.000109166 0.0442409 0.0927865 0.00562691 0.0322382 0.00138593 0.145461 0.0187513 0.540467 0.00132775 7.80997e-05 0.0158091 0.0217406 0.0183572 9.545e-06 
0.00264726 0.00455839 7.87978e-05 0.0281367 0.000259361 0.000690967 0.00112137 0.000109078 0.121164 0.0103765 0.498369 0.00319607 4.09243e-06 0.0223235 0.256524 0.0503963 4.46775e-05 
0.00373878 0.00125868 0.000291313 0.0709685 0.0530286 0.0114985 0.00308519 0.00481134 0.209677 0.0138069 0.442973 4.59168e-05 8.7647e-08 0.0707673 0.0356857 0.0783453 1.75474e-05 
0.00499003 0.133027 8.29493e-09 0.00880087 0.00544529 0.00242022 0.0222191 8.4625e-05 0.289027 0.00279721 0.324602 5.70776e-05 4.51976e-07 0.206173 0.000293004 6.21687e-05 2.78099e-07 
0.0586538 0.000880946 0.000620149 0.122105 0.0742292 0.017137 0.0201619 0.00165875 0.103754 0.0283217 0.287748 0.00445896 4.57559e-07 0.170072 0.0279635 0.00355835 0.0786771 
0.0219021 0.000523149 0.000665398 0.058837 0.0635718 0.000558285 0.0770803 0.000880538 0.170879 0.0444588 0.517551 0.000164891 2.59607e-07 0.013749 0.0208513 0.00832096 5.92632e-06 
