0.00239367 0.00091785 1.84333e-07 0.00603498 0.0162798 0.00370166 0.000294344 0.000650578 0.112306 0.0461144 0.791608 4.76059e-06 8.43884e-08 0.000186534 0.0194493 4.74114e-05 1.13643e-05 
0.0425107 0.000202916 1.0212e-05 0.221775 0.0155567 0.00542793 0.192496 0.000586077 0.0681786 0.000436553 0.341988 0.00899688 3.60845e-06 0.0928112 0.00901254 4.52871e-08 6.85845e-06 
0.0173805 0.000449223 0.000196451 0.172749 0.000510661 0.0284183 0.0320987 6.1234e-06 0.0566286 0.0256447 0.50944 3.00757e-06 0.000116106 0.00120503 0.155133 2.13763e-05 1.07747e-07 
0.00082809 1.22513e-05 3.68905e-06 0.133518 0.00360991 0.00136848 0.000926053 1.30474e-05 0.13074 3.28665e-05 0.571345 1.42364e-05 2.39237e-08 0.00364506 0.151915 9.03653e-06 0.00202021 
0.0462229 3.22372e-05 0.00155741 0.0171274 0.028423 0.00487622 0.000538861 0.000309758 0.0198403 0.00886361 0.826202 0.00171108 2.20994e-09 0.00526817 0.0387997 0.000223339 3.82701e-06 
0.00333232 0.00230391 4.84111e-06 0.00861244 0.00237235 0.0105408 0.0021721 0.00049849 0.0263661 0.0617981 0.86698 9.13211e-05 2.01076e-08 0.00226587 0.0125785 7.83368e-08 8.24155e-05 
0.000415686 1.16331e-05 2.03208e-05 0.000205352 1.75268e-06 3.5173e-06 4.28885e-05 1.93377e-05 1.1181e-06 0.000741914 0.998177 1.97667e-05 1.54952e-05 8.67432e-06 0.000272156 3.38657e-06 3.95663e-05 
0.00655601 6.01983e-05 1.82978e-05 0.0470938 0.00431662 0.00120872 0.00853407 0.000356426 0.0765537 0.00316546 0.523348 0.000145739 3.72277e-08 0.00470104 0.323592 6.22159e-06 0.000343459 
0.00508239 0.00125338 4.06409e-06 0.00601049 0.0186244 0.00451377 0.000360885 0.00084947 0.123606 0.0533271 0.762209 4.00565e-05 1.14594e-06 0.000295716 0.0237503 5.1105e-05 2.05594e-05 
0.00239367 0.00091785 1.84333e-07 0.00603498 0.0162798 0.00370166 0.000294344 0.000650578 0.112306 0.0461144 0.791608 4.76059e-06 8.43884e-08 0.000186534 0.0194493 4.74114e-05 1.13643e-05 
0.0423693 2.283e-05 0.00164356 0.186396 0.0546869 0.027811 0.063508 0.00181255 0.0766825 0.0336127 0.409707 0.000646094 1.00187e-07 0.0289233 0.0674376 0.00334271 0.0013986 
2.8637e-05 9.65994e-05 3.00211e-06 0.0438504 0.000231505 0.0189928 0.000963575 1.77273e-05 0.0851042 5.29618e-05 0.513968 8.32778e-07 5.42766e-08 0.130143 0.206541 3.04136e-06 2.8482e-06 
0.0679048 3.85915e-06 6.07119e-05 0.046082 0.0468696 0.00139415 0.0438774 1.6711e-06 0.0675417 0.0254239 0.627101 6.58861e-06 3.30862e-07 0.0120443 0.0452101 4.58867e-06 0.0164733 
0.02135 0.000641095 2.7439e-05 0.0628584 0.00953866 0.0199419 0.0468419 5.12492e-05 0.191097 0.0326631 0.300344 3.11929e-07 1.26536e-06 0.0507644 0.26353 0.000347571 1.45238e-06 
0.0236001 3.71799e-05 3.56078e-05 0.163716 0.0127354 0.000569806 0.0163788 0.0184744 0.0783543 0.00745329 0.384468 0.00166144 6.87949e-05 0.0837205 0.147892 0.000179207 0.0606546 
0.00721877 5.38917e-07 1.77782e-07 0.0938542 0.0291544 0.00430178 9.11519e-06 0.000860477 0.0252679 0.00625666 0.784747 1.38359e-07 3.83639e-08 0.0152268 0.0325159 0.000491751 9.44867e-05 
0.00239367 0.00091785 1.84333e-07 0.00603498 0.0162798 0.00370166 0.000294344 0.000650578 0.112306 0.0461144 0.791608 4.76059e-06 8.43884e-08 0.000186534 0.0194493 4.74114e-05 1.13643e-05 
0.00239367 0.00091785 1.84333e-07 0.00603498 0.0162798 0.00370166 0.000294344 0.000650578 0.112306 0.0461144 0.791608 4.76059e-06 8.43884e-08 0.000186534 0.0194493 4.74114e-05 1.13643e-05 
0.0534121 0.00048325 1.61862e-05 0.0501739 0.0381103 0.0174493 0.0170327 0.00162692 0.0549573 0.00699276 0.411308 0.0145127 4.15106e-05 0.138445 0.191587 3.10435e-05 0.00381995 
0.00291425 0.00196363 1.31574e-05 0.202983 0.0243856 0.000256651 0.0311155 2.83279e-05 0.075335 0.0138779 0.533131 5.7001e-05 0.00991164 0.10118 0.00245433 0.000365369 2.8266e-05 
0.00923878 0.00555031 2.46061e-05 0.0691693 0.0184185 0.0111366 0.00253769 0.00360582 0.067617 0.148124 0.579469 0.000212279 2.20652e-05 0.00618352 0.074465 0.00407847 0.000147289 
0.0216439 1.08496e-05 1.23391e-05 0.164772 0.0270739 0.0643964 0.0124908 0.000198164 0.156103 0.158621 0.265604 0.00348363 6.54536e-08 0.06747 0.0489316 0.00476359 0.00442428 
0.000264608 0.000331341 5.0454e-05 0.00205362 0.000210388 0.000111939 0.000628419 0.00011791 0.00250614 0.00756959 0.982506 0.00181111 1.54514e-05 0.000231304 0.00147364 7.44457e-05 4.40976e-05 
0.0116504 0.00384601 9.45874e-05 0.0455899 0.0102678 0.0104061 0.00888193 0.000574444 0.107955 0.0253921 0.644531 0.0164113 1.13047e-06 0.0651312 0.0489398 0.0002996 2.74689e-05 
0.0118015 0.000168154 1.55734e-06 0.14337 0.0043782 0.00263438 0.000396966 0.000138845 0.182801 0.0859163 0.336335 0.0857571 8.17567e-10 0.111418 0.0348826 1.78684e-10 3.47831e-07 
0.0120217 0.0210397 9.71169e-06 0.038169 0.0432329 0.00191035 0.00306087 0.00266923 0.0433658 0.102129 0.572944 0.0453178 8.83404e-06 0.0762085 0.0376287 0.000143052 0.000140706 
0.0125884 9.3702e-05 9.80026e-05 0.0243464 0.010161 0.00243731 0.00561023 0.00155299 0.0424538 0.131737 0.695926 0.000614168 1.92378e-07 0.0243646 0.0480053 8.14314e-06 3.23781e-06 
0.0102341 0.000570286 0.30759 0.111249 0.000616531 0.00141317 0.00643075 2.44302e-05 0.0575 0.000880316 0.454799 0.000271667 2.29385e-08 0.0266144 0.0218057 7.18143e-07 7.74779e-09 
0.0263793 1.57212e-05 8.1477e-11 0.0305609 0.0555092 0.051852 0.0036945 0.0013642 0.244448 0.0916443 0.461439 0.00338564 0.000280923 0.0111332 0.0145107 0.00364865 0.000133713 
0.00786427 0.000311182 0.000874947 0.210183 0.00944 0.00551217 0.0101733 0.000778402 0.104158 0.0437408 0.303209 0.000720406 2.18403e-08 0.024888 0.254053 0.00337541 0.0207183 
0.0103612 0.0905469 0.000431905 0.151902 0.00412471 0.00316337 0.0337503 1.88496e-05 0.111477 0.120978 0.354324 0.000886337 0.00026524 0.021433 0.0905096 0.00558256 0.000244673 
0.03249 0.00031897 2.78696e-09 0.0185236 0.0420992 0.134107 0.221607 0.00426095 0.168972 0.00827778 0.256472 5.42219e-05 2.12514e-09 0.04963 0.0142073 0.0489719 8.01319e-06 
0.0122228 0.000808561 0.00132807 0.0449119 0.0400188 0.010171 0.0641819 0.00636047 0.131357 0.0242728 0.4754 0.000237128 2.79972e-06 0.168347 0.0125609 0.0078005 1.77123e-05 
0.00922532 0.00106044 1.5965e-05 0.012778 0.0140769 0.0157812 0.020714 0.000979223 0.26698 0.0320873 0.491086 0.00773417 2.17342e-05 0.114325 0.0125592 0.000557017 1.88287e-05 
0.00127902 0.0071503 0.000339581 0.00276083 0.0100244 0.0301103 0.00437194 0.000371804 0.0951892 0.0338442 0.716245 0.00076323 0.000153154 0.0183433 0.0785791 0.000313705 0.000160605 
0.000858627 5.91272e-06 1.73123e-05 0.113115 0.000342211 0.00157799 1.10267e-06 8.74221e-06 0.0150093 0.00421693 0.791028 4.32893e-07 1.11961e-08 8.07336e-07 0.0737888 2.91219e-05 1.55234e-08 
0.0164033 0.0690347 2.21825e-06 0.00495364 0.0205247 0.0319481 0.013374 0.000819112 0.0869176 0.0704748 0.452996 0.052465 7.28121e-07 0.113155 0.0359907 0.030507 0.00043297 
0.00239367 0.00091785 1.84333e-07 0.00603498 0.0162798 0.00370166 0.000294344 0.000650578 0.112306 0.0461144 0.791608 4.76059e-06 8.43884e-08 0.000186534 0.0194493 4.74114e-05 1.13643e-05 
0.00242531 1.10869e-07 1.93666e-07 0.00996073 0.0459012 9.45816e-06 0.00670299 0.000609065 0.0136807 0.0265445 0.84707 2.34609e-05 1.46075e-05 0.0196895 0.0269085 0.000459232 4.98796e-08 
0.0582247 0.000426731 0.000120281 0.0496336 0.0215262 0.00837963 0.0113585 0.000336031 0.186762 0.0199708 0.415624 0.00258679 1.26621e-07 0.0485809 0.175238 0.000991677 0.000240215 
0.00239367 0.00091785 1.84333e-07 0.00603498 0.0162798 0.00370166 0.000294344 0.000650578 0.112306 0.0461144 0.791608 4.76059e-06 8.43884e-08 0.000186534 0.0194493 4.74114e-05 1.13643e-05 
0.00610126 0.000277966 2.34378e-08 0.0527661 0.0278581 0.132598 0.0444909 0.0129307 0.0188157 0.0827599 0.528709 0.00458155 0.0137576 0.0741758 0.00014 1.25025e-05 2.46211e-05 
0.00599359 6.22634e-06 0.000749526 0.00674011 0.0169825 0.0044116 0.00974486 0.00209154 0.0283366 0.000390818 0.817374 3.16267e-05 2.30798e-07 0.00776415 0.0490258 0.00345385 0.0469031 
0.004831 0.000324202 4.94719e-07 0.0338975 0.0176947 0.00311953 0.359053 2.49989e-05 0.0491403 0.00445501 0.459345 0.0112724 4.5398e-10 0.0138323 0.0139936 2.49727e-05 0.0289906 
0.00499717 0.000256411 9.37568e-05 0.0435363 0.148507 0.0086336 0.00196162 0.00122595 0.0410703 0.0184635 0.656021 0.000280004 4.29299e-05 0.0154444 0.0593888 1.88554e-08 7.67695e-05 
0.0408959 0.00288483 0.00146652 0.140956 0.026222 0.0235893 0.0195312 0.0162777 0.12391 0.0994061 0.367096 0.00919988 1.89538e-06 0.0441694 0.0624221 0.0218881 8.27825e-05 
0.0261006 2.55121e-05 3.54467e-07 0.120587 0.003274 0.0969539 0.0295503 2.50495e-07 0.252328 0.00564865 0.298794 1.57113e-07 2.77674e-09 0.165837 0.000872451 7.19013e-07 2.71153e-05 
0.0386433 6.61077e-05 5.81807e-05 0.208833 0.0960584 0.0059562 0.000692161 0.0167012 0.180986 0.0154077 0.326821 1.22333e-05 0.000848427 0.00403542 0.0735119 0.0313582 1.00251e-05 
0.00422511 0.00831186 0.000434987 0.052228 0.0131151 0.00529431 0.0135595 0.00010083 0.119353 0.0101472 0.583776 0.0189934 4.32611e-07 0.00725608 0.162521 0.000681226 1.15792e-06 
0.0116993 2.17401e-05 8.28999e-05 0.0272589 0.00304388 0.000676646 0.00191938 1.50996e-06 0.0433303 0.0284209 0.776535 1.72116e-05 5.74096e-11 0.000915722 0.106075 1.51002e-06 3.05944e-07 
5.59576e-06 0.000192657 8.45913e-07 0.0219627 0.00519488 6.19599e-07 0.00660805 0.00526473 0.249083 0.0118842 0.666392 0.00242132 1.74892e-06 0.00761114 0.0233758 1.17699e-07 4.97508e-07 
0.00244101 0.000741505 1.66043e-09 0.00120806 0.0591586 0.00152891 0.000896119 0.00100704 0.0308385 0.0252157 0.822224 0.00311392 4.33042e-07 0.00378337 0.010474 0.0373375 3.14345e-05 
0.0383552 0.0316784 2.7137e-05 0.0333058 0.0668298 0.000161213 0.00208162 0.00398108 0.0573147 0.119577 0.577505 5.66177e-05 3.12051e-06 0.00216661 0.0664785 0.0004408 3.69278e-05 
0.0935994 0.0180033 6.12775e-06 0.0134424 0.0405739 0.0435654 0.00112727 0.00307559 0.0877962 0.168302 0.488708 0.000239049 1.2355e-06 0.00375592 0.0377577 1.10004e-05 3.55202e-05 
0.0100481 0.000877616 0.000196888 0.285361 0.0874427 0.00270367 0.00195697 1.27572e-05 0.0208721 0.0106185 0.336452 5.46646e-06 1.30909e-05 0.162835 0.0805855 9.98188e-06 8.5856e-06 
0.0255393 0.000102208 1.14184e-07 0.0331865 0.0324095 0.0916069 0.0128864 4.57426e-05 0.0578975 0.275513 0.368505 1.35033e-05 0.00104379 0.0845015 0.0155149 0.000255082 0.000978816 
0.101459 0.00307926 5.14215e-06 0.0173365 0.00277537 0.000992513 0.00377869 0.000463834 0.11247 0.00264191 0.569609 0.00136295 2.9543e-07 0.0721792 0.111596 3.46916e-05 0.000215211 
0.0905202 0.00272486 6.29431e-07 0.225583 0.0285702 0.000323787 0.00249123 0.000263542 0.0326012 0.00179052 0.565707 1.52082e-07 1.19218e-07 0.028104 0.0199646 0.00132049 3.42947e-05 
0.00870416 5.1121e-05 2.43891e-06 0.0797768 0.0242521 0.00547779 0.00669974 0.00511842 0.194243 0.0238476 0.425339 0.000160539 5.96266e-07 0.0654081 0.0658005 0.0002411 0.0948774 
0.00706506 0.000130334 0.000344336 0.0641858 0.108426 0.00117082 0.0234413 0.000336365 0.0817093 0.00766857 0.59924 0.000110825 2.10031e-06 0.00782862 0.0899796 0.00836068 1.10832e-06 
0.00150444 0.000679807 8.86954e-09 0.0298957 0.00137509 0.000626122 7.41476e-07 4.54327e-06 0.00421553 0.149634 0.80728 3.82983e-07 5.77611e-06 1.33318e-05 0.00476315 1.47816e-09 1.41952e-06 
0.0490078 0.00256064 0.00036916 0.0935857 0.0920848 0.0011855 0.0103608 0.00139209 0.0613198 0.0127078 0.623951 5.32494e-06 5.85642e-07 0.0155113 0.0124755 0.0234584 2.37788e-05 
0.00336134 0.00199546 7.98921e-06 0.0625846 0.0237313 0.00379612 0.0119752 4.62809e-05 0.219529 0.0498563 0.456761 0.00624064 8.09364e-06 0.132312 0.0275043 0.000169364 0.000121372 
0.00408631 0.00343709 8.12947e-07 0.000369477 0.000924919 0.00244507 0.00045993 5.0666e-05 0.0509231 0.0523954 0.600968 0.00022071 6.19897e-07 0.25792 0.0256668 3.15713e-05 9.87471e-05 
0.0115397 1.23962e-05 1.16243e-08 0.00504221 0.00191658 4.51561e-06 0.000611063 0.000332986 0.0615933 0.000201198 0.905732 1.75986e-07 0.000149223 0.0125322 0.000324539 7.94708e-06 2.9939e-09 
0.0455295 0.000425715 0.000142758 0.114222 0.0704763 0.0151841 0.00560313 4.29433e-05 0.0738206 0.0121837 0.434573 0.0128379 5.7208e-07 0.144793 0.0355943 0.0345184 5.23886e-05 
0.00970022 0.00739962 0.000306808 0.159622 0.0534229 0.000732188 0.00514132 0.000183081 0.247836 0.122912 0.271714 6.93739e-06 8.75866e-09 0.0213399 0.0905233 0.00901857 0.000140999 
1.15162e-06 1.15111e-06 1.15047e-06 0.0399653 0.0279906 0.0152036 0.0307491 1.15147e-06 0.0728001 0.069215 0.581205 0.00667411 1.15082e-06 0.0979087 0.0552862 0.00299561 1.15158e-06 
0.00507934 0.00619445 4.52448e-07 0.0276554 0.0108425 0.00173185 0.00637537 0.000465052 0.0268236 5.27537e-05 0.464251 1.55458e-06 3.453e-10 0.000833488 0.44883 0.000863153 6.62325e-07 
0.0162101 6.36372e-07 7.10654e-05 0.00538368 0.0681234 0.106027 0.000250138 0.00319924 0.196186 0.0463707 0.304757 0.217792 1.00734e-06 0.0318016 0.00377252 3.50877e-05 1.8951e-05 
0.00359694 0.00118534 0.000308217 0.0372933 0.0158299 0.059793 0.0135481 0.00260941 0.169173 0.0201201 0.408661 0.000786945 1.37599e-05 0.0241184 0.23243 0.0100481 0.000483916 
0.0666199 0.0110423 0.00148069 0.0486917 0.0199962 0.0588959 0.000504346 0.0011508 0.0297272 0.0227748 0.292357 0.00013116 2.86959e-06 0.178742 0.202895 0.00166222 0.0633248 
0.0131756 0.191007 0.000202586 0.0456892 0.0222963 0.0037958 0.110815 0.00127613 0.0702042 0.133028 0.287084 8.93607e-05 1.22466e-05 0.00710289 0.111794 0.000585923 0.00184304 
0.0387265 0.00559443 4.65953e-07 0.0353001 0.0886552 0.0113419 0.0726169 0.0520474 0.148518 0.121346 0.290219 0.000155166 5.63775e-07 0.117235 0.007086 0.0111069 5.07527e-05 
0.0272792 0.000776497 3.50688e-07 0.0682359 0.0956944 0.0112445 0.027996 0.00315232 0.0842425 0.00769705 0.379895 0.0253751 6.16405e-05 0.203637 0.0645698 2.80455e-07 0.000143029 
0.00239367 0.00091785 1.84333e-07 0.00603498 0.0162798 0.00370166 0.000294344 0.000650578 0.112306 0.0461144 0.791608 4.76059e-06 8.43884e-08 0.000186534 0.0194493 4.74114e-05 1.13643e-05 
0.000364187 3.08942e-06 5.39662e-06 0.000206304 0.000362764 0.000333464 1.27041e-06 1.78674e-06 0.0565024 0.000961212 0.881414 0.00265463 4.11508e-06 0.00359539 0.0534002 8.99376e-07 0.00018929 
0.0652838 6.93926e-06 3.54095e-07 0.0129757 0.0147036 2.77428e-05 0.00594264 6.11773e-05 0.0684211 0.0571837 0.734367 0.00012017 2.70008e-07 0.0191361 0.0217613 7.80536e-06 4.97011e-07 
0.00082809 1.22513e-05 3.68905e-06 0.133518 0.00360991 0.00136848 0.000926053 1.30474e-05 0.13074 3.28665e-05 0.571345 1.42364e-05 2.39237e-08 0.00364506 0.151915 9.03653e-06 0.00202021 
2.51451e-07 6.2692e-07 1.09511e-06 1.88743e-07 0.000415117 0.000435385 7.16922e-05 0.000244355 0.331716 0.333101 0.333387 0.000380575 8.35052e-07 8.22192e-08 0.000238922 7.407e-06 2.8205e-07 
0.0058506 0.00134925 5.17259e-06 0.0060035 0.0192943 0.0047458 0.000379897 0.000906296 0.126835 0.0553878 0.753809 5.0141e-05 1.44924e-06 0.00032691 0.0249792 5.21602e-05 2.31865e-05 
0.0113886 0.00265366 1.25584e-05 0.0673223 0.0364215 0.00864998 0.00383939 0.00436993 0.0456646 0.154861 0.616101 0.000290273 1.73401e-05 0.0115665 0.0359405 0.000869724 3.09834e-05 
0.0150679 0.0422989 3.33026e-05 0.0299873 0.0270397 0.0336262 0.137601 0.00631262 0.068373 0.0847104 0.335753 0.0688428 1.27491e-05 0.0832312 0.0657117 4.19945e-05 0.00135707 
0.00239367 0.00091785 1.84333e-07 0.00603498 0.0162798 0.00370166 0.000294344 0.000650578 0.112306 0.0461144 0.791608 4.76059e-06 8.43884e-08 0.000186534 0.0194493 4.74114e-05 1.13643e-05 
0.00976389 0.00131531 0.00916545 0.236001 0.015381 0.0100727 0.0506169 0.0251576 0.18938 0.00359864 0.325088 0.000638261 2.12128e-06 0.0305088 0.0931814 0.000125519 2.82139e-06 
0.0123801 0.00018857 0.00126327 0.0209015 0.0700479 0.00725013 0.015118 0.000923872 0.0853369 0.000270264 0.50266 0.00104207 2.77402e-08 0.142377 0.139786 0.00029305 0.000161568 
0.00239367 0.00091785 1.84333e-07 0.00603498 0.0162798 0.00370166 0.000294344 0.000650578 0.112306 0.0461144 0.791608 4.76059e-06 8.43884e-08 0.000186534 0.0194493 4.74114e-05 1.13643e-05 
0.0131756 0.191007 0.000202586 0.0456892 0.0222963 0.0037958 0.110815 0.00127613 0.0702042 0.133028 0.287084 8.93607e-05 1.22466e-05 0.00710289 0.111794 0.000585923 0.00184304 
0.00166425 0.00192929 0.000231257 0.0840162 0.0366357 0.0194683 0.113045 0.00114771 0.175717 0.0352235 0.374768 0.00197852 2.65196e-08 0.0440786 0.0906054 0.0194882 3.37941e-06 
0.0478691 0.000136054 1.37737e-06 0.213355 0.0319391 0.000774418 0.0508074 0.00110839 0.0308426 0.0470015 0.495825 0.0013375 1.76291e-07 0.0270924 0.0516545 0.000117735 0.000137245 
0.00655601 6.01983e-05 1.82978e-05 0.0470938 0.00431662 0.00120872 0.00853407 0.000356426 0.0765537 0.00316546 0.523348 0.000145739 3.72277e-08 0.00470104 0.323592 6.22159e-06 0.000343459 
0.00737006 0.000113352 3.12761e-05 0.0257037 0.00421577 0.00547885 0.00496129 6.62381e-05 0.0794079 0.0147679 0.799297 0.0155699 2.13385e-07 0.0192591 0.0236721 3.63336e-05 4.85818e-05 
0.00593194 0.00100341 0.00125019 0.308675 0.0157781 0.020554 0.0137978 0.00119925 0.0839436 0.016219 0.342479 0.00116258 0.0014062 0.0347079 0.146891 0.00173913 0.00326199 
0.00239367 0.00091785 1.84333e-07 0.00603498 0.0162798 0.00370166 0.000294344 0.000650578 0.112306 0.0461144 0.791608 4.76059e-06 8.43884e-08 0.000186534 0.0194493 4.74114e-05 1.13643e-05 
0.00244101 0.000741505 1.66043e-09 0.00120806 0.0591586 0.00152891 0.000896119 0.00100704 0.0308385 0.0252157 0.822224 0.00311392 4.33042e-07 0.00378337 0.010474 0.0373375 3.14345e-05 
0.00463929 0.000543729 3.34531e-05 0.027315 0.00178761 0.00635942 0.0052447 0.000572814 0.026519 0.0585208 0.6091 0.000164456 1.2599e-07 0.0258627 0.0779305 0.00670762 0.148698 
0.0415871 3.29775e-05 5.73603e-08 0.122133 0.0347317 0.0125597 0.0231587 0.000717727 0.0747867 0.0652155 0.49715 6.18521e-07 2.71332e-08 0.0189516 0.108963 5.07652e-07 1.14318e-05 
0.00239367 0.00091785 1.84333e-07 0.00603498 0.0162798 0.00370166 0.000294344 0.000650578 0.112306 0.0461144 0.791608 4.76059e-06 8.43884e-08 0.000186534 0.0194493 4.74114e-05 1.13643e-05 
0.00239367 0.00091785 1.84333e-07 0.00603498 0.0162798 0.00370166 0.000294344 0.000650578 0.112306 0.0461144 0.791608 4.76059e-06 8.43884e-08 0.000186534 0.0194493 4.74114e-05 1.13643e-05 
0.17759 0.00329466 0.000649579 0.145268 0.0149498 0.0101379 0.00874729 0.000393661 0.119445 0.0163743 0.269096 0.0630183 7.25739e-07 0.121983 0.0473082 0.00173588 6.65199e-06 
0.139132 0.00796005 1.97395e-05 0.215668 0.0436221 0.0016942 0.0217289 0.00115227 0.175058 0.0394846 0.226998 0.00445034 9.52777e-06 0.10201 0.0194622 0.00045153 0.00109855 
0.0384041 8.74537e-05 0.00114664 0.017692 0.204512 0.0572886 0.06715 0.0288917 0.14328 0.0514432 0.296752 0.00801887 2.13003e-05 0.0372811 0.0476155 0.00040439 1.09673e-05 
0.00239367 0.00091785 1.84333e-07 0.00603498 0.0162798 0.00370166 0.000294344 0.000650578 0.112306 0.0461144 0.791608 4.76059e-06 8.43884e-08 0.000186534 0.0194493 4.74114e-05 1.13643e-05 
0.00209945 0.00677103 2.06803e-05 0.0239753 0.00592045 0.00153258 0.000836861 0.00019316 0.0874813 0.0733007 0.655798 0.000257521 1.72206e-07 0.00378179 0.13701 0.00102049 9.59175e-07 
0.0189953 0.0123816 0.00275891 0.0550342 0.0382469 0.00895834 0.000518932 0.000435768 0.0773781 0.255195 0.357664 0.00222614 3.63097e-07 0.114003 0.055877 0.000258415 6.74042e-05 
0.011739 3.4961e-06 0.000335108 0.203885 0.0334593 0.000199145 0.0242489 0.00075081 0.21702 0.000122721 0.372528 2.27161e-05 1.49899e-06 0.0951289 0.00496271 0.0355914 9.36947e-07 
0.0122363 0.005098 0.00188803 0.0358803 0.0115986 0.000773532 0.0118991 0.000129246 0.328209 0.0636202 0.341053 0.00154848 1.11633e-07 0.147745 0.00835187 2.02102e-07 0.029969 
0.000613173 0.000877306 0.00051041 0.040388 0.00509559 0.00389629 0.00480241 0.00109468 0.0227689 0.00528376 0.551825 5.11701e-05 2.26239e-08 0.0114313 0.333163 0.00167689 0.0165223 
0.0518575 0.042907 0.00468973 0.0325193 0.223754 0.00889964 0.00856876 0.0136637 0.050924 0.0202646 0.477269 0.000655484 1.96207e-05 0.0175721 0.0267587 0.0190403 0.000636567 
0.0203436 0.00617591 4.84034e-05 0.024055 0.207462 0.000287368 0.00133273 0.00160557 0.0521317 0.0119797 0.609252 0.0374421 3.18525e-06 0.0145814 0.012884 0.000365564 4.92606e-05 
0.0075618 0.000126646 4.27483e-07 0.00546464 0.0154075 0.0162247 0.00164853 2.93767e-05 0.0196796 0.0182989 0.893154 0.000321788 3.25969e-07 0.01925 0.00281888 7.13486e-06 5.42833e-06 
0.00373992 0.000337321 0.000196171 0.00914886 0.0436258 0.0541535 0.0330469 0.00534448 0.108275 0.113374 0.502407 0.00646203 2.31608e-05 0.0897853 0.0291322 0.000919272 2.95219e-05 
0.00254404 0.000357491 0.000201272 0.0205943 0.00495892 0.0745423 0.0310848 3.39814e-05 0.151055 0.013354 0.541944 1.20307e-05 7.22356e-06 0.0192496 0.134721 0.000542636 0.0047972 
0.029824 2.66614e-06 1.31182e-05 0.110314 0.0723036 0.0324813 0.0300055 0.00865471 0.0825763 0.000680794 0.525696 0.000518127 8.28055e-10 0.0966781 0.00976708 0.000473666 1.05784e-05 
0.00499003 0.133027 8.29493e-09 0.00880087 0.00544529 0.00242022 0.0222191 8.4625e-05 0.289027 0.00279721 0.324602 5.70776e-05 4.51976e-07 0.206173 0.000293004 6.21687e-05 2.78099e-07 
0.00239367 0.00091785 1.84333e-07 0.00603498 0.0162798 0.00370166 0.000294344 0.000650578 0.112306 0.0461144 0.791608 4.76059e-06 8.43884e-08 0.000186534 0.0194493 4.74114e-05 1.13643e-05 
0.0356457 0.000384069 0.00169365 0.118233 0.0217661 0.00358302 0.00917678 0.00532447 0.0804546 0.0317145 0.296828 0.0632056 2.14728e-06 0.263783 0.0297011 0.0382317 0.000272451 
0.000156543 0.0294295 5.99401e-07 0.00928009 0.00236602 4.45716e-06 0.0778898 0.000741504 0.311645 0.138571 0.3143 0.000146937 2.93709e-07 0.0652816 0.0501459 1.58589e-07 4.01125e-05 
0.00239367 0.00091785 1.84333e-07 0.00603498 0.0162798 0.00370166 0.000294344 0.000650578 0.112306 0.0461144 0.791608 4.76059e-06 8.43884e-08 0.000186534 0.0194493 4.74114e-05 1.13643e-05 
0.0201567 0.000375258 7.04994e-05 0.0419463 0.0135093 4.1332e-05 0.0321753 0.0002911 0.108797 0.00702431 0.569991 0.0489436 3.67969e-09 0.0461962 0.108344 6.57503e-08 0.00213809 
0.00266989 0.00508008 8.75745e-08 0.0123711 0.0589727 0.0656167 0.0102583 0.00095986 0.22877 0.0337233 0.38947 0.0150331 4.95187e-11 0.131022 0.0417904 0.00391723 0.00034555 
0.028791 1.36766e-07 0.00133255 0.0404875 0.129397 0.00629872 0.0170826 0.0030167 0.203141 6.12889e-05 0.302034 0.00015962 2.20503e-08 0.034042 0.12799 0.0335917 0.0725742 
0.0196532 0.000718999 4.05511e-05 0.048489 0.0589671 0.0221144 0.0523583 0.00150879 0.0627393 0.017101 0.590482 0.00924498 2.7888e-07 0.0603892 0.0385725 0.0175091 0.000111554 
0.155744 0.000242892 9.5995e-07 0.114209 0.146368 0.000237997 0.00348925 7.66489e-06 0.0522149 0.115866 0.409514 9.33772e-07 7.31991e-07 0.0010065 0.00108276 1.42371e-05 2.4724e-07 
0.0188512 0.0025131 0.00043221 0.0539786 0.0572232 0.0132917 0.0656109 0.00109662 0.218728 0.0179869 0.265544 0.00258871 2.36582e-05 0.0189485 0.236251 0.0191469 0.00778381 
0.011548 0.00663226 0.000385298 0.0930411 0.073196 0.0284567 0.00577685 0.00584559 0.127002 0.0154045 0.410805 0.000590699 0.000216017 0.0685346 0.141837 0.00802277 0.00270576 
0.00499003 0.133027 8.29493e-09 0.00880087 0.00544529 0.00242022 0.0222191 8.4625e-05 0.289027 0.00279721 0.324602 5.70776e-05 4.51976e-07 0.206173 0.000293004 6.21687e-05 2.78099e-07 
0.0805309 0.0573309 0.00285069 0.0494334 0.0246162 0.0152507 0.0185296 0.00334628 0.208071 0.090882 0.214271 0.00694202 0.00091271 0.0570578 0.164182 0.00405127 0.00174197 
0.0116993 2.17401e-05 8.28999e-05 0.0272589 0.00304388 0.000676646 0.00191938 1.50996e-06 0.0433303 0.0284209 0.776535 1.72116e-05 5.74096e-11 0.000915722 0.106075 1.51002e-06 3.05944e-07 
0.0652023 0.00150892 0.000203808 0.00119594 0.0161563 0.000827226 9.39809e-05 0.000963452 0.00474925 0.0388484 0.738695 0.0186858 3.72496e-06 0.0754869 0.036561 1.22522e-05 0.000806159 
0.160085 0.0724917 5.81667e-06 0.0584797 0.0771429 0.0170586 0.00397136 0.0244105 0.0335685 0.0724205 0.225206 0.000543965 1.31998e-08 0.155208 0.095087 0.00428673 3.36534e-05 
9.8078e-05 1.2874e-05 3.38309e-09 0.0134909 0.000213482 0.00323238 0.000913603 1.5867e-09 0.298329 0.000389017 0.364785 6.8545e-13 8.60262e-10 0.000309775 0.318219 6.9599e-06 1.23432e-09 
0.0609698 0.000314234 0.00921495 0.124333 0.040097 0.00476512 0.0149505 0.00257689 0.159966 0.10203 0.305804 0.00520372 2.08716e-06 0.152149 0.0103031 0.00730645 1.41671e-05 
0.0622473 2.35261e-05 0.000532199 0.0119962 0.0730379 0.00590635 0.000839182 6.64913e-07 0.0116651 0.03095 0.735331 0.00153591 1.06927e-06 0.0588993 0.00699265 3.0899e-07 4.14974e-05 
0.00239367 0.00091785 1.84333e-07 0.00603498 0.0162798 0.00370166 0.000294344 0.000650578 0.112306 0.0461144 0.791608 4.76059e-06 8.43884e-08 0.000186534 0.0194493 4.74114e-05 1.13643e-05 
0.0383097 0.000313257 0.00111561 0.00843764 0.0139657 0.010997 0.00347529 0.00066066 0.167556 0.00610691 0.705389 0.000261914 1.14367e-05 0.0151395 0.0206393 0.00757491 4.62803e-05 
0.00239367 0.00091785 1.84333e-07 0.00603498 0.0162798 0.00370166 0.000294344 0.000650578 0.112306 0.0461144 0.791608 4.76059e-06 8.43884e-08 0.000186534 0.0194493 4.74114e-05 1.13643e-05 
0.00737006 0.000113352 3.12761e-05 0.0257037 0.00421577 0.00547885 0.00496129 6.62381e-05 0.0794079 0.0147679 0.799297 0.0155699 2.13385e-07 0.0192591 0.0236721 3.63336e-05 4.85818e-05 
0.00110497 0.000368912 1.95587e-06 0.0415885 3.20991e-05 0.0399831 0.0112162 0.000124249 0.232374 9.63029e-05 0.575689 0.000121729 3.67914e-08 0.0735359 0.0237429 2.03574e-05 1.24268e-08 
0.0160595 0.0836465 0.00197389 0.0831783 0.0140541 0.024067 0.00595191 0.00297388 0.216827 0.0114866 0.441405 0.000146258 2.93266e-08 0.0376257 0.0530758 0.00751296 1.55669e-05 
0.0311752 0.000790749 3.17955e-05 0.20032 0.121623 0.00100404 0.0238523 0.0110399 0.172009 0.00550768 0.28452 0.00908486 3.85781e-06 0.0804549 0.0575529 0.000984703 4.32955e-05 
0.0384041 8.74537e-05 0.00114664 0.017692 0.204512 0.0572886 0.06715 0.0288917 0.14328 0.0514432 0.296752 0.00801887 2.13003e-05 0.0372811 0.0476155 0.00040439 1.09673e-05 
0.00109314 0.0192111 0.000414352 0.0165218 0.0181388 0.0124649 7.63619e-05 1.02867e-07 0.0244326 0.117797 0.752874 0.000213255 1.58524e-07 0.0136457 0.0224724 7.03405e-07 0.000643575 
0.0596422 2.71956e-05 9.56937e-08 0.165952 0.0939524 0.000331782 0.00226222 0.0119378 0.229606 0.000248313 0.291817 1.17818e-09 4.13642e-08 0.0216569 0.122138 0.000427717 5.83645e-08 
0.0560442 0.000255119 0.000843642 0.110032 0.0257652 0.00324663 0.00291549 0.00861745 0.0659566 0.00314619 0.475876 2.14292e-06 6.21488e-07 0.106033 0.071359 0.0698167 9.07264e-05 
0.000671544 0.000538549 0.000476368 0.0127612 0.0121514 0.0104687 0.00430459 0.00214971 0.339188 0.0175664 0.436941 7.11545e-05 0.0718269 0.0253109 0.0539871 0.0107275 0.000859336 
0.00159896 0.000300503 1.0927e-06 0.0146146 0.000644768 0.0027515 0.000979327 0.000217138 0.0789395 0.0144029 0.837142 4.72478e-05 2.11572e-09 0.0260323 0.0223198 1.09545e-08 8.69441e-06 
0.00030785 0.000974323 0.00032135 0.000246737 0.000229555 0.000417332 0.000274929 9.3187e-05 0.000916686 0.00118841 0.991051 0.000250074 6.9299e-05 0.000725411 0.00248787 0.000260003 0.000186072 
0.00268562 0.000384062 3.78965e-07 0.00913701 0.00418743 0.000955385 0.0164209 0.000180573 0.367345 0.00113045 0.446617 2.98603e-05 6.6158e-06 0.139032 0.0118241 5.32468e-05 1.05237e-05 
0.00316844 0.000151465 0.000481246 0.0639589 0.0389197 0.00757255 0.249976 0.000601677 0.132529 0.00179449 0.300723 6.03247e-06 1.11202e-05 0.0324029 0.135917 0.00312493 0.0286622 
0.0226467 0.000181245 3.02063e-05 0.0977285 0.0154265 0.0120098 0.018776 0.00141004 0.117341 0.0977014 0.5213 0.000388844 1.56314e-05 0.0273438 0.047324 0.00399929 0.0163765 
0.00856732 0.00271424 0.00117765 0.125262 0.0432849 0.0227155 0.0386483 0.00246298 0.0799562 0.219993 0.315982 0.0446801 1.06276e-08 0.0613203 0.0275909 4.31707e-05 0.00560153 
0.0346393 0.00101175 9.38626e-07 0.128774 0.045259 0.0031865 0.0167927 0.000331966 0.0474486 0.0486662 0.621713 1.19041e-05 8.72467e-09 0.0430858 0.00262223 0.00645024 6.49727e-06 
0.0112822 0.000191032 0.00011476 0.0121047 0.0876888 0.00600888 0.223373 0.00102683 0.0733788 0.0078879 0.479737 0.000232107 0.0548812 0.0277946 0.0142563 2.11005e-05 2.11725e-05 
0.0935994 0.0180033 6.12775e-06 0.0134424 0.0405739 0.0435654 0.00112727 0.00307559 0.0877962 0.168302 0.488708 0.000239049 1.2355e-06 0.00375592 0.0377577 1.10004e-05 3.55202e-05 
0.0207731 0.0582973 4.56317e-05 0.0311327 0.0372791 0.0269979 0.0595233 0.00224074 0.0872411 0.0467434 0.460589 0.0948854 1.73309e-05 0.0513938 0.0222208 5.77907e-05 0.000561667 
0.00385212 4.53688e-06 6.40537e-05 0.00738291 0.00506849 0.00668777 0.00703081 0.000305205 0.0925142 0.0029789 0.475638 0.000133876 1.05804e-05 0.00568978 0.375602 0.000253312 0.0167828 
0.00309638 2.55876e-05 6.33553e-05 0.0590634 0.0453024 0.00429164 0.00487771 0.0299497 0.126714 0.0286031 0.502682 0.00426554 4.39583e-06 0.0504872 0.0897241 0.050744 0.000105325 
0.0112208 0.000531522 0.000168813 0.146733 0.0113074 0.00281864 0.00185062 0.000578852 0.0958619 0.0347764 0.606871 1.65829e-06 0.00026841 0.00912842 0.0708865 0.00698301 1.25247e-05 
0.00239367 0.00091785 1.84333e-07 0.00603498 0.0162798 0.00370166 0.000294344 0.000650578 0.112306 0.0461144 0.791608 4.76059e-06 8.43884e-08 0.000186534 0.0194493 4.74114e-05 1.13643e-05 
0.0599584 0.0016522 0.000109166 0.0442409 0.0927865 0.00562691 0.0322382 0.00138593 0.145461 0.0187513 0.540467 0.00132775 7.80997e-05 0.0158091 0.0217406 0.0183572 9.545e-06 
0.0091686 0.00404031 0.000281074 0.0257527 0.0367853 0.00187712 0.0116259 0.000501702 0.140681 0.0832381 0.646624 4.62366e-05 2.64911e-06 0.00523296 0.026109 0.00790426 0.000128684 
0.00373878 0.00125868 0.000291313 0.0709685 0.0530286 0.0114985 0.00308519 0.00481134 0.209677 0.0138069 0.442973 4.59168e-05 8.7647e-08 0.0707673 0.0356857 0.0783453 1.75474e-05 
0.0679048 3.85915e-06 6.07119e-05 0.046082 0.0468696 0.00139415 0.0438774 1.6711e-06 0.0675417 0.0254239 0.627101 6.58861e-06 3.30862e-07 0.0120443 0.0452101 4.58867e-06 0.0164733 
0.0233301 0.0179425 6.76469e-06 0.0209321 0.0220654 0.212542 0.037584 0.000301893 0.229679 0.0495128 0.267544 7.33809e-05 1.97253e-05 0.0516781 0.0477385 0.0141994 0.00485042 
0.0141454 0.051772 1.38708e-07 0.0521378 0.0170574 0.00297045 0.00346209 0.000793974 0.155122 0.0921938 0.579459 4.7654e-05 4.27304e-05 0.0111094 0.0189294 0.000530894 0.000225908 
0.000347217 4.6907e-06 1.69502e-08 0.00484988 0.00356245 0.000188884 0.000479315 3.38647e-06 0.0159082 0.00407598 0.962313 3.10622e-06 6.15958e-09 0.00247368 0.00535597 0.00043388 4.98884e-09 
0.0586538 0.000880946 0.000620149 0.122105 0.0742292 0.017137 0.0201619 0.00165875 0.103754 0.0283217 0.287748 0.00445896 4.57559e-07 0.170072 0.0279635 0.00355835 0.0786771 
0.00786427 0.000311182 0.000874947 0.210183 0.00944 0.00551217 0.0101733 0.000778402 0.104158 0.0437408 0.303209 0.000720406 2.18403e-08 0.024888 0.254053 0.00337541 0.0207183 
0.00861555 0.0100743 0.00285372 0.0498359 0.0361395 0.0848298 0.0311818 0.00799525 0.21129 0.0314713 0.248146 0.000172091 5.45362e-05 0.038865 0.232287 0.0060889 9.91712e-05 
0.029824 2.66614e-06 1.31182e-05 0.110314 0.0723036 0.0324813 0.0300055 0.00865471 0.0825763 0.000680794 0.525696 0.000518127 8.28055e-10 0.0966781 0.00976708 0.000473666 1.05784e-05 
0.00353223 0.0103646 0.000170049 0.078255 0.00153408 0.00141231 0.00471846 0.00021746 0.0840745 0.0114249 0.717057 0.0115774 6.22165e-07 0.0415144 0.0328084 0.00120315 0.000135972 
0.00226199 0.000232362 3.4787e-11 0.0334678 0.0212304 0.00229235 0.0572535 3.23313e-05 0.179793 0.00582339 0.636172 0.00207687 1.64988e-07 0.00340875 0.055857 9.69487e-05 2.15917e-07 
0.00296793 0.000195637 9.34905e-11 0.0205256 0.0680655 0.00260967 0.000845456 0.00178639 0.100108 0.338684 0.409055 0.000494309 8.70873e-07 0.00584519 0.0487354 1.55807e-11 8.1614e-05 
9.22049e-05 0.00510086 8.10236e-08 0.0132585 0.064649 0.0357942 0.00189802 0.00563953 0.17972 0.0911329 0.467485 2.42144e-07 3.70742e-08 0.024489 0.109844 1.70355e-07 0.000896333 
0.00889472 0.000584096 3.47353e-12 0.0052532 0.0481064 0.00782243 0.00253272 0.00534939 0.0603411 0.349346 0.44735 0.00145984 2.31282e-06 0.0175264 0.0451885 5.78882e-13 0.000243596 
0.0284821 0.00060486 8.59199e-06 0.000242424 0.134087 0.00244022 5.47259e-05 0.00725285 0.230289 0.0661907 0.333686 0.0013405 1.06103e-05 0.193856 0.00131661 3.08415e-05 0.00010589 
0.0197182 0.0260844 0.00228502 0.0472719 0.0477146 0.0258962 0.00198637 0.00213257 0.0567959 0.0258417 0.406048 0.000683921 6.35862e-07 0.110724 0.217802 0.003252 0.00576253 
0.0255393 0.000102208 1.14184e-07 0.0331865 0.0324095 0.0916069 0.0128864 4.57426e-05 0.0578975 0.275513 0.368505 1.35033e-05 0.00104379 0.0845015 0.0155149 0.000255082 0.000978816 
2.86202e-05 1.20024e-05 5.09504e-07 2.67385e-05 7.19777e-05 3.99163e-05 8.06394e-05 5.01864e-05 0.000222546 0.000104471 0.99892 3.51017e-05 9.68857e-10 7.76407e-05 8.20797e-05 0.000244592 2.78191e-06 
0.00737006 0.000113352 3.12761e-05 0.0257037 0.00421577 0.00547885 0.00496129 6.62381e-05 0.0794079 0.0147679 0.799297 0.0155699 2.13385e-07 0.0192591 0.0236721 3.63336e-05 4.85818e-05 
0.0384375 2.77419e-05 2.72899e-06 0.0281329 0.0318825 0.00364979 0.00300582 0.00238118 0.107592 0.193692 0.394143 0.00104733 6.33984e-05 0.0221446 0.172323 0.000165726 0.00130976 
0.0128614 0.00143069 6.7531e-05 0.0389784 0.0331326 0.153073 0.0561232 0.0188685 0.204432 0.00711211 0.360659 0.0023296 5.99581e-07 0.0258987 0.0562914 0.016893 0.0118478 
0.0120777 0.000497204 0.000257199 0.233148 0.0174012 0.0220635 0.017315 0.00226155 0.153177 0.0184526 0.387231 0.0179238 2.10455e-05 0.0506539 0.0492808 0.0142623 0.00397563 
0.00101745 0.000909873 0.00073266 0.16312 0.0391473 0.00319688 0.0012328 0.000206478 0.0621636 0.0294901 0.513428 1.59169e-05 0.00216903 0.0063499 0.174959 0.00179206 6.83305e-05 
0.0781746 0.00473537 2.08887e-07 0.0131008 0.0497303 0.0155807 0.00747105 2.69137e-05 0.0345596 0.0393253 0.718326 1.62647e-07 4.53061e-08 0.0152784 0.0195424 0.00412626 2.24609e-05 
0.0129957 4.62299e-07 0.000422427 0.00357176 0.185696 0.0306593 0.00550057 2.49068e-07 0.190206 0.0452838 0.434267 5.04778e-07 7.72855e-08 0.00433646 0.0870584 4.29878e-08 1.38398e-07 
0.0116993 2.17401e-05 8.28999e-05 0.0272589 0.00304388 0.000676646 0.00191938 1.50996e-06 0.0433303 0.0284209 0.776535 1.72116e-05 5.74096e-11 0.000915722 0.106075 1.51002e-06 3.05944e-07 
0.00600108 0.0114056 7.02382e-05 0.00814687 0.00320556 0.00287095 0.00645547 6.16201e-05 0.0760388 0.243355 0.543962 0.000138589 4.51482e-05 0.00293252 0.0930348 0.000675974 0.00159979 
0.000961784 0.000515531 0.000163924 0.134159 0.00201994 0.000650929 0.00444234 8.10263e-06 0.0905502 0.00681237 0.516756 4.9386e-06 1.45484e-08 0.00182472 0.241126 4.19058e-06 5.9151e-08 
0.00210088 0.00171573 0.000410755 0.0551577 0.0333786 0.0117264 0.00172618 0.00432936 0.00723833 0.111467 0.670103 4.46797e-07 3.50248e-07 0.00340615 0.0317557 0.064969 0.000514769 
0.00599359 6.22634e-06 0.000749526 0.00674011 0.0169825 0.0044116 0.00974486 0.00209154 0.0283366 0.000390818 0.817374 3.16267e-05 2.30798e-07 0.00776415 0.0490258 0.00345385 0.0469031 
0.0707678 0.000410633 3.23605e-05 0.0244303 0.00662917 0.00030522 0.000676991 0.000128576 0.0417583 0.0169425 0.79155 0.000228925 3.83516e-07 0.0211311 0.0205885 3.66728e-06 0.00441585 
0.00165431 8.9956e-06 5.34032e-09 0.00405831 0.015207 0.000857684 0.0244996 9.38941e-05 0.157705 0.00342291 0.71125 0.000524745 3.24091e-10 0.0505604 0.016804 0.0133534 2.99508e-07 
0.0935994 0.0180033 6.12775e-06 0.0134424 0.0405739 0.0435654 0.00112727 0.00307559 0.0877962 0.168302 0.488708 0.000239049 1.2355e-06 0.00375592 0.0377577 1.10004e-05 3.55202e-05 
0.0123223 0.000195942 1.00152e-08 0.22185 0.0338939 0.0225835 0.0400405 0.00149473 0.14569 0.0406861 0.399708 0.000244397 2.11445e-06 0.0472614 0.0148472 0.0191796 6.33694e-07 
0.101208 0.0034733 0.00970225 0.0487588 0.0456586 0.028886 0.0276602 0.0730831 0.187482 0.0646698 0.268723 5.30176e-07 0.000817906 0.0909356 0.0172376 0.0315899 0.000114438 
0.0224025 0.000121349 1.3158e-06 0.00802054 0.0455244 0.0294759 0.0405889 0.00346319 0.33292 0.00640958 0.418698 0.000140065 1.77764e-05 0.0768328 0.011595 0.00374173 4.6999e-05 
0.00239367 0.00091785 1.84333e-07 0.00603498 0.0162798 0.00370166 0.000294344 0.000650578 0.112306 0.0461144 0.791608 4.76059e-06 8.43884e-08 0.000186534 0.0194493 4.74114e-05 1.13643e-05 
0.0192918 0.000754518 1.09477e-09 0.028663 0.0430001 0.0122619 0.0398886 0.00328169 0.18769 0.0174127 0.547821 2.26952e-05 7.3712e-06 0.0450143 0.00304728 0.0517668 7.6344e-05 
0.0898269 0.00228375 0.00100825 0.0732494 0.0285816 0.00664632 0.0018966 0.00193358 0.0725549 0.0189863 0.353545 0.00473488 8.54891e-07 0.104984 0.10364 0.00187412 0.134255 
1.8327e-05 7.9654e-06 4.89789e-07 0.0040372 0.000107381 0.000834193 0.000243297 6.10168e-06 0.128831 6.90184e-05 0.648612 6.04021e-10 2.32776e-07 5.4002e-05 0.217176 2.39502e-06 3.3363e-07 
0.00810689 4.11177e-05 0.00377871 0.0258235 0.00815061 0.00246617 0.281792 0.00226596 0.0661592 0.000539246 0.381011 0.000108772 0.0328588 0.0171047 0.156791 0.000204571 0.0127982 
0.0116993 2.17401e-05 8.28999e-05 0.0272589 0.00304388 0.000676646 0.00191938 1.50996e-06 0.0433303 0.0284209 0.776535 1.72116e-05 5.74096e-11 0.000915722 0.106075 1.51002e-06 3.05944e-07 
0.00191852 0.00452651 0.000404725 0.116961 0.00186973 0.0262215 0.0190488 0.000564139 0.276495 0.0101324 0.305082 0.000660267 4.46862e-05 0.056658 0.159087 0.0169524 0.00337306 
0.0288572 0.00332126 1.21192e-07 0.0194664 0.0326978 0.0227672 0.00566118 0.00187726 0.246344 0.0281919 0.307473 0.000114268 3.4513e-06 0.120103 0.182977 2.80168e-05 0.000118217 
0.00480165 0.000770705 0.000153268 0.134875 0.0153858 0.0058665 0.0210608 0.000450025 0.144272 0.0148743 0.334031 0.00142245 1.11652e-05 0.0468613 0.26349 0.00948771 0.00218631 
0.0410776 0.000183692 2.87486e-05 0.0191266 0.106772 0.00121643 0.000257948 0.00407186 0.0966769 0.0284358 0.65325 0.00776737 3.29408e-05 0.0277436 0.0131877 2.87903e-05 0.000142148 
0.0227633 5.11634e-05 0.00206918 0.0250938 0.00602596 0.00290358 7.96156e-05 0.000318953 0.0282373 0.00809557 0.798358 0.000160425 0.00770578 0.0426868 0.0546709 0.00068141 9.79789e-05 
0.00571809 1.93226e-07 0.000216473 0.156178 0.0419314 0.00395932 0.0418052 0.000474186 0.24431 0.0548708 0.335192 0.00523583 9.74805e-12 0.0547017 0.0550946 0.000311762 3.01592e-08 
0.0333691 0.0160027 5.36184e-05 0.0391994 0.0507848 0.00300818 0.0182106 6.33111e-06 0.0591106 0.0397796 0.437157 0.00025671 1.09381e-07 0.0774547 0.209259 0.000506369 0.0158404 
0.233622 1.51712e-05 2.40899e-09 2.70294e-05 0.183428 1.4598e-06 0.0186425 7.97578e-10 0.147925 0.0583772 0.339551 0.000494436 1.83692e-09 0.0179103 6.44979e-06 4.01471e-10 6.20447e-10 
0.015611 0.000632628 0.000200779 0.217659 0.0433964 0.00389232 0.0240624 0.000574948 0.197772 0.0252275 0.336076 9.95545e-05 2.80086e-06 0.003377 0.0374943 0.0939199 2.34318e-06 
0.045774 8.92054e-05 0.000147557 0.11181 0.0265444 0.0208458 0.0106977 0.00192122 0.115736 0.00284692 0.500647 0.000727217 1.07276e-08 0.0731694 0.068654 0.0203836 5.9547e-06 
0.00525591 0.000647615 0.0131408 0.0452729 0.0147492 0.000182436 0.0037325 0.000235101 0.111371 0.0229806 0.768099 9.89863e-05 2.21474e-06 0.00780903 0.00559184 0.000823933 7.62407e-06 
0.0122904 0.0146432 0.000117714 0.0293978 0.0319915 0.0498519 0.00861456 0.00927343 0.130355 0.136613 0.372238 0.0398677 6.59042e-07 0.117024 0.0380174 0.00342111 0.0062825 
0.0123223 0.000195942 1.00152e-08 0.22185 0.0338939 0.0225835 0.0400405 0.00149473 0.14569 0.0406861 0.399708 0.000244397 2.11445e-06 0.0472614 0.0148472 0.0191796 6.33694e-07 
0.00239367 0.00091785 1.84333e-07 0.00603498 0.0162798 0.00370166 0.000294344 0.000650578 0.112306 0.0461144 0.791608 4.76059e-06 8.43884e-08 0.000186534 0.0194493 4.74114e-05 1.13643e-05 
0.00239367 0.00091785 1.84333e-07 0.00603498 0.0162798 0.00370166 0.000294344 0.000650578 0.112306 0.0461144 0.791608 4.76059e-06 8.43884e-08 0.000186534 0.0194493 4.74114e-05 1.13643e-05 
