0.0633844 0.00924977 0.000807231 0.00963551 0.0526294 0.369877 0.00763401 0.0362898 0.087724 0.0249214 0.022779 0.000556294 0.00252284 0.0699357 0.0775836 0.109892 0.054578 
0.0056857 6.37122e-08 0.000350286 0.0174088 0.0243725 0.0105562 0.00781457 0.00272779 0.156607 0.00228202 0.00475399 6.36788e-08 0.00038224 0.0187499 0.0330857 0.00620887 0.709014 
0.00370587 0.00014824 0.531883 0.00104284 0.0303594 0.00130394 0.000103029 0.00944173 0.0334651 0.335896 8.3713e-05 1.11351e-05 0.000126498 0.00578305 0.0183398 0.0128025 0.0155043 
0.00823348 0.00178186 5.52749e-07 0.000821884 0.722861 0.000363008 0.000698187 0.0881839 0.0911493 0.00617655 0.000125637 3.31987e-07 1.59454e-05 0.0601303 0.0160078 0.00343105 1.93477e-05 
0.00208642 0.000524142 1.33571e-05 0.00050014 0.0217036 0.00456285 0.000752126 0.000395371 0.00298825 0.949652 0.00806642 2.41116e-06 4.33166e-05 0.000299161 0.00672584 2.17046e-05 0.00166297 
0.194079 4.08484e-05 0.000850213 0.521244 0.0831762 0.004088 0.0171373 0.00758384 0.0601233 0.00891195 0.0304846 8.93977e-07 0.00176874 0.054433 0.0152854 0.000765918 2.70311e-05 
0.033054 0.00756386 0.00174032 0.0146792 0.0068408 0.550687 0.000930105 0.00412524 0.0338201 0.0343006 0.0289119 0.000648545 0.00544759 0.0791159 0.0888473 0.000816372 0.108471 
0.00740401 0.00308621 0.00213417 0.0462219 0.0156762 0.022172 0.0127809 0.000650222 0.367392 0.0375041 0.0905959 0.000276948 0.000325268 0.0290072 0.30665 0.0100289 0.0480938 
0.00731546 0.000388806 0.000738014 0.0771434 0.0411993 0.00744898 0.0183957 0.00067764 0.197028 0.0144662 0.563178 0.000160519 0.00184571 0.0341555 0.0292091 0.00640604 0.000243149 
0.000557487 0.000181172 0.00044066 0.260018 0.00304189 0.0812821 0.0660424 0.00114046 0.210758 0.00173193 0.0172307 1.77568e-09 8.66026e-07 0.0103637 0.347186 2.40416e-05 3.60571e-09 
0.0719019 0.0012742 0.00056445 0.084143 0.027992 0.193176 0.0299424 0.000606552 0.192689 0.00234462 0.0167359 0.000302588 0.00286556 0.292496 0.0314173 0.0453594 0.00618937 
0.0300719 0.0061896 0.00138478 0.0464168 0.0387147 0.372307 0.0122217 0.0101502 0.166249 0.0279969 0.0109183 0.00105424 0.00570954 0.198843 0.0523053 0.0167003 0.00276641 
0.1149 0.0160933 0.00179814 0.0123538 0.442083 0.0101917 0.00631269 0.0268988 0.136786 0.0098385 0.00902612 0.000355568 0.00329799 0.0313907 0.108041 0.0151921 0.0554406 
0.0294776 0.000401612 0.000721958 0.0361297 0.169755 0.188651 0.034579 0.0100025 0.160653 0.0457995 0.00202379 0.000133854 0.000464459 0.273669 0.038903 0.00806804 0.0005682 
0.000501523 0.0224648 0.044081 0.021994 0.00928339 0.0117211 0.0540272 0.00135946 0.0388162 0.116404 0.00237545 0.000156664 0.000324654 0.0127447 0.530576 0.00107655 0.132094 
0.0017967 0.00102583 0.00168657 0.00777545 0.0158795 0.0448689 0.0314681 0.000258255 0.227291 0.0640258 0.00539147 8.50478e-05 0.000197986 0.0158436 0.573114 0.00390282 0.00538909 
0.00913528 0.000128711 0.000356582 0.00422935 0.0646518 0.000790966 0.135369 0.02187 0.0428603 0.0871597 0.00185113 1.64254e-05 0.000159432 0.625977 0.00424267 0.000858571 0.000342643 
0.00100633 0.000499878 0.000420117 0.0161631 0.00616716 0.00214922 0.00114064 0.000193776 0.00793399 0.0433085 0.0212048 1.28701e-05 6.36821e-05 0.00801094 0.0287888 0.000144677 0.862792 
0.000378782 0.000115868 3.85751e-05 0.0505826 0.0052368 0.00520403 0.789908 1.2926e-05 0.0264272 0.0104102 0.00473679 2.46911e-09 1.77574e-07 0.100375 0.00656532 7.74032e-06 1.55064e-08 
0.0266482 6.79188e-05 0.000712995 0.0528601 0.121017 0.0033341 0.000941854 0.0177935 0.110829 0.437232 0.106943 1.97154e-05 6.89357e-05 0.0449055 0.0756483 0.000187438 0.000790715 
0.119621 0.00038076 1.16994e-06 0.0361253 0.0727405 0.0133154 0.00542166 0.044232 0.321865 0.0193387 0.0186821 3.92893e-10 5.36293e-08 0.311165 0.0354523 0.0016589 5.95722e-09 
0.00086024 0.00152799 0.0035953 0.00368539 0.0287267 0.080544 0.0127695 0.000610138 0.197502 0.265918 0.0946197 0.000288707 0.000653797 0.0735471 0.206288 0.027366 0.00149814 
0.00055399 0.0125989 0.00520649 0.153833 0.0676893 0.0191767 0.0281939 0.00100826 0.0460946 0.133742 0.0442829 7.7584e-05 0.000969441 0.130499 0.307191 0.00502907 0.0438524 
0.0229294 0.232008 0.000806642 0.0387471 0.0324035 0.0721078 0.00367715 0.00113741 0.307962 0.0443639 0.0147639 0.000127673 0.00244846 0.140979 0.0677583 0.0105288 0.007251 
0.00287179 0.00137721 0.000251773 0.0973813 0.0508379 0.184732 0.0241878 0.0247749 0.0328951 0.442449 7.77381e-05 3.12147e-05 0.0774589 0.0536131 0.00567021 0.000561686 0.000829148 
0.0262381 0.0208859 0.000417689 0.00661144 0.536685 0.00107647 0.000376273 0.00809054 0.0352201 0.0289621 0.000846375 6.10577e-06 9.13998e-06 0.00262546 0.0336863 0.298228 3.5177e-05 
0.0132914 0.00371686 0.00228536 0.230924 0.0390118 0.0792114 0.0623269 0.00526042 0.23359 0.025729 0.00820075 0.00209878 0.00872498 0.172556 0.100877 0.00821302 0.00398276 
0.093552 6.54536e-09 3.56087e-06 0.000528289 0.770784 0.00792371 0.00893348 0.0179199 0.0164372 0.000766188 7.12393e-05 6.4707e-10 8.74824e-06 0.0425418 0.00191941 0.038606 4.98211e-06 
0.0063494 3.62682e-07 6.33538e-07 4.17169e-06 2.02131e-06 0.0558966 1.01892e-06 0.00085423 0.0573984 0.81422 2.28897e-05 3.22873e-07 0.0124488 0.0196863 0.0308796 0.00113434 0.00110039 
8.13609e-05 0.000210327 0.509582 0.0276834 0.00683999 0.000858668 0.00640287 0.000142925 0.00536237 0.0138324 0.127153 6.48711e-05 0.00126206 0.00385866 0.293529 0.000348682 0.00278766 
0.0197787 0.0291238 0.000132837 0.00495954 0.00316734 0.0470886 0.118425 0.000252568 0.102753 0.531939 0.0763957 1.31291e-05 0.000598188 0.0375291 0.0116067 0.0157894 0.000447567 
0.0211026 0.00189942 4.94261e-06 0.0166067 0.0661666 0.196435 0.0014193 0.0739027 0.432767 0.0379171 9.23405e-05 2.86527e-07 2.96929e-07 0.061949 0.0860901 0.000715182 0.00293103 
0.0027627 6.05437e-05 8.4358e-05 0.0137393 0.00532085 0.351728 0.387231 0.000561921 0.0748958 7.27925e-05 0.00154735 5.79335e-06 1.13794e-05 0.0655577 0.0413947 0.0549629 6.31136e-05 
0.00488126 0.474312 2.15548e-10 0.00271277 0.00393586 0.000578463 0.00564727 5.14448e-07 0.100802 0.315493 0.00517299 2.0967e-10 2.44842e-07 0.0197413 0.0641585 3.14685e-08 0.00256398 
0.0451585 0.00049272 1.77775e-06 0.0651166 0.423116 0.00764243 0.00140958 0.378459 0.015113 0.00267195 0.00404682 3.44062e-08 6.85514e-06 0.0318272 0.000738486 0.0241986 6.79313e-07 
0.00877304 0.000865378 1.00526e-05 0.0103735 0.133099 0.0118847 0.0187736 0.00108047 0.269008 0.444078 0.0201035 2.14906e-09 1.12589e-06 0.0182271 0.0318355 0.00103983 0.0308486 
0.0164123 9.22077e-05 3.14564e-05 0.0108077 0.00861654 0.00916066 0.00693715 0.000207432 0.0661183 0.804834 0.0181803 1.22048e-07 8.28312e-06 0.0558289 0.0025341 0.00022947 7.69026e-07 
0.00027179 1.10237e-06 1.36003e-05 0.0479528 0.00620797 0.0035213 0.851134 1.83776e-06 0.0231247 0.00316802 0.0243855 1.08201e-08 7.50785e-08 0.0066387 0.0335715 6.70843e-06 2.2147e-07 
0.00706696 0.000338008 0.00062443 0.09026 0.00751946 0.0279903 0.0382663 0.000754893 0.212887 0.00257932 0.00443292 0.000315519 0.00388564 0.0410232 0.557314 0.000346186 0.0043956 
0.00289346 0.000246965 0.000406408 0.000339737 0.0973312 0.143531 0.00942493 0.00124942 0.158239 0.296109 0.005429 5.37212e-05 0.0640447 0.0424829 0.176554 0.000176977 0.00148858 
1.33407e-06 8.35497e-07 1.36384e-10 0.0110826 0.0355381 1.16147e-06 4.07779e-07 7.45097e-07 7.72254e-06 0.668421 0.0217659 1.32665e-10 2.80896e-07 0.0103961 0.0130386 0.239745 1.19465e-07 
0.00204281 3.96519e-08 4.12841e-05 0.0191947 0.0152911 0.217403 0.174627 0.00353698 0.345514 0.00424892 0.000618949 3.15292e-08 1.4136e-05 0.188955 0.027541 0.000962769 9.10492e-06 
0.0063494 3.62682e-07 6.33538e-07 4.17169e-06 2.02131e-06 0.0558966 1.01892e-06 0.00085423 0.0573984 0.81422 2.28897e-05 3.22873e-07 0.0124488 0.0196863 0.0308796 0.00113434 0.00110039 
0.0288715 0.00338607 0.00343221 0.00479416 0.397406 0.00695778 0.00254083 0.245623 0.0319662 0.00587143 0.000676147 0.000473248 0.000501482 0.0572178 0.0143298 0.191582 0.00437075 
0.0111013 3.76244e-05 8.88319e-05 0.0172646 0.0240927 0.292002 0.0416796 0.0107158 0.0533257 0.000991841 0.00500442 1.34994e-05 2.82933e-05 0.515177 0.00149709 7.46133e-05 0.0269057 
0.00250732 0.0295295 1.06307e-05 0.0125606 0.0594981 0.0237995 0.147366 4.8636e-05 0.513032 0.0906723 0.117674 3.63449e-08 1.94885e-05 0.00299684 0.000216312 6.625e-05 2.92401e-06 
0.282443 0.00126704 1.94019e-07 0.134109 0.00613483 0.00162769 0.000176303 0.000228723 0.171355 0.00586868 0.0570526 1.0586e-07 3.29365e-06 0.0278995 0.311809 5.00384e-06 2.00458e-05 
0.00100138 1.30196e-06 1.05827e-05 0.0107513 0.00579412 0.000248581 1.16046e-06 0.000280881 0.038157 0.736218 1.67308e-06 5.91444e-10 2.13745e-07 0.0128047 0.193617 0.000307663 0.000804705 
0.00010388 0.000299605 8.75547e-05 0.00809568 0.00302944 0.00458537 9.91247e-05 0.000196585 0.120554 0.037243 0.479733 1.97799e-05 0.00041362 2.22227e-05 0.345305 3.87249e-05 0.000173284 
0.00764879 0.027417 0.00136395 0.0788658 0.0215309 0.0789966 0.0295234 0.00336138 0.287359 0.00268035 0.00728942 0.000514744 0.00150147 0.308277 0.138326 0.00359593 0.00174836 
0.00994637 0.00642681 0.00160071 0.0591573 0.017885 0.0604271 0.0189566 0.0029231 0.279518 0.0289057 0.0853138 0.000704139 0.00309267 0.147459 0.243075 0.0241537 0.0104553 
0.000693497 0.00586238 9.66757e-05 0.0347709 0.0123214 0.0744593 0.0193592 0.000475553 0.299566 0.0027036 0.0211928 3.07796e-05 0.000217634 0.0195406 0.461413 0.000937443 0.0463589 
0.00488126 0.474312 2.15548e-10 0.00271277 0.00393586 0.000578463 0.00564727 5.14448e-07 0.100802 0.315493 0.00517299 2.0967e-10 2.44842e-07 0.0197413 0.0641585 3.14685e-08 0.00256398 
0.0213282 0.00924357 0.0021258 0.0175629 0.00836052 0.512966 0.00113651 0.00374407 0.0413348 0.0386833 0.0215839 0.000792233 0.00665247 0.0966958 0.108589 0.000997478 0.108204 
0.000919446 0.00550549 0.000176732 0.00487341 0.00461816 0.6245 0.000267524 0.00306876 0.178084 0.0211148 2.55618e-05 2.1567e-05 0.00119489 0.135626 0.0199111 2.21212e-05 7.06942e-05 
0.00331425 0.00013731 0.000708264 0.000663071 0.00195413 0.577565 0.00949861 1.67603e-05 0.0837754 0.271787 0.0011885 9.54123e-06 0.000132797 0.0305497 0.0141415 0.000131403 0.0044269 
0.0474657 0.00013017 0.0140146 0.0197756 0.036533 0.00476311 0.0350419 0.000394184 0.0872012 0.000618582 0.00213105 5.79988e-05 0.000193684 0.128054 0.589777 0.000688673 0.0331591 
0.0137306 1.89605e-06 0.00018241 0.507809 0.00412545 0.00249771 0.124006 6.4028e-05 0.00813587 0.00292487 0.0459342 2.85911e-08 0.00423965 0.00425633 0.28208 4.19063e-07 1.17438e-05 
0.0463058 0.0306656 0.000491547 0.0399016 0.185521 0.165209 0.0277712 0.0111212 0.0968578 0.12142 0.0122043 3.09173e-05 5.74464e-05 0.210957 0.0344658 0.0161356 0.00088541 
0.0251956 0.0193495 5.00616e-05 0.189274 0.0741183 0.0110902 0.0218177 0.00391578 0.2851 0.0127635 0.0482204 4.44246e-05 0.00196485 0.237782 0.0685123 0.000641513 0.000160674 
0.00407121 0.000386254 0.000136651 0.00650866 0.0282811 0.0741559 0.00127563 0.00131681 0.0233599 0.0833018 0.000812362 4.8832e-05 0.723522 0.0308611 0.00641181 0.0058557 0.00969415 
0.0274807 0.0102755 0.000604958 0.0753544 0.0785306 0.0438248 0.0218137 0.00813616 0.0889634 0.0122781 0.00866884 0.000541294 0.00248098 0.515945 0.0328546 0.0250072 0.0472396 
8.13609e-05 0.000210327 0.509582 0.0276834 0.00683999 0.000858668 0.00640287 0.000142925 0.00536237 0.0138324 0.127153 6.48711e-05 0.00126206 0.00385866 0.293529 0.000348682 0.00278766 
0.00237952 0.000930416 0.00155988 0.220554 0.0379078 0.00642921 0.0336709 0.00072541 0.102589 0.0818293 0.0795271 4.50036e-05 0.000118005 0.0737373 0.320142 0.000353171 0.0375025 
0.00488126 0.474312 2.15548e-10 0.00271277 0.00393586 0.000578463 0.00564727 5.14448e-07 0.100802 0.315493 0.00517299 2.0967e-10 2.44842e-07 0.0197413 0.0641585 3.14685e-08 0.00256398 
0.033054 0.00756386 0.00174032 0.0146792 0.0068408 0.550687 0.000930105 0.00412524 0.0338201 0.0343006 0.0289119 0.000648545 0.00544759 0.0791159 0.0888473 0.000816372 0.108471 
0.0415214 0.00193018 2.61432e-07 0.0292126 0.176153 0.00643458 0.63163 0.0148069 0.0669009 0.00256355 0.000371717 8.496e-10 2.44593e-07 0.0152824 0.0109892 0.00219192 1.07968e-05 
0.000955178 0.966994 4.94665e-06 0.000724252 0.00815189 6.2794e-08 0.000582222 0.000117485 0.00497076 0.0156459 0.000459044 5.23828e-08 8.0946e-06 0.000267255 6.28346e-05 0.000795824 0.000259715 
0.00954246 0.000424646 0.0118799 0.00618267 0.072394 0.0020184 0.00151169 0.00295382 0.167788 0.147594 0.0254705 0.00010273 0.000305573 0.0643385 0.097285 0.389842 0.000366406 
0.134357 0.0044992 0.00555734 0.0176954 0.367574 0.0187305 0.0210964 0.0464278 0.141225 0.0922808 0.00785093 0.000172272 0.000206616 0.105074 0.0159919 0.0201205 0.00113957 
0.00086024 0.00152799 0.0035953 0.00368539 0.0287267 0.080544 0.0127695 0.000610138 0.197502 0.265918 0.0946197 0.000288707 0.000653797 0.0735471 0.206288 0.027366 0.00149814 
0.00125303 0.000501409 0.088897 0.00974788 0.0064668 0.0170227 0.0303227 0.000396046 0.0575184 0.0392544 0.0711323 0.00022685 0.000574256 0.043506 0.593037 0.000492599 0.0396509 
0.011196 8.20052e-05 0.0247699 0.0973878 0.0576327 0.121858 0.122189 0.00394598 0.29973 0.00232199 0.0124086 3.1861e-05 9.69002e-05 0.130697 0.0731229 0.0409558 0.0015737 
0.0137464 0.000780234 0.0837261 0.0549426 0.122988 0.000459569 0.00221172 0.00853967 0.243399 0.252386 0.00903974 6.04151e-06 1.4162e-05 0.0503249 0.0265002 0.130743 0.000193216 
0.0198368 0.0107416 0.000395996 0.0331977 0.257161 0.0730814 0.0031248 0.029787 0.168684 0.199468 0.00361739 7.35514e-05 0.000564201 0.0918072 0.0730839 0.0353007 7.4106e-05 
0.00135255 2.09029e-06 3.65134e-06 2.39271e-05 1.15935e-05 1.90442e-06 5.84761e-06 1.63841e-06 0.00259774 0.848072 0.135492 1.84398e-08 0.000473569 4.82586e-06 0.0119536 1.358e-06 1.07407e-06 
0.0100481 0.000877616 0.000196888 0.285361 0.0874427 0.00270367 0.00195697 1.27572e-05 0.0208721 0.0106185 0.336452 5.46646e-06 1.30909e-05 0.162835 0.0805855 9.98188e-06 8.5856e-06 
0.0102334 1.37996e-05 0.000332113 0.0103594 0.138975 0.17361 0.00751069 0.0051394 0.154308 0.464863 0.00788718 2.29878e-06 4.7351e-05 0.0232043 0.00347752 1.1921e-05 2.49627e-05 
0.00439282 0.126021 0.0266451 0.027388 0.136476 0.0428152 0.0142129 0.00494165 0.0271733 0.383542 0.00308796 0.000536943 0.00509781 0.14875 0.0315515 0.00860022 0.00876807 
0.00722261 0.00716376 0.00148685 0.288566 0.0156652 0.0109897 0.0944695 0.00233088 0.0382671 0.06007 0.0159849 0.000198136 0.00142147 0.115692 0.330878 0.000279498 0.00931526 
0.000343542 0.00469637 1.95073e-05 0.808205 0.0310882 0.0215166 0.0687932 0.00198474 0.0135715 0.001843 0.000105168 4.06046e-06 9.84437e-06 0.0320747 0.0141308 0.00150499 0.000109021 
0.0013256 2.60493e-05 0.0377194 0.0197742 0.0955101 0.00903963 0.000856832 0.00065844 0.0735899 0.00100491 0.617113 1.41101e-06 0.000168216 0.000164122 0.143044 2.66897e-06 1.78294e-06 
0.00375792 0.000445761 0.0130688 0.0694054 0.0969807 0.0155268 0.0254088 0.0203357 0.182882 0.418261 0.00310013 6.04745e-05 0.00397114 0.107947 0.0204817 0.0180885 0.000278845 
0.0313796 0.0131886 0.00229293 0.0393508 0.468032 0.0283149 0.0123418 0.0345514 0.0481699 0.201824 0.00180223 0.00046635 0.0048896 0.0635054 0.0171759 0.0278164 0.00489849 
0.00374056 0.0756419 0.00350818 0.0530885 0.0308787 0.0859722 0.00549965 0.00292447 0.091377 0.473711 0.00441599 0.00231552 0.0229274 0.0707617 0.0571475 0.0131369 0.00295322 
0.0197787 0.0291238 0.000132837 0.00495954 0.00316734 0.0470886 0.118425 0.000252568 0.102753 0.531939 0.0763957 1.31291e-05 0.000598188 0.0375291 0.0116067 0.0157894 0.000447567 
0.000658101 0.000236862 0.000413753 0.00272446 0.00132009 0.000216518 0.000665438 0.000185899 0.000431364 0.976476 0.0149489 9.58033e-08 0.000150277 0.000549412 0.000746897 0.000154305 0.000121784 
0.0561041 0.00801104 0.00127731 0.0117011 0.774332 0.00288275 0.00230307 0.0275462 0.0163666 0.00182513 0.00194102 0.000244346 0.00372256 0.0691104 0.0139006 0.00545923 0.00327273 
0.0246454 0.0123817 0.0130127 0.0850489 0.0597711 1.27699e-06 0.0492891 1.27673e-06 0.106646 0.440795 0.049661 1.27566e-06 1.27601e-06 0.0329519 0.0927161 0.0234981 0.00957764 
0.000161286 0.0216228 7.05795e-05 0.011881 0.00501306 0.00226765 0.00492368 0.000478418 0.0130344 0.00495808 0.00359936 5.53852e-05 0.000512714 0.00463127 0.0305286 0.0175804 0.878681 
0.00125303 0.000501409 0.088897 0.00974788 0.0064668 0.0170227 0.0303227 0.000396046 0.0575184 0.0392544 0.0711323 0.00022685 0.000574256 0.043506 0.593037 0.000492599 0.0396509 
0.14408 0.0111182 0.00605467 0.025573 0.486718 0.0184413 0.0110006 0.0796105 0.0436824 0.00591851 0.00752169 0.00180623 0.0025142 0.0886363 0.0221782 0.0413391 0.00380712 
0.102339 0.000152618 0.110324 0.00455577 0.0805658 9.04128e-06 0.000794362 0.00207295 0.00483559 0.668492 2.10803e-05 8.52978e-06 0.000302381 0.00438483 0.00241196 0.0169404 0.00178984 
0.00221912 0.0011267 0.0142785 0.0758796 0.010477 0.339344 0.020474 0.000910257 0.150073 0.0173357 0.080376 0.000605433 0.027285 0.0842126 0.15506 0.00195484 0.0183875 
0.00176996 9.19621e-05 0.000160641 0.0404129 0.0189591 0.000254153 0.00176509 9.79471e-05 0.00317338 0.411019 0.514221 8.85406e-12 2.77908e-05 0.00377271 0.0040865 0.000134065 5.40362e-05 
0.00104738 0.00139807 0.00110885 0.371003 0.0107999 0.0396048 0.0533661 0.00147633 0.0712924 0.000166343 0.000965218 1.00682e-06 0.000384335 0.312494 0.13482 6.89868e-05 3.73115e-06 
0.00141031 0.00191145 0.000160473 0.0265681 0.0141825 0.0331389 0.647951 0.000971581 0.0710816 0.00276352 0.00627408 2.64526e-05 0.000834265 0.0732493 0.113312 0.00548387 0.000680574 
0.00970922 0.000936155 4.73344e-06 0.0128632 0.195086 0.00823738 0.00119889 0.00167086 0.161296 0.459076 0.0140967 3.61234e-06 0.00244266 0.0304803 0.0976576 0.00517291 6.72197e-05 
0.134982 0.00130461 0.0246298 0.0894629 0.120387 0.0159473 0.00811785 0.104451 0.146905 0.044754 0.00867168 0.000229434 0.000236384 0.0851654 0.201358 0.0122636 0.00113493 
0.0371238 1.9544e-05 1.30025e-05 0.255599 0.0782837 0.0157043 0.0416022 0.00305775 0.274373 0.0370276 0.0767948 3.23227e-06 5.19026e-05 0.129752 0.016379 0.0198206 0.0143946 
0.0243757 1.58687e-05 6.67466e-08 6.20718e-05 0.128567 4.28252e-05 9.1592e-08 0.360199 0.00338301 0.000559342 5.31879e-05 2.36686e-08 3.44566e-08 0.00373636 0.000851399 0.478155 5.77611e-08 
0.0262856 0.000150378 7.36961e-05 0.0484783 0.178968 0.00850837 0.0611902 0.283084 0.0819814 0.110785 0.00999999 5.58967e-06 0.102577 0.0304346 0.013458 0.0435371 0.000481846 
0.0100012 0.883957 0.0671271 0.00472402 0.00411027 0.000102962 0.000201076 0.00102535 0.0105943 0.0120028 0.000702003 2.25978e-07 0.000454951 0.002492 0.00137807 0.00106751 5.88918e-05 
0.00531066 0.000634628 0.000121282 0.0358344 0.0515432 0.0194647 0.010648 0.00209435 0.0200459 0.819942 0.00150654 9.64906e-05 9.70153e-05 0.0121314 0.0158632 0.0044903 0.000175512 
0.0268562 0.00264996 0.00058851 0.177694 0.0810767 0.0464484 0.392305 0.00505495 0.0466613 0.0123681 0.0560357 6.91634e-05 0.00752879 0.109809 0.0344221 0.00035107 8.11903e-05 
0.033489 2.26409e-05 0.0979254 0.207931 0.00286116 0.0148653 0.139646 0.00156706 0.136099 0.0145269 0.000432553 5.32954e-06 0.0931528 0.220812 0.0365656 7.60795e-05 2.26116e-05 
0.00624003 0.0505767 0.000532994 0.0457994 0.00864833 0.145471 0.0587304 0.00394548 0.0997259 0.0110007 0.00325565 5.83821e-05 0.000155142 0.0543725 0.491391 0.0145448 0.00555171 
0.00964004 0.00071993 0.1095 0.0213684 0.0540789 0.00063121 0.000428139 0.00152753 0.18486 0.554448 0.00167103 0.000193163 0.00739012 0.0220831 0.0173802 0.013171 0.000908003 
0.00308356 1.43089e-05 0.0761439 0.00680147 0.0460419 0.148444 0.0249715 0.00142735 0.0805022 0.534123 0.0016843 1.29892e-05 0.0201673 0.03783 0.00888756 0.00740281 0.00246202 
0.145373 9.62464e-05 4.97937e-05 0.0923681 0.0348631 0.00196701 0.00727902 0.00618193 0.113311 0.36613 0.0500924 1.87506e-06 0.000213335 0.0033336 0.176584 0.00214063 1.50225e-05 
5.56372e-05 7.49358e-06 5.5745e-08 0.0391185 0.0491 0.000167441 0.00250311 6.47646e-06 0.22688 0.661935 0.00221435 5.42248e-08 2.96847e-05 0.00191717 0.0159463 7.08793e-06 0.000110775 
0.033238 0.000286259 4.37187e-06 0.0766486 0.0219432 0.0312931 0.00103654 9.04427e-07 0.442331 0.0311781 0.009545 2.05236e-07 0.000114281 0.221254 0.0604843 0.0706311 1.12417e-05 
0.00875598 0.00210746 0.086748 0.00570462 0.0332675 0.00980646 0.00739438 0.000858418 0.0769273 0.060339 0.00660771 0.00042373 0.000754773 0.00582075 0.669709 0.00917752 0.0155971 
0.033054 0.00756386 0.00174032 0.0146792 0.0068408 0.550687 0.000930105 0.00412524 0.0338201 0.0343006 0.0289119 0.000648545 0.00544759 0.0791159 0.0888473 0.000816372 0.108471 
0.00488126 0.474312 2.15548e-10 0.00271277 0.00393586 0.000578463 0.00564727 5.14448e-07 0.100802 0.315493 0.00517299 2.0967e-10 2.44842e-07 0.0197413 0.0641585 3.14685e-08 0.00256398 
0.37447 7.54645e-07 0.00822181 0.0155544 0.492412 0.0360913 7.54973e-07 0.0118524 0.0172182 7.54993e-07 0.00551082 7.5425e-07 7.54455e-07 0.0305836 0.00521079 7.5504e-07 0.00286957 
0.000394841 0.00023093 0.0426881 0.104217 0.0080295 0.0700931 0.316403 0.030617 0.0760705 0.00141427 0.000604976 0.000118222 0.00547754 0.175426 0.164245 0.00382489 0.000144246 
0.0340154 0.00863516 1.76924e-06 0.0255576 0.0507794 0.000179749 0.00479821 0.000633788 0.0501054 0.0729539 0.747499 5.10783e-08 1.21512e-06 0.00173115 0.00123553 0.00186924 3.04784e-06 
0.0502157 3.18992e-06 3.3267e-06 2.33627e-05 0.468117 0.00020393 0.036362 0.100047 0.102508 0.0572925 3.99877e-06 1.81887e-09 2.40669e-06 0.167937 0.0163236 2.12434e-05 0.0009359 
0.0052534 0.00600363 0.000585828 0.00108718 0.0629353 0.00530798 0.00151743 0.0200554 0.0292265 0.00606255 0.000400703 0.000109857 0.000264607 0.01871 0.0121608 0.830152 0.000166529 
0.0359016 0.000918865 0.00080996 0.117855 0.0662371 0.0492291 0.0212665 0.00396292 0.396259 0.013883 0.0111388 0.000395954 0.0013872 0.177025 0.0916297 0.00579988 0.00630022 
0.0241577 0.00127713 0.00133767 0.354311 0.100405 0.0145311 0.0460178 0.00838258 0.0682332 0.0183045 0.00794705 9.01095e-07 0.00181273 0.104737 0.234154 0.0143844 6.47516e-06 
0.034246 0.00330772 0.000172783 0.54467 0.0311378 0.00981188 0.0337873 0.00275981 0.142581 0.00601264 0.00734815 6.67552e-05 0.00200017 0.101748 0.07031 0.00940494 0.000634511 
0.00348382 6.47351e-07 1.97113e-06 0.00154537 0.00257958 0.00344303 0.000167639 9.98636e-05 0.00986551 0.954644 0.00325039 6.4633e-07 9.57793e-07 0.00329797 0.0174982 0.00010923 1.08081e-05 
0.0520268 0.00100955 0.00207115 0.00646784 0.0310795 0.0471413 0.00233396 0.000848453 0.0634217 0.715436 0.00128312 0.000106879 0.00323295 0.0306152 0.0367136 0.00187038 0.00434176 
0.000143531 0.000227601 0.00188323 0.0120286 0.00132631 0.00139522 0.00323824 0.000200957 0.039408 0.057563 0.788221 5.09085e-06 0.000263224 0.00120409 0.0927951 2.42889e-05 7.29127e-05 
0.0605877 0.00131503 2.74551e-07 0.0572666 0.0543948 0.000473728 0.00177017 0.000598737 0.127024 0.0197072 0.000716385 2.67064e-07 0.0348209 0.627074 0.0138943 0.000305454 5.04161e-05 
0.00232906 0.001423 0.00317121 0.00120532 0.0684368 0.0926796 0.00188323 0.00139803 0.0426691 0.737464 0.000112572 2.07777e-05 0.000280465 0.00796412 0.0275827 0.00659551 0.00478497 
0.000134319 0.000286577 0.0260474 0.000157922 0.106276 0.0253958 9.89957e-05 0.00123164 0.146905 0.51344 0.143279 1.09828e-06 0.00114812 0.00688723 0.0274878 0.00049225 0.000731614 
0.00811891 0.00258148 0.000161289 0.00403238 0.0142014 0.202095 0.00146898 0.00081697 0.0314404 0.575039 0.00749919 0.000129757 0.0780059 0.0389784 0.0278788 0.00629683 0.0012556 
0.00372815 0.000200048 3.11838e-06 0.0159416 0.0551273 0.116988 0.0297646 0.00743714 0.389092 0.00431701 0.0284488 2.88579e-06 4.08352e-06 0.307757 0.0145138 0.0265818 9.23997e-05 
0.0559563 1.00329e-05 3.00723e-10 0.00138088 0.698657 0.0191195 0.00327929 0.0899574 0.0678915 0.0350574 9.0227e-08 2.92522e-10 9.40444e-08 0.00404339 0.0135647 0.0110828 3.75851e-08 
0.00141904 0.00436182 0.000738316 0.139924 0.0117023 0.409177 0.0844563 0.000630323 0.0619492 0.00167168 0.000797584 0.000182567 0.0217989 0.140333 0.0953022 0.0136107 0.0119451 
0.00653893 0.00436688 0.000735052 0.306263 0.0316981 0.0857178 0.187412 0.00427214 0.148916 0.105429 0.069135 9.4012e-07 0.00404041 0.00848151 0.030784 0.00613669 7.30236e-05 
0.010847 0.000127087 0.000195638 0.0742734 0.117008 0.0444923 0.00718794 0.00190669 0.0806873 0.000856797 0.0143502 7.94388e-06 6.5881e-05 0.439004 0.150539 0.00150293 0.0569487 
0.0259329 4.07336e-05 0.00212216 0.000528848 0.645473 0.000416196 4.79456e-06 0.0301908 0.0947168 0.081204 0.000264517 1.11308e-06 1.21595e-06 0.0267053 0.00402683 0.0883054 6.54003e-05 
0.00921438 0.000132401 3.9532e-07 0.394325 0.0013007 0.000877965 0.00538641 1.24817e-05 0.223688 0.00133839 0.164175 3.31406e-07 0.109488 0.0103384 0.0793851 0.000335768 9.25358e-07 
0.00136745 4.31812e-06 4.64659e-09 0.0104041 0.00198267 0.00757216 0.00139556 9.60893e-05 0.449364 0.00183626 0.285648 1.79002e-12 1.35253e-09 0.000428749 0.239844 5.72494e-05 1.94002e-09 
0.59888 1.05148e-06 1.94864e-09 0.123895 0.179221 2.7966e-06 8.95914e-07 0.00305037 0.0271735 0.00218628 0.0185654 1.8955e-09 2.13632e-05 0.00717034 1.13621e-05 0.03982 5.76795e-07 
0.01566 0.00356862 0.00224847 0.367784 0.0331404 0.0351999 0.025377 0.00503454 0.171814 0.0184516 0.0376389 0.00199546 0.00281505 0.0761642 0.189493 0.00719197 0.00642261 
0.0438057 3.1326e-07 0.00236088 0.695947 0.0126303 0.0151023 0.0613737 0.00116637 0.0402711 0.00123261 0.00457702 1.06526e-07 1.55385e-06 0.075309 0.0417882 0.00011093 0.00432269 
0.00626856 0.000274352 0.000170742 0.00507251 0.0972157 0.00355108 0.0155927 0.000277846 0.0426366 0.411631 0.266517 7.60619e-06 3.93552e-05 0.121646 0.0234843 0.00559965 1.50373e-05 
2.75098e-06 4.07237e-06 0.00028791 0.73285 0.00300999 0.0558283 0.134642 8.53027e-08 0.0354816 0.00106721 0.00745846 4.70841e-09 0.000709958 0.00713236 0.0215176 8.59053e-07 6.85524e-06 
0.0306706 4.56663e-05 0.000216385 0.756997 0.0244421 0.00843924 0.045324 0.000725187 0.0705844 0.00807174 0.0270458 9.67495e-06 3.08993e-05 0.00947169 0.0172354 0.000679538 1.10554e-05 
0.0160258 0.000151848 0.0014021 0.355635 0.0433514 0.0418842 0.00633076 0.00217529 0.140628 0.00354439 0.0220947 1.68927e-05 0.00664431 0.068094 0.255379 0.00742166 0.0292199 
0.0459151 0.000425683 0.0186608 0.00530602 0.384184 0.0045993 0.00131975 0.140116 0.115515 0.194021 0.0010278 5.50729e-05 0.000145733 0.0286134 0.0416268 0.0183209 0.000148336 
0.00227228 0.000297691 9.0099e-05 0.023776 0.116266 0.034656 0.0358196 0.0104379 0.0467698 0.327399 0.000565312 8.71536e-05 0.00012877 0.14135 0.251487 0.00110245 0.00749438 
0.00172318 0.000340813 1.62603e-05 0.0733517 0.0298449 0.152408 0.0472963 0.0012306 0.365358 0.0475255 0.00260594 1.01421e-05 0.000672792 0.106005 0.120932 0.00152444 0.0491544 
0.000547286 0.0648154 1.70579e-06 0.0308544 0.0140342 0.000867292 0.0732773 0.00121272 0.338458 0.0271632 0.165426 2.62557e-07 2.29441e-05 0.000151927 0.281532 9.76379e-05 0.00153844 
0.0128352 0.0153397 0.0151388 0.098574 0.0395765 0.22604 0.0134724 0.0162083 0.137886 0.0414376 0.0153995 0.00227406 0.0332329 0.0790353 0.236549 0.00791506 0.00908606 
0.013503 0.0115473 0.000181923 0.00082018 0.28632 0.130444 0.00293389 0.00571223 0.280669 0.0771983 0.000343236 5.99669e-05 0.000389648 0.146567 0.0334495 0.00954724 0.000313557 
8.13609e-05 0.000210327 0.509582 0.0276834 0.00683999 0.000858668 0.00640287 0.000142925 0.00536237 0.0138324 0.127153 6.48711e-05 0.00126206 0.00385866 0.293529 0.000348682 0.00278766 
0.037511 0.00328282 0.00524933 0.0823934 0.155164 0.0498732 0.0447299 0.0129556 0.167211 0.0208307 0.0112677 0.000691296 0.000895878 0.137159 0.201582 0.0414908 0.0277137 
0.0087587 0.00151098 0.00392621 0.00891242 0.114658 0.0521738 0.00456457 0.0720396 0.0432591 0.0288818 0.00045856 0.000426648 0.0319547 0.0505387 0.0124113 0.564787 0.000738303 
0.0176547 0.00698619 0.000252127 0.00400228 0.0325183 0.011494 0.0148704 0.605068 0.0409348 0.0117072 0.000926269 0.000191119 0.000491834 0.0294395 0.118208 0.000415056 0.10484 
0.00451644 0.0215223 0.00592597 0.0363017 0.0535612 0.00971219 0.00186463 0.00827564 0.0871604 0.494803 0.0192058 8.03509e-05 0.000618607 0.0371184 0.125458 0.0861388 0.00773663 
0.0211778 0.00229735 0.0125526 0.12797 0.0927594 0.117909 0.0267661 0.107092 0.198945 0.0239239 0.00395349 9.53872e-05 0.0127576 0.198646 0.0354194 0.0171635 0.000571572 
0.0021558 0.0210392 0.00711148 0.0307214 0.0201401 0.198864 0.0134405 0.00292476 0.106767 0.0251899 0.00275389 0.00098037 0.00283891 0.140275 0.136907 0.00324945 0.284641 
0.0155143 0.00196567 0.0171165 0.0002803 0.116149 0.000874179 0.00524736 0.0139523 0.111916 0.618475 0.0489134 3.38262e-07 5.74214e-05 0.0314077 0.0167679 3.45685e-06 0.00135932 
9.8078e-05 1.2874e-05 3.38309e-09 0.0134909 0.000213482 0.00323238 0.000913603 1.5867e-09 0.298329 0.000389017 0.364785 6.8545e-13 8.60262e-10 0.000309775 0.318219 6.9599e-06 1.23432e-09 
0.00656746 1.65272e-06 7.73246e-07 0.0132823 0.614234 0.00476998 2.22124e-07 0.00295197 0.0978593 0.0432587 7.32022e-07 2.29535e-10 3.79821e-07 0.217055 8.15697e-07 2.33673e-07 1.67699e-05 
0.0108459 5.60597e-05 0.000352596 0.000740122 0.0475433 0.0789985 0.0257688 0.000458633 0.0773302 0.305007 9.90954e-05 2.79242e-05 0.0161783 0.0330091 0.400651 0.00283338 0.000100042 
0.85309 8.48885e-06 5.50265e-09 0.0409382 0.00982341 0.0503688 3.40709e-06 0.000631458 0.00572998 0.00157129 0.00155343 5.35259e-09 7.72385e-08 0.0338248 0.00242345 3.31174e-05 1.20447e-07 
0.00117656 0.000254308 0.00070422 0.212627 0.00709933 0.256883 0.0931765 0.00121571 0.10908 0.00115985 0.00441388 1.11298e-07 0.000113659 0.0393981 0.272202 0.0004955 1.09474e-06 
0.115001 0.00331396 0.000190913 0.0258925 0.106877 0.000449441 0.000776737 0.00352289 0.26205 0.210412 0.184724 6.08372e-08 7.1046e-06 0.0681767 0.00493586 0.0135037 0.000166369 
0.013002 0.00157067 0.00209041 0.0993476 0.246815 0.0263342 0.0519344 0.0382684 0.107245 0.103655 0.00255154 5.63039e-05 0.000405037 0.0360834 0.250752 0.0174908 0.00239773 
0.00249459 0.000554654 7.35778e-07 0.00272267 0.111512 0.00193301 0.00198758 0.00326758 0.00848114 0.835701 0.0242362 4.68563e-10 6.95332e-05 0.0004079 0.00660984 3.14498e-07 2.15458e-05 
0.014946 0.0002683 0.000203409 0.57463 0.0395756 0.00219458 0.00842455 0.0216174 0.176582 0.00836024 0.0749716 1.68963e-06 4.67046e-05 0.031636 0.0462483 0.000283436 1.02969e-05 
0.0803282 0.00191321 0.00123257 4.62379e-05 0.370808 0.00170665 0.000738017 0.0297662 0.118922 0.0356394 1.15271e-07 1.15187e-07 1.15218e-07 0.0245636 0.0255074 0.308562 0.000265291 
0.17709 7.41208e-05 5.78538e-07 0.0059866 0.257168 0.000211493 0.00720431 0.00633901 0.00597152 0.466518 0.0191026 1.28715e-08 5.14318e-05 0.0352626 0.0188678 0.000123052 2.84105e-05 
2.17238e-05 4.01862e-05 5.55434e-05 0.0754203 0.00108422 0.000818214 0.000615548 0.00217551 0.0674581 0.000450883 0.0647494 5.38379e-07 1.02522e-06 8.93658e-05 0.787014 4.28711e-06 1.00842e-06 
0.0163931 0.0010994 0.000906425 0.108375 0.0496103 0.0259013 0.0164684 0.00797394 0.386614 0.0166441 0.147406 0.000537901 0.00803481 0.132707 0.0594731 0.0182772 0.00357836 
0.037782 1.88818e-06 0.00490843 0.190428 0.174578 0.164169 0.0160584 0.0154898 0.159471 0.0255041 1.88857e-06 1.88719e-06 0.00188959 0.00831523 0.201397 1.88917e-06 1.88894e-06 
3.69255e-06 3.69092e-06 0.005537 3.69282e-06 3.69323e-06 0.0110822 3.69252e-06 0.00148052 3.69339e-06 0.773607 3.69168e-06 3.68899e-06 0.0118117 3.6933e-06 0.00665115 3.69285e-06 0.189794 
0.0596422 2.71956e-05 9.56937e-08 0.165952 0.0939524 0.000331782 0.00226222 0.0119378 0.229606 0.000248313 0.291817 1.17818e-09 4.13642e-08 0.0216569 0.122138 0.000427717 5.83645e-08 
0.00256313 0.00373346 0.140622 0.0341762 0.0331896 0.118217 0.00622199 0.0122048 0.177014 0.28122 0.0281546 0.000923637 0.00241552 0.0643618 0.056574 0.00926381 0.0291442 
0.0784327 0.000637374 0.00170431 0.0921165 0.013583 0.177557 0.0113434 0.00537969 0.119303 0.0357078 0.000627511 0.000408584 0.205269 0.0410418 0.198763 0.00282175 0.0153032 
0.0554213 0.000420836 4.71049e-07 0.0106174 0.062851 0.0056187 0.000357676 0.00950658 0.054908 0.774841 0.000258013 4.28375e-11 1.19752e-07 0.0191446 0.00522641 1.99647e-06 0.000825812 
0.0111359 0.00486197 0.00553058 0.255305 0.105167 0.192678 0.0198074 0.0219166 0.1045 0.0281918 0.00319946 3.19679e-07 3.19766e-07 0.0223399 0.221204 0.00416049 3.19975e-07 
0.000671544 0.000538549 0.000476368 0.0127612 0.0121514 0.0104687 0.00430459 0.00214971 0.339188 0.0175664 0.436941 7.11545e-05 0.0718269 0.0253109 0.0539871 0.0107275 0.000859336 
0.00604894 0.000975383 0.000578897 0.0263395 0.042522 0.00918543 0.00444599 0.00333705 0.0693864 0.076835 0.0306121 8.32778e-06 0.000242531 0.0130943 0.10062 0.00470488 0.611064 
0.0503042 6.85033e-05 5.48357e-05 0.00105129 0.111193 0.00937368 0.0345953 0.000146903 0.235509 0.47017 0.0240079 7.66297e-07 0.00111451 0.0432222 0.0117094 0.00692009 0.000558288 
0.122891 0.00394799 0.00148668 0.0512786 0.206613 0.0152694 0.0198624 0.0231754 0.276831 0.06921 0.000476003 6.18967e-08 7.99263e-05 0.16018 0.0478309 1.18103e-06 0.000866118 
0.00241278 0.000108525 0.000176456 0.000693552 0.0564029 0.378016 0.00788228 0.000848048 0.392738 0.0127294 0.000266395 1.01031e-05 1.50666e-05 0.114978 0.0143652 0.0183015 5.58911e-05 
3.45963e-07 0.000485745 2.1751e-07 1.43225e-06 0.0019438 0.000307438 3.49821e-07 9.77273e-08 2.26768e-07 0.995163 7.85861e-06 5.03638e-11 0.00011858 2.88826e-07 0.00168876 8.11183e-08 0.000281761 
0.0156354 0.00650812 0.000150198 0.000850242 0.0293584 0.0208525 0.0421754 0.00139296 0.0766496 0.75461 0.00881 4.54571e-06 0.000128778 0.0216134 0.0174787 0.00348944 0.000292121 
0.000303501 6.06513e-08 2.21512e-05 0.0742863 0.0152747 0.0714242 0.798256 6.74373e-05 0.0197733 0.00164264 0.000367181 3.72025e-08 4.63217e-05 0.00657965 0.00864673 0.00330938 2.0249e-07 
0.0028343 0.000239753 5.94319e-06 0.358561 0.0331554 0.0143486 0.0777985 0.00423483 0.0412688 0.428462 0.0170434 3.86083e-06 0.000214497 0.0105394 0.00312673 0.00801073 0.000152469 
0.0112208 0.000531522 0.000168813 0.146733 0.0113074 0.00281864 0.00185062 0.000578852 0.0958619 0.0347764 0.606871 1.65829e-06 0.00026841 0.00912842 0.0708865 0.00698301 1.25247e-05 
0.00527953 0.00668743 0.00281966 0.025376 0.020816 0.0403424 0.194733 0.00465015 0.271741 0.00970931 0.0355784 0.00030271 0.00330951 0.258949 0.109717 0.00282601 0.00716326 
0.00762752 0.0009047 5.67967e-08 0.102901 0.0285647 0.00263635 0.00466681 3.75869e-05 0.455641 0.0737823 0.161148 3.05846e-08 0.000152807 0.0947547 0.0561564 0.00557481 0.0054514 
0.0002489 4.09411e-06 2.28657e-07 0.00225541 0.00480784 0.00617419 0.000154178 1.9805e-05 0.14151 0.0210185 0.342467 2.23116e-09 0.000109798 5.24847e-05 0.481117 1.3028e-06 5.87411e-05 
0.0515177 0.00255911 0.01005 0.0431929 0.0510335 0.00838904 0.0458921 0.0032443 0.0570845 0.619509 0.0219995 0.000251533 0.0176686 0.0071362 0.0503527 0.00950602 0.000613725 
0.00206451 0.0100356 0.000392942 0.00314069 0.0724505 0.021834 0.0352112 0.0231487 0.112918 0.543121 0.0182825 5.6548e-05 0.0060881 0.0591119 0.0454306 0.0453059 0.00140704 
0.0788148 0.000783005 0.00524859 0.0256028 0.358496 0.0162529 0.00719686 0.0585026 0.0650002 0.00293878 0.00871674 0.00010904 0.00288091 0.326914 0.017613 0.0223149 0.00261448 
0.108584 0.000105429 0.00117092 0.0335817 0.132855 0.0148382 0.0321468 0.0208816 0.201494 0.161298 0.00288408 1.48984e-06 0.000115759 0.24007 0.0498069 0.000160951 6.06484e-06 
0.0497546 2.14332e-05 1.13024e-05 0.0214284 0.0732985 0.00343461 0.00350223 0.0021929 0.468922 0.00734882 0.00858044 2.25291e-08 3.95283e-07 0.00900766 0.23794 0.0264847 0.0880728 
0.00487049 0.0154206 0.000816999 0.0293691 0.00737957 0.0283184 0.0090517 0.000506496 0.0141527 0.000447976 0.00394536 5.58841e-05 0.0001618 0.652439 0.142829 0.000241542 0.0899929 
0.0223748 0.00239978 0.00578149 0.103625 0.122661 0.0333792 0.00911597 0.00579056 0.268978 0.276551 0.0102703 0.000513165 0.00301293 0.099821 0.0326983 0.0012115 0.00181614 
0.052861 0.00261587 0.00318513 0.0507819 0.448847 0.0221295 0.00558687 0.026054 0.0779556 0.0909883 0.00308346 0.000623853 0.00094995 0.0480242 0.118085 0.0469538 0.00127417 
0.00690042 0.000622178 8.38838e-05 0.0381748 0.016914 0.248918 0.283131 0.00130605 0.143303 0.0155822 0.000971747 8.0326e-05 0.00292848 0.204753 0.0332036 0.00296623 0.000161068 
0.000737634 4.41894e-05 0.018424 0.0824376 0.000861992 0.00782735 0.345552 5.63102e-06 0.0946593 0.00021557 0.00126401 1.69911e-07 7.7099e-07 0.00507521 0.442889 3.44115e-07 5.3578e-06 
0.00346231 3.95886e-05 4.46961e-06 0.0392829 0.0140678 0.00409603 0.00181088 0.000282495 0.605403 0.000366275 0.19486 1.19546e-06 1.30567e-06 0.0370324 0.0941588 0.000114034 0.00501627 
0.0103115 0.021794 0.0051772 0.0660768 0.0553568 0.0586521 0.0140718 0.00245407 0.218048 0.0172747 0.101288 0.00203535 0.0179262 0.0556585 0.317756 0.0195368 0.0165825 
0.0331734 0.00821117 0.00209348 0.0139927 0.006734 0.546576 0.000820582 0.00404029 0.0340521 0.0343893 0.0311435 0.000654388 0.0101045 0.0752035 0.0892966 0.00131547 0.108199 
0.00348382 6.47351e-07 1.97113e-06 0.00154537 0.00257958 0.00344303 0.000167639 9.98636e-05 0.00986551 0.954644 0.00325039 6.4633e-07 9.57793e-07 0.00329797 0.0174982 0.00010923 1.08081e-05 
0.00899916 0.000265941 0.00252671 0.576193 0.0151815 0.00399792 0.11558 0.000769254 0.0650029 0.0122891 0.063438 1.68733e-05 0.00217005 0.0312205 0.0980241 0.00368664 0.000638462 
0.0468494 0.00356794 0.0061127 0.0495472 0.0651027 0.00420938 0.253037 0.00285805 0.11097 0.162304 0.153405 0.000105764 0.00621742 0.0849077 0.0378829 0.0107767 0.00214605 
0.041219 0.0018567 3.09637e-05 0.0743239 0.0208428 0.00345475 0.0242054 0.00316023 0.0313609 0.659921 0.00117251 5.64454e-07 0.0256087 0.0352629 0.0775553 6.39366e-06 1.80436e-05 
0.0267607 0.000339736 0.0822013 0.0193977 0.083584 0.00315669 0.0062874 0.00184019 0.243371 0.44286 0.0135648 0.000211388 0.00326887 0.0444053 0.0205235 0.0072407 0.000986531 
0.033054 0.00756386 0.00174032 0.0146792 0.0068408 0.550687 0.000930105 0.00412524 0.0338201 0.0343006 0.0289119 0.000648545 0.00544759 0.0791159 0.0888473 0.000816372 0.108471 
0.0169794 0.000649748 0.00731355 0.0216596 0.0375701 0.0804518 0.015334 0.0114094 0.546292 0.0209367 0.00127154 0.000210987 0.000858629 0.148792 0.0692544 0.0176452 0.00337062 
0.0119632 0.00195551 2.07515e-07 0.0531902 0.00574939 0.053345 0.0292908 0.000939123 0.49917 0.00534668 0.274438 1.61589e-07 1.09175e-06 0.0482879 0.0162727 1.67564e-07 5.01092e-05 
0.00329167 0.00392919 0.000367288 0.248707 0.0602546 0.0834289 0.0962174 0.0077612 0.118161 0.00110184 0.0015853 0.000154309 0.00214105 0.269019 0.0923814 0.00723161 0.00426817 
1.77568e-05 0.00179264 0.0443655 1.77581e-05 1.77601e-05 0.0426372 1.77567e-05 1.77545e-05 0.0319873 0.772454 1.77526e-05 1.77397e-05 1.77445e-05 1.77604e-05 0.0817095 1.77582e-05 0.0248764 
0.0460782 0.00149672 3.21203e-05 0.0211254 0.0489304 0.00618476 0.000723245 0.0032609 0.5278 0.0422403 0.0110262 1.38211e-07 1.0312e-06 0.0207564 0.260714 0.00910699 0.000523796 
0.00760995 0.00331117 0.00194717 0.0209964 0.0371189 0.101323 0.0183128 0.00398358 0.613443 0.0417363 0.0159355 0.000328952 0.000909512 0.0963319 0.0213099 0.0148479 0.000553723 
0.00202663 0.000888886 2.50255e-05 0.00288731 0.0120737 0.00188623 0.00105507 0.000266871 0.0150729 0.919425 0.0259034 1.31322e-06 2.87787e-05 0.00835924 0.0100247 6.20795e-05 1.25867e-05 
0.0779493 0.200499 0.0234421 0.0261967 0.427026 0.00389781 0.000638022 0.132619 0.0288943 0.0504844 0.000959929 2.93077e-05 0.000224063 0.018625 0.00578596 0.00142606 0.00130273 
0.0463348 0.000416769 0.00230611 0.00706846 0.156365 0.0497194 0.000644789 0.00358229 0.107566 0.469151 0.0114203 5.24315e-07 1.40044e-05 0.0700621 0.0744539 0.000670532 0.00022357 
0.0175229 0.0483249 0.00297001 0.0601537 0.0424774 0.0346284 0.00181057 0.0012757 0.0646735 0.0013035 0.00698572 0.000158367 0.000423227 0.0777408 0.60446 0.00367467 0.031416 
