0.0633844 0.00924977 0.000807231 0.00963551 0.0526294 0.369877 0.00763401 0.0362898 0.087724 0.0249214 0.022779 0.000556294 0.00252284 0.0699357 0.0775836 0.109892 0.054578 
0.00778421 0.000372864 0.00042495 0.102029 0.0284714 0.0121667 0.5959 0.00365116 0.104708 0.0087283 0.0210517 7.30409e-05 0.00564024 0.0526404 0.0526008 0.00368344 7.41181e-05 
0.0056857 6.37122e-08 0.000350286 0.0174088 0.0243725 0.0105562 0.00781457 0.00272779 0.156607 0.00228202 0.00475399 6.36788e-08 0.00038224 0.0187499 0.0330857 0.00620887 0.709014 
0.00623481 0.00654785 0.0301358 0.0213128 0.237294 0.0388892 0.00413508 0.0101682 0.20028 0.225266 0.00172514 0.000139578 0.0638874 0.034907 0.0421058 0.0761095 0.000862356 
0.00823348 0.00178186 5.52749e-07 0.000821884 0.722861 0.000363008 0.000698187 0.0881839 0.0911493 0.00617655 0.000125637 3.31987e-07 1.59454e-05 0.0601303 0.0160078 0.00343105 1.93477e-05 
0.00208642 0.000524142 1.33571e-05 0.00050014 0.0217036 0.00456285 0.000752126 0.000395371 0.00298825 0.949652 0.00806642 2.41116e-06 4.33166e-05 0.000299161 0.00672584 2.17046e-05 0.00166297 
0.00864953 0.000351195 1.62738e-10 0.0198668 0.0105338 0.392145 0.00833645 0.000199659 0.158899 0.189377 0.000496107 1.583e-10 2.1966e-07 0.147117 0.0637246 0.000190292 0.000113479 
0.194079 4.08484e-05 0.000850213 0.521244 0.0831762 0.004088 0.0171373 0.00758384 0.0601233 0.00891195 0.0304846 8.93977e-07 0.00176874 0.054433 0.0152854 0.000765918 2.70311e-05 
0.033054 0.00756386 0.00174032 0.0146792 0.0068408 0.550687 0.000930105 0.00412524 0.0338201 0.0343006 0.0289119 0.000648545 0.00544759 0.0791159 0.0888473 0.000816372 0.108471 
0.00740401 0.00308621 0.00213417 0.0462219 0.0156762 0.022172 0.0127809 0.000650222 0.367392 0.0375041 0.0905959 0.000276948 0.000325268 0.0290072 0.30665 0.0100289 0.0480938 
0.000557487 0.000181172 0.00044066 0.260018 0.00304189 0.0812821 0.0660424 0.00114046 0.210758 0.00173193 0.0172307 1.77568e-09 8.66026e-07 0.0103637 0.347186 2.40416e-05 3.60571e-09 
0.0719019 0.0012742 0.00056445 0.084143 0.027992 0.193176 0.0299424 0.000606552 0.192689 0.00234462 0.0167359 0.000302588 0.00286556 0.292496 0.0314173 0.0453594 0.00618937 
0.0237969 0.00320905 6.76138e-05 0.307094 0.0462647 0.00271765 0.0964622 0.000374415 0.179701 0.0244735 0.00877277 2.60596e-07 5.00947e-07 0.0236527 0.190847 0.000150749 0.0924153 
0.00013971 1.8621e-06 0.000133031 0.0581719 0.000793971 0.0438232 0.027456 9.48586e-06 0.2858 0.00364586 0.0433651 2.03139e-08 2.40984e-08 0.00618548 0.530396 5.45127e-05 2.37635e-05 
0.0294776 0.000401612 0.000721958 0.0361297 0.169755 0.188651 0.034579 0.0100025 0.160653 0.0457995 0.00202379 0.000133854 0.000464459 0.273669 0.038903 0.00806804 0.0005682 
0.0415214 0.00193018 2.61432e-07 0.0292126 0.176153 0.00643458 0.63163 0.0148069 0.0669009 0.00256355 0.000371717 8.496e-10 2.44593e-07 0.0152824 0.0109892 0.00219192 1.07968e-05 
0.000501523 0.0224648 0.044081 0.021994 0.00928339 0.0117211 0.0540272 0.00135946 0.0388162 0.116404 0.00237545 0.000156664 0.000324654 0.0127447 0.530576 0.00107655 0.132094 
0.00913528 0.000128711 0.000356582 0.00422935 0.0646518 0.000790966 0.135369 0.02187 0.0428603 0.0871597 0.00185113 1.64254e-05 0.000159432 0.625977 0.00424267 0.000858571 0.000342643 
0.02135 0.000641095 2.7439e-05 0.0628584 0.00953866 0.0199419 0.0468419 5.12492e-05 0.191097 0.0326631 0.300344 3.11929e-07 1.26536e-06 0.0507644 0.26353 0.000347571 1.45238e-06 
0.0425688 5.85776e-05 0.000180715 0.199865 0.022685 0.0278 0.105305 0.00455534 0.185164 7.445e-05 0.0100957 6.23216e-06 0.000170985 0.246887 0.148881 0.00567805 2.34634e-05 
0.0266482 6.79188e-05 0.000712995 0.0528601 0.121017 0.0033341 0.000941854 0.0177935 0.110829 0.437232 0.106943 1.97154e-05 6.89357e-05 0.0449055 0.0756483 0.000187438 0.000790715 
0.00086024 0.00152799 0.0035953 0.00368539 0.0287267 0.080544 0.0127695 0.000610138 0.197502 0.265918 0.0946197 0.000288707 0.000653797 0.0735471 0.206288 0.027366 0.00149814 
0.0213317 0.0189345 0.00172949 0.143707 0.0310814 0.0731873 0.0431749 0.00282976 0.217816 0.00749068 0.0155949 0.00126808 0.001715 0.316633 0.0982993 0.00261537 0.00259171 
0.00493139 0.00237945 0.00197054 0.0620486 0.0116928 0.21451 0.023637 0.0309111 0.349128 0.102083 0.000499309 0.000196703 0.00718956 0.0765231 0.0972618 0.0103678 0.00467014 
0.0229294 0.232008 0.000806642 0.0387471 0.0324035 0.0721078 0.00367715 0.00113741 0.307962 0.0443639 0.0147639 0.000127673 0.00244846 0.140979 0.0677583 0.0105288 0.007251 
0.0128471 0.000554084 0.0101829 0.0303936 0.033268 0.44267 0.0110186 0.00620819 0.178683 0.0316153 0.00427116 0.000303164 0.00796271 0.115906 0.0909779 0.0205474 0.00259106 
0.729368 3.52742e-05 0.00268762 0.0017139 0.124658 0.000220272 0.0165343 0.0130709 0.0177291 0.0672936 0.000515626 1.48441e-05 0.000326502 0.0210374 0.00308221 0.00146743 0.000244179 
0.0050471 0.0017262 0.00364846 0.0718515 0.0739759 0.00495766 0.0195525 0.000761104 0.0587375 0.705901 0.00849142 3.61506e-05 0.00261695 0.00878638 0.0067054 0.024189 0.00301552 
6.85188e-05 2.47089e-05 4.31619e-05 0.000283584 0.0165123 0.193093 0.0147618 1.93811e-05 0.0178531 0.259607 0.0163683 1.0494e-07 0.00117611 5.71912e-05 0.480103 1.60767e-05 1.27007e-05 
0.0132914 0.00371686 0.00228536 0.230924 0.0390118 0.0792114 0.0623269 0.00526042 0.23359 0.025729 0.00820075 0.00209878 0.00872498 0.172556 0.100877 0.00821302 0.00398276 
0.093552 6.54536e-09 3.56087e-06 0.000528289 0.770784 0.00792371 0.00893348 0.0179199 0.0164372 0.000766188 7.12393e-05 6.4707e-10 8.74824e-06 0.0425418 0.00191941 0.038606 4.98211e-06 
0.0063494 3.62682e-07 6.33538e-07 4.17169e-06 2.02131e-06 0.0558966 1.01892e-06 0.00085423 0.0573984 0.81422 2.28897e-05 3.22873e-07 0.0124488 0.0196863 0.0308796 0.00113434 0.00110039 
8.13609e-05 0.000210327 0.509582 0.0276834 0.00683999 0.000858668 0.00640287 0.000142925 0.00536237 0.0138324 0.127153 6.48711e-05 0.00126206 0.00385866 0.293529 0.000348682 0.00278766 
0.0020971 0.000202131 0.000683057 0.00318731 0.0907269 0.291083 0.118999 0.000386414 0.138961 0.25723 0.00203263 2.57694e-05 5.80079e-05 0.0766658 0.0143782 0.00306316 0.000220612 
0.0211026 0.00189942 4.94261e-06 0.0166067 0.0661666 0.196435 0.0014193 0.0739027 0.432767 0.0379171 9.23405e-05 2.86527e-07 2.96929e-07 0.061949 0.0860901 0.000715182 0.00293103 
0.000282224 3.69289e-05 1.00915e-05 0.858481 0.000245595 0.0038904 0.0168506 5.4975e-05 0.00742229 0.00122388 0.000265893 2.3748e-06 2.43672e-05 0.0579465 0.0532336 9.71293e-06 1.93996e-05 
0.00183063 3.17749e-05 0.000572335 0.184509 0.000302614 0.00624895 0.0664546 5.42353e-05 0.303594 4.2336e-05 0.153915 3.06388e-08 4.45504e-08 0.0253795 0.257047 1.61738e-05 1.21555e-06 
0.00119271 0.0144156 0.000694733 0.00495467 0.0547119 0.0317154 0.00510993 0.000618167 0.0493849 0.661751 0.00253551 0.000343572 0.00136939 0.0277932 0.108525 0.00481462 0.0300699 
0.00117656 0.000254308 0.00070422 0.212627 0.00709933 0.256883 0.0931765 0.00121571 0.10908 0.00115985 0.00441388 1.11298e-07 0.000113659 0.0393981 0.272202 0.0004955 1.09474e-06 
0.612722 7.13146e-05 0.000158036 0.120148 0.0816148 0.0131752 0.0208755 0.0407983 0.00964402 0.053125 0.00179144 3.12366e-05 3.35427e-05 0.032494 0.0129231 0.000349341 4.54046e-05 
0.010575 0.000592266 0.000106405 0.000617685 0.31355 0.00116294 0.00016489 0.0160847 0.0224828 0.0138076 0.000451619 6.1963e-05 0.00750208 0.00698138 0.0203072 0.584982 0.000569992 
0.0164123 9.22077e-05 3.14564e-05 0.0108077 0.00861654 0.00916066 0.00693715 0.000207432 0.0661183 0.804834 0.0181803 1.22048e-07 8.28312e-06 0.0558289 0.0025341 0.00022947 7.69026e-07 
0.0157737 1.01165e-05 5.73252e-06 0.0497422 0.0163591 0.272518 0.0972268 5.4418e-05 0.349506 0.0274894 0.00246143 1.21626e-06 3.26753e-05 0.159095 0.00951818 0.000202517 2.94359e-06 
0.00457748 0.0198446 0.0126773 0.0354163 0.0858617 0.0335988 0.00884442 0.00939251 0.097842 0.49374 0.00165768 0.000231327 0.0238914 0.0780698 0.0561161 0.0372078 0.00103105 
0.00027179 1.10237e-06 1.36003e-05 0.0479528 0.00620797 0.0035213 0.851134 1.83776e-06 0.0231247 0.00316802 0.0243855 1.08201e-08 7.50785e-08 0.0066387 0.0335715 6.70843e-06 2.2147e-07 
0.00289346 0.000246965 0.000406408 0.000339737 0.0973312 0.143531 0.00942493 0.00124942 0.158239 0.296109 0.005429 5.37212e-05 0.0640447 0.0424829 0.176554 0.000176977 0.00148858 
0.0025473 0.00145921 7.14806e-05 0.0432821 0.0319562 0.0250329 0.645235 0.0160297 0.0607748 0.0130865 0.00475973 6.48643e-05 0.000932172 0.060658 0.0919199 0.00112716 0.00106288 
0.00129548 0.000538704 2.19446e-06 0.0460024 0.0063682 0.00562408 0.00318117 0.000419362 0.247794 0.0066947 0.179234 1.26041e-08 0.000216294 0.000996867 0.488819 0.0127639 4.99875e-05 
0.00487879 0.000568702 0.0275493 0.0275498 0.0356412 0.0195562 0.0014898 0.0175269 0.137074 0.00317606 0.00123139 7.93808e-05 0.000178713 0.650972 0.0683551 0.00394587 0.000227384 
0.00204281 3.96519e-08 4.12841e-05 0.0191947 0.0152911 0.217403 0.174627 0.00353698 0.345514 0.00424892 0.000618949 3.15292e-08 1.4136e-05 0.188955 0.027541 0.000962769 9.10492e-06 
0.0199047 0.00287216 0.00287057 0.109789 0.106312 0.00868796 0.019631 0.00389891 0.0544583 0.314642 0.254522 6.83328e-07 0.00136771 0.0508312 0.040498 0.00643068 0.0032837 
0.00864179 7.40276e-06 8.04022e-06 0.0415743 0.0223518 0.0772016 0.00136561 0.000279853 0.18111 0.0404827 0.163449 3.96361e-07 6.65999e-06 0.436462 0.0230603 2.25945e-05 0.00397609 
0.0463666 0.00659609 0.0183941 0.00800056 0.0934707 0.00853234 0.0110219 0.00291771 0.253119 0.37102 0.00563522 0.00181048 0.00315407 0.0389857 0.11977 0.00638009 0.0048261 
0.00250732 0.0295295 1.06307e-05 0.0125606 0.0594981 0.0237995 0.147366 4.8636e-05 0.513032 0.0906723 0.117674 3.63449e-08 1.94885e-05 0.00299684 0.000216312 6.625e-05 2.92401e-06 
0.282443 0.00126704 1.94019e-07 0.134109 0.00613483 0.00162769 0.000176303 0.000228723 0.171355 0.00586868 0.0570526 1.0586e-07 3.29365e-06 0.0278995 0.311809 5.00384e-06 2.00458e-05 
0.000228199 0.000434488 1.53108e-09 6.55741e-07 0.0125921 0.0172758 2.25511e-07 0.00251947 3.39952e-07 0.546433 0.00139472 1.48933e-09 0.332436 0.0391355 0.0475279 3.40294e-07 2.08497e-05 
0.008911 8.44588e-05 1.31416e-05 0.00599949 0.0606774 0.213625 0.173501 0.00257606 0.0368321 0.429118 0.0398542 2.20607e-10 0.00023377 0.020869 0.0062319 0.00133734 0.000135528 
0.00431118 0.000114943 0.000212567 0.0342294 0.0091035 0.250173 0.247326 0.00264122 0.308264 0.00752812 0.00282213 6.41972e-05 0.000118449 0.0679926 0.063889 0.00111966 9.11848e-05 
0.00477432 0.00156329 0.00896308 0.0525606 0.0247556 0.0116529 0.020779 0.00633671 0.391059 0.0366872 0.00412353 5.3492e-05 0.000433213 0.380738 0.0433531 0.0101611 0.00200614 
0.040414 0.00020083 0.000500233 0.0541855 0.0154471 0.0453049 0.0175913 0.00500165 0.538779 0.00227171 0.00844179 0.000128072 0.000174114 0.213096 0.0484662 0.00281075 0.00718669 
0.000693497 0.00586238 9.66757e-05 0.0347709 0.0123214 0.0744593 0.0193592 0.000475553 0.299566 0.0027036 0.0211928 3.07796e-05 0.000217634 0.0195406 0.461413 0.000937443 0.0463589 
0.00488126 0.474312 2.15548e-10 0.00271277 0.00393586 0.000578463 0.00564727 5.14448e-07 0.100802 0.315493 0.00517299 2.0967e-10 2.44842e-07 0.0197413 0.0641585 3.14685e-08 0.00256398 
0.0213282 0.00924357 0.0021258 0.0175629 0.00836052 0.512966 0.00113651 0.00374407 0.0413348 0.0386833 0.0215839 0.000792233 0.00665247 0.0966958 0.108589 0.000997478 0.108204 
0.000919446 0.00550549 0.000176732 0.00487341 0.00461816 0.6245 0.000267524 0.00306876 0.178084 0.0211148 2.55618e-05 2.1567e-05 0.00119489 0.135626 0.0199111 2.21212e-05 7.06942e-05 
0.00331425 0.00013731 0.000708264 0.000663071 0.00195413 0.577565 0.00949861 1.67603e-05 0.0837754 0.271787 0.0011885 9.54123e-06 0.000132797 0.0305497 0.0141415 0.000131403 0.0044269 
0.064234 0.513889 0.000880773 0.0100869 0.157682 0.0109958 0.000517542 0.00934014 0.0516731 0.101688 0.000340775 6.44491e-08 2.25522e-07 0.00542767 0.0541162 0.0180079 0.00112026 
0.0274807 0.0102755 0.000604958 0.0753544 0.0785306 0.0438248 0.0218137 0.00813616 0.0889634 0.0122781 0.00866884 0.000541294 0.00248098 0.515945 0.0328546 0.0250072 0.0472396 
8.13609e-05 0.000210327 0.509582 0.0276834 0.00683999 0.000858668 0.00640287 0.000142925 0.00536237 0.0138324 0.127153 6.48711e-05 0.00126206 0.00385866 0.293529 0.000348682 0.00278766 
0.00380056 0.00174826 2.56716e-05 0.0272686 0.127564 0.0109418 0.00422582 0.00195547 0.166427 0.434153 0.0852923 3.17005e-08 9.25838e-05 0.00175338 0.110517 0.013709 0.0105264 
0.033054 0.00756386 0.00174032 0.0146792 0.0068408 0.550687 0.000930105 0.00412524 0.0338201 0.0343006 0.0289119 0.000648545 0.00544759 0.0791159 0.0888473 0.000816372 0.108471 
0.00949919 0.00152771 0.00213947 0.552372 0.0496282 0.0318409 0.0576446 0.0048133 0.124912 0.0264458 0.0186615 0.000369487 0.00107457 0.0584127 0.0557189 0.00232527 0.0026141 
0.0415214 0.00193018 2.61432e-07 0.0292126 0.176153 0.00643458 0.63163 0.0148069 0.0669009 0.00256355 0.000371717 8.496e-10 2.44593e-07 0.0152824 0.0109892 0.00219192 1.07968e-05 
0.00135255 2.09029e-06 3.65134e-06 2.39271e-05 1.15935e-05 1.90442e-06 5.84761e-06 1.63841e-06 0.00259774 0.848072 0.135492 1.84398e-08 0.000473569 4.82586e-06 0.0119536 1.358e-06 1.07407e-06 
0.00954246 0.000424646 0.0118799 0.00618267 0.072394 0.0020184 0.00151169 0.00295382 0.167788 0.147594 0.0254705 0.00010273 0.000305573 0.0643385 0.097285 0.389842 0.000366406 
0.00086024 0.00152799 0.0035953 0.00368539 0.0287267 0.080544 0.0127695 0.000610138 0.197502 0.265918 0.0946197 0.000288707 0.000653797 0.0735471 0.206288 0.027366 0.00149814 
0.00410835 0.192342 0.000637614 0.0893176 0.104912 0.00451389 0.0132413 0.000776327 0.0414516 0.0329193 0.00125506 0.00049288 0.00108173 0.112332 0.394807 0.000748376 0.00506342 
0.112151 0.00265868 0.00263243 0.0559072 0.198392 0.0107526 0.00256682 0.00925494 0.203438 0.174566 0.0131973 8.02936e-08 0.000191995 0.116814 0.0848034 0.0125964 7.71386e-05 
0.011196 8.20052e-05 0.0247699 0.0973878 0.0576327 0.121858 0.122189 0.00394598 0.29973 0.00232199 0.0124086 3.1861e-05 9.69002e-05 0.130697 0.0731229 0.0409558 0.0015737 
0.00585917 0.051294 0.00124913 0.0314429 0.0294968 0.0854726 0.00325779 0.00385704 0.0617526 0.106392 0.00249439 0.000697852 0.00107016 0.109709 0.230654 0.00838349 0.266916 
0.0137464 0.000780234 0.0837261 0.0549426 0.122988 0.000459569 0.00221172 0.00853967 0.243399 0.252386 0.00903974 6.04151e-06 1.4162e-05 0.0503249 0.0265002 0.130743 0.000193216 
0.0198368 0.0107416 0.000395996 0.0331977 0.257161 0.0730814 0.0031248 0.029787 0.168684 0.199468 0.00361739 7.35514e-05 0.000564201 0.0918072 0.0730839 0.0353007 7.4106e-05 
0.00908677 0.0139417 4.34232e-07 0.01796 0.0534078 0.0405844 7.00099e-06 0.00210389 0.179754 0.647531 0.00106915 3.64022e-10 1.96332e-07 0.0275005 0.00661592 2.02801e-08 0.000437419 
0.0152402 0.00215121 0.000665986 0.0649747 0.190258 0.157232 0.00252343 0.00117661 0.226286 0.00586331 0.0411569 0.000380399 0.00068563 0.0757555 0.18369 0.0272773 0.00468328 
0.0102334 1.37996e-05 0.000332113 0.0103594 0.138975 0.17361 0.00751069 0.0051394 0.154308 0.464863 0.00788718 2.29878e-06 4.7351e-05 0.0232043 0.00347752 1.1921e-05 2.49627e-05 
0.0500051 0.000195284 0.000727293 0.0918621 0.294548 0.130553 0.020937 0.0327168 0.068674 0.0105235 0.0154791 0.000107987 0.000919633 0.116972 0.14497 0.000653316 0.0201554 
8.13609e-05 0.000210327 0.509582 0.0276834 0.00683999 0.000858668 0.00640287 0.000142925 0.00536237 0.0138324 0.127153 6.48711e-05 0.00126206 0.00385866 0.293529 0.000348682 0.00278766 
0.000343542 0.00469637 1.95073e-05 0.808205 0.0310882 0.0215166 0.0687932 0.00198474 0.0135715 0.001843 0.000105168 4.06046e-06 9.84437e-06 0.0320747 0.0141308 0.00150499 0.000109021 
0.0013256 2.60493e-05 0.0377194 0.0197742 0.0955101 0.00903963 0.000856832 0.00065844 0.0735899 0.00100491 0.617113 1.41101e-06 0.000168216 0.000164122 0.143044 2.66897e-06 1.78294e-06 
0.00326028 0.00590129 5.04193e-05 0.286325 0.0268553 0.0191147 0.0149265 0.000596584 0.343193 0.0687386 0.059528 4.84676e-05 0.00113624 0.0857515 0.0827599 0.000908129 0.000905366 
0.00374056 0.0756419 0.00350818 0.0530885 0.0308787 0.0859722 0.00549965 0.00292447 0.091377 0.473711 0.00441599 0.00231552 0.0229274 0.0707617 0.0571475 0.0131369 0.00295322 
0.0197787 0.0291238 0.000132837 0.00495954 0.00316734 0.0470886 0.118425 0.000252568 0.102753 0.531939 0.0763957 1.31291e-05 0.000598188 0.0375291 0.0116067 0.0157894 0.000447567 
0.000658101 0.000236862 0.000413753 0.00272446 0.00132009 0.000216518 0.000665438 0.000185899 0.000431364 0.976476 0.0149489 9.58033e-08 0.000150277 0.000549412 0.000746897 0.000154305 0.000121784 
0.033054 0.00756386 0.00174032 0.0146792 0.0068408 0.550687 0.000930105 0.00412524 0.0338201 0.0343006 0.0289119 0.000648545 0.00544759 0.0791159 0.0888473 0.000816372 0.108471 
0.0376584 0.000813097 3.80523e-05 0.0793139 0.00947065 0.0282682 0.0247017 0.000466511 0.408622 0.00915756 0.00898547 1.93552e-05 5.78281e-05 0.358263 0.0333523 0.000714239 9.68764e-05 
0.00150267 0.00272053 0.0887836 0.0281389 0.00946315 0.081897 0.168737 0.000568783 0.0941917 0.118824 0.0624236 5.96651e-05 0.00546901 0.0441313 0.287336 0.00564888 0.000103997 
0.000161286 0.0216228 7.05795e-05 0.011881 0.00501306 0.00226765 0.00492368 0.000478418 0.0130344 0.00495808 0.00359936 5.53852e-05 0.000512714 0.00463127 0.0305286 0.0175804 0.878681 
0.00927778 1.18718e-05 2.498e-05 0.00860433 0.0196254 0.0233756 0.00971418 0.00014415 0.310887 0.0233524 0.000276497 3.47352e-07 8.84397e-06 0.0146332 0.362248 0.00805981 0.209756 
0.000842338 9.74781e-07 0.000415326 0.0344123 0.0871672 0.0192724 6.23872e-07 0.00265848 0.0838539 0.585015 0.00119776 2.33123e-10 0.000153669 0.0977941 0.087215 8.28836e-07 4.62187e-08 
0.00221355 0.000939409 1.15481e-08 0.0642784 0.13881 0.14172 0.0673592 2.65996e-06 6.13342e-06 0.462804 2.71162e-06 1.12332e-08 1.88268e-05 0.0810866 0.0407568 1.32535e-06 4.53982e-07 
0.00627973 0.000121637 5.62384e-05 0.312817 0.0121083 0.00169319 0.0182393 9.98052e-05 0.193589 0.0259143 0.373647 8.77958e-06 3.05136e-05 0.021746 0.0327226 0.000671778 0.000254949 
0.0248557 0.00333404 0.0114195 0.0428277 0.112418 0.0656126 0.00760975 0.0265884 0.241523 0.266475 0.00145795 0.00038692 0.00936524 0.0736566 0.0803293 0.0226549 0.00948486 
0.0667843 4.04847e-05 1.29069e-06 0.00291626 0.482589 3.99437e-05 1.9156e-06 0.00955681 0.0624818 0.292921 0.000450608 2.42666e-08 6.78684e-06 0.0235265 0.000325155 0.0583535 4.78233e-06 
4.67008e-06 4.66802e-06 0.00606972 4.67043e-06 0.0443785 0.255944 4.67004e-06 0.0182156 0.133132 0.442737 4.66898e-06 4.66557e-06 0.0135385 4.67103e-06 0.0644602 0.00514217 0.0163493 
0.0335724 0.000392383 2.77233e-06 0.0175107 0.0358163 0.076109 0.00225972 0.0301141 0.664501 0.00780219 0.00452457 2.54505e-06 1.13642e-05 0.0805169 0.0154822 0.0313655 1.62317e-05 
0.0030112 0.00172795 0.000535353 0.121328 0.0134324 0.0594335 0.00918882 0.00102027 0.145657 0.00831312 0.00544294 0.000172853 0.000722333 0.0392613 0.510256 0.00700199 0.0734945 
0.0371238 1.9544e-05 1.30025e-05 0.255599 0.0782837 0.0157043 0.0416022 0.00305775 0.274373 0.0370276 0.0767948 3.23227e-06 5.19026e-05 0.129752 0.016379 0.0198206 0.0143946 
0.00456083 0.00161967 0.278719 0.0215177 0.107779 0.014991 0.00716764 0.000364581 0.0131066 0.355169 0.000241932 1.84271e-05 0.0110168 0.0197958 0.150957 0.000910875 0.0120642 
0.000589301 5.94674e-06 0.000445834 0.00711966 1.10442e-06 0.219485 0.000151415 1.33361e-05 0.0556076 0.4944 0.0281406 3.06521e-07 2.5747e-06 0.148604 0.0451624 0.000151062 0.000120174 
0.00531066 0.000634628 0.000121282 0.0358344 0.0515432 0.0194647 0.010648 0.00209435 0.0200459 0.819942 0.00150654 9.64906e-05 9.70153e-05 0.0121314 0.0158632 0.0044903 0.000175512 
0.000455774 0.000863263 0.000379106 0.00784144 0.00864215 0.126616 0.0189902 0.00049604 0.0790153 0.0631475 0.00307393 0.000216917 0.449791 0.039419 0.195172 0.00442975 0.00145052 
0.042577 0.0215962 0.0103283 0.0876445 0.078758 0.0528325 0.00222079 0.00240196 0.144564 0.0210454 0.0760861 0.000392257 0.000522535 0.189427 0.24654 0.0212258 0.00183715 
0.033489 2.26409e-05 0.0979254 0.207931 0.00286116 0.0148653 0.139646 0.00156706 0.136099 0.0145269 0.000432553 5.32954e-06 0.0931528 0.220812 0.0365656 7.60795e-05 2.26116e-05 
0.00889748 2.61499e-06 0.00157074 0.0489281 0.013609 2.61633e-06 0.0852881 2.6158e-06 0.227921 0.403943 0.0831766 2.61362e-06 2.61433e-06 0.0688212 0.0539022 2.61636e-06 0.00392667 
0.0536783 8.29141e-07 1.44835e-06 9.53703e-06 4.62099e-06 0.00136503 2.32938e-06 6.50745e-07 1.51e-06 0.934107 5.23288e-05 3.35362e-10 5.26047e-07 0.010772 2.61453e-06 5.4015e-07 4.26308e-07 
0.00998442 0.00102873 5.77524e-05 0.0196096 0.00140385 0.00157135 0.0118297 0.000113266 0.00936575 0.849326 0.0430693 1.57642e-05 2.08735e-05 0.0412717 0.0102364 0.000393034 0.000702884 
0.165242 0.000262637 0.000294142 0.00467092 0.612224 0.00721101 0.0143343 0.107158 0.00444186 0.0154663 0.000276391 2.36841e-05 0.000103963 0.0456595 0.000492007 0.000916153 0.0212233 
0.033238 0.000286259 4.37187e-06 0.0766486 0.0219432 0.0312931 0.00103654 9.04427e-07 0.442331 0.0311781 0.009545 2.05236e-07 0.000114281 0.221254 0.0604843 0.0706311 1.12417e-05 
0.00875598 0.00210746 0.086748 0.00570462 0.0332675 0.00980646 0.00739438 0.000858418 0.0769273 0.060339 0.00660771 0.00042373 0.000754773 0.00582075 0.669709 0.00917752 0.0155971 
0.033054 0.00756386 0.00174032 0.0146792 0.0068408 0.550687 0.000930105 0.00412524 0.0338201 0.0343006 0.0289119 0.000648545 0.00544759 0.0791159 0.0888473 0.000816372 0.108471 
0.00488126 0.474312 2.15548e-10 0.00271277 0.00393586 0.000578463 0.00564727 5.14448e-07 0.100802 0.315493 0.00517299 2.0967e-10 2.44842e-07 0.0197413 0.0641585 3.14685e-08 0.00256398 
0.37447 7.54645e-07 0.00822181 0.0155544 0.492412 0.0360913 7.54973e-07 0.0118524 0.0172182 7.54993e-07 0.00551082 7.5425e-07 7.54455e-07 0.0305836 0.00521079 7.5504e-07 0.00286957 
3.27009e-05 4.30898e-06 3.28597e-09 0.00803502 0.000209196 0.00165049 0.000475307 9.71474e-06 0.257536 0.000129686 0.344745 1.22505e-12 9.89158e-10 0.000104077 0.387064 3.90415e-06 1.41888e-09 
0.0052534 0.00600363 0.000585828 0.00108718 0.0629353 0.00530798 0.00151743 0.0200554 0.0292265 0.00606255 0.000400703 0.000109857 0.000264607 0.01871 0.0121608 0.830152 0.000166529 
0.0401179 1.27941e-05 1.01402e-10 0.000587696 0.698666 0.00931241 0.000244805 0.115651 0.0872853 0.0112374 7.06558e-08 9.86366e-11 7.35998e-08 0.00519772 0.0174387 0.0142479 2.94207e-08 
0.0334888 0.00409058 3.50662e-06 0.0611844 0.0153773 0.0165725 0.010261 9.51987e-05 0.647908 0.0196781 0.000300595 9.76322e-08 0.00027232 0.15876 0.0316869 0.000178237 0.000142885 
0.0359016 0.000918865 0.00080996 0.117855 0.0662371 0.0492291 0.0212665 0.00396292 0.396259 0.013883 0.0111388 0.000395954 0.0013872 0.177025 0.0916297 0.00579988 0.00630022 
0.034246 0.00330772 0.000172783 0.54467 0.0311378 0.00981188 0.0337873 0.00275981 0.142581 0.00601264 0.00734815 6.67552e-05 0.00200017 0.101748 0.07031 0.00940494 0.000634511 
3.27009e-05 4.30898e-06 3.28597e-09 0.00803502 0.000209196 0.00165049 0.000475307 9.71474e-06 0.257536 0.000129686 0.344745 1.22505e-12 9.89158e-10 0.000104077 0.387064 3.90415e-06 1.41888e-09 
0.00348382 6.47351e-07 1.97113e-06 0.00154537 0.00257958 0.00344303 0.000167639 9.98636e-05 0.00986551 0.954644 0.00325039 6.4633e-07 9.57793e-07 0.00329797 0.0174982 0.00010923 1.08081e-05 
0.00270159 0.000712974 0.0100898 0.000473786 0.0463321 0.000317842 3.21793e-05 0.0019355 0.0242594 0.876831 0.000276278 5.81302e-06 8.24555e-06 0.00523238 0.010538 0.0196488 0.000604214 
0.0262381 0.0208859 0.000417689 0.00661144 0.536685 0.00107647 0.000376273 0.00809054 0.0352201 0.0289621 0.000846375 6.10577e-06 9.13998e-06 0.00262546 0.0336863 0.298228 3.5177e-05 
0.000143531 0.000227601 0.00188323 0.0120286 0.00132631 0.00139522 0.00323824 0.000200957 0.039408 0.057563 0.788221 5.09085e-06 0.000263224 0.00120409 0.0927951 2.42889e-05 7.29127e-05 
0.0162004 0.00444062 0.0012217 0.0351652 0.038415 0.0080837 0.012905 0.000805459 0.665503 0.0142744 0.0358594 5.75729e-05 0.00249902 0.0744116 0.0498083 0.0382439 0.00210615 
0.0605877 0.00131503 2.74551e-07 0.0572666 0.0543948 0.000473728 0.00177017 0.000598737 0.127024 0.0197072 0.000716385 2.67064e-07 0.0348209 0.627074 0.0138943 0.000305454 5.04161e-05 
0.0112823 0.0464426 0.000862851 0.059944 0.0178016 0.0258671 0.00351244 0.0018592 0.102686 0.0418377 0.429532 0.000182804 0.000350088 0.157233 0.0898811 0.00846585 0.00225904 
0.37447 7.54645e-07 0.00822181 0.0155544 0.492412 0.0360913 7.54973e-07 0.0118524 0.0172182 7.54993e-07 0.00551082 7.5425e-07 7.54455e-07 0.0305836 0.00521079 7.5504e-07 0.00286957 
0.00372815 0.000200048 3.11838e-06 0.0159416 0.0551273 0.116988 0.0297646 0.00743714 0.389092 0.00431701 0.0284488 2.88579e-06 4.08352e-06 0.307757 0.0145138 0.0265818 9.23997e-05 
0.0559563 1.00329e-05 3.00723e-10 0.00138088 0.698657 0.0191195 0.00327929 0.0899574 0.0678915 0.0350574 9.0227e-08 2.92522e-10 9.40444e-08 0.00404339 0.0135647 0.0110828 3.75851e-08 
0.00166447 0.0028035 0.000745791 0.201668 0.0379626 0.149214 0.00782245 0.00161439 0.385858 0.00430606 0.00593237 0.000296364 0.00888046 0.105753 0.0841128 0.000877602 0.000488764 
0.00141904 0.00436182 0.000738316 0.139924 0.0117023 0.409177 0.0844563 0.000630323 0.0619492 0.00167168 0.000797584 0.000182567 0.0217989 0.140333 0.0953022 0.0136107 0.0119451 
0.00653893 0.00436688 0.000735052 0.306263 0.0316981 0.0857178 0.187412 0.00427214 0.148916 0.105429 0.069135 9.4012e-07 0.00404041 0.00848151 0.030784 0.00613669 7.30236e-05 
0.010847 0.000127087 0.000195638 0.0742734 0.117008 0.0444923 0.00718794 0.00190669 0.0806873 0.000856797 0.0143502 7.94388e-06 6.5881e-05 0.439004 0.150539 0.00150293 0.0569487 
0.0793147 9.73938e-07 0.00214245 0.116739 0.237498 9.74439e-07 9.74361e-07 0.105803 0.112566 0.241357 0.000682874 9.73428e-07 9.73693e-07 0.103207 0.000683121 9.74448e-07 9.74331e-07 
0.0018039 0.000166915 0.000477524 0.0865009 0.0274154 0.268353 0.0155488 0.0243522 0.0644889 0.217974 0.00164878 0.000158402 0.157834 0.0684701 0.0621704 0.00230425 0.000332283 
0.0259329 4.07336e-05 0.00212216 0.000528848 0.645473 0.000416196 4.79456e-06 0.0301908 0.0947168 0.081204 0.000264517 1.11308e-06 1.21595e-06 0.0267053 0.00402683 0.0883054 6.54003e-05 
0.000721407 0.000571602 0.000450564 0.0244119 0.00601299 0.503495 0.00165665 0.000127555 0.224315 0.0302075 0.000112921 8.82819e-05 0.00159115 0.0633299 0.135449 0.00182567 0.00563213 
0.0761883 0.000497196 0.0016122 0.0157874 0.468497 0.000817946 0.00123103 0.0370387 0.0880743 0.0909056 0.00847588 3.54786e-08 0.0180763 0.0207663 0.100738 0.0711849 0.000109004 
0.00921438 0.000132401 3.9532e-07 0.394325 0.0013007 0.000877965 0.00538641 1.24817e-05 0.223688 0.00133839 0.164175 3.31406e-07 0.109488 0.0103384 0.0793851 0.000335768 9.25358e-07 
0.0902048 0.00188354 0.00247665 0.0906081 0.155953 0.0772251 0.0114003 0.0349875 0.187886 0.124604 0.0152628 9.90295e-07 9.90565e-07 0.0984523 0.0850616 0.0236937 0.000298355 
0.00015421 4.88489e-07 1.32547e-05 0.0100426 0.00769421 0.147724 6.48501e-06 0.000296285 0.400519 0.385313 0.0174627 4.07707e-08 0.000627577 0.0154983 0.014424 4.26172e-07 0.000223103 
0.01566 0.00356862 0.00224847 0.367784 0.0331404 0.0351999 0.025377 0.00503454 0.171814 0.0184516 0.0376389 0.00199546 0.00281505 0.0761642 0.189493 0.00719197 0.00642261 
0.0246454 0.0123817 0.0130127 0.0850489 0.0597711 1.27699e-06 0.0492891 1.27673e-06 0.106646 0.440795 0.049661 1.27566e-06 1.27601e-06 0.0329519 0.0927161 0.0234981 0.00957764 
0.00626856 0.000274352 0.000170742 0.00507251 0.0972157 0.00355108 0.0155927 0.000277846 0.0426366 0.411631 0.266517 7.60619e-06 3.93552e-05 0.121646 0.0234843 0.00559965 1.50373e-05 
2.75098e-06 4.07237e-06 0.00028791 0.73285 0.00300999 0.0558283 0.134642 8.53027e-08 0.0354816 0.00106721 0.00745846 4.70841e-09 0.000709958 0.00713236 0.0215176 8.59053e-07 6.85524e-06 
0.00205901 8.29273e-09 8.63685e-09 5.94144e-09 0.0412046 7.66284e-05 8.75863e-05 0.00146722 0.000173269 2.86927e-05 0.000219693 6.08223e-12 2.75222e-10 1.5297e-05 2.76402e-05 0.95464 1.94255e-07 
0.0160258 0.000151848 0.0014021 0.355635 0.0433514 0.0418842 0.00633076 0.00217529 0.140628 0.00354439 0.0220947 1.68927e-05 0.00664431 0.068094 0.255379 0.00742166 0.0292199 
0.00227228 0.000297691 9.0099e-05 0.023776 0.116266 0.034656 0.0358196 0.0104379 0.0467698 0.327399 0.000565312 8.71536e-05 0.00012877 0.14135 0.251487 0.00110245 0.00749438 
0.0150198 0.000317217 4.23378e-06 0.0416583 0.0302441 0.00754037 0.306462 0.000392342 0.331318 0.132484 0.00262579 2.33298e-09 0.00028038 0.00706497 0.122258 0.00217058 0.000159934 
0.00172318 0.000340813 1.62603e-05 0.0733517 0.0298449 0.152408 0.0472963 0.0012306 0.365358 0.0475255 0.00260594 1.01421e-05 0.000672792 0.106005 0.120932 0.00152444 0.0491544 
0.0300724 0.000226007 0.000493542 0.00115244 0.711168 0.00128587 0.0159148 0.161471 0.013844 0.0317774 0.00786577 7.5157e-08 3.34418e-06 0.0242237 0.000143961 0.000357502 1.49341e-07 
0.00422587 0.000202742 9.76737e-06 0.057721 0.0325486 0.0176803 0.0698348 0.00113499 0.0865265 0.00189123 0.578423 5.09749e-06 0.012633 0.0366257 0.00843914 0.0188318 0.0732661 
0.0002489 4.09411e-06 2.28657e-07 0.00225541 0.00480784 0.00617419 0.000154178 1.9805e-05 0.14151 0.0210185 0.342467 2.23116e-09 0.000109798 5.24847e-05 0.481117 1.3028e-06 5.87411e-05 
0.00218566 0.000596878 0.000341523 7.5376e-05 0.0644991 0.00134733 4.23662e-07 0.0070156 0.036242 0.831542 0.00210362 3.64859e-10 3.54125e-07 5.37034e-07 0.0537771 5.46135e-07 0.000271597 
0.013503 0.0115473 0.000181923 0.00082018 0.28632 0.130444 0.00293389 0.00571223 0.280669 0.0771983 0.000343236 5.99669e-05 0.000389648 0.146567 0.0334495 0.00954724 0.000313557 
0.0644479 0.000666543 0.0813044 0.00599767 0.299994 0.00364681 0.000149955 0.0971018 0.0507402 0.0391773 0.000260267 7.95141e-05 0.0826148 0.08267 0.0270979 0.0278074 0.136244 
0.037511 0.00328282 0.00524933 0.0823934 0.155164 0.0498732 0.0447299 0.0129556 0.167211 0.0208307 0.0112677 0.000691296 0.000895878 0.137159 0.201582 0.0414908 0.0277137 
0.0087587 0.00151098 0.00392621 0.00891242 0.114658 0.0521738 0.00456457 0.0720396 0.0432591 0.0288818 0.00045856 0.000426648 0.0319547 0.0505387 0.0124113 0.564787 0.000738303 
0.0176547 0.00698619 0.000252127 0.00400228 0.0325183 0.011494 0.0148704 0.605068 0.0409348 0.0117072 0.000926269 0.000191119 0.000491834 0.0294395 0.118208 0.000415056 0.10484 
0.00118452 0.211737 0.000739674 0.00410774 0.0151882 0.252273 0.0024572 0.00332468 0.0334336 0.0404878 0.000185162 6.51618e-05 0.00672251 0.130311 0.141269 0.000383348 0.156131 
0.00451644 0.0215223 0.00592597 0.0363017 0.0535612 0.00971219 0.00186463 0.00827564 0.0871604 0.494803 0.0192058 8.03509e-05 0.000618607 0.0371184 0.125458 0.0861388 0.00773663 
0.0021558 0.0210392 0.00711148 0.0307214 0.0201401 0.198864 0.0134405 0.00292476 0.106767 0.0251899 0.00275389 0.00098037 0.00283891 0.140275 0.136907 0.00324945 0.284641 
0.00318754 0.0176133 0.00030934 0.031058 0.0283011 0.471098 0.0213277 0.00522854 0.221898 0.00212998 0.000156388 0.000146884 0.00710385 0.154445 0.0302728 0.00442232 0.0013016 
0.0155143 0.00196567 0.0171165 0.0002803 0.116149 0.000874179 0.00524736 0.0139523 0.111916 0.618475 0.0489134 3.38262e-07 5.74214e-05 0.0314077 0.0167679 3.45685e-06 0.00135932 
0.00889748 2.61499e-06 0.00157074 0.0489281 0.013609 2.61633e-06 0.0852881 2.6158e-06 0.227921 0.403943 0.0831766 2.61362e-06 2.61433e-06 0.0688212 0.0539022 2.61636e-06 0.00392667 
0.00116145 0.000812234 0.122338 0.0103508 0.0200333 0.061211 0.0209421 0.0151672 0.102969 0.0143257 0.000381602 7.95463e-05 0.000101836 0.442332 0.166551 0.00495514 0.0162876 
0.00656746 1.65272e-06 7.73246e-07 0.0132823 0.614234 0.00476998 2.22124e-07 0.00295197 0.0978593 0.0432587 7.32022e-07 2.29535e-10 3.79821e-07 0.217055 8.15697e-07 2.33673e-07 1.67699e-05 
0.0304368 0.00370462 0.000135782 0.0144924 0.00405571 0.00895717 0.00185488 4.19888e-05 0.00109287 0.879994 0.000438072 1.73338e-06 1.19349e-05 0.0545099 0.00022409 4.81088e-06 4.2875e-05 
0.0108459 5.60597e-05 0.000352596 0.000740122 0.0475433 0.0789985 0.0257688 0.000458633 0.0773302 0.305007 9.90954e-05 2.79242e-05 0.0161783 0.0330091 0.400651 0.00283338 0.000100042 
0.115001 0.00331396 0.000190913 0.0258925 0.106877 0.000449441 0.000776737 0.00352289 0.26205 0.210412 0.184724 6.08372e-08 7.1046e-06 0.0681767 0.00493586 0.0135037 0.000166369 
9.8078e-05 1.2874e-05 3.38309e-09 0.0134909 0.000213482 0.00323238 0.000913603 1.5867e-09 0.298329 0.000389017 0.364785 6.8545e-13 8.60262e-10 0.000309775 0.318219 6.9599e-06 1.23432e-09 
0.00249459 0.000554654 7.35778e-07 0.00272267 0.111512 0.00193301 0.00198758 0.00326758 0.00848114 0.835701 0.0242362 4.68563e-10 6.95332e-05 0.0004079 0.00660984 3.14498e-07 2.15458e-05 
0.000825597 4.4971e-05 0.00105676 0.0289119 0.0110159 0.0112486 0.0128108 0.000674111 0.0131148 0.00758738 0.00132743 1.10783e-05 0.0129356 0.0114911 0.116119 0.00274733 0.768078 
0.00197028 0.000748733 0.00399778 0.0669277 0.0285353 0.291596 0.0414724 0.00342584 0.14788 0.00371005 0.000243207 9.77476e-05 0.00768338 0.224265 0.171208 0.000722941 0.00551566 
0.018756 0.00232766 0.00306351 0.00355121 0.124972 0.00219022 0.00556297 0.00421721 0.226436 0.363546 0.00117684 0.000796513 0.0180115 0.0875048 0.114036 0.0227833 0.00106885 
0.00416792 0.00158808 7.79697e-05 0.076274 0.0192875 0.256074 0.00787554 0.00083823 0.304601 0.159208 0.101676 3.72067e-09 7.32575e-05 0.0170277 0.0501915 0.00103792 1.38634e-06 
0.0596422 2.71956e-05 9.56937e-08 0.165952 0.0939524 0.000331782 0.00226222 0.0119378 0.229606 0.000248313 0.291817 1.17818e-09 4.13642e-08 0.0216569 0.122138 0.000427717 5.83645e-08 
0.00256313 0.00373346 0.140622 0.0341762 0.0331896 0.118217 0.00622199 0.0122048 0.177014 0.28122 0.0281546 0.000923637 0.00241552 0.0643618 0.056574 0.00926381 0.0291442 
0.0110347 0.000693093 0.000717065 0.0263009 0.0813485 0.00319027 7.0419e-05 0.00268307 0.0665902 0.737705 0.000585373 2.15448e-06 6.90046e-05 0.0607875 0.00707729 0.000563146 0.000582183 
0.0554213 0.000420836 4.71049e-07 0.0106174 0.062851 0.0056187 0.000357676 0.00950658 0.054908 0.774841 0.000258013 4.28375e-11 1.19752e-07 0.0191446 0.00522641 1.99647e-06 0.000825812 
0.00604894 0.000975383 0.000578897 0.0263395 0.042522 0.00918543 0.00444599 0.00333705 0.0693864 0.076835 0.0306121 8.32778e-06 0.000242531 0.0130943 0.10062 0.00470488 0.611064 
0.00316844 0.000151465 0.000481246 0.0639589 0.0389197 0.00757255 0.249976 0.000601677 0.132529 0.00179449 0.300723 6.03247e-06 1.11202e-05 0.0324029 0.135917 0.00312493 0.0286622 
0.0252486 0.0243261 0.0204979 0.0427043 0.172165 0.0459396 0.00209431 0.0053932 0.120714 0.0723873 0.0366034 0.000535088 0.040139 0.0738327 0.159368 0.14975 0.00830108 
0.00649038 3.32145e-06 2.00161e-08 0.0466537 0.143331 0.00377817 0.025009 0.000898894 0.0997893 0.474229 0.000101069 1.94703e-08 7.41692e-06 0.161464 0.0381361 1.67165e-05 9.11231e-05 
0.00194278 0.00394514 0.00038371 0.0363886 0.0143373 0.151243 0.00921829 0.000354015 0.096297 0.0429803 6.32093e-05 2.17467e-05 0.00292049 0.549331 0.0865572 0.000515118 0.0035005 
0.000955178 0.966994 4.94665e-06 0.000724252 0.00815189 6.2794e-08 0.000582222 0.000117485 0.00497076 0.0156459 0.000459044 5.23828e-08 8.0946e-06 0.000267255 6.28346e-05 0.000795824 0.000259715 
0.00241278 0.000108525 0.000176456 0.000693552 0.0564029 0.378016 0.00788228 0.000848048 0.392738 0.0127294 0.000266395 1.01031e-05 1.50666e-05 0.114978 0.0143652 0.0183015 5.58911e-05 
0.0156435 0.00485987 0.00734819 0.0135651 0.046178 0.039679 0.0103935 0.0129824 0.539518 0.0172707 0.00665001 0.00211536 0.00519721 0.228037 0.028612 0.0172401 0.00471054 
0.0123263 0.114826 7.49309e-05 0.00337267 0.219178 0.261642 0.000958588 0.00295124 0.253484 0.0456116 0.000163401 2.32972e-07 0.000287964 0.0160219 0.0516563 0.0171389 0.000305822 
0.00339805 0.00181124 0.000395365 0.0985041 0.0777525 0.0530356 0.00309589 0.00105223 0.0631452 0.545619 0.0342674 2.11576e-05 0.00140136 0.0537071 0.0625999 0.000157401 3.64259e-05 
0.0028343 0.000239753 5.94319e-06 0.358561 0.0331554 0.0143486 0.0777985 0.00423483 0.0412688 0.428462 0.0170434 3.86083e-06 0.000214497 0.0105394 0.00312673 0.00801073 0.000152469 
0.00527953 0.00668743 0.00281966 0.025376 0.020816 0.0403424 0.194733 0.00465015 0.271741 0.00970931 0.0355784 0.00030271 0.00330951 0.258949 0.109717 0.00282601 0.00716326 
0.00762752 0.0009047 5.67967e-08 0.102901 0.0285647 0.00263635 0.00466681 3.75869e-05 0.455641 0.0737823 0.161148 3.05846e-08 0.000152807 0.0947547 0.0561564 0.00557481 0.0054514 
0.0515177 0.00255911 0.01005 0.0431929 0.0510335 0.00838904 0.0458921 0.0032443 0.0570845 0.619509 0.0219995 0.000251533 0.0176686 0.0071362 0.0503527 0.00950602 0.000613725 
0.0798457 1.38875e-06 4.68659e-07 0.00652336 0.124714 0.00308761 0.0576141 0.0458726 0.452339 0.00127434 0.0103606 1.223e-08 6.12423e-08 0.179475 0.0386631 0.000225633 2.38177e-06 
0.00206451 0.0100356 0.000392942 0.00314069 0.0724505 0.021834 0.0352112 0.0231487 0.112918 0.543121 0.0182825 5.6548e-05 0.0060881 0.0591119 0.0454306 0.0453059 0.00140704 
0.0788148 0.000783005 0.00524859 0.0256028 0.358496 0.0162529 0.00719686 0.0585026 0.0650002 0.00293878 0.00871674 0.00010904 0.00288091 0.326914 0.017613 0.0223149 0.00261448 
0.00945739 0.000965514 0.0115028 0.0168686 0.012577 0.110155 0.00207406 0.052824 0.38672 0.0348131 0.00993837 0.000371007 0.000390343 0.292509 0.045385 0.013076 0.000372448 
0.0497546 2.14332e-05 1.13024e-05 0.0214284 0.0732985 0.00343461 0.00350223 0.0021929 0.468922 0.00734882 0.00858044 2.25291e-08 3.95283e-07 0.00900766 0.23794 0.0264847 0.0880728 
0.0163009 0.0152363 0.0056031 0.0729358 0.109098 0.02934 0.0333262 0.00657624 0.0683386 0.137928 0.00310971 0.000155973 0.016415 0.0739659 0.387481 0.0152218 0.00896776 
0.000976986 2.05424e-05 0.0635746 1.67842e-05 0.161221 0.00303835 0.00583343 0.0143132 0.0206134 0.34135 0.000113117 1.23179e-05 1.74291e-05 0.00603523 0.00613122 0.376134 0.000598957 
0.000477418 0.000393373 0.00130185 0.0205163 0.0100445 0.223492 0.0096311 0.000319001 0.187883 0.00925461 0.000518729 0.000157103 0.000237793 0.0227766 0.49836 0.00587083 0.00876648 
0.0167473 0.000113009 8.58646e-05 0.0504323 0.00575998 0.209699 0.0454409 0.00817925 0.390834 0.00191445 0.132788 5.70634e-06 6.56795e-05 0.0659363 0.0708181 2.67229e-05 0.00115324 
0.000737634 4.41894e-05 0.018424 0.0824376 0.000861992 0.00782735 0.345552 5.63102e-06 0.0946593 0.00021557 0.00126401 1.69911e-07 7.7099e-07 0.00507521 0.442889 3.44115e-07 5.3578e-06 
0.0080822 6.89299e-05 0.000166765 0.0415636 0.0858954 0.0024335 0.0109606 0.000653442 0.0840783 0.676613 0.012366 4.89404e-08 8.71551e-07 0.00685174 0.0597277 0.0105256 1.223e-05 
0.00346231 3.95886e-05 4.46961e-06 0.0392829 0.0140678 0.00409603 0.00181088 0.000282495 0.605403 0.000366275 0.19486 1.19546e-06 1.30567e-06 0.0370324 0.0941588 0.000114034 0.00501627 
0.0103115 0.021794 0.0051772 0.0660768 0.0553568 0.0586521 0.0140718 0.00245407 0.218048 0.0172747 0.101288 0.00203535 0.0179262 0.0556585 0.317756 0.0195368 0.0165825 
0.0161694 0.000162244 0.000409484 0.0124232 0.0626229 0.0759634 0.00136448 0.00157252 0.116781 0.552648 4.92429e-05 1.46787e-05 5.9306e-05 0.0415183 0.0816863 0.0070834 0.0294722 
0.00166997 5.76052e-05 0.000215652 0.0113398 0.0196208 0.42811 0.00196725 0.0677599 0.205329 0.110484 0.00917049 2.73019e-05 7.46824e-05 0.0573739 0.0182429 0.0684955 6.11435e-05 
0.00178905 0.000913321 0.00436916 0.00528856 0.0356456 0.004199 0.000178939 0.00177373 0.0451736 0.8311 0.0177799 9.48886e-05 0.000133228 0.0114889 0.0119333 0.0274843 0.00065417 
0.0468494 0.00356794 0.0061127 0.0495472 0.0651027 0.00420938 0.253037 0.00285805 0.11097 0.162304 0.153405 0.000105764 0.00621742 0.0849077 0.0378829 0.0107767 0.00214605 
1.6397e-05 2.2498e-06 1.39979e-08 0.00401793 0.000104648 0.00589636 0.000896295 4.88027e-06 0.325338 0.00113101 0.302647 1.23638e-11 4.29341e-09 5.20844e-05 0.359873 1.96066e-06 1.74242e-05 
