0.0064216 0.0118957 0.000194137 0.0866111 0.0304946 0.0305596 0.0752696 7.6679e-05 0.146379 0.0012059 0.017199 6.25063e-05 1.1368e-06 0.0388269 0.51564 0.00333898 0.0358232 
0.0106455 0.00400327 2.04523e-08 0.0124446 0.000791186 0.54931 0.0718805 0.0013597 0.204142 0.00145858 0.0846252 7.32471e-05 3.80943e-12 0.0494772 0.00464778 0.00500376 0.000137331 
6.33587e-05 8.05838e-06 0.000163865 0.00157944 0.000268086 0.000503691 0.000177489 3.83683e-05 0.00184008 2.62015e-05 0.000195827 1.79212e-05 2.26663e-07 0.0025041 0.00972985 1.87413e-05 0.982865 
0.144383 0.0148368 9.31941e-06 0.00986773 0.0670509 0.0216897 0.0831764 0.00702857 0.105602 0.0504578 0.0229398 6.05183e-05 1.51382e-06 0.42321 0.00175557 0.0366333 0.0112968 
0.00303387 0.00551261 2.2363e-06 0.00195777 0.00717538 0.262033 0.00150552 0.000686365 0.0647734 0.00156104 6.79826e-07 0.00309198 6.47683e-08 0.597322 0.0402324 0.011005 0.000107082 
0.00048572 1.60966e-05 1.84131e-05 0.000972115 0.0469718 0.0420549 0.0150875 0.0163616 0.0344516 0.265475 0.000776328 0.074949 4.79774e-07 0.0975263 0.404607 0.000228279 1.77155e-05 
6.33587e-05 8.05838e-06 0.000163865 0.00157944 0.000268086 0.000503691 0.000177489 3.83683e-05 0.00184008 2.62015e-05 0.000195827 1.79212e-05 2.26663e-07 0.0025041 0.00972985 1.87413e-05 0.982865 
0.000242762 0.000796165 0.00547615 0.0418788 0.00791254 0.209426 0.0015322 0.000440411 0.411826 0.00320282 0.000275228 0.000294826 2.09843e-06 0.103044 0.16913 0.01162 0.0328999 
0.00685046 0.00114858 0.000212501 0.00709496 0.0117603 0.0684628 0.0086045 0.00464907 0.725127 0.0129783 0.000125296 0.00031168 6.97069e-07 0.0745446 0.0718939 0.00376237 0.00247311 
6.33587e-05 8.05838e-06 0.000163865 0.00157944 0.000268086 0.000503691 0.000177489 3.83683e-05 0.00184008 2.62015e-05 0.000195827 1.79212e-05 2.26663e-07 0.0025041 0.00972985 1.87413e-05 0.982865 
0.00473062 0.059873 2.73049e-05 0.00307396 0.0518524 0.0111554 0.000213575 0.0368842 0.172257 0.438188 0.00297557 0.000708422 4.14006e-07 0.0363445 0.174677 0.00652655 0.000512663 
4.13915e-08 5.13431e-07 1.82871e-08 0.00835894 5.36287e-05 0.000232949 0.000552694 0.0388825 0.0485359 0.000270779 6.43047e-08 5.0814e-06 4.63284e-12 0.888925 0.0136737 8.9991e-05 0.000418009 
0.288354 0.000588571 0.00132902 0.0564247 0.282425 0.013894 0.00260111 0.0332581 0.045778 0.0099278 5.9702e-05 0.000552641 4.9489e-05 0.0786892 0.0949446 0.0909982 0.000126036 
0.170612 0.203702 0.00038942 0.0286066 0.021777 0.0247442 0.00953906 0.00198144 0.244428 0.0030482 0.0180546 0.00337899 3.04012e-06 0.178356 0.0624476 0.00104608 0.0278851 
0.0700122 0.000309109 0.000953238 0.0405103 0.0616535 0.00783033 0.0517781 0.000818434 0.156391 0.00826078 0.02098 0.00214013 1.0862e-09 0.349192 0.201289 0.0175166 0.010366 
0.184791 0.0354683 3.49737e-05 0.00362873 0.572608 7.24273e-05 2.09077e-05 0.00492548 0.0367056 0.0763684 9.06206e-05 0.00765949 6.52009e-06 0.00725115 0.00360435 0.0666682 9.58153e-05 
0.00475675 0.000445888 0.000254077 0.00102822 0.385202 0.0119168 0.000120761 0.276748 0.0579968 0.0280133 0.00134551 0.00017232 5.72843e-10 0.117433 0.0135657 0.100987 1.39707e-05 
0.00358537 0.000411507 0.00136309 0.0658503 0.0829196 0.0835544 0.120501 0.00350827 0.195095 0.111612 0.014587 0.00364695 0.000213046 0.277001 0.0291196 0.00661598 0.000415835 
6.33587e-05 8.05838e-06 0.000163865 0.00157944 0.000268086 0.000503691 0.000177489 3.83683e-05 0.00184008 2.62015e-05 0.000195827 1.79212e-05 2.26663e-07 0.0025041 0.00972985 1.87413e-05 0.982865 
0.000346814 0.000614151 0.000172466 0.00646473 0.000981235 0.0831453 0.00133424 0.000649127 0.0373688 0.00141664 0.000123362 0.00122071 1.94982e-05 0.0726513 0.0508796 0.000103856 0.742508 
0.00736982 0.00102856 3.4591e-08 0.489593 0.0187521 0.183609 0.00245441 0.00508568 0.0468807 0.00930706 9.42495e-05 1.93061e-07 3.06964e-12 0.029232 0.206558 3.53303e-05 1.29603e-08 
0.00660245 0.0131719 9.92052e-05 0.421196 0.0131887 0.0536778 0.00219606 0.34724 0.0702236 0.000768691 0.000146779 1.41928e-05 4.56004e-11 0.0181689 0.0277008 0.025605 2.43637e-08 
2.11849e-05 6.78877e-07 2.88746e-10 1.57237e-09 0.000203784 4.43685e-07 4.95969e-07 0.00011854 7.50796e-07 1.77978e-08 7.16013e-10 0.999363 1.30394e-12 2.57044e-09 5.67868e-05 0.00011069 0.000123946 
0.066246 6.19243e-06 0.00083228 0.063531 0.100506 0.0774994 0.0404956 0.0441683 0.175438 0.0134574 0.00295628 0.000225359 8.77613e-09 0.360527 0.00759368 0.0465178 4.19307e-07 
0.00954284 0.00284212 0.0012179 0.0127422 0.130142 0.0171855 0.0172562 0.0206655 0.0885536 0.180146 0.00103581 0.00282906 3.65079e-05 0.0360417 0.385633 0.015206 0.078924 
0.00224378 0.000628968 5.77621e-06 0.00227079 0.012233 0.0316029 0.00174909 0.0072905 0.0626913 0.000577864 0.000124069 0.000143818 1.96537e-08 0.870894 0.00594092 0.00158338 1.97643e-05 
0.00785841 4.93082e-05 2.51363e-06 0.00876082 0.0170511 0.106119 0.00896681 0.00408581 0.757213 0.00086361 0.000833128 0.000342923 2.05568e-08 0.0436326 0.0407782 0.00343826 3.81918e-06 
0.0187565 0.00366483 0.00329024 0.0108953 0.0874861 0.174277 0.00189215 0.00892342 0.283581 0.011378 0.000855556 0.0102838 1.07116e-07 0.327735 0.0559883 0.000627649 0.000364386 
0.00317355 0.0098477 0.0330936 0.0700406 0.0371779 0.0769721 0.010615 0.0106118 0.0798538 0.00890231 0.00110771 0.0019693 1.92553e-08 0.133112 0.264095 0.0213726 0.238055 
0.0626473 0.000162816 0.000623255 0.0374545 0.0638499 0.0866627 0.0199214 0.00149882 0.458299 0.0147221 0.0152579 0.00102507 1.57343e-07 0.164609 0.0707133 0.00249206 6.08289e-05 
6.33587e-05 8.05838e-06 0.000163865 0.00157944 0.000268086 0.000503691 0.000177489 3.83683e-05 0.00184008 2.62015e-05 0.000195827 1.79212e-05 2.26663e-07 0.0025041 0.00972985 1.87413e-05 0.982865 
0.00191896 0.00263747 4.10603e-08 0.00356326 0.02732 0.0218787 2.46034e-05 0.00195725 0.120094 0.0119397 0.00732667 0.00242574 4.0015e-12 0.00583197 0.296036 0.0387202 0.458326 
0.00270829 0.0138201 8.91544e-06 0.0059368 0.00603535 0.594488 0.146988 0.00402905 0.0385138 2.08657e-05 0.000895979 0.00019457 7.15054e-10 0.109261 0.00318457 0.0738968 1.82793e-05 
0.00489099 0.0301563 0.0159614 0.0279933 0.0119224 0.0440555 0.00231939 0.00169587 0.192599 0.0687109 0.00702084 0.000818467 3.53709e-08 0.181614 0.406467 0.00343677 0.000337051 
6.33587e-05 8.05838e-06 0.000163865 0.00157944 0.000268086 0.000503691 0.000177489 3.83683e-05 0.00184008 2.62015e-05 0.000195827 1.79212e-05 2.26663e-07 0.0025041 0.00972985 1.87413e-05 0.982865 
0.00240956 6.77945e-05 0.00472392 0.0203559 0.00263086 0.0129431 0.00275667 4.05458e-05 0.0861882 0.14316 0.02524 0.000319411 1.89321e-05 0.0231577 0.653408 6.89763e-05 0.0225104 
0.0141062 0.036643 6.0724e-06 0.00109015 0.133711 0.0891441 0.00599298 0.00146408 0.570461 0.0320457 0.00886564 2.53923e-06 2.39113e-07 0.0756692 0.0286907 0.00199479 0.000113261 
6.33587e-05 8.05838e-06 0.000163865 0.00157944 0.000268086 0.000503691 0.000177489 3.83683e-05 0.00184008 2.62015e-05 0.000195827 1.79212e-05 2.26663e-07 0.0025041 0.00972985 1.87413e-05 0.982865 
0.0331683 0.00344483 2.03137e-07 0.0124499 0.63495 0.00221179 3.86378e-06 0.0558107 0.0257533 0.0118425 2.7081e-05 3.9653e-06 4.97397e-09 0.0484696 0.000716064 0.171055 9.23465e-05 
0.00156118 0.314384 0.00121326 0.046983 0.0123343 0.0216298 0.00495921 0.000852611 0.0433965 0.0020004 0.000593748 0.000527025 1.35968e-07 0.211421 0.288948 0.0055171 0.0436793 
0.0361183 0.000596372 0.000182112 0.0645736 0.156241 0.0336147 0.00715722 0.0057808 0.309414 0.183615 0.0445502 0.000508789 4.70089e-05 0.0561665 0.0870726 0.0140308 0.000330857 
0.03952 4.87715e-06 9.98579e-07 0.00380336 0.174614 0.209993 0.00050207 0.000313731 0.310064 0.000329349 0.0208744 0.000194141 7.34849e-08 0.221879 0.0139456 0.00395375 7.79613e-06 
0.00307027 1.44514e-05 9.71237e-07 0.00752626 0.0322093 0.039927 0.000448567 0.0114999 0.766033 0.00279818 0.000363081 2.14894e-05 8.18112e-07 0.0642176 0.0453849 0.0264577 2.6492e-05 
6.33587e-05 8.05838e-06 0.000163865 0.00157944 0.000268086 0.000503691 0.000177489 3.83683e-05 0.00184008 2.62015e-05 0.000195827 1.79212e-05 2.26663e-07 0.0025041 0.00972985 1.87413e-05 0.982865 
6.33587e-05 8.05838e-06 0.000163865 0.00157944 0.000268086 0.000503691 0.000177489 3.83683e-05 0.00184008 2.62015e-05 0.000195827 1.79212e-05 2.26663e-07 0.0025041 0.00972985 1.87413e-05 0.982865 
6.33587e-05 8.05838e-06 0.000163865 0.00157944 0.000268086 0.000503691 0.000177489 3.83683e-05 0.00184008 2.62015e-05 0.000195827 1.79212e-05 2.26663e-07 0.0025041 0.00972985 1.87413e-05 0.982865 
0.0224597 0.00108619 0.00109906 0.0434866 0.106799 0.0292947 0.0109664 0.00796589 0.0538503 0.258625 0.0167395 0.0107618 0.000766059 0.0719286 0.244474 0.0182267 0.10147 
0.0233884 0.000202327 0.000690595 0.00054821 0.117043 0.0156074 0.0101189 0.0185775 0.0971164 0.231584 8.17237e-05 0.000837053 3.74829e-06 0.0669029 0.399158 0.0179952 0.000144854 
6.33587e-05 8.05838e-06 0.000163865 0.00157944 0.000268086 0.000503691 0.000177489 3.83683e-05 0.00184008 2.62015e-05 0.000195827 1.79212e-05 2.26663e-07 0.0025041 0.00972985 1.87413e-05 0.982865 
0.000954214 0.000953541 0.0402995 0.00444692 0.0166792 0.117726 0.00364565 0.0932168 0.0643313 0.00779982 1.14844e-05 0.000796091 8.45847e-06 0.5915 0.0264322 0.0239781 0.00722015 
6.33587e-05 8.05838e-06 0.000163865 0.00157944 0.000268086 0.000503691 0.000177489 3.83683e-05 0.00184008 2.62015e-05 0.000195827 1.79212e-05 2.26663e-07 0.0025041 0.00972985 1.87413e-05 0.982865 
6.33587e-05 8.05838e-06 0.000163865 0.00157944 0.000268086 0.000503691 0.000177489 3.83683e-05 0.00184008 2.62015e-05 0.000195827 1.79212e-05 2.26663e-07 0.0025041 0.00972985 1.87413e-05 0.982865 
0.000602507 0.167694 2.67545e-06 0.118942 0.0210275 0.00691386 0.00457556 0.00114084 0.0325194 7.5558e-05 5.98303e-05 0.000494871 3.22017e-12 0.541559 0.102956 0.000257882 0.0011777 
0.00270829 0.0138201 8.91544e-06 0.0059368 0.00603535 0.594488 0.146988 0.00402905 0.0385138 2.08657e-05 0.000895979 0.00019457 7.15054e-10 0.109261 0.00318457 0.0738968 1.82793e-05 
0.0123235 0.00492792 0.000271871 0.0627783 0.0129597 0.0326669 0.0349988 0.00154714 0.354851 0.00338623 0.00296678 0.00115991 4.65808e-06 0.431983 0.042222 0.000899434 5.24657e-05 
0.0544578 0.0028291 3.73014e-05 0.0070631 0.522512 0.0139003 0.00281964 0.0440331 0.00434541 0.0010442 0.000534014 0.000318392 4.94239e-06 0.0603039 0.0190407 0.266616 0.000139244 
0.00313892 1.59632e-05 1.91739e-05 0.0248059 0.0103002 0.000542177 0.000242119 0.00676453 0.333465 0.000968043 3.79198e-05 0.000103197 1.38106e-08 0.614425 0.00081835 0.00435352 3.04775e-07 
0.00561739 0.085396 4.17691e-09 0.0026102 0.0517168 0.0369478 0.00126457 0.000789629 0.424393 0.00257958 0.0121813 0.000794567 6.2009e-10 0.067439 0.188168 0.0463394 0.0737637 
0.00149208 0.0424786 0.000277278 0.104461 0.0407321 0.0373889 0.00305323 0.000329168 0.0128845 0.00130981 0.000390434 0.000140582 1.06616e-08 0.264545 0.47858 0.00242736 0.00950992 
0.0111183 0.0043006 0.000172224 0.0676521 0.0329201 0.0665593 0.120018 0.00471537 0.395507 0.0311831 0.0187885 0.00189368 9.51957e-05 0.0698594 0.161861 0.0101945 0.0031623 
6.33587e-05 8.05838e-06 0.000163865 0.00157944 0.000268086 0.000503691 0.000177489 3.83683e-05 0.00184008 2.62015e-05 0.000195827 1.79212e-05 2.26663e-07 0.0025041 0.00972985 1.87413e-05 0.982865 
0.0053838 0.000422491 0.0108094 0.0229981 0.0219435 0.304722 0.0187677 0.00638671 0.23404 0.0156453 0.00224324 0.000313429 9.95827e-05 0.291246 0.0422432 0.0223206 0.000414489 
0.00317384 0.00357195 3.45872e-05 0.020453 0.0301875 0.115309 0.0150894 0.00590165 0.0615307 0.000994653 0.000447656 0.000930585 7.32027e-12 0.703929 0.0367079 0.00167669 6.2053e-05 
0.00696409 0.0126866 4.9275e-06 0.00707947 0.035551 0.163116 0.00459448 0.000678547 0.148947 0.0032229 0.0113182 0.00208859 5.24727e-09 0.570076 0.0272652 0.00631975 8.67059e-05 
0.0027347 0.434576 0.000396134 0.0155257 0.029468 0.0187427 0.0057179 0.0528057 0.0151227 0.000795377 0.000373288 0.00233994 1.54386e-06 0.295774 0.104535 0.0057641 0.015327 
6.33587e-05 8.05838e-06 0.000163865 0.00157944 0.000268086 0.000503691 0.000177489 3.83683e-05 0.00184008 2.62015e-05 0.000195827 1.79212e-05 2.26663e-07 0.0025041 0.00972985 1.87413e-05 0.982865 
0.00215946 3.10057e-05 0.000174086 8.87627e-05 0.0136618 0.000576375 2.20327e-05 0.93368 0.0195112 0.000352634 1.04113e-06 7.88755e-05 8.28762e-07 0.0191966 0.0002097 0.0102352 2.06831e-05 
0.00758019 9.61943e-05 2.73602e-05 0.0168941 0.11192 0.498567 0.0391036 0.000410221 0.0220157 0.000559082 2.44089e-05 6.51726e-05 3.01632e-09 0.254729 0.0159203 0.0320456 4.11437e-05 
0.00148072 0.0216069 1.14315e-05 0.0344106 0.115799 0.0206517 0.00823716 0.00824143 0.059425 0.641318 0.0210099 0.00212611 2.90752e-07 0.0324685 0.032615 0.00058562 1.26803e-05 
0.00215946 3.10057e-05 0.000174086 8.87627e-05 0.0136618 0.000576375 2.20327e-05 0.93368 0.0195112 0.000352634 1.04113e-06 7.88755e-05 8.28762e-07 0.0191966 0.0002097 0.0102352 2.06831e-05 
6.33587e-05 8.05838e-06 0.000163865 0.00157944 0.000268086 0.000503691 0.000177489 3.83683e-05 0.00184008 2.62015e-05 0.000195827 1.79212e-05 2.26663e-07 0.0025041 0.00972985 1.87413e-05 0.982865 
0.0012352 0.000209379 4.00731e-07 0.0166515 0.00947952 0.00960976 0.000271016 0.0158892 0.239995 0.0182237 9.19304e-05 0.00203507 6.69851e-09 0.053169 0.476985 0.00220179 0.153952 
0.00725667 0.00266674 1.4427e-06 0.0128701 0.0768191 0.101114 0.397606 1.03716e-05 0.172652 0.033685 0.00920551 0.000289204 2.46237e-09 0.0229925 0.0289724 0.133801 5.78657e-05 
0.0024263 3.28392e-05 0.0038717 0.000118673 0.0351817 0.0142426 0.00146925 0.000214597 0.0634743 0.646746 0.00101368 0.00360249 2.1323e-05 0.00704974 0.163305 0.0550268 0.00220223 
0.019312 0.00160513 0.0136426 0.00800972 0.126088 0.0101576 0.0125501 0.00546245 0.188806 0.507686 0.00885064 0.0029789 5.37717e-05 0.0760251 0.0129364 0.00562194 0.00021377 
6.33587e-05 8.05838e-06 0.000163865 0.00157944 0.000268086 0.000503691 0.000177489 3.83683e-05 0.00184008 2.62015e-05 0.000195827 1.79212e-05 2.26663e-07 0.0025041 0.00972985 1.87413e-05 0.982865 
0.472989 0.00392025 0.000426867 0.00445368 0.0711372 0.00585914 0.00362113 0.0493556 0.154942 0.0070784 0.00539949 0.000661041 6.06283e-05 0.19253 0.01545 0.0118993 0.000217096 
0.0113103 8.32587e-05 4.94908e-09 0.00699675 0.0318052 0.000343673 3.22641e-07 0.939923 0.000602375 2.03682e-05 7.88872e-05 0.00188414 4.6162e-09 0.00600839 2.88457e-08 0.000943677 2.63938e-08 
6.33587e-05 8.05838e-06 0.000163865 0.00157944 0.000268086 0.000503691 0.000177489 3.83683e-05 0.00184008 2.62015e-05 0.000195827 1.79212e-05 2.26663e-07 0.0025041 0.00972985 1.87413e-05 0.982865 
0.00618764 0.000799014 0.00252455 0.0332737 0.0183772 0.0997496 0.00384381 0.000952579 0.444595 0.00275107 0.0545693 0.000141501 9.65651e-07 0.0166661 0.290354 0.0251904 2.38254e-05 
0.00114919 0.00331402 9.42731e-05 0.404026 0.0748121 0.0209861 0.0955748 0.000881627 0.0541399 0.0272708 0.018765 0.00342621 4.6479e-06 0.13848 0.146985 0.00287206 0.00721778 
6.33587e-05 8.05838e-06 0.000163865 0.00157944 0.000268086 0.000503691 0.000177489 3.83683e-05 0.00184008 2.62015e-05 0.000195827 1.79212e-05 2.26663e-07 0.0025041 0.00972985 1.87413e-05 0.982865 
0.0322102 0.00126999 0.0154645 0.0283088 0.202788 0.0455104 0.0612311 0.00950973 0.158231 0.206 0.00669524 0.200565 1.02095e-08 0.0230641 0.00761348 0.00100961 0.000528389 
0.00224378 0.000628968 5.77621e-06 0.00227079 0.012233 0.0316029 0.00174909 0.0072905 0.0626913 0.000577864 0.000124069 0.000143818 1.96537e-08 0.870894 0.00594092 0.00158338 1.97643e-05 
0.00408631 0.00343709 8.12947e-07 0.000369477 0.000924919 0.00244507 0.00045993 5.0666e-05 0.0509231 0.0523954 0.600968 0.00022071 6.19897e-07 0.25792 0.0256668 3.15713e-05 9.87471e-05 
0.000627614 8.42976e-05 0.000168751 0.0124981 0.0114186 0.0326446 0.00855372 0.00136772 0.310539 0.0231274 0.000862955 0.00146482 1.82025e-05 0.0485615 0.394019 0.0197853 0.134259 
0.000358447 0.597111 2.14455e-05 0.00576372 0.00545049 0.00798697 0.000268212 0.000385158 0.0157415 3.29896e-09 4.82121e-05 0.000733012 1.15149e-09 0.278813 0.0859164 0.000114997 0.00128673 
6.33587e-05 8.05838e-06 0.000163865 0.00157944 0.000268086 0.000503691 0.000177489 3.83683e-05 0.00184008 2.62015e-05 0.000195827 1.79212e-05 2.26663e-07 0.0025041 0.00972985 1.87413e-05 0.982865 
0.0094755 0.00164713 0.00167788 0.0163484 0.00163181 0.00293292 0.000472686 0.0716879 0.147076 0.000607389 0.00179521 9.59547e-06 4.34608e-12 0.723353 0.0207182 0.000541125 2.50718e-05 
0.0134479 0.000198153 8.84612e-05 0.00471982 0.0373935 0.106418 0.00464229 0.00697069 0.0506706 0.0157155 0.000570787 0.00200837 9.77604e-07 0.717051 0.00332246 0.024914 0.0118674 
0.0402858 0.0513129 0.00403454 0.00342989 0.425823 0.00107473 8.0546e-05 0.377065 0.0144446 0.0443342 0.000533515 0.00360612 1.36615e-09 0.00350154 0.0217753 0.0086166 8.2163e-05 
0.0515732 0.000860706 0.0028651 0.0124017 0.0512051 0.389946 0.0541287 0.125909 0.147988 0.0155571 0.002053 0.00604047 3.43718e-07 0.0990826 0.0388188 0.00154916 2.11394e-05 
0.0387671 0.000615079 0.000822263 0.0343675 0.067305 0.0906921 0.0214307 0.0446298 0.219315 0.185366 0.103992 0.0127009 1.94808e-07 0.106308 0.0607179 0.0128612 0.000109811 
0.0172713 0.000323907 0.000823614 0.0781614 0.0232038 0.216751 0.0110227 0.00745627 0.287431 0.0142513 0.149616 8.42238e-05 1.50223e-09 0.0529137 0.132161 0.00851883 9.82911e-06 
0.00389037 0.0118532 0.000214636 0.513788 0.0429023 0.0506984 0.000564348 0.00168667 0.245656 0.0130423 0.00289426 0.000370785 1.03377e-05 0.0661043 0.0286932 0.0164607 0.00116999 
0.0224976 0.000436381 0.000101959 0.0862199 0.0652992 0.0910726 0.0320003 0.0566163 0.237503 0.259285 0.016403 7.77102e-05 6.99963e-07 0.0614808 0.0374835 0.0335169 5.01567e-06 
0.0118045 0.000256064 0.000791627 0.061084 0.314993 0.010344 0.00496387 0.00331376 0.0714755 0.243722 0.05491 0.0403875 1.46966e-05 0.0721848 0.106543 0.00172031 0.00149151 
0.00769454 1.15807e-07 6.78994e-06 0.0372415 0.185172 0.00274887 0.00216399 0.00553052 0.153513 0.00370115 1.21457e-05 0.000145042 2.04078e-08 0.565537 0.0364893 9.31498e-06 3.55588e-05 
0.0133642 5.55849e-05 0.0019798 0.000263351 0.0824673 0.00400849 0.000398923 0.859412 0.0291829 0.000236208 5.26426e-06 0.000497074 7.89408e-07 0.0071434 0.000691409 0.000259604 3.32436e-05 
0.000859487 0.0010407 6.17785e-10 0.0169773 0.00512838 0.25955 0.0552137 0.000570007 0.293435 5.54163e-06 0.00183754 0.000193442 4.7108e-10 0.360427 0.00453998 0.000141579 8.02714e-05 
0.00110939 0.0427398 0.000364922 0.0450929 0.0447371 0.173118 0.022568 0.0120334 0.276735 0.00791909 0.00031249 0.000126427 4.97962e-07 0.243035 0.124678 0.000165323 0.00526505 
0.000486782 0.00115359 4.46105e-12 0.000206372 0.00342286 0.0132021 0.000956864 0.0187346 0.536301 0.0055488 4.03828e-05 0.00218652 3.40169e-12 0.413451 0.00422975 6.49482e-05 1.45942e-05 
0.0156917 0.000417122 7.15813e-05 0.0350449 0.0213967 0.274688 0.0186536 0.00743941 0.40787 0.00575917 0.012108 0.00121875 1.65683e-06 0.17199 0.0175658 0.0100691 1.44134e-05 
0.0204943 0.0138566 0.000192801 0.0330176 0.107322 0.0279336 0.0129789 0.247059 0.156601 0.0583408 0.0466575 0.000755125 5.03058e-07 0.146674 0.0978835 0.0284915 0.00173989 
0.0141342 0.000509708 0.0380177 0.0580967 0.137673 0.0505732 0.00169645 0.00656467 0.155041 0.0207206 0.00961094 0.000182216 1.18605e-10 0.0401308 0.419796 0.0385371 0.00871558 
0.00122518 0.995808 1.05952e-09 5.87742e-05 5.91891e-05 0.00029897 5.76727e-08 2.6816e-05 0.000233942 0.000241163 9.30029e-05 0.000597523 8.58879e-10 0.00116773 5.10287e-05 5.5994e-05 8.30653e-05 
0.000908072 0.000824356 0.000126895 0.00292118 0.0296549 0.0935743 0.00474855 0.0234108 0.0581831 0.000788389 6.67124e-06 0.00332467 9.7492e-08 0.622198 0.051866 0.106375 0.00108838 
0.0508877 0.0571674 0.0107043 0.0152617 0.130972 0.120572 0.00025583 0.00167896 0.0610266 0.168944 0.00227046 0.00110419 5.72677e-08 0.130907 0.235806 0.00386742 0.00857289 
0.0144291 0.000837848 2.44451e-05 0.00162779 0.0351685 0.0466679 0.000910739 0.0160832 0.0470334 0.766865 0.00194064 0.0628095 4.72056e-06 0.00480474 0.000651115 0.000114631 2.65418e-05 
0.234256 5.01743e-05 0.0249621 0.00379518 0.454902 0.00891744 0.00107848 0.0977473 0.0665878 0.0160519 1.52469e-05 0.00011225 5.30311e-06 0.0475745 0.017011 0.026598 0.00033556 
0.00685065 0.74042 2.01839e-06 0.0520511 0.0210917 0.00189087 0.00389676 0.000677124 0.0275996 0.0994513 0.00204909 0.000467757 5.08231e-07 0.0086726 0.019949 0.0123006 0.00262877 
0.00935921 0.0104807 0.00604731 0.0095162 0.0231614 0.00972933 0.00110218 0.00112713 0.0874913 0.0146489 0.0013632 0.00151237 0.000261446 0.0492321 0.706489 0.00659649 0.0618816 
0.00905062 0.00271187 0.000210453 0.00675322 0.12654 0.00343243 0.0083901 0.0208383 0.021982 0.0026409 0.0076855 0.00125523 6.01642e-07 0.0219171 0.00176957 0.764805 1.74239e-05 
0.000416927 0.355722 0.000855784 0.0101189 0.00793116 0.0314012 0.000947199 0.000826683 0.0288149 0.000892178 2.90012e-05 0.00483667 1.14578e-07 0.314451 0.223315 0.00118923 0.0182511 
0.011428 0.0416729 0.000171927 0.0194854 0.123602 0.0665974 0.0890145 0.00644895 0.130862 0.243244 0.00225363 0.00034438 2.95083e-09 0.251491 0.00282464 0.00965737 0.000902274 
0.105199 0.000180832 9.47166e-10 0.00156828 6.54615e-05 0.00250014 1.55698e-07 1.2352e-07 0.00482871 0.880625 2.01085e-05 9.21336e-10 7.22242e-10 0.00183527 0.00312051 1.06556e-07 5.63671e-05 
0.0581866 0.000390069 0.00101792 0.0709236 0.313055 0.00498135 0.00512578 0.343672 0.0717803 0.0427355 0.00472356 0.00100166 3.90154e-10 0.0108341 0.0117603 0.0543059 0.00550673 
0.0046157 0.00379521 0.000837868 0.0149163 0.0584036 0.0491214 0.0147499 0.00394934 0.143045 0.471005 0.0281757 0.000237823 5.74184e-05 0.0396486 0.163315 0.00264464 0.00148132 
0.00101696 0.00463866 0.000136958 0.124942 0.00140472 0.126316 0.0487442 0.000165888 0.165566 0.00239575 0.0111844 0.00045993 6.84472e-11 0.3544 0.146089 4.66136e-05 0.0124933 
0.0164352 0.00142884 0.000431112 0.00642979 0.319311 0.0406279 0.0253972 0.0134676 0.185148 0.0048937 2.52304e-05 0.000394213 1.81713e-11 0.289536 0.0638788 0.0325511 4.40942e-05 
6.33587e-05 8.05838e-06 0.000163865 0.00157944 0.000268086 0.000503691 0.000177489 3.83683e-05 0.00184008 2.62015e-05 0.000195827 1.79212e-05 2.26663e-07 0.0025041 0.00972985 1.87413e-05 0.982865 
0.0195685 0.00298388 0.0010775 0.0421222 0.0526315 0.0275015 0.034994 0.00962443 0.356721 0.0107141 0.0136265 0.000864641 3.56907e-05 0.304754 0.110235 0.0110491 0.00149727 
6.33587e-05 8.05838e-06 0.000163865 0.00157944 0.000268086 0.000503691 0.000177489 3.83683e-05 0.00184008 2.62015e-05 0.000195827 1.79212e-05 2.26663e-07 0.0025041 0.00972985 1.87413e-05 0.982865 
0.0848798 7.00467e-06 5.81379e-06 0.228666 0.0546259 0.000715569 0.00576844 0.0152698 0.200706 0.00716841 0.00121087 0.00174731 1.74872e-08 0.311145 0.0842669 0.00379974 1.73923e-05 
0.00687081 0.000212112 8.2683e-06 0.00449705 0.0173507 0.0672842 0.0134769 0.00198617 0.191639 0.000481072 0.00097694 1.20623e-05 9.47585e-08 0.692795 0.00185727 0.000549108 3.1783e-06 
0.0141707 0.00013234 0.000975984 0.00364147 0.0084748 0.00528601 0.0192196 6.68824e-05 0.0686606 0.0387492 0.0020679 0.00121476 2.51456e-05 0.0165579 0.793194 0.0271704 0.000392441 
0.00109182 0.00129963 5.6913e-05 0.0414489 0.00759135 0.338046 0.0175242 0.000932118 0.122669 0.00386797 0.000886456 0.000159301 1.65306e-11 0.432213 0.032071 6.83027e-05 7.3463e-05 
0.000630251 0.095506 0.00339843 0.0165311 0.0118155 0.0315021 0.00342665 0.000927115 0.0283963 0.00380314 0.000916662 0.00115752 1.16329e-12 0.317833 0.407461 0.0196516 0.0570434 
0.0019968 0.00313886 0.000583632 0.0206667 0.0122322 0.0267395 0.00109971 0.0127286 0.0739389 0.000112477 0.000275729 0.00413672 2.19766e-11 0.763844 0.0644236 0.00898876 0.00509349 
0.0114824 0.00197623 5.02724e-06 0.0596713 0.0159899 0.00151124 0.00195549 0.821359 0.0448817 0.0019929 0.000524139 1.35275e-08 5.69602e-10 0.0368726 0.000878122 0.000899369 3.50625e-07 
0.000423793 0.000215888 7.24138e-06 0.00120904 0.0155777 0.0141471 0.00991531 0.00470888 0.203853 0.00239121 0.00243211 0.0143235 6.01906e-06 0.303377 0.403574 0.0237564 8.13514e-05 
6.33587e-05 8.05838e-06 0.000163865 0.00157944 0.000268086 0.000503691 0.000177489 3.83683e-05 0.00184008 2.62015e-05 0.000195827 1.79212e-05 2.26663e-07 0.0025041 0.00972985 1.87413e-05 0.982865 
6.33587e-05 8.05838e-06 0.000163865 0.00157944 0.000268086 0.000503691 0.000177489 3.83683e-05 0.00184008 2.62015e-05 0.000195827 1.79212e-05 2.26663e-07 0.0025041 0.00972985 1.87413e-05 0.982865 
0.000509213 0.987879 2.15633e-06 0.00022467 0.00156778 0.00223305 0.00058106 0.000216207 0.00182454 0.00340254 0.000266013 1.32932e-06 2.05124e-09 0.000471358 0.000419773 0.000370362 3.12555e-05 
2.11849e-05 6.78877e-07 2.88746e-10 1.57237e-09 0.000203784 4.43685e-07 4.95969e-07 0.00011854 7.50796e-07 1.77978e-08 7.16013e-10 0.999363 1.30394e-12 2.57044e-09 5.67868e-05 0.00011069 0.000123946 
6.33587e-05 8.05838e-06 0.000163865 0.00157944 0.000268086 0.000503691 0.000177489 3.83683e-05 0.00184008 2.62015e-05 0.000195827 1.79212e-05 2.26663e-07 0.0025041 0.00972985 1.87413e-05 0.982865 
6.33587e-05 8.05838e-06 0.000163865 0.00157944 0.000268086 0.000503691 0.000177489 3.83683e-05 0.00184008 2.62015e-05 0.000195827 1.79212e-05 2.26663e-07 0.0025041 0.00972985 1.87413e-05 0.982865 
0.00307027 1.44514e-05 9.71237e-07 0.00752626 0.0322093 0.039927 0.000448567 0.0114999 0.766033 0.00279818 0.000363081 2.14894e-05 8.18112e-07 0.0642176 0.0453849 0.0264577 2.6492e-05 
0.000486782 0.00115359 4.46105e-12 0.000206372 0.00342286 0.0132021 0.000956864 0.0187346 0.536301 0.0055488 4.03828e-05 0.00218652 3.40169e-12 0.413451 0.00422975 6.49482e-05 1.45942e-05 
0.00806079 0.000236707 7.44347e-08 0.00794857 0.037509 0.0206005 0.00198886 0.00363999 0.0269324 0.00828948 0.00304478 0.00116314 1.4514e-08 0.0355427 0.19743 0.0586561 0.588957 
0.00848633 0.00027001 0.0001032 0.0123952 0.0145042 0.102498 0.00540734 0.00219041 0.0119128 0.781098 0.00626618 3.12274e-05 2.16191e-07 0.0409167 0.0134779 0.000434403 7.72747e-06 
0.142452 3.28749e-05 0.00148245 0.0107712 0.00150649 0.000385631 7.86598e-05 0.00702929 0.024026 0.199673 0.00441756 0.00170999 3.1301e-08 0.167623 0.437364 7.09552e-06 0.00144074 
0.0040141 3.58262e-06 0.000170032 0.0149322 0.058697 0.0017614 0.00336075 0.0116912 0.0872102 0.621864 0.0396155 0.000415225 4.08191e-07 0.0621257 0.0623891 0.0274805 0.00426849 
0.0329293 0.560536 3.40822e-05 0.00920892 0.145925 0.0376755 0.00891291 0.00823702 0.0997418 0.0418837 0.0161018 0.000282994 3.73931e-08 0.00149586 0.0306899 0.0063007 4.4512e-05 
0.0970018 0.00518469 0.00119055 0.0211112 0.376877 0.065794 0.0371813 0.054771 0.101026 0.0153747 0.00383821 0.0119403 8.70642e-07 0.0692412 0.0380936 0.10111 0.000263475 
0.0354356 6.63096e-05 1.81784e-06 0.000509619 0.734256 0.0245698 0.000607754 0.0367487 0.0199318 0.0231756 0.000456838 0.000319621 1.06919e-06 0.0335793 0.0382023 0.0496915 0.00244663 
6.33587e-05 8.05838e-06 0.000163865 0.00157944 0.000268086 0.000503691 0.000177489 3.83683e-05 0.00184008 2.62015e-05 0.000195827 1.79212e-05 2.26663e-07 0.0025041 0.00972985 1.87413e-05 0.982865 
0.00738257 0.00421963 0.000180376 0.0133345 0.0957396 0.0869458 0.0303557 0.00877101 0.00874031 0.654629 0.00591079 0.00331996 1.63428e-06 0.0214735 0.0584732 0.000391828 0.000130314 
0.0603975 0.0101133 0.00381954 0.046517 0.071492 0.0600175 0.0156786 0.0107135 0.236114 0.111063 0.142436 0.00081102 1.78452e-05 0.130587 0.0644079 0.0328052 0.00300894 
0.0610229 0.00163935 4.85065e-06 0.00605011 0.136633 0.000821046 4.14286e-05 0.00568945 0.0869708 0.514524 0.00116884 0.0195721 3.11608e-06 0.0643157 0.056312 0.0451817 5.04716e-05 
0.00643058 0.000238816 0.000119514 0.00741926 0.0374576 0.0778248 0.00279846 0.00606457 0.746539 0.00822285 0.00177686 4.48298e-05 3.45006e-06 0.0553836 0.0310544 0.0169415 0.00168025 
6.33587e-05 8.05838e-06 0.000163865 0.00157944 0.000268086 0.000503691 0.000177489 3.83683e-05 0.00184008 2.62015e-05 0.000195827 1.79212e-05 2.26663e-07 0.0025041 0.00972985 1.87413e-05 0.982865 
0.00370394 0.00688588 2.92787e-05 0.00510999 0.0321118 0.110349 0.00467921 0.000512531 0.175431 0.00598943 0.00568745 0.00137419 2.23842e-05 0.599902 0.0316419 0.016515 5.49415e-05 
0.100351 0.0156375 0.0038939 0.0428587 0.0415728 0.00802259 0.000310292 0.00134106 0.218111 0.0118325 0.162712 8.17529e-06 6.66513e-08 0.0158841 0.375855 0.00156822 4.09414e-05 
0.00400143 3.88581e-05 1.50991e-05 0.0742887 0.00239494 0.0371164 0.0445932 0.000114895 0.471176 0.0225543 0.0236144 0.000167558 1.72044e-06 0.0406676 0.2789 0.000353049 2.41454e-06 
0.00355859 0.00202858 0.000551723 0.047128 0.0072597 0.0761709 0.0137102 0.00181216 0.359551 0.012576 0.0515618 0.000450866 2.7492e-05 0.0528555 0.362826 0.00386661 0.00406502 
0.00219666 0.000661602 0.043016 0.0853068 0.034676 0.00697037 0.0213324 0.00125649 0.266394 0.0543559 0.00463083 0.00980124 7.9127e-08 0.089077 0.308543 0.00424835 0.0675339 
0.0114824 0.00197623 5.02724e-06 0.0596713 0.0159899 0.00151124 0.00195549 0.821359 0.0448817 0.0019929 0.000524139 1.35275e-08 5.69602e-10 0.0368726 0.000878122 0.000899369 3.50625e-07 
6.33587e-05 8.05838e-06 0.000163865 0.00157944 0.000268086 0.000503691 0.000177489 3.83683e-05 0.00184008 2.62015e-05 0.000195827 1.79212e-05 2.26663e-07 0.0025041 0.00972985 1.87413e-05 0.982865 
6.33587e-05 8.05838e-06 0.000163865 0.00157944 0.000268086 0.000503691 0.000177489 3.83683e-05 0.00184008 2.62015e-05 0.000195827 1.79212e-05 2.26663e-07 0.0025041 0.00972985 1.87413e-05 0.982865 
0.0946384 0.0476792 0.000188916 0.0217547 0.168305 0.0323278 0.00162864 0.0199148 0.0752331 0.0189356 0.0282795 0.00136275 5.36409e-05 0.190782 0.0200666 0.278655 0.000194041 
0.00196265 6.66615e-08 1.58781e-07 0.0241968 6.31525e-07 4.47402e-06 6.41829e-07 6.16744e-07 0.775015 0.00127333 0.00154924 4.01539e-07 1.61412e-11 0.195988 4.76452e-06 2.52375e-06 8.99621e-08 
0.00325505 0.00237257 0.000601584 0.0352317 0.0300564 0.0227592 0.0397955 0.000851614 0.154887 0.146693 0.161604 0.00132663 3.00402e-05 0.332151 0.0116426 0.0563308 0.00041177 
0.0298416 6.12796e-05 0.00105615 0.00851606 0.548282 0.00369501 0.0644392 0.0730858 0.132138 0.000152792 0.000803651 5.05241e-05 5.49702e-09 0.0970389 0.0233719 0.0174676 6.98399e-08 
0.0029392 0.00614841 0.000203841 0.0191287 0.0158061 0.00697884 0.0986631 0.000371742 0.00695745 0.0131888 3.58815e-08 0.00166718 2.09235e-11 0.0912614 0.735497 0.000741892 0.000446218 
8.7674e-05 0.000268233 0.00545875 9.68916e-05 3.42989e-05 2.10065e-05 2.56178e-05 2.22019e-05 0.516702 0.472107 9.61649e-05 1.04407e-07 8.1035e-10 0.00478401 3.40466e-07 0.000204859 9.12544e-05 
6.33587e-05 8.05838e-06 0.000163865 0.00157944 0.000268086 0.000503691 0.000177489 3.83683e-05 0.00184008 2.62015e-05 0.000195827 1.79212e-05 2.26663e-07 0.0025041 0.00972985 1.87413e-05 0.982865 
0.0360157 0.0115237 0.000429272 0.143038 0.135465 0.0141371 0.0226758 0.00564411 0.261182 0.0461229 0.0140393 0.000336059 5.61827e-07 0.195371 0.0899946 0.0239617 6.33208e-05 
6.33587e-05 8.05838e-06 0.000163865 0.00157944 0.000268086 0.000503691 0.000177489 3.83683e-05 0.00184008 2.62015e-05 0.000195827 1.79212e-05 2.26663e-07 0.0025041 0.00972985 1.87413e-05 0.982865 
0.0443802 0.00197444 2.06001e-05 0.0328399 0.0489786 0.00513372 0.00205655 0.00463637 0.160996 0.00196096 0.0140053 0.000115051 1.30596e-07 0.641598 0.00439024 0.0325409 0.00437347 
0.00859844 5.70886e-07 0.00065459 0.000860335 0.00929301 0.00170676 0.000518907 0.0262816 0.101735 0.00126558 0.00439115 3.0889e-07 2.65275e-09 0.84 0.00469314 2.55927e-07 9.78253e-07 
0.000951274 0.00218069 5.51095e-05 0.00168716 0.0194396 0.000499132 0.00195678 0.00154636 0.000942349 0.000380246 3.94562e-05 0.000333991 1.33412e-05 0.00455422 0.953084 0.0089365 0.0033999 
0.000321536 0.00114089 9.28059e-07 0.00165369 0.00430372 0.0174191 0.00093202 0.000626668 0.0428699 0.000253799 8.95442e-07 0.000494013 4.62142e-10 0.920276 0.00635818 0.00327429 7.4018e-05 
0.00167197 0.00185109 0.0720608 0.00898304 0.0243037 0.0290028 0.000565857 0.0442603 0.100266 0.00243679 0.000167907 3.18796e-05 1.42037e-05 0.708214 0.00432902 0.00112693 0.00071379 
6.33587e-05 8.05838e-06 0.000163865 0.00157944 0.000268086 0.000503691 0.000177489 3.83683e-05 0.00184008 2.62015e-05 0.000195827 1.79212e-05 2.26663e-07 0.0025041 0.00972985 1.87413e-05 0.982865 
0.0578482 0.0645423 0.000270209 0.00403601 0.148644 0.00855455 0.0147013 0.0171849 0.162381 0.106556 0.0175788 0.00194472 4.97038e-06 0.309418 0.032734 0.0517614 0.00183872 
0.0117854 0.0190277 0.000202053 0.0831959 0.0468477 0.0380812 0.040652 0.0425094 0.153101 0.0340463 0.0144049 0.00760497 2.49087e-05 0.0526708 0.385835 0.0221875 0.0478239 
0.596261 3.14934e-05 1.14362e-05 0.0241616 0.00843161 0.00269249 0.0221365 0.0125676 0.162845 0.00142565 0.00486633 0.000167384 2.04074e-06 0.0619873 0.0921242 0.000660533 0.00962729 
0.0557522 2.03747e-07 1.53008e-05 0.241249 0.00457936 0.0237684 0.171923 0.000285544 0.101889 0.103622 0.00408532 3.87951e-05 1.68305e-08 0.223171 0.066975 0.0026362 1.02975e-05 
6.33587e-05 8.05838e-06 0.000163865 0.00157944 0.000268086 0.000503691 0.000177489 3.83683e-05 0.00184008 2.62015e-05 0.000195827 1.79212e-05 2.26663e-07 0.0025041 0.00972985 1.87413e-05 0.982865 
0.0202677 0.000359951 0.00119995 0.076505 0.0387624 0.154534 0.0065637 0.00199113 0.328503 0.00119451 0.0535799 0.000204486 1.72032e-07 0.095643 0.217866 0.00281842 5.8802e-06 
6.33587e-05 8.05838e-06 0.000163865 0.00157944 0.000268086 0.000503691 0.000177489 3.83683e-05 0.00184008 2.62015e-05 0.000195827 1.79212e-05 2.26663e-07 0.0025041 0.00972985 1.87413e-05 0.982865 
0.0137161 0.000431358 0.000400707 0.00775144 0.0642502 0.331115 0.00458106 0.00751747 0.226674 0.0544079 0.0184295 0.00118301 1.02465e-05 0.0778056 0.0812557 0.104086 0.0063847 
0.000509213 0.987879 2.15633e-06 0.00022467 0.00156778 0.00223305 0.00058106 0.000216207 0.00182454 0.00340254 0.000266013 1.32932e-06 2.05124e-09 0.000471358 0.000419773 0.000370362 3.12555e-05 
0.00215946 3.10057e-05 0.000174086 8.87627e-05 0.0136618 0.000576375 2.20327e-05 0.93368 0.0195112 0.000352634 1.04113e-06 7.88755e-05 8.28762e-07 0.0191966 0.0002097 0.0102352 2.06831e-05 
6.33587e-05 8.05838e-06 0.000163865 0.00157944 0.000268086 0.000503691 0.000177489 3.83683e-05 0.00184008 2.62015e-05 0.000195827 1.79212e-05 2.26663e-07 0.0025041 0.00972985 1.87413e-05 0.982865 
0.0227202 0.000850652 0.000256298 0.0295706 0.0559946 0.0133135 0.00169973 0.00965208 0.106851 0.144627 0.000552513 0.00532967 8.44675e-09 0.0205167 0.405087 0.0582953 0.124684 
0.00453392 0.178461 0.000182324 0.0191994 0.0248823 0.0204563 0.0129239 0.000920226 0.0247056 0.00254975 0.000150815 0.00228002 2.62423e-05 0.533682 0.133169 0.0290226 0.012855 
0.014798 0.00182857 0.00926274 0.0221791 0.0223474 0.231044 0.0102727 0.0161561 0.323359 0.0456141 0.0195842 0.00325623 3.33314e-06 0.225871 0.0373179 0.0170379 6.75492e-05 
0.00140317 0.000511113 5.43123e-06 0.0108608 0.0101041 0.0286531 0.00186347 0.00102573 0.173359 0.000960971 5.68921e-06 0.000292253 1.43206e-06 0.738827 0.0209327 0.0111454 4.92642e-05 
0.0228387 0.245768 3.34144e-06 0.182693 0.12745 0.0655904 0.000196977 0.0155007 0.139893 0.0056205 0.000607535 3.86937e-05 2.13714e-06 0.0281131 0.16022 0.0054431 2.13368e-05 
0.484488 0.00030677 2.85355e-05 0.0263634 0.163286 0.0770897 0.141499 0.000942784 0.00906688 0.0381646 0.00211424 0.000158253 5.48401e-09 0.0214902 0.0345852 0.000412101 3.89539e-06 
0.0910069 0.0004696 5.00132e-07 0.00319014 0.0375676 0.00627928 0.00240508 0.000789866 0.246764 0.000645708 1.34372e-07 4.50176e-05 7.22428e-09 0.609238 0.00149586 8.5979e-05 1.68793e-05 
0.000447369 0.00231869 7.14013e-05 0.0178383 0.0137859 0.00113783 0.0004828 0.00517866 0.00319512 0.0107999 0.000283888 0.813255 1.38045e-11 0.006316 0.0879693 0.00325467 0.0336647 
0.0044746 0.00271344 1.29316e-05 0.00696251 0.0258099 0.0652469 0.00919864 0.00214718 0.152924 0.00975973 0.000706494 0.0061806 1.83196e-07 0.689663 0.00525497 0.018904 4.10932e-05 
0.00238746 2.07999e-06 0.000497021 0.022495 0.0163967 0.012384 0.0160703 0.00061521 0.431731 2.98849e-05 0.00335414 0.000226031 3.05378e-09 0.0332093 0.448613 0.00945536 0.0025336 
0.0232895 0.000435758 0.000408621 0.0313967 0.105779 0.0397947 0.00800465 0.00984329 0.124174 0.00556976 0.0158529 0.000494572 2.00913e-05 0.550862 0.0339712 0.0211692 0.0289344 
6.33587e-05 8.05838e-06 0.000163865 0.00157944 0.000268086 0.000503691 0.000177489 3.83683e-05 0.00184008 2.62015e-05 0.000195827 1.79212e-05 2.26663e-07 0.0025041 0.00972985 1.87413e-05 0.982865 
0.00705387 0.00123585 1.11672e-05 0.0289032 0.0352832 0.324571 0.111724 0.00243479 0.329502 0.0423427 0.0288045 0.000606151 5.40486e-09 0.0442627 0.0415536 0.00162189 8.87147e-05 
6.33587e-05 8.05838e-06 0.000163865 0.00157944 0.000268086 0.000503691 0.000177489 3.83683e-05 0.00184008 2.62015e-05 0.000195827 1.79212e-05 2.26663e-07 0.0025041 0.00972985 1.87413e-05 0.982865 
0.0201452 0.0014972 0.000363892 0.0454275 0.0707594 0.0652601 0.0603015 0.043109 0.109792 0.146499 0.0112145 0.0225582 2.15491e-05 0.228977 0.14581 0.0267875 0.00147607 
6.33587e-05 8.05838e-06 0.000163865 0.00157944 0.000268086 0.000503691 0.000177489 3.83683e-05 0.00184008 2.62015e-05 0.000195827 1.79212e-05 2.26663e-07 0.0025041 0.00972985 1.87413e-05 0.982865 
0.0243216 0.0026074 0.00102112 0.0305896 0.214152 0.0526514 0.0191433 0.008493 0.208445 0.0677771 0.00340014 0.010403 0.000472199 0.278636 0.0457363 0.0314523 0.000698211 
0.00421712 1.20409e-07 6.62393e-07 0.000358615 0.149094 0.00375098 0.0500563 0.0107841 0.0187324 0.447134 3.85287e-09 0.0019117 1.42428e-09 0.307082 0.00686439 2.65571e-06 1.03335e-05 
0.043112 5.06434e-05 1.10605e-05 0.0211633 0.208735 0.000388784 0.00729968 0.00171836 0.032825 0.431625 0.0508865 0.000788112 7.05653e-06 0.165124 0.0169053 0.0189745 0.000385567 
0.0163503 0.00138308 0.00112184 0.0373545 0.0526927 0.106221 0.0432471 0.00827421 0.243753 0.00369174 0.00302335 0.00101743 0.000121483 0.437251 0.0285576 0.015792 0.000148084 
6.33587e-05 8.05838e-06 0.000163865 0.00157944 0.000268086 0.000503691 0.000177489 3.83683e-05 0.00184008 2.62015e-05 0.000195827 1.79212e-05 2.26663e-07 0.0025041 0.00972985 1.87413e-05 0.982865 
0.00138757 0.00205257 0.00136991 0.162384 0.0297511 0.49144 0.0136908 0.00167105 0.0118985 0.0182548 0.0185683 0.108183 1.02316e-06 0.0378772 0.101025 6.66242e-05 0.000378833 
0.00593238 0.000345636 0.00237419 0.0259106 0.011952 0.519847 0.0446534 0.00519247 0.101529 0.0977274 0.00314318 0.000507546 2.14004e-11 0.137881 0.0353136 0.000801344 0.00688982 
0.0265724 0.000152185 1.19673e-06 0.126125 0.0245786 0.0058126 0.00729562 0.0120312 0.489676 0.0350423 0.010273 0.00215391 1.93999e-09 0.199014 0.0608144 0.000355226 0.000102863 
6.33587e-05 8.05838e-06 0.000163865 0.00157944 0.000268086 0.000503691 0.000177489 3.83683e-05 0.00184008 2.62015e-05 0.000195827 1.79212e-05 2.26663e-07 0.0025041 0.00972985 1.87413e-05 0.982865 
0.00891883 0.0983847 0.00198583 0.0315991 0.0843253 0.0403563 0.00388228 0.00236747 0.0598136 0.00729272 0.0060649 0.000712463 1.53425e-06 0.195017 0.438627 0.0120467 0.00860333 
0.0114824 0.00197623 5.02724e-06 0.0596713 0.0159899 0.00151124 0.00195549 0.821359 0.0448817 0.0019929 0.000524139 1.35275e-08 5.69602e-10 0.0368726 0.000878122 0.000899369 3.50625e-07 
0.00247922 0.0417554 3.38733e-05 0.071554 0.0312295 0.0861322 0.314115 0.00106255 0.0307294 0.000880631 0.000202783 0.00222568 2.12068e-08 0.367253 0.0499582 0.000105034 0.000283451 
6.33587e-05 8.05838e-06 0.000163865 0.00157944 0.000268086 0.000503691 0.000177489 3.83683e-05 0.00184008 2.62015e-05 0.000195827 1.79212e-05 2.26663e-07 0.0025041 0.00972985 1.87413e-05 0.982865 
0.00805683 0.000644638 5.44162e-05 0.0194225 0.0389764 0.0863849 0.0202535 0.00126597 0.551621 0.0432429 0.0272492 0.000717167 9.49127e-07 0.0997113 0.0980782 0.00146983 0.00284996 
