0.00455434 0.00627127 0.00220753 0.0141699 0.105883 0.0135196 0.00525702 0.146939 0.147292 0.316687 0.00016431 0.000761675 8.89587e-06 0.133371 0.0700634 0.0318243 0.00102519 
0.00529519 0.00134588 0.000321312 0.0329153 0.0291134 0.043687 0.0375006 0.00231293 0.35963 0.0186282 0.0113233 0.00012809 7.33073e-06 0.047407 0.396213 0.0131405 0.00103151 
6.33587e-05 8.05838e-06 0.000163865 0.00157944 0.000268086 0.000503691 0.000177489 3.83683e-05 0.00184008 2.62015e-05 0.000195827 1.79212e-05 2.26663e-07 0.0025041 0.00972985 1.87413e-05 0.982865 
0.249776 0.00824005 1.01376e-05 0.00025067 0.646607 0.000337447 4.85395e-05 0.034404 0.000743478 0.000385996 0.000338875 0.000281027 1.42553e-11 0.0562109 0.00205794 0.000270589 3.7572e-05 
0.00426902 0.0195514 0.00233469 0.177391 0.111539 0.0209542 0.0057444 0.00334185 0.129322 0.0130065 0.00447308 0.000369616 8.89258e-09 0.102167 0.325991 0.0142686 0.0652764 
0.00431597 0.862313 6.67094e-10 0.000583615 0.00781023 0.00397283 0.000290784 0.000705045 0.0241013 0.00219372 0.000168772 0.000789979 4.70473e-10 0.00356307 0.053301 0.0350496 0.000841448 
0.00520273 0.00343473 4.98765e-06 0.0536923 0.17344 0.00697746 0.11826 9.25792e-07 0.22204 0.0160364 0.00237056 4.15688e-05 1.75997e-07 0.132881 0.26547 0.000116255 3.09222e-05 
0.119088 0.000323292 2.89707e-06 0.0305201 0.158204 0.0862184 0.00941354 0.00357562 0.143081 0.367685 0.000545659 0.00164381 5.98902e-07 0.0720043 0.00753424 5.7508e-06 0.000153014 
0.0505654 0.0206824 0.000110006 0.0381544 0.100073 0.212269 0.0124873 0.0157427 0.192261 0.26937 0.000685602 0.011868 5.5867e-06 0.0357063 0.0342469 0.00574082 3.10862e-05 
0.0154102 0.000169877 0.00195568 0.0923397 0.0559745 0.0358472 0.00169648 0.0533791 0.256384 0.00913061 0.000354701 0.00114138 2.64507e-05 0.452181 0.0205241 0.0034387 4.62528e-05 
0.00592619 0.00142262 0.000453909 0.116032 0.040346 0.00463401 0.000143857 0.0141361 0.0954508 0.420683 2.72047e-05 0.00128681 1.48198e-06 0.138544 0.149951 0.00483903 0.00612261 
0.0417645 0.0120032 0.00174323 0.0223552 0.282523 0.0126062 0.00554345 0.00712845 0.26401 0.0492506 0.00397872 0.00222422 1.5793e-05 0.205246 0.0808274 0.00851216 0.000268247 
6.33587e-05 8.05838e-06 0.000163865 0.00157944 0.000268086 0.000503691 0.000177489 3.83683e-05 0.00184008 2.62015e-05 0.000195827 1.79212e-05 2.26663e-07 0.0025041 0.00972985 1.87413e-05 0.982865 
0.00280838 0.63822 2.84664e-05 0.0106826 0.0656923 0.012207 0.0203654 0.073213 0.034745 0.00371191 5.18918e-05 6.46894e-05 1.05268e-08 0.00733608 0.0743609 0.0563597 0.000152798 
6.33587e-05 8.05838e-06 0.000163865 0.00157944 0.000268086 0.000503691 0.000177489 3.83683e-05 0.00184008 2.62015e-05 0.000195827 1.79212e-05 2.26663e-07 0.0025041 0.00972985 1.87413e-05 0.982865 
0.0722201 0.000438525 0.0188536 0.0158682 0.0501228 0.237634 0.00799858 0.00669472 0.0813089 5.71088e-05 0.00563808 0.00193711 4.38569e-07 0.269413 0.177902 0.0539034 9.32289e-06 
0.00360837 0.00114244 0.000541999 0.0426758 0.0142446 0.0123049 0.00229758 0.112779 0.12924 0.00712792 0.000278906 0.0781064 6.16152e-09 0.435259 0.0451241 0.00839693 0.106872 
6.33587e-05 8.05838e-06 0.000163865 0.00157944 0.000268086 0.000503691 0.000177489 3.83683e-05 0.00184008 2.62015e-05 0.000195827 1.79212e-05 2.26663e-07 0.0025041 0.00972985 1.87413e-05 0.982865 
6.33587e-05 8.05838e-06 0.000163865 0.00157944 0.000268086 0.000503691 0.000177489 3.83683e-05 0.00184008 2.62015e-05 0.000195827 1.79212e-05 2.26663e-07 0.0025041 0.00972985 1.87413e-05 0.982865 
0.00323663 6.94396e-06 0.000699014 0.0150558 0.00805553 0.005297 0.00573179 0.00025771 0.0729901 0.00664249 0.00585743 0.000208905 2.9975e-07 0.00138046 0.8621 0.0120654 0.000414726 
0.0120236 0.00147058 0.0068956 0.137414 0.0242964 0.0141234 0.00791473 0.0184867 0.293311 0.000970282 0.0123434 0.00202138 5.56877e-06 0.388087 0.0805367 5.75274e-05 4.17547e-05 
0.00477002 0.000363937 0.000130889 0.0220821 0.0101135 0.0742181 0.0524806 0.00395807 0.715063 0.0299029 0.0246659 0.000579068 2.86344e-06 0.0273273 0.0338732 0.000446645 2.211e-05 
0.0205244 0.000732704 0.00021898 0.0279276 0.0628829 0.0992304 0.0155573 0.0196444 0.104884 0.0365636 0.00905454 0.0278384 1.64209e-06 0.532408 0.0234298 0.01869 0.000411776 
0.00113939 0.000691953 0.000856684 0.0122522 0.046783 0.0251872 0.0288583 0.055702 0.172677 0.0424213 0.000125756 0.00115719 9.91139e-09 0.113826 0.483093 0.013023 0.00220486 
0.0166962 0.000789369 0.0029995 0.00535862 0.106058 0.220921 0.0298218 0.12725 0.0792698 0.000352456 0.000669222 0.000358576 6.72942e-06 0.163495 0.0608726 0.184433 0.000647864 
0.116573 0.000805357 2.10038e-05 0.0484978 0.215363 0.0514805 0.0399864 0.00327233 0.054746 0.206566 0.000217387 0.00404193 1.26746e-06 0.231244 0.026371 0.000807635 5.48548e-06 
6.33587e-05 8.05838e-06 0.000163865 0.00157944 0.000268086 0.000503691 0.000177489 3.83683e-05 0.00184008 2.62015e-05 0.000195827 1.79212e-05 2.26663e-07 0.0025041 0.00972985 1.87413e-05 0.982865 
0.00215946 3.10057e-05 0.000174086 8.87627e-05 0.0136618 0.000576375 2.20327e-05 0.93368 0.0195112 0.000352634 1.04113e-06 7.88755e-05 8.28762e-07 0.0191966 0.0002097 0.0102352 2.06831e-05 
0.0239784 0.00271868 0.0018699 0.0519632 0.0400578 0.0313258 0.020446 0.0051315 0.652291 0.0215549 0.0318115 0.000844202 0.000517637 0.063753 0.0397919 0.00769325 0.00425116 
6.33587e-05 8.05838e-06 0.000163865 0.00157944 0.000268086 0.000503691 0.000177489 3.83683e-05 0.00184008 2.62015e-05 0.000195827 1.79212e-05 2.26663e-07 0.0025041 0.00972985 1.87413e-05 0.982865 
0.00224378 0.000628968 5.77621e-06 0.00227079 0.012233 0.0316029 0.00174909 0.0072905 0.0626913 0.000577864 0.000124069 0.000143818 1.96537e-08 0.870894 0.00594092 0.00158338 1.97643e-05 
0.0150356 0.00259473 0.000203368 0.00885517 0.00674568 0.376301 0.0190336 0.00353752 0.0942149 0.00364952 0.102044 0.000154826 1.82541e-08 0.332892 0.015649 0.00198015 0.0171088 
0.00177266 0.00161758 2.18154e-05 0.0125811 0.0377539 0.278812 0.10456 0.00883264 0.378194 0.00808802 0.00163977 0.000456161 1.62822e-07 0.0522172 0.0451774 0.0681533 0.000121594 
0.000986347 0.000389377 0.0012866 0.0229783 0.0065132 0.0618298 0.00153322 0.000296323 0.146285 0.00317484 0.00317467 0.000495918 5.97767e-05 0.0634803 0.096247 0.00608781 0.585181 
0.00317355 0.0098477 0.0330936 0.0700406 0.0371779 0.0769721 0.010615 0.0106118 0.0798538 0.00890231 0.00110771 0.0019693 1.92553e-08 0.133112 0.264095 0.0213726 0.238055 
0.121801 0.00147358 0.000979429 0.046196 0.143811 0.0172419 0.00194132 0.0455724 0.0323736 0.400519 0.0129453 0.00150658 8.74099e-06 0.0413325 0.0707947 0.0604637 0.00103824 
6.33587e-05 8.05838e-06 0.000163865 0.00157944 0.000268086 0.000503691 0.000177489 3.83683e-05 0.00184008 2.62015e-05 0.000195827 1.79212e-05 2.26663e-07 0.0025041 0.00972985 1.87413e-05 0.982865 
0.00536667 0.000969152 0.0017805 0.0248351 0.0551941 0.111301 0.000772292 0.00615412 0.237763 0.00357601 0.000899806 0.000672952 7.26233e-07 0.0645746 0.161473 0.306435 0.0182315 
0.00714303 0.0430132 0.031847 0.001885 0.252691 0.0048155 0.000387453 0.0194937 0.0409128 0.511314 6.01371e-05 6.08769e-05 6.9634e-07 0.0332673 0.0480603 0.0037937 0.00125446 
0.040023 3.80916e-05 0.0239759 0.0490479 0.00968358 0.0031246 0.000345673 0.00419665 0.197214 7.7976e-06 0.00368224 0.0109506 8.03937e-12 0.601534 0.0537764 0.00239845 1.29234e-06 
0.00902152 0.00256222 0.000392118 0.00926824 0.022888 0.242319 0.00520358 0.0150684 0.12005 0.0225676 0.00399596 0.00713146 2.64343e-06 0.489187 0.0146378 0.035412 0.000291993 
0.0204631 3.16951e-05 0.00182504 0.102048 0.030068 0.00874332 0.289823 0.00127572 0.200136 0.0844913 0.0077381 0.000626011 1.48679e-07 0.119 0.122146 1.04853e-05 0.0115746 
0.00163384 0.00013288 7.6227e-05 0.010159 0.0316157 0.00537627 0.0130401 0.00200155 0.0507567 0.00462577 0.00471643 0.000403679 3.12065e-07 0.00532551 0.401054 0.0173094 0.451772 
0.00559128 8.76568e-05 4.86748e-06 0.000843517 0.041353 0.032868 0.00189095 0.0010108 0.170327 0.0274944 4.22837e-05 9.34552e-05 1.73423e-09 0.710949 0.00484686 0.00259012 6.78615e-06 
0.0095969 0.00248738 0.000355852 0.00993419 0.0836717 0.0153063 0.00267846 0.061387 0.0289323 0.00536517 0.00117846 0.000957824 1.38256e-07 0.659363 0.0054093 0.108518 0.00485819 
1.07866e-06 0.00454388 2.73067e-10 0.000271229 0.0111084 3.77295e-07 6.2738e-08 0.0810299 0.134022 0.0377092 1.78606e-07 4.43594e-07 2.08222e-10 0.707529 0.0237835 3.26047e-07 8.43297e-08 
0.0154939 0.00105568 0.000585308 0.0422071 0.0308308 0.0635856 0.00586921 0.00162783 0.443818 0.0011053 0.0885185 0.000332717 7.6524e-07 0.0763323 0.226204 0.00242678 6.56426e-06 
0.00101027 0.0909061 0.00279898 0.0190807 0.0185995 0.0390275 0.00524918 0.00100393 0.0342087 0.0071994 0.00126247 0.00119982 1.45198e-09 0.378018 0.339146 0.0156683 0.0456206 
0.00681336 0.00104641 0.000984076 0.00069175 0.598605 0.00678604 0.00187166 0.00582191 0.0256368 0.0100488 0.000787542 0.000479446 5.45853e-06 0.0540625 0.00153649 0.2848 2.254e-05 
0.00985385 4.74811e-07 3.96494e-08 0.229855 0.0725912 0.00602409 0.0136543 0.00124937 0.134005 0.138936 8.33884e-08 0.0315992 3.97762e-12 0.354259 0.00758114 0.000391157 1.70638e-08 
8.31946e-05 2.05176e-07 1.72419e-08 0.0051926 0.00176153 0.0231902 0.000535223 1.2801e-05 0.515505 6.24313e-05 0.019944 8.16211e-07 8.77434e-12 0.00104054 0.432052 0.000618985 1.52007e-07 
0.00662143 0.00153961 0.000121098 0.171005 0.00928453 0.142486 0.227087 0.0121451 0.232674 0.0146571 0.0105417 0.00029537 6.79248e-07 0.0993666 0.0710261 0.00110496 4.36856e-05 
6.33587e-05 8.05838e-06 0.000163865 0.00157944 0.000268086 0.000503691 0.000177489 3.83683e-05 0.00184008 2.62015e-05 0.000195827 1.79212e-05 2.26663e-07 0.0025041 0.00972985 1.87413e-05 0.982865 
0.00635259 0.000573371 0.00173619 0.193157 0.0742756 0.0153788 0.00507287 0.0800632 0.0949864 0.0179364 0.00398996 7.33821e-05 6.86085e-06 0.115597 0.358853 0.00753968 0.0244067 
0.088893 0.00356937 0.00729601 0.0112285 0.174931 0.00300742 0.0057796 0.557705 0.0449899 0.00828815 0.00263084 0.00042878 9.35854e-06 0.0432543 0.0221322 0.0214817 0.00437428 
0.00754615 0.0246754 4.53135e-05 0.00535746 0.403676 0.000283403 8.14067e-05 0.0454908 0.0154851 0.00681111 0.00353071 0.00163228 7.97303e-07 0.136181 0.0418363 0.3069 0.000466537 
0.00224378 0.000628968 5.77621e-06 0.00227079 0.012233 0.0316029 0.00174909 0.0072905 0.0626913 0.000577864 0.000124069 0.000143818 1.96537e-08 0.870894 0.00594092 0.00158338 1.97643e-05 
0.00572133 0.000358211 1.402e-10 0.000265611 0.0442783 0.0100541 0.00537817 0.00644889 0.0872069 0.000184486 0.000311589 7.5751e-06 6.22346e-13 0.0086162 0.00269614 0.828456 1.6425e-05 
0.0172739 0.0276442 0.000525239 0.00651628 0.0450946 0.0133778 0.00677898 0.00305552 0.0209636 0.729135 0.00136224 0.000440481 3.00747e-06 0.0182776 0.106902 0.00217108 0.000478423 
0.00302728 0.991329 1.3985e-09 0.000185315 0.00161619 0.000447863 2.03329e-07 0.000388659 0.000277411 0.00074599 0.000111735 0.000260468 1.09993e-09 0.000102458 0.00141531 2.52997e-05 6.69123e-05 
6.33587e-05 8.05838e-06 0.000163865 0.00157944 0.000268086 0.000503691 0.000177489 3.83683e-05 0.00184008 2.62015e-05 0.000195827 1.79212e-05 2.26663e-07 0.0025041 0.00972985 1.87413e-05 0.982865 
0.00759764 2.90491e-05 1.02881e-06 0.00312628 0.0564253 0.00427538 0.00119219 0.0203495 0.77697 0.00424638 0.00670596 0.000562861 6.67586e-07 0.0753536 0.008128 0.0350014 3.50166e-05 
0.000858627 5.91272e-06 1.73123e-05 0.113115 0.000342211 0.00157799 1.10267e-06 8.74221e-06 0.0150093 0.00421693 0.791028 4.32893e-07 1.11961e-08 8.07336e-07 0.0737888 2.91219e-05 1.55234e-08 
0.0101289 0.000105938 1.65709e-08 0.00726706 0.0329332 0.0140368 0.0168746 0.00207808 0.149574 0.65528 0.0851155 0.000776368 3.12781e-09 0.00167684 0.0102723 0.0138764 3.90551e-06 
0.000149874 0.00131573 2.36533e-06 0.00153884 0.000837622 0.826202 0.0022935 0.000184338 0.00745411 5.51741e-05 5.49349e-06 0.000199959 5.9384e-09 0.144613 0.0150728 6.8285e-05 6.91392e-06 
0.0215435 0.0166691 0.00105528 0.0138731 0.0832423 0.0406225 0.00301682 0.362018 0.0993652 0.0110796 0.00522251 0.00227356 7.29413e-06 0.306409 0.021368 0.0116537 0.000580717 
0.0440129 3.31337e-07 2.63634e-06 0.112497 0.113062 0.0114752 0.00103773 0.00197039 0.241846 0.00424415 0.00400823 0.0568752 1.76015e-11 0.406559 0.00232102 3.90135e-05 4.95392e-05 
0.00239367 0.00091785 1.84333e-07 0.00603498 0.0162798 0.00370166 0.000294344 0.000650578 0.112306 0.0461144 0.791608 4.76059e-06 8.43884e-08 0.000186534 0.0194493 4.74114e-05 1.13643e-05 
0.00126585 0.000799881 2.43632e-07 0.0506391 0.00594702 0.0516534 0.0220019 6.35141e-05 0.592036 0.00276835 0.00512015 0.000206496 1.34455e-08 0.246959 0.0187325 0.00177905 2.78194e-05 
0.00215946 3.10057e-05 0.000174086 8.87627e-05 0.0136618 0.000576375 2.20327e-05 0.93368 0.0195112 0.000352634 1.04113e-06 7.88755e-05 8.28762e-07 0.0191966 0.0002097 0.0102352 2.06831e-05 
0.000529071 0.100653 0.00241449 0.0194172 0.0329947 0.0334854 0.00229209 0.00489035 0.076546 0.00623181 0.00107281 0.000664915 1.22796e-07 0.465361 0.238987 0.000991586 0.0134682 
0.0437681 0.000166731 7.30192e-05 0.00799693 0.0591131 0.0137122 0.00429647 0.0192106 0.620556 0.0177413 0.0360307 9.69328e-05 4.33325e-11 0.130537 0.0450441 0.00161962 3.66957e-05 
0.000527924 0.0398215 0.00250342 0.011759 0.0481176 0.00625124 0.00372908 0.000266051 0.00904515 0.587327 0.162511 0.000146958 1.71328e-06 0.0793667 0.00255425 0.0414416 0.00463003 
0.0175046 0.000121212 0.00209228 0.0454072 0.0343802 0.035833 0.0121845 0.00389764 0.119558 0.011786 0.00156179 0.000160434 5.41423e-06 0.132922 0.527084 0.0550391 0.000462961 
0.0332645 0.0525467 0.00212545 0.0415149 0.272052 0.0561596 0.00470182 0.00878855 0.112252 0.142639 0.039379 0.00683604 4.99352e-05 0.0429291 0.15442 0.0148471 0.0154941 
0.00443286 0.00536962 0.00663967 0.00851941 0.0451177 0.0431147 0.0139914 0.00529555 0.338166 0.00212348 0.0131147 8.94183e-05 7.22823e-08 0.471671 0.00959515 0.0327132 4.52931e-05 
0.0103778 3.8352e-05 2.8533e-05 0.0139787 0.0665725 0.0214872 0.00836661 0.00966091 0.681857 0.0231567 0.000109796 4.12143e-05 4.71896e-07 0.1055 0.0283235 0.0304667 3.36758e-05 
0.0170954 0.000641961 0.00164339 0.0145498 0.121647 0.322031 0.0201695 0.0059506 0.288887 0.0485072 0.0143882 0.00508913 9.07679e-07 0.0622043 0.0718048 0.0021253 0.00326361 
0.00270829 0.0138201 8.91544e-06 0.0059368 0.00603535 0.594488 0.146988 0.00402905 0.0385138 2.08657e-05 0.000895979 0.00019457 7.15054e-10 0.109261 0.00318457 0.0738968 1.82793e-05 
0.0186905 0.0113587 0.00050395 0.00625742 0.131884 0.00928894 0.0221378 0.00523141 0.0638052 0.0212239 0.00162833 6.79805e-05 9.30357e-07 0.0409753 0.0193087 0.647553 8.38131e-05 
0.0846602 0.138026 2.34157e-05 0.0152983 0.0196273 0.286911 0.0193903 0.00659958 0.137362 0.0226445 0.0247235 0.00279713 1.72263e-05 0.184241 0.0366834 0.0201385 0.000856453 
6.33587e-05 8.05838e-06 0.000163865 0.00157944 0.000268086 0.000503691 0.000177489 3.83683e-05 0.00184008 2.62015e-05 0.000195827 1.79212e-05 2.26663e-07 0.0025041 0.00972985 1.87413e-05 0.982865 
6.33587e-05 8.05838e-06 0.000163865 0.00157944 0.000268086 0.000503691 0.000177489 3.83683e-05 0.00184008 2.62015e-05 0.000195827 1.79212e-05 2.26663e-07 0.0025041 0.00972985 1.87413e-05 0.982865 
0.00259458 0.000283649 0.000128347 0.121749 0.0401673 0.00559309 0.000558395 0.286627 0.0180222 0.015398 0.00109149 0.0228465 5.28934e-11 0.125119 0.214603 0.00273934 0.142479 
0.00263141 0.000145207 5.74721e-06 0.0120002 0.0148287 0.0142669 0.00137701 0.000666081 0.0880058 0.0764625 0.00472245 0.016174 6.71271e-07 0.0160739 0.676442 0.00845274 0.0677447 
0.00137426 0.000717069 1.2453e-07 0.53013 0.0292228 0.0179271 0.00203588 0.0724901 0.0226087 0.0577843 0.00351261 0.0782051 5.33475e-10 0.156363 0.0143943 0.00344227 0.00979231 
0.000286078 2.94053e-06 6.47507e-08 0.0218367 0.000167406 0.00673868 0.0146788 2.77719e-05 0.557847 1.7729e-06 0.00980251 1.7783e-05 1.63696e-08 0.0528825 0.335696 1.14501e-05 2.29311e-06 
0.0306005 0.000542132 0.000177511 0.0192444 0.204124 0.230192 0.000649176 0.00522348 0.188603 0.136324 0.000173629 0.00119149 5.40898e-06 0.143232 0.0380348 0.00156006 0.000122449 
6.33587e-05 8.05838e-06 0.000163865 0.00157944 0.000268086 0.000503691 0.000177489 3.83683e-05 0.00184008 2.62015e-05 0.000195827 1.79212e-05 2.26663e-07 0.0025041 0.00972985 1.87413e-05 0.982865 
0.0100667 0.00143592 0.000200715 0.0285523 0.0122226 0.0523137 0.00213652 0.0131982 0.298528 0.000331054 0.0784619 0.000263705 3.35531e-09 0.142123 0.346969 0.0131383 5.81241e-05 
0.0896737 0.00399728 0.00014313 0.0146115 0.457665 0.00799293 0.0220069 0.161739 0.072136 0.0117017 0.0063073 0.0046659 7.00337e-05 0.0691402 0.0137073 0.0638934 0.00054901 
0.000358447 0.597111 2.14455e-05 0.00576372 0.00545049 0.00798697 0.000268212 0.000385158 0.0157415 3.29896e-09 4.82121e-05 0.000733012 1.15149e-09 0.278813 0.0859164 0.000114997 0.00128673 
6.33587e-05 8.05838e-06 0.000163865 0.00157944 0.000268086 0.000503691 0.000177489 3.83683e-05 0.00184008 2.62015e-05 0.000195827 1.79212e-05 2.26663e-07 0.0025041 0.00972985 1.87413e-05 0.982865 
0.00101609 0.238618 5.92665e-05 0.00748174 0.0124459 0.168301 0.00225592 0.000803626 0.0422348 0.00782856 0.000762837 0.00207272 1.23241e-07 0.436208 0.0730641 0.00570508 0.00114183 
0.00117775 0.00246158 0.00706526 0.0531797 0.025675 0.0180956 0.00169825 0.00222345 0.0370398 0.575445 0.000646282 0.000512001 1.88732e-05 0.0479012 0.185259 0.000394599 0.041207 
0.00325399 0.000566055 0.0146452 0.0614524 0.00966352 0.0138899 0.00176349 0.000678279 0.158112 0.00184745 0.0663209 9.38127e-05 3.38296e-10 0.0275074 0.636771 0.000978659 0.00245604 
0.00812772 0.00276163 7.79584e-05 0.0125339 0.0523127 0.00123998 0.000869241 0.759544 0.0594075 0.0274125 0.000233264 0.00240994 4.82203e-07 0.0406278 0.000541484 0.0318895 1.04845e-05 
0.232649 0.0150321 7.94069e-08 0.0030299 0.0608704 0.490029 0.0072279 0.0023798 0.0281783 0.0149552 3.03631e-06 0.000570911 7.27794e-10 0.0802397 0.0535728 0.0100494 0.00121248 
0.00124575 0.000343605 0.00129844 0.886763 0.0153002 0.00873827 0.000116897 0.0283101 7.73371e-05 0.00125641 9.71001e-09 9.16097e-05 1.15157e-12 8.20099e-06 0.0564486 7.65373e-08 1.31763e-06 
6.33587e-05 8.05838e-06 0.000163865 0.00157944 0.000268086 0.000503691 0.000177489 3.83683e-05 0.00184008 2.62015e-05 0.000195827 1.79212e-05 2.26663e-07 0.0025041 0.00972985 1.87413e-05 0.982865 
0.00572133 0.000358211 1.402e-10 0.000265611 0.0442783 0.0100541 0.00537817 0.00644889 0.0872069 0.000184486 0.000311589 7.5751e-06 6.22346e-13 0.0086162 0.00269614 0.828456 1.6425e-05 
0.013473 3.46777e-05 0.00376955 0.00157217 0.0185146 0.00815677 0.00109639 0.912169 0.0165623 0.0121752 0.00141819 7.16993e-05 2.50822e-06 0.00807036 0.00267535 0.000212696 2.52578e-05 
0.0119917 1.44191e-05 0.000267138 0.516781 0.0224956 0.00142606 0.0454143 0.00285776 0.208704 0.00390038 0.00546718 0.000217381 2.2978e-08 0.132799 0.047639 1.64588e-05 8.65426e-06 
6.33587e-05 8.05838e-06 0.000163865 0.00157944 0.000268086 0.000503691 0.000177489 3.83683e-05 0.00184008 2.62015e-05 0.000195827 1.79212e-05 2.26663e-07 0.0025041 0.00972985 1.87413e-05 0.982865 
0.0636181 0.00218708 0.00014918 0.66297 0.0338619 0.00359096 1.1258e-05 0.00702039 0.0155218 0.00228343 2.04643e-06 8.66208e-06 2.27584e-08 0.192992 0.0106798 1.60406e-05 0.00508778 
0.00632289 0.00305654 8.27675e-06 0.00453793 0.163802 0.00323067 0.003397 0.0252238 0.0192457 0.00953837 0.000168156 0.556941 7.41555e-09 0.200633 0.00114264 0.00269668 5.54048e-05 
6.33587e-05 8.05838e-06 0.000163865 0.00157944 0.000268086 0.000503691 0.000177489 3.83683e-05 0.00184008 2.62015e-05 0.000195827 1.79212e-05 2.26663e-07 0.0025041 0.00972985 1.87413e-05 0.982865 
6.33587e-05 8.05838e-06 0.000163865 0.00157944 0.000268086 0.000503691 0.000177489 3.83683e-05 0.00184008 2.62015e-05 0.000195827 1.79212e-05 2.26663e-07 0.0025041 0.00972985 1.87413e-05 0.982865 
0.0192581 0.000175113 1.86578e-05 0.0006761 0.146223 0.00325628 0.000691739 0.0413306 0.225219 0.422816 0.00106338 0.000317096 1.1652e-06 0.12236 0.00698832 0.00955166 5.31668e-05 
6.33587e-05 8.05838e-06 0.000163865 0.00157944 0.000268086 0.000503691 0.000177489 3.83683e-05 0.00184008 2.62015e-05 0.000195827 1.79212e-05 2.26663e-07 0.0025041 0.00972985 1.87413e-05 0.982865 
0.001202 5.47147e-06 4.6908e-06 9.38983e-05 0.0492763 0.00698727 0.000174522 0.00967666 0.801809 0.0213664 0.000595323 1.2512e-05 3.00055e-09 0.0702815 0.0182118 0.0200983 0.000204702 
0.252019 5.1914e-08 0.00210935 0.0603544 0.471149 0.0297975 0.0070198 0.0130195 0.0191557 5.20305e-05 0.00221989 1.33071e-05 2.16553e-08 0.0642346 0.00126381 0.00053563 0.077056 
0.00328213 0.00219677 6.5877e-05 0.0037864 0.00717132 0.0164187 0.0019698 0.0152252 0.0484255 0.0021415 0.000172104 0.000611311 7.78604e-08 0.874515 0.00958561 0.0138774 0.000555466 
0.00726114 0.0298232 0.000224013 0.00390944 0.0662216 0.015223 0.000373432 0.00104571 0.117347 0.613196 0.020674 0.000248535 0.000134742 0.0400316 0.067751 0.0157394 0.000796433 
0.0312959 0.000166476 9.07184e-07 0.00377552 0.0955349 0.00300653 0.000928841 0.0165262 0.752655 0.00151047 0.009073 0.000102749 1.15548e-07 0.0453483 0.0169642 0.0231018 9.10408e-06 
0.00158195 0.000616209 0.010471 0.105423 0.0136377 0.01663 0.00883714 0.00790523 0.129417 0.0360209 0.106698 0.000100792 2.79239e-06 0.0184052 0.521905 0.0105479 0.0118002 
0.00737815 0.000949882 2.22526e-05 0.00203896 0.0387563 0.00404528 0.000366802 0.0158589 0.0101755 0.0210773 0.00110149 0.00267917 1.51027e-05 0.00916472 0.393683 0.0243193 0.468368 
0.0112001 0.00094314 0.0190216 0.0193531 0.0647735 0.0257878 0.00206652 0.000684758 0.0803357 0.577463 0.0187147 0.0806653 4.51267e-05 0.0399555 0.0265306 0.0320903 0.000369301 
6.88079e-05 1.42986e-05 8.78908e-07 0.0075167 0.00696898 0.0100106 0.000244182 5.13198e-05 0.0372045 0.218163 0.00727381 0.000295489 2.17455e-10 0.00923511 0.702531 1.09051e-07 0.000421193 
6.33587e-05 8.05838e-06 0.000163865 0.00157944 0.000268086 0.000503691 0.000177489 3.83683e-05 0.00184008 2.62015e-05 0.000195827 1.79212e-05 2.26663e-07 0.0025041 0.00972985 1.87413e-05 0.982865 
0.0209038 0.000706819 2.31038e-05 0.00887215 0.171902 0.0203284 0.19524 0.0171953 0.101527 0.140618 0.00131165 0.00807152 4.29664e-06 0.280343 0.0107339 0.0221678 5.11658e-05 
0.00082809 1.22513e-05 3.68905e-06 0.133518 0.00360991 0.00136848 0.000926053 1.30474e-05 0.13074 3.28665e-05 0.571345 1.42364e-05 2.39237e-08 0.00364506 0.151915 9.03653e-06 0.00202021 
0.0212237 0.000281726 0.00309075 0.0400913 0.022394 0.0236363 0.013905 0.00130445 0.383638 0.00370558 0.0410341 5.24794e-05 4.05896e-06 0.0217095 0.380749 0.0172887 0.0258911 
0.00284223 0.00184444 3.02821e-05 0.0342335 0.0306353 0.00359994 0.00403111 0.00499168 0.0960694 0.0204352 0.0137632 0.14329 7.14204e-07 0.610941 0.026152 0.00710931 3.14213e-05 
0.0266022 0.0107365 2.6775e-05 0.0206092 0.53228 0.00588057 0.0125487 0.344487 0.00909553 0.00027415 8.35132e-06 0.00172081 1.864e-07 0.0251282 3.74178e-05 0.0105589 5.71112e-06 
6.33587e-05 8.05838e-06 0.000163865 0.00157944 0.000268086 0.000503691 0.000177489 3.83683e-05 0.00184008 2.62015e-05 0.000195827 1.79212e-05 2.26663e-07 0.0025041 0.00972985 1.87413e-05 0.982865 
0.00744422 0.000488879 0.000572013 0.00745336 0.0675503 0.0636494 0.0105304 0.0034133 0.713818 0.0157747 0.00358256 0.000123731 5.28097e-06 0.0351157 0.0402155 0.0301398 0.000123072 
0.00644505 0.000376355 0.00494805 0.0208404 0.00934304 0.114204 0.0126854 0.00199315 0.35183 0.00221431 0.00307333 0.000897735 1.6654e-07 0.0705219 0.356033 0.0430393 0.00155443 
0.0106773 7.88656e-05 0.00505094 0.0241543 0.0201526 0.114153 0.00977848 0.00551023 0.482791 0.00520216 0.00491292 0.000274447 2.24418e-06 0.0795183 0.156164 0.0815377 4.15292e-05 
6.33587e-05 8.05838e-06 0.000163865 0.00157944 0.000268086 0.000503691 0.000177489 3.83683e-05 0.00184008 2.62015e-05 0.000195827 1.79212e-05 2.26663e-07 0.0025041 0.00972985 1.87413e-05 0.982865 
0.0031646 0.00494621 0.0256023 0.05263 0.139888 0.0524794 0.0052212 0.000582046 0.134981 0.0197287 0.000139502 0.0552461 2.3876e-07 0.161065 0.335108 0.000266277 0.00895055 
0.00290243 0.00134929 1.07985e-05 0.0120423 0.00470957 0.26903 0.01213 0.000293246 0.406178 0.000207589 0.00220741 0.00566607 6.95338e-07 0.185809 0.0807766 0.0166792 7.85566e-06 
0.000610287 0.000184352 0.00414282 0.0374019 0.00256961 0.037268 0.0822743 0.000672712 0.0676131 0.0208128 6.88804e-05 0.000654713 5.69517e-09 0.0613849 0.676811 0.00127503 0.00625514 
0.00385782 0.00474778 7.49214e-05 0.00734103 0.0423069 0.0136945 0.0171704 0.00199679 0.0683687 0.109912 0.000271434 0.00255394 1.37381e-06 0.0623527 0.457178 0.00763915 0.200533 
6.33587e-05 8.05838e-06 0.000163865 0.00157944 0.000268086 0.000503691 0.000177489 3.83683e-05 0.00184008 2.62015e-05 0.000195827 1.79212e-05 2.26663e-07 0.0025041 0.00972985 1.87413e-05 0.982865 
0.00165071 0.000220124 4.9211e-05 0.0016243 5.82691e-05 0.000159292 0.00261679 2.07976e-05 0.0503429 0.05476 0.00765085 0.000913095 7.51103e-08 0.00355793 0.872031 0.00433573 8.84661e-06 
0.0148357 3.73432e-05 0.000297975 0.00130054 0.094312 0.048979 0.00205336 0.00269835 0.178428 0.456008 0.00637833 0.000243337 8.22376e-07 0.0334992 0.15511 0.000358843 0.00545842 
0.0114824 0.00197623 5.02724e-06 0.0596713 0.0159899 0.00151124 0.00195549 0.821359 0.0448817 0.0019929 0.000524139 1.35275e-08 5.69602e-10 0.0368726 0.000878122 0.000899369 3.50625e-07 
0.00974196 0.00301958 0.000436019 0.00646381 0.0291674 0.0910461 0.00309542 0.00885267 0.0630361 0.0118278 0.00537443 0.00190542 9.2164e-08 0.699715 0.0213984 0.0447711 0.000148614 
0.0152966 0.0121273 0.0359062 0.0998507 0.0252989 0.00535772 0.0852352 0.000156136 0.173341 0.00260819 0.12981 9.62015e-05 9.77089e-06 0.19145 0.195594 0.000892133 0.0269701 
0.0277 0.00429673 0.0094221 0.0237758 0.0620223 0.114328 0.0460005 0.00150349 0.356943 0.0275001 0.00702652 0.00181695 5.02573e-06 0.223092 0.0903736 0.000644556 0.00354893 
0.393919 0.0016466 1.86196e-05 0.00228635 0.139372 0.0031751 0.00208035 0.0134667 0.0771497 0.177909 0.00396774 0.00559437 9.74826e-06 0.0242052 0.154678 0.000170254 0.000351448 
0.0773037 0.00100692 2.01142e-06 0.000215017 0.380889 0.000416203 0.0118067 0.0517262 0.00468785 0.000665561 0.00209807 0.00183944 2.30277e-07 0.0825973 0.200415 0.0322588 0.152071 
0.000578743 4.66275e-05 0.000106665 0.115147 0.00751442 1.3076e-07 0.174158 0.000322333 0.0702407 0.0664894 0.00551186 3.76043e-05 1.32268e-10 0.0650729 0.491639 1.21709e-07 0.00313392 
0.00293804 2.1859e-07 1.09816e-07 0.0272842 0.0064471 0.0110509 0.00423545 0.000170718 0.491419 0.00785167 0.271525 0.000788793 1.15597e-11 0.00394742 0.171894 0.000371152 7.6262e-05 
0.00217401 0.000554123 4.05837e-05 0.0197492 0.0123332 0.011385 0.000203996 0.000833283 0.0786421 0.798838 0.0569561 0.000141096 9.11688e-06 0.00207667 0.00171656 0.0142908 5.65193e-05 
0.0687349 6.55908e-06 0.000499908 0.000297632 4.60403e-07 0.0033713 0.00267278 0.0764015 0.340232 0.00858811 0.00011713 1.75422e-08 7.11242e-11 0.442172 0.00574997 0.0511556 7.66234e-09 
0.0353843 1.03703e-07 1.685e-06 0.000175223 0.835538 0.000249397 1.2141e-05 0.00358733 0.0207819 0.0211577 0.000347008 0.000120339 1.04789e-09 0.00650436 0.0327394 0.0433027 9.88361e-05 
0.0231656 0.193164 9.7651e-05 0.0665341 0.119021 0.0457626 0.0278217 0.00678426 0.101273 0.0160241 0.0156312 0.0101941 4.85555e-06 0.293942 0.0566548 0.0147648 0.00916012 
0.00262538 0.00158985 2.35508e-06 0.0070594 0.00396844 0.33337 0.0680718 0.000993152 0.0514052 0.000459359 0.0112798 0.00275526 2.29643e-09 0.48425 0.017139 0.015023 7.6941e-06 
0.0694491 0.00575504 0.00154586 0.0495174 0.0586436 0.0377469 0.0268693 0.0076937 0.406805 0.0234993 0.0639761 0.00961818 3.1574e-05 0.189348 0.0353219 0.011081 0.00309785 
0.036985 0.000593188 0.000197291 0.161717 0.0101709 0.0631485 0.53901 0.00782557 0.0488441 0.0114355 0.0218141 2.52071e-05 1.71278e-05 0.0620545 0.0360305 0.000100977 2.99456e-05 
0.247696 0.00385578 0.00122729 0.00179002 0.535378 0.00034664 0.000900246 0.0214317 0.0650334 0.00871662 6.50853e-05 0.000573179 2.16161e-05 0.0281921 0.00154797 0.0832008 2.31632e-05 
0.00257664 0.000347579 0.00224905 0.180402 0.00160813 0.0091074 0.0338687 0.000405627 0.358963 5.99426e-05 0.0623175 5.86571e-05 5.41778e-07 0.0424176 0.303281 0.000265415 0.00207106 
0.00823257 0.000245639 0.000257685 0.038382 0.0180934 0.00805452 0.00835832 0.00166988 0.342243 0.00329367 0.0525885 0.00105029 1.39063e-05 0.0325247 0.473616 0.00326762 0.00810813 
6.33587e-05 8.05838e-06 0.000163865 0.00157944 0.000268086 0.000503691 0.000177489 3.83683e-05 0.00184008 2.62015e-05 0.000195827 1.79212e-05 2.26663e-07 0.0025041 0.00972985 1.87413e-05 0.982865 
0.0118654 0.00290516 0.000261535 0.0323304 0.0304025 0.0219912 0.0184038 0.00689304 0.270201 0.0104751 0.00151385 0.00120166 2.56347e-05 0.206035 0.334543 0.0152479 0.0357034 
0.00197205 0.870557 1.07479e-05 0.00640995 0.00481288 0.00361195 0.00423788 7.83878e-05 0.0169574 0.0130629 0.0408631 5.4805e-05 6.79281e-06 0.00492015 0.0241806 0.00802068 0.000242287 
0.00150246 0.000768033 4.167e-06 0.00768572 0.0184558 0.00155561 0.00018252 0.0243807 0.266184 0.0849135 1.67179e-05 0.000844137 3.04255e-09 0.590073 0.00222811 0.001171 3.43536e-05 
0.0778731 0.000644184 0.000880942 0.165686 0.0963915 0.0316877 0.0361417 0.026899 0.277589 0.021698 0.0134861 0.0010509 2.28618e-05 0.16618 0.074326 0.00769554 0.00174789 
0.187249 0.00241755 1.05871e-06 0.0170358 0.0875228 0.00664095 0.0276848 0.0134317 0.295059 0.0178628 0.116412 5.13702e-05 6.76987e-08 0.129635 0.0939957 0.00492408 7.71109e-05 
6.33587e-05 8.05838e-06 0.000163865 0.00157944 0.000268086 0.000503691 0.000177489 3.83683e-05 0.00184008 2.62015e-05 0.000195827 1.79212e-05 2.26663e-07 0.0025041 0.00972985 1.87413e-05 0.982865 
0.00326243 0.000120208 1.69669e-05 0.00514504 0.0309007 0.129152 0.00504063 0.0087946 0.0757191 0.0197173 3.38744e-05 0.00266582 6.59175e-08 0.674011 0.002602 0.0427088 0.000109424 
6.33587e-05 8.05838e-06 0.000163865 0.00157944 0.000268086 0.000503691 0.000177489 3.83683e-05 0.00184008 2.62015e-05 0.000195827 1.79212e-05 2.26663e-07 0.0025041 0.00972985 1.87413e-05 0.982865 
0.00247057 2.80266e-06 1.37393e-07 0.00173455 0.000712529 0.000905656 0.000369262 0.00017623 0.0434978 0.82269 0.0249648 8.18331e-06 1.46202e-08 0.0320927 0.0702938 5.68971e-05 2.36216e-05 
0.026146 0.000955042 1.82621e-07 0.0967374 0.115617 0.0307197 0.00511918 0.00302502 0.277898 0.0281091 0.262594 0.00554687 1.39254e-07 0.0687244 0.0785579 0.000236335 1.29102e-05 
0.00466022 0.000666518 6.54372e-06 0.066182 0.0372038 0.0753349 0.00669109 0.0084541 0.175529 0.0230979 0.0360932 0.00195799 3.01074e-08 0.539489 0.00775777 0.0168083 6.76633e-05 
0.0222584 9.65327e-06 0.000148278 0.0124294 0.103225 0.0157235 0.000783754 0.00282735 0.698122 0.0145748 0.0110444 1.63875e-05 6.44414e-08 0.0305543 0.0800722 0.00816886 4.18572e-05 
0.0179525 0.000247614 1.93424e-07 0.028926 0.164998 0.0520555 0.125614 0.0247538 0.129779 0.00485938 0.00463627 0.0199929 2.80466e-08 0.322899 0.0205809 0.0826427 6.17506e-05 
0.112659 0.000546836 0.00181318 0.0169504 0.0652993 0.0903684 0.00360845 0.000643922 0.206017 0.0742522 0.0253568 0.0186574 9.86203e-07 0.180994 0.186204 0.0154008 0.00122737 
6.33587e-05 8.05838e-06 0.000163865 0.00157944 0.000268086 0.000503691 0.000177489 3.83683e-05 0.00184008 2.62015e-05 0.000195827 1.79212e-05 2.26663e-07 0.0025041 0.00972985 1.87413e-05 0.982865 
0.00944634 0.00129021 0.00215725 0.0931942 0.0756362 0.0046085 0.00994641 0.00428134 0.068125 0.0115081 0.0166467 6.85031e-05 1.35593e-07 0.0628425 0.550205 0.000305621 0.0897377 
0.025451 0.00268066 0.000554452 0.0140787 0.0516584 0.0445249 0.00251521 0.00312749 0.163902 0.028128 0.00241466 0.14207 9.22684e-06 0.438877 0.073832 0.00550021 0.00067664 
0.003681 0.000335802 4.97013e-06 0.0355609 0.0865012 0.054083 0.0415737 0.000291061 0.516952 0.00752771 0.00110028 0.0593878 1.37668e-10 0.14901 0.0186509 0.0252776 6.17829e-05 
6.33587e-05 8.05838e-06 0.000163865 0.00157944 0.000268086 0.000503691 0.000177489 3.83683e-05 0.00184008 2.62015e-05 0.000195827 1.79212e-05 2.26663e-07 0.0025041 0.00972985 1.87413e-05 0.982865 
0.0466229 0.0423415 0.00641821 0.0172107 0.0430074 0.0702713 0.000297092 0.00221645 0.133585 0.0498064 0.0011276 0.0438004 1.77298e-07 0.310891 0.200702 0.0139935 0.0177089 
0.00136308 0.181161 8.50038e-06 0.00321976 0.0348597 0.0583298 0.00228155 0.000578428 0.0279027 0.215537 0.00113603 0.00102685 1.07911e-06 0.0276408 0.185862 0.00534853 0.253743 
0.00355859 0.00202858 0.000551723 0.047128 0.0072597 0.0761709 0.0137102 0.00181216 0.359551 0.012576 0.0515618 0.000450866 2.7492e-05 0.0528555 0.362826 0.00386661 0.00406502 
0.0110229 0.0049294 8.71187e-05 0.0477254 0.0911673 0.0240161 0.0142677 0.0061513 0.0450687 0.0414895 0.000971395 0.00089931 7.01146e-08 0.0413588 0.603142 0.00735237 0.0603506 
0.0407357 2.66961e-05 0.000302098 0.252028 0.0132761 0.0148001 0.0403249 0.0453158 0.276321 0.0392115 0.203162 5.92727e-06 6.90423e-07 0.00761218 0.066753 1.25066e-05 0.000111246 
0.0160595 0.0836465 0.00197389 0.0831783 0.0140541 0.024067 0.00595191 0.00297388 0.216827 0.0114866 0.441405 0.000146258 2.93266e-08 0.0376257 0.0530758 0.00751296 1.55669e-05 
0.00270829 0.0138201 8.91544e-06 0.0059368 0.00603535 0.594488 0.146988 0.00402905 0.0385138 2.08657e-05 0.000895979 0.00019457 7.15054e-10 0.109261 0.00318457 0.0738968 1.82793e-05 
0.000437485 0.387686 0.00712759 0.00478473 0.02341 0.00636187 0.00104544 0.010325 0.0032478 0.00376794 1.86062e-05 0.000297841 2.78852e-07 0.158365 0.346804 0.000242409 0.046078 
0.011511 0.00208156 0.00266492 0.0184913 0.00205571 0.00297917 0.000469912 0.0792469 0.146919 0.000643523 0.00194436 1.18024e-05 4.37468e-12 0.708446 0.02184 0.000665475 2.91567e-05 
0.000578743 4.66275e-05 0.000106665 0.115147 0.00751442 1.3076e-07 0.174158 0.000322333 0.0702407 0.0664894 0.00551186 3.76043e-05 1.32268e-10 0.0650729 0.491639 1.21709e-07 0.00313392 
0.0145088 0.00278735 0.00116219 0.0358636 0.0280686 0.0451744 0.0137607 0.00898793 0.588732 0.00973486 0.0101051 0.00100962 0.000191562 0.110195 0.111027 0.0134814 0.0052098 
0.00012551 0.998805 6.44083e-10 3.78588e-05 8.18192e-05 0.000171014 3.35868e-07 5.54388e-09 5.3897e-05 6.29875e-06 5.80966e-06 9.5175e-05 4.44936e-10 0.00017074 0.00025723 9.83553e-05 9.11294e-05 
0.041119 0.000213357 3.5637e-05 0.00737819 0.326659 0.0119247 0.0102922 0.0659988 0.0550528 0.0183546 0.0102586 0.00107847 2.93978e-05 0.0240585 0.0377221 0.379772 0.0100533 
0.0151517 0.00248222 0.00118536 0.079633 0.279946 0.00661396 2.82134e-07 0.168558 0.176472 0.0228746 0.00510593 0.000289412 1.19651e-10 0.22072 0.0209451 9.43078e-08 2.24692e-05 
0.000370631 0.0138447 0.000225751 0.188071 0.0232968 0.0050902 0.00240921 0.000514984 0.0282815 0.0449852 0.00253062 0.00796076 9.14213e-12 0.0526211 0.610961 0.000593558 0.0182438 
0.050522 0.000737096 6.50398e-05 0.100244 0.0870917 0.106863 0.0517302 0.00310296 0.0857779 0.0142538 0.00146709 6.34596e-05 1.07269e-07 0.409169 0.0669324 0.0177242 0.00425649 
0.000951274 0.00218069 5.51095e-05 0.00168716 0.0194396 0.000499132 0.00195678 0.00154636 0.000942349 0.000380246 3.94562e-05 0.000333991 1.33412e-05 0.00455422 0.953084 0.0089365 0.0033999 
0.000901304 7.86273e-05 5.42018e-09 0.000378474 0.00788015 0.00549313 4.94551e-05 0.0157848 0.678409 0.0179931 2.94497e-07 0.00158989 2.07242e-12 0.263437 0.00797322 1.40564e-08 3.12788e-05 
6.33587e-05 8.05838e-06 0.000163865 0.00157944 0.000268086 0.000503691 0.000177489 3.83683e-05 0.00184008 2.62015e-05 0.000195827 1.79212e-05 2.26663e-07 0.0025041 0.00972985 1.87413e-05 0.982865 
0.00270829 0.0138201 8.91544e-06 0.0059368 0.00603535 0.594488 0.146988 0.00402905 0.0385138 2.08657e-05 0.000895979 0.00019457 7.15054e-10 0.109261 0.00318457 0.0738968 1.82793e-05 
6.33587e-05 8.05838e-06 0.000163865 0.00157944 0.000268086 0.000503691 0.000177489 3.83683e-05 0.00184008 2.62015e-05 0.000195827 1.79212e-05 2.26663e-07 0.0025041 0.00972985 1.87413e-05 0.982865 
6.33587e-05 8.05838e-06 0.000163865 0.00157944 0.000268086 0.000503691 0.000177489 3.83683e-05 0.00184008 2.62015e-05 0.000195827 1.79212e-05 2.26663e-07 0.0025041 0.00972985 1.87413e-05 0.982865 
0.0108526 0.108943 0.00112293 0.0264394 0.0665551 0.179055 0.0107553 0.0374437 0.134862 0.115225 0.000982778 0.00202661 7.64348e-07 0.177475 0.0929618 0.0250268 0.0102718 
0.0415163 0.0567366 0.000168088 0.0337537 0.0354617 0.118751 0.0430649 0.00128726 0.320098 0.0105675 0.0128133 0.00196904 9.87892e-07 0.240775 0.0645963 0.00642539 0.0120156 
0.0408591 0.0107876 0.00206329 0.0948273 0.0657011 0.02047 0.0414008 0.00892639 0.161673 0.0835401 0.00538782 0.00559859 0.00022944 0.156503 0.257289 0.00270815 0.042035 
0.00935921 0.0104807 0.00604731 0.0095162 0.0231614 0.00972933 0.00110218 0.00112713 0.0874913 0.0146489 0.0013632 0.00151237 0.000261446 0.0492321 0.706489 0.00659649 0.0618816 
0.0101093 0.0188366 0.0163363 0.0113935 0.0638939 0.0404064 0.0222298 0.00259096 0.490102 0.0949061 0.0451271 0.0011561 4.61765e-05 0.0957702 0.0229376 0.0634692 0.000688495 
0.044123 0.00878502 0.0709138 0.0521814 0.200287 0.137786 0.0201969 0.00780721 0.223593 0.0303522 0.000516525 0.0128915 7.94292e-07 0.10062 0.0879779 0.00026632 0.00170277 
0.00100318 0.000195792 8.02202e-06 0.00798139 0.0938254 0.0851518 0.00206461 0.00961693 0.699564 0.00408613 0.00019397 3.98801e-05 2.03817e-08 0.0736536 0.0158044 0.00679849 1.28657e-05 
0.0148825 0.00178239 0.000606087 0.0467565 0.0424513 0.121577 0.0879707 0.00745846 0.198434 0.0204496 0.00313166 0.00125313 5.52767e-07 0.404701 0.0332896 0.0146946 0.000561064 
0.00990985 0.00148571 1.24213e-05 0.000191432 0.167356 0.000607206 0.000544544 0.0144234 0.0517308 0.00292374 0.00138323 0.000186538 7.06441e-08 0.0100024 0.0369032 0.701981 0.000358597 
6.33587e-05 8.05838e-06 0.000163865 0.00157944 0.000268086 0.000503691 0.000177489 3.83683e-05 0.00184008 2.62015e-05 0.000195827 1.79212e-05 2.26663e-07 0.0025041 0.00972985 1.87413e-05 0.982865 
0.00789307 0.000674427 1.9049e-08 0.000396781 0.0134809 0.00552293 0.0233881 0.00881361 0.79562 0.032166 0.00670421 8.8614e-05 6.32895e-10 0.101482 0.00353089 0.000223327 1.46241e-05 
6.33587e-05 8.05838e-06 0.000163865 0.00157944 0.000268086 0.000503691 0.000177489 3.83683e-05 0.00184008 2.62015e-05 0.000195827 1.79212e-05 2.26663e-07 0.0025041 0.00972985 1.87413e-05 0.982865 
0.00257984 1.48954e-06 6.5801e-09 0.0058411 0.00755317 0.0110457 0.0210842 0.000285368 0.124129 0.805928 0.000445216 0.000773475 5.01752e-09 0.00445666 0.0123287 0.00333059 0.000217871 
0.00171092 2.76898e-05 0.0111621 0.00492469 0.00754177 0.0514263 0.0125795 0.00141928 0.134095 0.0139243 0.000361408 0.00250566 1.49451e-05 0.0673038 0.0458013 0.0012123 0.643989 
0.0122356 1.07991e-06 6.20657e-05 0.00192098 0.0567263 0.0388599 8.43129e-05 0.0217876 0.247131 0.113761 0.000330028 0.000956572 1.51602e-07 0.493085 0.00670532 0.00628728 6.53206e-05 
0.00270829 0.0138201 8.91544e-06 0.0059368 0.00603535 0.594488 0.146988 0.00402905 0.0385138 2.08657e-05 0.000895979 0.00019457 7.15054e-10 0.109261 0.00318457 0.0738968 1.82793e-05 
6.33587e-05 8.05838e-06 0.000163865 0.00157944 0.000268086 0.000503691 0.000177489 3.83683e-05 0.00184008 2.62015e-05 0.000195827 1.79212e-05 2.26663e-07 0.0025041 0.00972985 1.87413e-05 0.982865 
0.00798986 2.41543e-05 1.99716e-09 0.0193665 0.0870378 0.00901964 0.00123841 0.70518 0.0125192 0.00113342 0.000268674 0.000287831 4.0862e-10 0.0228345 0.00685452 0.126233 1.30836e-05 
0.0537373 0.000112188 1.38883e-05 0.0830504 0.00624069 0.00678695 0.653998 0.00164563 0.0866543 5.29694e-06 0.00297885 2.87276e-06 2.00182e-08 0.0998201 0.00495099 2.13994e-06 9.24523e-07 
0.00397449 2.84905e-05 3.91603e-05 0.113051 0.0333971 0.00272419 0.0105861 0.000602519 0.0372041 0.00246735 0.633781 1.59841e-05 1.69506e-08 0.00494078 0.151516 0.000840845 0.0048311 
