0.000480271 0.000941282 0.000105551 0.0491313 0.00154757 0.0561353 0.0158792 0.000632035 0.339005 0.000126337 0.0017519 0.000337873 1.4672e-10 0.467422 0.060356 0.00613142 1.67495e-05 
0.000830666 0.302841 0.00259636 0.00808286 0.0193395 0.0143921 0.0036923 0.00579626 0.0100641 0.00107656 5.33487e-05 0.000542949 7.99199e-08 0.415356 0.188086 0.005626 0.0216241 
0.111058 0.000223975 0.00156739 0.0441092 0.1085 0.0874728 0.0149144 0.018302 0.157615 0.0525902 0.00545088 0.000244417 8.23101e-05 0.376908 0.0144112 0.00627208 0.000278089 
0.00208871 4.91321e-08 0.017098 0.00214586 0.044135 0.0245531 0.00135804 0.0940957 0.0778757 0.0238371 7.19685e-05 0.0254435 3.95311e-05 0.626775 0.00179362 0.0586649 2.41329e-05 
0.00109392 5.74168e-13 1.00296e-12 6.13723e-05 0.0126369 0.00298897 3.58903e-09 8.38467e-08 0.444017 0.00321322 4.13092e-11 0.00277338 5.36115e-10 0.530815 0.00239671 5.2468e-08 3.25666e-06 
0.000321536 0.00114089 9.28059e-07 0.00165369 0.00430372 0.0174191 0.00093202 0.000626668 0.0428699 0.000253799 8.95442e-07 0.000494013 4.62142e-10 0.920276 0.00635818 0.00327429 7.4018e-05 
0.0251902 0.061995 0.00360738 0.116508 0.0412788 0.0612538 0.00958019 0.0110424 0.188247 0.0092493 0.00660642 0.00177342 3.74318e-07 0.3009 0.156943 0.0054598 0.000364904 
1.07866e-06 0.00454388 2.73067e-10 0.000271229 0.0111084 3.77295e-07 6.2738e-08 0.0810299 0.134022 0.0377092 1.78606e-07 4.43594e-07 2.08222e-10 0.707529 0.0237835 3.26047e-07 8.43297e-08 
0.00213835 0.00299198 1.53495e-06 0.00721504 0.00967468 0.348656 0.00240783 0.000243397 0.197241 0.00440638 1.63383e-07 0.00393144 0.000996837 0.396863 0.0230237 9.47447e-05 0.000114335 
0.00202961 0.00377533 2.93333e-05 0.00108998 0.010175 0.0142843 0.000796255 0.00691542 0.184176 0.00142294 0.000102545 0.000523927 6.00124e-07 0.753818 0.0176463 0.00317527 3.93153e-05 
0.000447837 4.90939e-05 1.58901e-11 0.00385677 0.048387 0.192201 0.000589082 5.26095e-12 0.359517 0.00189101 0.00619144 0.00121745 1.21166e-11 0.381442 0.00101578 0.00316752 2.66133e-05 
0.00518977 0.00322962 0.0077265 0.00841202 0.00942831 0.128591 0.00869605 0.00138251 0.318186 0.0206713 0.0175586 0.00255283 0.000134858 0.380312 0.0503219 0.0373592 0.000247714 
0.00913528 0.000128711 0.000356582 0.00422935 0.0646518 0.000790966 0.135369 0.02187 0.0428603 0.0871597 0.00185113 1.64254e-05 0.000159432 0.625977 0.00424267 0.000858571 0.000342643 
0.000856535 0.000177571 5.48285e-07 0.000217184 0.00861794 0.00051 0.000803668 0.00777108 0.0353538 7.21192e-05 0.00373853 0.193441 3.17153e-07 0.724834 0.00974532 0.0137471 0.000112553 
0.0205244 0.000732704 0.00021898 0.0279276 0.0628829 0.0992304 0.0155573 0.0196444 0.104884 0.0365636 0.00905454 0.0278384 1.64209e-06 0.532408 0.0234298 0.01869 0.000411776 
0.0012803 0.00957623 1.30129e-05 0.0496465 0.00327043 0.0297244 0.101041 0.00102664 0.292266 0.00395472 0.0205628 0.000106442 1.31156e-10 0.469536 0.0132354 0.00473866 2.0754e-05 
0.0167928 0.0103305 0.0673271 0.0483565 0.033571 0.11914 0.00971112 0.00784659 0.206657 0.00635284 0.00492458 0.00247604 0.000933178 0.339795 0.115304 0.00730438 0.00317768 
0.000166251 0.000244352 0.000156576 0.0121165 0.0136263 0.020317 0.0466832 0.00132862 0.00116759 0.0698329 1.3951e-05 0.00314745 0.0655602 0.469429 0.293321 0.0010555 0.00183394 
0.0160304 0.000327395 0.00538986 0.211642 0.093899 0.0179969 0.0123444 0.00351522 0.263736 0.00907264 0.00545556 0.000646248 3.95059e-05 0.281044 0.0633415 0.0147507 0.000768968 
0.012776 0.156252 0.000132099 0.00478645 0.0552785 0.0368988 0.0214481 0.00147507 0.0121325 0.000230747 0.000547219 0.00235908 2.8288e-06 0.328251 0.232645 0.134252 0.00053305 
0.116573 0.000805357 2.10038e-05 0.0484978 0.215363 0.0514805 0.0399864 0.00327233 0.054746 0.206566 0.000217387 0.00404193 1.26746e-06 0.231244 0.026371 0.000807635 5.48548e-06 
0.00253157 3.57516e-09 6.1578e-07 8.70586e-05 0.0231889 0.00350145 2.21433e-05 0.00684962 0.460002 0.00314943 2.79254e-09 0.000524149 2.90418e-10 0.489143 0.00142186 0.00956164 1.69104e-05 
0.000668465 0.00117388 7.49869e-06 0.00241127 0.0138139 0.0406793 0.000660587 0.01195 0.0445735 0.0004603 5.05058e-06 0.000150269 3.53855e-08 0.871424 0.00990408 0.00208068 3.68745e-05 
0.00164918 0.000408762 9.76145e-06 0.0113554 0.01899 0.302227 0.0192634 0.0018792 0.192184 0.00418208 9.41557e-05 0.00335503 3.34866e-06 0.402179 0.0135545 0.0286519 1.37764e-05 
0.0143095 0.000327244 7.96694e-08 0.00342031 0.147274 0.00488513 0.00211527 0.0120441 0.309616 0.0819181 0.00151224 0.000853802 7.45488e-06 0.335582 0.0265906 0.0591163 0.000427864 
0.0302776 4.60135e-05 6.49241e-05 0.202965 0.0725676 0.00242359 0.0425657 0.05218 0.26698 0.0166401 0.000836018 0.000299941 2.58733e-06 0.298837 0.00992435 0.00337673 1.28238e-05 
0.189579 0.000789232 4.80089e-05 0.0077301 0.0349484 0.00457002 0.00898493 0.016583 0.2995 0.00704023 0.0365617 0.0014901 3.28089e-09 0.381989 0.00804001 0.00213613 9.95389e-06 
1.75177e-06 9.37223e-11 1.63715e-10 0.112628 0.0244273 4.19392e-06 0.118341 2.71071e-07 0.142878 3.49365e-11 2.77736e-06 1.60842e-08 6.61263e-05 0.582532 0.0191183 2.72839e-11 1.69084e-08 
0.00392589 0.00544415 1.35542e-08 0.278084 0.0478865 0.00862435 0.0195973 0.00230728 0.228442 1.48904e-08 2.62313e-12 9.50381e-05 2.17983e-06 0.35277 0.0527613 5.99218e-05 6.3812e-08 
0.00713307 0.00164096 2.21119e-06 0.0144449 0.016043 0.157723 0.0266053 0.0148652 0.0617966 0.00220571 0.000178899 0.00917372 1.05984e-11 0.583763 0.0256732 0.078532 0.00021888 
0.0658544 0.00113021 1.43975e-05 0.0438237 0.0624764 0.00439553 0.00387525 0.00964128 0.251615 0.0264166 0.00104019 0.0130598 3.29271e-08 0.508581 0.00740872 0.000644514 2.28022e-05 
0.0658659 0.00123952 0.108546 0.0595505 0.129687 0.0377485 0.134655 0.00235055 0.0498712 0.0629038 0.000797063 0.00204155 9.36754e-07 0.303753 0.0406358 0.000286498 6.65527e-05 
0.0124672 0.00311914 0.0331941 0.00670539 0.0841962 0.0207758 0.00432875 0.0509598 0.0744712 0.00791207 0.000542075 0.000579637 1.00699e-06 0.640235 0.0498029 0.0104988 0.000210414 
0.0425674 0.0418708 1.29191e-05 0.0052233 0.0334921 0.00368924 0.00133704 0.0225697 0.338317 0.0542359 0.000187542 0.00118121 1.03557e-08 0.420773 0.0335003 0.000296635 0.000746115 
0.000773171 0.344111 3.36018e-05 0.00511017 0.00944674 0.0150991 0.00202292 0.00105124 0.018155 0.000277821 0.00010366 0.00121512 1.90345e-08 0.495319 0.104277 0.00197796 0.0010258 
0.000668465 0.00117388 7.49869e-06 0.00241127 0.0138139 0.0406793 0.000660587 0.01195 0.0445735 0.0004603 5.05058e-06 0.000150269 3.53855e-08 0.871424 0.00990408 0.00208068 3.68745e-05 
0.0395384 0.0252217 4.13521e-05 0.00949878 0.0548547 0.17108 0.0268248 0.0253292 0.19878 0.143516 0.00233403 0.000531566 8.21046e-06 0.214951 0.0776816 0.00895393 0.000855624 
0.00951853 0.00050067 3.90904e-06 0.169011 0.00496399 0.00983915 0.114523 0.000194042 0.236904 0.0018349 0.0770612 0.00104234 1.57384e-07 0.326103 0.048201 0.000286267 1.41158e-05 
0.00722344 0.0153281 0.00435329 0.0645923 0.0397377 0.128193 0.0284169 0.024535 0.200754 0.0227718 0.00170097 0.0103084 0.00217085 0.331655 0.102147 0.00774524 0.00836747 
0.000779547 0.000434502 0.000676479 0.00758014 0.000943323 0.000589243 0.000932151 0.0310317 0.0289579 0.000434431 0.000560311 2.87073e-05 1.42155e-08 0.884725 0.00909263 2.7011e-05 0.0332068 
0.0043486 0.00844429 5.14461e-07 0.00515538 0.153396 0.0105394 0.00528864 0.00487373 0.156147 0.0178562 0.00101754 0.00664372 2.63729e-06 0.591125 0.0248213 0.00997822 0.000361939 
0.000447837 4.90939e-05 1.58901e-11 0.00385677 0.048387 0.192201 0.000589082 5.26095e-12 0.359517 0.00189101 0.00619144 0.00121745 1.21166e-11 0.381442 0.00101578 0.00316752 2.66133e-05 
0.00985385 4.74811e-07 3.96494e-08 0.229855 0.0725912 0.00602409 0.0136543 0.00124937 0.134005 0.138936 8.33884e-08 0.0315992 3.97762e-12 0.354259 0.00758114 0.000391157 1.70638e-08 
0.0198293 0.00108838 0.00148589 0.0575515 0.0145616 0.00449285 0.0115056 0.00154769 0.357993 5.58975e-05 0.00789751 0.000123852 4.67641e-06 0.420246 0.0617352 0.0398759 4.43979e-06 
0.0334848 0.000312163 0.000564709 0.0168601 0.0725291 0.0793686 0.0672951 0.0114604 0.110895 0.151744 0.0367766 0.00153894 5.4221e-06 0.314747 0.0793416 1.68582e-06 0.0230743 
0.00449923 0.00119665 2.92079e-05 0.0189267 0.0116159 0.021102 0.00830061 0.00127732 0.123067 0.00324544 0.00485793 0.00281081 6.5155e-05 0.777094 0.0110298 0.00365215 0.00723007 
0.000558686 0.00957618 1.30108e-05 0.0474128 0.000569944 0.0325424 0.0907802 0.00102662 0.315551 0.00132239 0.0224701 0.000106438 1.26348e-10 0.4656 0.00771819 0.00473865 1.30597e-05 
0.0926344 0.00660735 4.40266e-07 0.00338499 0.0934472 0.149649 0.000374192 0.00922112 0.0284232 0.00312367 0.000512143 0.00424377 7.44622e-08 0.490967 0.114527 0.0023059 0.00057872 
0.00187573 0.00172595 1.71657e-06 0.00504306 0.00283495 0.316526 0.0543691 0.00176597 0.0367189 0.000328296 0.0080585 0.00257369 7.25739e-09 0.545198 0.012243 0.0107318 5.52268e-06 
0.00893118 0.000160611 9.58216e-06 0.00436143 0.0766878 0.11806 0.00259042 0.0145614 0.24866 0.0161894 0.00104398 0.00326559 4.17133e-08 0.449634 0.0052742 0.0505148 5.48182e-05 
0.00156375 3.53417e-12 6.17351e-12 0.000498645 5.31669e-07 1.20642e-07 1.45329e-12 5.161e-07 0.127877 1.8747e-07 2.51752e-12 3.89741e-07 3.29994e-09 0.863043 0.00701593 3.22955e-07 6.67966e-09 
0.00700492 4.88443e-06 0.00016276 0.0643319 0.0207178 0.050302 0.0415373 0.000320776 0.136772 0.00050241 0.000867912 0.000315617 2.93103e-06 0.670027 0.00285486 0.000126246 0.00414862 
0.0080505 0.00177856 7.54078e-06 0.0781544 0.0212451 0.0140786 0.0118447 0.00148944 0.340477 0.000539517 0.000712303 7.87248e-05 2.52001e-07 0.468237 0.0527262 0.000550611 2.91513e-05 
0.00167197 0.00185109 0.0720608 0.00898304 0.0243037 0.0290028 0.000565857 0.0442603 0.100266 0.00243679 0.000167907 3.18796e-05 1.42037e-05 0.708214 0.00432902 0.00112693 0.00071379 
0.00203114 0.00205005 0.00274532 0.0119894 0.0390463 0.10919 0.00319559 0.0388955 0.0433424 0.000467874 0.000405459 9.54629e-05 1.54603e-11 0.653303 0.0865166 0.00328934 0.00343644 
0.00135285 0.000217458 0.00814219 0.00170042 0.0226314 0.0481211 0.00107582 0.0518206 0.151203 0.0131034 7.95716e-05 0.0243861 1.88302e-05 0.644219 0.00304187 0.0288465 3.96318e-05 
0.0370577 0.00520552 3.17868e-05 0.0867424 0.00506143 0.00664027 0.00472062 3.14184e-05 0.0793251 0.000209681 0.00851687 1.91212e-06 5.22929e-11 0.708978 0.0574091 3.75938e-05 3.02032e-05 
0.00464725 0.0253772 6.07684e-05 0.00672705 0.0463813 0.032546 0.00191763 0.00920189 0.1557 0.00697851 0.00301041 0.14676 1.93379e-07 0.511474 0.0416951 0.00686925 0.00065286 
0.00770173 0.00139348 0.00112177 0.065352 0.0664031 0.0694807 0.0163158 0.020449 0.222911 0.00795914 0.00901236 0.00484154 2.19543e-06 0.301095 0.194359 0.00950858 0.00209341 
0.037991 0.038304 2.48582e-05 0.0192195 0.0270308 0.00926534 0.0105198 0.00103273 0.0958272 0.00379568 0.0377013 0.000760139 1.47016e-05 0.67274 0.0251627 0.0163184 0.00429186 
0.000746838 0.00269036 0.000360896 0.0081073 0.0210303 0.130618 0.00266225 0.0225333 0.0633893 0.000318031 1.26065e-06 0.00967597 8.61818e-13 0.579508 0.080502 0.073834 0.00402258 
0.00205892 0.00068485 1.34183e-06 0.0100823 0.0268656 0.00158154 0.000600858 0.0112605 0.160543 0.00944225 2.82432e-05 0.000848813 1.2209e-08 0.765525 0.001771 0.00864789 5.75071e-05 
0.0840263 0.00106891 1.68189e-05 0.00199156 0.0247846 0.00110168 0.00101399 0.0697423 0.159921 0.0251731 0.00170377 0.000141374 3.88425e-08 0.619588 0.0017542 0.00283478 0.00513706 
0.00126753 0.000614478 1.2733e-05 0.00552827 0.0140072 0.173184 0.0241879 0.000560921 0.294927 0.00505931 0.00133664 0.000670309 7.29216e-05 0.455165 0.0120866 0.0111952 0.000124242 
0.000713558 0.000150701 1.43238e-06 0.000607515 0.0241266 0.00142677 0.000884116 0.0189735 0.0297057 0.000201297 1.61198e-07 0.00275732 8.48232e-07 0.880704 0.00123294 0.0384851 2.79159e-05 
0.00894224 0.00151589 0.000922008 0.0550854 0.0229292 0.0424418 0.00662095 0.0156916 0.0374453 0.0146182 9.7328e-05 0.00500261 5.57611e-05 0.543374 0.171788 0.0066437 0.0668259 
0.0515895 0.000699841 0.000275939 0.346739 0.0123588 2.73725e-05 0.00569029 0.000200802 0.184542 3.21357e-05 0.0406215 5.87061e-06 6.03231e-09 0.357134 2.53324e-05 5.63679e-05 6.20742e-07 
0.00950603 0.0145511 0.000316559 0.0207431 0.0216643 0.344174 0.00140005 0.00110551 0.138435 0.0116022 0.0115835 0.00260406 6.5121e-07 0.393365 0.0267245 0.00214672 7.73869e-05 
0.00224378 0.000628968 5.77621e-06 0.00227079 0.012233 0.0316029 0.00174909 0.0072905 0.0626913 0.000577864 0.000124069 0.000143818 1.96537e-08 0.870894 0.00594092 0.00158338 1.97643e-05 
0.0265497 0.0267846 0.000148583 0.0674322 0.0663758 0.191095 0.00839934 0.000728312 0.0151274 0.0650866 0.0121377 0.000114874 3.5239e-05 0.499357 0.0191712 0.00127292 0.000183976 
0.000347329 5.21472e-06 4.04478e-09 0.00357682 0.0163887 0.00481887 0.000961868 0.01494 0.0851205 0.000201315 1.29069e-09 0.000527843 2.30696e-07 0.869878 0.00106809 0.00216194 2.80292e-06 
0.00276743 0.00115931 8.72375e-06 0.033605 0.0251053 0.165383 0.0207565 0.000433404 0.0290877 0.000673679 0.000176391 0.000568445 6.2344e-07 0.68103 0.00693055 0.0322304 8.2839e-05 
0.00106292 0.00186039 3.71051e-06 0.0129703 0.0180807 0.00202425 0.00221333 0.0100367 0.0642364 0.00579503 2.97502e-05 0.00357266 1.68788e-06 0.857026 0.0017771 0.0192613 4.78198e-05 
0.000350457 4.18769e-06 3.86007e-06 0.00286408 0.00685591 0.0029467 0.00100674 0.000924923 0.0752522 0.0179284 0.000452403 0.00036386 0.00230205 0.877484 0.0103292 0.000907974 2.2555e-05 
0.000517458 3.9972e-10 1.21414e-06 1.96775e-05 0.256264 1.05028e-06 1.6437e-10 0.000616533 0.0399297 0.0620047 9.16647e-07 6.79192e-10 0.000278258 0.618372 0.0219939 1.16364e-10 4.43927e-07 
0.0641912 0.01113 3.38445e-05 0.00966213 0.170382 0.00359357 0.0123572 0.131834 0.145347 0.0911798 0.00176385 0.000900974 1.25911e-05 0.313268 0.022897 0.0214147 3.27636e-05 
0.000336943 0.000589257 4.65275e-06 0.0150998 0.00404951 0.404474 0.0103213 0.000602498 0.128157 3.58393e-05 8.58192e-06 0.000197851 1.08947e-07 0.421196 0.00485028 0.010065 1.12759e-05 
0.00696831 8.67188e-12 3.63706e-08 4.3235e-07 5.39989e-07 6.95343e-07 0.00585279 1.87075e-07 0.0922059 0.000638869 8.03113e-08 2.60824e-07 1.15509e-11 0.894332 1.10025e-07 8.73505e-08 3.90147e-12 
0.00032958 0.0901403 2.67488e-06 0.0657348 0.084524 0.00372688 0.00247531 0.000623603 0.0174486 0.00559551 3.59131e-05 0.00300015 4.82911e-08 0.528597 0.19698 0.000142436 0.000642837 
0.00188837 0.0100116 0.00111904 0.018096 0.0271588 0.05147 0.00561193 0.0317033 0.058735 0.000186946 6.84785e-05 0.000500441 9.91756e-14 0.619234 0.10462 0.0571675 0.0124282 
0.00226015 0.000642366 0.000147385 0.0220523 0.0217343 0.0736785 0.000522618 0.0504301 0.366616 0.0067601 0.00204037 0.000103352 1.31201e-07 0.424075 0.012034 0.016892 1.14148e-05 
0.00224378 0.000628968 5.77621e-06 0.00227079 0.012233 0.0316029 0.00174909 0.0072905 0.0626913 0.000577864 0.000124069 0.000143818 1.96537e-08 0.870894 0.00594092 0.00158338 1.97643e-05 
0.0305006 0.000625138 9.55072e-08 0.00834109 0.214609 0.00652694 0.0131442 0.000963589 0.00284293 0.00365235 1.54689e-06 0.00115667 8.5181e-09 0.440457 0.0517408 0.225438 1.07472e-07 
0.0194058 3.49314e-05 5.8154e-06 0.0116954 0.331832 0.0500099 0.0331453 0.00838043 0.0834083 0.000833075 0.00358564 0.0419426 1.60073e-05 0.414136 0.000470778 0.00109543 1.82506e-06 
7.73867e-06 1.57018e-09 2.69897e-08 0.000185599 0.00175951 0.00175124 0.000344226 0.00131966 0.0123152 0.00730615 3.58967e-05 4.82782e-06 0.000276771 0.969014 0.00558913 7.69285e-05 1.34748e-05 
0.00527025 0.000177081 2.75198e-05 0.00346497 0.0219334 0.218922 0.0144916 0.00213007 0.126355 0.0122198 8.26061e-05 0.00145306 3.51034e-07 0.538579 0.0120273 0.0427443 0.000121784 
0.00237273 0.00193418 4.13811e-10 0.00265527 0.034465 0.228087 0.00195096 0.00343314 0.147744 0.0709048 0.00112126 0.0789206 9.52967e-06 0.399184 0.025989 0.00105207 0.000176925 
0.00875647 0.00229545 0.03888 0.0336003 0.0376168 0.0258043 0.000679536 0.0272993 0.1777 0.00259268 0.000646674 0.00060903 6.60577e-06 0.637419 0.00511358 0.00059485 0.000385541 
0.000668465 0.00117388 7.49869e-06 0.00241127 0.0138139 0.0406793 0.000660587 0.01195 0.0445735 0.0004603 5.05058e-06 0.000150269 3.53855e-08 0.871424 0.00990408 0.00208068 3.68745e-05 
0.0962195 0.0311553 0.000502469 0.0174728 0.0440268 0.138412 0.00904001 0.00961269 0.155632 0.0177364 0.025485 0.00422283 2.85625e-06 0.412257 0.025525 0.00822731 0.00447027 
0.0220652 0.00525535 0.000230572 0.000421519 0.112132 0.0850666 0.0897418 0.0390522 0.00208422 0.0306905 3.9728e-05 0.000472597 5.13793e-07 0.365643 0.0452596 0.201843 1.35366e-06 
0.0125312 0.00161924 0.000293411 0.0201927 0.0252283 0.103961 0.0153528 0.00744478 0.295103 0.035291 0.00480254 0.00378995 4.91124e-06 0.353773 0.112053 0.0084764 8.32937e-05 
0.000779547 0.000434502 0.000676479 0.00758014 0.000943323 0.000589243 0.000932151 0.0310317 0.0289579 0.000434431 0.000560311 2.87073e-05 1.42155e-08 0.884725 0.00909263 2.7011e-05 0.0332068 
0.00046228 1.02408e-08 4.2235e-07 0.000302417 0.00140671 0.0239826 0.000718148 0.000149707 0.0504047 0.00229325 8.00083e-06 7.39304e-05 4.79963e-10 0.919228 0.00096502 3.76566e-06 6.80897e-07 
0.000335944 0.174629 2.2529e-05 0.0753451 0.0144341 0.0472949 0.0635158 0.00142342 0.0393644 0.000161883 0.000669578 0.000888515 2.21544e-06 0.451542 0.128164 0.00141561 0.000791054 
0.000364724 4.33314e-05 1.21214e-05 0.00336637 0.0100933 0.0363757 0.02512 0.000970587 0.0314975 0.000911016 6.62795e-06 1.78747e-05 2.8272e-11 0.890095 0.0011165 6.97555e-07 8.89901e-06 
0.00328213 0.00219677 6.5877e-05 0.0037864 0.00717132 0.0164187 0.0019698 0.0152252 0.0484255 0.0021415 0.000172104 0.000611311 7.78604e-08 0.874515 0.00958561 0.0138774 0.000555466 
0.00616737 0.00148146 8.65888e-07 0.00229667 0.0437631 0.023915 0.00208094 0.0225066 0.401221 0.015937 0.000255877 0.000379846 2.73395e-07 0.450409 0.00818008 0.0213785 2.62876e-05 
0.00547416 0.00161 0.00516723 0.00685694 0.0554711 0.0231174 0.00143605 0.0505261 0.194078 0.0175359 0.0047285 0.0168843 4.49456e-08 0.551419 0.0629522 0.00221094 0.000532459 
0.0901023 0.00319704 7.119e-06 0.0523987 0.0878085 0.0096839 0.00673235 0.00047045 0.180415 0.124696 0.0403431 0.11143 0.00304469 0.237961 0.0512492 0.000458595 2.43705e-06 
0.0625705 0.0562804 0.00014183 0.122998 0.040553 0.0182628 0.037929 0.059758 0.150249 0.0193471 0.00718778 0.0114846 8.2528e-06 0.292921 0.102802 0.00108644 0.0164201 
0.00696409 0.0126866 4.9275e-06 0.00707947 0.035551 0.163116 0.00459448 0.000678547 0.148947 0.0032229 0.0113182 0.00208859 5.24727e-09 0.570076 0.0272652 0.00631975 8.67059e-05 
0.013257 5.41339e-05 0.01695 0.00209298 0.0182111 0.0168808 0.000953353 0.00178546 0.120879 0.0078252 0.00193763 0.00621031 8.75561e-06 0.778846 0.00583557 0.00297784 0.00529412 
0.00224378 0.000628968 5.77621e-06 0.00227079 0.012233 0.0316029 0.00174909 0.0072905 0.0626913 0.000577864 0.000124069 0.000143818 1.96537e-08 0.870894 0.00594092 0.00158338 1.97643e-05 
0.000859487 0.0010407 6.17785e-10 0.0169773 0.00512838 0.25955 0.0552137 0.000570007 0.293435 5.54163e-06 0.00183754 0.000193442 4.7108e-10 0.360427 0.00453998 0.000141579 8.02714e-05 
0.0143095 0.000327244 7.96694e-08 0.00342031 0.147274 0.00488513 0.00211527 0.0120441 0.309616 0.0819181 0.00151224 0.000853802 7.45488e-06 0.335582 0.0265906 0.0591163 0.000427864 
0.0100931 0.00526275 0.00120062 0.0337854 0.0276061 0.131972 0.041808 0.00752592 0.298409 0.0135389 0.00920964 0.000339038 4.96114e-06 0.350954 0.0461428 0.0212817 0.000866157 
0.00539657 0.000976339 0.000965938 0.0276119 0.023073 0.0605669 0.029607 0.00974281 0.0874676 0.00110467 0.00136759 0.0037632 3.40887e-06 0.697397 0.0261346 0.0242052 0.000615815 
0.0524522 0.000140098 1.25046e-08 0.0204746 0.10809 0.0405868 0.0741877 0.000201592 0.18175 0.0723088 0.00553654 0.0149725 0.00324267 0.253624 0.169981 0.00162605 0.000826172 
0.00226095 0.000756578 2.24822e-05 0.00833105 0.0267135 0.0276517 0.00350319 0.0339752 0.161532 0.00635073 9.12506e-05 0.0020623 6.89698e-06 0.698892 0.0104323 0.0173837 3.46597e-05 
0.0118393 0.00106701 0.000794664 0.0205979 0.0576282 0.0123703 0.00109861 0.011867 0.0527248 0.00240662 0.0102541 0.000781224 8.46272e-07 0.722258 0.0478285 0.00291712 0.0435659 
0.000668465 0.00117388 7.49869e-06 0.00241127 0.0138139 0.0406793 0.000660587 0.01195 0.0445735 0.0004603 5.05058e-06 0.000150269 3.53855e-08 0.871424 0.00990408 0.00208068 3.68745e-05 
0.00118667 0.00430725 0.00119018 0.0071324 0.0133455 0.0509495 0.00641794 0.0350266 0.210846 0.0588893 0.000137366 0.00173208 2.52183e-05 0.549129 0.0533029 0.00617027 0.000211071 
0.000816298 6.54233e-09 5.15706e-08 6.46625e-08 0.0160731 0.215621 0.000496127 2.99557e-08 0.225143 0.0710071 3.24256e-05 0.000338897 6.35975e-09 0.453504 0.0169679 8.38865e-09 2.37802e-08 
0.00224378 0.000628968 5.77621e-06 0.00227079 0.012233 0.0316029 0.00174909 0.0072905 0.0626913 0.000577864 0.000124069 0.000143818 1.96537e-08 0.870894 0.00594092 0.00158338 1.97643e-05 
0.000114192 0.00250709 2.83208e-05 0.0101496 0.00130427 0.0807067 0.00201986 4.20706e-05 0.124335 8.50553e-05 1.88657e-07 1.93128e-05 5.74394e-12 0.762451 0.0161501 1.2777e-05 7.44369e-05 
0.00696409 0.0126866 4.9275e-06 0.00707947 0.035551 0.163116 0.00459448 0.000678547 0.148947 0.0032229 0.0113182 0.00208859 5.24727e-09 0.570076 0.0272652 0.00631975 8.67059e-05 
0.00202961 0.00377533 2.93333e-05 0.00108998 0.010175 0.0142843 0.000796255 0.00691542 0.184176 0.00142294 0.000102545 0.000523927 6.00124e-07 0.753818 0.0176463 0.00317527 3.93153e-05 
0.0120732 0.000234144 4.06135e-07 0.149143 0.146407 0.0506578 0.027694 5.75036e-05 0.210916 0.00712295 0.0258065 0.00847 4.14132e-05 0.340884 0.0204756 1.73163e-05 6.20284e-08 
0.000543272 0.000110885 9.5981e-05 0.000925464 0.000877773 0.0618445 0.000650027 0.000255545 0.052517 0.000742674 0.000437233 0.000234147 2.94754e-08 0.81185 0.0668008 0.00203743 7.75064e-05 
0.00696831 8.67188e-12 3.63706e-08 4.3235e-07 5.39989e-07 6.95343e-07 0.00585279 1.87075e-07 0.0922059 0.000638869 8.03113e-08 2.60824e-07 1.15509e-11 0.894332 1.10025e-07 8.73505e-08 3.90147e-12 
0.00622718 0.000207466 6.94646e-05 0.00966553 0.0532402 0.0601396 0.0356187 0.0140645 0.19932 0.01522 5.92913e-05 0.000712458 9.34954e-06 0.379993 0.0985922 0.126774 8.6438e-05 
0.00262538 0.00158985 2.35508e-06 0.0070594 0.00396844 0.33337 0.0680718 0.000993152 0.0514052 0.000459359 0.0112798 0.00275526 2.29643e-09 0.48425 0.017139 0.015023 7.6941e-06 
0.0605877 0.00131503 2.74551e-07 0.0572666 0.0543948 0.000473728 0.00177017 0.000598737 0.127024 0.0197072 0.000716385 2.67064e-07 0.0348209 0.627074 0.0138943 0.000305454 5.04161e-05 
0.00172427 6.05414e-06 5.73929e-05 0.000244077 0.0613622 0.112375 7.97654e-05 0.00987538 0.348188 0.0694417 4.77452e-06 0.000221175 5.17406e-06 0.392272 0.00100306 0.00307086 6.92927e-05 
0.199178 0.015295 0.000146441 0.0923243 0.0139265 0.126702 0.00190867 0.0109558 0.141426 0.0344069 0.0198911 0.00279211 0.00256454 0.233436 0.103352 0.000988451 0.000706741 
0.0901822 8.73601e-05 0.00344854 0.0275168 0.0633667 0.0485457 0.00629518 0.00110489 0.264183 0.0301655 0.00108448 0.00145952 5.96103e-06 0.40882 0.0471561 0.00656323 1.55829e-05 
0.00407288 0.00159036 1.33576e-05 0.00861555 0.0231325 0.0144425 0.0224002 0.000646484 0.379396 0.00428465 0.0209802 0.0057577 3.74203e-11 0.456598 0.0356875 0.0222585 0.000124498 
0.000779547 0.000434502 0.000676479 0.00758014 0.000943323 0.000589243 0.000932151 0.0310317 0.0289579 0.000434431 0.000560311 2.87073e-05 1.42155e-08 0.884725 0.00909263 2.7011e-05 0.0332068 
0.141048 0.00389883 0.000647758 0.147444 0.0288791 0.0366116 0.0865591 0.00300909 0.163782 0.0749677 0.0170135 0.00746428 5.70876e-06 0.215978 0.0699561 0.00264691 8.83796e-05 
0.000990328 0.000339332 7.34954e-07 0.0311905 0.00317086 0.0147781 0.0713824 0.000231464 0.121568 0.000223619 0.0143169 0.0165653 3.93269e-07 0.721796 0.00326627 2.3582e-05 0.000156472 
0.00974814 0.231879 0.000143771 0.00572811 0.0424351 0.033821 0.0156718 0.00148599 0.0141172 0.000256052 0.000419627 0.00187408 1.55111e-06 0.350577 0.198556 0.0924208 0.000864777 
0.00591948 0.00561651 0.00117123 0.0118868 0.0491831 0.0529279 0.00807433 0.00955349 0.184467 0.235837 0.00153385 0.00697879 4.0066e-06 0.309811 0.106319 0.00705421 0.003662 
1.13785e-06 1.13735e-06 0.00329762 0.0878497 0.00352912 1.13793e-06 0.00910388 0.00443818 0.361693 1.13787e-06 1.13758e-06 0.0348994 1.13706e-06 0.477313 0.0178677 1.13794e-06 1.13781e-06 
0.00696831 8.67188e-12 3.63706e-08 4.3235e-07 5.39989e-07 6.95343e-07 0.00585279 1.87075e-07 0.0922059 0.000638869 8.03113e-08 2.60824e-07 1.15509e-11 0.894332 1.10025e-07 8.73505e-08 3.90147e-12 
0.0302776 4.60135e-05 6.49241e-05 0.202965 0.0725676 0.00242359 0.0425657 0.05218 0.26698 0.0166401 0.000836018 0.000299941 2.58733e-06 0.298837 0.00992435 0.00337673 1.28238e-05 
0.00178823 0.00105612 0.000109384 0.0506364 0.00853292 0.0136564 0.00800277 0.000235987 0.163717 0.00469042 0.0279671 0.00228063 2.16227e-08 0.645337 0.07185 0.000139992 5.80307e-08 
0.00288448 0.0165742 0.000764873 0.0180284 0.029659 0.0825437 0.00503218 0.0342846 0.0382419 0.00192434 0.000186655 0.000124868 1.09888e-07 0.655293 0.0972577 0.00935309 0.00784658 
0.00696409 0.0126866 4.9275e-06 0.00707947 0.035551 0.163116 0.00459448 0.000678547 0.148947 0.0032229 0.0113182 0.00208859 5.24727e-09 0.570076 0.0272652 0.00631975 8.67059e-05 
0.00453713 0.0112637 1.90412e-05 0.0230172 0.0239861 0.0465343 0.000998835 0.0299699 0.0281611 2.73732e-06 0.00265624 8.30688e-06 4.55601e-09 0.822085 0.00336781 0.00337042 2.23853e-05 
1.13785e-06 1.13735e-06 0.00329762 0.0878497 0.00352912 1.13793e-06 0.00910388 0.00443818 0.361693 1.13787e-06 1.13758e-06 0.0348994 1.13706e-06 0.477313 0.0178677 1.13794e-06 1.13781e-06 
0.00319932 0.000213447 9.28363e-05 0.0135612 0.0270701 0.0436386 0.00792348 0.0167183 0.198337 0.0053197 0.00302167 0.00171561 2.08417e-05 0.650035 0.0158059 0.0107332 0.00259441 
0.0676851 4.34516e-07 1.95209e-06 0.0427529 0.198045 0.0233479 0.000197883 0.00532487 0.130244 0.027568 0.000540298 0.0402946 7.07156e-11 0.413958 0.00562922 0.0444096 1.04077e-08 
0.0840263 0.00106891 1.68189e-05 0.00199156 0.0247846 0.00110168 0.00101399 0.0697423 0.159921 0.0251731 0.00170377 0.000141374 3.88425e-08 0.619588 0.0017542 0.00283478 0.00513706 
0.000231794 0.0018835 1.73137e-06 0.00340271 0.00208668 0.00862207 0.000996067 0.0111589 0.0458892 0.000328469 9.89591e-06 0.00024113 2.64329e-10 0.913875 0.00896253 0.00214802 0.000161937 
0.0226322 0.00351489 0.00039667 0.0284091 0.266828 0.0200229 0.0252649 0.0157937 0.131566 0.00719116 0.00172515 0.104192 0.019518 0.304059 0.0342003 0.0146777 7.76958e-06 
0.000753351 0.128308 0.00197686 0.0106166 0.00918944 0.0364355 0.00224045 0.000947774 0.0153358 0.000861962 0.000552828 0.00194916 2.20486e-07 0.363936 0.361901 0.0202554 0.0447394 
0.000713558 0.000150701 1.43238e-06 0.000607515 0.0241266 0.00142677 0.000884116 0.0189735 0.0297057 0.000201297 1.61198e-07 0.00275732 8.48232e-07 0.880704 0.00123294 0.0384851 2.79159e-05 
1.1056e-11 2.75649e-11 0.000405227 0.0494608 3.9936e-05 8.33431e-12 0.000725625 0.000242601 0.267578 1.02753e-11 1.96355e-11 0.0441467 3.67162e-11 0.635881 0.00152055 8.02455e-12 1.24014e-11 
0.00178639 0.00757584 0.000567893 0.00668575 0.0242005 0.401086 0.00190543 0.031937 0.0389793 0.00505312 0.000120445 0.0012824 1.0067e-07 0.401814 0.0732616 0.00145297 0.00229164 
0.00713367 0.296804 6.57558e-05 0.0151496 0.0212761 0.119752 0.0131527 0.000910289 0.132857 0.00486451 0.00560602 0.0026356 1.19878e-06 0.334055 0.0387305 0.00593484 0.00107142 
0.00173253 0.0432723 0.000412689 0.0160403 0.0249487 0.0557976 0.00702521 0.0130221 0.0651194 0.0296832 0.000587717 0.000595631 1.72257e-05 0.544725 0.191883 0.000462909 0.00467494 
0.0248747 0.000974723 4.28086e-08 0.00218918 0.184378 0.0295771 0.00949214 0.179512 0.0803405 0.0446335 0.000378898 0.041477 5.76613e-07 0.25933 0.0334531 0.109389 1.06072e-10 
0.0231582 7.23612e-06 0.000103339 0.011223 0.120693 0.0026284 0.0030111 0.00931691 0.230344 0.0611068 7.16761e-05 0.181346 1.79841e-07 0.347748 0.00766143 0.00158034 1.24087e-06 
0.00224378 0.000628968 5.77621e-06 0.00227079 0.012233 0.0316029 0.00174909 0.0072905 0.0626913 0.000577864 0.000124069 0.000143818 1.96537e-08 0.870894 0.00594092 0.00158338 1.97643e-05 
0.0162718 0.000870682 3.00975e-06 0.0427234 0.017298 0.00869157 0.0246173 0.00122383 0.178616 0.000258009 0.00160213 0.00178869 1.7924e-10 0.695673 0.0101118 0.000231705 1.85899e-05 
0.00114185 0.000114274 9.0334e-06 0.0402692 0.0243627 0.075438 0.107503 0.000480719 0.248962 0.00065393 0.00117047 0.000167686 3.11675e-06 0.473804 0.017644 0.00826635 9.41028e-06 
0.00197959 0.00265134 0.00301539 0.00149437 0.0095742 0.0628595 3.22303e-07 5.81049e-05 0.120738 0.00556159 8.00183e-10 0.198484 1.49625e-09 0.474332 0.106845 0.0110407 0.00136563 
0.00118873 0.00116527 0.0544124 0.00262113 0.0443176 0.0179033 0.000787856 0.0162893 0.122969 0.00219043 3.98485e-05 6.09206e-05 1.82368e-05 0.729089 0.00407477 0.00205001 0.000822917 
0.0265268 1.79327e-06 0.000166745 0.0465132 0.0572519 0.0246288 0.00468466 0.000364786 0.214308 0.197942 0.025077 0.150259 7.87888e-10 0.24395 0.00765494 0.000228252 0.000443343 
0.000602507 0.167694 2.67545e-06 0.118942 0.0210275 0.00691386 0.00457556 0.00114084 0.0325194 7.5558e-05 5.98303e-05 0.000494871 3.22017e-12 0.541559 0.102956 0.000257882 0.0011777 
0.0188895 0.000742898 9.40049e-05 0.00850406 0.0592527 0.0709957 0.00868601 0.00733284 0.225269 0.010221 0.000284359 8.6456e-05 3.73684e-08 0.465987 0.0130714 0.110521 6.20645e-05 
0.00134156 0.00436601 0.00045553 0.0108739 0.0284727 0.122513 0.00528833 0.0181951 0.0618826 0.00113879 2.68963e-05 0.00757881 9.32303e-10 0.612654 0.0687006 0.051441 0.00507103 
0.00669136 7.5869e-08 0.000156908 0.0361628 0.202242 0.000373473 0.0241237 0.000953634 0.0797002 0.0389683 0.000186679 0.00332518 0.03902 0.563639 0.00369942 0.000757685 5.40811e-08 
0.0883 0.002142 0.00854537 0.0124024 0.10972 0.0847625 0.0038243 0.0103728 0.263955 0.0403538 0.0338959 0.00401829 3.73235e-05 0.302007 0.0219726 0.0136467 4.35713e-05 
0.000791676 1.9629e-05 1.57297e-05 0.00864896 0.0283029 0.0166642 0.00190407 0.0305951 0.162247 0.00272193 6.47301e-06 0.00139492 2.51341e-06 0.737654 0.00386621 0.00515033 1.41385e-05 
0.000749436 0.0116073 0.00163655 0.0123975 0.0212556 0.116894 0.00147199 0.0442779 0.0935256 0.0534972 0.000133173 0.000445473 1.36317e-08 0.386898 0.246169 0.000295354 0.00874651 
0.00132603 0.00164076 0.000247294 0.00440338 0.0297363 0.0658121 0.0185188 0.164112 0.0259821 0.00523314 0.000214043 0.0268791 3.84162e-06 0.592312 0.00571807 0.0578315 2.94333e-05 
0.00816886 0.108261 3.44791e-06 0.00838687 0.11962 0.00191812 0.000601852 0.00122222 0.193618 0.015064 0.00163272 0.0013181 6.40702e-08 0.498492 0.000122397 0.0415665 4.67947e-06 
0.000708718 0.00111411 2.35473e-06 0.0172086 0.0138843 0.200819 0.023195 0.00169515 0.0755356 6.39398e-05 4.77449e-05 0.00181515 5.00951e-06 0.635615 0.0114149 0.0168673 7.69247e-06 
0.0148825 0.00178239 0.000606087 0.0467565 0.0424513 0.121577 0.0879707 0.00745846 0.198434 0.0204496 0.00313166 0.00125313 5.52767e-07 0.404701 0.0332896 0.0146946 0.000561064 
0.108584 0.000105429 0.00117092 0.0335817 0.132855 0.0148382 0.0321468 0.0208816 0.201494 0.161298 0.00288408 1.48984e-06 0.000115759 0.24007 0.0498069 0.000160951 6.06484e-06 
0.00603427 0.000549301 0.008231 0.0673915 0.0225619 0.00410809 0.00895182 0.000128551 0.319869 0.0541315 0.00185795 0.0220694 3.70933e-09 0.418787 0.0571755 0.00797847 0.0001748 
0.0170253 0.107567 0.00104623 0.0326011 0.181858 0.0417725 0.0091188 0.00494956 0.0566807 0.0066791 0.000564354 0.0164594 3.26123e-07 0.275813 0.217405 0.00275938 0.0277005 
0.000473701 0.000262919 9.62042e-09 0.000525928 0.0184995 0.00990433 0.00313288 0.0264259 0.262735 0.00828761 7.67636e-05 0.000906979 1.76273e-08 0.662084 0.00531386 0.00136686 3.79246e-06 
0.134444 0.00250061 2.99861e-07 0.00858044 0.0934079 0.0326563 0.0460165 0.114506 0.120714 0.0233699 0.0124428 0.000658211 5.45681e-08 0.351912 0.0132786 0.0453452 0.000167365 
0.00600723 0.000840386 7.59767e-06 0.04154 0.0395397 0.0225327 0.0176421 0.000281614 0.160185 0.000634262 0.000412299 0.000120401 1.04392e-06 0.70297 0.00411343 0.00314862 2.34804e-05 
0.000713558 0.000150701 1.43238e-06 0.000607515 0.0241266 0.00142677 0.000884116 0.0189735 0.0297057 0.000201297 1.61198e-07 0.00275732 8.48232e-07 0.880704 0.00123294 0.0384851 2.79159e-05 
0.00143594 2.00571e-05 1.88491e-06 0.00244145 0.0626484 0.0140222 0.00134519 0.00842622 0.437403 0.00607799 1.28459e-06 0.00215569 1.00147e-07 0.459297 0.00282009 0.0018746 2.90478e-05 
0.0243216 0.0026074 0.00102112 0.0305896 0.214152 0.0526514 0.0191433 0.008493 0.208445 0.0677771 0.00340014 0.010403 0.000472199 0.278636 0.0457363 0.0314523 0.000698211 
0.0210094 1.41495e-06 7.65451e-10 0.219413 0.0793168 0.01347 0.00593504 0.000865665 0.169687 0.000988763 0.00104474 3.30948e-05 0.000708919 0.469958 0.0173686 0.000199948 4.68879e-08 
0.000382957 3.03465e-07 9.0167e-05 0.00524431 0.0895846 0.234845 0.0354967 0.00125755 0.0116018 0.169023 2.53689e-05 0.000142816 0.0583141 0.378773 0.0146994 1.70392e-06 0.000517217 
0.00127182 0.0022131 0.0025944 0.00487564 0.0211456 0.0721402 0.00361771 0.0773146 0.0729419 0.147022 1.27246e-05 0.00289697 0.000105881 0.576454 0.0111971 0.00383771 0.000358945 
0.00606777 0.00336385 0.000112367 0.0106456 0.0250599 0.0834526 0.0233261 0.00971253 0.19948 0.00517533 0.00858451 0.00474 2.67063e-08 0.557644 0.028356 0.0291244 0.00515505 
0.00141541 0.000372441 9.76666e-11 0.0190938 0.0128355 0.00111486 0.0754605 2.23318e-07 0.393624 0.000313347 0.000216987 8.6935e-08 7.44737e-11 0.495547 5.4921e-06 1.62767e-11 1.32955e-08 
0.00197972 0.0351306 0.00442865 0.00149447 0.00957438 0.293936 3.29062e-07 5.93227e-05 0.0337559 0.0224209 8.23284e-10 0.0777703 1.53945e-09 0.428906 0.0781357 0.0110415 0.00136576 
0.0117711 0.0012117 4.21076e-05 0.167407 0.0231751 0.0988481 0.0187734 0.0016771 0.139003 0.0632358 0.030412 0.0210497 6.4054e-07 0.264653 0.14694 0.00755302 0.00424876 
0.00142958 0.00599029 0.00185024 0.000159387 0.0411548 0.107462 4.84628e-05 0.0217352 0.0417566 0.0409289 0.00159192 0.00363962 1.02327e-06 0.726059 0.000642438 0.00544036 0.000109573 
0.00311785 0.0112246 4.76904e-09 0.0107853 0.0406391 0.154412 0.0187792 0.00103679 0.075694 0.000807388 0.000220181 0.00694874 7.14887e-07 0.655392 0.0146715 0.00607251 0.000197532 
4.68439e-10 7.63831e-05 3.26624e-06 0.0879403 3.87291e-07 0.000174549 4.80262e-10 8.24119e-06 4.40703e-05 4.3536e-10 8.3195e-10 2.28236e-05 1.55566e-09 0.911693 3.27196e-05 5.78336e-07 3.41592e-06 
0.00109186 0.0808668 1.43385e-05 0.00344709 0.0158846 0.00963696 0.00466618 0.00242214 0.0979853 0.00109981 3.6806e-05 0.000980871 7.7027e-09 0.736289 0.0366611 0.0084655 0.000451559 
0.000908764 0.0196828 1.23096e-05 0.00782094 0.00492379 0.267177 0.00199777 0.000162833 0.103207 0.00714408 0.0186135 0.00193908 8.62596e-09 0.50507 0.0486283 0.012619 9.28783e-05 
0.00851502 0.00566766 0.000871145 0.0127213 0.0662496 0.200021 0.00781216 0.00977617 0.180955 0.0171672 0.021405 0.00477061 3.21017e-05 0.232699 0.213895 0.0160342 0.00140787 
0.0150725 0.00818373 0.00389869 0.0869752 0.0689958 0.0670302 0.0370381 0.014968 0.251197 0.0219269 0.00313382 0.014061 0.000451227 0.26817 0.123872 0.0107217 0.00430423 
0.0015749 0.00908351 3.31511e-05 0.0101469 0.0061762 0.043642 0.00671013 0.00530419 0.149915 0.0269477 0.0253403 0.00117718 2.77366e-06 0.682564 0.0186255 0.0127021 5.37964e-05 
0.00176277 0.0616378 0.00016182 0.00109401 0.0043277 0.0054805 0.000372083 0.00108785 0.0189406 0.000729315 0.000292602 0.000761953 6.87646e-06 0.868083 0.0096023 0.000101484 0.025557 
0.000575682 0.00326546 4.7066e-09 0.00203463 0.00346849 0.40816 0.000632671 0.0141742 0.0775967 0.00138239 2.9945e-06 0.0143924 8.42127e-08 0.42412 0.0336643 0.0157961 0.000733303 
0.0442294 0.0057347 1.51902e-06 0.0226349 0.186586 0.002661 0.0509905 0.0062571 0.209897 0.0306634 0.0168967 0.00366818 5.36628e-07 0.315078 0.102839 0.0015421 0.00032011 
0.00014529 3.79328e-08 0.000179304 0.0170089 0.00124159 0.141556 5.65648e-05 0.000232499 0.148946 0.0164586 0.000550501 0.00034554 1.80121e-07 0.533453 0.139742 8.12363e-05 3.20469e-06 
0.0154792 0.00290372 0.000131212 0.0643307 0.0166549 0.0495367 0.00879652 0.0134152 0.0784631 0.00132822 0.00912304 0.00493539 5.55242e-10 0.541923 0.0421449 0.149475 0.00135962 
0.00353044 0.000946619 0.0082993 0.0256989 0.0255211 0.122711 0.0199477 0.026392 0.321236 0.0228294 0.0164097 0.00053667 7.46945e-06 0.322197 0.0617341 0.0194469 0.00255498 
0.00437818 0.00115041 0.00127074 0.0136872 0.0334992 0.105849 0.011476 0.00256322 0.0953137 0.00452789 0.000210828 0.000675431 1.97377e-08 0.627831 0.0785031 0.0154738 0.00358998 
0.00438382 0.00138802 3.22779e-05 0.00509805 0.0681588 4.99585e-08 0.000168928 0.0439706 0.252772 0.097295 1.30608e-07 0.00779507 4.73593e-09 0.506501 0.0122986 0.000137247 1.82451e-08 
0.118754 0.00985929 0.000191873 0.0322347 0.0244385 0.0395706 0.0228071 0.00341229 0.191364 0.0542026 0.00797341 0.00115799 7.84379e-07 0.432207 0.0588982 0.00265239 0.000275932 
0.00688596 0.00372079 9.36714e-05 0.0100906 0.0259785 0.0251204 0.00558327 0.0331342 0.0829944 0.00106689 0.00236376 0.00104296 3.33922e-07 0.694504 0.0339147 0.00964246 0.0638634 
0.00535181 0.248119 7.68752e-06 0.00496044 0.0246537 0.00409708 0.000219634 0.00241581 0.142577 8.16551e-05 2.51721e-05 0.000332089 9.78844e-09 0.526465 0.0401751 5.4398e-05 0.000463886 
0.220741 0.000784949 0.00943087 0.0513108 0.0413963 0.0100119 0.0513227 0.00908619 0.195672 0.0235008 0.0258931 0.00681315 1.18133e-05 0.281811 0.0572868 0.0148297 9.59971e-05 
0.00280234 0.000181446 1.27259e-05 0.00504078 0.0257951 0.123473 0.00444994 0.0077758 0.0827147 0.0169094 4.38431e-05 0.00274581 4.94925e-08 0.690516 0.0051533 0.0322894 9.6787e-05 
0.00250119 6.37893e-07 9.91453e-06 0.00558366 0.0156358 0.00222618 0.00973337 0.00414242 0.321245 0.000313914 0.000314611 0.00201226 1.16483e-07 0.623643 0.0105942 0.0020405 2.92667e-06 
0.0135744 0.000467992 1.48946e-07 0.0584905 0.0810293 0.133051 0.00688866 0.000557473 0.187902 0.000293004 0.000470634 0.000153608 1.46249e-06 0.42526 0.0916169 0.000224286 1.89675e-05 
0.0137699 1.36558e-08 1.44063e-08 0.00278323 0.0262602 0.00141058 3.72452e-06 0.0025545 0.112172 0.0278821 5.70571e-06 0.00172004 1.08884e-06 0.80181 0.00755217 0.00207402 7.76709e-07 
0.00870528 1.78258e-07 1.66065e-05 0.0280094 0.0681614 0.0364537 0.0178931 0.00257804 0.275991 0.199649 0.000268209 0.00299471 2.11803e-12 0.337021 0.0207136 0.00137331 0.000172625 
0.0373603 2.12396e-05 0.0110525 0.0719792 0.0544014 0.0908645 0.00849457 0.00750065 0.0866923 0.0303391 0.0570691 0.000466107 2.14224e-06 0.483043 0.0492927 7.54575e-05 0.0113457 
0.00606212 0.00124154 3.50861e-09 0.00113928 0.0725515 0.00728034 5.2497e-05 0.0224802 0.136807 3.57228e-08 1.11934e-09 0.00123061 4.37355e-07 0.735053 0.00836759 0.00765877 7.53474e-05 
0.0304096 0.0276683 1.11364e-05 0.00533365 0.237648 0.0207488 0.0101028 0.0910346 0.0460436 0.00882234 0.000494153 0.0345436 1.53543e-06 0.272228 0.043075 0.171107 0.000727046 
0.00227354 0.0056665 1.0805e-05 0.00497553 0.00227755 0.00314929 0.000137741 0.00648381 0.026553 0.000744302 0.00159019 0.000560233 8.16e-07 0.921362 0.0237386 0.000463567 1.2669e-05 
0.0217963 0.0312881 2.81258e-06 0.253382 0.0296407 0.0324534 0.0162345 0.000652128 0.216481 1.13342e-07 0.0113587 0.00182675 4.86851e-08 0.380238 0.0039711 0.000174741 0.000499195 
0.0768624 2.26467e-10 3.95594e-10 0.0190837 0.280106 0.0186939 1.67637e-06 4.16514e-06 6.2927e-06 0.0131337 3.25884e-06 7.73459e-08 3.01652e-10 0.592021 1.15037e-06 8.28448e-05 1.01887e-10 
0.103827 3.32729e-05 1.29116e-05 0.115555 0.109315 0.145113 0.03596 0.00363991 0.118286 0.00473591 0.00771282 0.000121253 0.00323907 0.186505 0.0986286 0.0480727 0.0192419 
