0.00757681 0.0764231 2.51875e-06 0.0109834 2.17244e-07 0.000567193 0.00154222 8.3392e-07 0.00188493 0.00951425 0.000411881 0.891089 1.92062e-06 1.89105e-07 3.22648e-07 4.19764e-07 6.48718e-07 
2.65919e-10 6.62992e-10 1.15812e-09 1.99603e-10 0.0192593 0.00479689 2.72631e-10 1.72584e-06 3.95142e-07 0.975896 4.72273e-10 4.37108e-05 8.83099e-10 8.69499e-11 1.55786e-06 1.93007e-10 2.98279e-10 
7.75136e-09 3.88819e-09 1.12771e-09 6.073e-09 2.86008e-05 1.18163e-07 6.19451e-10 4.45017e-09 2.51785e-08 6.87183e-08 2.76971e-09 0.999822 1.48615e-11 1.46326e-12 3.48665e-05 7.57906e-07 0.000113164 
4.17588e-05 0.000167872 0.000146105 2.11422e-10 0.0742199 0.000189886 2.88773e-10 7.25446e-06 0.00220832 0.91616 5.00237e-10 8.46592e-07 0.00440527 9.20983e-11 0.00029814 1.45678e-06 0.00215323 
1.49495e-05 2.09821e-06 4.73464e-05 0.00152746 0.00072296 0.0128085 0.0599905 7.0723e-05 0.0999837 0.00144954 8.72784e-05 4.4862e-05 9.83538e-06 5.51096e-09 0.821813 0.00138207 4.51812e-05 
1.75314e-07 0.00271041 7.63518e-07 0.00367159 0.00237738 0.00232608 0.00158188 0.00300844 0.0137669 0.0130512 0.00411024 0.937725 5.82205e-07 5.73239e-08 0.0156685 1.27244e-07 1.96648e-07 
1.17471e-05 8.48869e-05 1.38695e-07 4.18305e-06 0.00293113 2.40065e-08 0.002958 1.62535e-05 0.00299775 0.963161 0.010701 1.34913e-07 1.14021e-05 1.0413e-08 0.0171132 2.46013e-06 6.97296e-06 
0.0223526 0.000525127 7.59976e-09 2.85555e-05 0.153605 0.104604 1.825e-05 1.68608e-05 0.00129661 0.670899 1.76682e-05 7.39251e-09 5.79504e-09 5.70579e-10 0.0466363 1.26654e-09 1.95736e-09 
2.61391e-07 3.90088e-09 6.81407e-09 0.020836 0.000325664 1.17944e-09 0.0241101 2.25603e-09 0.0273015 0.926697 1.56597e-07 6.62825e-09 5.19593e-09 5.11591e-10 8.72872e-10 1.1356e-09 0.000729535 
4.64389e-07 1.0266e-05 4.52722e-07 0.77658 0.00764037 0.0151444 1.54138e-07 0.00291371 0.123053 0.0725737 8.13947e-10 0.000143422 1.16515e-06 1.49855e-10 0.00179745 3.3264e-10 0.000142135 
0.00342348 6.56692e-07 1.14711e-06 0.00020556 2.07783e-05 0.00122976 0.00087523 3.79791e-07 0.0249344 0.968548 0.000507109 1.11583e-06 8.74708e-07 8.61237e-08 0.000250504 1.91173e-07 2.95445e-07 
0.00050681 0.000421108 0.000510221 0.852149 0.0358187 0.00236806 1.10886e-08 0.0322607 0.000115003 0.0194678 2.44779e-07 0.000236125 3.88244e-08 6.18287e-11 0.056146 5.08963e-08 3.75228e-08 
7.75136e-09 3.88819e-09 1.12771e-09 6.073e-09 2.86008e-05 1.18163e-07 6.19451e-10 4.45017e-09 2.51785e-08 6.87183e-08 2.76971e-09 0.999822 1.48615e-11 1.46326e-12 3.48665e-05 7.57906e-07 0.000113164 
3.35268e-07 8.35893e-07 1.46014e-06 0.00394414 0.000102191 2.52734e-07 0.00149668 4.8343e-07 0.49533 0.26542 0.00024571 1.42032e-06 1.1134e-06 1.09626e-07 0.233323 0.000131719 3.76067e-07 
7.75136e-09 3.88819e-09 1.12771e-09 6.073e-09 2.86008e-05 1.18163e-07 6.19451e-10 4.45017e-09 2.51785e-08 6.87183e-08 2.76971e-09 0.999822 1.48615e-11 1.46326e-12 3.48665e-05 7.57906e-07 0.000113164 
8.29885e-10 0.00309307 5.60251e-05 4.87134e-05 3.81563e-05 1.51399e-05 8.50832e-10 1.96259e-05 0.135573 0.516563 5.04084e-05 2.25041e-05 7.99514e-06 2.71355e-10 0.344494 1.04813e-05 7.7272e-06 
7.75136e-09 3.88819e-09 1.12771e-09 6.073e-09 2.86008e-05 1.18163e-07 6.19451e-10 4.45017e-09 2.51785e-08 6.87183e-08 2.76971e-09 0.999822 1.48615e-11 1.46326e-12 3.48665e-05 7.57906e-07 0.000113164 
1.69526e-06 1.92033e-09 3.35444e-09 5.78142e-10 0.0032176 0.0277293 7.89663e-10 1.33384e-06 5.85102e-06 0.808267 2.03834e-05 3.26296e-09 2.76274e-05 2.51847e-10 0.160725 5.59035e-10 3.97505e-06 
7.9096e-06 1.97203e-05 0.006906 5.93708e-06 2.97111e-06 5.96247e-06 0.992456 0.000112535 0.000379983 7.35107e-06 1.40475e-05 3.35081e-05 2.62673e-05 2.58627e-06 4.41267e-06 5.74087e-06 8.87214e-06 
1.08929e-09 2.71584e-09 4.74404e-09 8.17642e-10 4.13267e-08 8.21139e-10 1.11679e-09 1.57068e-09 7.57242e-07 0.996745 1.93459e-09 4.61467e-09 3.61747e-09 3.56176e-10 6.07704e-10 7.9062e-10 0.00325417 
5.64192e-09 0.000865324 0.00165635 0.00714925 0.00875223 0.0228377 5.78433e-09 0.0252184 0.00720864 0.648645 0.00325226 0.000282549 4.80867e-05 1.84479e-09 0.273613 0.000347096 0.000124459 
0.000367739 5.59841e-07 9.77933e-07 0.0239339 0.000308882 0.00180044 0.000992842 0.000186462 0.000510464 0.952403 3.98795e-07 9.51264e-07 7.45703e-07 7.34219e-08 0.0194919 1.62978e-07 2.51872e-07 
6.95786e-06 0.000508663 3.43404e-08 0.000169178 0.0873097 4.43133e-05 1.70469e-05 0.00264617 7.42655e-05 0.816593 0.000200295 2.8043e-05 1.01378e-07 2.559e-08 0.00756911 0.0838978 0.00093488 
0.293983 1.13836e-07 1.98849e-07 0.000979793 1.71508e-08 3.44184e-08 4.68107e-08 6.58357e-08 4.43424e-05 0.504063 8.10893e-08 0.200889 1.51628e-07 1.49293e-08 3.91296e-05 3.31392e-08 5.12145e-08 
4.19777e-05 4.98826e-07 2.98808e-07 0.00685838 0.347586 1.91476e-06 0.00294353 0.125814 0.0212141 0.374823 1.24666e-05 0.000215635 9.06435e-10 8.92475e-11 0.115778 0.00467984 3.08931e-05 
1.7698e-06 3.64391e-09 6.36519e-09 0.0148094 0.0157559 0.0765682 0.0610886 0.000495166 0.0364691 0.77888 2.59569e-09 7.08135e-06 0.0080219 4.7789e-10 0.00790219 4.47015e-07 2.97008e-07 
2.05443e-06 5.12212e-06 8.94735e-06 1.55866e-05 5.93414e-05 0.000489586 0.000139435 2.96233e-06 0.000300073 0.998599 3.64867e-06 6.15473e-05 6.82262e-06 6.71755e-07 0.000212875 8.97636e-05 2.30443e-06 
2.51451e-07 6.2692e-07 1.09511e-06 1.88743e-07 0.000415117 0.000435385 7.16922e-05 0.000244355 0.331716 0.333101 0.333387 0.000380575 8.35052e-07 8.22192e-08 0.000238922 7.407e-06 2.8205e-07 
0.00050681 0.000421108 0.000510221 0.852149 0.0358187 0.00236806 1.10886e-08 0.0322607 0.000115003 0.0194678 2.44779e-07 0.000236125 3.88244e-08 6.18287e-11 0.056146 5.08963e-08 3.75228e-08 
1.08929e-09 2.71584e-09 4.74404e-09 8.17642e-10 4.13267e-08 8.21139e-10 1.11679e-09 1.57068e-09 7.57242e-07 0.996745 1.93459e-09 4.61467e-09 3.61747e-09 3.56176e-10 6.07704e-10 7.9062e-10 0.00325417 
0.208073 0.00493544 1.60823e-07 2.43341e-05 0.59431 0.00220288 1.43587e-07 0.171405 0.00981756 0.000228021 1.14707e-07 7.63754e-07 2.95212e-07 2.65999e-08 1.52991e-05 0.00898725 4.42414e-08 
6.00535e-05 1.15784e-06 1.89003e-10 0.000688299 0.021281 3.27142e-11 4.44929e-11 6.25759e-11 2.76634e-07 0.974147 9.24974e-07 1.83849e-10 3.31621e-07 1.41901e-11 3.72873e-07 0.00382049 4.86787e-11 
7.75136e-09 3.88819e-09 1.12771e-09 6.073e-09 2.86008e-05 1.18163e-07 6.19451e-10 4.45017e-09 2.51785e-08 6.87183e-08 2.76971e-09 0.999822 1.48615e-11 1.46326e-12 3.48665e-05 7.57906e-07 0.000113164 
2.90973e-05 1.24738e-05 1.60204e-09 2.98482e-05 0.446378 2.77295e-10 0.00802931 6.4185e-06 0.154301 0.390017 4.62547e-05 1.44943e-05 0.00110018 1.20279e-10 3.44976e-05 2.02938e-06 4.12614e-10 
2.41729e-08 6.02681e-08 1.05277e-07 1.81446e-08 0.000171623 8.38401e-05 2.4783e-08 0.000156884 3.59196e-05 0.995436 4.29311e-08 0.00397345 8.02765e-08 7.90402e-09 0.000141614 1.75449e-08 2.71145e-08 
3.39715e-05 5.74327e-08 1.00324e-07 1.72909e-08 8.65296e-09 1.73649e-08 2.3617e-08 3.32156e-08 2.62596e-05 2.1409e-08 4.09114e-08 0.999939 7.64998e-08 7.53217e-09 1.28513e-08 1.67195e-08 2.58389e-08 
1.33238e-07 0.00491673 0.908476 0.0078209 0.00612597 0.00243069 1.366e-07 0.00315093 0.00444118 0.0236886 0.00809304 0.00361302 0.00128361 4.35659e-08 0.0230355 0.00168276 0.0012406 
5.00001e-08 1.24661e-07 2.17758e-07 3.75309e-08 1.89695e-06 3.76914e-08 5.12621e-08 7.20963e-08 3.47584e-05 0.999856 8.88004e-08 2.1182e-07 1.66047e-07 1.6349e-08 2.78945e-08 3.62905e-08 0.000106617 
4.33666e-06 3.12821e-05 4.05782e-07 6.92444e-10 0.171734 6.95405e-10 2.64913e-06 2.12962e-06 0.022862 0.805325 1.63836e-09 3.63489e-05 3.06356e-09 3.01638e-10 2.31645e-06 6.69559e-10 1.03476e-09 
0.000168531 2.22563e-05 3.88775e-05 6.70059e-06 0.000195616 6.72925e-06 9.15209e-06 1.28717e-05 9.18199e-05 0.99934 1.5854e-05 3.78173e-05 2.96453e-05 2.91887e-06 4.98014e-06 6.47914e-06 1.00131e-05 
0.000220367 1.3881e-06 2.42474e-06 0.000941461 0.000120163 0.00101681 0.0140837 0.00145877 0.000224033 0.719653 9.88795e-07 2.35862e-06 1.84894e-06 1.82046e-07 0.262272 4.04096e-07 6.24505e-07 
3.571e-08 8.99228e-06 1.55523e-07 0.000150132 3.08653e-05 2.69192e-08 8.42424e-05 5.14911e-08 9.32819e-05 0.000109555 0.999449 1.51281e-07 1.18591e-07 1.16764e-08 7.37323e-05 2.59187e-08 4.00556e-08 
4.39197e-05 0.997927 8.69045e-08 1.49781e-08 0.000438496 0.000215118 2.0458e-08 0.00035681 0.00010042 0.000452526 0.000145336 8.45346e-08 6.62673e-08 6.52467e-09 0.000283886 1.44831e-08 3.58346e-05 
0.000740255 5.76575e-07 1.00716e-06 1.73586e-07 0.00116412 0.00477678 0.00493182 3.33456e-07 0.972213 0.00900568 0.00139685 9.79699e-07 7.67993e-07 7.56165e-08 0.00576715 1.67849e-07 2.594e-07 
5.26408e-10 0.03415 2.29259e-09 3.95131e-10 1.97737e-10 3.96821e-10 5.50541e-06 7.5904e-10 0.029148 0.782815 0.148449 2.23007e-09 1.74817e-09 1.72124e-10 0.00543264 3.82072e-10 5.90468e-10 
6.95786e-06 0.000508663 3.43404e-08 0.000169178 0.0873097 4.43133e-05 1.70469e-05 0.00264617 7.42655e-05 0.816593 0.000200295 2.8043e-05 1.01378e-07 2.559e-08 0.00756911 0.0838978 0.00093488 
0.255017 1.08463e-08 1.91359e-06 4.63724e-05 1.63413e-09 3.2794e-09 4.46014e-09 7.53373e-06 0.527336 0.0138425 0.20372 2.39771e-05 1.44472e-08 1.42247e-09 2.427e-09 3.15752e-09 5.3726e-06 
0.915823 0.000360007 6.49019e-05 3.19229e-08 0.0204256 3.20594e-08 4.36023e-08 0.063024 0.000268699 4.38645e-06 7.55315e-08 1.80169e-07 1.41236e-07 1.39061e-08 1.54197e-05 1.3822e-05 4.77043e-08 
0.320857 5.26921e-07 3.10084e-05 0.000648759 0.00018668 1.59316e-07 2.16677e-07 3.04739e-07 8.57591e-05 0.678118 3.75345e-07 8.95328e-07 6.95308e-05 6.91045e-08 1.17905e-07 1.53394e-07 2.37061e-07 
0.00218314 0.0137922 1.08032e-06 0.00176904 0.0865811 0.561723 2.54317e-07 0.0158813 0.00137317 0.122301 0.01564 0.00252312 8.23778e-07 8.11091e-08 0.0201355 0.151559 0.00453563 
0.0510148 5.89635e-06 5.71592e-08 0.093119 0.000225873 0.000143772 0.00258287 6.85547e-06 0.00722648 0.801493 0.039619 2.61496e-06 4.35856e-08 4.29143e-09 0.00455908 1.04077e-06 1.47216e-08 
4.64935e-06 0.0202944 3.36916e-08 4.58794e-05 3.16774e-05 0.871804 7.93128e-09 1.11548e-08 0.107376 7.69376e-05 0.000149772 0.000140956 2.56909e-08 2.52952e-09 7.63948e-05 5.61489e-09 8.67744e-09 
7.75136e-09 3.88819e-09 1.12771e-09 6.073e-09 2.86008e-05 1.18163e-07 6.19451e-10 4.45017e-09 2.51785e-08 6.87183e-08 2.76971e-09 0.999822 1.48615e-11 1.46326e-12 3.48665e-05 7.57906e-07 0.000113164 
5.37058e-07 1.339e-06 2.33897e-06 4.03125e-07 2.01737e-07 0.000274917 5.50614e-07 7.74397e-07 9.48383e-05 0.998744 0.000702889 2.27519e-06 1.78354e-06 1.75607e-07 0.000172137 3.89803e-07 6.02414e-07 
0.0230157 1.2233e-06 6.13746e-05 7.22068e-06 5.12428e-05 3.69867e-07 5.03037e-07 0.000157504 0.000616925 0.975709 8.71401e-07 0.000248953 1.62943e-06 1.60433e-07 6.77363e-06 3.56121e-07 0.000120464 
0.00214034 2.07631e-07 3.62691e-07 0.00071268 0.00351615 0.00494694 0.000999036 0.000900729 0.974322 0.00849836 1.47903e-07 3.528e-07 0.000138558 2.72303e-08 0.00382372 6.04444e-08 9.34129e-08 
8.17342e-08 1.98241e-06 8.87695e-10 1.52995e-10 0.000429125 0.00215846 2.08971e-10 2.93902e-10 4.93313e-09 0.994087 3.61996e-10 8.63487e-10 1.01602e-06 6.66469e-11 4.89078e-07 1.47939e-10 0.00332148 
9.15191e-05 0.00042694 9.75261e-05 0.0272616 0.060199 0.000135083 1.80895e-05 0.000659681 0.0219417 0.855162 0.00116317 3.93057e-05 1.62668e-05 3.65143e-06 0.0321057 0.000431582 0.000247075 
7.75136e-09 3.88819e-09 1.12771e-09 6.073e-09 2.86008e-05 1.18163e-07 6.19451e-10 4.45017e-09 2.51785e-08 6.87183e-08 2.76971e-09 0.999822 1.48615e-11 1.46326e-12 3.48665e-05 7.57906e-07 0.000113164 
8.55639e-05 1.60525e-06 2.80405e-06 4.83283e-07 2.41851e-07 4.8535e-07 6.60098e-07 6.21549e-05 1.03294e-05 0.000102543 1.14348e-06 2.72759e-06 0.999727 2.10525e-07 3.59195e-07 4.67311e-07 7.22198e-07 
3.3124e-07 3.74871e-09 6.54826e-09 0.0416558 0.000650055 1.13343e-09 0.0481839 2.16803e-09 0.0545735 0.854762 1.97875e-07 6.36969e-09 4.99325e-09 4.91635e-10 8.38822e-10 1.0913e-09 0.00017452 
1.21313e-06 4.71915e-09 8.24344e-09 3.03376e-06 0.032199 0.0267825 9.37192e-06 0.0028895 0.0207785 0.917319 3.45787e-06 4.20632e-06 6.28587e-09 6.18906e-10 5.83471e-06 1.37381e-09 4.53385e-06 
4.01952e-06 0.000630026 1.25309e-05 0.0298488 0.000170663 0.00147868 0.00346637 5.65859e-06 0.00324058 0.813579 0.147438 5.88657e-05 2.29635e-07 7.04733e-09 6.15346e-05 1.74289e-06 3.28077e-06 
0.000180902 1.81118e-08 3.16378e-08 0.0766263 0.356948 0.0134255 0.000577761 1.04748e-08 0.000105359 0.110868 0.299957 0.00460064 2.41248e-08 2.37533e-09 0.136708 5.27261e-09 2.34481e-06 
7.75136e-09 3.88819e-09 1.12771e-09 6.073e-09 2.86008e-05 1.18163e-07 6.19451e-10 4.45017e-09 2.51785e-08 6.87183e-08 2.76971e-09 0.999822 1.48615e-11 1.46326e-12 3.48665e-05 7.57906e-07 0.000113164 
7.75136e-09 3.88819e-09 1.12771e-09 6.073e-09 2.86008e-05 1.18163e-07 6.19451e-10 4.45017e-09 2.51785e-08 6.87183e-08 2.76971e-09 0.999822 1.48615e-11 1.46326e-12 3.48665e-05 7.57906e-07 0.000113164 
7.52052e-06 9.32849e-08 1.62951e-07 2.80848e-08 0.00269848 2.82049e-08 3.83599e-08 5.39504e-08 2.60101e-05 0.997187 6.64502e-08 1.58507e-07 1.24255e-07 1.22341e-08 2.08737e-08 2.71566e-08 7.97826e-05 
1.02843e-06 2.56409e-06 4.47896e-06 0.00069553 3.86312e-07 7.75256e-07 1.05438e-06 1.48291e-06 0.000419199 0.977126 0.0217372 4.35682e-06 3.41534e-06 3.36274e-07 5.73747e-07 7.46442e-07 1.15358e-06 
0.00050681 0.000421108 0.000510221 0.852149 0.0358187 0.00236806 1.10886e-08 0.0322607 0.000115003 0.0194678 2.44779e-07 0.000236125 3.88244e-08 6.18287e-11 0.056146 5.08963e-08 3.75228e-08 
1.7806e-08 0.00438479 7.75477e-08 1.33655e-08 1.03732e-05 0.0102435 1.82554e-08 2.56748e-08 0.00468442 0.967997 0.0126296 7.5433e-08 5.91325e-08 5.82218e-09 4.95458e-05 1.29237e-08 1.99728e-08 
0.00910976 0.00467155 0.014834 0.0123972 0.00159921 6.41733e-07 0.0121326 0.00184249 0.0264994 0.026822 0.0266113 3.60644e-06 2.82711e-06 2.78357e-07 0.863471 6.17882e-07 9.54897e-07 
7.75136e-09 3.88819e-09 1.12771e-09 6.073e-09 2.86008e-05 1.18163e-07 6.19451e-10 4.45017e-09 2.51785e-08 6.87183e-08 2.76971e-09 0.999822 1.48615e-11 1.46326e-12 3.48665e-05 7.57906e-07 0.000113164 
1.2119e-06 2.48702e-05 3.10289e-09 1.18193e-05 0.015648 0.0182833 9.64261e-06 1.35617e-05 0.0745758 0.88509 1.26534e-09 2.86766e-05 2.60502e-06 2.32961e-10 0.00630742 3.05148e-06 7.99165e-10 
1.08929e-09 2.71584e-09 4.74404e-09 8.17642e-10 4.13267e-08 8.21139e-10 1.11679e-09 1.57068e-09 7.57242e-07 0.996745 1.93459e-09 4.61467e-09 3.61747e-09 3.56176e-10 6.07704e-10 7.9062e-10 0.00325417 
4.64867e-08 1.15901e-07 2.02457e-07 3.48937e-08 0.000242739 2.45651e-05 0.000281242 6.70302e-08 9.80396e-05 0.998745 8.25606e-08 0.000216826 1.54379e-07 1.52002e-08 0.000316426 7.42626e-05 5.21437e-08 
2.42066e-07 6.03522e-07 1.05424e-06 1.81699e-07 9.09283e-08 1.82476e-07 2.48176e-07 3.49041e-07 1.16593e-05 0.999982 4.29911e-07 1.02549e-06 8.03886e-07 7.91506e-08 1.35046e-07 1.75694e-07 2.71524e-07 
1.46506e-05 1.08516e-05 5.9227e-06 4.01509e-06 0.0339962 0.0799121 0.00856875 0.000112328 5.12673e-06 0.85628 1.13763e-09 2.71364e-09 1.54663e-06 2.09448e-10 0.0208192 0.000268938 4.94005e-07 
0.00618344 1.87188e-06 2.28642e-10 5.5879e-06 0.301833 3.40387e-07 1.66861e-06 0.334704 2.69599e-06 0.30514 2.40566e-06 1.33667e-07 1.39651e-07 1.71661e-11 0.0521228 1.7757e-06 3.65163e-07 
0.00938651 0.834792 3.81131e-10 6.56884e-11 0.155791 8.47039e-08 8.97214e-11 9.34914e-06 1.26069e-07 8.13329e-11 1.55423e-10 3.70737e-10 2.90624e-10 2.86148e-11 4.88222e-11 2.14617e-05 9.81622e-11 
0.000104509 0.000175503 4.76842e-06 0.000146631 0.000778405 5.42511e-05 1.12253e-06 1.57875e-06 0.00249754 0.992041 0.000178825 0.00370782 3.63606e-06 3.58007e-07 0.000206214 7.94683e-07 9.66251e-05 
2.054e-06 5.12105e-06 8.94548e-06 1.54177e-06 7.71551e-07 1.54836e-06 2.10584e-06 0.00355702 0.000492692 0.995903 3.64791e-06 8.70153e-06 6.82119e-06 6.71614e-07 1.1459e-06 1.49081e-06 2.30395e-06 
4.17588e-05 0.000167872 0.000146105 2.11422e-10 0.0742199 0.000189886 2.88773e-10 7.25446e-06 0.00220832 0.91616 5.00237e-10 8.46592e-07 0.00440527 9.20983e-11 0.00029814 1.45678e-06 0.00215323 
0.00428595 2.96769e-10 5.18398e-10 0.00682591 0.0387026 0.029704 0.0361281 1.28742e-06 0.683911 0.200434 1.39545e-06 5.04261e-10 1.98043e-07 3.89206e-11 5.46529e-06 8.63938e-11 1.33516e-10 
0.000178681 3.67274e-07 6.41556e-07 1.10573e-07 0.00899232 0.000624895 1.51028e-07 1.53835e-05 1.76841e-05 0.990076 2.61623e-07 6.24061e-07 1.74605e-05 4.81672e-08 9.97696e-06 5.24909e-05 1.33158e-05 
5.55892e-08 1.38596e-07 2.421e-07 4.17262e-08 0.00111925 4.19047e-08 5.69923e-08 8.01554e-08 0.165543 0.140697 0.000138316 2.35497e-07 1.84608e-07 1.81765e-08 0.692502 4.03472e-08 6.2354e-08 
7.78739e-11 1.82526e-06 3.39153e-10 1.46724e-06 0.0355162 0.0167396 7.98394e-11 0.00444268 0.0245071 0.917995 1.38304e-10 3.29904e-10 0.000352362 2.54631e-11 2.56369e-07 5.65217e-11 0.000443323 
0.00214034 2.07631e-07 3.62691e-07 0.00071268 0.00351615 0.00494694 0.000999036 0.000900729 0.974322 0.00849836 1.47903e-07 3.528e-07 0.000138558 2.72303e-08 0.00382372 6.04444e-08 9.34129e-08 
0.00050681 0.000421108 0.000510221 0.852149 0.0358187 0.00236806 1.10886e-08 0.0322607 0.000115003 0.0194678 2.44779e-07 0.000236125 3.88244e-08 6.18287e-11 0.056146 5.08963e-08 3.75228e-08 
6.44794e-05 1.86996e-06 7.46788e-07 0.0169807 0.00200328 0.00023238 0.00190263 1.61832e-06 0.0272505 0.944566 2.40305e-06 8.17141e-07 2.20511e-06 5.13063e-11 0.00576789 1.77371e-06 0.00122032 
3.39715e-05 5.74327e-08 1.00324e-07 1.72909e-08 8.65296e-09 1.73649e-08 2.3617e-08 3.32156e-08 2.62596e-05 2.1409e-08 4.09114e-08 0.999939 7.64998e-08 7.53217e-09 1.28513e-08 1.67195e-08 2.58389e-08 
1.17255e-08 2.92342e-08 5.10664e-08 8.80137e-09 1.80628e-05 0.203266 2.4055e-05 1.69073e-08 2.61339e-05 0.732854 2.08246e-08 6.46257e-05 3.89397e-08 3.834e-09 6.54153e-09 1.70295e-05 0.0637302 
8.90644e-06 1.85605e-07 3.24216e-07 0.0215505 0.000383061 5.61181e-08 0.025713 1.07343e-07 0.0286077 0.923601 5.36078e-06 3.15375e-07 2.47225e-07 2.43417e-08 4.15316e-08 5.40324e-08 0.000129118 
1.4829e-07 0.0119422 6.45826e-07 0.00173653 0.000562653 0.00114032 1.52033e-07 0.00109071 0.00251945 0.978569 0.00173847 6.28214e-07 4.92462e-07 4.84878e-08 8.27293e-08 1.0763e-07 0.000698776 
0.044403 0.00222051 4.01472e-10 0.0227474 0.0458279 0.00140934 0.00340457 0.00136552 0.449815 0.277802 0.029176 3.90524e-10 3.06135e-10 3.0142e-11 0.121825 7.56333e-07 2.98352e-06 
5.33068e-05 1.03852e-07 1.81409e-07 3.12661e-08 1.56466e-08 6.9862e-05 4.27052e-08 1.36078e-05 3.15307e-05 0.999827 7.39775e-08 1.76462e-07 1.3833e-07 1.362e-08 4.21659e-06 3.02328e-08 4.67228e-08 
8.61564e-06 0.000170493 3.31106e-05 0.000733769 1.9026e-09 0.000337528 0.00014229 7.30338e-09 0.000673139 0.994334 0.000205107 2.14574e-08 1.68206e-08 1.65616e-09 0.00336204 3.67625e-09 5.6814e-09 
5.59236e-08 1.39429e-07 2.43556e-07 4.19772e-08 0.999484 0.000118081 5.73351e-08 8.06376e-08 0.000164846 8.32113e-05 0.000149081 2.36914e-07 1.85719e-07 1.82859e-08 3.11991e-08 4.05899e-08 6.27291e-08 
7.75136e-09 3.88819e-09 1.12771e-09 6.073e-09 2.86008e-05 1.18163e-07 6.19451e-10 4.45017e-09 2.51785e-08 6.87183e-08 2.76971e-09 0.999822 1.48615e-11 1.46326e-12 3.48665e-05 7.57906e-07 0.000113164 
1.08929e-09 2.71584e-09 4.74404e-09 8.17642e-10 4.13267e-08 8.21139e-10 1.11679e-09 1.57068e-09 7.57242e-07 0.996745 1.93459e-09 4.61467e-09 3.61747e-09 3.56176e-10 6.07704e-10 7.9062e-10 0.00325417 
0.00264686 5.27508e-06 9.21454e-06 1.58814e-06 0.00752449 0.000573033 2.16918e-06 0.00143616 0.00044858 0.0068593 3.75763e-06 0.978926 7.02636e-06 6.91815e-07 0.00155184 1.53565e-06 2.37325e-06 
1.7698e-06 3.64391e-09 6.36519e-09 0.0148094 0.0157559 0.0765682 0.0610886 0.000495166 0.0364691 0.77888 2.59569e-09 7.08135e-06 0.0080219 4.7789e-10 0.00790219 4.47015e-07 2.97008e-07 
2.2687e-09 5.65636e-09 9.88055e-09 1.70293e-09 4.5589e-08 5.76309e-07 2.32596e-09 3.2713e-09 8.28181e-07 0.99891 4.02923e-09 9.61111e-09 7.53422e-09 7.41819e-10 1.26568e-09 1.64665e-09 0.00108818 
0.013855 2.90584e-09 5.07594e-09 8.74845e-10 0.978198 1.67019e-06 0.00792901 1.68056e-09 2.59768e-06 1.38661e-05 2.06994e-09 4.93752e-09 3.87056e-09 3.81095e-10 6.5022e-10 8.45933e-10 1.30733e-09 
0.000450845 1.50315e-05 2.62571e-05 4.52545e-06 0.000632325 0.000311918 6.18114e-06 8.69332e-06 7.02853e-05 0.99762 0.000603208 2.55411e-05 2.00218e-05 1.97135e-06 3.36349e-06 0.000192707 6.76265e-06 
3.7769e-08 0.108027 0.000346812 0.193045 0.121702 2.84713e-08 0.0193012 5.446e-08 0.0719408 0.484408 7.0976e-05 0.00102471 1.25428e-07 1.23497e-08 0.000131434 2.74131e-08 4.23652e-08 
2.9911e-10 7.45744e-10 2.08558e-06 2.24517e-10 0.00700347 3.08926e-06 3.06659e-10 4.31294e-10 5.66311e-07 0.98442 6.10957e-06 2.28213e-06 6.15961e-06 9.78027e-11 0.00855395 2.17097e-10 1.91274e-06 
0.000330956 0.000248554 8.55806e-06 9.16299e-05 0.256052 1.4813e-06 3.10786e-05 0.00252533 0.0538023 0.263647 3.48992e-06 8.32468e-06 4.12102e-05 6.42527e-07 0.417165 0.00604089 2.20417e-06 
7.75136e-09 3.88819e-09 1.12771e-09 6.073e-09 2.86008e-05 1.18163e-07 6.19451e-10 4.45017e-09 2.51785e-08 6.87183e-08 2.76971e-09 0.999822 1.48615e-11 1.46326e-12 3.48665e-05 7.57906e-07 0.000113164 
0.000924724 1.536e-06 2.68309e-06 4.62435e-07 2.31418e-07 0.00552697 6.31622e-07 8.8833e-07 0.000413511 0.00584078 0.983651 2.60992e-06 0.0016388 2.01443e-07 0.00199381 4.47152e-07 6.91044e-07 
0.00286723 0.000365055 0.0385363 0.00983799 0.0650272 0.0112301 0.0105389 0.00353576 0.0599384 0.623958 0.00587108 0.000129993 0.000125631 0.000116068 0.157879 0.00754908 0.00249415 
8.75675e-08 2.18324e-07 3.8137e-07 6.57296e-08 6.91087e-05 6.60108e-08 8.97777e-08 1.26266e-07 4.40871e-05 0.997068 0.000357853 0.00226328 2.90806e-07 2.86328e-08 4.88529e-08 6.35574e-08 0.000196546 
0.00036206 7.71466e-08 1.3476e-07 0.000847773 1.16231e-08 2.33254e-08 3.17236e-08 4.4617e-08 0.000214295 0.997899 0.000505639 0.000170542 1.02759e-07 1.01176e-08 1.72625e-08 2.24585e-08 3.47081e-08 
1.8575e-06 0.499504 2.45582e-09 9.22559e-06 0.0137658 0.0944849 1.44286e-06 8.13082e-10 0.0651885 0.26897 8.88991e-05 2.38885e-09 1.87263e-09 1.84379e-10 0.0578909 3.46497e-06 9.15138e-05 
0.00364671 0.0103667 2.92323e-07 0.0346303 0.0071717 4.53259e-06 0.00267537 0.0150609 0.0711873 0.221213 0.0947847 0.00114676 2.22905e-07 2.19472e-08 0.537341 0.000765997 4.8833e-06 
6.95786e-06 0.000508663 3.43404e-08 0.000169178 0.0873097 4.43133e-05 1.70469e-05 0.00264617 7.42655e-05 0.816593 0.000200295 2.8043e-05 1.01378e-07 2.559e-08 0.00756911 0.0838978 0.00093488 
1.59198e-10 0.047166 6.93333e-10 0.679376 5.98003e-11 0.086201 0.136329 2.29552e-10 0.00596169 1.47957e-10 2.82737e-10 6.74426e-10 5.28687e-10 5.20545e-11 0.0449666 1.15548e-10 1.78571e-10 
0.00050681 0.000421108 0.000510221 0.852149 0.0358187 0.00236806 1.10886e-08 0.0322607 0.000115003 0.0194678 2.44779e-07 0.000236125 3.88244e-08 6.18287e-11 0.056146 5.08963e-08 3.75228e-08 
6.21925e-05 1.82912e-05 7.24045e-08 0.063242 2.99789e-05 1.25324e-08 6.69495e-05 2.3972e-08 0.116996 0.765623 0.0539292 7.043e-08 5.52106e-08 5.43603e-09 3.2168e-05 1.20666e-08 1.86481e-08 
7.75136e-09 3.88819e-09 1.12771e-09 6.073e-09 2.86008e-05 1.18163e-07 6.19451e-10 4.45017e-09 2.51785e-08 6.87183e-08 2.76971e-09 0.999822 1.48615e-11 1.46326e-12 3.48665e-05 7.57906e-07 0.000113164 
7.75136e-09 3.88819e-09 1.12771e-09 6.073e-09 2.86008e-05 1.18163e-07 6.19451e-10 4.45017e-09 2.51785e-08 6.87183e-08 2.76971e-09 0.999822 1.48615e-11 1.46326e-12 3.48665e-05 7.57906e-07 0.000113164 
7.34287e-10 2.70967e-05 4.95713e-05 4.31019e-05 3.37609e-05 0.0201071 7.5282e-10 0.0208556 2.44758e-05 0.692047 4.46016e-05 1.99117e-05 7.07414e-06 2.40096e-10 0.266725 9.2739e-06 6.83707e-06 
2.51451e-07 6.2692e-07 1.09511e-06 1.88743e-07 0.000415117 0.000435385 7.16922e-05 0.000244355 0.331716 0.333101 0.333387 0.000380575 8.35052e-07 8.22192e-08 0.000238922 7.407e-06 2.8205e-07 
0.00050681 0.000421108 0.000510221 0.852149 0.0358187 0.00236806 1.10886e-08 0.0322607 0.000115003 0.0194678 2.44779e-07 0.000236125 3.88244e-08 6.18287e-11 0.056146 5.08963e-08 3.75228e-08 
0.00455975 1.79359e-05 9.01718e-08 5.23333e-06 0.0252783 1.56077e-08 1.46175e-06 9.30674e-06 0.00740339 0.962648 7.48987e-05 8.77128e-08 6.87587e-08 6.76998e-09 1.15509e-08 1.50276e-08 1.84812e-06 
0.0188778 6.99843e-09 1.22249e-08 2.10698e-09 1.413e-05 0.0406442 5.98622e-05 4.04747e-09 0.000116839 0.94018 1.69548e-05 1.90383e-05 9.32185e-09 9.17829e-10 7.00013e-05 1.02071e-06 3.14858e-09 
8.62996e-07 2.15163e-06 3.75848e-06 6.47779e-07 7.65991e-07 3.93975e-05 8.84778e-07 0.000194348 0.000464284 0.998439 1.53268e-06 3.65599e-06 2.86595e-06 2.82182e-07 4.81455e-07 6.26371e-07 0.000844366 
0.000408499 0.415859 0.328507 0.00297542 0.00400683 0.00022081 0.00051695 1.69101e-05 0.0630076 0.0959959 0.000257528 0.000694415 4.13454e-05 1.29925e-05 0.0677391 0.0142714 0.00546909 
2.77642e-07 0.958657 2.16717e-07 1.4493e-06 0.00152751 5.96871e-06 1.70769e-06 5.97432e-11 0.0209256 0.0102557 0.00836045 1.80809e-06 1.37596e-10 1.35477e-11 2.08289e-05 6.76658e-07 0.000240806 
8.70756e-07 0.000219269 0.957937 6.53604e-07 3.27086e-07 0.00157602 0.00107217 1.25556e-06 0.000375797 0.035204 1.54647e-06 3.68886e-06 2.89173e-06 2.84719e-07 0.00223509 6.32004e-07 0.00136839 
4.7657e-06 0.00169535 0.00324813 0.0365998 0.0209843 0.00137015 1.88132e-07 0.00120387 0.076239 0.552297 0.0305694 0.000539134 8.69307e-05 8.60839e-12 0.27424 0.000682113 0.000240007 
0.00775366 4.3627e-06 1.63316e-06 1.29912e-05 0.0351465 0.0308865 3.88316e-06 3.77233e-06 0.000534128 0.922685 5.59986e-06 1.78458e-06 4.77839e-06 1.6196e-09 0.00289736 4.13063e-06 5.38685e-05 
0.208073 0.00493544 1.60823e-07 2.43341e-05 0.59431 0.00220288 1.43587e-07 0.171405 0.00981756 0.000228021 1.14707e-07 7.63754e-07 2.95212e-07 2.65999e-08 1.52991e-05 0.00898725 4.42414e-08 
2.29898e-08 5.73185e-08 1.00124e-07 1.72566e-08 8.63576e-09 1.73304e-08 2.35701e-08 3.31496e-08 3.63654e-05 0.999839 4.08301e-08 9.73939e-08 7.63478e-08 7.5172e-09 0.000109032 1.66863e-08 1.54983e-05 
1.54353e-07 3.84836e-07 6.72233e-07 1.1586e-07 0.00520668 0.00088442 1.58249e-07 2.22566e-07 0.00145736 0.991051 2.74132e-07 6.53901e-07 5.12598e-07 5.04703e-08 0.00105065 1.12031e-07 0.000346447 
6.10929e-09 1.52318e-08 2.66069e-08 4.58574e-09 4.3375e-05 2.11892e-05 6.26349e-09 3.965e-05 9.0781e-06 0.998847 1.08501e-08 0.00100422 2.02886e-08 1.99761e-09 3.57907e-05 4.43419e-09 6.85275e-09 
0.00277968 1.49021e-06 0.00324739 4.48648e-07 0.0211825 4.50567e-07 6.12792e-07 0.000251315 0.0234194 0.0442529 0.000206716 2.53212e-06 0.904653 1.95438e-07 3.33453e-07 4.33821e-07 6.70443e-07 
7.75136e-09 3.88819e-09 1.12771e-09 6.073e-09 2.86008e-05 1.18163e-07 6.19451e-10 4.45017e-09 2.51785e-08 6.87183e-08 2.76971e-09 0.999822 1.48615e-11 1.46326e-12 3.48665e-05 7.57906e-07 0.000113164 
0.0255751 0.00734674 1.24108e-07 0.000359792 0.182136 2.14817e-08 0.0202187 0.505891 0.00156507 0.147785 0.000174464 0.0925844 9.46363e-08 9.31789e-09 0.00688308 0.00948033 3.19647e-08 
5.39559e-08 0.00199108 0.00364253 0.00316716 0.00248078 0.000984335 5.53178e-08 0.001276 0.0017985 0.968887 0.00327736 0.00146313 0.000519813 1.76425e-08 0.00932847 0.000681453 0.000502393 
2.70026e-06 6.73233e-06 1.17601e-05 0.000635139 0.000808932 2.03553e-06 2.76842e-06 0.994459 0.0002634 0.00121755 0.0025618 1.14394e-05 8.96741e-06 8.82931e-07 1.50645e-06 1.95988e-06 3.02887e-06 
1.18712e-06 1.1516e-10 3.01946e-07 3.95281e-07 1.9502e-06 0.00823407 5.54105e-07 0.000200332 5.35049e-06 0.987488 8.20329e-11 1.95677e-10 0.000245996 1.5103e-11 0.00381954 3.35249e-11 2.66311e-06 
0.00058422 1.50328e-10 2.62594e-10 4.52584e-11 0.0709042 0.0658457 0.000428847 0.00251105 0.0188128 0.702554 6.04159e-05 4.65584e-07 0.0138017 1.97152e-11 0.123616 0.000379949 0.00050021 
7.75136e-09 3.88819e-09 1.12771e-09 6.073e-09 2.86008e-05 1.18163e-07 6.19451e-10 4.45017e-09 2.51785e-08 6.87183e-08 2.76971e-09 0.999822 1.48615e-11 1.46326e-12 3.48665e-05 7.57906e-07 0.000113164 
1.08929e-09 2.71584e-09 4.74404e-09 8.17642e-10 4.13267e-08 8.21139e-10 1.11679e-09 1.57068e-09 7.57242e-07 0.996745 1.93459e-09 4.61467e-09 3.61747e-09 3.56176e-10 6.07704e-10 7.9062e-10 0.00325417 
3.40409e-07 3.48841e-06 6.38178e-06 5.54891e-06 0.10649 0.0127635 1.24064e-06 2.23558e-06 0.0608176 0.808434 5.74199e-06 0.0087182 0.00273307 3.09099e-11 1.63436e-05 1.19392e-06 8.802e-07 
7.75136e-09 3.88819e-09 1.12771e-09 6.073e-09 2.86008e-05 1.18163e-07 6.19451e-10 4.45017e-09 2.51785e-08 6.87183e-08 2.76971e-09 0.999822 1.48615e-11 1.46326e-12 3.48665e-05 7.57906e-07 0.000113164 
5.26408e-10 0.03415 2.29259e-09 3.95131e-10 1.97737e-10 3.96821e-10 5.50541e-06 7.5904e-10 0.029148 0.782815 0.148449 2.23007e-09 1.74817e-09 1.72124e-10 0.00543264 3.82072e-10 5.90468e-10 
0.00749707 3.59389e-06 6.27783e-06 0.00313886 0.973499 1.08662e-06 1.47785e-06 0.00353551 0.00345455 0.0048242 2.56006e-06 6.10663e-06 4.78703e-06 4.71331e-07 0.00402171 1.04623e-06 1.61689e-06 
7.75136e-09 3.88819e-09 1.12771e-09 6.073e-09 2.86008e-05 1.18163e-07 6.19451e-10 4.45017e-09 2.51785e-08 6.87183e-08 2.76971e-09 0.999822 1.48615e-11 1.46326e-12 3.48665e-05 7.57906e-07 0.000113164 
1.82893e-09 6.74912e-05 0.00012347 0.000107356 8.40902e-05 3.33657e-05 1.87509e-09 4.32523e-05 6.09633e-05 0.455563 0.000111092 4.95953e-05 0.00354161 5.98022e-10 0.537865 0.002333 1.70295e-05 
5.18753e-07 0.00116532 2.25925e-06 0.00494558 0.0025139 3.91051e-07 5.31847e-07 7.48003e-07 0.0016783 0.0032307 0.986456 2.19764e-06 1.72275e-06 1.69622e-07 2.89407e-07 3.76516e-07 5.81882e-07 
4.40038e-08 1.09711e-07 1.91643e-07 3.303e-08 1.65293e-08 0.477084 0.255478 6.34501e-08 0.0204305 0.246994 7.81509e-08 1.86417e-07 1.46134e-07 1.43883e-08 1.24865e-05 3.19384e-08 4.93587e-08 
0.0018978 5.36914e-05 3.00652e-06 0.000155669 0.0305158 9.97038e-06 0.0377199 4.59752e-05 0.000378356 0.92496 6.80182e-05 2.92454e-06 0.000191728 2.25726e-07 0.00375189 4.98035e-05 0.000195638 
7.75136e-09 3.88819e-09 1.12771e-09 6.073e-09 2.86008e-05 1.18163e-07 6.19451e-10 4.45017e-09 2.51785e-08 6.87183e-08 2.76971e-09 0.999822 1.48615e-11 1.46326e-12 3.48665e-05 7.57906e-07 0.000113164 
7.75136e-09 3.88819e-09 1.12771e-09 6.073e-09 2.86008e-05 1.18163e-07 6.19451e-10 4.45017e-09 2.51785e-08 6.87183e-08 2.76971e-09 0.999822 1.48615e-11 1.46326e-12 3.48665e-05 7.57906e-07 0.000113164 
2.52114e-09 6.28575e-09 4.40298e-06 1.89241e-09 9.47028e-10 2.66261e-06 2.58478e-09 6.9107e-06 6.65162e-07 0.996017 4.47757e-09 1.06806e-08 8.37256e-09 8.24362e-10 2.25184e-06 1.82987e-09 0.00396593 
4.37021e-06 1.08959e-05 1.90329e-05 3.28035e-06 0.000822442 0.9926 4.48051e-06 6.30151e-06 0.000210494 0.0016287 7.76151e-06 1.85139e-05 1.45132e-05 1.42897e-06 0.00365958 3.17194e-06 0.000985307 
4.52642e-06 1.12853e-05 1.97133e-05 0.0159722 1.70028e-06 0.029689 4.64067e-06 0.0163234 0.865564 4.20679e-06 0.0723587 1.91757e-05 1.5032e-05 1.48005e-06 2.52524e-06 3.28532e-06 5.07725e-06 
0.0248523 9.35274e-05 3.21975e-06 0.000161696 0.0711685 1.92107e-10 1.09761e-06 4.26294e-06 0.106652 0.251376 4.526e-10 0.112975 1.69347e-06 8.33279e-11 0.430907 5.36588e-07 0.00180297 
2.56365e-07 0.00542913 0.00228411 3.20186e-10 0.232149 0.00940904 4.3733e-10 6.77194e-07 7.4629e-07 0.670418 7.5758e-10 1.80709e-09 0.0583081 1.39478e-10 1.52328e-06 3.09604e-10 0.0219994 
3.553e-06 8.85838e-06 1.54739e-05 0.00100115 0.00012861 0.149973 0.122784 5.12315e-06 0.00190365 0.707418 6.31014e-06 1.50519e-05 1.17993e-05 1.16176e-06 0.0167176 2.5788e-06 3.98537e-06 
0.000140034 1.1261e-05 0.000172969 0.277618 0.018195 0.229619 0.00099315 0.00121146 0.186717 0.0491948 0.0528487 5.01452e-05 8.07228e-05 5.79887e-06 0.157913 0.0251559 7.36681e-05 
0.00050681 0.000421108 0.000510221 0.852149 0.0358187 0.00236806 1.10886e-08 0.0322607 0.000115003 0.0194678 2.44779e-07 0.000236125 3.88244e-08 6.18287e-11 0.056146 5.08963e-08 3.75228e-08 
3.40409e-07 3.48841e-06 6.38178e-06 5.54891e-06 0.10649 0.0127635 1.24064e-06 2.23558e-06 0.0608176 0.808434 5.74199e-06 0.0087182 0.00273307 3.09099e-11 1.63436e-05 1.19392e-06 8.802e-07 
4.0267e-08 0.000180809 1.75369e-07 3.02251e-08 1.51256e-08 3.03543e-08 4.12833e-08 0.992821 0.000192994 0.00578946 7.15143e-08 0.000443695 1.33724e-07 1.31665e-08 0.000384165 3.80232e-05 0.000149097 
4.64935e-06 0.0202944 3.36916e-08 4.58794e-05 3.16774e-05 0.871804 7.93128e-09 1.11548e-08 0.107376 7.69376e-05 0.000149772 0.000140956 2.56909e-08 2.52952e-09 7.63948e-05 5.61489e-09 8.67744e-09 
1.08929e-09 2.71584e-09 4.74404e-09 8.17642e-10 4.13267e-08 8.21139e-10 1.11679e-09 1.57068e-09 7.57242e-07 0.996745 1.93459e-09 4.61467e-09 3.61747e-09 3.56176e-10 6.07704e-10 7.9062e-10 0.00325417 
0.000143207 0.0322112 0.000187695 6.77185e-08 0.0989446 0.00948535 9.60583e-05 0.0138155 0.000327384 0.843188 0.000473853 3.82195e-07 8.43131e-05 2.94991e-08 0.000925505 6.54805e-08 0.000116852 
1.90551e-08 0.00153457 8.2988e-08 0.000223142 7.23004e-05 0.00014653 1.95361e-08 0.000140155 0.000323747 0.997246 0.000223392 8.07249e-08 6.32808e-08 6.23063e-09 1.06306e-08 1.38304e-08 8.9792e-05 
0.043242 3.73901e-06 6.73265e-10 1.09087e-06 0.295686 1.16535e-10 3.01294e-07 0.400706 4.07528e-07 0.260343 1.56499e-05 3.93599e-07 4.11222e-07 5.05479e-11 7.07289e-07 1.12203e-10 3.81661e-07 
9.90245e-09 2.46889e-08 4.31267e-08 7.43295e-09 3.79445e-05 0.0215984 0.000410164 1.42786e-08 0.977953 9.20319e-09 1.75868e-08 4.19506e-08 3.28854e-08 3.2379e-09 5.52446e-09 7.1873e-09 1.11075e-08 
1.02575e-08 0.999188 2.5959e-11 5.34988e-07 3.23824e-07 5.96688e-05 6.11097e-12 8.59462e-12 0.000422269 1.97234e-05 0.000289751 2.52511e-11 1.97945e-11 1.94897e-12 2.85017e-06 1.34069e-06 1.56021e-05 
7.75136e-09 3.88819e-09 1.12771e-09 6.073e-09 2.86008e-05 1.18163e-07 6.19451e-10 4.45017e-09 2.51785e-08 6.87183e-08 2.76971e-09 0.999822 1.48615e-11 1.46326e-12 3.48665e-05 7.57906e-07 0.000113164 
6.00535e-05 1.15784e-06 1.89003e-10 0.000688299 0.021281 3.27142e-11 4.44929e-11 6.25759e-11 2.76634e-07 0.974147 9.24974e-07 1.83849e-10 3.31621e-07 1.41901e-11 3.72873e-07 0.00382049 4.86787e-11 
1.15047e-07 2.86837e-07 5.01049e-07 8.63565e-08 1.92826e-06 8.67259e-08 1.17951e-07 1.6589e-07 3.49013e-05 0.998668 2.04325e-07 4.87385e-07 3.82065e-07 3.76181e-08 6.41836e-08 8.35025e-08 0.00129289 
6.53054e-07 1.6282e-06 2.84415e-06 0.000628922 0.000660897 0.000322863 6.69537e-07 9.41654e-07 0.0635308 0.929087 0.00516792 2.76659e-06 2.16875e-06 2.13535e-07 0.00058841 4.73993e-07 7.32526e-07 
7.75136e-09 3.88819e-09 1.12771e-09 6.073e-09 2.86008e-05 1.18163e-07 6.19451e-10 4.45017e-09 2.51785e-08 6.87183e-08 2.76971e-09 0.999822 1.48615e-11 1.46326e-12 3.48665e-05 7.57906e-07 0.000113164 
0.00104124 1.24898e-07 2.18173e-07 3.76024e-08 0.0129808 0.058752 0.00478448 0.000461738 0.101216 0.732389 0.000870295 2.12223e-07 0.000133076 1.63801e-08 0.0871118 0.000205152 5.31938e-05 
0.000171467 0.927494 3.74497e-05 0.000444817 0.000280067 0.00041465 0.000846349 9.667e-05 0.000189375 0.069094 1.45085e-05 6.37359e-05 1.42711e-08 1.40513e-09 0.000758549 9.41974e-05 4.82026e-09 
2.62196e-06 1.65644e-05 1.29747e-09 2.12462e-06 0.000103984 6.73958e-07 3.05435e-10 1.90734e-05 0.000661319 0.99896 1.87837e-05 3.03027e-06 9.8936e-10 9.74123e-11 2.41828e-05 0.000182023 5.4473e-06 
6.95786e-06 0.000508663 3.43404e-08 0.000169178 0.0873097 4.43133e-05 1.70469e-05 0.00264617 7.42655e-05 0.816593 0.000200295 2.8043e-05 1.01378e-07 2.559e-08 0.00756911 0.0838978 0.00093488 
0.00115298 1.19273e-07 2.08347e-07 3.5909e-08 0.00464347 0.0106313 0.000931935 0.00270411 0.00295995 0.964128 0.00074776 2.02666e-07 0.000778625 1.56424e-08 0.00980826 0.00120142 0.000311288 
1.69917e-06 4.2364e-06 7.40017e-06 1.27543e-06 6.38268e-07 0.000861261 0.000243731 2.45008e-06 0.000528303 0.997955 3.01774e-06 7.19837e-06 5.64285e-06 5.55595e-07 0.00037404 1.23328e-06 1.90595e-06 
0.000410794 0.000899127 1.69429e-10 1.0484e-06 0.00318392 2.57145e-05 3.98851e-11 0.000104736 0.000399339 0.99461 6.90923e-11 1.64809e-10 3.50415e-05 1.27205e-11 4.82188e-05 2.82363e-11 0.00028226 
0.0418231 0.00874818 1.37212e-10 3.80766e-07 0.184886 1.56772e-07 1.22775e-07 0.322798 4.86208e-07 2.16974e-06 5.5954e-11 1.3347e-10 1.46584e-07 1.03017e-11 0.000463208 0.441277 3.53395e-11 
9.20309e-07 4.6298e-06 1.23697e-08 2.13194e-09 0.000498901 0.00653032 6.63813e-06 5.59745e-05 0.00228542 0.696229 0.004077 3.57992e-05 0.288064 9.28701e-10 0.00220908 2.06148e-09 2.15498e-06 
1.74853e-09 4.35946e-09 7.61512e-09 1.31248e-09 1.78001e-05 2.84721e-05 1.79266e-09 8.82689e-06 1.0266e-05 0.999911 3.1054e-09 7.40745e-09 9.87729e-06 5.71733e-10 5.75634e-06 1.2691e-09 7.65109e-06 
1.08929e-09 2.71584e-09 4.74404e-09 8.17642e-10 4.13267e-08 8.21139e-10 1.11679e-09 1.57068e-09 7.57242e-07 0.996745 1.93459e-09 4.61467e-09 3.61747e-09 3.56176e-10 6.07704e-10 7.9062e-10 0.00325417 
4.21575e-06 1.17424e-05 1.43428e-09 3.50533e-05 0.0428727 0.000215662 1.04673e-05 1.01627e-05 1.69121e-05 0.80525 1.50908e-05 1.39517e-09 1.10462e-07 1.07684e-10 0.151544 1.11391e-05 2.29069e-06 
4.26228e-06 1.1872e-05 1.45011e-09 3.54402e-05 1.27451e-05 2.15884e-06 1.05828e-05 1.02749e-05 1.70988e-05 0.998437 1.52574e-05 1.41057e-09 1.10576e-09 1.08873e-10 4.03096e-05 1.1262e-05 0.0013919 
3.28382e-08 8.18726e-08 1.43015e-07 0.000221865 0.002488 0.000200535 0.00123561 4.73502e-08 0.0335142 0.961741 5.83208e-08 0.000598337 1.09054e-07 1.07374e-08 1.832e-08 2.38343e-08 3.68343e-08 
7.75136e-09 3.88819e-09 1.12771e-09 6.073e-09 2.86008e-05 1.18163e-07 6.19451e-10 4.45017e-09 2.51785e-08 6.87183e-08 2.76971e-09 0.999822 1.48615e-11 1.46326e-12 3.48665e-05 7.57906e-07 0.000113164 
4.17588e-05 0.000167872 0.000146105 2.11422e-10 0.0742199 0.000189886 2.88773e-10 7.25446e-06 0.00220832 0.91616 5.00237e-10 8.46592e-07 0.00440527 9.20983e-11 0.00029814 1.45678e-06 0.00215323 
3.66821e-09 9.14564e-09 1.59756e-08 2.75342e-09 1.52961e-05 1.60409e-05 2.63632e-06 8.99707e-06 0.0118206 0.988101 6.51477e-09 1.40015e-05 9.75771e-06 1.19943e-09 8.80182e-06 2.68905e-07 2.47288e-06 
7.75908e-07 2.76319e-10 4.82675e-10 8.31896e-11 0.00360892 8.35455e-11 1.13626e-10 1.59806e-10 0.00271584 0.985926 6.8911e-07 4.69512e-10 3.68054e-10 3.62386e-11 0.00550165 8.04403e-11 0.00224619 
0.208073 0.00493544 1.60823e-07 2.43341e-05 0.59431 0.00220288 1.43587e-07 0.171405 0.00981756 0.000228021 1.14707e-07 7.63754e-07 2.95212e-07 2.65999e-08 1.52991e-05 0.00898725 4.42414e-08 
0.0012323 4.42031e-09 0.000200403 0.000618849 1.08086e-05 0.00012665 4.20163e-06 0.000116655 6.19402e-06 0.988772 3.14875e-09 1.36428e-05 4.28712e-06 5.79714e-10 0.00489703 1.28682e-09 0.00399727 
2.3128e-05 0.00324693 1.51377e-06 0.000128978 1.57187e-05 2.62016e-07 3.56354e-07 0.000160654 0.0343419 0.724509 6.17306e-07 0.0684482 0.169031 1.13652e-07 5.73917e-05 2.52278e-07 3.46166e-05 
1.08929e-09 2.71584e-09 4.74404e-09 8.17642e-10 4.13267e-08 8.21139e-10 1.11679e-09 1.57068e-09 7.57242e-07 0.996745 1.93459e-09 4.61467e-09 3.61747e-09 3.56176e-10 6.07704e-10 7.9062e-10 0.00325417 
6.95786e-06 0.000508663 3.43404e-08 0.000169178 0.0873097 4.43133e-05 1.70469e-05 0.00264617 7.42655e-05 0.816593 0.000200295 2.8043e-05 1.01378e-07 2.559e-08 0.00756911 0.0838978 0.00093488 
4.41586e-05 5.79802e-06 1.0128e-05 0.000282134 0.143343 1.75304e-06 2.38422e-06 0.849492 0.000904526 0.00366028 0.00201896 9.85182e-06 7.72292e-06 7.60398e-07 0.000211341 1.68789e-06 2.60852e-06 
6.44794e-05 1.86996e-06 7.46788e-07 0.0169807 0.00200328 0.00023238 0.00190263 1.61832e-06 0.0272505 0.944566 2.40305e-06 8.17141e-07 2.20511e-06 5.13063e-11 0.00576789 1.77371e-06 0.00122032 
8.23321e-08 1.49822e-11 2.61711e-11 1.44384e-08 0.00378864 2.08421e-08 6.16088e-12 3.90004e-08 8.92938e-09 0.99621 1.2808e-07 9.87773e-07 1.99562e-11 1.96489e-12 3.52043e-08 1.23e-07 6.74049e-12 
6.95786e-06 0.000508663 3.43404e-08 0.000169178 0.0873097 4.43133e-05 1.70469e-05 0.00264617 7.42655e-05 0.816593 0.000200295 2.8043e-05 1.01378e-07 2.559e-08 0.00756911 0.0838978 0.00093488 
2.4404e-07 6.08443e-07 1.06283e-06 0.00241816 0.00288768 1.83964e-07 0.00658047 0.547361 0.000660874 0.409363 0.00251426 1.03385e-06 8.1044e-07 7.97959e-08 0.0282098 1.77126e-07 2.73737e-07 
