0.000830666 0.302841 0.00259636 0.00808286 0.0193395 0.0143921 0.0036923 0.00579626 0.0100641 0.00107656 5.33487e-05 0.000542949 7.99199e-08 0.415356 0.188086 0.005626 0.0216241 
0.00224378 0.000628968 5.77621e-06 0.00227079 0.012233 0.0316029 0.00174909 0.0072905 0.0626913 0.000577864 0.000124069 0.000143818 1.96537e-08 0.870894 0.00594092 0.00158338 1.97643e-05 
0.00262538 0.00158985 2.35508e-06 0.0070594 0.00396844 0.33337 0.0680718 0.000993152 0.0514052 0.000459359 0.0112798 0.00275526 2.29643e-09 0.48425 0.017139 0.015023 7.6941e-06 
0.0159238 2.05335e-06 1.42386e-06 0.0450406 0.0448488 0.00582276 0.00592748 0.160142 0.335629 0.0089242 0.000967862 3.17951e-05 2.4553e-07 0.359731 0.00362505 0.0133813 1.81338e-07 
0.00375299 6.0382e-10 0.0147551 0.0132354 0.12455 0.00957139 3.41188e-06 0.00462842 0.193937 0.213579 7.97886e-05 0.00802586 8.04283e-10 0.400893 0.0111618 0.000948564 0.000879294 
0.00168168 0.0032173 1.32675e-06 0.0595132 0.000845465 0.000849106 0.028155 3.26209e-05 0.260766 1.05483e-07 0.0429237 0.000216432 1.3524e-05 0.566874 0.0348948 1.78147e-06 1.43205e-05 
0.0154102 0.000169877 0.00195568 0.0923397 0.0559745 0.0358472 0.00169648 0.0533791 0.256384 0.00913061 0.000354701 0.00114138 2.64507e-05 0.452181 0.0205241 0.0034387 4.62528e-05 
0.00213835 0.00299198 1.53495e-06 0.00721504 0.00967468 0.348656 0.00240783 0.000243397 0.197241 0.00440638 1.63383e-07 0.00393144 0.000996837 0.396863 0.0230237 9.47447e-05 0.000114335 
0.0028918 0.00252677 9.37105e-09 0.0323231 6.21143e-09 0.00197333 0.00457762 0.000172335 0.0780779 2.19097e-09 0.000263721 9.58759e-09 2.87524e-11 0.861746 0.0154066 4.11364e-05 1.77886e-08 
0.00275654 3.0148e-11 2.21628e-06 0.00630836 0.0778282 0.0207773 0.0124579 0.000637068 0.387614 0.000549842 5.88681e-05 0.000709231 3.02587e-08 0.484288 0.00286729 0.00314358 8.03964e-07 
0.00389188 0.000347211 0.00032706 0.00616364 0.134996 0.00340134 0.000730115 0.00766079 0.118021 0.319757 0.000411101 0.000391431 2.59917e-06 0.373756 0.0113981 0.0186515 9.45966e-05 
0.000733201 0.00174718 7.08396e-07 0.00152643 0.0115367 0.153842 0.00118039 0.022476 0.0667686 0.00101765 1.81196e-06 0.0102647 4.49447e-07 0.681051 0.0151296 0.0323694 0.000354545 
0.00561119 0.00750285 8.56496e-05 0.210442 0.0254345 0.135581 0.0877782 0.0027618 0.140355 0.00593165 0.000802748 0.00187571 0.000125356 0.322296 0.0512392 0.00204063 0.000136875 
0.0594845 1.15963e-05 7.38025e-08 0.00106988 0.117672 0.00504295 0.00499033 0.00834682 0.274072 5.67028e-06 3.79686e-06 0.00016296 1.51813e-07 0.528746 7.83656e-05 0.000313165 1.02109e-07 
0.00350391 0.111558 0.000218408 0.0331158 0.0278884 0.0683681 0.00881856 0.000918205 0.101665 0.00181494 0.00658518 0.00157742 1.45749e-07 0.4954 0.127657 0.0104026 0.000507811 
0.000512511 0.000304394 0.011305 9.92179e-05 0.0316837 0.0603001 0.00131799 0.0725483 0.151101 0.0125255 3.34942e-05 0.0270172 2.63431e-05 0.587855 0.00292973 0.0403847 5.54687e-05 
0.00518977 0.00322962 0.0077265 0.00841202 0.00942831 0.128591 0.00869605 0.00138251 0.318186 0.0206713 0.0175586 0.00255283 0.000134858 0.380312 0.0503219 0.0373592 0.000247714 
0.0172388 0.000403228 2.69161e-09 0.0148727 0.0701435 0.024103 0.00671362 0.00958066 0.0198514 0.00330721 0.0517395 6.38484e-05 2.05243e-09 0.563753 0.217294 0.000810688 0.000124787 
0.00273297 3.64882e-07 1.17468e-08 0.00901374 0.0115947 0.0565877 0.272016 3.37194e-07 0.289601 3.0799e-07 1.27447e-07 1.65727e-10 1.29915e-10 0.357173 0.000950691 9.99756e-08 0.000329482 
0.0338553 0.0185025 5.89301e-05 0.0129068 0.0903281 0.000882183 0.0102519 0.0357535 0.359841 0.00174144 0.000401355 0.000529856 2.50803e-11 0.380857 0.00258454 0.0514974 8.66716e-06 
0.0141592 0.000625733 0.002694 0.0222535 0.0389602 0.153681 0.01282 0.00118786 0.170102 0.0020666 0.00482433 0.000679548 1.79987e-06 0.416913 0.119629 0.00230314 0.0371003 
0.000166251 0.000244352 0.000156576 0.0121165 0.0136263 0.020317 0.0466832 0.00132862 0.00116759 0.0698329 1.3951e-05 0.00314745 0.0655602 0.469429 0.293321 0.0010555 0.00183394 
0.0171084 0.0068375 3.65846e-05 0.0370684 0.0962098 0.113082 0.0150325 0.133985 0.101566 0.0660834 0.000997887 0.0112445 6.35714e-06 0.26826 0.0849733 0.0474806 2.70859e-05 
0.118542 7.59888e-05 3.24883e-06 0.00577361 0.0245248 0.00101505 0.000346668 0.00192046 0.17704 0.213395 3.70946e-05 0.125403 7.30468e-09 0.31642 0.0136822 0.000934784 0.000886885 
0.0240776 0.000562769 4.15887e-05 0.00836001 0.101834 0.0952401 0.0255507 0.0124664 0.263211 0.0302406 0.000778654 0.00451508 1.09412e-05 0.410281 0.00789956 0.0107117 0.00421902 
0.000875509 2.37033e-05 1.4272e-05 0.00208268 0.0132428 0.0846195 0.000131929 0.0266931 0.294452 0.0264771 0.000690099 3.20295e-05 3.89164e-07 0.492464 0.0414643 0.0167257 1.10926e-05 
0.00224681 0.12944 6.49071e-05 0.0110448 0.0319699 0.0200489 0.00321699 0.00451452 0.0899423 0.00765887 5.20295e-05 0.00101828 1.45546e-06 0.647374 0.0400182 0.0111896 0.000198061 
0.154637 0.00118883 0.00147673 0.236653 0.0345 0.00683274 0.00289853 0.0042389 0.0737257 0.0453495 0.0340421 0.00148272 6.59801e-06 0.327093 0.0754649 0.00024495 0.000164487 
0.00455958 0.000476338 0.000532699 0.0141237 0.114304 0.0517205 0.0198538 0.0445862 0.180649 0.00174558 0.000478577 0.000110545 0.00335534 0.540842 0.00932898 0.0133338 1.77216e-07 
0.0167821 0.000644549 5.46454e-07 0.0584496 0.105984 0.0160347 0.00400126 0.00792914 0.180515 0.00510976 0.010476 0.00209334 3.24392e-05 0.469382 0.0457732 0.0766642 0.000128589 
1.50724e-05 5.55439e-05 5.48972e-08 0.000370589 0.0250254 0.25418 4.02899e-05 1.81756e-08 0.272029 0.120565 5.39694e-05 5.34002e-08 0.0155945 0.287881 0.0241769 7.94599e-06 4.32018e-06 
0.000845341 5.67167e-05 3.09947e-06 0.0042495 0.0415092 0.0270991 0.000373428 0.0141898 0.243153 0.221324 3.92865e-08 0.0009393 2.00928e-05 0.422967 0.0228423 9.19254e-05 0.000336209 
0.000707929 0.00771321 2.99847e-06 0.00273949 0.00326538 0.311553 0.00210603 0.000959748 0.0477229 0.000943492 8.88602e-07 0.00432439 7.11201e-08 0.570968 0.0314403 0.0154024 0.000149507 
0.0122356 1.07991e-06 6.20657e-05 0.00192098 0.0567263 0.0388599 8.43129e-05 0.0217876 0.247131 0.113761 0.000330028 0.000956572 1.51602e-07 0.493085 0.00670532 0.00628728 6.53206e-05 
0.039348 3.55962e-07 6.53981e-06 0.117939 0.0442752 0.00838148 0.000691941 0.00170911 0.38036 0.00118874 0.0018893 0.000691357 7.93858e-12 0.398916 0.00460217 8.85378e-09 8.51011e-09 
0.0621711 0.00263526 0.000428364 0.0440325 0.15515 0.0607233 0.0336627 0.0103101 0.205565 0.130001 0.00187912 0.00307338 0.00118963 0.239587 0.0306426 0.0182612 0.000688084 
0.0100224 0.0351764 1.47061e-05 0.0402335 0.0382309 0.0277002 0.00179593 0.0053677 0.334335 0.00152513 0.000645869 0.000257418 6.74592e-05 0.433915 0.0242938 0.0135864 0.0328322 
0.000803654 0.000474501 5.39249e-09 0.000812668 0.00579594 0.012591 0.00120349 0.00124924 0.0558717 0.000290197 2.21747e-06 0.000833688 2.75643e-10 0.907875 0.00515677 0.00699971 3.99175e-05 
0.00951853 0.00050067 3.90904e-06 0.169011 0.00496399 0.00983915 0.114523 0.000194042 0.236904 0.0018349 0.0770612 0.00104234 1.57384e-07 0.326103 0.048201 0.000286267 1.41158e-05 
0.00722344 0.0153281 0.00435329 0.0645923 0.0397377 0.128193 0.0284169 0.024535 0.200754 0.0227718 0.00170097 0.0103084 0.00217085 0.331655 0.102147 0.00774524 0.00836747 
0.0138567 0.00211941 0.000115932 0.00822006 0.0582998 0.314115 0.00550781 0.00362099 0.178033 0.0119268 7.44257e-07 0.000271608 6.6241e-07 0.369639 0.00532028 0.0289197 3.1963e-05 
0.00683486 0.000742166 0.00138118 0.0077377 0.0366744 0.0124874 0.00112462 0.0161093 0.0290826 0.00725222 0.0183606 0.122631 5.42671e-07 0.672218 0.0395961 0.010781 0.0169861 
0.000779875 0.000149647 0.0116676 0.00444354 0.00179962 0.131571 0.0340168 0.047609 0.0893357 0.00462477 7.59466e-05 0.000232388 1.91036e-05 0.670042 0.00333777 0.000263533 3.08283e-05 
0.00178956 6.59968e-05 4.18347e-07 0.209622 0.0141974 0.137057 0.013555 0.000146866 0.132019 0.0570214 0.00026082 0.0018598 3.69334e-06 0.287785 0.143215 0.00139746 3.06323e-06 
0.000447837 4.90939e-05 1.58901e-11 0.00385677 0.048387 0.192201 0.000589082 5.26095e-12 0.359517 0.00189101 0.00619144 0.00121745 1.21166e-11 0.381442 0.00101578 0.00316752 2.66133e-05 
0.00449923 0.00119665 2.92079e-05 0.0189267 0.0116159 0.021102 0.00830061 0.00127732 0.123067 0.00324544 0.00485793 0.00281081 6.5155e-05 0.777094 0.0110298 0.00365215 0.00723007 
0.00870598 0.0129795 6.53573e-06 0.000438703 0.00613076 0.169392 0.0032577 0.00412646 0.225251 0.0155993 1.05962e-05 0.000555603 1.62528e-05 0.524426 0.0278254 0.00104532 0.000233518 
0.00224378 0.000628968 5.77621e-06 0.00227079 0.012233 0.0316029 0.00174909 0.0072905 0.0626913 0.000577864 0.000124069 0.000143818 1.96537e-08 0.870894 0.00594092 0.00158338 1.97643e-05 
0.175355 0.201198 0.000208941 0.11281 0.0793862 0.0122775 0.00761819 0.00494972 0.015759 0.0291565 0.00210981 0.00658278 1.19218e-05 0.232981 0.105451 0.00198303 0.0121606 
0.000779547 0.000434502 0.000676479 0.00758014 0.000943323 0.000589243 0.000932151 0.0310317 0.0289579 0.000434431 0.000560311 2.87073e-05 1.42155e-08 0.884725 0.00909263 2.7011e-05 0.0332068 
0.00791336 0.00153501 7.97364e-06 0.0102782 0.0221192 0.233268 0.0120814 0.000696028 0.0992666 0.0325265 0.000459454 0.000332159 5.14078e-05 0.530082 0.0331174 0.0160566 0.00020945 
0.00764879 0.027417 0.00136395 0.0788658 0.0215309 0.0789966 0.0295234 0.00336138 0.287359 0.00268035 0.00728942 0.000514744 0.00150147 0.308277 0.138326 0.00359593 0.00174836 
7.73867e-06 1.57018e-09 2.69897e-08 0.000185599 0.00175951 0.00175124 0.000344226 0.00131966 0.0123152 0.00730615 3.58967e-05 4.82782e-06 0.000276771 0.969014 0.00558913 7.69285e-05 1.34748e-05 
0.0506129 0.000965702 0.0670392 0.0303812 0.0326662 0.0387662 0.0542744 0.00683208 0.136995 0.141369 0.000635415 0.00246098 0.000102908 0.315847 0.0763012 0.0389549 0.00579606 
0.000753351 0.128308 0.00197686 0.0106166 0.00918944 0.0364355 0.00224045 0.000947774 0.0153358 0.000861962 0.000552828 0.00194916 2.20486e-07 0.363936 0.361901 0.0202554 0.0447394 
0.00541622 0.00498502 9.46746e-06 0.0373209 0.0394402 0.18292 0.0151268 0.0166756 0.0410881 0.0013419 0.00053263 0.0112668 1.62609e-07 0.585311 0.053557 0.00463902 0.000369678 
0.0937883 0.00475202 2.46381e-05 0.019919 0.0146929 0.0133585 0.00700478 0.0549952 0.160613 0.0131196 0.00395414 3.52236e-06 7.75492e-11 0.60796 0.00573487 5.88785e-05 2.01758e-05 
0.0154317 0.00251252 0.00158608 0.0171075 0.0657994 0.080605 0.0767092 0.0199916 0.192129 0.0635813 0.000548607 0.0823025 1.54039e-07 0.289266 0.0876815 0.00215978 0.00258733 
0.145297 0.00602132 3.50171e-08 0.0102603 0.0904078 0.0286708 0.0133876 0.000186008 0.0616081 0.00130078 0.00143285 2.56584e-05 5.62204e-07 0.600012 0.041277 5.5452e-05 5.62728e-05 
0.00279445 0.0847515 8.12025e-06 0.0373481 0.00841695 0.0308735 0.0168315 0.00122238 0.051424 0.000688884 0.000250473 0.000348748 1.02084e-06 0.683455 0.0810167 0.000215916 0.000353112 
0.011186 0.000354405 2.83303e-05 0.0495267 0.0339421 0.0368788 0.00208978 0.00944466 0.135538 0.00753852 0.00555323 2.55876e-05 7.29552e-05 0.639308 0.0139072 0.0545832 2.26625e-05 
0.000529071 0.100653 0.00241449 0.0194172 0.0329947 0.0334854 0.00229209 0.00489035 0.076546 0.00623181 0.00107281 0.000664915 1.22796e-07 0.465361 0.238987 0.000991586 0.0134682 
0.000114192 0.00250709 2.83208e-05 0.0101496 0.00130427 0.0807067 0.00201986 4.20706e-05 0.124335 8.50553e-05 1.88657e-07 1.93128e-05 5.74394e-12 0.762451 0.0161501 1.2777e-05 7.44369e-05 
0.0166407 0.00030212 0.0101008 0.0852977 0.180702 0.0181374 0.0100768 0.0209695 0.184163 0.0363518 0.00697084 0.000239276 9.82811e-06 0.271219 0.0849065 0.0701615 0.00375255 
0.0181873 0.00018586 2.82179e-10 0.00695049 0.1369 0.144398 0.00967107 0.00177004 0.323809 0.00462558 0.00508633 0.00040023 9.62816e-07 0.34091 0.00672796 0.000377344 5.22174e-09 
0.00443286 0.00536962 0.00663967 0.00851941 0.0451177 0.0431147 0.0139914 0.00529555 0.338166 0.00212348 0.0131147 8.94183e-05 7.22823e-08 0.471671 0.00959515 0.0327132 4.52931e-05 
0.00212079 0.00447715 0.020862 0.0814255 0.0160717 0.0132199 0.0362562 0.00175785 0.113557 0.00430152 0.00570158 0.000193949 3.66581e-05 0.502066 0.194548 0.00104194 0.00236213 
0.225123 0.00143703 0.00101604 0.138934 0.0435761 0.0646318 0.0127424 0.0093147 0.156005 0.0492327 0.00442385 0.000870178 0.00101107 0.268368 0.0222203 0.00106061 3.27473e-05 
0.000532262 0.00253924 4.19002e-05 0.206737 0.000676131 0.0152039 0.0368703 5.00871e-05 0.166226 2.45511e-06 0.00140725 1.02112e-05 1.97207e-05 0.289098 0.214759 6.58214e-05 0.065761 
0.0205554 0.000165659 0.00206439 0.0792266 0.0152816 0.101237 0.25708 0.00165924 0.152879 0.00591698 0.0513025 0.00472908 1.45393e-06 0.264534 0.0410244 0.00230263 4.01605e-05 
0.000101851 0.0402181 0.00271367 0.251763 0.0087415 5.10144e-05 0.000109191 0.00268213 1.68211e-05 0.0358946 0.000141077 7.43149e-06 1.98683e-06 0.489984 0.157161 1.36497e-05 0.0103995 
0.0148674 0.0746341 5.76135e-06 0.00333223 0.0066659 0.00515259 0.000365 0.00686293 0.173818 0.000390052 0.000852509 0.00179329 1.4324e-12 0.665024 0.045547 0.000267012 0.000422233 
1.55696e-05 1.55627e-05 1.55541e-05 0.169737 1.55725e-05 0.163508 1.55695e-05 1.55676e-05 0.297463 1.55699e-05 1.55659e-05 1.55546e-05 1.55588e-05 0.36909 1.55716e-05 1.55709e-05 1.5569e-05 
0.0036781 0.00263623 1.1715e-05 0.00295928 0.0120525 0.00626725 0.00123836 0.00127737 0.245869 0.00347709 0.00123435 0.000439661 2.52906e-09 0.711781 0.00618393 0.000826441 6.69009e-05 
5.36153e-06 0.0367268 1.07856e-05 9.01399e-05 0.0942097 0.0196348 8.09623e-06 0.252407 0.0128033 0.131369 5.45009e-06 0.00430723 4.05305e-09 0.424512 0.02116 0.00274845 1.11612e-06 
0.0181873 0.00018586 2.82179e-10 0.00695049 0.1369 0.144398 0.00967107 0.00177004 0.323809 0.00462558 0.00508633 0.00040023 9.62816e-07 0.34091 0.00672796 0.000377344 5.22174e-09 
0.0290584 0.00047503 0.00266779 0.187193 0.0462197 0.0737563 0.011656 0.00559804 0.10546 0.00220527 0.00215406 0.000139667 1.40566e-05 0.308058 0.215973 0.000608347 0.00876328 
0.0114275 0.00947828 0.00267337 0.0180514 0.0376373 0.11632 0.0159759 0.00235836 0.165465 0.0046255 0.00270191 0.00250258 5.88027e-06 0.529592 0.0530981 0.0121559 0.0159309 
0.00161001 0.00117181 3.64167e-05 0.00114688 0.00122706 0.00195629 0.000374709 0.0224411 0.16967 0.000228248 0.000159525 7.22793e-06 3.29098e-12 0.794284 0.00558901 6.96149e-05 2.84767e-05 
0.0071302 0.00324421 0.000209519 0.00781629 0.103368 0.0101365 0.000805333 0.0882662 0.271672 0.00135373 3.86915e-05 6.53786e-05 4.99093e-10 0.44804 0.0347524 0.0197689 0.00333315 
0.0244834 0.00230779 0.000227601 0.0382825 0.0484267 0.0263079 0.0092074 0.0212226 0.262331 0.0143339 0.0058006 0.00917172 8.05315e-05 0.34742 0.164473 0.00966004 0.0162638 
0.0117724 0.000221835 1.9513e-05 0.00679264 0.125178 0.104844 0.000700546 0.0243631 0.28478 0.0443103 0.000241061 0.000543645 4.66033e-05 0.344578 0.0168333 0.0343079 0.000467875 
0.0211304 0.000278325 0.0260951 0.00763448 0.18055 0.0789114 0.0232263 0.00646962 0.0444156 0.000308391 0.000120847 0.000398411 3.14045e-06 0.459276 0.00649058 0.144688 4.20163e-06 
0.00486323 0.01863 0.0204552 0.0120469 0.0449449 0.179055 0.00228934 0.000317655 0.08526 0.0368181 0.00223905 0.138649 1.80237e-05 0.410681 0.024059 0.0171665 0.00250596 
0.00706053 0.0187314 0.00113064 0.0124579 0.0346027 0.026726 0.0149178 0.00649983 0.195323 0.00570482 0.00419592 0.00107198 0.000114614 0.572752 0.0567485 0.0363817 0.00558042 
0.0212381 0.000107241 0.00032779 0.0798733 0.0369847 0.0125026 0.0126487 5.16196e-08 0.318304 0.00656014 0.0196941 0.000756049 9.61429e-06 0.40889 0.00726624 0.0536021 0.0212352 
0.0185205 0.00606027 0.00313685 0.126262 0.0429474 0.0796316 0.0652206 0.00605587 0.221433 0.023423 0.0280685 0.00201908 0.000252773 0.257739 0.107012 0.00829816 0.00391888 
0.00751326 2.90742e-09 3.17783e-06 0.00239057 0.193873 0.0708122 0.123899 0.00083771 0.107138 1.04823e-05 9.65089e-05 0.000578725 8.84242e-08 0.486399 3.60797e-05 0.00641173 2.6041e-07 
0.00535092 0.00117686 0.000127743 0.0318965 0.0416608 0.0591573 0.0420748 0.0112105 0.196044 0.0295774 0.00475096 0.000811667 0.00303838 0.541028 0.0145058 0.0108678 0.00672042 
0.000713558 0.000150701 1.43238e-06 0.000607515 0.0241266 0.00142677 0.000884116 0.0189735 0.0297057 0.000201297 1.61198e-07 0.00275732 8.48232e-07 0.880704 0.00123294 0.0384851 2.79159e-05 
0.0451072 1.41527e-09 0.00529973 0.000164209 0.341056 0.0545701 0.00618653 0.0163283 0.0710314 0.0133589 0.000839981 1.08877e-07 1.47896e-07 0.366753 0.0636854 0.0155914 2.77983e-05 
0.0238925 0.000922748 0.00115686 0.0787333 0.0413574 0.0366601 0.00500638 0.0967656 0.0994268 0.000666889 0.0123171 0.0019776 5.33736e-06 0.36635 0.205915 0.00159167 0.0272546 
0.000713558 0.000150701 1.43238e-06 0.000607515 0.0241266 0.00142677 0.000884116 0.0189735 0.0297057 0.000201297 1.61198e-07 0.00275732 8.48232e-07 0.880704 0.00123294 0.0384851 2.79159e-05 
0.0193683 0.00187169 2.6104e-06 0.000304983 0.00451849 0.00655976 0.00121326 0.00590253 0.285337 0.0645253 0.00125841 0.0899835 4.20191e-06 0.515321 0.00376041 1.22376e-05 5.63287e-05 
7.73867e-06 1.57018e-09 2.69897e-08 0.000185599 0.00175951 0.00175124 0.000344226 0.00131966 0.0123152 0.00730615 3.58967e-05 4.82782e-06 0.000276771 0.969014 0.00558913 7.69285e-05 1.34748e-05 
0.00560826 0.00304399 0.0167451 0.0246928 0.0688353 0.0582161 0.0502494 0.0613384 0.170528 0.0936998 0.00404841 0.0233512 8.18101e-05 0.413958 0.00278147 0.00273016 9.16349e-05 
0.000779547 0.000434502 0.000676479 0.00758014 0.000943323 0.000589243 0.000932151 0.0310317 0.0289579 0.000434431 0.000560311 2.87073e-05 1.42155e-08 0.884725 0.00909263 2.7011e-05 0.0332068 
0.00142616 4.42597e-05 4.40769e-08 0.00567226 0.0520424 0.0334181 0.025535 0.00252054 0.278905 0.2545 0.00580974 0.000436941 1.9449e-09 0.33339 0.0039019 0.00233436 6.26513e-05 
0.0164033 0.0198374 1.41325e-05 0.119293 0.0300213 0.0879054 0.00832921 0.00625495 0.212042 0.0211798 0.0145935 0.00190687 0.000612335 0.383663 0.0700354 0.00712852 0.000780314 
0.00200451 0.00720261 0.00169932 0.0246206 0.0295842 0.120016 0.00396081 0.0203942 0.115426 0.00690705 0.000438274 0.00426304 4.71207e-08 0.561806 0.0459151 0.0544523 0.00130992 
0.00442008 0.00972374 0.000537176 0.0332422 0.0322625 0.0641648 0.00585843 0.0236533 0.0643978 0.00456016 0.00224514 0.00373127 2.90261e-05 0.630656 0.073062 0.00783224 0.0396246 
0.000779547 0.000434502 0.000676479 0.00758014 0.000943323 0.000589243 0.000932151 0.0310317 0.0289579 0.000434431 0.000560311 2.87073e-05 1.42155e-08 0.884725 0.00909263 2.7011e-05 0.0332068 
0.000800624 0.00318023 6.46915e-11 0.372901 6.09304e-09 0.0268999 0.0141436 2.14184e-11 0.061248 9.05989e-05 9.60802e-09 6.29274e-11 4.93292e-11 0.449864 0.0708724 7.36226e-09 2.4215e-08 
0.00331819 1.70258e-07 0.0081545 0.0378768 0.0230868 0.0427496 0.000811648 0.230524 0.124708 0.0564852 4.70353e-05 0.0121315 1.90747e-05 0.428274 0.00360169 0.0279424 0.000269704 
0.000602507 0.167694 2.67545e-06 0.118942 0.0210275 0.00691386 0.00457556 0.00114084 0.0325194 7.5558e-05 5.98303e-05 0.000494871 3.22017e-12 0.541559 0.102956 0.000257882 0.0011777 
0.013816 0.00812651 0.00637933 0.00303437 0.0277227 0.0586352 0.00225164 0.110147 0.0453875 0.117391 7.96699e-06 0.00185958 6.6076e-05 0.595595 0.00696788 0.00238874 0.000223538 
0.00604703 0.007517 4.3246e-05 0.0848715 0.0672861 0.189447 0.065501 0.00985801 0.0977167 0.0446845 0.0144117 0.00914847 5.51089e-07 0.310822 0.0397142 0.00280197 0.0501291 
0.000581537 0.00114988 0.000277911 0.00124429 0.0163212 0.11539 0.0049325 0.00918548 0.353973 0.00253145 2.63744e-08 5.1926e-06 2.77825e-07 0.467697 0.0265338 0.000177219 8.93165e-09 
0.000884859 0.00151662 0.000378982 0.010065 0.0142214 0.0624818 0.00481969 0.00908329 0.05497 0.00263217 1.65737e-05 0.000278591 4.93733e-09 0.798143 0.024844 0.0128008 0.00286295 
0.00210477 0.00928223 1.76548e-06 0.00598412 0.00927238 0.217439 0.00115172 0.0046226 0.0665644 0.00468994 0.00124413 0.052851 7.1992e-07 0.581094 0.0294498 0.0137226 0.000524826 
0.00413108 0.00155907 1.25878e-05 0.00793057 0.0301026 0.0162001 0.0588908 0.00530821 0.199582 0.000174504 2.73673e-05 0.000834613 2.52697e-06 0.666642 0.00203508 0.00654305 2.35562e-05 
0.0261987 0.00545677 0.000220359 0.0503822 0.0410716 0.173207 0.0465488 0.00402585 0.211051 0.025437 0.00737641 0.0130099 1.44467e-05 0.315696 0.069055 0.010347 0.000901454 
0.00184147 0.053264 5.79613e-06 0.0236713 0.00680219 0.0207063 0.0108459 0.000869264 0.0388002 0.000890257 0.000479164 0.000239296 1.16082e-06 0.766093 0.0751003 0.000131566 0.000258866 
0.0524522 0.000140098 1.25046e-08 0.0204746 0.10809 0.0405868 0.0741877 0.000201592 0.18175 0.0723088 0.00553654 0.0149725 0.00324267 0.253624 0.169981 0.00162605 0.000826172 
0.000223268 1.63826e-05 3.02727e-05 0.0427564 0.0107119 0.0018632 0.00551558 0.0105995 0.107271 0.000699851 0.0747449 0.000444072 9.90462e-05 0.646219 0.0749387 3.98918e-05 0.0238268 
0.0131682 0.00323391 6.80396e-05 0.0451525 0.0373469 0.0582859 0.0734976 0.00318356 0.315846 0.00612827 0.00851134 0.0012626 0.00011529 0.388494 0.0386445 0.00638505 0.00067603 
0.0120732 0.000234144 4.06135e-07 0.149143 0.146407 0.0506578 0.027694 5.75036e-05 0.210916 0.00712295 0.0258065 0.00847 4.14132e-05 0.340884 0.0204756 1.73163e-05 6.20284e-08 
0.0106227 1.95953e-08 8.77503e-07 0.132455 0.223192 0.0426198 0.0467835 8.03801e-08 0.059379 0.000830753 0.0361519 1.01925e-07 0.000306063 0.421222 0.0264352 1.09528e-07 2.21598e-07 
0.164374 0.00205005 1.24469e-07 0.00926844 0.250837 0.0420931 0.0075392 0.0485571 0.156383 0.00761795 0.0033555 0.00416752 6.95877e-09 0.251472 0.0307275 0.0215509 6.20438e-06 
0.0163594 0.0021812 0.0923289 0.0706786 0.0101201 0.00403616 0.0903356 0.000916738 0.204972 0.00493379 0.00585146 7.93107e-05 5.88466e-07 0.491728 0.00369904 0.000482204 0.00129707 
0.0295734 2.84051e-07 0.00716254 0.0314661 0.0173425 0.0313275 6.11692e-06 0.0222913 0.0391574 0.00107999 0.00252992 7.35743e-05 7.40186e-09 0.662371 0.154433 0.0011548 2.99532e-05 
1.6216e-09 4.12425e-05 7.06231e-09 8.52053e-05 0.043349 0.000465861 0.000226105 3.81153e-05 0.000214266 0.12537 1.44028e-05 7.56356e-06 5.38523e-09 0.83005 9.17347e-05 1.13001e-05 3.5471e-05 
0.00951914 0.000485002 0.000731008 0.00765047 0.0971128 0.0197033 0.004604 0.00625506 0.121454 0.0258022 0.00137539 0.0227594 9.28249e-05 0.329153 0.274985 0.00592488 0.0723926 
0.00903705 7.89498e-05 0.000115912 0.00999056 0.0873668 0.00503498 0.00318236 0.0140364 0.187707 0.0381566 0.0100266 0.00185025 1.85331e-05 0.563823 0.0225991 0.0354369 0.011539 
0.0252154 0.00868933 6.28931e-05 0.140437 0.0770285 0.012623 0.00511241 0.0159354 0.171596 0.0754417 0.0105155 0.00607797 8.77668e-07 0.362759 0.0520387 0.0362299 0.000236621 
0.00974196 0.00301958 0.000436019 0.00646381 0.0291674 0.0910461 0.00309542 0.00885267 0.0630361 0.0118278 0.00537443 0.00190542 9.2164e-08 0.699715 0.0213984 0.0447711 0.000148614 
0.0191801 0.00116793 0.000341795 0.00978553 0.0654863 0.245368 0.0223785 0.00192959 0.12104 0.101383 0.00607501 0.00326238 0.000163668 0.359806 0.0291656 0.0134524 1.45168e-05 
0.000779547 0.000434502 0.000676479 0.00758014 0.000943323 0.000589243 0.000932151 0.0310317 0.0289579 0.000434431 0.000560311 2.87073e-05 1.42155e-08 0.884725 0.00909263 2.7011e-05 0.0332068 
0.000668465 0.00117388 7.49869e-06 0.00241127 0.0138139 0.0406793 0.000660587 0.01195 0.0445735 0.0004603 5.05058e-06 0.000150269 3.53855e-08 0.871424 0.00990408 0.00208068 3.68745e-05 
0.0210101 0.00313546 0.000109364 0.0403932 0.0320757 0.070941 0.0191231 0.000940589 0.186869 0.00109683 0.00415606 0.00102429 1.02003e-07 0.512626 0.105787 0.000672159 4.03764e-05 
0.0687349 6.55908e-06 0.000499908 0.000297632 4.60403e-07 0.0033713 0.00267278 0.0764015 0.340232 0.00858811 0.00011713 1.75422e-08 7.11242e-11 0.442172 0.00574997 0.0511556 7.66234e-09 
0.000908918 1.03145e-07 9.03143e-11 0.00301296 0.0464066 0.166777 0.0109051 5.08814e-05 0.0414601 0.00011634 3.68296e-11 9.66018e-08 3.7018e-08 0.656228 0.0101975 0.0639366 1.07205e-08 
0.00247112 1.20042e-06 0.000100888 0.0627541 0.00514407 0.0432067 0.298432 0.00540369 0.0262209 0.00205355 0.00468899 3.14496e-05 2.70503e-08 0.522608 0.0185199 8.7585e-05 0.0082759 
0.00974814 0.231879 0.000143771 0.00572811 0.0424351 0.033821 0.0156718 0.00148599 0.0141172 0.000256052 0.000419627 0.00187408 1.55111e-06 0.350577 0.198556 0.0924208 0.000864777 
0.0123929 0.00844936 0.00463131 0.0315338 0.0328177 0.0416087 0.0242913 0.00471149 0.326223 0.00802995 0.00321565 0.00131599 0.000958664 0.360494 0.122576 0.0129003 0.00384923 
0.00687081 0.000212112 8.2683e-06 0.00449705 0.0173507 0.0672842 0.0134769 0.00198617 0.191639 0.000481072 0.00097694 1.20623e-05 9.47585e-08 0.692795 0.00185727 0.000549108 3.1783e-06 
0.000727699 0.000217952 2.77768e-05 0.00498308 0.00333904 0.0823123 0.00995329 0.00107359 0.0963388 0.00532238 0.000197403 0.00069639 9.76307e-08 0.736858 0.0558719 0.00201131 6.92964e-05 
0.000979576 0.00110652 0.000240868 0.00600321 0.0267553 0.0714003 0.00755603 0.0195429 0.0442433 0.000355848 7.16147e-06 0.000469981 4.67625e-12 0.577434 0.0896145 0.151544 0.00274699 
0.00160511 0.00235603 0.00337367 0.0768116 0.0181334 0.0981942 0.0409693 0.033945 0.103721 0.000156206 0.00093664 9.53962e-05 8.23654e-12 0.387114 0.226367 0.00332082 0.00290035 
0.0101918 0.00276435 0.00257861 0.0427945 0.0703329 0.11591 0.0602324 0.0262431 0.0644936 0.00979432 0.00720723 0.000652206 2.01717e-08 0.287792 0.241536 0.0222009 0.0352758 
0.000900037 0.00315892 4.43353e-05 0.0661464 0.143104 0.129628 0.125356 0.00235381 0.183644 0.0685242 0.00010847 0.000174598 4.09973e-10 0.198488 0.0777418 0.000618801 8.97142e-06 
0.00453713 0.0112637 1.90412e-05 0.0230172 0.0239861 0.0465343 0.000998835 0.0299699 0.0281611 2.73732e-06 0.00265624 8.30688e-06 4.55601e-09 0.822085 0.00336781 0.00337042 2.23853e-05 
0.000713558 0.000150701 1.43238e-06 0.000607515 0.0241266 0.00142677 0.000884116 0.0189735 0.0297057 0.000201297 1.61198e-07 0.00275732 8.48232e-07 0.880704 0.00123294 0.0384851 2.79159e-05 
0.00654172 0.00073024 0.000120666 0.0347817 0.0367711 0.00802407 0.00919514 0.0152333 0.281064 0.0139396 0.000830516 0.00646354 1.00922e-05 0.437554 0.131876 0.00768165 0.00918246 
0.000713558 0.000150701 1.43238e-06 0.000607515 0.0241266 0.00142677 0.000884116 0.0189735 0.0297057 0.000201297 1.61198e-07 0.00275732 8.48232e-07 0.880704 0.00123294 0.0384851 2.79159e-05 
0.000602507 0.167694 2.67545e-06 0.118942 0.0210275 0.00691386 0.00457556 0.00114084 0.0325194 7.5558e-05 5.98303e-05 0.000494871 3.22017e-12 0.541559 0.102956 0.000257882 0.0011777 
0.0159313 0.00227053 4.20245e-05 0.163324 0.0551391 0.0260571 0.0424838 0.0127152 0.13427 0.0101019 0.000579925 0.00424352 4.56971e-06 0.477546 0.0323904 0.0228373 6.39419e-05 
0.000389453 5.21289e-06 1.00114e-06 0.00444764 0.037962 0.000414506 0.000500415 0.0192534 0.131838 0.000452509 1.46635e-06 0.000549458 2.30352e-07 0.797835 0.00160818 0.00473928 2.80212e-06 
0.00410761 0.0023506 1.32967e-05 0.000618426 0.0243073 0.00911904 0.000570349 0.00243054 0.27698 0.00744906 0.000369138 0.000922862 4.01146e-10 0.66219 0.0068639 0.00162022 8.79478e-05 
0.00224378 0.000628968 5.77621e-06 0.00227079 0.012233 0.0316029 0.00174909 0.0072905 0.0626913 0.000577864 0.000124069 0.000143818 1.96537e-08 0.870894 0.00594092 0.00158338 1.97643e-05 
0.000800624 0.00318023 6.46915e-11 0.372901 6.09304e-09 0.0268999 0.0141436 2.14184e-11 0.061248 9.05989e-05 9.60802e-09 6.29274e-11 4.93292e-11 0.449864 0.0708724 7.36226e-09 2.4215e-08 
0.00774037 0.00323589 0.000105756 0.092126 0.0211988 0.152662 0.0927499 0.00400025 0.212234 0.00455512 0.00981414 0.000243204 1.69867e-05 0.325839 0.063347 0.010082 4.92549e-05 
0.025335 0.0092291 0.000333524 0.0172323 0.0489917 0.0579543 0.0178875 0.00322225 0.110678 0.0100032 0.00127928 0.00012114 1.82066e-06 0.64673 0.0407508 0.00224382 0.00800546 
0.000512511 0.000304394 0.011305 9.92179e-05 0.0316837 0.0603001 0.00131799 0.0725483 0.151101 0.0125255 3.34942e-05 0.0270172 2.63431e-05 0.587855 0.00292973 0.0403847 5.54687e-05 
0.039348 3.55962e-07 6.53981e-06 0.117939 0.0442752 0.00838148 0.000691941 0.00170911 0.38036 0.00118874 0.0018893 0.000691357 7.93858e-12 0.398916 0.00460217 8.85378e-09 8.51011e-09 
0.000998983 2.07633e-08 3.62694e-08 0.00021763 0.00254524 0.0648706 0.00177842 1.20082e-08 0.146875 5.18354e-05 0.000457395 0.000851414 1.0138e-05 0.779047 0.00208046 0.000213586 2.9364e-06 
0.0667373 0.00198518 0.000127928 0.0617342 0.223399 0.0223859 0.00684459 0.00460735 0.21997 0.027665 0.02099 0.00581471 0.00462709 0.292463 0.0311186 0.0094702 6.0441e-05 
0.00376612 0.00136361 1.91992e-07 0.000772623 0.0200824 0.00299823 0.000695243 0.00307713 0.01176 0.0851461 6.61178e-07 1.962e-07 2.90424e-06 0.862046 0.00825585 9.87053e-08 3.25538e-05 
0.110806 0.000235924 0.0046195 0.0502184 0.0104135 0.0623912 0.0790843 0.00160595 0.0697822 0.0275496 0.0791373 0.0128358 0.000822391 0.252629 0.235698 0.000798446 0.00137151 
0.0094755 0.00164713 0.00167788 0.0163484 0.00163181 0.00293292 0.000472686 0.0716879 0.147076 0.000607389 0.00179521 9.59547e-06 4.34608e-12 0.723353 0.0207182 0.000541125 2.50718e-05 
0.00827203 0.00134463 0.00259362 0.0236391 0.046177 0.0410508 0.00123608 0.0150806 0.195514 0.164253 0.00446789 0.00196274 1.76022e-06 0.44882 0.0383059 0.00645706 0.000824276 
0.000581537 0.00114988 0.000277911 0.00124429 0.0163212 0.11539 0.0049325 0.00918548 0.353973 0.00253145 2.63744e-08 5.1926e-06 2.77825e-07 0.467697 0.0265338 0.000177219 8.93165e-09 
0.00046228 1.02408e-08 4.2235e-07 0.000302417 0.00140671 0.0239826 0.000718148 0.000149707 0.0504047 0.00229325 8.00083e-06 7.39304e-05 4.79963e-10 0.919228 0.00096502 3.76566e-06 6.80897e-07 
0.00175389 0.00180965 5.27973e-06 0.00363522 0.0220428 0.0167705 0.000256818 0.0206909 0.0490112 0.00122115 0.000233374 0.00064788 3.65906e-08 0.870895 0.00343433 0.00753338 5.82442e-05 
0.00696831 8.67188e-12 3.63706e-08 4.3235e-07 5.39989e-07 6.95343e-07 0.00585279 1.87075e-07 0.0922059 0.000638869 8.03113e-08 2.60824e-07 1.15509e-11 0.894332 1.10025e-07 8.73505e-08 3.90147e-12 
0.112421 0.00143161 3.08609e-05 0.0520369 0.0566537 0.0214065 0.00762933 0.0131201 0.1999 0.00202456 0.00466581 0.000738506 5.45118e-08 0.46877 0.0590588 8.10671e-05 3.14392e-05 
0.01457 0.00184012 1.86858e-05 0.0258786 0.0191463 0.167776 0.0183529 0.00473674 0.0925235 0.0364582 0.00345768 0.0052168 5.59604e-07 0.602893 0.00492206 0.00212204 8.65265e-05 
0.00230452 5.88731e-10 2.15406e-07 0.259695 2.6333e-07 0.0157264 2.74038e-05 3.40487e-10 0.0281519 0.054482 0.000181411 0.00124068 7.84185e-10 0.637337 0.00085239 1.71388e-10 2.64869e-10 
0.00542964 0.00148995 0.00324521 0.170778 0.00385511 0.0335558 0.00819816 0.000791061 0.0264596 0.000488225 0.000190167 0.000118838 3.15373e-06 0.607518 0.136371 0.000520209 0.00098775 
0.212215 0.0148558 1.51053e-05 0.00479041 0.0678566 0.0130465 0.0069487 0.00227388 0.096095 0.015876 0.0464965 6.77956e-05 6.57794e-07 0.436157 0.0682588 0.0146875 0.000358764 
0.000321536 0.00114089 9.28059e-07 0.00165369 0.00430372 0.0174191 0.00093202 0.000626668 0.0428699 0.000253799 8.95442e-07 0.000494013 4.62142e-10 0.920276 0.00635818 0.00327429 7.4018e-05 
0.00046228 1.02408e-08 4.2235e-07 0.000302417 0.00140671 0.0239826 0.000718148 0.000149707 0.0504047 0.00229325 8.00083e-06 7.39304e-05 4.79963e-10 0.919228 0.00096502 3.76566e-06 6.80897e-07 
0.00338814 0.0228983 2.75584e-06 0.00206205 0.00273525 0.00305474 0.00010233 0.00145069 0.0383713 3.14195e-05 5.82347e-05 0.000732072 2.60576e-07 0.899947 0.0250406 5.47953e-05 7.04756e-05 
0.00297389 0.0011837 1.85217e-05 0.00655396 0.0423197 0.0722232 0.00555092 0.00662847 0.213104 0.0789511 0.00254317 0.0019999 9.9923e-05 0.512562 0.0262729 0.0268204 0.00019447 
0.020792 0.00101104 5.01372e-07 0.0623723 0.117365 0.0363883 0.00995055 0.00319253 0.221767 0.105935 8.01511e-05 0.00404743 4.42776e-07 0.369789 0.0197664 0.0275397 1.20812e-06 
0.000329282 0.0222676 1.76407e-07 0.00138812 0.00202157 0.342031 0.000995613 0.0007756 0.0165337 0.000106231 7.07887e-07 0.0135051 1.21534e-07 0.569955 0.014551 0.0154599 7.94785e-05 
0.00390133 0.000283001 0.00211241 0.01057 0.0189172 0.100184 0.0150668 0.00572167 0.323851 0.00070178 0.00109401 0.0023458 6.32328e-06 0.449319 0.0114679 0.0544462 1.10922e-05 
0.000588401 7.57527e-07 1.80996e-08 0.0188979 0.0112983 0.0722993 0.00252943 4.00164e-05 0.037181 0.000171045 1.14326e-06 4.72394e-10 3.70313e-10 0.839991 0.0170017 4.5214e-07 1.25078e-10 
0.050522 0.000737096 6.50398e-05 0.100244 0.0870917 0.106863 0.0517302 0.00310296 0.0857779 0.0142538 0.00146709 6.34596e-05 1.07269e-07 0.409169 0.0669324 0.0177242 0.00425649 
0.000602507 0.167694 2.67545e-06 0.118942 0.0210275 0.00691386 0.00457556 0.00114084 0.0325194 7.5558e-05 5.98303e-05 0.000494871 3.22017e-12 0.541559 0.102956 0.000257882 0.0011777 
0.0572446 0.000149414 0.00215453 0.0973128 0.0341261 0.0577785 0.0184344 0.00120129 0.132046 0.000544757 0.0100532 0.000817697 1.46732e-10 0.565684 0.0224445 4.70998e-07 8.02183e-06 
0.000713369 0.0405245 4.70879e-05 0.00065347 0.00156511 0.0503568 0.00356468 0.000529868 0.0576177 0.214095 1.69468e-05 0.00886806 1.18917e-06 0.556119 0.0633649 0.00100744 0.000954742 
0.0235892 0.0180059 0.0210236 0.0400227 0.0654513 0.0312091 0.00809539 0.00296819 0.204689 0.0225694 0.00698069 0.00118572 6.54359e-06 0.366807 0.160466 0.0245129 0.00241724 
0.00371325 0.000488664 0.000505789 0.0215337 0.0331789 0.0370628 0.0122407 0.0112997 0.13829 0.00214545 0.000189856 0.000549026 2.80838e-07 0.68466 0.0271541 0.0262021 0.000785029 
0.000845649 0.0148767 0.000720595 0.00334036 0.122593 0.0903258 0.00384435 0.0244088 0.176761 0.0105501 7.70876e-06 0.000106704 3.07031e-09 0.373261 0.0868862 0.0893167 0.00215511 
0.00368506 0.0938828 8.72276e-10 0.0635436 0.00670172 0.0416132 0.00142047 6.72791e-08 0.201652 0.00617417 4.35716e-05 0.000231188 5.48697e-05 0.566057 0.0148473 1.4537e-10 9.33936e-05 
0.00119648 2.59434e-08 2.73349e-08 0.000869216 0.0372118 0.000974896 0.000132232 0.00508956 0.124648 0.00163531 8.72769e-09 0.000970086 1.71574e-08 0.819051 0.000661292 0.00754243 1.70007e-05 
0.00416344 2.00303e-05 1.91342e-05 0.000443004 0.134496 0.158565 0.000253256 0.00815302 0.0385069 0.0591248 0.000767172 0.000389331 0.000149369 0.574822 0.00232864 0.0176419 0.000157322 
0.00247302 0.00069861 0.000787672 0.0426074 0.00237049 0.0982475 0.00502494 0.0182943 0.0991209 0.00161369 0.000133001 0.000191512 6.1278e-09 0.693895 0.0341208 0.000307324 0.000113407 
0.000791676 1.9629e-05 1.57297e-05 0.00864896 0.0283029 0.0166642 0.00190407 0.0305951 0.162247 0.00272193 6.47301e-06 0.00139492 2.51341e-06 0.737654 0.00386621 0.00515033 1.41385e-05 
0.000749436 0.0116073 0.00163655 0.0123975 0.0212556 0.116894 0.00147199 0.0442779 0.0935256 0.0534972 0.000133173 0.000445473 1.36317e-08 0.386898 0.246169 0.000295354 0.00874651 
0.0373256 3.10647e-07 0.00235992 0.0517809 0.281125 0.02645 0.0342485 0.0190489 0.0795482 0.0389735 3.10711e-07 0.0398665 3.10569e-07 0.348212 0.0283476 0.0127124 3.10773e-07 
0.00688673 0.00252314 2.35508e-06 0.00737552 0.018156 0.218154 0.0185527 0.00136579 0.0443273 0.000253325 0.00509128 0.00421595 2.35145e-09 0.635991 0.0212216 0.0158574 2.51128e-05 
0.000953416 2.25455e-10 3.93826e-10 2.09067e-07 0.0492223 0.0101582 0.0205154 1.30389e-10 0.0747521 5.95478e-07 1.79784e-06 1.87619e-06 3.00304e-10 0.844391 5.04484e-11 3.28745e-06 1.01432e-10 
0.000713558 0.000150701 1.43238e-06 0.000607515 0.0241266 0.00142677 0.000884116 0.0189735 0.0297057 0.000201297 1.61198e-07 0.00275732 8.48232e-07 0.880704 0.00123294 0.0384851 2.79159e-05 
0.0113408 2.04355e-05 7.55505e-05 0.0817571 0.156126 0.0317548 0.0235984 0.0099286 0.1862 0.0141013 0.0043755 0.00060855 2.29156e-08 0.244974 0.21362 0.0122294 0.00928963 
0.0419028 3.8208e-06 0.000116821 0.0343508 0.231348 0.00994034 0.0150117 0.00752532 0.130252 6.66482e-05 0.0013016 0.000260493 2.76297e-08 0.267673 0.259923 0.000286157 3.73794e-05 
0.000755283 0.00258994 0.00117641 0.00799308 0.0208315 0.132131 0.00311548 0.0340957 0.0607411 0.000310342 1.53037e-06 0.0109424 9.02728e-13 0.556382 0.0794603 0.0745203 0.0149538 
0.00538766 0.00570902 8.27366e-05 0.0583019 0.0169082 0.0234184 0.0162239 0.00484301 0.108476 0.00411422 0.00695996 0.00220996 3.24476e-06 0.71283 0.025227 0.00927164 3.25571e-05 
0.00132462 0.0205404 0.00172915 0.0765693 0.00595416 0.204688 0.00231267 0.00160929 0.0754633 0.00183721 0.000435875 0.00336318 1.03065e-05 0.295548 0.271964 0.00673941 0.0299108 
0.00528546 4.09803e-09 9.69264e-05 0.00200944 0.00942653 0.0185307 0.00198588 0.00571147 0.375834 0.0226387 3.83071e-05 0.0010461 4.03246e-05 0.549339 0.00747229 0.000522149 2.2024e-05 
0.0094755 0.00164713 0.00167788 0.0163484 0.00163181 0.00293292 0.000472686 0.0716879 0.147076 0.000607389 0.00179521 9.59547e-06 4.34608e-12 0.723353 0.0207182 0.000541125 2.50718e-05 
0.0330706 0.00037556 0.00091136 0.0285112 0.0906509 0.0247474 0.012993 0.00683976 0.247639 0.0892164 0.0210676 5.6425e-05 2.01606e-07 0.426265 0.0176225 6.68368e-07 3.23882e-05 
0.00220772 0.00566159 5.88377e-06 0.0166185 0.00773855 0.0280939 0.00519694 0.0037367 0.0578789 0.0012366 0.00092475 0.000305003 1.37049e-06 0.816752 0.0392518 0.0143185 7.137e-05 
0.000323161 2.22488e-05 4.66932e-06 0.00160645 0.00147219 0.174352 0.0016158 0.000513472 0.189796 0.00361996 5.4875e-05 0.000491456 6.84667e-07 0.621849 0.00392353 0.00034881 5.03848e-06 
0.151352 4.18557e-05 4.90619e-05 0.127071 0.00324615 0.0042598 0.000332851 0.000867268 0.155759 0.000725246 0.188567 0.00784446 3.69275e-10 0.358291 0.00158971 5.1582e-07 2.77177e-06 
0.000779547 0.000434502 0.000676479 0.00758014 0.000943323 0.000589243 0.000932151 0.0310317 0.0289579 0.000434431 0.000560311 2.87073e-05 1.42155e-08 0.884725 0.00909263 2.7011e-05 0.0332068 
0.0549765 3.8714e-05 1.62105e-05 0.0100467 0.0468628 0.0200841 0.0526543 0.016393 0.386033 0.00595186 3.98351e-06 0.000135837 1.14824e-06 0.399372 0.00670137 0.000666567 6.09309e-05 
0.0532171 0.00236347 0.00112889 0.0241199 0.080428 0.0722943 0.0336272 0.00223827 0.149054 0.0511846 0.0110832 0.165757 0.000729069 0.331912 0.0181114 0.00251376 0.000236922 
0.000483236 0.000207126 1.85091e-05 0.00988304 0.0109402 0.00953613 0.00165342 0.0587986 0.115917 0.00178846 5.89411e-05 0.000559551 9.0059e-07 0.779494 0.0079098 0.00265348 9.80659e-05 
0.000713558 0.000150701 1.43238e-06 0.000607515 0.0241266 0.00142677 0.000884116 0.0189735 0.0297057 0.000201297 1.61198e-07 0.00275732 8.48232e-07 0.880704 0.00123294 0.0384851 2.79159e-05 
0.0775049 0.042485 5.80333e-05 0.0302066 0.134909 0.024188 0.0168768 0.000834585 0.0382614 0.116853 0.00603008 0.0287986 7.77147e-05 0.26015 0.167374 0.0550114 0.000380356 
0.00219212 0.000350254 0.000194007 0.00175872 0.0600484 0.0229207 0.000563999 0.281173 0.0185691 0.236209 4.00291e-05 0.000149815 6.25105e-09 0.282322 0.0878857 0.0045494 0.00107401 
0.0262829 0.0014904 0.0135961 0.0914088 0.0698546 0.0430112 0.00378729 0.00725046 0.202198 0.0150202 0.0103819 0.000523283 2.21413e-05 0.32007 0.132264 0.0235397 0.0392998 
0.00999292 0.00748654 0.00910378 0.0230838 0.0071057 0.0410834 0.000470144 0.0381981 0.0261296 0.00531842 0.00320941 0.000423085 4.67842e-07 0.777894 0.0464611 0.00402849 1.10899e-05 
0.0113854 0.00012913 0.0157808 0.00653434 0.0318728 0.123845 0.0250207 0.0543178 0.108236 0.119266 0.0110412 0.000935045 3.57351e-05 0.446821 0.0265879 0.000474767 0.0177162 
0.0377696 0.000962073 0.0026874 0.00292633 0.00863582 0.0245313 0.0126732 0.0199242 0.132379 0.0115324 0.000819599 0.000536346 3.69597e-06 0.713303 0.00625767 0.0250078 5.02152e-05 
0.00127182 0.0022131 0.0025944 0.00487564 0.0211456 0.0721402 0.00361771 0.0773146 0.0729419 0.147022 1.27246e-05 0.00289697 0.000105881 0.576454 0.0111971 0.00383771 0.000358945 
0.000306421 0.127859 1.8919e-08 0.00497914 0.00149868 0.280865 0.000193083 0.000274383 0.0628121 0.000333015 2.26676e-06 0.00275547 1.80778e-07 0.413589 0.103804 9.95155e-05 0.000628782 
