0.0250177 0.000939141 0.0004425 0.000657091 0.0646465 3.22748e-07 1.75437e-05 0.00530631 1.06421e-07 0.0172821 0.00125845 0.00232952 2.3979e-11 0.00151108 0.808949 0.0175878 0.0540551 
0.000557487 0.000181172 0.00044066 0.260018 0.00304189 0.0812821 0.0660424 0.00114046 0.210758 0.00173193 0.0172307 1.77568e-09 8.66026e-07 0.0103637 0.347186 2.40416e-05 3.60571e-09 
0.000426233 0.000429531 0.00150767 0.0121033 0.036944 0.0359238 0.0550265 0.0454764 0.0800393 0.0346882 1.9925e-05 0.00106032 2.06429e-08 0.0680468 0.615869 0.00921831 0.00322098 
5.60632e-06 1.0724e-11 7.78926e-07 0.00956645 2.77514e-08 0.00690795 6.50306e-05 9.25819e-08 0.202529 7.49628e-07 0.0100602 6.97827e-05 1.42843e-11 0.00446814 0.766322 2.21666e-06 2.31471e-06 
0.00986496 0.00474642 0.000517943 0.0100084 0.0130755 0.124694 0.0104436 0.00352971 0.0796142 0.170774 0.00783917 0.00168853 5.27945e-06 0.0380861 0.379245 0.00760503 0.138262 
0.134183 0.00679295 0.0210947 0.00355835 0.128748 0.084068 0.032207 0.00067147 0.16346 0.136032 0.00703251 0.0109165 3.76221e-05 0.0265702 0.237767 0.0059943 0.000867766 
0.00596309 0.000136565 0.00394261 0.0079505 0.0395306 0.0035776 0.000294923 0.00923227 0.00639491 0.00164011 0.00167085 0.00119375 1.28439e-11 0.0161594 0.871214 0.0153543 0.0157449 
0.000361673 0.00125262 0.0195441 0.0250633 0.00513225 0.0288381 0.00168571 4.07362e-05 0.111349 0.0203829 0.00846832 0.00108578 1.28844e-05 0.0378856 0.699152 0.00302224 0.0367226 
0.0332813 0.00213642 4.08078e-05 0.0118843 0.0444054 0.0115763 0.0197424 0.0135406 0.164672 0.0339226 0.00115194 0.0139903 0.00151957 0.273538 0.331979 0.0159072 0.0267122 
0.00188523 0.0292106 6.70285e-05 0.00613454 0.0396035 0.00355932 0.0157183 0.0024346 0.0412856 0.15695 9.9061e-06 0.0040547 1.23372e-05 0.100677 0.589853 0.000227541 0.00831605 
0.0483981 0.00549743 1.27344e-08 0.0034767 0.118862 0.0107028 0.000343244 0.00469757 0.075652 0.191354 0.0758831 0.00179399 5.78996e-07 0.0155465 0.314536 0.133255 1.82667e-06 
0.00750766 0.000129723 0.00743935 0.0997714 0.0267345 0.00348094 0.000206463 0.00446277 0.0116603 0.0243578 0.00132346 0.00217303 6.39004e-11 0.0156478 0.763601 0.00739267 0.0241107 
0.000706281 0.190507 0.000341382 0.0789469 0.000417307 0.0195365 4.0826e-07 0.220774 0.0392282 0.00027141 6.53284e-05 9.20323e-05 2.53511e-09 0.0443903 0.3801 0.00296628 0.0216573 
0.0273939 0.000408408 0.0108133 0.0699148 0.0101964 0.00805852 0.00560731 0.000463778 0.336918 2.06773e-05 0.0660312 1.13126e-05 1.09846e-08 0.092553 0.36713 0.00446582 1.35576e-05 
0.0102131 0.00223867 0.0013385 0.196268 0.00897359 0.00720402 0.00546112 0.000953965 0.196487 0.0349651 0.0171085 0.001623 1.29396e-06 0.0738503 0.441439 0.00147368 0.000400839 
0.00520011 0.000329979 9.75426e-07 0.0276525 0.000919457 0.00319431 0.00305364 0.000549397 0.0564132 0.00400071 0.0102276 0.00321704 1.77821e-08 0.0680729 0.811925 5.12664e-06 0.00523805 
0.00364113 1.6588e-05 0.0349787 0.0090961 1.01238e-05 0.0124512 5.10016e-06 1.90923e-05 0.319981 0.0238144 6.32241e-05 0.0442844 1.1769e-06 0.152587 0.399045 3.7168e-06 1.30445e-06 
0.00099216 0.00545234 8.61382e-10 0.00132739 0.00712079 0.000957581 8.99454e-05 0.000380776 0.00799287 0.0103948 3.53527e-05 0.00595397 0.00446504 0.00190924 0.82678 0.00259339 0.123555 
0.00402435 7.45433e-05 0.00037178 0.0190833 0.00345231 0.027529 0.000870881 0.000506416 0.316893 0.00141263 0.241849 3.37383e-05 1.80243e-06 0.007662 0.375998 0.000235134 1.13021e-06 
0.0203032 0.0288508 0.000615664 0.0209605 0.117461 0.10895 0.00477683 0.0157252 0.161053 0.0333786 0.000945735 0.0188118 0.00855511 0.126711 0.315764 0.017024 0.000113787 
0.00130001 0.000113802 4.84734e-08 0.00325742 0.000980413 0.000302893 9.70054e-05 0.000951709 0.000389401 0.00140579 0.00129477 4.71516e-08 0.00231389 0.000326451 0.985794 0.00140968 6.24354e-05 
0.00861098 5.02474e-05 9.00825e-07 0.000288285 0.0792576 0.00122283 0.000280437 0.00312558 0.0483287 0.0399957 1.78634e-06 0.000176246 1.7585e-11 0.0027714 0.461702 0.0244187 0.329768 
0.000386115 0.00453012 0.000185601 0.0661562 0.000867565 0.146173 0.00513958 0.000571457 0.210675 0.000167763 0.00276102 0.00333594 7.12064e-08 0.267328 0.277648 0.000499069 0.013576 
0.0191116 0.195596 0.00147002 0.0800731 0.0588105 0.0125376 0.0023351 0.0104237 0.060613 0.0886466 0.0153448 0.0084642 1.49867e-05 0.144953 0.258212 0.0262426 0.0171519 
0.000584661 0.000110254 0.000305898 0.0755013 0.007136 0.170612 0.0194255 0.00070909 0.128198 0.000125895 0.00127076 0.000164078 4.82441e-09 0.0164435 0.576594 0.00121735 0.00160256 
0.00944634 0.00129021 0.00215725 0.0931942 0.0756362 0.0046085 0.00994641 0.00428134 0.068125 0.0115081 0.0166467 6.85031e-05 1.35593e-07 0.0628425 0.550205 0.000305621 0.0897377 
0.0119575 1.00292e-05 0.00680193 0.00844118 0.0433767 0.00172014 0.00698006 0.0424899 0.0546505 0.0346713 0.00864938 0.00116938 2.87621e-05 0.0230354 0.501991 2.60658e-05 0.254001 
6.85188e-05 2.47089e-05 4.31619e-05 0.000283584 0.0165123 0.193093 0.0147618 1.93811e-05 0.0178531 0.259607 0.0163683 1.0494e-07 0.00117611 5.71912e-05 0.480103 1.60767e-05 1.27007e-05 
0.0028367 0.00032327 0.0115325 0.0597454 0.137853 0.0565237 0.00537754 0.00395133 0.276975 0.0220694 0.00375646 0.000251471 1.2758e-10 0.0977639 0.289678 0.0230348 0.00832724 
0.000146479 1.33012e-05 0.00245257 0.00543278 0.00150099 0.0488266 0.0381365 2.29964e-05 0.063979 0.0175626 0.000504386 7.04719e-05 0.000419706 0.0103273 0.802142 0.000530938 0.00793139 
0.072054 0.00800838 0.000231541 0.159919 0.0627351 0.04471 0.0348554 0.00485064 0.0781397 0.182878 0.0265088 0.00255695 0.000199605 0.0877769 0.219787 0.01227 0.00251834 
0.0632559 0.000496906 0.000383681 0.0191444 0.0574672 0.0167014 0.0627422 0.00964025 0.198169 0.0161047 0.0141809 2.39719e-05 8.05348e-06 0.057332 0.478959 0.00522166 0.000168542 
0.0109414 0.015598 0.00165514 0.0291898 0.103772 0.0643784 0.00670858 0.0386856 0.247148 0.0467435 0.00281898 0.000382097 5.69734e-06 0.0183993 0.307195 0.0709427 0.0354353 
0.0405156 0.141869 0.00014607 0.0527672 0.0646809 0.0101796 0.0141441 0.000347294 0.048315 0.0450844 0.00173328 0.000795016 5.36588e-05 0.0419134 0.400477 0.00320207 0.133777 
0.0306091 0.0356064 3.64011e-05 0.041612 0.137228 0.00515388 0.0452801 0.000951031 0.127943 0.180354 0.0156932 0.144815 2.46948e-06 0.00714569 0.206836 0.0173636 0.00336936 
0.00595118 0.000971359 0.0649808 0.0113512 0.0356325 0.039152 0.0456142 0.00173069 0.0887967 0.229541 0.00774714 0.000900116 0.00019312 0.0122892 0.433643 0.0061218 0.0153839 
0.000951274 0.00218069 5.51095e-05 0.00168716 0.0194396 0.000499132 0.00195678 0.00154636 0.000942349 0.000380246 3.94562e-05 0.000333991 1.33412e-05 0.00455422 0.953084 0.0089365 0.0033999 
0.021035 0.000232099 2.18003e-07 1.00522e-10 0.0241043 1.48828e-05 4.23642e-07 1.66406e-05 0.0336837 0.0998755 1.63831e-07 0.0731406 7.99733e-07 0.134345 0.584186 0.00593 0.0234352 
0.282819 0.0221265 1.45963e-05 0.00226904 0.0216028 5.42465e-05 0.000879127 0.174101 0.00316766 0.00333043 2.02458e-08 0.00138245 1.1006e-08 0.0269544 0.455603 0.000164088 0.00553275 
0.0849615 0.000109704 0.00183936 0.0148886 0.011012 0.00738143 0.0298488 0.000510374 0.228233 0.0164388 0.00256191 0.000562136 1.68397e-05 0.0843563 0.50795 0.000108429 0.00922064 
0.00549077 0.00127055 5.10459e-06 0.0050051 0.243614 0.0296695 0.0116162 0.00787929 0.101526 0.0296588 0.0243727 0.00292422 1.7766e-06 0.0327446 0.474843 0.0288905 0.000487719 
0.000951274 0.00218069 5.51095e-05 0.00168716 0.0194396 0.000499132 0.00195678 0.00154636 0.000942349 0.000380246 3.94562e-05 0.000333991 1.33412e-05 0.00455422 0.953084 0.0089365 0.0033999 
1.30518e-05 1.3046e-05 1.30387e-05 0.0026236 0.134471 1.30527e-05 1.30517e-05 0.0469932 1.30548e-05 0.249306 1.30487e-05 0.0756404 1.30427e-05 0.0561471 0.390314 1.30528e-05 0.0443874 
0.0214233 0.000694 0.00047658 0.0565266 0.0180296 0.0258981 0.0953264 0.000117807 0.161272 0.0013706 0.0545734 9.45964e-05 1.59066e-07 0.045826 0.515564 0.000758128 0.00204885 
0.00140327 0.000125873 2.04376e-06 0.0761984 1.38893e-07 0.00303882 0.00150627 3.43547e-07 0.0626687 0.00364581 6.47206e-07 0.00256822 4.39215e-10 0.269933 0.578908 9.5993e-11 2.15425e-07 
0.00324393 0.00294621 0.000287394 0.0322956 0.0198776 0.0788456 0.00457997 0.00465231 0.352195 0.00785521 0.0127229 0.000177664 3.24973e-05 0.0637321 0.384196 0.0164692 0.0158909 
0.0467441 6.02552e-05 0.000115492 0.0019777 0.0148035 0.00308856 1.46198e-07 0.000465065 0.0126328 0.0127351 3.15387e-11 0.00267449 7.97814e-08 0.0300982 0.561084 1.36889e-05 0.313507 
0.00566991 5.9633e-05 0.000176649 0.012692 0.0349117 0.00909429 0.0039261 0.00217491 0.16452 0.0458863 0.00266407 0.00174075 1.24711e-11 0.0607207 0.643243 0.0103484 0.00217143 
0.0133701 0.000600497 0.249641 0.00947646 0.0378782 0.00238577 0.000924861 0.00166717 0.021062 0.0758142 0.000515246 0.0115241 1.83677e-05 0.0204399 0.48893 0.000145196 0.0656076 
0.0327794 0.00773839 0.000480753 0.0126811 0.0666366 0.0266018 0.00580735 0.00492266 0.0350409 0.141325 7.17113e-05 0.00609604 0.000641527 0.0312501 0.551055 0.00038615 0.0764855 
0.00321547 0.00112345 0.00446246 0.0145205 0.00935539 0.00436539 0.00514924 0.000147475 0.063144 0.00656256 0.000469185 0.0384001 1.85996e-06 0.0483237 0.799897 0.00081423 4.81353e-05 
0.0210627 0.000593144 0.0051054 0.0561859 0.0147631 0.0568037 0.0132555 0.00082988 0.285138 0.00220507 0.0138494 0.00143224 6.18325e-06 0.0911355 0.381253 0.0553421 0.00103925 
0.0250177 0.000939141 0.0004425 0.000657091 0.0646465 3.22748e-07 1.75437e-05 0.00530631 1.06421e-07 0.0172821 0.00125845 0.00232952 2.3979e-11 0.00151108 0.808949 0.0175878 0.0540551 
0.0611519 0.00171756 4.80658e-09 0.0390905 0.119157 0.0338234 0.00996757 0.14569 0.090589 0.0532432 0.0358952 0.00054666 2.92349e-11 0.0933528 0.300264 0.0154096 0.000101079 
0.0052176 6.77864e-06 0.00178841 0.0931013 0.0140196 0.0108271 0.0234538 0.00478785 0.0742532 0.0439987 0.0302623 0.00515247 0.000392044 0.020158 0.642612 2.8289e-05 0.0299402 
0.0133895 0.00733655 0.00249866 0.0754429 0.0119876 0.0233501 0.013282 0.00062961 0.21094 0.0114356 0.0538134 6.24551e-05 1.11222e-07 0.00768534 0.566493 0.00046858 0.00118399 
0.00290562 0.341511 1.33513e-06 0.0424473 0.0529728 0.0011122 0.00164233 0.000303452 0.0593416 0.0210068 2.23556e-07 0.0341917 0.00616611 0.091131 0.34486 0.000216262 0.000189641 
0.00336279 0.00162749 4.14995e-06 0.0399163 0.185736 0.0363349 0.0153526 0.0083794 0.152692 0.0186491 0.00865021 0.0016748 1.11682e-06 0.0637155 0.44211 0.0214285 0.000364973 
0.0295004 0.00119422 0.000460603 0.0543389 0.0678113 0.0325646 0.00175054 0.039516 0.0329787 0.0450222 0.0230492 0.00424487 7.41995e-06 0.0961726 0.285833 0.0233989 0.262157 
0.0301091 0.00153893 0.0001721 0.0799735 0.0403485 0.00846631 0.00647305 0.00330409 0.0570548 0.0801494 0.0293363 0.00548717 3.79685e-10 0.0148883 0.62634 0.00028556 0.0160734 
0.0175046 0.000121212 0.00209228 0.0454072 0.0343802 0.035833 0.0121845 0.00389764 0.119558 0.011786 0.00156179 0.000160434 5.41423e-06 0.132922 0.527084 0.0550391 0.000462961 
0.081183 0.0239055 0.000762178 0.0137041 0.153149 0.0170655 0.0104162 0.0236493 0.134377 0.0465597 0.0266294 0.00272692 0.00242262 0.0572648 0.344113 0.0218699 0.040202 
0.00099216 0.00545234 8.61382e-10 0.00132739 0.00712079 0.000957581 8.99454e-05 0.000380776 0.00799287 0.0103948 3.53527e-05 0.00595397 0.00446504 0.00190924 0.82678 0.00259339 0.123555 
0.00794952 0.00181482 7.17099e-05 0.0186651 0.00956655 0.0171665 0.00266809 0.000665603 0.344327 0.00112238 0.0563371 4.69846e-05 1.88165e-09 0.0115586 0.475195 0.0487422 0.00410259 
0.00176316 0.00564548 1.32618e-06 0.00387328 0.0326449 0.00184195 0.00076076 0.00516752 0.00488299 0.026141 1.77746e-05 0.00266706 8.65894e-07 0.00165298 0.897966 0.0121526 0.00282063 
0.000951274 0.00218069 5.51095e-05 0.00168716 0.0194396 0.000499132 0.00195678 0.00154636 0.000942349 0.000380246 3.94562e-05 0.000333991 1.33412e-05 0.00455422 0.953084 0.0089365 0.0033999 
0.0234437 0.000225749 2.30145e-07 0.0674333 0.049136 0.0289458 0.0801307 0.130839 0.138017 0.0360911 0.00459839 6.48101e-05 5.58098e-11 0.101902 0.333259 0.00574987 0.000162956 
0.0545325 9.42754e-05 3.19427e-05 0.00195855 0.0719143 0.126317 0.000841787 0.0136589 0.145899 0.123345 0.00166004 0.00034327 8.18642e-08 0.027712 0.404066 0.0209082 0.00671818 
0.00642173 0.00133007 0.000967894 0.00599613 0.0116889 0.214378 0.00120187 0.0227228 0.0510375 0.00483441 0.00016541 0.00185479 4.63523e-06 0.257565 0.406347 0.0131368 0.000346806 
0.000108459 2.13604e-06 0.000281733 0.000115285 0.0002144 0.000839599 0.00718869 1.18495e-05 0.00405704 0.0812562 0.000836289 7.55563e-05 6.94112e-07 0.0429244 0.765338 0.0966864 6.34317e-05 
0.00528645 0.00282859 0.000266399 0.0406819 0.102913 0.101345 0.0270075 0.0254244 0.223786 0.0164712 0.0102519 0.00176564 0.00190036 0.157159 0.239308 0.0400077 0.00359771 
0.00238746 2.07999e-06 0.000497021 0.022495 0.0163967 0.012384 0.0160703 0.00061521 0.431731 2.98849e-05 0.00335414 0.000226031 3.05378e-09 0.0332093 0.448613 0.00945536 0.0025336 
0.00596309 0.000136565 0.00394261 0.0079505 0.0395306 0.0035776 0.000294923 0.00923227 0.00639491 0.00164011 0.00167085 0.00119375 1.28439e-11 0.0161594 0.871214 0.0153543 0.0157449 
0.00111774 0.0197142 0.000560286 0.057509 0.0386947 0.0350385 0.0139125 0.0156962 0.0419416 0.0165462 0.00118146 0.000206159 3.46806e-11 0.217791 0.529099 0.00141057 0.00957999 
0.00748841 0.169469 0.00168907 0.0819947 0.0333284 0.0357554 0.0411027 0.00256461 0.109324 0.00493003 0.0043924 0.00945911 5.02079e-07 0.209981 0.250814 0.0371355 0.000571853 
0.0121303 0.270953 0.000635425 0.0162936 0.00269503 0.0248153 0.0148961 0.000468693 0.0511162 0.000343181 0.00540937 0.000220906 4.2732e-08 0.268361 0.313357 0.0011802 0.017124 
0.00328424 4.20232e-06 0.000547032 0.0118905 0.0295667 0.013794 0.00455668 0.000499723 0.0508229 0.0974507 0.0027096 0.0031693 1.29691e-10 0.0691365 0.434592 0.000127491 0.277848 
0.00280067 0.00136616 4.21419e-05 0.00798792 0.049165 0.0123151 0.0118006 0.0350928 0.0504482 0.0565151 0.00095648 0.000599775 6.84256e-10 0.0524995 0.520266 0.0313933 0.166751 
0.00861098 5.02474e-05 9.00825e-07 0.000288285 0.0792576 0.00122283 0.000280437 0.00312558 0.0483287 0.0399957 1.78634e-06 0.000176246 1.7585e-11 0.0027714 0.461702 0.0244187 0.329768 
0.00061782 0.00123297 0.000416856 0.161204 0.00422574 0.0657132 0.0759974 0.000768724 0.210687 0.00525184 0.195457 0.000397539 7.38173e-06 0.0579559 0.216864 0.00189295 0.00130951 
0.0127919 0.000231867 0.00283501 0.0130062 0.000478836 0.00952038 0.00101834 0.000283442 0.0467639 0.000320353 0.000292588 0.000272617 6.28057e-11 0.36254 0.548689 0.000470067 0.000485661 
0.00532137 0.000931333 0.000727991 0.0705913 0.00818668 0.0139986 0.0333806 0.000420465 0.150477 0.010973 0.0043325 0.000874924 3.46135e-05 0.0789315 0.597752 0.00122417 0.0218422 
0.00380037 0.00916432 3.29415e-07 0.012885 0.0276724 0.122819 0.109634 6.97829e-05 0.0778016 0.257778 0.0144119 4.10752e-05 4.70263e-10 0.0307836 0.330695 0.00175881 0.000684388 
0.00149208 0.0424786 0.000277278 0.104461 0.0407321 0.0373889 0.00305323 0.000329168 0.0128845 0.00130981 0.000390434 0.000140582 1.06616e-08 0.264545 0.47858 0.00242736 0.00950992 
0.000578743 4.66275e-05 0.000106665 0.115147 0.00751442 1.3076e-07 0.174158 0.000322333 0.0702407 0.0664894 0.00551186 3.76043e-05 1.32268e-10 0.0650729 0.491639 1.21709e-07 0.00313392 
6.88079e-05 1.42986e-05 8.78908e-07 0.0075167 0.00696898 0.0100106 0.000244182 5.13198e-05 0.0372045 0.218163 0.00727381 0.000295489 2.17455e-10 0.00923511 0.702531 1.09051e-07 0.000421193 
0.0254845 0.178578 0.000786147 0.0270568 0.0811145 0.0440862 0.0423888 0.00498972 0.12277 0.0309159 0.00814119 0.00919274 5.74048e-08 0.173022 0.248543 0.00190856 0.00102202 
6.88079e-05 1.42986e-05 8.78908e-07 0.0075167 0.00696898 0.0100106 0.000244182 5.13198e-05 0.0372045 0.218163 0.00727381 0.000295489 2.17455e-10 0.00923511 0.702531 1.09051e-07 0.000421193 
0.000257805 0.00180541 2.78982e-06 0.000407637 0.0193322 0.224051 0.000505283 2.95924e-07 0.268466 0.00817547 0.00546798 1.61481e-07 1.23738e-12 0.0583151 0.395687 0.000480208 0.0170454 
0.00591637 6.83341e-05 3.41829e-07 0.0208615 0.0774642 0.0446248 0.000156386 0.00106092 0.267503 0.000250489 0.000699827 8.07149e-05 1.69992e-09 0.066933 0.322087 0.191996 0.000297558 
0.00789037 0.00020142 0.00229763 0.00995689 0.0399421 0.0139981 0.00145158 0.00693153 0.0181168 0.00528346 0.00257726 0.00146562 2.08172e-08 0.0330743 0.58509 0.0386033 0.23312 
0.00750766 0.000129723 0.00743935 0.0997714 0.0267345 0.00348094 0.000206463 0.00446277 0.0116603 0.0243578 0.00132346 0.00217303 6.39004e-11 0.0156478 0.763601 0.00739267 0.0241107 
0.000356822 0.000397422 0.00202879 0.0455262 0.0215739 0.271285 0.0142286 0.000847626 0.0803987 0.0484705 0.000401072 0.000128823 0.000155313 0.232532 0.28127 0.000361496 3.79602e-05 
0.000128446 0.000322653 0.000448716 0.0417532 0.00354972 0.00712665 0.0113917 7.00121e-05 0.105997 0.00843109 0.00778646 0.0105227 1.84367e-11 0.0662534 0.608939 9.37352e-06 0.12727 
0.00385782 0.00474778 7.49214e-05 0.00734103 0.0423069 0.0136945 0.0171704 0.00199679 0.0683687 0.109912 0.000271434 0.00255394 1.37381e-06 0.0623527 0.457178 0.00763915 0.200533 
0.00547917 0.101153 0.000581079 0.100228 0.0360441 0.0590384 0.02029 0.00416018 0.0501953 0.0128395 0.0610896 0.00738719 6.57116e-06 0.234751 0.269703 0.0185892 0.0184642 
0.00442425 2.72085e-05 0.283365 0.0224518 0.0137002 0.00157584 0.00361114 0.00165908 0.046372 0.0133263 0.000633172 0.00204275 8.45019e-06 0.0322606 0.530722 5.5472e-05 0.0437645 
0.0029392 0.00614841 0.000203841 0.0191287 0.0158061 0.00697884 0.0986631 0.000371742 0.00695745 0.0131888 3.58815e-08 0.00166718 2.09235e-11 0.0912614 0.735497 0.000741892 0.000446218 
0.00554273 0.000489323 0.000811557 0.0747044 0.00173733 0.0127159 0.00621932 9.35345e-05 0.07941 0.0363998 0.161967 0.000124024 0.000137918 0.0615863 0.514214 0.0002613 0.0435858 
0.00385782 0.00474778 7.49214e-05 0.00734103 0.0423069 0.0136945 0.0171704 0.00199679 0.0683687 0.109912 0.000271434 0.00255394 1.37381e-06 0.0623527 0.457178 0.00763915 0.200533 
0.000223797 0.00330499 1.10718e-05 0.00382039 0.0027729 0.00223344 8.09406e-05 0.000234431 0.00292042 0.0109811 2.76528e-05 0.00567566 0.0055467 0.00348441 0.657842 0.000160273 0.30068 
0.000940721 1.49982e-06 2.12746e-06 1.27143e-05 2.03372e-05 0.018739 0.00799963 0.134745 4.76884e-06 0.0224756 0.0189221 0.000403168 3.45735e-10 0.0307845 0.761917 0.00295627 7.53412e-05 
0.0012596 0.0136264 0.000732149 0.0242355 0.0156781 0.012233 0.00248825 0.00232295 0.167769 0.00148831 0.0103795 9.15064e-05 9.5705e-12 0.00878603 0.567892 0.0396239 0.131394 
0.00358775 0.000532672 0.000254109 0.100035 0.0324374 0.0130701 0.0140575 0.000382215 0.147143 0.00745293 0.262427 0.00365593 0.000760057 0.00844789 0.403249 0.00247669 3.03028e-05 
0.0171151 2.88802e-05 0.00322653 0.0353741 0.00311839 0.0017681 0.00347995 0.000481157 0.010643 0.0044513 0.00212349 0.00012222 0.0014222 0.00263009 0.851991 2.10699e-05 0.0620032 
0.00189962 0.000329771 1.25934e-05 0.130929 0.00626333 0.0443836 0.00183193 0.00167341 0.0355351 0.0526958 0.00042729 0.00138041 0.0523057 0.107524 0.558953 0.00178003 0.00207601 
0.000610287 0.000184352 0.00414282 0.0374019 0.00256961 0.037268 0.0822743 0.000672712 0.0676131 0.0208128 6.88804e-05 0.000654713 5.69517e-09 0.0613849 0.676811 0.00127503 0.00625514 
0.00063841 0.000210994 0.00443725 0.0400903 0.00246965 0.0358685 0.0885787 0.000652545 0.0756535 0.0211995 9.62971e-05 0.000639992 4.05714e-08 0.0583276 0.656323 0.00135316 0.0134604 
0.00309761 0.0529087 0.000217326 0.00980775 0.0483515 0.0284166 0.00837 0.000947267 0.259467 0.0137276 0.0208043 0.000396122 3.03108e-09 0.0523364 0.396162 0.0402321 0.0647575 
0.0981686 8.37999e-05 0.00931874 0.00427151 0.0404513 0.0266904 0.00261292 0.00318534 0.0997943 0.152892 0.000113912 0.0043474 2.12538e-10 0.195928 0.333663 0.000772761 0.0277056 
0.00307141 0.000301351 0.0710374 0.0102042 0.0305087 0.0598675 0.00683949 0.00252414 0.0511891 0.0979716 0.0265275 0.000973747 0.0246227 0.0103142 0.595281 0.0012907 0.00747537 
0.00111729 0.000167023 0.0153263 0.00815801 0.00692008 0.112136 2.67821e-05 0.0760383 0.0367066 0.00202637 0.000968678 8.36629e-05 1.75758e-08 0.145867 0.592283 0.00211815 5.7296e-05 
0.00335013 0.00350574 0.000457819 0.0262139 0.0266389 0.0956855 0.035479 0.00881067 0.16414 0.000840961 0.000466758 0.00060152 2.70629e-05 0.269291 0.340202 0.0216015 0.00268735 
0.00759146 0.0242375 0.0102168 0.0309188 0.0114275 0.000675859 0.00584707 0.000277593 0.056646 0.182011 0.00287874 0.00111847 0.002385 0.0287106 0.606743 0.000636253 0.027678 
0.0302241 0.0016586 2.54187e-05 0.0230953 0.0140343 0.0631937 0.147686 0.0129213 0.0769243 0.0147639 0.00355657 0.000564007 1.8299e-05 0.0636616 0.53625 0.0109553 0.000466901 
0.00131892 0.00224581 0.0312558 0.0053398 0.127055 0.000855324 0.000385231 0.00163347 0.0533019 0.193867 0.000244956 0.000240697 2.23311e-06 0.0108972 0.525255 0.0453568 0.000744861 
0.00257279 0.00118491 0.00282635 0.00529788 0.0352256 0.00359302 8.17724e-05 0.00194587 0.0914544 0.000616694 0.000296325 0.000418642 4.06957e-07 0.114027 0.70418 0.00167079 0.0346077 
0.0438315 0.00903057 0.00165841 0.00978473 0.180148 0.059937 0.0106312 0.0197124 0.107795 0.194066 0.00276195 0.00581222 3.9542e-06 0.0803834 0.234129 0.035128 0.00518685 
0.000570634 0.124837 0.000429573 0.0107804 0.00803622 0.0269866 0.00246972 0.000542274 0.00851313 0.000643894 0.000895009 0.00107939 1.36276e-08 0.331567 0.45451 0.0146711 0.0134674 
0.00520011 0.000329979 9.75426e-07 0.0276525 0.000919457 0.00319431 0.00305364 0.000549397 0.0564132 0.00400071 0.0102276 0.00321704 1.77821e-08 0.0680729 0.811925 5.12664e-06 0.00523805 
0.00482995 0.026236 8.96012e-08 0.000696156 0.0477945 0.00525622 0.000660241 0.0126413 0.0556673 0.047357 1.32775e-07 0.000583495 9.38445e-12 0.0158399 0.404612 0.0173043 0.360521 
3.28462e-07 9.11359e-05 1.117e-09 0.103117 0.00949305 0.00030564 0.0437509 0.000519814 0.0260454 0.0127968 0.000442441 0.00137577 8.51748e-10 0.0222492 0.779706 0.000105102 1.54154e-06 
0.00803816 0.000203692 4.43505e-06 0.0189036 0.00624807 0.0172769 0.00497006 0.00145862 0.215191 0.194312 0.019274 0.000408918 1.04454e-05 0.00104322 0.508811 0.00254944 0.00129648 
0.0029392 0.00614841 0.000203841 0.0191287 0.0158061 0.00697884 0.0986631 0.000371742 0.00695745 0.0131888 3.58815e-08 0.00166718 2.09235e-11 0.0912614 0.735497 0.000741892 0.000446218 
0.000222097 3.4485e-06 0.00114723 0.031156 0.00310151 0.0928072 0.144617 0.000417663 0.163252 0.00363343 0.00160317 0.000218991 6.26163e-05 0.0138315 0.533209 0.00323979 0.00747751 
0.0060467 5.37704e-05 0.000910884 0.013105 0.00648373 0.0277309 0.00459573 0.000853888 0.0488422 0.0327009 0.00187618 0.00162668 0.00041253 0.0752923 0.616135 0.00119226 0.162142 
0.0637743 0.00285414 0.00945668 0.0420837 0.0546872 0.000466576 0.00267986 0.103416 0.0357378 0.267241 0.00240211 0.000315903 1.28684e-06 0.06664 0.316641 0.0301376 0.00146584 
0.013002 0.00157067 0.00209041 0.0993476 0.246815 0.0263342 0.0519344 0.0382684 0.107245 0.103655 0.00255154 5.63039e-05 0.000405037 0.0360834 0.250752 0.0174908 0.00239773 
0.0398251 0.00291423 0.000288195 0.0290982 0.0625069 0.0196287 0.00588703 0.00388726 0.0830267 0.269064 0.0794594 0.00473697 0.000212724 0.0510878 0.327942 0.016404 0.00403104 
0.00125798 0.000730169 0.000203431 0.0122646 0.0641595 0.0322422 0.144595 0.0178725 0.094094 0.214351 0.00146078 0.0301473 3.44282e-07 0.116123 0.270497 1.80877e-07 1.54872e-07 
0.00355859 0.00202858 0.000551723 0.047128 0.0072597 0.0761709 0.0137102 0.00181216 0.359551 0.012576 0.0515618 0.000450866 2.7492e-05 0.0528555 0.362826 0.00386661 0.00406502 
0.00266593 0.000827109 6.31645e-07 0.0055896 0.015453 0.00555701 0.000686174 0.000881057 0.0482589 0.0711454 0.000444371 0.00049613 0.000620945 0.0344409 0.811355 0.000439584 0.0011381 
0.00625147 1.03517e-05 0.000513407 0.0130424 0.0468647 0.0148956 0.0550853 0.00620701 0.0574015 0.0608042 1.9964e-05 0.00053931 1.79854e-05 0.040032 0.690981 0.00467156 0.00266188 
0.0131086 0.00449626 0.00014462 0.0905681 0.00922577 0.00915837 0.0350099 0.000973316 0.0669721 0.00487971 0.00238291 0.000140425 1.45481e-06 0.100643 0.647183 0.00653381 0.00857818 
0.00210625 0.00941679 1.42343e-05 0.0192993 0.00664248 0.00078662 0.00199588 0.00028511 0.0462186 0.0640884 0.00303885 0.0906234 0.00404883 0.00569729 0.666906 0.00274108 0.076091 
0.0013937 0.000543208 0.00153049 0.0475731 0.00866503 0.0768161 0.012753 0.00201708 0.275247 0.000936533 0.00295341 1.87091e-05 4.92586e-06 0.232746 0.328744 0.00803249 2.45867e-05 
0.0111302 0.00138964 9.45606e-05 0.00902593 0.140194 0.0497454 0.06809 0.0165674 0.129335 0.101349 0.0011582 0.00299406 2.38222e-08 0.0686206 0.395429 0.00484079 3.70615e-05 
0.00596309 0.000136565 0.00394261 0.0079505 0.0395306 0.0035776 0.000294923 0.00923227 0.00639491 0.00164011 0.00167085 0.00119375 1.28439e-11 0.0161594 0.871214 0.0153543 0.0157449 
5.69694e-05 0.00352296 4.323e-05 0.217703 0.00217163 0.0448165 0.0589887 0.000100548 0.155589 0.0135281 0.0139984 6.14141e-05 3.263e-06 0.0235204 0.462803 0.0013338 0.00175976 
0.0414172 0.0158109 0.000289113 0.234638 0.0132315 0.000971085 0.00581219 0.000581306 0.118933 0.0059547 0.0221272 0.000691752 0.0116629 0.0722794 0.445533 0.00900864 0.00105837 
0.00123511 0.00204583 7.46053e-08 0.00282885 0.00172902 0.0134402 0.00189328 0.00218109 0.00966266 0.0029135 0.000651097 0.00463734 5.68888e-08 0.0287842 0.927499 0.000187756 0.000311302 
0.00514578 0.000279393 3.4057e-05 0.0753097 0.00330913 0.00332065 0.00314718 0.0308516 0.197826 0.142446 0.0310431 0.0026868 2.21839e-06 0.0389644 0.409071 0.00219379 0.0543693 
0.0925642 0.00998505 0.000354461 0.0461099 0.038212 0.00827396 0.000287477 0.000994421 0.226379 0.00879138 0.157867 5.30969e-08 6.22205e-09 0.00777912 0.401168 0.00119698 3.74751e-05 
0.00368072 0.00412977 0.00186491 0.0370402 0.00734031 0.00814743 0.00051998 0.000107452 0.0335778 0.0062578 0.0794415 0.000696152 0.000322044 0.0365878 0.769519 0.00053864 0.0102287 
0.00150889 0.00606689 0.000187626 0.0138691 0.0323564 0.0418659 0.0419385 0.00361693 0.18597 0.0357733 0.0774802 0.000296377 2.77094e-05 0.0133357 0.507415 0.0308217 0.00747009 
0.00706107 0.0100678 0.00142471 0.0147323 0.0688885 0.00958117 0.0176987 0.0432039 0.105603 0.257092 0.00141798 0.000226974 5.45592e-06 0.0610994 0.372625 0.0277783 0.00149359 
0.0414587 0.00960013 0.000113252 0.0505317 0.100241 0.0685116 0.0576032 0.00265294 0.193321 0.0239746 0.0248614 0.000115007 2.30337e-07 0.0178964 0.390589 0.0176732 0.00085711 
1.19056e-08 3.78349e-06 0.000743691 0.00100871 0.00142933 0.00167388 0.00556103 2.28692e-05 0.0166186 0.000460544 2.58599e-05 0.00181382 1.10637e-06 0.0035877 0.912608 0.0543163 0.000125037 
6.41607e-05 3.71108e-06 0.000138252 0.00505426 0.0070531 0.00947258 0.0183629 0.000342684 0.166821 0.00148146 0.000689935 0.000146608 1.59469e-05 0.00139048 0.521684 0.0806384 0.18664 
0.0330992 6.01975e-06 2.97043e-09 5.11957e-10 0.0950347 0.00872545 0.00925013 0.00839312 0.0105254 0.151616 5.94781e-05 7.98826e-05 2.26504e-09 0.00333045 0.679872 8.34503e-06 8.63416e-08 
0.0227202 0.000850652 0.000256298 0.0295706 0.0559946 0.0133135 0.00169973 0.00965208 0.106851 0.144627 0.000552513 0.00532967 8.44675e-09 0.0205167 0.405087 0.0582953 0.124684 
0.00513654 0.00014769 0.000208491 0.142087 0.0102141 0.0139332 0.0428353 0.000214537 0.0645787 0.00671841 0.00761508 0.00363326 3.74681e-05 0.129868 0.561698 9.10565e-05 0.0109834 
0.0029392 0.00614841 0.000203841 0.0191287 0.0158061 0.00697884 0.0986631 0.000371742 0.00695745 0.0131888 3.58815e-08 0.00166718 2.09235e-11 0.0912614 0.735497 0.000741892 0.000446218 
0.072703 0.00186754 0.0056761 0.0246962 0.0860153 0.0213435 0.0293815 0.0253067 0.135385 0.141087 0.0013634 0.0202468 0.00562042 0.187782 0.236984 0.00106365 0.00347792 
8.85247e-05 0.0836373 0.0189576 0.0483866 0.0108898 0.00120843 0.101855 0.00123366 0.0835767 0.0299445 0.00338351 1.66142e-05 1.70182e-07 0.0271345 0.585265 0.000106406 0.00431612 
0.000578743 4.66275e-05 0.000106665 0.115147 0.00751442 1.3076e-07 0.174158 0.000322333 0.0702407 0.0664894 0.00551186 3.76043e-05 1.32268e-10 0.0650729 0.491639 1.21709e-07 0.00313392 
0.0011556 0.00450681 2.29429e-07 0.00465217 0.00700511 0.00325203 0.000163161 0.000485532 0.0346481 0.0093572 0.000123655 0.00526435 0.00365323 0.00701113 0.810203 0.00485224 0.103666 
0.0718903 0.0554497 0.000867442 0.0421636 0.0341779 0.0376621 0.00281821 0.00531355 0.0676209 0.0714029 0.000472332 0.151643 4.93734e-05 0.218083 0.230895 0.00150348 0.00798672 
0.000951274 0.00218069 5.51095e-05 0.00168716 0.0194396 0.000499132 0.00195678 0.00154636 0.000942349 0.000380246 3.94562e-05 0.000333991 1.33412e-05 0.00455422 0.953084 0.0089365 0.0033999 
0.00596309 0.000136565 0.00394261 0.0079505 0.0395306 0.0035776 0.000294923 0.00923227 0.00639491 0.00164011 0.00167085 0.00119375 1.28439e-11 0.0161594 0.871214 0.0153543 0.0157449 
0.000388103 0.0337482 1.23078e-07 0.00937432 0.0015643 0.117715 0.0011086 8.98689e-05 0.0465661 0.120142 0.0114561 0.00297709 9.15789e-11 0.242287 0.410043 2.59091e-06 0.00253682 
0.0195599 0.00227452 0.000144011 0.0662765 0.0239134 0.00428851 0.0188879 0.0014513 0.188032 0.0364918 0.0667926 0.000854447 2.58859e-07 0.017575 0.541117 0.000287515 0.0120538 
0.00803816 0.000203692 4.43505e-06 0.0189036 0.00624807 0.0172769 0.00497006 0.00145862 0.215191 0.194312 0.019274 0.000408918 1.04454e-05 0.00104322 0.508811 0.00254944 0.00129648 
0.00596309 0.000136565 0.00394261 0.0079505 0.0395306 0.0035776 0.000294923 0.00923227 0.00639491 0.00164011 0.00167085 0.00119375 1.28439e-11 0.0161594 0.871214 0.0153543 0.0157449 
0.00514578 0.000279393 3.4057e-05 0.0753097 0.00330913 0.00332065 0.00314718 0.0308516 0.197826 0.142446 0.0310431 0.0026868 2.21839e-06 0.0389644 0.409071 0.00219379 0.0543693 
0.00861098 5.02474e-05 9.00825e-07 0.000288285 0.0792576 0.00122283 0.000280437 0.00312558 0.0483287 0.0399957 1.78634e-06 0.000176246 1.7585e-11 0.0027714 0.461702 0.0244187 0.329768 
0.0102962 0.0262098 7.29503e-07 0.0111391 0.00105777 0.0454613 0.0353675 0.00885643 0.037071 0.0397346 0.00346816 0.101548 1.03635e-10 0.202066 0.267609 0.00017328 0.209941 
0.00596309 0.000136565 0.00394261 0.0079505 0.0395306 0.0035776 0.000294923 0.00923227 0.00639491 0.00164011 0.00167085 0.00119375 1.28439e-11 0.0161594 0.871214 0.0153543 0.0157449 
1.6397e-05 2.2498e-06 1.39979e-08 0.00401793 0.000104648 0.00589636 0.000896295 4.88027e-06 0.325338 0.00113101 0.302647 1.23638e-11 4.29341e-09 5.20844e-05 0.359873 1.96066e-06 1.74242e-05 
0.0059327 0.0025678 0.00500728 0.0312624 0.0708825 0.10556 0.0411278 0.00949106 0.234683 0.113232 0.00128002 0.00132156 0.000231078 0.0524715 0.292121 0.0169874 0.0158411 
0.000178843 0.205729 0.00238377 0.0158127 0.00249073 0.0212702 0.00107831 0.000409404 0.0107411 0.000662638 0.000447341 0.000327522 6.43583e-08 0.26606 0.424462 0.00194087 0.0460058 
0.0319333 0.000237365 8.44332e-07 0.15256 0.00975951 0.00499674 0.0324397 0.0139635 0.202479 0.00023094 0.0246446 6.60916e-05 5.18049e-07 0.16121 0.365093 0.000367927 1.6118e-05 
0.00803816 0.000203692 4.43505e-06 0.0189036 0.00624807 0.0172769 0.00497006 0.00145862 0.215191 0.194312 0.019274 0.000408918 1.04454e-05 0.00104322 0.508811 0.00254944 0.00129648 
0.00226471 2.40484e-05 9.15737e-06 0.0182558 0.0464512 0.1763 0.0016108 0.00103981 0.0210377 0.275277 0.0125097 1.26144e-05 0.0189616 0.0105512 0.403114 0.0125258 5.50805e-05 
0.000863139 0.0100027 0.000359283 0.00630014 0.00983026 0.0366083 0.00121127 0.00011589 0.0398247 0.0424411 8.1864e-05 7.07197e-05 1.22178e-05 0.0804145 0.756768 0.00156586 0.0135304 
0.00167916 0.000576183 0.0354971 0.0164556 0.0355793 0.00528123 0.000128249 0.000548787 0.0246996 0.100653 0.000437908 0.00139061 0.000436904 0.0362623 0.725004 0.000191748 0.0151793 
0.00372698 0.000584828 0.00247479 0.266761 0.0759834 0.062262 0.0120157 0.000441547 0.162912 0.00530142 0.0367581 0.000148243 2.09866e-08 0.0180738 0.316131 0.0015956 0.0348305 
0.00752189 0.000490806 8.14578e-05 0.189435 0.00116946 0.0362375 0.00721799 0.000489601 0.170045 0.000371946 0.0360292 0.0108917 7.65691e-07 0.0504298 0.461468 0.0281093 1.1026e-05 
0.0708888 0.000639983 0.000599027 0.062296 0.0130876 0.0144309 0.0117517 0.0151526 0.170971 0.0922365 0.0247797 0.000145295 4.82572e-07 0.142167 0.251848 0.00261814 0.126387 
6.15081e-05 6.75221e-06 0.000133297 0.0691334 0.000852707 0.0696312 0.0451828 0.000142953 0.0421751 0.00330035 0.0023271 2.78926e-05 1.17065e-10 0.00367133 0.763347 6.4401e-06 8.49328e-09 
0.00861098 5.02474e-05 9.00825e-07 0.000288285 0.0792576 0.00122283 0.000280437 0.00312558 0.0483287 0.0399957 1.78634e-06 0.000176246 1.7585e-11 0.0027714 0.461702 0.0244187 0.329768 
0.00131792 0.00178584 0.0311551 0.0235393 0.115006 0.0013591 0.00443395 0.00515487 0.126853 0.229484 0.000244419 0.00110238 9.65828e-07 0.00547375 0.407003 0.045344 0.00074315 
0.0170483 0.000264911 0.000621965 0.126394 0.150682 0.0218974 0.0409773 0.0026337 0.156291 0.00406077 0.000143545 0.00120911 2.22111e-05 0.100905 0.341777 0.0350148 5.64136e-05 
0.177349 0.129125 7.21364e-05 0.00951937 0.00485429 0.00339161 0.0117472 0.0100988 0.01034 0.297197 0.00217277 0.0115635 9.12817e-07 0.0150662 0.298083 0.0162254 0.00319341 
0.00542189 0.00105985 0.000126606 0.175013 0.0178959 0.0249531 0.0208095 0.00144097 0.124362 0.0468377 0.119982 0.00489248 4.52642e-07 0.0309961 0.419344 0.00556065 0.00130254 
0.00861098 5.02474e-05 9.00825e-07 0.000288285 0.0792576 0.00122283 0.000280437 0.00312558 0.0483287 0.0399957 1.78634e-06 0.000176246 1.7585e-11 0.0027714 0.461702 0.0244187 0.329768 
0.00287586 0.00311594 0.000121022 0.0174831 0.044326 0.032013 0.0595738 0.000159208 0.111565 0.123565 0.0123404 0.00301558 6.49075e-06 0.0219122 0.566065 0.000773555 0.00108931 
0.0220311 0.00216114 5.60938e-07 0.085781 0.119785 0.0530219 0.00243047 0.00484304 0.162117 0.0659393 0.0286157 0.0010324 8.75404e-06 0.0877793 0.310672 0.0415832 0.0121978 
0.00158056 0.000100182 9.91823e-06 0.0157391 0.00394369 0.0171457 0.0122259 0.000250913 0.35867 0.000454858 0.0892303 4.83438e-05 3.35521e-07 0.0329427 0.466091 4.4756e-05 0.00152202 
0.00306478 0.00012716 2.93736e-06 0.0380255 0.0209616 0.0088887 0.0120007 0.000114046 0.297253 0.0474054 0.0269332 0.0206501 2.09769e-05 0.0120824 0.49781 0.0145364 0.000123225 
0.0116855 8.40952e-08 6.26054e-05 0.00782738 0.154068 0.0176937 0.218435 0.0220777 0.0612166 0.0796315 0.000243334 0.000556174 1.25677e-06 0.0302481 0.385367 0.0101394 0.00074614 
0.00155662 0.0235019 0.000506107 0.0725889 0.292741 0.00354067 0.00342141 0.00139857 0.0504171 0.00436794 0.000317739 0.00123654 3.91542e-09 0.0220089 0.517814 0.00411189 0.000471003 
0.00149083 0.000389538 3.96491e-05 0.00824706 0.0019449 0.00907505 0.0117673 0.000160734 0.295335 0.0100775 0.0500737 0.000312162 1.32572e-07 0.00136111 0.583927 0.0257805 1.782e-05 
1.01928e-06 0.0150797 0.0157842 0.0797147 0.124784 0.0246693 1.01927e-06 0.016715 0.141815 0.194993 0.0348524 0.00651812 0.00295488 1.01949e-06 0.315918 0.0177379 0.00846073 
0.00671825 0.00143385 0.000474108 0.00211061 0.160312 0.0112243 0.00286329 0.0899263 0.0352188 0.0599059 1.86903e-05 0.050514 3.12684e-06 0.0301028 0.473633 0.0628483 0.0126919 
0.0134385 0.0150331 0.000123514 0.0546977 0.179909 0.00765517 0.00218623 0.0166465 0.0277888 0.00934042 0.000679872 0.000924069 7.99759e-12 0.0508578 0.557127 0.0205915 0.0430014 
0.00227536 0.000741783 0.000563515 0.266296 0.00430024 0.0331361 0.00305345 0.00016834 0.0251497 0.00997057 0.000167677 0.000191288 7.03153e-11 0.0102399 0.579365 0.000168074 0.0642133 
0.000804791 0.000193965 0.00220708 0.00934941 0.000875304 2.32464e-05 0.0102088 2.49209e-07 0.00576148 0.000288795 6.75643e-06 9.75796e-05 7.18863e-10 0.0541032 0.915685 4.45309e-08 0.000394409 
0.00910277 1.13426e-05 6.07008e-05 0.00574948 0.107051 0.156736 0.0791593 0.00890995 0.219193 0.0220971 0.00120642 0.00290778 8.31287e-07 0.0876856 0.236234 0.0638224 7.34772e-05 
0.00775746 0.000364815 0.00229308 0.0481423 0.045128 0.0159135 0.0432896 0.00128609 0.165005 0.261463 0.00550101 0.00522198 0.00614063 0.0324302 0.353841 0.000998557 0.00522404 
0.0318817 0.156588 1.24155e-07 0.0284698 0.109781 1.73876e-07 0.00505447 0.0114495 0.0417451 0.0832181 0.00249834 5.233e-07 5.52996e-09 0.102092 0.393839 0.0333807 3.59179e-07 
0.00148748 0.155077 4.16959e-06 0.0175632 0.0191924 0.00566407 0.00204784 0.00204207 0.0223897 0.00367637 0.000390014 0.00680109 0.0014065 0.0845508 0.602003 0.00196892 0.0737359 
0.000844685 0.000164177 0.349559 0.0357085 0.00770914 0.00155018 0.0106544 0.00129823 0.0681481 0.00551457 0.0443488 0.000712596 1.40891e-05 0.00769035 0.437055 3.93209e-06 0.029024 
0.00861098 5.02474e-05 9.00825e-07 0.000288285 0.0792576 0.00122283 0.000280437 0.00312558 0.0483287 0.0399957 1.78634e-06 0.000176246 1.7585e-11 0.0027714 0.461702 0.0244187 0.329768 
0.00257674 0.00179546 0.00258321 0.0666443 0.0148288 0.0166972 0.00263156 0.00193282 0.282171 0.0159894 0.147138 7.83005e-05 2.64637e-05 0.0113112 0.426692 6.95724e-05 0.00683426 
0.0120653 0.000239809 0.00223635 0.0105576 0.00986809 0.243417 0.000559905 0.000713526 0.219192 0.0844581 0.00131573 0.000822574 0.00629607 0.0890078 0.298236 0.000468117 0.0205453 
0.0405317 2.95007e-05 0.00724104 0.0546949 0.0970986 0.0051656 0.00587882 0.00202788 0.111486 0.00706138 0.00357668 0.00603819 7.34929e-06 0.0720258 0.583608 0.000627345 0.00290139 
0.00336279 0.00162749 4.14995e-06 0.0399163 0.185736 0.0363349 0.0153526 0.0083794 0.152692 0.0186491 0.00865021 0.0016748 1.11682e-06 0.0637155 0.44211 0.0214285 0.000364973 
0.116319 9.38208e-05 0.000149469 0.124153 0.0474205 0.00843784 0.0109398 0.00321204 0.148396 0.144912 0.114508 0.0190059 0.000414246 0.0428996 0.214043 0.00502025 7.55365e-05 
3.27009e-05 4.30898e-06 3.28597e-09 0.00803502 0.000209196 0.00165049 0.000475307 9.71474e-06 0.257536 0.000129686 0.344745 1.22505e-12 9.89158e-10 0.000104077 0.387064 3.90415e-06 1.41888e-09 
0.00415413 0.000154487 0.0548622 0.0557434 0.000409415 0.0027877 0.00787865 0.00131282 0.176978 0.0435658 0.0368661 4.45851e-07 3.57547e-10 0.0740366 0.541184 1.09987e-05 5.53027e-05 
0.00931123 0.000225406 0.0500271 0.299057 0.00917189 0.0032522 0.00519128 0.00110663 0.2016 0.0406611 0.00212521 0.000530014 5.98939e-06 0.0497156 0.327744 1.19835e-05 0.000264156 
0.0147863 0.000878657 0.00137474 0.202769 0.0471236 0.0259313 0.00838904 0.00199892 0.161821 0.0402566 0.0338771 0.00739337 0.000729287 0.0370253 0.393322 0.00871216 0.0136113 
0.015444 0.104074 0.00122221 0.0312218 0.0845833 0.0320473 0.00194781 0.018477 0.17876 0.0448163 0.00135593 0.00508613 1.77162e-05 0.114597 0.256959 0.102676 0.00671476 
0.000829779 0.000394669 0.000298001 0.064714 0.0234141 0.0178155 0.00295897 0.00115665 0.180406 0.0937491 0.218927 0.000938369 7.83777e-06 0.00446984 0.389917 2.83819e-06 5.52121e-07 
0.0297522 0.0271636 0.0174951 0.107665 0.065719 0.00975626 0.000945448 0.0154269 0.0965519 0.0963708 0.00152757 0.00439398 1.24055e-08 0.108648 0.418277 0.00016502 0.00014201 
2.70024e-05 7.01196e-07 6.75371e-05 0.0304088 0.00298371 0.0349354 0.170275 7.29415e-05 0.0769838 0.00140216 0.000586572 1.4967e-05 0.00187539 0.00118969 0.678665 0.000460781 5.05799e-05 
0.00545706 6.19467e-10 3.71642e-06 0.166467 0.0229726 0.00528978 0.0178743 5.27752e-05 0.270289 0.09435 0.00726079 0.00207133 0.0484401 0.0226565 0.336687 4.4955e-05 8.34851e-05 
0.000119035 0.00054928 0.000215575 0.107042 0.000974193 0.0127498 0.00813637 0.000219852 0.140816 0.00053703 0.0967364 3.40245e-11 5.79211e-09 0.0003013 0.631592 1.09784e-05 8.2853e-09 
0.00935921 0.0104807 0.00604731 0.0095162 0.0231614 0.00972933 0.00110218 0.00112713 0.0874913 0.0146489 0.0013632 0.00151237 0.000261446 0.0492321 0.706489 0.00659649 0.0618816 
