0.0136939 0.00168837 0.00371837 0.0127706 0.12733 0.00908634 0.00107598 0.106329 0.0731457 0.0186275 0.000687402 0.0135341 6.5175e-08 0.0363204 0.578302 0.00317045 0.000519952 
0.00099216 0.00545234 8.61382e-10 0.00132739 0.00712079 0.000957581 8.99454e-05 0.000380776 0.00799287 0.0103948 3.53527e-05 0.00595397 0.00446504 0.00190924 0.82678 0.00259339 0.123555 
0.00286047 0.00859094 7.32925e-05 0.00635635 0.0264567 0.133267 0.028225 0.00112872 0.295114 0.00995343 0.039542 0.00108901 4.04501e-05 0.0638173 0.328409 0.0434172 0.0116584 
0.00579399 7.76631e-09 0.0888042 0.0887272 0.0525716 0.00804117 0.0266689 0.00554008 0.0929113 0.00976276 0.0018517 0.00423516 2.58628e-05 0.038183 0.526188 9.29768e-06 0.0506858 
0.000426233 0.000429531 0.00150767 0.0121033 0.036944 0.0359238 0.0550265 0.0454764 0.0800393 0.0346882 1.9925e-05 0.00106032 2.06429e-08 0.0680468 0.615869 0.00921831 0.00322098 
0.00101064 0.2513 7.22347e-05 0.00217509 0.0147237 0.049409 0.00480243 0.000715955 0.00728934 0.00074761 6.71606e-05 0.00330897 3.31245e-06 0.208037 0.446418 0.00884408 0.00107541 
5.60632e-06 1.0724e-11 7.78926e-07 0.00956645 2.77514e-08 0.00690795 6.50306e-05 9.25819e-08 0.202529 7.49628e-07 0.0100602 6.97827e-05 1.42843e-11 0.00446814 0.766322 2.21666e-06 2.31471e-06 
0.00596844 9.09403e-05 2.3761e-05 0.101891 0.00392784 0.0508809 0.0100031 0.000290721 0.320723 0.0103952 0.032878 0.000235145 4.1992e-07 0.0105062 0.448718 0.00323392 0.000233578 
0.00935921 0.0104807 0.00604731 0.0095162 0.0231614 0.00972933 0.00110218 0.00112713 0.0874913 0.0146489 0.0013632 0.00151237 0.000261446 0.0492321 0.706489 0.00659649 0.0618816 
6.9218e-05 0.000671509 0.0279949 0.177734 5.93633e-09 0.0214236 0.00609558 0.000319467 0.0603801 0.000102012 0.000959588 3.55038e-09 2.72057e-14 0.00765761 0.696231 0.000360734 1.13531e-07 
0.00307856 0.000930974 0.000237036 0.0679822 0.0141289 0.00766463 0.00978435 0.000827657 0.102659 0.0871175 0.0109733 0.00135381 0.000127408 0.0405511 0.379771 0.000102618 0.27271 
0.0118347 0.000304465 0.000605996 0.136681 0.112505 0.0183458 0.0598166 0.00453662 0.120191 0.141579 0.0201724 0.00127545 0.000193301 0.137634 0.227145 0.000482378 0.00669594 
0.00321547 0.00112345 0.00446246 0.0145205 0.00935539 0.00436539 0.00514924 0.000147475 0.063144 0.00656256 0.000469185 0.0384001 1.85996e-06 0.0483237 0.799897 0.00081423 4.81353e-05 
0.00733853 1.03446e-07 4.82166e-08 0.27896 0.0427876 0.0132693 0.0602769 0.0017457 0.0535528 0.00732994 0.000302936 2.27418e-05 5.64705e-10 0.0264933 0.507244 0.000632713 4.34674e-05 
0.0203032 0.0288508 0.000615664 0.0209605 0.117461 0.10895 0.00477683 0.0157252 0.161053 0.0333786 0.000945735 0.0188118 0.00855511 0.126711 0.315764 0.017024 0.000113787 
0.0149363 0.000654469 0.00130747 0.0142518 0.273765 0.00530811 0.000508491 0.0690159 0.111385 0.0428529 0.014678 0.0149745 2.19298e-05 0.107399 0.327428 0.0012688 0.000244407 
0.00317355 0.0098477 0.0330936 0.0700406 0.0371779 0.0769721 0.010615 0.0106118 0.0798538 0.00890231 0.00110771 0.0019693 1.92553e-08 0.133112 0.264095 0.0213726 0.238055 
4.66387e-06 3.2102e-06 3.21103e-06 0.000120098 0.000441897 0.00977982 0.00400033 4.75289e-06 0.083951 0.0014956 3.90506e-05 0.000349067 6.78735e-07 0.00113097 0.898573 9.25581e-05 9.62116e-06 
0.00263141 0.000145207 5.74721e-06 0.0120002 0.0148287 0.0142669 0.00137701 0.000666081 0.0880058 0.0764625 0.00472245 0.016174 6.71271e-07 0.0160739 0.676442 0.00845274 0.0677447 
0.00118121 0.0798798 0.00346801 0.00335607 0.0280922 0.0156921 0.000448802 0.0553319 0.00515206 0.00318896 1.86834e-05 0.00135914 2.17947e-06 0.126258 0.640537 0.00952915 0.0265049 
0.00560642 0.0522822 0.057452 0.0225533 0.0411623 0.015291 0.0152395 0.00122409 0.132301 0.15033 0.0064088 0.000941758 0.000217617 0.0183413 0.434578 0.0238947 0.0221761 
0.0151047 0.0049222 0.0017834 0.0408092 0.0990103 0.0140819 0.0117145 0.00269463 0.284151 0.0889511 0.0129994 0.0109967 5.44915e-06 0.100946 0.289162 0.00971178 0.0129569 
0.0222336 1.48149e-06 1.48066e-06 0.0126006 1.48241e-06 0.0222352 0.00504071 0.00370635 0.210958 0.168821 0.0380836 1.48071e-06 1.48111e-06 0.166183 0.345385 1.48226e-06 0.00474416 
0.00128907 0.000306824 0.00191771 0.0208467 0.00751404 0.0321393 0.0411605 0.00740935 0.234807 0.0443937 5.70302e-05 0.00221398 2.60703e-09 0.198794 0.402176 0.00104196 0.00393226 
0.00468998 1.09974e-09 5.35604e-06 0.106883 0.00153153 0.000597163 0.00261043 4.6858e-05 0.0117911 0.00148258 0.0172225 0.000450681 1.46484e-09 0.030924 0.814428 5.12136e-07 0.00733579 
0.0172034 0.0167655 0.000752268 0.075785 0.0880373 0.0237364 0.0250744 0.00503065 0.147213 0.176554 0.108737 0.00351955 0.000414252 0.029008 0.253714 0.0226416 0.0058135 
0.000688584 9.06941e-12 5.41814e-05 0.196567 0.000925572 0.0045736 0.00835812 9.98401e-06 0.087574 0.000613804 0.0105059 0.00060735 9.40366e-07 0.0820995 0.594625 0.000156374 0.0126401 
0.00716901 0.000139376 0.134478 0.0157644 0.00712773 0.00372082 0.00204076 0.00187248 0.0359462 0.014105 0.00130651 0.00216977 8.39572e-07 0.0141986 0.68978 0.00206235 0.0681181 
0.00188409 0.00111196 1.79591e-07 0.0115183 0.0318427 0.103207 0.000863172 0.00210396 0.282681 0.0853719 0.00807744 0.00287368 0.00401654 0.0222632 0.441841 8.09803e-05 0.000262886 
0.00119368 0.00639351 2.56357e-07 0.0088739 0.0131619 0.205196 0.00234438 0.00921095 0.113439 0.0884067 0.00115922 0.00176728 4.34183e-06 0.255611 0.261411 0.0278381 0.00398864 
0.0849615 0.000109704 0.00183936 0.0148886 0.011012 0.00738143 0.0298488 0.000510374 0.228233 0.0164388 0.00256191 0.000562136 1.68397e-05 0.0843563 0.50795 0.000108429 0.00922064 
0.00263397 0.00381827 0.00852869 0.0200557 0.0614737 0.0916436 0.0586195 0.0247727 0.0707747 0.0357253 2.99742e-05 0.000563858 2.73123e-05 0.0897487 0.526374 0.000816327 0.00439323 
0.019003 0.222416 0.0115922 0.0151867 0.125237 0.0227067 0.0300147 0.0368396 0.0349854 0.0172414 0.00141161 0.0036388 6.17521e-06 0.174948 0.229804 0.0341796 0.0207878 
0.00432488 0.00020545 0.209872 0.0268234 0.183296 0.0296487 0.00451793 0.000602403 0.0615223 0.0789051 0.000100012 0.000141882 4.23923e-05 0.0684946 0.321299 0.00997246 0.000230869 
0.0147863 0.000878657 0.00137474 0.202769 0.0471236 0.0259313 0.00838904 0.00199892 0.161821 0.0402566 0.0338771 0.00739337 0.000729287 0.0370253 0.393322 0.00871216 0.0136113 
0.00182114 0.00013604 1.52744e-06 0.00106343 0.0832703 0.0069597 0.00503741 0.000140369 0.00160896 0.272454 4.36399e-09 0.00815322 0.00384036 0.0100733 0.595327 0.0101071 5.80376e-06 
0.0141342 0.000509708 0.0380177 0.0580967 0.137673 0.0505732 0.00169645 0.00656467 0.155041 0.0207206 0.00961094 0.000182216 1.18605e-10 0.0401308 0.419796 0.0385371 0.00871558 
0.000665071 5.30583e-05 3.77159e-05 0.117517 4.4977e-05 0.0148319 0.00470701 8.65251e-05 0.00955527 0.00726547 0.017468 0.00974236 0.173479 0.0170981 0.605787 1.91618e-06 0.0216595 
0.00861098 5.02474e-05 9.00825e-07 0.000288285 0.0792576 0.00122283 0.000280437 0.00312558 0.0483287 0.0399957 1.78634e-06 0.000176246 1.7585e-11 0.0027714 0.461702 0.0244187 0.329768 
0.00750766 0.000129723 0.00743935 0.0997714 0.0267345 0.00348094 0.000206463 0.00446277 0.0116603 0.0243578 0.00132346 0.00217303 6.39004e-11 0.0156478 0.763601 0.00739267 0.0241107 
0.00706696 0.000338008 0.00062443 0.09026 0.00751946 0.0279903 0.0382663 0.000754893 0.212887 0.00257932 0.00443292 0.000315519 0.00388564 0.0410232 0.557314 0.000346186 0.0043956 
0.0029392 0.00614841 0.000203841 0.0191287 0.0158061 0.00697884 0.0986631 0.000371742 0.00695745 0.0131888 3.58815e-08 0.00166718 2.09235e-11 0.0912614 0.735497 0.000741892 0.000446218 
0.00291718 3.37511e-06 0.000811412 0.0205323 0.00640537 0.200691 0.0197746 0.00113091 0.288739 0.00105152 0.0159055 6.28644e-05 3.92432e-06 0.0731156 0.33701 0.00175919 0.0300855 
0.0115918 0.0360103 0.05037 0.0338302 0.188681 0.00696179 0.00254932 0.00600514 0.0480294 0.165494 0.00708644 0.00189511 1.80639e-05 0.0180511 0.413008 0.00934064 0.00107776 
1.30518e-05 1.3046e-05 1.30387e-05 0.0026236 0.134471 1.30527e-05 1.30517e-05 0.0469932 1.30548e-05 0.249306 1.30487e-05 0.0756404 1.30427e-05 0.0561471 0.390314 1.30528e-05 0.0443874 
0.00820508 0.107757 0.000561343 0.213511 0.0183836 0.0288634 0.0124839 0.00163028 0.0769257 0.02038 0.00776118 0.000826052 1.9583e-06 0.179637 0.312328 0.000251634 0.0104932 
0.282819 0.0221265 1.45963e-05 0.00226904 0.0216028 5.42465e-05 0.000879127 0.174101 0.00316766 0.00333043 2.02458e-08 0.00138245 1.1006e-08 0.0269544 0.455603 0.000164088 0.00553275 
0.0448179 0.000574965 0.00023484 0.145164 0.0707005 0.00967442 0.0344444 0.000946311 0.24225 0.00719972 0.0638697 0.00479011 0.000546816 0.00785366 0.362945 0.00398617 1.13544e-06 
0.00388382 4.51946e-05 0.000815466 0.0249122 0.00499765 0.00925549 0.00433446 0.000707864 0.266918 0.000226829 0.0850207 1.8361e-05 4.67632e-07 0.0182464 0.539721 0.00070761 0.0401888 
0.282443 0.00126704 1.94019e-07 0.134109 0.00613483 0.00162769 0.000176303 0.000228723 0.171355 0.00586868 0.0570526 1.0586e-07 3.29365e-06 0.0278995 0.311809 5.00384e-06 2.00458e-05 
0.00155039 3.71472e-06 4.24794e-05 0.0213967 0.00457297 0.0525176 0.0057641 7.54766e-05 0.350562 0.0110871 0.00540649 0.00171006 2.19979e-06 0.102255 0.441795 0.0011943 6.44229e-05 
0.0127876 0.00508603 0.000158725 0.0325938 0.0467989 0.0219655 0.00339212 0.0177339 0.244724 0.022162 0.0072701 0.0017176 5.74972e-06 0.0444197 0.366083 0.0167024 0.156398 
0.00129381 3.99252e-07 0.000557412 0.0129195 0.0548741 0.00694385 0.190106 0.000996047 0.00108863 0.0861589 1.35393e-10 0.00731608 2.5317e-10 0.11145 0.524297 0.00188966 0.000108401 
0.000194727 0.00155487 0.00012197 0.0227776 0.0103368 0.00673395 0.00692545 0.000314827 0.148696 0.00217384 0.0029664 0.00528034 2.24681e-09 0.261644 0.500253 0.0002699 0.029757 
0.00325762 0.00074155 0.00200634 0.0918792 0.00561877 0.0259763 0.0861622 0.00691009 0.144977 0.00261175 0.00311733 1.54882e-05 5.19576e-08 0.0428013 0.54747 0.00133536 0.035119 
0.0098304 0.0386469 8.70798e-07 0.0360875 0.0287376 0.0825707 0.0505981 9.28469e-05 0.0868927 0.176715 0.0109592 0.000576315 0.00639492 0.0459806 0.410259 0.0126047 0.00305222 
0.014253 4.63601e-05 0.000117328 0.0975334 0.0708053 0.0865305 0.00153529 0.000122694 0.240552 0.0186712 0.00126437 0.000246107 1.78809e-07 0.139125 0.328738 0.000355365 0.000103633 
0.000951274 0.00218069 5.51095e-05 0.00168716 0.0194396 0.000499132 0.00195678 0.00154636 0.000942349 0.000380246 3.94562e-05 0.000333991 1.33412e-05 0.00455422 0.953084 0.0089365 0.0033999 
0.000951274 0.00218069 5.51095e-05 0.00168716 0.0194396 0.000499132 0.00195678 0.00154636 0.000942349 0.000380246 3.94562e-05 0.000333991 1.33412e-05 0.00455422 0.953084 0.0089365 0.0033999 
0.0133895 0.00733655 0.00249866 0.0754429 0.0119876 0.0233501 0.013282 0.00062961 0.21094 0.0114356 0.0538134 6.24551e-05 1.11222e-07 0.00768534 0.566493 0.00046858 0.00118399 
0.00250875 8.75137e-06 0.0107262 0.0276404 0.000201947 0.227905 0.0182305 4.02712e-05 0.0169779 0.0358958 0.0160697 0.000167729 0.231857 0.00611753 0.340795 3.27048e-05 0.0648247 
0.00204936 0.000137932 0.000407999 0.0328033 0.0685793 0.0415086 0.00314137 0.0227357 0.178737 0.0270982 6.36602e-05 0.000122473 1.42131e-09 0.0839137 0.534677 0.000495098 0.00352892 
0.00716901 0.000139376 0.134478 0.0157644 0.00712773 0.00372082 0.00204076 0.00187248 0.0359462 0.014105 0.00130651 0.00216977 8.39572e-07 0.0141986 0.68978 0.00206235 0.0681181 
0.00237952 0.000930416 0.00155988 0.220554 0.0379078 0.00642921 0.0336709 0.00072541 0.102589 0.0818293 0.0795271 4.50036e-05 0.000118005 0.0737373 0.320142 0.000353171 0.0375025 
0.0482516 0.0238437 5.18596e-05 0.069452 0.0832623 0.0194944 0.0179261 0.00430226 0.226323 0.0505173 0.0198668 0.007491 0.00123589 0.0876886 0.335352 0.00209801 0.00284236 
0.00596309 0.000136565 0.00394261 0.0079505 0.0395306 0.0035776 0.000294923 0.00923227 0.00639491 0.00164011 0.00167085 0.00119375 1.28439e-11 0.0161594 0.871214 0.0153543 0.0157449 
0.00187247 0.131684 0.00548811 0.00546998 0.0465069 0.0258441 0.000702367 0.0911456 0.00849605 0.00517299 1.86065e-05 0.00205893 2.78747e-07 0.209941 0.406579 0.0153422 0.0436776 
0.014284 0.190772 0.000814077 0.0251074 0.157318 0.0531513 0.00103088 0.00721907 0.0406314 0.00764175 8.36348e-05 0.00430071 6.69743e-06 0.170772 0.316403 0.00596385 0.00450054 
0.00099216 0.00545234 8.61382e-10 0.00132739 0.00712079 0.000957581 8.99454e-05 0.000380776 0.00799287 0.0103948 3.53527e-05 0.00595397 0.00446504 0.00190924 0.82678 0.00259339 0.123555 
0.00500284 1.16342e-05 0.000702939 0.000582508 0.00190367 0.0505778 8.94206e-05 3.85205e-08 0.0132085 0.0532434 0.000527539 0.019673 8.87176e-08 0.0167334 0.834053 0.00365947 3.08017e-05 
0.081183 0.0239055 0.000762178 0.0137041 0.153149 0.0170655 0.0104162 0.0236493 0.134377 0.0465597 0.0266294 0.00272692 0.00242262 0.0572648 0.344113 0.0218699 0.040202 
0.00794952 0.00181482 7.17099e-05 0.0186651 0.00956655 0.0171665 0.00266809 0.000665603 0.344327 0.00112238 0.0563371 4.69846e-05 1.88165e-09 0.0115586 0.475195 0.0487422 0.00410259 
0.0112504 0.000725248 0.000114828 0.0839629 0.00174087 0.0542629 0.0107926 0.000725392 0.147078 0.000551085 0.0539459 0.0162542 5.56651e-07 0.0756066 0.500885 0.04209 1.35839e-05 
0.00803816 0.000203692 4.43505e-06 0.0189036 0.00624807 0.0172769 0.00497006 0.00145862 0.215191 0.194312 0.019274 0.000408918 1.04454e-05 0.00104322 0.508811 0.00254944 0.00129648 
0.00722261 0.00716376 0.00148685 0.288566 0.0156652 0.0109897 0.0944695 0.00233088 0.0382671 0.06007 0.0159849 0.000198136 0.00142147 0.115692 0.330878 0.000279498 0.00931526 
0.000358247 8.66368e-05 0.00158129 0.225875 0.000520242 0.0515319 0.00977424 0.000573446 0.071946 0.00758624 0.00468346 2.80841e-06 2.57212e-07 0.0196758 0.605699 4.42728e-05 6.16932e-05 
0.000123256 0.109351 0.00199258 0.0110999 0.00608668 0.00719953 0.00242113 0.000320085 0.0245655 0.000796909 7.92441e-05 0.000788382 1.4713e-07 0.179931 0.633292 0.0122923 0.0096593 
0.00236975 0.010628 5.95904e-05 0.0217043 0.0185935 0.00805943 0.00389768 1.54577e-05 0.0584033 0.0130008 0.315008 0.00152288 1.07213e-05 0.0602578 0.454683 0.0117341 0.0200518 
4.09812e-05 0.000513075 0.0037399 0.0100391 3.24919e-06 0.0218448 0.000957831 4.09879e-06 0.0984232 0.000712392 0.000276343 8.71475e-06 3.15594e-10 0.198236 0.6652 3.52877e-07 5.85069e-07 
0.0266044 0.00578005 0.00189967 0.0636702 0.0710304 0.0405394 0.0363627 0.000900184 0.142091 0.10125 0.000548894 0.000189169 1.66905e-05 0.0562015 0.395335 0.0295131 0.0280683 
0.0234437 0.000225749 2.30145e-07 0.0674333 0.049136 0.0289458 0.0801307 0.130839 0.138017 0.0360911 0.00459839 6.48101e-05 5.58098e-11 0.101902 0.333259 0.00574987 0.000162956 
0.000223797 0.00330499 1.10718e-05 0.00382039 0.0027729 0.00223344 8.09406e-05 0.000234431 0.00292042 0.0109811 2.76528e-05 0.00567566 0.0055467 0.00348441 0.657842 0.000160273 0.30068 
0.0214537 2.70871e-07 0.132757 0.130811 0.0741455 0.0315468 0.0235904 0.00257716 0.131829 0.00140321 0.000176429 0.00208342 6.66115e-05 0.148259 0.24724 2.05748e-11 0.0520603 
0.011442 0.00184576 0.000371975 0.0357927 0.0251323 0.00913759 0.00803147 0.00161327 0.14301 0.0278043 0.014891 0.0111737 2.27973e-06 0.0902852 0.603109 0.0019145 0.0144421 
0.030147 0.000940129 0.0107481 0.0133358 0.0572285 0.128515 0.00493286 0.0256761 0.145657 0.0607538 0.000116569 0.0017778 0.00010298 0.189431 0.321815 0.00275506 0.00606651 
0.0365637 0.000695102 0.00153151 0.0470436 0.014635 0.0536473 0.0135429 0.00118333 0.335879 0.00456417 0.0405709 3.0883e-05 3.53286e-06 0.0505192 0.398911 0.000398278 0.000280508 
0.00218701 0.00376048 0.000724451 0.0128505 0.0605878 0.0322362 0.000628251 0.0071087 0.119944 0.146421 0.00087821 0.00135226 3.57152e-06 0.0671322 0.371566 0.0125679 0.160051 
0.00339939 0.000212792 0.00180501 0.102775 0.00345032 0.107703 0.0343029 0.00135973 0.211938 0.00158891 0.0292281 0.000485961 1.78485e-06 0.16291 0.332021 0.00177415 0.00504399 
0.010443 4.52094e-05 0.00895201 0.0336242 0.0450669 0.0262863 0.0578363 0.00156918 0.0858259 0.0187082 0.00352686 0.122974 0.00763363 0.075543 0.475553 0.00078458 0.0256284 
0.0320022 0.00979494 0.000158853 0.0326856 0.14453 0.142458 0.0882789 0.0198479 0.119469 0.00415595 0.00269524 0.000139773 1.74876e-08 0.169463 0.178641 0.0470713 0.00860928 
4.12677e-05 0.00107422 4.39853e-05 0.00925083 0.00183076 0.0172819 0.0517256 8.65116e-05 0.0231293 0.00540124 3.78122e-08 3.46771e-05 2.4632e-08 0.0508815 0.837576 0.00024373 0.00139887 
0.00280067 0.00136616 4.21419e-05 0.00798792 0.049165 0.0123151 0.0118006 0.0350928 0.0504482 0.0565151 0.00095648 0.000599775 6.84256e-10 0.0524995 0.520266 0.0313933 0.166751 
0.00365088 0.000100224 0.226244 0.0313058 0.0133547 0.0135786 0.00774762 0.000978 0.0390283 0.0210359 0.000753899 0.00115276 0.000144097 0.0463458 0.574924 0.00164439 0.0180115 
0.000370631 0.0138447 0.000225751 0.188071 0.0232968 0.0050902 0.00240921 0.000514984 0.0282815 0.0449852 0.00253062 0.00796076 9.14213e-12 0.0526211 0.610961 0.000593558 0.0182438 
0.0102285 0.00419541 3.35225e-06 0.000543506 0.0890805 0.000105138 7.98167e-07 0.00926962 0.00135813 0.316599 1.65487e-06 0.0194559 1.65738e-07 0.0248591 0.51623 0.000738266 0.00733096 
0.108486 0.00141996 7.4235e-05 0.23064 0.0752692 0.0276622 0.0239493 0.00325954 0.0798566 0.0634745 0.0106304 0.000104555 1.04063e-08 0.0393432 0.290658 0.0217123 0.0234602 
0.0156738 0.0282134 0.000103135 0.0630488 0.0691559 0.0113888 0.000891828 0.00111326 0.293309 0.0479728 0.0241138 0.00267759 0.000187442 0.0351342 0.394966 0.00998601 0.00206402 
0.000370631 0.0138447 0.000225751 0.188071 0.0232968 0.0050902 0.00240921 0.000514984 0.0282815 0.0449852 0.00253062 0.00796076 9.14213e-12 0.0526211 0.610961 0.000593558 0.0182438 
0.00191911 0.00432117 2.96114e-07 0.190475 0.0416862 0.0209496 0.00086668 0.00328415 0.00393058 0.0368296 5.82197e-10 0.000866836 5.55209e-07 0.0305447 0.662977 0.00134741 1.38835e-06 
0.000162079 0.000148545 0.000141781 0.0180038 0.000611131 0.0189591 0.0110762 1.11259e-05 0.465818 0.000152768 0.000916067 2.31258e-05 1.41426e-08 0.0082063 0.474744 0.00101785 7.49256e-06 
0.00789037 0.00020142 0.00229763 0.00995689 0.0399421 0.0139981 0.00145158 0.00693153 0.0181168 0.00528346 0.00257726 0.00146562 2.08172e-08 0.0330743 0.58509 0.0386033 0.23312 
0.00456675 0.00396989 0.00426647 0.10196 0.0956503 0.0277294 0.00953221 0.00104199 0.120099 0.127322 0.0313338 0.00147273 0.00401835 0.159963 0.298638 0.000832966 0.00760363 
0.000356822 0.000397422 0.00202879 0.0455262 0.0215739 0.271285 0.0142286 0.000847626 0.0803987 0.0484705 0.000401072 0.000128823 0.000155313 0.232532 0.28127 0.000361496 3.79602e-05 
0.00142747 8.788e-05 0.000365736 0.00634634 0.00320255 0.010438 0.00417719 0.000224657 0.163891 0.00159402 0.0588092 0.000347163 7.59318e-07 0.0082474 0.738549 0.00227787 1.32578e-05 
0.00139999 2.95801e-07 5.04738e-05 0.0376359 2.00197e-05 0.00125963 0.00603743 7.90281e-05 0.00935441 9.45833e-05 0.0479229 5.05559e-05 3.94004e-07 0.00723243 0.885714 2.72126e-06 0.00314541 
0.00329073 0.00732365 8.22857e-05 0.0295971 0.0156704 0.0160178 0.00440428 0.00293669 0.214026 0.059829 0.138619 0.00145745 0.000208239 0.0298223 0.462 0.00176814 0.0129471 
0.0820341 4.50637e-05 0.00902071 0.0698434 0.0438041 0.0292599 0.0181376 0.000342333 0.0712663 0.284822 0.000396117 0.000729214 5.6811e-06 0.0772327 0.306342 0.00237162 0.00434728 
0.00547917 0.101153 0.000581079 0.100228 0.0360441 0.0590384 0.02029 0.00416018 0.0501953 0.0128395 0.0610896 0.00738719 6.57116e-06 0.234751 0.269703 0.0185892 0.0184642 
0.00861098 5.02474e-05 9.00825e-07 0.000288285 0.0792576 0.00122283 0.000280437 0.00312558 0.0483287 0.0399957 1.78634e-06 0.000176246 1.7585e-11 0.0027714 0.461702 0.0244187 0.329768 
2.91132e-05 0.0186058 4.19981e-05 0.00331101 5.03587e-06 0.023374 0.00079073 6.72452e-06 0.115043 0.11997 0.042615 2.10136e-06 6.99254e-05 0.00519971 0.670774 1.55051e-05 0.000145974 
0.021035 0.000232099 2.18003e-07 1.00522e-10 0.0241043 1.48828e-05 4.23642e-07 1.66406e-05 0.0336837 0.0998755 1.63831e-07 0.0731406 7.99733e-07 0.134345 0.584186 0.00593 0.0234352 
0.00112174 0.000312591 0.000375237 0.0521062 0.0536125 0.0190929 0.0185898 0.0103573 0.12031 0.182953 0.0057304 0.000684403 0.00020026 0.0186945 0.459195 0.00907305 0.0475906 
0.00644505 0.000376355 0.00494805 0.0208404 0.00934304 0.114204 0.0126854 0.00199315 0.35183 0.00221431 0.00307333 0.000897735 1.6654e-07 0.0705219 0.356033 0.0430393 0.00155443 
0.0162351 0.0423139 0.000536087 0.0110293 0.136563 0.143283 0.00395685 0.0193276 0.120725 0.0427126 0.000441223 0.0267916 0.0125465 0.109513 0.29293 0.0209671 0.000127733 
4.66387e-06 3.2102e-06 3.21103e-06 0.000120098 0.000441897 0.00977982 0.00400033 4.75289e-06 0.083951 0.0014956 3.90506e-05 0.000349067 6.78735e-07 0.00113097 0.898573 9.25581e-05 9.62116e-06 
0.0029392 0.00614841 0.000203841 0.0191287 0.0158061 0.00697884 0.0986631 0.000371742 0.00695745 0.0131888 3.58815e-08 0.00166718 2.09235e-11 0.0912614 0.735497 0.000741892 0.000446218 
0.0193328 0.00586359 0.000929352 0.0050868 0.0138592 0.165962 0.000908628 0.0097504 0.191819 0.0220577 0.00509612 0.000808242 9.9363e-07 0.149962 0.402273 0.00534312 0.000946711 
0.00439266 4.31084e-06 0.00737511 0.0461277 0.038322 0.0416408 0.00188385 0.000475311 0.276365 0.0894065 0.000744783 3.46558e-05 3.26523e-06 0.0955964 0.392218 6.9112e-05 0.00534004 
3.27009e-05 4.30898e-06 3.28597e-09 0.00803502 0.000209196 0.00165049 0.000475307 9.71474e-06 0.257536 0.000129686 0.344745 1.22505e-12 9.89158e-10 0.000104077 0.387064 3.90415e-06 1.41888e-09 
0.0818864 0.000799197 0.00640893 0.0184849 0.0354392 0.0305891 0.00314792 0.00728408 0.193126 0.0255977 0.00144052 0.00239244 0.00241892 0.146774 0.418911 0.000263983 0.0250353 
0.00596309 0.000136565 0.00394261 0.0079505 0.0395306 0.0035776 0.000294923 0.00923227 0.00639491 0.00164011 0.00167085 0.00119375 1.28439e-11 0.0161594 0.871214 0.0153543 0.0157449 
0.00280477 0.000240872 0.00141822 0.0320669 0.0164784 0.0610191 0.115292 0.0028388 0.285256 0.0207 0.00318257 0.000601735 0.000911405 0.027519 0.426203 0.00225433 0.0012131 
0.0102131 0.00223867 0.0013385 0.196268 0.00897359 0.00720402 0.00546112 0.000953965 0.196487 0.0349651 0.0171085 0.001623 1.29396e-06 0.0738503 0.441439 0.00147368 0.000400839 
0.00117547 0.118158 9.38696e-05 0.00255929 0.00566348 0.109993 0.00768932 0.00170318 0.184253 0.0133284 0.000271696 0.000897894 1.11754e-06 0.204867 0.345482 0.00261606 0.0012466 
0.0029392 0.00614841 0.000203841 0.0191287 0.0158061 0.00697884 0.0986631 0.000371742 0.00695745 0.0131888 3.58815e-08 0.00166718 2.09235e-11 0.0912614 0.735497 0.000741892 0.000446218 
4.12677e-05 0.00107422 4.39853e-05 0.00925083 0.00183076 0.0172819 0.0517256 8.65116e-05 0.0231293 0.00540124 3.78122e-08 3.46771e-05 2.4632e-08 0.0508815 0.837576 0.00024373 0.00139887 
0.0392618 0.00100889 0.00147865 0.0114798 0.00706634 0.0167981 0.00590281 5.84438e-05 0.0662679 0.0308925 0.0104662 0.00134243 2.32555e-07 0.0710335 0.725983 0.00655329 0.00440662 
0.000951274 0.00218069 5.51095e-05 0.00168716 0.0194396 0.000499132 0.00195678 0.00154636 0.000942349 0.000380246 3.94562e-05 0.000333991 1.33412e-05 0.00455422 0.953084 0.0089365 0.0033999 
3.04656e-05 5.35592e-06 3.8339e-06 0.016483 0.000983533 0.0144187 0.0118864 4.8836e-05 0.0530793 0.13333 0.0168698 0.015632 1.05146e-07 0.0203041 0.392086 1.13193e-06 0.324838 
0.000194727 0.00155487 0.00012197 0.0227776 0.0103368 0.00673395 0.00692545 0.000314827 0.148696 0.00217384 0.0029664 0.00528034 2.24681e-09 0.261644 0.500253 0.0002699 0.029757 
0.00936236 9.99858e-08 0.000797001 1.33398e-06 4.96959e-07 5.16574e-11 3.13526e-07 1.29832e-07 0.00811549 0.0325953 0.00250216 0.00231396 2.27573e-10 0.00492731 0.934491 9.34154e-05 0.00479918 
0.0014241 1.24268e-05 0.000255477 0.15882 0.008312 0.184461 0.083625 0.000775523 0.0801779 0.0110056 0.000375007 0.000215839 0.00394877 0.0271778 0.439073 3.78304e-05 0.000303229 
0.0235784 2.19731e-06 0.00379398 0.123391 0.000493935 0.000707709 0.0497226 0.00154198 0.121046 0.0164363 0.00458755 0.0040705 4.27017e-10 0.0497844 0.577088 2.597e-06 0.0237529 
0.00220626 0.00483766 6.81759e-08 0.00370687 0.0411686 0.0353295 0.0484606 0.00750028 0.103903 0.204889 0.0750922 0.000969651 2.2158e-08 0.0269767 0.428963 0.01539 0.000605316 
0.0320828 0.00113162 0.0126865 0.00907748 0.308484 0.0106758 0.000560021 0.0654386 0.0718742 0.0986452 0.0301618 0.001735 1.97059e-05 0.0196193 0.312763 0.0195044 0.0055403 
0.0250177 0.000939141 0.0004425 0.000657091 0.0646465 3.22748e-07 1.75437e-05 0.00530631 1.06421e-07 0.0172821 0.00125845 0.00232952 2.3979e-11 0.00151108 0.808949 0.0175878 0.0540551 
0.000610287 0.000184352 0.00414282 0.0374019 0.00256961 0.037268 0.0822743 0.000672712 0.0676131 0.0208128 6.88804e-05 0.000654713 5.69517e-09 0.0613849 0.676811 0.00127503 0.00625514 
0.0130851 0.004352 0.0103388 0.156497 0.0752952 0.024533 0.0125085 0.00315364 0.1101 0.0270627 0.0139342 0.000993374 0.000658092 0.0959351 0.425181 0.0148289 0.0115438 
0.000951274 0.00218069 5.51095e-05 0.00168716 0.0194396 0.000499132 0.00195678 0.00154636 0.000942349 0.000380246 3.94562e-05 0.000333991 1.33412e-05 0.00455422 0.953084 0.0089365 0.0033999 
0.000951274 0.00218069 5.51095e-05 0.00168716 0.0194396 0.000499132 0.00195678 0.00154636 0.000942349 0.000380246 3.94562e-05 0.000333991 1.33412e-05 0.00455422 0.953084 0.0089365 0.0033999 
0.00014763 0.00917836 0.00163668 0.060018 0.000550407 0.0497216 0.00253069 9.3305e-05 0.11775 0.000773841 0.00275712 0.000421695 0.000241802 0.0154124 0.718398 0.000195885 0.0201725 
2.72293e-05 1.81205e-05 0.000351213 0.0281925 0.00213502 0.0168115 0.0193847 2.41244e-05 0.129859 0.000604859 0.00181349 6.06846e-05 6.47734e-09 0.0277007 0.771364 2.82557e-05 0.00162429 
0.00450339 0.0044519 0.0455629 0.0112887 0.0102104 0.0641978 0.0036815 0.00140004 0.0240767 0.0698713 0.00080695 0.0214487 0.050292 0.0476685 0.560701 0.0110312 0.0688073 
0.00582211 0.00827647 0.00118211 0.0152683 0.014216 0.0530826 0.0323038 0.00111675 0.0608881 0.0220553 0.00753196 0.000158529 4.49196e-07 0.121044 0.616649 0.0395307 0.000873385 
0.0301091 0.00153893 0.0001721 0.0799735 0.0403485 0.00846631 0.00647305 0.00330409 0.0570548 0.0801494 0.0293363 0.00548717 3.79685e-10 0.0148883 0.62634 0.00028556 0.0160734 
0.0350671 0.000223118 0.00102415 0.0453856 0.0648885 0.00471936 0.00495053 0.000775466 0.05286 0.174227 0.00032514 0.000404248 2.06417e-09 0.0510454 0.537319 0.026756 2.85695e-05 
0.000951274 0.00218069 5.51095e-05 0.00168716 0.0194396 0.000499132 0.00195678 0.00154636 0.000942349 0.000380246 3.94562e-05 0.000333991 1.33412e-05 0.00455422 0.953084 0.0089365 0.0033999 
0.0732506 5.28001e-06 2.29127e-08 0.236919 0.0734627 0.109548 0.0239116 0.00309839 0.0675535 0.0262056 0.00997646 0.000108025 2.37036e-10 0.124087 0.243768 0.00563823 0.00246791 
4.77361e-05 0.0026833 1.07983e-05 0.106828 0.00486003 0.00486307 0.000459419 7.12579e-05 0.0106528 0.135989 1.4751e-07 0.00396851 1.24359e-05 0.0119648 0.698821 0.000553437 0.0182147 
0.0127488 0.0105981 1.36965e-06 0.0652012 0.0245887 0.014689 0.00478669 0.0201079 0.0310197 0.00576019 0.0745957 0.000183919 9.94136e-09 0.191102 0.541837 0.00181481 0.000965389 
0.00596309 0.000136565 0.00394261 0.0079505 0.0395306 0.0035776 0.000294923 0.00923227 0.00639491 0.00164011 0.00167085 0.00119375 1.28439e-11 0.0161594 0.871214 0.0153543 0.0157449 
0.0808472 0.000160215 0.00357423 0.0385633 0.0352589 0.0100788 0.0389227 0.00481391 0.198055 0.162971 0.00499103 0.000827114 1.00727e-05 0.0464133 0.333934 0.0386295 0.0019503 
0.0118579 0.00117963 5.49778e-05 0.0156175 0.0297018 0.183834 0.0087854 0.000929665 0.0770445 0.113097 0.00203803 0.00130631 0.100203 0.0785553 0.354402 0.0107033 0.0106912 
0.0101823 0.00161123 0.000389902 0.0127026 0.0167378 0.00187989 0.00563442 0.00152942 0.0142717 0.2924 6.12374e-05 0.0110398 1.61865e-09 0.0100011 0.611732 0.00380799 0.00601902 
0.00944634 0.00129021 0.00215725 0.0931942 0.0756362 0.0046085 0.00994641 0.00428134 0.068125 0.0115081 0.0166467 6.85031e-05 1.35593e-07 0.0628425 0.550205 0.000305621 0.0897377 
0.00321547 0.00112345 0.00446246 0.0145205 0.00935539 0.00436539 0.00514924 0.000147475 0.063144 0.00656256 0.000469185 0.0384001 1.85996e-06 0.0483237 0.799897 0.00081423 4.81353e-05 
0.00547207 0.012543 0.00010036 0.100501 0.0369506 0.0368312 0.0259121 0.0485804 0.147408 0.0182899 0.0244088 0.00880938 5.66555e-07 0.0463055 0.476375 0.00817441 0.00333727 
0.000370631 0.0138447 0.000225751 0.188071 0.0232968 0.0050902 0.00240921 0.000514984 0.0282815 0.0449852 0.00253062 0.00796076 9.14213e-12 0.0526211 0.610961 0.000593558 0.0182438 
0.0200888 0.000737445 0.00122195 0.00998325 0.0314508 0.0169924 0.00156391 0.00829697 0.0666884 0.277076 5.57071e-06 0.000267308 5.2687e-08 0.0551635 0.487031 7.22082e-07 0.0234321 
2.17238e-05 4.01862e-05 5.55434e-05 0.0754203 0.00108422 0.000818214 0.000615548 0.00217551 0.0674581 0.000450883 0.0647494 5.38379e-07 1.02522e-06 8.93658e-05 0.787014 4.28711e-06 1.00842e-06 
0.0110229 0.0049294 8.71187e-05 0.0477254 0.0911673 0.0240161 0.0142677 0.0061513 0.0450687 0.0414895 0.000971395 0.00089931 7.01146e-08 0.0413588 0.603142 0.00735237 0.0603506 
0.00625147 1.03517e-05 0.000513407 0.0130424 0.0468647 0.0148956 0.0550853 0.00620701 0.0574015 0.0608042 1.9964e-05 0.00053931 1.79854e-05 0.040032 0.690981 0.00467156 0.00266188 
0.0355256 0.00137019 0.000445414 0.0189134 0.0575576 0.00445749 0.000865214 0.022547 0.0232443 0.0891902 0.0071543 0.00290224 6.30165e-05 0.0256747 0.510771 0.0128953 0.186423 
0.0198364 1.66711e-06 0.000160328 0.136949 0.00102883 0.153942 0.0708727 9.25835e-05 0.0953696 0.0914356 0.00780108 0.000390495 0.0023388 0.0731455 0.330696 4.34903e-06 0.0159343 
0.0632177 0.0401644 9.78025e-05 0.00636024 0.031724 0.00617415 8.50257e-05 0.00024759 0.0071252 0.043686 4.27731e-05 0.000449557 1.68561e-10 0.0182921 0.753587 0.00237121 0.0263752 
9.43465e-05 9.76588e-06 0.000924141 0.0478891 0.000902988 0.0114122 0.00868318 8.69691e-05 0.38267 0.000122247 0.0150943 2.56706e-05 6.49481e-08 0.0168915 0.509351 0.00529489 0.00054751 
0.0124956 0.00135028 0.0126484 0.0149226 0.0790428 0.0332585 0.00876562 0.0318303 0.235064 0.0213739 0.0037552 0.00291202 1.29159e-05 0.147026 0.344725 0.040079 0.0107376 
0.000884004 0.236715 0.00207534 0.00908355 0.0100291 0.044063 0.00632569 0.00171767 0.020716 0.000499412 0.00038613 0.00147079 2.82584e-06 0.209284 0.370285 0.0681212 0.0183413 
0.000338996 0.000213744 1.9064e-05 0.0271424 0.00278247 0.0449457 0.00296417 0.000112202 0.376573 0.00071176 0.134956 0.00135675 1.74727e-09 0.00497726 0.40285 5.27429e-05 3.60387e-06 
0.00513654 0.00014769 0.000208491 0.142087 0.0102141 0.0139332 0.0428353 0.000214537 0.0645787 0.00671841 0.00761508 0.00363326 3.74681e-05 0.129868 0.561698 9.10565e-05 0.0109834 
0.0124891 0.0216416 0.00078954 0.0736423 0.0292357 0.0407246 0.0284838 0.0341051 0.165062 0.0251993 0.0074657 0.00302894 4.18115e-06 0.0871329 0.406614 0.0120694 0.0523126 
0.000610287 0.000184352 0.00414282 0.0374019 0.00256961 0.037268 0.0822743 0.000672712 0.0676131 0.0208128 6.88804e-05 0.000654713 5.69517e-09 0.0613849 0.676811 0.00127503 0.00625514 
0.00015356 0.000319146 2.87246e-05 0.0233985 0.00216942 0.0241384 0.023003 0.00034885 0.139979 0.00278762 0.00062877 0.000144551 4.95754e-06 0.0169783 0.76059 0.00530504 2.25015e-05 
0.282819 0.0221265 1.45963e-05 0.00226904 0.0216028 5.42465e-05 0.000879127 0.174101 0.00316766 0.00333043 2.02458e-08 0.00138245 1.1006e-08 0.0269544 0.455603 0.000164088 0.00553275 
0.000477418 0.000393373 0.00130185 0.0205163 0.0100445 0.223492 0.0096311 0.000319001 0.187883 0.00925461 0.000518729 0.000157103 0.000237793 0.0227766 0.49836 0.00587083 0.00876648 
0.00845242 0.000191578 5.98756e-05 0.0565005 0.051279 0.0534972 0.114882 0.0027177 0.15631 0.00779179 0.00219798 0.00572181 0.00220975 0.05252 0.485321 0.000239036 0.000108253 
0.000737634 4.41894e-05 0.018424 0.0824376 0.000861992 0.00782735 0.345552 5.63102e-06 0.0946593 0.00021557 0.00126401 1.69911e-07 7.7099e-07 0.00507521 0.442889 3.44115e-07 5.3578e-06 
0.00099216 0.00545234 8.61382e-10 0.00132739 0.00712079 0.000957581 8.99454e-05 0.000380776 0.00799287 0.0103948 3.53527e-05 0.00595397 0.00446504 0.00190924 0.82678 0.00259339 0.123555 
0.00300696 0.17829 0.000701862 0.0417938 0.0460172 0.0273956 0.044409 0.0233818 0.0907234 0.0822037 0.000559461 0.00202267 2.32665e-06 0.0568206 0.365145 0.0278556 0.00967117 
0.00514578 0.000279393 3.4057e-05 0.0753097 0.00330913 0.00332065 0.00314718 0.0308516 0.197826 0.142446 0.0310431 0.0026868 2.21839e-06 0.0389644 0.409071 0.00219379 0.0543693 
0.000951274 0.00218069 5.51095e-05 0.00168716 0.0194396 0.000499132 0.00195678 0.00154636 0.000942349 0.000380246 3.94562e-05 0.000333991 1.33412e-05 0.00455422 0.953084 0.0089365 0.0033999 
0.0059327 0.0025678 0.00500728 0.0312624 0.0708825 0.10556 0.0411278 0.00949106 0.234683 0.113232 0.00128002 0.00132156 0.000231078 0.0524715 0.292121 0.0169874 0.0158411 
0.0111507 0.00129801 0.00162002 0.00969244 0.030794 0.0213926 0.00429601 0.00453089 0.0981622 0.0214595 0.000340421 0.0147756 1.19866e-07 0.0829724 0.511055 5.08916e-06 0.186455 
0.000178843 0.205729 0.00238377 0.0158127 0.00249073 0.0212702 0.00107831 0.000409404 0.0107411 0.000662638 0.000447341 0.000327522 6.43583e-08 0.26606 0.424462 0.00194087 0.0460058 
0.0319485 0.000152601 0.00989458 0.012034 0.0753679 0.0257673 0.000406138 0.0379782 0.0313617 0.0273717 0.000171336 0.00607895 4.84658e-08 0.0447698 0.661714 0.00179774 0.0331851 
0.0216243 0.181201 4.97615e-06 0.00193599 0.0140249 0.00745451 0.00947792 0.000859517 0.0945671 0.219808 0.023082 2.62597e-05 3.88595e-06 0.00298984 0.39831 0.000462488 0.024167 
0.000370631 0.0138447 0.000225751 0.188071 0.0232968 0.0050902 0.00240921 0.000514984 0.0282815 0.0449852 0.00253062 0.00796076 9.14213e-12 0.0526211 0.610961 0.000593558 0.0182438 
0.000951274 0.00218069 5.51095e-05 0.00168716 0.0194396 0.000499132 0.00195678 0.00154636 0.000942349 0.000380246 3.94562e-05 0.000333991 1.33412e-05 0.00455422 0.953084 0.0089365 0.0033999 
0.0156645 1.08933e-05 2.29826e-07 0.0325232 0.0250207 0.000791916 0.0797975 0.00238276 0.0276668 0.0410912 0.0764969 2.23558e-07 0.000124051 0.0875912 0.609371 0.00146636 5.91927e-08 
0.00981861 0.0721391 0.00132756 0.0115953 0.0686446 0.0564897 0.01838 0.00399789 0.0647202 0.122832 0.0518153 0.000250273 0.000129133 0.0376482 0.329744 0.0959215 0.0545468 
0.00372698 0.000584828 0.00247479 0.266761 0.0759834 0.062262 0.0120157 0.000441547 0.162912 0.00530142 0.0367581 0.000148243 2.09866e-08 0.0180738 0.316131 0.0015956 0.0348305 
0.0157446 0.000233997 0.000289012 0.0670389 0.0100171 0.0228686 0.00948656 0.000678984 0.199283 0.0219314 0.168831 0.000345147 0.000414907 0.0519467 0.422523 0.00817297 0.000194782 
0.0223955 0.0829766 0.000110112 0.0422791 0.0601156 0.01825 0.0619338 0.00159553 0.182074 0.161027 0.0228407 0.00208768 8.50033e-10 0.0414077 0.286535 0.0103573 0.0040147 
0.0220311 0.00216114 5.60938e-07 0.085781 0.119785 0.0530219 0.00243047 0.00484304 0.162117 0.0659393 0.0286157 0.0010324 8.75404e-06 0.0877793 0.310672 0.0415832 0.0121978 
0.00890767 0.00162839 6.84589e-05 0.0137166 0.0279408 0.0643576 0.0173053 0.0103182 0.0979986 0.0268095 0.00230144 0.00359302 1.97564e-05 0.0594821 0.395457 0.0190799 0.251016 
1.30518e-05 1.3046e-05 1.30387e-05 0.0026236 0.134471 1.30527e-05 1.30517e-05 0.0469932 1.30548e-05 0.249306 1.30487e-05 0.0756404 1.30427e-05 0.0561471 0.390314 1.30528e-05 0.0443874 
0.0342307 0.00569956 0.00145147 0.0761249 0.0938477 0.140704 0.00924313 0.0119967 0.137427 0.0216588 0.00166173 0.0074606 3.28114e-05 0.112931 0.275023 0.0370706 0.0334368 
0.00574909 0.00191728 0.00117968 0.133926 0.0685282 0.0487224 0.0159306 0.0153482 0.287835 0.0502068 0.00616905 9.43325e-05 6.03403e-05 0.0292953 0.321973 0.00861986 0.0044443 
0.00306478 0.00012716 2.93736e-06 0.0380255 0.0209616 0.0088887 0.0120007 0.000114046 0.297253 0.0474054 0.0269332 0.0206501 2.09769e-05 0.0120824 0.49781 0.0145364 0.000123225 
0.00155662 0.0235019 0.000506107 0.0725889 0.292741 0.00354067 0.00342141 0.00139857 0.0504171 0.00436794 0.000317739 0.00123654 3.91542e-09 0.0220089 0.517814 0.00411189 0.000471003 
0.170382 0.00523174 6.82665e-07 0.0632609 0.0787878 0.00308076 0.000680469 0.000534343 0.0250185 0.273047 9.07643e-11 0.00835745 0.000337205 0.00477508 0.363226 0.000176563 0.00310304 
0.0152945 0.328022 1.70572e-05 0.0136829 0.0653856 0.00299751 0.00156896 0.000839937 0.0418972 0.0166451 2.04736e-05 0.0119004 9.88132e-05 0.0811085 0.41954 0.000421138 0.000559882 
0.00149083 0.000389538 3.96491e-05 0.00824706 0.0019449 0.00907505 0.0117673 0.000160734 0.295335 0.0100775 0.0500737 0.000312162 1.32572e-07 0.00136111 0.583927 0.0257805 1.782e-05 
0.00861098 5.02474e-05 9.00825e-07 0.000288285 0.0792576 0.00122283 0.000280437 0.00312558 0.0483287 0.0399957 1.78634e-06 0.000176246 1.7585e-11 0.0027714 0.461702 0.0244187 0.329768 
0.000345938 0.000168342 0.00092372 0.136617 0.0128965 0.00564435 0.00170021 0.00203231 0.0294253 0.0100279 0.00721819 0.000728724 1.17496e-08 0.00364016 0.765301 0.0166344 0.0066963 
0.000249295 0.279557 0.00297874 0.0210734 0.00530374 0.00486808 0.00191138 0.00335502 0.0152081 0.00107767 0.000601461 0.000206446 3.87713e-07 0.130631 0.498521 0.00017315 0.0342838 
0.000105112 3.07457e-06 3.55163e-05 0.0311435 0.0119888 0.0301268 0.031239 0.000195461 0.384471 0.000442692 0.000568558 7.24087e-05 1.11678e-06 0.0240076 0.406531 0.0790306 3.74631e-05 
1.3321e-05 4.20437e-06 0.000226045 0.0632211 1.28906e-08 0.00736222 0.00412173 1.39563e-05 0.386889 6.11965e-06 0.017214 9.02088e-06 7.21319e-12 0.00614281 0.512973 2.00496e-05 0.00178365 
0.0307613 0.00108062 0.000224319 0.0428603 0.100225 0.0192202 0.00849091 0.0156554 0.186197 0.121359 0.0152136 0.00443366 3.28982e-10 0.0321666 0.396565 0.0166244 0.00892374 
0.00221281 0.000195524 4.35028e-05 0.0550272 0.00171053 0.0254636 0.00915816 5.40205e-05 0.0852902 0.00981599 0.364853 0.000521714 0.00217244 0.0399588 0.378061 0.00206473 0.0233966 
0.0010535 0.00038911 0.000132908 0.178661 0.00811922 0.0709822 0.120936 0.00018067 0.200424 0.00144104 0.000658843 0.000704059 1.78682e-06 0.10494 0.307406 0.00396276 7.24799e-06 
0.000951274 0.00218069 5.51095e-05 0.00168716 0.0194396 0.000499132 0.00195678 0.00154636 0.000942349 0.000380246 3.94562e-05 0.000333991 1.33412e-05 0.00455422 0.953084 0.0089365 0.0033999 
0.000342448 0.000352686 0.00232376 0.0142636 0.00410581 0.0577605 0.0353969 0.000407105 0.158223 0.0472273 0.000581887 0.000819598 3.50349e-05 0.0553441 0.600815 0.00659868 0.0154024 
0.0133679 1.1683e-06 2.29084e-05 0.0393528 0.00593911 0.0440412 0.0401836 7.92592e-05 0.0160981 0.00145881 0.0421776 0.000166991 4.63626e-07 0.114842 0.674227 0.000132992 0.00790823 
0.0265026 0.000170696 0.000646906 0.186507 0.149517 0.0812264 0.0015652 0.00235772 0.131919 0.00790734 0.00607663 0.00408929 1.47722e-07 0.16962 0.212713 0.0177978 0.00138308 
0.00257688 1.34757e-06 0.000515456 0.00475245 0.0125926 0.00055887 0.00649033 0.000156263 0.100713 0.166277 9.59919e-07 2.28974e-06 0.00025379 0.000186262 0.704739 0.000155472 2.74847e-05 
0.000138726 6.74091e-07 1.08249e-06 0.275888 0.0913509 0.00183588 0.00510632 7.11055e-05 0.0398797 0.00171676 0.0131164 0.00159635 9.97307e-08 0.0391709 0.454404 3.49735e-08 0.0757225 
0.00137441 0.0728304 0.000280597 0.00496238 0.0288039 0.0548776 0.000780101 0.00195783 0.171307 0.0197047 0.00326029 0.000242617 1.68193e-07 0.1426 0.414447 0.0202606 0.0623108 
0.0150047 0.000344072 0.00197571 0.205871 0.0270717 0.107256 0.211384 0.000771755 0.0475445 0.038844 0.00230641 0.000976059 0.0083379 0.076705 0.223932 0.00666808 0.0250072 
0.000146177 2.44262e-05 0.128691 0.015548 0.00264048 0.0343576 0.0118756 0.000454215 0.0342341 0.0106222 0.000352445 0.000998799 0.0267616 0.00766379 0.6944 0.000108707 0.0311209 
0.233728 0.0120326 0.0115841 0.0239151 0.0210707 0.000267299 0.00621042 0.0698326 0.0437054 0.0449031 0.00128329 0.0048779 6.85586e-08 0.0282047 0.49629 0.000122347 0.00197196 
