1.39148e-07 0.000277887 6.06013e-07 0.000898348 0.000156858 1.04894e-07 1.4266e-07 2.00641e-07 0.000380158 0.995305 0.00153245 0.000825869 4.62103e-07 0.000418633 7.76293e-08 1.00995e-07 0.000203062 
2.48405e-05 3.63749e-07 3.54213e-06 0.0869486 0.00701082 0.000658872 5.49625e-05 4.77166e-05 0.00860079 0.8873 2.51062e-05 6.18071e-07 4.51902e-05 0.00922451 1.99868e-07 4.01336e-06 4.99284e-05 
0.00431636 6.69608e-06 1.16967e-05 0.89971 0.00900618 2.02457e-06 2.75351e-06 3.87261e-06 0.0785714 0.00117032 0.00206208 1.13778e-05 8.91912e-06 0.00511001 1.49833e-06 1.94933e-06 3.01256e-06 
9.78171e-08 0.333138 6.41093e-05 0.000100685 0.000306712 0.000294015 9.75451e-05 0.000407775 0.332425 0.000362956 0.000268527 0.0002482 0.000113632 0.332172 5.45711e-08 7.09967e-08 1.09721e-07 
0.971584 1.053e-07 1.82099e-11 3.1385e-12 0.025659 3.15192e-12 4.28676e-12 0.00240861 0.000347759 4.70241e-08 2.67407e-08 1.77133e-11 1.38856e-11 4.30934e-07 2.33266e-12 3.03478e-12 4.69005e-12 
0.971584 1.053e-07 1.82099e-11 3.1385e-12 0.025659 3.15192e-12 4.28676e-12 0.00240861 0.000347759 4.70241e-08 2.67407e-08 1.77133e-11 1.38856e-11 4.30934e-07 2.33266e-12 3.03478e-12 4.69005e-12 
1.77651e-06 5.65431e-07 4.79577e-09 2.73954e-06 5.43094e-06 0.000552966 1.12897e-09 0.000755914 0.00307504 0.995596 2.55452e-06 4.66499e-09 3.65692e-09 6.56906e-07 6.14331e-10 2.97688e-06 3.68185e-06 
0.0339407 2.61197e-08 1.05665e-05 9.56878e-06 0.349977 0.000394805 0.0580787 1.5106e-08 0.00170638 2.02449e-06 0.000423927 4.43817e-08 3.47912e-08 0.436985 5.84461e-09 0.118471 1.17512e-08 
0.00344484 7.21195e-06 7.60016e-08 0.168569 0.0151572 1.3155e-08 1.78914e-08 7.65341e-05 0.00221533 0.654071 3.0993e-08 7.39291e-08 5.24213e-06 0.156445 9.73569e-09 8.80268e-06 1.95746e-08 
3.56585e-06 8.89043e-06 1.55298e-05 0.00187629 0.0119225 2.68804e-06 3.65585e-06 0.0169727 0.845854 0.108373 6.33297e-06 1.51063e-05 1.1842e-05 0.0149255 1.98935e-06 2.58813e-06 3.99979e-06 
0.000109705 0.000292973 9.47315e-05 1.33596e-07 0.00185126 0.0804887 0.00555901 0.00126445 0.0829536 0.816281 0.000166838 7.53997e-07 5.91064e-07 0.010936 9.92935e-08 1.2918e-07 1.9964e-07 
0.00141563 0.00010249 2.95819e-07 0.0500491 9.49527e-05 1.95552e-05 2.45578e-05 9.79409e-08 0.0245476 0.0796616 0.000571831 0.843407 2.71358e-06 6.55094e-05 3.78939e-08 4.92998e-08 3.71774e-05 
0.354102 9.42586e-09 1.64651e-08 6.45031e-05 0.585296 2.84993e-09 0.0328086 1.93721e-06 0.00533953 0.0182645 1.69448e-05 1.60161e-08 1.25552e-08 0.00330729 2.10916e-09 0.000798774 1.63824e-07 
0.021323 1.22122e-08 2.27372e-05 0.0099117 0.000112747 3.69237e-09 0.950156 3.98202e-05 3.25261e-06 0.00205081 1.05067e-05 1.7636e-05 0.0013804 0.0149715 2.73263e-09 3.55514e-09 5.49424e-09 
6.82589e-08 1.70184e-07 2.97278e-07 0.323026 2.11555e-05 1.26982e-05 8.16419e-06 2.42892e-05 2.31917e-05 0.333166 1.21228e-07 0.343685 2.26684e-07 3.3344e-05 3.80809e-08 4.9543e-08 7.65655e-08 
1.77651e-06 5.65431e-07 4.79577e-09 2.73954e-06 5.43094e-06 0.000552966 1.12897e-09 0.000755914 0.00307504 0.995596 2.55452e-06 4.66499e-09 3.65692e-09 6.56906e-07 6.14331e-10 2.97688e-06 3.68185e-06 
0.00920333 0.000596462 0.256378 0.0111284 0.203358 4.07997e-07 0.00461817 0.000448098 0.0440754 0.0351544 1.07463e-06 0.0690709 8.78244e-08 0.346114 5.96682e-08 6.85794e-07 0.0198528 
0.024838 1.88225e-06 8.33958e-09 0.00191688 0.0522803 1.44349e-09 0.0807001 2.76111e-09 0.0150801 0.798359 3.40083e-09 8.11216e-09 6.35918e-09 0.0249365 1.06829e-09 1.38984e-09 0.00188673 
0.0230955 3.36776e-06 9.059e-06 0.0520083 0.256028 0.000816856 0.00493532 0.651329 3.47875e-05 1.41436e-05 5.90163e-06 0.000832664 3.87104e-11 0.00122583 6.50302e-12 0.00965619 4.92884e-06 
0.000325179 3.83534e-05 2.80701e-05 0.013985 0.00984772 0.00164386 0.864598 0.00041395 6.95847e-06 0.10815 0.000273425 5.04954e-07 3.95837e-07 0.000180853 6.64973e-08 0.000507103 1.337e-07 
0.0585435 1.27334e-10 1.33679e-07 2.47269e-06 0.167378 1.13921e-05 2.15205e-05 6.33396e-07 0.00833582 2.06191e-05 9.07044e-11 2.16361e-10 1.69607e-10 0.755075 2.84926e-11 0.0106112 1.2036e-07 
0.00203657 6.19506e-06 0.000237488 0.98006 2.14385e-05 0.00295418 0.00054727 0.000167745 4.25232e-05 0.00597217 0.00064567 0.0012757 8.25176e-06 0.00572078 1.38622e-06 1.80347e-06 0.000300834 
0.0699234 0.067268 3.53372e-09 3.39181e-06 0.623201 0.0267691 8.4399e-06 3.66575e-06 0.0205475 2.0643e-06 0.00195542 0.000137201 2.69457e-09 0.190181 4.52665e-10 5.88914e-10 9.10129e-10 
0.00764888 0.000203121 1.93039e-05 0.00886206 0.0667171 0.00203304 0.0234249 5.03942e-05 0.0190411 0.00461531 0.010627 0.112969 6.05274e-10 0.742002 1.01681e-10 0.00178307 3.47165e-06 
0.000133473 3.46034e-07 6.04454e-07 0.000862161 1.22636e-05 1.04624e-07 7.96146e-05 2.00125e-07 0.00427614 0.907809 0.0831961 6.24627e-05 4.60914e-07 0.00356693 7.74296e-08 1.00736e-07 1.5568e-07 
0.0450504 0.000705479 2.29579e-07 0.0328978 0.45456 0.0060138 0.00502161 0.00246479 0.0733752 0.285033 0.0440139 0.0179061 7.88343e-06 0.0317475 1.66678e-09 0.00115713 4.52527e-05 
1.08059e-05 2.02327e-05 1.86942e-07 0.0506007 0.0476756 0.434201 4.40077e-08 6.18936e-08 1.36227e-05 0.140422 0.0629514 0.0487154 0.195192 0.0200084 2.3947e-08 3.11549e-08 0.000188259 
0.521622 2.5961e-06 0.000400649 0.00367479 0.375244 1.88544e-06 0.000635775 8.14502e-06 0.00196091 0.0566122 0.00780652 4.7951e-06 8.88255e-09 0.0320258 1.49219e-09 1.94133e-09 3.00021e-09 
0.0273586 4.25316e-06 0.915244 0.000584571 0.00293519 0.0004016 0.0023278 1.18626e-05 0.00475355 0.0190605 0.0183084 5.17817e-06 5.29457e-06 0.00887696 1.54524e-06 4.12706e-05 7.92756e-05 
0.997587 3.58655e-09 4.82491e-12 8.31579e-13 0.000166216 8.35136e-13 1.13582e-12 0.00196579 4.50659e-05 1.60148e-09 5.26829e-11 4.69333e-12 3.67914e-12 0.000236049 6.18063e-13 3.05282e-09 1.24268e-12 
1.77651e-06 5.65431e-07 4.79577e-09 2.73954e-06 5.43094e-06 0.000552966 1.12897e-09 0.000755914 0.00307504 0.995596 2.55452e-06 4.66499e-09 3.65692e-09 6.56906e-07 6.14331e-10 2.97688e-06 3.68185e-06 
1.46214e-06 0.202758 1.04374e-09 0.0232166 0.0724213 2.96299e-06 0.01858 5.25297e-06 0.0406168 0.391567 0.0775665 1.87836e-05 7.95883e-10 0.173245 1.33701e-10 1.73945e-10 2.68821e-10 
0.997587 3.58655e-09 4.82491e-12 8.31579e-13 0.000166216 8.35136e-13 1.13582e-12 0.00196579 4.50659e-05 1.60148e-09 5.26829e-11 4.69333e-12 3.67914e-12 0.000236049 6.18063e-13 3.05282e-09 1.24268e-12 
0.160991 3.17754e-09 5.55055e-09 0.0674219 0.357007 0.00173202 0.003319 0.000259824 0.0317809 3.46175e-06 9.83258e-09 0.00459652 8.70966e-08 0.370842 7.11017e-10 0.00204661 1.42957e-09 
0.00920333 0.000596462 0.256378 0.0111284 0.203358 4.07997e-07 0.00461817 0.000448098 0.0440754 0.0351544 1.07463e-06 0.0690709 8.78244e-08 0.346114 5.96682e-08 6.85794e-07 0.0198528 
5.76964e-06 8.07677e-08 0.000501394 1.27453e-06 0.693851 3.64358e-05 0.295517 0.00924531 1.79199e-05 3.01075e-08 5.75338e-08 0.000765748 6.89134e-06 4.23755e-05 1.80728e-08 8.48579e-06 3.63373e-08 
0.0230955 3.36776e-06 9.059e-06 0.0520083 0.256028 0.000816856 0.00493532 0.651329 3.47875e-05 1.41436e-05 5.90163e-06 0.000832664 3.87104e-11 0.00122583 6.50302e-12 0.00965619 4.92884e-06 
0.0230955 3.36776e-06 9.059e-06 0.0520083 0.256028 0.000816856 0.00493532 0.651329 3.47875e-05 1.41436e-05 5.90163e-06 0.000832664 3.87104e-11 0.00122583 6.50302e-12 0.00965619 4.92884e-06 
1.29889e-06 3.23841e-06 5.65688e-06 0.000749825 0.947961 0.000429366 1.33168e-06 0.000985174 6.21387e-05 0.0185132 2.30684e-06 0.0290074 0.00131814 0.00068659 7.24637e-07 9.42749e-07 0.000271573 
0.0256483 2.47863e-06 6.61237e-06 0.0371509 0.355936 0.000583729 0.00352592 0.564246 0.000178166 1.01403e-05 4.23961e-06 0.00059538 9.81109e-11 0.00259661 1.64818e-11 0.00951154 3.54642e-06 
0.00932683 4.32329e-09 4.79139e-06 2.97023e-05 0.788278 1.30715e-09 1.77779e-09 0.00423001 2.98875e-06 0.002141 0.0316806 7.34599e-09 5.75858e-09 1.55948e-08 9.67391e-10 0.164302 3.23255e-06 
2.08911e-06 2.79634e-06 4.78841e-10 8.25289e-11 0.00213253 0.00610404 0.0321607 1.87089e-06 0.241438 0.613325 6.25056e-07 2.77145e-05 9.13192e-07 0.104803 6.13388e-11 8.05994e-09 3.70107e-07 
1.77651e-06 5.65431e-07 4.79577e-09 2.73954e-06 5.43094e-06 0.000552966 1.12897e-09 0.000755914 0.00307504 0.995596 2.55452e-06 4.66499e-09 3.65692e-09 6.56906e-07 6.14331e-10 2.97688e-06 3.68185e-06 
0.000723412 0.000968307 1.65812e-07 2.85779e-08 0.000127296 0.00132023 0.00043331 0.000647847 0.00316672 0.0193055 0.000216443 0.969284 0.000316217 0.00335997 2.12402e-08 2.79097e-06 0.00012816 
0.00920333 0.000596462 0.256378 0.0111284 0.203358 4.07997e-07 0.00461817 0.000448098 0.0440754 0.0351544 1.07463e-06 0.0690709 8.78244e-08 0.346114 5.96682e-08 6.85794e-07 0.0198528 
0.301315 2.06579e-05 1.56825e-08 7.00078e-05 0.336285 2.71446e-09 4.83661e-05 2.33702e-05 0.127905 0.233973 0.000315292 1.52548e-08 1.19584e-08 4.06222e-05 2.0089e-09 3.1389e-06 4.03911e-09 
1.77651e-06 5.65431e-07 4.79577e-09 2.73954e-06 5.43094e-06 0.000552966 1.12897e-09 0.000755914 0.00307504 0.995596 2.55452e-06 4.66499e-09 3.65692e-09 6.56906e-07 6.14331e-10 2.97688e-06 3.68185e-06 
0.00723434 9.47643e-07 3.82752e-07 0.0061597 0.0648162 0.00304929 0.0196954 3.5846e-07 0.0285613 0.00190273 0.0159393 0.0564569 7.39551e-10 0.793509 1.24238e-10 0.00267431 8.21911e-08 
0.000117693 7.08775e-07 1.23809e-06 7.08763e-05 2.41262e-05 1.55326e-06 2.91457e-07 9.67325e-05 9.19395e-07 0.999213 0.0003744 1.20433e-06 9.44082e-07 1.59785e-05 1.58598e-07 7.95455e-05 3.18877e-07 
0.212999 4.53261e-09 1.57141e-06 1.37236e-06 0.344046 1.37044e-09 4.37761e-06 1.01308e-06 0.0896058 0.0496054 0.0005524 0.0103879 6.0374e-09 0.292773 1.01423e-09 1.67834e-05 4.83425e-06 
6.55014e-08 1.63309e-07 2.85269e-07 4.91664e-08 0.000292818 4.93767e-08 6.71546e-08 9.4448e-08 4.71041e-05 0.998865 1.16331e-07 0.000555256 2.17526e-07 0.000186354 3.65425e-08 5.23432e-05 7.34724e-08 
0.000214662 4.98196e-07 8.70252e-07 1.49989e-07 0.000562795 0.000107929 5.72095e-05 0.000369083 5.79111e-05 0.998331 3.54883e-07 7.57647e-06 6.63593e-07 5.61649e-05 1.11478e-07 0.000174252 5.90279e-05 
0.000953416 2.25455e-10 3.93826e-10 2.09067e-07 0.0492223 0.0101582 0.0205154 1.30389e-10 0.0747521 5.95478e-07 1.79784e-06 1.87619e-06 3.00304e-10 0.844391 5.04484e-11 3.28745e-06 1.01432e-10 
0.15788 0.00642452 3.6409e-07 0.0506645 0.283242 2.94844e-06 0.0406191 0.0118296 0.0342572 0.0826769 0.20151 2.47612e-06 6.65947e-05 0.128668 6.58492e-11 0.00207737 7.89147e-05 
0.00334758 3.22748e-09 2.01504e-05 0.00567811 0.00794227 0.142361 0.00112745 1.5526e-05 0.121224 0.715687 0.00021529 0.000350357 8.64745e-06 4.18532e-05 7.2219e-10 5.09466e-06 0.00197594 
0.00026107 4.96835e-08 8.67875e-08 0.471511 0.000660973 0.00029144 0.000159378 0.000117838 0.523414 0.00195021 0.000881285 0.000413746 6.6178e-08 0.000305601 1.11173e-08 3.32806e-05 2.23525e-08 
0.00163299 1.67776e-06 2.93072e-06 0.130726 0.029341 0.00397962 0.0307482 9.70316e-07 0.00147063 0.766087 1.19513e-06 0.00350531 2.23476e-06 0.0186357 3.75421e-07 0.0138636 7.54822e-07 
0.13317 0.000985666 1.59341e-07 0.00238257 0.107309 0.0833469 0.00357183 0.160503 0.0168189 0.255687 2.55267e-07 0.00898059 0.212042 0.0110093 4.61854e-08 0.00363216 0.000559927 
0.661925 3.25982e-07 5.69426e-07 0.0164166 0.000382735 0.000420658 1.34048e-07 1.88528e-07 0.000359844 0.31876 0.000518402 5.38228e-05 4.34205e-07 0.000317296 7.29426e-08 9.4898e-08 0.000843605 
0.997587 3.58655e-09 4.82491e-12 8.31579e-13 0.000166216 8.35136e-13 1.13582e-12 0.00196579 4.50659e-05 1.60148e-09 5.26829e-11 4.69333e-12 3.67914e-12 0.000236049 6.18063e-13 3.05282e-09 1.24268e-12 
0.0329564 6.75118e-08 2.00102e-07 0.0779014 0.359434 0.00122527 0.00740296 0.504038 8.28526e-08 2.03576e-05 8.85063e-06 0.00124896 5.41109e-11 0.00183872 9.09017e-12 0.0139172 7.39152e-06 
0.022926 5.06289e-05 2.05158e-05 0.00426858 0.0435442 0.00218233 0.0134491 1.91611e-05 0.0192308 0.0136407 0.0113316 0.0389363 1.0574e-07 0.828453 1.77634e-08 0.00194269 4.40922e-06 
0.00272005 8.64897e-09 1.51081e-08 2.08572e-06 0.158056 1.04627e-05 3.37909e-05 5.00204e-09 7.39923e-06 0.839169 6.16097e-09 1.46961e-08 1.15203e-08 1.022e-06 1.93532e-09 2.51784e-09 3.89116e-09 
4.21995e-06 4.59422e-10 8.02521e-10 0.00806454 0.00330753 0.516849 0.439552 1.43506e-06 4.41609e-07 0.0322194 3.27263e-10 7.80636e-10 1.23001e-07 2.53119e-07 1.02802e-10 6.55481e-07 2.0876e-08 
0.117262 2.46111e-09 6.45292e-06 1.31156e-05 2.70718e-06 6.25135e-06 0.079719 2.42113e-06 0.14218 0.223858 2.5247e-05 4.18184e-09 3.27817e-09 0.436923 5.50705e-10 7.16464e-10 1.10836e-06 
0.0159667 0.00027397 0.0346989 0.000474483 0.103258 0.0207088 0.0356242 0.00702123 6.6807e-05 0.747054 0.00916398 7.59879e-06 8.29244e-06 0.0249753 2.63297e-06 7.76545e-05 0.00061725 
0.000198993 1.05334e-08 1.83997e-08 4.50344e-05 0.830623 1.84749e-05 4.33145e-09 6.09186e-09 1.56931e-05 0.120195 7.50329e-09 1.7898e-08 1.40303e-08 0.0488798 2.35698e-09 2.42277e-05 4.73894e-09 
1.77651e-06 5.65431e-07 4.79577e-09 2.73954e-06 5.43094e-06 0.000552966 1.12897e-09 0.000755914 0.00307504 0.995596 2.55452e-06 4.66499e-09 3.65692e-09 6.56906e-07 6.14331e-10 2.97688e-06 3.68185e-06 
0.00228003 0.000241373 0.000253048 0.000613108 0.000392609 2.91802e-08 0.993575 4.47087e-05 0.000307044 0.000460529 0.000859425 0.000885703 1.28552e-07 3.92499e-05 2.15956e-08 4.77908e-05 4.34201e-08 
0.109575 0.00773214 0.00329044 0.0419036 0.138501 0.00188675 0.0606418 0.000454258 0.0190503 0.0163996 0.00144728 0.0192057 0.000207504 0.565767 7.74123e-05 0.000676541 0.0131832 
7.50095e-05 2.96844e-09 5.18529e-09 1.77853e-05 2.70581e-05 0.307978 1.22066e-09 2.86717e-05 0.499969 0.19186 7.61445e-06 1.86674e-05 3.95394e-09 1.39375e-05 6.64227e-10 8.64156e-10 4.00783e-06 
3.66958e-05 2.22028e-07 3.87839e-07 6.68446e-08 0.0153134 6.71305e-08 1.5181e-05 6.72574e-07 8.06998e-06 0.980864 1.58158e-07 3.77262e-07 1.40819e-05 0.00371941 4.96815e-08 1.4582e-05 1.2376e-05 
1.77651e-06 5.65431e-07 4.79577e-09 2.73954e-06 5.43094e-06 0.000552966 1.12897e-09 0.000755914 0.00307504 0.995596 2.55452e-06 4.66499e-09 3.65692e-09 6.56906e-07 6.14331e-10 2.97688e-06 3.68185e-06 
0.185462 3.61281e-09 6.31087e-09 0.056983 0.662574 0.00773773 0.0291041 0.000285847 3.49365e-05 0.0576372 1.91213e-05 0.000100339 4.81223e-09 5.91123e-05 8.08413e-10 2.63932e-06 1.6254e-09 
0.000549756 3.96818e-07 6.93164e-07 0.00048588 0.0239713 7.95279e-06 1.63177e-07 0.00163837 0.014135 0.956511 0.00079384 6.74262e-07 5.28559e-07 0.00179739 8.87933e-08 8.67235e-05 2.05751e-05 
0.300425 7.18951e-08 1.25587e-07 0.0024488 0.0854809 0.011801 0.000203948 4.53959e-06 0.162671 0.436594 0.000171911 1.22162e-07 6.83586e-06 0.000151742 1.60875e-08 3.85933e-05 1.17063e-06 
0.00870542 0.000755507 4.62246e-08 7.96688e-09 0.791658 8.00096e-09 1.08817e-08 0.198835 3.12371e-06 2.25153e-05 1.88501e-08 4.49641e-08 9.78282e-06 4.08239e-06 5.9213e-09 6.43538e-06 1.19054e-08 
0.000207573 8.54994e-06 1.49351e-05 0.0943967 0.606863 2.58509e-06 0.101825 4.94477e-06 0.10378 0.0925154 0.000274654 1.45278e-05 1.13884e-05 4.89182e-05 1.91316e-06 2.48901e-06 2.79066e-05 
0.0278874 2.16577e-06 1.88538e-05 0.000107053 0.877314 0.0113673 0.00055989 0.033967 0.000919414 3.29734e-05 0.00022308 3.68001e-06 2.88479e-06 0.000864584 6.2353e-07 0.0467223 6.70421e-06 
0.000160185 1.0239e-06 1.78854e-06 0.317761 0.00024022 0.0335538 0.0303253 5.92159e-07 0.00195823 0.283994 7.29357e-07 1.73977e-06 1.36382e-06 0.331998 2.2911e-07 2.98071e-07 4.60649e-07 
2.21688e-05 6.11359e-07 1.60261e-05 0.00125691 0.000352339 0.00063938 0.996743 7.80794e-06 3.15623e-05 6.10028e-06 0.000127792 1.0388e-06 8.14325e-07 0.000784108 1.368e-07 3.58279e-06 6.32038e-06 
0.000953416 2.25455e-10 3.93826e-10 2.09067e-07 0.0492223 0.0101582 0.0205154 1.30389e-10 0.0747521 5.95478e-07 1.79784e-06 1.87619e-06 3.00304e-10 0.844391 5.04484e-11 3.28745e-06 1.01432e-10 
0.000345311 7.4297e-05 0.000196783 8.71841e-05 0.00277555 1.39056e-05 9.36045e-09 0.99598 4.25503e-05 6.95225e-06 2.64144e-07 0.000143229 8.30501e-09 0.000220876 1.5629e-09 3.42851e-05 7.91259e-05 
0.00920333 0.000596462 0.256378 0.0111284 0.203358 4.07997e-07 0.00461817 0.000448098 0.0440754 0.0351544 1.07463e-06 0.0690709 8.78244e-08 0.346114 5.96682e-08 6.85794e-07 0.0198528 
0.000111516 4.0164e-05 0.00322287 0.0222691 0.00935028 2.61762e-05 0.0298511 0.000128492 0.072769 0.861347 2.7575e-05 4.53109e-05 4.93493e-05 0.00024209 1.56318e-05 0.00045985 4.48358e-05 
0.247022 5.11564e-06 9.50918e-08 7.31561e-05 0.0219841 9.59816e-05 2.23854e-08 0.000122836 2.44497e-06 2.02925e-08 0.000690885 3.36394e-05 7.25103e-08 0.72997 1.21811e-08 1.58476e-08 2.44914e-08 
0.00723434 9.47643e-07 3.82752e-07 0.0061597 0.0648162 0.00304929 0.0196954 3.5846e-07 0.0285613 0.00190273 0.0159393 0.0564569 7.39551e-10 0.793509 1.24238e-10 0.00267431 8.21911e-08 
0.00332056 9.30104e-07 1.62471e-06 2.80021e-07 0.00700671 2.81219e-07 3.8247e-07 0.0015605 0.0024227 0.984035 6.62547e-07 1.5804e-06 1.23889e-06 0.00164687 2.08123e-07 2.70767e-07 4.18452e-07 
1.24772e-06 0.0505105 5.43401e-06 9.36559e-07 0.000222918 0.000653692 0.000363096 1.79912e-06 0.000258952 0.947416 0.000384393 5.28583e-06 4.1436e-06 5.4446e-05 6.96088e-07 9.05607e-07 0.00011548 
0.0179691 4.10819e-05 0.194236 0.000214106 0.0427689 0.000972475 0.000225527 0.000363598 0.0167717 0.706124 0.00206775 0.000992023 4.89468e-05 0.00961742 2.06029e-05 0.00749464 7.23598e-05 
0.00100112 0.00126597 0.00482856 0.816699 0.14171 1.08071e-06 0.00203135 0.00047944 0.00148139 0.0024749 2.54613e-06 0.023574 4.76098e-06 0.00433266 7.99803e-07 1.04054e-06 0.00011083 
0.0288693 1.43067e-05 2.44986e-09 4.22236e-10 1.88079e-06 0.0292791 6.40214e-06 9.57191e-06 4.67881e-05 0.941571 3.19793e-06 0.000141793 4.6721e-06 4.96434e-05 3.13823e-10 4.12365e-08 1.89355e-06 
0.16929 2.15957e-11 3.77235e-11 1.0535e-07 0.772554 4.31768e-08 0.00528345 0.000264885 3.91419e-07 8.05017e-12 5.24058e-10 1.89321e-07 2.87653e-11 0.0526061 4.83233e-12 1.2895e-06 9.71589e-12 
0.00026107 4.96835e-08 8.67875e-08 0.471511 0.000660973 0.00029144 0.000159378 0.000117838 0.523414 0.00195021 0.000881285 0.000413746 6.6178e-08 0.000305601 1.11173e-08 3.32806e-05 2.23525e-08 
1.77651e-06 5.65431e-07 4.79577e-09 2.73954e-06 5.43094e-06 0.000552966 1.12897e-09 0.000755914 0.00307504 0.995596 2.55452e-06 4.66499e-09 3.65692e-09 6.56906e-07 6.14331e-10 2.97688e-06 3.68185e-06 
0.000124904 9.15651e-08 1.59946e-07 0.000374939 0.99909 0.000135684 3.76527e-08 0.000185398 1.40898e-05 3.41324e-08 6.52252e-08 1.55585e-07 1.21964e-07 7.21712e-06 2.04889e-08 6.66667e-05 4.1195e-08 
0.994147 1.46873e-08 1.23956e-11 2.13639e-12 0.000134071 2.14553e-12 2.91802e-12 0.00518804 0.000127296 6.55857e-09 6.18647e-08 1.20575e-11 9.45199e-12 0.000403732 1.58785e-12 2.06579e-12 3.11475e-10 
2.32759e-08 5.80318e-08 1.0137e-07 1.74713e-08 8.13207e-05 0.000173723 0.000183772 3.35621e-08 0.000390439 0.911387 0.000260473 0.000453685 7.73751e-05 0.0869398 1.29854e-08 1.68939e-08 5.22429e-05 
8.65071e-08 2.15681e-07 3.76752e-07 6.49337e-08 4.28849e-05 0.000353768 0.000154273 1.74726e-05 1.78216e-05 0.999374 1.53637e-07 3.66478e-07 2.02644e-05 1.77308e-05 4.82613e-08 6.27877e-08 9.70344e-08 
0.00306023 0.0036669 9.54105e-10 0.00556468 6.19473e-06 1.65145e-10 2.24604e-10 0.135367 0.487921 0.000583769 6.93157e-05 0.00279297 7.27534e-10 0.360924 1.22219e-10 4.4016e-05 2.45735e-10 
0.000193222 2.4354e-09 3.75159e-07 1.95686e-07 0.000565417 6.78119e-05 0.032646 0.000316709 0.00170118 0.0207925 0.000149687 8.78637e-05 0.940953 0.00252397 5.44952e-10 7.0898e-10 2.2722e-06 
5.18779e-07 1.29343e-06 7.42291e-06 0.00118523 0.0801086 0.25836 0.0103645 7.66227e-06 5.82915e-05 0.622595 9.21353e-07 6.1043e-06 0.00186015 0.0254198 2.89421e-07 1.16057e-06 2.3131e-05 
0.000867526 4.32499e-07 7.55492e-07 1.3021e-07 0.0024762 0.994598 0.000249166 2.50132e-07 9.98068e-05 0.00125769 3.08085e-07 7.3489e-07 5.76085e-07 0.000448156 9.67773e-08 1.25907e-07 1.94581e-07 
0.971584 1.053e-07 1.82099e-11 3.1385e-12 0.025659 3.15192e-12 4.28676e-12 0.00240861 0.000347759 4.70241e-08 2.67407e-08 1.77133e-11 1.38856e-11 4.30934e-07 2.33266e-12 3.03478e-12 4.69005e-12 
0.0183676 4.89182e-09 8.54506e-09 2.66583e-05 0.204113 0.0270358 4.02518e-06 2.82914e-09 7.47614e-06 0.750428 3.48462e-09 8.31203e-09 7.17397e-06 9.68805e-06 1.09461e-09 1.42408e-09 2.20082e-09 
7.83812e-09 1.56531e-05 3.41362e-08 5.06033e-05 8.83571e-06 1.77849e-06 8.03595e-09 1.1302e-08 2.1414e-05 0.999734 8.63216e-05 4.65206e-05 2.60299e-08 2.35813e-05 4.3728e-09 5.68899e-09 1.14384e-05 
0.00280591 0.00302808 0.000241514 0.00278873 0.000175558 0.00142967 2.11106e-06 0.777266 7.31299e-05 0.00288949 0.0014841 8.7231e-06 6.8381e-06 0.207795 1.14874e-06 1.49451e-06 2.30966e-06 
0.00701665 0.000532776 0.000753711 0.000127444 0.0152264 0.00122655 0.000802849 3.02038e-05 0.168475 0.191848 0.528233 0.0186181 1.19365e-05 0.0400275 3.72095e-06 0.0270557 1.06144e-05 
0.153378 4.19257e-10 7.3236e-10 0.171877 0.31307 1.26763e-10 1.72404e-10 0.00233167 0.184694 0.00035211 0.0577114 7.12389e-10 5.58447e-10 0.0249483 9.38142e-11 0.0916378 1.88623e-10 
1.67361e-05 5.81014e-09 1.01492e-08 1.27043e-05 0.0284555 0.00962154 0.0215689 7.76829e-05 0.0586717 8.11556e-07 4.13877e-09 2.98272e-06 7.73905e-09 0.881565 1.30009e-09 6.36831e-06 2.61397e-09 
1.77651e-06 5.65431e-07 4.79577e-09 2.73954e-06 5.43094e-06 0.000552966 1.12897e-09 0.000755914 0.00307504 0.995596 2.55452e-06 4.66499e-09 3.65692e-09 6.56906e-07 6.14331e-10 2.97688e-06 3.68185e-06 
0.0145145 0.00173285 0.0570521 2.8893e-05 0.0601201 6.36738e-07 0.00029179 3.13175e-06 0.185416 0.598888 0.000563753 1.09419e-06 1.19524e-06 0.0809639 3.79951e-07 1.12201e-05 0.00041103 
0.0014529 0.000107033 2.08976e-06 0.00138603 0.00014739 3.61713e-07 8.07349e-05 3.97785e-05 0.00113263 0.969412 0.0255523 0.000112312 1.5935e-06 0.000529542 2.67695e-07 3.48269e-07 4.27964e-05 
0.0931466 3.84999e-07 4.18904e-09 0.350742 0.0245824 9.78225e-07 1.88108e-06 1.38692e-09 0.422519 1.65292e-05 0.0124226 4.0748e-09 3.19427e-09 0.0965663 5.36609e-10 1.05325e-06 5.60508e-07 
0.000186972 1.24438e-05 4.94445e-09 0.000939087 0.00462192 0.0128357 1.16396e-09 0.000867346 0.0041716 0.974787 0.000218054 4.80961e-09 3.77029e-09 7.81193e-05 6.33376e-10 0.000720331 0.000561479 
0.0221701 1.9021e-06 0.00015349 0.000345776 0.30484 0.0028728 0.000141265 0.0043956 0.257852 0.360541 1.30563e-06 0.000615829 2.33597e-06 0.0455781 7.42109e-07 2.19e-05 0.000465411 
0.0447721 1.62299e-08 0.000140491 0.0269994 0.146879 1.91807e-05 0.0142474 9.38643e-09 3.18976e-05 0.349024 0.376143 0.000152734 2.16181e-08 0.0415902 3.63166e-09 4.72477e-09 7.30183e-09 
0.00920333 0.000596462 0.256378 0.0111284 0.203358 4.07997e-07 0.00461817 0.000448098 0.0440754 0.0351544 1.07463e-06 0.0690709 8.78244e-08 0.346114 5.96682e-08 6.85794e-07 0.0198528 
1.53645e-07 3.83069e-07 6.69147e-07 0.00271033 0.000455998 1.15822e-07 0.991196 2.21544e-07 0.000279854 0.00074268 0.00379324 6.50899e-07 5.10245e-07 0.00081894 8.57167e-08 1.11517e-07 1.72342e-07 
0.00723434 9.47643e-07 3.82752e-07 0.0061597 0.0648162 0.00304929 0.0196954 3.5846e-07 0.0285613 0.00190273 0.0159393 0.0564569 7.39551e-10 0.793509 1.24238e-10 0.00267431 8.21911e-08 
0.00723434 9.47643e-07 3.82752e-07 0.0061597 0.0648162 0.00304929 0.0196954 3.5846e-07 0.0285613 0.00190273 0.0159393 0.0564569 7.39551e-10 0.793509 1.24238e-10 0.00267431 8.21911e-08 
0.0271602 0.000663313 1.20573e-08 0.00905978 0.427894 2.47195e-05 0.00692421 0.0748661 0.076465 0.314273 0.0095758 1.37554e-05 9.19402e-09 0.0530754 1.54451e-09 2.83739e-06 2.34446e-06 
0.00768346 0.00318529 0.000852792 0.00206612 0.00132306 1.06486e-07 0.00185912 0.000150679 0.00103471 0.975374 0.00289619 0.00298477 4.69118e-07 1.84172e-06 7.88078e-08 0.000441823 0.000145523 
3.80533e-08 5.69916e-05 1.65728e-07 0.000245324 2.12905e-05 0.00593745 0.00690469 5.88335e-06 5.9999e-06 0.985856 0.000497774 1.61209e-07 6.83823e-06 0.000461764 2.12295e-08 2.76195e-08 4.26841e-08 
0.120703 0.0013761 0.000224782 0.00874137 0.682385 0.0025498 0.0215177 0.0130972 0.0809334 0.00222828 0.00564858 0.000518682 9.35534e-06 0.0511947 4.22696e-06 0.00880921 5.84638e-05 
0.100992 2.7013e-06 4.28578e-09 0.507291 5.61905e-06 8.53166e-06 2.32149e-06 1.41896e-09 0.152805 0.104934 1.74771e-09 1.04264e-05 3.26804e-09 0.133946 5.49002e-10 1.14351e-06 1.10382e-09 
0.000953416 2.25455e-10 3.93826e-10 2.09067e-07 0.0492223 0.0101582 0.0205154 1.30389e-10 0.0747521 5.95478e-07 1.79784e-06 1.87619e-06 3.00304e-10 0.844391 5.04484e-11 3.28745e-06 1.01432e-10 
3.28756e-05 1.4302e-06 2.49828e-06 0.0263925 0.000574003 4.32424e-07 0.00348525 8.27143e-07 0.00419431 0.000894902 0.962694 0.00104286 1.90502e-06 0.00067868 3.20026e-07 6.03913e-07 2.67249e-06 
0.805397 6.24819e-12 1.09144e-11 0.00444327 0.117569 0.00139777 2.62097e-08 0.0100363 0.0093086 2.32912e-12 4.45081e-12 0.00126161 8.32253e-12 0.00534994 1.39811e-12 0.0452362 2.81105e-12 
0.000953416 2.25455e-10 3.93826e-10 2.09067e-07 0.0492223 0.0101582 0.0205154 1.30389e-10 0.0747521 5.95478e-07 1.79784e-06 1.87619e-06 3.00304e-10 0.844391 5.04484e-11 3.28745e-06 1.01432e-10 
0.000169433 2.86522e-05 2.70713e-07 0.174877 0.00163606 4.97245e-05 0.0118056 8.96288e-08 0.0445435 0.652508 0.0147059 2.63331e-07 2.06427e-07 0.0192834 3.46779e-08 0.0803915 6.97235e-08 
0.994147 1.46873e-08 1.23956e-11 2.13639e-12 0.000134071 2.14553e-12 2.91802e-12 0.00518804 0.000127296 6.55857e-09 6.18647e-08 1.20575e-11 9.45199e-12 0.000403732 1.58785e-12 2.06579e-12 3.11475e-10 
2.82251e-05 3.04896e-05 3.45737e-06 3.48305e-05 7.87831e-05 0.0233267 8.66756e-05 9.53104e-10 9.89175e-05 0.568039 1.76208e-06 2.26846e-05 2.19512e-09 0.408248 3.68761e-10 4.79757e-10 7.41433e-10 
0.0845525 0.00101385 0.0543321 0.000226637 0.481434 1.73699e-07 0.0174289 0.00381185 0.0571987 0.161192 1.82321e-07 0.00204839 3.26192e-07 0.136551 1.03657e-07 3.05988e-06 0.000205383 
0.00138896 7.16097e-06 0.000582001 2.15591e-06 0.00156306 0.0374111 0.0017994 0.776579 0.00122901 0.179336 5.10102e-06 1.21677e-05 9.53836e-06 6.93501e-05 1.60236e-06 2.08466e-06 3.22171e-06 
0.996722 2.45874e-08 1.25222e-11 2.15821e-12 0.00162134 2.16744e-12 2.94782e-12 0.000936193 0.000189332 8.81627e-06 5.44649e-08 1.21807e-11 9.54852e-12 0.00051953 1.60407e-12 2.31582e-06 1.46609e-09 
0.00919688 4.55551e-10 7.95759e-10 1.3715e-10 0.0214301 1.37737e-10 1.87328e-10 2.63463e-10 0.000646188 0.892112 3.24506e-10 7.74058e-10 6.0679e-10 0.0766152 1.01935e-10 1.32618e-10 2.04952e-10 
0.0174333 3.69802e-07 6.33245e-11 8.10926e-07 0.00702491 5.04205e-07 1.65484e-07 0.00531972 0.390513 0.532332 0.0042406 3.66511e-06 1.20765e-07 0.0431166 8.11176e-12 1.46037e-05 4.89449e-08 
0.930042 1.36079e-06 0.000119991 4.09685e-07 0.0114628 0.000243571 5.28578e-05 1.85566e-05 0.000282601 0.0394918 0.0164943 9.58401e-05 1.81256e-06 0.0016907 3.04495e-07 3.96146e-07 6.12218e-07 
0.0100573 0.0240983 6.02342e-05 0.00634315 0.0838626 0.00139247 0.0157975 0.000264368 0.0262536 0.809031 0.0157894 1.27045e-07 8.66201e-08 0.00701666 6.90286e-08 3.28111e-05 1.73839e-07 
0.0100573 0.0240983 6.02342e-05 0.00634315 0.0838626 0.00139247 0.0157975 0.000264368 0.0262536 0.809031 0.0157894 1.27045e-07 8.66201e-08 0.00701666 6.90286e-08 3.28111e-05 1.73839e-07 
0.00723434 9.47643e-07 3.82752e-07 0.0061597 0.0648162 0.00304929 0.0196954 3.5846e-07 0.0285613 0.00190273 0.0159393 0.0564569 7.39551e-10 0.793509 1.24238e-10 0.00267431 8.21911e-08 
1.50444e-05 1.25074e-05 1.95494e-05 3.98143e-07 0.109051 1.61152e-05 2.70552e-09 4.56995e-06 8.34782e-06 0.85545 4.22275e-06 1.11795e-08 2.4547e-05 0.0353898 1.47222e-09 1.91535e-09 4.44302e-06 
2.32759e-08 5.80318e-08 1.0137e-07 1.74713e-08 8.13207e-05 0.000173723 0.000183772 3.35621e-08 0.000390439 0.911387 0.000260473 0.000453685 7.73751e-05 0.0869398 1.29854e-08 1.68939e-08 5.22429e-05 
0.994147 1.46873e-08 1.23956e-11 2.13639e-12 0.000134071 2.14553e-12 2.91802e-12 0.00518804 0.000127296 6.55857e-09 6.18647e-08 1.20575e-11 9.45199e-12 0.000403732 1.58785e-12 2.06579e-12 3.11475e-10 
0.0100573 0.0240983 6.02342e-05 0.00634315 0.0838626 0.00139247 0.0157975 0.000264368 0.0262536 0.809031 0.0157894 1.27045e-07 8.66201e-08 0.00701666 6.90286e-08 3.28111e-05 1.73839e-07 
0.00306023 0.0036669 9.54105e-10 0.00556468 6.19473e-06 1.65145e-10 2.24604e-10 0.135367 0.487921 0.000583769 6.93157e-05 0.00279297 7.27534e-10 0.360924 1.22219e-10 4.4016e-05 2.45735e-10 
6.91974e-10 1.77717e-05 3.01366e-09 0.0149371 1.95469e-05 1.7423e-05 8.92482e-05 2.1961e-06 0.420497 0.309552 0.000442794 5.83392e-05 2.298e-09 0.254367 3.86045e-10 5.02242e-10 7.76182e-10 
0.021323 1.22122e-08 2.27372e-05 0.0099117 0.000112747 3.69237e-09 0.950156 3.98202e-05 3.25261e-06 0.00205081 1.05067e-05 1.7636e-05 0.0013804 0.0149715 2.73263e-09 3.55514e-09 5.49424e-09 
0.000126876 6.27624e-09 1.09634e-08 0.00574497 5.39945e-05 1.89763e-09 5.67816e-05 3.6298e-09 8.08386e-06 0.988337 4.47079e-09 1.06644e-08 8.3599e-09 1.671e-05 1.40439e-09 1.8271e-09 0.00565582 
1.49459e-07 3.72634e-07 6.50919e-07 0.0365299 3.22403e-05 1.12667e-07 1.53232e-07 7.81517e-05 4.01738e-06 0.112206 2.65441e-07 0.851126 4.96345e-07 1.74603e-05 8.33816e-08 1.08479e-07 3.53585e-06 
0.00723434 9.47643e-07 3.82752e-07 0.0061597 0.0648162 0.00304929 0.0196954 3.5846e-07 0.0285613 0.00190273 0.0159393 0.0564569 7.39551e-10 0.793509 1.24238e-10 0.00267431 8.21911e-08 
1.34729e-05 4.50816e-05 0.000191714 0.0167053 0.00533103 5.53397e-06 0.00371913 3.12806e-08 0.00687306 0.122645 3.74141e-06 0.840992 1.08175e-06 0.00345707 1.21026e-08 1.57455e-08 1.67106e-05 
2.32759e-08 5.80318e-08 1.0137e-07 1.74713e-08 8.13207e-05 0.000173723 0.000183772 3.35621e-08 0.000390439 0.911387 0.000260473 0.000453685 7.73751e-05 0.0869398 1.29854e-08 1.68939e-08 5.22429e-05 
1.32828e-05 5.45535e-05 1.18796e-08 4.79448e-06 0.000254439 2.05621e-09 2.79655e-09 1.06831e-05 0.037969 0.961674 1.2856e-05 1.15556e-08 9.05851e-09 2.17205e-06 1.52175e-09 1.97979e-09 4.24876e-06 
0.994147 1.46873e-08 1.23956e-11 2.13639e-12 0.000134071 2.14553e-12 2.91802e-12 0.00518804 0.000127296 6.55857e-09 6.18647e-08 1.20575e-11 9.45199e-12 0.000403732 1.58785e-12 2.06579e-12 3.11475e-10 
7.2692e-05 0.000135937 0.000287957 5.05905e-05 4.55775e-05 0.00473085 7.64759e-05 5.91812e-07 0.00368769 0.802239 0.0565802 0.0770701 0.000274586 0.000451901 2.28975e-07 0.0542798 1.59444e-05 
7.12342e-09 3.37938e-05 3.10236e-08 4.60392e-05 0.673571 0.0150083 1.82444e-07 0.0446047 0.0062158 0.260191 0.00029992 3.01776e-08 2.36564e-08 5.75569e-06 3.97407e-09 7.19659e-06 1.59274e-05 
0.000117693 7.08775e-07 1.23809e-06 7.08763e-05 2.41262e-05 1.55326e-06 2.91457e-07 9.67325e-05 9.19395e-07 0.999213 0.0003744 1.20433e-06 9.44082e-07 1.59785e-05 1.58598e-07 7.95455e-05 3.18877e-07 
0.117262 2.46111e-09 6.45292e-06 1.31156e-05 2.70718e-06 6.25135e-06 0.079719 2.42113e-06 0.14218 0.223858 2.5247e-05 4.18184e-09 3.27817e-09 0.436923 5.50705e-10 7.16464e-10 1.10836e-06 
0.0699234 0.067268 3.53372e-09 3.39181e-06 0.623201 0.0267691 8.4399e-06 3.66575e-06 0.0205475 2.0643e-06 0.00195542 0.000137201 2.69457e-09 0.190181 4.52665e-10 5.88914e-10 9.10129e-10 
0.000947654 4.89837e-06 1.00374e-08 0.0619198 0.116062 0.00667451 0.0584896 0.00304657 0.0715615 0.00420563 0.00149122 9.9918e-06 7.65383e-09 0.670165 1.28578e-09 0.00540212 1.96535e-05 
0.997587 3.58655e-09 4.82491e-12 8.31579e-13 0.000166216 8.35136e-13 1.13582e-12 0.00196579 4.50659e-05 1.60148e-09 5.26829e-11 4.69333e-12 3.67914e-12 0.000236049 6.18063e-13 3.05282e-09 1.24268e-12 
0.00223176 4.24118e-05 2.94842e-07 0.00184973 5.57872e-06 0.0139605 0.009207 2.83608e-05 0.0519693 0.836593 9.56066e-06 0.000418991 0.000538462 0.0830416 3.77688e-08 1.69701e-07 0.000103056 
1.20681e-05 1.84138e-07 3.21653e-07 0.102281 2.82191e-05 2.53059e-06 0.864772 9.94437e-06 2.7382e-05 1.59211e-05 0.00248617 3.12882e-07 5.93381e-06 0.0303572 4.12033e-08 5.36052e-08 8.28434e-08 
0.00102883 2.05191e-07 3.58428e-07 0.00353362 0.00087491 6.20398e-08 0.00906216 1.1867e-07 0.00135489 0.974207 0.00906239 0.000244406 2.73312e-07 0.00055976 4.5914e-08 6.03313e-06 6.47128e-05 
2.37851e-07 0.00295958 1.03588e-06 0.00129549 0.000558631 0.000843419 0.000944292 0.00149528 0.0402895 0.00482432 0.923201 0.022083 7.89889e-07 0.00150327 1.32695e-07 1.72635e-07 2.66796e-07 
0.100023 4.39897e-07 7.68414e-07 0.00643657 0.023422 0.00361782 1.827e-05 0.0134077 0.0052639 1.63979e-07 3.13354e-07 0.822952 5.85939e-07 0.00466153 9.84326e-08 0.0201952 1.97909e-07 
0.00306023 0.0036669 9.54105e-10 0.00556468 6.19473e-06 1.65145e-10 2.24604e-10 0.135367 0.487921 0.000583769 6.93157e-05 0.00279297 7.27534e-10 0.360924 1.22219e-10 4.4016e-05 2.45735e-10 
3.09238e-05 4.58902e-09 8.01612e-09 1.38159e-09 9.45832e-05 1.3875e-09 1.88706e-09 3.10546e-05 1.85693e-05 0.941918 0.0578439 7.79752e-09 6.11253e-09 1.14355e-05 1.02685e-09 5.18353e-05 2.06459e-09 
2.18062e-07 5.43675e-07 9.49694e-07 1.63681e-07 0.0259783 1.80435e-05 2.23566e-07 3.14429e-07 2.89401e-06 0.792334 3.87279e-07 2.29033e-05 7.2417e-07 0.18164 1.21654e-07 1.58272e-07 2.44599e-07 
0.0022751 1.28212e-05 0.0117824 3.85999e-06 0.158871 0.000169988 0.000111917 0.000739593 3.87856e-05 0.656206 9.13298e-06 2.17853e-05 2.38956e-05 5.35948e-05 2.8689e-06 0.169661 1.65149e-05 
0.0417421 0.0118868 3.08385e-07 1.12291e-07 0.910197 1.56942e-11 7.56845e-06 0.0112571 5.47957e-08 1.81404e-05 3.52684e-07 8.09271e-08 6.91399e-11 0.0140067 1.16149e-11 0.0107352 0.000148812 
2.87354e-07 7.16436e-07 1.50911e-05 0.00145939 0.0210613 0.0214904 0.00436831 4.14343e-07 0.047699 0.893465 0.00575834 0.00285635 0.000142366 0.00168221 1.60312e-07 2.08565e-07 3.22323e-07 
9.46128e-06 6.0469e-09 1.05628e-08 6.79068e-05 7.19812e-06 2.65121e-05 6.24152e-05 3.49717e-09 1.37166e-05 0.812533 3.05871e-05 1.03774e-06 0.00291168 0.183027 1.35307e-09 1.76034e-09 0.00130965 
0.00920333 0.000596462 0.256378 0.0111284 0.203358 4.07997e-07 0.00461817 0.000448098 0.0440754 0.0351544 1.07463e-06 0.0690709 8.78244e-08 0.346114 5.96682e-08 6.85794e-07 0.0198528 
0.00454798 0.000722678 0.000329478 0.00862563 0.0121029 0.00662334 0.000825003 0.0117467 0.730126 0.187039 0.00570234 0.0108391 7.68453e-05 0.0196022 3.44596e-05 0.00095977 9.61193e-05 
0.0121495 0.0343769 2.21521e-07 0.0145507 0.0741195 0.00553384 0.00206202 0.00534053 0.0418735 0.107015 0.684457 0.000820254 1.68917e-07 0.0176657 2.83765e-08 3.69177e-08 3.53655e-05 
1.12718e-05 1.293e-06 5.88123e-06 0.00269984 0.000229548 0.0020518 0.99367 2.4132e-06 0.000304923 1.54959e-06 1.18271e-05 1.65336e-06 1.29608e-06 0.000996614 2.1773e-07 2.83265e-07 9.65221e-06 
9.08415e-05 5.00788e-06 0.000265759 1.50769e-06 0.00898484 0.000139163 0.00348333 2.89626e-06 0.00442885 0.981886 3.56729e-06 0.000363932 0.00025251 5.27897e-05 1.12058e-06 1.45787e-06 3.65115e-05 
1.186e-07 2.95695e-07 5.16521e-07 0.0126325 0.00014706 0.98245 1.21593e-07 6.85759e-05 0.000133603 0.00254631 4.23375e-05 0.000904885 3.93863e-07 0.000527443 6.61655e-08 8.6081e-08 0.000545567 
1.43831e-07 3.58601e-07 6.26406e-07 1.07962e-07 0.000913123 0.000130217 1.47461e-07 0.000352776 0.000234406 0.997745 2.55444e-07 6.09324e-07 4.77653e-07 0.000282224 8.02416e-08 1.04394e-07 0.000338962 
0.0211919 1.51966e-07 0.000130941 0.000530722 0.0574345 0.00244499 0.00461875 0.000620213 0.00314815 0.000207728 1.08251e-07 2.58216e-07 2.02417e-07 0.905491 3.40043e-08 0.00415404 2.58876e-05 
0.0121101 8.66533e-12 1.51366e-11 0.00846278 0.280395 2.61998e-12 0.0547132 9.42211e-08 0.129574 3.23014e-12 5.61719e-07 2.29707e-07 1.15421e-11 0.499721 1.93898e-12 0.0150234 3.89852e-12 
2.25355e-06 5.23856e-05 9.81455e-06 0.000153051 2.72692e-05 1.69879e-06 2.31043e-06 3.24944e-06 6.45931e-05 0.999154 0.000262187 0.000148611 7.48389e-06 7.12713e-05 1.25723e-06 1.63565e-06 3.67187e-05 
0.246089 2.36184e-07 4.12567e-07 0.0103587 2.86614e-05 8.25436e-06 0.0105887 0.000554478 0.000797631 0.0256393 0.0355747 0.645537 3.14595e-07 0.0248218 5.28492e-08 6.87565e-08 1.06259e-07 
0.000903411 0.000679446 1.0948e-08 0.0299876 0.0104106 0.000165374 0.00177261 3.15975e-06 0.110866 0.800472 0.0387693 1.06495e-08 8.34821e-09 0.00592153 1.40243e-09 1.82455e-09 4.88004e-05 
0.0133676 1.24114e-10 5.18181e-06 3.73662e-11 0.631083 3.75261e-11 5.10372e-11 4.09871e-06 2.23084e-07 6.20004e-07 8.84108e-11 2.10891e-10 1.65319e-10 1.62935e-08 2.77721e-11 0.355539 5.58386e-11 
0.0479433 0.142357 3.17781e-09 2.93484e-07 0.735928 1.23859e-07 2.83536e-05 8.04441e-05 0.00131428 0.0443131 0.000244493 0.00149221 8.08216e-08 0.023463 4.07073e-10 0.00283336 2.55101e-06 
0.994147 1.46873e-08 1.23956e-11 2.13639e-12 0.000134071 2.14553e-12 2.91802e-12 0.00518804 0.000127296 6.55857e-09 6.18647e-08 1.20575e-11 9.45199e-12 0.000403732 1.58785e-12 2.06579e-12 3.11475e-10 
0.994147 1.46873e-08 1.23956e-11 2.13639e-12 0.000134071 2.14553e-12 2.91802e-12 0.00518804 0.000127296 6.55857e-09 6.18647e-08 1.20575e-11 9.45199e-12 0.000403732 1.58785e-12 2.06579e-12 3.11475e-10 
0.00306023 0.0036669 9.54105e-10 0.00556468 6.19473e-06 1.65145e-10 2.24604e-10 0.135367 0.487921 0.000583769 6.93157e-05 0.00279297 7.27534e-10 0.360924 1.22219e-10 4.4016e-05 2.45735e-10 
0.000483923 1.87446e-05 0.000583867 5.58746e-08 0.000352343 0.00047141 0.00263301 1.07334e-07 0.000752768 0.994227 1.32203e-07 3.18502e-05 2.47205e-07 0.00035295 4.15282e-08 5.4028e-08 9.19301e-05 
0.00319931 2.02884e-10 3.54398e-10 1.28276e-06 2.69909e-06 0.91364 6.50823e-07 4.81194e-07 0.0153759 0.0637178 3.59874e-06 0.00405658 2.70239e-10 1.24793e-06 4.53978e-11 1.35902e-07 1.18751e-07 
4.40578e-07 6.36336e-08 0.000184841 0.0213459 0.0290497 1.92398e-08 0.0219837 3.68019e-08 4.58127e-06 0.338919 4.53285e-08 0.588451 8.47595e-08 6.08374e-05 1.42389e-08 1.85247e-08 2.86287e-08 
0.0135367 0.00807381 2.07357e-08 0.215042 0.0214282 3.58912e-09 0.00266227 6.86527e-09 0.0107377 0.574609 8.4559e-09 0.153893 1.58116e-08 1.59566e-05 2.65621e-09 3.45572e-09 1.29733e-06 
0.212084 0.00301149 0.00026128 0.00972246 0.105879 2.11933e-06 0.00148377 0.280389 0.00969365 0.328881 2.22878e-06 3.65719e-06 3.98816e-06 0.0485405 1.2652e-06 3.72799e-05 3.63075e-06 
0.000787678 0.000315473 0.000663581 0.00077079 0.000472344 0.0516784 0.0497235 3.40647e-07 0.893697 0.000270545 0.000756598 0.000130708 7.84554e-07 4.04352e-05 1.31798e-07 0.000666844 2.49493e-05 
0.00920333 0.000596462 0.256378 0.0111284 0.203358 4.07997e-07 0.00461817 0.000448098 0.0440754 0.0351544 1.07463e-06 0.0690709 8.78244e-08 0.346114 5.96682e-08 6.85794e-07 0.0198528 
1.77651e-06 5.65431e-07 4.79577e-09 2.73954e-06 5.43094e-06 0.000552966 1.12897e-09 0.000755914 0.00307504 0.995596 2.55452e-06 4.66499e-09 3.65692e-09 6.56906e-07 6.14331e-10 2.97688e-06 3.68185e-06 
0.0268504 0.0062834 2.01708e-10 3.6816e-06 0.0396321 3.49133e-11 8.69001e-07 2.83163e-06 0.686808 0.00137652 8.22551e-11 8.2858e-05 3.38532e-07 0.237801 2.58384e-11 3.36157e-11 0.00115772 
1.77651e-06 5.65431e-07 4.79577e-09 2.73954e-06 5.43094e-06 0.000552966 1.12897e-09 0.000755914 0.00307504 0.995596 2.55452e-06 4.66499e-09 3.65692e-09 6.56906e-07 6.14331e-10 2.97688e-06 3.68185e-06 
0.994147 1.46873e-08 1.23956e-11 2.13639e-12 0.000134071 2.14553e-12 2.91802e-12 0.00518804 0.000127296 6.55857e-09 6.18647e-08 1.20575e-11 9.45199e-12 0.000403732 1.58785e-12 2.06579e-12 3.11475e-10 
0.805397 6.24819e-12 1.09144e-11 0.00444327 0.117569 0.00139777 2.62097e-08 0.0100363 0.0093086 2.32912e-12 4.45081e-12 0.00126161 8.32253e-12 0.00534994 1.39811e-12 0.0452362 2.81105e-12 
0.0230955 3.36776e-06 9.059e-06 0.0520083 0.256028 0.000816856 0.00493532 0.651329 3.47875e-05 1.41436e-05 5.90163e-06 0.000832664 3.87104e-11 0.00122583 6.50302e-12 0.00965619 4.92884e-06 
0.17296 6.96418e-05 0.000712658 0.0029355 0.620049 0.000492872 0.00184017 0.0347417 0.0028968 0.000196591 0.0239454 0.000104725 1.42107e-06 0.119788 9.65129e-07 0.00158154 0.0176831 
4.22891e-06 1.05436e-05 1.84176e-05 0.00920863 0.0227174 3.18787e-06 4.33565e-06 0.0189092 0.880316 0.0184763 7.51057e-06 1.79153e-05 1.4044e-05 0.0374743 2.35926e-06 3.06939e-06 0.0128123 
