0.0243521 1.91971e-07 3.35336e-07 0.0052639 0.0173353 0.00201819 0.00306392 0.000287616 0.94223 0.00105116 0.00155431 0.00117622 2.55704e-07 0.0015226 0.000143838 5.58856e-08 8.63675e-08 
1.03676e-05 2.4528e-05 4.97257e-06 6.58279e-09 0.0133858 0.00714713 1.93883e-05 0.00294755 0.132934 0.650988 1.55753e-08 3.20679e-05 2.91241e-08 0.165585 0.0269184 6.36524e-09 3.27781e-06 
3.11953e-07 0.000597238 5.66482e-07 7.59653e-05 0.00341932 0.000110803 2.32994e-07 0.00108252 0.0320824 0.945861 3.52058e-06 6.59168e-10 5.16727e-10 0.00517208 0.0108646 1.12934e-10 0.000729331 
8.81691e-07 1.82083e-09 3.48181e-06 1.20909e-06 0.101726 0.0229899 0.00289081 2.11818e-06 0.21356 0.00717826 0.0028916 0.00210313 1.60176e-06 0.0465891 0.600062 5.30069e-10 8.19187e-10 
8.46271e-05 0.0381041 1.02048e-05 0.131027 0.000188785 0.000263972 0.000728174 3.37866e-06 0.0218657 0.694509 0.112492 9.92654e-06 7.78149e-06 0.000664074 3.62828e-05 1.70069e-06 2.62831e-06 
2.93651e-12 7.32864e-09 1.2789e-11 0.00155207 1.40099e-08 0.0146658 0.000147413 1.4824e-08 0.787538 2.26547e-08 5.60127e-07 1.24402e-11 9.75197e-12 8.74731e-08 0.196096 2.13135e-12 6.62066e-10 
0.00103615 0.000255435 1.55235e-05 0.000639583 0.00340149 0.00070123 0.000292617 0.00117682 0.00117769 0.982506 0.00301829 0.00309508 4.75061e-05 0.00112996 0.00138616 2.58708e-06 0.000118244 
0.003953 9.07104e-06 0.000480713 0.00436565 0.0951101 0.00244155 3.73012e-06 0.00760281 0.00134372 0.0111726 6.67796e-05 1.54132e-05 1.20825e-05 0.873395 2.09771e-05 2.64071e-06 4.08105e-06 
0.449221 0.00675182 0.00142063 0.121579 0.0246431 0.0193124 0.00529946 0.0164352 0.0502377 0.0171794 0.0253157 0.000111661 0.000559129 0.0836349 0.171157 3.51965e-06 0.0071383 
0.00356127 0.00123898 0.000160218 0.116508 0.0160891 0.263728 0.0427182 0.000528267 0.254425 0.0445654 0.00435118 0.000968348 4.23702e-06 0.0739357 0.177105 4.05474e-06 0.000108059 
0.00164835 1.34102e-05 1.83278e-05 0.17672 0.0253981 0.333424 0.0146332 0.122741 0.00381893 0.019094 7.07248e-06 0.000912534 0.272765 0.008066 0.0204295 6.57762e-06 0.000304405 
0.0647401 4.1985e-06 0.000111792 0.0480896 0.320899 0.00713081 4.8293e-05 0.00954885 0.0904511 0.152583 0.0291824 2.84216e-05 1.89344e-05 0.254922 0.0222331 3.46472e-06 4.85042e-06 
0.08026 0.000759903 1.00803e-06 0.00021776 0.017267 2.88133e-05 0.0229342 0.000708835 0.00321135 0.818821 9.605e-06 0.000228442 7.68656e-07 0.0544277 0.00111895 1.67994e-07 4.82224e-06 
0.00140327 0.000125873 2.04376e-06 0.0761984 1.38893e-07 0.00303882 0.00150627 3.43547e-07 0.0626687 0.00364581 6.47206e-07 0.00256822 4.39215e-10 0.269933 0.578908 9.5993e-11 2.15425e-07 
0.11439 0.000381265 0.000167183 0.0400844 0.325327 0.0946592 0.127698 0.00438295 0.0218948 0.0404936 0.000821102 0.000346221 2.23061e-05 0.217755 0.0115336 5.95356e-07 4.20858e-05 
0.015852 1.16183e-07 2.1609e-11 0.20224 0.0865736 0.0049908 0.00683148 0.000134762 0.460389 0.00935938 0.0477329 0.00185478 1.68233e-08 0.0847653 0.0792758 3.60125e-12 5.38367e-08 
0.0016171 8.37007e-07 1.46209e-06 0.00815423 0.0190832 0.833771 0.00744597 0.00904003 0.0761344 0.00748467 0.00108482 4.71297e-06 1.11489e-06 0.0164893 0.0196861 2.43665e-07 3.76568e-07 
0.0990783 2.85918e-09 4.99443e-09 0.133809 0.0487226 2.73827e-06 0.207205 9.40868e-06 0.0996454 6.64178e-06 9.84358e-06 4.85824e-09 3.80841e-09 0.408473 0.00303694 8.32349e-10 7.6792e-07 
0.00560879 0.0175812 0.00114974 0.020348 0.177449 0.0221866 0.00575336 0.0611872 0.0431766 0.543353 0.00595369 0.00214142 0.00789074 0.0233882 0.0624901 5.28087e-05 0.00028964 
0.00110419 0.00117087 8.90077e-06 0.00280931 0.0752153 0.014418 0.827306 0.00171256 0.0383089 0.00146078 0.00729951 8.65805e-06 6.22441e-05 0.0242655 0.00484563 1.48336e-06 2.29244e-06 
0.00216902 4.62496e-05 6.57849e-06 0.0808533 7.81798e-06 0.0356203 0.00178652 8.27292e-06 0.0260815 0.65806 8.13154e-06 8.16566e-05 3.32033e-06 3.07954e-05 0.194786 9.36079e-07 0.000449054 
0.0173071 0.000539883 7.59959e-05 0.00461021 0.89347 0.00828817 0.0075659 0.00818222 0.0186702 0.000318358 0.000879597 0.00097587 5.58303e-06 0.0383442 0.000763311 1.2202e-06 1.88574e-06 
5.946e-05 0.000452855 3.56002e-05 1.46836e-05 5.51078e-07 0.354598 0.13506 6.40196e-05 0.0294816 0.443424 0.0138321 1.69283e-06 5.43936e-06 0.0199769 0.00298058 2.012e-07 1.20368e-05 
0.000574788 0.000485406 1.1418e-06 0.64981 0.0372371 0.0718543 0.0191375 0.000465894 0.053648 0.124026 5.50118e-06 0.000364741 8.70654e-07 0.0235003 0.0188797 7.67759e-07 7.89223e-06 
0.0058273 0.00375124 6.48509e-05 0.0293835 0.00317283 0.112538 0.381175 0.000919467 0.141894 0.0160206 0.0102672 0.000370943 0.000108185 0.273171 0.0212785 1.97572e-05 3.74913e-05 
8.52638e-06 4.34377e-09 1.29269e-06 2.23969e-05 1.05677e-05 0.133399 1.78621e-09 0.00599174 0.266297 0.569197 5.61991e-05 1.43601e-06 2.16341e-05 0.00110978 0.0238805 1.26453e-09 3.38271e-06 
0.0878773 0.0978801 7.2872e-07 0.0469062 0.0238242 0.0121488 0.00121803 0.035777 0.0507963 0.173824 0.112348 0.000298595 9.79756e-05 0.175385 0.179267 2.05271e-07 0.00235072 
0.00101387 0.000436708 4.12105e-05 0.0430174 0.00812982 1.04115e-05 0.0364444 9.97328e-07 0.085259 0.0243608 0.0084812 4.90288e-05 9.82601e-09 0.340058 0.452693 2.14753e-09 3.63416e-06 
0.012675 0.0270289 0.0064453 0.0678952 0.0724653 0.000991312 0.00393504 0.00535037 0.107108 0.517344 0.0470021 0.00422201 0.00022486 0.00951591 0.116747 8.11538e-05 0.000968005 
0.0960773 2.97998e-05 0.00185076 0.0210361 0.0165176 0.00735657 0.0135437 3.23145e-07 0.0340261 0.0961496 0.0154798 0.688821 1.78477e-05 0.00740514 0.00167457 2.05524e-07 1.32532e-05 
0.00140327 0.000125873 2.04376e-06 0.0761984 1.38893e-07 0.00303882 0.00150627 3.43547e-07 0.0626687 0.00364581 6.47206e-07 0.00256822 4.39215e-10 0.269933 0.578908 9.5993e-11 2.15425e-07 
0.0417887 7.2773e-06 4.73923e-05 0.00382074 0.0804415 0.150922 0.0403658 0.00297204 0.0228358 0.62858 0.000100155 0.000829268 0.00601262 0.00914738 0.0120082 3.25196e-06 0.000118 
0.0374997 0.0238942 0.000230194 0.198182 0.129971 0.00364299 0.0318968 0.00135011 0.0896436 0.333558 0.00711027 0.0263022 0.00100593 0.0738089 0.0418698 5.31733e-06 2.877e-05 
0.161344 0.00101245 0.00550352 0.100989 0.0832619 0.0448295 0.0785735 0.00353639 0.0755203 0.034001 0.0470722 0.000523613 0.000380029 0.0256458 0.333123 0.000107096 0.00457686 
5.68009e-05 0.00126501 0.000969948 0.00297501 0.0708954 0.127307 0.0691074 0.284904 0.0172747 0.0321009 2.38754e-05 0.00012235 0.00421586 0.374651 0.0123786 3.65232e-06 0.00174862 
2.63704e-06 1.02265e-05 2.80931e-06 0.0975369 0.0677911 0.0273563 9.19082e-06 8.44795e-10 0.016177 5.162e-05 0.0303016 1.88658e-05 1.94567e-09 0.760732 9.67522e-06 4.25238e-10 3.94964e-07 
0.0041248 0.000131984 3.55342e-05 0.00375253 0.0251154 0.0166308 0.0146668 0.00647128 0.0162983 0.699871 0.000600295 0.0245839 0.112263 0.0551805 0.0189487 1.45397e-07 0.00132539 
0.0644413 0.00112356 0.00136359 0.0705622 0.622681 0.00389499 0.0248243 0.00277469 0.0647444 0.0073597 0.017982 4.26079e-05 5.50213e-05 0.114204 0.000844261 1.12069e-06 0.0031013 
0.000106313 6.80766e-05 0.236185 0.237029 0.0140542 0.0283117 0.0300432 0.00152817 0.187181 0.0041064 0.00980779 1.43668e-06 0.0439185 0.00449326 0.202283 5.55575e-09 0.000883545 
0.0114886 0.0019677 3.26297e-06 0.0476186 0.0142156 0.0471652 0.0106375 0.00077269 0.0480249 0.442777 0.281573 0.000492688 2.50072e-05 0.0214323 0.0696517 1.8641e-06 0.00215284 
0.00384364 2.07059e-05 2.54016e-05 0.0469279 0.174819 0.0094191 0.00863239 0.0187412 0.0102705 0.655987 0.000317928 1.93754e-06 5.10514e-06 0.00104364 0.0699434 1.13087e-08 1.58668e-06 
2.79643e-05 1.98516e-06 6.61086e-05 4.57819e-05 0.00364486 0.00107985 8.16322e-07 9.91328e-05 0.00274404 0.991366 4.8719e-05 3.37312e-06 8.62379e-05 0.000195347 0.000576546 5.77908e-07 1.2467e-05 
0.00486645 8.10914e-10 7.86332e-07 7.36691e-06 0.0336949 2.45182e-10 3.33458e-10 1.28287e-05 0.0038767 0.957408 1.02423e-07 1.37788e-09 1.08013e-09 2.83679e-06 0.000130299 2.36069e-10 3.64829e-10 
0.000665071 5.30583e-05 3.77159e-05 0.117517 4.4977e-05 0.0148319 0.00470701 8.65251e-05 0.00955527 0.00726547 0.017468 0.00974236 0.173479 0.0170981 0.605787 1.91618e-06 0.0216595 
0.0308074 0.00117025 0.000337206 0.103893 0.0338842 0.0133336 0.00569271 0.00179425 0.101179 0.0423935 0.0592529 0.000827239 2.35983e-05 0.512727 0.0924463 8.86577e-08 0.00023815 
0.318498 1.55127e-05 2.28412e-08 0.109944 0.00173786 0.000196404 0.0113307 7.56238e-09 0.160495 0.000597768 0.00238543 3.39061e-07 1.74171e-08 0.394086 0.000712144 3.80662e-09 5.88288e-09 
0.000971386 2.81445e-06 4.9163e-06 0.00451944 0.000621956 0.910464 0.00196764 0.00023429 0.00347949 0.00976831 0.0017773 0.000718752 3.74883e-06 0.00248709 0.0629773 8.19328e-07 1.26622e-06 
0.0191944 9.87053e-05 0.00131667 0.0170781 0.0235625 0.00598204 0.00466439 2.09918e-05 0.0860386 0.145834 0.000497289 0.212315 6.33863e-07 0.107687 0.370618 1.3922e-07 0.00509221 
0.00118251 0.00573152 2.79184e-06 0.000766916 0.000267284 0.0013381 0.000252536 9.24333e-07 0.0409781 0.947202 0.0019117 2.7157e-06 2.12886e-06 4.58465e-05 0.000313639 4.65274e-07 7.19051e-07 
0.031333 8.01945e-05 1.80997e-11 0.0365192 0.824511 0.00568843 0.00206397 0.00135914 0.0264295 0.000282305 0.0666345 4.39097e-05 1.38015e-11 0.00237495 0.00268002 3.01641e-12 4.66166e-12 
2.63704e-06 1.02265e-05 2.80931e-06 0.0975369 0.0677911 0.0273563 9.19082e-06 8.44795e-10 0.016177 5.162e-05 0.0303016 1.88658e-05 1.94567e-09 0.760732 9.67522e-06 4.25238e-10 3.94964e-07 
0.00140327 0.000125873 2.04376e-06 0.0761984 1.38893e-07 0.00303882 0.00150627 3.43547e-07 0.0626687 0.00364581 6.47206e-07 0.00256822 4.39215e-10 0.269933 0.578908 9.5993e-11 2.15425e-07 
0.0104678 2.69343e-06 5.36196e-06 0.356927 0.052178 0.00531297 0.000770745 0.00113522 0.326124 0.00651354 0.00701568 6.39801e-08 8.99869e-09 0.221285 0.0122625 1.96672e-09 3.03943e-09 
0.0508347 0.000223188 3.29939e-05 0.00620032 0.0553434 0.200524 0.0102836 0.00177936 0.0678172 0.337952 0.00306913 0.000659342 4.60268e-05 0.236224 0.0289929 4.08778e-10 1.77502e-05 
0.000423774 1.57515e-05 0.0992039 0.00410563 0.00224175 0.0312542 0.00200987 2.68164e-05 0.0632719 0.00898783 0.00157253 8.26827e-05 0.00125463 0.00239768 0.765718 1.55824e-05 0.0174174 
0.000139243 1.19522e-08 2.08782e-08 3.52096e-05 7.9769e-06 0.331061 0.000500521 0.00479713 7.14621e-05 0.662989 3.15274e-05 9.4182e-06 1.59203e-08 0.000327968 2.95284e-05 3.47947e-09 5.37729e-09 
0.0132175 3.44219e-10 6.01283e-10 1.03632e-10 0.87159 1.04075e-10 2.01011e-06 0.0208995 1.37964e-06 0.0920333 2.47652e-08 5.84886e-10 4.58497e-10 0.00225569 2.85065e-07 1.00207e-10 1.54864e-10 
0.853617 0.00115383 5.85144e-05 0.00667085 0.0454208 1.60776e-10 1.97976e-07 0.002905 0.0207286 0.0139866 2.41632e-06 3.37619e-07 5.22115e-08 0.0285034 0.0269517 1.54801e-10 3.02494e-07 
0.0156844 2.08427e-08 7.68214e-06 0.264163 0.111356 3.44845e-05 0.166548 0.00156033 0.00646762 0.408584 5.26467e-05 8.49845e-06 2.77623e-08 0.0206177 0.00490785 6.06762e-09 7.90111e-06 
0.00213255 0.00118983 1.31288e-07 0.000431936 0.00837666 0.00525342 0.0193934 0.00545316 0.334927 0.2867 0.0075769 0.0508428 8.35684e-06 0.268307 0.00858692 3.83707e-10 0.000819831 
0.000216422 0.0170748 6.18925e-05 0.00162422 0.000836995 0.00236314 0.000447173 3.03872e-05 0.000462698 0.952571 6.31643e-05 0.000499181 2.7868e-05 0.0182401 0.00526691 8.12575e-06 0.000205904 
0.000430431 0.00165458 0.000595442 0.00774975 0.0136829 0.00654005 0.000140949 0.000594915 0.0426939 0.897572 0.000492943 0.00439417 0.000804427 0.0124089 0.0101375 1.64015e-05 9.06829e-05 
0.00916279 0.000649835 3.11442e-07 0.0809337 0.117925 0.350517 0.0371611 0.0131039 0.055345 0.0149616 0.000208777 0.00119686 1.41308e-05 0.281854 0.0368639 1.68428e-07 0.000102048 
0.0139962 0.00789748 0.00125537 0.158697 0.126298 0.0141299 0.0481026 0.0082203 0.0421064 0.0293322 0.000811011 0.00439683 0.000848335 0.070055 0.465158 0.000565107 0.0081307 
0.0106581 0.000105519 0.00284348 0.0246684 0.0206865 0.0291327 0.017213 0.000283384 0.267993 0.0798264 0.048699 0.000351367 3.2656e-05 0.0344719 0.462928 9.03281e-06 9.79431e-05 
0.000538807 2.51522e-07 1.36139e-05 0.0058491 0.103529 5.28829e-06 0.000468188 0.00148003 0.0240113 0.803322 2.56688e-08 0.00174993 4.35342e-06 0.0564779 0.00254419 1.04902e-08 5.8413e-06 
0.293138 0.001832 3.95678e-07 0.00475093 0.472004 0.00842821 0.000664133 0.0860982 0.0286842 0.0309991 7.56193e-05 0.00447762 4.33395e-05 0.0645735 0.00423095 4.93944e-11 5.14795e-09 
0.000543452 4.8357e-08 0.000242638 0.0622798 7.0502e-07 0.00505196 0.203841 9.62381e-05 0.00501602 0.00747164 0.00219772 7.08602e-06 1.03663e-05 0.00181727 0.704363 1.66271e-08 0.00706153 
0.0365623 0.0119892 0.00121765 0.432122 0.0376054 0.00169719 0.040221 0.000229144 0.14096 0.0703208 0.0528517 0.159625 1.43315e-05 0.00889427 0.00544375 8.96771e-06 0.000238104 
0.0513705 8.70853e-05 3.17712e-06 0.614982 0.00222558 0.000602194 0.0292404 0.000458837 0.145676 0.000640453 0.0508201 0.000224451 8.46815e-05 0.0198345 0.0837251 3.44445e-11 2.46252e-05 
0.00208234 0.00147368 0.000117365 0.00087797 0.0517837 0.404145 0.0074411 0.0163602 0.20072 0.251045 3.0208e-05 0.000972799 0.000136552 0.0118041 0.0509535 3.6844e-06 5.25338e-05 
0.0279932 0.00116293 9.32854e-06 0.0337637 0.0747159 0.0353665 0.0150879 1.40244e-05 0.0390793 0.361089 0.345339 4.494e-05 0.000205681 0.0375593 0.0284678 2.5229e-06 9.86139e-05 
0.00118002 0.00445638 0.000272291 0.0286833 0.0247099 0.135743 0.0111542 0.000482312 0.0249479 0.0262565 0.00187946 0.0164536 0.000105606 0.0332304 0.690414 1.26111e-05 1.82689e-05 
0.00299875 9.467e-05 1.19958e-06 0.0483355 0.00534033 0.0229431 0.00601576 1.64581e-06 0.0532792 0.160134 0.0814402 0.0112198 0.570459 0.0171792 0.0205295 1.26452e-07 2.78055e-05 
0.489803 0.000143046 0.000105216 0.186583 0.161471 0.000328786 0.000414357 0.000387091 0.0209291 0.0189207 0.0971065 0.0010174 5.28344e-07 0.00443914 0.0183512 1.15473e-07 1.78455e-07 
0.0213699 0.015678 4.75116e-08 0.106261 0.0312671 0.0280367 0.00638374 0.0152864 0.0356438 0.631334 0.00105214 0.000104842 3.6229e-08 0.0173153 0.0902667 7.91806e-09 1.22368e-08 
0.0238382 2.06546e-09 5.68396e-07 0.141316 0.00474596 3.47104e-06 0.000177102 1.24335e-06 0.269212 2.59038e-07 6.65731e-06 0.000782343 2.75118e-09 0.558835 0.0010725 6.01287e-10 8.07927e-06 
1.28354e-10 6.40347e-07 1.45397e-06 9.63448e-11 3.06835e-05 9.67569e-11 9.22472e-08 9.07063e-07 0.00149019 0.996366 2.27958e-10 5.43758e-10 2.98805e-07 1.0157e-06 6.44538e-07 9.31608e-11 0.00210772 
0.00110285 1.81665e-06 0.00301132 0.0484224 0.00173834 2.14543e-07 0.026601 7.84758e-08 0.00320658 0.00971174 0.00224999 0.884993 9.05128e-07 0.0189581 6.70527e-08 3.95018e-08 1.51796e-06 
0.0133069 0.00372986 0.00213523 0.0657975 0.0207885 0.000826742 0.0411499 0.000240666 0.405169 0.00206069 0.0286846 0.000335613 8.86369e-06 0.300234 0.0905343 5.31538e-06 0.0249922 
0.00164835 1.34102e-05 1.83278e-05 0.17672 0.0253981 0.333424 0.0146332 0.122741 0.00381893 0.019094 7.07248e-06 0.000912534 0.272765 0.008066 0.0204295 6.57762e-06 0.000304405 
7.26507e-06 0.00276108 3.48879e-05 0.00013559 0.0161436 6.19842e-06 6.31438e-05 0.00553917 0.350136 0.623612 0.000118063 5.55377e-05 4.08915e-08 0.00138426 2.88083e-06 8.93707e-09 1.38117e-08 
0.0185753 1.98273e-07 0.00217166 0.025968 0.106797 0.00480875 0.00173196 0.00703009 0.0189395 0.730918 0.019309 3.369e-07 2.64098e-07 0.0634932 0.000256657 5.77202e-08 8.92029e-08 
0.119257 7.29257e-05 4.02889e-05 0.0106723 0.204017 0.126326 0.00342288 0.000511777 0.000470667 0.531974 7.76139e-05 0.00100157 2.25787e-06 0.00115531 0.000983802 4.93471e-07 1.39818e-05 
0.0307429 4.2978e-05 1.83902e-11 0.0195641 0.882829 0.00390025 0.00110574 0.0015397 0.0141588 0.000151253 0.0426229 2.3541e-05 1.40231e-11 0.00158905 0.0017301 3.06482e-12 4.73648e-12 
0.00213255 0.00118983 1.31288e-07 0.000431936 0.00837666 0.00525342 0.0193934 0.00545316 0.334927 0.2867 0.0075769 0.0508428 8.35684e-06 0.268307 0.00858692 3.83707e-10 0.000819831 
0.000517458 3.9972e-10 1.21414e-06 1.96775e-05 0.256264 1.05028e-06 1.6437e-10 0.000616533 0.0399297 0.0620047 9.16647e-07 6.79192e-10 0.000278258 0.618372 0.0219939 1.16364e-10 4.43927e-07 
0.000456318 0.000265082 3.25264e-05 0.00236204 0.0257641 0.144912 0.00130938 0.000498197 0.087729 0.424619 5.83956e-05 0.00566276 1.90228e-05 0.115886 0.189111 1.96142e-08 0.00131483 
0.00169403 7.37651e-05 0.00270374 0.129495 0.0112831 0.364072 0.0782749 0.000339494 0.188573 0.00586156 0.0363541 0.0207227 0.00037038 0.0508714 0.0616766 3.56402e-05 0.0475991 
0.10931 0.219255 2.77368e-08 0.106187 0.023176 6.21344e-05 0.00477587 0.00143353 0.0481397 0.0337335 0.157527 0.000243456 2.11501e-08 0.24879 0.0473049 4.62249e-09 6.28855e-05 
2.95232e-05 8.08952e-06 1.08191e-07 0.00838357 2.43218e-05 0.0014396 0.00235958 1.3103e-06 0.0189333 0.000530972 0.00640704 0.00040604 0.0428423 0.019258 0.0841375 7.50659e-08 0.815239 
2.95232e-05 8.08952e-06 1.08191e-07 0.00838357 2.43218e-05 0.0014396 0.00235958 1.3103e-06 0.0189333 0.000530972 0.00640704 0.00040604 0.0428423 0.019258 0.0841375 7.50659e-08 0.815239 
1.76838e-08 4.66531e-06 2.97912e-11 5.33378e-05 0.000277444 0.00808033 2.36945e-05 9.86339e-12 0.848125 4.33395e-08 1.21487e-11 2.89788e-11 2.27167e-11 0.127911 0.0155248 4.96486e-12 2.52464e-10 
0.003002 1.73082e-08 3.0234e-08 3.28226e-06 0.101355 2.4435e-06 2.69945e-06 1.001e-08 0.00424917 0.783811 1.85731e-05 0.000462084 2.30544e-08 0.0318243 0.0752684 5.03866e-09 1.00164e-06 
0.00153 6.85203e-05 4.60176e-08 0.000992201 0.000345707 0.00173163 0.000326082 1.52357e-08 0.000486906 0.00224096 0.991813 4.47627e-08 3.50898e-08 5.9083e-05 0.000405567 7.66908e-09 1.18521e-08 
0.00164835 1.34102e-05 1.83278e-05 0.17672 0.0253981 0.333424 0.0146332 0.122741 0.00381893 0.019094 7.07248e-06 0.000912534 0.272765 0.008066 0.0204295 6.57762e-06 0.000304405 
0.00164835 1.34102e-05 1.83278e-05 0.17672 0.0253981 0.333424 0.0146332 0.122741 0.00381893 0.019094 7.07248e-06 0.000912534 0.272765 0.008066 0.0204295 6.57762e-06 0.000304405 
5.93014e-06 2.75037e-06 1.20274e-08 5.57458e-06 0.0467398 0.0214383 2.43504e-07 3.98208e-09 0.0253612 0.623068 0.000159718 1.16994e-08 5.46736e-06 0.239612 0.0434337 2.00443e-09 0.000167062 
0.00150444 0.000679807 8.86954e-09 0.0298957 0.00137509 0.000626122 7.41476e-07 4.54327e-06 0.00421553 0.149634 0.80728 3.82983e-07 5.77611e-06 1.33318e-05 0.00476315 1.47816e-09 1.41952e-06 
3.11953e-07 0.000597238 5.66482e-07 7.59653e-05 0.00341932 0.000110803 2.32994e-07 0.00108252 0.0320824 0.945861 3.52058e-06 6.59168e-10 5.16727e-10 0.00517208 0.0108646 1.12934e-10 0.000729331 
5.81873e-05 0.000106641 1.156e-06 0.921549 0.00505541 0.00279156 0.00013672 0.000620135 0.00497197 0.0190866 0.00894425 0.00258789 5.46802e-08 0.0330733 0.000786306 5.68343e-09 0.00023128 
0.00213255 0.00118983 1.31288e-07 0.000431936 0.00837666 0.00525342 0.0193934 0.00545316 0.334927 0.2867 0.0075769 0.0508428 8.35684e-06 0.268307 0.00858692 3.83707e-10 0.000819831 
1.59774e-09 3.98349e-09 6.95839e-09 6.59727e-06 1.68106e-06 1.20442e-09 1.63806e-09 2.30381e-09 1.07241e-06 0.999973 2.83759e-09 6.76863e-09 5.30598e-09 5.90394e-06 7.75571e-06 1.15965e-09 4.12379e-06 
0.123839 4.71398e-06 2.38084e-06 0.0954091 0.0285703 7.02942e-07 0.00453267 0.000703193 0.0580072 0.64019 0.000589705 0.0182166 1.21077e-06 0.0269147 0.00260238 9.52233e-08 0.000416418 
0.301881 0.000446563 2.84903e-07 0.0109955 0.00801232 0.0200575 0.00408858 0.0188364 0.128215 0.00387828 0.00296829 0.00186536 1.63541e-06 0.439336 0.058835 2.46651e-07 0.000582034 
0.00150444 0.000679807 8.86954e-09 0.0298957 0.00137509 0.000626122 7.41476e-07 4.54327e-06 0.00421553 0.149634 0.80728 3.82983e-07 5.77611e-06 1.33318e-05 0.00476315 1.47816e-09 1.41952e-06 
0.0149075 0.0028454 8.27231e-05 0.00960433 0.0387905 0.483424 0.00571271 0.00206276 0.0795963 0.104607 0.000168717 0.000390374 0.103434 0.132394 0.0215068 7.10387e-05 0.000402018 
0.0358384 0.00235533 0.00057341 0.0309237 0.0312182 0.000622818 0.00144803 0.00110116 0.0249276 0.0291534 0.000461695 0.00023325 0.00153381 0.0159707 0.186902 7.19902e-05 0.636664 
0.00140327 0.000125873 2.04376e-06 0.0761984 1.38893e-07 0.00303882 0.00150627 3.43547e-07 0.0626687 0.00364581 6.47206e-07 0.00256822 4.39215e-10 0.269933 0.578908 9.5993e-11 2.15425e-07 
0.0127989 4.0031e-05 7.06577e-08 0.000232208 0.107575 0.00563965 0.0022721 0.00398611 0.0681135 0.785232 0.00086419 0.00304868 1.28624e-05 0.0100288 0.000147786 1.17755e-08 8.67068e-06 
0.0620033 1.67706e-07 8.7763e-07 4.9967e-07 0.283322 0.0277032 0.00591045 0.015542 0.0406397 0.0508135 1.23048e-06 0.00625132 1.00364e-07 0.384825 0.00169374 9.40129e-09 0.121292 
8.76598e-06 6.21762e-07 9.86465e-10 1.70019e-10 0.115729 8.88049e-07 2.32222e-10 9.96172e-06 4.34226e-06 0.881407 4.02274e-10 9.59564e-10 7.52209e-10 0.00283621 3.63944e-06 1.644e-10 2.54069e-10 
4.47604e-05 0.000475191 0.000295967 0.00111399 0.000363431 0.0150429 0.000127252 0.000181817 0.00170998 0.0237 0.000138258 5.1912e-05 0.00303543 0.0048286 0.0128091 3.38467e-05 0.936048 
0.0046501 0.000405268 1.67313e-07 5.09181e-05 0.92398 0.00323691 5.01011e-05 0.00381114 1.53344e-05 0.0602495 0.000293864 0.000174806 1.0761e-05 0.0025606 0.000510848 2.78836e-08 4.30924e-08 
0.00608046 7.84031e-05 0.0013622 0.00374077 0.0444181 0.00175903 8.54804e-05 0.00504854 0.0064448 0.114526 1.03981e-05 8.07304e-05 1.29085e-05 0.10908 0.640515 2.65421e-06 0.0667544 
3.11953e-07 0.000597238 5.66482e-07 7.59653e-05 0.00341932 0.000110803 2.32994e-07 0.00108252 0.0320824 0.945861 3.52058e-06 6.59168e-10 5.16727e-10 0.00517208 0.0108646 1.12934e-10 0.000729331 
0.00570712 0.000356127 0.000818997 0.460207 0.000796276 0.0615165 0.252522 0.000106682 0.0931782 0.00210006 0.0211814 0.000102917 8.83988e-05 0.0907863 0.0105208 5.19138e-08 1.06534e-05 
2.46639e-06 6.4048e-10 1.11879e-09 3.8567e-06 7.33469e-07 8.81126e-06 2.44964e-06 2.00061e-06 0.0451033 0.953421 0.00142561 9.36032e-06 3.24269e-06 4.84673e-06 1.1924e-05 1.86453e-10 2.88151e-10 
2.95232e-05 8.08952e-06 1.08191e-07 0.00838357 2.43218e-05 0.0014396 0.00235958 1.3103e-06 0.0189333 0.000530972 0.00640704 0.00040604 0.0428423 0.019258 0.0841375 7.50659e-08 0.815239 
1.19999e-05 0.00128449 3.23177e-08 3.99309e-06 0.0324153 1.40576e-05 6.64081e-05 1.06999e-08 0.382944 0.0649622 0.000234752 0.000250148 2.46432e-08 0.502588 0.0139244 5.38591e-09 0.00129997 
0.0194985 0.00130829 9.96057e-08 0.0450816 0.121507 0.000261079 0.00972284 0.000544789 0.00516942 0.786981 0.000994074 9.68894e-08 7.59523e-08 0.00714938 0.000828452 1.65998e-08 0.000953384 
0.00627053 0.0700609 1.89293e-06 0.0866088 0.00858873 0.0305613 0.00368124 5.53758e-05 0.148916 0.000529643 0.000949519 0.000377493 0.00020783 0.532711 0.0217581 5.98548e-07 0.0887213 
0.000364187 3.08942e-06 5.39662e-06 0.000206304 0.000362764 0.000333464 1.27041e-06 1.78674e-06 0.0565024 0.000961212 0.881414 0.00265463 4.11508e-06 0.00359539 0.0534002 8.99376e-07 0.00018929 
0.00055667 8.51935e-05 1.44101e-08 0.104949 0.000113324 0.000214598 0.0389161 0.00106751 0.0109738 0.728855 0.0440365 4.22648e-05 1.09881e-08 0.070096 9.42265e-05 2.40152e-09 3.71139e-09 
4.76347e-05 2.47109e-08 0.000129714 0.157051 0.000479665 0.0681825 0.00402526 0.000695631 0.00559219 0.551533 9.11091e-05 0.0112085 3.97149e-05 0.00298652 0.197937 8.69212e-09 3.28179e-07 
0.031122 0.000323658 0.00026532 0.0221301 0.0256035 0.00657046 0.00225181 0.000106411 0.0314861 0.797953 0.0199831 3.12934e-05 0.000177289 0.0105378 0.0511257 2.75952e-06 0.000329301 
0.00164835 1.34102e-05 1.83278e-05 0.17672 0.0253981 0.333424 0.0146332 0.122741 0.00381893 0.019094 7.07248e-06 0.000912534 0.272765 0.008066 0.0204295 6.57762e-06 0.000304405 
0.0286114 1.02938e-07 2.19171e-06 2.38395e-06 0.145488 0.203988 0.0241641 0.0203964 0.0469592 0.497536 0.0328498 7.86482e-07 7.53503e-07 5.98819e-07 6.19012e-07 2.99368e-11 7.40707e-08 
5.869e-10 1.46327e-09 2.55604e-09 1.63444e-05 0.000983118 9.29527e-07 9.20682e-06 8.46265e-10 0.00531109 0.993666 1.04234e-09 2.5112e-07 1.36629e-06 7.15821e-06 4.48605e-06 4.25978e-10 3.95651e-07 
0.102553 0.00160993 7.50071e-05 0.112821 0.163655 0.0201048 0.00656657 0.0226084 0.0784599 0.376246 0.000380927 0.0129954 0.00916478 0.0475939 0.0451116 3.39701e-08 5.43885e-05 
0.00140653 0.000388898 2.27218e-05 0.00151703 0.00635036 0.0437152 8.21875e-05 0.000850911 0.0573735 0.848005 0.000677405 0.00780581 4.41015e-05 0.0201735 0.00899094 1.33525e-06 0.00259445 
6.55413e-07 1.63408e-06 2.85443e-06 0.0961708 0.00540994 0.818477 0.00328376 9.45056e-07 4.68425e-06 0.00471325 1.16402e-06 2.77658e-06 2.17658e-06 0.0715733 0.00035345 4.75705e-07 7.35172e-07 
0.00196493 0.00414683 0.0480913 0.0156111 0.0690052 0.00680596 0.00964169 0.00408265 0.0198889 0.427382 2.51148e-05 0.00290084 1.97305e-05 0.0250879 0.364716 1.74618e-06 0.000627275 
0.0210621 1.64719e-06 5.76096e-09 4.7702e-06 0.221818 0.0321257 7.36991e-07 0.00201494 0.0257034 0.682299 3.69724e-07 1.62995e-05 5.41072e-07 0.0149496 3.05933e-06 5.65187e-09 2.19009e-07 
0.0644413 0.00112356 0.00136359 0.0705622 0.622681 0.00389499 0.0248243 0.00277469 0.0647444 0.0073597 0.017982 4.26079e-05 5.50213e-05 0.114204 0.000844261 1.12069e-06 0.0031013 
0.0014738 0.010788 5.33401e-06 0.0686169 0.00016639 0.0207744 0.0969475 1.53483e-07 0.483545 1.83123e-06 0.0193064 1.89875e-07 2.32028e-07 0.295239 0.0029988 9.67947e-08 0.000135922 
0.0193868 0.000120929 0.000131103 0.0244921 0.05151 0.0157552 0.000340815 0.000812371 0.00231612 0.750107 4.65483e-05 0.0255268 1.78755e-05 0.0222315 0.0052484 4.32647e-07 0.0819561 
7.20298e-05 4.47845e-07 7.82298e-07 1.3483e-07 0.000917706 0.00635071 1.8416e-07 0.978396 0.0010417 0.00759602 3.19016e-07 7.60965e-07 0.00244635 0.000270235 0.00290622 1.30374e-07 2.01485e-07 
0.00205631 0.000129822 3.53531e-06 0.00445775 0.0299218 0.00240758 0.000694436 0.000823128 0.0119919 0.630054 0.291394 0.000267326 5.57531e-06 0.00877925 0.0168226 1.31734e-06 0.000189679 
0.000201406 0.00199466 0.473403 0.0310569 0.0261753 0.00171056 0.0852712 2.21249e-06 0.0161084 0.139735 0.0204224 0.190116 4.78185e-07 0.0137514 5.12662e-05 1.0451e-07 1.61514e-07 
0.223927 0.442585 2.62272e-06 0.00974641 0.193577 1.53269e-05 0.000963114 2.95228e-05 0.000784752 0.11788 0.0102688 2.78978e-05 1.9999e-06 0.000150957 3.59004e-05 4.3709e-07 3.15223e-06 
0.0392033 0.000135707 1.2321e-06 0.287696 0.00440509 0.263727 1.82947e-05 7.2719e-06 0.184329 0.0448624 0.0650217 0.00665744 8.92089e-07 0.0519568 0.0518896 1.9877e-07 8.83181e-05 
0.00171744 0.034251 0.0332125 0.0510269 0.0118377 0.0849317 0.00358925 0.000317555 0.141205 0.0569344 0.000274955 0.00863696 0.136759 0.19824 0.231015 0.000123011 0.00592824 
1.63977e-07 2.43054e-06 2.80159e-06 0.0319624 0.357287 0.014508 0.0842023 2.5e-06 0.0296147 0.224713 3.19495e-09 0.207088 5.97421e-09 0.0456365 0.00498031 1.3057e-09 2.01787e-09 
0.00793203 6.22811e-05 0.000191268 0.125475 0.0804405 0.000102401 0.00153045 1.90517e-05 0.0286386 0.0699632 0.0243912 0.624516 1.31942e-05 0.0246938 0.012005 9.24117e-07 2.45481e-05 
0.000914226 0.000235188 9.43883e-06 0.000894084 0.0402942 0.00689621 0.000329848 4.95408e-05 0.00771497 0.92762 5.87938e-05 0.000348682 0.000199885 0.0093637 0.00400349 3.52533e-06 0.00106453 
3.11953e-07 0.000597238 5.66482e-07 7.59653e-05 0.00341932 0.000110803 2.32994e-07 0.00108252 0.0320824 0.945861 3.52058e-06 6.59168e-10 5.16727e-10 0.00517208 0.0108646 1.12934e-10 0.000729331 
0.00100968 0.117313 0.00100677 0.146477 0.0197936 0.0177783 0.329411 0.000230628 0.0539362 0.0124732 0.0025473 0.0190013 0.0001489 0.0909944 0.187767 2.43848e-05 8.66652e-05 
0.0166602 4.07582e-05 7.36724e-06 0.000776733 0.223048 0.00126621 0.000778319 0.00518115 0.137825 0.252999 0.00935066 0.0118613 5.64889e-06 0.328755 0.0113661 1.41778e-06 7.71688e-05 
0.00446312 5.23752e-08 6.94769e-05 0.00480713 0.0121135 0.00014053 2.15373e-08 0.000307095 0.0104544 0.958571 0.00311822 0.000263312 6.97633e-08 0.00262592 0.00286002 1.52472e-08 0.000206423 
0.000339083 8.40446e-06 4.55181e-06 0.000586744 0.000487116 0.07859 7.12049e-05 9.18312e-05 0.825502 0.00309221 2.71294e-06 4.28598e-05 3.48574e-05 0.0699968 0.0211107 1.11736e-06 3.79611e-05 
0.0171151 2.88802e-05 0.00322653 0.0353741 0.00311839 0.0017681 0.00347995 0.000481157 0.010643 0.0044513 0.00212349 0.00012222 0.0014222 0.00263009 0.851991 2.10699e-05 0.0620032 
0.00153 6.85203e-05 4.60176e-08 0.000992201 0.000345707 0.00173163 0.000326082 1.52357e-08 0.000486906 0.00224096 0.991813 4.47627e-08 3.50898e-08 5.9083e-05 0.000405567 7.66908e-09 1.18521e-08 
0.0014738 0.010788 5.33401e-06 0.0686169 0.00016639 0.0207744 0.0969475 1.53483e-07 0.483545 1.83123e-06 0.0193064 1.89875e-07 2.32028e-07 0.295239 0.0029988 9.67947e-08 0.000135922 
3.40062e-08 0.00036441 1.48102e-07 2.55256e-08 1.22106e-05 0.000258936 3.48645e-08 1.55837e-05 2.63413e-05 0.993008 6.03951e-08 0.00372446 0.000250562 0.000410949 8.43288e-05 2.4682e-08 0.00184374 
0.000563949 2.35841e-09 0.0262369 5.07442e-06 0.0234593 0.0523354 6.93099e-06 3.20558e-05 0.0580687 0.703342 1.67998e-09 2.13437e-05 8.09631e-06 0.0436557 0.0922642 6.86567e-10 1.95548e-07 
1.77772e-06 6.08852e-10 1.06355e-09 0.021216 0.473761 0.150767 0.000641987 0.000801925 0.0618185 0.116483 0.00388905 0.0245197 0.000117526 0.0528697 0.0931133 1.77246e-10 3.01672e-07 
0.000411736 9.25238e-05 8.07703e-08 0.000726681 0.00158975 0.00593191 0.000481073 2.67418e-08 0.00579651 0.00100662 0.000375524 0.981607 6.15898e-08 1.69856e-05 0.00159545 1.34608e-08 0.000368231 
0.118671 0.000508997 6.44741e-07 0.0131258 0.0823629 0.143574 1.23055e-05 0.0145334 0.152344 0.183702 0.0398309 0.0363341 0.000310545 0.0870179 0.127599 1.70504e-07 7.14051e-05 
8.81691e-07 1.82083e-09 3.48181e-06 1.20909e-06 0.101726 0.0229899 0.00289081 2.11818e-06 0.21356 0.00717826 0.0028916 0.00210313 1.60176e-06 0.0465891 0.600062 5.30069e-10 8.19187e-10 
0.00164835 1.34102e-05 1.83278e-05 0.17672 0.0253981 0.333424 0.0146332 0.122741 0.00381893 0.019094 7.07248e-06 0.000912534 0.272765 0.008066 0.0204295 6.57762e-06 0.000304405 
0.0262945 0.00136844 0.000269664 0.0365167 0.122551 0.0721085 0.0291649 0.00383421 0.485854 0.0170797 0.00724692 0.000325513 0.000222105 0.166401 0.0124371 4.02037e-05 0.0182857 
1.31501e-05 1.47421e-06 0.0216366 0.200795 0.0188128 4.10227e-06 0.0846536 3.88866e-06 0.0755462 0.0474374 1.0805e-05 0.0037838 0.000288427 0.491527 0.0553191 5.09863e-10 0.000166375 
0.201963 8.2581e-08 0.00354712 0.0194085 0.529215 8.64689e-08 0.0264438 0.0517569 2.82025e-07 0.015211 8.03445e-08 1.95071e-07 0.0718551 0.0805988 1.79358e-07 2.93142e-12 8.01914e-08 
9.12998e-05 0.000108635 1.92903e-05 0.314161 0.0651198 0.0497456 0.0883799 8.52055e-06 0.182935 0.00816658 9.08022e-05 1.34962e-06 0.00119774 0.00401663 0.285822 2.31228e-07 0.000135415 
0.000373353 7.05632e-08 8.03926e-05 0.81345 0.00489144 0.00075764 0.11645 3.91905e-06 0.0144435 0.00105755 0.000720987 1.19899e-07 9.39896e-08 0.0466091 0.00116087 2.0542e-08 6.54224e-07 
0.00307055 6.07114e-11 1.06051e-10 7.8232e-07 0.21794 0.0601995 0.0912197 1.8118e-06 0.0168363 0.521834 4.32469e-11 0.00444248 1.10796e-06 0.0174626 0.065641 1.7674e-11 0.0013499 
0.0163109 0.00417871 0.000913948 0.0696852 0.0382296 0.148204 0.00217941 0.0147188 0.108505 0.462345 0.00481071 0.000415715 0.000279823 0.0484716 0.0803218 0.000133894 0.000296143 
0.012068 2.68242e-05 0.00972969 0.00337296 0.158676 0.0330739 0.0331949 0.000708906 0.0380296 0.596709 0.0919751 0.000206978 2.21096e-07 0.00436163 0.0170346 1.76145e-07 0.00083143 
0.0370934 4.0929e-05 0.0114 0.000197986 0.207327 0.000581847 0.00659439 0.0207803 0.172487 0.441384 9.89173e-05 0.000139693 3.79969e-05 0.100951 0.000691706 8.73831e-07 0.000191996 
0.00492459 0.000697279 2.37082e-07 6.16598e-07 0.150259 0.00136778 2.79756e-07 0.0028801 0.0100786 0.806208 2.9159e-06 0.00682159 3.88611e-05 0.00681129 0.00924653 7.28679e-12 0.000662785 
0.668804 0.000559321 9.07192e-08 0.264052 0.0123784 0.00148896 0.000406249 0.0243094 0.00260993 0.00490234 2.45829e-06 5.54415e-07 8.50643e-08 0.00167683 0.0188093 7.12783e-11 4.9741e-07 
0.0363743 1.77381e-07 3.09851e-07 0.00944584 0.0640718 0.0173322 0.195793 0.000254471 0.0186746 0.63619 1.26355e-07 0.0075106 0.00155516 0.00127926 0.0102002 5.16383e-08 0.00131778 
0.000156543 0.0294295 5.99401e-07 0.00928009 0.00236602 4.45716e-06 0.0778898 0.000741504 0.311645 0.138571 0.3143 0.000146937 2.93709e-07 0.0652816 0.0501459 1.58589e-07 4.01125e-05 
0.0524187 0.00227232 0.0222931 0.014428 0.104931 7.39794e-06 0.00267932 0.000173806 0.019352 0.647745 8.10908e-05 0.000150891 1.65515e-05 0.132176 0.00112976 1.26447e-08 0.000144715 
1.63703e-05 2.52021e-08 4.40231e-08 7.58744e-09 0.0644292 1.28962e-05 1.03634e-08 1.86062e-05 0.00571226 0.929732 1.79523e-08 4.28226e-08 6.79353e-05 1.60675e-06 6.79796e-06 7.33669e-09 2.1956e-06 
0.00400377 1.14457e-07 2.98363e-11 4.11905e-07 0.0769937 2.07095e-07 1.93159e-07 0.000602898 0.045744 0.826351 8.40759e-07 9.7519e-07 2.27511e-11 0.0054521 0.0408499 4.97238e-12 7.2242e-08 
0.0189071 5.31853e-07 1.46483e-07 0.437057 0.0105712 0.00241096 0.488097 3.7617e-05 0.00625885 0.000735829 0.00103644 1.62451e-06 0.000121834 0.0251524 0.00961038 2.44122e-08 8.29707e-07 
0.0035475 3.21266e-06 2.49532e-06 0.00294234 0.00868529 0.024865 5.52438e-06 0.00221312 0.0298384 0.622575 2.20882e-05 6.84573e-06 0.280949 0.00246863 0.0101299 5.34628e-08 0.0117461 
0.00195922 0.00370197 0.000578711 0.502129 0.00582297 0.0296004 0.0146539 0.000104805 0.098602 0.012167 0.00960556 0.00143928 5.80667e-06 0.200292 0.109843 5.7767e-06 0.0094882 
0.0374342 0.00221667 0.000189625 0.00598872 0.0367681 0.0128567 0.00290907 0.0596537 0.297832 0.00666282 0.00661446 0.00352673 0.00240716 0.495641 0.0192533 4.64885e-05 0.00999936 
0.104315 0.0011315 3.07493e-05 0.017139 0.0705442 0.012542 0.00729023 0.00115503 0.156178 0.531676 0.032786 0.000606983 0.00891973 0.0312167 0.0243906 6.28136e-07 7.71419e-05 
0.00129941 2.0865e-05 0.00206631 0.107658 3.07318e-06 0.0555998 0.0154109 2.09781e-06 0.465498 3.56047e-07 0.323517 1.44379e-05 1.27225e-06 0.00346126 0.0254136 1.17442e-08 3.35166e-05 
0.000172688 0.000195644 0.00208117 0.435779 0.000742303 0.0340741 0.00257368 0.00141216 0.0164175 0.00205007 0.000655044 0.000255539 0.00912402 0.0208936 0.467965 2.02108e-05 0.00558762 
0.0115002 7.15087e-05 0.00140027 0.0567835 0.186225 0.0220484 0.0033327 0.532143 0.0506955 0.00345046 0.0460173 5.17574e-05 0.000309499 0.0838781 7.01437e-05 5.33929e-06 0.00201714 
2.07687e-05 4.76506e-08 3.51445e-05 1.43459e-08 0.213401 4.0602e-06 1.95945e-08 2.75582e-08 3.07802e-06 0.785107 3.80372e-05 0.0012637 7.54319e-05 3.17588e-05 1.80982e-05 1.38718e-08 1.52647e-06 
4.51255e-05 9.05072e-05 0.000194546 2.7617e-08 0.000790187 2.67445e-05 0.473133 0.0402857 0.053409 5.96641e-05 0.261245 0.0601304 1.22185e-07 0.110568 2.11733e-05 2.67043e-08 4.12698e-08 
2.02592e-06 1.39157e-06 6.1313e-07 0.000287592 1.2496e-06 1.98503e-06 2.11337e-06 1.5492e-06 0.00441515 0.809697 0.184511 4.7766e-07 5.50861e-08 0.000844499 8.82351e-05 1.01882e-09 0.000145721 
0.23637 1.55483e-06 8.00835e-05 0.00236352 0.55023 5.9208e-06 0.000325766 2.446e-05 0.163013 5.45825e-06 6.36256e-05 0.00135019 1.10807e-05 0.045608 0.000545246 9.44916e-07 1.43068e-06 
0.012068 2.68242e-05 0.00972969 0.00337296 0.158676 0.0330739 0.0331949 0.000708906 0.0380296 0.596709 0.0919751 0.000206978 2.21096e-07 0.00436163 0.0170346 1.76145e-07 0.00083143 
0.0380058 0.000606362 0.00217714 0.00839662 0.0891386 0.0570015 0.000527283 0.0103821 0.0602401 0.40654 0.0564808 0.00213088 0.000601234 0.104639 0.16225 0.00024366 0.000638699 
0.126087 0.000256226 0.000117821 0.094146 0.294744 0.00551017 0.011792 0.00480913 0.0603431 0.0809514 0.000197076 0.234006 1.5602e-05 0.066493 0.0205211 4.36748e-07 9.923e-06 
0.0213633 7.23114e-11 1.43846e-07 0.103857 0.318621 0.0734389 0.0159751 0.0118298 0.0944125 0.00364893 5.151e-11 1.48361e-06 9.63182e-11 0.355679 0.00117267 2.10509e-11 4.05022e-08 
0.003032 0.00339497 0.000262814 0.227856 0.0335419 0.018914 0.607469 1.14405e-05 0.014577 0.0325579 4.1572e-07 6.96355e-06 5.50023e-06 0.0200823 0.0382851 3.46725e-07 2.41055e-06 
0.0307429 4.2978e-05 1.83902e-11 0.0195641 0.882829 0.00390025 0.00110574 0.0015397 0.0141588 0.000151253 0.0426229 2.3541e-05 1.40231e-11 0.00158905 0.0017301 3.06482e-12 4.73648e-12 
0.0497569 4.78522e-05 0.004002 0.116784 0.170026 0.0625265 0.00226107 0.00072043 0.0282215 0.0683877 0.010111 0.00492185 0.0262386 0.319143 0.136118 1.17828e-05 0.000721848 
3.79514e-07 1.88315e-07 6.24087e-07 1.45334e-11 0.00350191 3.94228e-08 1.98507e-11 2.82005e-07 1.63323e-07 0.995367 3.4387e-11 7.46508e-07 9.65142e-08 1.57014e-07 0.000650469 1.40531e-11 0.000478005 
0.000182342 1.8181e-08 9.38443e-06 1.04871e-06 0.00173161 0.00472637 7.47627e-09 1.92727e-06 0.00210154 0.984739 2.96403e-06 2.34089e-05 0.00212398 3.35e-06 0.00339968 5.29277e-09 0.000952994 
0.00230452 5.88731e-10 2.15406e-07 0.259695 2.6333e-07 0.0157264 2.74038e-05 3.40487e-10 0.0281519 0.054482 0.000181411 0.00124068 7.84185e-10 0.637337 0.00085239 1.71388e-10 2.64869e-10 
2.53018e-07 2.91229e-07 2.51936e-10 0.134718 2.61307e-05 0.0156401 1.4715e-05 2.48733e-08 0.521077 5.37629e-11 0.304651 2.45066e-10 9.71856e-08 0.01948 0.00439267 4.19865e-11 4.43019e-09 
0.022983 0.0111287 3.0129e-07 0.0252148 0.0183059 0.00542895 0.00405217 8.65151e-06 0.0140065 0.793745 0.04544 0.00390355 1.35349e-05 0.0545675 0.000155335 5.02117e-08 0.00104605 
0.0681437 0.0194643 0.00100807 0.0390622 0.334668 0.000437041 0.00768293 0.0459438 0.0504324 0.276905 0.000132507 0.000508027 0.00580902 0.0888136 0.0606193 3.36934e-08 0.000370753 
3.37068e-07 8.40382e-07 1.46798e-06 0.00637607 0.000198993 0.00564047 0.00272853 0.000639356 0.000741721 0.95919 5.98635e-07 1.42795e-06 1.11938e-06 0.023703 0.000675306 2.44647e-07 0.000100456 
0.00544383 0.00162419 0.000161955 0.0213862 0.178828 0.00364266 0.0174662 0.00422461 0.0929277 0.566933 2.02889e-06 0.00107788 2.35895e-05 0.0824061 0.0232642 2.55861e-07 0.000586863 
0.0165973 0.0154799 0.000172135 0.0604231 0.0803745 0.00263846 0.0012954 2.0611e-05 0.0637004 0.678551 0.0336962 0.000102062 2.2361e-06 0.0462297 0.000713813 1.25128e-06 2.28407e-06 
0.00111187 0.000106163 4.46128e-06 0.860879 0.000292919 0.00528841 0.00179538 5.39448e-05 0.0128151 0.00171349 0.0734983 6.68548e-06 5.42595e-05 0.00311968 0.0276662 4.58263e-07 0.0115941 
0.0273094 1.72106e-05 1.46291e-06 0.384027 0.0435352 0.00934802 0.00778544 0.00141527 0.149904 0.000648767 0.0183189 0.00187303 4.41676e-08 0.308979 0.0467232 1.63621e-08 0.000113327 
0.00765162 7.26173e-05 5.02528e-05 0.611054 0.00151908 0.0138204 6.20274e-05 0.000184895 0.0283628 0.0426178 0.00684834 0.00013777 1.31599e-05 0.268711 0.0186037 5.89328e-07 0.000289872 
0.0494433 0.000968454 0.0722948 0.0767411 0.0253654 0.000435301 0.47033 0.000178057 0.162082 0.00897391 0.0965141 1.24191e-05 4.14232e-06 0.0366078 3.47015e-05 2.40725e-06 1.26624e-05 
0.00867625 0.00124863 2.08043e-05 0.00240649 0.0204392 0.00278904 0.000138088 0.00174557 0.0328144 0.794099 0.0596067 0.00200058 7.18682e-05 0.0456533 0.0281871 6.29395e-07 0.000102287 
0.0286114 1.02938e-07 2.19171e-06 2.38395e-06 0.145488 0.203988 0.0241641 0.0203964 0.0469592 0.497536 0.0328498 7.86482e-07 7.53503e-07 5.98819e-07 6.19012e-07 2.99368e-11 7.40707e-08 
0.0409098 0.00569298 0.00811096 0.00541508 0.0656029 0.0279407 0.0048094 0.0294378 0.0188545 0.515182 0.0121535 0.0248416 0.0624557 0.0406717 0.130056 0.00205394 0.00581142 
0.00068285 0.000673749 0.00415297 0.020511 0.00498679 0.0721974 0.0322441 9.85012e-05 0.0301576 0.00213784 0.000315969 4.32449e-05 1.78274e-05 0.791476 0.0347111 3.89972e-06 0.00558927 
0.0112822 0.000191032 0.00011476 0.0121047 0.0876888 0.00600888 0.223373 0.00102683 0.0733788 0.0078879 0.479737 0.000232107 0.0548812 0.0277946 0.0142563 2.11005e-05 2.11725e-05 
0.190915 6.56185e-05 2.87307e-08 0.0591648 0.0950481 9.6911e-05 0.00154667 0.00380716 0.048699 0.00482733 0.390977 1.71054e-06 0.000124069 0.0701036 0.00329418 4.78812e-09 0.131329 
