0.00316001 8.00885e-05 2.68326e-10 8.24944e-05 0.0462511 2.93403e-07 1.43761e-08 0.0102979 0.000958258 0.000205577 5.29437e-05 8.54619e-05 3.38358e-12 0.00041084 0.0223457 0.915911 0.000158708 
0.00405102 0.0123938 0.000279938 0.00447692 0.0015848 0.000970614 0.00118368 0.00102585 0.00596712 0.00751942 0.00444334 4.82416e-06 3.74426e-08 1.36441e-05 1.57314e-05 0.956028 4.1747e-05 
0.224659 0.000674669 5.1933e-07 0.103341 0.139912 0.0163407 0.000874816 0.196882 0.004567 0.0200067 3.85832e-05 0.00108465 0.000183894 0.00571554 0.0304019 0.255317 1.71334e-07 
0.00251492 7.82771e-05 3.05083e-07 0.000134748 0.00823784 0.000527327 3.28191e-06 0.221263 0.00322384 0.00042809 1.4417e-05 3.30707e-08 7.98448e-10 0.0041905 0.0011512 0.758233 1.75415e-08 
0.00831539 0.000537305 1.70566e-10 0.000398412 0.0547943 0.0150811 0.00806721 0.00890983 0.13081 0.000276725 0.000467378 1.13611e-05 6.76656e-13 0.0129243 0.00403458 0.755347 2.4636e-05 
0.00413684 0.000537671 0.000100847 0.0052065 0.0539799 0.00258725 0.00561724 0.00456331 0.0984267 0.0015165 0.00182355 0.000199049 4.54375e-07 0.0100407 0.0848121 0.726249 0.000201937 
0.031681 0.000221263 0.00072075 0.00614841 0.173529 0.00454787 0.00196014 0.0132694 0.0397703 0.0178851 0.00149561 0.000194609 0.00292201 0.021158 0.037004 0.647335 0.000157931 
0.00831539 0.000537305 1.70566e-10 0.000398412 0.0547943 0.0150811 0.00806721 0.00890983 0.13081 0.000276725 0.000467378 1.13611e-05 6.76656e-13 0.0129243 0.00403458 0.755347 2.4636e-05 
0.0175731 0.000316031 1.73106e-06 0.00173471 0.149695 0.00695708 0.0018457 0.33531 0.0174925 0.00554318 0.000276627 0.00386262 1.74434e-08 0.0377107 0.00464717 0.416993 4.1379e-05 
0.00831539 0.000537305 1.70566e-10 0.000398412 0.0547943 0.0150811 0.00806721 0.00890983 0.13081 0.000276725 0.000467378 1.13611e-05 6.76656e-13 0.0129243 0.00403458 0.755347 2.4636e-05 
0.0408616 4.69551e-05 6.92628e-10 0.00745782 0.302368 0.0054699 0.0071188 0.0552179 0.0153806 0.000422886 0.00128773 0.00255634 2.22646e-08 0.0182698 0.00122579 0.542315 1.4991e-06 
0.0263358 0.000711956 2.99978e-10 0.0107603 0.130634 0.00900007 0.0421684 0.00824451 0.228794 0.000614708 0.0916452 5.43729e-06 5.78482e-12 0.0126927 0.0107223 0.427659 1.17501e-05 
0.0281043 0.00270825 0.0104541 0.0218369 0.248294 0.0172735 0.00536017 0.0995778 0.0678542 0.0210311 0.00348385 0.00588775 0.00142163 0.0491093 0.0273299 0.389579 0.000694769 
0.0102969 0.0115523 0.00330361 0.0324316 0.0184689 0.00941361 0.0269122 0.00535246 0.14869 0.000262089 0.0208671 0.00096506 0.000392772 0.122637 0.0575648 0.530268 0.000622202 
0.00905736 0.000149841 0.00357861 0.00333751 0.21607 0.0265241 7.51264e-06 0.00448058 0.0738789 0.146585 4.81573e-07 0.00376823 6.0465e-09 0.129801 0.0257628 0.35658 0.000417385 
0.000980998 0.000158964 0.000760388 0.00385011 0.00537566 0.0115916 0.00703265 0.0006722 0.0165399 1.4675e-05 0.000307137 0.00023383 4.46014e-07 0.0129091 0.0068858 0.932686 5.61489e-07 
0.086072 0.000170286 0.00219666 0.00244946 0.302246 0.0075627 0.00141275 0.151727 0.0352001 0.00705894 9.61064e-06 0.000827682 2.84676e-08 0.0338045 0.0110343 0.35816 6.76836e-05 
0.0773115 0.000420023 1.54669e-05 0.0348843 0.0722445 0.00664367 0.064059 0.185357 0.0368391 0.0219304 0.00126732 0.0015299 0.00205203 0.0459904 0.0369338 0.399301 0.0132207 
0.00251492 7.82771e-05 3.05083e-07 0.000134748 0.00823784 0.000527327 3.28191e-06 0.221263 0.00322384 0.00042809 1.4417e-05 3.30707e-08 7.98448e-10 0.0041905 0.0011512 0.758233 1.75415e-08 
0.00572133 0.000358211 1.402e-10 0.000265611 0.0442783 0.0100541 0.00537817 0.00644889 0.0872069 0.000184486 0.000311589 7.5751e-06 6.22346e-13 0.0086162 0.00269614 0.828456 1.6425e-05 
0.0186526 0.000498067 1.96275e-08 0.00948425 0.231087 0.0177254 0.00608047 0.0481599 0.00263187 0.0113689 0.000477842 0.001387 4.60964e-11 0.125144 0.000690702 0.526576 3.5681e-05 
0.0057233 0.00161768 0.000660657 0.00633407 0.0934569 0.0333646 0.00343242 0.0910003 0.044194 0.0119803 0.000444316 0.0329515 4.64775e-07 0.109416 0.014926 0.548991 0.00150699 
0.00755968 0.000362188 0.00143269 0.00228749 0.0767636 0.00707606 0.00183728 0.0354578 0.0190381 0.00168047 0.00235468 0.00156512 7.73172e-07 0.0362068 0.00633885 0.799989 4.90622e-05 
0.012658 0.00663526 8.0919e-06 0.00725893 0.282299 0.00010245 0.00130474 0.00490021 0.0880667 0.0313556 0.000965126 8.26568e-05 3.34073e-09 0.0776678 0.00140026 0.48526 3.47302e-05 
0.0066888 0.000378235 5.84201e-05 0.00170857 0.11554 0.00293336 0.00529075 0.0194216 0.022128 0.00046213 0.000821012 0.000333856 9.70346e-08 0.0396092 0.0129008 0.771698 2.73762e-05 
0.0201416 0.000504602 0.00110814 0.00455698 0.0748419 0.00174954 0.000229507 0.303501 0.0209991 0.023191 0.000680886 1.24819e-07 6.10183e-09 0.00939353 0.0172872 0.521802 1.31635e-05 
0.0119585 0.00463492 0.000245844 0.00225115 0.13402 0.0047344 0.0019715 0.0433082 0.041489 0.0176795 0.000699594 0.00914301 8.1867e-07 0.0216803 0.00520096 0.700942 4.04613e-05 
0.000701925 7.44489e-05 0.000182441 0.0139903 0.00579907 0.00510464 0.0131356 0.000612002 0.134294 0.000532239 0.00144388 0.0001581 7.06271e-07 0.0079713 0.108153 0.707797 4.93373e-05 
0.00750363 2.29814e-05 8.67262e-07 0.000372262 0.0746405 0.00150919 3.22042e-05 0.0334865 0.236861 0.0101876 1.90789e-05 1.1232e-05 2.68049e-08 0.188426 0.000413764 0.446482 3.20416e-05 
0.0269188 0.000840772 0.00358339 0.0104865 0.220454 0.00759209 0.0101275 0.0201054 0.0870724 0.0143582 0.000982543 0.00350813 4.6207e-06 0.0545419 0.0223791 0.516927 0.000118185 
0.179635 8.55277e-05 0.000354968 0.00605546 0.267783 0.0061333 0.000841257 0.00481277 0.0544435 0.0243152 0.000661111 3.25857e-07 3.10633e-10 0.0346462 0.0252689 0.39496 4.03024e-06 
0.00316001 8.00885e-05 2.68326e-10 8.24944e-05 0.0462511 2.93403e-07 1.43761e-08 0.0102979 0.000958258 0.000205577 5.29437e-05 8.54619e-05 3.38358e-12 0.00041084 0.0223457 0.915911 0.000158708 
0.0102144 0.00345252 2.17621e-05 0.031376 0.202312 0.0163722 0.194422 0.00270869 0.085061 2.20306e-05 0.000137592 5.66782e-07 4.77354e-09 0.0518885 0.00551873 0.39648 1.22494e-05 
0.0145168 0.000581311 4.65064e-06 0.000511194 0.0991737 0.00132303 0.000369327 0.00706272 0.0293829 0.00193802 0.00156477 0.000116178 2.44793e-08 0.00754399 0.0158325 0.819956 0.000122957 
0.0120983 0.00433601 0.025615 0.00883501 0.0884862 0.0142919 0.00422386 0.00361351 0.0871926 0.0570634 0.00613955 0.00129873 3.32566e-05 0.0130108 0.0328049 0.639809 0.00114755 
0.0189128 8.04594e-09 5.11293e-10 0.000877249 0.0255198 0.0013734 6.65184e-05 0.000643652 0.00291112 0.000408936 0.000922415 2.05312e-05 1.89813e-12 0.00216194 0.000310248 0.945871 6.41119e-13 
0.00831539 0.000537305 1.70566e-10 0.000398412 0.0547943 0.0150811 0.00806721 0.00890983 0.13081 0.000276725 0.000467378 1.13611e-05 6.76656e-13 0.0129243 0.00403458 0.755347 2.4636e-05 
0.00536667 0.000969152 0.0017805 0.0248351 0.0551941 0.111301 0.000772292 0.00615412 0.237763 0.00357601 0.000899806 0.000672952 7.26233e-07 0.0645746 0.161473 0.306435 0.0182315 
0.0104034 1.2624e-05 5.11771e-06 0.000170073 0.286503 1.3753e-08 3.83994e-09 0.241696 0.00581507 0.000123511 1.87669e-09 7.83919e-05 1.98304e-07 0.0108817 0.00394751 0.440318 4.55291e-05 
0.00831539 0.000537305 1.70566e-10 0.000398412 0.0547943 0.0150811 0.00806721 0.00890983 0.13081 0.000276725 0.000467378 1.13611e-05 6.76656e-13 0.0129243 0.00403458 0.755347 2.4636e-05 
0.00591784 0.002207 1.10076e-05 0.00248204 0.0873593 0.00413488 0.00424184 0.00614093 0.0341594 0.00232439 0.000975008 0.000212606 1.71704e-07 0.0291335 0.00593345 0.814744 2.27785e-05 
0.00804497 0.000894476 1.36264e-05 0.00269665 0.144445 0.00135204 0.00304296 0.0640142 0.0403614 0.00172501 0.00118721 0.000842674 2.45855e-08 0.00806226 0.0137824 0.7094 0.000134387 
0.00392581 0.000874141 4.47935e-05 0.00110171 0.114117 0.000421215 4.33304e-05 0.00745794 0.0303926 0.0148149 0.000689883 4.67737e-06 1.01201e-08 0.00611123 0.00345841 0.816511 3.10386e-05 
0.010575 0.000592266 0.000106405 0.000617685 0.31355 0.00116294 0.00016489 0.0160847 0.0224828 0.0138076 0.000451619 6.1963e-05 0.00750208 0.00698138 0.0203072 0.584982 0.000569992 
0.00937277 0.00132789 0.00264593 0.0482306 0.159275 0.0574777 0.0289992 0.119538 0.180051 0.0200109 0.00650935 0.00155568 1.06e-05 0.0538376 0.0432454 0.267389 0.000523099 
0.00616454 0.00385826 0.000221269 0.0149497 0.0918471 0.00400688 0.00971406 0.000343059 0.0683474 0.113535 0.0610493 0.000218061 0.000208101 0.098642 0.0339466 0.492846 0.000102666 
0.0105615 0.000611007 3.40438e-06 0.000282488 0.0767037 0.000810952 0.00017184 0.00866104 0.0439366 0.00271539 0.000199448 0.000219883 2.57496e-08 0.0110645 0.0132894 0.830746 2.29035e-05 
0.0164743 0.00274909 0.000226928 0.0116525 0.249971 0.00370995 0.00113531 0.091261 0.132102 0.00578246 0.00693581 0.000912908 4.43758e-06 0.0459688 0.00886209 0.422209 4.25172e-05 
0.00648398 8.3825e-08 3.88388e-12 6.76086e-11 0.45117 3.42918e-09 5.13646e-05 0.0699034 2.137e-13 0.000128485 1.58382e-12 3.77797e-12 2.96158e-12 0.000610338 6.26925e-09 0.471624 2.83397e-05 
0.0159978 0.00499351 0.000633337 0.0239846 0.077639 0.0170798 0.00325802 0.0488704 0.0634976 0.0081579 0.00226677 0.00213399 2.91482e-06 0.0749161 0.0444036 0.610628 0.00153635 
0.013459 0.00569902 0.00194666 0.00779402 0.127517 0.0175848 0.0209437 0.0209362 0.0557042 0.0148237 0.00502513 0.000854985 3.69245e-05 0.0384489 0.0621947 0.604155 0.00287629 
0.0487468 0.000344581 0.000804575 0.00900406 0.190923 0.00919826 0.0159383 0.00732421 0.0397731 0.0254528 0.000801928 0.000134774 6.87127e-07 0.132876 0.0292796 0.489359 3.90889e-05 
0.0157768 3.28989e-09 6.40381e-08 0.00973166 0.200778 9.57002e-08 0.000248323 0.254125 0.000723491 0.0466487 0.00186681 0.00221454 3.86365e-06 0.0594408 0.0023016 0.406104 3.57401e-05 
0.0114205 0.00289452 5.5431e-05 0.000915097 0.0560874 0.00291695 0.00109749 0.0491945 0.0215302 0.00252993 0.000568531 0.000213831 6.12668e-08 0.00906607 0.00465501 0.836796 5.80328e-05 
0.00316001 8.00885e-05 2.68326e-10 8.24944e-05 0.0462511 2.93403e-07 1.43761e-08 0.0102979 0.000958258 0.000205577 5.29437e-05 8.54619e-05 3.38358e-12 0.00041084 0.0223457 0.915911 0.000158708 
0.0189128 8.04594e-09 5.11293e-10 0.000877249 0.0255198 0.0013734 6.65184e-05 0.000643652 0.00291112 0.000408936 0.000922415 2.05312e-05 1.89813e-12 0.00216194 0.000310248 0.945871 6.41119e-13 
0.00990985 0.00148571 1.24213e-05 0.000191432 0.167356 0.000607206 0.000544544 0.0144234 0.0517308 0.00292374 0.00138323 0.000186538 7.06441e-08 0.0100024 0.0369032 0.701981 0.000358597 
0.00659825 9.89377e-08 0.000507905 0.00169005 0.403431 0.00566395 0.00025408 0.0208564 0.0307394 0.00607152 2.01442e-08 1.08031e-08 9.73289e-13 0.000851052 0.108473 0.414835 2.76767e-05 
0.0189128 8.04594e-09 5.11293e-10 0.000877249 0.0255198 0.0013734 6.65184e-05 0.000643652 0.00291112 0.000408936 0.000922415 2.05312e-05 1.89813e-12 0.00216194 0.000310248 0.945871 6.41119e-13 
0.0196249 6.00008e-05 1.02089e-06 0.000408018 0.295651 0.00106356 9.78333e-05 0.00953065 0.0206347 0.000243362 0.00014653 0.00105788 5.76653e-09 0.0090958 0.0104073 0.631598 0.000380168 
0.00608625 0.0029997 0.000951293 0.0255299 0.0677772 0.00350683 0.00461152 0.0312885 0.0569037 0.0329168 0.0365491 0.000308196 0.000258378 0.0915218 0.0304157 0.608183 0.000191772 
0.00323956 0.000493681 1.25768e-06 8.24647e-07 0.145173 0.000366345 0.0018992 0.0105766 1.23832e-05 9.86077e-06 6.15637e-10 4.05806e-08 1.40996e-12 0.00771418 8.30991e-05 0.830398 3.16541e-05 
0.0340575 2.35106e-05 1.37508e-06 0.00172349 0.04012 0.00348154 0.000148285 0.0107748 0.0481508 0.00155405 0.00262158 4.23177e-05 2.43477e-12 0.00641069 0.00207023 0.848816 4.17708e-06 
0.00352071 7.30177e-05 0.000265641 0.00394197 0.00826298 0.0039737 0.0030928 0.0189803 0.0271599 0.000396575 0.000531951 0.000122139 5.18469e-07 0.00623218 0.023242 0.90018 2.40321e-05 
0.000161672 4.98193e-12 1.26122e-05 3.95712e-08 0.0267413 0.000654767 0.000282977 0.000100974 0.0520828 6.02718e-05 0.00266472 1.02143e-08 6.63589e-12 0.004858 0.00630867 0.906071 5.32725e-09 
0.0312537 7.99893e-05 6.97326e-05 0.00174397 0.102908 0.0412856 0.00312602 0.215355 0.125032 0.00208764 0.00823555 0.0481275 1.24548e-07 0.0863616 0.00944238 0.324781 0.00011025 
0.0124002 2.50898e-11 8.58203e-09 0.000107353 0.34154 0.000351011 9.08571e-05 0.00101885 1.28591e-07 9.35264e-12 3.26532e-07 2.29703e-07 3.34194e-11 0.0371541 0.000785627 0.606545 6.45737e-06 
0.00359134 0.000117414 2.50239e-09 0.000202121 0.0106751 0.000790985 4.92266e-06 0.326573 0.0047738 0.000636186 2.16248e-05 4.66813e-08 1.13384e-09 0.00620966 0.00162833 0.644775 2.47609e-08 
0.0274683 0.000204746 7.45145e-05 0.02021 0.161735 0.195489 0.0147467 0.133411 0.106866 0.0166166 0.00343708 0.0016349 1.59311e-05 0.0457833 0.0188201 0.25344 4.66059e-05 
0.0146592 1.62676e-05 0.00744689 0.00041548 0.0673394 0.00191032 0.000126072 0.0183784 0.0480649 0.00115727 0.00111542 6.63564e-06 4.8601e-08 0.00327639 0.00255726 0.833516 1.38458e-05 
0.014924 0.000273626 4.15358e-06 0.016307 0.0557313 0.0081284 0.00413274 0.00288022 0.0466258 0.0124542 0.0326172 0.00785455 9.09718e-08 0.00203134 0.0189923 0.776952 9.09603e-05 
0.00332242 1.17723e-06 3.19276e-06 0.00374938 0.149305 0.000763799 0.0119942 0.00215961 0.00633709 0.000221279 0.000215986 9.94622e-05 1.38851e-06 0.00478048 1.46002e-06 0.817042 1.98446e-06 
0.00483743 0.0115294 0.0118623 0.000767807 0.0601071 0.00210304 0.000337464 0.00260381 0.0523285 0.0171005 0.000120573 7.39059e-05 5.34152e-06 0.00246353 0.011991 0.821473 0.000295468 
0.0683557 0.00136468 2.33526e-07 0.00436687 0.25014 0.0145444 0.00119724 0.072424 0.130424 0.0117472 0.00164715 0.000863725 4.75356e-08 0.0399087 0.00455464 0.398454 7.7468e-06 
0.00316001 8.00885e-05 2.68326e-10 8.24944e-05 0.0462511 2.93403e-07 1.43761e-08 0.0102979 0.000958258 0.000205577 5.29437e-05 8.54619e-05 3.38358e-12 0.00041084 0.0223457 0.915911 0.000158708 
0.00316001 8.00885e-05 2.68326e-10 8.24944e-05 0.0462511 2.93403e-07 1.43761e-08 0.0102979 0.000958258 0.000205577 5.29437e-05 8.54619e-05 3.38358e-12 0.00041084 0.0223457 0.915911 0.000158708 
0.00750363 2.29814e-05 8.67262e-07 0.000372262 0.0746405 0.00150919 3.22042e-05 0.0334865 0.236861 0.0101876 1.90789e-05 1.1232e-05 2.68049e-08 0.188426 0.000413764 0.446482 3.20416e-05 
0.00990985 0.00148571 1.24213e-05 0.000191432 0.167356 0.000607206 0.000544544 0.0144234 0.0517308 0.00292374 0.00138323 0.000186538 7.06441e-08 0.0100024 0.0369032 0.701981 0.000358597 
0.00316001 8.00885e-05 2.68326e-10 8.24944e-05 0.0462511 2.93403e-07 1.43761e-08 0.0102979 0.000958258 0.000205577 5.29437e-05 8.54619e-05 3.38358e-12 0.00041084 0.0223457 0.915911 0.000158708 
0.00152655 4.79102e-06 2.0749e-06 3.77791e-05 0.0340507 2.31571e-05 9.09671e-05 0.00077915 0.000199807 0.000212271 4.35074e-05 8.70454e-07 8.00938e-09 0.000389099 0.000349671 0.962289 2.97228e-07 
0.0366265 0.0238037 0.000164472 0.0235986 0.0727416 0.233243 0.0222822 0.00325665 0.0646429 0.00803444 0.00464171 0.000165655 2.1501e-05 0.113609 0.0213843 0.371604 0.000180319 
0.0179118 0.00156638 1.70521e-06 0.00610476 0.150617 0.00297695 0.00154306 0.0235917 0.122547 0.0238992 0.00185211 3.11838e-05 6.18666e-07 0.0700709 0.0454713 0.531799 1.63683e-05 
0.0345867 0.0011019 4.56648e-05 0.00777239 0.275986 0.0152322 0.0100787 0.0685015 0.0726723 0.0203997 0.000809136 9.06277e-05 0.00174551 0.0276114 0.0184227 0.444868 7.5386e-05 
0.00831539 0.000537305 1.70566e-10 0.000398412 0.0547943 0.0150811 0.00806721 0.00890983 0.13081 0.000276725 0.000467378 1.13611e-05 6.76656e-13 0.0129243 0.00403458 0.755347 2.4636e-05 
0.00359134 0.000117414 2.50239e-09 0.000202121 0.0106751 0.000790985 4.92266e-06 0.326573 0.0047738 0.000636186 2.16248e-05 4.66813e-08 1.13384e-09 0.00620966 0.00162833 0.644775 2.47609e-08 
0.0253846 0.0075376 5.75026e-07 0.00926842 0.0791026 5.75643e-07 0.00218784 0.134961 0.0370777 0.0426534 5.75465e-07 5.75045e-07 0.000805857 5.75718e-07 0.0189403 0.642077 5.75579e-07 
0.000701925 7.44489e-05 0.000182441 0.0139903 0.00579907 0.00510464 0.0131356 0.000612002 0.134294 0.000532239 0.00144388 0.0001581 7.06271e-07 0.0079713 0.108153 0.707797 4.93373e-05 
0.0495343 3.30888e-07 5.13737e-07 0.000101022 0.422 0.00763365 0.00247575 0.0152906 0.000214194 2.11795e-05 3.978e-09 0.000101774 5.30694e-09 0.0673584 0.00795177 0.427235 8.13554e-05 
0.00990985 0.00148571 1.24213e-05 0.000191432 0.167356 0.000607206 0.000544544 0.0144234 0.0517308 0.00292374 0.00138323 0.000186538 7.06441e-08 0.0100024 0.0369032 0.701981 0.000358597 
0.00226161 0.00243122 8.07796e-05 6.78846e-06 0.138112 0.00143242 0.00126034 0.014022 0.00371344 8.17485e-05 1.37003e-07 1.10158e-10 1.44706e-09 0.000681148 1.33686e-07 0.835914 1.98795e-06 
0.00148926 0.000227484 0.00021021 0.00965307 0.0445236 0.00274052 0.0105001 0.00313869 0.0370416 0.000208499 0.000769239 0.000105793 2.85927e-07 0.0103617 0.0262811 0.852699 4.94649e-05 
0.0169501 1.95572e-05 2.87587e-06 0.000277553 0.410429 0.00765851 0.00254109 0.0378844 0.0226934 0.0019218 5.52769e-05 0.000887458 1.28108e-08 0.030885 0.00024368 0.467529 2.09647e-05 
0.00895212 0.000465027 7.82746e-06 0.00409173 0.0924308 0.00153546 0.0025963 0.0641026 0.0333232 0.00140645 0.000466633 0.00187033 7.19221e-09 0.008029 0.00440781 0.776305 9.77469e-06 
0.0139127 0.00291127 2.62581e-06 0.0031037 0.386386 0.01389 0.000833938 0.0201242 0.0356398 0.00142738 0.000217435 0.000137497 2.37535e-10 0.0326871 0.030651 0.457551 0.000524857 
0.0155081 0.000131568 2.69861e-11 0.000245333 0.114303 9.63077e-08 0.00136977 0.192424 0.0033712 0.000849395 8.1593e-05 4.70574e-08 8.1135e-09 0.00505505 0.000133107 0.666527 8.29489e-07 
0.0125142 0.000973522 0.000584333 0.00850951 0.0846433 0.022922 0.00505683 0.0426926 0.0483542 0.00650015 0.00136909 0.00168697 7.43313e-06 0.0531078 0.015746 0.687167 0.00816527 
0.0149782 0.00135579 2.52943e-05 0.1549 0.164834 0.00656849 0.0625167 0.00159367 0.149952 0.00593018 0.0179706 0.0794611 2.71377e-12 0.101063 0.010646 0.228182 2.35372e-05 
0.00368691 0.000355783 2.45715e-06 0.000454138 0.0470835 0.00163039 0.000416354 0.00977233 0.0162759 0.000958345 7.7904e-05 0.000265843 9.00794e-09 0.027856 0.0076194 0.883481 6.37934e-05 
0.0099948 0.00838933 0.000158434 0.00601672 0.302573 0.0117831 0.000729481 0.00392113 0.100455 0.0160483 0.00759982 0.0437662 2.28077e-06 0.0418748 0.112646 0.333952 8.96806e-05 
0.0272303 7.05183e-05 6.00503e-08 0.0033432 0.305631 0.000514197 0.00292857 0.16142 0.00828855 0.00410497 4.37545e-05 0.000379771 7.09729e-09 0.0300303 0.00115498 0.454859 4.45541e-07 
0.010769 0.00114423 0.000202183 0.00465257 0.0870397 0.00469047 0.00219096 0.117815 0.0316073 0.00322361 0.00196583 0.000910723 3.47116e-06 0.0202862 0.0163615 0.696816 0.000321498 
0.00205901 8.29273e-09 8.63685e-09 5.94144e-09 0.0412046 7.66284e-05 8.75863e-05 0.00146722 0.000173269 2.86927e-05 0.000219693 6.08223e-12 2.75222e-10 1.5297e-05 2.76402e-05 0.95464 1.94255e-07 
0.0108512 0.00191018 2.75941e-06 0.000246125 0.167024 0.00078069 0.000700124 0.0174967 0.0661916 0.00365869 0.00177843 0.000239831 9.07614e-08 0.0128509 0.047447 0.668361 0.000461051 
0.00220584 0.000336073 0.000148614 0.00129863 0.0563238 0.00473209 0.00458784 0.0045646 0.00503368 2.55125e-05 6.25469e-05 0.000117146 9.34122e-08 0.0158039 0.00214039 0.902609 1.04702e-05 
0.014924 0.000273626 4.15358e-06 0.016307 0.0557313 0.0081284 0.00413274 0.00288022 0.0466258 0.0124542 0.0326172 0.00785455 9.09718e-08 0.00203134 0.0189923 0.776952 9.09603e-05 
0.000701925 7.44489e-05 0.000182441 0.0139903 0.00579907 0.00510464 0.0131356 0.000612002 0.134294 0.000532239 0.00144388 0.0001581 7.06271e-07 0.0079713 0.108153 0.707797 4.93373e-05 
0.00990985 0.00148571 1.24213e-05 0.000191432 0.167356 0.000607206 0.000544544 0.0144234 0.0517308 0.00292374 0.00138323 0.000186538 7.06441e-08 0.0100024 0.0369032 0.701981 0.000358597 
0.0409252 0.0155761 1.26932e-05 0.131871 0.0817076 0.00408447 0.00535584 0.00108601 0.236868 0.0718676 0.0211991 0.080097 3.73787e-12 0.00174647 0.0219164 0.285669 1.85212e-05 
0.0557485 0.00162272 0.00014172 0.00412145 0.354898 0.00618426 0.00492475 0.0403446 0.0462889 0.0342159 0.0104857 0.00030712 3.57558e-05 0.0333478 0.0234357 0.374421 0.00947633 
0.00152655 4.79102e-06 2.0749e-06 3.77791e-05 0.0340507 2.31571e-05 9.09671e-05 0.00077915 0.000199807 0.000212271 4.35074e-05 8.70454e-07 8.00938e-09 0.000389099 0.000349671 0.962289 2.97228e-07 
0.0454238 8.20285e-05 5.0415e-11 0.00351932 0.137732 0.00641598 0.00118977 0.06542 0.0265681 0.00511148 8.17457e-06 0.000160418 3.84429e-11 0.00218908 0.02319 0.682578 0.000412405 
0.0182759 6.54382e-05 5.58426e-08 4.16443e-05 0.333969 0.00125693 3.58768e-08 0.0124797 0.2098 0.000102202 1.22397e-06 3.1199e-07 1.11687e-11 0.00182596 0.0231377 0.399043 2.86774e-07 
0.0383115 0.000865995 0.198309 0.0938506 0.0449768 0.112905 0.0223373 5.79615e-07 0.0541152 0.00168467 5.59863e-07 3.78148e-07 8.02967e-10 0.152497 0.0276408 0.252504 8.47625e-08 
0.0108512 0.00191018 2.75941e-06 0.000246125 0.167024 0.00078069 0.000700124 0.0174967 0.0661916 0.00365869 0.00177843 0.000239831 9.07614e-08 0.0128509 0.047447 0.668361 0.000461051 
0.0953679 0.0015414 0.000243421 0.0098753 0.175092 0.0221625 0.0065779 0.055012 0.111537 0.0199528 0.0216548 0.0136145 3.35458e-05 0.104316 0.032694 0.330151 0.00017419 
0.0141079 0.004143 0.00680412 0.00599765 0.212956 0.0277491 0.00199491 0.0380694 0.0531619 0.0117341 0.00157481 0.00355834 2.15821e-06 0.0741427 0.0181554 0.524088 0.00176055 
0.0045408 2.98815e-11 1.03878e-06 0.00133544 0.154467 0.0320978 1.13785e-06 8.3645e-07 0.0104305 0.303082 0.0044366 5.07737e-11 3.98019e-11 0.000829941 0.0105555 0.478222 6.4543e-08 
0.0019713 0.00191231 5.0421e-06 0.000824906 0.0269729 0.00381288 0.00154098 0.00304347 0.011731 0.00101472 0.000516163 6.64877e-05 3.38582e-08 0.0326711 0.00300268 0.910901 1.31693e-05 
0.00446879 0.00108034 1.69218e-06 0.000553639 0.0302521 0.00779608 0.00127735 0.156036 0.0347614 0.00132194 0.000489716 0.00132022 4.1602e-08 0.0163809 0.00819972 0.735928 0.000132082 
0.00656274 3.28084e-07 0.0382396 0.000242989 0.0616608 0.00316132 2.38231e-05 0.00406161 0.00748168 0.000557852 0.000141232 4.53138e-08 1.61956e-08 0.000908108 0.00121618 0.875739 2.57658e-06 
0.00994587 0.00184131 0.000694822 0.000292095 0.146575 0.042608 0.00582629 0.0139023 0.0821164 0.160183 0.000637943 0.000108099 4.74175e-07 0.0709466 0.0623577 0.400838 0.00112522 
0.000637135 1.90374e-05 9.58038e-07 0.000595761 0.031492 0.00459778 0.00108374 0.00409228 0.00924872 0.000452666 1.05371e-05 6.00563e-05 2.76085e-10 0.102971 0.000786238 0.843945 7.15391e-06 
0.0105615 0.000611007 3.40438e-06 0.000282488 0.0767037 0.000810952 0.00017184 0.00866104 0.0439366 0.00271539 0.000199448 0.000219883 2.57496e-08 0.0110645 0.0132894 0.830746 2.29035e-05 
0.000639435 6.98048e-06 1.52681e-05 0.00193109 0.0151142 0.00062296 0.000241161 0.000301376 0.0255557 0.000171633 0.000736671 1.08064e-05 1.73619e-12 7.09239e-05 0.000158828 0.954421 2.20461e-06 
0.0204505 0.000452404 1.06189e-05 0.00699181 0.164458 0.0130244 0.00474424 0.185012 0.0795685 0.0189435 0.0118856 0.00265519 2.31711e-07 0.0390396 0.0142971 0.438396 7.03974e-05 
0.0164789 9.55963e-09 4.22649e-05 2.21627e-08 0.403105 0.000275542 8.34851e-05 0.0667049 0.0109406 1.02432e-07 0.000485942 2.50972e-08 1.0442e-09 0.0181636 2.68954e-08 0.483693 2.60139e-05 
0.0270943 0.000868576 9.15033e-05 0.0299804 0.140502 0.0258683 0.0874684 0.013593 0.0198581 0.00639822 0.00216329 0.00231672 1.13821e-09 0.0634724 0.00501181 0.575303 9.6412e-06 
0.00572133 0.000358211 1.402e-10 0.000265611 0.0442783 0.0100541 0.00537817 0.00644889 0.0872069 0.000184486 0.000311589 7.5751e-06 6.22346e-13 0.0086162 0.00269614 0.828456 1.6425e-05 
0.0148611 0.00298457 0.000856308 0.00359589 0.161771 0.00331277 0.00480209 0.0537263 0.0957034 0.00974859 0.00410383 0.00132458 1.56545e-06 0.0290736 0.0156237 0.598344 0.000166191 
0.00251492 7.82771e-05 3.05083e-07 0.000134748 0.00823784 0.000527327 3.28191e-06 0.221263 0.00322384 0.00042809 1.4417e-05 3.30707e-08 7.98448e-10 0.0041905 0.0011512 0.758233 1.75415e-08 
0.00572133 0.000358211 1.402e-10 0.000265611 0.0442783 0.0100541 0.00537817 0.00644889 0.0872069 0.000184486 0.000311589 7.5751e-06 6.22346e-13 0.0086162 0.00269614 0.828456 1.6425e-05 
0.0102969 0.0115523 0.00330361 0.0324316 0.0184689 0.00941361 0.0269122 0.00535246 0.14869 0.000262089 0.0208671 0.00096506 0.000392772 0.122637 0.0575648 0.530268 0.000622202 
0.0111142 5.25816e-05 1.91039e-06 0.000180825 0.0648982 0.000421787 6.66097e-05 0.013425 0.0013662 0.000547428 0.000558245 0.000114876 1.99581e-10 0.00882285 1.81805e-05 0.898411 4.57956e-07 
0.00572133 0.000358211 1.402e-10 0.000265611 0.0442783 0.0100541 0.00537817 0.00644889 0.0872069 0.000184486 0.000311589 7.5751e-06 6.22346e-13 0.0086162 0.00269614 0.828456 1.6425e-05 
0.0144456 0.00423742 0.00279066 0.00847556 0.162346 0.0230408 0.0336428 0.0361639 0.0898515 0.00826683 0.00304044 0.000122702 9.23316e-08 0.0585701 0.0289694 0.526019 1.67648e-05 
0.00460206 0.000472099 0.00405012 0.00060045 0.0826756 0.00254698 0.00104915 0.0149479 0.0422929 0.00945791 0.000370627 8.76292e-05 2.98843e-06 0.01629 0.0152662 0.805141 0.00014625 
0.00154002 0.000455767 6.59587e-06 0.0046599 0.0141388 0.280286 0.206163 0.00881761 0.0346513 0.000137782 0.000941471 0.000851239 1.33977e-09 0.114141 0.00424951 0.328959 2.2639e-06 
0.00905062 0.00271187 0.000210453 0.00675322 0.12654 0.00343243 0.0083901 0.0208383 0.021982 0.0026409 0.0076855 0.00125523 6.01642e-07 0.0219171 0.00176957 0.764805 1.74239e-05 
0.00251492 7.82771e-05 3.05083e-07 0.000134748 0.00823784 0.000527327 3.28191e-06 0.221263 0.00322384 0.00042809 1.4417e-05 3.30707e-08 7.98448e-10 0.0041905 0.0011512 0.758233 1.75415e-08 
0.0102969 0.0115523 0.00330361 0.0324316 0.0184689 0.00941361 0.0269122 0.00535246 0.14869 0.000262089 0.0208671 0.00096506 0.000392772 0.122637 0.0575648 0.530268 0.000622202 
0.0139725 2.80514e-05 1.06801e-07 0.000774905 0.0213257 0.00299047 5.39104e-05 0.0307546 0.0060256 0.000694782 0.000719012 5.97852e-05 3.58877e-10 0.00453704 0.00138914 0.916674 8.46268e-09 
0.00454128 0.00145651 0.00021319 0.00440751 0.0244752 0.0804171 0.0205241 0.00474129 0.0595368 0.000272114 0.000316326 0.000265704 8.66373e-13 0.117305 0.0276815 0.651461 0.0023852 
0.0193342 0.000359106 1.89742e-09 0.00026617 0.244262 0.0100587 0.0053863 0.0291999 0.0966254 0.000184789 0.000312257 7.68804e-06 3.11273e-11 0.0153405 0.00269069 0.575955 1.65268e-05 
0.00572133 0.000358211 1.402e-10 0.000265611 0.0442783 0.0100541 0.00537817 0.00644889 0.0872069 0.000184486 0.000311589 7.5751e-06 6.22346e-13 0.0086162 0.00269614 0.828456 1.6425e-05 
0.000179524 3.34513e-05 0.000697364 0.0136118 0.00172092 0.00241518 0.0096849 0.000201685 0.0868441 0.000150587 0.00119068 0.000103028 1.23274e-06 0.00441877 0.0930913 0.785633 2.2821e-05 
0.00831539 0.000537305 1.70566e-10 0.000398412 0.0547943 0.0150811 0.00806721 0.00890983 0.13081 0.000276725 0.000467378 1.13611e-05 6.76656e-13 0.0129243 0.00403458 0.755347 2.4636e-05 
0.000962199 9.62888e-09 3.50451e-08 8.36389e-06 0.0136443 3.85009e-13 5.2363e-13 0.00456091 3.89186e-07 6.37572e-07 2.81169e-09 5.06969e-08 1.69613e-12 1.03063e-06 0.00104929 0.979773 4.65995e-08 
0.00489711 0.000562318 0.000471089 0.0207709 0.0786267 0.0081573 0.00581106 0.0879336 0.0196712 0.00324257 0.00193435 0.000151144 9.39378e-05 0.047745 0.00643849 0.71346 3.33249e-05 
0.00205901 8.29273e-09 8.63685e-09 5.94144e-09 0.0412046 7.66284e-05 8.75863e-05 0.00146722 0.000173269 2.86927e-05 0.000219693 6.08223e-12 2.75222e-10 1.5297e-05 2.76402e-05 0.95464 1.94255e-07 
0.00420074 0.000135106 3.81922e-07 0.000245255 0.0350478 0.00790315 0.000243202 0.33271 0.0227454 0.000454681 0.000163639 0.00516241 2.23594e-12 0.0126378 0.0111485 0.567018 0.000184531 
0.00990985 0.00148571 1.24213e-05 0.000191432 0.167356 0.000607206 0.000544544 0.0144234 0.0517308 0.00292374 0.00138323 0.000186538 7.06441e-08 0.0100024 0.0369032 0.701981 0.000358597 
0.00306471 0.00195997 2.91707e-06 0.00051042 0.0713609 0.00397904 0.000732052 0.00986091 0.0275088 0.00129358 0.000505052 8.44947e-05 2.56553e-08 0.0193752 0.00581165 0.853864 8.66919e-05 
0.00486207 5.20527e-09 1.81055e-05 1.5705e-05 0.210226 0.00712365 0.00013023 0.00124053 0.260049 0.194707 0.00478526 8.84464e-09 6.93338e-09 0.0335887 0.0184778 0.264775 2.34184e-09 
0.0183706 0.00203161 2.67133e-07 2.6742e-07 0.144556 2.6742e-07 2.67398e-07 0.0513879 2.67461e-07 2.67405e-07 2.67337e-07 0.00106884 2.67215e-07 2.67454e-07 2.67435e-07 0.782448 0.000133962 
0.0111142 5.25816e-05 1.91039e-06 0.000180825 0.0648982 0.000421787 6.66097e-05 0.013425 0.0013662 0.000547428 0.000558245 0.000114876 1.99581e-10 0.00882285 1.81805e-05 0.898411 4.57956e-07 
0.0189128 8.04594e-09 5.11293e-10 0.000877249 0.0255198 0.0013734 6.65184e-05 0.000643652 0.00291112 0.000408936 0.000922415 2.05312e-05 1.89813e-12 0.00216194 0.000310248 0.945871 6.41119e-13 
0.000880122 1.04701e-05 1.96639e-05 0.00289663 0.0207279 0.000934436 0.000361736 0.000311312 0.0381492 0.000252969 0.001105 1.62084e-05 2.41126e-12 9.81473e-05 0.000138495 0.934094 3.30672e-06 
0.0185358 1.10957e-05 1.69658e-09 0.00449419 0.199069 0.0658302 0.0501563 0.0521241 0.13648 0.00258204 0.000254224 4.4393e-06 1.70705e-11 0.0200084 0.000531112 0.449903 1.6111e-05 
0.0134224 4.32914e-05 3.25774e-05 0.00214019 0.0515076 0.0113029 0.000394212 0.164705 0.105276 0.0113355 0.000116585 0.000193604 2.79204e-09 0.0539501 0.0186893 0.566823 6.81399e-05 
0.0272303 7.05183e-05 6.00503e-08 0.0033432 0.305631 0.000514197 0.00292857 0.16142 0.00828855 0.00410497 4.37545e-05 0.000379771 7.09729e-09 0.0300303 0.00115498 0.454859 4.45541e-07 
0.0184784 0.00316011 0.000373997 0.00554505 0.119302 0.00656338 0.00248954 0.0124985 0.0277547 0.0124902 0.01461 0.00341779 1.94712e-06 0.0196145 0.0148014 0.738157 0.000741569 
0.00933223 0.000602118 8.47427e-06 0.00137949 0.283233 0.0032004 0.00975079 0.0119546 0.00975419 0.000236572 8.60728e-06 9.95474e-08 1.83915e-08 0.0195714 0.00250446 0.561878 0.0865862 
0.00400356 2.15954e-08 6.48697e-06 0.00105263 0.010091 0.00187615 0.0010174 0.00176786 0.228428 2.44434e-05 0.000361183 2.48455e-05 9.78232e-10 0.107924 0.00217792 0.641238 7.27123e-06 
0.0881971 0.000822861 0.000743983 0.00818729 0.319087 0.00967283 0.0114788 0.0887307 0.042539 0.0219665 0.00348078 0.000613951 1.32737e-05 0.0390303 0.00884258 0.356428 0.000165787 
0.021122 0.00155809 0.000487003 0.00521612 0.0795217 0.02686 0.00385085 0.0471988 0.0329286 0.00782179 0.00239819 0.00123589 8.43337e-06 0.031429 0.014411 0.722653 0.00129971 
0.00792527 5.11018e-06 2.73567e-11 4.31894e-07 0.177682 0.183734 9.44107e-07 5.28959e-07 0.0276523 0.100347 7.1409e-08 0.0254851 8.76339e-08 0.158236 0.0787518 0.24018 5.98968e-08 
0.00624487 0.000573813 9.72656e-05 0.0008691 0.0657269 0.0037221 0.00161796 0.00769477 0.0239798 0.00102984 0.00150938 0.000555113 1.38173e-07 0.013732 0.0123557 0.860221 6.97923e-05 
0.0087587 0.00151098 0.00392621 0.00891242 0.114658 0.0521738 0.00456457 0.0720396 0.0432591 0.0288818 0.00045856 0.000426648 0.0319547 0.0505387 0.0124113 0.564787 0.000738303 
0.00100235 0.000143502 0.000539134 0.00355526 0.00547044 0.00227484 0.00679459 0.000701134 0.0165738 1.51005e-05 0.000265599 0.000184774 4.07795e-07 0.0118482 0.00639316 0.944237 5.05055e-07 
0.0133545 0.000567088 0.000244439 0.0100478 0.183123 0.0541297 0.00450561 0.0628866 0.0584731 0.0279935 0.00113514 0.00662832 3.76963e-05 0.0223544 0.110788 0.443007 0.000723393 
0.0160967 0.00137565 0.00258209 0.00481408 0.106689 0.00104563 7.38505e-05 0.00576093 0.0690291 0.0622288 0.00206032 7.71445e-05 2.43954e-06 0.00316505 0.00260065 0.722146 0.000252984 
0.0279043 7.31717e-06 1.05157e-06 5.83649e-05 0.432027 0.00371085 0.000921932 0.0167832 0.000802941 0.00187116 1.2582e-07 5.23841e-05 3.56448e-07 0.0470048 0.00378815 0.465007 5.89279e-05 
0.0358235 0.00228978 0.00195339 0.0130371 0.137652 0.0208944 0.00413369 0.0436647 0.112552 0.00412658 0.000552438 0.000340575 1.58165e-07 0.0985651 0.0356113 0.488312 0.000491033 
0.00663812 0.00133075 1.66185e-05 0.00158724 0.0630733 0.003825 0.00499084 0.239738 0.0268307 0.00687669 0.000611961 0.000518669 3.73835e-05 0.0182262 0.00546539 0.6202 3.34018e-05 
0.000701925 7.44489e-05 0.000182441 0.0139903 0.00579907 0.00510464 0.0131356 0.000612002 0.134294 0.000532239 0.00144388 0.0001581 7.06271e-07 0.0079713 0.108153 0.707797 4.93373e-05 
0.000682453 8.37167e-08 6.96565e-09 7.43217e-05 0.00706189 0.00104342 0.00195555 0.000899239 0.000192491 7.77485e-13 9.98996e-10 6.58336e-08 2.77816e-12 0.0343141 0.000401547 0.953375 8.63528e-09 
0.00100235 0.000143502 0.000539134 0.00355526 0.00547044 0.00227484 0.00679459 0.000701134 0.0165738 1.51005e-05 0.000265599 0.000184774 4.07795e-07 0.0118482 0.00639316 0.944237 5.05055e-07 
0.00251492 7.82771e-05 3.05083e-07 0.000134748 0.00823784 0.000527327 3.28191e-06 0.221263 0.00322384 0.00042809 1.4417e-05 3.30707e-08 7.98448e-10 0.0041905 0.0011512 0.758233 1.75415e-08 
0.00990985 0.00148571 1.24213e-05 0.000191432 0.167356 0.000607206 0.000544544 0.0144234 0.0517308 0.00292374 0.00138323 0.000186538 7.06441e-08 0.0100024 0.0369032 0.701981 0.000358597 
0.0946384 0.0476792 0.000188916 0.0217547 0.168305 0.0323278 0.00162864 0.0199148 0.0752331 0.0189356 0.0282795 0.00136275 5.36409e-05 0.190782 0.0200666 0.278655 0.000194041 
0.00377751 0.00179497 0.000762335 0.023513 0.0686656 0.0305158 0.0402114 0.0146638 0.0872613 0.00355314 0.00327785 0.246313 1.84418e-05 0.0579869 0.114686 0.301165 0.0018345 
0.00750363 2.29814e-05 8.67262e-07 0.000372262 0.0746405 0.00150919 3.22042e-05 0.0334865 0.236861 0.0101876 1.90789e-05 1.1232e-05 2.68049e-08 0.188426 0.000413764 0.446482 3.20416e-05 
0.00348178 0.000728624 1.41038e-05 0.000655924 0.0530736 0.000861261 2.00012e-05 0.0624224 0.0168504 0.00569475 0.00033561 1.84917e-05 1.30896e-07 0.00744389 0.00329608 0.845044 5.93407e-05 
0.023156 0.000760381 0.000847256 0.00758419 0.304166 0.0197874 0.00374706 0.012593 0.00844238 0.00408939 2.81306e-05 0.000160767 2.10997e-06 0.0527553 0.0129715 0.545611 0.00329771 
0.017047 0.00596588 5.60473e-05 0.00212292 0.0701411 0.00595188 0.00283142 0.00831375 0.0320897 0.00210602 0.00438803 0.000585968 7.81543e-08 0.0246258 0.0163616 0.807203 0.000209652 
0.041119 0.000213357 3.5637e-05 0.00737819 0.326659 0.0119247 0.0102922 0.0659988 0.0550528 0.0183546 0.0102586 0.00107847 2.93978e-05 0.0240585 0.0377221 0.379772 0.0100533 
0.00579033 0.000295815 0.00558025 0.0141292 0.0444529 0.000798979 0.0767175 0.000801628 0.0397654 0.00213337 0.000254242 0.000308143 1.36691e-05 0.0463828 0.0940361 0.668515 2.43493e-05 
0.0099948 0.00838933 0.000158434 0.00601672 0.302573 0.0117831 0.000729481 0.00392113 0.100455 0.0160483 0.00759982 0.0437662 2.28077e-06 0.0418748 0.112646 0.333952 8.96806e-05 
0.0217704 0.00116934 0.00258207 0.00496375 0.106542 0.000626365 0.000105787 0.00583812 0.0728296 0.0610657 0.00141017 7.71456e-05 2.43916e-06 0.00838185 0.00258544 0.709797 0.000252984 
0.00504046 0.000222513 0.000422025 0.000941725 0.0411885 0.00105923 7.2747e-05 0.0219769 0.0429955 0.00961101 0.00282776 5.9714e-05 3.60697e-07 0.00478822 0.00794393 0.860702 0.000147644 
0.00898728 3.27498e-06 4.71853e-06 0.000940904 0.299429 7.27964e-06 5.69221e-05 0.00685455 0.00123557 4.66104e-06 0.0270288 0.000104433 5.57316e-07 3.06795e-06 6.56336e-07 0.655338 7.09999e-07 
0.00570175 0.121806 1.8413e-06 0.000870529 0.101926 0.00147925 0.00168228 0.00170626 0.00293792 2.99592e-06 8.77627e-06 1.85627e-05 2.04128e-09 0.0194666 0.000207354 0.742182 2.30067e-06 
0.00100235 0.000143502 0.000539134 0.00355526 0.00547044 0.00227484 0.00679459 0.000701134 0.0165738 1.51005e-05 0.000265599 0.000184774 4.07795e-07 0.0118482 0.00639316 0.944237 5.05055e-07 
0.0186526 0.000498067 1.96275e-08 0.00948425 0.231087 0.0177254 0.00608047 0.0481599 0.00263187 0.0113689 0.000477842 0.001387 4.60964e-11 0.125144 0.000690702 0.526576 3.5681e-05 
0.0308968 0.00090067 0.00224342 0.00997188 0.208372 0.00720929 0.0035865 0.0275218 0.0663871 0.0763586 0.00482526 0.00109449 4.75552e-07 0.0545604 0.00625661 0.499749 6.59593e-05 
0.00429889 6.35241e-05 1.43858e-05 0.00635357 0.052452 0.00109966 0.00413328 0.0011178 0.0159931 0.000144968 0.00177626 2.6859e-05 3.97322e-07 0.0159645 0.00209229 0.894467 1.77884e-06 
0.00323956 0.000493681 1.25768e-06 8.24647e-07 0.145173 0.000366345 0.0018992 0.0105766 1.23832e-05 9.86077e-06 6.15637e-10 4.05806e-08 1.40996e-12 0.00771418 8.30991e-05 0.830398 3.16541e-05 
0.0124318 0.0115769 4.13451e-06 0.00284495 0.106845 0.00746599 0.00232449 0.0471181 0.0299828 0.00145313 0.000124095 0.00165333 3.79369e-08 0.0618256 0.00383082 0.710501 1.84549e-05 
0.00400356 2.15954e-08 6.48697e-06 0.00105263 0.010091 0.00187615 0.0010174 0.00176786 0.228428 2.44434e-05 0.000361183 2.48455e-05 9.78232e-10 0.107924 0.00217792 0.641238 7.27123e-06 
0.000682453 8.37167e-08 6.96565e-09 7.43217e-05 0.00706189 0.00104342 0.00195555 0.000899239 0.000192491 7.77485e-13 9.98996e-10 6.58336e-08 2.77816e-12 0.0343141 0.000401547 0.953375 8.63528e-09 
0.0263358 0.000711956 2.99978e-10 0.0107603 0.130634 0.00900007 0.0421684 0.00824451 0.228794 0.000614708 0.0916452 5.43729e-06 5.78482e-12 0.0126927 0.0107223 0.427659 1.17501e-05 
0.0109867 0.00507462 5.25058e-05 0.00143012 0.199918 0.00118492 0.000226876 0.0269996 0.132273 0.00608824 0.0141058 1.47042e-05 7.66599e-08 0.0113983 0.0142591 0.575947 4.08866e-05 
0.0757084 0.00724952 0.0848114 0.0216444 0.275103 0.000711325 0.00265563 0.0444754 0.130921 0.0231057 0.000975527 0.000101564 5.54294e-06 0.0472173 0.00106475 0.284237 1.21713e-05 
0.0110995 0.00133541 0.000234051 0.0011148 0.0779925 0.00121566 0.000217481 0.0486794 0.0456414 0.00935355 0.000838603 0.000257312 6.88115e-07 0.0117416 0.015387 0.774708 0.000183569 
0.0105615 0.000611007 3.40438e-06 0.000282488 0.0767037 0.000810952 0.00017184 0.00866104 0.0439366 0.00271539 0.000199448 0.000219883 2.57496e-08 0.0110645 0.0132894 0.830746 2.29035e-05 
0.0186526 0.000498067 1.96275e-08 0.00948425 0.231087 0.0177254 0.00608047 0.0481599 0.00263187 0.0113689 0.000477842 0.001387 4.60964e-11 0.125144 0.000690702 0.526576 3.5681e-05 
0.014924 0.000273626 4.15358e-06 0.016307 0.0557313 0.0081284 0.00413274 0.00288022 0.0466258 0.0124542 0.0326172 0.00785455 9.09718e-08 0.00203134 0.0189923 0.776952 9.09603e-05 
0.0152301 0.00342258 0.0054229 0.00499728 0.252684 0.00700744 0.00332165 0.280209 0.0166555 0.0100135 0.000909333 0.000867582 2.34183e-06 0.0186837 0.00920439 0.371322 4.69002e-05 
0.00572133 0.000358211 1.402e-10 0.000265611 0.0442783 0.0100541 0.00537817 0.00644889 0.0872069 0.000184486 0.000311589 7.5751e-06 6.22346e-13 0.0086162 0.00269614 0.828456 1.6425e-05 
0.000976986 2.05424e-05 0.0635746 1.67842e-05 0.161221 0.00303835 0.00583343 0.0143132 0.0206134 0.34135 0.000113117 1.23179e-05 1.74291e-05 0.00603523 0.00613122 0.376134 0.000598957 
0.0155081 0.000131568 2.69861e-11 0.000245333 0.114303 9.63077e-08 0.00136977 0.192424 0.0033712 0.000849395 8.1593e-05 4.70574e-08 8.1135e-09 0.00505505 0.000133107 0.666527 8.29489e-07 
0.0105615 0.000611007 3.40438e-06 0.000282488 0.0767037 0.000810952 0.00017184 0.00866104 0.0439366 0.00271539 0.000199448 0.000219883 2.57496e-08 0.0110645 0.0132894 0.830746 2.29035e-05 
0.0156014 0.000200607 0.000527288 0.00219257 0.189404 0.00578534 0.0206303 0.0606259 0.0953489 0.00399708 0.00123537 5.91644e-05 1.36819e-11 0.0299355 0.0427477 0.531675 3.34684e-05 
0.00251492 7.82771e-05 3.05083e-07 0.000134748 0.00823784 0.000527327 3.28191e-06 0.221263 0.00322384 0.00042809 1.4417e-05 3.30707e-08 7.98448e-10 0.0041905 0.0011512 0.758233 1.75415e-08 
0.0275644 6.42227e-07 6.41869e-07 0.0122092 0.0991581 0.0109241 0.017027 0.0121425 0.0395883 0.00327752 6.42359e-07 6.41891e-07 6.42065e-07 0.196906 0.019407 0.561792 6.42486e-07 
0.0263358 0.000711956 2.99978e-10 0.0107603 0.130634 0.00900007 0.0421684 0.00824451 0.228794 0.000614708 0.0916452 5.43729e-06 5.78482e-12 0.0126927 0.0107223 0.427659 1.17501e-05 
