0.233995 0.000926289 0.00382606 0.172796 0.018337 0.0133372 0.0177367 0.000234819 0.241489 0.00758528 0.131521 0.00193726 0.00027026 0.0174245 0.138583 5.96e-10 9.21079e-10 
1.03676e-05 2.4528e-05 4.97257e-06 6.58279e-09 0.0133858 0.00714713 1.93883e-05 0.00294755 0.132934 0.650988 1.55753e-08 3.20679e-05 2.91241e-08 0.165585 0.0269184 6.36524e-09 3.27781e-06 
0.03158 0.00234047 0.000112728 0.00707968 0.0654183 0.0287286 0.00171127 0.0132315 0.0221529 0.126846 0.0192844 0.00583928 0.000662701 0.0891707 0.356408 2.501e-05 0.229408 
1.55888e-06 2.58936e-09 1.36146e-06 0.0160039 0.107814 0.000138887 1.06478e-09 6.14138e-06 6.47316e-07 0.787066 1.8445e-09 9.68388e-06 3.44901e-09 0.0889513 5.9105e-06 7.53801e-10 1.5156e-06 
0.0307097 1.29095e-06 1.116e-06 0.249645 0.260126 0.121887 0.0205501 0.0305699 0.173942 0.0372447 1.09968e-06 0.00215622 5.94302e-06 0.06205 0.0109134 5.91442e-07 0.000195835 
0.253153 1.31609e-06 1.98168e-10 6.55801e-07 0.746842 3.43006e-11 1.12008e-07 2.00774e-06 3.75097e-07 2.07258e-07 1.13218e-07 1.92764e-10 1.51109e-10 1.60699e-07 3.30031e-07 3.30258e-11 5.10392e-11 
5.59344e-06 3.60343e-10 6.29449e-10 2.17081e-07 0.0388056 1.0895e-10 1.48177e-10 6.35643e-06 2.77073e-06 0.961177 2.56685e-10 6.12284e-10 4.79974e-10 5.48241e-07 2.32227e-06 1.04901e-10 1.62118e-10 
0.173504 8.36591e-05 0.000751971 0.0325381 0.0278253 0.00654393 0.00375094 0.000580647 0.0664801 0.0180622 0.00595915 0.00339406 5.2074e-05 0.0835018 0.559753 2.73512e-06 0.0172159 
0.00356127 0.00123898 0.000160218 0.116508 0.0160891 0.263728 0.0427182 0.000528267 0.254425 0.0445654 0.00435118 0.000968348 4.23702e-06 0.0739357 0.177105 4.05474e-06 0.000108059 
0.0322778 0.000103568 2.60877e-08 0.0596218 0.00806893 0.00131758 0.000430329 0.000911362 0.0100793 0.737839 0.0747205 0.0182362 1.01413e-06 0.0477247 0.00755951 4.34766e-09 0.00110852 
3.79514e-07 1.88315e-07 6.24087e-07 1.45334e-11 0.00350191 3.94228e-08 1.98507e-11 2.82005e-07 1.63323e-07 0.995367 3.4387e-11 7.46508e-07 9.65142e-08 1.57014e-07 0.000650469 1.40531e-11 0.000478005 
0.0594804 1.12246e-05 0.000399916 0.000437306 0.552517 0.046021 0.000959252 0.0574819 0.0716171 0.0282802 0.00134119 4.41281e-05 1.56437e-05 0.0902931 0.0909213 3.98959e-06 0.000175628 
0.00250279 7.15256e-05 0.000426463 0.874303 0.00649945 0.00405393 0.0329889 1.99022e-07 0.0132496 0.000715624 0.00119255 2.02043e-06 0.00012131 0.00397671 0.0598964 1.37827e-10 2.13002e-10 
0.00164835 1.34102e-05 1.83278e-05 0.17672 0.0253981 0.333424 0.0146332 0.122741 0.00381893 0.019094 7.07248e-06 0.000912534 0.272765 0.008066 0.0204295 6.57762e-06 0.000304405 
0.00290634 0.000102653 4.16007e-06 0.00069847 0.0919428 0.00246475 0.000595104 0.00122575 0.0738231 0.791571 0.000255482 6.87967e-05 1.91682e-06 0.0148595 0.0194763 7.38718e-09 3.38424e-06 
2.95232e-05 8.08952e-06 1.08191e-07 0.00838357 2.43218e-05 0.0014396 0.00235958 1.3103e-06 0.0189333 0.000530972 0.00640704 0.00040604 0.0428423 0.019258 0.0841375 7.50659e-08 0.815239 
0.0379166 0.000236952 0.110009 0.0110575 0.20762 0.0122467 0.0125804 0.0323646 0.0515117 0.120368 0.0171257 0.00182925 0.000261031 0.043402 0.326383 9.21795e-05 0.0149949 
0.00307856 0.000930974 0.000237036 0.0679822 0.0141289 0.00766463 0.00978435 0.000827657 0.102659 0.0871175 0.0109733 0.00135381 0.000127408 0.0405511 0.379771 0.000102618 0.27271 
0.00272283 7.7803e-05 8.02626e-05 0.796397 0.00465288 0.015607 0.00677429 0.000641813 0.0514659 0.0190494 0.0339348 0.000886115 0.000843933 0.0324697 0.0288162 1.50795e-05 0.00556462 
0.0016171 8.37007e-07 1.46209e-06 0.00815423 0.0190832 0.833771 0.00744597 0.00904003 0.0761344 0.00748467 0.00108482 4.71297e-06 1.11489e-06 0.0164893 0.0196861 2.43665e-07 3.76568e-07 
0.00992861 0.000632008 0.000123828 0.417933 0.00402431 0.00391569 0.019947 0.141245 0.150433 0.00160155 0.0167964 6.03147e-07 1.99059e-10 0.232482 0.000935538 4.35055e-11 9.48262e-07 
0.00560879 0.0175812 0.00114974 0.020348 0.177449 0.0221866 0.00575336 0.0611872 0.0431766 0.543353 0.00595369 0.00214142 0.00789074 0.0233882 0.0624901 5.28087e-05 0.00028964 
0.00110419 0.00117087 8.90077e-06 0.00280931 0.0752153 0.014418 0.827306 0.00171256 0.0383089 0.00146078 0.00729951 8.65805e-06 6.22441e-05 0.0242655 0.00484563 1.48336e-06 2.29244e-06 
0.000574788 0.000485406 1.1418e-06 0.64981 0.0372371 0.0718543 0.0191375 0.000465894 0.053648 0.124026 5.50118e-06 0.000364741 8.70654e-07 0.0235003 0.0188797 7.67759e-07 7.89223e-06 
0.00349564 0.000314564 0.000204627 0.00482694 0.098775 0.00198195 0.00177748 0.0255278 0.392174 0.379945 0.00268298 7.98111e-06 3.32917e-05 0.0763511 0.011699 4.97892e-08 0.00020198 
0.00332814 0.000824997 6.24777e-05 0.0211964 0.0194452 0.00206294 0.00638398 0.000711757 0.074039 0.0285538 0.0216994 8.74546e-05 0.000401726 0.0874375 0.719586 4.32054e-05 0.0141363 
0.00685042 8.91679e-10 1.55759e-09 0.0500073 0.154864 0.00168803 7.52481e-06 1.55605e-06 0.506817 0.00242048 0.00163158 1.51511e-09 4.05673e-07 0.258262 0.0174496 2.59581e-10 4.01165e-10 
8.52638e-06 4.34377e-09 1.29269e-06 2.23969e-05 1.05677e-05 0.133399 1.78621e-09 0.00599174 0.266297 0.569197 5.61991e-05 1.43601e-06 2.16341e-05 0.00110978 0.0238805 1.26453e-09 3.38271e-06 
0.0308074 0.00117025 0.000337206 0.103893 0.0338842 0.0133336 0.00569271 0.00179425 0.101179 0.0423935 0.0592529 0.000827239 2.35983e-05 0.512727 0.0924463 8.86577e-08 0.00023815 
0.00177721 0.0173548 1.04048e-09 0.00181644 0.00502951 0.000591321 0.00576234 7.22154e-05 0.401886 0.00832293 0.000111335 0.000432046 7.93395e-10 0.555312 0.00151403 1.73401e-10 1.76015e-05 
0.012675 0.0270289 0.0064453 0.0678952 0.0724653 0.000991312 0.00393504 0.00535037 0.107108 0.517344 0.0470021 0.00422201 0.00022486 0.00951591 0.116747 8.11538e-05 0.000968005 
0.0033407 5.61027e-08 5.0483e-07 0.0228835 0.00647632 0.00470103 0.000131008 2.92103e-11 0.628332 0.00783926 0.169991 6.20678e-07 7.89948e-08 0.104053 0.0522406 1.47034e-11 1.12251e-05 
0.000425197 2.9914e-08 0.000385149 0.130056 0.00125866 0.424546 0.0197679 0.000106791 0.306646 0.00462803 0.000672357 6.54962e-08 7.30994e-07 0.0342802 0.0772253 7.40894e-09 1.663e-06 
0.161344 0.00101245 0.00550352 0.100989 0.0832619 0.0448295 0.0785735 0.00353639 0.0755203 0.034001 0.0470722 0.000523613 0.000380029 0.0256458 0.333123 0.000107096 0.00457686 
0.00130919 2.48285e-05 1.55144e-09 0.0200811 0.00184588 4.13462e-06 1.14967e-06 9.39072e-07 0.0150356 0.823611 0.0210222 4.39307e-06 1.52232e-06 0.0276016 0.0894562 2.58555e-10 3.9958e-10 
0.0231475 6.56727e-09 1.14717e-08 1.97717e-09 0.0130986 4.56613e-05 0.0187737 6.38477e-05 0.113279 0.712267 1.33532e-05 5.4023e-06 8.74755e-09 2.08349e-05 0.119285 1.91183e-09 2.95461e-09 
0.266487 1.09484e-06 8.92421e-11 0.0600608 0.232269 0.00567928 0.000710176 0.00129257 0.0869247 0.00810297 0.0435657 0.0266417 6.80498e-11 0.183617 0.0845327 1.48727e-11 0.000114967 
2.95232e-05 8.08952e-06 1.08191e-07 0.00838357 2.43218e-05 0.0014396 0.00235958 1.3103e-06 0.0189333 0.000530972 0.00640704 0.00040604 0.0428423 0.019258 0.0841375 7.50659e-08 0.815239 
1.5647e-06 1.73303e-06 6.48249e-09 0.00707549 0.0148282 0.00236643 0.00724324 0.00102403 0.0128684 0.82818 0.00206114 1.47422e-05 4.9431e-09 0.0735727 0.0507615 1.08034e-09 1.09322e-06 
2.79643e-05 1.98516e-06 6.61086e-05 4.57819e-05 0.00364486 0.00107985 8.16322e-07 9.91328e-05 0.00274404 0.991366 4.8719e-05 3.37312e-06 8.62379e-05 0.000195347 0.000576546 5.77908e-07 1.2467e-05 
0.00250651 4.3698e-07 7.63319e-07 0.00226295 0.00281787 0.0175195 0.000988483 2.52723e-07 0.945533 0.0213064 3.11277e-07 7.42503e-07 5.82054e-07 0.00079092 0.00573979 1.27211e-07 0.000531009 
0.972766 1.07614e-07 2.33901e-06 3.33675e-06 1.57456e-05 6.47669e-07 1.079e-06 9.66104e-06 3.29853e-06 0.0179478 3.8138e-10 9.09724e-10 7.13139e-10 0.00308064 0.00616931 1.55861e-10 4.81986e-07 
0.00844898 2.20703e-07 3.85525e-07 0.000537473 0.0788907 6.67299e-08 0.000104652 0.00507949 0.00301672 0.87895 1.52161e-05 0.00965614 2.93974e-07 0.00506305 0.0102276 6.42498e-08 9.05655e-06 
0.000144263 0.00261892 0.000262466 0.00380902 0.15312 0.0147602 0.0293927 0.0100485 0.00341803 0.553187 0.00059952 0.00306239 6.14857e-05 0.00529126 0.220065 5.11376e-05 0.000108588 
0.000543452 4.8357e-08 0.000242638 0.0622798 7.0502e-07 0.00505196 0.203841 9.62381e-05 0.00501602 0.00747164 0.00219772 7.08602e-06 1.03663e-05 0.00181727 0.704363 1.66271e-08 0.00706153 
1.20237e-05 6.73562e-05 1.30586e-07 2.25067e-08 3.60532e-05 2.94065e-05 3.07411e-08 4.3235e-08 5.0368e-06 0.999741 5.32522e-08 1.27025e-07 9.95759e-08 5.19721e-05 5.68916e-05 2.17629e-08 3.36331e-08 
0.00127457 0.000473107 6.34382e-11 0.0142206 0.0284068 0.0450573 0.0205771 0.000932832 0.573347 0.00245483 4.78616e-07 3.88822e-07 4.83735e-11 0.101695 0.211093 1.05723e-11 0.000467836 
1.10819e-08 5.55354e-06 0.000144839 0.000325253 0.000231452 0.000129493 0.000214745 1.59793e-08 0.000545456 0.997824 9.64596e-05 4.69473e-08 3.68023e-08 0.000273945 0.000208975 8.04337e-09 1.24305e-08 
0.00672377 2.25637e-07 2.48377e-05 0.00454797 0.0391725 0.0160965 0.0224812 3.72974e-06 0.463803 0.173074 0.0858693 0.00051761 0.000154781 0.136247 0.0505688 9.35279e-11 0.000715697 
0.0308074 0.00117025 0.000337206 0.103893 0.0338842 0.0133336 0.00569271 0.00179425 0.101179 0.0423935 0.0592529 0.000827239 2.35983e-05 0.512727 0.0924463 8.86577e-08 0.00023815 
0.0191944 9.87053e-05 0.00131667 0.0170781 0.0235625 0.00598204 0.00466439 2.09918e-05 0.0860386 0.145834 0.000497289 0.212315 6.33863e-07 0.107687 0.370618 1.3922e-07 0.00509221 
0.012068 2.68242e-05 0.00972969 0.00337296 0.158676 0.0330739 0.0331949 0.000708906 0.0380296 0.596709 0.0919751 0.000206978 2.21096e-07 0.00436163 0.0170346 1.76145e-07 0.00083143 
0.00351462 3.29359e-05 2.6441e-05 0.00144554 0.0727979 2.38472e-06 3.86629e-08 0.000243846 0.0501812 0.810024 0.00166307 0.0224646 1.25236e-07 0.0074796 0.0301159 2.73711e-08 8.0287e-06 
0.031333 8.01945e-05 1.80997e-11 0.0365192 0.824511 0.00568843 0.00206397 0.00135914 0.0264295 0.000282305 0.0666345 4.39097e-05 1.38015e-11 0.00237495 0.00268002 3.01641e-12 4.66166e-12 
0.00250279 7.15256e-05 0.000426463 0.874303 0.00649945 0.00405393 0.0329889 1.99022e-07 0.0132496 0.000715624 0.00119255 2.02043e-06 0.00012131 0.00397671 0.0598964 1.37827e-10 2.13002e-10 
3.20757e-06 7.41407e-10 1.29509e-09 9.6775e-07 0.015628 2.24166e-10 3.04876e-10 3.64517e-06 0.000224298 0.93298 5.28131e-10 0.0470543 1.69847e-06 0.000359459 0.00374408 2.15834e-10 3.49329e-07 
0.00473919 8.72828e-05 0.0512768 0.028142 0.0736353 0.0597002 0.0308481 0.0238156 0.0741625 0.348011 0.00949019 0.000112128 0.000593455 0.10085 0.183946 8.6072e-05 0.0105047 
0.00458776 1.20338e-05 2.59856e-05 0.0211658 0.0316372 0.0571425 0.0169491 0.00022737 0.012962 0.7859 0.0026437 3.02375e-05 1.00614e-05 0.0369116 0.0297641 1.5729e-06 2.86975e-05 
0.00111032 7.9341e-05 0.000585282 0.0285239 0.0224905 0.0784392 0.0136334 0.0151152 0.339074 0.11933 0.0163022 0.000151787 3.53764e-06 0.357158 0.00800241 1.36906e-08 1.16826e-06 
4.23304e-06 0.00303311 3.73181e-10 0.76561 1.36537e-05 0.0100478 8.785e-11 0.180974 9.65269e-08 0.0403153 1.52181e-10 8.71573e-07 2.84562e-10 2.40983e-07 5.45013e-07 6.21927e-11 9.61148e-11 
0.000139243 1.19522e-08 2.08782e-08 3.52096e-05 7.9769e-06 0.331061 0.000500521 0.00479713 7.14621e-05 0.662989 3.15274e-05 9.4182e-06 1.59203e-08 0.000327968 2.95284e-05 3.47947e-09 5.37729e-09 
0.0132175 3.44219e-10 6.01283e-10 1.03632e-10 0.87159 1.04075e-10 2.01011e-06 0.0208995 1.37964e-06 0.0920333 2.47652e-08 5.84886e-10 4.58497e-10 0.00225569 2.85065e-07 1.00207e-10 1.54864e-10 
1.22038e-05 6.99925e-05 7.43848e-06 0.218713 1.72798e-05 1.17394e-06 1.13323e-06 7.24128e-10 0.206269 0.288067 8.91903e-10 5.57426e-05 1.66776e-09 0.286781 4.23084e-06 3.64499e-10 5.63873e-07 
0.0415209 0.000522786 9.87141e-05 0.00840051 0.121428 0.00675929 0.00317537 1.24763e-05 0.0378223 0.546147 4.15964e-06 4.96874e-06 0.00207455 0.0653056 0.166624 1.81836e-06 9.85947e-05 
0.00285493 2.08316e-07 5.50382e-05 0.000151078 0.000570497 0.0143908 0.00734325 0.000140392 0.00847334 0.954705 3.17342e-05 0.00037116 0.00599333 0.00023868 0.00468022 6.06437e-08 9.37209e-08 
0.00118113 0.0018164 0.000421783 0.00149917 0.0334123 0.00568297 0.0391816 9.46312e-07 0.000369582 0.0113316 0.000315132 2.78027e-06 0.00311671 0.862662 0.039005 4.76338e-07 7.36149e-07 
0.000364296 1.44572e-05 0.000105724 0.0111165 0.138075 0.00520967 0.029086 0.00192142 0.0697758 0.630187 7.09861e-05 0.00157813 2.71231e-05 0.100754 0.0112778 2.97258e-06 0.000433416 
0.000942676 0.000252504 0.000348193 0.00592727 0.0190124 0.0511658 0.00212827 0.000938303 0.00454914 0.836165 0.000221155 0.00881752 0.0484618 0.00722864 0.0135479 3.66823e-05 0.000256822 
0.00252053 0.000177964 5.99782e-05 1.58012e-07 0.237439 0.000634612 0.0036355 3.03539e-07 0.0589304 0.201119 0.141726 0.000870556 6.9909e-07 0.128363 0.224514 1.5279e-07 7.45595e-06 
0.293138 0.001832 3.95678e-07 0.00475093 0.472004 0.00842821 0.000664133 0.0860982 0.0286842 0.0309991 7.56193e-05 0.00447762 4.33395e-05 0.0645735 0.00423095 4.93944e-11 5.14795e-09 
6.86683e-05 2.73024e-05 2.5099e-06 4.8092e-05 0.000338597 0.00381806 0.00510019 3.78238e-05 0.00243377 0.962803 0.0229196 9.08441e-06 2.57443e-06 6.01312e-05 0.00231904 4.18289e-07 1.07999e-05 
0.0149315 1.38144e-07 2.4131e-07 0.00430824 0.255401 0.000194898 0.0345616 0.0548286 0.00503006 0.594783 9.84047e-08 0.0203207 5.29823e-05 0.00769822 0.00785164 4.02156e-08 3.67571e-05 
0.00198 0.000711456 0.000194097 0.00103452 0.0113072 2.6949e-07 0.00246305 5.15482e-07 0.00153798 0.0105736 0.254202 1.51449e-06 1.18722e-06 0.715021 0.000846997 2.59474e-07 0.000124375 
0.0365623 0.0119892 0.00121765 0.432122 0.0376054 0.00169719 0.040221 0.000229144 0.14096 0.0703208 0.0528517 0.159625 1.43315e-05 0.00889427 0.00544375 8.96771e-06 0.000238104 
0.14548 5.59281e-08 9.76955e-08 0.0274244 0.00530772 0.00272488 0.310788 1.16821e-05 0.149164 0.301147 0.00381524 9.50314e-08 7.44958e-08 0.0280062 0.0261241 1.62815e-08 6.65414e-06 
0.00208234 0.00147368 0.000117365 0.00087797 0.0517837 0.404145 0.0074411 0.0163602 0.20072 0.251045 3.0208e-05 0.000972799 0.000136552 0.0118041 0.0509535 3.6844e-06 5.25338e-05 
0.0279932 0.00116293 9.32854e-06 0.0337637 0.0747159 0.0353665 0.0150879 1.40244e-05 0.0390793 0.361089 0.345339 4.494e-05 0.000205681 0.0375593 0.0284678 2.5229e-06 9.86139e-05 
0.00221079 1.07179e-10 9.73735e-07 0.00408389 0.04447 0.0122599 0.00639522 0.00190679 0.156367 0.714185 3.05468e-07 1.82115e-10 0.000286166 1.32143e-07 0.0578344 3.12014e-11 7.71995e-08 
0.489803 0.000143046 0.000105216 0.186583 0.161471 0.000328786 0.000414357 0.000387091 0.0209291 0.0189207 0.0971065 0.0010174 5.28344e-07 0.00443914 0.0183512 1.15473e-07 1.78455e-07 
3.12006e-05 1.31537e-07 1.24717e-05 0.000120837 0.000183323 0.109724 0.219888 1.12221e-05 0.0790061 0.504703 9.36983e-08 1.38327e-05 0.000206208 0.00184536 0.084222 3.82922e-08 3.22644e-05 
3.3598e-06 1.18938e-08 2.07762e-08 0.149931 0.0337575 0.0863674 0.095783 1.01786e-05 0.177108 0.114826 1.42987e-05 2.33362e-05 1.56336e-05 0.216529 0.125399 3.46246e-09 0.000233334 
0.00034603 0.000265566 0.000155166 0.00175121 4.70713e-05 6.49111e-05 0.896432 0.0394091 0.000603206 0.0595657 0.000262613 7.80736e-07 6.12025e-07 0.000936342 0.000152899 1.33762e-07 6.8329e-06 
0.0259923 7.59745e-10 1.32713e-09 0.437435 4.98158e-06 0.00224601 0.0298721 0.0028467 0.111596 0.134307 0.0441943 1.26797e-06 1.01197e-09 0.0195596 0.191945 2.21173e-10 3.41808e-10 
1.28354e-10 6.40347e-07 1.45397e-06 9.63448e-11 3.06835e-05 9.67569e-11 9.22472e-08 9.07063e-07 0.00149019 0.996366 2.27958e-10 5.43758e-10 2.98805e-07 1.0157e-06 6.44538e-07 9.31608e-11 0.00210772 
0.0105596 6.43596e-06 1.16145e-07 0.00225089 0.119801 0.0941396 0.000359475 8.99526e-05 0.0868441 0.576641 6.64149e-06 0.00401663 0.000250841 0.0710718 0.033621 1.93562e-08 0.00034163 
6.80099e-05 1.7919e-09 9.85179e-07 0.00111581 0.000431404 0.0959451 4.19266e-06 4.49124e-06 0.053078 0.571743 5.96207e-06 2.93478e-06 0.00563156 2.7388e-06 0.271694 5.21649e-10 0.000272528 
0.000456318 0.000265082 3.25264e-05 0.00236204 0.0257641 0.144912 0.00130938 0.000498197 0.087729 0.424619 5.83956e-05 0.00566276 1.90228e-05 0.115886 0.189111 1.96142e-08 0.00131483 
2.95232e-05 8.08952e-06 1.08191e-07 0.00838357 2.43218e-05 0.0014396 0.00235958 1.3103e-06 0.0189333 0.000530972 0.00640704 0.00040604 0.0428423 0.019258 0.0841375 7.50659e-08 0.815239 
0.00153 6.85203e-05 4.60176e-08 0.000992201 0.000345707 0.00173163 0.000326082 1.52357e-08 0.000486906 0.00224096 0.991813 4.47627e-08 3.50898e-08 5.9083e-05 0.000405567 7.66908e-09 1.18521e-08 
0.00199989 0.000354609 0.000895925 0.0422186 0.0271008 9.5213e-07 0.00803423 0.00254173 0.101768 0.702121 0.0326637 0.0427253 2.48918e-05 0.0270394 0.0104349 4.80146e-07 7.59276e-05 
0.000152712 2.90798e-05 4.82267e-06 7.15641e-05 0.0335556 0.000457622 0.0123923 0.000124729 0.037413 0.840249 3.13611e-06 0.00012879 8.15162e-06 0.0740869 0.00130704 1.44413e-06 1.37579e-05 
0.000949621 0.00603622 5.22505e-06 0.00839425 0.00044161 0.000706836 0.000636279 0.000193102 0.0230159 0.164152 0.583468 0.000670831 6.31492e-07 0.0185746 0.192749 1.77479e-10 5.88372e-06 
0.123839 4.71398e-06 2.38084e-06 0.0954091 0.0285703 7.02942e-07 0.00453267 0.000703193 0.0580072 0.64019 0.000589705 0.0182166 1.21077e-06 0.0269147 0.00260238 9.52233e-08 0.000416418 
0.0120343 0.000196993 2.6839e-07 0.121274 0.134726 0.00532417 0.007661 0.00950377 0.055063 0.28108 0.000243578 0.00992537 8.53101e-08 0.343197 0.0197422 1.12506e-08 2.84496e-05 
1.28354e-10 6.40347e-07 1.45397e-06 9.63448e-11 3.06835e-05 9.67569e-11 9.22472e-08 9.07063e-07 0.00149019 0.996366 2.27958e-10 5.43758e-10 2.98805e-07 1.0157e-06 6.44538e-07 9.31608e-11 0.00210772 
0.00120922 0.000175261 8.03158e-07 0.000234566 0.000293357 0.0194405 0.000580741 0.000501145 0.00636405 0.964124 3.27523e-07 7.81256e-07 6.12432e-07 0.000346017 0.00653218 1.33851e-07 0.000196814 
0.0413711 1.16528e-05 2.78451e-06 0.0156697 0.0262435 0.000648537 0.000982497 1.38078e-05 0.204255 0.611562 1.03192e-05 2.31775e-05 2.39387e-09 0.0389041 0.0599464 5.23194e-10 0.000355347 
0.360477 0.00217463 1.1066e-06 0.388408 0.0130404 1.91539e-07 0.122986 3.69802e-05 0.0322268 0.0188809 0.000512231 1.07642e-06 8.39883e-06 0.0611008 0.000145251 1.8442e-07 2.8501e-07 
0.00213255 0.00118983 1.31288e-07 0.000431936 0.00837666 0.00525342 0.0193934 0.00545316 0.334927 0.2867 0.0075769 0.0508428 8.35684e-06 0.268307 0.00858692 3.83707e-10 0.000819831 
0.0583423 3.66639e-05 1.51655e-07 0.145859 0.132232 0.00402672 0.00770598 0.000403217 0.522362 0.022315 0.00814306 9.9164e-06 1.62441e-10 0.090988 0.00757666 3.55025e-11 2.21752e-08 
0.00948285 2.0919e-09 3.65414e-09 0.985854 1.04047e-05 2.15978e-06 1.21763e-06 8.26299e-07 2.03561e-05 0.00162757 3.84049e-08 8.6505e-06 2.78639e-09 0.00282651 0.000165465 6.08982e-10 9.41142e-10 
0.00150444 0.000679807 8.86954e-09 0.0298957 0.00137509 0.000626122 7.41476e-07 4.54327e-06 0.00421553 0.149634 0.80728 3.82983e-07 5.77611e-06 1.33318e-05 0.00476315 1.47816e-09 1.41952e-06 
0.000588028 2.40268e-05 1.25392e-05 0.126371 0.181605 0.000115658 0.000330571 1.64264e-05 0.0126195 0.63868 0.00627262 0.00134645 1.38012e-07 0.0260429 0.00549102 3.01634e-08 0.000484722 
0.126678 6.50022e-05 7.49512e-06 0.0998259 0.15242 0.00300955 0.000508761 0.0105607 0.0536961 0.323885 0.00476826 0.000205483 1.17142e-06 0.216343 0.00802374 2.02133e-07 2.92201e-06 
0.0149075 0.0028454 8.27231e-05 0.00960433 0.0387905 0.483424 0.00571271 0.00206276 0.0795963 0.104607 0.000168717 0.000390374 0.103434 0.132394 0.0215068 7.10387e-05 0.000402018 
0.0216165 4.08167e-11 2.19679e-07 0.0116825 0.619521 0.0272184 0.0582355 1.10569e-06 0.00705595 1.52151e-11 2.7822e-08 3.13755e-08 5.43675e-11 0.254634 3.55104e-05 1.18823e-11 1.83634e-11 
0.0358384 0.00235533 0.00057341 0.0309237 0.0312182 0.000622818 0.00144803 0.00110116 0.0249276 0.0291534 0.000461695 0.00023325 0.00153381 0.0159707 0.186902 7.19902e-05 0.636664 
0.0127989 4.0031e-05 7.06577e-08 0.000232208 0.107575 0.00563965 0.0022721 0.00398611 0.0681135 0.785232 0.00086419 0.00304868 1.28624e-05 0.0100288 0.000147786 1.17755e-08 8.67068e-06 
1.77772e-06 6.08852e-10 1.06355e-09 0.021216 0.473761 0.150767 0.000641987 0.000801925 0.0618185 0.116483 0.00388905 0.0245197 0.000117526 0.0528697 0.0931133 1.77246e-10 3.01672e-07 
3.11953e-07 0.000597238 5.66482e-07 7.59653e-05 0.00341932 0.000110803 2.32994e-07 0.00108252 0.0320824 0.945861 3.52058e-06 6.59168e-10 5.16727e-10 0.00517208 0.0108646 1.12934e-10 0.000729331 
2.90615e-11 7.24565e-11 0.000135396 0.0985427 0.00211795 1.09039e-06 0.00752766 8.10097e-05 0.618125 8.39628e-07 5.16134e-11 0.0147189 9.65114e-11 0.254419 0.0043303 2.10931e-11 3.25981e-11 
0.00774399 0.0169734 2.65516e-07 0.118299 0.0149174 4.59578e-08 0.000495742 0.000955416 0.0415447 0.781487 0.0139114 0.000177768 9.29397e-05 0.000757431 0.00261939 4.42497e-08 2.41711e-05 
8.76598e-06 6.21762e-07 9.86465e-10 1.70019e-10 0.115729 8.88049e-07 2.32222e-10 9.96172e-06 4.34226e-06 0.881407 4.02274e-10 9.59564e-10 7.52209e-10 0.00283621 3.63944e-06 1.644e-10 2.54069e-10 
0.220986 3.29153e-05 1.566e-06 0.0489369 0.0361093 0.0398349 0.0221754 0.0152923 0.0821002 0.0618041 0.00519799 6.52395e-06 1.36455e-06 0.375067 0.0924116 7.9674e-07 4.06082e-05 
0.00821147 2.85457e-07 0.0667567 0.0226389 0.0498555 0.00104022 0.00178135 3.69514e-05 0.293695 0.325384 0.00154402 0.000346786 1.33812e-06 0.0383069 0.190088 7.76676e-11 0.000312264 
0.00393954 0.00889837 1.58005e-06 0.129565 0.0140483 0.000268431 0.0106497 0.00133447 0.00708099 0.736451 0.0236305 0.00507916 1.20483e-06 0.00519981 0.0538514 2.63323e-07 4.06949e-07 
2.95232e-05 8.08952e-06 1.08191e-07 0.00838357 2.43218e-05 0.0014396 0.00235958 1.3103e-06 0.0189333 0.000530972 0.00640704 0.00040604 0.0428423 0.019258 0.0841375 7.50659e-08 0.815239 
0.0533312 8.42013e-06 3.705e-05 0.0059314 0.00300368 0.0351952 0.0121241 0.0159501 0.00981974 0.798666 0.000478248 0.000287185 1.26651e-07 0.0216508 0.0435096 2.76803e-08 7.34638e-06 
0.00456675 0.00396989 0.00426647 0.10196 0.0956503 0.0277294 0.00953221 0.00104199 0.120099 0.127322 0.0313338 0.00147273 0.00401835 0.159963 0.298638 0.000832966 0.00760363 
0.00106353 0.000323273 8.74924e-11 0.110264 0.00443055 0.00173138 0.208824 2.89674e-11 0.516884 0.000987941 0.0281694 0.000143147 0.00024306 0.118741 0.00819457 1.45811e-11 2.25341e-11 
2.95232e-05 8.08952e-06 1.08191e-07 0.00838357 2.43218e-05 0.0014396 0.00235958 1.3103e-06 0.0189333 0.000530972 0.00640704 0.00040604 0.0428423 0.019258 0.0841375 7.50659e-08 0.815239 
5.869e-10 1.46327e-09 2.55604e-09 1.63444e-05 0.000983118 9.29527e-07 9.20682e-06 8.46265e-10 0.00531109 0.993666 1.04234e-09 2.5112e-07 1.36629e-06 7.15821e-06 4.48605e-06 4.25978e-10 3.95651e-07 
4.23304e-06 0.00303311 3.73181e-10 0.76561 1.36537e-05 0.0100478 8.785e-11 0.180974 9.65269e-08 0.0403153 1.52181e-10 8.71573e-07 2.84562e-10 2.40983e-07 5.45013e-07 6.21927e-11 9.61148e-11 
0.0545052 0.00384059 0.0026787 0.00811982 0.0426484 0.625966 0.00190683 0.0187636 0.0797339 0.048571 0.00197623 0.00011607 0.0208793 0.0700381 0.0191915 4.2311e-05 0.00102203 
0.0216165 4.08167e-11 2.19679e-07 0.0116825 0.619521 0.0272184 0.0582355 1.10569e-06 0.00705595 1.52151e-11 2.7822e-08 3.13755e-08 5.43675e-11 0.254634 3.55104e-05 1.18823e-11 1.83634e-11 
6.31301e-06 0.01482 2.87292e-10 2.06483e-06 0.016654 0.033506 1.31211e-06 8.12317e-06 1.80207e-06 0.928896 5.49475e-06 2.79458e-10 2.19069e-10 0.00293516 0.00316234 4.78788e-11 1.28016e-06 
0.0193868 0.000120929 0.000131103 0.0244921 0.05151 0.0157552 0.000340815 0.000812371 0.00231612 0.750107 4.65483e-05 0.0255268 1.78755e-05 0.0222315 0.0052484 4.32647e-07 0.0819561 
0.00436606 0.000472108 0.00212509 0.553297 0.00406228 0.0152228 0.000674376 0.0201945 0.160238 2.77797e-05 6.14324e-05 0.000552765 1.63626e-07 0.237463 0.00124244 3.57613e-08 5.52668e-08 
0.00759904 0.015953 0.000255405 0.53451 0.00117793 0.00436151 0.00963808 0.00242338 0.226343 0.036943 0.00443467 0.00223928 0.000116961 0.113536 0.0400813 5.92716e-08 0.000387705 
0.0047393 4.3004e-06 1.36701e-05 0.0115515 0.0148576 0.0819653 0.766711 7.37334e-06 0.0501958 0.00278832 2.55745e-05 1.36159e-05 1.85505e-06 0.0206975 0.0464215 1.38288e-07 5.64949e-06 
0.00889472 0.000584096 3.47353e-12 0.0052532 0.0481064 0.00782243 0.00253272 0.00534939 0.0603411 0.349346 0.44735 0.00145984 2.31282e-06 0.0175264 0.0451885 5.78882e-13 0.000243596 
0.000181913 1.4859e-08 0.000738059 0.093605 0.00373019 0.0662344 0.00229225 6.97114e-08 0.0140657 0.0678931 5.4788e-05 0.0010531 1.48542e-05 0.0181802 0.728839 3.2445e-09 0.00311761 
0.0818864 0.000799197 0.00640893 0.0184849 0.0354392 0.0305891 0.00314792 0.00728408 0.193126 0.0255977 0.00144052 0.00239244 0.00241892 0.146774 0.418911 0.000263983 0.0250353 
0.00171744 0.034251 0.0332125 0.0510269 0.0118377 0.0849317 0.00358925 0.000317555 0.141205 0.0569344 0.000274955 0.00863696 0.136759 0.19824 0.231015 0.000123011 0.00592824 
0.0228992 0.000458646 8.64514e-06 0.000215331 0.0298143 0.0422229 0.00047126 0.00905564 0.0216522 0.74647 0.00160632 0.000714088 1.6404e-06 0.105443 0.018883 1.40983e-06 8.23058e-05 
0.00100968 0.117313 0.00100677 0.146477 0.0197936 0.0177783 0.329411 0.000230628 0.0539362 0.0124732 0.0025473 0.0190013 0.0001489 0.0909944 0.187767 2.43848e-05 8.66652e-05 
4.96587e-06 0.384592 5.00877e-09 0.0273866 0.00732827 9.93969e-06 0.000748304 9.49834e-07 0.0763097 0.333346 4.03519e-05 4.68056e-05 3.81934e-09 0.0355913 0.134591 8.34739e-10 3.46802e-06 
0.00446312 5.23752e-08 6.94769e-05 0.00480713 0.0121135 0.00014053 2.15373e-08 0.000307095 0.0104544 0.958571 0.00311822 0.000263312 6.97633e-08 0.00262592 0.00286002 1.52472e-08 0.000206423 
2.95232e-05 8.08952e-06 1.08191e-07 0.00838357 2.43218e-05 0.0014396 0.00235958 1.3103e-06 0.0189333 0.000530972 0.00640704 0.00040604 0.0428423 0.019258 0.0841375 7.50659e-08 0.815239 
8.67165e-08 4.38347e-06 2.84702e-07 0.965805 6.82067e-08 0.00339562 0.00646307 8.40743e-08 0.00030113 2.97646e-07 0.000333326 1.19356e-06 0.000137759 0.00459156 0.0189657 5.76412e-11 8.90807e-11 
0.000200208 5.4887e-05 0.00011979 0.0040199 0.00934251 0.0089537 0.000243222 0.000391455 0.0133807 0.934849 6.34859e-05 3.25952e-05 0.0053118 0.00929026 0.0124488 1.68328e-07 0.00129739 
0.00519542 1.94435e-05 0.00780755 0.00993878 0.121943 0.0744554 0.0509702 0.0867714 0.0703398 0.49146 4.96761e-05 6.94623e-05 4.77477e-05 0.0765623 0.0043179 8.63548e-06 4.34701e-05 
0.00311979 0.00035984 0.000248164 0.00103662 0.0480711 0.0016297 0.000626516 0.00268328 0.00872373 0.924229 5.55692e-05 0.000359491 4.54241e-06 0.0039323 0.00383785 5.55619e-08 0.00108279 
0.0424248 0.00529892 0.00200978 0.023739 0.0423051 0.0221177 0.00386008 0.00622984 0.0330149 0.638173 0.00936194 0.0390608 0.00039894 0.0865124 0.0447097 0.000100276 0.000682916 
0.000563949 2.35841e-09 0.0262369 5.07442e-06 0.0234593 0.0523354 6.93099e-06 3.20558e-05 0.0580687 0.703342 1.67998e-09 2.13437e-05 8.09631e-06 0.0436557 0.0922642 6.86567e-10 1.95548e-07 
0.0751923 0.00855935 0.000473029 0.0787651 0.0789089 0.00186474 0.00365378 0.640307 0.0141243 0.0680758 0.010779 9.57491e-07 7.50584e-07 0.0181355 0.00106711 1.64045e-07 9.20725e-05 
0.000411736 9.25238e-05 8.07703e-08 0.000726681 0.00158975 0.00593191 0.000481073 2.67418e-08 0.00579651 0.00100662 0.000375524 0.981607 6.15898e-08 1.69856e-05 0.00159545 1.34608e-08 0.000368231 
0.000802415 0.000168501 6.16297e-08 2.37225e-05 0.0431296 0.00373087 0.00154754 0.00114109 0.623097 0.00876676 3.54785e-08 0.000493673 1.54718e-05 0.315945 0.00113793 3.05387e-08 5.90154e-07 
0.159924 1.70021e-10 5.10858e-06 0.0234282 0.0906763 5.1406e-11 0.0343072 0.00802652 0.280185 0.293263 9.10776e-06 2.88894e-10 2.26466e-10 0.0636058 0.0465694 4.94954e-11 1.14814e-07 
1.31501e-05 1.47421e-06 0.0216366 0.200795 0.0188128 4.10227e-06 0.0846536 3.88866e-06 0.0755462 0.0474374 1.0805e-05 0.0037838 0.000288427 0.491527 0.0553191 5.09863e-10 0.000166375 
0.0549641 0.00853978 0.000874559 0.0754391 0.0136454 6.12598e-05 0.00599839 0.000213971 0.0347856 0.536405 0.219109 1.51252e-05 0.000782382 0.0361681 0.0129867 5.36229e-08 1.14185e-05 
0.0206256 0.243002 9.65268e-05 0.0130064 0.093168 0.0136779 0.0053723 0.00263644 0.0209997 0.0448641 0.0288873 0.00298563 6.18743e-06 0.0393519 0.049228 3.71007e-06 0.422088 
0.201963 8.2581e-08 0.00354712 0.0194085 0.529215 8.64689e-08 0.0264438 0.0517569 2.82025e-07 0.015211 8.03445e-08 1.95071e-07 0.0718551 0.0805988 1.79358e-07 2.93142e-12 8.01914e-08 
0.0151738 0.0505502 2.4668e-09 0.769447 0.00965276 0.000199192 0.00201107 0.000686651 0.000386622 0.101697 0.00027084 4.06527e-05 9.49949e-08 0.0197116 0.030173 4.11106e-10 1.75102e-08 
2.8747e-06 3.2397e-07 7.15101e-07 0.00150159 0.0587427 0.0057963 0.210415 5.35889e-06 0.0400113 0.47172 0.000598736 7.40167e-07 3.03842e-10 0.0828261 0.128379 6.64064e-11 1.02627e-10 
0.0024507 1.02107e-07 0.157187 0.00911226 0.00778878 0.00647815 0.0516499 0.000110803 0.0860797 0.00730148 0.00144076 0.00192445 3.67622e-07 0.663876 0.00458813 2.71382e-11 1.15267e-05 
0.0136471 0.000170358 3.15864e-05 0.000515287 0.000926747 0.0538388 8.30467e-05 0.000254764 0.0298408 0.860716 0.00882283 0.000819402 1.07914e-06 0.0266619 0.00323426 5.96461e-07 0.00043527 
0.0273094 1.72106e-05 1.46291e-06 0.384027 0.0435352 0.00934802 0.00778544 0.00141527 0.149904 0.000648767 0.0183189 0.00187303 4.41676e-08 0.308979 0.0467232 1.63621e-08 0.000113327 
0.0908659 0.00107067 1.50276e-05 0.0340565 0.16886 0.00879034 0.000683526 0.0425438 0.0827725 0.518778 0.000649033 0.00343179 0.000125267 0.0400407 0.00696296 3.99147e-09 0.00035446 
8.67165e-08 4.38347e-06 2.84702e-07 0.965805 6.82067e-08 0.00339562 0.00646307 8.40743e-08 0.00030113 2.97646e-07 0.000333326 1.19356e-06 0.000137759 0.00459156 0.0189657 5.76412e-11 8.90807e-11 
5.88481e-06 7.80874e-06 0.000134773 2.01457e-08 0.0034689 0.0034759 2.75163e-08 8.17266e-05 2.02331e-05 0.983872 7.05097e-05 1.137e-07 0.00443271 5.51228e-06 0.00120336 1.94799e-08 0.00322093 
0.00308278 0.000486347 0.000115933 0.0168302 0.015989 0.366706 0.000756398 0.0100112 0.139579 0.371117 0.00237598 0.00442512 0.000199578 0.0324936 0.0356105 1.42142e-05 0.000207412 
0.0524187 0.00227232 0.0222931 0.014428 0.104931 7.39794e-06 0.00267932 0.000173806 0.019352 0.647745 8.10908e-05 0.000150891 1.65515e-05 0.132176 0.00112976 1.26447e-08 0.000144715 
1.63703e-05 2.52021e-08 4.40231e-08 7.58744e-09 0.0644292 1.28962e-05 1.03634e-08 1.86062e-05 0.00571226 0.929732 1.79523e-08 4.28226e-08 6.79353e-05 1.60675e-06 6.79796e-06 7.33669e-09 2.1956e-06 
0.00400377 1.14457e-07 2.98363e-11 4.11905e-07 0.0769937 2.07095e-07 1.93159e-07 0.000602898 0.045744 0.826351 8.40759e-07 9.7519e-07 2.27511e-11 0.0054521 0.0408499 4.97238e-12 7.2242e-08 
1.0742e-06 6.33405e-05 1.88325e-07 0.38341 0.00288639 0.18777 0.369582 2.16936e-05 0.00316628 0.0077004 0.000327681 1.51919e-07 3.91202e-06 0.0449241 0.000142678 1.08516e-09 3.16813e-07 
0.0035475 3.21266e-06 2.49532e-06 0.00294234 0.00868529 0.024865 5.52438e-06 0.00221312 0.0298384 0.622575 2.20882e-05 6.84573e-06 0.280949 0.00246863 0.0101299 5.34628e-08 0.0117461 
0.012068 2.68242e-05 0.00972969 0.00337296 0.158676 0.0330739 0.0331949 0.000708906 0.0380296 0.596709 0.0919751 0.000206978 2.21096e-07 0.00436163 0.0170346 1.76145e-07 0.00083143 
2.36048e-06 1.25267e-09 0.000105067 1.31389e-06 1.47163e-06 0.0531193 8.75694e-06 7.24467e-10 0.194325 0.598995 5.30198e-07 2.12849e-09 0.00225709 0.0767023 0.0744821 3.64669e-10 5.63573e-10 
0.019426 0.000203634 0.00174294 0.0871154 0.0220074 0.0483622 0.138589 0.00189115 0.0537851 0.479257 0.0734662 1.3614e-05 0.00389747 0.023242 0.0468262 1.85991e-09 0.000174927 
0.0202501 0.000224277 0.000295538 0.18919 0.00744371 0.0272808 0.0189515 0.000438248 0.0245254 0.499035 0.00342031 0.000396454 0.0789654 0.0709733 0.0424088 6.01685e-05 0.0161417 
0.00129941 2.0865e-05 0.00206631 0.107658 3.07318e-06 0.0555998 0.0154109 2.09781e-06 0.465498 3.56047e-07 0.323517 1.44379e-05 1.27225e-06 0.00346126 0.0254136 1.17442e-08 3.35166e-05 
0.0459602 0.000428777 0.000118022 0.086355 0.0435406 0.0384856 0.0140478 0.0219255 0.418269 0.233635 0.00427102 0.000432319 0.00482712 0.0666625 0.020983 1.35922e-05 4.5587e-05 
1.1056e-11 2.75649e-11 0.000405227 0.0494608 3.9936e-05 8.33431e-12 0.000725625 0.000242601 0.267578 1.02753e-11 1.96355e-11 0.0441467 3.67162e-11 0.635881 0.00152055 8.02455e-12 1.24014e-11 
2.07687e-05 4.76506e-08 3.51445e-05 1.43459e-08 0.213401 4.0602e-06 1.95945e-08 2.75582e-08 3.07802e-06 0.785107 3.80372e-05 0.0012637 7.54319e-05 3.17588e-05 1.80982e-05 1.38718e-08 1.52647e-06 
0.00140327 0.000125873 2.04376e-06 0.0761984 1.38893e-07 0.00303882 0.00150627 3.43547e-07 0.0626687 0.00364581 6.47206e-07 0.00256822 4.39215e-10 0.269933 0.578908 9.5993e-11 2.15425e-07 
0.0161849 0.000181762 4.13136e-07 0.0164222 0.01105 0.0641987 0.00640596 3.34283e-06 0.0487567 0.090737 0.437162 1.37935e-06 4.19518e-07 0.258435 0.0503944 6.88513e-08 6.59125e-05 
0.00866524 0.000128664 5.44199e-05 0.00644568 0.244385 0.0301589 0.011887 0.002345 0.37356 0.210319 0.0273887 0.0010324 6.2549e-06 0.0247805 0.0588035 1.06108e-07 3.96774e-05 
0.0380058 0.000606362 0.00217714 0.00839662 0.0891386 0.0570015 0.000527283 0.0103821 0.0602401 0.40654 0.0564808 0.00213088 0.000601234 0.104639 0.16225 0.00024366 0.000638699 
0.00748293 0.000479633 1.22545e-05 0.000183482 0.410312 5.81464e-05 0.0004321 3.30959e-07 0.0484478 0.000601858 0.0008036 9.72361e-07 9.94568e-05 9.13347e-05 0.530994 1.66592e-07 2.57457e-07 
0.126087 0.000256226 0.000117821 0.094146 0.294744 0.00551017 0.011792 0.00480913 0.0603431 0.0809514 0.000197076 0.234006 1.5602e-05 0.066493 0.0205211 4.36748e-07 9.923e-06 
0.0981327 8.43557e-05 3.95342e-06 0.0684091 0.0396512 0.0332524 0.0032382 0.00565346 0.392378 0.15036 0.0243363 0.0039543 5.57192e-06 0.102632 0.0778407 6.10641e-07 6.69425e-05 
1.31077e-09 0.000106867 2.86e-06 0.119085 1.03446e-06 6.13615e-05 0.0150638 1.89003e-09 0.383241 0.125939 1.1642e-05 5.55292e-09 4.35297e-09 0.356474 1.32366e-05 9.51368e-10 1.47028e-09 
0.0307429 4.2978e-05 1.83902e-11 0.0195641 0.882829 0.00390025 0.00110574 0.0015397 0.0141588 0.000151253 0.0426229 2.3541e-05 1.40231e-11 0.00158905 0.0017301 3.06482e-12 4.73648e-12 
0.0956916 0.00208215 8.22078e-10 1.77251e-05 0.0444723 0.235134 0.0157341 2.72177e-10 8.69829e-06 0.408382 0.194458 7.9966e-10 6.26859e-10 0.00401189 7.24522e-06 1.37004e-10 2.1173e-10 
0.0328157 2.57666e-05 2.07102e-06 0.219474 0.0653022 0.00838496 0.0091657 0.00212252 0.224683 0.000972685 0.0254862 0.000298026 3.50012e-08 0.341013 0.0700841 1.29107e-08 0.000169931 
0.000808163 0.00174668 0.000196841 0.00903278 0.0147025 0.00114166 9.83313e-05 0.000525862 0.00618972 0.934229 0.00825494 5.1384e-08 4.02803e-08 0.0154418 0.00760846 8.80349e-09 2.3124e-05 
1.48435e-05 2.98724e-06 5.21293e-09 0.819667 2.71573e-05 1.67837e-05 1.47272e-05 1.72592e-09 0.0139154 0.000134272 0.0242511 5.07077e-09 3.97502e-09 0.126283 0.0156728 8.68763e-10 1.34262e-09 
2.53018e-07 2.91229e-07 2.51936e-10 0.134718 2.61307e-05 0.0156401 1.4715e-05 2.48733e-08 0.521077 5.37629e-11 0.304651 2.45066e-10 9.71856e-08 0.01948 0.00439267 4.19865e-11 4.43019e-09 
0.0211569 1.82543e-05 0.669533 0.00287318 0.011669 0.000573041 0.000830768 0.000192133 0.0159112 0.0220194 7.11457e-05 0.00331937 2.7136e-05 0.0160117 0.235524 2.93006e-06 0.000267178 
1.13738e-07 2.65952e-05 0.00127416 8.20109e-07 0.00246482 0.00110795 1.47827e-06 0.0017132 7.33236e-08 0.943531 1.20707e-06 2.69626e-07 6.81612e-06 1.93015e-07 0.0495281 4.91422e-08 0.000342902 
0.00111187 0.000106163 4.46128e-06 0.860879 0.000292919 0.00528841 0.00179538 5.39448e-05 0.0128151 0.00171349 0.0734983 6.68548e-06 5.42595e-05 0.00311968 0.0276662 4.58263e-07 0.0115941 
1.88762e-05 5.30945e-05 2.10738e-08 8.82633e-05 2.79932e-05 3.28652e-06 2.53058e-05 6.97721e-09 4.05847e-05 0.997528 0.00191213 2.04991e-08 4.66173e-05 7.61051e-05 0.000179251 3.51207e-09 5.42767e-09 
0.00765162 7.26173e-05 5.02528e-05 0.611054 0.00151908 0.0138204 6.20274e-05 0.000184895 0.0283628 0.0426178 0.00684834 0.00013777 1.31599e-05 0.268711 0.0186037 5.89328e-07 0.000289872 
0.0104678 2.69343e-06 5.36196e-06 0.356927 0.052178 0.00531297 0.000770745 0.00113522 0.326124 0.00651354 0.00701568 6.39801e-08 8.99869e-09 0.221285 0.0122625 1.96672e-09 3.03943e-09 
0.00867625 0.00124863 2.08043e-05 0.00240649 0.0204392 0.00278904 0.000138088 0.00174557 0.0328144 0.794099 0.0596067 0.00200058 7.18682e-05 0.0456533 0.0281871 6.29395e-07 0.000102287 
0.0244899 0.000490125 0.00275245 0.0227858 0.0119189 0.0350574 0.0370577 0.000170527 0.111707 0.113511 0.0483383 0.00375969 3.26242e-05 0.585283 0.00258031 9.95562e-10 6.5257e-05 
0.00225512 0.000254712 3.23567e-06 0.0569379 0.029786 0.0875962 0.0423458 0.00042264 0.0737971 0.0854978 0.0207627 0.00937401 3.71334e-07 0.590896 2.51886e-07 3.41012e-10 6.98181e-05 
0.0286114 1.02938e-07 2.19171e-06 2.38395e-06 0.145488 0.203988 0.0241641 0.0203964 0.0469592 0.497536 0.0328498 7.86482e-07 7.53503e-07 5.98819e-07 6.19012e-07 2.99368e-11 7.40707e-08 
0.00636403 8.48777e-07 7.52254e-09 0.0419418 0.00661338 0.221501 0.00409428 0.000481366 0.115006 0.494272 0.00298598 5.07497e-06 3.84394e-07 0.0827201 0.023988 1.25367e-09 2.68096e-05 
3.52279e-06 0.000853286 0.072453 0.186378 0.04142 4.82136e-06 0.0923295 1.41714e-06 0.289366 0.0954875 1.1169e-06 0.0191049 2.21711e-07 0.182299 0.0202982 3.33454e-08 5.15332e-08 
0.000456318 0.000265082 3.25264e-05 0.00236204 0.0257641 0.144912 0.00130938 0.000498197 0.087729 0.424619 5.83956e-05 0.00566276 1.90228e-05 0.115886 0.189111 1.96142e-08 0.00131483 
0.00068285 0.000673749 0.00415297 0.020511 0.00498679 0.0721974 0.0322441 9.85012e-05 0.0301576 0.00213784 0.000315969 4.32449e-05 1.78274e-05 0.791476 0.0347111 3.89972e-06 0.00558927 
0.0112822 0.000191032 0.00011476 0.0121047 0.0876888 0.00600888 0.223373 0.00102683 0.0733788 0.0078879 0.479737 0.000232107 0.0548812 0.0277946 0.0142563 2.11005e-05 2.11725e-05 
0.190915 6.56185e-05 2.87307e-08 0.0591648 0.0950481 9.6911e-05 0.00154667 0.00380716 0.048699 0.00482733 0.390977 1.71054e-06 0.000124069 0.0701036 0.00329418 4.78812e-09 0.131329 
0.00889472 0.000584096 3.47353e-12 0.0052532 0.0481064 0.00782243 0.00253272 0.00534939 0.0603411 0.349346 0.44735 0.00145984 2.31282e-06 0.0175264 0.0451885 5.78882e-13 0.000243596 
0.0990529 0.00096104 0.000307466 0.0565388 0.00227843 0.189765 0.0190562 0.000488575 0.107131 0.136019 0.000418463 9.16611e-05 0.0670145 0.231818 0.0860006 8.65591e-05 0.00297217 
0.0173422 0.000492053 4.63154e-07 0.00108347 0.119302 2.80864e-07 0.000315757 0.000390302 0.00133428 0.0179489 5.74359e-08 0.808047 2.17122e-10 0.0334781 0.000265218 4.74534e-11 7.33361e-11 
0.000343555 3.3279e-05 0.0109242 0.000603128 0.00871919 0.690146 0.000625667 0.00679616 0.130102 0.00849886 5.75601e-05 0.00309847 0.000102542 0.137965 0.00152592 2.77886e-05 0.000430606 
0.0619446 6.13608e-06 6.35367e-06 0.00139254 0.121285 0.0191585 0.000863425 0.00369298 0.0230065 0.178175 2.71325e-05 0.00336539 4.84486e-06 0.584227 0.00253583 1.05887e-06 0.000307005 
0.0688319 0.0293021 2.48886e-06 0.103391 0.00713649 0.0102242 0.00225412 0.00718087 0.00808944 0.506231 0.0503041 0.000612917 4.69851e-05 0.0782879 0.127515 1.47083e-06 0.000587948 
0.0493267 0.000329697 0.000104631 4.39715e-06 0.0851124 0.000191097 4.61461e-08 0.0148052 0.000163128 0.833995 7.99381e-08 0.0128383 1.49476e-07 0.00213563 0.000993611 3.26688e-08 5.04874e-08 
0.0168858 1.03545e-05 3.69043e-07 0.0861702 0.0207148 0.006724 0.0230914 3.0552e-07 0.281873 0.211268 0.0178761 0.000919118 0.0129196 0.259194 0.0616124 1.92708e-07 0.000740738 
0.0307429 4.2978e-05 1.83902e-11 0.0195641 0.882829 0.00390025 0.00110574 0.0015397 0.0141588 0.000151253 0.0426229 2.3541e-05 1.40231e-11 0.00158905 0.0017301 3.06482e-12 4.73648e-12 
