0.0477417 0.00397178 0.000464391 0.0167052 0.484098 0.00817289 0.00974286 0.244356 0.048283 0.00592145 0.00143292 0.0032926 0.000961283 0.0468447 0.00579334 0.0720869 0.000130791 
0.00148069 0.000190116 0.000597495 0.0442828 0.106675 0.0100304 0.000581556 0.000556354 0.522153 0.0435902 0.00516432 0.0101074 2.2731e-06 0.115515 0.134623 0.00444967 1.66765e-06 
0.0230596 8.72224e-08 2.58775e-10 0.0301904 0.0570017 0.00376901 0.00676307 0.000307499 0.367683 0.0192623 0.0146383 1.85828e-07 1.02506e-07 0.477189 2.1014e-05 0.000114841 6.66488e-11 
0.0052832 0.00141071 0.00508267 0.00749246 0.0286439 0.23711 0.00250877 0.00694003 0.280435 0.267789 0.00337527 0.00260676 0.0476228 0.0297487 0.0628422 0.010288 0.000820424 
0.00351968 2.89052e-05 0.000220979 0.807041 0.00101992 0.00377601 0.0046027 1.80723e-05 0.0195176 0.00311134 0.00813985 2.70949e-05 0.109474 0.00297253 0.0365214 8.13509e-06 3.34305e-09 
0.00474637 5.06545e-07 0.000230552 0.0709161 0.00693996 0.000718497 0.0868195 0.000231672 0.549712 0.00141754 0.00106352 2.02094e-07 2.19461e-08 0.198923 0.0781439 0.000136836 6.17925e-09 
0.138896 5.15868e-05 3.52876e-05 0.126931 0.139275 0.00300071 0.00437963 0.00291439 0.245437 0.0547541 0.000755117 0.00334821 2.61898e-06 0.189962 0.0868358 0.0034214 2.64364e-11 
0.268944 4.54389e-07 1.24929e-09 0.0381091 0.270106 1.15819e-06 0.050363 6.03882e-07 0.120083 6.78805e-05 0.0889571 1.21598e-06 7.13429e-08 0.163363 3.00598e-06 8.58669e-07 3.21762e-10 
0.000185048 9.6807e-05 4.70622e-05 0.0250582 0.00709458 0.00138625 0.00308221 5.95324e-05 0.130428 0.0172289 0.757281 2.97086e-05 6.3446e-06 0.0332418 0.00892544 0.0158426 6.31873e-06 
0.0644831 0.00486882 0.00045377 0.0133721 0.506311 0.0121751 0.00503313 0.0285598 0.0974814 0.0747075 0.00610272 0.00350874 0.00171054 0.0410573 0.0785023 0.0613076 0.000365572 
0.00400346 5.05546e-07 1.50408e-06 0.874679 0.00328507 2.97896e-06 0.0410183 7.95129e-07 0.016925 0.00191573 0.000233485 2.61888e-05 2.32277e-07 0.00403172 0.053836 4.03236e-05 1.62028e-07 
0.044611 7.3842e-10 6.55053e-07 0.000589154 0.490249 0.137288 0.00150256 0.0509327 0.0275165 0.000163932 0.0818034 0.00106887 9.8357e-10 0.162389 0.000394591 0.00148987 3.32214e-10 
0.0729011 0.00433944 0.00031173 0.0120981 0.659914 0.00749693 0.00272287 0.0122699 0.0827114 0.0531381 0.0066625 0.00218273 0.00433095 0.0288333 0.0358566 0.0141195 0.000110968 
0.112218 0.001008 0.000315095 0.0866308 0.192006 0.0382574 0.0939285 0.0107572 0.139606 0.101888 0.0310261 0.000604431 3.46841e-07 0.154095 0.0376413 1.67962e-05 8.83972e-08 
0.0324044 0.00927032 0.000267803 0.0392797 0.129491 0.00779155 0.00067005 0.0876089 0.143936 0.323073 0.00620944 0.000169595 0.00114165 0.00703536 0.0654343 0.146134 8.27675e-05 
0.0301062 0.000625474 0.000187304 0.141884 0.102778 0.0109146 0.0257667 0.00865939 0.492275 0.0673098 0.00357594 0.00212156 0.000238134 0.0799051 0.0304686 0.00307622 0.000108721 
0.367492 0.000321402 0.00997613 0.0038369 0.0331683 0.00170922 0.0108214 0.00873885 0.351608 0.0196201 0.00418427 0.000119472 0.000103355 0.169141 0.0115866 0.00751668 5.58794e-05 
0.208514 0.000905812 0.000760976 0.106241 0.25991 0.000781428 0.00742763 0.0218749 0.0269938 0.291669 0.013367 0.0113843 1.53511e-06 0.0121603 0.0081372 0.0298701 3.48627e-07 
0.0125127 0.00288617 1.46672e-05 0.150305 0.146119 0.0215523 0.0147459 0.0316971 0.297692 0.00819202 0.0117878 0.00223905 2.89353e-05 0.251648 0.0371158 0.0114498 1.33909e-05 
0.0107456 1.26244e-05 1.06457e-05 0.746368 0.002415 0.00049312 8.14552e-05 1.38444e-05 0.202755 0.0365274 5.66645e-06 4.64163e-05 1.84706e-06 0.000488104 3.00607e-05 4.26092e-06 6.2387e-07 
1.41192e-06 1.65016e-06 4.03718e-07 0.0394981 0.094272 0.302551 0.516312 2.22732e-07 0.0436545 3.69092e-07 7.83595e-11 0.00369884 1.46524e-10 5.8688e-06 2.2572e-06 1.19451e-06 4.94904e-11 
0.00568469 0.00165499 0.000687386 0.0332056 0.0960965 0.0585113 0.0159909 0.00312017 0.305443 0.301551 0.00979568 0.0163913 0.00240093 0.0396925 0.104754 0.00477046 0.000249934 
0.000383092 0.000118649 0.000775199 0.151196 0.000678335 0.199388 0.137982 7.35986e-05 0.246529 5.93729e-06 0.00908749 9.80923e-08 2.14957e-09 0.0120047 0.241282 0.000496003 1.68282e-09 
0.0594838 0.00380059 0.000945804 0.0202216 0.416338 0.0602297 0.0339356 0.0553159 0.0951084 0.0510305 0.00190682 0.00832636 0.000492852 0.078683 0.0428561 0.0710133 0.000311508 
0.0392387 0.00116701 0.00157907 0.0050077 0.0243748 0.00841567 0.00097044 0.00624697 0.799496 0.0250304 0.00635038 0.000134556 0.000166965 0.0260878 0.0454363 0.0102222 7.46085e-05 
0.0567883 0.000227426 1.96889e-05 0.00107686 0.394045 0.019244 0.013769 0.00131738 0.0776336 0.005102 0.00484697 0.00147473 8.62008e-06 0.360929 0.00433953 0.0591738 4.5836e-06 
0.0406926 0.000857979 2.01408e-05 0.31539 0.0893605 0.023274 0.0108255 0.001317 0.136965 0.0187551 0.00738606 0.00170561 2.20655e-05 0.291173 0.061906 0.0003499 2.96339e-08 
0.0302377 0.000616853 0.00370993 0.00756237 0.279902 0.0010848 0.0174517 0.098682 0.215165 0.186677 0.000542092 0.0149316 3.44212e-05 0.118351 9.40647e-05 0.0249431 1.33176e-05 
0.00136766 1.10926e-05 6.72103e-05 0.0297246 0.000975924 0.000441066 0.00442057 1.07702e-05 0.0139061 0.0301711 0.911478 4.95954e-05 1.30723e-07 0.00210204 0.00527398 2.53269e-07 4.41536e-08 
0.000277957 2.28324e-07 1.07347e-06 0.000206084 0.0064787 0.646225 0.000854791 0.00215055 0.0215551 0.00979259 0.00181554 1.71094e-07 8.3408e-07 0.310363 9.16563e-05 0.000186919 2.1172e-08 
0.0189128 8.04594e-09 5.11293e-10 0.000877249 0.0255198 0.0013734 6.65184e-05 0.000643652 0.00291112 0.000408936 0.000922415 2.05312e-05 1.89813e-12 0.00216194 0.000310248 0.945871 6.41119e-13 
0.0189128 8.04594e-09 5.11293e-10 0.000877249 0.0255198 0.0013734 6.65184e-05 0.000643652 0.00291112 0.000408936 0.000922415 2.05312e-05 1.89813e-12 0.00216194 0.000310248 0.945871 6.41119e-13 
0.00446705 0.00162374 0.000513715 0.0333605 0.0499117 0.0636865 0.00177371 0.00134064 0.106556 0.469905 0.00217325 0.00922686 0.00335949 0.119963 0.0333443 0.0986547 0.00013882 
0.0137297 0.00084013 3.45529e-05 1.96717e-05 0.921755 0.00018777 0.000307346 0.0334904 0.0159954 0.00331072 2.7259e-06 0.000823573 2.80265e-05 0.00203664 0.000801839 0.00663519 1.49301e-06 
0.00717454 0.0015041 2.48175e-05 0.0312171 0.0590121 0.025313 0.726205 0.0191942 0.0304428 0.00158312 0.00627651 7.91145e-05 0.000951521 0.0658931 0.024228 0.000878467 2.24765e-05 
0.00233609 0.00345818 0.0107836 0.0207438 0.0348279 0.211796 0.0462977 0.00996311 0.156868 0.00358817 0.0042287 0.000676722 8.16973e-05 0.46022 0.0267969 0.00728157 5.22902e-05 
0.0218063 9.87277e-05 0.00157805 0.00834331 0.685629 0.0127729 0.00597893 0.0179729 0.0395088 0.16316 0.00571029 0.00724444 3.08679e-05 0.0210941 0.00564143 0.00340924 2.08509e-05 
0.0107487 0.000726047 0.000279193 0.0477763 0.0803859 0.0282396 0.0625358 0.0118719 0.0739454 0.487961 0.00229238 0.00508537 0.000112835 0.0474693 0.132989 0.00757095 1.0514e-05 
0.0139807 0.000169078 0.00103543 0.0678653 0.0792055 0.00415042 0.0429377 0.00359431 0.668469 0.00363266 0.00225518 3.41773e-05 6.83866e-05 0.0500129 0.0468421 0.0157463 1.08274e-06 
0.109577 0.00152425 0.0155725 0.023241 0.319688 0.0111956 0.00848595 0.318666 0.0821273 0.0149054 0.00288151 0.00403146 0.00210249 0.0431506 0.0154478 0.027281 0.000122112 
0.0102341 0.000570286 0.30759 0.111249 0.000616531 0.00141317 0.00643075 2.44302e-05 0.0575 0.000880316 0.454799 0.000271667 2.29385e-08 0.0266144 0.0218057 7.18143e-07 7.74779e-09 
0.00117414 0.000292062 1.06841e-07 0.388019 0.00893816 0.0304401 0.511854 0.00353692 0.0347019 0.00207913 0.0120071 2.91717e-06 3.55268e-09 0.00462914 2.26034e-06 0.00232368 1.19997e-09 
0.013512 0.00417117 0.000192998 0.158122 0.0643394 0.048021 0.405302 0.000587654 0.0846724 0.0445732 0.0825498 0.0078139 4.36963e-05 0.0532861 0.0120268 0.020758 2.76822e-05 
0.000746705 1.57396e-07 2.7494e-07 2.0578e-05 0.0118701 4.69545e-05 0.00389647 1.07396e-05 0.0310613 0.819886 0.000164831 0.115502 1.7468e-05 0.0167116 6.35135e-05 3.83795e-07 7.08121e-08 
0.0199699 0.000788734 2.0365e-05 0.0414902 0.00523775 0.570716 0.0145781 0.00602322 0.219631 0.0182915 0.000294945 0.00269985 4.76776e-05 0.0752019 0.0227565 0.00224311 9.83367e-06 
0.00098108 2.17304e-05 8.20143e-05 0.038962 0.0115474 0.0700876 0.0387227 0.000144286 0.644405 0.0167531 0.0205406 0.000648007 1.03101e-05 0.0869467 0.068817 0.0013297 4.31118e-07 
0.0289795 0.00175041 0.000100161 0.0550721 0.115332 0.0343042 0.0329319 0.00528937 0.348903 0.0120129 0.101307 0.00375147 0.000251109 0.0296575 0.228682 0.00162966 4.54654e-05 
0.0719858 4.23453e-05 0.00192548 0.0335282 0.505187 0.00137114 0.0214155 0.14739 0.057902 0.0241328 0.00282827 0.000538549 0.00113398 0.106374 0.0223758 0.00184648 2.26347e-05 
0.0964372 8.86151e-07 6.4906e-07 0.0985942 0.156843 0.0405116 0.0617611 0.000936411 0.053959 0.468454 0.00684973 3.47305e-06 7.85331e-10 0.00745723 0.00819133 3.04131e-07 2.65256e-10 
9.78737e-06 7.56034e-07 3.57029e-05 0.0800849 0.0262477 0.00120794 5.19752e-07 8.45048e-05 0.119653 0.00238609 0.00447538 2.49715e-05 1.51585e-06 0.757553 0.000597029 0.00763733 3.31779e-07 
0.0304707 0.000627472 1.27154e-05 0.0371031 0.457912 0.00923851 0.0366037 0.00160902 0.263459 0.0137606 0.00155667 9.83723e-05 6.98823e-05 0.076753 0.0162937 0.0544277 3.09422e-06 
0.242831 0.00135408 1.9702e-05 0.0387384 0.356925 0.0150274 0.0148253 0.193474 0.0209812 0.00831796 0.00249006 0.000233876 3.21379e-07 0.0660263 0.00299269 0.0357626 1.38657e-07 
0.00101281 0.00233566 1.76584e-05 0.128004 0.0512229 0.149373 0.203996 0.0102439 0.0822446 0.00557246 0.0254124 0.0102909 0.000172109 0.215935 0.0348778 0.079281 7.20541e-06 
0.0186929 0.00100409 0.000892079 0.0384198 0.0503016 0.0953917 0.015415 0.0044785 0.0855391 0.096684 0.00996784 0.00170658 0.0032291 0.165471 0.411164 0.00127169 0.000371173 
0.000605114 2.20091e-05 3.28336e-05 0.124893 0.00232544 0.017455 0.00449372 0.0001638 0.410789 0.00361873 0.121539 2.15801e-05 7.33642e-06 0.000628881 0.313398 6.66707e-06 2.86968e-09 
0.0039569 6.26025e-06 3.18545e-05 0.265786 0.00709979 0.00814605 0.0262415 0.00109492 0.496319 0.00537765 0.0110586 6.0256e-06 6.80225e-05 0.042345 0.1296 0.0028634 1.72156e-07 
0.0133701 4.8709e-05 2.29413e-05 0.000626965 0.086177 0.0266168 0.00305458 0.00106502 0.361013 0.00148213 0.000750503 0.110377 6.13668e-06 0.365795 0.00682513 0.0227674 1.64567e-06 
0.0468517 0.00280342 2.56208e-07 0.0233893 0.261853 0.00490545 0.000579773 0.0545735 0.0883351 0.0151289 0.128119 4.32023e-05 9.3778e-06 0.373408 5.40955e-07 9.12516e-08 4.70519e-11 
0.0198293 0.00108838 0.00148589 0.0575515 0.0145616 0.00449285 0.0115056 0.00154769 0.357993 5.58975e-05 0.00789751 0.000123852 4.67641e-06 0.420246 0.0617352 0.0398759 4.43979e-06 
7.16852e-06 6.88673e-07 7.92187e-08 0.011941 0.38564 0.205414 0.0535739 0.00273702 0.250231 0.0735857 4.08039e-06 0.00288329 5.51254e-07 2.50984e-07 0.0139814 9.97773e-08 4.51099e-09 
0.0246125 6.61729e-05 0.000169378 0.000492341 0.307872 0.00592031 0.000842954 0.0705781 0.0836687 0.00234909 0.00951096 1.1219e-05 2.27128e-07 0.341252 0.0231513 0.129502 2.62934e-09 
0.0189128 8.04594e-09 5.11293e-10 0.000877249 0.0255198 0.0013734 6.65184e-05 0.000643652 0.00291112 0.000408936 0.000922415 2.05312e-05 1.89813e-12 0.00216194 0.000310248 0.945871 6.41119e-13 
0.00182146 3.75765e-06 0.000430978 1.01317e-05 0.0752244 0.000179398 0.00244212 0.00718618 0.0100167 0.89376 0.000370385 9.96061e-06 4.84284e-06 0.00440955 0.000252443 0.00387537 2.54529e-06 
0.338197 0.049524 1.10019e-06 1.99094e-05 0.38525 5.32974e-07 4.57265e-06 1.67469e-06 0.0783743 0.0270929 2.989e-10 0.0582064 5.73449e-05 0.0632643 4.61021e-06 1.69805e-06 1.8878e-10 
0.0144824 0.00171075 1.78982e-05 0.33215 0.0357609 0.020572 0.0132363 0.00339526 0.0952119 0.0253834 0.00120861 0.0010515 0.00035962 0.441089 0.0134467 0.000915528 7.60702e-06 
0.0125785 6.06469e-06 0.00847146 0.444857 0.00611484 0.0257858 0.214593 0.00154549 0.0968348 5.35755e-05 0.000823746 8.43872e-06 0.115947 0.0624011 0.00982076 0.000156782 1.26827e-06 
0.087772 4.47402e-05 0.0151279 0.0213654 0.678327 0.000460866 0.0462655 0.0567195 0.0217649 0.000138809 0.000187777 6.87148e-07 5.98407e-07 0.00766855 0.00175923 0.0623964 5.9352e-10 
0.00173437 6.65288e-06 3.42815e-07 0.60662 3.49923e-07 0.0134455 0.00823065 8.86315e-05 0.0256522 0.00101881 0.000238185 4.04377e-06 4.16601e-07 0.256152 0.0868082 4.7707e-08 3.6177e-11 
0.0154538 0.0124672 0.00378611 0.0655977 0.0608444 0.00535167 0.00833243 0.00209979 0.61821 0.045926 0.0154113 0.000291231 0.00608269 0.0884922 0.033146 0.0184864 2.12444e-05 
0.00238288 3.33093e-07 1.92876e-05 2.64736e-05 0.0431101 0.0911016 0.057438 0.0459722 0.00620878 0.671406 9.73774e-05 5.65981e-07 0.00139207 0.000604108 0.0398485 0.0403911 1.49858e-07 
0.00878055 0.00168552 0.000527555 0.043751 0.0431763 0.0591611 0.00115629 0.00344938 0.30102 0.0431502 0.112949 0.00141362 0.00170267 0.0342948 0.342232 0.00141512 0.000135721 
6.20696e-05 5.23321e-05 1.04574e-06 0.000578208 0.00119663 0.272688 0.00373417 0.000606832 0.425187 0.000740331 5.94295e-09 0.00231155 8.10406e-07 0.290615 0.00220496 2.11104e-05 4.93606e-09 
0.00619096 0.000944636 0.000257235 0.0147983 0.128294 0.0440371 0.0257571 0.00270335 0.0436191 0.373642 0.0346507 0.00755192 0.0106162 0.0856027 0.219909 0.00122778 0.000198021 
0.00190139 0.000127916 1.03519e-07 0.0168946 0.00112826 0.0136067 0.0197593 8.69472e-07 0.0372129 0.0144542 0.861234 4.30651e-05 1.43684e-07 0.0203642 0.013272 2.67178e-08 6.54856e-10 
0.000450691 2.81305e-05 1.34208e-05 0.0380634 0.0126043 0.035647 0.00109685 0.000645805 0.120488 0.712439 0.0423737 8.0244e-05 5.89231e-05 0.000627282 0.0329359 0.0024476 6.76521e-07 
0.015885 0.0120281 0.00106511 0.0480361 0.27429 0.0289846 0.0363452 0.0282462 0.116057 0.0709218 0.0044117 0.0304539 0.0145112 0.267599 0.0308755 0.0196647 0.000624621 
0.0280197 0.00169682 9.83779e-05 0.020286 0.0498633 0.254683 0.0314966 0.0143287 0.0595038 0.50157 0.0033672 0.0108503 0.000126136 0.0126853 0.0111232 0.000272571 2.88699e-05 
0.0167592 0.000447768 0.000100251 0.037797 0.103566 0.0630964 0.0588676 0.00508318 0.181388 0.00558431 0.000779418 0.00113792 0.000856956 0.486865 0.0291824 0.00843932 4.96491e-05 
0.00247642 0.00018375 5.94268e-05 0.765557 0.0356895 0.0388913 0.00144647 0.032086 0.0873897 0.00152358 0.000736226 0.00010765 2.87575e-12 0.000402317 0.0333505 0.000100556 9.71324e-13 
0.00112905 4.45674e-05 3.58992e-05 0.955881 0.0115193 0.00100365 7.81581e-05 0.0246113 5.62038e-05 0.00267239 1.31144e-07 3.16206e-06 1.79148e-12 2.38929e-06 0.00296312 3.89118e-08 6.05098e-13 
0.0114764 0.00302469 0.000433619 0.000769013 0.00774032 0.00986959 0.00236591 0.0010256 0.643281 0.00920803 0.000153371 0.000661365 0.000458122 0.298283 0.00878823 0.00242642 3.52378e-05 
0.0386433 6.61077e-05 5.81807e-05 0.208833 0.0960584 0.0059562 0.000692161 0.0167012 0.180986 0.0154077 0.326821 1.22333e-05 0.000848427 0.00403542 0.0735119 0.0313582 1.00251e-05 
0.0364912 0.000379294 0.000212957 0.015759 0.308332 0.0122892 0.00361271 0.00614026 0.0794957 0.0447976 0.00166413 0.336397 0.00011111 0.110353 0.0123458 0.0316139 5.20278e-06 
0.0227332 0.000162948 8.4525e-07 0.00129364 0.52402 0.000289601 0.0107203 0.289952 0.0169701 5.75422e-05 0.0867906 0.000135607 3.35149e-07 0.0212381 0.00250762 0.0231282 4.40341e-08 
0.0465926 0.000292446 0.00105635 0.0458053 0.0569515 0.0220951 0.00894955 0.00257041 0.147393 0.00679818 0.155505 0.000343696 0.000486495 0.0942528 0.397001 0.0136324 0.000273895 
0.0521342 3.05823e-07 2.23836e-07 0.0861059 0.264754 0.00303836 0.124795 0.00830815 0.0969926 0.0147595 0.000722641 0.00332641 5.69354e-11 0.12384 0.0102055 0.211017 1.92307e-11 
0.0328299 2.75336e-05 1.01299e-05 0.0641896 0.107097 4.8005e-05 0.00229566 0.133854 0.0874385 0.552483 0.000986659 5.69092e-05 1.26769e-05 0.0184853 8.84848e-05 9.37077e-05 2.36746e-06 
0.0146018 0.000586255 0.00200008 0.0435216 0.0588818 0.0758332 0.285499 0.000602825 0.183187 0.12614 0.00618976 0.00232983 0.000629613 0.141329 0.023833 0.0347893 4.52547e-05 
0.00316922 2.73024e-06 2.35818e-08 0.00196196 0.0312033 0.000741913 1.94316e-07 0.00213176 0.842543 0.000331377 0.00942532 2.08234e-08 6.63201e-08 0.107868 0.000620014 3.60336e-07 9.09815e-09 
0.0143457 2.27509e-09 3.97413e-09 0.0439074 4.71682e-06 0.000388524 0.000918084 1.31577e-09 0.919677 4.61188e-06 0.00672798 3.86576e-09 3.03039e-09 0.0137571 0.000230937 3.81968e-05 1.02356e-09 
0.000605114 2.20091e-05 3.28336e-05 0.124893 0.00232544 0.017455 0.00449372 0.0001638 0.410789 0.00361873 0.121539 2.15801e-05 7.33642e-06 0.000628881 0.313398 6.66707e-06 2.86968e-09 
0.136852 0.000807134 0.000141022 0.0376867 0.0963609 0.0247151 0.00595556 0.0117391 0.363335 0.113573 0.00189597 0.000536177 0.000113975 0.172178 0.0187524 0.0153281 3.01919e-05 
0.0275158 0.00169418 5.76477e-05 0.55907 0.0165292 0.00963412 0.0411665 0.000859062 0.197342 0.0181185 0.0124818 0.000378712 0.000195717 0.0849897 0.0271323 0.00283393 8.4576e-07 
0.0496025 2.29739e-07 2.99749e-05 0.00685146 0.760891 7.86373e-07 0.00656661 0.0103388 0.0247928 0.00857082 8.76473e-07 0.00646824 5.42797e-05 0.0967058 4.39251e-07 0.0291257 1.79662e-08 
0.0196596 0.00699745 3.20472e-05 0.30346 0.0422383 0.000758628 0.0136758 0.0054618 0.422514 0.0819295 0.021751 0.00387431 0.000125118 0.0672274 0.00482766 0.00545289 1.4189e-05 
0.00980702 0.00406122 0.000755878 0.0738982 0.0847035 0.0464353 0.0347983 0.00883258 0.322121 0.236049 0.0105289 0.00122407 0.000835054 0.108949 0.0436985 0.0131126 0.000190147 
0.103412 2.35185e-05 0.0358769 0.00937922 0.0147155 0.000365444 0.106207 5.97733e-05 0.153099 0.206797 0.0816682 0.0112097 0.000149019 0.0756184 0.2013 0.000119256 8.38312e-07 
0.00648517 0.00487175 0.000148908 0.355478 0.110471 0.00596948 0.00946155 0.00243561 0.165072 0.124143 0.0694982 0.000326868 5.40091e-05 0.0992097 0.0402668 0.00606257 4.57038e-05 
0.007187 0.00873311 0.000120725 0.0123946 0.0755459 0.0618937 0.0317109 0.0483821 0.151284 0.490769 0.00380625 0.00231511 1.9603e-05 0.0849284 0.0201462 0.000752644 1.02186e-05 
5.47497e-06 4.41668e-07 1.51102e-05 0.944425 0.000177813 0.000908044 0.000142255 1.4911e-06 0.0056551 8.82548e-05 0.0249148 9.5653e-09 4.41304e-06 0.00616209 0.0174993 5.26093e-07 2.53266e-09 
0.00341854 1.73192e-05 0.000153932 0.858324 0.00199893 0.00967467 0.00199383 0.000212933 0.0406542 0.00136645 0.00361125 0.000172663 0.0371888 0.00948307 0.0314436 0.000284475 8.67084e-07 
0.00887548 0.000583036 0.00148815 0.0185685 0.0782536 0.0175497 0.00370888 0.00898186 0.539415 0.110189 0.000256881 0.00164838 0.00112497 0.184914 0.018166 0.00620311 7.42779e-05 
0.0292543 0.000200708 0.00420593 0.0180338 0.200854 0.183031 0.0010348 0.0573039 0.0673767 0.00305848 0.000957769 0.00142514 0.0383338 0.346862 0.0167003 0.0311737 0.000193555 
0.0233433 1.28581e-06 0.00233637 0.204447 0.0688344 0.00455308 0.0125501 0.0013997 0.205263 0.0396252 0.0505119 3.37292e-06 1.50222e-10 0.377975 0.00915636 1.28078e-07 5.07397e-11 
0.0258395 1.91025e-11 1.40654e-08 9.88307e-06 0.513916 0.00114824 0.0578344 0.394089 0.00024472 0.00127789 3.81996e-06 6.85596e-05 2.54443e-11 0.0025411 0.00207577 0.00095173 8.59418e-12 
0.0257056 0.1249 0.0579784 0.0368473 0.0402823 0.000647536 0.0116266 0.00280361 0.0222651 0.449453 0.0211273 0.0292199 2.24635e-05 0.120667 0.0343746 0.0220722 7.81267e-06 
0.0125785 6.06469e-06 0.00847146 0.444857 0.00611484 0.0257858 0.214593 0.00154549 0.0968348 5.35755e-05 0.000823746 8.43872e-06 0.115947 0.0624011 0.00982076 0.000156782 1.26827e-06 
0.140576 0.0230017 1.71542e-08 0.00115735 0.115199 0.0685475 0.0170871 6.37872e-06 0.0103314 0.450699 0.138291 3.30978e-05 8.11124e-06 0.00340675 0.0316536 2.05345e-06 4.41816e-09 
0.00107575 0.00104485 0.000184735 0.0120091 0.0439585 0.00446829 0.0112275 0.000268304 0.471768 2.2916e-07 0.000142197 0.00158485 3.72432e-05 0.414346 0.0378411 4.42223e-05 3.01244e-08 
0.223875 0.00888651 0.00240971 0.0338126 0.307763 0.0104744 0.0147855 0.0498373 0.102537 0.0700212 0.00594884 0.00618428 0.000666373 0.0604949 0.0197805 0.0821757 0.000347494 
0.033628 0.000140011 5.12344e-05 0.0458833 0.502019 0.0139839 0.0129016 5.35753e-05 0.00262156 0.188471 0.00641457 0.0154136 3.47966e-07 0.17662 0.000653618 0.00114403 1.1753e-07 
0.13652 0.000665535 0.00480442 0.0152785 0.630278 0.0136931 0.00355213 0.00468849 0.0175289 0.00854365 0.0104307 0.00796558 3.10445e-06 0.108983 0.0272807 0.00978411 9.33898e-09 
0.0386433 6.61077e-05 5.81807e-05 0.208833 0.0960584 0.0059562 0.000692161 0.0167012 0.180986 0.0154077 0.326821 1.22333e-05 0.000848427 0.00403542 0.0735119 0.0313582 1.00251e-05 
0.0103459 0.00339752 0.000102779 0.0165724 0.111079 0.0132973 0.0364987 0.00564239 0.225399 0.0503698 0.000103463 0.00491052 0.000129902 0.486447 0.025461 0.0102182 2.47265e-05 
7.59384e-06 9.5858e-08 0.000110684 0.124142 9.98061e-06 0.0111923 0.00969312 1.69958e-05 0.634991 8.29415e-07 0.016816 1.39399e-07 9.5486e-09 0.00689572 0.194662 0.0014611 1.62931e-09 
0.00696831 8.67188e-12 3.63706e-08 4.3235e-07 5.39989e-07 6.95343e-07 0.00585279 1.87075e-07 0.0922059 0.000638869 8.03113e-08 2.60824e-07 1.15509e-11 0.894332 1.10025e-07 8.73505e-08 3.90147e-12 
0.0125785 6.06469e-06 0.00847146 0.444857 0.00611484 0.0257858 0.214593 0.00154549 0.0968348 5.35755e-05 0.000823746 8.43872e-06 0.115947 0.0624011 0.00982076 0.000156782 1.26827e-06 
0.000967912 0.000198934 0.000249535 0.152151 0.0128442 0.0266436 0.657029 0.00153536 0.0708541 0.00867027 0.000380082 0.00406227 0.00171293 0.0288967 0.0336677 0.000104889 3.11224e-05 
0.00514234 0.000786049 8.91517e-05 0.013409 0.640325 0.092027 0.00599787 0.020473 0.0152231 0.0947671 0.00030621 0.027677 3.60373e-05 0.0513109 0.0267451 0.00566077 2.43949e-05 
0.00402516 3.13496e-08 5.47616e-08 9.12202e-06 0.0720058 1.40289e-05 0.00412439 7.67995e-06 0.727197 0.109356 8.54188e-06 0.000481774 4.17574e-08 0.0827595 9.39433e-06 1.78401e-06 1.41041e-08 
0.0151117 0.000594823 0.000881489 0.0261179 0.0164515 0.422364 0.0106258 0.00954036 0.120056 0.2755 0.00215778 0.00220786 8.6003e-05 0.0714519 0.026633 0.000176934 4.29032e-05 
0.000160812 3.99574e-06 3.09434e-08 0.000426477 0.0311775 0.00159508 0.00366011 0.0143877 0.0948787 0.00431731 1.50562e-05 0.000137549 6.16469e-08 0.842167 0.00470971 0.00236341 1.2891e-08 
0.00247642 0.00018375 5.94268e-05 0.765557 0.0356895 0.0388913 0.00144647 0.032086 0.0873897 0.00152358 0.000736226 0.00010765 2.87575e-12 0.000402317 0.0333505 0.000100556 9.71324e-13 
0.0366566 0.000217945 1.78193e-08 0.266426 0.0902019 3.47119e-05 0.0930112 4.97886e-05 0.0495403 0.438043 0.00452953 1.73334e-08 1.35878e-08 0.00156718 0.0193357 0.000386086 4.58946e-09 
0.592903 0.000485367 0.00710692 8.1179e-05 0.33674 0.00970544 1.18619e-08 0.00970257 0.00758474 0.00210375 0.00119362 1.33373e-07 2.49042e-08 0.0261341 0.00625869 4.82709e-08 4.80976e-12 
0.0312275 0.000814793 6.30203e-05 0.00793069 0.622841 0.0156076 0.000222788 0.0409842 0.163435 0.057174 1.08906e-06 1.50366e-05 5.37353e-08 0.00185014 0.0372476 0.0205857 2.4506e-08 
0.00115494 7.28799e-06 1.26576e-05 0.0316548 0.00172251 0.0350264 0.00503566 0.000281987 0.320439 0.00857171 0.132265 0.000342451 9.35804e-06 0.0221403 0.441266 6.31345e-05 6.37691e-06 
0.0392338 0.00110369 0.00406874 0.0102254 0.385762 0.0615308 0.0168548 0.0464696 0.0694149 0.0273697 0.00496342 0.000660213 8.75867e-05 0.0579064 0.0235822 0.250711 5.60263e-05 
7.39279e-05 3.07841e-07 3.81053e-06 0.0559543 7.88216e-05 0.00233692 0.000922492 5.54498e-06 0.105568 1.12637e-05 0.0763251 1.01259e-09 7.93774e-10 0.00190994 0.756809 5.59716e-07 2.68108e-10 
0.020007 0.00662208 0.0024772 0.0993331 0.081325 0.128492 0.0916558 0.00523138 0.255681 0.0311577 0.0150186 0.00240434 0.00103992 0.151484 0.0959893 0.0116143 0.000467056 
0.0196375 0.00142134 0.000358791 0.00214729 0.282773 2.5077e-07 1.76349e-06 0.674672 0.0171503 0.000439308 1.02012e-07 9.60628e-07 1.10254e-11 4.41171e-07 6.4863e-07 0.00139613 3.72397e-12 
8.7462e-05 5.47593e-06 3.92783e-10 0.000743781 0.000405122 0.0422749 0.911552 7.42534e-05 0.0186084 0.000118654 0.000817377 3.82071e-10 2.99509e-10 0.023343 7.66367e-06 0.0019623 1.01163e-10 
0.0330243 1.60599e-05 0.00125784 0.179251 0.00626138 0.00319409 0.0178379 3.82277e-05 0.0804096 0.00120086 0.545674 2.78869e-05 0.0018929 0.0285984 0.100885 0.000428657 2.0964e-06 
0.0222487 0.00785688 1.57912e-05 0.196133 0.144689 0.0050266 0.00465735 0.00721813 0.0775964 0.3351 0.00815393 0.00448507 0.027725 0.0221581 0.130137 0.00679883 1.22631e-07 
0.493442 0.000422247 0.000630625 0.0248843 0.288455 0.00854577 0.0065542 0.111912 0.00342212 0.00125427 0.00197845 0.000498505 2.20522e-05 0.0519121 4.89515e-06 0.00606134 5.98054e-07 
0.0189003 1.78161e-05 6.86594e-05 0.0474604 0.572745 0.0155511 0.0906427 0.00224513 0.0368447 0.000422438 1.37133e-05 0.000199996 9.09476e-11 0.213816 0.00106472 7.20143e-06 3.07188e-11 
0.000356822 0.000397422 0.00202879 0.0455262 0.0215739 0.271285 0.0142286 0.000847626 0.0803987 0.0484705 0.000401072 0.000128823 0.000155313 0.232532 0.28127 0.000361496 3.79602e-05 
0.0126369 0.000161462 0.000953487 0.262446 0.00725772 0.0325871 0.159795 0.000584343 0.284003 0.011744 0.00947172 0.000789145 0.000248914 0.111479 0.105139 0.000701162 1.06263e-06 
0.0797584 0.000156261 0.000859653 0.00709123 0.113714 0.0139869 0.000140982 0.116215 0.354186 0.119365 0.0140443 4.79046e-05 0.000286275 0.153777 0.00893043 0.0174409 6.09633e-07 
0.00834058 0.00221113 0.00017628 0.737717 0.0135784 0.0040782 0.00677631 0.000964239 0.0738781 0.0219937 0.0375962 0.00147396 0.0262919 0.0116231 0.0456735 0.00761496 1.26702e-05 
0.00598892 0.000358376 0.00189128 0.040169 0.0288126 0.0178665 0.0642725 0.00415945 0.538244 0.02869 0.0775388 0.00145301 0.00300859 0.145374 0.0234539 0.0186621 5.70978e-05 
0.0844359 0.00113449 0.00490393 0.0399347 0.113587 0.0042125 0.00452921 0.221077 0.182227 0.0606781 0.000694323 0.0242289 0.00238359 0.207588 0.0409608 0.00740697 1.83914e-05 
0.0110551 0.000164187 0.000106948 0.0428549 0.127334 0.00573458 0.0619551 0.191768 0.175926 0.228263 0.00864538 3.85316e-05 1.38829e-05 0.133374 0.0120323 0.000733703 4.01182e-07 
0.0262294 0.000955193 0.00083471 0.0784543 0.0758208 0.0200464 0.00470829 0.00540027 0.457 0.0327978 0.0698397 0.000713342 2.2017e-05 0.163555 0.0455259 0.0180887 7.81093e-06 
0.00534181 0.000234067 1.57352e-05 0.0174368 0.023594 0.0205939 0.00129918 0.00112211 0.633903 0.0235821 0.00103315 0.0498103 1.58955e-05 0.192239 0.0285996 0.00117561 3.73284e-06 
0.0025346 4.36256e-08 0.000119938 0.0309289 0.0107885 0.00334911 0.0637618 0.000564436 0.776543 0.00149642 0.00402491 2.5199e-08 1.18165e-11 0.091159 0.0147297 2.07381e-10 3.99117e-12 
0.035717 0.00356734 0.00580203 0.0158768 0.0740512 0.038932 0.0316066 0.000512631 0.132038 0.479715 0.0048588 0.000851516 0.00085507 0.123871 0.0448528 0.00682495 6.76076e-05 
0.0184608 0.00141033 0.0224072 0.0611655 0.0700039 0.105563 0.00385133 0.171994 0.0494294 0.210435 0.000519521 0.0050186 0.0966798 0.0739661 0.107089 0.00177509 0.000230462 
0.0741296 0.00069043 0.00481448 0.0482234 0.329844 0.0421081 0.00493545 0.0376279 0.099224 0.0183195 0.0284538 0.00538093 0.00657492 0.231171 0.0677057 0.000796742 1.26087e-07 
0.00150913 0.00125036 0.000960417 0.329325 0.217195 0.00208978 0.0291501 0.00160664 0.156992 0.0481282 0.1071 0.00211916 5.34957e-07 9.80392e-07 0.0882965 0.0142746 5.17017e-07 
0.00932877 0.00453605 6.08315e-08 0.252045 0.0386101 0.000767161 0.066331 0.000189429 0.5203 0.0467854 0.00131076 0.00384395 1.79363e-07 0.0426029 0.0129319 0.000417157 1.03582e-08 
0.00945708 0.00154097 1.51872e-05 0.0132603 0.0491493 0.00235774 0.000788898 0.00639673 0.12937 0.667201 0.0232447 7.86447e-05 0.000157732 0.0362406 0.00701052 0.0537201 9.98107e-06 
0.0133284 2.49345e-05 2.18183e-06 0.75886 0.0292624 0.00417901 0.0363683 0.0188277 0.0474678 0.00202564 0.0106016 1.97326e-05 3.33253e-06 0.0693548 0.00537395 0.00429956 4.82887e-07 
0.00552378 4.83785e-08 1.49768e-09 0.0180283 0.603554 0.0231788 0.0268131 0.00104783 0.0152593 0.000375647 6.10745e-10 9.29951e-07 1.14203e-09 0.127968 0.000136176 0.178114 3.85735e-10 
0.00321088 9.26831e-08 0.00923437 0.0336297 0.0765668 0.0642406 0.0434491 0.000325631 0.437487 5.2532e-05 0.0110967 7.31415e-07 6.48774e-11 0.269289 0.0500293 0.00138716 2.19133e-11 
0.000160812 3.99574e-06 3.09434e-08 0.000426477 0.0311775 0.00159508 0.00366011 0.0143877 0.0948787 0.00431731 1.50562e-05 0.000137549 6.16469e-08 0.842167 0.00470971 0.00236341 1.2891e-08 
0.00177756 2.66597e-05 0.000165712 7.39166e-05 0.0111922 0.000475558 0.000193025 0.945372 0.0159796 0.00029192 2.53065e-05 6.7561e-05 5.08142e-05 0.0157232 0.000173727 0.00839393 1.77199e-05 
0.0131447 0.000126266 1.0622e-05 0.0635672 0.00452592 0.0104867 0.00180409 0.000763457 0.703514 0.00326051 0.0656949 7.4152e-06 1.24736e-05 0.00317123 0.129846 6.36712e-05 2.75518e-09 
0.0450309 0.00232575 0.00200504 0.0161931 0.324121 0.0388563 0.00540044 0.210693 0.0425225 0.0329125 0.00478031 0.0435343 0.00459898 0.105809 0.0218944 0.0977757 0.00154631 
0.0257056 0.1249 0.0579784 0.0368473 0.0402823 0.000647536 0.0116266 0.00280361 0.0222651 0.449453 0.0211273 0.0292199 2.24635e-05 0.120667 0.0343746 0.0220722 7.81267e-06 
0.0702822 0.00079836 5.8975e-05 0.368037 0.0545093 0.00210739 0.00480539 0.0270555 0.237091 0.120776 0.00187691 0.00979771 0.000117139 0.0870336 0.0121363 0.00351207 4.73738e-06 
0.0552169 0.000277618 2.04755e-07 0.212826 0.0703194 0.0927392 0.00609303 0.00223938 0.0600112 0.0754982 0.13578 2.24596e-07 2.39921e-07 0.0490327 0.109815 0.130151 8.58117e-08 
0.027281 0.00113004 0.000187735 0.051243 0.021783 0.617756 0.0360352 0.000582954 0.0627587 0.0328023 0.00411533 7.37497e-07 1.06725e-06 0.0278649 0.116015 0.000441696 6.35121e-07 
0.00651078 0.00246189 0.000442877 0.00250214 0.0326764 0.0128666 0.0193355 0.634427 0.045605 0.0118089 0.000652957 0.00073288 0.000468289 0.0377184 0.0177664 0.174008 1.57144e-05 
0.0315873 0.0114059 0.00263882 0.0111444 0.146991 0.00282484 0.00110479 0.627801 0.0652045 0.0149807 0.00328073 0.00547888 0.00201184 0.0490543 0.00612648 0.0183184 4.6771e-05 
0.0225372 0.00107746 2.11347e-05 0.205797 0.212403 0.0688705 0.0470623 0.00238407 0.0961751 0.0152727 0.0285822 0.00149155 3.64774e-05 0.282778 0.0152429 0.000266169 1.90701e-06 
0.000123155 1.14258e-06 2.07979e-05 0.00250914 0.222009 0.000432839 0.00292636 0.00124249 0.58183 0.0512408 0.0178731 7.50986e-05 3.49752e-05 0.119605 2.79866e-05 4.78104e-05 5.14043e-07 
0.00189503 0.000504759 0.000135967 0.0639873 0.0277884 0.0297122 0.0251418 0.00421688 0.0220017 0.0141554 0.0240719 0.012596 8.04772e-05 0.0639121 0.696255 0.0135042 4.12507e-05 
0.000778117 2.18496e-10 9.73075e-08 0.0491498 0.00119929 0.000679511 0.0104144 1.13831e-06 0.707034 6.39033e-07 0.0475185 6.45926e-08 2.17138e-08 0.164047 0.00520276 0.0139746 9.83012e-11 
0.359747 0.000822779 4.61498e-07 0.0261108 0.376351 0.00200914 0.00122575 0.0231703 0.182284 0.00379936 0.012527 0.000580228 2.1237e-07 0.00957606 0.0009522 0.000844088 1.14215e-08 
1.85053e-06 1.74539e-06 3.01837e-10 0.0327381 0.024194 8.26927e-05 0.000130719 0.0502153 0.641278 1.9775e-06 2.53809e-05 2.93606e-10 2.3016e-10 0.251329 1.00567e-07 8.30046e-07 7.77397e-11 
0.0173695 2.99612e-10 7.46853e-09 0.00141288 0.930031 0.000429334 0.000510916 0.00662713 0.00624203 0.00746953 1.2272e-05 2.89162e-05 1.32605e-08 0.0290052 0.000826799 3.47399e-05 1.34795e-10 
3.83538e-07 8.03119e-09 0.000330485 0.0622063 0.0618347 0.0017347 8.87805e-06 0.709646 0.0670948 0.00499668 0.0619382 6.43724e-07 7.00961e-07 0.0296243 1.61872e-05 0.000567417 1.0275e-10 
0.00140703 0.00032934 0.0196739 0.0552119 0.0247587 0.231763 0.00389367 0.0103874 0.249224 0.0209499 0.0232035 0.000335708 6.84903e-05 0.0192914 0.338289 0.00115795 5.46809e-05 
0.000241156 5.30613e-06 7.40423e-05 0.00161344 3.87094e-05 0.000585138 0.000320943 5.10608e-09 0.00232762 9.77488e-05 0.990602 1.50017e-08 1.176e-08 0.000235399 0.00383952 1.92791e-05 3.97209e-09 
0.0154156 0.00689915 0.000149527 0.112221 0.036169 0.124525 0.0125988 0.00571912 0.411148 0.0128141 0.00607514 0.00121657 0.00064562 0.202694 0.0398567 0.0117841 6.82599e-05 
0.00696831 8.67188e-12 3.63706e-08 4.3235e-07 5.39989e-07 6.95343e-07 0.00585279 1.87075e-07 0.0922059 0.000638869 8.03113e-08 2.60824e-07 1.15509e-11 0.894332 1.10025e-07 8.73505e-08 3.90147e-12 
0.0314337 0.00691877 0.00046409 0.011683 0.600718 0.00175368 0.0107059 0.03196 0.0628558 0.0490988 0.00366494 0.000998683 0.000200248 0.0567196 0.00588293 0.124797 0.00014512 
0.000193656 3.45453e-05 0.868131 0.0175813 4.17584e-05 0.000307919 0.00943796 2.16983e-05 4.50152e-05 0.0973678 0.00134246 1.20784e-06 2.04439e-07 0.00241352 0.00307943 6.15821e-07 6.90522e-08 
0.0959198 0.00862351 0.000155016 0.235137 0.286758 0.027101 0.0535717 0.0221424 0.142167 0.0659221 0.00339452 0.00213437 0.000209236 0.0193946 0.00693895 0.0303205 0.000110319 
1.66482e-05 0.000343124 1.60317e-05 0.020055 0.0179141 0.0108436 0.0148189 7.18005e-06 0.00505959 0.860515 0.000774101 0.00250955 9.15415e-05 0.0662189 0.000702923 0.000106896 6.7506e-06 
0.0047985 0.00130874 0.000210936 0.007626 0.100413 0.0136431 0.00373171 0.000520893 0.0541983 0.793498 0.00116689 0.000828101 6.54206e-06 0.00569972 0.00874793 0.00359562 5.70054e-06 
0.000128874 3.18758e-09 5.56809e-09 0.0327028 8.40442e-05 0.774723 5.09905e-05 9.01493e-05 0.000437097 0.155614 0.000492958 5.41625e-09 4.24583e-09 0.0354035 0.000247717 2.46844e-05 1.43409e-09 
0.014442 0.00275493 0.00308243 0.0436801 0.0408964 0.0516383 0.0241823 0.00628595 0.421338 0.0135507 0.0199506 0.00243678 0.00246084 0.305754 0.0342508 0.0124837 0.000812155 
0.0124887 0.00859284 0.00994819 0.0698676 0.0289822 0.280775 0.00893091 0.00998272 0.180997 0.00606749 0.288369 0.00056517 0.000242697 0.0815027 0.0103983 0.00227684 1.27295e-05 
0.0247571 1.68694e-05 7.98781e-08 0.106521 0.0077507 0.0956115 0.00817872 0.000419719 0.46632 0.0390866 0.00650236 3.84077e-07 0.00609009 0.138957 0.0997103 7.7923e-05 2.82582e-08 
0.0552341 0.00367442 0.00149083 0.0110161 0.669596 0.0146729 0.00407388 0.0313163 0.0653179 0.0263233 0.00293123 0.00125328 0.000947448 0.0523202 0.0156646 0.0438061 0.000361589 
0.0559105 0.00769596 0.00536156 0.0235719 0.0239832 0.106946 0.00953852 0.00208473 0.16457 0.0789555 0.0114421 0.00197434 0.000758322 0.0739514 0.416375 0.0164227 0.00045793 
0.00125658 9.55325e-05 7.81757e-09 0.0594459 0.00187384 0.253028 0.0198669 8.26477e-05 0.462747 1.84343e-05 0.00202802 3.89786e-05 2.00174e-09 0.0767243 0.120635 0.00215844 1.56767e-09 
0.00320863 0.0805409 7.54766e-07 0.00536965 0.00478512 0.635988 0.0473867 0.00816209 0.0405977 0.119822 9.30318e-07 0.0164561 2.04787e-07 0.0209457 0.0167207 1.47378e-05 1.52652e-07 
0.0114341 0.00704928 0.00101213 0.0165789 0.0242159 0.076192 0.0013232 0.00795384 0.157442 0.0340504 0.0552788 0.00218775 0.00260746 0.0603151 0.511982 0.029689 0.000688014 
0.151086 0.0151405 0.000507079 0.0957485 0.440571 0.00123505 0.0034261 0.0639165 0.0632695 0.074417 0.00821567 0.0187084 2.4663e-05 0.0460717 0.0135326 0.00412991 4.90738e-08 
0.0248747 0.000974723 4.28086e-08 0.00218918 0.184378 0.0295771 0.00949214 0.179512 0.0803405 0.0446335 0.000378898 0.041477 5.76613e-07 0.25933 0.0334531 0.109389 1.06072e-10 
0.000581537 0.00114988 0.000277911 0.00124429 0.0163212 0.11539 0.0049325 0.00918548 0.353973 0.00253145 2.63744e-08 5.1926e-06 2.77825e-07 0.467697 0.0265338 0.000177219 8.93165e-09 
0.0589655 0.000187861 0.0234928 0.00270565 0.152871 0.000962868 0.0368898 0.00193985 0.229264 0.364953 0.016511 0.0034225 0.000253209 0.0361264 0.0696936 0.00161201 0.000148642 
0.00137653 0.000279292 6.00349e-05 0.241359 0.0174282 0.0144619 0.00935529 8.56571e-05 0.283803 0.00015689 0.0680865 2.73034e-08 9.19331e-09 0.0240645 0.33835 0.00113244 5.02869e-11 
1.8878e-05 0.000107272 6.18744e-05 0.0137426 0.0770902 0.00849723 3.91029e-05 0.00398466 0.0198754 0.861397 0.00299107 0.000318868 8.26249e-05 2.52959e-05 0.00901778 0.00274985 3.51898e-07 
0.00794165 0.000455057 0.000179555 0.0623809 0.0353787 0.093721 0.178674 0.00722173 0.365814 0.0467256 0.0087466 0.000302194 0.0208966 0.0556455 0.101501 0.0142425 0.000173292 
0.00696831 8.67188e-12 3.63706e-08 4.3235e-07 5.39989e-07 6.95343e-07 0.00585279 1.87075e-07 0.0922059 0.000638869 8.03113e-08 2.60824e-07 1.15509e-11 0.894332 1.10025e-07 8.73505e-08 3.90147e-12 
0.101269 1.66035e-05 0.000104333 0.00273666 0.196673 0.00371751 0.00174152 0.0234859 0.160423 0.197989 5.4288e-05 0.0012476 0.00239834 0.291332 0.011155 0.00563988 1.53548e-05 
0.0673075 6.39626e-05 0.000115734 0.0298601 0.0562755 0.0361849 0.0111818 0.00780424 0.123609 0.200621 0.000104276 0.000170475 0.000642088 0.0109422 0.447384 0.00768098 5.2305e-05 
0.0121191 0.00344675 6.77165e-07 0.508655 0.0104263 0.109927 0.0101161 0.000495814 0.000774941 0.0113982 0.055576 6.69956e-07 3.75148e-07 0.0257101 0.251352 1.64825e-06 1.13297e-07 
0.0694476 0.000585514 0.000133533 0.0174622 0.0803174 0.0902982 0.0171221 0.0158705 0.196995 0.00234393 0.000772734 7.1123e-05 4.82087e-05 0.434659 0.0231741 0.0506852 1.29792e-05 
0.0556679 0.00139956 0.00251102 0.00602526 0.19212 0.0106684 0.00473825 0.252211 0.0654137 0.0881497 0.00138624 0.00149677 0.000108928 0.0449882 0.0139439 0.259082 8.95541e-05 
0.0101567 0.000666728 0.000242329 0.00206815 0.00262906 0.00883468 0.00757517 0.0151291 0.102825 0.710075 0.00107015 0.00303174 4.24577e-07 0.0628784 0.00163349 0.0711833 1.43407e-07 
0.0384041 8.74537e-05 0.00114664 0.017692 0.204512 0.0572886 0.06715 0.0288917 0.14328 0.0514432 0.296752 0.00801887 2.13003e-05 0.0372811 0.0476155 0.00040439 1.09673e-05 
0.034323 0.000551485 1.95172e-07 0.11391 0.631886 0.000121386 0.00959271 0.0372131 0.0469195 0.0123196 0.025483 4.64585e-07 0.00113594 0.00411788 0.00324437 0.0791821 9.87629e-08 
0.0116876 0.00415601 5.10789e-05 0.0249214 0.0299256 0.00106716 0.394493 0.000450271 0.292261 0.122503 0.00676614 0.0104172 0.0023399 0.0942123 0.00470414 3.90265e-05 5.26364e-06 
0.00102113 1.42558e-07 0.00721348 0.0508501 0.0229795 0.0524657 0.0114967 0.000294488 0.243762 0.00022236 0.000251994 0.000651931 3.05006e-06 0.513234 0.0942303 0.00132327 1.10775e-08 
0.00191831 1.89166e-08 2.45567e-08 0.148678 0.00145987 0.00799594 0.00732 0.000120072 0.673667 0.000249296 0.054325 4.18822e-05 1.51473e-11 0.0880173 0.0161931 1.35413e-05 5.11623e-12 
0.0174242 0.00288129 0.000443514 0.023588 0.0865696 0.267195 0.0118811 0.00164701 0.331566 0.0412867 0.0250958 0.000562677 0.00499533 0.141288 0.0422952 0.000976445 0.000304292 
0.0725648 0.00239316 0.00172009 0.0176594 0.497019 0.0181368 0.0111731 0.0571508 0.0933542 0.0377135 0.00399104 0.00259562 0.00169264 0.0720471 0.0210741 0.0892191 0.000495614 
0.00197064 0.000172392 3.38233e-06 0.00112389 0.00036188 0.0211624 0.928455 0.000108513 0.0261959 0.000800919 0.000470387 7.6438e-06 4.37318e-06 0.0171889 0.00174647 0.000225769 1.23202e-06 
0.638562 0.000307694 4.46976e-05 0.00269975 0.223516 0.000212473 0.0003859 0.0517275 0.0339901 0.0211621 4.74106e-05 2.94584e-05 3.194e-05 0.0155684 0.00310978 0.00859231 1.20404e-05 
0.158361 0.000162349 0.0164251 0.00310644 0.731878 0.00164354 0.000148177 0.000906296 0.0183379 0.0021244 0.0272529 0.00270675 1.37884e-05 0.0199942 0.0169383 1.62587e-06 3.88165e-11 
0.00414815 0.000563782 0.0281486 0.00428167 0.113808 0.00280135 0.00305078 0.0369186 0.150748 0.527856 0.0027766 0.00172918 0.00406501 0.102721 0.00940839 0.00663756 0.000336179 
0.0134172 4.71686e-05 0.00184851 0.368055 0.0728641 0.0115235 0.0445246 0.0116377 0.206666 0.000446875 0.00403457 0.000290256 1.78464e-05 0.118524 0.135229 0.0108612 1.15146e-05 
0.00659692 1.95517e-05 0.000150881 0.302765 0.017124 0.00364595 0.129504 0.0103502 0.194639 5.3965e-05 0.00657547 0.000200812 0.00102032 0.145577 0.181767 5.79457e-06 4.59314e-06 
0.00339598 0.00264227 0.000157304 0.0102042 0.0180059 0.00505919 0.000689573 0.0122406 0.0695759 0.0031156 0.00290623 0.00133221 0.000372988 0.828361 0.0319447 0.00997815 1.79046e-05 
