0.00725828 0.00106987 0.000109553 0.0111072 0.0395966 0.0253214 0.0516074 0.00157636 0.575957 0.00474365 0.0170552 0.00147692 4.46331e-05 0.247205 0.0156645 0.000200336 6.0691e-06 
0.0134125 0.0001189 0.00361058 0.0372168 0.0493642 0.238702 0.145077 0.00276178 0.177296 0.0775099 0.00591941 0.002911 0.000599926 0.0865216 0.150908 0.0080421 2.84195e-05 
0.00270238 0.000235681 0.000170716 0.799424 0.0329979 0.00974972 0.0586357 0.000703974 0.0210057 0.00134248 0.000610067 5.20659e-06 4.86837e-05 0.0274238 0.0448144 0.000129345 4.11431e-07 
0.00247642 0.00018375 5.94268e-05 0.765557 0.0356895 0.0388913 0.00144647 0.032086 0.0873897 0.00152358 0.000736226 0.00010765 2.87575e-12 0.000402317 0.0333505 0.000100556 9.71324e-13 
0.0106486 2.95433e-05 4.23669e-06 0.00654586 0.00928957 0.130159 0.000804344 9.39864e-07 0.265215 0.193147 0.264498 1.29179e-06 0.000891072 0.000458167 0.1183 7.05994e-06 9.56548e-11 
0.0159914 3.84949e-05 2.47121e-05 0.0492077 0.586189 0.00148453 0.0436857 0.0119269 0.0266817 0.00336165 0.0183907 0.0312054 0.0279891 0.178022 0.00122977 0.00456377 6.84279e-06 
0.0382717 0.00148704 0.00879643 0.00407594 0.168265 0.0111268 0.00785169 0.0116863 0.133121 0.469562 0.010202 0.0041088 0.00691441 0.056054 0.0585169 0.00947436 0.000485925 
0.0912677 0.0443193 0.000140657 0.010499 0.237959 0.000421376 0.00378049 0.0368667 0.0330193 0.408745 0.00172938 8.20002e-05 0.0240238 0.0865781 0.00408558 0.0164212 6.14738e-05 
0.000701497 0.194559 0.00297048 0.00830387 0.0632791 0.0224056 0.00731124 0.000876541 0.0559994 0.0263567 0.00322348 0.00112492 0.000224644 0.0200546 0.58669 0.00575376 0.000164461 
0.0345649 5.27509e-05 6.65904e-06 0.002836 0.0893665 0.00505181 8.1624e-05 0.000406311 0.00854493 0.840722 0.00049854 7.13364e-06 0.0148266 0.00112232 0.00182306 8.34602e-05 5.27685e-06 
0.0273676 0.22716 0.00761868 0.00434675 0.0217755 0.0389023 0.0124347 0.0551866 0.072193 0.00415389 0.00367386 0.258766 0.000293518 0.223232 0.0142894 0.0285135 9.38748e-05 
0.00400346 5.05546e-07 1.50408e-06 0.874679 0.00328507 2.97896e-06 0.0410183 7.95129e-07 0.016925 0.00191573 0.000233485 2.61888e-05 2.32277e-07 0.00403172 0.053836 4.03236e-05 1.62028e-07 
0.0111651 0.000189507 1.88971e-12 0.00799348 0.0105348 0.204403 0.0289622 0.00181083 0.105249 6.62563e-08 0.00415563 3.12508e-08 1.44096e-12 0.0139962 6.37369e-08 0.61154 4.86704e-13 
0.0563261 0.000309509 1.41925e-05 0.417343 0.0105551 0.0241047 0.105373 0.00229302 0.0363146 0.0933251 0.00126276 0.000346343 1.43105e-05 0.202182 0.0502145 2.01017e-05 1.82003e-06 
0.0287985 4.71655e-05 1.92375e-11 0.0196756 0.883804 0.00392627 0.0010157 0.00214326 0.0133972 0.000153726 0.0435698 3.79036e-05 1.46692e-11 0.0017589 0.00167235 1.42683e-08 4.95472e-12 
0.0117735 0.00197095 0.000411057 0.0519217 0.0156091 0.030353 0.0423106 0.00401118 0.11513 0.00240802 0.022556 0.00318888 0.000317465 0.679184 0.0122862 0.00649684 7.10424e-05 
0.0429192 4.45759e-05 2.71438e-05 0.0288414 0.102933 0.00693424 0.000315243 0.00930771 0.488665 0.00367978 2.90852e-05 9.70159e-05 0.000221021 0.288143 0.0196122 0.0082278 2.1461e-06 
0.0663358 0.000574536 9.55555e-05 0.00272226 0.0739332 0.009813 0.0122214 0.00890219 0.209118 0.0225031 0.00114557 0.000546064 0.000244341 0.556602 0.0276671 0.00754824 2.66797e-05 
0.0125127 0.00288617 1.46672e-05 0.150305 0.146119 0.0215523 0.0147459 0.0316971 0.297692 0.00819202 0.0117878 0.00223905 2.89353e-05 0.251648 0.0371158 0.0114498 1.33909e-05 
0.00140462 7.42976e-05 3.2365e-07 0.0022369 0.000924011 0.00134454 0.973404 1.07155e-07 0.00061083 0.00504194 0.0107963 3.14824e-07 2.46793e-07 0.000478719 0.00296022 0.000722823 8.33577e-08 
0.00568469 0.00165499 0.000687386 0.0332056 0.0960965 0.0585113 0.0159909 0.00312017 0.305443 0.301551 0.00979568 0.0163913 0.00240093 0.0396925 0.104754 0.00477046 0.000249934 
0.00353962 1.29707e-05 1.06225e-05 0.0129847 0.0234313 0.000161879 0.0371299 0.00335758 0.0487001 0.678444 0.0520768 0.000177497 0.000328787 0.138522 0.00111797 3.27101e-06 1.85026e-06 
0.000114827 0.000733631 0.00013095 0.0461865 0.00099992 0.00250418 0.017373 3.90854e-05 0.0279456 0.0781783 0.678794 1.41579e-05 3.20115e-07 0.0115042 0.135479 2.67714e-06 1.08123e-07 
0.162664 0.000943601 0.000494292 0.0574934 0.373938 0.00874442 0.00029585 0.0373509 0.121713 0.0927307 0.00316471 0.000222349 0.0231637 0.0799941 0.0243081 0.0126965 8.30898e-05 
0.00351968 2.89052e-05 0.000220979 0.807041 0.00101992 0.00377601 0.0046027 1.80723e-05 0.0195176 0.00311134 0.00813985 2.70949e-05 0.109474 0.00297253 0.0365214 8.13509e-06 3.34305e-09 
0.283458 3.84354e-05 6.54146e-05 0.19325 0.0287473 0.00530032 0.007013 0.000455396 0.167457 0.0593751 0.0405398 0.000168294 1.82889e-06 0.135197 0.0789318 2.60981e-07 7.07007e-08 
0.1084 0.00119467 0.00027531 0.00694082 0.236702 0.0110422 0.00133529 0.000360343 0.209912 0.317145 0.000995824 0.0497932 0.0112833 0.0247757 0.0177542 0.00208157 8.44245e-06 
0.190067 0.106893 0.00346407 0.0557513 0.376095 0.052002 0.00829563 0.00984522 0.083156 0.0209735 0.0111876 0.00049737 0.000488785 0.0532904 0.00880481 0.019184 3.51881e-06 
0.0117885 4.78174e-05 6.61246e-07 0.0197393 0.149707 0.00619193 0.00134044 0.000562428 0.00775225 0.000641177 0.00073721 0.764861 7.1424e-08 0.0359588 0.000542034 0.000129912 2.41245e-08 
0.00887689 0.000209887 0.00129703 0.000523689 0.0491216 0.396038 0.000809464 0.000222471 0.384474 0.0160048 0.011221 7.53341e-05 2.75386e-05 0.0486303 0.0822636 0.000188493 1.56337e-05 
0.029484 5.09055e-05 0.00245422 0.0485198 0.0439228 0.0247437 0.0295911 0.00370188 0.114757 0.00279559 0.000802281 0.0109887 6.95983e-05 0.4802 0.202427 0.0054669 2.38763e-05 
0.000959859 0.000107402 0.000605261 0.0361928 0.0325944 0.0244638 0.00216793 0.00427203 0.399195 0.013561 0.0912797 0.00020535 5.49945e-06 0.000824887 0.391666 0.00189776 1.50812e-06 
0.0139807 0.000169078 0.00103543 0.0678653 0.0792055 0.00415042 0.0429377 0.00359431 0.668469 0.00363266 0.00225518 3.41773e-05 6.83866e-05 0.0500129 0.0468421 0.0157463 1.08274e-06 
0.00969549 0.00614181 0.00760571 0.163625 0.119896 0.0155506 0.0516562 0.00382042 0.223289 0.0323233 0.264771 0.00488015 0.00224172 0.0264911 0.0592822 0.00846164 0.000268605 
0.109577 0.00152425 0.0155725 0.023241 0.319688 0.0111956 0.00848595 0.318666 0.0821273 0.0149054 0.00288151 0.00403146 0.00210249 0.0431506 0.0154478 0.027281 0.000122112 
0.0102341 0.000570286 0.30759 0.111249 0.000616531 0.00141317 0.00643075 2.44302e-05 0.0575 0.000880316 0.454799 0.000271667 2.29385e-08 0.0266144 0.0218057 7.18143e-07 7.74779e-09 
0.0549764 0.000138407 1.60879e-05 0.0307173 0.230732 0.124917 0.00379694 0.0553436 0.301202 0.0550212 7.7356e-05 0.000480172 0.000974817 0.0867007 0.0452106 0.00968047 1.43113e-05 
0.013512 0.00417117 0.000192998 0.158122 0.0643394 0.048021 0.405302 0.000587654 0.0846724 0.0445732 0.0825498 0.0078139 4.36963e-05 0.0532861 0.0120268 0.020758 2.76822e-05 
0.000746705 1.57396e-07 2.7494e-07 2.0578e-05 0.0118701 4.69545e-05 0.00389647 1.07396e-05 0.0310613 0.819886 0.000164831 0.115502 1.7468e-05 0.0167116 6.35135e-05 3.83795e-07 7.08121e-08 
0.0199699 0.000788734 2.0365e-05 0.0414902 0.00523775 0.570716 0.0145781 0.00602322 0.219631 0.0182915 0.000294945 0.00269985 4.76776e-05 0.0752019 0.0227565 0.00224311 9.83367e-06 
0.0719858 4.23453e-05 0.00192548 0.0335282 0.505187 0.00137114 0.0214155 0.14739 0.057902 0.0241328 0.00282827 0.000538549 0.00113398 0.106374 0.0223758 0.00184648 2.26347e-05 
0.00512123 0.000540432 5.69235e-05 0.0407834 0.0574897 0.106146 0.0236915 0.00125817 0.185164 0.00224056 0.00518459 1.70506e-05 2.85036e-05 0.551325 0.0206258 0.000310609 1.65702e-05 
9.78737e-06 7.56034e-07 3.57029e-05 0.0800849 0.0262477 0.00120794 5.19752e-07 8.45048e-05 0.119653 0.00238609 0.00447538 2.49715e-05 1.51585e-06 0.757553 0.000597029 0.00763733 3.31779e-07 
0.0304707 0.000627472 1.27154e-05 0.0371031 0.457912 0.00923851 0.0366037 0.00160902 0.263459 0.0137606 0.00155667 9.83723e-05 6.98823e-05 0.076753 0.0162937 0.0544277 3.09422e-06 
0.0305903 6.71185e-11 4.05174e-07 3.04339e-07 0.382951 0.0017034 4.98676e-05 0.188649 9.81126e-07 0.0764565 0.26158 2.31361e-07 8.94013e-11 0.00726364 2.96376e-07 0.0507545 3.01965e-11 
0.0125127 0.000595652 0.00032033 0.005038 0.0867758 0.000989867 0.0403539 0.000831072 0.575396 0.0019536 0.00181722 0.000389061 3.16378e-05 0.261527 0.0114526 1.32349e-05 2.45502e-06 
0.0222901 0.000175497 6.71402e-05 0.74584 0.0353363 0.00084875 0.0241587 0.00296855 0.0915623 0.00465384 0.0114472 0.00185342 0.0210152 0.0245961 0.0126452 0.000532527 9.04628e-06 
0.0293163 0.000239998 1.97166e-06 0.00559157 0.565397 0.000295299 0.00104439 0.293436 0.00883223 0.000305229 0.00118277 9.41235e-05 1.43894e-06 0.000654024 0.000222537 0.0933847 2.87574e-07 
0.000939273 4.51207e-08 0.00018924 0.00224956 0.00280962 0.00361795 0.00292787 0.000973373 0.969087 0.000437325 3.21411e-08 0.0013571 6.01004e-08 0.0143842 0.000572473 0.000454494 2.02998e-08 
3.99728e-08 1.92021e-12 1.20884e-05 0.00437519 0.0063851 0.0715653 0.00340175 0.000194734 0.521892 0.001126 2.29811e-08 0.000594924 2.5577e-12 0.386205 0.0031745 0.0010735 8.639e-13 
0.127955 0.0053588 0.00062055 0.0520668 0.508321 0.0211211 0.0240525 0.045316 0.0698372 0.0254853 0.00527551 0.00306434 0.000392981 0.0671638 0.0333579 0.0105337 7.76555e-05 
0.114755 6.98083e-07 1.21942e-06 0.0203036 0.011964 6.32587e-07 0.011058 0.00037075 0.00628425 0.7056 0.111061 4.61886e-06 4.49214e-07 0.00363637 0.0149584 4.51509e-07 3.58342e-07 
0.011296 0.000163525 0.000722069 0.0483394 0.155733 0.0507075 0.00373659 3.46155e-05 0.438043 0.131776 0.0171447 0.00208495 1.02241e-05 0.0695928 0.0705786 2.78084e-05 9.91241e-06 
7.16852e-06 6.88673e-07 7.92187e-08 0.011941 0.38564 0.205414 0.0535739 0.00273702 0.250231 0.0735857 4.08039e-06 0.00288329 5.51254e-07 2.50984e-07 0.0139814 9.97773e-08 4.51099e-09 
0.0232644 8.33197e-05 2.32861e-07 0.0473585 0.143193 0.00328021 0.00597117 0.0010933 0.736035 0.00372569 0.00305819 0.000251691 9.31952e-10 0.0262003 0.00148323 0.00500148 3.1478e-10 
0.00278935 0.000132197 2.31412e-06 0.465916 0.00468655 0.00427362 0.00161673 0.00230478 0.128709 0.0643721 0.00336902 8.4282e-07 7.57556e-10 0.173415 0.148386 2.6666e-05 2.55875e-10 
0.0816014 3.8125e-05 1.22935e-07 0.00500151 0.00276004 4.63678e-06 6.76953e-06 4.07018e-08 0.0303529 0.843526 0.0189878 1.19582e-07 1.18657e-05 3.74402e-05 0.0176682 2.80228e-06 3.16625e-08 
0.000588036 2.55211e-05 0.000197091 0.00858988 0.00795163 0.0276413 0.846322 2.3411e-05 0.012719 0.016275 0.00560953 2.52338e-06 8.79854e-07 0.0562003 0.0178523 1.20677e-06 7.80923e-07 
0.00783171 0.000313022 1.12212e-06 0.181265 0.0295375 0.0396551 0.00847116 0.00126408 0.508425 0.0195149 9.3122e-05 0.00122853 4.4704e-06 0.185208 0.0169314 0.000254433 1.11762e-06 
0.0292657 4.20356e-10 1.29958e-06 0.00391092 0.0512533 0.00820584 0.0113912 0.00018708 0.511763 0.305823 8.65415e-07 1.35779e-06 5.59911e-10 0.0687116 0.00948485 4.87273e-07 1.89118e-10 
0.0504675 0.000869342 6.5826e-05 0.00870992 0.674467 0.00900009 0.0110674 0.098146 0.0435555 0.0104445 0.00572162 0.000165532 0.00732823 0.0340748 0.00928396 0.0366142 1.81563e-05 
0.00242531 1.10869e-07 1.93666e-07 0.00996073 0.0459012 9.45816e-06 0.00670299 0.000609065 0.0136807 0.0265445 0.84707 2.34609e-05 1.46075e-05 0.0196895 0.0269085 0.000459232 4.98796e-08 
0.0289075 6.11007e-10 1.0129e-08 0.000719904 0.954134 0.00173959 0.000451955 0.00410234 0.00134053 0.000468616 6.73423e-05 6.274e-08 0.000117272 0.00197892 0.000203393 0.00576889 2.74891e-10 
0.00696831 8.67188e-12 3.63706e-08 4.3235e-07 5.39989e-07 6.95343e-07 0.00585279 1.87075e-07 0.0922059 0.000638869 8.03113e-08 2.60824e-07 1.15509e-11 0.894332 1.10025e-07 8.73505e-08 3.90147e-12 
0.000258653 0.484875 0.00365563 0.198072 0.00204913 0.00236259 0.0196517 0.00114277 0.0312442 0.0160318 0.0244086 2.79265e-05 1.61457e-07 0.00271549 0.213378 0.000125856 5.45343e-08 
0.00647282 0.0168812 0.000422324 0.129793 0.0378946 0.00982998 0.0048171 0.000253102 0.16831 0.50472 4.61426e-05 0.0380262 1.39422e-06 0.0457545 0.0367763 9.08467e-07 3.38332e-07 
0.113575 5.77553e-05 0.0212294 0.00207189 0.802775 0.00109616 9.9157e-05 0.000386889 0.0120333 0.00129169 0.0181703 0.00172513 9.24441e-06 0.0133303 0.0121487 2.78097e-07 7.45282e-11 
0.00512123 0.000540432 5.69235e-05 0.0407834 0.0574897 0.106146 0.0236915 0.00125817 0.185164 0.00224056 0.00518459 1.70506e-05 2.85036e-05 0.551325 0.0206258 0.000310609 1.65702e-05 
0.00878055 0.00168552 0.000527555 0.043751 0.0431763 0.0591611 0.00115629 0.00344938 0.30102 0.0431502 0.112949 0.00141362 0.00170267 0.0342948 0.342232 0.00141512 0.000135721 
0.148816 0.00707983 0.00163034 0.0184457 0.52774 0.015292 0.0125789 0.0444898 0.0554445 0.0109569 0.00217597 0.00900575 0.00393922 0.0811541 0.0150421 0.045433 0.000775729 
0.00247704 0.000187561 4.21051e-05 0.778632 0.0369761 0.0377506 0.00148801 0.0287634 0.0797077 0.00150617 0.000661201 9.46821e-05 2.98192e-12 0.000409969 0.0312028 0.00010067 1.00718e-12 
0.0145223 0.00332975 0.0907001 0.00936703 0.128276 0.000189411 0.00144027 0.00314608 0.204144 0.401534 0.0907133 0.00112454 0.000345523 0.0154759 0.0198151 0.015803 7.36461e-05 
0.0286963 0.00026021 0.0702241 0.0260588 0.122841 0.000634221 0.0023725 0.0458154 0.1885 0.429202 0.00966511 0.00110527 0.000138064 0.0491978 0.0239951 0.00126867 2.51005e-05 
0.00770518 0.000274986 8.09077e-05 0.335505 0.0108764 0.0052485 0.0170248 2.23776e-05 0.421803 0.00371429 0.00453572 0.000105634 6.7605e-06 0.0683846 0.0844588 0.0402479 5.81421e-06 
0.00112905 4.45674e-05 3.58992e-05 0.955881 0.0115193 0.00100365 7.81581e-05 0.0246113 5.62038e-05 0.00267239 1.31144e-07 3.16206e-06 1.79148e-12 2.38929e-06 0.00296312 3.89118e-08 6.05098e-13 
0.137619 0.0143093 0.000136555 0.00463666 0.497232 0.0373535 0.0083395 0.18726 0.0450202 3.19511e-05 0.000246574 4.34461e-05 2.02869e-10 0.0467638 2.06768e-06 0.0210059 6.85217e-11 
0.00924389 7.70769e-05 2.66084e-09 0.631916 0.116252 0.0377768 0.000726983 0.00210045 0.0107468 0.000371317 0.00754718 1.76456e-05 2.02897e-09 0.166935 0.0162884 4.11105e-07 6.85313e-10 
0.120622 1.67752e-05 0.000367405 3.65129e-06 0.39799 3.67381e-05 0.000650627 0.000262592 0.114864 0.159591 0.0519141 0.0012674 1.25111e-06 0.145327 0.00708234 1.6399e-06 6.26049e-07 
0.000608542 7.25815e-05 0.120103 0.0907286 0.039205 0.254158 0.0518588 0.0344662 0.0394655 0.121227 0.0330881 0.00499153 0.0123417 0.107347 0.0856732 0.00465991 5.64839e-06 
0.00696831 8.67188e-12 3.63706e-08 4.3235e-07 5.39989e-07 6.95343e-07 0.00585279 1.87075e-07 0.0922059 0.000638869 8.03113e-08 2.60824e-07 1.15509e-11 0.894332 1.10025e-07 8.73505e-08 3.90147e-12 
0.00640543 0.000721289 0.00256941 0.159268 0.0313798 0.0271359 0.0369535 0.0194768 0.393205 0.0853388 0.0439452 0.000414666 0.000759175 0.126507 0.0604348 0.00539478 9.02994e-05 
0.0684639 0.000464656 0.00149937 0.0137414 0.118193 0.0782245 0.322848 0.00760556 0.115885 0.0158159 0.00530532 0.000226308 0.000179871 0.180002 0.00706052 0.0643717 0.000112405 
0.0188163 7.67679e-11 1.52256e-07 0.0484501 0.133851 1.8443e-06 0.0699068 0.0114299 0.470323 0.171106 2.34927e-06 1.00924e-07 3.37246e-08 0.0512324 0.024876 4.2933e-06 3.45378e-11 
0.0211409 0.00392706 0.00274177 0.0202754 0.23563 0.028879 0.0158556 0.0319544 0.140288 0.0205218 0.0014588 0.0110247 0.00300516 0.393253 0.0186453 0.0511241 0.000275399 
0.0164121 0.00157012 0.00136868 0.00328124 0.638755 0.00580187 0.0042074 0.0280794 0.0338692 0.046462 0.00599392 0.00136019 0.000388955 0.0172466 0.016152 0.178972 7.89643e-05 
0.0417769 0.000549558 5.30535e-05 0.0111253 0.0992649 0.0579204 0.0063988 0.0114268 0.503516 0.00236737 0.0150965 0.0165513 5.67655e-05 0.228929 0.0044757 0.000441643 4.96886e-05 
0.0194058 3.49314e-05 5.8154e-06 0.0116954 0.331832 0.0500099 0.0331453 0.00838043 0.0834083 0.000833075 0.00358564 0.0419426 1.60073e-05 0.414136 0.000470778 0.00109543 1.82506e-06 
0.00980702 0.00406122 0.000755878 0.0738982 0.0847035 0.0464353 0.0347983 0.00883258 0.322121 0.236049 0.0105289 0.00122407 0.000835054 0.108949 0.0436985 0.0131126 0.000190147 
0.0221344 0.000541457 2.71712e-06 0.220984 0.0171271 0.000288794 0.00698811 0.00179832 0.0277799 0.0007498 0.636793 2.74609e-05 2.44928e-09 0.0532092 0.00206032 0.00951585 8.27279e-10 
0.00380047 0.128896 0.000392131 0.0316764 0.00876979 0.0100676 0.0411361 0.00325928 0.0741557 0.207858 0.420738 0.000240678 0.00154873 0.0154012 0.0491352 0.00286536 5.90951e-05 
0.00648517 0.00487175 0.000148908 0.355478 0.110471 0.00596948 0.00946155 0.00243561 0.165072 0.124143 0.0694982 0.000326868 5.40091e-05 0.0992097 0.0402668 0.00606257 4.57038e-05 
0.247822 0.000118755 0.106377 2.87718e-05 0.149572 0.0322107 0.00655846 0.194001 4.15891e-05 0.137846 0.00019175 0.0248148 5.64447e-06 0.0263486 0.0605514 0.0135064 4.86546e-06 
5.47497e-06 4.41668e-07 1.51102e-05 0.944425 0.000177813 0.000908044 0.000142255 1.4911e-06 0.0056551 8.82548e-05 0.0249148 9.5653e-09 4.41304e-06 0.00616209 0.0174993 5.26093e-07 2.53266e-09 
0.122424 0.00136398 0.000748639 0.0103431 0.410756 0.00118644 0.00374914 0.0344765 0.220895 0.108186 0.00194408 0.000148499 0.0330546 0.025496 0.0248019 0.000369893 5.67327e-05 
0.00172973 4.4254e-08 1.71289e-08 0.0107803 0.0469935 0.283263 0.0563801 0.000332416 0.146994 4.76281e-05 2.15488e-08 2.00233e-07 4.38791e-09 0.403396 0.0463138 0.00376921 3.43511e-09 
0.0189128 8.04594e-09 5.11293e-10 0.000877249 0.0255198 0.0013734 6.65184e-05 0.000643652 0.00291112 0.000408936 0.000922415 2.05312e-05 1.89813e-12 0.00216194 0.000310248 0.945871 6.41119e-13 
0.0233433 1.28581e-06 0.00233637 0.204447 0.0688344 0.00455308 0.0125501 0.0013997 0.205263 0.0396252 0.0505119 3.37292e-06 1.50222e-10 0.377975 0.00915636 1.28078e-07 5.07397e-11 
0.0234946 0.00119324 2.00342e-07 0.064161 0.0580461 0.0100772 0.151334 0.00691824 0.578184 0.00137896 0.000350992 8.97607e-05 9.81601e-05 0.0740264 0.0099431 0.0207047 3.3732e-08 
0.00266698 0.00136796 0.000630056 0.0169615 0.00968508 0.428714 0.026909 0.00137034 0.226784 0.0201186 0.0102304 0.000853651 5.46816e-05 0.183193 0.0670378 0.00338128 4.0644e-05 
0.00131971 1.29142e-10 8.73416e-07 0.0887679 0.00104392 0.000303415 5.07195e-07 2.39737e-06 0.675056 8.31835e-08 0.0171556 2.19434e-10 1.72016e-10 0.216349 1.20487e-07 2.71908e-08 5.81008e-11 
0.0395969 0.00233924 0.000395341 0.0286589 0.0665359 0.0170022 0.00742831 0.00201731 0.47351 0.0299654 0.061617 0.000504111 0.00219267 0.210929 0.0497625 0.00725678 0.00028842 
0.000536881 5.83827e-07 8.24059e-06 0.00135681 0.105172 0.0405404 0.003694 0.000131286 0.814141 0.00113706 1.59495e-05 4.01586e-05 1.56086e-07 0.0276312 0.00559164 3.07264e-06 2.99212e-08 
0.0282931 2.79277e-05 2.89564e-07 0.0411728 0.018331 0.428563 0.0686621 9.8001e-06 0.179932 0.0812829 0.000104604 5.96611e-08 2.33862e-07 0.148227 0.00537866 1.50502e-05 5.95414e-08 
0.00302552 0.00050603 2.87754e-05 0.0111145 0.0544606 0.193768 0.0223843 0.00439834 0.274198 0.014854 0.00011529 0.00602198 4.06252e-05 0.340015 0.035382 0.0396828 3.30524e-06 
0.13652 0.000665535 0.00480442 0.0152785 0.630278 0.0136931 0.00355213 0.00468849 0.0175289 0.00854365 0.0104307 0.00796558 3.10445e-06 0.108983 0.0272807 0.00978411 9.33898e-09 
0.000277957 2.28324e-07 1.07347e-06 0.000206084 0.0064787 0.646225 0.000854791 0.00215055 0.0215551 0.00979259 0.00181554 1.71094e-07 8.3408e-07 0.310363 9.16563e-05 0.000186919 2.1172e-08 
0.000625387 0.00016728 0.00279047 0.0462649 0.0396756 0.00211089 0.00646848 0.000478324 0.10059 0.0521349 0.00474362 0.00285342 0.0232341 0.00385873 0.712133 0.00180823 6.31338e-05 
0.00402516 3.13496e-08 5.47616e-08 9.12202e-06 0.0720058 1.40289e-05 0.00412439 7.67995e-06 0.727197 0.109356 8.54188e-06 0.000481774 4.17574e-08 0.0827595 9.39433e-06 1.78401e-06 1.41041e-08 
0.0275361 0.00127852 8.98906e-05 0.0230181 0.658064 0.0249148 0.00447118 0.00381911 0.0180278 0.0920318 0.000805311 0.000580582 0.000601071 0.0288308 0.00961987 0.106255 5.64865e-05 
0.592903 0.000485367 0.00710692 8.1179e-05 0.33674 0.00970544 1.18619e-08 0.00970257 0.00758474 0.00210375 0.00119362 1.33373e-07 2.49042e-08 0.0261341 0.00625869 4.82709e-08 4.80976e-12 
0.0147949 0.00134813 2.06297e-05 0.070499 0.142292 0.000212654 0.340507 2.0099e-05 0.105321 0.275008 0.02898 1.76588e-06 3.52693e-06 0.0189438 0.000408842 0.0016382 3.57086e-07 
0.00757426 0.00728866 0.000277009 0.00842715 0.0389005 0.0335563 0.0053456 0.0183693 0.349534 0.0198002 0.014123 0.00164348 8.60696e-05 0.393527 0.094558 0.00692141 6.79091e-05 
0.0076713 0.000112416 0.000102473 0.119657 0.0231728 0.608995 0.00185405 0.126282 0.0567694 0.00626457 0.000239547 0.00176456 0.0101329 0.0300864 0.00685042 4.01769e-05 5.22085e-06 
0.0131614 0.000916304 0.000110291 0.184439 0.0635201 0.00697638 0.0959532 0.00204846 0.0795084 0.473271 0.0149032 0.00109177 3.8495e-05 0.0451542 0.0175158 0.00136878 2.28655e-05 
0.17155 0.00175456 0.000229096 0.0298676 0.400135 0.0107465 0.00585911 0.0430141 0.139765 0.0310628 0.00898339 0.00261015 0.000157306 0.0960852 0.0253697 0.0327426 6.78194e-05 
0.0175559 0.0010739 0.000401396 0.00760104 0.140955 0.00682109 0.00318374 0.0405002 0.0812369 0.0232811 0.00470893 0.202172 0.000101148 0.449246 0.0121547 0.00896265 4.44853e-05 
0.000384501 7.63791e-05 0.000789633 0.0660639 0.00067977 0.543364 0.0250797 7.46208e-05 0.200107 6.19628e-06 0.00188258 1.97165e-06 4.32651e-08 0.00940437 0.151586 0.000499502 3.38437e-08 
0.0297504 0.0128309 0.000112875 0.00647156 0.131108 0.0691077 0.0163116 0.00170418 0.0988426 0.559789 0.0107191 0.00294985 0.00413499 0.0304835 0.0151841 0.0104518 4.80118e-05 
0.020007 0.00662208 0.0024772 0.0993331 0.081325 0.128492 0.0916558 0.00523138 0.255681 0.0311577 0.0150186 0.00240434 0.00103992 0.151484 0.0959893 0.0116143 0.000467056 
0.0479917 0.000253785 5.8122e-05 0.0443255 0.523686 0.0541536 0.0639759 0.00193264 0.018523 0.0582487 0.0112915 0.0318206 0.0177579 0.117414 0.00734035 0.00119753 2.98652e-05 
0.0515902 0.00253961 0.00217098 0.0127045 0.158429 0.0398815 0.00671749 0.000606228 0.0367538 0.543825 0.0319395 2.80707e-05 0.000715851 0.0789703 0.0323768 0.000730068 2.10608e-05 
0.493442 0.000422247 0.000630625 0.0248843 0.288455 0.00854577 0.0065542 0.111912 0.00342212 0.00125427 0.00197845 0.000498505 2.20522e-05 0.0519121 4.89515e-06 0.00606134 5.98054e-07 
0.0992256 0.00206458 0.000267409 0.0132165 0.320367 0.0936004 0.239244 0.153005 7.683e-05 0.00420623 0.000771757 9.63475e-06 7.82961e-10 0.0245049 0.0494199 1.94633e-05 2.64456e-10 
0.37099 7.54315e-05 2.08796e-08 0.0124078 0.0149016 0.00172161 0.000692005 0.0184232 0.224123 0.00198428 0.000984878 7.46013e-06 2.36987e-08 0.341366 0.0120339 0.000288321 8.05429e-09 
0.894343 3.6315e-08 3.94313e-07 0.000146008 0.0215071 0.000193596 9.77924e-06 0.000488338 0.00486944 0.0688189 0.00174577 0.00205005 9.15527e-10 0.0057943 3.33708e-05 9.72359e-08 3.09232e-10 
0.0125479 3.71716e-05 0.000306323 0.642786 0.0595103 0.00342336 0.0455786 0.0200426 0.0140395 0.0906925 0.00290937 5.58511e-06 2.20316e-05 0.100557 0.00204301 0.00549756 1.62619e-06 
0.0719858 4.23453e-05 0.00192548 0.0335282 0.505187 0.00137114 0.0214155 0.14739 0.057902 0.0241328 0.00282827 0.000538549 0.00113398 0.106374 0.0223758 0.00184648 2.26347e-05 
0.299741 0.000969619 1.83219e-06 0.344132 0.234093 2.19653e-06 0.0174228 4.84448e-06 0.0461749 3.0417e-06 0.00503434 0.000175204 0.00282397 0.030553 0.0188666 7.87755e-07 2.17086e-07 
0.0110551 0.000164187 0.000106948 0.0428549 0.127334 0.00573458 0.0619551 0.191768 0.175926 0.228263 0.00864538 3.85316e-05 1.38829e-05 0.133374 0.0120323 0.000733703 4.01182e-07 
0.0162351 0.0423139 0.000536087 0.0110293 0.136563 0.143283 0.00395685 0.0193276 0.120725 0.0427126 0.000441223 0.0267916 0.0125465 0.109513 0.29293 0.0209671 0.000127733 
0.0262294 0.000955193 0.00083471 0.0784543 0.0758208 0.0200464 0.00470829 0.00540027 0.457 0.0327978 0.0698397 0.000713342 2.2017e-05 0.163555 0.0455259 0.0180887 7.81093e-06 
0.0120732 0.000234144 4.06135e-07 0.149143 0.146407 0.0506578 0.027694 5.75036e-05 0.210916 0.00712295 0.0258065 0.00847 4.14132e-05 0.340884 0.0204756 1.73163e-05 6.20284e-08 
0.00696831 8.67188e-12 3.63706e-08 4.3235e-07 5.39989e-07 6.95343e-07 0.00585279 1.87075e-07 0.0922059 0.000638869 8.03113e-08 2.60824e-07 1.15509e-11 0.894332 1.10025e-07 8.73505e-08 3.90147e-12 
0.038989 0.000636105 8.39837e-05 0.00635727 0.42557 0.00309345 7.43749e-06 0.0398758 0.0037528 0.364127 0.000375119 0.0867801 1.22213e-07 0.00201497 0.0283064 3.01486e-05 4.12793e-08 
0.030906 0.000127138 0.000156713 0.0992106 0.070812 0.0117926 0.483184 0.00429104 0.112407 0.0843685 0.00924097 0.00396225 0.000333803 0.0418824 0.0422301 0.00496992 0.000124912 
0.459858 0.00199937 0.000665353 0.0195845 0.230512 0.0120186 0.00652663 0.0168521 0.0818824 0.0343266 0.0372973 0.00852642 0.000854086 0.0481748 0.0193285 0.0209986 0.000594487 
0.00722557 0.00245751 0.0151434 0.0266177 0.0213958 0.0549487 0.0132848 0.00990507 0.308341 0.00501708 0.00108537 0.00110713 0.000562682 0.439401 0.0865772 0.00651949 0.000411278 
0.0418566 5.05261e-05 0.00244932 0.0186544 0.101088 0.0274932 0.104562 0.00417967 0.177458 0.00566266 0.00361694 0.0109746 6.77201e-05 0.33167 0.161636 0.00855702 2.37283e-05 
0.0311082 0.00417165 0.00042682 0.0182747 0.0557958 0.0510394 0.000564063 0.0016756 0.103105 0.280775 0.00177075 0.000486325 0.000368319 0.383189 0.0663192 0.00082685 0.000103137 
0.00358775 0.000532672 0.000254109 0.100035 0.0324374 0.0130701 0.0140575 0.000382215 0.147143 0.00745293 0.262427 0.00365593 0.000760057 0.00844789 0.403249 0.00247669 3.03028e-05 
0.0133284 2.49345e-05 2.18183e-06 0.75886 0.0292624 0.00417901 0.0363683 0.0188277 0.0474678 0.00202564 0.0106016 1.97326e-05 3.33253e-06 0.0693548 0.00537395 0.00429956 4.82887e-07 
0.00220393 0.00173981 2.34654e-05 0.0128914 0.0313592 0.000108677 0.0205867 0.0114222 0.0211757 0.730284 4.83575e-05 0.0459498 9.93621e-06 0.0343297 0.0735201 0.0143402 6.84637e-06 
0.119771 0.000287489 0.000374262 0.494889 0.0202641 0.0204876 0.0235068 0.000612412 0.0819166 0.0278862 0.00472 0.00117461 1.61566e-06 0.121625 0.0824544 2.70162e-05 1.23067e-06 
0.0694476 0.000585514 0.000133533 0.0174622 0.0803174 0.0902982 0.0171221 0.0158705 0.196995 0.00234393 0.000772734 7.1123e-05 4.82087e-05 0.434659 0.0231741 0.0506852 1.29792e-05 
0.0702822 0.00079836 5.8975e-05 0.368037 0.0545093 0.00210739 0.00480539 0.0270555 0.237091 0.120776 0.00187691 0.00979771 0.000117139 0.0870336 0.0121363 0.00351207 4.73738e-06 
0.0210662 0.0794997 0.00609564 0.0143724 0.0995761 0.00644506 0.00246303 0.0077442 0.192322 0.443726 0.0523338 0.000463064 0.000759784 0.0299904 0.0307136 0.0120827 0.00034594 
0.00628688 1.50023e-07 0.10446 0.0164945 0.30688 0.0749601 0.135491 0.0290412 0.0438537 0.000292386 3.36243e-05 6.12223e-05 7.81874e-06 0.227352 0.0211588 0.0336271 1.16561e-08 
0.000551696 3.21353e-06 3.19368e-05 0.0317071 0.00241447 0.22357 0.0389913 0.000640243 0.43487 0.0196945 0.0578706 0.000270683 3.41823e-05 0.0480405 0.141136 0.000173856 7.85734e-10 
0.000551696 3.21353e-06 3.19368e-05 0.0317071 0.00241447 0.22357 0.0389913 0.000640243 0.43487 0.0196945 0.0578706 0.000270683 3.41823e-05 0.0480405 0.141136 0.000173856 7.85734e-10 
0.0367937 0.000244375 0.000246203 0.598814 0.0685318 0.0253423 0.0618242 1.99809e-05 0.0319019 0.0030369 0.00577483 1.2446e-05 2.89605e-07 0.156327 0.0110854 4.47878e-05 1.93076e-07 
0.0315873 0.0114059 0.00263882 0.0111444 0.146991 0.00282484 0.00110479 0.627801 0.0652045 0.0149807 0.00328073 0.00547888 0.00201184 0.0490543 0.00612648 0.0183184 4.6771e-05 
0.00247642 0.00018375 5.94268e-05 0.765557 0.0356895 0.0388913 0.00144647 0.032086 0.0873897 0.00152358 0.000736226 0.00010765 2.87575e-12 0.000402317 0.0333505 0.000100556 9.71324e-13 
0.0258395 1.91025e-11 1.40654e-08 9.88307e-06 0.513916 0.00114824 0.0578344 0.394089 0.00024472 0.00127789 3.81996e-06 6.85596e-05 2.54443e-11 0.0025411 0.00207577 0.00095173 8.59418e-12 
0.050753 0.000626105 5.70419e-05 0.037938 0.379211 0.0156878 0.0885744 0.00518108 0.0318824 0.101374 3.97502e-05 0.00125043 0.00185073 0.250079 0.00142088 0.0340557 1.89604e-05 
0.0131713 0.000221762 3.37961e-06 0.702576 0.114064 0.0232322 0.000629265 0.0116692 0.0215914 0.00148946 0.0102232 0.00125709 2.17231e-06 0.0851651 0.0110329 0.00367027 1.69067e-06 
0.144653 0.00850515 2.11341e-05 0.0287191 0.351648 0.135355 0.0251336 0.0651595 0.0475056 0.0275867 0.0113712 0.000545943 9.24757e-05 0.151472 0.00103573 0.00118806 7.71451e-06 
0.0293324 6.97175e-10 1.11979e-06 0.31057 0.00593128 0.00784331 0.0119554 9.63288e-07 0.163049 5.92177e-05 0.00459363 1.18462e-09 9.28631e-10 0.464484 0.00204148 0.000138523 3.13658e-10 
0.0214889 0.00260164 0.00151635 0.396742 0.0719645 0.0233001 0.0455177 0.00416838 0.181759 0.028048 0.0127378 0.00276679 0.00149696 0.139811 0.0584742 0.00627954 0.00132692 
0.00156556 0.00411949 0.015504 0.143117 0.0182841 0.113398 0.057345 0.04922 0.306468 0.00248296 0.00550688 0.000120608 0.00553224 0.00896533 0.267973 0.000353685 4.50493e-05 
0.0025077 0.000191336 3.67067e-08 0.818565 0.0396504 0.0330822 0.00147052 0.0210581 0.0554673 0.00144175 0.000434654 6.4503e-05 3.21399e-12 0.000389026 0.0255863 9.16017e-05 1.08557e-12 
0.00696831 8.67188e-12 3.63706e-08 4.3235e-07 5.39989e-07 6.95343e-07 0.00585279 1.87075e-07 0.0922059 0.000638869 8.03113e-08 2.60824e-07 1.15509e-11 0.894332 1.10025e-07 8.73505e-08 3.90147e-12 
0.027517 0.000917606 5.70424e-05 0.119757 0.0549579 0.0050047 0.0124668 0.0128886 0.576907 0.0366183 0.0295405 0.00533325 0.00133985 0.0438854 0.03765 0.0351505 8.47794e-06 
4.59741e-07 1.18449e-07 5.64309e-08 0.000418901 0.0003489 0.0010553 0.99355 2.93842e-06 0.00226093 0.00159291 6.39893e-07 8.85737e-05 8.06664e-10 0.000530204 0.000149661 2.99671e-07 2.72462e-10 
0.0606231 0.000489095 3.71319e-06 0.00654098 0.118787 0.00574708 0.000200565 0.00883102 0.41215 0.0116664 0.00177564 0.000137028 0.000122135 0.364821 0.00100817 0.00709706 5.15177e-08 
0.0557104 0.00410589 0.000389129 0.444926 0.0438509 0.00126607 0.0202402 0.000488502 0.113609 0.0282041 0.193686 0.00691057 0.00134187 0.0596875 0.0251518 0.000272906 0.000158608 
0.0553245 0.00193548 0.0015614 0.0150732 0.39533 0.060728 0.0212575 0.0364227 0.167716 0.0230644 0.00183521 0.00057874 0.00157911 0.110745 0.0199262 0.0868497 7.27169e-05 
0.0226322 0.00351489 0.00039667 0.0284091 0.266828 0.0200229 0.0252649 0.0157937 0.131566 0.00719116 0.00172515 0.104192 0.019518 0.304059 0.0342003 0.0146777 7.76958e-06 
0.00540369 5.5288e-09 1.66484e-12 0.0594105 0.00379409 2.22896e-07 0.00694977 0.000561227 0.530192 0.000278287 0.0993433 4.05964e-05 1.26949e-12 0.0015592 0.292467 8.76787e-09 4.28788e-13 
0.00337629 0.00297376 0.000515482 0.0121188 0.0502451 0.27954 0.0106355 0.0261226 0.124608 0.0725752 0.0147189 0.00125432 0.000928392 0.356817 0.042195 0.0013333 4.25009e-05 
0.00512123 0.000540432 5.69235e-05 0.0407834 0.0574897 0.106146 0.0236915 0.00125817 0.185164 0.00224056 0.00518459 1.70506e-05 2.85036e-05 0.551325 0.0206258 0.000310609 1.65702e-05 
0.00797584 0.000304911 0.00103236 0.240013 0.0172517 0.0195888 0.0219067 0.00310366 0.17669 0.0149426 0.160349 0.000911669 0.000475148 0.0151819 0.314128 0.00605473 9.00796e-05 
1.66482e-05 0.000343124 1.60317e-05 0.020055 0.0179141 0.0108436 0.0148189 7.18005e-06 0.00505959 0.860515 0.000774101 0.00250955 9.15415e-05 0.0662189 0.000702923 0.000106896 6.7506e-06 
0.0130075 0.00148783 2.72901e-05 0.0364 0.0837655 0.00163083 0.00726959 0.000280678 0.0387042 0.790652 0.00276467 0.00788343 2.09431e-06 0.00494481 0.0103093 0.000869399 8.38467e-07 
0.0047985 0.00130874 0.000210936 0.007626 0.100413 0.0136431 0.00373171 0.000520893 0.0541983 0.793498 0.00116689 0.000828101 6.54206e-06 0.00569972 0.00874793 0.00359562 5.70054e-06 
0.0519081 0.000538666 0.000386168 0.024589 0.118245 0.196325 0.0174785 0.0100933 0.136349 0.0137496 0.00693767 0.00135007 0.000274437 0.359452 0.0581421 0.00403219 0.00014896 
0.0020601 4.28353e-11 1.49725e-07 0.100221 0.133484 2.51269e-07 0.024382 0.0081634 0.445501 5.97204e-07 2.80754e-07 4.36779e-07 5.70562e-11 0.256174 0.0300122 7.59433e-07 1.92715e-11 
0.00125658 9.55325e-05 7.81757e-09 0.0594459 0.00187384 0.253028 0.0198669 8.26477e-05 0.462747 1.84343e-05 0.00202802 3.89786e-05 2.00174e-09 0.0767243 0.120635 0.00215844 1.56767e-09 
0.0159238 2.05335e-06 1.42386e-06 0.0450406 0.0448488 0.00582276 0.00592748 0.160142 0.335629 0.0089242 0.000967862 3.17951e-05 2.4553e-07 0.359731 0.00362505 0.0133813 1.81338e-07 
0.00320863 0.0805409 7.54766e-07 0.00536965 0.00478512 0.635988 0.0473867 0.00816209 0.0405977 0.119822 9.30318e-07 0.0164561 2.04787e-07 0.0209457 0.0167207 1.47378e-05 1.52652e-07 
0.235554 7.34798e-06 0.00928266 0.174677 0.049972 0.0139522 0.183313 0.000875197 0.126645 0.0463548 0.0130235 0.00111016 0.00100939 0.0375461 0.102059 0.00461111 6.00256e-06 
0.000160812 3.99574e-06 3.09434e-08 0.000426477 0.0311775 0.00159508 0.00366011 0.0143877 0.0948787 0.00431731 1.50562e-05 0.000137549 6.16469e-08 0.842167 0.00470971 0.00236341 1.2891e-08 
0.0496718 0.000433075 0.0132879 0.0219037 0.326961 0.0591941 0.00597276 0.00986656 0.203469 0.0711634 0.0010214 0.000338958 0.0288638 0.133946 0.0487574 0.0251137 3.5887e-05 
0.0589655 0.000187861 0.0234928 0.00270565 0.152871 0.000962868 0.0368898 0.00193985 0.229264 0.364953 0.016511 0.0034225 0.000253209 0.0361264 0.0696936 0.00161201 0.000148642 
0.00213391 5.98382e-07 0.000932538 0.273054 0.00671781 0.0369797 0.0452374 0.000174278 0.283111 0.0980142 0.00715147 7.21564e-05 1.08956e-05 0.0720118 0.174396 1.38419e-06 8.04785e-08 
0.164234 2.19367e-07 4.6726e-05 0.0210388 0.0106957 0.22716 0.0108594 0.00121418 0.337098 0.00622853 0.0552227 0.000106126 2.11348e-07 0.141672 0.0242631 0.000159871 1.75153e-07 
0.0121485 0.000767121 0.000235186 0.398251 0.147258 0.00265772 0.096638 0.00178658 0.271516 0.0183156 0.000186674 0.00693975 1.16615e-12 0.0189637 0.0240257 0.000310448 3.93883e-13 
0.101269 1.66035e-05 0.000104333 0.00273666 0.196673 0.00371751 0.00174152 0.0234859 0.160423 0.197989 5.4288e-05 0.0012476 0.00239834 0.291332 0.011155 0.00563988 1.53548e-05 
0.0121191 0.00344675 6.77165e-07 0.508655 0.0104263 0.109927 0.0101161 0.000495814 0.000774941 0.0113982 0.055576 6.69956e-07 3.75148e-07 0.0257101 0.251352 1.64825e-06 1.13297e-07 
0.00470535 0.000175666 1.85365e-05 0.211044 0.010343 0.59766 0.0138815 7.37129e-07 0.0469948 0.010113 0.00123191 1.94312e-06 2.45374e-06 0.102942 0.000880814 3.52507e-06 7.33379e-09 
0.0694476 0.000585514 0.000133533 0.0174622 0.0803174 0.0902982 0.0171221 0.0158705 0.196995 0.00234393 0.000772734 7.1123e-05 4.82087e-05 0.434659 0.0231741 0.0506852 1.29792e-05 
0.0552838 0.00252497 0.00043931 0.00945972 0.290433 0.00263886 0.00107413 0.0143551 0.206219 0.294889 0.0150157 0.00314466 0.00186069 0.0180077 0.0489997 0.0353454 0.000309079 
0.0556679 0.00139956 0.00251102 0.00602526 0.19212 0.0106684 0.00473825 0.252211 0.0654137 0.0881497 0.00138624 0.00149677 0.000108928 0.0449882 0.0139439 0.259082 8.95541e-05 
0.0384041 8.74537e-05 0.00114664 0.017692 0.204512 0.0572886 0.06715 0.0288917 0.14328 0.0514432 0.296752 0.00801887 2.13003e-05 0.0372811 0.0476155 0.00040439 1.09673e-05 
0.209027 0.000164298 2.41529e-08 0.0104792 0.0212207 2.60277e-05 0.000449079 0.00757045 0.0548152 0.654188 0.00593855 0.000288023 1.8146e-05 0.032245 0.00348771 8.18115e-05 6.2207e-09 
0.0250903 0.000555678 5.70846e-07 0.00247814 0.355744 0.00879074 0.00260142 0.0185289 0.0155049 0.0658843 3.03607e-05 0.00543196 1.15586e-06 0.422154 0.00160832 0.075596 3.45132e-08 
0.0251333 0.00336782 5.20768e-05 0.0411522 0.0911476 0.0148074 0.00693905 0.00300655 0.618146 0.0500363 0.00433236 0.00127223 0.000764569 0.132744 0.00630674 0.000772434 1.99452e-05 
0.02163 0.00051353 0.0256872 0.0982631 0.313306 0.0405714 0.0361642 0.0311516 0.0674228 0.0270334 0.0176869 0.000482454 6.68385e-05 0.23303 0.069347 0.0176101 3.3911e-05 
0.00102113 1.42558e-07 0.00721348 0.0508501 0.0229795 0.0524657 0.0114967 0.000294488 0.243762 0.00022236 0.000251994 0.000651931 3.05006e-06 0.513234 0.0942303 0.00132327 1.10775e-08 
0.00267935 0.00016209 3.07493e-08 0.956907 0.0102263 0.00512289 0.000468812 0.00342294 0.00033698 0.00732493 1.89261e-07 1.75935e-12 1.37917e-12 1.41139e-05 0.0133344 5.61558e-08 4.65833e-13 
0.0174242 0.00288129 0.000443514 0.023588 0.0865696 0.267195 0.0118811 0.00164701 0.331566 0.0412867 0.0250958 0.000562677 0.00499533 0.141288 0.0422952 0.000976445 0.000304292 
0.114674 0.000202982 0.00129737 0.00384505 0.208414 0.000395979 0.00127228 0.513649 0.0463243 0.0285704 0.000186148 0.00894972 3.62101e-05 0.00435915 0.0184364 0.0493526 3.39256e-05 
0.0029495 0.000147802 0.000130307 0.072282 0.00420035 0.0446366 0.0657805 0.000476374 0.294075 0.0822733 0.140391 5.97258e-05 0.00133937 0.0121736 0.278953 0.000130406 4.51072e-07 
0.138417 8.29e-10 7.2943e-06 0.0498413 0.00182079 0.257973 0.000302016 0.000816776 0.194104 0.0400304 0.233037 0.000548401 3.14395e-07 0.0456493 0.0374505 5.69444e-08 3.72966e-10 
0.282312 0.00137626 0.000852707 0.00347564 0.277818 0.0340645 0.000147131 0.0197356 0.197627 0.00944985 0.0035289 0.000250632 5.95369e-11 0.0601395 0.107272 0.00194972 2.01094e-11 
0.0059988 0.00122736 0.0103075 0.0130833 0.0806402 0.0267858 0.000637083 0.00515608 0.130578 0.580424 0.0012709 0.0015885 0.000637174 0.0666296 0.010774 0.0641187 0.000143218 
0.000333973 2.17916e-08 1.09952e-07 2.46628e-07 1.33925e-07 0.0344543 2.94527e-05 1.98806e-07 0.901999 0.000238816 0.000705312 6.49979e-08 1.61286e-08 0.0503963 0.0118424 3.1009e-08 1.56851e-08 
0.00320863 0.0805409 7.54766e-07 0.00536965 0.00478512 0.635988 0.0473867 0.00816209 0.0405977 0.119822 9.30318e-07 0.0164561 2.04787e-07 0.0209457 0.0167207 1.47378e-05 1.52652e-07 
0.329836 0.00200988 0.00219886 0.0371233 0.0749545 0.00251426 0.00196244 0.0264333 0.100359 0.233577 0.00354491 0.00198449 0.00273692 0.0844524 0.0728258 0.0233753 0.000111828 
0.204173 1.11863e-05 2.71332e-05 0.00039922 0.0926898 0.000444673 2.90923e-05 0.122776 0.00587963 0.00331027 0.000457245 0.5601 2.96137e-05 0.00904973 8.05601e-05 0.000539008 4.66962e-06 
0.0113649 0.00203644 0.00259632 0.162426 0.0326597 0.0936344 0.122754 0.00598977 0.167153 0.00520885 0.00130265 0.00178343 0.00172892 0.30235 0.0823038 0.00461138 9.57414e-05 
0.0101102 0.000207707 5.29963e-05 0.00541806 0.166208 0.0024243 0.0024014 0.00705039 0.0558296 0.0114653 0.00109398 0.000355261 9.3922e-05 0.0108355 0.0259476 0.700491 1.40747e-05 
2.65041e-05 5.36693e-09 9.37498e-09 0.00250207 7.51441e-06 0.000731538 1.08878e-05 5.94117e-06 0.102494 4.56179e-05 0.0019666 9.11932e-09 7.1487e-09 2.97806e-05 0.892177 2.11623e-06 2.41457e-09 
0.00555962 0.0138433 0.000266278 0.254076 0.0473436 0.0352004 0.0221147 0.00241996 0.341248 0.0668232 0.0442423 0.000240168 0.000618386 0.109282 0.0407789 0.0157657 0.000177772 
0.00468751 0.000954997 0.00348976 0.0228895 0.0994931 0.0679286 0.0274541 0.00574882 0.305373 0.28593 0.0354945 0.00106761 0.00133926 0.0460581 0.062085 0.0298328 0.000172976 
0.147303 0.000117536 1.37767e-09 0.06465 0.171312 0.00158485 2.92889e-06 0.612353 0.00213539 2.05202e-07 5.61804e-10 0.000103389 1.05051e-09 0.00038532 2.90405e-05 2.30609e-05 3.54825e-10 
0.344269 0.000290815 3.95048e-05 0.0567127 0.0116807 0.0389053 0.292976 8.4537e-06 0.0340323 0.12423 0.0653262 2.76052e-05 7.13818e-08 0.019501 0.0119973 2.81197e-06 2.41102e-08 
0.000160812 3.99574e-06 3.09434e-08 0.000426477 0.0311775 0.00159508 0.00366011 0.0143877 0.0948787 0.00431731 1.50562e-05 0.000137549 6.16469e-08 0.842167 0.00470971 0.00236341 1.2891e-08 
0.00486185 0.000656323 0.000142756 0.278876 0.0116856 0.00044146 1.68711e-05 0.00423784 0.5729 0.0555155 0.0159804 3.28308e-05 2.20053e-06 0.0248236 0.000152816 0.0296714 1.99076e-06 
0.0137584 2.30725e-09 4.03032e-09 0.0934696 0.581405 2.67087e-06 0.0693615 1.33437e-09 0.188207 0.0277361 0.00353399 1.63107e-06 5.31208e-07 3.16794e-06 0.0225149 5.80836e-06 1.03803e-09 
