0.0027893 0.000458145 1.67142e-08 0.00734842 0.0314402 0.00481323 0.00151443 0.00042245 0.0964353 0.810884 0.000316448 0.0013919 6.53536e-08 0.0100927 0.0276023 0.00446773 2.39193e-05 
0.00512338 0.00786219 3.64917e-08 0.00922568 0.0104321 0.0372546 0.0015914 0.0158635 0.254926 0.00741451 2.014e-07 0.00165677 5.67361e-08 0.559048 0.0660095 0.0225541 0.00103737 
0.00913278 0.0020473 1.33414e-11 0.379499 0.0682171 0.00129308 0.00131885 0.0040103 0.000832948 0.00192565 6.84672e-05 0.00588374 3.27616e-08 0.066157 0.0103924 0.00013283 0.449089 
0.00108074 0.000401518 3.89631e-08 0.00134509 0.00209061 0.00601437 0.000180702 0.000608896 0.00437021 0.976501 0.000266951 0.00170178 0.000341701 0.00194269 0.00261086 0.000280522 0.000261928 
0.0417808 0.000644423 7.05258e-07 0.0286103 0.0186826 0.00217938 0.00481559 0.00501744 0.0158636 0.863595 0.00709694 2.24818e-05 4.91389e-06 0.0103918 0.00125952 3.71037e-06 3.02742e-05 
0.000661559 5.79031e-05 3.65698e-07 0.00749208 0.00823814 0.0232107 6.4051e-05 0.000711537 0.743743 0.0355495 8.02097e-07 0.00199576 5.99652e-07 0.130467 0.0477508 4.92181e-07 5.57241e-05 
0.015863 0.0013569 0.000438122 0.0880412 0.0458135 0.0356732 0.0406843 0.00810674 0.334083 0.003023 0.00496237 0.00148509 0.000953642 0.308826 0.0914042 0.0135337 0.00575185 
0.00131445 1.89506e-08 2.39624e-09 0.00508477 0.0185123 0.0073238 0.0052902 0.000491931 0.656905 0.00545138 9.07411e-08 0.0016469 2.43629e-05 0.286651 0.00875353 0.00253543 1.45188e-05 
0.000310495 0.993681 6.33451e-10 0.000158083 0.000307903 0.000221257 6.76373e-05 1.10903e-08 0.00107512 0.00316159 0.000287142 2.6021e-06 1.67217e-09 8.86396e-05 0.000381543 0.000190638 6.63207e-05 
0.067666 3.05342e-05 8.99924e-07 0.00312329 0.547537 0.000168384 0.0220009 0.0587135 0.0185225 0.10414 0.00415184 0.00145575 0.00166194 0.16151 0.0089384 0.000245864 0.00013238 
0.00577285 0.000158333 7.24318e-05 0.509151 0.00797735 0.0115725 0.0478761 0.000677757 0.190708 0.00906502 0.0910159 0.0026039 7.8195e-05 0.0583672 0.0635 0.00029239 0.00111093 
0.0755377 0.000207547 4.25672e-09 0.00425167 0.0962619 0.0742749 0.0121018 0.0484191 0.0280609 0.137891 0.000876025 0.00361571 3.45699e-06 0.107634 0.386657 0.0242057 1.65989e-06 
0.0435753 1.11653e-05 1.11591e-05 1.11711e-05 0.20223 1.11711e-05 0.106128 1.11688e-05 0.0994494 0.548483 1.11676e-05 1.11595e-05 1.11625e-05 1.11725e-05 1.11717e-05 1.11712e-05 1.11698e-05 
0.00524644 0.000112496 9.48975e-11 0.000247611 0.0231479 0.0004931 0.000202509 0.933112 0.0203859 0.000961816 1.09022e-06 0.000257785 4.25226e-10 0.0120245 0.000708104 0.00308777 1.11017e-05 
0.000441423 0.000296438 1.53433e-08 0.00254079 0.00141899 0.254185 0.00189435 0.000220971 0.0535645 0.00473348 0.000256546 0.000120897 2.42821e-05 0.674495 0.00566478 0.000123869 1.86092e-05 
0.00492097 0.000557552 1.48234e-05 0.00484773 0.0573021 0.0200405 0.00303161 0.00988438 0.646618 0.0444401 0.00274763 0.00121088 1.54712e-05 0.162606 0.0250708 0.0164972 0.000193719 
0.0116358 0.00748151 4.86266e-05 0.234888 0.0498984 0.0675834 0.0351023 0.00686757 0.330011 0.0320286 0.0150256 0.000377738 0.0010338 0.0435903 0.065066 0.0993091 5.22891e-05 
0.0137021 0.00307157 5.91267e-07 0.0125036 0.254164 0.0403747 0.0318929 0.00172908 0.281124 0.004375 0.0306751 0.000829193 0.000341396 0.24902 0.028263 0.0475412 0.000391738 
0.00116593 0.000743404 0.000599119 0.0326656 0.00258333 0.121956 0.0320165 0.000748981 0.348963 0.0647842 0.00462121 0.00220125 0.00172002 0.0569815 0.323829 0.00115341 0.0032668 
0.0143345 0.000229802 8.59266e-06 0.0320052 0.194486 0.048689 0.0333508 0.122129 0.211523 0.00790759 0.000132525 0.000191627 2.00021e-05 0.193043 0.0137238 0.128206 1.97059e-05 
0.0222336 1.48149e-06 1.48066e-06 0.0126006 1.48241e-06 0.0222352 0.00504071 0.00370635 0.210958 0.168821 0.0380836 1.48071e-06 1.48111e-06 0.166183 0.345385 1.48226e-06 0.00474416 
0.0466214 5.8913e-07 5.88802e-07 0.0637184 0.0718603 5.89433e-07 0.00447992 0.00713127 0.10977 0.0206886 0.0417197 5.88821e-07 0.530437 5.8951e-07 0.09909 0.00448031 5.89368e-07 
0.00495058 0.00393305 0.000378466 0.403007 0.0289024 0.0219696 0.097536 0.000503239 0.122549 0.0392236 0.0408305 0.00247662 0.00339408 0.0788725 0.149543 0.000973266 0.000957698 
0.014201 0.0076207 7.46638e-07 7.4744e-07 0.00665369 0.0343829 0.00829665 0.00881873 0.259477 0.407781 0.00239182 0.0444271 0.00186791 0.201761 7.47481e-07 7.54919e-05 0.00224281 
0.0117532 0.00509768 5.84443e-05 0.0051719 0.10338 0.0484213 0.00186431 0.0161657 0.478253 0.00541419 0.000393879 0.00136516 7.41311e-05 0.134142 0.101172 0.0871289 0.000143683 
0.0394847 0.000531862 4.33471e-07 0.0602543 0.0939711 0.0240257 0.026665 0.00499834 0.507471 0.0946261 0.0111245 0.0110665 4.63013e-06 0.102754 0.01701 0.00590069 0.00011078 
0.048597 0.000181095 3.24428e-06 0.0191734 0.16961 0.00514711 0.000480393 0.0458984 0.0569253 0.36729 0.00941679 0.0972343 0.000129253 0.155847 0.00905088 0.014983 3.32111e-05 
0.0493743 0.0198927 7.36085e-06 0.0250611 7.36957e-06 7.36874e-06 7.36815e-06 0.0294763 7.36989e-06 0.576213 7.36647e-06 0.0404933 7.3631e-06 0.19162 0.0678037 7.36881e-06 7.36793e-06 
0.331818 0.000459895 2.43329e-07 0.12498 0.134001 0.00754708 0.000300412 0.0119016 0.0134909 0.24306 0.015431 0.00346897 1.012e-05 0.0468541 0.0661466 0.000285112 0.00024538 
0.00114142 0.00411663 2.17382e-07 0.00288311 0.048218 0.0222857 0.00901206 0.00304325 0.172883 0.596463 0.00569771 0.00147615 1.23153e-06 0.041612 0.0474928 0.0428159 0.000857658 
0.0167164 4.96282e-05 7.93536e-06 0.0072875 0.0599126 0.334114 0.00780789 0.00631611 0.242287 0.0261212 0.00024762 0.00073876 1.47615e-05 0.141974 0.151516 0.00463892 0.000249842 
0.00492094 0.000180467 7.20501e-05 0.0250748 0.0485591 0.00940405 0.00334981 0.00565233 0.135793 0.0185306 0.0012223 0.0066412 0.000322331 0.718013 0.00462351 0.0153255 0.00231508 
0.0162062 0.0373482 1.29233e-10 0.0242735 0.0696747 0.000978873 0.00188177 0.00265618 0.0314503 0.734097 0.010477 0.00121155 4.29638e-06 0.00842439 0.0184746 0.04144 0.00140153 
0.00510264 0.0247531 2.56567e-07 0.00112626 0.0566855 0.000274149 5.26797e-05 0.00363904 0.00643898 0.0324486 0.0972084 0.0063558 0.000133442 0.022342 0.735593 0.000285483 0.00756099 
0.00524644 0.000112496 9.48975e-11 0.000247611 0.0231479 0.0004931 0.000202509 0.933112 0.0203859 0.000961816 1.09022e-06 0.000257785 4.25226e-10 0.0120245 0.000708104 0.00308777 1.11017e-05 
4.69029e-05 4.68821e-05 4.6856e-05 4.69063e-05 4.69115e-05 0.25334 0.00473715 4.68967e-05 0.675601 0.0657122 4.68918e-05 4.68576e-05 4.68703e-05 4.69124e-05 4.69089e-05 4.69067e-05 4.6901e-05 
0.00896908 5.31696e-05 2.2654e-05 0.0531952 0.0706601 0.170783 0.0396155 0.00621013 0.15634 0.0106825 0.000602222 0.00412296 0.000448003 0.453625 0.0173697 0.00717551 0.000125145 
0.0237581 0.000586929 3.04004e-08 0.132667 0.0418775 0.0217025 0.0661468 0.00789136 0.0328846 0.373615 0.0166288 4.84421e-05 0.0020548 0.00464052 0.275347 1.33721e-07 0.00015018 
0.00518765 0.000620592 0.000134268 0.0860428 0.0066953 0.0283444 0.174604 0.00372969 0.219558 0.00473304 0.00733955 0.000440394 0.000395321 0.153267 0.287689 0.00187485 0.0193435 
0.0285561 2.66737e-06 2.66588e-06 2.66874e-06 0.0811412 0.0386994 2.66852e-06 0.00987499 0.0443106 0.669819 2.66791e-06 2.66597e-06 0.00560272 0.0461778 0.0629885 0.00213767 0.0106764 
0.0153943 4.63832e-06 1.93796e-06 0.00859227 0.0253384 0.0716458 0.000127874 0.00308928 0.279429 0.425153 0.000654623 0.0150752 4.02744e-05 0.131176 0.0241908 5.47291e-05 3.21539e-05 
0.00538375 0.00010632 9.24768e-10 0.000282692 0.0223252 0.000515239 0.000270741 0.928146 0.023671 0.0011163 4.33368e-06 0.000697249 1.79448e-08 0.0135318 0.000679484 0.00325878 1.11368e-05 
0.00758015 2.90337e-05 5.28756e-08 0.0159153 0.324675 0.0619269 0.189294 0.0147251 0.133557 0.000747866 2.51968e-07 0.000170928 7.04661e-06 0.23323 0.00417882 0.0139617 1.14708e-06 
0.0206949 0.00678548 5.89783e-09 0.0538235 0.138235 0.103284 0.00868477 0.00355271 0.507932 0.0104172 0.0039712 0.0173765 3.79587e-06 0.057697 0.0641356 0.00335231 5.39676e-05 
0.0866126 0.000946131 4.01835e-06 0.0077102 0.511191 0.00127266 0.00521653 0.046163 0.193248 0.0651643 0.000907854 0.00123306 4.57403e-06 0.027606 0.0187737 0.0339418 4.55711e-06 
0.00106208 0.000125605 1.93903e-08 0.30404 0.0339669 0.000666036 0.227149 8.71112e-06 0.0442163 0.0130889 0.0545725 0.282435 0.00172289 0.0290326 0.00776263 3.3881e-05 0.000117174 
0.00385713 0.000710537 2.34256e-10 0.0084542 0.0270003 0.170116 0.00190555 4.57722e-08 0.287873 0.394708 0.00517331 3.5846e-05 2.07695e-07 0.0261235 0.0573474 0.0162946 0.000400199 
0.0023965 0.00192718 6.37675e-08 0.00924586 0.0231825 0.612779 0.00051661 6.32288e-05 0.106957 0.119645 0.0189843 0.00590398 9.98898e-06 0.0409956 0.0515713 0.00571768 0.000105335 
0.0144672 0.00138873 4.08747e-08 0.00844329 0.0727067 0.0249647 0.0012788 0.0381443 0.377209 0.0332494 0.000612757 0.000944431 3.28052e-07 0.413211 0.0100567 0.00330275 2.05751e-05 
0.0181873 0.00018586 2.82179e-10 0.00695049 0.1369 0.144398 0.00967107 0.00177004 0.323809 0.00462558 0.00508633 0.00040023 9.62816e-07 0.34091 0.00672796 0.000377344 5.22174e-09 
0.0437337 0.00107949 2.08363e-06 0.00506968 0.0722264 0.0495265 0.00450441 0.00185365 0.657632 0.0405228 0.0254977 0.000165413 2.14004e-06 0.0411595 0.056008 0.000997925 1.84832e-05 
0.010926 0.000785456 6.77087e-06 0.565057 0.100363 0.0668957 0.00971397 0.00295991 0.118403 0.0826472 0.0210026 2.02908e-05 0.00025699 0.0154891 0.00435905 0.000406224 0.000708273 
0.00034851 7.09738e-05 3.50449e-05 0.0258621 0.0154885 0.00827073 0.00904651 0.00169756 0.0455402 0.0148003 0.00221579 0.000146704 0.000601934 0.0014741 0.641005 0.232963 0.000433109 
0.0540108 0.00268555 2.46463e-07 0.00192664 0.140965 0.00033601 0.00136794 0.0426494 0.192195 0.272216 0.0731366 0.000189145 4.13769e-06 0.0790265 0.0904263 0.0468867 0.00197848 
0.00020184 0.981412 1.36994e-06 0.000692732 0.000240352 0.000540569 0.00064227 1.6103e-05 0.00327471 0.00154099 0.00239631 0.000261261 2.21407e-06 0.000345349 0.00302395 0.00491497 0.000492741 
0.00112735 0.00339143 1.70995e-05 0.00177196 0.0153888 0.000966383 0.000906877 0.00156269 0.0042213 0.00469425 5.76208e-05 0.00351629 0.00117707 0.00380743 0.900803 0.00487033 0.0517198 
0.0159058 2.62233e-05 1.33929e-06 0.0588261 0.0231428 0.00120289 0.00106292 0.00487353 0.71203 0.0419291 0.00039307 0.0143202 1.46463e-05 0.120291 0.00453964 0.00131012 0.000130798 
0.0155204 0.000163929 6.71365e-06 0.0555858 0.0103732 0.606056 0.0332808 0.000196371 0.109975 0.0147777 0.00591857 8.4341e-05 6.71058e-05 0.117524 0.026306 0.0041012 6.32342e-05 
0.00131445 1.89506e-08 2.39624e-09 0.00508477 0.0185123 0.0073238 0.0052902 0.000491931 0.656905 0.00545138 9.07411e-08 0.0016469 2.43629e-05 0.286651 0.00875353 0.00253543 1.45188e-05 
0.0155204 0.000163929 6.71365e-06 0.0555858 0.0103732 0.606056 0.0332808 0.000196371 0.109975 0.0147777 0.00591857 8.4341e-05 6.71058e-05 0.117524 0.026306 0.0041012 6.32342e-05 
0.0314399 0.000485173 3.02875e-07 0.0265607 0.167325 0.106696 0.00600318 0.0098523 0.464939 0.0345936 0.0368886 0.0368312 3.02968e-07 0.0389665 0.032384 0.00473026 0.00230437 
0.145297 0.00602132 3.50171e-08 0.0102603 0.0904078 0.0286708 0.0133876 0.000186008 0.0616081 0.00130078 0.00143285 2.56584e-05 5.62204e-07 0.600012 0.041277 5.5452e-05 5.62728e-05 
0.0108343 0.000879742 2.70846e-07 0.00563125 0.0186173 0.0369723 0.00881276 0.000602477 0.031481 0.865698 0.00770208 1.34062e-05 1.82175e-06 0.00592794 0.00677016 7.65285e-06 4.71433e-05 
0.000313586 0.000481959 1.99606e-05 0.103494 0.0122561 0.011917 0.609829 9.09836e-05 0.0540294 0.000218535 0.00253397 0.000112774 0.00342487 0.0423352 0.156865 7.86706e-05 0.00199956 
0.0155204 0.000163929 6.71365e-06 0.0555858 0.0103732 0.606056 0.0332808 0.000196371 0.109975 0.0147777 0.00591857 8.4341e-05 6.71058e-05 0.117524 0.026306 0.0041012 6.32342e-05 
0.0497677 0.00224437 2.15444e-08 0.0194964 0.0436726 0.00478843 0.00112553 0.00141162 0.0667575 0.738045 0.0165879 7.23185e-05 0.00173675 0.00749137 0.0442786 0.000220313 0.00230345 
0.00603492 7.40181e-05 2.09438e-05 0.000786031 0.0387299 0.0932179 0.00219735 0.00169246 0.12125 0.637582 2.16061e-05 0.000679125 0.0599579 0.0248843 0.00438346 0.00033937 0.00814873 
0.0368661 0.00532717 8.82107e-11 0.0106313 0.560778 0.00387414 0.0111677 0.183887 0.0650318 0.0281783 2.91498e-07 0.0391102 5.50142e-07 0.0419852 0.00971479 0.00344725 9.98157e-07 
6.30963e-05 2.6121e-05 3.28098e-06 0.00050996 0.0178307 0.153209 0.0517362 0.00730213 0.00202101 0.471424 0.000191511 0.00113749 3.40672e-05 0.119933 0.111155 0.0634134 9.2444e-06 
0.041441 0.00126603 0.000100063 0.021833 0.138908 0.00615642 0.000294679 0.108027 0.0327164 0.186362 0.00202115 0.0492142 0.000128137 0.254852 0.149953 0.00636638 0.000359589 
0.011295 0.00190622 1.96183e-05 0.00259992 0.16628 0.00410577 0.00319816 0.0227597 0.0561657 0.498621 0.0244947 0.000416064 0.00100691 0.00502645 0.0366469 0.165432 2.58002e-05 
0.00175141 0.0408763 5.19903e-05 0.0414655 0.00857663 0.146795 0.0130167 0.000172251 0.0551715 0.00179021 0.0134252 0.000163016 6.08533e-05 0.670575 0.00537229 0.000678026 5.77977e-05 
0.0117998 0.000218901 5.64284e-09 0.00625233 0.057209 0.00197758 0.00212639 0.000892265 0.0604075 0.707271 0.0964301 0.00224365 4.06909e-07 0.0397107 0.0133272 9.83667e-07 0.000132591 
0.00256654 0.00394875 7.9648e-05 0.0328515 0.0308255 0.0644593 0.563211 0.011625 0.0581933 0.00445988 0.00273522 0.00110505 0.000157975 0.118625 0.0979597 0.00708443 0.000111939 
0.0232813 1.49163e-06 1.4908e-06 0.132527 0.00940468 0.0185073 0.00895517 0.004627 0.527797 0.0258186 0.0914578 0.00328136 1.49126e-06 0.140753 0.0113444 0.00224011 1.49224e-06 
0.00240311 0.000974045 0.000118362 0.014073 0.0062535 0.110549 0.00314617 0.000593046 0.102442 0.00325449 0.000157238 0.00394488 0.00352598 0.173768 0.0635895 0.000151782 0.511056 
0.00389103 7.36541e-05 1.58249e-10 0.000390064 0.0160612 0.000464945 0.000415662 0.943716 0.0180029 0.00111858 1.95357e-05 0.000168818 6.50051e-10 0.0130558 0.000463513 0.00215066 7.27111e-06 
0.0595305 4.33965e-05 4.0787e-06 0.0677579 0.041101 0.00273212 0.0369744 0.000127601 0.665754 0.0245364 0.0234294 0.000236616 4.22528e-05 0.00849008 0.0468318 0.022115 0.000293256 
0.00020184 0.981412 1.36994e-06 0.000692732 0.000240352 0.000540569 0.00064227 1.6103e-05 0.00327471 0.00154099 0.00239631 0.000261261 2.21407e-06 0.000345349 0.00302395 0.00491497 0.000492741 
0.00389103 7.36541e-05 1.58249e-10 0.000390064 0.0160612 0.000464945 0.000415662 0.943716 0.0180029 0.00111858 1.95357e-05 0.000168818 6.50051e-10 0.0130558 0.000463513 0.00215066 7.27111e-06 
2.23589e-05 2.2349e-05 2.23366e-05 2.23606e-05 0.95716 2.23605e-05 2.23587e-05 2.2356e-05 2.2364e-05 0.042505 2.23536e-05 2.23373e-05 2.23434e-05 2.23634e-05 2.23618e-05 2.23607e-05 2.2358e-05 
0.00546176 0.000689533 4.29035e-06 0.00128181 0.0567639 0.0275449 0.0119101 0.00200129 0.144916 0.55421 0.0388718 0.0189495 0.00540904 0.0797428 0.037533 0.0135298 0.00118126 
0.0113769 0.000497668 1.36045e-05 0.00831943 0.061403 0.0153783 0.00189571 0.0145203 0.133043 0.39554 0.0198976 0.00191381 4.97757e-05 0.141083 0.188425 0.0065286 0.000114912 
0.00811623 0.00106201 0.000221375 0.135828 0.0288539 0.172587 0.00671658 0.000652159 0.127921 0.262102 0.0282926 0.00416289 0.0665824 0.0320456 0.115103 0.00225703 0.00749623 
0.140617 0.00470178 6.02382e-07 0.0125436 0.306432 0.0227951 0.0274965 0.058181 0.159406 0.0144122 6.02842e-07 0.0100005 0.000301886 0.213681 0.0188162 0.010614 6.02961e-07 
0.001742 3.05425e-07 3.05255e-07 0.0783518 0.0411668 0.018213 0.0137198 0.00476643 0.236497 0.0315959 0.0186657 0.00366349 3.05348e-07 0.118093 0.433524 3.05585e-07 3.05548e-07 
0.0588323 0.0588063 0.0587735 0.0588366 0.0588431 0.0588365 0.0588318 0.0588245 0.0588457 0.0588334 0.0588184 0.0587755 0.0587915 0.0588442 0.0588399 0.058837 0.05883 
0.0222147 0.0159143 8.6903e-06 0.0168725 0.0259611 0.0640636 0.169767 0.0676022 0.119521 0.0031612 0.010422 0.159391 1.42038e-05 0.288403 0.0135755 0.0230378 7.07147e-05 
0.41506 1.59064e-05 1.50476e-10 0.00596521 0.29055 0.000595612 0.0130332 0.000737281 0.13651 0.0135662 0.000506768 1.22313e-07 2.25428e-08 0.0635022 0.00263076 0.0573266 4.70761e-08 
0.00621197 0.000762997 1.12083e-05 0.0710358 0.048985 0.0271295 0.103198 0.00190099 0.324407 0.00305991 0.249202 0.00227319 0.000437068 0.0654654 0.0882181 0.00766717 3.49485e-05 
0.0336066 1.34313e-05 1.34238e-05 1.34382e-05 0.313159 1.34382e-05 1.34371e-05 0.374864 0.116944 0.142451 1.34341e-05 1.34243e-05 1.34279e-05 0.00673344 1.3439e-05 0.0121079 1.34367e-05 
0.00020184 0.981412 1.36994e-06 0.000692732 0.000240352 0.000540569 0.00064227 1.6103e-05 0.00327471 0.00154099 0.00239631 0.000261261 2.21407e-06 0.000345349 0.00302395 0.00491497 0.000492741 
0.0148753 0.000274236 6.98635e-08 2.31859e-05 0.0356801 6.80019e-05 0.0296491 2.8405e-05 0.171117 0.721045 3.85948e-06 1.50604e-05 4.75433e-06 0.027052 0.000105646 5.52981e-05 3.2315e-06 
0.013713 7.70482e-08 7.70053e-08 0.00109473 0.0769809 0.00870329 7.70817e-08 0.0194608 0.311761 0.0109691 7.70641e-08 0.00499789 5.39971e-05 0.516765 0.010978 0.0241981 0.00032381 
0.00589119 0.0063542 5.60264e-09 0.00279322 0.0225907 0.0420987 0.00273536 0.0138456 0.242585 0.0185521 0.000221014 0.00870547 1.00121e-06 0.602595 0.0274876 0.00341274 0.000131489 
0.0413651 0.00242394 1.67547e-05 0.0463739 0.0268551 0.112472 0.014417 0.00287294 0.307209 0.251089 0.00199511 0.00247696 2.0867e-05 0.130727 0.0510542 0.00734206 0.00128867 
0.000193419 0.000154306 4.16436e-07 0.0317758 0.00193818 0.00279565 0.00164107 1.15422e-05 0.0796998 0.0255168 0.808231 4.98384e-05 5.2109e-05 0.0112589 0.0362113 0.000345897 0.000123706 
0.00505512 0.976509 2.46414e-07 0.00227915 0.00162317 0.000160293 0.00127306 2.52086e-06 0.00486699 0.000988172 0.00158921 5.63634e-05 1.02673e-05 0.00349477 0.000765173 0.00116184 0.000164842 
0.0300813 0.000221925 3.35046e-05 0.0480755 0.00646241 0.0359715 0.0420472 0.000874729 0.169487 0.00273297 0.0247021 0.00114113 0.000129453 0.561819 0.0736962 0.00241639 0.000107819 
0.000575682 0.00326546 4.7066e-09 0.00203463 0.00346849 0.40816 0.000632671 0.0141742 0.0775967 0.00138239 2.9945e-06 0.0143924 8.42127e-08 0.42412 0.0336643 0.0157961 0.000733303 
0.0762171 0.00022415 5.79792e-08 0.0236702 0.165939 0.0744699 0.0551484 0.0106942 0.0582197 0.294259 0.0120176 0.00398879 3.18731e-07 0.115577 0.0845054 0.0249359 0.000132961 
0.000591824 0.000160093 1.51609e-06 0.00404757 0.0117982 0.0764989 0.000291396 0.00081457 0.129611 0.755863 0.00623402 2.9954e-05 5.57387e-06 0.00199144 0.0114829 0.000171229 0.000406647 
0.0019108 0.00205689 9.11313e-06 0.000211395 0.0282102 0.0997066 0.000185889 0.00184082 0.165985 0.549011 0.00355237 1.27017e-05 0.000391028 0.120404 0.0185599 0.00770793 0.000244879 
0.00454423 0.000980484 3.14371e-09 0.0114649 0.00647709 0.0226254 0.00350256 1.22836e-06 0.0608586 0.84489 0.0103171 0.00199545 1.99153e-06 0.0023876 0.0299472 1.20068e-06 4.98221e-06 
0.182556 3.25429e-05 6.82905e-07 0.194738 0.196422 0.0663266 0.00364734 0.00704978 0.0561508 0.131094 0.00832474 1.08677e-06 0.000513863 0.100444 0.0412464 0.0114466 5.12351e-06 
3.58172e-05 3.58014e-05 3.57814e-05 3.58198e-05 3.58238e-05 3.58198e-05 3.58169e-05 3.58125e-05 0.154085 0.612519 3.58087e-05 3.57826e-05 3.57923e-05 0.232895 3.58218e-05 3.58201e-05 3.58158e-05 
0.0192993 0.00220955 3.74263e-07 0.0118179 0.0591306 0.0335573 0.0129448 0.0103614 0.199857 0.00444531 6.06356e-05 0.000664386 4.71715e-06 0.641546 0.00311362 0.000938947 4.7715e-05 
0.040256 0.0126113 1.80417e-06 0.0454071 0.0686166 0.069101 0.0124994 0.00927082 0.313886 0.0279361 0.012028 0.0236384 1.98875e-06 0.325812 0.0338878 0.00477769 0.00026739 
0.00020184 0.981412 1.36994e-06 0.000692732 0.000240352 0.000540569 0.00064227 1.6103e-05 0.00327471 0.00154099 0.00239631 0.000261261 2.21407e-06 0.000345349 0.00302395 0.00491497 0.000492741 
0.00122411 0.245937 0.00122289 0.0012242 0.00122433 0.0012242 0.0012241 0.00122395 0.00122439 0.735704 0.00122382 0.00122293 0.00122326 0.00122436 0.00122427 0.00122421 0.00122406 
0.0141406 0.327198 1.42379e-08 0.0180387 0.0672865 0.0202579 0.00719925 0.227959 0.0263049 0.00110178 0.000557083 0.0127177 1.03898e-05 0.2165 0.0589555 0.00095387 0.000819624 
0.00415682 0.000371223 4.42226e-06 0.0604858 0.0619577 0.0214888 0.0312019 0.00262706 0.450162 0.00830386 0.22431 0.000248805 6.72486e-05 0.0413946 0.0460919 0.0467855 0.00034239 
0.00389103 7.36541e-05 1.58249e-10 0.000390064 0.0160612 0.000464945 0.000415662 0.943716 0.0180029 0.00111858 1.95357e-05 0.000168818 6.50051e-10 0.0130558 0.000463513 0.00215066 7.27111e-06 
0.00918799 0.00121853 1.39357e-07 0.019082 0.0479918 0.0259334 0.00506354 0.00405662 0.0938623 0.551745 0.194143 0.000697838 0.000699495 0.0226275 0.0221839 0.00109571 0.000412148 
0.0413455 0.00056609 0.000146275 0.708642 0.0218861 0.021989 0.00579356 0.000268094 0.0931828 0.00868297 0.00194739 0.000303667 0.0124388 0.0329051 0.0458541 0.00386395 0.00018428 
0.0350229 0.000166262 9.11881e-06 0.000214918 0.0659674 0.149229 0.00259555 0.0249579 0.112453 0.511066 0.00349186 0.000617011 0.0163863 0.00604424 0.0260764 0.0452719 0.000429711 
0.065642 0.00487551 5.69294e-05 0.0588438 0.103148 0.00378588 0.00657624 0.00461177 0.197606 0.0253488 0.0249987 0.127483 9.51112e-05 0.352634 0.0139815 0.0102071 0.000104856 
0.000575227 4.0014e-05 6.09549e-07 0.00282907 0.00271669 0.706446 0.000432241 0.000117856 0.194747 0.0242043 1.41224e-05 8.42267e-05 1.95104e-05 0.0398199 0.0278546 3.52921e-05 6.29297e-05 
0.263242 0.0180573 5.46723e-06 0.158725 0.199795 5.47309e-06 0.0257269 5.47197e-06 0.108389 5.4728e-06 0.117641 0.000552207 0.00820882 0.0295639 0.070065 5.47313e-06 5.47248e-06 
0.689199 3.01398e-05 1.58245e-08 0.0117173 0.180749 0.0012483 0.00681324 0.000308048 0.0212584 0.0555769 0.00348857 0.000865796 7.18803e-08 0.00502011 0.0232901 0.000432571 3.32788e-06 
0.100164 4.51398e-07 4.51146e-07 0.0129622 0.235597 0.0504926 0.00465187 0.0111534 0.452513 0.00672938 0.0256904 4.51161e-07 4.51284e-07 0.0125574 0.075698 0.0113365 0.000452032 
0.0253036 3.11095e-07 3.10922e-07 0.0145671 0.0790367 0.00790617 0.00762544 0.00918049 0.500328 0.00236572 0.0922906 0.000466709 3.11017e-07 0.245395 0.0123579 0.00317514 3.11221e-07 
0.00465991 0.000766218 7.2369e-06 0.0463221 0.0190766 0.0958878 0.014505 0.00103038 0.499068 0.00761601 0.0182725 0.0100328 2.02789e-05 0.147626 0.124235 0.0108243 4.98161e-05 
0.0244172 6.6059e-06 9.01659e-07 0.0809846 0.0100083 0.00247934 0.00155361 9.04597e-05 0.731595 0.0140908 0.00055104 0.000140231 9.03871e-07 0.130954 0.00236224 0.000756067 8.42868e-06 
0.0119149 0.00249027 8.81644e-08 0.0247985 0.0564567 0.00155458 0.00231667 0.0143508 0.00764228 0.842728 0.00114092 0.00435244 6.36519e-06 0.00363309 0.0252862 0.00129428 3.41134e-05 
0.00286185 0.0630187 8.77792e-07 0.081026 0.00871376 0.117523 0.39186 0.000477171 0.110816 0.0063803 0.000196018 0.000464208 0.000167275 0.148575 0.0661422 0.0015053 0.00027185 
0.0124041 0.000150328 9.53939e-06 0.00747589 0.0358336 0.00538058 0.000114943 0.0184246 0.809425 0.010531 0.00507587 1.93672e-05 1.05919e-05 0.0087523 0.0611313 0.0049539 0.0203073 
0.036822 0.000627278 3.57214e-06 0.112634 0.0475258 0.0149526 0.0125043 6.5416e-05 0.116857 0.0251703 0.00382723 0.000452706 0.000323392 0.0266962 0.600926 0.000498113 0.000113254 
0.00591479 0.00292112 4.70736e-09 0.00359902 0.0488093 0.0289002 0.00165948 0.0154676 0.45407 0.035548 0.000112554 0.000904875 2.42006e-08 0.387992 0.0128365 0.00119835 6.58706e-05 
0.00914346 0.0177591 8.04834e-05 0.0420263 0.0583197 0.025312 0.00636756 0.010513 0.349488 0.0288888 0.00180678 0.00171424 0.00147592 0.400322 0.0343228 0.01064 0.00181983 
0.0220086 0.00040519 9.22264e-10 0.00330547 0.853083 0.00850897 0.00356484 0.0123902 0.0477555 0.00516594 0.00339513 0.00128389 6.88943e-06 0.0320953 0.00611411 0.00082316 9.35734e-05 
0.0130142 0.707412 1.36438e-12 0.000979557 0.0194743 0.0106897 0.000939008 0.00235011 0.0666838 0.00586042 0.000561684 0.00231963 1.30672e-09 0.00851898 0.152282 0.00715496 0.0017593 
0.0430226 1.3679e-07 2.97224e-09 0.0195268 0.278264 0.0516464 0.0077633 0.00532762 0.149791 0.0155577 0.0113162 0.000372863 1.97992e-08 0.408787 0.00859873 1.82705e-06 2.37038e-05 
0.00099216 0.00545234 8.61382e-10 0.00132739 0.00712079 0.000957581 8.99454e-05 0.000380776 0.00799287 0.0103948 3.53527e-05 0.00595397 0.00446504 0.00190924 0.82678 0.00259339 0.123555 
0.275641 0.00944472 8.90689e-06 0.340702 0.034022 0.0125625 0.00412516 0.000468354 0.0985063 0.00623611 0.0183989 9.36235e-05 5.66303e-05 0.112131 0.0678919 0.000188737 0.0195219 
0.20506 0.000104835 2.79264e-06 0.0225769 0.139979 0.0691432 0.00379451 0.03721 0.0952032 0.247834 0.000744525 0.0209526 0.000167646 0.0706831 0.0633733 0.0229274 0.000243563 
0.00434658 0.00106325 2.16827e-05 0.0232452 0.0455853 0.0839196 0.0069202 0.00652485 0.198556 0.00937448 0.00148991 0.0338854 3.12198e-05 0.537533 0.0360234 0.0112483 0.000231571 
0.0885347 0.111881 3.04684e-06 0.204646 0.143959 0.00354565 0.0241381 0.00174896 0.206734 0.113103 0.00875694 0.0571108 5.05269e-06 0.00424019 0.0298735 0.00167174 4.79405e-05 
0.0270661 0.000779348 3.93658e-10 0.00148522 0.909469 0.000948657 0.000332785 0.0188024 0.0145821 0.00159849 0.000347272 0.000154184 2.89944e-07 0.0220184 0.00198007 0.000393814 4.18449e-05 
0.0132332 0.00101518 1.0557e-06 0.02579 0.0380848 0.00207462 0.00417916 0.191272 0.370017 0.000559378 0.00077875 3.54204e-05 1.21892e-06 0.225572 0.0106703 0.116713 1.99629e-06 
0.00364958 3.14903e-05 3.32811e-06 0.00675679 0.032394 0.0478119 0.122024 0.00104176 0.090602 0.00438993 0.000173663 0.00876059 0.000173656 0.670151 0.00273201 0.00928544 1.95472e-05 
0.0485857 0.000348119 1.60586e-06 0.0274114 0.29079 0.0516432 0.00691539 0.00198301 0.151997 0.265067 0.00240782 0.00611494 5.22751e-06 0.106118 0.0388934 0.00168481 3.34897e-05 
0.000220914 0.000246089 1.24255e-07 0.000921884 0.0014168 0.000175981 0.000130584 0.0232322 0.00518654 0.960341 0.00317611 0.00144416 6.71873e-06 0.00261696 0.000824582 1.33909e-05 4.57583e-05 
0.0314399 0.000485173 3.02875e-07 0.0265607 0.167325 0.106696 0.00600318 0.0098523 0.464939 0.0345936 0.0368886 0.0368312 3.02968e-07 0.0389665 0.032384 0.00473026 0.00230437 
0.00524644 0.000112496 9.48975e-11 0.000247611 0.0231479 0.0004931 0.000202509 0.933112 0.0203859 0.000961816 1.09022e-06 0.000257785 4.25226e-10 0.0120245 0.000708104 0.00308777 1.11017e-05 
0.00400412 0.000774006 4.51109e-05 0.000891243 0.0155903 0.0148247 0.000263633 0.000135171 0.0166558 0.909554 0.00856727 9.92454e-05 0.0113391 0.00617498 0.00979242 0.00023345 0.00105508 
0.0013855 0.00088962 3.42115e-08 0.0336899 0.0503701 0.26573 0.0392644 0.00730686 0.109829 0.00268605 9.64891e-05 0.00228235 3.70746e-06 0.472808 0.00369853 0.00995648 2.70555e-06 
0.0124622 0.00114427 0.000191869 0.507754 0.015267 0.0678535 0.0230911 0.00167014 0.157462 0.021222 0.0304987 0.000612851 0.00223283 0.0989394 0.0513669 0.000656105 0.00757552 
0.0141406 0.327198 1.42379e-08 0.0180387 0.0672865 0.0202579 0.00719925 0.227959 0.0263049 0.00110178 0.000557083 0.0127177 1.03898e-05 0.2165 0.0589555 0.00095387 0.000819624 
0.10739 0.00071323 3.93628e-08 0.0250172 0.0431956 3.75579e-05 0.0129137 0.131811 0.254333 0.0364398 0.382408 0.000274508 2.81814e-06 0.00529343 8.85802e-06 7.88948e-07 0.000160218 
0.20896 1.12294e-06 1.12232e-06 1.12352e-06 0.244843 0.0307856 1.12343e-06 0.00876279 0.318905 0.020448 0.0203306 0.00954114 1.12266e-06 1.12367e-06 0.121011 0.0164046 1.12339e-06 
0.196376 0.216028 4.01336e-06 0.1096 0.301677 0.00329862 0.00335496 0.00156205 0.0331784 0.0137829 0.0297626 0.00533249 4.01716e-06 0.072263 0.0117217 0.000333613 0.00171983 
0.00120223 8.27008e-05 1.24396e-07 0.00218553 0.0145492 0.697917 0.00102141 0.000124238 0.152145 0.0443832 0.00253111 8.13212e-05 1.25235e-06 0.0564703 0.0188154 0.00751259 0.000977424 
0.0161018 0.000206358 1.84244e-06 0.0589884 0.11959 0.0150902 0.00671715 0.0514862 0.385475 0.0959006 0.00252765 0.000526024 3.18072e-05 0.158107 0.0593454 0.0297057 0.000199144 
0.00218314 0.00022875 2.19792e-07 0.0209514 0.0324646 0.00521032 0.0135751 0.00091177 0.647119 0.00694648 0.00548964 0.0537318 5.8637e-06 0.210208 0.000397478 0.000575244 1.19678e-06 
0.0966322 0.00453742 1.41219e-05 0.00892054 0.642677 0.0135082 0.0040567 0.0301561 0.0722729 0.0150084 0.00738648 0.00136579 5.16911e-05 0.0542104 0.0183824 0.030686 0.000133675 
0.0137684 0.000859231 1.62257e-10 0.00112325 0.062881 0.00136634 0.00127514 0.00468823 0.616159 0.0558385 0.0103825 0.000877386 3.99063e-07 0.230162 0.000385004 0.000233437 5.22188e-07 
0.144473 0.0108523 0.000194837 0.0624198 0.380607 0.0647356 0.0413533 0.0108608 0.0361159 0.0347012 0.0074297 0.00253219 0.00231496 0.119574 0.0465351 0.0251485 0.0101515 
0.000575682 0.00326546 4.7066e-09 0.00203463 0.00346849 0.40816 0.000632671 0.0141742 0.0775967 0.00138239 2.9945e-06 0.0143924 8.42127e-08 0.42412 0.0336643 0.0157961 0.000733303 
0.641831 2.1555e-05 1.09539e-07 0.00228371 0.256325 0.000227614 0.000588795 0.060285 0.00972927 0.0163939 2.85677e-06 6.6045e-06 1.31716e-06 0.00857637 0.000238674 0.00348759 1.35126e-06 
0.0197154 0.00202694 9.22226e-06 0.0183022 0.0391783 0.461902 0.142713 0.00642142 0.145413 0.0187535 0.00439764 0.00368918 0.00236021 0.104166 0.028028 0.00290731 1.69526e-05 
0.00141687 3.75472e-05 2.13274e-06 0.00504032 0.0130056 0.00552357 0.00445551 0.00184711 0.845204 0.0132228 0.00273402 0.00156341 7.96605e-06 0.0829863 0.0146368 0.00828071 3.48768e-05 
0.0030074 0.00342246 0.000128215 0.0725363 0.00939517 0.157505 0.0375236 0.0234797 0.367151 0.0120884 0.00187143 0.000794728 0.00120719 0.187314 0.104169 0.0180627 0.000343882 
5.15215e-05 0.150641 3.63125e-09 0.0130663 0.00847432 0.00206809 0.0143328 0.000552943 0.0183845 0.0325141 3.10932e-06 0.000152792 0.00409976 0.00308044 0.0575847 0.0991699 0.595824 
0.164946 0.0142937 1.17373e-05 0.0536929 0.0464499 0.0511174 0.0112383 0.00183757 0.318142 0.00505981 0.00109162 0.00498884 0.00020775 0.282738 0.0439295 0.00011595 0.000139129 
0.013713 7.70482e-08 7.70053e-08 0.00109473 0.0769809 0.00870329 7.70817e-08 0.0194608 0.311761 0.0109691 7.70641e-08 0.00499789 5.39971e-05 0.516765 0.010978 0.0241981 0.00032381 
0.00307533 0.000250387 2.13486e-06 6.6842e-05 0.0141195 0.0020145 0.0021085 0.927407 0.0159726 0.0175591 4.633e-06 0.000201005 0.000341603 0.0141458 0.00260414 0.00011975 7.15021e-06 
0.0204687 0.000375516 9.03263e-11 0.0016069 0.0726128 0.192027 0.000103484 0.00424423 0.250758 0.329742 7.87707e-05 0.0121735 0.00337609 0.0569939 0.0139801 0.0402559 0.0012027 
0.119455 0.0192891 9.17289e-11 0.00099338 0.261673 0.0554553 0.00146861 0.321747 0.00921866 0.00796695 6.86767e-07 0.0388848 7.15165e-07 0.0245278 0.00584191 0.133476 6.8135e-07 
0.0107031 0.810377 1.27503e-06 0.0135861 0.0179623 0.00327036 0.00411042 0.000444147 0.0348279 0.0525103 0.00397274 0.000615494 9.74705e-05 0.0028255 0.0248925 0.016575 0.00322864 
0.0134484 0.793752 1.63473e-06 0.0174677 0.0127644 0.00313301 0.00528471 0.000226032 0.038336 0.056377 0.00418241 0.000791274 0.000125268 0.00363271 0.0251388 0.0213105 0.00402799 
0.0012911 0.00365285 2.47821e-05 0.0182167 0.017373 0.0140261 0.253548 0.000457528 0.183705 0.0396767 0.0212089 0.000749694 0.0148841 0.0337713 0.365896 0.0311059 0.000412927 
0.00981683 0.00195431 5.25892e-08 0.0164996 0.0255813 0.0106299 0.000391996 0.00555367 0.770697 0.0205085 0.000585068 4.36926e-05 1.74735e-07 0.0710431 0.0554962 0.0111843 1.44878e-05 
0.0220311 0.00216114 5.60938e-07 0.085781 0.119785 0.0530219 0.00243047 0.00484304 0.162117 0.0659393 0.0286157 0.0010324 8.75404e-06 0.0877793 0.310672 0.0415832 0.0121978 
0.00996322 0.000571488 1.00444e-07 0.764375 0.0199575 0.00111522 0.0100626 0.000848489 0.0918557 0.0392973 0.00394061 0.000693621 5.32831e-05 0.0286335 0.0285283 5.07032e-05 5.335e-05 
0.0265923 0.00129808 8.28212e-05 0.0271413 0.121929 0.0289522 0.0141113 0.014822 0.173322 0.0625375 0.0195941 0.0580678 0.000542072 0.24434 0.179342 0.00743558 0.0198909 
0.0768449 3.59881e-05 1.19605e-08 0.00166746 0.613426 0.00372275 0.00230916 0.0277842 0.0784461 0.00259204 0.000132249 8.89509e-06 0.00035914 0.154803 0.0146312 0.0232359 1.18684e-06 
0.0125622 0.0157395 1.76731e-06 0.00760933 0.301507 1.7692e-06 0.00230154 0.0095535 0.0677727 0.448471 1.76865e-06 0.00035524 0.000885692 0.067417 0.0447651 0.00584016 0.0152152 
0.0077579 0.00302623 2.45371e-07 0.0121306 0.0862455 0.0323462 0.0109214 0.00640793 0.0784408 0.56409 0.00265724 0.000409147 3.51832e-05 0.0154958 0.178666 0.000587976 0.000781989 
0.0633356 0.00253139 6.39419e-05 0.0128658 0.101748 0.0512142 0.010118 0.0115436 0.409952 0.00921237 0.00323285 0.00277728 7.31625e-05 0.215249 0.0637406 0.0378267 0.00451536 
0.112426 0.00265973 7.73926e-07 0.106615 0.390262 0.000915982 0.056534 0.0104314 0.134425 0.0315543 0.000437038 0.000648952 1.14536e-06 0.106393 0.0463057 0.000303208 8.71909e-05 
0.0383243 0.0147349 2.37582e-05 0.0496582 0.0161158 0.00642798 0.590198 0.00783655 0.0742965 0.00511528 0.0027263 7.68019e-05 2.87504e-05 0.184557 0.00256627 0.00728761 2.66376e-05 
0.00531814 0.00185585 6.25449e-05 0.139038 0.0375626 0.217899 0.0543124 0.00673237 0.316985 0.00763264 0.0263838 0.00196388 0.000333838 0.127426 0.0442804 0.0120111 0.000202845 
0.0123945 0.00275273 1.22439e-06 0.0350585 0.0505245 0.00242177 0.00576019 0.0028058 0.116081 0.0384073 8.35882e-05 0.000703391 2.44058e-05 0.666468 0.0200951 0.0463583 5.95618e-05 
0.0192058 0.095318 2.97735e-07 0.00364223 0.0604204 0.255122 0.000170979 0.0112424 0.174581 0.182364 0.000317961 0.00369179 0.0342475 0.122851 0.0243979 0.00888526 0.00354169 
0.231654 0.0118289 1.25558e-06 0.0920779 0.16126 0.0350479 0.0362993 0.00256009 0.14764 0.0403627 0.0725528 0.000664248 1.26718e-06 0.100266 0.0654201 0.00231237 5.064e-05 
0.0110409 0.00629297 0.000259662 0.134842 0.0441685 0.348262 0.0689423 0.00247683 0.134838 0.0175353 0.0041205 0.000365528 0.00161359 0.131168 0.082599 0.00773539 0.00373948 
0.00140356 0.00624103 1.24349e-06 0.000208009 0.918398 0.000103025 8.01639e-05 0.0105074 0.0112354 0.0129795 3.95284e-06 0.000219973 1.26377e-05 0.0140034 0.00719616 0.0173631 4.35729e-05 
0.00180452 0.000186599 6.09355e-05 0.00149307 0.0120459 0.0104732 0.00153056 0.0013987 0.00661241 0.945425 0.000960907 0.000359711 0.00627554 0.00490799 0.00423884 0.00177617 0.000449678 
0.00514695 0.00172507 9.54367e-08 0.0119809 0.0197923 0.0491418 0.000874955 0.000347261 0.0385784 0.772091 0.051792 0.00061229 3.04188e-06 0.0248012 0.0193271 0.00375547 3.05299e-05 
0.00524644 0.000112496 9.48975e-11 0.000247611 0.0231479 0.0004931 0.000202509 0.933112 0.0203859 0.000961816 1.09022e-06 0.000257785 4.25226e-10 0.0120245 0.000708104 0.00308777 1.11017e-05 
0.0191415 0.00440009 1.02746e-05 0.0377635 0.0687249 0.0265805 0.0106414 0.00448509 0.49907 0.0157524 0.00883661 0.00139435 1.40974e-05 0.233712 0.0222959 0.0471225 5.5649e-05 
3.73552e-07 0.00843311 2.37497e-11 6.28156e-06 0.0010236 0.000870509 5.64124e-07 9.2793e-08 2.38419e-06 0.98769 3.79662e-07 1.12047e-06 2.71829e-08 1.43985e-06 0.00162778 4.35421e-08 0.000341915 
0.00020184 0.981412 1.36994e-06 0.000692732 0.000240352 0.000540569 0.00064227 1.6103e-05 0.00327471 0.00154099 0.00239631 0.000261261 2.21407e-06 0.000345349 0.00302395 0.00491497 0.000492741 
0.00728104 4.58227e-05 2.39865e-07 0.00107681 0.0406835 0.00679759 9.94239e-06 0.0104067 0.0930257 0.79818 0.000102432 3.4847e-05 5.49387e-07 0.0370139 0.00237904 8.09833e-06 0.00295329 
0.00791836 0.00123853 1.20922e-07 0.0083504 0.0183753 0.00017244 0.00190045 0.000900656 0.0106915 0.93548 0.00232931 0.000451749 1.18261e-06 0.00633895 0.00242616 0.00321352 0.000211822 
0.0157355 0.000248598 0.000173846 0.0468525 0.0570159 0.136455 0.0218468 0.00491386 0.310599 0.0319034 0.0118316 0.00289724 0.0271334 0.0963704 0.224403 0.0109904 0.000629244 
0.0046971 0.00504734 2.53524e-07 0.00234708 0.0257645 0.118777 0.000158696 0.00957443 0.368876 0.00462468 8.38933e-05 0.00195975 0.00466422 0.106954 0.341062 0.00407021 0.00133816 
5.03991e-05 2.77778e-05 1.07504e-05 5.2068e-05 8.32216e-05 0.000641065 0.000183712 0.000813288 0.28672 0.410578 1.35258e-05 0.223085 0.00544176 0.0698784 0.000172773 0.00021637 0.00203156 
0.00465991 0.000766218 7.2369e-06 0.0463221 0.0190766 0.0958878 0.014505 0.00103038 0.499068 0.00761601 0.0182725 0.0100328 2.02789e-05 0.147626 0.124235 0.0108243 4.98161e-05 
0.00913278 0.0020473 1.33414e-11 0.379499 0.0682171 0.00129308 0.00131885 0.0040103 0.000832948 0.00192565 6.84672e-05 0.00588374 3.27616e-08 0.066157 0.0103924 0.00013283 0.449089 
0.00268913 1.84816e-07 6.73968e-12 2.55553e-07 0.040361 0.357936 0.00324982 0.00772396 0.225385 0.0565091 0.000517665 4.18927e-07 2.51872e-08 2.6003e-06 0.304875 0.000586885 0.000163138 
0.00622336 0.000280258 2.12238e-07 0.073385 0.064663 0.165683 0.0931931 0.056925 0.292963 0.017624 0.00123926 0.0429225 3.3522e-06 0.123381 0.0333696 0.0281174 2.75137e-05 
0.160472 0.00135538 1.35041e-05 0.000894306 0.266905 0.00706643 0.0554394 0.0793738 0.119089 0.112341 2.46196e-05 1.6445e-05 1.59714e-05 0.194756 0.000607566 0.00159607 3.19676e-05 
0.0143095 0.000327244 7.96694e-08 0.00342031 0.147274 0.00488513 0.00211527 0.0120441 0.309616 0.0819181 0.00151224 0.000853802 7.45488e-06 0.335582 0.0265906 0.0591163 0.000427864 
0.0301382 4.89287e-05 1.9953e-10 0.164312 0.208771 0.00216405 0.0724674 2.85569e-07 0.203864 0.0563353 0.107344 0.0271775 2.17751e-06 0.124914 0.001767 0.000673122 2.09713e-05 
0.00156722 0.000532041 4.36762e-08 0.0915669 0.00552471 0.105425 0.029802 3.40076e-06 0.594878 0.00414008 0.0591388 3.20904e-06 2.68448e-07 0.0857199 0.021628 5.7237e-05 1.32815e-05 
0.0157504 6.53226e-07 6.52861e-07 6.53562e-07 0.168899 0.192671 0.0124173 0.025615 0.168776 0.140312 0.00575024 6.52883e-07 0.00320064 6.53647e-07 0.240199 0.0226141 0.00379089 
0.935546 0.000208013 3.76401e-11 0.00346992 0.0159471 0.000145542 0.00126675 0.00426752 0.00674633 0.0118515 0.000135003 1.52474e-06 6.79904e-09 0.0195325 0.000796833 8.57385e-05 1.46704e-08 
0.0351143 0.00193406 1.00699e-09 0.00986081 0.610544 0.002225 0.00255811 0.0981274 0.127459 0.0131978 4.05705e-05 0.00322992 8.06651e-07 0.00898248 0.0131352 0.0734681 0.000122633 
0.00307533 0.000250387 2.13486e-06 6.6842e-05 0.0141195 0.0020145 0.0021085 0.927407 0.0159726 0.0175591 4.633e-06 0.000201005 0.000341603 0.0141458 0.00260414 0.00011975 7.15021e-06 
0.0163015 0.000168329 4.58941e-05 0.0167358 0.0383481 0.0344662 0.00977147 0.00239972 0.0475376 0.769004 0.00595288 0.00583977 0.00630944 0.0252739 0.0156953 0.00601538 0.000134392 
0.00670676 4.32852e-05 2.935e-07 0.0393823 0.0478498 0.15375 0.0180211 0.00753873 0.496104 0.0263782 0.00202241 0.000785582 3.21476e-05 0.130307 0.061573 0.00945984 4.57362e-05 
0.0049473 0.00258951 2.64466e-08 0.0028463 0.0239196 0.0406309 0.00347066 0.0177553 0.4448 0.00262153 0.000153342 0.0016443 2.51149e-07 0.432984 0.0213742 0.000190726 7.18931e-05 
0.00099216 0.00545234 8.61382e-10 0.00132739 0.00712079 0.000957581 8.99454e-05 0.000380776 0.00799287 0.0103948 3.53527e-05 0.00595397 0.00446504 0.00190924 0.82678 0.00259339 0.123555 
0.0105686 3.19984e-05 1.29688e-08 0.0323026 0.0469348 0.00276188 0.00276946 0.000180841 0.0101603 0.0159466 2.977e-05 0.843829 1.29466e-06 0.0322091 0.00149371 0.000778738 1.28206e-06 
0.0041533 4.86571e-05 1.23996e-10 1.21522e-05 0.00368412 0.0109989 3.07176e-05 3.89936e-05 0.00136344 0.959837 0.00629785 0.00252117 4.57368e-09 1.54304e-05 0.00813474 0.000216844 0.00264656 
0.00728071 0.00317523 8.37792e-10 0.00188106 0.175485 0.113901 0.0052416 0.00106894 0.0455618 0.614544 6.98841e-05 7.17436e-07 1.93368e-05 0.0234641 0.00550922 3.66706e-06 0.00279416 
4.13584e-07 4.13401e-07 4.13171e-07 4.13614e-07 4.1366e-07 0.0528189 0.00806523 4.1353e-07 4.13678e-07 0.022748 0.00194381 0.000909419 0.863833 0.015637 0.0206409 4.13617e-07 0.0134 
