0.00512338 0.00786219 3.64917e-08 0.00922568 0.0104321 0.0372546 0.0015914 0.0158635 0.254926 0.00741451 2.014e-07 0.00165677 5.67361e-08 0.559048 0.0660095 0.0225541 0.00103737 
0.00913278 0.0020473 1.33414e-11 0.379499 0.0682171 0.00129308 0.00131885 0.0040103 0.000832948 0.00192565 6.84672e-05 0.00588374 3.27616e-08 0.066157 0.0103924 0.00013283 0.449089 
4.12118e-06 4.11936e-06 4.11707e-06 0.105102 0.0177284 4.12148e-06 0.105918 4.12064e-06 0.307514 4.12126e-06 4.12021e-06 0.011944 4.11832e-06 0.0939859 0.345404 4.12151e-06 0.0123672 
0.00020184 0.981412 1.36994e-06 0.000692732 0.000240352 0.000540569 0.00064227 1.6103e-05 0.00327471 0.00154099 0.00239631 0.000261261 2.21407e-06 0.000345349 0.00302395 0.00491497 0.000492741 
0.0155204 0.000163929 6.71365e-06 0.0555858 0.0103732 0.606056 0.0332808 0.000196371 0.109975 0.0147777 0.00591857 8.4341e-05 6.71058e-05 0.117524 0.026306 0.0041012 6.32342e-05 
0.0173404 4.31151e-05 1.0127e-05 0.0144263 0.0690902 0.26365 0.0200365 0.0395199 0.0717319 0.0435821 0.000926077 0.304817 0.00525553 0.0944079 0.041022 0.0140788 6.13646e-05 
0.00328189 9.4789e-05 1.67961e-06 0.0112031 0.0422397 0.0750185 0.00098888 0.00264409 0.68342 0.0148946 0.00628334 0.000232325 4.79595e-06 0.11338 0.0460131 0.000120991 0.000178146 
0.0138925 0.319147 2.15954e-06 0.0235663 0.0592251 0.0371483 0.017682 0.00113128 0.19202 0.110675 0.022625 0.00106095 5.25156e-06 0.0353119 0.0662667 0.00582819 0.094413 
0.0501 0.00448828 3.48818e-05 0.260978 0.0978875 0.00172875 0.00126012 0.0351139 0.14709 0.104137 0.00242693 0.000284934 0.0184159 0.271398 0.00393559 0.000655071 6.51762e-05 
0.0161445 0.00010722 7.55358e-06 0.00139154 0.0335016 0.0165482 0.0362168 0.000558701 0.0914019 0.0318095 0.000200031 5.6388e-05 0.000576841 0.0622869 0.701615 0.00732832 0.000248896 
0.00533792 0.104873 3.2122e-07 0.0294556 0.103362 0.086051 0.0471378 0.0187759 0.106455 0.0459816 0.0020577 0.00337325 0.00134986 0.189716 0.180666 0.0726747 0.00273332 
0.000310495 0.993681 6.33451e-10 0.000158083 0.000307903 0.000221257 6.76373e-05 1.10903e-08 0.00107512 0.00316159 0.000287142 2.6021e-06 1.67217e-09 8.86396e-05 0.000381543 0.000190638 6.63207e-05 
0.00307533 0.000250387 2.13486e-06 6.6842e-05 0.0141195 0.0020145 0.0021085 0.927407 0.0159726 0.0175591 4.633e-06 0.000201005 0.000341603 0.0141458 0.00260414 0.00011975 7.15021e-06 
0.00810903 0.021427 0.00036839 0.0207833 0.0198774 0.176072 0.00742677 0.0125593 0.209912 0.135894 0.00318424 0.000505653 0.00273668 0.263511 0.101634 0.00381417 0.0121851 
0.067666 3.05342e-05 8.99924e-07 0.00312329 0.547537 0.000168384 0.0220009 0.0587135 0.0185225 0.10414 0.00415184 0.00145575 0.00166194 0.16151 0.0089384 0.000245864 0.00013238 
0.00115409 0.00249218 2.69667e-08 0.0020041 0.00530143 0.163702 0.000709629 0.000647684 0.524122 0.0801066 0.0231893 0.00149742 0.00216027 0.0698111 0.121787 0.00109022 0.000225552 
0.0155204 0.000163929 6.71365e-06 0.0555858 0.0103732 0.606056 0.0332808 0.000196371 0.109975 0.0147777 0.00591857 8.4341e-05 6.71058e-05 0.117524 0.026306 0.0041012 6.32342e-05 
0.00389103 7.36541e-05 1.58249e-10 0.000390064 0.0160612 0.000464945 0.000415662 0.943716 0.0180029 0.00111858 1.95357e-05 0.000168818 6.50051e-10 0.0130558 0.000463513 0.00215066 7.27111e-06 
0.0202832 0.000203694 0.000130779 0.0436275 0.0409069 0.0989792 0.0077551 0.00591285 0.109492 0.522706 0.0247181 0.00247381 0.00112862 0.0769004 0.0439809 0.000519209 0.000281386 
0.0435753 1.11653e-05 1.11591e-05 1.11711e-05 0.20223 1.11711e-05 0.106128 1.11688e-05 0.0994494 0.548483 1.11676e-05 1.11595e-05 1.11625e-05 1.11725e-05 1.11717e-05 1.11712e-05 1.11698e-05 
0.0408616 4.69551e-05 6.92628e-10 0.00745782 0.302368 0.0054699 0.0071188 0.0552179 0.0153806 0.000422886 0.00128773 0.00255634 2.22646e-08 0.0182698 0.00122579 0.542315 1.4991e-06 
0.273037 0.000245717 3.55923e-08 0.0658899 0.00488469 0.00071006 0.00146793 4.1533e-07 0.130753 0.0968933 0.250257 0.000157199 1.52155e-06 0.00209159 0.172655 7.17862e-05 0.000884337 
0.0107682 0.000548927 1.76836e-07 0.00904446 0.0181007 0.0013766 0.000697687 2.82138e-05 0.246631 0.0959297 0.0302202 0.00723275 0.00701242 0.0686833 0.503108 0.000358676 0.000259005 
0.0138728 0.000106448 2.35446e-09 0.00839246 0.0136193 0.00525275 0.0207126 0.00117739 0.0431663 0.0287701 0.849502 0.000562207 2.1423e-07 0.0098988 0.00493214 5.16193e-06 2.89405e-05 
0.0116358 0.00748151 4.86266e-05 0.234888 0.0498984 0.0675834 0.0351023 0.00686757 0.330011 0.0320286 0.0150256 0.000377738 0.0010338 0.0435903 0.065066 0.0993091 5.22891e-05 
0.0484121 0.000427142 5.1263e-06 0.00411793 0.134087 0.00135477 0.00390306 0.0027888 0.210943 0.543035 0.00222005 0.000119115 3.87765e-05 0.042714 0.00544104 0.000161587 0.0002314 
0.0292886 0.000418199 2.14591e-05 0.46154 0.151556 0.00569895 0.0116792 0.0200275 0.151484 0.016406 0.0126475 0.000168659 0.00422836 0.0906456 0.0066765 0.0374603 5.35512e-05 
0.014077 0.00969836 0.000174432 0.296251 0.0766801 0.00470763 0.00439596 0.036431 0.123344 0.00751362 0.00167346 0.000713539 0.000477792 0.089344 0.29687 0.0374736 0.000175003 
0.140617 0.00470178 6.02382e-07 0.0125436 0.306432 0.0227951 0.0274965 0.058181 0.159406 0.0144122 6.02842e-07 0.0100005 0.000301886 0.213681 0.0188162 0.010614 6.02961e-07 
0.0167919 6.03741e-05 6.79933e-07 0.0597956 0.294576 0.0104515 0.0370138 0.000743899 0.146571 0.144894 0.121144 0.0373761 1.2216e-05 0.12507 0.00451182 0.000963335 2.46909e-05 
0.0210392 0.000371875 3.17176e-11 0.0012409 0.0675726 0.00154192 0.00127501 0.0307994 0.476986 0.0637058 1.0828e-06 0.00199033 3.42793e-06 0.32663 0.00346338 0.00335403 2.45991e-05 
0.0143345 0.000229802 8.59266e-06 0.0320052 0.194486 0.048689 0.0333508 0.122129 0.211523 0.00790759 0.000132525 0.000191627 2.00021e-05 0.193043 0.0137238 0.128206 1.97059e-05 
0.00020184 0.981412 1.36994e-06 0.000692732 0.000240352 0.000540569 0.00064227 1.6103e-05 0.00327471 0.00154099 0.00239631 0.000261261 2.21407e-06 0.000345349 0.00302395 0.00491497 0.000492741 
0.0550908 0.00120028 3.85969e-08 0.00180532 0.667438 0.00368226 0.00131382 0.0689115 0.0801471 0.0198994 0.00129839 0.000432026 1.49038e-06 0.0509522 0.0314826 0.0160397 0.000304952 
0.00158306 0.00205742 0.000210256 0.0659903 0.0201981 0.460236 0.0404835 0.00167098 0.136276 0.00787249 0.00383025 0.00040415 0.00271131 0.222434 0.0321518 0.000922139 0.000967737 
0.0234624 0.000727684 0.000564408 0.03241 0.117848 0.0641939 0.263539 0.00552714 0.193578 0.145582 0.00412455 0.00139368 0.00385237 0.085027 0.0505826 0.00541595 0.0021712 
0.145297 0.00602132 3.50171e-08 0.0102603 0.0904078 0.0286708 0.0133876 0.000186008 0.0616081 0.00130078 0.00143285 2.56584e-05 5.62204e-07 0.600012 0.041277 5.5452e-05 5.62728e-05 
0.048597 0.000181095 3.24428e-06 0.0191734 0.16961 0.00514711 0.000480393 0.0458984 0.0569253 0.36729 0.00941679 0.0972343 0.000129253 0.155847 0.00905088 0.014983 3.32111e-05 
0.0152462 8.66262e-06 1.73295e-06 0.00175634 0.675188 0.0004227 0.000387288 0.0713354 0.109185 0.0472408 0.00077162 0.000960417 1.055e-05 0.0381167 0.0176532 0.0216904 2.59166e-05 
0.000575682 0.00326546 4.7066e-09 0.00203463 0.00346849 0.40816 0.000632671 0.0141742 0.0775967 0.00138239 2.9945e-06 0.0143924 8.42127e-08 0.42412 0.0336643 0.0157961 0.000733303 
0.00099216 0.00545234 8.61382e-10 0.00132739 0.00712079 0.000957581 8.99454e-05 0.000380776 0.00799287 0.0103948 3.53527e-05 0.00595397 0.00446504 0.00190924 0.82678 0.00259339 0.123555 
0.0383243 0.0147349 2.37582e-05 0.0496582 0.0161158 0.00642798 0.590198 0.00783655 0.0742965 0.00511528 0.0027263 7.68019e-05 2.87504e-05 0.184557 0.00256627 0.00728761 2.66376e-05 
0.00518765 0.000620592 0.000134268 0.0860428 0.0066953 0.0283444 0.174604 0.00372969 0.219558 0.00473304 0.00733955 0.000440394 0.000395321 0.153267 0.287689 0.00187485 0.0193435 
0.0862717 0.000217072 7.71024e-07 0.114934 0.154866 0.0142372 0.00382906 0.0139191 0.084113 0.235213 0.0780026 0.000756693 8.23194e-07 0.133694 0.0579338 0.0200994 0.00191131 
0.00492097 0.000557552 1.48234e-05 0.00484773 0.0573021 0.0200405 0.00303161 0.00988438 0.646618 0.0444401 0.00274763 0.00121088 1.54712e-05 0.162606 0.0250708 0.0164972 0.000193719 
0.00450686 0.00276638 1.57017e-05 0.00208288 0.00473565 0.412935 0.0110887 0.00145083 0.00772967 0.0748683 0.000352482 0.0128762 0.24796 0.171689 0.0199183 0.0216699 0.00335366 
0.00099216 0.00545234 8.61382e-10 0.00132739 0.00712079 0.000957581 8.99454e-05 0.000380776 0.00799287 0.0103948 3.53527e-05 0.00595397 0.00446504 0.00190924 0.82678 0.00259339 0.123555 
0.0041852 0.00460233 3.08227e-08 0.00857842 0.0248548 0.0391405 0.036122 0.000276914 0.487215 0.0374564 0.00169495 0.00257245 1.82382e-05 0.286675 0.0519156 0.0143891 0.000302785 
0.00935861 6.96472e-05 1.73951e-09 0.0116128 0.203386 0.0737679 0.0231494 0.00125605 0.516849 0.00402403 0.00201637 0.000123131 6.19906e-09 0.0790182 0.0732014 0.00215597 1.09043e-05 
0.0177237 0.00246713 0.000163423 0.0301994 0.0195506 0.0310081 0.0135597 0.00809648 0.333894 0.0176029 0.277435 0.000170623 0.0101375 0.156161 0.0695699 0.00225646 0.0100039 
0.00020184 0.981412 1.36994e-06 0.000692732 0.000240352 0.000540569 0.00064227 1.6103e-05 0.00327471 0.00154099 0.00239631 0.000261261 2.21407e-06 0.000345349 0.00302395 0.00491497 0.000492741 
0.00385713 0.000710537 2.34256e-10 0.0084542 0.0270003 0.170116 0.00190555 4.57722e-08 0.287873 0.394708 0.00517331 3.5846e-05 2.07695e-07 0.0261235 0.0573474 0.0162946 0.000400199 
0.0121245 0.000239255 5.97937e-05 0.72011 0.0313489 0.012859 0.0535332 0.0024923 0.0706745 0.00396148 0.0106976 0.00644544 6.72623e-05 0.0425305 0.0184473 0.0139888 0.000419908 
0.0515812 0.00235443 3.14932e-06 0.12482 0.393496 0.0614859 0.0473874 0.00740351 0.0909693 0.0275352 0.000386664 0.00104824 0.00173647 0.125055 0.0450553 0.0196403 4.11588e-05 
0.0575394 0.00637787 4.50966e-08 0.00143245 0.592651 0.00355489 0.00769277 0.0299575 0.0905528 0.0967806 0.0299321 0.000514733 2.15891e-07 0.0691244 0.0132752 0.000561745 5.24864e-05 
0.0270661 0.000779348 3.93658e-10 0.00148522 0.909469 0.000948657 0.000332785 0.0188024 0.0145821 0.00159849 0.000347272 0.000154184 2.89944e-07 0.0220184 0.00198007 0.000393814 4.18449e-05 
0.0270661 0.000779348 3.93658e-10 0.00148522 0.909469 0.000948657 0.000332785 0.0188024 0.0145821 0.00159849 0.000347272 0.000154184 2.89944e-07 0.0220184 0.00198007 0.000393814 4.18449e-05 
0.0224632 2.08478e-05 7.85203e-08 0.17746 0.0163946 0.0145065 0.00482676 0.000318857 0.470403 0.000206342 0.10259 2.39045e-05 2.73309e-07 0.182262 0.00727586 0.00124355 2.86011e-06 
0.00450686 0.00276638 1.57017e-05 0.00208288 0.00473565 0.412935 0.0110887 0.00145083 0.00772967 0.0748683 0.000352482 0.0128762 0.24796 0.171689 0.0199183 0.0216699 0.00335366 
0.0287063 0.000510092 2.28102e-06 0.00915492 0.110119 0.0522268 0.0185028 0.00481195 0.280328 0.179248 0.025597 0.00243694 1.6782e-05 0.135761 0.0568374 0.0955959 0.000145459 
0.0225701 0.00109591 0.000109175 0.00720698 0.0754921 0.232585 0.0251078 0.00139726 0.0873455 0.483368 0.00246511 0.000917738 0.00440833 0.0219076 0.0306582 0.00321811 0.000147693 
0.00131445 1.89506e-08 2.39624e-09 0.00508477 0.0185123 0.0073238 0.0052902 0.000491931 0.656905 0.00545138 9.07411e-08 0.0016469 2.43629e-05 0.286651 0.00875353 0.00253543 1.45188e-05 
0.0155204 0.000163929 6.71365e-06 0.0555858 0.0103732 0.606056 0.0332808 0.000196371 0.109975 0.0147777 0.00591857 8.4341e-05 6.71058e-05 0.117524 0.026306 0.0041012 6.32342e-05 
0.00880241 0.000961573 4.18333e-05 0.0197954 0.0682914 0.0305734 0.051903 0.00649616 0.348953 0.247075 0.014275 0.00167329 0.00129584 0.103919 0.093284 0.00245 0.000209829 
0.00610126 0.000277966 2.34378e-08 0.0527661 0.0278581 0.132598 0.0444909 0.0129307 0.0188157 0.0827599 0.528709 0.00458155 0.0137576 0.0741758 0.00014 1.25025e-05 2.46211e-05 
0.0494452 1.97822e-05 1.34889e-06 0.00468917 0.0892618 0.0575743 0.000206891 0.00272988 0.601725 0.0588068 0.0362881 0.0042907 6.6386e-05 0.0675369 0.0202271 0.00709085 3.92265e-05 
0.0114257 0.0265089 1.66629e-07 0.255984 0.029762 0.0130779 0.0168297 0.0019681 0.304388 0.166015 0.00653705 0.00808193 1.6668e-07 0.134715 0.0207523 0.00183507 0.00211839 
0.00603492 7.40181e-05 2.09438e-05 0.000786031 0.0387299 0.0932179 0.00219735 0.00169246 0.12125 0.637582 2.16061e-05 0.000679125 0.0599579 0.0248843 0.00438346 0.00033937 0.00814873 
0.00259656 0.0641282 1.1833e-05 0.0170003 0.0209025 0.0176772 0.0130982 0.00326038 0.0400381 0.0131395 0.000286465 0.000336124 4.25544e-05 0.663203 0.143058 0.000567223 0.000653269 
0.0113524 0.000524199 1.45237e-08 0.0981637 0.0180259 0.0284724 0.00355618 0.000200706 0.0278923 0.129959 0.476724 4.51651e-05 5.06668e-06 0.124794 0.0800293 9.03927e-07 0.00025442 
0.100585 0.00165664 2.57405e-07 0.0261892 0.0200561 9.03471e-06 0.000219478 0.124426 0.0203883 0.0495256 0.000139 5.87237e-06 0.00116017 0.00632077 0.175939 3.65707e-05 0.473343 
1.38888e-05 1.38826e-05 1.38749e-05 1.38898e-05 1.38913e-05 1.38898e-05 1.38887e-05 1.3887e-05 1.38919e-05 0.0194586 0.980333 1.38754e-05 1.38791e-05 1.38916e-05 1.38906e-05 1.38899e-05 1.38882e-05 
0.0613691 0.000238799 0.000140599 0.0271701 0.0778994 0.0214634 0.00149843 0.0046914 0.0422829 0.200944 0.00849391 0.000451856 0.0166899 0.0425038 0.02218 0.00168615 0.470297 
0.081183 0.0239055 0.000762178 0.0137041 0.153149 0.0170655 0.0104162 0.0236493 0.134377 0.0465597 0.0266294 0.00272692 0.00242262 0.0572648 0.344113 0.0218699 0.040202 
0.00450686 0.00276638 1.57017e-05 0.00208288 0.00473565 0.412935 0.0110887 0.00145083 0.00772967 0.0748683 0.000352482 0.0128762 0.24796 0.171689 0.0199183 0.0216699 0.00335366 
0.169086 5.41687e-06 5.41385e-06 5.41966e-06 0.489996 5.41965e-06 5.41922e-06 0.295316 0.00163157 0.00867641 5.41798e-06 5.41403e-06 5.4155e-06 5.42036e-06 5.41996e-06 0.0352334 5.41905e-06 
0.0179182 0.00442687 1.33329e-08 0.00964762 0.00904231 0.00524198 0.00239016 0.00489007 0.0871819 4.2879e-05 1.76362e-05 0.000329068 3.112e-08 0.852034 0.00669646 0.000106255 3.48403e-05 
0.0061403 0.00239084 0.000572962 0.203272 0.0241156 0.0260215 0.040516 0.000763047 0.51305 0.00316628 0.0131708 0.000921089 0.00134093 0.105777 0.0473613 0.0100905 0.00133049 
0.0181873 0.00018586 2.82179e-10 0.00695049 0.1369 0.144398 0.00967107 0.00177004 0.323809 0.00462558 0.00508633 0.00040023 9.62816e-07 0.34091 0.00672796 0.000377344 5.22174e-09 
0.00318896 0.00841824 0.000684934 0.00284435 0.0341201 0.0796946 0.00147652 0.024524 0.209376 0.0374612 0.000754829 0.0195913 0.0111795 0.0629418 0.287678 0.0524539 0.163612 
0.0270661 0.000779348 3.93658e-10 0.00148522 0.909469 0.000948657 0.000332785 0.0188024 0.0145821 0.00159849 0.000347272 0.000154184 2.89944e-07 0.0220184 0.00198007 0.000393814 4.18449e-05 
0.0151911 0.218726 5.3081e-05 0.03485 0.192028 0.038426 0.0139959 0.00323998 0.124846 0.201791 0.0156917 0.000677889 0.0024486 0.0547065 0.0769694 0.00459623 0.00176168 
0.0255393 0.000102208 1.14184e-07 0.0331865 0.0324095 0.0916069 0.0128864 4.57426e-05 0.0578975 0.275513 0.368505 1.35033e-05 0.00104379 0.0845015 0.0155149 0.000255082 0.000978816 
0.0167899 0.00181909 0.000134261 0.015234 0.160177 0.0441887 0.0271662 0.0268222 0.101309 0.00607482 0.000804523 0.0017827 0.00201325 0.492421 0.0122641 0.0888307 0.00216743 
4.46517e-07 1.6592e-07 7.53041e-11 5.5573e-07 0.00799147 0.0183248 7.46706e-08 0.000300887 0.0186558 0.949341 1.10314e-07 7.03142e-07 8.21445e-05 0.00290828 0.00224917 1.15907e-07 0.000144239 
0.00546176 0.000689533 4.29035e-06 0.00128181 0.0567639 0.0275449 0.0119101 0.00200129 0.144916 0.55421 0.0388718 0.0189495 0.00540904 0.0797428 0.037533 0.0135298 0.00118126 
0.0024595 0.000375856 1.15328e-05 0.058022 0.0101763 0.154636 0.0865017 0.00013215 0.0934002 0.363357 0.00565439 0.00203673 0.170773 0.0406243 0.0110708 0.000123218 0.000645636 
0.00020184 0.981412 1.36994e-06 0.000692732 0.000240352 0.000540569 0.00064227 1.6103e-05 0.00327471 0.00154099 0.00239631 0.000261261 2.21407e-06 0.000345349 0.00302395 0.00491497 0.000492741 
0.0332061 0.000584745 2.01836e-07 0.0285474 0.111285 0.00709387 0.0125867 0.0013829 0.559223 0.0319707 0.000458659 0.000136753 1.09403e-06 0.200672 0.0126255 0.000192568 3.20666e-05 
0.0103307 7.62594e-05 2.65202e-07 0.0514041 0.046758 0.117504 0.0461437 0.000624307 0.252156 0.0281046 0.00347853 0.000766102 6.44425e-07 0.432484 0.00972446 0.000414924 2.90125e-05 
0.00253042 0.000105119 2.99923e-07 0.0156568 0.0374282 0.0592124 0.00909771 0.0292662 0.339533 0.00779295 0.00151179 0.000742926 9.409e-07 0.405634 0.0437072 0.0477174 6.33321e-05 
0.0015215 0.0021085 8.8307e-11 0.000379592 0.055177 0.000108977 0.000280517 0.00162883 0.000503165 0.902846 0.00138792 0.00351208 1.00825e-07 0.000356719 0.00859229 0.0172525 0.00434463 
0.0011797 0.00120213 3.80467e-09 0.0101481 0.0599311 0.0122134 0.00279889 0.00207043 0.428353 0.0613072 5.49395e-05 2.71123e-05 1.812e-06 0.400378 0.0189198 0.000526333 0.000887704 
0.00020184 0.981412 1.36994e-06 0.000692732 0.000240352 0.000540569 0.00064227 1.6103e-05 0.00327471 0.00154099 0.00239631 0.000261261 2.21407e-06 0.000345349 0.00302395 0.00491497 0.000492741 
0.0179193 0.0002319 2.29476e-06 2.29722e-06 0.0312479 0.0542165 0.00781221 0.00574418 0.15463 0.6023 0.0310053 0.00596886 2.29546e-06 0.0215989 0.0613416 0.00298871 0.00298835 
0.000724642 0.000932682 1.62046e-05 0.00120334 0.0126917 0.385564 0.0014856 0.00427102 0.179509 0.0814796 0.00441387 0.00152288 0.0384408 0.226869 0.0330399 0.0272193 0.000616496 
0.00276842 0.00121826 9.67535e-06 0.0186089 0.0177258 0.103727 0.0379518 0.000464236 0.0397911 0.00227363 0.000514785 0.000172346 0.000702872 0.765525 0.00722385 0.00127524 4.69347e-05 
0.00264764 0.00423257 0.000110992 0.0725727 0.00334544 0.0213002 0.0371033 0.000269942 0.0111672 0.0170178 0.00574845 0.00641479 0.0533912 0.0474156 0.70694 0.000155543 0.0101662 
0.0489677 0.000318087 6.82919e-12 0.0144632 0.0785099 0.0757314 0.004447 0.00150173 0.378174 0.128662 0.195201 0.00011861 3.25598e-07 0.0449425 0.0240733 0.00481777 7.12739e-05 
0.0331613 0.0285566 1.90442e-06 0.133914 0.128305 0.00315768 0.011273 0.00761456 0.0517526 0.552114 0.000942237 0.00204696 4.21061e-05 0.0188509 0.025506 0.00218992 0.000570756 
0.00524644 0.000112496 9.48975e-11 0.000247611 0.0231479 0.0004931 0.000202509 0.933112 0.0203859 0.000961816 1.09022e-06 0.000257785 4.25226e-10 0.0120245 0.000708104 0.00308777 1.11017e-05 
0.00492097 0.000557552 1.48234e-05 0.00484773 0.0573021 0.0200405 0.00303161 0.00988438 0.646618 0.0444401 0.00274763 0.00121088 1.54712e-05 0.162606 0.0250708 0.0164972 0.000193719 
0.0582504 5.08795e-06 9.22207e-07 0.0048159 0.0939399 0.0137036 4.3535e-05 0.157347 0.18633 0.363202 0.0181848 1.48316e-05 9.24416e-05 0.0518809 0.0512039 0.000978595 5.80668e-06 
0.0104877 0.000871259 0.000420857 0.073425 0.0430471 0.0416116 0.0615239 0.0110606 0.273224 0.0355457 0.0231807 0.0332413 0.0122797 0.33781 0.0372354 0.00441949 0.000616189 
8.9137e-05 3.25605e-05 6.44428e-06 0.141715 0.0055494 0.14526 0.659891 6.85437e-05 0.00506877 0.00657052 0.000117972 0.000362561 8.61957e-06 0.0346207 0.000584523 4.0624e-05 1.29986e-05 
0.0326524 0.00314012 0.000178329 0.084183 0.109317 0.0460153 0.0680586 0.00719992 0.0704218 0.0131353 0.00184394 0.000231063 0.00870454 0.537814 0.0146228 0.0021255 0.00035554 
0.0295886 0.00146728 7.68108e-09 0.00363594 0.227141 0.00179536 0.0106571 0.0306516 0.163 0.0102057 2.43349e-05 0.420057 2.41795e-06 0.0872909 0.0139665 0.000407772 0.000108606 
0.040256 0.0126113 1.80417e-06 0.0454071 0.0686166 0.069101 0.0124994 0.00927082 0.313886 0.0279361 0.012028 0.0236384 1.98875e-06 0.325812 0.0338878 0.00477769 0.00026739 
0.0155204 0.000163929 6.71365e-06 0.0555858 0.0103732 0.606056 0.0332808 0.000196371 0.109975 0.0147777 0.00591857 8.4341e-05 6.71058e-05 0.117524 0.026306 0.0041012 6.32342e-05 
0.00281581 0.0217819 2.73582e-05 0.0263234 0.0362828 0.120909 0.0405315 0.00286168 0.207326 0.164085 0.0140633 0.00431793 0.0170596 0.094657 0.209895 0.036322 0.000740014 
0.0015215 0.0021085 8.8307e-11 0.000379592 0.055177 0.000108977 0.000280517 0.00162883 0.000503165 0.902846 0.00138792 0.00351208 1.00825e-07 0.000356719 0.00859229 0.0172525 0.00434463 
0.0166996 0.00744526 0.000463147 0.0081939 0.0368279 0.0419741 0.00738785 0.00600021 0.045189 0.570305 0.000783848 0.00408596 0.000534468 0.0426083 0.180699 0.0024532 0.0283488 
1.06259e-05 0.144459 1.06153e-05 1.06267e-05 0.281649 1.06267e-05 0.0297629 1.06245e-05 0.0999168 0.34536 1.06234e-05 0.0987362 1.06185e-05 1.06281e-05 1.06273e-05 1.06268e-05 1.06255e-05 
0.0161388 0.0227654 2.76888e-07 0.00829649 0.082957 0.00377822 0.00496449 0.0197785 0.201814 0.431922 0.0580141 0.00202816 4.20824e-07 0.051557 0.034312 0.061635 3.82514e-05 
0.00290373 0.736082 6.61425e-08 0.0171423 0.00813214 0.00266928 0.00407537 0.000484909 0.0564197 0.00264496 0.00020227 0.00336745 4.46241e-06 0.00234188 0.133309 0.0292012 0.00101931 
0.00997489 5.72352e-06 2.36775e-06 0.6263 0.00503922 0.00195192 0.0496454 6.43965e-06 0.0670164 0.0832156 0.0632628 9.31128e-06 0.000188218 0.0466923 0.0211878 3.1469e-05 0.0254704 
0.000310495 0.993681 6.33451e-10 0.000158083 0.000307903 0.000221257 6.76373e-05 1.10903e-08 0.00107512 0.00316159 0.000287142 2.6021e-06 1.67217e-09 8.86396e-05 0.000381543 0.000190638 6.63207e-05 
0.00145903 0.00730646 5.26678e-07 0.000171861 0.191152 0.298249 0.0181413 0.0411213 0.0812364 0.0692372 6.17837e-05 9.86675e-05 4.13053e-05 0.074962 0.0576243 0.157646 0.00149116 
0.0143095 0.000327244 7.96694e-08 0.00342031 0.147274 0.00488513 0.00211527 0.0120441 0.309616 0.0819181 0.00151224 0.000853802 7.45488e-06 0.335582 0.0265906 0.0591163 0.000427864 
5.57474e-07 2.89697e-08 7.78414e-12 7.11322e-07 6.98919e-08 0.523673 5.32696e-07 6.62369e-08 0.0931219 1.25749e-07 2.10779e-07 6.82225e-09 1.87572e-07 0.362096 0.0211061 9.25342e-07 1.03252e-07 
0.000393248 2.63922e-05 8.75063e-08 0.073404 0.00345406 0.0756686 0.00741637 0.00398222 0.378983 0.123031 0.0325053 0.00247958 8.04877e-06 0.182855 0.115725 6.61584e-05 9.0292e-07 
0.689199 3.01398e-05 1.58245e-08 0.0117173 0.180749 0.0012483 0.00681324 0.000308048 0.0212584 0.0555769 0.00348857 0.000865796 7.18803e-08 0.00502011 0.0232901 0.000432571 3.32788e-06 
0.0015215 0.0021085 8.8307e-11 0.000379592 0.055177 0.000108977 0.000280517 0.00162883 0.000503165 0.902846 0.00138792 0.00351208 1.00825e-07 0.000356719 0.00859229 0.0172525 0.00434463 
0.052665 5.18094e-06 2.20128e-08 0.0265947 0.418118 0.00813993 0.00134749 0.02583 0.0987153 0.00464479 0.000523312 0.00335174 0.000189425 0.273493 0.0234558 0.0628928 3.33241e-05 
0.00099216 0.00545234 8.61382e-10 0.00132739 0.00712079 0.000957581 8.99454e-05 0.000380776 0.00799287 0.0103948 3.53527e-05 0.00595397 0.00446504 0.00190924 0.82678 0.00259339 0.123555 
0.00311298 0.00814257 2.64474e-08 0.0151138 0.00152105 7.97177e-08 0.000143653 4.83606e-06 0.0003508 0.0019468 0.00216263 0.962575 3.2783e-07 0.000800051 0.00377151 2.43427e-06 0.000351913 
0.166924 0.00250165 3.6763e-07 0.00246614 0.142405 0.0417344 0.00677144 0.478774 0.140755 0.00471083 3.67911e-07 3.67643e-07 3.67743e-07 3.68073e-07 0.00305514 0.00990033 3.67984e-07 
0.0179096 0.00205531 3.43196e-05 0.0366848 0.0418224 0.0410971 0.469771 0.00245284 0.154437 0.0326381 0.00933189 0.000768139 4.69121e-05 0.112258 0.073657 0.00476701 0.000268255 
0.0371771 0.000128852 9.87456e-08 0.00204833 0.0400003 0.00066972 0.000158207 0.839828 0.0416201 0.00189898 4.27555e-05 0.000189928 1.75772e-07 0.0171936 0.000933805 0.0180909 1.91693e-05 
0.00685969 0.000176706 1.25226e-06 0.0248197 0.0257209 0.00567082 0.00631273 0.000214103 0.00359602 0.00415889 0.00370635 0.903179 0.0013175 0.012684 0.000746811 0.000828537 6.9596e-06 
0.219684 0.00224916 1.79236e-10 0.0620323 0.576531 0.00152927 0.0110655 0.038157 0.0339688 5.99949e-05 0.000153374 2.87401e-05 6.49443e-05 0.050915 0.000809838 0.00274876 1.99272e-06 
0.0121028 0.00355145 0.000625124 0.0328135 0.0362015 0.364135 0.0282887 0.00314208 0.230147 0.0158895 0.00171121 0.00199891 0.000885481 0.141738 0.119172 0.00676202 0.000835707 
0.0244172 6.6059e-06 9.01659e-07 0.0809846 0.0100083 0.00247934 0.00155361 9.04597e-05 0.731595 0.0140908 0.00055104 0.000140231 9.03871e-07 0.130954 0.00236224 0.000756067 8.42868e-06 
0.0278856 4.46834e-05 3.88115e-08 0.0213399 0.167618 0.00252492 0.00488186 0.0199468 0.0741262 0.603341 0.00562547 0.00260565 3.95026e-05 0.0343722 0.0351681 2.95116e-07 0.0004803 
0.0141406 0.327198 1.42379e-08 0.0180387 0.0672865 0.0202579 0.00719925 0.227959 0.0263049 0.00110178 0.000557083 0.0127177 1.03898e-05 0.2165 0.0589555 0.00095387 0.000819624 
0.0101996 1.70141e-05 2.57356e-09 0.018162 0.00641579 0.0392052 0.129568 0.000470457 0.129126 0.00917093 0.632355 0.00226284 4.08771e-07 0.00710047 0.000344741 0.0155903 1.04977e-05 
0.0132491 0.00455684 1.66572e-06 0.497797 0.00816518 0.0349505 0.0465125 0.000327227 0.106283 0.0141848 0.00342545 2.4223e-06 3.43676e-05 0.149377 0.120528 0.000527783 7.78473e-05 
0.00244101 0.000741505 1.66043e-09 0.00120806 0.0591586 0.00152891 0.000896119 0.00100704 0.0308385 0.0252157 0.822224 0.00311392 4.33042e-07 0.00378337 0.010474 0.0373375 3.14345e-05 
0.0132332 0.00101518 1.0557e-06 0.02579 0.0380848 0.00207462 0.00417916 0.191272 0.370017 0.000559378 0.00077875 3.54204e-05 1.21892e-06 0.225572 0.0106703 0.116713 1.99629e-06 
0.00593237 0.00403065 1.07848e-05 0.652411 0.0424133 0.00290987 0.0245555 0.00573951 0.127075 0.0251109 0.038433 1.66326e-05 1.32928e-05 0.0147511 0.00216997 0.0174144 0.0370122 
0.0485857 0.000348119 1.60586e-06 0.0274114 0.29079 0.0516432 0.00691539 0.00198301 0.151997 0.265067 0.00240782 0.00611494 5.22751e-06 0.106118 0.0388934 0.00168481 3.34897e-05 
0.409282 0.000425835 5.25328e-05 0.14479 0.026459 0.0375579 0.0267109 0.00566077 0.0927857 0.181626 0.00201835 0.0140588 0.000103601 0.0185345 0.0387603 0.00107249 0.000102007 
0.028596 0.0123277 1.54586e-05 0.00996124 0.338143 0.0214684 0.00837988 0.00855793 0.160348 0.165224 0.0177405 0.000112468 0.00164452 0.0114199 0.120816 0.0950846 0.000160572 
0.00189962 0.000329771 1.25934e-05 0.130929 0.00626333 0.0443836 0.00183193 0.00167341 0.0355351 0.0526958 0.00042729 0.00138041 0.0523057 0.107524 0.558953 0.00178003 0.00207601 
0.0049473 0.00258951 2.64466e-08 0.0028463 0.0239196 0.0406309 0.00347066 0.0177553 0.4448 0.00262153 0.000153342 0.0016443 2.51149e-07 0.432984 0.0213742 0.000190726 7.18931e-05 
0.00636829 0.00266683 1.9645e-07 0.170019 0.0767027 0.00287549 0.00275028 0.0212194 0.011572 0.00355671 2.96819e-05 0.0169087 8.64066e-06 0.462587 0.0187428 0.00761591 0.196376 
0.00020184 0.981412 1.36994e-06 0.000692732 0.000240352 0.000540569 0.00064227 1.6103e-05 0.00327471 0.00154099 0.00239631 0.000261261 2.21407e-06 0.000345349 0.00302395 0.00491497 0.000492741 
0.00499003 0.133027 8.29493e-09 0.00880087 0.00544529 0.00242022 0.0222191 8.4625e-05 0.289027 0.00279721 0.324602 5.70776e-05 4.51976e-07 0.206173 0.000293004 6.21687e-05 2.78099e-07 
0.0575272 0.000951028 1.89697e-08 0.1034 0.488244 0.0028834 0.00573443 0.270621 0.00601947 0.000669795 0.000884536 0.00121428 1.94297e-08 0.0546527 0.00127754 0.0057162 0.000204292 
0.0143265 0.00261257 1.54901e-11 0.00168005 0.125403 0.0129705 0.00273114 0.0198503 0.581089 0.0269846 7.93714e-06 0.000489965 2.86203e-08 0.123046 0.0882861 8.95973e-05 0.000432395 
0.00216361 0.38127 8.20466e-08 0.0313101 0.027308 0.000747815 0.00131335 0.000114855 0.0502857 0.0204268 4.71456e-07 0.0331311 0.00617748 0.0846995 0.360863 9.70348e-05 9.15267e-05 
0.00602005 1.99655e-05 2.74154e-06 0.0184406 0.00226472 0.000979544 0.00196477 1.74571e-05 0.690085 0.0233499 0.1202 2.0536e-05 1.69752e-05 0.12052 0.00434601 0.0116252 0.000127 
0.00800816 0.000417416 1.35796e-07 0.0018551 0.10005 0.014261 0.0232738 0.0013275 0.0385436 0.677549 0.0380628 0.00220453 1.08583e-06 0.0153976 0.0783882 4.42217e-05 0.00061656 
0.0155204 0.000163929 6.71365e-06 0.0555858 0.0103732 0.606056 0.0332808 0.000196371 0.109975 0.0147777 0.00591857 8.4341e-05 6.71058e-05 0.117524 0.026306 0.0041012 6.32342e-05 
0.028313 0.00277283 4.98122e-06 0.163084 0.0975638 0.115101 0.0301409 0.0103568 0.238882 0.0165729 0.029663 0.000975042 0.000123978 0.152132 0.0986762 0.00377252 0.0118645 
0.00218314 0.00022875 2.19792e-07 0.0209514 0.0324646 0.00521032 0.0135751 0.00091177 0.647119 0.00694648 0.00548964 0.0537318 5.8637e-06 0.210208 0.000397478 0.000575244 1.19678e-06 
0.00020184 0.981412 1.36994e-06 0.000692732 0.000240352 0.000540569 0.00064227 1.6103e-05 0.00327471 0.00154099 0.00239631 0.000261261 2.21407e-06 0.000345349 0.00302395 0.00491497 0.000492741 
0.000220914 0.000246089 1.24255e-07 0.000921884 0.0014168 0.000175981 0.000130584 0.0232322 0.00518654 0.960341 0.00317611 0.00144416 6.71873e-06 0.00261696 0.000824582 1.33909e-05 4.57583e-05 
0.00883792 0.98651 1.02028e-12 0.00032464 0.00100606 0.000378726 2.02995e-09 0.000309311 0.000134919 0.000175542 7.692e-05 0.000745266 1.02098e-09 8.89263e-05 0.00133244 5.01609e-08 7.89719e-05 
0.0197154 0.00202694 9.22226e-06 0.0183022 0.0391783 0.461902 0.142713 0.00642142 0.145413 0.0187535 0.00439764 0.00368918 0.00236021 0.104166 0.028028 0.00290731 1.69526e-05 
5.15215e-05 0.150641 3.63125e-09 0.0130663 0.00847432 0.00206809 0.0143328 0.000552943 0.0183845 0.0325141 3.10932e-06 0.000152792 0.00409976 0.00308044 0.0575847 0.0991699 0.595824 
0.00792527 5.11018e-06 2.73567e-11 4.31894e-07 0.177682 0.183734 9.44107e-07 5.28959e-07 0.0276523 0.100347 7.1409e-08 0.0254851 8.76339e-08 0.158236 0.0787518 0.24018 5.98968e-08 
0.00591479 0.00292112 4.70736e-09 0.00359902 0.0488093 0.0289002 0.00165948 0.0154676 0.45407 0.035548 0.000112554 0.000904875 2.42006e-08 0.387992 0.0128365 0.00119835 6.58706e-05 
0.00524644 0.000112496 9.48975e-11 0.000247611 0.0231479 0.0004931 0.000202509 0.933112 0.0203859 0.000961816 1.09022e-06 0.000257785 4.25226e-10 0.0120245 0.000708104 0.00308777 1.11017e-05 
0.0926709 0.0474038 8.06268e-06 0.0122317 0.0933747 0.0283882 0.00762145 0.0191015 0.238012 0.00749659 0.0064059 0.000258388 1.89199e-05 0.318574 0.0855767 0.0187452 0.0241121 
0.00823287 0.00367981 0.000952617 0.0650575 0.0233812 0.0891406 0.214104 0.00454757 0.210153 0.00549037 0.00429641 0.00149143 0.00304276 0.285904 0.0674419 0.00932594 0.00375748 
0.0118579 0.00117963 5.49778e-05 0.0156175 0.0297018 0.183834 0.0087854 0.000929665 0.0770445 0.113097 0.00203803 0.00130631 0.100203 0.0785553 0.354402 0.0107033 0.0106912 
0.0402575 0.000996612 0.000963356 0.0507577 0.0461122 0.0174646 0.46744 0.0144189 0.0485021 0.12872 0.00824683 0.00305573 0.0760189 0.0652537 0.0166408 0.00134168 0.0138097 
0.0104892 0.00097517 0.000109806 0.00948059 0.229234 0.0105036 0.00418194 0.013592 0.0653246 0.530757 0.00472835 0.00162814 0.000144303 0.0579219 0.0444728 0.0154119 0.00104501 
0.00219089 0.00972302 2.22106e-05 0.0969775 0.0362972 0.0724343 0.0289893 0.0011335 0.0757642 0.481664 0.0422234 0.00203923 0.000310892 0.130454 0.0153474 0.00393731 0.000492134 
0.00996322 0.000571488 1.00444e-07 0.764375 0.0199575 0.00111522 0.0100626 0.000848489 0.0918557 0.0392973 0.00394061 0.000693621 5.32831e-05 0.0286335 0.0285283 5.07032e-05 5.335e-05 
0.0100065 0.00145697 6.57361e-05 0.370211 0.017993 0.0354283 0.0426268 0.00517594 0.0957951 0.0276415 0.0101889 0.000495274 0.0131772 0.111411 0.195669 0.000393151 0.0622642 
0.00020184 0.981412 1.36994e-06 0.000692732 0.000240352 0.000540569 0.00064227 1.6103e-05 0.00327471 0.00154099 0.00239631 0.000261261 2.21407e-06 0.000345349 0.00302395 0.00491497 0.000492741 
0.0106892 1.92367e-07 3.05452e-11 0.00379096 0.0190574 0.0272459 0.00995086 0.000236062 0.139499 0.746535 8.59105e-06 0.000274731 7.01078e-09 0.000595421 0.0421166 4.48017e-08 7.7892e-08 
0.0107686 0.00213041 5.77096e-05 0.0136315 0.174112 0.218514 0.00575366 0.232038 0.0470796 0.0506809 0.00273946 0.000262568 0.184826 0.0261595 0.0175673 0.0128875 0.000790869 
0.00020184 0.981412 1.36994e-06 0.000692732 0.000240352 0.000540569 0.00064227 1.6103e-05 0.00327471 0.00154099 0.00239631 0.000261261 2.21407e-06 0.000345349 0.00302395 0.00491497 0.000492741 
0.0075604 5.9516e-05 4.82415e-08 0.00388048 0.289385 0.0406725 0.00353112 0.00171732 0.171892 0.308763 5.77247e-05 2.61583e-05 0.000163339 0.0647029 0.0466617 0.0601125 0.000815117 
0.0270661 0.000779348 3.93658e-10 0.00148522 0.909469 0.000948657 0.000332785 0.0188024 0.0145821 0.00159849 0.000347272 0.000154184 2.89944e-07 0.0220184 0.00198007 0.000393814 4.18449e-05 
0.0205094 0.329859 8.50078e-08 0.00397646 0.179113 0.002663 5.28705e-05 0.0194514 8.55329e-07 0.198317 0.000871265 0.00379471 6.89679e-07 0.00104532 0.239881 9.39062e-05 0.000369793 
0.0633356 0.00253139 6.39419e-05 0.0128658 0.101748 0.0512142 0.010118 0.0115436 0.409952 0.00921237 0.00323285 0.00277728 7.31625e-05 0.215249 0.0637406 0.0378267 0.00451536 
0.00214455 0.00018913 1.08412e-06 0.144444 0.00500266 0.00143491 0.114886 7.67355e-05 0.642803 0.00154702 0.076407 0.000170345 4.19029e-06 0.00115777 0.00645485 0.00327388 3.59625e-06 
0.0429215 0.00017491 3.7657e-10 0.000619843 0.640754 0.0036435 0.0025658 0.228107 0.00696574 1.21038e-05 7.70126e-07 4.58623e-05 1.20901e-07 0.0608865 0.000235 0.0130619 5.28324e-06 
0.0167891 0.00104477 4.61805e-07 0.0917681 0.0494281 0.0171062 0.22426 0.000704864 0.12367 0.437375 0.000551705 0.000537394 1.72752e-05 0.00360034 0.0222949 0.0106471 0.000204223 
0.00563681 2.17866e-05 8.88194e-08 0.00148771 0.0960889 0.00293978 0.000344067 0.0112724 0.0537023 0.81539 1.30864e-05 0.0001494 5.18274e-06 0.00594101 0.00644663 8.00727e-05 0.00048109 
0.0433174 4.16362e-05 4.99597e-06 0.0109287 0.121325 0.3013 0.00484254 0.0279574 0.167369 0.0128387 1.51424e-05 0.000236878 5.19462e-05 0.286942 0.0180952 0.00439507 0.000337771 
0.0206842 0.000553741 7.82681e-07 0.0344196 0.0891893 0.00550015 0.00336435 0.0584373 0.0252103 0.0182445 0.000883363 0.000233452 2.25711e-06 0.67388 0.0393273 0.0300424 2.65595e-05 
0.0314399 0.000485173 3.02875e-07 0.0265607 0.167325 0.106696 0.00600318 0.0098523 0.464939 0.0345936 0.0368886 0.0368312 3.02968e-07 0.0389665 0.032384 0.00473026 0.00230437 
0.0972815 0.000656084 5.95169e-07 0.0473878 0.203841 0.176405 0.0131151 0.00226697 0.236078 0.0501413 0.00842325 0.00279662 8.35914e-06 0.0986107 0.0628771 3.17206e-05 7.80103e-05 
0.0256185 0.0117697 1.40924e-06 0.0186223 0.36829 0.00498449 0.00929135 0.0170942 0.122835 0.0260304 0.00610918 0.0279411 3.95205e-06 0.256091 0.0903384 0.0148211 0.000157538 
0.0248268 0.00563136 2.56334e-08 0.0253328 0.52733 0.011613 0.00885051 0.0408836 0.0458304 0.179887 0.00255252 0.0231205 1.23984e-06 0.0414782 0.0162216 0.0456131 0.000826927 
0.00268562 0.000384062 3.78965e-07 0.00913701 0.00418743 0.000955385 0.0164209 0.000180573 0.367345 0.00113045 0.446617 2.98603e-05 6.6158e-06 0.139032 0.0118241 5.32468e-05 1.05237e-05 
0.00434765 5.74487e-05 1.93493e-06 0.0413195 0.0878344 0.132961 0.0231871 0.00555661 0.104535 0.273942 2.73406e-05 0.00640843 0.139433 0.0937473 0.0823151 0.000101831 0.00422468 
0.00144211 0.000667785 1.82785e-05 0.00865653 0.0553592 0.00421446 0.00201249 0.00015274 0.210555 0.0123253 0.0153368 0.243186 0.000555582 0.0491525 0.395645 0.000109631 0.000610484 
0.0260017 3.08303e-07 3.08131e-07 0.0512975 0.23131 0.0249856 0.129204 0.00407118 0.170266 0.00138831 0.00564342 0.00289683 3.08225e-07 0.159002 3.08479e-07 0.192358 0.00157329 
0.0418903 0.000316431 9.87307e-09 0.167886 0.221641 0.0206764 0.000427908 0.00698065 0.208203 0.0479848 0.0418346 0.113632 4.64691e-07 0.0125726 0.0664224 0.0494312 9.9983e-05 
0.00158697 1.0074e-06 1.18147e-09 0.056608 0.117381 0.00212921 0.299917 0.00287539 0.0326483 0.347839 0.000850836 9.94523e-06 4.70615e-06 0.0406819 0.0971442 9.55239e-07 0.000321067 
0.189662 0.000289258 2.42894e-08 0.00145895 0.0862942 0.000984082 0.000701582 0.59509 0.0609666 0.00154118 4.48726e-05 0.000765728 7.73044e-07 0.0496465 0.000734275 0.0118111 8.7319e-06 
0.092712 0.00160669 8.84934e-06 0.0670151 0.115433 0.020705 0.00296695 0.0108886 0.02172 0.434663 0.0105972 0.00139994 4.76706e-05 0.0658563 0.137939 0.0162797 0.000161535 
3.32964e-06 3.32817e-06 3.32632e-06 3.32989e-06 0.0902532 0.0719289 3.32961e-06 0.0116556 0.0815982 0.706235 3.32886e-06 3.32643e-06 0.00565979 3.33032e-06 0.0196508 3.32991e-06 0.0129884 
0.00099216 0.00545234 8.61382e-10 0.00132739 0.00712079 0.000957581 8.99454e-05 0.000380776 0.00799287 0.0103948 3.53527e-05 0.00595397 0.00446504 0.00190924 0.82678 0.00259339 0.123555 
0.0181208 0.146869 7.95524e-06 0.0072214 0.0193802 0.0394042 0.0304082 0.00379256 0.042112 0.0132739 0.000814401 0.00931437 4.26884e-05 0.0137925 0.649263 0.00207916 0.00410328 
0.000699515 0.00203793 2.21595e-07 0.0475597 0.00549906 0.00304619 0.00326025 2.97967e-07 0.849131 0.0411025 0.0148046 0.00131669 3.1885e-05 0.0175453 0.0122349 0.00171642 1.33319e-05 
0.0176928 0.00674373 1.89714e-06 0.00730794 0.0948144 0.00676532 0.00495946 0.0168643 0.252376 0.0541186 8.3745e-05 0.000586459 0.000880929 0.44292 0.0193281 0.0743377 0.0002184 
0.0176678 0.00426828 3.07383e-08 0.0090885 0.37324 0.0423837 0.036869 0.0423399 0.0134702 0.0230615 1.02299e-07 8.47924e-05 1.43627e-05 0.349454 0.0751818 0.0127978 7.85818e-05 
0.00899058 0.00218317 0.00056854 0.0163298 0.0219964 0.209698 0.00969914 0.00159473 0.254265 0.0424679 0.0165483 0.00298169 0.0396472 0.206987 0.143837 0.021193 0.00101239 
0.0921974 0.00109581 0.00102245 0.0470355 0.404912 0.0289064 0.0121345 0.0634668 0.082967 0.0915588 0.00626359 0.00157623 0.00571931 0.0661634 0.0654981 0.0281736 0.00130941 
0.112428 1.78754e-05 1.49588e-06 0.015833 0.198351 0.000756717 0.0039299 0.107377 0.106077 0.332328 0.00583306 1.73034e-05 0.00035529 0.0994579 0.0163589 0.000872458 3.93945e-06 
0.0102552 0.000142969 0.000114489 0.00184568 0.231011 0.0310228 0.0695069 0.00107086 0.0541465 0.477886 0.000123659 0.000274245 0.000183464 0.00409034 0.0617233 0.0564112 0.000190977 
0.0579282 0.000180079 2.56091e-06 0.0111241 0.0444176 0.0134287 0.0515421 0.0189855 0.153979 0.429492 0.00923679 0.0164248 4.72219e-06 0.172907 0.018805 0.00142817 0.000114002 
0.0775049 0.042485 5.80333e-05 0.0302066 0.134909 0.024188 0.0168768 0.000834585 0.0382614 0.116853 0.00603008 0.0287986 7.77147e-05 0.26015 0.167374 0.0550114 0.000380356 
6.65921e-05 6.65627e-05 6.65256e-05 6.6597e-05 6.66044e-05 6.65969e-05 6.65915e-05 0.259742 6.66073e-05 0.679319 6.65763e-05 6.65278e-05 6.65459e-05 6.66056e-05 0.0600073 6.65975e-05 6.65895e-05 
0.000643658 0.00120596 6.31963e-07 0.0637996 0.00641804 0.0484706 0.00197546 0.00227456 0.352694 0.42341 0.00195563 0.00138566 0.000420605 0.0543708 0.0407751 0.000122416 7.73746e-05 
0.152489 0.000233127 7.71327e-06 0.0272534 0.158504 0.162538 0.0148428 0.00337262 0.057278 0.147143 0.000611227 0.000650165 0.0479942 0.116785 0.104732 0.0052291 0.000336388 
0.00964651 0.00236968 8.75259e-05 0.173188 0.0146967 0.0519507 0.137431 0.00322009 0.37463 0.00705641 0.0104734 0.000532926 0.00206713 0.159351 0.0467013 0.0056148 0.000982618 
0.0351705 0.0117568 2.75479e-07 0.655631 0.0232994 0.0056756 0.0547647 0.000105806 0.0590033 0.00420252 0.0190693 0.00039148 0.00118453 0.108127 0.0215486 3.80243e-05 3.0652e-05 
0.131554 0.000292382 4.18057e-08 0.208996 0.0152137 0.0113531 0.380924 0.000651119 0.118732 0.00697514 0.0749522 0.027078 2.45107e-06 0.0144981 0.00844834 0.000313672 1.57193e-05 
0.0270661 0.000779348 3.93658e-10 0.00148522 0.909469 0.000948657 0.000332785 0.0188024 0.0145821 0.00159849 0.000347272 0.000154184 2.89944e-07 0.0220184 0.00198007 0.000393814 4.18449e-05 
0.0270661 0.000779348 3.93658e-10 0.00148522 0.909469 0.000948657 0.000332785 0.0188024 0.0145821 0.00159849 0.000347272 0.000154184 2.89944e-07 0.0220184 0.00198007 0.000393814 4.18449e-05 
0.000575682 0.00326546 4.7066e-09 0.00203463 0.00346849 0.40816 0.000632671 0.0141742 0.0775967 0.00138239 2.9945e-06 0.0143924 8.42127e-08 0.42412 0.0336643 0.0157961 0.000733303 
0.00700442 0.0252457 4.51455e-07 0.0300067 0.076572 0.158042 0.00717093 0.00190379 0.297818 0.110763 0.0706906 0.0015244 0.000388249 0.116914 0.078825 0.0166613 0.000468989 
