0.0128715 0.00247285 0.00122638 0.487896 0.0265373 0.0322709 0.0446575 0.00243372 0.114992 0.013886 0.0198756 0.00114808 0.000895656 0.0688192 0.162123 0.00330419 0.00459079 
0.00351968 2.89052e-05 0.000220979 0.807041 0.00101992 0.00377601 0.0046027 1.80723e-05 0.0195176 0.00311134 0.00813985 2.70949e-05 0.109474 0.00297253 0.0365214 8.13509e-06 3.34305e-09 
0.00247642 0.00018375 5.94268e-05 0.765557 0.0356895 0.0388913 0.00144647 0.032086 0.0873897 0.00152358 0.000736226 0.00010765 2.87575e-12 0.000402317 0.0333505 0.000100556 9.71324e-13 
0.00247642 0.00018375 5.94268e-05 0.765557 0.0356895 0.0388913 0.00144647 0.032086 0.0873897 0.00152358 0.000736226 0.00010765 2.87575e-12 0.000402317 0.0333505 0.000100556 9.71324e-13 
0.0132832 0.000274824 0.00131724 0.493257 0.0636631 0.0412751 0.00688169 0.00194175 0.0560611 0.0135186 0.0141293 0.000385472 0.0184837 0.0719375 0.186683 0.0159794 0.00092818 
0.00110462 0.0348862 0.0949625 0.523624 0.00143198 0.0125647 0.0128027 0.00960587 0.0749443 0.0014584 0.0175396 0.00018984 2.87013e-06 0.205908 0.00887073 2.62489e-05 7.73669e-05 
5.14994e-05 3.29287e-07 1.05681e-06 0.7395 4.47119e-07 1.27066e-06 0.00900229 2.30428e-05 0.000112952 0.00273458 4.43458e-06 2.48441e-07 3.18171e-10 0.016528 0.232002 3.37727e-08 3.74187e-05 
0.00101324 9.31573e-06 6.27559e-09 0.977517 0.00465399 0.000139301 3.37929e-09 0.0154493 2.97111e-10 0.000354156 8.93982e-13 6.31924e-06 1.67165e-12 1.8585e-11 0.000856988 3.65349e-13 5.64622e-13 
0.00866146 0.00349713 0.000448695 0.429846 0.0224405 0.0304773 0.0221104 0.00539907 0.185015 0.00537781 0.0392321 0.00173972 4.56233e-06 0.102804 0.138745 0.00365793 0.0005435 
0.0128672 0.000172587 0.00482164 0.3972 0.0136676 0.00770075 0.00978976 0.00245905 0.320686 0.00582857 0.100513 0.000559451 8.2787e-07 0.00963636 0.0452643 0.0687562 7.61676e-05 
0.0298413 3.11326e-06 8.44264e-08 0.319148 0.233821 2.51021e-08 0.0198497 0.00624159 0.14725 0.176334 0.03048 0.000939525 2.47783e-08 0.0186289 0.0174538 2.31054e-06 6.78887e-06 
0.0176122 0.000481606 3.31849e-06 0.61847 0.00306438 0.0235469 0.0920209 0.00027208 0.143537 0.0151806 0.0131095 0.000132846 2.17992e-06 0.021406 0.0333025 0.00960896 0.00824919 
0.00753889 0.00052452 4.04884e-07 0.44044 0.0112438 0.0294716 0.0651184 0.00146263 0.342329 0.00207188 0.0219895 0.00203517 1.52312e-08 0.0173674 0.0583066 9.97073e-05 8.41644e-08 
0.161462 0.017256 0.00563986 0.327614 0.180354 0.0112213 0.00431235 0.00570381 0.0338867 0.00393533 0.0118651 0.000282826 1.3252e-08 0.140638 0.0935205 0.000886256 0.00142129 
0.00166974 0.0280735 5.16191e-05 0.636307 0.0150849 0.00181461 0.00671472 0.000135836 0.0570728 0.0194786 0.0111803 0.000400877 7.56197e-06 0.0921683 0.121861 0.00770375 0.000274533 
0.0155274 6.80168e-06 2.48535e-06 0.678057 0.0748488 3.20766e-06 0.00715867 0.00215211 6.47232e-06 0.129668 0.000103715 1.61939e-08 1.26945e-08 0.0924571 7.40835e-06 1.03441e-06 9.45361e-08 
0.00109343 0.00353882 1.52747e-05 0.441329 0.0466282 0.179964 0.0476967 0.000900654 0.183892 0.00173298 0.00251694 4.82465e-06 1.99781e-10 0.0552945 0.0339656 0.000246099 0.00118105 
0.000201656 9.6829e-06 2.102e-06 0.483657 5.97273e-05 0.0221041 0.00633408 2.88692e-05 0.192724 0.000312022 0.000961712 7.27262e-05 9.87125e-10 0.0150232 0.278443 1.71711e-05 4.82453e-05 
0.0233362 0.000451134 3.04385e-06 0.357027 0.00448045 0.0269712 0.0256513 0.000487215 0.144263 0.00255674 0.311306 3.4895e-05 0.00557201 0.0821624 0.0148946 0.000776256 2.60292e-05 
0.0123805 0.000185241 6.53099e-05 0.356119 0.0288246 0.0113291 0.00304009 0.0257966 0.120285 0.167601 0.0120509 0.000367524 3.60363e-06 0.00314813 0.255765 0.00246781 0.000570858 
0.0134501 0.000522948 7.34959e-05 0.713997 0.0375096 0.0145728 0.0118531 0.00258013 0.0613068 0.00341259 0.00799394 0.00254151 0.000623256 0.0790915 0.0304092 0.017907 0.00215467 
0.016925 0.00263643 1.26084e-05 0.68476 0.018402 0.00584569 0.00733149 0.0159063 0.0915743 0.0264361 0.00757033 0.00026534 5.44889e-07 0.0543159 0.0629335 0.0050607 2.39268e-05 
0.00630925 5.47223e-07 1.44883e-09 0.579256 0.00156041 0.0081035 0.0303041 3.04351e-07 0.078986 7.70648e-08 0.0161986 2.17303e-06 5.18632e-07 0.279189 5.64025e-05 3.33821e-05 8.81669e-08 
0.00158276 0.000963191 0.000167708 0.46056 0.00600439 0.00401267 0.00323788 0.00646557 0.135449 0.00161404 0.00111456 0.000425217 5.15681e-10 0.375802 0.00212193 2.36402e-05 0.000455354 
0.000736114 0.000254736 0.000223762 0.5522 2.46132e-07 0.0219701 0.0488473 0.000153242 0.116629 9.12813e-06 0.0025486 0.000100917 2.04525e-11 0.0704138 0.139592 0.0463065 1.42517e-05 
0.0153017 7.15464e-05 0.000459052 0.381009 0.0309753 0.0173099 0.00422144 0.00143727 0.287352 0.0575424 0.0638533 5.38377e-05 3.52334e-06 0.017313 0.113977 0.00815668 0.000963437 
0.00794647 0.00393391 0.000117331 0.88091 0.00127292 0.000483563 0.000142332 0.000313383 0.0694289 0.00203661 0.0142482 6.63332e-05 3.95093e-05 0.00942426 0.00662223 0.0029168 9.71892e-05 
0.00259948 1.76939e-05 5.80825e-05 0.486045 0.050255 0.00411764 0.263955 0.00100055 0.0922191 0.015896 0.0157763 0.000152231 1.45856e-07 0.0362422 0.0315067 0.000147631 1.09168e-05 
0.077173 0.000666092 1.47603e-05 0.324323 0.0461425 0.0022854 0.0128715 0.000715579 0.245991 0.00329797 0.0539592 0.000423091 5.85973e-10 0.202113 0.0150171 0.0149995 6.82368e-06 
0.00345999 0.000313317 5.7236e-06 0.77048 0.00257015 0.00353354 3.77869e-05 0.00127752 0.0228259 0.170667 2.68579e-05 7.79431e-05 4.36442e-06 0.0222455 0.00209955 4.10879e-05 0.00033391 
0.0113328 0.00442633 6.40687e-05 0.401927 0.0330355 0.00462101 0.00826927 0.0133982 0.208598 0.00627545 0.004198 0.000786713 0.000481172 0.068752 0.216593 0.0171611 7.99495e-05 
0.00417101 2.64988e-05 0.0006876 0.35804 0.000181601 0.0101219 0.0156799 1.24755e-06 0.274027 0.000191154 0.0346492 2.39402e-06 1.47176e-11 0.105857 0.196359 8.7132e-07 3.40965e-06 
0.00405571 0.00171758 0.00723701 0.369468 0.0104229 0.0165126 0.0143644 0.000686847 0.0738635 2.52949e-05 0.0202355 0.000126326 7.75175e-09 0.315831 0.0695685 0.0162325 0.079652 
0.0018935 8.57232e-05 0.000259664 0.588195 0.053329 0.0650723 0.0639775 0.0011096 0.157852 0.00566907 0.00143529 0.00284227 7.72398e-05 0.0296974 0.0269809 0.000535347 0.000987869 
0.00546074 0.000376763 0.00526907 0.605366 0.0240708 0.0876487 0.00106754 0.00211029 0.0158942 0.00238671 1.64562e-06 1.1347e-05 1.025e-05 0.00469641 0.206895 0.000203254 0.0385319 
6.0865e-05 1.18483e-07 3.11253e-05 0.857414 3.50877e-05 0.00250548 0.00959801 6.30265e-05 0.0703037 0.00265398 0.0157892 1.38522e-05 8.20926e-09 0.00424282 0.0309975 8.09711e-06 0.00628344 
0.00945754 0.000229549 0.000107336 0.538075 0.0435994 0.0539648 0.0742082 0.00657224 0.0912972 0.00119189 0.00142524 0.000645875 9.09251e-07 0.105317 0.0249738 0.034832 0.0141024 
0.00413583 0.00129073 0.000305627 0.677976 0.0208114 0.0157561 0.0226943 0.000352872 0.0510071 0.0235926 0.00356395 6.57066e-06 2.11663e-09 0.101161 0.0708056 0.000288607 0.00625181 
0.0948445 0.000746815 8.06971e-08 0.251759 0.167323 4.82445e-05 5.13602e-05 0.00580826 0.0212598 0.236072 0.00150717 0.00144172 1.28736e-06 0.00969346 0.00266052 0.20634 0.000442255 
0.014293 0.00113947 7.87808e-06 0.455078 0.0497763 0.0111854 0.0652344 0.000256883 0.182211 0.010631 0.0605666 0.00137044 1.6165e-05 0.1385 0.00620509 0.0035005 2.8141e-05 
0.0169787 0.000750059 0.000374754 0.459313 0.0399418 0.0105926 0.0356792 0.00368533 0.127627 0.000402313 0.0032372 0.00149985 7.1043e-07 0.237414 0.0170556 0.0195905 0.0258582 
0.0458098 5.75826e-05 1.00952e-05 0.325694 0.258604 0.0123889 0.0980034 0.00894261 0.0234196 0.0908611 0.0278136 0.00195913 2.43368e-07 0.102852 0.0033742 0.000178184 3.15765e-05 
0.0636664 5.44624e-06 4.52443e-06 0.309993 0.0817036 0.000537509 0.00432888 0.0114574 0.19937 0.00537896 0.000909567 0.00131287 1.81672e-08 0.25526 0.0632048 0.00285297 1.31596e-05 
0.0246666 0.000957383 1.01044e-08 0.308008 0.0246759 0.000843712 0.180717 0.00066481 0.140117 0.016694 0.26527 1.55337e-05 6.44099e-05 0.0323516 0.00454512 0.000303305 0.000105443 
0.00138107 0.000372571 0.00281404 0.847118 0.0139888 0.00896753 0.000139556 0.0366732 0.000622349 0.00111308 8.05923e-07 8.26831e-05 1.16672e-12 0.00212638 0.0612101 0.00012139 0.0232687 
0.000101575 4.17686e-07 2.19097e-06 0.612608 0.0261436 0.00285996 0.000225527 0.0201674 0.147221 0.030623 0.00108407 1.54699e-06 7.1256e-05 0.139776 0.0188782 5.32149e-05 0.000183655 
0.00699914 3.70237e-06 6.82941e-09 0.422301 0.0197828 0.316823 0.00231084 0.00145534 0.026308 0.178863 0.00012482 0.000286659 3.70935e-06 0.0226954 0.00203735 3.69683e-07 4.16159e-06 
0.00178904 0.0338042 0.0206845 0.267312 0.0287082 0.0349745 0.026927 0.0010573 0.161275 0.137906 0.00215032 0.0125995 0.00485333 0.0758254 0.189874 4.18164e-05 0.000217203 
0.00267935 0.00016209 3.07493e-08 0.956907 0.0102263 0.00512289 0.000468812 0.00342294 0.00033698 0.00732493 1.89261e-07 1.75935e-12 1.37917e-12 1.41139e-05 0.0133344 5.61558e-08 4.65833e-13 
0.00718524 0.000401676 0.00123787 0.50994 0.0258666 0.0130591 0.00432523 0.00167002 0.116619 0.01458 0.0113371 0.00556598 0.000104766 0.0456136 0.231313 0.00276346 0.00841784 
0.00250279 7.15256e-05 0.000426463 0.874303 0.00649945 0.00405393 0.0329889 1.99022e-07 0.0132496 0.000715624 0.00119255 2.02043e-06 0.00012131 0.00397671 0.0598964 1.37827e-10 2.13002e-10 
0.0158333 0.000379218 1.54465e-05 0.567007 0.0583586 0.0110851 0.0397869 0.00223052 0.118031 0.00376441 0.00938269 1.09718e-05 4.93859e-07 0.0167492 0.156277 0.00108264 5.48465e-06 
0.0354737 0.000865535 0.00402163 0.465336 0.0696109 0.233845 0.00944042 0.0283107 0.00863439 0.00735545 0.0288703 9.69617e-06 1.00878e-09 0.0418071 0.062615 0.00170082 0.00210352 
0.00691185 0.000410578 0.00418226 0.546123 0.0260256 0.0865742 0.00142678 0.00310961 0.0182906 0.00328186 2.55437e-08 1.08397e-07 5.99569e-09 0.00215083 0.301509 2.01331e-07 3.46603e-06 
0.0153015 0.00127411 3.32246e-11 0.330949 0.107538 0.00360256 0.00172967 0.00360192 0.00524152 0.00922035 0.000511917 0.0491478 4.19581e-08 0.132877 0.00921957 0.000274515 0.329511 
0.00548578 2.10801e-05 0.000205671 0.569054 0.0558063 0.075303 0.0804358 0.00347329 0.0494104 0.000173584 0.00439358 0.000320247 7.11066e-08 0.115701 0.0402002 7.81918e-06 8.90126e-06 
0.00405571 0.00171758 0.00723701 0.369468 0.0104229 0.0165126 0.0143644 0.000686847 0.0738635 2.52949e-05 0.0202355 0.000126326 7.75175e-09 0.315831 0.0695685 0.0162325 0.079652 
0.0125785 6.06469e-06 0.00847146 0.444857 0.00611484 0.0257858 0.214593 0.00154549 0.0968348 5.35755e-05 0.000823746 8.43872e-06 0.115947 0.0624011 0.00982076 0.000156782 1.26827e-06 
0.0965987 9.02303e-07 3.74198e-06 0.588414 0.0297074 0.00451839 0.0168164 1.94568e-05 0.143496 0.00166845 0.0276898 2.70144e-06 4.12294e-07 0.0583876 0.0074903 1.96392e-05 0.0251663 
0.00232011 0.00150536 3.96286e-07 0.279791 0.025862 0.0455685 0.0477903 3.4149e-05 0.213204 0.189551 0.000417073 0.00733515 0.072573 0.106794 0.006994 3.67411e-06 0.000256594 
4.23304e-06 0.00303311 3.73181e-10 0.76561 1.36537e-05 0.0100478 8.785e-11 0.180974 9.65269e-08 0.0403153 1.52181e-10 8.71573e-07 2.84562e-10 2.40983e-07 5.45013e-07 6.21927e-11 9.61148e-11 
0.00124575 0.000343605 0.00129844 0.886763 0.0153002 0.00873827 0.000116897 0.0283101 7.73371e-05 0.00125641 9.71001e-09 9.16097e-05 1.15157e-12 8.20099e-06 0.0564486 7.65373e-08 1.31763e-06 
0.0213904 3.32431e-07 1.93791e-05 0.359515 0.00410026 0.0024 0.0226543 9.67908e-05 0.100163 0.00455631 0.0941488 0.000999587 5.08063e-05 0.0292348 0.303236 4.75451e-05 0.057387 
0.000441823 0.00261692 0.000155556 0.783242 6.90718e-05 0.0053684 0.060612 9.54207e-05 0.0118997 8.57929e-06 0.000267393 0.000135676 1.67745e-07 0.0894719 0.0203324 0.0252645 1.80276e-05 
0.0187678 0.000904051 0.000263662 0.323837 0.0407799 0.20089 0.0460266 0.0283122 0.0637474 0.139677 0.00169976 0.000732423 3.46552e-06 0.0815384 0.0521209 0.000496177 0.000203729 
0.00259948 1.76939e-05 5.80825e-05 0.486045 0.050255 0.00411764 0.263955 0.00100055 0.0922191 0.015896 0.0157763 0.000152231 1.45856e-07 0.0362422 0.0315067 0.000147631 1.09168e-05 
0.0238346 0.0024416 0.000836271 0.471835 0.0152377 0.0236588 0.0196572 0.00152436 0.254037 0.00236251 0.0453645 0.000292224 4.79821e-06 0.0846021 0.0393934 0.0148259 9.18045e-05 
0.00481791 2.07473e-06 1.64861e-06 0.31023 0.0283558 0.00970661 0.0361563 0.000264761 0.191418 0.167981 0.183774 1.4776e-05 1.757e-09 0.00114467 0.0562976 0.00982603 8.78982e-06 
0.000961855 0.000412613 1.35845e-05 0.829097 0.00369662 0.0153709 0.000234749 0.00436612 0.00015629 0.00343436 1.85288e-07 7.86314e-07 1.72136e-11 2.00702e-05 0.142208 1.46052e-06 2.51437e-05 
0.00161021 0.00114633 0.0018678 0.28958 0.0271179 0.0803269 0.00538186 0.000658122 0.272879 0.0491094 0.0165168 0.000495084 1.09649e-06 0.135252 0.115554 0.000503578 0.00200044 
0.00247704 0.000187561 4.21051e-05 0.778632 0.0369761 0.0377506 0.00148801 0.0287634 0.0797077 0.00150617 0.000661201 9.46821e-05 2.98192e-12 0.000409969 0.0312028 0.00010067 1.00718e-12 
0.00203657 6.19506e-06 0.000237488 0.98006 2.14385e-05 0.00295418 0.00054727 0.000167745 4.25232e-05 0.00597217 0.00064567 0.0012757 8.25176e-06 0.00572078 1.38622e-06 1.80347e-06 0.000300834 
0.0545666 2.30542e-05 2.1897e-08 0.329984 0.0209582 0.00430028 0.0179858 0.000767994 0.316385 0.0315017 0.0278641 0.00151475 4.8673e-09 0.112803 0.0808782 0.000378217 8.92841e-05 
0.0121187 0.0236171 3.90509e-06 0.313531 0.0169292 0.219077 0.0135378 0.00418565 0.170432 0.02103 0.0670275 0.000475064 2.66454e-07 0.0625015 0.0519932 0.0235013 3.8441e-05 
0.0262642 0.00363091 2.62641e-09 0.562682 0.0382558 0.0296264 0.0434659 0.00846619 0.182033 0.0625329 0.0347616 5.34964e-07 2.00272e-09 0.00810304 0.000176432 4.37706e-10 9.84586e-07 
0.0134639 0.016141 2.01478e-06 0.399849 0.00818061 0.00210527 0.0113034 0.00465333 0.256114 0.227703 0.0158348 1.85424e-07 1.48821e-10 0.00897507 0.0356198 1.59404e-05 3.89505e-05 
0.0259923 7.59745e-10 1.32713e-09 0.437435 4.98158e-06 0.00224601 0.0298721 0.0028467 0.111596 0.134307 0.0441943 1.26797e-06 1.01197e-09 0.0195596 0.191945 2.21173e-10 3.41808e-10 
0.00913843 0.0170981 0.000113585 0.361293 0.0164742 0.0791066 0.00713153 0.00237115 0.178075 0.0209116 0.0473274 0.000683032 4.70556e-09 0.0456375 0.207599 0.00700468 3.43445e-05 
0.00567421 1.59475e-05 1.64899e-05 0.437233 0.00705137 0.0183588 0.0153509 0.000138568 0.430977 0.00262851 0.0178698 0.000628938 3.40146e-07 0.051658 0.00686785 0.00319706 0.00233244 
0.0206793 3.12573e-06 4.01363e-05 0.668254 0.0731732 0.0131824 0.0321678 4.32082e-05 0.0725103 0.0455977 0.0172705 5.86338e-06 1.30589e-07 0.0461049 0.0108466 0.000119991 6.21196e-07 
0.00245979 0.0025639 6.658e-05 0.482524 0.00785766 0.0590982 0.0721343 0.000245454 0.205597 0.00579814 0.0370449 0.000112737 2.25849e-06 0.087035 0.00711539 0.0303388 6.01529e-06 
0.00924389 7.70769e-05 2.66084e-09 0.631916 0.116252 0.0377768 0.000726983 0.00210045 0.0107468 0.000371317 0.00754718 1.76456e-05 2.02897e-09 0.166935 0.0162884 4.11105e-07 6.85313e-10 
0.0616497 0.000589454 0.00342489 0.361275 0.0713706 0.172757 0.0415152 0.000646805 0.0758326 0.0706994 0.000310853 0.000358348 0.0170921 0.0732511 0.0452975 0.00209266 0.00183661 
0.0210671 0.00170857 0.00196943 0.259375 0.107631 0.0453169 0.0204587 0.00633008 0.231468 0.00547748 0.00933215 0.00196386 7.53928e-07 0.121773 0.15227 0.00741242 0.00644455 
0.00120447 1.94972e-05 0.000435078 0.449638 0.0135178 0.00333174 0.0132615 0.000104727 0.292136 0.00608524 0.00518709 5.75256e-05 9.7077e-07 0.0390565 0.163679 0.0106319 0.00165405 
0.0457415 0.000167111 0.000804777 0.641195 0.00966161 0.00409718 0.00048941 0.00236356 0.0903176 0.00252791 0.00934103 0.000406073 3.74641e-06 0.00747642 0.0976195 0.0877295 5.75667e-05 
0.0166792 0.000679738 0.00360347 0.489261 0.00534985 0.0221862 0.00797251 0.000824632 0.11442 0.0171994 0.0383618 0.0198652 3.62026e-09 0.11262 0.130451 0.00352715 0.0169992 
0.00137426 0.000717069 1.2453e-07 0.53013 0.0292228 0.0179271 0.00203588 0.0724901 0.0226087 0.0577843 0.00351261 0.0782051 5.33475e-10 0.156363 0.0143943 0.00344227 0.00979231 
0.17213 2.00595e-05 0.000387303 0.346844 0.0540365 0.0736149 0.0149623 0.000359629 0.146124 0.0208673 0.00121656 9.02985e-06 7.40129e-06 0.142795 0.0259012 0.000714812 9.57457e-06 
0.00315859 8.99616e-05 1.92072e-05 0.447915 0.00191472 0.00963938 0.0388976 0.00208718 0.258897 0.00454065 0.045254 1.03989e-05 2.08124e-09 0.1693 0.018257 1.30116e-05 6.15229e-06 
0.0347821 0.00181304 0.000394039 0.193823 0.0595785 0.0522438 0.0706125 0.00062634 0.186036 0.0164585 0.145614 0.000797152 0.000520189 0.0873907 0.134525 0.00573074 0.00905349 
0.0016813 0.0044659 5.06872e-05 0.316442 0.0191547 0.00885217 0.060649 0.00102856 0.29871 3.54082e-06 0.00205862 3.80282e-05 1.09186e-06 0.151036 0.135787 4.16523e-05 3.54833e-08 
0.00117958 8.03833e-05 7.16705e-08 0.332002 0.00513998 0.00456736 3.46047e-05 0.251652 0.00327227 0.00744433 5.33323e-07 0.160639 3.18837e-10 0.149901 0.0590585 4.96591e-06 0.0250224 
0.00161453 0.000402501 0.000202561 0.344451 0.00268863 0.341757 0.0318388 0.000438643 0.0798437 0.0492383 0.000665787 0.000125634 7.18227e-06 0.100072 0.0408649 0.00576437 2.43639e-05 
0.0332988 0.00411585 8.27826e-05 0.299102 0.125516 0.105623 0.171692 0.016843 0.0128822 0.0608645 4.31917e-05 0.000240833 1.91882e-07 0.155924 0.0124014 0.00136188 8.2383e-06 
0.011787 1.13658e-06 1.87747e-05 0.373199 0.0483536 0.0102118 6.46625e-05 0.0809469 0.18126 0.000455259 0.00367758 1.17208e-05 1.39676e-07 0.117605 0.0307276 0.00886897 0.13281 
0.000844946 0.0031936 9.21791e-07 0.324385 0.10847 0.101154 0.240996 0.00242859 0.0910514 0.0338263 5.44949e-09 5.88344e-05 1.01899e-08 0.0458405 0.0471246 0.000623703 7.21321e-07 
0.176753 0.00813569 0.00014449 0.26369 0.0428607 0.0101776 0.040605 0.00267479 0.170994 0.0317018 0.0118392 0.000384383 9.96484e-05 0.212262 0.0269194 0.000651006 0.000107557 
0.000893363 7.49772e-07 0.000319675 0.646708 0.0766087 0.0252145 0.0492643 0.000558154 0.00211561 0.00464068 2.73647e-06 5.12804e-05 2.69331e-09 0.0306665 0.162888 4.45374e-05 2.30797e-05 
0.0100661 0.00636532 1.5541e-06 0.788293 0.0217143 0.00224279 0.0189772 0.000135006 0.062162 0.00145761 0.00515369 0.00259719 1.45153e-09 0.0680572 0.00261545 0.0100409 0.000120734 
0.0298413 3.11326e-06 8.44264e-08 0.319148 0.233821 2.51021e-08 0.0198497 0.00624159 0.14725 0.176334 0.03048 0.000939525 2.47783e-08 0.0186289 0.0174538 2.31054e-06 6.78887e-06 
0.00428561 0.000247918 5.16645e-05 0.877249 0.0271937 0.000974905 0.00123077 0.0250218 0.0115639 0.0231714 0.0064826 2.46659e-05 3.84624e-12 0.00148741 0.0158391 0.00517169 3.35153e-06 
0.00558795 0.000554598 7.95518e-06 0.35018 0.00655 0.0258398 0.0891158 2.47491e-05 0.258441 0.00115276 0.0205213 0.000267426 9.7154e-06 0.02684 0.177947 0.000123874 0.0368354 
0.0516901 0.000474022 0.000252417 0.340142 0.0790221 0.0069071 0.0216705 8.14368e-06 0.138547 0.0275394 0.255397 0.00328894 3.46636e-08 0.0723866 0.00265679 1.11082e-07 1.80334e-05 
0.00519744 0.000755505 1.9827e-05 0.299693 0.231426 0.081551 0.0224207 0.0134151 0.0703751 0.202892 0.000457619 0.000557366 7.31657e-05 0.0632661 0.00728247 0.000160399 0.000456908 
0.000961855 0.000412613 1.35845e-05 0.829097 0.00369662 0.0153709 0.000234749 0.00436612 0.00015629 0.00343436 1.85288e-07 7.86314e-07 1.72136e-11 2.00702e-05 0.142208 1.46052e-06 2.51437e-05 
0.0368083 1.73777e-05 2.71525e-09 0.570163 0.008679 0.000185661 0.00177493 0.000187908 0.240201 0.000148915 0.0517937 4.74802e-05 2.07046e-09 0.0841364 0.0058534 1.28812e-06 1.71877e-06 
0.00723852 0.000849507 0.000845319 0.261192 0.17473 0.00922421 0.0138394 0.196007 0.0398882 0.0114456 0.000447703 0.000256333 1.34226e-07 0.071798 0.205557 0.00629301 0.000387425 
0.00958412 1.42203e-05 3.1099e-08 0.823158 0.00174926 0.00836288 0.0127591 0.000514576 0.076257 0.00141772 0.0153232 1.61134e-05 2.27651e-08 0.0359415 0.0143663 0.000532325 3.74866e-06 
0.0572445 5.24899e-06 5.24606e-06 0.725789 0.0220648 5.25169e-06 5.25126e-06 5.25062e-06 0.0861463 0.0126086 5.25007e-06 0.0272856 5.24767e-06 0.057256 5.25199e-06 0.00315628 0.00840699 
0.0476682 0.000469086 0.00173295 0.310207 0.0611613 0.0258219 0.0260635 0.019721 0.157532 0.00872314 0.0553914 0.000716475 1.50363e-06 0.140009 0.141309 0.00342981 4.19028e-05 
0.00104738 0.00139807 0.00110885 0.371003 0.0107999 0.0396048 0.0533661 0.00147633 0.0712924 0.000166343 0.000965218 1.00682e-06 0.000384335 0.312494 0.13482 6.89868e-05 3.73115e-06 
0.0134639 0.016141 2.01478e-06 0.399849 0.00818061 0.00210527 0.0113034 0.00465333 0.256114 0.227703 0.0158348 1.85424e-07 1.48821e-10 0.00897507 0.0356198 1.59404e-05 3.89505e-05 
0.00413499 0.000146319 0.000322809 0.439347 0.0795741 0.0274151 0.0261896 0.00070315 0.0816153 0.0473803 0.117395 0.00136122 2.56507e-05 0.098227 0.0749927 0.000886898 0.000283045 
0.000852875 0.000186187 7.74108e-05 0.579443 0.00301149 0.0321237 0.000863307 7.98531e-05 0.225578 0.0125961 0.0440923 8.01395e-05 8.65014e-09 0.00387817 0.09067 0.00646434 4.0404e-06 
0.05959 6.43351e-07 0.000318194 0.732235 0.00892434 0.00584913 0.000326879 0.00267566 0.0100601 0.00116623 0.0119125 8.37995e-07 2.69809e-10 0.0678492 0.0990884 2.75666e-06 7.93017e-08 
0.00480568 0.000513109 5.1855e-05 0.648351 0.0429744 0.137419 0.000688143 0.035307 0.0145625 0.00357761 0.00015181 1.08415e-05 5.10031e-09 0.00320027 0.108363 2.26418e-05 2.76312e-07 
0.00575538 0.00120202 9.9784e-11 0.894046 0.0188101 0.000112107 0.000313265 0.000268559 0.0160994 0.0365885 5.93684e-08 0.0014939 7.60883e-11 0.0187665 0.00315188 2.53111e-05 0.00336715 
0.00458572 4.01516e-06 3.48242e-05 0.670565 0.00177797 0.00431663 0.0677697 3.48007e-05 0.0956346 0.0378916 0.0838771 8.92126e-05 1.21757e-06 0.0144208 0.00911154 0.0098715 1.41306e-05 
0.000102464 0.000100525 1.83256e-07 0.953822 5.30881e-05 0.000301247 0.012666 0.000154811 0.00588922 0.00200195 0.000755499 4.38082e-05 1.17437e-08 0.0150156 0.00326193 1.27489e-07 0.00583113 
0.00247642 0.00018375 5.94268e-05 0.765557 0.0356895 0.0388913 0.00144647 0.032086 0.0873897 0.00152358 0.000736226 0.00010765 2.87575e-12 0.000402317 0.0333505 0.000100556 9.71324e-13 
0.00699515 1.61832e-08 0.0187654 0.317522 0.0394233 0.0111404 0.055511 0.00373669 0.148995 0.00569417 0.00252011 0.000408796 0.0226266 0.084117 0.268198 0.00405022 0.0102952 
0.124872 2.8047e-06 0.000134582 0.378176 0.187621 0.00586605 0.0893222 0.00223316 0.104378 0.00360249 0.00128052 1.30477e-05 4.21682e-06 0.0200513 0.0391492 0.042726 0.000566191 
0.00250573 0.0100224 1.138e-05 0.445372 0.0221986 0.00448852 0.00476788 0.00325918 0.0365739 0.00180126 0.000409344 0.00815307 1.61841e-06 0.426294 0.0192496 2.01512e-05 0.014871 
0.00651626 1.78489e-05 0.000106498 0.862426 0.0303303 0.000401521 6.31028e-05 0.0480619 0.00551318 0.0395483 6.94153e-05 6.79772e-06 7.85832e-12 0.00388865 0.00304984 5.47535e-08 6.52434e-09 
0.0105095 7.41856e-07 8.96981e-06 0.832275 3.22978e-09 0.000643512 0.0344591 3.30553e-07 0.0378369 0.00248836 0.00525788 9.80424e-05 1.67231e-05 0.00121714 0.0751561 3.02343e-05 1.25018e-06 
0.00050681 0.000421108 0.000510221 0.852149 0.0358187 0.00236806 1.10886e-08 0.0322607 0.000115003 0.0194678 2.44779e-07 0.000236125 3.88244e-08 6.18287e-11 0.056146 5.08963e-08 3.75228e-08 
0.00790689 1.94536e-05 1.00094e-07 0.396367 0.000212573 0.0290076 0.0371819 4.05654e-10 0.064756 0.0400952 0.375184 6.68555e-07 9.34272e-10 0.0127218 0.0360582 4.3646e-06 0.000483953 
0.0247729 0.0513234 0.00107062 0.610938 0.0391221 0.0244872 0.0163779 0.00118918 0.0703549 0.0380573 0.0156382 0.000460115 6.38998e-08 0.00225064 0.0974993 0.00617248 0.000286084 
0.0010267 7.60586e-05 5.21614e-06 0.813894 0.0368074 0.00890731 0.00583289 0.00111109 0.0893878 0.000712199 0.000491725 0.000111087 1.74082e-05 0.0389348 0.00245947 0.000197938 2.71041e-05 
0.0442603 0.00317083 0.000426776 0.315655 0.277751 0.0277705 0.0545208 0.0142329 0.0255794 0.0308977 0.0076396 0.000502913 0.0110791 0.0718922 0.111393 0.0031965 3.21517e-05 
0.299741 0.000969619 1.83219e-06 0.344132 0.234093 2.19653e-06 0.0174228 4.84448e-06 0.0461749 3.0417e-06 0.00503434 0.000175204 0.00282397 0.030553 0.0188666 7.87755e-07 2.17086e-07 
0.00103761 2.2628e-09 3.29787e-06 0.811283 8.58095e-07 0.0468568 0.0121453 1.68588e-07 0.030275 0.0011973 0.000391459 0.000130583 3.01403e-09 0.0249335 0.0716284 1.05748e-07 0.000116676 
0.00233927 7.74222e-05 8.8325e-08 0.515601 0.0285372 0.0237076 0.168855 0.000425567 0.0654589 0.00760538 0.0049465 0.0221351 5.84014e-06 0.141497 0.018761 8.57604e-06 3.85192e-05 
0.0151738 0.0505502 2.4668e-09 0.769447 0.00965276 0.000199192 0.00201107 0.000686651 0.000386622 0.101697 0.00027084 4.06527e-05 9.49949e-08 0.0197116 0.030173 4.11106e-10 1.75102e-08 
0.0713452 0.0408055 9.52847e-07 0.393471 0.0599107 9.53869e-07 0.0121141 9.53674e-07 0.0132618 0.106161 0.00934598 0.0336375 0.00857918 0.174677 0.0149776 9.53877e-07 0.0617095 
0.00436606 0.000472108 0.00212509 0.553297 0.00406228 0.0152228 0.000674376 0.0201945 0.160238 2.77797e-05 6.14324e-05 0.000552765 1.63626e-07 0.237463 0.00124244 3.57613e-08 5.52668e-08 
4.21099e-06 8.53607e-05 0.000280401 0.384794 0.284618 0.0184549 0.0123861 1.93982e-06 0.0805143 0.00729676 0.00271391 0.00634254 5.06486e-07 0.00357135 0.198935 5.7391e-07 8.16555e-10 
0.034246 0.00330772 0.000172783 0.54467 0.0311378 0.00981188 0.0337873 0.00275981 0.142581 0.00601264 0.00734815 6.67552e-05 0.00200017 0.101748 0.07031 0.00940494 0.000634511 
0.0132491 0.00455684 1.66572e-06 0.497797 0.00816518 0.0349505 0.0465125 0.000327227 0.106283 0.0141848 0.00342545 2.4223e-06 3.43676e-05 0.149377 0.120528 0.000527783 7.78473e-05 
0.0298413 3.11326e-06 8.44264e-08 0.319148 0.233821 2.51021e-08 0.0198497 0.00624159 0.14725 0.176334 0.03048 0.000939525 2.47783e-08 0.0186289 0.0174538 2.31054e-06 6.78887e-06 
5.64892e-06 0.0615516 5.64328e-06 0.425965 5.64996e-06 0.151408 0.163258 5.64818e-06 0.0706331 5.64903e-06 5.64758e-06 5.64346e-06 5.645e-06 5.65006e-06 0.127123 5.64937e-06 5.6487e-06 
0.00563489 0.000228437 8.14067e-06 0.668008 0.0399083 0.000603572 0.00774904 0.011877 0.0833594 0.0147264 0.117557 5.79208e-09 4.54046e-09 0.0152826 0.0350357 3.23384e-06 1.77749e-05 
0.00389037 0.0118532 0.000214636 0.513788 0.0429023 0.0506984 0.000564348 0.00168667 0.245656 0.0130423 0.00289426 0.000370785 1.03377e-05 0.0661043 0.0286932 0.0164607 0.00116999 
0.0614479 0.0115251 0.000211222 0.217512 0.0792812 0.00579716 0.00591616 0.0100179 0.194742 0.0754198 0.0312848 0.103159 1.99925e-07 0.0418656 0.161812 1.43937e-06 6.92587e-06 
0.00457943 0.00191014 4.33866e-05 0.597517 0.0450354 0.0128505 0.0127145 0.00156068 0.0510851 0.0250354 0.143021 0.000157016 0.00445626 0.0115547 0.0542289 0.0246646 0.00958617 
0.0221453 0.000473454 0.000336333 0.506818 0.0184999 0.00479585 0.058763 0.00431935 0.215802 0.00319217 0.0372751 0.00109584 2.25371e-06 0.0362324 0.0417676 0.0484572 2.47344e-05 
0.275641 0.00944472 8.90689e-06 0.340702 0.034022 0.0125625 0.00412516 0.000468354 0.0985063 0.00623611 0.0183989 9.36235e-05 5.66303e-05 0.112131 0.0678919 0.000188737 0.0195219 
0.000966427 0.0165154 0.00641441 0.359717 0.00978912 0.0218459 0.0043891 0.000848097 0.156984 0.068644 0.000387536 0.00185087 3.6687e-13 0.137985 0.115637 0.0010358 0.0969917 
8.67165e-08 4.38347e-06 2.84702e-07 0.965805 6.82067e-08 0.00339562 0.00646307 8.40743e-08 0.00030113 2.97646e-07 0.000333326 1.19356e-06 0.000137759 0.00459156 0.0189657 5.76412e-11 8.90807e-11 
1.65432e-07 2.93347e-09 5.07348e-11 0.954764 4.37589e-12 6.41145e-08 0.0296306 1.67975e-11 2.26397e-07 1.28849e-07 1.36571e-07 5.92707e-08 3.86868e-11 0.0135605 0.00204418 8.45522e-12 1.56935e-08 
0.0791154 0.00219952 9.2453e-05 0.40882 0.0247335 0.015674 0.0243851 0.00315089 0.254939 0.0153078 0.0351713 0.000667118 0.000135241 0.0993582 0.0325809 0.00358326 8.70414e-05 
0.0077246 0.000556606 0.00210371 0.398474 0.250692 0.0739963 0.0052867 0.00470927 0.00536652 0.00933515 1.67016e-05 2.75125e-07 4.17017e-09 0.032904 0.208655 0.000170103 8.79613e-06 
0.119771 0.000287489 0.000374262 0.494889 0.0202641 0.0204876 0.0235068 0.000612412 0.0819166 0.0278862 0.00472 0.00117461 1.61566e-06 0.121625 0.0824544 2.70162e-05 1.23067e-06 
0.0134229 5.45114e-06 0.0107578 0.395735 0.0476245 7.90099e-06 0.00242723 0.000149554 0.0354623 0.389594 0.0167062 0.050899 2.75028e-05 0.0369723 6.61386e-06 0.000109669 9.19495e-05 
0.0127549 0.00149646 0.000623932 0.262795 0.0616177 0.0577954 0.0130204 0.00566831 0.184859 0.0134509 0.0187927 0.00180937 0.0010205 0.101995 0.25235 0.00765875 0.00229109 
0.00124575 0.000343605 0.00129844 0.886763 0.0153002 0.00873827 0.000116897 0.0283101 7.73371e-05 0.00125641 9.71001e-09 9.16097e-05 1.15157e-12 8.20099e-06 0.0564486 7.65373e-08 1.31763e-06 
0.0988172 7.58652e-06 4.42046e-06 0.221612 0.147521 0.0242204 0.000956841 0.189582 0.0461527 0.000266383 0.000364001 0.000137012 1.28884e-07 0.218295 0.0131496 0.0389113 1.8201e-06 
0.00194394 0.00825418 0.00411019 0.860006 0.0124647 0.002285 0.00995765 0.000983469 0.0226448 0.0173946 0.0016813 0.000626886 1.04312e-08 0.0271331 0.0271344 0.003372 7.36582e-06 
0.00790689 1.94536e-05 1.00094e-07 0.396367 0.000212573 0.0290076 0.0371819 4.05654e-10 0.064756 0.0400952 0.375184 6.68555e-07 9.34272e-10 0.0127218 0.0360582 4.3646e-06 0.000483953 
0.00653893 0.00436688 0.000735052 0.306263 0.0316981 0.0857178 0.187412 0.00427214 0.148916 0.105429 0.069135 9.4012e-07 0.00404041 0.00848151 0.030784 0.00613669 7.30236e-05 
0.000736204 0.000562056 0.000223953 0.66509 3.48053e-07 0.00969249 0.112534 8.74018e-05 0.022077 9.14795e-06 0.000441888 0.000101043 3.53504e-11 0.104423 0.0377008 0.0463073 1.32557e-05 
0.00683873 0.000167733 0.00257792 0.50843 0.0206889 0.0129571 0.185528 3.68519e-05 0.084794 0.000997615 0.00212314 2.92006e-05 4.83836e-06 0.0147519 0.159816 0.000250083 8.75242e-06 
9.12998e-05 0.000108635 1.92903e-05 0.314161 0.0651198 0.0497456 0.0883799 8.52055e-06 0.182935 0.00816658 9.08022e-05 1.34962e-06 0.00119774 0.00401663 0.285822 2.31228e-07 0.000135415 
0.00771956 0.000323364 0.00203356 0.813433 0.0170802 0.00135966 0.00485785 0.000597267 0.011246 0.00862798 0.00479383 0.00032678 1.00964e-09 0.04254 0.0837128 0.000269035 0.00107872 
0.0151738 0.0505502 2.4668e-09 0.769447 0.00965276 0.000199192 0.00201107 0.000686651 0.000386622 0.101697 0.00027084 4.06527e-05 9.49949e-08 0.0197116 0.030173 4.11106e-10 1.75102e-08 
0.00247642 0.00018375 5.94268e-05 0.765557 0.0356895 0.0388913 0.00144647 0.032086 0.0873897 0.00152358 0.000736226 0.00010765 2.87575e-12 0.000402317 0.0333505 0.000100556 9.71324e-13 
0.00972762 0.00236516 0.0182889 0.597699 0.0303842 0.00797473 0.0168092 0.000294671 0.186725 0.0368406 0.0218366 0.0108239 4.10507e-10 0.0407259 0.0193779 0.000116604 1.01583e-05 
0.0230078 1.383e-08 2.71968e-06 0.745164 0.0541718 0.0338758 0.0487147 0.00040462 0.0160771 0.000926017 0.000708973 2.34995e-08 6.45054e-07 0.0746646 0.00223256 1.92505e-05 2.91161e-05 
0.00104979 0.000129119 0.000180047 0.459849 0.00415768 0.0236165 0.000810189 0.0109636 0.103414 0.316413 7.49501e-05 0.00159605 0.000179149 0.0722412 0.00471373 2.16562e-05 0.000589687 
2.13491e-05 3.5567e-06 1.88212e-09 0.702466 0.275515 3.35579e-06 4.43066e-10 0.000456139 1.03558e-10 0.0215272 7.67516e-10 4.39573e-06 1.43517e-09 1.41307e-10 2.74874e-06 3.45345e-07 4.84749e-10 
0.000961855 0.000412613 1.35845e-05 0.829097 0.00369662 0.0153709 0.000234749 0.00436612 0.00015629 0.00343436 1.85288e-07 7.86314e-07 1.72136e-11 2.00702e-05 0.142208 1.46052e-06 2.51437e-05 
0.0273094 1.72106e-05 1.46291e-06 0.384027 0.0435352 0.00934802 0.00778544 0.00141527 0.149904 0.000648767 0.0183189 0.00187303 4.41676e-08 0.308979 0.0467232 1.63621e-08 0.000113327 
0.0222914 0.000409468 0.0014556 0.802553 0.0150562 0.00454859 0.00425919 0.00115886 0.0572166 0.0326466 0.00758357 0.000316361 2.00316e-05 0.0176087 0.0246131 0.000110533 0.00815249 
0.0733941 0.000216419 8.19339e-06 0.264375 0.0484141 0.0480404 0.0156119 0.0253763 0.167015 0.03546 0.0178566 0.000131249 3.72272e-06 0.210035 0.0891342 0.00485936 6.83473e-05 
0.00237842 8.50683e-10 1.48598e-09 0.978789 0.000265363 0.000246062 0.000650836 4.70332e-05 0.00493428 0.00932737 0.00210339 4.78698e-05 2.95573e-06 0.00120101 4.34465e-06 1.28014e-06 9.52131e-07 
0.0214889 0.00260164 0.00151635 0.396742 0.0719645 0.0233001 0.0455177 0.00416838 0.181759 0.028048 0.0127378 0.00276679 0.00149696 0.139811 0.0584742 0.00627954 0.00132692 
0.0306706 4.56663e-05 0.000216385 0.756997 0.0244421 0.00843924 0.045324 0.000725187 0.0705844 0.00807174 0.0270458 9.67495e-06 3.08993e-05 0.00947169 0.0172354 0.000679538 1.10554e-05 
0.0607057 0.000620914 0.00135117 0.291526 0.0404951 0.0363102 0.0263726 0.000726291 0.231557 0.018114 0.0302492 0.0138809 9.245e-07 0.157039 0.0802414 0.00438164 0.00642792 
0.00162895 2.36944e-05 2.54103e-05 0.532414 0.00475796 0.0221684 0.132176 0.000622371 0.250583 0.00016827 0.00134792 3.36319e-05 1.47585e-07 0.0329133 0.0210361 5.64202e-05 4.48134e-05 
0.0160258 0.000151848 0.0014021 0.355635 0.0433514 0.0418842 0.00633076 0.00217529 0.140628 0.00354439 0.0220947 1.68927e-05 0.00664431 0.068094 0.255379 0.00742166 0.0292199 
0.0129661 0.000615028 0.00388724 0.413702 0.0959559 0.00708301 0.131879 0.0252273 9.70772e-05 0.0534101 0.00817094 0.00386396 2.50176e-07 0.220935 0.0221951 5.46775e-08 1.23753e-05 
9.22112e-06 0.000249304 4.4609e-05 0.208552 0.184467 0.180712 0.108609 0.000820526 0.000810343 0.0189659 8.86294e-08 2.71477e-05 1.49826e-05 0.185203 0.111511 4.99632e-07 3.42753e-06 
0.011072 8.23768e-05 6.36919e-05 0.452604 0.0380009 0.0334785 0.0379412 0.00110645 0.295381 0.0222377 0.0242282 0.000132777 2.7742e-06 0.0623701 0.0205999 0.000609893 8.81108e-05 
0.0212003 0.00176773 8.25335e-05 0.447709 0.038026 0.0545774 0.0557894 0.000983626 0.148749 0.00320368 0.00581208 0.00230581 0.000653206 0.0964087 0.102377 0.0202319 0.000122256 
0.0286458 0.00504201 0.000460797 0.634153 0.035789 0.00385687 0.000452978 0.000371913 0.120479 0.0265113 0.00965482 0.00883353 0.000255039 0.0875124 0.0298446 0.00813251 4.32127e-06 
0.00441037 0.00165811 0.000128122 0.333169 0.0109899 0.0147718 0.0500248 0.000485146 0.294195 0.0197424 0.131033 0.00057038 3.15764e-07 0.0452953 0.0688762 0.0135119 0.0111391 
0.0100308 0.000203709 0.00331041 0.530377 0.0120065 0.0010539 0.0537781 0.00171261 0.267037 0.0631443 0.0124735 0.00108387 3.35465e-07 0.0109578 0.0208221 0.0119917 1.61569e-05 
0.000129832 0.00181493 1.9123e-06 0.468415 0.0368422 0.00472103 0.42044 4.40855e-07 1.34611e-06 1.19299e-06 7.21368e-06 0.000877483 4.96272e-10 0.0599028 0.00684472 1.08463e-10 2.43249e-09 
0.00901651 0.000207225 0.000663539 0.72547 0.0639875 0.00559552 9.55709e-05 0.132606 0.00656785 0.00487304 8.2757e-07 0.000109681 1.23417e-09 0.0161444 0.0304246 0.00400716 0.000230753 
0.0209313 0.00167828 0.000289026 0.282971 0.0650264 0.0462724 0.00129386 0.127212 0.136126 0.0550435 0.0100265 0.00423795 1.32843e-05 0.153963 0.0301479 0.0449726 0.0197951 
0.000464218 6.85621e-05 0.0219837 0.360572 0.00623622 0.0578299 0.0835706 0.0370969 0.0730015 0.00599416 0.00144627 5.2379e-05 1.81288e-05 0.0644445 0.286894 0.000140401 0.00018696 
0.0360956 2.77563e-05 9.4753e-06 0.625233 0.0586217 0.0016814 0.0019766 0.00132941 0.01648 0.0517364 3.78198e-05 0.00230883 1.31243e-05 0.193233 0.0108957 8.33971e-06 0.000311943 
0.012788 1.58627e-06 7.29478e-06 0.397778 0.0302233 0.0339127 0.0977022 0.000260499 0.288227 0.0414627 0.0255686 0.0193046 2.67089e-07 0.0412283 0.0104205 0.00110734 7.69438e-06 
0.0123281 0.0768374 0.000535573 0.280347 0.0148425 0.0346759 0.0576252 0.00115814 0.123984 0.012078 0.022776 0.00146623 0.00103713 0.114698 0.240505 0.00210702 0.00299959 
0.0329872 0.00424721 9.52218e-07 0.397868 0.0769302 0.00836784 0.0167359 0.000935283 0.05701 0.338941 0.0180506 0.00478126 0.000174421 0.0169212 0.0105887 0.0150293 0.000431048 
0.011065 0.0104574 0.000376982 0.337274 0.0447164 0.0153373 0.00930569 0.00232731 0.109467 0.0189449 0.00348255 0.029439 0.000438704 0.161682 0.234886 0.00578051 0.0050194 
0.0260718 0.00344159 0.000241104 0.328349 0.0659732 0.014336 0.0113605 0.00864313 0.244271 0.00804156 0.0169921 0.00151658 0.000257444 0.227655 0.0240873 0.0178842 0.000877579 
0.00958412 1.42203e-05 3.1099e-08 0.823158 0.00174926 0.00836288 0.0127591 0.000514576 0.076257 0.00141772 0.0153232 1.61134e-05 2.27651e-08 0.0359415 0.0143663 0.000532325 3.74866e-06 
0.0149232 0.000468275 6.65411e-06 0.474235 0.0957993 0.00120135 0.00022925 0.00463534 0.184152 0.16185 0.023821 8.05954e-05 4.25506e-07 0.0339624 0.000759808 0.00376465 0.000110663 
0.000108219 9.92562e-08 0.00292161 0.504692 0.000399349 0.0727539 0.313998 4.3851e-08 0.0495151 6.09185e-05 0.00297328 2.08136e-06 1.6598e-10 0.0111263 0.0410831 0.000365836 6.17857e-08 
0.00325811 0.0946871 8.92404e-05 0.523604 0.0202567 0.000399859 0.0104165 0.000181061 0.0511943 0.181594 0.00013386 0.0540659 2.37568e-07 0.00383224 0.0562441 3.9987e-05 2.91413e-06 
0.00548837 0.000478284 0.0817752 0.277453 0.018314 0.0257913 0.260531 0.000386652 0.115791 0.0306896 0.00249422 0.00184659 1.61283e-05 0.0690222 0.0410754 0.021541 0.047306 
0.0563322 0.00728693 2.17644e-09 0.702083 0.0981842 0.00207578 0.0175225 8.34246e-05 0.00798806 0.0177689 0.0308497 9.93967e-05 1.6596e-09 0.0525465 0.00696339 3.69173e-06 0.000212441 
0.0116355 0.00150091 3.40041e-07 0.518707 0.00641693 0.0053029 0.00237293 0.00355849 0.181411 0.00154777 0.00260205 0.000174915 6.16833e-07 0.110218 0.154399 0.000125717 2.61649e-05 
0.00993724 2.11551e-06 3.69539e-06 0.779312 0.0220884 0.0120767 0.0437791 0.00309909 0.0191614 0.000306994 1.50695e-06 0.00207558 7.97419e-06 0.0936764 0.014215 0.000238012 1.8368e-05 
0.0134172 4.71686e-05 0.00184851 0.368055 0.0728641 0.0115235 0.0445246 0.0116377 0.206666 0.000446875 0.00403457 0.000290256 1.78464e-05 0.118524 0.135229 0.0108612 1.15146e-05 
1.10217e-07 3.42736e-07 0.000837686 0.878991 1.38899e-05 0.000127888 0.0360708 0.000201143 3.72959e-06 0.0350009 0.000941461 7.38256e-06 8.9013e-09 0.031314 0.0146521 0.00183551 1.4668e-06 
0.00239978 8.50258e-10 1.48524e-09 0.978766 0.000266224 0.000244926 0.000651406 4.68173e-05 0.00492186 0.00934343 0.00209367 4.76508e-05 2.94285e-06 0.00120867 4.32488e-06 1.27439e-06 9.4791e-07 
0.131501 0.00101669 1.6156e-06 0.287998 0.101308 0.000501165 0.124081 0.000240353 0.096279 0.0576096 0.006008 0.0085729 1.42897e-08 0.166724 0.0178731 0.000284334 1.63011e-07 
0.0131048 0.0778789 1.60647e-05 0.258636 0.0368518 0.00367308 0.00127349 0.00962547 0.135391 0.042783 0.0567535 0.00664628 1.65554e-07 0.131342 0.081865 0.000326899 0.143833 
0.00010951 3.6172e-05 8.67882e-05 0.927776 0.00308725 0.00264818 0.00865711 9.58608e-06 0.00422477 0.00771986 0.0215242 1.47132e-08 6.88337e-05 0.0191362 0.00472718 0.000187719 5.43507e-07 
0.00294006 4.52964e-05 9.46951e-07 0.94324 0.00109176 6.48559e-05 0.00170911 1.36238e-07 0.0265836 0.00800364 0.00463514 7.0195e-05 0.000391397 0.00509945 0.00612186 2.55122e-06 1.05982e-07 
0.0136117 0.00204 0.000874104 0.500484 0.0356045 0.0255448 0.0152804 0.000332136 0.0963964 0.0431661 0.0127675 0.00194769 1.68294e-05 0.145395 0.100489 0.00600252 4.8399e-05 
0.00610923 0.00146503 0.0127098 0.38751 0.00634117 0.0518473 0.0379597 0.000175168 0.148865 0.0136978 0.0216003 0.000819357 6.58554e-07 0.0998388 0.191506 0.00812966 0.011425 
0.00417101 2.64988e-05 0.0006876 0.35804 0.000181601 0.0101219 0.0156799 1.24755e-06 0.274027 0.000191154 0.0346492 2.39402e-06 1.47176e-11 0.105857 0.196359 8.7132e-07 3.40965e-06 
0.0675655 0.00373042 1.20764e-05 0.480142 0.0686069 0.00249457 0.0991172 0.000742607 0.0521876 0.0117714 0.124591 0.000890525 2.40711e-06 0.0701349 0.0175773 0.000419706 1.33015e-05 
0.0382566 0.00501217 0.00171423 0.552345 0.029298 0.0150006 0.00685295 0.00663514 0.0581434 0.0512653 0.020973 0.000625671 4.87354e-07 0.107398 0.0996828 0.00483714 0.00195927 
0.00256192 4.29593e-05 0.000256034 0.901324 0.00389978 0.00476144 0.0255825 1.28126e-07 0.00798742 0.000429449 0.00105972 0.000132626 7.29238e-05 0.0159506 0.0359383 1.0359e-10 1.60092e-10 
