0.0155321 0.00776023 1.14886e-06 0.495512 0.00463347 0.0517925 0.0261767 0.00014396 0.0487966 0.0235671 0.00319152 4.66208e-07 1.11359e-09 0.14865 0.174007 9.99787e-05 0.000134891 
0.0158313 2.08716e-05 4.83633e-05 0.39805 0.0275696 0.00583032 0.013146 0.000356378 0.383651 0.00129793 0.006005 0.00773888 2.39444e-11 0.137036 0.00235545 0.00106361 4.18118e-09 
0.00961017 0.00296376 2.92311e-06 0.452031 0.0194472 0.00654071 0.0175834 0.0319024 0.122998 0.0114527 0.241008 0.000409276 1.61977e-06 0.0662171 0.0167561 0.000684426 0.000390965 
0.00368708 0.00751594 5.4615e-05 0.467809 0.0154024 0.0182764 0.00127914 0.00925259 0.155713 0.00012696 0.00213108 1.80033e-07 6.41732e-11 0.117183 0.201424 0.000131405 1.28243e-05 
0.0132832 0.000274824 0.00131724 0.493257 0.0636631 0.0412751 0.00688169 0.00194175 0.0560611 0.0135186 0.0141293 0.000385472 0.0184837 0.0719375 0.186683 0.0159794 0.00092818 
0.00431636 6.69608e-06 1.16967e-05 0.89971 0.00900618 2.02457e-06 2.75351e-06 3.87261e-06 0.0785714 0.00117032 0.00206208 1.13778e-05 8.91912e-06 0.00511001 1.49833e-06 1.94933e-06 3.01256e-06 
0.00365689 0.00183631 0.00025234 0.593267 0.0283624 0.0500178 0.117006 0.000375905 0.141681 0.00206216 0.00115546 0.00052974 5.16738e-08 0.0290638 0.02296 0.00757566 0.000198082 
5.14994e-05 3.29287e-07 1.05681e-06 0.7395 4.47119e-07 1.27066e-06 0.00900229 2.30428e-05 0.000112952 0.00273458 4.43458e-06 2.48441e-07 3.18171e-10 0.016528 0.232002 3.37727e-08 3.74187e-05 
0.0213142 0.00274806 0.00370999 0.276568 0.0965292 0.0569716 0.035702 0.00623471 0.105903 0.00357196 0.00490394 0.000400965 1.82755e-06 0.185852 0.137267 0.0527453 0.00957771 
0.00660245 0.0131719 9.92052e-05 0.421196 0.0131887 0.0536778 0.00219606 0.34724 0.0702236 0.000768691 0.000146779 1.41928e-05 4.56004e-11 0.0181689 0.0277008 0.025605 2.43637e-08 
0.000961855 0.000412613 1.35845e-05 0.829097 0.00369662 0.0153709 0.000234749 0.00436612 0.00015629 0.00343436 1.85288e-07 7.86314e-07 1.72136e-11 2.00702e-05 0.142208 1.46052e-06 2.51437e-05 
0.00384891 0.00125797 1.45593e-05 0.774015 0.125309 0.00306364 0.0118217 0.00114091 0.0420321 0.0198934 0.0015987 1.41131e-05 7.92621e-07 0.014242 0.000299283 0.00141317 3.44711e-05 
0.0138955 0.0178082 2.05466e-06 0.560792 0.0444399 0.000911683 0.00331666 2.81761e-05 0.114087 0.000652511 0.0477231 0.0063514 2.44885e-07 0.0631955 0.1267 1.71145e-05 7.90537e-05 
0.0150151 0.006238 0.000191457 0.389657 0.0535215 0.0500472 0.0869735 0.0258411 0.156076 0.0366764 0.0149564 0.0126331 5.17978e-05 0.0339017 0.112173 0.00602868 1.77326e-05 
0.0170275 0.0142515 3.10261e-05 0.297625 0.0526534 0.0499488 0.117637 0.00195984 0.139444 0.0350119 0.026328 0.000102453 3.3232e-07 0.096233 0.149089 0.000882553 0.00177428 
0.0346199 0.00222762 6.08065e-06 0.263365 0.0498681 0.00232297 0.0222213 0.0189774 0.183282 0.0526457 0.221962 8.76359e-05 0.0088965 0.0252056 0.0826098 0.0315493 0.000153325 
0.0107456 1.26244e-05 1.06457e-05 0.746368 0.002415 0.00049312 8.14552e-05 1.38444e-05 0.202755 0.0365274 5.66645e-06 4.64163e-05 1.84706e-06 0.000488104 3.00607e-05 4.26092e-06 6.2387e-07 
0.000269891 0.000118457 7.83234e-07 0.869484 0.000249716 2.55401e-05 0.00197982 7.51871e-05 0.0628009 0.00307487 0.0410608 9.35952e-05 5.05684e-10 0.020441 0.000233012 1.36502e-06 9.09497e-05 
0.000201656 9.6829e-06 2.102e-06 0.483657 5.97273e-05 0.0221041 0.00633408 2.88692e-05 0.192724 0.000312022 0.000961712 7.27262e-05 9.87125e-10 0.0150232 0.278443 1.71711e-05 4.82453e-05 
0.00417101 2.64988e-05 0.0006876 0.35804 0.000181601 0.0101219 0.0156799 1.24755e-06 0.274027 0.000191154 0.0346492 2.39402e-06 1.47176e-11 0.105857 0.196359 8.7132e-07 3.40965e-06 
0.00389037 0.0118532 0.000214636 0.513788 0.0429023 0.0506984 0.000564348 0.00168667 0.245656 0.0130423 0.00289426 0.000370785 1.03377e-05 0.0661043 0.0286932 0.0164607 0.00116999 
0.00158276 0.000963191 0.000167708 0.46056 0.00600439 0.00401267 0.00323788 0.00646557 0.135449 0.00161404 0.00111456 0.000425217 5.15681e-10 0.375802 0.00212193 2.36402e-05 0.000455354 
0.00794647 0.00393391 0.000117331 0.88091 0.00127292 0.000483563 0.000142332 0.000313383 0.0694289 0.00203661 0.0142482 6.63332e-05 3.95093e-05 0.00942426 0.00662223 0.0029168 9.71892e-05 
0.00259948 1.76939e-05 5.80825e-05 0.486045 0.050255 0.00411764 0.263955 0.00100055 0.0922191 0.015896 0.0157763 0.000152231 1.45856e-07 0.0362422 0.0315067 0.000147631 1.09168e-05 
0.000944532 2.67475e-05 5.10199e-05 0.963665 0.00809845 0.000602208 9.46138e-05 0.0164114 0.00056917 0.00507395 1.28449e-07 1.01702e-05 2.41428e-12 1.45204e-06 0.0044514 3.81124e-08 2.85092e-09 
0.00417101 2.64988e-05 0.0006876 0.35804 0.000181601 0.0101219 0.0156799 1.24755e-06 0.274027 0.000191154 0.0346492 2.39402e-06 1.47176e-11 0.105857 0.196359 8.7132e-07 3.40965e-06 
0.00413583 0.00129073 0.000305627 0.677976 0.0208114 0.0157561 0.0226943 0.000352872 0.0510071 0.0235926 0.00356395 6.57066e-06 2.11663e-09 0.101161 0.0708056 0.000288607 0.00625181 
0.0948445 0.000746815 8.06971e-08 0.251759 0.167323 4.82445e-05 5.13602e-05 0.00580826 0.0212598 0.236072 0.00150717 0.00144172 1.28736e-06 0.00969346 0.00266052 0.20634 0.000442255 
0.014293 0.00113947 7.87808e-06 0.455078 0.0497763 0.0111854 0.0652344 0.000256883 0.182211 0.010631 0.0605666 0.00137044 1.6165e-05 0.1385 0.00620509 0.0035005 2.8141e-05 
0.000265203 0.000255874 3.17876e-06 0.6983 0.00422921 0.00278251 0.17526 9.36429e-05 0.00473253 1.80633e-07 3.70857e-06 4.35187e-05 8.91379e-10 0.0925992 0.00255694 0.0188679 5.71921e-06 
0.0910674 0.000435809 8.77337e-06 0.316557 0.100703 0.00119555 0.0402324 0.0175646 0.135141 0.0146341 0.00923802 6.48247e-05 8.05642e-06 0.234368 0.0371872 0.0015392 5.5357e-05 
0.00699914 3.70237e-06 6.82941e-09 0.422301 0.0197828 0.316823 0.00231084 0.00145534 0.026308 0.178863 0.00012482 0.000286659 3.70935e-06 0.0226954 0.00203735 3.69683e-07 4.16159e-06 
0.00178904 0.0338042 0.0206845 0.267312 0.0287082 0.0349745 0.026927 0.0010573 0.161275 0.137906 0.00215032 0.0125995 0.00485333 0.0758254 0.189874 4.18164e-05 0.000217203 
0.0222901 0.000175497 6.71402e-05 0.74584 0.0353363 0.00084875 0.0241587 0.00296855 0.0915623 0.00465384 0.0114472 0.00185342 0.0210152 0.0245961 0.0126452 0.000532527 9.04628e-06 
0.0158333 0.000379218 1.54465e-05 0.567007 0.0583586 0.0110851 0.0397869 0.00223052 0.118031 0.00376441 0.00938269 1.09718e-05 4.93859e-07 0.0167492 0.156277 0.00108264 5.48465e-06 
0.0354737 0.000865535 0.00402163 0.465336 0.0696109 0.233845 0.00944042 0.0283107 0.00863439 0.00735545 0.0288703 9.69617e-06 1.00878e-09 0.0418071 0.062615 0.00170082 0.00210352 
0.0350989 0.000684711 4.13908e-05 0.275358 0.0192948 0.027262 0.0035728 0.000759432 0.0421218 0.0666166 0.255824 9.73534e-05 0.00818192 0.0089667 0.251671 0.00322081 0.00122825 
0.00691185 0.000410578 0.00418226 0.546123 0.0260256 0.0865742 0.00142678 0.00310961 0.0182906 0.00328186 2.55437e-08 1.08397e-07 5.99569e-09 0.00215083 0.301509 2.01331e-07 3.46603e-06 
0.00135207 0.000366364 0.00248927 0.855613 0.0142698 0.00891841 0.0001347 0.0348811 0.000505561 0.00114379 6.35306e-07 8.45959e-05 1.16348e-12 0.00167248 0.0601898 9.53939e-05 0.0182828 
0.00525582 0.00278164 0.00113675 0.318806 0.0214183 0.219165 0.0190711 0.00440712 0.0814439 0.0350633 0.0449898 0.00309773 3.75268e-07 0.022614 0.20376 0.000868037 0.0161219 
0.0107232 0.0130586 0.0029948 0.315888 0.0363867 0.0157409 0.0590897 0.00276321 0.307779 0.0327627 0.014269 0.00127306 0.00104046 0.0475734 0.127278 0.0102896 0.00109064 
0.0042843 0.00663144 0.00121919 0.695021 0.0155708 0.00254902 0.00998322 0.0142639 0.11636 0.038622 0.00560952 0.0158565 1.85949e-06 0.0630251 0.00508866 0.00502174 0.000891614 
0.00537207 0.0002607 0.000199357 0.659552 0.0208028 0.00777606 0.075756 0.00308956 0.00794473 0.00011667 0.000609876 0.000198431 1.37596e-07 0.140355 0.0118625 0.0348735 0.0312304 
0.0965987 9.02303e-07 3.74198e-06 0.588414 0.0297074 0.00451839 0.0168164 1.94568e-05 0.143496 0.00166845 0.0276898 2.70144e-06 4.12294e-07 0.0583876 0.0074903 1.96392e-05 0.0251663 
0.00232011 0.00150536 3.96286e-07 0.279791 0.025862 0.0455685 0.0477903 3.4149e-05 0.213204 0.189551 0.000417073 0.00733515 0.072573 0.106794 0.006994 3.67411e-06 0.000256594 
4.23304e-06 0.00303311 3.73181e-10 0.76561 1.36537e-05 0.0100478 8.785e-11 0.180974 9.65269e-08 0.0403153 1.52181e-10 8.71573e-07 2.84562e-10 2.40983e-07 5.45013e-07 6.21927e-11 9.61148e-11 
0.00501636 0.000164456 2.41849e-05 0.418959 0.0369271 0.00912476 0.0387531 0.00124568 0.275782 0.0121898 0.0106502 0.000300243 1.9642e-07 0.162049 0.0212839 0.00752663 3.31843e-06 
0.00247642 0.00018375 5.94268e-05 0.765557 0.0356895 0.0388913 0.00144647 0.032086 0.0873897 0.00152358 0.000736226 0.00010765 2.87575e-12 0.000402317 0.0333505 0.000100556 9.71324e-13 
0.0238346 0.0024416 0.000836271 0.471835 0.0152377 0.0236588 0.0196572 0.00152436 0.254037 0.00236251 0.0453645 0.000292224 4.79821e-06 0.0846021 0.0393934 0.0148259 9.18045e-05 
0.00173437 6.65288e-06 3.42815e-07 0.60662 3.49923e-07 0.0134455 0.00823065 8.86315e-05 0.0256522 0.00101881 0.000238185 4.04377e-06 4.16601e-07 0.256152 0.0868082 4.7707e-08 3.6177e-11 
0.00160794 0.000664463 5.48892e-06 0.364223 0.0282033 0.0836057 0.140505 0.006486 0.147545 0.000216145 0.0133546 0.00556547 6.83834e-10 0.188686 0.0144947 0.0045407 0.000296355 
2.06605e-07 0.000235567 9.83031e-11 0.814865 0.00803888 0.0203044 0.00697007 0.00104597 0.00872097 3.00326e-07 8.10494e-05 2.7882e-05 7.49591e-11 0.13416 0.00554932 1.92204e-07 4.44906e-07 
0.000244439 7.72083e-06 1.05089e-05 0.746791 0.00208647 0.0102418 0.0555274 1.13022e-05 0.0524989 0.000629552 0.00764131 8.16824e-06 0.000619785 0.050458 0.0692114 8.13841e-09 0.00401189 
0.00961106 0.000380245 0.00106901 0.256888 0.0115371 0.0067367 0.00769766 0.000950929 0.127303 0.0534584 0.242812 0.000879923 2.4897e-08 0.0304181 0.220812 0.004125 0.0253212 
0.00247704 0.000187561 4.21051e-05 0.778632 0.0369761 0.0377506 0.00148801 0.0287634 0.0797077 0.00150617 0.000661201 9.46821e-05 2.98192e-12 0.000409969 0.0312028 0.00010067 1.00718e-12 
0.0146914 3.36324e-05 0.00390151 0.690176 0.0246944 0.00395089 0.0063453 0.00054749 0.0162337 0.00836887 0.0314782 1.42085e-05 4.87712e-07 0.0409001 0.158599 6.30093e-05 1.73928e-06 
0.00203657 6.19506e-06 0.000237488 0.98006 2.14385e-05 0.00295418 0.00054727 0.000167745 4.25232e-05 0.00597217 0.00064567 0.0012757 8.25176e-06 0.00572078 1.38622e-06 1.80347e-06 0.000300834 
0.0513705 8.70853e-05 3.17712e-06 0.614982 0.00222558 0.000602194 0.0292404 0.000458837 0.145676 0.000640453 0.0508201 0.000224451 8.46815e-05 0.0198345 0.0837251 3.44445e-11 2.46252e-05 
0.0135742 7.93102e-05 0.000663135 0.489755 0.0472309 0.0109046 0.0223698 0.00235567 0.0915416 0.00778246 0.0187983 0.00288248 0.000313048 0.0365553 0.251105 0.0036378 0.000451732 
0.0121187 0.0236171 3.90509e-06 0.313531 0.0169292 0.219077 0.0135378 0.00418565 0.170432 0.02103 0.0670275 0.000475064 2.66454e-07 0.0625015 0.0519932 0.0235013 3.8441e-05 
0.00257868 0.00013198 4.66442e-05 0.913422 0.0180151 0.00116781 0.000695474 0.023505 0.010235 0.0130048 0.00363374 4.48459e-05 3.27891e-12 0.00105315 0.00997365 0.00248918 3.00753e-06 
0.00913843 0.0170981 0.000113585 0.361293 0.0164742 0.0791066 0.00713153 0.00237115 0.178075 0.0209116 0.0473274 0.000683032 4.70556e-09 0.0456375 0.207599 0.00700468 3.43445e-05 
0.00112905 4.45674e-05 3.58992e-05 0.955881 0.0115193 0.00100365 7.81581e-05 0.0246113 5.62038e-05 0.00267239 1.31144e-07 3.16206e-06 1.79148e-12 2.38929e-06 0.00296312 3.89118e-08 6.05098e-13 
0.00247642 0.00018375 5.94268e-05 0.765557 0.0356895 0.0388913 0.00144647 0.032086 0.0873897 0.00152358 0.000736226 0.00010765 2.87575e-12 0.000402317 0.0333505 0.000100556 9.71324e-13 
0.159314 0.000294188 0.00174586 0.339655 0.00191418 0.00430417 0.0496681 7.30579e-07 0.0352466 0.100555 0.0219354 0.0176102 1.01121e-06 0.227499 0.0395341 1.26325e-06 0.000721427 
0.00247642 0.00018375 5.94268e-05 0.765557 0.0356895 0.0388913 0.00144647 0.032086 0.0873897 0.00152358 0.000736226 0.00010765 2.87575e-12 0.000402317 0.0333505 0.000100556 9.71324e-13 
0.0457415 0.000167111 0.000804777 0.641195 0.00966161 0.00409718 0.00048941 0.00236356 0.0903176 0.00252791 0.00934103 0.000406073 3.74641e-06 0.00747642 0.0976195 0.0877295 5.75667e-05 
0.0229311 0.000147457 0.00136942 0.575555 0.025739 0.0102909 0.0397787 0.00116254 0.0515925 0.0406666 0.113706 0.0226422 1.58141e-07 0.0815675 0.0112627 0.00147882 0.000109612 
0.0010383 3.32855e-05 6.18566e-05 0.952423 0.00869115 0.000731619 0.000185423 0.0215604 0.00207211 0.0059029 0.00128558 1.17379e-05 2.42619e-12 0.000962384 0.00476178 0.00027695 1.80103e-06 
0.0546765 0.00197942 5.51308e-05 0.396912 0.0257005 0.0185973 0.010342 0.00420872 0.19651 0.00390445 0.0114738 0.00163613 0.000323797 0.237839 0.0224244 0.0122376 0.00117965 
0.000343542 0.00469637 1.95073e-05 0.808205 0.0310882 0.0215166 0.0687932 0.00198474 0.0135715 0.001843 0.000105168 4.06046e-06 9.84437e-06 0.0320747 0.0141308 0.00150499 0.000109021 
0.0347821 0.00181304 0.000394039 0.193823 0.0595785 0.0522438 0.0706125 0.00062634 0.186036 0.0164585 0.145614 0.000797152 0.000520189 0.0873907 0.134525 0.00573074 0.00905349 
0.00117958 8.03833e-05 7.16705e-08 0.332002 0.00513998 0.00456736 3.46047e-05 0.251652 0.00327227 0.00744433 5.33323e-07 0.160639 3.18837e-10 0.149901 0.0590585 4.96591e-06 0.0250224 
0.0332988 0.00411585 8.27826e-05 0.299102 0.125516 0.105623 0.171692 0.016843 0.0128822 0.0608645 4.31917e-05 0.000240833 1.91882e-07 0.155924 0.0124014 0.00136188 8.2383e-06 
0.00648517 0.00487175 0.000148908 0.355478 0.110471 0.00596948 0.00946155 0.00243561 0.165072 0.124143 0.0694982 0.000326868 5.40091e-05 0.0992097 0.0402668 0.00606257 4.57038e-05 
0.00562849 3.2e-08 5.60908e-06 0.361111 0.0435779 0.00947473 0.00493471 0.000270789 0.0800627 0.00679408 0.00301337 0.00599346 0.0512311 0.0957282 0.332025 0.000124059 2.49524e-05 
0.00114919 0.00331402 9.42731e-05 0.404026 0.0748121 0.0209861 0.0955748 0.000881627 0.0541399 0.0272708 0.018765 0.00342621 4.6479e-06 0.13848 0.146985 0.00287206 0.00721778 
0.00124575 0.000343605 0.00129844 0.886763 0.0153002 0.00873827 0.000116897 0.0283101 7.73371e-05 0.00125641 9.71001e-09 9.16097e-05 1.15157e-12 8.20099e-06 0.0564486 7.65373e-08 1.31763e-06 
0.05959 6.43351e-07 0.000318194 0.732235 0.00892434 0.00584913 0.000326879 0.00267566 0.0100601 0.00116623 0.0119125 8.37995e-07 2.69809e-10 0.0678492 0.0990884 2.75666e-06 7.93017e-08 
0.00519744 0.000755505 1.9827e-05 0.299693 0.231426 0.081551 0.0224207 0.0134151 0.0703751 0.202892 0.000457619 0.000557366 7.31657e-05 0.0632661 0.00728247 0.000160399 0.000456908 
0.0368083 1.73777e-05 2.71525e-09 0.570163 0.008679 0.000185661 0.00177493 0.000187908 0.240201 0.000148915 0.0517937 4.74802e-05 2.07046e-09 0.0841364 0.0058534 1.28812e-06 1.71877e-06 
0.0636181 0.00218708 0.00014918 0.66297 0.0338619 0.00359096 1.1258e-05 0.00702039 0.0155218 0.00228343 2.04643e-06 8.66208e-06 2.27584e-08 0.192992 0.0106798 1.60406e-05 0.00508778 
0.0163215 0.00476223 0.000201015 0.427168 0.0414116 0.0297816 0.0286346 0.00035634 0.23792 0.0392765 0.0497542 0.000348651 2.19721e-05 0.0712919 0.0410067 0.0114937 0.00024969 
0.015669 0.0026515 6.36756e-06 0.502863 0.0284542 0.00374457 0.0402842 0.000442391 0.113521 0.0198107 0.246529 0.000501956 9.03804e-08 0.0152938 0.00774104 0.0021756 0.000310735 
0.00786409 1.62038e-06 4.41538e-06 0.784814 0.0810503 4.46562e-05 0.0079489 0.00500837 0.043189 6.04024e-07 3.32653e-05 0.00178096 2.15834e-06 0.0633678 0.000523664 0.00436411 2.22572e-06 
0.00241096 0.000152125 0.00148887 0.494753 0.0269126 0.00113601 0.070197 0.00112432 0.247306 0.0309848 0.0104376 0.00166273 1.35779e-06 0.0181357 0.0596687 0.0336122 1.63255e-05 
0.0180031 0.000174445 9.2078e-06 0.392481 0.0684406 0.0729538 0.0301176 0.00473671 0.223281 0.0185811 0.0188287 0.000227091 2.61039e-06 0.135005 0.0144452 0.0025241 0.000187785 
0.000852875 0.000186187 7.74108e-05 0.579443 0.00301149 0.0321237 0.000863307 7.98531e-05 0.225578 0.0125961 0.0440923 8.01395e-05 8.65014e-09 0.00387817 0.09067 0.00646434 4.0404e-06 
0.00386592 0.000270424 3.27052e-05 0.606144 0.0062643 0.0711207 0.0236015 7.47792e-06 0.167704 0.00297538 0.0100435 0.0134467 5.97662e-07 0.0376871 0.0567633 5.74916e-05 1.46693e-05 
0.00224925 0.000121871 5.86695e-07 0.787192 0.0420504 0.00283897 0.00362224 0.00731035 0.0467899 0.0499825 0.00189287 0.00265755 8.83343e-11 0.0366046 0.0162306 0.000432665 2.41165e-05 
0.0125785 6.06469e-06 0.00847146 0.444857 0.00611484 0.0257858 0.214593 0.00154549 0.0968348 5.35755e-05 0.000823746 8.43872e-06 0.115947 0.0624011 0.00982076 0.000156782 1.26827e-06 
0.0025077 0.000191336 3.67067e-08 0.818565 0.0396504 0.0330822 0.00147052 0.0210581 0.0554673 0.00144175 0.000434654 6.4503e-05 3.21399e-12 0.000389026 0.0255863 9.16017e-05 1.08557e-12 
0.00247704 0.000187561 4.21051e-05 0.778632 0.0369761 0.0377506 0.00148801 0.0287634 0.0797077 0.00150617 0.000661201 9.46821e-05 2.98192e-12 0.000409969 0.0312028 0.00010067 1.00718e-12 
0.00247642 0.00018375 5.94268e-05 0.765557 0.0356895 0.0388913 0.00144647 0.032086 0.0873897 0.00152358 0.000736226 0.00010765 2.87575e-12 0.000402317 0.0333505 0.000100556 9.71324e-13 
0.124872 2.8047e-06 0.000134582 0.378176 0.187621 0.00586605 0.0893222 0.00223316 0.104378 0.00360249 0.00128052 1.30477e-05 4.21682e-06 0.0200513 0.0391492 0.042726 0.000566191 
0.0610704 0.000577989 0.00433595 0.259019 0.0544808 0.0106049 0.0593811 0.00492745 0.149992 0.0128698 0.116413 0.00192324 0.000208017 0.135727 0.0605914 0.0014899 0.0663874 
0.0446824 8.28523e-07 7.97763e-07 0.868194 0.000104112 0.00105866 0.00259706 6.54885e-07 0.0594826 0.000116658 0.00247374 5.38504e-07 1.93644e-07 0.0114548 0.00830421 0.00152871 2.58842e-07 
0.00250573 0.0100224 1.138e-05 0.445372 0.0221986 0.00448852 0.00476788 0.00325918 0.0365739 0.00180126 0.000409344 0.00815307 1.61841e-06 0.426294 0.0192496 2.01512e-05 0.014871 
0.00790689 1.94536e-05 1.00094e-07 0.396367 0.000212573 0.0290076 0.0371819 4.05654e-10 0.064756 0.0400952 0.375184 6.68555e-07 9.34272e-10 0.0127218 0.0360582 4.3646e-06 0.000483953 
0.0125479 3.71716e-05 0.000306323 0.642786 0.0595103 0.00342336 0.0455786 0.0200426 0.0140395 0.0906925 0.00290937 5.58511e-06 2.20316e-05 0.100557 0.00204301 0.00549756 1.62619e-06 
0.00834058 0.00221113 0.00017628 0.737717 0.0135784 0.0040782 0.00677631 0.000964239 0.0738781 0.0219937 0.0375962 0.00147396 0.0262919 0.0116231 0.0456735 0.00761496 1.26702e-05 
0.0226305 1.77437e-05 0.00618516 0.37146 0.00618217 0.0346747 0.0811125 0.000128513 0.160769 0.0877959 0.0412078 0.0176453 0.000224991 0.0426978 0.126751 0.000463011 5.34296e-05 
0.0117694 0.00125258 0.00196876 0.468041 0.0270373 0.0207798 0.00933803 0.00497896 0.142894 0.0350378 0.0207142 0.00140035 0.00513873 0.0361928 0.206239 0.0050461 0.00217049 
0.00141759 0.00802139 9.40968e-11 0.926673 0.00517705 6.52787e-05 0.00131342 2.31523e-05 0.0385854 0.00592476 0.000503779 0.000764827 2.55336e-06 0.0110835 0.000354163 4.7192e-05 4.31113e-05 
0.0975121 0.00511362 0.000887506 0.241131 0.0432099 0.016098 0.0871106 0.0041334 0.183891 0.0133376 0.0134106 0.000136346 0.00453188 0.194973 0.0870861 0.00111376 0.00632273 
0.00759904 0.015953 0.000255405 0.53451 0.00117793 0.00436151 0.00963808 0.00242338 0.226343 0.036943 0.00443467 0.00223928 0.000116961 0.113536 0.0400813 5.92716e-08 0.000387705 
0.034246 0.00330772 0.000172783 0.54467 0.0311378 0.00981188 0.0337873 0.00275981 0.142581 0.00601264 0.00734815 6.67552e-05 0.00200017 0.101748 0.07031 0.00940494 0.000634511 
0.0132491 0.00455684 1.66572e-06 0.497797 0.00816518 0.0349505 0.0465125 0.000327227 0.106283 0.0141848 0.00342545 2.4223e-06 3.43676e-05 0.149377 0.120528 0.000527783 7.78473e-05 
0.0298413 3.11326e-06 8.44264e-08 0.319148 0.233821 2.51021e-08 0.0198497 0.00624159 0.14725 0.176334 0.03048 0.000939525 2.47783e-08 0.0186289 0.0174538 2.31054e-06 6.78887e-06 
0.00150913 0.00125036 0.000960417 0.329325 0.217195 0.00208978 0.0291501 0.00160664 0.156992 0.0481282 0.1071 0.00211916 5.34957e-07 9.80392e-07 0.0882965 0.0142746 5.17017e-07 
0.0513683 0.000685335 0.000501835 0.338216 0.122864 0.0117669 0.01256 0.0371499 0.190097 0.0109796 0.0105546 0.00989103 2.54994e-05 0.0615623 0.141421 0.000315589 4.04997e-05 
0.00493991 0.00060667 7.10682e-06 0.550311 0.0337405 0.0275185 0.0519285 0.000113121 0.176336 0.0196568 0.00174997 2.55975e-05 2.62923e-05 0.0776668 0.0277669 0.00757227 0.0200334 
0.00948285 2.0919e-09 3.65414e-09 0.985854 1.04047e-05 2.15978e-06 1.21763e-06 8.26299e-07 2.03561e-05 0.00162757 3.84049e-08 8.6505e-06 2.78639e-09 0.00282651 0.000165465 6.08982e-10 9.41142e-10 
1.65432e-07 2.93347e-09 5.07348e-11 0.954764 4.37589e-12 6.41145e-08 0.0296306 1.67975e-11 2.26397e-07 1.28849e-07 1.36571e-07 5.92707e-08 3.86868e-11 0.0135605 0.00204418 8.45522e-12 1.56935e-08 
0.0354926 0.000613873 0.00650099 0.602079 0.00673539 0.0214895 0.0248246 0.00068185 0.0687463 0.0479629 0.014205 8.50437e-05 2.05125e-05 0.0854542 0.0792178 0.000103135 0.00578736 
0.0147837 0.000397237 5.66863e-05 0.656259 0.0835475 0.000413686 0.0288305 0.000363804 0.10345 0.0116957 0.0188444 0.0233752 1.84275e-07 0.0025102 0.0523775 0.00308844 6.28798e-06 
0.119771 0.000287489 0.000374262 0.494889 0.0202641 0.0204876 0.0235068 0.000612412 0.0819166 0.0278862 0.00472 0.00117461 1.61566e-06 0.121625 0.0824544 2.70162e-05 1.23067e-06 
0.00606768 0.00123842 0.0222294 0.283485 0.0155676 0.0204651 0.0733847 0.00252463 0.273493 0.0365809 0.00960843 0.000586904 0.0068727 0.182695 0.0644903 0.000709704 8.29945e-07 
0.0134229 5.45114e-06 0.0107578 0.395735 0.0476245 7.90099e-06 0.00242723 0.000149554 0.0354623 0.389594 0.0167062 0.050899 2.75028e-05 0.0369723 6.61386e-06 0.000109669 9.19495e-05 
0.00196669 2.35723e-05 1.61493e-05 0.740536 0.00350976 1.3531e-07 0.0228476 8.38855e-05 0.00463128 0.0500472 0.160875 0.00013627 5.96101e-07 0.0025286 0.0124386 1.4326e-05 0.000344519 
0.00124575 0.000343605 0.00129844 0.886763 0.0153002 0.00873827 0.000116897 0.0283101 7.73371e-05 0.00125641 9.71001e-09 9.16097e-05 1.15157e-12 8.20099e-06 0.0564486 7.65373e-08 1.31763e-06 
0.00124575 0.000343605 0.00129844 0.886763 0.0153002 0.00873827 0.000116897 0.0283101 7.73371e-05 0.00125641 9.71001e-09 9.16097e-05 1.15157e-12 8.20099e-06 0.0564486 7.65373e-08 1.31763e-06 
0.0988172 7.58652e-06 4.42046e-06 0.221612 0.147521 0.0242204 0.000956841 0.189582 0.0461527 0.000266383 0.000364001 0.000137012 1.28884e-07 0.218295 0.0131496 0.0389113 1.8201e-06 
0.00653893 0.00436688 0.000735052 0.306263 0.0316981 0.0857178 0.187412 0.00427214 0.148916 0.105429 0.069135 9.4012e-07 0.00404041 0.00848151 0.030784 0.00613669 7.30236e-05 
0.0228857 9.22236e-05 0.0409996 0.447053 0.0220788 0.024466 0.00535619 0.00101848 0.0767307 0.0228437 0.163118 0.0092838 0.000215047 0.0211941 0.141316 0.00118333 0.000165641 
9.12998e-05 0.000108635 1.92903e-05 0.314161 0.0651198 0.0497456 0.0883799 8.52055e-06 0.182935 0.00816658 9.08022e-05 1.34962e-06 0.00119774 0.00401663 0.285822 2.31228e-07 0.000135415 
0.000373353 7.05632e-08 8.03926e-05 0.81345 0.00489144 0.00075764 0.11645 3.91905e-06 0.0144435 0.00105755 0.000720987 1.19899e-07 9.39896e-08 0.0466091 0.00116087 2.0542e-08 6.54224e-07 
0.00771956 0.000323364 0.00203356 0.813433 0.0170802 0.00135966 0.00485785 0.000597267 0.011246 0.00862798 0.00479383 0.00032678 1.00964e-09 0.04254 0.0837128 0.000269035 0.00107872 
0.0367937 0.000244375 0.000246203 0.598814 0.0685318 0.0253423 0.0618242 1.99809e-05 0.0319019 0.0030369 0.00577483 1.2446e-05 2.89605e-07 0.156327 0.0110854 4.47878e-05 1.93076e-07 
0.00921438 0.000132401 3.9532e-07 0.394325 0.0013007 0.000877965 0.00538641 1.24817e-05 0.223688 0.00133839 0.164175 3.31406e-07 0.109488 0.0103384 0.0793851 0.000335768 9.25358e-07 
0.0151738 0.0505502 2.4668e-09 0.769447 0.00965276 0.000199192 0.00201107 0.000686651 0.000386622 0.101697 0.00027084 4.06527e-05 9.49949e-08 0.0197116 0.030173 4.11106e-10 1.75102e-08 
0.00391287 4.76693e-05 0.000711401 0.333585 0.00260429 0.0258514 0.0241567 0.00554312 0.246016 0.00198706 0.0189425 1.04418e-05 6.81133e-08 0.00965793 0.307496 9.6192e-05 0.0193816 
0.0105374 2.93984e-06 0.00826699 0.205864 0.0478878 5.90855e-05 0.0225917 0.00056647 0.0624786 0.124389 0.153119 0.167282 3.68642e-06 0.144395 0.0524723 8.18551e-05 1.05559e-06 
0.0380895 5.50434e-06 0.002406 0.737094 0.00605807 0.00377759 0.00275472 0.001789 0.0174585 0.00113078 0.00764604 5.62829e-06 6.94076e-10 0.113698 0.0677652 0.000321615 2.24881e-07 
0.0131713 0.000221762 3.37961e-06 0.702576 0.114064 0.0232322 0.000629265 0.0116692 0.0215914 0.00148946 0.0102232 0.00125709 2.17231e-06 0.0851651 0.0110329 0.00367027 1.69067e-06 
0.00649676 9.37024e-05 0.0045017 0.312155 0.00471128 0.0724182 0.0140463 0.000485468 0.11531 0.000204423 0.0476351 9.61466e-05 9.19052e-08 0.0992262 0.307448 0.00227619 0.012896 
2.75098e-06 4.07237e-06 0.00028791 0.73285 0.00300999 0.0558283 0.134642 8.53027e-08 0.0354816 0.00106721 0.00745846 4.70841e-09 0.000709958 0.00713236 0.0215176 8.59053e-07 6.85524e-06 
0.0129661 0.000615028 0.00388724 0.413702 0.0959559 0.00708301 0.131879 0.0252273 9.70772e-05 0.0534101 0.00817094 0.00386396 2.50176e-07 0.220935 0.0221951 5.46775e-08 1.23753e-05 
0.0025077 0.000191336 3.67067e-08 0.818565 0.0396504 0.0330822 0.00147052 0.0210581 0.0554673 0.00144175 0.000434654 6.4503e-05 3.21399e-12 0.000389026 0.0255863 9.16017e-05 1.08557e-12 
0.00866322 0.0110941 7.47896e-05 0.285899 0.0364396 0.0253033 0.0350938 0.00183018 0.188592 0.00453575 0.0189577 0.00174091 0.00133388 0.249714 0.123693 0.00671842 0.00031616 
0.00419211 0.154986 0.00156268 0.389565 0.056974 0.0163892 0.0271976 0.00176626 0.0741274 0.0167229 0.0145189 0.00019029 5.7828e-06 0.133606 0.0485264 0.0265315 0.0331389 
0.0212739 6.91707e-11 3.17835e-08 0.274726 0.0399979 0.0885037 0.211213 0.000367932 0.186991 0.0131579 0.00161137 5.74343e-08 2.11653e-06 0.11468 0.0474217 4.74892e-06 4.92216e-05 
0.0573883 1.95092e-05 0.00196736 0.492822 0.0236161 0.100242 0.0300322 0.00193744 0.0629995 0.00790274 0.0590704 0.00153769 1.03646e-05 0.126674 0.0283972 0.00518556 0.000198424 
0.00247642 0.00018375 5.94268e-05 0.765557 0.0356895 0.0388913 0.00144647 0.032086 0.0873897 0.00152358 0.000736226 0.00010765 2.87575e-12 0.000402317 0.0333505 0.000100556 9.71324e-13 
0.0212003 0.00176773 8.25335e-05 0.447709 0.038026 0.0545774 0.0557894 0.000983626 0.148749 0.00320368 0.00581208 0.00230581 0.000653206 0.0964087 0.102377 0.0202319 0.000122256 
0.0653087 0.000143339 1.65769e-07 0.281716 0.111986 0.00918243 0.0116081 0.126603 0.0521923 0.0273586 0.056752 0.0024853 2.38197e-11 0.0537654 0.146341 0.054558 9.32015e-08 
1.0742e-06 6.33405e-05 1.88325e-07 0.38341 0.00288639 0.18777 0.369582 2.16936e-05 0.00316628 0.0077004 0.000327681 1.51919e-07 3.91202e-06 0.0449241 0.000142678 1.08516e-09 3.16813e-07 
0.00195922 0.00370197 0.000578711 0.502129 0.00582297 0.0296004 0.0146539 0.000104805 0.098602 0.012167 0.00960556 0.00143928 5.80667e-06 0.200292 0.109843 5.7767e-06 0.0094882 
0.000129832 0.00181493 1.9123e-06 0.468415 0.0368422 0.00472103 0.42044 4.40855e-07 1.34611e-06 1.19299e-06 7.21368e-06 0.000877483 4.96272e-10 0.0599028 0.00684472 1.08463e-10 2.43249e-09 
0.00901651 0.000207225 0.000663539 0.72547 0.0639875 0.00559552 9.55709e-05 0.132606 0.00656785 0.00487304 8.2757e-07 0.000109681 1.23417e-09 0.0161444 0.0304246 0.00400716 0.000230753 
0.000961855 0.000412613 1.35845e-05 0.829097 0.00369662 0.0153709 0.000234749 0.00436612 0.00015629 0.00343436 1.85288e-07 7.86314e-07 1.72136e-11 2.00702e-05 0.142208 1.46052e-06 2.51437e-05 
0.00247642 0.00018375 5.94268e-05 0.765557 0.0356895 0.0388913 0.00144647 0.032086 0.0873897 0.00152358 0.000736226 0.00010765 2.87575e-12 0.000402317 0.0333505 0.000100556 9.71324e-13 
0.0209313 0.00167828 0.000289026 0.282971 0.0650264 0.0462724 0.00129386 0.127212 0.136126 0.0550435 0.0100265 0.00423795 1.32843e-05 0.153963 0.0301479 0.0449726 0.0197951 
0.0116028 0.008673 0.000440651 0.230601 0.0207311 0.147098 0.0117138 0.000333579 0.215521 0.0144734 0.00055173 0.00113212 1.54176e-06 0.15017 0.179209 0.00150833 0.00623923 
0.0128906 0.0361576 1.4161e-05 0.649235 0.0159959 0.0214747 0.000428612 0.00357101 0.0202311 0.171577 0.0378636 0.00055329 0.000165866 0.0126327 0.0028259 0.0141481 0.000234914 
0.00368055 0.00915198 0.000734229 0.370145 0.0452377 0.0360436 0.000818479 0.00278562 0.30491 0.0140867 0.0148061 0.000575216 8.64357e-06 0.0946994 0.0664093 0.0288442 0.00706292 
0.0261957 2.37476e-05 2.69583e-06 0.841463 0.000114971 9.39579e-06 3.14953e-06 1.24278e-05 5.60277e-05 0.131043 5.95793e-05 0.000822644 7.33898e-10 1.6786e-05 7.49965e-05 0.000100666 1.33882e-06 
0.00905485 1.89551e-09 6.84397e-07 0.531761 0.000573695 0.0295854 0.0467266 6.29111e-05 0.143853 0.000820441 0.0164956 0.000154917 0.00480829 0.154371 0.061706 1.31901e-06 2.41258e-05 
0.00389037 0.0118532 0.000214636 0.513788 0.0429023 0.0506984 0.000564348 0.00168667 0.245656 0.0130423 0.00289426 0.000370785 1.03377e-05 0.0661043 0.0286932 0.0164607 0.00116999 
0.00270238 0.000235681 0.000170716 0.799424 0.0329979 0.00974972 0.0586357 0.000703974 0.0210057 0.00134248 0.000610067 5.20659e-06 4.86837e-05 0.0274238 0.0448144 0.000129345 4.11431e-07 
0.00156669 5.96455e-06 5.69205e-06 0.588578 0.00161243 0.00878376 0.00886042 1.24523e-05 0.215411 0.00139884 0.0654101 6.45454e-05 3.63869e-05 0.0661897 0.0373836 0.00467768 2.18708e-06 
0.000685885 0.0106274 8.76253e-07 0.551568 0.0345388 0.0171801 0.0603771 0.0553076 0.00906083 0.118829 0.0143281 0.000101842 5.48548e-09 0.0887637 0.0164889 0.0168689 0.00527292 
0.0121191 0.00344675 6.77165e-07 0.508655 0.0104263 0.109927 0.0101161 0.000495814 0.000774941 0.0113982 0.055576 6.69956e-07 3.75148e-07 0.0257101 0.251352 1.64825e-06 1.13297e-07 
0.00488963 0.000159781 3.51421e-06 0.585594 0.0240506 0.126229 0.0204064 0.0047977 0.181958 0.0053603 0.000635029 7.10978e-05 2.039e-07 0.0414211 0.0043031 7.38489e-05 4.69449e-05 
0.151146 0.0543421 2.61713e-05 0.252863 0.0446023 0.00371712 0.00410894 0.00160046 0.0862735 0.00126304 0.0013124 0.00154871 9.95379e-09 0.222666 0.16399 0.0103229 0.000217192 
0.00530799 0.000315463 4.7446e-05 0.854405 0.0330138 0.0010404 0.00155439 0.0256536 0.0144409 0.0285783 0.00801586 2.86278e-05 4.29597e-12 0.00156692 0.0193276 0.00670045 3.68065e-06 
0.00267935 0.00016209 3.07493e-08 0.956907 0.0102263 0.00512289 0.000468812 0.00342294 0.00033698 0.00732493 1.89261e-07 1.75935e-12 1.37917e-12 1.41139e-05 0.0133344 5.61558e-08 4.65833e-13 
0.000108219 9.92562e-08 0.00292161 0.504692 0.000399349 0.0727539 0.313998 4.3851e-08 0.0495151 6.09185e-05 0.00297328 2.08136e-06 1.6598e-10 0.0111263 0.0410831 0.000365836 6.17857e-08 
0.00111187 0.000106163 4.46128e-06 0.860879 0.000292919 0.00528841 0.00179538 5.39448e-05 0.0128151 0.00171349 0.0734983 6.68548e-06 5.42595e-05 0.00311968 0.0276662 4.58263e-07 0.0115941 
0.0563322 0.00728693 2.17644e-09 0.702083 0.0981842 0.00207578 0.0175225 8.34246e-05 0.00798806 0.0177689 0.0308497 9.93967e-05 1.6596e-09 0.0525465 0.00696339 3.69173e-06 0.000212441 
0.0116355 0.00150091 3.40041e-07 0.518707 0.00641693 0.0053029 0.00237293 0.00355849 0.181411 0.00154777 0.00260205 0.000174915 6.16833e-07 0.110218 0.154399 0.000125717 2.61649e-05 
0.0134172 4.71686e-05 0.00184851 0.368055 0.0728641 0.0115235 0.0445246 0.0116377 0.206666 0.000446875 0.00403457 0.000290256 1.78464e-05 0.118524 0.135229 0.0108612 1.15146e-05 
0.0131048 0.0778789 1.60647e-05 0.258636 0.0368518 0.00367308 0.00127349 0.00962547 0.135391 0.042783 0.0567535 0.00664628 1.65554e-07 0.131342 0.081865 0.000326899 0.143833 
0.00010951 3.6172e-05 8.67882e-05 0.927776 0.00308725 0.00264818 0.00865711 9.58608e-06 0.00422477 0.00771986 0.0215242 1.47132e-08 6.88337e-05 0.0191362 0.00472718 0.000187719 5.43507e-07 
0.00430281 0.0284 0.000116269 0.39217 0.0124592 0.13377 0.00880823 0.000957791 0.210448 0.0314791 0.0554772 0.000390309 0.00110902 0.0484816 0.0614405 0.00749017 0.00269926 
0.0014006 0.000379 0.00300582 0.841614 0.0140452 0.00898153 0.000141866 0.0380739 0.000693539 0.00109584 9.10624e-07 8.20121e-05 1.16209e-12 0.00240472 0.0616175 0.000137334 0.0263267 
0.0675655 0.00373042 1.20764e-05 0.480142 0.0686069 0.00249457 0.0991172 0.000742607 0.0521876 0.0117714 0.124591 0.000890525 2.40711e-06 0.0701349 0.0175773 0.000419706 1.33015e-05 
0.0382566 0.00501217 0.00171423 0.552345 0.029298 0.0150006 0.00685295 0.00663514 0.0581434 0.0512653 0.020973 0.000625671 4.87354e-07 0.107398 0.0996828 0.00483714 0.00195927 
0.00207946 0.0101805 8.23536e-05 0.625004 0.0210129 0.0388585 0.0306318 0.000479772 0.169863 0.0294962 0.0162852 0.00388897 1.98539e-07 0.043739 0.00650375 0.00181493 7.88749e-05 
0.0036433 0.00712103 0.000316251 0.453914 0.0327593 0.0585529 0.016318 0.000768635 0.129349 0.00547124 1.47994e-05 0.000126832 6.13157e-07 0.115515 0.163001 0.00472402 0.0084037 
0.00428871 0.000461362 3.97268e-07 0.289734 0.154805 0.21329 0.0137264 0.0015642 0.157004 0.00112843 2.2593e-07 7.68653e-08 4.66429e-10 0.0224121 0.14155 9.37796e-06 2.59779e-05 
0.00771084 0.000223615 3.08517e-05 0.406358 0.063331 0.00992468 0.0103358 0.00985191 0.0568069 0.124393 0.00811669 0.230101 6.1731e-07 0.0719895 0.000541759 0.000254604 2.85856e-05 
0.00257904 0.000153597 6.4942e-05 0.314035 0.0506069 0.0284722 0.011278 0.00814139 0.108052 0.00762026 0.000287241 8.57189e-05 1.48027e-05 0.22378 0.218596 0.0257763 0.000456576 
0.00892794 6.31715e-05 0.00104557 0.49508 0.0157317 0.0812227 0.00658458 0.0137784 0.0225162 0.0131884 0.00574041 0.000137875 0.0951639 0.0460052 0.178021 0.0043426 0.0124502 
0.0138723 0.00172424 0.000831204 0.314258 0.0108394 0.0214182 0.0149058 0.00140784 0.224302 0.0622745 0.169691 0.000230046 1.20588e-05 0.0340288 0.127974 0.00220753 2.31952e-05 
0.0122696 0.00200289 0.000858262 0.452379 0.0078699 0.00759039 0.0291551 0.000653339 0.248327 0.0239203 0.0180064 0.00839649 2.32157e-07 0.121543 0.0454942 4.25183e-05 0.021492 
0.00699914 3.70237e-06 6.82941e-09 0.422301 0.0197828 0.316823 0.00231084 0.00145534 0.026308 0.178863 0.00012482 0.000286659 3.70935e-06 0.0226954 0.00203735 3.69683e-07 4.16159e-06 
0.00455643 7.51581e-05 0.000416889 0.42354 0.028632 0.198409 0.0102938 0.00701906 0.00425159 0.161192 0.000361531 0.000150453 2.55133e-05 0.0297343 0.116083 0.00806999 0.00718784 
0.0441578 0.000246107 0.1446 0.507571 0.0143814 0.00269511 0.00483052 0.000322906 0.0570791 0.0157514 8.87933e-07 1.36714e-05 3.76771e-06 0.0733695 0.133118 2.13248e-05 0.00183711 
0.000961855 0.000412613 1.35845e-05 0.829097 0.00369662 0.0153709 0.000234749 0.00436612 0.00015629 0.00343436 1.85288e-07 7.86314e-07 1.72136e-11 2.00702e-05 0.142208 1.46052e-06 2.51437e-05 
0.0256701 0.0116866 7.25787e-05 0.293518 0.0706088 0.0472585 0.0544316 0.00450688 0.228091 0.0133557 0.0128822 0.000787284 6.56208e-07 0.203903 0.0252829 0.00781731 0.000125791 
0.0242393 0.000100917 6.3699e-07 0.396063 0.00981571 0.0252139 0.0485834 0.0031567 0.13641 0.178427 0.156299 0.00367474 3.82389e-06 0.00145628 0.0165362 1.91763e-05 8.58154e-08 
0.0613043 5.77695e-05 8.62478e-06 0.258438 0.234661 0.00603998 0.00558086 0.0229713 0.0863135 0.00926501 0.00475807 0.139276 4.37007e-08 0.127238 0.0135739 0.030504 1.04016e-05 
0.000961855 0.000412613 1.35845e-05 0.829097 0.00369662 0.0153709 0.000234749 0.00436612 0.00015629 0.00343436 1.85288e-07 7.86314e-07 1.72136e-11 2.00702e-05 0.142208 1.46052e-06 2.51437e-05 
0.000205975 3.77282e-09 2.78571e-06 0.771039 0.00999874 0.0179329 0.0460633 0.00849407 0.0237112 0.00103675 2.68752e-09 2.12011e-06 3.04541e-07 0.0618682 0.0589502 0.000694323 1.69739e-09 
0.00293407 1.97259e-07 0.000188723 0.605553 0.012913 0.110927 0.0198205 0.00239741 0.0398936 0.0830454 0.00102036 1.50156e-06 1.43832e-06 0.0744705 0.046808 3.29911e-10 2.54193e-05 
0.0351705 0.0117568 2.75479e-07 0.655631 0.0232994 0.0056756 0.0547647 0.000105806 0.0590033 0.00420252 0.0190693 0.00039148 0.00118453 0.108127 0.0215486 3.80243e-05 3.0652e-05 
0.00509036 0.0206645 2.97916e-05 0.62035 0.0290487 0.00502327 0.00981408 0.00448017 0.184305 0.0270269 0.0298453 0.00020675 4.21425e-08 0.0339093 0.0300504 0.000155771 2.92639e-07 
0.00316822 2.72472e-06 3.93008e-06 0.693997 0.0132532 0.0126251 0.0303014 0.00342692 0.137312 0.00301786 0.00617496 0.00656968 1.81713e-05 0.0476991 0.0415504 0.00085344 2.56404e-05 
0.0153718 0.000132245 4.04556e-05 0.326087 0.0290571 0.056783 0.0183846 0.000679834 0.114837 0.0224817 0.235755 0.0364475 3.96491e-06 0.00735058 0.030459 0.0237891 0.0823406 
0.00121058 0.000174468 2.99163e-09 0.784819 0.00689843 5.17818e-10 7.04256e-10 0.0333016 0.018041 0.139307 1.21997e-09 2.91005e-09 2.28121e-09 0.0153677 9.87749e-07 0.000878649 7.70511e-10 
0.0443366 0.000911992 0.000558431 0.48535 0.0606731 0.0169142 0.0173365 0.00741963 0.164595 0.00881545 0.0117768 0.00122176 0.00227239 0.1335 0.0313808 0.011836 0.00110087 
0.114293 0.00282456 2.10191e-06 0.620024 0.0387524 4.71619e-06 0.0365137 0.000211764 0.0795828 0.00444667 0.000234822 2.04459e-06 1.60277e-06 0.102992 4.37795e-05 6.64424e-05 3.03225e-06 
0.0138817 1.97085e-05 9.01475e-05 0.346103 0.007357 0.034885 0.015526 0.000366008 0.190403 0.0130816 0.00907114 0.000614792 0.0110282 0.143422 0.213507 0.000551701 9.0762e-05 
0.0156946 0.0102978 0.000121699 0.1988 0.196111 0.0128992 0.180404 0.0041443 0.149473 1.95499e-06 0.0160573 3.19209e-05 2.42571e-10 0.00981709 0.174844 0.031303 5.2022e-08 
0.0417985 0.000397392 3.77574e-07 0.690255 0.00672014 0.0113052 0.00774698 0.000690101 0.135551 0.0129205 0.0446532 0.0044215 3.80752e-06 0.0182827 0.024407 0.000841645 4.69662e-06 
0.00390771 0.00664993 0.000609416 0.293352 0.0370359 0.0319911 0.0130592 0.00311961 0.243941 0.023163 0.012865 0.000128054 0.00020019 0.120203 0.206254 0.00341382 0.000107874 
0.00573757 0.000464891 4.54605e-05 0.794508 0.0275833 0.00985575 0.0280097 0.00770402 0.0507015 0.0276565 0.00744564 0.00271883 7.63418e-05 0.0354068 0.00129001 2.707e-05 0.00076895 
0.00421599 3.57062e-05 0.000736746 0.844144 0.00511287 0.00163362 0.0176056 0.000205173 0.0566235 0.0001708 0.00756688 7.53412e-05 1.38404e-09 0.0440169 0.015902 0.00191778 3.7451e-05 
0.00247642 0.00018375 5.94268e-05 0.765557 0.0356895 0.0388913 0.00144647 0.032086 0.0873897 0.00152358 0.000736226 0.00010765 2.87575e-12 0.000402317 0.0333505 0.000100556 9.71324e-13 
0.00247642 0.00018375 5.94268e-05 0.765557 0.0356895 0.0388913 0.00144647 0.032086 0.0873897 0.00152358 0.000736226 0.00010765 2.87575e-12 0.000402317 0.0333505 0.000100556 9.71324e-13 
0.0252191 0.000673912 0.0115891 0.357666 0.225706 0.0153242 0.103539 0.0122523 0.105491 0.0224347 0.0193305 3.49257e-06 0.000107832 0.0266723 0.0587635 0.012214 0.00301264 
0.0418889 5.22906e-06 4.54299e-09 0.305153 0.00669415 0.000453964 0.0188132 1.05036e-05 0.0928665 0.0976749 0.0587419 0.242047 0.000667934 0.0982455 0.0367289 3.65631e-07 7.76661e-06 
0.00389037 0.0118532 0.000214636 0.513788 0.0429023 0.0506984 0.000564348 0.00168667 0.245656 0.0130423 0.00289426 0.000370785 1.03377e-05 0.0661043 0.0286932 0.0164607 0.00116999 
0.00050681 0.000421108 0.000510221 0.852149 0.0358187 0.00236806 1.10886e-08 0.0322607 0.000115003 0.0194678 2.44779e-07 0.000236125 3.88244e-08 6.18287e-11 0.056146 5.08963e-08 3.75228e-08 
0.0268029 0.000310306 0.030601 0.302275 0.271586 0.00105548 0.0362924 0.000886107 0.0402559 0.0529785 0.0613831 0.000150137 2.9455e-09 0.173371 0.0020415 1.0309e-05 4.50274e-07 
8.926e-07 0.00754351 2.44317e-06 0.721596 4.85662e-06 0.00596584 0.17371 0.000645929 0.00444804 4.24969e-10 3.24707e-07 3.36034e-07 3.59493e-07 0.0740865 0.0119924 8.30311e-07 1.92177e-06 
0.00132516 0.000446384 0.000442933 0.491352 0.0015314 0.00668953 0.0144242 9.9227e-05 0.234479 0.0106952 0.0233559 0.000143615 8.94428e-10 0.0124163 0.179354 0.000265482 0.0229795 
0.226684 0.000651928 0.00121062 0.574719 0.014079 0.00409954 0.00956276 0.000187501 0.0415692 0.0295879 0.0085274 0.00159918 2.14531e-06 0.0375445 0.0499664 5.33899e-06 3.49441e-06 
