0.0222139 5.78225e-07 0.0623261 0.0369226 0.278225 0.0207982 0.00871356 0.0855007 0.101692 0.1698 2.04966e-07 0.0057735 9.56632e-07 0.201457 0.00428461 0.00228927 1.76347e-06 
0.0591414 0.00631791 4.22789e-05 0.235249 0.327852 0.0323285 0.00454146 0.00714576 0.166437 0.00804879 9.11139e-05 2.09096e-05 4.57296e-08 0.108208 0.0440154 0.000255699 0.00030469 
0.000411063 0.000127092 1.09969e-05 4.85844e-05 0.674361 0.0052518 0.0156625 3.7291e-06 0.000241567 0.00237935 5.89689e-06 0.264293 0.000119355 0.0292214 0.000152752 0.00770231 7.63561e-06 
0.0648192 9.57863e-12 5.03634e-09 2.88378e-12 0.727263 0.000558602 1.53619e-07 0.204614 0.000337466 0.000769926 7.77918e-08 1.62757e-11 2.17025e-08 0.000891136 1.3681e-06 0.000711163 3.35962e-05 
0.268628 0.00192727 0.00119701 0.007124 0.333052 0.00396647 0.00309747 0.0230697 0.0883384 0.0409066 0.00628153 0.000978641 6.80916e-07 0.0334395 0.0508195 0.136964 0.00020998 
0.0745343 5.35746e-05 0.000626695 0.0138988 0.539149 0.0870648 0.0282247 0.115273 0.0521197 0.00555457 0.00190319 0.000748734 9.07399e-06 0.0340086 0.00342782 0.0433575 4.64245e-05 
0.243666 0.00148457 0.000438291 0.0499648 0.52713 0.0180419 0.00228276 0.0537169 0.010468 0.00680454 0.00215966 0.0246662 7.08434e-05 0.0240856 0.0323523 0.00266698 1.10746e-06 
0.067666 3.05342e-05 8.99924e-07 0.00312329 0.547537 0.000168384 0.0220009 0.0587135 0.0185225 0.10414 0.00415184 0.00145575 0.00166194 0.16151 0.0089384 0.000245864 0.00013238 
0.16043 0.0028083 0.000466333 0.015155 0.474937 0.0184613 0.00720407 0.0412163 0.0732603 0.0345449 0.00487435 0.0113899 8.23539e-05 0.0892157 0.016208 0.0489323 0.000813677 
0.0420277 2.01476e-08 9.42144e-05 0.00666771 0.478575 0.000699105 0.000650778 0.00137034 0.168152 0.0249585 3.76651e-05 0.0870444 5.01228e-08 0.184718 0.00489944 9.77041e-05 7.2882e-06 
0.00475675 0.000445888 0.000254077 0.00102822 0.385202 0.0119168 0.000120761 0.276748 0.0579968 0.0280133 0.00134551 0.00017232 5.72843e-10 0.117433 0.0135657 0.100987 1.39707e-05 
0.197714 0.00238918 0.000551654 0.013379 0.539787 0.00930486 0.00159534 0.0437055 0.0631092 0.0294619 0.0060849 0.0019664 2.87851e-05 0.0283548 0.0218379 0.0405476 0.000182661 
0.0231374 0.000186874 3.77876e-05 0.00176904 0.491619 0.0278204 0.0104575 0.016064 0.0669314 0.00300269 0.000946341 9.15096e-05 1.27721e-06 0.0403166 0.0235223 0.294028 6.81718e-05 
0.0904967 0.00363069 0.00112483 0.024296 0.516855 0.0111609 0.00495949 0.0948707 0.0526052 0.0545206 0.0105825 0.000835133 0.000275063 0.0925583 0.019252 0.0216692 0.000307729 
0.0193605 0.00180403 0.00108851 0.0190481 0.518148 0.0938777 0.0051373 0.0389439 0.0550015 0.00180099 0.00045256 0.000996399 7.49158e-06 0.137118 0.020629 0.0861212 0.000465318 
0.242772 4.38518e-07 6.63133e-06 1.00837e-06 0.447812 2.95594e-05 1.00303e-05 0.032462 0.00427461 0.0204278 7.72826e-05 1.14746e-06 2.22057e-06 0.0448306 0.000311979 0.206977 3.53161e-06 
0.0888978 0.00212574 1.69551e-07 0.00370569 0.452048 0.00161533 0.0195828 0.0178629 0.150494 0.144986 0.00363067 0.0577938 1.01582e-07 0.0389225 0.0129162 0.00538791 3.01919e-05 
0.00972281 5.05701e-06 3.40722e-05 0.000125884 0.381855 0.000203215 2.44673e-06 0.21791 0.0141848 0.000269239 1.17937e-09 0.000244013 8.05398e-08 0.00845646 0.00851155 0.358438 3.65239e-05 
0.0760193 0.0216788 0.00777064 0.0058378 0.548614 0.0155511 0.0123712 0.080832 0.0426797 0.00667292 0.00114157 0.00332272 1.76383e-06 0.0734529 0.0215703 0.0819047 0.000578032 
0.00844929 0.0505198 8.89943e-07 0.000339336 0.288947 0.112381 0.00101853 0.0178178 0.0125913 0.252113 0.000188429 3.74739e-06 4.04382e-08 0.101559 0.0749522 0.0760493 0.00306993 
0.183865 0.00147913 0.000127826 0.00266729 0.304705 0.00142222 0.000783097 0.0505746 0.111834 0.045125 0.00224257 0.00392927 1.88212e-05 0.0744953 0.115034 0.000332557 0.101364 
0.0321879 1.0582e-06 1.43923e-06 0.134668 0.315326 0.282198 0.00721218 6.99419e-07 0.153765 0.00208439 0.0045584 0.00013649 2.05694e-10 0.0522851 0.0020994 0.0134751 2.95879e-07 
0.263497 0.00197429 1.5933e-06 0.00224748 0.490607 0.0172438 0.00224401 0.0426827 0.105493 0.0190702 0.000356356 0.000166855 8.86113e-07 0.0419374 0.00399167 0.00848144 3.9007e-06 
0.046165 0.00871241 0.000556869 0.00885898 0.331137 0.0811275 0.0023432 0.0395461 0.0384595 0.279967 0.00246538 0.0249994 0.000228105 0.0616485 0.0521549 0.0213226 0.000307601 
0.0295463 2.1246e-05 0.000731366 0.00275418 0.821606 0.00187522 0.000206841 0.0566051 0.00426416 0.00895093 1.06996e-05 8.01065e-06 1.89147e-05 0.0149852 0.00339363 0.0549612 6.09533e-05 
0.0173203 6.42349e-07 8.28009e-09 0.0064054 0.614183 0.017224 0.0612083 0.0605054 0.00364036 0.000607185 4.89188e-06 0.0107108 6.31382e-09 0.0832636 3.20785e-06 0.124923 2.13258e-09 
0.0722726 0.000948497 1.06709e-07 0.0299325 0.315759 0.00948937 0.00172793 0.00984119 0.193969 0.282256 0.0389623 0.00242536 1.72839e-08 0.0281541 0.01415 0.000108135 4.00514e-06 
0.136876 0.000117677 8.98531e-06 0.0151218 0.288161 0.0103631 0.00509977 0.0141847 0.0524192 0.0599706 0.0195451 2.73813e-05 0.0358888 0.259241 0.0417034 0.0609862 0.00028551 
0.190067 0.106893 0.00346407 0.0557513 0.376095 0.052002 0.00829563 0.00984522 0.083156 0.0209735 0.0111876 0.00049737 0.000488785 0.0532904 0.00880481 0.019184 3.51881e-06 
0.0142652 0.0486167 5.62594e-05 0.011262 0.428725 0.0219639 0.0011963 0.0302107 0.0893168 0.050726 0.0252106 0.00372789 7.22096e-05 0.0932282 0.0910778 0.0896604 0.00068428 
0.0346065 0.000542704 9.4752e-08 0.00189777 0.797661 0.00640334 0.000120789 0.0101595 0.0418561 0.0153424 0.00427485 0.00202519 3.80122e-07 0.0732978 0.0094223 0.00236854 2.07789e-05 
0.0176671 2.59702e-10 4.53649e-10 0.00243382 0.93627 0.000999573 4.55585e-05 0.00420371 3.35952e-05 3.04633e-07 3.99416e-06 4.41278e-10 1.02052e-06 0.00284217 3.00507e-07 0.0354985 1.77037e-08 
0.174244 0.00412828 0.00215792 0.0147752 0.41149 0.0110612 0.00928918 0.112437 0.0676138 0.0301705 0.00620314 0.00221103 1.75582e-05 0.0874029 0.0171701 0.0475382 0.00209016 
0.114843 1.20714e-05 6.86865e-06 0.0209479 0.502386 0.0425186 0.00178826 0.00589177 0.0280313 0.0773863 0.00201635 0.024312 9.01493e-07 0.169521 0.00852858 0.00177849 3.03612e-05 
0.0353856 0.00318068 7.87066e-05 0.0187332 0.4031 0.00869984 0.00624429 0.0319872 0.163532 0.138516 0.00107459 0.000160419 1.6637e-06 0.025169 0.017884 0.146169 8.37577e-05 
0.0418003 0.033603 0.000106805 0.0040419 0.336652 0.0115161 0.00600457 0.0137392 0.164381 0.00918964 0.00032743 0.00025947 1.50364e-08 0.0389886 0.159667 0.17962 0.000103139 
0.0244278 1.49911e-05 1.83895e-07 0.000629274 0.861719 0.0129089 9.8365e-12 0.0522386 0.0124261 0.033808 1.31222e-07 6.70688e-07 3.37772e-07 0.00164343 9.50597e-05 1.14971e-06 8.60567e-05 
0.0940081 0.000215493 2.45857e-06 0.0813958 0.301921 0.00958131 0.019817 0.0230114 0.199403 0.16544 0.000716677 4.70128e-05 0.00565163 0.0551848 0.035 0.00845393 0.000150897 
0.0156786 3.12659e-05 2.95235e-05 0.00216487 0.374216 0.0183811 0.0255694 0.213605 0.0939222 0.0252189 8.00398e-05 0.00592547 3.59373e-05 0.0639216 0.00376593 0.157425 2.95249e-05 
0.0866126 0.000946131 4.01835e-06 0.0077102 0.511191 0.00127266 0.00521653 0.046163 0.193248 0.0651643 0.000907854 0.00123306 4.57403e-06 0.027606 0.0187737 0.0339418 4.55711e-06 
0.0206138 0.00332188 1.1074e-05 0.025944 0.248768 0.0206137 0.017731 0.206091 0.0963284 0.00306261 0.00108955 0.00615455 1.5614e-05 0.103821 0.00128663 0.245123 2.40881e-05 
0.290258 0.0077956 0.000319029 0.00529604 0.470138 0.01503 0.0037643 0.0581746 0.0247571 0.0207509 0.000688127 0.000644484 9.21488e-07 0.0489166 0.00856465 0.0448145 8.73712e-05 
0.157753 0.00211063 0.000839439 0.0100692 0.505318 0.0132347 0.00901834 0.0550681 0.0922861 0.0164759 0.00303473 0.00199448 0.000262972 0.056297 0.0185947 0.0558842 0.00175756 
0.0230262 0.00104278 0.00242741 0.00294641 0.571221 0.00790466 0.000440264 0.130026 0.0412219 0.00356028 0.000364898 0.000916448 6.33017e-07 0.0510732 0.0331646 0.128388 0.00227545 
0.249776 0.00824005 1.01376e-05 0.00025067 0.646607 0.000337447 4.85395e-05 0.034404 0.000743478 0.000385996 0.000338875 0.000281027 1.42553e-11 0.0562109 0.00205794 0.000270589 3.7572e-05 
0.144199 0.0027734 0.00146989 0.0138412 0.445861 0.00845673 0.00977783 0.12583 0.0448651 0.00723171 0.00229664 0.00262848 3.80757e-06 0.0512631 0.00841605 0.130998 8.78333e-05 
0.0255107 0.000684457 5.09261e-06 0.00403516 0.256291 0.115827 0.00233425 0.165596 0.0902798 0.211555 1.03744e-06 0.00534933 2.37694e-07 0.0295985 0.0427546 0.0499186 0.0002598 
0.0270661 0.000779348 3.93658e-10 0.00148522 0.909469 0.000948657 0.000332785 0.0188024 0.0145821 0.00159849 0.000347272 0.000154184 2.89944e-07 0.0220184 0.00198007 0.000393814 4.18449e-05 
0.223835 9.62007e-05 3.53578e-05 0.000871881 0.424947 0.00513206 0.00016924 0.0479406 0.118087 0.0307375 1.64007e-05 0.000252665 2.78122e-05 0.087774 0.0115354 0.0484917 4.92488e-05 
0.0515812 0.00235443 3.14932e-06 0.12482 0.393496 0.0614859 0.0473874 0.00740351 0.0909693 0.0275352 0.000386664 0.00104824 0.00173647 0.125055 0.0450553 0.0196403 4.11588e-05 
0.00951918 0.00101141 7.11187e-05 0.0166672 0.294343 0.0225288 0.0106824 0.103062 0.206955 0.112911 0.0181505 0.000289007 8.48878e-06 0.043939 0.0521041 0.107095 0.000663623 
0.32904 0.00622024 0.00129448 0.019504 0.423427 0.00647511 0.00162404 0.0350284 0.0527528 0.0138703 0.00129952 0.00112094 6.53736e-07 0.0549457 0.0158456 0.0374717 8.0084e-05 
0.0182508 0.00699879 2.09409e-05 0.00328166 0.5646 0.0101344 0.0100648 0.079783 0.0191562 0.0845369 1.75426e-05 0.0185596 3.6449e-10 0.0738818 0.0364599 0.0726656 0.00158798 
0.0504675 0.000869342 6.5826e-05 0.00870992 0.674467 0.00900009 0.0110674 0.098146 0.0435555 0.0104445 0.00572162 0.000165532 0.00732823 0.0340748 0.00928396 0.0366142 1.81563e-05 
0.318118 0.00216539 6.20696e-05 0.0187624 0.408976 0.0103877 0.00955312 0.0478171 0.0474951 0.0125167 0.0112721 0.00894584 4.30854e-06 0.0552844 0.0372397 0.0113787 2.15285e-05 
0.0183891 0.000638523 0.0429174 0.236522 0.408426 0.0069902 0.0387575 0.0120142 0.0692401 0.0294993 0.00287145 0.00238659 0.000103281 0.111348 0.0182193 0.00108869 0.000587749 
0.0987783 0.000147106 0.00286132 0.106064 0.193281 0.0011221 0.0200565 0.0020774 0.111035 0.184555 0.00921429 0.0988904 5.15402e-08 0.110854 0.0158001 0.00159079 0.0436725 
0.0220436 0.0168017 1.06578e-06 0.0121514 0.760676 0.0156345 0.000353896 0.0082911 0.0671069 0.0188048 1.90229e-05 0.000707121 4.84794e-09 0.0392605 0.0302117 0.00745851 0.000478184 
0.170615 0.0193546 0.000219871 0.0123208 0.485986 0.0184106 0.014735 0.130831 0.0450401 0.0309668 0.000269037 0.000847348 5.63242e-05 0.0629476 0.00203077 0.0053336 3.6053e-05 
0.0193787 0.0028016 0.0443767 0.00479037 0.596423 0.00575998 0.000766657 0.0593001 0.0301093 0.0368526 4.04622e-05 0.000609896 8.59014e-06 0.0937539 0.083383 0.0176802 0.00396443 
0.0975238 0.0113829 0.000469808 0.0301118 0.295029 0.0537944 0.00855504 0.117313 0.0795729 0.0231318 0.00245392 0.011709 5.82888e-05 0.086014 0.0273567 0.154351 0.00117249 
0.0512267 9.89093e-06 2.68239e-06 0.0013693 0.461171 0.000671603 2.46092e-05 0.366061 0.0195438 0.00267372 0.00982696 1.41446e-06 1.19615e-07 0.0380595 0.000956329 0.0484012 1.90831e-07 
0.0501901 0.00848434 2.76708e-08 3.87363e-05 0.81808 4.92832e-09 0.000154107 0.0409266 3.48328e-05 0.000855497 7.43597e-12 6.36456e-09 1.39045e-11 0.00110236 2.97327e-05 0.0796314 0.000472037 
0.0872277 0.000987267 0.00487029 0.00408692 0.255388 0.00653703 0.00217154 0.0266368 0.216396 0.146261 0.0132037 0.00163973 7.46175e-06 0.107716 0.0570983 0.0695671 0.000205523 
0.157391 0.00734421 0.000794362 0.0249319 0.539964 0.0173327 0.00847916 0.0232115 0.0499645 0.0170895 0.0162084 0.00134716 0.00108487 0.0554609 0.017028 0.0614397 0.000928572 
0.0341619 0.00058136 3.1538e-08 0.00279298 0.472178 0.0161733 0.00780122 0.0389015 0.0143294 7.74593e-07 9.06183e-05 0.00527173 8.13893e-11 0.222257 0.00183585 0.183625 3.90088e-08 
0.025713 0.000898363 4.53803e-08 0.00461316 0.248937 0.0596626 0.0283827 0.00442359 0.200737 0.0421631 0.0208547 0.00715193 6.02965e-06 0.166162 0.133822 0.0562144 0.000259058 
0.181584 0.000227448 0.000650316 0.0142275 0.458858 0.00385466 0.00205172 0.0351265 0.0758638 0.0420094 0.00434289 0.0178272 0.000246901 0.0736354 0.0141502 0.0748353 0.000508885 
0.0132533 0.0029708 2.53364e-05 0.0476281 0.358001 0.0127037 0.00671553 0.00168427 0.110646 0.00590971 0.000611954 0.000480724 3.74291e-08 0.299919 0.0950122 0.044379 5.98364e-05 
0.0128151 0.00011511 6.41157e-05 0.0128575 0.41594 0.0367202 0.00306785 0.0272584 0.178883 0.101776 0.00380602 0.000450976 1.55071e-06 0.13737 0.0173375 0.0515031 3.33894e-05 
0.018707 9.45898e-05 3.42185e-06 0.0299413 0.568055 0.00565701 0.00711404 0.0070238 0.077723 0.186764 0.00155473 0.0029975 5.29901e-09 0.0519506 0.0400446 0.000364408 0.00200462 
0.00580285 0.000336871 6.38322e-08 0.0034796 0.388939 0.0673815 0.0681951 0.00530615 0.0623537 0.00658022 9.17845e-09 0.000583513 9.40633e-11 0.335941 0.00949936 0.0454567 0.000144036 
0.0210583 2.66129e-08 1.18617e-05 0.00012816 0.869948 0.00298202 0.000490138 0.0117312 0.0392844 0.0457453 2.14633e-08 0.000299818 1.03407e-07 0.00237256 0.00484349 0.000992412 0.000111893 
0.0479662 0.000142678 4.57497e-11 0.0101371 0.825144 0.0178417 0.00101221 0.0439421 0.0154994 0.000717697 0.00119421 0.00012925 5.41557e-06 0.0312507 0.00430878 0.000699892 8.77512e-06 
0.178102 5.29848e-07 0.00230803 0.0142303 0.358045 0.0198446 0.000964739 0.0106217 0.0624187 0.000113425 4.24662e-08 7.80982e-05 3.03816e-08 0.320366 0.017439 0.0116823 0.00378564 
0.0374298 5.58088e-05 8.00585e-11 0.000309553 0.367615 0.093108 0.00852772 0.0997916 0.117757 0.0590634 0.00987076 0.00329806 1.58978e-07 0.0908729 0.0252933 0.0869804 2.71285e-05 
0.171565 0.00231305 0.000260424 0.0142816 0.582026 0.00226801 0.00175262 0.067222 0.0357565 0.00844607 0.00144923 0.00101565 0.000754141 0.0985901 0.00660634 0.00414363 0.00154939 
0.0561041 0.00801104 0.00127731 0.0117011 0.774332 0.00288275 0.00230307 0.0275462 0.0163666 0.00182513 0.00194102 0.000244346 0.00372256 0.0691104 0.0139006 0.00545923 0.00327273 
0.0197828 0.00260272 0.000112776 0.0198048 0.325457 0.0821676 0.00703026 0.00997662 0.107675 0.184515 0.00321386 0.00714197 1.49017e-05 0.162839 0.0600814 0.00545196 0.00213212 
0.0169847 0.0227225 5.44696e-06 0.013938 0.603015 0.000656597 0.000809046 0.161298 0.0788817 0.0425701 0.00141102 0.00230435 1.37062e-07 0.0306556 0.00122535 0.0235184 3.78164e-06 
0.0273684 0.000128807 4.53833e-06 0.000928442 0.46471 0.0645141 0.000782997 0.0657368 0.0490354 0.0490818 0.00243136 0.00156705 4.64015e-06 0.023765 0.151778 0.0865995 0.0115633 
0.0660526 0.00496375 3.05754e-06 0.0179734 0.722357 0.00322347 0.000679494 0.0077221 0.0598904 0.0539637 0.0016575 0.00338067 1.65675e-06 0.00939023 0.0408656 0.00767303 0.000202741 
0.0186896 0.000892589 0.00499343 0.0275522 0.313879 0.0762518 0.00199313 0.0122012 0.033814 0.0747974 0.00411957 0.0788064 3.62575e-09 0.0747469 0.249171 0.0185363 0.00955612 
0.0270661 0.000779348 3.93658e-10 0.00148522 0.909469 0.000948657 0.000332785 0.0188024 0.0145821 0.00159849 0.000347272 0.000154184 2.89944e-07 0.0220184 0.00198007 0.000393814 4.18449e-05 
0.0450504 0.000705479 2.29579e-07 0.0328978 0.45456 0.0060138 0.00502161 0.00246479 0.0733752 0.285033 0.0440139 0.0179061 7.88343e-06 0.0317475 1.66678e-09 0.00115713 4.52527e-05 
0.0489891 0.0100048 0.00234121 0.00600292 0.346554 0.00719104 0.00289477 0.200809 0.0482574 0.0124073 0.00312048 0.00141007 0.000322373 0.0417219 0.01999 0.247533 0.000450795 
0.0559841 0.000100861 1.37546e-06 0.0107613 0.538654 0.0204 0.000927458 0.0127722 0.0374986 0.00314324 0.00050857 9.87689e-06 3.06551e-07 0.070938 0.0032063 0.245052 4.15398e-05 
0.110847 0.0131622 1.88761e-07 0.000747995 0.624339 0.0178736 0.00673223 0.171585 0.00916383 0.000677065 3.52902e-07 1.78324e-07 2.20107e-10 0.0248532 1.01625e-06 0.020017 7.43441e-11 
0.0512905 0.00142886 1.9422e-05 0.00359053 0.385315 0.00428068 0.0177422 0.00104595 0.337466 0.00304316 7.79299e-05 0.000295487 1.35258e-10 0.0821766 0.0961054 0.0157499 0.000371948 
0.0106568 0.00189137 0.0768764 0.0124036 0.360254 0.00858422 0.00545342 0.295179 0.0716169 0.00769229 1.52674e-08 0.0064042 2.67156e-07 0.0887575 0.0215149 0.0322187 0.000497053 
0.0344717 0.00145985 0.00374747 0.00557316 0.704947 0.00926404 0.00333743 0.0190114 0.0779217 0.0330749 0.00448238 0.00167897 3.71553e-05 0.0378369 0.0147852 0.0482673 0.000103822 
0.0525022 0.0396367 2.55002e-05 0.000201674 0.632383 0.00198142 2.85188e-05 0.0129478 0.0206631 0.000148664 2.97522e-08 0.00237237 2.05468e-08 0.0779669 0.0372637 0.120919 0.000958593 
0.0779864 0.00148168 0.000250575 0.0186718 0.440911 0.0674336 0.0175519 0.00794663 0.135671 0.111647 0.0104988 0.00305916 0.00021202 0.0326435 0.041604 0.0314552 0.000975154 
0.0244303 0.115973 0.00237269 0.0133542 0.357296 0.0462088 0.0139537 0.0495124 0.0393997 0.0323891 0.00750112 0.000333072 0.00030275 0.13295 0.129883 0.0151956 0.0189448 
0.17155 0.00175456 0.000229096 0.0298676 0.400135 0.0107465 0.00585911 0.0430141 0.139765 0.0310628 0.00898339 0.00261015 0.000157306 0.0960852 0.0253697 0.0327426 6.78194e-05 
0.0304045 0.000924221 4.32408e-08 0.00149806 0.774301 0.00526299 1.48231e-05 0.00709652 0.0329579 0.000452651 6.61968e-06 2.43757e-05 4.64227e-09 0.139764 0.00499428 0.0022942 4.25631e-06 
0.0902305 0.026635 6.93091e-05 0.0228539 0.294463 0.0308469 0.00772378 0.00149127 0.182572 0.266567 3.85101e-05 0.00344148 0.00101696 0.0529854 0.0184776 0.00055656 3.0923e-05 
0.0346084 0.00036565 3.35702e-06 0.00606097 0.513848 0.0232539 0.00109657 0.23435 0.0585592 0.0204006 1.0758e-05 0.00151326 1.46377e-07 0.0358832 0.0113981 0.0586195 2.88747e-05 
0.038981 0.00325245 9.01748e-05 0.0307647 0.416773 0.00810465 0.0367066 0.0159937 0.056128 0.145995 0.00600374 0.00158121 4.33722e-06 0.0738147 0.0356365 0.129966 0.000204484 
0.110954 0.000612414 4.73216e-05 0.018384 0.375939 0.00981771 0.0107916 0.239741 0.0311898 0.000722414 0.000898235 4.1907e-05 2.57464e-07 0.0511623 0.000589221 0.149065 4.45537e-05 
0.0487568 0.000663819 5.33938e-09 0.000917511 0.750127 0.0028744 0.00171631 0.0726125 0.0193702 0.000395603 2.77506e-05 6.01074e-05 1.66998e-08 0.0264769 0.00209456 0.0739013 4.89511e-06 
0.0307229 6.53061e-09 8.98288e-11 9.5873e-08 0.94871 0.000340728 2.3945e-05 0.00376447 6.69542e-09 0.00348502 3.66316e-11 8.73792e-11 6.84972e-11 0.0103132 0.000958877 0.00166377 1.73765e-05 
0.0960082 0.00176841 0.000204788 0.0103956 0.363026 0.0139661 0.00208231 0.0362117 0.036738 0.0344699 0.00285093 4.39104e-05 6.89279e-09 0.0546396 0.0357306 0.31161 0.000254725 
0.0207082 0.0031628 0.000235912 0.00170555 0.620824 0.0268901 0.0953397 0.00422424 0.0438432 0.00370832 0.00132123 1.29309e-05 1.52399e-07 0.00845454 0.0708783 0.0986505 4.03939e-05 
0.029195 0.0130924 0.000131348 0.00626917 0.626442 0.0238254 0.00225137 0.0799226 0.0275812 0.0191013 4.23825e-05 0.00012231 0.0169517 0.0339104 0.0132359 0.107693 0.000233072 
0.0553409 0.0227308 4.70833e-05 0.00461878 0.484924 0.019684 0.00622334 0.00681688 0.139067 0.021626 0.000129478 0.000330197 8.05003e-07 0.155819 0.0249965 0.0570462 0.000598253 
0.136386 1.09236e-06 7.93568e-08 0.00749717 0.485229 0.0134488 0.0340516 0.0393341 0.0561873 0.0034419 0.00102774 0.0330659 7.8839e-10 0.176249 0.0138675 0.00021174 1.82443e-07 
0.009453 0.0282562 5.74087e-05 0.00521743 0.554778 0.0347707 0.0201894 0.177177 0.00946928 0.0155783 0.000232948 1.76104e-05 1.26721e-10 0.00783184 0.0167842 0.120004 0.00018326 
0.268845 0.000444281 3.55387e-06 0.00502815 0.359276 0.0121471 0.00146655 0.0361875 0.156329 0.00878675 0.00158809 0.00454207 4.36047e-06 0.115719 0.0217006 0.00779823 0.000134374 
0.0270661 0.000779348 3.93658e-10 0.00148522 0.909469 0.000948657 0.000332785 0.0188024 0.0145821 0.00159849 0.000347272 0.000154184 2.89944e-07 0.0220184 0.00198007 0.000393814 4.18449e-05 
0.129475 0.00252624 0.00164325 0.0137249 0.529086 0.00862524 0.0159686 0.0117955 0.0875332 0.0700466 0.00446745 0.00322057 0.00018556 0.0777917 0.0253919 0.0173479 0.00116964 
0.0793811 2.68213e-05 4.2434e-05 0.00825741 0.708515 0.00254725 0.00115216 0.0134211 0.0782317 0.00176099 0.0056868 1.694e-05 1.07734e-08 0.0332207 0.00039803 0.0673329 8.6657e-06 
0.00624593 7.02468e-05 0.000324691 0.00116397 0.276307 0.200468 0.00227497 0.0027697 0.135404 0.0891119 0.00639086 0.000500816 1.75033e-05 0.199431 0.0163143 0.0630991 0.000107145 
0.1057 2.6582e-09 4.64336e-09 0.000600326 0.345878 0.345611 0.0175704 0.0202602 0.0965693 0.0340228 2.90623e-09 0.0066372 3.5407e-09 0.0155104 0.00453796 0.00709694 5.29523e-06 
0.0896728 0.000482043 3.99548e-07 0.000546765 0.721076 0.0249239 0.00157626 0.0485417 0.0224491 5.75366e-05 8.36076e-05 0.000858141 1.02948e-07 0.0292581 0.0238251 0.0366462 2.12772e-06 
0.0128525 8.3563e-08 0.00164223 0.0170009 0.441906 0.0965225 0.00354758 0.0375881 0.229865 0.00847764 0.00122504 0.0015329 1.31674e-10 0.107168 0.0117991 0.0288721 5.69215e-08 
0.0212806 4.42134e-05 4.06161e-06 0.0509479 0.571551 0.00358996 0.0138619 0.193617 0.0737554 0.00384463 5.32593e-05 0.00301243 2.94223e-09 0.0298949 0.000631241 0.0339101 1.86452e-06 
0.05112 0.00161168 2.15878e-05 0.00503696 0.608079 0.027049 0.0198566 0.022196 0.0308045 0.0329488 0.00235662 8.17396e-05 0.000142668 0.069429 0.0302566 0.0989469 6.27543e-05 
0.0110633 9.24572e-05 8.14135e-06 0.0284653 0.739956 0.000765768 0.00022519 0.00565399 0.045166 0.0295161 1.60201e-05 0.000221177 3.75813e-09 0.00733914 0.0202259 0.111284 1.09116e-06 
0.234256 5.01743e-05 0.0249621 0.00379518 0.454902 0.00891744 0.00107848 0.0977473 0.0665878 0.0160519 1.52469e-05 0.00011225 5.30311e-06 0.0475745 0.017011 0.026598 0.00033556 
0.126244 0.00297896 0.00135441 0.00269277 0.611433 0.0258998 0.0127551 0.0154971 0.0480032 0.0218205 5.28213e-06 0.000604016 8.38134e-05 0.0977501 0.0266886 0.00615491 3.50451e-05 
0.0371652 8.01637e-11 2.68089e-07 0.166487 0.550529 0.0191391 7.5294e-05 0.134109 7.7048e-12 5.95451e-07 0.0100097 2.12141e-07 1.06777e-10 0.0203059 0.0619284 1.03899e-05 0.000239849 
0.0648192 9.57863e-12 5.03634e-09 2.88378e-12 0.727263 0.000558602 1.53619e-07 0.204614 0.000337466 0.000769926 7.77918e-08 1.62757e-11 2.17025e-08 0.000891136 1.3681e-06 0.000711163 3.35962e-05 
0.0341619 0.00058136 3.1538e-08 0.00279298 0.472178 0.0161733 0.00780122 0.0389015 0.0143294 7.74593e-07 9.06183e-05 0.00527173 8.13893e-11 0.222257 0.00183585 0.183625 3.90088e-08 
0.00921191 0.00133222 0.00761304 0.188324 0.254457 0.0365439 0.00738061 0.015341 0.0831322 0.0270376 0.123927 0.000282275 2.17285e-07 0.0882173 0.149125 0.00183213 0.00624265 
0.0366893 0.0158505 1.74522e-05 0.00588055 0.448711 0.0168639 0.00115241 0.0791258 0.076909 0.106673 0.00131723 0.000179067 8.40148e-05 0.0987255 0.0184664 0.0932374 0.000116811 
0.0168793 0.0126592 1.19214e-07 0.00308442 0.411323 0.0660142 7.77949e-08 0.0362744 0.092497 0.279167 3.80526e-08 0.00724828 1.25208e-08 0.0302601 0.0192483 0.0251498 0.000195325 
0.0283796 0.00859608 5.60129e-05 0.00670543 0.662788 0.0215817 0.00355693 0.0163656 0.0251351 0.00948839 3.27832e-07 0.00090368 7.14131e-10 0.0548899 0.0195447 0.141738 0.000270729 
0.359747 0.000822779 4.61498e-07 0.0261108 0.376351 0.00200914 0.00122575 0.0231703 0.182284 0.00379936 0.012527 0.000580228 2.1237e-07 0.00957606 0.0009522 0.000844088 1.14215e-08 
1.77772e-06 6.08852e-10 1.06355e-09 0.021216 0.473761 0.150767 0.000641987 0.000801925 0.0618185 0.116483 0.00388905 0.0245197 0.000117526 0.0528697 0.0931133 1.77246e-10 3.01672e-07 
0.0792483 0.0042892 8.94605e-05 0.01082 0.597486 0.00729374 0.00142272 0.012587 0.0480161 0.00720183 0.00165916 0.0306909 1.03579e-05 0.0437716 0.035989 0.119068 0.000356839 
0.139741 0.000291619 0.000635505 0.0813465 0.228199 0.0175762 0.0563146 0.00922498 0.110612 0.0643776 0.151 0.0289177 0.000177024 0.0316457 0.0788533 0.000956184 0.000131694 
0.00660548 0.253116 0.000220416 0.159569 0.268796 0.00305796 0.00382979 0.00185294 0.027879 0.0260303 9.75966e-07 8.51177e-05 9.81117e-09 0.101113 0.144894 0.00141823 0.00153237 
0.0115905 0.00778988 0.0408506 0.0158308 0.314862 0.0525291 0.00299762 0.0609788 0.151753 0.0826895 0.000768898 0.00970737 4.96221e-05 0.140347 0.0732409 0.0338492 0.000165862 
0.0263353 0.00191236 4.07993e-05 0.0267489 0.640002 0.00323377 0.000597947 0.0319297 0.044022 0.0232285 0.0343074 0.000944771 2.20255e-08 0.00525546 0.0491886 0.112241 1.14264e-05 
0.0228239 1.22947e-07 4.40622e-11 0.0218499 0.760093 0.0125302 0.00429979 0.0080399 0.0631212 0.00570932 0.000380526 0.000172913 3.35987e-11 0.0994039 0.00157476 9.77463e-08 9.06154e-08 
0.0270661 0.000779348 3.93658e-10 0.00148522 0.909469 0.000948657 0.000332785 0.0188024 0.0145821 0.00159849 0.000347272 0.000154184 2.89944e-07 0.0220184 0.00198007 0.000393814 4.18449e-05 
0.0273684 0.000128807 4.53833e-06 0.000928442 0.46471 0.0645141 0.000782997 0.0657368 0.0490354 0.0490818 0.00243136 0.00156705 4.64015e-06 0.023765 0.151778 0.0865995 0.0115633 
0.0459151 0.000425683 0.0186608 0.00530602 0.384184 0.0045993 0.00131975 0.140116 0.115515 0.194021 0.0010278 5.50729e-05 0.000145733 0.0286134 0.0416268 0.0183209 0.000148336 
0.0117727 0.00788723 0.000211197 0.0315038 0.277444 0.00522025 0.0176535 0.00499238 0.132849 0.1198 0.000737041 0.0702625 5.09887e-07 0.131007 0.175536 0.0129428 0.000179953 
0.0471126 0.000255974 2.7145e-05 0.0103104 0.4116 0.00551551 0.00785443 0.251349 0.14608 0.00449465 0.00192032 0.00925674 5.5584e-06 0.0468075 0.0127627 0.0446207 2.78845e-05 
0.0318162 0.0714283 1.32278e-09 0.0041128 0.298029 0.00184328 0.01036 0.000427486 0.209459 0.159913 0.00187574 3.56463e-05 1.00866e-09 0.000437555 0.142625 0.0670951 0.000541938 
0.00415548 0.00142558 4.3649e-05 0.0318815 0.666628 0.013765 0.00121381 0.020758 0.0296256 0.0294564 0.000403462 0.00121905 2.34794e-07 0.135188 0.0335988 0.0306031 3.42346e-05 
0.0296888 1.97471e-07 0.0772271 4.03808e-06 0.710053 0.000131212 5.77355e-08 0.00533986 0.0709868 0.00355465 1.3554e-07 0.000130511 1.7737e-06 0.0720091 0.000468976 0.0303948 8.57449e-06 
0.111185 0.00342199 0.00316318 0.0144477 0.54867 0.00948799 0.00658601 0.0417062 0.0572906 0.0291294 0.00879657 0.00288144 0.00167886 0.0408424 0.0220852 0.0980518 0.000575659 
0.0602232 5.45903e-05 1.04438e-06 3.60536e-05 0.796313 0.000349756 0.000108961 0.0431965 0.000182224 0.0754401 0.000114483 0.000124393 7.96368e-07 0.0230703 0.000783769 1.74051e-07 2.68984e-07 
0.0511257 0.00197156 0.00086115 0.00989999 0.708418 0.0166077 0.0215609 0.0244079 0.0524468 0.0163117 0.00505036 0.00975594 0.000302976 0.0437132 0.0135155 0.0236994 0.000351114 
0.0189374 0.000742902 7.52287e-09 0.00153396 0.876222 0.000311396 0.00130678 0.00462601 0.0218566 0.0142515 0.00304062 0.000620876 1.28197e-08 0.0331201 0.0224535 0.000868071 0.000108268 
0.0170955 0.000369532 7.64494e-05 4.9518e-08 0.624377 0.000541982 1.46863e-08 0.244336 7.29669e-07 0.0130684 7.17126e-09 5.60745e-08 2.33304e-09 0.0134893 0.00105168 0.085594 9.37312e-09 
0.04265 1.79389e-06 6.67255e-08 0.0709098 0.66488 0.0118408 1.00121e-05 0.0763634 0.0117999 0.113618 0.00789478 6.49059e-08 5.08802e-08 1.50601e-05 1.02748e-05 5.03626e-06 6.85549e-07 
0.0354356 6.63096e-05 1.81784e-06 0.000509619 0.734256 0.0245698 0.000607754 0.0367487 0.0199318 0.0231756 0.000456838 0.000319621 1.06919e-06 0.0335793 0.0382023 0.0496915 0.00244663 
0.0170669 2.257e-05 0.00236764 0.0295305 0.453644 0.000498991 0.0923835 0.00188635 0.223547 0.0109842 7.251e-05 0.00335932 9.07124e-08 0.163271 0.0013507 1.13949e-05 3.23639e-06 
0.112135 0.000222233 4.61931e-05 0.00791558 0.382838 0.00248042 0.000488207 0.17209 0.126132 0.0125288 0.00195932 3.33067e-05 4.36936e-09 0.0452262 0.104812 0.0310694 2.34158e-05 
0.0325552 2.29278e-07 4.66412e-06 5.80887e-06 0.706011 0.000602439 1.49657e-06 0.00580294 0.00144307 0.00251712 2.88782e-06 0.00642155 2.06129e-09 0.0101644 0.0347588 0.199708 6.08991e-08 
0.0560565 6.11827e-05 2.54989e-06 0.00601581 0.698502 0.0146796 0.037973 0.0187717 0.0291135 0.119802 0.00463466 8.04943e-06 1.12696e-08 0.00666874 0.00547242 0.00217816 6.04348e-05 
0.0496718 0.000433075 0.0132879 0.0219037 0.326961 0.0591941 0.00597276 0.00986656 0.203469 0.0711634 0.0010214 0.000338958 0.0288638 0.133946 0.0487574 0.0251137 3.5887e-05 
0.38316 2.02453e-07 2.94196e-08 0.0110101 0.497356 0.000346226 0.00461178 0.0348234 0.00517897 9.09785e-07 0.00266294 0.00145781 1.87148e-08 0.0350278 0.000432322 0.0239274 3.69209e-06 
0.0753116 0.000618824 0.000980174 0.0103058 0.673743 0.0261176 0.00122344 0.0145357 0.0641371 0.0188297 0.00341869 0.00439496 6.34373e-08 0.0624087 0.027092 0.0168068 7.56712e-05 
0.135214 0.00138295 0.000299848 0.0418307 0.297085 0.0196411 0.0274673 0.0343702 0.182143 0.0272459 0.0184975 0.00836883 5.03643e-05 0.139187 0.0575178 0.0094709 0.000227185 
0.015014 0.000670919 0.000139191 0.0115348 0.388497 0.0802509 0.00842681 0.0958829 0.0263405 0.25569 4.71591e-05 0.00446313 0.000494648 0.0517331 0.004397 0.0551853 0.0012324 
0.0252733 0.000474454 0.00624715 0.146179 0.306706 0.0312086 0.0162195 0.00767148 0.155936 0.0317013 0.00638509 0.029145 0.000358597 0.0721195 0.155186 0.00151821 0.0076705 
0.0796944 8.45e-06 2.07703e-05 0.00717437 0.711521 0.0292127 0.00239915 0.00318014 0.0501556 0.00198246 0.000746619 4.86768e-06 1.10966e-06 0.0961843 0.00724608 0.0104679 2.07506e-08 
0.156209 0.0178278 0.00477396 0.0258956 0.307835 0.00415475 0.00838282 0.101605 0.102674 0.134222 0.0130252 0.00365095 0.000140464 0.0322879 0.0191057 0.067849 0.000359816 
0.0128525 8.3563e-08 0.00164223 0.0170009 0.441906 0.0965225 0.00354758 0.0375881 0.229865 0.00847764 0.00122504 0.0015329 1.31674e-10 0.107168 0.0117991 0.0288721 5.69215e-08 
0.0644652 0.001288 2.04611e-05 0.0237437 0.252121 0.00421207 8.3283e-05 0.012869 0.249135 0.205173 0.0035997 4.47152e-05 2.88509e-11 0.0724735 0.0423046 0.0684256 4.04435e-05 
0.130432 0.00320588 2.56315e-05 0.0049734 0.753223 0.00122506 0.001497 0.00131932 0.0121424 0.0759038 0.000265949 0.000145857 1.65214e-07 0.000156873 0.012877 0.00244227 0.000164078 
0.123571 1.42644e-05 0.0033297 0.00315702 0.664163 0.00443833 0.000113178 0.0164449 0.0292872 0.00823854 6.75705e-06 0.00132906 6.20818e-08 0.134397 0.00431005 0.00719915 2.93419e-08 
0.0681437 0.0194643 0.00100807 0.0390622 0.334668 0.000437041 0.00768293 0.0459438 0.0504324 0.276905 0.000132507 0.000508027 0.00580902 0.0888136 0.0606193 3.36934e-08 0.000370753 
0.095121 2.97281e-05 1.85944e-05 0.00681992 0.587282 0.00158412 0.000233013 0.20172 0.0302587 0.0152289 0.000135313 1.00726e-05 2.77384e-06 0.0388147 0.00297303 0.0197591 8.3627e-06 
0.0648192 9.57863e-12 5.03634e-09 2.88378e-12 0.727263 0.000558602 1.53619e-07 0.204614 0.000337466 0.000769926 7.77918e-08 1.62757e-11 2.17025e-08 0.000891136 1.3681e-06 0.000711163 3.35962e-05 
0.0423594 7.11006e-05 1.47033e-05 0.00338919 0.280316 0.0149621 0.00591907 0.0588004 0.239214 0.00547976 0.0137022 0.000291331 4.84787e-07 0.029369 0.00708524 0.275237 0.02379 
0.0812558 0.00184516 0.000524755 0.00307273 0.500803 0.00389559 0.00923299 0.231104 0.0351927 0.00276894 0.000459527 0.0016041 1.87932e-06 0.0392628 0.00626384 0.0755352 0.00717716 
0.0256185 0.0117697 1.40924e-06 0.0186223 0.36829 0.00498449 0.00929135 0.0170942 0.122835 0.0260304 0.00610918 0.0279411 3.95205e-06 0.256091 0.0903384 0.0148211 0.000157538 
0.0725648 0.00239316 0.00172009 0.0176594 0.497019 0.0181368 0.0111731 0.0571508 0.0933542 0.0377135 0.00399104 0.00259562 0.00169264 0.0720471 0.0210741 0.0892191 0.000495614 
0.0151517 0.00248222 0.00118536 0.079633 0.279946 0.00661396 2.82134e-07 0.168558 0.176472 0.0228746 0.00510593 0.000289412 1.19651e-10 0.22072 0.0209451 9.43078e-08 2.24692e-05 
0.318253 0.000545853 0.00132012 0.00199497 0.322685 0.0322647 0.00174833 0.122007 0.0533382 0.0142926 0.00058376 0.000521603 3.58847e-05 0.095173 0.00396592 0.0312249 4.42955e-05 
0.304189 0.000449723 1.11283e-06 0.0265505 0.345546 0.00645787 0.0526221 0.0614371 0.0458336 0.0150045 0.00554921 0.00871244 9.60935e-07 0.0831676 0.0261103 0.0183368 3.03242e-05 
0.0400673 6.10651e-08 0.00630346 4.14052e-05 0.468564 0.000117299 0.0118595 0.123977 0.0903254 0.0314927 1.36308e-06 4.27534e-07 5.40704e-11 0.0975032 0.0988598 0.0308723 1.4729e-05 
0.0679239 0.000474837 0.00035118 0.0329783 0.312836 0.00737959 0.0082414 0.019014 0.19567 0.024864 0.00219869 2.58311e-05 4.5943e-11 0.020697 0.0425276 0.264816 1.72159e-06 
0.0253537 0.0003297 0.000562657 0.00933953 0.265122 0.171674 0.0828814 0.0814376 0.11029 0.0609407 0.000676979 0.000238066 6.60244e-05 0.0463706 0.117926 0.0258273 0.000963873 
0.172541 0.0689684 1.00567e-07 3.21919e-07 0.747114 1.34126e-06 5.59535e-07 0.00921812 0.00136976 0.000780928 5.43377e-08 1.61402e-07 9.58446e-12 9.90396e-07 1.44089e-06 3.07989e-06 7.12233e-08 
0.0183637 0.000428034 0.00142675 0.019371 0.749711 0.0242843 0.0025316 0.0617448 0.0133368 0.00251544 0.00144979 0.000759152 4.2975e-09 0.0492111 0.0279337 0.0263786 0.000554571 
0.16585 0.00122865 0.000477686 0.00909763 0.42231 0.00453858 0.00193638 0.255476 0.0285099 0.0197409 0.000855944 0.000194713 3.30053e-07 0.0376763 0.00465062 0.0469487 0.000506882 
0.00629576 0.00383331 3.47712e-05 0.00161184 0.500002 0.00563453 0.00677668 0.0276311 0.0898052 0.0723647 0.00172578 0.000109198 4.86539e-08 0.0648568 0.0409653 0.178034 0.000318906 
0.00920082 3.95873e-06 9.46685e-09 0.000336952 0.611291 0.00392504 0.000308006 0.0568469 0.00931683 0.000548136 3.02172e-09 0.000244969 5.676e-08 0.259552 0.00245552 0.045959 1.10848e-05 
0.0615608 0.00226475 0.000384114 0.00952748 0.437617 0.00910282 0.0130796 0.0202263 0.0677315 0.0154514 0.00687858 0.000514311 1.88722e-06 0.0481252 0.0300729 0.268309 0.00915219 
0.0174974 0.00013984 0.000259207 0.0245035 0.495156 0.00132313 0.00056214 0.0217505 0.0598835 0.104981 2.01803e-05 0.000141993 0.0455165 0.00683069 0.143031 0.076883 0.00152103 
0.00713803 0.00101516 5.77672e-07 0.056876 0.312083 0.00654196 0.00408683 0.0502663 0.21437 0.00304056 0.000466269 0.000683612 7.60595e-12 0.131559 0.138828 0.0728317 0.000212274 
0.0947243 0.00330798 1.85981e-05 0.00796774 0.538223 0.00555356 0.00931651 0.109113 0.0218277 0.00268188 0.000667575 0.000509522 4.59219e-07 0.0440969 0.0065862 0.155321 8.32975e-05 
0.0307429 4.2978e-05 1.83902e-11 0.0195641 0.882829 0.00390025 0.00110574 0.0015397 0.0141588 0.000151253 0.0426229 2.3541e-05 1.40231e-11 0.00158905 0.0017301 3.06482e-12 4.73648e-12 
0.0137584 2.30725e-09 4.03032e-09 0.0934696 0.581405 2.67087e-06 0.0693615 1.33437e-09 0.188207 0.0277361 0.00353399 1.63107e-06 5.31208e-07 3.16794e-06 0.0225149 5.80836e-06 1.03803e-09 
0.0304045 0.000924221 4.32408e-08 0.00149806 0.774301 0.00526299 1.48231e-05 0.00709652 0.0329579 0.000452651 6.61968e-06 2.43757e-05 4.64227e-09 0.139764 0.00499428 0.0022942 4.25631e-06 
0.011473 1.04393e-06 1.82354e-06 0.00870614 0.918188 0.0117735 0.00236145 6.03747e-07 0.00752524 0.0284467 7.4363e-07 1.77382e-06 1.39051e-06 0.00724265 0.00427499 3.03903e-07 4.69663e-07 
0.0307429 4.2978e-05 1.83902e-11 0.0195641 0.882829 0.00390025 0.00110574 0.0015397 0.0141588 0.000151253 0.0426229 2.3541e-05 1.40231e-11 0.00158905 0.0017301 3.06482e-12 4.73648e-12 
0.0351143 0.00193406 1.00699e-09 0.00986081 0.610544 0.002225 0.00255811 0.0981274 0.127459 0.0131978 4.05705e-05 0.00322992 8.06651e-07 0.00898248 0.0131352 0.0734681 0.000122633 
0.000619158 1.39968e-05 0.00011195 0.219799 0.631772 0.00196538 0.0453611 3.28576e-05 0.0209605 0.0139417 0.0187539 0.0107593 4.61958e-07 0.0229684 0.000689018 0.0122479 2.64923e-06 
0.0497955 0.000455698 3.95148e-06 0.00978546 0.477504 0.00153899 0.0110569 0.0197984 0.0138496 0.0298219 0.000619751 0.231487 2.03969e-08 0.108353 0.00264306 0.0432852 6.87041e-07 
0.0364048 0.00749887 0.000605333 0.0276964 0.491474 0.0155128 0.0101671 0.0275316 0.119608 0.0322637 0.0458419 0.000598578 0.000206012 0.0965686 0.0324085 0.0347057 0.0209076 
0.266834 2.00699e-07 8.18113e-05 0.00629794 0.270086 1.79657e-07 0.000331611 0.106424 0.205529 0.0528164 5.86827e-05 0.00260429 3.4686e-10 0.075487 0.00620419 0.00720517 3.87619e-05 
0.0517037 0.00295496 0.00013237 0.0199942 0.477703 0.00786124 0.00769938 0.0278688 0.102113 0.0204318 0.0018499 0.000807852 1.08549e-06 0.0491813 0.0376562 0.191698 0.000343551 
0.0648192 9.57863e-12 5.03634e-09 2.88378e-12 0.727263 0.000558602 1.53619e-07 0.204614 0.000337466 0.000769926 7.77918e-08 1.62757e-11 2.17025e-08 0.000891136 1.3681e-06 0.000711163 3.35962e-05 
0.0304045 0.000924221 4.32408e-08 0.00149806 0.774301 0.00526299 1.48231e-05 0.00709652 0.0329579 0.000452651 6.61968e-06 2.43757e-05 4.64227e-09 0.139764 0.00499428 0.0022942 4.25631e-06 
0.0648192 9.57863e-12 5.03634e-09 2.88378e-12 0.727263 0.000558602 1.53619e-07 0.204614 0.000337466 0.000769926 7.77918e-08 1.62757e-11 2.17025e-08 0.000891136 1.3681e-06 0.000711163 3.35962e-05 
0.0284701 0.0475362 0.00694072 0.00486354 0.392873 0.00875681 0.000238271 0.257387 0.0374023 0.0410366 0.000901964 0.00196586 1.949e-07 0.0199785 0.0542472 0.095165 0.00223691 
0.0306909 0.250514 2.56889e-06 0.00749804 0.591075 0.00557802 0.00224514 0.0111736 0.031266 0.00382304 0.00516585 0.00244687 2.20823e-06 0.018019 0.0304345 0.00949843 0.000566594 
0.061949 0.000230257 3.03274e-08 0.000261969 0.705452 0.013782 0.000409012 0.035503 0.12529 0.0128475 0.0016038 9.24896e-06 2.51803e-10 0.004306 0.0167167 0.0215839 5.59183e-05 
0.0789742 0.000427364 0.0168396 0.00458423 0.437784 0.00492489 0.00118064 0.26891 0.0577725 0.0422256 0.0057983 0.000369822 4.56296e-05 0.0494059 0.0135789 0.0169061 0.000272599 
0.0703272 0.00138195 0.00418914 0.0116195 0.477504 0.010377 0.0111658 0.0858212 0.124905 0.0386105 0.00250227 0.000592562 1.63733e-05 0.0782551 0.0100706 0.0695092 0.00315315 
0.0221286 0.004709 3.31699e-06 0.169756 0.353959 0.0500506 0.0251691 0.00278162 0.214406 0.051548 0.0530235 6.19244e-05 1.14118e-06 0.00918208 0.0432001 1.20037e-05 8.34983e-06 
0.0559841 0.000100861 1.37546e-06 0.0107613 0.538654 0.0204 0.000927458 0.0127722 0.0374986 0.00314324 0.00050857 9.87689e-06 3.06551e-07 0.070938 0.0032063 0.245052 4.15398e-05 
0.0386492 1.87088e-07 6.45256e-05 0.00644299 0.63329 5.39403e-05 0.00159266 0.0171521 0.128945 0.0952013 0.000159338 0.000646874 1.251e-08 0.0144583 0.0627927 0.000550344 2.9857e-07 
0.0214332 5.67776e-06 3.83689e-08 0.000712688 0.39382 0.0224747 0.000683771 0.0779235 0.244497 0.139324 0.000144976 0.00153569 4.00479e-09 0.0478217 0.00105413 0.0482886 0.000279866 
0.152477 0.00722438 0.00062721 0.00192418 0.503553 3.53375e-08 0.00115764 0.0668546 0.0541218 0.00919725 6.238e-08 0.000932728 5.80207e-05 0.175561 0.025777 0.000173711 0.00036 
0.0934126 0.000621409 0.000108459 0.0192906 0.475821 0.0227534 0.00770623 0.0146246 0.121696 0.0419792 0.00822839 0.0370847 0.000852495 0.0540906 0.0610462 0.0403658 0.000317562 
0.0149782 0.0237591 0.00215278 0.0174482 0.27484 0.0257562 0.00707831 0.00783038 0.251339 0.260307 0.000797124 0.000788626 1.53638e-05 0.0344971 0.0753794 0.00238005 0.000653165 
0.0356946 6.16642e-05 1.72536e-05 2.04553e-08 0.670104 0.000565997 6.90076e-05 0.234253 0.00957412 0.00440763 9.87313e-06 2.31714e-08 4.86651e-07 0.0118947 0.00993937 0.0233956 1.24787e-05 
0.011193 2.14936e-05 1.57276e-07 0.00013465 0.372038 0.0203105 5.31338e-06 0.128847 0.345946 0.00423386 4.5423e-06 3.45311e-05 1.63596e-08 0.111935 0.000678032 0.0046134 4.23668e-06 
0.07399 0.00728611 9.59461e-06 0.008636 0.322269 0.00483742 0.00188228 0.0339896 0.0802669 0.0348637 0.00522779 0.000533072 1.46833e-06 0.095891 0.0323429 0.297768 0.000205443 
0.00840535 2.2636e-06 9.41223e-10 0.00530331 0.363994 0.0781582 0.092698 1.87006e-06 6.24571e-06 0.230471 3.83825e-10 5.76889e-06 7.17711e-10 0.152257 0.0656108 1.5686e-10 0.00308641 
0.0492889 0.000374282 0.000210641 0.013812 0.645169 0.0149676 0.00253429 0.0225599 0.0663935 0.0223939 0.000432043 0.000175435 0.000214646 0.110706 0.0205677 0.0301791 2.07515e-05 
