5.52127e-07 1.52782e-09 1.20124e-05 4.59973e-10 2.30186e-10 0.000199374 6.34542e-08 1.60824e-05 2.1147e-06 0.987243 1.08832e-09 9.0887e-06 0.00432245 0.00814067 3.41871e-10 1.82401e-06 5.24468e-05 
0.0769447 2.4085e-06 0.266603 1.81918e-09 9.10379e-10 3.83109e-06 1.14983e-05 2.97184e-06 0.0269126 0.153685 3.65173e-07 1.02672e-08 7.97518e-07 0.445049 0.030782 1.75906e-09 1.03445e-06 
3.7389e-09 3.18141e-13 4.67377e-08 0.0393361 4.7932e-14 0.00779129 0.000746936 8.31031e-06 0.212915 5.57503e-10 0.021071 1.09742e-08 4.23761e-13 4.40976e-08 0.717798 1.4912e-09 0.000332753 
5.60318e-05 5.90976e-06 3.10058e-06 8.53688e-06 4.44969e-10 6.60886e-06 2.47766e-05 1.70807e-09 7.89163e-06 0.695493 2.10382e-09 2.66022e-05 3.93392e-09 0.127549 0.176817 1.20455e-06 1.32873e-09 
0.00125269 0.000334552 1.86515e-07 7.25877e-05 1.6087e-08 0.000105613 0.000175999 6.17521e-08 0.0178546 0.976859 0.00240698 1.81428e-07 2.45234e-05 0.000396705 3.74421e-05 3.10837e-08 0.000478331 
0.00125269 0.000334552 1.86515e-07 7.25877e-05 1.6087e-08 0.000105613 0.000175999 6.17521e-08 0.0178546 0.976859 0.00240698 1.81428e-07 2.45234e-05 0.000396705 3.74421e-05 3.10837e-08 0.000478331 
1.86431e-05 4.10697e-09 2.42648e-06 0.0871701 2.23907e-13 0.00777609 0.0545109 2.50617e-09 0.395894 2.47102e-06 0.0144654 3.85351e-05 1.97954e-12 0.0047969 0.435316 7.36109e-06 1.74742e-06 
3.60562e-09 8.98958e-09 1.5703e-08 7.00397e-06 1.35439e-09 2.24852e-05 0.210533 0.00326858 0.00324565 0.0141479 3.13171e-07 0.000106866 1.1974e-08 0.700573 0.0680746 2.617e-09 2.07136e-05 
0.0769447 2.4085e-06 0.266603 1.81918e-09 9.10379e-10 3.83109e-06 1.14983e-05 2.97184e-06 0.0269126 0.153685 3.65173e-07 1.02672e-08 7.97518e-07 0.445049 0.030782 1.75906e-09 1.03445e-06 
0.000236434 7.05567e-07 1.23249e-06 2.12421e-07 1.06303e-07 0.00582563 0.907878 4.08057e-07 0.035053 0.000224236 0.0497192 1.19888e-06 9.39809e-07 0.000956063 0.000101627 2.05401e-07 3.17433e-07 
2.95747e-07 7.3736e-07 1.28802e-06 2.21993e-07 1.11093e-07 0.00113723 3.03212e-07 0.00119447 1.42449e-05 0.993879 5.25248e-07 1.2529e-06 9.82157e-07 0.000599655 0.00293706 2.14656e-07 0.000232548 
9.1385e-09 2.27842e-08 3.97996e-08 4.25359e-05 3.43273e-09 6.88885e-09 0.000187393 1.3177e-08 1.59882e-05 0.999315 0.000175301 0.000209096 3.03484e-08 5.4984e-05 5.09827e-09 6.63282e-09 1.02506e-08 
2.29339e-07 5.71792e-07 9.98809e-07 0.00204871 8.61477e-08 0.000484243 0.0058314 3.3069e-07 0.000785937 2.13145e-07 4.07308e-07 9.71571e-07 7.61622e-07 0.990499 0.000345582 1.66457e-07 2.57248e-07 
8.25194e-07 2.05738e-06 7.00729e-06 6.19405e-07 3.09971e-07 0.000326561 8.61027e-07 5.03068e-06 2.8982e-06 0.0766036 1.46555e-06 8.19607e-06 0.922277 3.50484e-06 0.000691768 1.03446e-06 6.77778e-05 
8.00803e-05 0.000250252 0.00310279 0.00931763 5.86361e-10 0.00102198 0.00210835 0.000110518 0.00277683 4.20734e-05 0.00317986 6.61296e-09 5.18395e-09 0.00021126 0.977736 6.19751e-05 1.75095e-09 
0.0145018 9.19324e-07 4.41892e-05 0.244455 8.56044e-11 8.37563e-07 0.060459 0.000101639 0.254864 0.000153641 0.205548 1.64436e-07 7.56818e-10 0.217799 0.00199803 2.50152e-06 7.11627e-05 
0.0105095 7.41856e-07 8.96981e-06 0.832275 3.22978e-09 0.000643512 0.0344591 3.30553e-07 0.0378369 0.00248836 0.00525788 9.80424e-05 1.67231e-05 0.00121714 0.0751561 3.02343e-05 1.25018e-06 
0.0769447 2.4085e-06 0.266603 1.81918e-09 9.10379e-10 3.83109e-06 1.14983e-05 2.97184e-06 0.0269126 0.153685 3.65173e-07 1.02672e-08 7.97518e-07 0.445049 0.030782 1.75906e-09 1.03445e-06 
0.000117999 6.2389e-06 1.08981e-05 1.87831e-06 9.39969e-07 0.0023319 2.56551e-06 8.29117e-05 0.000382361 0.00093943 4.44419e-06 0.000181464 0.995329 0.000141088 0.000277543 6.56858e-05 0.000124133 
1.65432e-07 2.93347e-09 5.07348e-11 0.954764 4.37589e-12 6.41145e-08 0.0296306 1.67975e-11 2.26397e-07 1.28849e-07 1.36571e-07 5.92707e-08 3.86868e-11 0.0135605 0.00204418 8.45522e-12 1.56935e-08 
0.00713677 0.000142592 2.94168e-06 0.229688 5.55915e-13 9.68916e-07 0.0173923 1.04779e-07 2.63265e-06 0.00241731 0.138381 6.26959e-12 4.91478e-12 2.0029e-07 0.604836 5.87572e-08 1.8277e-09 
4.2798e-05 7.83022e-05 0.00440355 5.88402e-08 2.94456e-08 5.90919e-08 0.000373824 0.00428202 0.000329307 0.989218 1.3922e-07 3.32087e-07 2.60325e-07 0.000462848 0.000774612 5.68956e-08 3.36307e-05 
7.47555e-10 1.86381e-09 3.25572e-09 9.36526e-05 2.80807e-10 1.01441e-05 8.12485e-06 1.07792e-09 0.999815 6.94767e-10 2.77495e-05 3.16693e-09 2.48258e-09 3.43921e-05 1.00514e-05 1.03145e-06 8.38526e-10 
8.31903e-05 1.5012e-06 1.25931e-08 0.00524416 1.93504e-11 0.0284237 0.000427838 4.74832e-07 0.91686 2.29682e-07 4.19363e-06 9.26083e-05 1.71074e-10 0.0110955 0.0377211 4.54485e-05 5.77828e-11 
6.19795e-11 1.54528e-10 4.05166e-07 4.65229e-11 2.32816e-11 1.40213e-07 6.35439e-11 1.79545e-05 7.5761e-08 0.988369 1.10076e-10 1.07131e-05 0.00230667 1.78361e-07 6.22744e-08 4.49854e-11 0.00929465 
0.00587598 0.270625 0.0996138 0.000817081 9.77094e-08 5.12855e-06 9.71762e-05 3.75071e-07 0.000230892 0.152565 0.00124933 1.10196e-06 0.323261 0.101646 0.000145243 1.88797e-07 0.043867 
5.27292e-06 1.22853e-09 3.22116e-06 6.547e-06 1.85094e-10 3.12054e-06 2.48557e-05 7.10508e-10 1.87755e-06 0.938905 0.0390813 2.08748e-09 1.63639e-09 0.0219685 2.74899e-10 3.57643e-10 5.53267e-07 
0.0145018 9.19324e-07 4.41892e-05 0.244455 8.56044e-11 8.37563e-07 0.060459 0.000101639 0.254864 0.000153641 0.205548 1.64436e-07 7.56818e-10 0.217799 0.00199803 2.50152e-06 7.11627e-05 
1.12363e-05 1.8838e-08 3.29063e-08 2.82658e-05 2.83818e-09 5.6957e-09 0.999747 1.08947e-08 5.33056e-06 1.20798e-05 1.72186e-05 3.20089e-08 2.5092e-08 0.000179031 4.21524e-09 5.48401e-09 8.47518e-09 
6.76245e-06 1.38791e-05 0.000751828 0.141855 2.85717e-14 0.0063855 0.00757948 2.41333e-05 0.157296 5.74191e-06 0.0138483 2.41277e-05 2.52599e-13 0.00762176 0.661329 2.28012e-05 0.00323529 
5.59095e-05 4.85391e-13 7.20214e-06 0.0263848 7.31303e-14 0.00905697 0.000290236 3.62157e-09 0.235638 7.40096e-06 2.99327e-07 0.000115547 6.46537e-13 0.0102738 0.718145 2.20711e-05 2.52579e-06 
4.46746e-06 5.49531e-06 8.45009e-06 0.042225 3.58547e-06 0.00170128 0.0407178 7.7359e-05 0.0013132 0.895172 0.0166745 0.000253842 0.0011331 0.00055421 2.52791e-05 1.1955e-05 0.000118824 
5.77023e-07 3.87286e-07 1.54491e-07 5.24923e-06 5.77001e-11 0.000189586 7.67812e-07 3.8621e-07 7.90287e-07 0.00010846 2.72807e-10 2.29448e-06 0.999566 3.96646e-06 2.88333e-05 1.11428e-07 9.2712e-05 
1.86431e-05 4.10697e-09 2.42648e-06 0.0871701 2.23907e-13 0.00777609 0.0545109 2.50617e-09 0.395894 2.47102e-06 0.0144654 3.85351e-05 1.97954e-12 0.0047969 0.435316 7.36109e-06 1.74742e-06 
6.19027e-05 0.00746231 1.91286e-06 0.0002511 4.68171e-08 0.000170835 0.000479396 1.79714e-07 3.44801e-05 0.753838 2.21352e-07 0.0116599 1.0861e-05 0.145258 0.0806257 1.85849e-05 0.000126465 
0.000361796 9.31205e-08 0.000433193 0.00304278 1.40298e-08 0.232858 0.00479902 0.000466923 0.0032691 0.744642 0.000520773 1.58228e-07 0.00031339 0.00646524 0.00231758 2.71087e-08 0.000509907 
1.79771e-05 0.00057259 0.843181 0.0512009 3.72769e-07 0.00021751 0.000448199 2.48713e-05 0.0181317 0.00239023 0.000676212 4.20407e-06 3.2956e-06 4.51326e-05 0.082387 1.3865e-05 0.000684807 
3.72184e-05 6.82377e-05 4.76603e-08 0.000533117 4.11072e-09 4.95049e-05 0.204369 1.57796e-08 0.132302 0.0588385 0.00112729 4.63606e-08 3.63424e-08 0.602537 0.000131879 6.36221e-06 1.22751e-08 
0.0769447 2.4085e-06 0.266603 1.81918e-09 9.10379e-10 3.83109e-06 1.14983e-05 2.97184e-06 0.0269126 0.153685 3.65173e-07 1.02672e-08 7.97518e-07 0.445049 0.030782 1.75906e-09 1.03445e-06 
0.000363116 0.000123086 0.000304243 0.000122607 2.64978e-07 0.0221068 0.00445255 0.061049 0.000750163 0.88825 0.0169074 2.98841e-06 9.102e-05 0.00492617 0.000409765 0.000139933 7.91259e-07 
3.7343e-06 3.96442e-05 2.64996e-05 1.01712e-05 5.19337e-10 1.04221e-09 0.0270577 1.99355e-09 1.66981e-05 0.753605 1.30163e-05 1.05486e-05 4.5914e-09 2.07997e-06 0.219211 3.31247e-06 1.55081e-09 
8.31903e-05 1.5012e-06 1.25931e-08 0.00524416 1.93504e-11 0.0284237 0.000427838 4.74832e-07 0.91686 2.29682e-07 4.19363e-06 9.26083e-05 1.71074e-10 0.0110955 0.0377211 4.54485e-05 5.77828e-11 
0.0112351 6.00087e-07 7.33872e-07 0.760597 3.01269e-11 6.65111e-07 0.00316153 0.00130875 0.088519 0.00700539 1.33909e-06 3.29611e-06 2.66348e-10 0.128128 3.75136e-05 1.33945e-07 1.46648e-06 
0.000252354 3.00085e-08 0.000125243 0.00171135 4.52116e-09 0.0254446 0.00682915 0.000150172 0.00175524 0.655581 3.40993e-05 5.37704e-07 0.300612 0.00147621 0.00589638 4.26204e-08 0.000130917 
0.000113366 1.57387e-12 4.18375e-05 0.0119792 2.37124e-13 0.908864 0.0218166 0.000146834 0.0433135 0.0021903 0.000148295 2.67428e-12 2.8715e-05 0.0101087 0.00124264 4.58177e-13 5.9591e-06 
0.000380993 1.03212e-05 4.95359e-07 0.00012214 1.17525e-10 0.324628 0.0587727 0.00336454 0.0113642 0.572255 5.94572e-07 1.32545e-09 3.58409e-07 0.0261492 0.00276834 2.27086e-10 0.000182703 
0.652237 9.64645e-07 0.000651044 0.0751649 1.45336e-07 0.0303826 0.0104084 3.35351e-05 0.0155601 0.000196647 0.0258845 0.000154106 1.2849e-06 0.00952793 0.0918577 2.09981e-05 0.0879178 
0.16762 3.11459e-05 5.80002e-07 0.000261401 5.00254e-08 1.00392e-07 0.167431 0.494756 0.00326852 0.134456 0.0320959 5.64186e-07 4.42269e-07 5.20786e-05 2.5984e-05 9.66605e-08 1.49383e-07 
0.000237903 7.60343e-08 1.32817e-07 0.000272428 1.14555e-08 0.000767861 0.000450265 8.83871e-06 0.000186359 0.458034 5.4162e-08 1.29195e-07 1.01277e-07 0.539648 0.000301159 6.86395e-05 2.39796e-05 
2.94739e-10 0.000188396 1.41757e-05 0.406457 1.10714e-10 4.31098e-06 0.427509 2.34089e-07 0.00718462 0.00579334 1.19386e-06 7.4148e-07 2.64739e-07 0.0362911 0.116552 4.67149e-07 3.1897e-06 
4.49311e-05 5.22959e-11 1.7336e-05 1.35519e-05 7.87904e-12 0.138965 1.26254e-10 1.17968e-05 0.00307678 0.067445 3.72522e-11 0.000191053 0.783891 0.000635948 0.00461556 2.68887e-08 0.00109221 
1.88551e-07 1.24087e-07 2.1512e-07 0.000458034 2.54206e-09 0.0103248 2.27215e-07 0.0147496 3.20416e-08 0.172258 1.20189e-08 3.85832e-07 0.8016 4.89463e-06 6.29929e-07 4.96344e-08 0.000603652 
1.01546e-10 6.83826e-07 4.42249e-10 0.0585101 3.81441e-11 7.65482e-11 1.54092e-06 1.46422e-10 0.748317 3.58721e-07 0.181135 4.30188e-10 3.37228e-10 0.0120355 1.75675e-07 7.37031e-11 1.13903e-10 
0.0129566 3.47917e-08 6.07743e-08 1.04745e-08 5.24181e-09 0.785174 1.43068e-08 0.000699731 6.53951e-06 0.127589 2.47834e-08 2.98447e-06 5.64385e-05 0.00578085 0.0677304 1.10364e-06 2.09289e-06 
6.00473e-05 5.1094e-09 0.000750614 0.00448678 7.69795e-10 0.000902802 0.00218068 3.81219e-05 0.00168288 0.00538111 0.948402 0.000176248 6.80567e-09 0.000708215 0.00861965 2.39489e-05 0.0265874 
0.00278464 0.000107173 1.14013e-05 0.000198742 1.49882e-09 0.255475 0.0589276 0.00055332 0.0104774 0.669075 1.36959e-05 1.69037e-08 8.24867e-06 4.84994e-05 0.00231716 2.89606e-09 2.18467e-06 
6.57061e-10 1.63819e-09 2.8616e-09 0.0646729 2.46815e-10 8.82594e-07 0.275015 7.04506e-05 0.00284254 4.64141e-06 0.648445 2.78357e-09 2.18206e-09 0.00894742 1.59615e-06 4.76902e-10 7.37021e-10 
0.0769447 2.4085e-06 0.266603 1.81918e-09 9.10379e-10 3.83109e-06 1.14983e-05 2.97184e-06 0.0269126 0.153685 3.65173e-07 1.02672e-08 7.97518e-07 0.445049 0.030782 1.75906e-09 1.03445e-06 
5.69696e-08 1.42037e-07 2.48112e-07 4.27624e-08 2.13997e-08 4.29453e-08 5.84075e-08 4.1155e-05 6.96372e-05 0.0043364 1.01178e-07 0.99456 0.000662363 0.000163944 3.17827e-08 4.13491e-08 0.00016621 
1.66759e-06 4.15765e-06 7.26261e-06 1.25172e-06 6.26403e-07 1.25707e-06 1.70968e-06 2.40454e-06 4.77947e-05 0.999876 2.96165e-06 7.06456e-06 5.53796e-06 3.59605e-05 9.30329e-07 1.21035e-06 1.87052e-06 
0.000138707 0.000476258 5.29858e-08 0.00140636 4.57005e-09 0.00012107 0.00114007 1.75428e-08 0.00126762 0.0560245 0.000540205 0.00014952 4.04033e-08 0.000629339 0.938106 8.83038e-09 1.36468e-08 
0.0769447 2.4085e-06 0.266603 1.81918e-09 9.10379e-10 3.83109e-06 1.14983e-05 2.97184e-06 0.0269126 0.153685 3.65173e-07 1.02672e-08 7.97518e-07 0.445049 0.030782 1.75906e-09 1.03445e-06 
8.4279e-10 2.10126e-09 3.67048e-09 6.32613e-10 3.16581e-10 0.0318754 8.64062e-10 1.21524e-09 1.33092e-06 0.967765 3.75053e-07 3.57039e-09 5.62912e-06 0.000351707 7.53796e-07 6.11706e-10 9.45351e-10 
6.70431e-08 1.67153e-07 2.78506e-05 5.03237e-08 2.51837e-08 0.0311114 0.000232413 3.6999e-05 0.000534846 0.956197 1.19069e-07 2.11339e-05 0.00991893 0.00179387 3.74026e-08 4.23319e-06 0.000120423 
8.90681e-11 2.01695e-13 3.52321e-13 2.43499e-11 3.03878e-14 3.66745e-05 8.29393e-14 1.16648e-13 2.09383e-10 6.478e-05 1.43674e-13 1.43974e-09 0.999705 3.80144e-07 1.82337e-09 1.35105e-10 0.000193471 
0.00026232 6.2722e-06 4.93921e-08 2.14846e-07 2.20135e-08 0.708089 0.000162877 4.3064e-05 0.164147 0.0380283 0.000551705 6.76071e-08 4.50801e-05 0.0813696 0.00717986 2.49143e-05 8.88478e-05 
1.0977e-05 9.3403e-10 0.000137217 0.000820212 1.40723e-10 0.000165038 0.000398642 6.96892e-06 0.184893 1.63677e-06 0.806965 3.22192e-05 1.24412e-09 0.000129466 0.00157573 4.37801e-06 0.00486034 
1.82543e-10 4.55118e-10 7.95003e-10 1.3702e-10 6.85694e-11 0.147002 2.30436e-06 7.31915e-07 0.000441155 0.383107 9.62379e-07 1.07495e-06 0.291128 0.0466102 0.128803 1.32492e-10 0.00290273 
0.0769447 2.4085e-06 0.266603 1.81918e-09 9.10379e-10 3.83109e-06 1.14983e-05 2.97184e-06 0.0269126 0.153685 3.65173e-07 1.02672e-08 7.97518e-07 0.445049 0.030782 1.75906e-09 1.03445e-06 
5.48691e-07 5.02223e-07 8.82369e-08 6.22181e-06 4.86867e-11 0.000377085 1.21336e-05 5.00901e-07 4.85499e-09 0.648981 6.62253e-07 1.89394e-06 0.333612 1.96492e-05 0.0118923 4.758e-08 0.00509502 
0.00122295 0.000374566 0.000530978 0.43743 5.85241e-05 0.111977 0.00400475 0.000141823 0.0509576 0.000719092 0.00107668 0.000116034 0.0350329 0.0721385 0.233199 8.5374e-05 0.0509342 
1.62496e-10 4.05137e-10 7.07696e-10 0.0783363 6.10391e-11 1.22494e-10 0.00560962 2.34307e-10 0.610324 8.15667e-07 0.0175396 6.88397e-10 5.39639e-10 0.247383 0.0408062 1.17941e-10 1.27772e-07 
1.13861e-06 1.6071e-06 9.35552e-10 1.61244e-10 8.06917e-11 0.000203351 0.007469 6.81679e-07 0.00515786 0.593361 0.00699696 0.00534531 0.334508 0.0468592 3.07104e-05 1.90264e-07 6.57502e-05 
8.64009e-07 2.15416e-06 3.7629e-06 6.4854e-07 3.24551e-07 6.51314e-07 8.85817e-07 1.24584e-06 0.000414253 0.957472 1.53449e-06 3.66028e-06 2.86932e-06 0.0419718 4.82021e-07 6.27107e-07 0.000122101 
0.000147561 2.85726e-09 3.23564e-05 0.423083 4.30483e-10 0.00782824 0.396913 5.98557e-06 0.0631974 1.39668e-08 0.004793 1.7787e-06 0.00140829 0.023849 0.0698644 0.000507641 0.00836861 
6.58888e-05 5.60645e-09 0.000823636 0.00492327 8.44683e-10 0.000990629 0.00239282 4.18305e-05 0.0018466 9.82461e-06 0.00345734 0.000193393 7.46774e-09 0.000777112 0.955278 2.62787e-05 0.0291739 
2.60273e-08 6.48917e-08 1.13353e-07 1.95366e-08 9.77675e-09 8.99608e-07 2.66843e-08 3.75294e-08 2.97244e-05 0.999942 4.62247e-08 1.10262e-07 8.64351e-08 2.58559e-05 8.1635e-07 1.88909e-08 2.91947e-08 
0.0507159 2.9061e-06 4.12519e-07 0.455003 6.33325e-10 0.00470517 0.382825 2.51562e-07 0.0103217 0.00296861 0.00230645 0.000702538 1.09415e-06 0.0364514 0.0539946 5.98651e-07 8.11883e-07 
5.09614e-05 7.5685e-05 0.00193992 0.0826062 4.33515e-10 0.0632821 0.00766742 5.02177e-05 0.0288139 1.62736e-05 0.00994075 5.86564e-05 3.83266e-09 0.000942821 0.795677 2.95876e-05 0.00884816 
0.0769447 2.4085e-06 0.266603 1.81918e-09 9.10379e-10 3.83109e-06 1.14983e-05 2.97184e-06 0.0269126 0.153685 3.65173e-07 1.02672e-08 7.97518e-07 0.445049 0.030782 1.75906e-09 1.03445e-06 
0.00162892 1.3492e-07 2.38037e-05 0.00639357 2.03274e-08 0.00090157 0.000177594 7.80297e-08 0.00279064 0.00135799 0.000605582 0.00245323 1.79713e-07 0.982927 0.00073969 3.92772e-08 6.07004e-08 
2.99592e-06 7.46945e-06 1.30477e-05 0.997698 1.12537e-06 2.2584e-06 3.07153e-06 4.31988e-06 0.000529631 2.78436e-06 5.32076e-06 1.26919e-05 9.94925e-06 0.00104516 0.000656658 2.17447e-06 3.3605e-06 
7.52272e-07 0.00131407 1.23627e-05 5.64668e-07 2.82579e-07 0.000151412 8.18793e-07 1.32519e-05 1.78012e-06 0.711318 1.33604e-06 1.00614e-05 0.287122 1.04941e-05 4.19684e-07 1.9257e-06 4.05242e-05 
0.00249998 7.17003e-11 0.00747385 0.156272 1.08026e-11 0.278222 0.0150184 4.14009e-05 0.0372948 0.0975185 0.0103801 7.94576e-05 5.48252e-06 0.00191311 0.286875 2.7269e-08 0.106406 
0.000308844 3.28451e-12 4.82523e-07 0.101241 4.94854e-13 5.80356e-07 0.00785162 0.000125006 0.0612321 2.30286e-05 2.02547e-06 1.13299e-07 4.37494e-12 0.011974 0.678784 1.53953e-08 0.138457 
7.96558e-06 1.65485e-09 2.89071e-09 4.73356e-06 2.49325e-10 2.75242e-06 1.90606e-06 9.57068e-10 0.024936 0.000204432 0.745438 2.81188e-09 2.20425e-09 0.194092 6.59163e-06 0.0353054 7.44516e-10 
2.00797e-06 1.99061e-05 8.74504e-06 0.000387768 7.54263e-07 0.00219438 3.11619e-05 2.25532e-05 0.84863 1.1586e-05 0.003289 5.83499e-05 6.66835e-06 0.000224399 0.145081 1.8401e-05 1.39833e-05 
9.30373e-05 1.75715e-08 3.06941e-08 0.142297 2.64737e-09 5.31279e-09 6.51029e-06 1.01623e-08 0.118328 2.81719e-05 0.739193 2.9857e-08 2.34051e-08 8.98973e-06 3.46043e-05 1.12588e-05 7.90541e-09 
3.57199e-07 8.90573e-07 1.55566e-06 1.07249e-06 1.34176e-07 2.69266e-07 3.66215e-07 3.1679e-06 0.0050353 0.000161355 6.34387e-07 1.51323e-06 2.67366e-05 0.963461 0.0312938 2.59259e-07 1.20324e-05 
0.000174344 0.000929221 1.3089e-07 0.000187263 1.12894e-08 0.0107161 0.000875112 0.00116577 0.00580617 0.965593 5.33763e-08 0.00693914 4.00229e-05 0.0041372 0.00218642 3.27422e-05 0.00121702 
0.00347343 2.24841e-07 3.92754e-07 0.0494084 3.38752e-08 0.0121747 9.24575e-08 0.0220557 0.0524424 0.839713 1.60163e-07 3.82043e-07 2.99487e-07 0.0129017 0.00782876 6.54545e-08 1.01156e-07 
1.61599e-05 1.63111e-08 1.42456e-07 0.0938571 1.50544e-08 0.00908392 0.000720557 6.07419e-06 0.12132 1.10141e-06 0.00327965 2.42096e-05 2.49129e-08 0.00563785 0.762681 0.00013286 0.00323971 
1.88551e-07 1.24087e-07 2.1512e-07 0.000458034 2.54206e-09 0.0103248 2.27215e-07 0.0147496 3.20416e-08 0.172258 1.20189e-08 3.85832e-07 0.8016 4.89463e-06 6.29929e-07 4.96344e-08 0.000603652 
0.0514233 0.000124498 1.63503e-08 5.41082e-05 1.41022e-09 0.000127355 0.0148363 7.03788e-05 0.280061 0.0110546 6.66754e-09 2.86438e-05 1.24676e-08 0.642148 2.09444e-09 7.19389e-05 4.21109e-09 
1.01546e-10 6.83826e-07 4.42249e-10 0.0585101 3.81441e-11 7.65482e-11 1.54092e-06 1.46422e-10 0.748317 3.58721e-07 0.181135 4.30188e-10 3.37228e-10 0.0120355 1.75675e-07 7.37031e-11 1.13903e-10 
1.89032e-05 6.07987e-11 2.94262e-06 0.407518 9.1601e-12 0.00302145 9.83234e-05 2.82516e-08 0.346443 2.65826e-06 2.33234e-06 3.9309e-05 8.09834e-11 0.00342623 0.239399 7.53501e-06 1.96805e-05 
5.53123e-09 1.37905e-08 2.40894e-08 4.15184e-09 2.07772e-09 0.000275901 5.67084e-09 7.97561e-09 5.06225e-05 0.895809 1.0929e-05 2.34324e-08 0.000162903 0.000125816 0.103552 1.30936e-05 6.20434e-09 
5.8992e-05 1.88094e-08 2.35544e-05 0.0433511 4.4072e-14 0.00811163 0.000222013 8.30673e-09 0.307621 2.75153e-05 2.39005e-07 3.43009e-09 3.89635e-13 0.00242469 0.638114 4.51888e-05 1.31605e-13 
5.89696e-05 7.17693e-07 1.25367e-06 2.99384e-06 1.0813e-07 2.16996e-07 0.00015531 4.1507e-07 0.000218186 0.999518 5.11239e-07 1.21948e-06 9.55961e-07 2.49863e-05 7.23906e-06 3.29315e-06 5.65989e-06 
7.15283e-09 1.78335e-08 3.25978e-06 5.36903e-09 2.68685e-09 5.3604e-05 0.000261395 4.3336e-06 5.7018e-07 0.997637 0.000334499 2.47296e-06 0.00116205 0.000320746 3.99048e-09 2.03936e-05 0.000199644 
0.0769447 2.4085e-06 0.266603 1.81918e-09 9.10379e-10 3.83109e-06 1.14983e-05 2.97184e-06 0.0269126 0.153685 3.65173e-07 1.02672e-08 7.97518e-07 0.445049 0.030782 1.75906e-09 1.03445e-06 
1.78656e-06 1.14183e-09 5.58675e-06 0.292735 1.72031e-10 0.000164677 2.86463e-06 1.9877e-07 0.388536 5.27367e-05 8.13366e-10 1.94016e-09 3.04196e-05 1.55739e-05 0.318452 3.32403e-10 3.44235e-06 
8.20938e-05 2.11411e-07 4.87609e-05 0.228554 3.18517e-08 7.44575e-05 5.03273e-06 1.22267e-07 1.10564e-05 0.754624 1.50595e-07 3.59222e-07 2.81597e-07 0.0165832 1.6195e-05 6.15447e-08 9.51133e-08 
0.0769447 2.4085e-06 0.266603 1.81918e-09 9.10379e-10 3.83109e-06 1.14983e-05 2.97184e-06 0.0269126 0.153685 3.65173e-07 1.02672e-08 7.97518e-07 0.445049 0.030782 1.75906e-09 1.03445e-06 
0.401201 0.487896 0.000257901 0.0212289 2.69612e-08 5.41061e-08 0.000358263 1.03494e-07 6.15891e-05 0.000389563 0.00440792 6.44017e-05 2.38361e-07 0.0808399 4.74369e-05 4.60159e-06 0.00324161 
1.40042e-09 3.49155e-09 2.74519e-05 1.05118e-09 5.26046e-10 0.000455631 1.45012e-07 3.67533e-05 4.83274e-06 0.00161039 2.48716e-09 2.07705e-05 0.997689 3.09551e-05 7.81279e-10 4.16842e-06 0.000119857 
3.89464e-06 5.75557e-05 6.05715e-09 0.0616003 5.22431e-10 0.110468 8.99325e-05 3.04539e-07 0.288837 0.0269496 0.35172 7.72978e-07 4.61875e-09 0.0128071 0.147464 2.6177e-07 1.82099e-07 
0.000138707 0.000476258 5.29858e-08 0.00140636 4.57005e-09 0.00012107 0.00114007 1.75428e-08 0.00126762 0.0560245 0.000540205 0.00014952 4.04033e-08 0.000629339 0.938106 8.83038e-09 1.36468e-08 
1.88551e-07 1.24087e-07 2.1512e-07 0.000458034 2.54206e-09 0.0103248 2.27215e-07 0.0147496 3.20416e-08 0.172258 1.20189e-08 3.85832e-07 0.8016 4.89463e-06 6.29929e-07 4.96344e-08 0.000603652 
9.07695e-05 0.000736145 2.9297e-06 0.922951 2.52688e-07 0.000257472 6.89676e-07 0.000249766 1.41202e-05 0.0602626 0.00029915 0.00178102 0.000100065 0.0132522 3.7529e-07 4.88251e-07 7.54559e-07 
0.401201 0.487896 0.000257901 0.0212289 2.69612e-08 5.41061e-08 0.000358263 1.03494e-07 6.15891e-05 0.000389563 0.00440792 6.44017e-05 2.38361e-07 0.0808399 4.74369e-05 4.60159e-06 0.00324161 
0.0294628 7.12047e-05 1.417e-05 0.000581131 2.83453e-06 0.690364 0.00160653 5.09465e-05 0.0698115 0.000658309 0.196471 2.79317e-05 5.16375e-06 0.0100645 0.000776643 2.53482e-05 6.28432e-06 
3.8685e-07 7.82146e-06 2.05228e-06 0.44595 4.01966e-11 0.00105726 5.87899e-07 3.97179e-07 0.142606 1.96407e-07 0.000212856 1.00712e-06 3.55373e-10 0.0242993 0.385861 3.42282e-07 2.37047e-07 
5.28835e-09 1.74096e-07 6.76897e-06 0.0398931 1.98648e-09 3.32818e-05 0.0359474 7.6254e-09 0.796169 4.91492e-09 9.39214e-09 2.24035e-08 1.75623e-08 0.127949 2.95031e-09 3.83834e-09 7.2987e-07 
0.0769447 2.4085e-06 0.266603 1.81918e-09 9.10379e-10 3.83109e-06 1.14983e-05 2.97184e-06 0.0269126 0.153685 3.65173e-07 1.02672e-08 7.97518e-07 0.445049 0.030782 1.75906e-09 1.03445e-06 
1.57684e-06 3.93139e-06 1.31357e-05 0.000178362 5.92313e-07 0.985546 1.61664e-06 0.000606198 1.38289e-05 0.012519 1.81376e-05 6.6801e-06 0.000626609 0.00046083 8.79699e-07 1.14448e-06 1.76873e-06 
0.00142742 5.11237e-06 8.93031e-06 0.000133748 7.70243e-07 1.54573e-06 2.10227e-06 2.95669e-06 0.171372 7.16279e-05 3.64172e-06 0.00100358 6.80963e-06 0.825955 1.14396e-06 1.48828e-06 2.30005e-06 
3.89464e-06 5.75557e-05 6.05715e-09 0.0616003 5.22431e-10 0.110468 8.99325e-05 3.04539e-07 0.288837 0.0269496 0.35172 7.72978e-07 4.61875e-09 0.0128071 0.147464 2.6177e-07 1.82099e-07 
0.0537544 1.02959e-09 1.79849e-09 6.19974e-06 1.5512e-10 7.78554e-07 2.5407e-06 5.95451e-10 0.138605 3.12414e-05 7.40749e-08 2.34442e-05 1.3714e-09 0.807574 2.81091e-06 2.99728e-10 4.6321e-10 
1.39474e-08 0.0115585 6.07429e-08 1.04691e-08 5.2391e-09 1.05139e-08 3.26121e-06 2.0111e-08 0.00976616 0.927035 0.0497912 5.90864e-08 4.63183e-08 1.3555e-06 0.00184393 1.01231e-08 1.56446e-08 
1.82537e-06 2.98416e-11 5.7295e-05 0.0109954 4.49601e-12 0.000447489 0.00190979 6.34839e-07 0.00582636 8.75654e-08 0.00230466 4.0282e-06 3.97487e-11 0.021724 0.698823 4.63053e-07 0.257905 
2.32234e-07 5.79009e-07 0.0097119 0.00093779 8.7235e-08 0.00194555 2.38096e-07 3.34864e-07 0.0220475 0.00272072 0.000406362 9.83834e-07 7.71235e-07 7.24037e-05 0.962154 1.68558e-07 2.60495e-07 
0.000236 8.09911e-08 3.45521e-05 0.0861009 1.22023e-08 2.44878e-08 0.135922 4.68404e-08 7.32526e-05 0.119764 0.208647 1.37618e-07 7.55876e-06 0.119237 0.329924 1.45725e-06 5.23842e-05 
0.000969248 3.06741e-06 3.16455e-09 0.0576202 2.72944e-10 8.02384e-07 0.00047633 1.04773e-09 0.21048 6.75313e-10 0.0161402 3.07826e-09 2.41307e-09 0.714308 9.31366e-07 3.05091e-07 4.93392e-07 
8.27699e-07 0.03098 3.16179e-10 0.632773 2.72706e-11 0.0193624 0.196615 1.04682e-10 0.0945598 2.22726e-07 3.22353e-06 8.92223e-07 2.41096e-10 3.75542e-06 0.0257006 5.2693e-11 8.14336e-11 
1.57352e-05 9.33852e-09 1.63126e-08 0.0299514 1.40697e-09 2.7391e-05 0.000986143 5.40084e-09 1.88496e-05 0.0156113 6.65217e-09 1.58677e-08 1.24388e-08 0.953373 4.18132e-06 2.71858e-09 1.21882e-05 
0.0769447 2.4085e-06 0.266603 1.81918e-09 9.10379e-10 3.83109e-06 1.14983e-05 2.97184e-06 0.0269126 0.153685 3.65173e-07 1.02672e-08 7.97518e-07 0.445049 0.030782 1.75906e-09 1.03445e-06 
1.57352e-05 9.33852e-09 1.63126e-08 0.0299514 1.40697e-09 2.7391e-05 0.000986143 5.40084e-09 1.88496e-05 0.0156113 6.65217e-09 1.58677e-08 1.24388e-08 0.953373 4.18132e-06 2.71858e-09 1.21882e-05 
1.88551e-07 1.24087e-07 2.1512e-07 0.000458034 2.54206e-09 0.0103248 2.27215e-07 0.0147496 3.20416e-08 0.172258 1.20189e-08 3.85832e-07 0.8016 4.89463e-06 6.29929e-07 4.96344e-08 0.000603652 
0.0769447 2.4085e-06 0.266603 1.81918e-09 9.10379e-10 3.83109e-06 1.14983e-05 2.97184e-06 0.0269126 0.153685 3.65173e-07 1.02672e-08 7.97518e-07 0.445049 0.030782 1.75906e-09 1.03445e-06 
0.000375988 5.96699e-07 1.04232e-06 0.00145567 8.99003e-08 0.000689072 0.0020358 0.00021439 0.00184201 0.988499 0.000989072 0.000165352 0.00154671 0.00109219 0.00109226 1.73708e-07 2.68454e-07 
0.0769447 2.4085e-06 0.266603 1.81918e-09 9.10379e-10 3.83109e-06 1.14983e-05 2.97184e-06 0.0269126 0.153685 3.65173e-07 1.02672e-08 7.97518e-07 0.445049 0.030782 1.75906e-09 1.03445e-06 
0.00014105 4.11574e-08 0.000151162 0.00111821 1.05082e-12 0.122454 0.00263851 6.4947e-08 0.0593133 0.00819513 5.47013e-09 2.84546e-08 9.29019e-12 0.802431 0.00355722 2.03043e-12 2.00857e-08 
9.12573e-05 1.56385e-09 0.000160843 0.161491 7.85117e-14 0.00101294 0.0106758 1.51673e-05 0.0277369 1.58902e-05 0.00302106 0.000174381 6.94113e-13 0.0143451 0.737057 2.44256e-09 0.0442027 
0.000120383 0.00022013 0.0124042 3.01106e-08 1.50683e-08 3.02394e-08 0.00105289 0.000271915 0.000927628 0.981422 7.12435e-08 1.6994e-07 1.33218e-07 0.0013038 0.00218202 2.91155e-08 9.45365e-05 
0.987833 2.09324e-05 3.65648e-05 0.00170753 3.15373e-06 0.00249554 8.60765e-06 1.2106e-05 0.000430024 0.00283958 1.49109e-05 3.55676e-05 2.78817e-05 0.00266768 0.00102627 6.09372e-06 0.000834387 
0.0769447 2.4085e-06 0.266603 1.81918e-09 9.10379e-10 3.83109e-06 1.14983e-05 2.97184e-06 0.0269126 0.153685 3.65173e-07 1.02672e-08 7.97518e-07 0.445049 0.030782 1.75906e-09 1.03445e-06 
0.000358857 0.00230805 3.60766e-06 0.000146191 3.11162e-07 6.24445e-07 0.000627918 1.19444e-06 0.000314778 0.925534 1.47118e-06 0.0143335 2.75095e-06 0.00164261 0.0547223 6.01236e-07 9.29171e-07 
9.07695e-05 0.000736145 2.9297e-06 0.922951 2.52688e-07 0.000257472 6.89676e-07 0.000249766 1.41202e-05 0.0602626 0.00029915 0.00178102 0.000100065 0.0132522 3.7529e-07 4.88251e-07 7.54559e-07 
2.91336e-08 7.26362e-08 0.000355395 2.18682e-08 1.09436e-08 0.0074121 2.98689e-08 0.000323507 0.000878254 0.98149 5.17414e-08 0.000395071 0.00597929 0.000183863 0.00204793 2.11455e-08 0.000934649 
1.46044e-07 3.64119e-07 8.43555e-05 1.09623e-07 5.48591e-08 0.000177554 1.4973e-07 5.44042e-06 0.00286689 0.995843 0.000278599 1.29109e-05 4.26424e-05 0.000265589 7.43425e-05 1.06e-07 0.000348009 
2.57362e-06 7.86169e-06 8.98708e-05 0.874868 1.07567e-07 2.94063e-05 6.05136e-05 3.56953e-06 0.0494692 1.46783e-06 0.0503984 1.21313e-06 9.50985e-07 0.0146842 0.0103805 1.97798e-06 3.21208e-07 
7.15283e-09 1.78335e-08 3.25978e-06 5.36903e-09 2.68685e-09 5.3604e-05 0.000261395 4.3336e-06 5.7018e-07 0.997637 0.000334499 2.47296e-06 0.00116205 0.000320746 3.99048e-09 2.03936e-05 0.000199644 
1.96709e-09 4.90437e-09 8.56698e-09 9.15598e-06 7.38905e-10 1.48285e-09 4.03368e-05 1.98831e-06 3.4415e-06 0.99985 3.77341e-05 4.50086e-05 6.53258e-09 1.18355e-05 1.09742e-09 1.42773e-09 2.20647e-09 
9.82182e-05 5.62805e-05 0.000231172 0.0656582 9.78672e-08 7.5965e-05 0.000156578 8.5692e-06 0.00378763 0.00062404 0.902547 1.10374e-06 8.65233e-07 0.00194961 0.0247796 4.7838e-06 2.06588e-05 
1.52508e-07 1.29769e-11 1.90641e-06 0.0649659 1.95513e-12 2.29294e-06 5.53849e-06 9.6822e-08 0.890317 0.000593547 0.0440217 4.47634e-07 1.72851e-11 1.79873e-06 2.18922e-05 6.08255e-08 6.75267e-05 
3.63974e-10 9.07464e-10 1.58516e-09 2.73205e-10 1.36721e-10 1.39958e-06 3.7316e-10 0.000736482 8.94259e-05 0.991862 6.46419e-10 6.29125e-05 4.23178e-06 0.00649505 3.61462e-06 2.64176e-10 0.000744392 
2.50865e-06 0.00188263 0.0120291 1.88304e-06 9.42335e-07 1.89109e-06 2.57197e-06 0.00434438 0.0186363 0.918617 4.45538e-06 1.06276e-05 8.33107e-06 0.0377335 0.00671925 1.8208e-06 2.81394e-06 
8.68997e-07 0.00102286 3.78462e-06 6.52284e-07 3.26425e-07 6.55074e-07 0.941142 1.25303e-06 0.000670729 0.0556019 0.000569491 3.68141e-06 2.88589e-06 0.000307441 0.000669508 6.30727e-07 9.74748e-07 
0.000282591 0.00150616 2.12158e-07 0.000303531 1.82987e-08 0.0173696 0.00141845 0.00188958 0.950518 0.00312397 8.65165e-08 0.0112475 6.48724e-05 0.00670591 0.00354392 5.30711e-05 0.00197264 
2.71876e-09 6.77845e-09 1.18406e-08 0.0808581 1.02126e-09 2.04948e-09 2.78738e-09 3.92025e-09 1.81775e-05 0.184827 0.734264 1.15177e-08 9.02883e-09 6.31264e-06 2.60899e-05 1.9733e-09 3.04961e-09 
2.527e-06 2.96585e-06 3.23596e-09 0.646964 2.79103e-10 0.030002 7.25215e-05 1.07138e-09 0.20658 1.5199e-06 0.116363 3.14772e-09 2.46752e-09 3.03714e-06 8.16649e-06 5.39291e-10 8.33439e-10 
1.59527e-12 3.97735e-12 0.000165771 1.19744e-12 5.99238e-13 0.0336853 1.65189e-10 4.19088e-05 0.000176721 0.914842 2.83321e-12 1.89519e-05 0.0393951 3.5262e-08 3.26634e-08 4.74839e-09 0.0116737 
7.15283e-09 1.78335e-08 3.25978e-06 5.36903e-09 2.68685e-09 5.3604e-05 0.000261395 4.3336e-06 5.7018e-07 0.997637 0.000334499 2.47296e-06 0.00116205 0.000320746 3.99048e-09 2.03936e-05 0.000199644 
4.12617e-10 1.02874e-09 8.08838e-06 3.09718e-10 1.54993e-10 0.000134246 4.27262e-08 1.08289e-05 1.42391e-06 0.996883 7.3281e-10 6.11977e-06 0.00291047 9.12054e-06 2.30194e-10 1.22817e-06 3.53144e-05 
0.00239883 0.000322383 0.00287297 0.109934 2.66432e-05 0.00787125 0.000453068 0.00175534 0.000352604 0.567643 0.0043125 0.000239213 0.18938 0.10589 0.00321983 0.0012217 0.00210552 
4.49311e-05 5.22959e-11 1.7336e-05 1.35519e-05 7.87904e-12 0.138965 1.26254e-10 1.17968e-05 0.00307678 0.067445 3.72522e-11 0.000191053 0.783891 0.000635948 0.00461556 2.68887e-08 0.00109221 
0.00450946 6.38772e-07 1.11581e-06 0.881844 9.62391e-08 1.93134e-07 0.00191776 0.0036577 0.00257863 0.0011908 0.00177504 0.0986623 8.50839e-07 0.00193525 1.42934e-07 1.85956e-07 0.00192575 
3.43998e-06 9.16639e-08 0.000377397 0.341478 8.11365e-12 0.00237627 0.00706545 2.11368e-06 0.0457412 9.05858e-06 0.007651 8.81327e-07 7.17318e-11 0.000440263 0.594802 3.89915e-05 1.37031e-05 
1.93243e-05 1.80086e-07 3.14574e-07 5.42173e-08 2.71322e-08 1.5804e-05 2.58853e-05 2.92657e-05 0.0885451 0.837631 0.0737225 3.05996e-07 2.39872e-07 9.9504e-06 4.02965e-08 5.24255e-08 8.10202e-08 
