0.0477417 0.00397178 0.000464391 0.0167052 0.484098 0.00817289 0.00974286 0.244356 0.048283 0.00592145 0.00143292 0.0032926 0.000961283 0.0468447 0.00579334 0.0720869 0.000130791 
0.0262811 6.48824e-12 1.39416e-07 4.33454e-07 0.4574 0.110581 0.00571436 0.127055 7.08292e-07 0.0653027 5.26935e-08 0.00140613 7.60607e-08 0.168237 0.033744 0.00427723 5.54911e-09 
0.0596801 0.0147748 5.35982e-08 0.00647424 0.35213 0.0148505 0.00525326 0.0697195 0.0759152 0.206841 0.0119214 0.0313271 6.93029e-07 0.0847086 0.0253925 0.0408495 0.000161174 
0.000411063 0.000127092 1.09969e-05 4.85844e-05 0.674361 0.0052518 0.0156625 3.7291e-06 0.000241567 0.00237935 5.89689e-06 0.264293 0.000119355 0.0292214 0.000152752 0.00770231 7.63561e-06 
0.172976 0.00214365 0.000332114 0.0757771 0.467403 0.0250605 0.0366091 0.0313191 0.0520025 0.00625172 0.00526526 0.00176068 0.00879469 0.0709294 0.00412209 0.0392363 1.66572e-05 
0.0121543 0.00645751 1.2856e-09 0.0393686 0.310099 0.00201246 0.0189474 0.00737546 0.113625 0.194216 0.0955574 0.00853651 2.42839e-06 0.0436685 0.0726867 0.0752913 9.72373e-07 
0.00972281 5.05701e-06 3.40722e-05 0.000125884 0.381855 0.000203215 2.44673e-06 0.21791 0.0141848 0.000269239 1.17937e-09 0.000244013 8.05398e-08 0.00845646 0.00851155 0.358438 3.65239e-05 
0.0394779 0.00127983 0.00110123 0.00508998 0.360048 0.00406779 0.00844706 0.0191849 0.309647 0.00236362 0.0198955 2.31452e-05 6.81483e-08 0.158312 0.00470305 0.0663559 3.06874e-06 
0.0159914 3.84949e-05 2.47121e-05 0.0492077 0.586189 0.00148453 0.0436857 0.0119269 0.0266817 0.00336165 0.0183907 0.0312054 0.0279891 0.178022 0.00122977 0.00456377 6.84279e-06 
0.067666 3.05342e-05 8.99924e-07 0.00312329 0.547537 0.000168384 0.0220009 0.0587135 0.0185225 0.10414 0.00415184 0.00145575 0.00166194 0.16151 0.0089384 0.000245864 0.00013238 
0.0425292 0.000484577 0.00042677 0.00281618 0.31066 0.0179144 0.00134865 0.090273 0.110133 0.0728431 0.00246015 0.0146684 3.61993e-06 0.0280352 0.161771 0.141951 0.00168127 
0.1149 0.0160933 0.00179814 0.0123538 0.442083 0.0101917 0.00631269 0.0268988 0.136786 0.0098385 0.00902612 0.000355568 0.00329799 0.0313907 0.108041 0.0151921 0.0554406 
0.0417645 0.0120032 0.00174323 0.0223552 0.282523 0.0126062 0.00554345 0.00712845 0.26401 0.0492506 0.00397872 0.00222422 1.5793e-05 0.205246 0.0808274 0.00851216 0.000268247 
0.137716 0.000171009 0.000169975 0.073908 0.296956 0.0393537 0.123189 0.0164089 0.110638 0.0724487 0.0130648 0.00131468 0.00347017 0.0760755 0.00494368 0.0297625 0.000408603 
0.0503466 0.00196651 0.000785111 0.0229367 0.562448 0.0176806 0.0123999 0.0749106 0.0742271 0.0205072 0.00294621 0.00137872 2.72023e-05 0.0962858 0.0168152 0.038994 0.00534487 
0.0185122 0.000891532 0.0103034 0.0130885 0.641836 0.0170511 0.011635 0.121847 0.0443214 0.00916012 0.00396167 0.0021008 0.000138002 0.0472163 0.0162132 0.0410656 0.000658499 
0.197714 0.00238918 0.000551654 0.013379 0.539787 0.00930486 0.00159534 0.0437055 0.0631092 0.0294619 0.0060849 0.0019664 2.87851e-05 0.0283548 0.0218379 0.0405476 0.000182661 
0.0686206 0.000444331 5.8243e-07 0.00509166 0.589423 0.00166876 0.00536492 0.167761 0.0603991 0.0264914 0.00206309 0.00226983 5.78212e-07 0.0242534 0.0164811 0.0296366 2.98177e-05 
0.153086 0.134314 7.77419e-06 0.00247421 0.530991 0.0168511 0.00462844 0.0264102 0.031069 0.0137867 0.00204369 0.00515734 9.27567e-07 0.0364961 0.0141171 0.028551 1.53155e-05 
0.00296082 0.0100983 0.000240018 0.00199018 0.491844 0.012246 0.0345012 0.00268579 0.175628 0.0106688 0.0667511 5.68043e-05 6.69508e-07 0.106732 0.0825982 0.000686653 0.000311026 
0.025662 4.75658e-05 2.99244e-06 0.00774828 0.743466 0.0045157 1.31955e-05 0.153973 0.00903231 0.0220704 9.58299e-06 0.00154221 9.88632e-09 0.00876791 0.0220187 0.00112599 4.61166e-06 
0.152477 0.00722438 0.00062721 0.00192418 0.503553 3.53375e-08 0.00115764 0.0668546 0.0541218 0.00919725 6.238e-08 0.000932728 5.80207e-05 0.175561 0.025777 0.000173711 0.00036 
0.0306043 0.000678719 0.000336261 0.00107421 0.48142 0.00315901 0.000363742 0.348185 0.0171349 0.00160968 0.000826384 0.000584879 6.79212e-08 0.0253664 0.00549497 0.083034 0.000127524 
0.0197857 0.00123128 2.91507e-06 0.00167849 0.394949 0.15505 5.09044e-06 0.00469609 0.103515 0.252163 2.74877e-07 0.00872364 2.20076e-10 0.0365537 0.0168921 0.00462136 0.000132396 
0.00743837 0.000816504 0.00479533 0.00174729 0.663219 0.0294197 0.00715267 0.000508693 0.0136663 0.102201 0.000714802 0.00145841 1.28138e-07 0.068874 0.0752998 0.000515572 0.022172 
0.00603728 0.000266433 0.00932863 0.00564183 0.41995 0.00874257 0.00152094 0.255583 0.164033 0.0301868 0.00120846 8.85427e-05 1.82309e-05 0.0754752 0.006353 0.0155158 5.071e-05 
0.0709984 0.0733293 0.00508809 0.0153867 0.305804 0.0154877 0.0052142 0.0312538 0.0879463 0.016203 0.00532051 0.00220006 3.00898e-05 0.0400715 0.0348982 0.281314 0.0094548 
0.0890072 0.02027 0.000195441 0.0480488 0.293811 0.06402 0.115845 0.0345349 0.194281 0.0151903 0.00119679 0.000294561 7.07664e-06 0.0859871 0.0209885 0.0162851 3.5978e-05 
0.139278 0.000639667 9.7499e-07 0.00234627 0.291161 2.01556e-09 0.0735395 0.127265 0.158669 0.0789461 0.0252669 7.45012e-06 1.28815e-06 0.0937348 0.00903739 1.33447e-06 0.000106019 
0.0594838 0.00380059 0.000945804 0.0202216 0.416338 0.0602297 0.0339356 0.0553159 0.0951084 0.0510305 0.00190682 0.00832636 0.000492852 0.078683 0.0428561 0.0710133 0.000311508 
0.0423594 7.11006e-05 1.47033e-05 0.00338919 0.280316 0.0149621 0.00591907 0.0588004 0.239214 0.00547976 0.0137022 0.000291331 4.84787e-07 0.029369 0.00708524 0.275237 0.02379 
0.00444771 0.00810826 0.00107608 0.0677993 0.360522 0.0823273 0.0037113 0.000601031 0.0802287 0.0220142 3.51773e-05 0.130728 5.639e-07 0.123957 0.112578 0.000174548 0.00169046 
0.123602 6.1617e-05 0.000930471 0.0063981 0.493495 0.0348736 0.0162233 0.00319951 0.222482 0.036181 0.00236957 0.0148134 2.01319e-06 0.0203355 0.019096 0.00575723 0.000179796 
0.00796027 1.03849e-11 3.68267e-07 0.00394092 0.466636 0.0652322 0.000332738 0.00991385 0.108647 0.0311262 4.03173e-07 1.76456e-11 1.38325e-11 0.00919698 0.105445 0.191301 0.000266224 
0.0523783 0.000875049 0.000102233 0.0233892 0.580382 0.0140149 0.0152885 0.0326611 0.044579 0.0212327 0.00801441 0.000598262 0.0115687 0.116193 0.0228486 0.0557445 0.000129989 
0.0206536 1.0314e-09 2.97155e-05 0.000806667 0.617185 0.00124451 0.00164448 0.00553864 0.0992489 0.000252423 3.87293e-07 2.00275e-05 1.37381e-09 0.234663 0.0186125 1.50025e-06 9.87685e-05 
0.190067 0.106893 0.00346407 0.0557513 0.376095 0.052002 0.00829563 0.00984522 0.083156 0.0209735 0.0111876 0.00049737 0.000488785 0.0532904 0.00880481 0.019184 3.51881e-06 
0.0185271 0.000179273 9.77905e-05 0.0844924 0.507232 0.100744 0.000439956 0.0254032 0.165744 0.0486682 0.00684659 0.000108571 2.42014e-05 0.0263108 0.00540769 0.00976236 1.21466e-05 
0.0350455 0.000454671 3.29844e-08 0.00086641 0.878794 0.000955776 0.000476065 0.0416148 0.0120191 0.00168863 0.000469443 8.99954e-05 9.46093e-07 0.01526 0.0116297 0.000589462 4.54142e-05 
0.0401589 0.000996481 0.00235728 0.0181235 0.684125 0.00111756 0.00366448 0.00968283 0.0403494 0.0204039 0.00517801 0.000533102 0.000138038 0.114906 0.0458641 0.00222922 0.0101722 
0.0893958 0.000145953 6.47702e-05 0.00433095 0.452879 0.00478599 0.00706472 0.0180358 0.188426 0.153037 0.0016187 0.0127218 1.34644e-05 0.0538556 0.0114591 0.00209369 7.1406e-05 
0.00149758 8.80113e-06 0.0363099 1.39828e-06 0.532607 5.73089e-06 2.58236e-06 0.00090505 0.0195906 0.403702 6.04288e-06 0.000314423 1.08154e-05 0.0040647 0.000709039 0.000100604 0.000163656 
0.108433 0.0010744 2.47306e-06 0.118771 0.355347 0.00167381 0.011926 0.00824699 0.0816572 0.204843 0.014316 2.58358e-05 9.29697e-08 0.0622139 0.0305104 0.000949431 9.22018e-06 
0.0199827 0.00306215 0.000109408 0.00177522 0.657609 0.00658409 0.0135827 0.267716 0.0024765 7.54935e-05 6.78631e-12 0.000459714 1.26897e-11 0.0152063 1.45364e-08 0.0113434 1.70761e-05 
0.174244 0.00412828 0.00215792 0.0147752 0.41149 0.0110612 0.00928918 0.112437 0.0676138 0.0301705 0.00620314 0.00221103 1.75582e-05 0.0874029 0.0171701 0.0475382 0.00209016 
0.114843 1.20714e-05 6.86865e-06 0.0209479 0.502386 0.0425186 0.00178826 0.00589177 0.0280313 0.0773863 0.00201635 0.024312 9.01493e-07 0.169521 0.00852858 0.00177849 3.03612e-05 
0.0445265 0.00777175 2.84718e-08 0.00157121 0.874274 0.00212043 0.000494178 0.00377923 0.0254924 0.00963956 3.27351e-08 0.0011498 1.58617e-06 0.013576 0.0105758 0.00502143 6.03486e-06 
0.138697 0.00236785 0.000904101 0.0169147 0.541272 0.0130748 0.0105055 0.0517843 0.0577589 0.0158922 0.00510473 0.0028813 0.000291235 0.061585 0.0198823 0.0602427 0.000842055 
0.0828934 4.23313e-06 0.000269753 0.0136162 0.358362 0.0259751 0.000745084 0.0287646 0.13901 0.0016978 0.00266758 0.000649937 2.77229e-11 0.152791 0.0165785 0.175974 6.27516e-07 
0.00609411 8.67907e-07 4.50783e-05 0.0341938 0.244074 0.13704 0.0300866 0.0339081 0.0269257 0.147038 6.16343e-06 0.0220718 0.111989 0.0933486 0.111462 0.00169936 1.6595e-05 
0.0375428 0.000458722 4.53792e-05 0.0303089 0.647823 0.0449128 0.0214252 0.0165524 0.0385227 0.0774398 0.00102044 0.00115637 0.000102636 0.0415491 0.0323554 0.0075036 0.00128037 
0.0252591 0.00120503 0.000244127 0.00488901 0.583184 0.00309073 0.00127018 0.0274007 0.0366521 0.0166873 0.000112025 0.0010986 9.27727e-06 0.0484362 0.0161184 0.234219 0.000124824 
0.0304993 6.071e-07 5.11849e-05 0.000816078 0.532704 0.00138013 0.000917214 6.78325e-05 0.224514 0.100176 0.030919 1.59339e-06 6.69099e-08 0.0390998 0.00178745 0.0370652 2.66423e-07 
0.0850012 1.81324e-05 3.00741e-07 0.000737867 0.631151 0.00164815 0.000242454 0.078058 0.0924516 0.0693059 0.000157606 1.00679e-07 1.66518e-08 0.00611605 0.0193142 0.015682 0.000115451 
0.00974017 0.000221718 4.65473e-09 0.0082304 0.335751 0.0325394 0.108679 0.00223987 0.203398 0.174398 0.00836456 0.0122658 0.00186436 0.087273 0.0148295 0.00014238 6.33662e-05 
0.0718897 0.000155662 3.99251e-07 3.69392e-05 0.388073 0.0006436 3.75413e-05 0.0870667 0.172945 0.199346 2.1725e-08 6.08166e-05 1.69465e-07 0.0691915 0.00330336 0.00723713 1.28985e-05 
0.0169398 0.004812 0.102237 0.00826135 0.375719 0.0479888 0.00527838 0.0332778 0.114619 0.183443 0.0094032 0.000506699 3.5543e-06 0.0457141 0.028255 0.023289 0.000251794 
0.0504036 0.0119476 2.61708e-07 0.0422118 0.591269 0.00151692 0.0250186 0.0196594 0.0468228 0.095935 0.00010263 7.0727e-05 4.35827e-08 0.0159676 0.0497284 0.0487642 0.00058097 
0.0850143 0.00301264 8.7702e-05 0.0110987 0.612691 0.00771695 0.00396367 0.0856818 0.0552221 0.022974 0.000613728 0.00478858 1.78584e-06 0.0895892 0.00105737 0.0164682 1.87245e-05 
0.106602 0.000262003 3.61273e-06 0.00136846 0.584602 0.0117702 0.00588004 0.153853 0.0117241 0.00798199 0.000123793 8.18252e-06 2.98472e-05 0.0227014 0.0353075 0.0576926 9.04081e-05 
0.0646009 5.51332e-05 8.72514e-05 0.00322046 0.628361 0.00720213 0.00215412 0.0454695 0.0753856 0.0347892 0.000977336 0.000144648 1.24081e-05 0.126544 0.00326303 0.00771245 2.11307e-05 
0.191421 8.36607e-06 0.00146133 0.115066 0.463335 0.00498879 0.0205062 0.00353148 0.0789691 0.000365053 0.00784307 0.000107163 2.13199e-08 0.0667964 0.0382141 0.00735054 3.70769e-05 
0.031333 8.01945e-05 1.80997e-11 0.0365192 0.824511 0.00568843 0.00206397 0.00135914 0.0264295 0.000282305 0.0666345 4.39097e-05 1.38015e-11 0.00237495 0.00268002 3.01641e-12 4.66166e-12 
0.00681336 0.00104641 0.000984076 0.00069175 0.598605 0.00678604 0.00187166 0.00582191 0.0256368 0.0100488 0.000787542 0.000479446 5.45853e-06 0.0540625 0.00153649 0.2848 2.254e-05 
0.0801367 7.8795e-08 5.53983e-08 9.98372e-05 0.451812 0.00703387 0.00332707 0.0110542 0.10445 0.293419 6.35073e-08 0.00298744 8.53047e-10 0.0253003 0.0118812 0.00840637 9.25433e-05 
0.00609411 8.67907e-07 4.50783e-05 0.0341938 0.244074 0.13704 0.0300866 0.0339081 0.0269257 0.147038 6.16343e-06 0.0220718 0.111989 0.0933486 0.111462 0.00169936 1.6595e-05 
7.16852e-06 6.88673e-07 7.92187e-08 0.011941 0.38564 0.205414 0.0535739 0.00273702 0.250231 0.0735857 4.08039e-06 0.00288329 5.51254e-07 2.50984e-07 0.0139814 9.97773e-08 4.51099e-09 
0.0427355 0.0138698 0.000266181 0.00601434 0.644171 0.0360688 0.0250413 0.010783 0.157968 0.0117203 0.0010047 0.00166163 6.2043e-09 0.0164008 0.0308249 0.00130543 0.000163523 
0.0216722 3.56425e-07 0.00952462 0.0226357 0.259896 0.0437517 0.00161443 0.013185 0.1801 0.256764 0.0409668 0.0133976 9.20919e-06 0.0155546 0.0944444 0.0263982 8.56767e-05 
0.00754615 0.0246754 4.53135e-05 0.00535746 0.403676 0.000283403 8.14067e-05 0.0454908 0.0154851 0.00681111 0.00353071 0.00163228 7.97303e-07 0.136181 0.0418363 0.3069 0.000466537 
0.0575394 0.00637787 4.50966e-08 0.00143245 0.592651 0.00355489 0.00769277 0.0299575 0.0905528 0.0967806 0.0299321 0.000514733 2.15891e-07 0.0691244 0.0132752 0.000561745 5.24864e-05 
0.0170955 0.000369532 7.64494e-05 4.9518e-08 0.624377 0.000541982 1.46863e-08 0.244336 7.29669e-07 0.0130684 7.17126e-09 5.60745e-08 2.33304e-09 0.0134893 0.00105168 0.085594 9.37312e-09 
0.0270661 0.000779348 3.93658e-10 0.00148522 0.909469 0.000948657 0.000332785 0.0188024 0.0145821 0.00159849 0.000347272 0.000154184 2.89944e-07 0.0220184 0.00198007 0.000393814 4.18449e-05 
0.0182508 0.00699879 2.09409e-05 0.00328166 0.5646 0.0101344 0.0100648 0.079783 0.0191562 0.0845369 1.75426e-05 0.0185596 3.6449e-10 0.0738818 0.0364599 0.0726656 0.00158798 
0.0242204 0.000773796 4.16185e-07 0.00175566 0.440584 0.00616084 0.000912145 0.367166 0.0229822 0.00208317 0.00109934 0.00786997 6.7863e-08 0.034036 0.00642868 0.0837984 0.000128399 
0.0262381 0.0208859 0.000417689 0.00661144 0.536685 0.00107647 0.000376273 0.00809054 0.0352201 0.0289621 0.000846375 6.10577e-06 9.13998e-06 0.00262546 0.0336863 0.298228 3.5177e-05 
0.0456157 4.13609e-06 9.07734e-07 0.0115042 0.433008 0.030518 0.0201666 0.00678046 0.201685 0.0238713 4.51481e-05 3.10422e-06 1.74791e-06 0.0432318 0.18265 0.000822683 9.14997e-05 
0.0770678 0.0283833 1.03036e-08 0.000876739 0.2473 0.00433777 6.67759e-05 0.0498667 0.133684 0.221211 1.11693e-05 2.56987e-08 1.07142e-09 0.0504207 0.00428065 0.182102 0.000390751 
0.0900192 0.00678649 7.48826e-05 0.00910152 0.246139 0.0037944 0.00325311 0.091638 0.190733 0.0958754 0.00164516 0.000203489 1.36055e-07 0.210456 0.0305281 0.0194941 0.000258707 
0.148816 0.00707983 0.00163034 0.0184457 0.52774 0.015292 0.0125789 0.0444898 0.0554445 0.0109569 0.00217597 0.00900575 0.00393922 0.0811541 0.0150421 0.045433 0.000775729 
0.0479767 0.00521446 0.00980551 0.00963198 0.350221 0.0084503 0.00425122 0.237913 0.0634259 0.0116072 0.00519553 0.0053937 2.23786e-06 0.0900752 0.010982 0.1396 0.000253972 
0.0978076 3.30127e-07 0.0039778 3.76945e-05 0.559737 0.00152185 0.000821848 2.96954e-06 0.141122 0.136794 1.41655e-11 3.95373e-07 2.6488e-11 0.0426081 0.0155528 1.54916e-05 2.05864e-08 
0.0460378 0.000779805 3.96527e-05 0.00622306 0.267779 0.0321307 0.0113921 0.0129019 0.170087 0.190197 0.00281497 0.000511363 0.000218252 0.113261 0.0809231 0.0642219 0.000480974 
0.00514456 5.80947e-05 0.0177593 0.000106969 0.713838 0.000215525 1.42183e-05 0.00440883 0.014563 0.0299281 2.41859e-11 0.000761378 5.40609e-07 0.00157951 0.00502315 0.206558 4.03782e-05 
0.0104325 0.000135974 8.38768e-07 0.00639613 0.654331 0.0753846 0.049277 0.00975797 0.0265291 0.00246664 3.59071e-06 0.00155221 5.01849e-07 0.101918 0.0511749 0.0106271 1.19727e-05 
0.130338 0.000444314 3.70257e-05 0.0187055 0.488487 0.00209743 0.00532691 0.0599441 0.0758187 0.0433791 0.0112315 0.0127752 2.48714e-05 0.059275 0.0610534 0.010757 0.0203045 
0.0176043 2.99202e-11 1.00919e-07 7.27759e-08 0.781457 4.86442e-08 0.000174167 0.102301 0.000816339 7.39396e-07 0.00185098 2.1896e-07 3.98535e-11 0.00130173 1.24046e-07 0.0944929 3.83628e-08 
0.0176671 2.59702e-10 4.53649e-10 0.00243382 0.93627 0.000999573 4.55585e-05 0.00420371 3.35952e-05 3.04633e-07 3.99416e-06 4.41278e-10 1.02052e-06 0.00284217 3.00507e-07 0.0354985 1.77037e-08 
0.0149401 0.11088 2.41577e-08 4.42432e-07 0.792958 9.79901e-08 6.0772e-08 0.0182559 0.00103166 0.000584054 1.23126e-12 0.0033506 2.30233e-12 0.0151032 0.040503 0.00239218 1.1377e-07 
0.0388159 0.00757446 0.0018504 0.0109752 0.30249 0.054655 0.0122179 0.292123 0.0565159 0.00650786 0.00345405 0.00219174 0.000219623 0.115976 0.0253928 0.0687695 0.000270971 
0.0274558 0.00125088 0.0043517 0.000701206 0.321869 0.135016 0.00268034 0.127523 0.0841251 0.0520311 0.00012193 0.00144712 0.000149599 0.189882 0.0439983 0.0072474 0.000149288 
0.100072 8.5833e-05 0.00135981 0.00165774 0.493494 0.0295892 0.00241513 0.0558904 0.0181104 0.00129401 0.000786993 0.000183346 1.44616e-06 0.0337909 0.129988 0.131144 0.000136318 
0.0170955 0.000369532 7.64494e-05 4.9518e-08 0.624377 0.000541982 1.46863e-08 0.244336 7.29669e-07 0.0130684 7.17126e-09 5.60745e-08 2.33304e-09 0.0134893 0.00105168 0.085594 9.37312e-09 
0.259261 0.0074084 4.12934e-09 0.102317 0.395789 0.140659 0.0246746 0.000816327 0.0015826 0.0339434 4.22809e-06 5.42088e-06 3.14875e-09 0.000493178 2.87373e-06 0.0330425 4.88162e-07 
0.191849 0.000466638 7.94367e-07 0.00746275 0.459112 0.0179932 0.00320733 0.0226528 0.0696085 0.017475 0.0184214 1.26009e-05 3.99668e-06 0.145569 0.00674188 0.039414 8.11441e-06 
0.0243255 0.0217888 0.00137514 0.0137986 0.250758 0.167227 0.0289849 0.0327991 0.175326 0.0385829 0.00191563 0.00524157 1.89001e-06 0.132211 0.0677409 0.0268293 0.0110933 
0.0368436 0.0129277 4.58652e-05 0.00757094 0.588496 0.0332443 0.0124454 0.084786 0.044786 0.00909572 0.00426259 0.00830958 1.69528e-05 0.0566179 0.0196548 0.0666196 0.0142774 
0.0272967 0.00127829 0.00018132 0.00272035 0.633758 0.0185118 0.00140554 0.0402763 0.0302121 0.000132354 3.26548e-05 7.97465e-05 1.09001e-07 0.0751193 0.0102971 0.158684 1.45471e-05 
0.0122995 0.000301234 0.0086186 0.0130486 0.309383 0.035553 0.114622 0.0302627 0.0877593 0.0698114 0.000116033 0.000751835 0.000138411 0.102936 0.171056 0.0429742 0.000368299 
0.0872277 0.000987267 0.00487029 0.00408692 0.255388 0.00653703 0.00217154 0.0266368 0.216396 0.146261 0.0132037 0.00163973 7.46175e-06 0.107716 0.0570983 0.0695671 0.000205523 
0.157391 0.00734421 0.000794362 0.0249319 0.539964 0.0173327 0.00847916 0.0232115 0.0499645 0.0170895 0.0162084 0.00134716 0.00108487 0.0554609 0.017028 0.0614397 0.000928572 
0.0294556 0.00104882 0.00363503 0.0110268 0.314947 0.0587499 0.00343218 0.0665183 0.162054 0.0141825 0.000302149 0.000875433 2.82577e-08 0.184484 0.0735105 0.0747324 0.00104586 
0.145334 6.24505e-05 3.00974e-06 0.0672262 0.428901 0.00363164 0.0718088 0.00503756 0.123952 0.0316034 0.0371658 0.00275424 1.67201e-05 0.0446039 0.0275338 0.0102696 9.59301e-05 
0.0234779 9.80502e-07 3.50407e-05 0.000462956 0.410867 0.000463253 0.000737904 0.0554633 0.174237 0.00457568 3.54388e-06 0.00121244 1.03519e-08 0.19169 0.00255186 0.13422 7.97615e-07 
0.00854715 0.000499263 3.32677e-05 0.00225601 0.399703 0.00233588 0.00224736 0.101233 0.0375157 0.00799464 0.00322646 0.000586491 2.15357e-07 0.0412516 0.0114219 0.380987 0.000160775 
0.0496025 2.29739e-07 2.99749e-05 0.00685146 0.760891 7.86373e-07 0.00656661 0.0103388 0.0247928 0.00857082 8.76473e-07 0.00646824 5.42797e-05 0.0967058 4.39251e-07 0.0291257 1.79662e-08 
0.00551731 0.000453555 6.82657e-07 0.00322918 0.387347 0.0710443 0.0652394 0.005031 0.0734633 0.007622 3.95076e-08 0.00060935 1.30809e-10 0.321301 0.00882723 0.0501827 0.000132498 
0.0723133 0.00326462 0.000417607 0.0412234 0.54071 0.0128337 0.00329066 0.0949005 0.0379614 0.0167771 0.00590629 0.000131521 3.64584e-05 0.0577745 0.0194831 0.0929568 1.87003e-05 
0.0628613 0.000605783 8.20544e-05 0.0093619 0.438132 0.0502588 0.00377715 0.0034628 0.148239 0.0104133 0.000104096 6.54479e-05 1.02258e-10 0.0164685 0.178272 0.0778768 1.82951e-05 
0.0896737 0.00399728 0.00014313 0.0146115 0.457665 0.00799293 0.0220069 0.161739 0.072136 0.0117017 0.0063073 0.0046659 7.00337e-05 0.0691402 0.0137073 0.0638934 0.00054901 
0.0474576 0.000344894 7.97459e-06 0.00326269 0.760775 0.00431327 0.00209628 0.0102529 0.0270091 0.09084 0.000637261 0.0179562 3.70202e-07 0.0173961 0.00633804 0.0113043 8.57612e-06 
0.0374298 5.58088e-05 8.00585e-11 0.000309553 0.367615 0.093108 0.00852772 0.0997916 0.117757 0.0590634 0.00987076 0.00329806 1.58978e-07 0.0908729 0.0252933 0.0869804 2.71285e-05 
0.0272939 8.20044e-07 3.67288e-11 0.431981 0.47197 6.29382e-07 0.00545509 0.0236713 0.0138819 7.83789e-12 1.10851e-07 1.14363e-07 2.80068e-11 0.0257429 6.71865e-07 2.84023e-07 6.57458e-07 
0.060312 0.000596307 1.14594e-07 0.0149373 0.435793 0.00448092 0.00805475 0.0573078 0.175858 0.0879998 0.00674243 0.000384792 1.11514e-05 0.0346609 0.106656 0.0056017 0.000602869 
0.0367406 9.94762e-07 2.00986e-05 0.0465021 0.583607 0.015381 0.0166845 0.00130518 0.0806545 0.179006 0.00603474 5.28563e-05 4.90017e-05 0.032244 0.00135036 0.000354839 1.16253e-05 
0.150777 0.000306744 1.05044e-07 0.0365062 0.416508 0.00115598 0.00304994 0.0128481 0.00943352 0.027985 0.00476408 0.00888974 1.19336e-10 0.303507 0.0242687 9.40965e-08 4.03075e-11 
0.0128525 8.3563e-08 0.00164223 0.0170009 0.441906 0.0965225 0.00354758 0.0375881 0.229865 0.00847764 0.00122504 0.0015329 1.31674e-10 0.107168 0.0117991 0.0288721 5.69215e-08 
0.0615634 0.0373573 0.000186393 0.0284303 0.433504 0.0453615 0.0139547 0.141888 0.0598388 0.0166386 0.014623 0.00546167 4.61537e-05 0.0716186 0.0137921 0.0530629 0.00267207 
0.0660526 0.00496375 3.05754e-06 0.0179734 0.722357 0.00322347 0.000679494 0.0077221 0.0598904 0.0539637 0.0016575 0.00338067 1.65675e-06 0.00939023 0.0408656 0.00767303 0.000202741 
0.0186896 0.000892589 0.00499343 0.0275522 0.313879 0.0762518 0.00199313 0.0122012 0.033814 0.0747974 0.00411957 0.0788064 3.62575e-09 0.0747469 0.249171 0.0185363 0.00955612 
0.0779328 0.00933139 0.00221563 0.0159602 0.546615 0.0180079 0.0145766 0.0797285 0.0613207 0.0171354 0.00292529 0.00204328 5.50521e-05 0.0588385 0.024415 0.0684551 0.000443702 
0.0630761 0.0126789 2.59793e-07 0.0728641 0.292041 0.0343519 0.0203986 0.0429933 0.271854 0.0684504 0.0258008 0.00057179 1.22944e-06 0.0867513 0.00695858 0.00113274 7.5456e-05 
0.016696 0.0240243 0.0116445 0.000142699 0.678255 0.00932892 0.00122607 0.0081176 0.118436 0.0698058 4.63349e-05 0.000124588 6.3703e-05 0.0436882 0.00593597 0.0123598 0.000104815 
0.0284611 0.000603088 8.79237e-05 0.00203037 0.287003 0.128911 0.00245473 0.0278946 0.275467 0.0757376 8.52651e-05 0.000103731 7.91554e-08 0.0265756 0.0474691 0.0970832 3.2587e-05 
0.239071 0.00661051 0.0012848 0.0199595 0.298676 0.0102065 0.00431881 0.202503 0.0508664 0.0127048 0.00300002 0.000143491 1.37818e-06 0.0709593 0.024359 0.0552441 9.10801e-05 
0.139235 0.00896519 2.14996e-05 1.40457e-07 0.798655 7.53484e-07 1.97567e-10 0.0327458 7.98474e-05 0.00585464 9.17871e-05 3.65388e-05 6.33358e-07 0.00054456 4.32378e-05 0.0137117 1.3235e-05 
0.143281 2.89474e-05 0.00117731 0.0527105 0.52971 0.00741234 0.00063522 0.0118548 0.0477971 0.0018709 0.00513687 0.0167108 0.00186247 0.167106 0.00717616 0.00531444 0.00021437 
0.0512905 0.00142886 1.9422e-05 0.00359053 0.385315 0.00428068 0.0177422 0.00104595 0.337466 0.00304316 7.79299e-05 0.000295487 1.35258e-10 0.0821766 0.0961054 0.0157499 0.000371948 
0.0275361 0.00127852 8.98906e-05 0.0230181 0.658064 0.0249148 0.00447118 0.00381911 0.0180278 0.0920318 0.000805311 0.000580582 0.000601071 0.0288308 0.00961987 0.106255 5.64865e-05 
0.252019 5.1914e-08 0.00210935 0.0603544 0.471149 0.0297975 0.0070198 0.0130195 0.0191557 5.20305e-05 0.00221989 1.33071e-05 2.16553e-08 0.0642346 0.00126381 0.00053563 0.077056 
0.0874488 0.0026866 2.13384e-09 0.280584 0.287505 0.0114613 0.0533123 0.00420374 0.0994473 0.0503487 0.000834844 0.0456615 0.00106594 0.0665151 0.00858302 0.000330251 1.10615e-05 
0.0462695 0.00442262 0.000308013 0.0119566 0.464625 0.0163532 0.0104486 0.118234 0.0815984 0.0393007 0.00227263 0.00163234 1.0079e-05 0.0680343 0.0242249 0.109858 0.000451634 
0.033361 0.00867647 0.0177771 0.00357051 0.241536 0.0143991 0.00114246 0.212806 0.109762 0.0192034 0.0119572 0.00334118 0.0229201 0.0635156 0.00671521 0.228909 0.000407292 
0.0312275 0.000814793 6.30203e-05 0.00793069 0.622841 0.0156076 0.000222788 0.0409842 0.163435 0.057174 1.08906e-06 1.50366e-05 5.37353e-08 0.00185014 0.0372476 0.0205857 2.4506e-08 
0.0902305 0.026635 6.93091e-05 0.0228539 0.294463 0.0308469 0.00772378 0.00149127 0.182572 0.266567 3.85101e-05 0.00344148 0.00101696 0.0529854 0.0184776 0.00055656 3.0923e-05 
0.000460794 0.000257467 1.73555e-06 0.00243642 0.556628 0.0549505 0.122495 1.64344e-05 0.0990928 0.00329306 9.14423e-06 2.03346e-05 1.68829e-08 0.104747 0.00402712 0.0515519 1.30807e-05 
0.0479917 0.000253785 5.8122e-05 0.0443255 0.523686 0.0541536 0.0639759 0.00193264 0.018523 0.0582487 0.0112915 0.0318206 0.0177579 0.117414 0.00734035 0.00119753 2.98652e-05 
0.0106228 0.00409035 0.000953917 0.000577857 0.521366 0.0121882 0.000441094 0.0332911 0.106318 0.0978991 0.00441345 0.00202335 9.98548e-06 0.102608 0.0465355 0.055462 0.00119941 
0.117789 0.00193816 3.07837e-06 0.0337781 0.380322 0.0368595 0.00216636 0.0425354 0.0526805 0.0696598 0.0622718 1.41971e-05 1.43958e-07 0.18122 0.00298368 0.0157771 1.24182e-06 
0.0512373 0.00242444 0.000698918 0.0126329 0.539407 0.00995664 0.0116908 0.0253603 0.0586888 0.016876 0.00419865 0.00469985 0.000181262 0.0597822 0.00854611 0.189207 0.00441192 
0.0992256 0.00206458 0.000267409 0.0132165 0.320367 0.0936004 0.239244 0.153005 7.683e-05 0.00420623 0.000771757 9.63475e-06 7.82961e-10 0.0245049 0.0494199 1.94633e-05 2.64456e-10 
0.028443 0.000661908 0.000328945 0.0204213 0.667826 0.0190358 0.00223452 0.0157095 0.0510349 0.045308 0.00144406 0.00305627 1.30614e-05 0.0330765 0.0411752 0.0686315 0.00159918 
0.143927 3.1867e-05 4.57502e-08 0.00159374 0.756929 0.000542175 0.000740864 0.0170662 2.85236e-05 0.000319365 7.50847e-05 8.60683e-08 1.52927e-09 0.0208158 0.000533321 0.0573899 7.65166e-06 
0.0790207 9.36493e-11 5.39628e-09 0.00226865 0.462889 0.0207138 0.0157782 0.0796063 0.0284638 0.00546358 0.000162117 0.000105365 1.2474e-10 0.292674 0.000457091 0.0123973 3.12639e-08 
0.144686 0.00651717 0.00180569 0.0365597 0.509882 0.0262209 0.00644883 0.0328453 0.0906613 0.0286081 0.00660922 0.0037867 5.59421e-05 0.0288442 0.0305516 0.0448336 0.00108338 
0.0294179 0.000310126 8.81914e-05 0.0143607 0.473941 0.00723381 0.0137253 0.000758637 0.123436 0.00399606 0.0219939 0.00128894 2.11308e-05 0.0591579 0.0028065 0.229007 0.0184563 
0.00569891 0.000114948 2.20224e-05 0.00356034 0.335061 0.211833 0.0240093 0.0305034 0.0421494 0.00725981 0.000312273 0.000115877 2.41413e-06 0.100005 0.00543192 0.233844 7.64439e-05 
0.219684 0.00224916 1.79236e-10 0.0620323 0.576531 0.00152927 0.0110655 0.038157 0.0339688 5.99949e-05 0.000153374 2.87401e-05 6.49443e-05 0.050915 0.000809838 0.00274876 1.99272e-06 
0.00103388 0.00023396 5.04544e-05 0.00034306 0.985452 0.000206022 0.000224345 0.00133213 0.00886354 0.00106413 0.000910358 4.90785e-05 3.8473e-05 0.000128834 4.87759e-05 8.4085e-06 1.29948e-05 
0.0413966 0.000739738 4.30739e-05 0.067323 0.467709 0.058447 0.0708367 0.00705833 0.0161903 0.0851281 0.00573287 0.0593805 0.00619713 0.0925814 0.0178032 0.00330619 0.00012732 
0.0166779 0.0177629 8.32476e-05 0.0732376 0.317903 0.00589402 0.00435984 0.105927 0.0881105 0.00367717 0.000243105 0.00136192 7.65983e-05 0.27413 0.0302219 0.0602849 4.88803e-05 
0.0272939 8.20044e-07 3.67288e-11 0.431981 0.47197 6.29382e-07 0.00545509 0.0236713 0.0138819 7.83789e-12 1.10851e-07 1.14363e-07 2.80068e-11 0.0257429 6.71865e-07 2.84023e-07 6.57458e-07 
4.95892e-05 1.5952e-08 2.75892e-10 1.84829e-05 0.648369 0.0310321 0.143282 1.21213e-05 2.2224e-06 0.0059365 2.86906e-06 2.68368e-10 2.10376e-10 0.161443 0.00984156 5.41175e-06 5.01673e-06 
0.218158 0.269285 2.26617e-09 0.00368409 0.368054 0.0073247 9.1047e-05 0.000584934 0.0904507 0.0125778 8.59461e-07 1.93052e-06 1.72802e-09 0.0175124 0.0104447 0.00170843 0.000121714 
0.0341619 0.00058136 3.1538e-08 0.00279298 0.472178 0.0161733 0.00780122 0.0389015 0.0143294 7.74593e-07 9.06183e-05 0.00527173 8.13893e-11 0.222257 0.00183585 0.183625 3.90088e-08 
0.252463 0.00392317 0.00123356 4.44133e-05 0.362358 1.37937e-05 2.68583e-06 0.00817901 0.0414753 0.0230632 7.31994e-08 0.000208831 1.30957e-07 0.0270308 0.00261324 0.277222 0.000169299 
0.00921191 0.00133222 0.00761304 0.188324 0.254457 0.0365439 0.00738061 0.015341 0.0831322 0.0270376 0.123927 0.000282275 2.17285e-07 0.0882173 0.149125 0.00183213 0.00624265 
0.108431 0.00537938 0.00161964 0.0209026 0.469384 0.0134461 0.0210635 0.0365608 0.0549731 0.0322072 0.0046971 0.00195022 4.47185e-05 0.0628379 0.0311255 0.134979 0.000398167 
0.0634109 0.000172506 3.23526e-05 0.0150172 0.553582 0.00289999 0.000360953 0.0886812 0.176225 0.0340136 1.46822e-05 0.0151531 3.67183e-06 0.0424195 9.714e-05 0.00788504 3.12708e-05 
0.063067 0.0744163 0.000695998 0.0238863 0.48139 0.0242266 0.00853964 0.0149245 0.0461372 0.0732439 0.0461588 0.00160088 0.00166082 0.106291 0.0167226 0.00710844 0.00993036 
0.0244988 0.00157807 0.000116666 0.0168689 0.378557 0.00635318 0.0167265 0.0190712 0.129843 0.00421539 0.00024632 0.110653 2.41571e-09 0.270045 0.00119439 0.0200246 7.7853e-06 
0.108972 7.82305e-05 2.11264e-06 9.80812e-06 0.580278 0.0123315 0.00145507 0.0555252 0.0459242 0.0317019 5.31974e-08 4.02568e-11 1.48605e-08 0.00571763 0.133405 0.0244634 0.000135105 
0.0494418 2.17457e-05 0.000478839 0.00575689 0.633575 0.00929802 0.000998923 0.058045 0.076013 0.00154203 0.000688195 4.04666e-05 4.7437e-10 0.143435 0.00892919 0.0117104 2.50312e-05 
0.056676 0.000163234 1.17665e-05 0.00356657 0.310848 0.0148564 0.00741067 0.0611662 0.233958 0.00545504 0.0109619 0.00114144 1.13376e-06 0.042018 0.00737584 0.225356 0.0190329 
0.0557462 0.0109792 0.00276396 0.0240049 0.494101 0.0192611 0.0129284 0.0317448 0.107473 0.0857832 0.0101341 0.00484373 0.000489602 0.0642353 0.0369459 0.0366659 0.00189943 
0.00626025 0.00103732 0.000185312 3.21493e-07 0.712486 1.17071e-05 5.06269e-05 0.000837017 0.000538607 0.0679627 0.000888233 8.52927e-11 6.68615e-11 2.40556e-05 0.000205835 0.209512 1.75676e-09 
0.00140408 0.00624442 1.28273e-06 0.000208401 0.915601 0.000103172 0.00285992 0.0105106 0.0112364 0.0129816 4.10654e-06 0.00022046 1.28377e-05 0.0140047 0.00719715 0.0173661 4.37102e-05 
0.0648192 9.57863e-12 5.03634e-09 2.88378e-12 0.727263 0.000558602 1.53619e-07 0.204614 0.000337466 0.000769926 7.77918e-08 1.62757e-11 2.17025e-08 0.000891136 1.3681e-06 0.000711163 3.35962e-05 
0.0353843 1.03703e-07 1.685e-06 0.000175223 0.835538 0.000249397 1.2141e-05 0.00358733 0.0207819 0.0211577 0.000347008 0.000120339 1.04789e-09 0.00650436 0.0327394 0.0433027 9.88361e-05 
0.0149131 0.00482027 2.26222e-05 0.000229022 0.832413 0.000106851 3.23558e-06 0.00937802 0.0163686 0.000981504 2.12717e-07 0.000169087 2.21334e-07 0.0279025 0.0318841 0.0607757 3.18382e-05 
0.0164394 0.00224833 3.51439e-06 0.0608737 0.468085 0.00444285 0.298168 0.00233315 0.0248641 0.0234593 0.00438396 0.00021199 8.7217e-05 0.0919014 0.00176645 0.000594904 0.000136758 
0.0761883 0.000497196 0.0016122 0.0157874 0.468497 0.000817946 0.00123103 0.0370387 0.0880743 0.0909056 0.00847588 3.54786e-08 0.0180763 0.0207663 0.100738 0.0711849 0.000109004 
0.0195869 2.22414e-07 0.000516169 0.0147923 0.699464 0.0254789 0.000352761 0.000236073 0.00374239 0.140467 0.00824809 0.00040443 2.96254e-07 0.0568038 0.0295066 0.000109644 0.000290121 
0.0525919 2.44855e-07 8.24449e-06 0.0155053 0.432177 0.000636784 0.0665212 0.00097946 0.0175875 0.210897 9.61135e-07 7.33279e-07 4.95073e-05 0.0966219 0.105129 0.00128971 3.96945e-06 
0.0243922 9.76117e-05 8.38273e-05 0.0296333 0.493214 0.00471942 0.000728038 0.0328782 0.0327315 0.0683551 0.00355507 0.000138448 0.00851769 0.0100229 0.0149712 0.275476 0.000485534 
0.112967 0.00041807 4.80652e-05 0.00566553 0.798681 0.000144242 0.00115328 0.00737238 0.00419434 0.0139515 0.000101248 0.0207019 0.00522261 0.0169697 0.00176318 0.010552 9.38467e-05 
0.112234 0.000631818 0.00255184 0.0238371 0.441887 0.0147162 0.00609255 0.0165924 0.0955832 0.0398053 0.0326398 0.00104458 0.000516758 0.0412921 0.0443676 0.121719 0.00448906 
0.160442 2.38972e-05 7.78237e-08 0.00680045 0.576892 0.000241811 0.00297781 0.0811825 0.026107 0.00023394 0.0272516 0.00099548 5.88643e-09 0.11336 0.00262235 0.000868699 1.18587e-08 
0.000143229 4.76869e-07 2.04409e-06 0.00469825 0.76624 0.00487556 8.90935e-11 0.000335926 0.000164629 0.0384533 2.06826e-06 1.80427e-06 2.8859e-10 6.14663e-05 3.27249e-06 0.185018 7.89647e-07 
0.0286131 4.66784e-05 2.01596e-11 0.0152167 0.900325 0.00303357 0.000860051 0.00263312 0.0117284 0.000117651 0.0345848 1.83195e-05 1.53723e-11 0.00147736 0.00134566 2.63541e-08 5.19221e-12 
0.0182428 0.007353 5.41491e-05 0.000885482 0.599759 0.0407203 0.00502373 0.0405778 0.106827 0.00636189 0.000232616 1.09459e-05 1.45897e-09 0.0226188 0.00907168 0.142228 3.18075e-05 
0.0591414 0.00631791 4.22789e-05 0.235249 0.327852 0.0323285 0.00454146 0.00714576 0.166437 0.00804879 9.11139e-05 2.09096e-05 4.57296e-08 0.108208 0.0440154 0.000255699 0.00030469 
0.134097 0.00300561 0.00110961 0.0135202 0.539853 0.00854767 0.0068776 0.0390409 0.06856 0.0226182 0.00563915 0.00176476 0.00095346 0.0548166 0.0117853 0.0862159 0.0015953 
0.149547 8.5209e-06 4.1297e-05 0.0101454 0.488525 0.00403333 0.00721255 0.0457547 0.0523194 0.027769 0.0219354 0.00101777 0.000152073 0.0510633 0.0863896 0.0282965 0.0257892 
0.00484962 0.00781857 8.54943e-06 6.5887e-06 0.463981 0.0021801 4.18733e-07 0.0241828 0.00553364 0.460611 8.14046e-07 0.00319584 1.98013e-08 0.011891 0.00667572 0.00900253 6.09145e-05 
0.0206138 0.00332188 1.1074e-05 0.025944 0.248768 0.0206137 0.017731 0.206091 0.0963284 0.00306261 0.00108955 0.00615455 1.5614e-05 0.103821 0.00128663 0.245123 2.40881e-05 
0.0271112 0.00019839 3.68494e-05 0.0439873 0.234489 0.13616 0.00777772 0.0141709 0.176104 0.0272158 0.0236247 0.00791013 2.29275e-05 0.172566 0.0969911 0.0166715 0.0149628 
0.00415548 0.00142558 4.3649e-05 0.0318815 0.666628 0.013765 0.00121381 0.020758 0.0296256 0.0294564 0.000403462 0.00121905 2.34794e-07 0.135188 0.0335988 0.0306031 3.42346e-05 
0.0491791 9.39793e-05 2.1227e-06 3.39474e-05 0.781127 7.35994e-06 8.97557e-06 7.77877e-06 0.00909469 0.159708 3.36928e-05 3.65805e-08 2.83918e-10 0.000631207 1.19287e-07 7.17756e-05 3.16558e-07 
0.112892 0.0040003 7.0507e-05 0.0141579 0.466004 0.0137402 0.00567138 0.0589167 0.0541181 0.00699808 0.0129499 0.000824995 0.00075504 0.159721 0.0662913 0.0090361 0.0138513 
0.0307347 0.0139971 0.002608 0.025723 0.293984 0.0422785 0.000406799 0.0242086 0.225216 0.229576 1.30359e-07 0.000262527 2.33221e-07 0.0688797 0.024191 0.0167868 0.00114633 
0.0307429 4.2978e-05 1.83902e-11 0.0195641 0.882829 0.00390025 0.00110574 0.0015397 0.0141588 0.000151253 0.0426229 2.3541e-05 1.40231e-11 0.00158905 0.0017301 3.06482e-12 4.73648e-12 
0.0197934 0.00373547 2.19819e-07 0.00966075 0.556752 0.0840914 0.00271675 0.00981604 0.021693 0.0688435 0.00202154 0.00458665 0.00961252 0.129482 0.0743464 0.00251824 0.000330468 
0.191849 0.000466638 7.94367e-07 0.00746275 0.459112 0.0179932 0.00320733 0.0226528 0.0696085 0.017475 0.0184214 1.26009e-05 3.99668e-06 0.145569 0.00674188 0.039414 8.11441e-06 
0.0959198 0.00862351 0.000155016 0.235137 0.286758 0.027101 0.0535717 0.0221424 0.142167 0.0659221 0.00339452 0.00213437 0.000209236 0.0193946 0.00693895 0.0303205 0.000110319 
0.0244988 0.00157807 0.000116666 0.0168689 0.378557 0.00635318 0.0167265 0.0190712 0.129843 0.00421539 0.00024632 0.110653 2.41571e-09 0.270045 0.00119439 0.0200246 7.7853e-06 
0.0203534 0.00504918 2.99135e-06 0.00324748 0.531347 0.00123481 0.0372501 0.000196887 0.234689 0.0306431 0.00921443 3.15433e-05 1.16568e-08 0.0713175 0.0553392 6.94532e-05 1.43453e-05 
0.0263861 4.33937e-05 4.90092e-06 0.00811646 0.808129 0.00189296 0.000348058 0.0506084 0.0226908 0.000288358 0.011939 0.000140444 1.31208e-08 0.0072131 0.0068829 0.0553106 5.25825e-06 
0.38316 2.02453e-07 2.94196e-08 0.0110101 0.497356 0.000346226 0.00461178 0.0348234 0.00517897 9.09785e-07 0.00266294 0.00145781 1.87148e-08 0.0350278 0.000432322 0.0239274 3.69209e-06 
0.0550914 0.00909284 0.000289741 0.0314921 0.18612 0.0169106 0.00110685 0.0323105 0.108953 0.17786 0.00224429 0.156161 8.98351e-06 0.0585415 0.0817119 0.0749297 0.00717549 
0.186551 2.47228e-08 5.09002e-09 6.49849e-05 0.735236 0.00051033 0.000663018 0.00865927 0.00486968 0.0483511 9.26228e-11 0.00047396 1.3895e-06 0.0111613 0.00295438 0.000500982 2.21026e-06 
0.00411211 0.00088896 0.0161059 6.39285e-05 0.564738 0.000430747 0.00460811 0.0126939 0.132963 0.15403 0.00041769 0.000114382 7.42424e-05 0.0227767 0.0185894 0.0572086 0.0101845 
0.0266989 0.00994936 0.000144167 0.0101916 0.575064 0.00501845 0.00453118 0.0391409 0.0462502 0.0197612 0.00715818 0.00104941 9.63854e-06 0.0331852 0.0188614 0.193433 0.00955314 
0.015014 0.000670919 0.000139191 0.0115348 0.388497 0.0802509 0.00842681 0.0958829 0.0263405 0.25569 4.71591e-05 0.00446313 0.000494648 0.0517331 0.004397 0.0551853 0.0012324 
0.00018151 0.000195111 0.000299683 0.00102787 0.3584 0.0462167 0.184308 0.0505639 0.0958725 0.112792 2.81455e-06 0.00434172 1.36106e-07 0.111137 0.0207301 0.0126628 0.00126882 
0.0544822 0.0104417 0.00994594 0.121297 0.26155 0.0842283 0.0254387 0.00273726 0.204197 0.029088 0.00884352 0.00560488 0.00584428 0.127612 0.0288406 0.0169659 0.0028826 
0.0796944 8.45e-06 2.07703e-05 0.00717437 0.711521 0.0292127 0.00239915 0.00318014 0.0501556 0.00198246 0.000746619 4.86768e-06 1.10966e-06 0.0961843 0.00724608 0.0104679 2.07506e-08 
0.0634109 0.000172506 3.23526e-05 0.0150172 0.553582 0.00289999 0.000360953 0.0886812 0.176225 0.0340136 1.46822e-05 0.0151531 3.67183e-06 0.0424195 9.714e-05 0.00788504 3.12708e-05 
0.156209 0.0178278 0.00477396 0.0258956 0.307835 0.00415475 0.00838282 0.101605 0.102674 0.134222 0.0130252 0.00365095 0.000140464 0.0322879 0.0191057 0.067849 0.000359816 
0.0644652 0.001288 2.04611e-05 0.0237437 0.252121 0.00421207 8.3283e-05 0.012869 0.249135 0.205173 0.0035997 4.47152e-05 2.88509e-11 0.0724735 0.0423046 0.0684256 4.04435e-05 
0.10361 6.45704e-05 6.25451e-09 0.00122266 0.489054 0.000718687 1.04446e-05 0.0349424 0.0207571 0.00186573 4.04609e-06 1.55917e-08 6.53784e-10 0.0325114 0.000432513 0.314806 2.6069e-09 
0.123571 1.42644e-05 0.0033297 0.00315702 0.664163 0.00443833 0.000113178 0.0164449 0.0292872 0.00823854 6.75705e-06 0.00132906 6.20818e-08 0.134397 0.00431005 0.00719915 2.93419e-08 
0.0681437 0.0194643 0.00100807 0.0390622 0.334668 0.000437041 0.00768293 0.0459438 0.0504324 0.276905 0.000132507 0.000508027 0.00580902 0.0888136 0.0606193 3.36934e-08 0.000370753 
0.034323 0.000551485 1.95172e-07 0.11391 0.631886 0.000121386 0.00959271 0.0372131 0.0469195 0.0123196 0.025483 4.64585e-07 0.00113594 0.00411788 0.00324437 0.0791821 9.87629e-08 
0.0737925 0.000292715 0.000547133 0.00967843 0.601823 2.76194e-08 0.000226981 0.231278 0.00225836 5.65567e-05 7.88199e-06 9.46505e-05 2.75104e-10 0.0799344 8.78552e-06 4.98875e-07 5.90321e-08 
0.0648192 9.57863e-12 5.03634e-09 2.88378e-12 0.727263 0.000558602 1.53619e-07 0.204614 0.000337466 0.000769926 7.77918e-08 1.62757e-11 2.17025e-08 0.000891136 1.3681e-06 0.000711163 3.35962e-05 
0.0207075 0.000641068 0.000532764 0.04214 0.330808 0.030286 0.0133011 0.0047613 0.101211 0.29145 0.000100684 0.028321 2.32926e-05 0.0592723 0.00208189 0.0728155 0.00154715 
0.02163 0.00051353 0.0256872 0.0982631 0.313306 0.0405714 0.0361642 0.0311516 0.0674228 0.0270334 0.0176869 0.000482454 6.68385e-05 0.23303 0.069347 0.0176101 3.3911e-05 
0.363765 0.0173392 5.72505e-06 0.000862063 0.43106 0.00512029 0.00595131 0.00110014 0.0122662 0.0657375 8.70486e-05 8.43492e-05 2.04684e-08 0.0169411 0.0691095 0.0101885 0.000382038 
0.0262069 0.00552432 0.000293406 0.00720944 0.552067 0.00778705 0.0117192 0.159439 0.0235408 0.0108503 0.000338729 0.00391591 0.000420957 0.0617585 0.019115 0.109367 0.000446744 
0.0559841 0.000100861 1.37546e-06 0.0107613 0.538654 0.0204 0.000927458 0.0127722 0.0374986 0.00314324 0.00050857 9.87689e-06 3.06551e-07 0.070938 0.0032063 0.245052 4.15398e-05 
