0.0633844 0.00924977 0.000807231 0.00963551 0.0526294 0.369877 0.00763401 0.0362898 0.087724 0.0249214 0.022779 0.000556294 0.00252284 0.0699357 0.0775836 0.109892 0.054578 
0.0134125 0.0001189 0.00361058 0.0372168 0.0493642 0.238702 0.145077 0.00276178 0.177296 0.0775099 0.00591941 0.002911 0.000599926 0.0865216 0.150908 0.0080421 2.84195e-05 
0.0249574 9.14143e-05 0.000218325 0.107644 0.00300663 0.492408 0.0248098 0.00109637 0.0440422 0.033323 0.000206123 0.000947518 0.0111965 0.100538 0.151138 0.00100648 0.00337133 
0.00631872 0.00231797 9.82219e-08 0.00490463 0.281687 0.354792 1.59393e-06 0.0500687 0.0576757 0.0716303 0.000435699 0.0115596 1.7306e-08 0.0124707 0.145937 5.41296e-08 0.000199774 
0.000733201 0.0360254 3.09591e-08 0.0513155 0.00951526 0.285614 0.23829 0.00140264 0.243965 0.00110032 0.000739297 0.000100937 1.32674e-11 0.0592548 0.0710267 0.000916389 6.8069e-08 
0.00957081 0.00087357 0.000185055 0.0774287 0.0129686 0.333519 0.0282539 0.000355194 0.148392 0.0336794 0.202401 0.00103129 0.00227538 0.0680682 0.074451 0.00649246 5.43074e-05 
0.033054 0.00756386 0.00174032 0.0146792 0.0068408 0.550687 0.000930105 0.00412524 0.0338201 0.0343006 0.0289119 0.000648545 0.00544759 0.0791159 0.0888473 0.000816372 0.108471 
0.0155204 0.000163929 6.71365e-06 0.0555858 0.0103732 0.606056 0.0332808 0.000196371 0.109975 0.0147777 0.00591857 8.4341e-05 6.71058e-05 0.117524 0.026306 0.0041012 6.32342e-05 
0.00112261 0.00157214 8.46113e-05 0.00212054 0.00206095 0.578498 0.00357759 0.000642916 0.0908546 0.00467835 0.000130736 0.000550423 1.50304e-06 0.27473 0.0244221 0.0148788 7.50332e-05 
0.0151321 0.0281081 1.67083e-05 0.00739485 0.128788 0.326314 0.0198999 0.0660216 0.0536934 0.00867455 0.000649699 0.00376879 4.12391e-07 0.302419 0.036559 0.00249166 6.69573e-05 
0.000872971 0.00422369 4.34431e-05 0.00239302 0.00584085 0.557181 0.00107004 0.00015195 0.17666 0.0351958 2.99344e-05 0.00447572 0.00202268 0.0814214 0.128038 6.38292e-05 0.00031447 
0.0148016 0.00121837 1.08331e-05 0.0310576 0.0295155 0.310264 0.142918 0.00453053 0.103136 0.0088738 0.00352291 0.000307022 0.00122878 0.297205 0.0179583 0.0334279 2.37307e-05 
0.00270829 0.0138201 8.91544e-06 0.0059368 0.00603535 0.594488 0.146988 0.00402905 0.0385138 2.08657e-05 0.000895979 0.00019457 7.15054e-10 0.109261 0.00318457 0.0738968 1.82793e-05 
0.00109986 0.000261862 6.74825e-06 0.00919122 0.000133166 0.877116 0.00134506 0.000174997 0.0117555 0.0546704 0.0254626 0.000174456 3.95608e-07 0.016982 0.000839347 0.000784951 1.07627e-06 
0.000156289 1.4889e-05 3.26486e-07 2.03858e-05 1.24537e-05 0.898355 0.000199009 9.30294e-05 0.0360542 0.0404547 0.000299165 3.36434e-05 7.88123e-06 0.00222505 0.0220451 1.40364e-06 2.72511e-05 
0.0433174 4.16362e-05 4.99597e-06 0.0109287 0.121325 0.3013 0.00484254 0.0279574 0.167369 0.0128387 1.51424e-05 0.000236878 5.19462e-05 0.286942 0.0180952 0.00439507 0.000337771 
0.0039453 0.000702061 0.000106682 0.0528128 0.0564417 0.313879 0.106031 0.0108592 0.21895 0.00542564 0.000441471 0.00104417 2.4753e-05 0.151439 0.0337483 0.0440896 5.83703e-05 
0.00270829 0.0138201 8.91544e-06 0.0059368 0.00603535 0.594488 0.146988 0.00402905 0.0385138 2.08657e-05 0.000895979 0.00019457 7.15054e-10 0.109261 0.00318457 0.0738968 1.82793e-05 
0.000223369 0.000767511 3.27905e-06 0.00105081 0.000197555 0.795508 0.000461686 0.000158758 0.0701109 0.00337593 1.21766e-07 0.000188702 7.55541e-07 0.113567 0.0143116 1.85377e-05 5.48356e-05 
0.00122015 0.000169424 0.000197885 0.0264043 0.0480739 0.512575 0.0279589 0.000686055 0.25624 0.0246149 0.000502056 0.000259229 0.00687607 0.0590975 0.0348374 0.000236682 5.01805e-05 
0.010533 7.35367e-05 2.28722e-05 0.117887 0.0208201 0.316418 0.147873 0.00123838 0.118476 0.0128977 0.00557667 0.000105701 0.000635093 0.047171 0.198202 0.0018933 0.000176813 
0.000147851 0.000161248 6.21204e-10 0.00404802 0.00873253 0.61221 0.0454856 0.000129266 0.204518 0.0800428 0.000337749 0.000597246 0.000322504 0.0207537 0.0222429 3.15486e-06 0.000267643 
0.0492153 0.00548274 0.000112446 0.0425011 0.0986923 0.168638 0.0282133 0.00609388 0.13245 0.167454 0.00775759 0.136977 0.000726243 0.105111 0.0450197 0.00467602 0.000879865 
0.00270829 0.0138201 8.91544e-06 0.0059368 0.00603535 0.594488 0.146988 0.00402905 0.0385138 2.08657e-05 0.000895979 0.00019457 7.15054e-10 0.109261 0.00318457 0.0738968 1.82793e-05 
0.00318449 0.000316012 5.1665e-05 0.0074727 0.00251596 0.526847 0.0276074 0.000729912 0.0481387 0.000595835 0.00744814 0.000560633 2.00853e-07 0.35976 0.00391456 0.0108466 1.07428e-05 
0.00270829 0.0138201 8.91544e-06 0.0059368 0.00603535 0.594488 0.146988 0.00402905 0.0385138 2.08657e-05 0.000895979 0.00019457 7.15054e-10 0.109261 0.00318457 0.0738968 1.82793e-05 
0.0155204 0.000163929 6.71365e-06 0.0555858 0.0103732 0.606056 0.0332808 0.000196371 0.109975 0.0147777 0.00591857 8.4341e-05 6.71058e-05 0.117524 0.026306 0.0041012 6.32342e-05 
0.0078961 0.0135085 1.10291e-06 0.00419965 0.0476927 0.507276 0.0075661 0.00203406 0.25382 0.00882281 4.32872e-05 0.0019519 1.4016e-07 0.070021 0.0666964 0.00769098 0.00077967 
0.00270829 0.0138201 8.91544e-06 0.0059368 0.00603535 0.594488 0.146988 0.00402905 0.0385138 2.08657e-05 0.000895979 0.00019457 7.15054e-10 0.109261 0.00318457 0.0738968 1.82793e-05 
0.000105188 0.0059416 2.67089e-06 0.0015875 0.00106605 0.473416 0.00219251 0.0011949 0.0199 0.000361243 8.56168e-07 0.00662027 5.58659e-07 0.453027 0.0114247 0.023084 7.46133e-05 
0.0115648 0.0216002 0.000310472 0.0850622 0.064297 0.245621 0.0836425 0.00862136 0.174924 0.0747036 0.01048 0.000423787 0.00169963 0.132858 0.0693984 0.01438 0.000412011 
0.00270829 0.0138201 8.91544e-06 0.0059368 0.00603535 0.594488 0.146988 0.00402905 0.0385138 2.08657e-05 0.000895979 0.00019457 7.15054e-10 0.109261 0.00318457 0.0738968 1.82793e-05 
0.00120223 8.27008e-05 1.24396e-07 0.00218553 0.0145492 0.697917 0.00102141 0.000124238 0.152145 0.0443832 0.00253111 8.13212e-05 1.25235e-06 0.0564703 0.0188154 0.00751259 0.000977424 
0.00516773 3.93005e-07 1.09236e-06 4.28364e-05 0.161588 0.672357 0.000993422 0.0754271 0.0453471 0.0150481 3.35489e-08 2.94475e-07 2.72051e-05 0.00445416 0.0141248 0.00539782 2.25995e-05 
0.00270829 0.0138201 8.91544e-06 0.0059368 0.00603535 0.594488 0.146988 0.00402905 0.0385138 2.08657e-05 0.000895979 0.00019457 7.15054e-10 0.109261 0.00318457 0.0738968 1.82793e-05 
0.00270829 0.0138201 8.91544e-06 0.0059368 0.00603535 0.594488 0.146988 0.00402905 0.0385138 2.08657e-05 0.000895979 0.00019457 7.15054e-10 0.109261 0.00318457 0.0738968 1.82793e-05 
0.150634 0.00412712 0.000164614 0.0578508 0.110885 0.225258 0.0445046 0.0055163 0.15613 0.037728 0.000903258 0.000599217 3.54767e-05 0.187387 0.0128065 0.00538298 8.75945e-05 
0.00983665 2.16924e-05 0.00119947 0.00586838 0.0523929 0.374422 0.0208314 0.00111189 0.344184 0.0324737 0.00146753 9.47894e-05 0.000362162 0.122815 0.0309972 0.00183841 8.2688e-05 
0.000108714 2.85958e-12 4.99513e-12 8.60918e-13 0.000469637 0.728582 1.09401e-05 5.88135e-05 0.239397 0.0204209 2.03698e-12 1.81913e-05 3.80894e-12 0.007367 0.00344896 2.082e-09 0.000117098 
0.00515107 1.7485e-06 9.76566e-05 0.0228418 0.0145153 0.39291 0.00533304 0.002938 0.350062 0.0244053 0.000159055 0.000243354 0.000514196 0.136402 0.0429277 0.00144626 5.10442e-05 
0.00195176 3.14459e-05 4.10826e-06 0.0128864 0.0492381 0.51008 0.0356909 0.000195221 0.264468 2.65062e-05 1.463e-05 1.9799e-05 1.99966e-12 0.117231 0.00745413 0.000704948 2.82768e-06 
0.0014729 5.50278e-08 0.00349289 0.0274924 0.0731163 0.303537 0.246462 0.0019812 0.0324667 0.0819298 0.000408954 4.0262e-05 0.000599776 0.123841 0.10247 0.000528694 0.000159645 
0.000909531 1.91885e-05 0.000170196 0.169217 0.00365727 0.600274 0.0308083 0.00179956 0.0921214 0.0834151 2.83877e-05 0.000195354 0.000945993 0.0149971 0.0010562 0.000118578 0.000266663 
0.000149874 0.00131573 2.36533e-06 0.00153884 0.000837622 0.826202 0.0022935 0.000184338 0.00745411 5.51741e-05 5.49349e-06 0.000199959 5.9384e-09 0.144613 0.0150728 6.8285e-05 6.91392e-06 
0.00117693 0.00141223 4.04903e-05 0.00909666 0.00807682 0.480951 0.0389671 0.000424787 0.0448402 0.00127344 0.000289181 0.000546337 3.23157e-07 0.38523 0.014246 0.0133762 5.15921e-05 
0.0155204 0.000163929 6.71365e-06 0.0555858 0.0103732 0.606056 0.0332808 0.000196371 0.109975 0.0147777 0.00591857 8.4341e-05 6.71058e-05 0.117524 0.026306 0.0041012 6.32342e-05 
0.00420769 0.00147907 0.00236956 0.315197 0.0163367 0.418178 0.00238135 0.00176875 0.0176136 0.00178502 6.7348e-06 9.14845e-05 4.73309e-06 0.0455665 0.156688 0.00102373 0.0153018 
0.00258038 0.0378188 4.67594e-07 0.029577 0.0110266 0.259635 0.0411302 0.000775815 0.254917 0.00424266 0.00486728 0.000190902 5.35505e-12 0.156458 0.177933 0.00349215 0.0153551 
0.00270829 0.0138201 8.91544e-06 0.0059368 0.00603535 0.594488 0.146988 0.00402905 0.0385138 2.08657e-05 0.000895979 0.00019457 7.15054e-10 0.109261 0.00318457 0.0738968 1.82793e-05 
0.0155204 0.000163929 6.71365e-06 0.0555858 0.0103732 0.606056 0.0332808 0.000196371 0.109975 0.0147777 0.00591857 8.4341e-05 6.71058e-05 0.117524 0.026306 0.0041012 6.32342e-05 
0.00270829 0.0138201 8.91544e-06 0.0059368 0.00603535 0.594488 0.146988 0.00402905 0.0385138 2.08657e-05 0.000895979 0.00019457 7.15054e-10 0.109261 0.00318457 0.0738968 1.82793e-05 
0.00270829 0.0138201 8.91544e-06 0.0059368 0.00603535 0.594488 0.146988 0.00402905 0.0385138 2.08657e-05 0.000895979 0.00019457 7.15054e-10 0.109261 0.00318457 0.0738968 1.82793e-05 
0.00770006 0.000321887 0.000107084 0.121758 0.0248621 0.600405 0.00203777 0.122822 0.0601458 0.0061655 0.000236016 0.00270578 0.0131729 0.0306625 0.00684595 4.59318e-05 5.54972e-06 
0.00460775 0.000548282 4.06782e-05 0.0116178 0.0039591 0.422967 0.00175565 0.00147338 0.206002 0.215985 0.000982188 1.1767e-05 2.32582e-09 0.110127 0.00356027 0.0159416 0.000420381 
1.20364e-05 2.29401e-07 0.000276669 0.0205447 0.000369848 0.43491 0.416413 7.5402e-08 0.0074675 2.23586e-05 9.47169e-08 8.22817e-08 3.19602e-10 0.110608 0.00935464 1.82942e-08 2.02529e-05 
0.000866734 0.000112379 0.000640758 0.00548997 0.028175 0.404025 0.00136752 0.000278028 0.0601441 0.332861 0.000302555 0.000851625 0.0191707 0.0833377 0.0554036 0.00559737 0.00137655 
0.0166284 0.00367423 0.000813507 0.0228883 0.0731108 0.280603 0.0591207 0.00818232 0.135605 0.0017333 0.00251205 0.00977918 0.000273227 0.183886 0.102191 0.0983647 0.000633994 
0.0307536 0.000904088 0.000640038 0.0104229 0.0380674 0.546739 0.0232984 0.0019462 0.115973 0.0116017 0.0020494 0.000191386 4.89947e-05 0.138657 0.0554395 0.0227575 0.00050928 
0.00270829 0.0138201 8.91544e-06 0.0059368 0.00603535 0.594488 0.146988 0.00402905 0.0385138 2.08657e-05 0.000895979 0.00019457 7.15054e-10 0.109261 0.00318457 0.0738968 1.82793e-05 
0.0170954 0.000641961 0.00164339 0.0145498 0.121647 0.322031 0.0201695 0.0059506 0.288887 0.0485072 0.0143882 0.00508913 9.07679e-07 0.0622043 0.0718048 0.0021253 0.00326361 
0.00270829 0.0138201 8.91544e-06 0.0059368 0.00603535 0.594488 0.146988 0.00402905 0.0385138 2.08657e-05 0.000895979 0.00019457 7.15054e-10 0.109261 0.00318457 0.0738968 1.82793e-05 
0.00270829 0.0138201 8.91544e-06 0.0059368 0.00603535 0.594488 0.146988 0.00402905 0.0385138 2.08657e-05 0.000895979 0.00019457 7.15054e-10 0.109261 0.00318457 0.0738968 1.82793e-05 
0.00264674 1.4705e-05 1.62467e-08 0.0116214 0.10704 0.44938 0.00563819 0.000211802 0.332694 0.0113257 0.0158896 0.0382462 2.87174e-09 0.0064109 0.0186477 2.06793e-05 0.000212428 
0.00270829 0.0138201 8.91544e-06 0.0059368 0.00603535 0.594488 0.146988 0.00402905 0.0385138 2.08657e-05 0.000895979 0.00019457 7.15054e-10 0.109261 0.00318457 0.0738968 1.82793e-05 
0.000633498 0.005231 0.000173496 0.00180508 0.0097231 0.468202 0.00047807 0.00288509 0.0805017 0.0258698 4.34379e-05 0.000474661 0.122847 0.223641 0.048308 0.00230335 0.00687949 
0.00270829 0.0138201 8.91544e-06 0.0059368 0.00603535 0.594488 0.146988 0.00402905 0.0385138 2.08657e-05 0.000895979 0.00019457 7.15054e-10 0.109261 0.00318457 0.0738968 1.82793e-05 
0.0063744 0.000726081 0.000706559 0.0237982 0.02899 0.475416 0.00165474 0.00137276 0.221511 0.00512116 1.12243e-05 3.54692e-05 1.83922e-05 0.0569308 0.122102 0.0522821 0.002949 
0.000408124 0.000562819 1.98496e-05 0.00417945 0.000526878 0.699811 0.00882562 0.000163676 0.0343182 0.00128589 3.47442e-05 0.000374523 6.79738e-10 0.220792 0.0281198 0.000535796 4.17561e-05 
0.00164835 1.34102e-05 1.83278e-05 0.17672 0.0253981 0.333424 0.0146332 0.122741 0.00381893 0.019094 7.07248e-06 0.000912534 0.272765 0.008066 0.0204295 6.57762e-06 0.000304405 
0.00128356 4.52042e-05 6.81175e-06 0.0149733 0.0114494 0.655639 0.016166 0.000747113 0.246236 0.0120457 1.49236e-05 6.56893e-05 5.53354e-09 0.0170468 0.0238598 0.000416267 4.90239e-06 
0.00479079 0.00385112 4.07846e-09 0.018488 0.0463608 0.251697 0.00103216 0.000125847 0.213906 0.239273 0.0379595 0.00425683 1.96242e-05 0.081986 0.0846133 0.0114299 0.000210176 
0.000368932 1.32324e-05 9.17192e-05 0.00344661 0.0270704 0.374208 0.00664957 0.00124509 0.0748562 0.161533 0.00522615 0.000493731 0.271888 0.00486113 0.0576819 0.0057634 0.00460288 
0.00582957 0.000842748 1.70388e-05 0.0185908 0.00199747 0.608885 0.0282139 0.000926643 0.0590715 0.00151409 0.0106339 0.00106339 3.21453e-09 0.232437 0.0287334 0.00124079 2.72858e-06 
0.000208739 0.000974315 1.19831e-06 0.000300477 0.00180187 0.582688 0.000186684 7.24439e-05 0.159296 0.178472 0.00243556 3.53953e-05 0.000129302 0.0075298 0.0658361 1.2763e-05 1.98281e-05 
0.01382 5.90458e-06 9.11409e-06 0.0510873 0.0120004 0.243331 0.229037 0.00349156 0.0826571 0.123529 0.00556114 0.00668235 0.00582359 0.125834 0.0965464 0.000523813 6.0144e-05 
0.0030119 0.00200027 0.000110776 0.177143 0.0376081 0.276812 0.0191061 0.0117398 0.133981 0.0711104 0.00782023 0.0515768 4.42518e-07 0.0558497 0.14638 0.0057014 4.86098e-05 
0.000265457 9.45154e-06 3.31224e-06 0.00921723 0.00144197 0.6233 0.00889835 6.01176e-05 0.324053 0.00409206 0.00473277 0.000212762 1.33603e-09 0.00410157 0.0195433 4.4769e-05 2.33726e-05 
1.53962e-06 8.21442e-06 1.15712e-06 3.43091e-06 0.000156611 0.72152 2.84328e-06 1.0922e-06 1.69736e-05 0.266158 3.89375e-08 3.51419e-06 9.45442e-09 1.9095e-05 0.0121051 2.86687e-07 1.746e-06 
0.00572757 0.216158 2.20013e-05 0.0252381 0.0313414 0.258168 0.00694554 0.00577186 0.0841585 0.0401164 0.0041015 0.0039308 1.35911e-06 0.220861 0.0480384 0.0476958 0.00172308 
0.000878185 0.00604548 4.85256e-05 0.00299247 0.00357334 0.45934 0.000401747 0.00362947 0.111975 0.00147568 0.000843585 0.00044251 8.73702e-09 0.325597 0.046851 0.0356851 0.000221689 
0.0155204 0.000163929 6.71365e-06 0.0555858 0.0103732 0.606056 0.0332808 0.000196371 0.109975 0.0147777 0.00591857 8.4341e-05 6.71058e-05 0.117524 0.026306 0.0041012 6.32342e-05 
0.000661811 0.000273611 4.61775e-05 0.0150102 0.00824134 0.815707 0.00701268 0.000332245 0.0922938 0.0163039 0.00161165 0.000221362 0.000158976 0.0151413 0.0212106 0.00563417 0.000138682 
0.00903513 0.0016887 2.09911e-05 0.0588432 0.0277357 0.373063 0.0598951 0.00490657 0.206412 0.023339 0.149977 0.000204681 1.12616e-06 0.0286463 0.00797591 0.0481128 0.000142673 
0.000622185 2.34748e-05 0.000570285 0.0543348 0.0614341 0.520882 0.0133146 0.0107313 0.163868 0.000573527 2.13385e-06 0.000271855 0.000378746 0.0397987 0.13255 0.000620221 2.37369e-05 
0.00245289 0.000241418 4.34158e-05 0.0330002 0.013676 0.629878 0.00273565 0.000458215 0.0761982 0.0209976 6.96199e-05 2.34302e-05 0.00049883 0.0530511 0.166611 8.88454e-07 6.33614e-05 
0.00277941 0.0040977 0.000355135 0.0207804 0.012857 0.371929 0.0157355 0.00124528 0.16678 0.00268067 0.00689674 0.000463342 2.40848e-08 0.324835 0.0564894 0.00411205 0.00796356 
0.207172 0.00965275 6.4273e-06 0.0868681 0.228445 0.276033 6.43367e-06 6.43288e-06 6.43519e-06 0.057911 0.00386577 6.42751e-06 6.42926e-06 0.129994 6.43455e-06 6.43424e-06 6.43347e-06 
0.00402119 4.29325e-05 1.58643e-05 0.0412916 0.00284093 0.401547 0.0142033 0.00152434 0.346168 0.000179894 0.00789414 0.0721963 3.14045e-06 0.0360683 0.0525659 0.0193355 0.00010159 
0.00145903 0.00730646 5.26678e-07 0.000171861 0.191152 0.298249 0.0181413 0.0411213 0.0812364 0.0692372 6.17837e-05 9.86675e-05 4.13053e-05 0.074962 0.0576243 0.157646 0.00149116 
0.0338857 0.00723644 4.09933e-05 0.00381025 0.0509506 0.329717 0.000324414 0.00671079 0.220542 0.0700582 3.38469e-05 0.000622792 2.72484e-09 0.247084 0.0284449 0.000399182 0.000138394 
0.000359111 2.82928e-05 3.54716e-05 0.0372196 0.00935791 0.30872 0.104278 0.00124627 0.21973 0.0510718 0.0191939 0.00291071 4.66628e-08 0.227413 0.0184005 2.21658e-05 1.27755e-05 
0.00154923 0.000698187 2.19498e-05 0.00629167 0.0110178 0.607617 0.0242544 0.00779939 0.0893944 0.00133708 2.36311e-05 0.00057446 3.97269e-08 0.211937 0.0206161 0.0167739 9.33755e-05 
0.033054 0.00756386 0.00174032 0.0146792 0.0068408 0.550687 0.000930105 0.00412524 0.0338201 0.0343006 0.0289119 0.000648545 0.00544759 0.0791159 0.0888473 0.000816372 0.108471 
0.00163899 0.0018478 0.00526566 0.0102813 0.0641182 0.380164 0.0173336 0.0149601 0.0646352 0.0827674 0.000158109 0.000412036 0.176193 0.121585 0.0556675 0.000740014 0.00223241 
0.00658753 0.000932174 1.26051e-06 0.0151511 0.00532619 0.413069 0.165676 0.00109658 0.0871023 0.00178955 0.0134324 0.000313438 9.58677e-10 0.227685 0.0136235 0.0481755 3.76058e-05 
0.000570843 0.000418404 1.40755e-07 0.000754567 0.00406784 0.779936 0.000818356 9.0059e-05 0.0696946 0.117374 8.1685e-07 0.000253679 3.66742e-05 0.0134547 0.0121676 0.000313199 4.79371e-05 
0.0121028 0.00355145 0.000625124 0.0328135 0.0362015 0.364135 0.0282887 0.00314208 0.230147 0.0158895 0.00171121 0.00199891 0.000885481 0.141738 0.119172 0.00676202 0.000835707 
0.0250574 0.000315291 5.27997e-05 0.135955 0.0397421 0.229995 0.0346785 0.00106773 0.152057 0.00429638 0.0809009 9.39558e-05 7.45498e-10 0.120934 0.152681 0.0146938 0.00747959 
0.000286068 0.000210727 3.76192e-06 0.0133896 0.00262946 0.476521 0.011626 0.000166934 0.274052 0.000433223 5.18334e-09 0.00371878 1.40952e-06 0.204621 0.0115099 0.00082826 1.51932e-06 
0.00270829 0.0138201 8.91544e-06 0.0059368 0.00603535 0.594488 0.146988 0.00402905 0.0385138 2.08657e-05 0.000895979 0.00019457 7.15054e-10 0.109261 0.00318457 0.0738968 1.82793e-05 
0.00531285 0.00770944 1.73967e-06 0.00313255 0.00637525 0.617235 0.0206489 0.00333314 0.099588 2.83843e-05 1.10259e-06 5.2577e-05 4.69007e-07 0.211067 0.0183897 0.00707085 5.2138e-05 
0.00120471 0.00964195 2.84661e-08 0.00157461 0.0103573 0.36551 0.000216097 0.00745418 0.0967622 0.0087636 2.74409e-08 0.00686672 0.00777358 0.0779934 0.348172 0.0554766 0.00223243 
0.00253799 0.000259118 5.75059e-08 0.0065954 0.00109176 0.673132 0.0299719 0.000333241 0.0356628 0.00186235 0.00127892 0.000495784 1.47694e-08 0.209687 0.0370903 1.15573e-06 1.15368e-08 
0.00141904 0.00436182 0.000738316 0.139924 0.0117023 0.409177 0.0844563 0.000630323 0.0619492 0.00167168 0.000797584 0.000182567 0.0217989 0.140333 0.0953022 0.0136107 0.0119451 
0.0530822 0.00573914 0.000119795 0.0336166 0.0389543 0.399117 0.0686864 0.0222566 0.215905 0.000992842 0.000734265 1.23825e-05 2.36686e-06 0.0462033 0.114269 0.000304334 4.59506e-06 
0.0018039 0.000166915 0.000477524 0.0865009 0.0274154 0.268353 0.0155488 0.0243522 0.0644889 0.217974 0.00164878 0.000158402 0.157834 0.0684701 0.0621704 0.00230425 0.000332283 
0.00120223 8.27008e-05 1.24396e-07 0.00218553 0.0145492 0.697917 0.00102141 0.000124238 0.152145 0.0443832 0.00253111 8.13212e-05 1.25235e-06 0.0564703 0.0188154 0.00751259 0.000977424 
0.0155204 0.000163929 6.71365e-06 0.0555858 0.0103732 0.606056 0.0332808 0.000196371 0.109975 0.0147777 0.00591857 8.4341e-05 6.71058e-05 0.117524 0.026306 0.0041012 6.32342e-05 
0.0023019 0.000122788 0.0723451 0.154006 0.00139607 0.582288 0.0010079 0.00138311 0.0805468 0.0103183 0.00360915 8.00999e-05 5.39431e-06 0.0162564 0.0739666 0.000355815 1.00106e-05 
0.00948311 0.000612472 0.0026219 0.0770315 0.0531919 0.267798 0.010058 0.133907 0.0606798 0.00455144 0.00183066 0.000734831 3.8972e-09 0.101545 0.176145 0.0946702 0.00513909 
0.0236608 0.00522428 0.00105649 0.0357571 0.0831459 0.523147 0.0312872 0.00472712 0.0661545 0.00158518 5.37861e-08 0.00203708 2.87869e-09 0.183004 0.039016 0.000133655 6.2721e-05 
0.00432324 0.000305463 7.71229e-05 0.00685807 0.0321749 0.620372 0.0153037 0.00277911 0.0881261 0.0610676 0.000266974 0.000802974 1.9676e-06 0.13507 0.0277739 0.00444243 0.000253921 
0.25017 4.96919e-05 3.02492e-05 0.0337733 0.0399283 0.350339 0.00795809 0.000542875 0.21686 0.00707414 0.0030214 0.00108832 7.60645e-07 0.07057 0.0177406 0.000821576 3.27486e-05 
0.0148508 0.00339499 0.00349066 0.0151304 0.0216597 0.668266 0.00302859 0.114927 0.00198389 0.132406 6.49818e-06 7.47896e-05 4.77478e-06 0.0110671 0.00938207 0.000312735 1.36152e-05 
0.00270829 0.0138201 8.91544e-06 0.0059368 0.00603535 0.594488 0.146988 0.00402905 0.0385138 2.08657e-05 0.000895979 0.00019457 7.15054e-10 0.109261 0.00318457 0.0738968 1.82793e-05 
0.000206668 4.67855e-08 9.26652e-05 0.0074446 0.00505999 0.25806 0.137477 0.000683641 0.224522 0.0960131 6.34634e-06 0.000251785 1.81783e-06 0.0454573 0.224391 0.000255346 7.72334e-05 
0.00270829 0.0138201 8.91544e-06 0.0059368 0.00603535 0.594488 0.146988 0.00402905 0.0385138 2.08657e-05 0.000895979 0.00019457 7.15054e-10 0.109261 0.00318457 0.0738968 1.82793e-05 
8.6229e-05 6.20023e-05 1.5133e-05 0.00274161 0.000782656 0.66515 0.00202625 0.000758402 0.214583 0.0027363 1.48988e-08 0.000164674 1.60854e-06 0.0973141 0.0130683 0.000492454 1.72397e-05 
0.00270829 0.0138201 8.91544e-06 0.0059368 0.00603535 0.594488 0.146988 0.00402905 0.0385138 2.08657e-05 0.000895979 0.00019457 7.15054e-10 0.109261 0.00318457 0.0738968 1.82793e-05 
4.76513e-07 2.10006e-05 8.78991e-07 2.83026e-07 0.000224014 0.969993 7.3105e-06 2.39432e-06 0.00209874 0.0246823 9.77031e-08 2.33056e-07 4.81522e-07 0.00296574 1.09547e-06 3.99289e-08 1.68006e-06 
0.00270829 0.0138201 8.91544e-06 0.0059368 0.00603535 0.594488 0.146988 0.00402905 0.0385138 2.08657e-05 0.000895979 0.00019457 7.15054e-10 0.109261 0.00318457 0.0738968 1.82793e-05 
0.0913193 0.0121648 0.000160857 0.0325986 0.0387023 0.255217 0.00380474 0.00292554 0.199275 0.017655 0.0264582 0.00102485 1.51246e-05 0.230444 0.0514963 0.00306141 0.0336775 
0.00270829 0.0138201 8.91544e-06 0.0059368 0.00603535 0.594488 0.146988 0.00402905 0.0385138 2.08657e-05 0.000895979 0.00019457 7.15054e-10 0.109261 0.00318457 0.0738968 1.82793e-05 
0.00637652 0.00241177 0.00187674 0.050963 0.00129292 0.519245 0.0759299 0.00275716 0.124264 0.0213528 0.00988985 0.000396158 1.72215e-07 0.157804 0.0171324 0.00680792 0.00149942 
0.00130771 0.0176761 1.09176e-05 0.00650489 0.00834544 0.542567 0.00362993 0.000365355 0.0716057 0.0104758 0.00595147 0.00325376 1.52295e-06 0.283523 0.0286948 0.0158199 0.000266439 
0.00536686 0.00585197 0.000172396 0.0493992 0.0110823 0.528569 0.0223679 0.00222364 0.127297 0.00710265 0.00122614 0.00096234 1.12073e-07 0.213045 0.0238359 0.00141254 8.47211e-05 
0.00270829 0.0138201 8.91544e-06 0.0059368 0.00603535 0.594488 0.146988 0.00402905 0.0385138 2.08657e-05 0.000895979 0.00019457 7.15054e-10 0.109261 0.00318457 0.0738968 1.82793e-05 
0.00270829 0.0138201 8.91544e-06 0.0059368 0.00603535 0.594488 0.146988 0.00402905 0.0385138 2.08657e-05 0.000895979 0.00019457 7.15054e-10 0.109261 0.00318457 0.0738968 1.82793e-05 
0.0127071 0.000804647 0.00980229 0.0619289 0.0737597 0.310364 0.0850846 0.0306369 0.081485 0.228398 0.0383523 0.00361623 0.00442085 0.0357146 0.0216366 8.04266e-07 0.00128747 
0.00226077 0.000852993 0.000753511 0.262934 0.0177784 0.341747 0.0581298 0.000798139 0.140395 0.00316956 0.00906698 0.000284371 1.67916e-07 0.066286 0.0509059 0.0446363 1.34646e-06 
0.0479512 0.00809415 2.39366e-06 0.0514946 0.202412 0.256077 0.0132418 0.0051295 0.11747 0.0147032 0.00564955 2.22984e-05 0.0008554 0.183757 0.0387021 0.0544014 3.58352e-05 
0.00246028 0.00104639 8.21716e-07 9.90468e-12 0.0102796 0.394999 0.0012359 0.000409241 0.11209 0.388619 8.82575e-08 0.000482986 0.0327519 0.035018 0.0146988 0.00402851 0.00187935 
0.000216849 0.00301064 3.42109e-06 0.00232831 0.00139939 0.665544 0.0022575 0.00936292 0.0307501 0.000446441 9.85419e-06 0.00462966 2.67018e-07 0.240609 0.0223556 0.0168193 0.000257117 
0.00668522 0.0940851 0.000300428 0.0323069 0.0585453 0.396545 0.00529123 0.0127088 0.0233779 0.353226 0.011136 4.01579e-05 4.6891e-05 0.000297477 0.00526682 1.76415e-10 0.000140454 
3.50168e-05 1.19033e-05 1.43168e-06 2.46263e-05 0.000557731 0.6848 0.000849375 4.74006e-07 0.0402951 0.190668 8.14564e-07 0.0155438 1.47616e-05 0.0607138 0.00153039 2.38597e-07 0.00495261 
0.0110409 0.00629297 0.000259662 0.134842 0.0441685 0.348262 0.0689423 0.00247683 0.134838 0.0175353 0.0041205 0.000365528 0.00161359 0.131168 0.082599 0.00773539 0.00373948 
0.00316301 0.00175075 0.00025559 0.0198966 0.023989 0.328016 0.16072 0.00018419 0.20119 0.00143911 2.87119e-05 6.47306e-05 4.03968e-09 0.136115 0.107397 0.0125141 0.00327628 
0.138417 8.29e-10 7.2943e-06 0.0498413 0.00182079 0.257973 0.000302016 0.000816776 0.194104 0.0400304 0.233037 0.000548401 3.14395e-07 0.0456493 0.0374505 5.69444e-08 3.72966e-10 
0.00131001 0.00108893 0.000677982 0.0716083 0.00657468 0.462168 0.00889149 0.0013838 0.132008 0.00542728 0.000757823 0.000469649 5.86114e-06 0.233249 0.0580019 0.0108968 0.00548083 
0.000291894 0.000601722 9.08194e-06 0.00322723 0.003824 0.762527 0.00888961 0.000822913 0.0470121 0.000529159 8.42711e-11 0.000469457 1.83095e-09 0.160694 0.00572046 0.00534745 3.38104e-05 
0.0080792 3.10979e-05 0.000451734 0.027287 0.014692 0.55313 0.0942641 0.00132708 0.0123454 0.102345 0.0603531 0.00358614 0.000144126 0.0674377 0.0543457 9.43747e-07 0.000180074 
0.0542225 3.99421e-05 0.000177218 0.00247237 0.224863 0.255399 5.24448e-05 0.00373289 0.109148 0.0719852 4.10573e-05 0.000590187 1.21275e-07 0.217626 0.0582386 0.00131481 9.55317e-05 
0.0108526 0.108943 0.00112293 0.0264394 0.0665551 0.179055 0.0107553 0.0374437 0.134862 0.115225 0.000982778 0.00202661 7.64348e-07 0.177475 0.0929618 0.0250268 0.0102718 
0.00571346 0.000402639 0.0272225 0.0409861 0.0233102 0.494902 0.0442859 0.000426659 0.139774 0.0121247 0.00358209 0.000659585 0.0247403 0.155384 0.0159833 0.0094932 0.00101061 
0.0184583 4.54815e-05 7.15034e-05 0.0589339 0.0519385 0.376664 0.0111295 0.0018298 0.154382 0.167788 0.0127055 0.000202107 1.05164e-06 0.118132 0.0276331 7.20293e-06 7.77215e-05 
0.00903513 0.0016887 2.09911e-05 0.0588432 0.0277357 0.373063 0.0598951 0.00490657 0.206412 0.023339 0.149977 0.000204681 1.12616e-06 0.0286463 0.00797591 0.0481128 0.000142673 
0.00178528 0.000955013 0.0314186 0.0370829 0.0269875 0.540915 0.0165047 0.0857407 0.0636138 0.00549958 0.000143018 0.000163259 1.6604e-08 0.113809 0.0704582 0.000364363 0.00455915 
0.00903513 0.0016887 2.09911e-05 0.0588432 0.0277357 0.373063 0.0598951 0.00490657 0.206412 0.023339 0.149977 0.000204681 1.12616e-06 0.0286463 0.00797591 0.0481128 0.000142673 
0.000343555 3.3279e-05 0.0109242 0.000603128 0.00871919 0.690146 0.000625667 0.00679616 0.130102 0.00849886 5.75601e-05 0.00309847 0.000102542 0.137965 0.00152592 2.77886e-05 0.000430606 
0.000639817 0.00198644 0.0218269 0.000416765 0.00813377 0.483034 0.000361838 0.00114154 0.255804 0.109985 1.05836e-05 0.00012644 1.27746e-05 0.0800046 0.0247663 0.0107489 0.00100073 
0.00744679 2.39007e-07 1.69549e-11 0.00257376 0.0221407 0.631008 0.0521598 0.000243431 0.235562 0.014389 1.14447e-06 0.000432148 3.72188e-07 0.00121518 0.0298309 0.00251416 0.000482917 
0.0587373 0.000414024 0.000174104 0.0127949 0.0021385 0.308624 0.00655017 0.000344279 0.110256 0.178958 0.000726567 0.000299743 0.00303484 0.182658 0.131974 7.40703e-05 0.00224236 
0.00213263 5.72864e-06 0.00209165 0.00342956 0.00180046 0.824998 0.000474132 0.000761143 0.0332798 0.0350134 2.40093e-09 1.29363e-06 1.3297e-05 0.00843409 0.0875629 2.44727e-07 1.75017e-06 
0.000724249 1.40866e-05 3.29055e-05 0.0190767 0.00148567 0.906341 0.00146622 0.000239272 0.0194963 0.0286123 0.000579021 0.000336829 5.03198e-08 0.0200894 0.00121053 2.50291e-05 0.000270231 
0.00284708 0.000482851 0.00021757 0.0705256 0.00452407 0.373588 0.00990021 0.000484219 0.0263529 0.0102678 0.000878846 0.12046 2.23958e-06 0.354914 0.014467 0.000263483 0.0098234 
0.00187667 0.00674453 4.9527e-06 0.0624261 0.00102747 0.513161 0.0409196 0.000131331 0.155538 0.00570734 0.0193902 0.000105881 2.076e-07 0.173875 0.0185377 3.68049e-05 0.000518045 
0.000165955 0.000192223 0.000651299 0.00147123 0.017562 0.42082 0.00131327 0.000255816 0.0708903 0.32649 0.000458029 0.00115095 0.000183098 0.0914711 0.0563144 0.00949102 0.00111956 
0.0153275 0.00549012 0.00122009 0.0176058 0.146172 0.297605 0.0191429 0.15464 0.0557033 0.0199487 0.00253656 0.00909212 1.48959e-05 0.211652 0.0309027 0.00682228 0.00612426 
0.000186842 0.00478145 2.58022e-06 0.00137321 0.00151262 0.535509 0.000257133 0.0164668 0.0251742 0.000683029 2.21873e-09 0.00947988 5.59337e-07 0.338184 0.0327528 0.0331916 0.000444169 
0.000570843 0.000418404 1.40755e-07 0.000754567 0.00406784 0.779936 0.000818356 9.0059e-05 0.0696946 0.117374 8.1685e-07 0.000253679 3.66742e-05 0.0134547 0.0121676 0.000313199 4.79371e-05 
0.00270829 0.0138201 8.91544e-06 0.0059368 0.00603535 0.594488 0.146988 0.00402905 0.0385138 2.08657e-05 0.000895979 0.00019457 7.15054e-10 0.109261 0.00318457 0.0738968 1.82793e-05 
0.00198545 9.96174e-05 4.19488e-07 0.00027201 0.0278208 0.660182 0.000170975 0.0010437 0.229551 0.0246616 0.00113548 0.000675828 6.95177e-06 0.0463744 0.00580146 0.000172301 4.60035e-05 
0.00265236 0.000397828 1.48491e-05 0.0116093 0.0241449 0.592999 0.0231618 0.0113494 0.163489 0.00802219 0.00424372 0.00264886 0.000174228 0.123673 0.0236862 0.00554775 0.00218616 
0.000824527 6.88708e-06 3.87083e-05 0.0242603 0.00776156 0.427908 0.029116 0.000709794 0.367629 0.000750984 0.000902926 0.000226014 9.56851e-09 0.120903 0.0178626 0.00103856 6.14461e-05 
0.0155204 0.000163929 6.71365e-06 0.0555858 0.0103732 0.606056 0.0332808 0.000196371 0.109975 0.0147777 0.00591857 8.4341e-05 6.71058e-05 0.117524 0.026306 0.0041012 6.32342e-05 
0.0329519 8.97902e-06 1.92251e-05 0.040511 0.112196 0.190591 0.0558697 0.00361235 0.189123 0.00162041 0.0123825 0.000191352 7.46476e-06 0.168092 0.112406 0.0772365 0.00318207 
0.00164835 1.34102e-05 1.83278e-05 0.17672 0.0253981 0.333424 0.0146332 0.122741 0.00381893 0.019094 7.07248e-06 0.000912534 0.272765 0.008066 0.0204295 6.57762e-06 0.000304405 
0.00246028 0.00104639 8.21716e-07 9.90468e-12 0.0102796 0.394999 0.0012359 0.000409241 0.11209 0.388619 8.82575e-08 0.000482986 0.0327519 0.035018 0.0146988 0.00402851 0.00187935 
6.00621e-05 0.000195908 0.00579477 0.173613 0.0068802 0.252824 0.00783682 0.00258439 0.0206166 0.0073408 1.13943e-05 0.00159006 0.156478 0.0999778 0.181111 0.000342392 0.0827426 
0.0152863 0.000268385 0.0894225 0.0504069 0.0192832 0.20952 0.0207206 0.0177266 0.14845 0.0100222 0.0310654 0.000468519 1.1903e-05 0.191999 0.135181 0.046529 0.0136377 
0.00270829 0.0138201 8.91544e-06 0.0059368 0.00603535 0.594488 0.146988 0.00402905 0.0385138 2.08657e-05 0.000895979 0.00019457 7.15054e-10 0.109261 0.00318457 0.0738968 1.82793e-05 
0.000143903 0.000450285 8.00066e-06 0.00480754 0.018093 0.502184 0.000867345 0.00050969 0.0274436 0.221571 0.000878221 0.00249304 0.00937038 0.0426777 0.060888 0.000976558 0.106638 
0.0117758 1.01593e-07 2.64015e-05 0.00717858 0.0629002 0.390007 0.137209 0.0894465 0.048381 0.194707 0.000176965 0.000869258 9.79944e-08 0.042933 0.0141149 0.000257318 1.73268e-05 
0.00108764 0.00242926 2.58269e-06 0.00142464 0.00713453 0.734947 0.00222774 0.000237884 0.0684296 0.10648 3.53758e-05 9.34606e-05 0.00482833 0.0111656 0.0183929 0.000461435 0.0406219 
0.00917629 0.00341284 1.17574e-05 0.000580427 0.00988346 0.471181 0.032277 0.00351542 0.361661 0.00697458 5.29252e-06 8.10501e-05 2.40809e-06 0.0920745 0.00862194 0.00051828 2.22994e-05 
0.104121 0.0189626 1.17122e-05 0.0395827 0.00963383 0.466316 0.044555 0.000877942 0.0553554 0.014222 1.60664e-05 0.0059464 6.09866e-06 0.187069 0.0532056 5.49399e-06 0.000112408 
0.00103725 0.000178076 7.03899e-05 0.0358569 0.00424867 0.571869 0.17058 0.000707514 0.131198 0.00572025 0.0034714 0.000121904 2.1934e-07 0.0626299 0.00941166 0.00288073 1.86259e-05 
5.26453e-05 0.00602458 1.21501e-11 0.00564735 1.26695e-05 0.359792 0.00614203 0.0010053 0.217485 0.017573 0.00502622 1.71255e-06 1.86223e-09 0.333567 0.0475823 3.74623e-08 8.8667e-05 
0.000986565 0.0184275 6.61489e-06 0.00585627 0.00623174 0.626751 0.00116445 0.00017821 0.0811807 0.0139678 0.00787089 0.00294503 2.03041e-06 0.199719 0.0326522 0.00179645 0.00026389 
0.000769259 0.0014908 0.000779184 0.0155384 0.0572812 0.454381 0.00508375 0.025205 0.0457879 0.288199 2.55015e-05 0.000286624 0.000243302 0.048265 0.0555916 0.000808203 0.000263911 
0.00270829 0.0138201 8.91544e-06 0.0059368 0.00603535 0.594488 0.146988 0.00402905 0.0385138 2.08657e-05 0.000895979 0.00019457 7.15054e-10 0.109261 0.00318457 0.0738968 1.82793e-05 
0.00270829 0.0138201 8.91544e-06 0.0059368 0.00603535 0.594488 0.146988 0.00402905 0.0385138 2.08657e-05 0.000895979 0.00019457 7.15054e-10 0.109261 0.00318457 0.0738968 1.82793e-05 
0.00140708 0.000908297 0.000114994 0.0373832 0.0169139 0.411731 0.04928 0.00147645 0.255014 0.11857 0.00317983 0.00141565 1.48278e-06 0.0816675 0.0172103 0.00370493 2.17833e-05 
0.00139351 1.79008e-08 0.000662023 0.025014 0.0193747 0.373611 0.00488384 0.00214029 0.169026 0.13676 0.00195282 5.14876e-05 0.117254 0.0380761 0.103738 0.00376007 0.00230241 
0.0433174 4.16362e-05 4.99597e-06 0.0109287 0.121325 0.3013 0.00484254 0.0279574 0.167369 0.0128387 1.51424e-05 0.000236878 5.19462e-05 0.286942 0.0180952 0.00439507 0.000337771 
0.00270829 0.0138201 8.91544e-06 0.0059368 0.00603535 0.594488 0.146988 0.00402905 0.0385138 2.08657e-05 0.000895979 0.00019457 7.15054e-10 0.109261 0.00318457 0.0738968 1.82793e-05 
0.00830031 6.48344e-05 3.21048e-05 0.019559 0.0434498 0.404466 0.0447582 0.0039565 0.184866 0.113133 0.000684665 0.000112351 0.00092108 0.164476 0.00852086 0.00269633 2.54993e-06 
0.00477151 0.00605321 1.18188e-05 0.244148 0.0330722 0.258098 0.0301014 0.0704971 0.0683532 0.0502225 0.00333072 0.00149465 0.112667 0.0239354 0.0920873 0.000814899 0.0003412 
0.0108594 0.00688402 0.00525265 0.0953739 0.0346653 0.260232 0.134454 0.0146107 0.117914 0.106855 0.0296364 0.0381311 2.63438e-07 0.0690893 0.0632124 0.00446274 0.00836753 
0.0206963 0.000902279 0.000162242 0.00262907 0.119058 0.300794 0.000428683 0.00579089 0.146488 0.216915 9.59303e-06 5.26936e-05 4.25614e-06 0.162022 0.0157221 0.0079932 0.000331339 
0.0088927 0.00191999 9.75615e-05 0.0464208 0.0370609 0.531749 0.0540035 0.0238263 0.0922646 0.0239196 0.0017133 0.000478168 4.73448e-07 0.149779 0.0147117 0.0130384 0.000124312 
6.25436e-05 0.000100021 0.000497822 0.000572807 0.0176379 0.727505 0.0931086 0.00483761 0.0747539 0.0671301 0.000203228 7.32183e-05 6.8573e-05 0.00456758 0.00882551 1.87459e-05 3.72033e-05 
0.0170663 0.00137971 2.93813e-05 0.0384442 0.058782 0.365292 0.00473362 0.00924544 0.0925357 0.0808419 0.0692229 0.0067162 5.24191e-05 0.048142 0.197586 0.00832378 0.00160726 
0.00482432 0.00469363 0.00296883 0.00244799 0.0155012 0.353864 0.000412118 0.00916663 0.206439 0.00655849 0.000789925 0.000497851 3.48011e-06 0.300615 0.038667 0.0522974 0.000252255 
0.0449778 0.00105383 5.45812e-08 0.00358216 0.00261333 0.38728 0.00308832 6.08622e-05 0.107836 0.00470433 0.00172693 8.5226e-06 5.01342e-05 0.38325 0.0596682 3.90667e-05 6.11944e-05 
0.00270829 0.0138201 8.91544e-06 0.0059368 0.00603535 0.594488 0.146988 0.00402905 0.0385138 2.08657e-05 0.000895979 0.00019457 7.15054e-10 0.109261 0.00318457 0.0738968 1.82793e-05 
0.0473433 0.00193382 0.00054963 0.00461955 0.0171658 0.293199 0.00748604 0.00173384 0.2316 0.0275797 0.0040362 0.000404075 0.000628692 0.277404 0.0838245 0.000206108 0.000286297 
0.0226774 4.4184e-05 2.84112e-10 0.0884799 0.0432708 0.471033 0.000592948 0.000337917 0.154176 3.5822e-07 0.0004243 2.76364e-10 1.39091e-05 0.211598 0.00735036 8.2461e-08 4.25282e-08 
2.6812e-06 0.00065205 7.27424e-06 1.24684e-05 2.84941e-05 0.45732 0.000230379 0.0897699 0.00497468 0.00719826 1.44941e-08 0.00113143 5.43815e-06 0.438549 0.000112839 1.71318e-06 2.60023e-06 
3.64032e-05 4.29471e-11 7.50202e-11 1.29298e-11 0.000156819 0.84388 0.0003579 0.000267225 0.0798027 0.0491878 3.05928e-11 6.20918e-06 5.72051e-11 0.024804 0.00115032 1.06696e-08 0.000351007 
0.0150067 0.00010429 1.51615e-05 0.00943204 0.0885852 0.408636 0.0110554 0.00361813 0.171293 0.151836 0.00143624 0.00031967 2.43274e-05 0.100414 0.0365995 0.000887326 0.00073707 
0.224841 0.0147041 0.000709121 0.00640814 0.0642586 0.473938 0.00254994 0.00323605 0.0782309 0.0189045 0.00354316 0.000198063 7.18494e-05 0.0481153 0.0582957 0.000658539 0.00133646 
0.000643568 3.13082e-05 7.91654e-05 0.0130249 0.0226116 0.480893 0.0153409 0.00714684 0.1684 0.000303626 0.000227627 0.000255045 0.0470323 0.110257 0.0483925 0.0851706 0.000190155 
0.000651644 0.000590314 0.000891077 0.00129683 0.00282199 0.604325 0.00355298 0.0472958 0.00146649 0.305446 8.02678e-05 0.000133324 0.005314 0.0253741 0.000714435 1.88415e-06 4.39043e-05 
0.00159725 8.96298e-06 2.33706e-05 0.0525165 0.0240673 0.549693 0.186606 0.000325022 0.0951095 0.000716508 0.00151089 0.000322417 3.70124e-06 0.0511305 0.031729 0.00462598 1.37946e-05 
0.00270829 0.0138201 8.91544e-06 0.0059368 0.00603535 0.594488 0.146988 0.00402905 0.0385138 2.08657e-05 0.000895979 0.00019457 7.15054e-10 0.109261 0.00318457 0.0738968 1.82793e-05 
0.00169138 0.00442228 1.62282e-05 0.0362245 0.0553119 0.360363 0.108352 0.00242195 0.256002 0.00110608 3.49561e-05 2.30537e-05 2.14232e-08 0.169709 0.00335376 0.00091666 5.11803e-05 
0.00243877 0.0190175 2.64913e-09 0.0155382 0.104125 0.249232 0.0250791 3.19925e-06 3.01277e-06 0.179742 0.000350101 1.69208e-06 5.31786e-07 0.166525 0.237937 6.23071e-06 3.62815e-07 
0.00331867 0.000461037 2.39052e-05 0.0231272 0.00103754 0.521372 0.0277102 7.50077e-05 0.224915 0.00503111 0.118326 3.00018e-06 1.8478e-09 0.0203604 0.054088 0.000136048 1.51368e-05 
0.0487974 0.0222641 0.00573911 0.0198604 0.0701834 0.39102 0.0286862 0.107872 0.15606 0.0574251 0.00261281 0.000601459 6.926e-07 0.0346389 0.0207591 0.0310589 0.00242041 
0.00019096 1.50183e-06 0.000296485 0.0083172 0.000349989 0.567887 0.00930138 0.00207145 0.0322977 0.295807 0.000156921 5.15083e-05 0.000459657 0.0087843 0.0734218 0.0001946 0.00041082 
0.00148563 0.00840303 0.000507221 0.0469064 0.01929 0.4298 0.0217954 0.002763 0.211649 0.00568405 0.00040413 0.000356661 1.63193e-06 0.172598 0.0734121 0.000884297 0.00405885 
0.00270829 0.0138201 8.91544e-06 0.0059368 0.00603535 0.594488 0.146988 0.00402905 0.0385138 2.08657e-05 0.000895979 0.00019457 7.15054e-10 0.109261 0.00318457 0.0738968 1.82793e-05 
0.033054 0.00756386 0.00174032 0.0146792 0.0068408 0.550687 0.000930105 0.00412524 0.0338201 0.0343006 0.0289119 0.000648545 0.00544759 0.0791159 0.0888473 0.000816372 0.108471 
0.0335258 0.0127846 0.00177614 0.0687982 0.108456 0.235157 0.013772 0.0193486 0.228672 0.0300483 0.00400691 0.0017185 1.39631e-05 0.0830734 0.0988471 0.0549987 0.00500284 
0.000316523 0.00731432 6.02309e-05 0.00463948 0.00197148 0.546642 0.0503933 0.000211222 0.149506 0.0071138 8.43233e-05 0.000384692 3.52534e-07 0.193464 0.0355649 0.00214139 0.000191004 
0.000724249 1.40866e-05 3.29055e-05 0.0190767 0.00148567 0.906341 0.00146622 0.000239272 0.0194963 0.0286123 0.000579021 0.000336829 5.03198e-08 0.0200894 0.00121053 2.50291e-05 0.000270231 
0.000759223 0.000758887 0.000758464 0.000759278 0.000759362 0.760036 0.000759216 0.000759123 0.228578 0.000759237 0.000759043 0.00075849 0.000758696 0.000759376 0.00075932 0.000759284 0.000759193 
0.00122927 1.57915e-06 9.78795e-05 0.000232305 0.00244483 0.485877 0.00171264 0.00104021 0.226769 0.230108 0.0103927 3.94256e-05 0.000600183 0.00752385 0.0317439 4.02726e-05 0.000146416 
