0.000656972 6.40559e-05 5.07441e-05 0.00593991 0.00105212 0.41594 0.00973247 0.000258285 0.0513562 0.345198 0.000193835 0.000114487 8.98569e-06 0.162505 0.00538131 2.37981e-05 0.00152389 
0.0134125 0.0001189 0.00361058 0.0372168 0.0493642 0.238702 0.145077 0.00276178 0.177296 0.0775099 0.00591941 0.002911 0.000599926 0.0865216 0.150908 0.0080421 2.84195e-05 
0.000733201 0.0360254 3.09591e-08 0.0513155 0.00951526 0.285614 0.23829 0.00140264 0.243965 0.00110032 0.000739297 0.000100937 1.32674e-11 0.0592548 0.0710267 0.000916389 6.8069e-08 
0.00957081 0.00087357 0.000185055 0.0774287 0.0129686 0.333519 0.0282539 0.000355194 0.148392 0.0336794 0.202401 0.00103129 0.00227538 0.0680682 0.074451 0.00649246 5.43074e-05 
0.0300719 0.0061896 0.00138478 0.0464168 0.0387147 0.372307 0.0122217 0.0101502 0.166249 0.0279969 0.0109183 0.00105424 0.00570954 0.198843 0.0523053 0.0167003 0.00276641 
0.00443719 0.000378675 1.40547e-05 0.00728263 0.0483886 0.484085 0.00930322 0.00369604 0.132809 0.0905306 0.00159609 0.00120477 4.99932e-06 0.214513 0.00148088 0.000246412 2.91516e-05 
0.0139157 0.00294074 0.000371484 0.0124059 0.0460033 0.28051 0.00547623 0.00795244 0.237066 0.179283 0.0174476 0.00496833 0.000689867 0.122839 0.0643359 0.00344402 0.000350005 
1.17177e-09 2.61264e-08 6.22445e-06 3.3737e-05 8.1316e-05 0.954216 0.00106066 0.000330128 0.0144476 0.00255244 2.33801e-13 1.95757e-08 4.82112e-06 0.0267184 0.000549049 1.59576e-09 2.42186e-09 
0.00270829 0.0138201 8.91544e-06 0.0059368 0.00603535 0.594488 0.146988 0.00402905 0.0385138 2.08657e-05 0.000895979 0.00019457 7.15054e-10 0.109261 0.00318457 0.0738968 1.82793e-05 
0.00270829 0.0138201 8.91544e-06 0.0059368 0.00603535 0.594488 0.146988 0.00402905 0.0385138 2.08657e-05 0.000895979 0.00019457 7.15054e-10 0.109261 0.00318457 0.0738968 1.82793e-05 
0.000724249 1.40866e-05 3.29055e-05 0.0190767 0.00148567 0.906341 0.00146622 0.000239272 0.0194963 0.0286123 0.000579021 0.000336829 5.03198e-08 0.0200894 0.00121053 2.50291e-05 0.000270231 
0.000872971 0.00422369 4.34431e-05 0.00239302 0.00584085 0.557181 0.00107004 0.00015195 0.17666 0.0351958 2.99344e-05 0.00447572 0.00202268 0.0814214 0.128038 6.38292e-05 0.00031447 
0.00270829 0.0138201 8.91544e-06 0.0059368 0.00603535 0.594488 0.146988 0.00402905 0.0385138 2.08657e-05 0.000895979 0.00019457 7.15054e-10 0.109261 0.00318457 0.0738968 1.82793e-05 
0.00238436 0.00939948 2.54546e-06 0.00649181 0.0183488 0.506134 0.00305289 0.000316016 0.0869262 0.0163453 0.00665551 0.00252377 2.72931e-07 0.308958 0.0270085 0.00524769 0.000204828 
0.00120223 8.27008e-05 1.24396e-07 0.00218553 0.0145492 0.697917 0.00102141 0.000124238 0.152145 0.0443832 0.00253111 8.13212e-05 1.25235e-06 0.0564703 0.0188154 0.00751259 0.000977424 
0.027944 0.000930723 1.51503e-08 0.0316206 0.153657 0.462946 0.00240266 0.0346844 0.0113553 0.130405 0.0286749 0.000136452 3.50654e-05 0.0359889 0.0730047 0.00619437 1.97176e-05 
0.004142 0.00105365 3.24414e-06 0.00342097 0.0211797 0.523953 0.0128695 0.0105829 0.0326362 0.00304286 2.72748e-05 0.0033547 2.06735e-05 0.228892 0.0521012 0.102362 0.00035842 
3.07648e-06 4.08087e-05 1.2639e-09 1.10662e-05 7.05313e-06 0.77084 0.0393924 1.70734e-05 2.83664e-05 0.18921 5.15409e-10 0.000106347 9.63758e-10 0.000152216 5.61482e-05 0.000133037 2.31154e-06 
0.00054349 0.0109535 9.25934e-06 0.00598063 0.00402872 0.728865 0.00143736 8.44532e-05 0.0780885 0.0195548 0.0110192 0.00107709 1.97691e-06 0.113583 0.0225335 0.00203981 0.000199355 
0.000724249 1.40866e-05 3.29055e-05 0.0190767 0.00148567 0.906341 0.00146622 0.000239272 0.0194963 0.0286123 0.000579021 0.000336829 5.03198e-08 0.0200894 0.00121053 2.50291e-05 0.000270231 
0.0148517 0.00158835 5.12188e-06 0.0391666 0.0168569 0.401735 0.0174083 0.000271105 0.212209 0.00241697 0.00401537 0.00038691 0.000203735 0.170208 0.117669 0.000696199 0.000311562 
0.0124667 0.000333416 0.000115711 0.0243725 0.063762 0.32213 0.0123382 0.0027419 0.10052 0.314347 0.00614635 0.00706359 0.013774 0.0894335 0.0293985 0.000670276 0.000386898 
0.0213346 0.00575657 0.000298721 0.014545 0.0581722 0.315041 0.00265865 0.00026387 0.136518 0.135302 1.34124e-05 0.000141773 3.08051e-07 0.0841618 0.212197 0.00537898 0.00821729 
0.0166962 0.000789369 0.0029995 0.00535862 0.106058 0.220921 0.0298218 0.12725 0.0792698 0.000352456 0.000669222 0.000358576 6.72942e-06 0.163495 0.0608726 0.184433 0.000647864 
0.0155204 0.000163929 6.71365e-06 0.0555858 0.0103732 0.606056 0.0332808 0.000196371 0.109975 0.0147777 0.00591857 8.4341e-05 6.71058e-05 0.117524 0.026306 0.0041012 6.32342e-05 
0.0178482 0.0012385 0.000302868 0.00289469 0.0120712 0.366474 0.00443817 0.081384 0.107906 0.0403833 0.00305855 0.00134728 4.9607e-07 0.341428 0.0188117 0.000239547 0.00017334 
0.000186842 0.00478145 2.58022e-06 0.00137321 0.00151262 0.535509 0.000257133 0.0164668 0.0251742 0.000683029 2.21873e-09 0.00947988 5.59337e-07 0.338184 0.0327528 0.0331916 0.000444169 
0.00270829 0.0138201 8.91544e-06 0.0059368 0.00603535 0.594488 0.146988 0.00402905 0.0385138 2.08657e-05 0.000895979 0.00019457 7.15054e-10 0.109261 0.00318457 0.0738968 1.82793e-05 
0.00171985 5.34602e-05 0.00108713 0.105701 0.00624177 0.396607 0.00956064 0.00254236 0.300263 0.00238112 0.000527239 0.00125137 0.0388971 0.0791922 0.035776 0.0177105 0.000488101 
0.00270829 0.0138201 8.91544e-06 0.0059368 0.00603535 0.594488 0.146988 0.00402905 0.0385138 2.08657e-05 0.000895979 0.00019457 7.15054e-10 0.109261 0.00318457 0.0738968 1.82793e-05 
0.000878185 0.00604548 4.85256e-05 0.00299247 0.00357334 0.45934 0.000401747 0.00362947 0.111975 0.00147568 0.000843585 0.00044251 8.73702e-09 0.325597 0.046851 0.0356851 0.000221689 
0.0150356 0.00259473 0.000203368 0.00885517 0.00674568 0.376301 0.0190336 0.00353752 0.0942149 0.00364952 0.102044 0.000154826 1.82541e-08 0.332892 0.015649 0.00198015 0.0171088 
3.61828e-05 0.000348181 0.00015067 4.07412e-05 1.08939e-05 0.777412 0.00173246 2.40243e-05 0.00548872 0.0711629 0.00734769 2.8282e-05 4.53952e-06 0.135932 0.000242493 1.5286e-05 2.20757e-05 
0.000584522 0.00220642 1.25119e-05 0.00336693 0.0117154 0.436859 0.00186717 0.0243588 0.0447487 0.00145579 1.05578e-05 0.00796603 3.31935e-07 0.356857 0.0291627 0.0785411 0.000287225 
0.00102024 0.00974437 0.000935645 0.00711175 0.0243216 0.253773 0.00276224 0.0055077 0.158911 0.118248 0.0120074 0.00212465 9.87256e-06 0.11163 0.207733 0.0777773 0.00638279 
0.00270829 0.0138201 8.91544e-06 0.0059368 0.00603535 0.594488 0.146988 0.00402905 0.0385138 2.08657e-05 0.000895979 0.00019457 7.15054e-10 0.109261 0.00318457 0.0738968 1.82793e-05 
0.0912001 0.0168371 6.79511e-05 0.180832 0.0458057 0.253109 0.0603779 0.00810907 0.0828893 0.00087359 0.000532173 0.000856147 4.88009e-08 0.232179 0.018634 0.00737192 0.000325289 
0.00270829 0.0138201 8.91544e-06 0.0059368 0.00603535 0.594488 0.146988 0.00402905 0.0385138 2.08657e-05 0.000895979 0.00019457 7.15054e-10 0.109261 0.00318457 0.0738968 1.82793e-05 
0.0155204 0.000163929 6.71365e-06 0.0555858 0.0103732 0.606056 0.0332808 0.000196371 0.109975 0.0147777 0.00591857 8.4341e-05 6.71058e-05 0.117524 0.026306 0.0041012 6.32342e-05 
0.00117016 0.00102954 0.00140159 0.0235451 0.00347843 0.30665 0.046369 0.00098488 0.15833 0.270536 0.0018515 0.00174041 4.07611e-08 0.0882415 0.0759737 0.0102065 0.0084922 
0.00126443 0.000224035 3.47447e-05 0.00649735 0.00101592 0.723949 0.00982155 0.00018096 0.074073 0.00443819 0.000162121 0.000230646 2.28454e-07 0.163282 0.00855094 0.00617668 9.86902e-05 
0.00270829 0.0138201 8.91544e-06 0.0059368 0.00603535 0.594488 0.146988 0.00402905 0.0385138 2.08657e-05 0.000895979 0.00019457 7.15054e-10 0.109261 0.00318457 0.0738968 1.82793e-05 
0.00270829 0.0138201 8.91544e-06 0.0059368 0.00603535 0.594488 0.146988 0.00402905 0.0385138 2.08657e-05 0.000895979 0.00019457 7.15054e-10 0.109261 0.00318457 0.0738968 1.82793e-05 
0.00530394 6.77592e-08 0.000361176 0.307878 0.00358376 0.560184 0.0108108 0.000167257 0.018936 0.0235516 0.000264901 0.000329538 8.18963e-09 0.0502119 0.0179089 2.53122e-08 0.000507949 
0.00270829 0.0138201 8.91544e-06 0.0059368 0.00603535 0.594488 0.146988 0.00402905 0.0385138 2.08657e-05 0.000895979 0.00019457 7.15054e-10 0.109261 0.00318457 0.0738968 1.82793e-05 
0.000105188 0.0059416 2.67089e-06 0.0015875 0.00106605 0.473416 0.00219251 0.0011949 0.0199 0.000361243 8.56168e-07 0.00662027 5.58659e-07 0.453027 0.0114247 0.023084 7.46133e-05 
0.0864253 0.203693 9.97144e-06 0.00153934 0.0215406 0.359211 0.00500499 0.000895443 0.130359 0.15149 0.00271265 0.000474525 3.81285e-06 0.0211272 0.0146512 0.000357091 0.000503866 
0.00450686 0.00276638 1.57017e-05 0.00208288 0.00473565 0.412935 0.0110887 0.00145083 0.00772967 0.0748683 0.000352482 0.0128762 0.24796 0.171689 0.0199183 0.0216699 0.00335366 
0.000971386 2.81445e-06 4.9163e-06 0.00451944 0.000621956 0.910464 0.00196764 0.00023429 0.00347949 0.00976831 0.0017773 0.000718752 3.74883e-06 0.00248709 0.0629773 8.19328e-07 1.26622e-06 
0.00270829 0.0138201 8.91544e-06 0.0059368 0.00603535 0.594488 0.146988 0.00402905 0.0385138 2.08657e-05 0.000895979 0.00019457 7.15054e-10 0.109261 0.00318457 0.0738968 1.82793e-05 
0.00516773 3.93005e-07 1.09236e-06 4.28364e-05 0.161588 0.672357 0.000993422 0.0754271 0.0453471 0.0150481 3.35489e-08 2.94475e-07 2.72051e-05 0.00445416 0.0141248 0.00539782 2.25995e-05 
0.00164835 1.34102e-05 1.83278e-05 0.17672 0.0253981 0.333424 0.0146332 0.122741 0.00381893 0.019094 7.07248e-06 0.000912534 0.272765 0.008066 0.0204295 6.57762e-06 0.000304405 
0.120025 0.00200547 1.58375e-05 0.134458 0.0326678 0.326474 0.00230444 0.0246548 0.175209 0.00351024 0.0015135 0.000226491 1.84137e-06 0.170951 0.00458993 0.00136928 2.28891e-05 
0.00983665 2.16924e-05 0.00119947 0.00586838 0.0523929 0.374422 0.0208314 0.00111189 0.344184 0.0324737 0.00146753 9.47894e-05 0.000362162 0.122815 0.0309972 0.00183841 8.2688e-05 
0.000372429 4.46357e-06 5.35425e-07 0.00261087 0.000367148 0.699877 0.00544567 2.75741e-05 0.270586 0.00180776 0.000252502 0.000140053 3.58337e-07 0.000808283 0.0175686 1.18091e-05 0.000119196 
0.00932816 0.0018591 1.05177e-06 0.00773847 0.0842969 0.480943 0.0163568 0.0107233 0.300312 0.0213672 0.00342568 9.76181e-05 2.58993e-08 0.0157011 0.0478272 1.25558e-05 9.53321e-06 
0.000408124 0.000562819 1.98496e-05 0.00417945 0.000526878 0.699811 0.00882562 0.000163676 0.0343182 0.00128589 3.47442e-05 0.000374523 6.79738e-10 0.220792 0.0281198 0.000535796 4.17561e-05 
0.00270829 0.0138201 8.91544e-06 0.0059368 0.00603535 0.594488 0.146988 0.00402905 0.0385138 2.08657e-05 0.000895979 0.00019457 7.15054e-10 0.109261 0.00318457 0.0738968 1.82793e-05 
0.00120223 8.27008e-05 1.24396e-07 0.00218553 0.0145492 0.697917 0.00102141 0.000124238 0.152145 0.0443832 0.00253111 8.13212e-05 1.25235e-06 0.0564703 0.0188154 0.00751259 0.000977424 
0.00166543 0.000547767 0.000480236 0.026411 0.016391 0.36477 0.00940357 0.0180962 0.20108 0.00812428 0.00026299 0.000308942 2.19959e-06 0.292674 0.0474422 0.0122538 8.73966e-05 
0.00117635 0.000107717 4.35413e-05 0.00381647 0.00900781 0.448825 0.00663321 0.00331478 0.418988 0.000311358 0.0010144 0.000305962 3.23074e-09 0.0335687 0.0703629 0.00252002 3.94173e-06 
0.00916279 0.000649835 3.11442e-07 0.0809337 0.117925 0.350517 0.0371611 0.0131039 0.055345 0.0149616 0.000208777 0.00119686 1.41308e-05 0.281854 0.0368639 1.68428e-07 0.000102048 
0.00117417 0.00797307 1.51774e-09 0.00388644 0.0101771 0.395901 0.00217621 0.00074581 0.176606 0.0172713 0.00232011 0.00943801 3.01456e-05 0.290328 0.059285 0.0216774 0.00101 
0.00562307 0.000405784 3.10683e-05 0.000628026 0.00107665 0.488115 0.000290361 0.000455067 0.310447 0.00494001 6.00658e-07 0.000240208 3.24206e-09 0.182389 0.00417513 0.00111538 6.80455e-05 
0.00450686 0.00276638 1.57017e-05 0.00208288 0.00473565 0.412935 0.0110887 0.00145083 0.00772967 0.0748683 0.000352482 0.0128762 0.24796 0.171689 0.0199183 0.0216699 0.00335366 
0.00606326 2.01814e-06 4.45026e-06 0.00343658 0.00984041 0.558771 0.183918 0.0101779 0.0948963 0.0488262 0.000491537 0.0195012 1.16447e-05 0.0534582 0.0104915 1.43957e-05 9.55184e-05 
0.0155204 0.000163929 6.71365e-06 0.0555858 0.0103732 0.606056 0.0332808 0.000196371 0.109975 0.0147777 0.00591857 8.4341e-05 6.71058e-05 0.117524 0.026306 0.0041012 6.32342e-05 
0.000271411 4.27535e-05 6.40644e-05 0.00332544 0.00131884 0.533852 0.00241095 4.50963e-05 0.0594831 0.120284 0.000848953 0.000146813 0.220284 0.0260454 0.0254619 0.0025069 0.00360778 
0.00450652 2.99917e-10 5.23896e-10 1.3545e-06 0.0188046 0.318104 0.0163509 0.199408 0.136154 0.0052449 2.13642e-10 3.31298e-06 3.99487e-10 0.24184 0.0595821 2.27094e-07 1.8904e-07 
0.00331425 0.00013731 0.000708264 0.000663071 0.00195413 0.577565 0.00949861 1.67603e-05 0.0837754 0.271787 0.0011885 9.54123e-06 0.000132797 0.0305497 0.0141415 0.000131403 0.0044269 
0.00121545 5.56193e-06 0.000544223 0.00877711 0.0116091 0.868633 0.0137011 0.0117336 0.0192553 0.0534864 0.00111831 0.00106385 2.93796e-05 0.00613961 0.0021132 0.000567938 7.10356e-06 
2.91128e-08 0.000280176 3.73545e-08 0.012225 0.000121269 0.681012 0.0483376 0.000295921 0.0749477 0.00209303 0.00040114 7.66981e-09 2.61296e-12 0.175496 0.0044244 0.00021658 0.000149752 
0.00355935 0.000162743 0.00013758 0.0271315 0.00261614 0.412237 0.0104576 0.0069537 0.258239 0.0141568 0.0958661 6.43658e-05 4.88387e-06 0.0235646 0.143184 0.00164887 1.52528e-05 
0.0193994 0.000275816 0.000152503 0.00072811 1.23159e-05 0.329612 0.00553054 0.0108989 0.0996975 0.275583 0.20311 8.02663e-05 5.2057e-06 0.0548965 1.39753e-05 1.99316e-06 1.37998e-06 
0.060127 1.98949e-07 1.48918e-05 0.00995156 0.0831997 0.292006 0.0141987 0.0010705 0.101607 0.175832 0.0147342 0.000632701 0.000141209 0.204012 0.0328643 0.00958086 2.66183e-05 
0.00929125 0.00248653 9.8908e-06 0.0169465 0.0299017 0.43267 0.00959741 0.0021691 0.13528 0.00628953 0.00735705 0.0017613 2.53168e-05 0.295684 0.0484702 0.00202619 3.31416e-05 
0.00165327 0.000570062 3.23567e-05 0.00120938 0.000159626 0.670518 0.00167864 0.000132579 0.0369259 0.00217619 4.55612e-07 0.000982983 3.29035e-06 0.250369 0.0333378 0.000219483 3.12412e-05 
0.000105188 0.0059416 2.67089e-06 0.0015875 0.00106605 0.473416 0.00219251 0.0011949 0.0199 0.000361243 8.56168e-07 0.00662027 5.58659e-07 0.453027 0.0114247 0.023084 7.46133e-05 
0.000159604 0.0480416 0.000149717 0.00055275 0.000229712 0.793351 5.41091e-05 0.000293857 0.000323291 0.00304506 6.59007e-07 0.000877998 2.55378e-08 0.0832849 0.0655246 0.00191079 0.00220001 
0.00117088 0.000545786 0.000601541 0.0451533 0.00439686 0.475397 0.110623 0.000109877 0.0634705 0.0196713 0.000361695 1.41756e-05 0.00342567 0.0174988 0.256103 0.00113107 0.000325108 
0.0307536 0.000904088 0.000640038 0.0104229 0.0380674 0.546739 0.0232984 0.0019462 0.115973 0.0116017 0.0020494 0.000191386 4.89947e-05 0.138657 0.0554395 0.0227575 0.00050928 
0.00054349 0.0109535 9.25934e-06 0.00598063 0.00402872 0.728865 0.00143736 8.44532e-05 0.0780885 0.0195548 0.0110192 0.00107709 1.97691e-06 0.113583 0.0225335 0.00203981 0.000199355 
0.00270829 0.0138201 8.91544e-06 0.0059368 0.00603535 0.594488 0.146988 0.00402905 0.0385138 2.08657e-05 0.000895979 0.00019457 7.15054e-10 0.109261 0.00318457 0.0738968 1.82793e-05 
0.00758019 9.61943e-05 2.73602e-05 0.0168941 0.11192 0.498567 0.0391036 0.000410221 0.0220157 0.000559082 2.44089e-05 6.51726e-05 3.01632e-09 0.254729 0.0159203 0.0320456 4.11437e-05 
0.00113904 1.64501e-07 2.12322e-05 0.0089212 0.00437858 0.555634 0.211189 0.00714661 0.0979585 0.0625739 0.000314159 0.000643554 5.81575e-06 0.0328931 0.0171575 2.24305e-05 1.3162e-06 
5.45592e-05 4.71923e-08 8.24357e-08 1.99304e-05 0.000700932 0.990817 0.00806453 0.000304533 4.5358e-09 1.75917e-08 3.36167e-08 8.01876e-08 6.28597e-08 1.30198e-05 2.55037e-05 1.37383e-08 2.12317e-08 
0.00163306 0.000252616 1.51849e-08 0.201965 0.00435924 0.408998 0.0153931 5.05144e-08 0.114571 7.84222e-06 1.91044e-08 1.77524e-07 3.88923e-09 0.160083 0.0892005 0.00353601 3.04518e-09 
0.000724249 1.40866e-05 3.29055e-05 0.0190767 0.00148567 0.906341 0.00146622 0.000239272 0.0194963 0.0286123 0.000579021 0.000336829 5.03198e-08 0.0200894 0.00121053 2.50291e-05 0.000270231 
0.000306542 0.0068718 8.5456e-06 0.04698 0.00887261 0.50474 0.023257 0.000143943 0.186966 0.0113858 0.00275165 0.00054037 0.000124573 0.149386 0.0533941 0.00418499 8.65954e-05 
0.000976193 0.00118464 0.00025133 0.0309719 0.0176193 0.325005 0.0352252 0.000343087 0.157185 0.187322 0.0299946 0.0688982 9.17982e-07 0.0936017 0.0513046 2.80006e-08 0.000115759 
0.00237728 0.00317571 0.000102328 0.0133364 0.0369628 0.24784 0.0336209 0.00144086 0.217877 0.0700606 0.00469032 0.00057083 1.07255e-05 0.0872323 0.242851 0.0238238 0.0140276 
0.000858843 3.74968e-10 6.54996e-10 0.000174661 0.00691263 0.757028 0.174769 0.000138663 6.02518e-06 0.0591565 1.4369e-05 1.20774e-06 4.99454e-10 0.000231061 1.57526e-06 0.000707359 4.36002e-07 
0.00270829 0.0138201 8.91544e-06 0.0059368 0.00603535 0.594488 0.146988 0.00402905 0.0385138 2.08657e-05 0.000895979 0.00019457 7.15054e-10 0.109261 0.00318457 0.0738968 1.82793e-05 
0.0063744 0.000726081 0.000706559 0.0237982 0.02899 0.475416 0.00165474 0.00137276 0.221511 0.00512116 1.12243e-05 3.54692e-05 1.83922e-05 0.0569308 0.122102 0.0522821 0.002949 
0.00270829 0.0138201 8.91544e-06 0.0059368 0.00603535 0.594488 0.146988 0.00402905 0.0385138 2.08657e-05 0.000895979 0.00019457 7.15054e-10 0.109261 0.00318457 0.0738968 1.82793e-05 
0.00128356 4.52042e-05 6.81175e-06 0.0149733 0.0114494 0.655639 0.016166 0.000747113 0.246236 0.0120457 1.49236e-05 6.56893e-05 5.53354e-09 0.0170468 0.0238598 0.000416267 4.90239e-06 
0.0155204 0.000163929 6.71365e-06 0.0555858 0.0103732 0.606056 0.0332808 0.000196371 0.109975 0.0147777 0.00591857 8.4341e-05 6.71058e-05 0.117524 0.026306 0.0041012 6.32342e-05 
0.0155204 0.000163929 6.71365e-06 0.0555858 0.0103732 0.606056 0.0332808 0.000196371 0.109975 0.0147777 0.00591857 8.4341e-05 6.71058e-05 0.117524 0.026306 0.0041012 6.32342e-05 
0.00472087 0.00149746 0.000179216 0.0178183 0.0206042 0.417955 0.0106065 0.00403205 0.322158 0.0381567 0.00607803 0.000543605 0.00361506 0.106836 0.0382514 0.00657461 0.000371912 
0.0679834 0.000856287 0.0489084 0.0272188 0.0513278 0.24461 0.00247059 0.102031 0.0836444 0.0785456 0.00246136 0.000540598 6.87855e-08 0.186048 0.098208 0.00513883 6.79034e-06 
0.000638631 0.0065555 4.01665e-06 0.00184161 0.00532495 0.598284 0.00201675 0.000417056 0.0496532 0.0654002 0.00013285 2.05254e-07 0.0238071 0.00759534 0.0234743 0.000328827 0.214525 
2.45711e-05 1.51703e-05 4.57278e-06 0.000305323 0.0471033 0.454928 0.000300968 0.0219682 0.0241798 0.447683 7.64235e-08 1.0506e-05 1.42904e-07 0.00276098 0.000680822 1.0384e-06 3.36541e-05 
0.000724642 0.000932682 1.62046e-05 0.00120334 0.0126917 0.385564 0.0014856 0.00427102 0.179509 0.0814796 0.00441387 0.00152288 0.0384408 0.226869 0.0330399 0.0272193 0.000616496 
0.0388943 0.000113487 0.000782368 0.047545 0.00771299 0.590709 0.0257186 0.117882 0.0170592 0.000349615 0.00211437 0.00032013 7.07738e-11 0.130875 0.00377745 0.0157782 0.00036788 
0.00270829 0.0138201 8.91544e-06 0.0059368 0.00603535 0.594488 0.146988 0.00402905 0.0385138 2.08657e-05 0.000895979 0.00019457 7.15054e-10 0.109261 0.00318457 0.0738968 1.82793e-05 
0.000489516 0.000950844 2.8013e-06 0.0015372 0.00151673 0.777645 3.38075e-05 0.00702177 0.0241819 0.00247096 1.32119e-06 0.00530233 1.98833e-09 0.122569 0.0279527 0.02812 0.000203613 
0.00222707 0.000305952 2.37732e-05 0.0337766 0.0235646 0.478024 0.0349305 0.000343481 0.244263 0.00298768 3.29887e-05 0.00340615 3.66553e-09 0.140431 0.0356036 6.81069e-05 1.06947e-05 
0.00656386 0.00300463 0.0859919 0.00605097 0.0661265 0.448387 0.00513939 0.0311384 0.0787646 0.237691 7.51512e-05 0.00102349 0.000351819 0.024015 0.00369382 0.000106056 0.00187626 
0.00221912 0.0011267 0.0142785 0.0758796 0.010477 0.339344 0.020474 0.000910257 0.150073 0.0173357 0.080376 0.000605433 0.027285 0.0842126 0.15506 0.00195484 0.0183875 
0.050088 0.00751988 0.000591539 0.0314021 0.00377511 0.279565 0.181681 0.00158041 0.062739 0.00280423 0.00350298 0.000990637 1.83644e-05 0.221395 0.137024 0.00750991 0.00781311 
0.000927527 2.22632e-06 0.000282077 0.00487656 0.0302755 0.714773 0.118717 0.000200324 0.0451677 0.0409626 0.00511808 6.48816e-05 0.00204578 0.0233835 0.0127825 0.000372496 4.78186e-05 
0.00507145 0.00224523 0.000556802 0.0921036 0.0614951 0.265157 0.0328312 0.00125096 0.172236 0.0116449 0.00762734 0.000554841 1.22901e-05 0.0912056 0.236705 0.0155125 0.00379006 
8.00288e-05 1.06811e-05 1.62476e-05 0.0168726 0.000798776 0.717472 0.015133 0.000113743 0.214216 0.000280635 1.33276e-05 4.05318e-05 1.04048e-08 0.0266159 0.0082722 2.1707e-05 4.24149e-05 
0.00572757 0.216158 2.20013e-05 0.0252381 0.0313414 0.258168 0.00694554 0.00577186 0.0841585 0.0401164 0.0041015 0.0039308 1.35911e-06 0.220861 0.0480384 0.0476958 0.00172308 
0.00196244 7.13407e-06 1.03108e-06 0.0311797 0.000499734 0.695904 0.000298958 0.000180949 0.00695994 0.230944 4.53384e-08 0.00125251 2.98813e-08 0.0292945 0.000965671 0.000539202 1.08524e-05 
0.000878185 0.00604548 4.85256e-05 0.00299247 0.00357334 0.45934 0.000401747 0.00362947 0.111975 0.00147568 0.000843585 0.00044251 8.73702e-09 0.325597 0.046851 0.0356851 0.000221689 
0.0076713 0.000112416 0.000102473 0.119657 0.0231728 0.608995 0.00185405 0.126282 0.0567694 0.00626457 0.000239547 0.00176456 0.0101329 0.0300864 0.00685042 4.01769e-05 5.22085e-06 
0.00111008 1.14701e-05 6.82861e-06 0.201515 0.0103823 0.432962 1.11924e-06 0.32805 0.00106283 0.00260831 2.03882e-05 8.91446e-05 0.0216225 1.34552e-06 0.000556656 1.59425e-07 4.3123e-08 
0.00270829 0.0138201 8.91544e-06 0.0059368 0.00603535 0.594488 0.146988 0.00402905 0.0385138 2.08657e-05 0.000895979 0.00019457 7.15054e-10 0.109261 0.00318457 0.0738968 1.82793e-05 
0.0187813 0.00738598 5.20296e-08 0.00721521 0.00237344 0.737989 0.0142775 0.00203752 0.154741 0.00437564 0.000948372 1.5917e-07 3.19926e-12 0.0426962 0.00184709 0.00491967 0.000411964 
0.00127955 8.99045e-05 4.40176e-05 0.0082781 0.0241741 0.38693 0.0248152 0.00748072 0.362446 0.0563627 6.56289e-05 0.00188299 2.16495e-05 0.103515 0.0209862 0.00157384 5.40503e-05 
0.00940999 0.00013684 4.3156e-05 0.0227959 0.157913 0.314451 0.0254404 0.00114238 0.0895787 0.132183 0.0185827 0.000268437 1.5069e-05 0.175858 0.049961 0.00219179 2.85637e-05 
0.00270829 0.0138201 8.91544e-06 0.0059368 0.00603535 0.594488 0.146988 0.00402905 0.0385138 2.08657e-05 0.000895979 0.00019457 7.15054e-10 0.109261 0.00318457 0.0738968 1.82793e-05 
0.0433675 0.000701053 4.10574e-07 0.00238726 0.00205501 0.547531 0.00206629 0.000180771 0.159777 0.0023016 0.0014322 8.97605e-06 1.88891e-06 0.195906 0.0421538 5.8169e-05 7.09201e-05 
0.0300503 0.00387554 7.68614e-09 0.0134576 0.0210323 0.349012 0.051705 0.00305946 0.1967 0.00154992 0.0494737 0.000712583 3.17122e-12 0.261297 0.0127015 0.00523516 0.000138602 
0.000359111 2.82928e-05 3.54716e-05 0.0372196 0.00935791 0.30872 0.104278 0.00124627 0.21973 0.0510718 0.0191939 0.00291071 4.66628e-08 0.227413 0.0184005 2.21658e-05 1.27755e-05 
0.0155204 0.000163929 6.71365e-06 0.0555858 0.0103732 0.606056 0.0332808 0.000196371 0.109975 0.0147777 0.00591857 8.4341e-05 6.71058e-05 0.117524 0.026306 0.0041012 6.32342e-05 
0.00163899 0.0018478 0.00526566 0.0102813 0.0641182 0.380164 0.0173336 0.0149601 0.0646352 0.0827674 0.000158109 0.000412036 0.176193 0.121585 0.0556675 0.000740014 0.00223241 
0.0204282 0.00231501 0.000531646 0.10844 0.0247974 0.290173 0.0213971 0.0023069 0.236859 0.0064698 0.0232156 0.00150178 5.05182e-07 0.143427 0.102835 0.0152323 7.08775e-05 
0.000440148 0.00112469 0.000515775 0.0147532 0.0136071 0.5543 0.0131173 0.00120132 0.124865 0.00392866 4.53718e-05 0.000836335 1.60272e-12 0.195114 0.0687267 0.00397923 0.00344583 
0.0121028 0.00355145 0.000625124 0.0328135 0.0362015 0.364135 0.0282887 0.00314208 0.230147 0.0158895 0.00171121 0.00199891 0.000885481 0.141738 0.119172 0.00676202 0.000835707 
0.00270829 0.0138201 8.91544e-06 0.0059368 0.00603535 0.594488 0.146988 0.00402905 0.0385138 2.08657e-05 0.000895979 0.00019457 7.15054e-10 0.109261 0.00318457 0.0738968 1.82793e-05 
0.00802285 0.0189395 1.22324e-05 0.0232594 0.0316586 0.320924 0.0148244 0.00666866 0.140666 0.0294828 0.00140907 0.00738279 7.99619e-07 0.281642 0.100208 0.0144495 0.000449308 
0.0250574 0.000315291 5.27997e-05 0.135955 0.0397421 0.229995 0.0346785 0.00106773 0.152057 0.00429638 0.0809009 9.39558e-05 7.45498e-10 0.120934 0.152681 0.0146938 0.00747959 
0.00270829 0.0138201 8.91544e-06 0.0059368 0.00603535 0.594488 0.146988 0.00402905 0.0385138 2.08657e-05 0.000895979 0.00019457 7.15054e-10 0.109261 0.00318457 0.0738968 1.82793e-05 
0.00313799 0.00121881 2.86205e-07 0.0050803 0.0163465 0.316743 0.000870932 2.71875e-07 0.172492 0.304119 1.99288e-05 9.03739e-05 5.53788e-07 0.146112 0.0317897 0.00181554 0.000162871 
0.00531285 0.00770944 1.73967e-06 0.00313255 0.00637525 0.617235 0.0206489 0.00333314 0.099588 2.83843e-05 1.10259e-06 5.2577e-05 4.69007e-07 0.211067 0.0183897 0.00707085 5.2138e-05 
0.00545542 2.52858e-05 0.000472379 0.0540621 0.0166375 0.716283 0.0494098 0.00104926 0.0388805 0.0275791 0.0172214 8.58292e-05 3.19709e-06 0.0687707 0.00313513 0.000345217 0.000584234 
0.000105188 0.0059416 2.67089e-06 0.0015875 0.00106605 0.473416 0.00219251 0.0011949 0.0199 0.000361243 8.56168e-07 0.00662027 5.58659e-07 0.453027 0.0114247 0.023084 7.46133e-05 
0.00270829 0.0138201 8.91544e-06 0.0059368 0.00603535 0.594488 0.146988 0.00402905 0.0385138 2.08657e-05 0.000895979 0.00019457 7.15054e-10 0.109261 0.00318457 0.0738968 1.82793e-05 
0.00120471 0.00964195 2.84661e-08 0.00157461 0.0103573 0.36551 0.000216097 0.00745418 0.0967622 0.0087636 2.74409e-08 0.00686672 0.00777358 0.0779934 0.348172 0.0554766 0.00223243 
0.00270829 0.0138201 8.91544e-06 0.0059368 0.00603535 0.594488 0.146988 0.00402905 0.0385138 2.08657e-05 0.000895979 0.00019457 7.15054e-10 0.109261 0.00318457 0.0738968 1.82793e-05 
0.0285252 0.0377211 0.00396863 0.0265507 0.0547446 0.243475 0.0226865 0.0261142 0.192973 0.028507 0.001729 0.00208888 1.2495e-05 0.23331 0.0724489 0.0218024 0.0033435 
0.000571763 0.000681336 3.04174e-07 0.0064376 0.00119234 0.476152 0.239505 0.000826806 0.0526478 3.38091e-07 0.0017521 0.000103182 1.63281e-10 0.169757 0.000877973 0.0493451 0.000149724 
0.00141904 0.00436182 0.000738316 0.139924 0.0117023 0.409177 0.0844563 0.000630323 0.0619492 0.00167168 0.000797584 0.000182567 0.0217989 0.140333 0.0953022 0.0136107 0.0119451 
0.00903513 0.0016887 2.09911e-05 0.0588432 0.0277357 0.373063 0.0598951 0.00490657 0.206412 0.023339 0.149977 0.000204681 1.12616e-06 0.0286463 0.00797591 0.0481128 0.000142673 
0.00227265 0.052952 0.000740847 0.0517883 0.0260616 0.252755 0.0191095 0.0179057 0.234365 0.00369928 0.000720345 0.000611786 5.93692e-06 0.207168 0.119095 0.00544441 0.00530471 
0.000721407 0.000571602 0.000450564 0.0244119 0.00601299 0.503495 0.00165665 0.000127555 0.224315 0.0302075 0.000112921 8.82819e-05 0.00159115 0.0633299 0.135449 0.00182567 0.00563213 
0.000872971 0.00422369 4.34431e-05 0.00239302 0.00584085 0.557181 0.00107004 0.00015195 0.17666 0.0351958 2.99344e-05 0.00447572 0.00202268 0.0814214 0.128038 6.38292e-05 0.00031447 
0.0155204 0.000163929 6.71365e-06 0.0555858 0.0103732 0.606056 0.0332808 0.000196371 0.109975 0.0147777 0.00591857 8.4341e-05 6.71058e-05 0.117524 0.026306 0.0041012 6.32342e-05 
0.00270829 0.0138201 8.91544e-06 0.0059368 0.00603535 0.594488 0.146988 0.00402905 0.0385138 2.08657e-05 0.000895979 0.00019457 7.15054e-10 0.109261 0.00318457 0.0738968 1.82793e-05 
0.015583 7.32931e-07 0.000228407 0.000105326 0.0660952 0.52511 0.0769545 0.0234834 0.105968 0.14986 5.91248e-07 0.00586462 2.90645e-08 0.0235272 0.00721293 5.52883e-06 2.94012e-07 
0.00153766 0.000266816 2.22434e-06 0.0402138 0.00139176 0.547579 0.195821 0.000307136 0.132698 0.000899846 0.000498588 5.11835e-07 2.81833e-12 0.0724374 0.00477477 0.00156158 9.54978e-06 
0.00270829 0.0138201 8.91544e-06 0.0059368 0.00603535 0.594488 0.146988 0.00402905 0.0385138 2.08657e-05 0.000895979 0.00019457 7.15054e-10 0.109261 0.00318457 0.0738968 1.82793e-05 
0.00159706 0.000546199 0.00411907 0.0240854 0.043054 0.435392 0.00752988 0.00690697 0.280104 0.0235244 0.00439306 0.000140194 3.09034e-05 0.0464872 0.115195 0.00506025 0.00183508 
0.00270829 0.0138201 8.91544e-06 0.0059368 0.00603535 0.594488 0.146988 0.00402905 0.0385138 2.08657e-05 0.000895979 0.00019457 7.15054e-10 0.109261 0.00318457 0.0738968 1.82793e-05 
0.0225346 6.8295e-05 4.29932e-05 0.0501555 0.0287697 0.249904 0.234091 0.0190076 0.207073 0.0288139 0.00639171 0.000710268 0.000439796 0.0634603 0.0699067 0.0173461 0.00128409 
0.00912689 2.5272e-07 6.18367e-08 0.0107602 0.0184941 0.895059 0.0142507 1.45157e-06 0.0326444 0.00032868 4.02497e-10 8.06383e-06 2.93731e-11 0.0143871 0.00490501 3.26026e-05 1.11319e-06 
0.000563861 0.00422571 5.57991e-09 0.00211592 0.00433057 0.38711 0.000183808 0.0261588 0.0167757 0.000584064 7.14419e-13 0.00894288 9.76973e-10 0.383067 0.0629165 0.102379 0.000646407 
0.00270829 0.0138201 8.91544e-06 0.0059368 0.00603535 0.594488 0.146988 0.00402905 0.0385138 2.08657e-05 0.000895979 0.00019457 7.15054e-10 0.109261 0.00318457 0.0738968 1.82793e-05 
0.000707405 2.39825e-08 3.99221e-12 8.03388e-08 0.00540116 0.561144 0.0001649 0.000262148 0.314816 0.0850979 1.5945e-08 0.000211367 2.04101e-08 0.0191937 0.0127966 1.51929e-05 0.00019039 
0.00270829 0.0138201 8.91544e-06 0.0059368 0.00603535 0.594488 0.146988 0.00402905 0.0385138 2.08657e-05 0.000895979 0.00019457 7.15054e-10 0.109261 0.00318457 0.0738968 1.82793e-05 
0.0273418 6.64257e-05 0.00248156 0.0439503 0.108244 0.269144 0.00165067 0.00095981 0.134805 0.186532 0.00223019 0.00160532 0.161118 0.0267441 0.0236937 0.00917565 0.000257424 
0.000679122 0.00536462 0.0261132 0.0161751 0.00608765 0.335531 0.0273758 0.000154193 0.0831219 0.00838056 0.0179428 0.00438547 0.000110231 0.268255 0.195563 0.0046114 0.00014807 
0.0093921 6.71434e-05 0.00204628 0.0043195 0.0195394 0.408221 0.00637764 0.00144827 0.2492 0.0199701 0.00184396 0.000448971 9.73817e-05 0.227854 0.0331661 0.00126113 0.0147478 
0.00270829 0.0138201 8.91544e-06 0.0059368 0.00603535 0.594488 0.146988 0.00402905 0.0385138 2.08657e-05 0.000895979 0.00019457 7.15054e-10 0.109261 0.00318457 0.0738968 1.82793e-05 
0.00270829 0.0138201 8.91544e-06 0.0059368 0.00603535 0.594488 0.146988 0.00402905 0.0385138 2.08657e-05 0.000895979 0.00019457 7.15054e-10 0.109261 0.00318457 0.0738968 1.82793e-05 
0.00270829 0.0138201 8.91544e-06 0.0059368 0.00603535 0.594488 0.146988 0.00402905 0.0385138 2.08657e-05 0.000895979 0.00019457 7.15054e-10 0.109261 0.00318457 0.0738968 1.82793e-05 
2.6184e-07 2.47025e-07 0.000437092 1.57071e-06 0.000189442 0.880753 3.19665e-06 0.000636928 0.034842 0.0772518 7.21422e-07 6.89822e-08 6.81761e-08 2.11838e-06 0.00541595 0.000223379 0.000241802 
0.00197028 0.000748733 0.00399778 0.0669277 0.0285353 0.291596 0.0414724 0.00342584 0.14788 0.00371005 0.000243207 9.77476e-05 0.00768338 0.224265 0.171208 0.000722941 0.00551566 
0.0155204 0.000163929 6.71365e-06 0.0555858 0.0103732 0.606056 0.0332808 0.000196371 0.109975 0.0147777 0.00591857 8.4341e-05 6.71058e-05 0.117524 0.026306 0.0041012 6.32342e-05 
0.00536686 0.00585197 0.000172396 0.0493992 0.0110823 0.528569 0.0223679 0.00222364 0.127297 0.00710265 0.00122614 0.00096234 1.12073e-07 0.213045 0.0238359 0.00141254 8.47211e-05 
0.00126786 1.01016e-05 0.000156804 0.0301313 0.00375714 0.492287 0.186499 0.00027873 0.190496 0.0315769 9.38298e-05 0.00109018 4.45164e-07 0.0173866 0.028757 0.0161668 4.46583e-05 
0.00127955 8.99045e-05 4.40176e-05 0.0082781 0.0241741 0.38693 0.0248152 0.00748072 0.362446 0.0563627 6.56289e-05 0.00188299 2.16495e-05 0.103515 0.0209862 0.00157384 5.40503e-05 
0.00270829 0.0138201 8.91544e-06 0.0059368 0.00603535 0.594488 0.146988 0.00402905 0.0385138 2.08657e-05 0.000895979 0.00019457 7.15054e-10 0.109261 0.00318457 0.0738968 1.82793e-05 
0.00199812 1.41045e-07 0.00017631 0.00118147 0.0368697 0.501671 0.00458921 0.000355481 0.231172 0.147452 6.92542e-05 8.45295e-05 2.80631e-07 0.0265867 0.0471686 0.000357318 0.000268535 
0.0261525 0.00188627 0.00417099 0.0290439 0.180763 0.181611 0.022159 0.0701097 0.122601 0.0115906 0.00239672 0.0378178 3.76324e-06 0.136396 0.0991521 0.0510311 0.0231143 
0.00270829 0.0138201 8.91544e-06 0.0059368 0.00603535 0.594488 0.146988 0.00402905 0.0385138 2.08657e-05 0.000895979 0.00019457 7.15054e-10 0.109261 0.00318457 0.0738968 1.82793e-05 
0.0010314 0.00576041 0.0196763 0.00309456 0.00228646 0.461749 0.00815445 0.0402821 0.0752225 0.210549 1.6499e-06 5.31324e-05 2.5022e-05 0.157503 0.0114915 2.22773e-05 0.0030978 
2.10221e-05 2.10337e-06 7.37891e-07 0.000108099 0.000547115 0.887139 0.0138543 7.71929e-06 0.00343006 0.092644 2.23272e-08 7.93544e-07 4.17494e-08 0.00014831 0.00209487 1.89394e-06 4.23098e-07 
0.000872971 0.00422369 4.34431e-05 0.00239302 0.00584085 0.557181 0.00107004 0.00015195 0.17666 0.0351958 2.99344e-05 0.00447572 0.00202268 0.0814214 0.128038 6.38292e-05 0.00031447 
0.0126906 0.000275298 5.33088e-05 0.0161871 0.0569887 0.599345 0.012633 0.000374097 0.195904 0.0200169 0.00266503 0.000152496 7.30106e-06 0.0534846 0.0278652 0.00134877 8.66612e-06 
0.0060658 0.00113631 0.000691439 0.0339618 0.0272039 0.302939 0.064725 0.001783 0.102384 0.103398 0.0212433 0.0294673 4.45471e-06 0.243576 0.0588028 0.00117482 0.00144334 
0.0479512 0.00809415 2.39366e-06 0.0514946 0.202412 0.256077 0.0132418 0.0051295 0.11747 0.0147032 0.00564955 2.22984e-05 0.0008554 0.183757 0.0387021 0.0544014 3.58352e-05 
0.00124085 0.000336754 3.02932e-06 0.0122623 0.0138272 0.566841 0.00219741 0.000407254 0.185587 0.0779894 2.98888e-05 0.000726705 2.61902e-05 0.114509 0.0237704 0.000127615 0.000118454 
0.00110687 0.00523657 5.43253e-05 0.0219054 0.0152363 0.318721 0.257788 0.000151376 0.0545505 0.00229498 2.07422e-05 0.000485429 1.54024e-05 0.210892 0.109194 0.00222114 0.000125456 
0.0080792 3.10979e-05 0.000451734 0.027287 0.014692 0.55313 0.0942641 0.00132708 0.0123454 0.102345 0.0603531 0.00358614 0.000144126 0.0674377 0.0543457 9.43747e-07 0.000180074 
0.000184236 0.00695629 1.37285e-06 0.00100787 0.00607148 0.596848 0.000243555 0.000382826 0.043669 0.00862585 1.29829e-09 0.00191411 1.27972e-06 0.302169 0.0317668 3.06789e-05 0.000127477 
0.0027258 0.00617333 4.35202e-06 0.0137096 0.0137648 0.375151 0.00353709 0.000206862 0.154714 0.0130967 0.0299143 0.00166556 1.79846e-07 0.328018 0.0536653 0.00351831 0.000134083 
0.00270829 0.0138201 8.91544e-06 0.0059368 0.00603535 0.594488 0.146988 0.00402905 0.0385138 2.08657e-05 0.000895979 0.00019457 7.15054e-10 0.109261 0.00318457 0.0738968 1.82793e-05 
2.81491e-06 4.31234e-10 5.58129e-07 8.02803e-07 0.0192813 0.586898 1.49583e-05 9.57306e-07 1.51465e-07 0.391391 3.07184e-10 6.10679e-07 1.64751e-06 1.68856e-07 0.00194281 0.000463512 5.11608e-07 
0.0096884 0.0302525 0.00478221 0.0218383 0.0261412 0.337603 0.0122335 0.00250055 0.250105 0.0255182 0.00721175 0.00127599 2.20144e-05 0.130515 0.124023 0.0102993 0.00599067 
0.00178528 0.000955013 0.0314186 0.0370829 0.0269875 0.540915 0.0165047 0.0857407 0.0636138 0.00549958 0.000143018 0.000163259 1.6604e-08 0.113809 0.0704582 0.000364363 0.00455915 
0.0564393 0.000356025 0.001263 0.0160634 0.0218969 0.627096 0.00421223 0.00294733 0.0671558 0.0138767 0.00800772 0.000268916 4.91385e-05 0.1494 0.0274597 0.00334816 0.000159147 
0.00270829 0.0138201 8.91544e-06 0.0059368 0.00603535 0.594488 0.146988 0.00402905 0.0385138 2.08657e-05 0.000895979 0.00019457 7.15054e-10 0.109261 0.00318457 0.0738968 1.82793e-05 
6.97521e-08 0.000590644 1.25541e-06 5.93825e-06 0.000377502 0.821391 0.000178361 5.59427e-05 0.0261716 0.038052 7.82641e-07 0.000980499 9.94608e-07 0.111898 9.24397e-05 8.91433e-08 0.000201973 
0.0155204 0.000163929 6.71365e-06 0.0555858 0.0103732 0.606056 0.0332808 0.000196371 0.109975 0.0147777 0.00591857 8.4341e-05 6.71058e-05 0.117524 0.026306 0.0041012 6.32342e-05 
0.141249 0.000238802 0.00082617 0.00990679 0.00687379 0.330648 0.00580797 0.00145461 0.154735 0.00539246 0.00616371 9.45166e-05 2.50121e-07 0.240261 0.0962792 6.47412e-05 4.7958e-06 
1.54768e-05 1.14875e-07 3.18441e-11 0.00890425 0.000454058 0.563003 0.0129197 1.49964e-06 0.370507 3.6378e-05 2.50656e-07 7.80896e-06 2.4282e-11 0.040263 0.00388173 3.98778e-06 1.18492e-06 
0.00102057 0.0131743 0.00116576 0.0495647 0.0118628 0.434897 0.00884009 0.000173323 0.301725 0.00915591 0.00085148 0.000200561 0.000204704 0.0611802 0.0907494 0.00760405 0.00763021 
0.000495197 0.000145516 0.000249814 0.0113025 0.00274222 0.779768 0.00136469 0.000319724 0.0914399 0.00477261 1.18583e-05 0.000134158 1.03102e-06 0.0399636 0.0624454 0.00172142 0.00312219 
0.0222884 0.000597785 0.000788799 0.014943 0.082296 0.549646 0.0439717 0.0123398 0.0803138 0.0205614 0.00198801 0.00298023 0.000192207 0.140748 0.0135714 0.0119064 0.000867572 
0.0146422 0.00531993 0.000250193 0.00850667 0.0155642 0.392501 0.00465928 0.00764216 0.0471759 0.029804 0.00134807 0.00240142 9.45903e-08 0.243821 0.123587 0.0955191 0.00725868 
0.00268913 1.84816e-07 6.73968e-12 2.55553e-07 0.040361 0.357936 0.00324982 0.00772396 0.225385 0.0565091 0.000517665 4.18927e-07 2.51872e-08 2.6003e-06 0.304875 0.000586885 0.000163138 
0.00284708 0.000482851 0.00021757 0.0705256 0.00452407 0.373588 0.00990021 0.000484219 0.0263529 0.0102678 0.000878846 0.12046 2.23958e-06 0.354914 0.014467 0.000263483 0.0098234 
0.00516773 3.93005e-07 1.09236e-06 4.28364e-05 0.161588 0.672357 0.000993422 0.0754271 0.0453471 0.0150481 3.35489e-08 2.94475e-07 2.72051e-05 0.00445416 0.0141248 0.00539782 2.25995e-05 
0.000186842 0.00478145 2.58022e-06 0.00137321 0.00151262 0.535509 0.000257133 0.0164668 0.0251742 0.000683029 2.21873e-09 0.00947988 5.59337e-07 0.338184 0.0327528 0.0331916 0.000444169 
0.0249577 4.89477e-06 1.33859e-05 0.0133349 0.054589 0.298935 0.00433969 0.001196 0.205073 0.0340508 0.0113497 0.000175944 4.15667e-06 0.13734 0.19572 0.0182842 0.00063154 
0.00641109 0.00265137 0.000954258 0.0506294 0.0134124 0.426283 0.0931966 0.00060552 0.164733 0.00836549 0.0143736 0.00385261 1.96744e-06 0.167707 0.0303035 0.000617873 0.0159018 
0.00172087 0.00301838 0.0003651 0.00761051 0.017665 0.497522 0.00553879 0.00149849 0.224701 0.0243307 0.000211999 0.000392771 2.83225e-09 0.0848319 0.0926333 0.0323186 0.00564126 
0.102466 6.68245e-06 7.14375e-05 0.0361706 0.034589 0.40684 0.00550325 0.0010394 0.0990079 0.16737 0.000678592 9.7944e-06 0.0300595 0.0636034 0.0522003 0.000337381 4.71884e-05 
0.0299041 0.00054019 0.00012836 0.0309218 0.0255903 0.338905 0.0313507 0.00514735 0.336459 0.00657015 0.000846496 0.00361018 1.17991e-06 0.167729 0.0142911 0.00798528 1.94278e-05 
0.00367062 0.00157773 0.00175048 0.0423178 0.0359279 0.259637 0.0226781 0.00105847 0.187846 0.0359601 0.00331177 0.0014651 1.27333e-05 0.163889 0.214533 0.0118715 0.012493 
0.00388942 0.00155624 1.55832e-05 0.0136204 0.0111302 0.507389 0.0175219 0.00397938 0.0816832 0.107601 0.000961549 0.00572269 6.26699e-09 0.174631 0.0308757 0.0389457 0.000477032 
0.00270829 0.0138201 8.91544e-06 0.0059368 0.00603535 0.594488 0.146988 0.00402905 0.0385138 2.08657e-05 0.000895979 0.00019457 7.15054e-10 0.109261 0.00318457 0.0738968 1.82793e-05 
0.000530077 3.05474e-05 7.1123e-06 0.00415649 0.00439828 0.540744 0.00993453 0.000531225 0.180341 0.00973478 3.18942e-05 0.000478849 9.92196e-06 0.182567 0.0657162 0.000772107 1.62536e-05 
0.000291894 0.000601722 9.08194e-06 0.00322723 0.003824 0.762527 0.00888961 0.000822913 0.0470121 0.000529159 8.42711e-11 0.000469457 1.83095e-09 0.160694 0.00572046 0.00534745 3.38104e-05 
0.00161681 1.2798e-05 6.16152e-05 0.00677411 0.032803 0.581007 0.00119214 0.00232319 0.0433024 0.0187448 0.000185766 0.000494171 4.49799e-05 0.268788 0.0421513 0.000441273 5.65059e-05 
0.000583914 2.86159e-06 4.51501e-10 0.00509596 0.00340642 0.666562 0.00217876 0.000224639 0.251629 0.0146984 1.44041e-06 0.000219394 1.46766e-07 0.0273585 0.0169859 0.0106063 0.000446767 
