0.00589906 0.00160189 0.154066 1.69981e-07 0.0690463 7.47225e-12 3.05675e-08 0.00543402 0.0240897 0.734169 1.76045e-11 1.60184e-07 2.70419e-07 0.00170951 0.00398166 1.70029e-06 2.84592e-07 
0.0340985 0.00214984 1.85489e-07 0.0340334 0.0518189 3.2106e-08 0.00095517 5.96772e-05 0.015625 0.767706 0.0201179 1.8043e-07 0.00592542 1.45198e-05 0.0674633 3.16186e-05 4.77735e-08 
0.00393018 2.03472e-07 4.30129e-06 0.000627547 0.24037 9.80685e-10 0.015496 0.0195977 0.00170819 0.621045 7.39455e-06 3.96536e-06 2.79409e-07 0.0292762 0.0622339 0.000297731 0.00540152 
0.181273 0.000618946 1.79495e-09 0.0725948 0.0336753 3.10685e-10 0.00206842 0.00273864 0.0542406 0.311577 0.184509 0.000332878 1.74805e-05 0.00729717 0.147818 3.69221e-07 0.00123765 
0.152477 0.00722438 0.00062721 0.00192418 0.503553 3.53375e-08 0.00115764 0.0668546 0.0541218 0.00919725 6.238e-08 0.000932728 5.80207e-05 0.175561 0.025777 0.000173711 0.00036 
0.0463106 1.04142e-06 0.00010807 7.549e-05 0.817654 1.74731e-10 0.00962988 0.0443423 5.19655e-07 0.0767773 4.11663e-10 9.81959e-10 2.30615e-06 0.00324165 0.00174079 6.9339e-06 0.000108937 
0.139278 0.000639667 9.7499e-07 0.00234627 0.291161 2.01556e-09 0.0735395 0.127265 0.158669 0.0789461 0.0252669 7.45012e-06 1.28815e-06 0.0937348 0.00903739 1.33447e-06 0.000106019 
0.0300975 5.98176e-05 3.44398e-07 5.08279e-05 0.135566 5.96114e-08 3.4361e-06 0.0228942 0.64368 7.11663e-06 9.31672e-06 3.35007e-07 2.62614e-07 0.167168 4.84847e-06 0.000458078 8.87016e-08 
0.000344931 0.000123544 0.00997659 0.000796505 0.0458781 8.07982e-05 0.000773703 0.00870239 0.00122465 0.683533 0.0005202 0.00079751 0.000151714 0.0271329 0.00113026 0.218357 0.00047655 
0.000286619 4.81227e-05 1.30803e-06 0.0191803 0.0356632 6.32303e-10 1.71332e-06 3.79659e-06 0.022562 0.806111 0.0556306 6.86758e-07 0.000665592 0.00981797 0.0485911 3.57139e-05 0.00140058 
0.0133847 3.28411e-07 1.38482e-05 5.09075e-05 0.344008 9.92956e-08 0.000560313 0.0017265 0.00635583 0.630035 2.33939e-07 0.00258403 4.3744e-07 0.000559088 0.000713073 7.3314e-06 1.47751e-07 
0.000523195 0.021616 0.0119927 0.0303383 0.0824654 0.000152365 0.0408377 0.00563046 0.00618274 0.45879 0.0541058 0.000974523 0.000197257 0.0629781 0.168149 0.0533304 0.0017358 
0.00787276 2.52112e-06 0.000209598 0.0357777 0.0399556 1.17313e-10 0.0293065 0.00315354 0.0458627 0.808557 2.76386e-10 1.57468e-06 2.65812e-06 0.005 0.0208281 1.67121e-05 0.00345334 
0.000112481 6.65944e-05 3.52401e-08 0.00139331 0.000165047 6.09966e-09 8.29582e-09 0.00071056 0.000213291 0.997023 1.43707e-08 3.42791e-08 2.68717e-08 0.000229921 4.51872e-06 8.16399e-05 9.07628e-09 
0.00208213 4.83642e-11 8.44829e-11 0.0755161 0.00716097 1.4623e-11 7.19965e-07 6.01404e-07 0.85016 0.0200472 0.0385314 8.2179e-11 1.29486e-08 0.00650056 3.84197e-07 1.92903e-07 1.1752e-07 
0.000233616 0.000126159 0.000231708 0.00251349 9.15214e-05 9.71664e-08 0.000206051 1.8586e-07 0.00830174 0.948866 0.0176116 5.46059e-07 0.00111009 0.00157752 0.0186834 6.95836e-05 0.00037636 
6.80049e-05 1.55247e-05 1.41236e-09 3.89717e-07 0.998837 2.44463e-10 3.3248e-10 9.28676e-05 2.56524e-07 4.85277e-06 5.7595e-10 2.74905e-06 1.07696e-09 1.06144e-07 0.000977892 7.08481e-08 3.63759e-10 
0.000297456 0.0441859 0.00068832 0.000767192 0.000269987 1.34563e-06 0.000608099 0.000260879 0.0313427 0.135946 0.00106157 7.56224e-06 5.92809e-06 0.00342658 0.780793 0.00020589 0.000130883 
0.000832125 0.00162116 4.52825e-07 0.0042035 0.0213836 2.65305e-08 0.0537516 4.90113e-07 0.03211 0.856094 0.00459121 4.84584e-06 3.12545e-08 0.0197512 0.00509191 0.000361899 0.000202149 
0.319028 0.000452025 0.000251643 0.00258705 0.636774 4.85192e-12 0.000117269 0.0238973 0.000278362 0.000140616 5.55551e-10 0.00049365 1.5789e-08 0.00429114 0.0114431 1.88521e-07 0.000246106 
0.368691 0.0219451 2.01362e-08 0.0050418 0.149739 3.48534e-09 0.00599487 1.63556e-05 0.0775502 0.208822 0.139382 0.00124802 1.53544e-08 0.017028 0.0040035 0.000537691 7.88826e-08 
0.0490865 8.84775e-05 1.26582e-05 0.0173674 0.610375 3.58008e-06 6.89946e-06 0.0901155 0.0116433 0.214505 2.75814e-05 4.86792e-05 7.00282e-06 0.0066007 2.35299e-05 9.26307e-06 7.85242e-05 
0.000841642 6.74956e-06 1.48965e-05 0.000492821 5.25234e-06 2.4853e-07 1.19114e-06 8.87438e-06 0.00289008 0.923193 0.0641629 1.3967e-06 3.8583e-06 0.00633792 0.00184696 2.46646e-05 0.000167533 
0.00109177 3.50777e-07 0.0828051 0.00140872 0.0130553 3.80335e-08 0.000283026 0.000774871 0.00873347 0.882119 7.46759e-08 2.1907e-07 0.000835017 0.00142528 0.00563659 2.32537e-06 0.0018283 
0.00446067 0.192628 5.44715e-07 0.185853 0.034087 7.47794e-11 0.00436799 1.58386e-06 0.315302 0.246018 8.91259e-06 2.85504e-07 1.59957e-07 0.00684327 0.00154103 0.0083627 0.0005247 
0.00362535 0.0152215 0.0342854 0.13191 0.125729 2.55114e-06 0.000577512 0.00321247 0.366096 0.178688 9.87404e-06 0.0118459 0.00010103 0.0765133 0.0471489 0.00462238 0.000411257 
0.00447067 1.07429e-05 2.99257e-08 4.61149e-06 0.0724079 5.17979e-09 7.04475e-09 0.0625618 0.324164 0.0696995 1.64709e-05 3.1584e-06 0.000176445 0.435926 0.0300216 0.000503068 3.40986e-05 
0.000962199 9.62888e-09 3.50451e-08 8.36389e-06 0.0136443 3.85009e-13 5.2363e-13 0.00456091 3.89186e-07 6.37572e-07 2.81169e-09 5.06969e-08 1.69613e-12 1.03063e-06 0.00104929 0.979773 4.65995e-08 
5.27834e-08 2.41362e-05 2.2988e-07 0.134887 0.0217559 3.97896e-08 8.66994e-05 7.61097e-08 4.58995e-05 0.543593 4.09749e-05 0.285959 1.13108e-05 0.00257677 0.0109762 2.1779e-05 2.0715e-05 
0.453397 0.00161444 1.51313e-06 0.000635551 0.412379 1.11324e-11 6.08934e-05 0.0126888 0.00246043 0.107662 0.000220626 8.90476e-07 0.00103687 0.0040582 0.000676618 0.00292498 0.000183102 
0.00858717 5.39108e-07 4.35706e-05 0.0162613 0.0101122 3.52739e-07 0.00135559 1.73509e-06 0.778207 0.164252 0.0177988 6.05928e-07 6.61989e-07 3.27287e-06 0.00336783 6.21664e-06 6.04457e-07 
0.00196669 2.35723e-05 1.61493e-05 0.740536 0.00350976 1.3531e-07 0.0228476 8.38855e-05 0.00463128 0.0500472 0.160875 0.00013627 5.96101e-07 0.0025286 0.0124386 1.4326e-05 0.000344519 
0.154663 0.000450618 0.000472594 0.14614 0.00073258 1.32519e-07 0.0056043 0.00173243 0.0215065 0.0159882 0.649323 0.00165301 5.83803e-07 0.00144028 0.000202464 8.92445e-05 1.97188e-07 
0.00514765 0.0117148 0.00202022 0.0319118 0.00983411 7.95775e-05 0.000119488 0.000365695 0.0264221 0.87 0.00317231 0.0128404 0.000122244 0.00637661 0.0187225 0.00101476 0.000136118 
0.00936236 9.99858e-08 0.000797001 1.33398e-06 4.96959e-07 5.16574e-11 3.13526e-07 1.29832e-07 0.00811549 0.0325953 0.00250216 0.00231396 2.27573e-10 0.00492731 0.934491 9.34154e-05 0.00479918 
0.000962199 9.62888e-09 3.50451e-08 8.36389e-06 0.0136443 3.85009e-13 5.2363e-13 0.00456091 3.89186e-07 6.37572e-07 2.81169e-09 5.06969e-08 1.69613e-12 1.03063e-06 0.00104929 0.979773 4.65995e-08 
0.000170481 0.515546 0.000446728 1.49417e-06 0.179968 2.58787e-10 0.000116207 0.00970252 0.0126841 0.00368572 0.0937778 0.0252649 1.14007e-09 0.000966368 0.129947 0.0269297 0.000792734 
2.09484e-05 1.27825e-05 5.25389e-09 0.00904261 0.0262136 9.09388e-10 0.00119587 8.04843e-06 0.143747 0.647415 0.0285389 5.58533e-05 4.00625e-09 0.137902 3.34769e-06 0.00310525 0.00273774 
0.0072505 5.50339e-07 0.0355763 0.0349541 0.243805 3.5979e-07 8.88704e-05 0.0151937 0.130945 0.517635 0.000648313 0.000166284 6.02009e-06 0.0123681 0.00108044 6.33667e-06 0.00027622 
0.025374 0.000633086 3.00799e-05 0.00272744 0.0502503 2.43521e-07 0.00492912 1.19786e-06 0.359277 0.432042 0.00015353 0.00677713 4.57019e-07 0.117044 0.000755744 4.29179e-06 4.173e-07 
0.000183088 2.03979e-05 3.55957e-08 1.47301e-05 4.45201e-05 6.16121e-09 0.998592 1.17852e-08 8.55908e-05 0.000594022 0.000220654 9.35221e-05 2.71428e-08 8.68582e-05 6.42972e-05 5.99154e-07 9.16786e-09 
0.000962199 9.62888e-09 3.50451e-08 8.36389e-06 0.0136443 3.85009e-13 5.2363e-13 0.00456091 3.89186e-07 6.37572e-07 2.81169e-09 5.06969e-08 1.69613e-12 1.03063e-06 0.00104929 0.979773 4.65995e-08 
0.00525437 0.00474025 0.000257666 0.0256061 0.0177952 1.08337e-06 3.31718e-05 0.0723486 0.000925872 0.856686 2.88801e-06 0.000319861 2.07244e-05 9.4908e-05 0.0154531 2.05449e-05 0.000439953 
0.024638 0.000267146 0.0220141 0.00383167 0.0972817 1.38849e-07 0.00168131 0.000694069 0.0521644 0.756873 1.45746e-07 0.000109701 0.000526703 0.0363512 0.00105769 0.00207154 0.000436963 
0.0342757 3.96077e-07 3.86498e-11 1.72662e-06 0.770156 6.68984e-12 2.79333e-07 0.0248729 8.83605e-07 1.59844e-06 4.38177e-07 9.02675e-08 2.94716e-11 2.28663e-07 0.00359496 0.167095 9.95446e-12 
0.0183931 3.91769e-10 7.08191e-06 0.00292851 0.752408 1.18452e-10 3.61994e-05 0.0223682 0.00201114 0.1883 6.27524e-06 0.000448544 1.55004e-06 0.00552684 0.000146563 0.00741803 1.76256e-10 
1.66039e-05 7.47459e-07 0.00081574 0.160834 0.466984 3.81253e-11 5.18521e-11 0.0193268 0.00797366 0.293632 0.0170395 0.00460389 1.67958e-10 1.80909e-07 0.000104548 0.028668 2.10173e-09 
0.0138239 2.54157e-07 6.03948e-06 0.106776 0.360384 1.1765e-09 3.19188e-06 0.00579597 1.51743e-05 0.318372 2.54237e-05 0.0369244 2.24235e-07 3.58077e-06 0.157864 4.29964e-06 7.57386e-08 
0.00208213 4.83642e-11 8.44829e-11 0.0755161 0.00716097 1.4623e-11 7.19965e-07 6.01404e-07 0.85016 0.0200472 0.0385314 8.2179e-11 1.29486e-08 0.00650056 3.84197e-07 1.92903e-07 1.1752e-07 
4.44432e-07 0.0332015 0.309085 0.0744432 0.0283816 3.83442e-07 0.000106548 0.00816069 0.0107294 0.503482 4.51718e-07 1.3331e-06 5.37432e-06 0.0283063 0.00312832 0.000592803 0.000375325 
0.152477 0.00722438 0.00062721 0.00192418 0.503553 3.53375e-08 0.00115764 0.0668546 0.0541218 0.00919725 6.238e-08 0.000932728 5.80207e-05 0.175561 0.025777 0.000173711 0.00036 
0.00208213 4.83642e-11 8.44829e-11 0.0755161 0.00716097 1.4623e-11 7.19965e-07 6.01404e-07 0.85016 0.0200472 0.0385314 8.2179e-11 1.29486e-08 0.00650056 3.84197e-07 1.92903e-07 1.1752e-07 
0.01968 0.000385573 0.0022633 0.632397 0.0269435 6.1701e-07 0.0969241 0.00118227 0.000198367 0.000246404 8.69363e-05 0.00660742 0.00443113 0.208185 0.000428544 2.48799e-05 1.50397e-05 
3.7587e-05 1.32714e-05 1.53366e-05 1.07159e-05 1.57082e-05 2.05766e-10 6.12316e-05 0.00307633 0.260818 0.251424 4.45033e-05 0.202926 3.17361e-06 0.279956 2.66509e-06 1.08984e-06 0.00159353 
4.99327e-07 8.60711e-05 0.0379394 0.0002002 0.0456962 1.16946e-07 0.00160147 0.00530064 0.0271334 0.833334 0.000144166 0.000188942 3.71365e-05 0.0296037 0.00109654 0.016571 0.00106648 
0.0229466 0.00360313 0.259152 0.00302227 0.135761 3.32888e-08 4.52776e-06 0.00685844 0.0514022 0.488993 0.00222285 2.34958e-05 6.19585e-05 0.00213637 0.00162969 0.021838 0.000344507 
0.206287 2.27957e-10 3.98197e-10 1.11187e-06 8.81973e-06 6.89234e-11 0.00535585 0.656262 0.0111093 9.60301e-07 1.62382e-10 1.2786e-06 3.03637e-10 0.120973 4.08119e-07 5.50868e-07 1.02558e-10 
0.0571275 0.000702159 5.93699e-08 1.32698e-06 5.2211e-05 1.02762e-08 1.27319e-05 0.941966 6.39286e-06 9.96461e-05 1.0345e-05 2.75351e-06 4.52713e-08 1.49467e-05 6.42875e-07 2.68381e-06 8.79331e-07 
0.0317507 0.00694108 0.000318311 0.00961632 0.581736 0.000128554 0.0110814 0.0409366 0.025248 0.0373887 0.0142452 0.000301596 0.000229473 0.0341359 0.00311803 0.202544 0.000280501 
0.370642 7.57051e-11 1.32242e-10 2.49424e-07 0.623443 2.28896e-11 7.96036e-07 0.000532685 9.26688e-07 2.82203e-11 1.25822e-09 4.48259e-07 1.00839e-10 2.5999e-06 2.82833e-09 0.00537716 3.40596e-11 
0.0571275 0.000702159 5.93699e-08 1.32698e-06 5.2211e-05 1.02762e-08 1.27319e-05 0.941966 6.39286e-06 9.96461e-05 1.0345e-05 2.75351e-06 4.52713e-08 1.49467e-05 6.42875e-07 2.68381e-06 8.79331e-07 
0.000962199 9.62888e-09 3.50451e-08 8.36389e-06 0.0136443 3.85009e-13 5.2363e-13 0.00456091 3.89186e-07 6.37572e-07 2.81169e-09 5.06969e-08 1.69613e-12 1.03063e-06 0.00104929 0.979773 4.65995e-08 
0.00121058 0.000174468 2.99163e-09 0.784819 0.00689843 5.17818e-10 7.04256e-10 0.0333016 0.018041 0.139307 1.21997e-09 2.91005e-09 2.28121e-09 0.0153677 9.87749e-07 0.000878649 7.70511e-10 
0.152477 0.00722438 0.00062721 0.00192418 0.503553 3.53375e-08 0.00115764 0.0668546 0.0541218 0.00919725 6.238e-08 0.000932728 5.80207e-05 0.175561 0.025777 0.000173711 0.00036 
5.27834e-08 2.41362e-05 2.2988e-07 0.134887 0.0217559 3.97896e-08 8.66994e-05 7.61097e-08 4.58995e-05 0.543593 4.09749e-05 0.285959 1.13108e-05 0.00257677 0.0109762 2.1779e-05 2.0715e-05 
0.014104 0.0836582 0.0900382 0.00391474 0.118961 0.00027516 0.0011558 0.00374662 0.0981803 0.420217 0.0833187 0.0408635 0.000315088 0.00104603 0.0337662 0.00431718 0.00212238 
3.78288e-07 2.96799e-06 7.71401e-06 0.056358 0.00660103 3.13318e-10 0.0794713 3.01494e-07 2.94725e-07 0.167603 7.38172e-10 1.48391e-05 3.88397e-08 0.00210223 0.687835 2.41817e-07 2.45504e-06 
0.0148086 0.116999 1.21825e-05 0.0388042 0.0329357 5.45296e-08 1.56544e-05 3.46353e-05 0.017763 0.723465 0.0537542 0.00100938 3.72073e-06 1.38512e-05 4.47695e-05 0.000324979 1.06026e-05 
0.000962199 9.62888e-09 3.50451e-08 8.36389e-06 0.0136443 3.85009e-13 5.2363e-13 0.00456091 3.89186e-07 6.37572e-07 2.81169e-09 5.06969e-08 1.69613e-12 1.03063e-06 0.00104929 0.979773 4.65995e-08 
0.1826 5.22215e-06 8.12628e-08 6.42297e-05 0.0629409 1.40657e-08 7.2423e-06 0.0195782 0.0364491 0.482037 0.00378939 0.000859816 3.20402e-05 2.48559e-06 0.206484 7.14595e-06 0.00514325 
0.152477 0.00722438 0.00062721 0.00192418 0.503553 3.53375e-08 0.00115764 0.0668546 0.0541218 0.00919725 6.238e-08 0.000932728 5.80207e-05 0.175561 0.025777 0.000173711 0.00036 
0.0285488 3.09594e-05 6.93533e-10 0.559355 0.00170591 1.20043e-10 0.0135131 2.29618e-10 1.80847e-06 0.281528 0.0906508 6.7462e-10 5.2884e-10 0.0202075 0.00445782 2.55276e-07 1.72591e-07 
0.0395579 0.000454252 0.00157128 0.00163043 0.123576 1.19714e-07 0.000234534 0.445607 0.0461738 0.271461 1.58097e-07 0.000149484 6.12568e-06 0.00423608 0.0460928 0.016682 0.0025664 
6.94019e-05 0.00304619 9.07047e-07 6.87487e-06 1.10743e-05 1.56999e-07 5.07173e-06 3.00309e-07 0.000594571 0.99025 3.2163e-05 4.89375e-05 6.91651e-07 0.00017889 0.00563818 4.05864e-05 7.63225e-05 
0.000962199 9.62888e-09 3.50451e-08 8.36389e-06 0.0136443 3.85009e-13 5.2363e-13 0.00456091 3.89186e-07 6.37572e-07 2.81169e-09 5.06969e-08 1.69613e-12 1.03063e-06 0.00104929 0.979773 4.65995e-08 
0.00720021 1.2934e-07 0.0592156 0.00051644 0.0771441 8.46081e-08 0.000144861 0.00315204 0.120584 0.708715 0.0010698 0.000272644 8.97816e-06 0.0206046 0.000911627 1.49085e-06 0.000457709 
0.00267477 0.00417899 0.00524528 0.000593155 0.163458 1.28659e-07 0.000105878 0.00183146 0.193763 0.344263 0.00178747 3.95104e-05 3.08726e-05 0.158451 0.000744266 0.122583 0.000250163 
0.000962199 9.62888e-09 3.50451e-08 8.36389e-06 0.0136443 3.85009e-13 5.2363e-13 0.00456091 3.89186e-07 6.37572e-07 2.81169e-09 5.06969e-08 1.69613e-12 1.03063e-06 0.00104929 0.979773 4.65995e-08 
0.334818 0.00521929 0.000157485 0.00648215 0.0841429 1.15526e-08 0.000377907 0.00294321 0.000455587 0.373095 1.27345e-06 0.000148769 8.79036e-05 0.00861235 0.174639 4.60773e-05 0.00877299 
0.00334422 9.00729e-07 1.86477e-09 6.34875e-05 0.00526089 3.2277e-10 6.28924e-05 6.17395e-10 3.77882e-06 0.987719 0.00353195 4.12926e-06 1.42194e-09 3.83478e-06 2.83874e-06 1.60082e-06 4.8028e-10 
0.130378 0.0387859 0.00134884 0.000241268 0.284437 5.65013e-05 6.98551e-05 0.0140058 0.255171 0.170081 0.000472946 0.00116247 0.00596918 0.0796535 0.0141427 0.00369414 0.000329514 
0.0160018 1.66924e-05 0.000117303 0.0107342 0.360823 2.5234e-07 0.000356864 0.000480545 0.0232358 0.525052 0.00270291 0.000429055 0.00497154 0.0336913 0.0213366 1.23884e-05 3.76619e-05 
0.00868862 2.56251e-06 0.000128476 0.00388283 0.00475848 1.21395e-08 0.0006541 0.000507293 0.00616935 0.478139 5.3988e-05 0.00797414 0.000998912 0.00582411 0.481857 8.24445e-07 0.000360228 
0.00393236 3.7245e-05 2.35495e-08 0.000186652 0.0858248 4.07615e-09 0.0766045 0.263786 0.306316 0.12633 5.42798e-06 1.32876e-05 1.79572e-08 0.136813 6.45286e-06 9.46719e-05 4.96488e-05 
0.00349904 3.27739e-06 0.000397687 0.000114904 0.143491 9.90924e-07 5.71591e-05 0.845854 9.95347e-05 0.00241046 2.3346e-06 5.56883e-06 4.36545e-06 0.000153616 0.000194917 0.00371016 1.47449e-06 
0.00134096 0.0021067 0.00268249 0.00869442 0.157689 5.45422e-07 0.00090479 0.00696622 0.0247546 0.662839 0.00326701 0.000267403 1.64705e-05 0.0213809 0.00342949 0.10332 0.000339789 
0.00266113 0.0250861 0.0188832 0.0124182 0.138015 1.2501e-07 0.00145769 0.000550257 0.085806 0.546857 0.00282705 0.000372087 9.46426e-06 0.125023 0.0029596 0.0367803 0.00029325 
0.0974492 1.80833e-06 2.6135e-06 0.0545922 0.0532924 4.67306e-07 0.00105634 0.00254556 0.0205681 0.128224 0.00127365 0.00190609 0.0276533 0.00881311 0.545534 0.000120679 0.0569659 
0.000369793 0.000112729 0.943358 4.15278e-05 0.00579431 1.33779e-05 1.44807e-05 0.000248043 0.00852823 0.0203422 1.40339e-05 6.53076e-05 0.00011644 0.00124068 0.000123795 0.0193721 0.000245146 
0.434134 0.00536604 5.05472e-10 5.60087e-07 0.0353517 8.74915e-11 1.18992e-10 0.00051802 0.000227587 0.521594 1.41757e-06 3.52228e-06 3.85438e-10 0.00186667 0.00069296 0.000243798 5.28437e-08 
5.11418e-07 1.27507e-06 2.2273e-06 0.00145912 0.00303546 3.85521e-07 5.24326e-07 0.0013281 0.000637389 0.249678 0.00481481 0.000868795 1.69839e-06 0.000518558 0.732344 0.00530841 5.73653e-07 
0.0176785 1.23845e-06 2.52239e-08 4.44062e-06 0.0171163 4.36597e-09 1.30437e-06 0.00318266 0.01944 0.927515 0.0099194 2.45361e-08 1.9234e-08 6.44301e-05 0.00491256 0.000163593 6.49655e-09 
0.0091486 0.00534623 1.66359e-06 0.0841424 0.010429 2.87948e-07 0.000940613 5.50788e-07 0.00119251 0.827162 0.0124357 0.00100337 0.000201481 0.0464201 0.0010141 7.43973e-05 0.000486575 
0.019511 6.45383e-05 6.26212e-05 0.00532566 0.939398 4.63479e-09 0.00266054 0.00560299 2.26018e-07 0.000225006 1.09195e-08 1.63737e-05 0.000337971 0.026782 2.25529e-06 7.47975e-06 3.70848e-06 
0.154488 0.0424293 1.27243e-05 0.00722056 0.492533 3.76438e-07 0.00124476 0.0346849 0.0218876 0.0788068 0.000294721 0.00343882 0.000428011 0.105283 0.0452634 0.0104021 0.00158158 
0.00256234 0.00266416 0.00108472 0.00628375 0.00122747 7.81977e-08 0.00519011 0.000613415 0.00170777 0.966365 0.00560087 0.00342822 0.000723784 0.00092602 0.00144108 0.000180774 1.16358e-07 
6.16544e-11 1.47176e-06 3.66523e-08 0.000183789 6.61271e-05 4.64768e-11 3.46728e-05 4.6984e-05 0.0255352 0.00520446 0.0411304 0.000436291 2.0475e-10 1.05692e-06 0.927189 2.29832e-07 0.000170331 
4.23587e-05 0.000183412 0.000135429 0.000177452 0.0355723 1.05246e-07 0.0231423 2.01315e-07 0.000676153 0.929464 2.47958e-07 0.000161303 4.63655e-07 0.0100234 0.000147885 5.56142e-05 0.000217548 
0.0281598 1.20034e-06 2.09675e-06 0.355257 0.610516 3.62924e-07 4.93593e-07 6.94202e-07 6.06893e-05 0.000108584 0.000338506 0.00171077 1.59884e-06 0.00373495 1.37819e-06 6.82543e-05 3.73511e-05 
0.0367614 3.08219e-06 1.59891e-09 0.0245741 0.0400328 2.76752e-10 0.00280301 5.29373e-10 0.052885 0.769123 0.0397015 1.5553e-09 1.21921e-09 0.0298102 0.00430383 1.04232e-06 6.71531e-07 
0.632689 1.27472e-05 6.16679e-07 0.0910376 0.0347952 1.0674e-07 0.0015235 1.97534e-05 0.0161177 0.18883 0.0309576 5.99862e-07 4.70236e-07 0.00362119 9.76072e-05 7.93872e-05 0.000217135 
0.000651077 0.00315063 8.3374e-07 0.00537438 0.958727 1.44311e-07 0.00213953 0.00146328 0.000238592 0.0118674 3.39994e-07 0.000649612 6.42108e-05 0.00130832 0.0141192 0.00018077 6.46349e-05 
0.0769045 8.84574e-05 9.83712e-08 0.024644 0.122123 1.70269e-08 0.00675502 0.00489525 0.190372 0.00066285 0.00262791 0.000565607 7.5011e-08 0.562442 1.53025e-07 0.00791896 2.5336e-08 
0.00328117 0.0042013 0.00532343 0.00653106 0.0560353 7.56705e-07 0.000106918 0.00183623 0.144697 0.539494 0.056477 4.08924e-05 0.00448335 0.0274697 0.0261505 0.12261 0.00126141 
0.00262945 2.49486e-06 7.12087e-07 0.00950231 0.767363 4.24349e-10 1.39242e-06 0.000249638 0.0182815 0.0983003 0.00167757 2.38477e-09 1.86944e-09 0.0186237 0.00110402 0.0822634 2.84846e-07 
0.0104487 2.08227e-06 4.55475e-06 0.0137205 0.00701559 1.00261e-07 0.000457987 0.000274858 0.00317992 0.939017 0.00961158 5.6345e-07 1.25785e-06 0.0157781 0.000422434 1.16411e-05 5.29031e-05 
0.000962199 9.62888e-09 3.50451e-08 8.36389e-06 0.0136443 3.85009e-13 5.2363e-13 0.00456091 3.89186e-07 6.37572e-07 2.81169e-09 5.06969e-08 1.69613e-12 1.03063e-06 0.00104929 0.979773 4.65995e-08 
0.0162918 0.00237387 0.0187657 0.00084855 0.088118 2.08262e-07 0.000257507 0.0190032 0.0463619 0.7168 0.00060871 3.57956e-07 4.41254e-05 0.0612248 0.0230413 0.00482704 0.00143245 
1.78807e-06 0.000119965 1.47869e-09 0.225255 0.00473613 2.55945e-10 0.716264 2.78451e-07 5.20127e-06 0.00494774 0.0368083 1.43837e-09 0.000116528 0.0117449 2.29063e-07 1.12388e-07 3.80845e-10 
0.000962199 9.62888e-09 3.50451e-08 8.36389e-06 0.0136443 3.85009e-13 5.2363e-13 0.00456091 3.89186e-07 6.37572e-07 2.81169e-09 5.06969e-08 1.69613e-12 1.03063e-06 0.00104929 0.979773 4.65995e-08 
0.00179047 0.0272722 0.00138387 0.00123666 0.0167824 6.22626e-05 0.00234466 0.00142339 0.00621381 0.54749 0.269253 9.06971e-05 0.000184021 0.00565926 0.115647 0.00308911 7.77204e-05 
0.030316 0.00149315 3.37157e-10 0.000872194 0.299543 5.8358e-11 2.54062e-07 0.0203976 0.0302542 0.579174 0.0289878 3.01758e-06 2.57092e-10 0.0089258 1.68525e-05 9.10318e-07 1.49447e-05 
0.00456669 0.00442977 1.23457e-10 0.00286241 0.0550709 2.1369e-11 2.70178e-07 2.34094e-07 0.00288089 0.902377 0.0254549 1.2009e-10 9.41395e-11 0.000558022 2.51625e-07 0.00179911 5.49754e-10 
0.0993903 0.00217155 0.00998148 0.00289484 0.308892 0.000389463 0.00259445 0.0144185 0.0438621 0.290095 0.00177426 0.002418 0.00195782 0.0744885 0.141131 0.00251948 0.00102096 
0.00219872 0.00744714 0.00364662 0.00234167 0.0552562 5.32644e-11 5.80526e-05 0.000470657 0.00767137 0.849568 0.0104647 0.0037656 4.32918e-05 0.0013513 0.00312282 0.0491314 0.00346216 
0.00456669 0.00442977 1.23457e-10 0.00286241 0.0550709 2.1369e-11 2.70178e-07 2.34094e-07 0.00288089 0.902377 0.0254549 1.2009e-10 9.41395e-11 0.000558022 2.51625e-07 0.00179911 5.49754e-10 
0.325634 1.52278e-06 2.79971e-10 2.14249e-06 0.134817 4.84597e-11 1.89819e-06 0.450086 0.0301333 0.0204817 1.31307e-06 4.90476e-07 2.13486e-10 0.0388356 1.96179e-06 1.60043e-06 1.19706e-06 
0.000948633 0.0047897 8.67507e-05 0.010958 0.0810215 6.57834e-08 0.000768428 0.00941859 0.0123963 0.815255 0.0232473 0.0181679 2.23799e-06 0.00960604 0.00772875 0.00554228 6.29238e-05 
0.019511 6.45383e-05 6.26212e-05 0.00532566 0.939398 4.63479e-09 0.00266054 0.00560299 2.26018e-07 0.000225006 1.09195e-08 1.63737e-05 0.000337971 0.026782 2.25529e-06 7.47975e-06 3.70848e-06 
0.0155129 0.0098389 0.0113666 0.0052228 0.101282 9.77773e-08 0.000716115 0.0033253 0.131459 0.63165 0.000558634 0.00315207 2.72649e-07 0.0102762 0.0705672 0.00372777 0.00134347 
8.59175e-06 0.51057 1.27963e-06 5.77784e-07 0.196939 2.24274e-10 1.63691e-06 0.00997566 0.0123616 0.00379274 0.0838116 0.0256219 9.88025e-10 0.000743922 0.141783 0.0136904 0.000698029 
0.000962199 9.62888e-09 3.50451e-08 8.36389e-06 0.0136443 3.85009e-13 5.2363e-13 0.00456091 3.89186e-07 6.37572e-07 2.81169e-09 5.06969e-08 1.69613e-12 1.03063e-06 0.00104929 0.979773 4.65995e-08 
0.00809774 0.000618808 0.0917633 0.0215538 0.0928188 2.16767e-05 0.00654819 0.00185277 0.0240414 0.622134 0.0061205 0.00332734 2.44217e-05 0.00263981 0.000795735 0.117617 2.54188e-05 
0.00797102 1.87787e-05 0.829884 0.000337325 1.75004e-05 3.77675e-07 0.000845986 0.00236551 0.0291158 0.105927 0.00348263 2.01902e-06 7.99869e-07 0.0194701 0.000482599 7.77084e-07 7.72202e-05 
0.000180567 0.00077337 6.24884e-05 8.89148e-05 6.50224e-05 6.96074e-07 0.000278224 6.84276e-06 1.52338e-05 0.984478 0.0136512 0.000136614 3.06651e-06 0.000121341 0.000118328 4.34573e-06 1.60414e-05 
0.0146572 3.54696e-05 5.2751e-08 0.000225848 0.101989 9.13059e-09 1.2418e-08 0.102975 0.00173343 0.777289 0.000922766 5.13125e-08 4.02242e-08 0.000114362 1.14563e-05 4.70545e-05 1.35863e-08 
0.0223457 0.00640774 0.125793 0.00877965 0.0872782 2.70164e-07 0.00266756 0.00618302 0.11597 0.3856 0.0501074 0.00237936 0.000128577 0.0832194 0.0832038 0.0184062 0.00152994 
2.2127e-07 2.8092e-10 4.90712e-10 0.00763972 0.0138116 8.49366e-11 2.89577e-06 0.000352143 0.0398081 0.00671437 2.00109e-10 0.000750613 0.000444844 0.81073 0.117842 4.68963e-07 0.00190293 
0.114304 5.1903e-08 1.80398e-07 8.46246e-07 0.269986 1.61154e-10 2.19177e-10 0.0156512 0.00514869 0.592136 3.79677e-10 3.27686e-05 0.00199784 0.000359137 4.36843e-07 1.09184e-06 0.000381548 
0.133017 0.00224703 1.19539e-11 0.000123697 0.834664 2.06909e-12 5.00931e-08 0.029948 1.80225e-08 2.65325e-08 1.64772e-07 2.32675e-08 5.19657e-08 5.06191e-08 2.29845e-09 2.13183e-08 3.07879e-12 
0.00269834 0.0814973 0.00104907 0.049299 0.0142766 2.31391e-06 0.0863052 0.000421392 0.0463417 0.611205 0.0295776 0.00278859 1.1228e-05 0.0630145 0.0109778 0.000487026 4.69205e-05 
0.000329923 0.0151239 1.45879e-06 0.0113524 0.00441482 5.91471e-08 0.000964178 0.000185389 0.0248786 0.910854 0.000607816 0.0202316 4.22233e-07 0.00359858 0.00738122 1.82353e-07 7.5748e-05 
0.0115062 1.31821e-06 4.75132e-05 0.0121245 0.908571 3.98564e-07 0.0036531 0.00159003 0.0118005 0.00557119 0.00784129 0.000737294 0.00010288 0.00370825 0.0326976 2.02396e-05 2.72083e-05 
0.00295024 0.000880753 0.0770547 0.0184944 0.116776 2.90283e-11 0.000261715 0.0505091 0.216637 0.496621 1.33484e-06 2.34136e-07 3.95172e-07 0.017819 0.00199126 2.4842e-06 4.15826e-07 
4.17217e-06 6.64263e-07 1.70613e-10 1.38235e-07 0.0677804 2.95311e-11 1.22102e-06 0.398922 0.0133512 6.55723e-08 6.95749e-11 0.481818 1.30097e-10 0.0363478 0.0017509 2.25222e-05 2.37332e-07 
0.000962199 9.62888e-09 3.50451e-08 8.36389e-06 0.0136443 3.85009e-13 5.2363e-13 0.00456091 3.89186e-07 6.37572e-07 2.81169e-09 5.06969e-08 1.69613e-12 1.03063e-06 0.00104929 0.979773 4.65995e-08 
0.000962199 9.62888e-09 3.50451e-08 8.36389e-06 0.0136443 3.85009e-13 5.2363e-13 0.00456091 3.89186e-07 6.37572e-07 2.81169e-09 5.06969e-08 1.69613e-12 1.03063e-06 0.00104929 0.979773 4.65995e-08 
0.000962199 9.62888e-09 3.50451e-08 8.36389e-06 0.0136443 3.85009e-13 5.2363e-13 0.00456091 3.89186e-07 6.37572e-07 2.81169e-09 5.06969e-08 1.69613e-12 1.03063e-06 0.00104929 0.979773 4.65995e-08 
0.00256779 0.0118323 0.00034002 0.029928 0.0184472 7.58903e-11 0.00167455 2.51347e-06 0.0422469 0.731407 0.0891334 4.52849e-07 0.000659017 0.00503077 0.0492432 0.0166352 0.000851921 
0.00036396 3.29302e-05 0.000874952 1.44045e-05 0.774014 3.43868e-07 0.0954212 0.0347846 0.00195032 0.0176147 0.00138861 0.00127567 9.54915e-05 0.000255058 0.0167578 0.0549499 0.000205878 
0.000670161 0.0011232 0.0933837 0.000744376 0.00210583 3.55025e-08 0.548336 0.000484341 0.00124841 0.333649 8.36434e-08 0.000701486 0.00118422 0.000372142 0.00388357 0.00744583 0.00466695 
0.000962199 9.62888e-09 3.50451e-08 8.36389e-06 0.0136443 3.85009e-13 5.2363e-13 0.00456091 3.89186e-07 6.37572e-07 2.81169e-09 5.06969e-08 1.69613e-12 1.03063e-06 0.00104929 0.979773 4.65995e-08 
6.54934e-07 1.0314e-06 5.00323e-10 0.237685 0.000880742 8.66001e-11 0.00162185 1.65649e-10 4.00549e-06 0.720721 9.81401e-06 4.86679e-10 3.81511e-10 6.61156e-07 0.0390732 4.5868e-07 1.30162e-06 
0.00475144 0.000429524 0.000616514 0.0130992 0.0196773 1.17014e-06 0.00103182 0.000535645 0.0284317 0.922024 3.53817e-06 1.02741e-05 2.80447e-05 0.00737155 0.00176501 1.16099e-05 0.000211552 
0.0204814 0.586913 4.76642e-07 0.0176396 0.0140996 3.38484e-07 6.65679e-07 0.00312617 0.00018302 0.0060584 0.00595861 0.0239137 7.18902e-06 0.000895931 0.320516 5.44062e-05 0.000151301 
0.0832306 0.00368337 0.0008024 0.00282054 0.71701 1.92899e-05 0.00316261 0.00922214 0.011768 0.0893317 0.0089024 8.92943e-05 0.000391603 0.0143203 0.00540799 0.0491817 0.000656502 
0.0382098 0.00173431 0.000307412 0.0332671 0.566153 2.49031e-06 0.00125403 0.0167601 0.130779 0.0849074 0.0105653 0.000424241 4.67772e-06 0.114871 0.00051156 4.38617e-05 0.000205634 
0.00250683 0.0134268 2.59407e-05 4.97242e-05 0.613171 9.58719e-08 0.000193771 0.0231017 0.0229795 0.000153559 2.0388e-06 1.29143e-07 2.51883e-06 0.324383 2.25384e-06 1.27714e-06 1.11327e-07 
1.23114e-05 0.00240926 0.00207924 0.000174411 0.0150651 4.98591e-10 0.00938677 0.00580492 0.172016 0.663965 0.000165355 2.802e-09 2.22999e-07 0.0707481 0.0421999 8.7112e-06 0.0159644 
3.43533e-07 8.56502e-07 1.49614e-06 0.330563 0.00030701 2.58965e-07 0.000175261 0.000392011 0.331356 0.276194 8.59602e-05 0.000164326 1.14085e-06 0.0603479 0.000138266 0.000239179 3.27285e-05 
0.00393236 3.7245e-05 2.35495e-08 0.000186652 0.0858248 4.07615e-09 0.0766045 0.263786 0.306316 0.12633 5.42798e-06 1.32876e-05 1.79572e-08 0.136813 6.45286e-06 9.46719e-05 4.96488e-05 
0.152477 0.00722438 0.00062721 0.00192418 0.503553 3.53375e-08 0.00115764 0.0668546 0.0541218 0.00919725 6.238e-08 0.000932728 5.80207e-05 0.175561 0.025777 0.000173711 0.00036 
0.00456669 0.00442977 1.23457e-10 0.00286241 0.0550709 2.1369e-11 2.70178e-07 2.34094e-07 0.00288089 0.902377 0.0254549 1.2009e-10 9.41395e-11 0.000558022 2.51625e-07 0.00179911 5.49754e-10 
0.01968 0.000385573 0.0022633 0.632397 0.0269435 6.1701e-07 0.0969241 0.00118227 0.000198367 0.000246404 8.69363e-05 0.00660742 0.00443113 0.208185 0.000428544 2.48799e-05 1.50397e-05 
3.00175e-06 2.95236e-07 1.28948e-09 5.3254e-07 0.0108256 2.23195e-10 9.05899e-05 4.26927e-10 0.000388661 0.713007 0.274633 1.22642e-07 9.83269e-10 6.27826e-07 0.000362441 0.000687411 9.16028e-07 
0.00256779 0.0118323 0.00034002 0.029928 0.0184472 7.58903e-11 0.00167455 2.51347e-06 0.0422469 0.731407 0.0891334 4.52849e-07 0.000659017 0.00503077 0.0492432 0.0166352 0.000851921 
3.78288e-07 2.96799e-06 7.71401e-06 0.056358 0.00660103 3.13318e-10 0.0794713 3.01494e-07 2.94725e-07 0.167603 7.38172e-10 1.48391e-05 3.88397e-08 0.00210223 0.687835 2.41817e-07 2.45504e-06 
0.0162599 7.74714e-05 3.34762e-06 0.103307 0.0102219 5.79435e-07 0.00141039 1.10835e-06 0.00298298 0.809351 0.04427 3.25633e-06 2.55266e-06 0.0109991 0.000851781 0.000256575 8.62197e-07 
0.0141827 0.00225557 0.0318269 0.000788057 0.12913 6.97667e-08 0.00100502 0.00172993 0.300647 0.453891 7.32011e-08 0.000544833 1.30961e-07 0.0586826 0.00138258 0.00363502 0.000298453 
8.59175e-06 0.51057 1.27963e-06 5.77784e-07 0.196939 2.24274e-10 1.63691e-06 0.00997566 0.0123616 0.00379274 0.0838116 0.0256219 9.88025e-10 0.000743922 0.141783 0.0136904 0.000698029 
0.00435561 0.00673475 2.37676e-05 0.00207166 0.0656226 1.92418e-07 0.000662091 0.00965511 0.237493 0.60145 0.00056538 3.30532e-07 3.61112e-07 0.066952 0.00285899 3.39115e-06 0.00155006 
0.000863403 7.55269e-07 2.36555e-10 1.09881e-07 0.0463031 4.09449e-11 0.00103896 0.0121871 0.00533071 0.924597 9.64655e-11 2.90638e-08 5.66879e-08 0.000454003 0.00889644 8.15494e-08 0.000328203 
0.00254737 0.000418356 0.000202626 0.0348349 0.132538 1.86959e-05 0.0141582 0.0149856 0.0128571 0.712435 6.97511e-05 9.11375e-05 0.0229234 0.00855751 0.0268588 0.0155726 0.000930418 
0.0268426 6.53343e-08 1.14126e-07 3.65026e-05 0.056863 1.97539e-08 2.02869e-05 3.77854e-08 0.10833 0.720444 0.000680999 9.39139e-05 8.70247e-08 0.0866126 7.55658e-05 3.64633e-07 2.93938e-08 
0.0172002 0.0554698 5.29068e-07 0.0292953 0.080291 7.87384e-11 0.000914459 0.00195062 0.14288 0.612993 0.00301815 2.77318e-07 1.55379e-07 0.0455152 0.0101831 1.44733e-05 0.000274389 
0.0255616 3.44691e-07 8.85322e-11 0.00443896 0.0320154 1.53239e-11 0.00265356 7.38681e-07 0.757299 4.15658e-07 3.61029e-11 4.30674e-07 2.70709e-08 0.165043 0.0129861 1.49019e-09 2.28019e-11 
0.00468833 0.0281779 0.00022081 0.0369057 0.111762 7.19516e-05 0.00908716 0.00562608 0.02639 0.583264 0.00177035 0.000133388 8.10203e-05 0.00851236 0.182885 0.000135912 0.000288048 
0.0068725 3.07142e-07 0.0919617 0.00677872 0.250797 3.28134e-12 0.00030747 0.000675583 0.0579366 0.379635 3.94348e-08 0.00481438 0.167578 0.0213 0.0113395 2.03622e-06 3.40812e-07 
2.92586e-06 4.90367e-06 0.000407722 3.24992e-06 9.19423e-06 5.23881e-11 5.84323e-07 0.00401964 0.00600118 0.984058 1.23425e-10 3.06218e-06 5.16997e-06 1.62477e-06 3.8849e-06 3.25092e-05 0.00544666 
0.000170481 0.515546 0.000446728 1.49417e-06 0.179968 2.58787e-10 0.000116207 0.00970252 0.0126841 0.00368572 0.0937778 0.0252649 1.14007e-09 0.000966368 0.129947 0.0269297 0.000792734 
0.00914723 3.83797e-05 0.00309781 4.33524e-05 0.0394746 2.50939e-05 0.000149637 0.000156273 0.0553212 0.844046 2.6344e-05 4.3166e-05 0.000204295 0.0254082 0.000540975 0.0212315 0.00104546 
0.00393236 3.7245e-05 2.35495e-08 0.000186652 0.0858248 4.07615e-09 0.0766045 0.263786 0.306316 0.12633 5.42798e-06 1.32876e-05 1.79572e-08 0.136813 6.45286e-06 9.46719e-05 4.96488e-05 
0.152477 0.00722438 0.00062721 0.00192418 0.503553 3.53375e-08 0.00115764 0.0668546 0.0541218 0.00919725 6.238e-08 0.000932728 5.80207e-05 0.175561 0.025777 0.000173711 0.00036 
0.000572186 2.03478e-05 6.56988e-05 0.00603018 0.212287 8.50175e-10 0.0131564 0.000253778 0.00708937 0.755258 9.03226e-06 4.32769e-05 1.65484e-07 0.00127689 0.00350158 1.51001e-05 0.000420708 
0.000976557 0.000105046 2.84796e-06 2.84262e-05 0.772266 9.47799e-11 3.73836e-06 8.28537e-06 1.20788e-05 0.0272579 4.66254e-05 1.49195e-06 8.3551e-07 3.31775e-06 0.00430358 0.194981 2.52461e-06 
0.0203419 0.00319177 4.02999e-05 0.011418 0.248091 3.26259e-07 0.000903961 1.60485e-06 0.351241 0.283441 0.0130059 5.60443e-07 0.000184301 0.0614548 0.00667759 5.74998e-06 5.59082e-07 
0.0136217 9.99871e-06 2.71081e-07 0.0189427 0.0773932 9.02155e-12 0.0303885 0.0111994 0.0971513 0.71311 0.0124309 1.4201e-07 7.95274e-08 3.15797e-07 0.0257436 7.42066e-06 2.40303e-07 
0.00208213 4.83642e-11 8.44829e-11 0.0755161 0.00716097 1.4623e-11 7.19965e-07 6.01404e-07 0.85016 0.0200472 0.0385314 8.2179e-11 1.29486e-08 0.00650056 3.84197e-07 1.92903e-07 1.1752e-07 
0.0165547 0.000421474 8.31299e-07 0.0946998 0.0047506 2.92174e-07 0.0143436 3.89394e-05 0.0498614 0.441851 0.319827 2.14768e-06 9.27724e-07 0.005986 0.0507697 0.000549068 0.000342772 
0.00144864 0.00645338 0.54355 7.47027e-05 0.146295 4.52532e-06 0.00106247 0.0107429 0.0194323 0.202125 4.76827e-06 7.83662e-06 4.9004e-05 0.0634512 0.00435905 7.94846e-05 0.000859433 
0.00298815 0.000173386 0.000184027 0.00296233 0.0134409 9.9625e-07 0.957343 3.33843e-05 0.000216765 0.0177269 0.00405781 0.000629873 4.38891e-06 1.21093e-05 5.10205e-05 0.000173135 1.48242e-06 
0.00121058 0.000174468 2.99163e-09 0.784819 0.00689843 5.17818e-10 7.04256e-10 0.0333016 0.018041 0.139307 1.21997e-09 2.91005e-09 2.28121e-09 0.0153677 9.87749e-07 0.000878649 7.70511e-10 
0.00362509 3.30176e-07 2.74529e-05 2.18825e-07 0.104685 3.52741e-12 3.93438e-08 0.0143656 0.0650339 0.78908 8.31053e-12 0.00059814 3.48106e-07 0.0158849 0.0066967 2.18892e-06 3.6637e-07 
0.00509351 0.000930209 5.15344e-07 0.0043337 0.101621 6.56621e-11 0.000286006 0.00543385 0.0175643 0.834504 8.43248e-06 2.70096e-07 1.51318e-07 0.00758061 0.0142843 0.00812862 0.000230978 
0.00806005 0.00205868 3.6225e-05 0.0185631 0.0481185 1.20851e-09 0.000404411 0.0435611 0.0796611 0.670209 0.0992304 1.82279e-06 6.31069e-06 0.0190741 0.0109193 9.50203e-05 9.63462e-07 
0.226856 1.59878e-05 0.0043581 0.00956262 0.255127 4.11504e-09 0.000885896 0.0201214 0.0107088 0.444396 9.69497e-09 0.00451649 1.81285e-08 0.0195344 0.00381946 8.32559e-06 8.94909e-05 
3.78288e-07 2.96799e-06 7.71401e-06 0.056358 0.00660103 3.13318e-10 0.0794713 3.01494e-07 2.94725e-07 0.167603 7.38172e-10 1.48391e-05 3.88397e-08 0.00210223 0.687835 2.41817e-07 2.45504e-06 
0.0571275 0.000702159 5.93699e-08 1.32698e-06 5.2211e-05 1.02762e-08 1.27319e-05 0.941966 6.39286e-06 9.96461e-05 1.0345e-05 2.75351e-06 4.52713e-08 1.49467e-05 6.42875e-07 2.68381e-06 8.79331e-07 
2.77516e-05 7.25713e-06 4.64434e-05 0.020372 0.00701378 2.48958e-09 7.58622e-06 2.68504e-05 0.00168012 0.95855 1.80334e-05 1.3991e-08 1.09677e-08 0.0122328 1.30351e-05 4.18589e-06 3.70449e-09 
0.0105413 0.000485944 0.0724005 0.00279539 0.0020392 1.33854e-09 0.000370444 0.000144122 0.031247 0.77677 0.0957083 3.6532e-06 0.00139301 1.9351e-06 0.00605451 3.87087e-05 6.48055e-06 
0.164286 0.00338385 5.20139e-07 0.0627977 0.136776 1.18102e-10 1.60624e-10 0.0197755 0.0110044 0.55181 0.0428409 6.63712e-10 5.20289e-10 0.00732489 2.12597e-08 3.13326e-07 7.46448e-08 
4.6351e-06 1.66071e-06 0.108041 0.139585 1.03676e-05 1.08588e-06 0.0484806 5.33952e-06 0.415025 0.0377688 0.00420918 1.86772e-06 2.03945e-06 0.244624 0.00221825 1.91273e-05 1.86064e-06 
0.0137958 0.038844 0.0317952 0.00438166 0.199507 2.52409e-08 0.016263 0.0147308 0.149526 0.310532 0.0111573 4.89224e-05 1.49643e-05 0.145773 0.0319785 0.0307271 0.000924174 
0.152477 0.00722438 0.00062721 0.00192418 0.503553 3.53375e-08 0.00115764 0.0668546 0.0541218 0.00919725 6.238e-08 0.000932728 5.80207e-05 0.175561 0.025777 0.000173711 0.00036 
0.0347006 5.32414e-06 1.10721e-06 0.00987817 0.455321 1.6747e-09 0.0928703 0.00113922 0.0722278 0.0722231 0.00269492 0.00600087 3.55062e-06 0.248572 0.00124357 0.00310131 1.74753e-05 
0.134297 0.0135952 1.10278e-08 0.0116791 0.678239 1.90878e-09 0.00173845 3.43565e-06 0.0392042 0.0369684 4.53672e-06 0.0842606 8.98969e-08 2.69665e-06 6.40799e-06 1.15946e-06 2.84026e-09 
0.00120284 3.30031e-09 5.76501e-09 0.00734012 0.0106236 9.97856e-10 0.00265945 1.9087e-09 0.00119632 0.973774 0.00166726 0.00153337 4.39599e-09 2.09643e-07 1.79008e-06 1.19967e-06 4.53674e-09 
0.0577042 0.000870284 0.000631849 0.152103 0.405708 3.20735e-10 1.37606e-06 0.0885688 0.0806474 0.0741777 1.48556e-06 0.00474097 1.41298e-09 0.0473742 0.0840324 0.00343797 4.77252e-10 
0.000313426 1.33039e-06 0.000101128 0.00269275 0.00235692 3.16112e-09 2.16421e-06 2.73451e-06 0.00313412 0.985514 0.00511189 1.7765e-08 1.12114e-07 0.000311375 0.00033691 0.000119196 1.49634e-06 
0.000147316 7.49418e-08 1.30909e-07 0.0005889 7.11441e-05 2.26588e-08 3.0817e-08 6.07221e-05 0.000135421 0.000284973 5.33837e-08 0.0130523 9.98218e-08 0.985049 0.000167709 3.05651e-05 0.000411372 
0.014104 0.0836582 0.0900382 0.00391474 0.118961 0.00027516 0.0011558 0.00374662 0.0981803 0.420217 0.0833187 0.0408635 0.000315088 0.00104603 0.0337662 0.00431718 0.00212238 
3.59552e-05 3.29691e-05 4.12513e-09 6.33104e-05 0.043182 7.14013e-10 0.11553 1.36577e-09 2.33531e-05 0.814733 0.0118994 4.01264e-09 3.14554e-09 8.33459e-06 0.0119707 0.00252137 4.44261e-08 
0.0680048 0.00512892 0.153568 0.00736454 0.107638 8.33456e-08 1.46958e-06 0.0145553 0.138438 0.248302 3.79264e-07 9.58394e-06 0.000287803 0.168377 0.0493436 0.0388728 0.000107345 
0.00596727 0.0218696 9.74134e-06 0.00378717 0.031188 2.42569e-10 0.122165 0.00365694 0.0029543 0.0843772 0.0088171 0.00022252 3.83772e-05 0.00934005 0.705559 5.99799e-06 4.13119e-05 
0.0313693 9.38912e-05 0.00155226 0.0138346 0.124052 1.11412e-09 7.78105e-07 3.23622e-07 0.0390383 0.1663 4.58375e-07 0.44518 4.90819e-09 0.178528 1.7198e-06 2.10829e-06 4.74228e-05 
8.08772e-05 0.000135548 0.0112704 8.98351e-05 0.000254149 1.44812e-09 1.6152e-05 5.84491e-05 0.000150669 0.986515 3.41175e-09 8.46455e-05 0.000142909 4.49122e-05 0.000107387 0.000898626 0.000150407 
0.00221143 0.000599932 3.1991e-06 0.0291452 0.000274855 5.53727e-07 0.0054359 1.05917e-06 0.0305814 0.866186 0.0566834 3.11186e-06 2.43941e-06 0.00278888 8.6507e-06 0.00602341 5.05315e-05 
0.000962199 9.62888e-09 3.50451e-08 8.36389e-06 0.0136443 3.85009e-13 5.2363e-13 0.00456091 3.89186e-07 6.37572e-07 2.81169e-09 5.06969e-08 1.69613e-12 1.03063e-06 0.00104929 0.979773 4.65995e-08 
0.551227 4.21634e-05 5.3831e-06 0.00466476 0.311052 7.29876e-08 0.000291586 0.00393473 0.0422067 0.0118464 6.63401e-05 0.00240328 6.81264e-07 0.0146554 0.0111609 0.046442 5.29765e-07 
0.000962199 9.62888e-09 3.50451e-08 8.36389e-06 0.0136443 3.85009e-13 5.2363e-13 0.00456091 3.89186e-07 6.37572e-07 2.81169e-09 5.06969e-08 1.69613e-12 1.03063e-06 0.00104929 0.979773 4.65995e-08 
0.000962199 9.62888e-09 3.50451e-08 8.36389e-06 0.0136443 3.85009e-13 5.2363e-13 0.00456091 3.89186e-07 6.37572e-07 2.81169e-09 5.06969e-08 1.69613e-12 1.03063e-06 0.00104929 0.979773 4.65995e-08 
0.01968 0.000385573 0.0022633 0.632397 0.0269435 6.1701e-07 0.0969241 0.00118227 0.000198367 0.000246404 8.69363e-05 0.00660742 0.00443113 0.208185 0.000428544 2.48799e-05 1.50397e-05 
