0.00268348 6.98011e-05 5.81193e-10 0.0333585 0.115629 0.000139393 1.36818e-10 0.804156 0.000938424 0.023102 1.10592e-05 8.57234e-05 1.5574e-08 0.00867804 9.49923e-08 0.0111483 1.0356e-07 
0.000683909 0.000583824 4.41743e-06 0.000414503 0.0015943 0.0647736 6.49795e-09 0.00125358 0.856874 0.0429893 3.71077e-05 0.000841958 8.25819e-09 0.0296529 0.000217424 6.51615e-05 1.4485e-05 
6.8911e-05 2.46641e-05 0.00199335 0.0688015 0.909698 1.61377e-05 7.21055e-06 7.93803e-05 0.000244692 0.000347878 1.69287e-05 2.77211e-05 0.0182017 0.000149733 9.62926e-06 0.00028441 2.76538e-05 
8.18964e-07 0.000465819 2.36893e-05 0.00015896 0.0277861 0.000211028 8.57073e-08 9.43389e-07 0.00258908 0.946046 2.01211e-07 0.0077769 0.00089202 0.0128732 0.000200477 3.37998e-06 0.000970978 
0.175116 0.0138453 2.55955e-05 0.00102272 0.431415 0.000180754 1.74338e-08 0.151735 0.0568471 0.0834992 6.13897e-06 6.65669e-08 7.58433e-05 0.0522381 0.00528598 0.0285331 0.000174525 
0.00107783 0.000145199 0.00976759 3.41656e-05 0.102834 6.56012e-05 3.01339e-05 0.000530173 0.00560173 0.791255 0.0137851 0.0494711 7.0715e-05 0.0247662 0.000215599 3.08424e-05 0.000319396 
0.0756684 0.00130151 0.00353611 0.00798724 0.0394792 0.0327704 0.000850438 0.0051678 0.512279 0.0145485 0.017928 0.00282652 0.00309836 0.17001 0.0553038 0.0549775 0.00226785 
0.000107407 1.11969e-07 1.63099e-06 0.000448337 0.0306023 2.26146e-06 6.95881e-11 0.00353893 0.0182945 0.161996 5.05829e-07 0.00145917 0.501015 0.276797 0.00146671 0.00290463 0.00136614 
0.0574606 0.00310709 2.42802e-05 0.021266 0.223188 0.0431483 1.07411e-05 0.273564 0.0445653 0.276228 0.0100736 0.0172319 0.00015941 0.0123151 0.0149504 0.00261979 8.83031e-05 
0.000312712 2.70576e-05 0.0048172 1.1207e-07 0.00228421 0.42563 1.34434e-08 2.76617e-05 0.068746 0.39217 1.71066e-05 0.00128349 1.79376e-05 0.0744249 0.0297696 0.000211028 0.000260605 
0.00531409 0.984141 1.69842e-08 0.0012032 9.47423e-05 0.000316694 2.60785e-09 2.59197e-07 0.00149026 0.00516728 5.06646e-05 0.000174885 5.74725e-08 0.00167107 0.000284669 2.58378e-05 6.51492e-05 
0.0108142 0.000672077 0.000220739 0.00104603 0.626695 0.00106456 5.55675e-06 0.00767576 0.00330232 0.0513838 1.91084e-05 2.00925e-05 0.0115892 0.00463974 0.00216146 0.278554 0.000136525 
0.000213871 0.000692373 0.025957 0.000816028 0.857204 0.000483529 2.39314e-05 0.00129953 0.0338254 0.0691507 0.00104935 0.000486205 0.000254042 0.000461595 0.00368676 0.00406925 0.000326487 
0.00824096 0.00486881 0.00177891 0.00300721 0.102969 0.00143199 1.87948e-07 0.00194556 0.029321 0.413888 2.17067e-07 2.29072e-06 0.231262 0.178793 0.0131827 0.00903445 0.00027453 
0.000608547 2.83224e-07 6.86409e-09 0.000378659 0.00153214 0.000881235 6.00199e-13 0.00295556 0.000312029 0.00935795 6.21903e-09 3.85747e-05 1.94415e-12 0.00276383 0.1237 0.00161344 0.855857 
0.00366366 2.57062e-07 0.0561152 0.000457815 0.122435 0.00227081 7.5152e-08 0.00231738 0.252993 0.380346 0.000882379 2.88924e-07 0.000505363 0.174788 0.00322168 2.96427e-06 2.88222e-07 
0.0210338 1.54876e-05 1.08004e-06 0.100243 0.520285 0.00141001 3.97338e-09 0.0266465 0.0204388 0.127958 6.57666e-06 0.0137315 1.28705e-08 0.15093 0.0151038 0.00219484 2.01916e-06 
0.0173825 3.21165e-07 3.7821e-05 2.06554e-05 0.078906 6.42074e-05 3.69945e-10 0.21975 0.0202614 0.627125 3.06257e-07 4.35862e-05 4.90498e-06 0.0338236 0.00251271 4.63357e-06 6.2154e-05 
0.0113492 0.00117199 0.000236334 0.000728337 0.0438188 0.000258871 5.39129e-05 0.00150628 0.0746082 0.829408 0.0013167 0.000177295 0.00369734 0.0162201 0.0027424 0.0125013 0.000204616 
2.01312e-06 1.95893e-06 7.12744e-10 0.0214962 0.028 0.0238751 1.67786e-10 2.35978e-10 0.189316 0.55405 1.9186e-06 3.60588e-06 5.43488e-10 0.104982 0.0765987 4.99005e-07 0.00167235 
0.000135129 1.98371e-08 3.46516e-08 1.08229e-05 0.136171 9.06877e-08 8.15727e-09 3.56151e-06 0.0101837 0.843057 0.00777506 3.37066e-08 2.64229e-08 7.97043e-06 0.00259089 6.47837e-05 8.92469e-09 
0.0407484 1.28627e-08 9.64473e-05 6.50004e-09 0.534773 1.22915e-08 4.72217e-13 0.00908368 0.000203333 0.000761792 4.90892e-09 8.19719e-09 1.5296e-12 9.42799e-09 0.000358056 0.413975 3.3169e-08 
0.0244278 1.49911e-05 1.83895e-07 0.000629274 0.861719 0.0129089 9.8365e-12 0.0522386 0.0124261 0.033808 1.31222e-07 6.70688e-07 3.37772e-07 0.00164343 9.50597e-05 1.14971e-06 8.60567e-05 
0.0563698 1.4824e-07 2.58946e-07 0.0817668 0.00116742 2.80681e-05 6.0958e-08 1.40534e-05 0.86025 1.31502e-05 1.05597e-07 0.000325677 1.97454e-07 2.09983e-05 4.20383e-05 9.1059e-07 4.90029e-07 
0.00216406 0.000170993 0.00210288 0.000649388 0.0811461 0.00149188 1.44094e-05 0.00817781 0.00993374 0.857876 0.000130265 7.70019e-05 0.000856481 0.00703539 0.00875274 0.019174 0.000246813 
0.00161433 0.000479132 3.21482e-05 0.000827244 0.0040313 0.0109381 2.29378e-05 0.000589226 0.0195505 0.417777 0.0287672 0.000397907 0.00015162 0.00798178 0.0626291 0.00660309 0.437608 
7.69938e-06 1.89911e-06 0.0014916 8.9844e-06 0.00180903 0.000359776 1.45434e-06 8.675e-06 0.00181454 0.961552 2.40997e-06 0.00972858 6.63262e-05 0.0230112 1.26776e-05 2.42997e-06 0.000121048 
0.0235885 5.48524e-05 3.36462e-05 0.00494952 0.0537165 0.0119159 2.45583e-05 0.00360528 0.00713217 0.854326 0.000229311 0.000467423 0.00572942 0.00227153 0.000601461 0.0309775 0.000376027 
0.0104603 0.00213566 0.000753449 0.0150221 0.159555 0.00448688 1.01523e-07 0.000487883 0.0492218 0.495794 8.88518e-06 0.00508106 2.02602e-05 0.214109 0.036704 0.00196547 0.00419418 
0.0154397 0.000641166 5.63191e-06 0.000166934 0.173743 0.00021434 2.03723e-08 0.005652 0.542496 0.014351 0.000727059 0.000579661 8.55682e-08 0.224429 0.00395578 0.0175987 7.81317e-08 
3.64618e-06 0.00663841 1.40457e-05 0.0319048 0.0118033 0.0882162 1.8909e-06 0.00179956 0.203838 0.435815 1.26367e-05 5.64288e-06 2.00552e-06 5.98772e-06 0.2159 0.00403701 1.93745e-06 
0.0900608 8.93634e-09 1.561e-08 4.61914e-05 0.481421 0.0325235 3.67473e-09 0.0677393 0.00404484 0.254952 0.0184314 4.28412e-07 1.19031e-08 0.0078548 0.00710101 0.0350239 0.000800483 
0.00156375 3.53417e-12 6.17351e-12 0.000498645 5.31669e-07 1.20642e-07 1.45329e-12 5.161e-07 0.127877 1.8747e-07 2.51752e-12 3.89741e-07 3.29994e-09 0.863043 0.00701593 3.22955e-07 6.67966e-09 
0.0132048 0.00659791 0.0182558 0.0236007 0.134649 0.0050365 0.000733189 0.126766 0.0218313 0.0290772 0.00275087 0.00382541 0.00125167 0.0396343 0.358743 0.166953 0.0470888 
0.000979814 0.00307604 4.32496e-06 0.00142363 0.0858552 0.0065336 2.48809e-09 0.00309967 0.0143764 0.649106 0.0255144 1.74312e-06 6.23578e-07 0.000696631 0.207796 0.00149717 3.8466e-05 
0.0102488 3.36757e-06 6.51392e-05 2.98723e-09 0.00783658 0.00697564 1.17316e-09 0.0187813 0.634257 0.0357542 2.60504e-05 8.09071e-05 1.48732e-09 0.28426 0.000691241 0.000975217 4.50525e-05 
0.00268348 6.98011e-05 5.81193e-10 0.0333585 0.115629 0.000139393 1.36818e-10 0.804156 0.000938424 0.023102 1.10592e-05 8.57234e-05 1.5574e-08 0.00867804 9.49923e-08 0.0111483 1.0356e-07 
0.0129879 7.35977e-05 0.000895407 0.00123919 0.0482594 0.000921385 6.29253e-06 0.00472517 0.0218311 0.874033 0.000308268 0.000520741 0.00041998 0.0205213 0.0040161 0.00913605 0.000105479 
1.34198e-06 1.88073e-11 3.28528e-11 8.04091e-08 2.82932e-06 6.42004e-07 7.73381e-12 2.74646e-06 0.153504 9.97636e-07 1.33971e-11 2.07403e-06 1.75609e-08 0.846483 5.99279e-07 1.71863e-06 3.55463e-08 
1.34198e-06 1.88073e-11 3.28528e-11 8.04091e-08 2.82932e-06 6.42004e-07 7.73381e-12 2.74646e-06 0.153504 9.97636e-07 1.33971e-11 2.07403e-06 1.75609e-08 0.846483 5.99279e-07 1.71863e-06 3.55463e-08 
0.0407484 1.28627e-08 9.64473e-05 6.50004e-09 0.534773 1.22915e-08 4.72217e-13 0.00908368 0.000203333 0.000761792 4.90892e-09 8.19719e-09 1.5296e-12 9.42799e-09 0.000358056 0.413975 3.3169e-08 
9.26799e-05 2.09467e-07 0.000854097 3.77727e-05 0.00192499 0.000425554 8.61355e-08 0.000224759 0.0185816 0.968301 8.06254e-05 3.5592e-07 2.79008e-07 0.000513953 0.00871801 0.000190958 5.31313e-05 
0.00161433 0.000479132 3.21482e-05 0.000827244 0.0040313 0.0109381 2.29378e-05 0.000589226 0.0195505 0.417777 0.0287672 0.000397907 0.00015162 0.00798178 0.0626291 0.00660309 0.437608 
0.039495 0.0206691 0.00571453 0.0312904 0.148817 0.00677168 0.000886654 0.112171 0.0574407 0.0196415 0.00330919 0.00145476 0.00095728 0.0943678 0.233823 0.205612 0.0175788 
0.0236229 0.000878944 0.00442558 0.0162331 0.168148 0.000791907 0.000114567 0.015758 0.0857581 0.594775 0.014296 0.00564382 0.000317926 0.0423915 0.0199726 0.00670904 0.000162648 
0.0407484 1.28627e-08 9.64473e-05 6.50004e-09 0.534773 1.22915e-08 4.72217e-13 0.00908368 0.000203333 0.000761792 4.90892e-09 8.19719e-09 1.5296e-12 9.42799e-09 0.000358056 0.413975 3.3169e-08 
3.05931e-06 0.00170254 0.00131433 0.0077788 0.0336281 0.000312124 9.09487e-07 0.00143475 0.00432314 0.83667 0.00767875 5.11381e-05 0.0691764 0.00555443 0.0265673 0.00291855 0.000886034 
0.0114914 9.54583e-05 0.000453748 0.00206581 0.0267941 0.0287053 4.20832e-06 0.0405554 0.206366 0.549374 6.81432e-05 0.00112701 7.29463e-06 0.0567339 0.00675685 0.0691116 0.00028957 
0.0997902 1.12813e-05 3.7127e-07 7.25473e-07 0.732992 9.63197e-07 7.34111e-11 0.166374 3.74847e-05 5.62302e-07 2.82865e-07 9.94522e-06 2.57804e-07 0.000761929 1.61579e-06 1.87967e-05 8.03175e-11 
0.00268348 6.98011e-05 5.81193e-10 0.0333585 0.115629 0.000139393 1.36818e-10 0.804156 0.000938424 0.023102 1.10592e-05 8.57234e-05 1.5574e-08 0.00867804 9.49923e-08 0.0111483 1.0356e-07 
0.00445364 1.28989e-07 1.04248e-05 0.000826556 0.0220862 0.000261533 3.77101e-08 0.00287638 0.300457 0.00710443 8.85343e-08 0.000258405 3.20121e-06 0.643247 0.00558672 0.0128107 1.68111e-05 
1.59298e-05 5.71318e-06 0.000460657 0.00455686 3.56261e-05 3.73332e-06 1.67187e-06 0.013324 5.65458e-05 0.893131 3.92171e-06 6.42917e-06 7.01683e-06 0.0800566 0.00826182 6.57269e-05 6.39653e-06 
0.000172206 0.0866681 3.19424e-09 2.21736e-08 0.00353789 2.44303e-08 8.99344e-13 1.67937e-08 0.000303941 2.69214e-08 4.53105e-07 2.36955e-08 2.91314e-12 1.24958e-08 8.32826e-06 0.909309 3.88454e-08 
0.0137128 8.86835e-06 1.72107e-09 3.08523e-06 0.78296 4.49853e-06 4.05153e-10 9.68744e-06 7.98306e-06 0.16515 7.0184e-10 1.67413e-09 1.31236e-09 2.00297e-06 0.0299311 0.00820988 4.47702e-08 
0.136296 0.00380706 0.00704163 0.000638828 0.0784286 0.000318652 5.39889e-05 0.0668581 0.111394 0.232791 0.00168714 0.00110909 5.42111e-05 0.0827219 0.244726 0.0312598 0.000813846 
0.139235 0.00896519 2.14996e-05 1.40457e-07 0.798655 7.53484e-07 1.97567e-10 0.0327458 7.98474e-05 0.00585464 9.17871e-05 3.65388e-05 6.33358e-07 0.00054456 4.32378e-05 0.0137117 1.3235e-05 
0.00161433 0.000479132 3.21482e-05 0.000827244 0.0040313 0.0109381 2.29378e-05 0.000589226 0.0195505 0.417777 0.0287672 0.000397907 0.00015162 0.00798178 0.0626291 0.00660309 0.437608 
0.00125028 7.9979e-05 1.56733e-05 0.00782213 0.0452283 0.00630487 2.06755e-08 0.000342496 0.000925787 0.914116 0.00975444 0.000766177 2.29049e-06 0.00795273 0.00537221 2.93042e-06 6.41542e-05 
3.63259e-06 9.66848e-06 0.00267699 1.53788e-05 0.0420039 4.77973e-06 4.5315e-10 0.00127751 0.0223611 0.917145 1.59141e-05 0.00132475 2.52463e-06 1.50287e-06 0.0129031 3.30904e-06 0.000250733 
4.98241e-05 1.79733e-07 0.000459026 2.03156e-05 0.000224488 0.000228672 7.39084e-08 1.03947e-07 9.90721e-05 0.997731 4.33681e-05 3.05397e-07 2.39403e-07 3.03095e-05 0.000375929 0.000102622 0.000634725 
0.0114289 0.000295236 3.07871e-05 0.00193922 0.0141439 0.000433463 2.21316e-08 0.000433994 0.00508562 0.962199 0.000345032 2.27302e-05 7.847e-06 2.65308e-05 0.0024239 1.00492e-05 0.00117384 
0.0090504 0.00656203 0.0191851 2.22168e-05 0.0871306 0.0207232 1.06882e-07 0.0147654 0.0221796 0.766932 0.0027383 4.60641e-05 4.48585e-07 0.0245186 0.0239991 0.00185977 0.000287428 
0.00138153 3.1252e-08 0.00020159 6.97434e-05 0.0122442 0.000950966 1.28512e-08 0.000977462 0.0122513 0.96411 4.96902e-05 1.3654e-05 4.16274e-08 0.00099139 0.00550189 5.27921e-06 0.00125164 
8.46117e-06 1.06354e-08 1.69852e-07 0.0254639 0.000483426 0.00285111 4.3734e-09 2.48532e-06 1.73165e-05 0.970549 7.57597e-09 1.80713e-08 2.37885e-06 0.000300972 0.000318726 7.72016e-07 1.29051e-06 
0.000352304 0.0422702 0.000629091 0.00760825 0.0577834 0.0124188 4.82746e-05 0.0430643 0.000789144 0.190941 0.00126083 0.00181926 0.00014852 0.100295 0.531533 0.000406175 0.00863188 
0.00351664 0.002667 0.000539148 0.00081255 0.108909 0.0633317 8.16158e-05 0.00579896 0.121629 0.464678 0.0540464 0.0961858 0.000127505 0.0481532 0.0275748 0.00178095 0.000167917 
0.00161026 7.14275e-05 0.0481312 0.000657744 0.0672207 0.00312181 2.95918e-08 0.0118537 0.0877284 0.0739623 0.000310946 0.000233171 0.339854 0.305584 0.00254189 0.0538893 0.00322889 
0.00407202 0.0110947 1.50054e-05 0.000135921 0.0360992 0.000441649 8.64064e-07 0.000181643 0.000210357 0.78101 1.49932e-05 8.82072e-06 0.00143616 0.00216578 0.155351 5.77433e-06 0.00775639 
0.000117901 0.24831 0.00021636 0.0381237 0.0321533 0.000464723 1.28329e-05 8.16222e-05 0.0184671 0.603736 0.0194678 0.000336703 1.9684e-05 0.0130833 0.0241837 0.00102572 0.000199764 
0.000780342 4.09154e-08 0.00241578 5.39421e-05 0.140698 0.0015447 3.58001e-09 0.000557177 1.62926e-06 0.60621 2.67573e-05 0.151023 2.04814e-05 0.0249197 0.070611 1.82461e-06 0.00113595 
0.0473457 0.00102767 0.00106236 0.00876089 0.0827611 0.0121843 6.78689e-05 0.0015689 0.137063 0.602998 0.000905649 0.00650611 0.000274746 0.0385908 0.0571275 0.00156064 0.000194967 
5.80115e-05 0.000276582 5.41192e-09 7.42591e-05 1.02486e-07 0.00292879 1.0044e-12 0.00030932 0.0449725 3.61379e-08 1.63368e-10 0.000256378 6.38451e-10 0.949447 0.0016294 2.70249e-05 2.10825e-05 
0.00609292 1.25044e-08 2.94279e-10 6.10235e-08 0.0495537 2.53677e-07 6.92757e-11 1.01942e-06 0.0168657 0.907707 1.20005e-10 2.86254e-10 2.24397e-10 0.00878995 0.0105826 4.49035e-07 0.000406683 
0.000683909 0.000583824 4.41743e-06 0.000414503 0.0015943 0.0647736 6.49795e-09 0.00125358 0.856874 0.0429893 3.71077e-05 0.000841958 8.25819e-09 0.0296529 0.000217424 6.51615e-05 1.4485e-05 
0.000172651 0.00216157 2.65158e-05 0.0486131 0.94059 5.79837e-05 1.41833e-09 0.000121683 5.38039e-05 5.31015e-05 1.8921e-05 5.86066e-09 4.87033e-05 0.00790314 5.48047e-06 0.000165776 7.29481e-06 
0.638885 0.000429056 3.92574e-07 8.78935e-05 0.109023 0.000701332 9.24152e-08 0.00833711 0.0697297 0.00581873 1.60089e-07 0.00226584 1.9454e-05 0.162132 0.000654647 0.00187734 3.89196e-05 
0.000895373 1.25483e-08 2.19195e-08 5.36493e-05 0.00188773 0.000428348 5.16003e-09 0.00183245 0.98024 0.000665627 8.93863e-09 0.0013838 1.17167e-05 0.0110306 0.000399841 0.00114668 2.37166e-05 
0.0232963 0.000605189 8.94945e-07 1.27089e-08 0.146882 0.000231755 1.88609e-11 4.3367e-07 0.311395 0.000411483 0.048735 3.27547e-07 2.82986e-09 0.468441 9.46311e-08 2.71371e-07 5.63178e-09 
2.1789e-05 0.00180512 0.00302507 0.127442 0.0318821 0.0001004 4.42027e-06 1.58066e-05 0.0142124 0.766168 0.000121094 2.307e-05 3.86304e-05 0.0306029 0.0142894 0.00981573 0.000432331 
1.53969e-05 4.09587e-07 2.86074e-10 4.61994e-06 5.56399e-06 1.24786e-06 6.73442e-11 5.21025e-07 2.59089e-06 0.999963 4.66755e-07 2.78273e-10 2.1814e-10 3.75867e-06 1.16536e-06 3.71918e-07 3.90577e-07 
0.00240967 0.0286511 0.016473 0.0118793 0.0104223 0.0147315 1.90929e-05 0.00301113 0.0465402 0.0743139 0.00136514 0.000102998 9.87938e-05 0.0653821 0.698142 0.00190548 0.0245519 
0.677263 6.89884e-05 8.83879e-06 0.0125733 0.132824 0.00295069 1.40053e-10 0.00501942 0.0313571 0.0369251 1.8276e-06 2.02912e-06 2.8016e-07 0.0848397 0.00276294 0.013403 1.53229e-10 
0.000143229 4.76869e-07 2.04409e-06 0.00469825 0.76624 0.00487556 8.90935e-11 0.000335926 0.000164629 0.0384533 2.06826e-06 1.80427e-06 2.8859e-10 6.14663e-05 3.27249e-06 0.185018 7.89647e-07 
0.00444763 0.0597917 2.03803e-05 1.45735e-08 0.0340506 1.60567e-08 7.48845e-13 0.000225469 0.000231691 7.06911e-05 2.27839e-07 2.13161e-05 2.42564e-12 7.39505e-06 9.95662e-05 0.901033 2.5531e-08 
0.00940693 0.0446911 0.000330723 0.0220815 0.00763471 6.07725e-05 7.31124e-08 0.00505872 9.89278e-06 0.524521 0.00817975 0.00366763 7.25282e-06 0.077186 0.296871 0.000159516 0.000133296 
0.0894571 2.74482e-06 0.000423643 3.57345e-06 0.100482 0.000592066 2.47025e-07 0.0645702 0.162243 0.553828 8.54127e-06 0.00196562 1.03725e-06 0.0131158 0.000942207 0.0123553 8.51676e-06 
0.00161433 0.000479132 3.21482e-05 0.000827244 0.0040313 0.0109381 2.29378e-05 0.000589226 0.0195505 0.417777 0.0287672 0.000397907 0.00015162 0.00798178 0.0626291 0.00660309 0.437608 
0.00966978 1.05926e-05 0.000274669 0.000643965 0.511413 0.000840868 3.5565e-11 0.0129097 0.00103712 0.0266662 2.5001e-08 1.64407e-08 0.0409894 0.0013764 0.00322501 0.390438 0.000505008 
0.00194987 0.0034013 4.66008e-05 0.00269501 0.034951 0.00347443 1.80935e-07 0.000334333 0.0143226 0.914608 1.00039e-06 0.00145486 0.000213872 0.0090339 0.0106909 0.00250288 0.000319365 
0.0296888 1.97471e-07 0.0772271 4.03808e-06 0.710053 0.000131212 5.77355e-08 0.00533986 0.0709868 0.00355465 1.3554e-07 0.000130511 1.7737e-06 0.0720091 0.000468976 0.0303948 8.57449e-06 
0.00457029 5.54447e-07 4.4805e-05 0.000444096 0.154434 3.62752e-07 1.62101e-07 0.00414974 0.102389 0.723024 7.06934e-05 6.23208e-07 6.80832e-07 0.00297837 0.00788582 6.39277e-06 6.21611e-07 
0.0393444 1.10727e-06 1.93418e-06 0.000455473 0.000220643 2.73995e-05 4.55323e-07 5.4397e-06 0.00191702 0.930176 1.46238e-06 0.000123459 1.47487e-06 0.0230408 0.00452041 0.000161691 4.98158e-07 
0.00503679 5.03014e-05 1.04618e-05 0.000404994 0.110669 0.00133707 2.36503e-09 0.0556892 0.0961983 0.639143 0.000870103 6.87504e-05 7.66075e-09 0.0201798 0.067536 0.00280523 6.51894e-07 
0.00371546 6.51261e-05 0.0159374 0.000114042 0.19124 0.00209609 2.08595e-05 0.00876974 0.0894124 0.652609 4.17425e-05 0.00122032 5.12609e-05 0.0208451 0.0117516 0.00179037 0.000319417 
0.00472912 0.00206015 0.0126996 3.78698e-06 0.271692 0.0495844 6.94159e-10 1.19656e-05 0.138626 0.447163 4.64529e-06 0.0256892 0.00143462 0.0107115 0.0355627 1.54827e-05 1.20796e-05 
0.000963849 0.000516732 0.00120669 1.9832e-06 0.119387 0.075637 2.67039e-07 0.000839683 6.44197e-06 0.778587 0.000733817 2.51127e-06 0.000335714 0.0139384 0.00770529 4.13978e-07 0.000137301 
0.0407484 1.28627e-08 9.64473e-05 6.50004e-09 0.534773 1.22915e-08 4.72217e-13 0.00908368 0.000203333 0.000761792 4.90892e-09 8.19719e-09 1.5296e-12 9.42799e-09 0.000358056 0.413975 3.3169e-08 
0.00161433 0.000479132 3.21482e-05 0.000827244 0.0040313 0.0109381 2.29378e-05 0.000589226 0.0195505 0.417777 0.0287672 0.000397907 0.00015162 0.00798178 0.0626291 0.00660309 0.437608 
2.46089e-05 8.80781e-06 0.000711846 0.00527596 5.50522e-05 0.00922648 2.57496e-06 2.83475e-05 0.847693 0.136778 6.04543e-06 9.89951e-06 1.08154e-05 5.34714e-05 3.43871e-06 0.000101566 9.87547e-06 
0.00407202 0.0110947 1.50054e-05 0.000135921 0.0360992 0.000441649 8.64064e-07 0.000181643 0.000210357 0.78101 1.49932e-05 8.82072e-06 0.00143616 0.00216578 0.155351 5.77433e-06 0.00775639 
0.00371546 6.51261e-05 0.0159374 0.000114042 0.19124 0.00209609 2.08595e-05 0.00876974 0.0894124 0.652609 4.17425e-05 0.00122032 5.12609e-05 0.0208451 0.0117516 0.00179037 0.000319417 
0.00336709 1.8859e-06 0.00044968 7.9652e-09 0.146895 9.06191e-05 1.1163e-10 0.00060252 0.152292 0.522459 3.84268e-06 0.000701495 0.000184385 0.167932 0.00494026 4.58165e-08 8.05278e-05 
0.000107407 1.11969e-07 1.63099e-06 0.000448337 0.0306023 2.26146e-06 6.95881e-11 0.00353893 0.0182945 0.161996 5.05829e-07 0.00145917 0.501015 0.276797 0.00146671 0.00290463 0.00136614 
2.69954e-06 0.00457564 1.53375e-06 0.00600627 0.110383 0.00625959 1.47995e-10 0.0401618 0.0402521 0.503568 0.263312 0.00478916 2.19204e-07 0.0158962 0.00462171 2.86926e-07 0.00016955 
0.00487928 2.13176e-06 2.88343e-06 0.000955483 0.0768944 1.43702e-06 3.4108e-11 4.1739e-07 0.0146946 0.89877 0.002311 1.40937e-10 1.10482e-10 0.00148513 2.36271e-06 6.44736e-07 1.79158e-07 
0.00306771 0.0275541 0.109305 0.00441703 0.097854 0.00191798 0.000256618 0.00501279 0.162973 0.356145 0.000735633 0.00613879 0.000774959 0.133662 0.0434519 0.0462004 0.000531135 
0.00161433 0.000479132 3.21482e-05 0.000827244 0.0040313 0.0109381 2.29378e-05 0.000589226 0.0195505 0.417777 0.0287672 0.000397907 0.00015162 0.00798178 0.0626291 0.00660309 0.437608 
0.00161433 0.000479132 3.21482e-05 0.000827244 0.0040313 0.0109381 2.29378e-05 0.000589226 0.0195505 0.417777 0.0287672 0.000397907 0.00015162 0.00798178 0.0626291 0.00660309 0.437608 
0.0874027 0.00359284 0.0251982 0.00259513 0.145963 0.00507916 6.48983e-06 0.00147511 0.0854898 0.139096 0.0498067 0.186972 9.53907e-05 0.0696927 0.164965 0.0186207 0.0139493 
5.09734e-08 0.000860588 9.89011e-08 0.000520431 0.000213577 0.0961327 9.62902e-09 5.74327e-08 0.832454 0.0562464 2.4494e-05 0.00112024 1.22367e-08 0.0121988 0.000213501 1.60878e-08 1.4898e-05 
0.00102699 0.0337524 0.00185444 0.00348079 0.016271 0.0346944 0.000763751 0.006281 0.0813628 0.439826 0.00906688 0.00199808 0.050481 0.180475 0.124467 0.00213002 0.0120674 
0.0298046 0.000845581 0.00251127 0.0140634 0.0543631 0.00641827 0.000137448 0.0101306 0.0413721 0.73079 0.00869685 0.0234413 0.00753078 0.0403871 0.0262118 0.00279189 0.00050377 
2.01943e-07 0.00159406 3.69821e-06 1.72971e-06 0.00989816 0.227496 1.76784e-09 6.30505e-06 1.50372e-05 0.084952 5.61108e-07 2.87123e-06 0.672851 0.00296459 7.14019e-06 4.13768e-06 0.000201906 
0.0224519 0.030827 0.00253522 0.000345594 0.122124 0.0114337 4.21342e-07 0.0013027 0.114379 0.441187 8.21441e-05 0.00463726 0.00843287 0.057473 0.155998 0.0266018 0.000188787 
0.00161433 0.000479132 3.21482e-05 0.000827244 0.0040313 0.0109381 2.29378e-05 0.000589226 0.0195505 0.417777 0.0287672 0.000397907 0.00015162 0.00798178 0.0626291 0.00660309 0.437608 
0.0874027 0.00359284 0.0251982 0.00259513 0.145963 0.00507916 6.48983e-06 0.00147511 0.0854898 0.139096 0.0498067 0.186972 9.53907e-05 0.0696927 0.164965 0.0186207 0.0139493 
0.0111911 9.3461e-05 5.52841e-05 0.000317946 0.0567326 0.00329902 3.03685e-06 0.0912486 0.248894 0.522093 3.59444e-05 0.000227249 1.34957e-05 0.0478913 0.00563657 0.0119456 0.000320937 
0.00164532 1.29615e-13 2.26413e-13 7.86961e-06 0.0194697 0.000499533 5.32994e-14 0.00477932 0.203693 0.000978383 9.23297e-14 0.000927677 8.48384e-08 0.763692 0.000588128 0.00371794 1.02914e-06 
0.00260184 0.00715928 0.00497552 0.000296922 0.0185167 0.0110808 0.000163337 0.00843656 0.664018 0.146138 0.00322944 0.00018431 0.00091946 0.086466 0.042345 0.00280217 0.00066671 
0.00112115 0.00263082 0.0065635 1.90297e-05 0.023213 0.00028167 7.12807e-07 0.00035563 0.01396 0.935764 1.67024e-06 0.000116757 6.624e-05 0.00711243 0.000919997 2.79103e-05 0.00784501 
0.00161433 0.000479132 3.21482e-05 0.000827244 0.0040313 0.0109381 2.29378e-05 0.000589226 0.0195505 0.417777 0.0287672 0.000397907 0.00015162 0.00798178 0.0626291 0.00660309 0.437608 
0.00474077 0.00897596 0.0050666 2.53152e-05 0.216118 0.191677 1.01181e-06 0.00268114 0.23525 0.0744779 7.82168e-05 3.89011e-06 0.0108674 0.219302 0.00498306 0.0256746 7.65672e-05 
0.853965 4.15061e-06 6.80992e-08 1.08319e-05 2.74498e-05 0.0278417 1.60311e-08 3.2099e-05 0.00580498 0.103412 9.5519e-06 9.27173e-05 0.00876603 2.51706e-05 1.14718e-06 6.59031e-06 1.75393e-08 
0.455937 1.11763e-07 2.90038e-07 9.44626e-08 0.535289 0.00100059 1.67157e-11 0.00610773 2.61906e-05 1.65516e-07 7.9222e-08 6.90711e-11 5.41453e-11 0.000250018 2.35225e-08 0.00137787 1.11245e-05 
0.0102054 0.00111664 0.0106843 2.10858e-07 0.140949 0.00457797 3.68507e-08 0.181596 0.0513585 0.477292 1.04911e-07 2.60562e-07 6.79116e-08 0.0187471 0.0980003 0.00517559 0.0002968 
0.853965 4.15061e-06 6.80992e-08 1.08319e-05 2.74498e-05 0.0278417 1.60311e-08 3.2099e-05 0.00580498 0.103412 9.5519e-06 9.27173e-05 0.00876603 2.51706e-05 1.14718e-06 6.59031e-06 1.75393e-08 
0.0161027 2.30443e-06 0.000186243 0.00192511 0.325534 1.50779e-06 6.73699e-07 0.00816578 0.11662 3.25031e-05 1.58169e-06 2.59005e-06 2.82968e-06 0.139914 0.112462 0.279044 2.58376e-06 
0.00268348 6.98011e-05 5.81193e-10 0.0333585 0.115629 0.000139393 1.36818e-10 0.804156 0.000938424 0.023102 1.10592e-05 8.57234e-05 1.5574e-08 0.00867804 9.49923e-08 0.0111483 1.0356e-07 
5.68454e-05 2.03661e-05 0.326364 0.00127241 0.00012715 1.33172e-05 5.95686e-06 0.000480605 0.0130487 0.294054 1.39793e-05 0.34858 0.00122646 0.0137034 7.94727e-06 0.000234581 0.000790229 
0.00182856 2.96592e-08 2.397e-06 8.81577e-05 0.0263219 0.00248402 8.67093e-09 0.00552224 0.716129 0.0160696 2.03572e-08 0.00025823 3.07871e-06 0.214062 0.00370985 0.0134861 3.49519e-05 
0.037957 0.00269053 0.00052406 0.0144656 0.110961 0.0408676 0.000180809 0.00732773 0.0513747 0.617103 0.00181803 0.0183232 0.0119066 0.0315725 0.0373957 0.0115808 0.00395017 
0.716102 3.24987e-05 0.000105373 0.000979146 0.146639 4.95272e-05 1.22017e-10 0.083838 0.00304964 0.00481675 8.27666e-06 5.01451e-08 9.41133e-05 0.00217708 0.00158151 0.0401712 0.000355981 
0.00161433 0.000479132 3.21482e-05 0.000827244 0.0040313 0.0109381 2.29378e-05 0.000589226 0.0195505 0.417777 0.0287672 0.000397907 0.00015162 0.00798178 0.0626291 0.00660309 0.437608 
0.000289265 6.8709e-09 5.15452e-06 1.16365e-06 0.00312518 0.024107 5.2681e-09 0.000462564 0.111396 0.0117385 1.65293e-06 0.000583931 2.79486e-07 0.847727 0.000381286 0.000175115 6.13248e-06 
0.0385693 1.221e-07 7.17445e-06 0.0309154 0.173966 3.76082e-07 3.65808e-09 0.197665 0.0479119 0.325878 2.32991e-06 1.76802e-05 1.18492e-08 0.184911 0.00014814 7.44901e-06 1.91519e-07 
0.0027184 0.000944543 0.000681118 0.000537063 0.0645438 0.00460628 8.54701e-05 0.033868 0.10113 0.468353 9.43403e-05 0.00217105 0.0668026 0.216356 0.030826 0.00524424 0.00103792 
0.00167916 0.000576183 0.0354971 0.0164556 0.0355793 0.00528123 0.000128249 0.000548787 0.0246996 0.100653 0.000437908 0.00139061 0.000436904 0.0362623 0.725004 0.000191748 0.0151793 
0.00344789 2.90027e-05 0.0041879 0.00339823 0.0476468 0.000166046 2.31928e-09 0.0268645 0.0535883 2.28598e-05 2.81386e-06 0.352589 7.51255e-09 0.274815 0.00238457 0.23084 1.61669e-05 
0.00407202 0.0110947 1.50054e-05 0.000135921 0.0360992 0.000441649 8.64064e-07 0.000181643 0.000210357 0.78101 1.49932e-05 8.82072e-06 0.00143616 0.00216578 0.155351 5.77433e-06 0.00775639 
0.00433916 1.60262e-07 2.79946e-07 0.000184595 0.000161711 0.00524788 6.59017e-08 7.56335e-05 0.00285087 0.658953 0.00098035 0.240215 9.89589e-05 0.0651498 0.020755 8.26813e-06 0.000979769 
0.000773443 0.17343 0.0770547 0.00103649 0.0668408 2.31251e-05 4.51439e-08 0.00227795 0.0137375 0.544889 0.00466361 2.22241e-05 3.99299e-07 0.000455421 0.0238165 0.087478 0.0035005 
0.0312923 0.000849668 1.6154e-08 0.043157 0.0324021 0.00491733 3.80278e-09 0.00092501 0.00997107 0.758938 0.0262752 0.0316803 1.23179e-08 0.0594443 8.52828e-05 7.39243e-08 6.20848e-05 
0.00278263 1.3118e-06 1.02752e-10 1.68257e-07 0.698329 0.000330969 2.41886e-11 1.5105e-06 0.00297791 0.25476 0.0121995 0.0016561 7.83514e-11 1.34239e-07 0.0250902 1.44151e-05 0.00185543 
1.34198e-06 1.88073e-11 3.28528e-11 8.04091e-08 2.82932e-06 6.42004e-07 7.73381e-12 2.74646e-06 0.153504 9.97636e-07 1.33971e-11 2.07403e-06 1.75609e-08 0.846483 5.99279e-07 1.71863e-06 3.55463e-08 
0.00117402 0.000852779 5.37061e-05 0.00250847 0.145302 0.014122 2.37506e-05 0.0148356 0.219446 0.0654644 6.93347e-05 0.000383274 3.98928e-05 0.47566 0.0511436 0.00811724 0.000804398 
0.0968674 2.21059e-06 1.37251e-09 0.00592391 0.0768989 0.00396438 3.23101e-10 0.00757838 0.299566 0.414272 0.00283608 1.33508e-09 3.5567e-05 0.0905277 0.00152322 3.5361e-06 3.46248e-07 
1.01928e-06 0.0150797 0.0157842 0.0797147 0.124784 0.0246693 1.01927e-06 0.016715 0.141815 0.194993 0.0348524 0.00651812 0.00295488 1.01949e-06 0.315918 0.0177379 0.00846073 
1.53661e-07 4.85075e-06 2.0593e-05 6.70674e-09 0.0120083 0.000919757 2.94809e-11 0.00193994 7.41705e-08 0.98344 5.10692e-11 2.86192e-07 0.000132897 0.000999459 0.000174427 9.24535e-08 0.00035898 
0.000107407 1.11969e-07 1.63099e-06 0.000448337 0.0306023 2.26146e-06 6.95881e-11 0.00353893 0.0182945 0.161996 5.05829e-07 0.00145917 0.501015 0.276797 0.00146671 0.00290463 0.00136614 
3.77005e-05 9.72145e-07 3.97513e-05 0.00672994 0.0599575 0.0133936 1.57324e-07 0.00362129 0.00260407 0.885829 2.83386e-06 5.68257e-07 0.000750494 0.00658645 0.0180028 0.00052191 0.00192057 
0.078043 0.00250297 0.0113367 0.0029455 0.118268 0.00920008 9.36542e-05 0.0276613 0.546976 0.0572657 0.000831133 0.000194808 0.000840575 0.0846732 0.0412621 0.0174757 0.000430011 
0.00161433 0.000479132 3.21482e-05 0.000827244 0.0040313 0.0109381 2.29378e-05 0.000589226 0.0195505 0.417777 0.0287672 0.000397907 0.00015162 0.00798178 0.0626291 0.00660309 0.437608 
0.00307465 0.00017684 0.0364323 0.00120984 0.124734 0.00382172 8.47299e-05 0.00261588 0.0988533 0.556753 0.00121083 0.00222937 0.00031126 0.151225 0.0105931 0.00599126 0.000682947 
0.000293401 7.78121e-08 0.002705 0.000119498 0.00132358 0.0013481 3.19973e-08 4.50018e-08 0.000584098 0.990203 0.000255027 1.32216e-07 1.03645e-07 0.000178595 0.0022165 0.000604838 0.000168071 
0.0225379 7.78362e-06 3.90455e-08 2.14628e-05 0.0325612 1.32704e-05 9.19163e-09 1.29273e-08 2.03421e-06 0.927741 3.67647e-06 2.52499e-05 2.97733e-08 0.0117035 0.0038918 3.04266e-06 0.00148758 
1.24461e-06 2.47782e-10 6.35035e-08 3.8896e-07 0.0710842 1.26642e-06 1.01891e-10 0.00225972 0.00636111 0.914118 3.36358e-08 4.21023e-10 9.86242e-07 0.000212754 0.0059594 3.20659e-07 5.36169e-07 
0.056824 0.00396048 0.00379475 0.0146788 0.0691359 0.21787 0.00131219 0.304983 0.0613883 0.0245341 0.0217877 0.0013701 0.00177702 0.0947806 0.0413087 0.0425443 0.0379508 
0.00161433 0.000479132 3.21482e-05 0.000827244 0.0040313 0.0109381 2.29378e-05 0.000589226 0.0195505 0.417777 0.0287672 0.000397907 0.00015162 0.00798178 0.0626291 0.00660309 0.437608 
0.230665 3.15691e-07 1.59914e-06 1.66517e-07 0.186391 0.0851764 1.53712e-10 0.00183648 2.69253e-05 0.495188 1.0376e-06 2.35334e-07 8.05423e-07 5.0092e-05 0.000275006 0.000122024 0.000264802 
0.00602371 7.65293e-05 0.0061795 8.65859e-05 0.0382395 5.00483e-05 2.23817e-05 0.00024612 0.086624 0.790715 5.25293e-05 8.60554e-05 9.39802e-05 0.042429 0.00108142 0.0272153 0.000777892 
5.50149e-06 0.0227274 0.000139223 0.011596 0.239321 0.128446 7.47604e-07 0.00245333 0.430856 0.0483399 0.0817822 0.00247353 5.74478e-05 0.0215798 0.00753394 0.00263958 4.94692e-05 
0.000683909 0.000583824 4.41743e-06 0.000414503 0.0015943 0.0647736 6.49795e-09 0.00125358 0.856874 0.0429893 3.71077e-05 0.000841958 8.25819e-09 0.0296529 0.000217424 6.51615e-05 1.4485e-05 
0.00161433 0.000479132 3.21482e-05 0.000827244 0.0040313 0.0109381 2.29378e-05 0.000589226 0.0195505 0.417777 0.0287672 0.000397907 0.00015162 0.00798178 0.0626291 0.00660309 0.437608 
0.0354114 8.45411e-09 1.47677e-08 8.20813e-06 0.00198951 5.95354e-05 3.47644e-09 6.74822e-07 0.0270706 0.924752 4.5001e-06 1.69852e-05 1.12608e-08 0.0106848 6.06694e-07 1.23366e-06 3.80349e-09 
0.00385545 0.00021966 3.14789e-05 0.426546 0.0400431 7.06029e-05 9.37202e-08 0.000472726 0.0697512 0.36767 0.00254592 7.77507e-05 3.03576e-07 0.0109412 0.0736686 0.00166124 0.00244438 
0.0228243 0.498665 0.00183583 0.13263 0.0349801 1.72583e-06 1.67139e-06 0.0617071 0.0525504 0.107262 0.00882874 0.017439 0.0477044 0.000993265 0.0123413 0.000232093 3.45015e-06 
0.170682 0.000384509 3.06464e-08 0.102485 0.0350183 3.33982e-06 7.21442e-09 9.15274e-05 0.0601945 0.583909 1.16285e-05 2.98107e-08 2.33688e-08 0.0462178 3.11803e-06 9.98858e-07 0.000997299 
1.13721e-05 4.0702e-06 0.000328953 0.00057793 0.0330977 2.66313e-06 1.18992e-06 0.00132307 4.03803e-05 0.964522 2.79367e-06 4.57469e-06 4.99794e-06 2.47098e-05 1.58907e-06 4.69349e-05 4.56358e-06 
0.0389257 1.08257e-06 2.10093e-10 0.0013562 0.817362 5.49142e-07 4.94576e-11 0.00414014 0.00945367 0.128759 8.56746e-11 2.04364e-10 1.60202e-10 2.44505e-07 7.45506e-07 7.70325e-07 5.46517e-09 
5.50149e-06 0.0227274 0.000139223 0.011596 0.239321 0.128446 7.47604e-07 0.00245333 0.430856 0.0483399 0.0817822 0.00247353 5.74478e-05 0.0215798 0.00753394 0.00263958 4.94692e-05 
4.051e-05 1.45154e-05 0.231852 0.000303779 0.0200017 0.00109803 4.24587e-06 4.66667e-05 0.00193477 0.730039 9.96348e-06 1.63256e-05 1.7826e-05 0.0131153 0.000799553 0.000167167 0.000539094 
0.000154625 1.97539e-07 0.000188503 6.60718e-07 0.00394084 0.159128 8.88888e-08 0.00014183 0.159981 0.572902 0.00162448 0.000182471 0.00190375 0.0362164 0.0631807 1.38412e-05 0.000440634 
0.0130669 0.00244055 3.86639e-05 3.1396e-05 0.0135118 0.011575 1.15672e-06 0.000443976 0.00217087 0.947065 7.37457e-06 3.27607e-05 0.00474739 0.00187441 0.00246679 7.50338e-06 0.000518408 
0.000108065 1.53048e-05 9.68253e-05 0.000138641 0.000403889 0.676642 7.8571e-09 0.000290637 0.000547815 0.000362542 0.000430114 3.24663e-08 2.54506e-08 0.320447 0.000398051 0.00011904 8.59628e-09 
0.000107407 1.11969e-07 1.63099e-06 0.000448337 0.0306023 2.26146e-06 6.95881e-11 0.00353893 0.0182945 0.161996 5.05829e-07 0.00145917 0.501015 0.276797 0.00146671 0.00290463 0.00136614 
0.00444763 0.0597917 2.03803e-05 1.45735e-08 0.0340506 1.60567e-08 7.48845e-13 0.000225469 0.000231691 7.06911e-05 2.27839e-07 2.13161e-05 2.42564e-12 7.39505e-06 9.95662e-05 0.901033 2.5531e-08 
9.38334e-06 3.35841e-06 0.0545568 0.00169416 0.117572 2.19741e-06 9.81832e-07 1.08089e-05 0.113317 0.620584 2.30512e-06 3.77468e-06 4.12391e-06 0.0815747 0.0106219 3.8727e-05 3.76551e-06 
0.0180657 0.130859 6.77909e-06 3.21085e-06 0.5189 3.53736e-06 4.01159e-09 0.0609756 0.00165773 0.00140516 1.22479e-05 3.44424e-06 2.15905e-06 0.000336581 1.01806e-05 0.267754 5.62428e-06 
0.0108903 3.73305e-05 8.06814e-05 0.0006103 0.55977 0.00680184 5.12303e-08 0.0388676 0.0229418 0.0254134 7.44676e-06 1.36569e-06 0.0347629 0.00617152 0.00737156 0.28593 0.000342629 
0.00041517 0.000132597 0.000508521 8.62767e-05 0.012563 2.98878e-06 7.58743e-08 0.000275511 0.000697065 0.975787 5.66027e-07 6.89425e-06 2.4577e-07 0.00327415 0.00615514 1.34109e-06 9.35168e-05 
6.84064e-06 0.000181573 1.55434e-07 2.64156e-05 0.000529981 0.0301253 3.65905e-08 0.00134822 0.0197265 0.90616 2.64793e-05 1.51196e-07 0.000832227 0.0263141 0.0146343 3.95182e-07 8.76076e-05 
0.0225379 7.78362e-06 3.90455e-08 2.14628e-05 0.0325612 1.32704e-05 9.19163e-09 1.29273e-08 2.03421e-06 0.927741 3.67647e-06 2.52499e-05 2.97733e-08 0.0117035 0.0038918 3.04266e-06 0.00148758 
0.00407202 0.0110947 1.50054e-05 0.000135921 0.0360992 0.000441649 8.64064e-07 0.000181643 0.000210357 0.78101 1.49932e-05 8.82072e-06 0.00143616 0.00216578 0.155351 5.77433e-06 0.00775639 
0.0970295 0.0925849 0.00345676 0.0051082 0.680827 0.0078001 2.51235e-07 0.0619568 0.0230336 0.000321356 0.00180587 1.07657e-06 3.90462e-07 0.00332293 0.00282952 0.019905 1.64389e-05 
0.0112163 2.06031e-05 0.00258436 0.014779 0.0372279 0.000391774 4.28267e-08 0.000353842 0.0848542 0.812592 0.000266053 0.00827378 8.37744e-05 0.0203759 0.00452245 0.000735365 0.00172228 
0.0108903 3.73305e-05 8.06814e-05 0.0006103 0.55977 0.00680184 5.12303e-08 0.0388676 0.0229418 0.0254134 7.44676e-06 1.36569e-06 0.0347629 0.00617152 0.00737156 0.28593 0.000342629 
4.52668e-05 0.000189467 1.9924e-06 5.94073e-05 3.16652e-05 0.00157769 1.18974e-09 0.000190359 0.022608 1.11662e-05 1.42599e-07 0.000166584 2.00109e-07 0.974222 0.000847599 3.30679e-05 1.57662e-05 
1.76476e-06 1.71922e-08 1.62375e-05 0.00187298 0.0387479 0.00236533 7.06964e-09 9.94293e-09 3.50151e-06 0.864551 1.54003e-06 2.92124e-08 2.28998e-08 1.07233e-06 0.0922442 3.62904e-06 0.000190859 
0.00161433 0.000479132 3.21482e-05 0.000827244 0.0040313 0.0109381 2.29378e-05 0.000589226 0.0195505 0.417777 0.0287672 0.000397907 0.00015162 0.00798178 0.0626291 0.00660309 0.437608 
0.015457 0.0168286 0.0016735 0.00707221 0.149777 0.002374 0.000101239 0.0402898 0.0327701 0.689917 0.00158394 0.0132093 0.000117573 0.0112821 0.0142503 0.00213698 0.00115899 
1.49781e-06 6.55939e-07 4.49605e-05 2.05656e-06 0.353644 2.64415e-07 7.49044e-11 0.468515 0.0375129 0.0119963 1.29756e-10 3.03016e-05 2.42629e-10 1.2862e-05 1.07609e-06 0.128237 1.22935e-06 
0.00161433 0.000479132 3.21482e-05 0.000827244 0.0040313 0.0109381 2.29378e-05 0.000589226 0.0195505 0.417777 0.0287672 0.000397907 0.00015162 0.00798178 0.0626291 0.00660309 0.437608 
0.00161433 0.000479132 3.21482e-05 0.000827244 0.0040313 0.0109381 2.29378e-05 0.000589226 0.0195505 0.417777 0.0287672 0.000397907 0.00015162 0.00798178 0.0626291 0.00660309 0.437608 
0.00399836 2.11177e-07 2.99839e-06 0.0201392 0.0838805 0.0766249 2.62015e-09 0.00458268 0.13851 0.217721 0.0200102 2.75458e-06 0.276683 0.080604 0.0422949 0.0264035 0.00854164 
0.0108903 3.73305e-05 8.06814e-05 0.0006103 0.55977 0.00680184 5.12303e-08 0.0388676 0.0229418 0.0254134 7.44676e-06 1.36569e-06 0.0347629 0.00617152 0.00737156 0.28593 0.000342629 
0.00244671 6.67619e-05 0.0007064 0.0946238 0.0400938 0.07259 2.01538e-07 0.0209332 0.024001 0.682366 2.98e-07 0.000194104 0.000255984 0.00808216 0.0536388 3.11979e-07 2.91756e-07 
4.26105e-07 0.00225728 0.191061 0.00187949 0.116677 0.00241492 4.45858e-08 0.00805028 0.210463 0.411502 0.00358009 0.0010972 0.00054327 9.25863e-07 0.0184521 0.0306019 0.00141943 
0.853965 4.15061e-06 6.80992e-08 1.08319e-05 2.74498e-05 0.0278417 1.60311e-08 3.2099e-05 0.00580498 0.103412 9.5519e-06 9.27173e-05 0.00876603 2.51706e-05 1.14718e-06 6.59031e-06 1.75393e-08 
0.00121374 5.39799e-10 9.42923e-10 7.92861e-06 0.0139881 0.000375233 2.21972e-10 0.00349262 0.145705 0.000727474 3.84518e-10 0.000722144 5.64536e-07 0.830624 0.000437288 0.00270499 1.75516e-06 
0.000176977 0.00778208 0.0120532 0.0546622 0.0763862 0.044712 6.41793e-07 0.0112946 0.0791912 0.483106 0.000107724 0.000574015 0.000155756 0.0887007 0.11499 9.147e-07 0.0261064 
0.00156375 3.53417e-12 6.17351e-12 0.000498645 5.31669e-07 1.20642e-07 1.45329e-12 5.161e-07 0.127877 1.8747e-07 2.51752e-12 3.89741e-07 3.29994e-09 0.863043 0.00701593 3.22955e-07 6.67966e-09 
0.000263007 7.80512e-07 1.3634e-06 0.00536257 0.105388 0.0448575 3.20956e-07 0.00157214 0.187509 0.526397 5.55987e-07 0.0124561 1.67397e-05 0.11227 0.00344534 0.000447306 1.25167e-05 
4.52668e-05 0.000189467 1.9924e-06 5.94073e-05 3.16652e-05 0.00157769 1.18974e-09 0.000190359 0.022608 1.11662e-05 1.42599e-07 0.000166584 2.00109e-07 0.974222 0.000847599 3.30679e-05 1.57662e-05 
0.0114914 9.54583e-05 0.000453748 0.00206581 0.0267941 0.0287053 4.20832e-06 0.0405554 0.206366 0.549374 6.81432e-05 0.00112701 7.29463e-06 0.0567339 0.00675685 0.0691116 0.00028957 
0.00182856 2.96592e-08 2.397e-06 8.81577e-05 0.0263219 0.00248402 8.67093e-09 0.00552224 0.716129 0.0160696 2.03572e-08 0.00025823 3.07871e-06 0.214062 0.00370985 0.0134861 3.49519e-05 
0.00161433 0.000479132 3.21482e-05 0.000827244 0.0040313 0.0109381 2.29378e-05 0.000589226 0.0195505 0.417777 0.0287672 0.000397907 0.00015162 0.00798178 0.0626291 0.00660309 0.437608 
0.000477206 2.85593e-07 0.00225472 9.47679e-06 0.000238992 0.00176101 1.17439e-07 1.6517e-07 1.47903e-05 0.984219 2.03438e-07 4.85271e-07 3.80407e-07 0.0109601 7.61867e-07 4.36885e-05 1.83717e-05 
0.000144693 3.84911e-06 2.68839e-09 4.3416e-05 5.22878e-05 0.00470244 6.32869e-10 4.89635e-06 2.4348e-05 0.99278 6.58883e-07 2.61508e-09 2.04998e-09 3.53222e-05 0.00220126 3.49512e-06 3.67046e-06 
0.743015 9.50553e-07 1.19447e-10 0.0015033 0.0634482 4.83816e-07 2.81189e-11 0.0281849 6.68728e-06 0.0617396 2.20174e-06 1.1619e-10 3.37095e-07 0.100649 0.00144783 1.52088e-06 3.07643e-11 
1.60077e-06 8.0704e-07 1.47582e-05 6.5197e-07 0.000729351 0.29274 1.74574e-10 2.45525e-10 0.0152997 0.663324 1.3914e-06 3.03042e-06 5.65476e-10 0.0278687 1.2093e-05 3.29993e-06 9.1698e-07 
0.0407484 1.28627e-08 9.64473e-05 6.50004e-09 0.534773 1.22915e-08 4.72217e-13 0.00908368 0.000203333 0.000761792 4.90892e-09 8.19719e-09 1.5296e-12 9.42799e-09 0.000358056 0.413975 3.3169e-08 
0.0114914 9.54583e-05 0.000453748 0.00206581 0.0267941 0.0287053 4.20832e-06 0.0405554 0.206366 0.549374 6.81432e-05 0.00112701 7.29463e-06 0.0567339 0.00675685 0.0691116 0.00028957 
0.00268348 6.98011e-05 5.81193e-10 0.0333585 0.115629 0.000139393 1.36818e-10 0.804156 0.000938424 0.023102 1.10592e-05 8.57234e-05 1.5574e-08 0.00867804 9.49923e-08 0.0111483 1.0356e-07 
