0.00161644 0.00157706 2.6469e-06 0.0114816 0.0171569 0.00427741 0.895142 0.00024255 0.00615949 3.95635e-05 7.76032e-07 0.000523116 3.48057e-10 0.0520973 6.20946e-05 0.00947005 0.000151045 
0.00137146 6.4807e-05 1.24016e-05 0.36416 0.0247179 0.114958 0.383216 0.000433769 0.0298619 0.000773254 0.00478708 0.000107861 4.50833e-07 0.058697 0.0150352 0.00179722 5.65733e-06 
0.0025444 1.85579e-08 0.000217129 0.00222057 0.0634863 0.0135601 0.524874 8.85884e-06 0.00422851 0.126331 1.32195e-08 0.00121347 4.96135e-07 0.0222134 0.239039 6.07755e-07 6.29001e-05 
0.016074 0.0184223 3.00295e-05 0.076299 0.0800677 0.02397 0.418501 0.00265163 0.0344199 0.0847312 0.00160917 0.000452952 8.93774e-05 0.185703 0.032972 0.0217419 0.00226487 
0.0208636 0.00329774 0.000474946 0.108401 0.0716961 0.0411498 0.249139 0.00228788 0.0882257 0.179281 0.0446247 0.000776308 1.23936e-06 0.0640872 0.124337 0.000170089 0.00118703 
0.00482628 4.27987e-05 3.96458e-05 0.0466865 0.0146516 0.0303727 0.665337 0.000347737 0.05297 0.00349158 0.00336109 0.00576531 2.65773e-05 0.0468866 0.12123 0.00247772 0.00148708 
0.0197687 0.00547074 0.000225065 0.114884 0.0497023 0.0214574 0.394899 0.00252996 0.107571 0.0272196 0.00132758 0.00396159 3.23076e-06 0.094184 0.156061 0.000624217 0.000110097 
0.0364152 0.000870978 0.000207089 0.107201 0.0600271 0.0231894 0.299055 0.00611585 0.228529 0.0167261 0.0178226 0.000789486 3.43771e-06 0.112191 0.0884146 0.00243741 5.14814e-06 
0.00569191 0.00043955 1.06941e-05 0.0707232 0.0224698 0.104304 0.63956 0.000633137 0.0332324 0.00225393 0.00235424 0.00031819 1.45698e-06 0.0512705 0.0636852 0.000442288 0.00261028 
0.0157163 3.83567e-05 3.62519e-06 0.0108907 0.0526927 0.0836327 0.704574 0.00257998 0.0277834 0.00961434 0.00120381 5.61903e-06 9.08563e-08 0.0573066 0.0202564 0.0136924 9.10728e-06 
0.0415214 0.00193018 2.61432e-07 0.0292126 0.176153 0.00643458 0.63163 0.0148069 0.0669009 0.00256355 0.000371717 8.496e-10 2.44593e-07 0.0152824 0.0109892 0.00219192 1.07968e-05 
9.76086e-05 2.86447e-06 2.14905e-06 7.95732e-10 6.78577e-07 7.99135e-10 0.999026 1.11773e-05 7.83877e-07 1.35304e-05 1.66759e-05 4.49101e-09 3.52054e-09 0.000821851 4.29669e-06 2.26418e-06 2.4666e-07 
0.000738078 0.0107074 1.80533e-05 0.00169465 0.00275259 0.0160513 0.360357 0.0233003 0.0056846 0.168278 0.00421364 0.00193338 3.44195e-09 0.0700595 0.326376 0.00137265 0.00646303 
0.000378782 0.000115868 3.85751e-05 0.0505826 0.0052368 0.00520403 0.789908 1.2926e-05 0.0264272 0.0104102 0.00473679 2.46911e-09 1.77574e-07 0.100375 0.00656532 7.74032e-06 1.55064e-08 
0.00168407 2.38448e-07 0.00070502 0.00899566 0.020093 0.00478309 0.62193 0.000981017 0.00846159 0.0791218 0.000145122 0.00194875 2.38809e-10 0.0439888 0.206541 0.000564667 5.60141e-05 
0.000166988 9.96291e-11 0.000182972 0.00223251 0.010538 0.0400093 0.664622 0.00956841 6.98333e-07 0.0299068 7.09694e-11 0.00763922 1.6131e-06 0.00618822 0.225299 1.13727e-07 0.00364414 
0.00106544 0.000123416 6.78511e-08 0.267212 0.00172886 0.0434449 0.404102 3.82116e-07 0.0264944 0.000377029 9.75593e-09 6.40474e-07 9.8837e-11 0.244977 0.00991912 0.000503335 5.22412e-05 
0.00507742 0.000480332 2.72247e-07 0.0217765 0.0335898 0.00578131 0.858332 0.0112973 0.0151936 0.000650382 0.00651045 6.08823e-05 9.14845e-06 0.0366508 0.00411821 0.000454756 1.72505e-05 
0.0622222 1.28411e-08 2.24309e-08 0.0887389 0.00203188 2.44987e-06 0.528552 7.42653e-09 0.0902344 5.26934e-06 0.0771108 5.29783e-05 3.33815e-06 0.0137716 0.135129 0.00214421 1.12844e-06 
0.00437389 8.54711e-05 5.3381e-05 0.0247338 0.00643892 0.0278314 0.750848 4.18355e-05 0.0638344 0.0299211 0.0136872 0.000421382 1.98083e-05 0.0412638 0.0362559 0.000131114 5.87165e-05 
0.00786348 0.000112213 1.37487e-06 0.109001 1.01995e-05 1.51012e-05 0.666782 3.52388e-06 0.192795 0.000531533 5.32872e-07 0.00162341 9.58133e-06 0.00032653 0.0209215 3.43201e-06 3.04989e-09 
0.0270885 0.0145111 0.000111707 0.0271379 0.0706655 0.220141 0.27453 0.0156717 0.150192 0.0657619 0.0110117 0.00331508 0.00215431 0.090489 0.0179645 0.00785645 0.00139746 
0.000339593 0.0004662 1.06523e-06 0.0602757 0.00097009 0.014017 0.805675 1.27361e-06 0.0755969 0.0174253 0.000945367 6.8939e-05 0.00128931 0.0219628 0.00096231 2.38515e-06 1.06584e-06 
0.0414269 0.00552679 0.00316542 0.128389 0.0222976 0.0108517 0.24275 0.00606874 0.165037 0.00744275 0.0285149 0.000567408 2.82171e-05 0.225068 0.0865479 0.0263163 5.44866e-07 
0.234842 3.3176e-05 0.000374404 0.00347802 0.09404 0.00251323 0.402939 0.0332759 0.0196167 0.0875797 0.000179561 0.000212762 2.58433e-06 0.0275198 0.082943 0.0104474 1.99653e-06 
0.00137799 0.00141217 3.37611e-05 0.0114482 0.00388274 0.0277347 0.747639 0.00512595 0.00733768 1.2394e-05 3.62662e-09 0.000206742 9.55537e-09 0.168291 0.00753009 0.0179263 4.12852e-05 
0.000791193 1.15731e-07 6.91288e-08 0.0160488 0.00242897 0.00830421 0.81614 3.60059e-07 0.117955 0.000666948 1.72632e-11 6.52739e-05 3.22803e-11 0.0308744 0.00621331 0.00043123 8.02224e-05 
0.0234624 0.000727684 0.000564408 0.03241 0.117848 0.0641939 0.263539 0.00552714 0.193578 0.145582 0.00412455 0.00139368 0.00385237 0.085027 0.0505826 0.00541595 0.0021712 
0.010577 0.0117069 2.81393e-05 0.114642 0.0224211 0.0016317 0.240398 0.00046776 0.188412 0.106612 0.135955 1.39455e-05 3.43965e-08 0.00243415 0.148085 0.00567105 0.0109448 
0.00717454 0.0015041 2.48175e-05 0.0312171 0.0590121 0.025313 0.726205 0.0191942 0.0304428 0.00158312 0.00627651 7.91145e-05 0.000951521 0.0658931 0.024228 0.000878467 2.24765e-05 
0.000588471 0.101315 0.00277311 0.0238143 0.00417708 9.65727e-05 0.667686 0.000822008 0.00491829 0.0245871 0.0149224 0.00112507 5.77824e-05 0.00041029 0.144144 0.00605249 0.00251013 
0.00160242 0.000798454 2.4067e-05 0.0177242 0.0039978 0.0217682 0.766193 0.00299749 0.0499606 0.000666678 2.36706e-09 0.000195417 8.67434e-09 0.114928 0.00930024 0.00977005 7.41835e-05 
0.0156605 2.73617e-05 2.93317e-05 0.00575156 0.0195523 0.0844258 0.48999 0.000118191 0.0871017 0.00205714 0.000909062 0.000180667 4.96006e-09 0.275552 0.00433907 0.0142899 1.5062e-05 
0.00147776 0.00113456 2.93657e-05 0.0171604 0.00402831 0.0245342 0.743375 0.00388934 0.0264264 0.000416351 2.7954e-08 0.00023362 1.33668e-06 0.147349 0.0103866 0.0195 5.82401e-05 
0.000810126 0.000142088 5.1261e-05 0.357619 0.0288091 0.0225391 0.500207 0.00118588 0.0228849 0.00275298 0.000332701 1.24976e-07 1.10418e-08 0.03346 0.0291221 8.2346e-05 1.88188e-06 
0.00117414 0.000292062 1.06841e-07 0.388019 0.00893816 0.0304401 0.511854 0.00353692 0.0347019 0.00207913 0.0120071 2.91717e-06 3.55268e-09 0.00462914 2.26034e-06 0.00232368 1.19997e-09 
0.013512 0.00417117 0.000192998 0.158122 0.0643394 0.048021 0.405302 0.000587654 0.0846724 0.0445732 0.0825498 0.0078139 4.36963e-05 0.0532861 0.0120268 0.020758 2.76822e-05 
0.0027627 6.05437e-05 8.4358e-05 0.0137393 0.00532085 0.351728 0.387231 0.000561921 0.0748958 7.27925e-05 0.00154735 5.79335e-06 1.13794e-05 0.0655577 0.0413947 0.0549629 6.31136e-05 
0.00562908 0.00092255 9.7334e-05 0.0474385 0.0801837 0.0177128 0.689164 0.000401795 0.0311407 0.0215261 0.00321431 0.00282053 0.00248162 0.0272512 0.0699051 9.81788e-05 1.23397e-05 
0.00726724 0.0015536 0.000128519 0.0353798 0.0240525 0.0728919 0.527497 0.00142775 0.164569 0.00526494 0.0422707 0.00393215 6.9965e-06 0.0600579 0.0400492 0.00796128 0.00568988 
0.00112183 1.54196e-10 0.00028491 0.00235024 0.0411891 0.0382557 0.650395 0.00941333 0.000533226 0.0314383 1.09839e-10 0.00848286 0.000206373 0.00639664 0.206252 1.56915e-05 0.00366503 
0.0204631 3.16951e-05 0.00182504 0.102048 0.030068 0.00874332 0.289823 0.00127572 0.200136 0.0844913 0.0077381 0.000626011 1.48679e-07 0.119 0.122146 1.04853e-05 0.0115746 
0.000145291 8.98844e-09 1.5701e-08 7.875e-05 0.000411549 0.000168498 0.992918 0.000251606 4.01726e-05 0.000269726 0.000290054 1.52729e-08 1.19725e-08 1.42648e-05 2.49419e-05 0.00538744 4.04388e-09 
0.0383243 0.0147349 2.37582e-05 0.0496582 0.0161158 0.00642798 0.590198 0.00783655 0.0742965 0.00511528 0.0027263 7.68019e-05 2.87504e-05 0.184557 0.00256627 0.00728761 2.66376e-05 
0.0448847 0.0136452 0.000331507 0.0155228 0.204146 0.0365226 0.433412 0.0935253 0.0373095 0.00422504 0.00237144 0.000732592 2.76628e-06 0.0748085 0.0232979 0.00973302 0.00552904 
0.00027179 1.10237e-06 1.36003e-05 0.0479528 0.00620797 0.0035213 0.851134 1.83776e-06 0.0231247 0.00316802 0.0243855 1.08201e-08 7.50785e-08 0.0066387 0.0335715 6.70843e-06 2.2147e-07 
0.0106965 0.00538976 1.65435e-06 0.173529 0.0366967 0.00980619 0.439113 0.00114621 0.239196 0.013952 0.0183617 1.69421e-07 6.46706e-11 0.0343245 0.00946598 0.0083107 9.37427e-06 
0.00176949 0.00758003 6.85785e-05 0.0506229 0.0238186 0.0542856 0.600446 0.000565384 0.0563485 0.0250453 0.00173984 0.0191254 0.00250381 0.102829 0.0509963 0.00165525 0.00059939 
0.00238898 1.06719e-08 5.25462e-05 0.068564 0.00798595 0.000495661 0.880479 3.08218e-06 0.00858056 0.00955664 0.00735329 1.81333e-08 1.82456e-06 0.0131273 0.00140935 6.27873e-07 8.34474e-07 
0.000196618 9.71185e-06 5.18882e-06 0.018567 0.294734 0.29443 0.302594 5.63811e-05 0.0141618 0.0224825 0.000679301 1.26204e-05 6.38579e-06 0.0455929 0.00624647 0.000219159 5.34244e-06 
0.0025473 0.00145921 7.14806e-05 0.0432821 0.0319562 0.0250329 0.645235 0.0160297 0.0607748 0.0130865 0.00475973 6.48643e-05 0.000932172 0.060658 0.0919199 0.00112716 0.00106288 
0.00396887 0.00474219 1.19541e-07 0.006204 0.0048193 0.0315192 0.588615 0.0278479 0.0265367 0.0988708 0.00837874 0.000828502 2.42033e-09 0.176288 0.018687 0.00255527 0.000138814 
0.0867773 0.0132503 1.21837e-09 0.00530792 0.0965347 0.0399294 0.321178 3.89208e-05 0.0939223 0.198258 0.01179 0.00112394 8.67329e-07 0.0846297 0.0255188 0.0214444 0.000295281 
0.0133908 0.00349604 0.00025508 0.013132 0.244515 0.025327 0.254449 0.0137007 0.205105 0.0459681 0.000488364 0.000707616 3.13429e-05 0.0826683 0.0721313 0.0244978 0.000136766 
0.00137799 0.00141217 3.37611e-05 0.0114482 0.00388274 0.0277347 0.747639 0.00512595 0.00733768 1.2394e-05 3.62662e-09 0.000206742 9.55537e-09 0.168291 0.00753009 0.0179263 4.12852e-05 
0.021323 1.22122e-08 2.27372e-05 0.0099117 0.000112747 3.69237e-09 0.950156 3.98202e-05 3.25261e-06 0.00205081 1.05067e-05 1.7636e-05 0.0013804 0.0149715 2.73263e-09 3.55514e-09 5.49424e-09 
0.0143648 5.92065e-05 8.42754e-05 0.0380281 0.0133936 0.000138058 0.843369 0.000133244 0.0692706 0.00102236 0.0114854 5.46336e-05 6.1713e-06 0.00151053 1.17871e-05 0.00700626 6.2524e-05 
0.00423762 0.000246016 9.23863e-07 0.249269 0.00908547 0.000798489 0.437732 0.000644549 0.197756 0.0411083 0.0112124 0.00095778 1.19263e-09 0.0237099 0.018631 0.00446126 0.000149328 
0.0430636 0.0319783 3.14757e-06 0.00142407 0.179163 0.0168702 0.36865 0.00122445 0.268247 0.0480297 0.000458116 3.10851e-05 1.00886e-05 0.0305007 0.00371213 0.00657402 6.0947e-05 
0.0282485 0.00921407 6.942e-07 0.0193177 0.0122104 0.00729002 0.776612 4.48592e-06 0.048473 0.0265341 0.000489373 6.0126e-06 0.00172753 0.0474099 0.0219946 0.000443811 2.42031e-05 
0.00205721 0.00929947 7.67798e-07 0.0346092 0.0844005 0.127519 0.379138 0.00223386 0.0663597 0.00036757 1.50014e-05 0.00226164 1.69671e-05 0.288778 0.0015067 0.00141885 1.72853e-05 
0.00703258 0.00528746 0.000211425 0.020973 0.0176564 0.209209 0.232383 0.00651673 0.19065 0.0153174 0.00500836 0.00119366 8.03094e-09 0.20685 0.0414151 0.0378858 0.00241037 
0.000791193 1.15731e-07 6.91288e-08 0.0160488 0.00242897 0.00830421 0.81614 3.60059e-07 0.117955 0.000666948 1.72632e-11 6.52739e-05 3.22803e-11 0.0308744 0.00621331 0.00043123 8.02224e-05 
0.00257403 0.000131404 0.000431491 0.0683267 0.0777808 0.00999924 0.718143 0.0194346 0.0285854 0.0255702 0.0030825 6.43091e-05 2.55529e-07 0.0367907 0.00902515 5.85198e-05 1.4584e-06 
0.000617792 4.57199e-05 4.71969e-06 0.0122721 0.0029298 0.0540504 0.862584 2.4712e-05 0.0300429 0.0108281 0.0109865 0.00184742 2.46727e-06 0.00987871 0.00375553 0.000127949 1.19905e-06 
0.000870099 0.0441651 2.45022e-05 0.132312 0.00472562 0.00503012 0.421491 0.00140219 0.0431156 0.060904 0.00117602 0.000433732 0.000757175 0.0269788 0.256299 2.44767e-05 0.000290668 
3.82198e-05 3.88272e-05 6.31439e-06 0.198527 0.0405816 0.00662375 0.739589 2.07243e-06 0.000152508 0.000122895 0.000635058 6.40906e-06 9.23828e-07 0.00827803 0.00533407 2.84461e-06 6.07975e-05 
0.000647912 3.49978e-05 6.33413e-06 0.0783644 0.0341364 0.06961 0.571502 0.000160325 0.0520571 4.04007e-05 0.161615 3.89659e-06 9.17876e-10 0.013136 0.000381349 0.0182573 4.66645e-05 
0.000166988 9.96291e-11 0.000182972 0.00223251 0.010538 0.0400093 0.664622 0.00956841 6.98333e-07 0.0299068 7.09694e-11 0.00763922 1.6131e-06 0.00618822 0.225299 1.13727e-07 0.00364414 
0.0149055 2.93964e-05 2.14852e-05 0.114594 0.0139143 0.00587594 0.45089 0.00201924 0.222635 6.02196e-05 0.000999698 0.000356783 3.37119e-08 0.172031 0.00158149 8.33001e-05 2.08491e-06 
0.00890401 0.00106691 0.00016043 0.0393054 0.0252902 0.0489556 0.568831 0.00254224 0.146563 0.0168952 0.0348711 0.00235051 0.00012832 0.0507225 0.0420375 0.0101468 0.00122918 
0.00172483 1.74684e-05 4.5065e-12 0.00806121 0.0228614 0.280338 0.441597 0.00135303 0.119014 0.000156949 0.000763332 4.3836e-12 3.43634e-12 0.111473 1.97218e-05 0.0126198 1.16067e-12 
0.00558121 7.47485e-06 7.37042e-06 0.052813 0.0118113 0.0437226 0.574112 0.00082936 0.117351 0.00442698 0.00417831 1.52986e-05 0.0188323 0.0969123 0.0546242 0.0147711 3.78237e-06 
0.000325179 3.83534e-05 2.80701e-05 0.013985 0.00984772 0.00164386 0.864598 0.00041395 6.95847e-06 0.10815 0.000273425 5.04954e-07 3.95837e-07 0.000180853 6.64973e-08 0.000507103 1.337e-07 
0.000313586 0.000481959 1.99606e-05 0.103494 0.0122561 0.011917 0.609829 9.09836e-05 0.0540294 0.000218535 0.00253397 0.000112774 0.00342487 0.0423352 0.156865 7.86706e-05 0.00199956 
0.00243269 2.53464e-08 4.42753e-08 0.00176908 0.259518 0.167531 0.376758 9.3909e-05 0.062604 0.00298552 2.72883e-05 1.2072e-05 4.64439e-07 0.125983 0.000211589 7.03282e-05 2.89166e-06 
0.00034603 0.000265566 0.000155166 0.00175121 4.70713e-05 6.49111e-05 0.896432 0.0394091 0.000603206 0.0595657 0.000262613 7.80736e-07 6.12025e-07 0.000936342 0.000152899 1.33762e-07 6.8329e-06 
0.00112183 1.54196e-10 0.00028491 0.00235024 0.0411891 0.0382557 0.650395 0.00941333 0.000533226 0.0314383 1.09839e-10 0.00848286 0.000206373 0.00639664 0.206252 1.56915e-05 0.00366503 
1.51699e-05 0.00153148 1.51548e-05 1.5171e-05 0.118362 0.042494 0.638662 1.51679e-05 1.51734e-05 0.0531109 1.51663e-05 1.51553e-05 1.51594e-05 0.0986399 0.0470478 1.51711e-05 1.51693e-05 
0.026877 3.00135e-05 1.34858e-07 0.21769 0.0146881 0.0426713 0.328762 0.000200257 0.13213 0.189793 8.27449e-08 3.10996e-06 1.02833e-07 0.0457072 0.00136976 3.58979e-06 7.44795e-05 
0.00200993 1.03313e-07 0.000220119 0.00176146 0.0496599 0.0106017 0.629332 9.50811e-06 0.00332096 0.0985165 7.35933e-08 0.00103188 1.10852e-06 0.0173307 0.186147 1.00037e-06 5.54274e-05 
0.00778937 4.38657e-05 3.50945e-07 0.118406 0.000299792 0.169958 0.503256 0.00166519 0.131138 0.0188871 0.0169409 3.94434e-05 6.35795e-07 0.0220585 0.00948437 3.20478e-05 4.85402e-07 
0.00433898 0.000531417 0.000159608 6.11293e-06 0.00429205 5.00444e-07 0.984634 0.00397475 2.85188e-06 1.45872e-06 2.03585e-07 1.91706e-06 3.93489e-11 0.0015821 1.29442e-06 0.000473104 8.51355e-09 
0.000701312 6.42817e-07 0.10824 0.0001528 0.229893 6.43809e-05 0.506958 0.0882493 0.00439664 0.0216261 1.08271e-05 0.000228868 8.05316e-08 0.023708 2.61232e-05 0.0157415 1.46638e-06 
0.0128314 0.000284701 4.73458e-10 0.266192 0.0212609 0.0441127 0.520472 0.00148067 0.00229976 0.00401494 6.75159e-08 3.58708e-06 3.78018e-07 0.120884 0.00615146 1.1727e-05 1.21941e-10 
0.000236434 7.05567e-07 1.23249e-06 2.12421e-07 1.06303e-07 0.00582563 0.907878 4.08057e-07 0.035053 0.000224236 0.0497192 1.19888e-06 9.39809e-07 0.000956063 0.000101627 2.05401e-07 3.17433e-07 
0.00256654 0.00394875 7.9648e-05 0.0328515 0.0308255 0.0644593 0.563211 0.011625 0.0581933 0.00445988 0.00273522 0.00110505 0.000157975 0.118625 0.0979597 0.00708443 0.000111939 
0.00306304 0.00474484 7.36641e-06 0.0824934 0.038535 0.0616352 0.219571 5.13666e-06 0.103131 0.184177 0.0825577 1.58456e-05 7.48134e-09 0.077912 0.142144 1.63509e-09 7.05745e-06 
0.000901945 0.000507416 1.41282e-06 0.136985 0.00121404 0.00451554 0.663375 2.42067e-06 0.172889 0.00110498 0.0150002 8.67381e-07 3.81524e-10 0.00135074 0.00210217 4.3852e-05 5.53068e-06 
0.0146018 0.000586255 0.00200008 0.0435216 0.0588818 0.0758332 0.285499 0.000602825 0.183187 0.12614 0.00618976 0.00232983 0.000629613 0.141329 0.023833 0.0347893 4.52547e-05 
0.00230476 0.000596045 1.68956e-05 0.177338 0.0801301 0.0108364 0.547058 3.09162e-05 0.0592878 0.00485638 0.000354579 0.000775698 8.87688e-06 0.102431 0.00588781 0.00807844 8.584e-06 
0.00118423 0.00350051 0.000461845 0.144129 0.015279 0.0255402 0.640792 0.000588499 0.0404119 0.000647154 0.00134794 0.000651855 1.08661e-06 0.0840055 0.0270246 0.0144099 2.43636e-05 
0.0684639 0.000464656 0.00149937 0.0137414 0.118193 0.0782245 0.322848 0.00760556 0.115885 0.0158159 0.00530532 0.000226308 0.000179871 0.180002 0.00706052 0.0643717 0.000112405 
0.000810126 0.000142088 5.1261e-05 0.357619 0.0288091 0.0225391 0.500207 0.00118588 0.0228849 0.00275298 0.000332701 1.24976e-07 1.10418e-08 0.03346 0.0291221 8.2346e-05 1.88188e-06 
0.0584148 0.0119048 0.000537135 0.0571707 0.041043 0.0250645 0.280656 0.000891551 0.271318 0.00816732 0.0385822 0.0245251 4.98737e-07 0.164212 0.01452 0.00286919 0.000122912 
0.00144152 1.25096e-06 2.6847e-07 0.218913 0.016502 0.207096 0.507711 3.90896e-05 0.0226734 0.000191758 1.10541e-06 6.09165e-06 7.09217e-09 0.023769 0.000727658 0.000921474 6.01953e-06 
0.00396875 0.000110212 0.000689415 0.19594 0.019668 0.102546 0.239661 0.000293428 0.165393 0.0263478 0.000267844 0.000163898 2.99735e-06 0.105865 0.137784 0.000406478 0.000892656 
0.000663757 5.10005e-06 8.90879e-06 0.000126628 0.000533794 0.0294984 0.897545 0.000108965 0.000661575 0.0427479 3.63295e-06 8.66584e-06 6.79322e-06 0.00126997 0.0212495 0.00538888 0.000172714 
0.0018629 6.24422e-06 0.000637382 0.008508 0.0198356 0.00441545 0.626029 0.000891817 0.00995244 0.0804412 0.000611277 0.00169086 5.58557e-10 0.0354609 0.209101 0.000494104 6.16843e-05 
9.98118e-07 2.01171e-06 1.2188e-08 0.00203513 4.97955e-07 0.00956392 0.921784 7.05045e-05 0.000293047 0.0043891 0.00014552 1.76999e-06 9.29375e-09 0.0304024 0.0313108 5.3632e-08 5.21487e-07 
0.0455486 0.00038281 3.01344e-06 0.0875259 0.0115141 0.143995 0.364694 5.88907e-05 0.300655 0.0373125 0.00011885 0.000282014 9.44338e-07 0.00664591 0.00117452 8.51724e-05 2.14009e-06 
1.44981e-05 2.21917e-06 1.05341e-09 0.10331 2.95146e-06 0.0573191 0.49371 0.0691873 0.0127058 0.0271676 0.000213083 1.02469e-09 8.03258e-10 0.12926 0.107107 1.75557e-10 1.49089e-06 
0.00286792 5.09532e-06 9.3039e-06 0.00529197 0.0064872 0.0171476 0.434308 0.000267588 0.154076 0.141696 0.127146 2.54095e-05 8.65529e-06 0.0121677 0.0982343 0.000178473 8.28791e-05 
0.0156605 2.73617e-05 2.93317e-05 0.00575156 0.0195523 0.0844258 0.48999 0.000118191 0.0871017 0.00205714 0.000909062 0.000180667 4.96006e-09 0.275552 0.00433907 0.0142899 1.5062e-05 
0.00271786 0.00224755 0.000304125 0.141511 0.00442201 0.0236629 0.447593 9.38224e-05 0.138927 0.0208867 0.0272217 0.00022923 3.96409e-06 0.0231231 0.148847 0.00576555 0.0124432 
0.00519643 0.000160612 0.000706633 0.0241892 0.0197529 0.0587461 0.737909 0.0125192 0.0666098 0.00779649 0.00306223 0.00036309 2.53449e-05 0.0354114 0.0201126 0.00620081 0.00123853 
0.0135872 8.84881e-05 2.08141e-05 0.0440358 0.0648122 0.0232003 0.29395 0.000228628 0.170398 0.231317 0.0133091 0.000543954 0.00301842 0.0848847 0.0518268 0.00459955 0.000178209 
0.0276614 3.46413e-06 4.93632e-10 0.00459533 1.17001e-05 3.10542e-05 0.915101 0.000348269 0.0220269 1.36869e-05 0.015998 6.45571e-06 3.76409e-10 0.00412241 0.0099957 8.45799e-05 3.09024e-08 
0.000788065 0.000596752 3.15655e-09 0.0857723 7.44947e-05 3.66364e-07 0.900296 1.58467e-07 0.00352748 0.0001077 0.000565681 3.07048e-09 1.51419e-07 0.00798825 0.000281171 2.22399e-07 6.87711e-07 
0.000671865 0.000441989 4.42815e-08 0.0841261 0.00545847 0.231132 0.500467 0.00321636 0.0384616 0.000150038 0.0118594 3.73758e-06 9.32635e-12 0.115078 0.000970358 0.00788176 8.07903e-05 
0.0198399 1.06503e-05 0.00641448 0.27126 0.116211 0.00276295 0.295094 6.07807e-05 0.1589 0.00604 0.000740196 0.000103179 0.000305071 0.0616415 0.0353533 0.0252524 1.09231e-05 
0.000149498 9.00296e-09 1.57264e-08 7.59202e-06 0.000449786 0.0808721 0.916406 0.000182763 0.000122701 0.00128166 6.41314e-09 0.000269252 1.19919e-08 0.000158572 4.99624e-05 2.43769e-05 2.59268e-05 
0.000166988 9.96291e-11 0.000182972 0.00223251 0.010538 0.0400093 0.664622 0.00956841 6.98333e-07 0.0299068 7.09694e-11 0.00763922 1.6131e-06 0.00618822 0.225299 1.13727e-07 0.00364414 
0.00371537 1.55037e-05 3.17424e-07 0.0272677 0.0362835 0.0187276 0.820706 0.0022468 0.0390871 0.000318163 0.00059539 5.82702e-06 2.42046e-07 0.0492659 0.00141631 0.000335275 1.33461e-05 
0.000166988 9.96291e-11 0.000182972 0.00223251 0.010538 0.0400093 0.664622 0.00956841 6.98333e-07 0.0299068 7.09694e-11 0.00763922 1.6131e-06 0.00618822 0.225299 1.13727e-07 0.00364414 
0.00147776 0.00113456 2.93657e-05 0.0171604 0.00402831 0.0245342 0.743375 0.00388934 0.0264264 0.000416351 2.7954e-08 0.00023362 1.33668e-06 0.147349 0.0103866 0.0195 5.82401e-05 
0.000166988 9.96291e-11 0.000182972 0.00223251 0.010538 0.0400093 0.664622 0.00956841 6.98333e-07 0.0299068 7.09694e-11 0.00763922 1.6131e-06 0.00618822 0.225299 1.13727e-07 0.00364414 
0.000349023 6.5048e-05 2.30319e-05 0.0178632 0.095901 0.108051 0.338786 0.000637136 0.203654 0.052426 0.00119382 0.000993439 2.95985e-06 0.110448 0.0692605 0.000112063 0.000233653 
0.000674457 0.000331324 0.00281807 0.126938 0.0228381 0.0184734 0.72865 0.00960277 0.0402344 0.0162444 0.00080155 0.00338423 1.76011e-05 0.026896 0.0017818 0.000290275 2.37526e-05 
0.0147949 0.00134813 2.06297e-05 0.070499 0.142292 0.000212654 0.340507 2.0099e-05 0.105321 0.275008 0.02898 1.76588e-06 3.52693e-06 0.0189438 0.000408842 0.0016382 3.57086e-07 
0.0109274 0.00159747 0.0200251 0.0651428 0.304128 0.0239249 0.391387 0.0027591 0.0650958 0.000133304 0.000144775 6.25658e-05 1.865e-06 0.0609074 0.0352722 0.0184841 6.18753e-06 
0.00137799 0.00141217 3.37611e-05 0.0114482 0.00388274 0.0277347 0.747639 0.00512595 0.00733768 1.2394e-05 3.62662e-09 0.000206742 9.55537e-09 0.168291 0.00753009 0.0179263 4.12852e-05 
0.00580306 0.000545542 2.91831e-05 0.258657 0.0328984 0.140132 0.454233 0.0159468 0.0299678 0.00310227 0.000421456 5.64465e-05 1.51385e-10 0.0287545 0.0287017 0.000364364 0.000385785 
0.00322858 4.60932e-06 1.1471e-05 0.0646906 0.0247187 0.208564 0.335071 0.0122374 0.0314295 0.0164321 0.00128076 0.0190831 1.96985e-07 0.194215 0.084539 0.00438513 0.000109208 
0.00450478 0.00204735 7.57575e-05 0.0454462 0.0187648 0.00593176 0.495258 0.000931047 0.181323 0.00277901 0.00951344 0.00243934 8.1116e-05 0.0989772 0.0108675 0.120965 9.49143e-05 
0.009172 0.00155153 0.000428436 0.0117465 0.0899159 0.143448 0.173675 0.00382536 0.17269 0.167103 0.0705394 0.000434351 1.95435e-05 0.0056028 0.149743 6.16106e-05 4.32109e-05 
0.00647364 0.00165545 0.000885656 0.0114951 0.0235457 0.0399632 0.388349 0.0154977 0.102945 0.00107524 0.00263724 0.000741176 4.52377e-05 0.358114 0.0271091 0.0164542 0.00301373 
0.000208883 2.17238e-05 3.72904e-06 0.0485587 0.0436707 0.032223 0.677471 8.75057e-05 0.0343076 0.0115957 0.00294197 0.000226987 4.42863e-07 0.0670259 0.0740002 0.00764824 7.77104e-06 
8.7462e-05 5.47593e-06 3.92783e-10 0.000743781 0.000405122 0.0422749 0.911552 7.42534e-05 0.0186084 0.000118654 0.000817377 3.82071e-10 2.99509e-10 0.023343 7.66367e-06 0.0019623 1.01163e-10 
0.00825735 0.0333479 0.000124187 0.0488783 0.0222948 0.029103 0.448902 0.00296773 0.136301 0.000869869 0.00134426 0.000134928 1.39429e-05 0.225376 0.0355825 0.00634768 0.000155089 
0.0143529 0.00202915 0.000614255 0.214865 0.0239901 0.0173839 0.536408 0.00105908 0.081197 0.00413961 0.00456792 0.00145204 0.00556308 0.0533283 0.0388762 0.000169284 4.30204e-06 
9.98118e-07 2.01171e-06 1.2188e-08 0.00203513 4.97955e-07 0.00956392 0.921784 7.05045e-05 0.000293047 0.0043891 0.00014552 1.76999e-06 9.29375e-09 0.0304024 0.0313108 5.3632e-08 5.21487e-07 
0.000862168 0.000778752 4.24059e-12 0.0140146 0.00305787 0.333525 0.416112 0.00174372 0.144141 0.000410739 0.00287059 3.53399e-08 2.50392e-09 0.0769355 0.000800319 0.00473087 1.71391e-05 
0.0415214 0.00193018 2.61432e-07 0.0292126 0.176153 0.00643458 0.63163 0.0148069 0.0669009 0.00256355 0.000371717 8.496e-10 2.44593e-07 0.0152824 0.0109892 0.00219192 1.07968e-05 
0.000414742 0.000277842 2.76835e-08 0.00684924 0.10207 0.200541 0.230026 0.0507256 0.07453 0.181582 7.00357e-05 0.00302327 0.000203648 0.00622379 0.142174 0.000194108 0.00109558 
0.000166988 9.96291e-11 0.000182972 0.00223251 0.010538 0.0400093 0.664622 0.00956841 6.98333e-07 0.0299068 7.09694e-11 0.00763922 1.6131e-06 0.00618822 0.225299 1.13727e-07 0.00364414 
0.00416177 9.90579e-07 2.74933e-07 0.00487728 0.27179 0.045007 0.632598 0.00995984 1.20518e-05 6.50695e-05 2.12092e-06 0.000868045 2.09645e-07 0.020244 0.0101867 0.000224826 1.22419e-06 
0.0522515 0.000649813 1.21826e-07 0.257321 0.0305588 0.102211 0.272248 0.000912025 0.142387 0.0143947 0.0389025 1.43365e-05 0.0269624 0.0374741 0.0236303 4.0287e-05 4.31355e-05 
0.00472951 0.00101106 4.61736e-05 0.168304 0.00891626 0.0327372 0.342688 0.0201911 0.0683081 0.0132339 0.0334169 3.1248e-05 0.000382547 0.285565 0.0203269 5.8476e-05 5.40332e-05 
0.000601303 0.00046998 3.19289e-07 0.00908292 0.0109571 0.19157 0.349775 0.0145987 0.0983426 0.00120889 2.39924e-05 8.72284e-05 6.26315e-11 0.161238 0.14949 0.0125184 3.57873e-05 
0.193023 8.3914e-05 7.82867e-05 0.0249531 0.129624 0.0798251 0.426364 0.000718309 0.0169937 0.00222141 1.16201e-05 0.000171388 8.05922e-05 0.106616 0.0191502 4.81781e-05 3.70984e-05 
0.00617121 1.15042e-09 2.00956e-09 0.125762 0.00786789 0.0154159 0.745685 6.64697e-06 0.0102076 0.0382177 8.19485e-10 0.000450021 1.53235e-09 0.0489388 0.00126393 4.59743e-06 8.14174e-06 
3.6048e-07 5.35603e-10 5.3851e-07 0.00245792 1.68056e-06 0.239984 0.714495 0.000566015 2.73137e-06 0.00208027 2.03561e-07 1.32307e-06 2.93986e-07 0.0404055 3.26127e-06 4.85249e-07 2.16283e-08 
0.00146929 1.78571e-07 3.93508e-07 0.158663 0.0657183 0.0226001 0.478754 2.37528e-07 0.0414082 5.97383e-08 0.000210031 2.49033e-08 1.57962e-07 0.0747352 0.151703 0.00327801 0.00146044 
0.00109409 0.000205472 6.37493e-06 0.00312087 0.0317517 0.101405 0.748918 0.00110292 0.0158188 0.003933 1.127e-08 0.000418127 3.23404e-07 0.0659695 0.0244213 0.00171041 0.000124246 
0.000349269 2.57674e-06 7.09171e-05 0.141579 0.000864866 0.0616174 0.421782 5.56001e-05 0.286859 0.000100319 0.000665181 2.58703e-05 1.96187e-08 0.0262006 0.0598174 4.22716e-06 5.39545e-06 
0.00112183 1.54196e-10 0.00028491 0.00235024 0.0411891 0.0382557 0.650395 0.00941333 0.000533226 0.0314383 1.09839e-10 0.00848286 0.000206373 0.00639664 0.206252 1.56915e-05 0.00366503 
0.0104183 3.61131e-06 5.0267e-10 0.0181446 0.0369641 0.0751285 0.825757 0.00730894 0.0025741 6.5911e-08 0.000153605 2.33905e-07 3.83301e-10 0.0233251 3.40971e-09 0.000221783 1.89527e-09 
0.000181559 6.37736e-05 7.566e-09 0.00123067 0.000182016 0.101356 0.877232 0.00041953 0.0132553 2.49452e-05 0.00113538 7.35967e-09 5.7693e-09 0.00287487 1.26905e-06 0.00204236 1.94866e-09 
0.00807752 4.3095e-05 5.50857e-05 0.0477732 0.0248201 0.000529579 0.655077 0.000868268 0.00229378 0.000505213 0.000278507 1.40128e-05 0.000878476 0.0391059 0.000334782 6.36147e-06 0.21934 
0.00284242 0.000700657 6.83868e-07 0.0601272 0.0549685 0.0758184 0.275997 0.0461493 0.155772 0.00140088 0.00861796 0.01021 1.10517e-05 0.255149 0.0249928 0.0268895 0.00035299 
0.00105901 0.000281673 2.75955e-05 0.00972115 0.00458151 0.0560373 0.653081 6.68448e-05 0.110173 0.0481491 0.0529985 0.00872093 1.35821e-05 0.0381783 0.0168122 9.49924e-05 3.63963e-06 
1.17009e-05 7.45936e-07 8.38711e-08 7.87778e-06 1.66696e-05 5.39549e-06 0.999715 3.50525e-06 9.01617e-05 8.11831e-05 7.28015e-06 8.15839e-08 1.45839e-06 6.21281e-06 8.99709e-07 4.33138e-05 8.34315e-06 
0.00832686 3.40832e-05 4.01621e-05 0.0404551 0.137061 0.00730173 0.680685 0.000661663 0.0131392 0.00214665 0.00222002 4.21815e-05 0.00811476 0.0903843 0.00358162 0.00579267 1.29215e-05 
0.0104448 0.000635396 2.44046e-05 0.0294246 0.132194 0.0772449 0.387785 0.00081354 0.117528 0.126578 0.00869036 0.0026278 1.99799e-05 0.0781393 0.0260463 0.00171875 8.4948e-05 
0.033288 0.000124705 0.00295067 0.108514 0.0872655 0.0545199 0.35212 0.00916382 0.042869 0.024138 0.0143718 0.133094 0.00075875 0.0819603 0.0529648 0.00178294 0.000114187 
0.0114018 0.0243733 0.00620001 0.255573 0.0504051 0.0673735 0.26128 0.0119413 0.0951034 0.00353947 0.0162757 0.000419058 2.00803e-05 0.0967653 0.0955565 0.000807499 0.00296516 
0.003325 0.00111369 0.000432784 0.211435 0.0119925 0.0217148 0.341053 0.000285009 0.177219 0.000461522 0.00958795 7.55421e-06 3.065e-07 0.0940842 0.122257 0.00497543 5.47668e-05 
2.85229e-05 0.0002185 6.29896e-10 4.25555e-05 0.0375539 0.0151138 0.919184 5.46976e-05 3.78297e-06 0.00798283 1.02783e-05 6.12718e-10 4.80314e-10 0.0123873 0.00741993 1.04976e-10 1.62233e-10 
0.00126306 1.49207e-05 6.84455e-05 0.0284086 0.0176895 0.0676322 0.774815 5.33615e-05 0.0482523 0.00705535 0.00166152 0.00785336 4.71143e-09 0.0332608 0.00691034 0.00503896 2.22896e-05 
0.000475978 0.000271332 1.98491e-05 0.0738496 0.00757921 0.154394 0.471662 0.00104218 0.0574077 0.00702241 0.000825139 0.000180751 4.09124e-05 0.165065 0.0591539 0.000989748 2.04804e-05 
0.104579 0.000256872 5.45426e-05 0.130484 0.00941289 0.208947 0.285127 0.00737537 0.17993 0.00199341 0.0021187 0.000181991 6.62525e-06 0.02912 0.0392567 0.00114499 9.87595e-06 
0.00663156 0.0378379 0.000226772 0.0372587 0.0341596 0.00552186 0.753795 1.66293e-05 0.0145967 5.40825e-05 2.07161e-05 2.82997e-05 2.35052e-06 0.109729 3.98143e-05 8.46614e-06 7.18906e-05 
0.00109409 0.000205472 6.37493e-06 0.00312087 0.0317517 0.101405 0.748918 0.00110292 0.0158188 0.003933 1.127e-08 0.000418127 3.23404e-07 0.0659695 0.0244213 0.00171041 0.000124246 
0.00152244 0.00106538 2.82983e-05 0.0172358 0.00410222 0.0240838 0.74181 0.00364029 0.0366843 0.000526036 2.43736e-08 0.000230567 1.15293e-06 0.141047 0.0101984 0.0177607 6.42862e-05 
0.0154845 0.00711388 3.066e-05 0.0644956 0.0733719 0.0201565 0.439837 0.00126418 0.0834184 0.0766887 0.000116741 0.00309474 0.000498572 0.0901451 0.117759 0.00634669 0.00017718 
0.0203088 0.000121105 0.000123017 0.0582147 0.0344378 0.064306 0.558368 0.000973612 0.101683 0.0331298 0.00143278 0.0063365 4.85227e-06 0.0611957 0.0406673 0.0184876 0.000209043 
0.00112688 8.29068e-06 9.1455e-08 0.0564862 0.0317965 0.0483998 0.732537 3.25011e-05 0.0725832 0.00163321 0.00845934 6.75712e-06 2.20011e-10 0.0363678 0.0105555 6.88591e-06 2.93617e-08 
0.000601303 0.00046998 3.19289e-07 0.00908292 0.0109571 0.19157 0.349775 0.0145987 0.0983426 0.00120889 2.39924e-05 8.72284e-05 6.26315e-11 0.161238 0.14949 0.0125184 3.57873e-05 
0.000166988 9.96291e-11 0.000182972 0.00223251 0.010538 0.0400093 0.664622 0.00956841 6.98333e-07 0.0299068 7.09694e-11 0.00763922 1.6131e-06 0.00618822 0.225299 1.13727e-07 0.00364414 
0.0402575 0.000996612 0.000963356 0.0507577 0.0461122 0.0174646 0.46744 0.0144189 0.0485021 0.12872 0.00824683 0.00305573 0.0760189 0.0652537 0.0166408 0.00134168 0.0138097 
0.000167042 0.00208625 1.62487e-05 0.020618 0.000125404 0.0393436 0.868757 0.000116173 0.0453468 4.10317e-06 0.000703374 3.44992e-08 1.27096e-11 0.0183098 0.00430106 9.81907e-05 7.19126e-06 
0.0272331 6.63495e-05 7.46687e-05 0.0114203 0.0274781 0.0222855 0.733517 0.101977 0.0202056 0.00923219 0.000546386 3.98805e-05 5.48403e-09 0.0370391 0.00746081 0.00138809 3.59697e-05 
9.76086e-05 2.86447e-06 2.14905e-06 7.95732e-10 6.78577e-07 7.99135e-10 0.999026 1.11773e-05 7.83877e-07 1.35304e-05 1.66759e-05 4.49101e-09 3.52054e-09 0.000821851 4.29669e-06 2.26418e-06 2.4666e-07 
0.000166988 9.96291e-11 0.000182972 0.00223251 0.010538 0.0400093 0.664622 0.00956841 6.98333e-07 0.0299068 7.09694e-11 0.00763922 1.6131e-06 0.00618822 0.225299 1.13727e-07 0.00364414 
0.000166988 9.96291e-11 0.000182972 0.00223251 0.010538 0.0400093 0.664622 0.00956841 6.98333e-07 0.0299068 7.09694e-11 0.00763922 1.6131e-06 0.00618822 0.225299 1.13727e-07 0.00364414 
0.00027849 1.43363e-08 1.46492e-07 0.000618299 0.0123334 0.0478832 0.663588 0.000165428 0.0922588 0.00105805 1.33848e-07 6.0577e-08 7.1822e-08 0.164623 0.017192 3.87442e-08 3.225e-08 
1.05355e-05 0.000295863 4.20847e-06 2.58182e-05 0.0010705 0.0185672 0.974533 0.00429029 1.81087e-10 2.23745e-05 1.91594e-08 3.16758e-07 2.5096e-09 0.000129565 0.0010364 1.24207e-05 1.22856e-06 
0.0482617 0.000201542 2.44643e-07 0.0346805 0.211268 0.0313128 0.344101 0.0935922 0.00247675 0.000262969 0.00282961 0.000129741 2.8782e-09 0.0168056 0.000858583 0.213209 9.53196e-06 
0.000810126 0.000142088 5.1261e-05 0.357619 0.0288091 0.0225391 0.500207 0.00118588 0.0228849 0.00275298 0.000332701 1.24976e-07 1.10418e-08 0.03346 0.0291221 8.2346e-05 1.88188e-06 
8.51663e-05 3.50994e-05 3.72642e-05 0.120899 0.000298778 0.0426105 0.685482 5.73834e-05 0.0165756 9.24188e-07 0.00113946 3.15202e-05 3.0731e-07 0.131746 0.000532293 0.000465257 3.70016e-06 
0.0257347 0.0399702 0.0022473 0.104842 0.0483063 0.0454392 0.46029 0.0110288 0.109447 0.0850739 0.00499947 0.000215041 1.7681e-08 0.0103505 0.0502453 0.00181058 9.17274e-09 
0.000166988 9.96291e-11 0.000182972 0.00223251 0.010538 0.0400093 0.664622 0.00956841 6.98333e-07 0.0299068 7.09694e-11 0.00763922 1.6131e-06 0.00618822 0.225299 1.13727e-07 0.00364414 
0.0116876 0.00415601 5.10789e-05 0.0249214 0.0299256 0.00106716 0.394493 0.000450271 0.292261 0.122503 0.00676614 0.0104172 0.0023399 0.0942123 0.00470414 3.90265e-05 5.26364e-06 
0.0062799 6.89514e-05 0.00271686 0.0932122 0.007653 0.0438777 0.496277 0.000721858 0.14188 0.00852839 0.0485972 0.000266788 7.92654e-06 0.0873125 0.037175 0.0254168 8.55113e-06 
0.00369663 0.00379159 0.00104433 0.0308352 0.0488862 0.141161 0.310943 0.0104295 0.156266 0.00775212 0.0117667 0.00596888 1.12353e-05 0.215869 0.0289565 0.0180169 0.00460518 
1.12363e-05 1.8838e-08 3.29063e-08 2.82658e-05 2.83818e-09 5.6957e-09 0.999747 1.08947e-08 5.33056e-06 1.20798e-05 1.72186e-05 3.20089e-08 2.5092e-08 0.000179031 4.21524e-09 5.48401e-09 8.47518e-09 
0.00197064 0.000172392 3.38233e-06 0.00112389 0.00036188 0.0211624 0.928455 0.000108513 0.0261959 0.000800919 0.000470387 7.6438e-06 4.37318e-06 0.0171889 0.00174647 0.000225769 1.23202e-06 
0.000166988 9.96291e-11 0.000182972 0.00223251 0.010538 0.0400093 0.664622 0.00956841 6.98333e-07 0.0299068 7.09694e-11 0.00763922 1.6131e-06 0.00618822 0.225299 1.13727e-07 0.00364414 
0.000511943 5.55322e-05 8.30049e-07 0.00140557 0.00454359 0.0222407 0.916387 7.28282e-05 0.00844672 0.0148531 0.00227834 7.8542e-06 1.2354e-06 0.00229555 0.0266694 3.12252e-05 0.000198125 
0.000121684 0.00248515 9.63568e-05 0.0646508 0.00440042 0.0270129 0.560177 0.000791861 0.0503476 0.000978673 0.000405621 3.59574e-05 8.12952e-09 0.223274 0.0646588 0.000553975 9.15368e-06 
0.100909 1.21049e-09 4.76775e-07 0.138489 0.0547152 0.0214536 0.375125 6.2449e-06 0.197653 0.00881872 0.00830064 2.63154e-07 1.61237e-09 0.0600063 0.0341769 0.000345748 5.60928e-07 
3.64335e-05 5.95217e-06 2.27462e-06 0.000749574 0.0141808 0.022536 0.958149 1.01224e-05 5.66292e-06 0.00115834 4.4347e-06 1.47854e-06 2.48229e-08 0.00276054 0.000399456 9.05902e-09 2.76841e-09 
0.0428082 0.000409201 0.000913544 0.0333887 0.0199244 0.0393789 0.420871 0.000320067 0.0916091 0.106417 0.189227 0.00028297 1.22716e-06 0.0398929 0.0143298 0.000185376 4.00648e-05 
0.00620789 4.47255e-05 2.64139e-05 0.020593 0.0194933 0.0777424 0.563966 0.0233082 0.0535132 0.0371533 0.00171355 0.000680456 0.00458863 0.052565 0.137678 0.000553621 0.000172345 
0.000166988 9.96291e-11 0.000182972 0.00223251 0.010538 0.0400093 0.664622 0.00956841 6.98333e-07 0.0299068 7.09694e-11 0.00763922 1.6131e-06 0.00618822 0.225299 1.13727e-07 0.00364414 
0.000791193 1.15731e-07 6.91288e-08 0.0160488 0.00242897 0.00830421 0.81614 3.60059e-07 0.117955 0.000666948 1.72632e-11 6.52739e-05 3.22803e-11 0.0308744 0.00621331 0.00043123 8.02224e-05 
0.0163967 0.00159565 6.85524e-08 0.0573689 0.0709161 0.0257783 0.698825 1.12326e-06 2.40212e-05 5.79039e-05 0.0015517 5.2121e-05 5.22732e-08 0.127246 0.000185404 6.36634e-07 1.7656e-08 
0.00260035 0.000246665 0.00026369 0.0780889 0.00706692 0.102489 0.581138 0.00105041 0.0911829 5.59982e-05 0.0313256 0.000145466 6.07414e-06 0.0497518 0.00337475 0.0490642 0.00214953 
0.000303501 6.06513e-08 2.21512e-05 0.0742863 0.0152747 0.0714242 0.798256 6.74373e-05 0.0197733 0.00164264 0.000367181 3.72025e-08 4.63217e-05 0.00657965 0.00864673 0.00330938 2.0249e-07 
0.000810126 0.000142088 5.1261e-05 0.357619 0.0288091 0.0225391 0.500207 0.00118588 0.0228849 0.00275298 0.000332701 1.24976e-07 1.10418e-08 0.03346 0.0291221 8.2346e-05 1.88188e-06 
0.00400286 0.01523 0.000190341 0.0396454 0.0195676 0.00660477 0.773208 0.000181998 0.0355024 0.00040488 0.000381035 8.44605e-05 2.01161e-06 0.0911205 0.0137782 3.58148e-05 5.96034e-05 
0.0284195 6.7698e-05 0.0101217 0.0876533 0.0126867 0.00824719 0.287604 0.00070581 0.196465 0.00180911 0.00483353 0.00120538 5.26584e-07 0.161923 0.197176 0.000128935 0.000953798 
0.0804891 0.00244164 1.0397e-06 0.0412193 0.0355107 0.0119095 0.40835 0.000275474 0.0625735 0.0270195 0.00766507 0.000444466 4.95431e-09 0.0175041 0.29785 0.00674526 8.60082e-07 
0.00113971 6.8796e-05 0.000295327 0.0362081 0.00139059 0.0793397 0.647057 3.0285e-05 0.110178 0.00116329 0.0380919 0.000384927 6.66491e-05 0.056738 0.0277944 3.03836e-05 2.30994e-05 
0.00328709 0.000742387 1.44173e-05 0.0493855 0.0436051 0.0542097 0.613378 0.000589453 0.133609 0.00397981 0.00556709 0.00246356 0.000127073 0.0409088 0.0354811 0.0126477 3.55743e-06 
0.00645415 1.11589e-07 3.15103e-05 0.0344579 0.0855903 0.186474 0.228202 1.43621e-07 0.194098 7.79511e-05 0.000980577 0.00597434 3.49243e-07 0.198558 0.0445678 0.0145332 8.68712e-09 
0.000791193 1.15731e-07 6.91288e-08 0.0160488 0.00242897 0.00830421 0.81614 3.60059e-07 0.117955 0.000666948 1.72632e-11 6.52739e-05 3.22803e-11 0.0308744 0.00621331 0.00043123 8.02224e-05 
0.0156605 2.73617e-05 2.93317e-05 0.00575156 0.0195523 0.0844258 0.48999 0.000118191 0.0871017 0.00205714 0.000909062 0.000180667 4.96006e-09 0.275552 0.00433907 0.0142899 1.5062e-05 
0.00649653 0.00191237 1.28987e-05 0.028549 0.0185229 0.23159 0.337265 0.00462851 0.183419 0.00749304 0.0087433 5.79073e-05 4.31424e-06 0.120435 0.0150623 0.0347081 0.00109907 
0.029036 0.00112536 1.76616e-07 0.0161502 0.0641437 0.0072889 0.807137 0.0001806 0.0334215 0.000422855 0.00105425 0.000157085 0.000685956 0.0320858 0.00710871 2.11543e-06 8.86694e-08 
0.000166988 9.96291e-11 0.000182972 0.00223251 0.010538 0.0400093 0.664622 0.00956841 6.98333e-07 0.0299068 7.09694e-11 0.00763922 1.6131e-06 0.00618822 0.225299 1.13727e-07 0.00364414 
0.00509202 0.00186355 0.0137374 0.10963 0.0297149 0.07162 0.344281 0.00874334 0.0576913 0.00135626 0.00331772 0.00136396 5.2181e-06 0.315316 0.033533 0.00268216 5.26739e-05 
0.00697224 0.00074617 2.44629e-05 0.0500137 0.0235005 0.127651 0.525061 0.0219069 0.169946 0.00573667 0.00814787 0.000787164 2.84383e-07 0.0292971 0.0208779 0.00925805 7.29286e-05 
0.0242311 0.00022439 0.00789571 0.0761306 0.0072143 1.48415e-06 0.771556 0.000152751 0.0490206 0.00042948 0.00110099 0.000734337 1.34171e-09 0.0523291 0.00885191 1.19762e-07 0.000127442 
0.00137799 0.00141217 3.37611e-05 0.0114482 0.00388274 0.0277347 0.747639 0.00512595 0.00733768 1.2394e-05 3.62662e-09 0.000206742 9.55537e-09 0.168291 0.00753009 0.0179263 4.12852e-05 
0.014127 0.00106111 0.00169131 0.062855 0.224848 0.0133349 0.287075 0.271042 0.0112248 0.0381006 0.000134606 0.00144531 0.00310244 0.0480381 0.0138034 0.00797946 0.000136427 
