0.0065357 3.67459e-05 0.000100193 0.252412 0.0168211 0.123907 0.281588 0.00269523 0.0694226 0.00084482 0.00100821 0.000480372 2.47081e-08 0.0964216 0.146925 0.000787629 1.40733e-05 
0.00137146 6.4807e-05 1.24016e-05 0.36416 0.0247179 0.114958 0.383216 0.000433769 0.0298619 0.000773254 0.00478708 0.000107861 4.50833e-07 0.058697 0.0150352 0.00179722 5.65733e-06 
0.0025444 1.85579e-08 0.000217129 0.00222057 0.0634863 0.0135601 0.524874 8.85884e-06 0.00422851 0.126331 1.32195e-08 0.00121347 4.96135e-07 0.0222134 0.239039 6.07755e-07 6.29001e-05 
0.0192516 0.0166294 0.000294015 0.184356 0.0171055 0.0261124 0.286034 0.000421692 0.123047 0.000934023 0.0065311 0.00117585 2.13292e-05 0.213031 0.0803354 0.0125322 0.0121873 
0.0383243 0.0147349 2.37582e-05 0.0496582 0.0161158 0.00642798 0.590198 0.00783655 0.0742965 0.00511528 0.0027263 7.68019e-05 2.87504e-05 0.184557 0.00256627 0.00728761 2.66376e-05 
0.000145489 0.000102299 7.37957e-07 0.0156548 0.011524 0.0108427 0.781415 2.34337e-07 0.0784272 0.0127991 0.00213506 0.000254962 1.78438e-06 0.0198569 0.065815 0.000958209 6.64993e-05 
0.0364152 0.000870978 0.000207089 0.107201 0.0600271 0.0231894 0.299055 0.00611585 0.228529 0.0167261 0.0178226 0.000789486 3.43771e-06 0.112191 0.0884146 0.00243741 5.14814e-06 
9.76086e-05 2.86447e-06 2.14905e-06 7.95732e-10 6.78577e-07 7.99135e-10 0.999026 1.11773e-05 7.83877e-07 1.35304e-05 1.66759e-05 4.49101e-09 3.52054e-09 0.000821851 4.29669e-06 2.26418e-06 2.4666e-07 
0.159188 0.000147329 1.96538e-06 0.030977 0.0994384 0.0172731 0.389229 2.39895e-05 0.0404384 0.0252392 0.00309054 0.00040017 4.83884e-07 0.208762 0.0193747 0.00634402 7.20847e-05 
0.0384418 0.00557198 3.3246e-06 0.0175614 0.0770637 0.0103078 0.708617 0.000870632 0.0907089 0.0027111 0.000505494 0.000155943 7.74252e-05 0.0353338 0.00361721 0.00845054 1.64404e-06 
0.00157612 4.00729e-06 1.42724e-06 0.00428507 0.00688082 0.00690433 0.632428 0.00952657 0.0515635 0.118608 5.97144e-05 3.54503e-05 4.55907e-06 0.156152 0.0118564 9.98285e-05 1.32352e-05 
0.00168407 2.38448e-07 0.00070502 0.00899566 0.020093 0.00478309 0.62193 0.000981017 0.00846159 0.0791218 0.000145122 0.00194875 2.38809e-10 0.0439888 0.206541 0.000564667 5.60141e-05 
0.000166988 9.96291e-11 0.000182972 0.00223251 0.010538 0.0400093 0.664622 0.00956841 6.98333e-07 0.0299068 7.09694e-11 0.00763922 1.6131e-06 0.00618822 0.225299 1.13727e-07 0.00364414 
0.00507742 0.000480332 2.72247e-07 0.0217765 0.0335898 0.00578131 0.858332 0.0112973 0.0151936 0.000650382 0.00651045 6.08823e-05 9.14845e-06 0.0366508 0.00411821 0.000454756 1.72505e-05 
0.00110419 0.00117087 8.90077e-06 0.00280931 0.0752153 0.014418 0.827306 0.00171256 0.0383089 0.00146078 0.00729951 8.65805e-06 6.22441e-05 0.0242655 0.00484563 1.48336e-06 2.29244e-06 
0.0058273 0.00375124 6.48509e-05 0.0293835 0.00317283 0.112538 0.381175 0.000919467 0.141894 0.0160206 0.0102672 0.000370943 0.000108185 0.273171 0.0212785 1.97572e-05 3.74913e-05 
0.00437389 8.54711e-05 5.3381e-05 0.0247338 0.00643892 0.0278314 0.750848 4.18355e-05 0.0638344 0.0299211 0.0136872 0.000421382 1.98083e-05 0.0412638 0.0362559 0.000131114 5.87165e-05 
0.000166988 9.96291e-11 0.000182972 0.00223251 0.010538 0.0400093 0.664622 0.00956841 6.98333e-07 0.0299068 7.09694e-11 0.00763922 1.6131e-06 0.00618822 0.225299 1.13727e-07 0.00364414 
0.00147776 0.00113456 2.93657e-05 0.0171604 0.00402831 0.0245342 0.743375 0.00388934 0.0264264 0.000416351 2.7954e-08 0.00023362 1.33668e-06 0.147349 0.0103866 0.0195 5.82401e-05 
0.00786348 0.000112213 1.37487e-06 0.109001 1.01995e-05 1.51012e-05 0.666782 3.52388e-06 0.192795 0.000531533 5.32872e-07 0.00162341 9.58133e-06 0.00032653 0.0209215 3.43201e-06 3.04989e-09 
0.00165104 0.0127791 0.0750577 0.0273495 0.00726412 0.0301847 0.571851 0.0079616 0.00995296 0.00430431 0.00102373 0.0043445 3.32908e-08 0.0226392 0.0766416 0.0080697 0.138925 
0.0270885 0.0145111 0.000111707 0.0271379 0.0706655 0.220141 0.27453 0.0156717 0.150192 0.0657619 0.0110117 0.00331508 0.00215431 0.090489 0.0179645 0.00785645 0.00139746 
0.000339593 0.0004662 1.06523e-06 0.0602757 0.00097009 0.014017 0.805675 1.27361e-06 0.0755969 0.0174253 0.000945367 6.8939e-05 0.00128931 0.0219628 0.00096231 2.38515e-06 1.06584e-06 
0.234842 3.3176e-05 0.000374404 0.00347802 0.09404 0.00251323 0.402939 0.0332759 0.0196167 0.0875797 0.000179561 0.000212762 2.58433e-06 0.0275198 0.082943 0.0104474 1.99653e-06 
0.000166988 9.96291e-11 0.000182972 0.00223251 0.010538 0.0400093 0.664622 0.00956841 6.98333e-07 0.0299068 7.09694e-11 0.00763922 1.6131e-06 0.00618822 0.225299 1.13727e-07 0.00364414 
0.0433917 0.00137812 3.76044e-05 0.041041 0.0259282 0.0184903 0.566014 0.000164776 0.084334 0.0166688 0.0101474 0.00108706 4.29926e-09 0.0226572 0.161852 0.00680374 4.30597e-06 
0.00098651 7.95022e-05 0.000136791 0.0119743 0.0658591 0.0757476 0.676328 0.000859048 0.0272318 0.00170249 0.000766694 0.000281053 6.61392e-06 0.0468482 0.0398158 0.0513304 4.64456e-05 
0.010577 0.0117069 2.81393e-05 0.114642 0.0224211 0.0016317 0.240398 0.00046776 0.188412 0.106612 0.135955 1.39455e-05 3.43965e-08 0.00243415 0.148085 0.00567105 0.0109448 
0.000588471 0.101315 0.00277311 0.0238143 0.00417708 9.65727e-05 0.667686 0.000822008 0.00491829 0.0245871 0.0149224 0.00112507 5.77824e-05 0.00041029 0.144144 0.00605249 0.00251013 
0.00109418 0.0033037 0.0005755 0.0584424 0.190004 0.0297021 0.43451 0.00960787 0.0959933 0.00114513 9.19869e-05 9.38015e-05 6.12249e-08 0.145231 0.020679 0.00838663 0.00113878 
0.000810126 0.000142088 5.1261e-05 0.357619 0.0288091 0.0225391 0.500207 0.00118588 0.0228849 0.00275298 0.000332701 1.24976e-07 1.10418e-08 0.03346 0.0291221 8.2346e-05 1.88188e-06 
0.0156605 2.73617e-05 2.93317e-05 0.00575156 0.0195523 0.0844258 0.48999 0.000118191 0.0871017 0.00205714 0.000909062 0.000180667 4.96006e-09 0.275552 0.00433907 0.0142899 1.5062e-05 
0.000684945 0.0124541 0.000125324 0.0105946 0.0135507 0.0710711 0.501428 0.00135725 0.069348 0.00634639 0.000200426 0.000104571 7.56971e-05 0.125136 0.186496 0.000982464 4.46345e-05 
0.000630528 1.4219e-05 0.000245707 0.023394 0.004314 0.265531 0.434672 0.00133403 0.0368137 0.149037 5.92354e-06 0.000171227 2.64147e-05 0.025281 0.0583591 4.9448e-05 0.000120835 
0.00117414 0.000292062 1.06841e-07 0.388019 0.00893816 0.0304401 0.511854 0.00353692 0.0347019 0.00207913 0.0120071 2.91717e-06 3.55268e-09 0.00462914 2.26034e-06 0.00232368 1.19997e-09 
0.013512 0.00417117 0.000192998 0.158122 0.0643394 0.048021 0.405302 0.000587654 0.0846724 0.0445732 0.0825498 0.0078139 4.36963e-05 0.0532861 0.0120268 0.020758 2.76822e-05 
0.0027627 6.05437e-05 8.4358e-05 0.0137393 0.00532085 0.351728 0.387231 0.000561921 0.0748958 7.27925e-05 0.00154735 5.79335e-06 1.13794e-05 0.0655577 0.0413947 0.0549629 6.31136e-05 
0.00562908 0.00092255 9.7334e-05 0.0474385 0.0801837 0.0177128 0.689164 0.000401795 0.0311407 0.0215261 0.00321431 0.00282053 0.00248162 0.0272512 0.0699051 9.81788e-05 1.23397e-05 
0.000454928 6.46644e-07 1.57821e-05 0.00714793 0.000625194 0.117968 0.842858 2.93486e-05 0.0132242 0.000697336 1.26154e-05 0.000142483 1.84193e-08 0.0147605 0.00201607 2.81695e-05 1.87114e-05 
0.00112183 1.54196e-10 0.00028491 0.00235024 0.0411891 0.0382557 0.650395 0.00941333 0.000533226 0.0314383 1.09839e-10 0.00848286 0.000206373 0.00639664 0.206252 1.56915e-05 0.00366503 
0.0204631 3.16951e-05 0.00182504 0.102048 0.030068 0.00874332 0.289823 0.00127572 0.200136 0.0844913 0.0077381 0.000626011 1.48679e-07 0.119 0.122146 1.04853e-05 0.0115746 
0.000810126 0.000142088 5.1261e-05 0.357619 0.0288091 0.0225391 0.500207 0.00118588 0.0228849 0.00275298 0.000332701 1.24976e-07 1.10418e-08 0.03346 0.0291221 8.2346e-05 1.88188e-06 
0.0448847 0.0136452 0.000331507 0.0155228 0.204146 0.0365226 0.433412 0.0935253 0.0373095 0.00422504 0.00237144 0.000732592 2.76628e-06 0.0748085 0.0232979 0.00973302 0.00552904 
0.00027179 1.10237e-06 1.36003e-05 0.0479528 0.00620797 0.0035213 0.851134 1.83776e-06 0.0231247 0.00316802 0.0243855 1.08201e-08 7.50785e-08 0.0066387 0.0335715 6.70843e-06 2.2147e-07 
0.0106965 0.00538976 1.65435e-06 0.173529 0.0366967 0.00980619 0.439113 0.00114621 0.239196 0.013952 0.0183617 1.69421e-07 6.46706e-11 0.0343245 0.00946598 0.0083107 9.37427e-06 
0.00238898 1.06719e-08 5.25462e-05 0.068564 0.00798595 0.000495661 0.880479 3.08218e-06 0.00858056 0.00955664 0.00735329 1.81333e-08 1.82456e-06 0.0131273 0.00140935 6.27873e-07 8.34474e-07 
0.0025473 0.00145921 7.14806e-05 0.0432821 0.0319562 0.0250329 0.645235 0.0160297 0.0607748 0.0130865 0.00475973 6.48643e-05 0.000932172 0.060658 0.0919199 0.00112716 0.00106288 
0.0133908 0.00349604 0.00025508 0.013132 0.244515 0.025327 0.254449 0.0137007 0.205105 0.0459681 0.000488364 0.000707616 3.13429e-05 0.0826683 0.0721313 0.0244978 0.000136766 
0.00137799 0.00141217 3.37611e-05 0.0114482 0.00388274 0.0277347 0.747639 0.00512595 0.00733768 1.2394e-05 3.62662e-09 0.000206742 9.55537e-09 0.168291 0.00753009 0.0179263 4.12852e-05 
0.00423762 0.000246016 9.23863e-07 0.249269 0.00908547 0.000798489 0.437732 0.000644549 0.197756 0.0411083 0.0112124 0.00095778 1.19263e-09 0.0237099 0.018631 0.00446126 0.000149328 
0.00205721 0.00929947 7.67798e-07 0.0346092 0.0844005 0.127519 0.379138 0.00223386 0.0663597 0.00036757 1.50014e-05 0.00226164 1.69671e-05 0.288778 0.0015067 0.00141885 1.72853e-05 
0.00257403 0.000131404 0.000431491 0.0683267 0.0777808 0.00999924 0.718143 0.0194346 0.0285854 0.0255702 0.0030825 6.43091e-05 2.55529e-07 0.0367907 0.00902515 5.85198e-05 1.4584e-06 
0.000617792 4.57199e-05 4.71969e-06 0.0122721 0.0029298 0.0540504 0.862584 2.4712e-05 0.0300429 0.0108281 0.0109865 0.00184742 2.46727e-06 0.00987871 0.00375553 0.000127949 1.19905e-06 
0.000170376 3.756e-09 8.53297e-06 0.042048 4.07389e-05 0.00147733 0.949133 2.17224e-09 0.00272877 4.11492e-07 2.84892e-06 6.38208e-09 6.88591e-05 0.00357908 0.000736615 1.09343e-09 5.29591e-06 
0.00558121 7.47485e-06 7.37042e-06 0.052813 0.0118113 0.0437226 0.574112 0.00082936 0.117351 0.00442698 0.00417831 1.52986e-05 0.0188323 0.0969123 0.0546242 0.0147711 3.78237e-06 
0.00488913 3.02151e-06 0.000906983 0.0436218 0.0634103 0.268216 0.289897 0.0265162 0.0107851 0.0480573 0.000696621 6.60439e-06 0.023709 0.189048 0.0261342 0.00146263 0.0026408 
0.14548 5.59281e-08 9.76955e-08 0.0274244 0.00530772 0.00272488 0.310788 1.16821e-05 0.149164 0.301147 0.00381524 9.50314e-08 7.44958e-08 0.0280062 0.0261241 1.62815e-08 6.65414e-06 
0.00243269 2.53464e-08 4.42753e-08 0.00176908 0.259518 0.167531 0.376758 9.3909e-05 0.062604 0.00298552 2.72883e-05 1.2072e-05 4.64439e-07 0.125983 0.000211589 7.03282e-05 2.89166e-06 
0.00340221 1.55354e-07 0.00160771 0.103683 0.055675 1.08578e-05 0.488834 8.98475e-08 0.0243542 0.0174417 0.00315155 2.63973e-07 0.00858069 0.228208 0.0650145 2.11372e-05 1.49947e-05 
0.00205016 0.000854313 0.0184243 0.143115 0.0495253 0.000563334 0.406377 0.00027402 0.12087 0.0751613 0.0115265 0.00367255 0.000177216 0.106715 0.0593059 2.64055e-05 0.00136043 
0.00034603 0.000265566 0.000155166 0.00175121 4.70713e-05 6.49111e-05 0.896432 0.0394091 0.000603206 0.0595657 0.000262613 7.80736e-07 6.12025e-07 0.000936342 0.000152899 1.33762e-07 6.8329e-06 
0.0415214 0.00193018 2.61432e-07 0.0292126 0.176153 0.00643458 0.63163 0.0148069 0.0669009 0.00256355 0.000371717 8.496e-10 2.44593e-07 0.0152824 0.0109892 0.00219192 1.07968e-05 
0.00160242 0.000798454 2.4067e-05 0.0177242 0.0039978 0.0217682 0.766193 0.00299749 0.0499606 0.000666678 2.36706e-09 0.000195417 8.67434e-09 0.114928 0.00930024 0.00977005 7.41835e-05 
0.00150949 0.00111688 2.87702e-05 0.0174606 0.00414836 0.0244199 0.737341 0.00370407 0.0324276 0.000482641 3.06807e-08 0.000242864 1.48371e-06 0.14693 0.0105106 0.019613 6.30161e-05 
0.00433898 0.000531417 0.000159608 6.11293e-06 0.00429205 5.00444e-07 0.984634 0.00397475 2.85188e-06 1.45872e-06 2.03585e-07 1.91706e-06 3.93489e-11 0.0015821 1.29442e-06 0.000473104 8.51355e-09 
0.0165322 0.00102739 9.22862e-06 0.231136 0.0561833 0.0882641 0.265522 0.00889915 0.104451 0.00891224 0.000330116 5.74453e-05 0.000181186 0.109794 0.0661986 0.0424359 6.60257e-05 
0.00163166 9.2387e-05 0.00112479 0.0470233 0.0166065 0.121196 0.393283 0.0392495 0.0678375 0.0044158 0.00215828 0.000927647 0.000525581 0.242756 0.0505978 0.0087323 0.00184157 
0.00256654 0.00394875 7.9648e-05 0.0328515 0.0308255 0.0644593 0.563211 0.011625 0.0581933 0.00445988 0.00273522 0.00110505 0.000157975 0.118625 0.0979597 0.00708443 0.000111939 
8.9325e-05 0.00010275 1.69156e-06 0.000124504 0.000215652 0.00563788 0.710414 5.60048e-07 5.84389e-05 0.221777 6.89806e-07 1.64543e-06 0.00177491 0.058688 0.0010198 5.0018e-05 4.29561e-05 
0.00230476 0.000596045 1.68956e-05 0.177338 0.0801301 0.0108364 0.547058 3.09162e-05 0.0592878 0.00485638 0.000354579 0.000775698 8.87688e-06 0.102431 0.00588781 0.00807844 8.584e-06 
0.00118423 0.00350051 0.000461845 0.144129 0.015279 0.0255402 0.640792 0.000588499 0.0404119 0.000647154 0.00134794 0.000651855 1.08661e-06 0.0840055 0.0270246 0.0144099 2.43636e-05 
0.0584148 0.0119048 0.000537135 0.0571707 0.041043 0.0250645 0.280656 0.000891551 0.271318 0.00816732 0.0385822 0.0245251 4.98737e-07 0.164212 0.01452 0.00286919 0.000122912 
0.00725667 0.00266674 1.4427e-06 0.0128701 0.0768191 0.101114 0.397606 1.03716e-05 0.172652 0.033685 0.00920551 0.000289204 2.46237e-09 0.0229925 0.0289724 0.133801 5.78657e-05 
0.00144152 1.25096e-06 2.6847e-07 0.218913 0.016502 0.207096 0.507711 3.90896e-05 0.0226734 0.000191758 1.10541e-06 6.09165e-06 7.09217e-09 0.023769 0.000727658 0.000921474 6.01953e-06 
0.0383243 0.0147349 2.37582e-05 0.0496582 0.0161158 0.00642798 0.590198 0.00783655 0.0742965 0.00511528 0.0027263 7.68019e-05 2.87504e-05 0.184557 0.00256627 0.00728761 2.66376e-05 
0.0018629 6.24422e-06 0.000637382 0.008508 0.0198356 0.00441545 0.626029 0.000891817 0.00995244 0.0804412 0.000611277 0.00169086 5.58557e-10 0.0354609 0.209101 0.000494104 6.16843e-05 
0.00252059 0.00820341 7.00201e-05 0.117839 0.0180265 0.269095 0.396885 0.00425297 0.0444524 0.000788527 0.00135788 7.09695e-05 5.55521e-08 0.0971546 0.016193 0.0230301 6.02742e-05 
0.00104154 6.15961e-05 3.97252e-05 0.00181626 0.0707495 0.0296536 0.651243 0.00046425 0.0526135 0.000223346 7.45793e-05 0.00128801 4.02317e-07 0.187375 0.000910225 0.00243917 6.45777e-06 
9.98118e-07 2.01171e-06 1.2188e-08 0.00203513 4.97955e-07 0.00956392 0.921784 7.05045e-05 0.000293047 0.0043891 0.00014552 1.76999e-06 9.29375e-09 0.0304024 0.0313108 5.3632e-08 5.21487e-07 
0.0455486 0.00038281 3.01344e-06 0.0875259 0.0115141 0.143995 0.364694 5.88907e-05 0.300655 0.0373125 0.00011885 0.000282014 9.44338e-07 0.00664591 0.00117452 8.51724e-05 2.14009e-06 
1.44981e-05 2.21917e-06 1.05341e-09 0.10331 2.95146e-06 0.0573191 0.49371 0.0691873 0.0127058 0.0271676 0.000213083 1.02469e-09 8.03258e-10 0.12926 0.107107 1.75557e-10 1.49089e-06 
0.00286792 5.09532e-06 9.3039e-06 0.00529197 0.0064872 0.0171476 0.434308 0.000267588 0.154076 0.141696 0.127146 2.54095e-05 8.65529e-06 0.0121677 0.0982343 0.000178473 8.28791e-05 
0.000166988 9.96291e-11 0.000182972 0.00223251 0.010538 0.0400093 0.664622 0.00956841 6.98333e-07 0.0299068 7.09694e-11 0.00763922 1.6131e-06 0.00618822 0.225299 1.13727e-07 0.00364414 
0.00519643 0.000160612 0.000706633 0.0241892 0.0197529 0.0587461 0.737909 0.0125192 0.0666098 0.00779649 0.00306223 0.00036309 2.53449e-05 0.0354114 0.0201126 0.00620081 0.00123853 
0.0135872 8.84881e-05 2.08141e-05 0.0440358 0.0648122 0.0232003 0.29395 0.000228628 0.170398 0.231317 0.0133091 0.000543954 0.00301842 0.0848847 0.0518268 0.00459955 0.000178209 
0.000820493 0.000227016 2.01164e-06 0.00117717 0.00456903 0.0317051 0.88924 0.000296432 0.0152225 0.0333124 0.000519059 0.00184356 3.36665e-08 0.0150853 0.00579709 0.000177817 4.83503e-06 
0.000281892 5.08288e-08 1.84333e-07 1.17623e-11 5.82796e-08 1.18126e-11 0.999717 9.60318e-07 3.75505e-12 1.45636e-11 2.78303e-11 6.63849e-11 5.20396e-11 5.58546e-08 8.74221e-12 1.94499e-07 2.11101e-08 
0.000671865 0.000441989 4.42815e-08 0.0841261 0.00545847 0.231132 0.500467 0.00321636 0.0384616 0.000150038 0.0118594 3.73758e-06 9.32635e-12 0.115078 0.000970358 0.00788176 8.07903e-05 
0.17255 0.000485752 0.0243864 0.0476431 0.0882497 0.0375032 0.331719 0.00358549 0.112812 0.00241817 0.00362485 0.0109666 0.00201897 0.118567 0.0274955 0.0122179 0.00375622 
0.0198399 1.06503e-05 0.00641448 0.27126 0.116211 0.00276295 0.295094 6.07807e-05 0.1589 0.00604 0.000740196 0.000103179 0.000305071 0.0616415 0.0353533 0.0252524 1.09231e-05 
0.000166988 9.96291e-11 0.000182972 0.00223251 0.010538 0.0400093 0.664622 0.00956841 6.98333e-07 0.0299068 7.09694e-11 0.00763922 1.6131e-06 0.00618822 0.225299 1.13727e-07 0.00364414 
0.00141031 0.00191145 0.000160473 0.0265681 0.0141825 0.0331389 0.647951 0.000971581 0.0710816 0.00276352 0.00627408 2.64526e-05 0.000834265 0.0732493 0.113312 0.00548387 0.000680574 
8.9137e-05 3.25605e-05 6.44428e-06 0.141715 0.0055494 0.14526 0.659891 6.85437e-05 0.00506877 0.00657052 0.000117972 0.000362561 8.61957e-06 0.0346207 0.000584523 4.0624e-05 1.29986e-05 
0.00926465 6.7135e-05 2.60131e-05 0.131871 0.0112323 0.041417 0.466121 0.00122082 0.241347 0.00317064 0.00388386 2.86084e-05 0.000875199 0.0684639 0.015197 0.00581047 3.15705e-06 
0.000349023 6.5048e-05 2.30319e-05 0.0178632 0.095901 0.108051 0.338786 0.000637136 0.203654 0.052426 0.00119382 0.000993439 2.95985e-06 0.110448 0.0692605 0.000112063 0.000233653 
0.0109274 0.00159747 0.0200251 0.0651428 0.304128 0.0239249 0.391387 0.0027591 0.0650958 0.000133304 0.000144775 6.25658e-05 1.865e-06 0.0609074 0.0352722 0.0184841 6.18753e-06 
0.0110039 8.94601e-05 7.65329e-05 0.139504 0.13414 0.00471058 0.231064 0.00279026 0.032931 0.130341 0.0427689 0.00817038 7.63725e-07 0.0824366 0.178819 0.000802084 0.000351328 
0.000166988 9.96291e-11 0.000182972 0.00223251 0.010538 0.0400093 0.664622 0.00956841 6.98333e-07 0.0299068 7.09694e-11 0.00763922 1.6131e-06 0.00618822 0.225299 1.13727e-07 0.00364414 
0.00253236 0.000821688 0.000309386 0.00627505 0.0156785 0.0343162 0.772786 0.00630259 0.0627434 0.0208732 0.00856797 0.00368826 4.74608e-05 0.0439844 0.0166476 0.00374014 0.000685405 
0.0132517 0.00245457 2.06337e-05 0.0255368 0.0246 0.0334391 0.754221 0.000130095 0.0408646 0.0105463 0.000718446 0.000107006 3.72155e-06 0.0568686 0.021205 0.0159677 6.4361e-05 
0.00825735 0.0333479 0.000124187 0.0488783 0.0222948 0.029103 0.448902 0.00296773 0.136301 0.000869869 0.00134426 0.000134928 1.39429e-05 0.225376 0.0355825 0.00634768 0.000155089 
0.000276641 6.23332e-08 0.000347129 7.93531e-05 0.00660791 0.0130097 0.846903 2.02019e-06 0.0047031 0.00330182 4.52298e-05 8.04184e-06 1.22559e-06 0.00042872 0.119763 0.00450915 1.36131e-05 
0.0179096 0.00205531 3.43196e-05 0.0366848 0.0418224 0.0410971 0.469771 0.00245284 0.154437 0.0326381 0.00933189 0.000768139 4.69121e-05 0.112258 0.073657 0.00476701 0.000268255 
0.000394841 0.00023093 0.0426881 0.104217 0.0080295 0.0700931 0.316403 0.030617 0.0760705 0.00141427 0.000604976 0.000118222 0.00547754 0.175426 0.164245 0.00382489 0.000144246 
0.0415214 0.00193018 2.61432e-07 0.0292126 0.176153 0.00643458 0.63163 0.0148069 0.0669009 0.00256355 0.000371717 8.496e-10 2.44593e-07 0.0152824 0.0109892 0.00219192 1.07968e-05 
0.000414742 0.000277842 2.76835e-08 0.00684924 0.10207 0.200541 0.230026 0.0507256 0.07453 0.181582 7.00357e-05 0.00302327 0.000203648 0.00622379 0.142174 0.000194108 0.00109558 
0.00207026 0.00434354 0.000259225 0.0745941 0.0182504 0.0672987 0.508057 0.00117154 0.0257595 0.0415261 0.0182093 0.000291911 0.000475208 0.0634558 0.130467 0.0433703 0.000400547 
0.00472951 0.00101106 4.61736e-05 0.168304 0.00891626 0.0327372 0.342688 0.0201911 0.0683081 0.0132339 0.0334169 3.1248e-05 0.000382547 0.285565 0.0203269 5.8476e-05 5.40332e-05 
0.030906 0.000127138 0.000156713 0.0992106 0.070812 0.0117926 0.483184 0.00429104 0.112407 0.0843685 0.00924097 0.00396225 0.000333803 0.0418824 0.0422301 0.00496992 0.000124912 
0.000601303 0.00046998 3.19289e-07 0.00908292 0.0109571 0.19157 0.349775 0.0145987 0.0983426 0.00120889 2.39924e-05 8.72284e-05 6.26315e-11 0.161238 0.14949 0.0125184 3.57873e-05 
0.00345664 0.000279245 0.00196857 0.121299 0.0283147 0.0363108 0.600636 0.00149116 0.0843768 0.000202165 0.00105182 3.96411e-05 7.89748e-05 0.0802108 0.0381551 0.00208797 4.13059e-05 
0.00617121 1.15042e-09 2.00956e-09 0.125762 0.00786789 0.0154159 0.745685 6.64697e-06 0.0102076 0.0382177 8.19485e-10 0.000450021 1.53235e-09 0.0489388 0.00126393 4.59743e-06 8.14174e-06 
3.6048e-07 5.35603e-10 5.3851e-07 0.00245792 1.68056e-06 0.239984 0.714495 0.000566015 2.73137e-06 0.00208027 2.03561e-07 1.32307e-06 2.93986e-07 0.0404055 3.26127e-06 4.85249e-07 2.16283e-08 
0.00146929 1.78571e-07 3.93508e-07 0.158663 0.0657183 0.0226001 0.478754 2.37528e-07 0.0414082 5.97383e-08 0.000210031 2.49033e-08 1.57962e-07 0.0747352 0.151703 0.00327801 0.00146044 
0.00112183 1.54196e-10 0.00028491 0.00235024 0.0411891 0.0382557 0.650395 0.00941333 0.000533226 0.0314383 1.09839e-10 0.00848286 0.000206373 0.00639664 0.206252 1.56915e-05 0.00366503 
0.000166988 9.96291e-11 0.000182972 0.00223251 0.010538 0.0400093 0.664622 0.00956841 6.98333e-07 0.0299068 7.09694e-11 0.00763922 1.6131e-06 0.00618822 0.225299 1.13727e-07 0.00364414 
0.00318656 1.31532e-08 2.29761e-08 0.0197462 0.295298 0.00336343 0.644224 7.60704e-09 1.2642e-09 0.0199975 9.36952e-09 2.23496e-08 0.00167188 2.44767e-06 0.00292411 0.00943682 0.000148669 
0.00284242 0.000700657 6.83868e-07 0.0601272 0.0549685 0.0758184 0.275997 0.0461493 0.155772 0.00140088 0.00861796 0.01021 1.10517e-05 0.255149 0.0249928 0.0268895 0.00035299 
0.00105901 0.000281673 2.75955e-05 0.00972115 0.00458151 0.0560373 0.653081 6.68448e-05 0.110173 0.0481491 0.0529985 0.00872093 1.35821e-05 0.0381783 0.0168122 9.49924e-05 3.63963e-06 
1.17009e-05 7.45936e-07 8.38711e-08 7.87778e-06 1.66696e-05 5.39549e-06 0.999715 3.50525e-06 9.01617e-05 8.11831e-05 7.28015e-06 8.15839e-08 1.45839e-06 6.21281e-06 8.99709e-07 4.33138e-05 8.34315e-06 
0.000166988 9.96291e-11 0.000182972 0.00223251 0.010538 0.0400093 0.664622 0.00956841 6.98333e-07 0.0299068 7.09694e-11 0.00763922 1.6131e-06 0.00618822 0.225299 1.13727e-07 0.00364414 
0.00766727 0.00469678 0.000264547 0.0731901 0.0164047 0.072694 0.264128 0.00298339 0.228214 0.00217422 0.00549899 0.00074603 0.000770929 0.247253 0.0597027 0.011586 0.00202576 
0.000810126 0.000142088 5.1261e-05 0.357619 0.0288091 0.0225391 0.500207 0.00118588 0.0228849 0.00275298 0.000332701 1.24976e-07 1.10418e-08 0.03346 0.0291221 8.2346e-05 1.88188e-06 
0.00333289 0.000144794 0.00336764 0.0476537 0.00665703 0.0570515 0.437004 0.0630584 0.0184708 0.00140825 2.10906e-05 0.000217491 9.15046e-05 0.341586 0.0130802 0.00664181 0.000212458 
0.0104448 0.000635396 2.44046e-05 0.0294246 0.132194 0.0772449 0.387785 0.00081354 0.117528 0.126578 0.00869036 0.0026278 1.99799e-05 0.0781393 0.0260463 0.00171875 8.4948e-05 
0.000166988 9.96291e-11 0.000182972 0.00223251 0.010538 0.0400093 0.664622 0.00956841 6.98333e-07 0.0299068 7.09694e-11 0.00763922 1.6131e-06 0.00618822 0.225299 1.13727e-07 0.00364414 
0.0114018 0.0243733 0.00620001 0.255573 0.0504051 0.0673735 0.26128 0.0119413 0.0951034 0.00353947 0.0162757 0.000419058 2.00803e-05 0.0967653 0.0955565 0.000807499 0.00296516 
0.003325 0.00111369 0.000432784 0.211435 0.0119925 0.0217148 0.341053 0.000285009 0.177219 0.000461522 0.00958795 7.55421e-06 3.065e-07 0.0940842 0.122257 0.00497543 5.47668e-05 
3.78114e-05 0.0195187 1.09792e-05 0.000187564 0.129173 0.188883 0.302454 1.74118e-05 0.280102 4.4758e-05 6.24635e-06 5.88208e-05 6.75101e-10 2.70136e-05 0.0794732 5.14953e-06 2.28025e-10 
0.0189071 5.31853e-07 1.46483e-07 0.437057 0.0105712 0.00241096 0.488097 3.7617e-05 0.00625885 0.000735829 0.00103644 1.62451e-06 0.000121834 0.0251524 0.00961038 2.44122e-08 8.29707e-07 
4.59741e-07 1.18449e-07 5.64309e-08 0.000418901 0.0003489 0.0010553 0.99355 2.93842e-06 0.00226093 0.00159291 6.39893e-07 8.85737e-05 8.06664e-10 0.000530204 0.000149661 2.99671e-07 2.72462e-10 
0.0315319 5.37699e-08 9.39255e-08 0.0183945 0.0605273 0.0419481 0.27272 0.000160701 0.0997276 0.259697 3.83022e-08 0.000404494 8.06279e-07 0.0674384 0.14112 0.00481455 0.00151551 
0.0290733 0.00461492 3.02382e-05 0.0759714 0.148523 0.0877136 0.245862 0.00398662 0.142617 0.0818956 0.0274456 0.00423732 0.00922191 0.0650383 0.0307434 0.0389968 0.00402921 
0.000166988 9.96291e-11 0.000182972 0.00223251 0.010538 0.0400093 0.664622 0.00956841 6.98333e-07 0.0299068 7.09694e-11 0.00763922 1.6131e-06 0.00618822 0.225299 1.13727e-07 0.00364414 
0.000166988 9.96291e-11 0.000182972 0.00223251 0.010538 0.0400093 0.664622 0.00956841 6.98333e-07 0.0299068 7.09694e-11 0.00763922 1.6131e-06 0.00618822 0.225299 1.13727e-07 0.00364414 
0.104579 0.000256872 5.45426e-05 0.130484 0.00941289 0.208947 0.285127 0.00737537 0.17993 0.00199341 0.0021187 0.000181991 6.62525e-06 0.02912 0.0392567 0.00114499 9.87595e-06 
0.000227547 2.59065e-06 0.000239408 0.00267785 0.00109773 0.084338 0.876123 9.43077e-05 0.00459651 0.000697649 0.000109801 0.000106871 3.52103e-10 0.0222725 0.00610333 0.00128288 3.01733e-05 
0.00152244 0.00106538 2.82983e-05 0.0172358 0.00410222 0.0240838 0.74181 0.00364029 0.0366843 0.000526036 2.43736e-08 0.000230567 1.15293e-06 0.141047 0.0101984 0.0177607 6.42862e-05 
0.00112688 8.29068e-06 9.1455e-08 0.0564862 0.0317965 0.0483998 0.732537 3.25011e-05 0.0725832 0.00163321 0.00845934 6.75712e-06 2.20011e-10 0.0363678 0.0105555 6.88591e-06 2.93617e-08 
0.000601303 0.00046998 3.19289e-07 0.00908292 0.0109571 0.19157 0.349775 0.0145987 0.0983426 0.00120889 2.39924e-05 8.72284e-05 6.26315e-11 0.161238 0.14949 0.0125184 3.57873e-05 
0.00559304 0.0781 2.8071e-05 0.0282873 0.0200725 0.00948847 0.53436 0.000592835 0.0725661 0.00472066 0.0210044 0.0163178 4.61685e-07 0.0840133 0.12421 0.000504846 0.000140054 
0.0272331 6.63495e-05 7.46687e-05 0.0114203 0.0274781 0.0222855 0.733517 0.101977 0.0202056 0.00923219 0.000546386 3.98805e-05 5.48403e-09 0.0370391 0.00746081 0.00138809 3.59697e-05 
9.76086e-05 2.86447e-06 2.14905e-06 7.95732e-10 6.78577e-07 7.99135e-10 0.999026 1.11773e-05 7.83877e-07 1.35304e-05 1.66759e-05 4.49101e-09 3.52054e-09 0.000821851 4.29669e-06 2.26418e-06 2.4666e-07 
0.000166988 9.96291e-11 0.000182972 0.00223251 0.010538 0.0400093 0.664622 0.00956841 6.98333e-07 0.0299068 7.09694e-11 0.00763922 1.6131e-06 0.00618822 0.225299 1.13727e-07 0.00364414 
0.000166988 9.96291e-11 0.000182972 0.00223251 0.010538 0.0400093 0.664622 0.00956841 6.98333e-07 0.0299068 7.09694e-11 0.00763922 1.6131e-06 0.00618822 0.225299 1.13727e-07 0.00364414 
0.0332517 0.00039349 3.89804e-06 0.0631762 0.081366 0.0206637 0.460309 0.00225658 0.131326 0.0159823 0.0249237 0.00302666 0.000542674 0.0764757 0.0712772 0.0145151 0.000510364 
0.0156605 2.73617e-05 2.93317e-05 0.00575156 0.0195523 0.0844258 0.48999 0.000118191 0.0871017 0.00205714 0.000909062 0.000180667 4.96006e-09 0.275552 0.00433907 0.0142899 1.5062e-05 
1.05355e-05 0.000295863 4.20847e-06 2.58182e-05 0.0010705 0.0185672 0.974533 0.00429029 1.81087e-10 2.23745e-05 1.91594e-08 3.16758e-07 2.5096e-09 0.000129565 0.0010364 1.24207e-05 1.22856e-06 
0.00375177 0.000415683 0.00221984 0.115553 0.0146822 0.0129365 0.55674 0.000110924 0.0847279 0.00549931 0.100762 1.06847e-05 3.68716e-06 0.0290812 0.0624229 0.00436847 0.006714 
0.003032 0.00339497 0.000262814 0.227856 0.0335419 0.018914 0.607469 1.14405e-05 0.014577 0.0325579 4.1572e-07 6.96355e-06 5.50023e-06 0.0200823 0.0382851 3.46725e-07 2.41055e-06 
0.000810126 0.000142088 5.1261e-05 0.357619 0.0288091 0.0225391 0.500207 0.00118588 0.0228849 0.00275298 0.000332701 1.24976e-07 1.10418e-08 0.03346 0.0291221 8.2346e-05 1.88188e-06 
2.92248e-05 7.63357e-05 3.24597e-06 0.00172643 0.00735553 0.0865859 0.705221 9.30407e-06 0.0398029 0.00118289 7.71698e-05 1.02348e-06 8.02312e-07 0.153048 0.00481504 3.61207e-05 2.86842e-05 
0.00321581 0.000419227 4.32202e-05 0.0111838 0.0117289 0.198764 0.43845 0.0054706 0.045976 0.00116647 0.00106222 0.000359941 1.56043e-06 0.241142 0.0144294 0.0265725 1.51676e-05 
0.0109758 0.0151599 2.01276e-05 0.0142346 0.0112591 0.0677692 0.784841 0.004017 0.021371 0.0127345 0.000351675 0.00723323 0.000229361 0.0235945 0.0229995 0.00303086 0.000179049 
0.0062799 6.89514e-05 0.00271686 0.0932122 0.007653 0.0438777 0.496277 0.000721858 0.14188 0.00852839 0.0485972 0.000266788 7.92654e-06 0.0873125 0.037175 0.0254168 8.55113e-06 
0.00369663 0.00379159 0.00104433 0.0308352 0.0488862 0.141161 0.310943 0.0104295 0.156266 0.00775212 0.0117667 0.00596888 1.12353e-05 0.215869 0.0289565 0.0180169 0.00460518 
0.00018848 4.90185e-06 2.90582e-05 0.000101856 0.00649542 0.00188285 0.98381 0.00165285 0.000101265 0.000138503 1.08194e-08 7.84481e-06 5.69504e-09 0.00102523 0.00449073 6.72975e-05 3.82488e-06 
0.00197064 0.000172392 3.38233e-06 0.00112389 0.00036188 0.0211624 0.928455 0.000108513 0.0261959 0.000800919 0.000470387 7.6438e-06 4.37318e-06 0.0171889 0.00174647 0.000225769 1.23202e-06 
0.000166988 9.96291e-11 0.000182972 0.00223251 0.010538 0.0400093 0.664622 0.00956841 6.98333e-07 0.0299068 7.09694e-11 0.00763922 1.6131e-06 0.00618822 0.225299 1.13727e-07 0.00364414 
0.0494433 0.000968454 0.0722948 0.0767411 0.0253654 0.000435301 0.47033 0.000178057 0.162082 0.00897391 0.0965141 1.24191e-05 4.14232e-06 0.0366078 3.47015e-05 2.40725e-06 1.26624e-05 
3.64335e-05 5.95217e-06 2.27462e-06 0.000749574 0.0141808 0.022536 0.958149 1.01224e-05 5.66292e-06 0.00115834 4.4347e-06 1.47854e-06 2.48229e-08 0.00276054 0.000399456 9.05902e-09 2.76841e-09 
0.00140659 1.98328e-06 5.21852e-06 0.0447853 0.0131912 0.0944173 0.801362 2.65853e-05 0.0017056 0.00161516 8.55525e-09 0.00504508 1.59974e-08 0.00528701 0.0108299 0.0203043 1.69398e-05 
0.00062462 0.000106677 1.94359e-07 0.0560256 0.0250762 8.22159e-07 0.811251 1.2448e-09 0.0289655 0.00784264 0.0050842 1.58851e-06 6.24055e-07 0.0649704 3.48955e-06 2.93983e-05 1.66852e-05 
0.000791193 1.15731e-07 6.91288e-08 0.0160488 0.00242897 0.00830421 0.81614 3.60059e-07 0.117955 0.000666948 1.72632e-11 6.52739e-05 3.22803e-11 0.0308744 0.00621331 0.00043123 8.02224e-05 
0.0163967 0.00159565 6.85524e-08 0.0573689 0.0709161 0.0257783 0.698825 1.12326e-06 2.40212e-05 5.79039e-05 0.0015517 5.2121e-05 5.22732e-08 0.127246 0.000185404 6.36634e-07 1.7656e-08 
0.00260035 0.000246665 0.00026369 0.0780889 0.00706692 0.102489 0.581138 0.00105041 0.0911829 5.59982e-05 0.0313256 0.000145466 6.07414e-06 0.0497518 0.00337475 0.0490642 0.00214953 
0.000303501 6.06513e-08 2.21512e-05 0.0742863 0.0152747 0.0714242 0.798256 6.74373e-05 0.0197733 0.00164264 0.000367181 3.72025e-08 4.63217e-05 0.00657965 0.00864673 0.00330938 2.0249e-07 
0.0013709 0.000836292 8.10489e-06 0.0102385 0.00525013 0.0572472 0.850671 0.00128755 0.0206174 0.0192672 0.000381497 0.00163996 2.47628e-06 0.0236027 0.00364161 0.0039219 1.54083e-05 
0.0115098 0.000730813 9.52354e-07 0.00841337 0.146068 0.172446 0.496237 0.0322313 0.0132881 0.000893139 1.57322e-08 0.000117927 0.00019775 0.077224 0.0042207 0.0364206 1.3429e-07 
0.0284195 6.7698e-05 0.0101217 0.0876533 0.0126867 0.00824719 0.287604 0.00070581 0.196465 0.00180911 0.00483353 0.00120538 5.26584e-07 0.161923 0.197176 0.000128935 0.000953798 
0.0804891 0.00244164 1.0397e-06 0.0412193 0.0355107 0.0119095 0.40835 0.000275474 0.0625735 0.0270195 0.00766507 0.000444466 4.95431e-09 0.0175041 0.29785 0.00674526 8.60082e-07 
0.00113971 6.8796e-05 0.000295327 0.0362081 0.00139059 0.0793397 0.647057 3.0285e-05 0.110178 0.00116329 0.0380919 0.000384927 6.66491e-05 0.056738 0.0277944 3.03836e-05 2.30994e-05 
0.0156605 2.73617e-05 2.93317e-05 0.00575156 0.0195523 0.0844258 0.48999 0.000118191 0.0871017 0.00205714 0.000909062 0.000180667 4.96006e-09 0.275552 0.00433907 0.0142899 1.5062e-05 
0.00153784 0.00102685 2.78752e-05 0.0173959 0.00404574 0.0237732 0.750764 0.00361953 0.0337481 0.000507374 1.86924e-08 0.000222094 8.53928e-07 0.137087 0.0100477 0.0161316 6.39279e-05 
0.029036 0.00112536 1.76616e-07 0.0161502 0.0641437 0.0072889 0.807137 0.0001806 0.0334215 0.000422855 0.00105425 0.000157085 0.000685956 0.0320858 0.00710871 2.11543e-06 8.86694e-08 
0.000166988 9.96291e-11 0.000182972 0.00223251 0.010538 0.0400093 0.664622 0.00956841 6.98333e-07 0.0299068 7.09694e-11 0.00763922 1.6131e-06 0.00618822 0.225299 1.13727e-07 0.00364414 
0.0267691 0.0103415 0.000159143 0.0768593 0.189083 0.0101056 0.335051 0.00513056 0.145233 0.00843557 0.0101684 0.00200264 5.85839e-06 0.131024 0.0264582 0.0230919 8.02754e-05 
0.0120511 0.00817102 1.25224e-07 0.106984 0.0561668 0.0712474 0.250353 4.58178e-07 0.213745 0.159043 0.00195808 4.51102e-06 3.08386e-07 0.0530588 0.0567186 0.010472 2.56886e-05 
0.0242311 0.00022439 0.00789571 0.0761306 0.0072143 1.48415e-06 0.771556 0.000152751 0.0490206 0.00042948 0.00110099 0.000734337 1.34171e-09 0.0523291 0.00885191 1.19762e-07 0.000127442 
0.162739 0.000507584 1.19566e-06 0.10307 0.00371969 0.0541425 0.198543 0.000322921 0.159179 0.0754597 0.130664 5.72284e-06 1.56696e-08 0.0373411 0.0701015 0.0042009 3.2222e-06 
0.00643435 0.000203366 0.00201689 0.0173639 0.0452262 0.197635 0.415152 0.00301235 0.0266827 0.00331032 0.00512552 0.000521746 0.000526669 0.0494284 0.20723 0.0147118 0.0054191 
0.0022571 0.0016616 7.08266e-05 0.0363214 0.0272542 0.0320077 0.637915 0.0122735 0.060252 0.0113681 0.00427412 0.000481114 0.000774648 0.0746703 0.0962884 0.00137785 0.000752126 
0.000550182 0.0887526 3.687e-05 0.0473014 0.00537726 0.0841054 0.360777 0.000628221 0.0552617 0.00674903 0.000263268 0.000285576 1.51379e-06 0.282302 0.0540442 0.0134141 0.000149875 
0.00323898 1.80169e-05 0.000250305 0.17616 0.00649506 0.00647014 0.691524 0.000539164 0.0477322 0.000683936 0.017069 8.58108e-06 0.0053589 0.015412 0.0290299 1.70764e-06 8.05844e-06 
0.0135318 0.000770578 0.000142564 0.0363346 0.0137415 0.158332 0.350956 0.0016964 0.0966017 0.00336679 0.00212473 0.00035348 0.00108483 0.306147 0.0139042 0.000886972 2.48476e-05 
0.009957 3.54573e-05 8.8449e-06 0.00775668 0.0098685 0.0598974 0.804035 0.000457517 0.0401109 0.00783792 0.000626793 0.000261634 1.148e-06 0.0383271 0.0087767 0.0120269 1.42636e-05 
0.001099 0.000965667 3.83447e-05 0.0608224 0.0204741 0.0860057 0.616659 0.000125003 0.141504 0.000262874 0.00314043 3.90155e-06 5.86254e-11 0.0404456 0.0282911 0.000124974 3.8162e-05 
0.185666 0.00038949 1.37494e-05 0.0547744 0.0355484 0.0324772 0.325511 0.000493192 0.101801 0.000596994 0.0240462 7.26821e-06 0.00656774 0.190032 0.0314915 5.96036e-05 0.0105242 
0.000623834 2.46713e-08 0.000421736 0.0210839 0.0312797 0.0890814 0.344513 0.00126937 0.0348275 0.0239267 0.00160242 0.000384126 0.212309 0.0853451 0.152127 0.000751109 0.000453592 
0.00263612 0.000448872 2.69597e-05 0.0387818 0.0143516 0.0201358 0.840075 0.00119002 0.0473387 0.00383927 0.00527922 7.26666e-05 2.34572e-07 0.0114154 0.00480546 0.00959988 3.20476e-06 
0.00675625 5.5937e-06 1.36815e-09 0.0569146 0.076533 0.255128 0.470374 0.000893546 0.0289494 0.0283213 0.000453842 0.00813512 1.04325e-09 0.064193 3.02007e-05 0.00331107 7.54966e-07 
0.000922604 0.000896683 2.21614e-06 0.0329738 0.0369218 0.0065847 0.810099 2.32585e-07 0.041388 0.0176918 0.0056087 0.0366059 7.11091e-08 0.00826335 9.61361e-05 0.00193866 6.4394e-06 
0.00807752 4.3095e-05 5.50857e-05 0.0477732 0.0248201 0.000529579 0.655077 0.000868268 0.00229378 0.000505213 0.000278507 1.40128e-05 0.000878476 0.0391059 0.000334782 6.36147e-06 0.21934 
0.00272813 0.0353281 0.0024236 0.104439 0.0134884 0.0132717 0.4604 0.000872433 0.0998356 0.00504905 0.0621374 0.00107904 2.57475e-05 0.049697 0.143343 0.00465673 0.00122562 
0.131554 0.000292382 4.18057e-08 0.208996 0.0152137 0.0113531 0.380924 0.000651119 0.118732 0.00697514 0.0749522 0.027078 2.45107e-06 0.0144981 0.00844834 0.000313672 1.57193e-05 
0.00982426 0.0718173 1.53553e-05 0.10616 0.0325225 0.0276433 0.435088 0.000706632 0.218389 0.00301838 0.0114148 2.08287e-05 5.63925e-08 0.0328135 0.0153948 0.0162128 0.0189579 
0.0149055 2.93964e-05 2.14852e-05 0.114594 0.0139143 0.00587594 0.45089 0.00201924 0.222635 6.02196e-05 0.000999698 0.000356783 3.37119e-08 0.172031 0.00158149 8.33001e-05 2.08491e-06 
0.00296991 0.00268464 4.42941e-05 0.0183735 0.0226129 0.0365096 0.696776 0.00641616 0.0414959 0.00357774 0.00342316 0.000884573 4.2015e-05 0.0897007 0.0731283 0.00129655 6.38226e-05 
0.00113701 3.33833e-05 2.86944e-06 0.0434124 0.00331868 0.0401741 0.777212 0.000490404 0.0532818 0.000877801 0.0069204 2.94875e-05 7.12772e-07 0.0597759 0.0091393 0.00380398 0.000389439 
0.000166988 9.96291e-11 0.000182972 0.00223251 0.010538 0.0400093 0.664622 0.00956841 6.98333e-07 0.0299068 7.09694e-11 0.00763922 1.6131e-06 0.00618822 0.225299 1.13727e-07 0.00364414 
0.00779944 0.00331308 9.04365e-05 0.059406 0.0349614 0.0785716 0.459336 0.00483375 0.13875 0.0125018 0.00471418 0.00532391 0.000102547 0.120128 0.0531944 0.0137676 0.00320639 
0.0242311 0.00022439 0.00789571 0.0761306 0.0072143 1.48415e-06 0.771556 0.000152751 0.0490206 0.00042948 0.00110099 0.000734337 1.34171e-09 0.0523291 0.00885191 1.19762e-07 0.000127442 
0.00477946 0.00171138 4.50473e-07 0.0359044 0.0555899 0.252715 0.378648 0.00117202 0.0754116 0.00620118 0.000920454 9.26279e-05 5.34038e-06 0.123249 0.00770913 0.0558528 3.77267e-05 
0.0415214 0.00193018 2.61432e-07 0.0292126 0.176153 0.00643458 0.63163 0.0148069 0.0669009 0.00256355 0.000371717 8.496e-10 2.44593e-07 0.0152824 0.0109892 0.00219192 1.07968e-05 
0.00093726 0.0377257 2.09566e-05 0.0235924 0.0288645 0.0142529 0.31335 0.00745963 0.157883 0.0108097 1.72747e-05 0.00191765 7.85607e-05 0.174791 0.112997 0.11453 0.000773639 
0.000601303 0.00046998 3.19289e-07 0.00908292 0.0109571 0.19157 0.349775 0.0145987 0.0983426 0.00120889 2.39924e-05 8.72284e-05 6.26315e-11 0.161238 0.14949 0.0125184 3.57873e-05 
0.00426515 0.000762363 0.000109416 0.0212743 0.00950362 0.0227055 0.840469 0.00031095 0.0367001 0.0182332 0.00629631 0.000256206 4.55495e-05 0.0117376 0.0250753 0.00205432 0.000200875 
0.00862302 0.000694683 8.72923e-06 0.0307441 0.0116753 0.076622 0.540383 0.000182838 0.239638 0.0082652 0.0188972 0.000815198 4.06225e-08 0.0395122 0.0175904 0.00632043 2.75266e-05 
0.000525268 3.70673e-06 1.18889e-07 0.00150396 0.0101994 0.0841533 0.890343 9.2289e-05 0.00365283 6.45741e-05 0.000635462 1.02995e-05 4.65012e-06 0.00445986 0.00177852 0.00257136 1.47371e-06 
0.000166988 9.96291e-11 0.000182972 0.00223251 0.010538 0.0400093 0.664622 0.00956841 6.98333e-07 0.0299068 7.09694e-11 0.00763922 1.6131e-06 0.00618822 0.225299 1.13727e-07 0.00364414 
0.00726739 0.000539403 2.9333e-05 0.0106609 0.0341795 0.0506227 0.711458 0.00115928 0.0737344 0.0330637 0.013347 0.00164631 0.000208854 0.0320024 0.0257388 0.00430592 3.60722e-05 
0.000810126 0.000142088 5.1261e-05 0.357619 0.0288091 0.0225391 0.500207 0.00118588 0.0228849 0.00275298 0.000332701 1.24976e-07 1.10418e-08 0.03346 0.0291221 8.2346e-05 1.88188e-06 
0.0197307 0.000560302 0.000292277 0.128355 0.0823984 0.0181967 0.401222 0.00172105 0.146949 0.0470611 0.00772732 7.14061e-05 0.0011171 0.109626 0.029982 0.00492191 6.8976e-05 
1.41192e-06 1.65016e-06 4.03718e-07 0.0394981 0.094272 0.302551 0.516312 2.22732e-07 0.0436545 3.69092e-07 7.83595e-11 0.00369884 1.46524e-10 5.8688e-06 2.2572e-06 1.19451e-06 4.94904e-11 
0.0494234 0.00499097 0.0912356 0.00178482 0.193793 0.151402 0.225474 0.0176676 0.056463 0.0869418 0.00036561 0.000561056 8.96908e-07 0.0507307 0.0583301 0.0108326 2.82052e-06 
0.00371766 3.99616e-06 0.000204999 0.0164287 0.0844251 0.201266 0.517762 0.025604 0.0671502 0.00243201 0.00151898 0.00223745 2.17848e-06 0.0625435 0.00516284 0.0095388 9.63251e-07 
0.000166988 9.96291e-11 0.000182972 0.00223251 0.010538 0.0400093 0.664622 0.00956841 6.98333e-07 0.0299068 7.09694e-11 0.00763922 1.6131e-06 0.00618822 0.225299 1.13727e-07 0.00364414 
0.00986869 0.000529096 0.000133569 0.0465502 0.0235423 0.0539578 0.432648 0.00146427 0.145688 0.00327351 0.00984187 0.000115695 1.42699e-05 0.223804 0.0462486 0.0020629 0.000257601 
