0.000411063 0.000127092 1.09969e-05 4.85844e-05 0.674361 0.0052518 0.0156625 3.7291e-06 0.000241567 0.00237935 5.89689e-06 0.264293 0.000119355 0.0292214 0.000152752 0.00770231 7.63561e-06 
7.10642e-05 0.997333 3.21435e-08 0.000297156 8.18186e-05 0.000384013 8.51637e-05 4.90146e-09 5.77184e-05 7.7779e-05 1.96424e-08 0.00014753 2.63298e-07 0.000430927 0.000705051 0.000130901 0.000197282 
0.0219716 0.000324914 3.88874e-10 0.000237641 0.0236735 0.00890142 0.00330434 1.2875e-10 0.0573363 0.000146131 1.80176e-06 0.113853 5.99728e-08 0.766168 0.00402383 2.03156e-07 5.74079e-05 
0.0205098 2.36137e-07 4.12713e-10 9.82008e-08 0.0352474 0.00304815 0.0297336 1.36643e-10 0.0657576 0.000259001 0.00337827 0.130136 3.14706e-10 0.711926 1.70094e-06 1.62826e-06 3.61528e-07 
2.353e-06 4.3437e-10 7.58759e-10 0.000392855 9.84618e-07 2.59081e-07 0.000385873 2.51213e-10 0.000689676 0.983098 3.09417e-10 6.78527e-07 5.78577e-10 0.011971 2.86248e-05 4.0656e-07 0.00342942 
0.00574924 0.804516 1.44101e-05 0.00979319 0.0123249 0.00655615 0.00556747 2.00523e-10 0.0201316 0.102224 5.48868e-05 0.0053014 1.72471e-07 0.0244414 0.00326902 3.5956e-05 2.01809e-05 
2.353e-06 4.3437e-10 7.58759e-10 0.000392855 9.84618e-07 2.59081e-07 0.000385873 2.51213e-10 0.000689676 0.983098 3.09417e-10 6.78527e-07 5.78577e-10 0.011971 2.86248e-05 4.0656e-07 0.00342942 
0.000145489 0.000102299 7.37957e-07 0.0156548 0.011524 0.0108427 0.781415 2.34337e-07 0.0784272 0.0127991 0.00213506 0.000254962 1.78438e-06 0.0198569 0.065815 0.000958209 6.64993e-05 
0.000447837 4.90939e-05 1.58901e-11 0.00385677 0.048387 0.192201 0.000589082 5.26095e-12 0.359517 0.00189101 0.00619144 0.00121745 1.21166e-11 0.381442 0.00101578 0.00316752 2.66133e-05 
4.09597e-06 0.999405 8.00805e-10 1.42543e-05 4.31469e-06 0.000131562 1.22649e-10 4.59756e-13 0.000151898 5.39501e-05 4.48656e-06 8.08937e-07 1.05888e-12 6.61742e-06 6.29036e-05 0.000101808 5.80694e-05 
0.00166079 8.63467e-11 3.00169e-06 0.001724 0.0362795 0.0185514 1.63367e-07 4.99377e-11 6.48163e-07 0.935631 0.00331139 1.46718e-10 2.18639e-07 0.00283424 2.45961e-06 6.71178e-07 1.86506e-07 
0.0622222 1.28411e-08 2.24309e-08 0.0887389 0.00203188 2.44987e-06 0.528552 7.42653e-09 0.0902344 5.26934e-06 0.0771108 5.29783e-05 3.33815e-06 0.0137716 0.135129 0.00214421 1.12844e-06 
2.353e-06 4.3437e-10 7.58759e-10 0.000392855 9.84618e-07 2.59081e-07 0.000385873 2.51213e-10 0.000689676 0.983098 3.09417e-10 6.78527e-07 5.78577e-10 0.011971 2.86248e-05 4.0656e-07 0.00342942 
0.00595998 0.00228252 0.00655581 0.0567524 0.0323252 0.0825876 0.020351 0.00179092 0.166481 0.103916 0.00330319 0.013984 0.00280405 0.0539863 0.426743 0.0172339 0.00294215 
0.0095349 1.68832e-05 0.000448495 5.18936e-05 0.00112377 0.00309684 0.0073223 1.54186e-05 0.00814198 0.00212218 0.94559 9.04454e-05 0.000608555 0.00309269 0.0182658 0.000398057 7.94974e-05 
0.000202104 0.00634622 0.00023651 0.0392145 0.00135431 0.0504736 0.0339302 2.91125e-06 0.00814326 0.812626 0.0209191 3.31213e-06 0.00061967 0.00482099 0.0121837 0.0089187 5.12253e-06 
2.353e-06 4.3437e-10 7.58759e-10 0.000392855 9.84618e-07 2.59081e-07 0.000385873 2.51213e-10 0.000689676 0.983098 3.09417e-10 6.78527e-07 5.78577e-10 0.011971 2.86248e-05 4.0656e-07 0.00342942 
0.00666474 0.325463 0.00441126 0.00417577 0.0328584 0.180834 3.41191e-08 2.43511e-11 0.056611 0.16162 1.75234e-05 0.000869703 6.59314e-08 0.0382313 0.118223 0.0668897 0.00313033 
0.001717 0.000459947 4.39082e-05 0.00390144 0.00336181 0.00931713 0.0876306 2.89531e-06 0.00551586 0.862481 9.61204e-05 8.50646e-06 6.66828e-06 0.00786122 0.0174735 4.87107e-05 7.42084e-05 
3.86948e-06 9.25477e-06 3.22145e-09 0.0184466 0.0758795 0.101309 0.0426455 1.06657e-09 0.358576 0.355408 2.15705e-05 1.61733e-06 2.45645e-09 0.00417277 0.0307288 0.0117231 0.00107404 
0.00368476 9.15532e-05 2.28989e-06 0.00743229 0.0448145 0.292519 0.0172143 3.26707e-07 0.0483346 0.235844 9.21981e-07 0.0608467 0.0200735 0.170789 0.0189203 0.0791782 0.000253088 
2.353e-06 4.3437e-10 7.58759e-10 0.000392855 9.84618e-07 2.59081e-07 0.000385873 2.51213e-10 0.000689676 0.983098 3.09417e-10 6.78527e-07 5.78577e-10 0.011971 2.86248e-05 4.0656e-07 0.00342942 
1.50724e-05 5.55439e-05 5.48972e-08 0.000370589 0.0250254 0.25418 4.02899e-05 1.81756e-08 0.272029 0.120565 5.39694e-05 5.34002e-08 0.0155945 0.287881 0.0241769 7.94599e-06 4.32018e-06 
0.0145445 0.329999 0.000107894 0.0192172 0.0512447 0.00809658 1.90773e-07 1.27575e-08 0.00602146 0.503191 4.65044e-06 0.00444353 2.93823e-08 0.0238556 0.0264541 0.00839224 0.00442711 
0.0053464 2.64746e-11 4.6246e-11 6.58376e-07 0.0430004 3.96239e-07 0.00062202 1.53113e-11 0.00228527 0.0134957 1.05989e-06 0.913191 3.17729e-08 0.0220537 6.87248e-08 2.69826e-08 3.23025e-06 
0.0103612 0.0905469 0.000431905 0.151902 0.00412471 0.00316337 0.0337503 1.88496e-05 0.111477 0.120978 0.354324 0.000886337 0.00026524 0.021433 0.0905096 0.00558256 0.000244673 
2.353e-06 4.3437e-10 7.58759e-10 0.000392855 9.84618e-07 2.59081e-07 0.000385873 2.51213e-10 0.000689676 0.983098 3.09417e-10 6.78527e-07 5.78577e-10 0.011971 2.86248e-05 4.0656e-07 0.00342942 
0.00381213 0.0169022 0.0165298 0.0248291 0.0158638 0.00797106 0.019223 0.00177937 0.10662 0.0458476 0.0226106 0.00240531 0.00277197 0.0206833 0.538295 0.034994 0.118862 
0.0595932 0.344667 2.05534e-06 0.000385074 0.000127106 0.0622912 0.0310385 6.80492e-07 0.000106602 0.396091 3.9768e-05 0.000104249 1.56726e-06 0.000414575 0.0949859 0.0100827 6.90092e-05 
0.000650822 5.67974e-06 1.29965e-05 0.00760292 0.00341607 0.00116877 0.000385175 1.13693e-09 0.0726013 0.53617 0.162314 3.34032e-09 2.6185e-09 0.00664556 0.209025 4.78593e-07 9.44719e-07 
2.36906e-06 1.7423e-10 3.04346e-10 6.97697e-07 3.49914e-06 1.81163e-05 2.45035e-06 1.00764e-10 0.259533 1.05221e-06 1.24111e-10 1.2733e-06 4.87586e-07 0.740434 1.91816e-06 1.65862e-06 1.41173e-07 
0.0104327 0.00695226 0.00560833 0.405316 0.0318243 0.0298978 0.0376991 0.000476254 0.082797 0.0128397 0.0440362 0.000628542 0.00407292 0.162832 0.154299 0.00465789 0.00563024 
0.0582402 3.14462e-06 0.00179011 0.0222715 0.0205323 0.0010322 0.00816127 1.51669e-06 0.0546895 0.578662 0.000341588 0.0202949 6.65397e-06 0.176235 0.0574626 0.000264066 1.07883e-05 
0.00232445 9.9678e-07 6.91446e-10 0.0551127 0.00155557 0.158623 0.000402513 2.28927e-10 0.325627 0.130763 1.03181e-06 6.7259e-10 5.27248e-10 0.10337 0.221979 8.24756e-07 0.000239589 
0.000447837 4.90939e-05 1.58901e-11 0.00385677 0.048387 0.192201 0.000589082 5.26095e-12 0.359517 0.00189101 0.00619144 0.00121745 1.21166e-11 0.381442 0.00101578 0.00316752 2.66133e-05 
0.00698549 1.52352e-06 0.000411327 0.000910818 0.056026 0.0168139 3.6315e-07 1.10354e-07 0.00861158 0.88217 0.0013232 0.0107391 1.89486e-07 0.00296219 0.011997 0.000195068 0.000852525 
0.202599 1.53181e-06 0.0010726 0.0902705 0.00473413 0.00729729 0.0155762 2.44528e-07 0.0275616 0.0749615 0.0100723 1.08103e-05 2.11042e-06 0.0118307 0.531046 2.75645e-05 0.0229363 
0.0426885 4.03834e-06 2.95296e-07 0.0519042 0.356612 0.0203972 5.73491e-05 9.7768e-08 0.0153286 0.470094 5.60027e-05 0.0275814 3.04068e-05 0.000133072 0.0135235 4.16806e-05 0.00154728 
0.000484174 0.00735878 6.72085e-08 0.000860231 0.0185507 0.00233163 2.29931e-05 2.22517e-08 0.181248 0.77592 2.74072e-08 6.53757e-08 0.000507611 0.005103 0.0072415 0.000362998 8.17448e-06 
2.353e-06 4.3437e-10 7.58759e-10 0.000392855 9.84618e-07 2.59081e-07 0.000385873 2.51213e-10 0.000689676 0.983098 3.09417e-10 6.78527e-07 5.78577e-10 0.011971 2.86248e-05 4.0656e-07 0.00342942 
0.0176268 3.85669e-06 4.35189e-07 0.107302 0.00139832 0.00014802 0.000814042 1.76012e-09 0.713693 0.00402115 0.0978678 8.55816e-06 4.05378e-09 0.0372117 0.019893 5.74376e-06 4.826e-06 
6.16628e-07 0.998656 1.97424e-08 0.000139622 4.31458e-06 0.000268011 4.32308e-06 4.19559e-13 0.000158164 0.000249987 1.61356e-08 2.52099e-06 4.81441e-10 4.6594e-05 0.000228434 0.000121936 0.00011955 
0.0197338 0.0642617 0.00110939 0.186992 0.0316333 0.0500315 0.0249611 0.000820521 0.136229 0.0287102 0.011744 0.00304644 0.00207757 0.0992979 0.33674 0.00118261 0.00142926 
0.000768395 0.000640907 0.14128 0.0305883 0.0183765 0.00863389 0.0115518 0.000612081 0.112425 0.0644984 0.152495 0.00409532 0.00327935 0.00815981 0.431216 0.0094093 0.00196979 
0.00159339 0.00227066 4.08278e-08 0.0044727 0.00859816 0.486903 0.00222097 1.46725e-08 0.31465 0.00537285 0.00100432 0.000296444 2.26191e-08 0.157697 0.00971993 0.00515969 4.06943e-05 
0.0340817 4.6391e-06 7.57275e-10 0.262431 1.95952e-06 6.44906e-06 0.0307952 2.50722e-10 4.28794e-05 0.619564 1.32793e-05 7.36624e-10 1.55968e-06 0.051311 1.03409e-05 7.78427e-05 0.00165899 
7.10642e-05 0.997333 3.21435e-08 0.000297156 8.18186e-05 0.000384013 8.51637e-05 4.90146e-09 5.77184e-05 7.7779e-05 1.96424e-08 0.00014753 2.63298e-07 0.000430927 0.000705051 0.000130901 0.000197282 
6.16628e-07 0.998656 1.97424e-08 0.000139622 4.31458e-06 0.000268011 4.32308e-06 4.19559e-13 0.000158164 0.000249987 1.61356e-08 2.52099e-06 4.81441e-10 4.6594e-05 0.000228434 0.000121936 0.00011955 
4.49652e-05 1.53104e-07 2.67443e-07 0.0981919 0.00743897 0.0747454 0.00047467 8.8546e-08 0.00376183 0.812661 0.00177044 1.31553e-05 2.03933e-07 0.000536471 2.9893e-05 8.98672e-06 0.000321628 
0.0145079 0.00543649 0.00433737 0.00642958 0.0346019 0.215726 0.00518351 0.00106792 0.124024 0.405373 0.00413049 0.00181877 0.00371875 0.130606 0.0337196 0.0079612 0.00135781 
0.0837756 0.0628647 0.050768 0.115004 0.00770122 0.00782017 0.0272468 2.08948e-07 0.10538 0.184957 0.0285862 0.000952991 5.77504e-05 0.00617821 0.305625 0.00958719 0.00349421 
0.0060168 0.00378451 0.000317636 0.790854 0.0164203 0.00507555 0.0515077 3.41624e-05 0.020925 0.0257601 0.00672311 0.00028744 0.00291094 0.00973233 0.0340481 0.0141936 0.0114085 
2.353e-06 4.3437e-10 7.58759e-10 0.000392855 9.84618e-07 2.59081e-07 0.000385873 2.51213e-10 0.000689676 0.983098 3.09417e-10 6.78527e-07 5.78577e-10 0.011971 2.86248e-05 4.0656e-07 0.00342942 
0.0398947 6.98181e-05 3.42305e-05 0.00531516 0.10487 3.03102e-05 0.00631062 2.14275e-09 0.0259099 0.630338 4.64244e-05 0.00793521 4.93504e-09 0.170254 0.00887409 9.34665e-06 0.000108249 
0.00159339 0.00227066 4.08278e-08 0.0044727 0.00859816 0.486903 0.00222097 1.46725e-08 0.31465 0.00537285 0.00100432 0.000296444 2.26191e-08 0.157697 0.00971993 0.00515969 4.06943e-05 
0.0102999 0.411817 0.00376916 0.0261324 0.139672 0.00533445 0.0143976 2.78394e-06 0.0287186 0.214201 0.000167381 0.00292554 0.00042707 0.124525 0.0167747 0.000728435 0.000106517 
0.00340221 1.55354e-07 0.00160771 0.103683 0.055675 1.08578e-05 0.488834 8.98475e-08 0.0243542 0.0174417 0.00315155 2.63973e-07 0.00858069 0.228208 0.0650145 2.11372e-05 1.49947e-05 
0.0121156 0.000395915 0.0035651 1.91484e-07 0.10823 0.386324 0.00168366 1.90137e-07 0.0942214 0.0771194 0.000264773 0.00255528 5.70733e-05 0.224572 0.0863253 0.00256318 6.85935e-06 
0.00244608 0.00104645 1.19959e-06 6.83049e-05 0.0167684 7.29852e-06 0.0299743 4.89063e-07 0.0033548 0.902784 2.2787e-05 0.00989181 1.0988e-05 0.0283952 0.00177213 0.00336982 8.63436e-05 
0.674381 0.0090661 2.87888e-06 0.0160767 0.00826878 0.0742474 0.00969196 9.53153e-07 0.111262 0.0442339 1.17399e-06 2.80038e-06 2.19523e-06 0.0185452 0.0311623 0.000384304 0.00267003 
0.00265838 0.000334305 3.7734e-05 0.00253216 0.00296484 0.000269521 0.00142039 2.07872e-08 0.00400284 0.970535 0.00084238 0.00156353 4.78756e-08 0.00513901 0.000838861 0.00659723 0.000263597 
7.10642e-05 0.997333 3.21435e-08 0.000297156 8.18186e-05 0.000384013 8.51637e-05 4.90146e-09 5.77184e-05 7.7779e-05 1.96424e-08 0.00014753 2.63298e-07 0.000430927 0.000705051 0.000130901 0.000197282 
4.26411e-05 0.998392 1.9405e-08 0.000178296 4.90922e-05 0.000230411 5.11022e-05 4.06362e-09 3.81567e-05 4.66695e-05 1.20407e-08 8.85263e-05 1.58153e-07 0.000258558 0.00042773 7.85444e-05 0.000118372 
0.0218143 3.93657e-05 1.16796e-11 0.0937135 0.000863263 0.00402163 0.00614613 3.86694e-12 0.381507 3.62966e-09 0.00939292 1.13611e-11 6.82987e-08 0.481755 0.000617904 0.000108876 2.05404e-05 
0.00435266 8.71657e-09 1.44561e-05 0.501291 0.0108013 0.00256402 0.0144129 5.04114e-09 0.181924 0.00125474 0.0234905 0.0585515 9.62595e-08 0.192388 0.00890973 1.08115e-05 3.42691e-05 
0.00500284 1.16342e-05 0.000702939 0.000582508 0.00190367 0.0505778 8.94206e-05 3.85205e-08 0.0132085 0.0532434 0.000527539 0.019673 8.87176e-08 0.0167334 0.834053 0.00365947 3.08017e-05 
0.159314 0.000294188 0.00174586 0.339655 0.00191418 0.00430417 0.0496681 7.30579e-07 0.0352466 0.100555 0.0219354 0.0176102 1.01121e-06 0.227499 0.0395341 1.26325e-06 0.000721427 
2.353e-06 4.3437e-10 7.58759e-10 0.000392855 9.84618e-07 2.59081e-07 0.000385873 2.51213e-10 0.000689676 0.983098 3.09417e-10 6.78527e-07 5.78577e-10 0.011971 2.86248e-05 4.0656e-07 0.00342942 
8.9325e-05 0.00010275 1.69156e-06 0.000124504 0.000215652 0.00563788 0.710414 5.60048e-07 5.84389e-05 0.221777 6.89806e-07 1.64543e-06 0.00177491 0.058688 0.0010198 5.0018e-05 4.29561e-05 
0.0219401 0.0167774 0.000541849 0.0441413 0.0262962 0.00142159 0.00721077 0.000319985 0.272167 0.278613 0.0598951 0.0315532 0.00199916 0.0819683 0.129616 0.0251191 0.000419604 
6.14849e-06 0.999063 4.72051e-10 6.57681e-05 4.12068e-05 5.64926e-05 7.22402e-11 3.90622e-14 7.99279e-05 1.80052e-05 4.85938e-12 8.05843e-06 8.99652e-14 6.61468e-05 0.000275252 0.000252529 6.78103e-05 
0.00110569 0.668737 3.52772e-05 0.00626758 0.0199437 0.0148712 0.000433342 9.86441e-08 0.0541036 0.129766 0.00621324 0.00191996 5.22876e-07 0.00725694 0.0883202 0.000866048 0.000159189 
2.353e-06 4.3437e-10 7.58759e-10 0.000392855 9.84618e-07 2.59081e-07 0.000385873 2.51213e-10 0.000689676 0.983098 3.09417e-10 6.78527e-07 5.78577e-10 0.011971 2.86248e-05 4.0656e-07 0.00342942 
0.00131894 0.000913226 0.00154535 0.00817339 0.0029515 0.0348404 0.00336572 0.000231928 0.0347191 0.0482918 0.0179103 0.000496578 0.0905299 0.0185415 0.117292 0.000496898 0.618382 
0.0093616 0.0032682 0.00774636 0.0395125 0.022178 0.00538063 0.00529099 0.00106201 0.0378499 0.0854058 0.00232767 0.00280997 0.00115657 0.0097705 0.695866 0.0135267 0.0574862 
7.10642e-05 0.997333 3.21435e-08 0.000297156 8.18186e-05 0.000384013 8.51637e-05 4.90146e-09 5.77184e-05 7.7779e-05 1.96424e-08 0.00014753 2.63298e-07 0.000430927 0.000705051 0.000130901 0.000197282 
0.00976755 0.00010114 0.000414166 0.0266161 0.00432612 0.0652291 0.0410757 5.22136e-05 0.0830201 0.529216 0.00166892 0.000183779 0.056027 0.0182013 0.163327 0.000119864 0.000653507 
0.00109314 0.0192111 0.000414352 0.0165218 0.0181388 0.0124649 7.63619e-05 1.02867e-07 0.0244326 0.117797 0.752874 0.000213255 1.58524e-07 0.0136457 0.0224724 7.03405e-07 0.000643575 
0.00053173 1.06848e-05 0.0214441 0.0489106 0.0122002 0.0279796 0.00100991 6.65674e-06 0.175879 0.156028 0.000326974 2.41829e-05 8.1889e-06 0.0640086 0.402265 0.00715691 0.0822089 
2.36906e-06 1.7423e-10 3.04346e-10 6.97697e-07 3.49914e-06 1.81163e-05 2.45035e-06 1.00764e-10 0.259533 1.05221e-06 1.24111e-10 1.2733e-06 4.87586e-07 0.740434 1.91816e-06 1.65862e-06 1.41173e-07 
2.353e-06 4.3437e-10 7.58759e-10 0.000392855 9.84618e-07 2.59081e-07 0.000385873 2.51213e-10 0.000689676 0.983098 3.09417e-10 6.78527e-07 5.78577e-10 0.011971 2.86248e-05 4.0656e-07 0.00342942 
0.000733177 0.00361939 1.70355e-05 0.19329 1.91299e-05 0.000111781 3.41859e-05 1.40481e-07 0.00239243 0.000365317 0.0001492 4.12736e-07 3.23547e-07 0.799155 0.000105423 6.86017e-07 6.457e-06 
0.00992632 3.00789e-11 8.72859e-08 0.0312105 0.00699237 0.0302499 0.0080983 1.73958e-11 0.820293 0.0101605 2.14263e-11 5.47491e-05 3.01432e-08 0.0776463 0.0051394 0.000185369 4.27576e-05 
0.000308085 3.54609e-12 3.07815e-05 0.00964192 9.70225e-08 0.0186704 0.00263558 2.05084e-12 0.237408 0.000402565 2.19789e-08 4.15813e-08 1.2234e-07 0.00880598 0.721565 0.000530778 1.62745e-08 
7.10642e-05 0.997333 3.21435e-08 0.000297156 8.18186e-05 0.000384013 8.51637e-05 4.90146e-09 5.77184e-05 7.7779e-05 1.96424e-08 0.00014753 2.63298e-07 0.000430927 0.000705051 0.000130901 0.000197282 
0.0212381 0.000107241 0.00032779 0.0798733 0.0369847 0.0125026 0.0126487 5.16196e-08 0.318304 0.00656014 0.0196941 0.000756049 9.61429e-06 0.40889 0.00726624 0.0536021 0.0212352 
4.26458e-05 0.998027 1.9628e-08 0.000192224 4.90942e-05 0.000414921 5.11098e-05 6.16777e-09 7.2182e-05 7.21358e-05 1.25192e-08 8.8542e-05 1.58478e-07 0.000258562 0.000471619 9.42311e-05 0.000165582 
6.00332e-05 7.32464e-05 2.09918e-07 0.107452 0.038316 1.21315e-06 0.317669 6.95005e-08 0.0996254 0.371845 0.000122163 2.04193e-07 3.93053e-06 0.056363 0.00846 5.94073e-06 2.38887e-06 
0.047184 0.0770601 0.00489804 0.020606 0.527218 5.13433e-07 1.95466e-05 7.25222e-10 0.0783371 0.089963 8.9325e-10 2.43705e-05 1.67028e-09 0.152319 0.0023687 1.27005e-06 2.4683e-07 
0.00714222 9.91553e-05 0.000268332 0.0550466 0.01425 0.00676401 0.0795764 7.18095e-05 0.0290586 0.00880069 0.0532407 0.000572363 0.000193702 0.00725607 0.733537 0.000199955 0.00392213 
0.0158189 5.12091e-06 1.40118e-07 0.0133707 0.0610918 0.224353 0.00133605 4.63908e-08 0.0177259 0.124943 5.71392e-08 0.0022027 2.86622e-05 0.535809 0.0032709 4.29959e-05 1.4178e-06 
0.0119646 0.000706215 3.86462e-06 0.00360727 0.201366 8.11764e-07 0.00593557 7.82747e-09 0.00403489 0.734424 0.0347621 2.29972e-08 1.30646e-05 0.00143292 0.000629792 0.000884418 0.000234908 
0.000800624 0.00318023 6.46915e-11 0.372901 6.09304e-09 0.0268999 0.0141436 2.14184e-11 0.061248 9.05989e-05 9.60802e-09 6.29274e-11 4.93292e-11 0.449864 0.0708724 7.36226e-09 2.4215e-08 
4.09597e-06 0.999405 8.00805e-10 1.42543e-05 4.31469e-06 0.000131562 1.22649e-10 4.59756e-13 0.000151898 5.39501e-05 4.48656e-06 8.08937e-07 1.05888e-12 6.61742e-06 6.29036e-05 0.000101808 5.80694e-05 
0.00368072 0.00412977 0.00186491 0.0370402 0.00734031 0.00814743 0.00051998 0.000107452 0.0335778 0.0062578 0.0794415 0.000696152 0.000322044 0.0365878 0.769519 0.00053864 0.0102287 
2.353e-06 4.3437e-10 7.58759e-10 0.000392855 9.84618e-07 2.59081e-07 0.000385873 2.51213e-10 0.000689676 0.983098 3.09417e-10 6.78527e-07 5.78577e-10 0.011971 2.86248e-05 4.0656e-07 0.00342942 
0.00102389 1.12644e-05 1.00786e-05 0.0325 0.00828952 0.0223073 0.0139508 4.6799e-06 0.721109 0.0025382 0.0201029 0.000162505 1.02535e-05 0.0376608 0.131019 0.00316963 0.0061298 
2.353e-06 4.3437e-10 7.58759e-10 0.000392855 9.84618e-07 2.59081e-07 0.000385873 2.51213e-10 0.000689676 0.983098 3.09417e-10 6.78527e-07 5.78577e-10 0.011971 2.86248e-05 4.0656e-07 0.00342942 
0.00412496 0.00118472 5.01749e-05 0.000604417 0.888226 0.0128479 0.0357067 2.57149e-10 3.99148e-06 0.0571646 3.16728e-10 1.66287e-06 5.92246e-10 9.33058e-07 7.53358e-05 3.36671e-07 8.12181e-06 
2.353e-06 4.3437e-10 7.58759e-10 0.000392855 9.84618e-07 2.59081e-07 0.000385873 2.51213e-10 0.000689676 0.983098 3.09417e-10 6.78527e-07 5.78577e-10 0.011971 2.86248e-05 4.0656e-07 0.00342942 
0.00790689 1.94536e-05 1.00094e-07 0.396367 0.000212573 0.0290076 0.0371819 4.05654e-10 0.064756 0.0400952 0.375184 6.68555e-07 9.34272e-10 0.0127218 0.0360582 4.3646e-06 0.000483953 
0.00817543 0.000131458 0.000105248 0.0105465 0.0719305 0.301337 0.00330113 4.8067e-05 0.187044 0.247161 0.0217612 0.0252202 0.00941191 0.0478959 0.056907 0.00656559 0.00245776 
0.00563196 2.29787e-11 7.98812e-07 0.00754479 0.346307 0.033521 5.56562e-07 1.32895e-11 0.0715144 0.4919 0.00240253 5.61856e-06 3.06074e-11 0.0197041 0.011979 0.00927027 0.000218436 
0.00410969 2.70986e-06 0.0015999 0.028007 0.0960332 0.0314568 0.051265 4.57657e-07 0.0340635 0.600168 0.0752267 7.78662e-07 4.78721e-05 0.0724778 0.0037756 0.00176097 3.56642e-06 
0.00120083 0.00420247 5.28394e-11 0.286153 7.32543e-09 0.0275118 0.0162468 1.74943e-11 0.0617446 0.000135849 9.33295e-09 5.13984e-11 4.02916e-11 0.520599 0.0822048 8.84981e-09 2.76084e-08 
0.00992632 3.00789e-11 8.72859e-08 0.0312105 0.00699237 0.0302499 0.0080983 1.73958e-11 0.820293 0.0101605 2.14263e-11 5.47491e-05 3.01432e-08 0.0776463 0.0051394 0.000185369 4.27576e-05 
0.000217901 8.29918e-05 1.73976e-09 0.00653679 0.0535371 0.00824523 0.00481212 5.76009e-10 0.256873 0.441559 6.50968e-06 1.69217e-06 1.32662e-09 0.0370704 0.191054 6.32966e-07 2.22975e-06 
2.353e-06 4.3437e-10 7.58759e-10 0.000392855 9.84618e-07 2.59081e-07 0.000385873 2.51213e-10 0.000689676 0.983098 3.09417e-10 6.78527e-07 5.78577e-10 0.011971 2.86248e-05 4.0656e-07 0.00342942 
0.00159339 0.00227066 4.08278e-08 0.0044727 0.00859816 0.486903 0.00222097 1.46725e-08 0.31465 0.00537285 0.00100432 0.000296444 2.26191e-08 0.157697 0.00971993 0.00515969 4.06943e-05 
0.00554273 0.000489323 0.000811557 0.0747044 0.00173733 0.0127159 0.00621932 9.35345e-05 0.07941 0.0363998 0.161967 0.000124024 0.000137918 0.0615863 0.514214 0.0002613 0.0435858 
0.00394526 6.36765e-07 1.00389e-08 0.000885783 0.0135793 1.70918e-06 0.0174383 3.32373e-09 0.0564502 0.816263 1.30016e-05 0.000105591 1.98275e-06 0.0419467 0.0491553 2.82323e-07 0.000213042 
0.000629651 0.0007616 0.000598196 0.0121789 0.016998 0.042082 0.0158731 0.000163958 0.100728 0.0495437 0.0061826 0.000180852 0.551018 0.0549951 0.144953 0.00244641 0.000667759 
0.00313799 0.00121881 2.86205e-07 0.0050803 0.0163465 0.316743 0.000870932 2.71875e-07 0.172492 0.304119 1.99288e-05 9.03739e-05 5.53788e-07 0.146112 0.0317897 0.00181554 0.000162871 
2.353e-06 4.3437e-10 7.58759e-10 0.000392855 9.84618e-07 2.59081e-07 0.000385873 2.51213e-10 0.000689676 0.983098 3.09417e-10 6.78527e-07 5.78577e-10 0.011971 2.86248e-05 4.0656e-07 0.00342942 
0.0737114 9.18081e-06 5.31326e-09 0.330176 0.110453 0.00873607 0.0554067 1.75914e-09 0.126947 1.45733e-05 2.13962e-05 1.60625e-06 4.05152e-09 0.236537 0.0579567 2.85364e-05 1.0838e-06 
0.000114702 1.53609e-08 1.51989e-08 0.00233745 0.00443395 0.021116 0.00107434 3.15524e-12 0.744465 2.73741e-08 0.0113223 1.16234e-05 1.90256e-06 0.208606 0.00276494 0.00375149 3.67311e-09 
0.000291553 0.00139381 3.51407e-05 0.00022848 0.00177109 0.00993226 0.0416565 2.28051e-05 0.136048 0.01833 0.000524845 0.000146884 4.87096e-05 0.00435103 0.730582 0.0533574 0.00128008 
2.353e-06 4.3437e-10 7.58759e-10 0.000392855 9.84618e-07 2.59081e-07 0.000385873 2.51213e-10 0.000689676 0.983098 3.09417e-10 6.78527e-07 5.78577e-10 0.011971 2.86248e-05 4.0656e-07 0.00342942 
0.00629975 0.00539358 0.00029212 0.00344237 0.259082 0.0134095 0.00131075 2.91858e-07 0.043625 0.420561 0.000197818 0.00126354 8.28607e-06 0.0191257 0.220026 0.00422087 0.001741 
0.00239724 4.69125e-06 5.84215e-07 3.52899e-05 0.00544637 0.000456814 0.000529712 2.37139e-07 0.00329952 0.979262 0.000420973 0.000185912 0.000278082 0.00203697 0.00127655 0.00327822 0.00109068 
0.00790689 1.94536e-05 1.00094e-07 0.396367 0.000212573 0.0290076 0.0371819 4.05654e-10 0.064756 0.0400952 0.375184 6.68555e-07 9.34272e-10 0.0127218 0.0360582 4.3646e-06 0.000483953 
0.00563196 2.29787e-11 7.98812e-07 0.00754479 0.346307 0.033521 5.56562e-07 1.32895e-11 0.0715144 0.4919 0.00240253 5.61856e-06 3.06074e-11 0.0197041 0.011979 0.00927027 0.000218436 
0.00790689 1.94536e-05 1.00094e-07 0.396367 0.000212573 0.0290076 0.0371819 4.05654e-10 0.064756 0.0400952 0.375184 6.68555e-07 9.34272e-10 0.0127218 0.0360582 4.3646e-06 0.000483953 
0.00711535 0.168928 2.12872e-06 0.00572719 0.00182169 0.000479711 0.000810462 7.04786e-07 0.102011 0.655125 0.00519771 2.07067e-06 1.62321e-06 0.00277983 0.0496152 2.61779e-05 0.000355892 
0.00195648 0.00405953 7.44052e-11 0.0916747 0.00844818 0.0302804 0.0779976 2.46344e-11 0.202652 0.00322049 0.537659 1.208e-07 1.66353e-08 0.0368418 0.00453608 0.000632572 4.1315e-05 
0.0043009 3.83579e-07 2.2186e-11 2.952e-07 0.0206173 0.335393 0.0188529 7.34543e-12 0.0836427 0.0284822 9.0473e-12 0.00977924 1.69175e-11 0.494444 0.00448612 1.1266e-06 1.05145e-07 
0.0303736 0.000732712 0.0403271 0.00141039 0.00831172 0.0474627 0.0267801 3.42962e-07 0.353179 0.143109 9.10285e-05 0.000114755 0.000490616 0.322356 0.0251154 0.000102614 4.33126e-05 
0.00574924 0.804516 1.44101e-05 0.00979319 0.0123249 0.00655615 0.00556747 2.00523e-10 0.0201316 0.102224 5.48868e-05 0.0053014 1.72471e-07 0.0244414 0.00326902 3.5956e-05 2.01809e-05 
2.353e-06 4.3437e-10 7.58759e-10 0.000392855 9.84618e-07 2.59081e-07 0.000385873 2.51213e-10 0.000689676 0.983098 3.09417e-10 6.78527e-07 5.78577e-10 0.011971 2.86248e-05 4.0656e-07 0.00342942 
2.353e-06 4.3437e-10 7.58759e-10 0.000392855 9.84618e-07 2.59081e-07 0.000385873 2.51213e-10 0.000689676 0.983098 3.09417e-10 6.78527e-07 5.78577e-10 0.011971 2.86248e-05 4.0656e-07 0.00342942 
0.00759146 0.0242375 0.0102168 0.0309188 0.0114275 0.000675859 0.00584707 0.000277593 0.056646 0.182011 0.00287874 0.00111847 0.002385 0.0287106 0.606743 0.000636253 0.027678 
4.24328e-07 1.12535e-10 3.91207e-06 6.93019e-05 0.0294807 0.00468116 5.55354e-07 6.50834e-11 0.0255121 0.869182 3.68829e-07 1.91216e-10 1.49895e-10 0.0106677 0.0593065 8.7474e-07 0.00109406 
0.00100744 3.34381e-11 5.84099e-11 0.000344889 0.0225711 2.19054e-07 2.2559e-07 1.93386e-11 7.29837e-07 0.968284 0.000294641 5.6817e-11 4.45393e-11 7.13963e-07 2.30828e-07 0.00749593 7.26489e-10 
0.00014763 0.00917836 0.00163668 0.060018 0.000550407 0.0497216 0.00253069 9.3305e-05 0.11775 0.000773841 0.00275712 0.000421695 0.000241802 0.0154124 0.718398 0.000195885 0.0201725 
0.00835726 3.32157e-05 9.13168e-06 0.00803118 0.0212915 0.136736 0.00437017 5.50052e-09 0.31507 0.145156 2.39988e-05 1.61606e-08 1.26684e-08 0.220618 0.140162 4.8977e-06 0.000137604 
0.000800624 0.00318023 6.46915e-11 0.372901 6.09304e-09 0.0268999 0.0141436 2.14184e-11 0.061248 9.05989e-05 9.60802e-09 6.29274e-11 4.93292e-11 0.449864 0.0708724 7.36226e-09 2.4215e-08 
0.00116458 9.88146e-08 1.14997e-10 0.00142383 0.0284273 0.0533995 9.25859e-07 3.80736e-11 6.80953e-06 3.97575e-07 4.68949e-11 4.81114e-07 1.84233e-07 0.915502 7.3202e-05 6.26707e-07 5.33421e-08 
0.000998983 2.07633e-08 3.62694e-08 0.00021763 0.00254524 0.0648706 0.00177842 1.20082e-08 0.146875 5.18354e-05 0.000457395 0.000851414 1.0138e-05 0.779047 0.00208046 0.000213586 2.9364e-06 
0.0260477 0.000608165 9.1515e-09 0.0310749 0.0440067 0.0140996 0.000551515 5.04145e-12 0.268329 0.298074 0.00222709 3.79198e-07 1.16111e-11 0.287035 0.0276893 1.60001e-06 0.000255782 
0.0119681 0.028224 0.000234615 0.0725398 0.0161138 0.0104415 0.0140367 6.67688e-07 0.176621 0.168406 0.0366614 0.000180855 0.000618948 0.0303745 0.433289 0.000116354 0.000172975 
0.000419063 0.956038 4.11535e-05 0.00341724 0.00221164 0.00298455 8.75669e-05 1.44695e-11 0.00237852 0.0110855 2.86836e-06 1.49741e-06 3.33251e-11 0.0112915 0.00984877 4.33938e-05 0.000148854 
0.000987612 3.804e-05 0.000473621 0.0499931 0.00181516 0.0411941 0.0121829 7.26383e-10 0.216416 0.562652 0.00377452 8.35284e-06 9.36053e-07 0.0197124 0.0905972 4.21419e-08 0.000153197 
7.10642e-05 0.997333 3.21435e-08 0.000297156 8.18186e-05 0.000384013 8.51637e-05 4.90146e-09 5.77184e-05 7.7779e-05 1.96424e-08 0.00014753 2.63298e-07 0.000430927 0.000705051 0.000130901 0.000197282 
0.000734816 0.0125646 0.000579675 0.0159 0.00540366 0.048886 0.00251855 0.000271921 0.10243 0.00400595 0.00316794 0.116891 0.000827338 0.165505 0.500965 0.003286 0.0160616 
0.000799551 0.951397 2.37313e-09 0.00305283 0.000711034 0.000637538 0.00363866 2.71481e-12 0.0223746 0.00272409 0.00724601 6.41556e-06 1.33898e-08 0.000944006 0.00484428 0.00135054 0.000273783 
0.00758382 5.17135e-09 1.45342e-08 0.134395 0.00160051 0.00586654 0.00255098 2.07824e-12 0.516317 4.88985e-05 0.031098 1.6233e-06 3.21579e-09 0.295459 0.0038191 0.00125901 7.55778e-09 
0.00319588 0.00132946 0.00126275 0.0100622 0.0135343 0.0411763 0.00118408 0.000461008 0.0425791 0.765372 0.0480574 0.00248209 0.000608389 0.0277792 0.0396949 0.00067643 0.000544841 
0.0238567 0.000783548 0.0423707 0.0891829 0.107685 0.0112521 0.00206811 0.000721341 0.0873972 0.242537 0.0575242 0.0093817 0.000834982 0.0219077 0.261743 0.0016257 0.0391283 
4.5892e-05 0.0473356 3.47181e-05 0.00489139 0.00147884 0.0036914 0.0420415 1.74498e-05 0.0617598 0.00797445 0.00305134 0.000899005 4.355e-05 0.00123923 0.783852 0.0412458 0.000398038 
8.07047e-06 5.09166e-05 1.43639e-08 0.312417 0.0714491 0.0572735 0.085548 4.75568e-09 0.0810953 1.96004e-05 7.03731e-06 7.56737e-05 1.09529e-08 0.390472 0.00157912 4.67757e-06 6.1624e-07 
0.000260238 3.6995e-08 0.000140053 0.0697417 1.22787e-05 0.00150911 0.0232713 2.24048e-11 0.865666 1.01333e-06 1.14476e-06 4.37746e-06 5.16012e-11 0.00187551 0.0372536 2.5356e-05 0.000238397 
0.000675255 0.000119289 0.00170385 0.0554756 0.00499492 0.113137 0.127396 7.81104e-05 0.0694756 0.00141548 0.00108965 0.000339082 0.00106528 0.0948399 0.521414 0.000443101 0.00633687 
0.0544822 0.0104417 0.00994594 0.121297 0.26155 0.0842283 0.0254387 0.00273726 0.204197 0.029088 0.00884352 0.00560488 0.00584428 0.127612 0.0288406 0.0169659 0.0028826 
0.00992632 3.00789e-11 8.72859e-08 0.0312105 0.00699237 0.0302499 0.0080983 1.73958e-11 0.820293 0.0101605 2.14263e-11 5.47491e-05 3.01432e-08 0.0776463 0.0051394 0.000185369 4.27576e-05 
0.00617508 0.000300641 0.000818596 0.0532061 0.0568253 0.332932 0.0482242 0.000155449 0.210653 0.100156 0.00106385 0.00227298 0.00604115 0.0883773 0.0918814 0.00073132 0.000185274 
0.00109314 0.0192111 0.000414352 0.0165218 0.0181388 0.0124649 7.63619e-05 1.02867e-07 0.0244326 0.117797 0.752874 0.000213255 1.58524e-07 0.0136457 0.0224724 7.03405e-07 0.000643575 
4.00096e-06 5.03141e-07 5.6791e-08 0.0766047 0.20348 0.0110338 0.0929936 3.12855e-11 0.181341 0.148976 0.0169901 0.0270637 7.20545e-11 0.194914 0.0465881 9.92906e-06 3.96723e-07 
0.0043009 3.83579e-07 2.2186e-11 2.952e-07 0.0206173 0.335393 0.0188529 7.34543e-12 0.0836427 0.0284822 9.0473e-12 0.00977924 1.69175e-11 0.494444 0.00448612 1.1266e-06 1.05145e-07 
0.0172583 0.000125394 3.37598e-07 0.0462908 3.34654e-06 1.09767e-05 3.91253e-06 1.11774e-07 0.0844484 0.675761 0.169503 3.13553e-05 2.89704e-06 6.81154e-06 0.00642089 0.000131847 1.20966e-06 
0.00267897 6.08714e-05 0.105424 0.0714153 0.0012189 0.00768855 0.0146263 1.13966e-07 0.480987 1.44243e-07 0.000242123 2.45313e-06 3.87552e-05 0.304512 0.0110876 1.41249e-05 3.52728e-06 
9.4887e-05 5.65183e-06 0.000499703 0.0331252 2.31752e-07 0.00205205 0.00855329 6.84944e-11 0.010594 0.00276276 0.00221203 1.14567e-05 1.57751e-10 0.00191163 0.938165 1.17991e-05 1.82997e-07 
0.00368072 0.00412977 0.00186491 0.0370402 0.00734031 0.00814743 0.00051998 0.000107452 0.0335778 0.0062578 0.0794415 0.000696152 0.000322044 0.0365878 0.769519 0.00053864 0.0102287 
0.0015982 9.13065e-12 1.59495e-11 0.000234483 0.00475254 0.126959 0.00312321 5.28062e-12 0.291083 4.28366e-05 2.71345e-07 0.000505548 1.41993e-08 0.567721 0.00367578 0.000303856 4.11145e-09 
2.30337e-06 0.00389984 7.23188e-07 0.000131184 3.52078e-06 8.92351e-05 0.000250479 2.37065e-09 1.8005e-05 0.776131 2.91991e-09 1.53299e-05 5.46536e-06 3.11803e-05 0.219346 9.66688e-06 6.60227e-05 
0.0116839 0.0128102 7.77793e-06 0.000356826 0.0357596 0.00224885 0.00061798 4.14295e-06 0.00828706 0.918521 0.00106302 2.2468e-05 1.94189e-05 0.00724046 0.00127647 6.34408e-06 7.45967e-05 
0.0287619 0.000511519 0.00437282 0.170737 0.0644783 0.0625307 0.0517098 0.00013495 0.190375 0.0996401 0.121125 0.0286484 0.00574823 0.0422446 0.127286 0.000259175 0.00143707 
2.56173e-09 8.48446e-07 5.55063e-11 0.00108307 0.0131044 0.666613 0.00342802 1.83773e-11 0.174831 0.0697958 5.43472e-08 1.67431e-07 2.20133e-07 0.0137117 0.0569907 2.77605e-08 0.000440562 
0.0212381 0.000107241 0.00032779 0.0798733 0.0369847 0.0125026 0.0126487 5.16196e-08 0.318304 0.00656014 0.0196941 0.000756049 9.61429e-06 0.40889 0.00726624 0.0536021 0.0212352 
0.0975019 0.00308057 1.76414e-09 7.90839e-07 0.243093 0.000411555 0.0421738 5.8408e-10 6.02983e-05 0.451115 7.19407e-10 3.38076e-05 1.34521e-09 0.000130662 0.1623 8.9583e-05 8.36077e-06 
0.0449229 0.000556317 0.00820584 0.254819 0.0723415 0.0666817 0.0858207 0.000162292 0.139127 0.110495 0.0529112 0.0546366 0.000177546 0.0727352 0.0353905 0.00041324 0.000603283 
0.00062462 0.000106677 1.94359e-07 0.0560256 0.0250762 8.22159e-07 0.811251 1.2448e-09 0.0289655 0.00784264 0.0050842 1.58851e-06 6.24055e-07 0.0649704 3.48955e-06 2.93983e-05 1.66852e-05 
2.353e-06 4.3437e-10 7.58759e-10 0.000392855 9.84618e-07 2.59081e-07 0.000385873 2.51213e-10 0.000689676 0.983098 3.09417e-10 6.78527e-07 5.78577e-10 0.011971 2.86248e-05 4.0656e-07 0.00342942 
2.353e-06 4.3437e-10 7.58759e-10 0.000392855 9.84618e-07 2.59081e-07 0.000385873 2.51213e-10 0.000689676 0.983098 3.09417e-10 6.78527e-07 5.78577e-10 0.011971 2.86248e-05 4.0656e-07 0.00342942 
2.71469e-07 7.84061e-09 1.3696e-08 0.341843 0.0100946 0.00744121 0.00899978 4.53454e-09 0.0550853 0.44994 0.000195209 0.00165826 1.04436e-08 0.116577 0.00808266 7.8585e-05 3.31428e-06 
7.10642e-05 0.997333 3.21435e-08 0.000297156 8.18186e-05 0.000384013 8.51637e-05 4.90146e-09 5.77184e-05 7.7779e-05 1.96424e-08 0.00014753 2.63298e-07 0.000430927 0.000705051 0.000130901 0.000197282 
0.00102057 0.0131743 0.00116576 0.0495647 0.0118628 0.434897 0.00884009 0.000173323 0.301725 0.00915591 0.00085148 0.000200561 0.000204704 0.0611802 0.0907494 0.00760405 0.00763021 
7.10642e-05 0.997333 3.21435e-08 0.000297156 8.18186e-05 0.000384013 8.51637e-05 4.90146e-09 5.77184e-05 7.7779e-05 1.96424e-08 0.00014753 2.63298e-07 0.000430927 0.000705051 0.000130901 0.000197282 
7.10642e-05 0.997333 3.21435e-08 0.000297156 8.18186e-05 0.000384013 8.51637e-05 4.90146e-09 5.77184e-05 7.7779e-05 1.96424e-08 0.00014753 2.63298e-07 0.000430927 0.000705051 0.000130901 0.000197282 
0.000150874 1.89731e-05 2.14155e-06 0.00014371 0.000168267 1.52964e-05 0.0162031 1.17976e-09 0.000227177 0.982205 4.78084e-05 8.87365e-05 2.71713e-09 0.000291659 4.76087e-05 0.000374419 1.49602e-05 
0.0135275 1.33096e-06 1.91014e-05 0.0371125 0.193906 0.33398 0.0273057 5.86123e-08 0.15285 0.0561122 0.105011 0.000986754 3.10602e-05 0.0378057 0.04116 0.000173273 1.78359e-05 
0.00791485 0.00399754 0.0144664 0.0176823 0.0437143 0.169658 0.0205318 0.00315027 0.0995788 0.330373 0.00458255 0.00344921 0.00691345 0.0680873 0.169808 0.00926243 0.026829 
2.353e-06 4.3437e-10 7.58759e-10 0.000392855 9.84618e-07 2.59081e-07 0.000385873 2.51213e-10 0.000689676 0.983098 3.09417e-10 6.78527e-07 5.78577e-10 0.011971 2.86248e-05 4.0656e-07 0.00342942 
0.0103746 0.0128055 0.00313298 0.0205173 0.0794859 0.0743785 0.0371772 0.00161933 0.0776348 0.520337 0.00282807 0.00535462 0.00390986 0.072719 0.0713509 0.00474367 0.0016311 
0.000800624 0.00318023 6.46915e-11 0.372901 6.09304e-09 0.0268999 0.0141436 2.14184e-11 0.061248 9.05989e-05 9.60802e-09 6.29274e-11 4.93292e-11 0.449864 0.0708724 7.36226e-09 2.4215e-08 
0.00997491 0.000589111 9.31773e-08 0.0357849 0.00257892 0.355697 0.000999964 6.74592e-08 0.111917 0.31106 0.00946239 7.37682e-05 1.06674e-07 0.0587009 0.00308988 0.0996589 0.000412266 
0.00291114 0.000121433 8.79046e-06 0.0271371 0.0259542 0.0591079 0.00425809 1.94652e-06 0.773675 4.54463e-05 0.00526421 1.69266e-05 0.0243973 0.0576596 0.0194122 1.72073e-05 1.12157e-05 
0.00778929 1.35652e-06 4.87658e-09 0.0289942 0.164427 0.00413935 0.0150169 1.61456e-09 0.0166036 0.718691 1.76155e-06 4.7436e-09 3.71854e-09 0.024437 0.0172124 0.00056889 0.00211784 
2.353e-06 4.3437e-10 7.58759e-10 0.000392855 9.84618e-07 2.59081e-07 0.000385873 2.51213e-10 0.000689676 0.983098 3.09417e-10 6.78527e-07 5.78577e-10 0.011971 2.86248e-05 4.0656e-07 0.00342942 
0.0131132 0.0125999 0.00519515 0.0656987 0.038098 0.0379511 0.0363348 0.000970199 0.0830338 0.49427 0.0461139 0.00158584 0.0053298 0.10343 0.0487145 0.00242218 0.0051388 
0.0248914 2.3773e-05 2.21129e-06 0.00378118 0.0946242 0.00351928 1.41882e-06 1.31229e-08 0.0889178 0.569867 0.00200326 0.0271445 7.48852e-07 0.0167502 0.16787 0.000259815 0.000343798 
0.00790689 1.94536e-05 1.00094e-07 0.396367 0.000212573 0.0290076 0.0371819 4.05654e-10 0.064756 0.0400952 0.375184 6.68555e-07 9.34272e-10 0.0127218 0.0360582 4.3646e-06 0.000483953 
0.0284934 0.0083494 0.000722097 0.0499084 0.0410743 0.0283981 0.0088982 5.86855e-05 0.0563021 0.00589894 0.00135128 0.000533761 0.00160863 0.72873 0.0176157 8.09491e-05 0.0219757 
3.51122e-05 0.998362 6.29311e-08 0.000104694 3.27018e-05 0.000239951 1.54584e-05 3.26451e-09 0.000108617 9.91885e-05 3.13095e-06 4.18354e-05 4.4262e-08 0.000120525 0.000267698 0.000457468 0.000111017 
0.00625716 0.000428528 8.79282e-09 0.0191181 0.0230067 0.00935789 0.00473335 4.84386e-12 0.655159 0.161222 1.96292e-07 3.64335e-07 1.1156e-11 0.102746 0.0165176 0.00123137 0.000221187 
0.00964501 0.000303667 0.000248918 0.017376 0.040617 0.251993 0.0269736 0.00013575 0.291978 0.193834 0.0124349 0.000439251 0.000658897 0.0434624 0.107868 0.00185384 0.000178655 
0.000164238 0.788355 1.46679e-06 0.00246454 0.00516893 0.0134344 0.000312832 5.12641e-08 0.0357858 0.0447466 0.00443911 0.000239351 3.70502e-07 0.0034107 0.0941785 0.00715145 0.000146921 
0.00093053 5.10656e-05 0.00163443 0.0755309 0.0176879 0.011462 1.89593e-05 1.29667e-08 0.00331125 0.56982 0.00354082 3.39776e-05 2.98639e-08 0.00183779 0.312788 0.00134988 2.61925e-06 
0.00787816 0.135043 1.84001e-05 0.187376 0.0566603 0.00399939 0.0217666 8.59887e-07 0.105825 0.311344 0.00119039 0.040726 3.82608e-05 0.0416746 0.0423243 0.0438245 0.000310165 
0.0010552 9.25448e-10 8.69772e-08 0.0479981 0.0783083 0.483751 0.0177498 5.35223e-10 0.0281747 0.14277 0.0696112 1.57249e-09 1.23269e-09 6.03732e-06 0.130574 9.39825e-08 9.41796e-07 
0.000799551 0.951397 2.37313e-09 0.00305283 0.000711034 0.000637538 0.00363866 2.71481e-12 0.0223746 0.00272409 0.00724601 6.41556e-06 1.33898e-08 0.000944006 0.00484428 0.00135054 0.000273783 
2.353e-06 4.3437e-10 7.58759e-10 0.000392855 9.84618e-07 2.59081e-07 0.000385873 2.51213e-10 0.000689676 0.983098 3.09417e-10 6.78527e-07 5.78577e-10 0.011971 2.86248e-05 4.0656e-07 0.00342942 
0.000141867 4.11631e-07 7.16766e-08 0.0165665 0.000117487 0.0023771 0.00039162 2.54909e-11 0.854728 5.04299e-06 0.026983 4.75155e-08 2.53098e-06 0.0112165 0.00587163 0.0815981 5.88597e-08 
0.0114819 5.26296e-05 1.22288e-08 0.000224989 0.0167624 0.101821 0.0504601 4.04877e-09 0.045108 0.530212 0.000139674 0.0476503 3.26199e-07 0.0828569 0.109795 1.18798e-07 0.0034347 
2.353e-06 4.3437e-10 7.58759e-10 0.000392855 9.84618e-07 2.59081e-07 0.000385873 2.51213e-10 0.000689676 0.983098 3.09417e-10 6.78527e-07 5.78577e-10 0.011971 2.86248e-05 4.0656e-07 0.00342942 
0.000766194 0.000122558 2.40095e-11 0.0136638 0.0156641 0.0602551 0.007993 7.94917e-12 0.195594 0.000125316 0.0010142 0.00036449 0.000577979 0.63841 0.0427929 0.0225925 6.36605e-05 
0.000243651 3.55833e-07 0.000108789 0.0206738 0.000435964 0.00825423 0.00140606 2.05792e-07 0.00390189 0.931534 2.53472e-07 0.000113435 4.73966e-07 0.033067 8.61851e-05 9.39967e-05 7.97573e-05 
0.0103498 0.981403 1.42614e-08 2.19951e-05 0.00251829 0.000413032 2.97922e-05 2.33426e-12 2.66855e-05 9.2792e-05 1.46667e-10 0.000277855 5.37609e-12 0.000996643 0.00376272 8.4655e-05 2.26887e-05 
0.00241402 0.0170986 0.0109185 0.0421938 0.00728035 0.167131 0.00998 0.000771188 0.0693388 0.0252961 0.00267403 0.00106483 0.00621609 0.255406 0.367919 0.00263532 0.0116629 
2.353e-06 4.3437e-10 7.58759e-10 0.000392855 9.84618e-07 2.59081e-07 0.000385873 2.51213e-10 0.000689676 0.983098 3.09417e-10 6.78527e-07 5.78577e-10 0.011971 2.86248e-05 4.0656e-07 0.00342942 
2.56436e-06 0.999696 1.50728e-07 7.72838e-06 2.48886e-06 6.52595e-05 2.34604e-08 1.59507e-09 7.38934e-05 2.78779e-05 3.0491e-06 2.45451e-06 3.67366e-09 3.6818e-06 3.16037e-05 5.38237e-05 2.97183e-05 
7.10642e-05 0.997333 3.21435e-08 0.000297156 8.18186e-05 0.000384013 8.51637e-05 4.90146e-09 5.77184e-05 7.7779e-05 1.96424e-08 0.00014753 2.63298e-07 0.000430927 0.000705051 0.000130901 0.000197282 
6.67795e-06 3.11352e-09 1.21703e-06 0.325305 0.0181234 0.00686297 0.00790808 1.80067e-09 0.621988 0.00923334 4.943e-06 5.08319e-06 4.14718e-09 0.01055 1.06579e-05 6.44995e-07 1.05418e-07 
2.353e-06 4.3437e-10 7.58759e-10 0.000392855 9.84618e-07 2.59081e-07 0.000385873 2.51213e-10 0.000689676 0.983098 3.09417e-10 6.78527e-07 5.78577e-10 0.011971 2.86248e-05 4.0656e-07 0.00342942 
