0.0475881 0.0122141 0.00018304 0.0156344 0.0905959 0.0097185 0.00128374 0.0137394 0.619172 0.0895849 0.00846978 0.000700635 4.60013e-10 0.0497626 0.0404716 0.000113693 0.000767163 
0.000929976 4.74077e-07 6.90212e-06 0.0023512 0.00820765 0.182 0.00303502 0.00135694 0.599694 0.00139293 3.5445e-06 0.000227449 3.85068e-07 0.188934 0.0111949 0.000658961 4.52631e-06 
0.00131445 1.89506e-08 2.39624e-09 0.00508477 0.0185123 0.0073238 0.0052902 0.000491931 0.656905 0.00545138 9.07411e-08 0.0016469 2.43629e-05 0.286651 0.00875353 0.00253543 1.45188e-05 
0.001935 1.83405e-06 4.73075e-12 0.00781407 0.0225808 0.0712787 0.0101774 2.65469e-08 0.843296 0.00256439 0.00207839 0.0146063 3.60734e-12 0.011342 0.012278 6.4145e-09 4.72789e-05 
0.0332061 0.000584745 2.01836e-07 0.0285474 0.111285 0.00709387 0.0125867 0.0013829 0.559223 0.0319707 0.000458659 0.000136753 1.09403e-06 0.200672 0.0126255 0.000192568 3.20666e-05 
0.0531757 0.00591295 5.99274e-05 0.0146804 0.0345077 0.0731471 0.00413544 0.00161313 0.491524 0.00529488 0.00841415 0.0014476 2.59688e-06 0.217247 0.0855887 0.00255573 0.000693334 
0.0110711 3.03629e-05 3.23661e-05 0.00676071 0.0346845 0.0286194 0.000737562 0.0109721 0.761036 0.00636301 0.00988128 0.000386071 8.66016e-08 0.0814175 0.0216867 0.026258 6.3741e-05 
0.00542257 0.000855444 7.90064e-05 0.0281688 0.106215 0.0636828 0.0145691 0.0435361 0.395424 0.00240573 0.000415037 0.00154188 6.07728e-07 0.309568 0.0213832 0.00661013 0.000123611 
0.0924031 0.000222279 0.000194789 0.0093676 0.0461609 0.0563521 0.000871656 0.0177957 0.298615 0.119403 0.000804119 0.000639677 1.23975e-06 0.292391 0.0463512 0.0182483 0.000178588 
0.0218519 4.18022e-08 2.90376e-08 1.65863e-07 0.032856 2.19406e-07 9.79502e-08 2.25042e-06 0.85976 0.00342543 3.37234e-08 3.40564e-07 6.70766e-12 0.0763954 0.00517192 0.000536638 1.67678e-08 
0.0135287 0.000317656 9.34182e-05 0.0133546 0.0676786 0.0985061 0.0187882 0.00988751 0.37955 0.080639 0.0044074 9.10153e-05 1.14956e-05 0.143209 0.159041 0.0105871 0.000309095 
0.00456676 0.00491917 0.000443842 0.133627 0.0347728 0.0830458 0.0156578 0.00561992 0.465363 0.00925227 0.00553151 0.000210659 9.74512e-07 0.0677326 0.146874 0.0132409 0.00914142 
0.000486782 0.00115359 4.46105e-12 0.000206372 0.00342286 0.0132021 0.000956864 0.0187346 0.536301 0.0055488 4.03828e-05 0.00218652 3.40169e-12 0.413451 0.00422975 6.49482e-05 1.45942e-05 
0.0110053 0.000688112 0.000241143 0.0123692 0.0619633 0.039467 0.00195819 0.0389548 0.594201 0.00560798 0.00162436 0.000197988 1.22129e-06 0.103107 0.0804474 0.0259992 0.0221672 
0.0202677 0.000359951 0.00119995 0.076505 0.0387624 0.154534 0.0065637 0.00199113 0.328503 0.00119451 0.0535799 0.000204486 1.72032e-07 0.095643 0.217866 0.00281842 5.8802e-06 
0.102894 0.000568252 0.000225848 0.00749301 0.199071 0.00986966 0.00323944 0.0529125 0.502195 0.0128826 0.000643691 0.00272318 6.84388e-08 0.0678975 0.0221378 0.0147395 0.000506848 
0.00737346 0.00133932 0.00462003 0.0107299 0.0277568 0.0574146 0.0126114 0.0263081 0.415392 0.0339791 0.00178067 0.00075509 6.13881e-05 0.23514 0.152091 0.011314 0.0013321 
0.00517076 2.87999e-06 1.27329e-06 0.0220646 0.00672078 0.08643 0.00350001 0.00446222 0.807815 0.000410213 0.000127274 1.04205e-05 8.5424e-13 0.0483074 0.0128923 0.00207624 8.37799e-06 
0.0134452 0.00233168 9.55126e-05 0.243772 0.0161999 0.0337105 0.0258075 0.000486063 0.378029 0.00933112 0.102114 0.00189172 2.85801e-08 0.113119 0.035863 0.0225905 0.001214 
0.00492097 0.000557552 1.48234e-05 0.00484773 0.0573021 0.0200405 0.00303161 0.00988438 0.646618 0.0444401 0.00274763 0.00121088 1.54712e-05 0.162606 0.0250708 0.0164972 0.000193719 
0.00349564 0.000314564 0.000204627 0.00482694 0.098775 0.00198195 0.00177748 0.0255278 0.392174 0.379945 0.00268298 7.98111e-06 3.32917e-05 0.0763511 0.011699 4.97892e-08 0.00020198 
0.00593757 0.000743706 0.000166543 0.0133495 0.0234569 0.191889 0.0143683 0.00354769 0.417724 0.00428767 0.0137463 0.00561031 7.8793e-06 0.136225 0.146881 0.016838 0.00522095 
0.00568469 0.00165499 0.000687386 0.0332056 0.0960965 0.0585113 0.0159909 0.00312017 0.305443 0.301551 0.00979568 0.0163913 0.00240093 0.0396925 0.104754 0.00477046 0.000249934 
0.0216952 0.00204773 4.36251e-06 2.19747e-05 0.00352837 0.11953 0.000523419 0.00906317 0.756088 0.0165299 9.78172e-06 0.000263921 1.48629e-07 0.0693593 0.00113261 8.83972e-05 0.000114402 
0.00107861 0.00180754 0.000401261 0.0736229 0.00765361 0.0459444 0.0231813 0.000331742 0.325093 0.000393884 0.00252517 0.000548436 4.3337e-09 0.237626 0.274984 0.00478445 2.34051e-05 
0.00569907 4.17702e-05 2.41383e-08 0.000556954 0.0623514 0.00121457 6.05777e-06 0.188438 0.382797 0.144969 3.40423e-05 1.33087e-05 8.81553e-09 0.177398 0.0293617 0.00685876 0.000260522 
0.162926 0.00784853 0.000150526 0.0452271 0.0777413 0.0216514 0.0117569 0.0162122 0.359429 0.0187743 0.00624653 0.000712695 1.71571e-05 0.217343 0.0404757 0.0133821 0.000106108 
0.022582 0.000743389 2.5967e-05 0.0330475 0.034829 0.00896561 0.00215168 0.00547311 0.664734 0.00823507 0.0177586 4.76235e-05 1.43744e-11 0.0507212 0.150285 0.000400036 9.41316e-09 
0.00949028 0.00133438 0.000578977 0.206799 0.0482792 0.0762462 0.0402314 0.00244055 0.280278 0.0142653 0.00950332 0.000871246 5.1909e-06 0.181652 0.112248 0.0107197 0.00505763 
0.039847 0.000394608 0.0248488 0.0331125 0.0787867 0.208292 0.0138735 0.026964 0.322487 0.0287082 0.00275422 0.000614617 0.000179046 0.0810673 0.135512 0.00244709 0.000111113 
0.000583778 2.57987e-06 4.42065e-08 4.20866e-05 0.00767089 0.205849 0.00119408 0.000235446 0.632021 0.10389 0.000310605 0.000320344 4.63756e-06 0.0399279 0.00758732 0.000198224 0.000160865 
0.0199586 0.000242865 0.000959871 0.0251354 0.0468429 0.00546111 0.00487824 0.000378328 0.556938 0.0363884 0.0268511 0.000153694 3.80421e-06 0.252326 0.0233801 5.2758e-05 4.91518e-05 
0.0283892 1.41107e-07 0.00369509 0.0730465 0.0403254 0.0144146 0.010743 0.00510979 0.354486 0.0611417 0.145004 0.00297593 1.41071e-07 0.130184 0.117694 0.00471557 0.00807471 
0.00360057 1.04399e-05 1.46011e-06 0.000861039 0.0434644 0.00868732 8.20188e-05 0.00985428 0.749934 0.00103839 4.33966e-05 2.15387e-05 8.77956e-10 0.0962815 0.0066075 0.0795054 6.69833e-06 
0.0304792 0.00484845 0.00203008 0.201439 0.173173 0.0164207 0.0848985 0.00973253 0.29442 0.0388207 0.00283439 0.0111814 1.63753e-07 0.0666088 0.0573935 0.00571953 1.6386e-07 
4.4484e-06 0.0074693 9.3052e-11 0.0199854 5.44226e-06 1.55588e-06 2.58503e-07 4.22901e-05 0.783705 0.188348 7.36192e-07 1.82848e-06 7.09549e-11 1.24383e-05 4.58557e-06 1.34452e-06 0.000417384 
0.0499283 0.00752256 0.00072374 0.20802 0.0321288 0.0366571 0.188271 0.00323199 0.210284 0.00958623 0.030691 0.000296617 6.55642e-05 0.184961 0.0297955 0.00522905 0.00260895 
0.00706851 0.00137627 0.000415262 0.034318 0.00686698 0.0878129 0.00400309 0.0055507 0.504629 0.00444456 0.0286849 0.000152981 8.47739e-08 0.0776734 0.230831 0.00317521 0.00299717 
0.0218726 0.00091826 8.85487e-05 0.00951692 0.0837051 0.0974401 0.0117428 0.0150787 0.550371 0.0206531 0.00210922 0.0058564 3.48627e-06 0.158262 0.00472749 0.0175977 5.69124e-05 
0.00250651 4.3698e-07 7.63319e-07 0.00226295 0.00281787 0.0175195 0.000988483 2.52723e-07 0.945533 0.0213064 3.11277e-07 7.42503e-07 5.82054e-07 0.00079092 0.00573979 1.27211e-07 0.000531009 
0.00421201 0.0013013 0.00113317 0.0519138 0.0258141 0.109144 0.0110662 0.00351569 0.551076 0.00979234 0.0113613 0.000253007 3.20994e-05 0.130596 0.0687489 0.0115148 0.00852594 
0.00621255 7.3073e-06 0.00136574 0.031826 0.0196539 0.0184544 0.129851 0.0778533 0.452804 0.0017947 0.000447276 0.000444823 4.02694e-07 0.0860234 0.0193434 0.153916 1.79878e-06 
0.00259265 0.000256983 0.00864239 0.0122879 0.0540886 0.271365 0.0174864 0.0659024 0.317911 0.0519379 0.0028674 0.00924796 6.60457e-05 0.132394 0.0428512 0.00981845 0.000283365 
0.0105862 0.000155679 0.000504875 0.0532924 0.0161749 0.0746351 0.0249692 0.00129475 0.397115 0.0128356 0.0338092 0.000426683 2.88486e-08 0.0173049 0.354688 0.00200277 0.000205383 
0.0408373 0.00561748 7.48663e-05 0.0411602 0.218183 0.00912348 0.00102381 0.00869024 0.371231 0.0344322 0.00474952 0.00184517 3.5705e-06 0.222751 0.0326299 0.00757738 7.03015e-05 
0.0228772 0.100882 2.38272e-05 0.0377205 0.138537 0.0319168 0.0066217 0.00129491 0.21596 0.168705 0.000275878 0.0158677 1.61936e-05 0.11436 0.136246 0.00852949 0.000166144 
0.00161295 5.20156e-05 4.81149e-05 0.0109449 0.0449492 0.0215164 0.011495 0.00459732 0.46826 0.0850682 0.0410301 0.00130886 1.96343e-08 0.214399 0.0900685 0.00463849 1.10723e-05 
0.015546 0.000386582 0.00638598 0.0611987 0.0576149 0.0663304 0.010461 0.0601078 0.359399 0.00978005 0.00103095 0.00275938 7.87998e-06 0.316464 0.0158074 0.016581 0.000139551 
0.00090316 0.00458056 1.89357e-05 0.00383063 0.0108657 0.320262 0.00144394 0.0024826 0.361175 0.0200022 0.000634859 0.00194784 0.00123959 0.109415 0.159701 0.00134036 0.000156481 
0.00879183 0.0140445 0.000328432 0.0726284 0.0386575 0.106709 0.038587 0.00702433 0.380396 0.0166667 0.00664947 0.00475636 5.26537e-05 0.177427 0.105822 0.0163138 0.00514646 
0.0216952 0.00204773 4.36251e-06 2.19747e-05 0.00352837 0.11953 0.000523419 0.00906317 0.756088 0.0165299 9.78172e-06 0.000263921 1.48629e-07 0.0693593 0.00113261 8.83972e-05 0.000114402 
0.0126826 0.00209193 0.00149939 0.0443978 0.0244471 0.0777483 0.0231155 0.00177329 0.478047 0.0109491 0.0355756 0.000565855 4.20874e-05 0.167318 0.113792 0.00218486 0.00377029 
0.044928 0.000434261 0.00035966 0.0627957 0.0337924 0.0229572 0.0117078 0.0161106 0.337261 0.034513 0.00332401 0.0114466 1.29005e-06 0.268174 0.135202 0.00414013 0.0128515 
0.00570246 0.000492417 0.00142154 0.0185204 0.0200988 0.100242 0.00805556 0.00777005 0.610838 0.0180816 0.00157582 0.000863929 0.000273545 0.113578 0.0892902 0.00240821 0.00078812 
0.00769965 0.00223456 0.00195531 0.0232618 0.0338146 0.0931716 0.010873 0.0182426 0.539466 0.00663348 0.00605299 0.000871763 0.000141189 0.139135 0.0793507 0.0218719 0.015224 
0.0309886 0.00102511 1.97368e-06 0.0438733 0.0425284 0.0777816 0.00320968 0.0358454 0.48507 0.0248864 0.00688159 0.000507448 1.41227e-05 0.187346 0.025657 0.0342198 0.00016355 
1.54715e-07 4.43327e-11 1.23982e-07 0.133996 0.00464675 0.00974664 6.10729e-07 2.56393e-11 0.544856 0.00249992 6.85315e-07 1.35667e-07 5.90507e-11 0.0104006 0.293852 1.29059e-11 1.99452e-11 
0.0361491 0.000394616 4.08724e-06 0.0312849 0.0155837 0.0138222 0.00635661 0.00510117 0.426889 0.012027 0.00402504 0.000963491 2.39736e-05 0.392689 0.0227771 0.0318872 2.23011e-05 
0.0159058 2.62233e-05 1.33929e-06 0.0588261 0.0231428 0.00120289 0.00106292 0.00487353 0.71203 0.0419291 0.00039307 0.0143202 1.46463e-05 0.120291 0.00453964 0.00131012 0.000130798 
0.028393 6.20873e-06 7.53722e-09 0.0982396 0.00957691 0.191139 0.00420919 0.012276 0.360069 1.3927e-05 0.000312938 7.08514e-08 5.74736e-09 0.287554 0.00785255 0.000356649 9.64333e-07 
0.00311793 8.88743e-07 6.69136e-11 3.94429e-07 0.0331356 0.121312 3.8594e-07 0.00265542 0.50597 0.110294 0.0112634 3.05983e-07 5.51106e-07 4.90122e-06 0.21148 1.0226e-05 0.000753367 
0.0628888 0.0410034 0.00166365 0.0138758 0.154917 0.0168379 0.000739662 0.00538221 0.26947 0.000610797 0.00098935 0.000683662 1.87967e-09 0.173724 0.218311 0.0386626 0.000239896 
0.00754067 0.00116906 0.00138211 0.0754675 0.0392683 0.0712318 0.045284 0.0148858 0.401978 0.0143634 0.0580411 0.00207799 0.00164443 0.162597 0.0801463 0.0200844 0.00283779 
0.01099 0.0118687 6.40579e-05 0.0359767 0.0446048 0.0884894 0.0124244 0.00755439 0.423536 0.0142437 0.0152961 0.00205224 8.99094e-07 0.271034 0.0515182 0.0102096 0.00013636 
0.00131445 1.89506e-08 2.39624e-09 0.00508477 0.0185123 0.0073238 0.0052902 0.000491931 0.656905 0.00545138 9.07411e-08 0.0016469 2.43629e-05 0.286651 0.00875353 0.00253543 1.45188e-05 
0.0511504 0.00146781 0.000166708 0.124854 0.024614 0.0815843 0.00519592 0.0080513 0.329209 0.00518307 0.0422702 0.000150975 9.04123e-11 0.278871 0.0449745 0.00223211 2.51581e-05 
2.64321e-05 3.38235e-07 9.01585e-07 0.06456 3.99389e-08 0.123009 0.0817847 1.63132e-11 0.547477 1.05146e-11 6.28514e-07 3.4168e-05 9.03267e-09 0.159428 0.0216833 0.00199635 1.26903e-11 
0.0261057 0.000261868 0.0032643 0.0199928 0.0741388 0.00572844 0.00887846 0.000832158 0.55175 0.0843281 0.00327608 0.00245089 3.95701e-05 0.151923 0.0666133 0.000397099 1.93765e-05 
0.0955049 3.994e-07 8.79405e-05 0.0086609 0.0164712 0.00203776 0.00181512 0.000202243 0.743886 0.00280862 8.91888e-07 0.000111201 3.50663e-08 0.00458295 0.122366 3.97177e-05 0.0014242 
0.0053682 0.000121703 0.000223757 0.0217196 0.00728665 0.0809855 0.0102463 0.000351247 0.474696 0.00317579 0.00532767 0.000111026 1.71545e-07 0.19741 0.183491 0.00843321 0.0010522 
0.0257606 0.00395774 0.000473958 0.172231 0.0451721 0.030463 0.018033 0.00825085 0.348725 0.00766979 0.0139972 0.00138857 0.00101723 0.247903 0.0604269 0.009562 0.00496757 
0.00788089 0.00338974 0.000676266 0.118064 0.0247396 0.102446 0.0364875 0.0026853 0.315072 0.0109626 0.0210519 0.00124283 4.02549e-05 0.0773877 0.257946 0.0136597 0.00626789 
0.000738084 0.000178731 1.58151e-06 0.0184094 0.00110351 0.0243954 0.00093232 0.000137868 0.536752 0.00100565 0.107907 1.12401e-08 2.48412e-09 0.0370379 0.271299 0.000100396 1.35223e-06 
0.00120684 1.009e-08 9.20252e-05 0.0232293 0.00806827 0.0509794 0.00133437 0.00081607 0.679771 0.0207016 0.0725522 0.000371897 1.16638e-05 0.00432516 0.133905 0.00260392 3.20174e-05 
8.15011e-08 1.37019e-12 1.07729e-08 0.00233289 0.0230801 0.0130565 0.0101704 6.68821e-08 0.504223 0.000669507 7.71166e-09 0.00769563 1.82507e-12 0.437217 0.00104924 0.000505502 1.06035e-08 
0.00490157 0.00017287 0.000149838 0.0135591 0.0243218 0.0124754 0.00299919 0.0076722 0.625481 0.00248443 0.0254178 7.24468e-05 1.71831e-07 0.0453193 0.213467 0.0214913 1.51847e-05 
0.0182414 3.20732e-10 2.75994e-07 0.0191664 0.139999 0.0189271 0.00138212 0.00201663 0.551165 0.161022 0.00237754 8.74965e-06 4.27586e-07 0.0117419 0.063824 0.00829455 0.00183281 
0.00288192 1.23099e-05 0.00111031 0.0832268 0.0109768 0.140457 0.00573697 0.0195515 0.588759 0.0011691 0.00180374 8.29814e-06 4.88155e-08 0.0426793 0.101501 0.000125876 1.64881e-08 
0.00990871 0.0017945 0.00172662 0.0358164 0.0651694 0.0337223 0.00846385 0.0103074 0.532459 0.0263698 0.0127515 0.00375197 4.19663e-06 0.161674 0.0476249 0.0236347 0.0248208 
0.00355281 0.0116331 1.36085e-05 4.62224e-05 0.00659518 0.00754493 0.00242219 0.000482886 0.687826 0.00384616 0.0326076 0.000125752 2.25427e-08 0.231858 0.0113765 5.43926e-05 1.49236e-05 
0.00779953 7.73535e-05 0.00017917 0.00777851 0.0588986 0.153416 0.000524301 0.00904266 0.426471 0.172727 0.00152499 0.000625731 6.89846e-06 0.0584557 0.0978948 0.00454785 2.95548e-05 
0.0188163 7.67679e-11 1.52256e-07 0.0484501 0.133851 1.8443e-06 0.0699068 0.0114299 0.470323 0.171106 2.34927e-06 1.00924e-07 3.37246e-08 0.0512324 0.024876 4.2933e-06 3.45378e-11 
0.000605114 2.20091e-05 3.28336e-05 0.124893 0.00232544 0.017455 0.00449372 0.0001638 0.410789 0.00361873 0.121539 2.15801e-05 7.33642e-06 0.000628881 0.313398 6.66707e-06 2.86968e-09 
0.0332061 0.000584745 2.01836e-07 0.0285474 0.111285 0.00709387 0.0125867 0.0013829 0.559223 0.0319707 0.000458659 0.000136753 1.09403e-06 0.200672 0.0126255 0.000192568 3.20666e-05 
0.000295287 0.0128325 8.56903e-07 0.152319 0.00193152 0.00171379 0.0239564 7.66094e-12 0.701695 0.00155522 0.0362698 0.011286 0.000111039 0.0503589 0.00165465 0.00401986 5.95955e-12 
1.06569e-05 3.81425e-06 0.000308267 6.01097e-07 0.30995 2.49567e-06 1.1151e-06 0.0969926 0.495755 0.0968917 2.61799e-06 4.28701e-06 4.68365e-06 2.31559e-05 1.48914e-06 4.39835e-05 4.2766e-06 
0.0100839 0.00307027 0.00202918 0.0710715 0.0216214 0.0380077 0.0169719 0.00495392 0.562241 0.00835855 0.055653 0.00176371 0.000121937 0.0938122 0.101673 0.00620761 0.00235975 
0.0410508 0.00617996 0.00287451 0.1343 0.0426502 0.015296 0.0202183 0.00432292 0.381205 0.0172145 0.147987 0.0338169 1.58776e-05 0.0674937 0.0771641 0.00809861 0.000111505 
0.000137684 0.000103578 6.56664e-05 0.147024 1.16691e-08 0.0427819 0.0276465 9.52126e-05 0.661561 1.0774e-05 0.00919034 1.64678e-05 1.62894e-12 0.0318849 0.0790616 0.000420845 1.66271e-09 
0.0116516 0.00194849 0.000571992 0.205193 0.0341033 0.0272798 0.0179101 0.00185269 0.427124 0.0248426 0.0545476 0.000856091 5.9764e-07 0.0690244 0.0992077 0.0202195 0.00366709 
0.00110294 0.000612869 0.000285893 0.0154689 0.0167515 0.0475107 0.0252387 0.00555205 0.424172 0.00283725 0.0100466 0.000169561 1.62791e-06 0.208161 0.196157 0.0437802 0.00215118 
0.00547049 7.98158e-05 0.000161589 0.0262126 0.0334762 0.219915 0.038777 0.00830146 0.339284 0.00257435 0.0212224 0.000156544 1.52694e-06 0.208311 0.0803742 0.00857374 0.00710806 
0.00964817 0.00242204 8.02188e-05 0.00948325 0.0424308 0.134523 0.00420123 0.010311 0.260142 0.086342 0.0177374 0.0131339 0.233363 0.0583948 0.0830688 0.02616 0.00855871 
0.000250675 0.000145277 1.00332e-06 0.318195 0.0217639 0.0207437 0.012454 0.000512329 0.58056 0.00028776 2.20627e-07 5.19858e-05 7.14376e-09 0.0434552 0.00016033 0.00141633 2.31346e-06 
0.0545335 0.000699908 0.00029737 0.106317 0.11697 0.00144495 0.00374324 0.000533664 0.476122 6.03867e-05 0.0430698 0.0001291 5.23596e-08 0.141059 0.00383235 0.0271921 0.0239948 
0.00446362 0.0114177 1.94818e-05 0.0202283 0.0509994 0.167604 0.00196193 0.0112549 0.285595 0.0209096 0.00526315 0.00499876 0.00786039 0.0501678 0.220342 0.135782 0.00113176 
0.0085145 0.00410149 0.00168174 0.0241599 0.0434317 0.0481777 0.0103985 0.0262833 0.382605 0.00812499 0.00181772 0.00336378 1.30862e-06 0.352509 0.0174358 0.0673502 4.35019e-05 
0.0147929 0.000593015 0.000486047 0.0405445 0.0184967 0.0635947 0.0197815 0.00298689 0.383892 0.0127107 0.0165141 0.000302266 0.000115889 0.0646742 0.343168 0.0106401 0.00670618 
0.00460201 0.00799769 0.000134612 0.0457428 0.014164 0.0359126 0.00981111 0.00142019 0.360357 0.0501143 0.0978315 0.00132238 0.00050995 0.0330419 0.319959 0.00535909 0.0117202 
0.00131445 1.89506e-08 2.39624e-09 0.00508477 0.0185123 0.0073238 0.0052902 0.000491931 0.656905 0.00545138 9.07411e-08 0.0016469 2.43629e-05 0.286651 0.00875353 0.00253543 1.45188e-05 
0.000174716 0.000113129 5.53737e-05 0.0496697 0.00230315 0.219441 0.00373591 0.000272434 0.578193 0.04926 0.00108844 3.35773e-06 8.71765e-10 0.0145121 0.0806359 4.10226e-05 0.000500303 
0.00292084 0.00482683 8.34815e-06 0.0101198 0.00651685 0.00192512 0.000821746 0.0199213 0.510279 0.00520808 0.133964 0.00031947 3.20971e-08 0.270672 0.00844381 0.0240416 1.09473e-05 
0.122277 0.000571162 9.79898e-07 0.00116147 0.390153 0.00222876 4.67412e-05 0.0365677 0.408061 0.0157735 3.21128e-06 0.000136772 9.64915e-12 0.0115286 0.00681918 0.00466886 2.08015e-06 
0.000242762 0.000796165 0.00547615 0.0418788 0.00791254 0.209426 0.0015322 0.000440411 0.411826 0.00320282 0.000275228 0.000294826 2.09843e-06 0.103044 0.16913 0.01162 0.0328999 
0.00200471 0.00147984 1.6499e-05 0.0787931 0.00634329 0.0390399 0.00275925 0.000513308 0.695073 0.0180627 0.0388894 0.000868768 5.74783e-06 0.0885747 0.0274231 7.00276e-05 8.28828e-05 
0.00585572 0.000124114 0.00265151 0.0273502 0.0167426 0.0522661 0.00687052 0.0162321 0.601178 0.004118 0.0337942 0.000227847 1.19974e-05 0.0623169 0.150127 0.0201107 2.18665e-05 
0.0032315 0.00116731 0.0933749 0.167843 0.0101797 0.00146482 0.0736938 0.000510804 0.25067 0.000169572 0.173737 0.000332354 9.33402e-08 0.0146282 0.197784 0.000936425 0.0102768 
0.00330956 3.09397e-05 0.00058742 0.0187079 0.00562614 0.000233559 0.0101842 0.000524587 0.676335 2.34068e-12 0.000569724 3.39389e-05 8.36385e-12 0.282684 0.00100239 0.000171271 2.825e-12 
0.0085236 0.00016511 0.00118304 0.0194108 0.0672815 0.184886 0.0127622 0.0245044 0.355762 0.00346518 0.00513149 0.000425635 7.36925e-05 0.30572 0.00837307 0.00231303 1.90624e-05 
0.00466372 0.0195201 4.37372e-05 0.00409295 0.0411525 0.0385935 0.00134554 0.0219734 0.511305 0.00112254 0.00679284 0.00123228 1.05753e-07 0.166169 0.097302 0.0416323 0.0430583 
0.00220719 2.04624e-06 1.27832e-05 0.0566135 1.49785e-05 0.00221739 0.0146671 8.1377e-07 0.908471 3.87974e-08 0.000385234 6.77237e-06 1.97934e-12 0.00543447 0.00978897 0.000169812 7.898e-06 
0.00317213 0.000271601 0.00266546 0.110626 0.0107187 0.0017279 0.0011187 0.00206747 0.779997 0.00319913 0.0435102 0.000721938 4.94213e-11 0.0299978 0.00987453 0.000330881 1.25342e-07 
0.00885029 3.02428e-08 9.55718e-07 0.000325669 0.0340831 0.00255956 0.000489137 0.001214 0.659087 8.66334e-05 1.24233e-05 6.87554e-05 8.95378e-13 0.292184 0.00103497 1.96844e-07 3.28529e-06 
0.0163619 0.00219544 0.00393342 0.0836819 0.045569 0.0411128 0.0893789 0.0124495 0.247608 0.00757238 0.0134203 0.0947838 0.00177017 0.212052 0.10364 0.0201393 0.00433127 
0.00102389 1.12644e-05 1.00786e-05 0.0325 0.00828952 0.0223073 0.0139508 4.6799e-06 0.721109 0.0025382 0.0201029 0.000162505 1.02535e-05 0.0376608 0.131019 0.00316963 0.0061298 
0.0792833 3.27296e-07 0.000113004 0.0146292 0.117467 0.00271071 0.00810445 0.00121706 0.400808 0.14504 0.044468 0.000300455 2.58513e-07 0.172985 0.00958015 0.00328368 8.87702e-06 
0.00210961 0.0849212 0.000159492 0.0685393 0.0213312 0.0540868 0.051976 0.00138791 0.452117 0.0140678 0.0146276 0.000153845 1.78e-06 0.107601 0.116231 0.00807804 0.00260967 
0.0481963 3.50585e-07 2.70522e-05 0.00243889 0.0995263 0.00941168 0.00381391 0.0465116 0.628941 0.00830988 0.00023573 0.000219501 3.67411e-09 0.0974132 0.0179529 0.00470105 0.0323009 
0.0194603 0.000111142 0.00050852 0.0410447 0.0473743 0.013484 0.0509696 0.0149215 0.457018 0.00727799 0.0107347 0.0652506 0.0613721 0.135151 0.0606063 0.0143269 0.00038742 
0.00980695 0.000815276 0.000662655 0.066943 0.0142564 0.206393 0.0109774 0.00412364 0.52197 0.00536599 0.0115791 0.000409158 3.08276e-05 0.081082 0.0528268 0.00802724 0.00473099 
0.0126369 0.000161462 0.000953487 0.262446 0.00725772 0.0325871 0.159795 0.000584343 0.284003 0.011744 0.00947172 0.000789145 0.000248914 0.111479 0.105139 0.000701162 1.06263e-06 
0.00704026 0.00119014 3.15803e-05 0.0136616 0.0246944 0.160092 0.0103578 0.0151218 0.376392 0.0307777 0.00434027 0.00629538 4.10316e-09 0.250616 0.0642741 0.0347374 0.000377078 
0.0153207 4.43211e-05 0.000117425 0.0706345 0.0156631 0.144432 0.00770404 0.00507851 0.477286 0.000988952 0.015799 0.000192372 2.79456e-08 0.11022 0.100296 0.0362192 3.92772e-06 
0.0096336 0.00439712 0.000289189 0.103961 0.0336298 0.014024 0.0146446 0.0103356 0.516095 0.0175315 0.0300344 0.00445313 7.33712e-06 0.103943 0.115409 0.0171076 0.00450543 
0.000608362 1.32497e-07 1.36276e-06 0.0210447 0.00984465 0.0236102 0.0916722 4.48794e-08 0.417513 0.000117895 0.0119812 0.00230524 1.61285e-10 0.333322 0.0870821 0.000865149 3.12539e-05 
0.146406 0.00100189 2.79156e-05 0.0142769 0.113694 0.00137344 0.0257607 0.00392603 0.518217 0.0278542 0.00646285 0.00199857 2.10669e-07 0.110237 0.00581109 0.0229482 4.35559e-06 
0.0734397 1.94936e-05 4.14822e-06 0.0277445 0.0582863 0.0310028 0.0740782 0.00281912 0.418973 0.00112873 0.000147169 4.54358e-05 1.64697e-06 0.278872 0.00243623 0.0309866 1.48076e-05 
0.00315196 4.04991e-05 4.33095e-06 0.00332604 0.0302922 0.00524987 0.00303433 0.0145245 0.782005 0.0061616 0.000357157 0.000382531 5.3278e-07 0.108382 0.0112679 0.0317724 4.71561e-05 
0.000437238 0.00145277 0.00410714 0.0402319 0.012403 0.219853 0.00167078 0.000330312 0.380768 0.00595368 0.00138425 0.00027662 1.57418e-06 0.114112 0.162624 0.0279398 0.0264535 
0.00618764 0.000799014 0.00252455 0.0332737 0.0183772 0.0997496 0.00384381 0.000952579 0.444595 0.00275107 0.0545693 0.000141501 9.65651e-07 0.0166661 0.290354 0.0251904 2.38254e-05 
0.0277 0.00429673 0.0094221 0.0237758 0.0620223 0.114328 0.0460005 0.00150349 0.356943 0.0275001 0.00702652 0.00181695 5.02573e-06 0.223092 0.0903736 0.000644556 0.00354893 
0.0111337 0.00109155 0.00163133 0.00968541 0.0699587 0.202195 0.0187769 0.0083922 0.369372 0.00908931 0.00078114 0.000352897 6.28913e-06 0.244034 0.0341062 0.0104871 0.00890613 
0.00301348 0.000281274 0.000641895 0.0670352 0.00946454 0.0201195 0.0189313 0.00108571 0.483162 0.00370041 0.017084 8.84213e-05 4.56195e-07 0.0241254 0.345238 0.00552602 0.000502392 
0.0399702 0.000488056 0.000194099 0.00348738 0.00746007 0.00348731 0.00213667 0.00371903 0.849062 0.0257498 0.00213367 8.85918e-06 4.16287e-06 0.00969095 0.0513242 0.0010688 1.43523e-05 
0.0132039 1.46932e-05 3.60659e-05 0.1149 0.0224163 0.0103867 0.0273655 5.65761e-05 0.614223 0.00247872 0.0131685 0.000100952 0.000500002 0.171786 0.00514905 0.00421232 1.52693e-06 
0.0613527 0.00363226 0.00272837 0.0391611 0.0347235 0.0133904 0.00547376 0.00997363 0.314344 0.0266214 0.157035 0.00123928 0.000151399 0.0816861 0.230159 0.0148012 0.00352657 
0.010852 0.000141255 8.76316e-08 0.00134798 0.163927 0.0300099 0.00231342 0.0287452 0.486061 0.133052 0.000272631 0.000508433 1.37292e-11 0.0359119 0.0200879 0.086674 9.54808e-05 
0.0161167 0.0065956 0.0373923 0.0366863 0.0504151 0.150092 0.00435514 0.00658379 0.367419 0.0232889 0.0406349 0.000488171 2.82783e-07 0.0877694 0.0402822 0.131751 0.000128859 
0.00301921 0.00154175 1.18821e-05 0.0119861 0.00497331 0.271985 0.0124791 0.000301751 0.40049 0.000300137 0.00293174 0.00763093 7.58248e-07 0.183501 0.080399 0.0184328 1.54732e-05 
0.0068259 0.00210656 0.00784998 0.0186365 0.0379415 0.0993428 0.00999434 0.0205797 0.352798 0.0767921 0.00535867 0.00681413 3.16187e-05 0.0646553 0.283166 0.00681111 0.000295597 
0.00536436 0.00602469 0.000127753 0.0543167 0.033516 0.15336 0.0767988 0.00255767 0.322584 0.0040519 0.00169758 0.000747806 0.0017987 0.268219 0.0570164 0.0112827 0.000535665 
0.00157191 0.00083298 0.00329481 0.0635523 0.0017686 0.000832208 0.00634479 3.81463e-06 0.841291 0.0287949 0.000407455 9.90586e-06 3.96468e-10 0.0137646 0.0370208 0.000505027 4.98857e-06 
0.0126661 0.00366527 2.0841e-07 0.143996 0.0402097 0.0494141 0.025988 0.000909173 0.471962 0.0091932 0.0441646 0.000538168 2.1856e-06 0.172143 0.0232845 0.00181317 4.99983e-05 
0.123128 0.00175376 2.05356e-07 0.0656912 0.154152 0.0540612 0.116014 0.0069633 0.234459 0.00572256 0.0195329 0.000340892 3.32015e-05 0.11172 0.105451 0.000930398 4.73847e-05 
0.0625518 3.31436e-05 5.95185e-05 0.00451842 0.118064 0.000369904 1.08382e-07 0.0468525 0.694356 0.00890844 8.40181e-05 0.00028935 6.77604e-13 0.0586525 0.00269086 0.00256933 1.85408e-09 
0.000125838 2.79401e-05 0.000944484 0.0102423 0.0022247 0.0492148 0.00800983 0.000232329 0.558402 0.000529223 6.33702e-05 5.36429e-05 6.60865e-07 0.0246038 0.331291 0.0123139 0.00171965 
0.0902048 0.00188354 0.00247665 0.0906081 0.155953 0.0772251 0.0114003 0.0349875 0.187886 0.124604 0.0152628 9.90295e-07 9.90565e-07 0.0984523 0.0850616 0.0236937 0.000298355 
0.00174298 0.000280149 0.00261619 0.0772278 0.0123536 0.0951601 0.00309851 0.00170735 0.599048 0.00167558 0.00107356 0.000182774 2.30809e-06 0.046417 0.102582 0.00570209 0.0491305 
0.000901304 7.86273e-05 5.42018e-09 0.000378474 0.00788015 0.00549313 4.94551e-05 0.0157848 0.678409 0.0179931 2.94497e-07 0.00158989 2.07242e-12 0.263437 0.00797322 1.40564e-08 3.12788e-05 
6.13067e-05 0.000335153 3.09467e-06 0.00386731 0.000130557 0.405509 0.00315069 9.66032e-06 0.459905 0.000722274 2.09349e-05 4.30754e-06 3.5557e-11 0.00762381 0.118081 0.000546915 2.93463e-05 
0.00793437 0.000232344 1.41191e-08 0.0214153 0.0596244 0.0155392 0.0108165 0.00060972 0.725486 0.0266172 0.0425504 7.31869e-08 5.0325e-06 0.0326594 0.0421791 0.000526869 0.0138039 
0.108656 8.8168e-05 1.56762e-10 0.163877 0.0276937 0.0108033 0.00117696 0.00261751 0.392497 0.00967699 0.0548568 0.00105411 1.19536e-10 0.218701 0.00493604 0.00336454 8.50844e-07 
0.00218314 0.00022875 2.19792e-07 0.0209514 0.0324646 0.00521032 0.0135751 0.00091177 0.647119 0.00694648 0.00548964 0.0537318 5.8637e-06 0.210208 0.000397478 0.000575244 1.19678e-06 
0.00317102 0.000339739 5.53609e-06 0.00931706 0.0315152 0.00750454 0.00150229 0.00966355 0.781271 0.0044395 0.00830529 0.000488632 1.9225e-07 0.0682697 0.0200525 0.0541391 1.5223e-05 
0.00418799 0.00113428 0.000438065 0.0228076 0.0232867 0.108402 0.00920513 0.00620869 0.546737 0.0145563 0.00602197 0.00153783 6.41629e-05 0.0965515 0.146536 0.0121525 0.000172123 
0.033046 0.00195355 0.000200763 0.0536486 0.136713 0.074673 0.00829768 0.0458324 0.317276 0.0693429 0.0283624 0.00526876 1.24752e-05 0.116432 0.0494232 0.0583131 0.00120343 
0.0030074 0.00342246 0.000128215 0.0725363 0.00939517 0.157505 0.0375236 0.0234797 0.367151 0.0120884 0.00187143 0.000794728 0.00120719 0.187314 0.104169 0.0180627 0.000343882 
0.106731 0.000148368 0.000478922 0.0315984 0.0621579 0.0648105 0.0987007 0.0389366 0.269427 0.00380884 0.00644258 7.83028e-05 5.32356e-05 0.137117 0.161009 0.0142784 0.00422281 
0.00407403 4.1293e-06 3.34196e-06 0.0336641 0.0725188 0.285107 0.0313671 0.00012475 0.34427 0.00237443 0.00726983 0.00102146 7.87593e-06 0.137756 0.0693288 0.00918294 0.00192599 
0.0318258 0.00165603 4.20382e-06 0.0292969 0.112919 0.0960564 0.00510597 0.00545861 0.298803 0.0770641 0.015241 0.0025877 2.13412e-06 0.203529 0.0898595 0.0304456 0.000144833 
0.0518655 0.00314153 0.000453809 0.032505 0.244354 0.00776632 0.0199985 0.0263809 0.270763 0.17454 0.0172551 0.000241354 3.70242e-06 0.0915798 0.0503804 0.00870935 6.19446e-05 
0.00186443 0.000537331 2.35611e-08 0.00289065 0.0287147 0.021304 0.000271002 0.000891038 0.624199 0.0131497 1.76889e-05 0.0404881 1.60057e-06 0.244423 0.021121 0.000113307 1.36429e-05 
0.00859059 0.0311986 1.30381e-05 0.104236 0.0210252 0.00296829 0.0212424 0.0157795 0.716989 0.00681501 0.00756683 3.81121e-05 5.98047e-07 0.0168071 0.01336 0.0295491 0.00381978 
0.0204148 0.000345809 0.00174823 0.032623 0.0682546 0.034557 0.00607542 0.0153275 0.490647 0.0473462 0.00907144 3.0867e-05 9.51456e-06 0.0546733 0.144296 0.0745644 1.46309e-05 
0.00118805 3.9319e-05 1.16661e-06 0.000992226 0.0295053 0.00493112 0.000154479 0.0121947 0.683341 0.0163356 1.48342e-07 0.000967637 3.24205e-09 0.245401 0.00488733 3.18193e-05 2.94905e-05 
0.0027434 0.000728279 0.0134418 0.00366137 0.0142602 0.273792 0.00345194 0.00379849 0.356987 0.0968828 0.00274227 0.000903333 8.92693e-05 0.204826 0.0178067 0.00331754 0.000568584 
0.0287063 0.000510092 2.28102e-06 0.00915492 0.110119 0.0522268 0.0185028 0.00481195 0.280328 0.179248 0.025597 0.00243694 1.6782e-05 0.135761 0.0568374 0.0955959 0.000145459 
0.014442 0.00275493 0.00308243 0.0436801 0.0408964 0.0516383 0.0241823 0.00628595 0.421338 0.0135507 0.0199506 0.00243678 0.00246084 0.305754 0.0342508 0.0124837 0.000812155 
0.0020601 4.28353e-11 1.49725e-07 0.100221 0.133484 2.51269e-07 0.024382 0.0081634 0.445501 5.97204e-07 2.80754e-07 4.36779e-07 5.70562e-11 0.256174 0.0300122 7.59433e-07 1.92715e-11 
0.00398207 0.00011937 6.81036e-05 0.022658 0.0111001 0.0153278 0.0116931 0.00108904 0.788587 0.000623277 0.00735768 7.61084e-05 9.29685e-08 0.0345984 0.0909564 0.0107765 0.000987177 
0.00672835 4.00577e-05 3.12953e-05 0.0303658 0.0609254 0.111165 0.0167701 0.000412036 0.428901 0.0237641 0.000933126 0.000722111 4.42301e-07 0.282828 0.022759 0.0135226 0.000132342 
0.0150453 3.70303e-05 6.88279e-07 0.405655 0.0281551 4.39248e-07 0.010227 5.71436e-07 0.467053 1.0574e-07 0.0254466 2.95941e-07 1.14841e-11 0.0483784 3.59417e-07 5.97863e-07 3.87891e-12 
0.00594744 0.000777374 0.000346065 0.0136721 0.0285566 0.0615515 0.00407395 0.0105775 0.620304 0.0521416 0.0074128 0.00103612 0.000431457 0.0865121 0.0692415 0.0140625 0.0233553 
0.00911461 0.0158511 0.00130932 0.0288387 0.118039 0.13447 0.0210475 0.0236282 0.310418 0.0599801 0.00146865 0.000355223 6.74169e-05 0.0876351 0.133837 0.0524554 0.00148485 
0.00390379 7.45745e-05 7.9968e-12 0.00630512 0.0367886 0.0335089 0.0199939 8.50349e-07 0.686327 2.52465e-07 3.87651e-05 5.72451e-05 1.71236e-08 0.190235 0.022697 6.94616e-05 6.98952e-09 
0.00444912 0.0158549 6.88655e-06 0.0192088 0.018849 0.0288726 0.00623962 0.000676048 0.515342 0.00661376 0.00190118 0.00356689 8.12874e-10 0.115927 0.224473 0.00264638 0.0353728 
0.154907 0.000591506 1.77415e-06 0.00388952 0.0301155 0.0324726 0.00264695 2.10147e-05 0.302295 0.285897 0.000260002 0.00022112 1.42611e-09 0.0279982 0.11987 0.0348847 0.00392806 
0.00693817 0.00193988 0.16613 0.00468235 0.0998051 0.00454166 0.000192622 0.00590589 0.304031 0.0131707 0.00043709 0.000635561 2.99912e-08 0.238818 0.113376 0.0228333 0.0165639 
1.31077e-09 0.000106867 2.86e-06 0.119085 1.03446e-06 6.13615e-05 0.0150638 1.89003e-09 0.383241 0.125939 1.1642e-05 5.55292e-09 4.35297e-09 0.356474 1.32366e-05 9.51368e-10 1.47028e-09 
0.00527805 0.00589384 9.61399e-06 0.00282207 0.156675 0.0970767 0.103902 0.159503 0.195124 0.0126652 0.00113354 0.000140428 1.64892e-06 0.162429 0.0789394 0.0181369 0.00026986 
0.0372364 0.00518922 0.000373509 0.118875 0.0326258 0.106389 0.05973 0.00575378 0.333063 0.0143917 0.0196867 0.00141559 6.78008e-05 0.145918 0.108208 0.00751534 0.00356146 
0.0165385 0.00030977 0.000261529 0.0424878 0.017615 0.00304628 0.0581715 0.00392912 0.551921 0.0323068 0.018183 0.00223412 2.85417e-07 0.0349147 0.212976 0.00506745 3.72575e-05 
0.00557154 0.000881257 0.00157017 0.110599 0.014663 0.0347809 0.0242236 0.000822037 0.401619 0.0196701 0.00826879 0.00128305 5.65929e-07 0.135584 0.200775 0.00316452 0.0365243 
0.0121085 0.0015929 0.000129299 0.176675 0.0340809 0.0318302 0.106442 0.00145531 0.432878 0.0116758 0.00561768 0.0001537 5.79925e-05 0.117468 0.0593253 0.00666427 0.00184564 
0.0642516 0.000193352 1.36663e-05 0.101997 0.149054 0.00330158 0.00492224 4.87955e-05 0.352408 0.00200469 0.0433205 9.11143e-06 0.00240048 0.0191696 0.255374 0.0015049 2.71869e-05 
0.00547225 0.00292854 6.41462e-06 0.00192413 0.0088001 0.0974617 0.0011486 0.00310198 0.744315 0.00441867 8.74875e-05 0.000294235 4.39601e-08 0.0985507 0.0249529 0.0064401 9.68588e-05 
0.0356191 0.00115765 0.000845407 0.0551464 0.0445554 0.103468 0.0260824 0.02172 0.481852 0.029033 0.0361959 0.000179791 0.000133228 0.135254 0.0170896 0.0111546 0.000513089 
0.0134116 6.64815e-06 2.75282e-07 0.120698 0.0672934 0.00409848 0.00272693 0.0154494 0.368864 0.00122668 0.0145394 0.000109882 1.85108e-08 0.245143 0.0545411 0.00594268 0.0859487 
0.0114203 0.00347493 0.00102754 0.104191 0.0309473 0.0538301 0.097493 0.00398525 0.320901 0.0234221 0.061995 0.00189685 0.000311412 0.0676271 0.204863 0.0083951 0.00421899 
0.0287619 0.000511519 0.00437282 0.170737 0.0644783 0.0625307 0.0517098 0.00013495 0.190375 0.0996401 0.121125 0.0286484 0.00574823 0.0422446 0.127286 0.000259175 0.00143707 
0.00333495 3.8851e-05 1.21596e-05 0.0237253 0.0347769 0.0400974 0.0140321 0.002644 0.480342 0.0168872 0.00606015 0.00147473 9.24559e-06 0.0613214 0.314862 0.000306704 7.4594e-05 
0.00549738 0.00249304 9.45902e-06 0.254905 0.0268076 0.0223923 0.0013664 0.000558495 0.267951 0.0954787 0.00227281 0.000265082 3.99159e-07 0.149311 0.160148 0.0105238 2.03534e-05 
0.00492097 0.000557552 1.48234e-05 0.00484773 0.0573021 0.0200405 0.00303161 0.00988438 0.646618 0.0444401 0.00274763 0.00121088 1.54712e-05 0.162606 0.0250708 0.0164972 0.000193719 
0.0205214 0.00344017 0.0159314 0.0278139 0.0492761 0.037669 0.0223669 0.00558294 0.41339 0.0147008 0.0139367 0.000702273 1.28981e-05 0.219958 0.0885242 0.0607668 0.00540727 
0.0258042 0.0166898 0.108209 0.0829277 0.187827 0.0187326 0.0218904 0.0545757 0.320361 0.036047 0.000256128 1.81682e-05 1.86057e-07 0.0757168 0.0324271 0.0179811 0.000536448 
0.00107779 0.00111602 3.19657e-12 0.00984894 0.0051013 0.153593 0.0474104 0.0010039 0.44124 0.000132459 0.000927201 6.08444e-05 2.43748e-12 0.332577 0.00582097 4.87548e-05 4.0819e-05 
0.00805749 0.0033042 0.000167302 0.00348302 0.0427774 0.0413787 0.0123806 0.01518 0.454982 0.0327365 0.00162891 0.000423278 6.30098e-06 0.351357 0.0229823 0.00912173 3.2826e-05 
0.0108993 1.17755e-07 2.0847e-05 0.0218041 0.00578793 0.00129727 0.000855941 0.000389451 0.468825 0.00152504 0.00957246 0.00012413 1.27134e-10 0.258818 0.219426 0.000620107 3.36881e-05 
0.0123033 0.00623248 0.00121729 0.0779341 0.0523264 0.103524 0.0293421 0.0115644 0.29765 0.0408101 0.00858081 0.00178741 2.29517e-08 0.255515 0.09083 0.0102109 0.000171634 
0.00829093 4.4558e-06 2.41583e-06 0.00105849 0.0468787 0.146353 0.00021545 0.00346661 0.726504 0.0159648 0.000768519 0.00489411 2.45291e-10 0.00230475 0.0395283 0.00372437 4.02725e-05 
0.000509073 8.94142e-05 2.16086e-06 0.0224727 0.00283897 0.0366825 0.00483229 0.00697731 0.543025 0.0205198 0.0550995 0.00167709 4.11122e-12 0.00907266 0.288338 0.00786333 2.58654e-07 
0.0574292 0.00794063 0.000275386 0.064208 0.0381528 0.0232116 0.0219948 0.00162024 0.35248 0.0283591 0.0122519 0.0109557 8.70126e-06 0.31703 0.0545501 0.00658346 0.00294924 
0.0166823 0.0026492 0.00299658 0.0409956 0.0636022 0.030049 0.00253924 0.00411721 0.365128 0.0515609 0.0154474 0.00243534 1.49372e-08 0.0575314 0.284361 0.024912 0.0349925 
0.00522519 0.000782977 0.000206226 0.0173391 0.0774054 0.0178076 0.000321198 0.0139699 0.373582 0.00635148 0.000287327 8.44337e-05 3.56128e-10 0.0817223 0.357726 0.0426657 0.00452335 
0.00444912 0.0158549 6.88655e-06 0.0192088 0.018849 0.0288726 0.00623962 0.000676048 0.515342 0.00661376 0.00190118 0.00356689 8.12874e-10 0.115927 0.224473 0.00264638 0.0353728 
0.0015637 4.36008e-06 1.3326e-05 0.238737 0.0450299 0.00220666 6.21737e-06 0.0227441 0.30533 0.162159 1.13059e-05 0.00266894 5.37993e-08 0.0890934 0.128978 0.00102642 0.00042812 
0.00599783 2.08397e-07 1.68426e-05 3.28418e-08 0.0562718 0.00400894 0.000109725 6.70717e-07 0.59999 0.247792 1.43038e-07 2.34227e-07 2.55898e-07 0.0850197 0.000602158 2.4031e-06 0.000187161 
0.0481963 3.50585e-07 2.70522e-05 0.00243889 0.0995263 0.00941168 0.00381391 0.0465116 0.628941 0.00830988 0.00023573 0.000219501 3.67411e-09 0.0974132 0.0179529 0.00470105 0.0323009 
0.00430261 8.68553e-05 3.27781e-07 0.107767 0.00290246 0.158592 0.00164285 5.91247e-07 0.443712 0.00306005 4.20344e-05 1.94133e-07 4.86726e-08 0.105953 0.171776 0.000156621 5.08284e-06 
0.00156492 0.00121 5.83859e-05 0.0181816 0.0473116 0.0584996 0.000360771 0.00453935 0.471441 0.0566956 0.0010391 0.00152786 1.58736e-10 0.304697 0.0319067 0.000918975 4.66687e-05 
0.00622336 0.000280258 2.12238e-07 0.073385 0.064663 0.165683 0.0931931 0.056925 0.292963 0.017624 0.00123926 0.0429225 3.3522e-06 0.123381 0.0333696 0.0281174 2.75137e-05 
0.00181618 7.11495e-06 4.17731e-05 0.0572507 0.0167804 0.184278 0.001881 4.43257e-06 0.480641 0.00264889 5.72503e-07 0.000715952 5.33891e-09 0.0808825 0.17297 4.49158e-06 7.73071e-05 
0.00370095 5.04171e-06 0.00042746 0.0116261 0.0185034 0.0696923 0.0062675 0.000752192 0.595311 0.0372862 0.00464938 0.000116402 1.45834e-06 0.238881 0.0116858 0.00107322 2.08375e-05 
0.00452405 3.63746e-06 2.60601e-07 5.47133e-05 0.0437127 0.00176289 8.27272e-05 0.0205549 0.539336 0.000653488 1.6604e-05 1.65022e-05 2.33888e-10 0.311026 0.000894137 0.077359 2.4962e-06 
0.0173221 0.00342901 1.35901e-05 0.223568 0.0579455 0.0440127 0.0428381 0.0335107 0.275967 0.0964738 0.00695207 0.00327282 1.5621e-06 0.152926 0.0170648 0.00558454 0.0191168 
0.00182856 2.96592e-08 2.397e-06 8.81577e-05 0.0263219 0.00248402 8.67093e-09 0.00552224 0.716129 0.0160696 2.03572e-08 0.00025823 3.07871e-06 0.214062 0.00370985 0.0134861 3.49519e-05 
0.0104135 0.000525777 0.00177913 0.0327662 0.0340227 0.0246609 0.00371843 0.00688659 0.688075 0.0106797 0.075814 0.000149673 9.92715e-06 0.0718827 0.0268579 0.0116811 7.65174e-05 
0.00790015 7.5959e-05 2.20852e-08 0.0020533 0.146085 0.00199288 0.000252302 0.0138421 0.58466 0.073764 0.000352757 0.00157599 2.42016e-06 0.145471 0.0196441 0.0023221 6.23502e-06 
0.0104136 0.000565812 4.57306e-05 0.0147174 0.0163684 0.031891 0.00485328 0.000884098 0.59341 0.0160046 0.0107927 7.24058e-05 2.34484e-05 0.295094 0.00448415 0.000360944 1.81295e-05 
0.0222099 0.00320801 8.0703e-07 0.00284337 0.0443698 0.00465491 0.000734538 0.00529929 0.441749 0.000858639 0.00463979 0.000332447 1.85138e-09 0.441364 0.0173208 0.0103984 1.71883e-05 
0.00805683 0.000644638 5.44162e-05 0.0194225 0.0389764 0.0863849 0.0202535 0.00126597 0.551621 0.0432429 0.0272492 0.000717167 9.49127e-07 0.0997113 0.0980782 0.00146983 0.00284996 
