0.0146155 0.0103878 4.91445e-08 0.0248393 0.0166256 0.19444 0.0216445 0.0040285 0.323445 0.00302617 0.0556064 0.000315383 2.38267e-11 0.228156 0.0849586 0.0177983 0.000113217 
4.02475e-06 4.02297e-06 4.02073e-06 0.0599772 4.02549e-06 4.02504e-06 0.0205301 4.02422e-06 0.602645 4.02483e-06 0.0394372 4.02086e-06 4.02196e-06 0.245965 0.0314012 4.02507e-06 4.02459e-06 
0.0113938 8.29839e-05 1.15914e-09 0.000142842 0.0221462 0.00242561 1.19265e-05 0.107615 0.76558 0.00587231 6.76446e-05 2.62693e-05 2.97227e-13 0.06618 0.00473137 0.0137123 1.12156e-05 
0.00177315 0.0018766 4.32023e-06 0.00385901 0.0659745 0.155301 0.021785 0.00404109 0.639663 0.0137694 0.000213534 0.000199101 4.54522e-07 0.0231025 0.0363814 0.0318866 0.000169143 
4.4484e-06 0.0074693 9.3052e-11 0.0199854 5.44226e-06 1.55588e-06 2.58503e-07 4.22901e-05 0.783705 0.188348 7.36192e-07 1.82848e-06 7.09549e-11 1.24383e-05 4.58557e-06 1.34452e-06 0.000417384 
0.0290482 5.59664e-08 3.36171e-05 0.00323098 0.10871 0.0197552 0.0027548 0.0171087 0.479184 0.00749742 0.000727771 0.000453145 5.59523e-08 0.201155 0.00506792 0.124495 0.000778303 
0.00181939 0.000434703 6.03066e-05 0.0126774 0.00702851 0.0508889 0.015252 0.00152948 0.665135 0.00845541 0.0265666 0.000290502 5.56041e-07 0.0107225 0.191506 0.00761613 1.66391e-05 
6.87852e-06 7.27247e-07 1.26716e-09 8.04303e-07 8.86732e-07 0.00782002 1.22007e-07 4.19535e-10 0.511641 5.22716e-06 0.000616145 1.48261e-06 9.66244e-10 0.00322572 0.476681 8.02191e-08 3.26362e-10 
0.00474637 5.06545e-07 0.000230552 0.0709161 0.00693996 0.000718497 0.0868195 0.000231672 0.549712 0.00141754 0.00106352 2.02094e-07 2.19461e-08 0.198923 0.0781439 0.000136836 6.17925e-09 
0.145709 0.000655743 0.000160864 0.0232689 0.148293 0.14835 0.0134104 0.0013245 0.180593 0.0864347 0.0137548 0.00116441 0.000539206 0.0630572 0.168607 0.00449899 0.000179132 
0.0285475 0.00203996 0.000171764 0.00503315 0.0132132 0.0651294 0.00127669 0.0128699 0.731644 0.034572 0.00263748 0.00026252 5.15882e-08 0.0707771 0.0314436 0.000336569 4.56456e-05 
0.00878085 0.000665096 1.77169e-05 0.0951504 0.0528382 0.0126163 0.0207083 0.00114463 0.625192 0.000436557 0.00247354 0.000238243 8.68453e-07 0.170401 0.00104131 0.00829256 2.41076e-06 
0.000971986 5.08751e-05 3.55058e-05 0.000656598 0.0053869 0.229459 0.000691222 0.00134161 0.412844 0.0198154 0.000176486 7.00088e-05 7.88035e-09 0.310508 0.0108211 0.0071624 9.24755e-06 
0.0102237 0.00496494 0.00131143 0.0791315 0.0341348 0.125833 0.0269655 0.00731983 0.314655 0.0247245 0.0176537 0.00168502 4.46921e-06 0.0865248 0.249455 0.00916563 0.00624716 
0.00612091 0.00228353 4.93075e-06 0.021214 0.0617902 0.00572378 0.00153494 0.0355197 0.614263 0.175772 0.000428011 8.75471e-05 0.000102543 0.0559002 0.0156481 0.00298363 0.000622928 
0.0152204 0.198376 3.23978e-05 0.0394958 0.123145 0.0225924 0.00101608 0.00028192 0.353684 0.0615218 0.000634289 0.0255402 3.95839e-08 0.0892555 0.0507354 0.0176368 0.000831665 
0.100393 0.0137416 8.40967e-05 0.0103335 0.0832939 0.275232 0.0172598 0.0144811 0.279665 0.0607724 0.00123322 0.000202018 0.000827561 0.0837903 0.0585223 0.000110231 5.76562e-05 
0.000901304 7.86273e-05 5.42018e-09 0.000378474 0.00788015 0.00549313 4.94551e-05 0.0157848 0.678409 0.0179931 2.94497e-07 0.00158989 2.07242e-12 0.263437 0.00797322 1.40564e-08 3.12788e-05 
0.00785841 4.93082e-05 2.51363e-06 0.00876082 0.0170511 0.106119 0.00896681 0.00408581 0.757213 0.00086361 0.000833128 0.000342923 2.05568e-08 0.0436326 0.0407782 0.00343826 3.81918e-06 
0.102894 0.000568252 0.000225848 0.00749301 0.199071 0.00986966 0.00323944 0.0529125 0.502195 0.0128826 0.000643691 0.00272318 6.84388e-08 0.0678975 0.0221378 0.0147395 0.000506848 
0.0639835 0.00199542 6.55175e-08 0.00013199 0.34171 0.00352819 0.00207812 0.0432954 0.423463 0.0180898 9.44016e-05 0.000529237 5.13338e-10 0.0882236 0.0117323 0.00114168 3.10455e-06 
4.4484e-06 0.0074693 9.3052e-11 0.0199854 5.44226e-06 1.55588e-06 2.58503e-07 4.22901e-05 0.783705 0.188348 7.36192e-07 1.82848e-06 7.09549e-11 1.24383e-05 4.58557e-06 1.34452e-06 0.000417384 
0.0120228 0.00188731 0.000369199 0.0286011 0.0360489 0.10516 0.00431624 0.00228095 0.4494 0.00584088 0.0130241 0.00065868 2.05817e-06 0.230317 0.107216 0.00203701 0.000817815 
0.00246603 9.33737e-05 9.79741e-06 0.0024223 0.0487967 0.0162454 0.00435877 0.00611461 0.500412 0.00190453 0.00844443 0.000583303 7.23584e-10 0.354259 0.0123163 0.0415408 3.24325e-05 
0.00432257 0.000165291 0.00563042 0.15031 0.0428621 0.0320443 0.0502514 0.0102307 0.319326 2.71913e-05 0.00398424 7.42878e-06 2.9407e-11 0.168072 0.154935 0.0529218 0.00490924 
0.0227951 2.20354e-05 1.15516e-08 0.0017473 0.0664492 0.000187883 0.000192087 0.0206608 0.594533 0.00194199 1.6114e-05 2.25744e-05 1.83948e-11 0.291118 0.000191857 0.000120709 1.90577e-06 
0.0392387 0.00116701 0.00157907 0.0050077 0.0243748 0.00841567 0.00097044 0.00624697 0.799496 0.0250304 0.00635038 0.000134556 0.000166965 0.0260878 0.0454363 0.0102222 7.46085e-05 
0.0146672 0.00124204 0.00469542 0.0632013 0.0529149 0.0234718 0.0253264 0.00436385 0.480388 0.0450207 0.0498127 0.00688022 0.000118504 0.183466 0.029324 0.0132193 0.00188818 
0.0510281 6.72068e-05 0.00019323 0.0298032 0.157616 0.0702382 0.040641 0.0129748 0.29045 0.013528 0.00247877 0.13423 9.30679e-06 0.177213 0.00846069 0.0100508 0.00101699 
0.00202083 0.000696811 1.69369e-05 0.0286722 0.0265355 0.200568 0.0329285 0.00171268 0.449454 0.00529135 0.00199234 0.000523105 1.26025e-06 0.191858 0.0570594 0.000651578 1.61909e-05 
0.0146155 0.0103878 4.91445e-08 0.0248393 0.0166256 0.19444 0.0216445 0.0040285 0.323445 0.00302617 0.0556064 0.000315383 2.38267e-11 0.228156 0.0849586 0.0177983 0.000113217 
0.0588323 0.0588063 0.0587735 0.0588366 0.0588431 0.0588365 0.0588318 0.0588245 0.0588457 0.0588334 0.0588184 0.0587755 0.0587915 0.0588442 0.0588399 0.058837 0.05883 
0.0114667 5.28821e-06 0.000119562 0.0129196 0.0299308 0.006415 0.001466 0.00476968 0.904923 0.000447348 0.00117582 0.000130495 4.17713e-08 0.0188094 0.00631798 0.00110208 9.95315e-07 
0.197227 0.00303231 2.69483e-07 0.00845573 0.0712494 0.0111421 0.0781734 0.0364377 0.319548 0.024907 0.101751 0.000288101 1.96904e-08 0.137399 0.00956127 0.000700176 0.000127578 
0.0063936 3.03283e-05 1.48985e-12 0.000177332 0.0777081 0.00565695 0.00035017 0.00852023 0.438088 0.00667098 0.00167519 0.00417173 4.92503e-07 0.437081 0.0134671 2.85445e-08 9.41509e-06 
0.0117159 0.00193414 0.000273954 0.00762219 0.0426898 0.124392 0.00501496 0.00740248 0.610349 0.01842 0.00256149 0.000467217 5.90475e-05 0.0923316 0.0591461 0.0116511 0.00396837 
0.0015267 0.000431335 8.03187e-06 0.0756534 0.00473583 0.0708113 0.219228 0.00114728 0.567843 0.00143263 0.0138142 4.3086e-05 2.32016e-09 0.0124001 0.00364602 0.0272781 1.19165e-06 
0.0136534 0.000143233 0.000921841 0.00141181 0.206976 0.170132 0.0128378 0.0184303 0.312368 0.123324 4.31037e-05 0.00201792 8.6873e-05 0.0988982 0.0299722 0.0083036 0.000480229 
0.238549 0.000233099 3.03992e-05 0.0084222 0.0620057 0.000776443 0.0144095 0.00144435 0.385649 0.00766601 0.00344544 1.42777e-06 7.98773e-10 0.271716 0.00345924 0.00219239 1.35187e-07 
0.0563698 1.4824e-07 2.58946e-07 0.0817668 0.00116742 2.80681e-05 6.0958e-08 1.40534e-05 0.86025 1.31502e-05 1.05597e-07 0.000325677 1.97454e-07 2.09983e-05 4.20383e-05 9.1059e-07 4.90029e-07 
0.00121378 0.00135052 0.000146167 0.0480684 0.00782661 0.184415 0.00817668 0.000141463 0.438943 0.00139465 0.030218 1.83017e-05 1.33536e-09 0.0589977 0.217352 0.00171362 2.37924e-05 
0.00386034 0.00123674 0.00122436 0.0551932 0.0166111 0.234722 0.00191381 0.00382846 0.378754 0.0465583 0.000207214 0.000529852 0.00074749 0.164092 0.0826835 0.00371792 0.00411976 
0.03952 4.87715e-06 9.98579e-07 0.00380336 0.174614 0.209993 0.00050207 0.000313731 0.310064 0.000329349 0.0208744 0.000194141 7.34849e-08 0.221879 0.0139456 0.00395375 7.79613e-06 
0.012367 0.011313 0.00353949 0.0246927 0.0584098 0.0655154 0.0122527 0.00690637 0.355961 0.029596 0.0341374 0.000878242 5.79845e-05 0.322387 0.0471261 0.0146419 0.000218107 
0.0116904 0.0119263 0.000138392 0.0149665 0.113181 0.0344896 0.00237134 0.00998349 0.312718 0.151155 4.48037e-05 0.000474669 0.000842303 0.193725 0.128103 0.00589088 0.00829943 
0.0149368 6.43392e-05 9.41804e-09 0.00884791 0.0155484 0.0728999 0.00126172 2.9273e-05 0.71266 0.107042 0.0131156 0.0282326 3.05959e-10 0.000305173 0.024285 0.000734801 3.68222e-05 
0.0100178 0.00265805 0.000158223 0.129152 0.0277006 0.193027 0.0182395 0.00945279 0.335994 0.0187762 0.00306847 0.00177195 3.70803e-05 0.160347 0.0817881 0.0071509 0.000660306 
0.00777436 0.00193423 5.71894e-05 0.0177669 0.0433094 0.0134282 0.0225124 0.00100808 0.598656 0.00256105 0.0138167 0.00913635 1.80863e-08 0.24048 0.0274846 4.01483e-05 3.33334e-05 
0.000170571 3.93365e-07 7.35269e-06 0.0389782 0.000509724 0.458522 0.000365956 0.000141103 0.469503 0.00525413 1.873e-05 2.82829e-05 8.55813e-06 0.0130464 0.0134053 2.19557e-05 1.76633e-05 
0.0328076 0.00179253 0.00145313 0.0118745 0.0528065 0.100381 0.0167596 0.0161537 0.365141 0.00936245 0.00118957 0.00575355 0.000403333 0.31371 0.0413097 0.0246782 0.00442334 
0.00448756 0.0329575 2.35711e-05 0.051327 0.00238671 0.0429454 0.04333 0.000461885 0.513646 8.9695e-06 0.00160391 0.00021855 6.72818e-07 0.213244 0.0344641 0.058783 0.000111369 
0.0482256 9.89867e-05 3.75211e-06 0.0551738 0.010653 0.000591133 0.00267269 0.000883266 0.430003 0.114694 0.116038 0.00615246 8.08831e-06 0.100945 0.112521 0.0012895 4.62106e-05 
0.010375 0.00223993 0.00105208 0.0360689 0.0328037 0.0522948 0.0132113 0.00585852 0.583275 0.0127455 0.0778042 0.00147796 7.4378e-05 0.121078 0.0367723 0.00977503 0.00309334 
0.00802319 0.00191561 0.000374331 0.0612477 0.0234654 0.0563285 0.0775068 0.00401742 0.423625 0.00670998 0.0155284 0.00209461 0.000108531 0.178762 0.129788 0.00869716 0.00180812 
3.35268e-07 8.35893e-07 1.46014e-06 0.00394414 0.000102191 2.52734e-07 0.00149668 4.8343e-07 0.49533 0.26542 0.00024571 1.42032e-06 1.1134e-06 1.09626e-07 0.233323 0.000131719 3.76067e-07 
0.00878169 4.39239e-05 1.81572e-05 0.00338116 0.142817 0.184865 0.00629242 0.0297733 0.370899 0.0470355 0.00034073 0.000201657 6.10786e-05 0.128851 0.0491207 0.0271403 0.000377459 
0.0287063 0.000510092 2.28102e-06 0.00915492 0.110119 0.0522268 0.0185028 0.00481195 0.280328 0.179248 0.025597 0.00243694 1.6782e-05 0.135761 0.0568374 0.0955959 0.000145459 
0.00104455 0.000568372 6.87875e-07 0.000968946 0.0450291 0.0179874 0.00119299 0.0135017 0.681261 0.000619223 0.041898 4.10058e-05 1.00856e-09 0.163239 0.00759452 0.0250499 4.28491e-06 
0.000696127 3.77295e-05 8.20521e-09 0.00062946 0.0056807 0.0680384 0.000267917 0.00148064 0.839962 0.00296808 0.00010267 2.28022e-05 1.2036e-09 0.0479611 0.0300187 0.00212199 1.1121e-05 
0.00371097 2.87742e-06 5.77378e-06 0.00371129 0.0086012 0.021346 0.000688881 0.00279408 0.906364 0.00105792 0.000877316 4.90769e-05 5.07645e-10 0.0108067 0.0397351 0.00024658 1.84646e-06 
0.000471673 1.1313e-11 1.01908e-06 0.00236088 0.0505088 0.00248012 0.00317498 0.000414785 0.678749 0.0127093 8.05864e-12 0.000467849 2.55223e-08 0.241593 0.00699354 5.49919e-05 1.9845e-05 
0.0261057 0.000261868 0.0032643 0.0199928 0.0741388 0.00572844 0.00887846 0.000832158 0.55175 0.0843281 0.00327608 0.00245089 3.95701e-05 0.151923 0.0666133 0.000397099 1.93765e-05 
0.00147864 0.000281105 0.000506119 0.0313818 0.124339 0.056017 0.0129132 0.00056139 0.485421 0.0136468 0.0510265 0.000448231 2.20701e-05 0.00886059 0.203456 0.000467458 0.00917284 
0.0494452 1.97822e-05 1.34889e-06 0.00468917 0.0892618 0.0575743 0.000206891 0.00272988 0.601725 0.0588068 0.0362881 0.0042907 6.6386e-05 0.0675369 0.0202271 0.00709085 3.92265e-05 
0.00555513 0.0014568 1.44096e-06 0.0228885 0.0133107 0.287192 0.000817305 3.72915e-05 0.437185 0.0335475 0.0350959 0.000217713 1.42032e-07 0.0261523 0.128939 0.00746852 0.000134658 
0.00496232 2.54459e-06 0.000867045 0.00530024 0.0605902 0.131164 0.000133967 0.0108017 0.363475 0.27113 1.69201e-06 0.0102555 2.1678e-06 0.102812 0.0361613 0.0020873 0.000253177 
0.0197504 0.00038635 0.00166008 0.0200769 0.0194501 0.0115327 0.00360882 0.000561851 0.431622 0.00645581 0.0838566 0.000167742 3.11962e-06 0.265605 0.124816 0.0043624 0.00608394 
0.00409485 0.00253892 5.17753e-07 0.177055 5.18366e-07 0.00741232 0.0326512 5.18202e-07 0.571058 0.003473 0.0727487 0.00290004 5.17911e-07 0.0517862 0.0716866 0.00259208 5.1825e-07 
0.013747 0.00232303 1.63741e-06 0.00411801 0.0231179 0.099522 0.00759632 0.000603904 0.438473 0.00264295 0.00376212 6.50951e-05 7.55359e-06 0.383292 0.00944624 0.011176 0.000104937 
0.00143271 2.58439e-05 5.33773e-08 0.00274955 0.0503146 0.0312467 0.000301114 0.0166192 0.655073 0.0103249 0.00300965 0.000808631 2.38291e-05 0.181785 0.0344757 0.0118081 1.3797e-06 
4.12304e-05 3.48877e-07 0.00115404 0.00042844 0.00637636 0.206828 0.000269006 4.86213e-06 0.68523 0.018084 0.0165819 1.06703e-06 0.000606384 0.00507253 0.0592148 1.18586e-05 9.58617e-05 
0.00927894 0.0563143 5.65036e-06 0.0284637 0.115462 0.0150046 0.00727161 0.00213076 0.437854 0.0384929 0.00113086 0.000224446 7.68834e-06 0.0435595 0.229064 0.0148997 0.000835004 
6.22041e-05 0.000114412 1.60741e-10 0.00200118 0.000732124 0.0819127 0.0194068 8.42126e-05 0.529478 0.00109418 0.0355817 1.46601e-07 1.2257e-10 0.00474041 0.324784 7.60961e-06 3.65079e-07 
0.0332061 0.000584745 2.01836e-07 0.0285474 0.111285 0.00709387 0.0125867 0.0013829 0.559223 0.0319707 0.000458659 0.000136753 1.09403e-06 0.200672 0.0126255 0.000192568 3.20666e-05 
1.76838e-08 4.66531e-06 2.97912e-11 5.33378e-05 0.000277444 0.00808033 2.36945e-05 9.86339e-12 0.848125 4.33395e-08 1.21487e-11 2.89788e-11 2.27167e-11 0.127911 0.0155248 4.96486e-12 2.52464e-10 
0.00895582 0.0341411 4.33867e-05 0.0708408 0.0185669 0.0583769 0.0189861 0.00275304 0.408623 0.0496191 0.0115254 2.73489e-05 4.91013e-08 0.210098 0.0958905 0.0113492 0.000203168 
0.0284213 0.0198988 9.75234e-06 0.0998268 0.130227 0.0202845 0.0309357 0.00202981 0.223943 0.199321 0.00333441 0.00213485 2.6516e-06 0.161607 0.028045 0.0499385 3.97115e-05 
0.000661254 0.000891409 0.000145621 0.0586752 0.000627335 0.00533754 0.00816413 8.50641e-05 0.605178 0.000943736 0.0236516 3.77528e-07 7.3356e-12 0.00409247 0.289985 0.00156168 6.56104e-08 
0.0070946 0.0136028 2.23217e-06 0.00670775 0.0617725 0.00324154 0.000802551 0.0132576 0.647523 0.0505636 0.00140422 0.00191305 1.887e-06 0.1872 0.00330958 0.00157617 2.69028e-05 
0.0144337 0.00090527 5.67074e-05 0.101083 0.14571 0.00443923 0.00975255 0.000609453 0.384269 0.115405 0.0704732 3.0287e-05 3.15817e-10 0.0486084 0.0917332 0.0124843 6.82952e-06 
0.00554361 9.31034e-06 2.0762e-05 0.00194959 0.379463 0.0106294 3.96231e-05 0.012233 0.399142 0.011735 7.66642e-05 1.59179e-05 3.80288e-06 0.156255 0.0133822 0.00949134 1.06487e-05 
0.037841 0.00190782 0.000123208 0.048023 0.112373 0.00508976 0.0197207 2.05183e-07 0.237831 0.147179 0.00675004 0.0052485 2.05068e-07 0.223765 0.0214064 0.129395 0.00334499 
0.0159818 0.00295031 0.00157672 0.0476226 0.06234 0.0496445 0.0571034 0.00298733 0.348813 0.0117953 0.00592306 0.00902557 0.000267301 0.311619 0.053064 0.0151379 0.0041483 
0.00446362 0.0114177 1.94818e-05 0.0202283 0.0509994 0.167604 0.00196193 0.0112549 0.285595 0.0209096 0.00526315 0.00499876 0.00786039 0.0501678 0.220342 0.135782 0.00113176 
0.0507867 0.00161973 0.000469321 0.0390398 0.129646 0.012607 0.0466786 0.00674953 0.180048 0.11371 0.0495578 0.00018956 3.94313e-07 0.0386238 0.158238 0.000507754 0.171526 
0.0306999 0.00098309 0.000420963 0.296083 0.0463208 0.0118486 0.0254686 0.00295004 0.372014 0.0108951 0.0970768 0.00111673 1.06839e-06 0.0337379 0.0581521 0.0122209 1.00291e-05 
0.00591866 6.92574e-05 0.000183962 0.037262 0.00514824 0.00528438 0.000948514 0.0505474 0.762785 0.00177723 0.00137522 2.03987e-05 1.65536e-13 0.0439907 0.0818153 0.0028697 4.41823e-06 
0.00717931 5.0427e-05 1.92985e-06 0.0758006 0.0712036 0.0133484 0.0349969 0.0116942 0.502118 0.0876786 0.00976978 0.0256372 0.000232507 0.152964 0.00647807 0.000818194 2.88065e-05 
0.0435057 0.00321663 2.72918e-05 0.0930413 0.267903 0.0090556 0.0497243 0.00768265 0.285938 0.0486678 0.0012643 0.000964167 1.66322e-08 0.0638521 0.0177176 0.107391 4.84882e-05 
0.0190197 0.000249699 4.20159e-05 0.0120531 0.144312 0.130906 0.00115083 0.00391412 0.341846 0.122076 0.00258823 0.0228433 7.07314e-06 0.106071 0.0839423 0.00878133 0.00019704 
0.0203918 0.00856515 0.00179776 0.0217386 0.0494393 0.0432644 0.0150711 0.0070416 0.407411 0.0529878 0.0502583 0.00588477 0.000646838 0.272987 0.029598 0.0104026 0.00251367 
0.00585572 0.000124114 0.00265151 0.0273502 0.0167426 0.0522661 0.00687052 0.0162321 0.601178 0.004118 0.0337942 0.000227847 1.19974e-05 0.0623169 0.150127 0.0201107 2.18665e-05 
0.0387671 0.000615079 0.000822263 0.0343675 0.067305 0.0906921 0.0214307 0.0446298 0.219315 0.185366 0.103992 0.0127009 1.94808e-07 0.106308 0.0607179 0.0128612 0.000109811 
0.000242762 0.000796165 0.00547615 0.0418788 0.00791254 0.209426 0.0015322 0.000440411 0.411826 0.00320282 0.000275228 0.000294826 2.09843e-06 0.103044 0.16913 0.01162 0.0328999 
0.0085236 0.00016511 0.00118304 0.0194108 0.0672815 0.184886 0.0127622 0.0245044 0.355762 0.00346518 0.00513149 0.000425635 7.36925e-05 0.30572 0.00837307 0.00231303 1.90624e-05 
0.00220719 2.04624e-06 1.27832e-05 0.0566135 1.49785e-05 0.00221739 0.0146671 8.1377e-07 0.908471 3.87974e-08 0.000385234 6.77237e-06 1.97934e-12 0.00543447 0.00978897 0.000169812 7.898e-06 
0.0481963 3.50585e-07 2.70522e-05 0.00243889 0.0995263 0.00941168 0.00381391 0.0465116 0.628941 0.00830988 0.00023573 0.000219501 3.67411e-09 0.0974132 0.0179529 0.00470105 0.0323009 
0.00498459 5.85086e-08 3.72531e-06 0.000538522 0.00982041 0.000439746 1.36954e-07 3.14589e-06 0.95102 0.00619924 4.71941e-08 0.000237408 1.07481e-10 0.0230903 0.00364124 4.41034e-07 2.06835e-05 
0.0108993 1.17755e-07 2.0847e-05 0.0218041 0.00578793 0.00129727 0.000855941 0.000389451 0.468825 0.00152504 0.00957246 0.00012413 1.27134e-10 0.258818 0.219426 0.000620107 3.36881e-05 
0.00210961 0.0849212 0.000159492 0.0685393 0.0213312 0.0540868 0.051976 0.00138791 0.452117 0.0140678 0.0146276 0.000153845 1.78e-06 0.107601 0.116231 0.00807804 0.00260967 
0.00804545 0.00195434 0.00262772 0.0134756 0.0573405 0.069783 0.00340389 0.00732718 0.424445 0.0175398 0.0118966 0.00352711 1.40555e-07 0.015461 0.131373 0.229929 0.00187075 
0.00896961 0.000890393 8.33055e-05 0.247924 0.0173601 0.0727994 0.0434462 0.00214868 0.457355 0.016356 0.00849268 0.00102249 5.81564e-05 0.0258576 0.0936865 0.00348728 6.2805e-05 
0.102894 0.000568252 0.000225848 0.00749301 0.199071 0.00986966 0.00323944 0.0529125 0.502195 0.0128826 0.000643691 0.00272318 6.84388e-08 0.0678975 0.0221378 0.0147395 0.000506848 
0.100164 4.51398e-07 4.51146e-07 0.0129622 0.235597 0.0504926 0.00465187 0.0111534 0.452513 0.00672938 0.0256904 4.51161e-07 4.51284e-07 0.0125574 0.075698 0.0113365 0.000452032 
0.0181306 8.11507e-07 3.23756e-06 0.124762 0.120909 0.0068399 0.0641838 0.022692 0.474374 0.00403914 0.0458278 0.000568991 4.04743e-09 0.0959071 0.0211568 0.000590583 1.56032e-05 
0.00855156 0.0310286 0.00276042 0.0138939 0.0166662 0.150638 0.00566946 0.0105026 0.360771 0.0259081 0.001378 0.00484123 4.64354e-06 0.306844 0.0453297 0.00835156 0.00686194 
2.6119e-11 1.54341e-06 1.13752e-10 2.76045e-06 3.37514e-07 0.137268 0.00301994 1.31853e-07 0.797398 1.33998e-06 0.0622813 1.1065e-10 8.67394e-11 8.19959e-08 1.94879e-05 1.89574e-11 7.07243e-06 
0.00869281 6.0367e-05 0.000657109 0.188135 0.0592259 0.00230581 0.014807 0.000862217 0.587832 0.0045407 0.0305405 0.00137366 1.97621e-08 0.0191893 0.0796032 0.00217411 6.67492e-09 
0.018808 0.0158523 0.00159903 0.0299969 0.033197 0.0647757 0.00449033 0.0028567 0.491639 0.0146183 0.0339577 0.000772613 9.41933e-06 0.0612218 0.210815 0.00997716 0.00541215 
0.001185 1.19915e-05 2.85664e-05 0.0105345 0.0690384 0.0203206 0.00373234 0.000895495 0.701981 0.0470542 0.0194362 0.000343869 3.67948e-05 0.0513234 0.0711878 0.00283921 5.08528e-05 
0.00651076 3.58418e-06 4.2636e-05 0.023652 0.0558728 0.0874924 0.0215851 0.00248824 0.445458 0.00497751 0.011814 0.000652173 0.000326036 0.321068 0.00881382 0.0092377 5.14613e-06 
0.000127888 8.93707e-07 2.05523e-05 0.165097 8.14176e-06 0.179579 0.00146018 0.000108394 0.58376 0.00482868 0.0278116 5.2326e-06 8.35575e-06 0.0105202 0.0266259 3.25259e-05 6.3069e-06 
0.00249371 6.13898e-07 0.000420633 0.111841 0.110312 0.0610442 0.0823906 0.00136951 0.309162 0.00122341 0.00114588 1.38756e-05 1.80659e-10 0.298653 0.019398 0.000531878 9.85632e-09 
0.00358013 0.00317282 0.000318653 0.0146823 0.11382 0.0682475 0.00780054 0.000765608 0.313342 0.0124223 0.119596 4.60319e-05 5.82343e-07 0.0199351 0.312378 0.00225251 0.00763943 
0.0199789 0.000295423 0.00056687 0.0398673 0.0525998 0.0166067 0.0045729 0.0565104 0.610283 0.0186066 9.63584e-05 0.000971716 9.18477e-08 0.12013 0.0572156 0.000648977 0.00104903 
0.00475979 0.000130185 1.1422e-05 0.0028075 0.0148747 0.0137211 0.00344732 0.0448799 0.658454 0.00671481 2.12376e-05 6.62261e-05 8.04959e-12 0.237885 0.011744 0.000401184 8.1589e-05 
0.0176392 0.00558366 0.000191062 0.0271958 0.0499872 0.0906604 0.0110997 0.0122911 0.286823 0.0263047 0.00842391 0.00430683 0.000706223 0.161123 0.283418 0.0113313 0.00291506 
0.0222577 0.000162659 8.4972e-07 0.264038 0.0205996 0.003763 0.000573149 0.00992213 0.431963 0.0181433 0.00139782 0.000207844 3.60515e-08 0.126402 0.0916934 0.00872788 0.000147787 
0.0464604 4.59848e-05 2.55093e-11 0.0313581 0.0460782 0.0612292 0.00327161 0.000655517 0.691677 0.0393618 0.0320785 0.0133009 1.94516e-11 0.0178643 0.012585 0.00401864 1.5008e-05 
0.010852 0.000141255 8.76316e-08 0.00134798 0.163927 0.0300099 0.00231342 0.0287452 0.486061 0.133052 0.000272631 0.000508433 1.37292e-11 0.0359119 0.0200879 0.086674 9.54808e-05 
0.0161167 0.0065956 0.0373923 0.0366863 0.0504151 0.150092 0.00435514 0.00658379 0.367419 0.0232889 0.0406349 0.000488171 2.82783e-07 0.0877694 0.0402822 0.131751 0.000128859 
0.0282097 0.00221423 0.00118675 0.032372 0.0417115 0.0086462 0.00254202 0.0105755 0.369672 0.00957357 0.154012 0.00167677 1.02071e-06 0.0517228 0.285315 0.000541662 2.80502e-05 
0.038767 0.000965957 2.09576e-07 0.141159 0.0366435 0.108545 0.0383578 0.00258402 0.257435 0.0171944 0.173554 0.00202548 1.12664e-06 0.128926 0.05325 0.000490544 0.00010054 
0.00923487 0.000238339 3.39234e-06 0.111122 0.0219064 0.13876 0.000459375 0.00285757 0.354361 7.93881e-05 0.16116 0.000670648 2.73001e-07 0.190118 0.00882341 0.000190186 1.53248e-05 
0.0195316 0.00331717 0.000315528 0.205775 0.0635702 0.115537 0.0353571 0.00934168 0.217719 0.0349166 0.10988 0.00178391 0.0010334 0.0789541 0.0824592 0.0154528 0.00505503 
0.00197344 0.0177634 6.05232e-05 0.122351 0.0331284 0.00212565 0.0266805 0.00211803 0.576666 0.0032415 0.0233066 1.89648e-05 1.83642e-07 0.0309713 0.113491 0.00509634 0.0410075 
0.0138141 4.8423e-06 2.08367e-07 0.0222156 0.0300165 0.00381894 0.0998374 3.57476e-07 0.650288 0.00561849 0.00469578 7.99868e-08 1.41997e-10 0.167556 0.0021131 2.12264e-05 1.25979e-08 
0.00131445 1.89506e-08 2.39624e-09 0.00508477 0.0185123 0.0073238 0.0052902 0.000491931 0.656905 0.00545138 9.07411e-08 0.0016469 2.43629e-05 0.286651 0.00875353 0.00253543 1.45188e-05 
0.0121946 0.0028715 0.000593174 0.0554884 0.0418705 0.0881746 0.0189803 0.0091448 0.477549 0.0165924 0.00860174 0.00179816 1.72435e-05 0.195115 0.0611444 0.00779171 0.00207219 
0.0126661 0.00366527 2.0841e-07 0.143996 0.0402097 0.0494141 0.025988 0.000909173 0.471962 0.0091932 0.0441646 0.000538168 2.1856e-06 0.172143 0.0232845 0.00181317 4.99983e-05 
0.000551696 3.21353e-06 3.19368e-05 0.0317071 0.00241447 0.22357 0.0389913 0.000640243 0.43487 0.0196945 0.0578706 0.000270683 3.41823e-05 0.0480405 0.141136 0.000173856 7.85734e-10 
0.00286044 1.36786e-06 1.2601e-05 0.00198256 0.11939 0.00892629 0.000427601 0.0152014 0.438881 0.170675 1.91068e-05 0.000118013 0.000223111 0.225669 0.0146497 0.000811558 0.000150871 
0.000125838 2.79401e-05 0.000944484 0.0102423 0.0022247 0.0492148 0.00800983 0.000232329 0.558402 0.000529223 6.33702e-05 5.36429e-05 6.60865e-07 0.0246038 0.331291 0.0123139 0.00171965 
0.00140603 6.70893e-08 0.036876 1.05728e-08 0.268373 0.000333658 0.000151044 0.00269926 0.441554 0.139292 0.000442109 0.000603314 0.000337845 0.106996 0.000935105 7.7363e-07 7.52217e-08 
0.0143102 0.0018161 0.00283865 0.169208 0.0551404 0.0409769 0.0277259 0.0037923 0.298546 0.019065 0.0164198 0.00448657 0.000906558 0.163489 0.159343 0.013763 0.00817297 
0.0369899 0.00142067 0.000235962 0.0762351 0.0316823 0.0125582 0.00504002 0.0139247 0.506179 0.0187946 0.0605652 0.00024012 5.2791e-06 0.0655735 0.162232 0.00683934 0.00148454 
0.00845633 0.0986521 0.00230822 0.0335733 0.036967 0.0759917 0.016336 0.021654 0.286299 0.0641994 0.0160112 0.0591295 5.40029e-05 0.11812 0.138009 0.0232003 0.0010394 
0.000437238 0.00145277 0.00410714 0.0402319 0.012403 0.219853 0.00167078 0.000330312 0.380768 0.00595368 0.00138425 0.00027662 1.57418e-06 0.114112 0.162624 0.0279398 0.0264535 
0.00172318 0.000340813 1.62603e-05 0.0733517 0.0298449 0.152408 0.0472963 0.0012306 0.365358 0.0475255 0.00260594 1.01421e-05 0.000672792 0.106005 0.120932 0.00152444 0.0491544 
0.000547286 0.0648154 1.70579e-06 0.0308544 0.0140342 0.000867292 0.0732773 0.00121272 0.338458 0.0271632 0.165426 2.62557e-07 2.29441e-05 0.000151927 0.281532 9.76379e-05 0.00153844 
0.00475979 0.000130185 1.1422e-05 0.0028075 0.0148747 0.0137211 0.00344732 0.0448799 0.658454 0.00671481 2.12376e-05 6.62261e-05 8.04959e-12 0.237885 0.011744 0.000401184 8.1589e-05 
0.0606231 0.000489095 3.71319e-06 0.00654098 0.118787 0.00574708 0.000200565 0.00883102 0.41215 0.0116664 0.00177564 0.000137028 0.000122135 0.364821 0.00100817 0.00709706 5.15177e-08 
0.00601576 0.000664218 0.000377689 0.120214 0.0585961 0.0971021 0.0303393 0.00869551 0.308253 0.0286507 0.0105643 0.00159227 0.000253485 0.102921 0.208259 0.0134877 0.00401449 
0.00540369 5.5288e-09 1.66484e-12 0.0594105 0.00379409 2.22896e-07 0.00694977 0.000561227 0.530192 0.000278287 0.0993433 4.05964e-05 1.26949e-12 0.0015592 0.292467 8.76787e-09 4.28788e-13 
0.00197979 0.0154646 1.15546e-06 0.00497552 0.00460642 0.0290601 0.00243552 0.00137197 0.800312 0.0190601 0.00268639 7.79189e-05 2.3793e-06 0.0822416 0.0353324 0.00035044 4.18132e-05 
0.00129941 2.0865e-05 0.00206631 0.107658 3.07318e-06 0.0555998 0.0154109 2.09781e-06 0.465498 3.56047e-07 0.323517 1.44379e-05 1.27225e-06 0.00346126 0.0254136 1.17442e-08 3.35166e-05 
0.0211778 0.00229735 0.0125526 0.12797 0.0927594 0.117909 0.0267661 0.107092 0.198945 0.0239239 0.00395349 9.53872e-05 0.0127576 0.198646 0.0354194 0.0171635 0.000571572 
0.00834872 0.00282934 0.0003562 0.0334998 0.0659723 0.167151 0.0154683 0.00645396 0.27322 0.198582 0.0294017 0.000226651 6.54957e-05 0.106371 0.0825581 0.00778153 0.00171414 
0.014442 0.00275493 0.00308243 0.0436801 0.0408964 0.0516383 0.0241823 0.00628595 0.421338 0.0135507 0.0199506 0.00243678 0.00246084 0.305754 0.0342508 0.0124837 0.000812155 
0.00438974 0.038216 0.000960097 0.0849358 0.0263574 0.0311627 0.020577 0.00520075 0.352423 0.0114753 0.0346374 0.000876605 0.000143759 0.0904731 0.243832 0.0422299 0.0121101 
0.0107807 0.00149385 0.00174025 0.00955416 0.102317 0.10548 0.0116186 0.00179419 0.420275 0.153028 0.000116315 5.06855e-05 1.03549e-06 0.0395379 0.0842579 0.0576518 0.000301929 
0.00938887 0.00070961 6.43537e-08 0.00975292 0.0534092 0.0362982 0.00624671 0.00509104 0.699599 0.00789382 0.00630986 0.000491176 4.90717e-08 0.0822547 0.0657419 0.00575544 0.0110571 
0.000468117 0.000678181 5.44164e-06 0.00620821 0.00129916 0.00921894 0.000982318 2.54094e-06 0.493186 0.00909211 0.0378107 2.29603e-05 2.20574e-08 0.00598557 0.433934 0.00110039 5.25002e-06 
0.0242209 9.38522e-05 2.31998e-09 0.0046845 0.0361848 0.000808134 0.000523555 0.00210384 0.873366 0.00750702 0.000457777 0.000963249 1.82264e-09 0.031308 0.0169261 0.000846943 5.62797e-06 
0.0281032 1.64227e-06 0.000318535 0.0417766 0.10625 0.0697118 0.00527714 0.000491277 0.371655 0.00391093 0.000377576 0.0094049 6.81576e-06 0.156808 0.122579 0.0502623 0.033065 
0.00363729 0.00129781 0.000179218 0.00629638 0.0432464 0.188809 0.00259764 0.015297 0.385342 0.0148038 0.0146826 0.00110767 7.61503e-07 0.21985 0.0655641 0.0356699 0.00161814 
0.00949676 0.00857738 2.94234e-06 0.254076 0.0340248 0.0364505 0.0114397 0.00376299 0.375063 0.00114859 0.0733922 0.000159969 4.5792e-07 0.175427 0.0167433 0.000217113 1.67555e-05 
0.00704942 0.00106048 9.17957e-06 0.00987141 0.10731 0.0157676 0.00287969 0.00779474 0.500907 0.0783221 0.000539286 0.000755967 8.33612e-07 0.20342 0.0514612 0.0128476 2.83826e-06 
0.0331136 0.00387178 0.00172972 0.045651 0.0659609 0.0372331 0.0162167 0.00913274 0.408962 0.032409 0.0355135 0.00442715 0.000112978 0.232801 0.0587741 0.0121335 0.00195761 
0.00557154 0.000881257 0.00157017 0.110599 0.014663 0.0347809 0.0242236 0.000822037 0.401619 0.0196701 0.00826879 0.00128305 5.65929e-07 0.135584 0.200775 0.00316452 0.0365243 
0.0305972 0.00131739 0.000156709 0.0678862 0.0700878 0.0327063 0.0180403 0.00894444 0.348387 0.0395601 0.00665684 0.0163417 0.000163512 0.303502 0.0387206 0.0157131 0.00121889 
0.0116352 0.00405609 0.000130888 0.0164047 0.054053 0.0238561 0.00790941 0.00444221 0.617077 0.00329435 0.0175771 0.000160313 0.00417231 0.168418 0.0574184 0.00564989 0.00374454 
0.054052 1.91687e-05 1.57657e-05 0.00632196 0.0351075 0.00438521 0.000954006 0.00088679 0.71607 0.0802924 0.00325684 0.000549399 8.39666e-09 0.094395 0.00133921 0.00234652 8.30868e-06 
0.00209019 0.00050362 9.18525e-05 0.0505346 0.0293291 0.0355788 0.0316188 0.00218986 0.651502 0.00779197 0.029312 0.00130306 1.33647e-05 0.0882072 0.060057 0.00984689 2.99927e-05 
0.0518594 6.4971e-06 5.85155e-07 0.163747 0.012212 0.000437757 0.000864145 6.91323e-07 0.681134 3.66972e-05 0.0176328 0.000133145 1.53623e-09 0.0688183 0.00178649 0.00133092 9.04181e-08 
0.0257604 0.000894763 8.32476e-05 0.0169206 0.066868 0.00313305 0.00619372 0.0999204 0.317261 0.271709 0.00477982 0.000180729 4.25207e-07 0.0763123 0.0932839 0.0162419 0.000456864 
0.00238589 3.43038e-06 2.5091e-08 0.0436236 0.0012954 0.0452531 0.0740535 0.000320294 0.523372 0.00247776 0.00239179 0.000273341 2.68716e-09 0.263002 0.0393514 0.00214975 4.71869e-05 
0.00918279 0.0126664 2.34433e-05 0.0285524 0.0421593 0.2 0.0309209 0.122904 0.322327 0.0206572 0.000325177 0.00110874 5.30683e-06 0.173535 0.0281174 0.00727534 0.000239391 
0.0144113 0.000251503 2.9301e-05 0.0688385 0.0249082 0.0959086 0.0242988 0.000449987 0.55675 0.0512098 0.0466764 0.00939726 6.0343e-07 0.0317782 0.0721989 0.00276252 0.000130534 
0.00139357 0.00327404 0.000451372 0.108598 0.00431483 0.228001 0.00619864 0.00395184 0.302857 0.0682718 0.000201851 8.12213e-08 1.63252e-12 0.228981 0.0422754 0.00122979 4.04187e-08 
0.000242762 0.000796165 0.00547615 0.0418788 0.00791254 0.209426 0.0015322 0.000440411 0.411826 0.00320282 0.000275228 0.000294826 2.09843e-06 0.103044 0.16913 0.01162 0.0328999 
0.193589 0.00289279 8.2186e-09 0.00392345 0.0701256 0.00660657 0.00328988 0.0319106 0.437001 0.00100102 1.7448e-05 7.48846e-05 4.80966e-10 0.225926 0.00116059 0.0224751 7.16659e-06 
0.00474077 0.00897596 0.0050666 2.53152e-05 0.216118 0.191677 1.01181e-06 0.00268114 0.23525 0.0744779 7.82168e-05 3.89011e-06 0.0108674 0.219302 0.00498306 0.0256746 7.65672e-05 
0.000509073 8.94142e-05 2.16086e-06 0.0224727 0.00283897 0.0366825 0.00483229 0.00697731 0.543025 0.0205198 0.0550995 0.00167709 4.11122e-12 0.00907266 0.288338 0.00786333 2.58654e-07 
0.0081852 0.00956613 9.1075e-06 0.0392948 0.0301212 0.139865 0.0503671 0.000621317 0.278285 0.0673914 0.131711 0.00328327 1.33887e-05 0.0817424 0.15339 0.00613165 2.20776e-05 
0.0022726 4.44155e-05 2.87524e-07 0.00217491 0.220139 0.124379 0.0764194 0.0321326 0.325159 0.0559432 1.89887e-05 7.98765e-05 1.82489e-07 0.108948 0.0466956 0.00558667 6.18635e-06 
0.0636746 3.52722e-05 0.00101445 0.0246837 0.0556487 0.162939 0.00632755 0.00429256 0.338183 0.0664187 0.00169849 0.00030005 0.126815 0.0542083 0.0720757 0.0192524 0.00243237 
0.0138134 0.00512513 0.00195734 0.0299562 0.075317 0.0501092 0.0165178 0.00688795 0.427224 0.0179371 0.0120469 0.00343616 0.000372757 0.277804 0.0381978 0.0214075 0.00189029 
0.0798457 1.38875e-06 4.68659e-07 0.00652336 0.124714 0.00308761 0.0576141 0.0458726 0.452339 0.00127434 0.0103606 1.223e-08 6.12423e-08 0.179475 0.0386631 0.000225633 2.38177e-06 
0.00778843 0.000280576 8.22125e-06 0.000152465 0.06143 0.0040826 0.000844324 0.000115845 0.354243 0.278465 0.165023 0.000144938 1.05032e-05 0.021357 0.0947859 0.0109623 0.000306497 
0.00945739 0.000965514 0.0115028 0.0168686 0.012577 0.110155 0.00207406 0.052824 0.38672 0.0348131 0.00993837 0.000371007 0.000390343 0.292509 0.045385 0.013076 0.000372448 
0.0290482 5.59664e-08 3.36171e-05 0.00323098 0.10871 0.0197552 0.0027548 0.0171087 0.479184 0.00749742 0.000727771 0.000453145 5.59523e-08 0.201155 0.00506792 0.124495 0.000778303 
0.00254489 0.000344631 0.00399912 0.0425984 0.054645 0.00681447 0.0527697 0.00652662 0.215761 0.1797 0.00169117 0.0012791 6.44826e-06 0.200947 0.214951 0.0129629 0.0024589 
0.0103782 0.00120458 0.000112405 0.152776 0.0666516 0.156597 0.0894187 0.00212319 0.219263 0.0100916 0.00457468 0.00217537 1.05735e-05 0.137752 0.118692 0.0257072 0.00247196 
0.00795757 0.0229768 0.00069149 0.120506 0.0306077 0.0890349 0.125122 0.000726166 0.259316 0.00414042 0.033082 0.0110059 1.74133e-05 0.0982003 0.193191 0.00342446 1.30234e-08 
0.00283886 0.00280902 0.00328061 0.0345005 0.0476413 0.116834 0.0099119 0.00152312 0.371417 0.00848314 0.0246589 0.00025489 1.23488e-12 0.0254974 0.30144 0.0397769 0.00913198 
0.0123525 0.00654446 0.00232753 0.0487506 0.0442323 0.0239169 0.0141916 0.00763941 0.513682 0.0156472 0.0154829 0.0102764 6.72264e-06 0.174657 0.0808536 0.0164968 0.012942 
0.0047735 2.96686e-05 2.98169e-06 0.000107086 0.0267672 0.218376 0.000467703 0.000556612 0.590645 0.0850733 2.53244e-08 9.89814e-05 4.45177e-05 0.0616086 0.00963794 0.00133954 0.00047119 
0.00628636 1.44973e-07 4.67848e-07 0.0160133 0.00828053 0.418677 0.000523856 0.000231734 0.467864 0.0250913 0.000215451 2.9055e-06 7.56306e-05 0.0229309 0.0337387 5.67219e-05 1.10681e-05 
0.114209 4.57493e-07 8.79673e-05 0.00550035 0.037745 0.00171987 0.000982538 0.000777931 0.751735 0.00441912 3.20776e-11 0.000102758 4.01796e-08 0.0154655 0.0658151 1.52077e-05 0.00142427 
0.0332038 1.32147e-08 9.39429e-08 0.000424723 0.270272 0.00245054 5.2185e-05 0.137214 0.289453 0.00223019 0.000122158 4.35476e-05 1.81568e-08 0.217416 0.000483456 0.0466328 1.44872e-06 
0.0714784 0.000453815 1.36063e-05 0.126297 0.0357301 0.0196349 0.00111758 0.057549 0.403358 0.0128748 0.000799424 0.00031489 2.66085e-11 0.166214 0.0830798 0.021004 8.03869e-05 
0.0955049 3.994e-07 8.79405e-05 0.0086609 0.0164712 0.00203776 0.00181512 0.000202243 0.743886 0.00280862 8.91888e-07 0.000111201 3.50663e-08 0.00458295 0.122366 3.97177e-05 0.0014242 
0.00171736 0.000397731 2.15296e-06 0.0345925 0.0163726 0.313575 0.00442798 0.00223468 0.347045 0.184177 0.00270039 0.00122629 6.76637e-05 0.0531215 0.019935 0.0121216 0.00628471 
0.00790015 7.5959e-05 2.20852e-08 0.0020533 0.146085 0.00199288 0.000252302 0.0138421 0.58466 0.073764 0.000352757 0.00157599 2.42016e-06 0.145471 0.0196441 0.0023221 6.23502e-06 
0.0491593 2.65253e-07 5.28479e-05 0.163469 0.0953825 0.0717483 0.012397 0.00237586 0.374449 0.00383285 0.0445321 0.0133172 1.36698e-06 0.1613 0.00786271 0.000118692 1.28373e-06 
0.000486782 0.00115359 4.46105e-12 0.000206372 0.00342286 0.0132021 0.000956864 0.0187346 0.536301 0.0055488 4.03828e-05 0.00218652 3.40169e-12 0.413451 0.00422975 6.49482e-05 1.45942e-05 
0.0137684 0.000859231 1.62257e-10 0.00112325 0.062881 0.00136634 0.00127514 0.00468823 0.616159 0.0558385 0.0103825 0.000877386 3.99063e-07 0.230162 0.000385004 0.000233437 5.22188e-07 
0.014108 0.000713389 4.7936e-06 0.00341659 0.0245099 0.000726476 0.000176705 0.0144594 0.769443 0.00591786 0.0056321 0.000307738 8.88302e-08 0.147264 0.0124806 0.000805425 3.36634e-05 
0.0169938 0.00214534 0.00013398 0.0170083 0.0499146 0.219245 0.0102252 0.0471188 0.431586 0.0167485 0.000603962 0.000445025 6.53712e-06 0.127744 0.0318937 0.0280634 0.000123743 
0.0045095 0.0180083 3.07624e-05 0.0193128 0.0189341 0.0290439 0.0063048 0.000726207 0.625141 0.00666984 0.00193707 0.00375985 6.47748e-09 0.116454 0.110382 0.00269561 0.0360899 
1.46326e-08 6.52747e-05 5.18628e-12 0.0244566 0.000709884 0.304813 0.0171291 0.000158408 0.460164 0.000248796 0.000342875 2.25195e-05 3.95469e-12 0.0968914 0.094762 0.000111148 0.000124514 
0.0216952 0.00204773 4.36251e-06 2.19747e-05 0.00352837 0.11953 0.000523419 0.00906317 0.756088 0.0165299 9.78172e-06 0.000263921 1.48629e-07 0.0693593 0.00113261 8.83972e-05 0.000114402 
0.00097215 0.00596981 1.67918e-05 0.0139182 0.00689787 0.0323148 0.00423733 8.48627e-05 0.562918 0.00102681 0.00196313 0.000207121 2.59148e-12 0.239241 0.0665919 0.00757489 0.0560661 
0.0102766 0.0222998 0.00013885 0.00527046 0.0320594 0.0145944 0.00101943 0.0127493 0.427275 0.0669711 0.135876 2.57554e-05 4.1707e-06 0.226601 0.0300092 0.00132669 0.0135018 
0.0328731 0.000127739 0.00076853 0.0142401 0.0309146 0.0572642 0.000769285 0.00918864 0.5663 0.00687693 0.0291496 1.76744e-05 1.64035e-07 0.173716 0.0745921 0.0031655 3.61935e-05 
0.0126576 0.000432764 0.00465242 0.0440131 0.0352449 0.135357 0.0169338 0.0129157 0.44877 0.00841553 0.0115747 0.000362621 0.000198931 0.0512895 0.19597 0.0121441 0.00906688 
0.0186592 0.000507167 0.00076856 0.0303171 0.203071 0.0468155 0.013738 0.020136 0.398085 0.0388343 0.00814977 0.00353865 4.17138e-06 0.183273 0.012784 0.0197268 0.00159206 
0.0904439 0.00645428 7.4144e-05 0.0229515 0.0724114 0.109178 0.0340562 0.0252973 0.250976 0.0494131 0.0132769 0.0345212 4.19272e-06 0.247692 0.0344422 0.00765816 0.00114993 
0.000461219 2.96398e-05 0.000267651 0.0585421 0.00351432 0.00797616 0.0175771 7.82797e-07 0.699756 0.000224658 0.0022811 3.49821e-05 2.69443e-11 0.0114074 0.184464 0.00109606 0.0123671 
0.000197772 9.60018e-06 3.86263e-05 0.0365472 0.000460725 0.0175619 0.00984216 4.4701e-05 0.437656 0.000465048 0.0747574 1.07429e-05 5.00043e-07 0.00655539 0.413985 0.000207432 0.00165964 
0.0171143 0.000982146 0.00101152 0.076375 0.00831412 0.0403435 0.0188294 0.00121798 0.463247 0.00304982 0.225761 0.00015542 1.19007e-06 0.0518423 0.0908324 0.000877981 4.58823e-05 
0.00398743 0.00021898 0.0282209 0.0162635 0.0806102 0.170371 0.0101408 0.133862 0.266881 0.0405738 0.00783315 0.014591 7.44801e-05 0.155787 0.0554642 0.0144976 0.000622986 
0.0278296 0.000176425 0.0783493 0.0115482 0.0554448 0.0310067 0.00731186 0.00429003 0.36801 0.00745922 0.000163354 0.000564164 6.80185e-08 0.355128 0.0450951 0.00753452 8.8839e-05 
8.31903e-05 1.5012e-06 1.25931e-08 0.00524416 1.93504e-11 0.0284237 0.000427838 4.74832e-07 0.91686 2.29682e-07 4.19363e-06 9.26083e-05 1.71074e-10 0.0110955 0.0377211 4.54485e-05 5.77828e-11 
0.0054217 0.00711569 0.000639325 0.0739534 0.0288411 0.105591 0.0643625 0.000481205 0.486033 0.0175904 0.0104702 0.000473452 5.89188e-05 0.127114 0.0620012 0.00958741 0.000265413 
0.00325843 1.46111e-08 1.01626e-08 0.00022485 0.357197 0.00134577 5.99658e-05 7.85927e-07 0.540902 0.0014982 2.73106e-05 0.000600717 1.8932e-11 0.0929645 0.00191848 1.10181e-07 2.04494e-06 
0.00276106 0.000364799 0.0101846 0.00101143 0.0238734 0.113988 0.000986393 0.000505813 0.363727 0.274438 0.0227424 0.000828398 3.52105e-05 0.0509021 0.114968 0.0184776 0.000206798 
0.222192 0.00417503 0.000828887 0.0847892 0.104053 0.00182014 0.00707519 0.00363309 0.375688 0.0415834 0.00491543 0.00253791 1.913e-10 0.0800566 0.0645019 0.00214415 6.23771e-06 
0.01034 0.00267685 0.0081846 0.0086942 0.0339278 0.284252 0.0058478 0.00949841 0.395318 0.0741788 0.000944856 0.00162692 0.000229882 0.143699 0.0148327 0.00519914 0.000548994 
