0.00455434 0.00627127 0.00220753 0.0141699 0.105883 0.0135196 0.00525702 0.146939 0.147292 0.316687 0.00016431 0.000761675 8.89587e-06 0.133371 0.0700634 0.0318243 0.00102519 
0.0399185 8.74229e-05 0.000216865 0.0108821 0.227986 0.0281243 0.00266546 0.0713969 0.093621 0.376 4.53544e-07 0.00102131 0.000249577 0.125842 0.0215915 7.54049e-07 0.000396335 
0.00108074 0.000401518 3.89631e-08 0.00134509 0.00209061 0.00601437 0.000180702 0.000608896 0.00437021 0.976501 0.000266951 0.00170178 0.000341701 0.00194269 0.00261086 0.000280522 0.000261928 
0.000115499 6.42255e-08 6.58873e-07 2.56331e-06 6.59127e-07 4.89844e-06 1.25886e-05 2.65817e-05 0.00526018 0.706684 0.000428118 8.4311e-06 3.22886e-07 0.000323711 0.287119 1.74311e-07 1.24025e-05 
0.0109267 0.0026975 0.00373203 0.0248321 0.0921878 0.0174067 0.0026779 0.00371738 0.0772728 0.642938 0.0332214 0.00522343 5.35655e-05 0.0417842 0.0234283 0.0160106 0.00188998 
0.100499 3.24554e-09 5.66932e-09 4.91931e-06 5.60085e-06 0.000305232 3.66559e-06 2.83492e-06 0.05197 0.760642 0.0220157 1.4726e-05 3.30132e-06 0.0590875 0.00536575 1.53563e-08 7.96179e-05 
0.0268137 0.00271306 0.0107353 0.0216642 0.18672 0.00151899 0.00107329 0.00607604 0.0464765 0.434486 0.00288264 0.0388952 6.01204e-05 0.0203361 0.18162 0.0146973 0.00323119 
0.0200425 4.01158e-05 0.000130342 0.000776885 0.116708 0.0112694 0.00051194 0.0202467 0.263044 0.454023 0.000551 0.000894463 1.17182e-05 0.0289082 0.0792454 0.00321181 0.000384529 
1.05528e-05 9.64588e-05 8.06157e-09 0.117633 5.79897e-05 3.36297e-05 1.02498e-05 2.66906e-09 2.64813e-05 0.744254 1.54544e-05 4.39216e-05 6.14719e-09 1.70687e-05 0.137794 1.3435e-09 7.26912e-06 
0.00473062 0.059873 2.73049e-05 0.00307396 0.0518524 0.0111554 0.000213575 0.0368842 0.172257 0.438188 0.00297557 0.000708422 4.14006e-07 0.0363445 0.174677 0.00652655 0.000512663 
0.020474 0.0014935 1.9865e-06 0.0140413 0.0847694 0.00479549 0.00575777 0.0184549 0.0878473 0.617503 0.00916597 0.000263035 0.000177489 0.0298276 0.0938347 0.00611682 0.00547619 
0.00825976 0.0495333 0.0128005 0.0215563 0.0873121 0.226436 0.00991569 0.00272981 0.119774 0.25638 0.000955534 0.000888291 2.47998e-05 0.131156 0.0281087 0.0428243 0.00134436 
1.43356e-08 3.4507e-11 0.000258062 0.000890551 3.08338e-08 0.00332469 1.71318e-07 1.80577e-05 0.00126274 0.931998 0.000139762 6.1262e-06 0.000517577 5.22649e-05 0.0157914 2.23836e-09 0.0457404 
0.000387339 7.58533e-05 0.000762248 0.00029377 0.050782 0.149005 0.00183776 0.000257733 0.00457624 0.789071 8.0788e-05 0.000145781 2.33646e-05 0.00184095 0.00053905 2.81922e-05 0.000292782 
0.0435753 1.11653e-05 1.11591e-05 1.11711e-05 0.20223 1.11711e-05 0.106128 1.11688e-05 0.0994494 0.548483 1.11676e-05 1.11595e-05 1.11625e-05 1.11725e-05 1.11717e-05 1.11712e-05 1.11698e-05 
0.00707448 2.63935e-05 0.162397 2.18524e-06 0.142397 3.72903e-05 5.49475e-06 0.00421165 0.0646465 0.580041 1.74581e-05 0.00177992 2.98878e-05 0.0237928 0.000808959 0.0120084 0.000723795 
0.0015215 0.0021085 8.8307e-11 0.000379592 0.055177 0.000108977 0.000280517 0.00162883 0.000503165 0.902846 0.00138792 0.00351208 1.00825e-07 0.000356719 0.00859229 0.0172525 0.00434463 
0.13341 0.00010528 2.28191e-06 0.0468681 0.214323 0.0139016 0.00311787 0.00925557 0.0665658 0.220177 0.00825463 0.00311045 0.000734261 0.0821266 0.0998609 0.0967786 0.00140782 
0.0290826 0.055757 0.0317221 0.0387303 0.129385 0.000910655 0.000230167 0.0104231 0.0960502 0.359405 0.0011588 0.000441134 7.40633e-06 0.0151729 0.162077 0.0247672 0.0446792 
0.00386764 1.82372e-05 2.98409e-05 0.0139554 0.0600881 0.175298 0.00122576 0.000611117 0.0148849 0.697708 0.00282777 6.80379e-05 0.000366162 0.0139301 0.0148166 2.74339e-05 0.000276954 
0.0111523 1.22954e-07 2.97903e-10 0.0169238 0.348403 0.0122796 0.00478349 0.00669317 0.0131554 0.504549 0.00845241 1.53415e-06 4.03204e-06 0.029888 0.0435272 3.56151e-08 0.000186516 
0.0050471 0.0017262 0.00364846 0.0718515 0.0739759 0.00495766 0.0195525 0.000761104 0.0587375 0.705901 0.00849142 3.61506e-05 0.00261695 0.00878638 0.0067054 0.024189 0.00301552 
0.0239837 0.000326485 0.00428977 0.0015891 0.188767 0.00446465 0.01209 0.0125831 0.133695 0.361221 0.0298456 0.0013028 8.24603e-07 0.185454 0.0040552 0.0360398 0.000292768 
0.013503 0.00141875 1.40724e-07 0.0146367 0.216391 0.021239 0.00217005 0.00945065 0.232099 0.295213 0.102526 0.000119196 6.47716e-08 0.0395561 0.0514246 0.000205306 4.69856e-05 
0.223729 0.0478568 2.62132e-07 0.00215958 0.05256 0.00349719 0.00260775 0.00473721 0.0732943 0.484656 4.55221e-06 0.00311036 1.20028e-07 0.0237572 0.0764046 2.13052e-07 0.00162447 
7.29089e-07 1.81777e-06 3.1753e-06 5.47266e-07 2.73871e-07 0.00077 7.47491e-07 1.05129e-06 1.74712e-07 0.977519 1.29487e-06 3.0887e-06 2.42126e-06 0.0216943 4.0675e-07 5.2918e-07 8.17813e-07 
0.0156894 0.000216295 0.0140304 0.0142553 0.00974941 0.131935 0.00229626 8.72378e-05 0.132524 0.308947 0.0409297 6.08064e-05 4.39095e-07 0.290811 0.0282549 0.00458684 0.00562586 
0.000417571 0.000737547 0.0109795 0.001946 0.0408393 0.0594248 0.000377624 0.0322539 0.0280349 0.770374 0.000265819 0.000225975 0.00572872 0.0213989 0.019241 0.00167487 0.00607997 
0.00473062 0.059873 2.73049e-05 0.00307396 0.0518524 0.0111554 0.000213575 0.0368842 0.172257 0.438188 0.00297557 0.000708422 4.14006e-07 0.0363445 0.174677 0.00652655 0.000512663 
0.0500562 0.0030276 0.000428701 0.0161281 0.11797 0.0418093 0.00427637 0.000826888 0.251194 0.300384 0.0237558 0.00315745 0.000579802 0.0599793 0.124303 0.0013569 0.000767207 
0.0309283 0.00212073 0.000773875 0.0262208 0.149419 0.0392646 0.00430855 0.0345377 0.107854 0.313317 0.000339776 0.000941272 5.36103e-05 0.205764 0.047393 0.0331167 0.00364623 
0.00119271 0.0144156 0.000694733 0.00495467 0.0547119 0.0317154 0.00510993 0.000618167 0.0493849 0.661751 0.00253551 0.000343572 0.00136939 0.0277932 0.108525 0.00481462 0.0300699 
1.37228e-05 2.13975e-06 0.000127845 0.00415931 0.00378872 0.00133228 0.000384463 0.000351662 0.00878034 0.963439 2.74394e-06 0.000780623 9.46901e-06 3.25609e-06 0.00917549 2.02294e-06 0.00764696 
0.000220914 0.000246089 1.24255e-07 0.000921884 0.0014168 0.000175981 0.000130584 0.0232322 0.00518654 0.960341 0.00317611 0.00144416 6.71873e-06 0.00261696 0.000824582 1.33909e-05 4.57583e-05 
0.0173825 3.21165e-07 3.7821e-05 2.06554e-05 0.078906 6.42074e-05 3.69945e-10 0.21975 0.0202614 0.627125 3.06257e-07 4.35862e-05 4.90498e-06 0.0338236 0.00251271 4.63357e-06 6.2154e-05 
5.60318e-05 5.90976e-06 3.10058e-06 8.53688e-06 4.44969e-10 6.60886e-06 2.47766e-05 1.70807e-09 7.89163e-06 0.695493 2.10382e-09 2.66022e-05 3.93392e-09 0.127549 0.176817 1.20455e-06 1.32873e-09 
0.114424 0.000147312 7.20508e-05 0.00801203 0.118392 0.00348208 0.0185389 0.0766137 0.0599682 0.434931 0.0150995 1.57178e-05 0.000280229 0.0298502 0.0304181 0.0139881 0.0757665 
0.0182422 0.0399102 3.28505e-05 0.0286328 0.122106 0.0450129 0.00831412 0.0117305 0.164537 0.311912 0.011198 0.00550648 1.93988e-06 0.0556927 0.15293 0.0236974 0.000542844 
0.0014795 1.39099e-10 5.53296e-05 0.000102477 0.00623523 0.373306 0.00416913 7.73099e-05 0.0803799 0.498798 1.71477e-08 8.12032e-05 5.53095e-05 0.0021857 0.0304317 1.94296e-08 0.00264306 
0.0252593 0.014312 3.97616e-07 0.0136555 0.239665 0.000347241 0.00105622 0.0210802 0.135567 0.275942 0.000782145 0.0430886 1.17094e-08 0.0736004 0.154656 0.000914975 7.35178e-05 
0.0964372 8.86151e-07 6.4906e-07 0.0985942 0.156843 0.0405116 0.0617611 0.000936411 0.053959 0.468454 0.00684973 3.47305e-06 7.85331e-10 0.00745723 0.00819133 3.04131e-07 2.65256e-10 
0.000109705 0.000292973 9.47315e-05 1.33596e-07 0.00185126 0.0804887 0.00555901 0.00126445 0.0829536 0.816281 0.000166838 7.53997e-07 5.91064e-07 0.010936 9.92935e-08 1.2918e-07 1.9964e-07 
0.00792249 0.000425579 0.00814469 0.00977482 0.0845796 0.0110463 0.00118882 0.00910931 0.145194 0.521167 0.0111824 0.00381577 0.0188391 0.15532 0.00604802 0.00472512 0.00151703 
0.0750405 0.0142706 2.28962e-05 0.0952788 0.211636 0.00521226 0.00620815 0.0187948 0.128412 0.371509 0.0150563 0.00439639 6.34785e-06 0.0416668 0.00169718 0.0101457 0.000646144 
0.00566409 0.00115344 0.00749128 0.0156865 0.117317 0.0307192 0.0109889 0.00294411 0.13469 0.391587 0.122733 0.000161071 0.000189325 0.0558839 0.0919586 0.00974854 0.00108378 
0.00877304 0.000865378 1.00526e-05 0.0103735 0.133099 0.0118847 0.0187736 0.00108047 0.269008 0.444078 0.0201035 2.14906e-09 1.12589e-06 0.0182271 0.0318355 0.00103983 0.0308486 
0.00457748 0.0198446 0.0126773 0.0354163 0.0858617 0.0335988 0.00884442 0.00939251 0.097842 0.49374 0.00165768 0.000231327 0.0238914 0.0780698 0.0561161 0.0372078 0.00103105 
0.00289346 0.000246965 0.000406408 0.000339737 0.0973312 0.143531 0.00942493 0.00124942 0.158239 0.296109 0.005429 5.37212e-05 0.0640447 0.0424829 0.176554 0.000176977 0.00148858 
0.0379497 0.0429135 3.47807e-07 0.0295337 0.0181957 7.7552e-05 0.00434704 8.96623e-05 0.00704734 0.82536 0.0223245 2.12242e-06 2.28856e-08 0.0026718 0.00907877 6.6821e-07 0.000407896 
0.070634 0.00777562 0.00223444 0.0501249 0.0987361 0.0902076 0.0443676 0.0070151 0.104865 0.311814 0.0066504 0.00521859 6.53399e-05 0.0920425 0.0954104 0.00977175 0.00306669 
0.0133847 3.28411e-07 1.38482e-05 5.09075e-05 0.344008 9.92956e-08 0.000560313 0.0017265 0.00635583 0.630035 2.33939e-07 0.00258403 4.3744e-07 0.000559088 0.000713073 7.3314e-06 1.47751e-07 
0.173824 0.000547621 3.92888e-05 0.0271418 0.0458113 0.0246376 0.00187784 0.0157264 0.0272485 0.323749 0.0010399 0.00202988 7.96901e-06 0.302932 0.0291902 0.0239254 0.000271995 
0.00104015 6.26153e-10 8.66371e-05 0.0492236 0.0987318 0.168494 2.18584e-05 0.0138253 0.0754715 0.436084 4.46032e-10 0.000504271 0.0758928 0.0760024 0.0040918 9.70856e-05 0.000433412 
0.0183196 0.000625064 2.52395e-06 0.00214524 0.0672646 0.0392404 0.0201286 0.00476161 0.0501162 0.680666 0.00317678 0.0220211 0.000973666 0.0657863 0.0235347 0.00118537 5.27986e-05 
0.0172324 0.0305159 0.000985303 0.0300068 0.0695773 0.00969573 0.0137482 0.00252803 0.0373828 0.696844 0.00950599 0.00686417 1.15122e-05 0.0599109 0.0148066 0.000207592 0.000177211 
0.0953538 0.000302125 2.18341e-08 0.0616272 0.128969 0.0168925 0.0200085 0.179826 0.12261 0.200307 1.2929e-05 9.52124e-06 3.9719e-07 0.151739 0.0196351 0.000857934 0.00184868 
0.000430431 0.00165458 0.000595442 0.00774975 0.0136829 0.00654005 0.000140949 0.000594915 0.0426939 0.897572 0.000492943 0.00439417 0.000804427 0.0124089 0.0101375 1.64015e-05 9.06829e-05 
0.0225701 0.00109591 0.000109175 0.00720698 0.0754921 0.232585 0.0251078 0.00139726 0.0873455 0.483368 0.00246511 0.000917738 0.00440833 0.0219076 0.0306582 0.00321811 0.000147693 
0.000702764 0.000807781 0.0399365 0.000716413 0.0414609 0.00309822 3.07838e-07 0.000277961 0.0123088 0.854905 1.33979e-06 1.55411e-06 0.00211369 0.00257372 0.0122673 4.26678e-11 0.0288272 
0.00473062 0.059873 2.73049e-05 0.00307396 0.0518524 0.0111554 0.000213575 0.0368842 0.172257 0.438188 0.00297557 0.000708422 4.14006e-07 0.0363445 0.174677 0.00652655 0.000512663 
0.0622734 0.00122083 0.0229683 0.000342679 0.26063 0.00260866 9.53896e-05 0.0817964 0.135447 0.311878 7.57041e-06 0.00115813 3.413e-05 0.0896247 0.00617627 0.023602 0.000137129 
0.000220914 0.000246089 1.24255e-07 0.000921884 0.0014168 0.000175981 0.000130584 0.0232322 0.00518654 0.960341 0.00317611 0.00144416 6.71873e-06 0.00261696 0.000824582 1.33909e-05 4.57583e-05 
0.0619233 4.19673e-07 7.3309e-07 0.0385631 0.0119591 3.80433e-07 0.00979119 0.00247256 0.00822096 0.737406 0.111031 3.2256e-06 4.23232e-05 0.00363333 0.0149521 2.71517e-07 2.15442e-07 
6.86683e-05 2.73024e-05 2.5099e-06 4.8092e-05 0.000338597 0.00381806 0.00510019 3.78238e-05 0.00243377 0.962803 0.0229196 9.08441e-06 2.57443e-06 6.01312e-05 0.00231904 4.18289e-07 1.07999e-05 
0.000675085 0.000585289 2.45618e-05 0.0383905 0.00401121 0.0800453 0.000997537 0.000346599 0.100067 0.523134 0.0285918 0.000149369 1.16568e-05 0.173224 0.0497156 1.09076e-05 1.86613e-05 
0.0398947 6.98181e-05 3.42305e-05 0.00531516 0.10487 3.03102e-05 0.00631062 2.14275e-09 0.0259099 0.630338 4.64244e-05 0.00793521 4.93504e-09 0.170254 0.00887409 9.34665e-06 0.000108249 
0.0790239 0.00153588 5.50824e-05 0.0114157 0.233704 0.00731815 0.00472224 0.0459017 0.0215046 0.517998 0.0155709 0.0020769 8.46892e-06 0.022435 0.0166623 0.0198562 0.000210828 
0.0145223 0.00332975 0.0907001 0.00936703 0.128276 0.000189411 0.00144027 0.00314608 0.204144 0.401534 0.0907133 0.00112454 0.000345523 0.0154759 0.0198151 0.015803 7.36461e-05 
0.0126991 0.00590413 4.51419e-07 0.0361167 0.0588934 0.0255411 0.00276011 0.00270305 0.0583 0.700433 0.0402033 0.00950253 3.52726e-05 0.00830121 0.0225493 0.0159576 9.99604e-05 
0.000527924 0.0398215 0.00250342 0.011759 0.0481176 0.00625124 0.00372908 0.000266051 0.00904515 0.587327 0.162511 0.000146958 1.71328e-06 0.0793667 0.00255425 0.0414416 0.00463003 
0.00174738 0.00142294 2.60851e-07 0.00300283 0.0738246 0.000345025 0.000352937 0.00195389 0.00700518 0.814329 0.00527985 0.000912068 9.35863e-09 0.000424529 0.0365331 0.0512981 0.00156851 
0.0213699 0.015678 4.75116e-08 0.106261 0.0312671 0.0280367 0.00638374 0.0152864 0.0356438 0.631334 0.00105214 0.000104842 3.6229e-08 0.0173153 0.0902667 7.91806e-09 1.22368e-08 
0.000344949 0.101021 0.00203322 0.0147523 0.00872073 0.0688599 0.00630735 0.00166425 0.0302532 0.278066 0.000557629 0.000608984 0.000127971 0.141724 0.219702 0.00140844 0.123848 
0.00206802 0.00383952 7.01766e-09 0.0166308 0.0368369 0.0819547 0.00380546 0.000430682 0.235066 0.383483 0.000306419 0.00478822 0.000688782 0.0391515 0.135797 0.0543079 0.000845748 
5.67855e-06 1.37768e-08 2.40653e-08 0.255633 0.0677574 0.0239949 0.046329 2.56814e-06 0.0320612 0.358657 0.0268276 0.0184226 1.83505e-08 0.0174656 0.152842 7.26934e-07 6.19814e-09 
0.162633 0.000460066 9.79219e-07 0.0150132 0.0292037 0.0275161 0.00215423 0.000949509 0.206449 0.328301 0.0247069 0.000430424 0.00338772 0.176274 0.0112588 0.0112464 1.53047e-05 
0.0351844 0.03169 0.000357019 0.0153791 0.0950507 0.00678877 0.0320487 0.00279258 0.110283 0.385809 0.00315687 0.00191625 9.22349e-06 0.0361004 0.160849 0.0822482 0.000336329 
0.00069489 4.61378e-05 6.24781e-06 0.000477521 0.0157994 0.00988194 0.00985084 0.00159159 0.00155981 0.942161 6.06473e-08 1.78662e-06 0.000211625 0.00736692 0.0102727 3.54026e-05 4.22676e-05 
0.0721085 0.00226761 0.000970449 0.0157984 0.122847 0.0767949 0.00546885 0.0391821 0.121472 0.254818 0.000924814 0.000794843 8.17597e-06 0.103746 0.118935 0.0638191 4.5418e-05 
0.00195404 8.64838e-05 9.60251e-08 0.022857 0.0494369 0.0249504 0.000895114 0.037942 0.0319313 0.725248 0.00467722 0.00680599 0.000767278 0.0125979 0.0705395 0.00869509 0.000615594 
0.000307628 0.00201694 1.77355e-06 0.0129703 0.0123967 0.0519139 0.0124453 6.87923e-05 0.03593 0.439821 0.000672693 0.337699 2.41533e-06 0.0841517 0.00572782 1.48677e-06 0.0038721 
0.00135255 2.09029e-06 3.65134e-06 2.39271e-05 1.15935e-05 1.90442e-06 5.84761e-06 1.63841e-06 0.00259774 0.848072 0.135492 1.84398e-08 0.000473569 4.82586e-06 0.0119536 1.358e-06 1.07407e-06 
0.00214861 4.93814e-10 4.44268e-06 1.4867e-10 0.210781 0.039859 6.38438e-07 0.00135539 0.154875 0.560648 3.51762e-10 0.00180216 6.57756e-10 0.0122344 0.0161956 4.24593e-07 9.60342e-05 
0.00534243 4.46341e-05 0.00134975 0.0035248 0.167314 0.0289397 0.00304402 0.00144927 0.224884 0.356452 5.81135e-05 0.000840923 3.66959e-05 0.184156 0.0181581 0.00425288 0.00015286 
0.00148072 0.0216069 1.14315e-05 0.0344106 0.115799 0.0206517 0.00823716 0.00824143 0.059425 0.641318 0.0210099 0.00212611 2.90752e-07 0.0324685 0.032615 0.00058562 1.26803e-05 
0.0328299 2.75336e-05 1.01299e-05 0.0641896 0.107097 4.8005e-05 0.00229566 0.133854 0.0874385 0.552483 0.000986659 5.69092e-05 1.26769e-05 0.0184853 8.84848e-05 9.37077e-05 2.36746e-06 
0.0219448 0.0382189 0.000237149 0.0120367 0.0370883 0.00992927 0.000918451 0.00180322 0.0233497 0.797107 0.00337224 0.00773284 2.38738e-05 0.0077829 0.0349779 0.00326005 0.000216995 
0.0130071 0.000281052 7.65494e-07 0.218538 0.102047 0.0795516 0.0212864 0.00496816 0.138034 0.273074 0.00348444 0.00239229 0.000205665 0.0736324 0.0650128 0.00413617 0.000349014 
0.042725 0.015001 0.00248242 0.0235409 0.30918 0.0955802 0.00643368 0.0582778 0.0319527 0.320962 5.24469e-06 0.00752744 0.00530725 0.0365771 0.0242371 0.00298006 0.0172301 
0.0338457 0.000311004 0.00126337 0.00964043 0.0350701 0.00191578 0.000362687 0.0021164 0.125422 0.730197 0.00127927 0.000706826 1.24953e-05 0.0154341 0.0384766 0.00380632 0.000139688 
0.0160429 0.000510576 0.000109074 0.0157788 0.0722234 0.00496665 0.0478755 0.00305687 0.109681 0.675494 0.00100615 0.0136133 1.4193e-06 0.0313548 0.00824056 4.02566e-05 5.50747e-06 
0.0176893 0.00752033 8.31341e-06 0.0518728 0.189019 0.00639477 0.00443653 0.0119462 0.114352 0.255768 0.0205026 0.00257086 9.47937e-06 0.0475556 0.139511 0.13038 0.000463473 
0.000638605 7.82036e-06 3.53779e-08 0.000948382 0.000310371 0.0029075 0.000645459 0.000284337 0.018697 0.946513 0.0153186 0.000190102 2.70472e-05 0.00220373 0.0113052 5.89592e-09 3.16745e-06 
0.0113769 0.000497668 1.36045e-05 0.00831943 0.061403 0.0153783 0.00189571 0.0145203 0.133043 0.39554 0.0198976 0.00191381 4.97757e-05 0.141083 0.188425 0.0065286 0.000114912 
0.000658101 0.000236862 0.000413753 0.00272446 0.00132009 0.000216518 0.000665438 0.000185899 0.000431364 0.976476 0.0149489 9.58033e-08 0.000150277 0.000549412 0.000746897 0.000154305 0.000121784 
5.43341e-08 0.000528453 2.36633e-07 4.07841e-08 5.71676e-05 0.000110629 5.57055e-08 7.83456e-08 1.30201e-08 0.998633 9.64976e-08 2.3018e-07 0.000270841 1.77661e-08 0.000130374 3.94362e-08 0.000268224 
0.00117775 0.00246158 0.00706526 0.0531797 0.025675 0.0180956 0.00169825 0.00222345 0.0370398 0.575445 0.000646282 0.000512001 1.88732e-05 0.0479012 0.185259 0.000394599 0.041207 
0.0218047 0.00113167 0.0528356 0.0175465 0.14751 0.00541115 0.0117175 0.00756468 0.116114 0.369229 7.42212e-05 0.0442907 5.57622e-05 0.117659 0.0438708 0.0427888 0.000396989 
0.0194817 0.000806544 0.000338392 0.0343477 0.0975562 0.00747613 0.025447 0.000984955 0.220915 0.418076 0.00677417 0.000987564 9.19942e-06 0.0163151 0.120175 0.00233576 0.0279729 
0.0848122 1.27191e-08 2.22178e-08 2.74157e-05 0.158224 0.0244978 0.00430057 0.000225495 0.147455 0.473083 2.40265e-07 0.000603378 3.02104e-07 0.10553 0.00121117 2.79515e-05 1.4079e-06 
0.0413711 1.16528e-05 2.78451e-06 0.0156697 0.0262435 0.000648537 0.000982497 1.38078e-05 0.204255 0.611562 1.03192e-05 2.31775e-05 2.39387e-09 0.0389041 0.0599464 5.23194e-10 0.000355347 
0.0105721 0.000449951 0.000204964 0.00681767 0.10836 0.0549047 0.00222402 0.00836386 0.132608 0.296998 0.0347097 0.000265373 4.36966e-08 0.27915 0.0496972 0.00684825 0.00782616 
0.000701533 0.000179246 0.00028269 0.00415094 0.00264965 0.000150828 0.000212249 3.01171e-06 0.003172 0.88754 0.0885058 6.95433e-10 0.000148724 0.000338761 0.0107788 1.19147e-10 0.00118595 
0.000220914 0.000246089 1.24255e-07 0.000921884 0.0014168 0.000175981 0.000130584 0.0232322 0.00518654 0.960341 0.00317611 0.00144416 6.71873e-06 0.00261696 0.000824582 1.33909e-05 4.57583e-05 
0.00473062 0.059873 2.73049e-05 0.00307396 0.0518524 0.0111554 0.000213575 0.0368842 0.172257 0.438188 0.00297557 0.000708422 4.14006e-07 0.0363445 0.174677 0.00652655 0.000512663 
0.052038 0.00097318 0.000789339 0.0158646 0.116433 0.00456405 0.0694923 0.0447054 0.157152 0.317363 0.0169648 0.00659351 6.62903e-07 0.0456956 0.0972454 0.0535962 0.000528586 
0.0141658 0.00134573 3.09301e-05 0.0112917 0.097991 0.055196 0.00331081 0.00686455 0.106795 0.580099 0.00305966 0.00123601 0.00124891 0.0774498 0.0258163 0.0139553 0.000142813 
0.123839 4.71398e-06 2.38084e-06 0.0954091 0.0285703 7.02942e-07 0.00453267 0.000703193 0.0580072 0.64019 0.000589705 0.0182166 1.21077e-06 0.0269147 0.00260238 9.52233e-08 0.000416418 
0.0597547 0.00255246 0.00100095 0.00928747 0.242916 0.00020415 6.20925e-05 0.0258067 0.0931838 0.393036 0.00358539 0.00561422 6.27153e-06 0.0174754 0.0868993 0.0585953 2.02213e-05 
0.013991 0.040546 4.21436e-08 0.00688199 0.0604992 0.000444885 0.0084884 0.0132611 0.068486 0.763611 0.00191199 0.00520507 2.28899e-10 0.0057028 0.0108761 5.72536e-06 8.89318e-05 
0.00230412 0.00145022 0.000526761 0.0251351 0.0331042 0.270655 0.0211485 0.00484126 0.0973858 0.329062 0.000634957 0.000198913 0.000177141 0.0898234 0.116061 0.00135607 0.00613534 
0.000220914 0.000246089 1.24255e-07 0.000921884 0.0014168 0.000175981 0.000130584 0.0232322 0.00518654 0.960341 0.00317611 0.00144416 6.71873e-06 0.00261696 0.000824582 1.33909e-05 4.57583e-05 
0.000220914 0.000246089 1.24255e-07 0.000921884 0.0014168 0.000175981 0.000130584 0.0232322 0.00518654 0.960341 0.00317611 0.00144416 6.71873e-06 0.00261696 0.000824582 1.33909e-05 4.57583e-05 
0.00487474 0.000969062 2.28392e-05 0.168829 0.0373276 0.00574982 0.0110873 1.41973e-05 0.0694175 0.56104 0.106724 0.00248872 8.70542e-06 0.00238477 0.0281613 0.000332833 0.000566899 
0.000971048 0.0183952 1.90615e-06 1.66185e-05 0.132012 0.120697 0.00163085 0.00177739 0.0147227 0.598052 0.000209662 0.000285475 1.55143e-05 0.0405582 0.0681245 0.000329359 0.00219961 
0.00222054 8.92591e-05 2.54865e-06 0.112764 0.0713021 0.00444042 0.00174477 0.00417533 0.0707251 0.642795 0.0368392 0.00245254 3.0459e-07 0.0112834 0.0391634 1.19333e-06 9.60279e-07 
0.000882805 0.000862268 3.82876e-05 0.00219432 0.00475104 0.00608869 9.97177e-05 0.00119426 0.0280076 0.601316 0.0207991 0.000169699 6.4781e-05 0.00966883 0.0567315 0.00280208 0.264329 
0.00821147 2.85457e-07 0.0667567 0.0226389 0.0498555 0.00104022 0.00178135 3.69514e-05 0.293695 0.325384 0.00154402 0.000346786 1.33812e-06 0.0383069 0.190088 7.76676e-11 0.000312264 
0.00122411 0.245937 0.00122289 0.0012242 0.00122433 0.0012242 0.0012241 0.00122395 0.00122439 0.735704 0.00122382 0.00122293 0.00122326 0.00122436 0.00122427 0.00122421 0.00122406 
0.00393954 0.00889837 1.58005e-06 0.129565 0.0140483 0.000268431 0.0106497 0.00133447 0.00708099 0.736451 0.0236305 0.00507916 1.20483e-06 0.00519981 0.0538514 2.63323e-07 4.06949e-07 
0.0270139 0.00209061 3.19582e-07 0.0461304 0.0314118 0.00985184 0.00198499 0.000913035 0.0193724 0.450103 0.0590157 0.255054 4.20315e-07 0.090024 0.00694479 8.63971e-05 2.051e-06 
0.00109177 3.50777e-07 0.0828051 0.00140872 0.0130553 3.80335e-08 0.000283026 0.000774871 0.00873347 0.882119 7.46759e-08 2.1907e-07 0.000835017 0.00142528 0.00563659 2.32537e-06 0.0018283 
0.117894 5.87971e-05 9.75801e-06 0.0341844 0.100377 0.0499558 0.000760483 0.000125875 0.0608957 0.574517 0.000899572 6.68448e-05 1.00689e-06 0.0482565 0.0118861 1.64618e-05 9.57832e-05 
0.000172295 5.52526e-08 0.00569563 6.13037e-06 0.00293824 0.0194237 3.50645e-05 3.329e-05 0.0252257 0.931717 5.42382e-05 0.000489269 0.000524295 3.65084e-05 0.0136321 1.99734e-06 1.42386e-05 
0.0536783 8.29141e-07 1.44835e-06 9.53703e-06 4.62099e-06 0.00136503 2.32938e-06 6.50745e-07 1.51e-06 0.934107 5.23288e-05 3.35362e-10 5.26047e-07 0.010772 2.61453e-06 5.4015e-07 4.26308e-07 
3.23709e-05 4.27302e-07 0.000142635 8.51802e-06 0.00147038 0.000320219 8.54359e-05 0.000159731 0.00174003 0.992511 0.000459459 6.19513e-05 4.346e-05 0.000356872 0.00250612 6.31417e-07 0.000101135 
0.000115499 6.42255e-08 6.58873e-07 2.56331e-06 6.59127e-07 4.89844e-06 1.25886e-05 2.65817e-05 0.00526018 0.706684 0.000428118 8.4311e-06 3.22886e-07 0.000323711 0.287119 1.74311e-07 1.24025e-05 
0.296193 1.71766e-07 3.00041e-07 0.00648991 0.117284 0.00426118 0.0241158 8.62265e-05 0.0413901 0.408794 0.00226044 2.91859e-07 2.2879e-07 0.0029731 0.0949333 0.000810689 0.000407042 
0.00847038 0.000797756 0.00792125 0.00495226 0.130015 0.0337606 0.00856876 0.0357909 0.151631 0.345449 0.00489428 0.00317966 1.63076e-05 0.0664613 0.183331 0.0143546 0.000406054 
9.69246e-05 3.26515e-08 5.70358e-08 9.8302e-09 0.000159884 0.000360347 0.000132938 5.2893e-05 9.4778e-05 0.998448 2.32588e-08 5.54804e-08 2.61383e-05 4.41106e-05 0.000374085 9.50532e-09 0.00021008 
0.0217777 1.24136e-05 0.00239718 0.0159202 0.0572019 0.341355 0.00184883 0.00177251 0.0161194 0.498543 0.0130233 1.2861e-06 8.50268e-07 0.0268371 0.00296168 8.91649e-05 0.000138855 
0.00134296 1.69417e-05 0.00655418 0.000174532 0.0659069 0.0170686 0.0775761 0.00284205 0.149549 0.395414 3.47986e-05 0.0014049 2.44422e-05 0.271474 0.00334885 0.00693409 0.000333611 
0.000117901 0.24831 0.00021636 0.0381237 0.0321533 0.000464723 1.28329e-05 8.16222e-05 0.0184671 0.603736 0.0194678 0.000336703 1.9684e-05 0.0130833 0.0241837 0.00102572 0.000199764 
0.0167891 0.00104477 4.61805e-07 0.0917681 0.0494281 0.0171062 0.22426 0.000704864 0.12367 0.437375 0.000551705 0.000537394 1.72752e-05 0.00360034 0.0222949 0.0106471 0.000204223 
0.00888982 0.00112556 0.0272727 0.0132352 0.0491872 0.140322 0.0108477 0.00703988 0.184658 0.285217 0.00776363 0.0883299 4.97925e-05 0.142182 0.0262734 0.00575591 0.00185047 
0.00138304 0.00050772 7.35697e-06 0.0329384 0.0110963 0.135721 0.00674937 0.00160882 0.0273263 0.569484 3.16287e-06 0.000682803 0.153373 0.00698591 0.0508578 0.000121447 0.00115382 
0.00308656 0.0049838 0.0123115 0.0317945 0.0286691 0.0312946 0.0315587 0.000534714 0.0725519 0.569721 0.0799689 0.00131453 1.28134e-05 0.0852066 0.0456954 0.0012608 3.45508e-05 
0.0410606 0.0157294 4.95638e-10 0.0546016 0.242247 0.0042724 0.00110602 0.00393781 0.0727199 0.34309 0.02474 0.000518568 3.77939e-10 0.0961045 0.0986135 0.00117493 8.40058e-05 
0.0361972 0.0103541 0.0107196 0.1683 0.100977 0.0722631 0.0261797 0.00590907 0.0746393 0.395941 0.00418212 0.00236903 0.00161796 0.0340594 0.0490941 0.00642503 0.000771441 
0.0797826 3.50202e-09 1.3439e-06 1.31306e-05 0.150632 0.00378332 0.000542772 0.117832 0.0258267 0.619568 0.00194971 1.20791e-05 4.66465e-09 3.02102e-05 1.97651e-05 6.14445e-06 1.18836e-06 
0.000148759 0.000691266 8.34118e-08 1.77725e-06 0.0419328 0.0538194 1.36852e-05 1.58549e-05 0.00138627 0.814369 1.56207e-05 0.000118612 6.3604e-08 0.000152471 0.0146248 0.0714243 0.00128543 
0.0123264 0.00206377 0.00318701 0.0739791 0.185499 0.00252872 0.00278287 0.00358762 0.099419 0.518491 0.0235101 0.00402201 3.49602e-06 0.0300479 0.0372996 0.000740517 0.000512333 
0.0213002 0.000524115 7.59638e-06 0.0035843 0.104688 0.0316735 0.0112945 0.0114905 0.084923 0.672437 0.00584612 0.00391195 4.60039e-06 0.0406266 0.00247556 0.00514094 7.14858e-05 
0.035717 0.00356734 0.00580203 0.0158768 0.0740512 0.038932 0.0316066 0.000512631 0.132038 0.479715 0.0048588 0.000851516 0.00085507 0.123871 0.0448528 0.00682495 6.76076e-05 
0.0117064 0.0185085 6.27155e-09 0.000374747 0.0258366 0.294796 0.0156025 0.000176121 0.0356559 0.570765 4.78068e-05 2.96986e-06 4.78224e-09 0.00631308 0.0180584 0.00196829 0.00018741 
0.0646878 0.00081388 0.000100899 0.00809017 0.0976065 0.000637216 0.0775165 0.0463277 0.13166 0.404724 0.0173759 0.00123945 7.41523e-07 0.0587057 0.0888269 0.00112465 0.000562201 
0.00609292 1.25044e-08 2.94279e-10 6.10235e-08 0.0495537 2.53677e-07 6.92757e-11 1.01942e-06 0.0168657 0.907707 1.20005e-10 2.86254e-10 2.24397e-10 0.00878995 0.0105826 4.49035e-07 0.000406683 
0.00574409 4.07268e-07 0.0489591 0.000402962 0.123076 0.000135326 0.000262087 0.0023575 0.0937353 0.615061 0.000328735 0.000966647 5.00116e-07 0.0689491 0.038094 0.00149292 0.000434276 
1.46214e-06 0.202758 1.04374e-09 0.0232166 0.0724213 2.96299e-06 0.01858 5.25297e-06 0.0406168 0.391567 0.0775665 1.87836e-05 7.95883e-10 0.173245 1.33701e-10 1.73945e-10 2.68821e-10 
3.11953e-07 0.000597238 5.66482e-07 7.59653e-05 0.00341932 0.000110803 2.32994e-07 0.00108252 0.0320824 0.945861 3.52058e-06 6.59168e-10 5.16727e-10 0.00517208 0.0108646 1.12934e-10 0.000729331 
0.00045011 0.0023193 0.00191717 0.00250096 0.0349536 0.010518 0.000720974 0.106172 0.00599797 0.743611 6.48548e-05 0.00618217 0.000179603 0.0453147 0.0382961 0.000790678 1.02412e-05 
0.030286 1.92092e-05 0.0315544 3.04801e-06 0.0720814 0.00100115 5.63303e-06 6.14413e-05 0.00018915 0.832157 0.0322314 2.16734e-05 2.36027e-05 0.000115756 7.47542e-06 0.000219879 2.14404e-05 
0.0401246 0.000332046 5.1742e-05 0.0135496 0.088162 0.0690351 0.0663458 0.00195116 0.114124 0.52667 0.00781795 0.00139888 0.000390952 0.0391537 0.0298155 0.000909461 0.000166637 
0.000438037 0.000183992 8.41203e-06 0.000409211 0.00110133 0.000610835 0.016909 0.000768068 0.00340503 0.966934 0.00246496 0.000537664 4.8492e-07 0.00118797 0.00125592 0.00374241 4.27227e-05 
0.00140257 0.00362034 7.29302e-05 0.00630013 0.0303764 0.00935731 0.00171149 0.000815439 0.0290153 0.789271 0.00563126 0.000775732 2.6912e-05 0.0905073 0.0297679 0.00102783 0.000320121 
0.000741173 1.52644e-05 1.66615e-05 0.00635371 0.168337 0.0431174 0.00165572 0.0374124 0.14553 0.459577 0.00117726 0.0240164 2.01749e-06 0.101747 0.00250858 0.00394072 0.00385103 
0.000246084 9.75398e-05 3.04761e-06 0.00132833 0.000300472 8.63529e-05 1.4976e-05 0.00233384 0.11841 0.849671 4.1851e-05 0.000103823 2.32389e-06 0.0270125 0.000253342 7.46745e-05 1.99543e-05 
0.0790025 0.000868216 0.000311958 0.0235471 0.049481 0.346063 0.0110147 0.002382 0.0434482 0.399732 0.00456368 7.51539e-05 0.000689878 0.0200916 0.0171411 0.00156263 2.57671e-05 
0.000943432 8.58802e-05 6.37399e-08 0.00419472 0.00446875 0.0406146 0.00244407 0.00019511 0.00893507 0.594474 7.10871e-08 0.000126049 0.304341 0.00786828 0.0283292 6.76573e-05 0.00291239 
0.000168531 2.22563e-05 3.88775e-05 6.70059e-06 0.000195616 6.72925e-06 9.15209e-06 1.28717e-05 9.18199e-05 0.99934 1.5854e-05 3.78173e-05 2.96453e-05 2.91887e-06 4.98014e-06 6.47914e-06 1.00131e-05 
0.0137579 0.000145151 2.88987e-09 0.00430377 0.229327 0.0101043 0.00010125 0.0053918 0.215392 0.34638 0.0501683 0.0171566 3.94119e-05 0.0663464 0.0411452 0.000117902 0.000123041 
0.00102037 0.00190489 0.000124571 0.00152194 0.0348875 0.000256489 0.0257912 0.0290104 0.0183455 0.829636 6.74928e-05 0.00183976 3.38047e-07 0.00340826 0.0521545 2.1627e-06 2.88209e-05 
0.0138883 6.64555e-11 0.000587914 2.3969e-06 0.0485587 2.00929e-11 2.73273e-11 0.00668252 0.0149767 0.901405 3.31845e-08 1.80783e-07 8.85181e-11 0.0137533 0.000144905 1.93461e-11 1.28592e-07 
0.00441707 0.000597174 5.21604e-05 0.0404926 0.147255 0.24785 0.0761672 0.00036411 0.0209167 0.268763 3.95864e-05 0.0321914 0.000122327 0.0661943 0.0780382 0.0162915 0.000247204 
0.0696148 0.000740061 2.79636e-05 0.140098 0.0590301 0.0444359 0.0122037 0.00498408 0.0393108 0.502271 0.039901 0.0101845 2.34484e-05 0.0479679 0.0291969 2.38153e-06 7.27721e-06 
0.00252694 0.0179823 1.18099e-05 0.000877681 0.0902549 0.0394216 0.00166993 0.011597 0.00628051 0.675362 0.030212 0.00373714 0.000136928 0.0329411 0.0604005 0.0265464 4.14843e-05 
0.00343341 0.000422606 7.18618e-06 0.0124694 0.0184438 0.0001329 0.0015066 4.00118e-06 0.0186603 0.882237 0.0527788 0.00103252 4.35401e-08 0.00819248 0.000636494 4.11285e-05 1.65755e-06 
0.00293018 0.001656 0.00817442 8.06189e-05 0.243327 0.00371165 0.00118297 0.017098 0.0606255 0.536007 3.05088e-05 0.000713215 5.26232e-07 0.0247043 0.0529314 0.0462161 0.000611156 
0.0819943 6.26481e-08 2.36186e-06 0.0156608 0.161756 0.00759952 0.000954097 0.0812544 0.105722 0.474652 0.00212266 0.000159286 3.8677e-09 0.0490951 0.0172665 0.00175864 2.36355e-06 
0.00445247 6.62844e-05 5.31082e-07 0.00139607 0.0961057 0.048203 0.00277951 0.000160465 0.302812 0.34462 0.0683701 0.00111733 2.96003e-05 0.117473 0.0120033 0.00024985 0.000160645 
0.00680181 2.08084e-07 1.68132e-05 3.28e-08 0.0102561 0.00444239 6.08396e-08 0.000375964 0.0333652 0.935275 0.00262966 0.0024737 2.55519e-07 0.00147741 0.00260435 2.3989e-06 0.000278647 
5.66875e-06 1.46452e-06 9.83557e-10 0.0011694 0.0287362 3.35395e-06 1.57911e-05 0.0183776 0.0293839 0.817557 1.96574e-06 9.56735e-10 7.49992e-10 8.63985e-06 0.10119 1.63915e-10 0.00354853 
0.0629518 0.0800553 0.000223558 0.0299805 0.162094 0.0572978 0.00581865 0.0214906 0.057981 0.32979 0.00775227 0.00670947 2.10253e-06 0.0473966 0.10915 0.0206248 0.000681345 
0.0914285 0.00135515 9.0865e-06 0.13035 0.0135583 0.000188779 0.00521116 0.000338665 0.0428376 0.592387 0.00170639 0.065227 0.000571117 0.0303423 0.0229289 2.22985e-06 0.00155772 
0.00525437 0.00474025 0.000257666 0.0256061 0.0177952 1.08337e-06 3.31718e-05 0.0723486 0.000925872 0.856686 2.88801e-06 0.000319861 2.07244e-05 9.4908e-05 0.0154531 2.05449e-05 0.000439953 
0.012068 2.68242e-05 0.00972969 0.00337296 0.158676 0.0330739 0.0331949 0.000708906 0.0380296 0.596709 0.0919751 0.000206978 2.21096e-07 0.00436163 0.0170346 1.76145e-07 0.00083143 
0.0040141 3.58262e-06 0.000170032 0.0149322 0.058697 0.0017614 0.00336075 0.0116912 0.0872102 0.621864 0.0396155 0.000415225 4.08191e-07 0.0621257 0.0623891 0.0274805 0.00426849 
0.0130075 0.00148783 2.72901e-05 0.0364 0.0837655 0.00163083 0.00726959 0.000280678 0.0387042 0.790652 0.00276467 0.00788343 2.09431e-06 0.00494481 0.0103093 0.000869399 8.38467e-07 
0.00131059 0.000681065 0.000103533 0.0292651 0.0629455 0.100178 0.00598098 0.000531947 0.148375 0.342208 0.0830944 0.00145835 0.00290556 0.0820791 0.138656 0.000101084 0.000126775 
0.00806303 1.11854e-05 0.000233001 0.00130669 0.0771992 0.0706932 0.0019321 0.00157243 0.115914 0.567783 0.000566876 0.00050231 1.38364e-05 0.10406 0.0475755 0.00248127 9.32479e-05 
0.000220914 0.000246089 1.24255e-07 0.000921884 0.0014168 0.000175981 0.000130584 0.0232322 0.00518654 0.960341 0.00317611 0.00144416 6.71873e-06 0.00261696 0.000824582 1.33909e-05 4.57583e-05 
0.00603206 0.000473631 0.0372983 0.000236696 0.0314841 0.0438537 0.00717758 0.000289461 0.15523 0.653007 0.00186322 6.99243e-05 0.00366291 0.039737 0.0182013 0.000942518 0.000440302 
0.00423601 0.0067044 6.76541e-10 0.0039606 0.0135129 7.67058e-06 7.75419e-08 1.16193e-06 0.0461436 0.870827 9.1349e-07 6.58091e-10 7.04884e-07 3.55237e-06 0.0537473 2.8792e-07 0.000853736 
0.00336612 0.000113908 0.122242 0.00575341 0.102144 0.0179649 0.0025994 0.00124946 0.0188098 0.531054 0.0293561 0.00356179 0.000197331 0.0124387 0.143535 0.00132899 0.00428474 
0.0119798 0.313792 0.00151034 0.0159967 0.0708171 0.03023 0.0143409 0.00291804 0.131933 0.321027 0.00994397 0.000163565 0.000272913 0.00684983 0.0676368 0.000104735 0.000484016 
0.00969898 0.00192852 0.0491499 0.000104994 0.204089 0.00157118 0.000694064 0.00788778 0.121544 0.464352 0.00854328 0.000497208 6.41116e-05 0.116196 0.00364875 0.00948976 0.000539843 
0.0307278 0.00259301 3.14285e-05 0.133579 0.021878 0.000326665 0.00231063 0.00197617 0.0433124 0.422125 0.0255547 0.000305717 0.000172442 0.0223642 0.282588 0.00835116 0.00180309 
0.000936751 3.95593e-05 0.019134 0.00122706 0.00842667 0.229378 0.0085533 0.000611067 0.0614876 0.484003 0.000802329 0.000171124 0.0856785 0.00848225 0.0866167 0.00158057 0.0028707 
0.10615 0.000845531 0.000254153 0.00766633 0.185591 0.0382148 0.018495 0.00961433 0.0399402 0.512492 0.000193831 0.00163394 4.73407e-06 0.0567857 0.0117726 0.00984991 0.000496179 
0.00371546 6.51261e-05 0.0159374 0.000114042 0.19124 0.00209609 2.08595e-05 0.00876974 0.0894124 0.652609 4.17425e-05 0.00122032 5.12609e-05 0.0208451 0.0117516 0.00179037 0.000319417 
0.0010262 9.16519e-08 1.67051e-05 0.00917813 0.00283855 0.00062352 0.000796423 0.000589328 0.0103366 0.915044 0.00170407 0.0318538 6.29743e-08 0.000464957 0.0251683 4.50466e-06 0.000355007 
0.0252229 0.000458783 0.00111334 0.0343617 0.143139 0.00137906 0.0105182 0.00418788 0.208275 0.253208 0.0985455 0.0194023 3.69134e-08 0.184149 0.00534835 0.0106562 3.40309e-05 
0.0405005 0.000261074 0.000147297 0.0543578 0.171611 0.0440096 0.0307466 0.00182122 0.0979133 0.424145 0.0111397 0.0012466 1.1439e-09 0.0737253 0.0320097 0.0160215 0.00034389 
1.95841e-08 0.000131882 8.52916e-08 1.47001e-08 7.13647e-05 0.00197235 0.00105815 2.82387e-08 0.000425186 0.995769 3.47814e-08 8.29657e-08 0.000162659 0.000108227 0.000234914 1.42143e-08 6.59238e-05 
2.69954e-06 0.00457564 1.53375e-06 0.00600627 0.110383 0.00625959 1.47995e-10 0.0401618 0.0402521 0.503568 0.263312 0.00478916 2.19204e-07 0.0158962 0.00462171 2.86926e-07 0.00016955 
0.000284802 1.19144e-07 0.0102844 0.000109007 0.046489 0.0016878 0.00161248 0.00339704 0.0220238 0.898274 8.17776e-08 0.0011309 1.02885e-05 0.000861005 0.00522495 0.00778953 0.000821192 
0.00767758 7.24584e-07 3.1961e-05 0.00166415 0.104733 0.00125215 0.000766905 0.000635063 0.275025 0.314405 0.00037262 0.0467519 5.37506e-07 0.106711 0.0162747 0.000138004 0.12356 
0.0312378 0.00148297 1.52033e-05 0.080646 0.0460146 0.0445679 0.0096595 0.0133624 0.35795 0.363069 0.0106914 0.000110503 1.92914e-06 0.0113991 0.00302713 0.0266083 0.00015695 
0.0408691 0.000132281 0.000167791 0.00853093 0.162773 0.00849649 0.00874195 0.0516789 0.0226492 0.317616 0.0580979 0.00414642 1.37274e-06 0.0998025 0.0058722 0.209863 0.000560223 
0.0146023 0.000104828 7.21668e-08 1.69128e-05 0.246424 0.00492125 0.000101629 0.00286712 0.0041596 0.707931 2.94292e-08 0.00692806 5.50294e-08 0.0115151 0.000314199 6.41365e-05 5.04756e-05 
0.00306771 0.0275541 0.109305 0.00441703 0.097854 0.00191798 0.000256618 0.00501279 0.162973 0.356145 0.000735633 0.00613879 0.000774959 0.133662 0.0434519 0.0462004 0.000531135 
0.0498629 0.00424019 0.00920074 0.0151166 0.171072 0.00115483 0.00765613 0.00821235 0.0729166 0.556086 0.00181294 0.0063926 1.16561e-05 0.0377064 0.053655 0.00447716 0.000425668 
0.0577567 0.00057441 5.06502e-05 0.00472119 0.0556202 0.0167558 0.0005735 0.0225478 0.148037 0.565552 0.00284484 0.000724278 0.000416642 0.11096 0.00909653 0.00355512 0.000212853 
1.43356e-08 3.4507e-11 0.000258062 0.000890551 3.08338e-08 0.00332469 1.71318e-07 1.80577e-05 0.00126274 0.931998 0.000139762 6.1262e-06 0.000517577 5.22649e-05 0.0157914 2.23836e-09 0.0457404 
0.0286114 1.02938e-07 2.19171e-06 2.38395e-06 0.145488 0.203988 0.0241641 0.0203964 0.0469592 0.497536 0.0328498 7.86482e-07 7.53503e-07 5.98819e-07 6.19012e-07 2.99368e-11 7.40707e-08 
0.000576911 5.51774e-05 0.00019361 0.126104 0.068518 4.38952e-05 0.00392979 0.000314086 0.0159298 0.701884 0.0632315 1.19423e-06 9.36165e-07 0.0191174 1.4153e-05 2.79785e-05 5.78569e-05 
0.0230157 1.2233e-06 6.13746e-05 7.22068e-06 5.12428e-05 3.69867e-07 5.03037e-07 0.000157504 0.000616925 0.975709 8.71401e-07 0.000248953 1.62943e-06 1.60433e-07 6.77363e-06 3.56121e-07 0.000120464 
0.0409098 0.00569298 0.00811096 0.00541508 0.0656029 0.0279407 0.0048094 0.0294378 0.0188545 0.515182 0.0121535 0.0248416 0.0624557 0.0406717 0.130056 0.00205394 0.00581142 
3.73552e-07 0.00843311 2.37497e-11 6.28156e-06 0.0010236 0.000870509 5.64124e-07 9.2793e-08 2.38419e-06 0.98769 3.79662e-07 1.12047e-06 2.71829e-08 1.43985e-06 0.00162778 4.35421e-08 0.000341915 
0.00513876 0.000228796 4.32512e-06 0.000951098 0.0211768 0.315645 0.00596813 0.00032885 0.213071 0.347001 0.00410679 0.000535479 0.000221072 0.0146674 0.0705973 0.000167558 0.000190874 
2.353e-06 4.3437e-10 7.58759e-10 0.000392855 9.84618e-07 2.59081e-07 0.000385873 2.51213e-10 0.000689676 0.983098 3.09417e-10 6.78527e-07 5.78577e-10 0.011971 2.86248e-05 4.0656e-07 0.00342942 
0.0156354 0.00650812 0.000150198 0.000850242 0.0293584 0.0208525 0.0421754 0.00139296 0.0766496 0.75461 0.00881 4.54571e-06 0.000128778 0.0216134 0.0174787 0.00348944 0.000292121 
0.0111165 0.0051746 0.0120645 0.000330601 0.0374669 0.000268379 4.25046e-05 0.143593 0.242752 0.464114 0.00428931 2.53374e-06 1.84629e-06 0.0294067 0.0194993 0.0296002 0.000277101 
0.0295277 0.00161927 2.70327e-07 0.000142521 0.125912 4.84811e-05 7.16805e-08 0.0310964 0.111671 0.648228 0.00459279 0.000242715 8.00922e-09 0.0451821 0.000612561 0.00112379 1.03083e-07 
0.00218735 0.0189947 1.20524e-05 0.00462594 0.0754882 0.0993267 0.00276003 0.00996946 0.0346167 0.612554 0.0205857 0.00253864 0.000133669 0.0421058 0.0557518 0.0182782 7.12974e-05 
0.0223748 0.00239978 0.00578149 0.103625 0.122661 0.0333792 0.00911597 0.00579056 0.268978 0.276551 0.0102703 0.000513165 0.00301293 0.099821 0.0326983 0.0012115 0.00181614 
3.06862e-09 7.65072e-09 1.33643e-08 2.30336e-09 9.34879e-07 0.000938127 3.14607e-09 0.00101903 0.00164092 0.994028 5.44988e-09 0.000136458 9.18566e-06 2.27244e-06 8.32233e-06 2.22723e-09 0.00221634 
