0.000425457 2.61911e-06 1.45953e-05 0.0169483 0.00467221 0.182107 0.00263177 0.000357498 0.0920137 0.645626 7.52547e-06 0.0077485 0.00532832 0.0218394 0.020106 1.24449e-05 0.000157816 
0.0352864 0.00232399 7.90599e-06 0.172535 0.000506564 0.161893 0.0231565 0.000259133 0.168703 0.330941 0.0093424 3.44452e-05 0.000121885 0.060685 0.0340372 6.89513e-05 9.73517e-05 
0.0644475 0.00654175 2.59146e-05 2.73495e-06 0.200327 0.00953586 0.00100968 0.169147 0.0282759 0.515841 7.30822e-05 1.31735e-07 1.27639e-05 0.000604023 0.00388214 0.000235526 3.77115e-05 
0.0292819 1.55036e-06 3.20407e-09 0.120342 0.104021 0.000569242 0.000957668 0.00138633 0.0041921 0.697045 0.021127 3.11669e-09 2.4432e-09 1.48149e-06 0.0210209 1.46956e-06 5.19831e-05 
0.00549957 0.000153063 4.1926e-05 0.0103706 0.0354584 0.00144765 0.00247045 5.06257e-05 0.0297055 0.472283 0.409887 0.00012942 0.00133358 0.010845 0.013186 0.00708095 5.66878e-05 
0.00608282 0.00125986 0.00504919 0.00462608 0.0484318 0.0415573 0.0109731 0.00392494 0.0466438 0.453979 0.0156972 0.00234565 1.44206e-05 0.0116188 0.341095 0.0024643 0.00423691 
0.0285561 2.66737e-06 2.66588e-06 2.66874e-06 0.0811412 0.0386994 2.66852e-06 0.00987499 0.0443106 0.669819 2.66791e-06 2.66597e-06 0.00560272 0.0461778 0.0629885 0.00213767 0.0106764 
0.0164545 0.00536747 2.70514e-05 0.011947 0.102239 0.000551478 0.00132542 0.000718735 0.0364436 0.763971 0.020497 0.000193288 4.83608e-08 0.0117436 0.027714 4.47447e-06 0.000802547 
0.0912677 0.0443193 0.000140657 0.010499 0.237959 0.000421376 0.00378049 0.0368667 0.0330193 0.408745 0.00172938 8.20002e-05 0.0240238 0.0865781 0.00408558 0.0164212 6.14738e-05 
0.0153697 0.000473347 4.09262e-05 0.00676568 0.128016 0.0224721 0.0153151 0.00330137 0.102168 0.516804 0.0131706 0.000808688 1.16912e-05 0.0709749 0.101294 0.00243884 0.000575573 
0.00761054 0.000533355 2.3822e-05 0.0101582 0.0369583 0.0773481 0.00440829 0.00149377 0.126906 0.673557 0.00273728 0.00583274 0.00497227 0.0295466 0.0168902 0.000401085 0.000621928 
3.39975e-05 2.46615e-07 1.09909e-05 0.00821016 0.0435033 0.0486545 0.052684 0.000101431 0.00293682 0.652895 1.72034e-06 0.00102156 0.169033 0.0175272 0.00315737 0.000143987 8.50718e-05 
0.00103135 0.00101265 1.76227e-05 0.00567803 0.00136694 0.00289616 0.000352165 0.000644868 0.0912127 0.807304 0.00306806 4.38245e-05 0.000319483 0.0553337 0.00731941 0.0223879 1.14177e-05 
2.353e-06 4.3437e-10 7.58759e-10 0.000392855 9.84618e-07 2.59081e-07 0.000385873 2.51213e-10 0.000689676 0.983098 3.09417e-10 6.78527e-07 5.78577e-10 0.011971 2.86248e-05 4.0656e-07 0.00342942 
0.0239837 0.000326485 0.00428977 0.0015891 0.188767 0.00446465 0.01209 0.0125831 0.133695 0.361221 0.0298456 0.0013028 8.24603e-07 0.185454 0.0040552 0.0360398 0.000292768 
0.000183039 0.000111654 0.000261788 0.000229905 0.00657949 0.0138076 0.000415264 0.000240449 0.0786974 0.889327 0.0019749 0.00119617 2.13754e-05 0.00139494 0.00166381 0.00378847 0.000106602 
0.000863013 0.000247211 0.000126473 0.000184148 0.0572187 0.0809287 0.000824473 0.0252403 0.112371 0.598034 1.32412e-05 0.0079486 1.11614e-05 0.0607961 0.0440425 0.0107492 0.000401066 
0.0108751 2.23361e-09 0.00104867 2.12131e-05 0.177966 1.08824e-05 1.91657e-05 1.49947e-05 1.0402e-05 0.606844 1.59108e-09 9.22729e-05 2.97515e-09 0.193885 0.00920672 5.03615e-06 1.0049e-09 
0.00709552 1.36313e-05 3.54259e-05 0.0378746 0.121743 0.0111084 0.00208595 0.000216706 0.018678 0.727149 0.0295423 0.000500367 2.1376e-05 0.00284448 0.00827721 0.0327979 1.60948e-05 
0.105199 0.000180832 9.47166e-10 0.00156828 6.54615e-05 0.00250014 1.55698e-07 1.2352e-07 0.00482871 0.880625 2.01085e-05 9.21336e-10 7.22242e-10 0.00183527 0.00312051 1.06556e-07 5.63671e-05 
0.0203635 0.00241456 0.000414021 0.0280581 0.130988 0.029394 0.0663374 0.0374011 0.0779905 0.424642 0.00630128 0.0190521 0.000197624 0.110804 0.0405646 0.00448346 0.000593716 
0.0346349 0.00848077 4.96532e-06 0.00378913 0.284551 0.00200154 0.0188541 0.0107261 0.0170066 0.54118 0.0061088 0.00682531 1.22766e-06 0.0314278 0.0303684 0.00311707 0.000922294 
0.00114142 0.00411663 2.17382e-07 0.00288311 0.048218 0.0222857 0.00901206 0.00304325 0.172883 0.596463 0.00569771 0.00147615 1.23153e-06 0.041612 0.0474928 0.0428159 0.000857658 
0.0252593 0.014312 3.97616e-07 0.0136555 0.239665 0.000347241 0.00105622 0.0210802 0.135567 0.275942 0.000782145 0.0430886 1.17094e-08 0.0736004 0.154656 0.000914975 7.35178e-05 
0.00596391 0.00834565 0.000344771 0.000817059 0.0589931 0.00820041 3.38729e-05 0.0128443 0.0306751 0.653542 0.000136243 0.00072033 6.23364e-08 0.120961 0.0814509 0.0056196 0.0113513 
0.0195192 0.00792799 3.04636e-06 0.0076271 0.159211 0.0210455 3.04938e-06 0.034152 3.0501e-06 0.628499 0.0186001 3.04646e-06 3.04729e-06 0.0347734 0.0686237 3.04965e-06 3.04929e-06 
0.000115499 6.42255e-08 6.58873e-07 2.56331e-06 6.59127e-07 4.89844e-06 1.25886e-05 2.65817e-05 0.00526018 0.706684 0.000428118 8.4311e-06 3.22886e-07 0.000323711 0.287119 1.74311e-07 1.24025e-05 
0.00844898 2.20703e-07 3.85525e-07 0.000537473 0.0788907 6.67299e-08 0.000104652 0.00507949 0.00301672 0.87895 1.52161e-05 0.00965614 2.93974e-07 0.00506305 0.0102276 6.42498e-08 9.05655e-06 
0.0750405 0.0142706 2.28962e-05 0.0952788 0.211636 0.00521226 0.00620815 0.0187948 0.128412 0.371509 0.0150563 0.00439639 6.34785e-06 0.0416668 0.00169718 0.0101457 0.000646144 
0.028532 0.000337636 9.04336e-07 0.0153687 0.0823436 0.00127727 0.000148785 0.037438 0.0448252 0.68677 0.0230771 0.0109282 9.53917e-06 0.00228348 0.0646795 0.000599201 0.00138044 
0.0153943 4.63832e-06 1.93796e-06 0.00859227 0.0253384 0.0716458 0.000127874 0.00308928 0.279429 0.425153 0.000654623 0.0150752 4.02744e-05 0.131176 0.0241908 5.47291e-05 3.21539e-05 
0.0173127 0.000586137 0.000667789 0.0138259 0.079037 0.00104564 0.000972076 0.000417997 0.0663908 0.744951 0.0189586 0.00243862 1.61927e-07 0.0232398 0.0291163 0.00099054 4.87942e-05 
0.0191042 0.000178923 9.83136e-07 0.00118829 0.308842 0.0158065 0.000123359 0.00955045 0.00673241 0.5004 7.79598e-07 7.88152e-05 2.30449e-08 0.0106249 0.127352 1.64611e-05 3.37107e-07 
0.00289346 0.000246965 0.000406408 0.000339737 0.0973312 0.143531 0.00942493 0.00124942 0.158239 0.296109 0.005429 5.37212e-05 0.0640447 0.0424829 0.176554 0.000176977 0.00148858 
0.00351462 3.29359e-05 2.6441e-05 0.00144554 0.0727979 2.38472e-06 3.86629e-08 0.000243846 0.0501812 0.810024 0.00166307 0.0224646 1.25236e-07 0.0074796 0.0301159 2.73711e-08 8.0287e-06 
0.00554722 0.0130611 0.000196446 0.00840732 0.107518 0.0571165 0.0987117 0.00119119 0.0969296 0.430026 0.00363416 0.0396176 5.03288e-06 0.0937744 0.0376696 0.00607095 0.00052245 
0.000114449 6.90192e-05 8.74563e-07 0.00691612 0.0287015 0.00591452 0.258008 7.58252e-05 0.0543958 0.605663 2.23541e-05 0.00571712 6.6688e-07 0.0331753 0.0012137 6.01548e-06 5.11464e-06 
5.30823e-06 1.32345e-05 2.31182e-05 3.98445e-06 1.99395e-06 4.00149e-06 5.44221e-06 7.65407e-06 1.27202e-06 0.997042 0.00283767 2.24877e-05 1.76283e-05 1.73568e-06 2.9614e-06 3.85277e-06 5.9542e-06 
0.070634 0.00777562 0.00223444 0.0501249 0.0987361 0.0902076 0.0443676 0.0070151 0.104865 0.311814 0.0066504 0.00521859 6.53399e-05 0.0920425 0.0954104 0.00977175 0.00306669 
0.0160299 0.000596251 1.08449e-08 0.00322333 0.0133497 0.0236436 2.46899e-05 0.000957335 0.114134 0.671174 0.0111475 8.75533e-05 8.26953e-09 0.00704414 0.126786 0.0116172 0.000183994 
0.0650864 6.4806e-05 1.3577e-06 0.0152174 0.0777007 0.165151 0.0126437 0.000383931 0.135839 0.430051 0.0318387 0.000336605 1.50071e-08 0.0231012 0.0425107 1.50535e-05 5.82001e-05 
0.0105533 8.9213e-05 0.000100688 0.00202199 0.0563791 0.0324627 0.00235649 0.00103747 0.0306438 0.788527 0.0222664 0.000119093 1.68932e-05 0.0378672 0.0151721 0.000299937 8.60598e-05 
2.44481e-06 1.89064e-07 0.000130477 0.00118319 0.266816 0.0133417 0.000175805 0.0187012 0.012064 0.413525 8.92653e-05 0.0527676 9.02517e-06 0.18289 0.00130592 0.0369092 8.91355e-05 
0.0540108 0.00268555 2.46463e-07 0.00192664 0.140965 0.00033601 0.00136794 0.0426494 0.192195 0.272216 0.0731366 0.000189145 4.13769e-06 0.0790265 0.0904263 0.0468867 0.00197848 
6.208e-07 1.54779e-06 2.70368e-06 4.65983e-07 2.44049e-05 0.0166699 0.00188239 0.000304145 1.48763e-07 0.936218 1.10254e-06 2.62995e-06 2.06164e-06 0.0102829 0.0033229 4.50583e-07 0.0312832 
0.0338871 0.000141224 0.000276711 0.0889947 0.106132 0.0464196 0.00556121 0.00153441 0.0862871 0.53175 0.00056252 0.00173822 5.24684e-06 0.0260716 0.0473865 0.0229735 0.000278313 
1.43356e-08 3.4507e-11 0.000258062 0.000890551 3.08338e-08 0.00332469 1.71318e-07 1.80577e-05 0.00126274 0.931998 0.000139762 6.1262e-06 0.000517577 5.22649e-05 0.0157914 2.23836e-09 0.0457404 
0.0953538 0.000302125 2.18341e-08 0.0616272 0.128969 0.0168925 0.0200085 0.179826 0.12261 0.200307 1.2929e-05 9.52124e-06 3.9719e-07 0.151739 0.0196351 0.000857934 0.00184868 
1.43356e-08 3.4507e-11 0.000258062 0.000890551 3.08338e-08 0.00332469 1.71318e-07 1.80577e-05 0.00126274 0.931998 0.000139762 6.1262e-06 0.000517577 5.22649e-05 0.0157914 2.23836e-09 0.0457404 
0.000244548 8.75268e-05 0.00707391 1.37936e-05 0.000547076 5.72689e-05 2.55885e-05 0.000281701 0.00086835 0.988861 6.00759e-05 9.83755e-05 0.000107477 0.000531367 3.41719e-05 0.0010093 9.81366e-05 
0.0622734 0.00122083 0.0229683 0.000342679 0.26063 0.00260866 9.53896e-05 0.0817964 0.135447 0.311878 7.57041e-06 0.00115813 3.413e-05 0.0896247 0.00617627 0.023602 0.000137129 
0.000942676 0.000252504 0.000348193 0.00592727 0.0190124 0.0511658 0.00212827 0.000938303 0.00454914 0.836165 0.000221155 0.00881752 0.0484618 0.00722864 0.0135479 3.66823e-05 0.000256822 
0.000115499 6.42255e-08 6.58873e-07 2.56331e-06 6.59127e-07 4.89844e-06 1.25886e-05 2.65817e-05 0.00526018 0.706684 0.000428118 8.4311e-06 3.22886e-07 0.000323711 0.287119 1.74311e-07 1.24025e-05 
0.00174738 0.00142294 2.60851e-07 0.00300283 0.0738246 0.000345025 0.000352937 0.00195389 0.00700518 0.814329 0.00527985 0.000912068 9.35863e-09 0.000424529 0.0365331 0.0512981 0.00156851 
0.00835237 0.0001053 0.000224165 0.0251682 0.0101985 0.0543139 0.00206959 0.000396835 0.08115 0.398474 0.00115558 0.000567604 7.87374e-08 0.077722 0.33372 0.000413708 0.00596882 
0.00243476 0.0283703 1.31579e-05 0.0254563 0.0657992 0.0422336 0.0989212 0.00318907 0.113066 0.309787 0.10161 8.84593e-05 5.91786e-05 0.0162973 0.18696 0.00551942 0.000195945 
0.0125705 0.000271651 6.38381e-05 0.0418502 0.038296 0.189742 0.0807627 0.00165484 0.0847278 0.396956 0.0123181 0.00150483 0.104761 0.0265901 0.00746189 7.19118e-05 0.000397586 
0.00632401 2.91515e-07 5.0922e-07 0.000647313 0.010823 7.81127e-06 0.076191 1.68595e-07 0.0108672 0.885373 3.16601e-05 0.000223493 3.88295e-07 0.00221504 0.00729081 4.44029e-06 1.31152e-07 
0.0557712 0.000125199 7.80532e-06 0.0208718 0.0955105 0.0340148 0.000549446 0.00155971 0.0132307 0.640058 0.0011554 0.000908069 0.000178016 0.122285 0.00961531 0.00263772 0.00152099 
0.0101461 8.02895e-05 0.0130939 0.00217542 0.114931 0.0749355 0.00484488 0.0145869 0.135489 0.513975 0.000818989 0.00237555 0.00940954 0.0814175 0.0123911 0.00883373 0.000495459 
0.119257 7.29257e-05 4.02889e-05 0.0106723 0.204017 0.126326 0.00342288 0.000511777 0.000470667 0.531974 7.76139e-05 0.00100157 2.25787e-06 0.00115531 0.000983802 4.93471e-07 1.39818e-05 
4.63889e-07 2.91045e-07 2.63157e-07 8.87383e-07 0.031514 0.00584731 4.28989e-07 1.58092e-05 0.00112155 0.951878 1.88968e-06 8.54756e-05 0.000298278 0.00493337 0.0040207 0.00019128 9.03782e-05 
0.0101289 0.000105938 1.65709e-08 0.00726706 0.0329332 0.0140368 0.0168746 0.00207808 0.149574 0.65528 0.0851155 0.000776368 3.12781e-09 0.00167684 0.0102723 0.0138764 3.90551e-06 
0.0226564 0.00015141 6.33411e-06 0.0117904 0.253998 0.0410525 0.00633522 0.0107289 0.146425 0.363634 0.00521071 0.000672118 0.000718239 0.0819936 0.0487395 0.00573705 0.000151518 
5.37473e-05 2.62123e-05 1.26555e-08 0.0620643 0.1877 0.022597 2.97922e-09 0.0256652 0.0172574 0.416713 5.16085e-09 1.95647e-05 9.65023e-09 0.253215 0.0146829 2.10911e-09 5.75547e-06 
0.00599169 0.00116327 1.91711e-06 0.0150664 0.00902818 0.088726 0.0437849 0.00755294 0.264353 0.294749 0.0738667 0.000174312 0.000166895 0.180361 0.0129921 0.00186975 0.000151929 
0.00546176 0.000689533 4.29035e-06 0.00128181 0.0567639 0.0275449 0.0119101 0.00200129 0.144916 0.55421 0.0388718 0.0189495 0.00540904 0.0797428 0.037533 0.0135298 0.00118126 
0.0127407 6.7657e-05 0.00305875 0.0551931 0.12751 0.19939 0.0296931 0.0076083 0.0732305 0.274835 0.00151906 0.00906904 0.0149074 0.154745 0.030076 0.00621626 0.000140811 
0.0442894 0.00941855 1.89058e-05 0.0146344 0.0314088 0.0122105 0.00227229 0.0672284 0.0178713 0.650409 0.0436722 3.3257e-05 6.16126e-06 0.0654073 0.0372119 0.00388745 2.02981e-05 
0.000133473 3.46034e-07 6.04454e-07 0.000862161 1.22636e-05 1.04624e-07 7.96146e-05 2.00125e-07 0.00427614 0.907809 0.0831961 6.24627e-05 4.60914e-07 0.00356693 7.74296e-08 1.00736e-07 1.5568e-07 
0.0246454 0.0123817 0.0130127 0.0850489 0.0597711 1.27699e-06 0.0492891 1.27673e-06 0.106646 0.440795 0.049661 1.27566e-06 1.27601e-06 0.0329519 0.0927161 0.0234981 0.00957764 
7.95331e-05 5.12499e-07 6.70497e-05 1.54295e-07 0.0418944 0.000346136 2.10746e-07 6.56589e-05 4.92579e-08 0.943095 0.0143586 8.70822e-07 6.82644e-07 9.0852e-05 1.14678e-07 1.49196e-07 2.30573e-07 
0.0390073 0.00227255 0.118347 0.00312759 0.17654 0.0008791 3.46745e-05 0.00172474 0.0299074 0.280627 1.01681e-07 0.000880313 0.0749825 0.010125 0.210412 0.0427317 0.00840131 
0.00836372 9.25171e-05 0.00305827 0.000737997 0.00114362 0.0323794 0.000285227 1.88148e-05 0.0270121 0.559337 0.00264568 0.00249427 0.000184321 0.0452563 0.316804 0.000168009 1.87211e-05 
4.62602e-05 0.000352391 7.17188e-05 0.0171953 8.00195e-05 0.000149377 6.81663e-05 0.00187517 0.000576373 0.964961 4.76207e-08 1.13592e-07 0.000312861 0.00044299 0.0135612 1.22851e-06 0.000305835 
1.43356e-08 3.4507e-11 0.000258062 0.000890551 3.08338e-08 0.00332469 1.71318e-07 1.80577e-05 0.00126274 0.931998 0.000139762 6.1262e-06 0.000517577 5.22649e-05 0.0157914 2.23836e-09 0.0457404 
0.000832125 0.00162116 4.52825e-07 0.0042035 0.0213836 2.65305e-08 0.0537516 4.90113e-07 0.03211 0.856094 0.00459121 4.84584e-06 3.12545e-08 0.0197512 0.00509191 0.000361899 0.000202149 
4.19777e-05 4.98826e-07 2.98808e-07 0.00685838 0.347586 1.91476e-06 0.00294353 0.125814 0.0212141 0.374823 1.24666e-05 0.000215635 9.06435e-10 8.92475e-11 0.115778 0.00467984 3.08931e-05 
8.76598e-06 6.21762e-07 9.86465e-10 1.70019e-10 0.115729 8.88049e-07 2.32222e-10 9.96172e-06 4.34226e-06 0.881407 4.02274e-10 9.59564e-10 7.52209e-10 0.00283621 3.63944e-06 1.644e-10 2.54069e-10 
0.00180881 0.00946187 0.0630273 0.0118586 0.0747613 0.0186253 0.00437848 0.00266997 0.143176 0.538554 9.79463e-08 0.000224934 0.000660487 0.0143714 0.0530166 0.0578889 0.00551618 
0.0189056 0.00425408 4.96906e-06 0.00715106 0.0708937 0.075182 0.0505862 0.00594909 0.190789 0.344855 0.0158262 0.00123264 0.0018998 0.118086 0.0394665 0.0546964 0.000221897 
0.0727219 0.000865383 1.97547e-05 0.00780655 0.307217 0.0365484 0.00583125 0.0495562 0.092476 0.333605 2.89572e-06 3.88886e-05 3.2031e-06 0.0697303 0.0218493 0.00158512 0.000142824 
0.0267863 0.00408985 1.708e-06 0.0297914 0.0305747 0.0140432 0.00109173 0.00450329 0.108741 0.573469 0.0146482 4.28273e-06 3.41863e-05 0.0207527 0.166011 0.00536345 9.41075e-05 
0.00708043 0.00152872 0.0655938 0.0380757 0.158295 0.033291 0.00486243 0.00257575 0.196124 0.264246 0.000186622 0.00397368 1.24579e-05 0.136455 0.0619356 0.0256175 0.0001466 
0.0019108 0.00205689 9.11313e-06 0.000211395 0.0282102 0.0997066 0.000185889 0.00184082 0.165985 0.549011 0.00355237 1.27017e-05 0.000391028 0.120404 0.0185599 0.00770793 0.000244879 
0.00114971 2.5209e-05 0.00193283 4.16246e-06 0.000149501 0.0054293 6.1806e-05 7.76432e-05 0.108633 0.760742 0.10106 2.90942e-05 3.10926e-05 0.0183044 0.00206676 0.000275832 2.73772e-05 
0.0366566 0.000217945 1.78193e-08 0.266426 0.0902019 3.47119e-05 0.0930112 4.97886e-05 0.0495403 0.438043 0.00452953 1.73334e-08 1.35878e-08 0.00156718 0.0193357 0.000386086 4.58946e-09 
0.0226913 0.000335198 0.000340844 0.00856608 0.0343448 0.0680562 0.0359889 0.00168991 0.106097 0.662193 0.0013819 5.56123e-05 1.20924e-06 0.056664 0.00140745 0.000180199 6.17943e-06 
2.46639e-06 6.4048e-10 1.11879e-09 3.8567e-06 7.33469e-07 8.81126e-06 2.44964e-06 2.00061e-06 0.0451033 0.953421 0.00142561 9.36032e-06 3.24269e-06 4.84673e-06 1.1924e-05 1.86453e-10 2.88151e-10 
0.000841642 6.74956e-06 1.48965e-05 0.000492821 5.25234e-06 2.4853e-07 1.19114e-06 8.87438e-06 0.00289008 0.923193 0.0641629 1.3967e-06 3.8583e-06 0.00633792 0.00184696 2.46646e-05 0.000167533 
4.01107e-05 0.0385513 1.72368e-09 0.0936412 0.00572591 0.0421497 0.0722215 0.00766702 0.114683 0.590602 0.014412 4.59735e-06 1.31436e-09 0.0119837 0.00831796 2.71189e-08 3.42545e-07 
2.05443e-06 5.12212e-06 8.94735e-06 1.55866e-05 5.93414e-05 0.000489586 0.000139435 2.96233e-06 0.000300073 0.998599 3.64867e-06 6.15473e-05 6.82262e-06 6.71755e-07 0.000212875 8.97636e-05 2.30443e-06 
0.00372897 5.35749e-08 7.7847e-09 0.0279971 0.33773 1.01122e-06 2.45627e-06 0.0034224 0.00669404 0.589229 0.000950969 1.06337e-06 7.82121e-08 0.0148465 0.0139183 1.02806e-06 0.00147747 
0.00889748 2.61499e-06 0.00157074 0.0489281 0.013609 2.61633e-06 0.0852881 2.6158e-06 0.227921 0.403943 0.0831766 2.61362e-06 2.61433e-06 0.0688212 0.0539022 2.61636e-06 0.00392667 
0.031122 0.000323658 0.00026532 0.0221301 0.0256035 0.00657046 0.00225181 0.000106411 0.0314861 0.797953 0.0199831 3.12934e-05 0.000177289 0.0105378 0.0511257 2.75952e-06 0.000329301 
5.56372e-05 7.49358e-06 5.5745e-08 0.0391185 0.0491 0.000167441 0.00250311 6.47646e-06 0.22688 0.661935 0.00221435 5.42248e-08 2.96847e-05 0.00191717 0.0159463 7.08793e-06 0.000110775 
7.78191e-05 0.000524207 1.6241e-06 0.0398904 0.0200929 0.0896572 0.00461678 4.72208e-05 0.0701718 0.529198 0.0708671 0.00198594 2.0018e-08 0.0841048 0.0887351 8.2688e-07 2.88642e-05 
0.00466727 3.96535e-08 0.000113232 0.00240588 0.0316266 0.00378993 0.00180005 0.000783247 0.028865 0.785914 0.0106126 0.0132871 5.28181e-08 0.109279 0.00294195 0.00301863 0.000895309 
0.0533328 0.00240147 8.07552e-05 0.0252056 0.133604 0.00293016 0.0125194 0.00838598 0.00557454 0.638907 2.74652e-05 0.000309518 2.98874e-07 0.0150777 0.101234 0.000389966 1.93458e-05 
0.00134296 1.69417e-05 0.00655418 0.000174532 0.0659069 0.0170686 0.0775761 0.00284205 0.149549 0.395414 3.47986e-05 0.0014049 2.44422e-05 0.271474 0.00334885 0.00693409 0.000333611 
0.0193868 0.000120929 0.000131103 0.0244921 0.05151 0.0157552 0.000340815 0.000812371 0.00231612 0.750107 4.65483e-05 0.0255268 1.78755e-05 0.0222315 0.0052484 4.32647e-07 0.0819561 
0.00379695 0.0011249 0.301981 0.00684485 0.123912 0.0121864 0.00242476 0.014871 0.0985789 0.310168 0.000862116 0.00089947 0.00694083 0.0377883 0.0519763 0.0144607 0.0111831 
0.0144291 0.000837848 2.44451e-05 0.00162779 0.0351685 0.0466679 0.000910739 0.0160832 0.0470334 0.766865 0.00194064 0.0628095 4.72056e-06 0.00480474 0.000651115 0.000114631 2.65418e-05 
0.0413193 0.0111458 0.00807379 0.0231239 0.027929 0.0686326 0.0120347 0.0241976 0.0781233 0.337375 0.0254161 0.00493432 5.48131e-05 0.0213427 0.294374 0.0174393 0.0044835 
0.000614846 1.74705e-06 3.05175e-06 5.25974e-07 0.00424132 5.28224e-07 7.18408e-07 0.000886564 0.000140766 0.992219 0.000100177 1.1106e-05 7.51677e-05 1.56793e-05 0.000465382 0.00122235 7.85995e-07 
0.0797826 3.50202e-09 1.3439e-06 1.31306e-05 0.150632 0.00378332 0.000542772 0.117832 0.0258267 0.619568 0.00194971 1.20791e-05 4.66465e-09 3.02102e-05 1.97651e-05 6.14445e-06 1.18836e-06 
0.00261269 0.035792 0.000416031 0.00634392 0.00578143 0.23581 0.0143091 0.00295805 0.044922 0.533671 0.0144191 0.000128031 8.28066e-06 0.0955098 0.00471398 0.00249886 0.000105262 
0.00444015 3.20065e-07 0.0159357 5.04566e-08 0.361345 0.000641529 4.80512e-05 0.00340711 0.0340974 0.478895 2.19686e-07 0.00149757 3.9303e-07 0.0969806 0.000561659 0.00177423 0.000374913 
0.00348382 6.47351e-07 1.97113e-06 0.00154537 0.00257958 0.00344303 0.000167639 9.98636e-05 0.00986551 0.954644 0.00325039 6.4633e-07 9.57793e-07 0.00329797 0.0174982 0.00010923 1.08081e-05 
0.0648953 0.00353691 0.000537455 0.051944 0.0814859 0.00208781 0.000835925 0.00553111 0.0650763 0.492491 0.0368258 0.00090966 9.75951e-05 0.0649974 0.0338434 0.0947891 0.000115258 
0.00475674 0.00835524 0.0203155 0.00487025 0.371196 0.039559 0.00186638 0.0190261 0.0419445 0.392239 0.00729116 0.00119965 9.30353e-06 0.00885196 0.0414109 0.036775 0.000332837 
0.0753578 0.0179423 3.45595e-07 0.163116 0.0759024 0.0621346 0.0155111 0.00727392 0.040224 0.251328 0.00206526 0.0222778 0.000859212 0.183053 0.0362434 1.1199e-05 0.0466999 
1.16358e-06 7.11509e-05 3.91361e-06 0.0281876 0.0788156 0.0858014 0.0882652 0.185549 0.0255685 0.436467 0.0132263 0.000267559 1.34654e-06 0.0541261 0.00364794 4.72803e-10 1.32827e-07 
0.00183265 1.04544e-05 0.0190198 0.000448655 0.051444 0.000281755 0.000211588 0.00998617 0.023502 0.880032 7.178e-06 0.000662843 1.28468e-05 0.0111844 0.000238724 0.000830528 0.000294016 
7.92276e-05 2.64808e-05 4.04394e-05 0.00203774 0.000108646 0.00105724 0.0180129 0.00135631 0.00133884 0.973577 0.0001432 0.000218965 9.63906e-08 0.00194778 2.14022e-05 5.05199e-06 2.90254e-05 
4.33666e-06 3.12821e-05 4.05782e-07 6.92444e-10 0.171734 6.95405e-10 2.64913e-06 2.12962e-06 0.022862 0.805325 1.63836e-09 3.63489e-05 3.06356e-09 3.01638e-10 2.31645e-06 6.69559e-10 1.03476e-09 
0.105199 0.000180832 9.47166e-10 0.00156828 6.54615e-05 0.00250014 1.55698e-07 1.2352e-07 0.00482871 0.880625 2.01085e-05 9.21336e-10 7.22242e-10 0.00183527 0.00312051 1.06556e-07 5.63671e-05 
0.0046157 0.00379521 0.000837868 0.0149163 0.0584036 0.0491214 0.0147499 0.00394934 0.143045 0.471005 0.0281757 0.000237823 5.74184e-05 0.0396486 0.163315 0.00264464 0.00148132 
0.000246084 9.75398e-05 3.04761e-06 0.00132833 0.000300472 8.63529e-05 1.4976e-05 0.00233384 0.11841 0.849671 4.1851e-05 0.000103823 2.32389e-06 0.0270125 0.000253342 7.46745e-05 1.99543e-05 
0.0150395 1.78625e-06 8.15111e-09 0.000813242 0.0299864 0.0358025 0.026498 0.013656 0.0558506 0.79589 6.2045e-05 3.33599e-06 6.21547e-09 0.0197842 0.00540289 0.00120676 2.15021e-06 
0.00540802 0.00711867 0.00118076 0.0307101 0.0154859 0.00172928 0.093008 0.000621831 0.0668841 0.560862 0.0136482 0.0285125 1.58164e-05 0.0301263 0.137046 3.95353e-05 0.00760296 
3.92109e-05 0.0515618 1.70753e-08 2.94294e-09 0.000279382 1.9805e-05 4.01966e-09 0.000280412 5.11108e-05 0.758085 6.96319e-09 0.189463 1.30204e-08 0.000115893 7.7652e-05 1.42313e-05 1.31979e-05 
0.00791836 0.00123853 1.20922e-07 0.0083504 0.0183753 0.00017244 0.00190045 0.000900656 0.0106915 0.93548 0.00232931 0.000451749 1.18261e-06 0.00633895 0.00242616 0.00321352 0.000211822 
0.00954836 3.09636e-07 5.18978e-07 0.00232784 0.0149108 0.00257851 0.000694732 1.44998e-07 0.0240848 0.491611 2.578e-06 0.304731 1.3364e-07 0.0136499 0.133328 7.58177e-05 0.00245519 
0.000287512 0.00155786 0.0028738 0.00623966 0.0529142 0.00240952 0.00428161 0.000773485 0.0317579 0.552736 0.194539 0.000174689 0.000322956 0.00890433 0.139368 0.000488682 0.000371971 
0.00285636 0.00259411 0.00722579 0.0336399 0.0196837 0.193795 0.0231955 0.00480492 0.0761992 0.396935 0.00301302 0.00012939 0.000689663 0.0626703 0.112786 0.00863777 0.0511441 
0.0101289 0.000105938 1.65709e-08 0.00726706 0.0329332 0.0140368 0.0168746 0.00207808 0.149574 0.65528 0.0851155 0.000776368 3.12781e-09 0.00167684 0.0102723 0.0138764 3.90551e-06 
0.00523284 1.13773e-05 3.74469e-07 0.000212571 0.211527 0.00239792 2.15028e-05 0.0194698 0.0656578 0.611123 0.00448107 0.0212373 7.50854e-07 0.020319 0.0150778 0.0230317 0.000198684 
0.000220914 0.000246089 1.24255e-07 0.000921884 0.0014168 0.000175981 0.000130584 0.0232322 0.00518654 0.960341 0.00317611 0.00144416 6.71873e-06 0.00261696 0.000824582 1.33909e-05 4.57583e-05 
0.000372991 4.54482e-10 5.37097e-07 3.8307e-07 0.0252753 0.00328205 4.26835e-05 9.66378e-06 4.36817e-11 0.968414 0.000114498 8.49966e-05 2.1623e-05 0.00221885 9.77063e-05 1.32306e-10 6.46454e-05 
0.00979161 2.39077e-09 4.17621e-09 7.19775e-10 0.170354 5.06721e-07 9.83114e-10 2.88993e-05 9.3065e-06 0.819795 1.70303e-09 7.31623e-06 3.18448e-09 6.11442e-06 6.47363e-06 6.95988e-10 1.39936e-06 
0.0294363 0.0181016 8.96987e-05 0.00608447 0.0963506 0.0106444 0.00165592 0.00261163 0.0692488 0.715907 0.00246294 0.00614073 7.3235e-08 0.0157947 0.0249028 0.000452937 0.000115388 
0.00232551 0.000763802 0.000107727 0.00667097 0.0242945 0.205352 0.015711 0.0120237 0.123348 0.444045 0.00685646 0.00822894 0.0158863 0.0962122 0.0379626 1.96801e-06 0.000209319 
3.38635e-06 1.21258e-06 0.216032 1.91187e-07 0.104447 7.9316e-07 0.0281195 3.9009e-06 0.0384152 0.483235 8.32295e-07 1.36325e-06 0.0014146 0.127045 0.00085388 1.39753e-05 0.000412108 
0.00704449 1.75595e-05 1.75498e-05 0.0386685 0.110712 0.159892 1.75672e-05 1.7565e-05 0.149374 0.28637 1.75632e-05 1.75504e-05 1.75551e-05 0.214382 0.0158302 0.0175863 1.75666e-05 
0.00113903 4.6447e-05 0.0434324 0.00359826 0.0129067 0.0312795 0.00910039 0.0566959 0.0308847 0.535639 6.56798e-06 7.84039e-05 1.77709e-06 0.0876843 0.11355 0.000102034 0.0738551 
0.00100744 3.34381e-11 5.84099e-11 0.000344889 0.0225711 2.19054e-07 2.2559e-07 1.93386e-11 7.29837e-07 0.968284 0.000294641 5.6817e-11 4.45393e-11 7.13963e-07 2.30828e-07 0.00749593 7.26489e-10 
0.00209662 0.000552168 3.66096e-05 0.00313907 0.0897591 0.0359294 0.017158 0.00804748 0.0238268 0.691702 0.0178222 0.000356015 0.000529338 0.0131592 0.0942425 0.0016064 3.68996e-05 
2.7128e-06 7.59867e-10 4.11608e-06 1.55586e-06 7.87657e-06 0.000714124 0.056066 1.48982e-05 0.350553 0.592576 5.41281e-10 1.16332e-06 1.92407e-06 5.01961e-05 6.85236e-06 2.21208e-10 3.41863e-10 
0.0204687 0.000375516 9.03263e-11 0.0016069 0.0726128 0.192027 0.000103484 0.00424423 0.250758 0.329742 7.87707e-05 0.0121735 0.00337609 0.0569939 0.0139801 0.0402559 0.0012027 
0.0121477 0.0131015 4.64453e-07 1.11529e-07 0.0345607 0.356149 0.00191834 0.000624576 0.0867101 0.429806 0.000413354 9.52679e-05 0.00265216 0.047291 0.0134867 0.000300597 0.000742754 
0.0200966 0.000313946 1.02004e-05 0.00573083 0.0325295 0.0356235 0.00300834 0.0185297 0.0634864 0.783035 0.000186266 0.000572521 1.25401e-06 0.00460142 0.0319808 9.34772e-05 0.000199999 
0.122134 0.0370754 8.32489e-10 0.188143 0.0520819 0.0917655 0.00368687 0.0115315 0.0263077 0.201314 0.000826696 0.000526537 0.000508657 0.19972 0.0635364 3.86771e-05 0.000803373 
0.104315 0.0011315 3.07493e-05 0.017139 0.0705442 0.012542 0.00729023 0.00115503 0.156178 0.531676 0.032786 0.000606983 0.00891973 0.0312167 0.0243906 6.28136e-07 7.71419e-05 
0.0383917 0.000259748 6.88151e-05 0.043958 0.0458249 0.00153411 0.00128425 0.104316 0.0377516 0.433995 0.0987214 2.0656e-06 1.06727e-06 0.164566 0.000900307 0.0284245 9.24402e-10 
0.0458156 0.00563082 0.000377501 0.00548267 0.0350841 0.0122557 0.00194614 0.0431382 0.0159489 0.534411 0.000749899 0.000707146 2.1231e-07 0.0732782 0.19688 0.00543088 0.0228634 
0.0050574 0.00105282 3.40221e-05 0.00615603 0.0435672 0.0061811 0.00511272 0.00173653 0.021074 0.696892 0.123239 0.0541002 1.85254e-05 0.0162641 0.0194609 1.65066e-06 5.27065e-05 
5.86954e-05 7.13158e-10 1.24575e-09 0.0024685 0.003157 2.15625e-10 2.31704e-06 1.36149e-06 0.0536771 0.940621 8.68746e-06 1.21178e-09 9.4992e-10 1.19727e-06 4.29282e-06 2.07611e-10 3.20849e-10 
6.19795e-11 1.54528e-10 4.05166e-07 4.65229e-11 2.32816e-11 1.40213e-07 6.35439e-11 1.79545e-05 7.5761e-08 0.988369 1.10076e-10 1.07131e-05 0.00230667 1.78361e-07 6.22744e-08 4.49854e-11 0.00929465 
0.000412152 0.000241561 4.78728e-05 0.000172805 0.0228558 0.000155652 6.91022e-05 0.000106289 0.000169105 0.96602 0.000235826 0.000231224 0.000121654 0.00495166 0.00418455 1.46476e-06 2.31133e-05 
0.0135004 0.00254531 1.94304e-06 0.00374127 0.177621 0.00482015 0.00547359 2.46674e-07 0.0912227 0.310737 0.00029827 0.00111783 8.02306e-08 0.109027 0.261078 0.0180137 0.00080067 
0.020233 0.000216695 0.000175919 0.000246103 0.00530649 0.0187735 0.00219788 0.000183779 0.0131454 0.933058 0.00112037 0.000559908 0.00109483 0.000704532 0.00290071 4.34755e-05 3.89953e-05 
0.00419453 7.10334e-05 0.00350599 0.00149419 0.0411958 0.016429 0.000618924 0.00275637 0.0316056 0.831505 0.0007294 7.23111e-05 1.6097e-06 0.0316804 0.0129518 0.00658072 0.0146069 
0.0141643 0.000477768 3.02361e-05 0.0154375 0.043857 0.103495 0.0295031 0.00460827 0.108275 0.454225 0.0461748 0.00949481 0.00390428 0.108261 0.0441128 0.0137827 0.000196191 
5.27292e-06 1.22853e-09 3.22116e-06 6.547e-06 1.85094e-10 3.12054e-06 2.48557e-05 7.10508e-10 1.87755e-06 0.938905 0.0390813 2.08748e-09 1.63639e-09 0.0219685 2.74899e-10 3.57643e-10 5.53267e-07 
0.0015215 0.0021085 8.8307e-11 0.000379592 0.055177 0.000108977 0.000280517 0.00162883 0.000503165 0.902846 0.00138792 0.00351208 1.00825e-07 0.000356719 0.00859229 0.0172525 0.00434463 
0.0149111 0.000112226 2.2165e-07 0.00342058 0.0208745 0.0305175 0.0265398 0.000744136 0.0463612 0.71115 0.00282972 0.000697034 0.000549392 0.0599712 0.0675148 0.000168842 0.0136374 
1.95841e-08 0.000131882 8.52916e-08 1.47001e-08 7.13647e-05 0.00197235 0.00105815 2.82387e-08 0.000425186 0.995769 3.47814e-08 8.29657e-08 0.000162659 0.000108227 0.000234914 1.42143e-08 6.59238e-05 
0.0476521 0.00305793 7.77668e-07 0.315086 0.0382655 0.000620406 0.000404259 0.00198033 0.00452953 0.452791 0.0306821 0.0357431 2.28408e-05 0.0354655 0.0335908 5.52806e-05 5.24804e-05 
0.0876486 1.61089e-05 0.000677896 0.00200237 0.179808 0.0027538 3.39962e-05 0.0125789 0.0147033 0.615217 1.71735e-05 0.000251505 5.5235e-05 0.0343165 0.00649912 0.0430594 0.000361322 
0.105199 0.000180832 9.47166e-10 0.00156828 6.54615e-05 0.00250014 1.55698e-07 1.2352e-07 0.00482871 0.880625 2.01085e-05 9.21336e-10 7.22242e-10 0.00183527 0.00312051 1.06556e-07 5.63671e-05 
5.9982e-07 1.67057e-06 2.31062e-09 0.00915452 1.79231e-06 0.00209857 0.00212572 1.44548e-06 0.0320166 0.894818 0.0047319 2.24761e-09 1.76192e-09 1.23004e-06 0.0550459 1.58395e-06 3.26201e-07 
0.0782897 0.00254732 1.18438e-05 0.164944 0.0587665 0.000495298 0.00769482 0.000141298 0.030152 0.258824 0.00131634 0.00341637 0.253203 0.026954 0.107154 0.00558244 0.000507115 
0.00670626 0.000331183 0.00158254 0.00193829 0.102557 0.0203979 0.0246022 0.0650491 0.118569 0.492039 0.0017047 0.00292473 1.36466e-05 0.107925 0.0534228 8.88517e-05 0.000147357 
0.00881887 2.86455e-05 1.32976e-05 0.0061477 0.0065694 0.0047481 0.00737812 1.50761e-07 0.0291257 0.883707 0.0215318 3.18909e-10 1.21891e-07 0.00131997 0.030332 0.000271856 7.10224e-06 
0.00229656 6.42609e-06 0.000756915 0.0052708 0.150671 0.0205053 0.00135871 0.00219312 0.155029 0.355264 0.00040487 0.000164375 0.000197142 0.213602 0.0890908 0.00279629 0.000391996 
0.0105241 0.00297019 4.0891e-08 6.3012e-05 0.103451 0.0115876 2.36775e-05 0.0558545 0.00304527 0.800064 0.000162703 3.97759e-08 3.11806e-08 0.00468281 0.00259988 0.000318589 0.00465278 
0.0041533 4.86571e-05 1.23996e-10 1.21522e-05 0.00368412 0.0109989 3.07176e-05 3.89936e-05 0.00136344 0.959837 0.00629785 0.00252117 4.57368e-09 1.54304e-05 0.00813474 0.000216844 0.00264656 
0.00848166 0.00118697 0.000398047 0.016507 0.0519264 0.162857 0.00105415 0.0154482 0.0725814 0.281559 0.030844 0.0461576 1.68968e-08 0.0479309 0.216163 0.0263725 0.020532 
0.00201624 0.00227025 0.0175563 0.0014454 0.00515175 0.0460671 0.000131868 0.000451994 0.107613 0.738957 0.000268119 0.000206476 5.4672e-05 0.0450266 0.000980292 0.0314082 0.000394165 
0.00994594 0.000874192 5.64493e-07 0.0198003 0.193486 0.0566215 0.000578465 0.00358399 0.0129969 0.300815 6.24406e-05 1.82722e-06 0.284916 0.0416345 0.0363475 0.0324643 0.00587041 
0.0295277 0.00161927 2.70327e-07 0.000142521 0.125912 4.84811e-05 7.16805e-08 0.0310964 0.111671 0.648228 0.00459279 0.000242715 8.00922e-09 0.0451821 0.000612561 0.00112379 1.03083e-07 
0.286049 0.0505914 0.00237462 0.0325493 0.119679 0.00593235 0.000876202 0.0432124 0.0880583 0.324113 0.000640951 0.00536983 1.97464e-08 0.0173877 0.0226031 0.000474941 8.85184e-05 
0.00211508 7.71059e-05 4.34586e-05 0.000956228 0.0126399 2.11915e-05 0.00053374 4.66943e-05 0.0198294 0.872323 0.00706287 1.39879e-06 1.09653e-06 0.0338831 0.0499142 0.000522693 2.91485e-05 
0.0547222 0.0293051 0.0282154 0.0337408 0.12907 0.0183497 0.00140719 0.0430542 0.0585951 0.395573 0.0290849 0.00546679 0.000111313 0.0200093 0.150107 4.73391e-05 0.0031409 
0.00907984 3.85783e-05 0.000329137 0.00516875 0.106212 0.0264192 0.0259022 0.0238199 0.272796 0.305059 0.00114597 1.79944e-05 1.09634e-05 0.147418 0.0365108 0.0399358 0.00013582 
0.0157277 0.000899654 7.09277e-06 0.00424341 0.226283 6.82893e-07 0.00101791 0.0255887 0.0818466 0.53606 1.78474e-06 0.000130525 4.7238e-05 0.0919666 0.0154237 0.000754385 2.51875e-07 
0.0491938 0.000719145 7.15852e-06 0.0961945 0.0978172 0.0161629 0.0523394 0.00133233 0.164568 0.288842 0.0121883 0.0147485 1.66189e-08 0.155829 0.0380451 0.0113562 0.000656183 
2.353e-06 4.3437e-10 7.58759e-10 0.000392855 9.84618e-07 2.59081e-07 0.000385873 2.51213e-10 0.000689676 0.983098 3.09417e-10 6.78527e-07 5.78577e-10 0.011971 2.86248e-05 4.0656e-07 0.00342942 
2.89332e-06 2.89204e-06 0.00462758 2.89353e-06 0.0581692 0.0396442 2.89329e-06 2.89294e-06 0.0228653 0.782084 2.89263e-06 0.00520583 0.017929 2.8939e-06 0.0529575 2.89355e-06 0.0164942 
0.105199 0.000180832 9.47166e-10 0.00156828 6.54615e-05 0.00250014 1.55698e-07 1.2352e-07 0.00482871 0.880625 2.01085e-05 9.21336e-10 7.22242e-10 0.00183527 0.00312051 1.06556e-07 5.63671e-05 
0.0263771 0.000385815 0.00129581 0.00242939 0.0596715 0.136941 0.00229929 0.0017799 0.0182587 0.706941 4.4297e-08 0.000428601 0.00016735 0.0221442 0.0208332 1.81031e-08 4.74521e-05 
3.3124e-07 3.74871e-09 6.54826e-09 0.0416558 0.000650055 1.13343e-09 0.0481839 2.16803e-09 0.0545735 0.854762 1.97875e-07 6.36969e-09 4.99325e-09 4.91635e-10 8.38822e-10 1.0913e-09 0.00017452 
0.041219 0.0018567 3.09637e-05 0.0743239 0.0208428 0.00345475 0.0242054 0.00316023 0.0313609 0.659921 0.00117251 5.64454e-07 0.0256087 0.0352629 0.0775553 6.39366e-06 1.80436e-05 
0.0127416 0.00238157 0.0404006 0.0180502 0.00234691 0.00967561 0.00220922 0.0374726 0.0493501 0.769581 0.0120491 0.0022113 1.97816e-07 0.00380909 0.0347601 0.00294799 1.23599e-05 
0.00424304 5.02722e-05 5.67973e-05 0.00408225 0.0627227 0.00485451 0.0109312 0.000134612 0.0538259 0.717128 0.00397911 0.0203423 2.71144e-06 0.0908252 0.0266053 0.000164976 5.07763e-05 
0.00373426 1.3009e-05 0.00201289 3.5434e-07 0.100744 5.59281e-06 7.73994e-07 0.00399296 0.140833 0.345553 1.03838e-05 9.19003e-06 1.99156e-05 0.145688 0.0242926 2.77217e-06 0.233088 
0.0792446 0.000136509 0.0209828 0.000877583 0.0125233 0.0327164 0.00109794 1.65693e-05 0.111143 0.682572 0.00897368 0.00012967 4.52843e-06 0.0444266 0.00503319 0.000117606 3.36112e-06 
0.0128328 4.03938e-05 1.1384e-05 0.0400576 0.0795144 0.0121811 0.002474 0.00697368 0.155519 0.479533 0.00115533 0.00140683 5.6856e-09 0.182111 0.0259084 0.000156626 0.00012484 
1.95841e-08 0.000131882 8.52916e-08 1.47001e-08 7.13647e-05 0.00197235 0.00105815 2.82387e-08 0.000425186 0.995769 3.47814e-08 8.29657e-08 0.000162659 0.000108227 0.000234914 1.42143e-08 6.59238e-05 
0.000318181 0.00609341 3.9629e-07 0.00739376 0.0140452 0.00949337 0.0555063 0.000671879 0.103271 0.750943 6.49677e-05 0.00236872 0.00440874 0.0243952 0.0188326 0.00217898 1.37487e-05 
0.155288 8.58345e-05 4.0102e-05 0.0194478 0.0044657 0.141557 0.03006 0.00272555 0.0256602 0.521122 0.000301923 4.76216e-05 3.75258e-09 0.0714368 0.0270003 0.000686132 7.63881e-05 
0.00400803 0.000170427 4.20316e-05 0.00459998 0.0125621 0.0135896 0.00167449 0.00338235 0.044926 0.826585 0.00103484 0.000180561 5.07619e-07 0.008889 0.0763042 0.00180226 0.000248881 
0.00986352 0.000762979 8.2973e-06 0.00289672 0.0731149 0.0597484 0.036869 0.0142254 0.251175 0.370085 0.000746759 0.00127148 0.000248397 0.0582342 0.119166 0.001486 9.89328e-05 
5.40963e-05 0.0611061 0.000612485 0.198139 0.0276567 0.00157043 0.00257493 0.019414 0.0488274 0.467458 0.000376808 0.000166915 4.70893e-07 0.0194649 0.135437 0.000101896 0.0170384 
0.00754895 0.000469149 6.02681e-06 0.0032171 0.0114266 0.0060384 0.000247983 0.0230622 0.00636413 0.782711 0.15334 1.2208e-07 2.23852e-06 0.00341842 0.00192622 0.000169188 5.26208e-05 
0.000352766 0.23232 2.32382e-05 0.00253059 0.00371778 0.00871797 0.00498214 7.10619e-05 0.0352394 0.604198 9.68242e-06 3.77364e-05 1.19467e-05 0.0613024 0.0418128 0.00466461 8.10072e-06 
0.0543152 0.0182353 2.3251e-06 0.0111371 2.08901e-05 5.11614e-06 3.94664e-06 0.00167081 0.0391585 0.365952 0.0100858 2.12214e-05 1.45634e-08 0.342117 0.157272 1.58616e-06 1.87153e-06 
0.00126201 4.22939e-06 8.15889e-05 0.000461019 0.0319481 0.115011 0.00260326 0.000150473 0.0229027 0.714808 1.15942e-05 0.000204594 0.0867184 0.0212632 0.00246745 7.97967e-08 0.00010218 
9.91362e-07 0.00278562 0.000358215 0.0211768 0.128497 0.00272872 2.62912e-07 6.84568e-07 0.0313108 0.745084 6.66758e-06 6.83802e-07 1.66944e-09 0.000979811 0.0669313 5.28989e-07 0.000137146 
0.00550932 2.58018e-06 3.32314e-05 0.00587305 0.0258031 0.000590617 0.000469815 0.0192287 0.229258 0.635511 0.0200465 0.000218784 0.000164642 0.0164289 0.0400632 9.97941e-05 0.00069891 
0.068051 0.00151573 2.2497e-08 0.0131818 0.0404151 0.00242498 0.00138995 0.000325755 0.122787 0.701146 0.0225926 0.000119679 1.71546e-08 0.0136238 0.00657815 0.00582805 1.95159e-05 
0.00335127 0.000112595 0.0411192 1.77463e-05 0.0582711 7.36652e-05 3.29189e-05 0.00218335 0.0197487 0.863075 7.72821e-05 0.000913279 0.00013826 0.00874433 0.00038389 0.00129819 0.000459773 
0.012068 2.68242e-05 0.00972969 0.00337296 0.158676 0.0330739 0.0331949 0.000708906 0.0380296 0.596709 0.0919751 0.000206978 2.21096e-07 0.00436163 0.0170346 1.76145e-07 0.00083143 
1.76873e-07 4.50898e-07 1.02282e-06 0.0208287 0.00079019 6.34562e-10 0.025364 6.37134e-07 0.0519172 0.900603 1.05706e-07 3.56614e-09 2.12025e-07 7.12471e-07 4.52382e-07 6.10978e-10 0.000493394 
0.00682732 5.68603e-05 2.86871e-09 0.000533339 0.0164787 0.0349489 0.0417406 0.000640115 0.0331535 0.706583 0.03138 8.84756e-06 0.000172094 0.00653074 0.11989 0.000783818 0.000272182 
0.0015335 0.000313059 5.74193e-10 6.32699e-05 0.19225 3.34387e-05 5.63902e-08 4.7765e-07 0.000298206 0.74386 0.00320497 0.0381465 9.53897e-07 0.00151937 0.0125387 0.00303574 0.00320157 
0.0578933 0.0313938 0.00776361 6.89012e-05 0.160527 0.0430418 0.000365946 0.00163034 0.0134123 0.46579 8.60679e-05 0.00517223 6.40426e-05 0.16073 0.0290194 0.0222136 0.00082768 
0.000741578 3.33358e-05 1.10431e-05 8.44355e-06 0.279917 0.012105 0.000524568 0.000371178 0.0485821 0.558154 0.00879605 8.60528e-06 3.86022e-05 2.47985e-05 0.0896764 0.000894577 0.000113255 
0.0131128 8.1889e-07 1.84295e-07 0.0245096 0.178369 0.152632 0.00826022 0.0286949 0.128118 0.371152 6.97577e-07 0.00525531 0.000341499 0.0720363 0.0153448 0.000285374 0.00188605 
0.0213525 0.00010837 0.000124759 0.00441917 0.159515 0.0123214 0.0176743 0.00770163 0.213108 0.428795 0.031865 0.0037727 1.4627e-05 0.0742227 0.0212734 0.00359137 0.000140204 
0.105199 0.000180832 9.47166e-10 0.00156828 6.54615e-05 0.00250014 1.55698e-07 1.2352e-07 0.00482871 0.880625 2.01085e-05 9.21336e-10 7.22242e-10 0.00183527 0.00312051 1.06556e-07 5.63671e-05 
0.0111486 7.36699e-05 0.0173826 0.0291642 0.16275 0.00151823 0.00495709 0.00235875 0.0355046 0.644508 0.0260089 4.44814e-07 0.000397891 0.0517903 0.00574732 0.00608539 0.000604323 
0.0627049 0.00188967 2.82156e-08 0.0227101 0.172685 0.00768545 0.00860844 0.0350761 0.214596 0.263204 0.0229035 0.000690135 1.67206e-06 0.12997 0.00688945 0.0503707 1.54644e-05 
2.353e-06 4.3437e-10 7.58759e-10 0.000392855 9.84618e-07 2.59081e-07 0.000385873 2.51213e-10 0.000689676 0.983098 3.09417e-10 6.78527e-07 5.78577e-10 0.011971 2.86248e-05 4.0656e-07 0.00342942 
0.00509077 0.000935394 1.17264e-05 0.00431878 0.019229 0.204757 0.00602982 0.00255205 0.0458357 0.671824 8.69269e-05 0.0046842 0.000228396 0.029555 0.00481168 5.94125e-06 4.39563e-05 
