0.665438 0.0201857 2.00889e-05 0.0323509 0.000602016 0.103549 0.000253166 0.0149356 0.00846878 0.0315424 1.36151e-05 2.28168e-06 0.066628 0.0159187 4.40405e-09 0.000282914 0.0199737 0.00721143 0.00333329 0.00442948 0.00486027 
0.813631 0.0242793 2.31435e-06 0.0694254 0.00922779 0.00180271 0.00047403 1.00168e-05 0.00848111 0.00920098 4.77514e-11 2.99412e-07 0.00508314 0.0059362 7.5411e-11 0.000871555 0.00353946 0.00107072 0.0373464 0.00936621 0.000250932 
0.483091 0.022293 1.47891e-05 0.00630633 0.0223027 0.114346 0.0817495 0.0104375 0.0328161 0.0126371 0.00560101 0.000526733 0.0331243 0.00989713 1.29576e-06 0.00163551 0.141062 0.000195193 0.000933257 0.00224519 0.0187843 
0.432912 0.0239237 0.00077637 9.9836e-05 0.0100309 0.0466273 0.00280631 5.72952e-05 0.00978189 0.276553 0.00916959 7.83677e-08 0.0572481 0.0275305 0.00223961 0.0150573 0.0426411 0.00961669 0.00898601 4.39201e-06 0.0239386 
0.749363 0.0408375 9.09687e-09 0.00529464 0.00173223 0.0701311 0.000202252 0.00562053 0.00358988 0.010286 0.0093731 3.70226e-07 0.0131963 0.00260099 5.98046e-05 0.000694703 0.0828553 8.90855e-06 0.00226941 4.60868e-10 0.001884 
0.887948 0.0264759 2.48526e-06 4.63337e-06 0.040075 0.00739024 3.54597e-07 3.65069e-07 0.0145965 0.0116324 5.30888e-08 5.89946e-09 0.00344219 0.000588974 1.54779e-10 1.60654e-05 0.00384128 5.49119e-07 1.03579e-05 3.23995e-08 0.00397505 
0.320219 0.0114062 5.00309e-07 8.81364e-05 0.00842407 0.0529896 3.48767e-06 0.0154973 0.0124697 0.137104 3.13686e-07 2.41138e-08 0.0544857 0.0560122 8.17109e-06 0.203669 0.119919 0.000134487 6.8682e-07 4.90754e-10 0.00756903 
0.749363 0.0408375 9.09687e-09 0.00529464 0.00173223 0.0701311 0.000202252 0.00562053 0.00358988 0.010286 0.0093731 3.70226e-07 0.0131963 0.00260099 5.98046e-05 0.000694703 0.0828553 8.90855e-06 0.00226941 4.60868e-10 0.001884 
0.32426 0.257221 0.000300738 0.00714249 0.0133594 0.0272848 0.0220568 0.0577755 0.0258114 0.110358 0.0263566 9.39373e-05 0.0240557 0.0130795 4.24564e-07 0.00015834 0.0672342 0.000254813 0.0224393 0.000358181 0.000399485 
0.749363 0.0408375 9.09687e-09 0.00529464 0.00173223 0.0701311 0.000202252 0.00562053 0.00358988 0.010286 0.0093731 3.70226e-07 0.0131963 0.00260099 5.98046e-05 0.000694703 0.0828553 8.90855e-06 0.00226941 4.60868e-10 0.001884 
0.388884 0.344081 5.304e-06 7.37311e-05 0.000912654 0.00208395 0.000667028 0.0874722 0.033657 0.00700426 9.61724e-05 5.73295e-06 0.000138314 0.0773403 1.22202e-05 1.65777e-05 0.00937107 6.07681e-05 0.0462591 0.000365142 0.00149341 
0.782981 0.0388369 0.00080059 0.000222878 0.00602566 0.0404535 0.00631173 0.000829657 0.0284212 0.0322129 0.00015138 4.19359e-07 0.0325587 0.00774224 1.30663e-11 0.000141616 0.0192413 5.17631e-05 0.000147117 1.99396e-05 0.00284902 
0.749363 0.0408375 9.09687e-09 0.00529464 0.00173223 0.0701311 0.000202252 0.00562053 0.00358988 0.010286 0.0093731 3.70226e-07 0.0131963 0.00260099 5.98046e-05 0.000694703 0.0828553 8.90855e-06 0.00226941 4.60868e-10 0.001884 
0.234043 0.191076 5.70153e-07 1.30216e-06 2.45241e-07 0.190211 4.48558e-07 1.68809e-07 0.130286 0.0467753 0.000832167 9.21209e-08 0.0298292 0.0128947 6.23865e-07 0.000375589 0.142465 7.07103e-05 0.00232508 6.77489e-09 0.0188126 
0.749363 0.0408375 9.09687e-09 0.00529464 0.00173223 0.0701311 0.000202252 0.00562053 0.00358988 0.010286 0.0093731 3.70226e-07 0.0131963 0.00260099 5.98046e-05 0.000694703 0.0828553 8.90855e-06 0.00226941 4.60868e-10 0.001884 
0.699201 0.0981814 2.5242e-07 0.000689917 0.000290733 0.00112848 0.000911437 0.0704055 0.0207629 0.00760461 2.49868e-07 1.58614e-07 0.00557756 0.0807631 4.93367e-08 0.00764779 0.00394759 6.35729e-05 0.00126867 1.18262e-05 0.00154293 
0.295088 0.00367193 0.00202647 0.000529256 0.13026 0.14106 2.98981e-11 3.14542e-08 0.0541338 0.0823219 0.00935014 7.19196e-08 0.138224 0.0112129 7.66742e-07 0.000455538 0.11774 1.25993e-05 0.00621987 1.51121e-10 0.0076922 
0.658537 0.039331 1.23177e-07 0.000498049 2.35967e-05 0.0148253 2.21965e-05 0.000307575 0.00620461 0.0132174 8.7739e-07 6.63465e-07 0.00611127 0.231266 3.01537e-09 0.00024251 0.0130762 5.87632e-06 2.44301e-06 6.54483e-05 0.016262 
0.191988 0.0684238 0.00107119 0.00206764 0.0200693 0.139159 0.00136911 0.000383563 0.0505309 0.0735875 0.000543971 1.68129e-05 0.0345935 0.104751 6.44743e-10 0.109142 0.142526 5.08059e-05 0.0170571 0.000164706 0.0425041 
0.455902 0.267132 4.28959e-07 6.59701e-08 0.000111903 0.0128319 0.00158723 0.0028456 0.0607776 0.0202238 4.51322e-08 9.68438e-09 0.0112385 0.0109254 2.57944e-11 0.000898627 0.140099 2.33475e-05 0.0148431 8.65283e-08 0.000558663 
0.464522 0.122537 0.00012559 0.00522947 0.00269531 0.00627168 0.0305659 0.00120234 0.0301051 0.022239 0.00129375 1.63672e-07 0.0141697 0.236565 2.77439e-07 0.00067429 0.0271662 0.000167337 0.0125491 0.0169437 0.00497636 
0.342193 0.0486917 3.15987e-07 0.00118167 0.00414966 0.0860489 0.0285233 0.000214583 0.11736 0.0338886 3.14251e-06 7.95581e-05 0.151868 0.0545069 7.37185e-07 0.00298337 0.115484 3.39502e-06 2.05711e-05 5.40889e-07 0.012797 
0.585417 0.216765 7.73081e-08 0.029988 0.00205831 0.0303062 0.00108455 0.0170129 0.00775251 0.000371912 8.1361e-06 1.08399e-06 0.0162273 0.00122138 5.66564e-11 0.00187349 0.0889608 6.80964e-07 5.94496e-05 2.52694e-08 0.000891141 
0.749363 0.0408375 9.09687e-09 0.00529464 0.00173223 0.0701311 0.000202252 0.00562053 0.00358988 0.010286 0.0093731 3.70226e-07 0.0131963 0.00260099 5.98046e-05 0.000694703 0.0828553 8.90855e-06 0.00226941 4.60868e-10 0.001884 
0.304336 3.20375e-05 3.20004e-05 3.20178e-05 0.0512646 0.265934 0.118554 3.20348e-05 3.20344e-05 0.0160506 3.19989e-05 3.20018e-05 3.20359e-05 0.08011 3.19744e-05 3.20305e-05 3.20386e-05 3.2031e-05 0.121667 3.19988e-05 0.0416679 
0.726609 0.177023 2.78248e-08 0.0126744 0.000380178 0.00445761 0.00018456 0.0163872 0.00197409 0.000267853 1.68299e-07 3.15994e-08 0.000166106 0.0534083 6.20733e-10 0.000473761 0.00448642 5.59893e-06 0.000176995 0.000500246 0.000824659 
0.356952 0.0821038 0.00134785 0.00013125 0.0886366 0.0943823 0.00411926 0.00464591 0.0225727 0.0794727 0.0010626 7.65004e-07 0.0526248 0.00665277 8.1799e-07 0.00128019 0.0756859 4.06804e-05 0.111734 0.00998429 0.00656865 
0.258432 0.0649757 4.41001e-05 1.59638e-05 0.00849662 0.0326139 0.0214957 0.00724921 0.114199 0.019848 0.0302033 4.21841e-06 0.0678976 0.118092 2.66828e-08 0.00350482 0.240454 0.00039184 7.69485e-05 0.0111057 0.000899382 
0.551276 0.0896081 0.00684046 0.00409468 0.00484282 0.00793092 0.0186415 0.00127353 0.0329284 0.0487774 9.69154e-07 5.27253e-06 0.0186424 0.079879 0.000110455 0.131681 0.00185672 4.60627e-05 1.18254e-05 1.53969e-05 0.00153722 
0.732027 0.0333874 0.000529476 1.18113e-07 0.00833897 0.114844 0.0120567 0.000230499 0.00868331 0.000141113 0.000186958 2.50513e-05 0.0361825 0.00295688 3.32861e-07 3.5518e-05 7.09981e-05 0.00272488 0.0474552 2.11894e-07 0.00012363 
0.749363 0.0408375 9.09687e-09 0.00529464 0.00173223 0.0701311 0.000202252 0.00562053 0.00358988 0.010286 0.0093731 3.70226e-07 0.0131963 0.00260099 5.98046e-05 0.000694703 0.0828553 8.90855e-06 0.00226941 4.60868e-10 0.001884 
0.749363 0.0408375 9.09687e-09 0.00529464 0.00173223 0.0701311 0.000202252 0.00562053 0.00358988 0.010286 0.0093731 3.70226e-07 0.0131963 0.00260099 5.98046e-05 0.000694703 0.0828553 8.90855e-06 0.00226941 4.60868e-10 0.001884 
0.701786 0.00512747 4.15371e-08 0.00155408 0.000314886 0.000756588 0.221267 2.70418e-06 0.0338944 0.0203038 4.29097e-08 3.99772e-08 0.0118852 4.90236e-06 6.77648e-08 0.000345346 0.00275568 3.66346e-07 3.25454e-08 4.31379e-08 1.45039e-06 
0.336645 0.258907 0.0051082 1.27456e-05 1.27466e-05 1.27529e-05 1.27516e-05 1.27523e-05 0.0880028 0.131371 1.27381e-05 1.27392e-05 1.27528e-05 0.119871 0.0114682 1.27506e-05 1.27538e-05 1.27508e-05 1.27421e-05 1.2738e-05 0.0484608 
0.787142 0.0753836 1.42033e-08 0.00192913 0.0015394 0.0188087 0.000576811 0.0627036 0.0094973 0.00644005 0.00213144 9.76738e-08 0.0055428 0.00100307 0.000232914 0.000630615 0.019928 3.84463e-06 0.000516309 1.20674e-07 0.00598995 
0.746486 0.00176315 1.23029e-08 0.000273498 0.000703857 0.00173257 2.52784e-09 0.00297634 0.000884622 2.55712e-05 0.0252513 0.00041918 0.000551045 0.00435028 2.00714e-08 0.00011104 0.00338455 0.0003417 0.000214011 1.27771e-08 0.210531 
0.173838 0.0320185 0.00299786 0.000710384 0.0855631 0.142679 0.0160796 0.00292516 0.025172 0.152196 0.00649748 3.66984e-06 0.141756 0.00529805 0.00199685 0.0138214 0.138467 0.00710066 0.00204582 0.000899781 0.0479324 
0.266078 0.00456785 4.76295e-06 0.015001 0.0036395 0.035676 0.0084387 0.000464983 0.052819 0.21405 0.00147687 2.25499e-06 0.0305129 0.0945245 5.30312e-07 0.0243767 0.0137551 0.212572 0.0014667 0.0142281 0.00634424 
0.749363 0.0408375 9.09687e-09 0.00529464 0.00173223 0.0701311 0.000202252 0.00562053 0.00358988 0.010286 0.0093731 3.70226e-07 0.0131963 0.00260099 5.98046e-05 0.000694703 0.0828553 8.90855e-06 0.00226941 4.60868e-10 0.001884 
0.58594 0.0482672 0.0157506 0.00418652 0.00103647 0.00584185 0.118431 0.000394906 0.0568335 0.0396184 7.24607e-05 0.017016 0.0370316 0.0198235 7.83734e-05 0.00615955 0.0307167 0.00014145 5.03957e-05 0.00740144 0.00520843 
0.749363 0.0408375 9.09687e-09 0.00529464 0.00173223 0.0701311 0.000202252 0.00562053 0.00358988 0.010286 0.0093731 3.70226e-07 0.0131963 0.00260099 5.98046e-05 0.000694703 0.0828553 8.90855e-06 0.00226941 4.60868e-10 0.001884 
0.749363 0.0408375 9.09687e-09 0.00529464 0.00173223 0.0701311 0.000202252 0.00562053 0.00358988 0.010286 0.0093731 3.70226e-07 0.0131963 0.00260099 5.98046e-05 0.000694703 0.0828553 8.90855e-06 0.00226941 4.60868e-10 0.001884 
0.749363 0.0408375 9.09687e-09 0.00529464 0.00173223 0.0701311 0.000202252 0.00562053 0.00358988 0.010286 0.0093731 3.70226e-07 0.0131963 0.00260099 5.98046e-05 0.000694703 0.0828553 8.90855e-06 0.00226941 4.60868e-10 0.001884 
0.37209 0.297655 8.98326e-06 2.03558e-05 0.00266846 0.00309284 0.0011966 0.126339 0.0507026 0.0342214 4.35168e-07 4.14495e-06 0.0575801 0.00201228 9.21514e-05 0.00111418 0.00381265 1.40205e-07 0.000127299 0.00840223 0.0388586 
0.351958 0.0195388 0.00840596 0.00569108 0.123182 0.04284 0.000213784 0.00183075 0.0125595 0.0410389 1.52658e-07 1.42679e-08 0.117322 0.00412305 1.34716e-09 0.000583949 0.234816 9.3343e-06 3.59742e-05 5.53473e-05 0.0357947 
0.675871 0.193881 9.32461e-05 0.0124756 0.00692009 0.000997603 1.58933e-05 0.00219387 0.0400954 2.54122e-05 7.57296e-07 7.05541e-07 0.00418992 0.0268669 1.19595e-06 7.63698e-07 0.0362872 4.01303e-06 5.7438e-07 7.61323e-07 7.73496e-05 
0.742284 0.106496 2.77262e-10 0.000112682 0.000463189 0.000144526 0.00075273 0.134368 0.0133627 0.00147278 2.86425e-10 2.6685e-10 0.000352831 1.18706e-07 1.43116e-06 0.000184415 8.98285e-08 2.23224e-08 2.17242e-10 8.21776e-08 4.2892e-06 
0.730425 0.102306 7.39591e-07 0.0154828 3.19539e-06 0.0129765 0.000113222 0.0178229 0.0595354 0.0273917 8.59448e-06 7.42934e-06 3.01561e-05 0.0245892 8.2396e-08 4.86626e-07 0.00431811 5.05477e-07 1.56291e-06 0.00498482 1.90923e-06 
0.749363 0.0408375 9.09687e-09 0.00529464 0.00173223 0.0701311 0.000202252 0.00562053 0.00358988 0.010286 0.0093731 3.70226e-07 0.0131963 0.00260099 5.98046e-05 0.000694703 0.0828553 8.90855e-06 0.00226941 4.60868e-10 0.001884 
0.749363 0.0408375 9.09687e-09 0.00529464 0.00173223 0.0701311 0.000202252 0.00562053 0.00358988 0.010286 0.0093731 3.70226e-07 0.0131963 0.00260099 5.98046e-05 0.000694703 0.0828553 8.90855e-06 0.00226941 4.60868e-10 0.001884 
0.347173 0.141724 8.95475e-07 0.128144 0.00348052 0.000396765 0.0440845 0.00125765 0.215869 0.00169458 3.74706e-10 0.000855388 0.0387065 0.00756186 5.91751e-10 0.0297597 0.0337382 9.19163e-11 2.842e-10 3.76699e-10 0.00555387 
0.265189 0.048013 0.0525689 0.000235584 0.000828898 0.0469179 0.0717125 7.29553e-06 0.0717831 0.152342 0.000456749 4.54782e-06 0.00126815 0.139933 9.92204e-05 0.0166877 0.0132561 3.76674e-07 1.43625e-05 6.62455e-07 0.11868 
0.725848 0.179702 6.46511e-09 0.0179385 0.000601692 0.00749185 0.000558157 0.00092569 0.00253447 0.00102979 1.12533e-06 6.99672e-07 0.0133146 0.000767192 2.63249e-11 0.00159381 0.0426288 1.06022e-05 6.66323e-05 0.00391355 0.00107285 
0.459088 0.0858341 4.24441e-08 2.45709e-08 0.0023261 2.50909e-06 0.0223589 0.00149803 0.340126 0.0139215 4.38467e-08 4.08501e-08 9.0599e-07 0.0344055 0.000139584 1.63117e-06 0.00906433 1.30218e-07 0.0286162 4.40799e-08 0.00261556 
0.749363 0.0408375 9.09687e-09 0.00529464 0.00173223 0.0701311 0.000202252 0.00562053 0.00358988 0.010286 0.0093731 3.70226e-07 0.0131963 0.00260099 5.98046e-05 0.000694703 0.0828553 8.90855e-06 0.00226941 4.60868e-10 0.001884 
0.351602 0.184639 3.14957e-07 0.00238555 0.00227701 0.0567099 0.0243259 0.00115791 0.225603 0.00935258 0.000274964 5.35699e-08 0.072598 0.0201477 3.28323e-09 0.00101575 0.0331607 7.33666e-06 0.000485922 0.0084187 0.00583749 
0.315208 0.0079385 1.36017e-10 0.000135867 0.00358008 0.000664885 0.00016981 0.000111502 0.0219443 0.254358 0.000262424 1.30909e-10 0.016291 0.131333 0.00430073 0.00516043 0.048156 0.000689503 0.0347367 1.0346e-06 0.154958 
0.534776 0.035439 4.36116e-05 0.00260214 0.00229958 0.0954531 0.000596422 2.96824e-06 0.132903 0.061874 1.48275e-05 2.58745e-07 0.0813552 0.00267479 1.77008e-08 0.00950152 0.0366237 0.000554316 0.00055265 0.00241612 0.000316372 
0.19025 0.117254 1.50472e-05 0.00012859 0.0364304 0.052977 0.0131521 0.000209016 0.122481 0.0947811 1.83353e-05 7.38518e-07 0.0572089 0.155449 3.8283e-09 0.00137517 0.111138 2.29466e-05 2.38079e-05 2.50496e-07 0.047084 
0.749363 0.0408375 9.09687e-09 0.00529464 0.00173223 0.0701311 0.000202252 0.00562053 0.00358988 0.010286 0.0093731 3.70226e-07 0.0131963 0.00260099 5.98046e-05 0.000694703 0.0828553 8.90855e-06 0.00226941 4.60868e-10 0.001884 
0.236209 0.0286924 0.00110274 0.00327579 0.0189736 0.141571 0.00721677 0.0186537 0.0876812 0.0633009 0.00034655 2.37677e-05 0.105563 0.0821237 3.93851e-07 0.0109566 0.148025 0.000109533 0.0116341 0.000812338 0.0337284 
0.749363 0.0408375 9.09687e-09 0.00529464 0.00173223 0.0701311 0.000202252 0.00562053 0.00358988 0.010286 0.0093731 3.70226e-07 0.0131963 0.00260099 5.98046e-05 0.000694703 0.0828553 8.90855e-06 0.00226941 4.60868e-10 0.001884 
0.742284 0.106496 2.77262e-10 0.000112682 0.000463189 0.000144526 0.00075273 0.134368 0.0133627 0.00147278 2.86425e-10 2.6685e-10 0.000352831 1.18706e-07 1.43116e-06 0.000184415 8.98285e-08 2.23224e-08 2.17242e-10 8.21776e-08 4.2892e-06 
0.630398 0.0287471 0.000259541 0.000160028 0.0351759 0.0108393 0.00723287 0.000342183 0.0711043 0.0139565 8.59685e-05 1.11509e-05 0.128719 0.036895 0.000235755 0.00665123 0.0138534 1.83944e-05 2.51695e-05 0.000540955 0.0147484 
0.42829 0.198829 0.00215815 5.38484e-06 5.38528e-06 5.38796e-06 5.3874e-06 5.38771e-06 0.234906 5.3881e-06 5.38167e-06 5.38216e-06 0.00162175 0.00916345 5.37753e-06 5.38698e-06 0.0689761 5.38706e-06 0.0349973 0.0209939 5.3865e-06 
0.440574 0.221333 1.1533e-06 0.000962408 0.000406178 0.000906351 0.000492268 0.00636735 0.0354403 0.00285832 8.57032e-07 8.80285e-06 0.0949162 0.000754024 8.52837e-10 0.00411987 0.0988652 9.21991e-09 0.000677889 0.0700947 0.021221 
0.458255 0.0342298 6.91692e-10 7.05577e-07 0.00801266 0.000616658 1.62072e-05 3.60155e-05 0.0351251 0.0256712 0.00414295 6.65716e-10 0.0203615 0.384728 6.37648e-05 7.39743e-05 0.0039728 0.000418559 0.00898356 5.27835e-07 0.0152913 
0.273198 0.0663105 6.36501e-05 3.20574e-05 0.0029849 0.146312 0.00750863 0.101433 0.0179911 0.0183946 2.79864e-06 2.5456e-06 0.172935 2.371e-05 7.06802e-09 0.0138968 0.175454 1.72061e-05 3.04468e-05 2.13542e-11 0.00340938 
0.691778 0.100376 1.59067e-07 0.000532946 0.00697733 0.0920393 0.00154815 0.00667563 0.0286423 0.00489943 0.000184078 2.71694e-06 0.0604377 0.000172598 1.15768e-05 0.00304814 6.05418e-07 5.15126e-05 0.00122611 2.25817e-10 0.0013958 
0.392521 0.106767 4.35324e-06 0.00302249 0.0187463 0.0249564 0.00783924 0.000653169 0.223716 0.0146277 1.58602e-07 7.81035e-07 0.0648 0.0771654 0.00232667 0.0123814 0.029021 3.96027e-07 7.52242e-05 0.000263696 0.0211111 
0.944966 0.0230649 0.0179339 2.28502e-06 0.00215469 0.000179736 0.000455824 3.96102e-09 0.00120665 0.00510518 3.21633e-11 2.99652e-11 7.58055e-09 0.00173844 5.07937e-11 0.000154773 0.00217655 3.92623e-06 9.51273e-08 0.000469388 0.000387841 
0.63643 0.0621114 0.000131087 0.00181255 0.0338952 0.047667 0.00317584 0.0218605 0.0149888 8.30141e-05 8.76198e-05 1.57603e-06 2.80513e-06 2.88095e-08 1.63058e-10 0.00840425 0.00177134 7.79578e-05 0.167266 3.59516e-07 0.000232977 
0.749363 0.0408375 9.09687e-09 0.00529464 0.00173223 0.0701311 0.000202252 0.00562053 0.00358988 0.010286 0.0093731 3.70226e-07 0.0131963 0.00260099 5.98046e-05 0.000694703 0.0828553 8.90855e-06 0.00226941 4.60868e-10 0.001884 
0.429332 0.339485 6.84228e-08 0.000448987 0.00111367 0.00862074 0.00220757 0.178818 0.00550132 0.00143801 3.92022e-06 1.9152e-08 0.0126931 0.000435731 4.02221e-09 0.000255456 0.0191085 3.73304e-07 6.08123e-05 1.47447e-07 0.000476822 
0.694168 0.079925 6.79697e-09 0.00201178 0.00294094 0.0622721 0.000121203 0.00403401 0.0356337 4.48951e-07 2.15539e-11 3.02231e-09 0.00638466 0.00199718 3.40388e-11 2.90053e-09 0.110058 1.05448e-05 1.63478e-11 9.10666e-08 0.000441792 
0.749363 0.0408375 9.09687e-09 0.00529464 0.00173223 0.0701311 0.000202252 0.00562053 0.00358988 0.010286 0.0093731 3.70226e-07 0.0131963 0.00260099 5.98046e-05 0.000694703 0.0828553 8.90855e-06 0.00226941 4.60868e-10 0.001884 
0.36966 0.0100892 0.116948 0.000508369 0.000932726 0.166668 0.0160595 3.45683e-06 0.0412891 0.0665077 1.47738e-06 8.63149e-06 0.036069 0.00298475 3.83112e-08 0.00490827 0.138791 0.000754902 0.000288715 0.0238266 0.00370083 
0.571336 0.0232518 0.000435055 0.00138969 0.007913 0.0164047 0.00178036 0.000804989 0.0237027 0.152513 0.00014415 9.59071e-06 0.113541 0.0142057 0.000668918 0.00191222 0.0447055 0.00152916 0.00192981 0.00192432 0.0198987 
0.264553 0.134287 0.000177076 0.0559484 0.0444493 0.117212 0.0410477 0.0538295 0.0849136 0.0275886 2.86474e-05 1.3964e-05 0.0540308 0.00091458 8.43325e-11 0.0247491 0.0950153 2.04613e-06 4.92774e-05 5.7088e-05 0.00113211 
0.253535 0.0348716 0.000648333 0.00655992 0.00228658 0.248945 0.104194 8.09679e-05 0.0233057 0.0306113 0.204062 0.00397248 0.0315124 0.0112146 2.83829e-08 0.000553324 0.0359615 4.46922e-05 0.000216839 4.9022e-05 0.00737431 
0.801321 0.0358275 0.000117926 0.000836393 0.00409588 0.0404081 0.000429767 0.00269566 0.0310024 0.0062058 0.0582266 1.14318e-07 0.0112365 5.03391e-06 2.25769e-07 2.9796e-06 0.0068857 0.000160662 0.000186331 0.000225024 0.000129882 
0.64226 0.356893 4.45544e-05 4.45785e-05 4.45822e-05 4.46044e-05 4.45997e-05 4.46023e-05 4.46017e-05 4.46055e-05 4.45523e-05 4.45563e-05 4.46037e-05 4.45972e-05 4.4518e-05 4.45962e-05 4.46075e-05 4.45969e-05 4.45664e-05 4.45521e-05 4.45923e-05 
0.749363 0.0408375 9.09687e-09 0.00529464 0.00173223 0.0701311 0.000202252 0.00562053 0.00358988 0.010286 0.0093731 3.70226e-07 0.0131963 0.00260099 5.98046e-05 0.000694703 0.0828553 8.90855e-06 0.00226941 4.60868e-10 0.001884 
0.527128 0.0412994 1.50639e-05 4.99459e-05 2.72462e-10 0.0669461 0.00420777 0.000116694 0.0117451 0.142028 3.01315e-07 3.52815e-05 0.155016 0.00106723 8.66314e-10 0.0149385 0.0252624 0.000189475 0.000349402 0.00194545 0.00765931 
0.749363 0.0408375 9.09687e-09 0.00529464 0.00173223 0.0701311 0.000202252 0.00562053 0.00358988 0.010286 0.0093731 3.70226e-07 0.0131963 0.00260099 5.98046e-05 0.000694703 0.0828553 8.90855e-06 0.00226941 4.60868e-10 0.001884 
0.749363 0.0408375 9.09687e-09 0.00529464 0.00173223 0.0701311 0.000202252 0.00562053 0.00358988 0.010286 0.0093731 3.70226e-07 0.0131963 0.00260099 5.98046e-05 0.000694703 0.0828553 8.90855e-06 0.00226941 4.60868e-10 0.001884 
0.749363 0.0408375 9.09687e-09 0.00529464 0.00173223 0.0701311 0.000202252 0.00562053 0.00358988 0.010286 0.0093731 3.70226e-07 0.0131963 0.00260099 5.98046e-05 0.000694703 0.0828553 8.90855e-06 0.00226941 4.60868e-10 0.001884 
0.491751 0.255579 0.00875484 0.0773846 0.00467134 0.0464326 0.00374885 0.0387544 0.0190174 0.00692025 3.48247e-05 1.57011e-05 0.0337485 0.00095567 2.4168e-05 0.00174488 0.00587484 6.754e-05 0.00124687 0.000109066 0.00316329 
0.237091 0.0311958 0.000390655 0.00359803 0.0074479 0.236619 0.0919421 0.0120631 0.0591382 0.0489267 0.00472359 0.000592352 0.0722778 0.0192807 1.0928e-06 0.0174741 0.148164 0.00192832 0.00116561 0.000277823 0.00570299 
0.925096 0.0693792 7.11174e-12 0.00217289 1.42501e-05 0.00171746 3.49646e-08 2.95421e-05 0.00111391 7.5369e-05 3.9659e-08 7.39518e-09 1.44449e-05 2.87722e-08 1.16023e-11 1.02259e-07 0.000383225 1.55851e-08 4.51755e-09 2.87106e-07 3.45388e-06 
0.394463 0.16649 0.0356811 0.00211846 0.0368024 0.044978 0.00664858 0.000694523 0.134478 0.00944781 0.000484884 9.4426e-06 0.0174445 0.086596 1.80976e-05 0.000303869 0.0364534 0.0212911 0.00112953 2.61223e-05 0.00444089 
0.749363 0.0408375 9.09687e-09 0.00529464 0.00173223 0.0701311 0.000202252 0.00562053 0.00358988 0.010286 0.0093731 3.70226e-07 0.0131963 0.00260099 5.98046e-05 0.000694703 0.0828553 8.90855e-06 0.00226941 4.60868e-10 0.001884 
0.749363 0.0408375 9.09687e-09 0.00529464 0.00173223 0.0701311 0.000202252 0.00562053 0.00358988 0.010286 0.0093731 3.70226e-07 0.0131963 0.00260099 5.98046e-05 0.000694703 0.0828553 8.90855e-06 0.00226941 4.60868e-10 0.001884 
0.427477 0.0190084 1.36463e-08 0.00623636 0.00264839 0.111487 0.00139802 0.000464713 0.0188709 0.0125031 9.72518e-07 3.06966e-08 0.198158 0.00204816 5.19197e-09 0.00425841 0.191841 4.65285e-06 0.000104559 9.78301e-11 0.0034906 
0.433227 0.0514059 1.24459e-07 0.00361909 0.0550066 0.0537114 0.0357253 0.000351245 0.0455146 0.0311181 0.000563162 1.86697e-05 0.0891813 0.00818428 3.64263e-07 0.00854346 0.107728 4.90754e-06 0.000856852 0.000527609 0.0747118 
0.424365 0.0160713 0.000537603 0.00065562 0.0147101 0.0441633 0.221018 0.00257453 0.00624822 0.0209754 1.11388e-09 5.85768e-08 0.0235501 0.00335927 2.2795e-06 0.000819687 0.177696 7.14542e-08 0.00045625 1.11981e-09 0.0427975 
0.749363 0.0408375 9.09687e-09 0.00529464 0.00173223 0.0701311 0.000202252 0.00562053 0.00358988 0.010286 0.0093731 3.70226e-07 0.0131963 0.00260099 5.98046e-05 0.000694703 0.0828553 8.90855e-06 0.00226941 4.60868e-10 0.001884 
0.409314 0.116669 6.43826e-07 0.00100617 0.00700065 0.0159118 0.0062361 0.0156039 0.0690557 0.0164371 0.00501944 1.58246e-06 0.0499505 0.170725 4.85436e-10 0.00552521 0.109138 3.9561e-05 3.73893e-05 1.87623e-05 0.00231006 
0.749363 0.0408375 9.09687e-09 0.00529464 0.00173223 0.0701311 0.000202252 0.00562053 0.00358988 0.010286 0.0093731 3.70226e-07 0.0131963 0.00260099 5.98046e-05 0.000694703 0.0828553 8.90855e-06 0.00226941 4.60868e-10 0.001884 
0.749363 0.0408375 9.09687e-09 0.00529464 0.00173223 0.0701311 0.000202252 0.00562053 0.00358988 0.010286 0.0093731 3.70226e-07 0.0131963 0.00260099 5.98046e-05 0.000694703 0.0828553 8.90855e-06 0.00226941 4.60868e-10 0.001884 
0.277084 0.180643 2.70812e-06 0.00178527 0.0350309 0.141 0.000332441 0.00797563 0.0297145 0.0204798 5.79436e-08 8.56631e-08 0.178691 0.00410833 3.20734e-10 9.95659e-06 0.0669492 3.83853e-05 0.00144847 0.000428632 0.0542771 
0.749363 0.0408375 9.09687e-09 0.00529464 0.00173223 0.0701311 0.000202252 0.00562053 0.00358988 0.010286 0.0093731 3.70226e-07 0.0131963 0.00260099 5.98046e-05 0.000694703 0.0828553 8.90855e-06 0.00226941 4.60868e-10 0.001884 
0.666508 0.0268446 0.000904537 0.000726785 0.0052964 0.0141113 0.00478736 0.00114169 0.0276834 0.0308538 0.000141104 1.80358e-06 0.0275603 0.0130874 4.91087e-06 0.00226569 0.0216952 0.00120001 0.00252214 0.00114361 0.15152 
0.749363 0.0408375 9.09687e-09 0.00529464 0.00173223 0.0701311 0.000202252 0.00562053 0.00358988 0.010286 0.0093731 3.70226e-07 0.0131963 0.00260099 5.98046e-05 0.000694703 0.0828553 8.90855e-06 0.00226941 4.60868e-10 0.001884 
0.749363 0.0408375 9.09687e-09 0.00529464 0.00173223 0.0701311 0.000202252 0.00562053 0.00358988 0.010286 0.0093731 3.70226e-07 0.0131963 0.00260099 5.98046e-05 0.000694703 0.0828553 8.90855e-06 0.00226941 4.60868e-10 0.001884 
0.32677 0.02685 1.53388e-05 0.000105307 0.00135966 0.09976 0.00896785 0.000166415 0.0174029 0.200781 5.78586e-05 3.57925e-05 0.194312 0.00732074 9.31604e-10 0.00820771 0.0456594 0.0248839 0.000467386 0.00069655 0.0361808 
0.322293 0.20837 3.56725e-06 0.0549931 0.0260895 6.46571e-07 0.00226069 0.00815797 0.155204 0.00764627 2.31609e-06 7.19297e-08 0.0373504 0.159173 3.36972e-08 1.43085e-07 0.0112729 3.48823e-05 5.33831e-07 1.81218e-05 0.00712824 
0.611957 0.0442118 6.06617e-09 0.00119639 0.00347129 0.154397 0.000113621 0.00226604 0.0467923 0.000113112 3.17256e-08 1.59797e-08 0.0210988 0.000961089 4.11409e-09 3.87248e-05 0.112869 4.9342e-06 1.82238e-08 6.59664e-07 0.000507753 
0.406297 0.39362 2.37101e-08 1.9832e-06 0.0248323 0.000101633 1.47293e-11 0.0032655 0.050507 0.000894229 4.70002e-05 6.8995e-11 0.000436192 0.111863 0.00284865 2.32521e-07 0.0027168 0.000200975 0.00211843 7.93819e-07 0.000248812 
0.996196 0.00354753 5.08359e-12 2.09254e-06 3.58969e-09 0.000218195 1.04451e-12 2.21122e-06 1.59554e-08 5.36322e-13 5.25158e-12 4.89268e-12 2.16613e-05 1.26081e-12 8.29352e-12 1.35742e-12 1.20285e-05 1.28823e-12 4.59339e-09 5.27951e-12 3.08919e-09 
0.749363 0.0408375 9.09687e-09 0.00529464 0.00173223 0.0701311 0.000202252 0.00562053 0.00358988 0.010286 0.0093731 3.70226e-07 0.0131963 0.00260099 5.98046e-05 0.000694703 0.0828553 8.90855e-06 0.00226941 4.60868e-10 0.001884 
0.733009 0.147926 0.000480398 0.000111203 0.0146971 0.00346276 0.0108857 0.00251937 0.00645143 0.0127016 4.73338e-05 2.35548e-05 0.00388538 0.0233482 0.0248532 1.62409e-06 0.00715595 3.51695e-07 0.000300715 0.000358342 0.00778098 
0.514967 0.180909 0.0293199 0.00096493 0.00105304 0.0129799 0.0110442 0.0399 0.0300829 0.0655153 0.000520341 5.77988e-07 0.0268939 0.0127751 3.01623e-06 0.00100406 0.0440505 0.00505115 0.000253987 0.0122758 0.0104358 
0.749363 0.0408375 9.09687e-09 0.00529464 0.00173223 0.0701311 0.000202252 0.00562053 0.00358988 0.010286 0.0093731 3.70226e-07 0.0131963 0.00260099 5.98046e-05 0.000694703 0.0828553 8.90855e-06 0.00226941 4.60868e-10 0.001884 
0.570012 0.281547 0.00037344 0.00028792 0.0131064 0.00707825 0.000706564 0.0157166 0.00791654 0.00564606 0.0015927 5.34315e-06 0.00801282 0.0248947 5.58518e-06 0.000785459 0.0584448 8.15256e-06 0.0026317 0.000324883 0.000902938 
0.871571 0.0216434 2.28338e-07 0.00385483 0.00352756 0.00202922 2.45053e-05 0.0390021 0.0084408 0.00226603 1.71834e-09 6.84975e-10 0.00996961 0.00241904 1.16109e-09 0.00107905 0.0338391 2.76727e-08 2.59652e-07 2.99938e-06 0.000330215 
0.243028 0.072913 0.000438602 4.52893e-09 0.165673 0.0918851 0.00142559 1.24753e-09 0.195863 0.0582543 1.0821e-05 7.52952e-09 0.122155 0.00742399 0.000583073 0.00489064 0.00155091 1.10861e-05 0.023328 0.00321689 0.00734988 
0.44453 0.132376 5.79398e-10 0.000110943 0.0130464 5.44882e-06 0.0108292 0.0123487 0.251624 0.0090114 6.61127e-05 5.886e-07 5.15496e-06 0.0132662 9.45247e-10 1.5471e-10 0.112655 1.46825e-10 6.19757e-06 0.000113779 4.36201e-06 
0.871571 0.0216434 2.28338e-07 0.00385483 0.00352756 0.00202922 2.45053e-05 0.0390021 0.0084408 0.00226603 1.71834e-09 6.84975e-10 0.00996961 0.00241904 1.16109e-09 0.00107905 0.0338391 2.76727e-08 2.59652e-07 2.99938e-06 0.000330215 
0.234656 0.0692391 1.38939e-07 0.00213563 0.00609377 0.00264748 0.00524543 0.0001477 0.0892115 0.0516902 0.000250587 5.78341e-05 0.0250452 0.0888152 3.78297e-10 0.145743 0.160193 2.08562e-07 6.11513e-07 2.40818e-10 0.118827 
0.520665 0.265478 0.000189829 0.0291092 7.78407e-08 0.0200893 6.60599e-07 0.0191314 0.0111794 1.19736e-06 1.67868e-10 1.56396e-10 0.0355648 0.00544655 2.31971e-07 1.30568e-05 0.0856004 6.20219e-08 3.03622e-07 1.68761e-10 0.00753138 
0.765776 0.180359 6.48402e-08 0.00989414 0.000550258 0.000811936 4.48602e-05 0.00621943 0.00814865 0.000336429 3.87745e-07 4.63946e-06 0.00234383 0.0125992 2.87171e-09 0.00141196 0.0110193 1.03354e-06 1.42895e-05 1.59637e-08 0.00046469 
0.475436 0.0444302 0.00340175 0.00202023 0.0158823 0.113302 0.0212563 0.00361774 0.15129 0.0276103 3.76154e-05 2.59513e-06 0.0557506 0.00223483 5.44694e-07 0.000226369 0.0713946 1.20909e-05 0.000177059 6.26612e-05 0.0118547 
0.749363 0.0408375 9.09687e-09 0.00529464 0.00173223 0.0701311 0.000202252 0.00562053 0.00358988 0.010286 0.0093731 3.70226e-07 0.0131963 0.00260099 5.98046e-05 0.000694703 0.0828553 8.90855e-06 0.00226941 4.60868e-10 0.001884 
0.751273 0.12016 0.000430867 0.000172623 0.00322988 0.0432279 0.0032396 0.00179171 0.016622 0.0205042 8.32921e-05 2.50551e-07 0.0200363 0.00414958 1.53858e-10 0.00264629 0.0111806 2.137e-05 7.91453e-05 8.58032e-08 0.00115083 
0.544348 0.00860945 1.78068e-07 6.77717e-05 7.01032e-05 0.00849756 0.0174311 0.000746007 0.0724452 0.0858312 1.87973e-09 6.3169e-08 0.0386614 0.0539551 2.96854e-09 0.00687456 0.137415 0.00038292 0.000385042 0.0034787 0.0208006 
0.749363 0.0408375 9.09687e-09 0.00529464 0.00173223 0.0701311 0.000202252 0.00562053 0.00358988 0.010286 0.0093731 3.70226e-07 0.0131963 0.00260099 5.98046e-05 0.000694703 0.0828553 8.90855e-06 0.00226941 4.60868e-10 0.001884 
0.403664 0.0522378 1.32883e-05 0.000745524 0.0426192 0.0988242 0.0881368 0.000464343 0.00975074 0.023997 3.32843e-08 3.58366e-05 0.0586836 0.013227 8.88469e-10 0.0324722 0.0723971 1.35479e-05 0.00131385 1.82323e-05 0.101386 
0.277084 0.180643 2.70812e-06 0.00178527 0.0350309 0.141 0.000332441 0.00797563 0.0297145 0.0204798 5.79436e-08 8.56631e-08 0.178691 0.00410833 3.20734e-10 9.95659e-06 0.0669492 3.83853e-05 0.00144847 0.000428632 0.0542771 
0.575753 0.0820752 7.23459e-11 0.000923752 0.00198402 0.0946665 0.0565833 0.0110274 0.00375261 0.00567409 0.000148417 6.9629e-11 0.0218922 2.56133e-06 1.18027e-10 0.00263113 0.0294153 3.43398e-05 0.00189381 1.62006e-06 0.11154 
0.647806 0.154989 6.54371e-06 0.000266214 0.00217804 2.45207e-06 3.92783e-10 0.0429752 0.013239 0.045259 5.21526e-06 1.30604e-06 0.0246437 2.10346e-05 5.63384e-05 0.00201046 0.0180104 8.76722e-07 9.16797e-07 1.98534e-09 0.0485282 
0.874305 0.00913821 3.93954e-07 0.00017387 0.00421395 0.00100651 0.000326962 1.68951e-05 0.0427893 0.000132257 2.30968e-08 1.27039e-09 0.00372808 0.0547264 1.35941e-08 7.57691e-06 0.00179319 2.09201e-08 4.79703e-08 0.00674706 0.000894098 
0.286096 0.0803869 1.40446e-05 0.000601491 0.00498859 0.0838583 0.0560757 0.00650204 0.0686725 0.0552699 0.000554535 6.86566e-06 0.17416 0.132667 4.66189e-07 0.0147972 0.0173555 0.00578958 0.000323031 0.00561669 0.00626344 
0.882449 0.00654914 2.95694e-05 3.22265e-05 0.000123357 0.0069753 0.0498647 0.00024288 0.0217096 0.00237644 0.000522933 5.76871e-07 0.0212296 0.00179943 9.05814e-09 3.78475e-05 0.00408736 2.88222e-08 4.35036e-09 7.40396e-07 0.00196912 
0.252418 0.0102405 0.000794168 0.0013798 0.0324692 0.161685 0.0097431 0.0255843 0.0215379 0.0389136 0.00380092 6.8909e-06 0.184188 0.034198 7.59362e-08 0.00637014 0.10281 3.38579e-05 0.000352022 2.33617e-05 0.113451 
0.645005 0.0276163 0.00389392 0.000338049 0.0517083 0.0888713 0.00463027 0.000127265 0.0273638 0.0513742 8.22176e-06 3.0006e-07 0.0761346 4.77505e-05 2.69823e-07 0.000545512 0.0167746 8.56953e-06 7.31835e-05 0.00108676 0.00439165 
0.749363 0.0408375 9.09687e-09 0.00529464 0.00173223 0.0701311 0.000202252 0.00562053 0.00358988 0.010286 0.0093731 3.70226e-07 0.0131963 0.00260099 5.98046e-05 0.000694703 0.0828553 8.90855e-06 0.00226941 4.60868e-10 0.001884 
0.514663 0.207536 7.557e-05 0.0128501 0.00324903 0.0177709 0.00117216 0.0112795 0.0616014 0.0173353 4.37162e-05 2.53636e-06 0.0210453 0.029615 0.0125739 5.91956e-05 0.0278111 8.05668e-06 9.11889e-06 0.0611161 0.000182991 
0.211236 0.0732325 0.000207413 0.00405509 0.00242844 0.171945 0.0127877 0.00601102 0.185061 0.0482383 0.00038645 2.57396e-06 0.0825366 0.0198623 2.55562e-08 0.00544012 0.111814 0.0158895 0.00280728 0.00581844 0.0402408 
0.749363 0.0408375 9.09687e-09 0.00529464 0.00173223 0.0701311 0.000202252 0.00562053 0.00358988 0.010286 0.0093731 3.70226e-07 0.0131963 0.00260099 5.98046e-05 0.000694703 0.0828553 8.90855e-06 0.00226941 4.60868e-10 0.001884 
0.233112 0.0554275 0.000663666 0.00281267 0.0107398 0.101667 0.0865107 0.00604811 0.0438035 0.0410974 0.000138301 1.53284e-05 0.182101 0.00397362 1.00148e-05 0.0271462 0.149235 4.49744e-05 0.000373508 0.000210869 0.0548693 
0.484967 0.00672965 0.00546579 0.000273992 0.0149118 0.0571726 0.00526218 0.000217638 0.0273084 0.149122 0.00370592 5.65374e-07 0.169203 0.0271751 0.000565888 0.0114394 0.0294318 0.000117865 0.00100483 0.000609449 0.00531522 
0.432348 0.173477 0.000524819 0.00307076 0.0184484 0.0369504 0.0111546 0.0113953 0.149683 0.0310246 0.000124435 2.41579e-06 0.0424386 0.032406 2.059e-06 0.00932371 0.0222052 0.00275435 0.0073271 0.000750873 0.0145891 
0.430199 0.119915 0.00291274 0.00155097 0.00612644 0.0584247 0.00338472 0.00313395 0.282922 0.0240571 0.000295509 7.1394e-07 0.030648 0.00059444 2.74789e-08 0.000331767 0.0283357 7.84071e-06 0.00123779 0.00038367 0.00553719 
0.396876 0.258512 1.32695e-05 0.0265344 0.011164 0.00222107 0.00870509 0.0483593 0.0529052 0.00547277 1.37101e-08 4.1991e-07 0.00320405 0.0432211 2.16516e-08 0.00144481 0.0759084 1.90631e-05 0.00157436 1.3783e-08 0.0638643 
0.749363 0.0408375 9.09687e-09 0.00529464 0.00173223 0.0701311 0.000202252 0.00562053 0.00358988 0.010286 0.0093731 3.70226e-07 0.0131963 0.00260099 5.98046e-05 0.000694703 0.0828553 8.90855e-06 0.00226941 4.60868e-10 0.001884 
0.742284 0.106496 2.77262e-10 0.000112682 0.000463189 0.000144526 0.00075273 0.134368 0.0133627 0.00147278 2.86425e-10 2.6685e-10 0.000352831 1.18706e-07 1.43116e-06 0.000184415 8.98285e-08 2.23224e-08 2.17242e-10 8.21776e-08 4.2892e-06 
0.749363 0.0408375 9.09687e-09 0.00529464 0.00173223 0.0701311 0.000202252 0.00562053 0.00358988 0.010286 0.0093731 3.70226e-07 0.0131963 0.00260099 5.98046e-05 0.000694703 0.0828553 8.90855e-06 0.00226941 4.60868e-10 0.001884 
0.46982 0.0272908 4.42753e-05 6.30215e-05 0.0106248 0.0369246 0.00249811 0.000135636 0.0199558 0.0528732 6.75003e-09 2.73148e-06 0.189394 0.129146 1.06599e-08 0.000551595 0.0215308 0.000167086 0.0146018 7.54604e-06 0.024368 
0.450549 0.125366 1.10906e-06 0.00538192 0.00483563 0.00686142 5.75219e-05 0.00133789 0.0545694 0.00911312 0.0454015 0.183424 3.73368e-06 0.0841015 0.0003306 0.0185697 0.00408261 0.00386443 7.73635e-06 1.1518e-06 0.00214046 
0.520314 0.072403 0.000144349 0.000144428 0.00014444 0.000144511 0.000144496 0.000144505 0.000144503 0.000144515 0.000144343 0.000144356 0.000144509 0.375814 0.000144232 0.000144485 0.000144521 0.000144487 0.000144389 0.0290128 0.000144472 
0.599134 0.0432073 4.36765e-05 0.00446099 0.00519084 0.0491567 0.00165773 0.00110143 0.00577627 0.13857 0.000140006 2.53775e-05 0.0532391 0.000741323 8.24903e-07 0.0130888 0.0783101 0.00110718 0.000229699 5.97564e-07 0.00481782 
0.635191 0.0567846 4.73008e-06 0.000963407 0.000987739 0.0300751 0.0102561 0.00134492 0.134302 0.0217653 1.12427e-06 2.40916e-06 0.0686368 0.0224066 7.63561e-08 0.00468862 0.00717442 4.47291e-06 0.00231106 1.93272e-05 0.00308031 
0.36873 0.255754 2.33787e-05 0.000132968 0.00175873 0.0532561 0.0221668 0.00132796 0.147518 0.011279 0.00162432 1.5751e-08 0.011386 0.0179735 4.37082e-10 0.000494194 0.0352601 2.99422e-05 0.0205904 0.0235997 0.0270954 
0.749363 0.0408375 9.09687e-09 0.00529464 0.00173223 0.0701311 0.000202252 0.00562053 0.00358988 0.010286 0.0093731 3.70226e-07 0.0131963 0.00260099 5.98046e-05 0.000694703 0.0828553 8.90855e-06 0.00226941 4.60868e-10 0.001884 
0.272493 0.0605505 0.00142169 0.002645 0.0456288 0.134461 0.0580369 0.0252601 0.0526807 0.0335857 0.000613802 1.07089e-06 0.0479733 0.0312035 2.65894e-10 0.029613 0.071699 0.0067359 0.00174789 0.00110931 0.12254 
0.749363 0.0408375 9.09687e-09 0.00529464 0.00173223 0.0701311 0.000202252 0.00562053 0.00358988 0.010286 0.0093731 3.70226e-07 0.0131963 0.00260099 5.98046e-05 0.000694703 0.0828553 8.90855e-06 0.00226941 4.60868e-10 0.001884 
0.319613 0.204209 0.00416542 0.0410118 0.0206721 0.0208205 0.0109883 0.0246678 0.0656504 0.027551 0.000462192 4.50472e-06 0.0415792 0.150991 0.000194152 0.0108527 0.0294539 0.0136258 0.00199047 0.00171349 0.0097833 
0.423905 0.162398 0.000951204 0.000567444 0.0415949 0.0223705 0.0012854 0.00748621 0.0262077 0.073287 0.00361413 3.25341e-07 0.0462406 0.03812 2.26427e-08 0.00479956 0.0615828 0.000297487 6.91196e-05 0.00832347 0.0768985 
0.749363 0.0408375 9.09687e-09 0.00529464 0.00173223 0.0701311 0.000202252 0.00562053 0.00358988 0.010286 0.0093731 3.70226e-07 0.0131963 0.00260099 5.98046e-05 0.000694703 0.0828553 8.90855e-06 0.00226941 4.60868e-10 0.001884 
0.695759 0.102672 4.35151e-12 0.0197251 0.00440192 0.010415 0.00224305 0.00100995 0.0130101 0.00809032 3.05726e-08 1.75942e-08 0.0192132 0.0516765 7.09919e-12 8.97027e-08 0.0671503 1.8658e-07 7.44986e-07 5.60387e-07 0.004632 
0.142083 0.021494 0.000217771 0.00504002 0.0115491 0.107817 0.0665912 0.00887551 0.0768068 0.0638135 0.000614188 0.138833 0.0324841 0.0762459 0.00119189 0.11548 0.0835068 0.00157832 0.0226258 0.0146074 0.00854463 
0.307189 0.024845 7.31254e-10 1.08833e-06 0.000903039 0.00206707 9.98761e-05 0.00023068 0.184938 0.0358754 9.37146e-07 1.567e-07 0.215441 0.024724 1.19299e-09 0.0346669 0.090971 2.08258e-05 1.99838e-07 8.80061e-07 0.0780253 
0.749363 0.0408375 9.09687e-09 0.00529464 0.00173223 0.0701311 0.000202252 0.00562053 0.00358988 0.010286 0.0093731 3.70226e-07 0.0131963 0.00260099 5.98046e-05 0.000694703 0.0828553 8.90855e-06 0.00226941 4.60868e-10 0.001884 
0.634039 0.246605 1.12785e-10 1.19716e-07 9.39131e-07 3.71483e-05 6.11475e-08 0.00967205 0.109643 1.18989e-11 1.16512e-10 3.22071e-09 1.2354e-06 2.79725e-11 5.45937e-09 7.78845e-07 5.05425e-07 2.85807e-11 8.83699e-11 1.17132e-10 3.62667e-07 
0.703296 0.0190599 0.000242432 0.0020879 0.00489362 0.0820707 0.00647877 0.000281284 0.0463571 0.0256901 0.00286215 1.03582e-07 0.0645912 0.00508709 4.61795e-09 0.000298999 0.0319636 0.000408696 0.000373784 0.00212841 0.00182843 
0.749363 0.0408375 9.09687e-09 0.00529464 0.00173223 0.0701311 0.000202252 0.00562053 0.00358988 0.010286 0.0093731 3.70226e-07 0.0131963 0.00260099 5.98046e-05 0.000694703 0.0828553 8.90855e-06 0.00226941 4.60868e-10 0.001884 
0.749363 0.0408375 9.09687e-09 0.00529464 0.00173223 0.0701311 0.000202252 0.00562053 0.00358988 0.010286 0.0093731 3.70226e-07 0.0131963 0.00260099 5.98046e-05 0.000694703 0.0828553 8.90855e-06 0.00226941 4.60868e-10 0.001884 
0.749363 0.0408375 9.09687e-09 0.00529464 0.00173223 0.0701311 0.000202252 0.00562053 0.00358988 0.010286 0.0093731 3.70226e-07 0.0131963 0.00260099 5.98046e-05 0.000694703 0.0828553 8.90855e-06 0.00226941 4.60868e-10 0.001884 
0.943117 0.0185038 1.48454e-06 1.26555e-06 0.00332918 0.00424631 0.000279931 0.000902547 0.0102034 0.00709776 3.18047e-08 1.12201e-07 0.00568898 0.00315472 2.42059e-10 6.47091e-06 0.00203116 3.63478e-06 1.79575e-05 1.94475e-08 0.00141408 
0.699881 0.00329624 3.86444e-06 2.23713e-06 1.98283e-06 0.00275477 7.94013e-07 6.16234e-07 0.00702111 4.07701e-07 3.99214e-06 0.0033511 5.24663e-07 0.268748 6.30455e-06 1.03188e-06 0.00353903 0.00656217 3.02789e-06 0.00482005 1.29753e-06 
0.749363 0.0408375 9.09687e-09 0.00529464 0.00173223 0.0701311 0.000202252 0.00562053 0.00358988 0.010286 0.0093731 3.70226e-07 0.0131963 0.00260099 5.98046e-05 0.000694703 0.0828553 8.90855e-06 0.00226941 4.60868e-10 0.001884 
0.227487 0.0890449 4.41999e-07 0.000313293 0.0442422 0.117677 0.136386 0.000425109 0.0117047 0.0169731 5.38467e-07 3.64249e-07 0.0844122 0.00964124 6.24741e-09 0.0547168 0.0875768 1.19389e-05 0.00141755 2.63013e-06 0.117966 
0.653324 0.000501156 9.71794e-07 5.62573e-07 0.00340788 0.000570076 0.000762588 0.000369962 6.26256e-05 1.02525e-07 6.58891e-05 2.25249e-05 0.013485 0.325766 1.58541e-06 2.59488e-07 4.89911e-05 0.00141066 7.61426e-07 1.00925e-06 0.000197659 
0.491785 0.00680311 0.183448 0.000494285 0.0430496 0.00971124 0.0198137 1.97376e-05 0.0244961 0.0248278 4.33994e-07 4.6658e-05 0.0332994 0.0924434 1.39401e-05 0.000439762 0.0650847 3.7389e-05 1.00312e-06 4.36302e-07 0.00418441 
