0.054877 0.272031 0.156471 0.000350263 0.00600447 0.0344069 0.0407546 0.000714245 0.0941882 0.0821568 0.000147239 1.38903e-06 0.0305607 0.00666912 4.31472e-10 0.0116406 0.206269 0.000244727 0.000510245 6.49698e-08 0.00200265 
0.094092 0.235154 9.21786e-06 0.0144852 0.00518531 0.0425238 0.00510393 0.0886126 0.0384764 0.0606619 0.010825 3.28027e-05 0.0261804 0.154743 5.41417e-11 0.00338939 0.205554 0.000185609 0.000928435 0.00362648 0.0102307 
0.0590539 0.313326 0.000174306 0.00582221 0.000625715 0.261155 0.053802 0.117423 0.093457 0.00797193 2.04946e-06 8.90027e-06 0.0147369 0.00753177 5.79166e-05 0.00481759 0.0462088 0.000242238 0.0024667 0.00779242 0.00332287 
0.0352427 0.277635 0.00222388 0.00404411 3.30014e-06 0.0247616 0.122771 0.000476719 0.120821 0.0520685 7.81853e-06 3.30158e-05 0.100192 0.0406317 8.47484e-10 0.0667175 0.152253 0.000110656 7.78067e-07 3.12607e-06 2.27513e-06 
0.0277413 0.47719 8.2008e-05 0.000596381 0.0155474 0.0657112 0.0242405 0.0532095 0.11968 0.0768401 0.00475303 3.09938e-05 0.035817 0.019467 4.81466e-08 0.0552761 0.0206263 4.8019e-05 2.10072e-05 3.06493e-08 0.00312201 
0.0174759 0.568403 0.00016673 0.0164362 0.0407228 0.0646482 0.011469 0.0465458 0.0505046 0.0156304 0.0103468 2.97257e-05 0.00847932 0.0157008 1.09653e-08 0.014765 0.108354 0.000283976 0.000159787 0.00967398 0.00020465 
0.0329029 0.323181 0.00814194 0.0164479 0.0194652 0.0883187 0.0122657 0.082685 0.103919 0.0297781 0.00208746 4.522e-05 0.0269624 0.0786869 0.00741641 0.0145396 0.0969939 0.00934533 0.0287908 0.00482479 0.0132017 
0.0271091 0.621628 2.41785e-06 2.41916e-06 2.41936e-06 2.42057e-06 0.0157345 0.0309842 2.42042e-06 0.0614863 2.41774e-06 2.41796e-06 0.0842367 0.0140394 2.41588e-06 0.0256557 0.103852 2.42016e-06 2.41851e-06 2.41773e-06 0.0152478 
0.0213014 0.537955 0.00460913 0.0454645 0.00372173 0.0326802 0.0146342 0.0567072 0.0473579 0.0189019 0.0154133 0.000239344 0.0193476 0.00703225 8.66342e-07 0.00746589 0.0371232 0.00072272 0.00129596 0.12121 0.00681548 
0.0769165 0.572432 0.00936005 0.0175694 0.00545108 0.0516955 0.0118019 0.0296896 0.0426681 0.0224598 0.00238784 5.72556e-05 0.026929 0.0559171 0.00111267 0.00344389 0.0471363 0.000342772 0.00360229 0.00163124 0.0173963 
0.0183281 0.261934 5.29354e-05 0.00317292 0.00471618 0.0588717 0.016244 0.0192497 0.159942 0.035665 0.00659788 0.000231156 0.0372325 0.207403 5.83228e-08 0.00654588 0.125516 0.000809397 0.0013867 0.0275217 0.00857967 
0.0956741 0.720899 1.80409e-05 0.00347721 0.0022263 0.0349947 0.0111086 0.0304018 0.0220267 0.0151305 8.53741e-05 1.06158e-06 0.00368539 0.012978 1.67484e-07 0.00329401 0.0308819 1.73615e-05 0.000852822 0.00358937 0.00865741 
0.101463 0.20192 0.00512148 1.20192e-05 0.0172186 0.101296 0.00375903 0.0306157 0.154837 0.0312516 1.08253e-05 2.03918e-08 0.125474 0.0537156 2.84585e-10 0.00899029 0.0460618 0.0257185 0.0500553 2.2669e-07 0.042478 
0.00745181 0.271053 9.54878e-05 0.00807657 0.00185907 0.0694445 0.106813 0.02888 0.0195134 0.0197543 0.0313023 0.193532 0.0255151 0.0315788 3.14346e-06 0.0024488 0.163329 0.00194859 0.000363109 0.0163622 0.00067469 
0.00872684 0.604939 2.6683e-05 0.0558201 1.09854e-05 0.00676244 8.03168e-05 0.298833 0.000589011 0.00184699 8.59373e-06 5.26402e-07 0.00107144 0.000370975 1.10626e-11 1.55252e-05 0.02071 6.62071e-05 3.33892e-05 7.04225e-12 8.75394e-05 
0.0724766 0.563911 0.00763636 0.0192411 0.00797077 0.063115 0.01028 0.100573 0.0461271 0.0133904 0.000853515 1.11249e-05 0.0154237 0.00716357 4.65926e-08 0.0154521 0.0361349 0.000526844 0.011559 0.00617128 0.00198262 
0.00577607 0.522667 0.000366821 0.0517862 0.0208255 0.0261487 0.00322985 0.285301 0.0133234 0.00057404 0.0129825 2.45859e-08 0.0392062 0.00852051 6.14293e-09 0.000662099 0.00701084 0.000114505 1.0005e-05 0.00149439 2.45578e-07 
0.332175 0.440243 3.51028e-05 0.0130972 0.0110268 0.0180778 0.00517483 0.0337331 0.0533759 0.00318919 0.000450824 1.96612e-06 0.00205781 0.0560317 5.80278e-08 0.000519937 0.0248529 0.00038816 0.000467481 5.49563e-06 0.00509611 
0.0198023 0.860497 2.99996e-09 0.0013862 0.00341092 0.00467639 0.000581195 0.0484986 0.00313162 0.00342667 2.48518e-05 9.64222e-10 0.00126692 0.000842429 2.81775e-11 2.6666e-05 0.00539886 1.21829e-05 0.0458504 1.6524e-05 0.00114983 
0.228812 0.548107 4.19835e-05 0.00393342 0.00445922 0.0223403 0.0152298 0.00983814 0.0148828 0.00595127 3.39917e-05 2.51766e-07 0.0104877 0.0242021 1.24119e-08 0.00235959 0.104822 5.03874e-06 0.00149472 0.00204946 0.000948564 
0.0136925 0.214096 2.71098e-06 0.000432474 0.0537458 0.0284745 0.0110056 0.102792 0.0222402 0.211865 0.00562331 2.73418e-07 0.0371253 0.00392178 6.14779e-07 0.0937992 0.18331 0.000158072 0.00183945 0.000323869 0.0155502 
0.00986733 0.55478 0.0215352 0.031766 0.00471274 0.0308101 0.0108633 0.0273701 0.0408794 0.00475472 0.00600327 3.70231e-05 0.00935203 0.0274092 1.32129e-09 0.00243312 0.19018 0.000148356 0.000135002 0.0250779 0.00188517 
0.124373 0.65041 0.00058847 8.99795e-05 1.25962e-05 2.32077e-06 2.70425e-06 0.00141909 0.126089 0.0162385 6.82613e-09 0.00301486 0.00160672 0.00453435 2.9749e-05 6.43358e-06 0.000398478 1.67447e-09 1.16837e-06 6.86244e-09 0.0711837 
0.0723853 0.337435 0.00018905 8.96197e-06 0.000764685 0.0053219 0.136993 0.0405586 0.286272 0.0309467 0.00196437 3.03526e-05 0.00413147 0.00505425 3.197e-07 0.00753537 0.0651791 1.2534e-05 0.000295102 6.83026e-05 0.00485315 
0.13451 0.341237 0.000783665 0.00249723 0.00535051 0.0454587 0.00833399 0.0270695 0.0938713 0.04145 3.95777e-05 2.86999e-05 0.0684782 0.0910082 0.0519264 0.00065312 0.0783578 0.000228922 0.000407706 0.00163511 0.00667433 
0.0737641 0.495801 4.92089e-06 7.88381e-07 1.30388e-08 3.12274e-09 0.00165011 8.27066e-05 0.135962 1.00134e-05 1.66198e-06 2.44577e-08 6.07521e-05 0.0760145 4.1458e-08 0.107665 0.108917 2.93572e-07 9.30474e-07 4.41656e-06 5.89432e-05 
0.0985444 0.590421 2.33811e-05 0.0213559 0.192047 0.00323838 0.00525036 0.0505513 0.0171876 0.00129395 4.66222e-09 2.79923e-06 0.00487785 0.00120435 1.0601e-09 0.00184374 0.0118882 1.81561e-07 1.44203e-07 6.74841e-10 0.000268711 
0.288882 0.582757 3.26252e-10 0.0462877 0.000303567 0.00904272 0.00594172 0.00175057 0.0377011 0.00098417 0.00120065 3.14e-10 0.00283686 0.00317662 5.32258e-10 0.000235594 0.0183037 3.79367e-05 0.000405117 8.78551e-06 0.000143894 
0.0198448 0.927416 9.19341e-08 0.000193972 0.0068595 0.0130181 0.000626544 0.00108071 0.00475187 0.00456105 4.43363e-06 9.5569e-07 0.005133 0.00276102 1.6559e-09 0.000195862 0.0130535 4.81608e-05 0.000181491 1.847e-12 0.00026919 
0.0425103 0.607041 0.000261907 0.00772753 0.00334819 0.0454459 0.0169636 0.0594516 0.0476303 0.0251469 0.000884295 1.315e-05 0.0433097 0.012408 0.0155401 0.0184763 0.0351761 0.000188634 0.00128106 0.00383526 0.0133605 
0.0198448 0.927416 9.19341e-08 0.000193972 0.0068595 0.0130181 0.000626544 0.00108071 0.00475187 0.00456105 4.43363e-06 9.5569e-07 0.005133 0.00276102 1.6559e-09 0.000195862 0.0130535 4.81608e-05 0.000181491 1.847e-12 0.00026919 
0.0456785 0.61513 0.0119134 0.000290332 0.00170205 0.0317825 0.0150691 0.0175308 0.0258733 0.0188917 0.000694328 0.000143013 0.0473675 0.0192953 3.03243e-06 0.0111655 0.0572713 5.69725e-06 0.000721829 0.00013784 0.0793326 
0.027078 0.2578 0.000169844 0.00557305 0.00644843 0.071222 0.0694212 0.0394403 0.0762666 0.0685881 0.000138814 1.81372e-07 0.0330735 0.024723 6.26589e-10 0.0662544 0.221567 0.00818106 0.0218125 2.20025e-05 0.00221993 
0.0315319 0.792385 5.06208e-08 0.00122933 0.00346226 0.0735538 0.00281029 0.00279532 0.00318923 0.00791834 9.77096e-07 3.91067e-07 0.00341044 0.0252527 1.63424e-09 0.000787566 0.0507021 3.59885e-05 1.75717e-05 4.42307e-06 0.000912578 
0.153493 0.466865 0.000259381 0.00834205 0.00470455 0.0510971 0.0104665 0.185588 0.0502322 0.00609348 0.000544528 7.83327e-07 0.0144855 0.00285223 8.38372e-08 0.00432079 0.0344243 3.03591e-05 4.95715e-05 0.00521927 0.000931414 
0.00994259 0.493095 2.6822e-06 0.0925975 2.89862e-08 0.0103567 1.68588e-08 0.382852 0.000358911 0.000561627 2.82119e-08 1.31165e-06 0.00154961 0.000261656 8.93592e-12 9.23316e-06 0.00831065 4.30536e-05 4.38111e-05 5.68846e-12 1.35389e-05 
0.0111262 0.218278 2.64644e-06 0.000725315 0.0334436 0.0759293 0.0269561 0.000454299 0.1275 0.0865719 0.0595691 3.05419e-08 0.102392 0.0724622 4.12682e-10 0.00965431 0.173324 6.78836e-06 0.000206171 0.000356381 0.00104141 
0.119445 0.358415 0.000256138 0.0353948 0.0360478 0.0680111 0.0456324 0.013865 0.088712 0.000212573 0.000111873 2.68006e-08 0.0449619 0.00470633 5.52632e-11 0.00215325 0.127022 1.26747e-05 0.00101909 0.0532346 0.000786323 
0.00841384 0.618424 8.73765e-07 0.00603039 0.00360901 0.0766644 0.101901 0.00377584 0.0858247 0.0143705 0.000319828 2.90892e-05 0.019024 0.0402013 0.000698765 0.00150059 0.00870199 0.000599384 0.00989195 1.79503e-05 1.07827e-07 
0.0304646 0.519254 0.000234539 0.00175482 0.0034718 0.0671905 0.0156375 0.0545313 0.0375318 0.0101284 2.68861e-05 2.70569e-08 0.045895 0.0125234 2.44593e-11 0.0132945 0.0548213 7.43103e-06 0.00178548 0.123559 0.00788839 
0.242382 0.295022 0.000310031 0.0667232 0.00317164 0.0437944 0.00750349 0.0668059 0.0199306 0.0315461 0.00320494 3.18336e-05 0.0136618 0.0707953 1.24993e-06 0.00473632 0.117907 0.000768487 0.000499899 0.0048067 0.00639675 
0.0545892 0.77249 0.000103632 0.00971316 0.00521647 0.021706 0.00268244 0.0641357 0.0232969 0.0148175 6.55411e-05 3.40973e-06 0.00358058 0.00895602 1.14092e-07 0.00080273 0.00771114 0.000106636 0.00725991 4.00149e-06 0.00275931 
0.0158276 0.911561 1.38631e-07 1.04612e-07 1.46059e-07 0.00035547 2.51231e-07 5.19021e-07 0.0539796 8.80022e-08 3.17084e-07 1.19132e-07 0.000455791 0.0133685 4.03798e-11 4.82526e-08 0.00444986 7.53288e-09 7.7767e-09 2.57051e-11 2.92538e-07 
0.100803 0.405994 0.000650261 0.00257341 0.00237319 0.00693888 0.008723 0.027932 0.102787 0.0203025 0.0191046 0.000116083 0.0187885 0.207687 6.48424e-08 0.000501189 0.0569312 0.000133508 0.000762992 0.00726558 0.00963116 
0.023519 0.466519 0.000397855 0.0143172 0.000925125 0.00962466 0.000682508 0.17374 0.0249796 0.0257581 5.06155e-05 2.26067e-05 0.00860033 0.0421678 4.34677e-08 0.000642832 0.17758 0.00136859 0.00164491 0.0184134 0.00904619 
0.176016 0.593652 4.37338e-06 0.000190023 0.0135959 0.017968 0.00143401 0.0166831 0.0144298 0.0153337 0.00211957 6.12638e-06 0.0860883 0.00196455 0.0156331 0.00596204 0.0361187 2.36577e-06 0.00158538 0.00033024 0.000882192 
0.130592 0.492536 0.000399675 0.0117545 0.0185526 0.0227605 0.0200607 0.0132175 0.0619088 0.0495193 0.00480361 1.79264e-05 0.0679745 0.029731 0.00287881 0.0110243 0.0434855 0.000152609 0.00243933 0.00513984 0.0110511 
0.0287246 0.268611 0.000121109 0.0047522 0.000266168 0.0158198 0.0936004 0.0548432 0.107671 0.0293692 0.0855035 4.32849e-05 0.00358083 0.13325 1.41943e-10 0.0045487 0.100822 0.000398231 0.000486278 0.0668975 0.000690213 
0.0878484 0.464881 2.79564e-05 0.110879 0.00169638 0.0033519 0.000864124 0.265615 0.00872344 0.00198272 0.00222885 2.23492e-07 0.0252632 0.00116067 4.55619e-07 0.00258723 0.0218102 9.3447e-06 5.99113e-05 3.35701e-05 0.000976551 
0.00110523 0.6795 7.84975e-10 0.224754 0.0298412 0.00279361 7.54831e-05 0.0121738 0.0127649 0.00328198 8.10916e-10 6.69189e-08 6.62364e-06 0.0325209 1.28063e-09 2.16869e-07 0.000894196 1.64552e-06 1.26231e-05 1.14581e-05 0.000261909 
0.0315041 0.681282 0.0884528 0.00166456 0.00132148 0.07162 4.99668e-05 0.000769157 0.0141129 0.00880657 6.32519e-05 0.000490321 0.00908717 0.00698628 4.63296e-10 7.76234e-05 0.0798141 0.000114655 0.00150278 0.00219813 8.23701e-05 
0.0393544 0.74959 0.000429027 0.00988019 0.00306405 0.0116182 0.0131982 0.0440598 0.030777 0.0129793 0.000172044 1.28062e-05 0.0200296 0.00835001 0.00601893 0.00985262 0.0325649 4.83411e-05 0.00111384 0.000523433 0.00636333 
0.0300961 0.589598 2.20285e-05 0.193573 0.00502235 0.0247373 0.00401235 0.0935013 0.0165492 0.00663353 1.03121e-06 6.98887e-07 0.00839006 0.00352417 1.48952e-09 0.0014403 0.021695 0.000128447 0.000318575 2.52596e-06 0.000754337 
0.160386 0.614271 0.000213209 0.00250184 0.130503 0.00581342 0.00470632 0.00611452 0.0434788 0.00105438 8.09957e-05 1.80342e-08 0.00320953 0.0126761 6.18262e-06 0.000489791 0.00658167 0.00508024 0.000243663 0.00229712 0.000291593 
0.054692 0.438188 1.92526e-06 0.000116966 0.00271539 0.0488707 0.0287579 0.0027299 0.0499357 0.0402729 0.000680283 0.000256468 0.0183441 0.14187 1.44363e-06 3.91309e-06 0.13126 0.00032898 0.00330212 1.48622e-05 0.0376572 
0.0256589 0.480953 4.49666e-05 0.000284399 0.000216411 0.000490331 0.000582206 0.317605 0.0191219 0.0415277 0.000624294 2.68654e-05 0.000637429 0.0360048 9.90356e-12 0.00069797 0.0354916 0.000115525 0.0350981 0.00303323 0.00178512 
0.021337 0.404024 5.15745e-07 0.0109568 0.000483856 0.25187 1.71438e-07 0.00963971 0.0674839 0.00109297 1.12814e-05 2.52913e-05 0.0016635 0.181455 7.65108e-11 0.000407169 0.0449324 0.00218649 0.00160339 1.40211e-06 0.000824853 
0.0679865 0.51237 0.000221405 0.00158172 0.00299076 0.0534227 0.0122023 0.294382 0.0149597 0.0155018 7.61764e-05 8.52014e-06 0.0119761 0.00242415 3.23875e-06 0.00296281 0.00263893 0.000229183 0.00128071 4.09398e-06 0.00277683 
0.0563854 0.440414 1.61085e-05 0.126408 0.000183213 0.0181687 0.0125958 0.240649 0.0521802 0.000290212 6.94281e-05 2.26435e-08 0.00540436 0.00409156 3.83826e-08 0.000386124 0.0426264 1.70855e-05 1.21781e-06 1.62511e-05 9.67121e-05 
0.296434 0.391982 0.000483211 0.00104912 0.0135428 0.0141662 0.0155029 0.0158828 0.130292 0.0370589 0.00119712 9.29993e-06 0.0191374 0.0413719 2.73414e-07 0.00346448 0.00647848 0.000231147 0.00147264 0.0018177 0.00842558 
0.0198448 0.927416 9.19341e-08 0.000193972 0.0068595 0.0130181 0.000626544 0.00108071 0.00475187 0.00456105 4.43363e-06 9.5569e-07 0.005133 0.00276102 1.6559e-09 0.000195862 0.0130535 4.81608e-05 0.000181491 1.847e-12 0.00026919 
0.108413 0.24461 0.000282497 0.0010227 6.03926e-05 0.00315923 0.0178815 0.0465754 0.054411 0.153545 5.13572e-05 3.20228e-08 0.0110955 0.150009 1.76692e-10 0.0191095 0.136236 0.000118157 0.0354584 0.00757118 0.0103912 
0.00435702 0.643734 9.68246e-05 3.84104e-05 7.5489e-05 0.0306819 0.00126328 0.270053 0.022781 0.00820422 6.20051e-06 8.85737e-08 0.00572865 9.50919e-06 9.13595e-09 0.000886509 0.0118707 5.47297e-05 2.64695e-05 9.06318e-07 0.000130493 
0.0353528 0.480023 2.20162e-08 0.477286 2.79641e-08 0.000185675 0.00147234 0.00102324 0.00313222 7.06443e-08 1.08252e-11 8.0784e-09 0.000617082 0.000906714 1.70956e-11 1.18361e-07 8.67292e-08 3.21336e-08 2.54608e-08 1.08828e-11 9.25378e-08 
0.0780486 0.491385 0.00204152 0.0194983 0.00588738 0.0438474 0.0134828 0.0911011 0.0595099 0.0385423 0.00207713 0.00202462 0.0155676 0.0316854 0.00254407 0.00576017 0.0763317 0.000817181 0.00490378 0.00829904 0.00664479 
0.0351515 0.365602 0.000184735 0.0298466 0.00621394 0.116652 0.170452 0.00922721 0.0473435 0.0174172 0.00421522 0.000120784 0.0145041 0.0840842 1.79649e-10 0.00215816 0.0951057 0.000262205 0.000958509 0.000199771 0.000301611 
0.0399704 0.695029 1.3375e-05 1.72645e-06 0.000105604 0.100277 0.00392377 0.00918862 0.00931856 0.00724832 9.70414e-08 5.18388e-09 0.0148171 0.000839605 2.59734e-10 0.00224552 0.116273 3.20922e-06 3.19845e-06 2.30913e-07 0.00074206 
0.0499234 0.508055 0.000111593 0.00252759 0.0360798 0.055487 0.00683586 0.0146515 0.107133 0.0330213 0.00120911 2.24261e-07 0.0463983 0.0128778 1.6948e-08 0.00336317 0.08963 0.00945528 0.00424212 0.000384853 0.0186132 
0.0302543 0.513196 3.04854e-05 0.0248188 0.00394371 0.0870129 0.0115668 0.079505 0.0244792 0.0870056 0.00137874 2.23967e-05 0.0134251 0.0317983 9.65304e-08 0.00383224 0.0739392 0.000458118 0.004378 0.00278868 0.0061661 
0.00811028 0.669979 3.85383e-05 0.0145901 0.00132801 0.0211791 0.0222908 0.0856758 0.0815218 0.00119789 0.00402849 1.87667e-10 0.0256459 0.019484 3.18112e-10 9.63859e-07 0.0346587 0.00129793 8.0637e-06 0.000532419 0.00843251 
0.363113 0.370764 5.41418e-06 0.186895 5.41756e-06 5.42025e-06 5.41969e-06 0.0655874 5.41993e-06 5.42039e-06 5.41392e-06 5.41441e-06 5.42017e-06 0.013012 5.40976e-06 0.000547345 5.42063e-06 5.41935e-06 5.41564e-06 5.41391e-06 5.41878e-06 
0.0427103 0.7662 0.00179809 0.00424123 0.000778165 0.0243799 0.0082084 0.0397076 0.0205594 0.0311296 0.000809367 3.65549e-07 0.0104449 0.00628424 1.07503e-06 0.00146812 0.0186499 0.00164858 0.000574909 0.000634334 0.0197718 
0.185073 0.340705 0.000798306 0.0165467 0.0188355 0.0122957 0.00407473 0.0929923 0.176228 0.0122511 0.000196983 6.48892e-08 0.0177858 0.0419561 0.000798055 0.000800283 0.0648804 0.000623398 0.00263721 0.000264358 0.0102568 
0.0370798 0.276803 0.000166815 0.00153175 0.0234514 0.0722068 0.23939 0.00174224 0.0552219 0.0188152 6.65547e-05 9.91756e-06 0.00362643 0.0970919 2.50761e-10 0.000163008 0.171595 0.000195248 0.000128658 3.77616e-08 0.00071396 
0.0105219 0.424953 4.00799e-05 0.0251446 0.00673054 0.019933 0.00452739 0.402343 0.0186505 0.00365154 0.000205138 3.37168e-07 0.0092068 0.00693488 6.5597e-08 0.00156897 0.0433333 0.00022521 0.00139486 0.0174598 0.00317546 
0.00480448 0.568761 3.93096e-05 0.00076326 0.000614588 0.0159039 0.0085971 0.23963 0.0136042 0.0256149 0.00640152 1.05079e-08 0.00484629 0.0452859 5.20599e-09 0.0153912 0.0414358 0.000723461 0.00239881 0.00345249 0.00173274 
0.0558696 0.484405 2.20699e-07 0.00208933 0.0333741 0.0290299 0.0249622 0.034914 0.0664436 0.0128191 1.48848e-05 1.87077e-07 0.00941918 0.00715655 0.00013663 0.00348824 0.0465428 3.61149e-05 0.0173517 0.171127 0.000819219 
0.434878 0.470663 0.000126046 0.0570156 0.00167246 0.00794964 0.002007 0.00293979 0.00300233 0.00352082 1.51893e-08 4.02647e-07 0.00484649 0.000665989 8.6537e-08 0.000360633 0.00642509 1.11348e-05 0.000604264 0.00052005 0.00279037 
0.0272398 0.517044 4.31538e-05 0.00373658 0.0301466 0.130852 0.00537185 0.0548459 0.0392167 0.00844803 0.000148214 4.11628e-06 0.0350507 0.0114984 1.34591e-06 0.00362447 0.123381 0.00418502 0.00103372 6.28907e-06 0.00412275 
0.0403641 0.360215 0.00490477 0.153758 0.00648037 0.0259679 0.0181489 0.104518 0.103608 0.0595205 0.00117354 1.33021e-05 0.0197244 0.00581802 1.54015e-05 0.0322045 0.0477433 0.00338385 0.000182991 0.0108276 0.00142741 
0.0868724 0.352782 0.00391692 0.0113513 0.0313045 0.0267481 0.0051043 0.225684 0.112147 0.0238654 0.000983963 2.89348e-05 0.0265889 0.0115046 2.93768e-06 0.0189232 0.0427917 0.00642721 0.00125509 0.000369831 0.0113476 
0.149424 0.650384 0.00209795 0.0112284 0.0143364 0.0591127 0.00297641 0.00657969 0.0246801 0.00893762 0.000377546 2.28045e-05 0.0240407 0.0108318 0.000217036 0.00120826 0.0289102 0.00227402 0.000454009 0.000645085 0.00126157 
0.0226225 0.308941 7.66294e-05 0.00154596 0.00169913 0.0350461 0.0040604 0.196506 0.136696 0.00578604 0.000119941 4.73765e-08 0.00830624 0.00568069 1.66983e-11 0.00186176 0.244144 8.10214e-06 1.72855e-05 0.0265757 0.000305802 
0.0643442 0.371407 3.07498e-05 0.0180765 0.00563962 0.00557051 0.004987 0.00157866 0.175146 0.0455583 0.000204092 6.2976e-08 0.00184378 0.0987792 0.0467249 0.00151964 0.15408 1.29839e-05 0.000636829 2.59058e-09 0.00385916 
0.00110523 0.6795 7.84975e-10 0.224754 0.0298412 0.00279361 7.54831e-05 0.0121738 0.0127649 0.00328198 8.10916e-10 6.69189e-08 6.62364e-06 0.0325209 1.28063e-09 2.16869e-07 0.000894196 1.64552e-06 1.26231e-05 1.14581e-05 0.000261909 
0.0769251 0.389972 0.000659703 0.00270353 0.00285851 0.0709802 0.0137668 0.0885888 0.0380905 0.133576 0.000368481 1.26631e-08 0.00161611 0.0998664 1.24637e-09 0.000261 0.0620927 2.97881e-05 8.15769e-05 0.00367734 0.0138856 
0.121647 0.59915 4.44198e-05 0.00201127 0.00116646 0.0198187 0.00241957 0.00457777 0.11109 0.00484877 2.34781e-09 2.18736e-09 0.026958 0.00435522 3.16806e-08 0.00193771 0.0959267 2.08537e-05 0.00142982 0.000201035 0.00239656 
0.00409324 0.931812 0.000238245 0.000518431 0.0027441 0.00736093 0.00365969 0.00230406 0.0232632 0.00352166 2.70888e-05 4.18927e-07 0.00296135 0.000173669 8.66421e-11 3.27088e-05 0.00159991 6.62551e-05 0.000272056 0.0150697 0.000281262 
0.0119854 0.331018 7.84169e-10 0.119196 2.30488e-06 0.00122235 0.00147291 0.00931866 0.00558233 0.202547 0.00837139 0.000150704 2.84916e-06 0.274521 1.27932e-09 0.00133324 7.22971e-06 0.000209069 0.0243723 0.0086756 1.23456e-05 
0.430584 0.451966 0.000244156 0.00963523 0.00843659 0.0217442 0.0106527 0.00394933 0.0359142 0.0061777 3.04332e-06 9.05161e-08 0.0169596 0.000841268 1.04777e-10 0.000552514 0.000884268 2.03023e-08 0.000233944 1.28178e-09 0.00122053 
0.0444384 0.71022 0.000369793 0.0424309 3.85132e-05 0.00360034 0.000658962 0.0159527 0.0141708 0.0144223 0.0132983 1.44783e-06 0.00119883 0.042089 3.71322e-09 0.000114328 0.0121724 0.000157359 0.0803619 0.00340599 0.000897659 
0.00948669 0.270954 0.135185 0.0131968 0.00524528 3.12484e-06 0.0253217 0.000129941 0.0117562 0.248739 0.0273836 1.45702e-05 0.141658 0.00718984 2.66732e-08 0.0285154 0.0636706 2.45988e-06 0.00956037 0.00124123 0.000746495 
0.00447243 0.651678 0.00755413 0.0310298 0.000754657 0.014271 0.0603583 0.00602201 0.0482803 0.0434397 8.12776e-05 0.000781919 0.0196834 0.0534336 1.44308e-05 0.0373792 0.0130201 6.95447e-05 0.0012992 0.00590438 0.000472274 
0.0353528 0.480023 2.20162e-08 0.477286 2.79641e-08 0.000185675 0.00147234 0.00102324 0.00313222 7.06443e-08 1.08252e-11 8.0784e-09 0.000617082 0.000906714 1.70956e-11 1.18361e-07 8.67292e-08 3.21336e-08 2.54608e-08 1.08828e-11 9.25378e-08 
0.0221968 0.355314 0.00219174 0.0540966 0.00598743 0.255782 0.0388439 0.016851 0.0273056 0.073063 0.00658924 2.33505e-05 0.0203597 0.0396801 8.18719e-05 0.00488356 0.0342346 0.0180599 0.0120343 0.00325364 0.00916823 
0.113294 0.327951 9.31659e-05 5.30853e-08 0.00160162 0.148892 0.0020318 0.0029612 0.0276675 0.00702895 1.01413e-05 9.28029e-13 0.0533163 4.55098e-08 1.57309e-12 0.00108772 0.303716 5.2376e-05 2.99189e-08 0.00537802 0.004919 
0.00319333 0.835997 0.000206308 0.0223007 8.98589e-05 0.0556123 0.000441973 0.0637486 0.00650043 0.00371887 0.000584118 1.09292e-05 0.000546822 0.00131194 6.25209e-11 0.000255164 0.00445126 2.02449e-05 0.000210459 0.000798854 7.03185e-07 
0.0198187 0.90604 1.79788e-11 1.0408e-11 0.00035115 0.000323317 0.0026936 3.95074e-05 0.000147286 0.00750975 7.84819e-06 1.73036e-11 0.0154847 0.000208992 2.93311e-11 0.00122584 0.00402165 4.55599e-12 2.29606e-05 7.58545e-06 0.0420966 
0.0239819 0.6815 7.96222e-07 0.00107018 0.000543213 0.00573369 0.0171287 0.110051 0.0608833 0.0125945 5.06402e-05 0.0100558 0.0101944 0.017246 1.18538e-09 0.00188003 0.0184252 0.000269906 0.00015377 0.0278288 0.000408168 
0.0295213 0.270262 0.000546211 0.25512 0.0045921 0.0387337 0.0170378 0.0123563 0.048532 0.0252145 0.0100218 1.82485e-05 0.0641129 0.0448842 1.27515e-07 0.00192089 0.10639 0.0330477 0.0222866 0.00166462 0.013737 
0.0172471 0.576088 0.000202091 1.39133e-05 0.0108778 0.00256743 0.0436691 0.00368603 0.187268 0.0329568 0.000556074 1.09492e-09 0.0458382 1.34952e-06 1.85598e-09 0.00357385 0.0750401 2.88288e-10 0.000400617 1.18149e-09 1.29162e-05 
0.217981 0.747498 1.27962e-07 1.03105e-06 9.46572e-11 3.33217e-05 0.00153426 0.0110085 0.00592423 8.03043e-05 1.90579e-10 1.0998e-07 0.000191896 1.56237e-07 3.00969e-10 1.87325e-07 0.00245382 6.85476e-06 7.29578e-09 0.0132854 2.69737e-07 
0.0929351 0.416574 2.57705e-08 1.38207e-05 0.0587641 0.0399799 0.0242027 0.000296899 0.249805 0.0262139 4.83356e-05 2.76782e-08 0.0590291 0.00430268 1.42461e-09 0.0168204 0.0102874 1.85207e-07 4.55257e-06 9.06884e-10 0.000722243 
0.11733 0.44174 0.000180201 0.000884946 0.00166731 0.0313908 0.00562301 0.156716 0.0202977 0.00402871 5.88588e-05 1.79151e-06 0.0248833 0.00118774 8.97074e-11 0.0181645 0.0219104 4.65713e-05 0.000218941 0.149914 0.00375556 
0.0396016 0.692012 9.47819e-05 0.00793108 0.000154661 0.00849932 0.00846131 0.11798 0.00585845 0.0109845 0.00892891 4.46331e-09 0.00395534 0.0150065 2.76175e-09 0.0442535 0.00871578 0.000281748 0.0169256 0.00990692 0.000447829 
0.0464249 0.806634 4.04029e-05 0.00810356 0.0037856 0.00588237 0.0111426 0.0239242 0.0130883 0.00624437 8.7529e-05 1.09578e-08 0.00221455 0.0116845 3.62906e-08 0.00015453 0.0401795 9.2154e-05 0.00449545 0.0150228 0.000798268 
0.0252366 0.833049 9.54495e-10 0.0426612 0.00457726 0.0259264 0.000149876 0.0114338 0.00766382 0.00720942 1.27185e-12 1.04302e-05 0.00132951 0.000742335 4.33429e-09 3.42e-05 0.0397191 4.62148e-06 6.01787e-05 8.47751e-07 0.00019128 
0.0230989 0.822914 1.5194e-07 0.00822954 1.69498e-07 5.24446e-08 9.87271e-05 0.103925 0.0328636 0.00138349 5.68127e-11 5.293e-11 7.46655e-12 6.42709e-07 8.9721e-11 0.000181497 3.84431e-12 5.51237e-09 4.30903e-11 6.02106e-07 0.00730314 
0.0353528 0.480023 2.20162e-08 0.477286 2.79641e-08 0.000185675 0.00147234 0.00102324 0.00313222 7.06443e-08 1.08252e-11 8.0784e-09 0.000617082 0.000906714 1.70956e-11 1.18361e-07 8.67292e-08 3.21336e-08 2.54608e-08 1.08828e-11 9.25378e-08 
0.0329513 0.630742 3.47927e-07 0.148396 0.00494208 0.0188259 0.0127102 0.00364693 0.0334775 0.00900762 0.0014421 1.76537e-05 0.0205405 0.0302539 1.05379e-06 0.00453497 0.0303456 4.89454e-05 0.000678978 0.00375422 0.0136826 
0.0693258 0.404842 0.000212927 0.0101906 0.0325131 0.0257256 0.00694997 0.0757563 0.0237932 0.016391 0.000967003 2.01353e-06 0.0835695 0.0106094 4.74359e-09 0.00500366 0.206668 7.75485e-05 0.0232933 0.000165701 0.00394436 
0.0451673 0.78279 9.87599e-11 0.00104871 0.000142842 0.000342508 0.0137054 0.018352 0.00740757 0.0191075 4.04228e-05 1.74e-07 0.00618794 0.0147642 1.6112e-10 0.000221393 0.0784808 8.90733e-06 1.46828e-09 0.0122329 2.36941e-08 
0.0879419 0.185709 1.52953e-05 0.0333109 0.00570717 0.0613104 0.0065784 0.0924801 0.0763752 0.0266867 5.04133e-06 4.224e-06 0.067346 0.0734295 5.13759e-06 0.00555388 0.181467 0.000467952 0.062042 3.15978e-05 0.0335333 
0.0267809 0.544908 3.06713e-07 0.00223822 5.59498e-07 3.03951e-06 6.39459e-07 0.00137974 0.0356818 0.0349107 1.6584e-06 3.64393e-11 0.329733 0.000240486 6.17678e-11 0.0195055 1.58533e-07 7.04236e-07 3.05582e-07 3.93203e-11 0.00461405 
0.242906 0.478269 0.00568659 0.0133487 0.000141831 0.0333086 0.00807497 0.0375251 0.042445 0.0164089 0.0331928 5.30462e-05 0.005582 0.0152829 4.7087e-10 0.000836836 0.0656223 0.000877861 2.97198e-05 0.000245275 0.000161531 
1.87578e-07 0.845103 0.00293858 0.005008 4.1871e-07 1.00279e-07 0.00409133 0.00282393 0.00367175 0.032018 0.0329628 0.00353509 1.10792e-07 0.0395478 0.000134463 2.179e-07 0.00681108 0.00231629 0.0120213 8.47496e-07 0.00701461 
0.0155642 0.830391 7.50552e-09 0.000141043 0.00966095 0.0192544 3.95845e-05 0.00249979 0.0248199 0.0303108 5.77768e-06 2.32348e-08 0.00172613 0.0410298 3.1155e-08 0.000845176 0.0160575 0.00011737 0.000599348 1.0535e-09 0.00693718 
0.0226299 0.844669 5.52455e-08 0.000286516 0.000586641 6.54859e-05 0.0147177 0.0601597 0.0117397 0.00217354 3.80477e-06 3.66268e-11 0.0133831 7.6935e-07 6.20855e-11 0.000688823 0.0217586 2.17435e-05 0.000281463 8.14307e-08 0.00683387 
0.252234 0.336741 8.44522e-09 4.61392e-05 0.00187005 0.00690562 2.01563e-06 0.290875 0.0298122 0.00160591 0.0041559 1.68834e-07 0.00205155 0.0233718 6.443e-11 3.95681e-06 0.0470491 5.67267e-05 0.00317925 1.2101e-07 3.93599e-05 
0.0520709 0.572058 0.00859172 0.109429 0.0047667 0.041971 0.0119231 0.0726749 0.0306832 0.0154455 0.00496093 0.00452767 0.0155596 0.00717163 4.02287e-05 0.00478724 0.0336001 0.00104688 0.00120805 0.00401581 0.00346785 
0.0530252 0.474714 1.45058e-05 0.0124396 0.00039826 0.076292 0.0166467 0.0881426 0.0287794 0.0195408 0.000407375 0.000322667 0.0107185 0.115529 1.37128e-09 0.00197267 0.086225 0.000194098 0.011199 0.000716169 0.00272282 
0.0628003 0.570865 0.00144566 0.00115799 0.00721236 0.0299296 0.000416236 0.00841944 0.134303 0.000170307 1.278e-10 5.7431e-05 0.0195442 0.0296632 4.40069e-08 0.000255932 0.132877 1.3221e-07 1.27255e-05 4.06911e-06 0.000865311 
0.117892 0.531742 0.000824641 0.0334831 0.00938715 0.02982 0.00668953 0.116862 0.0382201 0.0115049 0.00293757 1.78773e-05 0.0196279 0.00898047 0.000651157 0.00327346 0.0522285 0.000136537 0.00243277 0.00975655 0.00353209 
0.00170826 0.463166 2.40923e-05 2.36013e-08 0.0251075 6.66068e-07 0.00206646 0.0157265 0.00460236 0.0283052 0.0147481 1.14289e-05 0.00216221 0.0187827 7.86874e-05 0.423322 2.84986e-09 0.000186468 3.19436e-08 4.23403e-08 1.40958e-06 
0.023756 0.399248 0.000274696 0.0104404 0.00117874 0.0677878 0.00401981 0.278275 0.0255511 0.084483 2.47595e-06 2.41233e-07 0.0109613 0.00460221 1.41338e-06 0.00318199 0.0831325 0.000231158 8.60617e-05 0.000859801 0.00192559 
0.00527351 0.264555 0.139791 0.00045826 0.00563477 0.0963428 0.0665785 0.0444383 0.0999373 0.034472 0.00017262 0.000616897 0.0655554 0.000208782 2.1178e-08 0.153242 0.0201028 8.97008e-09 1.07855e-07 0.00209537 0.000524681 
0.0214027 0.37442 2.15376e-05 0.233821 0.0041309 0.0401051 0.0138295 0.023092 0.096074 0.00852527 0.0184193 0.000152282 0.0268736 0.0306384 3.67315e-07 0.00183275 0.0949312 0.000202812 0.00175224 0.00111452 0.00865979 
0.0719704 0.616646 1.94158e-05 7.21775e-05 0.00442177 0.0404722 0.00312388 0.000172747 0.0317088 0.0238839 2.44834e-05 6.52615e-05 0.0961938 0.0179736 8.27927e-07 0.0045048 0.0105871 0.00131736 0.00146539 0.000326093 0.0750502 
0.0204372 0.884955 9.20008e-09 0.040898 0.00181191 0.000668217 0.00211872 0.00166485 0.0071682 0.00334974 0.03237 1.35427e-08 0.000761962 0.00079285 5.64346e-11 0.000874874 6.70732e-05 4.98006e-09 2.71039e-11 0.00206138 1.16147e-11 
0.0353528 0.480023 2.20162e-08 0.477286 2.79641e-08 0.000185675 0.00147234 0.00102324 0.00313222 7.06443e-08 1.08252e-11 8.0784e-09 0.000617082 0.000906714 1.70956e-11 1.18361e-07 8.67292e-08 3.21336e-08 2.54608e-08 1.08828e-11 9.25378e-08 
0.0318281 0.319671 2.71349e-05 0.00304522 0.00235917 0.0463891 0.0297475 0.0509171 0.122051 0.036941 0.0193567 1.13753e-05 0.0137633 0.0175051 6.48744e-09 0.0143182 0.258451 0.000360032 0.000238406 0.0309366 0.00208277 
0.0775599 0.409262 8.96389e-06 0.00577273 0.0232315 0.106569 0.136567 0.00427544 0.0439241 0.00152616 2.13815e-05 2.07422e-05 0.0208062 0.0392572 2.73091e-07 0.0500361 0.0610428 1.07089e-05 0.00905327 5.45163e-11 0.011055 
0.0400972 0.272918 0.00147476 0.0528606 0.00647875 0.0867954 0.0114218 0.039318 0.0330312 0.073193 0.000573655 2.00081e-05 0.0261293 0.144641 4.33847e-05 0.00330989 0.171268 0.00138273 0.0127612 0.00464898 0.0176339 
0.0353528 0.480023 2.20162e-08 0.477286 2.79641e-08 0.000185675 0.00147234 0.00102324 0.00313222 7.06443e-08 1.08252e-11 8.0784e-09 0.000617082 0.000906714 1.70956e-11 1.18361e-07 8.67292e-08 3.21336e-08 2.54608e-08 1.08828e-11 9.25378e-08 
0.000470617 0.732792 2.96934e-05 0.009118 3.25443e-07 0.00744593 0.00252695 0.000474751 0.0266082 0.00417084 0.00404371 0.00578145 0.0715046 0.00210077 1.03328e-09 3.19062e-07 0.0198665 1.60499e-10 4.96253e-10 6.57768e-10 0.113065 
0.138937 0.506835 0.000941695 0.00766728 0.00807236 0.0262991 0.00731149 0.101814 0.0531744 0.0149393 0.00128603 8.72243e-05 0.0256071 0.0253543 0.0011006 0.00572772 0.0541021 0.0016983 0.00216948 0.00757697 0.00929731 
0.00703871 0.272193 1.07926e-08 6.24787e-09 5.53767e-09 0.00356805 2.13793e-05 0.255378 0.00504665 0.0146502 4.43947e-05 1.03873e-08 0.00276734 0.131748 1.76074e-08 0.0100805 0.262923 2.73495e-09 3.89155e-05 0.0193834 0.0151187 
0.0703091 0.410973 0.00010326 0.173651 0.0406238 0.0138465 0.00415076 0.0568358 0.0479257 0.015272 4.73648e-05 1.52973e-06 0.0246406 0.00585097 1.3523e-05 0.00183449 0.128919 2.68251e-05 0.000248353 0.000171584 0.00455485 
0.0159314 0.778519 0.000499336 0.00185459 0.00456509 0.0470161 2.95368e-07 0.0260984 0.00655858 5.43386e-08 2.3044e-05 1.39359e-06 0.00292297 0.00326725 5.14495e-08 1.0135e-07 0.112225 1.42605e-05 1.95351e-07 7.5415e-11 0.000502809 
0.000798972 0.83011 6.34369e-05 0.0144264 8.08433e-06 0.0534025 0.0119121 0.0147493 0.0658787 0.00362697 1.35397e-05 3.07327e-05 0.000477115 0.00191273 6.07016e-09 0.000870694 0.000609667 1.96178e-05 4.29515e-05 0.000879064 0.000167094 
0.0536966 0.408354 0.0124315 0.000450304 0.013991 0.0357561 0.00621291 0.136549 0.0373388 0.0462018 0.000733023 2.70662e-05 0.0143547 0.0296522 0.00242848 0.00135413 0.10511 0.000107676 0.00261984 0.00847473 0.0841562 
0.127058 0.362094 4.61731e-08 0.000826451 0.000571203 0.0176858 0.0660959 0.150458 0.0437323 0.00319257 4.08589e-05 0.000591075 0.00586112 0.00258697 1.75974e-10 0.00126361 0.00400405 1.46531e-06 0.0547625 0.159173 7.42542e-07 
0.00888701 0.688008 0.00132634 0.00485039 4.66288e-05 0.0857143 0.00111594 0.00420251 0.0237369 0.00268038 0.0014416 0.00486423 0.0248076 0.0916704 2.7766e-06 0.00096899 0.019144 3.37336e-05 2.38049e-05 0.0361343 0.000340467 
0.0889877 0.442532 0.00713822 0.00330391 0.0044153 0.0143826 0.00913222 0.0538772 0.0369281 0.0294932 0.000170884 2.85682e-05 0.0422363 0.0312697 0.00081151 0.00965775 0.119781 4.10061e-05 0.00285978 0.00304847 0.0999041 
0.146087 0.576702 1.88009e-06 0.000156123 0.000649841 0.00665735 0.00284982 0.0205405 0.0149006 0.0330777 1.27121e-09 7.80405e-08 0.0231096 0.00748782 2.2976e-07 0.00108098 0.13611 0.00015075 0.00164396 0.0242911 0.00450197 
0.0155642 0.830391 7.50552e-09 0.000141043 0.00966095 0.0192544 3.95845e-05 0.00249979 0.0248199 0.0303108 5.77768e-06 2.32348e-08 0.00172613 0.0410298 3.1155e-08 0.000845176 0.0160575 0.00011737 0.000599348 1.0535e-09 0.00693718 
0.0198448 0.927416 9.19341e-08 0.000193972 0.0068595 0.0130181 0.000626544 0.00108071 0.00475187 0.00456105 4.43363e-06 9.5569e-07 0.005133 0.00276102 1.6559e-09 0.000195862 0.0130535 4.81608e-05 0.000181491 1.847e-12 0.00026919 
0.00184194 0.514808 1.90953e-05 0.0142434 0.000211048 4.91213e-05 0.00667462 0.0381701 0.0439942 0.0164166 9.65893e-08 1.33127e-06 9.03624e-06 0.23866 9.01701e-06 0.000205307 0.121094 5.66899e-05 0.00022765 4.80624e-05 0.00326147 
0.0099205 0.499083 0.057443 0.00604879 0.00201513 0.019634 0.00236431 0.0664052 0.0901325 0.00175762 0.217349 9.13829e-06 0.00230399 0.0104064 3.75132e-09 0.00039214 0.00953109 4.48252e-06 0.000115194 0.00497173 0.000113279 
0.0603318 0.398037 0.000150214 0.312655 0.0172508 0.0178438 0.0254408 0.00128335 0.0441986 0.00564179 0.0194835 3.07505e-05 0.00440137 0.0329997 3.24491e-07 0.00100882 0.0129881 0.0456243 0.000451196 1.87752e-05 0.000159702 
0.128294 0.64687 4.4194e-06 4.42179e-06 4.42216e-06 4.42436e-06 4.42389e-06 0.0721181 0.092468 4.42447e-06 4.41919e-06 4.41959e-06 4.42429e-06 4.42365e-06 4.4158e-06 4.42355e-06 0.0601799 4.42362e-06 4.4206e-06 4.41918e-06 4.42316e-06 
0.0551331 0.403704 0.000231865 0.004348 0.049501 0.0848232 0.00393571 0.00917179 0.146822 0.0376021 0.00214927 4.95246e-07 0.079346 0.0123349 2.13934e-08 0.00559796 0.0560688 0.019656 0.00714052 0.000177356 0.0222555 
0.0214624 0.821981 2.7795e-07 2.95915e-05 4.47788e-05 0.11072 0.00205036 0.00193963 0.00119354 0.00207643 1.66714e-06 9.25364e-08 0.00264667 0.000849951 1.07074e-08 0.00033445 0.0346292 3.84405e-06 3.19454e-06 4.13781e-06 2.92443e-05 
0.142529 0.285749 0.000285046 0.0045072 0.0172594 0.0127191 0.00484883 0.116237 0.0890963 0.0406612 0.0019745 8.06117e-05 0.0212263 0.116251 0.00214726 0.00333214 0.0731817 0.000509713 0.0143996 0.0248598 0.0281457 
0.10566 0.363904 1.1659e-06 0.0104588 0.0310905 0.00389385 0.00285627 0.000448276 0.0507437 0.0911861 5.96238e-06 2.33925e-07 0.199468 0.0370336 0.000101049 0.0289806 0.0646655 0.000103777 0.00882058 1.04813e-07 0.000577099 
0.039991 0.660115 6.1012e-07 4.05158e-05 0.000485586 0.000213125 0.00186397 0.0878973 0.00401679 0.0412901 0.001617 1.48411e-05 0.0734892 0.0146646 0.000190245 0.00651257 0.0191993 2.86014e-08 0.00048348 0.000712939 0.0472018 
0.0824113 0.719159 3.69333e-06 0.00640628 6.28204e-05 0.016426 6.07786e-08 0.00234784 0.138997 1.02287e-05 4.7262e-07 3.92421e-10 0.0211481 8.30136e-05 6.65187e-10 2.29932e-06 0.00750304 1.49289e-05 0.00260901 0.00280885 6.78996e-06 
0.00133308 0.423044 0.00130212 0.0258016 0.000357234 0.000181688 0.0738847 0.180738 0.0393957 0.0769835 1.64422e-10 5.67984e-08 0.00115251 0.00364873 2.59662e-10 0.0002951 0.123557 0.000198575 0.00103029 4.50281e-06 0.0470919 
0.0413195 0.433931 0.00760315 0.228133 0.0188109 0.0196352 0.00385199 0.0260697 0.0430348 0.0376723 0.000196677 9.63767e-05 0.0162401 0.0539339 4.6595e-06 0.0021111 0.0512673 0.000159404 0.000120779 0.00125149 0.0145567 
0.151698 0.562785 0.00332756 0.0222082 0.00490003 0.0142095 0.0116629 0.0462884 0.0531311 0.0303573 0.00128583 2.54124e-05 0.0148426 0.0283848 0.000768967 0.0101774 0.0351114 0.000337765 0.00134873 0.00268095 0.00446857 
0.164533 0.486895 0.0046398 0.0453918 0.0110078 0.0604693 0.0120585 0.0678092 0.0312585 0.0151643 0.00457347 0.00241649 0.0215516 0.0129137 0.000464578 0.00295903 0.0400354 0.00380632 0.00241215 0.00419508 0.0054451 
0.00393967 0.331314 3.67115e-05 0.000907951 0.000238564 0.13654 0.0140668 0.00752731 0.0358885 0.110963 1.3032e-05 1.15333e-06 0.0181405 0.0295155 5.30448e-06 0.000743199 0.141112 0.162676 0.000277575 0.000111873 0.00598107 
0.0932839 0.398457 0.00162798 0.007097 0.0347138 0.0876442 0.121321 0.010235 0.0353608 0.0410097 0.00336301 7.5082e-06 0.0278273 0.0103186 1.19857e-06 0.0147926 0.110178 0.000727464 0.000120082 0.000542907 0.00137182 
0.0183263 0.771754 0.0166154 0.023688 0.00206192 0.0413487 0.0329948 0.0283775 0.011577 0.0159378 0.00035702 3.15687e-09 0.007142 0.00336012 2.17406e-11 0.00101574 0.0167482 0.000699821 0.000178562 0.00467673 0.00314036 
0.0127292 0.6859 1.80914e-08 0.0128486 0.000141452 0.204488 0.00628688 0.0202159 0.0147114 0.00365039 0.000436249 6.02259e-09 0.0106157 0.0222501 6.9576e-10 6.47719e-05 0.00259462 0.00161312 0.00129464 8.09246e-05 7.78158e-05 
0.0403137 0.646667 1.29324e-05 0.00280947 0.000808442 0.00125019 0.00287052 0.0658077 0.0810375 0.0445141 0.00010185 2.13623e-07 0.00497887 0.0540608 6.21286e-05 0.000518398 0.00887928 2.68681e-05 0.000339734 0.0319132 0.0130271 
0.0344049 0.580869 1.21994e-05 0.226775 0.00110176 0.00202734 0.0123549 0.0607362 0.014565 0.00100309 0.00268212 6.41421e-08 0.0141999 0.000419194 2.49903e-08 0.000505753 0.0453338 0.000149605 0.000161616 3.48517e-08 0.00269794 
0.0145699 0.372655 0.00107784 0.00222315 0.000166444 0.00361908 0.00088137 0.103074 0.0696221 0.182953 0.000211623 0.0899829 0.005214 0.0836011 4.80436e-06 0.000401286 0.0456576 0.00257671 0.00128007 0.0198786 0.000348817 
0.0066516 0.3326 6.93217e-05 0.0425188 0.00196327 0.0515645 0.00508925 0.0602658 0.0608664 0.142754 0.000568993 1.11243e-07 0.0674199 0.00324825 1.58929e-11 0.00753502 0.211762 0.000671953 0.00089922 0.00019352 0.00335768 
0.128324 0.547938 0.000172795 0.0275463 0.00613984 0.0326836 0.00362926 0.176735 0.0225961 0.00833614 0.00128102 3.49836e-06 0.0108661 0.00314323 7.78484e-06 0.00744386 0.0187984 0.000106575 0.000406544 0.00143209 0.00240991 
0.129398 0.32718 1.01597e-07 0.0728338 0.000206598 0.000776276 7.16687e-06 0.00142472 0.0783221 0.0218573 4.40251e-06 6.63196e-09 0.191799 0.123638 1.12417e-08 4.23013e-08 0.0523332 0.000187452 1.22372e-07 3.07642e-05 1.14889e-06 
0.0116807 0.569667 0.00149201 0.0467097 0.00434835 0.0355616 0.0292061 0.0184457 0.0135973 0.0753294 0.00180878 8.21992e-07 0.0206647 0.00678659 3.75347e-08 0.00398564 0.123744 0.00169329 0.000425064 0.00375047 0.0311025 
0.113546 0.492132 4.51436e-05 0.00205836 0.00585651 0.0259089 0.00368803 0.0242431 0.0979492 0.0343234 0.0579382 8.25659e-05 0.0256092 0.052445 3.13422e-10 0.00378181 0.043556 0.00107055 0.0114974 0.00369106 0.000577675 
0.0353528 0.480023 2.20162e-08 0.477286 2.79641e-08 0.000185675 0.00147234 0.00102324 0.00313222 7.06443e-08 1.08252e-11 8.0784e-09 0.000617082 0.000906714 1.70956e-11 1.18361e-07 8.67292e-08 3.21336e-08 2.54608e-08 1.08828e-11 9.25378e-08 
0.0353528 0.480023 2.20162e-08 0.477286 2.79641e-08 0.000185675 0.00147234 0.00102324 0.00313222 7.06443e-08 1.08252e-11 8.0784e-09 0.000617082 0.000906714 1.70956e-11 1.18361e-07 8.67292e-08 3.21336e-08 2.54608e-08 1.08828e-11 9.25378e-08 
0.0297094 0.680021 0.000973695 0.00288846 0.000901973 0.0322219 0.0452358 0.0277783 0.0579821 0.0611856 0.000548475 1.11601e-06 0.00575503 0.00752456 5.24305e-08 0.00288045 0.0305761 0.00171445 0.00798031 0.00189708 0.00222379 
