0.035388 0.49246 4.12865e-06 0.0439277 0.00511695 0.0396473 0.0887375 0.00816971 0.20055 0.0246101 0.0145039 0.00492243 7.02758e-07 0.00598978 1.79711e-11 0.000609471 0.0353623 6.14393e-09 1.1739e-07 1.63604e-07 4.80854e-08 
0.0174759 0.568403 0.00016673 0.0164362 0.0407228 0.0646482 0.011469 0.0465458 0.0505046 0.0156304 0.0103468 2.97257e-05 0.00847932 0.0157008 1.09653e-08 0.014765 0.108354 0.000283976 0.000159787 0.00967398 0.00020465 
0.21885 0.541626 0.0195784 0.00133723 0.0019082 0.00970639 0.00497032 0.000153225 0.0371073 0.0809025 8.89447e-05 0.000139945 0.0503815 0.0104297 1.14617e-05 0.00912846 0.00995786 1.97475e-06 0.000223808 2.11178e-05 0.00347498 
0.00549272 0.773379 0.000876614 0.0668148 0.00131798 0.0343909 0.0291292 0.0192368 0.00763085 0.0127359 0.00052216 1.5943e-06 0.0177937 0.00187819 4.40825e-08 0.00257796 0.021199 0.00116199 0.000204578 0.00345 0.000205833 
0.0329029 0.323181 0.00814194 0.0164479 0.0194652 0.0883187 0.0122657 0.082685 0.103919 0.0297781 0.00208746 4.522e-05 0.0269624 0.0786869 0.00741641 0.0145396 0.0969939 0.00934533 0.0287908 0.00482479 0.0132017 
0.0981723 0.685659 0.000164216 0.0361787 0.000111874 0.0144502 0.00194509 0.015047 0.0425268 0.00193934 3.06847e-08 1.06197e-07 0.00171371 0.00625051 8.4282e-11 0.00032242 0.0127605 0.000128931 6.39529e-05 0.0821794 0.000385759 
0.0296515 0.59366 9.21136e-07 0.00175468 0.0221584 0.121053 0.00318229 0.0981219 0.0408956 0.00202064 0.000186505 1.99764e-07 0.0143774 0.00219667 1.63501e-07 0.0253092 0.0417656 1.23601e-05 0.0025708 0.000208017 0.000874214 
0.0353528 0.480023 2.20162e-08 0.477286 2.79641e-08 0.000185675 0.00147234 0.00102324 0.00313222 7.06443e-08 1.08252e-11 8.0784e-09 0.000617082 0.000906714 1.70956e-11 1.18361e-07 8.67292e-08 3.21336e-08 2.54608e-08 1.08828e-11 9.25378e-08 
0.156508 0.41282 6.89394e-05 0.00379038 0.056619 0.0257866 0.00332573 0.124126 0.0809997 0.00376911 4.65241e-05 1.30883e-07 0.0253776 0.00191732 7.75621e-06 0.000642555 0.0998695 2.92344e-06 5.28348e-05 0.00189319 0.00237574 
0.0109268 0.23828 0.00317841 0.0151317 0.00279827 0.115226 0.159285 0.0200204 0.121379 0.0378674 0.00369086 1.86675e-05 0.0358654 0.00565732 5.52907e-11 0.0136858 0.143709 0.00195256 0.000458048 0.0707143 0.000155564 
0.00659071 0.572593 6.41551e-05 0.0759558 1.02988e-05 0.0976864 0.0114272 0.0992562 0.0180563 0.00541304 0.000575044 1.16705e-06 0.0087199 0.0197094 4.39066e-11 0.000219617 0.0736367 9.26837e-06 8.64131e-05 0.00708813 0.00290105 
0.0525546 0.546888 0.00050643 0.0288983 0.0114066 0.0439051 0.0134413 0.0516116 0.0727329 0.0214554 0.00397783 4.5587e-06 0.0525138 0.0201771 2.62378e-05 0.00848209 0.0519891 0.00691637 0.000651995 0.0057211 0.00613937 
0.0528278 0.504716 3.05347e-09 0.000115338 0.00127637 0.0164874 3.52731e-07 0.035609 0.274947 0.0138384 5.06434e-05 2.9388e-09 0.014465 0.0102761 4.98152e-09 0.00264714 0.0405081 5.62803e-05 1.3249e-05 2.3623e-07 0.0321649 
0.020202 0.45986 0.000521944 0.0069841 0.0176655 0.0888714 0.0915215 0.108958 0.0923322 0.0301781 0.000776405 1.07154e-07 0.0145129 0.00158527 2.14509e-07 0.00357161 0.0551792 0.000792971 0.00116601 0.0033429 0.0019775 
0.00430925 0.287342 1.40951e-06 1.42731e-06 0.0016961 0.0073303 0.00176062 0.00084007 0.123779 0.0169444 1.47283e-09 3.45436e-05 0.113756 0.241936 3.82193e-08 1.50431e-06 0.158655 3.79482e-07 0.000149621 1.48066e-09 0.0414623 
0.0220028 0.621707 0.00572232 0.0328027 0.00289567 0.0691021 0.0219914 0.0811541 0.0231312 0.0556383 0.00338457 1.32359e-06 0.0068001 0.00534229 1.01281e-07 0.00219419 0.0294216 0.00638718 0.000821622 0.00134614 0.00815332 
0.00872684 0.604939 2.6683e-05 0.0558201 1.09854e-05 0.00676244 8.03168e-05 0.298833 0.000589011 0.00184699 8.59373e-06 5.26402e-07 0.00107144 0.000370975 1.10626e-11 1.55252e-05 0.02071 6.62071e-05 3.33892e-05 7.04225e-12 8.75394e-05 
0.0105674 0.248361 0.0250484 0.00385017 0.00569896 0.0460274 0.0524693 0.00249859 0.0663018 0.225853 0.00675716 3.2084e-06 0.0481292 0.0279233 2.34857e-10 0.00101399 0.0667863 0.00758421 0.00110304 5.90149e-05 0.153965 
0.0583044 0.67042 1.53115e-05 0.00464032 0.000203843 0.0110906 0.00678126 0.0607258 0.0150173 0.0300653 0.03884 0.000193718 0.0475362 0.00872645 5.58584e-07 0.00206285 0.0399599 0.000218442 0.00419159 3.55585e-07 0.00100607 
0.0340277 0.654306 0.00500029 0.122089 0.0031262 0.0186804 0.00270899 0.116984 0.0107235 0.00487457 6.26245e-06 2.22676e-07 0.00726463 0.00293464 1.3183e-09 0.000307239 0.0158594 0.000128418 0.000266007 0.000256118 0.000455499 
0.228812 0.548107 4.19835e-05 0.00393342 0.00445922 0.0223403 0.0152298 0.00983814 0.0148828 0.00595127 3.39917e-05 2.51766e-07 0.0104877 0.0242021 1.24119e-08 0.00235959 0.104822 5.03874e-06 0.00149472 0.00204946 0.000948564 
0.113294 0.327951 9.31659e-05 5.30853e-08 0.00160162 0.148892 0.0020318 0.0029612 0.0276675 0.00702895 1.01413e-05 9.28029e-13 0.0533163 4.55098e-08 1.57309e-12 0.00108772 0.303716 5.2376e-05 2.99189e-08 0.00537802 0.004919 
0.0500295 0.375055 0.000134172 0.0152729 0.00744219 0.022437 0.0104754 0.287037 0.0331902 0.0395172 0.00557796 9.09264e-06 0.0265216 0.0169986 2.52136e-05 0.00595487 0.0700082 0.00960584 0.00159198 0.0168721 0.00624333 
0.0187067 0.84312 0.00460493 0.000135319 0.00406158 0.0150784 0.0069653 0.0103795 0.0292173 0.00438468 0.000102932 1.57088e-05 0.0151808 0.0138078 1.65616e-06 0.0010202 0.0266079 5.20777e-05 0.000704094 0.00407893 0.00177439 
0.0168896 0.717465 0.00215502 0.000410325 0.0076542 0.00266376 0.000488097 0.0103079 0.128781 0.0183294 2.58723e-07 4.74079e-07 0.063544 0.0104176 0.000350417 0.00185379 0.0148395 2.90155e-05 0.00178503 0.00109096 0.000945382 
0.102217 0.402742 0.00078945 7.22731e-05 0.174938 0.00628728 0.0214442 0.00284035 0.0870543 0.0249761 5.35756e-05 7.91783e-08 0.0982265 0.0240743 9.89285e-09 0.0117179 0.012783 2.58361e-07 0.000860655 6.29762e-09 0.0289225 
0.0576454 0.231723 2.38605e-09 1.38129e-09 0.227686 0.0969417 0.00682724 0.000169636 0.207365 2.94865e-06 0.00289586 3.8408e-05 1.21559e-05 9.22649e-06 5.47778e-08 8.08759e-06 0.168637 3.74211e-05 1.86954e-09 2.47801e-09 4.66832e-07 
0.140895 0.259604 0.000808515 0.0029843 0.0407124 0.0459352 0.0353342 0.0698814 0.185728 0.0439564 6.8202e-06 0.000417527 0.0108906 0.0294331 0.0454299 0.000822796 0.0610048 0.000565502 8.89171e-05 2.81221e-06 0.0254978 
0.0198448 0.927416 9.19341e-08 0.000193972 0.0068595 0.0130181 0.000626544 0.00108071 0.00475187 0.00456105 4.43363e-06 9.5569e-07 0.005133 0.00276102 1.6559e-09 0.000195862 0.0130535 4.81608e-05 0.000181491 1.847e-12 0.00026919 
0.0189376 0.357902 2.44616e-05 0.00190786 0.0080725 0.0453537 0.0245135 0.00128594 0.0923066 0.183748 0.00341568 4.73668e-06 0.136038 0.00233221 1.71868e-09 0.0146469 0.0465433 6.31852e-05 0.0440354 0.0143109 0.00455754 
0.298075 0.474993 0.00250713 0.00125358 0.0109782 0.0667193 0.00153269 0.00519621 0.0487438 0.0511781 0.00730817 6.06188e-08 0.0114639 0.00243206 5.48684e-10 9.27716e-05 0.00343068 0.000744696 0.00938387 0.000931983 0.00303519 
0.0170583 0.570792 0.00245842 0.0102093 0.000591263 0.00442487 0.0161013 0.0108195 0.0397753 0.0980847 0.00233864 0.00141784 0.0136391 0.0187242 3.02629e-07 0.0106963 0.136272 6.3337e-06 9.17493e-05 0.000293472 0.0462044 
0.0515357 0.331988 6.18674e-05 0.00923068 4.56651e-05 0.00900806 0.000356074 0.130988 0.076381 0.00716529 0.00636397 4.25606e-08 0.000732681 0.228329 7.21439e-08 0.000420206 0.141489 0.00217855 7.31769e-05 0.00361013 4.3021e-05 
0.034924 0.646083 0.000195742 0.0054543 0.0254268 0.0622141 0.00188815 0.00340579 0.0541774 0.0451197 5.46402e-05 4.37837e-05 0.0211804 0.0497691 3.282e-09 0.00216132 0.0287897 0.0136546 0.00114414 2.08926e-09 0.00431332 
0.0315319 0.792385 5.06208e-08 0.00122933 0.00346226 0.0735538 0.00281029 0.00279532 0.00318923 0.00791834 9.77096e-07 3.91067e-07 0.00341044 0.0252527 1.63424e-09 0.000787566 0.0507021 3.59885e-05 1.75717e-05 4.42307e-06 0.000912578 
0.0232663 0.319089 4.9011e-08 0.00343793 0.000242031 0.021364 0.0106757 0.106947 0.0547511 0.067467 0.132983 0.000130475 0.0909981 0.0260737 2.04441e-11 0.00755746 0.123623 0.000344086 0.00845472 1.30144e-11 0.00259555 
0.0366727 0.407356 8.81074e-06 0.000490161 0.0347252 0.0210773 0.026973 0.0836686 0.0131012 0.0189807 0.000137287 2.89846e-06 0.110936 0.0129965 2.36061e-09 0.141581 0.0629017 0.000103258 0.000945061 0.0134724 0.0138693 
0.0764378 0.431821 0.000996413 0.0645053 0.0242432 0.018998 0.00273783 0.00605993 0.205163 0.0419992 0.000800386 5.51442e-07 0.0631232 0.013997 0.0117785 0.0102526 0.0217711 3.87829e-05 2.15692e-05 8.26142e-05 0.00517167 
0.0955066 0.490483 0.00438711 0.0291921 0.00319821 0.0532516 0.009881 0.108731 0.04278 0.0302796 0.0256163 9.41491e-07 0.0114499 0.0180061 8.37411e-07 0.00929228 0.0462159 0.000196426 0.00251862 0.0183107 0.000701868 
0.207345 0.552051 2.68782e-05 0.000534537 0.000860333 0.00142792 0.00223136 0.0608591 0.0167304 0.00914988 6.36404e-10 4.98591e-08 0.00107933 0.00492174 1.69595e-07 0.00056362 0.077832 0.000214026 0.0021956 0.061822 0.000155752 
0.182106 0.427202 0.00210405 0.0303937 0.00967658 0.0432175 0.0119728 0.0550854 0.073015 0.0192154 0.00139228 1.96753e-05 0.0337623 0.0284053 3.52167e-06 0.00712599 0.0500297 0.00225175 0.00324377 0.00997957 0.00979804 
0.119445 0.358415 0.000256138 0.0353948 0.0360478 0.0680111 0.0456324 0.013865 0.088712 0.000212573 0.000111873 2.68006e-08 0.0449619 0.00470633 5.52632e-11 0.00215325 0.127022 1.26747e-05 0.00101909 0.0532346 0.000786323 
0.196019 0.523626 8.05955e-06 0.00352563 0.000304119 0.00953981 0.0378933 0.0790413 0.0401134 0.0255996 0.000108581 8.06976e-09 0.00619752 0.0409028 6.22513e-07 0.0117927 0.0136996 0.00012813 0.000442236 0.00769404 0.00336326 
0.0304646 0.519254 0.000234539 0.00175482 0.0034718 0.0671905 0.0156375 0.0545313 0.0375318 0.0101284 2.68861e-05 2.70569e-08 0.045895 0.0125234 2.44593e-11 0.0132945 0.0548213 7.43103e-06 0.00178548 0.123559 0.00788839 
0.0366718 0.467186 3.92423e-09 7.0807e-05 5.636e-09 1.12305e-08 1.97851e-08 0.445801 0.00319469 6.16153e-08 2.63393e-08 1.88749e-12 2.66257e-13 0.00220301 3.19945e-12 5.2366e-13 0.00040751 3.80683e-08 2.79677e-08 0.0444659 1.13923e-08 
0.0158276 0.911561 1.38631e-07 1.04612e-07 1.46059e-07 0.00035547 2.51231e-07 5.19021e-07 0.0539796 8.80022e-08 3.17084e-07 1.19132e-07 0.000455791 0.0133685 4.03798e-11 4.82526e-08 0.00444986 7.53288e-09 7.7767e-09 2.57051e-11 2.92538e-07 
0.0141335 0.529682 7.62831e-05 0.00832226 0.00780469 0.0212075 0.00254743 0.178058 0.0843214 0.00284862 0.000527591 3.8999e-08 0.00435101 0.0171333 0.00266841 0.0313623 0.0943085 2.67867e-05 3.98316e-05 0.000129789 0.000450024 
0.023519 0.466519 0.000397855 0.0143172 0.000925125 0.00962466 0.000682508 0.17374 0.0249796 0.0257581 5.06155e-05 2.26067e-05 0.00860033 0.0421678 4.34677e-08 0.000642832 0.17758 0.00136859 0.00164491 0.0184134 0.00904619 
0.02098 0.822469 1.64566e-11 9.52675e-12 0.000625059 0.000699821 0.00464202 4.94041e-06 0.000353428 0.0170042 1.78464e-08 1.58386e-11 0.0307021 0.0004193 2.68478e-11 0.00261939 0.00965173 4.17025e-12 2.24667e-05 1.81732e-05 0.0897884 
0.18536 0.338856 0.000101142 0.00116181 0.170912 0.0113324 3.46738e-08 0.00360814 0.0696321 0.00301587 2.71812e-10 2.53236e-10 0.0260199 0.0212291 5.62816e-05 0.000254076 0.163385 6.66761e-11 3.84082e-05 7.48972e-06 0.00502889 
0.141201 0.484537 0.00066982 0.0138711 0.00545307 0.0119457 0.00506085 0.211027 0.0159237 0.0124542 8.27229e-05 4.47248e-06 0.0128377 0.00937664 3.6563e-09 0.000777088 0.0645205 3.05343e-05 0.000765971 0.00742862 0.00203236 
0.163058 0.713495 1.81201e-08 1.04898e-08 1.39111e-05 2.22668e-09 3.72308e-09 0.0477441 0.0558502 5.85672e-06 1.87189e-08 1.74396e-08 0.00918333 0.00989816 2.95617e-08 5.2649e-05 0.000657445 4.59179e-09 1.41976e-08 1.88185e-08 4.08686e-05 
0.040214 0.33915 1.59319e-05 0.0347306 0.055253 0.147499 0.0318656 0.0533462 0.163942 0.00344967 0.00304654 0.000162308 0.0160398 0.0337552 1.47606e-09 0.00154295 0.0750961 0.000127869 0.000329041 9.39632e-10 0.000434137 
0.00520974 0.578068 1.12895e-06 0.0359193 0.0671649 0.000159635 0.0131736 0.110295 0.0295445 0.048895 7.31117e-09 5.03501e-05 0.0693089 0.0365637 1.15461e-08 0.000158304 0.00458454 6.06873e-05 0.000746985 1.08385e-05 8.55653e-05 
0.0857648 0.492938 0.000107833 0.00434951 0.0443514 0.0888613 0.00895131 0.0292041 0.0264465 0.0380845 8.36192e-05 0.000905556 0.0281435 0.0593432 0.000333219 0.00120349 0.0631511 0.000432049 0.0075111 0.000250151 0.0195841 
0.0315041 0.681282 0.0884528 0.00166456 0.00132148 0.07162 4.99668e-05 0.000769157 0.0141129 0.00880657 6.32519e-05 0.000490321 0.00908717 0.00698628 4.63296e-10 7.76234e-05 0.0798141 0.000114655 0.00150278 0.00219813 8.23701e-05 
0.0602951 0.498053 1.61006e-05 4.69815e-05 0.23391 0.0441992 0.00474039 0.019543 0.0270056 0.013028 5.19587e-08 5.93222e-09 0.0353797 0.00362249 1.29427e-07 0.000724023 0.0561354 1.82513e-08 9.13285e-05 6.36388e-08 0.00320918 
0.137599 0.34006 1.23895e-09 0.0202685 0.0218321 0.0425424 0.0732903 0.0243761 0.0777217 0.00590501 0.00066727 4.63934e-07 0.142965 0.0267525 1.17133e-10 0.00807173 0.0464996 1.02668e-07 0.000305949 7.45648e-11 0.0311422 
0.0600372 0.403025 0.00267754 0.000195117 0.0291175 0.0167681 0.000748603 0.0475496 0.0397098 0.0315341 0.0174973 7.60589e-08 0.0122493 0.0065344 5.14239e-09 0.00108346 0.328346 0.000588656 0.00183345 3.50059e-05 0.000468977 
0.0524777 0.422874 1.29845e-09 0.00391025 5.47212e-05 0.0232526 0.00101437 0.00227036 0.188658 0.0105436 0.00136966 1.84965e-05 0.0186862 0.143826 0.0212887 0.00058643 0.107308 5.35332e-05 0.000399983 0.000714331 0.000693991 
0.0198448 0.927416 9.19341e-08 0.000193972 0.0068595 0.0130181 0.000626544 0.00108071 0.00475187 0.00456105 4.43363e-06 9.5569e-07 0.005133 0.00276102 1.6559e-09 0.000195862 0.0130535 4.81608e-05 0.000181491 1.847e-12 0.00026919 
0.0269964 0.773579 6.95475e-07 0.00115154 5.19234e-05 0.00125814 0.000117448 0.146107 0.00821536 0.000339165 5.0568e-05 1.37086e-09 5.53495e-08 0.0149349 6.09217e-12 3.97373e-06 0.0263976 1.17957e-06 2.59282e-06 0.000784517 7.46037e-06 
0.0349203 0.869734 2.69368e-08 2.85558e-06 5.91595e-06 0.00451658 6.03225e-05 0.0736096 0.00198689 0.002799 1.60994e-07 9.04042e-09 0.00264399 0.00600051 1.22117e-09 4.37309e-05 0.00337579 3.22332e-06 0.000262353 5.19845e-07 3.38356e-05 
0.0493326 0.397415 0.00582868 0.0304031 0.0133353 0.0420905 0.0320295 0.0959703 0.103706 0.0434295 0.00442263 0.000139827 0.0273015 0.0271257 9.54292e-06 0.016102 0.0831161 0.003022 0.00341166 0.00628869 0.0155194 
0.237545 0.238156 5.67874e-06 0.0046016 0.000209856 0.0264115 0.00226303 0.0730796 0.0585365 0.0718973 1.00627e-05 1.07064e-05 0.00262747 0.0788034 3.35128e-11 0.000297876 0.201486 0.000236673 7.19895e-05 8.39347e-07 0.00374919 
0.0602374 0.594432 5.45956e-05 0.222252 0.00558348 0.0166296 0.00454523 0.00989807 0.0187005 0.00196493 0.000913391 8.12397e-06 0.0113558 0.00278721 4.0855e-07 0.000323835 0.0496526 7.82964e-05 5.63911e-05 0.000254943 0.000271327 
0.0987552 0.227326 6.44509e-09 0.00182428 0.000257555 0.0307271 0.00573064 0.182461 0.0652983 0.00300696 0.000472254 1.00132e-06 0.00345807 0.211883 5.86616e-12 0.000210424 0.133943 0.000387717 0.0341078 3.68436e-08 0.000149457 
0.296434 0.391982 0.000483211 0.00104912 0.0135428 0.0141662 0.0155029 0.0158828 0.130292 0.0370589 0.00119712 9.29993e-06 0.0191374 0.0413719 2.73414e-07 0.00346448 0.00647848 0.000231147 0.00147264 0.0018177 0.00842558 
0.00484977 0.703864 4.53997e-05 3.49319e-05 1.43363e-05 0.000269658 0.000185994 0.205903 0.0137922 0.00486228 0.015419 7.84836e-07 3.00628e-07 0.0362424 1.01952e-10 6.66553e-06 0.0136097 0.000128788 6.37522e-05 3.66988e-05 0.000669668 
0.206185 0.583025 0.000611523 0.000264985 0.0854345 0.00505935 0.00592832 0.00736422 0.0512243 0.0246032 1.27917e-07 9.85444e-07 0.014922 0.00267324 6.23245e-10 0.0021819 0.00628214 0.000244801 0.00241804 0.000697544 0.000878887 
0.0120453 0.474497 1.4841e-06 0.000384516 0.194322 0.0316716 0.0547379 0.0153782 0.0899314 0.059311 0.000338384 4.47552e-08 0.00917712 0.000670763 1.13603e-06 0.0365788 0.0196019 2.16848e-05 0.000509673 8.08288e-10 0.000820452 
0.0344749 0.524771 0.00367369 0.0439561 0.0101666 0.106999 0.0154431 0.0481806 0.0628653 0.0198074 0.0187964 0.0225191 0.0284639 0.00172207 6.184e-09 0.00171282 0.0518358 0.00393857 0.000172847 2.69944e-05 0.00047387 
0.0907466 0.531055 0.000807389 0.00118541 0.00122502 0.0430742 0.0112787 0.0345178 0.02252 0.029185 0.167749 3.90225e-05 0.0141811 0.00589711 0.00028095 0.0123305 0.0300997 0.00064117 0.000526764 0.00158269 0.00107669 
0.0216372 0.748242 2.56643e-06 0.000475576 0.000383838 0.0341696 0.0129793 0.00641212 0.0631577 0.027569 0.000881731 3.71305e-07 0.0148524 0.0197464 1.0692e-09 0.00150737 0.0436722 0.000618991 0.00261038 0.000735039 0.000346669 
0.0353528 0.480023 2.20162e-08 0.477286 2.79641e-08 0.000185675 0.00147234 0.00102324 0.00313222 7.06443e-08 1.08252e-11 8.0784e-09 0.000617082 0.000906714 1.70956e-11 1.18361e-07 8.67292e-08 3.21336e-08 2.54608e-08 1.08828e-11 9.25378e-08 
0.00649029 0.342035 9.68789e-05 0.00220975 0.000871442 0.135943 0.032772 0.00843415 0.0170024 0.229615 0.000484366 1.34952e-05 0.0158234 0.0307992 3.71501e-05 0.0306175 0.0822042 0.05117 0.00183638 0.00136185 0.0101822 
0.0487644 0.363053 0.0153675 0.102917 0.123378 0.0235782 0.00759906 0.106032 0.0444912 0.00828088 5.97088e-05 5.19417e-05 0.0324544 0.0432203 1.02992e-05 0.000851627 0.0707583 8.95637e-05 0.00324119 0.00355215 0.00224848 
0.171206 0.540029 1.01795e-07 0.0235758 0.0631383 0.00993738 0.0104518 0.00976697 0.0502451 0.00396117 0.000746036 2.38203e-05 0.025536 0.0337761 3.69773e-05 0.000498817 0.0412084 3.76234e-05 4.49587e-05 0.0146554 0.00112484 
0.0120385 0.918489 2.02016e-07 0.00221887 0.00241163 0.0134141 0.00039551 0.0230401 0.00599491 0.00341388 8.97409e-05 4.52088e-07 0.00243454 0.00250873 2.25425e-08 9.80308e-05 0.0132624 2.12092e-05 6.93796e-05 1.83535e-10 9.91084e-05 
0.00863391 0.693788 0.00802943 0.00058564 0.0105011 0.0319511 0.00680712 0.000571175 0.034416 0.0198413 0.00299935 5.76423e-05 0.0711001 0.0180061 4.18367e-07 0.0158602 0.0759496 0.000106324 0.000182043 0.000278257 0.00033528 
0.14103 0.527917 7.36132e-07 0.0252033 0.00185884 0.0182062 0.00110182 0.14435 0.0344626 0.0104852 0.000222038 8.24699e-10 0.0256053 0.00718938 4.81293e-11 8.81301e-06 0.0482246 0.000256436 0.00869439 0.00171538 0.00346843 
0.0499234 0.508055 0.000111593 0.00252759 0.0360798 0.055487 0.00683586 0.0146515 0.107133 0.0330213 0.00120911 2.24261e-07 0.0463983 0.0128778 1.6948e-08 0.00336317 0.08963 0.00945528 0.00424212 0.000384853 0.0186132 
0.0392459 0.768338 3.8477e-07 1.03271e-05 6.83432e-05 0.00665704 0.000741311 0.052452 0.0385374 0.030245 0.000105075 1.47948e-09 6.90414e-07 0.0471115 2.01662e-06 1.1975e-05 0.00998807 0.000180504 2.87637e-05 0.00503941 0.00123651 
0.0468619 0.596114 0.000104271 0.0011467 0.00382248 0.0537576 0.00240487 0.00100368 0.0506513 0.0642211 0.000267085 1.21223e-06 0.02069 0.00634007 6.64568e-06 8.51861e-05 0.126347 2.95232e-05 0.000313816 7.03236e-06 0.0258251 
0.0267809 0.544908 3.06713e-07 0.00223822 5.59498e-07 3.03951e-06 6.39459e-07 0.00137974 0.0356818 0.0349107 1.6584e-06 3.64393e-11 0.329733 0.000240486 6.17678e-11 0.0195055 1.58533e-07 7.04236e-07 3.05582e-07 3.93203e-11 0.00461405 
0.174512 0.242619 0.000118395 0.103597 0.00646979 0.039871 0.000437112 0.000645597 0.0460268 0.0354833 1.03876e-07 3.60493e-05 0.0106488 0.0913997 9.48981e-08 0.000425065 0.13818 0.100357 0.00773493 1.31385e-06 0.00143765 
0.0432016 0.644303 2.48929e-07 0.000854807 0.00331955 0.00645692 0.0010864 0.0297174 0.0699154 0.00960981 2.64835e-10 2.32462e-06 0.18206 3.47321e-09 0.000237006 0.00179724 0.00732607 8.22346e-06 7.92116e-08 2.66244e-10 0.000103684 
0.0554353 0.286445 4.76883e-05 0.0210817 0.00160184 0.174224 0.0036366 0.0243054 0.131418 0.0567666 3.52966e-05 0.000178568 0.040241 0.0843251 1.19439e-09 0.00918444 0.0934561 5.77817e-05 0.00145801 0.0122817 0.00381915 
0.00485922 0.492993 0.241644 0.141709 9.3655e-05 0.0587121 6.54602e-05 0.00343847 0.00516127 0.00628748 2.25161e-07 2.09773e-07 0.0148637 0.01674 1.85389e-05 0.000371886 0.00947403 2.50228e-05 0.00244649 2.66841e-05 0.0010693 
0.00137893 0.538302 0.149157 0.000960809 0.000599027 0.0659137 0.00279089 0.0213247 0.0207217 0.00966586 0.0073508 0.00444022 0.00433702 0.0940486 1.8826e-05 0.000796217 0.0752846 0.000735226 0.000599738 0.000450389 0.00112394 
0.0210669 0.425024 6.73317e-06 0.0177923 0.00121812 0.0710668 0.0162669 0.339437 0.0204146 0.00948988 7.62465e-05 3.57274e-08 0.0137531 0.00248193 2.42977e-10 0.00208384 0.0563131 9.97091e-05 0.000836703 0.00201073 0.000561444 
0.0105219 0.424953 4.00799e-05 0.0251446 0.00673054 0.019933 0.00452739 0.402343 0.0186505 0.00365154 0.000205138 3.37168e-07 0.0092068 0.00693488 6.5597e-08 0.00156897 0.0433333 0.00022521 0.00139486 0.0174598 0.00317546 
0.00973425 0.441879 0.00261021 0.113997 0.00897089 0.028137 0.0491179 0.0232107 0.0261477 0.0515265 0.00249286 0.000719396 0.026635 0.0627584 5.31075e-09 0.0351411 0.099376 0.00259681 0.000929017 0.00768737 0.00633353 
0.0507218 0.168533 1.09349e-05 0.00175452 0.0424623 0.0921545 0.030727 0.0506189 0.113672 0.0881022 0.0039629 1.5571e-07 0.061629 0.0228067 5.07403e-05 0.0948367 0.16421 0.000349636 0.00629589 0.00293819 0.00416336 
0.0268039 0.402091 1.0306e-05 0.00678564 0.000427997 0.00553212 0.0074828 0.299248 0.0228501 0.0312862 1.57836e-08 1.43614e-06 0.0259192 0.00194691 8.1953e-10 0.0149559 0.0851991 0.0457579 0.000801354 0.000194243 0.0227057 
0.0353528 0.480023 2.20162e-08 0.477286 2.79641e-08 0.000185675 0.00147234 0.00102324 0.00313222 7.06443e-08 1.08252e-11 8.0784e-09 0.000617082 0.000906714 1.70956e-11 1.18361e-07 8.67292e-08 3.21336e-08 2.54608e-08 1.08828e-11 9.25378e-08 
0.0106435 0.586411 5.74382e-07 0.000693064 0.00024017 0.0075338 0.0056861 0.0645294 0.0156438 0.0231303 0.0153749 8.30179e-05 0.00254251 0.22767 2.32964e-09 0.000297002 0.0360678 0.00012753 0.0010472 0.00224002 3.80296e-05 
0.0423435 0.869244 4.40013e-11 3.45299e-08 0.000256372 0.0227759 0.017835 0.0012111 0.00405137 0.00875353 1.01209e-05 9.60095e-09 0.0178449 0.000580045 1.19281e-05 0.00182317 0.00799288 1.77799e-05 9.80138e-05 0.00117683 0.00397322 
0.15031 0.456067 0.000116324 0.0449459 0.00466438 0.0337041 0.00391501 0.0718228 0.129662 0.00703375 0.00187405 6.69998e-06 0.0152414 0.0317986 1.20643e-07 0.000113408 0.0473528 0.000259067 4.90355e-05 7.10538e-05 0.000992737 
0.0398295 0.352775 0.00260171 0.00467704 0.00731024 0.0682193 0.228553 0.00437184 0.0785211 0.0462323 3.11893e-05 9.17695e-07 0.0175212 0.0472636 4.90908e-06 0.0037267 0.0941832 0.00217479 0.00115341 0.000746393 0.000102265 
0.0778461 0.648507 4.3785e-05 0.00387147 0.00888512 0.00390273 0.00574651 0.0379558 0.0960326 0.00761073 1.35039e-05 4.68468e-08 0.00501531 0.0751105 7.70495e-07 0.00111876 0.0178403 3.52732e-05 0.000563585 0.00838473 0.00151593 
0.109547 0.388771 7.03006e-06 0.317275 0.000529016 0.0126143 0.00221369 0.105802 0.0138441 0.00103527 0.00382131 2.24994e-06 0.0046996 0.00231571 3.19312e-08 0.00170693 0.0299646 5.47411e-05 0.000653144 0.00394828 0.00119496 
0.0113697 0.455295 0.000901931 0.00427493 0.00147133 0.0732425 0.0155477 0.0398412 0.0978629 0.0199195 0.00149216 4.32385e-07 0.047492 0.00738445 3.25553e-10 0.00992869 0.208688 7.0656e-08 2.0481e-06 2.07242e-10 0.00528532 
0.00312202 0.397027 6.76765e-08 0.00600551 0.00608525 0.0268271 0.0919731 0.0624968 0.052108 0.0111182 0.000418543 0.000345443 0.00893015 0.131677 7.97936e-07 0.000204611 0.195592 0.000142526 6.24078e-08 0.00592611 8.36293e-08 
0.0820584 0.556991 0.00348397 0.0298294 0.0126557 0.0379259 0.0131633 0.0759248 0.0431777 0.025005 0.00329399 8.37262e-05 0.0168982 0.0165381 2.03544e-05 0.0125447 0.0534576 0.000523107 0.00654161 0.00453913 0.00534434 
0.00415484 0.271088 0.000246368 0.00245579 0.00244278 0.19088 0.00970985 0.0376307 0.168499 0.0155215 1.65834e-05 2.51447e-05 0.0163734 0.0200227 2.36381e-05 0.000901727 0.256482 1.7865e-05 0.000849194 0.000147315 0.00251161 
0.00655309 0.815185 0.000229477 0.0544657 0.00252921 0.025445 0.0109212 0.0193261 0.00855465 0.0194444 0.000375246 3.4059e-06 0.0145318 0.00289879 4.17579e-09 0.00400039 0.00603104 0.0019916 0.000203361 0.00711172 0.000198487 
0.0086195 0.593624 4.84491e-05 0.0580926 1.47548e-05 0.00915456 0.000135718 0.302578 0.000817011 0.00219039 1.08313e-05 5.62649e-07 0.00113668 0.00042133 1.17292e-11 1.58766e-05 0.0227072 0.000168532 0.000173989 7.46658e-12 9.04866e-05 
0.0427791 0.225893 0.00647162 0.00387335 0.0260227 0.0106902 0.140174 0.00410619 0.174519 0.0266552 0.00163925 0.033719 0.0147314 0.147525 5.66764e-08 0.0027415 0.025531 0.0161502 0.0616515 0.0350675 5.88864e-05 
0.251405 0.407513 0.0085714 0.0559805 0.00446265 0.04566 0.00998056 0.060148 0.0396056 0.0279026 8.83936e-05 2.23338e-06 0.0197266 0.0115956 5.29626e-06 0.00440981 0.0406494 0.000129367 0.00264059 0.00367948 0.00584375 
0.136592 0.619726 0.000188628 4.18141e-05 0.010556 0.000268122 0.00286629 0.00728147 0.0289236 0.0559673 0.00524708 1.80296e-06 0.0565104 0.0141499 9.6467e-05 0.0170101 0.0058184 1.43038e-05 1.26691e-06 0.023315 0.0154239 
6.08431e-06 0.507293 2.32167e-09 1.20975e-05 0.0160927 1.0699e-05 0.118091 3.70221e-10 0.242838 2.81703e-06 2.3984e-09 2.23449e-09 3.43579e-05 0.00633765 3.78765e-09 6.19932e-10 0.109276 2.00092e-06 1.27519e-06 2.41115e-09 2.65118e-06 
0.135523 0.163198 0.00631637 0.020394 0.0834217 0.0935733 0.0853781 0.0281523 0.0704734 0.0489069 1.95712e-06 7.13014e-08 0.120422 0.00440977 1.49166e-09 0.0210727 0.0628453 0.000114258 0.00172235 0.000135572 0.0539394 
0.0351919 0.612372 0.000752123 0.000163033 0.000129906 0.00184358 0.00556891 0.11108 0.00249253 0.0885426 0.0119674 9.15868e-09 0.000731326 0.00925218 7.21342e-09 0.000854552 0.0835302 7.38541e-05 0.00485946 0.00438768 0.0262063 
0.0563445 0.760034 1.20063e-06 0.000172447 0.00336775 0.00083659 0.0175267 0.0249714 0.0290697 0.00605704 1.62187e-06 1.88438e-06 0.000174375 0.0895072 8.94743e-06 0.000181763 0.00855469 1.81472e-05 7.14517e-05 0.00115491 0.00194355 
0.0494151 0.701166 1.18126e-05 1.14318e-05 0.00984298 0.0073895 0.0158202 0.0370364 0.0767518 0.0161895 0.000794749 1.49717e-05 0.0111133 0.0122828 2.16712e-06 0.0275704 0.028663 2.21292e-05 0.00135852 5.17414e-05 0.00449117 
0.0921021 0.432453 1.31073e-05 0.016479 0.00387458 0.0158422 0.0180005 0.080063 0.235176 0.0176913 0.0001901 8.34306e-05 0.00373299 0.0536853 6.72561e-10 0.0102843 0.0164678 3.19865e-05 0.000325652 2.65131e-07 0.00350343 
0.0376238 0.567357 5.38404e-05 0.0658059 0.000811103 0.0183373 0.0169132 0.0811085 0.0812596 0.0161191 0.000243086 3.93769e-07 0.00717281 0.0147465 2.89816e-08 0.00243665 0.049908 2.81059e-05 0.00065525 0.0393022 0.00011761 
0.0353528 0.480023 2.20162e-08 0.477286 2.79641e-08 0.000185675 0.00147234 0.00102324 0.00313222 7.06443e-08 1.08252e-11 8.0784e-09 0.000617082 0.000906714 1.70956e-11 1.18361e-07 8.67292e-08 3.21336e-08 2.54608e-08 1.08828e-11 9.25378e-08 
0.0845811 0.857286 2.63521e-09 1.47757e-05 2.44031e-05 0.000149806 2.05838e-05 7.71054e-07 0.000742916 0.00408132 2.05604e-07 4.13912e-07 0.031634 0.00014506 4.29915e-09 0.000310362 0.000489561 6.53647e-05 0.000157456 0.000135389 0.0201604 
0.0261668 0.343609 0.0104586 0.222109 0.00127787 0.0263227 0.00225721 0.0443851 0.0873397 0.00849615 2.04725e-07 3.42957e-06 0.0160568 0.127422 1.68427e-09 0.00116552 0.0704564 2.4259e-07 0.0105139 1.07218e-09 0.00195971 
0.0381593 0.430452 2.40286e-06 0.0199425 0.00862704 0.0580065 0.00635394 0.223011 0.0206281 0.0118472 0.000391545 2.89675e-06 0.0208048 0.0112524 6.6583e-06 0.00752906 0.126173 0.000262358 0.0039329 0.000146079 0.0124684 
0.0575893 0.488466 0.000153147 0.0459658 0.00056147 0.00221103 0.00313091 0.0783301 0.0326994 0.0319919 0.00510387 2.18098e-05 0.0372658 0.0968457 0.0234895 0.00111713 0.0794708 0.000443846 0.0015275 2.57695e-05 0.0135897 
0.1031 0.381719 9.17972e-05 0.000491064 0.00136858 0.0467597 0.0142077 0.304088 0.0147756 0.0338152 0.0001492 1.14992e-07 0.016041 0.038761 7.11878e-07 0.00110794 0.0360073 0.000392322 3.50152e-05 0.000120298 0.00696809 
0.0239819 0.6815 7.96222e-07 0.00107018 0.000543213 0.00573369 0.0171287 0.110051 0.0608833 0.0125945 5.06402e-05 0.0100558 0.0101944 0.017246 1.18538e-09 0.00188003 0.0184252 0.000269906 0.00015377 0.0278288 0.000408168 
0.0511085 0.461966 0.000101724 0.00340929 0.023626 0.0236372 0.00829149 0.229434 0.0693819 0.0121871 0.00109243 0.000146597 0.02418 0.0188496 0.000133937 0.0084044 0.045413 0.00437098 0.002126 0.00666135 0.00547871 
0.00949395 0.688595 3.17661e-05 0.000420299 0.00045412 0.0208792 0.00375779 0.0273605 0.0602988 0.00418935 0.00292366 6.70592e-05 0.00687347 0.0759418 2.66313e-06 0.000864794 0.0775701 0.000220485 0.0140651 0.0045312 0.00145881 
0.00984495 0.881487 4.47778e-06 0.00821308 0.000671483 0.0139745 0.000597833 0.000227127 0.0726494 0.00077138 1.21589e-06 2.04758e-05 0.00830423 0.00253375 1.1266e-07 0.00044524 0.000250787 1.49936e-09 4.63593e-09 6.14478e-09 3.42729e-06 
0.123463 0.36688 4.01994e-06 0.00481649 0.010622 0.0797114 0.0753808 0.000246145 0.0534039 0.0149825 4.03442e-07 1.73897e-06 0.0322151 0.0347251 3.26879e-10 0.00421687 0.194162 0.000351038 0.00196566 0.00175189 0.0010993 
0.0318482 0.479339 4.27282e-05 7.39242e-07 0.000584031 0.0101569 0.000205808 0.466759 0.00883668 0.00052917 4.14843e-08 2.15481e-09 8.72041e-08 1.14681e-07 1.07397e-12 8.50653e-05 4.53158e-07 3.69764e-06 6.34484e-09 6.83674e-13 0.00160908 
0.332753 0.428286 1.07425e-06 0.000717454 0.000724894 0.00755324 1.6563e-05 0.0446301 0.063665 0.00283149 0.000141426 1.99487e-07 0.0547166 0.000177216 8.08979e-07 0.00763786 0.0530061 1.49125e-06 0.000379072 1.4433e-09 0.00276052 
0.18404 0.697901 8.81158e-09 0.000638294 0.000304837 0.0102556 0.000668534 0.0708024 0.0297965 0.000444837 0.000208356 6.0844e-06 0.00366362 1.90156e-05 2.13429e-10 0.00062818 2.6733e-08 1.12561e-05 1.77703e-05 0.000559152 3.3747e-05 
0.0252366 0.833049 9.54495e-10 0.0426612 0.00457726 0.0259264 0.000149876 0.0114338 0.00766382 0.00720942 1.27185e-12 1.04302e-05 0.00132951 0.000742335 4.33429e-09 3.42e-05 0.0397191 4.62148e-06 6.01787e-05 8.47751e-07 0.00019128 
0.0598202 0.524384 2.6275e-08 0.00398725 0.0670346 0.0637438 0.0202609 0.00659889 0.151878 0.00140378 1.63296e-10 9.46183e-09 0.0525132 0.00352984 5.0586e-08 0.0130745 0.0294708 1.23549e-05 1.23854e-10 1.66014e-06 0.00228643 
0.0254828 0.59131 6.89915e-08 0.00022394 0.161938 0.0286336 0.00382747 0.0338571 0.0338823 0.00522069 1.00124e-05 3.34573e-11 0.104135 2.40771e-05 5.67131e-11 0.00281998 0.00817256 1.58356e-07 6.87314e-08 3.61026e-11 0.00046156 
0.141074 0.488802 0.00267634 0.00886112 0.00732681 0.00976546 0.0230694 0.0495984 0.0529597 0.0379549 0.00230054 2.65702e-05 0.0323514 0.0289696 0.000429274 0.00544977 0.0813466 0.00132281 0.00977324 0.00515348 0.0107881 
0.0327441 0.562576 1.76017e-06 0.00611647 0.000401415 0.00490258 0.0156584 0.125679 0.00942557 0.0306941 0.00122541 9.03756e-09 8.61508e-05 0.00937241 1.53194e-08 0.000123143 0.163988 0.00217601 0.000238485 0.0193544 0.0152362 
0.0465891 0.421334 0.0329452 0.152307 0.00450796 0.126679 0.0205654 0.0193517 0.0197575 0.0784388 1.23195e-05 8.09382e-07 0.0271017 0.00497178 1.08696e-06 0.00219992 0.0332018 0.00219497 0.000140289 0.00648677 0.00121367 
0.0329513 0.630742 3.47927e-07 0.148396 0.00494208 0.0188259 0.0127102 0.00364693 0.0334775 0.00900762 0.0014421 1.76537e-05 0.0205405 0.0302539 1.05379e-06 0.00453497 0.0303456 4.89454e-05 0.000678978 0.00375422 0.0136826 
0.107607 0.521272 0.00190715 0.0227631 0.0247898 0.0366277 0.00993397 0.0178942 0.0615649 0.0437938 0.0576148 7.76086e-05 0.0310461 0.00258025 3.96387e-10 0.00281614 0.0365028 0.0188961 0.000503266 2.50292e-08 0.00180858 
0.0682938 0.76763 0.00200737 0.0215886 0.000653353 0.0064714 0.0100308 0.0249649 0.037083 0.00340511 1.29593e-07 2.41965e-08 0.00186156 0.0149843 1.04467e-10 2.69188e-05 0.0389612 0.000270424 0.00176033 1.72676e-06 5.45912e-06 
0.0753844 0.50552 1.03911e-07 0.000600173 3.66285e-05 0.0648454 0.0157154 0.256513 0.00859395 0.00588401 1.3582e-05 8.66755e-07 0.021585 0.00536081 7.36662e-06 0.0021397 0.0349053 3.53208e-05 7.76607e-05 0.000978737 0.00180187 
0.134428 0.292037 1.07207e-05 0.0125996 0.00699986 0.186396 0.0397892 0.0287826 0.0640905 0.0334775 2.61349e-08 2.45901e-08 0.0331185 0.0163788 1.85046e-08 0.00758871 0.136415 1.20131e-05 0.000619819 2.28423e-06 0.00725298 
0.0871672 0.315427 0.00374387 0.0204195 0.0505104 0.025337 0.00130031 0.00113408 0.0550554 0.130939 1.28731e-05 1.26949e-07 0.152574 0.00986937 3.10352e-09 0.0211189 0.0895908 6.59233e-05 0.000966956 1.02492e-06 0.0347663 
0.172135 0.23407 0.000236271 0.11972 0.00624806 0.0486683 0.0136709 0.162892 0.0374712 0.0175166 2.29622e-05 1.52038e-05 0.0271622 0.0102319 1.47861e-06 0.011369 0.127001 0.000175729 0.00174594 0.00339098 0.00625528 
3.881e-05 0.641595 5.50548e-07 1.27434e-10 1.1453e-05 0.110321 0.0741698 5.50063e-06 1.00688e-05 0.012463 0.154676 5.93432e-07 2.07054e-05 3.32496e-06 3.59128e-10 0.00381 1.69421e-06 4.08896e-06 0.000211511 2.28615e-10 0.00265718 
1.87578e-07 0.845103 0.00293858 0.005008 4.1871e-07 1.00279e-07 0.00409133 0.00282393 0.00367175 0.032018 0.0329628 0.00353509 1.10792e-07 0.0395478 0.000134463 2.179e-07 0.00681108 0.00231629 0.0120213 8.47496e-07 0.00701461 
0.146287 0.535236 0.00125409 0.0214594 0.0179258 0.0281031 0.00613126 0.0717199 0.0354345 0.0249067 0.00150805 1.43284e-05 0.0196174 0.0183054 0.00227764 0.00563146 0.0472123 0.00144539 0.00353521 0.00241764 0.00957737 
0.186059 0.537385 0.0105737 0.00126916 0.0435773 0.0354495 0.0305699 0.00871472 0.0274145 0.0320683 0.0216002 3.62295e-07 0.0145739 0.00548775 0.00116915 0.00292076 0.0331588 0.00334227 0.000222318 0.00148063 0.00296284 
0.0256589 0.480953 4.49666e-05 0.000284399 0.000216411 0.000490331 0.000582206 0.317605 0.0191219 0.0415277 0.000624294 2.68654e-05 0.000637429 0.0360048 9.90356e-12 0.00069797 0.0354916 0.000115525 0.0350981 0.00303323 0.00178512 
0.301339 0.456694 0.000197191 0.00218482 0.00354759 0.0795093 0.0157183 0.0156954 0.0223885 0.0218871 0.000281058 8.70051e-06 0.0207414 0.00680451 3.64486e-05 0.00753805 0.0350624 2.63454e-05 0.000866044 0.000220031 0.00925416 
0.0198448 0.927416 9.19341e-08 0.000193972 0.0068595 0.0130181 0.000626544 0.00108071 0.00475187 0.00456105 4.43363e-06 9.5569e-07 0.005133 0.00276102 1.6559e-09 0.000195862 0.0130535 4.81608e-05 0.000181491 1.847e-12 0.00026919 
0.161499 0.597526 0.000155393 0.00045139 0.048966 0.0633626 0.0013853 0.0032508 0.0734624 0.00676234 7.13439e-07 1.3994e-06 0.0143722 0.00561562 3.67083e-10 0.0113812 0.00414474 0.00034119 0.00101378 0.00265372 0.00365399 
0.109735 0.440659 0.000241427 0.012399 0.0115662 0.0302752 0.0108749 0.151191 0.0632796 0.030099 0.00537699 0.000138891 0.0289087 0.0370578 2.53966e-05 0.012144 0.0427857 0.000566351 0.00322472 0.00220497 0.00724602 
0.0167296 0.255636 0.0315121 4.41237e-05 0.027834 0.0067733 0.0329389 0.0395332 0.170595 0.127983 0.00027026 1.47877e-05 0.112712 0.0242266 2.88471e-10 0.0199474 0.0505605 1.46251e-05 0.0751404 2.14107e-07 0.00753355 
0.0354923 0.448267 0.000412694 0.00790922 0.040076 0.0788699 0.0130471 0.0677651 0.0776582 0.032466 0.000124441 3.63905e-06 0.0700314 0.00884563 0.000355602 0.00823595 0.0985238 0.00483987 0.000344124 0.00111081 0.00562088 
0.0432257 0.441351 0.00087971 0.000486755 0.026257 0.0600416 0.0116686 0.00977068 0.108799 0.0234906 2.25855e-05 7.20373e-06 0.0237225 0.0968276 4.73615e-05 0.0118154 0.0423707 0.0103449 0.0674738 0.000477085 0.0209207 
0.0138798 0.868027 1.11686e-05 0.00603793 0.00320373 0.00607689 0.000292936 0.000505009 0.00776257 0.00601302 2.68222e-05 4.90105e-07 0.00312879 0.0545561 2.50864e-08 0.000199715 0.0264327 2.81367e-05 8.51921e-05 3.2414e-10 0.00373236 
0.368586 0.46727 0.00603473 7.54654e-07 0.0233969 7.55092e-07 0.0440935 7.55056e-07 0.0419059 0.0194826 7.5421e-07 7.54278e-07 0.0133657 7.54971e-07 7.61166e-05 7.54954e-07 0.0080053 7.54966e-07 7.5445e-07 7.54208e-07 0.00777609 
0.269653 0.29353 1.90937e-10 0.0266264 0.00822471 0.0137311 0.0111212 0.0223514 0.0170952 0.0254349 3.54255e-05 3.0223e-06 0.0168261 0.0162693 6.53524e-06 0.0215852 0.00698974 0.000407107 0.246967 1.98296e-10 0.00314269 
0.0353637 0.778207 1.50143e-08 0.062362 9.43807e-08 0.00177992 0.00105403 0.0898154 0.0139688 3.51833e-08 9.18505e-08 4.77097e-09 1.93079e-07 0.0171649 2.37789e-12 3.36267e-08 1.00334e-06 3.27205e-05 0.000250071 6.07002e-10 1.98697e-08 
0.0885015 0.492092 5.47558e-08 2.00188e-05 0.00274944 0.0103779 0.014809 0.296736 0.0322318 0.00759393 1.22958e-10 1.12775e-08 0.0198779 0.0115277 3.82614e-08 0.000552497 0.0186583 5.05111e-06 4.04414e-05 7.87257e-06 0.00421923 
0.00693365 0.617861 0.000116853 1.09448e-07 4.55888e-06 1.12814e-11 2.06195e-05 0.259286 0.00220922 0.000190416 7.47271e-08 7.83691e-09 1.58104e-05 0.110306 1.49773e-10 8.4086e-05 0.000278392 2.32642e-11 0.00142976 8.55682e-07 0.00126369 
0.00714199 0.918771 1.67802e-06 0.00176219 1.14421e-06 0.0192447 0.000135467 0.013861 0.0104831 0.00310982 3.96253e-05 8.56893e-06 0.00231244 0.0143434 8.74561e-08 0.00322919 0.0036282 4.32839e-05 0.000605345 0.000405054 0.000872208 
0.067127 0.321994 1.05175e-08 5.50976e-07 0.244644 0.0025926 0.000364605 0.00312578 0.221706 7.63879e-07 7.42097e-05 4.09327e-08 0.133104 4.67149e-06 6.93843e-08 0.00244109 0.00214909 2.66522e-09 8.24071e-09 1.09228e-08 0.000671121 
0.029206 0.425288 2.72337e-05 4.01415e-05 0.0354069 0.0111132 0.00159683 0.119897 0.0933321 0.0147452 1.0938e-06 1.9882e-06 0.122483 0.0983979 1.03143e-07 0.000688965 0.0328314 3.78645e-05 0.0122963 1.6255e-06 0.00260796 
0.422549 0.466054 1.80164e-05 0.000855094 0.0207405 0.0165967 0.00144489 0.0314529 0.0203036 0.00358359 4.75116e-07 3.43499e-09 0.00879174 1.87537e-06 5.36499e-05 0.000961831 0.0018367 3.20168e-06 1.41587e-07 3.66277e-05 0.00471528 
0.0578619 0.701336 0.0112775 0.0053591 0.00196335 0.0130033 0.0105343 0.0381211 0.0139928 0.0135812 0.00050122 1.20126e-06 0.0444032 0.00160409 0.0204459 0.0043759 0.038142 9.18384e-05 0.000201984 0.018669 0.004533 
0.16147 0.519261 0.000135416 0.00189393 0.00202023 0.00809027 0.00884151 0.0581713 0.0839868 0.0230298 0.00120298 2.10639e-07 0.0158 0.0376041 1.92221e-07 0.00189956 0.0608054 1.91191e-05 0.00159639 0.00801572 0.00615571 
0.0236451 0.619995 3.93293e-05 0.00135486 2.85035e-05 0.00113772 0.00469838 0.132801 0.0420082 0.0736865 1.24455e-05 1.12131e-06 0.00946994 0.0494278 1.43793e-05 0.000621238 0.0248792 4.57178e-05 0.0031616 0.000601154 0.0123703 
0.0719704 0.616646 1.94158e-05 7.21775e-05 0.00442177 0.0404722 0.00312388 0.000172747 0.0317088 0.0238839 2.44834e-05 6.52615e-05 0.0961938 0.0179736 8.27927e-07 0.0045048 0.0105871 0.00131736 0.00146539 0.000326093 0.0750502 
0.238857 0.53568 2.06346e-07 6.03848e-05 0.0070607 0.010766 1.31938e-05 0.084355 0.0323401 0.00264757 0.00289709 7.20105e-06 0.00410228 0.00924563 3.86737e-07 0.000630045 0.0657513 1.94536e-05 0.00465339 7.42148e-05 0.000838588 
0.0386727 0.491136 0.00228871 0.000703508 0.00964698 0.0248912 0.0139175 0.154496 0.0320092 0.0173163 0.00225136 1.98462e-05 0.0277034 0.0317287 5.17037e-07 0.0186427 0.0813093 0.000135118 0.0016727 0.00873686 0.0427211 
0.089376 0.613431 2.54675e-05 0.00788726 0.0161455 0.0276594 0.0102008 0.0386331 0.0566571 0.0164516 0.00016235 1.35456e-06 0.0129756 0.0141384 6.70697e-05 0.00370009 0.0676118 0.000179899 0.00356491 0.0193901 0.00174083 
0.0269964 0.773579 6.95475e-07 0.00115154 5.19234e-05 0.00125814 0.000117448 0.146107 0.00821536 0.000339165 5.0568e-05 1.37086e-09 5.53495e-08 0.0149349 6.09217e-12 3.97373e-06 0.0263976 1.17957e-06 2.59282e-06 0.000784517 7.46037e-06 
0.0353637 0.778207 1.50143e-08 0.062362 9.43807e-08 0.00177992 0.00105403 0.0898154 0.0139688 3.51833e-08 9.18505e-08 4.77097e-09 1.93079e-07 0.0171649 2.37789e-12 3.36267e-08 1.00334e-06 3.27205e-05 0.000250071 6.07002e-10 1.98697e-08 
