6.34611e-05 1.32105e-08 1.39404e-07 2.65211e-05 1.47183e-05 0.00012209 0.00792513 2.22298e-08 0.0007413 0.00126817 9.10665e-05 0.000283762 5.53108e-05 0.989046 2.27429e-07 3.05265e-05 7.74326e-05 0.000178447 1.09227e-07 1.44777e-07 7.54458e-05 
0.0204821 3.86638e-10 4.08002e-09 2.36193e-09 0.352171 0.0770944 8.38308e-10 4.34066e-07 0.18861 0.0195349 0.293424 3.9268e-09 0.00135553 0.0245891 6.65626e-09 8.02463e-06 0.0224345 1.95251e-06 0.000290032 2.98929e-06 1.36992e-09 
0.000462325 3.08694e-06 3.25751e-05 7.18898e-05 0.000702969 0.000334965 0.000149744 5.19452e-06 0.994069 0.000122313 3.36516e-05 3.13518e-05 0.000870065 0.00157578 0.000262377 0.000351153 0.000186702 8.25481e-06 0.000204968 3.38305e-05 0.000487696 
1.20596e-10 4.97175e-11 6.82565e-07 3.03719e-10 2.69194e-10 8.51081e-07 7.5469e-07 8.36617e-11 0.0105947 5.53506e-11 0.00143306 1.21237e-06 7.12297e-11 0.985863 8.55923e-10 2.10275e-07 4.54795e-07 0.00210193 4.52593e-07 2.45244e-06 1.76156e-10 
5.52329e-11 2.27705e-11 2.52326e-06 6.8174e-07 1.23291e-10 0.0262457 7.10454e-06 3.83169e-11 0.500788 0.0270343 4.47059e-07 4.16506e-07 0.0159447 1.55007e-07 3.92012e-10 0.00762379 0.420092 6.08909e-11 1.88272e-10 2.49548e-10 0.00225961 
2.00825e-06 2.43437e-10 2.56888e-09 1.04247e-06 0.365457 0.139794 6.33911e-07 6.968e-07 0.208028 0.0377918 3.34402e-05 2.47241e-09 0.081623 0.151698 4.19095e-09 2.0585e-06 4.54333e-06 3.2614e-07 2.87849e-05 2.66789e-09 0.0155341 
2.26234e-05 2.64208e-10 2.51205e-06 1.61402e-09 1.43055e-09 5.37933e-06 0.000196776 4.44594e-10 0.75667 0.0660334 2.88021e-09 2.68337e-09 3.52069e-06 0.177044 4.54854e-09 1.29545e-05 2.31943e-06 7.06522e-10 1.96826e-06 2.89553e-09 4.86882e-06 
0.001207 1.9278e-08 3.50227e-05 1.17767e-07 0.00210153 0.000293314 4.17985e-08 3.24398e-08 3.5505e-05 0.000200453 2.10155e-07 7.83898e-05 0.000178895 0.971113 3.31885e-07 6.25257e-06 0.0218359 1.18162e-05 0.000546214 2.11272e-07 0.00235609 
0.0376136 8.50477e-09 8.97471e-08 5.19547e-08 4.6049e-08 1.10285e-08 7.56227e-05 1.43113e-08 9.90596e-05 9.46838e-09 9.27129e-08 8.63768e-08 1.21847e-08 0.962154 1.46416e-07 2.39642e-08 6.33628e-07 2.27427e-08 5.63259e-05 9.3206e-08 3.01337e-08 
0.001207 1.9278e-08 3.50227e-05 1.17767e-07 0.00210153 0.000293314 4.17985e-08 3.24398e-08 3.5505e-05 0.000200453 2.10155e-07 7.83898e-05 0.000178895 0.971113 3.31885e-07 6.25257e-06 0.0218359 1.18162e-05 0.000546214 2.11272e-07 0.00235609 
2.53653e-05 2.33273e-13 2.45143e-08 1.99596e-05 7.71573e-08 0.00297542 0.00402249 6.42627e-06 0.00099338 0.650115 8.38581e-08 2.36919e-12 0.0500518 1.27906e-05 7.58095e-09 0.0484924 0.228429 1.54247e-06 1.0838e-08 2.5565e-12 0.014855 
2.00825e-06 2.43437e-10 2.56888e-09 1.04247e-06 0.365457 0.139794 6.33911e-07 6.968e-07 0.208028 0.0377918 3.34402e-05 2.47241e-09 0.081623 0.151698 4.19095e-09 2.0585e-06 4.54333e-06 3.2614e-07 2.87849e-05 2.66789e-09 0.0155341 
1.69084e-07 6.97072e-08 0.00213394 4.25834e-07 3.77428e-07 9.03924e-08 0.98919 1.17299e-07 0.00231061 0.00032602 0.00114061 7.07965e-07 9.98687e-08 0.00448816 1.20006e-06 1.96416e-07 0.000200588 0.000205232 5.76354e-07 7.63939e-07 2.46983e-07 
4.04828e-10 1.66896e-10 5.06017e-06 0.00768918 1.87414e-06 0.185423 0.045562 9.89279e-07 0.0139354 0.209694 1.81938e-09 3.6526e-06 1.04331e-05 0.325194 2.2446e-07 0.00176109 0.197318 0.00397274 0.00119868 1.83559e-06 0.0082276 
0.00257143 8.7558e-08 9.23962e-07 5.34883e-07 0.00578149 1.1354e-07 0.000444464 1.47338e-07 0.000210722 0.0215799 1.97035e-05 8.89263e-07 0.000253924 0.968182 1.50738e-06 5.517e-05 0.000191635 1.86308e-05 7.23949e-07 9.59571e-07 0.000684848 
7.55053e-05 1.04424e-07 1.10195e-06 0.00043191 5.65404e-07 1.35412e-07 2.26413e-07 6.89335e-05 0.0238993 0.333919 1.13836e-06 1.06056e-06 0.325162 0.311511 1.79775e-06 0.0019043 1.84964e-05 2.79243e-07 8.63403e-07 1.14441e-06 0.00300203 
2.02129e-06 4.9787e-10 2.8399e-06 6.0083e-05 0.000143465 0.000617987 0.00176929 9.31983e-07 7.59974e-05 0.961902 0.000453735 5.05651e-09 0.000885515 9.4087e-05 8.84798e-07 0.000584939 0.00581426 0.0223685 0.000472928 3.09657e-06 0.00474729 
0.0204821 3.86638e-10 4.08002e-09 2.36193e-09 0.352171 0.0770944 8.38308e-10 4.34066e-07 0.18861 0.0195349 0.293424 3.9268e-09 0.00135553 0.0245891 6.65626e-09 8.02463e-06 0.0224345 1.95251e-06 0.000290032 2.98929e-06 1.36992e-09 
0.0416413 6.93693e-08 7.32024e-07 4.2377e-07 7.11827e-05 0.000989315 1.50407e-07 1.16731e-07 0.000265355 0.000427728 0.000325796 2.72682e-05 0.000760779 0.0433457 0.000181305 0.910756 0.000493957 1.13761e-05 0.000241337 2.67116e-06 0.000457422 
1.20596e-10 4.97175e-11 6.82565e-07 3.03719e-10 2.69194e-10 8.51081e-07 7.5469e-07 8.36617e-11 0.0105947 5.53506e-11 0.00143306 1.21237e-06 7.12297e-11 0.985863 8.55923e-10 2.10275e-07 4.54795e-07 0.00210193 4.52593e-07 2.45244e-06 1.76156e-10 
0.000355107 1.04164e-12 1.20316e-07 3.48588e-08 0.0114321 0.773936 0.0384079 0.00088193 0.0231214 0.00320082 9.69445e-08 4.69976e-06 0.0127627 2.72618e-12 1.79326e-11 0.119232 0.0166656 7.28734e-09 1.70075e-08 1.14156e-11 1.64269e-09 
2.61519e-07 1.07815e-07 1.13772e-06 0.000922734 5.8376e-07 1.39808e-07 0.00114568 1.81424e-07 0.000618325 0.00212465 1.17532e-06 1.09499e-06 1.54465e-07 0.994662 1.85611e-06 3.03793e-07 0.000517022 2.88308e-07 8.91434e-07 1.18157e-06 3.82003e-07 
5.73622e-07 1.63081e-11 1.72092e-10 2.39197e-07 1.32538e-07 1.10391e-06 1.85639e-06 2.74423e-11 0.00528182 1.46519e-06 2.84625e-07 0.00270444 5.00022e-07 0.989487 2.80756e-10 2.75757e-07 0.00245119 2.44258e-07 2.56328e-07 1.78724e-10 6.88702e-05 
3.02213e-08 1.24591e-08 1.31476e-07 7.61114e-08 6.74597e-08 0.988991 2.70139e-08 2.09655e-08 4.68994e-05 0.00017756 1.3582e-07 1.26538e-07 0.000110688 0.0105423 2.14493e-07 3.51065e-08 4.22854e-05 3.33171e-08 1.03015e-07 1.36543e-07 8.83334e-05 
4.67969e-08 1.92926e-08 2.03587e-07 1.17857e-07 1.0446e-07 2.50176e-08 4.18303e-08 3.24645e-08 0.000183233 2.14785e-08 2.10314e-07 0.000627208 2.76403e-08 0.998539 3.32137e-07 5.43616e-08 4.98236e-05 0.00028896 0.000303239 2.11433e-07 6.90403e-06 
1.20596e-10 4.97175e-11 6.82565e-07 3.03719e-10 2.69194e-10 8.51081e-07 7.5469e-07 8.36617e-11 0.0105947 5.53506e-11 0.00143306 1.21237e-06 7.12297e-11 0.985863 8.55923e-10 2.10275e-07 4.54795e-07 0.00210193 4.52593e-07 2.45244e-06 1.76156e-10 
3.87712e-08 7.95605e-09 0.000353038 3.53815e-05 8.08233e-07 0.0116997 0.00610051 1.46817e-07 0.00808369 0.00395306 0.00289507 3.8102e-08 0.000158101 0.0460224 7.93968e-08 0.00179603 0.0104695 0.907128 0.000681817 0.000620823 1.89349e-06 
0.000401633 4.66187e-09 1.50587e-07 0.000122513 0.0552251 0.00244007 0.000111924 9.06507e-09 0.00833816 0.136489 0.000302251 6.36162e-06 0.100375 0.00188135 0.623763 0.0157165 0.00365475 0.0282082 0.000771188 7.03326e-06 0.0221856 
0.00522439 5.17796e-11 7.84557e-05 0.000214817 0.0106766 0.0326199 9.15991e-07 1.02528e-06 0.00395457 0.0832078 0.000562129 5.25887e-10 0.542665 0.000770299 5.55737e-06 0.0306348 0.028419 2.11693e-05 6.58924e-05 5.67466e-10 0.260878 
3.31234e-06 9.41697e-11 9.93732e-10 1.38123e-06 7.65329e-07 6.37447e-06 1.07196e-05 1.58463e-10 0.00978673 8.46062e-06 1.64354e-06 4.87865e-06 0.0150171 0.968849 1.6212e-09 1.59234e-06 4.0429e-06 2.5182e-10 1.56502e-07 1.03203e-09 0.0063039 
0.000764386 1.14666e-07 7.01152e-06 7.00482e-07 6.18729e-05 0.00473905 6.66716e-06 2.36223e-05 0.000750133 0.000186137 0.000137351 1.14728e-05 0.000200888 0.896503 1.97406e-06 2.11053e-06 3.95281e-06 0.000164918 4.79439e-06 0.0372818 0.0591476 
3.90806e-10 1.61115e-10 1.70018e-09 9.84235e-10 3.54382e-06 2.08925e-10 0.0103773 2.71115e-10 0.000888288 1.7937e-10 1.75636e-09 0.000175511 0.00565423 0.862279 2.77372e-09 0.120415 1.52255e-05 0.000140404 5.10083e-05 1.7657e-09 9.45391e-08 
4.93684e-05 2.41499e-08 0.00027299 0.000477643 0.000878119 0.00521934 0.0888474 3.75362e-05 0.0111338 0.260201 0.000666367 3.47671e-05 0.00904794 0.618593 2.12253e-05 0.00228938 0.00128514 3.14225e-07 2.88536e-05 4.44422e-08 0.000915469 
0.0072626 1.43776e-10 4.76594e-06 2.95563e-06 0.0266516 0.000235752 0.0350457 1.04946e-05 0.0123669 0.380194 0.00123819 1.52063e-08 0.0661149 0.0443706 2.47522e-09 0.0328808 0.0180752 1.82927e-07 0.00050064 1.57568e-09 0.375044 
0.0204821 3.86638e-10 4.08002e-09 2.36193e-09 0.352171 0.0770944 8.38308e-10 4.34066e-07 0.18861 0.0195349 0.293424 3.9268e-09 0.00135553 0.0245891 6.65626e-09 8.02463e-06 0.0224345 1.95251e-06 0.000290032 2.98929e-06 1.36992e-09 
0.000594746 6.75921e-10 2.59759e-05 2.21455e-07 0.00151998 0.00327487 0.0646199 5.44494e-08 0.00315591 0.66603 3.04239e-06 6.86483e-09 0.2364 2.46517e-05 0.000110816 0.00935999 0.0129928 5.58292e-05 0.00105788 1.70839e-06 0.000771475 
1.94229e-08 8.00735e-09 8.44981e-08 0.000107664 4.33557e-08 0.000120459 0.00012502 3.10044e-05 0.000314202 8.9146e-09 8.72904e-08 8.13248e-08 1.1472e-08 0.999272 1.37853e-07 2.25626e-08 2.89484e-05 2.14125e-08 6.62065e-08 8.77546e-08 2.83713e-08 
6.19284e-05 1.70984e-08 1.80431e-07 1.04452e-07 9.25788e-08 3.17311e-06 0.00100381 2.87721e-08 3.06343e-08 1.90356e-08 1.86394e-07 1.73656e-07 2.44966e-08 4.47499e-08 2.94361e-07 4.81787e-08 7.08125e-05 4.57229e-08 0.998859 1.87385e-07 6.05821e-08 
2.79771e-07 7.63786e-12 8.0599e-11 4.66588e-11 0.00121628 0.0139982 1.65604e-11 1.28525e-11 1.34121e-07 0.0418477 8.32624e-11 7.75721e-11 0.782759 3.25853e-07 0.00671584 0.153462 1.88184e-07 1.43176e-08 6.31514e-11 8.37052e-11 4.54669e-07 
2.29544e-08 9.46326e-09 9.98616e-08 3.58511e-05 5.12387e-08 0.00134982 0.000260565 1.59242e-08 4.45609e-05 1.05355e-08 1.03162e-07 0.000217835 1.35579e-08 0.996875 1.62917e-07 2.25398e-05 1.65094e-05 0.00116611 1.03564e-05 1.0371e-07 3.35298e-08 
0.0072626 1.43776e-10 4.76594e-06 2.95563e-06 0.0266516 0.000235752 0.0350457 1.04946e-05 0.0123669 0.380194 0.00123819 1.52063e-08 0.0661149 0.0443706 2.47522e-09 0.0328808 0.0180752 1.82927e-07 0.00050064 1.57568e-09 0.375044 
0.0072626 1.43776e-10 4.76594e-06 2.95563e-06 0.0266516 0.000235752 0.0350457 1.04946e-05 0.0123669 0.380194 0.00123819 1.52063e-08 0.0661149 0.0443706 2.47522e-09 0.0328808 0.0180752 1.82927e-07 0.00050064 1.57568e-09 0.375044 
6.97376e-08 9.21454e-13 4.61886e-07 0.000396135 1.45385e-06 8.91986e-07 1.25748e-06 3.05602e-05 0.00117197 0.878503 0.00015959 9.35854e-12 2.04281e-06 0.00382899 1.42788e-07 2.15581e-06 0.0468743 0.0639714 2.04191e-07 1.00985e-11 0.00505506 
0.000143567 3.46037e-08 3.65158e-07 2.11391e-07 0.000372758 0.000940866 7.50279e-08 3.66235e-05 0.00116585 0.000973077 0.0163056 3.51445e-07 4.95764e-08 0.978129 5.95729e-07 0.000677006 0.000695499 0.00016473 0.000239839 0.000153578 1.22606e-07 
0.0285536 2.49716e-09 1.94814e-07 2.50308e-06 0.020639 0.0129111 0.40105 4.44763e-07 0.0233168 0.0401447 5.32747e-06 0.0140323 1.09743e-05 0.337335 1.14532e-07 2.97002e-05 0.121858 3.71825e-06 8.12615e-07 6.49976e-05 3.98686e-05 
4.92088e-10 2.0287e-10 2.1408e-09 1.23931e-09 1.09844e-09 2.6307e-10 4.39862e-10 3.41377e-10 3.63472e-10 0.00190075 0.0336548 2.0604e-09 2.90649e-10 0.650452 3.49256e-09 5.71633e-10 0.0208405 5.42496e-10 0.142004 2.2233e-09 0.151148 
0.000479669 2.55487e-09 0.000145614 7.0249e-05 0.00204873 0.000144782 0.000799906 7.30906e-05 0.000282891 0.979908 2.78514e-08 2.07844e-05 0.00107395 0.0005336 4.39841e-08 0.000204457 0.00388248 6.83202e-09 0.000213376 2.79995e-08 0.0101187 
0.000120977 2.43186e-11 4.67364e-05 2.12285e-05 0.00300955 0.0025388 0.00455424 5.73033e-05 0.00118873 0.72482 0.00154775 7.5107e-07 0.00227674 0.0514498 4.025e-07 0.00173545 0.0910716 0.0295165 0.000546507 2.66514e-10 0.0854966 
5.89056e-07 2.42846e-07 2.56265e-06 1.48352e-06 1.31489e-06 3.1491e-07 5.2654e-07 4.08648e-07 4.35096e-07 2.70361e-07 0.00370893 2.46641e-06 3.47923e-07 0.995066 4.18078e-06 6.84277e-07 0.00035845 0.000844867 2.00791e-06 2.66142e-06 8.60441e-07 
8.57065e-10 3.53337e-10 3.72861e-09 2.1585e-09 1.91314e-09 1.91068e-05 5.82316e-06 5.94575e-10 3.62747e-05 2.73003e-05 3.85182e-09 3.58858e-09 0.000199451 9.24755e-10 6.08296e-09 3.31547e-05 0.999571 9.44862e-10 2.92146e-09 3.87231e-09 0.000107792 
0.00347702 1.98518e-07 2.09487e-06 8.90643e-05 0.00161902 0.00164041 0.000102477 0.00158443 0.829402 0.00424047 2.1641e-06 2.0162e-06 0.00490885 0.152673 3.41763e-06 5.59371e-07 0.000191238 5.30859e-07 1.71999e-05 4.34202e-05 7.03378e-07 
0.16932 1.16881e-09 1.23339e-08 7.14726e-06 6.3285e-09 1.51565e-09 2.53421e-09 1.9668e-09 1.48702e-05 1.09317e-05 2.29475e-05 1.18707e-08 2.24405e-05 1.65218e-05 2.01219e-08 3.2934e-09 0.141887 2.50355e-06 1.16064e-05 1.28093e-08 0.688683 
8.71768e-10 3.59398e-10 3.79257e-09 4.39323e-06 1.94596e-09 0.00841237 1.2235e-05 1.81493e-06 1.2557e-05 2.59281e-05 0.0485897 4.74884e-06 5.14906e-10 0.94291 6.18731e-09 1.01269e-09 4.02994e-06 1.1726e-05 1.04035e-05 3.93874e-09 1.2734e-09 
3.78015e-11 1.55842e-11 1.64453e-10 8.39586e-05 8.43803e-11 2.52629e-07 2.16288e-07 2.62242e-11 2.79214e-11 1.73499e-11 6.79719e-07 0.00146349 2.23273e-11 0.99307 2.68294e-10 6.59118e-08 4.82934e-08 0.00538054 3.86689e-07 1.70791e-10 5.52171e-11 
0.000105393 6.72495e-08 0.000107578 4.1082e-07 0.490664 4.43227e-05 1.49815e-05 1.13164e-07 1.20488e-07 0.000200994 7.33106e-07 0.309379 9.63476e-08 0.0953719 1.15775e-06 1.89491e-07 3.5891e-05 0.0398155 0.0636171 7.37004e-07 0.000639676 
4.52335e-07 5.97677e-12 2.9959e-06 7.33914e-07 9.43002e-06 5.78564e-06 8.15631e-06 0.109445 1.72726e-06 6.4313e-05 0.179366 6.07017e-11 1.32502e-05 0.0158932 9.26154e-07 1.39831e-05 0.214278 0.000188521 0.0014582 6.5501e-11 0.47925 
0.000244988 8.81401e-11 9.30104e-10 5.38438e-10 0.934144 1.44023e-06 1.91105e-10 1.48317e-10 2.21099e-06 1.59956e-06 9.6084e-10 9.04126e-08 2.05845e-06 0.0655867 1.5174e-09 1.05553e-05 7.41255e-07 2.35696e-10 7.28761e-10 5.80536e-07 5.12193e-06 
1.55062e-09 6.39262e-10 6.74585e-09 3.90518e-09 6.81903e-05 5.10648e-05 0.000105202 1.07571e-09 0.254476 0.0624274 1.40073e-06 6.49252e-09 9.52507e-05 0.0636123 1.10054e-08 4.68511e-06 0.619004 1.70946e-09 0.000141658 7.00584e-09 1.29128e-05 
0.00522439 5.17796e-11 7.84557e-05 0.000214817 0.0106766 0.0326199 9.15991e-07 1.02528e-06 0.00395457 0.0832078 0.000562129 5.25887e-10 0.542665 0.000770299 5.55737e-06 0.0306348 0.028419 2.11693e-05 6.58924e-05 5.67466e-10 0.260878 
1.20596e-10 4.97175e-11 6.82565e-07 3.03719e-10 2.69194e-10 8.51081e-07 7.5469e-07 8.36617e-11 0.0105947 5.53506e-11 0.00143306 1.21237e-06 7.12297e-11 0.985863 8.55923e-10 2.10275e-07 4.54795e-07 0.00210193 4.52593e-07 2.45244e-06 1.76156e-10 
0.000976239 1.08698e-10 1.14704e-09 6.64023e-10 0.0327023 0.40131 0.0233594 1.8291e-10 0.317742 0.0171807 1.18494e-09 1.10396e-09 0.152056 0.0330656 1.87131e-09 9.42476e-05 0.0171213 2.9067e-10 8.98736e-10 1.19125e-09 0.00439135 
1.91442e-08 7.89244e-09 8.32854e-08 4.8214e-08 4.27335e-08 0.000110543 0.00245051 1.32809e-08 0.000687241 2.64478e-06 8.60377e-08 0.000120317 1.13074e-08 0.994407 1.35874e-07 0.00120981 0.00039007 6.12263e-05 0.000358976 8.64953e-08 0.00020137 
3.90572e-06 1.46896e-09 1.55013e-08 8.97372e-09 0.999949 1.90487e-09 3.185e-09 2.47188e-09 3.2143e-06 3.02073e-06 1.60136e-08 1.49192e-08 9.02375e-06 8.30426e-06 2.52893e-08 1.50276e-05 2.03539e-06 3.92816e-09 1.21457e-08 1.60987e-08 6.19372e-06 
0.000414071 2.18013e-09 0.00010355 0.000109222 0.00113794 0.000375721 0.000799333 0.00033348 0.000810115 0.0020837 0.00107901 7.53049e-05 0.000162422 0.00126328 3.75326e-08 0.000230369 0.000950914 0.000276343 0.00216672 2.38926e-08 0.987628 
0.000171054 4.48567e-08 7.59136e-05 4.52346e-05 0.00187803 0.00141528 0.00255223 0.000116123 0.000817696 0.854157 0.00113914 2.0216e-05 0.00129266 0.0265171 8.82924e-06 0.00104579 0.0460355 0.0164288 0.000842774 4.91596e-07 0.0454401 
2.44991e-09 1.01001e-09 1.06582e-08 1.07313e-06 7.56278e-06 0.00335583 3.02849e-06 1.69958e-09 0.0560439 0.137112 1.10104e-08 1.65486e-05 2.31477e-05 0.803147 1.68377e-05 1.94868e-07 1.49457e-05 1.86891e-06 0.00013094 1.94291e-05 0.000106134 
7.60728e-05 7.6143e-14 3.81672e-08 5.98486e-05 1.20137e-07 0.00892611 0.00986114 1.92689e-05 0.0016702 0.799671 1.30569e-07 7.73328e-13 0.024595 3.83568e-05 1.1799e-08 0.00017832 0.154562 2.40172e-06 1.6873e-08 8.3447e-13 0.000339443 
2.47809e-10 1.02163e-10 1.13209e-05 3.05871e-06 5.53158e-10 0.163826 0.433536 1.71913e-10 0.000198818 1.59575e-05 2.00579e-06 1.8687e-06 0.338744 6.49764e-06 1.75881e-09 0.0315449 4.29327e-05 2.73194e-10 1.69785e-07 1.11963e-09 0.0320671 
4.86737e-07 2.00664e-07 2.11752e-06 2.6498e-05 1.08649e-06 5.29304e-05 8.19779e-05 3.3512e-05 0.00012771 7.01457e-05 2.18749e-06 2.038e-06 2.87489e-07 0.962801 3.45458e-06 5.65418e-07 0.00442393 2.46733e-05 0.0322763 6.8145e-05 7.10983e-07 
2.2562e-07 8.44821e-11 8.91502e-10 5.16092e-10 4.57427e-10 1.09552e-10 9.16054e-07 1.42162e-10 0.00449409 9.40541e-11 9.20963e-10 2.74653e-06 1.21037e-10 0.99145 1.45442e-09 2.38048e-10 2.18176e-07 0.00405039 1.32788e-06 9.25861e-10 3.02326e-08 
2.53653e-05 2.33273e-13 2.45143e-08 1.99596e-05 7.71573e-08 0.00297542 0.00402249 6.42627e-06 0.00099338 0.650115 8.38581e-08 2.36919e-12 0.0500518 1.27906e-05 7.58095e-09 0.0484924 0.228429 1.54247e-06 1.0838e-08 2.5565e-12 0.014855 
0.0421829 3.53249e-08 3.72768e-07 2.15796e-07 0.00143467 0.0200408 7.65914e-08 5.94427e-08 0.00537338 0.875046 0.00658538 0.000538513 0.0154107 0.00337461 0.00364948 0.001951 0.0100061 0.000226805 0.00487792 3.91005e-05 0.00926207 
0.0072626 1.43776e-10 4.76594e-06 2.95563e-06 0.0266516 0.000235752 0.0350457 1.04946e-05 0.0123669 0.380194 0.00123819 1.52063e-08 0.0661149 0.0443706 2.47522e-09 0.0328808 0.0180752 1.82927e-07 0.00050064 1.57568e-09 0.375044 
1.91442e-08 7.89244e-09 8.32854e-08 4.8214e-08 4.27335e-08 0.000110543 0.00245051 1.32809e-08 0.000687241 2.64478e-06 8.60377e-08 0.000120317 1.13074e-08 0.994407 1.35874e-07 0.00120981 0.00039007 6.12263e-05 0.000358976 8.64953e-08 0.00020137 
1.01842e-07 4.19859e-08 5.09239e-05 2.39136e-05 0.0002031 0.225968 6.01838e-05 4.28724e-06 7.5224e-08 0.0586571 0.000150283 1.19943e-05 2.87802e-05 0.708275 7.22818e-07 0.00036128 2.27145e-06 6.81351e-05 0.00609908 4.60134e-07 3.43169e-05 
2.76834e-06 1.70315e-10 1.79726e-09 1.04044e-09 1.40178e-05 0.0860342 1.37006e-05 1.14668e-06 1.0833e-05 4.36298e-07 1.85666e-09 1.72977e-09 0.0307205 0.000321922 2.93211e-09 0.752896 0.129984 4.55442e-10 4.2387e-07 1.86653e-09 6.03453e-10 
0.00420528 5.71574e-11 1.10201e-07 3.49168e-10 0.00141592 1.1365e-07 0.0302082 2.79801e-08 0.00566934 0.296833 2.25087e-06 5.80506e-10 0.274509 0.0161248 1.66754e-06 0.240377 0.0453833 1.52845e-10 0.00285959 6.26403e-10 0.0824101 
7.18158e-06 6.83543e-06 0.000217171 1.46986e-05 5.609e-05 0.0025211 5.9035e-05 6.88673e-06 0.00738137 0.985151 3.81569e-05 2.12566e-05 0.000142267 0.00223408 3.44729e-05 0.000141537 0.000130866 0.00158195 5.18999e-05 3.03384e-05 0.000171986 
5.52817e-08 2.27906e-08 2.405e-07 1.39226e-07 0.00128348 0.409864 0.000627616 4.60593e-05 0.000412453 0.00137777 4.9938e-05 2.31468e-07 0.00310196 0.5766 3.92358e-07 0.000231249 2.85964e-05 6.09447e-08 0.000527815 0.000299972 0.00554765 
4.83534e-10 1.99344e-10 2.56658e-05 2.04597e-05 1.07934e-09 0.835615 0.000127288 7.04768e-07 0.163972 2.04177e-05 2.1731e-09 2.02459e-09 5.1522e-05 5.21723e-10 3.43185e-09 8.43104e-07 7.77285e-05 2.71917e-06 7.51603e-05 2.18466e-09 1.03834e-05 
5.57715e-05 1.08287e-11 2.47558e-07 4.71143e-05 0.01295 0.00415412 0.000268297 1.48877e-08 0.00692897 0.147725 0.000237475 7.96383e-06 0.144405 0.00267659 0.556726 0.00312111 0.00589999 0.0676924 0.00024954 1.67949e-05 0.0468366 
0.0204821 3.86638e-10 4.08002e-09 2.36193e-09 0.352171 0.0770944 8.38308e-10 4.34066e-07 0.18861 0.0195349 0.293424 3.9268e-09 0.00135553 0.0245891 6.65626e-09 8.02463e-06 0.0224345 1.95251e-06 0.000290032 2.98929e-06 1.36992e-09 
2.41101e-09 9.93972e-10 1.0489e-08 1.39718e-05 5.38185e-09 1.28893e-09 1.01313e-05 5.18674e-06 2.40433e-05 0.508009 4.11862e-05 1.00951e-08 1.86565e-05 0.491606 1.7112e-08 1.28862e-05 2.74226e-05 2.65799e-09 0.000129859 0.000101317 3.52179e-09 
1.58013e-08 6.51428e-09 6.87423e-08 3.9795e-08 3.52715e-08 7.31194e-06 0.00765823 1.09619e-08 6.58831e-05 4.09386e-05 1.42398e-05 6.61608e-08 9.33294e-09 0.992005 1.12148e-07 1.83555e-08 1.15098e-05 1.74199e-08 0.000135159 7.13917e-08 6.11357e-05 
0.00248911 8.07943e-08 0.00221758 4.93564e-07 4.37459e-07 1.0477e-07 0.000420601 0.000557556 0.000839726 0.00342711 8.80761e-07 8.20568e-07 0.0032412 0.971765 1.39093e-06 0.00159383 0.00495861 2.16053e-07 0.00147032 8.85445e-07 0.0070138 
1.20596e-10 4.97175e-11 6.82565e-07 3.03719e-10 2.69194e-10 8.51081e-07 7.5469e-07 8.36617e-11 0.0105947 5.53506e-11 0.00143306 1.21237e-06 7.12297e-11 0.985863 8.55923e-10 2.10275e-07 4.54795e-07 0.00210193 4.52593e-07 2.45244e-06 1.76156e-10 
0.00563832 3.97243e-11 4.19235e-06 0.00437074 3.9793e-06 8.412e-06 2.93712e-06 6.69125e-08 0.0797992 0.533381 2.81524e-06 4.0345e-10 0.330062 0.0120702 6.83883e-10 3.47001e-06 0.0346436 2.15652e-06 1.34697e-06 3.09141e-06 2.604e-06 
0.000224286 3.44459e-08 0.000143363 3.12182e-07 0.000422383 1.52455e-06 0.0448136 2.90037e-06 0.00323863 0.000516072 0.000327114 0.629165 0.00488815 0.307008 9.60283e-08 0.00426878 0.001478 3.9094e-05 8.68584e-06 0.00300615 0.000447202 
3.31234e-06 9.41697e-11 9.93732e-10 1.38123e-06 7.65329e-07 6.37447e-06 1.07196e-05 1.58463e-10 0.00978673 8.46062e-06 1.64354e-06 4.87865e-06 0.0150171 0.968849 1.6212e-09 1.59234e-06 4.0429e-06 2.5182e-10 1.56502e-07 1.03203e-09 0.0063039 
5.05747e-06 2.98511e-07 7.42849e-06 0.00126765 0.000103932 0.0184579 0.000137703 4.22601e-06 0.000247417 0.0845119 0.00039534 1.65331e-06 0.000675223 0.01344 4.41698e-06 0.000302888 2.70774e-05 0.822832 0.0563238 9.47451e-05 0.00115971 
1.20596e-10 4.97175e-11 6.82565e-07 3.03719e-10 2.69194e-10 8.51081e-07 7.5469e-07 8.36617e-11 0.0105947 5.53506e-11 0.00143306 1.21237e-06 7.12297e-11 0.985863 8.55923e-10 2.10275e-07 4.54795e-07 0.00210193 4.52593e-07 2.45244e-06 1.76156e-10 
4.0772e-06 3.41433e-12 3.603e-11 2.08578e-11 0.00285671 0.50557 2.5837e-07 5.74544e-12 0.0443024 0.0742784 0.00776608 5.205e-08 0.269456 3.26173e-07 3.52741e-07 0.00854263 0.0847224 2.19219e-08 0.00249929 3.77927e-09 8.95227e-07 
0.0072626 1.43776e-10 4.76594e-06 2.95563e-06 0.0266516 0.000235752 0.0350457 1.04946e-05 0.0123669 0.380194 0.00123819 1.52063e-08 0.0661149 0.0443706 2.47522e-09 0.0328808 0.0180752 1.82927e-07 0.00050064 1.57568e-09 0.375044 
1.20596e-10 4.97175e-11 6.82565e-07 3.03719e-10 2.69194e-10 8.51081e-07 7.5469e-07 8.36617e-11 0.0105947 5.53506e-11 0.00143306 1.21237e-06 7.12297e-11 0.985863 8.55923e-10 2.10275e-07 4.54795e-07 0.00210193 4.52593e-07 2.45244e-06 1.76156e-10 
1.06988e-07 4.41074e-08 4.65446e-07 2.69447e-07 2.38819e-07 5.71961e-08 0.000138651 7.42214e-08 0.332241 2.25156e-05 4.80827e-07 0.000118097 0.332594 0.334068 7.59342e-07 0.00068557 8.98439e-05 1.17948e-07 3.64689e-07 4.83384e-07 3.82901e-05 
0.151718 3.16504e-07 1.60014e-05 5.03512e-06 0.0106538 0.00814891 0.025565 4.05367e-05 0.000313411 0.73795 0.0020304 3.2145e-06 0.00626826 0.000539128 9.36269e-06 0.0160244 0.00361879 0.000797603 8.21425e-06 3.46865e-06 0.0362868 
0.000233763 7.57453e-09 5.5256e-06 4.6272e-08 4.10121e-08 2.86051e-06 1.64231e-08 1.05629e-06 0.00825926 0.346263 8.2572e-08 2.44565e-05 0.0763717 0.0129497 1.30401e-07 0.0100812 0.00411314 7.2154e-06 6.26278e-08 7.3535e-06 0.541679 
3.31234e-06 9.41697e-11 9.93732e-10 1.38123e-06 7.65329e-07 6.37447e-06 1.07196e-05 1.58463e-10 0.00978673 8.46062e-06 1.64354e-06 4.87865e-06 0.0150171 0.968849 1.6212e-09 1.59234e-06 4.0429e-06 2.5182e-10 1.56502e-07 1.03203e-09 0.0063039 
0.0072626 1.43776e-10 4.76594e-06 2.95563e-06 0.0266516 0.000235752 0.0350457 1.04946e-05 0.0123669 0.380194 0.00123819 1.52063e-08 0.0661149 0.0443706 2.47522e-09 0.0328808 0.0180752 1.82927e-07 0.00050064 1.57568e-09 0.375044 
2.84468e-10 1.17276e-10 0.000866682 0.000456406 0.00173389 0.0463468 2.44184e-06 1.71519e-07 1.84553e-06 0.237847 6.08874e-06 4.71199e-07 0.0182185 5.70093e-06 4.98149e-06 0.685533 0.000357585 2.7641e-06 0.000247794 1.28526e-09 0.00836818 
2.80314e-09 1.15563e-09 1.21949e-08 5.48721e-06 4.37774e-06 0.0716101 0.069784 9.68649e-07 0.0192149 0.00819379 1.25979e-08 1.17369e-08 1.65566e-09 0.831157 1.98951e-08 3.25627e-09 3.17716e-06 2.90799e-06 8.53942e-06 1.26649e-08 1.51019e-05 
1.70978e-07 7.04878e-08 7.43827e-07 0.000341588 3.81655e-07 0.00133841 0.0165114 1.18613e-07 0.000229997 0.980464 7.68407e-07 5.74347e-05 0.00020927 0.000584829 2.6602e-05 6.66846e-05 0.000165403 1.88492e-07 5.82808e-07 7.72494e-07 2.49749e-07 
0.0072626 1.43776e-10 4.76594e-06 2.95563e-06 0.0266516 0.000235752 0.0350457 1.04946e-05 0.0123669 0.380194 0.00123819 1.52063e-08 0.0661149 0.0443706 2.47522e-09 0.0328808 0.0180752 1.82927e-07 0.00050064 1.57568e-09 0.375044 
2.45938e-06 4.22799e-10 4.46162e-09 2.58284e-09 2.28986e-05 0.0285462 0.174792 7.11462e-10 0.0053878 0.0608737 4.60906e-09 6.11925e-07 5.4541e-08 0.643803 2.76834e-05 1.19134e-09 2.96495e-06 0.00297106 0.00748498 4.63357e-09 0.0760848 
0.00139124 4.433e-12 4.67795e-11 2.70807e-11 1.38736e-06 0.0012826 0.105982 1.86565e-08 0.00864808 7.20058e-07 4.68805e-07 1.8914e-07 3.22642e-07 0.0301857 7.63174e-11 0.845016 0.00614553 1.18543e-11 6.23467e-08 1.65228e-07 0.00134606 
5.23643e-07 2.15879e-07 2.27807e-06 5.34316e-06 1.16887e-06 2.7994e-07 1.18949e-05 3.63268e-07 8.56237e-06 2.40338e-07 3.82608e-05 0.000194381 3.09287e-07 0.99885 3.71652e-06 6.0829e-07 2.38208e-06 0.00079563 8.03037e-05 2.36587e-06 1.06995e-06 
8.412e-11 3.46796e-11 3.65958e-10 2.11854e-10 9.57822e-07 4.49706e-11 7.51923e-11 5.83568e-11 6.21337e-11 0.0150429 3.78052e-10 3.52215e-10 0.620011 4.62986e-07 5.97035e-10 1.4561e-06 0.176187 9.27371e-11 7.45807e-07 3.83863e-08 0.188756 
6.19284e-05 1.70984e-08 1.80431e-07 1.04452e-07 9.25788e-08 3.17311e-06 0.00100381 2.87721e-08 3.06343e-08 1.90356e-08 1.86394e-07 1.73656e-07 2.44966e-08 4.47499e-08 2.94361e-07 4.81787e-08 7.08125e-05 4.57229e-08 0.998859 1.87385e-07 6.05821e-08 
3.33195e-05 1.47957e-08 1.56133e-07 9.03856e-08 8.01113e-08 1.91863e-08 3.20801e-08 2.48974e-08 2.65088e-08 8.38042e-06 1.61292e-07 1.50269e-07 1.1776e-06 0.999828 2.5472e-07 8.87416e-05 3.88035e-05 3.95654e-08 1.22334e-07 1.6215e-07 5.24235e-08 
0.00204218 1.3732e-13 2.93569e-05 5.64191e-05 0.00690959 0.00314519 0.00851385 0.00190937 0.010583 0.112676 0.00308563 1.61318e-05 0.000531998 0.017617 2.36407e-12 0.00054415 0.0354162 0.000825066 0.0164045 1.50493e-12 0.779695 
5.05177e-09 2.08266e-09 0.000147271 1.27227e-08 1.12765e-08 0.00014908 0.000351771 3.50458e-09 3.02281e-05 0.00328109 2.27037e-08 2.1152e-08 2.9838e-09 0.994365 3.58545e-08 0.000151997 0.000679957 1.78272e-05 0.00054761 0.000105015 0.00017268 
0.0072626 1.43776e-10 4.76594e-06 2.95563e-06 0.0266516 0.000235752 0.0350457 1.04946e-05 0.0123669 0.380194 0.00123819 1.52063e-08 0.0661149 0.0443706 2.47522e-09 0.0328808 0.0180752 1.82927e-07 0.00050064 1.57568e-09 0.375044 
4.69287e-05 8.0579e-09 8.50315e-08 0.000108344 0.000231279 0.460755 0.528525 3.12002e-05 0.000316185 8.97088e-09 8.78415e-08 8.18382e-08 1.15445e-08 0.00995624 1.38723e-07 2.2705e-08 2.91312e-05 2.15477e-08 6.66245e-08 8.83086e-08 2.85504e-08 
6.63101e-05 9.05384e-14 5.16019e-09 0.000209365 0.00128512 0.000679825 0.000388378 1.11402e-05 0.000529328 0.934047 5.24099e-08 7.36546e-10 0.00314744 0.00437946 1.55869e-12 0.000370975 1.37585e-07 3.58569e-08 0.00292632 1.38923e-08 0.0519587 
6.68918e-05 8.83852e-10 0.000443037 0.000108532 0.00139452 0.000855587 0.00120616 2.66241e-05 0.000255429 0.00951068 0.00151562 8.97664e-09 0.00195945 0.0393454 0.000136961 0.00206783 0.0014273 0.0278787 0.000195859 9.68636e-09 0.911605 
3.45426e-08 3.91345e-11 4.12969e-10 0.00139345 0.000538179 0.00227354 1.08251e-07 2.64145e-08 0.000691714 0.869293 2.10829e-06 3.9746e-10 0.000556044 0.0368069 6.7373e-10 5.25452e-07 0.011676 0.00160287 0.0170002 0.000233464 0.0579316 
0.0072626 1.43776e-10 4.76594e-06 2.95563e-06 0.0266516 0.000235752 0.0350457 1.04946e-05 0.0123669 0.380194 0.00123819 1.52063e-08 0.0661149 0.0443706 2.47522e-09 0.0328808 0.0180752 1.82927e-07 0.00050064 1.57568e-09 0.375044 
3.23828e-08 1.33503e-08 1.40879e-07 8.15553e-08 0.000860258 0.0898158 0.000338698 3.14735e-05 0.000664974 1.93366e-05 1.45535e-07 1.35589e-07 1.91268e-08 0.906532 0.000161114 3.76175e-08 0.000546563 5.00158e-05 6.63403e-05 1.46309e-07 0.000912976 
2.56152e-09 1.05602e-09 6.99051e-05 1.96219e-05 5.71781e-09 0.00150721 0.00836218 1.77701e-09 7.63177e-06 4.40901e-05 0.000590247 0.238224 7.68235e-07 0.747539 1.8289e-06 0.000290907 1.54041e-06 0.003296 1.53964e-06 8.31269e-06 3.44506e-05 
0.000840605 1.94238e-09 5.2552e-05 9.03358e-05 0.00557358 0.184678 0.0095945 2.93272e-05 0.00365494 0.56074 1.56678e-05 1.97273e-08 0.0170125 0.0956519 4.76066e-05 0.000996076 0.00365065 0.107696 8.0145e-05 2.12871e-08 0.00959595 
0.0204821 3.86638e-10 4.08002e-09 2.36193e-09 0.352171 0.0770944 8.38308e-10 4.34066e-07 0.18861 0.0195349 0.293424 3.9268e-09 0.00135553 0.0245891 6.65626e-09 8.02463e-06 0.0224345 1.95251e-06 0.000290032 2.98929e-06 1.36992e-09 
8.41151e-06 2.84908e-14 1.42812e-08 0.000294228 0.000795698 0.00365434 0.000532702 3.69122e-06 0.000434749 0.832873 0.00259428 2.89361e-13 0.00522361 0.000488749 4.41491e-09 0.00341287 4.60089e-08 0.133094 0.00244332 4.37165e-09 0.0141462 
5.57715e-05 1.08287e-11 2.47558e-07 4.71143e-05 0.01295 0.00415412 0.000268297 1.48877e-08 0.00692897 0.147725 0.000237475 7.96383e-06 0.144405 0.00267659 0.556726 0.00312111 0.00589999 0.0676924 0.00024954 1.67949e-05 0.0468366 
2.79801e-06 1.15352e-06 1.21726e-05 7.04671e-06 6.2457e-06 1.49582e-06 2.50106e-06 0.944416 2.0667e-06 1.28421e-06 1.25748e-05 1.17154e-05 1.65263e-06 5.82646e-05 1.98587e-05 3.25031e-06 8.63628e-06 3.08463e-06 0.0554116 1.26417e-05 4.08708e-06 
7.69641e-08 3.17295e-08 3.34827e-07 0.000213409 1.71799e-07 0.000514354 6.87959e-08 5.33926e-08 5.68482e-08 3.53245e-08 3.45892e-07 0.00070928 4.54585e-08 0.998099 5.46247e-07 0.000134197 9.83257e-05 0.000229176 2.62346e-07 3.47732e-07 1.12422e-07 
0.000267395 1.01126e-08 1.06714e-07 6.17767e-08 0.000169793 1.31134e-08 2.19261e-08 1.70169e-08 0.000148587 1.12584e-08 0.000154447 5.14559e-05 0.000441905 0.99818 1.74096e-07 2.84946e-08 0.000116377 2.70422e-08 8.3613e-08 1.10826e-07 0.000469414 
4.76373e-05 2.33771e-09 2.46689e-08 1.42808e-08 0.000153168 0.000150967 6.18424e-05 3.93377e-09 0.000204816 0.996523 6.11873e-05 2.37424e-08 0.00110189 6.11828e-09 4.02455e-08 0.000627753 0.000395237 6.2513e-09 0.000286085 4.87028e-05 0.000337949 
0.0204821 3.86638e-10 4.08002e-09 2.36193e-09 0.352171 0.0770944 8.38308e-10 4.34066e-07 0.18861 0.0195349 0.293424 3.9268e-09 0.00135553 0.0245891 6.65626e-09 8.02463e-06 0.0224345 1.95251e-06 0.000290032 2.98929e-06 1.36992e-09 
0.000460485 2.4527e-09 0.00013979 6.74395e-05 0.00196679 0.000138992 0.000767914 7.01674e-05 0.000271577 0.00931404 2.67375e-08 1.99531e-05 0.001031 0.000512259 4.2225e-08 0.00019628 0.0037272 6.55878e-09 0.000204842 2.68797e-08 0.981111 
1.50904e-07 3.36396e-10 3.54984e-09 2.05501e-09 2.05394e-06 4.01624e-07 0.0291369 5.66068e-10 4.71705e-07 3.74511e-10 3.66715e-09 1.84916e-05 1.11293e-07 0.970837 5.79132e-09 8.90897e-07 1.74589e-06 1.35224e-06 2.7814e-09 2.25352e-07 1.1919e-09 
6.28771e-14 2.59219e-14 2.73543e-13 9.02775e-10 1.40354e-13 8.50471e-10 3.70395e-05 1.48351e-10 4.6443e-14 5.45461e-10 2.82582e-13 0.999793 3.7138e-14 2.26901e-05 4.46265e-13 2.19854e-11 3.11697e-10 0.00014758 2.14328e-13 2.84085e-13 9.18452e-14 
3.50706e-06 4.63393e-11 2.32279e-05 5.69021e-06 7.31132e-05 4.48574e-05 6.32377e-05 1.39587e-06 1.33918e-05 0.997765 7.94619e-05 4.70634e-10 0.000102732 3.43233e-06 7.18069e-06 0.000108414 7.48318e-05 0.00146165 1.02686e-05 5.07844e-10 0.000158785 
1.20596e-10 4.97175e-11 6.82565e-07 3.03719e-10 2.69194e-10 8.51081e-07 7.5469e-07 8.36617e-11 0.0105947 5.53506e-11 0.00143306 1.21237e-06 7.12297e-11 0.985863 8.55923e-10 2.10275e-07 4.54795e-07 0.00210193 4.52593e-07 2.45244e-06 1.76156e-10 
2.12652e-10 8.76688e-11 6.02129e-07 0.00174324 4.74681e-10 0.00126555 0.189797 1.47524e-10 0.018996 0.0945257 2.23681e-06 0.299631 9.08916e-06 0.370238 1.50928e-09 2.27982e-06 0.0236856 0.000101608 7.24864e-10 9.60785e-10 2.20059e-06 
7.86069e-07 3.24068e-07 2.93864e-05 1.97969e-06 4.2165e-05 4.20233e-07 7.02643e-07 5.45322e-07 0.00519484 3.60785e-07 4.34501e-05 3.29132e-06 4.64288e-07 0.991618 5.57907e-06 9.13137e-07 3.60242e-05 0.00170471 2.67946e-06 0.00131224 1.14822e-06 
0.0133621 3.81092e-10 4.0215e-09 3.86621e-06 0.0362001 0.0265624 8.26284e-10 2.02926e-06 1.74157e-06 4.24271e-10 4.15439e-09 5.96221e-06 0.0275595 0.70997 6.56079e-09 3.97123e-07 0.000891955 2.74644e-06 0.00335727 4.17649e-09 0.18208 
0.0204821 3.86638e-10 4.08002e-09 2.36193e-09 0.352171 0.0770944 8.38308e-10 4.34066e-07 0.18861 0.0195349 0.293424 3.9268e-09 0.00135553 0.0245891 6.65626e-09 8.02463e-06 0.0224345 1.95251e-06 0.000290032 2.98929e-06 1.36992e-09 
1.91442e-08 7.89244e-09 8.32854e-08 4.8214e-08 4.27335e-08 0.000110543 0.00245051 1.32809e-08 0.000687241 2.64478e-06 8.60377e-08 0.000120317 1.13074e-08 0.994407 1.35874e-07 0.00120981 0.00039007 6.12263e-05 0.000358976 8.64953e-08 0.00020137 
4.0772e-06 3.41433e-12 3.603e-11 2.08578e-11 0.00285671 0.50557 2.5837e-07 5.74544e-12 0.0443024 0.0742784 0.00776608 5.205e-08 0.269456 3.26173e-07 3.52741e-07 0.00854263 0.0847224 2.19219e-08 0.00249929 3.77927e-09 8.95227e-07 
0.00032772 6.04696e-06 0.000868912 0.000212861 0.00484322 0.00167802 0.0249141 5.2217e-05 0.00466727 0.178403 0.00471732 0.000804235 0.00384298 0.568425 0.000268619 0.00884969 0.0150298 0.175244 0.000571261 0.000333179 0.00593985 
3.10408e-07 1.2797e-07 1.35041e-06 7.81755e-07 0.000624295 0.000398433 2.77465e-07 2.15341e-07 0.00110076 1.42469e-07 0.981692 1.2997e-06 1.83341e-07 0.0132968 0.00176468 3.60586e-07 0.000321045 0.000582092 0.000212675 1.40246e-06 4.53417e-07 
0.0072626 1.43776e-10 4.76594e-06 2.95563e-06 0.0266516 0.000235752 0.0350457 1.04946e-05 0.0123669 0.380194 0.00123819 1.52063e-08 0.0661149 0.0443706 2.47522e-09 0.0328808 0.0180752 1.82927e-07 0.00050064 1.57568e-09 0.375044 
1.27423e-07 5.25317e-08 5.54344e-07 3.2091e-07 0.000654477 0.997861 1.13899e-07 8.83973e-08 0.000809514 5.84836e-08 5.72663e-07 5.33526e-07 7.52616e-08 1.37486e-07 9.04373e-07 0.000518219 0.000108539 1.40476e-07 4.38688e-05 5.75708e-07 1.86128e-07 
2.85384e-10 1.17654e-10 6.29392e-07 0.00667159 1.14722e-06 0.0605893 0.00016233 3.32807e-07 6.93491e-06 1.08544e-05 2.33735e-06 0.335663 5.13377e-08 0.56827 2.02549e-09 2.51716e-06 0.00671107 6.27093e-05 2.23825e-06 1.2894e-09 0.0218432 
7.40883e-07 3.05439e-07 3.22316e-06 1.86589e-06 0.00216312 0.000373874 6.62253e-07 5.13975e-07 0.000282011 3.40046e-07 3.32968e-06 3.10212e-06 4.37599e-07 0.996498 5.25836e-06 8.60646e-07 0.000455317 8.16778e-07 2.52543e-06 0.000202209 1.08222e-06 
0.0072626 1.43776e-10 4.76594e-06 2.95563e-06 0.0266516 0.000235752 0.0350457 1.04946e-05 0.0123669 0.380194 0.00123819 1.52063e-08 0.0661149 0.0443706 2.47522e-09 0.0328808 0.0180752 1.82927e-07 0.00050064 1.57568e-09 0.375044 
6.66558e-05 1.89502e-09 1.99974e-08 2.77951e-05 1.54011e-05 0.000128277 0.000215716 3.18884e-09 0.000115781 0.000170257 3.30738e-05 9.81755e-05 5.81033e-05 0.998878 3.26243e-08 3.20434e-05 8.13572e-05 5.06751e-09 1.56685e-08 2.07681e-08 7.92359e-05 
0.00599821 5.49758e-08 4.06988e-05 4.26562e-05 0.000441267 0.0338866 0.000309874 0.000129321 0.820813 0.00661251 0.00686825 2.97319e-05 0.000665505 0.0154861 9.0621e-05 0.00145773 0.000368538 0.000107233 0.000840092 3.46267e-06 0.105808 
2.13446e-08 8.79959e-09 9.28582e-08 9.14383e-05 4.76452e-08 1.14108e-08 9.35076e-05 1.48074e-08 1.57658e-08 9.7966e-09 9.59268e-08 8.9371e-08 1.26071e-08 0.994785 1.51491e-07 2.47949e-08 0.00498317 2.12015e-05 7.27569e-08 9.64369e-08 2.49738e-05 
1.27745e-05 1.81732e-07 0.000265948 1.43636e-05 0.125964 0.0026775 0.0111461 2.66204e-05 0.000285404 0.467826 0.00842606 6.18346e-07 0.104462 1.42071e-05 0.0493965 0.199181 0.0134521 0.00971627 6.28714e-05 2.75807e-07 0.00706971 
6.66777e-05 8.81023e-10 0.000441619 0.000108185 0.00139006 0.000852848 0.0012023 2.65389e-05 0.000254611 0.957504 0.00151076 8.94791e-09 0.00195318 6.5257e-05 0.000136522 0.00206122 0.00142274 0.0277895 0.000195232 9.65536e-09 0.0030189 
4.89472e-09 2.01791e-09 2.12942e-08 2.71321e-05 1.0926e-08 3.03566e-05 3.15061e-05 7.81336e-06 7.91813e-05 2.24655e-09 2.19979e-08 2.04945e-08 2.89104e-09 0.999817 3.47399e-08 5.68595e-09 7.29522e-06 5.39613e-09 1.66845e-08 2.21148e-08 7.14978e-09 
2.25528e-08 9.29768e-09 9.81143e-08 5.67985e-08 5.03421e-08 3.46618e-05 8.08836e-06 1.56456e-08 2.96568e-05 1.03511e-08 1.01357e-07 9.44297e-08 1.33207e-08 0.999918 1.60067e-07 2.61984e-08 8.77798e-06 2.4863e-08 7.68752e-08 1.01896e-07 3.29431e-08 
1.96122e-05 2.39934e-07 2.53192e-06 4.31389e-05 1.29912e-06 0.00047491 0.0496922 4.03747e-07 0.888676 9.93174e-05 2.61559e-06 8.61018e-05 5.13301e-05 0.0606825 4.13065e-06 6.76071e-07 0.000111871 6.93554e-06 4.09048e-05 2.6295e-06 8.50123e-07 
5.57715e-05 1.08287e-11 2.47558e-07 4.71143e-05 0.01295 0.00415412 0.000268297 1.48877e-08 0.00692897 0.147725 0.000237475 7.96383e-06 0.144405 0.00267659 0.556726 0.00312111 0.00589999 0.0676924 0.00024954 1.67949e-05 0.0468366 
0.0412261 1.40914e-07 2.69735e-06 1.4062e-06 0.0820545 0.00745677 0.00683332 5.71015e-07 0.00161526 0.200511 1.81651e-06 2.11831e-06 0.408113 0.00518701 2.43389e-07 0.244045 0.000207683 8.70643e-06 8.73269e-07 1.99333e-06 0.00272897 
1.66947e-09 6.88263e-10 7.26293e-09 9.94196e-07 3.72659e-09 2.1104e-07 0.00209151 8.98165e-08 1.3562e-06 7.66244e-10 2.75561e-06 2.20153e-06 9.86066e-10 0.997893 1.1849e-08 1.93934e-09 6.69199e-08 3.90209e-06 1.34562e-06 2.37558e-06 2.43862e-09 
0.0204821 3.86638e-10 4.08002e-09 2.36193e-09 0.352171 0.0770944 8.38308e-10 4.34066e-07 0.18861 0.0195349 0.293424 3.9268e-09 0.00135553 0.0245891 6.65626e-09 8.02463e-06 0.0224345 1.95251e-06 0.000290032 2.98929e-06 1.36992e-09 
0.00312154 6.95584e-08 7.34019e-07 4.24925e-07 0.00896397 0.031606 0.00265452 1.17049e-07 0.0207376 0.897902 7.58276e-07 7.06454e-07 0.0162041 0.00253066 1.1975e-06 0.00103898 0.00722448 1.86007e-07 5.75124e-07 7.62309e-07 0.00801006 
4.22263e-06 1.74084e-06 1.83703e-05 1.06346e-05 9.42573e-06 0.995298 3.77448e-06 2.92938e-06 3.11897e-06 0.00199273 1.89773e-05 1.76804e-05 2.49408e-06 4.55613e-06 2.99698e-05 4.90522e-06 0.00146808 4.65519e-06 1.43936e-05 1.90783e-05 0.00107059 
2.67209e-09 1.10161e-09 1.16248e-08 6.72959e-09 5.96463e-09 1.4285e-09 2.3885e-09 1.85372e-09 1.97369e-09 1.22642e-09 1.20089e-08 1.11882e-08 1.57826e-09 0.873004 1.8965e-08 3.10404e-09 7.36226e-05 2.94582e-09 0.00447584 1.20728e-08 0.122447 
0.0072626 1.43776e-10 4.76594e-06 2.95563e-06 0.0266516 0.000235752 0.0350457 1.04946e-05 0.0123669 0.380194 0.00123819 1.52063e-08 0.0661149 0.0443706 2.47522e-09 0.0328808 0.0180752 1.82927e-07 0.00050064 1.57568e-09 0.375044 
1.41771e-05 6.05386e-09 6.38837e-08 0.0115117 3.27785e-08 4.20677e-06 1.34552e-05 2.00365e-06 1.3807e-05 2.84944e-05 0.000265669 0.00122107 6.70066e-06 0.986901 1.04222e-07 1.70582e-08 4.43201e-06 1.28989e-05 5.00546e-08 6.63458e-08 2.14497e-08 
0.00158462 1.09573e-11 3.26067e-07 0.000153743 0.0137025 6.29499e-07 0.299129 1.96056e-08 0.00168753 0.421087 0.00255404 5.86037e-06 1.44165e-06 0.0787795 2.08945e-06 1.52141e-06 0.0318154 0.134007 6.97461e-05 1.20084e-10 0.0154176 
0.000543213 4.66045e-13 2.33608e-07 5.72277e-08 0.00463321 0.00514345 6.35996e-07 1.40386e-08 0.00141433 0.73017 7.99167e-07 4.78061e-10 0.0143624 4.14582e-05 7.22178e-08 0.00567088 0.0349967 0.202876 0.000144687 5.10751e-12 1.59694e-06 
3.23828e-08 1.33503e-08 1.40879e-07 8.15553e-08 0.000860258 0.0898158 0.000338698 3.14735e-05 0.000664974 1.93366e-05 1.45535e-07 1.35589e-07 1.91268e-08 0.906532 0.000161114 3.76175e-08 0.000546563 5.00158e-05 6.63403e-05 1.46309e-07 0.000912976 
0.000283582 1.37778e-09 4.08533e-05 9.27618e-05 0.00443849 0.183885 0.00836934 2.38759e-05 0.00369882 0.589317 3.8743e-06 1.39931e-08 0.0157991 0.0823793 1.91425e-05 0.00100651 0.00380673 0.100161 6.96722e-05 1.50994e-08 0.00660459 
