0.00657031 0.0298283 1.49769e-05 0.0529468 0.000286578 0.00713045 0.00162874 0.846829 0.00358819 0.00109189 7.42076e-11 2.96375e-08 0.00361224 0.000598168 1.859e-10 0.00389352 0.0408439 6.10615e-05 0.000567312 5.68322e-05 0.000452123 
0.813631 0.0242793 2.31435e-06 0.0694254 0.00922779 0.00180271 0.00047403 1.00168e-05 0.00848111 0.00920098 4.77514e-11 2.99412e-07 0.00508314 0.0059362 7.5411e-11 0.000871555 0.00353946 0.00107072 0.0373464 0.00936621 0.000250932 
0.000496439 0.00229601 1.29237e-06 0.000495988 2.83105e-05 0.0536036 0.0195427 6.28972e-07 0.240023 0.0502252 2.93542e-10 2.41682e-05 0.00741601 0.0120992 1.53671e-06 0.000371503 0.61284 6.83393e-05 6.83826e-05 5.24701e-07 0.000396944 
0.0364355 0.0689211 5.14093e-08 1.71118e-07 0.0640623 0.370546 0.0136769 0.00109217 0.0215828 0.00237458 1.50893e-10 1.93721e-07 0.274249 0.00218308 2.38297e-10 0.00565984 0.137851 1.86493e-06 3.15858e-05 1.51696e-10 0.00133217 
0.0236912 0.103354 9.3178e-06 0.0159746 0.00457491 0.0313919 0.00190111 0.00198712 0.121038 0.0283128 4.59202e-08 4.6945e-07 0.00514843 0.551321 3.01443e-06 0.00088021 0.0832942 8.3707e-05 9.99642e-05 2.51712e-07 0.0269338 
0.00308237 0.911229 8.95304e-05 0.0140137 1.96073e-05 0.0250491 0.00379705 0.00162944 0.00557366 0.0123764 1.04633e-08 2.13732e-06 0.0150201 0.0033272 3.61757e-06 0.000505929 0.00315754 0.000387167 0.000195443 5.05002e-06 0.000535618 
0.000826285 0.00262278 2.3425e-05 0.0171982 0.000165903 0.730576 0.122461 0.0151362 0.0045152 0.00951564 2.84702e-07 5.41519e-06 0.00913997 0.00271167 1.48184e-06 0.00171361 0.0805893 0.000591879 0.00142741 0.000502868 0.000275533 
0.133181 0.117039 1.05242e-06 7.67743e-05 0.00568038 0.0182867 0.0215741 0.000395867 0.0466342 0.10744 1.25517e-09 2.55424e-06 0.225707 0.0668378 1.98221e-09 0.00101957 0.247645 0.000489728 2.69796e-05 1.26184e-09 0.00796317 
0.0042922 0.0537497 7.06301e-06 0.000238258 0.00056708 0.00146209 0.00143192 4.58395e-05 0.0435416 0.015819 3.68803e-08 2.12387e-06 0.0131721 0.826382 5.82429e-08 0.000730032 0.0380656 9.90463e-06 0.000254039 0.000105649 0.000123756 
0.000288017 0.00167325 1.45362e-07 0.000211538 9.09899e-05 0.000580678 0.000289846 8.40714e-05 0.00291247 4.08489e-07 1.44498e-10 6.91324e-06 0.00113524 0.903363 3.63685e-08 0.00020297 0.00290175 8.62294e-05 0.000106109 0.0860627 3.26615e-06 
0.000809873 0.00257028 1.95144e-05 0.0119748 0.000136641 0.74078 0.121918 0.012786 0.00456485 0.00948737 3.18218e-09 4.97883e-06 0.00910722 0.00266479 6.61289e-09 0.00170778 0.079087 0.000568971 0.00141784 0.000124201 0.000270195 
0.0271591 0.12906 1.79046e-08 0.00040649 0.00136179 0.00362889 0.00136166 0.427273 0.00736118 0.016812 7.56692e-12 5.18398e-10 0.0317632 0.000532237 1.11841e-09 0.0708708 0.171893 7.08793e-06 0.00215205 0.000178711 0.108179 
0.0420148 0.660567 0.000212487 0.00630564 0.00197875 0.0143804 0.00863809 0.016568 0.0482732 0.037284 6.322e-05 0.00166442 0.012578 0.0568827 8.49086e-05 0.00329292 0.0707599 0.000122655 0.00338056 0.00566158 0.00928656 
0.016754 0.0307229 0.000142614 0.000596096 0.000944173 0.0115798 0.0114061 0.0113648 0.0774127 0.028044 1.0559e-07 0.00394636 0.0153104 0.677083 1.66753e-07 0.00146893 0.0943249 0.000110409 0.00021789 0.000567377 0.0180036 
0.016388 0.0168205 1.99263e-08 0.000204523 0.0279985 0.0379929 0.00248546 2.8397e-05 0.0291884 0.257693 2.34166e-11 2.15173e-08 0.337442 0.0111978 3.25083e-08 0.00786615 0.225669 9.19191e-08 9.87147e-08 1.13698e-06 0.029025 
2.90779e-08 9.66542e-05 1.58588e-08 7.58342e-05 0.000836557 0.629674 0.00955994 6.53485e-09 0.000958269 0.00240912 1.84056e-12 3.25979e-09 0.0125843 4.7901e-08 2.90669e-12 0.00106359 0.341939 3.653e-06 0.00031198 0.000115509 0.00037088 
0.00212429 0.0344775 5.96816e-09 0.000695719 0.00558176 0.764165 0.0462381 9.37013e-05 0.00444859 0.0307424 1.48018e-12 5.68901e-06 0.0158144 0.0140558 2.33757e-12 0.00196671 0.0758621 0.000222997 0.0023485 5.6103e-06 0.00115052 
0.00063191 0.00361606 5.00318e-09 0.000655763 0.000396087 0.23867 0.00445373 4.29472e-08 0.261416 0.000786199 2.35561e-12 3.1215e-07 0.0196254 0.000870978 3.72007e-12 0.000126327 0.468556 2.32253e-05 9.79762e-09 2.36813e-12 0.000172462 
0.00635388 0.0431382 2.32318e-08 0.000601686 0.000542204 0.00509014 0.00127003 0.818618 0.00190313 0.000883871 8.35072e-13 2.14063e-10 0.00326371 0.000170454 2.92383e-10 0.0141821 0.102138 9.89262e-06 0.000848376 0.000249992 0.000736326 
0.00747157 0.260158 1.02014e-06 0.0121886 0.0532207 0.107799 0.0883972 0.0803217 0.037344 0.0154631 8.76188e-10 4.68452e-06 0.0028799 0.318418 1.38371e-09 1.89657e-06 0.00270235 0.00443888 0.00730596 0.000913968 0.000969841 
0.00911319 0.00971801 7.67069e-05 5.86644e-05 0.133535 0.041935 0.00162721 0.00163164 0.096872 0.0180965 7.90932e-12 1.8468e-09 0.108079 0.0646867 2.12055e-08 0.00498344 0.056663 0.442252 0.00112078 1.04526e-08 0.00955056 
0.0109023 0.0469803 1.63948e-05 0.000514204 0.00843759 0.0429659 0.00466051 0.00045752 0.055627 0.0413595 1.61809e-08 1.1927e-05 0.0329762 0.00954204 2.55535e-08 0.00138658 0.538418 0.202956 0.000157618 0.000538064 0.0020922 
0.0156528 0.013265 0.000633995 0.000535447 0.00112311 0.00260833 0.00725543 0.00450576 0.0048687 0.184967 3.58756e-06 2.78931e-05 0.012405 0.242012 5.52938e-06 0.00445619 0.0455407 0.00011339 0.00828091 0.00147574 0.450264 
0.00121783 0.0105537 5.37435e-08 0.0166918 1.69828e-08 0.781344 0.111536 0.0090226 0.00764933 0.0202781 1.69262e-12 3.31315e-09 0.0121112 0.00144347 2.67305e-12 0.000808547 0.0232954 0.000926148 0.00312238 6.1275e-09 2.00255e-08 
0.00424752 0.0135999 0.0032713 0.000429123 0.00684953 0.0352279 0.399539 0.00177378 0.043608 0.0794523 4.54971e-07 0.00167517 0.0466182 0.00740017 6.04955e-07 0.0024114 0.352287 6.8452e-05 0.000111383 2.75335e-05 0.00140182 
0.0117642 0.00212619 7.76729e-08 0.000362489 0.000121397 0.0248442 0.0269408 0.0323258 0.00462374 0.0370376 1.57972e-09 3.48581e-08 0.00499918 0.00104954 2.49475e-09 0.00985274 0.0566816 0.000288258 0.676151 1.81594e-08 0.110832 
3.40201e-05 1.68765e-05 7.05031e-06 7.21977e-06 4.4507e-05 1.86202e-05 6.57246e-06 0.998156 8.9835e-05 6.27138e-05 2.80019e-09 5.48113e-06 4.60386e-05 0.000147498 6.19546e-06 6.70233e-05 8.42994e-05 9.89195e-06 0.000999698 2.81508e-09 0.000190672 
0.0208222 0.089081 8.00225e-09 0.00221837 0.00017085 0.120833 9.31237e-05 0.00029681 0.0555469 0.00517448 2.5978e-11 1.18919e-08 0.188224 0.00229389 4.10255e-11 0.000361746 0.51474 1.05238e-08 1.31511e-07 2.61161e-11 0.000143559 
0.0320716 0.0535037 0.000281952 0.000469393 0.074793 0.00135904 0.192422 0.000734627 0.0180515 0.135176 4.77368e-09 0.0065397 0.191212 0.176135 7.53878e-09 0.00410917 0.0278578 7.28273e-05 0.000370204 3.93005e-06 0.0848375 
0.0032641 0.0175969 2.87446e-06 0.000956953 0.00219341 0.265729 0.0018765 0.00972593 0.0915328 4.09716e-07 9.63992e-13 1.04956e-06 0.0190413 0.00184369 1.52238e-12 0.000161321 0.58586 1.33383e-05 4.35091e-09 9.69119e-13 0.000200052 
0.00183985 0.0229519 3.07983e-05 0.00690776 4.76294e-06 0.0057702 0.0241333 0.0401336 0.0122965 0.176307 6.00045e-12 3.65362e-09 0.00275544 0.0141092 1.75454e-09 4.08338e-05 0.127173 0.530126 0.0196188 0.00262997 0.0131712 
0.00108198 0.00344948 6.1941e-07 2.57614e-05 0.000266254 0.0194145 0.00749446 5.55071e-08 0.0853321 0.0519648 9.08691e-11 7.43134e-08 0.0992524 0.00288075 1.43504e-10 0.000405354 0.461497 3.02354e-05 1.75685e-07 9.13524e-11 0.266904 
0.00194553 0.00290466 1.41752e-10 0.000262894 3.42567e-05 0.00350144 0.00119704 0.0159381 0.00117772 0.0141041 4.19084e-13 1.68439e-07 6.80365e-05 0.00128955 4.28914e-10 0.000288905 0.0189608 0.000622053 0.937298 0.000213606 0.000193158 
0.00400333 0.011615 8.37053e-07 0.00362254 0.00556908 2.70199e-07 0.0925679 0.00115743 0.0183767 0.0548515 1.46537e-10 0.000390933 1.50603e-06 0.781556 0.0113013 0.00181838 0.0118076 0.00133655 6.78084e-07 3.57994e-06 1.88225e-05 
0.0107763 0.0764869 0.00114471 4.21509e-05 0.0780287 0.0165638 0.0397988 0.00147455 0.0440091 0.0233575 1.06686e-06 3.94043e-06 0.0118442 0.603812 0.000145274 0.00241231 0.0377423 6.62108e-05 0.0165601 0.00514536 0.030585 
0.00521756 0.0177246 0.000239879 0.377903 9.52628e-05 0.0129143 0.00408632 0.0164326 0.00748384 0.0317673 1.46806e-06 6.55527e-05 0.00257653 0.0199611 8.16793e-06 0.000631226 0.0132572 0.475042 0.0112788 9.49884e-05 0.00321835 
0.000288017 0.00167325 1.45362e-07 0.000211538 9.09899e-05 0.000580678 0.000289846 8.40714e-05 0.00291247 4.08489e-07 1.44498e-10 6.91324e-06 0.00113524 0.903363 3.63685e-08 0.00020297 0.00290175 8.62294e-05 0.000106109 0.0860627 3.26615e-06 
0.00521494 0.0520956 0.000475279 0.000447021 0.00366825 0.0222186 0.00619941 0.00335434 0.0363825 0.0294988 1.54731e-11 0.0192757 0.185797 0.00723921 2.44357e-11 0.00102695 0.577422 0.000305093 0.0001269 1.55554e-11 0.0492533 
0.00198997 0.00167915 2.0247e-08 0.000362024 8.92675e-07 0.000162751 2.03821e-09 0.00166632 0.000484116 0.00926414 1.84721e-12 5.08205e-08 0.00265486 0.000263978 2.91718e-12 0.000571255 0.0115348 0.000133484 0.968446 4.02411e-09 0.000785769 
0.0299091 0.798316 1.16514e-08 0.159096 1.47978e-08 6.18998e-05 0.000490802 0.000341096 0.0110722 3.7381e-08 7.50426e-12 4.27627e-09 0.00020572 0.000302255 1.1851e-11 6.26302e-08 0.000203834 1.70036e-08 1.34737e-08 7.54417e-12 4.89661e-08 
0.0204886 0.0802604 6.41627e-07 0.00306287 8.91515e-07 0.578574 0.000753713 0.0104284 0.0359526 0.00484328 8.02463e-10 1.31977e-06 0.0243229 0.00565299 1.26728e-09 0.00675945 0.227289 4.44518e-05 0.000201823 8.0673e-10 0.00136206 
0.0961416 0.24068 0.0233 0.00385524 0.0252072 0.0189669 0.00426108 0.0021952 0.136018 0.0715936 4.90805e-06 6.78143e-06 0.0265148 0.260565 6.41499e-06 0.0104367 0.0563979 2.2968e-05 0.000732589 1.69432e-05 0.023077 
0.000520207 0.00556779 6.32105e-05 0.000193086 0.00126642 0.0324137 0.646762 1.57386e-05 0.0506184 0.0326249 7.91477e-06 0.0066402 0.0215391 0.123083 4.88186e-05 0.0102744 0.0649477 0.000978649 0.000133421 0.000201501 0.00209924 
0.207345 0.552051 2.68782e-05 0.000534537 0.000860333 0.00142792 0.00223136 0.0608591 0.0167304 0.00914988 6.36404e-10 4.98591e-08 0.00107933 0.00492174 1.69595e-07 0.00056362 0.077832 0.000214026 0.0021956 0.061822 0.000155752 
0.000809873 0.00257028 1.95144e-05 0.0119748 0.000136641 0.74078 0.121918 0.012786 0.00456485 0.00948737 3.18218e-09 4.97883e-06 0.00910722 0.00266479 6.61289e-09 0.00170778 0.079087 0.000568971 0.00141784 0.000124201 0.000270195 
0.0896801 0.401135 4.40944e-06 0.00074558 0.0307066 0.0915616 0.0132448 0.00386825 0.234199 0.0309836 7.21713e-10 8.4251e-08 0.0104718 0.0561007 1.22757e-07 0.000918128 0.0205284 5.51079e-05 0.000196126 6.71994e-08 0.0156011 
0.00536163 0.0192088 8.44466e-05 1.80512e-06 0.0258778 0.0445672 0.0201841 2.97193e-05 0.0534152 0.0541422 2.79705e-08 8.29189e-06 0.0243082 0.176894 3.64946e-07 0.0121707 0.461723 0.000427594 0.000110317 0.00171868 0.0997656 
0.00063191 0.00361606 5.00318e-09 0.000655763 0.000396087 0.23867 0.00445373 4.29472e-08 0.261416 0.000786199 2.35561e-12 3.1215e-07 0.0196254 0.000870978 3.72007e-12 0.000126327 0.468556 2.32253e-05 9.79762e-09 2.36813e-12 0.000172462 
0.000521552 0.00302273 5.78388e-07 0.000347104 0.000984544 0.0044199 0.000302958 0.00277229 0.0198019 0.041772 8.84923e-11 1.53896e-05 0.0016812 0.0314549 1.39751e-10 0.000145527 0.100445 0.000681581 0.778212 3.61419e-07 0.0134188 
0.00569205 0.0242122 6.12796e-05 0.705081 0.000349575 0.00765824 0.00304212 0.233364 0.0106027 0.00145545 1.05827e-12 7.2827e-10 0.00207406 0.000325675 1.67126e-12 0.000610439 0.00511274 4.02162e-06 6.1891e-05 1.08513e-05 0.000281293 
2.90779e-08 9.66542e-05 1.58588e-08 7.58342e-05 0.000836557 0.629674 0.00955994 6.53485e-09 0.000958269 0.00240912 1.84056e-12 3.25979e-09 0.0125843 4.7901e-08 2.90669e-12 0.00106359 0.341939 3.653e-06 0.00031198 0.000115509 0.00037088 
0.0110232 0.101048 0.000187656 0.0048503 0.000160443 0.126874 0.02643 0.00554425 0.114037 0.0968994 3.0813e-05 4.63814e-05 0.0433266 0.131228 0.00041967 0.0062764 0.295352 0.0125804 0.0227678 0.000312689 0.000604616 
0.00194553 0.00290466 1.41752e-10 0.000262894 3.42567e-05 0.00350144 0.00119704 0.0159381 0.00117772 0.0141041 4.19084e-13 1.68439e-07 6.80365e-05 0.00128955 4.28914e-10 0.000288905 0.0189608 0.000622053 0.937298 0.000213606 0.000193158 
0.000288017 0.00167325 1.45362e-07 0.000211538 9.09899e-05 0.000580678 0.000289846 8.40714e-05 0.00291247 4.08489e-07 1.44498e-10 6.91324e-06 0.00113524 0.903363 3.63685e-08 0.00020297 0.00290175 8.62294e-05 0.000106109 0.0860627 3.26615e-06 
0.0251738 0.0566393 8.03405e-06 3.78893e-05 0.00193904 0.000312732 0.00149583 0.000118215 0.569929 0.0367996 5.78882e-08 1.72307e-05 0.0189576 0.0967958 0.00149399 0.00268043 0.183275 4.93221e-06 6.15299e-05 5.81961e-08 0.00425926 
0.00486367 0.0392639 2.01746e-08 0.000133865 0.000694539 0.0419866 0.0758886 0.00170661 0.142966 0.0439606 3.1063e-11 2.99968e-09 0.101198 0.000566521 4.9056e-11 0.00862127 0.536787 6.48453e-05 0.000759233 5.78681e-08 0.000538728 
0.0857648 0.492938 0.000107833 0.00434951 0.0443514 0.0888613 0.00895131 0.0292041 0.0264465 0.0380845 8.36192e-05 0.000905556 0.0281435 0.0593432 0.000333219 0.00120349 0.0631511 0.000432049 0.0075111 0.000250151 0.0195841 
0.238254 0.599736 8.83659e-05 0.00155504 0.000562644 0.00409481 0.00271697 0.0151574 0.00911839 0.0464834 6.04645e-09 5.34914e-07 0.016257 0.00433661 2.42818e-06 0.00106595 0.0301324 0.000162418 0.00066039 0.00523938 0.0243757 
0.029129 0.772717 6.08994e-05 0.0139669 8.82098e-05 0.0101527 0.000181914 0.124703 0.0270188 0.00184993 1.17972e-08 1.38465e-07 0.000677168 0.00413211 1.86307e-08 1.50948e-06 0.0148257 0.000187965 0.000175677 5.28838e-07 0.000131463 
0.00970504 0.021572 9.93551e-08 8.30358e-05 3.45619e-05 0.00175594 1.5833e-07 0.0034244 0.948827 2.9366e-06 5.77259e-10 1.10143e-08 1.05088e-05 0.0119147 4.27562e-07 0.000628687 0.000775207 0.000196942 0.000622103 2.23674e-06 0.000444258 
0.00117205 0.0397631 9.35833e-05 0.000310179 6.46317e-05 1.17219e-05 0.00268385 0.00239384 0.144904 0.037117 3.54344e-07 7.86692e-06 0.00423748 0.611478 5.59595e-07 0.00425504 0.0636333 4.49376e-05 0.00251078 0.000168419 0.0851488 
0.0193219 0.0948609 0.0426876 0.652995 0.000220814 0.00671559 0.00440213 0.123795 0.0287212 0.00334874 2.67964e-12 3.29245e-05 0.0147829 0.000911953 4.2318e-12 0.00016391 0.00602118 2.47612e-08 2.3823e-05 2.69389e-12 0.00099364 
1.49321e-07 1.90445e-07 4.32455e-05 2.8144e-08 1.6056e-07 0.00814153 0.00732539 0.0473956 0.00419545 0.0375778 3.71993e-12 5.89516e-09 0.00271696 1.81306e-08 5.87466e-12 0.00150143 0.891101 1.6061e-08 5.45386e-07 3.73971e-12 4.05046e-08 
0.0244621 0.0517534 5.46039e-06 0.00100604 0.0215118 0.0469787 0.00977931 0.000166855 0.137603 0.0261877 2.5465e-08 9.6055e-06 0.0196012 0.434002 2.45286e-06 0.0670708 0.137197 8.60843e-05 0.000313487 0.000377231 0.0218851 
0.03181 0.0459579 2.05022e-07 0.000697657 0.0723975 0.0541458 0.0105491 0.143752 0.203558 0.0591143 2.05013e-07 2.05031e-07 0.0533035 0.115723 0.000635257 0.0174435 0.167826 0.00256543 2.05078e-07 0.000492234 0.0200274 
0.00128577 0.00840705 0.000161486 0.00050323 0.00233063 0.312783 0.0254106 0.00307724 0.0165927 0.00743185 1.6298e-12 5.60758e-07 0.12102 0.000757929 2.57384e-12 0.000808483 0.490149 9.5642e-06 8.37758e-05 9.22663e-09 0.00918679 
0.000986197 0.00200028 0.000188271 1.05736e-05 0.00349334 0.00510627 0.0279172 1.51415e-05 0.0163687 0.0561903 4.32632e-06 0.579504 0.0204515 0.128391 5.52816e-05 0.00258788 0.0742814 0.000672438 0.000444639 0.0090587 0.072273 
0.0159566 0.818451 0.000130667 5.22081e-05 0.00728012 0.016712 0.00283691 0.0265936 0.00455763 0.0259365 2.08774e-07 7.56686e-07 0.00234755 0.00838184 3.29704e-07 0.000405591 0.0367528 9.70379e-06 0.000165899 0.00487767 0.0285508 
0.0353528 0.480023 2.20162e-08 0.477286 2.79641e-08 0.000185675 0.00147234 0.00102324 0.00313222 7.06443e-08 1.08252e-11 8.0784e-09 0.000617082 0.000906714 1.70956e-11 1.18361e-07 8.67292e-08 3.21336e-08 2.54608e-08 1.08828e-11 9.25378e-08 
0.00131544 6.7231e-06 4.52265e-06 4.65128e-06 4.00503e-06 1.45644e-06 2.85875e-06 1.88997e-06 7.49552e-06 0.0111239 1.86967e-08 0.00768889 8.10836e-06 0.840252 1.15054e-06 7.52744e-06 0.000258261 1.14608e-06 3.66327e-06 1.92865e-05 0.139287 
0.0361661 0.0351674 2.1936e-06 0.00399839 0.000138478 0.283901 0.000115209 0.000135063 0.546731 0.00487532 7.40061e-09 2.5182e-07 0.0290586 0.00578663 1.16874e-08 0.000657291 0.0482615 4.87624e-06 0.00241852 0.00140653 0.00117503 
0.0038827 0.00283228 3.30992e-06 1.62926e-06 0.000264632 0.013597 0.039533 3.58555e-05 0.0113131 0.0494939 2.73522e-07 1.45958e-06 0.00671926 0.0247938 1.78985e-06 0.701796 0.128413 6.47017e-07 0.000104117 4.14381e-05 0.0171701 
0.0343349 0.0559158 0.000168899 0.848825 0.0161472 0.00497684 0.000177369 0.000123328 0.00334496 0.00549685 7.92106e-07 4.7294e-05 0.00652116 0.00805961 1.25093e-06 0.000614197 0.0109846 0.00014761 0.0034479 0.000131484 0.000532646 
0.00063191 0.00361606 5.00318e-09 0.000655763 0.000396087 0.23867 0.00445373 4.29472e-08 0.261416 0.000786199 2.35561e-12 3.1215e-07 0.0196254 0.000870978 3.72007e-12 0.000126327 0.468556 2.32253e-05 9.79762e-09 2.36813e-12 0.000172462 
0.000344529 0.00169605 6.8012e-06 0.000210984 0.000108475 0.00180513 0.000409362 8.76539e-05 0.00304225 0.000500538 1.526e-10 9.66093e-06 0.00119558 0.878543 2.86124e-07 0.000262804 0.00467968 8.96157e-05 0.000110405 0.096846 0.0100507 
0.0226128 0.0764322 0.000546005 6.97158e-05 0.0449261 0.404347 0.0514777 0.000133087 0.00773712 0.034702 2.75339e-05 9.59674e-05 0.154167 0.0763552 3.81283e-05 0.106102 0.00762455 0.000156799 0.000318969 0.000120362 0.0120099 
0.0100774 0.652914 8.90592e-06 0.000438111 0.021917 0.00914468 0.00303782 0.0617636 0.0286924 0.0534128 1.34986e-07 1.56368e-05 0.0022711 0.0184682 2.13175e-07 0.000314071 0.13531 3.29281e-05 0.000837404 0.000507576 0.000836598 
0.0271952 0.273108 2.53704e-06 6.3539e-06 0.488275 0.00364766 0.00405639 0.00206725 0.0467729 0.0316305 1.07457e-07 2.12505e-07 0.0630435 0.0454194 0.000172562 8.39904e-05 0.0114069 9.02131e-05 9.55633e-05 0.0018675 0.00105805 
0.000582217 0.00151184 3.35195e-09 1.71327e-05 0.00758035 0.00967368 0.00836604 4.64724e-05 0.00260698 0.502761 1.10574e-12 3.10734e-07 0.0134909 0.00464524 1.74623e-12 0.00202997 0.39354 2.26583e-05 0.000786392 1.11162e-12 0.0523385 
0.404908 0.0122597 2.27775e-05 3.65223e-06 0.00266677 0.0299245 0.00928026 0.00474282 0.00641501 0.216794 7.33468e-07 1.79299e-06 0.0464106 0.00868454 5.54459e-06 0.000181587 0.0896578 5.06224e-05 0.000587863 0.000417287 0.166984 
0.262277 0.0642794 0.000603463 0.000279692 0.000240831 0.00079227 0.153712 0.00699435 0.043 0.374932 1.10934e-06 5.84771e-05 0.0473445 0.0131974 6.9163e-05 0.00200989 0.00290687 0.000109038 0.00148135 0.00189432 0.0238163 
0.0145795 0.0127772 3.64114e-05 0.000279432 0.000900629 0.075252 0.00811782 4.30806e-05 0.242852 0.242233 6.91807e-08 8.76181e-06 0.051749 0.052327 5.82135e-06 0.00334955 0.251728 2.49639e-05 8.48468e-05 2.01941e-06 0.0436487 
0.0441898 0.720093 3.77387e-05 0.00117407 0.0486925 0.0436549 7.39608e-07 0.0408819 0.0475949 4.42717e-07 4.79696e-12 1.40331e-06 0.00970393 0.012779 2.95521e-08 0.00096887 0.0302244 2.38883e-08 2.54686e-07 3.60724e-07 1.23747e-06 
0.000863022 0.0029373 5.30424e-09 0.0011172 0.000201382 0.0855345 0.0037115 2.32423e-08 0.236724 0.00315894 2.46753e-12 1.07347e-06 0.0169865 0.0046727 3.89683e-12 0.000338831 0.643292 4.1354e-05 6.54491e-05 9.86589e-07 0.000353679 
0.182933 0.0367075 0.0168809 0.000157883 0.126324 0.00940767 0.0608308 0.000619699 0.0360938 0.118207 1.99995e-07 5.43899e-07 0.27856 0.0389583 6.31796e-06 0.00735513 0.0844345 1.51158e-05 0.000126907 5.64097e-06 0.00237502 
0.00942687 0.165067 4.0858e-05 0.000131068 0.0253477 0.0348571 0.0236647 0.00718501 0.101012 0.0663447 1.60193e-11 4.98062e-05 0.0335338 0.154781 2.52984e-11 0.000816437 0.363974 7.50298e-05 0.00285396 0.000321961 0.0105178 
0.0353528 0.480023 2.20162e-08 0.477286 2.79641e-08 0.000185675 0.00147234 0.00102324 0.00313222 7.06443e-08 1.08252e-11 8.0784e-09 0.000617082 0.000906714 1.70956e-11 1.18361e-07 8.67292e-08 3.21336e-08 2.54608e-08 1.08828e-11 9.25378e-08 
0.000660556 0.00204758 1.79014e-05 1.70499e-05 0.000226978 2.8987e-07 0.0216831 1.0102e-08 0.0218513 0.0659829 7.82801e-11 8.10243e-08 0.607937 0.0260977 1.23623e-10 0.0479394 0.205536 9.10021e-07 9.09164e-07 7.86964e-11 3.89601e-07 
0.00194553 0.00290466 1.41752e-10 0.000262894 3.42567e-05 0.00350144 0.00119704 0.0159381 0.00117772 0.0141041 4.19084e-13 1.68439e-07 6.80365e-05 0.00128955 4.28914e-10 0.000288905 0.0189608 0.000622053 0.937298 0.000213606 0.000193158 
0.00181868 0.000963854 1.66291e-05 1.92771e-07 2.4799e-06 0.0149278 0.540882 2.68573e-06 0.00105344 0.00591213 5.10075e-10 1.80119e-07 0.0763146 0.243868 2.06563e-07 0.0227277 0.0890583 3.11059e-06 0.00132197 5.12787e-10 0.00112633 
0.0113754 0.162055 9.57022e-06 0.0902697 0.00591785 0.0641395 0.00064516 0.176238 0.00780364 0.034949 6.65944e-07 5.70805e-05 0.00252889 0.0342935 1.86417e-05 0.00233196 0.16831 0.00798674 0.120187 0.00225899 0.108622 
0.00808927 0.0256738 8.44759e-07 0.825398 0.00268272 0.0196428 0.00030816 0.00439023 0.000923601 2.46375e-06 6.86596e-08 7.95394e-08 0.00874434 0.00029551 1.21523e-07 0.0476977 0.0325783 5.64179e-07 0.000155746 0.0232082 0.000207322 
0.0300844 0.152847 8.93653e-06 7.44107e-07 0.00234413 4.02454e-07 8.38572e-07 0.0207315 0.114215 0.052253 2.73806e-09 4.39732e-06 3.48956e-06 0.539369 4.32405e-09 0.000554719 0.0289673 3.49457e-05 0.00123639 8.59134e-06 0.0573352 
0.000918695 0.00146646 9.60759e-05 0.0113786 3.05692e-06 0.263279 0.653879 0.0214324 0.000957679 0.00804602 2.97751e-09 1.09172e-06 0.0061225 0.00486039 4.70221e-09 0.000547215 0.0262368 0.000135062 0.000526842 4.88866e-06 0.000108618 
0.000918695 0.00146646 9.60759e-05 0.0113786 3.05692e-06 0.263279 0.653879 0.0214324 0.000957679 0.00804602 2.97751e-09 1.09172e-06 0.0061225 0.00486039 4.70221e-09 0.000547215 0.0262368 0.000135062 0.000526842 4.88866e-06 0.000108618 
0.000809873 0.00257028 1.95144e-05 0.0119748 0.000136641 0.74078 0.121918 0.012786 0.00456485 0.00948737 3.18218e-09 4.97883e-06 0.00910722 0.00266479 6.61289e-09 0.00170778 0.079087 0.000568971 0.00141784 0.000124201 0.000270195 
0.0116795 0.0404003 9.40233e-05 0.00286843 0.000230121 0.00184797 0.00525091 0.785144 0.0244888 0.0277596 4.44399e-08 6.99391e-05 0.00716206 0.00872238 3.81537e-05 0.00648673 0.0234241 0.000160004 0.000611475 1.88713e-05 0.0535423 
0.00116612 3.224e-05 2.71156e-08 2.53157e-05 0.00489375 0.670835 0.0095085 1.11724e-08 0.0137947 0.00924217 7.13617e-12 5.57658e-09 0.0351844 0.000916431 1.12697e-11 0.000772369 0.251687 1.22473e-06 0.000104133 3.85549e-05 0.00179788 
0.00213756 0.00656755 6.33679e-05 0.000188467 0.0118262 0.0146638 0.0237974 0.000834961 0.020071 0.0463741 4.2629e-08 4.45436e-06 0.0367731 0.0209905 1.29645e-07 0.00522603 0.756809 4.38584e-05 0.0132978 0.00237683 0.0379536 
0.0325253 0.0593851 0.000209954 0.000209038 4.91625e-05 0.000953845 0.00188533 0.307727 0.122794 0.117172 5.38335e-12 5.43307e-06 0.0763905 0.0881081 8.2959e-06 0.00888638 0.101323 2.31974e-05 0.0278224 0.000356584 0.0541654 
0.00194553 0.00290466 1.41752e-10 0.000262894 3.42567e-05 0.00350144 0.00119704 0.0159381 0.00117772 0.0141041 4.19084e-13 1.68439e-07 6.80365e-05 0.00128955 4.28914e-10 0.000288905 0.0189608 0.000622053 0.937298 0.000213606 0.000193158 
0.00906697 0.0199808 5.72464e-07 0.000138313 0.0133971 0.00661488 0.0610988 0.00640096 0.221883 0.00978631 2.10271e-09 4.1239e-05 0.0699415 0.024608 3.32068e-09 0.00332727 0.448606 1.30127e-05 0.0618251 0.000212488 0.0430585 
0.000288017 0.00167325 1.45362e-07 0.000211538 9.09899e-05 0.000580678 0.000289846 8.40714e-05 0.00291247 4.08489e-07 1.44498e-10 6.91324e-06 0.00113524 0.903363 3.63685e-08 0.00020297 0.00290175 8.62294e-05 0.000106109 0.0860627 3.26615e-06 
0.004075 0.00167475 4.59773e-08 7.22118e-05 0.00643754 0.029433 0.00238991 0.00117023 0.571744 0.0340913 8.15381e-09 7.96352e-06 0.0662637 0.0137843 0.0501043 0.00222834 0.201635 1.14738e-05 9.09268e-08 1.8969e-05 0.0148579 
0.0606787 0.133783 7.41865e-07 0.0114378 0.00541018 0.0151647 0.0142188 0.00299017 0.152621 0.0710428 2.53905e-10 2.8083e-05 0.0127366 0.338445 6.89567e-07 6.58314e-06 0.152211 8.81813e-07 0.000160015 0.0192724 0.00979009 
0.0433742 0.0248561 0.204727 3.70214e-05 1.55093e-06 0.0594353 0.116989 0.2656 0.0160374 0.112915 1.13111e-09 3.58487e-08 0.0980423 0.00168712 1.7863e-09 0.0282821 0.0256911 9.38197e-08 0.00231906 3.39826e-06 1.434e-06 
0.000288017 0.00167325 1.45362e-07 0.000211538 9.09899e-05 0.000580678 0.000289846 8.40714e-05 0.00291247 4.08489e-07 1.44498e-10 6.91324e-06 0.00113524 0.903363 3.63685e-08 0.00020297 0.00290175 8.62294e-05 0.000106109 0.0860627 3.26615e-06 
0.000809873 0.00257028 1.95144e-05 0.0119748 0.000136641 0.74078 0.121918 0.012786 0.00456485 0.00948737 3.18218e-09 4.97883e-06 0.00910722 0.00266479 6.61289e-09 0.00170778 0.079087 0.000568971 0.00141784 0.000124201 0.000270195 
0.00521756 0.0177246 0.000239879 0.377903 9.52628e-05 0.0129143 0.00408632 0.0164326 0.00748384 0.0317673 1.46806e-06 6.55527e-05 0.00257653 0.0199611 8.16793e-06 0.000631226 0.0132572 0.475042 0.0112788 9.49884e-05 0.00321835 
0.0674501 0.0659669 1.86508e-08 1.61032e-07 0.00494871 1.32647e-06 0.000721389 0.0385857 0.182829 0.00447157 6.67816e-11 6.68747e-09 0.120543 0.00254821 1.05464e-10 0.0600043 0.325436 1.4495e-08 1.36492e-07 6.71367e-11 0.126494 
0.102822 0.0791192 0.0029157 0.00444479 0.00211098 0.00115944 0.00295404 0.00181939 0.0403846 0.0239395 8.25679e-08 5.99115e-05 0.0128419 0.720956 0.00149167 0.000769497 0.000509996 0.000480931 0.000560642 0.000197576 0.000461712 
0.00145673 0.00562156 5.13185e-09 0.0930608 2.5038e-05 0.00240025 0.000892318 0.0209624 0.00678563 0.0257272 2.28017e-10 5.67988e-05 0.00769534 0.0119002 0.000101015 0.00591518 0.0394379 0.00487874 0.768514 0.000187007 0.00438162 
0.0385136 0.0118777 1.20924e-07 7.45114e-05 0.00340299 0.00159524 7.12852e-06 0.000151465 0.105814 0.0356477 6.00172e-10 1.66955e-07 0.0338491 0.0448873 3.65587e-07 0.0269488 0.0200244 0.000342521 0.662006 0.000328452 0.0145285 
0.0353528 0.480023 2.20162e-08 0.477286 2.79641e-08 0.000185675 0.00147234 0.00102324 0.00313222 7.06443e-08 1.08252e-11 8.0784e-09 0.000617082 0.000906714 1.70956e-11 1.18361e-07 8.67292e-08 3.21336e-08 2.54608e-08 1.08828e-11 9.25378e-08 
0.00635388 0.0431382 2.32318e-08 0.000601686 0.000542204 0.00509014 0.00127003 0.818618 0.00190313 0.000883871 8.35072e-13 2.14063e-10 0.00326371 0.000170454 2.92383e-10 0.0141821 0.102138 9.89262e-06 0.000848376 0.000249992 0.000736326 
0.866677 0.029932 0.0140775 5.33915e-08 7.65657e-05 0.00243367 4.95313e-05 5.13396e-08 0.0130842 0.0478237 3.84475e-11 1.21353e-08 0.000361978 0.0157361 6.07179e-11 0.00025856 0.00831059 1.59867e-05 0.000204352 0.000106786 0.000851543 
0.278951 0.173791 3.20009e-06 8.30779e-07 8.28305e-06 4.54942e-06 3.24321e-06 1.04345e-06 0.3087 0.181024 1.48237e-10 2.34919e-07 1.09488e-05 4.10703e-06 0.0140526 0.0202326 2.00113e-06 3.01849e-07 0.00327862 7.75079e-07 0.0199297 
0.0126087 0.00643093 8.41741e-06 0.0026701 0.00424532 0.0179033 0.0210455 0.00118456 0.0405845 0.069736 2.43802e-06 2.85032e-06 0.0230608 0.572774 4.70869e-06 0.00264305 0.0661067 8.66756e-05 0.00805347 0.00258137 0.148267 
0.00635388 0.0431382 2.32318e-08 0.000601686 0.000542204 0.00509014 0.00127003 0.818618 0.00190313 0.000883871 8.35072e-13 2.14063e-10 0.00326371 0.000170454 2.92383e-10 0.0141821 0.102138 9.89262e-06 0.000848376 0.000249992 0.000736326 
9.67116e-07 0.00631148 0.000384569 1.26796e-06 6.52996e-07 4.89457e-08 0.0668061 0.028127 0.192538 0.215659 8.94305e-11 1.25061e-07 9.08543e-07 1.58241e-06 1.41232e-10 6.47266e-07 0.440465 0.000350245 1.73651e-06 1.07896e-06 0.0493489 
0.0110748 0.131225 0.000718009 0.0101717 0.00071656 0.0706967 0.149801 0.0283605 0.0975788 0.290114 6.07878e-05 0.0207848 0.0156952 0.0291957 0.00011277 0.00951428 0.0913436 0.000182869 0.0403596 0.0016179 0.000675362 
0.00635722 0.0165252 0.00133881 0.00699116 0.000937437 0.0665952 0.189841 0.00728343 0.0668797 0.111584 0.000346805 0.0251763 0.0160532 0.0496903 0.000362904 0.00538133 0.409115 0.000724594 0.000495767 0.000971531 0.0173496 
0.000126299 9.81091e-05 3.47448e-09 1.67625e-09 0.00233995 3.45417e-09 0.000353995 7.53159e-06 5.36257e-05 0.70504 1.21054e-12 2.23814e-07 0.00141715 0.000563416 1.91174e-12 8.98622e-05 0.190015 1.15963e-06 0.000359492 1.21698e-12 0.0995345 
0.150011 0.0134252 8.06835e-07 2.83688e-05 0.00772986 0.00439196 0.0587238 0.0374381 0.118378 0.0935 2.43709e-09 0.000418602 0.00704196 0.222041 4.63528e-07 0.00386079 0.268317 0.00567787 0.00399839 0.00395068 0.00106692 
0.0337541 0.478348 2.94113e-06 0.478322 9.22014e-06 0.00019226 0.00133414 0.00128413 0.00329541 0.000285646 1.03545e-11 4.14772e-07 0.00112411 0.000897652 1.63522e-11 0.000316841 0.000649731 2.46225e-05 5.01211e-06 1.04095e-11 0.000154042 
0.00567945 0.0938854 0.00026795 0.00474508 0.000193837 0.000793126 8.00327e-05 0.00433105 0.0195038 0.00430277 6.56057e-07 1.33509e-05 0.000179105 0.852013 1.03607e-06 0.00124804 0.00555627 2.80119e-05 0.00463028 0.000176491 0.0023708 
8.18659e-05 0.000215597 2.86619e-09 5.24513e-05 2.67893e-06 0.000874376 5.8714e-06 0.000325087 1.12525e-05 1.45359e-06 1.14864e-12 8.82327e-08 2.68273e-06 7.77356e-06 1.81397e-12 0.000226927 4.07022e-05 3.68397e-05 0.998111 1.24056e-07 3.10171e-06 
0.000712431 4.41982e-05 6.12481e-09 5.15769e-06 6.57074e-05 0.00279099 5.89835e-05 5.65111e-05 0.000405811 1.75004e-09 6.67419e-12 4.83563e-08 3.74968e-05 0.00010847 1.05402e-11 2.53031e-07 4.20418e-05 4.93165e-05 0.995566 3.93186e-07 5.65418e-05 
0.013228 0.279739 1.47654e-06 0.000313435 0.000290527 0.00273098 0.000680423 0.628691 0.00737738 0.000473534 4.1249e-12 1.07127e-08 0.00174848 0.000165594 4.58491e-10 0.00759819 0.055949 5.30691e-06 0.000454619 0.000133965 0.000419102 
0.0036982 0.0253974 3.18538e-05 0.00122662 0.00367755 0.13766 0.0399893 0.000429925 0.0191125 0.0522208 2.7699e-07 7.37645e-05 0.00525347 0.588145 1.86026e-05 0.000481693 0.0639593 0.0400919 0.000243468 0.0106018 0.00768696 
0.00063191 0.00361606 5.00318e-09 0.000655763 0.000396087 0.23867 0.00445373 4.29472e-08 0.261416 0.000786199 2.35561e-12 3.1215e-07 0.0196254 0.000870978 3.72007e-12 0.000126327 0.468556 2.32253e-05 9.79762e-09 2.36813e-12 0.000172462 
0.0885015 0.492092 5.47558e-08 2.00188e-05 0.00274944 0.0103779 0.014809 0.296736 0.0322318 0.00759393 1.22958e-10 1.12775e-08 0.0198779 0.0115277 3.82614e-08 0.000552497 0.0186583 5.05111e-06 4.04414e-05 7.87257e-06 0.00421923 
0.00420656 0.0353412 7.5862e-08 0.00409015 0.000180765 0.00228269 0.000423363 0.908198 0.00101045 0.000888037 1.45728e-12 2.08755e-10 0.00108793 0.000171991 2.4756e-10 0.00472756 0.035387 0.000111015 0.00152758 8.33501e-05 0.000281821 
0.00521756 0.0177246 0.000239879 0.377903 9.52628e-05 0.0129143 0.00408632 0.0164326 0.00748384 0.0317673 1.46806e-06 6.55527e-05 0.00257653 0.0199611 8.16793e-06 0.000631226 0.0132572 0.475042 0.0112788 9.49884e-05 0.00321835 
0.00194553 0.00290466 1.41752e-10 0.000262894 3.42567e-05 0.00350144 0.00119704 0.0159381 0.00117772 0.0141041 4.19084e-13 1.68439e-07 6.80365e-05 0.00128955 4.28914e-10 0.000288905 0.0189608 0.000622053 0.937298 0.000213606 0.000193158 
0.025134 0.149464 1.38585e-06 2.21744e-07 0.0158079 0.239523 9.6085e-08 0.000225033 0.250957 1.29882e-10 1.21845e-10 2.25623e-09 0.0289358 0.00064442 1.92422e-10 2.4358e-08 0.21186 9.62073e-09 1.18705e-07 5.80619e-07 0.0774464 
0.000712431 4.41982e-05 6.12481e-09 5.15769e-06 6.57074e-05 0.00279099 5.89835e-05 5.65111e-05 0.000405811 1.75004e-09 6.67419e-12 4.83563e-08 3.74968e-05 0.00010847 1.05402e-11 2.53031e-07 4.20418e-05 4.93165e-05 0.995566 3.93186e-07 5.65418e-05 
0.000863022 0.0029373 5.30424e-09 0.0011172 0.000201382 0.0855345 0.0037115 2.32423e-08 0.236724 0.00315894 2.46753e-12 1.07347e-06 0.0169865 0.0046727 3.89683e-12 0.000338831 0.643292 4.1354e-05 6.54491e-05 9.86589e-07 0.000353679 
0.00201958 0.00127736 4.91016e-09 3.43708e-05 0.00115655 4.88136e-09 0.00429328 0.000117001 0.00178781 0.461487 1.84018e-12 2.24449e-07 0.00386741 0.00117521 2.90609e-12 0.000849093 0.328954 1.1226e-05 0.000107483 1.84997e-12 0.192862 
0.00194553 0.00290466 1.41752e-10 0.000262894 3.42567e-05 0.00350144 0.00119704 0.0159381 0.00117772 0.0141041 4.19084e-13 1.68439e-07 6.80365e-05 0.00128955 4.28914e-10 0.000288905 0.0189608 0.000622053 0.937298 0.000213606 0.000193158 
0.0353528 0.480023 2.20162e-08 0.477286 2.79641e-08 0.000185675 0.00147234 0.00102324 0.00313222 7.06443e-08 1.08252e-11 8.0784e-09 0.000617082 0.000906714 1.70956e-11 1.18361e-07 8.67292e-08 3.21336e-08 2.54608e-08 1.08828e-11 9.25378e-08 
0.00771427 0.0310427 3.18163e-05 1.45842e-08 0.000559266 0.00362265 0.0140246 0.0010574 0.10269 0.0755767 7.14982e-12 1.63006e-05 0.0408869 0.0208634 1.12913e-11 0.0154415 0.577285 0.0173916 0.000396975 5.63327e-07 0.0913976 
0.000288017 0.00167325 1.45362e-07 0.000211538 9.09899e-05 0.000580678 0.000289846 8.40714e-05 0.00291247 4.08489e-07 1.44498e-10 6.91324e-06 0.00113524 0.903363 3.63685e-08 0.00020297 0.00290175 8.62294e-05 0.000106109 0.0860627 3.26615e-06 
0.000728501 0.00390342 3.76796e-07 0.000414599 0.000500042 0.125685 0.511733 8.7558e-05 0.0174337 0.0414141 4.20979e-08 0.000132879 0.00704546 0.0477508 0.00675457 0.00169129 0.212522 0.000484785 0.020958 6.50832e-06 0.000754057 
0.021363 0.047999 1.55282e-05 0.00162063 0.00311616 0.00855595 0.107766 0.00298392 0.0149128 0.0841931 7.19617e-08 3.10766e-05 0.0334155 0.486581 4.29253e-05 0.0268898 0.147874 0.000303103 0.00945557 6.51784e-06 0.00287487 
0.000288017 0.00167325 1.45362e-07 0.000211538 9.09899e-05 0.000580678 0.000289846 8.40714e-05 0.00291247 4.08489e-07 1.44498e-10 6.91324e-06 0.00113524 0.903363 3.63685e-08 0.00020297 0.00290175 8.62294e-05 0.000106109 0.0860627 3.26615e-06 
0.0184298 0.539874 0.000227203 0.000221497 0.0120192 0.0290392 0.00216118 0.00668927 0.0647059 0.0478845 1.1841e-06 4.73362e-05 0.00779771 0.0285976 1.86997e-06 0.217779 0.00653398 0.000377467 0.0042806 1.19039e-06 0.0133301 
0.0105612 0.131976 1.35395e-05 0.0301998 0.00140258 0.0016286 0.0421136 0.00274455 0.042789 0.0186705 7.95889e-08 0.000701534 0.00668183 0.68249 1.2569e-07 0.0150458 0.00313731 1.19598e-05 0.00811306 0.00109989 0.000618591 
0.0572411 0.00800529 5.40127e-05 5.52175e-05 0.000339753 0.000284054 7.62306e-05 0.0334677 0.00562653 0.0021902 2.38197e-07 0.000106261 0.00212973 0.0040741 0.850149 0.00139027 0.00222862 7.55413e-05 0.0176374 2.39464e-07 0.0148683 
0.00125327 9.7968e-08 4.4152e-08 5.8044e-05 0.0011574 0.00040995 0.000354316 7.56966e-06 0.0069583 0.680596 1.81389e-11 7.39336e-06 0.0145408 0.00596718 2.86456e-11 7.24487e-05 0.247614 2.62991e-08 0.000107948 1.82353e-11 0.0408955 
0.000100394 0.000305575 1.40953e-06 7.67859e-05 0.000305538 0.0049877 0.000681862 5.26534e-06 0.137279 0.0123957 5.10662e-08 2.66468e-06 0.0592804 0.731733 1.15316e-07 0.000896361 0.0328889 1.64566e-05 6.43318e-06 2.66732e-05 0.0190099 
0.00183985 0.0229519 3.07983e-05 0.00690776 4.76294e-06 0.0057702 0.0241333 0.0401336 0.0122965 0.176307 6.00045e-12 3.65362e-09 0.00275544 0.0141092 1.75454e-09 4.08338e-05 0.127173 0.530126 0.0196188 0.00262997 0.0131712 
0.00521756 0.0177246 0.000239879 0.377903 9.52628e-05 0.0129143 0.00408632 0.0164326 0.00748384 0.0317673 1.46806e-06 6.55527e-05 0.00257653 0.0199611 8.16793e-06 0.000631226 0.0132572 0.475042 0.0112788 9.49884e-05 0.00321835 
0.00153699 0.0197238 1.06743e-07 0.000269212 0.000129256 0.0167798 0.00850379 0.0840534 0.00372803 0.35756 3.63179e-09 2.81885e-07 0.00307272 0.00409635 3.3473e-05 0.00152325 0.417091 0.000454826 0.0656461 0.00606378 0.0097338 
0.0353528 0.480023 2.20162e-08 0.477286 2.79641e-08 0.000185675 0.00147234 0.00102324 0.00313222 7.06443e-08 1.08252e-11 8.0784e-09 0.000617082 0.000906714 1.70956e-11 1.18361e-07 8.67292e-08 3.21336e-08 2.54608e-08 1.08828e-11 9.25378e-08 
0.608047 0.337116 7.41476e-07 0.0050316 0.00245128 0.0111048 0.00117807 0.00211328 0.00346063 0.00404511 1.58284e-08 5.04781e-07 0.00860419 0.000399194 8.65619e-08 0.000143689 0.00915934 2.81505e-06 0.000931594 0.00216393 0.00404581 
0.544348 0.00860945 1.78068e-07 6.77717e-05 7.01032e-05 0.00849756 0.0174311 0.000746007 0.0724452 0.0858312 1.87973e-09 6.3169e-08 0.0386614 0.0539551 2.96854e-09 0.00687456 0.137415 0.00038292 0.000385042 0.0034787 0.0208006 
0.0257557 0.00440467 4.16847e-06 2.06749e-06 0.000762293 0.0563508 0.018062 9.8534e-05 0.0125212 0.0188236 1.679e-07 2.04395e-06 0.000264537 0.740646 2.65154e-07 0.000138755 0.0253961 2.17792e-05 0.000593593 3.85898e-05 0.0961134 
0.0264956 0.195215 0.00469173 0.0366995 0.278339 0.0169565 0.0389315 0.0211677 0.239016 0.00540637 1.52369e-09 3.16097e-07 0.0190045 0.00242478 2.40627e-09 0.00322112 0.108651 8.49852e-05 0.000105814 1.95262e-07 0.00358877 
0.0985019 0.0330762 6.80833e-05 9.9283e-07 4.89902e-06 0.00111233 0.0261362 2.59328e-05 0.122957 0.0678662 1.37072e-08 0.000545944 0.0233402 0.492939 0.0363478 0.0097979 0.0703701 9.05971e-05 0.00146017 9.41324e-07 0.0153573 
0.00263505 0.0363161 3.29155e-07 0.000105939 0.000527457 0.010467 0.0975045 0.108852 0.00694996 0.0604066 8.96827e-12 3.5341e-09 0.0228647 0.00440846 4.31398e-09 0.00187706 0.479927 0.147471 0.000578794 0.00194034 0.0171682 
0.00309996 0.156947 1.92957e-05 0.00420397 0.00226784 0.104519 0.0356778 0.00845531 0.0106792 0.0542756 1.29122e-09 2.97844e-08 0.166879 8.30039e-05 2.03915e-09 0.0422783 0.410446 2.13161e-06 7.98164e-06 1.29809e-09 0.000157571 
8.98654e-07 2.29528e-06 1.02954e-07 7.01971e-07 5.25616e-06 0.959624 7.20826e-06 2.30862e-07 0.0263 8.24747e-06 7.59145e-11 7.14337e-09 5.45642e-06 0.0140252 1.19887e-10 4.69952e-06 1.25545e-05 3.42663e-07 1.58346e-06 7.63183e-11 1.26333e-06 
0.00856495 0.00813698 8.39205e-06 0.0306955 4.27606e-05 0.00139579 0.000787761 0.0729519 0.0407475 0.0424708 7.38126e-08 4.10043e-07 0.00407311 0.695509 1.44593e-05 0.00053946 0.0497631 2.0092e-05 0.00305172 0.00660683 0.0346195 
0.0122241 0.00600069 4.2559e-06 8.74309e-05 0.000421628 0.00692231 0.00399529 0.00102354 0.0219128 0.00932324 5.17318e-08 4.8814e-06 0.00595968 0.900181 1.59603e-05 0.00031734 0.0121652 8.7068e-05 0.000175142 0.0012958 0.0178823 
0.0204886 0.0802604 6.41627e-07 0.00306287 8.91515e-07 0.578574 0.000753713 0.0104284 0.0359526 0.00484328 8.02463e-10 1.31977e-06 0.0243229 0.00565299 1.26728e-09 0.00675945 0.227289 4.44518e-05 0.000201823 8.0673e-10 0.00136206 
0.00212429 0.0344775 5.96816e-09 0.000695719 0.00558176 0.764165 0.0462381 9.37013e-05 0.00444859 0.0307424 1.48018e-12 5.68901e-06 0.0158144 0.0140558 2.33757e-12 0.00196671 0.0758621 0.000222997 0.0023485 5.6103e-06 0.00115052 
0.00776064 0.0329623 0.000475614 0.000755128 0.00857496 0.048536 0.0402941 0.0551359 0.0149222 0.0990818 1.03367e-07 1.03377e-07 0.0404427 0.00292834 2.07608e-05 0.00659108 0.628402 0.00146939 0.000175884 0.00292538 0.0085459 
0.0120479 0.0290354 0.000450536 9.00692e-05 0.0123036 0.0174845 0.000271431 0.0015109 0.0217541 0.0137269 9.29698e-10 1.092e-07 0.216816 0.000205205 1.61304e-05 0.00189566 0.656322 5.55624e-06 0.00140811 2.28405e-05 0.0146333 
0.000185099 0.833976 0.000619566 0.0051426 0.00170304 3.35082e-05 0.00708685 0.000655377 0.0349775 0.0123619 6.31753e-06 0.000832462 0.0468787 0.0217538 9.9769e-06 0.00373862 0.0296636 4.6524e-05 3.70233e-05 0.000182935 0.000108333 
0.000257332 6.79613e-09 3.59979e-09 1.73666e-09 0.0034694 3.57923e-09 0.00106193 2.25882e-05 0.000160858 0.644067 6.88529e-13 6.68481e-07 0.00302403 0.00132839 1.08735e-12 0.000216843 0.223395 1.82427e-09 0.000322307 6.9219e-13 0.122673 
0.000288017 0.00167325 1.45362e-07 0.000211538 9.09899e-05 0.000580678 0.000289846 8.40714e-05 0.00291247 4.08489e-07 1.44498e-10 6.91324e-06 0.00113524 0.903363 3.63685e-08 0.00020297 0.00290175 8.62294e-05 0.000106109 0.0860627 3.26615e-06 
