0.00521756 0.0177246 0.000239879 0.377903 9.52628e-05 0.0129143 0.00408632 0.0164326 0.00748384 0.0317673 1.46806e-06 6.55527e-05 0.00257653 0.0199611 8.16793e-06 0.000631226 0.0132572 0.475042 0.0112788 9.49884e-05 0.00321835 
0.0353528 0.480023 2.20162e-08 0.477286 2.79641e-08 0.000185675 0.00147234 0.00102324 0.00313222 7.06443e-08 1.08252e-11 8.0784e-09 0.000617082 0.000906714 1.70956e-11 1.18361e-07 8.67292e-08 3.21336e-08 2.54608e-08 1.08828e-11 9.25378e-08 
0.004075 0.00167475 4.59773e-08 7.22118e-05 0.00643754 0.029433 0.00238991 0.00117023 0.571744 0.0340913 8.15381e-09 7.96352e-06 0.0662637 0.0137843 0.0501043 0.00222834 0.201635 1.14738e-05 9.09268e-08 1.8969e-05 0.0148579 
0.0125146 0.161864 1.0108e-05 0.822311 1.28225e-05 9.19438e-05 0.000610516 0.000486912 0.00118949 3.23673e-05 2.71879e-08 3.72176e-06 0.000277654 0.000431458 4.29362e-08 5.42319e-05 3.97357e-05 1.47272e-05 1.16815e-05 2.73325e-08 4.24026e-05 
0.00724005 0.0428739 7.60951e-05 0.000880761 0.00304146 0.192676 0.0213422 0.00675298 0.592576 0.0111252 1.43488e-05 2.88085e-05 0.0392803 0.00279979 2.06195e-05 0.00131726 0.0731869 2.64313e-05 0.00400127 5.21487e-05 0.000686906 
0.0364355 0.0689211 5.14093e-08 1.71118e-07 0.0640623 0.370546 0.0136769 0.00109217 0.0215828 0.00237458 1.50893e-10 1.93721e-07 0.274249 0.00218308 2.38297e-10 0.00565984 0.137851 1.86493e-06 3.15858e-05 1.51696e-10 0.00133217 
0.0014777 0.00826985 1.58255e-05 0.000253694 0.123855 0.0265959 0.00142101 5.40938e-06 0.0038095 0.00828432 1.83057e-08 2.79365e-06 4.83788e-06 0.782023 2.89091e-08 0.000651942 0.00849171 9.63749e-05 0.000100117 1.27871e-05 0.034628 
0.0255068 0.0478779 0.000132086 0.000139162 0.000402533 0.0170572 0.0187214 0.00191264 0.134087 0.00774197 4.75e-06 7.10474e-06 0.562152 0.0116497 0.00513107 0.0101512 0.145603 1.58158e-05 0.000472709 0.0017559 0.00947868 
0.00288066 0.0058411 3.22294e-05 0.00011431 0.0163137 0.0144359 0.0508134 0.0079944 0.074088 0.051094 1.53304e-05 0.560241 0.0338273 0.073446 0.000110194 0.000438619 0.0907673 0.0130585 0.000541438 0.000313339 0.00363311 
0.0458442 0.00320777 1.63314e-05 0.00727742 0.00582515 0.1364 0.0421246 0.000187015 0.0290844 0.101896 2.88098e-09 5.13873e-05 0.0769053 0.0996314 1.86748e-05 0.00197651 0.105292 0.26364 0.00260266 0.00313244 0.074887 
0.00298195 0.0100578 2.56799e-05 0.000314056 0.00400319 0.685917 0.00427329 0.00343671 0.0155002 0.00936291 1.29623e-10 3.52967e-06 0.0126705 0.000980436 2.04706e-10 0.00151493 0.240897 2.90407e-05 0.00117531 0.00674603 0.000110464 
0.27983 0.0642302 0.000244857 1.11763e-05 0.0143471 0.00208093 9.14197e-07 0.00201244 0.30689 0.0326984 2.14533e-09 1.23837e-06 0.0425947 0.235118 1.33918e-06 0.000940863 0.0038012 0.000199529 1.92663e-07 9.37096e-07 0.0149963 
0.00430851 0.608483 1.27373e-06 0.00357123 0.0116076 0.0550124 0.00316796 0.00382692 0.272412 0.00160564 3.47874e-10 7.24201e-06 0.000901416 0.00590656 5.49376e-10 0.000204627 0.0204907 0.00462307 0.000461365 1.73161e-07 0.00340852 
0.00529297 0.0512238 0.00472175 0.000858334 0.00574914 0.0966674 0.0703898 0.00776057 0.247898 0.0524752 1.59063e-05 2.12543e-05 0.0454524 0.0882569 0.00128393 0.14266 0.142357 0.000833029 0.0012961 0.000195722 0.0345912 
0.000863022 0.0029373 5.30424e-09 0.0011172 0.000201382 0.0855345 0.0037115 2.32423e-08 0.236724 0.00315894 2.46753e-12 1.07347e-06 0.0169865 0.0046727 3.89683e-12 0.000338831 0.643292 4.1354e-05 6.54491e-05 9.86589e-07 0.000353679 
0.0124012 0.0174426 1.71287e-05 0.000648409 0.0023288 0.0284682 0.0134251 0.00493665 0.0314332 0.0798402 3.35795e-07 2.15363e-06 0.0348057 0.719428 5.30301e-07 0.00137131 0.0316952 0.00495089 0.00111964 0.00481223 0.0108727 
0.0042922 0.0537497 7.06301e-06 0.000238258 0.00056708 0.00146209 0.00143192 4.58395e-05 0.0435416 0.015819 3.68803e-08 2.12387e-06 0.0131721 0.826382 5.82429e-08 0.000730032 0.0380656 9.90463e-06 0.000254039 0.000105649 0.000123756 
0.00126976 0.0620598 5.71786e-05 0.000134314 0.000915544 0.599152 0.00212984 0.000766986 0.00779175 0.137977 1.68721e-07 0.000167501 0.0262126 0.100152 2.66451e-07 0.00347841 0.0545122 9.90698e-05 0.000992291 1.69618e-07 0.00213125 
0.0420148 0.660567 0.000212487 0.00630564 0.00197875 0.0143804 0.00863809 0.016568 0.0482732 0.037284 6.322e-05 0.00166442 0.012578 0.0568827 8.49086e-05 0.00329292 0.0707599 0.000122655 0.00338056 0.00566158 0.00928656 
0.00430925 0.287342 1.40951e-06 1.42731e-06 0.0016961 0.0073303 0.00176062 0.00084007 0.123779 0.0169444 1.47283e-09 3.45436e-05 0.113756 0.241936 3.82193e-08 1.50431e-06 0.158655 3.79482e-07 0.000149621 1.48066e-09 0.0414623 
0.0165978 0.0223615 9.54326e-05 0.0058543 0.0221937 0.0157427 0.0291151 0.0160611 0.0418773 0.241198 3.70149e-05 0.000159335 0.0869298 0.0559939 0.0178776 0.012954 0.263454 6.65632e-05 0.0047783 0.00056212 0.146091 
0.00198997 0.00167915 2.0247e-08 0.000362024 8.92675e-07 0.000162751 2.03821e-09 0.00166632 0.000484116 0.00926414 1.84721e-12 5.08205e-08 0.00265486 0.000263978 2.91718e-12 0.000571255 0.0115348 0.000133484 0.968446 4.02411e-09 0.000785769 
0.000863022 0.0029373 5.30424e-09 0.0011172 0.000201382 0.0855345 0.0037115 2.32423e-08 0.236724 0.00315894 2.46753e-12 1.07347e-06 0.0169865 0.0046727 3.89683e-12 0.000338831 0.643292 4.1354e-05 6.54491e-05 9.86589e-07 0.000353679 
0.0101943 0.0306567 3.81241e-05 0.0183493 0.00637468 0.0684352 0.0187403 0.0329815 0.08348 0.112768 9.50334e-11 1.10824e-06 0.308804 0.0159403 1.50081e-10 0.0109719 0.266175 0.000315091 0.0014968 9.55388e-11 0.0142778 
0.00212429 0.0344775 5.96816e-09 0.000695719 0.00558176 0.764165 0.0462381 9.37013e-05 0.00444859 0.0307424 1.48018e-12 5.68901e-06 0.0158144 0.0140558 2.33757e-12 0.00196671 0.0758621 0.000222997 0.0023485 5.6103e-06 0.00115052 
0.0119277 0.129028 1.62712e-08 0.000198357 0.00655098 0.216845 0.102589 7.15575e-05 0.0663173 0.00678362 3.01938e-10 1.27744e-06 0.0353191 0.00250327 4.76833e-10 0.0437542 0.365169 2.11028e-06 0.00015266 3.03544e-10 0.0127859 
0.000863022 0.0029373 5.30424e-09 0.0011172 0.000201382 0.0855345 0.0037115 2.32423e-08 0.236724 0.00315894 2.46753e-12 1.07347e-06 0.0169865 0.0046727 3.89683e-12 0.000338831 0.643292 4.1354e-05 6.54491e-05 9.86589e-07 0.000353679 
0.742178 0.0557427 0.00042288 0.00563514 0.0196873 0.0038189 0.0157179 0.0122074 0.0277658 0.0106361 2.7992e-05 0.000913301 0.0344687 0.0235408 0.00095781 0.00642168 0.0312616 0.00011726 0.000348679 0.00104729 0.00708256 
0.0156528 0.013265 0.000633995 0.000535447 0.00112311 0.00260833 0.00725543 0.00450576 0.0048687 0.184967 3.58756e-06 2.78931e-05 0.012405 0.242012 5.52938e-06 0.00445619 0.0455407 0.00011339 0.00828091 0.00147574 0.450264 
0.00370211 0.00240715 9.42251e-06 0.000849706 0.000625134 0.0113546 0.00167278 1.85439e-05 0.00432536 0.624921 1.64777e-08 1.90837e-06 0.00317331 0.049523 2.60222e-08 0.00065681 0.0829544 9.47959e-05 0.0049189 0.000116694 0.208674 
0.000712431 4.41982e-05 6.12481e-09 5.15769e-06 6.57074e-05 0.00279099 5.89835e-05 5.65111e-05 0.000405811 1.75004e-09 6.67419e-12 4.83563e-08 3.74968e-05 0.00010847 1.05402e-11 2.53031e-07 4.20418e-05 4.93165e-05 0.995566 3.93186e-07 5.65418e-05 
0.0812366 0.122926 1.68622e-05 0.00296524 0.0118372 0.0109329 0.00407822 0.0232778 0.18043 0.157564 2.27906e-08 1.81202e-05 0.0841165 0.00721314 2.87379e-07 0.0124806 0.240211 0.039949 0.00983057 0.000442939 0.0104726 
0.00505019 0.0167888 0.000341386 0.000170639 0.00317885 0.0104345 0.00429798 0.00284192 0.0135155 0.0497597 4.73547e-06 9.73536e-06 0.469741 0.00795719 0.000640765 0.0706476 0.0566518 0.0118516 0.0028306 0.000336507 0.272949 
0.00301087 0.00496857 7.22483e-05 0.000209692 0.00326021 0.0717793 0.00123259 0.00823509 0.0315364 0.689702 1.59627e-06 1.28658e-05 0.0723763 0.0288763 2.5209e-06 0.0163157 0.037307 0.000456903 0.00929142 0.00595372 0.0153987 
0.0514018 0.014937 0.000973229 0.00158561 0.00334873 0.00240208 0.00908513 0.000423629 0.0127867 0.483107 4.01267e-08 6.57031e-06 0.0723378 0.0771965 2.26657e-07 0.0214361 0.00499719 0.00122042 0.000840754 0.00117699 0.240737 
0.00424539 0.0245926 0.000314655 0.0171692 0.00186315 0.459792 0.127792 0.0438073 0.0601624 0.0621105 0.000189534 0.000460875 0.0238743 0.0204228 0.000586135 0.0134842 0.129117 0.000807529 0.00755933 0.000453795 0.0011956 
0.000863022 0.0029373 5.30424e-09 0.0011172 0.000201382 0.0855345 0.0037115 2.32423e-08 0.236724 0.00315894 2.46753e-12 1.07347e-06 0.0169865 0.0046727 3.89683e-12 0.000338831 0.643292 4.1354e-05 6.54491e-05 9.86589e-07 0.000353679 
0.00378306 0.16958 2.32478e-07 3.74647e-07 1.78446e-06 0.0101321 0.00617888 0.00312968 0.238753 0.0107061 1.20631e-09 4.39797e-06 0.0315907 0.0473045 1.90506e-09 0.0457853 0.0309446 1.23668e-05 0.000122188 0.000661404 0.40131 
0.000218218 5.4495e-08 2.50838e-08 0.000541229 0.00268658 0.422361 0.136792 2.46234e-07 0.0349934 0.176364 2.08956e-12 3.70079e-09 0.0464531 0.0020014 3.29992e-12 0.00229869 0.174923 5.27155e-05 0.000313119 2.10067e-12 1.52402e-07 
0.00194553 0.00290466 1.41752e-10 0.000262894 3.42567e-05 0.00350144 0.00119704 0.0159381 0.00117772 0.0141041 4.19084e-13 1.68439e-07 6.80365e-05 0.00128955 4.28914e-10 0.000288905 0.0189608 0.000622053 0.937298 0.000213606 0.000193158 
0.0208222 0.089081 8.00225e-09 0.00221837 0.00017085 0.120833 9.31237e-05 0.00029681 0.0555469 0.00517448 2.5978e-11 1.18919e-08 0.188224 0.00229389 4.10255e-11 0.000361746 0.51474 1.05238e-08 1.31511e-07 2.61161e-11 0.000143559 
0.00183985 0.0229519 3.07983e-05 0.00690776 4.76294e-06 0.0057702 0.0241333 0.0401336 0.0122965 0.176307 6.00045e-12 3.65362e-09 0.00275544 0.0141092 1.75454e-09 4.08338e-05 0.127173 0.530126 0.0196188 0.00262997 0.0131712 
0.00108198 0.00344948 6.1941e-07 2.57614e-05 0.000266254 0.0194145 0.00749446 5.55071e-08 0.0853321 0.0519648 9.08691e-11 7.43134e-08 0.0992524 0.00288075 1.43504e-10 0.000405354 0.461497 3.02354e-05 1.75685e-07 9.13524e-11 0.266904 
0.000118227 0.00128577 5.2144e-09 0.000220519 0.000323969 0.886134 0.0562246 8.13698e-05 0.000701963 0.0084457 8.55069e-13 2.41266e-06 0.00958885 0.000652723 1.35036e-12 0.000691342 0.0322218 6.97886e-05 0.00315138 1.12111e-05 7.41354e-05 
0.0107763 0.0764869 0.00114471 4.21509e-05 0.0780287 0.0165638 0.0397988 0.00147455 0.0440091 0.0233575 1.06686e-06 3.94043e-06 0.0118442 0.603812 0.000145274 0.00241231 0.0377423 6.62108e-05 0.0165601 0.00514536 0.030585 
0.0353528 0.480023 2.20162e-08 0.477286 2.79641e-08 0.000185675 0.00147234 0.00102324 0.00313222 7.06443e-08 1.08252e-11 8.0784e-09 0.000617082 0.000906714 1.70956e-11 1.18361e-07 8.67292e-08 3.21336e-08 2.54608e-08 1.08828e-11 9.25378e-08 
0.00112188 0.0010849 0.00651412 0.000101004 0.170875 0.0119729 0.368962 0.00029316 0.0171825 0.1029 1.80656e-10 1.56413e-08 0.199461 0.00406816 6.16497e-07 0.00840127 0.0988628 4.16417e-08 5.17733e-05 2.57609e-07 0.00814672 
0.0230904 0.139812 0.000728939 0.0207918 0.0148002 0.0258021 0.00457687 0.0179501 0.51571 0.0153982 3.04904e-05 4.84359e-05 0.00921653 0.135757 0.000700439 0.00188534 0.0294217 5.64555e-05 0.000485465 0.00191354 0.0418248 
0.551276 0.0896081 0.00684046 0.00409468 0.00484282 0.00793092 0.0186415 0.00127353 0.0329284 0.0487774 9.69154e-07 5.27253e-06 0.0186424 0.079879 0.000110455 0.131681 0.00185672 4.60627e-05 1.18254e-05 1.53969e-05 0.00153722 
0.00816633 0.00996989 1.64097e-05 1.85689e-05 0.000358834 0.00418319 0.00549056 0.00449885 0.0367825 0.0108908 3.67369e-08 3.82086e-06 0.000705448 0.447216 6.99034e-06 4.28696e-06 0.0141352 0.0424699 0.413874 3.69322e-08 0.00120821 
0.0204886 0.0802604 6.41627e-07 0.00306287 8.91515e-07 0.578574 0.000753713 0.0104284 0.0359526 0.00484328 8.02463e-10 1.31977e-06 0.0243229 0.00565299 1.26728e-09 0.00675945 0.227289 4.44518e-05 0.000201823 8.0673e-10 0.00136206 
0.207345 0.552051 2.68782e-05 0.000534537 0.000860333 0.00142792 0.00223136 0.0608591 0.0167304 0.00914988 6.36404e-10 4.98591e-08 0.00107933 0.00492174 1.69595e-07 0.00056362 0.077832 0.000214026 0.0021956 0.061822 0.000155752 
0.00212429 0.0344775 5.96816e-09 0.000695719 0.00558176 0.764165 0.0462381 9.37013e-05 0.00444859 0.0307424 1.48018e-12 5.68901e-06 0.0158144 0.0140558 2.33757e-12 0.00196671 0.0758621 0.000222997 0.0023485 5.6103e-06 0.00115052 
0.00194553 0.00290466 1.41752e-10 0.000262894 3.42567e-05 0.00350144 0.00119704 0.0159381 0.00117772 0.0141041 4.19084e-13 1.68439e-07 6.80365e-05 0.00128955 4.28914e-10 0.000288905 0.0189608 0.000622053 0.937298 0.000213606 0.000193158 
0.0421753 0.0455454 2.0434e-06 0.00798253 0.00141739 0.0176639 0.013349 0.0128338 0.0620282 0.0710297 5.84268e-07 7.96051e-06 0.0109932 0.567861 3.64453e-05 0.0208519 0.0737627 0.00111638 0.014216 0.00535097 0.0317752 
0.0174982 0.0289277 1.7074e-05 0.000152912 0.00113876 0.0233906 0.0033382 0.0161675 0.0207653 0.0619305 7.47702e-09 1.29515e-05 0.0680152 0.00327693 2.73371e-08 0.00402141 0.734372 0.00499729 6.08571e-05 0.000100514 0.0118156 
0.196743 0.261796 0.00841284 0.0146909 0.00717203 0.031105 0.0105197 0.122843 0.0578695 0.0395209 5.00931e-05 0.000159008 0.0501568 0.0534947 0.000143015 0.00345527 0.123479 0.000119828 0.00254369 0.00156646 0.0141595 
0.00298195 0.0100578 2.56799e-05 0.000314056 0.00400319 0.685917 0.00427329 0.00343671 0.0155002 0.00936291 1.29623e-10 3.52967e-06 0.0126705 0.000980436 2.04706e-10 0.00151493 0.240897 2.90407e-05 0.00117531 0.00674603 0.000110464 
0.000521552 0.00302273 5.78388e-07 0.000347104 0.000984544 0.0044199 0.000302958 0.00277229 0.0198019 0.041772 8.84923e-11 1.53896e-05 0.0016812 0.0314549 1.39751e-10 0.000145527 0.100445 0.000681581 0.778212 3.61419e-07 0.0134188 
0.0246934 0.0635562 0.00403235 0.00717958 0.00697502 0.0106043 0.01245 0.0106038 0.0395395 0.107613 6.83303e-07 0.000889058 0.0534967 0.32818 0.000615183 0.0252394 0.00923671 0.00403621 0.00417016 0.0166049 0.270284 
2.90779e-08 9.66542e-05 1.58588e-08 7.58342e-05 0.000836557 0.629674 0.00955994 6.53485e-09 0.000958269 0.00240912 1.84056e-12 3.25979e-09 0.0125843 4.7901e-08 2.90669e-12 0.00106359 0.341939 3.653e-06 0.00031198 0.000115509 0.00037088 
0.00194553 0.00290466 1.41752e-10 0.000262894 3.42567e-05 0.00350144 0.00119704 0.0159381 0.00117772 0.0141041 4.19084e-13 1.68439e-07 6.80365e-05 0.00128955 4.28914e-10 0.000288905 0.0189608 0.000622053 0.937298 0.000213606 0.000193158 
0.00521756 0.0177246 0.000239879 0.377903 9.52628e-05 0.0129143 0.00408632 0.0164326 0.00748384 0.0317673 1.46806e-06 6.55527e-05 0.00257653 0.0199611 8.16793e-06 0.000631226 0.0132572 0.475042 0.0112788 9.49884e-05 0.00321835 
0.00520974 0.578068 1.12895e-06 0.0359193 0.0671649 0.000159635 0.0131736 0.110295 0.0295445 0.048895 7.31117e-09 5.03501e-05 0.0693089 0.0365637 1.15461e-08 0.000158304 0.00458454 6.06873e-05 0.000746985 1.08385e-05 8.55653e-05 
0.187507 0.00650843 1.00836e-05 1.61516e-06 0.00066056 0.023836 0.000868149 3.09912e-05 0.0125635 0.373538 5.6429e-07 1.57415e-06 0.130697 0.00819234 4.02417e-05 0.000725238 0.109702 3.50636e-05 0.000747206 1.14985e-05 0.144323 
0.00194553 0.00290466 1.41752e-10 0.000262894 3.42567e-05 0.00350144 0.00119704 0.0159381 0.00117772 0.0141041 4.19084e-13 1.68439e-07 6.80365e-05 0.00128955 4.28914e-10 0.000288905 0.0189608 0.000622053 0.937298 0.000213606 0.000193158 
0.0957317 0.0581212 2.95193e-06 0.00446805 0.00644198 0.277032 0.000274138 0.000216854 0.0497398 0.0237742 6.58834e-11 1.50617e-07 0.106759 0.00132868 1.04046e-10 0.00302621 0.371788 3.09521e-06 1.65507e-05 6.90343e-08 0.00127512 
0.00473176 0.076064 0.260441 1.09248e-05 0.0251213 0.0593855 3.94262e-07 0.00063433 0.492705 9.36406e-08 1.40384e-10 7.27463e-06 0.0310436 0.00323057 2.217e-10 0.00332278 0.0177187 0.0235597 0.000548104 9.89991e-08 0.00147515 
0.0208222 0.089081 8.00225e-09 0.00221837 0.00017085 0.120833 9.31237e-05 0.00029681 0.0555469 0.00517448 2.5978e-11 1.18919e-08 0.188224 0.00229389 4.10255e-11 0.000361746 0.51474 1.05238e-08 1.31511e-07 2.61161e-11 0.000143559 
0.0673086 0.108692 0.000115614 0.411086 0.000459652 0.0375742 0.00628068 0.237706 0.0828256 0.00161029 4.95754e-12 3.03664e-09 0.0166684 0.00167504 7.82915e-12 0.000451332 0.0270196 5.7826e-08 0.000394594 4.98391e-12 0.000132517 
0.0165748 0.0249419 7.44442e-10 0.0152556 0.000114963 0.0364655 0.00081086 0.0153474 0.0316479 0.00253185 3.86006e-13 2.5947e-10 0.0148333 0.00491222 6.09597e-13 0.000115924 0.835007 6.46785e-06 5.40518e-05 2.65235e-07 0.00138017 
0.00309293 0.00917091 0.000241185 0.0506866 0.000373742 0.283857 0.0427731 0.0607629 0.0620498 0.038658 2.18303e-12 1.3286e-06 0.0508101 0.00209257 3.44752e-12 0.000699701 0.39275 0.000710526 0.000399635 2.19464e-12 0.000870087 
0.0244621 0.0517534 5.46039e-06 0.00100604 0.0215118 0.0469787 0.00977931 0.000166855 0.137603 0.0261877 2.5465e-08 9.6055e-06 0.0196012 0.434002 2.45286e-06 0.0670708 0.137197 8.60843e-05 0.000313487 0.000377231 0.0218851 
0.00426478 0.136611 7.00198e-08 6.04471e-07 4.26925e-06 0.0327445 0.265584 0.00977085 0.053002 7.66904e-06 2.6134e-10 2.51127e-08 3.22824e-06 0.000418937 4.12718e-10 0.00412273 0.493102 1.76788e-05 1.69851e-06 2.62729e-10 0.000344868 
1.88659e-06 1.88692e-06 1.88473e-06 0.0280996 1.88591e-06 1.88685e-06 1.88665e-06 0.00377541 0.0130204 0.173596 1.88464e-06 1.88481e-06 0.552842 0.155265 0.0020734 0.0318839 1.88698e-06 0.0196219 0.00999366 1.88464e-06 0.00981084 
0.03181 0.0459579 2.05022e-07 0.000697657 0.0723975 0.0541458 0.0105491 0.143752 0.203558 0.0591143 2.05013e-07 2.05031e-07 0.0533035 0.115723 0.000635257 0.0174435 0.167826 0.00256543 2.05078e-07 0.000492234 0.0200274 
0.00521756 0.0177246 0.000239879 0.377903 9.52628e-05 0.0129143 0.00408632 0.0164326 0.00748384 0.0317673 1.46806e-06 6.55527e-05 0.00257653 0.0199611 8.16793e-06 0.000631226 0.0132572 0.475042 0.0112788 9.49884e-05 0.00321835 
3.31003e-05 0.0127799 3.56737e-08 4.34688e-06 2.28351e-05 0.0029655 5.6773e-08 1.12382e-06 0.980583 8.57231e-05 2.63453e-10 4.09368e-09 0.00030381 0.000206758 1.53371e-07 8.90793e-08 0.00189836 3.99259e-08 0.000819471 8.01932e-07 0.000295305 
0.106061 0.0247607 9.13339e-06 0.00167252 0.0377454 0.380834 0.000877939 0.00436225 0.19158 0.00218942 7.29893e-08 3.19614e-07 0.0263671 0.0118328 1.57468e-05 0.00104453 0.163052 0.00467173 3.13556e-05 0.040169 0.00272295 
0.000712431 4.41982e-05 6.12481e-09 5.15769e-06 6.57074e-05 0.00279099 5.89835e-05 5.65111e-05 0.000405811 1.75004e-09 6.67419e-12 4.83563e-08 3.74968e-05 0.00010847 1.05402e-11 2.53031e-07 4.20418e-05 4.93165e-05 0.995566 3.93186e-07 5.65418e-05 
0.0114732 0.0531994 4.37336e-05 6.06034e-05 0.00701782 0.00429255 0.336903 0.00948319 0.0233354 0.0493092 5.5257e-12 6.85745e-07 0.0127669 0.000936701 1.36081e-08 0.013244 0.47134 3.54829e-05 0.00113466 1.01644e-06 0.00542266 
0.00122757 0.000841408 2.66922e-06 5.45995e-05 0.00160974 0.0112156 0.016419 0.000149029 0.00221486 0.422581 9.42282e-12 2.30815e-07 0.0492777 0.00160231 1.48809e-11 0.00120701 0.454429 1.54275e-05 0.000566307 9.47293e-12 0.0365858 
0.000660556 0.00204758 1.79014e-05 1.70499e-05 0.000226978 2.8987e-07 0.0216831 1.0102e-08 0.0218513 0.0659829 7.82801e-11 8.10243e-08 0.607937 0.0260977 1.23623e-10 0.0479394 0.205536 9.10021e-07 9.09164e-07 7.86964e-11 3.89601e-07 
0.00272142 0.290095 1.94651e-07 4.5726e-07 1.9091e-07 0.00164321 3.11641e-07 0.0284073 0.331296 0.107587 5.91248e-11 1.65803e-08 3.3747e-06 0.202969 8.40444e-07 0.0223991 1.49029e-06 2.19017e-07 2.87904e-06 0.00396846 0.0089027 
0.00687138 0.01278 0.00332725 0.00068823 0.110228 0.103318 0.000252421 0.000370126 0.0108617 0.144619 6.924e-11 4.73123e-06 0.367938 0.00256678 6.74792e-08 0.00833795 0.186526 0.0191685 0.00249737 2.82139e-08 0.0196444 
0.00119873 0.00410125 2.08914e-08 0.901093 4.59065e-05 0.00637175 0.00881977 0.000988794 0.026938 0.00777905 7.97383e-11 5.162e-08 0.00434866 0.00625766 1.25926e-10 0.000108101 0.0218837 0.00202052 3.8032e-05 0.0078684 0.000138396 
0.00131544 6.7231e-06 4.52265e-06 4.65128e-06 4.00503e-06 1.45644e-06 2.85875e-06 1.88997e-06 7.49552e-06 0.0111239 1.86967e-08 0.00768889 8.10836e-06 0.840252 1.15054e-06 7.52744e-06 0.000258261 1.14608e-06 3.66327e-06 1.92865e-05 0.139287 
0.0432016 0.644303 2.48929e-07 0.000854807 0.00331955 0.00645692 0.0010864 0.0297174 0.0699154 0.00960981 2.64835e-10 2.32462e-06 0.18206 3.47321e-09 0.000237006 0.00179724 0.00732607 8.22346e-06 7.92116e-08 2.66244e-10 0.000103684 
0.00929072 0.0538556 3.46474e-08 0.000853345 0.000813292 0.00762037 0.00190503 0.739206 0.00273208 0.0013258 8.99962e-13 2.57549e-10 0.00489556 0.000255676 3.69677e-10 0.021273 0.153207 1.48372e-05 0.00127253 0.000374979 0.00110448 
0.0790993 0.0477144 7.23277e-07 0.000660328 0.00260094 0.00192656 0.000417663 7.52255e-05 0.130905 0.00898936 3.95163e-08 8.9572e-07 0.0237858 0.619911 2.59042e-06 0.0014059 0.0745328 4.36863e-05 3.70521e-07 8.42544e-05 0.00784321 
0.014285 0.0450584 4.50124e-06 6.79744e-05 0.00916733 0.137062 0.04624 0.022201 0.0357702 0.0292035 9.70196e-12 2.68754e-08 0.00997647 0.0061087 4.33356e-09 0.0292097 0.564112 3.46992e-05 0.00624061 0.0127219 0.032536 
0.00309293 0.00917091 0.000241185 0.0506866 0.000373742 0.283857 0.0427731 0.0607629 0.0620498 0.038658 2.18303e-12 1.3286e-06 0.0508101 0.00209257 3.44752e-12 0.000699701 0.39275 0.000710526 0.000399635 2.19464e-12 0.000870087 
0.0145795 0.0127772 3.64114e-05 0.000279432 0.000900629 0.075252 0.00811782 4.30806e-05 0.242852 0.242233 6.91807e-08 8.76181e-06 0.051749 0.052327 5.82135e-06 0.00334955 0.251728 2.49639e-05 8.48468e-05 2.01941e-06 0.0436487 
0.000863022 0.0029373 5.30424e-09 0.0011172 0.000201382 0.0855345 0.0037115 2.32423e-08 0.236724 0.00315894 2.46753e-12 1.07347e-06 0.0169865 0.0046727 3.89683e-12 0.000338831 0.643292 4.1354e-05 6.54491e-05 9.86589e-07 0.000353679 
0.000712431 4.41982e-05 6.12481e-09 5.15769e-06 6.57074e-05 0.00279099 5.89835e-05 5.65111e-05 0.000405811 1.75004e-09 6.67419e-12 4.83563e-08 3.74968e-05 0.00010847 1.05402e-11 2.53031e-07 4.20418e-05 4.93165e-05 0.995566 3.93186e-07 5.65418e-05 
0.00942687 0.165067 4.0858e-05 0.000131068 0.0253477 0.0348571 0.0236647 0.00718501 0.101012 0.0663447 1.60193e-11 4.98062e-05 0.0335338 0.154781 2.52984e-11 0.000816437 0.363974 7.50298e-05 0.00285396 0.000321961 0.0105178 
0.000765245 0.00451016 9.45492e-06 4.14496e-07 6.52475e-08 0.0366986 0.350775 0.000266874 0.0314262 0.0463353 1.32431e-09 0.000990635 0.0124636 0.100708 0.00125169 0.0543924 0.276507 0.0801945 6.34298e-05 0.000263562 0.00237837 
0.0204886 0.0802604 6.41627e-07 0.00306287 8.91515e-07 0.578574 0.000753713 0.0104284 0.0359526 0.00484328 8.02463e-10 1.31977e-06 0.0243229 0.00565299 1.26728e-09 0.00675945 0.227289 4.44518e-05 0.000201823 8.0673e-10 0.00136206 
0.00487784 0.0343941 4.56838e-06 0.000363613 0.000460228 0.144429 0.200662 0.0125465 0.0237818 0.0793378 5.10294e-09 0.00384337 0.015638 0.174012 2.22295e-08 0.00193097 0.212372 0.000293467 0.00315452 0.000349755 0.0875482 
0.00241084 0.0125841 8.7475e-09 0.000280382 6.84116e-05 0.00632546 8.86603e-05 0.0924468 0.0204998 0.0129079 2.6856e-12 5.18565e-08 0.00375262 0.000911809 3.77689e-08 0.000111311 0.00506506 0.000483495 0.840186 1.97935e-07 0.00187667 
0.00929072 0.0538556 3.46474e-08 0.000853345 0.000813292 0.00762037 0.00190503 0.739206 0.00273208 0.0013258 8.99962e-13 2.57549e-10 0.00489556 0.000255676 3.69677e-10 0.021273 0.153207 1.48372e-05 0.00127253 0.000374979 0.00110448 
0.000863022 0.0029373 5.30424e-09 0.0011172 0.000201382 0.0855345 0.0037115 2.32423e-08 0.236724 0.00315894 2.46753e-12 1.07347e-06 0.0169865 0.0046727 3.89683e-12 0.000338831 0.643292 4.1354e-05 6.54491e-05 9.86589e-07 0.000353679 
0.00472282 0.00405439 1.25581e-09 3.80702e-05 0.00702872 0.0965802 0.000807639 1.70472e-07 0.00842383 4.39017e-09 4.80307e-13 4.4793e-10 0.010566 1.26846e-08 7.5852e-13 0.000455608 0.866922 7.83402e-07 1.20254e-09 3.81508e-09 0.000399517 
0.00257777 0.0118175 1.11736e-08 0.00174213 0.00230548 0.046473 0.00138213 0.00138927 0.0222868 0.010131 1.02327e-08 1.83034e-05 0.157373 0.00971929 4.5375e-08 0.0155916 0.70707 8.82028e-05 9.22723e-05 4.26025e-07 0.00994195 
0.0036982 0.0253974 3.18538e-05 0.00122662 0.00367755 0.13766 0.0399893 0.000429925 0.0191125 0.0522208 2.7699e-07 7.37645e-05 0.00525347 0.588145 1.86026e-05 0.000481693 0.0639593 0.0400919 0.000243468 0.0106018 0.00768696 
0.0657742 0.314736 3.20707e-07 0.000184739 4.59303e-07 0.00127425 0.210298 2.32448e-05 0.108089 0.077227 1.6177e-09 4.34205e-07 5.58257e-06 0.0336184 2.55474e-09 0.0415799 0.125969 0.00170316 1.52768e-06 1.4353e-05 0.0195013 
0.000288017 0.00167325 1.45362e-07 0.000211538 9.09899e-05 0.000580678 0.000289846 8.40714e-05 0.00291247 4.08489e-07 1.44498e-10 6.91324e-06 0.00113524 0.903363 3.63685e-08 0.00020297 0.00290175 8.62294e-05 0.000106109 0.0860627 3.26615e-06 
0.0300844 0.152847 8.93653e-06 7.44107e-07 0.00234413 4.02454e-07 8.38572e-07 0.0207315 0.114215 0.052253 2.73806e-09 4.39732e-06 3.48956e-06 0.539369 4.32405e-09 0.000554719 0.0289673 3.49457e-05 0.00123639 8.59134e-06 0.0573352 
0.0533972 0.0295882 8.28551e-05 0.00199015 0.00496796 0.0414794 0.138447 0.00028988 0.0466517 0.0479777 4.78995e-07 1.66148e-05 0.00594577 0.325885 1.18131e-05 0.290485 0.00879437 7.10518e-05 9.65817e-05 0.00172403 0.00209775 
0.00194553 0.00290466 1.41752e-10 0.000262894 3.42567e-05 0.00350144 0.00119704 0.0159381 0.00117772 0.0141041 4.19084e-13 1.68439e-07 6.80365e-05 0.00128955 4.28914e-10 0.000288905 0.0189608 0.000622053 0.937298 0.000213606 0.000193158 
0.000712431 4.41982e-05 6.12481e-09 5.15769e-06 6.57074e-05 0.00279099 5.89835e-05 5.65111e-05 0.000405811 1.75004e-09 6.67419e-12 4.83563e-08 3.74968e-05 0.00010847 1.05402e-11 2.53031e-07 4.20418e-05 4.93165e-05 0.995566 3.93186e-07 5.65418e-05 
0.00635388 0.0431382 2.32318e-08 0.000601686 0.000542204 0.00509014 0.00127003 0.818618 0.00190313 0.000883871 8.35072e-13 2.14063e-10 0.00326371 0.000170454 2.92383e-10 0.0141821 0.102138 9.89262e-06 0.000848376 0.000249992 0.000736326 
0.00096864 0.00401595 7.73841e-06 3.44272e-05 0.0084876 0.0486183 0.00492394 0.00173907 0.106279 0.0100046 1.79269e-06 1.71198e-05 0.0926505 0.00667261 7.53894e-06 0.00112849 0.705518 3.87105e-05 0.000118359 7.36658e-05 0.00869376 
0.0535703 0.0914142 1.91404e-06 0.00998946 0.00197728 0.0181767 0.0198644 0.00669617 0.214401 0.049162 3.49342e-08 0.00033206 0.0181881 0.353367 1.32556e-06 0.00240701 0.057389 0.00318588 0.0300552 0.0587019 0.0111185 
0.00194553 0.00290466 1.41752e-10 0.000262894 3.42567e-05 0.00350144 0.00119704 0.0159381 0.00117772 0.0141041 4.19084e-13 1.68439e-07 6.80365e-05 0.00128955 4.28914e-10 0.000288905 0.0189608 0.000622053 0.937298 0.000213606 0.000193158 
0.0116795 0.0404003 9.40233e-05 0.00286843 0.000230121 0.00184797 0.00525091 0.785144 0.0244888 0.0277596 4.44399e-08 6.99391e-05 0.00716206 0.00872238 3.81537e-05 0.00648673 0.0234241 0.000160004 0.000611475 1.88713e-05 0.0535423 
0.00116612 3.224e-05 2.71156e-08 2.53157e-05 0.00489375 0.670835 0.0095085 1.11724e-08 0.0137947 0.00924217 7.13617e-12 5.57658e-09 0.0351844 0.000916431 1.12697e-11 0.000772369 0.251687 1.22473e-06 0.000104133 3.85549e-05 0.00179788 
0.00213756 0.00656755 6.33679e-05 0.000188467 0.0118262 0.0146638 0.0237974 0.000834961 0.020071 0.0463741 4.2629e-08 4.45436e-06 0.0367731 0.0209905 1.29645e-07 0.00522603 0.756809 4.38584e-05 0.0132978 0.00237683 0.0379536 
0.0325253 0.0593851 0.000209954 0.000209038 4.91625e-05 0.000953845 0.00188533 0.307727 0.122794 0.117172 5.38335e-12 5.43307e-06 0.0763905 0.0881081 8.2959e-06 0.00888638 0.101323 2.31974e-05 0.0278224 0.000356584 0.0541654 
0.268799 0.0910754 3.63569e-05 0.000973488 0.000674321 0.000198602 0.0208335 0.00463808 0.0359614 0.0460204 4.58376e-06 9.77945e-05 0.0133392 0.0826237 6.72319e-05 0.00472966 0.0415934 0.000218282 0.378174 0.000345427 0.00959588 
0.000288017 0.00167325 1.45362e-07 0.000211538 9.09899e-05 0.000580678 0.000289846 8.40714e-05 0.00291247 4.08489e-07 1.44498e-10 6.91324e-06 0.00113524 0.903363 3.63685e-08 0.00020297 0.00290175 8.62294e-05 0.000106109 0.0860627 3.26615e-06 
0.0184292 0.0441961 0.000289344 0.00739632 0.0147554 0.0987834 0.227144 0.0378871 0.108098 0.217283 6.31712e-06 0.000164976 0.0395305 0.00826811 0.111338 0.01814 0.0225533 8.03174e-06 1.26738e-05 0.021751 0.00396476 
0.00133308 0.423044 0.00130212 0.0258016 0.000357234 0.000181688 0.0738847 0.180738 0.0393957 0.0769835 1.64422e-10 5.67984e-08 0.00115251 0.00364873 2.59662e-10 0.0002951 0.123557 0.000198575 0.00103029 4.50281e-06 0.0470919 
0.021109 0.108596 0.00034856 0.0319412 0.0285944 0.0274556 0.00045177 0.03348 0.197054 0.0287689 2.3304e-08 4.3412e-08 0.0199556 0.3279 1.5138e-06 0.000559153 0.0474292 0.000173059 0.0276124 0.000969857 0.0975996 
0.0674501 0.0659669 1.86508e-08 1.61032e-07 0.00494871 1.32647e-06 0.000721389 0.0385857 0.182829 0.00447157 6.67816e-11 6.68747e-09 0.120543 0.00254821 1.05464e-10 0.0600043 0.325436 1.4495e-08 1.36492e-07 6.71367e-11 0.126494 
0.00194553 0.00290466 1.41752e-10 0.000262894 3.42567e-05 0.00350144 0.00119704 0.0159381 0.00117772 0.0141041 4.19084e-13 1.68439e-07 6.80365e-05 0.00128955 4.28914e-10 0.000288905 0.0189608 0.000622053 0.937298 0.000213606 0.000193158 
0.102822 0.0791192 0.0029157 0.00444479 0.00211098 0.00115944 0.00295404 0.00181939 0.0403846 0.0239395 8.25679e-08 5.99115e-05 0.0128419 0.720956 0.00149167 0.000769497 0.000509996 0.000480931 0.000560642 0.000197576 0.000461712 
0.00521756 0.0177246 0.000239879 0.377903 9.52628e-05 0.0129143 0.00408632 0.0164326 0.00748384 0.0317673 1.46806e-06 6.55527e-05 0.00257653 0.0199611 8.16793e-06 0.000631226 0.0132572 0.475042 0.0112788 9.49884e-05 0.00321835 
0.00521756 0.0177246 0.000239879 0.377903 9.52628e-05 0.0129143 0.00408632 0.0164326 0.00748384 0.0317673 1.46806e-06 6.55527e-05 0.00257653 0.0199611 8.16793e-06 0.000631226 0.0132572 0.475042 0.0112788 9.49884e-05 0.00321835 
0.144338 0.7194 0.000267081 0.00160595 0.0134008 0.0104417 0.000178982 9.35708e-05 0.0406069 0.0204481 6.49314e-08 0.000208543 0.016541 0.0271174 1.14406e-05 0.000882797 0.00110197 0.000593864 0.00107046 0.000900216 0.00079081 
0.000118227 0.00128577 5.2144e-09 0.000220519 0.000323969 0.886134 0.0562246 8.13698e-05 0.000701963 0.0084457 8.55069e-13 2.41266e-06 0.00958885 0.000652723 1.35036e-12 0.000691342 0.0322218 6.97886e-05 0.00315138 1.12111e-05 7.41354e-05 
0.0715878 0.0110446 7.9243e-05 0.000155685 0.00500251 0.0166026 0.0238619 0.0042899 0.0165856 0.634074 4.12946e-05 0.0012393 0.126663 0.0106677 0.0156418 0.004989 0.0435923 0.000185968 0.00168847 0.000192931 0.0118143 
0.0061444 0.057013 2.04401e-05 0.000166958 7.65364e-05 0.0591473 0.0318289 0.200236 0.00651547 0.331104 1.71925e-09 6.33636e-08 0.00907067 0.000495081 2.71511e-09 0.000540995 0.294499 0.000170848 0.00193151 1.7284e-09 0.00103921 
0.0388268 0.104743 5.18272e-06 0.000363298 0.00109954 0.00289233 0.0293936 0.101825 0.0212623 0.0368908 1.39115e-10 7.63436e-07 0.00652064 0.0137759 2.19696e-10 0.000206908 0.615109 2.80198e-05 0.00413699 0.006134 0.0167859 
0.0036982 0.0253974 3.18538e-05 0.00122662 0.00367755 0.13766 0.0399893 0.000429925 0.0191125 0.0522208 2.7699e-07 7.37645e-05 0.00525347 0.588145 1.86026e-05 0.000481693 0.0639593 0.0400919 0.000243468 0.0106018 0.00768696 
0.0059048 0.047095 0.00782725 0.00179393 0.000562103 0.083106 0.0327195 0.0017274 0.147949 0.39672 2.21081e-05 3.66094e-05 0.0200949 0.137158 0.00282302 0.0139402 0.0547134 0.00828614 0.00212426 0.000560203 0.0348364 
0.000523253 0.00124961 1.31308e-06 6.7019e-05 0.000416229 0.03172 0.668153 6.72747e-05 0.0150382 0.02434 1.70499e-08 0.000461768 0.00345729 0.0169699 2.03857e-08 0.00163934 0.23536 6.44727e-05 0.000193607 2.32419e-05 0.000254338 
0.0038423 0.0269103 1.8717e-06 0.000288367 0.00245099 0.0625809 0.101083 0.00745903 0.015364 0.127362 7.91256e-12 1.24537e-07 0.0137685 0.038938 1.17198e-06 0.00576884 0.459505 0.0780113 0.0449342 0.00110608 0.0106241 
0.0353528 0.480023 2.20162e-08 0.477286 2.79641e-08 0.000185675 0.00147234 0.00102324 0.00313222 7.06443e-08 1.08252e-11 8.0784e-09 0.000617082 0.000906714 1.70956e-11 1.18361e-07 8.67292e-08 3.21336e-08 2.54608e-08 1.08828e-11 9.25378e-08 
2.90779e-08 9.66542e-05 1.58588e-08 7.58342e-05 0.000836557 0.629674 0.00955994 6.53485e-09 0.000958269 0.00240912 1.84056e-12 3.25979e-09 0.0125843 4.7901e-08 2.90669e-12 0.00106359 0.341939 3.653e-06 0.00031198 0.000115509 0.00037088 
0.424365 0.0160713 0.000537603 0.00065562 0.0147101 0.0441633 0.221018 0.00257453 0.00624822 0.0209754 1.11388e-09 5.85768e-08 0.0235501 0.00335927 2.2795e-06 0.000819687 0.177696 7.14542e-08 0.00045625 1.11981e-09 0.0427975 
0.000712431 4.41982e-05 6.12481e-09 5.15769e-06 6.57074e-05 0.00279099 5.89835e-05 5.65111e-05 0.000405811 1.75004e-09 6.67419e-12 4.83563e-08 3.74968e-05 0.00010847 1.05402e-11 2.53031e-07 4.20418e-05 4.93165e-05 0.995566 3.93186e-07 5.65418e-05 
0.00232597 0.0121649 0.00089038 0.00126743 0.00443125 0.000344821 3.62301e-08 3.13888e-05 0.0109278 0.00186669 8.97652e-11 1.58123e-07 0.697433 6.9318e-05 9.73817e-08 0.00621361 0.25952 1.03085e-09 2.61306e-07 4.0713e-08 0.00251251 
0.000765428 0.000626878 9.7151e-09 1.97738e-08 6.38325e-08 0.0528107 0.0388966 0.000619988 0.00795363 0.13429 8.09301e-13 1.43334e-09 0.282257 1.64573e-08 1.27808e-12 0.00808836 0.472542 3.85155e-09 1.60786e-05 8.13605e-13 0.00113336 
0.00303718 0.0196366 7.97561e-05 2.86247e-06 0.000613679 0.000912231 2.34937e-05 9.91057e-05 0.971574 0.000440921 1.16736e-10 4.46916e-09 0.000649189 0.00120368 3.48502e-08 0.000110967 0.000112976 9.06285e-09 0.00132807 1.81808e-07 0.000174823 
0.0352938 0.181332 1.21785e-05 0.00113526 0.016779 0.0552895 0.00489424 0.120978 0.0454363 0.0598655 3.68607e-12 1.56108e-05 0.0472579 0.0670705 5.82119e-12 0.00904802 0.337297 9.35621e-05 3.02107e-08 3.70567e-12 0.0182011 
0.00298195 0.0100578 2.56799e-05 0.000314056 0.00400319 0.685917 0.00427329 0.00343671 0.0155002 0.00936291 1.29623e-10 3.52967e-06 0.0126705 0.000980436 2.04706e-10 0.00151493 0.240897 2.90407e-05 0.00117531 0.00674603 0.000110464 
0.00635388 0.0431382 2.32318e-08 0.000601686 0.000542204 0.00509014 0.00127003 0.818618 0.00190313 0.000883871 8.35072e-13 2.14063e-10 0.00326371 0.000170454 2.92383e-10 0.0141821 0.102138 9.89262e-06 0.000848376 0.000249992 0.000736326 
9.67116e-07 0.00631148 0.000384569 1.26796e-06 6.52996e-07 4.89457e-08 0.0668061 0.028127 0.192538 0.215659 8.94305e-11 1.25061e-07 9.08543e-07 1.58241e-06 1.41232e-10 6.47266e-07 0.440465 0.000350245 1.73651e-06 1.07896e-06 0.0493489 
0.00183985 0.0229519 3.07983e-05 0.00690776 4.76294e-06 0.0057702 0.0241333 0.0401336 0.0122965 0.176307 6.00045e-12 3.65362e-09 0.00275544 0.0141092 1.75454e-09 4.08338e-05 0.127173 0.530126 0.0196188 0.00262997 0.0131712 
0.0368361 0.0379683 0.0192033 4.02345e-05 7.49243e-05 0.00292037 0.0107609 0.00329398 0.145847 0.00817477 2.53426e-05 0.189632 0.00557105 0.376466 0.00037182 0.000470573 0.0924595 0.000473534 0.00797281 0.0594869 0.00195048 
3.40201e-05 1.68765e-05 7.05031e-06 7.21977e-06 4.4507e-05 1.86202e-05 6.57246e-06 0.998156 8.9835e-05 6.27138e-05 2.80019e-09 5.48113e-06 4.60386e-05 0.000147498 6.19546e-06 6.70233e-05 8.42994e-05 9.89195e-06 0.000999698 2.81508e-09 0.000190672 
0.0022923 0.0178748 4.86968e-06 0.000518633 0.00203111 0.00569016 0.00269241 3.06212e-05 0.00910082 0.0197218 4.89309e-09 6.9232e-06 0.00179811 0.780523 1.21843e-06 0.00116995 0.0072014 0.000215869 0.000142418 0.000209246 0.148774 
0.00396024 8.07238e-05 0.000897857 0.00452633 0.00850252 0.0125808 0.00282068 1.2405e-05 0.03054 0.0529541 4.54776e-07 1.98004e-05 0.153717 0.425499 7.182e-07 0.0070366 0.1027 0.000251732 0.191156 4.1174e-05 0.00270213 
0.0271591 0.12906 1.79046e-08 0.00040649 0.00136179 0.00362889 0.00136166 0.427273 0.00736118 0.016812 7.56692e-12 5.18398e-10 0.0317632 0.000532237 1.11841e-09 0.0708708 0.171893 7.08793e-06 0.00215205 0.000178711 0.108179 
0.00635388 0.0431382 2.32318e-08 0.000601686 0.000542204 0.00509014 0.00127003 0.818618 0.00190313 0.000883871 8.35072e-13 2.14063e-10 0.00326371 0.000170454 2.92383e-10 0.0141821 0.102138 9.89262e-06 0.000848376 0.000249992 0.000736326 
0.0337541 0.478348 2.94113e-06 0.478322 9.22014e-06 0.00019226 0.00133414 0.00128413 0.00329541 0.000285646 1.03545e-11 4.14772e-07 0.00112411 0.000897652 1.63522e-11 0.000316841 0.000649731 2.46225e-05 5.01211e-06 1.04095e-11 0.000154042 
0.00189554 0.00780233 2.84652e-06 3.00305e-06 1.24288e-05 3.6894e-05 0.000391146 0.00843984 0.000122888 0.00343003 9.72037e-08 1.8222e-07 0.000377495 0.0261923 1.53508e-07 0.000106325 0.00525033 2.71206e-05 0.945341 9.77207e-08 0.00056775 
0.0490055 0.0364803 0.00721788 0.000333007 0.647276 6.63603e-07 1.37065e-07 0.000195376 0.0222091 0.00270833 2.1435e-12 9.58767e-09 0.126333 0.000540125 1.08357e-08 0.00885117 0.0896175 6.24248e-06 0.00107102 4.52744e-09 0.00815402 
8.18659e-05 0.000215597 2.86619e-09 5.24513e-05 2.67893e-06 0.000874376 5.8714e-06 0.000325087 1.12525e-05 1.45359e-06 1.14864e-12 8.82327e-08 2.68273e-06 7.77356e-06 1.81397e-12 0.000226927 4.07022e-05 3.68397e-05 0.998111 1.24056e-07 3.10171e-06 
0.0423789 0.0150736 6.64872e-07 0.0082217 0.000122034 0.0306939 0.00339579 0.00369493 0.0574352 0.00931802 1.48047e-09 5.58176e-08 0.0189711 0.0899863 2.33802e-09 0.00295909 0.556743 5.47895e-05 1.28626e-05 5.57264e-05 0.160882 
0.162966 0.0203738 0.000978913 0.0119714 0.00462245 0.0996908 0.142464 0.00130997 0.0430955 0.0904179 4.46172e-06 0.000108745 0.194705 0.0544031 0.000126375 0.00271887 0.0993514 0.00133717 0.0309807 5.96662e-05 0.0383137 
0.000288017 0.00167325 1.45362e-07 0.000211538 9.09899e-05 0.000580678 0.000289846 8.40714e-05 0.00291247 4.08489e-07 1.44498e-10 6.91324e-06 0.00113524 0.903363 3.63685e-08 0.00020297 0.00290175 8.62294e-05 0.000106109 0.0860627 3.26615e-06 
0.0650457 0.0586665 7.05935e-05 0.0176945 0.00434787 0.0118565 0.00971022 0.0388474 0.0195632 0.0585526 7.37091e-10 2.55592e-06 0.0721593 0.00515105 1.14464e-07 0.00248877 0.31769 2.14523e-05 0.000355457 0.000115872 0.31766 
0.0573669 0.0340936 0.00386467 0.00190403 0.0552378 0.0381959 0.0127669 0.0161009 0.0223846 0.336078 1.83465e-05 4.11521e-05 0.0608711 0.0359265 3.85087e-05 0.00596429 0.258688 0.00349933 0.00262835 0.00238946 0.0519408 
0.0208222 0.089081 8.00225e-09 0.00221837 0.00017085 0.120833 9.31237e-05 0.00029681 0.0555469 0.00517448 2.5978e-11 1.18919e-08 0.188224 0.00229389 4.10255e-11 0.000361746 0.51474 1.05238e-08 1.31511e-07 2.61161e-11 0.000143559 
0.0885015 0.492092 5.47558e-08 2.00188e-05 0.00274944 0.0103779 0.014809 0.296736 0.0322318 0.00759393 1.22958e-10 1.12775e-08 0.0198779 0.0115277 3.82614e-08 0.000552497 0.0186583 5.05111e-06 4.04414e-05 7.87257e-06 0.00421923 
8.99179e-07 0.117248 1.87969e-06 3.22504e-06 0.0219161 0.0195253 0.14664 1.47298e-07 0.276779 0.0785612 9.44617e-10 1.08077e-06 0.00207299 0.0476298 0.179638 5.44862e-06 0.0907046 1.99899e-05 1.30403e-07 4.10213e-05 0.0192103 
0.0997221 0.0380874 0.0356758 0.00584503 0.017506 0.0865503 0.00311014 0.00689173 0.0471746 0.0288624 8.27568e-07 0.000152517 0.0785852 0.159788 2.49207e-05 0.00312079 0.369157 7.69242e-06 0.000128598 0.00247717 0.017132 
0.03181 0.0459579 2.05022e-07 0.000697657 0.0723975 0.0541458 0.0105491 0.143752 0.203558 0.0591143 2.05013e-07 2.05031e-07 0.0533035 0.115723 0.000635257 0.0174435 0.167826 0.00256543 2.05078e-07 0.000492234 0.0200274 
0.0116464 0.0243975 0.000600344 0.000202382 0.0049254 0.00347477 0.000937389 0.00169362 0.0660168 0.0102724 3.86451e-06 0.000194955 0.0231868 0.682437 9.47009e-05 0.00184836 0.0654909 4.49325e-06 0.000779105 0.00729056 0.0945026 
0.00501626 0.117895 2.25653e-06 3.19379e-06 0.012644 0.0158292 0.0499488 0.16764 0.0980435 0.276929 8.69157e-11 8.61145e-08 0.0182454 0.00510493 1.37261e-10 0.00146033 0.227982 3.83738e-05 0.000127568 2.71962e-07 0.00309006 
0.00146242 0.0188406 6.34363e-06 0.005211 0.00293158 0.535546 0.166378 0.00669122 0.027783 0.0276993 1.47886e-08 4.57541e-06 0.013114 0.0233596 3.72335e-08 0.0156299 0.138822 0.000404458 0.00166354 0.00102582 0.0134261 
