0.00580284 0.00603336 7.49797e-05 0.000200727 0.0211374 0.0767852 0.0109384 0.00018183 0.0657149 0.0120128 0.000144149 5.09164e-06 0.0402156 0.00606967 0.00116561 0.457196 0.10517 0.180168 0.000658895 1.48577e-05 0.01031 
0.0243735 0.00589144 0.00166413 2.14378e-05 0.00141357 0.0221789 0.0081865 0.000665494 0.0204534 0.241724 0.000298673 1.7014e-06 0.161667 0.0549745 1.76102e-05 0.0149895 0.186023 1.02828e-05 0.00720542 0.000653126 0.247586 
0.00300664 0.00436175 0.00011169 0.000218537 0.00114866 0.00649781 0.00656934 0.000526322 0.00674958 0.248235 0.00138601 1.33756e-11 0.00555539 0.00381564 2.26728e-11 0.00166512 0.37501 6.45628e-05 0.000459881 1.68931e-05 0.334601 
1.18172e-05 1.07916e-05 0.000183521 1.74478e-06 0.000217679 0.00217589 0.0178785 2.08528e-06 1.68859e-05 0.877909 3.12877e-06 1.2181e-06 0.00425899 0.00710242 1.4531e-06 7.11059e-05 0.0217573 6.82575e-05 9.25595e-05 1.49581e-05 0.0682208 
0.432912 0.0239237 0.00077637 9.9836e-05 0.0100309 0.0466273 0.00280631 5.72952e-05 0.00978189 0.276553 0.00916959 7.83677e-08 0.0572481 0.0275305 0.00223961 0.0150573 0.0426411 0.00961669 0.00898601 4.39201e-06 0.0239386 
0.0124453 0.0119986 0.00128784 0.000514739 0.0103743 0.0286834 0.114035 0.0117729 0.0902039 0.0680676 0.00327551 1.80925e-06 0.214643 0.0194723 5.94366e-06 0.015113 0.301978 0.0546109 0.000230122 2.89834e-05 0.0412566 
0.000105024 0.00484598 0.000564903 0.000719159 0.00044551 0.380723 0.0602851 0.000158849 0.0878873 0.0399218 0.000117301 5.7515e-11 0.225034 2.01295e-06 9.74929e-11 0.0407616 0.149304 5.32969e-05 0.000443468 1.57297e-07 0.00862716 
0.00846359 0.0134634 0.000190381 0.000298272 0.00141495 0.0159974 0.00343344 0.00647429 0.0620148 0.220015 0.000137506 2.5878e-07 0.0321537 0.00839065 0.0383498 0.0256848 0.426076 0.00016672 0.000655405 0.000629151 0.135991 
0.0431482 0.0075312 9.07097e-07 1.24089e-05 0.00495636 0.0286557 3.45021e-06 1.66449e-06 0.151897 0.0135817 9.43198e-05 8.73032e-07 0.000854204 0.735053 1.47986e-06 0.0136644 0.000173713 2.06921e-05 3.10301e-05 0.000190904 0.000126847 
0.0106162 0.00519751 0.00259652 0.000951373 0.0102672 0.00781844 0.0231654 0.000592341 0.0184648 0.565365 0.000317487 4.00232e-08 0.0759572 0.055884 0.011185 0.0209238 0.0486063 0.00814448 0.078949 0.00128741 0.0537109 
0.00209241 0.0297517 0.00123135 0.00539456 0.00185395 0.0376939 0.0228551 0.0056517 0.0115851 0.255413 0.00317033 2.4041e-07 0.0806562 0.00548795 0.00556044 0.470916 0.0340689 0.0107061 0.00925724 0.00101955 0.00563389 
0.00357299 0.0586747 2.50367e-06 0.00218411 0.000577813 0.0263744 0.00457984 0.00248005 0.0656186 0.486922 0.000261317 3.79023e-08 0.0110657 0.00908035 4.89401e-06 0.00012381 0.0191386 0.305604 0.00207525 0.000360663 0.00129856 
3.1344e-05 9.11401e-05 2.59472e-12 0.999449 1.74027e-09 9.39026e-07 1.35001e-05 6.92898e-05 8.63561e-06 3.19617e-05 2.68046e-12 2.49727e-12 6.41289e-06 4.38989e-05 4.2331e-12 2.14577e-09 1.86197e-10 0.000178733 7.34397e-07 7.39562e-05 9.20455e-08 
0.0145986 0.0252341 0.000806602 0.00202623 0.00513568 0.0464004 0.0368453 0.0142546 0.0412671 0.114482 0.00113837 2.14921e-05 0.143208 0.0111188 0.00046443 0.083934 0.280587 0.00267656 0.000885721 0.00253916 0.172376 
0.0177124 0.0130918 3.06608e-09 0.000842298 1.11327e-07 0.0428701 0.130038 0.115129 0.00307281 0.00911146 5.60463e-12 5.2216e-12 0.0102394 0.00030757 8.85107e-12 0.137793 0.359026 8.04491e-05 0.00180322 5.63444e-12 0.158882 
0.00377601 0.037854 0.000110387 0.000211888 0.0128645 0.14008 0.00301395 0.0333467 0.0302272 0.251141 0.000203155 5.24665e-07 0.222408 0.00298672 4.71414e-06 0.0170202 0.0587943 0.0339401 0.135715 0.000142692 0.0161596 
0.0769165 0.572432 0.00936005 0.0175694 0.00545108 0.0516955 0.0118019 0.0296896 0.0426681 0.0224598 0.00238784 5.72556e-05 0.026929 0.0559171 0.00111267 0.00344389 0.0471363 0.000342772 0.00360229 0.00163124 0.0173963 
0.0806872 0.169622 1.86801e-07 0.00112883 0.00499825 0.0201513 0.00457184 0.00526899 0.214807 0.0544394 0.00485551 2.6163e-09 0.0312138 0.273353 4.08056e-07 0.073637 0.052727 3.50876e-05 0.00515714 0.000858182 0.00248827 
0.00420891 0.0294615 2.05356e-08 0.000266924 0.000101382 0.0125856 0.00114191 0.000865779 0.00264168 0.000869474 2.55058e-07 3.25575e-11 0.00130782 0.00861868 0.00151937 0.000464942 0.014852 3.56318e-05 8.85727e-05 0.92078 0.000190092 
0.00253788 0.00425161 0.000439253 0.00185851 0.0183874 0.00927215 0.00424608 0.00686156 0.0334173 0.384576 9.00444e-05 1.47099e-08 0.043648 0.150184 0.00117889 0.00304563 0.159389 0.106876 0.000304471 0.0671784 0.00225815 
0.021812 0.098314 7.42051e-09 0.000173997 0.000488915 0.003962 0.0513352 0.000940349 0.0247955 0.0116123 1.1293e-10 3.23207e-12 0.0255707 0.0017462 5.47863e-12 0.0010305 0.754611 2.22998e-05 3.89229e-08 0.000995784 0.00258892 
0.0341109 0.13794 0.000279747 0.00340827 0.0284474 0.213993 0.0107284 0.0477443 0.0836874 0.0531823 0.000252283 1.62348e-06 0.176471 0.00988106 5.55255e-05 0.00149718 0.138693 0.000425849 0.00906479 0.00031633 0.0498193 
0.00017341 1.25996e-05 2.54116e-06 6.27878e-05 7.38454e-05 2.09781e-05 3.67983e-06 3.6604e-06 0.217836 0.445865 0.18043 2.7745e-07 1.44808e-05 0.0272465 4.70301e-07 0.000332786 2.05104e-05 0.00173561 0.00188082 0.0220618 0.102223 
0.0134741 0.0394737 1.38295e-07 0.00126579 1.76603e-06 0.0140818 0.00171329 2.32273e-07 0.0533699 0.114264 7.1535e-10 6.66461e-10 0.0233059 0.680649 1.12971e-09 0.00146295 0.0499664 6.0499e-05 0.000120637 7.19154e-10 0.00679007 
0.00455607 0.0202255 2.79061e-05 0.0934189 0.000132226 0.446589 0.00548808 0.000671344 0.00334249 0.0126231 0.00430346 5.57353e-07 0.0862704 0.00120661 3.00468e-05 0.000262708 0.00430269 0.314765 0.000587503 0.000447248 0.000749573 
0.00357299 0.0586747 2.50367e-06 0.00218411 0.000577813 0.0263744 0.00457984 0.00248005 0.0656186 0.486922 0.000261317 3.79023e-08 0.0110657 0.00908035 4.89401e-06 0.00012381 0.0191386 0.305604 0.00207525 0.000360663 0.00129856 
0.00397968 0.000693109 1.11295e-06 0.00147979 0.014003 0.00707243 0.00158931 5.82303e-06 0.00420007 0.870474 0.000273384 1.7512e-09 0.0545816 0.00394686 3.46432e-07 0.000816136 0.00164644 0.0177312 0.000269868 1.20314e-06 0.0172351 
0.00146381 0.0268533 0.0821836 0.000162635 0.0119287 0.0182826 0.0323841 0.000160155 0.0147419 0.121926 0.413304 3.31377e-08 0.168546 0.00253152 3.57211e-07 0.0892103 0.0132448 4.44502e-05 0.000188011 6.49281e-05 0.00277893 
0.00564429 0.102403 0.000246374 5.14943e-07 0.0153857 0.0787141 0.0205088 0.0922618 0.0612356 0.0456172 1.34014e-08 3.78473e-11 0.0202312 0.0256825 1.5824e-08 0.0139992 0.493025 9.4544e-05 0.0055972 0.013552 0.0058012 
0.00195184 0.160912 6.77281e-05 5.86876e-07 0.000116916 0.00321816 0.000586433 7.90555e-06 0.635567 0.0980817 3.26543e-06 2.42799e-09 0.0278807 0.00168998 1.08007e-06 0.00575361 0.0269381 1.39535e-05 0.0100975 0.00292323 0.0241878 
0.00238774 0.00040814 0.00273789 0.00078171 0.00171355 0.00488395 0.00359462 0.00177309 0.00831631 0.438627 0.000666472 4.06766e-08 0.026388 0.277775 2.77345e-05 0.00399873 0.0719221 0.0426163 0.0160312 1.86518e-07 0.0953503 
3.1344e-05 9.11401e-05 2.59472e-12 0.999449 1.74027e-09 9.39026e-07 1.35001e-05 6.92898e-05 8.63561e-06 3.19617e-05 2.68046e-12 2.49727e-12 6.41289e-06 4.38989e-05 4.2331e-12 2.14577e-09 1.86197e-10 0.000178733 7.34397e-07 7.39562e-05 9.20455e-08 
0.127057 0.0418396 6.80768e-07 1.55534e-06 2.34178e-07 0.00491122 0.00344482 0.000454571 0.0937382 0.102553 7.63885e-05 1.87901e-10 0.0374654 0.308166 0.000986221 0.00135552 0.00174168 0.00610888 0.265921 0.0040244 0.000153741 
0.02428 0.0170118 2.2792e-05 0.00843764 0.00197557 0.127909 0.03083 0.00127406 0.177273 0.190827 0.00503489 1.59423e-06 0.0471182 0.0205446 0.000868808 0.0125935 0.0430897 0.0545275 0.234214 0.000668442 0.00149735 
0.0114107 0.0292406 0.000527631 0.000915784 0.0117177 0.0548937 0.194483 0.0241363 0.038042 0.117892 0.00068635 4.06752e-05 0.0193183 0.0381931 4.20034e-05 0.0103957 0.431756 0.000962526 0.00226521 0.00121447 0.0118658 
3.1344e-05 9.11401e-05 2.59472e-12 0.999449 1.74027e-09 9.39026e-07 1.35001e-05 6.92898e-05 8.63561e-06 3.19617e-05 2.68046e-12 2.49727e-12 6.41289e-06 4.38989e-05 4.2331e-12 2.14577e-09 1.86197e-10 0.000178733 7.34397e-07 7.39562e-05 9.20455e-08 
0.172377 0.119314 1.02345e-06 1.25604e-05 0.270485 0.0519997 0.0356212 0.0075636 0.026912 0.0208374 3.16722e-05 7.8177e-07 0.0621069 0.00361253 0.000410238 0.00177552 0.166497 9.62594e-05 0.051043 0.00372797 0.0055743 
0.0144622 0.0668586 0.0001385 0.000423783 0.0158432 0.407114 0.0149568 0.045639 0.0626163 0.0776677 8.43579e-05 9.15761e-07 0.0614423 0.00852621 7.77174e-06 0.00770132 0.195211 0.000206282 0.00416775 0.000255835 0.0166765 
0.000869214 0.0021563 2.25427e-08 0.0131613 1.39153e-05 0.00302959 0.00116796 0.00130008 0.00307046 0.0693633 5.62646e-05 4.70983e-09 0.00134635 0.017882 0.0054392 8.71806e-05 0.00768184 0.170213 0.702886 0.000153476 0.000122544 
0.00798252 0.0197846 0.00225609 0.00083157 0.00892833 0.0197763 0.01258 0.00343671 0.0307376 0.71023 7.4949e-05 1.23848e-06 0.0688539 0.01849 0.00102073 0.00724006 0.0601789 0.0105382 0.000756434 0.000136103 0.0161656 
0.00521585 0.0331805 0.00014937 0.204485 0.000224406 0.0253482 0.0373986 0.00728226 0.0262373 0.171171 0.0347068 2.96442e-10 0.0112324 0.382109 5.02495e-10 0.00250926 0.0520308 0.00112188 0.00210531 4.73806e-08 0.00349125 
0.0184741 0.0435343 0.000819848 0.0024656 0.013369 0.112989 0.0646758 0.0150179 0.0640942 0.0809802 0.00122312 0.000115713 0.103309 0.0184887 0.000283979 0.0200015 0.391273 0.00322534 0.00297368 0.00278931 0.0398972 
0.00236741 0.114743 0.000251227 0.00895122 0.00961884 0.000625926 5.96106e-06 0.0219473 0.0280721 0.0188024 4.88276e-10 4.54906e-10 0.0114398 0.0257435 7.71105e-10 6.09285e-05 0.0458636 8.7536e-05 0.710815 3.31358e-06 0.00060099 
3.1344e-05 9.11401e-05 2.59472e-12 0.999449 1.74027e-09 9.39026e-07 1.35001e-05 6.92898e-05 8.63561e-06 3.19617e-05 2.68046e-12 2.49727e-12 6.41289e-06 4.38989e-05 4.2331e-12 2.14577e-09 1.86197e-10 0.000178733 7.34397e-07 7.39562e-05 9.20455e-08 
0.015222 0.00375092 5.86527e-08 2.959e-05 0.000908258 0.00560965 0.0285638 0.0108846 0.00124258 0.116024 9.44382e-09 8.79841e-09 0.000723667 0.647397 1.68731e-07 0.000379241 0.120644 0.000242497 0.0343383 0.0107051 0.00333425 
1.22851e-05 0.000159277 4.01174e-05 2.33931e-05 0.00282826 0.00201553 0.0106729 3.23975e-05 0.00063 0.73448 1.50404e-05 1.23387e-11 0.00757498 2.37013e-05 1.12934e-08 0.00888544 0.220942 0.00225589 6.85562e-05 1.33143e-11 0.00933995 
0.0320637 0.22937 4.93911e-06 4.10847e-07 8.43531e-07 0.00242513 0.0137017 0.10639 0.218422 0.101298 1.00555e-06 6.09467e-10 1.92885e-06 0.222875 1.0331e-09 0.00166396 0.0651681 1.78595e-05 0.000969104 4.74826e-06 0.00562084 
0.000279877 0.00756437 0.000364593 1.29882e-05 0.00189263 0.0160838 0.019136 0.000946518 0.00763964 0.437372 0.00184213 6.0596e-09 0.0340095 0.000793669 4.63887e-07 0.00615933 0.394531 0.0186672 0.00023364 0.0416434 0.0108272 
0.0858808 0.235612 0.00392016 0.490662 0.0160551 0.0219684 0.00282406 0.0246987 0.0115893 0.0118847 0.00440136 4.45815e-06 0.00773788 0.00806531 6.42553e-06 0.00516904 0.0544476 0.0053943 0.00458766 0.00146516 0.00362575 
0.0460557 0.123467 7.62853e-05 0.0279125 0.00519632 0.0568299 0.000228805 0.0554646 0.0655606 0.0540005 8.78415e-07 3.91803e-10 0.00985627 0.325563 0.0268724 0.00194749 0.167447 0.00273729 0.00359484 0.0229441 0.0042448 
0.0117114 0.0160989 0.0105098 0.000156061 0.0449272 0.0134922 0.00304855 0.00347715 0.0177413 0.0560936 0.000458432 6.5552e-08 0.117853 7.19689e-05 0.17394 0.486741 0.042228 4.76342e-07 2.41844e-06 5.76716e-07 0.00144703 
0.00732312 0.00377123 0.000252149 0.000192641 0.00374304 0.672735 0.0319984 0.00235637 0.00969826 0.106807 6.30764e-05 4.0081e-08 0.0380403 0.00110339 0.000486914 0.00500923 0.074023 0.000218821 0.000140472 1.99813e-06 0.042035 
0.0558234 0.249139 2.15774e-06 0.00698375 0.00974143 0.0788972 0.00761362 0.0500923 0.0138246 1.15684e-06 2.24158e-06 7.37062e-11 0.0477038 0.00510321 1.24938e-10 0.000200708 0.474676 1.29298e-07 3.99782e-07 2.60224e-06 0.000192522 
0.0110644 0.0728936 0.000125191 0.000270846 0.00194187 0.138174 0.0354896 0.0538686 0.26553 0.0651845 8.46715e-05 9.68647e-07 0.0884008 0.00474805 0.0417994 0.0626975 0.153165 9.72414e-06 7.65622e-05 9.16544e-06 0.00446595 
0.0037082 0.00526244 0.000150128 0.000123389 0.0627316 0.166966 0.0408028 0.00154242 0.0108867 0.00784258 0.000157423 3.23803e-08 0.0365834 0.000183265 8.76188e-07 0.61339 0.047449 2.22707e-05 0.00164751 3.92562e-08 0.00054941 
0.0637037 0.034328 0.00282007 0.0189775 0.00094181 0.228587 0.0430573 0.00440347 0.0164067 0.13971 0.000192005 5.84012e-05 0.0381632 0.0128336 6.17351e-05 0.00467224 0.349379 0.00468268 0.00533666 0.00872553 0.0229591 
0.00100702 0.00256152 2.65741e-05 3.79239e-05 2.62062e-06 0.0153128 0.0233256 3.88462e-05 0.043022 0.0113845 5.45105e-05 9.88972e-08 0.00195999 0.0112108 8.88826e-05 0.000379235 0.0099271 0.000113741 0.873016 0.000134605 0.006396 
0.00442563 0.0671341 0.0183997 0.000819389 0.0559156 0.0249514 0.0171063 0.000110824 0.0337042 0.0391225 0.631124 2.61244e-06 0.0478333 0.0147135 8.71924e-06 0.0145299 0.023448 4.79849e-06 0.000230087 0.000338013 0.00607728 
0.0374649 0.0312575 9.6478e-06 0.00480239 0.0246639 0.0189376 0.0121176 0.000886755 0.0426482 0.140974 7.19008e-05 5.69801e-06 0.0258343 0.340438 1.32749e-05 0.00420989 0.297776 5.81644e-05 0.000192682 0.00153744 0.0161003 
0.00821626 0.0312599 0.00110292 0.00850108 0.0142087 0.0909236 0.0480973 0.0192484 0.0672748 0.14163 0.00225849 2.29554e-05 0.125186 0.0126883 0.00212901 0.0493022 0.306117 0.0027452 0.00132158 0.00101745 0.0667494 
0.0161599 0.000229576 0.00540186 0.000103514 4.44425e-06 9.9561e-05 0.000539375 0.000147593 0.0124846 0.835915 0.000133754 4.56793e-07 0.00247256 0.0714808 2.67209e-06 0.00200025 0.0039689 0.00677457 0.0392541 0.000432611 0.00239387 
0.161421 0.0661046 0.00194623 0.00271059 0.00061382 0.213638 0.032632 0.0174786 0.224346 0.0215113 2.5789e-05 2.41947e-07 0.0512266 0.00072066 4.53647e-06 0.00415787 0.186998 1.57485e-05 0.0102951 0.0014994 0.00265321 
0.0125607 0.028691 0.00391082 0.00354508 0.023678 0.171927 0.042433 0.0144797 0.0400371 0.203955 0.00224152 1.60638e-05 0.127363 0.0119942 0.000354065 0.0811783 0.164253 0.0028146 0.0381572 0.00727966 0.0191306 
0.0519532 0.742498 3.04162e-06 0.000159231 0.000454979 0.00304986 8.38657e-05 0.00229882 0.127829 0.00911984 0.000258766 2.63255e-09 0.00704055 0.0361423 4.46239e-09 0.0128074 1.34466e-06 7.37598e-05 2.62258e-07 0.00622313 1.89585e-06 
9.83317e-07 3.10924e-07 0.987779 5.40849e-08 7.93308e-05 0.00169372 0.00143183 2.17642e-07 2.03753e-06 0.000205115 2.89347e-10 2.69572e-10 0.000552699 0.00678288 4.56948e-10 1.79554e-05 8.7919e-05 0.00102475 4.59763e-08 2.90885e-10 0.000340794 
0.0124637 0.0552057 1.72623e-06 0.0424182 0.00747348 0.122508 0.0578532 0.0203929 0.0516464 0.0794217 3.83867e-06 5.66192e-08 0.0156626 0.00730321 6.11246e-08 0.0635212 0.460717 0.000310713 0.00149789 0.000224202 0.00137487 
0.155253 0.0979676 4.40879e-08 4.73226e-05 0.00902291 0.458055 0.0383912 0.000110212 0.0339503 0.0358791 0.000130628 1.76448e-08 0.0944268 0.00143034 1.36298e-06 0.0178466 0.052753 8.06575e-05 9.45249e-05 0.00308265 0.00147679 
0.0725801 0.0350767 0.01028 0.000127726 0.0203385 0.0277935 0.0133996 0.0128281 0.0280718 0.119287 0.00662658 1.65638e-06 0.252464 0.0173797 4.1727e-06 0.197559 0.0984834 0.0106661 0.00132893 0.000747654 0.0749556 
0.0161173 0.0214171 0.00418074 0.000195678 0.0102474 0.0253324 0.000392074 8.35879e-05 0.0038013 0.775401 0.000102981 1.79671e-07 0.0798662 0.00485939 1.82945e-05 0.0129075 0.0109496 4.86487e-06 4.5763e-05 6.23622e-06 0.0340703 
0.0465788 0.393166 0.000112241 0.00851382 0.230384 0.0123422 0.00269562 0.0376075 0.0636731 0.0428195 5.87199e-05 2.0341e-05 0.0609503 0.0366441 0.0117537 0.00455467 0.0150466 2.4727e-05 0.00297646 2.24124e-05 0.0300555 
0.00971985 0.00624794 0.00297178 3.22137e-05 0.00532464 0.0152836 0.0795197 0.00079491 0.0169763 0.482793 0.000842665 2.19509e-07 0.0628588 0.0437033 0.000817471 0.0494582 0.201224 5.24687e-05 0.00370816 0.00179742 0.0158735 
0.0184667 0.0100825 5.14875e-06 0.000300734 0.0246036 0.0405811 0.0159628 0.00181658 0.568517 0.0196463 7.48476e-06 4.65604e-07 0.00788517 0.12792 5.11331e-07 0.0029769 0.149039 2.17326e-05 5.65916e-05 0.00508742 0.00702268 
0.0128943 0.00556384 9.08816e-06 0.000159269 0.000979662 0.555323 0.0903434 0.000333429 0.253432 0.00140555 0.00483535 4.84417e-08 0.0092644 0.00144288 6.06971e-05 0.00737496 0.0559756 9.1843e-06 1.09255e-05 4.18545e-06 0.000578306 
0.0866368 0.41387 0.0147063 0.0173914 0.00290035 0.133678 0.00485548 0.195463 0.0441262 0.0376649 0.00160477 1.72239e-06 0.0162839 0.00930002 1.94984e-06 0.00537394 0.0104703 0.00156059 0.00192734 0.00068857 0.0014942 
0.211202 0.128604 1.75539e-05 0.0201956 0.0552765 0.245398 0.0168738 0.042105 0.0249717 0.00995024 0.0291323 4.2591e-06 0.0448166 0.0204506 0.00012168 0.00418739 0.142367 0.00026517 0.000939186 0.00088709 0.00223371 
0.000869214 0.0021563 2.25427e-08 0.0131613 1.39153e-05 0.00302959 0.00116796 0.00130008 0.00307046 0.0693633 5.62646e-05 4.70983e-09 0.00134635 0.017882 0.0054392 8.71806e-05 0.00768184 0.170213 0.702886 0.000153476 0.000122544 
0.0350808 0.0547845 0.000849228 0.000554722 0.013444 0.0430627 0.0223041 0.0149238 0.0132717 0.46546 0.000493358 1.77319e-05 0.0603155 0.00829529 0.000551333 0.00757181 0.0927796 0.000441828 0.0024911 5.44675e-05 0.163252 
0.000183124 0.000725833 1.92584e-07 7.33204e-08 0.00532812 0.0045297 0.0775988 1.45671e-07 0.00113823 0.451145 1.65251e-10 1.53958e-10 0.012806 0.000546548 2.60972e-10 0.0108825 0.426062 6.89563e-06 0.000169953 0.000358958 0.00851751 
0.000131836 0.00252155 4.5748e-05 0.00578746 0.0001706 0.0510607 0.00867651 0.00405014 0.0397686 0.353734 2.09957e-08 1.57506e-08 0.0386612 0.014954 8.04743e-08 0.000161855 0.23688 0.211525 0.00122195 0.0301942 0.0004548 
0.00485922 0.492993 0.241644 0.141709 9.3655e-05 0.0587121 6.54602e-05 0.00343847 0.00516127 0.00628748 2.25161e-07 2.09773e-07 0.0148637 0.01674 1.85389e-05 0.000371886 0.00947403 2.50228e-05 0.00244649 2.66841e-05 0.0010693 
0.0586208 0.109244 0.0380224 3.94082e-05 0.0393602 0.0209801 0.00102687 0.000103645 0.0192392 0.201996 0.000369906 1.88905e-07 0.290405 0.00761407 6.94449e-06 0.0021871 0.011539 0.000241399 0.00027433 5.95447e-07 0.198729 
0.0160717 0.0178155 0.00985103 0.00184624 0.00827435 0.0413586 0.0850411 0.00443695 0.0566646 0.328639 0.00105086 2.81186e-05 0.177717 0.0223223 0.0022769 0.0374701 0.15565 0.0037878 0.00732301 0.000442044 0.0219317 
0.0412154 0.036202 7.95768e-05 0.000172034 0.00362469 0.0663426 0.0127239 0.0071395 0.0291689 0.110537 0.00122713 3.98545e-07 0.342095 0.00482842 0.000306314 0.0152691 0.270694 0.00173525 0.000237067 8.70037e-05 0.0563143 
0.00732312 0.00377123 0.000252149 0.000192641 0.00374304 0.672735 0.0319984 0.00235637 0.00969826 0.106807 6.30764e-05 4.0081e-08 0.0380403 0.00110339 0.000486914 0.00500923 0.074023 0.000218821 0.000140472 1.99813e-06 0.042035 
0.00636696 0.0209894 7.09708e-06 0.000511667 6.76096e-06 0.0091082 0.000966727 0.00579498 0.0040285 0.00252744 1.08805e-07 3.84469e-09 0.665074 0.000900874 6.51708e-09 0.000212913 0.282222 1.33478e-05 4.36888e-05 0.000319286 0.000906764 
0.0660874 2.10052e-06 9.03693e-10 5.14715e-07 0.104028 0.0766389 0.0135386 2.83201e-08 7.56172e-07 0.241948 8.81652e-06 8.69755e-10 0.0393006 0.0174464 2.71301e-06 0.432268 0.0087227 1.12564e-06 1.85693e-06 9.38521e-10 3.92753e-06 
2.72902e-06 0.00659074 6.77968e-09 3.64454e-07 1.96977e-05 2.71168e-05 0.065491 0.0080148 0.0837371 6.47383e-07 1.76779e-06 6.52508e-09 0.00588442 0.750459 1.10606e-08 0.00764701 1.5501e-05 1.7045e-06 0.000282363 7.04097e-09 0.0718243 
0.275253 0.169182 0.0524977 0.0224399 0.00468768 0.0467433 0.00848205 0.00938859 0.0877344 0.108739 0.000174928 3.30598e-07 0.0473498 0.0359834 1.22701e-06 0.00623132 0.090135 0.000969608 0.0197472 0.0052299 0.00902943 
0.00759587 0.00655116 0.00640886 0.00607588 0.000628713 0.0379108 0.0291773 0.0514381 0.0474743 0.291817 0.000542626 4.44836e-07 0.0513304 0.0932475 2.58215e-05 0.00408192 0.120532 0.236807 0.0071753 0.000181007 0.000998466 
0.0138241 0.0158349 1.83522e-05 0.0028934 0.00547997 0.00382346 0.0206181 0.000717473 0.0476036 0.213018 0.00941603 2.97107e-07 0.513941 0.0276599 0.00559981 0.0216943 0.023649 0.00389975 0.000448086 0.000155134 0.069705 
0.00989045 0.0767226 4.56371e-05 0.0232884 1.00752e-07 0.0265821 0.000608476 0.00217982 0.0142025 0.127171 1.89755e-09 3.16542e-10 0.0092382 0.144745 5.36567e-10 1.62136e-05 0.0542125 0.481183 0.00278226 0.0271279 3.41793e-06 
0.005585 0.00402787 0.00140609 0.00183333 0.00568625 0.0391257 0.0391982 0.00079295 0.00552542 0.783226 0.000512023 2.92891e-06 0.0318076 0.00273694 0.000270797 0.00190689 0.0593592 0.000176243 3.82547e-05 1.62262e-05 0.0167657 
0.0681616 0.448647 0.00167071 0.253043 0.00514554 0.0389617 0.0255493 0.0221361 0.0261612 0.0083759 0.00184417 8.16779e-06 0.0193761 0.00821382 0.000212718 0.00465099 0.061841 7.36811e-05 0.000744534 0.00389961 0.0012833 
0.000869214 0.0021563 2.25427e-08 0.0131613 1.39153e-05 0.00302959 0.00116796 0.00130008 0.00307046 0.0693633 5.62646e-05 4.70983e-09 0.00134635 0.017882 0.0054392 8.71806e-05 0.00768184 0.170213 0.702886 0.000153476 0.000122544 
0.0467751 0.0124664 8.97448e-07 3.28973e-05 0.376253 0.340455 0.00380684 0.000682108 0.00401902 0.0351701 0.0183357 1.09325e-08 0.111213 0.00208657 1.85315e-08 0.0297165 0.0123035 4.69704e-05 0.000185518 0.0029917 0.00345946 
0.0161546 0.0514027 0.00146513 0.0016641 0.0199311 0.135568 0.0283281 0.0137508 0.306352 0.0450318 0.00537074 4.16135e-05 0.115409 0.0109779 0.00136051 0.0281479 0.207996 0.00265293 0.000757454 0.000494128 0.00714373 
0.00451468 0.041566 5.06091e-05 7.95059e-06 0.0132495 0.00227723 0.00123582 0.00699812 0.00366141 0.00960214 0.00063488 3.89832e-09 0.0702921 0.000716301 2.58085e-07 0.77614 0.00662348 2.49769e-05 0.000379153 3.46683e-05 0.0619911 
0.00279584 0.039601 2.95228e-09 6.24151e-07 0.0992689 0.00975911 0.0305436 0.00146136 0.00228618 0.354962 0.0562348 2.84141e-09 0.046451 0.0808716 3.34271e-06 0.157852 0.0644007 1.32937e-05 0.00111081 0.052271 0.000113002 
0.0248004 0.00172917 0.00137255 0.000311709 0.00631111 0.00180733 0.00214008 0.000276038 0.000560109 0.810143 3.02457e-05 9.4778e-06 0.0105762 8.02468e-05 0.00102497 0.000267218 0.114176 9.99125e-06 6.32882e-05 0.000266803 0.024044 
0.0290361 0.0234873 0.000285924 0.00299021 0.00666828 0.0806771 0.0223275 0.0232108 0.0414473 0.0337801 0.00506535 4.39302e-06 0.358234 0.00916141 1.12869e-05 0.132626 0.199381 8.06287e-05 0.00108406 0.000598859 0.0298425 
0.107863 0.204885 0.000645414 0.0149011 0.00529029 0.0153628 0.0239064 0.00205653 0.205359 0.00210254 0.000120915 1.72742e-10 0.101592 0.0516011 2.92813e-10 0.00551441 0.242636 3.53531e-05 4.10256e-07 0.00017808 0.0159482 
0.000231922 0.00958389 4.76891e-07 0.000208246 0.00197094 0.259401 0.0206233 0.0953137 0.00295859 4.20681e-06 3.26558e-06 9.17174e-10 0.00342716 2.51183e-06 1.55469e-09 0.574212 0.0316812 6.24405e-07 3.16076e-05 2.3493e-05 0.000322112 
0.0258023 0.196936 0.00145914 0.0483503 0.0287936 0.208199 0.0279663 0.294019 0.0395448 0.0179606 0.000140287 4.03131e-07 0.0407938 0.000224796 6.98967e-06 0.0119966 0.0507333 0.00404856 6.29444e-05 6.58728e-07 0.00296067 
0.00793829 0.104683 0.00210444 0.00128239 0.00557194 0.0139213 0.0158437 0.00260402 0.439915 0.116319 0.00111934 4.28958e-06 0.0398504 0.142877 3.51201e-05 0.00213523 0.022527 0.0169518 8.73181e-05 0.000130027 0.0640995 
0.0164705 0.0342424 0.00123186 0.00263246 0.00589115 0.0582563 0.0435926 0.0131149 0.04516 0.0848174 0.0022593 9.68186e-05 0.129626 0.0211708 0.000571165 0.0149748 0.422397 0.00186584 0.00204358 0.00171957 0.0978662 
0.00094008 0.00648007 0.000941604 0.00526665 0.00126509 0.0874336 0.0275909 3.73487e-06 0.0416022 0.243587 9.44318e-05 1.27983e-08 0.118982 0.0713602 9.06639e-06 0.0191734 0.025298 0.349117 0.000525011 0.000124762 0.000204698 
0.0124086 0.0428518 4.16467e-05 0.000971383 0.00509935 0.21324 0.164383 0.00286837 0.148559 0.0288827 0.0040915 1.44393e-06 0.136679 0.0248106 9.11198e-06 0.0759298 0.0637665 0.0491632 0.00362628 0.000918987 0.0216973 
0.064899 0.0765578 4.35471e-05 0.00406901 0.000732767 0.0322836 0.000791728 0.182147 0.438834 0.022267 6.27561e-05 1.72227e-09 0.0144026 0.0151485 5.92491e-06 0.0048704 0.0420571 0.000760239 0.000655127 1.80891e-06 0.0994101 
0.0491705 0.0056551 2.27919e-07 4.39207e-05 0.0202653 5.05028e-05 2.08324e-05 2.32498e-05 0.0614395 0.0301311 2.35451e-07 2.1936e-07 0.0102158 0.0186238 1.59969e-05 0.00435914 0.0091915 3.23388e-06 0.00124095 2.36703e-07 0.789549 
0.000968762 0.00732834 6.1839e-07 0.00198664 1.05256e-06 0.0011031 0.294862 0.00258329 0.0191247 0.0886557 8.10176e-06 6.48058e-11 0.00834548 0.175006 1.09851e-10 0.00167132 0.0180582 0.00392042 0.00109157 0.375284 6.62409e-07 
0.00966827 0.0141267 0.000139936 9.3983e-05 0.00902995 0.020132 0.0804952 0.000241201 0.0159576 0.126373 0.00033871 2.1412e-05 0.0136186 0.513371 0.00495748 0.0231976 0.0855445 2.40278e-05 0.00196945 0.00187983 0.0788198 
0.0833802 0.248568 8.1976e-06 0.0244107 0.000921909 0.0816541 0.110301 0.00622993 0.178426 0.0204911 0.000117652 5.81062e-07 0.0448192 0.0236344 1.26248e-05 0.063951 0.0942893 0.000352963 0.00404909 0.0118517 0.00253092 
0.000947391 0.00663113 0.00016277 0.000370336 0.000580814 0.032092 0.00973103 0.000646541 0.0294031 0.367455 0.000386213 1.78768e-08 0.229728 0.00110867 3.41946e-07 0.0201733 0.156258 0.00695745 0.000346702 1.90807e-05 0.137002 
8.74623e-05 0.000280331 3.10663e-06 0.284713 1.74917e-06 0.0196647 0.000188898 1.94767e-05 0.000359225 0.000970389 1.46303e-08 7.27233e-12 0.0892475 2.90654e-08 7.35064e-05 8.41215e-06 2.25808e-09 0.604375 2.61204e-06 3.75334e-06 7.45088e-07 
0.0256398 0.0269711 0.00142412 0.00183316 0.00744401 0.199729 0.0816302 0.0126877 0.10938 0.0708057 0.000338586 2.17758e-05 0.118333 0.0255682 2.24381e-05 0.0997274 0.197674 0.000839027 0.00584651 0.00137329 0.0127105 
0.00990224 0.0278216 0.00122614 0.00299935 0.0149714 0.0701882 0.059947 0.0200609 0.0279243 0.140145 0.00210132 0.000157355 0.169013 0.0102824 0.000317503 0.064929 0.334797 0.00377393 0.00793188 0.00240371 0.0291062 
0.00253788 0.00425161 0.000439253 0.00185851 0.0183874 0.00927215 0.00424608 0.00686156 0.0334173 0.384576 9.00444e-05 1.47099e-08 0.043648 0.150184 0.00117889 0.00304563 0.159389 0.106876 0.000304471 0.0671784 0.00225815 
0.00226419 0.00417178 8.42558e-07 0.00169874 0.0249499 0.0282563 0.0096151 0.00217651 0.0142955 0.297138 0.000285309 1.3464e-10 0.0155805 0.0300192 0.000287249 0.00146478 0.0863791 0.428272 0.0446921 0.000603151 0.00785014 
0.00420891 0.0294615 2.05356e-08 0.000266924 0.000101382 0.0125856 0.00114191 0.000865779 0.00264168 0.000869474 2.55058e-07 3.25575e-11 0.00130782 0.00861868 0.00151937 0.000464942 0.014852 3.56318e-05 8.85727e-05 0.92078 0.000190092 
0.00664594 0.0182682 0.00367589 0.0199844 0.125949 0.110153 0.0359723 0.000695122 0.0274752 0.297442 0.040786 2.25461e-05 0.132373 0.000449759 0.00845041 0.115516 0.040083 0.00999378 0.000353343 4.20096e-05 0.0056687 
0.00735057 0.060763 5.54395e-05 0.0208048 0.0296796 0.0376805 0.0915817 0.00146871 0.024553 0.258588 0.00408529 2.48378e-05 0.197751 0.0928155 0.000156072 0.0256514 0.126175 0.00256019 0.00446675 0.00288821 0.0109004 
0.0183288 0.0279388 0.00418702 0.00155778 0.00349485 0.0602564 0.0502881 0.0108995 0.0351277 0.274604 0.000172887 1.4046e-05 0.0213556 0.0129709 2.6008e-05 0.00619995 0.436075 0.00597875 0.00181018 0.000759242 0.0279551 
0.000562159 0.0007092 9.47523e-05 0.000227721 0.00447524 0.23706 0.00281912 7.50392e-05 0.273518 0.120454 0.000139476 3.63333e-07 0.105422 0.00941929 0.00110591 0.00701533 0.0807175 0.0397297 6.11228e-05 0.0757007 0.0406942 
0.0238296 0.285756 4.56163e-05 0.609827 0.0056897 0.0124453 0.000390031 0.0214658 0.0136957 5.3283e-05 0.00267991 1.23928e-06 0.00144968 0.000463347 0.00211292 2.18272e-05 0.0200235 7.85567e-06 1.94012e-06 2.60317e-05 1.36222e-05 
0.000279877 0.00756437 0.000364593 1.29882e-05 0.00189263 0.0160838 0.019136 0.000946518 0.00763964 0.437372 0.00184213 6.0596e-09 0.0340095 0.000793669 4.63887e-07 0.00615933 0.394531 0.0186672 0.00023364 0.0416434 0.0108272 
0.00159304 0.02075 0.00727692 0.00100266 0.00133054 0.133806 0.0655618 0.00336044 0.133087 0.103728 9.23807e-05 4.57981e-07 0.0584586 0.00329027 5.72138e-05 0.00829699 0.44469 0.00450928 0.000557771 0.00286184 0.00568834 
0.0274329 0.0222601 0.000718722 4.89143e-07 0.000110871 5.88577e-07 7.93006e-07 0.00790292 0.782067 0.025462 2.11928e-09 1.97444e-09 0.0257822 0.0547867 3.34685e-09 0.00164733 0.0177843 2.11513e-05 0.0018536 0.000729754 0.0314382 
0.0117165 0.00708862 9.68255e-06 1.36476e-05 0.00320642 0.090794 0.0332333 0.000781841 0.02288 0.300961 0.000149706 2.10635e-06 0.421351 0.0112168 0.000271409 0.0409548 0.0492502 0.000148268 0.000196206 0.000135135 0.00563907 
0.00196433 0.00144654 3.64689e-06 0.000196869 0.00558869 7.94384e-08 0.0039504 0.000138552 0.00593153 0.0227749 0.000295205 3.22391e-09 0.000434859 0.950221 5.46481e-09 0.000218093 0.00601178 2.22792e-05 0.000342997 1.54816e-06 0.00045645 
0.0171022 0.0223161 0.000135252 0.00339085 0.056082 0.0011797 0.000360083 6.87705e-06 0.0543159 0.221096 0.000378895 4.49537e-08 0.0305284 0.0045342 7.0962e-06 0.00393058 0.0293825 1.60371e-05 0.00168608 3.28706e-05 0.553518 
0.000896015 0.0297654 0.000758153 2.54673e-05 0.000264739 0.0712736 0.00147257 0.00490484 0.487176 0.159548 1.12096e-06 1.51452e-07 0.10669 0.0124001 1.09958e-05 0.00333566 0.0999904 7.95427e-05 0.000353469 0.000586466 0.020467 
0.0330191 0.00457424 8.51618e-05 6.40926e-06 0.00158641 0.425321 0.0146294 8.82794e-05 0.0184295 0.0913673 2.56271e-05 6.28029e-11 0.351276 2.33418e-05 1.06456e-10 0.00291555 0.0432116 9.4256e-05 3.8747e-05 0.000848969 0.0124595 
0.0050793 0.00213674 0.000928056 0.0262633 0.00454192 0.00528514 0.0273107 0.0181366 0.0358345 0.415022 0.00188795 1.2274e-05 0.00165127 0.241079 5.80327e-05 0.000527615 0.00344754 0.0722662 0.00292779 0.114125 0.0214787 
0.00912071 0.0246229 0.00357506 0.0131395 0.00411666 0.0851138 0.00976096 0.00712686 0.0109409 0.559968 0.00216465 1.49037e-05 0.0106146 0.041439 0.000923703 0.00107949 0.0975043 0.092946 0.0232349 3.64476e-05 0.00255639 
3.1344e-05 9.11401e-05 2.59472e-12 0.999449 1.74027e-09 9.39026e-07 1.35001e-05 6.92898e-05 8.63561e-06 3.19617e-05 2.68046e-12 2.49727e-12 6.41289e-06 4.38989e-05 4.2331e-12 2.14577e-09 1.86197e-10 0.000178733 7.34397e-07 7.39562e-05 9.20455e-08 
0.0358933 0.191748 0.00524581 0.00317654 0.00460117 0.0223004 0.0192839 0.0247512 0.418611 0.0598819 5.40171e-05 3.73474e-07 0.062446 0.0315011 1.92196e-05 0.0281099 0.0494702 8.57057e-05 0.000291831 0.00624044 0.0362881 
0.0354923 0.448267 0.000412694 0.00790922 0.040076 0.0788699 0.0130471 0.0677651 0.0776582 0.032466 0.000124441 3.63905e-06 0.0700314 0.00884563 0.000355602 0.00823595 0.0985238 0.00483987 0.000344124 0.00111081 0.00562088 
9.83317e-07 3.10924e-07 0.987779 5.40849e-08 7.93308e-05 0.00169372 0.00143183 2.17642e-07 2.03753e-06 0.000205115 2.89347e-10 2.69572e-10 0.000552699 0.00678288 4.56948e-10 1.79554e-05 8.7919e-05 0.00102475 4.59763e-08 2.90885e-10 0.000340794 
0.062865 0.00188899 0.000432632 0.0012145 0.0292422 0.0178577 0.0151243 0.000416521 0.167172 0.122784 0.017474 2.75608e-08 0.185158 0.061706 4.64832e-06 0.12464 0.0862861 1.31291e-05 0.00161161 0.0355321 0.0685763 
0.0262612 0.652604 2.89776e-08 0.000209572 0.00111136 0.0606655 0.0234779 0.148518 0.0344708 0.0172704 0.000112618 4.3967e-09 0.00514039 0.00962195 4.64374e-08 0.0016656 0.0174293 0.000157939 0.000420008 0.000161325 0.000701941 
0.00108619 0.0118184 2.16551e-07 0.0432441 2.46393e-08 0.261855 0.277431 0.044682 0.00734738 0.0500041 2.50586e-08 1.63157e-11 0.0053177 0.0223988 0.03507 9.20166e-05 0.129892 0.00472838 0.103592 1.76057e-11 0.00144104 
2.53662e-07 0.00149706 0.000118309 0.000820867 0.00697929 0.0104089 0.02339 0.000183189 0.00568618 0.638497 0.0424766 6.34127e-10 0.0728128 0.00284769 0.0383051 0.0803347 0.0426348 0.000639195 0.0168861 0.00180192 0.0136797 
0.0132393 0.0517285 0.00397641 0.000706536 0.0121947 0.0527313 0.0529511 0.00827689 0.0468759 0.473227 0.000662475 0.000431554 0.0951553 0.0103832 0.000558389 0.0108913 0.130744 0.00310395 0.00232619 0.00134779 0.0284877 
0.000961833 0.0198483 1.66137e-10 0.00013388 0.000197093 0.0010656 0.000153126 0.0176102 0.955741 0.000294073 4.11228e-05 1.59897e-10 0.0013033 0.000599305 2.09308e-05 4.22112e-05 0.000761683 9.48162e-05 0.000438937 3.02431e-05 0.000662445 
0.0410743 0.208318 8.73655e-07 0.0120705 0.0022666 0.0582167 0.0164512 0.0250637 0.0544638 0.012355 9.55704e-05 6.20642e-07 0.0157595 0.0582633 0.00540851 0.00183452 0.0575547 9.92485e-05 0.000801937 0.429125 0.000776212 
0.100735 0.0457171 3.47588e-06 0.00347107 0.0215736 0.0821784 0.00203277 3.57198e-07 0.0373137 0.00536499 8.73148e-05 3.07115e-09 0.156956 1.16154e-05 5.20586e-09 0.00541638 0.286977 1.36574e-06 0.00246711 2.86421e-06 0.24969 
0.00149865 0.00713173 2.52465e-05 0.00284698 0.00384411 0.10829 0.11507 0.00303766 0.0370079 0.0472425 0.0030645 1.86429e-06 0.239909 0.00613557 3.4837e-06 0.282865 0.138143 3.06149e-05 0.000300471 0.00102318 0.00252939 
0.0804814 0.115263 0.00529361 0.000165339 0.00588498 0.0190168 0.00638963 3.83595e-05 0.154285 0.00918482 3.64128e-06 9.85526e-07 0.0125521 0.496878 0.000152215 0.00261463 0.0679298 0.000403501 0.00105306 0.0217294 0.000680535 
9.83317e-07 3.10924e-07 0.987779 5.40849e-08 7.93308e-05 0.00169372 0.00143183 2.17642e-07 2.03753e-06 0.000205115 2.89347e-10 2.69572e-10 0.000552699 0.00678288 4.56948e-10 1.79554e-05 8.7919e-05 0.00102475 4.59763e-08 2.90885e-10 0.000340794 
0.0111844 0.528427 3.56462e-06 0.000115208 0.000118993 6.04773e-05 0.00133402 0.346006 0.0128577 0.00429222 0.00199208 3.20882e-06 0.000410266 0.0701952 2.59001e-05 5.3579e-05 0.016007 0.000110583 0.00101785 0.00514488 0.00063998 
0.0196946 0.0530983 0.00204932 0.00189533 0.0225236 0.0528642 0.0335485 0.00713685 0.071144 0.165674 0.00663743 0.000485756 0.360102 0.028975 0.00183675 0.0275773 0.111742 0.00266777 0.00211901 0.0023986 0.0258303 
0.199667 0.0549167 1.08291e-06 0.00472825 0.0123709 0.554397 0.00185873 0.0140184 0.0377892 0.00187836 0.000109386 5.85417e-07 0.00732535 0.0213216 2.01946e-05 0.000171241 0.0814302 0.000935895 0.00682522 7.73777e-05 0.000157344 
0.00541331 0.0283306 0.00051885 0.000365236 0.00131057 0.0161763 0.016632 0.00056216 0.0204946 0.016244 0.000179368 0.000111118 0.0170999 0.848629 0.00148434 0.00160305 0.0231289 0.000128265 0.000202479 0.000178545 0.00120754 
0.00792932 0.036432 0.000191228 0.0042145 0.00255528 0.370332 0.00398209 0.00844296 0.0680432 0.145571 0.000776889 2.05302e-06 0.0511199 0.013129 2.90242e-05 0.0094146 0.265019 0.00933984 0.000412572 1.88814e-05 0.00304431 
0.00183608 0.00674797 0.000537609 2.26668e-05 0.0314926 0.0188044 0.0377997 0.00879085 0.0551425 0.0200951 0.00957903 1.5457e-08 0.0253318 0.00573398 2.62009e-08 0.719899 0.0455525 4.73341e-05 0.000129826 0.0106979 0.00175932 
0.138937 0.506835 0.000941695 0.00766728 0.00807236 0.0262991 0.00731149 0.101814 0.0531744 0.0149393 0.00128603 8.72243e-05 0.0256071 0.0253543 0.0011006 0.00572772 0.0541021 0.0016983 0.00216948 0.00757697 0.00929731 
0.0556502 0.0126283 0.000254649 3.83197e-05 0.00100156 0.140847 0.012218 0.000197579 0.280409 0.000900091 3.60398e-07 2.40283e-09 0.110952 5.95129e-09 4.07301e-09 0.0069038 0.376853 1.21515e-08 2.25445e-08 4.42767e-06 0.00114106 
0.00493185 0.0441887 0.0125819 0.0146141 0.00115393 0.0323513 0.0388282 0.0010722 0.513966 0.0970632 0.00120386 1.31978e-07 0.0628112 0.0126972 2.75276e-06 0.0183993 0.13879 0.000123941 0.000411037 1.95224e-05 0.00478955 
0.00771881 0.0695492 0.00099552 0.000635567 0.2663 0.126796 0.0886087 0.0317506 0.0474004 0.0309317 0.000259005 1.17285e-05 0.0514803 0.00729473 0.000680554 0.0395721 0.220094 0.00221794 0.00147646 0.000944491 0.00528236 
0.0891031 0.327813 6.62332e-05 0.000881339 0.0067305 0.135297 0.0137778 0.0188218 0.156919 0.00661484 0.00843318 1.5564e-11 0.141011 1.24506e-05 2.63824e-11 0.00345054 0.0427121 2.58003e-05 0.000278914 0.025733 0.0223193 
0.0107768 0.0331816 0.0697446 0.000126015 0.0126062 0.0859726 0.0654824 0.00769137 0.115732 0.0550425 3.93555e-05 5.82957e-06 0.320283 0.00402849 1.06953e-05 0.0340788 0.161124 9.05636e-06 0.00210128 0.00370964 0.0182536 
0.000436991 0.00943656 5.71145e-05 2.7353e-05 0.00413224 0.0258207 0.00858801 0.0300726 0.02208 0.440714 0.000942731 6.92991e-06 0.0169819 0.0442486 0.0177814 0.234935 0.114233 0.000620913 0.0052978 0.00174725 0.0218388 
0.00261534 0.0347726 0.00132619 0.000285333 0.00156988 0.0248384 0.0254214 0.00590027 0.0259052 0.0452614 0.034338 9.63913e-07 0.0249811 0.578928 1.75172e-06 0.0102341 0.162602 0.00012525 0.00811848 3.62605e-05 0.0127371 
0.0241603 0.022734 0.000993757 0.000349996 0.0202462 0.0737708 0.0184077 0.000557484 0.0163289 0.0697238 1.55304e-05 2.07387e-07 0.273248 0.000656606 1.92517e-06 0.0139606 0.436757 1.3164e-05 0.000714179 0.000577703 0.0267824 
0.00698092 0.0378407 6.71064e-07 7.93571e-05 0.0044638 0.00105596 0.011262 5.09097e-05 0.0829862 0.26585 0.00539993 3.19004e-09 0.00840206 0.415452 1.3994e-08 0.0367498 0.0860298 1.40529e-05 0.00160394 2.4523e-07 0.0357778 
0.0550253 0.0309233 0.00102778 0.00085628 0.0256581 0.0460147 0.00608045 0.0114004 0.0580591 0.0192615 0.0467741 1.22318e-05 0.155693 0.0487301 5.14261e-05 0.00685233 0.060171 4.51267e-05 0.00030182 4.56991e-05 0.427017 
0.00204405 0.00657942 1.31055e-05 0.014021 0.000103387 0.179854 0.0030042 0.00289997 0.00684832 0.134101 0.000163767 1.09884e-06 0.00570677 0.0247187 0.00239782 0.000507181 0.0134222 0.0990418 0.503574 0.000163593 0.000834327 
0.00732312 0.00377123 0.000252149 0.000192641 0.00374304 0.672735 0.0319984 0.00235637 0.00969826 0.106807 6.30764e-05 4.0081e-08 0.0380403 0.00110339 0.000486914 0.00500923 0.074023 0.000218821 0.000140472 1.99813e-06 0.042035 
0.422549 0.466054 1.80164e-05 0.000855094 0.0207405 0.0165967 0.00144489 0.0314529 0.0203036 0.00358359 4.75116e-07 3.43499e-09 0.00879174 1.87537e-06 5.36499e-05 0.000961831 0.0018367 3.20168e-06 1.41587e-07 3.66277e-05 0.00471528 
0.514663 0.207536 7.557e-05 0.0128501 0.00324903 0.0177709 0.00117216 0.0112795 0.0616014 0.0173353 4.37162e-05 2.53636e-06 0.0210453 0.029615 0.0125739 5.91956e-05 0.0278111 8.05668e-06 9.11889e-06 0.0611161 0.000182991 
0.00170691 0.0605535 0.000925567 0.0016034 0.000109667 0.0155438 0.000146099 0.0519217 0.0438403 0.0107914 0.00153901 2.59754e-05 0.00587814 0.520972 0.00390868 0.000172996 0.276492 0.000265409 0.00224133 0.000315739 0.00104557 
0.00189506 5.51683e-07 1.90642e-09 2.18388e-06 0.000819704 0.00260958 2.8635e-06 9.52424e-08 0.10719 0.344431 0.336461 1.83482e-09 0.0333204 0.00822137 3.11019e-09 0.00548757 0.123986 0.00265628 2.64389e-05 1.70453e-06 0.0328876 
0.0426443 0.0944964 6.55324e-05 0.0235545 0.00189577 0.0121029 0.0140676 0.0106035 0.132071 0.0388859 0.00448921 1.9628e-06 0.036315 0.485292 0.000307006 0.0123893 0.0469009 0.00174977 0.00759033 0.00424585 0.0303308 
0.000244897 0.00230427 4.39009e-06 0.0036864 2.16593e-05 0.00492033 0.00211161 0.00129916 0.00279258 0.0772948 8.68766e-05 7.45525e-08 0.00214694 0.0115267 0.00678195 0.000118023 0.00968569 0.318638 0.555835 0.000332239 0.000169026 
0.00381977 0.0340763 0.000910236 0.0116 0.000292598 0.0360835 0.110123 0.0111063 0.0630919 0.175094 0.00154339 1.33879e-09 0.00243227 0.0102535 2.26937e-09 0.00180909 0.369942 0.00562102 0.000741113 9.09075e-08 0.16146 
0.0347424 0.0178518 3.81631e-07 0.000420498 0.0112683 0.0552236 0.00866574 0.000555322 0.0143195 0.537501 0.000225766 2.38442e-09 0.0736733 0.0726406 0.00257391 0.00222673 0.0351605 0.00223032 0.0256972 0.0152604 0.0897626 
