0.00330786 0.0202735 3.3828e-06 8.46767e-05 0.00273793 0.00296703 0.00446666 1.31152e-06 0.0268808 0.0849413 0.000180083 1.26644e-06 0.114845 0.169639 1.38052e-05 0.00210171 0.0355112 0.000733086 3.62029e-06 2.71729e-05 0.53128 
0.0846803 0.538882 6.11422e-07 4.85057e-05 0.008733 0.00708991 0.0115624 0.070121 0.0866552 0.0247137 0.000526815 1.64933e-07 0.020774 0.0354323 6.06092e-06 0.0106001 0.0354991 1.15801e-05 0.000215719 0.00141962 0.0630278 
3.1344e-05 9.11401e-05 2.59472e-12 0.999449 1.74027e-09 9.39026e-07 1.35001e-05 6.92898e-05 8.63561e-06 3.19617e-05 2.68046e-12 2.49727e-12 6.41289e-06 4.38989e-05 4.2331e-12 2.14577e-09 1.86197e-10 0.000178733 7.34397e-07 7.39562e-05 9.20455e-08 
0.0676511 0.0149929 0.00439974 0.0050876 0.00532174 0.0370794 0.0041517 0.000429043 0.06282 0.475597 2.61669e-05 3.45414e-06 0.103906 0.116316 3.63928e-05 0.000391731 0.0533468 0.006974 6.65314e-05 0.0237099 0.0176925 
0.0148039 0.229723 4.97642e-06 0.00249945 0.00101194 0.0532144 0.014075 0.108736 0.0274311 0.00391623 0.000113859 8.91794e-08 0.0143172 0.0219871 0.00380991 0.0122092 0.0485837 0.000134625 0.00207207 0.439858 0.00149756 
0.00128552 0.00320198 0.000168674 6.09421e-05 0.00276272 0.069979 0.000302583 0.0102065 0.0238145 0.0125432 0.000100707 3.57521e-07 0.489737 0.00133772 7.8697e-06 0.00531262 0.326326 7.5765e-05 0.00643528 3.72575e-05 0.0463043 
0.0161685 0.0179338 7.50596e-06 0.0127398 0.0170267 0.332815 0.068585 0.0280556 0.0629887 0.0181799 0.00015404 1.57216e-06 0.0709494 0.00902406 0.0349961 0.198911 0.100416 5.94919e-05 0.000362309 7.74042e-05 0.0105487 
0.000869214 0.0021563 2.25427e-08 0.0131613 1.39153e-05 0.00302959 0.00116796 0.00130008 0.00307046 0.0693633 5.62646e-05 4.70983e-09 0.00134635 0.017882 0.0054392 8.71806e-05 0.00768184 0.170213 0.702886 0.000153476 0.000122544 
0.0179923 0.0104952 0.0016309 0.00141907 0.0126838 0.0692736 0.0092219 0.00841612 0.320751 0.179117 0.000209075 6.97899e-06 0.0783328 0.0211295 0.00202789 0.00331297 0.246328 0.00010115 4.7198e-05 1.11202e-05 0.0174931 
0.00983295 0.0178944 0.000694488 0.00459044 0.0101786 0.0568978 0.0258645 0.00435135 0.0173747 0.229672 0.00017712 2.05264e-06 0.499722 0.00635939 0.000593772 0.012961 0.0757897 0.00060586 0.00191488 0.00088619 0.0236367 
0.0201175 0.427374 1.25669e-07 0.0286871 0.018967 0.0310596 0.0252205 0.11921 0.0123641 0.0125038 3.69421e-05 5.47016e-12 0.0184914 0.000882175 1.68337e-08 0.0126431 0.227591 6.93044e-05 0.0440733 0.00053707 0.000171588 
0.0117295 0.0684523 0.000501377 0.000686679 0.026326 0.167458 0.00122425 0.00139633 0.120325 0.0132564 0.368232 1.16011e-05 0.0243122 0.0870677 0.00181861 0.00054248 0.102705 0.000499366 5.66037e-05 3.17588e-05 0.00336766 
0.00727293 0.0133987 0.0510237 0.000893609 0.00109268 0.02776 0.0133161 0.00727335 0.0402568 0.0903812 6.20052e-05 2.67755e-05 0.316477 0.0083244 2.78449e-05 0.0902814 0.295284 0.00578863 0.00240302 0.00206014 0.026595 
0.0281503 0.00809357 1.5976e-05 0.0106357 0.0379462 0.0111008 0.000675372 0.000199167 0.0417684 0.251482 0.0186368 2.94806e-07 0.114127 0.00871166 0.000187047 0.00865875 0.0220674 0.0625089 0.00184926 0.000309585 0.372876 
0.00282442 0.112839 0.00348534 0.00767776 0.0140013 0.00202414 0.00596982 0.0097951 0.0111808 0.0365662 0.000213882 5.38547e-08 0.00805779 0.00851989 0.000256347 0.00541469 0.0904819 0.00106066 0.655483 0.00210544 0.0220425 
3.1344e-05 9.11401e-05 2.59472e-12 0.999449 1.74027e-09 9.39026e-07 1.35001e-05 6.92898e-05 8.63561e-06 3.19617e-05 2.68046e-12 2.49727e-12 6.41289e-06 4.38989e-05 4.2331e-12 2.14577e-09 1.86197e-10 0.000178733 7.34397e-07 7.39562e-05 9.20455e-08 
0.0738467 0.052203 0.00113469 0.000734207 0.035976 0.0757923 0.00641627 0.000312273 0.0160565 0.316392 1.05327e-06 4.00167e-08 6.92704e-07 0.139943 3.24033e-07 0.026155 0.102205 0.00027832 0.00333444 0.0012391 0.147978 
0.0131378 0.178999 1.23429e-05 0.000129652 0.0954134 0.0995687 0.0393958 0.0569652 0.0871026 0.0271138 3.52214e-05 1.59691e-06 0.045751 0.00466809 0.00070486 0.0254276 0.28471 0.000456557 0.00491613 0.00258016 0.0329106 
0.0134741 0.0394737 1.38295e-07 0.00126579 1.76603e-06 0.0140818 0.00171329 2.32273e-07 0.0533699 0.114264 7.1535e-10 6.66461e-10 0.0233059 0.680649 1.12971e-09 0.00146295 0.0499664 6.0499e-05 0.000120637 7.19154e-10 0.00679007 
3.49621e-08 0.00166461 1.19969e-05 0.000336694 0.00413162 0.114503 0.0678221 0.0011534 0.163121 0.00315265 4.93171e-08 3.16851e-12 0.0787221 3.23703e-05 5.3709e-12 0.00283654 0.562411 2.92075e-09 2.84001e-09 1.60728e-08 0.000100634 
0.0101666 0.0573137 2.45151e-05 0.00167919 0.00227524 0.0347205 0.00374948 0.000228278 0.00518485 0.00846894 0.000424909 6.9087e-09 0.416324 0.0044855 9.35754e-05 0.000587356 0.000104312 0.449887 0.00402956 1.35309e-06 0.000250556 
0.13793 0.0648862 0.00026585 0.00699781 0.0065311 0.085332 0.0202966 0.0158726 0.199127 0.0481272 0.000102752 1.31147e-05 0.129492 0.0134884 1.74428e-05 0.0141632 0.239825 0.000241146 0.00162073 0.00168167 0.0139889 
0.00343364 0.0150624 0.00176143 0.000700783 0.0320069 0.0254852 0.0195457 0.00128829 0.072114 0.530892 0.00823762 1.74202e-05 0.0562124 0.0353946 0.00375547 0.0650674 0.0781749 0.00103766 0.00485969 0.000186313 0.044766 
0.107049 0.0142502 2.50391e-09 5.05306e-06 1.0632e-05 0.004762 0.0129043 0.047403 0.0163375 0.0315747 6.60771e-06 2.40988e-09 0.028939 0.282208 4.08495e-09 0.00020357 0.445948 7.4874e-06 0.000185411 1.59913e-06 0.00820461 
0.642058 0.0631306 6.71587e-05 0.00194688 0.00517268 0.0118659 0.012495 0.0145201 0.0402803 0.0493826 8.23394e-05 3.51293e-06 0.040604 0.0217149 9.09209e-06 0.0035957 0.0716753 1.88369e-05 0.000259618 0.00228078 0.0188372 
0.0160292 0.0636997 0.00257881 0.00696648 0.00816331 0.0173083 0.0204138 0.0272353 0.0383166 0.29763 0.00263707 0.000191565 0.0339472 0.189865 0.000875883 0.0246153 0.0989248 0.00716781 0.0243427 0.00828204 0.11081 
0.0781075 0.0511204 0.0454082 0.00149237 0.295076 0.139266 0.0592667 0.000500869 0.0762131 0.0660392 0.00485684 4.43984e-06 0.060689 0.0685097 5.43906e-06 0.00642467 0.0419938 6.97327e-05 0.00207063 0.000179516 0.00270611 
0.0333737 0.0425567 0.00164831 0.000118405 0.0144486 0.134608 0.0948604 0.00899409 0.0617315 0.165628 0.00159925 2.673e-06 0.0364753 0.24647 3.1035e-05 0.02302 0.0342481 0.0128275 0.000685096 0.000585756 0.0860881 
0.000683896 0.0111262 0.000156047 4.58e-05 6.11624e-05 0.383897 0.0821274 0.000708926 0.0698918 0.0178865 9.23618e-08 4.47477e-11 0.260863 4.14165e-09 7.58511e-11 0.0222312 0.147625 5.12898e-05 2.67487e-05 0.000314035 0.00230336 
9.09409e-05 0.000690196 0.000389427 0.00103633 0.000153493 2.84051e-05 0.000876955 0.00276226 0.0945647 0.770476 0.000653653 1.06369e-05 0.00894934 0.0440375 0.000217013 0.0187874 0.0131097 0.000191863 0.00329193 0.000996508 0.0386855 
0.00644291 0.0336845 6.39845e-07 0.00123726 0.00487294 0.0218694 0.0298249 0.0461683 0.0157154 0.0278787 0.00123728 2.19058e-07 0.00264285 0.555626 1.62032e-06 0.0111552 0.131684 0.000902886 0.0110173 0.0556758 0.0423623 
0.0465891 0.421334 0.0329452 0.152307 0.00450796 0.126679 0.0205654 0.0193517 0.0197575 0.0784388 1.23195e-05 8.09382e-07 0.0271017 0.00497178 1.08696e-06 0.00219992 0.0332018 0.00219497 0.000140289 0.00648677 0.00121367 
0.178896 0.131777 1.42444e-06 0.00601133 6.48554e-07 0.0384683 0.00316829 0.0503967 0.0182486 0.100969 0.00159946 2.40343e-10 0.0105321 6.29986e-07 4.07403e-10 0.00324197 0.313024 6.11549e-08 0.000564592 5.03334e-08 0.143099 
1.37709e-06 0.00438005 4.47061e-08 0.00123398 1.36887e-05 0.0594207 0.00243381 7.07439e-07 0.0731526 0.0453766 7.31147e-07 5.62235e-09 3.16669e-06 0.794506 9.53037e-09 0.00977184 0.0082993 1.54771e-06 0.000250947 6.06687e-09 0.00115261 
1.8941e-05 9.00082e-06 0.000109517 8.20723e-06 0.00041609 0.00154863 0.00300927 5.72981e-06 0.00032892 0.802095 3.02253e-05 2.2558e-10 0.00827532 9.92317e-06 2.70852e-09 0.00152761 0.168111 0.000374893 6.57691e-05 2.04931e-09 0.0140554 
0.00159466 0.0108166 1.99139e-06 0.000323193 0.00163367 0.00785715 0.00186249 0.00018092 0.0126721 0.278474 0.000194111 3.07031e-09 0.00159049 0.0637615 5.20443e-09 1.05542e-06 0.0059126 0.611613 8.2254e-05 0.00139271 3.5346e-05 
0.000995074 0.0646278 2.60001e-05 0.000281952 0.000185898 0.0688205 0.0303103 0.000100548 0.00686066 0.6923 0.000121026 4.95802e-09 0.0902326 0.00183673 8.64026e-08 0.00556604 0.0323089 0.000533778 0.00331649 7.51151e-05 0.00150037 
0.00914135 0.0174718 0.000157572 0.000265953 0.00735994 0.12029 0.0691041 0.00922825 0.00617541 0.215019 0.000118161 1.06963e-06 0.389595 0.00249972 0.000365186 0.012987 0.116036 0.00328266 0.00157444 0.000394268 0.0189335 
3.1344e-05 9.11401e-05 2.59472e-12 0.999449 1.74027e-09 9.39026e-07 1.35001e-05 6.92898e-05 8.63561e-06 3.19617e-05 2.68046e-12 2.49727e-12 6.41289e-06 4.38989e-05 4.2331e-12 2.14577e-09 1.86197e-10 0.000178733 7.34397e-07 7.39562e-05 9.20455e-08 
9.83317e-07 3.10924e-07 0.987779 5.40849e-08 7.93308e-05 0.00169372 0.00143183 2.17642e-07 2.03753e-06 0.000205115 2.89347e-10 2.69572e-10 0.000552699 0.00678288 4.56948e-10 1.79554e-05 8.7919e-05 0.00102475 4.59763e-08 2.90885e-10 0.000340794 
0.00966374 0.0143004 0.000818819 0.000448958 0.00230515 0.00646935 0.0553127 0.00247543 0.0177208 0.538762 1.3425e-05 1.03152e-07 0.0529082 0.0134954 6.77008e-07 0.0354693 0.218396 0.00053215 0.000237116 5.44507e-06 0.0306644 
0.0125252 0.0266108 0.00177893 0.00310319 0.00240253 0.0241018 0.0221042 0.00937665 0.0776521 0.56697 9.59043e-05 6.64068e-05 0.0416863 0.0245683 0.00313349 0.0123963 0.0870485 0.0168056 0.00179232 0.000932438 0.0648485 
0.172377 0.119314 1.02345e-06 1.25604e-05 0.270485 0.0519997 0.0356212 0.0075636 0.026912 0.0208374 3.16722e-05 7.8177e-07 0.0621069 0.00361253 0.000410238 0.00177552 0.166497 9.62594e-05 0.051043 0.00372797 0.0055743 
0.00300891 0.0233637 0.000264856 0.00119906 0.00769991 0.1292 0.0040589 0.011079 0.0184669 0.0371016 0.353712 3.52322e-05 0.143107 0.0116343 0.000460689 0.00206611 0.250007 0.000125565 0.000258088 0.000282463 0.00286916 
0.0578166 0.310826 0.0311197 0.186739 0.025568 0.079411 0.0124933 0.0652046 0.0408993 0.0221821 0.000233001 0.000221392 0.024899 0.0238526 0.00215937 0.00234471 0.0947682 0.00235538 0.00123164 0.0063895 0.00928549 
0.00383837 0.0615345 1.54846e-06 0.000286058 1.89035e-06 0.00241502 0.00152937 0.0304531 0.0214802 0.222366 1.32572e-05 2.70901e-11 0.000315489 0.0926191 4.59201e-11 0.000596361 0.0575375 0.413838 0.000504851 0.0906576 1.1797e-05 
0.0467252 0.218974 0.140052 0.00407577 0.00611766 0.0103881 0.000750946 0.0357013 0.0295633 0.0705594 0.000947419 2.2509e-08 0.0297993 0.0853569 4.7464e-08 0.00752447 0.30499 0.000123418 0.000194766 0.0013917 0.00676437 
0.0139336 0.0477831 0.000282938 0.0103076 0.00595513 0.0205149 0.00887706 0.0295178 0.019468 0.153089 0.000196882 2.11697e-06 0.068209 0.0218245 0.000603497 0.0119988 0.123697 0.029198 0.4149 0.00221485 0.0174258 
0.00521585 0.0331805 0.00014937 0.204485 0.000224406 0.0253482 0.0373986 0.00728226 0.0262373 0.171171 0.0347068 2.96442e-10 0.0112324 0.382109 5.02495e-10 0.00250926 0.0520308 0.00112188 0.00210531 4.73806e-08 0.00349125 
0.000279877 0.00756437 0.000364593 1.29882e-05 0.00189263 0.0160838 0.019136 0.000946518 0.00763964 0.437372 0.00184213 6.0596e-09 0.0340095 0.000793669 4.63887e-07 0.00615933 0.394531 0.0186672 0.00023364 0.0416434 0.0108272 
8.97533e-05 0.00228811 7.69806e-07 0.000226997 5.53735e-05 0.0768684 0.0109696 0.000157758 0.188118 0.00351737 7.95245e-07 7.40897e-07 0.00171356 0.361269 1.25588e-06 0.334866 0.0197893 4.35334e-06 1.42687e-05 1.21606e-05 3.60215e-05 
0.00177941 0.0694822 0.000282171 0.000122659 0.00706389 0.0672163 0.0195973 0.00218641 0.646643 0.0701135 6.9836e-05 1.43627e-07 0.020062 0.0144027 5.40235e-07 0.00056153 0.0768917 0.000621348 0.00169968 7.64006e-05 0.0011278 
0.00618349 0.0645938 3.48785e-05 0.000106283 0.00817301 0.133273 0.0267564 0.0051576 0.0660093 0.0783243 0.0096986 5.85658e-06 0.0606861 0.00591748 0.013596 0.0119456 0.456546 3.35297e-05 2.77362e-05 0.00770078 0.0452303 
0.0858808 0.235612 0.00392016 0.490662 0.0160551 0.0219684 0.00282406 0.0246987 0.0115893 0.0118847 0.00440136 4.45815e-06 0.00773788 0.00806531 6.42553e-06 0.00516904 0.0544476 0.0053943 0.00458766 0.00146516 0.00362575 
0.0185744 0.0088698 0.00237887 0.000612465 0.00277742 0.0317465 0.185964 0.00218691 0.0334723 0.250443 5.98938e-05 3.25563e-07 0.106347 0.0320226 2.21749e-05 0.0172559 0.145094 0.0104755 0.000149055 1.87852e-05 0.151529 
0.0595775 0.0268928 4.61327e-06 4.53243e-06 0.000218279 0.000331037 0.0371831 8.14405e-07 0.437427 0.0226491 5.78726e-06 1.51779e-07 0.0170884 0.318497 2.57278e-07 0.0272196 0.000259353 9.1793e-07 8.35082e-05 1.63779e-07 0.0525563 
0.243126 0.145631 1.23714e-08 0.0033467 0.000615331 0.0268368 1.0929e-08 0.000947012 0.0481234 0.0682764 1.84374e-10 1.70072e-12 0.0819385 0.0042953 2.88287e-12 0.00361371 0.35602 2.91054e-05 2.97694e-08 5.56798e-07 0.0172001 
0.0110644 0.0728936 0.000125191 0.000270846 0.00194187 0.138174 0.0354896 0.0538686 0.26553 0.0651845 8.46715e-05 9.68647e-07 0.0884008 0.00474805 0.0417994 0.0626975 0.153165 9.72414e-06 7.65622e-05 9.16544e-06 0.00446595 
0.116122 0.0824984 9.71052e-05 0.00575087 0.0616825 0.0628958 0.00567391 0.0153056 0.00724081 0.329611 0.000526599 1.58816e-08 0.0481365 0.128001 4.38763e-07 0.0097454 0.090002 0.00033843 0.00291693 6.23723e-07 0.0334531 
0.127057 0.0418396 6.80768e-07 1.55534e-06 2.34178e-07 0.00491122 0.00344482 0.000454571 0.0937382 0.102553 7.63885e-05 1.87901e-10 0.0374654 0.308166 0.000986221 0.00135552 0.00174168 0.00610888 0.265921 0.0040244 0.000153741 
0.00817673 0.119977 8.90841e-05 0.00127763 0.00107355 0.0715342 0.0886268 0.0780616 0.015888 0.0599369 9.71895e-06 1.43718e-07 0.0248128 0.00819844 4.41257e-05 0.00295272 0.457556 0.000432879 0.0583178 0.000207797 0.00282646 
0.0208047 0.0253639 0.00144819 0.0123657 0.000879819 0.0072887 0.00471245 0.0092296 0.037689 0.247057 0.000360651 2.91244e-05 0.0157062 0.153337 0.00167202 0.0039982 0.0133893 0.123914 0.30372 0.00481111 0.012224 
3.1344e-05 9.11401e-05 2.59472e-12 0.999449 1.74027e-09 9.39026e-07 1.35001e-05 6.92898e-05 8.63561e-06 3.19617e-05 2.68046e-12 2.49727e-12 6.41289e-06 4.38989e-05 4.2331e-12 2.14577e-09 1.86197e-10 0.000178733 7.34397e-07 7.39562e-05 9.20455e-08 
0.0382446 0.0140413 0.00110371 0.00425523 0.00303557 0.104208 0.0363716 0.00297641 0.0368337 0.0735663 0.000314006 9.51447e-06 0.283105 0.0018608 7.31912e-05 0.0271753 0.351168 0.00766903 0.000183816 1.11772e-05 0.0137936 
0.000103239 0.0338516 3.17497e-05 6.18705e-06 0.000811631 0.00230082 0.00941149 5.29787e-06 0.0458008 0.00947596 0.000755291 9.43181e-07 0.00921187 0.000135148 1.59877e-06 0.886916 6.77691e-05 0.000103669 0.000215662 1.01775e-06 0.000792455 
0.00294874 0.0615962 0.000107594 0.000223532 0.000172023 0.102307 0.00459738 0.000122291 0.00247832 0.116048 0.00134239 5.02952e-05 0.66958 0.000115759 0.0052955 0.0111467 0.0206106 0.00021273 0.000662844 0.000320422 6.15826e-05 
0.000336252 0.00181579 0.00189622 0.000926801 3.45109e-05 0.00234963 0.00393727 1.17641e-06 0.0138326 0.0960293 0.0018328 2.63985e-09 0.00186976 0.86845 1.82449e-06 0.000696854 0.00534428 0.000638342 2.70923e-07 2.84856e-09 6.47883e-06 
2.43262e-08 0.000471265 4.34104e-08 0.000173735 0.0176397 0.0917815 0.544285 0.000219931 0.00691034 0.00202673 0.000209216 3.45262e-12 0.0626384 0.00241474 5.85249e-12 0.181383 0.0877763 0.000214878 0.000710375 3.72559e-12 0.00114486 
0.0298297 0.0310427 2.43627e-06 4.14855e-05 0.00252822 0.0156132 0.016002 0.00449137 0.0503852 0.0611559 0.000468545 7.17205e-09 0.0621219 0.0606289 7.30543e-07 0.0288774 0.426182 0.000372666 0.0497106 0.00128812 0.159257 
0.000982442 0.0158783 0.000623588 4.2106e-05 0.000926306 0.0941169 0.0135137 0.00120962 0.000394036 0.492209 1.45603e-05 1.28194e-09 0.01318 0.00194828 9.99951e-09 0.00242212 0.236584 0.119556 0.000361726 3.88626e-05 0.00599842 
0.00303078 0.00680776 0.000181966 0.000672007 9.50044e-05 0.0847838 0.0125345 0.00725695 0.130305 0.0421172 2.94088e-05 4.90013e-08 0.227377 5.62623e-05 8.30614e-08 0.00494 0.378162 0.000141963 0.0614033 8.76428e-05 0.0400167 
0.170777 0.554979 0.00513838 0.00783448 0.0108813 0.0215281 0.00882075 0.0546972 0.0225034 0.0221911 0.00226652 9.12325e-05 0.0195903 0.00925693 0.00109397 0.00450742 0.0572856 0.000413073 0.00457391 0.00315688 0.018413 
0.0153665 0.00855126 6.44566e-05 0.00224736 0.000289432 0.0255444 0.00673738 0.0123786 0.175418 0.0334165 2.66469e-05 2.25322e-08 0.515921 0.0592304 0.0168619 0.00350199 0.0743937 0.00596665 0.026217 0.000164248 0.0177026 
0.00201547 0.0112031 0.000253409 1.61418e-05 0.0164988 0.0671921 0.0121329 0.000280321 0.0175644 0.520707 0.00010588 8.10348e-09 0.284971 0.00860503 1.38741e-05 0.0187318 0.0289526 0.00180837 0.000210717 3.66022e-06 0.00873312 
0.000869214 0.0021563 2.25427e-08 0.0131613 1.39153e-05 0.00302959 0.00116796 0.00130008 0.00307046 0.0693633 5.62646e-05 4.70983e-09 0.00134635 0.017882 0.0054392 8.71806e-05 0.00768184 0.170213 0.702886 0.000153476 0.000122544 
0.00284913 0.00916474 2.99771e-05 0.0468684 0.000230999 0.713779 0.0241394 0.00307548 0.0134169 0.015818 0.000681689 3.5884e-06 0.0274525 0.00559268 1.40464e-05 0.000736684 0.0324029 0.0878937 0.000676807 0.00968286 0.00549048 
0.000253745 0.0243795 0.000789838 8.65385e-05 0.0011488 0.000465494 0.00414975 0.00149115 0.00319323 0.00190986 0.0113664 7.76353e-11 0.00204889 0.000485208 1.31598e-10 0.00342621 0.0104733 3.47006e-05 6.48799e-05 0.934232 7.71624e-08 
0.0703674 0.0175006 0.000520184 0.0706428 0.00628456 0.269577 0.0208438 0.00422344 0.0385441 0.138361 0.000594525 1.44325e-05 0.111131 0.00976315 0.00194141 0.0162687 0.0870462 0.112165 0.00697015 0.00841281 0.00882753 
0.404957 0.0763304 3.03266e-11 1.88921e-08 0.000298454 0.127259 0.0163498 8.80696e-05 0.198991 0.00931962 6.67709e-08 2.91877e-11 0.0329718 0.0265138 4.94756e-11 0.00102879 0.105357 0.00012956 0.00029956 0.000105746 4.47632e-07 
0.00923052 0.012424 0.000986285 0.00115916 0.00142556 0.0735011 0.096127 0.000724218 0.27888 0.104869 0.000517295 1.04174e-08 0.310529 0.0023893 1.27966e-08 0.0269903 0.0686542 0.00362144 4.26587e-07 7.36881e-08 0.00797119 
9.87585e-09 2.08906e-05 3.92647e-07 0.000331712 0.00182791 0.0209785 0.00176908 8.09373e-08 0.00195489 0.0771256 2.23399e-07 8.55814e-11 0.00693504 0.000316483 0.0806923 0.00143484 0.0140667 0.786336 9.57338e-06 4.07121e-07 0.00619932 
0.0642773 0.1335 7.68165e-07 1.47646e-06 5.26881e-05 0.0285097 0.109381 0.0677399 0.127852 0.0198378 4.76234e-06 4.16498e-09 0.00581779 0.401141 7.06001e-09 0.00665695 0.0296401 9.46399e-06 2.94086e-07 1.40484e-07 0.00557743 
0.0186559 0.17142 0.00135669 0.00109592 0.0224063 0.0340512 0.0314926 0.00734298 0.0479105 0.0752168 6.00453e-06 5.90057e-06 0.0111964 0.222559 0.0148271 0.00830745 0.114926 0.00276296 0.203098 0.000461039 0.0109009 
0.0290955 0.135824 2.62633e-05 0.00190565 0.00101073 0.0201963 0.00236345 0.00738226 0.105098 0.0157824 0.00549975 8.33244e-06 0.017071 0.576475 0.000315599 0.000251739 0.059901 0.000234228 0.00222957 0.00395991 0.0153697 
0.0511478 0.0261679 0.000125808 0.000925117 0.027834 0.0921697 0.0135028 0.0128904 0.0279285 0.0828453 0.0003352 1.79396e-06 0.470563 0.00494442 0.0307746 0.0114892 0.128076 0.00166078 0.000579231 6.62072e-05 0.0159718 
0.0125994 0.0172242 7.76886e-05 9.74253e-05 0.000296343 0.00811433 0.0143766 0.00638673 0.538921 0.0194095 1.11837e-05 1.06677e-07 0.0998383 0.0283618 2.10304e-05 0.0183754 0.103106 1.82694e-05 0.00605858 4.39457e-05 0.126662 
0.015976 0.123128 1.57802e-06 0.00014026 0.583453 0.0686664 0.00993275 0.00174568 0.0503933 0.00106336 0.000438727 6.35708e-11 0.0517182 0.0027282 2.20288e-05 0.000290716 0.076419 3.27766e-09 0.000552872 0.000526466 0.0128032 
0.00889498 0.0296068 0.0120643 0.000101476 0.00363087 0.0107575 0.0736743 0.0442714 0.0731115 0.522755 0.000822128 2.17588e-07 0.000578565 0.0847252 8.83345e-07 0.0481644 0.0503064 0.000134417 0.00665982 0.000722732 0.0290169 
0.0606931 0.0847585 1.43416e-05 0.000612685 0.00207817 0.0285938 0.00487105 0.028139 0.0271231 0.0332265 0.000964185 1.78791e-09 0.00317246 0.206903 0.000463949 0.00201467 0.0376138 8.63887e-05 0.0136032 0.454011 0.0110562 
0.00241603 0.0333609 2.19581e-05 4.42999e-05 0.0200895 0.10256 0.47255 0.00753985 0.118988 0.0312897 0.00144688 7.50032e-08 0.0039461 0.048784 7.78655e-06 0.0242571 0.0216444 5.76807e-05 0.00196987 0.0123767 0.0966495 
9.83317e-07 3.10924e-07 0.987779 5.40849e-08 7.93308e-05 0.00169372 0.00143183 2.17642e-07 2.03753e-06 0.000205115 2.89347e-10 2.69572e-10 0.000552699 0.00678288 4.56948e-10 1.79554e-05 8.7919e-05 0.00102475 4.59763e-08 2.90885e-10 0.000340794 
0.0025956 0.00374147 0.260054 0.00015582 0.000448702 0.260178 0.0951938 0.00319333 0.0568778 0.0871536 8.98969e-10 8.37532e-10 0.0372456 1.28327e-05 4.83021e-07 0.00420538 0.179153 3.56039e-05 0.00164252 0.00121314 0.00689941 
0.00147276 0.00925727 1.37408e-06 9.55997e-07 0.00843899 0.000479104 0.00427855 6.19283e-05 0.00150296 0.0032756 3.02255e-07 3.00702e-09 0.00175734 0.0878855 1.06787e-06 0.0042573 0.00310582 8.12462e-06 0.000135133 0.000582244 0.873498 
0.0214412 0.0656249 3.85387e-05 0.000971494 4.96952e-06 0.718633 0.00182946 0.00211075 0.0085712 0.0350512 5.59598e-05 5.82559e-07 0.0724266 0.00131682 0.0112535 0.00108068 0.0206618 0.00129515 0.00283327 0.017842 0.0169571 
0.148657 0.477476 0.000871409 0.0243557 0.00805456 0.0383016 0.00291043 0.125107 0.0332668 0.0150258 0.00346007 3.30469e-06 0.0142494 0.0162324 0.00536048 0.00858808 0.0709365 0.00142916 0.00115572 0.00089083 0.00366758 
0.0169371 0.25319 0.002799 0.00274792 0.0141245 0.10316 0.0442717 0.00882186 0.171505 0.0644012 8.45037e-05 2.25871e-05 0.0118762 0.175531 0.000415869 0.020661 0.101286 0.00412327 0.000663234 0.00246893 0.000909039 
0.00435881 2.08143e-07 2.78379e-11 1.03154e-07 9.14284e-08 0.0144998 0.11144 3.72929e-08 0.0264753 0.235623 3.99763e-07 2.67924e-11 0.0516536 0.00146037 4.54155e-11 0.00132743 0.553055 1.48213e-08 1.33073e-07 2.89107e-11 0.000105807 
0.00462763 0.00576482 2.16939e-09 0.000129669 2.06705e-09 0.00372598 0.000660603 0.000447071 0.00115146 0.0351154 1.3259e-07 2.98231e-13 0.0115045 0.000289591 5.05528e-13 0.00142631 0.922462 8.95244e-10 2.20964e-09 9.76375e-08 0.0126945 
0.00518964 0.0434505 1.4464e-05 7.69189e-05 0.0437434 0.0331925 0.00730346 3.74973e-05 0.522811 0.0191722 3.73535e-06 1.4756e-07 0.0678514 0.114456 4.69226e-06 0.00278689 0.0124537 6.02301e-06 7.65749e-05 0.000898515 0.126471 
0.0481032 0.524415 0.00391471 0.0675178 0.018292 0.0493497 0.0405745 0.0615897 0.0500208 0.0207381 0.00101126 4.07318e-05 0.0242305 0.0168871 8.01442e-05 0.0110201 0.0456899 0.00234461 0.000699876 0.00143359 0.0120471 
0.0821256 0.613067 0.00122092 0.00317706 0.0143367 0.0236758 0.0139518 0.0371797 0.0622719 0.021534 0.00208573 0.00017542 0.0218116 0.0226308 0.00304016 0.00443028 0.0514437 0.000679317 0.00138315 0.00901315 0.0107658 
0.141029 0.512976 0.00663654 0.0329514 0.0241043 0.0445969 0.0153592 0.0461982 0.0421058 0.0273238 0.0014837 0.000344245 0.0361038 0.00644905 0.0026321 0.0066671 0.0368678 0.00418542 0.00255348 0.00151056 0.00792197 
0.005585 0.00402787 0.00140609 0.00183333 0.00568625 0.0391257 0.0391982 0.00079295 0.00552542 0.783226 0.000512023 2.92891e-06 0.0318076 0.00273694 0.000270797 0.00190689 0.0593592 0.000176243 3.82547e-05 1.62262e-05 0.0167657 
0.0681616 0.448647 0.00167071 0.253043 0.00514554 0.0389617 0.0255493 0.0221361 0.0261612 0.0083759 0.00184417 8.16779e-06 0.0193761 0.00821382 0.000212718 0.00465099 0.061841 7.36811e-05 0.000744534 0.00389961 0.0012833 
0.532023 0.11474 7.66188e-07 0.0210631 0.0226145 0.00208493 0.000537148 0.00488872 0.0532657 0.0139598 4.13266e-09 3.85023e-09 0.000309024 0.18949 9.35105e-07 0.000473229 0.00632183 0.000324293 0.00140082 0.00462475 0.0318773 
0.0126598 0.0339467 0.00316357 0.00134169 0.00378529 0.0797396 0.0359046 0.0282209 0.273227 0.120517 0.0672662 3.57883e-06 0.022698 0.0720686 4.94267e-06 0.0279982 0.188145 0.0042062 0.00248052 0.00514175 0.017481 
0.00732312 0.00377123 0.000252149 0.000192641 0.00374304 0.672735 0.0319984 0.00235637 0.00969826 0.106807 6.30764e-05 4.0081e-08 0.0380403 0.00110339 0.000486914 0.00500923 0.074023 0.000218821 0.000140472 1.99813e-06 0.042035 
0.000185416 0.00216335 3.02333e-06 6.03428e-05 0.00117479 0.00181328 0.100862 0.000700928 0.0836459 0.11369 0.000127303 3.3767e-07 0.62315 0.00335827 3.72959e-06 0.00700712 0.0324895 8.4597e-05 0.00107133 0.000155369 0.0282526 
0.00420891 0.0294615 2.05356e-08 0.000266924 0.000101382 0.0125856 0.00114191 0.000865779 0.00264168 0.000869474 2.55058e-07 3.25575e-11 0.00130782 0.00861868 0.00151937 0.000464942 0.014852 3.56318e-05 8.85727e-05 0.92078 0.000190092 
0.197803 0.195881 1.08788e-05 0.00166101 0.0700582 0.0328171 0.0600193 0.0160649 0.0629777 0.0616566 6.18737e-06 1.72701e-07 0.082378 0.123071 0.0190167 0.0279391 0.0376984 5.20666e-05 0.000200039 0.000157512 0.0105309 
0.0405062 0.644873 0.00848102 0.00432196 0.00196 0.0178491 0.00976813 0.0617805 0.0508341 0.013064 0.00249766 1.44226e-05 0.0120309 0.0427374 1.97021e-05 0.00261706 0.0698965 0.000214408 0.00382091 0.00417136 0.00854131 
0.00246715 0.0125212 7.84129e-09 6.19477e-05 0.000792015 0.0174816 0.0556703 0.00014685 0.0328351 0.0285019 8.94052e-06 4.8314e-12 0.033325 0.00361801 8.18964e-12 0.0145686 0.784186 6.9595e-05 6.35633e-10 0.000198614 0.0135466 
0.111337 0.0675952 2.8536e-05 0.00280619 0.0334989 0.0184462 0.00599504 0.00624545 0.158753 0.060899 1.64566e-05 4.21112e-06 0.047286 0.366361 0.000104321 0.00932287 0.0246024 0.00017531 0.000808905 7.6835e-05 0.0856369 
0.0151918 0.0483364 0.000518298 0.026313 0.00449743 0.0320908 0.0235029 0.0030828 0.0522687 0.333555 0.00297426 2.26119e-06 0.0443841 0.0115109 2.30759e-05 0.0113681 0.354066 0.0263713 0.000827096 9.22993e-05 0.00902342 
0.000253745 0.0243795 0.000789838 8.65385e-05 0.0011488 0.000465494 0.00414975 0.00149115 0.00319323 0.00190986 0.0113664 7.76353e-11 0.00204889 0.000485208 1.31598e-10 0.00342621 0.0104733 3.47006e-05 6.48799e-05 0.934232 7.71624e-08 
0.064899 0.0765578 4.35471e-05 0.00406901 0.000732767 0.0322836 0.000791728 0.182147 0.438834 0.022267 6.27561e-05 1.72227e-09 0.0144026 0.0151485 5.92491e-06 0.0048704 0.0420571 0.000760239 0.000655127 1.80891e-06 0.0994101 
1.20917e-05 0.00155914 3.88853e-06 0.707554 4.93449e-08 0.00174612 0.0076936 9.58115e-05 0.0014523 0.116577 9.64732e-09 8.98801e-09 0.000127472 0.00454295 1.52354e-08 0.000602921 0.00098282 0.152081 0.00114846 0.00374905 7.16575e-05 
0.00912071 0.0246229 0.00357506 0.0131395 0.00411666 0.0851138 0.00976096 0.00712686 0.0109409 0.559968 0.00216465 1.49037e-05 0.0106146 0.041439 0.000923703 0.00107949 0.0975043 0.092946 0.0232349 3.64476e-05 0.00255639 
0.055404 0.112703 0.000113244 0.0127781 0.00813354 0.0549112 0.0266999 0.0465049 0.509461 0.0216576 0.00251533 4.35191e-06 0.00638665 0.0612054 0.000144053 0.00769223 0.0642957 0.00152464 0.00261214 3.65611e-05 0.00521658 
0.0310751 0.00212253 0.000170538 0.000838445 0.0179803 0.0010405 0.00626122 0.000477104 0.00247137 0.190532 0.00450122 6.39759e-07 0.130118 0.000782575 0.0260597 0.00299041 0.0296474 3.69983e-06 6.00576e-05 1.60836e-05 0.552851 
6.5477e-05 0.000310842 5.79576e-05 2.12616e-05 0.00765241 0.0350191 0.0764195 2.02478e-05 0.018421 0.527854 0.00502393 5.37835e-08 0.0617652 5.70653e-05 5.76605e-08 0.0366548 0.216643 0.00188292 4.62511e-05 1.69743e-07 0.0120849 
0.033771 0.0541346 1.38532e-05 0.00839081 0.0116586 0.140606 0.0161654 0.00977439 0.338906 0.0210923 0.000429522 6.89876e-06 0.0860319 0.0893984 0.00280258 0.0023399 0.170238 0.000276818 0.000653793 0.000815853 0.0124934 
0.0274329 0.0222601 0.000718722 4.89143e-07 0.000110871 5.88577e-07 7.93006e-07 0.00790292 0.782067 0.025462 2.11928e-09 1.97444e-09 0.0257822 0.0547867 3.34685e-09 0.00164733 0.0177843 2.11513e-05 0.0018536 0.000729754 0.0314382 
0.00225674 0.0197744 0.00123667 0.00691613 0.00015404 0.0307103 0.0289432 0.0547079 0.00507085 0.22407 1.36915e-05 8.95751e-07 0.0366518 0.00797264 0.000102365 0.0127693 0.476092 0.00594196 0.0428998 0.00123467 0.0424811 
3.1344e-05 9.11401e-05 2.59472e-12 0.999449 1.74027e-09 9.39026e-07 1.35001e-05 6.92898e-05 8.63561e-06 3.19617e-05 2.68046e-12 2.49727e-12 6.41289e-06 4.38989e-05 4.2331e-12 2.14577e-09 1.86197e-10 0.000178733 7.34397e-07 7.39562e-05 9.20455e-08 
0.00321108 0.0311526 0.0512147 0.00178156 0.000451592 0.00872611 0.00656663 0.000353881 0.0823462 0.271816 0.00325906 6.09862e-08 0.0118141 0.454172 1.13443e-06 0.00879177 0.00753296 0.00513606 0.0429705 0.00861724 8.53248e-05 
0.681263 0.0553128 1.79518e-10 0.00155654 5.74439e-08 0.000192815 0.000275975 7.85579e-05 0.00729473 0.00968936 1.8545e-10 1.72776e-10 0.0494421 3.98384e-05 2.92871e-10 0.000142537 0.13276 4.18014e-06 1.4061e-05 0.000474232 0.0614594 
0.00383837 0.0615345 1.54846e-06 0.000286058 1.89035e-06 0.00241502 0.00152937 0.0304531 0.0214802 0.222366 1.32572e-05 2.70901e-11 0.000315489 0.0926191 4.59201e-11 0.000596361 0.0575375 0.413838 0.000504851 0.0906576 1.1797e-05 
0.0465891 0.421334 0.0329452 0.152307 0.00450796 0.126679 0.0205654 0.0193517 0.0197575 0.0784388 1.23195e-05 8.09382e-07 0.0271017 0.00497178 1.08696e-06 0.00219992 0.0332018 0.00219497 0.000140289 0.00648677 0.00121367 
0.0172434 0.0365477 0.00073587 0.000787269 0.0211319 0.0368644 0.0435262 0.00607999 0.0373923 0.089044 0.00449849 5.02279e-06 0.0793491 0.0303586 6.06358e-05 0.481077 0.10169 0.000543785 0.00189709 0.00129929 0.00986765 
0.00256924 0.00784321 2.74916e-05 0.000247529 0.00194596 0.760706 0.018633 0.000157884 0.0258865 0.0536954 0.000312138 7.76146e-09 0.0807573 0.000357127 2.92926e-08 0.00833596 0.0345056 0.000275673 0.00215553 3.98021e-05 0.00154856 
0.00236741 0.114743 0.000251227 0.00895122 0.00961884 0.000625926 5.96106e-06 0.0219473 0.0280721 0.0188024 4.88276e-10 4.54906e-10 0.0114398 0.0257435 7.71105e-10 6.09285e-05 0.0458636 8.7536e-05 0.710815 3.31358e-06 0.00060099 
0.019751 0.068523 0.00485864 0.0104842 0.00312521 0.178012 0.00781376 0.0488639 0.0479049 0.0754646 0.000500106 1.55346e-07 0.165932 0.00170395 2.76546e-06 0.00077068 0.350375 7.56901e-06 7.67908e-05 0.00714741 0.00868239 
0.00155814 0.19217 2.22869e-07 0.164276 0.019023 0.00117352 0.00426837 0.00103899 0.223343 0.129686 0.000113537 2.145e-07 0.153327 0.10955 3.63596e-07 5.8634e-05 1.0648e-06 1.53771e-06 1.05927e-06 2.31459e-07 0.000409266 
0.0117175 0.0275174 0.000389523 0.00036587 0.0123654 0.0623378 0.0450361 0.014808 0.0453446 0.0873081 0.00166885 7.17359e-05 0.372654 0.00603325 0.000211841 0.105334 0.167388 0.0032317 0.00174544 0.000582493 0.0338891 
0.00608194 0.00109007 1.80516e-06 0.98955 1.34096e-09 0.00013745 2.72872e-05 3.05752e-05 2.43947e-05 0.000237789 5.68997e-07 9.14862e-10 0.000454831 0.00165587 1.55077e-09 4.77884e-05 0.000102675 0.000169225 2.57472e-07 0.000348509 3.93459e-05 
0.000261222 0.000798172 6.5008e-09 0.706824 1.04209e-05 0.000992618 0.00102851 0.000608357 0.0014235 0.0247085 1.35e-05 1.79792e-09 0.000714245 0.0104011 0.00129688 4.80305e-05 0.00183017 0.0774665 0.17107 0.000448037 5.63952e-05 
0.00207913 0.0362678 0.000162213 0.00244599 0.000266736 0.166839 0.00864523 0.00622094 0.0403852 0.457205 0.000185479 1.6848e-07 0.00858682 0.00945381 3.80856e-06 0.000439194 0.0130461 0.241298 0.0042631 0.000346028 0.00186006 
0.00100702 0.00256152 2.65741e-05 3.79239e-05 2.62062e-06 0.0153128 0.0233256 3.88462e-05 0.043022 0.0113845 5.45105e-05 9.88972e-08 0.00195999 0.0112108 8.88826e-05 0.000379235 0.0099271 0.000113741 0.873016 0.000134605 0.006396 
0.000178119 0.00146436 4.20641e-06 0.0202286 7.16826e-06 0.010128 0.00575505 0.000171498 0.00375577 0.123079 9.18416e-05 3.59497e-07 0.00281103 0.0196976 0.00676245 8.90763e-05 0.0051661 0.428997 0.371521 3.83884e-05 5.31161e-05 
0.127057 0.0418396 6.80768e-07 1.55534e-06 2.34178e-07 0.00491122 0.00344482 0.000454571 0.0937382 0.102553 7.63885e-05 1.87901e-10 0.0374654 0.308166 0.000986221 0.00135552 0.00174168 0.00610888 0.265921 0.0040244 0.000153741 
0.0141554 0.116915 0.00024705 0.00440213 0.0136165 0.0355497 0.0166103 0.0200008 0.0479009 0.0136948 2.26142e-05 1.17617e-07 0.0334299 0.646625 2.51e-05 0.0111635 0.021402 0.000162004 0.00098693 3.56821e-06 0.00308743 
0.474143 0.182726 0.000994837 0.00316296 0.00771102 0.0205692 0.0127015 0.0256253 0.0703484 0.0272223 0.00072308 3.86417e-05 0.0249821 0.032433 0.000998638 0.00530183 0.0577098 0.000705067 0.00210714 0.00501437 0.0447811 
0.00491209 0.0750147 0.155167 0.00353134 0.000511092 0.0251399 0.00212049 0.00586426 0.073824 0.0911463 5.84673e-05 5.18724e-06 0.447891 0.00126117 4.53522e-05 0.000970251 0.112002 1.33509e-05 3.35992e-05 6.04042e-06 0.000483197 
0.0205511 0.0304154 0.00021551 0.000160126 0.00262092 0.191525 0.0483702 0.00106145 0.464515 0.0909929 6.92692e-05 3.58106e-07 0.023759 0.04281 0.0015465 0.000475666 0.0723086 0.000147064 0.00751362 9.8076e-05 0.00084461 
0.0156612 0.0156408 1.17688e-06 0.000205473 0.0039999 0.0422142 0.00492739 0.0209835 0.0256833 0.0392094 2.98432e-06 3.1986e-08 0.451754 0.000399 1.37603e-06 0.00293821 0.342836 1.59806e-07 3.37807e-05 9.18948e-07 0.0335075 
0.0229387 0.0386299 0.00688226 0.00399978 0.00712713 0.327651 0.0185062 0.0187342 0.0249939 0.0892611 0.00180559 0.000100757 0.105748 0.0237266 0.000277943 0.0170329 0.201497 0.0102924 0.0571415 0.00101342 0.0226394 
0.157523 0.0146575 1.23891e-05 0.000231779 7.37433e-05 0.00196686 0.000294391 0.00129206 0.148794 0.438256 8.48669e-07 3.28436e-08 0.0356254 0.0026105 0.0201309 0.00171146 0.0726468 0.00540685 0.00059636 4.36812e-07 0.0981683 
0.0018338 0.0100995 1.03087e-06 0.000950745 0.0011924 0.00485504 0.00052222 0.0239983 0.112073 0.0247726 1.9775e-06 7.38176e-08 0.0235481 0.212112 0.000135952 0.00180424 0.0162322 0.000328938 0.556976 2.33038e-05 0.0085385 
0.0192556 0.054299 0.00249888 0.0018332 0.00830539 0.0497966 0.0835667 0.0153091 0.0464984 0.134578 0.000504371 1.47714e-05 0.0899899 0.0402672 0.00192361 0.0653881 0.173977 0.00614923 0.00530343 0.00244096 0.198101 
0.00150354 0.0245858 0.000578606 7.72947e-05 0.00813496 0.00307799 0.00115567 0.0174751 0.0045 0.183829 0.00136889 7.03391e-09 0.295482 0.00484999 0.000109121 0.04214 0.302385 0.0415619 0.0319755 5.54586e-08 0.0352101 
0.514967 0.180909 0.0293199 0.00096493 0.00105304 0.0129799 0.0110442 0.0399 0.0300829 0.0655153 0.000520341 5.77988e-07 0.0268939 0.0127751 3.01623e-06 0.00100406 0.0440505 0.00505115 0.000253987 0.0122758 0.0104358 
3.1344e-05 9.11401e-05 2.59472e-12 0.999449 1.74027e-09 9.39026e-07 1.35001e-05 6.92898e-05 8.63561e-06 3.19617e-05 2.68046e-12 2.49727e-12 6.41289e-06 4.38989e-05 4.2331e-12 2.14577e-09 1.86197e-10 0.000178733 7.34397e-07 7.39562e-05 9.20455e-08 
8.74623e-05 0.000280331 3.10663e-06 0.284713 1.74917e-06 0.0196647 0.000188898 1.94767e-05 0.000359225 0.000970389 1.46303e-08 7.27233e-12 0.0892475 2.90654e-08 7.35064e-05 8.41215e-06 2.25808e-09 0.604375 2.61204e-06 3.75334e-06 7.45088e-07 
0.0265433 0.311501 1.23973e-07 0.00349001 5.24206e-05 0.167977 0.022518 0.110951 0.0585985 0.0542344 0.000414244 1.17541e-07 0.0847673 0.107721 1.35442e-07 0.00274057 0.0161238 0.000656816 0.000637142 0.0303812 0.000691139 
0.282159 0.032344 0.00615823 0.000464742 0.0314987 0.045316 0.00487602 0.00245305 0.0186967 0.190186 0.000757724 9.79105e-07 0.0759317 0.00823204 1.92802e-06 0.00431145 0.058545 0.00304353 0.00114128 2.19712e-06 0.23388 
0.0341876 0.0324811 4.49012e-05 0.00192399 0.00578884 0.0796591 0.0161126 0.0114874 0.0544514 0.0575181 0.00224228 8.00235e-06 0.450036 0.0344718 1.39574e-05 0.00739639 0.150674 0.00387663 0.000894558 0.000924572 0.055807 
0.00148335 0.0106883 0.000178581 0.000235624 0.00204084 0.163633 0.308553 5.6546e-05 0.0229309 0.00656212 0.000496877 1.05214e-11 0.0766798 0.0013061 5.20609e-10 0.00728038 0.395178 2.7566e-05 0.00179829 6.59056e-09 0.000870476 
0.00167576 0.0238099 0.00299014 0.00117796 0.0199913 0.281197 0.00650096 0.000163323 0.128254 0.273139 0.000186543 4.47036e-07 0.154035 0.000172337 0.000195853 0.0104502 0.0397962 0.0355492 0.0013494 0.0163261 0.0030396 
0.0060659 0.000473496 0.0016828 0.011843 0.000133145 0.0801653 0.00154081 3.32666e-07 0.0364106 0.527449 0.00544279 2.47498e-07 0.19514 0.023568 9.34732e-06 0.014495 0.0167709 0.0488817 7.42758e-06 0.0179335 0.0119865 
0.0161866 0.0362461 0.000370415 0.00266187 0.0202776 0.279698 0.0260511 0.0119527 0.0534475 0.0831572 0.00428211 5.47072e-05 0.151433 0.0173515 0.000209796 0.0280662 0.233637 0.00477659 0.000945062 0.0125181 0.0166768 
0.0178058 0.0233162 0.000744386 0.00180635 0.0170915 0.0374931 0.016577 0.00451855 0.0393462 0.0650622 0.000466465 1.811e-06 0.334573 0.0174004 3.33303e-05 0.0125626 0.224759 0.000992437 0.00149344 0.000967894 0.182989 
0.0715963 0.439739 0.0283936 0.102635 0.0152697 0.0143831 0.00225409 0.104335 0.0736561 0.0100545 2.18227e-05 7.36078e-08 0.0109884 0.0797511 2.40628e-07 0.000230995 0.0416854 0.000121233 0.000617095 0.000562846 0.00370453 
0.000869214 0.0021563 2.25427e-08 0.0131613 1.39153e-05 0.00302959 0.00116796 0.00130008 0.00307046 0.0693633 5.62646e-05 4.70983e-09 0.00134635 0.017882 0.0054392 8.71806e-05 0.00768184 0.170213 0.702886 0.000153476 0.000122544 
0.00146381 0.0268533 0.0821836 0.000162635 0.0119287 0.0182826 0.0323841 0.000160155 0.0147419 0.121926 0.413304 3.31377e-08 0.168546 0.00253152 3.57211e-07 0.0892103 0.0132448 4.44502e-05 0.000188011 6.49281e-05 0.00277893 
0.00786474 0.0529553 0.00011359 1.32505e-05 0.709651 0.0064161 0.0111385 0.0080296 0.0226758 0.0152493 0.00528429 5.03194e-06 0.049627 0.00325588 0.013905 0.0801138 0.00807497 1.0714e-05 0.000100159 0.00221017 0.00330548 
0.0325699 0.110872 0.00211548 0.000238221 0.000122 0.00562549 0.00261225 0.00219443 0.0649657 0.00343157 1.37654e-06 9.42088e-11 0.00334709 0.0526036 1.59692e-10 0.000616439 0.00766207 3.2086e-06 0.000132893 0.710041 0.000845588 
0.0248204 0.0278246 0.000120512 0.00047077 0.00386332 0.0141343 0.00603231 0.00503137 0.0274805 0.0500729 0.000225062 1.40263e-06 0.334201 0.00402689 7.03119e-06 0.0716628 0.30722 1.71268e-05 0.00236961 0.0049715 0.115447 
0.000994235 0.0105222 0.000464061 0.000359669 0.000281552 0.188098 0.00788766 0.000158393 0.00818715 0.544543 0.000162405 5.41121e-08 0.0923863 7.95799e-06 4.79778e-07 0.0117468 0.105002 0.0177782 0.00655939 4.43196e-05 0.00481605 
0.00488429 0.00462512 0.00594718 0.000619188 0.00125779 0.0617544 0.0733791 0.00264251 0.00667952 0.511146 3.81134e-05 3.3937e-07 0.182126 0.000500125 4.73584e-07 0.0239105 0.0489933 0.0141753 7.08875e-05 1.5216e-06 0.057248 
0.0341312 0.0168553 0.00363876 0.00038463 0.210314 0.0534644 0.0394274 0.00533605 0.105997 0.16047 0.000171787 2.58968e-06 0.0367585 0.0169222 3.07656e-06 0.00917564 0.221639 0.0212866 0.00802066 0.000824392 0.0551767 
0.00300664 0.00436175 0.00011169 0.000218537 0.00114866 0.00649781 0.00656934 0.000526322 0.00674958 0.248235 0.00138601 1.33756e-11 0.00555539 0.00381564 2.26728e-11 0.00166512 0.37501 6.45628e-05 0.000459881 1.68931e-05 0.334601 
0.0763771 0.079381 8.58491e-05 0.211199 0.00466177 0.0185947 0.01516 0.104347 0.260239 0.0361128 0.000113137 1.4853e-08 0.129961 0.0027561 3.26067e-06 0.00660497 0.0483403 8.78106e-06 0.000972487 1.04243e-05 0.00507102 
0.0206563 0.425376 0.00168447 0.0245304 0.00659939 0.0297445 0.000309286 0.127162 0.0161358 0.141739 4.66165e-07 2.51091e-08 0.0233738 0.00226756 2.40699e-06 0.00706441 0.168791 9.44813e-06 0.000170628 2.62943e-05 0.00435704 
0.000164757 0.00036955 4.92805e-05 0.000193402 0.00368192 0.622717 0.000241936 0.000148753 0.0518561 0.00464097 5.05658e-08 4.14901e-12 0.0732968 2.81811e-05 7.03293e-12 0.000861807 0.0415636 0.00078151 2.21664e-05 0.199382 9.38539e-08 
0.000869214 0.0021563 2.25427e-08 0.0131613 1.39153e-05 0.00302959 0.00116796 0.00130008 0.00307046 0.0693633 5.62646e-05 4.70983e-09 0.00134635 0.017882 0.0054392 8.71806e-05 0.00768184 0.170213 0.702886 0.000153476 0.000122544 
