0.00787264 0.0281786 0.000736172 0.00154939 0.0164324 0.129783 0.0210343 0.000784617 0.00770406 0.0222671 5.11333e-05 0.00013 0.428664 0.00903594 5.66591e-06 0.0350558 0.262688 2.52889e-06 0.00158836 0.00485391 0.0215826 
0.0361384 0.00874664 5.38828e-05 0.000151694 0.0206859 0.00708902 0.010662 5.19995e-05 0.095091 0.0375176 3.33015e-05 4.05501e-06 0.658369 0.000149319 2.34606e-06 0.0682065 0.0124142 5.15659e-06 5.70073e-05 0.000544561 0.0440264 
0.00611659 0.0177357 1.94809e-05 2.48169e-09 1.45821e-06 0.0998057 0.00869323 0.00425804 0.13958 0.249808 4.66603e-06 1.04114e-05 0.260908 0.0201524 6.99375e-09 0.0869783 0.100211 0.000113839 0.000454319 0.000306801 0.00484125 
0.00224705 0.00609611 0.000727865 0.000206811 0.0116645 0.0415912 0.0112029 0.000149541 0.00397245 0.0041155 4.1738e-11 7.68041e-05 0.595649 0.000806811 3.49641e-08 0.00421994 0.302789 5.22011e-06 0.00392646 1.03586e-05 0.0105426 
0.0664126 0.0227294 4.72898e-10 0.000256509 0.0311282 0.0620311 0.000246654 0.000274797 0.126074 0.0429111 2.76659e-07 2.55731e-06 0.324859 0.00251757 7.715e-10 0.00012541 0.227733 7.59685e-08 0.000737111 1.82235e-05 0.0919427 
0.00535842 0.0190264 0.000897088 0.00234755 0.018094 0.0976956 0.0547052 0.00841704 0.0705937 0.0537007 0.009534 9.33124e-05 0.438514 0.00646447 5.31845e-06 0.0590284 0.141054 0.00121431 0.000510393 0.00283715 0.00990875 
0.00564775 0.0375702 0.000101558 0.046562 0.0311063 0.140798 0.181448 0.000823517 0.131735 0.00804089 0.000108913 1.93773e-05 0.309964 0.00217285 1.16333e-05 0.00321045 0.094777 0.00040869 0.000161793 8.28161e-05 0.00524856 
0.00257324 0.000490761 1.372e-06 1.33227e-05 0.0344806 0.155602 0.00201525 1.65395e-05 0.00892754 0.0579827 6.86778e-06 1.80031e-09 0.638598 4.63928e-10 3.05167e-09 0.01585 0.0520844 1.27161e-05 0.000305309 4.28374e-05 0.030996 
0.0292462 0.0547104 8.80617e-05 0.0188683 0.00367528 0.102962 0.0430907 0.0054524 0.113137 0.0536043 0.00699666 6.61259e-06 0.349201 0.00849743 6.04249e-06 0.00243527 0.207021 6.37456e-05 1.02948e-05 6.00319e-06 0.000920398 
0.0083318 0.00847109 0.000218374 0.00133998 0.00240521 0.114372 0.0213603 0.00261634 0.0186806 0.273672 0.00019093 4.68914e-05 0.392671 0.0146411 1.41703e-06 0.00919322 0.104983 0.000566543 0.000407103 9.17901e-06 0.025822 
0.0104521 0.00767388 0.000573631 1.04682e-05 0.00274514 0.143916 1.16048e-05 5.08463e-06 0.145102 7.17798e-05 1.18103e-05 1.31509e-08 0.541047 0.0967057 9.54186e-05 0.000564197 0.0446997 2.6745e-06 0.000192303 0.000951623 0.00516727 
0.00505958 0.0134396 1.1951e-05 0.000289083 0.000534542 0.0782144 0.000599141 0.00543443 0.041689 0.00894195 8.83032e-06 1.2927e-08 0.583577 0.00119165 2.94412e-09 0.00843636 0.121023 1.43484e-05 1.30913e-05 0.00105126 0.130471 
0.00844569 0.0150711 0.000519365 0.00053945 0.00192992 0.022254 0.0585225 0.00428641 0.0124889 0.160777 0.00690192 3.03354e-07 0.576636 0.00203623 9.68551e-06 0.0174021 0.0185299 0.0467205 0.000270206 5.43996e-05 0.0466044 
0.00258628 0.00924885 0.000123247 0.0228896 0.00216836 0.332991 0.00421697 0.00240978 0.00765367 0.160657 0.000513914 4.85117e-06 0.361827 0.00020663 3.53978e-05 0.00273487 0.0646012 0.0203202 0.000253431 1.18313e-05 0.00454533 
0.00133759 0.000355023 4.07776e-08 2.36062e-08 0.00911268 0.0293422 0.00547667 9.06539e-06 0.00121895 0.00110034 0.000200263 3.8238e-05 0.930108 1.16209e-05 6.65257e-08 0.00481853 0.0131893 4.58749e-06 2.32994e-05 4.23491e-08 0.00365321 
0.00243503 0.0519589 0.00017167 0.00171667 0.000186376 0.00254735 0.00204907 0.011726 0.0897868 0.30701 2.79259e-05 2.73691e-06 0.394393 0.00255841 4.37663e-08 0.00160302 0.129622 4.4602e-05 0.000249998 0.000177708 0.00173219 
0.016388 0.0168205 1.99263e-08 0.000204523 0.0279985 0.0379929 0.00248546 2.8397e-05 0.0291884 0.257693 2.34166e-11 2.15173e-08 0.337442 0.0111978 3.25083e-08 0.00786615 0.225669 9.19191e-08 9.87147e-08 1.13698e-06 0.029025 
0.00950993 0.00976452 8.30955e-06 0.00236658 0.00635546 0.00668314 0.00962032 0.000113974 0.0105539 0.241523 0.00543687 5.68004e-08 0.357227 0.00491175 4.74576e-10 0.0990878 0.173872 3.43864e-05 0.000799358 0.00279971 0.0593318 
0.000886986 0.000354158 1.00314e-07 1.00379e-07 0.0383628 0.191096 0.0215609 0.000479335 0.0103982 0.0606549 0.00226035 8.66723e-06 0.36656 0.0013072 2.26655e-06 0.29278 0.0129379 1.67651e-05 1.49044e-05 2.7641e-10 0.000318235 
0.176783 7.56548e-06 2.2867e-09 0.000270626 5.4969e-06 2.67137e-06 0.00192 3.64644e-10 0.0602867 2.05805e-06 2.56477e-06 2.20083e-09 0.625772 2.12431e-06 3.73059e-09 0.116582 0.0061167 4.0118e-07 1.79169e-09 2.37483e-09 0.0122464 
0.00564652 0.000835108 5.28572e-05 1.88524e-05 0.0034186 0.00381728 0.00374814 0.0398483 0.0787876 0.0668461 0.00487143 2.95674e-08 0.543653 0.00540676 3.60215e-05 0.0358473 0.0946218 0.000141278 0.000316528 3.28728e-05 0.112053 
0.0254099 0.04024 9.24281e-06 0.0253243 0.00225109 0.0677027 0.0229462 0.00181223 0.0503691 0.0315529 0.000165419 3.12155e-07 0.36597 0.00931267 1.56295e-07 0.0142314 0.272409 0.000698062 0.00073446 0.00182572 0.0670349 
0.00376985 0.0206915 8.87311e-06 0.000115238 0.00172168 0.0665353 0.0134565 0.00197071 0.0108912 0.156393 0.00120855 1.35759e-05 0.418079 0.00870828 0.000133842 0.0158611 0.0944725 0.0171506 0.00132242 5.50774e-05 0.167441 
0.0227056 0.0067246 1.54989e-07 0.000260454 0.00127005 0.109752 0.0176169 0.00220721 0.180288 0.131164 3.46861e-07 3.34692e-10 0.241579 0.184882 5.67332e-10 0.0100382 0.0669598 0.00160053 0.00257866 0.000552014 0.0198208 
0.00505019 0.0167888 0.000341386 0.000170639 0.00317885 0.0104345 0.00429798 0.00284192 0.0135155 0.0497597 4.73547e-06 9.73536e-06 0.469741 0.00795719 0.000640765 0.0706476 0.0566518 0.0118516 0.0028306 0.000336507 0.272949 
0.01749 0.0474958 4.61099e-06 0.0025619 0.0225163 0.129378 0.0768661 0.0104669 0.07181 0.022859 0.000106726 0.0967911 0.369738 0.0125354 1.55581e-06 0.0650486 0.0535745 0.000129801 0.000116942 2.18662e-05 0.000487195 
0.0115616 0.0168121 8.36976e-06 0.000585617 0.0181569 0.0809287 0.00618568 1.7023e-05 0.0641915 0.0042162 7.78101e-07 6.66106e-10 0.479144 0.00793171 1.12911e-09 0.00275809 0.274724 0.000532856 0.00140317 0.000490584 0.0303503 
0.0173273 0.0318321 0.000356202 0.00101839 0.00153531 0.02884 0.0256071 0.0303374 0.138058 0.0398899 4.09507e-05 1.02182e-06 0.329 0.00298646 8.70484e-08 0.00335238 0.328869 1.56158e-05 0.000131761 0.00526932 0.0155325 
0.0129725 0.00988726 3.19928e-06 8.61664e-06 2.31246e-06 1.54605e-06 0.00559845 4.12333e-10 0.0506468 0.100248 0.00189324 2.48866e-09 0.742029 0.0321929 3.18358e-06 0.000176904 0.0424512 1.66178e-06 5.54533e-07 6.44246e-06 0.00187571 
0.00070027 0.00363658 0.000803922 0.00298249 0.00059921 0.139639 0.0661478 0.0273211 0.0335013 0.167024 0.000335848 7.23238e-07 0.332157 0.00152114 1.30019e-08 0.00893873 0.213922 0.000508074 5.95675e-06 3.63073e-05 0.000218067 
0.00259942 0.0847155 1.18365e-05 0.00234719 0.00101827 0.0218934 0.00140945 0.000959635 0.00674893 0.0853719 0.00168181 5.25674e-06 0.516783 0.000167598 4.89261e-06 0.038031 0.0123592 5.95346e-05 0.000143867 0.222921 0.000767696 
0.00357823 0.0250119 1.278e-08 0.000202117 0.0946081 0.0180923 0.0228328 0.0321592 0.0769662 0.00545389 0.000486513 9.45495e-09 0.574918 0.00592822 7.06281e-06 0.0215049 0.107558 5.23665e-05 4.3422e-05 0.000200887 0.0103957 
1.7086e-06 4.196e-06 2.12979e-10 1.23294e-10 0.255582 0.0396809 9.01462e-06 3.39622e-11 0.0557741 0.11206 7.26276e-07 2.0498e-10 0.415719 5.28222e-11 0.000194195 0.0155528 0.105415 1.40378e-07 1.66874e-10 2.21187e-10 6.12134e-06 
0.000989763 0.00411837 1.62439e-05 8.75452e-06 0.00931773 0.00798665 0.0677212 0.00711005 0.0249262 0.112297 4.08383e-05 4.75475e-07 0.56109 0.00367086 3.31826e-05 0.0181195 0.169376 1.40912e-06 8.43364e-05 8.05408e-05 0.0130111 
0.00407405 0.00761933 0.00239054 0.000292564 0.000917743 0.165598 0.0190397 0.0208296 0.0152069 0.110092 0.00486364 1.78758e-07 0.477403 5.88519e-06 1.40826e-08 0.0174364 0.0357098 0.0853316 0.000327397 4.65996e-05 0.0328149 
0.0128942 0.0609514 0.0014851 0.000223273 0.0026066 0.0241762 0.0015755 0.0445767 0.0176515 0.086825 0.00210826 0.000146039 0.489336 0.00406166 6.73503e-07 0.0351718 0.206486 8.09423e-06 0.00014667 0.00375186 0.00581819 
0.226584 0.0348129 1.15233e-06 1.10817e-05 0.0154951 0.0499714 0.00844498 4.55777e-08 0.0275068 0.275701 2.18016e-07 4.63108e-10 0.29492 1.05091e-05 7.85008e-10 0.00900346 0.0525505 1.02349e-07 3.39793e-06 0.00100557 0.00397765 
0.000650457 0.0137586 2.41992e-05 0.00010808 0.00592444 0.0336943 0.200485 0.0217368 0.00263523 0.104151 0.000357401 0.000128552 0.326512 0.00212006 1.31799e-07 0.140067 0.140452 4.6677e-05 7.37013e-05 1.0687e-05 0.00706366 
0.0235872 0.0246217 5.20332e-05 0.000154812 0.0138425 0.229298 0.0011805 3.55776e-05 0.0284207 0.0283966 1.0413e-07 6.62265e-09 0.34957 0.000608511 2.58243e-11 0.00163773 0.269065 1.51458e-06 7.32209e-08 1.64393e-11 0.0295272 
0.00413652 0.00696402 1.28445e-05 9.10565e-05 0.0278964 0.125864 0.0190823 0.0720482 0.0175836 0.0301394 0.000232608 1.87487e-05 0.366415 0.00945757 0.00151621 0.315148 0.00305573 4.13188e-05 8.62357e-06 1.75066e-08 0.000287752 
0.00888471 0.000490764 0.000108801 2.80963e-06 0.00467412 0.0821503 0.0115024 1.08598e-05 0.0130245 0.0154465 9.11608e-05 5.21249e-07 0.562009 0.00027917 7.70778e-07 0.000913823 0.0360598 8.21413e-06 0.00101347 3.06858e-07 0.263328 
0.0112993 0.00153242 6.43949e-07 5.10648e-05 0.00692228 0.0217275 0.00566452 0.00110601 0.00936866 0.0117278 4.55698e-05 7.19732e-09 0.418992 0.000324373 5.01943e-08 0.353763 0.152699 0.000229829 0.000111188 1.07247e-07 0.00443474 
0.0364817 0.0740245 4.37618e-05 0.000320731 0.001906 0.221227 0.00574099 0.000171632 0.0635765 0.0178275 5.61352e-05 1.1205e-07 0.49156 0.000102078 2.34439e-10 0.00874065 0.0767078 0.000159783 0.000125918 2.65446e-07 0.00122621 
0.0230484 0.0447605 0.000176154 0.00748111 0.00242767 0.133233 0.00561002 0.0162388 0.067459 0.153358 6.96226e-05 2.68884e-08 0.318984 0.0192766 8.79507e-06 0.00347443 0.191192 3.63892e-05 0.000225878 0.000701493 0.0122381 
0.00312564 0.0291996 4.86923e-05 0.000955147 0.00446565 0.0953931 0.0194898 0.00673894 0.0250043 0.276439 0.00179071 4.51256e-05 0.360761 0.0230844 0.00041547 0.0717725 0.0567787 0.000489591 0.00151468 0.000278792 0.0222086 
0.00846313 0.0409922 5.38881e-05 0.00246029 0.00342253 0.326971 0.0155887 0.000302602 0.0186125 0.0445167 0.000664252 2.05047e-07 0.337143 0.00380775 0.000112062 0.00449002 0.00910903 0.174403 0.00785932 6.15003e-05 0.000967074 
0.00135157 0.00760977 0.00123641 2.01301e-05 0.000960434 0.12919 0.000457837 0.00313371 0.238578 0.0420466 0.000714827 3.11254e-08 0.445189 0.0223831 3.52594e-09 0.0116837 0.0812819 8.36514e-05 4.54056e-05 7.27856e-07 0.014034 
0.014816 0.0267104 0.01085 1.21411e-06 0.00297626 0.0440602 0.0432545 0.068058 0.041414 0.135474 0.000132574 2.69059e-06 0.329341 0.0306608 7.65348e-11 6.18756e-05 0.236695 6.21126e-06 0.00017664 6.848e-08 0.015308 
0.0358745 0.0103336 1.95175e-07 1.12987e-07 1.00144e-07 4.72284e-05 0.0470992 0.000193337 6.98371e-05 7.01694e-05 0.000167541 1.87845e-07 0.344121 0.0467493 3.18414e-07 5.21154e-08 0.264894 3.56791e-06 1.52925e-07 2.02697e-07 0.250375 
0.000874599 0.00606618 1.20233e-06 7.80738e-05 0.0031912 0.136973 0.102663 0.000360252 0.0540286 0.267063 0.00422072 6.74999e-06 0.275376 0.0127799 3.60157e-05 0.0449305 0.0539011 7.2408e-05 8.55108e-05 0.0356677 0.00162534 
0.0121971 0.00194301 0.0460128 0.000598661 0.0147403 0.00685072 0.00220481 0.000984786 0.011444 0.113555 0.000595799 1.27853e-05 0.73202 0.00529163 1.03012e-05 0.0137778 0.0178738 0.00722542 0.000209069 5.24823e-05 0.0123998 
0.0521114 0.058342 0.00140705 0.000637353 0.00667514 0.0602538 0.0180267 0.0219581 0.0599324 0.0464283 0.000146609 1.38989e-07 0.335444 0.00316872 1.08771e-07 0.00125271 0.176874 2.98953e-05 0.000170346 0.00330361 0.153837 
0.00399062 0.0562675 0.000594264 0.00394889 0.0126565 0.221424 0.0318111 0.00536015 0.0382933 0.217192 0.00107504 3.4715e-05 0.236593 0.00702976 3.34675e-07 0.0237848 0.124318 0.00498548 0.00061957 0.00434227 0.00567837 
0.00400076 0.0164075 2.60678e-06 0.0101432 0.0027625 0.0300431 0.00669961 0.00520626 0.0274403 0.0238442 0.00751741 3.18937e-06 0.772519 0.0406295 1.49449e-05 0.0123325 0.0160835 0.00117366 0.00372859 1.84933e-05 0.0194289 
0.0313856 0.0497005 1.45269e-07 0.000408863 0.00909709 0.0493274 0.0148447 0.00018789 0.0897003 0.00110912 1.00572e-05 3.40142e-06 0.627918 0.000156866 2.738e-08 0.0157493 0.0928166 7.62521e-07 1.01182e-06 4.03125e-06 0.0175786 
0.00595015 0.0175867 0.000247888 9.14586e-05 0.0409337 0.0942483 0.000315918 0.0281403 0.00432781 0.049293 1.41604e-06 2.5896e-07 0.589702 0.000126499 0.00136421 0.129127 0.00450598 0.0334978 1.93554e-05 4.63334e-10 0.000519291 
0.00249608 0.0620631 3.59104e-06 0.000170119 0.000100317 0.306572 0.00543311 4.78941e-05 0.00416858 0.117763 0.00101465 8.004e-06 0.367046 1.66944e-05 0.0298669 0.0149852 0.087837 5.515e-05 0.000208515 0.000104274 3.97264e-05 
0.018121 0.0370746 0.000968369 0.00245956 0.0217548 0.165601 0.0373691 0.0126669 0.0369494 0.155555 0.00256142 2.2045e-05 0.274466 0.00402558 0.000696395 0.0911039 0.112335 0.00715599 0.00148698 0.000569533 0.0170585 
0.0024411 0.0224333 0.000330114 0.000509449 0.00752028 0.26918 0.0336377 0.0015752 0.0227286 0.0779713 0.0488283 0.00170417 0.353354 0.000651197 2.00722e-07 0.00368221 0.145716 0.000357454 0.000151086 4.46997e-05 0.00718413 
0.0217629 0.0279758 0.000578321 0.00508208 0.00491392 0.0667295 0.0263478 0.0177752 0.0505046 0.186653 0.00697139 0.000947864 0.206806 0.0277304 0.000830319 0.115507 0.202827 0.00181251 0.00200876 0.00170622 0.0245298 
0.0338995 0.0611056 0.00354628 0.00344595 0.0549326 0.118988 0.0611673 0.0187421 0.0647475 0.174524 0.00223345 0.000222942 0.193091 0.0237135 0.000491316 0.0496251 0.106894 0.00697238 0.00559502 0.00269995 0.0133625 
0.0138016 0.0266688 0.00106692 0.000896449 0.00628507 0.15426 0.00356633 0.00795813 0.0181366 0.209228 0.00221427 3.33187e-06 0.429157 0.00491989 4.26693e-08 0.0296493 0.0725845 2.27541e-05 0.00129965 0.00187625 0.0164054 
0.0124259 0.0121323 0.000123538 0.00104486 0.030954 0.0357654 0.00525781 0.00119825 0.0304576 0.0115773 1.35001e-05 4.64891e-07 0.616709 4.26244e-06 6.25679e-05 0.200592 0.036978 9.81408e-06 1.88799e-05 4.66114e-08 0.00467424 
0.0197693 0.0794257 0.0002615 0.000316649 0.00279863 0.119547 0.0103815 0.000979283 0.0545151 0.15146 3.27668e-05 1.84095e-06 0.286978 0.0151203 0.00791513 0.0282119 0.150987 0.0002299 0.00161681 0.000631089 0.0688215 
0.0248205 0.00603266 1.44802e-07 4.12522e-11 0.0346734 0.138283 0.0419198 0.000179317 0.0271232 0.11396 0.00738358 2.62459e-08 0.252391 0.000623175 1.16255e-10 0.0522691 0.226256 7.77231e-05 0.000340837 0.0227936 0.0508729 
0.00996831 0.0514424 3.15559e-05 0.00490402 0.180946 0.0401467 0.0829155 0.00416826 0.084057 0.0455313 0.009984 4.5259e-06 0.245146 0.106481 1.87738e-09 0.117761 0.0158199 0.000169413 0.00014978 1.19511e-09 0.000374007 
0.00976355 0.00514541 5.38919e-11 3.11981e-11 0.0678 0.200261 0.247177 3.2529e-07 0.114441 0.031323 1.58438e-06 5.18681e-11 0.303386 2.00691e-07 8.79209e-11 0.0201613 2.08205e-07 1.36567e-11 1.02398e-07 5.59689e-11 0.000538421 
0.00857376 0.0174006 0.000366768 0.00230099 0.00395192 0.0534841 0.00912446 0.00143479 0.090113 0.0860832 1.66629e-07 1.66644e-07 0.302414 0.171751 1.66501e-07 0.0218334 0.176062 0.00251879 0.026286 1.66629e-07 0.0263012 
0.0310803 0.0038988 6.44591e-05 2.87134e-06 0.00451589 0.00780745 0.00236154 0.000345922 0.00528509 0.216176 4.07197e-08 5.09146e-08 0.370633 0.00073591 2.10255e-11 0.00336125 0.218779 7.10379e-09 0.000416952 9.20915e-06 0.134526 
0.0187416 0.102355 0.00036393 0.0377414 0.0070042 0.0429783 0.00678026 0.000343561 0.0491135 0.00561811 7.69316e-05 3.71142e-06 0.557792 0.0373941 0.00267361 0.049668 0.0241337 0.000602073 0.0217888 0.000884835 0.0339427 
0.000660556 0.00204758 1.79014e-05 1.70499e-05 0.000226978 2.8987e-07 0.0216831 1.0102e-08 0.0218513 0.0659829 7.82801e-11 8.10243e-08 0.607937 0.0260977 1.23623e-10 0.0479394 0.205536 9.10021e-07 9.09164e-07 7.86964e-11 3.89601e-07 
0.0101908 0.0412349 0.00116675 0.00146207 0.00536896 0.0191667 0.0345441 0.00244654 0.0371354 0.212647 0.00614073 0.00380703 0.424107 0.0177295 0.000289604 0.0840831 0.0531668 0.00274238 0.00136109 0.0015558 0.0396538 
0.0536946 0.000748559 6.08716e-07 0.00103322 0.000562347 0.321643 2.77014e-06 0.00265838 0.009416 0.00260838 9.35698e-09 8.71751e-09 0.500262 1.50971e-07 1.47769e-08 0.000677138 0.0973795 3.48047e-05 7.09692e-09 9.40674e-09 0.00927781 
0.0246067 0.00630712 0.000588178 5.38043e-06 0.0093064 0.0762052 0.0224409 8.96446e-05 0.0409948 0.228288 0.000158708 2.37256e-05 0.435634 0.0133155 7.48336e-10 0.0136212 0.11 1.79346e-05 0.000362339 3.60387e-08 0.0180339 
0.00491697 0.00409353 2.35941e-05 8.84352e-05 0.00363857 0.0174612 0.0147153 0.00348072 0.0168769 0.0285228 4.92049e-05 1.45854e-06 0.555648 0.00391162 1.11515e-09 0.0314857 0.235835 0.00558723 2.39493e-05 2.67911e-05 0.0736137 
0.00687138 0.01278 0.00332725 0.00068823 0.110228 0.103318 0.000252421 0.000370126 0.0108617 0.144619 6.924e-11 4.73123e-06 0.367938 0.00256678 6.74792e-08 0.00833795 0.186526 0.0191685 0.00249737 2.82139e-08 0.0196444 
0.00447246 0.00623175 0.000269806 0.00010767 0.00213737 0.0289802 0.0236764 0.0296138 0.00395216 0.0233449 9.05342e-06 4.72091e-06 0.536804 0.024406 1.0472e-09 0.124959 0.129993 2.20998e-05 0.00280789 0.000836944 0.0573699 
0.11494 0.000272264 3.48709e-06 1.96674e-06 0.233835 0.0656676 0.00146426 1.14684e-05 0.0256466 0.0844595 0.0175678 9.94431e-07 0.251952 0.131219 8.52928e-06 0.0274322 0.00864024 0.000486747 0.00101831 0.00125591 0.0341158 
0.00975533 0.00908911 3.80125e-12 0.000701277 0.000829147 0.240316 0.000569251 0.000631951 0.00822436 0.00327063 3.92687e-12 2.94624e-09 0.555881 0.000157468 6.20148e-12 6.69756e-05 0.157848 1.81561e-07 3.00986e-06 1.94012e-05 0.0126369 
0.0147757 1.4926e-06 1.49087e-06 0.00373069 1.4918e-06 1.49255e-06 0.0204472 0.00164322 0.102533 0.102691 1.4908e-06 1.49094e-06 0.321044 0.0194015 1.48966e-06 0.0135812 0.267335 1.4923e-06 1.49128e-06 1.4908e-06 0.132802 
0.0155167 0.0375032 1.49474e-07 0.00296574 0.000205929 0.0140661 0.0129839 0.00031742 0.029777 0.00516461 0.0113863 3.79959e-05 0.782397 0.000984988 1.46261e-05 0.00192772 0.0670554 0.00644972 1.17117e-07 0.00180726 0.00943847 
0.00923052 0.012424 0.000986285 0.00115916 0.00142556 0.0735011 0.096127 0.000724218 0.27888 0.104869 0.000517295 1.04174e-08 0.310529 0.0023893 1.27966e-08 0.0269903 0.0686542 0.00362144 4.26587e-07 7.36881e-08 0.00797119 
0.00801761 0.0159965 0.00531769 0.00150908 0.00213685 0.0701975 0.0234999 0.000290955 0.0278348 0.238169 0.178927 2.73153e-05 0.280732 0.0593969 0.00104386 0.0224036 0.0185383 0.018587 0.0127969 0.00178163 0.0127961 
0.144254 0.0811077 2.73368e-07 0.008705 0.00464579 0.103021 0.0327229 0.0224952 0.0415081 0.0140585 0.00265614 3.32538e-05 0.24138 0.121436 3.42292e-05 0.000774208 0.175593 6.45552e-05 0.00173618 1.3991e-08 0.0037744 
0.0255194 0.0100945 8.4666e-05 0.000491263 0.00565008 0.00530533 0.00993842 0.00514188 0.0271616 0.15206 6.06469e-06 3.89647e-09 0.586918 0.0283653 0.000794582 0.0240098 0.064076 8.30688e-07 0.000961526 4.18039e-07 0.0534201 
0.0274837 0.143663 0.000860206 0.00246698 0.00607712 0.0835883 0.00474256 0.00422013 0.0952369 0.034785 0.000620986 7.69203e-05 0.372898 0.0136779 8.37243e-07 0.0203082 0.181698 3.30851e-05 4.47774e-05 1.10942e-07 0.00751701 
0.0511478 0.0261679 0.000125808 0.000925117 0.027834 0.0921697 0.0135028 0.0128904 0.0279285 0.0828453 0.0003352 1.79396e-06 0.470563 0.00494442 0.0307746 0.0114892 0.128076 0.00166078 0.000579231 6.62072e-05 0.0159718 
4.77361e-07 0.00672472 1.49663e-07 5.36279e-05 0.00449056 0.365942 0.0025541 0.000411851 0.0351459 0.00199429 8.76475e-07 2.81007e-08 0.404727 1.67601e-10 2.83997e-06 0.167645 0.010197 1.97108e-06 0.000105404 2.35322e-06 2.01332e-07 
0.0284496 0.0896831 0.00014005 0.000564874 0.0151731 0.0466857 0.0234856 0.0578283 0.108843 0.0546718 0.000690011 5.75359e-05 0.260389 0.155045 2.86993e-06 0.0221173 0.114432 6.76077e-05 0.00669931 0.000689436 0.0142853 
0.182933 0.0367075 0.0168809 0.000157883 0.126324 0.00940767 0.0608308 0.000619699 0.0360938 0.118207 1.99995e-07 5.43899e-07 0.27856 0.0389583 6.31796e-06 0.00735513 0.0844345 1.51158e-05 0.000126907 5.64097e-06 0.00237502 
0.162553 0.0876788 0.000116392 5.63521e-06 0.000783487 0.00351142 0.00192452 0.000104949 0.0170553 0.0649468 0.000133125 0.000173405 0.516585 0.0124393 1.68289e-06 0.00191407 0.0486416 0.0436228 0.000360597 4.96761e-06 0.0374432 
0.0212708 0.0285449 0.036722 0.000495208 0.0248138 0.213011 0.00776257 0.0112318 0.136889 0.0201578 0.00317472 1.73214e-07 0.250079 0.00425368 2.80265e-09 0.0138991 0.213512 3.17172e-05 0.00215355 0.000488948 0.0115086 
0.0150057 0.0202117 8.70072e-05 0.0534731 0.00394978 0.121216 0.0169283 0.00633211 0.039682 0.0675112 0.000429786 1.28759e-05 0.399138 0.0518411 2.06549e-08 0.0248966 0.144903 0.000313742 0.0011822 8.016e-06 0.0328777 
0.000440822 0.00485135 1.58581e-05 0.378178 1.32531e-06 0.0545443 0.00145135 0.000366064 0.0444902 0.0251029 5.23534e-05 3.42051e-10 0.461058 0.0016783 5.05007e-05 3.47528e-05 6.36868e-07 0.0271073 0.000111164 2.41747e-08 0.000464304 
0.0181303 0.00581295 1.6557e-06 0.000307327 0.0198552 0.0498799 0.00257991 0.0253286 0.0264113 0.0483276 2.02864e-06 1.59352e-06 0.746112 0.0242889 2.39196e-05 0.00164158 0.00983578 0.000283424 2.11647e-05 1.21767e-05 0.0211429 
0.00458922 0.0111869 8.30496e-06 0.000379828 0.00022648 0.0154165 0.0256281 3.92824e-05 0.0231922 0.0159663 0.000133912 2.95642e-05 0.761842 0.0398388 2.69309e-06 0.064987 0.0290476 0.00358347 0.00334183 3.12151e-07 0.000559721 
0.116886 0.0258462 0.00112085 0.00187938 0.0254554 0.00961373 0.00268038 0.0103004 0.218234 0.0786562 2.98002e-05 2.08298e-06 0.400301 0.0207026 1.66589e-07 0.00191292 0.0711742 0.000697101 0.000175018 6.56003e-05 0.0142667 
0.00894731 0.0310365 0.00369097 0.00145995 0.00261246 0.030606 0.0496062 0.024629 0.157143 0.159227 0.00282251 0.000615174 0.200337 0.0251019 0.000150963 0.0219425 0.196448 0.00114192 0.00674617 6.94889e-05 0.0756669 
0.00100336 0.00900508 1.3786e-05 6.10123e-07 0.00278029 0.0231262 0.0502573 0.000302695 0.0329637 0.016556 4.26702e-06 4.46149e-08 0.578832 5.07694e-07 7.28976e-10 0.0121408 0.27293 2.42993e-06 7.90799e-05 4.64054e-10 1.82068e-06 
0.0138241 0.0158349 1.83522e-05 0.0028934 0.00547997 0.00382346 0.0206181 0.000717473 0.0476036 0.213018 0.00941603 2.97107e-07 0.513941 0.0276599 0.00559981 0.0216943 0.023649 0.00389975 0.000448086 0.000155134 0.069705 
0.022711 0.0282146 0.000140471 0.0437496 0.00772072 0.226665 0.0118295 0.0249422 0.0173116 0.0175969 0.000130072 2.8868e-05 0.297866 0.00453234 5.64558e-06 0.169033 0.0919902 6.09228e-05 0.0145632 0.0118959 0.00901161 
0.0155632 0.0413527 0.0016466 0.00117995 0.0143143 0.118718 0.0461541 0.0171918 0.106179 0.0770572 0.00231671 3.68054e-05 0.254666 0.00848456 0.00028287 0.0579812 0.217993 0.00455318 0.00259897 0.000859944 0.0108708 
0.0193923 0.0913738 0.000488983 1.28157e-05 0.0147377 0.027809 0.00146815 0.0377618 0.0110421 0.0143615 3.00256e-05 7.24183e-07 0.392257 0.000108968 2.09989e-09 0.00431786 0.205862 0.0380237 0.00045266 1.77911e-07 0.140498 
0.0667105 0.0784991 6.87146e-06 0.00870197 0.00672432 0.020373 0.0275849 0.0131106 0.052757 0.0440652 0.000552184 3.84752e-07 0.353909 0.0217885 1.63172e-05 0.0140843 0.252539 4.39983e-05 0.000136536 0.000117949 0.038278 
0.000446762 0.00253537 1.22998e-10 7.12036e-11 3.92951e-07 0.0103738 0.000826554 2.22204e-08 0.000812829 0.000150706 8.59103e-07 3.35947e-07 0.873679 3.05054e-11 4.34636e-08 1.19524e-07 0.0937646 3.11687e-11 9.6372e-11 1.27738e-10 0.0174084 
0.00865978 0.00987645 0.000203516 0.00609357 0.00286741 0.0251747 0.00611427 0.000152003 0.0420111 0.121855 0.000619987 9.2474e-06 0.690322 0.00301924 2.25536e-05 0.0212962 0.0525449 2.21535e-05 1.86487e-05 2.74462e-08 0.00911762 
0.0137864 0.0241183 0.00039124 0.0069028 0.0224138 0.0282149 0.0110843 4.63404e-05 0.00678919 0.0967971 1.51092e-05 1.49384e-06 0.538458 0.00244918 1.34443e-06 0.0767871 0.115791 0.00637903 8.16641e-05 7.77222e-06 0.0494842 
0.000774185 0.00204513 5.00507e-05 6.67047e-06 0.00254918 0.00801872 0.00415995 0.00893039 0.0130223 0.223453 2.37883e-05 4.02165e-07 0.568103 0.00176906 1.85976e-06 0.00888181 0.152249 1.58483e-08 1.22828e-05 3.97506e-05 0.0059091 
2.32651e-07 0.00192546 9.19552e-05 1.9206e-05 5.47304e-11 0.170395 0.00644088 1.70094e-11 0.0241858 0.0135558 1.10192e-10 1.02661e-10 0.419024 8.64834e-07 1.74019e-10 0.022876 0.341483 1.84242e-06 8.35763e-11 1.10778e-10 3.58147e-11 
0.000904244 0.00502451 4.94427e-07 1.65125e-09 0.00919739 0.120758 0.00119623 5.51959e-07 0.26729 5.85037e-06 0.000306878 2.74527e-09 0.300248 2.7668e-06 4.65347e-09 0.265842 0.0162211 3.3662e-07 2.23493e-09 2.96232e-09 0.0130016 
0.0174607 0.022332 7.49939e-05 0.0022841 0.0187713 0.153458 0.0752708 0.00582921 0.0563214 0.0328039 0.000897573 0.000953249 0.299884 0.0136321 0.00120204 0.0112838 0.18337 0.00116842 0.0735586 0.00331529 0.0261286 
0.000185416 0.00216335 3.02333e-06 6.03428e-05 0.00117479 0.00181328 0.100862 0.000700928 0.0836459 0.11369 0.000127303 3.3767e-07 0.62315 0.00335827 3.72959e-06 0.00700712 0.0324895 8.4597e-05 0.00107133 0.000155369 0.0282526 
0.00841586 0.020143 7.05285e-05 0.00190151 0.00866268 0.0923905 0.0169177 0.00316976 0.0454026 0.10282 0.00255797 3.80167e-07 0.338694 0.000903292 2.42463e-07 0.0792947 0.263111 8.61698e-05 0.000896165 0.00138961 0.0131724 
0.000874599 0.00606618 1.20233e-06 7.80738e-05 0.0031912 0.136973 0.102663 0.000360252 0.0540286 0.267063 0.00422072 6.74999e-06 0.275376 0.0127799 3.60157e-05 0.0449305 0.0539011 7.2408e-05 8.55108e-05 0.0356677 0.00162534 
0.006572 0.0122837 1.74271e-06 0.000375444 0.000115201 0.000584752 0.00085122 4.82015e-05 0.0181946 0.00840539 2.43829e-05 4.06336e-08 0.887303 0.0539789 4.30426e-06 0.00091568 0.00314814 0.00435595 0.00248033 1.15028e-10 0.000357251 
0.000799155 0.000675843 2.71438e-05 3.05303e-05 0.00206215 0.128252 0.0107193 8.20003e-05 0.00787283 0.201575 4.37844e-05 1.99878e-09 0.238507 0.00292107 3.3881e-09 0.00283404 0.217226 3.23894e-05 7.0173e-05 3.17239e-06 0.186267 
0.0350423 0.0307129 2.24824e-05 0.000111043 0.0423115 0.161185 0.0141049 0.00166436 0.208013 0.0317741 0.000552397 2.35468e-06 0.290206 0.0311102 1.80484e-07 0.08772 0.0384325 2.98444e-05 0.00881353 0.000768822 0.0174228 
0.000779166 0.0157136 0.00186726 0.00189695 0.0230154 0.0327416 0.0126434 0.0169412 0.190198 0.0830763 8.6014e-06 9.76301e-07 0.275099 0.000940409 3.09526e-08 0.153337 0.170473 8.10085e-06 1.7433e-05 0.000137608 0.0211047 
0.019749 0.0180775 7.63433e-05 0.000139227 0.0039953 0.0285853 0.00638994 0.00113994 0.00871471 0.0796552 2.30972e-06 3.07061e-07 0.445598 0.00257329 2.88867e-08 0.00408049 0.315178 5.04371e-06 7.45954e-05 0.000449997 0.0655151 
0.00188215 0.00043711 0.000370535 7.33177e-08 0.00212234 0.272118 0.00156802 2.97129e-08 0.00742385 0.0272727 1.48416e-07 5.81858e-11 0.622289 1.49941e-11 9.863e-11 0.000870774 0.0423825 1.1368e-07 0.00245864 2.38303e-07 0.0188041 
0.0126735 0.0232021 0.000981273 0.000116432 0.0517149 0.239423 0.0115336 1.10497e-06 0.0273209 0.046508 3.76436e-05 1.79921e-08 0.545242 0.000112498 7.0479e-07 0.0030334 0.0380967 5.6542e-08 2.3097e-07 3.72009e-07 1.76899e-06 
0.181463 0.0664583 0.00811729 0.00679622 0.00732303 0.0654868 0.0327916 0.00185238 0.0874222 0.132924 0.00094743 1.72568e-08 0.187048 0.0106808 8.19006e-10 0.0111901 0.181651 0.00370983 0.000584853 1.21618e-07 0.0135539 
0.00313166 0.0128174 8.23311e-05 0.00129104 0.00555876 0.222941 0.0159352 0.000183105 0.0115181 0.0283735 9.02212e-05 9.8919e-10 0.651719 0.0038381 9.39151e-05 0.00239186 0.0198161 0.0165668 0.00274598 4.01441e-06 0.000901891 
0.00201477 0.0152967 6.69873e-05 0.000204416 0.0631291 0.0842077 0.000723947 0.000115859 0.0151217 0.0344466 4.20125e-05 1.07735e-05 0.567785 0.000255317 2.99288e-11 0.0195026 0.186012 1.67902e-05 0.00119615 6.58641e-08 0.00985155 
0.00902025 0.0181231 0.00221134 0.00161069 0.00315965 0.0773174 1.02737e-06 0.000271199 0.00472711 0.329452 0.00410898 1.86358e-09 0.477645 0.0188794 3.15892e-09 0.0089558 0.000398043 0.00112022 0.000183621 0.00838651 0.0344288 
0.0473464 0.212701 1.01953e-08 2.91937e-06 0.00482929 0.0714491 0.0187606 0.00361047 0.0776069 0.00584712 0.000232097 1.70598e-06 0.355432 0.00139735 8.48803e-11 0.00815122 0.190597 7.68803e-05 0.000228476 5.40334e-11 0.00172888 
0.148637 0.0178406 0.00819885 0.012318 0.00287697 0.127865 0.0400103 0.000832393 0.0857378 0.0813407 6.53809e-06 6.04009e-06 0.224017 0.0936329 1.39947e-07 0.0033748 0.0380623 0.0107167 0.000164191 6.44305e-06 0.104355 
0.0170563 0.0683408 0.0110707 0.00418325 0.0890409 0.047049 0.00368965 0.0174043 0.184009 0.0819497 0.000837097 0.00078515 0.303459 0.0239909 4.19392e-05 0.00455859 0.124878 0.000119868 0.00189248 2.85949e-05 0.0156152 
0.00232597 0.0121649 0.00089038 0.00126743 0.00443125 0.000344821 3.62301e-08 3.13888e-05 0.0109278 0.00186669 8.97652e-11 1.58123e-07 0.697433 6.9318e-05 9.73817e-08 0.00621361 0.25952 1.03085e-09 2.61306e-07 4.0713e-08 0.00251251 
0.00611896 0.00391932 0.00316662 0.00057788 0.0116404 0.0378235 0.0227672 0.000720768 0.0412914 0.249484 1.83909e-06 0.000237212 0.303095 0.0188738 1.28992e-07 0.143612 0.142146 1.47244e-06 0.000506392 0.000446259 0.0135698 
4.20302e-07 0.000664618 0.205693 3.1293e-06 5.39304e-06 1.74825e-06 0.16133 0.000136155 3.50927e-06 2.23817e-05 8.74142e-06 0.190237 0.385709 0.00666238 0.000250381 0.0455073 0.0030629 3.71961e-06 7.38794e-07 0.000173833 0.000523101 
1.46236e-06 6.02879e-07 6.36191e-06 3.68292e-06 0.00551651 0.0275833 0.294613 0.000181146 0.00703782 0.00156318 0.234543 0.00121411 0.406383 0.0105345 1.0379e-05 0.0107933 4.44714e-07 1.61216e-06 4.98473e-06 6.6071e-06 2.13609e-06 
0.0111313 0.0426071 5.64512e-05 0.00866817 0.00275085 0.138824 0.0153621 0.016705 0.171781 0.0630697 0.000314243 2.16041e-05 0.309551 0.00869094 2.08662e-05 0.0151716 0.141473 0.037141 0.00125894 0.00416485 0.0112362 
0.0150154 0.0843201 5.26041e-05 0.00165934 0.00161849 0.337436 0.00614413 0.00244898 0.0237819 0.0497181 1.13394e-05 3.83759e-08 0.375119 0.00400039 4.98154e-08 0.00407813 0.085736 0.000134657 4.19548e-05 1.86132e-07 0.00868279 
0.00102177 1.14165e-07 1.45836e-05 1.68588e-07 0.00156426 0.0486418 0.0242703 6.8311e-08 0.0155483 0.0115991 0.000870309 1.7104e-07 0.724403 1.52086e-07 4.72631e-10 0.0258005 0.111672 5.68792e-05 0.00181821 5.47831e-07 0.0327185 
0.0122038 0.00512768 9.66131e-09 1.11258e-06 0.000142067 0.0098873 0.000712329 0.000129275 0.0400393 0.0283929 0.00060953 5.26441e-07 0.639942 0.0178805 1.57617e-08 0.000368982 0.15825 2.62757e-07 0.00101395 1.00337e-08 0.0852992 
0.00199165 0.0254758 0.000343745 1.66587e-05 0.0197198 0.0545972 0.0221776 1.13834e-05 0.138399 0.133434 0.00458477 1.79998e-07 0.379977 0.0056369 0.000824665 0.170317 0.0186728 4.40454e-05 5.07014e-05 0.00155807 0.0221672 
0.0144628 0.0716745 0.000585361 0.00909391 0.00848147 0.239467 0.0101478 0.0200673 0.0567402 0.0483134 0.0123878 3.14715e-06 0.241266 0.00963039 0.000255032 0.0333886 0.211023 0.000387624 0.000319065 0.0024756 0.00982996 
0.0117165 0.00708862 9.68255e-06 1.36476e-05 0.00320642 0.090794 0.0332333 0.000781841 0.02288 0.300961 0.000149706 2.10635e-06 0.421351 0.0112168 0.000271409 0.0409548 0.0492502 0.000148268 0.000196206 0.000135135 0.00563907 
0.0048805 0.0615596 8.57046e-08 4.96145e-08 0.00152077 0.00636558 0.0159495 1.36667e-08 0.0496049 0.0469308 0.00375155 8.24861e-08 0.66509 0.00230384 1.39821e-07 0.11685 0.0219853 2.17183e-08 6.71519e-08 3.49664e-06 0.00320377 
0.0840944 0.0568448 3.18464e-05 3.94529e-05 0.0288219 0.0213061 0.00214511 0.00222972 0.0637231 0.0177418 0.000908252 1.24578e-06 0.451912 0.0158169 2.86242e-05 0.00737789 0.161102 5.90664e-05 0.000184908 0.000262792 0.0853684 
0.0128782 0.020397 0.000467934 0.00016416 0.00901737 0.00464093 0.00485081 0.0501978 0.0142872 0.175549 0.000504811 2.87492e-06 0.455788 0.00279671 4.12534e-08 0.0663468 0.068446 4.11934e-06 0.00015257 0.000704448 0.112803 
0.0141084 0.0443877 0.00344668 0.00327942 0.0185793 0.00918507 0.0129369 0.00226698 0.0167313 0.0552546 0.136809 7.97238e-08 0.467779 0.00511062 8.09719e-06 0.18307 0.0103076 0.0110894 0.00350122 0.00065179 0.00149648 
0.0048805 0.0615596 8.57046e-08 4.96145e-08 0.00152077 0.00636558 0.0159495 1.36667e-08 0.0496049 0.0469308 0.00375155 8.24861e-08 0.66509 0.00230384 1.39821e-07 0.11685 0.0219853 2.17183e-08 6.71519e-08 3.49664e-06 0.00320377 
0.0806806 0.0615694 0.00337995 0.00553025 0.0397405 0.130603 0.00517253 0.0174967 0.163925 0.10379 3.56472e-07 1.53209e-05 0.266314 0.00259743 2.35635e-07 0.00951206 0.09169 3.62003e-05 0.000146491 0.00679089 0.011009 
0.0950294 0.0368318 8.59038e-05 0.000312592 0.0285999 0.0673059 0.0813411 7.52482e-05 0.155181 0.0415439 0.000952786 0.00131758 0.162266 0.159551 0.00839608 0.0142681 0.0293921 0.0525108 0.062227 0.000515353 0.00229665 
0.105455 0.031436 0.000417536 0.000320675 0.00786819 0.263392 0.0253786 0.000716358 0.048366 0.0747595 0.000874364 3.01982e-07 0.364423 0.00374719 2.37742e-10 0.0105036 0.0539426 1.71315e-05 0.000537853 6.72189e-05 0.00777665 
0.00501066 0.0311891 5.42024e-05 0.0177113 0.00100247 0.335309 0.00167642 0.00143861 0.00873442 0.0110331 1.99307e-05 1.1418e-07 0.413695 0.000163819 2.42701e-10 0.000791874 0.167594 5.91842e-06 5.3381e-05 2.3233e-07 0.00451599 
0.00681137 0.0372844 0.000159294 0.066498 0.00213675 0.0674012 0.0134864 0.0106308 0.0118984 0.0436371 6.00011e-05 5.0229e-11 0.718251 0.00127523 3.61813e-08 0.00674302 3.55664e-07 0.0100184 0.00258344 8.60969e-09 0.00112453 
0.0150233 0.00122147 1.83545e-05 0.00014069 0.0217686 0.0222139 0.000230573 3.21299e-05 0.0555359 0.000388924 6.18975e-07 1.15677e-06 0.750196 0.0212719 9.77511e-07 0.000395512 0.0219798 0.0876995 8.09801e-05 2.85474e-06 0.00179641 
0.0123787 0.0127896 0.000313943 0.00167653 0.0261335 0.066509 0.0543857 0.000684658 0.02352 0.175901 0.00135372 0.00567334 0.216402 0.0225166 0.0786515 0.0384107 0.128923 0.0164367 0.00176574 0.000157017 0.115417 
0.0186693 0.0584996 0.00287622 0.00866439 0.000519849 0.132721 0.0140507 0.0130227 0.176112 0.067945 0.00768182 3.04059e-06 0.261136 0.0424022 0.0028067 0.00684502 0.146698 0.00934169 0.00882045 0.000170335 0.0210141 
0.0328127 0.132392 0.000934566 0.000366325 0.12176 0.111964 0.0128546 0.00140785 0.0749412 0.0238275 0.00167959 5.07383e-06 0.354424 0.000405003 6.36625e-06 0.00469224 0.0856062 2.96546e-05 0.000183285 0.000182205 0.039526 
0.125092 0.123194 1.14237e-05 0.140869 2.70591e-05 0.0718499 0.0278378 0.040472 0.0436182 0.0319571 3.43983e-05 3.12385e-07 0.331392 0.0028436 1.97771e-05 0.00116294 0.056439 1.93537e-06 0.000153794 8.03175e-07 0.00302294 
0.00667723 0.00355244 2.12921e-05 0.000139599 0.000207711 0.0142071 7.98364e-05 1.6487e-06 0.00887977 0.0878753 1.53061e-10 1.426e-10 0.709111 8.24942e-05 2.4172e-10 0.00710269 0.0479719 9.9522e-08 1.74728e-05 0.000139272 0.113933 
0.024584 0.0544059 0.00170635 0.00417351 0.0471814 0.130147 0.124968 0.0176475 0.0577839 0.0437937 0.00174145 7.52134e-05 0.247509 0.00995372 0.000212475 0.0902368 0.128147 0.00306159 0.0024328 0.000663799 0.00957551 
0.0895549 0.0573294 2.72398e-05 0.0353838 0.0206941 0.139296 0.000150991 0.00319064 0.0462577 0.00392168 3.02687e-07 6.36664e-07 0.396366 0.0077856 7.8388e-08 0.000154574 0.191212 1.50303e-08 0.000118963 2.30116e-10 0.00855493 
0.00188607 0.020171 4.23427e-05 0.000177814 0.000442248 0.0379331 0.00136057 0.0268259 0.0404036 0.0110377 0.000198288 1.09809e-08 0.602183 0.000522124 1.40736e-09 0.00405448 0.135451 6.36959e-06 0.000544453 8.95899e-10 0.11676 
0.0155869 0.0324628 2.69128e-05 0.000346341 0.00705479 0.127841 0.0289577 0.00142617 0.0991579 0.0806269 0.000633808 3.32294e-06 0.458421 0.0205509 0.000331362 0.00551989 0.0895023 9.6098e-05 0.000331779 0.000142414 0.0309799 
0.0287082 0.133468 0.00183235 0.000924828 0.105083 0.016922 0.126475 0.00068366 0.0521849 0.032377 0.0130604 0.000803307 0.339929 0.0128085 2.36665e-07 0.00752062 0.086182 1.91399e-06 0.000249722 0.00576852 0.035017 
0.00813717 0.0498404 1.62114e-09 1.63309e-07 0.206882 0.10069 0.0105616 0.000197233 0.246452 1.71031e-10 3.00911e-07 1.56026e-09 0.284213 0.000148421 2.64477e-09 0.0650641 0.0275287 4.10811e-10 2.84523e-07 1.80107e-06 0.000282514 
0.00916792 0.0378984 6.59031e-06 0.00482447 0.00208506 0.0585158 0.120507 0.00147655 0.0124185 0.00111092 1.56004e-07 1.45343e-07 0.598936 0.000758665 2.46368e-07 0.00366968 0.144403 3.82682e-08 0.000323408 1.56834e-07 0.00389735 
0.0164655 0.0186792 1.30484e-06 8.18923e-05 0.00409323 0.279932 0.00168722 0.00125867 0.0829976 0.0029033 4.03598e-05 1.62727e-07 0.403554 0.00489242 1.32968e-09 0.00286301 0.141359 1.07725e-07 2.81244e-07 2.26205e-07 0.0391905 
0.0057175 0.00608061 1.99528e-05 2.73791e-05 0.00700226 0.0236161 0.0119841 0.0346925 0.00516976 0.110342 3.16905e-05 3.28148e-07 0.567245 0.0230818 0.000968424 0.0064096 0.0939592 0.000162917 0.00626673 5.42701e-06 0.0972164 
0.0100314 0.00084294 5.24278e-07 0.000480603 0.0117671 0.0412724 0.112871 6.65038e-05 0.162218 0.0919684 0.00139318 0.0230247 0.389147 0.124297 7.94722e-06 0.000315289 0.0274974 0.00160939 0.000200251 2.28263e-06 0.000986182 
0.0234423 0.0302602 1.8412e-06 0.000617999 0.0713145 0.0852286 0.0106818 0.000125248 0.0505409 0.154546 2.34281e-07 2.28646e-09 0.465688 0.000813982 0.00276173 0.00797588 0.0729288 0.000116598 4.23196e-05 5.75488e-08 0.0229138 
0.0291476 0.0127789 5.74783e-06 1.07703e-05 4.24096e-05 0.0178587 0.000797903 0.00173634 0.0159583 0.0223771 0.000114484 3.5543e-06 0.652951 0.0101598 4.34856e-07 0.00168273 0.104661 1.96462e-05 0.000281637 0.0986064 0.0308047 
0.0997676 0.0248705 2.03438e-09 1.80921e-05 0.0443509 0.0737155 0.0148682 0.00867075 0.00786017 0.0127794 2.10161e-09 1.20071e-07 0.47189 0.0184413 1.87745e-10 0.000653277 0.138788 6.42687e-08 0.000163434 0.00154631 0.0816165 
0.0196946 0.0530983 0.00204932 0.00189533 0.0225236 0.0528642 0.0335485 0.00713685 0.071144 0.165674 0.00663743 0.000485756 0.360102 0.028975 0.00183675 0.0275773 0.111742 0.00266777 0.00211901 0.0023986 0.0258303 
0.0812487 0.0747777 0.0147438 0.00779565 0.0026337 0.0575312 0.0540288 0.0178245 0.0976699 0.0397226 0.00100194 4.75472e-06 0.338131 0.0131591 9.26514e-06 0.112942 0.0700102 4.03435e-06 3.16803e-07 4.19912e-07 0.0167603 
0.0056848 0.0510864 1.22834e-05 0.000518656 0.00216842 0.0200669 0.0276016 0.00935698 0.0726347 0.287548 0.000400969 2.20809e-06 0.312166 0.0063526 1.25801e-08 0.00617916 0.191072 1.94862e-05 0.000652451 0.00188934 0.00458701 
0.019727 0.0132987 0.000112666 0.000486354 5.86936e-06 0.0215843 0.00528067 0.00731799 0.0738449 0.0553088 2.09968e-07 9.06892e-06 0.669535 0.037358 9.19895e-06 0.00156114 0.032531 3.43409e-05 0.0109778 2.02893e-08 0.0510166 
0.0187769 0.0425058 1.0583e-05 0.00165444 0.00288841 0.127787 0.0306791 0.0244033 0.094343 0.0354977 0.00309951 4.60357e-06 0.467022 0.0100619 1.11161e-06 0.0570307 0.0713969 0.00131281 0.00110329 0.000303449 0.0101173 
0.0380607 0.00386343 0.000478894 0.000388176 0.0622089 0.198176 0.00335387 3.21859e-05 0.00788225 0.00681009 0.0522625 2.11067e-05 0.426478 0.00480765 1.20415e-06 0.0137174 0.174099 4.5821e-06 0.000245084 2.25908e-09 0.00710863 
0.000458098 1.63243e-08 5.97598e-11 1.43497e-08 0.00429338 0.223152 0.0317895 6.0193e-09 0.0112976 0.166594 2.76773e-05 5.75155e-11 0.532494 9.61807e-08 9.74938e-11 0.012025 0.0173331 2.76439e-08 0.000446296 6.35399e-09 8.85767e-05 
0.00359264 0.0153791 0.0164418 0.000135451 0.0210192 0.11587 0.121645 0.00125232 0.12443 0.0403944 5.99774e-05 9.99657e-06 0.252389 0.00798429 3.86214e-07 0.0415211 0.225947 0.000624166 0.000309313 6.35789e-05 0.0109311 
