0.0393538 0.108468 0.00143466 0.000604575 0.0170994 0.049172 0.0410992 0.0260508 0.107009 0.127995 0.000434117 0.000198567 0.164684 0.0544318 1.51669e-05 0.0329058 0.163939 0.00061398 0.0108647 0.00181165 0.0518144 
0.00611659 0.0177357 1.94809e-05 2.48169e-09 1.45821e-06 0.0998057 0.00869323 0.00425804 0.13958 0.249808 4.66603e-06 1.04114e-05 0.260908 0.0201524 6.99375e-09 0.0869783 0.100211 0.000113839 0.000454319 0.000306801 0.00484125 
0.00224705 0.00609611 0.000727865 0.000206811 0.0116645 0.0415912 0.0112029 0.000149541 0.00397245 0.0041155 4.1738e-11 7.68041e-05 0.595649 0.000806811 3.49641e-08 0.00421994 0.302789 5.22011e-06 0.00392646 1.03586e-05 0.0105426 
0.0131815 0.0179175 0.000355756 6.25753e-05 0.0465686 0.0285385 0.00192481 0.00379279 0.0301034 0.0276534 0.000174593 4.84182e-09 0.52341 0.00131122 9.69061e-09 0.0255889 0.200481 3.13546e-09 1.39161e-05 6.04631e-05 0.0788613 
0.0274837 0.143663 0.000860206 0.00246698 0.00607712 0.0835883 0.00474256 0.00422013 0.0952369 0.034785 0.000620986 7.69203e-05 0.372898 0.0136779 8.37243e-07 0.0203082 0.181698 3.30851e-05 4.47774e-05 1.10942e-07 0.00751701 
0.00707216 0.0266693 0.00383921 0.00355376 0.0149992 0.120229 0.0164726 0.00114075 0.0217894 0.118663 0.070142 2.82495e-06 0.302189 0.0176492 1.65937e-05 0.0284187 0.0720696 0.166397 0.00389688 0.000624395 0.00416628 
0.0555662 0.077625 8.39347e-05 0.00243081 0.0133544 0.0686956 0.000824443 0.001283 0.286583 0.0138777 1.78888e-05 1.73391e-06 0.317894 0.0388886 0.0337573 0.000966083 0.0754965 7.63696e-05 0.00170902 0.00638317 0.00448601 
0.0255068 0.0478779 0.000132086 0.000139162 0.000402533 0.0170572 0.0187214 0.00191264 0.134087 0.00774197 4.75e-06 7.10474e-06 0.562152 0.0116497 0.00513107 0.0101512 0.145603 1.58158e-05 0.000472709 0.0017559 0.00947868 
0.00173389 0.00131791 0.00213715 8.99294e-05 0.0040423 0.00350266 0.00361377 0.000129111 0.261006 0.115627 0.000826865 1.37324e-05 0.323806 8.45361e-12 5.56071e-11 0.0451598 0.199719 1.07134e-08 1.07846e-06 2.56147e-07 0.0372727 
0.006265 0.0327064 0.000184322 0.000186217 0.0373792 0.0164001 0.00760032 0.0118859 0.0342309 0.00664693 1.06761e-06 1.58957e-05 0.532523 0.000248367 1.69427e-08 0.0138586 0.293889 2.38584e-06 0.000602082 1.3473e-06 0.00537265 
0.028799 0.0825136 0.00203546 0.00341931 0.0107792 0.115839 0.203768 0.0141513 0.0148716 0.0942512 7.77241e-05 4.16634e-06 0.206249 0.0454778 0.016112 0.00207744 0.115973 0.000891066 0.0100816 0.00905124 0.0235782 
0.16295 0.0756645 3.71403e-05 0.000214253 0.00411567 0.00832108 0.0197942 1.26653e-05 0.111736 0.167223 0.000369673 2.0789e-09 0.167533 0.165497 0.00535018 0.00310854 0.00473268 0.0600124 0.000640013 3.25511e-07 0.0426875 
0.0339389 0.1005 0.00221203 0.0084461 0.032661 0.128983 0.0294363 0.0174881 0.103486 0.157388 0.00201336 8.41568e-05 0.194167 0.0116469 6.32025e-05 0.0125738 0.149876 0.000486171 0.0031311 0.000218317 0.0112 
0.00786664 0.0461676 0.0154167 0.0036167 0.0420272 0.158535 0.0540093 0.0121538 0.0470744 0.0288091 0.000419392 3.36142e-06 0.292401 0.00145343 1.52508e-07 0.0875139 0.191059 0.00010636 0.00907466 8.73707e-05 0.00220473 
0.013995 0.0537002 1.17833e-05 4.23128e-07 0.0176135 0.168725 0.00675261 0.00201287 0.193203 0.0226374 7.73207e-07 2.67738e-10 0.43884 2.01283e-06 4.92824e-06 0.00452438 0.0761525 1.99575e-05 2.64068e-06 1.56429e-05 0.00178555 
0.0113818 0.0171297 7.70067e-06 0.000788256 0.00160928 0.0706666 0.00176453 4.48107e-05 0.0281116 0.256696 3.80754e-05 1.73825e-06 0.55188 0.00300985 1.43372e-07 0.00108883 0.00838529 2.52175e-05 0.000355688 1.52771e-05 0.0469991 
0.012725 0.00718884 0.00139389 0.000939244 0.0200646 0.0476128 0.0207337 0.000213322 0.0286553 0.0422291 0.00388405 3.14376e-06 0.483084 0.00198418 2.78041e-10 0.0142436 0.289604 1.93711e-05 0.00695314 1.1251e-07 0.0184693 
0.00950993 0.00976452 8.30955e-06 0.00236658 0.00635546 0.00668314 0.00962032 0.000113974 0.0105539 0.241523 0.00543687 5.68004e-08 0.357227 0.00491175 4.74576e-10 0.0990878 0.173872 3.43864e-05 0.000799358 0.00279971 0.0593318 
0.00951576 0.0418421 0.000169878 0.00884007 0.0139049 0.170868 0.0140493 0.000266176 0.0250198 0.124948 0.00147369 4.28063e-06 0.339429 0.00188601 2.13016e-09 0.0185167 0.20205 5.99293e-05 8.70844e-06 3.32945e-05 0.0271149 
0.0205797 0.0274953 0.0442055 0.000719157 0.0123888 0.151109 0.0758464 0.00295397 0.0543651 0.149358 0.0021765 0.000618977 0.233356 0.00709683 0.00183435 0.0334196 0.151171 0.00305794 0.00376137 0.00118028 0.0233062 
0.0254099 0.04024 9.24281e-06 0.0253243 0.00225109 0.0677027 0.0229462 0.00181223 0.0503691 0.0315529 0.000165419 3.12155e-07 0.36597 0.00931267 1.56295e-07 0.0142314 0.272409 0.000698062 0.00073446 0.00182572 0.0670349 
0.0227056 0.0067246 1.54989e-07 0.000260454 0.00127005 0.109752 0.0176169 0.00220721 0.180288 0.131164 3.46861e-07 3.34692e-10 0.241579 0.184882 5.67332e-10 0.0100382 0.0669598 0.00160053 0.00257866 0.000552014 0.0198208 
0.01749 0.0474958 4.61099e-06 0.0025619 0.0225163 0.129378 0.0768661 0.0104669 0.07181 0.022859 0.000106726 0.0967911 0.369738 0.0125354 1.55581e-06 0.0650486 0.0535745 0.000129801 0.000116942 2.18662e-05 0.000487195 
0.0036972 0.00867263 0.00082939 0.00888542 0.00346264 0.0665916 0.0243477 0.00269644 0.0303218 0.205972 0.000225195 3.88225e-07 0.357879 0.000367209 1.16618e-05 0.0465184 0.215962 0.0113988 0.000500992 2.77525e-06 0.0116566 
0.00200493 0.0270894 4.09121e-05 0.00243895 0.00934122 0.00344746 0.15978 0.000484832 0.0126851 0.0450942 0.000453151 2.69575e-06 0.590699 0.00138041 1.76429e-07 0.0357173 0.095367 0.00124611 0.00455524 8.81511e-05 0.00808353 
0.00117804 0.00374052 2.8467e-05 2.47628e-05 6.27007e-05 0.0144646 1.75759e-05 3.25441e-06 0.0309981 0.141331 1.67293e-05 3.90359e-06 0.425459 0.276161 1.60333e-08 0.0500039 0.0328811 0.00415176 8.70017e-06 1.02065e-08 0.0194637 
0.0137273 0.0343795 0.000196122 0.000310207 0.0105726 0.0340344 0.00893084 0.018635 0.0272496 0.150524 0.00025409 1.63497e-07 0.583023 0.00532377 0.0510245 0.0153407 0.0274086 0.00308986 0.0002691 6.01262e-05 0.0156459 
0.0155817 0.0475488 0.000104112 0.000516197 0.0134639 0.0770595 0.0349456 0.0190205 0.0482519 0.0502269 0.0028605 1.48773e-06 0.470995 0.00195716 2.44868e-07 0.0136636 0.165684 3.47329e-05 0.000860309 0.000158401 0.0370652 
0.0157665 0.0205222 6.84625e-10 2.59332e-05 0.0025303 0.0415733 0.00683046 0.000772824 0.0609312 0.0118947 0.000241902 7.21269e-08 0.587037 0.00575669 1.11692e-09 0.00221762 0.228546 1.92318e-05 7.92384e-07 7.1101e-10 0.0153334 
0.121083 0.020323 0.000312107 0.000447689 0.00753115 0.257373 0.0212041 0.00918511 0.0145048 0.0462203 0.000221623 5.84043e-07 0.392621 0.00168272 1.3727e-11 0.000821254 0.0896815 3.17441e-05 0.0010062 0.000118024 0.015631 
0.00357823 0.0250119 1.278e-08 0.000202117 0.0946081 0.0180923 0.0228328 0.0321592 0.0769662 0.00545389 0.000486513 9.45495e-09 0.574918 0.00592822 7.06281e-06 0.0215049 0.107558 5.23665e-05 4.3422e-05 0.000200887 0.0103957 
0.0270886 0.0366117 0.000420531 0.027331 0.000576725 0.0439872 0.00600462 0.0254788 0.0370126 0.288112 0.000136841 5.08974e-06 0.363154 0.00674438 0.00204458 0.00846659 0.103628 0.000258217 0.00128349 7.1352e-06 0.0216479 
0.0802467 0.0239351 0.00050037 0.000174299 0.015417 0.185555 0.0142531 0.00801391 0.0296196 0.0235567 0.00590104 1.66727e-06 0.463353 0.0106678 1.30524e-07 0.0138144 0.101284 0.000203034 0.00740248 5.00051e-05 0.0160508 
0.012831 0.0202797 5.19468e-08 0.000553663 0.000763389 0.0114997 0.00733566 0.0197939 0.086556 0.00634186 2.0619e-06 1.49428e-05 0.418137 0.0632094 0.000462309 0.00389627 0.344698 1.89093e-05 2.7962e-07 0.000143458 0.0034617 
0.00865388 0.0510193 0.00104267 0.000562762 0.0224118 0.0987914 0.070093 0.0102435 0.0205077 0.142868 0.00344148 0.00409351 0.364932 0.00463376 0.00111897 0.0726187 0.108725 0.00174354 0.00134906 7.12207e-05 0.0110791 
0.0245475 0.00831751 0.127713 0.00103508 0.00306311 0.0205849 0.122278 0.00113108 0.00981204 0.232689 0.00759765 7.21057e-05 0.282309 4.20589e-05 9.08971e-08 0.136083 0.010653 4.2652e-05 0.000127465 3.28948e-05 0.011869 
0.0676297 0.03177 0.000382122 9.53438e-07 0.0613118 0.0852878 0.0191741 9.53946e-07 0.039303 0.0305294 9.52877e-07 9.52963e-07 0.375105 0.135637 0.0341829 9.53816e-07 9.54057e-07 0.0670554 0.0387954 9.52874e-07 0.01383 
0.000236304 0.0138382 1.03403e-05 3.15478e-06 0.000456357 0.00471871 0.0109367 0.0026386 0.0388308 0.0104973 2.33916e-06 8.35035e-09 0.618738 0.000135463 2.48424e-11 0.0306822 0.263963 4.64878e-06 2.26349e-05 2.69326e-08 0.00428481 
0.0132632 0.0508199 0.00332575 0.00568851 0.0117865 0.0663536 0.0251169 0.0141427 0.0478072 0.0842867 0.00111088 3.70627e-05 0.266354 0.0478411 5.23381e-05 0.122878 0.193662 0.00168292 0.00577791 0.000983063 0.0370302 
0.0601544 0.0399061 0.00280234 0.000576907 0.0316586 0.156745 0.00748647 0.00237727 0.0230511 0.0312278 9.14202e-05 1.55158e-07 0.599775 0.000101458 3.9517e-05 0.0112951 0.0323198 9.34511e-07 4.47585e-06 1.27515e-06 0.000384954 
0.000248295 0.00562314 7.75328e-06 2.64028e-07 0.000559595 0.0482873 1.25091e-06 0.0131728 0.000469854 0.0202994 0.00151276 4.96836e-08 0.547119 3.66133e-07 0.000528359 0.361347 0.000651661 5.41786e-05 6.46257e-07 1.36306e-09 0.00011674 
0.0252099 0.0580889 7.18436e-05 4.28458e-05 0.0371162 0.0137312 0.011772 0.0167776 0.182105 0.0321052 2.01524e-06 1.74435e-05 0.394774 0.00844248 0.00721055 0.00364487 0.182204 2.53756e-06 6.68434e-05 0.000640554 0.0259744 
0.0161432 0.0344141 0.000511895 0.000105725 0.0531211 0.114509 0.00222336 0.0181762 0.0213486 0.0579815 3.84924e-05 4.664e-07 0.50348 0.000383462 0.000391717 0.0534462 0.0876438 0.0260291 4.11418e-05 1.70984e-10 0.01001 
0.00195721 0.0267161 1.41369e-05 0.0508474 1.18464e-05 0.00106622 1.19564e-06 0.000156626 4.2574e-05 0.000245798 1.44706e-05 8.89661e-06 0.900778 0.00276157 8.83997e-05 0.00721874 1.37628e-05 0.00560037 4.66911e-05 8.66544e-07 0.00240934 
0.00135157 0.00760977 0.00123641 2.01301e-05 0.000960434 0.12919 0.000457837 0.00313371 0.238578 0.0420466 0.000714827 3.11254e-08 0.445189 0.0223831 3.52594e-09 0.0116837 0.0812819 8.36514e-05 4.54056e-05 7.27856e-07 0.014034 
0.00279686 0.0379154 4.30809e-05 0.000556139 0.00802526 0.0959762 0.00943888 0.000413341 0.048779 0.0321027 0.000237215 4.28e-07 0.438828 0.0014568 9.95727e-10 0.018769 0.290019 4.84946e-05 0.00317105 0.000491207 0.0109317 
0.0827354 0.000511512 3.27853e-08 1.89795e-08 0.202568 0.0290345 3.22399e-05 5.22804e-09 0.0315543 0.00248011 1.60153e-05 3.15541e-08 0.284828 0.000985304 5.34869e-08 0.000187815 0.087273 8.30809e-09 3.31884e-05 4.04856e-05 0.277721 
0.014816 0.0267104 0.01085 1.21411e-06 0.00297626 0.0440602 0.0432545 0.068058 0.041414 0.135474 0.000132574 2.69059e-06 0.329341 0.0306608 7.65348e-11 6.18756e-05 0.236695 6.21126e-06 0.00017664 6.848e-08 0.015308 
0.0208431 0.0281829 0.000672784 0.000118051 0.0702336 0.0031137 0.0010276 0.00154849 0.0465328 0.113514 0.00121334 4.10909e-05 0.585184 0.00585796 0.0444072 0.00284335 0.0283837 3.12034e-05 0.000137869 9.46633e-05 0.0460191 
0.00255027 0.0104931 1.31907e-05 0.0127203 0.0153137 0.261455 0.0312617 0.00945845 0.00730224 0.00793367 8.99226e-11 6.92979e-08 0.519924 0.000158861 1.42009e-10 0.00271886 0.118479 4.61737e-07 5.54542e-05 9.04008e-11 0.000161828 
0.0169248 0.0140398 0.00160297 0.000546191 0.0111137 0.260828 0.00146206 0.0442478 0.0047438 0.0904222 4.14726e-05 2.27131e-05 0.369013 0.000121573 1.36992e-11 0.0103401 0.167105 6.45102e-06 0.000496819 1.35929e-08 0.00692176 
0.00014821 2.42827e-05 4.86007e-05 6.2494e-05 0.00219071 0.18486 0.223694 1.15182e-05 0.00361643 0.18755 0.000276716 8.24521e-09 0.276214 0.000113467 4.48512e-08 0.0142568 0.0720316 0.0201423 0.00050861 0.000205893 0.0140443 
0.00407405 0.00761933 0.00239054 0.000292564 0.000917743 0.165598 0.0190397 0.0208296 0.0152069 0.110092 0.00486364 1.78758e-07 0.477403 5.88519e-06 1.40826e-08 0.0174364 0.0357098 0.0853316 0.000327397 4.65996e-05 0.0328149 
0.0132044 0.0320801 9.0257e-09 1.48831e-05 0.00587016 0.0408109 0.0106678 1.43926e-09 0.0575982 0.0299528 0.000519164 8.68675e-09 0.519122 0.0074496 1.47248e-08 0.000160632 0.270993 0.000334201 2.83362e-06 5.9973e-06 0.0112126 
0.0216281 0.00117664 9.6414e-07 0.000634201 0.0286952 0.0952123 0.0089105 0.000133729 0.0509657 0.175632 0.0015046 1.28531e-06 0.348928 0.0323474 0.00167619 0.0631793 0.0557083 0.0831452 0.0217145 5.77235e-05 0.00874843 
0.0024411 0.0224333 0.000330114 0.000509449 0.00752028 0.26918 0.0336377 0.0015752 0.0227286 0.0779713 0.0488283 0.00170417 0.353354 0.000651197 2.00722e-07 0.00368221 0.145716 0.000357454 0.000151086 4.46997e-05 0.00718413 
0.0217629 0.0279758 0.000578321 0.00508208 0.00491392 0.0667295 0.0263478 0.0177752 0.0505046 0.186653 0.00697139 0.000947864 0.206806 0.0277304 0.000830319 0.115507 0.202827 0.00181251 0.00200876 0.00170622 0.0245298 
0.00201477 0.0152967 6.69873e-05 0.000204416 0.0631291 0.0842077 0.000723947 0.000115859 0.0151217 0.0344466 4.20125e-05 1.07735e-05 0.567785 0.000255317 2.99288e-11 0.0195026 0.186012 1.67902e-05 0.00119615 6.58641e-08 0.00985155 
0.00913767 0.0135802 6.77602e-08 3.57073e-05 0.00147816 0.0205006 0.0163338 0.00151061 0.00382486 0.0189444 1.07082e-06 2.04385e-07 0.754239 0.000225928 1.91611e-10 0.00262313 0.0660375 1.02711e-08 7.99601e-05 0.000191138 0.0912558 
0.00300042 0.0484213 0.00212449 1.78973e-05 0.0583462 0.00508644 0.00786387 0.000302806 0.007908 0.161695 0.000175156 4.50112e-07 0.44043 0.0378294 1.42173e-06 0.156568 0.0415603 2.22067e-05 0.000106904 0.000157661 0.0283828 
0.00322162 0.0523868 0.0717193 0.00178003 0.00430678 0.269274 0.0403666 0.00162353 0.067629 0.122981 0.00389799 1.8074e-05 0.304196 0.000125888 2.11139e-06 0.0217107 0.0268144 0.00369903 0.000963082 0.000348782 0.00293544 
0.00294874 0.0615962 0.000107594 0.000223532 0.000172023 0.102307 0.00459738 0.000122291 0.00247832 0.116048 0.00134239 5.02952e-05 0.66958 0.000115759 0.0052955 0.0111467 0.0206106 0.00021273 0.000662844 0.000320422 6.15826e-05 
0.0138016 0.0266688 0.00106692 0.000896449 0.00628507 0.15426 0.00356633 0.00795813 0.0181366 0.209228 0.00221427 3.33187e-06 0.429157 0.00491989 4.26693e-08 0.0296493 0.0725845 2.27541e-05 0.00129965 0.00187625 0.0164054 
2.29831e-07 1.2932e-06 2.05637e-07 0.000829201 0.00281064 0.0101805 0.00801464 0.000274379 0.0244709 0.0330324 0.0227735 9.83317e-11 0.885013 0.000155231 7.1892e-07 0.0101474 0.00159986 4.72001e-07 7.70866e-05 1.06106e-10 0.000618262 
0.0292412 0.0355109 4.08012e-09 0.00155425 0.0180682 0.00102601 0.00394891 6.50628e-10 0.0224437 0.0225813 1.65714e-06 3.9269e-09 0.333639 0.0926616 4.2914e-05 0.215274 0.147629 1.39764e-06 0.00367366 1.85058e-06 0.0726999 
0.0101908 0.0412349 0.00116675 0.00146207 0.00536896 0.0191667 0.0345441 0.00244654 0.0371354 0.212647 0.00614073 0.00380703 0.424107 0.0177295 0.000289604 0.0840831 0.0531668 0.00274238 0.00136109 0.0015558 0.0396538 
0.0167388 0.0478138 0.00340919 0.00424951 0.0471233 0.133202 0.150323 0.0147683 0.07902 0.0646292 0.00329713 0.00200299 0.200164 0.0125779 4.03006e-06 0.0569928 0.151002 0.00233363 0.000983566 0.000314039 0.00905076 
0.00148331 0.00170438 3.09156e-05 2.76423e-07 0.00278506 0.00118817 0.00494758 0.00107482 0.214256 0.097414 1.13729e-05 4.18534e-08 0.561542 0.00375731 7.03675e-07 0.0116358 0.0489537 1.1828e-06 1.16495e-06 1.6392e-08 0.0492121 
0.0323267 0.00766588 4.25216e-05 0.000146584 0.0239837 0.0101553 0.000415209 7.30776e-05 0.00583079 0.000839283 4.61404e-11 4.29871e-11 0.697723 6.21382e-05 7.28668e-11 0.00726302 0.196722 3.98477e-08 3.49957e-11 4.63858e-11 0.0167502 
0.0163918 0.0303331 0.000157413 9.92967e-05 0.00213418 0.0193721 0.203586 1.15676e-05 0.0158586 0.0539774 0.0102284 0.000748938 0.309081 0.0122473 4.42379e-07 0.109399 0.21336 5.90023e-06 0.000909933 1.09951e-07 0.00209802 
4.20302e-07 0.000664618 0.205693 3.1293e-06 5.39304e-06 1.74825e-06 0.16133 0.000136155 3.50927e-06 2.23817e-05 8.74142e-06 0.190237 0.385709 0.00666238 0.000250381 0.0455073 0.0030629 3.71961e-06 7.38794e-07 0.000173833 0.000523101 
0.0155167 0.0375032 1.49474e-07 0.00296574 0.000205929 0.0140661 0.0129839 0.00031742 0.029777 0.00516461 0.0113863 3.79959e-05 0.782397 0.000984988 1.46261e-05 0.00192772 0.0670554 0.00644972 1.17117e-07 0.00180726 0.00943847 
0.00260217 0.0176956 0.000573297 2.97654e-05 5.51694e-05 0.266813 0.0931777 0.00350505 0.0706358 0.027955 0.000153056 3.05669e-08 0.273276 0.00308936 5.18136e-08 0.0961569 0.0618173 4.80439e-05 0.000267831 3.84183e-05 0.0821103 
0.0110692 0.0342338 9.62296e-06 0.00914415 0.000780661 0.261048 0.0299058 0.0170201 0.0545511 0.0299665 4.29281e-07 2.3211e-08 0.326251 0.0205937 1.64996e-09 0.00353479 0.201346 1.19394e-05 9.01816e-07 1.05034e-09 0.000531723 
0.00168135 0.022717 0.000254773 0.000110506 0.00331741 0.00501452 0.0136433 5.64867e-05 0.051353 0.262715 0.000268338 0.000817747 0.374734 0.0100331 1.73979e-05 0.195662 0.0539873 2.14014e-05 0.00143565 5.65985e-10 0.00215976 
0.0132382 0.136822 0.00252461 6.50281e-05 0.00491576 0.0360503 0.0011396 0.115775 0.0314135 0.0568216 8.45657e-05 4.48466e-05 0.345784 0.00588284 1.0549e-09 0.00464871 0.235238 3.77178e-06 0.000584164 0.00761718 0.00134685 
0.0412154 0.036202 7.95768e-05 0.000172034 0.00362469 0.0663426 0.0127239 0.0071395 0.0291689 0.110537 0.00122713 3.98545e-07 0.342095 0.00482842 0.000306314 0.0152691 0.270694 0.00173525 0.000237067 8.70037e-05 0.0563143 
0.0284496 0.0896831 0.00014005 0.000564874 0.0151731 0.0466857 0.0234856 0.0578283 0.108843 0.0546718 0.000690011 5.75359e-05 0.260389 0.155045 2.86993e-06 0.0221173 0.114432 6.76077e-05 0.00669931 0.000689436 0.0142853 
0.0193984 0.0642388 3.54272e-06 0.000582107 0.0341918 0.0469554 0.00945067 5.72805e-05 0.0449244 0.138507 3.42083e-05 9.515e-07 0.489523 0.00654518 0.010648 0.0153149 0.0657129 0.000126598 2.14182e-05 1.0998e-05 0.0537525 
0.0286051 0.0745563 2.6236e-05 0.00774414 0.0252684 0.0649766 0.00121423 0.00877649 0.302295 0.00779069 2.0499e-05 1.55224e-07 0.435808 0.00102599 1.24113e-05 0.00317715 0.0249605 0.00156949 0.00157695 0.000292632 0.0103032 
0.00606654 0.0258487 1.17531e-05 0.0322515 0.0132234 0.0384672 0.00319772 0.0335675 0.034601 0.0119804 1.66319e-05 0.000424877 0.439838 0.0296809 7.36654e-05 0.00945337 0.318363 5.45894e-05 0.000138524 0.000393682 0.00234658 
0.0134981 0.0323226 0.006829 0.00035209 0.00319545 0.178632 0.0133166 0.0199209 0.0218757 0.0602308 0.00240191 3.70991e-07 0.305853 0.0159274 2.95681e-07 0.0328564 0.0858652 0.00075192 0.122327 0.0042344 0.0796092 
0.0667105 0.0784991 6.87146e-06 0.00870197 0.00672432 0.020373 0.0275849 0.0131106 0.052757 0.0440652 0.000552184 3.84752e-07 0.353909 0.0217885 1.63172e-05 0.0140843 0.252539 4.39983e-05 0.000136536 0.000117949 0.038278 
0.024561 0.0818886 0.00157111 0.00140662 0.000728791 0.0185046 0.0069492 0.00530926 0.179896 0.0971085 9.94566e-05 6.11228e-06 0.247144 0.207674 1.9264e-06 0.00506334 0.0903848 0.00145801 0.00957528 0.000225 0.0204445 
0.0279755 0.0147336 6.93627e-05 0.000873811 0.00914705 0.15093 0.0103564 0.0048056 0.0309572 0.0373098 0.00314766 2.82183e-05 0.338994 0.00995937 0.000239247 0.153661 0.108745 9.69356e-05 0.00688209 0.00182385 0.089265 
0.0719442 5.25193e-06 5.24585e-06 5.2487e-06 5.24913e-06 5.25174e-06 5.25119e-06 5.25149e-06 0.0955813 0.0336171 5.24561e-06 5.24608e-06 0.758345 5.2509e-06 5.24158e-06 5.25078e-06 5.2521e-06 0.0120822 0.00945035 5.24559e-06 0.0189064 
0.000774185 0.00204513 5.00507e-05 6.67047e-06 0.00254918 0.00801872 0.00415995 0.00893039 0.0130223 0.223453 2.37883e-05 4.02165e-07 0.568103 0.00176906 1.85976e-06 0.00888181 0.152249 1.58483e-08 1.22828e-05 3.97506e-05 0.0059091 
0.0692061 0.0210674 3.10087e-06 6.90562e-05 0.00415439 0.1197 0.00907833 7.20793e-06 0.0935843 0.0734195 7.19551e-05 4.93803e-06 0.48273 0.0132838 0.000176227 0.0133337 0.0682128 0.000104361 0.000763561 1.05921e-08 0.0310296 
0.00841586 0.020143 7.05285e-05 0.00190151 0.00866268 0.0923905 0.0169177 0.00316976 0.0454026 0.10282 0.00255797 3.80167e-07 0.338694 0.000903292 2.42463e-07 0.0792947 0.263111 8.61698e-05 0.000896165 0.00138961 0.0131724 
0.000874599 0.00606618 1.20233e-06 7.80738e-05 0.0031912 0.136973 0.102663 0.000360252 0.0540286 0.267063 0.00422072 6.74999e-06 0.275376 0.0127799 3.60157e-05 0.0449305 0.0539011 7.2408e-05 8.55108e-05 0.0356677 0.00162534 
0.000799155 0.000675843 2.71438e-05 3.05303e-05 0.00206215 0.128252 0.0107193 8.20003e-05 0.00787283 0.201575 4.37844e-05 1.99878e-09 0.238507 0.00292107 3.3881e-09 0.00283404 0.217226 3.23894e-05 7.0173e-05 3.17239e-06 0.186267 
0.00137258 0.00849127 0.000108276 0.00104509 0.121843 0.0025221 0.00256505 0.00967377 0.134999 0.0354177 4.52425e-05 0.000916978 0.523134 0.0345558 3.13822e-05 0.00170997 0.107265 0.000169677 0.00495268 4.53735e-07 0.009181 
0.00335676 0.000346781 0.00107513 4.37582e-05 0.0041604 0.0116427 0.0973581 7.83852e-07 0.0597441 0.100955 0.000682404 0.00407015 0.337826 0.00114275 0.00912555 0.314313 0.0135988 3.45552e-06 0.00036264 0.000525268 0.0396662 
0.0112827 0.0843591 0.000621574 0.00149349 0.00151987 0.264021 0.00559364 0.00947312 0.0644608 0.162957 0.000199995 6.60928e-06 0.289557 0.00755616 1.42229e-06 0.0117542 0.073265 0.00112615 0.00170133 0.00241469 0.00663474 
0.0364445 0.066195 0.000678338 0.000650159 0.012088 0.147371 0.019307 0.0110934 0.121881 0.060045 0.00147616 7.4726e-05 0.339085 0.011732 2.55827e-06 0.0154613 0.120959 0.00322483 0.00265316 0.00169455 0.027884 
0.0046208 0.0387677 0.0019585 0.0173329 0.00396547 0.12587 0.0343537 0.0311416 0.0199605 0.097293 0.0604957 7.77608e-06 0.398215 0.00616009 6.48942e-09 0.0484796 0.100193 0.00264651 0.000541759 0.000190681 0.00780562 
0.181463 0.0664583 0.00811729 0.00679622 0.00732303 0.0654868 0.0327916 0.00185238 0.0874222 0.132924 0.00094743 1.72568e-08 0.187048 0.0106808 8.19006e-10 0.0111901 0.181651 0.00370983 0.000584853 1.21618e-07 0.0135539 
0.0473464 0.212701 1.01953e-08 2.91937e-06 0.00482929 0.0714491 0.0187606 0.00361047 0.0776069 0.00584712 0.000232097 1.70598e-06 0.355432 0.00139735 8.48803e-11 0.00815122 0.190597 7.68803e-05 0.000228476 5.40334e-11 0.00172888 
0.014816 0.0267104 0.01085 1.21411e-06 0.00297626 0.0440602 0.0432545 0.068058 0.041414 0.135474 0.000132574 2.69059e-06 0.329341 0.0306608 7.65348e-11 6.18756e-05 0.236695 6.21126e-06 0.00017664 6.848e-08 0.015308 
0.00611896 0.00391932 0.00316662 0.00057788 0.0116404 0.0378235 0.0227672 0.000720768 0.0412914 0.249484 1.83909e-06 0.000237212 0.303095 0.0188738 1.28992e-07 0.143612 0.142146 1.47244e-06 0.000506392 0.000446259 0.0135698 
0.00191119 0.00277458 8.66865e-09 1.56057e-05 0.00171346 0.00122068 0.00045141 1.33566e-05 0.0130698 0.00631164 1.07714e-10 1.2588e-07 0.944776 0.00665959 6.74143e-06 0.00266631 0.00726579 5.67188e-05 0.00751897 7.08978e-08 0.00356816 
0.000687056 1.93107e-08 4.89726e-11 1.58851e-08 0.00436806 0.303599 0.0265474 7.11779e-09 0.0130986 0.145323 4.13743e-05 4.71334e-11 0.471627 9.69342e-08 7.98953e-11 0.0140364 0.0201964 3.06167e-08 0.000474099 6.39226e-09 1.83225e-06 
0.00430745 0.0144002 0.000149908 0.000884946 0.00199582 0.00201466 0.00386049 0.0117885 0.0132871 0.202921 0.000662595 1.81271e-06 0.410117 0.0110689 5.07384e-06 0.0409489 0.128266 0.000793649 0.000131845 0.000571156 0.151823 
0.0037845 0.0704112 0.000574371 6.75595e-06 0.00270058 0.12368 0.0340941 0.0024469 0.0318213 0.167534 0.000353603 3.65184e-07 0.338851 0.00417425 1.18213e-07 0.0474019 0.166133 2.15549e-05 0.00187751 0.000744586 0.00338877 
0.0214403 0.0185242 0.000595434 0.000635984 0.0134292 0.105517 0.0895283 0.0019577 0.133463 0.0739981 0.00291979 4.52538e-05 0.295783 0.0144396 2.10324e-07 0.0325815 0.171866 0.000690564 0.000549379 0.00340297 0.0186328 
0.0676297 0.03177 0.000382122 9.53438e-07 0.0613118 0.0852878 0.0191741 9.53946e-07 0.039303 0.0305294 9.52877e-07 9.52963e-07 0.375105 0.135637 0.0341829 9.53816e-07 9.54057e-07 0.0670554 0.0387954 9.52874e-07 0.01383 
0.0812078 0.0147876 4.53238e-05 0.000933889 0.0481125 0.00414682 0.0988512 3.81108e-05 0.0156782 0.0373437 0.000196119 0.000159804 0.250801 0.0206412 0.0923448 0.0327692 0.0652236 5.05068e-05 0.00111056 5.3871e-05 0.235505 
0.0117165 0.00708862 9.68255e-06 1.36476e-05 0.00320642 0.090794 0.0332333 0.000781841 0.02288 0.300961 0.000149706 2.10635e-06 0.421351 0.0112168 0.000271409 0.0409548 0.0492502 0.000148268 0.000196206 0.000135135 0.00563907 
0.0130323 0.00541115 1.20589e-06 0.000211799 0.142764 0.117175 0.00435273 0.00034682 0.00382245 0.00340762 4.27598e-05 1.58678e-06 0.492006 0.00224453 3.41247e-05 0.00294017 0.16849 3.57118e-06 2.67348e-05 1.10958e-06 0.0436835 
0.0116032 0.0194046 0.000125535 0.000494027 5.90996e-08 0.0133581 0.00098203 0.0418951 0.00869615 0.0186425 9.4211e-06 3.05145e-08 0.842699 0.0026881 1.78417e-10 0.0144372 0.0164589 9.5926e-05 0.000327749 7.73266e-08 0.00808214 
0.0048805 0.0615596 8.57046e-08 4.96145e-08 0.00152077 0.00636558 0.0159495 1.36667e-08 0.0496049 0.0469308 0.00375155 8.24861e-08 0.66509 0.00230384 1.39821e-07 0.11685 0.0219853 2.17183e-08 6.71519e-08 3.49664e-06 0.00320377 
0.00550636 0.0154265 0.166321 0.00053467 0.00845648 0.11659 0.0367647 0.0019126 0.0516592 0.144816 0.00353496 0.00730954 0.207542 0.0217426 0.00100957 0.0175077 0.173664 0.000492882 0.000613671 0.00377719 0.0148178 
6.22259e-05 5.30065e-05 0.000102497 0.000636145 4.66668e-05 8.18135e-10 3.07679e-05 8.73919e-05 0.00267992 0.137064 0.00014919 6.40774e-09 0.764277 0.0214973 2.17508e-06 0.0610433 7.0204e-05 0.00023173 0.00151461 6.91435e-09 0.0104525 
0.0997935 0.0811718 1.46186e-07 5.3894e-07 0.0217917 0.0781874 2.47815e-05 2.81495e-05 0.0160205 0.237317 7.94825e-07 3.18417e-07 0.306068 0.0101507 1.25534e-08 0.0361795 0.0787557 1.13084e-06 0.000241729 7.99126e-09 0.0342661 
0.000774185 0.00204513 5.00507e-05 6.67047e-06 0.00254918 0.00801872 0.00415995 0.00893039 0.0130223 0.223453 2.37883e-05 4.02165e-07 0.568103 0.00176906 1.85976e-06 0.00888181 0.152249 1.58483e-08 1.22828e-05 3.97506e-05 0.0059091 
0.0048805 0.0615596 8.57046e-08 4.96145e-08 0.00152077 0.00636558 0.0159495 1.36667e-08 0.0496049 0.0469308 0.00375155 8.24861e-08 0.66509 0.00230384 1.39821e-07 0.11685 0.0219853 2.17183e-08 6.71519e-08 3.49664e-06 0.00320377 
0.00252608 0.0419285 1.54502e-05 0.000360717 0.000751913 0.00114758 0.00326222 0.0168542 0.0233226 0.0356116 0.000259392 0.000192898 0.630529 0.0266151 2.97215e-07 0.0225065 0.0474011 0.0374979 0.00205765 0.000541938 0.106617 
0.00939325 0.0077158 1.23421e-05 3.66235e-06 0.000101802 0.0253341 0.0158113 0.00599528 0.0725241 0.0652362 0.000279051 6.10069e-05 0.624343 0.0117745 1.33836e-08 0.0659798 0.0542391 0.0260451 0.00110229 0.000728429 0.0133196 
0.0110922 0.0102334 5.38341e-06 3.16028e-06 0.00253616 0.0153031 0.0152971 0.00502454 0.0323687 0.0207895 9.50388e-05 3.17106e-07 0.691027 0.00205604 0.00237068 0.0299938 0.138337 8.75788e-09 1.52136e-05 0.000360385 0.0230912 
0.00501066 0.0311891 5.42024e-05 0.0177113 0.00100247 0.335309 0.00167642 0.00143861 0.00873442 0.0110331 1.99307e-05 1.1418e-07 0.413695 0.000163819 2.42701e-10 0.000791874 0.167594 5.91842e-06 5.3381e-05 2.3233e-07 0.00451599 
0.0150233 0.00122147 1.83545e-05 0.00014069 0.0217686 0.0222139 0.000230573 3.21299e-05 0.0555359 0.000388924 6.18975e-07 1.15677e-06 0.750196 0.0212719 9.77511e-07 0.000395512 0.0219798 0.0876995 8.09801e-05 2.85474e-06 0.00179641 
0.00170366 0.00065057 7.3255e-05 6.75939e-05 0.0158397 0.157389 0.0176289 6.98843e-06 0.026314 0.0345838 0.0377862 8.80819e-11 0.602445 3.1571e-05 7.76729e-08 0.0343892 0.0639543 3.83729e-05 0.000581417 2.19859e-07 0.00651631 
0.00484033 0.0675877 0.00568618 0.00135758 0.00597155 0.0692837 0.0488653 0.00258751 0.0811403 0.165938 0.00175408 2.87182e-07 0.251295 0.0021925 0.000156748 0.142549 0.0160181 0.0659623 0.000795138 0.000238741 0.0657801 
0.00110041 0.043312 0.0015445 0.000140163 0.00271169 0.0490961 0.116929 0.000940159 0.0144952 0.182776 2.92328e-05 0.0305822 0.305128 0.00475152 8.00998e-08 0.0130467 0.224603 0.00040948 0.00025862 0.000189207 0.00795796 
0.0328127 0.132392 0.000934566 0.000366325 0.12176 0.111964 0.0128546 0.00140785 0.0749412 0.0238275 0.00167959 5.07383e-06 0.354424 0.000405003 6.36625e-06 0.00469224 0.0856062 2.96546e-05 0.000183285 0.000182205 0.039526 
0.00813717 0.0498404 1.62114e-09 1.63309e-07 0.206882 0.10069 0.0105616 0.000197233 0.246452 1.71031e-10 3.00911e-07 1.56026e-09 0.284213 0.000148421 2.64477e-09 0.0650641 0.0275287 4.10811e-10 2.84523e-07 1.80107e-06 0.000282514 
0.0094877 0.0180022 1.573e-08 2.47398e-05 0.00201613 0.0483684 0.00518524 0.00122317 0.00497083 0.0466587 1.51457e-05 7.16978e-08 0.55109 8.68319e-06 1.89364e-08 0.00141414 0.183338 5.95783e-08 0.000690745 1.35847e-08 0.127506 
0.0399455 0.0525087 0.000463745 0.000715292 0.0213649 0.164953 0.01588 0.00424189 0.0235906 0.0120671 0.000905784 0.000591674 0.405653 0.028196 4.10059e-09 0.00807417 0.1674 1.15544e-05 0.00512902 0.000430952 0.0478766 
0.023139 0.0231772 0.000157262 0.00224653 0.0173455 0.0651716 0.0123858 0.0112644 0.109059 0.0362211 0.000704097 5.94382e-05 0.326073 0.0149646 0.000113556 0.0123213 0.252103 0.00145602 0.00107171 0.000239617 0.0907266 
0.0997676 0.0248705 2.03438e-09 1.80921e-05 0.0443509 0.0737155 0.0148682 0.00867075 0.00786017 0.0127794 2.10161e-09 1.20071e-07 0.47189 0.0184413 1.87745e-10 0.000653277 0.138788 6.42687e-08 0.000163434 0.00154631 0.0816165 
0.0248204 0.0278246 0.000120512 0.00047077 0.00386332 0.0141343 0.00603231 0.00503137 0.0274805 0.0500729 0.000225062 1.40263e-06 0.334201 0.00402689 7.03119e-06 0.0716628 0.30722 1.71268e-05 0.00236961 0.0049715 0.115447 
0.0063979 0.141307 0.000471896 7.88324e-05 0.0081237 0.137367 0.00277435 0.0131752 0.156325 0.154161 6.96293e-05 1.10702e-07 0.194645 0.0138358 1.37801e-08 0.000433248 0.163504 0.000289501 0.00104086 0.00562209 0.000378379 
0.0104543 0.0204046 0.00965182 0.000565095 0.01009 0.346283 0.0057394 0.000335115 0.0744916 0.0425046 0.00552159 9.68465e-09 0.356504 0.000619235 3.04002e-10 0.0181218 0.0774215 2.39685e-05 2.66122e-05 1.1938e-07 0.0212416 
0.0533912 0.0405418 7.01793e-05 0.111973 0.00319733 0.23984 0.0110696 0.0212383 0.0211673 0.00596914 2.30458e-05 0.000106426 0.273288 0.00449275 1.69567e-08 0.0415134 0.156792 6.45485e-05 0.00460791 0.00726646 0.00338754 
0.0851113 0.0450866 0.000196179 0.000810257 0.0239144 0.0225627 0.0145066 0.00418503 0.124344 0.142441 0.00465535 2.17738e-06 0.307056 0.0128465 1.00186e-05 0.0816165 0.0685484 0.0058703 0.000656705 0.000453643 0.0551268 
0.0812487 0.0747777 0.0147438 0.00779565 0.0026337 0.0575312 0.0540288 0.0178245 0.0976699 0.0397226 0.00100194 4.75472e-06 0.338131 0.0131591 9.26514e-06 0.112942 0.0700102 4.03435e-06 3.16803e-07 4.19912e-07 0.0167603 
0.00104507 0.000354504 1.6349e-10 3.24012e-06 0.00365301 0.222197 0.047988 0.00317745 0.0190501 0.128518 0.000400568 9.01795e-05 0.542168 0.000199701 2.66723e-10 0.0130041 0.0161099 1.4527e-05 0.00118916 5.63532e-09 0.000837821 
0.0131222 0.0118107 0.00122184 8.54932e-05 0.0078341 0.0185129 0.0411586 0.0174743 0.0323059 0.257491 0.00204311 1.57056e-05 0.339919 0.0142781 0.00010688 0.0336219 0.15972 0.00399313 0.00092926 0.000735441 0.0436207 
0.0272176 0.0544959 0.0013763 0.000680738 0.000813127 0.197867 0.000741004 0.00011732 0.0195478 0.199658 0.02305 1.6587e-08 0.234987 0.00268954 1.78555e-07 0.00553484 0.222365 1.48337e-05 2.04273e-07 8.73861e-08 0.00884372 
0.0406136 0.0283026 8.7483e-07 1.04795e-05 0.0708801 0.0233973 0.00226653 0.000490909 0.0617784 0.093453 0.00180014 5.10302e-05 0.374789 0.0256991 0.000575547 0.00293851 0.0401704 0.000177406 0.00199081 0.000156044 0.230458 
0.00359264 0.0153791 0.0164418 0.000135451 0.0210192 0.11587 0.121645 0.00125232 0.12443 0.0403944 5.99774e-05 9.99657e-06 0.252389 0.00798429 3.86214e-07 0.0415211 0.225947 0.000624166 0.000309313 6.35789e-05 0.0109311 
0.00451362 0.0456992 1.03926e-05 1.31461e-05 0.0133672 0.106997 0.00781634 0.00679586 0.0627712 0.0159331 0.00210686 1.45713e-05 0.654466 0.00351997 9.71675e-08 0.0320226 0.0327126 5.8917e-05 0.00987912 1.69175e-05 0.00128526 
0.00283283 0.00378648 0.00018314 2.08148e-05 0.00610642 0.0355609 0.00442678 0.000155324 0.00277887 0.0018221 1.32167e-05 5.47168e-07 0.744061 0.00314851 6.47555e-09 0.00262936 0.0517388 1.04602e-07 0.0923241 4.12223e-09 0.048411 
0.00771867 0.0188649 0.000526767 0.00190151 0.0366064 0.125969 0.0893249 0.0102989 0.0390759 0.100043 0.00418453 0.00226102 0.223062 0.00471135 0.00124026 0.184315 0.135071 0.00362913 0.0022519 0.00147242 0.00747122 
0.00939347 0.0201375 0.00152245 0.000502805 0.0517129 0.0843238 0.037531 0.00515623 0.0283669 0.0431452 0.00143588 4.81731e-07 0.329719 0.0010343 9.05661e-07 0.220989 0.145828 0.000333653 0.00688225 0.000578252 0.0114063 
0.0158238 0.0118409 7.40745e-07 7.79657e-12 0.0047975 3.37785e-07 1.54689e-07 5.68481e-07 0.0661071 0.0727603 1.39129e-11 1.29621e-11 0.611457 1.23593e-07 2.19719e-11 0.0155354 0.101207 3.41288e-12 4.58452e-05 1.39869e-11 0.100424 
0.121083 0.020323 0.000312107 0.000447689 0.00753115 0.257373 0.0212041 0.00918511 0.0145048 0.0462203 0.000221623 5.84043e-07 0.392621 0.00168272 1.3727e-11 0.000821254 0.0896815 3.17441e-05 0.0010062 0.000118024 0.015631 
0.0261438 0.0641213 6.98439e-05 0.00105387 0.0205539 0.092283 0.0622902 0.00411319 0.0351544 0.123669 0.000158245 4.53343e-06 0.527846 0.00110223 2.48326e-06 0.00156668 0.0383431 8.39256e-06 1.02296e-05 6.316e-05 0.00144236 
0.053548 0.027483 4.40273e-05 0.000810714 0.000894937 0.157929 0.00679129 0.00895818 0.087843 0.0400808 2.1384e-05 7.19262e-09 0.297875 0.0173128 2.66553e-06 0.0580799 0.159144 0.0409311 0.0019412 0.000282245 0.0400265 
0.0324076 0.0990147 0.000130851 0.000198804 0.00625405 0.0735259 0.00985783 0.000702512 0.0202384 0.0324707 0.0946117 0.000156019 0.500006 0.0124147 2.35403e-08 0.00984478 0.0927121 0.000218444 0.000362475 0.000184733 0.0146872 
0.034767 0.0511719 7.61979e-07 0.00110424 0.0451312 0.118401 0.154498 0.000583983 0.0293458 0.00561041 0.0347498 3.40238e-07 0.240391 5.1198e-05 2.20371e-08 0.160939 0.112694 5.57907e-05 0.000518149 0.00977516 0.000211371 
0.0294109 0.0142168 0.000330714 0.000570688 0.0147997 0.0176222 0.00387901 0.000270641 0.106187 0.126566 0.00021977 7.07221e-07 0.260506 0.03636 8.58523e-08 0.107786 0.13866 0.000174132 0.0112879 4.98967e-05 0.131102 
0.0219896 0.180398 0.000509279 0.00709365 0.0128406 0.149741 0.0026896 0.00223472 0.0409375 0.00609357 3.99128e-05 2.0729e-05 0.293628 0.0143185 2.42674e-05 0.00129254 0.195691 0.0654554 0.00067036 0.00160598 0.00272532 
0.00131895 0.0419361 0.000184527 0.000319318 0.0992748 0.155249 0.0119607 0.00357749 0.0559205 0.0446198 0.0050001 1.69175e-06 0.27509 0.00258692 2.4093e-11 0.023856 0.252186 0.000226989 0.0256609 1.53372e-11 0.00103098 
0.00207642 0.000235507 1.52307e-06 0.0105717 0.00528201 0.296326 0.00214494 9.71746e-05 0.0168199 0.200043 2.05974e-09 4.01489e-07 0.386585 4.94508e-10 3.25283e-09 0.030115 0.0472175 0.000530098 0.00100236 2.0707e-09 0.000952174 
0.0395428 0.0184383 2.75135e-05 9.26524e-05 0.000470971 0.0446215 0.00293967 0.00646933 0.0219169 0.0501444 2.88897e-05 2.80475e-06 0.611835 0.00714461 4.19825e-06 0.0305734 0.0995935 0.0154206 0.000687179 7.28141e-05 0.0499734 
0.03134 0.0539933 0.000581509 0.00158829 0.113477 0.166445 0.0233605 0.01747 0.0266266 0.0528072 0.0121722 0.000100218 0.317388 0.0089085 9.3257e-05 0.00434523 0.133614 0.00122977 0.00125236 0.000168815 0.0330375 
0.0424787 0.0511901 0.00714972 0.00317789 0.00336766 0.196412 0.0336039 0.00610322 0.0867763 0.0874765 0.00176106 0.000194964 0.196766 0.028147 0.000176172 0.0302253 0.196249 0.000245314 0.00604377 8.70788e-05 0.0223679 
0.016024 0.00665069 0.000533867 0.0001952 0.023805 0.00811331 0.00363865 0.0451265 0.00957635 0.17498 3.52536e-05 4.04245e-06 0.560155 1.68117e-05 1.17511e-07 0.0627 0.0821092 4.18812e-08 0.000117581 1.86671e-05 0.00620033 
0.00565833 0.0182815 0.000907458 0.00163335 0.00753318 0.0692324 0.011069 0.0264318 0.0498932 0.137947 0.0041397 5.54204e-05 0.339434 0.0344619 7.7631e-06 0.100411 0.162075 0.00441446 0.000104876 0.000126211 0.0261829 
0.0110671 0.0523012 0.000533161 0.000467839 0.0343101 0.105806 0.0193455 0.000323548 0.0199244 0.042419 0.00179534 4.69115e-06 0.35897 0.0117894 1.2316e-08 0.0104868 0.320001 4.76853e-05 0.00302305 0.00190705 0.00547748 
0.0224523 0.0129907 4.72605e-05 0.000140047 0.0213058 0.0104528 0.0080569 8.55442e-05 0.287745 0.0245479 0.108563 0.000159341 0.315426 0.0360888 0.0207505 0.00989403 0.104583 1.6834e-06 0.0041974 1.01778e-05 0.012501 
0.00144854 0.0131775 0.000293076 0.00737674 0.0305692 0.14868 0.0048763 0.000443317 0.0362559 0.185952 7.66666e-08 2.85721e-05 0.281298 0.148362 1.88731e-05 0.0807422 0.0480296 3.65051e-05 0.000143901 0.000214112 0.0120539 
0.0243561 0.0325273 7.99645e-05 0.0611261 0.00433639 0.135684 0.0116408 0.000301556 0.0074567 0.150981 0.000145726 8.34342e-09 0.404177 0.00390772 0.00901825 0.00407074 0.00981298 0.134771 0.00114015 3.92769e-05 0.00442758 
0.0234423 0.0302602 1.8412e-06 0.000617999 0.0713145 0.0852286 0.0106818 0.000125248 0.0505409 0.154546 2.34281e-07 2.28646e-09 0.465688 0.000813982 0.00276173 0.00797588 0.0729288 0.000116598 4.23196e-05 5.75488e-08 0.0229138 
0.0185665 0.0429531 4.5397e-06 0.234938 0.00347694 6.70673e-07 0.0731026 0.00140102 0.0508167 0.0619441 0.00349346 3.00531e-06 0.25004 0.20545 1.60486e-10 0.011991 0.0328832 2.63371e-05 0.000260927 0.00330151 0.00534656 
0.0110826 0.00426286 4.66217e-06 0.00149099 0.00189737 0.00594457 0.0155452 0.000576238 0.104001 0.0258148 0.000399768 4.48709e-06 0.801903 0.000119131 7.606e-06 0.0265481 0.000126349 4.48144e-05 3.65294e-06 8.80835e-05 0.000134411 
0.000660556 0.00204758 1.79014e-05 1.70499e-05 0.000226978 2.8987e-07 0.0216831 1.0102e-08 0.0218513 0.0659829 7.82801e-11 8.10243e-08 0.607937 0.0260977 1.23623e-10 0.0479394 0.205536 9.10021e-07 9.09164e-07 7.86964e-11 3.89601e-07 
0.00911761 0.0086105 0.0185522 4.29464e-05 0.00309508 0.00482332 0.102518 0.000264032 0.0441711 0.042618 0.000980252 0.000517675 0.411165 0.239316 5.95516e-05 0.0172734 0.0901523 0.000166035 0.000195482 0.00140637 0.00495571 
0.0132298 0.0346989 0.00054842 0.0098819 0.00453345 0.0644333 0.0135899 0.000479859 0.00797433 0.172192 0.000277482 8.63252e-08 0.2801 0.0484461 0.00349365 0.000450585 0.116221 0.159329 0.0227363 0.0358474 0.0115372 
0.0110649 0.0342291 9.19207e-06 0.00913947 0.00078031 0.174262 0.0299032 0.0170151 0.0339659 0.041015 3.21058e-07 1.7275e-08 0.335853 0.0205893 1.08248e-09 0.00353364 0.288096 1.1879e-05 8.67091e-07 6.89089e-10 0.00053106 
0.000304718 3.45161e-05 1.26147e-05 1.66059e-05 0.0144955 0.265142 0.172371 1.00764e-05 0.0224196 0.0187072 0.000143546 1.41359e-08 0.40798 0.00124448 2.01742e-10 0.0273144 0.0563835 2.5283e-06 0.00567681 7.42353e-06 0.0077333 
0.0126069 0.0101577 8.89892e-05 5.56601e-05 0.0336909 0.0559836 0.0241179 0.00805878 0.0112643 0.151454 0.0251949 9.76451e-08 0.446581 0.0772351 4.8346e-07 0.10169 0.0313982 2.10235e-05 9.46455e-06 1.02235e-08 0.0103913 
0.012198 0.0119204 5.9645e-05 1.97438e-06 0.315019 0.0168463 0.00356403 3.99376e-05 0.0278056 0.0904753 0.00655594 1.01652e-06 0.454188 0.0136244 2.11849e-06 0.0261358 0.0209844 5.25473e-06 3.39878e-06 1.8066e-05 0.00055211 
0.00213492 0.0218669 0.00022216 4.43089e-06 0.0292018 0.00365228 0.00553212 0.000304658 0.0203595 0.17862 2.1002e-07 7.66954e-11 0.305633 0.000424586 1.90994e-08 0.199544 0.0929098 0.00645131 0.000845277 0.000370934 0.131922 
0.0422093 0.0251257 0.00249578 0.00747403 0.0171384 0.052125 0.0216366 0.00587078 0.00788088 0.142821 9.13884e-05 4.2735e-06 0.497654 0.105591 2.80808e-05 0.00310187 0.0225735 0.00211581 0.00989666 6.35539e-06 0.0341595 
0.00302654 0.0028622 0.000907232 0.00328892 0.0398309 0.038872 0.00169656 7.12484e-05 0.145516 0.258398 0.000647246 1.98849e-07 0.322048 0.0175411 2.1137e-05 0.0305826 0.103491 0.0214154 0.00188464 4.36417e-05 0.00785508 
