0.018935 0.140456 1.56662e-05 2.56536e-05 0.000663805 0.00400687 0.105911 0.000254108 0.246161 0.0393996 4.08898e-08 1.11121e-07 0.00380309 0.279314 3.38395e-08 0.0162361 0.12352 0.000149884 0.00237235 0.0175359 0.00123974 
0.061753 0.0475571 0.000216084 1.91258e-05 0.0044097 0.0224484 0.0540042 0.00343849 0.107602 0.151231 0.000249781 3.76025e-08 0.151366 0.247548 7.97879e-07 0.0458659 0.0869542 3.22835e-06 8.24788e-10 4.09929e-06 0.0153294 
0.0214554 0.00840814 0.000109682 0.022784 0.0682374 0.00435242 0.00245402 0.0345135 0.0223073 0.00561561 8.82469e-08 1.13915e-05 0.0138648 0.708801 3.20585e-10 0.000705136 0.0717481 8.74642e-06 2.2355e-05 0.00992294 0.00467823 
0.000343471 0.0013626 8.86199e-06 0.000236799 0.00105571 0.00934157 0.177699 7.00119e-05 0.0419917 0.0417881 8.22771e-05 0.00786773 0.0123959 0.624711 0.00279677 0.00178072 0.0761762 0.000161484 1.55164e-05 3.23875e-06 0.000111823 
0.0106064 0.0202553 0.00427852 0.0170696 0.00221872 0.0486753 0.155513 0.000596812 0.0899944 0.0917939 0.000139222 0.00321546 0.0205042 0.164999 1.71305e-05 0.0146745 0.0529041 0.133479 0.000593984 0.163766 0.00470566 
3.20661e-10 7.80094e-07 1.39502e-09 1.77747e-06 7.15778e-10 1.98871e-06 0.00887731 5.11866e-07 0.0435785 1.47175e-10 1.44112e-09 1.34263e-09 1.89397e-10 0.947539 2.27587e-09 3.72496e-10 4.77922e-07 3.53509e-10 1.09303e-09 1.44878e-09 4.68393e-10 
0.120402 0.00786771 8.84183e-05 0.000411919 0.0127837 5.27578e-05 0.00730655 0.013724 0.270408 0.0272934 0.0021639 0.000268355 0.023093 0.357535 2.02724e-07 0.0057952 0.12897 6.85864e-07 0.0100289 2.54354e-06 0.0118041 
0.00532501 0.0421507 1.01146e-07 0.00442727 0.00645206 0.0444275 0.0144084 0.0609374 0.143445 0.025131 0.00621618 0.000122048 0.00300604 0.373614 1.57234e-07 0.0137771 0.197753 2.00204e-05 0.000108908 8.63442e-05 0.0585917 
0.0045042 0.00829933 1.69585e-05 2.22087e-05 0.000596035 0.000190115 0.00119472 0.000121751 0.00552167 0.0543852 1.84708e-07 1.61753e-06 0.000120479 0.544633 5.4014e-10 0.000422837 0.362315 2.8377e-05 0.00142843 6.44692e-06 0.0161919 
0.095395 0.058222 2.68652e-09 0.00264768 0.0166727 0.00327505 0.0252201 0.000143826 0.0923806 0.0699451 4.99019e-05 0.000213382 0.0810854 0.510365 4.38287e-09 0.000627889 0.0351539 0.0024684 0.00111127 1.86654e-05 0.00500396 
0.00847554 0.0337392 2.66231e-05 0.000149061 0.016002 0.0366645 0.193498 0.0129123 0.0262178 0.0715234 0.00516596 8.57298e-06 0.0341199 0.337958 1.90428e-05 0.0314988 0.176972 0.000113406 0.00345674 0.000679023 0.0108002 
0.0115569 0.167581 3.12114e-06 0.000720888 0.0001742 0.289808 0.00150658 0.0778264 0.056536 0.00577591 0.000325366 4.58191e-07 2.05689e-06 0.350874 7.21075e-10 0.00340312 0.0332878 0.000445549 0.000139913 1.71351e-06 3.08485e-05 
0.00161313 0.0280719 3.36461e-05 0.000137728 8.84671e-05 0.00172621 0.00337212 0.00881598 0.0171466 0.00188972 4.844e-06 2.11674e-05 0.000733351 0.887454 3.44178e-07 0.00100015 0.00720978 7.65306e-05 0.00730197 0.000152033 0.0331507 
4.97499e-06 7.72278e-06 4.74123e-09 0.0059607 2.43271e-09 4.47719e-06 0.0819893 7.56051e-10 0.00267804 0.142567 4.61046e-06 2.0285e-05 6.43703e-10 0.594242 6.98998e-08 8.2379e-06 0.108772 3.22632e-06 3.71488e-09 4.92396e-09 0.063738 
0.00216742 0.0325224 0.000162344 0.0348513 0.000202575 0.0496114 0.0125258 0.000280905 0.0376828 0.385678 0.0037288 6.98984e-07 0.00280964 0.410682 3.12188e-08 0.00176487 0.0171927 0.000537884 0.000104986 0.00116634 0.00632724 
0.000242202 0.00870729 0.000525558 0.00144988 2.50489e-05 0.0915824 0.0195178 0.00454778 0.0268834 0.129016 0.0591855 2.37593e-05 0.0185969 0.539974 5.96185e-08 0.00115008 0.0120472 0.0799945 0.00410166 0.000766416 0.00166322 
0.00280581 0.0167275 0.000224141 0.00173142 0.00151902 0.0197781 0.129726 0.0132285 0.0290908 0.0700654 0.000940061 0.000117593 0.00948231 0.409394 3.35804e-10 0.0378334 0.21413 0.00212926 0.0377099 5.43037e-07 0.00336607 
0.00626553 0.0211051 7.86908e-11 0.144043 1.64121e-07 9.11228e-07 1.59401e-07 0.000759504 0.205073 0.0756331 8.12913e-11 0.0002109 2.0466e-06 0.42401 1.28379e-10 5.47018e-07 0.118914 0.000970786 0.000417626 8.17236e-11 0.00259344 
0.000221508 0.00524075 2.39642e-05 1.80139e-07 2.87777e-06 0.000182896 0.00797348 0.00123299 0.000613204 0.00939251 0.00123653 3.7612e-05 0.00217243 0.965984 5.07657e-07 3.70361e-06 0.00552564 3.22296e-06 4.83145e-06 8.62991e-05 6.08356e-05 
0.0388288 0.131071 0.000258306 0.0136291 0.00976028 0.123111 0.0357436 0.0365435 0.159925 0.0583412 0.00324995 3.57834e-05 0.0136424 0.25452 4.13245e-06 0.0022921 0.112291 0.00421635 0.000994816 0.000211494 0.00132992 
0.084855 0.20088 5.44053e-05 0.00125803 0.00140036 0.0019147 0.0101925 0.0790661 0.168056 0.0255349 3.10898e-09 1.18597e-09 0.00318783 0.253565 2.01032e-09 0.00010888 0.153903 4.32107e-05 2.73686e-06 0.00259836 0.0133781 
0.000288017 0.00167325 1.45362e-07 0.000211538 9.09899e-05 0.000580678 0.000289846 8.40714e-05 0.00291247 4.08489e-07 1.44498e-10 6.91324e-06 0.00113524 0.903363 3.63685e-08 0.00020297 0.00290175 8.62294e-05 0.000106109 0.0860627 3.26615e-06 
0.00776805 0.0180281 0.000693011 0.0114445 0.00529412 0.0422011 0.0833089 0.0233978 0.0857484 0.0433661 0.000260812 1.34868e-06 0.0146559 0.539889 8.45298e-07 0.00158675 0.0789801 0.000167125 0.00931504 8.45057e-06 0.0338849 
0.00944603 0.00627285 4.49749e-06 0.000547751 0.00027083 0.00493673 0.158641 6.47962e-05 0.184885 0.141586 0.0125395 0.000140453 0.0397033 0.371787 7.4549e-09 0.00463032 0.0631604 4.78137e-06 1.60843e-06 4.74567e-09 0.00137739 
0.000102388 0.0030393 9.66011e-05 4.88079e-07 0.000514574 0.007137 0.112663 1.43136e-05 0.0797645 8.89489e-08 0.0179565 0.000180873 0.000142309 0.767718 1.37548e-06 2.25127e-07 0.00780055 2.13652e-07 0.00235605 0.000387168 0.000124298 
0.00136304 0.0896023 1.31405e-05 0.000786262 0.00204275 0.0048685 0.126435 0.000787168 0.0802505 0.0357528 0.000447847 0.000634495 0.0147059 0.561883 4.38181e-06 0.00239598 0.077386 0.000611624 2.90154e-06 1.51361e-06 2.53279e-05 
0.0120931 0.0242731 2.74646e-05 3.34524e-07 0.000589776 0.00412976 0.132734 0.00247704 0.0705735 0.232716 0.00170524 3.55568e-05 0.031225 0.232986 1.20733e-06 0.0266424 0.216116 8.04379e-05 0.00743598 7.99707e-05 0.00407782 
8.51731e-06 3.51138e-06 3.7054e-05 2.14506e-05 1.90123e-05 4.55336e-06 7.61337e-06 5.90874e-06 6.29116e-06 3.90922e-06 3.82785e-05 3.56625e-05 5.03071e-06 0.999641 6.0451e-05 9.89413e-06 2.59017e-06 9.38981e-06 2.90328e-05 3.84821e-05 1.24413e-05 
0.000870422 0.00427082 2.74209e-08 0.000345613 3.32148e-09 0.000653149 6.72334e-06 3.87177e-07 0.0104151 0.000354862 6.68733e-09 1.68663e-05 0.000125185 0.98052 9.53774e-07 6.50562e-07 0.00203692 0.000213522 8.10372e-05 8.62043e-05 1.07547e-06 
0.00434354 0.063066 1.35755e-09 0.0016571 0.000208298 0.0409495 1.31804e-07 0.00835486 0.0672561 0.00661178 0.0487511 1.20131e-07 0.00490742 0.648791 2.33768e-09 0.000451725 0.0992769 0.00122686 0.000149595 1.61591e-11 0.00399807 
0.0106149 0.0766764 0.0010221 0.00253736 0.00248238 0.0158592 0.00285341 2.75517e-05 0.102293 0.054339 9.62522e-06 1.43487e-05 0.0544802 0.608049 1.84098e-05 0.000517631 0.0599355 4.76224e-05 0.000583192 3.52077e-09 0.0076394 
1.33592e-06 7.62581e-06 4.25295e-09 1.80778e-06 7.96807e-07 2.58321e-07 0.000515186 4.46652e-06 8.10811e-06 0.000663538 4.3935e-09 4.09324e-09 2.62097e-06 0.995401 6.93839e-09 1.13562e-09 6.18266e-07 2.767e-06 3.3323e-09 4.41686e-09 0.00338936 
0.104521 0.0544582 0.000283574 0.000867862 0.0053896 0.0296225 0.00848374 0.00123715 0.0455404 0.0564423 0.00129173 1.4724e-05 0.038946 0.533418 1.43053e-06 0.0493561 0.0446251 0.000957775 0.00368486 0.00431704 0.0165409 
0.0150782 0.112003 0.0520138 0.00494012 0.000833197 0.00121731 0.00143419 0.00414532 0.3083 0.0168925 3.39663e-06 2.53009e-05 0.00149655 0.473198 3.09534e-07 0.000304166 0.00737314 4.53468e-05 1.34199e-05 0.00066087 2.16826e-05 
0.0023551 0.0662091 7.24761e-05 0.000101175 0.00516963 0.00174192 0.00129669 0.00602501 0.0996331 0.0461822 3.55665e-05 0.000985729 0.0132869 0.596931 0.0413987 0.0172175 0.0331875 0.000386653 0.00476969 0.000361417 0.0626526 
0.000937092 0.0971104 8.36767e-07 1.40993e-06 3.25974e-06 1.94427e-05 0.0282128 0.00263162 0.0236298 0.161848 0.00466519 1.00318e-06 5.39623e-06 0.665764 6.09785e-08 3.88184e-09 0.00781149 0.00016014 0.00513448 0.000264097 0.00179987 
0.00387749 0.00140902 1.36134e-07 0.00108061 0.00234274 0.242909 0.0071087 5.20611e-12 0.0392438 9.77374e-07 1.09654e-07 6.95646e-08 0.0126025 0.349296 5.32626e-11 0.0195783 0.314141 0.000809058 0.00177616 0.00382206 1.87285e-06 
0.00103118 0.0234391 0.000341033 0.00181042 0.0015225 0.00557483 0.00115607 0.0600733 0.157521 0.170018 0.0364816 0.000188253 0.00256462 0.288785 4.68779e-07 0.000684989 3.85033e-05 0.0013195 0.223951 0.000209234 0.0232894 
0.223855 0.0739489 0.00147669 0.000653924 0.000243924 0.0252038 0.00405654 1.54471e-05 0.0309412 0.0311911 0.0529829 7.85143e-06 0.00120569 0.446515 0.00014897 0.0449371 0.0273371 0.000128177 0.00341427 0.0289143 0.00282281 
0.00385825 0.0172225 0.000276986 0.000566052 0.00224368 0.145516 0.0208401 0.00151949 0.0162803 0.0518248 0.000314361 0.0304618 0.0074941 0.665032 0.00198782 0.000992389 0.028231 0.000197294 0.000305053 3.99482e-05 0.00479582 
3.91596e-05 0.00189004 2.66227e-07 1.47363e-05 1.90264e-05 3.27151e-08 0.040078 4.24533e-08 0.00871575 0.0396435 1.72893e-05 1.14455e-05 0.0279862 0.849962 4.3433e-07 0.00565176 0.0113267 0.000149623 2.08596e-07 0.00617021 0.00832328 
0.00107208 0.0375829 3.99839e-06 0.000459348 4.29464e-05 0.000942514 0.000125622 1.32979e-08 0.224583 0.000132438 2.03081e-05 1.10702e-05 0.00576956 0.713976 9.94323e-05 5.12639e-05 0.0139219 4.65092e-06 6.53398e-08 0.000522093 0.000678074 
0.0098096 0.123773 1.62375e-06 5.48436e-09 0.00150923 0.225015 0.00951929 0.000372116 0.0229905 0.00147846 1.21907e-05 9.11795e-09 0.000646738 0.597465 1.54557e-08 0.000567335 0.0037547 4.19597e-06 0.00019126 2.16011e-06 0.00288792 
0.0187123 0.192322 5.74322e-09 0.000836445 0.00387379 0.0174619 0.011124 0.0148793 0.0529837 0.122244 0.0371087 2.45875e-06 0.00158119 0.341637 1.64573e-08 0.00148537 0.135116 0.00134681 0.037697 0.001325 0.00826351 
0.0376124 0.024058 0.00395775 0.00531709 0.00890314 0.0126636 0.20077 0.000181721 0.0933983 0.0196016 4.14689e-06 0.000194921 0.00799426 0.443642 5.82611e-08 0.0403944 0.0925382 4.266e-05 0.0041293 0.00076244 0.00383401 
5.57683e-06 5.57779e-06 5.57134e-06 0.00502249 5.57481e-06 0.00502542 0.0775259 5.57732e-06 0.0234301 5.57773e-06 0.0078051 0.00669147 5.5775e-06 0.814761 5.56679e-06 5.57657e-06 0.00279457 0.0451765 0.00502114 0.00669083 5.57608e-06 
0.0143445 0.0558543 7.97409e-06 0.000272049 0.00252495 0.00205746 0.00169159 0.000943139 0.0604398 0.00553945 0.00021389 2.89527e-07 0.0209341 0.717954 4.90774e-07 0.000423585 0.113907 0.000112455 0.00267008 0.000109258 1.01006e-07 
0.017671 0.130943 0.00127937 0.00055943 0.0386417 0.0627433 0.0822423 0.00108742 0.0897305 0.136574 0.00541295 0.028936 0.0279515 0.142669 0.0141426 0.0167351 0.123576 0.0219577 0.000185656 1.08035e-05 0.056951 
0.00572826 0.0197351 0.000352954 0.0129859 3.30904e-05 0.00111913 0.0162177 0.0132642 0.0970158 0.078376 0.00119246 7.18361e-05 0.00211741 0.703153 0.000996162 0.00139586 0.0244966 0.000682135 8.15668e-05 0.0154188 0.00556586 
0.015707 0.0977397 0.0287603 0.000358365 0.0008381 0.0177946 0.00042216 0.126625 0.0682544 0.0457995 0.0681996 1.52366e-05 0.02634 0.271109 2.15934e-11 0.00292118 0.207411 0.000389554 0.00114808 0.000645611 0.0195214 
0.000277804 0.0763344 8.82512e-06 0.000858785 0.00167164 0.00957399 0.000296646 0.000887039 0.0178359 0.0204482 7.13154e-05 3.41829e-06 0.015349 0.817454 1.55501e-06 0.0102899 0.0284373 8.9532e-05 8.11236e-06 9.89894e-07 0.000102031 
0.00403087 0.361078 2.25835e-07 0.000208553 6.29337e-05 0.00323924 0.000461135 0.0201574 0.0186755 9.15794e-05 0.0304402 0.000344925 0.000175775 0.540545 1.21267e-08 7.08813e-05 0.0166242 0.000713343 1.3598e-07 0.00307974 2.22273e-07 
0.017058 0.121357 4.60361e-06 0.0125075 0.000401721 0.0504273 0.00939985 0.0182786 0.0380779 0.0512227 0.00027653 4.22576e-06 0.00109913 0.26657 6.60121e-09 0.00771051 0.125334 0.00499868 0.00454156 0.253475 0.0172556 
1.45029e-06 0.0133729 1.35492e-07 1.35127e-05 3.09502e-10 0.00126821 1.89357e-06 9.61888e-11 0.0360165 0.0268349 6.97356e-07 3.79231e-07 5.09829e-07 0.904958 9.84086e-10 2.23153e-06 0.0175004 2.50762e-05 4.80403e-07 7.7307e-07 1.77771e-06 
0.0108996 0.0615646 2.10783e-05 0.0059998 0.000206064 0.0619541 0.0096578 0.00415846 0.0437243 0.141432 0.000129742 0.0522559 0.00164273 0.318635 1.26903e-07 0.000443668 0.190836 0.00114478 0.0889918 4.33476e-08 0.00630279 
0.00836772 0.104363 0.000257106 0.0284741 0.00934406 0.043045 0.0733404 0.00190906 0.0698992 0.0287473 0.0165191 1.64002e-05 0.0125956 0.409809 2.53387e-08 0.0185728 0.144623 1.32176e-05 0.0125 0.0024668 0.0151373 
0.00522678 0.0531002 1.50654e-08 0.00206104 0.00233098 0.00695804 0.00967175 0.00154453 0.0300799 0.000915386 0.0200861 0.000163143 0.00636938 0.769618 2.45782e-08 0.00117245 0.0888048 0.00108684 7.82525e-05 2.4147e-07 0.000732388 
1.20596e-10 4.97175e-11 6.82565e-07 3.03719e-10 2.69194e-10 8.51081e-07 7.5469e-07 8.36617e-11 0.0105947 5.53506e-11 0.00143306 1.21237e-06 7.12297e-11 0.985863 8.55923e-10 2.10275e-07 4.54795e-07 0.00210193 4.52593e-07 2.45244e-06 1.76156e-10 
0.0162737 0.0915053 0.000142345 1.80984e-07 1.03723e-06 0.0137395 0.0438345 0.000186385 0.0937157 0.0274918 3.52679e-07 1.02827e-07 0.000620547 0.303416 3.63506e-10 0.302075 0.0981827 3.45044e-05 0.00387931 3.22527e-06 0.00489752 
0.0123728 0.0214621 0.0017681 1.85685e-05 0.0471114 0.00938112 0.0043845 0.055641 0.0848658 0.0910501 0.000484483 2.24331e-05 0.0172706 0.358271 1.51446e-05 0.0045809 0.146837 2.63928e-05 0.0147477 0.00103917 0.128649 
2.43852e-06 0.0107338 2.43612e-06 2.43744e-06 0.00999673 2.43885e-06 0.0385323 0.0112206 0.0243895 0.107803 0.0119389 2.43623e-06 2.43882e-06 0.412102 2.43413e-06 2.43841e-06 0.0175635 0.0309707 0.0124301 0.312297 2.43819e-06 
0.000288017 0.00167325 1.45362e-07 0.000211538 9.09899e-05 0.000580678 0.000289846 8.40714e-05 0.00291247 4.08489e-07 1.44498e-10 6.91324e-06 0.00113524 0.903363 3.63685e-08 0.00020297 0.00290175 8.62294e-05 0.000106109 0.0860627 3.26615e-06 
0.000251022 0.00146816 2.8099e-07 4.22099e-08 0.00325543 0.000167824 0.000506443 1.03195e-10 0.0111786 0.00917845 0.000126241 7.53802e-05 6.75768e-07 0.891331 9.11831e-05 6.42079e-05 0.000655137 0.001149 0.000137073 6.72082e-10 0.0803644 
1.09115e-09 4.4984e-10 4.74697e-09 2.74803e-09 2.43565e-09 6.24219e-06 2.8286e-05 7.56965e-10 0.00967795 5.00808e-10 4.90384e-09 2.28892e-06 6.44481e-10 0.990262 7.74434e-09 1.26753e-09 3.31825e-10 2.21349e-05 1.11953e-06 4.92992e-09 1.59385e-09 
0.0533972 0.0295882 8.28551e-05 0.00199015 0.00496796 0.0414794 0.138447 0.00028988 0.0466517 0.0479777 4.78995e-07 1.66148e-05 0.00594577 0.325885 1.18131e-05 0.290485 0.00879437 7.10518e-05 9.65817e-05 0.00172403 0.00209775 
0.0383352 0.107815 0.000588671 0.00789147 0.000594286 0.0282973 0.02339 0.00463882 0.0698047 0.089623 0.000362895 0.00694152 0.0074747 0.564822 0.000661584 0.000147793 0.0413323 0.00089549 0.00427869 1.42421e-06 0.0021022 
0.000156817 0.0332873 1.7033e-07 0.000120606 2.20414e-05 0.0035345 0.0322254 0.000151241 0.214627 0.188704 1.56429e-07 2.28409e-05 0.00501944 0.216531 3.30531e-08 0.0116974 0.144662 2.1054e-05 2.4851e-10 3.29392e-10 0.149216 
0.0115569 0.110347 0.000368917 0.000316607 0.000732973 0.0028588 0.0482401 0.00317921 0.0946139 0.103899 0.000337575 4.01036e-05 0.0516636 0.244132 1.67163e-10 0.118469 0.192013 0.000329246 0.000606483 5.22882e-07 0.0162963 
1.08171e-10 6.33296e-07 4.70593e-10 2.45456e-07 2.4146e-10 0.000135521 0.0059154 7.50421e-11 0.00124226 8.7385e-07 0.000136899 5.43957e-07 6.38909e-11 0.992451 7.67738e-10 6.28411e-07 0.000113734 9.66064e-07 3.32219e-07 5.86963e-07 1.58007e-10 
0.00272781 0.0645339 3.52954e-05 4.14944e-06 0.00617286 0.280993 0.0915955 0.000373462 0.105647 0.0133096 1.7034e-05 7.40139e-05 0.032586 0.360059 4.81379e-10 0.0174309 0.0176184 0.00456988 0.0010767 0.00117075 4.95674e-06 
0.0523148 0.200274 0.000118401 0.00143199 0.0169653 0.0105209 0.0116283 0.0232976 0.106369 0.051179 0.0016507 9.1458e-10 0.0130272 0.317927 0.00317732 0.00218423 0.167493 0.000271369 0.000704017 0.000612937 0.0188519 
0.00158609 0.0392088 0.0232553 0.000819838 0.000153444 0.228381 0.0223739 0.000539317 0.0314526 0.201293 0.0274967 4.35371e-05 0.03803 0.33199 0.00521726 0.0218759 0.0128164 0.00242196 0.00201105 0.00772802 0.00130639 
0.0393006 0.103288 3.15629e-05 0.155866 0.00111316 0.00712485 0.0344425 0.000977456 0.0897873 0.0323026 7.33193e-06 0.000215337 0.0022029 0.411315 2.43926e-09 0.00637107 0.101515 0.000121921 0.000369158 3.57381e-05 0.0136129 
0.000581074 0.000581174 0.000580502 0.000580816 0.000580864 0.000581153 0.000581092 0.000581125 0.000581118 0.000581167 0.000580474 0.000580527 0.000581144 0.988382 0.000580028 0.000581047 0.000581193 0.000581056 0.000580659 0.000580472 0.000580995 
2.88845e-09 1.1908e-09 1.2566e-08 7.27449e-09 6.44758e-09 1.54417e-09 1.0072e-05 2.00381e-09 3.20239e-06 0.0167157 0.00364906 6.05917e-06 1.70605e-09 0.973875 2.05006e-08 3.35537e-09 8.78396e-10 0.0057404 9.84581e-09 1.30503e-08 4.21919e-09 
0.00121806 0.00121828 0.00121686 0.00121752 0.00121762 0.00121823 0.0012181 0.00121817 0.00121816 0.00121826 0.00121681 0.00121692 0.00121821 0.975647 0.00121587 0.00121801 0.00121831 0.00121803 0.00121719 0.0012168 0.0012179 
0.00750618 0.0335907 0.000136869 0.000567286 0.000794429 0.0094061 0.031404 0.0149731 0.022983 0.0345735 0.00023248 2.73878e-05 0.0160053 0.625865 0.000248484 0.00318303 0.111211 0.00169234 0.078837 1.37768e-08 0.00676224 
0.00451185 0.0848163 1.4849e-05 0.000676169 0.000990535 0.000703178 4.1538e-05 0.0475792 0.0601512 0.00122633 0.0160824 4.34645e-05 0.00229942 0.742393 6.04285e-07 0.000252692 0.0330547 0.000442647 0.00173392 0.000671774 0.00231433 
0.000412585 0.0102171 5.41256e-06 0.000505746 0.000504975 0.20689 0.0204544 0.0001683 0.00715169 0.0147905 4.27172e-05 0.0659961 0.00441713 0.648207 0.0048583 0.00119826 0.0135998 0.000174957 0.000362009 1.07112e-06 4.18539e-05 
0.0116567 0.0849616 1.65408e-07 0.151921 0.00795213 0.00877419 6.47189e-05 0.0063345 0.04561 0.236818 1.73728e-05 5.16741e-06 0.00141987 0.396619 2.69851e-07 0.000562646 0.000151658 4.19158e-08 8.73001e-06 9.97788e-06 0.0471121 
0.00966827 0.0141267 0.000139936 9.3983e-05 0.00902995 0.020132 0.0804952 0.000241201 0.0159576 0.126373 0.00033871 2.1412e-05 0.0136186 0.513371 0.00495748 0.0231976 0.0855445 2.40278e-05 0.00196945 0.00187983 0.0788198 
0.00501073 0.00884337 2.17117e-05 2.55519e-05 0.00068999 0.000199906 0.00124958 0.000122183 0.00582098 0.0555226 2.09238e-07 2.05223e-06 0.000154542 0.547078 5.57345e-10 0.000442302 0.35706 3.07064e-05 0.00149945 8.2313e-06 0.0162183 
0.00441025 0.0954029 0.000665496 0.00188643 0.00323397 0.0169121 0.0253945 0.00160705 0.0403205 0.00224976 0.000672547 3.19003e-05 0.0197061 0.661281 1.95855e-07 0.00088339 0.11198 0.000113535 2.00544e-06 3.37397e-08 0.0132456 
0.00154366 0.0077473 4.69497e-08 0.00019427 0.000119506 0.000446821 0.00162027 4.88561e-06 0.00653514 0.00259804 0.000956621 3.05442e-05 0.00112892 0.967621 7.65951e-08 3.94947e-08 0.00815031 0.00128522 3.3592e-06 4.87592e-08 1.37564e-05 
0.0250518 0.0945207 0.0429433 0.00081979 0.000424845 0.022297 0.00113868 0.00691807 0.0867268 0.0289544 0.00104622 0.000587194 0.0352011 0.344229 2.83538e-06 0.00019329 0.298573 0.000740343 3.34016e-05 0.00273848 0.00685937 
9.90405e-09 2.07499e-08 1.32894e-07 4.15506e-05 2.79852e-11 0.000158981 0.00274485 3.09829e-06 0.000439538 0.0134125 0.00195937 0.00113337 2.98784e-10 0.939184 8.8981e-11 0.000178556 0.00100469 0.0395453 7.35267e-05 1.01097e-07 0.000120683 
0.0179909 0.0177933 0.000197055 0.00302901 0.000975297 0.0222324 0.00856398 0.00928356 0.00358883 0.0960232 0.00023322 1.15634e-08 0.0403315 0.600626 1.03136e-07 0.0174907 0.0378608 0.000367863 0.0363581 0.00723282 0.0798214 
0.149839 0.0969498 0.00072808 0.0235004 0.0055655 0.021815 0.0416698 0.000320403 0.125597 0.139009 1.79905e-06 0.000831898 0.0882519 0.190853 2.22253e-07 0.0181399 0.0811945 0.00073212 0.0021043 0.0105699 0.00232679 
3.8743e-06 0.0084679 3.16314e-06 0.00671508 1.80133e-09 6.94615e-06 0.0248313 7.3343e-06 0.142117 6.1487e-06 5.08105e-06 3.37886e-09 4.76638e-10 0.817802 5.72746e-09 3.37567e-06 7.85549e-07 6.05047e-06 1.9808e-05 4.01425e-06 1.17876e-09 
0.0464195 0.0487912 7.55893e-07 0.000231433 3.19088e-09 7.64201e-10 1.47438e-05 0.000827341 0.00873265 0.000705574 0.171986 0.000601068 2.56573e-06 0.714713 1.01456e-08 4.10022e-07 0.00595734 0.000735254 0.000225489 6.45854e-09 5.59183e-05 
0.00428453 0.0345509 1.42523e-07 1.3797e-06 0.00154443 0.0928806 0.0615164 0.00315073 0.118144 0.0106357 1.30465e-06 1.37171e-07 0.0250589 0.5582 2.32516e-07 0.0172975 0.00817809 0.000410379 9.62584e-06 0.0506432 0.0134925 
0.0103148 0.0628812 1.00057e-08 4.64556e-06 0.00382562 0.0371013 0.0044081 3.66757e-07 0.039964 0.0419056 1.03364e-08 4.14768e-07 0.0154736 0.70357 1.63236e-08 0.00131096 0.039017 1.73488e-06 0.0197364 4.37332e-05 0.0204402 
0.00273138 0.00639517 3.22472e-07 1.05075e-05 0.000267194 0.000155848 0.00100273 0.000120237 0.00447409 0.0504042 9.8849e-08 9.60799e-08 1.25504e-06 0.536076 4.7992e-10 0.000354711 0.380707 2.02238e-05 0.00117985 2.01606e-07 0.0160994 
1.94229e-08 8.00735e-09 8.44981e-08 0.000107664 4.33557e-08 0.000120459 0.00012502 3.10044e-05 0.000314202 8.9146e-09 8.72904e-08 8.13248e-08 1.1472e-08 0.999272 1.37853e-07 2.25626e-08 2.89484e-05 2.14125e-08 6.62065e-08 8.77546e-08 2.83713e-08 
6.38248e-07 0.00582831 2.77666e-06 1.60741e-06 0.000456437 0.00191561 0.00075067 4.42774e-07 0.00306816 0.000110223 2.86841e-06 2.67238e-06 0.00118192 0.943417 4.52992e-06 9.54581e-05 0.0426765 7.03629e-07 0.000403747 7.85755e-05 9.32296e-07 
0.000787191 0.0149266 1.12509e-05 0.000153824 0.000308703 0.00120014 0.00279378 0.0073121 0.0176703 0.00796498 0.000132843 4.25782e-06 0.00199335 0.914916 1.10477e-06 0.00649785 0.020839 0.000180902 3.15553e-05 0.000146599 0.00212761 
0.0190206 0.0873802 2.96857e-06 0.0184181 2.97042e-06 2.9719e-06 0.063595 2.97176e-06 0.143537 0.0350722 2.96843e-06 2.9687e-06 2.97186e-06 0.443339 2.96615e-06 0.0888467 0.090058 0.0107 2.96938e-06 2.96842e-06 2.9711e-06 
0.00907543 0.0127519 6.10088e-08 5.5146e-06 9.98509e-07 0.0042778 0.00250674 6.04215e-05 0.0134601 0.00826768 1.11802e-06 8.82893e-08 0.000822826 0.581185 1.77387e-07 0.279317 0.0482704 0.000358444 0.03932 0.000222586 9.50775e-05 
0.00218254 0.0513129 4.33668e-06 0.000442486 0.000675797 0.107487 0.018303 0.000110093 0.0215494 0.00716465 0.000112099 6.27763e-05 0.0482688 0.713094 1.44668e-06 0.000423585 0.0281952 9.39019e-05 0.000286871 9.20929e-07 0.000228343 
0.00273138 0.00639517 3.22472e-07 1.05075e-05 0.000267194 0.000155848 0.00100273 0.000120237 0.00447409 0.0504042 9.8849e-08 9.60799e-08 1.25504e-06 0.536076 4.7992e-10 0.000354711 0.380707 2.02238e-05 0.00117985 2.01606e-07 0.0160994 
0.000404547 0.0564012 1.54867e-07 0.00333801 3.11428e-06 0.00879312 0.00249237 7.70297e-07 0.0253707 0.0409863 7.83986e-07 0.000596899 0.000991599 0.775274 6.29352e-09 0.0175911 0.0597251 0.00412907 0.000963561 0.00289634 4.1659e-05 
1.49851e-07 0.0420952 8.13877e-10 2.59181e-06 0.0180958 0.055941 1.97342e-06 1.29783e-10 0.192175 1.37392e-06 8.49182e-08 7.83312e-10 1.44763e-06 0.291336 1.32778e-09 0.00547871 0.00925332 2.06243e-10 0.226725 0.0037396 0.155153 
0.0106188 0.0270274 6.84317e-11 6.69534e-07 3.58177e-07 0.0174569 0.0168565 7.74884e-08 0.304426 3.32831e-07 3.04051e-07 7.91001e-08 5.00782e-07 0.335594 1.11641e-10 1.24621e-06 0.0231044 8.68101e-05 8.04807e-08 7.10691e-11 0.264826 
0.0409488 0.144366 5.54738e-07 0.00523068 2.84634e-07 1.53623e-06 0.000887829 0.0241146 0.0753794 0.000457692 3.88563e-05 5.33905e-07 0.0060278 0.679841 9.05016e-07 0.000764526 3.50625e-06 0.000752335 0.00041692 0.0193879 0.00137841 
0.000288017 0.00167325 1.45362e-07 0.000211538 9.09899e-05 0.000580678 0.000289846 8.40714e-05 0.00291247 4.08489e-07 1.44498e-10 6.91324e-06 0.00113524 0.903363 3.63685e-08 0.00020297 0.00290175 8.62294e-05 0.000106109 0.0860627 3.26615e-06 
2.92439e-07 3.2081e-06 1.51771e-06 1.42236e-07 1.14503e-10 0.0161429 0.0215072 1.77965e-07 0.0785613 0.108052 3.02024e-06 5.37164e-07 2.41476e-06 0.429915 3.6407e-10 1.08457e-06 0.0269556 0.000638295 1.95852e-06 0.318211 1.54361e-06 
0.00696193 0.0155076 0.000424836 6.0216e-08 0.112442 0.0010129 0.0234581 1.26737e-05 0.0144489 0.00197744 1.07455e-07 1.00111e-07 0.0125721 0.810034 1.69698e-07 2.85561e-05 0.000517815 5.74544e-05 0.000491803 8.4673e-06 4.37063e-05 
0.00960344 0.0318841 0.0318674 0.0103379 0.00626982 0.181811 0.000194176 0.0215174 0.0173428 0.0874385 2.7356e-07 3.3156e-05 0.00440614 0.398028 1.89567e-05 0.013315 0.0102872 1.26129e-05 0.161826 1.67144e-07 0.0138059 
0.00653118 0.0937036 6.80463e-05 8.46152e-05 0.000579838 0.0052259 0.05771 0.000130116 0.0323833 0.0022132 5.38563e-05 4.46063e-05 0.00415635 0.750073 2.4487e-06 0.000215399 0.040441 5.83436e-05 1.17604e-06 1.5588e-06 0.00632289 
0.0254229 0.301333 0.000119139 0.000652511 0.00988479 0.0344377 0.00046205 0.0152767 0.158824 0.0113701 0.00386931 1.30192e-06 0.045 0.343258 2.67646e-06 0.00447934 0.0362009 0.00129813 0.00431679 0.000642755 0.00314898 
0.00029918 8.63647e-05 3.34295e-05 1.93524e-05 1.71526e-05 4.10797e-06 6.86866e-06 5.33077e-06 5.67578e-06 3.52684e-06 3.45342e-05 3.21741e-05 4.53863e-06 0.999243 5.45379e-05 8.92633e-06 6.09795e-05 8.47133e-06 2.61929e-05 3.47179e-05 1.12244e-05 
0.0168882 0.0569247 0.00715385 0.000679253 0.00249936 0.000977162 0.00877356 0.0460881 0.0879752 0.00648654 0.000471196 0.0447346 0.049872 0.4956 7.18122e-08 0.00559302 0.122 0.00843063 7.25705e-05 5.21909e-05 0.0387276 
5.20416e-07 0.010824 3.26411e-05 6.01882e-07 8.91208e-11 2.48978e-07 0.000673004 2.76974e-11 0.0382201 1.7474e-07 4.70493e-07 0.000670469 2.35816e-11 0.947128 2.83366e-10 9.29102e-07 0.00187836 0.000453507 0.000116766 5.20897e-07 4.07299e-09 
0.00949054 0.0335652 2.8352e-06 4.03062e-05 0.000382182 6.74838e-06 0.0064629 0.0117103 0.0486661 0.00156657 0.00174306 2.25851e-06 0.0642263 0.803016 2.71248e-06 0.00342016 0.0152623 3.64032e-06 0.000360606 3.06008e-07 6.88329e-05 
0.0173372 0.131303 0.00294133 0.00350986 0.00704974 0.0271548 0.139713 0.000603707 0.0296755 0.0964992 0.0017132 0.000182692 0.0105638 0.389983 2.88182e-07 0.0431103 0.0183286 0.000464586 0.0418894 7.62335e-05 0.0379007 
0.0154851 0.0337569 1.4007e-08 0.026292 0.00173976 0.00925602 0.0254183 0.00116991 0.0180916 0.112972 0.000978559 0.0556518 0.036079 0.309612 0.0286394 0.00393837 0.00880706 0.084135 0.227859 6.63693e-05 5.21824e-05 
0.00346323 0.00652596 0.00310573 0.0143408 0.000130057 0.00951615 0.00718428 0.00225556 0.0256297 0.287158 0.00011225 0.000511406 0.0100986 0.571659 1.65821e-08 0.00424491 0.0127512 0.0117215 0.00532958 0.00779979 0.0164619 
0.0173208 0.000147739 6.14755e-09 8.54473e-06 3.15429e-09 7.55438e-10 3.03274e-06 8.82375e-06 4.66567e-05 6.81064e-06 6.35071e-09 2.3726e-06 1.75357e-06 0.982427 1.00293e-08 1.80731e-06 2.24754e-05 2.02676e-06 4.81677e-09 6.38448e-09 2.06412e-09 
0.0228646 0.274064 1.44987e-07 0.0983959 5.71065e-07 0.0039681 0.00289604 0.00419358 0.230315 0.00180966 0.000158679 6.06545e-05 0.00272974 0.354684 7.872e-09 2.98951e-06 0.00204479 0.00120288 0.000605971 2.80331e-06 5.35471e-07 
0.0828016 0.189529 4.03613e-05 5.4984e-05 0.0062153 0.00656747 0.00933853 0.00380191 0.1686 0.00670108 5.07856e-09 4.73148e-09 0.0165087 0.372411 8.02027e-09 0.000898313 0.118072 1.18407e-05 3.18517e-07 1.39962e-05 0.0184332 
0.00961393 0.00237029 0.0168818 0.0911115 0.00111347 0.0218539 0.000199769 0.00027365 0.0720185 0.0521745 2.07385e-05 1.08133e-05 0.00902006 0.706441 1.56855e-05 6.04363e-08 1.58215e-08 0.000506373 0.0105545 5.65916e-05 0.00576257 
0.0318477 0.0103096 5.86115e-06 0.000317579 0.000768159 0.00454989 0.0299531 0.042394 0.000183372 0.00560368 3.24671e-06 3.41252e-06 0.0149644 0.792259 6.3025e-06 0.0104308 0.0279239 1.35185e-05 0.00198752 3.0134e-07 0.0264747 
0.00652297 0.0399037 9.62885e-05 0.000317079 0.0200989 0.150397 0.0574316 0.00647394 0.0883777 0.0761882 0.00672032 1.03772e-05 0.0558959 0.408508 1.21955e-05 0.00740019 0.0271336 0.011066 0.00370293 0.000161912 0.0335804 
9.90405e-09 2.07499e-08 1.32894e-07 4.15506e-05 2.79852e-11 0.000158981 0.00274485 3.09829e-06 0.000439538 0.0134125 0.00195937 0.00113337 2.98784e-10 0.939184 8.8981e-11 0.000178556 0.00100469 0.0395453 7.35267e-05 1.01097e-07 0.000120683 
0.000787679 0.082245 0.000387011 0.0183879 0.0025338 0.0560593 0.0357143 0.00150312 0.262848 0.0572909 0.000912471 0.000183189 0.0617647 0.324608 3.99141e-06 0.0513362 0.0247294 0.0146118 0.00103698 0.000239694 0.00281708 
0.0043111 0.0271426 1.48783e-08 1.29541e-06 0.00125239 0.000454097 0.00773634 0.000207765 0.104845 0.00291295 5.71301e-05 4.8119e-07 0.00594569 0.796172 2.42729e-08 3.9728e-09 0.0445499 7.17584e-05 1.16576e-08 0.00136788 0.00297147 
1.75668e-05 0.0825959 1.75495e-05 1.7559e-05 1.75604e-05 0.191522 0.0720436 1.75683e-05 0.161644 1.75696e-05 1.75487e-05 1.75502e-05 0.0369123 0.27581 1.75352e-05 0.0386627 0.140581 1.75662e-05 1.75542e-05 1.75486e-05 1.75644e-05 
0.00293024 0.0161948 3.16229e-06 0.000186371 0.0113198 0.0418101 0.12677 0.0151705 0.0873637 0.0868557 0.000235348 0.00126106 0.00392796 0.328533 6.98147e-06 0.00261551 0.258599 0.00074348 0.000229814 3.34988e-05 0.0152097 
0.000616291 0.230621 0.00962179 0.00111917 0.0020852 0.00206338 0.0422017 0.0110527 0.232865 0.0666602 2.45136e-06 0.000977761 0.0453352 0.264436 1.70018e-08 0.00403757 0.0540628 0.000321965 0.00499317 0.0255132 0.00141398 
5.89056e-07 2.42846e-07 2.56265e-06 1.48352e-06 1.31489e-06 3.1491e-07 5.2654e-07 4.08648e-07 4.35096e-07 2.70361e-07 0.00370893 2.46641e-06 3.47923e-07 0.995066 4.18078e-06 6.84277e-07 0.00035845 0.000844867 2.00791e-06 2.66142e-06 8.60441e-07 
0.00104447 0.0123821 5.00113e-11 2.89516e-11 3.46941e-08 6.94132e-07 9.07113e-08 0.00541233 2.49329e-07 2.0055e-07 5.1664e-11 4.81332e-11 0.000411988 0.980607 8.15899e-11 4.70302e-07 8.75984e-07 8.003e-09 3.91852e-11 5.0012e-08 0.000139586 
0.000932838 0.145202 7.36178e-06 0.000631528 5.78274e-05 1.62958e-05 0.00275861 0.0515926 0.00980182 0.221719 0.0120213 1.69062e-06 0.00289049 0.475796 4.85034e-09 0.000290992 0.0666038 0.00409799 0.00487036 2.18846e-05 0.000685643 
0.0156031 0.027325 1.75701e-08 0.00299185 9.67536e-08 0.0114705 0.190887 0.0368214 0.156529 0.0109295 1.21762e-07 0.00117044 0.0490487 0.288627 1.1852e-10 0.000327369 0.205722 0.000887161 0.000462993 7.54481e-11 0.00119679 
0.0313118 0.0787333 5.25562e-07 0.0181241 0.000405537 0.00255281 0.000388866 0.000274643 0.168356 0.0158221 1.60626e-05 0.0018298 0.00140088 0.542656 4.17982e-10 7.65997e-05 0.127265 0.000176289 5.251e-05 0.010186 0.000370976 
0.0394934 0.167556 0.000418189 0.0132694 0.00286144 0.0561645 0.069299 0.0398191 0.0641721 0.174987 0.00397532 0.000368325 0.0132589 0.201481 3.45459e-09 0.0108608 0.11497 0.00999484 0.0125244 0.00114416 0.0033823 
8.03458e-06 0.0132487 0.0087832 0.000144968 1.29242e-05 0.0141689 0.0356877 0.00020233 0.0109848 0.204777 0.000516705 9.24351e-07 5.05685e-05 0.701395 9.63763e-08 3.708e-05 0.00466382 0.00470552 0.000109029 5.07322e-05 0.000452132 
0.0964717 0.0566571 5.9892e-07 1.5684e-05 0.00140797 7.35979e-08 0.000579627 0.000778122 0.00805383 0.0254241 6.18712e-07 5.76428e-07 0.070725 0.57087 9.77095e-07 0.00696739 0.0370897 1.51772e-07 0.000311011 4.06408e-06 0.124642 
8.71768e-10 3.59398e-10 3.79257e-09 4.39323e-06 1.94596e-09 0.00841237 1.2235e-05 1.81493e-06 1.2557e-05 2.59281e-05 0.0485897 4.74884e-06 5.14906e-10 0.94291 6.18731e-09 1.01269e-09 4.02994e-06 1.1726e-05 1.04035e-05 3.93874e-09 1.2734e-09 
0.0121496 0.0080616 5.5504e-05 0.000827847 0.000315214 0.00595922 0.00211523 5.57848e-07 0.00691863 0.109922 6.87151e-05 0.00674079 1.28401e-06 0.773383 1.37509e-09 0.0212048 0.0152571 0.000553533 0.00171112 0.00211446 0.0326404 
0.00921556 0.154674 0.000412362 0.000136974 0.00257439 0.0271062 0.0291951 0.00401464 0.115387 0.0834126 0.0857242 1.8874e-06 0.0154833 0.257409 8.33351e-10 0.0134619 0.0355178 0.000394043 0.00136053 0.164227 0.000291646 
0.01432 0.0487409 6.25347e-06 0.00128451 0.00147869 0.0370869 0.0843808 0.00467975 0.238086 0.0277393 3.13116e-05 0.000627701 0.0168277 0.273963 7.53467e-10 0.00063012 0.235503 0.000307968 0.000517303 0.00436209 0.00942739 
0.00307947 0.0081727 6.21815e-10 1.45527e-06 3.19051e-10 0.00872028 5.56003e-06 1.45693e-07 0.0274684 0.0305427 5.77349e-07 0.000270403 2.20171e-06 0.890669 2.32009e-07 1.10132e-06 0.0301366 0.000924654 2.6443e-06 6.4578e-10 1.45105e-06 
0.0106501 0.188967 7.13626e-06 0.00380942 0.00416923 0.0431471 0.00966662 0.0194956 0.0301056 0.0467894 0.000154779 0.000296434 0.00811452 0.567649 3.26623e-09 0.00266108 0.0583928 0.00111135 0.00113771 0.000953997 0.00272093 
0.00273138 0.00639517 3.22472e-07 1.05075e-05 0.000267194 0.000155848 0.00100273 0.000120237 0.00447409 0.0504042 9.8849e-08 9.60799e-08 1.25504e-06 0.536076 4.7992e-10 0.000354711 0.380707 2.02238e-05 0.00117985 2.01606e-07 0.0160994 
0.0124022 0.0555925 0.000818874 0.00306779 0.00655363 0.0115288 0.015935 0.0159561 0.0216632 0.0663513 0.141456 0.000134967 0.0399137 0.516209 0.000100849 0.0308104 0.0246652 0.00301269 0.00506008 0.0016401 0.0271273 
0.00273138 0.00639517 3.22472e-07 1.05075e-05 0.000267194 0.000155848 0.00100273 0.000120237 0.00447409 0.0504042 9.8849e-08 9.60799e-08 1.25504e-06 0.536076 4.7992e-10 0.000354711 0.380707 2.02238e-05 0.00117985 2.01606e-07 0.0160994 
0.00240948 0.0247989 2.54702e-07 1.47447e-07 0.00213595 0.031869 0.00128705 6.24505e-05 0.147794 0.00191998 2.63119e-07 1.4333e-05 0.00115363 0.770645 8.06405e-05 0.00189364 0.0136058 5.79318e-05 8.8333e-05 9.14745e-05 9.2297e-05 
0.000412585 0.0102171 5.41256e-06 0.000505746 0.000504975 0.20689 0.0204544 0.0001683 0.00715169 0.0147905 4.27172e-05 0.0659961 0.00441713 0.648207 0.0048583 0.00119826 0.0135998 0.000174957 0.000362009 1.07112e-06 4.18539e-05 
0.00742248 0.187459 0.00016184 0.0763906 0.000723117 0.00169623 0.0176295 0.0172313 0.111832 0.0197193 0.12281 1.67479e-07 9.01172e-05 0.292989 5.49012e-10 0.0413068 0.0873621 0.0126124 4.83685e-05 3.49492e-10 0.00251632 
0.0158713 0.0742981 1.31158e-05 0.000448989 0.0188588 0.00360662 0.0009889 0.00159142 0.0402053 0.00804347 1.44453e-06 5.52265e-06 0.121794 0.627895 2.28126e-06 0.000152509 0.0449147 5.55004e-05 7.33237e-05 4.43993e-05 0.0411346 
0.000288017 0.00167325 1.45362e-07 0.000211538 9.09899e-05 0.000580678 0.000289846 8.40714e-05 0.00291247 4.08489e-07 1.44498e-10 6.91324e-06 0.00113524 0.903363 3.63685e-08 0.00020297 0.00290175 8.62294e-05 0.000106109 0.0860627 3.26615e-06 
0.00755516 0.0683825 0.00222596 0.0164098 0.00108968 0.0728072 0.248187 0.0228084 0.0420828 0.0489555 0.00644644 0.0216553 0.00968781 0.285096 5.2812e-09 0.0134237 0.116012 0.0133021 0.000280989 0.0027943 0.000797327 
0.0160485 0.0823427 2.89948e-07 0.000217132 0.000126189 2.31686e-07 3.92298e-12 0.0178853 0.0164747 0.00328817 0.268186 6.71801e-05 0.000184293 0.54239 3.11489e-11 2.95758e-06 0.0480003 0.000560292 0.00288818 1.98289e-11 0.00133705 
0.0812516 0.00305576 1.66461e-07 3.76496e-05 0.0176312 0.0384808 0.000481173 0.000110602 0.0111005 0.163133 0.000997455 1.6021e-07 0.0476826 0.530817 0.000554261 0.00194034 0.00575775 0.000642374 0.0627647 2.23393e-05 0.0335382 
0.00353289 0.0399514 0.0041867 0.000784887 0.00117478 0.0782093 0.126429 0.0218715 0.0422316 0.074686 0.000764329 0.00170951 0.0110884 0.40009 5.61886e-07 0.00253453 0.184117 0.000577214 0.000372346 0.00176233 0.00392631 
0.0228511 0.0193384 0.000470004 0.0096913 0.0182283 0.0766498 0.139753 0.00162879 0.0945891 0.115618 0.00192188 5.88052e-06 0.0142367 0.262366 1.24605e-07 0.00436909 0.190799 0.000608121 0.000990892 0.00040505 0.0254789 
0.0283981 0.0869169 9.27151e-08 1.39478e-06 0.00103228 0.0084878 0.00532945 0.000155812 0.32131 0.0722325 1.39565e-05 8.92332e-08 0.00425075 0.422004 1.51258e-07 0.00208323 0.00728871 2.08744e-05 1.77426e-05 0.0250893 0.0153673 
0.0237034 0.0132548 0.000690475 0.000603451 0.000265385 0.0387585 0.296621 0.0078053 0.00385397 0.241869 0.000364921 0.00058378 0.0262836 0.32015 1.42659e-07 0.00338492 0.00942197 0.00785359 0.00234739 5.86762e-05 0.00212521 
0.039112 0.0770516 9.98188e-09 0.000900003 0.000756925 0.00880394 0.00168022 0.0153666 0.0288645 0.00979754 1.03117e-08 1.26003e-05 0.00164018 0.572085 1.62847e-08 0.000843854 0.149177 4.56033e-05 0.000469711 2.59762e-05 0.0933666 
0.00424369 0.0361544 0.0132186 0.00588725 0.000983011 0.107399 0.0169956 9.03938e-05 0.0812744 0.0904764 0.000884766 5.13046e-06 0.144243 0.297045 1.15026e-05 0.0125439 0.0998209 0.000320498 0.0161438 0.00758463 0.0646748 
0.000247249 0.0015667 1.09782e-09 5.72609e-07 5.0752e-07 1.34904e-10 2.25565e-10 1.75061e-10 0.0303529 0.00300337 0.00221467 1.05659e-09 1.49047e-10 0.962608 1.79101e-09 3.8404e-06 6.98411e-07 6.67949e-07 3.44928e-07 7.99226e-07 3.68605e-10 
0.0930682 0.0762388 0.00546467 0.00961291 0.000599252 0.00430268 0.00695762 0.0229068 0.200882 0.0424978 6.00179e-07 2.88529e-06 0.0224381 0.299781 9.47827e-07 0.00282386 0.0135141 3.87392e-05 0.00159483 0.000249353 0.197025 
0.0108996 0.0615646 2.10783e-05 0.0059998 0.000206064 0.0619541 0.0096578 0.00415846 0.0437243 0.141432 0.000129742 0.0522559 0.00164273 0.318635 1.26903e-07 0.000443668 0.190836 0.00114478 0.0889918 4.33476e-08 0.00630279 
0.0594025 0.022291 0.00163083 2.53959e-07 0.00222546 0.00758838 0.0293145 3.6819e-09 0.0932349 0.203069 3.28655e-05 2.22223e-08 8.66638e-07 0.397057 3.76687e-08 0.0202331 0.0325295 8.48392e-07 7.40796e-06 2.39792e-08 0.131382 
0.0139801 0.0755084 0.000274015 0.00111146 0.00195792 0.0276408 0.22344 0.00241599 0.062231 0.16227 0.00696254 0.0555266 0.00584164 0.27442 0.000505695 0.000620445 0.0818741 0.00194406 0.000187057 0.000482458 0.000806222 
0.0233924 0.0484019 3.82064e-06 0.000114565 0.0245182 0.00920355 0.00388626 0.00771059 0.0434645 0.0308744 0.105753 0.000174082 0.015815 0.441259 0.00549454 0.00124054 0.212363 0.00127964 0.00102978 1.12832e-05 0.0240093 
0.196474 0.0135078 7.1823e-05 0.000167696 0.000287052 0.0127629 0.0114996 0.0338088 0.00270713 0.0123874 2.30685e-06 0.00153064 0.0112211 0.627331 2.14094e-05 0.003738 0.0486179 7.81659e-06 0.0123371 8.22252e-05 0.011437 
0.0180639 0.0299297 3.54603e-08 0.00173593 0.00059928 0.0162239 0.013574 0.00234858 0.0724784 0.034171 3.21518e-09 9.06566e-05 0.0277208 0.455762 1.46163e-06 0.00177906 0.299226 2.55429e-05 0.000459603 0.000812463 0.0249974 
1.01842e-07 4.19859e-08 5.09239e-05 2.39136e-05 0.0002031 0.225968 6.01838e-05 4.28724e-06 7.5224e-08 0.0586571 0.000150283 1.19943e-05 2.87802e-05 0.708275 7.22818e-07 0.00036128 2.27145e-06 6.81351e-05 0.00609908 4.60134e-07 3.43169e-05 
0.014143 0.0785956 3.59414e-07 8.47027e-05 0.00182814 0.0103923 0.00267258 0.000167798 0.214902 0.14692 4.63398e-05 5.45374e-07 0.0123326 0.369183 0.00224479 0.0321506 0.0179597 0.000134328 0.0236768 0.000180563 0.0723851 
0.00497502 0.14944 0.140217 0.00286801 0.011431 0.00212175 0.000854035 0.0638495 0.00781456 0.0302918 6.08127e-05 0.000136758 0.00129939 0.54596 1.67656e-09 0.000322169 0.00826513 0.000513809 0.0279493 1.84258e-05 0.00161104 
0.00314937 0.0452495 4.7465e-05 0.000563012 9.89167e-08 1.25075e-11 5.51587e-06 0.087426 0.0134632 0.0158566 0.0949774 4.62782e-07 0.00153664 0.475862 1.66051e-10 2.82456e-08 0.00564253 0.00371648 0.247486 8.18353e-06 0.00501003 
2.13956e-07 0.000163637 9.308e-07 0.00147437 7.51684e-05 1.14381e-07 1.91249e-07 2.02663e-05 0.203395 0.00733703 8.78478e-05 0.000766618 0.00947794 0.767285 1.51853e-06 4.68923e-05 1.56678e-05 1.91917e-05 2.861e-05 9.66673e-07 0.00980279 
