0.000104735 0.000155934 1.08958e-06 6.30759e-07 0.00293697 0.00178204 0.000503632 2.25586e-05 0.000174965 0.0197238 5.63696e-05 1.04866e-06 0.000161691 0.478622 1.77757e-06 0.00107659 7.61643e-08 2.76109e-07 0.357581 1.13157e-06 0.137092 
0.00546142 0.22425 9.72197e-05 0.000417444 0.00173313 0.0135648 0.0241607 0.0716014 0.0260129 0.0887219 0.0483642 0.0556604 0.01357 0.24287 1.31505e-05 0.00384683 0.168635 0.000854395 0.0029504 0.00176348 0.00545059 
0.061753 0.0475571 0.000216084 1.91258e-05 0.0044097 0.0224484 0.0540042 0.00343849 0.107602 0.151231 0.000249781 3.76025e-08 0.151366 0.247548 7.97879e-07 0.0458659 0.0869542 3.22835e-06 8.24788e-10 4.09929e-06 0.0153294 
0.000359989 0.018182 0.000106507 0.000139068 0.000922615 0.000179291 0.00506983 0.00134518 0.000234779 0.00417647 8.66819e-05 0.000110129 0.000121538 0.946602 8.43759e-08 0.000428815 0.00360375 0.00144883 0.00109972 0.00659456 0.00918864 
0.000740492 0.0304335 0.000300946 0.000196426 0.00176258 0.0035601 0.0359137 0.000147413 0.0503966 0.0208726 0.000418129 0.000128505 1.99312e-05 0.821417 0.000133751 0.000490309 0.0288346 0.000151245 0.00402831 5.38131e-05 1.19789e-07 
0.0126954 0.0896096 9.1518e-06 0.00125154 1.40862e-09 3.37358e-10 0.00799852 1.19561e-06 0.0518293 0.0473386 2.83605e-09 2.64223e-09 7.2889e-08 0.700237 4.47881e-09 0.00453575 0.000763967 7.84943e-05 2.76966e-06 2.85113e-09 0.0836483 
0.0111479 0.122962 3.82618e-05 1.09306e-06 0.0123443 0.00259768 0.0222206 0.00185604 0.323705 0.0129631 0.00416047 0.000152819 0.00303821 0.359175 2.92309e-07 0.0082867 0.0119966 0.000380774 0.00156817 0.015315 0.0860895 
0.00473317 0.0407421 6.36399e-06 0.00320223 0.00151069 0.00316328 0.0403707 0.00128946 0.0219207 0.305433 0.0283977 1.45933e-05 0.0024136 0.474773 4.71039e-08 0.0127206 0.0364599 0.00710001 0.00201426 3.82678e-06 0.0137313 
0.00907543 0.0127519 6.10088e-08 5.5146e-06 9.98509e-07 0.0042778 0.00250674 6.04215e-05 0.0134601 0.00826768 1.11802e-06 8.82893e-08 0.000822826 0.581185 1.77387e-07 0.279317 0.0482704 0.000358444 0.03932 0.000222586 9.50775e-05 
0.0151913 0.0052051 0.000640248 0.000367121 0.00318526 0.00673179 0.115771 8.88569e-05 0.0453448 0.0346125 1.09561e-05 2.48551e-07 0.000264345 0.753647 4.21315e-07 0.00229136 0.00657159 1.04026e-05 0.000174468 2.68202e-07 0.00989158 
0.0042922 0.0537497 7.06301e-06 0.000238258 0.00056708 0.00146209 0.00143192 4.58395e-05 0.0435416 0.015819 3.68803e-08 2.12387e-06 0.0131721 0.826382 5.82429e-08 0.000730032 0.0380656 9.90463e-06 0.000254039 0.000105649 0.000123756 
0.0252019 0.0657186 2.01478e-05 0.00109452 0.000476939 0.0453678 0.0175929 0.00408939 0.106379 0.0899269 0.000734849 3.31872e-05 0.00297918 0.520905 3.20006e-08 0.0179208 0.0807043 0.000802164 0.000605976 0.000335256 0.0191109 
9.90405e-09 2.07499e-08 1.32894e-07 4.15506e-05 2.79852e-11 0.000158981 0.00274485 3.09829e-06 0.000439538 0.0134125 0.00195937 0.00113337 2.98784e-10 0.939184 8.8981e-11 0.000178556 0.00100469 0.0395453 7.35267e-05 1.01097e-07 0.000120683 
9.93152e-05 0.00202332 0.00109951 0.000232503 1.66743e-05 0.0120001 0.200744 0.00011197 0.00117233 0.000792047 0.00566314 3.86173e-06 0.0437774 0.701869 2.73908e-07 0.0060705 0.00408367 0.00159037 0.0186251 8.40574e-06 1.64215e-05 
0.000137262 3.49504e-05 3.72548e-07 5.99807e-05 0.00797798 0.0509471 0.0951209 3.57105e-06 0.0275141 0.0801158 2.28224e-05 8.89853e-05 8.30521e-05 0.708769 6.07785e-07 0.000120026 0.0278108 5.3468e-05 2.43783e-05 3.86906e-07 0.00111448 
0.00554265 0.0903448 1.18116e-11 0.00051146 0.000591488 0.00414791 2.4269e-12 0.0182128 0.0364595 0.000244681 0.203244 3.11418e-05 0.00158696 0.579266 1.25635e-07 7.87833e-06 0.0589053 0.00083167 9.99871e-06 1.22668e-11 6.21705e-05 
0.00847554 0.0337392 2.66231e-05 0.000149061 0.016002 0.0366645 0.193498 0.0129123 0.0262178 0.0715234 0.00516596 8.57298e-06 0.0341199 0.337958 1.90428e-05 0.0314988 0.176972 0.000113406 0.00345674 0.000679023 0.0108002 
0.0981023 0.0682417 0.00255569 0.000152552 0.00673215 0.00766385 0.0505216 0.00168825 0.0527932 0.139218 8.93499e-05 0.000326228 0.0324381 0.359604 3.64865e-08 0.00309575 0.138309 2.36674e-05 5.50379e-05 0.0085477 0.0298415 
0.00671022 0.0178105 1.87613e-06 0.000239333 0.0152395 0.00121922 0.299873 1.98371e-05 0.0798227 0.0519916 8.44425e-07 7.86715e-07 0.0382014 0.374599 1.33355e-06 0.0374403 0.0679708 1.08313e-05 0.00313002 0.000502437 0.00521485 
0.0162774 0.0193365 4.17175e-05 0.00368383 0.00601418 0.0512049 0.0258491 5.05027e-05 0.0209723 0.165533 0.0313459 2.10281e-05 0.0098896 0.46526 7.0857e-08 0.000839019 0.0875127 0.09437 0.000812838 2.84425e-05 0.000956385 
0.00599017 0.0532872 0.00411133 0.00190573 0.0259126 0.0143986 0.0663563 0.00547061 0.0669182 0.0979538 0.00169332 0.0021679 0.00946322 0.340154 9.37645e-11 0.014646 0.273064 0.000402074 0.00163899 0.00148319 0.0129824 
0.0100603 0.116807 0.000264304 0.0717313 0.00101246 0.0386186 0.00669495 0.00795786 0.247524 0.046283 0.000181959 0.000127426 0.0249764 0.298041 2.55666e-08 0.00699641 0.109631 0.000358311 0.00759812 0.00372109 0.0014147 
0.00273138 0.00639517 3.22472e-07 1.05075e-05 0.000267194 0.000155848 0.00100273 0.000120237 0.00447409 0.0504042 9.8849e-08 9.60799e-08 1.25504e-06 0.536076 4.7992e-10 0.000354711 0.380707 2.02238e-05 0.00117985 2.01606e-07 0.0160994 
0.0140201 0.0738951 0.000885712 0.00138921 0.0361439 0.0523283 0.00953288 0.00673153 0.106085 0.176797 0.00270669 0.000227526 0.042435 0.294603 0.000627076 0.0116909 0.146497 0.00594858 0.00017828 0.00135363 0.0159241 
0.0425705 0.0340506 0.0263422 0.00223576 0.00451891 0.0485089 0.0127727 0.00447918 0.0937139 0.132194 0.0451777 0.000482881 0.017142 0.327461 2.4026e-06 0.0328556 0.151411 0.000779196 0.00205928 0.00408384 0.0171585 
0.0168716 0.0164744 1.33598e-07 0.000832339 1.97581e-06 0.0184952 0.003974 0.0240461 0.0592922 0.0801806 0.0386452 1.02043e-05 0.123938 0.317555 1.53431e-09 0.0041106 0.131811 0.000647514 0.000640952 9.76713e-10 0.162473 
0.000138292 0.00299195 7.64089e-06 1.57993e-05 0.000201751 0.000201807 0.0195686 0.000504008 0.0495136 0.0741801 8.39801e-06 2.64019e-05 0.00375244 0.786052 2.63116e-06 0.00519227 0.022188 6.51108e-06 3.28714e-05 1.33005e-06 0.0354134 
0.00273138 0.00639517 3.22472e-07 1.05075e-05 0.000267194 0.000155848 0.00100273 0.000120237 0.00447409 0.0504042 9.8849e-08 9.60799e-08 1.25504e-06 0.536076 4.7992e-10 0.000354711 0.380707 2.02238e-05 0.00117985 2.01606e-07 0.0160994 
0.013849 0.00520715 1.53593e-05 0.000150931 0.064127 0.00935363 0.0833956 0.0145056 0.027313 0.0153536 0.00405257 0.0153808 0.010384 0.529275 1.7463e-06 0.0502216 0.0725978 0.000669572 0.0629579 0.00253113 0.0186574 
0.0108996 0.0615646 2.10783e-05 0.0059998 0.000206064 0.0619541 0.0096578 0.00415846 0.0437243 0.141432 0.000129742 0.0522559 0.00164273 0.318635 1.26903e-07 0.000443668 0.190836 0.00114478 0.0889918 4.33476e-08 0.00630279 
0.00685292 0.0508388 1.32099e-06 0.00115414 0.00226539 0.0379782 0.000117134 0.0040331 0.197139 0.0541935 3.11439e-05 2.9284e-05 0.0709142 0.395732 3.52548e-06 0.00385308 0.0222182 0.000215612 0.0435408 0.00332512 0.105563 
0.000221508 0.00524075 2.39642e-05 1.80139e-07 2.87777e-06 0.000182896 0.00797348 0.00123299 0.000613204 0.00939251 0.00123653 3.7612e-05 0.00217243 0.965984 5.07657e-07 3.70361e-06 0.00552564 3.22296e-06 4.83145e-06 8.62991e-05 6.08356e-05 
0.00298107 0.0120279 2.58607e-05 0.000525276 0.000464805 0.0365279 0.0415722 4.36777e-05 0.104677 0.0305101 0.00165886 0.143045 0.00210807 0.60109 7.03602e-06 0.0012675 0.00673882 0.00162642 0.000278395 0.0071691 0.00565537 
0.143827 0.123803 0.000112782 0.000673999 0.0185792 0.0219302 0.0068966 0.00568024 0.0156326 0.118594 0.0373899 0.00251233 0.0128241 0.377917 1.27703e-10 0.00626673 0.0519432 0.00346757 0.0125278 0.00797379 0.0314497 
0.0081417 0.0188262 0.00404616 0.000950179 0.0085839 0.0353339 0.122283 0.000582839 0.0729335 0.17192 0.00563753 0.00500781 0.0571021 0.310563 5.01061e-05 0.0463178 0.113037 0.0005946 0.000940411 0.000353582 0.0167951 
0.0130846 0.0342268 2.6023e-05 0.00103013 0.00485927 4.116e-07 3.93633e-07 0.0141642 0.0167716 0.141044 4.90639e-05 1.2021e-08 0.0274811 0.374157 9.19249e-11 0.0392995 0.230076 0.000222172 0.00238795 0.00324666 0.0978733 
0.169229 0.162881 8.66167e-06 0.00215444 0.00374238 0.00251567 0.00614307 0.0146742 0.053911 0.0205077 0.00051779 3.76556e-05 0.00524758 0.39231 0.000478663 0.0193047 0.0606722 0.0771452 0.000506484 0.00295304 0.00505949 
0.0141667 0.0398393 8.4216e-06 0.011865 0.000641606 0.0032303 0.00103443 0.0462476 0.0258561 0.0126326 1.46711e-05 0.00012984 0.0241358 0.73129 1.55664e-07 0.00258869 0.0193531 0.00162405 0.0470958 0.00118897 0.0170567 
0.00865014 0.0589878 0.000163366 0.000458989 0.00106545 0.0419894 0.0821705 0.0801686 0.0197395 0.0252863 0.000458666 7.29399e-05 0.0038501 0.354535 1.83496e-05 0.00647631 0.159304 0.000257308 0.0526919 0.101911 0.00174499 
0.00469309 0.0155311 5.49884e-07 0.00352204 0.00625421 0.262657 0.131926 0.00783615 0.0465827 0.00642977 2.09512e-06 0.00802791 0.0061346 0.313457 8.68755e-08 0.00100601 0.177715 0.000108292 0.00160197 3.35208e-05 0.00648104 
0.00387749 0.00140902 1.36134e-07 0.00108061 0.00234274 0.242909 0.0071087 5.20611e-12 0.0392438 9.77374e-07 1.09654e-07 6.95646e-08 0.0126025 0.349296 5.32626e-11 0.0195783 0.314141 0.000809058 0.00177616 0.00382206 1.87285e-06 
0.0169257 0.0427931 3.7005e-06 0.00011989 0.0489614 0.0496777 0.00526363 0.00252514 0.150711 0.0296975 0.0191133 7.36795e-06 0.0824617 0.369687 7.39778e-07 0.00899151 0.0752816 0.00131707 6.11699e-05 3.96363e-07 0.0963992 
0.0854088 0.105558 1.16038e-06 0.0295746 0.000514862 0.000265592 0.0646506 0.0138388 0.000732364 0.0198389 1.19873e-06 1.1168e-06 0.00247367 0.495974 1.89308e-06 0.0437268 0.0309756 2.94051e-07 6.00841e-05 1.2051e-06 0.106401 
0.00227958 0.0095395 7.22421e-10 1.88236e-06 3.70672e-10 0.0782887 0.0231237 5.53073e-07 0.0621819 0.080792 7.4637e-06 6.95291e-10 0.0706952 0.669896 2.36894e-07 5.01734e-07 2.85118e-05 0.00316029 5.71698e-08 1.80138e-06 1.77094e-06 
0.00594004 0.0897269 0.0297347 0.000462854 0.00306499 0.0385658 0.00518725 0.00658895 0.0604515 0.006627 0.00703546 0.0574195 0.0208248 0.452958 3.44686e-09 0.000461037 0.193107 0.00129493 0.000314248 0.00195771 0.0182773 
0.0421753 0.0455454 2.0434e-06 0.00798253 0.00141739 0.0176639 0.013349 0.0128338 0.0620282 0.0710297 5.84268e-07 7.96051e-06 0.0109932 0.567861 3.64453e-05 0.0208519 0.0737627 0.00111638 0.014216 0.00535097 0.0317752 
0.022953 0.0488473 2.66601e-06 2.66746e-06 2.66768e-06 0.034166 0.0362973 2.66888e-06 0.140117 0.018953 0.000269255 0.0125335 2.66896e-06 0.618046 2.66384e-06 2.66852e-06 0.0453789 0.0157472 2.66674e-06 0.00666736 2.66828e-06 
0.0761675 0.0888564 1.98053e-05 0.0161613 0.122033 0.00867182 0.0257443 0.0208504 0.120617 0.10002 6.00874e-05 1.18989e-07 0.0977128 0.149241 8.39745e-06 0.000840256 0.0404097 0.00191488 0.00285009 0.0152785 0.112541 
0.00445005 0.074862 0.000187766 0.00233464 0.00134114 0.0585631 0.0329035 0.0404392 0.0238227 0.0700247 0.027972 0.0247514 0.0238453 0.498347 0.00953098 0.0117876 0.0738487 0.00124285 0.00597356 0.00869145 0.00508057 
0.00228096 0.0117017 7.98453e-06 2.22357e-05 1.13001e-08 0.224721 0.00533022 0.00140858 0.0618213 0.1733 2.27511e-08 8.93462e-07 6.2168e-06 0.485522 3.59295e-08 0.0184754 0.00394844 2.45796e-05 0.0113994 2.16711e-05 7.48451e-06 
1.38869e-09 0.000677002 6.04139e-09 3.49737e-09 4.02371e-06 7.42393e-10 2.14585e-06 7.81934e-07 2.0889e-06 2.48736e-07 2.16857e-06 5.81452e-09 2.9853e-05 0.959024 9.85611e-09 0.02722 0.0124902 0.000547127 4.73359e-09 6.27423e-09 2.02847e-09 
0.0185993 0.00406515 3.00705e-06 3.38638e-05 0.0033537 0.00702769 0.039348 0.000124222 0.0157054 0.197533 0.00224445 7.16531e-06 0.0287233 0.503946 4.38903e-06 0.00314662 0.0868306 0.035935 1.77242e-05 0.000260394 0.0530907 
0.0127164 0.169005 5.66096e-07 0.000280702 9.64611e-05 0.0229475 0.0663462 0.00332469 0.13347 0.023883 6.26091e-05 1.66297e-05 0.0186683 0.331825 9.22017e-05 0.00508131 0.207209 6.28224e-05 0.0012452 0.00307085 0.000595892 
0.00809133 0.135762 8.72495e-07 0.000451145 1.0094e-05 0.0293565 0.178251 9.22099e-05 0.0558672 0.0593282 0.00131153 0.113015 3.91321e-05 0.325831 5.87994e-08 1.17109e-05 0.0920832 0.000496106 2.69022e-07 9.95731e-10 1.2858e-06 
0.0420534 0.0461978 5.16762e-05 0.00111922 0.00162834 0.0409837 0.0395409 0.00249469 0.0286795 0.0565079 2.92664e-05 0.00010413 0.00705096 0.582182 0.000128026 0.00540792 0.0995063 2.26986e-05 0.00247345 0.000214931 0.0436237 
0.00529856 0.00591958 9.35355e-08 0.00345101 0.000810666 0.0194457 0.000414839 9.84097e-06 0.0466625 0.115903 8.90118e-06 7.01584e-08 0.141994 0.350283 9.49031e-09 0.00692165 0.290035 0.000426494 0.00682744 0.0021039 0.00348488 
4.94708e-05 3.95265e-05 2.21853e-08 1.28431e-08 1.13832e-08 2.72622e-09 4.55834e-09 3.53773e-09 0.000153308 0.0360446 2.98169e-05 2.13521e-08 3.01203e-09 0.907095 3.61937e-08 7.76089e-05 0.0564697 1.34983e-05 1.73828e-08 2.30403e-08 2.75686e-05 
0.0837978 0.141969 4.86072e-05 0.114473 0.000330552 0.103501 0.0114669 0.000861224 0.0371183 0.0457171 0.00195375 9.96055e-07 0.0566818 0.251961 6.27907e-08 0.0277524 0.119693 0.00169336 5.34648e-05 3.99715e-08 0.000927199 
0.0596835 0.145639 5.04181e-06 3.60708e-05 0.0244495 0.00814579 0.00715008 0.00165475 0.146673 0.0221066 0.0018964 5.53959e-06 0.137642 0.398668 5.40637e-07 0.000741083 0.0303128 1.82143e-05 0.00754727 0.00208863 0.00553581 
0.127057 0.0418396 6.80768e-07 1.55534e-06 2.34178e-07 0.00491122 0.00344482 0.000454571 0.0937382 0.102553 7.63885e-05 1.87901e-10 0.0374654 0.308166 0.000986221 0.00135552 0.00174168 0.00610888 0.265921 0.0040244 0.000153741 
0.000211599 0.000500283 3.49088e-09 7.76035e-05 0.000199715 0.000491606 7.1726e-10 0.000844519 0.000251006 7.25567e-06 0.0071649 0.00011894 0.000156356 0.988727 5.69512e-09 3.1507e-05 0.000960346 9.69553e-05 6.07242e-05 3.62542e-09 9.93958e-05 
0.00626045 0.0462454 3.41911e-05 3.12555e-07 0.00673807 0.0179473 0.0500919 0.00114438 0.0415105 0.0089591 4.28952e-07 0.000340387 0.0125091 0.476125 3.67931e-10 0.262366 0.0413229 0.000117271 4.92742e-05 0.0197615 0.00847717 
3.91596e-05 0.00189004 2.66227e-07 1.47363e-05 1.90264e-05 3.27151e-08 0.040078 4.24533e-08 0.00871575 0.0396435 1.72893e-05 1.14455e-05 0.0279862 0.849962 4.3433e-07 0.00565176 0.0113267 0.000149623 2.08596e-07 0.00617021 0.00832328 
0.000488703 0.0496242 6.59664e-05 0.00396485 0.0116565 0.26265 0.0353693 0.00336709 0.0105576 0.0680256 0.00517904 5.01012e-05 0.012415 0.379404 0.000380471 0.0708128 0.040871 0.000459042 0.00106504 0.0368491 0.00674468 
0.0189827 0.0393697 0.000692016 0.000822954 0.0033552 0.0129714 0.261842 0.00375184 0.0808936 0.0488005 1.91631e-05 0.0266942 0.00866606 0.396917 1.23884e-05 0.0180594 0.0692534 0.000146314 0.000374125 0.000221319 0.0081549 
0.000847263 0.0480471 3.5826e-05 0.063666 2.44103e-05 0.000227517 0.0483836 0.00960793 0.0191643 0.0669409 0.000102351 8.40206e-05 0.000600568 0.706591 5.70671e-08 0.000391563 0.030937 0.00127583 0.000393285 2.41772e-06 0.00267691 
0.0108996 0.0615646 2.10783e-05 0.0059998 0.000206064 0.0619541 0.0096578 0.00415846 0.0437243 0.141432 0.000129742 0.0522559 0.00164273 0.318635 1.26903e-07 0.000443668 0.190836 0.00114478 0.0889918 4.33476e-08 0.00630279 
0.013904 0.0410527 1.11185e-05 0.000659309 3.1994e-05 0.00399442 0.000865704 0.00869219 0.00948582 0.00566223 0.00461407 0.00169749 0.00358679 0.875719 7.6657e-08 9.77761e-05 0.0294253 0.000113741 0.000233337 4.87985e-08 0.000153034 
0.0244621 0.0517534 5.46039e-06 0.00100604 0.0215118 0.0469787 0.00977931 0.000166855 0.137603 0.0261877 2.5465e-08 9.6055e-06 0.0196012 0.434002 2.45286e-06 0.0670708 0.137197 8.60843e-05 0.000313487 0.000377231 0.0218851 
0.0237714 0.0344105 0.000242383 0.00020456 0.00207594 0.00233367 0.0145347 0.0296935 0.155345 0.0530187 0.000664169 1.31311e-06 0.0148147 0.389701 9.27261e-07 0.0398602 0.235232 0.000359144 7.46691e-05 2.03212e-05 0.00364103 
0.0405741 0.0858921 0.00107549 0.00186368 0.0193025 0.0784542 0.00369277 0.00287208 0.0459598 0.0476473 0.000398231 0.000771208 0.203276 0.341365 0.0160833 0.00453058 0.0847608 0.000391422 0.000134983 3.52736e-05 0.0209194 
0.000288017 0.00167325 1.45362e-07 0.000211538 9.09899e-05 0.000580678 0.000289846 8.40714e-05 0.00291247 4.08489e-07 1.44498e-10 6.91324e-06 0.00113524 0.903363 3.63685e-08 0.00020297 0.00290175 8.62294e-05 0.000106109 0.0860627 3.26615e-06 
0.0250676 0.100587 0.00034468 4.33199e-05 0.0929366 0.0330113 0.00181377 0.00063265 0.0398327 0.0657494 0.000169067 1.13481e-07 0.0169205 0.52627 2.26638e-07 0.00166926 0.0814047 0.000780528 0.000383547 6.17887e-05 0.0123212 
2.81324e-11 2.00646e-06 2.93854e-07 7.08507e-11 6.2797e-11 1.50396e-11 2.08743e-07 1.37397e-06 2.07795e-11 1.2912e-11 1.26433e-10 1.17792e-10 3.15875e-08 0.999996 1.99668e-10 3.268e-11 8.55524e-12 3.10143e-11 4.80432e-08 1.27105e-10 3.1235e-07 
0.00230708 0.00174934 1.28309e-05 0.000162899 0.000150858 0.349124 0.0604854 1.27013e-05 0.035452 0.0379338 0.000378599 0.000437185 0.0306628 0.370163 0.00021374 0.000670203 0.077906 1.14739e-05 0.00140411 0.000318396 0.0304433 
0.0382639 0.201654 3.15524e-05 0.0470367 0.00578109 0.0144203 0.00745384 0.0574508 0.0261668 0.11095 0.00506319 0.000206085 0.0020776 0.369148 1.04365e-05 0.0431031 0.0540259 0.00243161 0.011526 0.000429883 0.00276918 
0.0105582 0.0695017 8.57075e-07 8.21382e-09 7.28014e-09 0.00419354 2.91529e-09 0.000154255 0.0546306 0.123564 1.77511e-07 1.36558e-08 3.19412e-05 0.697772 3.20025e-06 4.28006e-06 0.0138844 1.44174e-06 6.41978e-06 0.0180806 0.0076126 
0.0165274 0.0163022 8.56907e-07 0.000328625 0.00342221 0.00236737 0.0144908 0.000324949 0.110289 0.0515842 6.80502e-07 5.64636e-07 0.207013 0.416005 4.59557e-08 0.00272958 0.0760889 5.69456e-05 0.000133111 0.000127874 0.0822071 
0.0221184 0.0560746 5.58517e-05 4.53086e-05 0.0038022 0.0135085 0.128661 8.82e-06 0.0177728 0.0261879 0.000418873 2.37284e-05 0.0381888 0.350711 0.000352432 0.00199586 0.026255 0.000118212 0.00713531 6.67135e-05 0.306498 
0.0223771 0.0622524 3.23751e-10 0.0172305 0.00423376 0.00776879 0.0478747 0.000659754 0.0120113 0.0462882 0.00120944 0.141022 0.0567385 0.513396 0.0379969 0.0078556 0.00678221 0.00609985 0.00820151 1.09205e-07 2.04125e-06 
0.0308789 0.130887 9.2762e-06 0.00016416 0.0350428 0.141372 0.0108499 0.0130318 0.0289375 0.0496224 0.00114836 7.18789e-05 0.0237225 0.394856 2.67378e-06 0.00288887 0.101454 0.000319334 0.0200285 1.94712e-05 0.0146924 
0.0133189 0.122762 7.75211e-06 0.00207835 0.0838007 0.125156 0.0448042 0.000410569 0.0256366 0.070928 0.0803674 0.000223124 0.0270362 0.258233 3.2523e-08 0.00236206 0.111287 0.000241387 0.000873914 2.07036e-08 0.030472 
0.0135694 0.0504235 0.00011692 0.000890983 0.0051879 0.241317 0.00163796 0.0406473 0.0257366 0.000476565 0.00509913 0.000142915 0.0229975 0.414208 1.93699e-05 0.00263271 0.130745 0.000256492 0.000188236 0.000332398 0.0433735 
0.000809503 0.00292084 4.12023e-06 0.000774537 8.38435e-05 0.00226195 0.0231614 3.20694e-08 0.0104109 0.00146538 0.100843 4.56372e-05 0.000184109 0.856509 3.28095e-07 5.36999e-08 3.16457e-06 0.000148563 1.57574e-07 2.0886e-07 0.000373118 
0.0062172 0.0290051 2.34327e-11 0.000310241 0.0286358 0.0145612 0.00274394 0.000970304 0.0458921 0.0220991 2.42071e-11 2.08595e-06 0.00380517 0.735021 4.93558e-08 0.00233475 0.0426681 0.000186549 0.000188047 2.43299e-08 0.0653588 
1.42731e-09 0.0349107 4.18006e-06 3.12408e-06 0.0112399 1.05991e-05 1.27583e-09 6.08407e-06 0.0520616 1.71051e-05 6.41461e-09 5.97622e-09 1.27798e-05 0.427492 1.01302e-08 1.73844e-05 0.0942223 1.57352e-09 0.132893 6.80452e-05 0.247042 
9.90405e-09 2.07499e-08 1.32894e-07 4.15506e-05 2.79852e-11 0.000158981 0.00274485 3.09829e-06 0.000439538 0.0134125 0.00195937 0.00113337 2.98784e-10 0.939184 8.8981e-11 0.000178556 0.00100469 0.0395453 7.35267e-05 1.01097e-07 0.000120683 
0.0534074 0.0560618 3.24473e-06 2.75652e-05 0.00324777 0.0592315 0.0126988 0.00296342 0.167559 0.0250975 0.000116648 1.07444e-05 0.00335307 0.599611 3.91864e-07 0.000379541 0.0105333 0.00219613 8.04003e-05 0.0019981 0.00142316 
0.289093 0.0177357 0.000809215 9.98372e-05 0.103235 0.0269574 0.0153014 0.000868304 0.0901011 0.011405 1.62127e-05 1.84229e-06 0.00493541 0.403571 1.49069e-06 9.89177e-05 0.0246604 3.06846e-06 0.000406522 0.0011505 0.00954915 
5.74212e-05 0.0277944 4.42251e-05 3.8351e-06 0.0430898 5.05613e-05 0.0911856 1.83039e-09 6.0635e-05 0.201533 0.000454652 1.10474e-08 0.127271 0.276316 1.87263e-08 0.0422413 0.0979039 1.68814e-05 0.0221914 8.52198e-06 0.0697771 
0.00559295 0.102074 1.98808e-10 1.85418e-06 1.84449e-07 1.02919e-06 0.00973057 0.00284992 0.276192 0.0193454 0.00973866 1.54888e-07 0.00174116 0.533422 3.24341e-10 0.000598898 0.0375338 0.000559556 0.000618137 2.0647e-10 6.67523e-11 
0.0155465 0.0143704 0.000182416 0.000268175 0.000793961 0.00314908 0.00230764 0.025019 0.142427 0.18796 0.00134491 6.5648e-05 0.0784291 0.282747 0.0027849 0.00455095 0.16886 0.000692878 0.0182205 5.92349e-05 0.0502209 
0.292178 0.00148865 3.32257e-10 0.00527827 3.64033e-07 0.00167104 0.00641837 0.000779226 0.0257804 0.00713981 3.43237e-10 3.19779e-10 0.00619864 0.543482 5.42054e-10 1.43956e-06 0.00197977 0.000869204 2.62398e-05 0.0875136 0.0191951 
0.00678758 0.0242228 0.000154903 0.00121195 0.00110782 0.0252693 0.0856821 0.0100345 0.0617797 0.038193 0.00708827 0.0106184 0.00651627 0.644249 6.19194e-09 0.00138716 0.0666018 0.00673057 0.000484691 7.41662e-06 0.00187255 
0.00353514 0.038249 6.39896e-10 0.00059936 0.00072555 0.00199092 0.00151222 0.00419656 0.129585 0.00048909 0.0173201 0.000117028 2.26013e-06 0.730033 1.04394e-09 0.000802579 0.0649168 0.000572878 8.78202e-07 1.13342e-06 0.00534975 
0.00135542 0.00027877 4.40374e-08 2.54933e-08 2.25954e-08 0.000136917 0.00166398 7.02233e-09 0.000314034 0.000693649 4.54927e-08 4.23836e-08 0.00049864 0.991135 7.18439e-08 0.00074317 0.000225953 1.11595e-08 5.17912e-05 4.57346e-08 0.00290252 
0.00114503 0.0148705 3.7889e-05 2.94139e-05 0.00805368 0.00087915 0.0327814 0.0693894 0.0373897 0.038784 0.0246733 3.67834e-05 0.00081039 0.694259 2.23115e-08 0.000683701 0.0711182 0.00369403 0.000502488 0.000410809 0.000450626 
3.84152e-07 0.00455201 7.39596e-09 9.62876e-05 3.73288e-11 0.00283222 0.0266391 1.35007e-07 0.0177267 7.6473e-07 1.43922e-07 0.000286552 4.47224e-07 0.929817 3.29864e-07 2.2685e-07 0.0178733 0.000173746 2.19246e-07 1.12636e-07 3.75246e-07 
3.51077e-06 0.0331262 4.93725e-05 0.000187467 0.000240573 1.77812e-06 0.00129231 0.002553 0.0366758 0.0248164 0.000380265 0.0216575 0.00137734 0.867831 8.25695e-08 3.04678e-07 0.0027208 0.00125791 0.00397356 6.91877e-09 0.00185474 
0.0111634 0.0487998 1.74627e-06 0.000170432 0.025374 0.075799 0.0761973 0.00197664 0.032721 0.0618627 1.74419e-05 9.64065e-05 0.0113533 0.567331 3.23286e-05 0.00705387 0.0358639 7.01906e-05 4.07139e-05 0.000662886 0.0434119 
0.0358213 0.0813082 0.00331973 0.00214794 0.00236505 0.00199368 0.00148273 0.00393806 0.000828321 0.00166181 0.121826 1.73643e-06 0.00393329 0.73224 4.99263e-06 0.00450279 2.53765e-06 0.000185392 0.000445438 2.08648e-05 0.00197015 
0.00115313 0.0185946 9.50207e-10 0.000104601 0.000108033 9.03142e-06 1.95236e-10 0.00218993 0.0154316 2.90904e-05 0.0245077 0.000260182 0.000295456 0.903825 6.1711e-08 5.79053e-07 0.0327616 0.000641788 7.9619e-05 9.86829e-10 8.53903e-06 
0.0108996 0.0615646 2.10783e-05 0.0059998 0.000206064 0.0619541 0.0096578 0.00415846 0.0437243 0.141432 0.000129742 0.0522559 0.00164273 0.318635 1.26903e-07 0.000443668 0.190836 0.00114478 0.0889918 4.33476e-08 0.00630279 
4.67969e-08 1.92926e-08 2.03587e-07 1.17857e-07 1.0446e-07 2.50176e-08 4.18303e-08 3.24645e-08 0.000183233 2.14785e-08 2.10314e-07 0.000627208 2.76403e-08 0.998539 3.32137e-07 5.43616e-08 4.98236e-05 0.00028896 0.000303239 2.11433e-07 6.90403e-06 
0.00102805 0.0694349 5.45538e-09 4.10063e-06 0.00637293 0.0129223 0.00712812 0.000387418 0.0118569 0.0339945 0.0234872 1.45051e-06 0.0561908 0.759621 8.90006e-09 0.00124743 0.0109391 1.05929e-06 0.00469862 0.00067825 5.78427e-06 
0.00145978 0.0156275 0.00650534 0.0058216 0.000708174 0.0232529 0.016293 0.00182034 0.0900581 0.172778 0.000414935 6.9647e-05 0.00329866 0.564523 2.54478e-09 0.00284988 0.0365827 0.0529178 0.00136829 8.0188e-07 0.00364978 
0.000105002 8.05036e-06 5.21366e-07 1.34175e-06 0.00484874 1.28675e-05 4.76222e-07 8.31386e-08 4.79732e-05 0.000449275 5.38596e-07 5.01787e-07 0.000246132 0.923206 8.50572e-07 1.39215e-07 0.00390069 1.32119e-07 4.08505e-07 6.85736e-05 0.0671016 
0.00702012 0.117431 1.49333e-11 0.00129613 0.00179791 0.00200866 1.62718e-07 0.0115048 0.125791 5.69439e-05 0.0487516 1.29402e-07 0.000584738 0.627011 2.19011e-09 0.000169174 0.0554812 0.000787968 6.60689e-08 6.51207e-08 0.000307003 
0.071901 0.0919058 0.000205679 0.00112143 7.36826e-06 0.000261789 0.00801613 0.00524063 0.0305877 0.0169859 0.00212471 3.09383e-05 0.0139158 0.537419 8.2656e-08 0.0104355 0.0738209 0.000337889 0.116533 0.0109232 0.00822542 
0.00471672 0.121319 1.24272e-06 0.161766 2.3196e-05 0.0151049 0.0157473 0.0147214 0.0456667 0.00806948 0.000103639 4.10669e-07 0.00122268 0.511465 4.01236e-08 2.81172e-05 0.0789506 0.000199322 0.0174282 1.55242e-05 0.00344972 
0.0259349 0.11553 0.000133629 0.00194578 0.000684807 0.00968546 0.0133775 0.000761742 0.0159443 0.0597322 0.000552053 1.03808e-05 0.278 0.386929 0.000934312 0.00553833 0.0529223 0.00809378 0.00493362 0.00179148 0.0165643 
0.0089095 0.0806659 5.85847e-06 0.0014793 0.00622315 0.000813523 0.0735223 4.10787e-05 0.067075 0.0340231 6.17369e-05 9.71518e-05 0.00340716 0.669844 0.000111373 0.000734236 0.0488285 0.000213387 0.000889305 0.000813964 0.00224026 
0.0189011 0.0972649 0.00419828 0.00820705 0.0219214 0.0333405 0.0602489 0.0239423 0.1707 0.0918132 0.00181798 4.55186e-05 0.0181908 0.195704 0.0383864 0.0136803 0.178954 0.0116014 0.00626598 0.000981761 0.00383507 
0.0243624 0.0563005 2.36273e-06 2.36401e-06 2.3642e-06 0.0733289 2.36513e-06 2.36527e-06 0.108803 0.0787713 2.36262e-06 2.36283e-06 0.107625 0.307452 2.3608e-06 0.0326386 0.100538 0.0139558 0.0484514 0.0207933 0.0269604 
0.000551528 0.00203824 1.73052e-09 9.63306e-07 5.03334e-06 0.00289597 8.60153e-05 1.79662e-05 0.0481104 0.00666003 2.06696e-06 1.66553e-09 4.80815e-07 0.939062 2.82321e-09 6.24257e-06 0.000194978 0.000233465 1.35591e-09 7.83838e-08 0.000134575 
0.0081483 0.0783593 3.7021e-06 1.8078e-05 0.00211973 0.00017011 0.121054 0.000831842 0.182145 0.0418313 0.0129057 0.0484988 0.0206027 0.394871 2.91935e-07 0.0263506 0.00554726 0.000171195 2.47444e-05 2.03747e-06 0.0563447 
0.0121434 0.0626948 0.00488367 0.0032312 0.000346896 0.0406178 0.128431 0.0143441 0.0835812 0.220007 1.40174e-05 2.46033e-06 0.00504381 0.242786 1.59069e-10 0.0042085 0.157289 0.00834625 0.00193181 0.00759148 0.00250493 
4.67023e-06 0.0345703 4.66563e-06 0.00513964 0.0182119 0.000938844 0.265749 4.67065e-06 0.148529 4.67098e-06 4.66541e-06 0.0233338 4.67079e-06 0.355401 4.66183e-06 4.67001e-06 0.12566 0.0140149 0.00840509 4.6654e-06 4.6696e-06 
0.0381605 0.179732 0.000298906 0.00248478 0.00920122 0.0398523 0.000106614 0.0964234 0.0766978 0.063861 0.000883541 1.85565e-08 0.00325912 0.439744 1.10378e-05 0.000190562 0.0298798 2.56174e-05 0.0041084 0.0136377 0.00144133 
0.0216064 0.0107219 2.48928e-05 0.00502639 0.0260748 0.0198049 0.0203415 0.00341684 0.0302945 0.285749 0.00210698 4.7992e-05 0.0349694 0.395594 5.55833e-07 0.00574877 0.0649522 0.00359251 0.000146912 8.57902e-10 0.0697799 
0.04802 0.0565644 0.000112222 9.33703e-06 0.00437816 2.2997e-09 2.98167e-05 0.00663372 0.0386328 0.117805 1.93328e-08 1.80115e-08 0.0745229 0.571094 3.05311e-08 0.0356633 0.00786378 6.72992e-06 0.000625044 0.000984471 0.0370549 
0.0124698 0.0270707 2.50889e-06 7.74369e-07 3.00048e-06 5.78186e-10 1.28753e-05 8.1264e-08 0.132574 0.000391428 2.29591e-06 4.52842e-09 6.388e-10 0.809364 7.67607e-09 1.25636e-09 0.00465067 1.28085e-05 6.27468e-07 0.0134436 1.98232e-07 
2.88845e-09 1.1908e-09 1.2566e-08 7.27449e-09 6.44758e-09 1.54417e-09 1.0072e-05 2.00381e-09 3.20239e-06 0.0167157 0.00364906 6.05917e-06 1.70605e-09 0.973875 2.05006e-08 3.35537e-09 8.78396e-10 0.0057404 9.84581e-09 1.30503e-08 4.21919e-09 
9.90405e-09 2.07499e-08 1.32894e-07 4.15506e-05 2.79852e-11 0.000158981 0.00274485 3.09829e-06 0.000439538 0.0134125 0.00195937 0.00113337 2.98784e-10 0.939184 8.8981e-11 0.000178556 0.00100469 0.0395453 7.35267e-05 1.01097e-07 0.000120683 
0.00750618 0.0335907 0.000136869 0.000567286 0.000794429 0.0094061 0.031404 0.0149731 0.022983 0.0345735 0.00023248 2.73878e-05 0.0160053 0.625865 0.000248484 0.00318303 0.111211 0.00169234 0.078837 1.37768e-08 0.00676224 
0.0192386 0.0760675 3.00448e-08 0.000161261 0.214419 0.0960792 0.000248964 0.1075 0.100276 0.00102954 5.35673e-05 3.2457e-06 0.0339874 0.228491 2.74562e-09 0.00375832 0.1131 1.69842e-05 7.16679e-05 7.31159e-05 0.00542412 
0.102822 0.0791192 0.0029157 0.00444479 0.00211098 0.00115944 0.00295404 0.00181939 0.0403846 0.0239395 8.25679e-08 5.99115e-05 0.0128419 0.720956 0.00149167 0.000769497 0.000509996 0.000480931 0.000560642 0.000197576 0.000461712 
0.00661018 0.0114239 0.00107021 3.12331e-05 0.000296631 0.00464981 0.000109818 0.00513544 0.0062091 0.0101878 7.25369e-07 2.92332e-06 0.000407484 0.933427 9.63324e-08 0.00117857 0.00931215 0.000265874 0.00597572 1.27666e-06 0.00370427 
1.09083e-07 0.00014855 9.34389e-05 2.74723e-07 2.43495e-07 0.000145305 0.00012289 7.56746e-08 0.000552514 0.000239639 0.00171912 4.56738e-07 0.000485089 0.984503 7.7421e-07 0.000230629 0.0113753 0.000142053 3.7183e-07 4.92849e-07 0.000239466 
0.00907122 4.41685e-05 2.49564e-06 0.000334785 1.2805e-06 0.000555229 0.00166209 0.000113014 0.00566454 0.000448012 0.000138024 2.40192e-06 0.00221966 0.978823 4.07146e-06 0.000211873 0.000650361 4.42329e-05 5.70014e-06 2.59182e-06 1.6403e-06 
0.00273138 0.00639517 3.22472e-07 1.05075e-05 0.000267194 0.000155848 0.00100273 0.000120237 0.00447409 0.0504042 9.8849e-08 9.60799e-08 1.25504e-06 0.536076 4.7992e-10 0.000354711 0.380707 2.02238e-05 0.00117985 2.01606e-07 0.0160994 
0.0145606 0.0015623 7.66296e-06 0.000399349 0.00047618 0.0124889 0.00159357 0.000111733 0.0410583 0.0622206 0.0296833 8.60834e-06 0.000246214 0.741362 0.000112 0.0137068 0.0691117 0.00041412 0.00075724 7.07811e-06 0.0101121 
9.90405e-09 2.07499e-08 1.32894e-07 4.15506e-05 2.79852e-11 0.000158981 0.00274485 3.09829e-06 0.000439538 0.0134125 0.00195937 0.00113337 2.98784e-10 0.939184 8.8981e-11 0.000178556 0.00100469 0.0395453 7.35267e-05 1.01097e-07 0.000120683 
0.0072088 0.0586849 3.97006e-05 0.00584422 2.46675e-05 0.00987242 0.0536528 0.150814 0.0365835 0.0350383 2.36204e-07 1.45151e-05 0.0549612 0.279228 9.06343e-10 0.00781949 0.24683 8.12154e-06 1.67715e-05 5.60242e-07 0.0533578 
0.0603638 0.153417 2.07217e-06 3.35858e-06 4.37759e-06 2.99539e-11 0.094706 1.90503e-07 0.111554 2.52538e-06 7.49144e-05 2.25242e-06 2.08166e-06 0.435252 3.97672e-10 0.0364163 0.0548065 4.94779e-08 2.1028e-07 2.53151e-10 0.0533933 
0.24254 0.271641 2.76544e-07 0.00307423 4.45492e-06 3.61473e-11 0.00323972 0.0303931 0.0257955 0.0149512 6.89975e-05 2.8311e-10 5.1425e-06 0.387709 1.84785e-05 1.318e-07 0.00793499 0.000398664 0.00159011 0.0106347 1.08945e-06 
0.00273138 0.00639517 3.22472e-07 1.05075e-05 0.000267194 0.000155848 0.00100273 0.000120237 0.00447409 0.0504042 9.8849e-08 9.60799e-08 1.25504e-06 0.536076 4.7992e-10 0.000354711 0.380707 2.02238e-05 0.00117985 2.01606e-07 0.0160994 
1.01943e-06 4.20272e-07 4.43495e-06 2.5674e-06 2.27556e-06 5.44986e-07 9.11235e-07 7.0721e-07 7.52981e-07 4.6789e-07 4.58151e-06 4.2684e-06 6.02119e-07 0.999957 7.2353e-06 1.18422e-06 3.10014e-07 1.12385e-06 3.4749e-06 4.60587e-06 1.48909e-06 
0.00251032 0.0719692 0.000218434 0.00465873 1.11913e-05 0.00999379 0.0131847 0.00461203 0.0688456 0.0689415 0.00266258 1.08474e-05 0.00737372 0.376534 5.46929e-08 0.000249055 0.00505239 0.00390349 0.0018851 0.357382 6.4296e-07 
4.41888e-05 1.06624e-06 1.3554e-07 4.30459e-05 6.95451e-08 1.66557e-08 2.7849e-08 4.24911e-05 2.30125e-08 1.42996e-08 1.40019e-07 1.3045e-07 2.55073e-05 0.9997 2.21124e-07 3.61918e-08 9.47458e-09 3.4347e-08 1.06199e-07 1.40764e-07 0.000142242 
0.00321108 0.0311526 0.0512147 0.00178156 0.000451592 0.00872611 0.00656663 0.000353881 0.0823462 0.271816 0.00325906 6.09862e-08 0.0118141 0.454172 1.13443e-06 0.00879177 0.00753296 0.00513606 0.0429705 0.00861724 8.53248e-05 
0.0251001 0.0711486 0.00270764 0.00342797 0.0916882 0.218893 0.0646319 0.00222604 0.131304 0.0102792 0.000169334 7.38524e-06 0.00722774 0.24187 8.4992e-10 0.00140765 0.087227 0.0278645 0.000289888 0.00984916 0.00268167 
0.051883 0.3353 0.000638572 0.00132415 0.00426718 0.00542408 0.000269304 0.0117906 0.085555 0.015884 0.0264887 1.01724e-07 1.18856e-05 0.379399 0.00354286 0.00284697 0.0570746 6.58791e-05 7.06169e-05 0.0179393 0.000224138 
0.0128739 0.0357721 0.00416684 0.0610797 0.00384704 0.00336135 1.09861e-06 0.0501731 0.0204257 0.0121147 0.00952941 1.43554e-05 0.0093046 0.492117 1.68625e-09 9.46971e-07 0.268166 0.000279432 0.00959149 0.000200034 0.00698128 
0.000156817 0.0332873 1.7033e-07 0.000120606 2.20414e-05 0.0035345 0.0322254 0.000151241 0.214627 0.188704 1.56429e-07 2.28409e-05 0.00501944 0.216531 3.30531e-08 0.0116974 0.144662 2.1054e-05 2.4851e-10 3.29392e-10 0.149216 
0.0777646 0.289057 8.32263e-06 1.60519e-05 6.22106e-06 9.5588e-06 0.00540899 0.00110627 0.0946873 2.20113e-05 6.12797e-09 5.70918e-09 5.32385e-06 0.462817 9.67755e-09 0.000885713 0.0649842 1.68752e-06 3.16975e-06 1.48683e-06 0.00321518 
0.00572543 0.0354902 0.000448927 0.00112907 0.000521757 0.0153128 0.0176941 0.0104995 0.017092 0.0116343 0.00306896 8.85754e-06 0.00100218 0.826533 3.00701e-09 0.000983792 0.0381675 0.0138966 6.68841e-05 1.91129e-05 0.000704643 
0.0673004 0.0809923 0.000110759 0.0128535 0.00273851 0.0144483 0.0217368 0.00283895 0.228014 0.0481797 4.23338e-06 1.78874e-08 0.0259931 0.364188 3.03207e-08 0.00988862 0.0574035 1.43052e-06 7.28283e-05 0.0306094 0.0326258 
0.00135396 0.00167245 8.51029e-06 0.00166923 0.000138078 0.00638662 0.0114016 0.00281969 0.0148463 0.0242265 0.000269097 8.28346e-05 0.004342 0.569654 1.2225e-06 9.14066e-05 0.0215342 0.290533 0.00317033 2.17362e-07 0.0457989 
0.0554953 0.0381875 0.00116432 0.000143875 0.0545601 0.0345304 0.00167615 0.11482 0.0780545 0.0325037 0.000139719 0.000547972 0.0195029 0.510664 0.000164969 0.00096254 0.0385861 0.000182168 0.00315092 3.61232e-05 0.0149265 
0.108398 0.00146443 5.84319e-05 0.00115769 0.0016635 0.0184093 0.109668 0.000638441 0.0807454 0.0983244 9.93185e-06 0.0060734 0.00697947 0.361051 4.27212e-09 0.123263 0.0317672 0.000543313 0.00404853 0.00314054 0.0425963 
0.00218254 0.0513129 4.33668e-06 0.000442486 0.000675797 0.107487 0.018303 0.000110093 0.0215494 0.00716465 0.000112099 6.27763e-05 0.0482688 0.713094 1.44668e-06 0.000423585 0.0281952 9.39019e-05 0.000286871 9.20929e-07 0.000228343 
0.246725 0.0496188 1.86265e-06 0.0051063 0.000259636 0.0171746 0.00272206 0.00289749 0.177475 0.00488323 3.36036e-07 9.4178e-08 0.00477053 0.317577 1.77125e-09 0.000428954 0.0808401 0.000744369 2.45642e-07 0.0870386 0.00173543 
0.125506 0.0849581 9.36873e-06 0.0189648 0.00693682 0.0285353 0.0521369 0.0255332 0.0729398 0.0510689 0.000177927 1.32979e-05 0.0512088 0.398622 0.000173756 0.0252861 0.052654 0.000288383 7.26573e-05 8.92229e-06 0.00490486 
4.27393e-05 8.22577e-05 1.18896e-07 6.88291e-08 0.000755854 0.00033844 0.000678748 1.89595e-08 0.0151885 0.0011472 0.00294413 1.54948e-05 0.00610989 0.963271 8.32167e-05 0.0081494 0.000164888 3.56474e-05 7.40397e-06 0.000202581 0.000782065 
4.42804e-06 0.0931592 4.973e-07 0.0104093 0.00143274 0.245677 0.014928 0.0849069 0.0478309 3.48797e-06 0.000262722 0.00384332 0.00237506 0.260608 9.12919e-10 9.00321e-07 0.0210816 0.0453178 0.168156 1.66729e-06 9.97308e-07 
0.0108996 0.0615646 2.10783e-05 0.0059998 0.000206064 0.0619541 0.0096578 0.00415846 0.0437243 0.141432 0.000129742 0.0522559 0.00164273 0.318635 1.26903e-07 0.000443668 0.190836 0.00114478 0.0889918 4.33476e-08 0.00630279 
0.000934995 0.00262437 1.37587e-05 0.000759253 0.00123951 0.000827959 0.00250059 2.10712e-05 0.0511381 0.0109573 0.0153149 1.41227e-05 0.00853268 0.81784 5.98446e-08 0.000974633 0.0420196 7.22758e-05 0.000665078 2.7609e-05 0.0435218 
0.0084537 0.127395 4.52373e-08 2.37856e-11 0.00487207 9.45179e-07 0.0325005 0.017729 0.158136 0.0416476 0.0229134 6.72651e-08 0.0349315 0.516982 6.70312e-11 4.12218e-05 0.0338295 0.000324461 0.000230049 1.17687e-05 6.66342e-07 
0.020794 0.156274 1.57126e-06 0.000446576 0.00696358 0.00753878 0.0174818 1.01839e-06 0.227595 0.0198575 0.00201601 1.11198e-07 0.0113903 0.307108 2.18938e-07 0.0163331 0.046843 3.68103e-07 0.00469212 2.5331e-06 0.15466 
5.20416e-07 0.010824 3.26411e-05 6.01882e-07 8.91208e-11 2.48978e-07 0.000673004 2.76974e-11 0.0382201 1.7474e-07 4.70493e-07 0.000670469 2.35816e-11 0.947128 2.83366e-10 9.29102e-07 0.00187836 0.000453507 0.000116766 5.20897e-07 4.07299e-09 
0.00706953 0.154392 3.98639e-07 0.00142223 0.0228477 0.052516 0.00625461 0.00323808 0.123277 0.0132908 0.0239009 0.000125211 0.00761279 0.356068 7.76041e-11 0.000129607 0.216362 0.000163313 3.56275e-05 4.94014e-11 0.0112937 
0.00103242 0.00566109 6.18249e-05 0.000269808 0.000317983 0.193741 0.0242261 0.000565417 0.126123 0.036754 0.00151915 1.60087e-05 0.0132062 0.443432 1.3419e-07 0.000498052 0.0927411 0.00126282 0.000114417 0.0176362 0.0408212 
0.00406446 0.00546281 1.19057e-05 0.0392516 0.000592913 0.045978 0.00611513 0.000105221 0.132871 0.0136328 3.44302e-06 1.34213e-09 0.00569176 0.613442 2.27503e-09 0.00171269 0.0772107 0.00571971 0.000102626 0.000113534 0.0479182 
0.0128365 0.00790253 7.27184e-08 9.34557e-05 0.00185258 0.0214942 0.0562188 0.00262123 0.0215508 0.00161111 1.20851e-05 5.64988e-06 0.0767279 0.639836 1.18635e-07 0.0781548 0.0695473 5.82678e-05 0.000372925 0.0080103 0.00109287 
0.0228646 0.274064 1.44987e-07 0.0983959 5.71065e-07 0.0039681 0.00289604 0.00419358 0.230315 0.00180966 0.000158679 6.06545e-05 0.00272974 0.354684 7.872e-09 2.98951e-06 0.00204479 0.00120288 0.000605971 2.80331e-06 5.35471e-07 
0.0745668 0.0360066 7.40253e-06 4.54171e-06 0.0132734 0.0380513 0.0329096 4.73135e-05 0.0413824 0.0521061 0.00416921 8.15485e-05 0.0468038 0.575664 0.00371575 0.0119013 0.0232715 8.21427e-05 0.00058808 0.00367559 0.0416914 
0.0630871 0.0113519 6.59359e-07 7.67488e-05 0.000303043 0.000373224 0.0011051 0.000136766 0.0541525 0.0210345 3.28179e-05 6.34598e-07 0.00174302 0.790485 8.85685e-05 0.00484719 0.0435075 8.35839e-06 0.000739597 6.84771e-07 0.00692545 
0.00265555 0.17868 8.65707e-06 0.0011435 0.000442525 0.016043 0.00251057 0.0613861 0.0118404 0.022737 0.0103742 6.20624e-05 0.000264193 0.555991 5.10692e-08 0.00543302 0.0858335 0.00080479 0.00621236 0.0375041 7.25095e-05 
0.0101534 0.0104974 0.000106954 0.00322678 0.13007 7.18713e-05 9.00532e-07 1.61269e-06 0.0406935 0.218944 1.77016e-05 1.84175e-08 7.09896e-05 0.505427 0.028174 0.000274351 0.0361722 5.37247e-07 0.00327805 0.0110318 0.0017878 
0.026198 2.86744e-06 2.00084e-11 0.000445239 0.0167136 0.0828434 3.12482e-08 4.84047e-06 0.151926 0.00051156 4.10666e-05 6.81719e-07 0.0623746 0.488177 4.57319e-08 0.00252838 0.158531 5.55712e-07 0.000870472 2.07796e-11 0.00883093 
0.00458817 0.0317953 2.24007e-07 1.29678e-07 0.000552161 1.75521e-06 0.00104516 0.000116252 0.0490187 7.19277e-06 6.65856e-06 0.168226 0.00177378 0.741126 3.65451e-07 0.0012849 6.57604e-06 5.82298e-07 1.75515e-07 2.3264e-07 0.000449374 
0.0499781 0.106395 0.00224344 3.93901e-08 0.0748439 0.0668012 0.000239057 5.90996e-07 0.0229705 0.00815748 0.000214336 4.59585e-05 0.000163903 0.650866 1.11007e-07 0.00390347 0.00851259 0.000165461 0.00441566 9.47873e-06 7.31419e-05 
0.0532401 0.0864469 2.38165e-07 0.0245435 0.000163511 0.00478027 2.75077e-10 0.00523333 0.183706 1.81182e-05 7.545e-05 1.25373e-06 0.00150239 0.485325 2.18414e-09 2.17619e-06 0.154671 1.60136e-05 6.40465e-07 4.54436e-06 0.000269666 
