0.0181236 0.037833 0.00184248 0.000395642 0.0226936 0.0407019 0.126798 0.0126973 0.198702 0.252236 0.00368964 0.000724978 0.036336 0.0827448 8.25175e-05 0.00993874 0.117536 0.00389187 0.00444674 0.000402841 0.0281828 
0.0131083 0.0031287 6.27191e-06 4.70661e-06 0.000289216 0.128651 0.0453383 0.000190928 0.0330958 0.353905 2.80186e-06 1.25366e-07 0.338392 0.018402 3.57469e-09 0.0372451 0.0221552 0.000256943 0.000331517 0.000151665 0.00534448 
0.0523337 0.0795968 1.42098e-07 0.000597085 0.000852581 0.0334199 0.00402834 0.00120709 0.089086 0.100258 6.25082e-06 7.92719e-08 0.0268793 0.103859 7.97905e-10 0.00425202 0.474118 0.00102818 0.0045317 0.000197045 0.0237486 
0.117814 0.0104991 8.76705e-05 0.00921748 0.000165845 0.0971644 0.0014926 0.000239492 0.00724468 0.0617818 2.83233e-05 6.34016e-06 0.0101132 0.00586605 6.70124e-11 0.000263894 0.0189397 0.298083 0.000947865 0.353153 0.00689123 
0.0174759 0.568403 0.00016673 0.0164362 0.0407228 0.0646482 0.011469 0.0465458 0.0505046 0.0156304 0.0103468 2.97257e-05 0.00847932 0.0157008 1.09653e-08 0.014765 0.108354 0.000283976 0.000159787 0.00967398 0.00020465 
0.041994 0.0196712 0.00187667 0.000178343 0.00230804 0.00732166 0.0039796 0.000306821 0.00388888 0.0593988 1.72623e-06 1.13842e-07 0.00632249 0.00955349 5.16141e-09 0.000245312 0.0117188 7.78588e-06 2.43721e-05 6.07345e-06 0.831196 
0.00548419 0.0327322 5.88278e-05 0.00631072 0.0060906 0.0225577 0.00568319 0.000187129 0.0472924 0.451147 0.172897 2.16063e-05 0.116714 0.00788491 1.11074e-08 0.0182029 0.0355355 0.066086 0.00150174 5.7544e-08 0.00361223 
0.0039193 0.00438828 7.53204e-05 0.00510669 0.00295106 0.0361756 0.00547135 0.00114084 0.0313518 0.316337 0.306242 8.0497e-06 0.0455775 0.0163794 1.64524e-08 0.00924997 0.0775121 0.00063149 0.134248 0.000730141 0.00250425 
0.000277635 0.00011444 6.18278e-09 5.22207e-06 6.29776e-06 0.000188032 7.38278e-05 0.000120885 0.000233787 0.000125391 1.08462e-06 1.25947e-07 4.60964e-05 0.00196899 3.05516e-12 9.39671e-05 0.000491601 3.59066e-05 0.996026 8.23336e-06 0.000182861 
0.00333346 0.015587 6.76976e-06 0.00134261 0.000444053 0.812696 0.0291459 0.00161035 0.0363521 0.00429532 0.000142888 9.68769e-06 0.0276274 0.000281348 1.41265e-11 0.00330093 0.0631167 1.89792e-05 0.00015735 9.13581e-07 0.000530067 
0.00505958 0.0134396 1.1951e-05 0.000289083 0.000534542 0.0782144 0.000599141 0.00543443 0.041689 0.00894195 8.83032e-06 1.2927e-08 0.583577 0.00119165 2.94412e-09 0.00843636 0.121023 1.43484e-05 1.30913e-05 0.00105126 0.130471 
0.00659359 0.0137781 0.00466889 0.00252266 0.00424141 0.0929158 0.2494 0.00740051 0.0268739 0.170317 0.000675597 0.000813935 0.0149495 0.0260308 1.91087e-05 0.0109922 0.32457 0.00294569 0.00403848 0.000492133 0.0357613 
0.00338926 0.110151 0.001992 0.00921307 0.00801485 0.00148872 0.000608202 0.011754 0.00808621 0.0064775 7.9683e-08 6.26345e-08 0.00411522 0.00503528 5.54563e-09 0.000195307 0.0898468 0.0011613 0.72218 0.000310347 0.0159808 
0.0408875 0.0472606 0.000305903 8.55364e-05 0.027403 0.0135102 0.0201893 0.0022965 0.0162329 0.0950543 0.00650898 0.000102408 0.149686 0.0369423 1.81605e-07 0.0140478 0.0358185 0.000573152 7.4323e-05 0.00831345 0.484707 
0.00130023 0.0360855 6.20019e-05 0.000271793 0.0117825 0.605218 0.00428382 0.00260174 0.0274413 0.118186 0.000366269 3.77676e-07 0.127838 0.0203726 3.67548e-08 0.00880404 0.0332315 0.00045344 0.00107553 8.82358e-05 0.000536293 
5.23372e-05 0.00025166 0.000180759 7.94503e-05 0.000295756 0.00193178 0.000508679 2.7278e-05 0.000295134 0.0079018 1.57626e-06 7.37596e-08 0.000701074 2.76163e-05 7.34154e-11 0.000145563 0.00160297 0.985784 1.73222e-05 3.62284e-07 0.000194395 
0.00439324 0.154889 0.000405206 0.000208211 0.00295804 0.00337672 0.00286716 0.0676156 0.0887022 0.00610637 0.0571953 0.000149949 0.00136757 0.514606 2.6163e-08 6.38062e-05 0.0919535 2.99151e-05 1.36645e-05 0.000260853 0.0028369 
0.0057444 0.0183496 8.94834e-07 5.06517e-05 0.00246979 0.0075243 0.0669708 0.00577087 0.160373 0.0421791 7.07327e-06 0.0251116 0.000655303 0.569543 3.8619e-07 0.00937041 0.08042 6.96211e-05 0.000613282 0.000242661 0.00453353 
0.00019061 0.0108924 0.00185903 0.00165821 3.51123e-09 0.817895 0.00675463 0.00123604 0.00176783 0.10685 5.17808e-05 2.20063e-07 0.0120609 0.00138632 1.00626e-12 0.00103953 0.00367191 0.0273399 0.00502585 0.000204922 0.000115531 
0.00273138 0.00639517 3.22472e-07 1.05075e-05 0.000267194 0.000155848 0.00100273 0.000120237 0.00447409 0.0504042 9.8849e-08 9.60799e-08 1.25504e-06 0.536076 4.7992e-10 0.000354711 0.380707 2.02238e-05 0.00117985 2.01606e-07 0.0160994 
0.00530249 0.0132717 0.000327859 0.0106037 0.000358894 0.0994205 0.0155274 0.00579182 0.0201698 0.0521214 1.44949e-05 6.95164e-07 0.030075 0.0430542 3.90968e-09 0.00355563 0.655354 1.81567e-05 0.00126385 0.0350704 0.00869801 
0.00273138 0.00639517 3.22472e-07 1.05075e-05 0.000267194 0.000155848 0.00100273 0.000120237 0.00447409 0.0504042 9.8849e-08 9.60799e-08 1.25504e-06 0.536076 4.7992e-10 0.000354711 0.380707 2.02238e-05 0.00117985 2.01606e-07 0.0160994 
0.00950993 0.00976452 8.30955e-06 0.00236658 0.00635546 0.00668314 0.00962032 0.000113974 0.0105539 0.241523 0.00543687 5.68004e-08 0.357227 0.00491175 4.74576e-10 0.0990878 0.173872 3.43864e-05 0.000799358 0.00279971 0.0593318 
0.00154747 0.00832084 0.00141139 0.000639841 0.00405487 0.0165423 0.0193691 0.00385229 0.00466689 0.546019 0.0041495 0.000156717 0.0168667 0.0044114 1.59348e-08 0.00331626 0.335836 1.19528e-05 0.00127528 1.30946e-05 0.0275394 
0.000251231 0.00237065 0.00972677 0.00203938 0.000140988 0.054365 0.196203 0.0100954 0.0745672 0.19779 2.40343e-05 7.42593e-06 0.0224705 0.00231759 3.3767e-12 0.00952416 0.381039 0.0345783 0.000708294 2.41856e-05 0.00175742 
0.00123998 0.0326744 9.03884e-05 0.000896665 0.00274315 0.430562 0.00756703 0.000237463 0.215291 0.0024843 7.05367e-05 0.000117741 0.0113798 0.114433 9.20016e-08 0.00159404 0.175946 4.97483e-05 0.00153702 7.50953e-05 0.00101009 
5.23372e-05 0.00025166 0.000180759 7.94503e-05 0.000295756 0.00193178 0.000508679 2.7278e-05 0.000295134 0.0079018 1.57626e-06 7.37596e-08 0.000701074 2.76163e-05 7.34154e-11 0.000145563 0.00160297 0.985784 1.73222e-05 3.62284e-07 0.000194395 
5.23372e-05 0.00025166 0.000180759 7.94503e-05 0.000295756 0.00193178 0.000508679 2.7278e-05 0.000295134 0.0079018 1.57626e-06 7.37596e-08 0.000701074 2.76163e-05 7.34154e-11 0.000145563 0.00160297 0.985784 1.73222e-05 3.62284e-07 0.000194395 
0.00498367 0.0285324 1.01926e-07 1.39769e-06 0.000163704 0.0293371 0.261452 0.000434141 0.122531 0.0143409 3.61063e-07 7.52258e-05 3.2491e-05 0.350358 1.52729e-09 0.000120066 0.186845 0.00018023 5.42858e-05 8.37346e-07 0.000557768 
0.00511975 0.0744771 0.000331722 0.0134829 2.85973e-05 0.0500815 0.0190112 0.0434115 0.0331926 0.275818 7.98213e-06 2.47805e-07 0.014607 0.00728735 7.52318e-10 0.000913633 0.4432 0.0118778 0.00138774 0.00484677 0.000916696 
0.0118294 0.0106247 0.000152824 0.00100235 0.000771548 0.0453824 0.0377181 0.00106086 0.020027 0.0216791 0.000144278 0.0155447 0.000921802 0.776123 1.20616e-07 0.00753508 0.0255881 0.00286156 0.00415127 0.00216775 0.0147145 
0.0155728 0.0157903 0.000356728 0.000200105 0.0335646 0.572756 0.000409211 0.00335045 0.00972035 0.00177288 0.0202092 2.14753e-05 0.022303 0.000482033 6.766e-07 0.000206638 0.297269 2.49594e-05 5.29019e-05 2.71582e-06 0.00593428 
0.00399474 0.0238448 0.000443956 0.00057004 0.00501698 0.157339 0.223604 0.0087083 0.183424 0.0201723 0.000728271 0.000135729 0.0910053 0.000765202 4.12982e-09 0.130682 0.146484 5.61013e-05 0.000773335 2.7409e-05 0.00222607 
0.000689127 0.0149854 0.000360902 0.0110154 0.00108565 0.549225 0.247212 0.0720681 0.00931054 0.0112911 5.49046e-05 7.27088e-06 0.0103442 0.00249743 2.70722e-12 0.00475966 0.0628632 0.000237295 0.00146397 7.84898e-05 0.000450254 
0.0148778 0.157818 0.000684661 0.0012114 0.0137274 0.175564 0.0672298 0.0130393 0.10405 0.0281194 0.000635307 7.70481e-07 0.089517 0.0166442 1.45294e-08 0.0133306 0.291928 5.22067e-05 0.000105259 0.000177501 0.0112873 
0.00157325 0.0481531 0.000935872 0.000345513 0.00158631 0.0164561 0.183147 0.00997056 0.0129064 0.392617 0.0158019 0.000128663 0.0356994 0.125717 4.6719e-06 0.0336823 0.0981708 0.0176972 0.000419594 0.00493269 5.52669e-05 
0.00238734 0.00826527 3.18945e-05 0.000311439 0.00115631 0.123911 0.0238693 0.053625 0.00539288 0.00335975 4.2331e-05 4.69728e-07 0.015772 3.63391e-05 1.50354e-09 0.72158 0.0344933 2.52698e-05 0.00486587 2.60765e-05 0.00084865 
0.027078 0.2578 0.000169844 0.00557305 0.00644843 0.071222 0.0694212 0.0394403 0.0762666 0.0685881 0.000138814 1.81372e-07 0.0330735 0.024723 6.26589e-10 0.0662544 0.221567 0.00818106 0.0218125 2.20025e-05 0.00221993 
0.0188602 0.313214 0.00729249 0.000659074 0.00619362 0.0524655 0.0390421 0.0123176 0.0633564 0.195816 2.86483e-08 6.65821e-05 0.0137568 0.176303 7.01125e-11 0.00269293 0.0615824 0.0116825 0.000564173 1.50268e-05 0.02412 
0.0558164 0.0346175 0.00115038 0.00495087 0.00270012 0.0817439 0.0309847 0.0138339 0.0945253 0.152775 0.00224082 4.90964e-05 0.0494466 0.0335616 4.66077e-06 0.00747945 0.412852 0.00517153 0.00151822 0.00612135 0.008457 
0.000202689 0.00309511 2.76836e-10 0.00152171 7.54639e-05 0.00123402 4.23822e-05 0.00196055 0.000912011 0.000253722 0.9819 0.000287944 0.000303184 0.00279025 7.35616e-13 2.89744e-05 0.00466433 0.000707573 8.40273e-06 6.725e-09 1.18905e-05 
0.000277635 0.00011444 6.18278e-09 5.22207e-06 6.29776e-06 0.000188032 7.38278e-05 0.000120885 0.000233787 0.000125391 1.08462e-06 1.25947e-07 4.60964e-05 0.00196899 3.05516e-12 9.39671e-05 0.000491601 3.59066e-05 0.996026 8.23336e-06 0.000182861 
0.113535 0.38739 0.00243548 0.0729382 0.0075964 0.0306117 0.0278368 0.0112192 0.0386049 0.0378076 5.98236e-05 1.30741e-05 0.0239035 0.105712 1.27417e-07 0.0125222 0.125243 2.05047e-05 8.05148e-05 0.000185347 0.00228478 
0.0139963 0.0110367 8.15154e-05 8.24671e-05 0.0193099 0.369217 0.147266 0.00326267 0.00866751 0.0158531 0.0106585 0.000662638 0.0923168 0.00684562 1.01477e-10 0.00548591 0.273238 9.85471e-05 0.00694107 1.21394e-05 0.0149673 
0.00458845 0.0094081 9.74216e-08 0.000687279 0.000115252 0.0382452 0.165113 1.40626e-05 0.238115 0.0789258 2.50473e-05 0.000106402 0.00810178 0.242019 8.33403e-10 0.0273592 0.185248 0.000333817 0.000389151 1.18307e-07 0.00120529 
0.00594306 0.0242618 0.0094425 0.00062514 0.00662949 0.340709 0.0192716 0.0360748 0.0238832 0.096092 0.000254876 2.12942e-06 0.0343824 0.0288435 5.33946e-08 0.0205207 0.326064 0.0112922 0.00764456 0.00145274 0.00661011 
0.00673068 0.0935675 0.000493275 0.00172936 0.00235107 0.105147 0.131574 0.0131718 0.171277 0.0297121 0.000112031 9.53428e-06 0.039272 0.0266968 3.88916e-07 0.0206114 0.334544 0.000346228 0.000395556 0.00257317 0.0196854 
0.00333346 0.015587 6.76976e-06 0.00134261 0.000444053 0.812696 0.0291459 0.00161035 0.0363521 0.00429532 0.000142888 9.68769e-06 0.0276274 0.000281348 1.41265e-11 0.00330093 0.0631167 1.89792e-05 0.00015735 9.13581e-07 0.000530067 
0.00257197 0.0278517 0.0470313 0.00946775 0.000207087 0.105948 0.0851597 0.00167996 0.0918846 0.167653 6.35939e-05 3.89896e-06 0.0157286 0.268595 1.11611e-08 0.00575688 0.167895 0.000573391 0.00081992 1.58027e-05 0.00109276 
0.000202689 0.00309511 2.76836e-10 0.00152171 7.54639e-05 0.00123402 4.23822e-05 0.00196055 0.000912011 0.000253722 0.9819 0.000287944 0.000303184 0.00279025 7.35616e-13 2.89744e-05 0.00466433 0.000707573 8.40273e-06 6.725e-09 1.18905e-05 
0.000129066 0.00553131 0.00223251 0.00224451 1.99414e-06 0.78843 0.00817175 0.00097604 0.00172603 0.112026 2.0423e-05 1.42398e-06 0.011714 0.00222804 7.72867e-12 0.00112133 0.00334984 0.0554923 0.00398708 7.42986e-05 0.000542696 
5.23372e-05 0.00025166 0.000180759 7.94503e-05 0.000295756 0.00193178 0.000508679 2.7278e-05 0.000295134 0.0079018 1.57626e-06 7.37596e-08 0.000701074 2.76163e-05 7.34154e-11 0.000145563 0.00160297 0.985784 1.73222e-05 3.62284e-07 0.000194395 
0.00238734 0.00826527 3.18945e-05 0.000311439 0.00115631 0.123911 0.0238693 0.053625 0.00539288 0.00335975 4.2331e-05 4.69728e-07 0.015772 3.63391e-05 1.50354e-09 0.72158 0.0344933 2.52698e-05 0.00486587 2.60765e-05 0.00084865 
0.00271711 0.0366577 0.0161453 0.00219489 0.00374765 0.0257216 0.0800176 0.00237576 0.0335441 0.343567 1.57309e-08 3.55243e-06 0.00392703 0.070692 5.07552e-12 0.0199341 0.293399 0.0193541 0.00442272 0.00408409 0.0374948 
0.0258712 0.0560538 0.00167628 0.0226657 0.00200183 0.0183289 0.0360963 0.00253951 0.0597773 0.108587 0.00336469 0.000241649 0.0792854 0.00174449 1.99878e-11 0.0172875 0.506806 0.0466703 0.000177964 0.000732418 0.0100919 
5.23372e-05 0.00025166 0.000180759 7.94503e-05 0.000295756 0.00193178 0.000508679 2.7278e-05 0.000295134 0.0079018 1.57626e-06 7.37596e-08 0.000701074 2.76163e-05 7.34154e-11 0.000145563 0.00160297 0.985784 1.73222e-05 3.62284e-07 0.000194395 
0.00122195 0.0442817 0.00273745 0.0699033 0.000363349 0.514699 0.149294 0.00562371 0.0359415 0.0582798 0.000754597 5.60941e-06 0.0576864 0.000730826 6.80487e-12 0.0043431 0.0486595 0.00451087 0.000343665 0.000241821 0.000377321 
0.0154586 0.0379092 0.00221169 0.0398872 0.0303374 0.0219251 0.0469703 0.0246761 0.134345 0.0666659 0.0113593 2.1343e-05 0.0826288 0.0320382 6.13901e-08 0.0625997 0.355106 9.86753e-05 0.000484196 0.00282044 0.0324565 
0.00433085 0.205241 1.80811e-07 0.00620455 0.000374103 0.00338105 0.721463 0.00566188 0.00723365 0.007375 7.8884e-05 6.11265e-05 0.00138487 0.0156257 3.35021e-11 0.00058357 0.0209439 2.79868e-05 7.18469e-06 5.26217e-06 1.6059e-05 
0.00583636 0.0169639 0.00800595 0.0082953 9.59663e-05 0.138044 0.138137 0.00420847 0.048446 0.222539 0.00224662 4.57565e-07 0.0611059 0.131738 2.92694e-07 0.00266096 0.0566073 0.0239571 0.00225037 0.126297 0.00256302 
0.00423201 0.105685 0.00226584 0.00775437 0.0085239 0.0170329 0.0659856 0.0362948 0.133731 0.0253716 0.00119387 1.68288e-05 0.00808695 0.245734 3.26396e-08 0.105364 0.216308 9.60535e-05 0.000187432 0.00973054 0.00640524 
0.0160675 0.0837914 0.0147373 0.00837404 0.0667716 0.0447984 0.00919883 0.00322317 0.0782679 0.292992 0.00386014 0.000158328 0.0867766 0.113852 3.8123e-07 0.0102402 0.134106 0.00880961 0.00104793 0.000878951 0.0220481 
0.00272403 0.0415737 0.00134188 0.0346173 0.0007747 0.375764 0.166682 0.03172 0.0162365 0.0433163 9.81718e-05 1.5732e-06 0.0124308 0.0101575 2.01994e-13 0.00201754 0.24776 0.0114533 0.00102003 1.21384e-05 0.000298216 
0.00269764 0.0148938 0.00205799 0.00642024 0.00226498 0.718243 0.0347899 0.00508995 0.0761956 0.0437093 0.00490883 1.98853e-05 0.0366496 0.00132656 6.87767e-07 0.0196433 0.0272337 0.00203127 0.000476647 0.000572607 0.000774942 
0.00597007 0.0139591 0.000477828 0.00106847 0.000594786 0.0289765 0.0128667 0.00544425 0.0120977 0.368487 3.70744e-07 5.88199e-05 0.0190333 0.0381424 3.72728e-09 0.00278163 0.367126 0.0262439 0.00220196 0.000116485 0.0943529 
0.00340821 0.0281987 2.07006e-07 0.00104484 0.000838524 0.0380359 0.0979635 0.0051909 0.119274 0.00815434 3.57216e-05 4.96264e-05 0.00743068 0.371593 8.83347e-11 0.000414065 0.317127 0.000368924 3.57088e-05 9.81175e-06 0.000826173 
0.0265082 0.0319825 0.00364704 0.000567164 0.00585466 0.0498233 0.0335116 0.0102438 0.019434 0.488391 0.000112284 2.10189e-06 0.0260273 0.137295 3.94521e-10 0.00553994 0.0402351 0.0109933 0.00413042 1.25236e-05 0.105689 
0.0302337 0.022611 0.00255397 0.00182931 0.0226611 0.0967098 0.212556 0.00299343 0.0654573 0.0528884 0.000314195 0.000740311 0.157854 0.0120264 1.40877e-05 0.0335768 0.247689 0.000890343 0.00255316 8.63397e-05 0.0337606 
5.23372e-05 0.00025166 0.000180759 7.94503e-05 0.000295756 0.00193178 0.000508679 2.7278e-05 0.000295134 0.0079018 1.57626e-06 7.37596e-08 0.000701074 2.76163e-05 7.34154e-11 0.000145563 0.00160297 0.985784 1.73222e-05 3.62284e-07 0.000194395 
5.23372e-05 0.00025166 0.000180759 7.94503e-05 0.000295756 0.00193178 0.000508679 2.7278e-05 0.000295134 0.0079018 1.57626e-06 7.37596e-08 0.000701074 2.76163e-05 7.34154e-11 0.000145563 0.00160297 0.985784 1.73222e-05 3.62284e-07 0.000194395 
5.23372e-05 0.00025166 0.000180759 7.94503e-05 0.000295756 0.00193178 0.000508679 2.7278e-05 0.000295134 0.0079018 1.57626e-06 7.37596e-08 0.000701074 2.76163e-05 7.34154e-11 0.000145563 0.00160297 0.985784 1.73222e-05 3.62284e-07 0.000194395 
0.00435675 0.0101563 0.000107703 0.000443233 0.00526843 0.338315 0.0171602 0.126774 0.0276839 0.0190854 1.26184e-06 5.46623e-07 0.0131584 0.0191813 2.15562e-09 0.123926 0.292619 1.25287e-05 0.00123712 0.000251538 0.000261747 
0.00489896 0.0034328 2.86944e-06 0.000373879 0.000517994 0.190215 0.314951 0.0206248 0.0501979 0.019389 0.00556817 0.316847 0.00884005 0.03229 2.40476e-08 0.0176612 0.00991733 0.00247216 0.00165884 1.09114e-06 0.000140173 
0.000116845 9.267e-05 1.22763e-06 2.66936e-05 6.35179e-05 0.000689292 0.000103224 0.0031074 0.00033937 0.0021083 8.05352e-09 3.62691e-06 0.000131397 0.000872955 1.81115e-09 0.000501992 0.00164726 0.000338034 0.988591 5.43385e-09 0.00126529 
0.127466 0.520858 0.000536263 0.0195144 0.0135146 0.0288592 0.0111238 0.0849681 0.0495139 0.0263329 0.00189149 8.67021e-05 0.0230854 0.0244586 4.43732e-05 0.00681074 0.043164 0.000171839 0.00170923 0.00523554 0.0106549 
0.00116985 0.00339169 1.05279e-08 0.000411601 7.29929e-08 0.0283843 0.0363384 0.00255841 0.0136322 0.0222085 2.51241e-08 3.46817e-09 0.00818113 0.00160552 9.18427e-13 0.000860407 0.879715 1.10486e-05 5.11514e-05 2.03466e-08 0.00148024 
0.00238734 0.00826527 3.18945e-05 0.000311439 0.00115631 0.123911 0.0238693 0.053625 0.00539288 0.00335975 4.2331e-05 4.69728e-07 0.015772 3.63391e-05 1.50354e-09 0.72158 0.0344933 2.52698e-05 0.00486587 2.60765e-05 0.00084865 
0.0349203 0.869734 2.69368e-08 2.85558e-06 5.91595e-06 0.00451658 6.03225e-05 0.0736096 0.00198689 0.002799 1.60994e-07 9.04042e-09 0.00264399 0.00600051 1.22117e-09 4.37309e-05 0.00337579 3.22332e-06 0.000262353 5.19845e-07 3.38356e-05 
0.000984779 0.0122087 8.7817e-09 5.59672e-05 0.000268026 0.0102503 0.031993 0.00316579 0.110606 0.0244052 3.52247e-08 9.92104e-07 0.0225426 0.0170883 6.71793e-10 0.00618481 0.75871 1.30171e-05 3.64799e-05 0.000728205 0.000757881 
0.00332781 0.0438002 0.000115414 0.0010461 0.00102955 0.677858 0.00615256 0.00108779 0.0114882 0.0259653 0.00117577 6.1472e-08 0.0140755 0.0220549 2.14028e-11 0.00209698 0.130646 0.000766608 0.000780909 0.0540693 0.00246265 
0.00238734 0.00826527 3.18945e-05 0.000311439 0.00115631 0.123911 0.0238693 0.053625 0.00539288 0.00335975 4.2331e-05 4.69728e-07 0.015772 3.63391e-05 1.50354e-09 0.72158 0.0344933 2.52698e-05 0.00486587 2.60765e-05 0.00084865 
5.23372e-05 0.00025166 0.000180759 7.94503e-05 0.000295756 0.00193178 0.000508679 2.7278e-05 0.000295134 0.0079018 1.57626e-06 7.37596e-08 0.000701074 2.76163e-05 7.34154e-11 0.000145563 0.00160297 0.985784 1.73222e-05 3.62284e-07 0.000194395 
5.23372e-05 0.00025166 0.000180759 7.94503e-05 0.000295756 0.00193178 0.000508679 2.7278e-05 0.000295134 0.0079018 1.57626e-06 7.37596e-08 0.000701074 2.76163e-05 7.34154e-11 0.000145563 0.00160297 0.985784 1.73222e-05 3.62284e-07 0.000194395 
0.14124 0.089321 5.7341e-05 0.00261095 0.000458882 0.0348014 0.00253177 0.00326582 0.0873358 0.0343352 9.14639e-08 3.44469e-06 0.0422246 0.0131468 6.85041e-11 0.0133852 0.533168 4.37749e-06 2.09302e-06 3.17745e-07 0.00210684 
5.23372e-05 0.00025166 0.000180759 7.94503e-05 0.000295756 0.00193178 0.000508679 2.7278e-05 0.000295134 0.0079018 1.57626e-06 7.37596e-08 0.000701074 2.76163e-05 7.34154e-11 0.000145563 0.00160297 0.985784 1.73222e-05 3.62284e-07 0.000194395 
0.0246906 0.0171174 1.88874e-05 0.000281442 0.000504026 0.0534547 0.073031 0.0155898 0.454184 0.0703538 0.000185886 0.000280724 0.0617779 0.0752985 2.57788e-07 0.0100132 0.102146 5.85187e-05 8.27814e-05 0.0007485 0.0401824 
0.000202689 0.00309511 2.76836e-10 0.00152171 7.54639e-05 0.00123402 4.23822e-05 0.00196055 0.000912011 0.000253722 0.9819 0.000287944 0.000303184 0.00279025 7.35616e-13 2.89744e-05 0.00466433 0.000707573 8.40273e-06 6.725e-09 1.18905e-05 
5.23372e-05 0.00025166 0.000180759 7.94503e-05 0.000295756 0.00193178 0.000508679 2.7278e-05 0.000295134 0.0079018 1.57626e-06 7.37596e-08 0.000701074 2.76163e-05 7.34154e-11 0.000145563 0.00160297 0.985784 1.73222e-05 3.62284e-07 0.000194395 
0.0399704 0.695029 1.3375e-05 1.72645e-06 0.000105604 0.100277 0.00392377 0.00918862 0.00931856 0.00724832 9.70414e-08 5.18388e-09 0.0148171 0.000839605 2.59734e-10 0.00224552 0.116273 3.20922e-06 3.19845e-06 2.30913e-07 0.00074206 
0.000944292 0.00186957 0.0241051 0.00248226 0.00165293 0.0756868 0.0390791 0.00191975 0.0140668 0.261611 0.373304 4.71505e-07 0.0101313 0.0127133 1.642e-11 0.0302729 0.123936 0.02231 0.000339356 0.00225566 0.00131896 
0.00599315 0.059131 1.02507e-06 0.867325 0.000181875 0.0151882 0.000571963 0.0160331 0.00366618 7.81315e-05 0.000650013 1.79579e-06 0.00140857 0.000298003 5.44786e-10 3.19914e-05 0.0293676 1.15006e-05 2.83252e-06 3.77737e-05 1.99632e-05 
0.0175335 0.0311126 0.0013508 0.00259309 0.00729926 0.0592905 0.0265204 0.021889 0.0579615 0.105784 0.00031624 1.71429e-05 0.149899 0.0356762 2.59171e-06 0.0137835 0.371602 0.00021336 0.00223187 0.0012055 0.0937176 
0.0456935 0.0690999 1.89153e-05 0.000905587 0.000830994 0.531419 0.00377584 0.0261665 0.0917922 0.0245625 0.000412276 6.11698e-07 0.0222707 0.0555103 6.48507e-11 0.00399036 0.111686 0.000262072 0.000845655 0.00957283 0.00118355 
0.0242409 0.0663202 0.0139179 0.213663 0.00318353 0.0460093 0.0125749 0.0208919 0.0152784 0.252583 2.84444e-06 1.94336e-06 0.0153595 0.0321256 7.90937e-09 0.000229976 0.031622 0.142147 0.103691 1.80909e-06 0.00615608 
0.0150979 0.116636 9.46715e-06 0.00949194 0.00440852 0.0270904 0.0352202 0.0455257 0.128127 0.0457639 1.03887e-08 1.1104e-05 0.0499592 0.0800442 7.25584e-11 0.0162287 0.386465 3.14232e-05 0.000800266 0.00365929 0.035431 
0.0429404 0.0573109 0.00183031 0.00408785 0.0607779 0.132531 0.0193528 0.068435 0.0737204 0.0895029 6.16446e-06 8.09345e-07 0.0686082 0.00440693 4.37377e-09 0.00832818 0.340918 0.0087315 0.000484504 1.4372e-06 0.0180249 
0.0312087 0.399602 0.00379736 0.00513137 0.0100111 0.010846 0.140726 0.0242786 0.10719 0.0610169 0.00279279 0.0729583 0.0135441 0.0787592 5.06598e-05 0.0197991 0.0131229 0.000274446 0.00205411 0.000751419 0.00208526 
0.0184767 0.0282 0.00783808 0.00206632 0.0160888 0.0764742 0.0612714 0.0208862 0.0379505 0.32439 0.0124997 0.000599252 0.114104 0.0225647 2.52785e-05 0.0371265 0.188169 0.00855686 0.00394231 0.00020986 0.0185604 
0.00890405 0.0105274 0.00379633 0.00572857 0.00364503 0.0753462 0.0146468 0.0012312 0.0256511 0.0367603 3.35408e-05 1.07139e-05 0.127436 0.00325535 1.46504e-07 0.0125344 0.114851 1.5573e-05 0.0134317 5.33765e-05 0.542141 
0.0124188 0.0538966 0.00652163 0.00229513 0.00135423 0.019767 0.036846 0.000189657 0.0894203 0.0601853 0.00180486 3.91371e-05 1.44635e-07 0.643764 1.36338e-08 0.000268074 0.0197636 0.000320881 0.000352002 0.000970936 0.0498211 
5.23372e-05 0.00025166 0.000180759 7.94503e-05 0.000295756 0.00193178 0.000508679 2.7278e-05 0.000295134 0.0079018 1.57626e-06 7.37596e-08 0.000701074 2.76163e-05 7.34154e-11 0.000145563 0.00160297 0.985784 1.73222e-05 3.62284e-07 0.000194395 
0.0524153 0.175343 0.000209356 0.0321575 0.00325035 0.258346 0.0124148 0.0299886 0.108203 0.0354991 0.000155352 3.88701e-06 0.0616713 0.0355085 1.84974e-07 0.00855724 0.171435 0.000852093 0.00128678 0.000859275 0.0118435 
0.00288642 0.0105278 0.000948614 0.000245622 0.00160871 0.0573019 0.332734 0.0710409 0.0169962 0.126601 2.37623e-05 3.49244e-06 0.0279583 0.00946471 8.82472e-07 0.0151812 0.315597 0.00552578 0.000231716 5.82203e-05 0.00506336 
5.23372e-05 0.00025166 0.000180759 7.94503e-05 0.000295756 0.00193178 0.000508679 2.7278e-05 0.000295134 0.0079018 1.57626e-06 7.37596e-08 0.000701074 2.76163e-05 7.34154e-11 0.000145563 0.00160297 0.985784 1.73222e-05 3.62284e-07 0.000194395 
0.00118704 0.0628755 6.12765e-07 0.00358352 0.00662304 0.0278713 0.239399 0.000746684 0.0370474 0.0489694 0.00708095 0.000605073 0.00351384 0.200628 2.1028e-08 0.012373 0.328052 0.00164441 0.00702796 0.00709682 0.00367415 
2.47532e-06 0.0180755 2.47288e-06 2.47422e-06 0.0106425 0.138145 2.4754e-06 2.47554e-06 0.0443142 2.47572e-06 0.00470074 0.00123897 2.47562e-06 0.178964 2.47087e-06 2.47521e-06 2.47583e-06 0.0022302 2.47355e-06 0.0128608 0.588802 
0.0173554 0.112101 0.0001969 0.00131373 0.000775267 0.0322449 0.00148128 0.0275195 0.00860622 0.00834515 3.69526e-08 1.42736e-07 0.00840756 0.00144813 4.2019e-11 0.000826084 0.772051 7.92885e-06 0.000110858 0.00391561 0.00329353 
0.000484578 0.01272 0.00275687 0.00102534 0.00249575 0.0621795 0.0568098 0.00300245 0.0151085 0.144999 0.00195596 1.2693e-05 0.00792983 0.598225 2.34568e-08 0.00109955 0.0415962 0.0420764 0.00207271 0.00326245 0.000187789 
0.00844705 0.0147568 8.05771e-07 7.92506e-05 1.17428e-05 0.00585868 0.00548373 8.06549e-05 0.0822415 0.0193854 0.0101199 1.43133e-05 2.17089e-05 0.837461 5.41236e-09 2.6916e-05 0.0143921 0.00111333 0.000222683 0.00020743 7.45761e-05 
5.23372e-05 0.00025166 0.000180759 7.94503e-05 0.000295756 0.00193178 0.000508679 2.7278e-05 0.000295134 0.0079018 1.57626e-06 7.37596e-08 0.000701074 2.76163e-05 7.34154e-11 0.000145563 0.00160297 0.985784 1.73222e-05 3.62284e-07 0.000194395 
0.00157633 0.00694152 0.00346644 0.00175845 0.00614453 0.499573 0.0381242 0.0153207 0.0257125 0.0968214 0.00114223 4.73625e-06 0.0622875 0.000784641 3.37227e-13 0.0129787 0.213754 0.011143 0.000749698 0.000303905 0.0014133 
0.0039915 0.00704948 2.81425e-05 0.00015437 0.00197205 0.00253501 0.00165131 0.0231026 0.00959013 0.0370435 0.00208514 1.89336e-05 0.0184923 0.0167353 1.43062e-09 0.000495745 0.0614477 0.00103728 0.774533 1.10125e-07 0.0380368 
5.23372e-05 0.00025166 0.000180759 7.94503e-05 0.000295756 0.00193178 0.000508679 2.7278e-05 0.000295134 0.0079018 1.57626e-06 7.37596e-08 0.000701074 2.76163e-05 7.34154e-11 0.000145563 0.00160297 0.985784 1.73222e-05 3.62284e-07 0.000194395 
0.00535794 0.0424218 0.0023025 0.502844 0.00223637 0.0634084 0.00745079 0.0202949 0.044346 0.170058 2.56206e-05 0.000205878 0.0191106 0.0278174 6.47796e-08 0.00825806 0.052901 0.0214707 0.00477863 1.09096e-05 0.00470108 
0.00970242 0.0632586 0.000246485 9.30585e-05 0.0361045 0.0214069 0.116454 0.00285305 0.0380599 0.0540307 3.19278e-05 6.59339e-05 0.162243 0.0106217 2.99498e-09 0.0543456 0.340495 5.88764e-05 0.0644621 0.00122393 0.0242422 
0.00158278 0.0433017 7.48358e-06 0.000728466 0.00366476 0.672503 0.0180046 0.000199187 0.0113036 0.0448398 2.47201e-05 7.91858e-07 0.109045 0.0066278 6.48099e-11 0.00480199 0.0814184 0.000327083 0.00108364 7.48911e-05 0.000459997 
0.00708075 0.00844019 0.000205495 0.00636919 0.00138469 0.0200083 0.00278537 0.00383935 0.0204249 0.13418 5.21986e-09 2.84482e-07 0.0661821 0.00144872 3.83241e-13 0.0021409 0.717241 3.13628e-06 0.000134288 0.00117085 0.00696018 
0.000202689 0.00309511 2.76836e-10 0.00152171 7.54639e-05 0.00123402 4.23822e-05 0.00196055 0.000912011 0.000253722 0.9819 0.000287944 0.000303184 0.00279025 7.35616e-13 2.89744e-05 0.00466433 0.000707573 8.40273e-06 6.725e-09 1.18905e-05 
0.000202689 0.00309511 2.76836e-10 0.00152171 7.54639e-05 0.00123402 4.23822e-05 0.00196055 0.000912011 0.000253722 0.9819 0.000287944 0.000303184 0.00279025 7.35616e-13 2.89744e-05 0.00466433 0.000707573 8.40273e-06 6.725e-09 1.18905e-05 
0.0269562 0.211868 1.22748e-06 0.667624 0.00220668 0.00384594 0.0031311 0.00153316 0.00861191 0.000317945 0.00397523 1.52745e-06 0.00244757 8.39333e-05 5.68426e-09 0.000228575 0.0413825 2.37492e-05 1.94122e-05 0.0257095 3.17607e-05 
0.0240852 0.654221 2.88002e-05 0.0291533 0.00603046 0.0524538 0.00483463 0.050137 0.0436508 0.00804772 0.0287764 9.13934e-10 0.0386414 0.000411148 1.6689e-11 0.00396962 0.0123003 5.85465e-05 0.000125937 0.0427302 0.000343347 
5.23372e-05 0.00025166 0.000180759 7.94503e-05 0.000295756 0.00193178 0.000508679 2.7278e-05 0.000295134 0.0079018 1.57626e-06 7.37596e-08 0.000701074 2.76163e-05 7.34154e-11 0.000145563 0.00160297 0.985784 1.73222e-05 3.62284e-07 0.000194395 
0.00820272 0.0409222 0.00027571 0.00209227 0.00512763 0.330855 0.0150548 0.00708141 0.036402 0.103599 0.00538513 0.000147188 0.0289165 0.0154569 9.5611e-11 0.00433984 0.379991 4.95288e-05 0.00196626 3.68999e-05 0.0140981 
0.00404808 0.0170262 1.68053e-05 0.0120878 0.00359958 0.532337 0.110725 0.0109325 0.0604497 0.00746155 0.00580677 0.000497575 0.0279872 0.0135438 9.46344e-11 0.00644991 0.165179 0.000169152 0.00252998 5.49497e-05 0.0190969 
0.000660962 0.015462 9.05571e-05 0.000304189 0.000143881 0.895868 0.0012855 0.00234612 0.00500822 0.0431673 0.000170953 6.72502e-07 0.0214701 0.000279899 4.12168e-13 0.00387974 0.00406596 0.00133209 0.00406253 0.000202411 0.000198445 
5.23372e-05 0.00025166 0.000180759 7.94503e-05 0.000295756 0.00193178 0.000508679 2.7278e-05 0.000295134 0.0079018 1.57626e-06 7.37596e-08 0.000701074 2.76163e-05 7.34154e-11 0.000145563 0.00160297 0.985784 1.73222e-05 3.62284e-07 0.000194395 
0.00658006 0.0364075 2.55594e-05 0.142241 0.000304002 0.01414 0.00392904 0.740029 0.00663302 0.00311841 2.53603e-07 2.02881e-07 0.00329451 0.00160042 5.19555e-10 0.0030909 0.0355432 0.000112815 0.00173384 5.10069e-05 0.00116521 
0.119369 0.00913822 0.00065777 0.00037289 0.00687684 0.0463859 0.0296195 0.00853627 0.0079391 0.358206 4.98778e-05 2.79199e-06 0.0075874 0.00109983 1.27362e-06 0.0156682 0.168278 4.33818e-05 0.000395511 7.44246e-06 0.219765 
5.23372e-05 0.00025166 0.000180759 7.94503e-05 0.000295756 0.00193178 0.000508679 2.7278e-05 0.000295134 0.0079018 1.57626e-06 7.37596e-08 0.000701074 2.76163e-05 7.34154e-11 0.000145563 0.00160297 0.985784 1.73222e-05 3.62284e-07 0.000194395 
0.00141292 0.00175435 0.000332675 0.000271187 0.00283433 0.105203 0.00901447 0.00193486 0.0201108 0.337842 0.000705089 2.14477e-06 0.182 0.00271449 1.1491e-07 0.0364584 0.24789 0.0241627 0.00331865 0.000178819 0.0218594 
0.000202689 0.00309511 2.76836e-10 0.00152171 7.54639e-05 0.00123402 4.23822e-05 0.00196055 0.000912011 0.000253722 0.9819 0.000287944 0.000303184 0.00279025 7.35616e-13 2.89744e-05 0.00466433 0.000707573 8.40273e-06 6.725e-09 1.18905e-05 
5.23372e-05 0.00025166 0.000180759 7.94503e-05 0.000295756 0.00193178 0.000508679 2.7278e-05 0.000295134 0.0079018 1.57626e-06 7.37596e-08 0.000701074 2.76163e-05 7.34154e-11 0.000145563 0.00160297 0.985784 1.73222e-05 3.62284e-07 0.000194395 
0.0791229 0.673917 9.90237e-07 0.000393236 1.60747e-05 0.00828127 0.00208358 0.0777821 0.0389953 0.000244856 5.77957e-05 3.95714e-07 0.0410524 0.00219083 5.08262e-09 0.0017628 0.0525588 1.72531e-05 9.27602e-06 0.00112999 0.0203828 
0.0237198 0.0432931 0.0073864 0.000420277 0.00462282 0.40498 0.0200958 0.0115978 0.122132 0.140641 9.71162e-05 2.00376e-06 0.0866814 0.0269885 1.30875e-06 0.00346295 0.0618328 0.000301901 0.0271031 2.14148e-05 0.0146176 
0.0173554 0.112101 0.0001969 0.00131373 0.000775267 0.0322449 0.00148128 0.0275195 0.00860622 0.00834515 3.69526e-08 1.42736e-07 0.00840756 0.00144813 4.2019e-11 0.000826084 0.772051 7.92885e-06 0.000110858 0.00391561 0.00329353 
0.000139358 0.00504042 0.000964409 0.0226442 0.00264923 5.62874e-07 0.000174552 1.84602e-07 0.160934 0.503495 0.000561973 5.47928e-06 0.0587273 0.0436433 3.12225e-10 0.151856 0.0271443 0.00717671 0.000611793 0.000425936 0.0138052 
5.23372e-05 0.00025166 0.000180759 7.94503e-05 0.000295756 0.00193178 0.000508679 2.7278e-05 0.000295134 0.0079018 1.57626e-06 7.37596e-08 0.000701074 2.76163e-05 7.34154e-11 0.000145563 0.00160297 0.985784 1.73222e-05 3.62284e-07 0.000194395 
0.0398029 0.0629295 4.36929e-05 0.00687045 0.00192011 0.0446391 0.0316524 0.0060161 0.018456 0.0508065 0.000278888 3.66343e-05 0.105047 0.401287 3.77242e-08 0.00155299 0.0852934 0.000889837 5.52991e-06 7.68394e-06 0.142464 
0.0599991 0.342246 0.000376573 0.00147758 0.0147265 0.233632 0.0181879 0.0169312 0.0915622 0.0526381 3.20704e-07 4.40195e-08 0.0700676 0.0467144 1.01515e-10 0.0173599 0.0281667 0.000179232 0.0013587 3.06639e-06 0.00437297 
0.00238734 0.00826527 3.18945e-05 0.000311439 0.00115631 0.123911 0.0238693 0.053625 0.00539288 0.00335975 4.2331e-05 4.69728e-07 0.015772 3.63391e-05 1.50354e-09 0.72158 0.0344933 2.52698e-05 0.00486587 2.60765e-05 0.00084865 
5.23372e-05 0.00025166 0.000180759 7.94503e-05 0.000295756 0.00193178 0.000508679 2.7278e-05 0.000295134 0.0079018 1.57626e-06 7.37596e-08 0.000701074 2.76163e-05 7.34154e-11 0.000145563 0.00160297 0.985784 1.73222e-05 3.62284e-07 0.000194395 
0.00613909 0.0381032 0.0008183 7.59677e-05 0.00718153 0.0118633 0.0144248 0.0337538 0.0180318 0.571822 0.00861264 9.81768e-07 0.0148855 0.00773891 3.98033e-08 0.0282632 0.105362 2.15654e-05 0.00638364 0.00513785 0.12138 
0.0108087 0.0173524 0.00017054 0.00341872 0.000953177 0.00190778 0.00122576 0.00621553 0.0275157 0.222272 0.000152263 4.4934e-06 0.0610566 0.0402186 7.21445e-11 0.0373833 0.531566 0.00136851 8.24024e-05 0.00343402 0.0328942 
0.000173434 0.01127 0.000375251 0.000939035 0.00450798 0.00461409 0.0036599 0.00135086 0.00603209 0.00309658 0.0140488 8.34941e-07 0.00803288 0.00834684 1.58382e-09 0.0021092 0.00794453 0.000148143 3.04174e-05 0.923257 6.22586e-05 
5.23372e-05 0.00025166 0.000180759 7.94503e-05 0.000295756 0.00193178 0.000508679 2.7278e-05 0.000295134 0.0079018 1.57626e-06 7.37596e-08 0.000701074 2.76163e-05 7.34154e-11 0.000145563 0.00160297 0.985784 1.73222e-05 3.62284e-07 0.000194395 
0.00659473 0.0619992 1.28108e-06 0.847989 0.000227341 0.0189162 0.000714951 0.0191728 0.00458271 9.76636e-05 0.000812497 2.2443e-06 0.00175018 0.000359949 5.99266e-10 3.99884e-05 0.0366492 1.43753e-05 3.54028e-06 4.72073e-05 2.49531e-05 
0.0196101 0.0190831 0.000256487 0.000727201 0.000363788 0.617171 0.0310864 0.000207166 0.109485 0.0728085 0.00564058 9.44634e-07 0.0431576 8.64875e-05 2.24544e-10 0.003467 0.0706843 0.00122688 0.00039527 0.00303632 0.00150538 
0.0390793 0.100068 0.00251948 0.000576594 0.0142926 0.113144 0.0497995 0.0131279 0.104998 0.149719 0.000321158 1.04439e-05 0.163356 0.0469601 2.68003e-06 0.0386998 0.126006 0.00762608 0.000281252 9.47546e-05 0.029318 
0.00108029 0.0135509 0.00108113 0.000453568 0.0069217 0.178231 0.00775805 0.00979052 0.0311261 0.592158 0.00435327 1.35995e-06 0.0409701 0.00470694 1.01736e-06 0.00920796 0.0772355 0.00934999 0.00350415 0.000654058 0.00786367 
0.0516765 0.0466892 0.00140633 0.00269648 0.0060292 0.130738 0.0102344 0.0181986 0.0866557 0.0372407 0.000231816 1.428e-06 0.216125 0.00757012 2.1706e-07 0.00973719 0.360799 1.0539e-05 0.000408057 4.62547e-05 0.0135059 
0.725848 0.179702 6.46511e-09 0.0179385 0.000601692 0.00749185 0.000558157 0.00092569 0.00253447 0.00102979 1.12533e-06 6.99672e-07 0.0133146 0.000767192 2.63249e-11 0.00159381 0.0426288 1.06022e-05 6.66323e-05 0.00391355 0.00107285 
0.00501066 0.0311891 5.42024e-05 0.0177113 0.00100247 0.335309 0.00167642 0.00143861 0.00873442 0.0110331 1.99307e-05 1.1418e-07 0.413695 0.000163819 2.42701e-10 0.000791874 0.167594 5.91842e-06 5.3381e-05 2.3233e-07 0.00451599 
0.0123957 0.0419797 0.000652389 0.00777867 0.0154959 0.246906 0.0580788 0.0146427 0.0378325 0.305339 0.00740887 3.09964e-05 0.0877304 0.00498108 2.07797e-08 0.023289 0.0975406 0.0115335 0.0138012 0.00229884 0.0102848 
0.0124974 0.0646679 0.0370443 0.000701734 0.0166949 0.0247673 0.136329 0.116278 0.017684 0.0921782 0.0453065 1.30546e-05 0.0224613 0.0176263 4.83495e-09 0.00232577 0.354379 0.000210253 0.00838013 3.82543e-07 0.0304545 
0.0870742 0.0696649 0.000353649 0.00114182 0.0445682 0.00313837 0.0322272 0.000119529 0.244336 0.00882297 9.58747e-05 4.62334e-05 2.19276e-05 0.493829 1.29492e-07 7.32324e-05 0.0101964 0.000170978 1.29147e-05 5.63806e-05 0.00405018 
5.23372e-05 0.00025166 0.000180759 7.94503e-05 0.000295756 0.00193178 0.000508679 2.7278e-05 0.000295134 0.0079018 1.57626e-06 7.37596e-08 0.000701074 2.76163e-05 7.34154e-11 0.000145563 0.00160297 0.985784 1.73222e-05 3.62284e-07 0.000194395 
0.0289274 0.0323581 0.0258758 0.00147658 0.00015126 0.00956419 0.00503869 0.00461044 0.033649 0.0352406 0.000692735 5.77436e-06 0.00227963 0.0252573 2.59394e-09 0.00212594 0.0543699 0.00089216 0.00012125 0.737224 0.000139101 
0.013697 0.0316038 0.000322207 0.000624646 0.00204804 0.0126324 0.0189519 0.00218994 0.114418 0.237332 1.78668e-05 6.61195e-07 0.165604 0.0370511 1.85904e-09 0.00285708 0.328198 2.52527e-05 0.00195176 0.00139245 0.0290823 
0.000202689 0.00309511 2.76836e-10 0.00152171 7.54639e-05 0.00123402 4.23822e-05 0.00196055 0.000912011 0.000253722 0.9819 0.000287944 0.000303184 0.00279025 7.35616e-13 2.89744e-05 0.00466433 0.000707573 8.40273e-06 6.725e-09 1.18905e-05 
0.0316844 0.012461 0.00133317 0.00202458 0.0959878 0.0350804 0.00836333 0.00898819 0.0352929 0.547779 0.00679709 1.16823e-06 0.0387236 0.0355775 5.54636e-07 0.025949 0.0305581 0.00173431 0.00089723 0.000243262 0.0805237 
0.0308758 0.10837 4.88809e-05 0.00230847 0.00456086 0.00403303 0.0031353 0.129274 0.0463998 0.0236034 1.52431e-06 1.87688e-05 0.0026666 0.502653 4.32514e-08 0.000322924 0.100787 0.000178591 0.00105471 0.0225587 0.0171481 
0.00829158 0.0379594 0.000687402 0.0178039 0.0045544 0.115405 0.0511981 0.0244482 0.0330674 0.124283 0.0054364 0.000163126 0.0950265 0.0671906 3.43461e-05 0.0288731 0.253584 0.00091548 0.113646 0.00452882 0.0129028 
0.00392728 0.0132144 1.68354e-05 0.0109933 0.122893 0.211356 0.0601225 0.011399 0.037062 0.0286754 0.168563 7.42427e-05 0.0673119 0.00015998 4.32607e-08 0.241758 0.022285 6.73757e-05 7.9562e-05 2.49898e-07 4.07281e-05 
0.0370984 0.00738375 0.000286862 1.13065e-05 0.145266 0.0209007 0.749428 0.000209862 0.0060674 0.00364004 3.84428e-06 1.64972e-06 0.00104052 0.00103529 1.62545e-08 9.27848e-06 0.023601 2.07272e-06 5.27132e-05 1.45422e-05 0.0039465 
0.0104543 0.0204046 0.00965182 0.000565095 0.01009 0.346283 0.0057394 0.000335115 0.0744916 0.0425046 0.00552159 9.68465e-09 0.356504 0.000619235 3.04002e-10 0.0181218 0.0774215 2.39685e-05 2.66122e-05 1.1938e-07 0.0212416 
0.000341914 0.0229718 2.97289e-05 0.000306327 0.000390825 0.703442 0.00253888 0.000164852 0.00691551 0.0908138 0.000195639 8.45132e-09 0.156252 0.000168419 5.31892e-12 0.00492583 0.00797416 0.0011006 0.00124251 2.99628e-05 0.000194477 
5.23372e-05 0.00025166 0.000180759 7.94503e-05 0.000295756 0.00193178 0.000508679 2.7278e-05 0.000295134 0.0079018 1.57626e-06 7.37596e-08 0.000701074 2.76163e-05 7.34154e-11 0.000145563 0.00160297 0.985784 1.73222e-05 3.62284e-07 0.000194395 
0.000611835 0.00602032 3.14329e-07 0.154958 0.00397957 0.0079162 0.0637121 0.000105083 0.0714902 0.0423971 0.560429 5.17663e-06 0.00397936 0.0338067 1.67871e-09 0.00607401 0.0161349 0.0281095 4.74584e-05 5.28946e-05 0.000169853 
0.227519 0.0193705 8.6659e-05 0.000255304 0.0134831 0.0214396 0.359436 0.00494473 0.0555212 0.028356 1.43579e-05 1.50706e-05 0.0782453 0.00542928 3.18954e-07 0.0107162 0.167158 4.01873e-05 0.000126258 4.26134e-05 0.00780064 
0.00273138 0.00639517 3.22472e-07 1.05075e-05 0.000267194 0.000155848 0.00100273 0.000120237 0.00447409 0.0504042 9.8849e-08 9.60799e-08 1.25504e-06 0.536076 4.7992e-10 0.000354711 0.380707 2.02238e-05 0.00117985 2.01606e-07 0.0160994 
0.000122209 0.00159271 0.00140273 0.00158794 0.000666515 0.0123014 0.280678 8.37041e-05 0.0136365 0.531691 0.00335793 8.062e-06 0.0175468 0.00362444 1.5951e-07 0.00116577 0.128464 0.000345808 0.000525194 0.00104878 0.000150523 
0.0039915 0.00704948 2.81425e-05 0.00015437 0.00197205 0.00253501 0.00165131 0.0231026 0.00959013 0.0370435 0.00208514 1.89336e-05 0.0184923 0.0167353 1.43062e-09 0.000495745 0.0614477 0.00103728 0.774533 1.10125e-07 0.0380368 
0.00121806 0.00121828 0.00121686 0.00121752 0.00121762 0.00121823 0.0012181 0.00121817 0.00121816 0.00121826 0.00121681 0.00121692 0.00121821 0.975647 0.00121587 0.00121801 0.00121831 0.00121803 0.00121719 0.0012168 0.0012179 
0.0161209 0.070211 5.98786e-05 0.00248862 0.0126396 0.082347 0.00747849 0.0275517 0.0743511 0.0212442 0.0234189 0.000159221 0.102049 0.199208 3.92865e-05 0.0436154 0.213408 0.00766984 0.0011935 0.0367122 0.0580347 
