0.000295697 2.73009e-05 1.79312e-05 0.000109666 0.0621102 0.00168889 0.000222741 1.38188e-07 0.00516108 0.203431 0.000228246 7.00081e-06 0.0776941 0.00343927 0.586497 0.00753442 0.0038812 0.0220037 0.000733909 1.49717e-05 0.0249016 
0.00221989 0.00245399 7.68375e-05 0.000967098 0.0235373 0.0113203 0.0290231 7.26572e-05 0.0325083 0.152653 0.000758227 0.0191481 0.115694 0.0178718 0.351689 0.0250533 0.0284873 0.0200176 0.000136544 0.000118264 0.166194 
0.000762336 3.70981e-05 1.40041e-07 7.09232e-05 0.0088397 0.00400111 0.000176918 1.3603e-07 0.0177756 0.0237887 1.14702e-06 5.78648e-06 0.0694593 0.00149132 0.436009 0.00217462 0.0261748 0.000972034 7.15999e-05 0.000152701 0.408035 
0.048125 0.0518494 5.89179e-07 0.00495236 5.89546e-07 5.8984e-07 0.000472412 0.00536788 0.0376892 0.148762 5.89151e-07 5.89204e-07 5.89831e-07 0.0143314 0.549433 0.00519023 0.0681319 5.89742e-07 5.89338e-07 5.89149e-07 0.0656906 
6.9257e-07 0.0843833 1.45645e-06 0.000126042 0.0237253 0.012987 0.15041 1.13463e-07 0.229051 0.0839263 8.16278e-10 9.5433e-06 0.00124405 0.0344032 0.31372 4.22156e-06 0.0544236 2.38397e-05 9.94151e-08 3.17831e-05 0.0115281 
0.00292496 0.00656187 0.00128417 0.0253852 0.00477346 0.00462625 0.0080599 0.00261019 0.0182405 0.088904 0.00302582 8.74661e-06 0.0233501 0.103806 0.296588 0.111058 0.0365769 3.21509e-05 0.129465 2.40257e-05 0.132695 
0.0602961 0.000138383 8.32531e-07 8.98193e-06 0.0264994 0.0213342 0.000304887 6.97283e-06 0.014738 0.0391638 2.25774e-05 6.57722e-06 0.00344407 3.66513e-05 0.799201 0.0345005 2.31402e-05 3.7625e-06 0.000228131 8.64616e-07 4.16921e-05 
0.0152511 0.00218482 0.000176614 5.41407e-12 0.00684388 0.000521778 0.0190727 1.49135e-12 0.000528594 0.278196 0.00100141 9.0011e-12 0.0459154 0.000152155 0.302221 0.0568373 0.244962 1.18388e-06 1.56366e-05 0.0100886 0.0160298 
0.000417958 0.000122923 3.86533e-10 0.000112023 0.0405918 0.00188109 1.35659e-08 6.16377e-11 0.00676739 0.0239911 3.91641e-07 4.33188e-06 0.0166975 1.90112e-05 0.901419 0.00506869 0.000461484 0.000138114 4.58903e-07 9.08771e-06 0.00229797 
0.00694037 1.73309e-06 6.32977e-10 1.05685e-05 0.252599 7.878e-07 3.06016e-06 1.00936e-10 0.00964614 0.0718778 6.53895e-10 2.53191e-07 0.00973233 0.0209521 0.536404 0.00104273 0.013322 0.000446193 0.000337198 3.58381e-07 0.0766831 
0.00499145 9.54305e-05 1.4846e-05 0.00015896 0.00893564 0.00300497 0.00359876 9.67366e-06 0.0266205 0.123911 0.000231682 0.0197947 0.169314 0.00625292 0.325915 0.00492263 0.0113477 0.0280075 0.000289676 4.22732e-05 0.262541 
0.00292496 0.00656187 0.00128417 0.0253852 0.00477346 0.00462625 0.0080599 0.00261019 0.0182405 0.088904 0.00302582 8.74661e-06 0.0233501 0.103806 0.296588 0.111058 0.0365769 3.21509e-05 0.129465 2.40257e-05 0.132695 
0.000450899 5.40637e-05 2.37447e-06 0.00142074 0.00342092 0.0238313 0.0131499 4.00093e-06 0.0744227 0.0168285 0.000467225 3.97527e-05 0.109848 0.00598718 0.650091 0.00656469 0.00209603 0.00589667 0.000114849 9.23196e-06 0.0853 
0.00350472 1.11781e-06 3.02734e-09 1.75253e-09 0.0177747 9.27888e-07 4.33102e-06 4.82748e-10 0.000176763 0.095623 3.12738e-09 2.91365e-09 0.0577119 0.00590606 0.812092 0.00634041 2.1358e-07 7.67153e-10 2.372e-09 1.13529e-06 0.000862511 
0.000401633 4.66187e-09 1.50587e-07 0.000122513 0.0552251 0.00244007 0.000111924 9.06507e-09 0.00833816 0.136489 0.000302251 6.36162e-06 0.100375 0.00188135 0.623763 0.0157165 0.00365475 0.0282082 0.000771188 7.03326e-06 0.0221856 
0.0392026 0.0060151 3.6206e-05 3.34227e-07 0.0250294 7.11794e-05 0.00366793 9.20655e-08 0.074634 0.137156 0.00650067 5.55666e-07 0.00618767 0.0590597 0.614432 0.00251153 7.92923e-05 1.46305e-07 0.00970926 5.99599e-07 0.015705 
0.000450899 5.40637e-05 2.37447e-06 0.00142074 0.00342092 0.0238313 0.0131499 4.00093e-06 0.0744227 0.0168285 0.000467225 3.97527e-05 0.109848 0.00598718 0.650091 0.00656469 0.00209603 0.00589667 0.000114849 9.23196e-06 0.0853 
3.03693e-05 3.34086e-05 5.09403e-06 9.37864e-05 0.000146384 6.25976e-07 0.00134057 2.04724e-05 8.4595e-05 9.23756e-05 5.26236e-06 8.40091e-05 6.916e-07 0.00043028 0.997315 1.4329e-05 0.000230698 6.09359e-05 3.99131e-06 5.29035e-06 1.71038e-06 
0.000326602 0.00813403 1.79374e-08 5.71852e-05 0.0319613 0.0126432 2.69888e-05 1.99267e-07 0.0916776 0.0462986 6.33775e-05 2.78736e-07 0.0349961 0.0696737 0.658447 0.00580437 0.00112832 0.0195739 0.00155664 7.47218e-06 0.0176234 
0.0518111 0.218622 1.90052e-07 0.0026359 0.0493502 0.0476638 0.0024127 6.65942e-05 0.00364233 0.00843273 0.000209676 1.96334e-05 0.0126956 0.00235044 0.420194 0.00174883 0.0144966 7.46775e-05 7.12857e-05 0.163062 0.000439569 
0.00350472 1.11781e-06 3.02734e-09 1.75253e-09 0.0177747 9.27888e-07 4.33102e-06 4.82748e-10 0.000176763 0.095623 3.12738e-09 2.91365e-09 0.0577119 0.00590606 0.812092 0.00634041 2.1358e-07 7.67153e-10 2.372e-09 1.13529e-06 0.000862511 
0.000417958 0.000122923 3.86533e-10 0.000112023 0.0405918 0.00188109 1.35659e-08 6.16377e-11 0.00676739 0.0239911 3.91641e-07 4.33188e-06 0.0166975 1.90112e-05 0.901419 0.00506869 0.000461484 0.000138114 4.58903e-07 9.08771e-06 0.00229797 
0.000762336 3.70981e-05 1.40041e-07 7.09232e-05 0.0088397 0.00400111 0.000176918 1.3603e-07 0.0177756 0.0237887 1.14702e-06 5.78648e-06 0.0694593 0.00149132 0.436009 0.00217462 0.0261748 0.000972034 7.15999e-05 0.000152701 0.408035 
0.082736 0.173322 0.0019037 0.00151324 0.11461 0.00501041 3.27688e-08 0.000544885 0.0716032 1.39357e-07 6.97881e-05 8.036e-12 0.00510136 0.00770552 0.535879 7.1792e-08 1.0109e-07 3.40674e-08 6.54278e-08 3.81627e-08 1.19711e-07 
0.0572411 0.00800529 5.40127e-05 5.52175e-05 0.000339753 0.000284054 7.62306e-05 0.0334677 0.00562653 0.0021902 2.38197e-07 0.000106261 0.00212973 0.0040741 0.850149 0.00139027 0.00222862 7.55413e-05 0.0176374 2.39464e-07 0.0148683 
0.150133 0.024536 7.09937e-07 1.13617e-06 0.00430276 0.000615218 1.82093e-07 2.16966e-05 0.0232308 0.0253628 1.32089e-05 7.33974e-11 0.0176496 0.0816265 0.65567 0.000765406 0.0107267 0.000928769 0.0043716 4.28658e-05 6.65209e-07 
0.00277297 0.0577182 0.00131374 0.000803429 0.0399411 6.51238e-06 0.00348922 0.000782664 0.0129831 0.09717 0.00134608 7.73126e-05 0.0189561 0.00424455 0.737135 0.00688739 0.00761513 1.01543e-06 0.00166436 0.00266072 0.00243093 
0.000762336 3.70981e-05 1.40041e-07 7.09232e-05 0.0088397 0.00400111 0.000176918 1.3603e-07 0.0177756 0.0237887 1.14702e-06 5.78648e-06 0.0694593 0.00149132 0.436009 0.00217462 0.0261748 0.000972034 7.15999e-05 0.000152701 0.408035 
0.0115359 0.0271327 2.96538e-07 0.000260904 2.90765e-07 9.26344e-07 0.00849793 0.0332776 0.0882975 0.0985457 2.49644e-08 2.33964e-10 5.13846e-06 0.0447207 0.363493 0.000291814 0.0116304 0.000510296 0.00712631 0.239066 0.0656067 
0.0399535 0.0597925 0.000250283 0.000212757 0.00376556 0.00268663 4.20951e-05 0.00156226 0.0249017 0.233702 0.00169382 2.01197e-06 0.107774 0.0576429 0.272619 0.0841251 0.0234005 0.000608743 0.000400009 6.44275e-07 0.0848644 
0.0260092 0.0250907 0.0109038 1.17901e-06 0.082096 0.00308713 0.00903229 1.01352e-07 0.0614577 0.0291708 3.98398e-08 4.63384e-11 1.325e-06 0.180685 0.518621 4.13978e-07 0.0476835 1.96445e-07 0.000981305 2.20059e-07 0.00517791 
5.57715e-05 1.08287e-11 2.47558e-07 4.71143e-05 0.01295 0.00415412 0.000268297 1.48877e-08 0.00692897 0.147725 0.000237475 7.96383e-06 0.144405 0.00267659 0.556726 0.00312111 0.00589999 0.0676924 0.00024954 1.67949e-05 0.0468366 
0.00035116 1.16282e-06 4.78324e-05 9.15837e-05 0.0671699 0.00841533 2.77825e-06 3.43327e-05 0.00520744 0.144481 0.000997645 1.29251e-07 0.16991 0.0024245 0.466234 0.0103169 0.0107546 0.0526009 0.00093668 1.82473e-07 0.0600216 
0.0911551 0.0288519 0.000979929 0.00455836 0.00564288 0.0347205 0.00277972 0.000896149 0.0781084 0.0105883 5.52469e-05 3.91531e-07 0.0144157 0.0354158 0.566494 0.00038794 0.0911308 0.00109162 0.000108211 0.0279673 0.00465162 
0.00107905 0.000428601 6.30683e-07 3.65103e-07 0.000487016 0.000126558 0.017852 4.47522e-05 0.0112076 0.00108969 6.51525e-07 6.06998e-07 0.000370747 0.0553848 0.840605 0.000650932 4.40863e-08 1.59821e-07 4.94157e-07 6.5499e-07 0.0706693 
0.000707562 0.018093 8.88571e-06 0.000680519 0.0320312 0.00104333 0.00448265 0.000555748 0.0313357 0.236868 0.000165607 0.0128944 0.0600916 0.0823489 0.353152 0.00730588 0.0217311 0.0323893 0.000540584 0.000601993 0.102972 
0.0250326 0.169597 2.3462e-10 0.00489407 0.0310481 0.133705 0.070164 0.0048858 0.0741755 0.0625875 4.26654e-07 1.8803e-05 1.79276e-06 0.0187272 0.341307 0.0121225 0.00369714 2.10512e-05 3.28686e-05 0.0478551 0.000126322 
0.0192601 0.0439428 0.00152066 0.00208342 0.0178237 1.04636e-05 0.0382343 0.000404987 0.234315 0.0145233 0.0104419 0.00210458 0.0244715 0.222263 0.276072 0.0601663 0.0313919 0.000103486 1.33329e-06 7.38485e-06 0.000857693 
2.73993e-06 1.12957e-06 1.19199e-05 6.90045e-06 6.11606e-06 0.00820417 2.44914e-06 1.90078e-06 0.00384725 1.25756e-06 1.23138e-05 1.14723e-05 1.61833e-06 0.00384619 0.98401 3.18284e-06 8.33231e-07 3.02061e-06 9.33957e-06 1.23793e-05 4.00225e-06 
0.00151137 0.0130154 1.56572e-06 0.00965062 0.0274209 0.0112835 0.01202 0.000130959 0.0171312 0.138267 0.00290477 4.11437e-06 0.0669357 0.00484935 0.432422 0.232782 0.0101743 0.00474025 8.94863e-05 9.40365e-06 0.0146555 
0.0039641 0.0217576 0.000293885 0.000364438 0.134601 0.0115733 0.0311289 3.34313e-10 0.0204634 0.274641 2.23446e-05 3.36714e-07 0.0439427 0.0272211 0.353605 0.00620165 0.0328342 0.000361927 0.000136602 4.76197e-07 0.0368867 
0.00294705 0.00138122 1.91314e-06 0.000289991 0.00930516 0.00441184 0.00505033 2.60001e-05 0.00450512 0.152911 5.73146e-07 0.000253024 0.115374 0.0401564 0.561485 0.0163981 0.00718767 0.0538075 0.000330508 4.2822e-05 0.0241344 
0.048125 0.0518494 5.89179e-07 0.00495236 5.89546e-07 5.8984e-07 0.000472412 0.00536788 0.0376892 0.148762 5.89151e-07 5.89204e-07 5.89831e-07 0.0143314 0.549433 0.00519023 0.0681319 5.89742e-07 5.89338e-07 5.89149e-07 0.0656906 
0.00294705 0.00138122 1.91314e-06 0.000289991 0.00930516 0.00441184 0.00505033 2.60001e-05 0.00450512 0.152911 5.73146e-07 0.000253024 0.115374 0.0401564 0.561485 0.0163981 0.00718767 0.0538075 0.000330508 4.2822e-05 0.0241344 
3.98656e-08 0.000122868 2.63927e-07 0.000100359 0.005704 0.00120646 0.000144092 1.58815e-08 0.000116745 0.170006 0.000127737 4.30553e-06 0.0601994 0.00241911 0.691547 0.00917339 8.49612e-07 0.0366735 0.000134171 5.96563e-08 0.0223204 
0.00350472 1.11781e-06 3.02734e-09 1.75253e-09 0.0177747 9.27888e-07 4.33102e-06 4.82748e-10 0.000176763 0.095623 3.12738e-09 2.91365e-09 0.0577119 0.00590606 0.812092 0.00634041 2.1358e-07 7.67153e-10 2.372e-09 1.13529e-06 0.000862511 
0.000713139 0.105866 0.000225706 4.7871e-06 0.000143267 4.56667e-08 7.63563e-08 0.000171337 0.308714 1.6383e-05 3.83904e-07 9.71289e-06 3.08982e-05 1.10914e-05 0.485507 9.67011e-06 7.51079e-05 1.9184e-05 2.91177e-07 1.36354e-05 0.0984676 
0.00285126 0.0371646 6.50236e-08 0.000227607 0.0249665 0.0160241 0.00462194 2.36945e-05 0.0241421 0.0148012 6.71724e-08 6.25817e-08 0.00972141 0.0546599 0.779329 0.0100375 0.0162181 0.000111736 5.09477e-08 0.000577817 0.00452094 
5.57715e-05 1.08287e-11 2.47558e-07 4.71143e-05 0.01295 0.00415412 0.000268297 1.48877e-08 0.00692897 0.147725 0.000237475 7.96383e-06 0.144405 0.00267659 0.556726 0.00312111 0.00589999 0.0676924 0.00024954 1.67949e-05 0.0468366 
0.0049582 0.0116234 6.33884e-05 0.0241708 0.0341437 0.0101653 0.00339755 0.000126981 0.02544 0.134385 0.000476491 4.63981e-05 0.124516 0.0479855 0.440327 0.0173693 0.0156828 0.0535307 0.00251558 4.36491e-05 0.0490323 
0.00294705 0.00138122 1.91314e-06 0.000289991 0.00930516 0.00441184 0.00505033 2.60001e-05 0.00450512 0.152911 5.73146e-07 0.000253024 0.115374 0.0401564 0.561485 0.0163981 0.00718767 0.0538075 0.000330508 4.2822e-05 0.0241344 
0.000796546 0.00829291 5.50557e-07 0.00302648 0.0490533 0.0223328 0.00248746 0.0015733 0.0772873 0.0808678 1.61616e-05 6.99213e-05 0.19371 0.026302 0.331276 0.0682577 0.00654744 0.00293193 6.66597e-05 8.91275e-06 0.125095 
0.000762336 3.70981e-05 1.40041e-07 7.09232e-05 0.0088397 0.00400111 0.000176918 1.3603e-07 0.0177756 0.0237887 1.14702e-06 5.78648e-06 0.0694593 0.00149132 0.436009 0.00217462 0.0261748 0.000972034 7.15999e-05 0.000152701 0.408035 
0.000450899 5.40637e-05 2.37447e-06 0.00142074 0.00342092 0.0238313 0.0131499 4.00093e-06 0.0744227 0.0168285 0.000467225 3.97527e-05 0.109848 0.00598718 0.650091 0.00656469 0.00209603 0.00589667 0.000114849 9.23196e-06 0.0853 
0.00697319 0.110425 0.000411708 0.00043754 1.66607e-05 9.93736e-05 0.0023035 0.327829 0.12878 0.0375544 0.000339151 4.91157e-05 0.000774327 0.0361687 0.332018 0.000933338 0.0115763 0.000129255 0.00141837 0.00118078 0.000582986 
0.00766598 0.00718114 2.40718e-05 0.0395054 0.00804606 0.00467008 0.000972803 0.000268283 0.00714075 0.142587 0.000424547 3.3276e-06 0.171274 0.00657977 0.327045 0.0262786 0.0384307 0.0123555 0.000260654 0.000101129 0.199184 
3.48701e-06 1.43757e-06 1.517e-05 8.78193e-06 7.78368e-06 1.86416e-06 3.11693e-06 2.41905e-06 2.57561e-06 1.60044e-06 1.56713e-05 1.46003e-05 2.05958e-06 3.76241e-06 0.999874 4.05068e-06 1.06042e-06 3.84421e-06 1.18861e-05 1.57547e-05 5.09351e-06 
0.00294705 0.00138122 1.91314e-06 0.000289991 0.00930516 0.00441184 0.00505033 2.60001e-05 0.00450512 0.152911 5.73146e-07 0.000253024 0.115374 0.0401564 0.561485 0.0163981 0.00718767 0.0538075 0.000330508 4.2822e-05 0.0241344 
1.38051e-05 5.69135e-06 6.00584e-05 3.47679e-05 3.08157e-05 7.38023e-06 1.234e-05 9.57708e-06 1.01969e-05 6.3362e-06 6.20431e-05 5.78029e-05 8.15394e-06 1.48955e-05 0.999501 1.60367e-05 4.19823e-06 1.52193e-05 4.70573e-05 6.2373e-05 2.01653e-05 
0.000450899 5.40637e-05 2.37447e-06 0.00142074 0.00342092 0.0238313 0.0131499 4.00093e-06 0.0744227 0.0168285 0.000467225 3.97527e-05 0.109848 0.00598718 0.650091 0.00656469 0.00209603 0.00589667 0.000114849 9.23196e-06 0.0853 
0.00244607 0.000888709 2.07669e-06 0.000199428 0.0100239 0.00531955 0.00299357 1.67264e-05 0.0140912 0.101685 2.561e-05 0.000164841 0.121905 0.0206361 0.508503 0.0114362 0.0208956 0.027046 0.000435979 7.77854e-05 0.151208 
0.000762336 3.70981e-05 1.40041e-07 7.09232e-05 0.0088397 0.00400111 0.000176918 1.3603e-07 0.0177756 0.0237887 1.14702e-06 5.78648e-06 0.0694593 0.00149132 0.436009 0.00217462 0.0261748 0.000972034 7.15999e-05 0.000152701 0.408035 
5.57715e-05 1.08287e-11 2.47558e-07 4.71143e-05 0.01295 0.00415412 0.000268297 1.48877e-08 0.00692897 0.147725 0.000237475 7.96383e-06 0.144405 0.00267659 0.556726 0.00312111 0.00589999 0.0676924 0.00024954 1.67949e-05 0.0468366 
0.00213514 0.00239382 2.67198e-05 0.00115459 0.00699837 0.0144634 0.0120443 4.33203e-05 0.030282 0.0844852 0.000778492 0.000143416 0.12144 0.0283897 0.594717 0.0131428 0.00772472 0.0333624 0.000628806 3.2836e-05 0.0456134 
0.0249615 0.00802367 1.67826e-06 1.72056e-06 0.000192532 0.000270159 0.00127682 0.00482285 0.032171 0.00108754 5.14313e-07 4.79164e-07 0.012688 0.0478159 0.864788 5.5254e-05 0.000796708 0.000201959 9.44966e-05 8.77689e-07 0.000748052 
0.00294705 0.00138122 1.91314e-06 0.000289991 0.00930516 0.00441184 0.00505033 2.60001e-05 0.00450512 0.152911 5.73146e-07 0.000253024 0.115374 0.0401564 0.561485 0.0163981 0.00718767 0.0538075 0.000330508 4.2822e-05 0.0241344 
0.060653 0.0736584 0.000650768 0.000788576 0.0410401 0.000893438 0.0186747 0.0264097 0.00584591 0.154228 0.00170411 1.88762e-06 0.0920843 0.0987653 0.287101 6.22164e-05 0.0378913 1.84271e-06 0.00384426 2.47665e-06 0.0956979 
0.0125104 0.0186956 0.00328347 0.000161122 0.0223572 0.235999 0.0117103 0.00045143 0.0411848 0.224177 6.00776e-06 5.41258e-07 0.0129046 0.0337489 0.342039 0.00175051 0.0309283 6.27058e-05 0.00393852 0.00284105 0.00124865 
0.0706932 0.0750651 0.000175101 0.00238208 0.195117 0.0205373 0.0261111 0.00251899 0.124426 0.0306325 9.62367e-06 2.51834e-05 0.084427 0.0362199 0.209257 0.000591492 0.114279 2.6336e-07 2.46071e-09 3.26159e-09 0.00753253 
0.060653 0.0736584 0.000650768 0.000788576 0.0410401 0.000893438 0.0186747 0.0264097 0.00584591 0.154228 0.00170411 1.88762e-06 0.0920843 0.0987653 0.287101 6.22164e-05 0.0378913 1.84271e-06 0.00384426 2.47665e-06 0.0956979 
0.00350472 1.11781e-06 3.02734e-09 1.75253e-09 0.0177747 9.27888e-07 4.33102e-06 4.82748e-10 0.000176763 0.095623 3.12738e-09 2.91365e-09 0.0577119 0.00590606 0.812092 0.00634041 2.1358e-07 7.67153e-10 2.372e-09 1.13529e-06 0.000862511 
0.0130048 0.0064726 0.000344068 6.24628e-05 0.0454128 0.00114398 0.000374163 0.000119357 0.0226253 0.181504 0.00326624 7.53918e-08 0.209037 0.0594217 0.293296 0.00956647 0.016447 0.0248397 0.00104503 1.06694e-07 0.112017 
0.048125 0.0518494 5.89179e-07 0.00495236 5.89546e-07 5.8984e-07 0.000472412 0.00536788 0.0376892 0.148762 5.89151e-07 5.89204e-07 5.89831e-07 0.0143314 0.549433 0.00519023 0.0681319 5.89742e-07 5.89338e-07 5.89149e-07 0.0656906 
0.00350472 1.11781e-06 3.02734e-09 1.75253e-09 0.0177747 9.27888e-07 4.33102e-06 4.82748e-10 0.000176763 0.095623 3.12738e-09 2.91365e-09 0.0577119 0.00590606 0.812092 0.00634041 2.1358e-07 7.67153e-10 2.372e-09 1.13529e-06 0.000862511 
0.0291953 0.0152089 3.68168e-06 0.00351672 0.0292319 0.0168114 0.00230245 0.000115936 0.0390484 0.0267624 6.46246e-06 0.000190985 0.145728 0.0763691 0.396722 0.00294257 0.00851913 0.0148893 0.0299114 8.11415e-06 0.162516 
0.00762931 0.00364512 4.05938e-05 0.000220241 0.0167316 0.00665269 0.00799842 2.71453e-05 0.00781977 0.223636 0.00147531 0.00011956 0.166277 0.0261227 0.399006 0.042018 0.0166138 0.0392286 0.000813598 2.32824e-05 0.033901 
0.0149969 0.00102918 4.88719e-07 2.8292e-07 0.00268921 0.0465507 0.0223466 0.000148126 0.0193726 0.0332775 0.0123939 4.70365e-07 0.0123881 0.000297308 0.748381 0.0497498 0.0279508 1.23846e-07 3.82924e-07 5.07554e-07 0.0084265 
0.00325133 3.34659e-10 3.53151e-09 2.72562e-05 0.0981947 1.04538e-06 7.25608e-10 5.63145e-10 0.0260821 0.0720251 2.55894e-07 1.75551e-07 0.171627 0.0391364 0.42161 0.00680075 0.00320898 7.51117e-05 0.000243244 1.2345e-05 0.157704 
1.36033e-06 0.000168749 5.91803e-06 3.42596e-06 3.03652e-06 7.27234e-07 1.21596e-06 4.13748e-05 1.00478e-06 6.24356e-07 6.1136e-06 5.69578e-06 8.03473e-07 0.000504536 0.999239 1.58023e-06 4.13685e-07 1.49968e-06 4.63694e-06 6.14611e-06 1.98705e-06 
0.0366644 0.0865042 0.000322388 4.93533e-07 0.00153105 0.0130216 0.0119328 0.00189114 0.00130904 0.0022454 0.00352286 0.00012717 0.0313967 0.150043 0.462638 0.175789 0.000216343 2.1604e-07 6.67983e-07 0.00010879 0.020735 
0.000912101 0.00234382 1.32549e-05 6.11845e-05 0.00111183 0.00058937 0.00287297 0.000107919 0.00286241 0.00745714 0.000117819 0.000922511 0.00326718 0.00224413 0.970197 0.00177617 0.00194263 3.41712e-05 0.000341172 8.93338e-05 0.000736128 
0.00350472 1.11781e-06 3.02734e-09 1.75253e-09 0.0177747 9.27888e-07 4.33102e-06 4.82748e-10 0.000176763 0.095623 3.12738e-09 2.91365e-09 0.0577119 0.00590606 0.812092 0.00634041 2.1358e-07 7.67153e-10 2.372e-09 1.13529e-06 0.000862511 
0.000196056 9.75322e-05 9.01609e-07 0.00120811 4.62612e-07 0.000249228 1.85251e-07 1.43773e-07 1.40546e-05 9.51203e-08 9.31403e-07 8.6775e-07 3.26161e-05 0.171548 0.826221 2.40747e-07 0.000176686 0.000245922 5.64132e-06 9.36357e-07 3.02726e-07 
0.0101834 9.26818e-06 2.02955e-06 2.61033e-10 2.684e-06 5.54099e-11 1.8901e-06 6.61585e-07 4.24052e-05 0.0381539 4.65812e-10 1.30237e-06 1.44482e-06 1.48404e-05 0.950259 1.40882e-06 1.64537e-06 1.14265e-10 3.53301e-10 2.34617e-05 0.00130035 
0.00795489 0.0344889 0.000355374 0.000373805 0.0297921 0.319467 0.00311838 0.0199622 0.162523 0.00337813 0.00066499 1.70683e-05 0.0163242 0.000363307 0.378936 0.00222559 0.0190556 5.63912e-05 0.000403861 9.57236e-07 0.000538101 
0.0186261 0.0104184 0.000197176 0.00105975 0.0198048 0.00491401 0.00493128 0.000628519 0.0228705 0.0496886 6.46839e-05 1.88727e-05 0.115061 0.327579 0.378731 0.00598644 0.00309421 1.13471e-05 0.00153222 2.16187e-05 0.0347598 
6.53677e-05 0.000422382 0.000310326 1.72496e-06 0.000335882 0.00074119 0.00129773 8.29176e-06 0.000869329 0.004463 1.70466e-09 1.58816e-09 0.00762024 0.0866793 0.838165 3.23871e-05 0.0135425 3.03634e-05 1.8134e-05 0.00978899 0.0356082 
0.0134373 0.00819006 1.96875e-05 1.75883e-07 0.0564784 0.00479565 0.00560136 8.83428e-06 0.00201783 0.222161 3.06872e-05 1.60296e-09 0.256935 0.0217635 0.362384 0.0199613 0.000262642 0.0204856 0.000990997 2.8693e-05 0.00444743 
0.00294705 0.00138122 1.91314e-06 0.000289991 0.00930516 0.00441184 0.00505033 2.60001e-05 0.00450512 0.152911 5.73146e-07 0.000253024 0.115374 0.0401564 0.561485 0.0163981 0.00718767 0.0538075 0.000330508 4.2822e-05 0.0241344 
0.000325642 0.00300645 3.894e-09 0.000400002 0.0559426 0.0102408 1.65704e-06 1.75136e-07 0.117453 0.0439752 0.000486486 2.17578e-07 0.0705713 0.102498 0.495491 0.00824507 0.015015 0.000923506 0.00858877 0.000151194 0.0666838 
0.00350472 1.11781e-06 3.02734e-09 1.75253e-09 0.0177747 9.27888e-07 4.33102e-06 4.82748e-10 0.000176763 0.095623 3.12738e-09 2.91365e-09 0.0577119 0.00590606 0.812092 0.00634041 2.1358e-07 7.67153e-10 2.372e-09 1.13529e-06 0.000862511 
0.000146376 0.000452112 8.69865e-05 2.26694e-08 3.92711e-08 1.27486e-08 0.00882148 1.5671e-05 0.0141923 0.0106816 6.35691e-08 0.00900801 0.00108037 0.00869926 0.946493 0.00021808 4.63922e-09 2.71275e-08 5.08139e-09 3.83038e-09 0.000104567 
0.0740453 0.000571561 2.69902e-06 1.56247e-06 0.000932667 0.000427754 0.000453198 4.30394e-07 0.000206091 0.0015425 0.00240058 2.59766e-06 0.00157737 0.0230661 0.892002 0.000711478 0.000476561 6.83956e-07 0.000506996 2.80304e-06 0.00106909 
0.00274135 0.0117927 0.185342 0.000201669 0.00560593 0.0773504 0.193302 0.00662986 0.0123466 0.096202 0.00112622 7.01299e-05 0.0227742 0.00982409 0.207425 0.0109186 0.14559 0.00235022 0.00115155 0.00124778 0.006009 
0.00143309 0.0367084 0.000161499 0.000671094 7.0064e-05 0.0178357 0.00284194 0.000249962 0.0122145 0.288352 3.25554e-09 9.85497e-08 0.173855 0.000133442 0.354872 0.093066 0.0169868 2.31601e-06 8.02294e-08 2.7048e-05 0.000519564 
0.0221457 0.0482593 2.80761e-08 0.0008071 0.00235409 0.0406052 0.00809318 0.000786966 0.111591 0.175061 5.16051e-05 4.11846e-06 0.118369 0.0574023 0.282436 0.00950339 0.109618 2.93798e-05 0.000257495 1.44116e-11 0.0126252 
0.00481711 0.021958 0.000109452 0.000568472 0.0177562 0.0191522 0.0110985 0.000421422 0.00565546 0.304524 0.000710323 1.16384e-06 0.106269 0.00227437 0.354557 0.102321 0.0238382 0.00482305 4.1797e-05 6.91317e-06 0.0190966 
0.00764925 0.000443843 4.74676e-07 1.95202e-05 0.0150865 0.0274702 0.00109879 2.89646e-08 0.00800212 0.216399 0.0146382 9.37635e-07 0.10505 0.00164424 0.349495 0.150437 0.00779705 0.0194327 9.66627e-05 1.3265e-06 0.0752371 
0.00155393 0.00717558 9.0448e-05 0.000375054 0.0191614 0.00816911 0.0211919 9.06201e-05 0.0161325 0.292418 0.000175282 0.015923 0.148431 0.0195086 0.314821 0.0425172 0.0203476 0.0248788 0.000112642 0.000384479 0.0465431 
0.00350472 1.11781e-06 3.02734e-09 1.75253e-09 0.0177747 9.27888e-07 4.33102e-06 4.82748e-10 0.000176763 0.095623 3.12738e-09 2.91365e-09 0.0577119 0.00590606 0.812092 0.00634041 2.1358e-07 7.67153e-10 2.372e-09 1.13529e-06 0.000862511 
0.000762336 3.70981e-05 1.40041e-07 7.09232e-05 0.0088397 0.00400111 0.000176918 1.3603e-07 0.0177756 0.0237887 1.14702e-06 5.78648e-06 0.0694593 0.00149132 0.436009 0.00217462 0.0261748 0.000972034 7.15999e-05 0.000152701 0.408035 
0.048125 0.0518494 5.89179e-07 0.00495236 5.89546e-07 5.8984e-07 0.000472412 0.00536788 0.0376892 0.148762 5.89151e-07 5.89204e-07 5.89831e-07 0.0143314 0.549433 0.00519023 0.0681319 5.89742e-07 5.89338e-07 5.89149e-07 0.0656906 
0.0191582 0.00440454 0.0579229 0.00193405 0.0193424 0.00745735 0.00287259 0.000429375 0.00410166 0.190492 6.27366e-05 7.22031e-06 0.120017 0.000784937 0.493962 0.000483046 0.000591645 2.20298e-05 8.99302e-05 3.84072e-05 0.0758263 
0.0211777 0.0138563 0.000227361 0.000313771 1.9304e-05 0.00381748 0.00232645 0.000353276 0.00944921 0.256598 0.00425757 7.89361e-06 0.0236414 0.0666768 0.543533 0.00595943 0.0182514 8.40122e-06 0.00133072 0.016674 0.0115211 
0.0399535 0.0597925 0.000250283 0.000212757 0.00376556 0.00268663 4.20951e-05 0.00156226 0.0249017 0.233702 0.00169382 2.01197e-06 0.107774 0.0576429 0.272619 0.0841251 0.0234005 0.000608743 0.000400009 6.44275e-07 0.0848644 
0.0232624 0.0335301 7.64935e-05 0.000227971 0.0214117 0.0049298 0.000111631 0.000477145 0.0320378 0.168435 0.00126001 4.77194e-06 0.0739994 0.019572 0.501131 0.0539845 0.0130697 0.000531994 0.000334727 6.32803e-06 0.0516055 
0.00294705 0.00138122 1.91314e-06 0.000289991 0.00930516 0.00441184 0.00505033 2.60001e-05 0.00450512 0.152911 5.73146e-07 0.000253024 0.115374 0.0401564 0.561485 0.0163981 0.00718767 0.0538075 0.000330508 4.2822e-05 0.0241344 
0.0447814 0.017254 8.99583e-05 0.000314801 0.0490034 0.00559074 0.00967877 0.00161823 0.0876 0.140999 9.83703e-05 2.9873e-07 0.191812 0.000461647 0.319183 0.0150386 0.00143227 0.000360911 9.81938e-10 8.52636e-08 0.114682 
0.000350929 4.21282e-05 2.13123e-06 0.00110662 0.00269618 0.0185365 0.0102282 3.12573e-06 0.0604135 0.0130892 0.000363616 3.09865e-05 0.0854398 0.00465716 0.692081 0.0051062 0.00163041 0.00458739 8.97163e-05 7.2082e-06 0.0995379 
0.132387 0.237177 5.37568e-08 0.00055857 3.28517e-06 3.83152e-06 9.90245e-05 0.092309 0.0427922 1.42082e-06 7.27718e-11 1.92049e-08 2.48415e-06 0.00188334 0.277222 0.00077072 0.200407 4.18394e-08 5.51946e-11 7.31588e-11 0.0143837 
0.011818 0.00656835 1.71402e-05 0.0120427 0.0318146 0.00738512 0.00186406 0.000291115 0.0356346 0.0997466 0.000139816 4.04546e-06 0.0976993 0.00113618 0.461514 0.00737462 0.0131249 0.00754171 1.53951e-05 5.68971e-05 0.204211 
0.00100153 6.75446e-09 7.12768e-08 0.00246433 3.65719e-08 6.10546e-05 7.50981e-06 1.71081e-05 0.0573606 0.00693564 0.0107338 6.86001e-08 2.54953e-05 0.0519966 0.783483 1.90323e-08 0.0851449 1.80622e-08 0.00071012 7.40238e-08 5.80569e-05 
0.00350472 1.11781e-06 3.02734e-09 1.75253e-09 0.0177747 9.27888e-07 4.33102e-06 4.82748e-10 0.000176763 0.095623 3.12738e-09 2.91365e-09 0.0577119 0.00590606 0.812092 0.00634041 2.1358e-07 7.67153e-10 2.372e-09 1.13529e-06 0.000862511 
0.00350472 1.11781e-06 3.02734e-09 1.75253e-09 0.0177747 9.27888e-07 4.33102e-06 4.82748e-10 0.000176763 0.095623 3.12738e-09 2.91365e-09 0.0577119 0.00590606 0.812092 0.00634041 2.1358e-07 7.67153e-10 2.372e-09 1.13529e-06 0.000862511 
0.132387 0.237177 5.37568e-08 0.00055857 3.28517e-06 3.83152e-06 9.90245e-05 0.092309 0.0427922 1.42082e-06 7.27718e-11 1.92049e-08 2.48415e-06 0.00188334 0.277222 0.00077072 0.200407 4.18394e-08 5.51946e-11 7.31588e-11 0.0143837 
0.000470965 0.000173405 5.17764e-05 0.000325844 0.0178468 7.44088e-05 0.000372445 3.79031e-08 0.000308492 0.172509 2.45547e-07 2.28766e-07 0.0440162 0.000150178 0.762366 0.000338375 1.66153e-08 6.02333e-08 1.86238e-07 2.46853e-07 0.000995104 
0.132387 0.237177 5.37568e-08 0.00055857 3.28517e-06 3.83152e-06 9.90245e-05 0.092309 0.0427922 1.42082e-06 7.27718e-11 1.92049e-08 2.48415e-06 0.00188334 0.277222 0.00077072 0.200407 4.18394e-08 5.51946e-11 7.31588e-11 0.0143837 
0.00285126 0.0371646 6.50236e-08 0.000227607 0.0249665 0.0160241 0.00462194 2.36945e-05 0.0241421 0.0148012 6.71724e-08 6.25817e-08 0.00972141 0.0546599 0.779329 0.0100375 0.0162181 0.000111736 5.09477e-08 0.000577817 0.00452094 
0.0303832 0.0339316 0.176392 0.00187651 0.156439 0.0147752 0.00274395 0.000185529 0.0986854 0.0225822 8.99358e-05 9.86663e-06 0.00694397 0.0193591 0.39454 0.000805194 0.00874713 0.022748 0.00114799 0.000483422 0.00713015 
0.00294705 0.00138122 1.91314e-06 0.000289991 0.00930516 0.00441184 0.00505033 2.60001e-05 0.00450512 0.152911 5.73146e-07 0.000253024 0.115374 0.0401564 0.561485 0.0163981 0.00718767 0.0538075 0.000330508 4.2822e-05 0.0241344 
1.55505e-06 6.41091e-07 6.76515e-06 3.91635e-06 3.47118e-06 8.31331e-07 1.39001e-06 1.07879e-06 1.14861e-06 7.13728e-07 6.98871e-06 6.51109e-06 9.18484e-07 1.67787e-06 0.999944 1.80642e-06 4.72901e-07 1.71435e-06 5.30068e-06 7.02588e-06 2.27148e-06 
6.54005e-05 2.40803e-05 7.23537e-06 4.52678e-05 0.0172857 0.0196804 5.17206e-05 1.26988e-08 4.28396e-05 0.171676 8.22666e-08 7.66444e-08 0.0431681 5.70532e-05 0.520182 4.69931e-05 3.32428e-06 2.01802e-08 6.23961e-08 8.27041e-08 0.227663 
2.03503e-07 6.46994e-12 1.9425e-06 6.26149e-05 0.010553 5.30014e-05 6.30875e-05 5.18416e-08 3.51366e-06 0.42035 2.03495e-05 6.57105e-11 0.059323 0.00019512 0.471784 0.00208456 0.000257993 0.0270934 5.24894e-07 7.09058e-11 0.00815345 
0.00106078 0.0022594 0.000786158 0.0222759 2.18413e-06 0.000151457 0.000109648 2.90635e-05 0.0149211 0.00288986 1.27718e-06 1.1899e-06 1.67853e-07 0.00613988 0.861442 0.003148 2.08275e-05 5.71006e-06 0.0831772 0.000410458 0.00116767 
0.00213514 0.00239382 2.67198e-05 0.00115459 0.00699837 0.0144634 0.0120443 4.33203e-05 0.030282 0.0844852 0.000778492 0.000143416 0.12144 0.0283897 0.594717 0.0131428 0.00772472 0.0333624 0.000628806 3.2836e-05 0.0456134 
