0.00379374 0.0354934 7.90929e-08 0.000103293 0.000203396 0.00616388 0.000199359 0.00235748 0.045169 0.0214829 0.0142904 0.000101455 0.00866408 0.756537 5.04448e-09 0.00331474 0.0810141 0.000180621 0.000916026 2.68488e-07 0.0200152 
0.000472037 0.0135745 0.000135854 0.000305661 9.59279e-05 0.90829 0.00092437 0.00165541 0.00355444 0.0413838 0.000141342 4.4879e-07 0.0165312 0.000186606 7.03349e-13 0.00339373 0.00286639 0.001761 0.00435267 0.000241999 0.000132301 
0.0279214 0.00796188 0.000320258 0.000928531 0.00148377 0.147862 0.179845 0.00820497 0.00733822 0.0149715 0.00017114 0.000134183 0.00600412 0.00333472 9.19018e-08 0.0197053 0.0550007 0.000418042 0.516068 0.000517684 0.00180862 
0.000592704 0.0168479 0.000352314 0.0170667 0.000193165 0.780619 0.0414913 0.0411902 0.0171559 0.0197008 0.00012442 1.34176e-07 0.00998798 0.000530358 4.0773e-11 0.0034631 0.0461579 0.00215256 0.00224473 1.98815e-06 0.00012714 
0.00509877 0.0289883 4.7316e-05 0.0236177 0.000489957 0.036052 0.0117232 0.00234647 0.0796626 0.123109 0.0721165 0.000231505 0.0242554 0.198086 1.49768e-07 0.00330357 0.174739 0.196743 0.000587436 0.00341835 0.0153831 
8.02332e-05 0.991737 3.70441e-06 1.38877e-06 4.89297e-10 0.00275555 0.00228419 9.10757e-05 0.000172327 0.00123463 4.73141e-07 7.6862e-07 0.00137569 0.000100414 2.70759e-11 3.03431e-06 5.18899e-05 5.47267e-05 1.75728e-05 1.28609e-06 3.41398e-05 
0.00427328 0.0099493 0.000369203 0.00456584 0.00489918 0.155996 0.101777 0.0072771 0.0355609 0.113147 0.00368996 2.12091e-05 0.108103 0.0029189 2.17954e-06 0.0154962 0.412577 0.00114402 0.000569952 0.000127749 0.0175351 
0.000944292 0.00186957 0.0241051 0.00248226 0.00165293 0.0756868 0.0390791 0.00191975 0.0140668 0.261611 0.373304 4.71505e-07 0.0101313 0.0127133 1.642e-11 0.0302729 0.123936 0.02231 0.000339356 0.00225566 0.00131896 
0.000459617 0.00539778 0.00733671 0.00161671 0.000280328 0.0815161 0.198799 0.0261631 0.066092 0.180499 2.60662e-05 7.66151e-06 0.0250097 0.00572203 3.23229e-12 0.00850063 0.358202 0.0276923 0.00105592 1.81407e-05 0.00560465 
0.161479 0.0240415 1.32308e-06 0.00154771 0.0129948 0.15792 0.014025 0.00111152 0.0839822 0.0636927 0.000190701 2.96681e-07 0.106939 3.09049e-05 2.66585e-09 0.00385385 0.345243 9.54446e-05 6.1601e-05 0.000194678 0.022595 
0.0705946 0.29517 9.82928e-06 0.378505 0.000359219 0.0412335 0.00974012 0.0125527 0.0404402 0.0155796 0.00457657 2.47183e-05 0.0215251 0.0132439 9.11184e-06 0.00288501 0.0892063 0.000674864 0.000114677 0.000605323 0.00294932 
5.23372e-05 0.00025166 0.000180759 7.94503e-05 0.000295756 0.00193178 0.000508679 2.7278e-05 0.000295134 0.0079018 1.57626e-06 7.37596e-08 0.000701074 2.76163e-05 7.34154e-11 0.000145563 0.00160297 0.985784 1.73222e-05 3.62284e-07 0.000194395 
0.00133043 0.00366533 0.000627189 0.00077613 0.00243659 0.00296913 0.00143849 0.000231409 0.00529795 0.0306346 1.23567e-06 5.21002e-05 0.00552023 0.0397176 5.08949e-07 0.00130311 0.00369118 0.877349 0.00048336 0.000232496 0.0222419 
0.000709674 0.0215435 2.67585e-05 0.10187 0.000118678 0.242712 0.100563 6.2111e-05 0.00902365 0.030696 7.17913e-05 0.000140827 0.142121 0.00182013 2.0679e-05 0.0887574 0.021661 0.233247 0.00276625 0.000315837 0.00175292 
0.00627232 0.027964 0.00848927 0.00245538 0.00301933 0.0354174 0.0251373 0.00505024 0.0520209 0.472566 0.000888429 0.000651165 0.0483297 0.023288 2.33913e-05 0.0183516 0.232243 0.0112136 0.000536002 0.000599665 0.0254831 
0.0576211 0.032093 0.000203808 0.00299982 0.121683 0.0368946 0.0538807 0.00363169 0.0475496 0.071941 0.00782495 2.29879e-06 0.101925 0.0125234 2.44505e-07 0.00489272 0.408966 0.000563945 0.00103993 0.00033117 0.0334324 
0.000236304 0.0138382 1.03403e-05 3.15478e-06 0.000456357 0.00471871 0.0109367 0.0026386 0.0388308 0.0104973 2.33916e-06 8.35035e-09 0.618738 0.000135463 2.48424e-11 0.0306822 0.263963 4.64878e-06 2.26349e-05 2.69326e-08 0.00428481 
0.000214642 0.00790999 4.66611e-05 0.000350237 3.0116e-05 0.917887 0.00157561 7.78887e-05 0.000678133 0.0481511 3.44915e-05 6.12039e-08 0.0123644 1.26478e-08 1.05251e-11 0.000293203 0.0046159 0.00120844 0.00432594 8.44547e-05 0.00015188 
0.00219949 0.0166635 0.00105997 0.000188728 0.00227543 0.263365 0.0159735 0.0043371 0.0106842 0.431139 0.000815406 9.18913e-07 0.0469296 0.00135147 1.04623e-09 0.0217554 0.137033 0.000372608 0.00401963 0.000371162 0.0394646 
0.0439602 0.150256 0.0603221 0.473203 0.00123788 0.0135351 0.00767385 0.119232 0.0415513 0.0163742 4.87623e-08 1.5452e-05 0.0250996 0.00384963 1.78544e-08 0.00193704 0.0366422 3.49508e-05 0.000516074 5.60817e-05 0.00450365 
0.177561 0.0174311 4.38208e-07 0.00141643 0.00220678 0.0193573 0.00184903 0.000124818 0.0929247 0.0379176 5.9869e-05 1.30464e-07 3.0913e-07 0.58776 4.07597e-10 0.00193038 0.0311804 0.00153313 0.0248698 0.000146261 0.00173065 
5.23372e-05 0.00025166 0.000180759 7.94503e-05 0.000295756 0.00193178 0.000508679 2.7278e-05 0.000295134 0.0079018 1.57626e-06 7.37596e-08 0.000701074 2.76163e-05 7.34154e-11 0.000145563 0.00160297 0.985784 1.73222e-05 3.62284e-07 0.000194395 
0.00599315 0.059131 1.02507e-06 0.867325 0.000181875 0.0151882 0.000571963 0.0160331 0.00366618 7.81315e-05 0.000650013 1.79579e-06 0.00140857 0.000298003 5.44786e-10 3.19914e-05 0.0293676 1.15006e-05 2.83252e-06 3.77737e-05 1.99632e-05 
0.0243641 0.0585047 0.00114622 0.000201 0.0581223 0.250696 0.116083 0.0208482 0.0645047 0.0355469 0.000197215 0.000905777 0.0456911 0.0110995 1.48393e-09 0.00215079 0.23884 0.0289871 0.00359724 0.000298831 0.0382147 
6.93123e-05 0.00241394 1.46616e-05 0.000491623 0.00384302 0.000991524 0.537335 0.000290331 0.151419 0.0179927 0.00187172 0.00407267 0.000117205 0.0141179 1.02848e-07 0.178506 0.0849876 0.000273154 3.41318e-05 0.00102549 0.000133497 
0.000477419 0.00137578 1.10375e-05 2.49268e-05 0.000123949 0.000464352 6.54823e-05 0.000165306 0.000534088 0.000215352 1.76822e-05 3.56674e-07 0.000138307 0.00193633 7.5238e-12 0.00360439 0.00113675 1.68646e-05 0.989555 2.13556e-05 0.000115102 
0.322106 0.385578 3.7385e-05 0.0608247 0.000799245 0.0249492 0.000902124 0.0512535 0.0140073 0.00504574 0.00140409 3.21226e-06 0.0176956 0.0253495 1.81111e-08 0.00380737 0.05223 0.000358879 0.00469939 0.0205643 0.00838396 
0.00486763 0.0206683 0.000159094 9.77536e-05 0.00419827 0.756161 0.037117 0.00690148 0.00584246 0.012187 0.000247547 1.58175e-05 0.0237142 0.00477274 8.75801e-08 0.00161248 0.103293 5.05304e-05 0.00564856 0.000514933 0.0119304 
0.00187912 0.0927163 0.0109266 0.00287246 0.000833508 0.0578329 0.0681986 0.0010536 0.0266913 0.526257 0.0351153 0.000194351 0.00826249 0.0321608 2.39263e-07 0.0546091 0.0713059 0.00661115 0.00166761 0.000789087 2.26905e-05 
5.23372e-05 0.00025166 0.000180759 7.94503e-05 0.000295756 0.00193178 0.000508679 2.7278e-05 0.000295134 0.0079018 1.57626e-06 7.37596e-08 0.000701074 2.76163e-05 7.34154e-11 0.000145563 0.00160297 0.985784 1.73222e-05 3.62284e-07 0.000194395 
0.0168057 0.0166885 0.000480011 0.00787044 0.0147979 0.0545175 0.0308215 0.00379826 0.0573137 0.34672 0.000124237 6.80555e-07 0.0624872 0.0439523 4.76671e-09 0.00812467 0.266712 0.0192685 0.00954046 0.00114524 0.0388317 
5.23372e-05 0.00025166 0.000180759 7.94503e-05 0.000295756 0.00193178 0.000508679 2.7278e-05 0.000295134 0.0079018 1.57626e-06 7.37596e-08 0.000701074 2.76163e-05 7.34154e-11 0.000145563 0.00160297 0.985784 1.73222e-05 3.62284e-07 0.000194395 
0.00332308 0.00265542 0.000354548 0.00249634 0.00639454 0.0200063 0.581288 2.7928e-06 0.0112527 0.0164095 2.24359e-07 3.27056e-08 0.258602 0.0341615 2.5435e-10 0.0577094 1.18561e-06 0.000327342 0.000121559 2.73765e-07 0.00489363 
0.000981595 0.00396167 2.11582e-05 0.000128789 0.00242093 0.670074 0.0454046 0.00243135 0.0333133 0.00665271 0.000323305 1.1443e-05 0.112646 4.74924e-05 6.19537e-12 0.0159648 0.105118 3.02715e-05 0.0002954 5.04603e-05 0.000122291 
0.0241453 0.0422484 0.00749446 0.0175958 0.00178768 0.0644323 0.063271 0.00994713 0.0382665 0.333206 0.00610293 7.94135e-05 0.0158786 0.0369454 4.01108e-06 0.00139535 0.112202 0.130145 0.00144525 0.0913031 0.00210458 
5.23372e-05 0.00025166 0.000180759 7.94503e-05 0.000295756 0.00193178 0.000508679 2.7278e-05 0.000295134 0.0079018 1.57626e-06 7.37596e-08 0.000701074 2.76163e-05 7.34154e-11 0.000145563 0.00160297 0.985784 1.73222e-05 3.62284e-07 0.000194395 
0.0020619 0.00942481 0.123692 0.00684705 0.000211544 0.161232 0.0354261 0.0013717 0.0881951 0.405388 0.00497442 4.71886e-08 0.031572 0.0363609 1.17605e-08 0.0031441 0.0741178 0.0136626 0.000358214 1.89155e-05 0.00194128 
0.00596408 0.014329 1.08837e-05 0.00494973 0.00364739 0.0632465 0.0505558 0.0738045 0.0348366 0.0762269 0.000407174 6.48066e-06 0.155896 0.00342606 7.38177e-08 0.414343 0.0785465 4.61783e-06 0.00795069 1.07158e-07 0.0118483 
0.00135157 0.00760977 0.00123641 2.01301e-05 0.000960434 0.12919 0.000457837 0.00313371 0.238578 0.0420466 0.000714827 3.11254e-08 0.445189 0.0223831 3.52594e-09 0.0116837 0.0812819 8.36514e-05 4.54056e-05 7.27856e-07 0.014034 
0.00495282 0.0150676 0.00620607 0.00372957 0.0023607 0.0297505 0.0244637 0.00228365 0.0179984 0.492183 0.240971 6.39011e-05 0.0512566 0.0300662 6.88085e-08 0.00349654 0.0276533 0.0458618 0.000449789 1.29327e-05 0.00117202 
0.0105071 0.00414157 1.62673e-05 0.000197507 0.00367193 0.0150078 0.00958094 0.0102131 0.0270972 0.222892 9.66755e-05 9.73034e-07 0.0204574 0.00953681 1.15778e-08 0.00115323 0.186473 8.88273e-05 0.455071 9.13744e-05 0.0237055 
0.016152 0.107147 0.00117749 0.0196548 0.00113756 0.0456852 0.0150841 0.621267 0.017102 0.0371857 0.0176124 5.51815e-05 0.00560724 0.0173763 7.35452e-08 0.00414186 0.0564996 0.00367947 0.00637536 0.000739906 0.00632 
0.0195373 0.0406226 7.25192e-07 0.00179969 6.40121e-05 0.0149872 0.139293 0.000829824 0.0208609 0.000737615 0.00420677 4.6831e-07 5.59169e-05 0.701144 1.52803e-08 0.000887906 0.0242269 0.000249993 0.0302957 0.000188296 1.05564e-05 
0.0200069 0.102938 0.252449 0.00697288 0.112262 0.0151409 0.0200482 0.0059889 0.153511 0.0883038 1.40882e-05 1.38016e-06 0.0383387 0.00494412 2.19159e-07 0.00873402 0.165804 2.07398e-05 0.000178398 0.00025023 0.00409227 
0.0389613 0.160392 1.85184e-06 6.30562e-05 0.0417554 0.0923556 0.228037 0.0164278 0.222497 0.0470622 1.11084e-06 5.73411e-07 0.0460743 0.000258355 9.76438e-08 0.000460095 0.0676304 5.16255e-06 5.77492e-06 6.64723e-07 0.0380109 
0.000740079 0.00420796 0.000107911 0.00497726 0.000411259 0.834241 0.064532 0.0131366 0.00443821 0.0224155 7.28782e-05 2.34649e-06 0.00615133 0.00353338 5.23658e-10 0.00238775 0.0342114 0.000608367 0.00327149 7.3434e-06 0.000545915 
0.0124496 0.091123 0.0013234 0.231571 0.00448481 0.0231862 0.0147859 0.0138955 0.05573 0.126163 0.000466352 0.00028582 0.022752 0.0346542 4.90816e-06 0.00124185 0.036562 0.314833 0.00774255 0.000244412 0.00650127 
0.0048196 0.047648 0.00106648 0.00892689 0.0019501 0.433847 0.113276 0.0411523 0.0199723 0.0440443 0.00160202 6.60299e-08 0.0865016 0.000308936 6.56644e-11 0.0393794 0.151427 0.00364975 0.000212184 3.89121e-06 0.000212166 
6.98158e-06 0.162706 6.9747e-06 6.97848e-06 6.97905e-06 0.10684 6.9818e-06 6.9822e-06 0.249268 0.0663425 6.97437e-06 6.975e-06 6.98242e-06 0.191995 6.96901e-06 6.98125e-06 0.190643 0.00629021 0.0195414 6.97435e-06 0.00628955 
0.00838708 0.013467 0.000206724 0.000815091 0.00296606 0.0474789 0.2978 0.000310098 0.169767 0.109122 0.00168302 0.000764795 0.0274713 0.0749416 1.09707e-10 0.0161682 0.224015 0.000377473 0.000367587 5.39211e-06 0.00388579 
0.000489776 0.00857388 0.000832563 0.879304 3.04383e-05 0.0207223 0.00278919 0.00839498 0.00334223 0.051402 1.02776e-05 1.37302e-05 0.0030072 0.00120969 9.92317e-12 0.0014687 0.00154498 0.0160837 0.000651261 2.52145e-07 0.000129238 
5.23372e-05 0.00025166 0.000180759 7.94503e-05 0.000295756 0.00193178 0.000508679 2.7278e-05 0.000295134 0.0079018 1.57626e-06 7.37596e-08 0.000701074 2.76163e-05 7.34154e-11 0.000145563 0.00160297 0.985784 1.73222e-05 3.62284e-07 0.000194395 
0.00626045 0.0462454 3.41911e-05 3.12555e-07 0.00673807 0.0179473 0.0500919 0.00114438 0.0415105 0.0089591 4.28952e-07 0.000340387 0.0125091 0.476125 3.67931e-10 0.262366 0.0413229 0.000117271 4.92742e-05 0.0197615 0.00847717 
0.000387813 0.00205572 6.85285e-07 3.84828e-05 0.00250059 0.648259 0.043478 0.00262728 0.192906 0.000636714 0.000323488 2.37849e-08 0.0240557 0.000135615 1.648e-11 0.00378596 0.0782126 1.17782e-05 2.47947e-05 1.18597e-08 0.000559803 
0.00435675 0.0101563 0.000107703 0.000443233 0.00526843 0.338315 0.0171602 0.126774 0.0276839 0.0190854 1.26184e-06 5.46623e-07 0.0131584 0.0191813 2.15562e-09 0.123926 0.292619 1.25287e-05 0.00123712 0.000251538 0.000261747 
0.0134103 0.0853979 0.000593741 0.574133 0.000765724 0.0109102 0.00227732 0.184446 0.0182586 0.0596351 7.08091e-08 3.83447e-09 0.00383066 0.00366607 2.82679e-10 0.00082792 0.0408009 7.81699e-06 3.59051e-05 0.000129381 0.000873552 
0.0088222 0.0108339 3.67208e-07 5.14186e-05 0.000670901 0.00225503 0.566083 0.000119906 0.0243686 0.0512143 0.000212116 7.64395e-08 0.00564086 0.126237 5.38959e-11 0.00603812 0.187732 0.000334263 0.000455482 0.0042965 0.00463394 
0.00522577 0.0352579 0.00455289 0.00299053 0.00248285 0.429762 0.103101 0.0493207 0.0446624 0.0237684 0.000312319 5.51276e-05 0.0327597 0.0166257 1.15209e-09 0.00890435 0.229043 0.000116529 0.00704736 0.0011037 0.00290825 
0.000202689 0.00309511 2.76836e-10 0.00152171 7.54639e-05 0.00123402 4.23822e-05 0.00196055 0.000912011 0.000253722 0.9819 0.000287944 0.000303184 0.00279025 7.35616e-13 2.89744e-05 0.00466433 0.000707573 8.40273e-06 6.725e-09 1.18905e-05 
0.236209 0.0286924 0.00110274 0.00327579 0.0189736 0.141571 0.00721677 0.0186537 0.0876812 0.0633009 0.00034655 2.37677e-05 0.105563 0.0821237 3.93851e-07 0.0109566 0.148025 0.000109533 0.0116341 0.000812338 0.0337284 
0.00294723 0.0242497 0.00475103 0.0155037 0.000127741 0.658319 0.0273446 0.0126438 0.00178931 0.181179 4.41467e-05 4.7983e-06 0.0179161 0.00197288 5.95748e-09 0.00745084 0.0179494 0.0220511 0.00260358 1.85157e-05 0.00113308 
5.23372e-05 0.00025166 0.000180759 7.94503e-05 0.000295756 0.00193178 0.000508679 2.7278e-05 0.000295134 0.0079018 1.57626e-06 7.37596e-08 0.000701074 2.76163e-05 7.34154e-11 0.000145563 0.00160297 0.985784 1.73222e-05 3.62284e-07 0.000194395 
0.0887479 0.0505041 0.000150271 0.00411547 0.000297155 0.18652 0.000108492 0.000264539 0.00688498 0.13428 7.89647e-05 9.96402e-06 0.0114787 0.00596448 2.47114e-08 0.000336924 0.0113354 0.00997965 0.00101658 0.48761 0.000316666 
0.00104495 0.00065802 1.37189e-06 5.84017e-05 0.000631678 0.219469 0.3988 0.000586519 0.00165154 0.0158914 1.59205e-05 5.13683e-07 0.0214128 0.324686 5.95629e-08 0.000879087 0.0112895 1.44407e-05 4.80891e-05 1.66082e-06 0.00285859 
0.00162506 0.0130027 0.000390379 0.000199516 0.000606234 0.0124029 0.00894294 0.00676447 0.00670817 0.0131589 8.8513e-09 1.70895e-07 0.0055599 0.00173635 6.01939e-11 0.00104088 0.903914 1.01586e-05 0.000132729 0.0191824 0.00462185 
5.23372e-05 0.00025166 0.000180759 7.94503e-05 0.000295756 0.00193178 0.000508679 2.7278e-05 0.000295134 0.0079018 1.57626e-06 7.37596e-08 0.000701074 2.76163e-05 7.34154e-11 0.000145563 0.00160297 0.985784 1.73222e-05 3.62284e-07 0.000194395 
0.00121234 0.00419338 1.97648e-05 0.000430489 0.000211509 0.00103962 0.0325386 0.00338881 0.0303512 0.276903 7.81962e-05 2.95988e-05 0.0110202 0.0148214 7.2659e-12 0.00222542 0.525479 7.12588e-05 3.93269e-05 2.9479e-08 0.095947 
0.000944292 0.00186957 0.0241051 0.00248226 0.00165293 0.0756868 0.0390791 0.00191975 0.0140668 0.261611 0.373304 4.71505e-07 0.0101313 0.0127133 1.642e-11 0.0302729 0.123936 0.02231 0.000339356 0.00225566 0.00131896 
0.0429404 0.0573109 0.00183031 0.00408785 0.0607779 0.132531 0.0193528 0.068435 0.0737204 0.0895029 6.16446e-06 8.09345e-07 0.0686082 0.00440693 4.37377e-09 0.00832818 0.340918 0.0087315 0.000484504 1.4372e-06 0.0180249 
0.00838631 0.0990733 0.00183851 0.00145813 0.0118853 0.0758044 0.02867 0.00458535 0.180672 0.14298 4.81172e-05 0.0220032 0.239264 0.0438667 2.81874e-10 0.0119907 0.108769 0.00177175 0.00121814 6.72074e-06 0.0157083 
0.0255976 0.0764208 0.001635 0.00207927 0.0143195 0.0734817 0.123446 0.0186274 0.293336 0.102025 0.0141308 0.000216355 0.0352181 0.0215772 2.87904e-06 0.0596172 0.128736 0.00177403 0.00115873 0.00175143 0.00484865 
0.0162018 0.0344867 0.000710665 0.000635974 0.012023 0.354382 0.0267202 0.0208583 0.0376112 0.0528618 0.00513972 1.69454e-05 0.16766 0.00468298 4.49358e-06 0.0167548 0.203603 0.000168457 0.00286654 0.000566668 0.0420449 
0.0184767 0.0282 0.00783808 0.00206632 0.0160888 0.0764742 0.0612714 0.0208862 0.0379505 0.32439 0.0124997 0.000599252 0.114104 0.0225647 2.52785e-05 0.0371265 0.188169 0.00855686 0.00394231 0.00020986 0.0185604 
0.0233423 0.0272766 0.000748607 0.000105271 0.0501237 0.0436737 0.0131052 0.00520007 0.102293 0.0359199 0.00140411 2.20426e-06 0.330846 0.0104028 9.96765e-07 0.191842 0.10287 9.49778e-05 0.00881728 7.98603e-05 0.0518513 
0.00625689 0.0267047 0.00018921 0.000123834 0.00529251 0.675061 0.0510625 0.006712 0.0078878 0.0154891 0.000125631 1.40482e-05 0.032501 0.00559048 2.32504e-12 0.00189784 0.142492 6.46611e-05 0.00721073 0.000370955 0.014953 
0.0185674 0.631929 0.000360667 0.00181972 0.000492101 0.0139733 0.00646955 0.186983 0.0150277 0.013021 0.00378075 0.000178958 0.00347073 0.056113 2.14555e-09 0.00326842 0.0307976 9.74124e-05 0.000428665 0.0064042 0.00681673 
0.0179514 0.557296 1.92193e-05 0.0506949 0.000485843 0.00063353 0.00712745 0.028019 0.10855 0.00557168 0.000133568 1.4984e-06 0.00030804 0.169089 5.60031e-08 0.0245278 0.00269738 0.000122804 0.0139207 0.00739037 0.00545961 
5.23372e-05 0.00025166 0.000180759 7.94503e-05 0.000295756 0.00193178 0.000508679 2.7278e-05 0.000295134 0.0079018 1.57626e-06 7.37596e-08 0.000701074 2.76163e-05 7.34154e-11 0.000145563 0.00160297 0.985784 1.73222e-05 3.62284e-07 0.000194395 
5.23372e-05 0.00025166 0.000180759 7.94503e-05 0.000295756 0.00193178 0.000508679 2.7278e-05 0.000295134 0.0079018 1.57626e-06 7.37596e-08 0.000701074 2.76163e-05 7.34154e-11 0.000145563 0.00160297 0.985784 1.73222e-05 3.62284e-07 0.000194395 
0.00114329 0.00135201 2.99816e-05 0.000268397 0.000194463 0.010992 0.000983821 0.00167248 0.0157625 0.0334473 1.6357e-09 1.45319e-07 0.0685656 0.000802557 1.29048e-12 0.00515581 0.859114 3.37862e-05 5.44112e-05 5.62921e-07 0.000426564 
0.00625689 0.0267047 0.00018921 0.000123834 0.00529251 0.675061 0.0510625 0.006712 0.0078878 0.0154891 0.000125631 1.40482e-05 0.032501 0.00559048 2.32504e-12 0.00189784 0.142492 6.46611e-05 0.00721073 0.000370955 0.014953 
0.488956 0.334417 2.65462e-05 0.00013505 0.00041396 0.0161523 0.0094087 0.0239968 0.0788978 0.00704969 2.99385e-06 3.22579e-08 0.0164027 0.00830125 2.93547e-10 0.00548919 0.00686814 8.44187e-06 4.40926e-05 0.000399185 0.00303026 
0.000202689 0.00309511 2.76836e-10 0.00152171 7.54639e-05 0.00123402 4.23822e-05 0.00196055 0.000912011 0.000253722 0.9819 0.000287944 0.000303184 0.00279025 7.35616e-13 2.89744e-05 0.00466433 0.000707573 8.40273e-06 6.725e-09 1.18905e-05 
0.0130056 0.00660436 5.09501e-05 3.0846e-05 0.0022914 0.0486395 0.0372358 0.000117068 0.195171 0.00762911 0.00013767 9.31021e-05 0.0194097 0.0303495 2.46413e-07 0.00045565 0.625472 0.00011526 0.00505108 1.45279e-05 0.00812552 
0.00745882 0.0828623 0.000145407 0.000433084 0.000412663 0.0054181 0.00905804 0.0338647 0.0486427 0.212534 0.00899136 5.52154e-05 0.0275552 0.301709 1.08681e-06 0.00557404 0.243725 0.00175396 0.00261423 0.000865844 0.00632469 
0.0245775 0.0846967 7.80173e-06 0.0237048 9.5574e-05 0.0537204 0.00531693 0.015301 0.288991 0.00925502 2.55638e-06 3.42751e-06 0.002106 0.287718 3.52014e-08 0.000830633 0.195636 6.29524e-05 0.000359763 0.00693471 0.000678097 
0.00382759 0.0620601 0.000300363 0.000220447 0.0386656 0.0466886 0.0188183 0.00214546 0.0604442 0.468328 0.000529011 3.23405e-05 0.124264 0.0337715 9.98817e-06 0.0258421 0.0346868 1.41852e-05 0.000321739 5.09644e-05 0.0789788 
0.000139358 0.00504042 0.000964409 0.0226442 0.00264923 5.62874e-07 0.000174552 1.84602e-07 0.160934 0.503495 0.000561973 5.47928e-06 0.0587273 0.0436433 3.12225e-10 0.151856 0.0271443 0.00717671 0.000611793 0.000425936 0.0138052 
0.000677995 0.0145074 3.52463e-05 0.000261477 0.000331493 0.891286 0.00336694 0.00214792 0.00329289 0.0453399 0.000158873 3.47178e-07 0.0225004 6.80465e-09 1.87878e-12 0.00190946 0.0102021 0.000742079 0.00284412 4.8283e-05 0.000347284 
0.105266 0.3893 4.01703e-06 0.000426402 7.0855e-06 0.00437874 0.000998996 0.00538621 0.0146409 0.00496938 1.27219e-09 3.22447e-07 0.0105449 0.0203525 1.99755e-11 0.000157131 0.433568 1.01921e-05 0.000282476 0.00778311 0.00192356 
0.224263 0.177313 1.5264e-06 0.484419 0.000601788 0.0283612 0.00323666 0.00856237 0.00772646 0.000641865 0.000254038 2.10813e-06 0.0106334 0.000674142 3.78462e-09 0.00115703 0.0453147 5.547e-05 3.92609e-05 0.0056794 0.001064 
0.00020887 0.0274359 4.83601e-05 0.000246379 1.96787e-08 0.79741 0.000548308 0.00122845 0.00266753 0.140196 6.6529e-05 2.13395e-05 0.0202702 0.000477062 1.52882e-11 0.00169444 0.00048613 0.000628172 0.00636704 2.80573e-08 5.93544e-09 
0.0126411 0.393264 0.00122121 0.00425553 0.00475573 0.13324 0.015731 0.0677628 0.189574 0.0270418 0.0124918 0.00100748 0.04196 0.0345376 5.69995e-09 0.0352081 0.0167298 0.000509936 0.00218137 2.30052e-07 0.00588645 
0.00184356 0.0205441 0.82782 0.0023356 0.000273154 0.000727202 0.0213796 0.000137433 0.000782464 0.0326263 6.60865e-05 4.47498e-06 3.30192e-05 0.00111393 2.85716e-12 0.00203457 0.0853299 1.04397e-06 0.00070838 1.81048e-05 0.00222134 
5.23372e-05 0.00025166 0.000180759 7.94503e-05 0.000295756 0.00193178 0.000508679 2.7278e-05 0.000295134 0.0079018 1.57626e-06 7.37596e-08 0.000701074 2.76163e-05 7.34154e-11 0.000145563 0.00160297 0.985784 1.73222e-05 3.62284e-07 0.000194395 
5.23372e-05 0.00025166 0.000180759 7.94503e-05 0.000295756 0.00193178 0.000508679 2.7278e-05 0.000295134 0.0079018 1.57626e-06 7.37596e-08 0.000701074 2.76163e-05 7.34154e-11 0.000145563 0.00160297 0.985784 1.73222e-05 3.62284e-07 0.000194395 
0.000689826 0.0220657 1.09995e-06 7.01388e-08 0.000640733 0.0259763 0.0318571 3.84787e-05 0.428458 0.0854234 0.00412294 4.40719e-07 0.0242577 0.0689938 1.69426e-09 0.0437394 0.0212971 0.000259441 0.000685395 0.239093 0.00239952 
0.0494151 0.701166 1.18126e-05 1.14318e-05 0.00984298 0.0073895 0.0158202 0.0370364 0.0767518 0.0161895 0.000794749 1.49717e-05 0.0111133 0.0122828 2.16712e-06 0.0275704 0.028663 2.21292e-05 0.00135852 5.17414e-05 0.00449117 
0.00482587 0.0396387 0.000562257 0.000529421 0.00283541 0.0282734 0.46439 0.0445219 0.00786272 0.060454 1.01147e-07 6.20812e-06 0.102604 0.0419542 1.89158e-09 0.000961944 0.144545 0.000886116 0.0438805 0.000592876 0.0106754 
0.0357183 0.0929997 0.000147748 0.00130772 0.000581478 0.030037 0.00111098 0.0206397 0.00645472 0.0265699 3.10945e-08 1.08499e-06 0.00857967 0.00171302 6.71879e-11 0.00083288 0.760263 1.4783e-05 8.31561e-05 0.00293683 0.0100082 
0.00421138 0.0254018 0.0174353 0.000541005 0.0114048 0.0146787 0.221751 0.000668912 0.0125563 0.0194956 0.000393255 9.23918e-06 0.00733643 0.00144361 3.43604e-10 0.0145955 0.628561 6.13311e-06 6.43864e-06 0.0179121 0.00159153 
0.000472037 0.0135745 0.000135854 0.000305661 9.59279e-05 0.90829 0.00092437 0.00165541 0.00355444 0.0413838 0.000141342 4.4879e-07 0.0165312 0.000186606 7.03349e-13 0.00339373 0.00286639 0.001761 0.00435267 0.000241999 0.000132301 
0.000202689 0.00309511 2.76836e-10 0.00152171 7.54639e-05 0.00123402 4.23822e-05 0.00196055 0.000912011 0.000253722 0.9819 0.000287944 0.000303184 0.00279025 7.35616e-13 2.89744e-05 0.00466433 0.000707573 8.40273e-06 6.725e-09 1.18905e-05 
0.00289669 0.0204124 6.79377e-06 0.000527494 0.00173382 0.0725727 0.0459047 0.029974 0.0194163 0.0349305 0.00126408 5.68479e-06 0.0329386 0.00604964 3.98688e-07 0.02887 0.675995 0.0176856 0.00415448 0.00151855 0.00314244 
0.00162282 0.00778905 0.00264651 0.000392794 0.00266924 0.086131 0.395995 0.000310529 0.14052 0.197496 0.000177049 4.99284e-05 0.0291651 0.041608 4.38452e-06 0.0277348 0.0637889 0.000142015 0.000464337 0.000115684 0.00117691 
0.000202689 0.00309511 2.76836e-10 0.00152171 7.54639e-05 0.00123402 4.23822e-05 0.00196055 0.000912011 0.000253722 0.9819 0.000287944 0.000303184 0.00279025 7.35616e-13 2.89744e-05 0.00466433 0.000707573 8.40273e-06 6.725e-09 1.18905e-05 
0.000331634 0.00284439 4.92487e-05 0.375815 0.000197659 0.00142482 0.0014202 0.00167605 0.00112437 0.0141092 5.643e-07 2.57462e-08 0.00160897 0.00165305 1.22022e-08 0.000469176 0.000675463 0.596198 6.31567e-05 0.000128058 0.000211127 
0.00102177 1.14165e-07 1.45836e-05 1.68588e-07 0.00156426 0.0486418 0.0242703 6.8311e-08 0.0155483 0.0115991 0.000870309 1.7104e-07 0.724403 1.52086e-07 4.72631e-10 0.0258005 0.111672 5.68792e-05 0.00181821 5.47831e-07 0.0327185 
0.00315853 0.0267507 0.00366793 0.00222486 0.00221093 0.284815 0.119798 0.00137897 0.0550962 0.0396906 0.0013127 0.000179775 0.221125 0.00152673 1.306e-10 0.0578962 0.175856 0.000218198 0.000293391 0.00102061 0.00177999 
0.000810544 0.0212112 0.00272734 0.00554714 0.00286857 0.450388 0.157636 0.00116562 0.0257193 0.0913423 7.42677e-06 1.54588e-06 0.0287285 0.0716454 1.04216e-10 0.00263504 0.0930265 0.0124171 0.00219359 0.0275873 0.00234206 
5.23372e-05 0.00025166 0.000180759 7.94503e-05 0.000295756 0.00193178 0.000508679 2.7278e-05 0.000295134 0.0079018 1.57626e-06 7.37596e-08 0.000701074 2.76163e-05 7.34154e-11 0.000145563 0.00160297 0.985784 1.73222e-05 3.62284e-07 0.000194395 
0.002384 0.0307121 2.81852e-05 0.0254544 0.00398422 0.314021 0.0869414 0.0312829 0.211809 0.134688 0.0012385 2.12253e-05 0.0107981 0.0184383 6.28976e-08 0.0279683 0.0971236 0.000230818 9.71627e-05 0.000546075 0.00223361 
5.64859e-06 5.64957e-06 5.64303e-06 5.64609e-06 5.64655e-06 0.255357 5.64877e-06 5.6491e-06 5.64902e-06 0.211297 5.64277e-06 5.64328e-06 0.265522 5.64846e-06 5.63843e-06 0.254745 5.64975e-06 5.64842e-06 0.0129882 5.64275e-06 5.64783e-06 
0.0346098 0.0592199 0.00298053 9.75355e-05 0.015316 0.0480532 0.0229718 0.00658588 0.0903837 0.049773 0.00227197 0.00150096 0.043587 0.485824 3.04828e-05 0.0356699 0.0963827 0.000115497 0.000906153 0.000116189 0.00360405 
0.000173434 0.01127 0.000375251 0.000939035 0.00450798 0.00461409 0.0036599 0.00135086 0.00603209 0.00309658 0.0140488 8.34941e-07 0.00803288 0.00834684 1.58382e-09 0.0021092 0.00794453 0.000148143 3.04174e-05 0.923257 6.22586e-05 
0.0884443 0.380537 0.00298243 0.0144048 0.0120836 0.0828705 0.00983996 0.082028 0.105799 0.0602741 0.00621751 0.000131381 0.019029 0.0214915 4.66413e-08 0.0103474 0.0800518 0.0102218 0.00152743 0.00892845 0.00279041 
5.23372e-05 0.00025166 0.000180759 7.94503e-05 0.000295756 0.00193178 0.000508679 2.7278e-05 0.000295134 0.0079018 1.57626e-06 7.37596e-08 0.000701074 2.76163e-05 7.34154e-11 0.000145563 0.00160297 0.985784 1.73222e-05 3.62284e-07 0.000194395 
0.00281562 0.00754447 0.0006405 0.000316638 0.00148537 0.00875781 0.0158246 0.0062779 0.0117136 0.477395 0.000444393 2.26373e-06 0.0667457 0.00335644 7.87128e-07 0.0213444 0.35077 0.000933148 0.000489422 0.000923366 0.0222182 
0.0247058 0.0121077 5.92376e-05 0.000191813 0.0107088 0.558854 0.034349 0.0205344 0.00633117 0.0888905 0.00502293 4.06332e-05 0.0459362 0.00626953 7.2771e-07 0.0116314 0.153437 0.00548649 0.000868896 0.000122617 0.0144509 
0.00569332 0.0244588 0.000202497 0.0288726 0.00246991 1.28904e-07 0.0115671 0.0146653 0.0667362 0.0521138 5.53277e-07 2.38522e-06 0.00485501 0.743463 1.02192e-07 0.0131572 0.0122175 0.000242034 0.00247417 5.87528e-05 0.01675 
0.00238734 0.00826527 3.18945e-05 0.000311439 0.00115631 0.123911 0.0238693 0.053625 0.00539288 0.00335975 4.2331e-05 4.69728e-07 0.015772 3.63391e-05 1.50354e-09 0.72158 0.0344933 2.52698e-05 0.00486587 2.60765e-05 0.00084865 
0.000260073 0.00950881 3.72373e-05 3.00937e-06 0.00481739 0.0249645 0.0454929 0.000191129 0.0501919 0.0696839 7.29523e-05 3.512e-06 0.142433 0.0281205 8.48318e-11 0.00754044 0.603258 5.58944e-06 3.77052e-05 8.79234e-08 0.0133774 
0.0021668 0.0299833 0.000146326 0.00454227 0.00736273 0.0165742 0.0298603 0.0335037 0.0224796 0.493097 0.00794195 2.93302e-05 0.0241098 0.0264851 1.35614e-09 0.0170471 0.250907 0.000190154 0.00031648 0.0015561 0.0317008 
0.0134229 0.00679345 7.22872e-06 0.000396005 0.000436862 0.704894 0.00166376 0.000242285 0.017264 0.0181096 7.32164e-05 5.81363e-10 0.049844 2.91287e-05 2.24683e-12 0.000595516 0.147856 0.000370304 0.00101743 0.0350353 0.00194905 
5.23372e-05 0.00025166 0.000180759 7.94503e-05 0.000295756 0.00193178 0.000508679 2.7278e-05 0.000295134 0.0079018 1.57626e-06 7.37596e-08 0.000701074 2.76163e-05 7.34154e-11 0.000145563 0.00160297 0.985784 1.73222e-05 3.62284e-07 0.000194395 
0.0139124 0.0527309 0.00011376 0.00337997 0.00585805 0.0378719 0.0158584 0.00642686 0.0321451 0.0313798 0.00348006 0.00108664 0.545781 0.0398866 3.28303e-06 0.0102385 0.159224 0.00413807 0.000920139 0.00703545 0.0285288 
0.0130534 0.499552 0.000382265 0.0251765 0.000650921 0.0177347 0.0125097 0.0203137 0.114473 0.0910104 0.00482178 2.16492e-05 0.0666984 0.0165366 1.49218e-07 0.0041988 0.0623438 0.0155331 0.000999554 0.0223447 0.0116447 
0.00530883 0.00818324 2.18369e-05 9.79738e-05 0.000987314 0.00172883 0.000490073 0.000810789 0.00768022 0.0546623 0.00611638 0.0192333 0.00215144 0.821146 4.38084e-06 4.57963e-05 0.0254707 0.000282083 0.012416 0.00153807 0.031624 
0.000202689 0.00309511 2.76836e-10 0.00152171 7.54639e-05 0.00123402 4.23822e-05 0.00196055 0.000912011 0.000253722 0.9819 0.000287944 0.000303184 0.00279025 7.35616e-13 2.89744e-05 0.00466433 0.000707573 8.40273e-06 6.725e-09 1.18905e-05 
0.000202689 0.00309511 2.76836e-10 0.00152171 7.54639e-05 0.00123402 4.23822e-05 0.00196055 0.000912011 0.000253722 0.9819 0.000287944 0.000303184 0.00279025 7.35616e-13 2.89744e-05 0.00466433 0.000707573 8.40273e-06 6.725e-09 1.18905e-05 
0.0119099 0.137807 0.0686575 0.00599596 0.00468382 0.00849481 0.121855 0.000336808 0.0271355 0.0100094 0.238202 0.000148434 0.00106977 0.201045 2.9311e-06 0.00644552 0.0218081 8.17457e-05 0.1214 3.04812e-06 0.012907 
0.0921794 0.435166 3.26766e-06 0.00665499 6.62911e-05 0.0461705 0.0141056 0.0994594 0.0125704 0.00253959 0.00116538 1.73974e-06 0.0218857 0.158587 2.22936e-09 0.006508 0.0989664 0.00033516 0.00281008 0.000148374 0.000676443 
0.000116845 9.267e-05 1.22763e-06 2.66936e-05 6.35179e-05 0.000689292 0.000103224 0.0031074 0.00033937 0.0021083 8.05352e-09 3.62691e-06 0.000131397 0.000872955 1.81115e-09 0.000501992 0.00164726 0.000338034 0.988591 5.43385e-09 0.00126529 
0.0349392 0.0448005 0.0247959 0.010717 0.0118049 0.166003 0.0244579 0.00577627 0.0804459 0.0847785 0.00318521 4.44216e-05 0.311327 0.00653429 1.8962e-05 0.0212038 0.144794 0.00454838 0.00288788 0.00017509 0.016762 
0.00595648 0.503227 7.44337e-07 1.06728e-06 0.0843556 0.00789532 0.0645081 0.00179206 0.111555 0.00718268 9.88926e-06 9.92388e-07 0.00447939 0.00890941 1.46623e-10 0.000619807 0.179932 8.81504e-05 1.37944e-06 1.36585e-06 0.0194833 
0.000575828 0.00849689 0.00017375 0.000421159 0.00674389 0.0151132 0.0443888 0.00308773 0.0057495 0.163953 0.000288494 0.000280924 0.00804619 0.0228436 5.60946e-08 0.00589071 0.0211321 0.689275 0.00183122 0.000410456 0.0012972 
0.00526066 0.0164028 0.000724656 0.000608047 0.00860061 0.0725699 0.557842 0.0068264 0.0841779 0.0281712 0.000375602 1.30249e-05 0.005458 0.0493759 3.25933e-08 0.0602346 0.1014 0.000291246 0.000310338 0.000153073 0.0012036 
0.0836475 0.207637 7.97656e-07 0.0198607 0.029804 0.0496096 0.00924291 0.0560266 0.124256 0.0121061 0.00226636 4.50454e-07 0.0844998 0.0693527 5.12536e-08 0.0100363 0.223967 5.018e-05 5.99274e-05 0.0117711 0.00580416 
0.000116845 9.267e-05 1.22763e-06 2.66936e-05 6.35179e-05 0.000689292 0.000103224 0.0031074 0.00033937 0.0021083 8.05352e-09 3.62691e-06 0.000131397 0.000872955 1.81115e-09 0.000501992 0.00164726 0.000338034 0.988591 5.43385e-09 0.00126529 
6.79139e-07 0.000370669 9.26413e-07 0.000146908 8.52185e-06 0.779707 6.65651e-05 3.11713e-07 0.145134 0.00302989 8.24908e-05 1.23528e-06 0.000640737 0.00690024 6.67085e-08 0.0055028 0.0582825 4.27017e-05 4.68481e-07 5.81439e-05 2.37599e-05 
5.23372e-05 0.00025166 0.000180759 7.94503e-05 0.000295756 0.00193178 0.000508679 2.7278e-05 0.000295134 0.0079018 1.57626e-06 7.37596e-08 0.000701074 2.76163e-05 7.34154e-11 0.000145563 0.00160297 0.985784 1.73222e-05 3.62284e-07 0.000194395 
0.0302774 0.171519 2.33596e-08 0.000204994 0.00376525 0.0846533 0.00182065 0.00100648 0.64899 0.00236639 2.08661e-08 3.60921e-07 0.000932053 0.00340971 2.01126e-09 0.00273119 0.0126673 4.90294e-05 0.00285069 0.0323832 0.000373322 
0.00710134 0.0190158 0.000487626 0.00176271 0.0199748 0.18693 0.105109 0.0104333 0.0300358 0.0928941 0.000379032 0.000107922 0.21784 0.00334209 1.08448e-06 0.138836 0.159888 7.10074e-05 0.000964644 0.00010739 0.00471898 
5.23372e-05 0.00025166 0.000180759 7.94503e-05 0.000295756 0.00193178 0.000508679 2.7278e-05 0.000295134 0.0079018 1.57626e-06 7.37596e-08 0.000701074 2.76163e-05 7.34154e-11 0.000145563 0.00160297 0.985784 1.73222e-05 3.62284e-07 0.000194395 
0.00111196 0.0132605 7.34359e-06 0.000749696 0.000313914 0.057349 0.00387118 0.000194304 0.306314 0.0027865 3.83042e-09 4.27815e-06 0.0274016 0.00427461 3.67569e-12 0.000469837 0.581592 3.54798e-05 3.27301e-05 6.39777e-07 0.00022984 
0.0187852 0.0899062 0.729403 0.0459975 0.00079101 0.0156899 0.00428483 0.00456065 0.0147309 0.0188419 4.50317e-06 6.09367e-06 0.000563561 0.00556305 1.91877e-12 0.000340369 0.0500259 0.000198276 0.000190143 1.84371e-09 0.000116722 
0.0557987 0.110325 3.21231e-05 0.000311881 0.00186634 0.0255648 0.00835137 0.0392241 0.149419 0.0444837 0.034268 0.000312106 0.01087 0.444555 1.1336e-10 0.00191393 0.0311244 0.000665657 0.0406071 2.9591e-08 0.00030654 
0.0116071 0.0120119 4.62785e-05 0.000111434 0.00618847 0.0178975 0.0406626 0.0144929 0.0816637 0.0882108 3.00621e-05 1.40627e-07 0.0185632 0.548845 3.49353e-08 0.0131581 0.0547257 0.000258124 0.000404356 0.000317352 0.090805 
0.000341914 0.0229718 2.97289e-05 0.000306327 0.000390825 0.703442 0.00253888 0.000164852 0.00691551 0.0908138 0.000195639 8.45132e-09 0.156252 0.000168419 5.31892e-12 0.00492583 0.00797416 0.0011006 0.00124251 2.99628e-05 0.000194477 
0.00204327 0.0133651 1.70683e-05 7.05383e-05 0.0048696 0.450738 0.343413 0.00515599 0.0161568 0.0234144 0.000255989 0.00117436 0.0147444 0.0103614 4.20255e-12 0.00314409 0.0913265 0.000185987 0.0052872 0.000155703 0.0141204 
0.0214448 0.0164068 5.14781e-09 0.000489859 4.95449e-05 0.0140005 0.000111421 0.00111846 0.0343928 0.0249882 7.67191e-11 2.40682e-09 0.0327138 0.00769394 1.19958e-12 0.00107979 0.832474 1.38104e-05 1.76876e-08 2.31687e-07 0.0130221 
0.0292798 0.0842675 0.000534953 0.00247004 0.0538124 0.421251 0.035491 0.0274748 0.0548481 0.0245184 0.000467644 7.02525e-05 0.0658469 0.00474263 4.92864e-10 0.0165838 0.127756 0.0341623 0.000108121 1.76805e-05 0.0162971 
0.00238734 0.00826527 3.18945e-05 0.000311439 0.00115631 0.123911 0.0238693 0.053625 0.00539288 0.00335975 4.2331e-05 4.69728e-07 0.015772 3.63391e-05 1.50354e-09 0.72158 0.0344933 2.52698e-05 0.00486587 2.60765e-05 0.00084865 
0.0355535 0.0450073 0.000158293 0.000563932 0.00583811 0.118554 0.0496865 0.00210022 0.105179 0.056614 0.00790978 3.09709e-05 0.0319284 0.399445 2.14657e-06 0.00832076 0.11071 0.000107278 0.00108343 1.78931e-05 0.0211902 
0.00238734 0.00826527 3.18945e-05 0.000311439 0.00115631 0.123911 0.0238693 0.053625 0.00539288 0.00335975 4.2331e-05 4.69728e-07 0.015772 3.63391e-05 1.50354e-09 0.72158 0.0344933 2.52698e-05 0.00486587 2.60765e-05 0.00084865 
5.23372e-05 0.00025166 0.000180759 7.94503e-05 0.000295756 0.00193178 0.000508679 2.7278e-05 0.000295134 0.0079018 1.57626e-06 7.37596e-08 0.000701074 2.76163e-05 7.34154e-11 0.000145563 0.00160297 0.985784 1.73222e-05 3.62284e-07 0.000194395 
5.23372e-05 0.00025166 0.000180759 7.94503e-05 0.000295756 0.00193178 0.000508679 2.7278e-05 0.000295134 0.0079018 1.57626e-06 7.37596e-08 0.000701074 2.76163e-05 7.34154e-11 0.000145563 0.00160297 0.985784 1.73222e-05 3.62284e-07 0.000194395 
0.011151 0.021453 0.000108257 0.000326818 0.00363981 0.00591604 0.00303381 0.0242499 0.00774982 0.0297879 0.00212458 3.04131e-06 0.00227121 0.0537953 8.37382e-09 0.00295562 0.059085 0.000100017 0.757664 0.0042947 0.0102897 
1.61732e-05 6.29556e-05 8.68539e-07 8.57282e-07 0.00132137 1.93918e-05 0.895595 1.81142e-06 8.7742e-05 0.00165073 8.62468e-05 4.37265e-05 0.000256029 0.0794052 7.08579e-08 0.0161942 0.00524853 3.17407e-07 2.60374e-06 5.66908e-06 1.45262e-07 
0.0310589 0.0383802 4.32493e-06 0.00485141 7.75883e-05 0.0560587 0.0291013 0.00186996 0.0244307 0.198973 0.00259689 3.74911e-06 0.0222134 0.109856 9.77592e-10 0.00349311 0.00427182 0.385888 0.0137753 0.0680101 0.0050859 
0.00495034 0.00500322 4.19838e-05 0.000721121 0.0107112 0.0492678 0.0466528 9.94764e-05 0.0137782 0.323551 0.00362307 0.115368 0.0133381 0.172475 4.97252e-06 0.00878295 0.136333 0.0337608 0.0121775 0.00540344 0.043956 
0.000248433 0.0107572 0.000150157 0.000350077 4.91393e-09 0.905346 0.000428348 6.2269e-05 0.00145264 0.0568935 4.32448e-05 2.02159e-07 0.0132811 0.000279908 9.17821e-13 0.000935699 0.00134492 0.00236326 0.00562248 0.000362997 7.79622e-05 
0.0102874 0.0557251 0.000498266 0.00409343 0.0210425 0.152417 0.0348142 0.0351069 0.0535341 0.0485735 0.00050772 1.41496e-05 0.106572 0.010832 4.72225e-07 0.0267475 0.4106 0.00279664 0.00143324 0.00228993 0.0221145 
5.23372e-05 0.00025166 0.000180759 7.94503e-05 0.000295756 0.00193178 0.000508679 2.7278e-05 0.000295134 0.0079018 1.57626e-06 7.37596e-08 0.000701074 2.76163e-05 7.34154e-11 0.000145563 0.00160297 0.985784 1.73222e-05 3.62284e-07 0.000194395 
0.0027407 0.17773 0.00127084 4.1203e-05 0.025754 0.0986138 0.074473 0.000183695 0.393244 0.159603 5.11432e-05 1.54667e-08 0.0241944 0.0108 1.65765e-10 0.00176497 0.0260886 0.00202534 0.000714903 5.30077e-05 0.000652989 
5.23372e-05 0.00025166 0.000180759 7.94503e-05 0.000295756 0.00193178 0.000508679 2.7278e-05 0.000295134 0.0079018 1.57626e-06 7.37596e-08 0.000701074 2.76163e-05 7.34154e-11 0.000145563 0.00160297 0.985784 1.73222e-05 3.62284e-07 0.000194395 
0.0118044 0.0212266 0.00153248 0.000569366 0.0366767 0.210647 0.193522 0.00217693 0.0846347 0.0811568 0.00474725 8.95186e-05 0.056283 0.0178722 1.1725e-07 0.0106434 0.230202 0.0106756 0.00967485 0.0110008 0.00486407 
0.000202689 0.00309511 2.76836e-10 0.00152171 7.54639e-05 0.00123402 4.23822e-05 0.00196055 0.000912011 0.000253722 0.9819 0.000287944 0.000303184 0.00279025 7.35616e-13 2.89744e-05 0.00466433 0.000707573 8.40273e-06 6.725e-09 1.18905e-05 
7.72318e-05 6.62724e-07 6.0419e-05 0.00828552 0.000516465 0.00607771 0.00622649 2.95197e-07 0.000185033 0.669618 7.7391e-05 1.09724e-05 0.0197383 0.0173577 1.04141e-07 0.254629 1.03675e-06 0.0132438 1.44484e-07 3.33507e-06 0.00389063 
0.00273138 0.00639517 3.22472e-07 1.05075e-05 0.000267194 0.000155848 0.00100273 0.000120237 0.00447409 0.0504042 9.8849e-08 9.60799e-08 1.25504e-06 0.536076 4.7992e-10 0.000354711 0.380707 2.02238e-05 0.00117985 2.01606e-07 0.0160994 
0.103865 0.274689 0.00186233 0.00521709 0.00682122 0.0437751 0.0554461 0.158524 0.11136 0.0439908 0.00691731 2.46377e-05 0.0349875 0.0236938 2.51894e-06 0.0229393 0.0830107 0.00162831 0.00116472 0.00909396 0.0109867 
5.23372e-05 0.00025166 0.000180759 7.94503e-05 0.000295756 0.00193178 0.000508679 2.7278e-05 0.000295134 0.0079018 1.57626e-06 7.37596e-08 0.000701074 2.76163e-05 7.34154e-11 0.000145563 0.00160297 0.985784 1.73222e-05 3.62284e-07 0.000194395 
0.0288079 0.102011 0.00014193 0.00460451 0.00640402 0.00553169 0.00130661 0.00349713 0.0560539 0.171088 0.000254627 1.25579e-06 0.00365942 0.482725 1.1132e-07 0.0176164 0.0776586 0.000318502 0.000122676 4.45278e-05 0.0381521 
0.00638897 0.14251 0.000721455 0.000418004 0.000466858 0.29845 0.00981523 0.0357827 0.210982 0.012674 0.000174865 1.59304e-07 0.0243119 0.169042 5.51855e-09 0.00411614 0.0670383 0.000153359 0.0166141 1.57163e-06 0.000338165 
