0.00786725 0.0491184 0.000476494 0.00217883 0.0107581 0.213854 0.0448372 0.00677804 0.15463 0.0166225 0.00246674 1.70123e-07 0.157701 0.000153422 1.69977e-07 0.0239919 0.306284 1.70278e-07 0.000187348 1.70107e-07 0.00209438 
0.00407236 0.0216598 0.000134997 0.000256524 0.0033111 0.0272301 0.147429 0.0124516 0.00754694 0.324653 0.000679665 4.26036e-05 0.0189917 0.00810055 4.73109e-06 0.00834022 0.399016 0.0062514 0.000904922 8.94083e-05 0.00883341 
0.0174954 0.0395374 0.00213225 0.00169962 0.0248045 0.0772518 0.0389506 0.0130623 0.0599729 0.220417 0.00234203 0.000159964 0.147371 0.0119737 0.000192886 0.0852625 0.227497 0.00393631 0.00151005 0.001043 0.0233882 
0.00527072 0.0708334 2.16658e-06 0.00692814 1.28879e-08 0.0406605 0.0934674 0.151911 0.0437617 0.124829 0.000339452 7.75606e-06 0.0388477 0.116323 1.56399e-12 0.00165585 0.186083 0.111164 0.0038995 2.79776e-08 0.00401594 
0.0468583 0.0111076 5.72683e-08 1.66203e-05 0.000149989 1.95285e-06 0.000125911 0.00119025 0.0252606 0.0443579 6.267e-10 2.79942e-07 0.142694 0.000801828 9.89711e-10 0.00397365 0.68822 1.53731e-10 3.46273e-07 6.30033e-10 0.0352412 
0.00813345 0.0215681 3.15922e-05 0.00290372 0.000131946 0.0849965 0.000672781 7.15153e-08 0.0568045 0.00285453 1.81017e-10 3.00724e-09 0.0159857 0.00515877 2.83039e-12 0.000504067 0.799937 3.75978e-05 8.83713e-09 5.46661e-07 0.000279401 
5.74228e-06 6.80558e-06 1.02551e-10 5.91299e-06 1.75224e-06 1.25515e-05 8.07031e-07 2.61814e-06 0.13829 0.057736 1.0594e-10 1.08668e-07 0.0820872 0.113909 1.67304e-10 1.36918e-06 0.457502 0.000509323 0.00533822 0.144587 2.72022e-06 
0.0091314 0.033377 0.000199685 0.0328576 0.00741546 0.312674 0.0742418 0.062305 0.0569363 0.00591928 0.00783564 4.94516e-05 0.0232085 0.00294417 1.11027e-11 0.0512668 0.318084 5.80064e-05 4.84834e-05 3.48029e-05 0.00141203 
0.0178522 0.0159689 4.10652e-06 0.00159697 0.00711823 0.0273082 0.0217029 0.000740604 0.0763539 0.0466772 0.000473623 5.93614e-05 0.0235799 0.0369212 8.56004e-05 0.0165818 0.701595 1.37472e-05 0.00034949 0.00147353 0.0035441 
0.000766969 0.00373762 0.000216396 0.000942246 0.000955501 0.34623 0.00270648 0.000123886 0.00628429 0.00186403 4.02876e-09 4.2868e-07 0.0197006 0.00687326 5.89681e-12 0.000421781 0.578856 1.06218e-05 0.000731775 0.0292776 0.000300271 
0.00439632 0.00130415 1.36289e-09 8.27923e-05 9.97254e-05 0.112059 0.00611096 5.88274e-05 0.108512 0.0152647 1.40793e-09 5.19558e-05 0.0115919 0.317424 2.22346e-09 0.00148533 0.419299 3.97864e-05 0.000462251 1.41542e-09 0.00175665 
0.00650816 0.0502236 6.6573e-05 0.00585032 0.00126744 0.240758 0.136401 0.0175149 0.07557 0.0402655 0.000455788 6.60941e-06 0.077592 0.00502265 0.00335631 0.0140011 0.316926 0.00040571 0.00141359 0.00147 0.00492468 
0.0452279 0.0400741 2.06288e-05 0.00599773 0.00331271 0.0684924 0.0186044 0.00690925 0.0387882 0.0172461 0.000568944 0.000134976 0.0582786 0.0335566 1.4738e-05 0.00600074 0.650954 0.000402381 0.0005398 0.00101668 0.00385946 
0.051544 0.055074 1.38278e-06 0.00137634 0.000604355 3.11466e-07 0.0100249 0.00322663 0.0204645 0.27525 2.0127e-06 1.09689e-10 3.14943e-07 0.00337763 1.85933e-10 4.85683e-07 0.34564 2.05768e-05 0.00139042 2.21451e-08 0.232002 
0.000366504 0.0232448 7.11408e-06 0.000689709 0.000548144 0.0769487 0.00313505 0.00019545 0.21774 0.00921394 2.88399e-05 3.02453e-08 0.0916013 0.00490238 3.17916e-11 0.00190017 0.568912 2.47981e-05 8.55011e-09 2.0238e-11 0.000541429 
0.017423 0.0329282 6.7614e-08 0.00195426 0.000693941 0.164584 0.0225349 0.0356657 0.0547893 0.00963156 6.80501e-06 1.39304e-06 0.161447 0.00155591 1.6317e-06 0.030298 0.463402 2.46451e-05 1.19722e-05 8.11457e-06 0.00303698 
0.000699611 0.00313262 3.92074e-07 0.000783047 0.000943506 0.0780078 0.123227 0.00131874 0.014639 0.03436 1.58259e-05 9.6848e-06 0.00637076 0.0967643 0.00868713 0.000828306 0.539443 0.000440675 0.0236435 1.44393e-05 0.0666712 
0.0997675 0.209468 0.000479018 0.00651044 0.000890096 0.0453184 0.00206164 0.0177059 0.0291648 0.0247284 6.91024e-06 6.84242e-08 0.0471465 0.0130331 6.83655e-08 0.00582133 0.466977 0.000780816 6.84398e-08 0.020758 0.00938178 
0.000693783 0.00078022 0.000164505 0.000113356 0.00146147 0.00406131 0.0106534 0.00102772 0.0257963 0.297159 1.83577e-05 2.23804e-07 0.00987772 0.00290457 4.87421e-11 0.00146796 0.590879 3.80969e-05 0.000164492 0.000307743 0.0524306 
0.129853 0.0863129 0.00485784 0.00640283 0.14655 0.155741 0.00341252 0.00336174 0.110809 0.0198263 9.91932e-05 0.000273477 0.0381187 0.0472863 6.14454e-10 0.000446794 0.199286 1.2853e-05 0.00203898 0.0104405 0.0348705 
0.0108978 0.0387464 3.60826e-08 0.000101325 0.0133069 0.284122 0.000877727 0.0240472 0.049422 0.0039043 0.00798629 8.34914e-06 0.175046 0.00415731 3.66056e-11 0.00146161 0.379736 0.000133988 0.000648815 2.33025e-11 0.00539591 
0.00389631 0.0346293 0.000536686 0.000127664 0.00185492 0.0291832 0.00580631 0.000969293 0.0651121 0.0566192 0.0014057 5.07341e-05 0.090791 0.0113202 1.29014e-07 0.00257442 0.667485 0.00385165 0.000217978 0.00200819 0.0215603 
0.0133955 0.105147 2.8752e-06 0.00175555 0.00112427 0.0431613 0.000981671 0.0590489 0.0379086 0.00465905 0.0327827 2.30241e-05 0.0173954 0.0141046 6.95374e-13 0.00068358 0.664709 7.14825e-05 1.47051e-05 3.10511e-08 0.00303062 
0.0133423 0.0256342 1.47284e-07 1.55021e-12 0.0010395 0.035482 0.00494578 0.000700913 0.0380617 0.00202623 2.76633e-12 2.57728e-12 0.314504 6.64148e-13 4.36871e-12 0.00441274 0.553996 6.78588e-13 2.93953e-09 2.78105e-12 0.00585445 
0.00360275 0.0319963 0.00665993 0.0033477 0.000611903 0.0557187 0.210844 0.0144098 0.0395161 0.140662 3.27549e-05 7.41754e-06 0.0299232 0.0892688 0.0103241 0.0429397 0.308505 0.00465082 0.00206949 0.000473219 0.00443569 
0.0148 0.0461141 0.000116988 0.000200782 0.00718458 0.245291 0.0290435 0.0998286 0.0569226 0.0168884 0.00021227 1.27948e-07 0.0598377 0.000389179 1.82111e-12 0.00611705 0.412 0.000121189 0.000290272 1.2026e-08 0.00464153 
0.00287253 0.0244914 5.27019e-13 0.000992872 2.45805e-08 0.219683 0.00581873 0.0253706 0.0401727 4.80557e-06 5.44435e-13 2.03399e-10 0.0147621 0.0018558 8.59794e-13 6.58603e-09 0.663311 8.08463e-06 7.72229e-09 5.4733e-13 0.000655885 
0.0699411 0.0273727 3.90514e-07 0.00092199 0.000833626 0.232451 0.000107742 0.0362667 0.0334631 0.000978339 0.000198471 1.50708e-06 0.0551718 0.00384983 1.29512e-07 0.000343973 0.536601 5.34747e-06 2.97816e-05 1.38929e-09 0.00146151 
0.061306 0.0425819 0.000222349 0.00317415 0.0722569 0.0490443 0.0786338 0.00668827 0.0700049 0.0148401 0.000160138 0.000141925 0.0758798 0.0329219 1.27321e-05 0.0313821 0.450246 4.19206e-05 3.80471e-05 4.85198e-05 0.0103741 
0.00886606 0.0185525 0.000312936 0.00109486 0.00460893 0.0514273 0.0772883 0.0131911 0.0366604 0.215796 0.00596782 3.59304e-05 0.103926 0.0263571 2.18679e-05 0.066043 0.352367 0.000431482 0.00129861 0.00112238 0.0146299 
0.0062238 0.0111703 1.05267e-05 0.00280405 0.00962013 0.18981 0.0243268 0.000492545 0.107459 0.00763828 0.000255526 0.000156777 0.0109679 0.0225494 2.48166e-10 0.00629221 0.599856 4.87287e-05 6.60819e-08 5.91285e-07 0.000317794 
0.0528156 0.0314619 2.31716e-06 0.00178 0.000984106 0.0574084 0.00695068 0.00398677 0.0129624 0.0651808 5.73029e-06 3.93922e-06 0.0375338 0.00207786 2.25595e-07 0.00442726 0.711116 6.07859e-06 8.34289e-05 0.00029182 0.0109212 
0.0256522 0.0156026 8.53776e-06 0.000302934 0.0705708 0.0869311 0.0229111 0.000365886 0.0299025 0.0249765 8.18545e-05 2.87154e-05 0.105195 0.00753564 7.99217e-08 0.00726918 0.586625 1.67664e-05 0.00218903 0.00100185 0.0128322 
3.10102e-06 3.47454e-06 1.42502e-07 6.65068e-07 0.00275695 2.0603e-06 0.32715 0.00142618 0.189467 0.0257752 9.80754e-11 9.13728e-11 1.47199e-06 2.6631e-06 1.54885e-10 5.95756e-07 0.453245 0.000158259 2.23904e-08 4.93082e-07 6.6718e-06 
0.000302644 0.00301823 1.63142e-05 0.00694756 0.000228543 0.171493 0.122817 0.000104589 0.125759 0.0256138 0.000489753 0.00212699 0.0310328 0.0805228 7.27665e-07 0.000684105 0.226968 0.200841 0.000940288 2.687e-05 6.48129e-05 
0.0246275 0.0864393 0.000132086 0.00390202 0.0005777 0.0473823 0.0221552 0.0434397 0.158816 0.0654731 9.75654e-08 1.47357e-06 0.0627945 0.0297296 2.55631e-11 0.00330598 0.450429 2.83023e-05 3.43779e-08 1.62731e-11 0.00076629 
0.00488151 0.0728144 2.04781e-05 0.00756139 0.0178572 0.207808 0.0760298 0.0392707 0.0765967 0.0197665 0.0118543 0.000113501 0.0577217 0.00837755 9.58321e-06 0.124617 0.265045 0.000260277 0.00167026 0.00529756 0.00242596 
0.00521494 0.0520956 0.000475279 0.000447021 0.00366825 0.0222186 0.00619941 0.00335434 0.0363825 0.0294988 1.54731e-11 0.0192757 0.185797 0.00723921 2.44357e-11 0.00102695 0.577422 0.000305093 0.0001269 1.55554e-11 0.0492533 
0.0108392 0.0738906 7.5726e-07 0.00473386 0.000566805 0.093758 0.00462166 0.17326 0.0224681 0.000661612 5.7299e-09 8.93764e-08 0.00830839 0.00210144 3.17768e-13 0.000290969 0.603798 6.88825e-06 1.14907e-05 2.02286e-13 0.0006819 
0.00479386 0.0151693 0.000437293 0.000235433 0.0019111 0.1479 0.237121 0.0125485 0.0365882 0.153366 0.000576431 0.000131296 0.0290268 0.0281807 2.77203e-06 0.0228697 0.288139 0.00603424 0.000737026 0.00544181 0.00878968 
0.0223864 0.0723612 0.00288083 0.006853 0.00247033 0.237381 0.065279 0.00341169 0.127199 0.00361778 3.62467e-05 1.44049e-06 0.0197056 0.11775 2.87821e-09 0.000313502 0.26856 5.4531e-05 0.00127156 0.0469436 0.00152375 
0.00562996 0.0261195 6.89882e-06 0.00142866 0.14815 0.141824 0.019074 0.0025681 0.048525 0.00780118 5.75709e-05 6.27477e-05 0.0347428 0.00693849 5.24996e-08 0.00173178 0.555125 3.64521e-06 6.02333e-08 4.24095e-07 0.000210496 
0.00168115 0.0129077 7.07134e-05 0.000112286 0.00368322 0.154911 0.043904 0.0136583 0.139148 0.0277831 0.00771043 5.67162e-08 0.164449 0.00947345 1.12134e-10 0.0883953 0.322083 5.02173e-06 2.07278e-08 2.917e-07 0.0100234 
0.00903066 0.0141593 0.000556644 0.0016577 0.00209353 0.0804293 0.256597 0.0071816 0.0157701 0.105891 1.53217e-05 6.68832e-06 0.0247758 0.00260299 1.04375e-07 0.0411028 0.416084 1.92964e-05 0.00162659 0.000447319 0.0199523 
0.0036114 0.00982165 0.000145387 6.57028e-05 0.00225885 0.00957322 0.0300104 0.00408214 0.00576001 0.415145 0.0064387 0.000123536 0.0123745 0.00247725 1.61863e-10 0.00454572 0.487422 0.000394294 0.00117514 8.20103e-06 0.00456689 
0.00415833 0.0123 0.00132286 0.00105108 0.00264401 0.0271983 0.0197536 0.0134571 0.00823966 0.0252026 0.000444062 5.60967e-07 0.0423549 0.0048524 2.34351e-07 0.00800084 0.805659 0.000915386 0.000222916 0.00665244 0.0155692 
0.0297351 0.0246933 0.000382129 0.00017425 0.0150221 0.0556033 0.0525883 0.0103038 0.0214072 0.120974 1.16837e-06 5.95636e-06 0.0504517 0.00227034 4.26581e-10 0.000934933 0.588049 0.00406081 0.000381924 3.35461e-05 0.0229272 
0.00328141 0.0159355 0.00390623 0.000306272 0.000740412 0.0771568 0.00311666 0.000344953 0.0123198 0.00398103 2.63113e-05 2.841e-07 0.0204459 0.000361113 1.19409e-11 7.23496e-05 0.857501 5.02577e-06 5.62061e-05 7.60138e-12 0.000442718 
0.00300664 0.00436175 0.00011169 0.000218537 0.00114866 0.00649781 0.00656934 0.000526322 0.00674958 0.248235 0.00138601 1.33756e-11 0.00555539 0.00381564 2.26728e-11 0.00166512 0.37501 6.45628e-05 0.000459881 1.68931e-05 0.334601 
0.00576819 0.0482992 5.00843e-08 0.0126317 0.00394339 0.10423 0.0160549 0.0163325 0.0242948 0.0133977 7.07263e-05 0.000197127 0.0533048 0.0442817 4.09004e-05 0.0032712 0.643575 0.000184654 0.000530925 9.79878e-05 0.00949314 
0.0057289 0.0189997 0.00174303 0.00253283 0.00389628 0.0798572 0.0602026 0.0209873 0.0486591 0.205086 0.00160407 0.000126882 0.0467553 0.0106661 5.67868e-07 0.0176214 0.453725 0.000762042 0.000546773 1.0816e-05 0.0204878 
0.0193836 0.049099 6.35771e-05 0.000848384 0.1109 0.12155 0.0232946 0.00118076 0.128719 0.0139197 0.000434312 7.36524e-05 0.164388 0.0594786 3.45976e-10 0.00146051 0.294145 5.88721e-05 0.000616734 2.20242e-10 0.0103856 
0.00910404 0.0286396 1.38698e-11 3.73368e-07 0.0069122 0.0446086 1.37363e-07 1.56813e-07 0.026602 0.00905144 1.43282e-11 5.47439e-08 0.328876 8.24216e-07 2.26276e-11 2.711e-07 0.541862 4.85069e-08 0.00145599 1.44044e-11 0.00288607 
0.0041565 0.00995259 0.00124809 0.0181402 0.000499107 0.176457 0.0487298 0.0779387 0.0425889 0.0602582 3.25868e-05 3.23467e-05 0.173111 0.0125352 1.14575e-08 0.00103583 0.345106 0.00705259 0.000519968 1.6503e-08 0.0206055 
0.00321698 0.0286278 0.000111646 0.00123129 0.00580189 0.0161948 0.0271815 0.00765741 0.0270524 0.0312149 0.00602923 0.000103606 0.0276955 0.0183525 2.52844e-06 0.0111499 0.755446 9.45214e-05 0.000363087 0.00397966 0.0284925 
0.00240563 0.0115366 3.96841e-05 9.93424e-05 0.00928135 0.0593657 0.00156656 0.00151996 0.00625173 0.001866 8.99477e-07 7.11243e-07 0.16443 0.000224389 2.5123e-09 0.000793801 0.723838 3.42529e-06 0.000555927 1.83793e-05 0.0162013 
0.0063815 0.0434261 8.6007e-06 0.00384583 0.0989678 0.167625 0.018767 0.00775606 0.0634729 0.00742979 0.000217224 4.54215e-05 0.0325951 0.00820034 3.07578e-08 0.00290153 0.537869 1.95448e-05 5.83725e-07 2.47906e-07 0.000470177 
0.00346689 0.0247051 3.7705e-05 0.000436967 0.000398405 0.0353907 0.00798137 0.0156711 0.00705365 0.00211416 1.08126e-06 2.94263e-06 0.0114772 0.00049205 2.79584e-11 0.00411913 0.882583 1.09279e-05 7.31585e-05 5.28556e-07 0.00398353 
0.0014082 0.00457849 3.76152e-07 0.000360623 0.000151838 0.0132765 0.157807 0.000105375 0.0339583 0.059782 9.40802e-10 0.00158025 0.00644347 0.247843 2.62456e-07 0.0019966 0.465403 0.000120453 9.23167e-05 5.1616e-05 0.00504062 
0.0300988 0.100039 5.74138e-06 0.00200615 0.00947541 0.0676549 0.0681795 0.0918843 0.0435356 0.0472163 0.000150218 0.00094185 0.0295561 0.170723 2.24746e-07 0.025744 0.284627 0.00018418 0.000483971 0.000261497 0.0272323 
0.00226056 0.0121807 9.47328e-05 0.0102369 0.000519815 0.12231 0.0955408 0.025493 0.192903 0.102679 7.03033e-05 1.07234e-06 0.029021 0.0278001 2.27073e-09 0.00905794 0.34545 0.000140856 9.75461e-05 4.13715e-05 0.0241014 
0.00419836 0.00361066 0.000277154 0.000220336 0.0690103 0.0660116 0.0767526 0.0100938 0.0437384 0.19761 0.000118296 1.90856e-06 0.0571854 0.00119401 2.73514e-10 0.00275563 0.453654 0.00134674 0.000113882 7.41167e-05 0.0120332 
0.00643513 0.0386475 0.00550252 0.000438132 0.00817564 0.305321 0.0282832 0.0357902 0.0790982 0.0123371 0.000645512 1.30205e-06 0.0621363 0.00102146 7.46558e-07 0.0205378 0.370472 5.61206e-05 0.00447284 0.000594454 0.0200334 
0.00119689 0.00871324 3.27679e-06 0.000111616 0.0141739 0.283366 0.155378 0.0119418 0.073573 0.0118369 0.000191458 5.0403e-06 0.0605397 0.00340695 3.1475e-07 0.0331423 0.338027 0.000121777 0.000611382 3.05183e-06 0.00365679 
0.100406 0.0447888 0.000921899 0.00246043 0.00512079 0.0519356 0.0325425 0.0106483 0.0537591 0.168176 0.000612108 2.01763e-05 0.0711833 0.027953 0.000103622 0.0142777 0.359079 0.00264188 0.00124469 0.000878468 0.0512464 
0.00831078 0.0208569 0.000577402 0.000663168 0.00694244 0.0347324 0.0120671 0.00584123 0.0279304 0.162251 0.000550526 0.000228599 0.130915 0.0158448 3.74306e-07 0.00686251 0.532181 5.22635e-05 0.000554825 0.000152792 0.0324846 
0.00362626 0.0238072 0.00215752 0.000381281 0.000471187 0.00606695 0.00918478 0.0646219 0.0061903 0.152745 3.63062e-05 5.11635e-07 0.157195 0.00212701 1.18412e-07 0.0195802 0.256646 0.216425 0.000218798 0.000380587 0.0781378 
0.0063677 0.017086 0.0024212 0.000193459 0.00560851 0.0463603 0.0242784 0.0110833 0.0261782 0.107731 0.000223085 9.08191e-06 0.292355 0.00398184 0.00274664 0.0497982 0.374648 0.0014565 0.00105706 0.000347305 0.0260697 
0.0321763 0.112666 6.99876e-06 0.000951731 0.00104332 0.0512397 0.0121421 0.00378078 0.276577 0.0197858 0.000481407 6.59019e-05 0.0468735 0.117322 0.00375757 0.000944862 0.3142 7.02801e-05 0.000159898 2.03162e-05 0.0057338 
0.0372004 0.0864718 0.000134513 0.000349814 0.0358681 0.0491038 0.072522 0.00260096 0.115171 0.025368 8.2479e-05 3.21388e-07 0.156804 0.111907 2.65759e-05 0.0090697 0.241276 0.0111878 0.00289272 0.00992598 0.0320372 
0.109553 0.0883252 0.000122818 0.0103354 0.00738176 0.0703715 0.0722144 8.79215e-05 0.117365 0.12323 8.74526e-06 0.000134189 0.0328731 0.16297 7.11557e-09 0.0112355 0.191437 0.000148269 7.11524e-05 1.24393e-05 0.00212237 
0.00212031 0.00898789 0.000221857 0.00025227 0.00346266 0.0528488 0.216872 0.00606307 0.0667447 0.143537 0.0222316 7.24816e-06 0.106166 0.0124806 1.64479e-09 0.0368169 0.293972 0.00916737 0.00267013 0.00901055 0.0063668 
0.0699411 0.0273727 3.90514e-07 0.00092199 0.000833626 0.232451 0.000107742 0.0362667 0.0334631 0.000978339 0.000198471 1.50708e-06 0.0551718 0.00384983 1.29512e-07 0.000343973 0.536601 5.34747e-06 2.97816e-05 1.38929e-09 0.00146151 
0.0271173 0.0723557 5.60869e-06 8.52204e-05 0.00384611 0.0529849 0.00803328 0.000478792 0.203956 0.0364341 9.42455e-05 7.80185e-06 0.116087 0.0230852 8.69487e-12 0.0139386 0.438243 3.35083e-05 0.000210192 5.535e-12 0.00300409 
0.00740388 0.06404 0.000950476 0.00287516 0.00165005 0.0921475 0.0905475 0.0461716 0.0243766 0.0725774 0.00556832 4.44088e-05 0.0192575 0.0190539 3.63411e-05 0.00876939 0.495964 0.0309263 0.00167888 0.00279052 0.01317 
0.00942687 0.165067 4.0858e-05 0.000131068 0.0253477 0.0348571 0.0236647 0.00718501 0.101012 0.0663447 1.60193e-11 4.98062e-05 0.0335338 0.154781 2.52984e-11 0.000816437 0.363974 7.50298e-05 0.00285396 0.000321961 0.0105178 
0.0106082 0.0199049 0.000843267 0.000953592 0.0140742 0.0400881 0.0130715 0.0191182 0.0426238 0.255686 8.29183e-05 1.19962e-05 0.0639406 0.0285253 2.22847e-05 0.0309299 0.354066 0.00405382 0.00334728 0.000271238 0.0977772 
0.114743 0.0495397 0.000243664 0.0170922 0.00727632 0.0371174 0.00994553 0.0130979 0.0491214 0.0654325 0.0530577 3.84281e-09 0.167451 0.0683234 4.80388e-07 0.00735959 0.266778 0.00162255 0.0544062 0.00399792 0.0133924 
0.00738626 0.0131328 8.67784e-05 0.000444511 0.0226385 0.0217338 0.335703 0.0165176 0.0251413 0.0156691 0.00036756 0.000275021 0.015581 0.0930856 5.21693e-07 0.00176405 0.371164 0.0547935 0.00298743 1.86644e-06 0.00152494 
0.000140903 0.00300437 5.73271e-05 6.19009e-07 2.1568e-06 0.046526 0.0685382 1.44633e-05 0.0264645 0.0407067 0.000134296 7.71732e-06 0.013919 0.00391408 2.25054e-10 0.000954507 0.672111 9.49797e-05 0.00107991 0.121055 0.00127458 
0.160911 0.0422171 3.02825e-07 0.00285476 0.0015732 0.150591 0.00214695 0.000229544 0.0880406 0.00109457 1.3115e-05 2.13717e-05 0.00922581 0.00717626 4.94038e-07 0.00063376 0.532699 0.000165842 0.000235549 3.14496e-07 0.000170448 
0.0383788 0.153113 2.61154e-05 0.000493488 0.00114431 0.00545905 0.00124124 0.0309587 0.0337022 0.0218619 0.000474987 4.60087e-09 0.00503862 0.0202618 3.25713e-12 0.000738296 0.672132 0.000305724 1.21511e-05 0.0142026 0.00045491 
0.024584 0.0343779 0.000280822 0.00401081 0.0263033 0.0237346 0.00930415 0.0095857 0.0325496 0.0494353 4.5291e-06 8.75933e-05 0.128389 0.010581 1.10599e-06 0.006028 0.374066 0.0196436 0.00243317 0.00482253 0.239777 
0.00474903 0.0338147 1.41143e-06 0.000609346 0.000449787 0.0334639 0.027106 0.0251859 0.0132838 0.0650752 1.64215e-05 5.73292e-06 0.027024 0.00242832 4.77991e-12 0.00119304 0.763373 5.00599e-05 4.68237e-05 2.30341e-05 0.00210028 
0.0023608 0.00284021 4.09118e-05 0.000311572 0.00671203 0.0210645 0.00609836 0.00326096 0.023332 0.064404 0.000387161 7.16774e-07 0.0616548 0.0097001 3.65392e-09 0.00161898 0.753915 7.43923e-05 3.1883e-05 0.00597188 0.0362196 
0.011596 0.0219812 2.79791e-05 0.00180477 0.0143267 0.231431 0.0861667 0.00898194 0.0890357 0.118651 0.00462463 8.65617e-05 0.0528689 0.0273448 7.66901e-08 0.0126185 0.306369 0.000128431 0.000445102 0.00328484 0.00822586 
0.00625142 0.0314674 0.000101422 0.000789936 0.0196921 0.105436 0.0275447 0.0115085 0.0459964 0.0862436 0.00490697 4.53069e-05 0.125243 0.0127515 1.58842e-06 0.0579732 0.423833 0.00926588 0.0118374 0.00113184 0.0179785 
0.00436286 0.0314862 6.88762e-06 0.00527159 0.0042081 0.119917 0.0498719 0.0146039 0.0244439 0.014725 4.88671e-05 8.51793e-07 0.0129878 0.00618121 2.26869e-12 0.0017098 0.708147 0.000465236 9.74272e-05 0.0011098 0.000354424 
0.00246715 0.0125212 7.84129e-09 6.19477e-05 0.000792015 0.0174816 0.0556703 0.00014685 0.0328351 0.0285019 8.94052e-06 4.8314e-12 0.033325 0.00361801 8.18964e-12 0.0145686 0.784186 6.9595e-05 6.35633e-10 0.000198614 0.0135466 
0.0518226 0.0716602 0.000262754 0.00159477 0.00243638 0.169296 0.0104271 0.0010551 0.0422353 0.113142 0.000255104 1.12679e-05 0.00427121 0.124323 7.89536e-12 0.00307111 0.319974 0.00111737 0.0752273 0.00548151 0.00233559 
0.0149416 0.0801125 3.71315e-05 0.00790808 0.000583982 0.0835632 0.0497981 0.00358792 0.115694 0.0178308 7.81189e-09 2.81126e-05 0.0860325 0.00810955 9.5765e-12 0.00353042 0.523832 4.02619e-05 0.000377727 0.000270102 0.00372184 
0.211384 0.104898 1.38659e-06 0.00677361 0.0510865 0.20046 0.00890785 0.0468322 0.0266898 0.0102152 0.0173066 6.53095e-06 0.0692885 0.00945453 0.000218124 0.00468459 0.227615 0.000114921 0.00081438 0.00222067 0.00102734 
0.00979023 0.114775 1.47686e-08 1.60998e-06 0.000185765 0.171457 0.00574527 1.66373e-06 0.183676 0.00199343 9.03479e-08 4.69292e-09 0.0172259 0.0368152 2.33899e-12 0.000721105 0.457441 2.77163e-05 0.000143724 1.50385e-10 1.95447e-08 
0.0044139 0.00173373 0.0653741 8.54217e-05 0.0587797 0.0483427 0.00564409 6.33479e-05 0.144634 0.187246 6.26016e-08 1.99428e-09 0.13792 0.00770708 9.13678e-07 0.00199125 0.225345 7.88587e-06 0.00177316 6.23036e-08 0.108938 
0.00178545 0.00468772 0.0121667 4.99066e-08 0.0147645 0.232047 0.187546 0.00114873 0.0155594 0.0365574 8.22479e-06 6.02652e-09 0.0259677 0.0634267 2.91787e-12 0.0122899 0.369895 0.00016078 0.00285539 0.000911377 0.0182226 
0.000441726 0.00206728 0.00107214 0.000246989 0.00180627 0.033313 0.0476775 0.000919065 0.0233452 0.199577 0.00728038 5.4252e-05 0.0194154 0.061929 1.0704e-06 0.00226038 0.571665 0.00884552 0.00559729 5.33773e-07 0.0124847 
0.0119555 0.0349138 0.000848631 0.00389981 0.00313562 0.153435 0.0256275 0.0345432 0.0427009 0.154331 0.0036654 6.58679e-05 0.133199 0.00891988 1.49204e-06 0.0518089 0.327634 0.0029291 0.00082842 0.000154591 0.00540306 
0.00467633 0.104708 9.79523e-05 0.000400424 0.000488805 0.0243118 0.0531393 0.00479515 0.0880719 0.155705 5.94889e-10 1.45665e-06 0.034443 0.0333271 3.9366e-10 0.00433432 0.490232 7.32775e-06 4.35202e-06 0.000572065 0.000683698 
0.00683595 0.0373082 0.00310554 0.00355711 0.00206701 0.000647239 0.0574171 0.238642 0.069531 0.172104 1.40509e-07 0.000210924 0.0108741 0.0103661 1.40401e-07 0.00393829 0.358026 0.00203956 0.00359833 1.40509e-07 0.0197312 
0.000226757 0.000354962 1.27108e-12 1.62254e-05 4.10943e-09 0.00670179 0.0141879 7.09436e-09 0.0128854 0.0464855 5.38499e-09 1.22335e-12 0.0157078 6.24227e-09 2.07368e-12 0.00172086 0.891298 1.64305e-09 9.06397e-09 1.32007e-12 0.0104149 
0.000419913 0.00549224 0.0109425 0.00327586 0.00136351 0.0896126 0.0364226 0.00194567 0.0651501 0.260973 1.19507e-08 9.75272e-06 0.02462 0.0238422 1.56658e-11 0.00144559 0.464535 0.00715636 0.000683017 1.49752e-05 0.00209481 
0.0115798 0.0218637 3.81499e-05 0.00298111 0.0332981 0.0616455 0.00283517 0.0127456 0.0301209 0.0262903 0.03273 0.000140559 0.0888299 0.0181367 3.87616e-07 0.00410991 0.605678 0.0202933 0.000315958 6.6825e-05 0.0263005 
0.0225854 0.0215297 0.000797845 0.000337869 0.0235641 0.160179 0.165519 0.0159551 0.0132931 0.188421 0.00429903 5.68226e-06 0.088546 0.00764894 9.40649e-05 0.0329052 0.224798 9.93184e-05 0.00166548 0.000154229 0.0276024 
0.0804233 0.0992602 0.00444446 0.0231017 0.0210149 0.0372684 0.0163805 0.0341796 0.0363637 0.00939131 4.66069e-05 0.00132036 0.106752 0.158504 6.11418e-06 1.45109e-05 0.342384 5.39773e-07 8.08434e-05 0.00037379 0.0286891 
0.000251231 0.00237065 0.00972677 0.00203938 0.000140988 0.054365 0.196203 0.0100954 0.0745672 0.19779 2.40343e-05 7.42593e-06 0.0224705 0.00231759 3.3767e-12 0.00952416 0.381039 0.0345783 0.000708294 2.41856e-05 0.00175742 
0.0451227 0.0119879 0.00227192 0.00140687 4.51029e-05 0.0453432 0.0373457 0.00569577 0.041351 0.134541 3.89058e-05 6.94138e-06 0.014997 0.00742821 1.90439e-10 0.00784947 0.618481 0.0164295 0.000787496 0.00471276 0.00415782 
0.0100786 0.0186843 3.05293e-07 0.00101716 0.00260498 0.0549082 0.0105288 0.0421242 0.00699158 0.00656748 2.29637e-06 8.72185e-08 0.16924 0.0160108 3.54836e-08 0.000644328 0.64364 1.28396e-05 0.0010273 0.00170421 0.0142132 
0.000488067 0.0114578 0.00387046 0.00234822 0.076415 0.0649067 0.0879942 0.000553935 0.103718 0.0320764 0.000101389 2.42133e-06 0.0682208 0.00328075 2.40027e-07 0.00785131 0.532611 1.0018e-06 0.000128975 0.000709603 0.003264 
0.00159304 0.02075 0.00727692 0.00100266 0.00133054 0.133806 0.0655618 0.00336044 0.133087 0.103728 9.23807e-05 4.57981e-07 0.0584586 0.00329027 5.72138e-05 0.00829699 0.44469 0.00450928 0.000557771 0.00286184 0.00568834 
0.0220494 0.0581099 0.000715418 0.00248712 0.00864564 0.0337226 0.0199719 0.0214597 0.0993454 0.140188 5.60146e-05 0.000115601 0.15915 0.0264302 1.26249e-07 0.00699312 0.277515 1.60505e-05 0.000989582 0.00479133 0.117248 
0.00603266 0.0151576 0.000353179 9.66811e-05 0.00135624 0.178961 0.0146663 0.00162056 0.0732419 0.0510419 5.51505e-05 5.21229e-05 0.0834176 0.0253258 1.15001e-05 0.0021359 0.539412 3.62386e-06 0.000503173 5.21031e-06 0.00655018 
0.0347574 0.0393968 0.0057951 0.000506932 0.0148002 0.0447102 0.0224481 0.0015858 0.00757628 0.0687729 1.32227e-05 2.41431e-06 0.130998 0.000501063 1.55559e-07 0.00819782 0.601862 5.29821e-06 0.000609462 0.000630334 0.01683 
0.0430817 0.117108 3.02879e-07 0.00366712 0.00372802 0.0535487 0.082012 0.0129774 0.110335 0.0557331 3.02864e-07 3.02892e-07 0.0346273 0.0342888 3.02632e-07 0.00712461 0.374501 0.00221343 9.11912e-05 0.00151461 0.0634467 
0.0699867 0.0549932 9.51523e-06 5.66177e-05 0.0355244 0.137974 0.0161727 0.0343869 0.0716707 0.0100315 9.45515e-05 1.39051e-05 0.221194 0.0010557 2.29566e-06 0.0674558 0.278402 1.60107e-05 1.62357e-06 4.48979e-05 0.000912147 
0.0028554 0.0108304 0.000122235 2.43503e-08 0.00270263 0.00949772 0.0060167 9.94822e-05 0.0268704 0.0451364 1.04453e-07 1.66501e-11 0.337586 0.00304431 2.82234e-11 0.0620517 0.472262 4.38393e-12 7.49992e-08 1.79666e-11 0.0209237 
0.0246275 0.0864393 0.000132086 0.00390202 0.0005777 0.0473823 0.0221552 0.0434397 0.158816 0.0654731 9.75654e-08 1.47357e-06 0.0627945 0.0297296 2.55631e-11 0.00330598 0.450429 2.83023e-05 3.43779e-08 1.62731e-11 0.00076629 
0.000238521 0.000863565 8.21609e-08 5.08885e-09 0.114813 0.00659947 0.0653049 3.32684e-05 0.0156538 0.00314303 7.47026e-08 2.3276e-09 0.174295 1.59219e-05 4.70957e-11 0.0580553 0.557433 8.15225e-07 1.72406e-07 1.70711e-07 0.00354959 
0.0161368 0.0521035 3.46929e-05 0.0020672 0.000888636 0.250296 0.0192368 0.0249969 0.0779644 0.0259089 0.0500441 0.000277563 0.0255728 0.0104397 2.71562e-06 0.00411141 0.257786 0.00234265 0.174027 0.000557386 0.0052045 
0.00336778 0.00225388 1.4292e-05 2.68435e-05 0.00645074 0.130039 0.0245004 5.97754e-05 0.172393 0.0149127 3.8777e-05 1.30423e-05 0.266544 0.0692869 2.912e-07 0.0210729 0.288505 0.000129766 5.1927e-08 2.73766e-11 0.000391471 
0.0239327 0.056788 0.000147447 0.000326289 0.0384744 0.145943 0.0736484 0.00661287 0.160015 0.0395106 0.000120592 0.000258087 0.187501 0.0104976 0.00290814 0.037533 0.189624 0.00136712 0.00214836 5.57764e-05 0.0225883 
0.00566179 0.0235531 4.63454e-05 0.00032271 0.0085295 0.419994 0.0144714 0.000484268 0.0284618 0.0149627 0.000806967 1.09135e-06 0.0283896 0.0017957 1.12354e-11 0.00187438 0.444622 6.2617e-05 0.000493636 0.00400384 0.00146339 
0.00406165 0.0439466 1.41073e-08 0.00295151 0.0149511 0.0517239 0.0349175 0.00326155 0.0173575 0.0271436 2.8888e-06 1.70881e-09 0.0520179 0.00121702 2.25195e-11 0.00213701 0.702327 4.06216e-06 0.000117523 0.000254565 0.0416071 
0.0387115 0.215176 0.00025212 0.0475027 0.00309071 0.173802 0.00449089 0.178303 0.0450481 0.00560638 0.00149295 8.32439e-05 0.023907 0.017208 2.44553e-08 0.00211667 0.24131 0.00060269 0.000301152 2.4474e-08 0.000994564 
0.018426 0.0186827 4.68451e-06 0.0063969 0.00193384 0.0582857 0.0258838 0.00822803 0.0165197 0.0111998 3.06753e-05 1.53299e-06 0.0117277 0.00532118 4.33869e-09 0.00183123 0.813412 4.47454e-05 0.000680249 0.000158136 0.0012311 
0.0119764 0.100682 1.48145e-11 0.000405263 9.82638e-05 0.0887518 0.00361654 0.000278837 0.108166 0.0943496 2.91041e-09 3.74219e-06 0.0171185 0.0244229 2.41688e-11 0.00832108 0.540064 0.000559883 0.000736953 2.7177e-06 0.000445713 
0.0997221 0.0380874 0.0356758 0.00584503 0.017506 0.0865503 0.00311014 0.00689173 0.0471746 0.0288624 8.27568e-07 0.000152517 0.0785852 0.159788 2.49207e-05 0.00312079 0.369157 7.69242e-06 0.000128598 0.00247717 0.017132 
0.240364 0.0565645 4.56364e-06 0.001053 0.0214084 0.050766 0.000715594 1.56263e-06 0.0261442 0.00962837 2.52305e-06 4.48693e-05 0.0431608 0.00580137 8.01545e-09 0.00405899 0.333753 2.3793e-05 0.00760481 8.62856e-05 0.198813 
0.0673064 0.107316 5.50385e-05 0.0186518 0.033178 1.13544e-07 2.00178e-08 0.00579355 0.134119 9.35784e-08 1.43927e-08 9.9746e-10 0.112936 0.00821161 1.99791e-09 0.000160068 0.509281 2.38535e-13 2.11681e-08 2.54182e-08 0.00299153 
0.0302376 0.06488 0.000620051 0.00476097 0.0727307 0.199647 0.0700512 0.0372507 0.0489067 0.0425189 0.00665139 1.63046e-05 0.108339 0.00650386 1.54368e-06 0.0384005 0.211859 0.00561241 0.00093097 0.0334838 0.0165974 
0.00391697 0.0194473 0.00118529 1.51263e-05 0.196087 0.0261188 0.099624 0.00396239 0.0335653 0.0275972 3.49564e-11 9.86594e-09 0.0498901 0.000130817 1.70097e-08 0.00358783 0.532658 2.2737e-06 3.45768e-06 0.00107213 0.00113572 
0.00428307 0.128732 6.23658e-08 0.000198117 0.00604608 0.028121 6.31204e-13 0.0224453 0.0456805 6.57732e-05 0.0920634 0.000575787 0.0245886 0.13459 5.01183e-12 2.77269e-08 0.512315 8.53228e-08 0.000293966 6.16078e-07 8.74705e-08 
0.0393828 0.00361322 0.0120052 3.83433e-07 0.0361608 0.205482 0.047774 0.000168511 0.0582468 0.00624345 0.014731 0.000398195 0.00356449 0.160902 4.2029e-07 0.00848772 0.400678 4.0775e-05 0.00125503 0.000270408 0.000595545 
0.0113363 0.0212587 8.28559e-07 0.0180397 1.3092e-05 2.26072e-05 0.0610436 0.00356287 0.201231 1.62304e-07 4.07396e-10 3.79554e-10 0.252675 4.35258e-06 6.43377e-10 0.000326101 0.430435 9.99353e-11 3.33746e-06 4.0711e-05 6.63401e-06 
0.00803626 1.87963e-08 1.38183e-05 4.32303e-05 0.00675748 0.0301869 0.390051 9.82151e-05 0.0199538 0.0771202 4.0804e-11 1.48979e-05 4.03874e-06 0.00119837 6.88231e-08 1.73934e-07 0.463636 2.97218e-08 1.85034e-05 4.1021e-11 0.00286698 
0.150011 0.0134252 8.06835e-07 2.83688e-05 0.00772986 0.00439196 0.0587238 0.0374381 0.118378 0.0935 2.43709e-09 0.000418602 0.00704196 0.222041 4.63528e-07 0.00386079 0.268317 0.00567787 0.00399839 0.00395068 0.00106692 
0.00153699 0.0197238 1.06743e-07 0.000269212 0.000129256 0.0167798 0.00850379 0.0840534 0.00372803 0.35756 3.63179e-09 2.81885e-07 0.00307272 0.00409635 3.3473e-05 0.00152325 0.417091 0.000454826 0.0656461 0.00606378 0.0097338 
0.0118092 0.0118194 8.59529e-07 0.00224637 0.0164229 0.0731173 0.00869786 0.000234003 0.0834836 0.0281342 3.59942e-08 4.68955e-05 0.342345 0.0103058 2.67304e-10 0.0147106 0.394205 1.63622e-06 1.18469e-05 3.85516e-06 0.0024043 
0.0351197 0.0785042 0.00106306 0.000910043 0.00138154 0.0237549 0.0635912 0.0226129 0.107986 0.124067 2.02719e-05 3.87177e-05 0.0265331 0.0709301 2.40987e-07 0.0739713 0.256473 0.000204288 0.00182156 0.00208547 0.108931 
0.00479726 0.0443074 0.000238641 0.00398929 0.00295871 0.0768919 0.0217052 0.0172877 0.0310334 0.0114519 0.00451928 5.01109e-06 0.0103187 0.0338963 2.52862e-09 0.00162919 0.717391 3.01573e-05 0.000439947 0.00781467 0.00929402 
0.00326928 0.00381674 1.4764e-05 0.000484233 0.00249047 0.123024 0.158604 0.00557329 0.0655033 0.0197583 5.19665e-05 0.137765 0.0983763 0.00375219 1.76366e-09 0.15624 0.1895 3.92292e-05 0.00526746 0.0227997 0.00366909 
0.00709384 0.0104978 1.32007e-05 0.000208863 0.00127622 0.12687 0.0141361 6.243e-05 0.370901 0.0135678 2.58705e-07 6.18621e-06 0.0279097 0.0134288 1.58397e-09 0.000414026 0.397559 5.49643e-05 0.00171169 1.00833e-09 0.0142879 
0.0120127 0.0210707 0.000336507 0.000758659 0.00517596 0.0517457 0.0146158 0.00860315 0.0218373 0.078138 0.000505128 6.5443e-05 0.127821 0.0146154 5.92004e-06 0.0459264 0.557315 0.00592906 0.00229504 0.00353026 0.0276969 
0.0104276 0.0307183 0.000281008 0.00114166 0.0125541 0.0526738 0.0604375 0.0070837 0.0721598 0.187746 0.000484988 0.00621134 0.115626 0.0352179 1.31964e-06 0.0393175 0.338812 0.000407827 0.00759483 0.00182164 0.0192811 
0.0270343 0.0154739 0.00375455 0.000794752 0.00691775 0.121791 0.185365 0.0111207 0.0251428 0.0994909 0.000159694 1.89479e-05 0.156253 0.00717154 4.53436e-08 0.0196444 0.29895 0.00116004 0.00415086 0.00119076 0.0144153 
0.0263335 0.0675797 0.000559014 0.0108235 0.0106087 0.0294413 0.061955 0.0207288 0.0366885 0.158934 1.6449e-05 5.96675e-06 0.125527 0.028355 0.00012215 0.0177785 0.343934 0.00158197 0.00518617 0.000900711 0.0529398 
0.00124213 0.00396904 7.40488e-07 4.6638e-05 0.00792754 0.0479381 0.309171 0.00263966 0.013627 0.0242167 0.000160984 5.64035e-07 0.0350637 0.00693435 9.63629e-09 0.00374641 0.540885 3.38369e-05 2.81705e-05 4.05902e-12 0.00236859 
0.0014655 0.00449422 2.58669e-05 0.000173161 0.00171522 0.00461485 0.00537979 0.0212552 0.00694968 0.0204565 1.9996e-05 8.80767e-09 0.147413 0.00164732 2.15855e-11 0.374218 0.388981 7.09241e-07 0.000362168 0.000466454 0.0203611 
0.150011 0.0134252 8.06835e-07 2.83688e-05 0.00772986 0.00439196 0.0587238 0.0374381 0.118378 0.0935 2.43709e-09 0.000418602 0.00704196 0.222041 4.63528e-07 0.00386079 0.268317 0.00567787 0.00399839 0.00395068 0.00106692 
0.0106622 0.00205984 1.30668e-07 2.08668e-06 1.23323e-06 0.0100899 0.0245174 0.000174973 0.0560763 0.00817773 0.000403399 5.57684e-08 0.097628 0.007786 8.06964e-11 0.00967373 0.772684 6.30479e-05 4.25861e-08 5.137e-11 1.36235e-07 
0.01312 0.0728644 9.37419e-05 0.00298673 0.00141576 0.040015 0.0320669 0.0469926 0.0875706 0.250493 0.000952353 1.41363e-06 0.0432708 0.0328197 4.16606e-05 0.0120156 0.339464 0.00101936 0.0075354 0.0117224 0.00353794 
7.00519e-07 5.94966e-07 2.7386e-07 5.57405e-07 0.010798 0.0476192 4.24161e-06 2.68833e-06 0.0426409 6.29662e-06 2.28134e-11 2.02427e-05 0.237371 0.00069634 3.60279e-11 1.02015e-06 0.650686 1.08571e-07 2.05925e-07 2.29348e-11 0.0101514 
0.00300664 0.00436175 0.00011169 0.000218537 0.00114866 0.00649781 0.00656934 0.000526322 0.00674958 0.248235 0.00138601 1.33756e-11 0.00555539 0.00381564 2.26728e-11 0.00166512 0.37501 6.45628e-05 0.000459881 1.68931e-05 0.334601 
0.0075315 0.0563672 1.07451e-05 0.00253818 0.00812352 0.214919 0.0836605 0.0137752 0.0798253 0.0205105 0.00155279 1.23236e-05 0.0194778 0.0346142 3.8346e-05 0.0457059 0.389863 0.000112794 0.00338799 5.58108e-05 0.0179173 
0.0104041 0.00995661 0.000689611 0.00106113 0.0071534 0.0652074 0.0529847 0.00143424 0.0255826 0.291015 0.00086722 7.53477e-05 0.0929817 0.0289254 0.000127816 0.02193 0.331132 0.00833371 0.00871116 0.000194765 0.0412321 
0.0214151 0.0563333 0.00480488 0.000433935 0.0183542 0.131124 0.0298071 0.00339344 0.069096 0.0583449 0.0065147 2.41245e-07 0.0712094 0.0153559 0.000118115 0.011329 0.477945 0.000244903 0.0109408 0.00471914 0.00851514 
0.00848638 0.021291 0.00647917 0.00824211 0.00782109 0.0909301 0.115066 0.00709571 0.047469 0.155335 0.00102609 0.000121652 0.0360311 0.0300258 1.92048e-07 0.0492019 0.387828 0.0157051 0.000589216 0.000365385 0.0108904 
0.000863022 0.0029373 5.30424e-09 0.0011172 0.000201382 0.0855345 0.0037115 2.32423e-08 0.236724 0.00315894 2.46753e-12 1.07347e-06 0.0169865 0.0046727 3.89683e-12 0.000338831 0.643292 4.1354e-05 6.54491e-05 9.86589e-07 0.000353679 
0.0333823 0.0758484 9.96351e-06 0.0115428 0.00261862 0.224446 2.30834e-08 0.0425998 0.0458182 2.10462e-05 3.11563e-06 6.54899e-07 0.011755 0.102662 3.22563e-11 1.75856e-06 0.449077 8.39595e-06 2.64198e-08 2.05338e-11 0.000204863 
0.0284403 0.0106948 3.27263e-05 6.35168e-05 0.000384893 0.0060099 0.0011307 0.00201017 0.0040928 0.081559 0.000936136 9.74474e-06 0.0110836 0.0309066 2.19051e-09 0.000556985 0.813374 1.90743e-05 8.44051e-05 0.000309365 0.00830137 
0.000835915 0.00853474 0.00218364 0.00234397 0.000725365 0.206757 0.0735161 0.0310762 0.0328175 0.206869 2.90794e-05 1.81073e-06 0.0285625 0.0029953 2.62532e-11 0.00351036 0.388229 0.00616248 0.000835265 0.000146371 0.00386822 
0.140301 0.0724547 7.38119e-08 0.00654688 0.000429281 0.0397174 0.0197168 0.015996 0.120647 0.0442809 1.29748e-07 3.88339e-07 0.0474584 0.0157138 5.90614e-11 0.0878067 0.372022 0.000818347 0.00896736 0.00317064 0.00395188 
0.00637117 0.041807 8.92321e-05 0.0117446 0.000193872 0.074909 0.246885 0.0037183 0.102661 0.0159814 3.54379e-05 1.59147e-06 0.00567616 0.0068305 7.1259e-08 0.0209454 0.460592 7.17322e-06 0.000213337 0.000332904 0.00100488 
0.00794846 0.0241406 9.27086e-05 0.000284778 0.00129952 0.00475701 0.000680266 0.000196298 0.00263837 0.287247 1.20869e-07 7.34334e-07 0.016062 0.0013718 1.22503e-11 0.00140454 0.629399 4.59049e-06 0.000345759 0.00012692 0.0220001 
0.0423215 0.0389379 4.62083e-06 0.0052558 0.0249311 0.0680119 0.0059139 0.000696571 0.112184 0.00175961 1.12494e-07 3.32008e-06 0.00769885 0.267136 7.12085e-11 8.44027e-05 0.423628 0.000209931 5.69609e-05 4.27344e-06 0.00116031 
0.03982 0.0243956 0.000760513 0.00299187 0.00152563 0.135631 0.0143685 0.00502643 0.116255 0.170412 9.18392e-06 0.00827713 0.0607297 0.0222584 0.000113735 0.0113571 0.289375 0.000621556 0.000948287 1.01165e-05 0.095113 
0.0163453 0.0451848 9.63475e-09 0.000151727 0.0113659 0.308842 0.000211588 0.0360683 0.0173963 0.00585581 0.0119694 1.23405e-05 0.108506 0.00397922 3.78385e-12 0.00219155 0.429679 0.000200789 0.000972651 2.40873e-12 0.00106722 
0.0532234 0.0419974 1.1828e-06 0.0180241 9.6774e-05 0.00411499 0.0175463 0.000931288 0.241791 0.0461741 1.60214e-07 2.15457e-07 0.0192475 0.0234499 9.40172e-09 0.000811761 0.531108 7.51758e-06 1.49882e-05 0.000492915 0.00096572 
0.048728 0.0917498 1.66607e-05 0.00652512 0.000214607 0.0320947 0.0045216 0.00548876 0.0997585 0.0188082 1.52739e-07 1.93256e-05 0.0240974 0.00497298 1.85102e-12 0.00700303 0.619401 0.0324198 8.88989e-13 1.13437e-07 0.00418053 
0.00391389 0.0119452 4.58298e-05 1.35758e-05 0.00540914 0.00302847 0.00321859 0.000409542 0.00726196 0.221847 1.87846e-10 8.40084e-06 0.136128 0.000533536 5.23704e-12 0.00126979 0.440199 0.00515295 0.000147301 3.33381e-12 0.159468 
0.027198 0.177344 1.55637e-08 0.000969583 0.000592879 0.0529972 0.00234625 0.127765 0.167121 0.00823797 0.00281872 2.74876e-06 0.00411199 0.20068 7.8249e-11 0.0011292 0.220892 0.00044065 1.30763e-05 4.9812e-11 0.00533955 
0.00310716 0.00211425 5.59072e-08 1.65941e-07 5.78232e-07 1.88002e-06 0.367824 0.000286871 0.0499835 0.0376476 5.46271e-05 2.00384e-08 3.35313e-07 0.0820357 9.70201e-12 0.0135994 0.440819 1.16192e-07 6.45823e-07 6.79437e-08 0.0025241 
0.000863022 0.0029373 5.30424e-09 0.0011172 0.000201382 0.0855345 0.0037115 2.32423e-08 0.236724 0.00315894 2.46753e-12 1.07347e-06 0.0169865 0.0046727 3.89683e-12 0.000338831 0.643292 4.1354e-05 6.54491e-05 9.86589e-07 0.000353679 
0.015455 0.113634 1.97073e-07 0.00570588 0.00244767 0.210663 0.00820872 0.057495 0.0774046 0.00817867 0.000113202 8.23682e-05 0.0231172 0.0782405 2.27727e-07 0.00239093 0.390193 0.000447161 0.000672586 1.94499e-07 0.00554937 
0.00978866 0.0103048 8.89142e-08 3.34571e-05 0.000993082 0.000709823 0.0036125 0.00105024 0.0443339 0.198592 3.2093e-06 4.36992e-09 0.114876 0.000177473 1.07085e-07 0.00213933 0.594349 3.02208e-06 9.19156e-07 1.83052e-10 0.019032 
0.0476339 0.0476422 0.047587 0.0476128 0.0476167 0.0476404 0.0476354 0.0476381 0.0476375 0.0476416 0.0475848 0.0475891 0.0476397 0.0476328 0.0475482 0.0476317 0.0476437 0.0476325 0.0475999 0.0475846 0.0476275 
0.000218262 0.00028477 2.10937e-07 7.94441e-06 0.00463495 0.00198297 0.000538287 0.00115863 0.127454 0.0589009 8.05854e-10 5.79073e-05 0.0739443 0.0261576 1.85888e-07 0.00441961 0.638009 1.88377e-05 0.00226662 8.1014e-10 0.0599453 
4.28745e-05 2.58546e-07 3.7888e-10 2.19334e-10 1.4582e-06 0.266859 8.6418e-07 6.04172e-11 0.129988 0.0669332 6.69334e-06 5.52815e-05 1.56633e-05 0.0956985 3.70931e-06 1.98299e-06 0.440377 2.30523e-07 4.9579e-06 3.97416e-08 9.41392e-06 
