0.0299926 0.0534171 2.66886e-05 0.000822703 0.00968406 0.0723064 0.00619394 0.0079062 0.0436018 0.0227363 4.46374e-05 0.000157764 0.0362011 0.0816434 4.68656e-08 0.00418329 0.596486 0.000374963 0.02432 0.000304426 0.00959659 
0.0126716 0.0254509 6.66521e-05 0.00243918 0.00176491 0.0310818 0.119304 0.00434415 0.00906569 0.00550896 5.84441e-05 6.17254e-06 0.00401116 0.00524569 1.21581e-10 0.00759893 0.769257 0.000138267 0.000442631 0.000522336 0.00102152 
0.000105378 0.0120086 2.23658e-05 0.000257224 0.00567406 0.12664 0.277232 0.0248119 0.0423465 0.0270733 0.000514623 3.58282e-05 0.0269514 0.00196686 2.83368e-11 0.0163743 0.421027 2.18282e-05 0.0168909 5.68354e-08 4.61987e-05 
2.7007e-12 7.16915e-05 4.23089e-08 6.80163e-12 6.02848e-12 0.000405478 0.00692151 1.87356e-12 9.31603e-08 0.2639 1.21375e-11 1.1308e-11 0.00134147 2.88515e-08 1.9168e-11 0.000180126 0.723335 5.36221e-09 4.51178e-08 1.2202e-11 0.00384451 
0.00151948 0.00613917 3.32338e-05 0.00148943 0.0102004 0.0815178 0.0491369 0.0017674 0.17499 0.0391218 0.000789441 2.85808e-07 0.124606 0.00492108 5.03986e-06 0.0513775 0.233982 0.00380855 0.000395164 0.000109055 0.21409 
0.00438553 0.0261594 0.0033663 0.00165349 0.00487563 0.0224914 0.213745 0.0124116 0.0318937 0.0654419 0.0069549 0.0619846 0.00497598 0.212706 0.00135083 0.00395677 0.312809 0.001212 0.00155134 0.00115874 0.00491572 
0.00250415 0.0387694 2.56231e-06 0.0012078 0.00250511 0.0116123 0.0533689 0.0312752 0.0201202 0.020035 0.00308991 7.63645e-06 0.0111814 0.0103449 1.26996e-06 0.0266229 0.758877 0.000215568 0.00507005 0.00190366 0.00128483 
0.000496439 0.00229601 1.29237e-06 0.000495988 2.83105e-05 0.0536036 0.0195427 6.28972e-07 0.240023 0.0502252 2.93542e-10 2.41682e-05 0.00741601 0.0120992 1.53671e-06 0.000371503 0.61284 6.83393e-05 6.83826e-05 5.24701e-07 0.000396944 
0.00185641 0.0157131 0.00287653 0.000536154 0.00182611 0.0287568 0.0050758 0.0153603 0.00449034 0.143503 9.74805e-05 1.29823e-07 0.0215301 0.000327239 1.62291e-07 0.00394368 0.739746 0.0020425 0.000131702 0.000323926 0.0118627 
0.00223924 0.00820572 2.32545e-06 0.00178095 0.0503146 0.333719 0.0256674 0.0179849 0.0246305 0.00117377 3.02751e-05 5.61172e-06 0.0455017 0.00154756 1.60177e-11 0.000441217 0.486234 8.92093e-06 5.39308e-05 1.60535e-08 0.000458973 
0.00443893 0.0188469 0.000116488 0.000142691 0.0355541 0.0796714 0.0372405 0.00489224 0.0434578 0.133937 0.00038956 3.1591e-06 0.0737317 0.0200416 5.23573e-06 0.00581484 0.518398 0.00344053 0.000456831 4.07851e-05 0.019379 
0.0158268 0.0370571 0.000138658 0.00498918 0.00525417 0.186848 0.0664218 0.0279607 0.122572 0.0412171 0.00394147 1.7506e-05 0.0658637 0.0181067 0.000249339 0.0105009 0.371237 0.000305861 0.00181466 0.00147313 0.0182038 
0.00317921 0.00327157 1.55829e-07 9.81487e-05 0.000131201 0.0117555 0.00513501 0.010893 0.00528968 0.0211017 9.6165e-08 8.78513e-07 0.00910023 0.000176761 6.99239e-10 2.59237e-05 0.921708 7.09361e-07 2.45642e-05 4.45124e-10 0.00810722 
0.0396873 0.155229 9.11232e-06 0.0272946 0.00113736 0.00258472 0.0120832 0.0214198 0.18155 0.0300923 0.000369933 0.000561536 0.0340056 0.219442 0.000152583 0.00451396 0.25015 0.00109239 0.000562941 0.000326383 0.0177361 
0.0114826 0.0427169 0.00136762 0.00410123 0.00118869 0.223827 0.00932629 0.0216681 0.172198 0.100484 0.00744713 5.01722e-05 0.124685 0.0220361 2.26114e-06 0.00703434 0.22439 0.00295399 0.00150981 0.0168978 0.00463318 
0.00355417 0.0147668 0.0200853 0.000169543 0.00474135 0.0818422 0.0168802 0.033641 0.0144201 0.328826 8.73185e-05 2.39593e-07 0.0412087 0.00128148 8.29481e-07 0.00561268 0.371201 0.0421433 0.00123669 2.25817e-05 0.0182789 
0.028598 0.0146028 3.00373e-07 0.0077626 0.00210688 0.0574474 0.0170443 0.000382288 0.0223989 0.0415977 3.82544e-06 3.08729e-06 0.0111039 0.036428 2.64782e-11 0.00175003 0.751482 3.23712e-05 0.00158512 1.68555e-11 0.00567087 
0.00659359 0.0137781 0.00466889 0.00252266 0.00424141 0.0929158 0.2494 0.00740051 0.0268739 0.170317 0.000675597 0.000813935 0.0149495 0.0260308 1.91087e-05 0.0109922 0.32457 0.00294569 0.00403848 0.000492133 0.0357613 
0.00601885 0.0479334 4.62105e-08 0.000325511 0.00833895 0.0621486 0.0410655 0.000176866 0.0448012 0.10559 0.0857527 5.237e-06 0.0990367 0.00565691 2.46095e-08 0.00600607 0.312578 4.24168e-05 6.67371e-05 1.93535e-07 0.174456 
0.0125818 0.0304896 2.00633e-05 0.00166192 0.000770935 0.0326109 0.0192358 0.023644 0.0276226 0.0259552 0.000220587 1.15868e-06 0.0409492 0.00627351 8.25858e-12 0.000978016 0.747894 0.000118421 4.0353e-05 0.000200227 0.0287315 
0.0185302 0.0180664 0.00117215 0.00970264 0.0008834 0.0320798 0.013158 0.000631105 0.101163 0.0852524 3.44478e-05 0.000615912 0.0673725 0.0226136 7.38702e-11 0.013649 0.48681 7.29165e-05 0.00108779 0.00241879 0.124686 
0.0167599 0.0923774 4.92191e-06 0.000187644 0.00750045 0.0785709 0.0547581 0.00113874 0.0412439 0.0112718 1.89583e-08 5.51343e-11 0.0997638 0.00344285 5.61332e-10 0.00801067 0.563696 7.63007e-06 0.000456562 0.000455669 0.0203536 
0.00179139 0.0258447 0.000413734 2.36093e-05 0.00319793 0.00654705 0.0438165 0.000977775 0.0179061 0.262106 0.00053028 9.07047e-05 0.0231467 0.0170192 9.70323e-08 0.0123569 0.462723 0.0135767 0.000963008 0.0754039 0.0315654 
0.00230609 0.0242214 3.35464e-10 0.0187638 7.97184e-06 0.0526719 0.187465 0.00044685 0.0638304 0.108788 0.00166973 2.77632e-05 0.00563604 0.0173863 5.47285e-10 0.0109084 0.489525 5.97638e-06 6.96759e-05 0.000336003 0.0159342 
0.0071202 0.0370331 0.000208461 0.0035688 0.00666826 0.0819699 0.0106797 0.0147508 0.0322107 0.220674 0.00500315 9.74488e-05 0.0476629 0.0117272 7.66903e-07 0.013167 0.488891 0.000270536 0.000752045 0.000304921 0.0172392 
0.0175896 0.00905687 9.11655e-05 8.93249e-05 0.00329077 0.147365 0.0263782 0.00243048 0.0708531 0.0346914 0.000101476 2.17633e-07 0.10123 0.0010911 1.25319e-08 0.00510758 0.559452 1.12567e-05 6.518e-05 5.2717e-05 0.0210532 
0.0374076 0.0301022 8.21074e-06 0.00152709 0.00246743 0.0602718 0.0301969 0.00518377 0.196941 0.0275558 0.000294373 4.02242e-06 0.192596 0.0334805 1.52538e-07 0.0205769 0.345538 0.000256727 0.000133247 0.000186344 0.0152733 
0.0206252 0.110189 2.71776e-07 0.00107219 0.00025383 0.0567919 0.0108571 0.0204109 0.131646 0.0498228 3.6012e-08 5.47972e-05 0.00933843 0.120579 1.04887e-08 0.00030019 0.456928 0.000634155 0.0062225 8.18594e-07 0.00427268 
0.0103647 0.0488099 0.000843788 0.00069012 0.00514202 0.0528361 0.264504 0.00961912 0.0477784 0.03376 0.00047823 5.41969e-05 0.0624117 0.0153716 4.23577e-05 0.0281213 0.407214 0.00455235 0.000248957 5.26631e-05 0.00710441 
0.0131378 0.178999 1.23429e-05 0.000129652 0.0954134 0.0995687 0.0393958 0.0569652 0.0871026 0.0271138 3.52214e-05 1.59691e-06 0.045751 0.00466809 0.00070486 0.0254276 0.28471 0.000456557 0.00491613 0.00258016 0.0329106 
0.00246368 0.0252692 4.02467e-06 8.60223e-05 0.0233363 0.0753497 0.0952804 0.00238971 0.0296026 0.0423991 0.00146803 9.55162e-06 0.0503479 0.0365344 3.71561e-07 0.000543674 0.493409 9.17656e-05 0.00946492 2.81652e-06 0.111947 
0.0209294 0.0885641 0.000336454 0.0036151 0.048068 0.248128 0.0508379 0.011801 0.114492 0.00795118 2.69272e-05 1.00152e-05 0.0344651 0.0204676 3.00879e-09 0.0391365 0.307695 0.00248581 7.14367e-05 4.34468e-06 0.000913797 
0.00886606 0.0185525 0.000312936 0.00109486 0.00460893 0.0514273 0.0772883 0.0131911 0.0366604 0.215796 0.00596782 3.59304e-05 0.103926 0.0263571 2.18679e-05 0.066043 0.352367 0.000431482 0.00129861 0.00112238 0.0146299 
0.000440166 0.00675896 4.24399e-05 8.01014e-05 0.00273584 0.0510324 0.0734776 0.000178968 0.366836 0.000806883 0.000115136 3.86287e-05 0.00525602 0.0230254 2.42678e-12 0.000691303 0.468404 8.02444e-05 4.54666e-09 1.54485e-12 3.69644e-09 
0.0276811 0.139951 9.8043e-07 0.0392759 0.0816302 0.219476 0.0357601 0.027209 0.029255 0.0117809 0.00178283 2.3265e-06 0.0169228 0.0380688 1.43648e-05 0.00315899 0.306381 0.000213092 5.8624e-06 3.73874e-06 0.0214262 
0.015455 0.113634 1.97073e-07 0.00570588 0.00244767 0.210663 0.00820872 0.057495 0.0774046 0.00817867 0.000113202 8.23682e-05 0.0231172 0.0782405 2.27727e-07 0.00239093 0.390193 0.000447161 0.000672586 1.94499e-07 0.00554937 
0.00193047 0.00900677 1.83817e-07 0.000690981 0.00373015 0.040337 0.00438617 0.0085233 0.0109164 0.0115287 2.22806e-06 7.17386e-05 0.0648724 0.0113521 3.57107e-07 0.00472225 0.816203 5.91248e-05 6.88263e-05 0.0021628 0.0094352 
0.0311159 0.026039 1.45957e-06 0.000388232 0.00518121 0.106429 0.0202697 0.00539023 0.0510848 0.0965792 0.000473687 3.45019e-09 0.241785 0.00646955 6.6237e-11 0.0335533 0.36206 1.46224e-05 0.000215203 2.36553e-05 0.0129253 
0.144954 0.0198694 4.57208e-06 0.000389459 0.000403603 0.0528712 0.0094968 0.00354068 0.0977347 0.15291 1.39073e-08 3.36265e-07 0.0413911 0.000591364 1.11325e-09 0.000136476 0.376315 5.86099e-06 0.000771577 4.02696e-05 0.0985734 
0.00564429 0.102403 0.000246374 5.14943e-07 0.0153857 0.0787141 0.0205088 0.0922618 0.0612356 0.0456172 1.34014e-08 3.78473e-11 0.0202312 0.0256825 1.5824e-08 0.0139992 0.493025 9.4544e-05 0.0055972 0.013552 0.0058012 
0.0144117 0.0800324 0.0119364 0.00206423 0.00478866 0.163481 0.0251024 0.0119973 0.138526 0.0853014 0.00170481 9.90966e-06 0.064047 0.0217382 6.12315e-06 0.0115349 0.339781 0.0013559 0.000977354 0.000507591 0.020697 
0.00124335 0.0182118 0.00352138 0.0057777 0.0110864 0.0313988 0.303952 0.0017978 0.0451478 0.0198752 0.00261834 0.00146076 0.0224183 0.0206457 2.86448e-08 0.0307702 0.478813 2.61765e-05 0.000699815 0.000190448 0.000344689 
0.0202923 0.116394 7.68759e-08 0.00295371 0.00857705 0.0881989 7.69542e-08 0.116754 0.0325916 0.00151627 0.15273 0.0027216 0.0253896 0.109708 7.68133e-08 0.00260092 0.302906 0.00843374 0.00170719 7.68721e-08 0.00652471 
0.00828792 0.0152881 9.32603e-05 0.0271909 0.00359561 0.0723528 0.0125032 0.011384 0.0158244 0.0839614 8.11759e-09 1.14077e-09 0.0256409 0.0356217 5.39559e-10 0.000278975 0.681357 3.24111e-06 2.70618e-05 0.0052629 0.00132693 
0.146373 0.287836 0.00681519 0.00451509 0.00011579 0.00688481 0.00331723 0.028439 0.0178885 0.0191199 4.42639e-08 2.3822e-09 0.00374695 0.0265251 1.50167e-10 0.00272852 0.421301 6.1152e-06 2.05668e-05 0.0022741 0.0220938 
0.0133336 0.0406552 0.0345359 0.00607325 0.024125 0.0365555 0.0955597 0.0018635 0.0453247 0.191369 0.000166562 0.000125384 0.0953951 0.00640988 6.73454e-06 0.0204369 0.328 0.00654295 0.00105514 0.000600498 0.0518649 
0.00565967 0.0525378 1.26906e-09 0.00660648 0.00963959 0.340041 0.017603 0.0017531 0.018386 0.00630121 3.14118e-05 1.79777e-05 0.0360181 0.0379599 5.68225e-08 0.0022269 0.461362 5.32939e-05 0.00118625 5.52374e-06 0.00261066 
0.0150493 0.0852549 6.20529e-09 0.000380767 0.000451118 0.0224236 0.0718985 0.00467861 0.216233 0.123777 1.81305e-08 4.91273e-06 0.0405154 0.00547983 2.67888e-08 0.0215744 0.371998 9.37974e-05 0.0034931 0.0016972 0.0149975 
0.0271621 0.0518338 2.71968e-05 0.00117637 0.0218963 0.191493 0.00264827 0.00219747 0.0349592 0.0148641 3.84597e-05 3.72844e-06 0.221873 0.000683198 1.3739e-09 0.00185277 0.399288 3.06859e-05 0.000849176 3.87052e-05 0.0270845 
0.0179353 0.0635533 4.62763e-05 0.0253992 0.0130392 0.176024 0.0475652 0.0202739 0.0998873 0.0281541 0.016333 3.08776e-05 0.134559 0.00729341 1.75048e-07 0.0133438 0.324061 0.000156225 9.83431e-05 0.000111743 0.0121347 
0.004309 0.00698237 1.90338e-05 0.00535016 0.00643808 0.0257186 0.011554 0.00684282 0.0467982 0.0643314 0.00104116 6.59051e-08 0.264833 0.00101821 8.98622e-10 0.114169 0.429103 5.63205e-05 0.0010931 0.00239604 0.00794668 
0.000876092 0.0120759 0.000495079 0.00127314 0.000753471 0.118678 0.280043 0.00177092 0.010126 0.0831529 0.000217642 0.000177668 0.0168504 0.0161605 0.00443162 0.00119098 0.428091 0.000271615 0.0198219 2.98907e-05 0.00351239 
0.00892418 0.0252674 3.39621e-05 0.000117679 0.00362176 0.0206183 0.00765933 0.0218497 0.0557516 0.0485627 0.00150845 4.48505e-07 0.135589 0.0223678 4.89302e-10 0.0789348 0.539911 9.14632e-05 0.000574936 0.00333571 0.0252799 
0.00938528 0.0144354 0.000801721 0.000126685 0.0115189 0.0106568 0.0280085 0.00852549 0.0913646 0.122799 0.000252673 0.000199575 0.24198 0.00514109 2.652e-06 0.0223067 0.325288 5.57775e-05 0.00193137 6.03226e-06 0.105214 
0.00176664 0.00476549 1.08606e-05 0.00192437 0.000789285 0.00234643 0.000699537 0.00600297 0.0534473 0.0352456 0.00295107 1.27811e-06 0.0358432 0.00874602 0.358678 0.0470954 0.43418 0.000566588 8.56776e-06 0.000799142 0.00413267 
0.00618349 0.0645938 3.48785e-05 0.000106283 0.00817301 0.133273 0.0267564 0.0051576 0.0660093 0.0783243 0.0096986 5.85658e-06 0.0606861 0.00591748 0.013596 0.0119456 0.456546 3.35297e-05 2.77362e-05 0.00770078 0.0452303 
0.0139857 0.0581263 2.01078e-05 0.00292883 0.00810834 0.185651 0.085001 0.0543899 0.221987 0.00519566 0.000125412 6.54709e-07 0.0276831 0.00809688 1.16907e-11 0.00878164 0.317528 0.000114547 0.000187212 4.45246e-05 0.00204412 
0.00157892 0.000904022 4.81613e-05 8.38922e-05 0.00890466 0.0878574 0.0575802 0.00140296 0.063195 0.233972 0.000190245 1.47282e-06 0.0143547 0.00893111 7.46471e-09 0.00480469 0.443737 0.00021396 0.0619213 4.89861e-05 0.0102698 
0.00205861 0.0115865 2.01493e-09 0.000209209 0.000665035 0.00764983 0.0885827 0.00589773 0.00567698 0.000429701 3.8995e-08 2.93474e-06 0.000816635 0.00237188 1.86565e-11 0.00029113 0.873607 1.72767e-05 2.02134e-08 1.18764e-11 0.00013711 
0.00248033 0.0467354 4.51341e-05 0.000273775 0.0100485 0.0552619 0.00913646 0.000122176 0.105726 0.022511 5.35252e-06 1.41484e-08 0.319994 0.00084292 2.38837e-05 0.0182298 0.402346 6.8289e-06 1.60063e-05 0.000728899 0.00546567 
0.0247179 0.127485 0.00202458 0.00166223 0.00191905 0.0219106 0.0147461 0.0209669 0.115875 0.0477967 0.00474823 1.51783e-05 0.0285433 0.262575 2.18769e-09 0.0279552 0.286391 5.31977e-05 0.00676003 0.00208046 0.00177511 
0.000316745 0.000655364 0.00150461 0.000119756 0.00253558 0.0100224 0.0572599 0.0101777 0.00174507 0.261107 1.0881e-06 4.17953e-07 0.158778 0.000168386 1.54822e-05 0.136303 0.324557 1.78272e-06 0.000121946 2.26324e-07 0.0346094 
0.053867 0.0317428 0.000155273 0.000832619 0.0308508 0.0589972 0.0184451 0.00159846 0.0459219 0.0724207 0.000184645 5.63404e-06 0.0514672 0.0860885 3.1056e-09 0.00681913 0.532911 0.000107657 0.000697349 0.000330832 0.00655607 
0.00426478 0.136611 7.00198e-08 6.04471e-07 4.26925e-06 0.0327445 0.265584 0.00977085 0.053002 7.66904e-06 2.6134e-10 2.51127e-08 3.22824e-06 0.000418937 4.12718e-10 0.00412273 0.493102 1.76788e-05 1.69851e-06 2.62729e-10 0.000344868 
0.00263075 0.0116789 0.000113278 0.00140666 0.00131096 0.143245 0.185587 0.00324677 0.00750561 0.157407 1.90062e-05 4.01099e-07 0.0552084 0.00525486 1.12501e-11 0.0966598 0.248679 0.0212692 0.0541097 8.07836e-09 0.0046679 
0.00462689 0.0629283 0.244046 0.000814759 0.000627787 0.0586112 0.0135913 0.0229752 0.124184 0.0302769 0.000230929 7.02854e-05 0.02724 0.00979162 1.00583e-08 0.00159507 0.38851 0.0015459 0.000766646 0.00558079 0.00198674 
0.00570083 0.0397506 1.31079e-07 0.000310381 0.000581909 0.0780924 0.0192815 0.0424446 0.00516334 0.125077 2.13786e-12 1.41373e-07 0.00636486 0.00243858 4.71938e-10 0.00167193 0.48528 0.079956 0.100631 0.00307822 0.00417589 
0.017417 0.104937 1.22461e-05 0.000201828 0.0312484 0.104594 0.1451 0.0143356 0.0140153 0.171511 3.23931e-07 1.39979e-11 0.0336838 0.00145972 1.64462e-07 0.0512784 0.287888 0.00745063 1.67965e-06 0.000375954 0.0144895 
0.00660614 0.0368584 0.000336146 0.000277451 0.00350062 0.0630192 0.0102895 0.00232063 0.0252479 0.0886671 9.12889e-05 9.7179e-08 0.054727 0.00696972 2.85806e-08 0.00988131 0.681166 0.000112175 0.0037213 0.000164629 0.00604329 
0.000419347 0.00261212 1.62311e-10 0.00248601 1.01282e-05 0.0647868 0.244535 3.77343e-05 0.0435892 0.123848 0.000157179 0.000609153 0.00335437 0.0150999 2.64799e-10 0.0135437 0.480148 8.55748e-05 2.06641e-05 2.38177e-07 0.00465768 
0.0080939 0.0345674 5.56884e-05 0.000412668 0.00685541 0.266908 0.00369252 0.0145695 0.0801839 0.00121118 1.45927e-05 2.46651e-07 0.154123 0.000128965 2.05532e-11 0.00118964 0.427312 5.81079e-07 0.000170659 1.30838e-11 0.00051044 
0.0392222 0.113152 4.38497e-07 0.000674212 0.00308212 0.0904785 0.00873109 0.069865 0.00420002 0.00762679 1.04441e-07 9.8231e-07 0.0290549 0.000655932 1.90101e-09 0.00175963 0.603089 2.30401e-06 4.87498e-06 0.00138619 0.0270144 
0.00979023 0.114775 1.47686e-08 1.60998e-06 0.000185765 0.171457 0.00574527 1.66373e-06 0.183676 0.00199343 9.03479e-08 4.69292e-09 0.0172259 0.0368152 2.33899e-12 0.000721105 0.457441 2.77163e-05 0.000143724 1.50385e-10 1.95447e-08 
0.00269123 0.0370858 2.23514e-06 3.76299e-05 0.181695 0.192285 0.01103 0.00368354 0.0662062 0.0120169 3.89921e-06 1.56812e-07 0.0875745 0.000685026 3.86987e-08 0.00214019 0.400365 1.21143e-06 4.5579e-11 6.04135e-11 0.00249574 
0.0258476 0.15031 1.41139e-09 0.00278502 0.00131396 0.358498 0.000725537 0.00516758 0.0157954 0.000217626 4.7497e-05 4.12652e-06 0.0263303 0.000761441 2.23529e-13 0.000108426 0.411807 7.26123e-06 6.57658e-05 1.42295e-13 0.000206582 
0.0135192 0.0370045 0.00023923 0.00225403 0.0394515 0.119976 0.00752675 0.0931469 0.141426 0.0439311 5.29385e-05 2.32944e-06 0.0703064 0.00922637 5.90333e-09 0.0107985 0.404112 1.83506e-05 0.000360033 7.48063e-08 0.0066479 
0.00597966 0.0652044 3.38685e-05 0.000182935 0.0067764 0.0691891 0.0931904 0.0177408 0.22691 0.0278831 0.000123064 0.00344964 0.0201572 0.0335133 4.15793e-08 0.00696019 0.417711 0.000243143 0.000551103 0.000831559 0.00336932 
0.0491764 0.179259 1.12127e-06 0.00313583 0.000565663 0.104237 0.0179481 0.0024381 0.157109 0.00303189 6.39088e-05 3.07422e-06 0.0328478 0.154553 1.37792e-05 0.0401615 0.231214 0.000568232 0.00405518 0.0177931 0.00182488 
0.0292767 0.149291 0.000263599 0.00325024 0.153426 0.0849521 0.0121878 0.0672959 0.0395786 0.082801 0.000154247 2.09505e-08 0.0130288 0.0615015 5.37828e-07 0.0215496 0.229376 0.000749768 0.00416195 0.00748504 0.0396689 
0.00322378 0.0261096 2.07408e-08 0.000352562 0.00805911 0.145356 0.0737599 0.000299129 0.0962552 0.0304494 8.0172e-07 0.000661334 0.104299 0.00657945 5.60563e-11 0.00545332 0.488871 2.75188e-05 0.000320482 0.000195915 0.00972659 
0.0222332 0.0849498 2.35856e-07 0.00035561 0.00490642 4.51416e-07 1.64493e-06 0.00441968 0.0600972 0.02871 1.47832e-07 1.12644e-08 0.191314 0.22463 2.83903e-07 0.0621755 0.312039 2.53085e-08 8.60243e-11 1.14023e-10 0.00416611 
0.00624489 0.00874386 0.000167097 3.28841e-05 4.79462e-09 0.00077648 0.000855066 0.00060448 0.00478679 0.0967381 1.20549e-06 2.42346e-08 0.0838427 0.000103787 5.66648e-10 0.041707 0.735865 0.0107864 3.95696e-05 2.26393e-07 0.0087041 
0.00168939 0.0159282 4.23112e-12 1.91285e-05 0.00941088 0.398989 0.00146681 0.00691655 0.0347532 0.000926377 0.00711184 9.31576e-05 0.0292668 5.983e-07 6.90278e-12 0.000540588 0.492801 2.60654e-05 6.02819e-05 4.39419e-12 4.81782e-08 
0.00442647 0.0221109 0.00013224 0.0028002 0.00518846 0.0879383 0.086589 0.0124403 0.122788 0.00818355 0.0890574 9.79555e-05 0.0065506 0.267281 3.07719e-08 0.00083639 0.278914 0.000333788 0.000520322 1.95889e-08 0.00381173 
0.00107558 0.0175886 6.55205e-06 0.000483453 0.00192273 0.0196325 0.0561807 0.000453409 0.0113413 0.0402442 0.000112831 0.000131123 0.325774 0.0146858 1.35804e-07 0.00271538 0.501327 0.000104407 8.38816e-05 2.8474e-05 0.00610809 
0.0317277 0.0136087 0.000627518 0.000302061 0.0378643 0.0716672 0.147973 0.0108389 0.0852181 0.0545992 0.0425577 7.30544e-08 0.132205 0.00533193 3.63547e-09 0.143046 0.192104 0.000216946 0.00542776 0.00020967 0.0244735 
0.00434914 0.000170606 1.37618e-05 8.06808e-06 0.000321708 0.00441568 0.0012906 5.72873e-05 0.273212 0.0505911 0.000135571 4.09172e-06 0.25442 0.0181455 8.51733e-07 0.00611748 0.342423 4.12746e-05 0.000355707 1.34025e-06 0.043925 
0.00474903 0.0338147 1.41143e-06 0.000609346 0.000449787 0.0334639 0.027106 0.0251859 0.0132838 0.0650752 1.64215e-05 5.73292e-06 0.027024 0.00242832 4.77991e-12 0.00119304 0.763373 5.00599e-05 4.68237e-05 2.30341e-05 0.00210028 
0.000863022 0.0029373 5.30424e-09 0.0011172 0.000201382 0.0855345 0.0037115 2.32423e-08 0.236724 0.00315894 2.46753e-12 1.07347e-06 0.0169865 0.0046727 3.89683e-12 0.000338831 0.643292 4.1354e-05 6.54491e-05 9.86589e-07 0.000353679 
0.010073 0.258756 1.71909e-05 5.63779e-05 3.25238e-06 0.0918332 0.00900677 0.0109688 0.0196265 0.0108651 3.16681e-06 2.94621e-06 0.0207918 0.0606552 5.0188e-09 0.000161458 0.506199 1.14632e-05 1.10993e-05 2.46073e-05 0.00093296 
0.00390065 0.0173652 0.00433099 0.000457817 0.00416765 0.0739329 0.0479571 0.00429771 0.0914851 0.132498 0.00114536 0.0037379 0.0704193 0.0326237 4.52935e-07 0.0074588 0.467347 0.00194157 0.00110189 0.000413397 0.0334177 
0.209631 0.0409449 5.28765e-06 3.77079e-05 0.0222744 0.194058 0.00507361 0.0220372 0.0163758 0.0100866 7.97981e-05 6.35114e-06 0.212033 0.00073114 1.35858e-06 0.00432444 0.228945 3.92772e-05 0.000355024 4.83084e-05 0.0329119 
0.00292339 0.0196673 0.000291912 0.000707973 0.00580387 0.0193598 0.0560359 0.000717219 0.0372739 0.236664 4.22598e-12 0.0046991 1.13079e-07 0.252866 6.67385e-12 0.0033219 0.267868 0.000380936 0.006866 0.00235195 0.0822004 
0.0328394 0.00708526 3.3777e-05 0.000468167 0.0214897 0.137848 0.0297225 0.0006653 0.100233 0.0801157 0.000120924 0.000205277 0.26987 0.013239 3.76473e-09 0.0155111 0.274589 9.69021e-05 0.000496478 4.43511e-05 0.0153255 
0.0163082 0.0393776 0.000172731 0.00805378 0.00816693 0.184711 0.0261193 0.00169994 0.10035 0.150223 0.000123459 3.91043e-08 0.171912 0.0385447 0.000478437 0.00579401 0.222744 0.000316118 3.70147e-05 1.52573e-05 0.0248526 
0.019276 0.122709 3.79815e-07 3.80021e-07 3.80052e-07 0.0113316 0.156225 0.00539956 0.0204942 0.0947968 0.00170947 0.00539399 0.11563 3.8018e-07 3.79506e-07 0.0161577 0.410424 0.00460054 0.000380299 0.00288683 0.0125829 
0.0110993 0.0432678 2.97685e-05 0.00580716 0.00171018 0.0659047 0.0112711 0.00778769 0.129173 0.0288283 0.00525592 4.39859e-05 0.0866756 0.0920793 2.4239e-06 0.00540506 0.503416 0.000151132 9.61789e-05 0.000827611 0.00116778 
0.00462763 0.00576482 2.16939e-09 0.000129669 2.06705e-09 0.00372598 0.000660603 0.000447071 0.00115146 0.0351154 1.3259e-07 2.98231e-13 0.0115045 0.000289591 5.05528e-13 0.00142631 0.922462 8.95244e-10 2.20964e-09 9.76375e-08 0.0126945 
0.0144055 0.0424633 0.000139366 0.00120871 0.0240577 0.0379989 0.111209 0.00565663 0.0283539 0.0439819 0.000502767 0.00340264 0.236821 0.00294279 5.84405e-05 0.095813 0.329451 2.77419e-05 0.000191149 0.00446161 0.016853 
0.00458878 0.0340434 1.32153e-05 0.000718144 0.00103227 0.0339186 0.0138203 0.00780684 0.158477 0.0826635 0.000124129 2.0874e-05 0.00598623 0.199575 6.59685e-05 0.000843564 0.35416 0.00119621 0.018257 0.000579902 0.0821082 
0.0199119 0.0572525 8.16596e-08 0.00813778 0.00272103 0.0814243 0.00313082 0.0130878 0.0763756 0.0283276 8.16557e-08 8.99112e-05 0.0553938 0.0435746 8.1593e-08 0.00408689 0.511496 0.00145501 0.00187059 0.0852073 0.00645667 
0.00540349 0.000323746 3.5647e-11 1.21809e-07 1.76927e-07 0.0270428 0.0359463 6.9608e-08 0.0470706 0.220477 3.6825e-11 1.04085e-07 0.0015937 0.165443 5.81556e-11 0.00324803 0.493055 0.000123366 0.000246156 3.70209e-11 2.59012e-05 
0.00140504 0.0700684 6.8039e-07 0.00890838 0.0111006 0.0255488 0.0576358 0.0152697 0.0505587 0.166387 0.011873 0.000135288 0.0109801 0.220652 6.45434e-10 0.00234439 0.277794 3.49181e-05 0.000135451 0.0686561 0.000510963 
0.00179139 0.0258447 0.000413734 2.36093e-05 0.00319793 0.00654705 0.0438165 0.000977775 0.0179061 0.262106 0.00053028 9.07047e-05 0.0231467 0.0170192 9.70323e-08 0.0123569 0.462723 0.0135767 0.000963008 0.0754039 0.0315654 
0.000366273 0.0149837 3.43002e-05 7.98029e-05 0.00331963 0.0267306 0.012384 0.00569268 0.162105 0.0123434 6.88734e-05 5.58515e-07 0.222381 8.62849e-06 8.78373e-09 0.00443053 0.534153 1.47695e-09 7.1996e-10 1.18878e-12 0.000918153 
0.0586061 0.272914 0.00400333 0.000212986 0.0378469 0.0213897 0.000981648 0.0253474 0.036557 0.040928 0.0233222 1.01207e-07 0.0187134 0.00552793 5.77576e-09 0.00159818 0.447974 0.000831077 0.00269147 4.23487e-07 0.000554579 
0.011596 0.0219812 2.79791e-05 0.00180477 0.0143267 0.231431 0.0861667 0.00898194 0.0890357 0.118651 0.00462463 8.65617e-05 0.0528689 0.0273448 7.66901e-08 0.0126185 0.306369 0.000128431 0.000445102 0.00328484 0.00822586 
0.00320616 0.0277029 0.000173822 0.000511173 0.00160549 0.0888353 0.00356215 0.0180499 0.00554495 0.00739184 4.61858e-06 3.62185e-07 0.00571813 0.000916427 4.12314e-08 0.00138431 0.832391 9.68767e-06 9.84398e-05 0.000615497 0.0022776 
0.00148686 0.00275068 4.95486e-06 0.000120848 0.00456506 0.0476253 0.0206757 7.0858e-05 0.0772399 0.0519904 0.000678792 2.14925e-08 0.0770525 0.016748 1.18167e-05 0.0154239 0.612574 0.000158425 0.00122377 3.95098e-05 0.0695583 
0.00199159 0.0100483 3.20648e-09 0.000103343 0.0043695 0.177509 0.189538 0.00126347 0.00739611 0.0124269 3.83047e-08 6.89839e-09 0.120369 0.000762355 1.18396e-11 0.217272 0.253021 0.000220188 0.00108493 7.53689e-12 0.0026239 
0.0187848 0.0257222 3.09577e-08 0.000329298 0.0092058 0.118738 0.046678 0.000595014 0.0428853 0.0187845 2.19391e-08 2.23763e-06 0.153832 0.0114949 9.76323e-12 0.0172247 0.532046 0.000127534 0.000914203 8.92563e-07 0.00263485 
0.0109806 0.0456714 0.000861437 0.00278848 0.00458279 0.0799936 0.0370143 0.0248308 0.0352326 0.154244 0.000892435 2.63585e-05 0.0575885 0.0136743 4.18488e-06 0.0122909 0.493893 0.00741634 0.00455195 0.001044 0.0124179 
0.000941915 0.00391798 3.43227e-12 0.000890754 5.86457e-08 0.017392 0.000356566 8.76265e-08 0.0431215 0.0117692 3.54606e-08 3.63702e-09 0.0159143 0.0579062 1.1255e-09 0.000119191 0.847488 0.000178067 6.15871e-08 3.7196e-06 9.10428e-08 
0.0356963 0.047272 0.000748131 0.00114401 0.0323315 0.0329505 0.0267225 0.00515707 0.132368 0.149492 0.000919912 1.12945e-07 0.10082 0.0960666 9.90868e-10 0.00478941 0.29661 0.00388612 0.000153139 8.12734e-05 0.0327903 
0.0312658 0.0482441 1.73972e-05 0.000227162 0.0122909 0.0515771 0.0170243 0.00372546 0.064185 0.0834583 6.28212e-06 1.70993e-05 0.113621 0.0166748 3.37751e-08 0.0142588 0.536311 1.3505e-05 0.000139594 0.000588761 0.00635406 
0.00659118 0.0645629 0.00106914 0.00262796 0.0049259 0.117055 0.160273 0.0253406 0.0489864 0.0210467 2.10967e-05 1.17537e-05 0.0251662 0.0127021 1.15358e-07 0.0402616 0.441173 9.38556e-05 0.000223373 0.00373396 0.0241348 
0.00178545 0.00468772 0.0121667 4.99066e-08 0.0147645 0.232047 0.187546 0.00114873 0.0155594 0.0365574 8.22479e-06 6.02652e-09 0.0259677 0.0634267 2.91787e-12 0.0122899 0.369895 0.00016078 0.00285539 0.000911377 0.0182226 
0.00952541 0.0164763 0.000849706 0.00042477 0.00124371 0.14216 0.238017 0.0501222 0.0241812 0.094232 4.47836e-05 0.000990007 0.0134085 0.0533953 1.33422e-09 0.0188684 0.297112 0.000242034 0.00425105 0.00442369 0.0300321 
0.0164536 0.0138435 0.000792421 0.00698282 0.000885831 0.00495752 0.00296167 0.00361791 0.0286168 0.170038 0.010522 6.87766e-07 0.0908646 0.0185101 0.000888733 0.0926629 0.503548 0.00035313 0.0200957 0.000200516 0.0132042 
0.007727 0.0364346 7.30557e-05 0.0030773 0.00318887 0.151587 0.0402589 0.0202202 0.0361963 0.0619087 0.000386186 0.00494051 0.11672 0.015256 0.000787714 0.0417346 0.446443 0.000281977 0.00137995 0.000404948 0.010993 
0.0119709 0.0351321 0.000170212 0.00249644 0.0076486 0.143978 0.0167677 0.00829734 0.0290893 0.215348 0.000238504 9.33887e-06 0.0266413 0.0137498 2.27202e-10 0.00265249 0.459316 6.56651e-05 0.00329064 0.000459437 0.0226779 
0.000182921 0.000512511 2.84418e-08 0.000131119 0.00281848 0.15263 0.0440159 4.88648e-05 0.123414 0.214869 1.40218e-05 2.03403e-05 0.0111521 0.0672626 5.5937e-10 0.0016943 0.341902 4.79508e-06 0.00513477 3.56086e-10 0.0341915 
0.0255582 0.0399331 8.88754e-05 0.0015311 0.0268666 0.0425249 0.00217687 0.0271547 0.231604 0.0676165 5.24438e-05 2.79117e-05 0.236863 0.0134078 2.6574e-06 0.00476775 0.253123 5.68824e-05 0.00395397 0.00015179 0.022538 
0.0112225 0.0230788 0.00488152 0.00351502 0.00716374 0.231625 0.122997 0.0219259 0.0659363 0.0535008 0.00476272 0.000168612 0.103146 0.00967364 2.87543e-05 0.0343346 0.278324 0.00105907 0.00273167 0.000601081 0.019324 
0.00317011 0.0316864 0.000621903 0.00106214 0.0199767 0.0605446 0.0733989 0.0326141 0.0556481 0.0502556 0.000173548 7.17836e-06 0.14694 0.00434775 7.60197e-08 0.0633169 0.450084 1.43875e-05 0.0012324 0.000280213 0.00462505 
0.14124 0.089321 5.7341e-05 0.00261095 0.000458882 0.0348014 0.00253177 0.00326582 0.0873358 0.0343352 9.14639e-08 3.44469e-06 0.0422246 0.0131468 6.85041e-11 0.0133852 0.533168 4.37749e-06 2.09302e-06 3.17745e-07 0.00210684 
0.0146666 0.0159592 0.000173421 0.0015504 0.0167493 0.0472551 0.102906 0.0358911 0.0295041 0.163472 9.91682e-06 2.31498e-07 0.0637687 0.000963322 1.79355e-08 0.0306582 0.442882 9.29698e-06 0.000228977 1.96154e-07 0.0333517 
0.0151505 0.0334961 0.000278382 0.000706106 0.00384174 0.035876 0.0226958 0.0232661 0.0338488 0.183888 0.000220573 2.07815e-05 0.0697175 0.0176145 2.21955e-06 0.00898455 0.524893 0.00162677 0.000997653 0.00216899 0.0207058 
0.0210945 0.161575 4.46332e-05 0.0107536 0.00136848 0.0819493 0.0238846 0.00778533 0.112031 0.00834783 1.22909e-05 4.46451e-09 0.0673736 0.0110665 6.96881e-12 0.0039347 0.473392 1.18833e-05 1.10604e-08 7.85037e-05 0.0152963 
0.00529122 0.0301087 8.07512e-06 0.00128571 0.114717 0.155149 0.0214955 0.00250488 0.0659478 0.00840627 0.000121299 5.15496e-05 0.0354329 0.0078722 3.63097e-08 0.00329711 0.547765 1.84401e-05 4.15376e-08 2.92731e-07 0.000527066 
0.0106622 0.00205984 1.30668e-07 2.08668e-06 1.23323e-06 0.0100899 0.0245174 0.000174973 0.0560763 0.00817773 0.000403399 5.57684e-08 0.097628 0.007786 8.06964e-11 0.00967373 0.772684 6.30479e-05 4.25861e-08 5.137e-11 1.36235e-07 
0.0043633 0.0151602 2.14524e-05 0.000421862 0.00669514 0.125986 0.0331724 0.0109133 0.0256885 0.174202 0.000118159 2.76798e-06 0.0844221 0.0148477 4.01434e-05 0.0493967 0.430716 9.50543e-05 0.000290362 7.6395e-09 0.0234476 
0.000459617 0.00539778 0.00733671 0.00161671 0.000280328 0.0815161 0.198799 0.0261631 0.066092 0.180499 2.60662e-05 7.66151e-06 0.0250097 0.00572203 3.23229e-12 0.00850063 0.358202 0.0276923 0.00105592 1.81407e-05 0.00560465 
0.00083414 0.00428674 0.000505615 0.000983473 0.00106156 0.341533 0.00531407 0.000142593 0.00687714 0.00181324 1.90127e-06 4.96431e-07 0.0189394 0.0069539 6.96667e-12 0.000424256 0.572186 1.06576e-05 0.000773895 0.0370661 0.000292263 
0.0220942 0.0134124 1.48351e-06 0.00383827 0.000484634 0.0556114 0.0035439 0.0108692 0.101923 0.324652 1.48842e-07 0.000330829 0.0798301 0.012825 1.54859e-10 0.00135233 0.345194 0.000302576 0.000225385 5.81733e-06 0.0235044 
0.0027866 0.0146567 5.27167e-05 8.31529e-06 0.149863 0.196925 0.149405 0.0030307 0.11285 0.00883813 0.000623007 2.59443e-06 0.0581982 0.000462677 1.73986e-11 0.0166513 0.279088 3.58872e-05 0.000848348 0.000426144 0.00524874 
0.0161368 0.0521035 3.46929e-05 0.0020672 0.000888636 0.250296 0.0192368 0.0249969 0.0779644 0.0259089 0.0500441 0.000277563 0.0255728 0.0104397 2.71562e-06 0.00411141 0.257786 0.00234265 0.174027 0.000557386 0.0052045 
0.00336778 0.00225388 1.4292e-05 2.68435e-05 0.00645074 0.130039 0.0245004 5.97754e-05 0.172393 0.0149127 3.8777e-05 1.30423e-05 0.266544 0.0692869 2.912e-07 0.0210729 0.288505 0.000129766 5.1927e-08 2.73766e-11 0.000391471 
0.00480154 0.0298055 7.61147e-06 0.000160923 0.00286622 0.0507154 0.279559 0.00167556 0.104818 0.0118657 1.01871e-05 3.86336e-05 0.0149682 0.216222 6.35641e-11 0.000550054 0.281853 3.41352e-05 4.43004e-05 3.97684e-06 9.73501e-08 
0.0101329 0.0292744 8.55147e-06 0.000163852 0.00473906 0.234702 0.183943 0.00187481 0.0570186 0.038939 0.00387878 0.000553594 0.0915912 0.0173502 3.06138e-11 0.0162825 0.284441 0.000112308 0.00373823 1.36281e-05 0.0212427 
0.00150354 0.0245858 0.000578606 7.72947e-05 0.00813496 0.00307799 0.00115567 0.0174751 0.0045 0.183829 0.00136889 7.03391e-09 0.295482 0.00484999 0.000109121 0.04214 0.302385 0.0415619 0.0319755 5.54586e-08 0.0352101 
0.0240274 0.0788279 0.000118756 0.000122929 0.0381814 0.150203 0.000951071 0.0849552 0.041991 0.00355725 8.89402e-05 4.44205e-06 0.0193538 0.00582318 4.42818e-06 0.00172343 0.539242 0.00587827 0.000154588 0.00116206 0.00362911 
0.0179631 0.0123702 4.74202e-05 0.00121465 0.0318817 0.126474 0.000914267 0.0231793 0.0162484 0.00534713 0.0304087 0.00143066 0.0439808 0.0614177 2.55908e-07 0.00475155 0.588381 0.000304242 0.00110443 2.11662e-07 0.0325804 
0.000694549 0.00132729 0.00081125 0.000921685 0.00557646 0.00939806 0.193543 0.000280829 0.0203662 0.246704 0.000362828 0.00217111 0.0340418 0.0028673 5.28987e-12 0.0441371 0.389799 1.0392e-05 0.000259899 2.145e-08 0.0467276 
0.00148335 0.0106883 0.000178581 0.000235624 0.00204084 0.163633 0.308553 5.6546e-05 0.0229309 0.00656212 0.000496877 1.05214e-11 0.0766798 0.0013061 5.20609e-10 0.00728038 0.395178 2.7566e-05 0.00179829 6.59056e-09 0.000870476 
0.00377739 0.0136218 0.000143101 0.00213377 0.00386391 0.0346166 0.0278218 0.00513662 0.0179115 0.0141948 0.00567176 7.80181e-06 0.00765754 0.0185734 1.31062e-09 0.00214322 0.827684 1.60004e-05 0.000426728 0.000864847 0.0137334 
5.74228e-06 6.80558e-06 1.02551e-10 5.91299e-06 1.75224e-06 1.25515e-05 8.07031e-07 2.61814e-06 0.13829 0.057736 1.0594e-10 1.08668e-07 0.0820872 0.113909 1.67304e-10 1.36918e-06 0.457502 0.000509323 0.00533822 0.144587 2.72022e-06 
0.00864506 0.0123085 2.71463e-05 0.00905406 0.00465968 0.163206 0.202734 0.00312851 0.0267114 0.0662712 0.00113369 2.99202e-05 0.149437 0.0166161 2.58283e-11 0.0941535 0.227283 0.00174061 0.0104494 0.000831279 0.00158003 
4.35714e-05 0.000105302 4.26307e-08 1.60882e-05 4.40503e-07 0.0152048 0.29085 0.000608578 0.00149082 0.12944 3.60581e-06 1.53051e-08 0.0024528 0.000673341 7.59373e-11 0.00678173 0.548779 4.93788e-05 0.000510207 5.18013e-08 0.00299116 
0.0955871 0.0387072 0.00031371 0.00136938 0.0264859 0.024492 0.0114877 0.00202582 0.0214769 0.126265 0.00037314 1.10182e-05 0.0382643 0.143867 5.10622e-09 0.0098883 0.4489 0.000139245 0.000945245 0.0005441 0.00885728 
0.0172799 0.099367 1.83813e-05 0.0225472 0.00219104 0.0816084 0.0188335 0.0326372 0.153267 0.0796152 5.03017e-06 5.68947e-06 0.0673015 0.0777446 0.000181959 0.0103458 0.316092 8.69949e-05 0.000101835 0.0128667 0.00790294 
0.0206484 0.0525527 1.18638e-06 0.0314521 0.00219147 0.0676779 0.00265098 0.0519365 0.0332768 0.000242967 7.25368e-09 4.5e-08 0.0309856 0.000833675 6.27021e-13 0.000218628 0.70482 2.6344e-06 1.10959e-09 3.99151e-13 0.000508498 
0.0393828 0.00361322 0.0120052 3.83433e-07 0.0361608 0.205482 0.047774 0.000168511 0.0582468 0.00624345 0.014731 0.000398195 0.00356449 0.160902 4.2029e-07 0.00848772 0.400678 4.0775e-05 0.00125503 0.000270408 0.000595545 
0.0202923 0.116394 7.68759e-08 0.00295371 0.00857705 0.0881989 7.69542e-08 0.116754 0.0325916 0.00151627 0.15273 0.0027216 0.0253896 0.109708 7.68133e-08 0.00260092 0.302906 0.00843374 0.00170719 7.68721e-08 0.00652471 
0.000623202 0.00126732 0.00714802 0.000859692 4.96649e-07 0.018957 0.0166982 0.0218855 0.0986458 0.110187 0.053422 0.00127547 0.0335491 0.249799 1.81654e-10 0.000118198 0.382024 0.00202671 1.65648e-05 1.15638e-10 0.00149763 
0.0115817 0.0357267 5.75674e-05 0.00778233 0.00122436 0.197449 0.199465 0.03098 0.0772839 0.0711263 9.60154e-05 1.1131e-05 0.0169071 0.0280764 7.02469e-09 0.00835655 0.299536 0.000324477 0.0047738 0.00351218 0.00572989 
0.0172633 0.0154566 0.000101388 0.00138067 0.00307787 0.0988072 0.124048 0.000559089 0.014615 0.0290897 1.98173e-07 4.37243e-09 0.131723 0.00392868 4.12905e-12 0.00193552 0.555046 3.56044e-05 1.40883e-07 0.000554053 0.00237761 
0.0208222 0.089081 8.00225e-09 0.00221837 0.00017085 0.120833 9.31237e-05 0.00029681 0.0555469 0.00517448 2.5978e-11 1.18919e-08 0.188224 0.00229389 4.10255e-11 0.000361746 0.51474 1.05238e-08 1.31511e-07 2.61161e-11 0.000143559 
0.0046505 0.00852727 0.000660628 0.000586294 0.0134236 0.26782 0.00380166 0.0282129 0.0457172 0.0218851 1.75756e-05 0.000137676 0.0639402 0.00936868 1.36123e-05 0.00686603 0.512643 0.000117516 0.00287109 3.28287e-11 0.00874007 
0.00532555 0.00590579 2.52656e-06 0.0159399 0.000326602 0.0298508 1.19039e-05 0.000441544 0.0102118 0.0606063 6.6969e-05 2.15133e-08 0.0170218 0.0617104 0.0803546 4.27788e-05 0.711291 7.11492e-06 1.7514e-08 9.24367e-06 0.000873673 
0.0083542 0.0244628 1.20248e-05 0.00940342 0.00780028 0.205906 0.0195315 0.00436804 0.0976285 0.00630689 0.000507474 0.000122583 0.0105309 0.0211119 1.88215e-10 0.00498882 0.57865 4.73498e-05 1.56837e-06 4.44049e-07 0.000264766 
0.0109698 0.0360496 0.0308272 0.000703505 0.0308912 0.0143528 0.00336292 0.000325786 0.205418 0.12123 0.0430555 2.19765e-06 0.0689242 0.0115299 8.5208e-09 0.0264378 0.354204 0.00884646 0.000370901 1.07241e-07 0.0324986 
0.0140461 0.0503046 0.000381916 0.00136806 0.00257042 0.100867 0.0225028 0.0528477 0.0226191 0.112041 0.000696098 1.20122e-06 0.113814 0.0108695 4.91516e-07 0.00501933 0.472426 0.000372524 0.0006302 0.000262182 0.0163592 
0.0190375 0.0405742 0.000585727 0.00345859 0.0178758 0.141174 0.0214546 0.00498613 0.183689 0.0613325 0.000724179 6.8912e-05 0.120629 0.0229585 1.12173e-05 0.00665339 0.328181 0.00462002 0.00380162 0.00167064 0.0165124 
0.000982639 0.00357598 9.63453e-06 0.000430177 0.0011299 0.000876676 0.0244333 0.0818954 0.0482629 0.225896 9.43299e-06 0.000115786 0.0550449 0.0377786 6.25605e-06 0.009435 0.437727 3.19648e-05 2.66522e-06 1.13933e-11 0.0723562 
0.033684 0.0275975 0.000157705 0.00283403 0.00112813 0.0113638 0.0178728 0.0103903 0.0183111 0.324756 7.00498e-05 0.000111677 0.0505291 0.0196713 0.0143722 0.0226584 0.402103 2.99582e-05 0.000564215 5.86296e-06 0.0417893 
0.0119563 0.0390861 1.70539e-06 0.00319781 0.00049612 0.0198596 0.050082 0.00669914 0.061348 0.063906 2.39334e-05 4.65731e-08 0.0325956 0.00658485 1.12645e-06 0.00397812 0.673409 0.0106013 0.00233062 0.00113688 0.0127059 
0.0191413 0.0562967 0.00374734 0.00102802 0.00384473 0.0284621 0.0167795 0.055218 0.0280555 0.08627 0.000119853 1.96766e-06 0.0530159 0.00866923 4.56413e-08 0.00266062 0.613933 0.00710759 0.00277066 0.000795152 0.0120823 
0.0366297 0.0780524 0.00307859 1.69342e-05 0.0231128 0.011538 0.02822 0.013148 0.0617488 0.123087 0.000642343 6.11382e-05 0.0714538 0.0807087 1.33447e-09 0.0354244 0.35007 0.000229583 0.00166545 4.87858e-07 0.0811124 
0.000745539 0.0105224 1.32375e-07 5.48031e-05 0.00408198 0.0321631 0.0856088 0.168132 0.130071 0.00509375 1.08974e-07 2.28797e-11 0.0236654 0.00057969 3.8783e-11 0.00506344 0.53182 1.96058e-05 2.95556e-05 7.35769e-08 0.00234934 
0.0276229 0.0404718 6.68823e-06 0.00632698 0.0026993 0.257739 8.10633e-12 0.0232055 0.055743 0.000702029 0.00184595 6.54229e-08 0.0172129 0.0626976 6.43651e-11 1.18143e-06 0.503169 5.33104e-08 0.00039516 4.09738e-11 0.000160618 
0.0037332 0.0400223 1.89609e-07 0.0373122 0.00061389 0.247023 0.0774266 0.0451748 0.042142 0.0266605 0.000147792 1.70858e-05 0.115602 0.0063914 1.19391e-07 0.0111552 0.342293 5.64508e-05 0.000113088 1.24851e-05 0.00410228 
0.00684064 1.24146e-06 1.02507e-10 2.78964e-07 5.25961e-11 3.65425e-08 2.10618e-11 3.08958e-07 0.0317356 0.0849125 1.05895e-10 9.86576e-11 0.102437 0.0220097 1.67233e-10 1.17973e-06 0.658581 2.41605e-07 8.03171e-11 2.55605e-07 0.09348 
0.017423 0.0329282 6.7614e-08 0.00195426 0.000693941 0.164584 0.0225349 0.0356657 0.0547893 0.00963156 6.80501e-06 1.39304e-06 0.161447 0.00155591 1.6317e-06 0.030298 0.463402 2.46451e-05 1.19722e-05 8.11457e-06 0.00303698 
0.0134956 0.0517071 0.000468511 0.00081603 0.000253607 0.112138 0.038696 0.0570067 0.0694256 0.0569011 3.53276e-05 9.10513e-05 0.0383571 0.0276273 0.0040226 0.00201742 0.499357 0.000662073 0.0109447 0.00513555 0.0108416 
1.55062e-09 6.39262e-10 6.74585e-09 3.90518e-09 6.81903e-05 5.10648e-05 0.000105202 1.07571e-09 0.254476 0.0624274 1.40073e-06 6.49252e-09 9.52507e-05 0.0636123 1.10054e-08 4.68511e-06 0.619004 1.70946e-09 0.000141658 7.00584e-09 1.29128e-05 
0.0181116 0.0387918 0.00421571 0.00394298 0.0151928 0.0775604 0.0652993 0.0246236 0.0426578 0.144039 0.00489982 0.000227414 0.15392 0.016668 8.02727e-05 0.0517116 0.304307 0.00445227 0.00322201 0.00138861 0.0246885 
