0.0728706 0.0649467 0.000182216 0.00284395 0.0231086 0.200505 0.110056 0.0067946 0.124876 0.0227104 0.000141325 0.000293305 0.0723003 0.0061093 0.000158206 0.00642816 0.263629 2.76275e-05 0.0010779 5.02506e-05 0.0208912 
0.0468583 0.0111076 5.72683e-08 1.66203e-05 0.000149989 1.95285e-06 0.000125911 0.00119025 0.0252606 0.0443579 6.267e-10 2.79942e-07 0.142694 0.000801828 9.89711e-10 0.00397365 0.68822 1.53731e-10 3.46273e-07 6.30033e-10 0.0352412 
0.00213476 0.00108731 7.6138e-05 0.00816341 0.00115502 0.00294169 0.0260246 3.33346e-05 0.144939 0.0260179 3.58311e-05 1.61802e-05 0.0313881 0.515268 0.101912 0.000455791 0.0732017 7.32796e-06 0.000188409 0.0102459 0.054707 
0.772582 0.0797059 1.45384e-07 0.00138807 0.00122043 1.20424e-05 6.90131e-06 6.97397e-05 0.0664659 0.0229567 1.50188e-07 5.99933e-05 0.0130459 0.0269386 2.37183e-07 0.000147979 0.00417331 3.68415e-08 8.87078e-05 1.50987e-07 0.0111368 
0.0147983 0.0321611 2.26188e-10 0.000108803 0.0010357 0.0845597 0.0014876 0.000398171 0.169155 0.000818515 2.33662e-10 1.32569e-07 0.466812 0.0103072 3.69009e-10 0.00225734 0.191944 5.73179e-11 1.77224e-10 1.86816e-07 0.0241575 
0.972849 0.00493502 1.69109e-05 0.000632969 0.000217556 0.000870434 0.00160965 0.000280552 0.00101925 9.05869e-06 9.48872e-08 9.13913e-07 0.00593607 0.000353127 1.4985e-07 0.000486374 0.00200902 2.32761e-08 3.20762e-05 9.53918e-08 0.00874172 
6.98219e-08 1.79685e-07 1.84156e-08 4.87216e-08 2.13204e-07 0.0423059 0.00270357 4.17279e-08 0.0580788 0.00469838 9.849e-08 6.32775e-12 0.325668 1.46919e-09 1.07261e-11 0.00823731 0.55597 1.66608e-12 5.67171e-09 6.82804e-12 0.00233805 
7.71528e-07 4.42078e-06 1.43561e-06 1.39319e-06 1.08308e-10 2.44092e-06 6.20255e-07 2.65953e-07 0.0677057 0.207462 2.18063e-10 2.0316e-10 0.115032 1.6418e-05 3.44374e-10 1.29694e-07 0.609772 5.34914e-11 2.48254e-07 2.19223e-10 4.0406e-07 
0.0133267 0.0592538 0.0048791 0.285393 0.00536673 0.0230959 0.325398 0.0165615 0.0427053 0.0417151 0.000579172 0.00275458 0.0218388 0.0190715 0.0310913 0.0348698 0.0681519 8.88122e-05 0.000153762 0.00165937 0.00204596 
0.0047593 0.0234328 0.000140416 7.06857e-05 0.140885 0.197084 0.00487608 0.00968446 0.520417 0.00611266 0.000152873 2.97753e-05 0.0154567 0.00302786 2.55296e-05 0.0101406 0.04308 4.61728e-06 0.00219033 0.0130345 0.00539454 
0.00127829 0.0141616 1.24767e-05 6.02003e-06 0.00288911 0.00164505 0.00064597 1.77123e-05 0.000607496 0.15866 1.12532e-08 1.78792e-06 0.0273285 0.475104 1.77716e-08 0.0239978 0.0950462 2.76044e-09 0.000674635 1.13131e-08 0.197923 
0.973134 0.00491667 9.94204e-06 0.000610181 0.000205979 0.000861198 0.00158894 0.000274882 0.00100155 5.33251e-06 5.29866e-08 5.35339e-07 0.00590076 0.000342046 8.36787e-08 0.000464513 0.00199509 1.29977e-08 1.88609e-05 5.32684e-08 0.00866918 
0.127619 0.0784315 0.0400632 0.00157666 0.00760779 0.0435968 0.00499985 0.00554648 0.207306 0.16456 0.000851844 1.10812e-05 0.122761 0.0452865 2.94053e-07 0.00280378 0.143656 2.65849e-07 0.00014748 0.000282017 0.00289274 
3.12131e-06 0.0597387 6.5281e-10 0.064729 3.68783e-07 0.183292 0.28482 2.91582e-07 0.0921453 0.00844617 6.94683e-06 6.28294e-10 0.0360589 1.57066e-06 1.06501e-09 0.0320349 0.236277 1.65428e-10 5.63155e-07 0.00244516 2.19189e-10 
4.65272e-05 0.000534982 0.0544416 3.12292e-08 0.000224286 1.75947e-07 0.0143133 4.15161e-08 0.000187935 0.860866 1.94061e-07 1.50336e-08 0.00207002 0.000844715 7.40356e-09 0.0427136 0.0216132 1.14999e-09 2.98535e-05 4.70563e-05 0.00206613 
0.0459434 0.0944605 2.4571e-06 0.000124772 0.306864 0.0559328 0.0046532 0.000716044 0.0180477 2.39091e-05 1.75195e-07 3.68143e-07 0.20381 1.01238e-05 1.68153e-07 0.000576349 0.268795 1.30396e-07 9.11753e-06 1.00592e-06 2.87129e-05 
0.137809 0.40207 0.000602941 1.71596e-06 0.00517984 0.0639625 0.0501488 0.03111 0.0318806 0.135111 9.6354e-08 7.9352e-07 0.0832375 0.00172144 1.63962e-07 0.00165826 0.0486522 9.54096e-09 1.24222e-05 2.04481e-07 0.0068406 
0.017871 0.038398 3.08607e-06 0.00131233 0.000565928 0.0132827 0.0584166 0.0159546 0.036044 0.0161139 1.23864e-05 0.000156197 0.037343 0.00218494 3.37745e-06 0.739799 0.0195613 1.1343e-06 0.00114618 0.000100761 0.00172919 
0.0133124 0.0159284 2.33816e-12 5.17074e-08 0.00491845 0.00821947 0.0454116 0.745562 0.00174472 8.27851e-08 2.41543e-12 2.25035e-12 0.0464982 8.5362e-08 3.81454e-12 0.0251466 0.0863868 5.9251e-13 0.000340665 1.62719e-08 0.00653093 
0.0209199 0.392335 2.98029e-08 0.00636923 0.355299 0.023957 0.113743 0.00302452 0.0281085 0.00609372 0.000266249 1.07139e-09 0.00174513 4.35796e-07 1.8161e-09 1.26824e-05 0.0357767 2.82093e-10 8.72218e-10 9.48205e-06 0.0123388 
0.000690187 0.00309015 1.60194e-05 4.51169e-05 0.000630264 0.000202365 0.00257012 0.000517689 0.0246394 0.0089619 1.80294e-06 1.67973e-06 0.00272349 0.899794 2.84728e-06 0.00180127 0.0362155 4.42266e-07 0.0132487 3.92178e-05 0.00480796 
0.178924 0.369708 7.68542e-05 8.43922e-07 0.0110616 0.0314646 0.00134126 0.0491094 0.100803 0.011148 2.57766e-05 1.09033e-06 0.0798019 0.0101777 5.37372e-06 0.00197264 0.0715766 1.242e-07 0.00260867 4.79304e-07 0.080192 
0.0149087 0.117883 0.000500838 0.00858611 0.00118917 0.0764951 0.121764 0.0225635 0.0801047 0.315762 0.000376556 0.0141721 0.033045 0.0240948 0.000337035 0.00901655 0.126774 0.000209132 0.0298329 0.00110329 0.00128173 
0.104979 0.19716 7.73671e-07 0.00719622 0.000744807 0.0456019 0.00639069 0.00541366 0.42459 0.043714 1.60101e-08 3.54316e-07 0.0718305 0.0155019 0.00067199 8.31801e-05 0.0759091 3.92731e-09 0.000202312 1.60952e-08 9.18412e-06 
0.0965584 0.0269615 1.08861e-07 2.21738e-09 0.00696014 0.173646 2.53542e-07 0.000451042 0.00217905 0.00143776 1.59531e-06 3.68649e-09 0.603331 0.00745886 2.05489e-07 0.000112731 0.0170043 9.7064e-10 1.66857e-07 0.00277393 0.0611237 
0.0302474 2.332e-05 4.00649e-05 8.34907e-06 0.0196384 0.000945676 0.00228259 2.04037e-06 0.0987551 0.527118 2.05407e-08 1.91369e-08 0.116708 1.6674e-05 3.24387e-08 0.124947 3.5676e-05 5.03868e-09 1.55793e-08 2.06499e-08 0.0792316 
0.00387458 0.0276315 0.0164755 0.00391919 0.00216132 0.0248555 0.0507735 0.000246438 0.0844149 0.366602 0.00185276 0.0057205 0.153562 0.025233 0.000323699 0.00860903 0.220458 1.66214e-05 0.000120543 1.90655e-05 0.00312967 
0.00215221 0.0970679 3.05326e-06 0.0132229 0.164358 0.00568685 0.00875229 0.00206676 0.244512 0.0941476 0.000476566 3.1221e-07 0.214865 0.0206257 5.29222e-07 0.0478679 0.00633731 2.25854e-10 0.000571217 9.25613e-10 0.0772862 
0.00987922 3.71196e-06 5.73164e-09 3.31806e-09 0.117325 0.42064 6.38136e-06 2.14218e-06 0.0758394 0.00203026 5.92105e-09 5.5164e-09 0.278551 0.00683956 9.35077e-09 7.47138e-06 0.0509882 1.45245e-09 1.76454e-06 0.0378724 1.38565e-05 
0.000100462 3.40537e-05 3.99925e-05 1.23178e-06 0.0145502 0.0014241 0.000346103 7.50711e-06 0.000735177 0.77472 4.55301e-06 1.41995e-06 0.0114761 0.118589 2.09915e-06 0.0126711 0.009117 3.2606e-07 0.00106029 0.00127498 0.0538447 
0.000410315 0.00022972 1.29638e-05 0.000116362 0.00156054 0.00118177 0.882859 4.17696e-06 0.00395225 0.0103974 0.000249605 3.77227e-06 0.0247808 0.000825075 6.39432e-06 0.0500797 0.0227433 3.20938e-06 1.41986e-05 4.01375e-05 0.000529011 
0.062496 0.0908083 0.000180674 0.00210645 0.04304 0.0160955 0.0466076 0.00273127 0.540985 0.0338398 0.00050546 1.06785e-05 0.0894096 0.0497482 1.72308e-06 0.00786177 0.0123472 8.41686e-07 0.000347446 0.000433001 0.000443857 
6.95429e-06 1.19996e-05 3.97106e-06 1.37918e-09 0.427876 6.54837e-05 1.62322e-05 3.47514e-06 0.0420058 0.0656173 2.46114e-09 0.000537027 0.0421643 3.99351e-06 3.88673e-09 0.25772 0.162521 6.03723e-10 0.000189979 2.41324e-06 0.001254 
0.0223906 0.821667 2.25493e-06 1.30538e-06 0.0020103 0.000199268 0.000281995 0.00190596 0.0125571 0.0507702 0.00272961 2.17025e-06 0.0498277 0.000308502 0.00563762 0.027506 0.00215838 5.7142e-07 1.7668e-06 1.4861e-05 2.63912e-05 
0.0335726 0.0214182 0.00332139 7.12265e-05 0.080505 0.154881 0.00729087 0.0260224 0.0389739 0.20552 0.000223962 2.10633e-06 0.0446124 0.00664149 0.000135032 0.234637 0.10116 1.07237e-06 0.00549303 2.60323e-05 0.0354916 
6.35664e-05 4.22673e-05 0.000120725 0.000107868 0.000118749 0.000141142 7.81638e-05 3.47261e-05 0.000432642 0.00080627 3.43468e-05 3.19995e-05 0.000580149 0.994901 5.64718e-05 0.00010231 0.00071967 3.19782e-05 0.000126719 3.45295e-05 0.00143476 
0.00906127 0.00102431 0.000407281 4.65605e-07 0.00514589 0.00818451 0.00116187 0.01615 0.0021933 0.0211481 8.30869e-07 7.74085e-07 0.000914499 0.0186993 0.00114108 0.000222816 0.00395632 2.03814e-07 0.000194634 0.797908 0.112485 
0.000924262 0.0408413 0.000457123 0.000112416 0.0175173 0.00350004 0.437816 0.000431176 0.068143 0.0694575 0.000574606 0.0135965 0.0838638 0.0121548 0.00206604 0.0142155 0.226855 2.65288e-05 6.15981e-05 0.0062819 0.00110301 
0.0944348 0.0221178 1.01502e-05 0.0288255 0.567078 0.00366985 0.00857265 0.0170127 0.0571044 0.0452202 0.0414735 6.63169e-06 0.0122539 0.0528013 0.000138609 0.0310366 0.0164793 1.21557e-06 0.000348193 0.000928046 0.000486065 
0.000993266 0.0143698 0.870043 4.82071e-06 0.00060789 0.000611793 0.00288673 0.000477407 0.00323666 0.0819175 6.4885e-06 2.83344e-07 0.00980691 5.0296e-05 4.77435e-07 0.00186171 0.00869343 3.34792e-09 0.00066865 0.000230347 0.00353298 
0.00610077 0.0472709 0.000196705 0.00346079 0.00907028 0.0424168 0.0444549 0.00225367 0.621869 0.0197254 0.000236814 0.000147041 0.00907048 0.0868792 0.00015258 0.00703203 0.0981568 1.69474e-05 0.000150146 0.000100819 0.00123832 
0.000202215 0.0142652 1.63212e-10 3.87317e-08 1.30548e-06 0.00138927 0.00172238 4.90394e-08 0.0119305 0.293347 2.08125e-05 1.57083e-10 0.00509384 0.00135634 2.66269e-10 0.0293038 0.612423 4.13594e-11 0.000343366 2.85405e-07 0.0286009 
0.0191926 0.0151783 5.88417e-10 2.30879e-10 0.000755998 0.000253622 0.0020625 0.953291 0.00272981 0.000440777 2.48514e-12 2.3153e-12 0.00370415 0.000298597 3.92463e-12 2.36414e-05 0.00112451 6.0961e-13 9.15367e-06 6.05391e-09 0.000935265 
0.0191926 0.0151783 5.88417e-10 2.30879e-10 0.000755998 0.000253622 0.0020625 0.953291 0.00272981 0.000440777 2.48514e-12 2.3153e-12 0.00370415 0.000298597 3.92463e-12 2.36414e-05 0.00112451 6.0961e-13 9.15367e-06 6.05391e-09 0.000935265 
0.115618 0.0393019 5.70483e-06 0.138359 3.26696e-06 0.390691 3.7033e-06 0.0253429 0.0901694 6.45353e-06 2.82625e-07 5.257e-06 0.026791 3.38656e-06 4.46333e-07 7.29192e-06 0.173396 6.93286e-08 8.77302e-06 2.84128e-07 0.000286129 
0.0275155 0.116145 0.00273425 0.00316162 0.139967 1.63901e-07 0.0169621 0.0111941 0.130441 0.154448 0.00242307 0.000180261 0.149951 0.033906 0.000212823 0.0186323 0.170879 1.63874e-07 0.00470014 0.0042566 0.0122894 
0.0096221 0.0637092 3.61736e-07 0.000299156 2.84971e-05 0.00196906 0.00660759 0.00222545 0.898734 0.0016068 3.7369e-07 3.48152e-07 0.0087476 2.85377e-06 5.90147e-07 0.00131263 0.00331308 9.16672e-08 1.2174e-05 3.75678e-07 0.00180746 
0.0107816 0.046191 0.0021296 0.000319486 0.00256227 0.00831587 0.00750042 0.0240555 0.0307179 0.0228413 0.000481248 0.00382776 0.00775411 0.749285 0.00307387 0.01007 0.0548079 5.35831e-05 0.000980111 0.0015242 0.0127275 
0.00991738 0.0694919 0.000374224 0.000411118 0.136984 0.0214921 0.0217781 0.0171648 0.0460252 0.138331 0.000902726 0.000238245 0.0124582 0.420024 3.44621e-05 0.032381 0.0559216 2.31581e-05 0.00131469 0.00545715 0.00927422 
2.09931e-05 4.24985e-05 0.00171532 2.32776e-05 0.978528 0.000132456 0.00321959 3.11996e-05 0.00348943 0.00692374 0.000145718 1.09207e-05 0.00121798 0.000276875 7.47556e-05 0.00118778 0.00113036 7.60426e-07 0.000311061 7.64301e-05 0.00144125 
0.00826705 0.0370826 0.000109353 0.000121246 0.0238851 0.0194985 0.0598859 0.0227565 0.044294 0.0430641 0.011465 3.08066e-05 0.222774 0.0401108 0.000748854 0.143043 0.0247514 2.53214e-05 0.00469619 0.00113224 0.292258 
0.013314 0.0482716 1.38431e-06 0.000257888 0.000209949 0.0318971 0.0534487 0.00023602 0.0084351 0.12485 4.57451e-07 3.70597e-07 0.00612862 0.0137164 4.02036e-07 0.0248455 0.673018 1.69298e-07 1.22193e-05 1.76113e-05 0.00133869 
0.00566995 0.0649628 0.000405125 0.000240628 0.00154246 0.0191831 0.0238985 0.000580325 0.0178072 0.103347 0.00470382 6.86876e-05 0.0343581 0.0313983 0.00227051 0.669649 0.0158175 1.67909e-05 0.00131301 0.000140684 0.00262666 
1.78959e-05 0.0134228 1.22981e-07 6.94484e-05 0.631173 2.40878e-05 3.81334e-05 4.66935e-05 0.269947 0.0338294 7.57044e-05 1.74122e-06 0.0270266 0.000951984 2.95151e-06 5.13123e-05 2.44962e-05 3.11644e-08 4.57468e-06 1.27721e-07 0.0232919 
0.00445707 0.038938 0.00950765 0.00209922 0.00637504 0.0129508 0.0252895 0.00244467 0.18047 0.165675 0.00027553 0.000621379 0.182614 0.0115817 8.29929e-05 0.00972172 0.326643 4.65887e-05 0.00113132 0.000266108 0.0188089 
0.0174684 0.00692083 3.10114e-06 3.82454e-05 0.0209558 0.0125607 0.000259154 0.015822 0.00992212 0.019619 0.00258984 8.44689e-10 0.677828 0.000887341 1.11452e-06 0.023266 0.0899351 1.56836e-11 0.000133886 1.39071e-06 0.101788 
0.0854088 0.105558 1.16038e-06 0.0295746 0.000514862 0.000265592 0.0646506 0.0138388 0.000732364 0.0198389 1.19873e-06 1.1168e-06 0.00247367 0.495974 1.89308e-06 0.0437268 0.0309756 2.94051e-07 6.00841e-05 1.2051e-06 0.106401 
0.00117959 0.00455023 3.6264e-05 0.000349225 0.00114867 0.0106543 0.0744537 0.000199041 0.00963013 0.0228204 0.000105481 4.96421e-06 0.0439292 0.0639496 0.000119999 0.000302685 0.171161 3.52391e-06 0.0483912 0.546433 0.000577803 
0.176016 0.593652 4.37338e-06 0.000190023 0.0135959 0.017968 0.00143401 0.0166831 0.0144298 0.0153337 0.00211957 6.12638e-06 0.0860883 0.00196455 0.0156331 0.00596204 0.0361187 2.36577e-06 0.00158538 0.00033024 0.000882192 
0.0842221 0.258766 3.53655e-05 1.26779e-07 0.140923 0.161124 0.00166693 2.84328e-05 0.216905 1.49568e-06 0.000548668 2.40402e-06 0.0292178 0.0132469 7.15613e-07 6.89355e-07 0.0699967 5.60808e-11 0.00584124 3.14534e-07 0.0174713 
0.02098 0.822469 1.64566e-11 9.52675e-12 0.000625059 0.000699821 0.00464202 4.94041e-06 0.000353428 0.0170042 1.78464e-08 1.58386e-11 0.0307021 0.0004193 2.68478e-11 0.00261939 0.00965173 4.17025e-12 2.24667e-05 1.81732e-05 0.0897884 
0.0133262 0.312311 4.82804e-09 0.00699717 2.47725e-09 1.48382e-06 0.0863244 5.54401e-06 0.20081 1.3957e-05 2.49878e-06 4.64673e-09 0.0129167 0.3153 7.87661e-09 1.28918e-09 2.02834e-07 1.22347e-09 3.7829e-09 0.0519789 1.21597e-05 
0.18536 0.338856 0.000101142 0.00116181 0.170912 0.0113324 3.46738e-08 0.00360814 0.0696321 0.00301587 2.71812e-10 2.53236e-10 0.0260199 0.0212291 5.62816e-05 0.000254076 0.163385 6.66761e-11 3.84082e-05 7.48972e-06 0.00502889 
0.00065556 0.00168707 0.000172905 0.000457449 0.00200178 0.962052 0.00333955 0.000391785 0.00951649 0.000635629 0.000924726 5.94115e-08 0.00776067 1.37943e-05 1.00708e-07 0.00232247 0.00775978 1.56428e-08 5.32519e-05 6.41088e-08 0.000254957 
0.0057818 0.0113906 3.09166e-05 0.000706366 0.0139814 0.0177291 0.0152007 0.000764746 0.679843 0.035456 2.83192e-05 2.08276e-05 0.0331918 0.0563569 4.11351e-06 0.0118252 0.0235745 3.3276e-06 0.000155978 4.99167e-05 0.0939044 
0.0191926 0.0151783 5.88417e-10 2.30879e-10 0.000755998 0.000253622 0.0020625 0.953291 0.00272981 0.000440777 2.48514e-12 2.3153e-12 0.00370415 0.000298597 3.92463e-12 2.36414e-05 0.00112451 6.0961e-13 9.15367e-06 6.05391e-09 0.000935265 
0.00875733 0.0113095 0.00561177 0.00163338 0.0177684 0.013491 0.0159416 2.12701e-05 0.272796 0.0515041 0.0548282 0.00031025 0.0443999 0.376967 2.12913e-05 0.0200533 0.00883638 5.85757e-07 0.00153837 0.000457206 0.0937526 
0.00252051 0.00223683 1.47819e-06 0.00512159 0.0493559 0.0575295 0.0051499 6.21427e-05 0.0608719 0.555868 4.15535e-07 1.75415e-09 0.123997 0.0566964 1.2382e-08 0.001794 0.057902 4.61861e-10 6.44407e-06 4.02729e-05 0.0208462 
0.0420534 0.0461978 5.16762e-05 0.00111922 0.00162834 0.0409837 0.0395409 0.00249469 0.0286795 0.0565079 2.92664e-05 0.00010413 0.00705096 0.582182 0.000128026 0.00540792 0.0995063 2.26986e-05 0.00247345 0.000214931 0.0436237 
0.0191926 0.0151783 5.88417e-10 2.30879e-10 0.000755998 0.000253622 0.0020625 0.953291 0.00272981 0.000440777 2.48514e-12 2.3153e-12 0.00370415 0.000298597 3.92463e-12 2.36414e-05 0.00112451 6.0961e-13 9.15367e-06 6.05391e-09 0.000935265 
0.000790876 0.16282 9.15223e-06 3.23395e-08 9.25974e-06 0.00508149 0.000489068 3.40706e-05 0.0236931 0.0264444 2.26259e-05 7.87051e-06 0.00788191 0.064224 9.11375e-08 0.162574 0.227662 1.41563e-08 0.000178243 8.52466e-06 0.318069 
0.334857 0.158317 2.52497e-07 1.56778e-06 3.55419e-06 5.3081e-06 2.7429e-06 2.14885e-06 0.455877 5.40086e-06 6.50477e-10 6.12083e-08 0.00462405 0.0134418 0.000119985 4.22031e-06 0.0253555 1.59564e-10 0.00738011 2.55101e-06 2.11419e-10 
0.439012 0.18883 7.34711e-10 6.433e-07 0.0806984 0.0239349 1.4411e-06 0.00973672 0.072748 0.00339065 1.25214e-06 7.0712e-10 0.0388885 0.00648661 1.19863e-09 7.41839e-07 0.0292234 1.86182e-10 1.71793e-07 7.63027e-10 0.107047 
0.265189 0.048013 0.0525689 0.000235584 0.000828898 0.0469179 0.0717125 7.29553e-06 0.0717831 0.152342 0.000456749 4.54782e-06 0.00126815 0.139933 9.92204e-05 0.0166877 0.0132561 3.76674e-07 1.43625e-05 6.62455e-07 0.11868 
0.00437906 0.0398887 9.86261e-06 0.0285858 0.00672685 0.00247491 0.0252622 6.49732e-05 0.0791037 0.0103685 0.0127892 5.89116e-07 0.133833 0.0330644 0.00339704 0.547897 0.00233638 5.35485e-07 5.13252e-05 0.00121464 0.0685515 
3.22648e-06 9.82222e-06 0.948896 3.29665e-05 7.75249e-11 1.3927e-07 0.0150543 4.04797e-07 0.0241309 9.73966e-07 1.56085e-10 1.80333e-06 1.02587e-07 0.0113578 2.46496e-10 4.03445e-11 3.06396e-08 3.82881e-11 0.000511992 1.56915e-10 5.0731e-11 
0.041075 0.15456 0.00774692 0.00306433 0.00380885 0.0358682 0.0706749 0.00740954 0.184375 0.0740661 0.00460286 0.00130023 0.0313596 0.273349 0.000425641 0.00228937 0.088649 0.000121316 0.000670082 0.0125096 0.00207527 
0.0605136 0.0865195 1.69592e-05 1.39332e-07 0.00402236 0.00163997 0.0421217 0.000829123 0.263059 0.0867263 0.000226868 2.04562e-07 0.134666 0.0488597 0.000233239 0.114688 0.0811672 5.06508e-08 0.0549535 1.30303e-07 0.0197566 
3.12131e-06 0.0597387 6.5281e-10 0.064729 3.68783e-07 0.183292 0.28482 2.91582e-07 0.0921453 0.00844617 6.94683e-06 6.28294e-10 0.0360589 1.57066e-06 1.06501e-09 0.0320349 0.236277 1.65428e-10 5.63155e-07 0.00244516 2.19189e-10 
0.00696672 0.0313474 2.30795e-06 0.00016788 0.00285295 0.101122 0.0305002 0.000424651 0.0653133 0.0617282 0.000467375 0.000717608 0.305426 0.0160796 1.18583e-05 0.0183681 0.357256 1.37411e-06 3.63186e-05 1.45165e-06 0.00120882 
0.0260918 0.0273206 9.15976e-07 4.03265e-10 1.88005e-06 0.00824716 0.00531355 6.92192e-07 0.217476 0.0140138 3.36205e-05 6.70443e-10 0.0612902 0.234064 1.13646e-09 0.00648991 0.39633 1.76525e-10 5.45808e-10 7.23451e-10 0.0033259 
0.00343671 0.0113823 1.65662e-07 0.000587676 3.1609e-05 0.00697918 3.16622e-06 0.000893052 0.0677751 0.0404738 0.000266466 1.5944e-07 3.03291e-06 0.0211834 2.70265e-07 0.00881582 0.000232009 4.19801e-08 7.58706e-05 0.000366838 0.837493 
0.00797504 5.03019e-07 5.15535e-08 1.36393e-07 5.96852e-07 0.751767 9.95725e-07 1.16815e-07 0.20061 0.00159216 2.75717e-07 1.77142e-11 0.0242986 4.11292e-09 3.00271e-11 0.0113572 2.31366e-06 4.66409e-12 1.58776e-08 1.93059e-09 0.00239466 
0.0134671 0.0162971 0.00533031 0.00287411 0.00291605 0.0277497 0.0410164 0.00366685 0.296626 0.200688 5.39068e-05 0.000349451 0.151754 0.00915099 0.000335813 0.0267381 0.181004 1.01378e-05 0.00623446 0.000822174 0.0129154 
0.0220074 0.102989 0.0192537 0.104579 0.00669465 0.0832748 0.096661 0.00135833 0.0600425 0.06766 0.00139049 0.0970158 0.0201225 0.167099 0.00125065 0.00610909 0.129818 0.000450253 0.0012512 0.00414473 0.0068269 
3.12131e-06 0.0597387 6.5281e-10 0.064729 3.68783e-07 0.183292 0.28482 2.91582e-07 0.0921453 0.00844617 6.94683e-06 6.28294e-10 0.0360589 1.57066e-06 1.06501e-09 0.0320349 0.236277 1.65428e-10 5.63155e-07 0.00244516 2.19189e-10 
0.0852166 0.0107126 0.0003459 9.27629e-07 0.00818642 2.90224e-07 0.000486428 0.000134199 0.00879166 0.0347991 9.31872e-06 7.56174e-05 0.00250194 0.704189 2.35611e-07 0.000266697 0.00860042 2.29027e-07 7.31939e-07 0.000861353 0.13482 
0.00722765 0.00475271 1.32505e-07 0.00303767 0.00059156 0.00211189 0.000854902 0.000741673 0.973418 0.000444556 1.36884e-07 8.93978e-05 0.00157952 0.000614579 2.16172e-07 0.00176556 0.00156536 3.35779e-08 0.00120443 1.37612e-07 4.44901e-08 
0.0823301 0.818618 0.000927142 0.0240041 0.00294744 0.00127315 0.001956 0.00386834 0.0268361 0.0105314 0.00148487 2.48409e-06 0.00912604 0.00121521 5.56208e-06 0.000647827 0.00629751 1.89738e-06 0.000144331 0.00242076 0.00536162 
0.00230708 0.00174934 1.28309e-05 0.000162899 0.000150858 0.349124 0.0604854 1.27013e-05 0.035452 0.0379338 0.000378599 0.000437185 0.0306628 0.370163 0.00021374 0.000670203 0.077906 1.14739e-05 0.00140411 0.000318396 0.0304433 
0.0215318 0.0302166 0.00010755 0.00276133 0.00624121 0.198076 0.161307 0.00618788 0.0513949 0.0307851 0.0015644 6.37586e-05 0.16085 0.0104927 0.00013353 0.0458828 0.239845 3.13319e-05 0.000455965 0.000841668 0.0312305 
6.36598e-08 5.48127e-05 6.82193e-08 2.04942e-05 0.00756687 0.018238 0.0658994 0.00260104 0.000285247 0.048182 4.27679e-08 3.27755e-09 0.285686 1.41497e-08 8.21255e-08 0.105402 0.459213 1.34284e-11 0.000479423 5.50334e-11 0.00637177 
0.00518458 0.0516721 0.00162156 0.000859204 0.00213137 0.00513283 0.00371726 0.00574997 0.00714286 0.650037 0.00217991 0.0144013 0.047805 0.119716 0.0021335 0.0102595 0.0206032 0.000112769 0.000571647 0.0112363 0.0377318 
1.31782e-05 0.00854976 1.33783e-05 0.000249858 6.69528e-06 0.000311898 0.00588066 0.000100836 1.72143e-05 0.00399722 1.82384e-07 0.881178 4.90731e-07 0.09964 2.88029e-07 4.71422e-08 2.34299e-07 4.47393e-08 2.12658e-05 1.83354e-07 1.81835e-05 
0.509909 0.377105 0.000827434 0.000749763 0.00136113 0.0170734 0.00177216 0.020113 0.0132857 0.0114327 0.00275339 4.36091e-06 0.00889416 0.00817461 8.80931e-06 0.000761211 0.0172179 6.77374e-07 0.000461795 3.50518e-05 0.0080592 
0.00754088 0.0311655 0.00460363 0.274639 0.00592349 0.0372817 0.394979 0.0176019 0.0304888 0.0336172 0.000761225 0.00348551 0.0112062 0.0207746 0.0367425 0.0350097 0.0522491 5.06167e-05 0.000324999 0.000997277 0.000557105 
0.559642 0.000377486 4.65163e-07 0.000257264 0.000831793 7.72833e-06 0.00673992 2.91712e-05 0.128094 0.0830886 4.80534e-07 4.47694e-07 0.0360493 0.00361872 7.5888e-07 1.24207e-07 6.37574e-05 1.17876e-07 0.0570531 4.8309e-07 0.124145 
0.0185973 0.626945 0.148288 0.000835952 0.00035773 0.000740366 0.000580915 0.146851 0.0400724 0.00156405 7.49618e-06 1.1648e-07 0.000337676 0.000308568 3.62991e-10 0.00646203 0.000132856 5.63831e-11 1.52978e-07 0.00787018 4.82604e-05 
5.61158e-06 0.0116307 2.13154e-08 2.81705e-06 2.22125e-05 5.56922e-07 0.0342847 0.000234754 0.17782 0.240737 1.0032e-05 2.05149e-08 0.00578449 0.323016 3.47745e-08 0.0158677 1.03368e-05 5.4015e-09 1.67012e-08 0.0016714 0.188902 
0.0348594 0.117919 0.000972379 0.000667447 0.000782404 0.00142222 0.00786997 0.0348994 0.00626842 0.250672 2.20243e-05 3.46265e-05 0.0510709 0.0234572 0.000672639 0.00136995 0.0757281 1.09044e-05 0.000194914 7.46906e-05 0.391031 
0.027951 0.0398668 0.00170241 0.00235157 8.26918e-05 0.000133418 0.00197807 0.00931059 0.0627445 1.8752e-05 0.851632 1.99884e-07 0.000444698 9.67936e-06 4.00367e-07 5.72676e-06 1.37458e-05 1.71965e-08 0.00174382 5.09349e-06 4.75009e-06 
0.00271069 0.00628523 0.000542606 2.56803e-05 0.00183595 0.000817453 0.00188379 0.000622481 0.0421655 0.653978 0.00042365 2.22179e-06 0.0315382 0.00798395 8.10609e-06 0.00769567 0.0614559 1.62204e-06 0.0102075 0.000196833 0.16962 
0.0202166 0.974255 1.68915e-08 1.24365e-07 0.00145979 1.31168e-07 2.18185e-05 0.00163128 0.00192973 1.0275e-05 3.99367e-07 2.36617e-09 0.000307115 2.38024e-05 5.25713e-06 2.87348e-08 9.57641e-06 6.23004e-10 1.9263e-09 2.55325e-09 0.000128618 
0.0296143 0.13202 0.000139597 0.00999801 0.00334585 0.0197976 0.00898465 0.0355384 0.678192 0.0160347 0.000123099 9.17375e-05 0.0143011 0.0143601 2.0053e-05 0.00435487 0.0220905 1.3949e-05 0.00052713 0.0012942 0.00915818 
0.00192348 0.00447948 8.14844e-09 0.00414744 9.45137e-08 0.0177132 0.0589394 0.0121831 0.00977129 0.163326 1.11323e-08 3.54313e-09 0.0149393 0.000691695 4.28687e-12 0.0523215 0.610364 6.65877e-13 0.000168658 2.72895e-12 0.0490319 
0.0209389 0.0791969 0.00526686 0.000866722 0.034394 0.0187195 0.0178704 0.0206985 0.101792 0.381453 0.0226778 0.00167942 0.0435681 0.0865366 0.000791399 0.0549828 0.0841404 0.000128674 0.00178348 0.00701817 0.0154961 
0.224769 0.358512 0.000354854 0.0251247 0.000694927 0.00795467 1.31631e-05 0.019189 0.194858 0.00087281 3.0939e-07 1.24709e-09 0.031071 3.49323e-05 2.11392e-09 0.11686 0.00982865 6.93273e-11 0.00834441 2.84123e-10 0.00151796 
0.000110347 0.00545189 0.000945438 2.03348e-08 3.67135e-07 1.22672e-07 0.000668397 9.26374e-05 0.000385649 0.792853 7.03377e-05 8.02338e-09 0.0119049 0.0139582 9.62431e-10 0.0834452 0.0175708 1.49494e-10 0.00064278 0.000107279 0.071793 
0.0348066 0.0731613 2.67918e-07 5.39936e-05 7.03169e-06 0.00795255 0.00467679 0.220904 0.435987 0.0397333 2.45288e-07 1.7032e-08 0.107238 0.00943168 3.41042e-08 0.0355741 0.0235115 1.14654e-09 0.000288775 4.37239e-05 0.0066296 
0.000600133 0.00080103 0.408662 3.00345e-09 0.00329513 1.84156e-08 0.0100506 4.28321e-09 0.000527257 0.538521 1.98844e-08 1.12037e-09 1.69754e-07 9.39136e-09 7.9097e-13 0.00691756 0.0241551 1.22861e-13 0.000426145 1.02219e-08 0.00604424 
0.00458817 0.508101 0.0758016 0.00014117 0.000176023 0.00052034 2.57458e-05 0.256733 0.107844 0.00038701 7.02985e-05 1.36112e-07 0.000692072 1.52774e-05 7.91243e-08 0.00120289 4.71449e-05 3.11732e-08 7.54508e-05 0.0435774 1.86326e-06 
0.00706455 0.0216738 1.50418e-08 4.38314e-06 0.00236414 0.0172245 0.00216899 0.000154706 0.0447805 0.00181076 1.02069e-10 5.28571e-08 0.0407883 0.000221869 1.61192e-10 0.000156996 0.835183 2.50378e-11 7.74156e-11 1.02612e-10 0.0264032 
0.018341 3.25757e-06 4.26935e-09 2.47153e-09 3.65186e-06 0.000640471 0.000218276 1.80539e-06 0.0105603 0.00542571 4.41043e-09 4.10902e-09 0.123485 3.67429e-06 6.96514e-09 0.00337114 0.615054 1.08189e-09 3.34515e-09 2.88556e-07 0.222891 
0.0186717 0.0819077 0.00243781 0.020598 0.00885546 0.0526862 0.0306818 0.0470605 0.567773 0.0196266 0.00144122 0.00108458 0.0440947 0.00811871 0.00125452 0.0126095 0.0712128 0.000282519 0.00169511 0.00448198 0.0034255 
0.0736696 0.678873 0.00673584 0.000173921 0.0168307 0.0450333 0.00628278 0.00723784 0.127823 0.00560599 1.54497e-05 0.000453261 0.00305994 0.0181802 6.98989e-08 0.00631 0.00363714 5.49847e-08 5.15349e-07 1.13827e-07 7.67271e-05 
0.00890844 0.0186788 6.87e-06 0.000882727 0.0559136 0.220327 0.0222891 0.00345004 0.0655266 0.00528467 0.000368884 8.13586e-06 0.0668722 0.00326764 8.06601e-06 0.00194435 0.52497 2.90325e-06 0.000117145 3.60684e-05 0.00113637 
0.00752658 0.0194757 9.73148e-05 3.45782e-05 0.00152089 0.000292198 0.005787 0.000318717 0.831401 0.0134903 0.00177736 2.59859e-06 0.0599089 0.0532873 4.69718e-06 0.000949767 0.00229485 2.12204e-06 0.000341568 2.59738e-05 0.00146025 
0.0103909 0.0569141 0.000483903 0.00117348 0.0187066 0.0291384 0.215311 0.00741756 0.285491 0.0594702 0.0598574 0.00980895 0.040076 0.114734 0.00718615 0.0184499 0.0573565 0.000143168 0.00225798 0.00271854 0.00291501 
0.00797504 5.03019e-07 5.15535e-08 1.36393e-07 5.96852e-07 0.751767 9.95725e-07 1.16815e-07 0.20061 0.00159216 2.75717e-07 1.77142e-11 0.0242986 4.11292e-09 3.00271e-11 0.0113572 2.31366e-06 4.66409e-12 1.58776e-08 1.93059e-09 0.00239466 
0.0528013 0.0291842 0.00102194 0.00279429 0.00381714 0.0292457 0.0168091 0.000712024 0.215236 0.0339838 0.00106472 4.48977e-05 0.465627 0.0148347 0.00050665 0.0291555 0.068269 1.46503e-05 0.0106889 0.000377739 0.0238107 
0.00797504 5.03019e-07 5.15535e-08 1.36393e-07 5.96852e-07 0.751767 9.95725e-07 1.16815e-07 0.20061 0.00159216 2.75717e-07 1.77142e-11 0.0242986 4.11292e-09 3.00271e-11 0.0113572 2.31366e-06 4.66409e-12 1.58776e-08 1.93059e-09 0.00239466 
0.0261304 0.15883 2.76211e-05 9.40318e-05 0.168298 0.000362301 0.0340979 0.000705632 0.0734943 0.0105703 2.84157e-05 0.000362217 0.038262 0.451437 7.61467e-05 0.000415069 0.0249774 5.54903e-06 1.69845e-05 0.000171922 0.0116369 
0.0296029 0.0559942 0.00263051 0.000158926 0.0157185 0.029704 0.187457 0.00187144 0.149681 0.0440102 0.000118256 3.00118e-05 0.0446185 0.030892 0.0623538 0.0318577 0.294823 1.87384e-05 0.000255217 7.0788e-05 0.0181338 
0.00797504 5.03019e-07 5.15535e-08 1.36393e-07 5.96852e-07 0.751767 9.95725e-07 1.16815e-07 0.20061 0.00159216 2.75717e-07 1.77142e-11 0.0242986 4.11292e-09 3.00271e-11 0.0113572 2.31366e-06 4.66409e-12 1.58776e-08 1.93059e-09 0.00239466 
0.0144055 0.0424633 0.000139366 0.00120871 0.0240577 0.0379989 0.111209 0.00565663 0.0283539 0.0439819 0.000502767 0.00340264 0.236821 0.00294279 5.84405e-05 0.095813 0.329451 2.77419e-05 0.000191149 0.00446161 0.016853 
0.0241239 0.0118672 0.00076256 8.15774e-09 6.87317e-07 0.0174479 0.0241418 8.01176e-08 0.497151 0.032695 1.16763e-06 1.34283e-10 0.257579 0.0176384 2.27621e-10 0.00526664 0.0506867 3.53562e-11 1.47593e-06 2.15915e-06 0.060634 
0.0110572 0.0704 1.28362e-07 0.000732904 0.000627347 0.0145164 0.00389495 0.0205246 0.018397 0.0467553 1.33451e-06 4.20195e-06 0.412393 0.00212311 1.2384e-06 0.11557 0.279713 5.07995e-08 0.000450941 5.35161e-07 0.00283685 
0.0308797 0.0308724 0.000234835 0.000452864 0.0305904 0.0113811 0.033038 0.00222384 0.672264 0.0354556 0.00016095 0.0012091 0.0141864 0.0624838 6.7442e-05 0.0361113 0.0211417 3.33752e-05 5.40728e-05 0.00250762 0.0146513 
0.000774185 0.00204513 5.00507e-05 6.67047e-06 0.00254918 0.00801872 0.00415995 0.00893039 0.0130223 0.223453 2.37883e-05 4.02165e-07 0.568103 0.00176906 1.85976e-06 0.00888181 0.152249 1.58483e-08 1.22828e-05 3.97506e-05 0.0059091 
0.0180352 0.0170159 0.000360341 9.18113e-05 0.581114 0.0125591 0.0139819 0.000214613 0.00427241 0.0357071 5.70434e-07 1.80945e-07 0.271232 0.000529228 6.93875e-07 0.0029931 0.0252444 1.60744e-07 3.21242e-05 2.80894e-07 0.0166149 
0.0137216 0.0184359 2.76808e-08 8.59194e-06 0.000544571 0.000182365 0.00147952 0.9564 0.00195398 0.000316964 2.82618e-10 2.63303e-10 0.00265155 0.00021565 4.46321e-10 1.75775e-05 0.00339064 6.93268e-11 7.50368e-06 3.47536e-07 0.000672862 
0.000774185 0.00204513 5.00507e-05 6.67047e-06 0.00254918 0.00801872 0.00415995 0.00893039 0.0130223 0.223453 2.37883e-05 4.02165e-07 0.568103 0.00176906 1.85976e-06 0.00888181 0.152249 1.58483e-08 1.22828e-05 3.97506e-05 0.0059091 
0.000839018 0.00282587 5.38031e-05 6.78737e-06 0.00273761 0.00839564 0.0042177 0.0112479 0.0158985 0.219423 7.62607e-05 1.9815e-06 0.56605 0.00198055 2.34744e-06 0.00860958 0.151405 2.15042e-07 1.29012e-05 4.24531e-05 0.006173 
0.187058 0.518505 3.60515e-07 0.025125 0.000490909 0.00420667 7.70813e-06 0.0191821 0.137242 0.000229571 3.16277e-07 1.32823e-09 0.00707246 0.00109009 2.25147e-09 0.0900614 0.00155462 7.67494e-11 0.007853 9.26227e-08 0.000320421 
0.000341123 0.00370671 2.12124e-06 8.47129e-05 0.0100545 0.0105617 0.422478 3.62934e-06 0.0202755 0.0120222 4.57225e-08 0.000441166 0.0432339 0.0047721 0.0666156 0.402041 0.00312429 1.12158e-08 8.24214e-05 4.59657e-08 0.000159667 
0.0348594 0.117919 0.000972379 0.000667447 0.000782404 0.00142222 0.00786997 0.0348994 0.00626842 0.250672 2.20243e-05 3.46265e-05 0.0510709 0.0234572 0.000672639 0.00136995 0.0757281 1.09044e-05 0.000194914 7.46906e-05 0.391031 
0.00797504 5.03019e-07 5.15535e-08 1.36393e-07 5.96852e-07 0.751767 9.95725e-07 1.16815e-07 0.20061 0.00159216 2.75717e-07 1.77142e-11 0.0242986 4.11292e-09 3.00271e-11 0.0113572 2.31366e-06 4.66409e-12 1.58776e-08 1.93059e-09 0.00239466 
0.00274567 0.850305 2.05272e-07 0.00223879 0.000105232 0.000212431 0.00687889 0.000261659 0.0426066 0.000225616 2.12056e-07 1.97563e-07 3.18498e-05 0.0846325 3.34887e-07 5.48116e-08 1.17251e-05 5.20178e-08 0.000267375 0.00947504 6.89226e-08 
0.0016934 0.00664155 0.000373257 0.00199652 0.00489027 0.0163695 0.0246518 0.000218546 0.0126609 0.0741772 0.0158379 0.000215806 0.0776941 0.0133197 0.00144173 0.703219 0.0439478 2.47032e-05 2.73175e-05 3.89854e-05 0.000560272 
0.00177631 0.00614408 0.000706717 1.19073e-08 0.00147667 0.0629224 0.000255412 1.47058e-07 0.0493666 0.0068206 1.037e-11 9.66127e-12 0.53315 3.61063e-09 1.63767e-11 0.0104996 0.324233 2.54378e-12 2.64038e-05 1.04251e-11 0.00262239 
0.0256685 0.0456814 0.000366652 0.00129001 0.00488393 0.264647 0.11035 0.000960623 0.0850234 0.0315418 0.00104341 0.000279549 0.0851995 0.0105297 0.000138445 0.0109644 0.313092 4.00789e-05 0.000428289 0.00658239 0.00128924 
0.0152553 0.00835184 4.61591e-05 2.08378e-06 0.0117029 0.00816998 0.0137545 0.0141827 0.106636 0.143008 3.4696e-05 4.25865e-08 0.529346 0.0194898 5.69476e-09 0.00119952 0.0967046 8.84563e-10 0.00607194 8.55347e-07 0.0260429 
0.0116567 0.0849616 1.65408e-07 0.151921 0.00795213 0.00877419 6.47189e-05 0.0063345 0.04561 0.236818 1.73728e-05 5.16741e-06 0.00141987 0.396619 2.69851e-07 0.000562646 0.000151658 4.19158e-08 8.73001e-06 9.97788e-06 0.0471121 
0.287405 0.363122 6.69206e-05 0.0117129 0.00459768 0.0218921 0.00174448 0.0525935 0.0526685 0.00993034 0.00591702 8.11829e-05 0.0545496 0.00949074 0.00329092 0.00919065 0.0950555 6.05769e-05 0.00085444 0.000570666 0.0152054 
0.0440437 0.634491 2.4248e-07 0.302159 6.36493e-06 8.03043e-09 3.08759e-07 0.00787514 1.96195e-06 1.44337e-06 2.21996e-07 1.5385e-08 0.00433006 0.0032789 3.08162e-08 4.40799e-07 0.00381001 3.67922e-12 3.26501e-07 3.92054e-07 3.65622e-07 
0.000134005 2.34839e-05 3.55389e-10 8.95791e-06 0.00556366 0.00969663 0.00236939 0.000803791 0.000621182 5.05309e-08 7.72876e-07 9.90494e-08 0.0036988 6.46428e-05 5.79792e-10 0.967528 0.00925284 9.00586e-11 2.53157e-05 1.12106e-06 0.000207254 
0.418359 0.125168 0.00755285 0.000762748 0.00958852 0.0194495 0.0734504 0.00597204 0.0404388 0.0309158 0.000594422 0.0579415 0.0162424 0.127638 0.000715229 0.015208 0.0143632 0.000246079 0.010013 0.00898578 0.0163942 
0.0172471 0.576088 0.000202091 1.39133e-05 0.0108778 0.00256743 0.0436691 0.00368603 0.187268 0.0329568 0.000556074 1.09492e-09 0.0458382 1.34952e-06 1.85598e-09 0.00357385 0.0750401 2.88288e-10 0.000400617 1.18149e-09 1.29162e-05 
7.99321e-05 0.0383677 1.3349e-05 2.66854e-05 0.000308198 4.21429e-05 0.00527509 0.000187329 0.0329939 0.00198491 2.49791e-07 1.77701e-05 7.87874e-05 0.905255 3.9448e-07 0.00188748 0.000114032 6.12744e-08 0.0132486 2.5112e-07 0.000118096 
0.00856039 0.0528165 0.000897326 4.93462e-06 0.00391493 0.00374635 0.000613934 0.00356383 0.0175919 0.316135 1.5609e-05 4.03499e-07 0.0507096 0.00710333 5.38426e-07 0.0168883 0.380132 6.02177e-09 9.8081e-05 0.000376639 0.13683 
0.00591594 0.0438992 8.67573e-05 0.000180886 0.089982 0.0727558 0.0953112 0.0101506 0.0739186 0.0163042 0.00472171 0.000688839 0.130906 0.00218241 0.000306407 0.00903306 0.426805 1.29245e-05 0.000138835 0.000181991 0.0165172 
0.0138052 0.0966268 0.000159806 1.46813e-05 0.0384623 0.12377 0.0688522 7.20339e-05 0.0491385 0.0729001 0.000203228 4.17042e-06 0.295433 0.0095259 2.20917e-06 0.0249071 0.135831 7.36873e-08 0.000339972 0.0206357 0.0493159 
0.00327668 0.00256037 4.79476e-05 1.58334e-05 0.00100153 0.0297687 0.00633918 1.04726e-07 0.0323848 0.0452721 0.0106895 3.00568e-07 0.226185 1.06495e-06 1.45736e-06 0.610351 8.33496e-07 8.26571e-08 0.00161544 0.0285025 0.00198528 
0.000341276 0.0239852 0.0267564 4.52613e-06 0.0134428 0.000408356 0.0129278 8.50381e-05 0.0607539 0.144311 0.000303055 4.42056e-06 0.0268222 0.00562358 8.6021e-07 0.00936581 0.0611445 3.66066e-08 0.000382155 0.602152 0.0111849 
0.00302434 0.112536 0.0116828 0.000546833 0.0105156 0.00942477 0.0337141 0.0125016 0.0715962 0.0712308 0.00118266 0.0311752 0.0222225 0.429427 0.0124862 0.0116163 0.121793 0.000385862 0.00240584 0.00335496 0.027178 
0.00976355 0.00514541 5.38919e-11 3.11981e-11 0.0678 0.200261 0.247177 3.2529e-07 0.114441 0.031323 1.58438e-06 5.18681e-11 0.303386 2.00691e-07 8.79209e-11 0.0201613 2.08205e-07 1.36567e-11 1.02398e-07 5.59689e-11 0.000538421 
0.0124681 0.0254667 0.000171587 0.0031762 0.00533521 0.0342516 0.121419 0.000800472 0.0709063 0.0791507 0.00044083 0.00461814 0.0832825 0.0153079 0.000413971 0.0285756 0.493147 0.000163482 0.00300071 0.00507001 0.0128333 
0.0212378 0.227535 0.00225659 0.00036466 1.35204e-07 0.000211884 0.00236016 0.00312072 0.537014 0.0304504 2.72215e-07 2.53611e-07 0.00022938 0.154622 4.29893e-07 5.97181e-05 3.59057e-05 6.67749e-08 0.0177284 2.73662e-07 0.00277182 
5.18481e-06 0.00898923 3.56477e-09 2.40706e-06 1.82907e-09 2.13327e-05 5.16184e-06 8.05006e-07 0.808438 0.00775907 4.55255e-06 3.4309e-09 2.50049e-06 0.117225 5.81566e-09 0.0493991 0.00814676 9.03343e-10 7.00317e-07 3.70215e-09 1.19691e-09 
0.000774185 0.00204513 5.00507e-05 6.67047e-06 0.00254918 0.00801872 0.00415995 0.00893039 0.0130223 0.223453 2.37883e-05 4.02165e-07 0.568103 0.00176906 1.85976e-06 0.00888181 0.152249 1.58483e-08 1.22828e-05 3.97506e-05 0.0059091 
0.00866238 0.0134648 8.40201e-08 0.000161883 0.0304432 0.000244621 0.000962387 0.00103775 0.202675 0.0962143 0.000700741 4.32389e-07 0.345114 0.0399095 9.98895e-05 0.0223936 0.209311 1.41171e-08 0.00675347 1.35845e-07 0.0218509 
0.00844916 0.0419251 4.99938e-05 0.000139045 0.000160351 0.0355599 0.00123764 0.0419923 0.00363959 0.0137167 2.78168e-05 9.75114e-06 0.0100933 0.691981 0.000393693 0.00218451 0.104383 6.66486e-06 0.00152932 0.0093393 0.0331821 
0.0165418 0.0100469 6.90786e-08 0.00112001 0.000614478 0.0115054 0.00951874 0.00112093 0.00710138 0.000183711 0.00396041 2.51404e-07 0.00784843 6.66352e-08 7.4928e-10 0.913152 0.00150936 1.16385e-10 1.92235e-06 0.0157567 1.72788e-05 
0.0684257 0.0201084 0.000778688 0.000525772 0.0166453 0.0357234 0.0146966 0.00402211 0.0242359 0.0987306 0.000245699 0.000144338 0.480046 0.0263752 0.0011309 0.018467 0.111905 0.000113734 0.00269504 0.000318507 0.0746658 
0.00494375 0.0151941 0.0447755 0.000573826 0.0182415 0.0689624 0.0264234 0.00104175 0.0141316 0.234968 0.00348855 0.00148352 0.333523 0.0254648 0.00303386 0.0380877 0.145392 9.29564e-07 0.0022808 0.000329566 0.0176596 
5.55572e-05 0.858487 1.78593e-05 1.84588e-09 1.63605e-09 0.00298193 3.2365e-05 6.68632e-05 0.10765 1.13369e-05 3.29396e-09 1.53472e-05 0.0306031 2.18275e-05 5.20196e-09 8.51414e-10 1.86116e-05 8.08016e-10 1.00184e-06 3.31148e-09 3.76864e-05 
0.198829 0.208542 1.53609e-11 0.0139454 0.000596694 0.0317542 0.00311203 0.00301799 0.478645 0.0016389 1.58685e-11 7.26492e-06 0.0160771 0.00133238 2.50602e-11 0.0102136 0.0306683 3.89259e-12 0.0016198 1.59529e-11 5.15761e-12 
8.25036e-06 0.029638 1.81314e-05 0.00260871 2.00207e-09 0.0108484 0.0599676 5.03927e-07 0.0469877 0.103828 0.217794 1.16873e-05 6.96127e-06 0.468444 6.36573e-09 4.40141e-06 0.0598286 9.88784e-10 3.05727e-09 4.05231e-09 4.98121e-06 
0.733009 0.147926 0.000480398 0.000111203 0.0146971 0.00346276 0.0108857 0.00251937 0.00645143 0.0127016 4.73338e-05 2.35548e-05 0.00388538 0.0233482 0.0248532 1.62409e-06 0.00715595 3.51695e-07 0.000300715 0.000358342 0.00778098 
0.0938104 0.00657824 0.000374139 0.01219 0.0263287 0.363427 5.7856e-07 0.0484353 0.0136251 1.35841e-06 9.39182e-11 8.74997e-11 0.0198449 0.00975408 1.48319e-10 0.000170052 0.403242 2.30384e-11 7.77549e-08 9.44177e-11 0.00221819 
0.21828 0.13526 4.06853e-05 0.00227733 0.0019688 7.53685e-07 0.0275963 0.000966639 0.074903 0.0419134 4.7589e-05 3.25981e-08 0.0593136 0.082233 6.52913e-08 0.000886511 0.350313 2.67907e-08 6.91623e-07 0.00281444 0.00118483 
2.7215e-06 1.42596e-05 1.04502e-05 0.000610495 0.113391 4.11088e-06 6.04453e-06 2.47884e-06 1.80692e-05 0.489239 0.00906435 0.000674198 1.24857e-05 1.58144e-05 5.96965e-09 9.77065e-10 0.386827 9.27262e-10 2.22053e-06 0.000103205 2.98472e-06 
0.00192348 0.00447948 8.14844e-09 0.00414744 9.45137e-08 0.0177132 0.0589394 0.0121831 0.00977129 0.163326 1.11323e-08 3.54313e-09 0.0149393 0.000691695 4.28687e-12 0.0523215 0.610364 6.65877e-13 0.000168658 2.72895e-12 0.0490319 
0.00521951 0.708891 5.44494e-05 4.98987e-06 4.6993e-05 0.000452265 0.00625782 0.0200386 0.0542747 0.0120065 0.00306407 0.000261112 0.0534792 0.0500732 7.4292e-05 0.00175319 0.081751 2.48662e-07 0.000145369 0.000529226 0.00162186 
