0.00213476 0.00108731 7.6138e-05 0.00816341 0.00115502 0.00294169 0.0260246 3.33346e-05 0.144939 0.0260179 3.58311e-05 1.61802e-05 0.0313881 0.515268 0.101912 0.000455791 0.0732017 7.32796e-06 0.000188409 0.0102459 0.054707 
0.0131815 0.0179175 0.000355756 6.25753e-05 0.0465686 0.0285385 0.00192481 0.00379279 0.0301034 0.0276534 0.000174593 4.84182e-09 0.52341 0.00131122 9.69061e-09 0.0255889 0.200481 3.13546e-09 1.39161e-05 6.04631e-05 0.0788613 
0.0054487 0.00685792 0.000191956 0.00272871 0.00466922 0.0249868 0.342951 0.00667931 0.0294519 0.104711 0.00189361 0.00091136 0.0717664 0.0446464 0.00025962 0.0223717 0.10107 8.01438e-05 0.000767342 0.000860645 0.226696 
0.972849 0.00493502 1.69109e-05 0.000632969 0.000217556 0.000870434 0.00160965 0.000280552 0.00101925 9.05869e-06 9.48872e-08 9.13913e-07 0.00593607 0.000353127 1.4985e-07 0.000486374 0.00200902 2.32761e-08 3.20762e-05 9.53918e-08 0.00874172 
0.21885 0.541626 0.0195784 0.00133723 0.0019082 0.00970639 0.00497032 0.000153225 0.0371073 0.0809025 8.89447e-05 0.000139945 0.0503815 0.0104297 1.14617e-05 0.00912846 0.00995786 1.97475e-06 0.000223808 2.11178e-05 0.00347498 
0.0309244 0.093319 2.66358e-08 0.0463362 0.0235264 2.67338e-06 0.324881 4.34925e-07 0.0304717 6.61914e-08 1.14244e-06 6.14537e-08 0.0490404 2.11105e-08 1.64884e-07 0.00175895 0.0606421 1.34726e-11 2.49981e-07 0.339095 2.33865e-07 
7.71528e-07 4.42078e-06 1.43561e-06 1.39319e-06 1.08308e-10 2.44092e-06 6.20255e-07 2.65953e-07 0.0677057 0.207462 2.18063e-10 2.0316e-10 0.115032 1.6418e-05 3.44374e-10 1.29694e-07 0.609772 5.34914e-11 2.48254e-07 2.19223e-10 4.0406e-07 
0.0133267 0.0592538 0.0048791 0.285393 0.00536673 0.0230959 0.325398 0.0165615 0.0427053 0.0417151 0.000579172 0.00275458 0.0218388 0.0190715 0.0310913 0.0348698 0.0681519 8.88122e-05 0.000153762 0.00165937 0.00204596 
0.0047593 0.0234328 0.000140416 7.06857e-05 0.140885 0.197084 0.00487608 0.00968446 0.520417 0.00611266 0.000152873 2.97753e-05 0.0154567 0.00302786 2.55296e-05 0.0101406 0.04308 4.61728e-06 0.00219033 0.0130345 0.00539454 
0.0115497 0.00219445 1.48071e-06 1.86498e-08 0.000796864 0.000163348 0.00426524 0.00230558 0.0178087 0.288965 1.23366e-07 6.58324e-07 0.0731244 0.00131603 6.60934e-11 0.00411479 0.178388 1.02662e-11 0.000535291 8.83343e-07 0.41447 
0.0178046 0.527023 0.00164823 1.47757e-05 0.00187135 0.155522 0.0551863 0.00437027 0.0732726 0.058592 1.10819e-07 1.03245e-07 0.0184379 9.35695e-05 4.92291e-07 0.00304129 0.0697301 2.71841e-08 0.0132677 1.31866e-05 0.000110408 
0.00127829 0.0141616 1.24767e-05 6.02003e-06 0.00288911 0.00164505 0.00064597 1.77123e-05 0.000607496 0.15866 1.12532e-08 1.78792e-06 0.0273285 0.475104 1.77716e-08 0.0239978 0.0950462 2.76044e-09 0.000674635 1.13131e-08 0.197923 
9.11426e-08 4.3653e-07 1.07596e-09 1.16328e-06 8.88908e-07 0.00115431 0.00547422 8.97793e-08 0.000226483 0.486857 1.96855e-06 1.34401e-05 2.47389e-07 5.59973e-06 1.75536e-09 1.53113e-07 0.505295 2.72658e-10 1.14037e-06 9.71082e-06 0.000958701 
4.65272e-05 0.000534982 0.0544416 3.12292e-08 0.000224286 1.75947e-07 0.0143133 4.15161e-08 0.000187935 0.860866 1.94061e-07 1.50336e-08 0.00207002 0.000844715 7.40356e-09 0.0427136 0.0216132 1.14999e-09 2.98535e-05 4.70563e-05 0.00206613 
0.000774185 0.00204513 5.00507e-05 6.67047e-06 0.00254918 0.00801872 0.00415995 0.00893039 0.0130223 0.223453 2.37883e-05 4.02165e-07 0.568103 0.00176906 1.85976e-06 0.00888181 0.152249 1.58483e-08 1.22828e-05 3.97506e-05 0.0059091 
0.0209199 0.392335 2.98029e-08 0.00636923 0.355299 0.023957 0.113743 0.00302452 0.0281085 0.00609372 0.000266249 1.07139e-09 0.00174513 4.35796e-07 1.8161e-09 1.26824e-05 0.0357767 2.82093e-10 8.72218e-10 9.48205e-06 0.0123388 
0.0142678 0.0514982 0.0035984 0.000733868 0.00879778 0.0733661 0.0886211 0.0163151 0.286758 0.0321473 0.00213661 0.000471206 0.0475697 0.0411734 0.000136649 0.0495836 0.26376 0.00012054 0.000570643 0.00109215 0.0172815 
0.178924 0.369708 7.68542e-05 8.43922e-07 0.0110616 0.0314646 0.00134126 0.0491094 0.100803 0.011148 2.57766e-05 1.09033e-06 0.0798019 0.0101777 5.37372e-06 0.00197264 0.0715766 1.242e-07 0.00260867 4.79304e-07 0.080192 
0.000816477 0.00089274 2.43447e-05 7.87733e-05 0.000174706 0.0605559 0.00113092 0.0116832 0.00280846 0.00856346 1.61667e-05 1.71885e-05 0.00395527 0.812487 0.00103049 0.0017596 0.0819311 8.46062e-06 0.000788586 0.006698 0.00457887 
0.104979 0.19716 7.73671e-07 0.00719622 0.000744807 0.0456019 0.00639069 0.00541366 0.42459 0.043714 1.60101e-08 3.54316e-07 0.0718305 0.0155019 0.00067199 8.31801e-05 0.0759091 3.92731e-09 0.000202312 1.60952e-08 9.18412e-06 
0.0965584 0.0269615 1.08861e-07 2.21738e-09 0.00696014 0.173646 2.53542e-07 0.000451042 0.00217905 0.00143776 1.59531e-06 3.68649e-09 0.603331 0.00745886 2.05489e-07 0.000112731 0.0170043 9.7064e-10 1.66857e-07 0.00277393 0.0611237 
0.000568537 0.0630936 0.00046178 0.00030489 3.87238e-06 0.000694667 0.00382806 4.42817e-05 0.00382328 0.00206829 7.79648e-06 7.26365e-06 0.0310605 0.00103993 1.23125e-05 0.878397 0.0104736 1.9125e-06 0.000971939 7.83794e-06 0.00312907 
0.0302474 2.332e-05 4.00649e-05 8.34907e-06 0.0196384 0.000945676 0.00228259 2.04037e-06 0.0987551 0.527118 2.05407e-08 1.91369e-08 0.116708 1.6674e-05 3.24387e-08 0.124947 3.5676e-05 5.03868e-09 1.55793e-08 2.06499e-08 0.0792316 
0.00387458 0.0276315 0.0164755 0.00391919 0.00216132 0.0248555 0.0507735 0.000246438 0.0844149 0.366602 0.00185276 0.0057205 0.153562 0.025233 0.000323699 0.00860903 0.220458 1.66214e-05 0.000120543 1.90655e-05 0.00312967 
0.000350512 0.00466017 2.33154e-05 5.23285e-07 0.0395179 6.97648e-05 0.00409139 0.000153817 0.0174653 0.000128234 0.779012 8.69981e-07 0.000141402 0.0345363 0.000133574 0.119165 1.47822e-06 2.29063e-07 4.26361e-05 0.000505494 3.03505e-07 
0.00215221 0.0970679 3.05326e-06 0.0132229 0.164358 0.00568685 0.00875229 0.00206676 0.244512 0.0941476 0.000476566 3.1221e-07 0.214865 0.0206257 5.29222e-07 0.0478679 0.00633731 2.25854e-10 0.000571217 9.25613e-10 0.0772862 
0.000410315 0.00022972 1.29638e-05 0.000116362 0.00156054 0.00118177 0.882859 4.17696e-06 0.00395225 0.0103974 0.000249605 3.77227e-06 0.0247808 0.000825075 6.39432e-06 0.0500797 0.0227433 3.20938e-06 1.41986e-05 4.01375e-05 0.000529011 
0.062496 0.0908083 0.000180674 0.00210645 0.04304 0.0160955 0.0466076 0.00273127 0.540985 0.0338398 0.00050546 1.06785e-05 0.0894096 0.0497482 1.72308e-06 0.00786177 0.0123472 8.41686e-07 0.000347446 0.000433001 0.000443857 
6.95429e-06 1.19996e-05 3.97106e-06 1.37918e-09 0.427876 6.54837e-05 1.62322e-05 3.47514e-06 0.0420058 0.0656173 2.46114e-09 0.000537027 0.0421643 3.99351e-06 3.88673e-09 0.25772 0.162521 6.03723e-10 0.000189979 2.41324e-06 0.001254 
0.0223906 0.821667 2.25493e-06 1.30538e-06 0.0020103 0.000199268 0.000281995 0.00190596 0.0125571 0.0507702 0.00272961 2.17025e-06 0.0498277 0.000308502 0.00563762 0.027506 0.00215838 5.7142e-07 1.7668e-06 1.4861e-05 2.63912e-05 
0.0335726 0.0214182 0.00332139 7.12265e-05 0.080505 0.154881 0.00729087 0.0260224 0.0389739 0.20552 0.000223962 2.10633e-06 0.0446124 0.00664149 0.000135032 0.234637 0.10116 1.07237e-06 0.00549303 2.60323e-05 0.0354916 
0.000924262 0.0408413 0.000457123 0.000112416 0.0175173 0.00350004 0.437816 0.000431176 0.068143 0.0694575 0.000574606 0.0135965 0.0838638 0.0121548 0.00206604 0.0142155 0.226855 2.65288e-05 6.15981e-05 0.0062819 0.00110301 
0.000993266 0.0143698 0.870043 4.82071e-06 0.00060789 0.000611793 0.00288673 0.000477407 0.00323666 0.0819175 6.4885e-06 2.83344e-07 0.00980691 5.0296e-05 4.77435e-07 0.00186171 0.00869343 3.34792e-09 0.00066865 0.000230347 0.00353298 
0.00610077 0.0472709 0.000196705 0.00346079 0.00907028 0.0424168 0.0444549 0.00225367 0.621869 0.0197254 0.000236814 0.000147041 0.00907048 0.0868792 0.00015258 0.00703203 0.0981568 1.69474e-05 0.000150146 0.000100819 0.00123832 
0.000202215 0.0142652 1.63212e-10 3.87317e-08 1.30548e-06 0.00138927 0.00172238 4.90394e-08 0.0119305 0.293347 2.08125e-05 1.57083e-10 0.00509384 0.00135634 2.66269e-10 0.0293038 0.612423 4.13594e-11 0.000343366 2.85405e-07 0.0286009 
0.115618 0.0393019 5.70483e-06 0.138359 3.26696e-06 0.390691 3.7033e-06 0.0253429 0.0901694 6.45353e-06 2.82625e-07 5.257e-06 0.026791 3.38656e-06 4.46333e-07 7.29192e-06 0.173396 6.93286e-08 8.77302e-06 2.84128e-07 0.000286129 
9.67825e-06 0.0936802 1.20124e-08 1.7478e-05 6.16353e-09 3.06139e-05 2.92448e-05 3.33693e-06 0.0190958 0.2386 1.24094e-08 1.15613e-08 4.85383e-06 0.542773 1.95974e-08 8.63268e-05 0.105644 3.04405e-09 9.41205e-09 1.24754e-08 2.59541e-05 
0.0096221 0.0637092 3.61736e-07 0.000299156 2.84971e-05 0.00196906 0.00660759 0.00222545 0.898734 0.0016068 3.7369e-07 3.48152e-07 0.0087476 2.85377e-06 5.90147e-07 0.00131263 0.00331308 9.16672e-08 1.2174e-05 3.75678e-07 0.00180746 
0.00566074 0.135126 0.000940018 0.0034494 0.113692 0.174351 0.126497 0.0151293 0.0771005 0.00518737 0.00113674 7.7317e-06 0.0845379 0.00173809 0.00208972 0.00203584 0.249892 4.05756e-07 0.00109148 0.000330944 7.16401e-06 
0.0107816 0.046191 0.0021296 0.000319486 0.00256227 0.00831587 0.00750042 0.0240555 0.0307179 0.0228413 0.000481248 0.00382776 0.00775411 0.749285 0.00307387 0.01007 0.0548079 5.35831e-05 0.000980111 0.0015242 0.0127275 
0.00914443 0.000506545 0.289482 2.33144e-06 0.000241924 0.00168197 0.00198225 4.19687e-06 0.0115492 0.0651924 3.11905e-06 1.85717e-07 0.100075 0.000889752 0.000108081 0.00502385 0.0191227 8.37902e-09 0.000270283 5.02173e-05 0.49467 
0.047821 0.0998009 5.10303e-08 5.81293e-05 0.0020242 0.00253738 0.027243 0.0216872 0.604461 0.00865112 0.000129696 4.91139e-08 0.0244542 0.0533681 0.000118963 0.00601123 0.00347568 1.29315e-08 3.99836e-08 0.0962091 0.00194854 
2.09931e-05 4.24985e-05 0.00171532 2.32776e-05 0.978528 0.000132456 0.00321959 3.11996e-05 0.00348943 0.00692374 0.000145718 1.09207e-05 0.00121798 0.000276875 7.47556e-05 0.00118778 0.00113036 7.60426e-07 0.000311061 7.64301e-05 0.00144125 
0.00566995 0.0649628 0.000405125 0.000240628 0.00154246 0.0191831 0.0238985 0.000580325 0.0178072 0.103347 0.00470382 6.86876e-05 0.0343581 0.0313983 0.00227051 0.669649 0.0158175 1.67909e-05 0.00131301 0.000140684 0.00262666 
1.78959e-05 0.0134228 1.22981e-07 6.94484e-05 0.631173 2.40878e-05 3.81334e-05 4.66935e-05 0.269947 0.0338294 7.57044e-05 1.74122e-06 0.0270266 0.000951984 2.95151e-06 5.13123e-05 2.44962e-05 3.11644e-08 4.57468e-06 1.27721e-07 0.0232919 
0.00445707 0.038938 0.00950765 0.00209922 0.00637504 0.0129508 0.0252895 0.00244467 0.18047 0.165675 0.00027553 0.000621379 0.182614 0.0115817 8.29929e-05 0.00972172 0.326643 4.65887e-05 0.00113132 0.000266108 0.0188089 
0.617194 0.31256 0.0008129 0.00180433 0.00541284 0.00994216 0.00750386 0.000531747 0.025978 0.00842687 1.59987e-06 4.75707e-08 0.0024984 0.00280319 3.1373e-11 4.7866e-08 0.00294667 4.87315e-12 0.000406143 1.15631e-09 0.00117688 
0.0174684 0.00692083 3.10114e-06 3.82454e-05 0.0209558 0.0125607 0.000259154 0.015822 0.00992212 0.019619 0.00258984 8.44689e-10 0.677828 0.000887341 1.11452e-06 0.023266 0.0899351 1.56836e-11 0.000133886 1.39071e-06 0.101788 
0.0012867 0.0673691 0.00104466 0.000283394 0.0502532 0.232645 0.083235 0.075804 0.0384572 0.0713674 0.00719756 0.00187994 0.0570488 0.00701911 0.00503135 0.200606 0.0766265 1.55619e-05 0.000959626 0.000179235 0.0216906 
0.00117959 0.00455023 3.6264e-05 0.000349225 0.00114867 0.0106543 0.0744537 0.000199041 0.00963013 0.0228204 0.000105481 4.96421e-06 0.0439292 0.0639496 0.000119999 0.000302685 0.171161 3.52391e-06 0.0483912 0.546433 0.000577803 
0.014639 0.0514843 0.0018393 0.00029249 0.0344841 0.0717807 0.000141193 0.00042808 0.0153759 0.0152471 4.61134e-05 0.000150557 0.313993 0.00252751 3.18938e-08 0.0157348 0.457227 3.10895e-09 0.00110288 0.00155242 0.00195446 
0.176016 0.593652 4.37338e-06 0.000190023 0.0135959 0.017968 0.00143401 0.0166831 0.0144298 0.0153337 0.00211957 6.12638e-06 0.0860883 0.00196455 0.0156331 0.00596204 0.0361187 2.36577e-06 0.00158538 0.00033024 0.000882192 
0.00044596 0.000178451 4.08742e-06 0.00132703 0.00150169 0.010168 0.934202 2.45672e-05 0.0137974 0.0203898 6.78334e-06 3.93393e-06 0.0104868 0.00478231 6.66834e-06 0.00177777 0.000132241 1.03579e-06 3.20261e-06 4.24495e-06 0.000755879 
0.00500058 0.00959366 0.0311187 0.000357448 0.00381161 0.0111377 0.00886738 0.00340443 0.0179918 0.3681 6.84948e-05 2.21659e-06 0.257133 0.00655219 0.000974637 0.0223111 0.234841 7.55913e-07 0.000298084 6.01727e-05 0.0183751 
0.0842221 0.258766 3.53655e-05 1.26779e-07 0.140923 0.161124 0.00166693 2.84328e-05 0.216905 1.49568e-06 0.000548668 2.40402e-06 0.0292178 0.0132469 7.15613e-07 6.89355e-07 0.0699967 5.60808e-11 0.00584124 3.14534e-07 0.0174713 
0.18536 0.338856 0.000101142 0.00116181 0.170912 0.0113324 3.46738e-08 0.00360814 0.0696321 0.00301587 2.71812e-10 2.53236e-10 0.0260199 0.0212291 5.62816e-05 0.000254076 0.163385 6.66761e-11 3.84082e-05 7.48972e-06 0.00502889 
0.0057818 0.0113906 3.09166e-05 0.000706366 0.0139814 0.0177291 0.0152007 0.000764746 0.679843 0.035456 2.83192e-05 2.08276e-05 0.0331918 0.0563569 4.11351e-06 0.0118252 0.0235745 3.3276e-06 0.000155978 4.99167e-05 0.0939044 
0.0191926 0.0151783 5.88417e-10 2.30879e-10 0.000755998 0.000253622 0.0020625 0.953291 0.00272981 0.000440777 2.48514e-12 2.3153e-12 0.00370415 0.000298597 3.92463e-12 2.36414e-05 0.00112451 6.0961e-13 9.15367e-06 6.05391e-09 0.000935265 
0.0019543 0.0820934 9.87997e-05 0.000201033 0.00533288 0.0057097 0.770617 0.000100433 0.00960675 0.0239842 0.000217791 2.36588e-05 0.0444117 0.00233728 0.000180594 0.0051619 0.0472512 9.40435e-06 3.63687e-05 2.43556e-05 0.000646937 
0.0191926 0.0151783 5.88417e-10 2.30879e-10 0.000755998 0.000253622 0.0020625 0.953291 0.00272981 0.000440777 2.48514e-12 2.3153e-12 0.00370415 0.000298597 3.92463e-12 2.36414e-05 0.00112451 6.0961e-13 9.15367e-06 6.05391e-09 0.000935265 
0.0089101 0.0016178 0.000236193 0.000182188 0.00175405 0.00360947 0.0125915 0.00144723 0.00791705 0.624947 0.000159531 0.000242406 0.0676526 0.00852363 0.0347512 0.00577814 0.156693 8.83017e-06 0.000109039 5.6962e-05 0.0628123 
0.0148196 0.0319373 0.000398699 0.000614274 0.0177667 0.164077 0.0144236 0.00125949 0.0172662 0.0436531 0.000165234 1.56291e-05 0.573017 0.0531334 0.000232031 0.00449664 0.0578125 6.83318e-06 0.00138961 0.000298223 0.0032171 
0.347173 0.141724 8.95475e-07 0.128144 0.00348052 0.000396765 0.0440845 0.00125765 0.215869 0.00169458 3.74706e-10 0.000855388 0.0387065 0.00756186 5.91751e-10 0.0297597 0.0337382 9.19163e-11 2.842e-10 3.76699e-10 0.00555387 
0.041075 0.15456 0.00774692 0.00306433 0.00380885 0.0358682 0.0706749 0.00740954 0.184375 0.0740661 0.00460286 0.00130023 0.0313596 0.273349 0.000425641 0.00228937 0.088649 0.000121316 0.000670082 0.0125096 0.00207527 
0.0605136 0.0865195 1.69592e-05 1.39332e-07 0.00402236 0.00163997 0.0421217 0.000829123 0.263059 0.0867263 0.000226868 2.04562e-07 0.134666 0.0488597 0.000233239 0.114688 0.0811672 5.06508e-08 0.0549535 1.30303e-07 0.0197566 
0.00696672 0.0313474 2.30795e-06 0.00016788 0.00285295 0.101122 0.0305002 0.000424651 0.0653133 0.0617282 0.000467375 0.000717608 0.305426 0.0160796 1.18583e-05 0.0183681 0.357256 1.37411e-06 3.63186e-05 1.45165e-06 0.00120882 
0.0260918 0.0273206 9.15976e-07 4.03265e-10 1.88005e-06 0.00824716 0.00531355 6.92192e-07 0.217476 0.0140138 3.36205e-05 6.70443e-10 0.0612902 0.234064 1.13646e-09 0.00648991 0.39633 1.76525e-10 5.45808e-10 7.23451e-10 0.0033259 
9.11426e-08 4.3653e-07 1.07596e-09 1.16328e-06 8.88908e-07 0.00115431 0.00547422 8.97793e-08 0.000226483 0.486857 1.96855e-06 1.34401e-05 2.47389e-07 5.59973e-06 1.75536e-09 1.53113e-07 0.505295 2.72658e-10 1.14037e-06 9.71082e-06 0.000958701 
0.0660409 0.70962 9.43592e-05 0.0118694 0.0108754 0.00918061 0.000269129 0.0396463 0.0363474 0.00398328 0.00082219 1.6975e-06 0.0246237 0.0107041 0.000262853 0.00138291 0.0548169 8.68315e-07 0.000918324 0.0116034 0.00693639 
0.00797504 5.03019e-07 5.15535e-08 1.36393e-07 5.96852e-07 0.751767 9.95725e-07 1.16815e-07 0.20061 0.00159216 2.75717e-07 1.77142e-11 0.0242986 4.11292e-09 3.00271e-11 0.0113572 2.31366e-06 4.66409e-12 1.58776e-08 1.93059e-09 0.00239466 
0.000705574 0.00271219 0.000676407 0.000141265 0.000625464 0.850169 0.0296375 8.82608e-05 0.00127261 0.055053 0.000577569 0.000726947 0.000852386 0.0274496 2.9921e-06 0.0265521 0.000319959 4.64761e-07 0.00164604 1.90472e-06 0.000788429 
0.0220074 0.102989 0.0192537 0.104579 0.00669465 0.0832748 0.096661 0.00135833 0.0600425 0.06766 0.00139049 0.0970158 0.0201225 0.167099 0.00125065 0.00610909 0.129818 0.000450253 0.0012512 0.00414473 0.0068269 
3.12131e-06 0.0597387 6.5281e-10 0.064729 3.68783e-07 0.183292 0.28482 2.91582e-07 0.0921453 0.00844617 6.94683e-06 6.28294e-10 0.0360589 1.57066e-06 1.06501e-09 0.0320349 0.236277 1.65428e-10 5.63155e-07 0.00244516 2.19189e-10 
0.00722765 0.00475271 1.32505e-07 0.00303767 0.00059156 0.00211189 0.000854902 0.000741673 0.973418 0.000444556 1.36884e-07 8.93978e-05 0.00157952 0.000614579 2.16172e-07 0.00176556 0.00156536 3.35779e-08 0.00120443 1.37612e-07 4.44901e-08 
0.0823301 0.818618 0.000927142 0.0240041 0.00294744 0.00127315 0.001956 0.00386834 0.0268361 0.0105314 0.00148487 2.48409e-06 0.00912604 0.00121521 5.56208e-06 0.000647827 0.00629751 1.89738e-06 0.000144331 0.00242076 0.00536162 
0.0748307 0.822144 0.00205404 0.000534869 0.00643924 0.00181785 0.00132682 0.000156524 0.0402738 0.0181225 0.00257218 1.87778e-07 0.0104176 0.000987075 1.33244e-05 9.04067e-07 0.00836853 8.84151e-09 0.000112525 2.46769e-06 0.00982505 
0.00230708 0.00174934 1.28309e-05 0.000162899 0.000150858 0.349124 0.0604854 1.27013e-05 0.035452 0.0379338 0.000378599 0.000437185 0.0306628 0.370163 0.00021374 0.000670203 0.077906 1.14739e-05 0.00140411 0.000318396 0.0304433 
0.0215318 0.0302166 0.00010755 0.00276133 0.00624121 0.198076 0.161307 0.00618788 0.0513949 0.0307851 0.0015644 6.37586e-05 0.16085 0.0104927 0.00013353 0.0458828 0.239845 3.13319e-05 0.000455965 0.000841668 0.0312305 
6.36598e-08 5.48127e-05 6.82193e-08 2.04942e-05 0.00756687 0.018238 0.0658994 0.00260104 0.000285247 0.048182 4.27679e-08 3.27755e-09 0.285686 1.41497e-08 8.21255e-08 0.105402 0.459213 1.34284e-11 0.000479423 5.50334e-11 0.00637177 
0.00518458 0.0516721 0.00162156 0.000859204 0.00213137 0.00513283 0.00371726 0.00574997 0.00714286 0.650037 0.00217991 0.0144013 0.047805 0.119716 0.0021335 0.0102595 0.0206032 0.000112769 0.000571647 0.0112363 0.0377318 
1.31782e-05 0.00854976 1.33783e-05 0.000249858 6.69528e-06 0.000311898 0.00588066 0.000100836 1.72143e-05 0.00399722 1.82384e-07 0.881178 4.90731e-07 0.09964 2.88029e-07 4.71422e-08 2.34299e-07 4.47393e-08 2.12658e-05 1.83354e-07 1.81835e-05 
0.00754088 0.0311655 0.00460363 0.274639 0.00592349 0.0372817 0.394979 0.0176019 0.0304888 0.0336172 0.000761225 0.00348551 0.0112062 0.0207746 0.0367425 0.0350097 0.0522491 5.06167e-05 0.000324999 0.000997277 0.000557105 
0.0780486 0.491385 0.00204152 0.0194983 0.00588738 0.0438474 0.0134828 0.0911011 0.0595099 0.0385423 0.00207713 0.00202462 0.0155676 0.0316854 0.00254407 0.00576017 0.0763317 0.000817181 0.00490378 0.00829904 0.00664479 
0.559642 0.000377486 4.65163e-07 0.000257264 0.000831793 7.72833e-06 0.00673992 2.91712e-05 0.128094 0.0830886 4.80534e-07 4.47694e-07 0.0360493 0.00361872 7.5888e-07 1.24207e-07 6.37574e-05 1.17876e-07 0.0570531 4.8309e-07 0.124145 
0.0185973 0.626945 0.148288 0.000835952 0.00035773 0.000740366 0.000580915 0.146851 0.0400724 0.00156405 7.49618e-06 1.1648e-07 0.000337676 0.000308568 3.62991e-10 0.00646203 0.000132856 5.63831e-11 1.52978e-07 0.00787018 4.82604e-05 
0.0348594 0.117919 0.000972379 0.000667447 0.000782404 0.00142222 0.00786997 0.0348994 0.00626842 0.250672 2.20243e-05 3.46265e-05 0.0510709 0.0234572 0.000672639 0.00136995 0.0757281 1.09044e-05 0.000194914 7.46906e-05 0.391031 
0.027951 0.0398668 0.00170241 0.00235157 8.26918e-05 0.000133418 0.00197807 0.00931059 0.0627445 1.8752e-05 0.851632 1.99884e-07 0.000444698 9.67936e-06 4.00367e-07 5.72676e-06 1.37458e-05 1.71965e-08 0.00174382 5.09349e-06 4.75009e-06 
0.00271069 0.00628523 0.000542606 2.56803e-05 0.00183595 0.000817453 0.00188379 0.000622481 0.0421655 0.653978 0.00042365 2.22179e-06 0.0315382 0.00798395 8.10609e-06 0.00769567 0.0614559 1.62204e-06 0.0102075 0.000196833 0.16962 
0.0202166 0.974255 1.68915e-08 1.24365e-07 0.00145979 1.31168e-07 2.18185e-05 0.00163128 0.00192973 1.0275e-05 3.99367e-07 2.36617e-09 0.000307115 2.38024e-05 5.25713e-06 2.87348e-08 9.57641e-06 6.23004e-10 1.9263e-09 2.55325e-09 0.000128618 
0.0296143 0.13202 0.000139597 0.00999801 0.00334585 0.0197976 0.00898465 0.0355384 0.678192 0.0160347 0.000123099 9.17375e-05 0.0143011 0.0143601 2.0053e-05 0.00435487 0.0220905 1.3949e-05 0.00052713 0.0012942 0.00915818 
0.00192348 0.00447948 8.14844e-09 0.00414744 9.45137e-08 0.0177132 0.0589394 0.0121831 0.00977129 0.163326 1.11323e-08 3.54313e-09 0.0149393 0.000691695 4.28687e-12 0.0523215 0.610364 6.65877e-13 0.000168658 2.72895e-12 0.0490319 
0.0209389 0.0791969 0.00526686 0.000866722 0.034394 0.0187195 0.0178704 0.0206985 0.101792 0.381453 0.0226778 0.00167942 0.0435681 0.0865366 0.000791399 0.0549828 0.0841404 0.000128674 0.00178348 0.00701817 0.0154961 
0.000110347 0.00545189 0.000945438 2.03348e-08 3.67135e-07 1.22672e-07 0.000668397 9.26374e-05 0.000385649 0.792853 7.03377e-05 8.02338e-09 0.0119049 0.0139582 9.62431e-10 0.0834452 0.0175708 1.49494e-10 0.00064278 0.000107279 0.071793 
0.000600133 0.00080103 0.408662 3.00345e-09 0.00329513 1.84156e-08 0.0100506 4.28321e-09 0.000527257 0.538521 1.98844e-08 1.12037e-09 1.69754e-07 9.39136e-09 7.9097e-13 0.00691756 0.0241551 1.22861e-13 0.000426145 1.02219e-08 0.00604424 
0.00458817 0.508101 0.0758016 0.00014117 0.000176023 0.00052034 2.57458e-05 0.256733 0.107844 0.00038701 7.02985e-05 1.36112e-07 0.000692072 1.52774e-05 7.91243e-08 0.00120289 4.71449e-05 3.11732e-08 7.54508e-05 0.0435774 1.86326e-06 
0.00797504 5.03019e-07 5.15535e-08 1.36393e-07 5.96852e-07 0.751767 9.95725e-07 1.16815e-07 0.20061 0.00159216 2.75717e-07 1.77142e-11 0.0242986 4.11292e-09 3.00271e-11 0.0113572 2.31366e-06 4.66409e-12 1.58776e-08 1.93059e-09 0.00239466 
0.0117683 0.0447448 0.00576615 0.337281 0.00634245 0.0258316 0.304806 0.0180466 0.0461883 0.0363883 0.000596757 0.00270081 0.0134111 0.0225389 0.0367431 0.0375221 0.0463747 2.86607e-05 0.00016662 0.000997272 0.00175614 
0.00879085 0.0281648 0.001471 0.000120449 0.00834174 0.0392268 0.0894736 0.038439 0.374554 0.0382657 0.0015699 0.0006183 0.0908203 0.0439309 0.000182624 0.126496 0.0954229 5.63971e-05 0.000634995 0.000871741 0.0125475 
0.00706455 0.0216738 1.50418e-08 4.38314e-06 0.00236414 0.0172245 0.00216899 0.000154706 0.0447805 0.00181076 1.02069e-10 5.28571e-08 0.0407883 0.000221869 1.61192e-10 0.000156996 0.835183 2.50378e-11 7.74156e-11 1.02612e-10 0.0264032 
0.018341 3.25757e-06 4.26935e-09 2.47153e-09 3.65186e-06 0.000640471 0.000218276 1.80539e-06 0.0105603 0.00542571 4.41043e-09 4.10902e-09 0.123485 3.67429e-06 6.96514e-09 0.00337114 0.615054 1.08189e-09 3.34515e-09 2.88556e-07 0.222891 
0.0186717 0.0819077 0.00243781 0.020598 0.00885546 0.0526862 0.0306818 0.0470605 0.567773 0.0196266 0.00144122 0.00108458 0.0440947 0.00811871 0.00125452 0.0126095 0.0712128 0.000282519 0.00169511 0.00448198 0.0034255 
0.0736696 0.678873 0.00673584 0.000173921 0.0168307 0.0450333 0.00628278 0.00723784 0.127823 0.00560599 1.54497e-05 0.000453261 0.00305994 0.0181802 6.98989e-08 0.00631 0.00363714 5.49847e-08 5.15349e-07 1.13827e-07 7.67271e-05 
0.00467856 0.0100736 1.07838e-07 0.000297848 0.000616764 0.000621493 3.21804e-05 0.00011745 0.0843082 0.001727 3.95136e-05 1.03788e-07 0.00228028 0.862264 1.75929e-07 2.87947e-08 0.0261479 2.7327e-08 8.44936e-08 1.11994e-07 0.00679488 
0.00797504 5.03019e-07 5.15535e-08 1.36393e-07 5.96852e-07 0.751767 9.95725e-07 1.16815e-07 0.20061 0.00159216 2.75717e-07 1.77142e-11 0.0242986 4.11292e-09 3.00271e-11 0.0113572 2.31366e-06 4.66409e-12 1.58776e-08 1.93059e-09 0.00239466 
0.0292559 0.187949 1.11787e-06 0.0131289 5.73577e-07 0.00360546 0.0969977 0.000417901 0.000576513 0.0042109 1.15481e-06 1.07589e-06 0.10296 0.469828 1.82373e-06 0.000395887 0.0882458 2.83279e-07 8.75883e-07 0.000159246 0.00226162 
0.00643425 0.0468925 0.000264268 0.000803419 0.000498969 0.0472487 0.000835439 0.0728314 0.672917 0.00654103 0.0021925 1.84302e-05 0.0166245 0.0311688 0.000319121 0.00941435 0.0233018 1.09837e-05 1.17581e-05 0.0010539 0.0606166 
0.0528013 0.0291842 0.00102194 0.00279429 0.00381714 0.0292457 0.0168091 0.000712024 0.215236 0.0339838 0.00106472 4.48977e-05 0.465627 0.0148347 0.00050665 0.0291555 0.068269 1.46503e-05 0.0106889 0.000377739 0.0238107 
3.48411e-06 2.29133e-07 1.89681e-05 0.557385 6.77709e-05 6.97065e-06 0.00143888 9.60789e-07 0.0145324 0.419253 7.7871e-07 1.34777e-07 0.000363785 2.02552e-06 1.0517e-08 4.05242e-05 0.00232224 1.6336e-09 5.56751e-06 4.03571e-07 0.00455738 
0.00522119 0.00276116 3.65603e-05 7.17005e-07 0.00146638 0.0046138 1.04774e-06 1.82128e-05 0.0007015 0.00156715 9.97149e-09 3.7655e-05 0.023826 0.000110142 1.57474e-08 0.00047628 0.0157145 2.44603e-09 1.41947e-05 3.60276e-08 0.943433 
0.0191926 0.0151783 5.88417e-10 2.30879e-10 0.000755998 0.000253622 0.0020625 0.953291 0.00272981 0.000440777 2.48514e-12 2.3153e-12 0.00370415 0.000298597 3.92463e-12 2.36414e-05 0.00112451 6.0961e-13 9.15367e-06 6.05391e-09 0.000935265 
0.0241239 0.0118672 0.00076256 8.15774e-09 6.87317e-07 0.0174479 0.0241418 8.01176e-08 0.497151 0.032695 1.16763e-06 1.34283e-10 0.257579 0.0176384 2.27621e-10 0.00526664 0.0506867 3.53562e-11 1.47593e-06 2.15915e-06 0.060634 
0.0227989 0.00364698 3.13522e-05 7.06707e-06 0.00408737 0.00310775 0.000104796 0.000182929 0.00604843 0.0302826 1.43818e-06 1.42787e-09 0.744173 0.000242521 2.42037e-09 0.00492353 0.167891 3.75954e-10 1.06893e-07 3.41015e-05 0.0124357 
0.0308797 0.0308724 0.000234835 0.000452864 0.0305904 0.0113811 0.033038 0.00222384 0.672264 0.0354556 0.00016095 0.0012091 0.0141864 0.0624838 6.7442e-05 0.0361113 0.0211417 3.33752e-05 5.40728e-05 0.00250762 0.0146513 
0.000774185 0.00204513 5.00507e-05 6.67047e-06 0.00254918 0.00801872 0.00415995 0.00893039 0.0130223 0.223453 2.37883e-05 4.02165e-07 0.568103 0.00176906 1.85976e-06 0.00888181 0.152249 1.58483e-08 1.22828e-05 3.97506e-05 0.0059091 
0.00522119 0.00276116 3.65603e-05 7.17005e-07 0.00146638 0.0046138 1.04774e-06 1.82128e-05 0.0007015 0.00156715 9.97149e-09 3.7655e-05 0.023826 0.000110142 1.57474e-08 0.00047628 0.0157145 2.44603e-09 1.41947e-05 3.60276e-08 0.943433 
0.000774185 0.00204513 5.00507e-05 6.67047e-06 0.00254918 0.00801872 0.00415995 0.00893039 0.0130223 0.223453 2.37883e-05 4.02165e-07 0.568103 0.00176906 1.85976e-06 0.00888181 0.152249 1.58483e-08 1.22828e-05 3.97506e-05 0.0059091 
0.0348594 0.117919 0.000972379 0.000667447 0.000782404 0.00142222 0.00786997 0.0348994 0.00626842 0.250672 2.20243e-05 3.46265e-05 0.0510709 0.0234572 0.000672639 0.00136995 0.0757281 1.09044e-05 0.000194914 7.46906e-05 0.391031 
1.54658e-06 2.7798e-05 0.000107741 1.45159e-06 0.000157244 0.00058627 0.00255784 0.00141371 0.00745375 0.449238 0.000993622 2.02935e-08 0.0483974 3.96645e-06 1.02995e-07 0.00145453 0.475638 1.03967e-08 4.04824e-05 4.74272e-06 0.0119224 
0.119788 0.0964029 9.60775e-08 0.000183261 0.0194707 0.0165965 7.49912e-05 0.000794449 0.0114045 0.00175367 2.87489e-06 9.24694e-08 0.0584212 0.198267 1.56744e-07 0.00389793 0.0148988 2.43469e-08 0.00113017 9.97803e-08 0.456913 
0.617194 0.31256 0.0008129 0.00180433 0.00541284 0.00994216 0.00750386 0.000531747 0.025978 0.00842687 1.59987e-06 4.75707e-08 0.0024984 0.00280319 3.1373e-11 4.7866e-08 0.00294667 4.87315e-12 0.000406143 1.15631e-09 0.00117688 
0.0191926 0.0151783 5.88417e-10 2.30879e-10 0.000755998 0.000253622 0.0020625 0.953291 0.00272981 0.000440777 2.48514e-12 2.3153e-12 0.00370415 0.000298597 3.92463e-12 2.36414e-05 0.00112451 6.0961e-13 9.15367e-06 6.05391e-09 0.000935265 
0.00177631 0.00614408 0.000706717 1.19073e-08 0.00147667 0.0629224 0.000255412 1.47058e-07 0.0493666 0.0068206 1.037e-11 9.66127e-12 0.53315 3.61063e-09 1.63767e-11 0.0104996 0.324233 2.54378e-12 2.64038e-05 1.04251e-11 0.00262239 
0.0256685 0.0456814 0.000366652 0.00129001 0.00488393 0.264647 0.11035 0.000960623 0.0850234 0.0315418 0.00104341 0.000279549 0.0851995 0.0105297 0.000138445 0.0109644 0.313092 4.00789e-05 0.000428289 0.00658239 0.00128924 
0.0173731 0.040589 0.000458018 0.000839593 0.48661 0.019154 0.0403413 0.00069035 0.0617808 0.095717 0.00235009 0.00595122 0.0931811 0.013627 0.00725017 0.0636342 0.0250231 9.4105e-05 0.00300414 0.00436548 0.0179661 
0.0152553 0.00835184 4.61591e-05 2.08378e-06 0.0117029 0.00816998 0.0137545 0.0141827 0.106636 0.143008 3.4696e-05 4.25865e-08 0.529346 0.0194898 5.69476e-09 0.00119952 0.0967046 8.84563e-10 0.00607194 8.55347e-07 0.0260429 
0.0116567 0.0849616 1.65408e-07 0.151921 0.00795213 0.00877419 6.47189e-05 0.0063345 0.04561 0.236818 1.73728e-05 5.16741e-06 0.00141987 0.396619 2.69851e-07 0.000562646 0.000151658 4.19158e-08 8.73001e-06 9.97788e-06 0.0471121 
0.287405 0.363122 6.69206e-05 0.0117129 0.00459768 0.0218921 0.00174448 0.0525935 0.0526685 0.00993034 0.00591702 8.11829e-05 0.0545496 0.00949074 0.00329092 0.00919065 0.0950555 6.05769e-05 0.00085444 0.000570666 0.0152054 
0.0440437 0.634491 2.4248e-07 0.302159 6.36493e-06 8.03043e-09 3.08759e-07 0.00787514 1.96195e-06 1.44337e-06 2.21996e-07 1.5385e-08 0.00433006 0.0032789 3.08162e-08 4.40799e-07 0.00381001 3.67922e-12 3.26501e-07 3.92054e-07 3.65622e-07 
0.000134005 2.34839e-05 3.55389e-10 8.95791e-06 0.00556366 0.00969663 0.00236939 0.000803791 0.000621182 5.05309e-08 7.72876e-07 9.90494e-08 0.0036988 6.46428e-05 5.79792e-10 0.967528 0.00925284 9.00586e-11 2.53157e-05 1.12106e-06 0.000207254 
0.0198187 0.90604 1.79788e-11 1.0408e-11 0.00035115 0.000323317 0.0026936 3.95074e-05 0.000147286 0.00750975 7.84819e-06 1.73036e-11 0.0154847 0.000208992 2.93311e-11 0.00122584 0.00402165 4.55599e-12 2.29606e-05 7.58545e-06 0.0420966 
0.418359 0.125168 0.00755285 0.000762748 0.00958852 0.0194495 0.0734504 0.00597204 0.0404388 0.0309158 0.000594422 0.0579415 0.0162424 0.127638 0.000715229 0.015208 0.0143632 0.000246079 0.010013 0.00898578 0.0163942 
0.0172471 0.576088 0.000202091 1.39133e-05 0.0108778 0.00256743 0.0436691 0.00368603 0.187268 0.0329568 0.000556074 1.09492e-09 0.0458382 1.34952e-06 1.85598e-09 0.00357385 0.0750401 2.88288e-10 0.000400617 1.18149e-09 1.29162e-05 
0.00974852 0.0804262 4.32667e-05 0.000586123 0.846982 0.00183509 0.00608454 0.000308044 0.0161967 0.0045694 0.000136491 3.46428e-08 0.0168902 0.000291208 8.10203e-08 0.000487729 0.0115376 6.66697e-12 1.77511e-05 0.0038075 5.18437e-05 
7.99321e-05 0.0383677 1.3349e-05 2.66854e-05 0.000308198 4.21429e-05 0.00527509 0.000187329 0.0329939 0.00198491 2.49791e-07 1.77701e-05 7.87874e-05 0.905255 3.9448e-07 0.00188748 0.000114032 6.12744e-08 0.0132486 2.5112e-07 0.000118096 
3.22648e-06 9.82222e-06 0.948896 3.29665e-05 7.75249e-11 1.3927e-07 0.0150543 4.04797e-07 0.0241309 9.73966e-07 1.56085e-10 1.80333e-06 1.02587e-07 0.0113578 2.46496e-10 4.03445e-11 3.06396e-08 3.82881e-11 0.000511992 1.56915e-10 5.0731e-11 
0.00682188 0.0287439 0.00159237 0.00912022 0.00579185 0.236638 0.153056 0.0136068 0.0425614 0.0678253 0.00342221 0.00681633 0.180603 0.0206758 0.00143566 0.0193473 0.195695 0.000269502 0.000752525 0.000404683 0.0048203 
0.000134798 0.000400685 3.85709e-07 2.53044e-05 0.00116154 0.000544645 0.00689542 3.62075e-06 0.0119543 0.604284 9.82795e-05 1.68946e-07 0.0228038 3.64845e-05 1.23142e-10 0.00875063 0.326938 1.91276e-11 9.49289e-06 1.65895e-08 0.0159585 
0.0138052 0.0966268 0.000159806 1.46813e-05 0.0384623 0.12377 0.0688522 7.20339e-05 0.0491385 0.0729001 0.000203228 4.17042e-06 0.295433 0.0095259 2.20917e-06 0.0249071 0.135831 7.36873e-08 0.000339972 0.0206357 0.0493159 
0.00603266 0.0151576 0.000353179 9.66811e-05 0.00135624 0.178961 0.0146663 0.00162056 0.0732419 0.0510419 5.51505e-05 5.21229e-05 0.0834176 0.0253258 1.15001e-05 0.0021359 0.539412 3.62386e-06 0.000503173 5.21031e-06 0.00655018 
0.00797504 5.03019e-07 5.15535e-08 1.36393e-07 5.96852e-07 0.751767 9.95725e-07 1.16815e-07 0.20061 0.00159216 2.75717e-07 1.77142e-11 0.0242986 4.11292e-09 3.00271e-11 0.0113572 2.31366e-06 4.66409e-12 1.58776e-08 1.93059e-09 0.00239466 
0.00327668 0.00256037 4.79476e-05 1.58334e-05 0.00100153 0.0297687 0.00633918 1.04726e-07 0.0323848 0.0452721 0.0106895 3.00568e-07 0.226185 1.06495e-06 1.45736e-06 0.610351 8.33496e-07 8.26571e-08 0.00161544 0.0285025 0.00198528 
0.00302434 0.112536 0.0116828 0.000546833 0.0105156 0.00942477 0.0337141 0.0125016 0.0715962 0.0712308 0.00118266 0.0311752 0.0222225 0.429427 0.0124862 0.0116163 0.121793 0.000385862 0.00240584 0.00335496 0.027178 
0.00976355 0.00514541 5.38919e-11 3.11981e-11 0.0678 0.200261 0.247177 3.2529e-07 0.114441 0.031323 1.58438e-06 5.18681e-11 0.303386 2.00691e-07 8.79209e-11 0.0201613 2.08205e-07 1.36567e-11 1.02398e-07 5.59689e-11 0.000538421 
0.0530247 0.0447228 8.56473e-07 2.42541e-05 0.000210194 0.00182613 6.78992e-05 3.14227e-05 0.887359 0.000248171 4.29982e-07 2.5253e-10 0.00553493 0.000340145 4.28061e-10 0.00576308 0.000243457 6.64904e-11 0.000152497 0.000320807 0.000129489 
0.8637 0.0206674 3.38239e-08 0.00352252 0.000589243 0.0251327 6.92244e-07 0.000129842 0.0145445 0.000143733 4.81992e-07 6.96357e-10 0.0197994 0.000295203 1.18038e-09 3.39273e-05 0.051224 1.83348e-10 5.24483e-08 7.51413e-10 0.000216013 
0.0725137 0.229429 0.00644557 0.00256261 0.00526482 0.0536062 0.0354755 0.00262605 0.317416 0.102302 0.00845758 7.65302e-06 0.060884 0.00714788 0.00910088 0.00193266 0.0593365 2.53546e-06 0.000588704 0.000433496 0.0244662 
0.0124681 0.0254667 0.000171587 0.0031762 0.00533521 0.0342516 0.121419 0.000800472 0.0709063 0.0791507 0.00044083 0.00461814 0.0832825 0.0153079 0.000413971 0.0285756 0.493147 0.000163482 0.00300071 0.00507001 0.0128333 
0.0212378 0.227535 0.00225659 0.00036466 1.35204e-07 0.000211884 0.00236016 0.00312072 0.537014 0.0304504 2.72215e-07 2.53611e-07 0.00022938 0.154622 4.29893e-07 5.97181e-05 3.59057e-05 6.67749e-08 0.0177284 2.73662e-07 0.00277182 
5.18481e-06 0.00898923 3.56477e-09 2.40706e-06 1.82907e-09 2.13327e-05 5.16184e-06 8.05006e-07 0.808438 0.00775907 4.55255e-06 3.4309e-09 2.50049e-06 0.117225 5.81566e-09 0.0493991 0.00814676 9.03343e-10 7.00317e-07 3.70215e-09 1.19691e-09 
0.0119339 0.199662 0.000744118 0.00106632 0.445028 0.0298843 0.0469774 0.00615533 0.0763288 0.0157345 0.0056325 0.00124273 0.0459343 0.010691 0.0570715 0.00590325 0.0286048 0.000611389 0.000760264 0.009299 0.000734421 
0.00103411 0.0230185 0.00393735 5.73365e-05 0.00261184 0.016583 0.459371 0.00902076 0.0116769 0.209255 0.00181308 1.55143e-05 0.0282139 0.00573058 0.000487806 0.0985314 0.113257 6.63957e-06 0.00984775 0.00224257 0.0032881 
0.0684257 0.0201084 0.000778688 0.000525772 0.0166453 0.0357234 0.0146966 0.00402211 0.0242359 0.0987306 0.000245699 0.000144338 0.480046 0.0263752 0.0011309 0.018467 0.111905 0.000113734 0.00269504 0.000318507 0.0746658 
0.00494375 0.0151941 0.0447755 0.000573826 0.0182415 0.0689624 0.0264234 0.00104175 0.0141316 0.234968 0.00348855 0.00148352 0.333523 0.0254648 0.00303386 0.0380877 0.145392 9.29564e-07 0.0022808 0.000329566 0.0176596 
5.55572e-05 0.858487 1.78593e-05 1.84588e-09 1.63605e-09 0.00298193 3.2365e-05 6.68632e-05 0.10765 1.13369e-05 3.29396e-09 1.53472e-05 0.0306031 2.18275e-05 5.20196e-09 8.51414e-10 1.86116e-05 8.08016e-10 1.00184e-06 3.31148e-09 3.76864e-05 
8.25036e-06 0.029638 1.81314e-05 0.00260871 2.00207e-09 0.0108484 0.0599676 5.03927e-07 0.0469877 0.103828 0.217794 1.16873e-05 6.96127e-06 0.468444 6.36573e-09 4.40141e-06 0.0598286 9.88784e-10 3.05727e-09 4.05231e-09 4.98121e-06 
0.0938104 0.00657824 0.000374139 0.01219 0.0263287 0.363427 5.7856e-07 0.0484353 0.0136251 1.35841e-06 9.39182e-11 8.74997e-11 0.0198449 0.00975408 1.48319e-10 0.000170052 0.403242 2.30384e-11 7.77549e-08 9.44177e-11 0.00221819 
2.7215e-06 1.42596e-05 1.04502e-05 0.000610495 0.113391 4.11088e-06 6.04453e-06 2.47884e-06 1.80692e-05 0.489239 0.00906435 0.000674198 1.24857e-05 1.58144e-05 5.96965e-09 9.77065e-10 0.386827 9.27262e-10 2.22053e-06 0.000103205 2.98472e-06 
0.00192348 0.00447948 8.14844e-09 0.00414744 9.45137e-08 0.0177132 0.0589394 0.0121831 0.00977129 0.163326 1.11323e-08 3.54313e-09 0.0149393 0.000691695 4.28687e-12 0.0523215 0.610364 6.65877e-13 0.000168658 2.72895e-12 0.0490319 
0.067127 0.321994 1.05175e-08 5.50976e-07 0.244644 0.0025926 0.000364605 0.00312578 0.221706 7.63879e-07 7.42097e-05 4.09327e-08 0.133104 4.67149e-06 6.93843e-08 0.00244109 0.00214909 2.66522e-09 8.24071e-09 1.09228e-08 0.000671121 
0.00521951 0.708891 5.44494e-05 4.98987e-06 4.6993e-05 0.000452265 0.00625782 0.0200386 0.0542747 0.0120065 0.00306407 0.000261112 0.0534792 0.0500732 7.4292e-05 0.00175319 0.081751 2.48662e-07 0.000145369 0.000529226 0.00162186 
0.0673064 0.107316 5.50385e-05 0.0186518 0.033178 1.13544e-07 2.00178e-08 0.00579355 0.134119 9.35784e-08 1.43927e-08 9.9746e-10 0.112936 0.00821161 1.99791e-09 0.000160068 0.509281 2.38535e-13 2.11681e-08 2.54182e-08 0.00299153 
0.00991937 0.017477 3.91129e-06 1.03915e-06 0.095855 0.00540177 1.85321e-06 1.13067e-06 0.00792851 0.333516 5.19965e-09 4.74695e-07 0.143654 0.15467 0.101925 0.0091491 4.15668e-09 1.27549e-09 0.112669 8.68709e-06 0.00781806 
1.07727e-05 0.0353386 0.000659806 2.08032e-05 0.00170741 9.40812e-05 0.00529169 2.60855e-06 0.877101 0.00263658 4.53732e-08 1.28108e-07 0.0405411 0.0155183 7.16552e-08 0.0197873 3.52139e-05 1.11301e-08 0.00122248 4.56145e-08 3.23571e-05 
0.00125674 0.0113727 0.00865405 0.134088 0.0173389 0.0138019 0.0483243 0.00934311 0.00271153 0.141602 0.00100562 0.00191678 0.0235926 0.0360397 0.000271823 0.144005 0.0205901 7.71962e-06 0.000260927 0.382667 0.00114846 
3.6833e-06 0.00123277 1.25757e-07 5.97006e-08 0.00711582 0.00385218 0.00134654 0.0146915 0.0494147 0.0280527 7.89071e-08 6.19457e-09 0.48582 1.01803e-07 1.51463e-07 0.0126945 0.301826 6.70268e-11 5.82761e-07 2.74695e-10 0.0939494 
0.0352281 0.0824809 3.00793e-05 1.49808e-05 0.00728357 0.0379467 0.0122092 0.016854 0.164821 0.447355 0.000230413 5.69938e-06 0.133533 0.00926979 0.000225378 0.00691404 0.0102241 3.326e-06 0.000223274 0.000348238 0.0347994 
0.44453 0.132376 5.79398e-10 0.000110943 0.0130464 5.44882e-06 0.0108292 0.0123487 0.251624 0.0090114 6.61127e-05 5.886e-07 5.15496e-06 0.0132662 9.45247e-10 1.5471e-10 0.112655 1.46825e-10 6.19757e-06 0.000113779 4.36201e-06 
0.0113363 0.0212587 8.28559e-07 0.0180397 1.3092e-05 2.26072e-05 0.0610436 0.00356287 0.201231 1.62304e-07 4.07396e-10 3.79554e-10 0.252675 4.35258e-06 6.43377e-10 0.000326101 0.430435 9.99353e-11 3.33746e-06 4.0711e-05 6.63401e-06 
0.0444187 0.77424 9.19739e-05 0.000267031 1.07302e-05 3.1375e-05 1.55038e-07 0.0984669 4.65642e-05 1.92364e-08 2.68702e-10 2.50338e-10 0.0614317 0.0208481 4.24345e-10 3.89009e-07 0.00013499 6.59132e-11 2.038e-10 2.70131e-10 1.10216e-05 
0.0015765 0.00257897 1.68045e-06 4.96841e-06 0.00133566 0.00222725 0.00117765 0.000279969 0.0013217 0.0411764 1.38358e-06 6.31804e-08 0.675725 2.05261e-05 1.94188e-06 0.00929699 0.154822 4.67692e-10 4.17549e-05 1.91673e-09 0.10841 
1.66864e-07 0.00515762 0.000261183 0.00142852 1.42327e-06 0.00293212 1.21402e-06 0.185936 0.0329101 0.0792327 1.09038e-07 8.24936e-09 0.244789 1.18497e-07 2.09424e-07 8.62541e-07 0.447347 3.61402e-12 1.11744e-11 1.48113e-11 2.20272e-06 
0.0268583 0.0755565 0.00274112 9.82631e-05 0.0130308 0.0177769 0.313415 0.00776845 0.247276 0.0327584 1.89322e-05 1.44788e-07 0.0956484 0.0381623 2.45428e-07 0.0250206 0.0390361 3.81222e-08 0.000111808 5.77774e-05 0.064664 
0.000118703 1.48565e-05 0.000288738 9.23275e-05 0.00616995 0.00713451 0.00851128 0.000310839 0.00164111 0.272818 2.08639e-05 8.36929e-07 0.554379 4.59869e-05 3.72558e-06 0.0166416 0.114866 3.74804e-09 8.59144e-05 5.88253e-06 0.0168494 
