0.0188742 0.0259216 3.3092e-09 1.69203e-07 0.00450281 0.00425811 0.0369932 0.0321956 0.242506 0.0366705 0.000674373 0.0130133 0.0237458 0.510318 5.39873e-09 0.00737093 0.0317682 0.000432591 2.59285e-09 4.39961e-07 0.0107542 
0.0120987 0.00247463 0.000445751 0.00239883 0.0106106 0.0396743 0.574861 0.00142588 0.0174354 0.210955 0.00170328 0.00349608 0.0562456 0.00188409 0.000153462 0.0327292 0.0246176 0.0053096 4.29762e-05 0.000422769 0.00101545 
0.061753 0.0475571 0.000216084 1.91258e-05 0.0044097 0.0224484 0.0540042 0.00343849 0.107602 0.151231 0.000249781 3.76025e-08 0.151366 0.247548 7.97879e-07 0.0458659 0.0869542 3.22835e-06 8.24788e-10 4.09929e-06 0.0153294 
0.000822098 0.00462608 1.07048e-12 0.000123687 0.000314596 0.17283 0.00291182 5.73223e-08 0.261116 2.6446e-06 1.10586e-12 4.13145e-10 0.0294576 3.32406e-08 1.74642e-12 7.14628e-09 0.527463 9.41088e-06 8.38753e-13 1.11174e-12 0.000323047 
0.0100709 0.00838348 2.2616e-10 3.4298e-05 0.24339 0.614172 0.00938952 3.22202e-05 0.0398551 0.000589085 2.33634e-10 1.2483e-07 0.0314887 1.84737e-06 3.68965e-10 0.000969342 0.0415996 2.28623e-05 1.77203e-10 2.34877e-10 1.42536e-06 
0.00502394 0.0389264 1.75777e-07 0.00138053 3.32032e-05 0.0153095 0.00189555 4.72358e-06 0.125878 0.0102726 4.2497e-06 1.69176e-07 0.00127754 0.774265 2.86767e-07 2.0314e-05 0.0186869 1.20492e-06 1.37726e-07 2.71228e-05 0.00699213 
0.00381888 0.00509828 2.37898e-10 7.33858e-07 0.50646 0.422833 0.00039585 0.000318287 0.0190577 2.12861e-07 1.03987e-05 2.28964e-10 0.0146123 0.00279739 3.88114e-10 5.0027e-07 0.0221434 9.19299e-05 1.864e-10 2.47067e-10 0.00236022 
0.00321208 0.00396902 7.94083e-05 1.38597e-05 0.0021467 0.00131328 0.172597 0.000447773 0.570394 0.087184 0.00102999 0.000304176 0.0388034 0.000235212 3.52153e-05 0.0162485 0.0941207 1.94704e-05 3.00508e-07 3.98314e-07 0.00784576 
0.00206794 0.024815 6.69014e-05 0.585396 0.0661725 0.00523697 0.150772 0.0766616 0.052297 9.28931e-06 1.80801e-08 1.68445e-08 0.000155671 0.0210944 2.85528e-08 6.82287e-05 0.012608 1.75409e-06 1.37131e-08 1.81762e-08 0.00257649 
0.00991516 0.0541932 0.00513998 0.000386848 0.00662522 0.0266731 0.0483612 0.0164813 0.0167566 0.581788 0.000583489 0.00393337 0.138553 0.0130406 0.0215956 0.00484939 0.0310298 0.00111207 0.000338622 0.00261734 0.0160254 
0.00229866 0.0494475 2.97483e-06 5.0159e-05 0.198523 0.139562 0.0122982 0.00491131 0.0489771 0.00642405 5.19205e-06 2.07333e-07 0.0695345 0.000352949 4.72527e-08 0.00247397 0.464001 1.61209e-06 2.88129e-11 3.81906e-11 0.00113476 
0.0114464 0.0230523 6.4949e-05 0.000163934 0.00594902 0.0107963 0.00397256 0.00646014 0.0548371 0.180955 3.55966e-08 6.77858e-06 0.0404781 0.00259816 5.62156e-08 0.000939572 0.186889 1.47499e-05 2.69987e-08 3.57859e-08 0.471376 
0.00389998 0.0495452 1.28783e-07 1.61825e-07 0.00197274 0.00761861 0.0286316 2.50695e-07 0.596988 0.00452169 1.01315e-07 8.36432e-08 0.0186326 0.0817961 5.91726e-10 0.000511656 0.205881 4.81988e-08 2.84188e-10 3.76683e-10 6.94866e-08 
0.000295106 0.0087196 0.000134286 9.7047e-06 0.00172673 0.00453439 0.00131161 0.000985316 0.00100724 0.145762 0.00377068 0.000109184 0.722975 0.000570659 0.00053259 0.0884866 0.0161028 5.66943e-05 1.09559e-07 1.71416e-06 0.00290809 
0.00535208 0.0176729 8.88962e-07 0.00120122 0.0112983 0.00938128 0.00340291 0.000353406 0.0210395 0.0506678 0.121082 0.00172396 0.0930178 0.00434903 0.0174493 0.278914 0.00694143 0.00879161 1.5244e-08 3.1306e-06 0.347357 
0.00327166 0.0902149 8.8315e-08 7.88578e-05 3.57698e-07 0.00126978 1.78517e-05 0.00218511 0.0119417 0.0118625 0.000334736 8.49984e-08 3.12567e-05 0.87355 1.4408e-07 0.00130129 0.00376725 6.18483e-05 6.91972e-08 0.000108628 1.52839e-06 
0.000194674 0.0138021 0.140885 0.00219001 5.01866e-07 0.00737568 0.00179844 0.00337669 0.157828 0.000254672 3.00147e-06 0.547092 0.00451813 0.0919246 4.65507e-10 5.14608e-09 0.0274556 0.00130138 2.23569e-10 2.96334e-10 2.99727e-07 
0.742284 0.106496 2.77262e-10 0.000112682 0.000463189 0.000144526 0.00075273 0.134368 0.0133627 0.00147278 2.86425e-10 2.6685e-10 0.000352831 1.18706e-07 1.43116e-06 0.000184415 8.98285e-08 2.23224e-08 2.17242e-10 8.21776e-08 4.2892e-06 
0.593776 0.00927648 2.34971e-10 1.06509e-05 0.00186043 1.05016e-05 0.0126953 0.00369374 0.165925 0.0347617 8.74094e-07 2.26147e-10 0.0588026 0.000449063 2.68375e-06 0.11418 4.18857e-07 1.79227e-08 1.84106e-10 2.44027e-10 0.0045548 
0.120808 0.0239212 3.44123e-07 2.8845e-05 0.23941 0.0319907 0.0482362 0.00883016 0.141009 0.0545103 1.01904e-05 3.99672e-07 0.0805446 0.0111005 0.000102856 0.220097 0.0094091 9.97081e-05 2.06146e-09 0.00629717 0.00359348 
0.0113755 0.0249514 5.52997e-08 0.000174379 5.26909e-08 0.049962 4.88521e-08 3.25599e-07 0.0191303 3.00832e-07 8.24146e-10 7.60218e-12 0.0321094 0.00298282 1.28864e-11 1.79279e-07 0.85931 2.28206e-08 6.18893e-12 2.48887e-06 3.63345e-07 
2.03028e-08 0.000990982 3.7017e-05 5.32119e-09 9.17234e-08 0.00101343 0.0076752 0.0188823 0.018901 0.135202 7.02701e-09 7.97502e-06 0.163237 3.80699e-09 1.34964e-08 0.00905512 0.618264 2.60684e-06 7.20136e-13 9.54517e-13 0.0267302 
0.000156817 0.0332873 1.7033e-07 0.000120606 2.20414e-05 0.0035345 0.0322254 0.000151241 0.214627 0.188704 1.56429e-07 2.28409e-05 0.00501944 0.216531 3.30531e-08 0.0116974 0.144662 2.1054e-05 2.4851e-10 3.29392e-10 0.149216 
0.00579776 0.0201663 2.92511e-06 1.88168e-05 0.000659096 0.00309469 0.014271 0.00240312 0.0206125 0.0131346 3.1284e-06 3.6943e-10 0.158579 0.00010914 9.31321e-09 0.000624834 0.754361 4.54229e-06 2.74408e-12 1.97218e-07 0.00615756 
0.0284766 0.278066 4.04309e-06 0.00545625 0.0500311 0.0240949 0.00209499 0.00657158 0.403986 0.0596856 0.000401853 2.37058e-05 0.00966064 0.0879959 1.61356e-06 0.0275545 0.0150123 1.95351e-05 1.8428e-07 1.18937e-06 0.000861252 
0.742284 0.106496 2.77262e-10 0.000112682 0.000463189 0.000144526 0.00075273 0.134368 0.0133627 0.00147278 2.86425e-10 2.6685e-10 0.000352831 1.18706e-07 1.43116e-06 0.000184415 8.98285e-08 2.23224e-08 2.17242e-10 8.21776e-08 4.2892e-06 
0.217354 0.583894 6.72644e-07 0.000219177 0.0139481 4.32902e-07 0.000632256 0.0534019 0.0577101 0.00326061 1.5666e-07 0.000235616 0.00447791 0.0615547 2.30533e-10 1.51002e-07 0.00245465 0.00012324 1.10718e-10 1.46753e-10 0.000732118 
0.0140201 0.0738951 0.000885712 0.00138921 0.0361439 0.0523283 0.00953288 0.00673153 0.106085 0.176797 0.00270669 0.000227526 0.042435 0.294603 0.000627076 0.0116909 0.146497 0.00594858 0.00017828 0.00135363 0.0159241 
0.0115008 0.0817443 0.000703325 3.74386e-06 9.55654e-06 0.0317365 9.77167e-06 0.00175709 0.494137 0.00913412 3.21716e-05 3.28014e-09 9.8348e-06 0.369206 1.09356e-06 6.87734e-06 3.71174e-06 2.73861e-07 2.67036e-09 3.53948e-09 3.825e-06 
0.00901422 0.0521761 0.00043163 0.000748212 0.0148622 0.0345224 0.166388 0.00511551 0.04455 0.364671 0.00217173 0.00626488 0.0436704 0.150671 0.00453334 0.0175407 0.0626335 0.0063161 0.000270368 0.00402641 0.00942135 
8.26764e-06 0.213938 1.56088e-07 0.00297481 9.5477e-06 1.11356e-05 0.00549599 2.11884e-05 0.47428 1.10357e-07 5.96986e-11 5.56743e-08 0.0469355 0.0343714 9.42784e-11 0.00961767 0.211896 0.000437743 4.52791e-11 6.0016e-11 2.62722e-06 
0.0253331 0.0132678 4.96265e-07 4.36105e-07 1.11352e-06 0.0164108 0.00694718 0.00108154 0.927383 0.00199553 3.74885e-06 5.75385e-11 1.14608e-06 0.00757181 1.2689e-07 8.01379e-07 4.32534e-07 3.18296e-08 4.68421e-11 6.20877e-11 4.45642e-07 
0.00206794 0.024815 6.69014e-05 0.585396 0.0661725 0.00523697 0.150772 0.0766616 0.052297 9.28931e-06 1.80801e-08 1.68445e-08 0.000155671 0.0210944 2.85528e-08 6.82287e-05 0.012608 1.75409e-06 1.37131e-08 1.81762e-08 0.00257649 
0.0045352 0.0110499 5.09963e-07 0.433284 0.000814778 0.0152698 0.484587 4.57932e-07 3.23199e-06 1.55733e-07 6.06664e-05 0.0148574 1.00307e-06 0.00199449 6.25493e-11 0.00407025 0.029471 6.08215e-07 3.00405e-11 3.98178e-11 9.7849e-08 
0.0965999 0.0627286 0.00338744 0.000708375 0.00245888 0.0536451 0.0427381 0.0054617 0.0519386 0.111655 6.5867e-05 0.123796 0.0153042 0.316787 8.10092e-05 0.0203691 0.0644667 0.00408248 2.64478e-07 0.0010997 0.022627 
0.00166425 2.61405e-05 2.86479e-06 6.73548e-05 0.00287347 0.0458018 3.75033e-05 5.77451e-06 0.00993707 0.277013 0.000210992 2.04108e-08 0.121716 0.00616385 1.43737e-05 4.02481e-05 0.107875 2.24092e-05 1.66164e-08 2.20245e-08 0.426528 
0.0565769 0.0278703 0.000163794 0.000216994 0.0776578 0.04069 0.0240129 0.00189076 0.0621498 0.0595391 0.000263959 0.0187484 0.149394 0.0214369 5.0552e-06 0.00506864 0.330672 0.00101211 4.60846e-08 4.61288e-07 0.122631 
0.00270195 0.0480824 0.00102226 0.000202903 0.151652 0.572498 0.0541491 0.000137187 0.0116844 0.0441259 0.00495493 8.82892e-08 0.0731027 0.00888795 1.19166e-10 1.8387e-05 0.0220017 1.19701e-07 5.72317e-11 0.00094087 0.00383685 
0.00229866 0.0494475 2.97483e-06 5.0159e-05 0.198523 0.139562 0.0122982 0.00491131 0.0489771 0.00642405 5.19205e-06 2.07333e-07 0.0695345 0.000352949 4.72527e-08 0.00247397 0.464001 1.61209e-06 2.88129e-11 3.81906e-11 0.00113476 
0.00391084 0.0557923 9.66198e-11 2.47417e-07 0.000468688 1.61702e-07 0.0119452 3.62232e-07 0.012238 0.483579 0.000678909 4.32143e-07 2.59492e-06 0.159867 9.40689e-07 0.00152104 0.213029 9.44433e-08 7.57042e-11 0.000234249 0.0567303 
0.00911238 0.0300441 4.51375e-05 0.000267832 0.00165986 0.0289251 0.000124613 0.000452114 0.0160292 0.00251045 6.33252e-10 2.24498e-11 0.176167 2.25981e-05 3.80543e-11 0.00223519 0.67147 1.70406e-08 1.82763e-11 1.85802e-06 0.0609325 
0.0410774 0.0683019 6.26844e-06 0.0393964 0.000175872 0.0131561 5.41304e-05 0.000789482 0.17826 2.41927e-07 0.000105789 2.68733e-05 0.00101864 0.628829 2.99566e-09 1.7793e-07 0.0285732 9.46759e-05 1.43873e-09 6.40022e-05 6.99934e-05 
0.0461678 0.0553991 0.00289908 0.000401488 0.0333458 0.0108465 0.0453452 0.0112733 0.159773 0.205604 0.0155034 0.00300661 0.150989 0.132127 0.00459986 0.0534041 0.0461828 0.000358847 0.000352593 0.00699404 0.015427 
0.0139563 0.19663 5.36907e-07 3.04053e-05 2.59284e-07 0.0697168 0.0385091 0.00426806 0.0787658 0.0492144 1.63084e-10 1.51939e-10 0.00631569 0.210955 2.57549e-10 1.81303e-07 0.259134 6.57283e-06 1.23693e-10 1.95119e-06 0.0724948 
0.701786 0.00512747 4.15371e-08 0.00155408 0.000314886 0.000756588 0.221267 2.70418e-06 0.0338944 0.0203038 4.29097e-08 3.99772e-08 0.0118852 4.90236e-06 6.77648e-08 0.000345346 0.00275568 3.66346e-07 3.25454e-08 4.31379e-08 1.45039e-06 
0.0229795 0.00572955 9.63954e-06 4.28195e-07 0.00318876 0.0770916 0.00505098 0.000472166 0.0627241 0.396088 1.34108e-06 4.48072e-10 0.110755 0.0144158 9.18766e-08 0.00990151 0.252601 8.69971e-05 3.64776e-10 0.00693555 0.031968 
0.048728 0.0917498 1.66607e-05 0.00652512 0.000214607 0.0320947 0.0045216 0.00548876 0.0997585 0.0188082 1.52739e-07 1.93256e-05 0.0240974 0.00497298 1.85102e-12 0.00700303 0.619401 0.0324198 8.88989e-13 1.13437e-07 0.00418053 
0.00229866 0.0494475 2.97483e-06 5.0159e-05 0.198523 0.139562 0.0122982 0.00491131 0.0489771 0.00642405 5.19205e-06 2.07333e-07 0.0695345 0.000352949 4.72527e-08 0.00247397 0.464001 1.61209e-06 2.88129e-11 3.81906e-11 0.00113476 
1.51063e-05 0.0305338 1.14439e-05 0.00109539 0.00366658 0.0232641 0.0120695 0.00654554 0.108019 0.0144485 0.000556251 0.00024062 0.733586 0.0201131 3.71453e-06 0.00123206 0.0411111 0.00030852 2.24748e-07 2.97896e-07 0.00317846 
0.00579776 0.0201663 2.92511e-06 1.88168e-05 0.000659096 0.00309469 0.014271 0.00240312 0.0206125 0.0131346 3.1284e-06 3.6943e-10 0.158579 0.00010914 9.31321e-09 0.000624834 0.754361 4.54229e-06 2.74408e-12 1.97218e-07 0.00615756 
0.00332943 0.0266466 9.44402e-09 0.0128584 0.00135565 0.000714985 0.0477532 0.000981753 0.223035 0.00618203 5.52951e-06 9.08935e-09 0.0078416 0.623253 1.54072e-08 0.0205053 0.0242291 1.04692e-06 7.39964e-09 9.80799e-09 0.00130761 
0.00421008 0.000823761 3.09879e-05 6.09072e-06 0.277379 0.00575719 0.000715699 1.41812e-05 0.0241081 0.0340876 0.000175428 2.75626e-06 0.0330472 0.00965942 4.63018e-05 0.571584 0.00109803 2.75847e-07 3.04218e-08 4.03231e-08 0.0372535 
0.0065226 0.00831812 1.42096e-08 2.29623e-05 0.0047211 0.20473 0.0554483 0.00373214 0.295253 0.00415241 3.84012e-05 1.19693e-08 0.092653 0.00375467 3.77294e-11 0.0354801 0.283636 0.0002831 1.81203e-11 2.40179e-11 0.00125448 
0.00140209 0.0011831 6.38876e-10 3.01225e-07 2.25492e-08 0.0574315 0.188321 6.4237e-07 0.0515958 0.24145 0.0167048 6.14884e-10 0.0589164 0.156853 1.04228e-09 0.00672203 0.218932 0.000484588 5.00576e-10 6.63498e-10 2.00063e-06 
0.58594 0.0482672 0.0157506 0.00418652 0.00103647 0.00584185 0.118431 0.000394906 0.0568335 0.0396184 7.24607e-05 0.017016 0.0370316 0.0198235 7.83734e-05 0.00615955 0.0307167 0.00014145 5.03957e-05 0.00740144 0.00520843 
0.0683591 0.312343 3.44634e-05 0.000586331 3.91336e-05 0.00435246 0.00993471 0.0248102 0.212518 0.00233412 1.03811e-06 1.35466e-09 0.00156068 0.271101 2.29627e-09 0.00163521 0.0899721 0.00016656 1.10283e-09 5.06422e-06 0.000247606 
0.0029267 9.81332e-07 3.53516e-10 0.000195623 6.78479e-05 0.0282944 0.0331313 6.77501e-07 0.0679187 0.0914344 0.000155378 0.00146634 0.00415251 0.748317 5.76735e-10 0.0040612 0.013852 5.24221e-08 2.76989e-10 2.32893e-06 0.00402222 
0.131915 0.0372213 4.71252e-05 0.000208608 0.000700802 0.0122887 0.135154 0.0122057 0.00914469 0.123156 0.000534104 0.437656 0.0091045 0.0428601 0.0157671 0.000819361 0.0257956 0.00418797 8.41833e-06 7.04417e-05 0.00115541 
0.032523 0.0158756 2.0928e-05 0.000217376 0.00198774 0.000828394 0.290118 4.37599e-07 0.410634 0.00574431 7.61237e-05 1.90883e-07 0.00995929 0.000261815 4.3557e-08 0.000701264 0.230944 6.31075e-05 2.09192e-08 1.99272e-05 2.36387e-05 
0.675871 0.193881 9.32461e-05 0.0124756 0.00692009 0.000997603 1.58933e-05 0.00219387 0.0400954 2.54122e-05 7.57296e-07 7.05541e-07 0.00418992 0.0268669 1.19595e-06 7.63698e-07 0.0362872 4.01303e-06 5.7438e-07 7.61323e-07 7.73496e-05 
0.742284 0.106496 2.77262e-10 0.000112682 0.000463189 0.000144526 0.00075273 0.134368 0.0133627 0.00147278 2.86425e-10 2.6685e-10 0.000352831 1.18706e-07 1.43116e-06 0.000184415 8.98285e-08 2.23224e-08 2.17242e-10 8.21776e-08 4.2892e-06 
0.00332943 0.0266466 9.44402e-09 0.0128584 0.00135565 0.000714985 0.0477532 0.000981753 0.223035 0.00618203 5.52951e-06 9.08935e-09 0.0078416 0.623253 1.54072e-08 0.0205053 0.0242291 1.04692e-06 7.39964e-09 9.80799e-09 0.00130761 
0.00543738 0.00999327 0.000348789 0.000613921 0.0125656 0.0141617 0.0582368 0.000141802 0.0108011 0.724276 0.00730349 0.0073622 0.00810097 0.010151 0.0340463 0.0211415 0.0515216 0.0156523 1.79384e-05 8.48418e-05 0.00804108 
0.000801132 0.00418525 0.000496308 0.00010111 0.00218339 0.00541653 0.687636 0.000142088 0.0375383 0.00731402 0.00773677 0.000327181 0.148603 0.0160212 0.000162425 0.0084565 0.0718477 0.000570162 3.33399e-05 0.000112399 0.000315396 
5.36791e-06 0.0219011 1.14393e-07 2.8552e-06 2.47993e-05 0.0143032 0.00101088 5.60535e-07 0.362483 0.0119855 1.03648e-05 3.92864e-06 3.99155e-05 0.408486 1.86624e-07 0.00200092 0.127219 0.000455271 8.96298e-08 0.0444968 0.00556994 
0.0015558 0.0286744 2.90589e-08 0.000315176 2.48358e-05 0.0343391 0.00222355 0.00370394 0.0334799 0.0080331 7.20984e-08 2.44829e-08 0.00263308 0.774224 1.51916e-10 0.00394018 0.105157 2.82156e-05 7.29608e-11 4.89947e-08 0.00166696 
0.00313407 0.000346538 2.87506e-07 2.52938e-05 0.0285532 0.024456 0.2286 0.000594261 0.0038503 0.0421196 0.0057213 0.125501 0.0061983 0.00523422 3.8529e-08 0.496772 0.015267 0.00136036 1.85043e-08 4.3268e-06 0.0122616 
0.000156817 0.0332873 1.7033e-07 0.000120606 2.20414e-05 0.0035345 0.0322254 0.000151241 0.214627 0.188704 1.56429e-07 2.28409e-05 0.00501944 0.216531 3.30531e-08 0.0116974 0.144662 2.1054e-05 2.4851e-10 3.29392e-10 0.149216 
0.0531243 0.0735738 0.0213551 0.000100711 0.00595258 0.0499882 0.174661 0.00832965 0.199633 0.0427388 0.0100692 0.0398468 0.0255041 0.0699149 1.88177e-08 0.0153512 0.19036 0.000153903 9.03758e-09 1.1979e-08 0.0193433 
0.000156817 0.0332873 1.7033e-07 0.000120606 2.20414e-05 0.0035345 0.0322254 0.000151241 0.214627 0.188704 1.56429e-07 2.28409e-05 0.00501944 0.216531 3.30531e-08 0.0116974 0.144662 2.1054e-05 2.4851e-10 3.29392e-10 0.149216 
0.00308943 0.110502 5.07482e-06 9.00722e-06 0.00516303 0.000957031 0.000505316 0.848839 0.00654947 0.000219343 9.20921e-06 2.19194e-06 0.0103797 0.000290335 3.90962e-06 0.0100629 0.00230714 1.926e-06 5.62381e-07 2.70482e-06 0.00110114 
0.391326 0.0209344 5.63673e-07 1.53327e-07 0.00127315 0.0737628 0.00834271 0.000187975 0.314495 0.0376279 4.32274e-08 3.21011e-10 0.0249868 0.0505306 2.31182e-08 0.0492299 0.0267856 6.44483e-06 2.61335e-10 2.29973e-06 0.000506958 
0.000156817 0.0332873 1.7033e-07 0.000120606 2.20414e-05 0.0035345 0.0322254 0.000151241 0.214627 0.188704 1.56429e-07 2.28409e-05 0.00501944 0.216531 3.30531e-08 0.0116974 0.144662 2.1054e-05 2.4851e-10 3.29392e-10 0.149216 
0.00269123 0.0370858 2.23514e-06 3.76299e-05 0.181695 0.192285 0.01103 0.00368354 0.0662062 0.0120169 3.89921e-06 1.56812e-07 0.0875745 0.000685026 3.86987e-08 0.00214019 0.400365 1.21143e-06 4.5579e-11 6.04135e-11 0.00249574 
0.0536946 0.000748559 6.08716e-07 0.00103322 0.000562347 0.321643 2.77014e-06 0.00265838 0.009416 0.00260838 9.35698e-09 8.71751e-09 0.500262 1.50971e-07 1.47769e-08 0.000677138 0.0973795 3.48047e-05 7.09692e-09 9.40674e-09 0.00927781 
0.00441892 0.05605 0.000219222 0.00146136 1.54653e-05 0.0742923 0.117967 0.00308366 0.0385202 0.0823201 0.0253735 4.54916e-06 0.0208318 0.448051 5.57869e-06 0.000380764 0.1261 0.000459123 3.70347e-06 0.000435665 6.32375e-06 
0.0182908 0.0108926 5.13372e-07 0.00101075 0.0929571 0.016642 0.547603 0.0573375 0.0864475 0.0155984 5.30337e-07 4.94092e-07 0.0181009 0.0717984 0.00259718 0.0116519 0.0293404 0.00162629 4.0224e-07 0.00128011 0.0168236 
0.00146923 0.0214545 0.000724627 0.000367803 0.200273 0.129389 0.0233225 0.00281813 0.0369382 0.209883 3.42915e-05 7.59234e-08 0.075971 0.0187182 4.46167e-07 0.00259171 0.273493 1.06124e-08 1.264e-11 2.25882e-05 0.00252902 
0.00238346 0.0308638 7.36854e-05 0.0304546 0.000973182 0.00684479 0.0693125 0.00301557 0.151216 0.0329633 0.004799 0.000337408 0.00246727 0.581363 0.000233929 0.0451595 0.0354465 0.00162477 1.94694e-09 8.66383e-07 0.000466793 
7.5498e-08 0.0163609 8.19454e-09 2.8159e-08 0.00370885 0.247402 0.0123497 0.000689485 0.102985 0.00124651 2.0366e-08 6.90125e-09 0.0265242 1.64572e-07 4.17644e-12 0.0137452 0.572263 1.32995e-08 2.00582e-12 2.65865e-12 0.00272401 
0.0107662 0.0797445 2.13581e-07 0.000112765 3.06337e-07 0.000195923 0.0270928 0.0114729 0.0905118 0.0781394 5.67555e-10 6.71127e-07 0.147108 0.200095 8.96306e-10 0.00443002 0.326232 0.00283256 4.30469e-10 0.0134805 0.00778435 
0.131734 0.0252535 5.21655e-09 0.00339774 0.000433985 0.00871021 0.000558391 0.000525331 0.0143701 0.0167529 6.39516e-08 2.46095e-06 0.012452 0.00586035 9.869e-11 0.000129798 0.763288 1.90024e-08 4.73979e-11 6.28244e-11 0.0165313 
0.0405342 0.0261974 4.67486e-07 3.66668e-06 4.90444e-05 0.00882891 0.000118373 0.000295727 0.0140684 0.00832281 8.29464e-09 1.31905e-09 0.142226 0.083467 2.2359e-09 0.130376 0.40093 0.106711 1.07384e-09 2.09827e-05 0.0378501 
0.0677558 0.0151247 3.98366e-06 1.768e-05 0.0241815 0.0123031 0.414461 0.0377735 0.00051517 0.289588 8.08583e-08 8.98336e-10 0.104339 0.00118829 8.49902e-05 0.000195568 0.0204771 3.21546e-05 7.31335e-10 4.41851e-06 0.0119543 
0.00532555 0.00590579 2.52656e-06 0.0159399 0.000326602 0.0298508 1.19039e-05 0.000441544 0.0102118 0.0606063 6.6969e-05 2.15133e-08 0.0170218 0.0617104 0.0803546 4.27788e-05 0.711291 7.11492e-06 1.7514e-08 9.24367e-06 0.000873673 
0.0323267 0.00766588 4.25216e-05 0.000146584 0.0239837 0.0101553 0.000415209 7.30776e-05 0.00583079 0.000839283 4.61404e-11 4.29871e-11 0.697723 6.21382e-05 7.28668e-11 0.00726302 0.196722 3.98477e-08 3.49957e-11 4.63858e-11 0.0167502 
0.000567599 0.00307674 0.578751 0.000110708 0.00156802 0.0145387 0.00794444 0.0016607 0.178435 0.00802473 0.000264701 0.000747713 0.0231682 0.00790524 9.76811e-05 0.00116269 0.170118 9.12309e-05 4.64629e-05 0.000223434 0.00149614 
0.0014723 0.117833 8.54894e-10 0.000472475 0.000150161 2.69549e-07 0.026984 0.000258074 0.262272 0.00786018 0.00138305 8.2279e-10 9.98993e-05 0.452389 1.01086e-07 7.69527e-07 0.128705 0.000117561 6.69833e-10 1.29835e-06 5.56729e-07 
0.00579776 0.0201663 2.92511e-06 1.88168e-05 0.000659096 0.00309469 0.014271 0.00240312 0.0206125 0.0131346 3.1284e-06 3.6943e-10 0.158579 0.00010914 9.31321e-09 0.000624834 0.754361 4.54229e-06 2.74408e-12 1.97218e-07 0.00615756 
0.0155167 0.0375032 1.49474e-07 0.00296574 0.000205929 0.0140661 0.0129839 0.00031742 0.029777 0.00516461 0.0113863 3.79959e-05 0.782397 0.000984988 1.46261e-05 0.00192772 0.0670554 0.00644972 1.17117e-07 0.00180726 0.00943847 
0.593776 0.00927648 2.34971e-10 1.06509e-05 0.00186043 1.05016e-05 0.0126953 0.00369374 0.165925 0.0347617 8.74094e-07 2.26147e-10 0.0588026 0.000449063 2.68375e-06 0.11418 4.18857e-07 1.79227e-08 1.84106e-10 2.44027e-10 0.0045548 
0.0222332 0.0849498 2.35856e-07 0.00035561 0.00490642 4.51416e-07 1.64493e-06 0.00441968 0.0600972 0.02871 1.47832e-07 1.12644e-08 0.191314 0.22463 2.83903e-07 0.0621755 0.312039 2.53085e-08 8.60243e-11 1.14023e-10 0.00416611 
4.54914e-05 0.00338486 1.94652e-05 1.79204e-05 0.00147427 0.0118794 0.0189293 9.95819e-05 0.135753 0.000199105 2.80247e-06 1.1077e-06 0.0345672 0.767268 0.000918225 0.0133306 0.00713854 0.00239656 4.39242e-07 0.00142226 0.0011514 
0.00154057 0.00358051 3.17247e-08 3.25433e-07 0.00025234 2.98308e-06 0.852264 0.000609487 0.0197314 1.09294e-06 2.72632e-06 3.72137e-07 0.000181381 0.0356908 8.53099e-10 0.0861185 5.76684e-06 3.63847e-07 4.09718e-10 8.06922e-06 9.03084e-06 
0.00831518 0.193861 7.86269e-11 1.73011e-07 3.26818e-07 2.6185e-07 0.0834886 6.34439e-07 0.0673373 0.308266 3.08738e-07 7.56815e-07 5.06004e-07 0.155541 1.28274e-10 0.00839804 0.174232 1.65395e-07 6.16063e-11 1.87893e-07 0.000556228 
0.000167717 0.00736722 0.00095948 0.000241904 0.00611548 0.0122506 0.0290789 0.00906186 0.046344 0.471473 0.0679431 1.45221e-05 0.0327263 0.0331521 9.41544e-06 0.00126201 0.134186 0.146607 7.09766e-06 0.000101166 0.000930959 
0.0030283 0.0304443 6.81168e-07 0.00028495 0.000126035 0.129354 0.00651575 0.000367802 0.329658 0.00367848 0.0100395 4.89582e-08 0.0357074 0.0130379 1.34129e-10 0.000628162 0.436215 6.93871e-05 6.4418e-11 7.12297e-07 0.000843887 
0.00532555 0.00590579 2.52656e-06 0.0159399 0.000326602 0.0298508 1.19039e-05 0.000441544 0.0102118 0.0606063 6.6969e-05 2.15133e-08 0.0170218 0.0617104 0.0803546 4.27788e-05 0.711291 7.11492e-06 1.7514e-08 9.24367e-06 0.000873673 
0.694168 0.079925 6.79697e-09 0.00201178 0.00294094 0.0622721 0.000121203 0.00403401 0.0356337 4.48951e-07 2.15539e-11 3.02231e-09 0.00638466 0.00199718 3.40388e-11 2.90053e-09 0.110058 1.05448e-05 1.63478e-11 9.10666e-08 0.000441792 
0.4463 0.11608 1.19606e-10 8.66105e-08 0.000369158 0.00261319 0.00139257 0.0740397 0.244777 0.0039571 5.42546e-08 1.19545e-07 0.0183319 0.00805824 8.33084e-07 0.010167 0.0709128 4.99947e-08 9.37142e-11 1.24215e-10 0.00300069 
0.00042508 7.28632e-08 2.42868e-08 2.30699e-08 3.49794e-07 0.00162145 0.0215481 0.000489589 0.00571249 0.816135 1.55387e-06 4.4946e-08 0.0307642 0.000266747 2.194e-07 0.00160832 0.12139 2.33511e-08 4.87808e-12 6.53039e-10 3.67173e-05 
0.00166425 2.61405e-05 2.86479e-06 6.73548e-05 0.00287347 0.0458018 3.75033e-05 5.77451e-06 0.00993707 0.277013 0.000210992 2.04108e-08 0.121716 0.00616385 1.43737e-05 4.02481e-05 0.107875 2.24092e-05 1.66164e-08 2.20245e-08 0.426528 
0.742284 0.106496 2.77262e-10 0.000112682 0.000463189 0.000144526 0.00075273 0.134368 0.0133627 0.00147278 2.86425e-10 2.6685e-10 0.000352831 1.18706e-07 1.43116e-06 0.000184415 8.98285e-08 2.23224e-08 2.17242e-10 8.21776e-08 4.2892e-06 
0.007497 0.0210128 0.00131634 0.00284739 0.00619945 0.0233896 0.0371207 0.00090966 0.223971 0.496669 0.0190581 0.00210865 0.0279092 0.00824315 0.00684311 0.032571 0.0450392 0.0299911 0.000193257 0.00167862 0.00543157 
0.271784 0.342071 1.47489e-06 5.06819e-06 5.98148e-06 4.31729e-05 0.249607 6.6715e-06 9.26783e-05 1.57984e-05 3.66556e-06 1.24212e-06 6.28067e-06 0.136283 7.51695e-10 3.14346e-05 3.35675e-05 2.3937e-06 3.61017e-10 4.78516e-10 5.61597e-06 
0.000551528 0.00203824 1.73052e-09 9.63306e-07 5.03334e-06 0.00289597 8.60153e-05 1.79662e-05 0.0481104 0.00666003 2.06696e-06 1.66553e-09 4.80815e-07 0.939062 2.82321e-09 6.24257e-06 0.000194978 0.000233465 1.35591e-09 7.83838e-08 0.000134575 
0.00116509 0.0251644 0.000107416 8.75117e-05 0.00856808 0.0106285 0.789641 0.000402096 0.0126551 0.0457858 0.0014687 0.00259715 0.0032902 0.0125878 0.000635031 0.0374826 0.0421043 6.59234e-05 1.22317e-05 0.000145149 0.00540587 
0.136592 0.619726 0.000188628 4.18141e-05 0.010556 0.000268122 0.00286629 0.00728147 0.0289236 0.0559673 0.00524708 1.80296e-06 0.0565104 0.0141499 9.6467e-05 0.0170101 0.0058184 1.43038e-05 1.26691e-06 0.023315 0.0154239 
0.00389998 0.0495452 1.28783e-07 1.61825e-07 0.00197274 0.00761861 0.0286316 2.50695e-07 0.596988 0.00452169 1.01315e-07 8.36432e-08 0.0186326 0.0817961 5.91726e-10 0.000511656 0.205881 4.81988e-08 2.84188e-10 3.76683e-10 6.94866e-08 
0.0197802 0.0257872 0.00188466 0.00410973 0.00616898 0.130415 0.0313675 0.013183 0.107091 0.0504801 0.00189675 0.00126407 0.266453 0.0616968 0.000706433 0.0430671 0.168702 0.0540824 0.000400908 0.00164421 0.00981882 
0.0107365 0.0698328 0.290756 0.000638135 0.0197309 0.0348123 0.0010787 0.000512974 0.0684971 0.00111738 8.53838e-05 6.62682e-05 0.0167565 0.00560404 2.53787e-09 1.99658e-06 0.479449 5.11626e-05 1.21886e-09 2.7714e-05 0.000244424 
0.00572785 0.0289048 0.00067589 0.00189028 0.00578393 0.0272566 0.0116183 0.00484717 0.0252022 0.45169 0.0703847 8.68196e-05 0.211225 0.00800384 0.0291602 0.0344646 0.0662683 0.011344 5.68468e-06 3.04591e-05 0.00543014 
0.0189379 0.0289409 6.72644e-09 0.000331867 0.0135086 7.99123e-05 0.00148526 0.00010551 0.109188 0.0146325 6.94872e-09 6.47383e-09 0.00196874 0.0585701 0.049356 0.0517575 0.0565584 1.56958e-07 5.27034e-09 1.1778e-05 0.594567 
0.000156817 0.0332873 1.7033e-07 0.000120606 2.20414e-05 0.0035345 0.0322254 0.000151241 0.214627 0.188704 1.56429e-07 2.28409e-05 0.00501944 0.216531 3.30531e-08 0.0116974 0.144662 2.1054e-05 2.4851e-10 3.29392e-10 0.149216 
0.048728 0.0917498 1.66607e-05 0.00652512 0.000214607 0.0320947 0.0045216 0.00548876 0.0997585 0.0188082 1.52739e-07 1.93256e-05 0.0240974 0.00497298 1.85102e-12 0.00700303 0.619401 0.0324198 8.88989e-13 1.13437e-07 0.00418053 
0.742284 0.106496 2.77262e-10 0.000112682 0.000463189 0.000144526 0.00075273 0.134368 0.0133627 0.00147278 2.86425e-10 2.6685e-10 0.000352831 1.18706e-07 1.43116e-06 0.000184415 8.98285e-08 2.23224e-08 2.17242e-10 8.21776e-08 4.2892e-06 
0.00389072 0.00375499 5.63939e-05 0.000574568 0.0375825 0.00370832 0.0580799 7.34409e-05 0.00643106 0.329112 0.00037786 0.0380618 0.09571 0.0269841 0.189929 0.0525105 0.0349024 0.0281879 4.14753e-05 0.000124929 0.0899058 
0.000156817 0.0332873 1.7033e-07 0.000120606 2.20414e-05 0.0035345 0.0322254 0.000151241 0.214627 0.188704 1.56429e-07 2.28409e-05 0.00501944 0.216531 3.30531e-08 0.0116974 0.144662 2.1054e-05 2.4851e-10 3.29392e-10 0.149216 
0.742284 0.106496 2.77262e-10 0.000112682 0.000463189 0.000144526 0.00075273 0.134368 0.0133627 0.00147278 2.86425e-10 2.6685e-10 0.000352831 1.18706e-07 1.43116e-06 0.000184415 8.98285e-08 2.23224e-08 2.17242e-10 8.21776e-08 4.2892e-06 
0.00182977 0.00555067 7.33834e-08 0.000276611 0.000131208 0.0128412 9.12368e-05 4.31424e-07 0.00637502 0.00397767 2.33396e-06 1.19212e-10 0.0052438 0.00670709 3.75653e-08 6.59972e-05 0.956866 3.73403e-05 9.70502e-11 3.29777e-06 4.81456e-07 
0.742284 0.106496 2.77262e-10 0.000112682 0.000463189 0.000144526 0.00075273 0.134368 0.0133627 0.00147278 2.86425e-10 2.6685e-10 0.000352831 1.18706e-07 1.43116e-06 0.000184415 8.98285e-08 2.23224e-08 2.17242e-10 8.21776e-08 4.2892e-06 
0.0327426 0.0542998 0.000949313 0.00284192 0.0141774 0.0741165 0.013678 0.000365143 0.0635222 2.84714e-05 0.0500708 0.00451576 0.0210917 0.604157 9.35553e-05 1.46748e-05 0.0163041 0.0466142 1.33923e-05 0.000379258 2.4466e-05 
0.00457457 0.163097 1.26799e-05 0.000265184 0.000141957 0.026337 0.000549496 0.00757602 0.675855 0.000275434 1.11422e-06 1.15493e-06 0.0190642 0.0034046 1.47113e-07 0.000136625 0.0986418 2.86227e-06 7.06541e-08 9.36498e-08 6.29141e-05 
8.55861e-07 1.55309e-07 1.28039e-11 4.52216e-08 3.91554e-07 0.28507 0.369365 1.42024e-06 0.0735594 0.0295476 1.86514e-07 4.09136e-07 0.0594584 1.84186e-07 2.08886e-11 3.94812e-06 0.182562 0.000429254 1.00322e-11 1.32973e-11 4.50975e-07 
0.0512418 0.251857 1.09495e-05 0.00592036 0.000230649 0.00133224 0.00827326 0.00334407 0.538448 2.99067e-05 3.81534e-06 3.47998e-06 0.00544052 0.00765355 5.89887e-06 0.000106676 0.122562 0.00017236 2.83305e-06 0.000711237 0.00264962 
0.00158013 0.00903627 0.002537 4.48034e-06 0.142543 0.0349324 0.0285126 3.86784e-07 0.25585 0.121235 8.41007e-06 3.59829e-08 0.18389 0.0984351 6.09941e-08 0.0696711 0.042947 1.88163e-06 2.92936e-08 3.88278e-08 0.00881599 
0.151758 0.0231672 4.27277e-07 4.99519e-05 6.00951e-05 7.87627e-05 0.0161263 0.00107495 0.153347 0.0798465 3.90967e-05 4.25594e-05 0.00915658 0.424683 6.97072e-07 0.026464 0.00492221 0.000801528 3.34783e-07 0.00110652 0.107275 
0.0033187 0.0175252 8.522e-05 8.36107e-05 0.0556991 0.0479372 0.00512745 0.00369125 0.0333199 0.00382929 5.95951e-06 8.80975e-07 0.000908895 0.781081 2.64244e-06 0.000142392 0.0270627 0.000492188 4.24425e-08 2.09486e-06 0.019684 
0.0598202 0.524384 2.6275e-08 0.00398725 0.0670346 0.0637438 0.0202609 0.00659889 0.151878 0.00140378 1.63296e-10 9.46183e-09 0.0525132 0.00352984 5.0586e-08 0.0130745 0.0294708 1.23549e-05 1.23854e-10 1.66014e-06 0.00228643 
0.048728 0.0917498 1.66607e-05 0.00652512 0.000214607 0.0320947 0.0045216 0.00548876 0.0997585 0.0188082 1.52739e-07 1.93256e-05 0.0240974 0.00497298 1.85102e-12 0.00700303 0.619401 0.0324198 8.88989e-13 1.13437e-07 0.00418053 
0.0141253 0.0614333 8.35257e-08 3.69605e-08 0.455869 0.115258 0.0191823 0.000278047 0.0221862 0.103092 1.33478e-06 4.70014e-08 0.136309 0.00142362 0.000744882 0.00482427 0.0263016 1.50387e-07 6.32593e-11 8.38482e-11 0.0389711 
0.00281024 0.300805 6.8792e-06 0.000190634 0.0141872 0.000199318 0.00662883 0.00122051 0.121299 0.0215903 4.23071e-05 2.19097e-07 2.14508e-05 1.6235e-05 3.71389e-07 0.530118 0.000831968 1.8911e-06 1.78367e-07 2.36263e-05 6.07119e-06 
0.0285647 0.0274485 0.000559756 0.000634407 0.622241 0.00236919 0.0481482 0.00543158 0.0520008 0.0301956 0.0025589 0.0166455 0.0438195 0.0512068 0.0113177 0.0111973 0.0159386 8.05427e-05 1.63381e-05 0.000301009 0.029324 
0.000156817 0.0332873 1.7033e-07 0.000120606 2.20414e-05 0.0035345 0.0322254 0.000151241 0.214627 0.188704 1.56429e-07 2.28409e-05 0.00501944 0.216531 3.30531e-08 0.0116974 0.144662 2.1054e-05 2.4851e-10 3.29392e-10 0.149216 
0.0699867 0.0549932 9.51523e-06 5.66177e-05 0.0355244 0.137974 0.0161727 0.0343869 0.0716707 0.0100315 9.45515e-05 1.39051e-05 0.221194 0.0010557 2.29566e-06 0.0674558 0.278402 1.60107e-05 1.62357e-06 4.48979e-05 0.000912147 
0.0325864 0.0831377 0.0843751 0.147041 0.00249413 0.0366683 0.105471 0.00330963 0.0574198 0.10147 0.000995971 0.0740801 0.00693086 0.170589 0.031921 0.00356925 0.0527996 0.000428915 8.04856e-05 0.00354986 0.00108255 
0.048728 0.0917498 1.66607e-05 0.00652512 0.000214607 0.0320947 0.0045216 0.00548876 0.0997585 0.0188082 1.52739e-07 1.93256e-05 0.0240974 0.00497298 1.85102e-12 0.00700303 0.619401 0.0324198 8.88989e-13 1.13437e-07 0.00418053 
0.0064317 0.0497917 1.96254e-06 5.21533e-06 0.00316391 0.00750515 0.0344255 4.45983e-05 0.576664 0.00717071 1.19335e-06 8.79952e-07 0.0208286 0.0929499 6.74079e-10 0.000599278 0.200413 1.06811e-06 3.2374e-10 4.29107e-10 1.67103e-06 
0.0108617 0.0830686 0.00049679 0.000205357 0.388903 0.0228249 0.0251468 0.00683576 0.0866152 0.00361348 0.000414953 3.24633e-08 0.238748 0.00589342 0.0238266 0.00367403 0.0966378 8.62918e-06 1.2763e-09 2.15597e-06 0.00222286 
0.000156817 0.0332873 1.7033e-07 0.000120606 2.20414e-05 0.0035345 0.0322254 0.000151241 0.214627 0.188704 1.56429e-07 2.28409e-05 0.00501944 0.216531 3.30531e-08 0.0116974 0.144662 2.1054e-05 2.4851e-10 3.29392e-10 0.149216 
0.0024065 0.110666 0.000181349 5.51563e-05 0.0012775 0.0013962 0.00729228 0.0504378 0.105821 0.10522 0.00894634 6.84684e-05 0.00204307 0.0303858 2.80398e-05 0.546584 0.0235872 4.92308e-05 2.17337e-05 2.25181e-05 0.00350982 
0.000445795 0.0103145 5.21251e-05 1.68059e-05 0.00892519 0.0109525 0.136775 0.00124048 0.0194661 0.0191827 0.00790886 0.000368309 0.039408 0.00651492 5.73806e-05 0.708699 0.0132362 1.74244e-05 1.02384e-05 0.0159966 0.000412104 
0.00332943 0.0266466 9.44402e-09 0.0128584 0.00135565 0.000714985 0.0477532 0.000981753 0.223035 0.00618203 5.52951e-06 9.08935e-09 0.0078416 0.623253 1.54072e-08 0.0205053 0.0242291 1.04692e-06 7.39964e-09 9.80799e-09 0.00130761 
0.00653118 0.0937036 6.80463e-05 8.46152e-05 0.000579838 0.0052259 0.05771 0.000130116 0.0323833 0.0022132 5.38563e-05 4.46063e-05 0.00415635 0.750073 2.4487e-06 0.000215399 0.040441 5.83436e-05 1.17604e-06 1.5588e-06 0.00632289 
0.0014128 0.00285553 5.12174e-08 1.90333e-06 0.000172397 3.08656e-05 0.000852665 0.00010633 0.0132025 0.000361115 5.29099e-08 0.000356635 3.35715e-05 0.967879 4.89798e-06 0.000701628 0.00971911 0.000977909 4.01302e-08 2.42592e-06 0.00132841 
0.000184144 0.0351074 1.8438e-07 0.000347114 2.62875e-05 0.00159708 1.69709e-07 6.8117e-05 0.0324078 3.35655e-07 0.000502402 5.15607e-07 2.72545e-07 0.925045 3.29097e-07 1.12136e-06 0.00464699 4.1349e-05 8.37377e-10 2.25964e-05 1.01087e-06 
0.00304457 0.0108596 0.00134082 0.000494166 0.0055389 0.0575614 0.467647 0.0101034 0.0256599 0.149481 0.000337546 0.0132277 0.122116 0.00175951 0.00715961 0.0775568 0.0318494 0.0119562 0.000168309 0.00055101 0.00158623 
0.00086263 0.00999623 8.15371e-05 0.000169066 0.00117118 0.00629246 0.0302987 0.000355074 0.0194355 0.0312083 0.00444443 0.0341292 0.0113886 0.774229 0.00147418 0.0111577 0.0574913 0.00171487 3.97142e-05 5.97926e-05 0.00400043 
0.0189817 0.364478 2.03013e-05 0.196479 4.50542e-05 0.00389797 0.0539441 0.000957629 0.0952662 0.116691 0.000629789 5.77494e-05 0.0463588 0.00368786 2.5519e-06 0.000259522 0.093342 1.53792e-06 4.90779e-08 6.50512e-08 0.00489836 
1.56373e-05 0.00457702 3.42826e-05 0.000115862 1.08316e-05 0.00772126 0.137587 8.79585e-07 0.0238371 0.0185051 0.000122176 0.000344093 0.00439092 0.347494 1.65541e-05 1.81793e-05 0.452775 0.00028989 2.68389e-08 3.55741e-08 0.00214335 
0.0284766 0.278066 4.04309e-06 0.00545625 0.0500311 0.0240949 0.00209499 0.00657158 0.403986 0.0596856 0.000401853 2.37058e-05 0.00966064 0.0879959 1.61356e-06 0.0275545 0.0150123 1.95351e-05 1.8428e-07 1.18937e-06 0.000861252 
0.0303185 0.0182332 8.74689e-05 0.000415987 0.0761729 0.0761473 0.00774751 0.0271895 0.138111 0.0893542 4.72508e-09 5.06727e-07 0.196446 0.000578576 3.50461e-10 0.00252906 0.2572 2.86985e-05 1.68316e-10 2.23098e-10 0.0794397 
0.0102571 0.0143813 8.18995e-06 0.000252536 0.00462656 0.0125519 0.0424022 0.00489477 0.0314958 0.109482 0.00637784 0.000194569 0.0356046 0.574422 5.14296e-06 0.00689354 0.0286919 0.00097513 6.63319e-09 0.0911117 0.0253712 
0.00848058 0.0579409 0.00115304 0.00105995 0.00306495 0.027013 0.063895 0.00563319 0.0120096 0.386105 6.46638e-05 7.09895e-05 0.227857 0.0053769 8.31191e-05 0.0276763 0.0723396 0.0334017 2.43569e-05 3.52428e-05 0.0667147 
0.000212756 0.00148481 0.00158191 0.000203722 0.0125984 0.0147831 0.0370681 0.000792961 0.0336615 0.587883 0.00291516 2.97586e-07 0.149529 0.00875317 0.00161646 0.0708819 0.0659132 7.54589e-06 3.74103e-08 0.00103094 0.00908223 
0.00579776 0.0201663 2.92511e-06 1.88168e-05 0.000659096 0.00309469 0.014271 0.00240312 0.0206125 0.0131346 3.1284e-06 3.6943e-10 0.158579 0.00010914 9.31321e-09 0.000624834 0.754361 4.54229e-06 2.74408e-12 1.97218e-07 0.00615756 
0.0812487 0.0747777 0.0147438 0.00779565 0.0026337 0.0575312 0.0540288 0.0178245 0.0976699 0.0397226 0.00100194 4.75472e-06 0.338131 0.0131591 9.26514e-06 0.112942 0.0700102 4.03435e-06 3.16803e-07 4.19912e-07 0.0167603 
0.234747 5.16638e-06 1.25301e-07 9.81814e-07 0.290152 0.00778862 0.000903647 0.00142424 0.021321 0.0217127 2.35892e-09 4.818e-10 0.0187356 8.41587e-07 3.39277e-06 0.0171553 0.360632 0.000135121 3.92233e-10 0.00502845 0.0202537 
0.0222418 0.775479 1.20829e-08 0.0391899 0.0788738 0.00202941 0.00179339 0.00204617 0.0342158 0.0132579 0.00250797 7.23589e-10 0.00234085 0.00769672 0.000159169 8.18604e-05 0.0132434 9.83455e-08 5.89073e-10 3.32632e-06 0.00483954 
1.39471e-08 0.000161227 6.32022e-06 1.08568e-05 0.0419222 0.0288303 0.21526 5.15264e-05 0.0372995 0.00377115 5.76039e-08 1.78068e-09 0.128757 3.969e-05 1.1511e-11 0.00469675 0.539107 2.79517e-06 5.52839e-12 1.93432e-08 8.38671e-05 
0.0484842 0.399978 5.90847e-07 5.18819e-07 0.0110913 0.0632413 9.27681e-05 0.0572503 0.377484 0.0016022 4.45458e-06 1.35923e-09 0.00386529 0.0363858 1.52919e-07 9.52302e-07 5.13894e-07 3.81498e-08 1.10655e-09 1.46669e-09 0.000517025 
0.00532555 0.00590579 2.52656e-06 0.0159399 0.000326602 0.0298508 1.19039e-05 0.000441544 0.0102118 0.0606063 6.6969e-05 2.15133e-08 0.0170218 0.0617104 0.0803546 4.27788e-05 0.711291 7.11492e-06 1.7514e-08 9.24367e-06 0.000873673 
0.183711 0.0341326 2.99935e-06 2.92294e-05 0.00956584 0.000585322 2.39134e-06 0.00201911 0.319374 0.0327086 8.50851e-09 1.70374e-06 0.0339019 0.369362 3.82522e-06 0.000946772 0.00381229 0.000200901 6.45338e-09 8.55376e-09 0.00963918 
0.0062201 0.378724 1.33623e-07 0.000133229 2.84648e-05 1.20612e-06 2.04209e-06 0.00049966 0.161421 0.000517432 1.80036e-06 5.86972e-10 0.00246925 0.442739 6.05499e-07 0.00105304 0.00618912 3.7156e-08 4.77854e-10 6.3338e-10 1.42381e-07 
3.65103e-05 0.0104766 1.52978e-06 0.000616462 0.0162631 0.00407161 0.1284 2.3762e-05 0.386632 0.13573 0.00139653 7.64717e-08 0.0392083 8.46904e-05 1.84301e-06 0.11963 0.157407 1.31718e-06 3.47786e-09 4.6098e-09 1.93121e-05 
0.123284 0.0977733 4.87103e-06 0.0194027 0.000106586 0.0158597 1.2291e-09 0.00462929 0.0151487 7.56882e-09 2.07352e-11 1.91268e-13 0.0179379 0.00159456 3.24216e-13 2.52638e-05 0.703079 5.74158e-10 1.55711e-13 6.26191e-08 0.00115368 
0.0421357 0.28189 1.1563e-07 0.00261027 0.000876119 0.00159503 0.0050187 0.00158463 0.635563 0.00712674 0.000539289 2.60656e-07 9.82308e-08 0.00660473 5.98605e-10 0.00357392 0.0107685 0.000112433 2.87492e-10 3.81062e-10 4.87754e-07 
0.0213742 0.503963 0.00160286 0.00450665 0.0169129 0.00759004 0.00799054 0.0187143 0.110255 0.00506758 0.000179513 0.0231905 0.0484655 0.0629882 0.00974971 0.00192266 0.153636 0.000121949 1.22986e-05 0.00109709 0.000659254 
0.0266565 0.0128551 0.0013106 0.00122728 0.0194951 0.00890852 0.104319 8.74787e-05 0.0903041 0.0726491 0.000474902 0.404019 0.0752583 0.0955742 0.000606691 0.0409141 0.00700159 0.0185425 5.82276e-05 0.000413124 0.0193252 
0.0109047 0.0198109 1.55355e-11 3.05869e-08 2.81304e-06 0.0933707 0.027023 1.73513e-06 0.190189 0.067643 1.60489e-11 1.49521e-11 0.0540648 0.325696 7.85951e-08 0.00885078 0.188855 0.000196907 1.21725e-11 3.87383e-08 0.0133901 
5.03882e-06 0.0225863 1.61891e-06 1.42266e-06 0.000366884 0.0648575 0.0204343 2.7119e-06 0.84473 0.0138656 1.22295e-05 1.8789e-07 3.73872e-06 0.0330119 4.13939e-07 2.61425e-06 1.41101e-06 0.000114322 1.52808e-10 2.02542e-10 1.45377e-06 
0.00140244 0.0504132 7.14063e-10 2.9859e-07 7.46246e-05 0.122892 0.167913 6.36664e-07 0.0236687 0.0433822 3.10464e-06 6.87247e-10 0.216161 0.0847281 1.16494e-09 0.0426096 0.23769 2.42343e-06 5.59487e-10 7.41583e-10 0.00905837 
5.39114e-06 0.000785076 8.16395e-08 1.17841e-05 0.00251509 0.00460417 2.27277e-05 8.59062e-05 1.2335e-05 0.00270616 0.00155524 7.85736e-08 6.65545e-06 0.98066 2.69807e-05 0.00204347 1.53776e-05 0.000622092 6.39668e-08 8.47859e-08 0.00432105 
0.00163589 7.65088e-05 4.86536e-07 8.33886e-05 0.0111911 0.013605 0.0327135 1.41801e-06 0.0283108 0.169632 9.85097e-05 6.10891e-07 0.553656 0.000627887 0.0314677 0.0884831 0.0375028 0.00168176 2.15944e-07 1.12367e-05 0.0292207 
