0.000400904 0.00155356 3.53241e-05 0.00020308 0.00498081 0.0955103 0.40297 1.9178e-05 0.0510916 0.00286913 0.000886809 0.000124336 0.0128273 0.345225 9.83084e-08 0.0181021 0.0604485 0.00166759 0.000603306 5.66977e-08 0.00048143 
0.000883486 0.0773459 2.73701e-09 0.00591526 4.4015e-05 0.789615 0.000259418 0.00713847 0.028962 0.000228413 0.000321188 1.16046e-06 0.00713504 0.000387733 1.39459e-12 0.000248846 0.0814751 9.46101e-06 2.71406e-05 8.87772e-13 2.05489e-06 
0.281754 0.127692 0.0547835 0.123081 0.00330105 0.00362983 0.0143674 0.267174 0.0207756 0.037675 3.27291e-09 6.23542e-05 0.00907154 0.0345394 1.06724e-10 0.00469885 0.0149837 0.000105055 0.000728027 6.79389e-11 0.00157761 
0.749363 0.0408375 9.09687e-09 0.00529464 0.00173223 0.0701311 0.000202252 0.00562053 0.00358988 0.010286 0.0093731 3.70226e-07 0.0131963 0.00260099 5.98046e-05 0.000694703 0.0828553 8.90855e-06 0.00226941 4.60868e-10 0.001884 
0.0377062 0.389304 5.98689e-06 0.131066 0.00600171 0.0280869 0.0385329 0.0309403 0.106552 0.00962135 1.02789e-05 7.71653e-06 0.00733691 0.0846323 4.47423e-07 0.0303849 0.0872391 0.00329754 0.000638969 1.2412e-07 0.00863491 
0.00438553 0.0261594 0.0033663 0.00165349 0.00487563 0.0224914 0.213745 0.0124116 0.0318937 0.0654419 0.0069549 0.0619846 0.00497598 0.212706 0.00135083 0.00395677 0.312809 0.001212 0.00155134 0.00115874 0.00491572 
0.00212408 0.00571778 0.000145751 0.000209887 0.00143761 0.0955458 0.0257235 0.0133996 0.0239902 0.397522 8.82705e-05 1.73405e-06 0.160112 0.00516613 4.52844e-06 0.211741 0.0536871 0.000100719 0.000255723 1.51467e-08 0.00302747 
7.35211e-07 2.32759e-05 1.05952e-06 3.31686e-06 3.55168e-06 1.15735e-05 0.000972015 1.85611e-05 1.62306e-05 0.000179003 3.94866e-06 0.998192 2.14969e-05 0.000358014 1.09719e-05 1.28064e-06 1.16295e-05 0.000170166 2.06799e-07 1.06342e-10 9.91501e-07 
0.000412585 0.0102171 5.41256e-06 0.000505746 0.000504975 0.20689 0.0204544 0.0001683 0.00715169 0.0147905 4.27172e-05 0.0659961 0.00441713 0.648207 0.0048583 0.00119826 0.0135998 0.000174957 0.000362009 1.07112e-06 4.18539e-05 
7.35211e-07 2.32759e-05 1.05952e-06 3.31686e-06 3.55168e-06 1.15735e-05 0.000972015 1.85611e-05 1.62306e-05 0.000179003 3.94866e-06 0.998192 2.14969e-05 0.000358014 1.09719e-05 1.28064e-06 1.16295e-05 0.000170166 2.06799e-07 1.06342e-10 9.91501e-07 
0.000370447 0.00361997 1.68947e-08 2.04269e-05 0.026805 0.274446 0.123225 0.00124688 0.0292511 0.023518 0.00040892 4.48316e-07 0.134371 6.19231e-05 8.12776e-12 0.0762538 0.305762 1.95101e-05 3.2377e-05 5.174e-12 0.000587459 
0.0243331 0.007884 0.0273629 0.000290014 0.012061 0.0204909 0.00775508 0.00504667 0.0114762 0.39987 0.000680214 3.85454e-08 0.183388 2.51233e-05 5.93056e-08 0.00678041 0.207289 1.42622e-05 0.000594515 2.53222e-08 0.0846591 
0.00578107 0.0201603 4.22882e-05 0.0056315 0.00167329 0.339851 0.389741 0.0963359 0.0235217 0.026211 5.29947e-05 8.14226e-07 0.0104164 0.00369373 4.00459e-05 0.0366545 0.0384536 0.000420382 0.000744599 1.95179e-12 0.000573495 
0.00351022 0.00547896 0.000248639 0.0404223 0.0203753 0.0674173 0.0106467 8.99314e-05 0.0186014 0.600785 0.000252668 1.39792e-05 0.0505167 0.0344913 1.68978e-06 0.00934622 0.0159379 0.0776331 0.0374245 1.93336e-07 0.0068062 
0.047407 0.069617 6.65021e-05 0.00348105 0.00246088 0.00066572 0.00305438 0.012743 0.0358009 0.0112724 0.041128 0.000377337 0.0284425 0.665572 6.2786e-06 0.000120816 0.0218591 0.000614615 0.0495963 1.29746e-06 0.00571313 
0.042042 0.0187839 7.32133e-05 0.000602331 0.00817639 0.0632955 0.00481808 0.000156888 0.306272 0.385613 0.00394777 0.00117617 0.0391397 0.0432989 0.000193205 0.00104702 0.0117177 0.0558733 0.00198337 5.57936e-05 0.0117332 
0.749363 0.0408375 9.09687e-09 0.00529464 0.00173223 0.0701311 0.000202252 0.00562053 0.00358988 0.010286 0.0093731 3.70226e-07 0.0131963 0.00260099 5.98046e-05 0.000694703 0.0828553 8.90855e-06 0.00226941 4.60868e-10 0.001884 
0.00155437 0.00341445 2.83156e-05 0.00117514 0.00420014 0.169419 0.612791 0.00183584 0.0375374 5.67337e-05 5.56928e-05 1.97881e-05 0.0164087 0.00709257 4.41286e-08 0.00125179 0.142524 7.6079e-05 2.55639e-05 2.80915e-08 0.00053312 
0.00318068 2.85817e-06 6.59067e-07 1.18994e-05 3.52575e-06 0.00562429 0.014842 4.34518e-06 2.65057e-05 0.187075 7.24852e-06 3.84483e-06 7.11194e-05 0.747966 3.81325e-08 0.0143053 0.0261487 0.00043871 0.000272033 2.42745e-08 1.53078e-05 
0.2016 0.0267701 5.20667e-08 0.00019157 0.0150811 0.205113 0.00216523 0.000662402 0.0224791 0.00214165 0.0724237 2.64847e-05 0.108217 0.00899168 1.39114e-09 0.00284896 0.32853 0.000145952 0.00026473 9.87584e-12 0.00234803 
0.0211768 0.00390293 8.88814e-07 0.00292059 0.000252679 0.0685873 0.0225038 6.65711e-05 0.0198961 0.000483479 2.19736e-08 3.24694e-06 0.000232412 0.0126484 8.2653e-12 0.00109992 0.844535 8.28381e-05 0.00145432 5.26155e-12 0.000152844 
0.00232326 0.00373549 5.51994e-05 0.000246694 0.00359005 0.200961 0.00526126 0.0226873 0.0113867 0.0151403 0.646169 5.63134e-08 0.0129285 0.000156809 2.24382e-06 0.0496323 0.0251008 4.55726e-05 0.000434361 8.1501e-12 0.000142972 
4.25727e-08 1.11129e-06 7.33881e-07 2.42622e-06 4.1971e-06 7.67331e-06 0.00114874 1.0767e-06 8.49772e-06 0.000135302 3.77936e-06 0.998306 1.85315e-05 0.000176194 1.29574e-05 1.17159e-06 4.56269e-06 0.000165889 4.11426e-08 1.06128e-10 1.17163e-06 
7.35211e-07 2.32759e-05 1.05952e-06 3.31686e-06 3.55168e-06 1.15735e-05 0.000972015 1.85611e-05 1.62306e-05 0.000179003 3.94866e-06 0.998192 2.14969e-05 0.000358014 1.09719e-05 1.28064e-06 1.16295e-05 0.000170166 2.06799e-07 1.06342e-10 9.91501e-07 
0.000440166 0.00675896 4.24399e-05 8.01014e-05 0.00273584 0.0510324 0.0734776 0.000178968 0.366836 0.000806883 0.000115136 3.86287e-05 0.00525602 0.0230254 2.42678e-12 0.000691303 0.468404 8.02444e-05 4.54666e-09 1.54485e-12 3.69644e-09 
0.00316427 0.0107266 6.2684e-08 0.000458834 0.00410755 0.0129945 0.453142 0.0430714 0.0490392 0.0116492 0.00263063 0.00051424 0.000563807 0.193479 1.36624e-06 0.000185553 0.212087 0.00166798 0.000455236 1.84232e-11 6.20242e-05 
4.25727e-08 1.11129e-06 7.33881e-07 2.42622e-06 4.1971e-06 7.67331e-06 0.00114874 1.0767e-06 8.49772e-06 0.000135302 3.77936e-06 0.998306 1.85315e-05 0.000176194 1.29574e-05 1.17159e-06 4.56269e-06 0.000165889 4.11426e-08 1.06128e-10 1.17163e-06 
3.20785e-05 1.28959e-05 3.42714e-05 1.34329e-05 0.000588118 0.00801578 0.880047 9.01142e-06 0.0449898 3.3562e-05 3.41739e-05 6.87707e-06 0.000190092 0.0527182 2.07156e-06 0.00418011 0.00764473 1.38651e-05 0.000420372 1.31872e-06 0.00101244 
0.0198448 0.927416 9.19341e-08 0.000193972 0.0068595 0.0130181 0.000626544 0.00108071 0.00475187 0.00456105 4.43363e-06 9.5569e-07 0.005133 0.00276102 1.6559e-09 0.000195862 0.0130535 4.81608e-05 0.000181491 1.847e-12 0.00026919 
0.0123994 0.02887 1.46506e-07 0.00011288 4.24324e-06 2.84868e-05 0.106764 0.00815164 0.15592 0.0320082 8.15805e-07 3.24425e-07 0.0222607 0.356784 5.82794e-09 0.0378599 0.219709 0.000941999 9.06485e-06 3.70997e-09 0.0181756 
0.0017637 0.0012843 1.35848e-05 3.92083e-05 0.00583138 0.0407723 0.0373401 0.00350192 0.00912674 0.520619 0.0028441 1.11703e-05 0.0264147 0.00117957 2.81402e-07 0.123218 0.140613 1.85006e-05 0.000504759 1.79136e-07 0.0849043 
0.0281856 0.0814845 2.07312e-05 0.0003524 3.27167e-05 0.00181579 0.000774588 0.0033696 0.0936097 0.0193014 8.07509e-06 6.54067e-05 0.018306 0.667259 2.32337e-06 9.5215e-07 0.0140541 2.77189e-05 0.000509969 3.6862e-09 0.0708192 
4.25727e-08 1.11129e-06 7.33881e-07 2.42622e-06 4.1971e-06 7.67331e-06 0.00114874 1.0767e-06 8.49772e-06 0.000135302 3.77936e-06 0.998306 1.85315e-05 0.000176194 1.29574e-05 1.17159e-06 4.56269e-06 0.000165889 4.11426e-08 1.06128e-10 1.17163e-06 
0.000195088 0.00378926 0.00161977 0.00101181 0.0111046 0.0497876 0.651052 9.027e-05 0.0117932 0.152929 0.000970453 0.0209179 0.0161737 0.00930388 0.00195498 0.0112415 0.053715 0.00209266 0.000123361 1.57836e-05 0.00011798 
0.0232663 0.319089 4.9011e-08 0.00343793 0.000242031 0.021364 0.0106757 0.106947 0.0547511 0.067467 0.132983 0.000130475 0.0909981 0.0260737 2.04441e-11 0.00755746 0.123623 0.000344086 0.00845472 1.30144e-11 0.00259555 
0.00964576 0.0158485 7.03691e-06 0.00280201 0.133788 0.0487637 0.00559768 0.00536098 0.379087 0.0734553 0.00386909 4.42017e-05 0.0311218 0.0246129 4.8908e-07 0.0152585 0.22471 0.00027344 0.00143575 3.25045e-07 0.0243177 
0.000277125 0.00362234 9.97403e-06 9.55689e-05 0.000620908 0.897513 0.00400159 0.00335465 0.0161458 0.00331859 7.14075e-08 3.05462e-08 0.00871328 0.000443445 1.32228e-11 0.00255059 0.0588561 5.98298e-05 0.000333025 8.41742e-12 8.43107e-05 
0.0171734 0.250047 1.58943e-07 0.000759903 0.00356123 0.0183627 0.00135379 0.00562842 0.0889189 0.127288 1.6562e-06 1.09659e-05 0.00544678 0.188253 6.23622e-11 0.00103509 0.262736 0.000134311 0.0042478 3.96987e-11 0.0250401 
0.749363 0.0408375 9.09687e-09 0.00529464 0.00173223 0.0701311 0.000202252 0.00562053 0.00358988 0.010286 0.0093731 3.70226e-07 0.0131963 0.00260099 5.98046e-05 0.000694703 0.0828553 8.90855e-06 0.00226941 4.60868e-10 0.001884 
7.35211e-07 2.32759e-05 1.05952e-06 3.31686e-06 3.55168e-06 1.15735e-05 0.000972015 1.85611e-05 1.62306e-05 0.000179003 3.94866e-06 0.998192 2.14969e-05 0.000358014 1.09719e-05 1.28064e-06 1.16295e-05 0.000170166 2.06799e-07 1.06342e-10 9.91501e-07 
0.00528057 0.0296691 2.09041e-06 0.00241331 0.000614009 0.0556297 0.00315699 0.0530847 0.0434801 0.0100913 8.62624e-08 3.2705e-08 0.147579 0.0192367 1.66294e-11 0.00384578 0.623171 1.71809e-05 0.000552887 1.0586e-11 0.00217553 
0.00615368 0.0104662 1.42247e-05 0.000497075 0.00248548 0.0481693 0.0689646 0.00476175 0.0182103 0.0168275 0.000272294 2.48687e-05 0.0613159 0.0147387 2.20134e-05 0.00165829 0.727988 0.0030543 0.000630194 9.77506e-06 0.0137359 
4.25727e-08 1.11129e-06 7.33881e-07 2.42622e-06 4.1971e-06 7.67331e-06 0.00114874 1.0767e-06 8.49772e-06 0.000135302 3.77936e-06 0.998306 1.85315e-05 0.000176194 1.29574e-05 1.17159e-06 4.56269e-06 0.000165889 4.11426e-08 1.06128e-10 1.17163e-06 
0.0165439 0.0139584 0.000120412 0.000632472 0.0324948 0.278862 0.0175768 0.000801292 0.333242 0.0506789 0.000571604 1.20917e-06 0.0772888 0.00780556 1.09466e-05 0.00252551 0.125117 9.68603e-05 0.000408558 6.37747e-07 0.0412617 
0.00272237 0.0173427 9.95942e-06 0.000491245 0.0201082 0.341102 0.228142 0.0115137 0.0906357 0.0296485 0.000582533 2.90879e-05 0.104657 0.00339036 2.9511e-06 0.0394098 0.108299 0.000141328 4.67887e-05 1.91202e-06 0.00172289 
0.03608 0.0658642 1.83147e-05 0.000106651 0.263264 0.05315 0.0842287 0.0235041 0.0275834 0.0173826 1.0251e-05 0.000139171 0.059351 0.202145 2.11413e-06 0.0101458 0.0929207 0.000324959 0.0162215 1.43181e-09 0.0475579 
0.000277125 0.00362234 9.97403e-06 9.55689e-05 0.000620908 0.897513 0.00400159 0.00335465 0.0161458 0.00331859 7.14075e-08 3.05462e-08 0.00871328 0.000443445 1.32228e-11 0.00255059 0.0588561 5.98298e-05 0.000333025 8.41742e-12 8.43107e-05 
0.283779 0.136161 4.88464e-05 0.109531 0.0265256 0.0896722 0.00722073 0.123519 0.0423925 0.00180811 6.45862e-07 2.02968e-08 0.173638 7.25997e-08 2.48116e-08 0.00212328 4.18715e-07 5.27069e-05 0.000128883 5.91338e-11 0.00339836 
0.0290669 0.0112293 3.77813e-05 0.00312537 0.00177135 0.00149084 0.0504225 0.0031904 0.0107761 0.321859 3.76898e-05 0.000111519 0.053562 0.0957485 0.0441445 0.00663086 0.0257123 0.0018608 0.0170249 3.35992e-09 0.322197 
0.169408 0.00282779 1.09852e-05 5.46645e-07 0.00493675 0.00416086 0.00836999 0.000102278 0.0287694 0.633876 0.00502774 1.12482e-06 0.0178337 0.0724601 6.91151e-07 0.00641883 0.00349761 0.0306195 2.68952e-05 1.56867e-09 0.0116512 
7.35211e-07 2.32759e-05 1.05952e-06 3.31686e-06 3.55168e-06 1.15735e-05 0.000972015 1.85611e-05 1.62306e-05 0.000179003 3.94866e-06 0.998192 2.14969e-05 0.000358014 1.09719e-05 1.28064e-06 1.16295e-05 0.000170166 2.06799e-07 1.06342e-10 9.91501e-07 
0.0164478 0.40732 0.000294259 0.00322433 0.0214298 0.256041 0.00445041 0.129471 0.0175875 0.0178175 5.57637e-06 6.83553e-07 0.0148636 0.00400993 9.19799e-09 0.000700285 0.105466 1.89404e-07 0.000237716 6.67922e-11 0.000632645 
0.00808182 0.0844344 3.65262e-06 0.00123654 0.000141003 0.034627 0.00615954 0.000277375 0.0571744 0.0493975 1.62839e-05 2.44041e-05 0.0136143 0.103137 1.94522e-06 0.000868835 0.637266 7.13334e-06 0.00352673 1.23829e-06 3.65649e-06 
0.00444087 0.00156081 7.22153e-07 0.000154738 0.00463663 0.161684 0.0100593 0.0425535 0.00733289 0.0831141 0.000100023 4.83027e-07 0.281593 1.47602e-05 7.68922e-10 0.0680446 0.306122 0.000100675 0.0152742 4.89483e-10 0.0132132 
0.00205861 0.0115865 2.01493e-09 0.000209209 0.000665035 0.00764983 0.0885827 0.00589773 0.00567698 0.000429701 3.8995e-08 2.93474e-06 0.000816635 0.00237188 1.86565e-11 0.00029113 0.873607 1.72767e-05 2.02134e-08 1.18764e-11 0.00013711 
0.112711 0.0467691 1.2854e-05 0.00290653 0.029699 0.0862818 0.233169 0.0103015 0.0661845 0.0431548 0.000501603 7.49063e-06 0.0851493 0.080833 6.6636e-05 0.017168 0.156331 6.54565e-05 0.000872748 9.85951e-07 0.027814 
0.000702301 0.0339262 2.51013e-07 1.36012e-05 0.00456221 0.0903879 0.382052 0.00720608 0.346432 0.000247633 3.16122e-05 1.62845e-07 0.00244918 0.0165276 1.90879e-10 0.000805884 0.114203 0.000367911 8.34676e-05 1.2151e-10 1.35558e-07 
4.25727e-08 1.11129e-06 7.33881e-07 2.42622e-06 4.1971e-06 7.67331e-06 0.00114874 1.0767e-06 8.49772e-06 0.000135302 3.77936e-06 0.998306 1.85315e-05 0.000176194 1.29574e-05 1.17159e-06 4.56269e-06 0.000165889 4.11426e-08 1.06128e-10 1.17163e-06 
0.00129679 0.0154017 0.000112937 0.00022357 8.36738e-08 0.0276437 0.353802 0.00386787 0.00366677 0.0791184 0.000302721 1.72008e-06 0.00807942 0.00037151 1.42844e-07 0.0201838 0.476967 2.62221e-05 0.000175077 5.84625e-12 0.00875818 
0.013135 0.0137888 0.0154802 0.28289 0.000866799 0.116406 0.0324631 0.0052557 0.0451072 0.329613 0.00923254 0.00156116 0.0170625 0.0275918 6.8095e-05 0.00168416 0.0226328 0.0510213 0.00408695 5.53468e-05 0.00999777 
0.00468049 0.0184563 2.95624e-05 0.010018 0.000661586 0.0228491 0.0672623 0.00332737 0.0177599 0.00063736 0.000928898 0.000402438 0.000379832 0.675587 4.71372e-08 6.61582e-05 0.176257 0.000361703 0.000295565 3.00068e-08 3.90969e-05 
0.749363 0.0408375 9.09687e-09 0.00529464 0.00173223 0.0701311 0.000202252 0.00562053 0.00358988 0.010286 0.0093731 3.70226e-07 0.0131963 0.00260099 5.98046e-05 0.000694703 0.0828553 8.90855e-06 0.00226941 4.60868e-10 0.001884 
0.0210145 0.0493987 6.98998e-07 0.00368052 0.0062036 0.0105729 0.00850212 0.00223685 0.0275974 0.149207 2.13885e-06 2.30483e-06 0.17358 0.0220838 1.94939e-05 0.0123972 0.428205 2.89795e-05 0.000956763 5.49065e-07 0.0843085 
0.00138621 0.0117168 2.84823e-09 0.000961009 0.00359745 0.166857 0.00680751 0.00240345 0.0474129 0.00593787 3.67751e-05 0.000171638 0.0939394 0.00312002 5.9507e-08 0.00543074 0.647619 2.41257e-05 7.11874e-06 2.5281e-12 0.00257044 
0.000316745 0.000655364 0.00150461 0.000119756 0.00253558 0.0100224 0.0572599 0.0101777 0.00174507 0.261107 1.0881e-06 4.17953e-07 0.158778 0.000168386 1.54822e-05 0.136303 0.324557 1.78272e-06 0.000121946 2.26324e-07 0.0346094 
0.0693252 0.117277 0.000969942 0.000283014 0.0215168 4.30891e-05 0.0138604 0.000446374 0.0517213 0.210119 0.000567111 0.00455472 0.017428 0.261479 0.0135097 0.0312121 0.130951 0.000124601 0.0061339 8.98362e-06 0.0484684 
0.013904 0.0410527 1.11185e-05 0.000659309 3.1994e-05 0.00399442 0.000865704 0.00869219 0.00948582 0.00566223 0.00461407 0.00169749 0.00358679 0.875719 7.6657e-08 9.77761e-05 0.0294253 0.000113741 0.000233337 4.87985e-08 0.000153034 
0.749363 0.0408375 9.09687e-09 0.00529464 0.00173223 0.0701311 0.000202252 0.00562053 0.00358988 0.010286 0.0093731 3.70226e-07 0.0131963 0.00260099 5.98046e-05 0.000694703 0.0828553 8.90855e-06 0.00226941 4.60868e-10 0.001884 
0.00604106 0.0425339 3.88525e-07 0.000356937 0.00332497 1.12972e-06 1.12951e-06 1.55608e-05 0.0196791 0.0284432 0.000237167 3.46518e-06 0.0272572 0.824275 6.57197e-06 0.0200504 0.0225276 0.00412219 4.12185e-06 6.4152e-10 0.00111938 
0.00521041 0.0229963 3.22938e-06 1.39434e-05 2.19516e-05 1.65243e-05 0.0306787 0.00187841 0.117841 0.0327409 1.69684e-05 0.00010963 0.0035232 0.685834 0.000369152 0.00238771 0.0820079 8.2028e-05 0.000624284 1.6824e-06 0.0136424 
0.0153603 0.010371 7.16426e-06 7.78393e-05 0.00244442 0.105651 0.448113 0.00420487 0.0123371 0.056841 3.97839e-05 2.91326e-06 0.0584833 0.0162615 0.00033984 0.153879 0.101408 0.000110044 0.000142856 2.37695e-10 0.013926 
0.00107491 0.00409042 1.30885e-05 6.00956e-05 3.14439e-07 0.0051577 0.0731573 0.00014714 0.0606454 0.00250094 0.000503583 0.00143895 0.00164013 0.285115 2.93929e-11 0.000957745 0.235819 0.32765 2.70217e-05 1.8711e-11 8.45296e-07 
0.00127745 0.00863762 2.71329e-08 0.00555286 0.00032679 0.41875 0.0633805 0.000183707 0.0976492 0.0691238 0.00261661 3.03475e-07 0.112508 0.00211279 9.98743e-11 0.00926587 0.208192 2.43809e-05 7.41155e-05 6.35783e-11 0.000324677 
0.00352588 0.0105992 3.38222e-06 1.90983e-05 0.017218 0.262624 0.16291 0.00691047 0.0964227 0.0229458 0.00070552 2.04669e-06 0.122216 0.000607502 8.61436e-12 0.0657119 0.223865 4.93302e-05 0.000361065 5.48375e-12 0.00330352 
0.0399858 0.056022 0.000176863 0.000111675 0.388787 0.00107646 0.0242132 0.000238095 0.0267951 0.121795 0.00730574 2.2786e-05 0.0142678 0.00535047 1.2321e-06 0.101043 0.01407 0.105622 0.0011936 5.1363e-09 0.0919211 
6.12852e-05 0.000229398 0.00017985 0.000520836 0.000798163 2.74845e-05 0.241147 0.00454856 0.287873 0.104849 0.000594113 0.211135 0.00144364 0.116046 0.000216771 0.0224419 0.0065861 0.000338512 9.65966e-05 4.5521e-07 0.000866138 
0.00319501 0.00510459 4.06735e-05 0.00110536 0.00707609 0.0175331 0.347281 0.00227355 0.00598152 0.210462 9.7165e-05 2.74076e-05 0.00619785 0.0118833 9.15449e-10 0.0442611 0.24711 2.9633e-05 0.000476753 5.8276e-10 0.0898651 
0.000277125 0.00362234 9.97403e-06 9.55689e-05 0.000620908 0.897513 0.00400159 0.00335465 0.0161458 0.00331859 7.14075e-08 3.05462e-08 0.00871328 0.000443445 1.32228e-11 0.00255059 0.0588561 5.98298e-05 0.000333025 8.41742e-12 8.43107e-05 
0.0198493 0.00809198 0.000447177 0.00949955 0.0537858 0.00557169 0.0277353 7.37909e-05 0.159045 0.00882669 0.000160726 0.000295478 0.0397254 0.614913 3.60806e-05 0.0029385 0.0170765 0.000145354 7.21779e-05 2.49265e-07 0.0317099 
0.0419788 0.330429 2.11103e-08 0.000439941 0.00184961 0.0232199 0.0258496 0.0189286 0.0690902 0.0562604 0.000170535 7.62058e-06 0.0744842 0.0904978 2.65074e-11 0.000521152 0.262186 0.000531396 0.000454729 1.68741e-11 0.00310042 
0.00119389 0.0335669 1.7477e-06 0.00295372 0.000207622 0.836792 0.00047499 0.0369754 0.0270316 0.000248102 0.000410536 1.53951e-06 0.00912777 0.000116338 1.83772e-12 0.00176402 0.049039 2.33004e-05 6.03459e-05 1.16986e-12 1.14364e-05 
0.00239268 0.00368494 5.23901e-05 0.000233372 0.0033923 0.187722 0.00556073 0.0208753 0.0111626 0.0151641 0.651868 4.92256e-08 0.0144813 0.000238437 1.93525e-06 0.0484067 0.0341248 4.86724e-05 0.000418179 9.31203e-12 0.000170945 
0.00246763 0.00330328 4.48308e-05 0.000201488 0.00271585 0.147122 0.00597922 0.0132571 0.0103041 0.0151342 0.693013 5.79192e-09 0.0169628 0.000258977 1.22715e-08 0.0438043 0.0448217 5.31705e-05 0.000348278 1.19649e-11 0.000208045 
0.04936 0.156858 4.33036e-05 0.00215661 0.00427946 0.0445804 0.126591 0.00188898 0.249953 0.0338774 0.0043606 0.000195606 0.0519523 0.126834 1.1167e-10 0.00309102 0.143671 0.000298272 7.44212e-06 7.10872e-11 1.94989e-06 
0.0134066 0.0237755 7.72331e-05 0.000428605 0.00810408 0.00537845 0.226202 0.000390197 0.110231 0.0260854 0.0360418 0.14398 0.0362315 0.268007 0.0011559 0.0325215 0.0420123 0.000291856 0.000690871 2.53587e-05 0.0249629 
0.000277804 0.0763344 8.82512e-06 0.000858785 0.00167164 0.00957399 0.000296646 0.000887039 0.0178359 0.0204482 7.13154e-05 3.41829e-06 0.015349 0.817454 1.55501e-06 0.0102899 0.0284373 8.9532e-05 8.11236e-06 9.89894e-07 0.000102031 
7.7102e-08 0.00272996 0.000939795 0.000770756 0.014991 0.0146592 0.0319444 0.0918984 0.025623 0.141983 0.000570043 4.62948e-05 0.221557 7.71001e-08 0.000692746 0.0174628 0.398669 7.70996e-08 7.70469e-08 7.70222e-08 0.0354622 
2.3415e-05 2.3419e-05 2.33919e-05 2.34046e-05 2.34065e-05 2.34182e-05 0.21779 2.34171e-05 0.206091 2.34187e-05 0.0257533 0.0140592 2.34178e-05 0.376997 0.158959 2.34139e-05 2.34198e-05 2.34143e-05 2.33983e-05 2.33907e-05 2.34118e-05 
7.35211e-07 2.32759e-05 1.05952e-06 3.31686e-06 3.55168e-06 1.15735e-05 0.000972015 1.85611e-05 1.62306e-05 0.000179003 3.94866e-06 0.998192 2.14969e-05 0.000358014 1.09719e-05 1.28064e-06 1.16295e-05 0.000170166 2.06799e-07 1.06342e-10 9.91501e-07 
0.000277125 0.00362234 9.97403e-06 9.55689e-05 0.000620908 0.897513 0.00400159 0.00335465 0.0161458 0.00331859 7.14075e-08 3.05462e-08 0.00871328 0.000443445 1.32228e-11 0.00255059 0.0588561 5.98298e-05 0.000333025 8.41742e-12 8.43107e-05 
0.000265791 0.037402 2.07948e-08 0.00296339 0.000443291 0.756391 0.000915167 0.00255984 0.0281105 0.00113038 0.000145302 9.01021e-08 0.0355647 0.00507876 1.23463e-10 0.00692902 0.122008 1.50537e-06 1.84898e-05 7.85944e-11 7.3139e-05 
0.00202828 0.0245257 2.2026e-05 0.0356073 0.0043009 0.525974 0.0362821 0.023202 0.0892258 0.000556354 0.0187953 3.04069e-05 0.0250173 0.0036287 7.08481e-12 0.0028124 0.20782 0.000132639 8.18096e-06 4.51007e-12 3.06206e-05 
0.0704942 0.0251895 1.66367e-06 0.000653066 0.0302082 0.0966202 0.0117681 0.0015328 0.0966722 0.0101492 1.35921e-07 3.8922e-07 0.139969 0.000437825 7.53014e-08 0.0175104 0.490864 6.11268e-05 0.000657113 2.00336e-10 0.00721107 
7.35211e-07 2.32759e-05 1.05952e-06 3.31686e-06 3.55168e-06 1.15735e-05 0.000972015 1.85611e-05 1.62306e-05 0.000179003 3.94866e-06 0.998192 2.14969e-05 0.000358014 1.09719e-05 1.28064e-06 1.16295e-05 0.000170166 2.06799e-07 1.06342e-10 9.91501e-07 
0.0299868 0.0115883 9.16544e-08 0.000176671 0.00722813 1.6076e-06 8.67388e-05 5.62538e-08 0.209317 0.0073733 2.27308e-06 1.7147e-06 0.240791 0.483489 3.09288e-09 1.42656e-06 0.00980052 0.000148387 5.04275e-06 1.96887e-09 2.16095e-06 
7.35211e-07 2.32759e-05 1.05952e-06 3.31686e-06 3.55168e-06 1.15735e-05 0.000972015 1.85611e-05 1.62306e-05 0.000179003 3.94866e-06 0.998192 2.14969e-05 0.000358014 1.09719e-05 1.28064e-06 1.16295e-05 0.000170166 2.06799e-07 1.06342e-10 9.91501e-07 
0.01367 0.29622 5.49152e-06 0.423811 0.000529758 0.0391289 0.0122278 0.0301937 0.130479 0.00524276 0.000240465 3.52654e-05 0.0105698 0.00065617 8.18238e-09 0.0172037 0.0189316 1.93967e-05 0.0005447 5.20876e-09 0.000290191 
0.0258481 0.30057 2.1311e-05 0.353367 0.000761653 0.0220299 0.0360053 0.0612801 0.00389615 0.0113377 3.66595e-05 2.74075e-05 8.32816e-08 0.0684821 2.92832e-11 0.00964873 0.092733 0.00883018 0.00229785 1.86412e-11 0.00282686 
0.0101803 0.1163 0.000105452 0.0010276 0.0348664 0.00127801 0.0176051 0.0203207 0.0815277 0.00777488 0.0026679 9.11167e-06 0.00555432 0.00510274 5.43252e-06 0.681143 0.0135488 0.000281393 8.13206e-05 3.45825e-06 0.000616319 
0.0345777 0.296597 1.85794e-05 0.0394301 0.00168213 0.00353813 0.000876426 0.526075 0.0856754 0.00114319 0.000265338 6.20851e-09 0.00517649 0.000558325 1.52722e-08 0.00147858 0.00232588 7.38896e-07 5.33124e-05 3.20398e-11 0.000527672 
0.0400012 0.140829 0.000132959 0.0390844 0.125256 0.237246 0.0165498 0.0613971 0.0540094 0.0152455 0.00120257 5.55599e-05 0.0936409 0.0122374 1.22764e-07 0.00861696 0.094304 0.000168334 0.000261959 7.81493e-08 0.0597609 
0.0299868 0.0115883 9.16544e-08 0.000176671 0.00722813 1.6076e-06 8.67388e-05 5.62538e-08 0.209317 0.0073733 2.27308e-06 1.7147e-06 0.240791 0.483489 3.09288e-09 1.42656e-06 0.00980052 0.000148387 5.04275e-06 1.96887e-09 2.16095e-06 
0.0103562 0.00137518 3.76173e-08 0.000112284 0.00981302 0.0114969 0.00779645 0.000526263 0.00626926 0.118266 5.58292e-05 3.19021e-07 0.753979 0.00243442 0.0077964 0.00380574 0.0232064 1.4902e-08 2.66655e-05 8.55641e-11 0.0426842 
7.35211e-07 2.32759e-05 1.05952e-06 3.31686e-06 3.55168e-06 1.15735e-05 0.000972015 1.85611e-05 1.62306e-05 0.000179003 3.94866e-06 0.998192 2.14969e-05 0.000358014 1.09719e-05 1.28064e-06 1.16295e-05 0.000170166 2.06799e-07 1.06342e-10 9.91501e-07 
7.84757e-08 8.95336e-07 1.09228e-06 2.3943e-06 3.46854e-06 5.23834e-06 0.000982392 1.1039e-06 4.20335e-06 7.49551e-05 9.98428e-07 0.998717 1.72702e-05 7.41139e-05 2.47975e-07 6.36999e-06 7.32154e-06 9.85838e-05 6.89244e-10 5.20492e-10 2.15036e-06 
0.0153603 0.010371 7.16426e-06 7.78393e-05 0.00244442 0.105651 0.448113 0.00420487 0.0123371 0.056841 3.97839e-05 2.91326e-06 0.0584833 0.0162615 0.00033984 0.153879 0.101408 0.000110044 0.000142856 2.37695e-10 0.013926 
0.00139132 0.01198 9.11022e-05 0.000273727 0.00459757 0.188657 0.0278458 7.14775e-06 0.418051 0.0565236 0.00136876 5.72363e-05 0.0535315 0.00414276 4.19155e-10 0.0332935 0.19666 1.75831e-07 6.48392e-07 2.66827e-10 0.00152698 
0.00251956 0.00213398 3.1413e-06 0.000301389 0.000116898 0.612183 0.140498 0.000653658 0.0143628 0.0525849 0.000595823 0.0694067 0.0501387 0.0346543 4.41398e-05 0.00395985 0.00751088 0.00495996 0.00027555 2.02531e-06 0.00309487 
0.0331464 0.00554343 3.83793e-05 0.0013099 0.00363747 0.0838068 0.603448 0.0053083 0.0787845 0.00103647 0.000123143 0.000280132 0.0142452 0.0295679 0.000244252 0.017465 0.121246 6.52541e-05 3.00889e-05 7.58766e-09 0.000673412 
7.35211e-07 2.32759e-05 1.05952e-06 3.31686e-06 3.55168e-06 1.15735e-05 0.000972015 1.85611e-05 1.62306e-05 0.000179003 3.94866e-06 0.998192 2.14969e-05 0.000358014 1.09719e-05 1.28064e-06 1.16295e-05 0.000170166 2.06799e-07 1.06342e-10 9.91501e-07 
0.0111111 0.0736419 0.000934075 0.0107699 0.0068664 0.0693998 0.0210316 0.016521 0.353057 0.0855571 2.95166e-05 0.00155959 0.0271308 0.055288 0.000441911 0.0506655 0.205238 0.00681565 0.000936837 6.99357e-06 0.00299779 
0.00179105 0.00717489 0.000167503 0.000981719 0.00783495 0.0518365 0.639764 1.43809e-06 0.0158176 0.161295 7.99213e-05 0.00903714 0.00871785 0.018477 8.5062e-06 0.00258154 0.0727822 0.000228933 0.000425546 9.15571e-07 0.000995562 
0.00178093 0.0172217 0.00207982 3.24101e-05 0.00864906 0.00826978 0.0126216 6.36587e-05 0.35401 0.00640606 2.33587e-05 9.98356e-07 0.0579162 0.445577 7.28706e-06 0.00190212 0.0095674 1.13269e-05 0.0067494 4.51246e-07 0.0671094 
4.25727e-08 1.11129e-06 7.33881e-07 2.42622e-06 4.1971e-06 7.67331e-06 0.00114874 1.0767e-06 8.49772e-06 0.000135302 3.77936e-06 0.998306 1.85315e-05 0.000176194 1.29574e-05 1.17159e-06 4.56269e-06 0.000165889 4.11426e-08 1.06128e-10 1.17163e-06 
0.000172352 0.00556916 2.91291e-05 0.0186772 0.0117689 0.0857916 0.214422 0.00890624 0.0370137 0.0252787 0.0387296 0.00192608 0.134054 7.05203e-09 1.0892e-08 0.0140703 0.402599 0.000117101 2.31188e-08 1.09927e-12 0.000874491 
0.000928766 0.00515596 9.18219e-08 0.000115907 0.00294117 0.0103142 0.445559 1.10896e-05 0.18449 0.037414 8.03352e-05 0.196799 0.00970071 0.0445069 8.69421e-06 0.000587654 0.0602406 0.000319729 2.4212e-08 1.83108e-08 0.000826826 
0.20978 0.00250681 2.54859e-05 0.000462154 0.0585283 0.0111211 0.00527161 1.22005e-05 0.038454 0.218045 8.93549e-06 1.7281e-05 0.359454 0.0495054 0.000716671 0.00431033 0.0262891 1.95515e-05 0.00154424 2.34829e-07 0.0139276 
0.00950754 0.00226619 3.68539e-07 1.66383e-06 0.00645416 0.00186158 0.000864019 2.44289e-05 0.0825548 0.42461 7.24511e-05 2.4288e-05 0.0564522 0.0128073 1.5085e-05 0.050929 0.0173884 0.0291788 2.14342e-06 2.53044e-08 0.304985 
0.749363 0.0408375 9.09687e-09 0.00529464 0.00173223 0.0701311 0.000202252 0.00562053 0.00358988 0.010286 0.0093731 3.70226e-07 0.0131963 0.00260099 5.98046e-05 0.000694703 0.0828553 8.90855e-06 0.00226941 4.60868e-10 0.001884 
0.0519354 0.0200815 6.99615e-05 0.00077516 0.0102056 0.0594119 0.00269398 0.00689897 0.060504 0.421678 0.00258655 8.96141e-08 0.0434655 0.0280508 1.20284e-07 0.00507987 0.0126587 0.0221491 0.000428122 2.28129e-09 0.251326 
0.0145606 0.0015623 7.66296e-06 0.000399349 0.00047618 0.0124889 0.00159357 0.000111733 0.0410583 0.0622206 0.0296833 8.60834e-06 0.000246214 0.741362 0.000112 0.0137068 0.0691117 0.00041412 0.00075724 7.07811e-06 0.0101121 
0.0206484 0.0525527 1.18638e-06 0.0314521 0.00219147 0.0676779 0.00265098 0.0519365 0.0332768 0.000242967 7.25368e-09 4.5e-08 0.0309856 0.000833675 6.27021e-13 0.000218628 0.70482 2.6344e-06 1.10959e-09 3.99151e-13 0.000508498 
7.35211e-07 2.32759e-05 1.05952e-06 3.31686e-06 3.55168e-06 1.15735e-05 0.000972015 1.85611e-05 1.62306e-05 0.000179003 3.94866e-06 0.998192 2.14969e-05 0.000358014 1.09719e-05 1.28064e-06 1.16295e-05 0.000170166 2.06799e-07 1.06342e-10 9.91501e-07 
0.0418169 0.0274992 1.18243e-05 0.00106235 0.00293079 0.00477704 8.88141e-06 0.00197869 0.0138517 0.322485 9.4252e-06 1.34592e-05 0.00715509 0.44723 0.000101761 0.00257601 0.0510137 2.39008e-05 3.94882e-05 1.82917e-06 0.0754123 
0.00506878 0.0803957 2.89872e-06 3.03503e-05 0.0026533 0.0437948 0.0250681 0.0065215 0.173824 0.0708297 0.00506414 5.09296e-06 0.223118 0.011458 9.81251e-06 0.240793 0.107467 4.13726e-06 0.000129199 1.95162e-06 0.00376041 
0.000277125 0.00362234 9.97403e-06 9.55689e-05 0.000620908 0.897513 0.00400159 0.00335465 0.0161458 0.00331859 7.14075e-08 3.05462e-08 0.00871328 0.000443445 1.32228e-11 0.00255059 0.0588561 5.98298e-05 0.000333025 8.41742e-12 8.43107e-05 
6.15288e-05 0.00343802 1.78803e-05 2.52312e-05 0.00273159 0.000841224 0.00223 0.000429308 0.0010003 0.239386 0.670118 0.00150975 0.00230841 0.0110501 1.71342e-06 0.00119806 0.0038147 0.00429722 0.000655729 6.9167e-10 0.0548859 
0.09329 0.706385 3.43416e-05 0.0511391 0.00184741 0.00667649 0.00495883 0.0139449 0.0798747 0.00113203 6.68072e-06 6.89783e-08 0.0329672 5.02948e-06 1.12555e-06 0.00425888 0.00271769 7.84437e-06 0.000656155 1.17587e-09 9.61062e-05 
0.00120746 0.00150178 4.66603e-07 0.000728735 0.000117434 0.00799156 0.0737 2.38924e-05 0.043521 0.00234473 5.27409e-05 0.000140038 0.00238913 0.801846 3.3405e-09 0.000115008 0.0560384 0.00546078 0.00028796 2.12651e-09 0.00253253 
0.00124913 0.0551732 0.000285498 0.00629053 0.0100876 0.0624432 0.416982 0.00173266 0.0844098 0.0517606 0.0173769 0.179499 0.0140095 0.0261003 0.000777667 0.00821846 0.0607822 0.0020318 0.000191285 2.33291e-05 0.000575686 
0.0017967 0.0195835 2.60411e-05 0.000648499 0.00510609 0.412383 0.0479274 0.000262331 0.235997 0.018223 0.00581048 2.27094e-06 0.184912 0.0157882 3.70297e-07 0.0025481 0.0453375 0.000250106 0.000581538 9.15765e-09 0.00281662 
7.35211e-07 2.32759e-05 1.05952e-06 3.31686e-06 3.55168e-06 1.15735e-05 0.000972015 1.85611e-05 1.62306e-05 0.000179003 3.94866e-06 0.998192 2.14969e-05 0.000358014 1.09719e-05 1.28064e-06 1.16295e-05 0.000170166 2.06799e-07 1.06342e-10 9.91501e-07 
0.00102773 0.00591294 5.95125e-06 0.000449769 0.000410066 0.679413 0.0448825 0.0152966 0.0616119 0.00706795 0.000353579 2.62493e-06 0.0351404 0.00126538 7.70145e-12 0.00971428 0.136429 0.000238593 0.000370749 4.90261e-12 0.000406723 
0.00403982 0.0128917 5.57067e-05 0.193505 8.959e-06 0.00137555 0.000421055 0.780227 0.00249703 0.000327679 1.53113e-10 7.07909e-10 0.00168109 0.000518782 2.26174e-12 2.82121e-06 0.00227936 1.60728e-08 3.69156e-05 1.43978e-12 0.000131119 
0.000563748 0.00475095 4.09213e-05 4.30321e-05 0.00429353 0.500469 0.0421891 0.000328785 0.00227378 0.114526 7.57636e-05 5.49771e-07 0.032354 0.000367149 1.43677e-07 0.00848635 0.226492 0.0611658 0.000651934 9.21976e-08 0.000928327 
0.00644704 0.00373176 1.65566e-05 4.85956e-05 0.000926714 0.0295879 0.00243635 0.00190966 0.29395 0.0183379 4.55358e-06 4.03911e-07 0.184841 0.0063673 5.25932e-07 0.00213679 0.421442 9.49635e-06 8.8408e-06 1.47477e-10 0.0277969 
7.35211e-07 2.32759e-05 1.05952e-06 3.31686e-06 3.55168e-06 1.15735e-05 0.000972015 1.85611e-05 1.62306e-05 0.000179003 3.94866e-06 0.998192 2.14969e-05 0.000358014 1.09719e-05 1.28064e-06 1.16295e-05 0.000170166 2.06799e-07 1.06342e-10 9.91501e-07 
0.749363 0.0408375 9.09687e-09 0.00529464 0.00173223 0.0701311 0.000202252 0.00562053 0.00358988 0.010286 0.0093731 3.70226e-07 0.0131963 0.00260099 5.98046e-05 0.000694703 0.0828553 8.90855e-06 0.00226941 4.60868e-10 0.001884 
0.749363 0.0408375 9.09687e-09 0.00529464 0.00173223 0.0701311 0.000202252 0.00562053 0.00358988 0.010286 0.0093731 3.70226e-07 0.0131963 0.00260099 5.98046e-05 0.000694703 0.0828553 8.90855e-06 0.00226941 4.60868e-10 0.001884 
0.0069616 0.0889403 5.1567e-06 0.000920074 0.000183337 0.0433227 0.0117955 0.00283532 0.134743 0.0279399 1.76558e-06 1.19563e-06 0.010423 0.211206 9.94102e-09 0.00245348 0.457774 2.41621e-05 8.39039e-07 6.32829e-09 0.000468562 
0.0155642 0.830391 7.50552e-09 0.000141043 0.00966095 0.0192544 3.95845e-05 0.00249979 0.0248199 0.0303108 5.77768e-06 2.32348e-08 0.00172613 0.0410298 3.1155e-08 0.000845176 0.0160575 0.00011737 0.000599348 1.0535e-09 0.00693718 
0.0124135 0.0981785 9.24113e-09 0.000151715 0.00349958 0.267826 0.000380842 0.0394237 0.0333397 0.00395721 0.0119688 3.42217e-05 0.054476 0.00453649 2.64406e-12 0.00247851 0.465834 8.30393e-05 0.0006039 1.68316e-12 0.00081443 
0.194158 0.429081 2.10773e-07 0.00288991 0.0148014 0.00536009 0.000319654 0.0134833 0.0418745 0.00632655 6.65509e-05 6.41881e-07 0.00170261 0.254691 9.11967e-08 0.000209942 0.0240865 6.51574e-05 3.23929e-05 1.19203e-09 0.010851 
0.00268128 0.00936155 0.000220653 0.000150048 0.0210592 0.820832 0.00744352 0.00374897 0.0295912 0.00196641 2.5296e-08 4.32304e-07 0.0185863 0.000282876 2.34118e-12 0.00254634 0.0718691 0.00895773 0.000408074 1.49036e-12 0.000294331 
0.00193987 0.0261583 0.00391453 0.000208834 0.00402206 0.0284726 0.0144327 0.00288377 0.0077671 0.066643 0.00270661 0.00012863 0.217557 0.000270441 1.11068e-07 0.588545 0.031129 4.32624e-05 0.000153898 7.07043e-08 0.00302384 
0.0032379 0.0751736 1.65701e-07 0.0014558 0.000731689 0.0164222 2.18181e-06 0.00355372 0.0738371 0.0219017 0.0903249 5.95511e-07 0.00910503 0.633588 5.76233e-06 0.000190332 0.0689092 0.000958438 3.04106e-07 2.6543e-10 0.000601118 
0.00140476 0.0433871 0.000217841 9.93678e-08 0.0111545 0.00968498 0.0206655 0.0028908 0.0161164 0.255259 0.0729494 4.97647e-08 0.223824 0.000277975 2.42922e-07 0.333205 0.00640489 0.00189776 5.56365e-08 7.23052e-10 0.000659368 
0.0240896 0.051269 0.000442496 0.00676224 1.47944e-07 0.00670581 0.0828933 0.0667352 0.0878107 0.164573 0.00747204 7.46231e-05 1.20096e-07 0.382224 4.50517e-09 0.00401773 0.114799 8.44001e-07 0.0001108 2.86791e-09 1.86727e-05 
0.0252781 0.00371457 0.000423154 0.000457113 0.289412 0.00887025 0.0207889 4.23989e-05 0.044821 0.371866 0.00302193 8.74979e-06 0.0923356 0.0356351 6.14748e-06 0.00494804 0.0337602 0.00561868 0.000698917 1.05184e-07 0.0582932 
0.013982 0.00429845 5.23099e-06 0.000117986 0.000920801 0.000959938 0.00462472 8.85777e-05 0.0047216 0.298647 5.66318e-05 1.6225e-05 0.0303359 0.00256024 0.000349764 0.00187014 0.592183 5.48938e-07 0.000163455 1.0252e-08 0.044098 
0.140581 0.00954593 0.000210121 0.000441017 0.0345704 0.0277616 0.0233426 1.95142e-05 0.0607164 0.212889 0.00525035 4.88225e-05 0.392497 0.0445628 0.00122863 0.0094551 0.0251252 9.71097e-06 0.000764233 1.39387e-07 0.0109808 
0.00867874 0.0614261 1.23954e-06 0.0782667 0.00186759 0.00792741 0.152444 0.000349311 0.225188 0.0353153 0.000554051 2.54462e-07 0.0191164 0.214668 1.3664e-09 0.112793 0.0812278 0.000173362 1.13932e-06 8.6983e-10 1.84091e-06 
0.000277125 0.00362234 9.97403e-06 9.55689e-05 0.000620908 0.897513 0.00400159 0.00335465 0.0161458 0.00331859 7.14075e-08 3.05462e-08 0.00871328 0.000443445 1.32228e-11 0.00255059 0.0588561 5.98298e-05 0.000333025 8.41742e-12 8.43107e-05 
0.0344074 0.0223554 5.40023e-06 6.89924e-05 0.0087319 0.132168 0.00169517 0.00964667 0.0193508 0.165789 0.00539497 5.71499e-06 0.177535 0.0069002 2.31927e-07 0.00193881 0.339231 6.77292e-05 0.000923841 4.04793e-11 0.073785 
0.00373735 0.00917385 0.00180422 7.45231e-06 0.00618382 0.00080779 0.0125674 0.000409979 0.0447561 0.521586 0.00725278 1.06268e-06 0.218162 0.000286188 3.27312e-06 0.14144 0.0261921 1.77789e-05 0.000381297 2.09135e-07 0.00522936 
0.00227984 0.00481263 1.1378e-06 3.43059e-08 0.000634838 1.76959e-06 0.0408329 0.00402148 0.0029654 0.0362977 0.0001245 4.45774e-07 0.116505 0.00278492 1.08928e-10 0.0649808 0.0860247 7.23929e-08 0.00332008 6.93419e-11 0.634412 
0.0211217 0.118445 1.67545e-05 0.0083307 0.00155065 0.0827873 0.00102914 0.202443 0.313409 0.0176129 0.000426506 3.45276e-06 0.0627848 0.142589 2.16089e-06 0.00164062 0.0223192 0.00121882 7.95489e-05 1.35757e-09 0.00218999 
0.0162682 0.108415 0.0019846 0.0282598 0.00353778 0.0551456 0.0286063 0.00223102 0.160388 0.162702 0.000207937 0.000926231 0.0990753 0.143448 0.000870522 0.00793825 0.16583 0.000671152 0.000151216 1.42967e-05 0.0133285 
0.0137193 0.0425553 6.32261e-05 0.00023781 0.000471727 0.0168096 0.0131166 0.000492938 0.296331 0.0362476 8.68431e-05 3.37839e-06 0.0960878 0.00851847 2.107e-11 0.0280439 0.440017 4.02189e-06 0.0023023 1.34128e-11 0.00489172 
0.00778573 0.0328716 7.52255e-07 0.00130913 0.00101472 0.267273 0.00181511 0.00102496 0.0461838 0.0114432 2.33262e-05 5.04223e-07 0.192824 0.000669053 3.17223e-11 0.000598054 0.434854 1.37734e-06 4.35782e-05 2.01939e-11 0.000263614 
0.0138637 0.0430523 0.00127328 0.00674412 0.0138861 0.0754247 0.0485953 0.0125056 0.103092 0.234271 0.00248955 0.00103007 0.166143 0.0169646 0.000503771 0.021135 0.19105 0.00968695 0.00257298 0.000221598 0.0354942 
0.015816 0.0275956 0.00301458 0.00374903 0.0100454 0.03945 0.0355671 0.00781945 0.035928 0.472168 0.00264417 0.00173869 0.114322 0.0187827 0.00248478 0.0243199 0.107595 0.00749751 0.00252601 0.00158839 0.0653469 
0.00978866 0.0103048 8.89142e-08 3.34571e-05 0.000993082 0.000709823 0.0036125 0.00105024 0.0443339 0.198592 3.2093e-06 4.36992e-09 0.114876 0.000177473 1.07085e-07 0.00213933 0.594349 3.02208e-06 9.19156e-07 1.83052e-10 0.019032 
7.35211e-07 2.32759e-05 1.05952e-06 3.31686e-06 3.55168e-06 1.15735e-05 0.000972015 1.85611e-05 1.62306e-05 0.000179003 3.94866e-06 0.998192 2.14969e-05 0.000358014 1.09719e-05 1.28064e-06 1.16295e-05 0.000170166 2.06799e-07 1.06342e-10 9.91501e-07 
4.75209e-06 4.75291e-06 4.74741e-06 4.74998e-06 0.0280318 0.0993369 0.385886 4.75251e-06 4.75245e-06 0.0213926 4.74718e-06 4.74761e-06 0.432972 4.75197e-06 0.00474828 0.0275656 4.75306e-06 4.75194e-06 4.74869e-06 4.74717e-06 4.75145e-06 
0.000965821 0.000847233 0.000187574 4.42844e-05 0.0125724 0.00480106 0.00301887 1.65821e-05 0.00214586 0.361798 0.000188758 6.70188e-05 0.301443 7.45145e-05 6.5065e-06 0.0629633 0.216409 0.000338937 0.000101431 1.25957e-06 0.0320094 
0.0638293 0.109017 4.33092e-06 0.000636319 0.00659377 0.109796 0.0187959 0.0651123 0.391254 0.0165855 4.9358e-07 9.20787e-09 0.115168 0.0034608 1.32783e-10 0.000371164 0.085255 1.23863e-06 5.43259e-05 8.45274e-11 0.0140639 
0.00817538 0.0101012 0.000731547 0.000908323 0.0107144 0.0101093 0.0124341 0.00245173 0.00387437 0.722616 0.00104272 0.00430618 0.134538 0.00401685 0.00623873 0.00318427 0.0393222 0.0118209 0.00181909 6.71939e-06 0.0115878 
0.00895724 0.0113398 3.50135e-06 0.00157353 0.000336791 0.461016 0.00482273 0.00777024 0.345974 0.0073163 9.31476e-06 9.66937e-07 0.0131067 0.00160603 5.89967e-11 0.000582338 0.134956 2.57154e-05 5.40592e-05 3.75563e-11 0.000549246 
0.0108996 0.0615646 2.10783e-05 0.0059998 0.000206064 0.0619541 0.0096578 0.00415846 0.0437243 0.141432 0.000129742 0.0522559 0.00164273 0.318635 1.26903e-07 0.000443668 0.190836 0.00114478 0.0889918 4.33476e-08 0.00630279 
0.00252241 0.0128084 1.0604e-05 0.00566393 0.000359074 0.306883 0.00111449 0.00095444 0.312708 0.00345742 1.51102e-07 7.22024e-07 0.0465797 0.0330762 6.17893e-11 0.000731562 0.27182 4.07291e-05 0.000888066 3.9334e-11 0.000380818 
0.000277125 0.00362234 9.97403e-06 9.55689e-05 0.000620908 0.897513 0.00400159 0.00335465 0.0161458 0.00331859 7.14075e-08 3.05462e-08 0.00871328 0.000443445 1.32228e-11 0.00255059 0.0588561 5.98298e-05 0.000333025 8.41742e-12 8.43107e-05 
0.0156031 0.027325 1.75701e-08 0.00299185 9.67536e-08 0.0114705 0.190887 0.0368214 0.156529 0.0109295 1.21762e-07 0.00117044 0.0490487 0.288627 1.1852e-10 0.000327369 0.205722 0.000887161 0.000462993 7.54481e-11 0.00119679 
