0.0277318 0.0113775 6.64533e-05 0.000113823 0.0192939 0.0340347 0.000641105 5.92556e-05 0.0119332 0.00123205 7.56215e-09 1.17653e-08 0.619864 9.04298e-05 4.95145e-11 0.00556033 0.256247 2.91422e-07 1.43141e-05 3.15201e-11 0.0117394 
0.00212408 0.00571778 0.000145751 0.000209887 0.00143761 0.0955458 0.0257235 0.0133996 0.0239902 0.397522 8.82705e-05 1.73405e-06 0.160112 0.00516613 4.52844e-06 0.211741 0.0536871 0.000100719 0.000255723 1.51467e-08 0.00302747 
0.00270662 0.030342 0.165409 0.0268506 0.0010344 0.00347063 0.362297 0.000168738 0.029028 0.0305425 0.00452796 0.321788 0.00370834 0.00899817 3.40804e-05 0.00333342 0.00537158 0.000308684 3.9636e-05 7.92632e-06 3.25344e-05 
4.25727e-08 1.11129e-06 7.33881e-07 2.42622e-06 4.1971e-06 7.67331e-06 0.00114874 1.0767e-06 8.49772e-06 0.000135302 3.77936e-06 0.998306 1.85315e-05 0.000176194 1.29574e-05 1.17159e-06 4.56269e-06 0.000165889 4.11426e-08 1.06128e-10 1.17163e-06 
0.00138621 0.0117168 2.84823e-09 0.000961009 0.00359745 0.166857 0.00680751 0.00240345 0.0474129 0.00593787 3.67751e-05 0.000171638 0.0939394 0.00312002 5.9507e-08 0.00543074 0.647619 2.41257e-05 7.11874e-06 2.5281e-12 0.00257044 
0.00542481 0.00570846 2.53338e-05 8.9384e-05 0.000351811 0.0263844 0.0305157 2.41894e-05 0.270458 0.228923 0.0815804 0.000140297 0.0339653 0.290055 2.39403e-08 0.00198079 0.0235936 6.33556e-05 0.000694768 1.524e-08 2.03439e-05 
0.749363 0.0408375 9.09687e-09 0.00529464 0.00173223 0.0701311 0.000202252 0.00562053 0.00358988 0.010286 0.0093731 3.70226e-07 0.0131963 0.00260099 5.98046e-05 0.000694703 0.0828553 8.90855e-06 0.00226941 4.60868e-10 0.001884 
0.000578565 0.00277512 3.88517e-07 4.56485e-07 0.00494675 0.0022394 0.00587063 0.00152633 0.0469344 0.104638 0.0014178 9.01953e-08 0.00906075 0.00695389 4.15727e-06 0.767437 0.0361599 8.54109e-05 0.000281423 1.64989e-09 0.00908954 
0.0111718 0.083364 2.53243e-08 0.00387349 0.00125868 0.0105528 0.00476191 0.00417174 0.0139655 0.000289665 0.0269565 0.000247028 0.00106732 0.727659 1.19443e-10 0.00127859 0.106925 0.00204997 6.65069e-05 7.60354e-11 0.000340366 
0.234043 0.191076 5.70153e-07 1.30216e-06 2.45241e-07 0.190211 4.48558e-07 1.68809e-07 0.130286 0.0467753 0.000832167 9.21209e-08 0.0298292 0.0128947 6.23865e-07 0.000375589 0.142465 7.07103e-05 0.00232508 6.77489e-09 0.0188126 
7.35211e-07 2.32759e-05 1.05952e-06 3.31686e-06 3.55168e-06 1.15735e-05 0.000972015 1.85611e-05 1.62306e-05 0.000179003 3.94866e-06 0.998192 2.14969e-05 0.000358014 1.09719e-05 1.28064e-06 1.16295e-05 0.000170166 2.06799e-07 1.06342e-10 9.91501e-07 
1.0255e-05 5.19725e-05 1.33736e-06 5.30336e-05 1.20233e-05 3.17743e-05 0.0473323 0.000100896 0.000672887 0.00902759 0.000878575 0.905517 3.40984e-05 0.0332901 4.0774e-05 2.1934e-06 0.00164641 0.00101515 9.06161e-08 6.28362e-09 0.000282045 
4.25727e-08 1.11129e-06 7.33881e-07 2.42622e-06 4.1971e-06 7.67331e-06 0.00114874 1.0767e-06 8.49772e-06 0.000135302 3.77936e-06 0.998306 1.85315e-05 0.000176194 1.29574e-05 1.17159e-06 4.56269e-06 0.000165889 4.11426e-08 1.06128e-10 1.17163e-06 
0.749363 0.0408375 9.09687e-09 0.00529464 0.00173223 0.0701311 0.000202252 0.00562053 0.00358988 0.010286 0.0093731 3.70226e-07 0.0131963 0.00260099 5.98046e-05 0.000694703 0.0828553 8.90855e-06 0.00226941 4.60868e-10 0.001884 
0.749363 0.0408375 9.09687e-09 0.00529464 0.00173223 0.0701311 0.000202252 0.00562053 0.00358988 0.010286 0.0093731 3.70226e-07 0.0131963 0.00260099 5.98046e-05 0.000694703 0.0828553 8.90855e-06 0.00226941 4.60868e-10 0.001884 
0.0264732 0.082777 6.50003e-05 0.0278288 0.00505704 0.064754 0.0468505 0.00316905 0.167629 0.0507554 0.00495834 0.0457267 0.0713703 0.273225 0.0114904 0.011897 0.0930508 0.00647142 0.0059239 1.42298e-06 0.000525309 
0.000277125 0.00362234 9.97403e-06 9.55689e-05 0.000620908 0.897513 0.00400159 0.00335465 0.0161458 0.00331859 7.14075e-08 3.05462e-08 0.00871328 0.000443445 1.32228e-11 0.00255059 0.0588561 5.98298e-05 0.000333025 8.41742e-12 8.43107e-05 
1.78959e-05 4.0924e-05 2.60916e-05 1.52421e-05 0.00222625 0.00456664 0.495313 1.71355e-07 0.00434817 0.00195012 1.77259e-06 6.71609e-07 0.000466019 0.349617 1.14519e-06 0.0866392 0.0343463 5.63505e-06 0.00470939 4.13975e-10 0.0157081 
0.000125819 0.00687657 0.00038088 7.73408e-08 0.00119321 0.0363637 0.00956725 4.52297e-05 0.219198 0.157255 1.12671e-07 5.63308e-07 0.205539 0.000859071 1.30688e-07 0.0372003 0.324743 5.93371e-05 4.16298e-05 1.16406e-09 0.000551625 
0.0004156 0.00347864 1.49221e-05 0.000143278 0.000931174 0.878146 0.0060021 0.00430499 0.0170746 0.00186355 3.4562e-08 4.31295e-08 0.0130696 0.00019617 2.43034e-12 0.00190099 0.0719805 2.89795e-05 0.000322153 1.54711e-12 0.000126415 
0.00300697 0.0282165 2.08846e-05 0.0261575 0.00336308 0.272523 0.0302988 0.0235563 0.259672 0.0024128 0.0151164 0.000108812 0.014792 0.00315768 5.29859e-09 0.00480245 0.275675 0.0365603 2.39526e-05 3.37299e-09 0.000535988 
0.749363 0.0408375 9.09687e-09 0.00529464 0.00173223 0.0701311 0.000202252 0.00562053 0.00358988 0.010286 0.0093731 3.70226e-07 0.0131963 0.00260099 5.98046e-05 0.000694703 0.0828553 8.90855e-06 0.00226941 4.60868e-10 0.001884 
7.35211e-07 2.32759e-05 1.05952e-06 3.31686e-06 3.55168e-06 1.15735e-05 0.000972015 1.85611e-05 1.62306e-05 0.000179003 3.94866e-06 0.998192 2.14969e-05 0.000358014 1.09719e-05 1.28064e-06 1.16295e-05 0.000170166 2.06799e-07 1.06342e-10 9.91501e-07 
0.023935 0.0658495 1.26327e-05 0.000495755 0.00372677 0.285858 0.0053436 0.00818022 0.0657896 0.0413178 0.000109853 1.03634e-05 0.103583 0.00606067 2.17969e-12 0.00856535 0.377809 5.68308e-05 0.000597687 1.38755e-12 0.00269792 
0.0150559 0.0550145 1.11636e-06 0.0166826 0.00306666 0.0721272 0.00490091 0.0764342 0.0310332 0.000338233 4.25415e-06 8.42697e-08 0.0305399 0.000788571 6.80334e-13 0.000321933 0.693182 3.37417e-06 1.3196e-07 4.33089e-13 0.000505296 
0.00117804 0.00374052 2.8467e-05 2.47628e-05 6.27007e-05 0.0144646 1.75759e-05 3.25441e-06 0.0309981 0.141331 1.67293e-05 3.90359e-06 0.425459 0.276161 1.60333e-08 0.0500039 0.0328811 0.00415176 8.70017e-06 1.02065e-08 0.0194637 
1.51863e-06 0.00502446 0.000182045 8.51988e-05 3.32553e-06 0.311685 0.0117937 1.28362e-05 0.488349 0.024881 0.000185085 0.000114246 0.0120997 1.5701e-07 1.44132e-10 0.00377695 0.140719 3.15671e-07 1.16412e-06 9.17517e-11 0.00108473 
7.18251e-05 0.000661526 0.000100498 1.1558e-05 0.0183131 0.0181326 0.0024053 1.75813e-08 0.00285729 0.533875 0.000612321 1.32853e-05 0.352154 0.00147385 0.0215597 0.0440198 0.0029452 1.69137e-05 0.000139085 1.55106e-08 0.000638053 
0.00074328 0.0233326 5.45468e-06 0.00439929 0.00112981 0.215039 0.0331487 0.000492864 0.29131 0.00351319 0.000390924 0.000138675 0.0248771 0.17176 1.11947e-07 0.00113894 0.227741 0.000587246 7.54748e-05 3.82307e-08 0.000176111 
0.000860813 0.00271506 0.000126399 0.000104418 0.00024866 0.0107067 0.000720937 0.936447 0.00346307 0.00899563 0.000240399 4.99121e-07 0.00558246 7.37406e-06 1.94935e-09 0.0201514 0.00788987 6.69888e-07 4.72778e-05 1.46625e-09 0.00169134 
0.0246275 0.0864393 0.000132086 0.00390202 0.0005777 0.0473823 0.0221552 0.0434397 0.158816 0.0654731 9.75654e-08 1.47357e-06 0.0627945 0.0297296 2.55631e-11 0.00330598 0.450429 2.83023e-05 3.43779e-08 1.62731e-11 0.00076629 
0.00246763 0.00330328 4.48308e-05 0.000201488 0.00271585 0.147122 0.00597922 0.0132571 0.0103041 0.0151342 0.693013 5.79192e-09 0.0169628 0.000258977 1.22715e-08 0.0438043 0.0448217 5.31705e-05 0.000348278 1.19649e-11 0.000208045 
0.00413652 0.00696402 1.28445e-05 9.10565e-05 0.0278964 0.125864 0.0190823 0.0720482 0.0175836 0.0301394 0.000232608 1.87487e-05 0.366415 0.00945757 0.00151621 0.315148 0.00305573 4.13188e-05 8.62357e-06 1.75066e-08 0.000287752 
7.35211e-07 2.32759e-05 1.05952e-06 3.31686e-06 3.55168e-06 1.15735e-05 0.000972015 1.85611e-05 1.62306e-05 0.000179003 3.94866e-06 0.998192 2.14969e-05 0.000358014 1.09719e-05 1.28064e-06 1.16295e-05 0.000170166 2.06799e-07 1.06342e-10 9.91501e-07 
0.0678921 0.0212128 0.00129352 0.0132266 0.0174319 0.0208391 0.0465269 0.00940809 0.0326473 0.176091 0.000161733 6.09457e-06 0.0390619 0.00448167 7.0368e-11 0.00202304 0.491141 2.86325e-06 0.000204086 4.47951e-11 0.0563482 
0.00640386 0.0860128 7.16789e-05 0.00277632 0.00274893 0.717655 0.00257022 0.0308713 0.0450081 0.00338978 0.00027373 5.0775e-06 0.0430916 0.00140895 1.06497e-07 0.00570038 0.0516682 5.5485e-05 0.00011273 1.41039e-08 0.000175591 
0.00446155 0.0482566 6.6478e-06 0.00010487 0.000276591 0.365463 0.0176777 0.030612 0.123963 0.0116268 3.84371e-05 9.6896e-07 0.0223097 0.0597489 9.96152e-11 0.000424402 0.270549 2.35259e-05 9.71941e-05 6.34134e-11 0.0443592 
0.00184771 0.00429671 8.09549e-05 0.0070101 0.00025515 0.0137161 0.0154634 0.00317108 0.477025 0.142801 1.87423e-08 9.75384e-07 0.00817279 0.0459379 1.8968e-10 0.0218035 0.194509 2.60264e-05 3.39708e-05 1.20747e-10 0.0638491 
0.00528057 0.0296691 2.09041e-06 0.00241331 0.000614009 0.0556297 0.00315699 0.0530847 0.0434801 0.0100913 8.62624e-08 3.2705e-08 0.147579 0.0192367 1.66294e-11 0.00384578 0.623171 1.71809e-05 0.000552887 1.0586e-11 0.00217553 
0.749363 0.0408375 9.09687e-09 0.00529464 0.00173223 0.0701311 0.000202252 0.00562053 0.00358988 0.010286 0.0093731 3.70226e-07 0.0131963 0.00260099 5.98046e-05 0.000694703 0.0828553 8.90855e-06 0.00226941 4.60868e-10 0.001884 
0.3779 0.338 7.52617e-06 0.0111702 0.00387732 0.0248392 0.00150076 0.0255997 0.0250928 0.00205018 9.49151e-05 2.53557e-07 0.00791884 0.0544406 0.0671158 6.52126e-05 0.060083 3.32613e-06 0.000112305 7.24905e-08 0.000127137 
0.283779 0.136161 4.88464e-05 0.109531 0.0265256 0.0896722 0.00722073 0.123519 0.0423925 0.00180811 6.45862e-07 2.02968e-08 0.173638 7.25997e-08 2.48116e-08 0.00212328 4.18715e-07 5.27069e-05 0.000128883 5.91338e-11 0.00339836 
0.00814668 0.11099 0.0459718 0.000391681 0.00469638 0.0381209 0.00896226 0.00342235 0.223711 0.0239042 0.00122922 0.000167252 0.019155 0.413482 3.01985e-05 0.000395938 0.0517158 0.00918999 0.0362593 4.04235e-08 5.81502e-05 
0.000277125 0.00362234 9.97403e-06 9.55689e-05 0.000620908 0.897513 0.00400159 0.00335465 0.0161458 0.00331859 7.14075e-08 3.05462e-08 0.00871328 0.000443445 1.32228e-11 0.00255059 0.0588561 5.98298e-05 0.000333025 8.41742e-12 8.43107e-05 
0.0232395 0.00606178 0.000299023 0.000222397 0.0169878 0.213742 0.0895326 0.00131377 0.0171532 0.141538 0.0207543 8.39378e-06 0.0472777 0.0928602 6.7983e-06 0.178812 0.119691 6.07319e-05 0.0018571 1.18539e-07 0.0285813 
0.00808182 0.0844344 3.65262e-06 0.00123654 0.000141003 0.034627 0.00615954 0.000277375 0.0571744 0.0493975 1.62839e-05 2.44041e-05 0.0136143 0.103137 1.94522e-06 0.000868835 0.637266 7.13334e-06 0.00352673 1.23829e-06 3.65649e-06 
7.35211e-07 2.32759e-05 1.05952e-06 3.31686e-06 3.55168e-06 1.15735e-05 0.000972015 1.85611e-05 1.62306e-05 0.000179003 3.94866e-06 0.998192 2.14969e-05 0.000358014 1.09719e-05 1.28064e-06 1.16295e-05 0.000170166 2.06799e-07 1.06342e-10 9.91501e-07 
7.84757e-08 8.95336e-07 1.09228e-06 2.3943e-06 3.46854e-06 5.23834e-06 0.000982392 1.1039e-06 4.20335e-06 7.49551e-05 9.98428e-07 0.998717 1.72702e-05 7.41139e-05 2.47975e-07 6.36999e-06 7.32154e-06 9.85838e-05 6.89244e-10 5.20492e-10 2.15036e-06 
0.0500045 0.0103967 7.07183e-07 3.20299e-06 0.00108669 0.0215023 0.000938106 0.000996951 0.0860523 0.0719289 0.000601067 5.36081e-06 0.0284183 0.00797941 0.000284256 0.00232135 0.0161217 6.94355e-05 0.589218 2.05081e-08 0.112071 
0.00694008 0.0080983 1.05025e-06 0.000643182 0.000403119 0.0040873 0.550287 1.68656e-07 0.019039 0.0377973 0.0103581 6.54535e-05 0.248786 0.0518596 0.0458229 0.00102617 0.00838158 3.82278e-06 0.000187697 1.83508e-08 0.00621232 
0.000232016 0.0014156 2.6869e-05 4.27627e-05 0.000529124 6.5163e-07 0.00590992 0.000328288 0.000887709 0.470915 0.000632686 0.000756356 0.000293706 0.0436353 8.57135e-07 2.2299e-05 0.0846183 0.000226825 0.000783161 1.53385e-08 0.388743 
0.00114916 0.00600374 4.57515e-06 0.000802636 0.000577574 0.00498211 0.00918469 8.79302e-05 0.0363207 0.00765669 0.0013166 0.00235067 0.00321684 0.881672 1.86407e-08 0.00547593 0.0352654 0.000160395 0.0018993 1.18664e-08 0.00187285 
0.0274837 0.143663 0.000860206 0.00246698 0.00607712 0.0835883 0.00474256 0.00422013 0.0952369 0.034785 0.000620986 7.69203e-05 0.372898 0.0136779 8.37243e-07 0.0203082 0.181698 3.30851e-05 4.47774e-05 1.10942e-07 0.00751701 
5.15066e-05 6.57126e-05 3.609e-05 3.40929e-05 0.00470713 0.0824985 0.606226 7.16614e-06 0.0561389 0.00103752 0.00170687 0.000185632 1.92152e-05 0.10151 4.79105e-11 2.60386e-05 0.145381 0.000195924 0.000173212 3.0499e-11 1.62579e-08 
7.35211e-07 2.32759e-05 1.05952e-06 3.31686e-06 3.55168e-06 1.15735e-05 0.000972015 1.85611e-05 1.62306e-05 0.000179003 3.94866e-06 0.998192 2.14969e-05 0.000358014 1.09719e-05 1.28064e-06 1.16295e-05 0.000170166 2.06799e-07 1.06342e-10 9.91501e-07 
0.0130748 0.0777782 1.14156e-06 0.00627099 0.00166766 0.104125 0.00123473 0.346718 0.0215176 0.000157252 5.56022e-05 1.03497e-06 0.00832708 0.0105061 2.39061e-10 0.000152897 0.407756 2.62149e-05 1.62531e-05 1.52182e-10 0.00061372 
0.00396087 0.102655 4.50404e-07 6.153e-07 1.58305e-06 3.89622e-06 0.00174258 0.0106011 0.289141 0.00745752 0.0102699 0.000656687 0.00439089 0.434932 8.42496e-05 0.00152251 0.132239 7.14805e-05 4.81619e-07 5.00165e-10 0.000267297 
0.00241704 0.0125354 1.54895e-06 4.87252e-05 0.00592922 0.190929 0.00265577 0.00489047 0.0152332 0.0112817 0.0231908 2.98713e-05 0.13432 0.0129305 0.001731 0.00163166 0.577611 0.000213617 4.26571e-05 1.3368e-10 0.00237642 
4.25727e-08 1.11129e-06 7.33881e-07 2.42622e-06 4.1971e-06 7.67331e-06 0.00114874 1.0767e-06 8.49772e-06 0.000135302 3.77936e-06 0.998306 1.85315e-05 0.000176194 1.29574e-05 1.17159e-06 4.56269e-06 0.000165889 4.11426e-08 1.06128e-10 1.17163e-06 
0.0153603 0.010371 7.16426e-06 7.78393e-05 0.00244442 0.105651 0.448113 0.00420487 0.0123371 0.056841 3.97839e-05 2.91326e-06 0.0584833 0.0162615 0.00033984 0.153879 0.101408 0.000110044 0.000142856 2.37695e-10 0.013926 
4.48405e-06 0.00032896 0.000224181 1.0218e-07 0.00876007 0.0823084 0.427818 1.52743e-08 0.00478846 0.0635798 0.000830237 0.00279668 0.0118908 1.21633e-05 7.27334e-10 0.391877 0.00478054 3.76414e-08 3.15091e-07 4.63008e-10 1.61555e-08 
0.0172751 0.0448927 0.00116961 0.00410742 0.0031707 0.0353409 0.00724896 0.0137718 0.0273442 0.0942858 1.62043e-05 0.0903755 0.432943 0.00575446 6.89572e-11 0.0268649 0.176257 0.000387347 0.000177798 4.3897e-11 0.018616 
7.35211e-07 2.32759e-05 1.05952e-06 3.31686e-06 3.55168e-06 1.15735e-05 0.000972015 1.85611e-05 1.62306e-05 0.000179003 3.94866e-06 0.998192 2.14969e-05 0.000358014 1.09719e-05 1.28064e-06 1.16295e-05 0.000170166 2.06799e-07 1.06342e-10 9.91501e-07 
0.00119389 0.0335669 1.7477e-06 0.00295372 0.000207622 0.836792 0.00047499 0.0369754 0.0270316 0.000248102 0.000410536 1.53951e-06 0.00912777 0.000116338 1.83772e-12 0.00176402 0.049039 2.33004e-05 6.03459e-05 1.16986e-12 1.14364e-05 
0.000699257 0.00273584 1.0803e-05 0.00194028 2.18036e-05 0.0076443 0.000239542 0.000213575 0.00770182 0.0686042 3.53138e-05 0.85696 0.0014972 0.0446944 0.00101524 0.00527058 0.000435546 0.000161556 0.000109401 2.22318e-06 7.45789e-06 
0.0232382 0.00134142 8.42321e-06 4.45006e-08 0.0612903 0.00792382 0.0283344 5.93496e-05 0.00792609 0.0146736 0.000145037 2.48877e-08 0.550994 0.00537621 5.19873e-09 0.0226147 0.076605 2.93549e-05 6.10757e-06 3.30943e-09 0.199434 
0.00771057 0.00167037 0.000403417 0.0231704 0.00174287 0.22597 0.104227 0.0107618 0.175919 0.283413 0.0574285 6.2288e-05 0.0187438 0.00508857 4.54902e-08 0.0439518 0.0380172 0.00111801 2.32487e-07 7.60053e-11 0.000600909 
0.04936 0.156858 4.33036e-05 0.00215661 0.00427946 0.0445804 0.126591 0.00188898 0.249953 0.0338774 0.0043606 0.000195606 0.0519523 0.126834 1.1167e-10 0.00309102 0.143671 0.000298272 7.44212e-06 7.10872e-11 1.94989e-06 
0.000265126 0.0246487 2.96244e-09 0.00244539 1.32211e-05 0.771848 0.00511429 0.00214179 0.0281558 0.000616832 0.000327328 3.50468e-07 0.0502069 0.000116361 5.87776e-12 0.00135689 0.112731 2.84172e-06 8.15284e-06 3.74168e-12 6.19633e-07 
0.00403982 0.0128917 5.57067e-05 0.193505 8.959e-06 0.00137555 0.000421055 0.780227 0.00249703 0.000327679 1.53113e-10 7.07909e-10 0.00168109 0.000518782 2.26174e-12 2.82121e-06 0.00227936 1.60728e-08 3.69156e-05 1.43978e-12 0.000131119 
0.0349337 0.158223 0.00257738 0.00391459 0.0112781 0.133505 0.0288119 0.0271041 0.430921 0.0427415 0.0188462 3.10503e-07 0.0438899 0.00752138 0.000403617 0.0156015 0.0321743 0.000652964 3.10574e-07 3.10474e-07 0.00689904 
7.35211e-07 2.32759e-05 1.05952e-06 3.31686e-06 3.55168e-06 1.15735e-05 0.000972015 1.85611e-05 1.62306e-05 0.000179003 3.94866e-06 0.998192 2.14969e-05 0.000358014 1.09719e-05 1.28064e-06 1.16295e-05 0.000170166 2.06799e-07 1.06342e-10 9.91501e-07 
4.25727e-08 1.11129e-06 7.33881e-07 2.42622e-06 4.1971e-06 7.67331e-06 0.00114874 1.0767e-06 8.49772e-06 0.000135302 3.77936e-06 0.998306 1.85315e-05 0.000176194 1.29574e-05 1.17159e-06 4.56269e-06 0.000165889 4.11426e-08 1.06128e-10 1.17163e-06 
0.00343159 0.0973797 2.6122e-05 0.000907295 0.000741499 0.0405924 0.134699 0.00841221 0.0761846 0.0710922 0.000284705 1.37525e-05 0.0201931 0.207249 5.96777e-07 0.0614247 0.208335 0.000247946 0.0178928 7.9501e-08 0.0508924 
0.00197816 0.028555 0.0221401 0.0250685 0.00957932 0.211387 0.121319 0.0155785 0.0447226 0.0956174 0.00113552 0.00116115 0.125463 0.002689 0.000607654 0.189944 0.095254 0.00448182 0.000963555 0.000164005 0.00219012 
0.000511777 0.00151621 0.000153445 0.00083654 0.00337661 0.00542685 0.141304 0.00134289 0.0106188 0.0318869 0.000206873 0.00683369 0.00499568 0.027902 8.75891e-05 0.00153671 0.0509477 0.691968 0.000176516 7.99257e-05 0.0182915 
0.0127816 0.0393564 0.000100951 0.00443196 0.00370534 0.0452117 0.0929922 0.00231559 0.250838 0.0821284 0.259248 0.00254041 0.046662 0.0840472 3.15983e-07 0.00941786 0.0517614 0.00458883 0.000180612 7.46236e-09 0.00769067 
0.00283949 0.0333076 7.12116e-06 0.0471132 0.00602106 0.493635 0.0462239 0.0324825 0.108243 0.000240731 0.0263113 4.25234e-05 0.00957897 0.00508 2.47964e-12 0.00228438 0.18637 0.000164489 1.14397e-05 1.5785e-12 4.28553e-05 
0.00894731 0.0310365 0.00369097 0.00145995 0.00261246 0.030606 0.0496062 0.024629 0.157143 0.159227 0.00282251 0.000615174 0.200337 0.0251019 0.000150963 0.0219425 0.196448 0.00114192 0.00674617 6.94889e-05 0.0756669 
4.30109e-05 3.89958e-05 0.000120864 1.44401e-06 0.00259566 0.000942703 0.00861479 5.17322e-05 0.00220602 0.642307 2.02047e-05 9.38086e-08 0.066867 0.00164899 6.09677e-09 0.0111919 0.181682 0.00101274 0.00021638 5.01331e-09 0.0804384 
4.25727e-08 1.11129e-06 7.33881e-07 2.42622e-06 4.1971e-06 7.67331e-06 0.00114874 1.0767e-06 8.49772e-06 0.000135302 3.77936e-06 0.998306 1.85315e-05 0.000176194 1.29574e-05 1.17159e-06 4.56269e-06 0.000165889 4.11426e-08 1.06128e-10 1.17163e-06 
0.235826 0.148711 0.000244343 2.71535e-05 0.287693 0.0244724 0.0170813 0.00100607 0.201147 0.00600053 0.000325693 2.5391e-09 0.0618122 8.37751e-05 2.63574e-07 0.013021 0.00193884 5.91786e-06 2.17236e-08 5.442e-11 0.000603931 
0.0516087 0.128641 3.77737e-05 0.00969033 0.00215923 0.00321752 0.00118831 0.037935 0.12475 0.0877762 0.149296 0.0638227 0.00162478 0.275402 1.76384e-05 2.95404e-05 0.0272533 0.0168822 0.0186022 5.13268e-10 6.63241e-05 
7.35211e-07 2.32759e-05 1.05952e-06 3.31686e-06 3.55168e-06 1.15735e-05 0.000972015 1.85611e-05 1.62306e-05 0.000179003 3.94866e-06 0.998192 2.14969e-05 0.000358014 1.09719e-05 1.28064e-06 1.16295e-05 0.000170166 2.06799e-07 1.06342e-10 9.91501e-07 
0.0180135 0.127049 3.83071e-05 0.000251528 0.00846923 0.0987188 0.0128931 0.00943681 0.0365214 0.0358536 2.70655e-08 3.30257e-09 0.114946 0.112139 4.02197e-12 0.00917218 0.397915 1.41121e-08 0.00361979 2.56032e-12 0.0149629 
0.0400012 0.140829 0.000132959 0.0390844 0.125256 0.237246 0.0165498 0.0613971 0.0540094 0.0152455 0.00120257 5.55599e-05 0.0936409 0.0122374 1.22764e-07 0.00861696 0.094304 0.000168334 0.000261959 7.81493e-08 0.0597609 
0.0489618 0.0908493 0.00073747 0.014808 0.000948372 0.0841607 0.00489874 0.0574416 0.0464598 0.41296 0.000247758 1.27439e-05 0.150454 0.00742588 0.00251465 0.00391003 0.064161 0.000610067 0.00282334 1.22428e-05 0.00560275 
0.0138521 0.05209 3.85188e-06 0.00520796 0.00219377 0.24621 0.0306216 0.00637274 0.213086 0.00435133 0.000310037 3.0557e-06 0.0169992 0.0820569 1.51207e-11 0.000378565 0.323884 8.0666e-05 7.27425e-07 9.62559e-12 0.00229707 
0.0184351 0.117823 2.26897e-06 0.00369978 0.00170035 0.111464 0.000645906 0.217591 0.0260706 1.9685e-09 5.13904e-09 2.67203e-07 0.00994071 0.00156274 1.33043e-13 0.000217117 0.490691 4.22016e-06 7.85993e-10 8.46929e-14 0.000150527 
0.0198448 0.927416 9.19341e-08 0.000193972 0.0068595 0.0130181 0.000626544 0.00108071 0.00475187 0.00456105 4.43363e-06 9.5569e-07 0.005133 0.00276102 1.6559e-09 0.000195862 0.0130535 4.81608e-05 0.000181491 1.847e-12 0.00026919 
0.00119389 0.0335669 1.7477e-06 0.00295372 0.000207622 0.836792 0.00047499 0.0369754 0.0270316 0.000248102 0.000410536 1.53951e-06 0.00912777 0.000116338 1.83772e-12 0.00176402 0.049039 2.33004e-05 6.03459e-05 1.16986e-12 1.14364e-05 
0.0103562 0.00137518 3.76173e-08 0.000112284 0.00981302 0.0114969 0.00779645 0.000526263 0.00626926 0.118266 5.58292e-05 3.19021e-07 0.753979 0.00243442 0.0077964 0.00380574 0.0232064 1.4902e-08 2.66655e-05 8.55641e-11 0.0426842 
7.35211e-07 2.32759e-05 1.05952e-06 3.31686e-06 3.55168e-06 1.15735e-05 0.000972015 1.85611e-05 1.62306e-05 0.000179003 3.94866e-06 0.998192 2.14969e-05 0.000358014 1.09719e-05 1.28064e-06 1.16295e-05 0.000170166 2.06799e-07 1.06342e-10 9.91501e-07 
0.0164109 0.0427804 0.000304365 0.0172576 0.00415574 0.0790447 0.00905399 0.0490861 0.0498211 0.00946635 0.00496356 0.000220405 0.118138 0.035033 7.84886e-08 0.00495098 0.551788 0.000139555 0.000130336 7.40324e-08 0.00725493 
0.000716432 0.00259127 4.99078e-06 8.31177e-06 0.000677868 0.00135386 0.0353089 0.00622281 0.0152494 0.135465 5.12095e-06 3.82644e-08 0.136514 6.337e-05 1.89121e-08 0.00483466 0.652221 2.17496e-06 7.69192e-09 4.82219e-12 0.00876048 
0.0047005 0.0176325 1.26986e-06 2.32812e-05 9.35213e-06 0.000991514 0.075431 0.0310041 0.0512246 0.0467301 0.000175564 2.03226e-05 0.0108337 0.637719 1.30713e-09 0.00697188 0.0771809 0.000752515 0.000105366 8.32094e-10 0.0384921 
0.00265329 0.0094852 0.0015039 0.109582 0.000512544 0.017733 0.0804798 0.00947899 0.0290892 0.409815 0.000319368 0.00188161 0.0806044 0.00759869 0.00387356 0.00804524 0.100933 0.10504 0.00415559 0.00017021 0.0170471 
7.35211e-07 2.32759e-05 1.05952e-06 3.31686e-06 3.55168e-06 1.15735e-05 0.000972015 1.85611e-05 1.62306e-05 0.000179003 3.94866e-06 0.998192 2.14969e-05 0.000358014 1.09719e-05 1.28064e-06 1.16295e-05 0.000170166 2.06799e-07 1.06342e-10 9.91501e-07 
0.006572 0.0122837 1.74271e-06 0.000375444 0.000115201 0.000584752 0.00085122 4.82015e-05 0.0181946 0.00840539 2.43829e-05 4.06336e-08 0.887303 0.0539789 4.30426e-06 0.00091568 0.00314814 0.00435595 0.00248033 1.15028e-10 0.000357251 
0.00464176 0.0276809 0.00104121 0.0246981 0.00682343 0.514141 0.0475256 0.00916916 0.133965 0.0518748 0.000405998 1.29775e-05 0.0572736 0.00345464 1.73477e-05 0.00728089 0.0664751 0.0399576 0.000575138 7.15922e-06 0.00297904 
0.0527405 0.0204184 1.22172e-06 0.00098572 0.000499714 0.553718 0.000136357 7.38002e-06 0.042315 0.0107026 1.13952e-05 9.26785e-06 0.035989 0.002198 6.31753e-06 0.000261167 0.278281 2.91637e-05 0.00101971 7.01417e-08 0.000670141 
0.000265791 0.037402 2.07948e-08 0.00296339 0.000443291 0.756391 0.000915167 0.00255984 0.0281105 0.00113038 0.000145302 9.01021e-08 0.0355647 0.00507876 1.23463e-10 0.00692902 0.122008 1.50537e-06 1.84898e-05 7.85944e-11 7.3139e-05 
7.35211e-07 2.32759e-05 1.05952e-06 3.31686e-06 3.55168e-06 1.15735e-05 0.000972015 1.85611e-05 1.62306e-05 0.000179003 3.94866e-06 0.998192 2.14969e-05 0.000358014 1.09719e-05 1.28064e-06 1.16295e-05 0.000170166 2.06799e-07 1.06342e-10 9.91501e-07 
0.0140464 0.0283165 7.57191e-05 7.30726e-05 0.0565961 0.426017 0.000101214 0.0171814 0.0168864 0.00686436 0.00573384 6.49433e-06 0.159832 0.00190137 3.44777e-10 0.00153612 0.26069 9.62079e-05 0.00226081 2.19479e-10 0.00178482 
8.88486e-05 0.0121905 1.15888e-05 0.000100598 0.000817002 0.0062953 0.176155 0.000201219 0.0153493 0.533848 0.00718893 1.14551e-06 0.0214196 0.00440515 6.43182e-07 0.108117 0.111993 1.90538e-05 0.000151247 4.09439e-07 0.00164622 
7.35211e-07 2.32759e-05 1.05952e-06 3.31686e-06 3.55168e-06 1.15735e-05 0.000972015 1.85611e-05 1.62306e-05 0.000179003 3.94866e-06 0.998192 2.14969e-05 0.000358014 1.09719e-05 1.28064e-06 1.16295e-05 0.000170166 2.06799e-07 1.06342e-10 9.91501e-07 
0.0100908 0.0272338 0.000155822 0.000135981 0.548313 0.249633 0.00219783 0.0016867 0.0414278 0.00549867 5.57061e-07 5.16581e-07 0.0304861 0.00473653 3.4612e-07 0.00560615 0.0695794 0.00223004 0.000230208 1.70666e-07 0.000757082 
0.000277125 0.00362234 9.97403e-06 9.55689e-05 0.000620908 0.897513 0.00400159 0.00335465 0.0161458 0.00331859 7.14075e-08 3.05462e-08 0.00871328 0.000443445 1.32228e-11 0.00255059 0.0588561 5.98298e-05 0.000333025 8.41742e-12 8.43107e-05 
0.00357239 0.0385722 0.000171108 0.000542221 0.0280099 0.118263 0.236035 0.00130669 0.0148442 0.226696 0.000298295 2.21279e-06 0.0355569 0.0131209 2.7052e-06 0.126512 0.113142 0.0219783 0.000376675 1.14292e-12 0.0209975 
0.368586 0.46727 0.00603473 7.54654e-07 0.0233969 7.55092e-07 0.0440935 7.55056e-07 0.0419059 0.0194826 7.5421e-07 7.54278e-07 0.0133657 7.54971e-07 7.61166e-05 7.54954e-07 0.0080053 7.54966e-07 7.5445e-07 7.54208e-07 0.00777609 
0.0145837 0.00790337 0.000113627 0.000271343 0.506616 0.0338449 0.0352731 0.00918453 0.00731997 0.0520955 0.000918111 3.81016e-05 0.0182512 0.0111344 0.000144204 0.278963 0.019058 7.35805e-05 0.00219466 1.00087e-06 0.00201755 
9.11566e-05 9.50939e-05 1.64102e-05 1.11199e-06 0.0138995 0.00209783 0.0130096 0.000453066 0.000530377 0.624284 0.000361434 1.27746e-07 0.0314956 0.000248275 2.09463e-07 0.0299053 0.233612 2.71218e-07 0.000235005 1.25238e-10 0.0496635 
4.25727e-08 1.11129e-06 7.33881e-07 2.42622e-06 4.1971e-06 7.67331e-06 0.00114874 1.0767e-06 8.49772e-06 0.000135302 3.77936e-06 0.998306 1.85315e-05 0.000176194 1.29574e-05 1.17159e-06 4.56269e-06 0.000165889 4.11426e-08 1.06128e-10 1.17163e-06 
6.15288e-05 0.00343802 1.78803e-05 2.52312e-05 0.00273159 0.000841224 0.00223 0.000429308 0.0010003 0.239386 0.670118 0.00150975 0.00230841 0.0110501 1.71342e-06 0.00119806 0.0038147 0.00429722 0.000655729 6.9167e-10 0.0548859 
7.84757e-08 8.95336e-07 1.09228e-06 2.3943e-06 3.46854e-06 5.23834e-06 0.000982392 1.1039e-06 4.20335e-06 7.49551e-05 9.98428e-07 0.998717 1.72702e-05 7.41139e-05 2.47975e-07 6.36999e-06 7.32154e-06 9.85838e-05 6.89244e-10 5.20492e-10 2.15036e-06 
0.000959482 0.00816733 8.23382e-07 0.00219641 0.00416851 0.588655 0.125849 0.00846452 0.0133967 0.0173392 1.40753e-07 5.33965e-09 0.00492384 0.000620381 1.01278e-10 6.06599e-07 0.221122 2.8273e-06 0.00113461 6.44718e-11 0.00299841 
7.35211e-07 2.32759e-05 1.05952e-06 3.31686e-06 3.55168e-06 1.15735e-05 0.000972015 1.85611e-05 1.62306e-05 0.000179003 3.94866e-06 0.998192 2.14969e-05 0.000358014 1.09719e-05 1.28064e-06 1.16295e-05 0.000170166 2.06799e-07 1.06342e-10 9.91501e-07 
0.0210145 0.0493987 6.98998e-07 0.00368052 0.0062036 0.0105729 0.00850212 0.00223685 0.0275974 0.149207 2.13885e-06 2.30483e-06 0.17358 0.0220838 1.94939e-05 0.0123972 0.428205 2.89795e-05 0.000956763 5.49065e-07 0.0843085 
0.00119389 0.0335669 1.7477e-06 0.00295372 0.000207622 0.836792 0.00047499 0.0369754 0.0270316 0.000248102 0.000410536 1.53951e-06 0.00912777 0.000116338 1.83772e-12 0.00176402 0.049039 2.33004e-05 6.03459e-05 1.16986e-12 1.14364e-05 
0.000211862 0.00815444 9.95414e-06 0.0019599 3.12273e-05 0.00464054 0.150965 0.000153873 0.108225 0.0405082 0.000181028 0.135035 0.00169603 0.488643 0.00598657 0.00595806 0.0215771 0.00140878 0.0245639 4.09967e-06 8.60057e-05 
0.000563748 0.00475095 4.09213e-05 4.30321e-05 0.00429353 0.500469 0.0421891 0.000328785 0.00227378 0.114526 7.57636e-05 5.49771e-07 0.032354 0.000367149 1.43677e-07 0.00848635 0.226492 0.0611658 0.000651934 9.21976e-08 0.000928327 
0.0143513 0.012421 0.000125923 0.000216332 0.0033832 0.0809399 0.282335 0.00382639 0.016051 0.129865 0.000482419 1.53552e-06 0.0461012 0.0162603 0.000178202 0.0958501 0.225663 0.000169047 0.000383364 1.23246e-06 0.0713949 
0.00342404 0.00463638 6.51734e-06 0.000136159 0.00172956 0.231348 0.0876085 0.0176813 0.00897523 0.09649 0.000150743 5.53055e-06 0.0411748 0.000337338 3.33167e-07 0.0942768 0.401837 9.93098e-06 0.000353347 2.99737e-12 0.00981815 
0.749363 0.0408375 9.09687e-09 0.00529464 0.00173223 0.0701311 0.000202252 0.00562053 0.00358988 0.010286 0.0093731 3.70226e-07 0.0131963 0.00260099 5.98046e-05 0.000694703 0.0828553 8.90855e-06 0.00226941 4.60868e-10 0.001884 
0.00268128 0.00936155 0.000220653 0.000150048 0.0210592 0.820832 0.00744352 0.00374897 0.0295912 0.00196641 2.5296e-08 4.32304e-07 0.0185863 0.000282876 2.34118e-12 0.00254634 0.0718691 0.00895773 0.000408074 1.49036e-12 0.000294331 
0.0627403 0.0544133 0.00105908 0.000331323 0.0610649 0.217028 0.0329554 0.00935353 0.164242 0.0481275 0.00167703 2.31648e-05 0.0903458 0.00710908 0.000221781 0.014343 0.214084 0.000163407 0.000284299 1.19387e-05 0.0204213 
0.000332507 0.00127926 0.193313 0.000126976 0.000989801 0.0040343 0.000395792 0.000527979 0.596729 1.61523e-06 1.71438e-06 1.73591e-06 0.00368857 0.0237558 3.6514e-09 0.0014625 0.172156 3.70729e-05 0.00116377 2.32442e-09 2.63917e-06 
0.00262978 0.00603252 1.89648e-06 3.9561e-05 0.00179706 0.355167 0.00401107 0.000379819 0.0686861 0.00484922 6.34059e-06 4.4769e-07 0.156866 3.96671e-05 2.10989e-11 0.00078297 0.397922 1.08735e-06 0.000486797 1.34312e-11 0.000300297 
0.000353465 0.000907106 9.09149e-07 0.00127126 0.000194615 0.0128438 0.0227396 4.91801e-05 0.0278837 0.000290778 8.07842e-08 3.06236e-08 0.00116489 0.0178722 3.50466e-08 2.1371e-06 0.910434 1.42983e-05 0.000857105 4.71035e-11 0.00312126 
7.35211e-07 2.32759e-05 1.05952e-06 3.31686e-06 3.55168e-06 1.15735e-05 0.000972015 1.85611e-05 1.62306e-05 0.000179003 3.94866e-06 0.998192 2.14969e-05 0.000358014 1.09719e-05 1.28064e-06 1.16295e-05 0.000170166 2.06799e-07 1.06342e-10 9.91501e-07 
0.0138798 0.868027 1.11686e-05 0.00603793 0.00320373 0.00607689 0.000292936 0.000505009 0.00776257 0.00601302 2.68222e-05 4.90105e-07 0.00312879 0.0545561 2.50864e-08 0.000199715 0.0264327 2.81367e-05 8.51921e-05 3.2414e-10 0.00373236 
0.0198448 0.927416 9.19341e-08 0.000193972 0.0068595 0.0130181 0.000626544 0.00108071 0.00475187 0.00456105 4.43363e-06 9.5569e-07 0.005133 0.00276102 1.6559e-09 0.000195862 0.0130535 4.81608e-05 0.000181491 1.847e-12 0.00026919 
0.00539845 0.0289411 0.000148338 0.000121417 0.00339706 0.00194486 0.0253744 2.6193e-06 0.0138654 0.0122231 2.02394e-06 4.63896e-06 0.00876682 0.833104 2.05008e-07 0.0404889 0.0240206 3.11193e-05 3.90499e-05 1.30504e-07 0.00212614 
0.0140114 0.0094487 0.00273569 7.55111e-06 0.0199893 0.0677523 9.42835e-07 0.000392602 0.0312178 0.0325296 3.28251e-07 6.60411e-08 0.094148 0.0541493 1.78494e-10 0.009824 0.303238 0.0417073 0.00693398 1.13626e-10 0.311913 
0.000277125 0.00362234 9.97403e-06 9.55689e-05 0.000620908 0.897513 0.00400159 0.00335465 0.0161458 0.00331859 7.14075e-08 3.05462e-08 0.00871328 0.000443445 1.32228e-11 0.00255059 0.0588561 5.98298e-05 0.000333025 8.41742e-12 8.43107e-05 
0.00119389 0.0335669 1.7477e-06 0.00295372 0.000207622 0.836792 0.00047499 0.0369754 0.0270316 0.000248102 0.000410536 1.53951e-06 0.00912777 0.000116338 1.83772e-12 0.00176402 0.049039 2.33004e-05 6.03459e-05 1.16986e-12 1.14364e-05 
0.00960344 0.0318841 0.0318674 0.0103379 0.00626982 0.181811 0.000194176 0.0215174 0.0173428 0.0874385 2.7356e-07 3.3156e-05 0.00440614 0.398028 1.89567e-05 0.013315 0.0102872 1.26129e-05 0.161826 1.67144e-07 0.0138059 
0.0105243 0.00311219 4.57084e-05 0.00040356 0.00608126 0.0424847 0.453334 0.00125608 0.0814868 0.0164338 0.00021501 0.00585256 0.0282837 0.125132 1.43579e-06 0.139022 0.0776264 0.00261314 9.86545e-05 1.51686e-07 0.00599161 
4.25727e-08 1.11129e-06 7.33881e-07 2.42622e-06 4.1971e-06 7.67331e-06 0.00114874 1.0767e-06 8.49772e-06 0.000135302 3.77936e-06 0.998306 1.85315e-05 0.000176194 1.29574e-05 1.17159e-06 4.56269e-06 0.000165889 4.11426e-08 1.06128e-10 1.17163e-06 
5.50387e-05 0.00066386 0.00012616 7.38165e-05 0.000349641 0.266484 0.683407 0.000328567 0.0058745 0.0126993 9.13043e-06 2.29231e-05 0.0027552 2.99467e-05 1.61523e-08 0.0110995 0.0138453 6.31696e-06 0.00215627 4.62788e-11 1.39298e-05 
0.0198448 0.927416 9.19341e-08 0.000193972 0.0068595 0.0130181 0.000626544 0.00108071 0.00475187 0.00456105 4.43363e-06 9.5569e-07 0.005133 0.00276102 1.6559e-09 0.000195862 0.0130535 4.81608e-05 0.000181491 1.847e-12 0.00026919 
0.00664449 0.0395107 0.000263795 0.346841 0.000477043 0.0518714 0.0458038 0.00593117 0.153205 0.0170987 5.76137e-05 5.75433e-07 0.0948913 0.0116229 1.49225e-07 0.000643299 0.222213 6.9387e-05 5.77438e-05 9.49941e-08 0.00279564 
0.0013426 0.0829566 0.000707697 0.000247796 0.0121392 0.0260473 0.00108975 0.00237865 0.0226562 0.122788 0.00189969 5.10344e-05 0.0166822 0.651389 6.12584e-07 0.00950685 0.0334228 8.85713e-06 0.00032593 3.89961e-07 0.0143583 
0.00215456 0.0273456 2.99047e-05 0.00128972 0.00279748 0.326714 0.0112473 0.0110013 0.0368088 0.0944354 0.177512 0.000130862 0.0379047 0.011743 4.18568e-06 0.0210185 0.220652 0.0164408 0.000142012 3.24805e-10 0.000628432 
0.00410805 0.0689498 2.41036e-06 0.00294219 0.000211718 0.0178185 0.00234706 0.855955 0.00585748 0.00288225 3.49246e-05 2.76382e-07 0.00149634 0.00149836 8.44577e-10 0.000914573 0.0302611 8.95616e-05 0.00340237 3.77977e-12 0.00122856 
0.000492766 0.00162627 3.12122e-07 1.50779e-07 0.0006554 3.08525e-07 0.00830651 0.000143404 0.00457812 0.745665 1.67459e-06 0.000165068 0.000507407 0.0893045 3.49133e-09 3.74042e-05 0.0765778 8.53085e-05 5.76363e-05 2.22252e-09 0.0717951 
0.000917732 0.0328696 7.24899e-06 0.00571277 1.32169e-05 0.572213 0.000639153 0.00507081 0.153917 0.00173445 9.63905e-05 3.50131e-07 0.0561861 0.00011635 5.05141e-12 0.00146005 0.169002 5.06917e-06 8.15162e-06 3.21564e-12 3.01535e-05 
0.0261194 0.640721 3.59058e-08 0.00325572 2.19372e-07 0.0467513 0.0243533 0.104756 0.0230275 0.000473219 1.61587e-05 1.21169e-08 0.018181 0.0286491 1.20076e-06 0.00285993 0.0806253 0.000207949 1.74523e-06 1.14303e-09 4.64338e-08 
0.00779092 0.0280776 0.000517433 0.00260703 0.0230809 0.365435 0.051408 0.00907758 0.141229 0.00765542 0.000267102 5.27163e-06 0.0838277 0.00706484 3.62721e-06 0.00631649 0.256188 0.00544414 9.82642e-05 1.54203e-06 0.00390371 
0.00401565 0.00800412 0.00125568 0.0158698 0.000695782 0.0522287 0.0661369 0.0113056 0.0388153 0.282942 0.0583136 0.0390813 0.0250371 0.0796989 0.000781756 0.00344782 0.0279769 0.122855 0.160749 0.000223797 0.000565115 
0.749363 0.0408375 9.09687e-09 0.00529464 0.00173223 0.0701311 0.000202252 0.00562053 0.00358988 0.010286 0.0093731 3.70226e-07 0.0131963 0.00260099 5.98046e-05 0.000694703 0.0828553 8.90855e-06 0.00226941 4.60868e-10 0.001884 
0.00139835 0.00773896 7.89712e-06 0.000619737 0.0015667 0.716938 0.0422896 0.00357787 0.0873935 0.00851771 0.000444395 2.07916e-06 0.0562158 3.20228e-07 1.05179e-11 0.0260866 0.0466261 6.90329e-05 0.000216695 6.6955e-12 0.000290357 
4.25727e-08 1.11129e-06 7.33881e-07 2.42622e-06 4.1971e-06 7.67331e-06 0.00114874 1.0767e-06 8.49772e-06 0.000135302 3.77936e-06 0.998306 1.85315e-05 0.000176194 1.29574e-05 1.17159e-06 4.56269e-06 0.000165889 4.11426e-08 1.06128e-10 1.17163e-06 
4.25727e-08 1.11129e-06 7.33881e-07 2.42622e-06 4.1971e-06 7.67331e-06 0.00114874 1.0767e-06 8.49772e-06 0.000135302 3.77936e-06 0.998306 1.85315e-05 0.000176194 1.29574e-05 1.17159e-06 4.56269e-06 0.000165889 4.11426e-08 1.06128e-10 1.17163e-06 
7.35211e-07 2.32759e-05 1.05952e-06 3.31686e-06 3.55168e-06 1.15735e-05 0.000972015 1.85611e-05 1.62306e-05 0.000179003 3.94866e-06 0.998192 2.14969e-05 0.000358014 1.09719e-05 1.28064e-06 1.16295e-05 0.000170166 2.06799e-07 1.06342e-10 9.91501e-07 
0.00373958 0.00441278 3.16178e-05 0.000151516 0.00711617 0.0611194 0.000650674 0.687336 0.0130812 2.77918e-08 8.1012e-09 9.31181e-07 0.0402086 3.41204e-05 9.27015e-13 0.00256338 0.175472 5.37997e-06 1.29563e-08 5.90122e-13 0.00407644 
0.749363 0.0408375 9.09687e-09 0.00529464 0.00173223 0.0701311 0.000202252 0.00562053 0.00358988 0.010286 0.0093731 3.70226e-07 0.0131963 0.00260099 5.98046e-05 0.000694703 0.0828553 8.90855e-06 0.00226941 4.60868e-10 0.001884 
0.00256948 0.0133637 1.92697e-05 0.00059035 0.00636921 0.0897804 0.176996 0.009281 0.0396968 0.0358862 2.54143e-05 2.88915e-06 0.0406099 0.0049003 4.8921e-12 0.116359 0.45911 0.000285166 0.00181464 3.11423e-12 0.00234007 
0.0148957 0.0707755 8.54758e-07 0.00521894 0.00239165 0.104581 0.00188094 0.0158437 0.275517 0.0913368 1.69157e-07 1.64643e-07 0.0109163 0.337646 6.67051e-08 0.00578984 0.0582737 0.00242251 5.28611e-06 3.29088e-08 0.00250395 
0.00955784 0.0088156 1.83372e-05 0.00130295 0.0365845 0.00682692 0.00173277 5.27572e-05 0.0393671 0.0558647 1.17437e-05 5.07798e-06 0.679465 0.0412462 9.37941e-05 0.00139598 0.0402989 7.50473e-05 0.000595381 1.82009e-07 0.0766896 
0.0160854 0.0166244 1.67877e-05 4.49702e-05 0.0209866 0.0134594 0.00260348 0.00286669 0.0303542 0.030186 0.00672747 1.53237e-06 0.0515987 0.0310652 1.59683e-06 0.672011 0.0633445 9.69987e-06 0.000229264 1.63108e-07 0.0417831 
0.00232326 0.00373549 5.51994e-05 0.000246694 0.00359005 0.200961 0.00526126 0.0226873 0.0113867 0.0151403 0.646169 5.63134e-08 0.0129285 0.000156809 2.24382e-06 0.0496323 0.0251008 4.55726e-05 0.000434361 8.1501e-12 0.000142972 
0.0801825 0.093517 0.00019445 0.00292567 0.00865916 0.297116 0.0920549 0.048461 0.0352594 0.0324094 0.00020323 3.50632e-06 0.0692131 0.00223639 5.57384e-06 0.0305353 0.2048 1.87469e-05 7.51096e-05 7.07214e-09 0.0021295 
0.000350778 0.0218686 0.000117575 5.85394e-07 0.00502772 0.0225094 0.0418055 3.46685e-05 0.438962 0.0175799 7.56831e-05 1.69227e-05 0.0168205 0.0290722 6.43873e-09 0.00179862 0.40091 3.63575e-05 0.00170282 2.52865e-10 0.00131019 
0.00122189 0.0560386 1.76087e-06 0.00510124 0.00243057 0.656775 0.0392048 0.0376481 0.0370759 0.0123098 0.00461024 3.25598e-07 0.052091 0.000116412 1.27936e-11 0.0259968 0.0693359 7.84487e-06 2.40543e-05 8.14419e-12 9.29167e-06 
0.000265791 0.037402 2.07948e-08 0.00296339 0.000443291 0.756391 0.000915167 0.00255984 0.0281105 0.00113038 0.000145302 9.01021e-08 0.0355647 0.00507876 1.23463e-10 0.00692902 0.122008 1.50537e-06 1.84898e-05 7.85944e-11 7.3139e-05 
0.0153603 0.010371 7.16426e-06 7.78393e-05 0.00244442 0.105651 0.448113 0.00420487 0.0123371 0.056841 3.97839e-05 2.91326e-06 0.0584833 0.0162615 0.00033984 0.153879 0.101408 0.000110044 0.000142856 2.37695e-10 0.013926 
0.10566 0.363904 1.1659e-06 0.0104588 0.0310905 0.00389385 0.00285627 0.000448276 0.0507437 0.0911861 5.96238e-06 2.33925e-07 0.199468 0.0370336 0.000101049 0.0289806 0.0646655 0.000103777 0.00882058 1.04813e-07 0.000577099 
0.000962805 0.00236966 1.80469e-05 0.000270745 0.00480963 0.0428686 0.086809 7.46475e-06 0.518483 0.00202068 9.15609e-05 2.6065e-05 0.0135966 0.060372 2.10681e-08 0.10835 0.158662 7.31616e-05 8.32859e-06 1.34116e-08 0.000201661 
0.00573238 0.0076988 4.05977e-06 0.00187707 0.00409752 0.211335 0.033713 0.00403841 0.0412491 0.0214405 0.00196716 0.000276228 0.0566877 0.00157577 1.48629e-11 0.00330646 0.591954 3.30799e-05 0.00799997 9.46146e-12 0.00501342 
7.7102e-08 0.00272996 0.000939795 0.000770756 0.014991 0.0146592 0.0319444 0.0918984 0.025623 0.141983 0.000570043 4.62948e-05 0.221557 7.71001e-08 0.000692746 0.0174628 0.398669 7.70996e-08 7.70469e-08 7.70222e-08 0.0354622 
4.25727e-08 1.11129e-06 7.33881e-07 2.42622e-06 4.1971e-06 7.67331e-06 0.00114874 1.0767e-06 8.49772e-06 0.000135302 3.77936e-06 0.998306 1.85315e-05 0.000176194 1.29574e-05 1.17159e-06 4.56269e-06 0.000165889 4.11426e-08 1.06128e-10 1.17163e-06 
