0.0013561 0.0455566 4.72313e-11 0.00272038 7.49056e-05 0.000538207 0.00103749 0.0138477 0.00328399 0.00412252 0.00130014 0.00222669 6.07075e-05 0.129884 1.31131e-08 0.000373153 0.000724954 0.00402603 0.00387507 0.783845 0.00114614 
5.74228e-06 6.80558e-06 1.02551e-10 5.91299e-06 1.75224e-06 1.25515e-05 8.07031e-07 2.61814e-06 0.13829 0.057736 1.0594e-10 1.08668e-07 0.0820872 0.113909 1.67304e-10 1.36918e-06 0.457502 0.000509323 0.00533822 0.144587 2.72022e-06 
0.00742064 0.0228126 3.0972e-09 0.0247686 2.78301e-05 0.0150932 4.48493e-06 4.36967e-05 0.00695714 0.0201273 3.19955e-09 0.000171647 5.61905e-06 0.201035 1.68432e-07 0.000454616 0.0281119 0.00629865 0.619634 2.07449e-07 0.0470321 
0.00229577 0.0371631 1.4187e-11 0.000354743 0.000208328 0.00316463 1.78255e-08 0.00545771 0.0194372 5.69431e-05 0.0487522 1.38899e-07 0.000584749 0.864115 2.02167e-09 3.67945e-08 0.0180646 0.000344783 7.09176e-08 1.47338e-11 1.16071e-07 
0.0194955 0.0530168 2.1312e-07 0.0102391 0.00033389 0.000757905 0.0108002 0.000754397 0.00782109 0.0357482 0.00081725 0.000117068 4.75486e-05 0.841267 3.4769e-07 0.00818216 0.0083272 0.00211713 9.87265e-05 1.03461e-05 4.77396e-05 
0.000464363 0.0792872 9.0635e-09 0.000674578 0.00646892 0.634065 0.0193913 0.0350783 0.00544225 0.00131907 0.00124401 6.31056e-06 0.00368447 0.013607 2.86057e-08 0.00241722 0.189561 7.79844e-05 0.000167501 0.00144185 0.00560177 
0.017423 0.0329282 6.7614e-08 0.00195426 0.000693941 0.164584 0.0225349 0.0356657 0.0547893 0.00963156 6.80501e-06 1.39304e-06 0.161447 0.00155591 1.6317e-06 0.030298 0.463402 2.46451e-05 1.19722e-05 8.11457e-06 0.00303698 
0.00901353 0.0270721 1.96912e-10 0.000364789 0.00174238 0.000142007 0.0208583 0.0190695 0.040333 0.0136924 0.000997446 8.61295e-09 0.00481355 0.095753 3.21249e-10 0.00536174 0.0716887 1.02861e-05 0.000247908 1.2677e-07 0.688839 
0.0923705 0.117853 0.000132481 0.00177953 0.00407981 0.0559419 0.0185655 0.0476197 0.269915 0.0541443 0.00142232 0.000435787 0.101707 0.0139615 0.0015382 0.0300641 0.124486 0.011571 0.00036221 0.000385914 0.051664 
0.00942448 0.0116559 2.21094e-05 0.00293924 0.000345284 0.00450219 0.00177201 0.0128578 0.00489571 0.011181 0.000133878 0.000497403 0.00846015 0.0352605 0.000130685 0.00421948 0.019218 0.00251607 0.857677 7.39744e-05 0.0122173 
0.00701135 0.0210566 2.69765e-10 0.000283887 0.00135565 0.000110559 0.0162242 0.0148336 0.031371 0.0106502 0.000777073 8.86534e-09 0.00374452 0.087613 4.40102e-10 0.0041706 0.0557588 8.01607e-06 0.000193005 1.96345e-05 0.744818 
0.00280056 0.511875 1.9377e-07 0.00101285 0.0215738 0.11008 0.0117761 0.00119669 0.0191626 0.069152 0.00451258 3.55994e-05 0.0142106 0.0129596 1.65616e-06 0.0242497 0.163908 0.000471496 0.000322257 3.14848e-07 0.030698 
0.00565967 0.0525378 1.26906e-09 0.00660648 0.00963959 0.340041 0.017603 0.0017531 0.018386 0.00630121 3.14118e-05 1.79777e-05 0.0360181 0.0379599 5.68225e-08 0.0022269 0.461362 5.32939e-05 0.00118625 5.52374e-06 0.00261066 
0.00905601 0.031786 4.02986e-08 0.000678559 0.00112285 0.111534 0.0784024 0.00780475 0.0342953 0.0383645 4.97274e-07 2.7501e-06 0.0444981 0.0215991 2.23835e-06 0.00723174 0.604649 0.000411026 0.0060526 0.000184926 0.00232339 
0.00714768 0.0216443 5.69875e-07 0.0217573 0.00935681 0.0886417 0.0367578 0.000239196 0.0975916 0.280555 8.4984e-05 1.80529e-05 0.0732394 0.0669079 0.0677491 0.00115038 0.133342 0.0133924 0.0185798 6.76511e-05 0.061776 
0.00376985 0.0206915 8.87311e-06 0.000115238 0.00172168 0.0665353 0.0134565 0.00197071 0.0108912 0.156393 0.00120855 1.35759e-05 0.418079 0.00870828 0.000133842 0.0158611 0.0944725 0.0171506 0.00132242 5.50774e-05 0.167441 
0.00438136 0.0480881 2.47361e-06 7.31899e-05 0.00575881 0.00138114 0.0127662 0.0257801 0.0353548 0.0700769 0.00719799 0.0130876 0.037848 0.643763 0.000399828 0.0213445 0.0548559 0.000361884 0.00356903 0.00441435 0.00949506 
0.000858677 0.0309602 8.64721e-06 0.0310991 0.00160025 0.023737 0.0115418 9.86684e-05 0.0332184 0.0582619 1.78297e-05 1.09762e-05 0.573946 0.0188827 0.00150652 0.000243424 0.154331 0.00212288 0.0155521 0.0104145 0.0315872 
0.0775729 0.0726861 1.66149e-10 0.000199285 0.000131732 0.0149888 4.69026e-07 0.011253 0.0740632 0.00819523 1.75644e-05 2.91724e-07 0.00518733 0.587998 2.7106e-10 5.16919e-06 0.143186 0.000458874 0.000132654 1.72552e-10 0.00392327 
0.00287253 0.0244914 5.27019e-13 0.000992872 2.45805e-08 0.219683 0.00581873 0.0253706 0.0401727 4.80557e-06 5.44435e-13 2.03399e-10 0.0147621 0.0018558 8.59794e-13 6.58603e-09 0.663311 8.08463e-06 7.72229e-09 5.4733e-13 0.000655885 
0.0244225 0.00772589 2.38643e-07 6.87405e-05 0.00414173 0.0106818 0.00169242 5.76662e-05 0.036191 0.000921992 0.000322418 3.2278e-05 0.0214769 0.804284 3.8933e-07 0.021353 0.00162658 0.000808636 0.000235769 2.47841e-07 0.063956 
0.000239993 0.0354531 1.44029e-10 0.000127117 0.00755213 0.00137903 0.0963661 0.000147489 0.0114303 0.0414127 0.000354037 8.98968e-07 0.0753665 0.143325 2.34973e-10 0.052258 0.374394 2.84108e-06 2.27117e-07 0.15339 0.00680082 
0.00298983 0.000943249 1.1546e-09 2.33592e-07 0.0179334 0.0231028 0.0146799 1.76858e-05 0.00120732 0.00789381 2.33975e-06 4.47268e-07 0.86131 0.000208811 1.93466e-06 0.0146148 0.0036219 6.10898e-08 3.0996e-07 1.1991e-09 0.0514713 
0.00407319 0.0704596 8.67884e-08 5.34653e-06 8.93295e-05 0.00138262 0.00245119 0.00035155 0.0944216 0.0371701 2.31294e-05 0.000226733 0.0326966 0.720694 3.48383e-05 0.00618912 0.00392497 2.26558e-05 1.76391e-06 5.95561e-05 0.0257217 
0.0051178 0.050866 1.25365e-05 0.000745994 0.00105015 0.00720513 0.0157608 0.0104277 0.778781 0.0060754 0.00743301 2.89051e-05 0.00890819 0.0624714 5.9894e-05 0.00140987 0.039047 0.000124422 0.000311171 0.000270403 0.00389307 
0.342193 0.0486917 3.15987e-07 0.00118167 0.00414966 0.0860489 0.0285233 0.000214583 0.11736 0.0338886 3.14251e-06 7.95581e-05 0.151868 0.0545069 7.37185e-07 0.00298337 0.115484 3.39502e-06 2.05711e-05 5.40889e-07 0.012797 
0.000179453 0.0102111 1.2552e-10 5.446e-07 1.61425e-07 0.106679 7.43441e-08 2.41126e-07 0.0808567 0.0174934 1.29668e-10 1.01191e-08 8.68823e-07 0.00746238 2.04778e-10 2.14648e-05 0.0493596 4.26307e-08 0.000105378 0.727629 2.50546e-07 
0.0243348 0.0336123 9.03033e-10 1.28017e-06 9.28074e-06 0.133323 0.00572104 0.000409218 0.0417943 0.000693074 6.94822e-07 9.51984e-06 0.194742 0.0629618 1.48691e-07 0.0010788 0.496177 9.98646e-06 0.00476432 9.37836e-10 0.000357295 
0.0427355 0.0502421 3.40692e-06 3.3892e-05 0.0149457 0.0832013 0.26953 0.0015102 0.078635 0.112571 0.00285307 4.0438e-05 0.0284931 0.00296642 0.0520429 0.0538546 0.122932 2.06997e-05 0.000232001 0.00748249 0.0756742 
0.0202182 0.0698867 0.000104112 0.00215264 0.179484 0.0282503 0.056577 0.00653301 0.0954861 0.0663347 0.00508375 0.00214155 0.0345401 0.134135 0.000136548 0.117463 0.167038 0.00234284 0.00257612 0.00297952 0.00653656 
0.00209203 0.0169436 1.64587e-08 0.000175818 0.000162717 0.00100384 0.00248788 0.000497412 0.0301414 0.00512763 0.00019514 1.73406e-06 5.88703e-06 0.874011 2.68511e-08 0.0038516 0.0504394 5.3585e-05 1.41175e-05 1.7093e-08 0.0127951 
0.0144073 0.26085 3.20783e-07 0.00262055 0.0410232 0.00387928 0.0125197 0.0455233 0.0406585 0.108677 0.00188905 0.000323319 0.0610143 0.166308 4.32116e-07 0.0557889 0.123562 0.000553065 0.0245832 0.000212287 0.0356059 
0.031018 0.0923153 2.90616e-09 0.000903003 0.0107351 1.10641e-05 0.00087642 1.90066e-05 0.121902 0.0865016 0.015296 0.000324024 0.00294423 0.563359 4.7412e-09 0.0246086 0.0245697 0.00205287 5.32953e-05 3.01817e-09 0.0225112 
0.00121667 0.0197032 7.01525e-09 0.000703679 0.000457534 0.307416 0.0876773 0.0022229 0.0201025 0.0188283 1.91202e-07 0.000196862 0.00199411 0.483103 0.000153622 0.0124171 0.0249016 2.85303e-05 0.00588493 1.05486e-07 0.012992 
0.00844043 0.0628216 1.17717e-07 0.0507304 0.0116599 0.0376326 0.00346479 0.049366 0.18564 0.0239105 3.69991e-05 1.01797e-05 0.0380056 0.0100685 0.000110585 0.0583971 0.366877 0.002516 0.000385827 1.93198e-06 0.0899239 
0.0010222 0.056634 9.59701e-09 0.000481886 0.00770577 0.657912 0.0166438 0.0250562 0.0178223 0.00393707 0.000889429 4.52218e-06 0.011184 0.0123347 3.67762e-08 0.00206394 0.177313 5.5718e-05 0.000119672 0.00103024 0.00778962 
0.00117229 0.00016866 1.06746e-12 2.79413e-05 2.12571e-05 0.000564789 3.88372e-05 3.40591e-05 9.23241e-05 4.36303e-05 1.81389e-10 1.12843e-07 1.0927e-05 0.000125452 1.74149e-12 6.02301e-07 7.69093e-05 4.92291e-05 0.997549 1.48554e-05 8.79487e-06 
0.000386055 0.00137784 3.09789e-05 0.00377365 0.00300256 0.0169083 0.0635074 0.000197205 0.0286805 0.638439 0.00647597 0.0334846 0.0551045 0.0104398 0.000544733 0.00564997 0.102165 0.0153914 0.00175846 0.000150322 0.0125317 
0.11992 0.0187032 3.72245e-08 0.00206774 0.000894388 0.457328 9.97263e-05 0.000348145 0.14376 0.000553673 1.31925e-07 9.31285e-08 0.0190633 0.00456797 1.47722e-07 0.000224827 0.157044 7.62757e-06 1.20617e-05 0.0743309 0.00107393 
0.169229 0.162881 8.66167e-06 0.00215444 0.00374238 0.00251567 0.00614307 0.0146742 0.053911 0.0205077 0.00051779 3.76556e-05 0.00524758 0.39231 0.000478663 0.0193047 0.0606722 0.0771452 0.000506484 0.00295304 0.00505949 
0.00676035 0.0714521 1.27438e-12 0.000617331 0.0191809 0.354754 0.00179989 0.000196476 0.0271149 0.00605286 1.3165e-12 2.62372e-07 0.019117 0.0067222 2.07907e-12 0.000669394 0.484065 2.57198e-05 2.90147e-05 8.24378e-09 0.00144286 
0.0938586 0.120126 1.96879e-10 0.00400603 0.00654759 0.147836 0.0474058 0.00822877 0.0721117 0.117899 0.000423181 1.75346e-08 0.276885 0.0285325 3.21193e-10 0.0130477 0.0577058 0.000102478 0.00147052 6.47315e-06 0.00380639 
0.121445 0.372327 1.21466e-10 0.0096924 0.00218489 0.0477511 0.00372987 0.0318085 0.0861627 0.00127047 1.25342e-07 1.97234e-08 0.139316 0.0519924 1.98164e-10 0.000108162 0.12004 9.11457e-08 0.000391898 3.21664e-07 0.0117793 
0.787142 0.0753836 1.42033e-08 0.00192913 0.0015394 0.0188087 0.000576811 0.0627036 0.0094973 0.00644005 0.00213144 9.76738e-08 0.0055428 0.00100307 0.000232914 0.000630615 0.019928 3.84463e-06 0.000516309 1.20674e-07 0.00598995 
0.0111766 0.0243506 3.78303e-08 0.000107552 0.00414534 0.261689 0.00596639 0.000140182 0.572427 0.00988221 1.14765e-05 0.000354967 0.00883782 0.0014971 6.17174e-08 0.00498028 0.0937489 1.88489e-05 1.70736e-05 3.92882e-08 0.000647621 
0.00242133 0.00115314 1.95841e-12 0.000169031 3.51187e-05 0.00053227 5.14962e-05 9.73026e-06 0.000131341 6.54509e-05 7.04186e-07 1.6979e-07 3.98222e-06 0.000372613 3.19501e-12 9.04269e-07 0.000242196 5.77296e-05 0.994669 2.11374e-05 6.22268e-05 
0.00709025 0.0314037 0.000302393 0.00481392 0.0378761 0.0201272 0.0373793 0.00246678 0.0125303 0.190156 0.469584 0.00449276 0.0743112 0.000845556 0.00244606 0.0565258 0.0386337 0.00133361 0.000904855 0.00231276 0.004463 
0.0327762 0.0733371 1.39046e-07 0.000459407 0.0259035 0.0308856 0.0050586 0.00041166 0.474587 0.114358 1.62699e-06 3.4276e-06 0.019364 0.105625 7.22483e-06 0.0705032 0.00938455 8.33318e-06 0.000105042 0.00348073 0.0337391 
6.5651e-05 0.0229881 1.54993e-10 0.000254168 0.000702235 3.97905e-08 0.144242 0.000294909 0.00681092 0.0236926 0.000707585 1.69655e-06 0.00669251 0.0664972 2.52859e-10 0.0630803 0.357201 5.67106e-06 2.71731e-07 0.306758 4.64794e-06 
0.000319223 0.000218202 4.5055e-12 4.82233e-05 0.000314954 0.00419384 0.646253 2.51533e-09 0.00400036 0.000630716 3.02583e-08 2.27873e-05 4.89971e-10 0.014719 7.3504e-12 4.84843e-08 0.329171 0.00010915 2.33028e-08 4.67914e-12 1.40703e-08 
0.00910404 0.0286396 1.38698e-11 3.73368e-07 0.0069122 0.0446086 1.37363e-07 1.56813e-07 0.026602 0.00905144 1.43282e-11 5.47439e-08 0.328876 8.24216e-07 2.26276e-11 2.711e-07 0.541862 4.85069e-08 0.00145599 1.44044e-11 0.00288607 
0.0497746 0.573037 1.67377e-07 0.000653929 0.00457003 0.0418358 0.00264096 0.00154446 0.0203688 0.0280798 9.00029e-06 7.4307e-07 0.0113551 0.0950859 2.07865e-07 0.00352043 0.0597304 6.59927e-05 0.00443712 0.0755812 0.0277087 
0.0010222 0.056634 9.59701e-09 0.000481886 0.00770577 0.657912 0.0166438 0.0250562 0.0178223 0.00393707 0.000889429 4.52218e-06 0.011184 0.0123347 3.67762e-08 0.00206394 0.177313 5.5718e-05 0.000119672 0.00103024 0.00778962 
0.00743061 0.0122706 2.02031e-05 0.000409727 0.000474043 0.056672 0.0757475 0.00158926 0.111835 0.0714661 0.000125323 2.58702e-05 0.358032 0.0930859 0.000555427 0.109031 0.0927329 0.000107113 0.00243498 0.00205148 0.00390299 
0.00168301 0.0229945 6.81689e-12 0.000414527 4.52545e-07 7.97016e-09 0.000120421 0.970022 0.00413805 0.000128544 8.42129e-09 3.69786e-10 7.06568e-05 0.000154904 1.18669e-09 0.00011414 4.39465e-05 4.6623e-07 4.60619e-06 2.17417e-05 8.83813e-05 
0.0010222 0.056634 9.59701e-09 0.000481886 0.00770577 0.657912 0.0166438 0.0250562 0.0178223 0.00393707 0.000889429 4.52218e-06 0.011184 0.0123347 3.67762e-08 0.00206394 0.177313 5.5718e-05 0.000119672 0.00103024 0.00778962 
0.00242133 0.00115314 1.95841e-12 0.000169031 3.51187e-05 0.00053227 5.14962e-05 9.73026e-06 0.000131341 6.54509e-05 7.04186e-07 1.6979e-07 3.98222e-06 0.000372613 3.19501e-12 9.04269e-07 0.000242196 5.77296e-05 0.994669 2.11374e-05 6.22268e-05 
0.000755065 0.0272537 2.78345e-10 0.97031 5.2241e-05 0.000588993 5.00449e-05 0.000326675 6.64564e-05 1.0058e-05 0.000142867 3.61749e-06 4.76634e-05 3.89594e-06 1.33165e-09 4.72268e-06 0.000358721 1.81371e-05 6.31769e-06 1.55005e-07 8.94856e-07 
0.00460008 0.00125528 1.9898e-06 0.000484118 0.00263313 0.0687556 0.000149425 1.93904e-05 0.00647241 0.880232 4.75502e-05 0.000311196 0.0171926 0.000675043 3.24621e-06 0.00100771 0.00659988 7.64319e-05 0.00160363 1.34379e-05 0.007866 
0.00233319 0.000907353 3.50482e-10 6.52379e-05 8.25026e-06 0.00202746 2.65568e-08 1.76264e-05 0.006306 0.00355564 3.62064e-10 5.49981e-08 6.84584e-08 0.000127863 5.71786e-10 7.87591e-05 0.00380833 2.84205e-05 0.980625 3.6399e-10 0.000110756 
0.000840278 0.10831 3.85817e-05 0.0340305 4.57483e-05 0.0536913 0.0256527 0.00787282 0.017879 0.0983861 0.00104512 0.000110931 0.0161774 0.436073 0.000122613 0.00276087 0.0210089 0.159126 0.0133527 0.00242609 0.00104926 
0.0120774 0.0673027 1.71395e-07 0.00603652 0.0070986 0.121386 0.0430411 0.08791 0.364396 0.0355228 0.000890164 2.34402e-05 0.111014 0.00434012 4.32172e-07 0.089038 0.031024 2.2763e-05 7.88303e-07 0.0170968 0.00177854 
0.00808221 0.0344371 2.08753e-05 0.000531849 0.00199451 0.00444074 0.0283878 0.0127918 0.0233513 0.0789692 0.000594644 0.000286286 0.0512211 0.209006 0.00110851 0.232549 0.0178834 0.00141984 0.235196 0.0337607 0.0239677 
0.000425338 0.0193083 3.52367e-06 7.07212e-05 9.06016e-05 0.000970802 0.00154562 0.00147398 0.00852016 0.0442172 0.00130242 0.000115594 0.000523589 0.902472 6.71566e-06 0.00653775 0.0104833 6.13603e-05 0.00102082 0.000833023 1.69074e-05 
0.000128674 0.00426226 1.49882e-09 0.00255758 2.70508e-05 0.000203318 0.0138033 3.74061e-07 0.0127264 0.0171154 0.00989494 2.88168e-05 0.00748444 0.922804 2.44521e-09 0.000109931 0.00596194 0.00288553 2.55779e-07 2.25055e-06 3.85417e-06 
0.00117229 0.00016866 1.06746e-12 2.79413e-05 2.12571e-05 0.000564789 3.88372e-05 3.40591e-05 9.23241e-05 4.36303e-05 1.81389e-10 1.12843e-07 1.0927e-05 0.000125452 1.74149e-12 6.02301e-07 7.69093e-05 4.92291e-05 0.997549 1.48554e-05 8.79487e-06 
0.21649 0.259789 1.40127e-10 2.51164e-07 1.01164e-06 0.027599 2.56843e-06 0.00474794 0.109898 0.0958533 1.44758e-10 1.36255e-07 0.0700998 5.68289e-07 2.28608e-10 0.00546579 0.201978 5.02244e-05 9.89843e-09 1.45528e-10 0.00802376 
0.000294371 0.00656417 4.10071e-06 0.00296444 0.000239569 0.00187678 0.00524811 0.0042089 0.0018816 0.00398495 0.176354 0.764772 0.00114117 0.0165674 4.89638e-06 7.67739e-05 0.00569632 0.00803304 2.04509e-05 7.25899e-06 6.00907e-05 
0.00352267 0.0653312 1.34188e-09 0.00065748 0.000909358 0.00101789 7.54112e-06 0.0576981 0.0629517 2.9549e-05 0.024572 3.19765e-06 0.000297029 0.754584 1.10291e-07 8.71864e-05 0.0277705 0.000398556 1.63291e-06 3.01861e-06 0.000157399 
0.0223771 0.0622524 3.23751e-10 0.0172305 0.00423376 0.00776879 0.0478747 0.000659754 0.0120113 0.0462882 0.00120944 0.141022 0.0567385 0.513396 0.0379969 0.0078556 0.00678221 0.00609985 0.00820151 1.09205e-07 2.04125e-06 
0.106344 0.00990463 8.29377e-09 0.000159609 2.62186e-06 0.000533414 0.000282844 0.0143105 0.218792 0.0697411 0.0128192 1.56686e-06 0.0482196 0.465768 1.35307e-08 9.28203e-05 0.0457861 0.000518544 0.00142456 4.66609e-06 0.00529412 
0.000294371 0.00656417 4.10071e-06 0.00296444 0.000239569 0.00187678 0.00524811 0.0042089 0.0018816 0.00398495 0.176354 0.764772 0.00114117 0.0165674 4.89638e-06 7.67739e-05 0.00569632 0.00803304 2.04509e-05 7.25899e-06 6.00907e-05 
0.00168294 0.0176874 6.09916e-08 0.00101855 5.01283e-05 0.0357072 0.0619383 0.0422969 0.0624446 0.0725137 3.67064e-05 0.000125493 0.0124979 0.361889 0.00138471 0.00643953 0.275916 0.00163779 0.0431768 0.000330857 0.0012254 
0.0229791 0.093565 8.44879e-09 0.00119899 0.0152992 0.00915786 0.000133671 0.00175924 0.0632782 0.0381238 0.033158 2.33197e-05 0.00523589 0.494745 0.035565 0.000271543 0.155873 2.99438e-05 3.08589e-05 1.06473e-05 0.0295619 
0.406892 0.0509617 1.16195e-07 1.88671e-05 0.13418 0.103035 0.00300517 0.00464651 0.0278536 0.0302755 6.70922e-06 7.77621e-07 0.0297553 0.0191927 8.73409e-07 0.0012805 0.0524975 2.51769e-05 0.119488 0.0114709 0.00541378 
0.163531 0.0122749 9.02594e-09 0.000114577 0.00178005 0.0716758 0.0147462 0.0153261 0.316925 0.0114719 4.26227e-06 2.33962e-05 0.021254 0.189133 6.43672e-05 0.00184598 0.154863 1.50099e-05 0.000202949 9.3738e-09 0.0247482 
5.74228e-06 6.80558e-06 1.02551e-10 5.91299e-06 1.75224e-06 1.25515e-05 8.07031e-07 2.61814e-06 0.13829 0.057736 1.0594e-10 1.08668e-07 0.0820872 0.113909 1.67304e-10 1.36918e-06 0.457502 0.000509323 0.00533822 0.144587 2.72022e-06 
0.00701135 0.0210566 2.69765e-10 0.000283887 0.00135565 0.000110559 0.0162242 0.0148336 0.031371 0.0106502 0.000777073 8.86534e-09 0.00374452 0.087613 4.40102e-10 0.0041706 0.0557588 8.01607e-06 0.000193005 1.96345e-05 0.744818 
0.0223174 0.000917917 4.06707e-07 0.0156582 0.000996086 0.00203698 0.0486725 0.000130021 0.00174515 0.0120847 1.14887e-06 0.411367 0.00033929 0.366872 9.37723e-06 0.00303332 2.8653e-05 0.0590552 0.0366682 0.0177093 0.000356585 
0.0491764 0.179259 1.12127e-06 0.00313583 0.000565663 0.104237 0.0179481 0.0024381 0.157109 0.00303189 6.39088e-05 3.07422e-06 0.0328478 0.154553 1.37792e-05 0.0401615 0.231214 0.000568232 0.00405518 0.0177931 0.00182488 
0.0321763 0.112666 6.99876e-06 0.000951731 0.00104332 0.0512397 0.0121421 0.00378078 0.276577 0.0197858 0.000481407 6.59019e-05 0.0468735 0.117322 0.00375757 0.000944862 0.3142 7.02801e-05 0.000159898 2.03162e-05 0.0057338 
1.10834e-05 2.85219e-05 8.2994e-14 8.95887e-06 2.65661e-06 0.00048811 1.87595e-10 9.70219e-05 7.1104e-06 7.55643e-10 8.57367e-14 1.45593e-07 4.84528e-10 4.40515e-10 1.35399e-13 1.95039e-10 3.34872e-05 4.80399e-05 0.999275 8.61926e-14 5.85219e-10 
0.00121667 0.0197032 7.01525e-09 0.000703679 0.000457534 0.307416 0.0876773 0.0022229 0.0201025 0.0188283 1.91202e-07 0.000196862 0.00199411 0.483103 0.000153622 0.0124171 0.0249016 2.85303e-05 0.00588493 1.05486e-07 0.012992 
0.0420958 0.0472243 1.83105e-07 0.00423649 0.000370595 0.00177672 0.0496477 0.000680605 0.0443194 0.0209807 0.000326696 0.0640113 0.0108522 0.606402 2.98724e-07 0.00243201 0.0300203 0.00203825 0.0250335 1.90162e-07 0.0475505 
0.000108251 7.38721e-05 4.53195e-10 1.72661e-05 0.000108359 0.0143863 0.215499 1.38603e-07 0.0283942 0.000212844 0.00580139 8.64287e-06 2.70204e-08 0.513512 5.90263e-07 2.67106e-06 0.219866 0.00200713 1.06816e-06 4.70661e-10 7.75206e-07 
0.00353514 0.038249 6.39896e-10 0.00059936 0.00072555 0.00199092 0.00151222 0.00419656 0.129585 0.00048909 0.0173201 0.000117028 2.26013e-06 0.730033 1.04394e-09 0.000802579 0.0649168 0.000572878 8.78202e-07 1.13342e-06 0.00534975 
0.150444 0.164726 2.48445e-06 0.00978252 0.000611812 0.00850674 0.00144333 0.384419 0.0207214 0.0261656 0.00874601 1.42915e-05 0.00499781 0.0945669 0.000437056 0.00680949 0.098941 0.000263602 0.000686898 0.0110262 0.00668699 
0.0125175 0.0181655 5.85956e-06 0.013599 0.000339307 0.00821745 0.00891736 0.00988888 0.00347625 0.0110621 6.67271e-06 8.4811e-05 0.00295447 0.862755 0.00109519 0.00157951 0.0132407 0.000267674 0.0160421 0.00162294 0.0141611 
0.00606654 0.0258487 1.17531e-05 0.0322515 0.0132234 0.0384672 0.00319772 0.0335675 0.034601 0.0119804 1.66319e-05 0.000424877 0.439838 0.0296809 7.36654e-05 0.00945337 0.318363 5.45894e-05 0.000138524 0.000393682 0.00234658 
0.00176037 0.000253314 3.68664e-11 3.7389e-05 3.06196e-05 0.00053288 8.98073e-06 1.01364e-05 0.000494399 6.57552e-05 6.63426e-09 2.00727e-07 4.03487e-06 0.0083227 6.01449e-11 9.52392e-07 6.62301e-05 3.66173e-05 0.988345 2.14626e-05 8.88939e-06 
0.00584405 0.0885164 0.000224892 0.00820454 0.00615245 0.056423 0.080914 0.0387973 0.132711 0.249386 0.00422833 0.00121036 0.0717711 0.0114431 0.000606663 0.0293697 0.175319 0.00484905 0.00727564 0.012358 0.0143959 
0.0155013 0.167539 3.17644e-11 0.790267 0.00124059 0.00369988 0.000299006 0.00266677 0.00466759 0.000313506 3.28141e-11 1.1276e-08 0.011759 3.82277e-05 5.18214e-11 0.000513986 0.00107822 1.39746e-06 0.000145624 1.94738e-06 0.000266974 
0.0826829 0.0593969 2.84501e-07 0.000145746 0.00121443 0.00210321 0.000346171 0.00115196 0.0860854 0.000344214 0.000384373 2.97073e-06 0.0627293 0.49566 7.2126e-07 0.000652312 0.193102 1.56885e-06 0.000112814 0.00855508 0.00532784 
0.160911 0.0422171 3.02825e-07 0.00285476 0.0015732 0.150591 0.00214695 0.000229544 0.0880406 0.00109457 1.3115e-05 2.13717e-05 0.00922581 0.00717626 4.94038e-07 0.00063376 0.532699 0.000165842 0.000235549 3.14496e-07 0.000170448 
0.000634927 0.00038615 6.24476e-07 6.15724e-05 0.000168313 0.00466176 0.590782 2.70743e-05 0.024514 0.0354455 0.0121859 0.000581911 0.000199775 0.105155 8.6033e-06 0.00030982 0.181177 2.21967e-05 0.0388275 1.53948e-05 0.00483469 
5.03028e-05 0.000872952 5.25464e-07 0.000137236 0.0053462 0.0022647 0.00272056 0.000547181 0.00135206 0.0503496 1.60103e-05 0.000170301 0.0438388 0.0228621 6.94499e-05 0.00162328 0.0540542 0.000124671 0.000140089 2.5794e-05 0.813434 
0.0138862 0.0991618 3.30725e-08 0.00133069 0.0109998 0.000698217 0.0799607 0.00154495 0.113273 0.291094 1.42322e-06 0.000100089 0.0823462 0.278049 5.39554e-08 0.0173763 0.00534751 0.000515867 0.000389467 4.14846e-05 0.00388235 
0.0288256 0.0983209 1.87958e-11 4.17836e-07 0.0125822 0.0180018 1.89623e-07 4.5471e-06 0.0840634 0.001508 3.85776e-05 6.40401e-07 0.0174273 0.439316 3.0664e-11 1.69642e-07 0.299909 5.22031e-07 3.26954e-07 1.95202e-11 5.35172e-07 
0.00742064 0.0228126 3.0972e-09 0.0247686 2.78301e-05 0.0150932 4.48493e-06 4.36967e-05 0.00695714 0.0201273 3.19955e-09 0.000171647 5.61905e-06 0.201035 1.68432e-07 0.000454616 0.0281119 0.00629865 0.619634 2.07449e-07 0.0470321 
0.00574361 0.00417285 2.29704e-06 3.70676e-05 0.00239642 0.0365221 0.0473873 7.85942e-05 0.00468028 0.634717 0.000777588 1.35014e-05 0.00574611 0.117786 1.86813e-05 0.0103936 0.0617529 0.0644087 3.58452e-05 4.20297e-05 0.00328786 
0.000755065 0.0272537 2.78345e-10 0.97031 5.2241e-05 0.000588993 5.00449e-05 0.000326675 6.64564e-05 1.0058e-05 0.000142867 3.61749e-06 4.76634e-05 3.89594e-06 1.33165e-09 4.72268e-06 0.000358721 1.81371e-05 6.31769e-06 1.55005e-07 8.94856e-07 
0.149542 0.272281 3.21109e-09 0.0531779 0.00142245 0.00397894 0.00657951 0.00113415 0.172642 0.00687278 2.24629e-08 1.39505e-05 0.0110268 0.239465 0.00130832 0.00114189 0.0737246 3.42641e-05 0.00390852 1.15104e-05 0.00173383 
0.257275 0.0816717 7.80142e-05 0.00512262 0.00258072 0.00976321 0.0127112 0.00130679 0.0430348 0.15407 0.00123483 0.00040494 0.00890182 0.226503 0.00011256 0.00869343 0.0127133 0.00118219 0.119043 0.0168212 0.0367748 
0.000446201 0.00148293 7.46913e-06 0.00120863 0.000151613 0.0103142 6.40019e-05 0.000203849 0.0318643 0.00480741 0.000100548 1.55926e-05 0.0207651 0.885302 1.21854e-05 0.00155236 0.0326318 9.79494e-05 0.000148282 0.0086103 0.000213066 
0.0221364 0.203399 1.29734e-06 0.037617 0.00163525 0.00581129 0.0163916 0.0616679 0.383238 0.0642524 3.94872e-06 1.44952e-05 0.00295668 0.153697 5.75671e-06 0.00119322 0.0451839 0.000194591 5.92737e-05 0.000531403 1.05358e-05 
0.000874599 0.00606618 1.20233e-06 7.80738e-05 0.0031912 0.136973 0.102663 0.000360252 0.0540286 0.267063 0.00422072 6.74999e-06 0.275376 0.0127799 3.60157e-05 0.0449305 0.0539011 7.2408e-05 8.55108e-05 0.0356677 0.00162534 
0.00789181 0.0829162 1.23995e-05 0.000532627 0.0117321 0.00381612 0.00152138 0.0414184 0.102722 0.043431 0.120002 0.000133489 0.00523613 0.410875 1.47894e-05 0.00677607 0.148394 0.000793137 0.00186123 0.000260744 0.00965969 
0.00125323 0.11309 1.49156e-11 0.000689337 0.00998087 0.640513 0.00981131 0.050711 0.029586 0.00414256 0.0018673 7.63263e-08 0.00905259 0.0190276 6.3883e-08 0.00219904 0.0944866 6.57558e-05 6.54708e-06 1.30325e-06 0.0135159 
2.07577e-06 2.85383e-06 9.79655e-13 2.8074e-06 4.20946e-07 0.000218696 1.2536e-05 7.56591e-05 1.2629e-06 1.29231e-09 1.01203e-12 1.4907e-08 5.26059e-06 7.09743e-06 1.59824e-12 3.33758e-10 4.14899e-05 3.25216e-05 0.999594 1.32318e-10 3.11474e-06 
0.000941915 0.00391798 3.43227e-12 0.000890754 5.86457e-08 0.017392 0.000356566 8.76265e-08 0.0431215 0.0117692 3.54606e-08 3.63702e-09 0.0159143 0.0579062 1.1255e-09 0.000119191 0.847488 0.000178067 6.15871e-08 3.7196e-06 9.10428e-08 
0.00401769 0.149452 8.97547e-09 2.14864e-06 9.02996e-05 4.0896e-06 0.000170732 0.00210046 0.00955245 0.00509358 0.000120398 2.97839e-06 0.0633244 0.261319 5.76415e-05 0.341081 0.0444114 4.49099e-06 0.000165516 9.32139e-09 0.119031 
0.00357288 0.0305154 3.09698e-05 0.00287938 0.00485238 0.0441995 0.189331 0.0370057 0.072398 0.191828 0.000317165 0.0407365 0.0434506 0.072691 0.00123959 0.0336116 0.179534 0.00076042 0.0321598 0.0017475 0.0171389 
0.0295177 0.0379535 1.67814e-05 0.000338657 0.0175024 0.0156472 0.273416 0.00959433 0.0392583 0.109843 0.000602303 7.4059e-05 0.0412767 0.135096 0.00083486 0.0176839 0.235392 0.00059649 0.00478687 0.000116098 0.0304526 
0.00909235 0.0417738 7.59109e-07 0.00116485 0.00495762 0.00611824 0.0223726 9.82066e-05 0.09406 0.0423065 0.00143187 3.5946e-06 0.00111805 0.675158 4.02009e-05 0.00368294 0.0720745 0.00040023 1.1967e-05 1.54002e-05 0.0241181 
0.029843 0.0394577 1.20924e-07 0.000488856 0.0115643 0.358738 0.00015493 0.00657214 0.00254436 0.0302363 0.00990091 0.000164468 0.000216075 0.26273 0.000110246 0.00701483 0.0318346 0.000686582 0.00163955 0.00224602 0.203857 
0.0494068 2.1409e-07 2.27398e-12 9.05701e-08 0.000795551 0.553675 3.92476e-08 1.21767e-07 0.0405412 1.06232e-05 4.01725e-08 1.31732e-06 0.08317 0.00257739 2.22628e-08 1.19016e-08 0.267959 9.40966e-06 2.97566e-08 2.38523e-10 0.00185329 
0.0845811 0.857286 2.63521e-09 1.47757e-05 2.44031e-05 0.000149806 2.05838e-05 7.71054e-07 0.000742916 0.00408132 2.05604e-07 4.13912e-07 0.031634 0.00014506 4.29915e-09 0.000310362 0.000489561 6.53647e-05 0.000157456 0.000135389 0.0201604 
0.0100938 0.0251021 0.00138546 0.0031922 0.00785584 0.0375328 0.0573727 0.00563137 0.0387686 0.534541 0.0023596 0.0107477 0.0757462 0.0251707 0.00632714 0.0187102 0.0830927 0.00976867 0.0097545 0.00306252 0.0337847 
0.0511085 0.461966 0.000101724 0.00340929 0.023626 0.0236372 0.00829149 0.229434 0.0693819 0.0121871 0.00109243 0.000146597 0.02418 0.0188496 0.000133937 0.0084044 0.045413 0.00437098 0.002126 0.00666135 0.00547871 
0.000948593 0.000642573 3.75955e-10 6.2518e-06 0.0180686 0.00370117 0.0144155 0.000367063 0.033984 0.00765242 2.32652e-06 9.38715e-07 0.00401518 0.893378 1.70263e-07 0.0160605 0.00607861 0.000269415 5.87065e-08 8.40003e-08 0.000408713 
0.0209282 0.168554 2.20053e-09 1.50252e-06 0.00115868 0.0121533 0.0138977 0.0609093 0.215322 0.114197 0.00134177 2.6467e-08 0.058598 0.130804 3.59001e-09 0.0122296 0.159149 0.000309462 0.019173 0.0108417 0.000431488 
0.11992 0.0187032 3.72245e-08 0.00206774 0.000894388 0.457328 9.97263e-05 0.000348145 0.14376 0.000553673 1.31925e-07 9.31285e-08 0.0190633 0.00456797 1.47722e-07 0.000224827 0.157044 7.62757e-06 1.20617e-05 0.0743309 0.00107393 
0.0117913 0.0175052 7.05958e-12 3.96135e-05 0.00144653 0.00330601 1.78201e-05 0.00117493 0.00134316 0.000136252 3.13744e-08 1.57549e-08 0.000122262 0.00031933 1.15172e-11 0.0128937 0.0186913 3.29565e-05 0.931116 2.30185e-08 6.40289e-05 
8.88272e-05 0.000158426 5.13965e-12 6.23189e-06 6.2925e-05 0.00226592 5.47418e-05 2.83218e-05 0.00169054 7.56039e-05 2.1247e-09 6.20303e-08 0.000981423 0.00080282 8.38498e-12 0.000141401 0.00175709 4.56852e-05 0.990879 5.29387e-06 0.000956065 
0.433227 0.0514059 1.24459e-07 0.00361909 0.0550066 0.0537114 0.0357253 0.000351245 0.0455146 0.0311181 0.000563162 1.86697e-05 0.0891813 0.00818428 3.64263e-07 0.00854346 0.107728 4.90754e-06 0.000856852 0.000527609 0.0747118 
0.0629339 0.330943 3.35312e-07 0.0113979 0.00164325 0.0706116 0.0141109 0.0930826 0.147408 0.0252947 3.30296e-05 4.39003e-06 0.159963 0.00579004 1.42188e-05 0.000954754 0.0751648 0.000122456 1.31517e-05 3.07571e-05 0.000484274 
0.000755065 0.0272537 2.78345e-10 0.97031 5.2241e-05 0.000588993 5.00449e-05 0.000326675 6.64564e-05 1.0058e-05 0.000142867 3.61749e-06 4.76634e-05 3.89594e-06 1.33165e-09 4.72268e-06 0.000358721 1.81371e-05 6.31769e-06 1.55005e-07 8.94856e-07 
0.014782 0.0363515 1.83578e-10 0.000153077 0.00626256 0.019678 0.119761 0.00417252 0.249055 0.032758 0.00727387 0.00015231 0.0694071 0.0324747 2.99494e-10 0.0277004 0.348246 0.000433464 0.0208637 1.42126e-05 0.0104605 
0.0451673 0.78279 9.87599e-11 0.00104871 0.000142842 0.000342508 0.0137054 0.018352 0.00740757 0.0191075 4.04228e-05 1.74e-07 0.00618794 0.0147642 1.6112e-10 0.000221393 0.0784808 8.90733e-06 1.46828e-09 0.0122329 2.36941e-08 
0.0180797 0.0345728 8.82987e-07 0.000597958 0.00284754 0.00343796 0.0228188 7.26383e-05 0.535793 0.046778 0.00014933 4.49524e-05 0.0426862 0.170415 0.0141806 0.0132901 0.0611974 7.56424e-06 0.00182777 0.000294967 0.030907 
0.00576203 0.0563407 1.20604e-09 0.00702612 3.40183e-05 0.00142834 0.0257034 0.00100553 0.0208936 0.154656 0.00334097 0.00170903 0.000628636 0.0700839 1.96757e-09 0.00398502 0.016039 2.56762e-05 0.000115953 0.631183 3.82882e-05 
0.000326602 0.00813403 1.79374e-08 5.71852e-05 0.0319613 0.0126432 2.69888e-05 1.99267e-07 0.0916776 0.0462986 6.33775e-05 2.78736e-07 0.0349961 0.0696737 0.658447 0.00580437 0.00112832 0.0195739 0.00155664 7.47218e-06 0.0176234 
0.00783801 0.0525947 7.20227e-05 0.00492828 0.00274619 0.130933 0.0890979 0.0244163 0.0504163 0.0136541 0.00143303 0.000260774 0.0526279 0.00873681 0.000223002 0.0163559 0.531265 0.000171051 0.00207706 0.00178374 0.00836911 
0.000179453 0.0102111 1.2552e-10 5.446e-07 1.61425e-07 0.106679 7.43441e-08 2.41126e-07 0.0808567 0.0174934 1.29668e-10 1.01191e-08 8.68823e-07 0.00746238 2.04778e-10 2.14648e-05 0.0493596 4.26307e-08 0.000105378 0.727629 2.50546e-07 
0.0106188 0.0270274 6.84317e-11 6.69534e-07 3.58177e-07 0.0174569 0.0168565 7.74884e-08 0.304426 3.32831e-07 3.04051e-07 7.91001e-08 5.00782e-07 0.335594 1.11641e-10 1.24621e-06 0.0231044 8.68101e-05 8.04807e-08 7.10691e-11 0.264826 
0.0539221 0.434252 4.09594e-08 0.00104275 0.00337454 0.0211658 0.00040369 2.89133e-05 0.00543361 0.00705121 4.2313e-08 3.21108e-05 0.000505802 0.0259588 6.68224e-08 0.00487421 0.138622 0.000192862 0.297621 4.2538e-08 0.0055187 
0.000836428 0.00916004 3.09438e-07 7.76058e-05 0.00286004 0.56534 0.00212438 8.44196e-06 0.00595341 0.0199905 0.000298497 3.35669e-07 0.199431 7.61103e-05 5.46554e-05 0.0195256 0.122563 0.000269716 0.000244143 3.83434e-05 0.0511473 
0.000542498 0.0281717 1.57667e-06 0.0227755 0.000751948 0.047348 0.0865216 0.00774267 0.019768 0.0386968 0.000177138 0.521857 0.0166985 0.107504 3.41003e-05 0.001131 0.0928311 0.00565812 9.3578e-05 0.000690854 0.00100403 
0.00393141 0.0414773 1.47668e-06 0.000271276 0.00639925 0.0235363 0.00449019 1.81651e-05 0.0355342 0.0311792 4.61115e-06 3.67132e-06 0.000787661 0.80632 2.40909e-06 0.00306179 0.0327337 2.55743e-05 0.00645092 3.24846e-05 0.00373833 
0.000295518 0.000349654 3.29642e-06 0.000305429 9.16342e-05 0.000644694 4.21025e-05 0.000134918 0.0410929 0.000192782 3.40535e-06 8.74569e-06 0.10151 0.843641 5.37788e-06 7.1161e-05 0.00230239 2.45801e-05 0.002484 0.00570821 0.00108745 
0.0023321 0.00225922 5.81983e-05 0.000266733 0.00284883 0.0356791 0.678282 0.00148483 0.0223319 0.0371347 0.000259498 0.0532282 0.00468834 0.0379005 0.00349844 0.0145387 0.0918774 0.000407476 0.000394559 0.000115692 0.0104141 
0.0013561 0.0455566 4.72313e-11 0.00272038 7.49056e-05 0.000538207 0.00103749 0.0138477 0.00328399 0.00412252 0.00130014 0.00222669 6.07075e-05 0.129884 1.31131e-08 0.000373153 0.000724954 0.00402603 0.00387507 0.783845 0.00114614 
0.0474864 0.0336302 3.10347e-05 0.0394619 0.00534133 0.127758 0.0487496 0.000620044 0.0510027 0.161067 0.00070278 3.79958e-05 0.047855 0.148465 0.000127865 0.00402389 0.095039 0.165986 0.0207168 5.15219e-05 0.00184525 
0.0223771 0.0622524 3.23751e-10 0.0172305 0.00423376 0.00776879 0.0478747 0.000659754 0.0120113 0.0462882 0.00120944 0.141022 0.0567385 0.513396 0.0379969 0.0078556 0.00678221 0.00609985 0.00820151 1.09205e-07 2.04125e-06 
0.0100852 0.0352702 4.16521e-07 0.000374251 0.0100349 0.0713324 0.0285662 0.00230893 0.0327805 0.0416861 9.4265e-06 2.28114e-06 0.321253 0.0129486 0.000198436 0.0407028 0.302481 9.52221e-05 0.00347062 3.32245e-05 0.0863661 
0.00156802 0.016531 4.05202e-11 0.000141711 0.000311164 5.19148e-07 0.00120095 0.00130527 0.015148 0.000497875 0.0304873 0.0239318 0.000175547 0.889856 3.02444e-09 5.4851e-05 0.0171587 0.00142751 0.000197421 2.15967e-06 4.12266e-06 
0.0122255 0.12963 7.18729e-06 0.000126572 0.689737 0.00461964 0.00359997 0.00127014 0.0390081 0.00673697 0.000902545 2.43405e-05 0.0609959 0.0224642 0.000214661 0.0131 0.00936851 7.21346e-05 0.00267427 0.000228827 0.00299316 
0.0019569 0.00157215 7.34273e-08 0.000188226 0.000142531 0.0296574 0.0650523 2.8436e-06 0.142138 0.000357871 7.58538e-08 5.27117e-05 0.00270111 0.470596 1.19791e-07 0.0220626 0.14876 0.000232874 5.50851e-05 4.12979e-06 0.114467 
0.0117913 0.0175052 7.05958e-12 3.96135e-05 0.00144653 0.00330601 1.78201e-05 0.00117493 0.00134316 0.000136252 3.13744e-08 1.57549e-08 0.000122262 0.00031933 1.15172e-11 0.0128937 0.0186913 3.29565e-05 0.931116 2.30185e-08 6.40289e-05 
0.00701135 0.0210566 2.69765e-10 0.000283887 0.00135565 0.000110559 0.0162242 0.0148336 0.031371 0.0106502 0.000777073 8.86534e-09 0.00374452 0.087613 4.40102e-10 0.0041706 0.0557588 8.01607e-06 0.000193005 1.96345e-05 0.744818 
0.828105 0.080452 6.18288e-11 0.0140394 0.00164702 0.00514064 0.00135681 0.00082116 0.0034234 0.0068406 8.67536e-07 1.1293e-06 0.0122461 0.00202483 1.33181e-07 0.000789418 0.00604393 2.2968e-06 0.000502944 0.0032588 0.0333035 
0.0128365 0.00790253 7.27184e-08 9.34557e-05 0.00185258 0.0214942 0.0562188 0.00262123 0.0215508 0.00161111 1.20851e-05 5.64988e-06 0.0767279 0.639836 1.18635e-07 0.0781548 0.0695473 5.82678e-05 0.000372925 0.0080103 0.00109287 
0.0010222 0.056634 9.59701e-09 0.000481886 0.00770577 0.657912 0.0166438 0.0250562 0.0178223 0.00393707 0.000889429 4.52218e-06 0.011184 0.0123347 3.67762e-08 0.00206394 0.177313 5.5718e-05 0.000119672 0.00103024 0.00778962 
0.0795582 0.100574 5.1614e-05 0.0106477 0.0159883 0.132133 0.0375712 0.0161621 0.100343 0.139774 0.000383919 0.000108899 0.0680082 0.0285757 0.00153704 0.0198754 0.151927 0.00318084 0.00077624 0.0883016 0.004522 
0.00142345 0.00279304 1.55721e-05 0.00152732 0.00382506 0.033876 0.0243287 0.000389681 0.00889402 0.476969 0.119712 0.00161546 0.0269724 0.0196271 7.66448e-05 0.0115325 0.0821792 0.178134 0.000209815 7.74667e-05 0.00582177 
0.00827103 0.00852608 9.38083e-06 0.000303947 0.000478505 0.0229988 0.326786 0.000152492 0.0411583 0.0616637 0.00487921 0.000329419 0.00638872 0.349665 6.77045e-05 0.00146921 0.160198 0.000198489 0.000620722 0.0011238 0.00471171 
0.125592 0.0742217 1.78842e-05 0.00310143 0.00157053 0.0111775 0.00264399 0.0152296 0.0167965 0.0236526 0.0308178 0.00165577 0.0134681 0.511904 2.36628e-05 0.00136424 0.137436 0.000764461 0.000144677 2.97303e-05 0.0283882 
0.00643515 0.00428324 9.4922e-11 4.75879e-05 4.90734e-07 0.00299648 0.00155461 0.000540943 0.00466551 0.000451276 1.76039e-05 2.92312e-07 0.000109392 0.938027 1.54859e-10 7.74342e-08 0.0383833 0.000342915 0.000253163 1.44975e-06 0.0018896 
0.00830524 0.174708 6.62514e-11 0.00297057 0.00284742 0.00184532 2.66414e-07 0.0104038 0.00404128 1.51251e-08 0.0865729 0.00035046 3.25811e-07 0.623132 1.08084e-10 0.00266797 0.0813076 0.000845563 1.26579e-07 6.88047e-11 2.07134e-07 
0.000341207 0.0413286 1.01288e-09 0.956821 3.73623e-05 0.000420768 3.97627e-05 0.000171122 0.000110409 7.19212e-06 0.000102912 2.60299e-06 3.40653e-05 8.80595e-05 4.84095e-09 3.38571e-06 0.000295398 1.29702e-05 1.52213e-07 0.00018288 6.43101e-07 
0.00125323 0.11309 1.49156e-11 0.000689337 0.00998087 0.640513 0.00981131 0.050711 0.029586 0.00414256 0.0018673 7.63263e-08 0.00905259 0.0190276 6.3883e-08 0.00219904 0.0944866 6.57558e-05 6.54708e-06 1.30325e-06 0.0135159 
0.00942448 0.0116559 2.21094e-05 0.00293924 0.000345284 0.00450219 0.00177201 0.0128578 0.00489571 0.011181 0.000133878 0.000497403 0.00846015 0.0352605 0.000130685 0.00421948 0.019218 0.00251607 0.857677 7.39744e-05 0.0122173 
0.00701135 0.0210566 2.69765e-10 0.000283887 0.00135565 0.000110559 0.0162242 0.0148336 0.031371 0.0106502 0.000777073 8.86534e-09 0.00374452 0.087613 4.40102e-10 0.0041706 0.0557588 8.01607e-06 0.000193005 1.96345e-05 0.744818 
0.00294612 0.0398586 1.87572e-05 0.00091707 0.00293369 0.246121 0.0300754 0.0672102 0.0176964 0.0375988 0.000972001 0.000234151 0.0414739 0.0267376 3.70039e-05 0.0339095 0.0565199 0.235228 0.154699 0.000461964 0.00435149 
0.0013561 0.0455566 4.72313e-11 0.00272038 7.49056e-05 0.000538207 0.00103749 0.0138477 0.00328399 0.00412252 0.00130014 0.00222669 6.07075e-05 0.129884 1.31131e-08 0.000373153 0.000724954 0.00402603 0.00387507 0.783845 0.00114614 
0.00764849 0.102061 2.64066e-11 5.65764e-08 1.38214e-07 0.100039 0.15858 0.2206 0.278738 0.055983 6.60186e-07 2.9738e-07 4.33806e-07 0.0659806 4.30805e-11 9.26517e-07 0.00438897 4.04016e-05 0.00593839 2.74243e-11 4.16806e-08 
0.00550122 0.0522739 2.55136e-06 0.000372617 0.0057718 0.00630485 0.0012819 0.000167276 0.0140673 0.021268 1.43207e-05 0.000180273 0.0156347 0.238112 2.20673e-05 0.00414129 0.0013187 0.0146979 0.0122238 0.0607995 0.545844 
0.00755417 0.0583723 1.76665e-10 0.0011364 9.73254e-07 0.0244521 4.48249e-07 0.000191471 0.110757 0.0117332 1.82503e-10 6.04694e-08 0.0168895 0.659824 2.88216e-10 7.60471e-07 0.108534 0.000260194 1.0221e-06 6.17248e-05 0.000230583 
0.00117229 0.00016866 1.06746e-12 2.79413e-05 2.12571e-05 0.000564789 3.88372e-05 3.40591e-05 9.23241e-05 4.36303e-05 1.81389e-10 1.12843e-07 1.0927e-05 0.000125452 1.74149e-12 6.02301e-07 7.69093e-05 4.92291e-05 0.997549 1.48554e-05 8.79487e-06 
0.211583 0.0822252 1.72122e-08 0.0431831 0.0060328 0.00891074 0.000202627 0.000163854 0.0210904 0.0781091 4.39714e-05 3.10796e-07 0.293148 0.039254 1.14394e-05 1.20978e-06 0.0136889 8.9084e-05 6.71895e-05 6.94389e-06 0.202189 
0.00771867 0.0188649 0.000526767 0.00190151 0.0366064 0.125969 0.0893249 0.0102989 0.0390759 0.100043 0.00418453 0.00226102 0.223062 0.00471135 0.00124026 0.184315 0.135071 0.00362913 0.0022519 0.00147242 0.00747122 
0.0120774 0.0673027 1.71395e-07 0.00603652 0.0070986 0.121386 0.0430411 0.08791 0.364396 0.0355228 0.000890164 2.34402e-05 0.111014 0.00434012 4.32172e-07 0.089038 0.031024 2.2763e-05 7.88303e-07 0.0170968 0.00177854 
5.15953e-05 9.57993e-05 2.83054e-10 0.00762726 1.29405e-05 4.84213e-05 0.00645034 3.20023e-06 0.131635 3.69368e-05 2.92408e-10 1.11721e-06 2.90296e-05 1.68205e-05 4.61782e-10 5.53259e-06 0.853966 9.89924e-07 1.23756e-05 2.93963e-10 6.92843e-06 
0.00130175 0.0290891 2.11384e-09 0.00373021 0.00105538 0.00254327 1.31385e-05 0.00668388 0.0141376 0.000820224 0.722185 0.000137997 0.000630814 0.189137 9.86498e-09 0.000667279 0.0260063 0.00183 8.77153e-06 1.29059e-07 2.21591e-05 
