0.0013561 0.0455566 4.72313e-11 0.00272038 7.49056e-05 0.000538207 0.00103749 0.0138477 0.00328399 0.00412252 0.00130014 0.00222669 6.07075e-05 0.129884 1.31131e-08 0.000373153 0.000724954 0.00402603 0.00387507 0.783845 0.00114614 
0.124578 0.00179266 1.23449e-09 3.33545e-07 0.0145606 0.503056 0.0165934 8.7449e-08 0.0211025 0.010891 6.99127e-08 1.58906e-08 0.156186 1.14679e-06 3.81456e-08 0.000829252 0.148824 1.53045e-07 8.8778e-07 1.28207e-09 0.00158379 
0.0376033 0.0105079 8.47407e-07 0.000309722 1.74049e-05 0.0012293 0.00260385 9.0983e-05 0.0524745 0.00802977 0.000160339 8.7828e-06 0.0114772 0.854427 1.10394e-05 0.00415221 0.00441944 0.000303989 0.000107388 4.06932e-06 0.0120613 
0.00907543 0.0127519 6.10088e-08 5.5146e-06 9.98509e-07 0.0042778 0.00250674 6.04215e-05 0.0134601 0.00826768 1.11802e-06 8.82893e-08 0.000822826 0.581185 1.77387e-07 0.279317 0.0482704 0.000358444 0.03932 0.000222586 9.50775e-05 
0.175199 0.229011 6.57065e-07 0.00486099 0.0132709 0.0196789 0.0118499 0.000244492 0.132221 0.0241649 0.000890922 7.55824e-07 0.0278433 0.26483 0.00110833 0.0236794 0.0284706 0.000678741 0.00653262 0.00756669 0.0278982 
0.0194955 0.0530168 2.1312e-07 0.0102391 0.00033389 0.000757905 0.0108002 0.000754397 0.00782109 0.0357482 0.00081725 0.000117068 4.75486e-05 0.841267 3.4769e-07 0.00818216 0.0083272 0.00211713 9.87265e-05 1.03461e-05 4.77396e-05 
0.324851 0.171999 1.55652e-06 0.0107149 0.0165222 0.017361 0.00591823 0.00365065 0.0561978 0.00536989 3.97189e-06 1.64839e-05 0.0218149 0.195336 0.000157278 0.000546764 0.163235 1.09948e-05 0.00324403 0.000315061 0.00273357 
0.0053513 0.0371722 2.89459e-10 0.000206206 0.000211095 6.89056e-06 5.96294e-09 0.00436 0.0131757 5.73475e-05 0.0488469 1.66733e-06 0.000586949 0.874299 4.00619e-08 4.41678e-07 0.0153761 0.000346368 8.51322e-07 3.00615e-10 1.39325e-06 
0.00532501 0.0421507 1.01146e-07 0.00442727 0.00645206 0.0444275 0.0144084 0.0609374 0.143445 0.025131 0.00621618 0.000122048 0.00300604 0.373614 1.57234e-07 0.0137771 0.197753 2.00204e-05 0.000108908 8.63442e-05 0.0585917 
0.0551549 0.0938641 4.27567e-09 0.0146798 0.010171 0.00794542 0.00929159 0.0768403 0.00386055 0.0170237 4.41697e-09 4.20351e-07 0.0138287 0.459205 6.97546e-09 0.00175481 0.0787805 1.78088e-06 0.122 3.56826e-06 0.0355935 
0.00576159 0.00289273 2.83038e-05 0.00590161 0.000464771 0.11252 0.0561158 7.25688e-05 0.0294521 0.0981622 0.00125028 0.0112945 0.00299967 0.599258 4.70684e-05 0.000889707 0.0507812 0.00398874 6.56604e-05 0.000129978 0.0179239 
0.011096 0.0528341 1.22056e-06 0.18384 0.000952117 0.304215 0.00185985 0.0531175 0.0680722 0.0734634 0.0463493 0.00024795 0.0170273 0.0840025 3.66282e-06 0.00382677 0.088065 0.00450548 0.00299431 0.00164919 0.00187702 
0.095395 0.058222 2.68652e-09 0.00264768 0.0166727 0.00327505 0.0252201 0.000143826 0.0923806 0.0699451 4.99019e-05 0.000213382 0.0810854 0.510365 4.38287e-09 0.000627889 0.0351539 0.0024684 0.00111127 1.86654e-05 0.00500396 
0.00374766 0.0226662 6.47984e-06 0.00287463 0.00137368 0.0133885 0.0963275 0.000494535 0.0957934 0.0139915 4.59527e-05 0.000188407 0.0152149 0.637828 0.00252675 0.00323415 0.0788967 0.00076598 0.000724647 9.48373e-06 0.00990117 
0.00701135 0.0210566 2.69765e-10 0.000283887 0.00135565 0.000110559 0.0162242 0.0148336 0.031371 0.0106502 0.000777073 8.86534e-09 0.00374452 0.087613 4.40102e-10 0.0041706 0.0557588 8.01607e-06 0.000193005 1.96345e-05 0.744818 
0.0717343 0.145367 2.37094e-10 0.000488626 0.000432017 0.448423 0.0151783 0.000719412 0.0256561 0.00939286 2.44929e-10 1.30559e-07 0.0586886 0.0846126 3.86802e-10 0.0558653 0.0812097 0.000262781 0.000237859 6.79828e-05 0.00166382 
0.00230609 0.0242214 3.35464e-10 0.0187638 7.97184e-06 0.0526719 0.187465 0.00044685 0.0638304 0.108788 0.00166973 2.77632e-05 0.00563604 0.0173863 5.47285e-10 0.0109084 0.489525 5.97638e-06 6.96759e-05 0.000336003 0.0159342 
0.0013561 0.0455566 4.72313e-11 0.00272038 7.49056e-05 0.000538207 0.00103749 0.0138477 0.00328399 0.00412252 0.00130014 0.00222669 6.07075e-05 0.129884 1.31131e-08 0.000373153 0.000724954 0.00402603 0.00387507 0.783845 0.00114614 
0.00905601 0.031786 4.02986e-08 0.000678559 0.00112285 0.111534 0.0784024 0.00780475 0.0342953 0.0383645 4.97274e-07 2.7501e-06 0.0444981 0.0215991 2.23835e-06 0.00723174 0.604649 0.000411026 0.0060526 0.000184926 0.00232339 
0.0147012 0.115406 3.96427e-06 0.00036709 0.053682 0.0108333 0.11449 0.00273481 0.473165 0.00277878 7.81509e-05 3.34643e-05 0.00185872 0.0980046 9.49996e-06 0.00202114 0.108945 7.18777e-05 2.42927e-05 0.000314314 0.000476844 
0.117957 0.23768 2.70231e-09 1.63505e-06 1.11428e-05 0.167969 0.00928651 0.000272434 0.171694 0.0249302 2.79162e-09 1.45234e-07 0.0140957 0.244454 4.40863e-09 8.98033e-05 4.73033e-06 0.000402292 2.95488e-05 6.65527e-06 0.0111144 
5.74228e-06 6.80558e-06 1.02551e-10 5.91299e-06 1.75224e-06 1.25515e-05 8.07031e-07 2.61814e-06 0.13829 0.057736 1.0594e-10 1.08668e-07 0.0820872 0.113909 1.67304e-10 1.36918e-06 0.457502 0.000509323 0.00533822 0.144587 2.72022e-06 
0.0010706 0.00220465 2.66586e-08 0.0111 8.65937e-05 0.0132006 0.00325715 0.000751052 0.0184482 0.2151 0.000428179 0.000105055 0.034883 0.0455036 0.00321855 0.00275698 0.121735 0.12026 0.405731 8.89747e-05 7.08942e-05 
0.0103083 0.0088847 1.58922e-11 3.53289e-07 9.09202e-07 2.23803e-06 1.73094e-08 3.84467e-06 0.059079 3.30314e-08 0.127244 5.41472e-07 7.11808e-07 0.711427 2.5927e-11 1.43435e-07 0.0800116 0.00264877 0.000387303 7.09864e-08 4.52499e-07 
0.0408962 0.195666 1.01994e-07 0.0136308 0.000342932 0.00866677 0.0661389 0.00628426 0.0386559 0.0116047 0.0884431 4.3747e-05 0.000417392 0.444234 5.36747e-07 0.000487637 0.0785043 0.0028219 0.000472811 0.000323235 0.0023652 
0.0276811 0.139951 9.8043e-07 0.0392759 0.0816302 0.219476 0.0357601 0.027209 0.029255 0.0117809 0.00178283 2.3265e-06 0.0169228 0.0380688 1.43648e-05 0.00315899 0.306381 0.000213092 5.8624e-06 3.73874e-06 0.0214262 
0.0381974 0.0543877 2.86955e-05 0.000826255 0.00401959 0.0428112 0.0114184 0.0073849 0.0485576 0.111805 0.000190468 3.56896e-05 0.333057 0.0297921 9.93214e-05 0.0254957 0.242509 0.00994962 0.000760668 0.00085921 0.0378139 
0.00493874 0.00460253 6.41811e-06 0.00727446 0.0461121 0.284239 0.0704201 0.00327614 0.0503554 0.309711 0.00796621 0.00045784 0.0342454 0.00678603 0.0006894 0.00380618 0.148357 0.000764806 0.000540429 0.000688876 0.0147626 
2.91188e-05 2.29714e-05 9.07103e-13 1.16112e-05 3.893e-06 0.000703446 1.5091e-05 5.04413e-05 1.72573e-05 9.89443e-10 9.37079e-13 1.1275e-07 3.50729e-06 4.73226e-06 1.47987e-12 6.02158e-07 4.57718e-05 5.06579e-05 0.999038 3.67387e-07 2.41616e-06 
0.00767198 0.038014 6.06752e-06 0.0251041 0.000587956 0.0239031 0.0355202 0.0128962 0.0425143 0.271541 0.000627082 0.0134508 0.0236507 0.0729805 0.00253035 0.00135082 0.0742782 0.0694841 0.279047 0.000670787 0.00417083 
0.0248203 0.238063 9.67962e-08 0.0013581 0.0134719 0.0147143 0.00331292 0.00477371 0.0966989 0.0184661 0.000146646 2.12428e-06 0.00351482 0.547942 1.55493e-05 0.00840107 0.00770088 0.00155258 0.00943085 4.32479e-05 0.00557172 
0.113697 0.100959 3.53619e-07 0.0067151 0.212751 0.0136516 0.00753666 0.000470749 0.0213654 0.118533 3.65306e-07 1.23009e-05 0.0208491 0.3172 0.000124495 7.60448e-06 0.017978 0.000243958 0.0287409 0.00705578 0.0121081 
0.00627878 0.0173257 4.75628e-05 0.000289464 0.00126667 0.00503328 0.0440717 0.00737488 0.0325778 0.321333 0.204769 0.0057567 0.00696417 0.208071 6.52869e-05 0.0177322 0.0822483 0.0207228 0.00349309 0.00424758 0.0103306 
0.00117229 0.00016866 1.06746e-12 2.79413e-05 2.12571e-05 0.000564789 3.88372e-05 3.40591e-05 9.23241e-05 4.36303e-05 1.81389e-10 1.12843e-07 1.0927e-05 0.000125452 1.74149e-12 6.02301e-07 7.69093e-05 4.92291e-05 0.997549 1.48554e-05 8.79487e-06 
0.00432314 0.00281548 3.02197e-12 0.00048376 0.00204025 0.0882214 3.27228e-08 7.31079e-07 0.0186654 6.28106e-09 6.20248e-06 0.000381067 0.00192215 0.589205 4.93013e-12 0.000381873 0.290973 0.00020152 0.000378539 3.13844e-12 8.60445e-08 
0.0196569 0.291024 1.12249e-11 0.00857513 0.0050671 0.089013 0.0354109 0.0240266 0.149969 0.00807302 0.00128709 1.22383e-09 0.103285 0.00176876 1.83127e-11 0.025782 0.236801 2.76603e-07 1.24629e-07 1.09564e-05 0.000248931 
0.11992 0.0187032 3.72245e-08 0.00206774 0.000894388 0.457328 9.97263e-05 0.000348145 0.14376 0.000553673 1.31925e-07 9.31285e-08 0.0190633 0.00456797 1.47722e-07 0.000224827 0.157044 7.62757e-06 1.20617e-05 0.0743309 0.00107393 
0.0223771 0.0622524 3.23751e-10 0.0172305 0.00423376 0.00776879 0.0478747 0.000659754 0.0120113 0.0462882 0.00120944 0.141022 0.0567385 0.513396 0.0379969 0.0078556 0.00678221 0.00609985 0.00820151 1.09205e-07 2.04125e-06 
0.00676035 0.0714521 1.27438e-12 0.000617331 0.0191809 0.354754 0.00179989 0.000196476 0.0271149 0.00605286 1.3165e-12 2.62372e-07 0.019117 0.0067222 2.07907e-12 0.000669394 0.484065 2.57198e-05 2.90147e-05 8.24378e-09 0.00144286 
0.0208033 0.0407244 1.65266e-10 4.21055e-07 4.74949e-07 0.0457079 1.06288e-06 1.87138e-07 0.878834 3.50457e-09 2.05044e-07 1.91031e-07 1.48111e-07 2.73809e-06 2.6962e-10 0.0138474 2.98067e-07 5.87324e-05 1.94365e-07 1.71635e-10 1.81176e-05 
0.00351039 0.0735388 3.88916e-11 0.000648296 0.00089923 0.00800569 2.5242e-07 0.00575311 0.06717 0.00015735 0.0243817 0.00024585 0.000306184 0.786725 3.62658e-09 8.46524e-05 0.0278284 0.000591799 8.12876e-08 1.01035e-07 0.00015361 
0.787142 0.0753836 1.42033e-08 0.00192913 0.0015394 0.0188087 0.000576811 0.0627036 0.0094973 0.00644005 0.00213144 9.76738e-08 0.0055428 0.00100307 0.000232914 0.000630615 0.019928 3.84463e-06 0.000516309 1.20674e-07 0.00598995 
0.0107797 0.123952 4.8209e-08 0.000277876 0.116613 0.0150265 0.0245576 0.00422336 0.308591 0.0220118 3.12313e-07 5.11854e-06 0.00943897 0.16786 0.00139975 0.010792 0.173952 0.000101875 0.000279061 2.03243e-05 0.0101188 
0.00692422 0.247004 3.26642e-08 0.00260156 0.000150444 0.0317832 0.000180816 0.146675 0.0277209 0.00924129 0.00828871 1.77662e-05 0.00183445 0.169654 8.48493e-07 0.000528869 0.247886 0.000704896 0.00437298 0.0922392 0.00219051 
0.00709025 0.0314037 0.000302393 0.00481392 0.0378761 0.0201272 0.0373793 0.00246678 0.0125303 0.190156 0.469584 0.00449276 0.0743112 0.000845556 0.00244606 0.0565258 0.0386337 0.00133361 0.000904855 0.00231276 0.004463 
0.000866799 0.00444198 5.07074e-10 0.00108648 0.00456846 0.00113787 1.86034e-05 3.90984e-06 0.0467635 0.00689771 3.9947e-07 4.59773e-07 1.47677e-06 0.0440105 8.27256e-10 0.000978544 8.67521e-05 2.08501e-05 0.888618 7.88392e-06 0.000489602 
5.19997e-05 0.000593053 1.27439e-11 0.00216123 8.90317e-08 0.00144786 0.000188976 1.24879e-05 0.00227009 0.269786 0.689922 5.16552e-05 0.00166786 0.0206509 2.07908e-11 0.000605823 2.26369e-05 0.00853202 0.000908856 0.00070604 0.00042029 
0.020335 0.0329323 1.37369e-11 2.76968e-08 0.000107575 0.103782 0.0293449 0.0112672 0.121707 0.044942 0.000154086 1.27054e-07 0.0246746 0.241945 2.24108e-11 0.00295866 0.31745 0.000143077 0.0470493 4.48691e-06 0.00120357 
0.0223771 0.0622524 3.23751e-10 0.0172305 0.00423376 0.00776879 0.0478747 0.000659754 0.0120113 0.0462882 0.00120944 0.141022 0.0567385 0.513396 0.0379969 0.0078556 0.00678221 0.00609985 0.00820151 1.09205e-07 2.04125e-06 
0.0327762 0.0733371 1.39046e-07 0.000459407 0.0259035 0.0308856 0.0050586 0.00041166 0.474587 0.114358 1.62699e-06 3.4276e-06 0.019364 0.105625 7.22483e-06 0.0705032 0.00938455 8.33318e-06 0.000105042 0.00348073 0.0337391 
0.000179453 0.0102111 1.2552e-10 5.446e-07 1.61425e-07 0.106679 7.43441e-08 2.41126e-07 0.0808567 0.0174934 1.29668e-10 1.01191e-08 8.68823e-07 0.00746238 2.04778e-10 2.14648e-05 0.0493596 4.26307e-08 0.000105378 0.727629 2.50546e-07 
0.057248 0.0181562 1.25177e-09 0.000750958 0.000530963 0.0587109 0.00548525 0.000138288 0.0918367 0.0529344 4.72986e-08 1.1512e-07 0.00529199 0.556691 2.04218e-09 0.00244051 0.0511227 0.000932922 1.53292e-05 0.000159639 0.0975543 
0.000319223 0.000218202 4.5055e-12 4.82233e-05 0.000314954 0.00419384 0.646253 2.51533e-09 0.00400036 0.000630716 3.02583e-08 2.27873e-05 4.89971e-10 0.014719 7.3504e-12 4.84843e-08 0.329171 0.00010915 2.33028e-08 4.67914e-12 1.40703e-08 
0.133003 0.0535982 3.89736e-08 0.000654658 0.00122368 0.00216338 0.0452968 0.00708315 0.116208 0.20605 6.53387e-05 0.0006728 0.0565456 0.251525 2.08933e-05 0.0163728 0.0470903 0.00360047 0.00174878 0.00365854 0.0534175 
0.00881732 0.0372332 1.18857e-06 0.000528839 0.00428612 0.0200905 0.0564572 0.00132332 0.238548 0.0221077 6.15759e-06 0.00156739 0.00525128 0.545175 0.000328195 0.019426 0.0275389 0.000110019 0.00116988 0.00632354 0.00371035 
0.295046 0.40946 1.91133e-11 0.0096822 0.00271981 0.0124158 0.000578116 0.000193466 0.0233533 0.0533511 1.07321e-07 1.47848e-08 0.0266873 0.0467618 3.11821e-11 0.0013446 0.107101 0.00146447 0.00906425 2.09423e-06 0.000774354 
0.0305489 0.186099 1.27019e-09 0.011534 0.00109516 0.0216953 0.000819389 0.0222935 0.0963648 0.00690068 0.000680564 3.74409e-05 0.027973 0.448914 2.07223e-09 0.000980944 0.13155 1.47677e-05 0.000269994 4.66876e-07 0.0122287 
0.00168301 0.0229945 6.81689e-12 0.000414527 4.52545e-07 7.97016e-09 0.000120421 0.970022 0.00413805 0.000128544 8.42129e-09 3.69786e-10 7.06568e-05 0.000154904 1.18669e-09 0.00011414 4.39465e-05 4.6623e-07 4.60619e-06 2.17417e-05 8.83813e-05 
0.00242133 0.00115314 1.95841e-12 0.000169031 3.51187e-05 0.00053227 5.14962e-05 9.73026e-06 0.000131341 6.54509e-05 7.04186e-07 1.6979e-07 3.98222e-06 0.000372613 3.19501e-12 9.04269e-07 0.000242196 5.77296e-05 0.994669 2.11374e-05 6.22268e-05 
0.0138098 0.0406161 2.86668e-07 0.00116431 0.000354041 0.0172924 0.00915611 0.027805 0.0662629 0.0200138 6.2454e-05 5.5578e-05 0.00930475 0.16482 9.24924e-06 0.00160126 0.516694 0.000198734 0.000351025 0.0734512 0.0369768 
0.000840278 0.10831 3.85817e-05 0.0340305 4.57483e-05 0.0536913 0.0256527 0.00787282 0.017879 0.0983861 0.00104512 0.000110931 0.0161774 0.436073 0.000122613 0.00276087 0.0210089 0.159126 0.0133527 0.00242609 0.00104926 
0.00302013 0.0118186 9.76374e-09 0.000888262 0.000124501 0.00358857 0.00639263 0.000813809 0.0273765 0.00910267 0.000617725 7.81982e-05 0.00884409 0.88197 1.59289e-08 0.00453048 0.0230889 0.00166321 0.00601759 0.000148465 0.00991607 
0.0120774 0.0673027 1.71395e-07 0.00603652 0.0070986 0.121386 0.0430411 0.08791 0.364396 0.0355228 0.000890164 2.34402e-05 0.111014 0.00434012 4.32172e-07 0.089038 0.031024 2.2763e-05 7.88303e-07 0.0170968 0.00177854 
0.00808221 0.0344371 2.08753e-05 0.000531849 0.00199451 0.00444074 0.0283878 0.0127918 0.0233513 0.0789692 0.000594644 0.000286286 0.0512211 0.209006 0.00110851 0.232549 0.0178834 0.00141984 0.235196 0.0337607 0.0239677 
0.0125096 0.00481885 8.5921e-08 2.16003e-06 0.0302485 0.0356531 0.0267678 0.000114314 0.392353 0.135487 0.201503 8.37817e-06 0.0925773 0.00107226 0.0125477 0.00415302 0.0488763 9.40323e-05 2.05362e-05 1.18117e-05 0.00118183 
0.000425338 0.0193083 3.52367e-06 7.07212e-05 9.06016e-05 0.000970802 0.00154562 0.00147398 0.00852016 0.0442172 0.00130242 0.000115594 0.000523589 0.902472 6.71566e-06 0.00653775 0.0104833 6.13603e-05 0.00102082 0.000833023 1.69074e-05 
0.00250965 0.0132064 3.52118e-07 0.00216959 0.00300411 0.00228659 0.00997059 7.71261e-06 0.12797 0.0856034 2.13144e-05 1.91299e-05 0.0917092 0.519753 0.00420199 0.00485975 0.0107383 0.00248997 0.0330882 0.0155917 0.0707986 
0.000128674 0.00426226 1.49882e-09 0.00255758 2.70508e-05 0.000203318 0.0138033 3.74061e-07 0.0127264 0.0171154 0.00989494 2.88168e-05 0.00748444 0.922804 2.44521e-09 0.000109931 0.00596194 0.00288553 2.55779e-07 2.25055e-06 3.85417e-06 
0.0163558 0.0247647 5.46151e-07 0.00429365 0.00287881 0.0923673 0.0497591 0.0245845 0.495134 0.0171148 0.00336621 1.47606e-05 0.0377559 0.013375 3.35506e-06 0.00293502 0.202397 0.000190866 0.00866246 0.000142776 0.00390282 
0.21649 0.259789 1.40127e-10 2.51164e-07 1.01164e-06 0.027599 2.56843e-06 0.00474794 0.109898 0.0958533 1.44758e-10 1.36255e-07 0.0700998 5.68289e-07 2.28608e-10 0.00546579 0.201978 5.02244e-05 9.89843e-09 1.45528e-10 0.00802376 
0.000294371 0.00656417 4.10071e-06 0.00296444 0.000239569 0.00187678 0.00524811 0.0042089 0.0018816 0.00398495 0.176354 0.764772 0.00114117 0.0165674 4.89638e-06 7.67739e-05 0.00569632 0.00803304 2.04509e-05 7.25899e-06 6.00907e-05 
0.0223771 0.0622524 3.23751e-10 0.0172305 0.00423376 0.00776879 0.0478747 0.000659754 0.0120113 0.0462882 0.00120944 0.141022 0.0567385 0.513396 0.0379969 0.0078556 0.00678221 0.00609985 0.00820151 1.09205e-07 2.04125e-06 
1.14057e-05 0.0201705 1.73633e-06 0.00061829 7.91472e-05 0.0224237 0.764194 0.0268692 0.0433257 0.0814068 0.0139387 4.97054e-05 0.000173687 0.00438627 2.8327e-06 0.00703336 0.00241228 3.84269e-06 5.28364e-05 0.0126415 0.000204994 
0.0278604 0.00742869 1.81978e-07 1.70869e-06 0.000168428 0.00831268 0.0912573 1.93616e-06 0.030743 0.00230844 2.37926e-05 9.02134e-07 0.286224 0.224645 2.96884e-07 0.262555 0.0578135 0.000107809 2.5261e-05 1.45309e-05 0.000507136 
0.406892 0.0509617 1.16195e-07 1.88671e-05 0.13418 0.103035 0.00300517 0.00464651 0.0278536 0.0302755 6.70922e-06 7.77621e-07 0.0297553 0.0191927 8.73409e-07 0.0012805 0.0524975 2.51769e-05 0.119488 0.0114709 0.00541378 
0.163531 0.0122749 9.02594e-09 0.000114577 0.00178005 0.0716758 0.0147462 0.0153261 0.316925 0.0114719 4.26227e-06 2.33962e-05 0.021254 0.189133 6.43672e-05 0.00184598 0.154863 1.50099e-05 0.000202949 9.3738e-09 0.0247482 
1.91208e-06 0.00566763 3.41477e-11 0.0041367 5.893e-05 0.0555907 2.68728e-07 8.71797e-07 0.18201 0.0264653 6.70601e-08 3.61847e-08 0.11875 0.42486 5.57095e-11 0.00743181 0.174741 0.000246615 6.12731e-07 3.70063e-05 9.05786e-07 
0.00121667 0.0197032 7.01525e-09 0.000703679 0.000457534 0.307416 0.0876773 0.0022229 0.0201025 0.0188283 1.91202e-07 0.000196862 0.00199411 0.483103 0.000153622 0.0124171 0.0249016 2.85303e-05 0.00588493 1.05486e-07 0.012992 
0.0765549 0.177589 1.75522e-06 0.00177364 0.00774143 0.0147853 0.0160876 0.0135334 0.0333077 0.0995319 0.00235124 3.25104e-06 0.0999853 0.261837 0.000311219 0.00171737 0.18249 0.000202532 0.00415088 0.00256836 0.00347673 
0.0160628 0.0293478 7.93376e-06 0.00232202 0.000994181 0.0209915 0.0020214 0.0114045 0.00897732 0.011928 1.29676e-05 7.9534e-06 0.011651 0.0166322 0.000226169 0.00238495 0.0161483 0.000191605 0.841689 0.00192382 0.00507423 
6.36165e-05 0.0186262 7.18877e-10 7.44274e-05 1.62673e-06 1.75781e-07 0.0121483 0.00133329 0.0317406 0.00354016 8.21628e-07 9.52769e-07 1.9383e-07 0.931708 1.1728e-09 2.06863e-07 0.000408796 0.000273125 2.94459e-05 4.92605e-05 4.33372e-07 
0.00975533 0.00908911 3.80125e-12 0.000701277 0.000829147 0.240316 0.000569251 0.000631951 0.00822436 0.00327063 3.92687e-12 2.94624e-09 0.555881 0.000157468 6.20148e-12 6.69756e-05 0.157848 1.81561e-07 3.00986e-06 1.94012e-05 0.0126369 
0.00375243 0.00393159 7.69385e-13 0.000536825 0.000132789 0.0220541 0.000148347 0.000724828 0.0789643 0.0250966 7.9481e-13 2.77278e-06 0.0336984 0.0225528 1.2552e-12 0.000664623 0.799435 2.25627e-05 0.000423843 8.33794e-07 0.00785724 
0.00701135 0.0210566 2.69765e-10 0.000283887 0.00135565 0.000110559 0.0162242 0.0148336 0.031371 0.0106502 0.000777073 8.86534e-09 0.00374452 0.087613 4.40102e-10 0.0041706 0.0557588 8.01607e-06 0.000193005 1.96345e-05 0.744818 
0.0627872 0.07754 5.06729e-06 0.0014782 0.00598774 0.0359531 0.197762 0.0256956 0.0597233 0.0195125 0.000168717 1.09784e-05 0.168439 0.0173883 1.86311e-05 0.0166755 0.300722 8.45997e-05 0.00014346 0.00286509 0.00703893 
0.0415817 0.0246079 1.05044e-08 5.96903e-06 0.00354972 0.011666 0.000401663 4.50242e-07 0.229705 0.196053 0.0121267 0.000469902 0.0527634 0.285736 1.71371e-08 0.00145739 0.137954 0.000357702 0.000329784 4.35004e-06 0.00122969 
0.00991462 0.0356041 2.29746e-05 0.00916386 0.00250065 0.0452299 0.105246 0.0261155 0.024959 0.0643481 0.000392125 0.260283 0.0388116 0.0757804 0.00142982 0.00572715 0.253186 0.00749103 0.0124765 0.00117459 0.0201432 
0.0459041 0.00471278 1.33739e-06 1.50465e-05 0.000326127 0.043358 0.0920505 0.0525664 0.0558856 0.0106952 0.0183149 0.0800217 0.000712649 0.447917 2.18186e-06 0.00451659 0.135557 7.30588e-06 3.32432e-05 0.000300722 0.00710149 
0.00976938 0.156547 4.97427e-12 0.0018689 0.00432588 0.00602504 6.32657e-08 0.0206994 0.143317 1.03388e-08 1.02095e-05 1.69481e-07 2.22796e-07 0.539804 8.11517e-12 0.000507362 0.115223 0.000981037 8.65279e-08 2.53184e-08 0.000920752 
0.00127252 0.0188911 1.42453e-08 0.000237077 0.00019809 0.00180308 7.00597e-06 0.00310897 0.00996162 4.24224e-05 0.0275871 5.18643e-05 0.000367066 0.926694 1.32785e-06 1.3739e-05 0.00946663 0.000226351 2.64829e-05 1.47944e-08 4.33361e-05 
0.0223771 0.0622524 3.23751e-10 0.0172305 0.00423376 0.00776879 0.0478747 0.000659754 0.0120113 0.0462882 0.00120944 0.141022 0.0567385 0.513396 0.0379969 0.0078556 0.00678221 0.00609985 0.00820151 1.09205e-07 2.04125e-06 
1.43113e-05 0.0639919 1.27622e-08 3.81198e-07 0.0261998 0.0603357 0.184718 1.38869e-06 0.115938 0.0321745 0.00660285 5.92327e-07 0.00745284 0.493635 4.48979e-05 0.00395877 4.68019e-06 7.23217e-07 0.000314452 4.52985e-06 0.00460669 
7.27825e-05 5.74219e-05 3.86628e-13 2.33802e-05 8.32409e-06 0.00119264 1.11995e-06 5.51644e-05 3.55749e-05 1.05345e-09 3.99404e-13 2.80403e-07 6.75507e-10 6.12911e-10 6.30756e-13 1.50311e-06 5.93826e-05 6.33651e-05 0.998426 4.62594e-09 3.47048e-06 
0.000941915 0.00391798 3.43227e-12 0.000890754 5.86457e-08 0.017392 0.000356566 8.76265e-08 0.0431215 0.0117692 3.54606e-08 3.63702e-09 0.0159143 0.0579062 1.1255e-09 0.000119191 0.847488 0.000178067 6.15871e-08 3.7196e-06 9.10428e-08 
0.0594175 0.0209165 5.29256e-06 5.57462e-06 0.00101697 0.00618495 0.136187 3.88282e-05 0.429865 0.0364617 0.000202527 5.05301e-05 0.000711767 0.247041 0.000284662 0.000112754 0.0609945 7.09026e-05 0.000253373 7.46196e-06 0.000171324 
0.000634927 0.00038615 6.24476e-07 6.15724e-05 0.000168313 0.00466176 0.590782 2.70743e-05 0.024514 0.0354455 0.0121859 0.000581911 0.000199775 0.105155 8.6033e-06 0.00030982 0.181177 2.21967e-05 0.0388275 1.53948e-05 0.00483469 
0.0013561 0.0455566 4.72313e-11 0.00272038 7.49056e-05 0.000538207 0.00103749 0.0138477 0.00328399 0.00412252 0.00130014 0.00222669 6.07075e-05 0.129884 1.31131e-08 0.000373153 0.000724954 0.00402603 0.00387507 0.783845 0.00114614 
0.0183463 3.41514e-05 2.01284e-08 5.30877e-06 0.00386564 0.0111926 1.31185e-05 5.76504e-05 0.0173245 0.00292368 0.0004891 8.13802e-06 0.0230825 0.922553 1.95572e-05 2.15599e-06 6.55551e-05 6.62325e-06 4.16065e-06 2.09041e-08 6.79148e-06 
0.00586955 0.0609467 3.07052e-06 0.000279807 0.000121716 0.028753 0.0111232 0.000319947 0.0756033 0.104551 0.00300839 6.13955e-05 0.0173136 0.623516 1.22828e-05 0.0123208 0.0471566 0.00103554 0.00275277 0.00121923 0.00403269 
8.00331e-05 0.00748132 1.17625e-09 0.000120159 3.19656e-07 0.000720622 2.50841e-05 0.000116297 9.78735e-05 0.0094594 1.21512e-09 3.28052e-08 9.19833e-05 9.66237e-05 1.91897e-09 1.1826e-05 0.0014602 4.964e-06 0.933468 1.22158e-09 0.0467653 
0.0372869 0.0102073 1.18123e-07 0.000763631 0.00403558 0.189379 0.0868376 0.293841 0.0325882 0.0432197 0.000509921 6.90964e-07 0.21345 0.00354003 4.52992e-06 0.0153267 0.0236809 1.86259e-05 0.000496328 1.07465e-06 0.0448122 
0.0631914 0.0238909 9.16829e-07 0.000113352 0.00713382 0.0535603 0.0183203 0.00115603 0.441279 0.061751 0.0365721 0.000358516 0.0603883 0.0330019 2.62181e-05 0.0107971 0.124686 6.24775e-05 7.70114e-05 0.000622507 0.0630105 
0.000755065 0.0272537 2.78345e-10 0.97031 5.2241e-05 0.000588993 5.00449e-05 0.000326675 6.64564e-05 1.0058e-05 0.000142867 3.61749e-06 4.76634e-05 3.89594e-06 1.33165e-09 4.72268e-06 0.000358721 1.81371e-05 6.31769e-06 1.55005e-07 8.94856e-07 
0.149542 0.272281 3.21109e-09 0.0531779 0.00142245 0.00397894 0.00657951 0.00113415 0.172642 0.00687278 2.24629e-08 1.39505e-05 0.0110268 0.239465 0.00130832 0.00114189 0.0737246 3.42641e-05 0.00390852 1.15104e-05 0.00173383 
0.00168301 0.0229945 6.81689e-12 0.000414527 4.52545e-07 7.97016e-09 0.000120421 0.970022 0.00413805 0.000128544 8.42129e-09 3.69786e-10 7.06568e-05 0.000154904 1.18669e-09 0.00011414 4.39465e-05 4.6623e-07 4.60619e-06 2.17417e-05 8.83813e-05 
0.0174607 0.022332 7.49939e-05 0.0022841 0.0187713 0.153458 0.0752708 0.00582921 0.0563214 0.0328039 0.000897573 0.000953249 0.299884 0.0136321 0.00120204 0.0112838 0.18337 0.00116842 0.0735586 0.00331529 0.0261286 
0.00405453 0.0348438 6.16877e-06 0.0124274 0.000137279 0.00707889 0.00854655 0.000121083 0.0794684 0.0255318 0.00139079 6.47186e-05 0.00278362 0.78749 0.0020243 0.00505674 0.0187576 0.00054546 0.00459994 7.21571e-05 0.00499889 
0.000254978 0.188483 8.78263e-12 0.00114876 0.00814435 0.580464 0.00973793 0.0845174 0.0072751 0.000641736 0.00310919 7.82179e-08 0.000649704 0.0230168 4.92741e-08 0.00269325 0.0796384 0.000109545 1.08807e-05 1.00531e-06 0.0101043 
0.000755065 0.0272537 2.78345e-10 0.97031 5.2241e-05 0.000588993 5.00449e-05 0.000326675 6.64564e-05 1.0058e-05 0.000142867 3.61749e-06 4.76634e-05 3.89594e-06 1.33165e-09 4.72268e-06 0.000358721 1.81371e-05 6.31769e-06 1.55005e-07 8.94856e-07 
0.00727065 0.0107413 4.48425e-07 5.68833e-05 0.00366129 0.0191236 0.495385 2.06641e-06 0.0506098 0.0970318 6.61235e-06 0.00095568 0.0115187 0.12735 1.64479e-06 0.0567871 0.11676 8.87749e-05 1.68844e-05 1.07688e-06 0.00263031 
0.00916241 0.508651 2.60282e-11 0.0359006 0.000242082 0.0250615 0.00466277 0.0294664 0.0948503 0.0315164 0.191277 0.000428957 0.0292361 0.00258526 4.24631e-11 0.00185622 0.0341055 0.000344147 0.000548119 2.70313e-11 0.000105715 
0.000941915 0.00391798 3.43227e-12 0.000890754 5.86457e-08 0.017392 0.000356566 8.76265e-08 0.0431215 0.0117692 3.54606e-08 3.63702e-09 0.0159143 0.0579062 1.1255e-09 0.000119191 0.847488 0.000178067 6.15871e-08 3.7196e-06 9.10428e-08 
0.0401647 0.0146913 4.21101e-07 0.00033312 0.0124511 0.136625 0.0818284 0.00436526 0.124847 0.193793 5.96285e-06 9.47254e-06 0.132919 0.107769 1.83589e-06 0.0295693 0.0408817 0.00409839 0.00714343 1.14256e-06 0.0685017 
0.00909235 0.0417738 7.59109e-07 0.00116485 0.00495762 0.00611824 0.0223726 9.82066e-05 0.09406 0.0423065 0.00143187 3.5946e-06 0.00111805 0.675158 4.02009e-05 0.00368294 0.0720745 0.00040023 1.1967e-05 1.54002e-05 0.0241181 
0.925096 0.0693792 7.11174e-12 0.00217289 1.42501e-05 0.00171746 3.49646e-08 2.95421e-05 0.00111391 7.5369e-05 3.9659e-08 7.39518e-09 1.44449e-05 2.87722e-08 1.16023e-11 1.02259e-07 0.000383225 1.55851e-08 4.51755e-09 2.87106e-07 3.45388e-06 
0.000142121 0.689382 4.9161e-10 0.00444195 0.000123738 0.0179339 1.88299e-06 0.00291103 0.262535 0.000917522 5.07856e-10 3.6686e-06 1.5136e-07 0.00737598 8.02026e-10 2.37693e-05 0.0110623 7.41402e-08 0.000203434 2.56962e-07 0.00294174 
0.000450899 5.40637e-05 2.37447e-06 0.00142074 0.00342092 0.0238313 0.0131499 4.00093e-06 0.0744227 0.0168285 0.000467225 3.97527e-05 0.109848 0.00598718 0.650091 0.00656469 0.00209603 0.00589667 0.000114849 9.23196e-06 0.0853 
0.00460313 0.0258077 8.85127e-10 0.00508631 0.00225255 0.0240214 0.0192021 0.0917574 0.0190221 0.0302173 1.74139e-05 7.10608e-05 0.0202668 0.0331164 4.18667e-08 0.00644776 0.686935 0.000327691 0.000666018 2.56099e-08 0.0301817 
0.0124114 0.0886423 4.02291e-05 0.000193817 0.00285731 0.00831278 0.07864 0.0127907 0.0671763 0.0149043 0.000405407 0.000138195 0.0108476 0.559137 0.00590124 0.017334 0.0736922 0.000127552 0.0183886 0.000583668 0.0274752 
0.00701135 0.0210566 2.69765e-10 0.000283887 0.00135565 0.000110559 0.0162242 0.0148336 0.031371 0.0106502 0.000777073 8.86534e-09 0.00374452 0.087613 4.40102e-10 0.0041706 0.0557588 8.01607e-06 0.000193005 1.96345e-05 0.744818 
0.007727 0.0364346 7.30557e-05 0.0030773 0.00318887 0.151587 0.0402589 0.0202202 0.0361963 0.0619087 0.000386186 0.00494051 0.11672 0.015256 0.000787714 0.0417346 0.446443 0.000281977 0.00137995 0.000404948 0.010993 
0.000254978 0.188483 8.78263e-12 0.00114876 0.00814435 0.580464 0.00973793 0.0845174 0.0072751 0.000641736 0.00310919 7.82179e-08 0.000649704 0.0230168 4.92741e-08 0.00269325 0.0796384 0.000109545 1.08807e-05 1.00531e-06 0.0101043 
0.11992 0.0187032 3.72245e-08 0.00206774 0.000894388 0.457328 9.97263e-05 0.000348145 0.14376 0.000553673 1.31925e-07 9.31285e-08 0.0190633 0.00456797 1.47722e-07 0.000224827 0.157044 7.62757e-06 1.20617e-05 0.0743309 0.00107393 
4.43022e-05 1.89691e-07 4.32266e-09 7.42106e-08 0.000316175 0.0197137 0.00204426 1.83401e-07 0.000145723 0.0315724 0.000431763 1.79145e-07 1.68761e-07 0.000511332 7.05211e-09 0.00153489 1.31252e-06 1.22684e-05 7.19168e-07 0.943666 3.93926e-06 
0.0223771 0.0622524 3.23751e-10 0.0172305 0.00423376 0.00776879 0.0478747 0.000659754 0.0120113 0.0462882 0.00120944 0.141022 0.0567385 0.513396 0.0379969 0.0078556 0.00678221 0.00609985 0.00820151 1.09205e-07 2.04125e-06 
0.0785297 0.236584 4.90633e-09 0.0114595 0.009335 0.00213428 0.376871 0.0128239 0.100157 0.00311563 9.02049e-05 1.22531e-05 0.0135098 0.030161 8.00433e-09 0.0245233 0.0864018 2.66692e-06 1.80855e-06 0.0142118 7.5922e-05 
0.000755065 0.0272537 2.78345e-10 0.97031 5.2241e-05 0.000588993 5.00449e-05 0.000326675 6.64564e-05 1.0058e-05 0.000142867 3.61749e-06 4.76634e-05 3.89594e-06 1.33165e-09 4.72268e-06 0.000358721 1.81371e-05 6.31769e-06 1.55005e-07 8.94856e-07 
0.014782 0.0363515 1.83578e-10 0.000153077 0.00626256 0.019678 0.119761 0.00417252 0.249055 0.032758 0.00727387 0.00015231 0.0694071 0.0324747 2.99494e-10 0.0277004 0.348246 0.000433464 0.0208637 1.42126e-05 0.0104605 
0.0431897 0.0757478 4.96162e-05 0.0012732 0.0319589 0.138012 0.0223532 0.0163315 0.37292 0.0380637 0.000386563 7.43613e-05 0.054338 0.0298727 0.00197685 0.00543652 0.100961 0.000401417 0.00380686 0.0014299 0.0614165 
0.00264062 0.0596296 2.19301e-08 0.000178379 1.43272e-07 0.308011 0.00457954 4.23535e-05 0.00445 0.125791 0.000793486 7.78067e-06 0.39169 2.35923e-08 4.41052e-06 0.0154753 0.0864643 4.33547e-08 0.000103103 0.000108357 3.04347e-05 
0.0084217 0.320352 3.27682e-10 2.16673e-07 0.0201405 0.0224298 0.0196339 0.000361956 0.060297 0.0429376 2.55295e-05 0.00102071 0.000521591 0.474145 5.34589e-10 0.0102589 0.0170952 0.000417805 0.000302105 1.34582e-05 0.00162446 
5.74228e-06 6.80558e-06 1.02551e-10 5.91299e-06 1.75224e-06 1.25515e-05 8.07031e-07 2.61814e-06 0.13829 0.057736 1.0594e-10 1.08668e-07 0.0820872 0.113909 1.67304e-10 1.36918e-06 0.457502 0.000509323 0.00533822 0.144587 2.72022e-06 
0.00231456 0.00253828 6.84521e-08 0.000424049 0.000920243 0.000395359 0.00163995 0.966428 0.00317748 0.00071207 0.00084157 0.000131829 0.00159849 0.0115972 1.11675e-07 0.000182798 0.00353849 0.000612345 0.00128727 7.10902e-08 0.00165944 
0.00783801 0.0525947 7.20227e-05 0.00492828 0.00274619 0.130933 0.0890979 0.0244163 0.0504163 0.0136541 0.00143303 0.000260774 0.0526279 0.00873681 0.000223002 0.0163559 0.531265 0.000171051 0.00207706 0.00178374 0.00836911 
0.0518111 0.218622 1.90052e-07 0.0026359 0.0493502 0.0476638 0.0024127 6.65942e-05 0.00364233 0.00843273 0.000209676 1.96334e-05 0.0126956 0.00235044 0.420194 0.00174883 0.0144966 7.46775e-05 7.12857e-05 0.163062 0.000439569 
0.00683822 0.00317446 1.58858e-07 2.88544e-05 0.475771 0.00253219 0.00491983 1.93754e-05 0.42947 0.00863901 3.05485e-05 8.40624e-07 0.0142692 0.00254386 9.00562e-06 0.000779385 0.00201037 4.2275e-06 0.000356674 1.6498e-07 0.0486035 
0.00301523 0.0253383 3.32678e-08 1.55701e-06 0.00707169 0.0306407 0.0299787 6.60134e-06 0.591689 0.0208635 0.0239209 7.36969e-08 0.0251819 0.0943616 7.4426e-07 0.0921739 0.0430654 0.000128157 2.05977e-06 0.000118415 0.0124415 
0.0539221 0.434252 4.09594e-08 0.00104275 0.00337454 0.0211658 0.00040369 2.89133e-05 0.00543361 0.00705121 4.2313e-08 3.21108e-05 0.000505802 0.0259588 6.68224e-08 0.00487421 0.138622 0.000192862 0.297621 4.2538e-08 0.0055187 
0.00162999 0.00222849 9.38046e-11 0.00106525 0.000278288 0.0060704 0.000600555 0.00134604 0.00275931 0.00890248 9.69045e-11 1.16089e-05 1.60685e-07 0.177715 1.53036e-10 0.000326625 0.00587933 0.00114821 0.770686 9.74199e-11 0.0193516 
0.00175209 0.0153207 7.92251e-08 0.00316224 0.000633644 0.0245687 0.00717929 0.000690944 0.0410015 0.589931 0.000119109 8.22941e-05 0.00417898 0.234586 0.00209077 0.00072018 0.0574828 0.00586902 0.00955082 0.000264196 0.000815769 
0.00451899 0.023325 0.000110588 0.00181689 0.00195748 0.0378371 0.0958137 0.0193584 0.0238164 0.0726391 0.00154298 0.000655755 0.0285333 0.0209245 0.000173612 0.0123497 0.635573 0.0047146 0.00345535 0.00108418 0.00979913 
0.00143257 0.0143395 4.94817e-06 0.000129986 0.0109098 0.0964907 0.143582 0.00289173 0.165832 0.0896634 0.000861272 0.0007304 0.00794034 0.229164 1.05685e-05 0.00569546 0.213891 0.000593934 7.89255e-05 0.000336237 0.0154212 
0.0154942 0.0174987 4.84236e-09 0.000332294 0.000325489 0.0809062 0.0393464 0.00179358 0.0464118 0.114314 7.69111e-05 7.52766e-06 0.0246978 0.498025 7.89997e-09 0.0226516 0.0995302 0.000302285 0.000159091 4.50753e-06 0.0381225 
0.031733 0.0843415 8.77394e-06 0.0319203 0.00197887 0.014376 0.0271956 0.0356923 0.198685 0.0295073 0.000478949 0.000496483 0.0096357 0.431035 1.54689e-05 0.00334179 0.0620382 0.000244594 0.0100444 0.000681776 0.0265498 
0.0100852 0.0352702 4.16521e-07 0.000374251 0.0100349 0.0713324 0.0285662 0.00230893 0.0327805 0.0416861 9.4265e-06 2.28114e-06 0.321253 0.0129486 0.000198436 0.0407028 0.302481 9.52221e-05 0.00347062 3.32245e-05 0.0863661 
0.00050909 0.00275982 0.000203574 0.000783317 0.0048298 0.0146493 0.102492 0.0169 0.0191401 0.38028 0.0281378 0.00124807 0.0326952 0.0564239 0.00879234 0.0328784 0.106955 0.168624 0.00143469 0.00322051 0.0170429 
0.010272 0.0593284 0.000149089 0.00297902 0.0081412 0.24915 0.105218 0.00938061 0.299389 0.0160867 0.000345421 0.000323159 0.068659 0.00832513 0.000156484 0.0100057 0.139604 0.00281219 0.000186479 0.000807451 0.00868163 
0.117308 0.127477 1.05832e-09 0.000478046 5.54603e-06 3.06059e-06 0.0455219 0.12712 0.0625659 0.00164718 1.09329e-09 2.33003e-08 0.116781 0.119644 1.72657e-09 0.0268951 0.19434 9.41354e-08 0.0238826 1.09911e-09 0.0363311 
0.0122255 0.12963 7.18729e-06 0.000126572 0.689737 0.00461964 0.00359997 0.00127014 0.0390081 0.00673697 0.000902545 2.43405e-05 0.0609959 0.0224642 0.000214661 0.0131 0.00936851 7.21346e-05 0.00267427 0.000228827 0.00299316 
0.00161427 0.000977378 3.64174e-12 0.000112703 2.34192e-05 0.000354862 3.4336e-05 4.53983e-05 8.91583e-05 0.000110282 4.73044e-07 1.13953e-07 2.65618e-06 0.000307239 5.94124e-12 1.19264e-05 0.000536745 4.17903e-05 0.995596 7.39547e-05 6.77953e-05 
0.0019569 0.00157215 7.34273e-08 0.000188226 0.000142531 0.0296574 0.0650523 2.8436e-06 0.142138 0.000357871 7.58538e-08 5.27117e-05 0.00270111 0.470596 1.19791e-07 0.0220626 0.14876 0.000232874 5.50851e-05 4.12979e-06 0.114467 
0.000254978 0.188483 8.78263e-12 0.00114876 0.00814435 0.580464 0.00973793 0.0845174 0.0072751 0.000641736 0.00310919 7.82179e-08 0.000649704 0.0230168 4.92741e-08 0.00269325 0.0796384 0.000109545 1.08807e-05 1.00531e-06 0.0101043 
0.0010222 0.056634 9.59701e-09 0.000481886 0.00770577 0.657912 0.0166438 0.0250562 0.0178223 0.00393707 0.000889429 4.52218e-06 0.011184 0.0123347 3.67762e-08 0.00206394 0.177313 5.5718e-05 0.000119672 0.00103024 0.00778962 
0.238857 0.53568 2.06346e-07 6.03848e-05 0.0070607 0.010766 1.31938e-05 0.084355 0.0323401 0.00264757 0.00289709 7.20105e-06 0.00410228 0.00924563 3.86737e-07 0.000630045 0.0657513 1.94536e-05 0.00465339 7.42148e-05 0.000838588 
0.0113394 0.478744 2.08633e-06 0.0155546 0.00736071 0.0878228 0.0716577 0.0208949 0.0381147 0.0753111 2.85021e-05 2.13945e-05 0.045456 0.0255597 0.0105101 0.0323703 0.0599091 5.93734e-05 5.31253e-05 9.20393e-05 0.0191388 
0.0229805 0.0283602 3.5623e-05 0.0542098 0.000363914 0.002211 0.0138992 0.000445627 0.672911 0.0520294 0.0125163 0.0157187 0.00422836 0.100377 5.54521e-05 0.000161102 0.0066375 7.47823e-05 0.00239503 0.000199682 0.0101897 
0.023397 0.0458372 0.000131185 0.00175949 0.00154167 0.0673003 0.0342954 0.0168583 0.294873 0.0401872 0.00149111 0.00297392 0.0263235 0.0770278 0.000558461 0.00641212 0.314218 0.00818754 0.000573727 0.000242337 0.0358108 
0.00142345 0.00279304 1.55721e-05 0.00152732 0.00382506 0.033876 0.0243287 0.000389681 0.00889402 0.476969 0.119712 0.00161546 0.0269724 0.0196271 7.66448e-05 0.0115325 0.0821792 0.178134 0.000209815 7.74667e-05 0.00582177 
0.026198 2.86744e-06 2.00084e-11 0.000445239 0.0167136 0.0828434 3.12482e-08 4.84047e-06 0.151926 0.00051156 4.10666e-05 6.81719e-07 0.0623746 0.488177 4.57319e-08 0.00252838 0.158531 5.55712e-07 0.000870472 2.07796e-11 0.00883093 
0.0013561 0.0455566 4.72313e-11 0.00272038 7.49056e-05 0.000538207 0.00103749 0.0138477 0.00328399 0.00412252 0.00130014 0.00222669 6.07075e-05 0.129884 1.31131e-08 0.000373153 0.000724954 0.00402603 0.00387507 0.783845 0.00114614 
0.0013561 0.0455566 4.72313e-11 0.00272038 7.49056e-05 0.000538207 0.00103749 0.0138477 0.00328399 0.00412252 0.00130014 0.00222669 6.07075e-05 0.129884 1.31131e-08 0.000373153 0.000724954 0.00402603 0.00387507 0.783845 0.00114614 
0.00125323 0.11309 1.49156e-11 0.000689337 0.00998087 0.640513 0.00981131 0.050711 0.029586 0.00414256 0.0018673 7.63263e-08 0.00905259 0.0190276 6.3883e-08 0.00219904 0.0944866 6.57558e-05 6.54708e-06 1.30325e-06 0.0135159 
0.0582018 0.125564 2.09396e-11 0.000501827 0.0431667 0.216468 0.000847239 0.00696614 0.0104491 0.00147328 0.00460913 0.000208316 0.0607086 0.0159058 3.41614e-11 0.000231713 0.447472 5.65583e-08 0.000204628 2.17466e-11 0.00702095 
0.039852 0.0280114 9.85256e-08 0.000639491 0.00260078 0.00566804 0.0643712 0.00893305 0.406483 0.102016 0.00195111 0.00658177 0.0510333 0.100761 1.60737e-07 0.0738512 0.0803612 0.00132587 0.000843416 0.0246985 1.80704e-05 
0.000111551 0.78774 8.53107e-08 0.0030898 0.000209667 0.0121311 0.000156673 0.00202733 0.178208 0.000709782 8.81299e-08 8.32232e-06 3.75141e-06 0.00521126 1.39178e-07 3.20456e-05 0.00748692 6.17967e-06 0.000642345 6.463e-06 0.00221835 
0.00701135 0.0210566 2.69765e-10 0.000283887 0.00135565 0.000110559 0.0162242 0.0148336 0.031371 0.0106502 0.000777073 8.86534e-09 0.00374452 0.087613 4.40102e-10 0.0041706 0.0557588 8.01607e-06 0.000193005 1.96345e-05 0.744818 
0.00463408 0.00427893 1.35404e-10 3.84677e-05 1.89046e-05 3.28825e-05 0.0247637 9.33869e-05 0.00158504 0.0139449 0.000927837 0.00416054 1.21198e-08 0.268689 2.20902e-10 3.73508e-08 0.00227429 0.00272321 0.00111157 0.669341 0.00138175 
0.00294612 0.0398586 1.87572e-05 0.00091707 0.00293369 0.246121 0.0300754 0.0672102 0.0176964 0.0375988 0.000972001 0.000234151 0.0414739 0.0267376 3.70039e-05 0.0339095 0.0565199 0.235228 0.154699 0.000461964 0.00435149 
0.00764849 0.102061 2.64066e-11 5.65764e-08 1.38214e-07 0.100039 0.15858 0.2206 0.278738 0.055983 6.60186e-07 2.9738e-07 4.33806e-07 0.0659806 4.30805e-11 9.26517e-07 0.00438897 4.04016e-05 0.00593839 2.74243e-11 4.16806e-08 
0.000464363 0.0792872 9.0635e-09 0.000674578 0.00646892 0.634065 0.0193913 0.0350783 0.00544225 0.00131907 0.00124401 6.31056e-06 0.00368447 0.013607 2.86057e-08 0.00241722 0.189561 7.79844e-05 0.000167501 0.00144185 0.00560177 
0.00276771 0.00641968 5.69969e-08 0.00212976 0.000225468 0.00159913 0.00121107 1.3035e-06 0.0445693 0.00288384 0.00117792 0.00030064 1.45309e-05 0.921615 9.29865e-08 0.000128008 0.00114911 0.000942495 0.00160757 0.0109323 0.000325524 
0.00133622 6.72346e-05 4.16029e-07 4.88601e-05 0.0225405 0.00472664 0.000417476 1.91576e-06 0.0233916 0.0495496 2.07535e-05 7.8974e-06 0.0801858 0.00176464 0.3818 0.00117822 0.0233486 0.000937148 3.35727e-05 0.000149899 0.408493 
0.0551549 0.0938641 4.27567e-09 0.0146798 0.010171 0.00794542 0.00929159 0.0768403 0.00386055 0.0170237 4.41697e-09 4.20351e-07 0.0138287 0.459205 6.97546e-09 0.00175481 0.0787805 1.78088e-06 0.122 3.56826e-06 0.0355935 
0.00197379 0.0106398 2.964e-07 0.00142311 0.000584694 0.000982281 0.0111152 0.00957126 0.0120406 0.564765 2.61673e-05 0.000554525 0.00646238 0.0164043 5.99073e-05 0.00240279 0.321774 0.000380712 0.00403898 6.91062e-05 0.0347302 
