0.0304312 0.0551128 0.129292 0.0277306 0.00110204 0.0605436 0.00467732 0.00140978 0.0514121 0.0972376 6.21675e-05 0.000136773 0.156603 0.0238538 3.16617e-09 0.0244373 0.0594721 0.000533636 0.00174251 3.24871e-05 0.274177 
0.0161858 0.143727 0.000260534 0.0172721 0.00735505 0.0192824 0.0565544 0.0434335 0.00755565 0.193793 0.00107125 6.16957e-07 0.00443699 0.124375 1.14821e-06 0.0688805 0.00762487 0.00969189 0.00225309 0.00660195 0.269643 
0.0313413 0.00977384 0.000482087 1.62263e-05 0.00246028 1.13771e-07 0.00412624 0.0454532 0.0435641 0.175382 7.22585e-07 2.01711e-06 0.124993 0.0375211 1.05758e-05 0.0796403 0.0577928 0.00014017 0.0815738 0.00478651 0.30094 
0.00979698 0.0759219 0.00118797 0.000299515 0.00904307 0.00991041 0.0408154 0.0315637 0.00324376 0.171415 0.0144288 8.79675e-05 0.00177126 0.10463 1.30083e-07 0.0176279 0.110603 0.000297699 0.0647305 0.016223 0.316401 
0.00794093 0.0327894 2.92284e-05 0.000774785 0.0402754 0.0142826 0.00623424 0.00671805 0.00948084 0.0507009 0.00133447 7.13544e-07 0.0695173 0.0163695 0.00259 0.0167465 0.121838 0.000307242 0.000446118 0.00065205 0.600972 
0.0115497 0.00219445 1.48071e-06 1.86498e-08 0.000796864 0.000163348 0.00426524 0.00230558 0.0178087 0.288965 1.23366e-07 6.58324e-07 0.0731244 0.00131603 6.60934e-11 0.00411479 0.178388 1.02662e-11 0.000535291 8.83343e-07 0.41447 
0.00701135 0.0210566 2.69765e-10 0.000283887 0.00135565 0.000110559 0.0162242 0.0148336 0.031371 0.0106502 0.000777073 8.86534e-09 0.00374452 0.087613 4.40102e-10 0.0041706 0.0557588 8.01607e-06 0.000193005 1.96345e-05 0.744818 
0.0043576 0.0219051 0.002638 0.000119144 0.0344797 0.039048 0.0108841 0.00231104 0.0895452 0.0244344 0.000161959 1.18001e-06 0.187539 0.00383365 1.37247e-05 0.0512598 0.173866 5.77683e-05 0.000403173 0.00229276 0.350848 
0.00651837 0.0167039 0.000122303 0.00216327 0.0036238 0.0406363 0.00309243 0.0465489 0.0471565 0.0236034 0.00932415 3.26692e-07 0.117747 0.0385585 5.33443e-06 0.0237649 0.241389 2.325e-05 0.000779607 0.000127083 0.378112 
0.0114464 0.0230523 6.4949e-05 0.000163934 0.00594902 0.0107963 0.00397256 0.00646014 0.0548371 0.180955 3.55966e-08 6.77858e-06 0.0404781 0.00259816 5.62156e-08 0.000939572 0.186889 1.47499e-05 2.69987e-08 3.57859e-08 0.471376 
0.000687887 0.0127756 3.20699e-06 2.68517e-07 0.0598816 0.109003 0.00345576 0.000652812 0.0993227 0.0440092 0.000164494 4.4642e-07 0.00588272 0.141947 2.07389e-05 0.0053101 0.0167733 0.0354842 0.00105629 0.000371771 0.463197 
0.00551559 0.00614382 0.000112631 0.00111086 0.00631638 0.0225521 0.0265557 0.000407326 0.017723 0.158457 0.00262747 1.31217e-06 0.274669 0.00876611 0.00021952 0.03292 0.0659069 0.00146261 0.000126788 0.000285871 0.36812 
0.00535208 0.0176729 8.88962e-07 0.00120122 0.0112983 0.00938128 0.00340291 0.000353406 0.0210395 0.0506678 0.121082 0.00172396 0.0930178 0.00434903 0.0174493 0.278914 0.00694143 0.00879161 1.5244e-08 3.1306e-06 0.347357 
0.00901353 0.0270721 1.96912e-10 0.000364789 0.00174238 0.000142007 0.0208583 0.0190695 0.040333 0.0136924 0.000997446 8.61295e-09 0.00481355 0.095753 3.21249e-10 0.00536174 0.0716887 1.02861e-05 0.000247908 1.2677e-07 0.688839 
0.00701135 0.0210566 2.69765e-10 0.000283887 0.00135565 0.000110559 0.0162242 0.0148336 0.031371 0.0106502 0.000777073 8.86534e-09 0.00374452 0.087613 4.40102e-10 0.0041706 0.0557588 8.01607e-06 0.000193005 1.96345e-05 0.744818 
0.00924688 0.0263751 2.15104e-05 9.50257e-05 0.000486705 0.00219289 0.00621446 0.000335691 0.0086084 0.0710831 4.4654e-07 3.12004e-08 0.00420078 0.0081977 8.17813e-11 9.53382e-08 0.00572159 0.000183178 8.96624e-07 5.20606e-11 0.857035 
0.00123688 0.0101175 9.39228e-06 0.000146743 0.0126166 0.080972 0.142296 0.000602788 0.0102898 0.0793934 0.000172503 1.60553e-05 0.0183991 0.00887224 2.20203e-07 0.0450322 0.235264 0.000201186 0.000274673 0.00184713 0.35224 
0.0221341 0.000663645 0.000173792 8.43855e-05 0.0191187 0.0330483 0.0195867 0.000239034 0.0456332 0.0112166 3.24552e-06 5.8529e-07 0.0089944 0.276434 9.92117e-07 0.0648845 0.00246226 0.000507054 4.76484e-07 0.00257717 0.492236 
0.0407642 0.0266372 2.6625e-06 0.000423738 0.0525431 0.0701229 0.0123054 0.000253161 0.00747985 0.195461 0.00215334 1.92139e-07 0.0344371 0.0165038 3.15712e-05 0.00644875 0.0328677 0.00487024 0.00241654 1.09459e-06 0.494277 
0.00455376 0.0175835 2.29064e-05 0.000102294 0.00164024 0.0238212 0.0522017 0.00078826 0.0309377 0.279958 6.45316e-06 4.13826e-06 0.0752152 0.010594 1.40005e-06 0.0156416 0.127044 0.00614983 2.72782e-05 6.64343e-06 0.3537 
0.001555 0.0173237 0.0165 0.000193508 0.000245634 0.0554188 0.000832804 0.0304247 0.00750508 0.219724 1.17321e-05 2.96143e-07 0.031632 0.00397397 3.42357e-08 0.0674126 0.0625282 0.00114234 0.0102731 4.72451e-05 0.473255 
0.000506185 0.000565829 1.00094e-05 1.7162e-05 0.0007756 0.106829 0.0102668 5.08323e-05 0.108074 0.0362419 4.63568e-05 1.54961e-08 0.0196319 0.0126801 2.66657e-06 1.85352e-05 0.019641 0.000218773 0.000198376 1.40517e-05 0.684211 
0.00446188 0.0736862 0.121931 0.0086998 0.000138453 0.0585677 0.0264083 0.00183625 8.06621e-05 0.113349 0.0066939 1.35599e-07 0.000409563 0.00835993 1.28655e-08 0.0136073 0.0655114 0.0197276 0.0205828 0.000755128 0.455194 
0.00671671 0.134768 7.56527e-05 0.00206367 0.0074465 0.0325874 0.0573663 0.001833 0.06539 0.0384229 0.000171857 1.37298e-05 0.0927551 0.0129952 2.6353e-08 0.0239748 0.0913954 8.59792e-05 0.000157481 0.000161623 0.431619 
4.93379e-05 8.55811e-05 2.21219e-05 1.47228e-05 0.0438039 3.59253e-06 2.72535e-05 1.40045e-05 0.000172204 0.090819 2.03538e-05 2.17402e-06 0.0399775 0.0603497 4.1006e-06 3.88858e-05 0.158313 2.56811e-05 2.93049e-05 3.52723e-05 0.606193 
0.00236255 0.000499958 1.66465e-05 2.1459e-05 0.00308237 0.00270681 0.00208629 0.00158012 0.00835269 0.113169 8.28033e-05 1.32985e-09 0.104531 0.00659858 3.37309e-08 0.00419816 0.269395 2.9372e-08 1.60098e-05 9.38488e-05 0.481206 
0.0156528 0.013265 0.000633995 0.000535447 0.00112311 0.00260833 0.00725543 0.00450576 0.0048687 0.184967 3.58756e-06 2.78931e-05 0.012405 0.242012 5.52938e-06 0.00445619 0.0455407 0.00011339 0.00828091 0.00147574 0.450264 
0.0147621 0.00300546 3.5144e-06 9.30905e-05 0.00365012 0.023085 0.026037 0.00127781 0.00812802 0.0495836 1.17556e-06 6.59428e-05 0.340533 0.00107691 0.00469333 0.0493565 0.0261508 1.77815e-05 5.14112e-06 2.21386e-06 0.448472 
0.00701135 0.0210566 2.69765e-10 0.000283887 0.00135565 0.000110559 0.0162242 0.0148336 0.031371 0.0106502 0.000777073 8.86534e-09 0.00374452 0.087613 4.40102e-10 0.0041706 0.0557588 8.01607e-06 0.000193005 1.96345e-05 0.744818 
0.00763989 0.00838842 0.000207912 6.40858e-05 0.00422283 0.049217 0.00806163 0.000343365 0.0103849 0.0714638 1.65849e-05 9.35388e-05 0.0351367 0.0217846 1.37346e-05 0.00557683 0.0658364 4.80017e-05 0.0064231 0.00270434 0.702372 
0.0206564 0.0414721 0.0032999 0.00275962 0.00291448 0.0434427 0.0563021 0.00860207 0.0250158 0.0675245 0.000366114 6.19548e-05 0.151209 0.0238941 0.00133392 0.0215465 0.234372 0.00479867 0.00170522 0.00315036 0.285572 
0.00212048 0.00143094 0.000139808 0.000303744 0.000488273 0.0302833 0.00323589 3.75669e-06 0.0119377 0.0587492 3.32106e-07 1.27568e-06 0.00156605 0.167848 7.23581e-09 0.000711338 0.0472125 8.53511e-06 0.00707596 0.00027736 0.666605 
0.00698786 0.000737765 9.87206e-05 7.09898e-05 0.00288739 0.000609044 0.000504571 0.00186926 0.00032504 0.0350304 5.93267e-06 3.74864e-05 0.0534425 0.00154084 9.36911e-06 0.000768933 0.0402335 5.26168e-05 0.0038281 0.000887425 0.850072 
0.00888239 0.00109023 7.23809e-07 3.54237e-06 4.82041e-06 0.0112019 0.00669788 1.34051e-10 0.210988 0.0899068 0.00171049 8.09069e-10 0.163724 0.0603399 1.37144e-09 8.78127e-07 0.0964088 6.94528e-07 0.00144047 0.000538032 0.347061 
0.00166425 2.61405e-05 2.86479e-06 6.73548e-05 0.00287347 0.0458018 3.75033e-05 5.77451e-06 0.00993707 0.277013 0.000210992 2.04108e-08 0.121716 0.00616385 1.43737e-05 4.02481e-05 0.107875 2.24092e-05 1.66164e-08 2.20245e-08 0.426528 
0.00845692 0.00719256 8.82199e-06 0.000517629 0.00046221 0.00154351 0.00162558 4.3796e-05 0.0296736 0.0937783 3.4546e-07 5.59436e-07 0.0249473 0.200557 5.45564e-07 0.00286102 0.0100734 8.03664e-05 0.000294711 3.47297e-07 0.617881 
0.0103888 0.0870917 0.0117046 0.00188264 0.00813359 0.0189574 0.0122836 0.0107644 0.0442271 0.176352 0.000765177 0.000122237 0.0703412 0.0477212 0.000334967 0.0579297 0.11051 0.000212747 0.00389002 0.00184537 0.324541 
0.0145591 0.000974477 1.42867e-05 1.01921e-05 0.00972037 0.00197506 0.00436158 0.00527432 0.0260779 0.187884 0.00464982 0.000269318 0.147323 0.125854 0.000128149 0.0207102 0.0244569 0.000257779 0.156771 0.00148738 0.267241 
0.0277891 0.0172446 6.85953e-09 0.000137894 0.00336442 0.00376138 0.00268555 0.000793976 0.0101303 0.0267918 0.0029663 2.34292e-05 0.194427 0.0142026 0.00048781 0.227519 0.039473 0.000163059 0.00215787 3.17042e-05 0.425849 
0.017912 0.0155838 0.00010043 0.00126835 0.00542371 0.036031 0.00663184 0.00698416 0.0167931 0.0914729 0.000115055 3.86166e-07 0.03082 0.0731841 4.16785e-08 0.0168325 0.0366327 0.00429903 0.00247399 0.000244254 0.637196 
0.0142644 0.0308791 0.00286931 0.00164499 0.00599847 0.0593079 0.0222876 0.0107778 0.0349933 0.0329071 0.000118718 8.91559e-06 0.0359878 0.0273763 2.90342e-07 0.0762151 0.0726435 1.75232e-05 0.000850519 1.84827e-07 0.570851 
0.0136979 0.00931803 0.000166645 0.000461215 0.00381675 0.0228642 0.0411095 0.00904587 0.0327412 0.0851233 4.66302e-05 2.36998e-05 0.0966246 0.0297369 9.82188e-08 0.00797783 0.144279 2.22311e-05 7.16134e-05 0.000227861 0.502645 
6.69232e-05 2.759e-05 0.000291145 0.000168544 0.000149385 3.57772e-05 5.98206e-05 4.64268e-05 4.94316e-05 3.0716e-05 0.000300766 0.000280211 3.95279e-05 7.22087e-05 0.000474982 7.77413e-05 2.03518e-05 7.37787e-05 0.00022812 0.000302366 0.997204 
0.0315267 0.0365562 0.0184977 0.000319225 0.00135493 0.0215788 0.0138127 0.0930049 0.0285204 0.0462939 6.00295e-06 2.6623e-07 0.0101332 0.0416367 0.037229 0.00443962 0.0948031 0.0243386 4.86261e-06 0.00222398 0.493719 
0.0160962 0.019808 0.000284776 0.00445404 0.0125039 0.0735212 0.0412065 0.00334307 0.0200721 0.0988972 0.000528941 0.00892515 0.12366 0.0172416 1.95478e-06 0.0117321 0.225013 0.00978465 0.000676676 0.000185814 0.312062 
0.0100675 0.00372455 9.63291e-05 1.76034e-05 0.000316932 6.94864e-07 0.000100175 0.00648629 0.0112936 0.000186016 3.61387e-05 5.44226e-06 0.0440497 0.000726865 9.2251e-06 0.0382337 0.0250723 6.75121e-06 5.46971e-05 8.71876e-05 0.859428 
2.69682e-06 1.1118e-06 1.17324e-05 6.79188e-06 6.01983e-06 1.44172e-06 2.41061e-06 1.87088e-06 0.00017797 1.23777e-06 1.21201e-05 1.12918e-05 0.00126808 0.0013817 1.91405e-05 3.13276e-06 8.20121e-07 2.97308e-06 9.19261e-06 1.21845e-05 0.997066 
0.000790876 0.16282 9.15223e-06 3.23395e-08 9.25974e-06 0.00508149 0.000489068 3.40706e-05 0.0236931 0.0264444 2.26259e-05 7.87051e-06 0.00788191 0.064224 9.11375e-08 0.162574 0.227662 1.41563e-08 0.000178243 8.52466e-06 0.318069 
0.0102863 0.037932 0.000199506 0.000171217 0.00514308 0.0453646 0.015467 0.000852881 0.0109414 0.0824335 2.61003e-05 0.000270988 0.0171238 0.0139767 1.43133e-11 0.0149152 0.345579 7.00497e-05 0.00195964 0.0287685 0.368519 
0.00544498 0.13394 0.000432637 0.00417475 0.00239567 9.33679e-07 0.000583307 0.0750077 0.020613 0.161773 0.0134918 2.7493e-07 0.00467953 0.116308 3.10812e-07 0.00534284 0.112986 4.96034e-07 0.103362 2.39231e-10 0.239464 
0.0110423 0.00631277 4.91772e-06 2.16071e-05 0.00141732 0.00719568 0.00308574 0.00144607 0.000566064 0.00743628 9.17463e-06 6.08614e-08 0.0280495 0.00573662 1.41208e-06 0.0125491 0.039169 1.02201e-05 0.000342561 0.00901423 0.866589 
0.00701135 0.0210566 2.69765e-10 0.000283887 0.00135565 0.000110559 0.0162242 0.0148336 0.031371 0.0106502 0.000777073 8.86534e-09 0.00374452 0.087613 4.40102e-10 0.0041706 0.0557588 8.01607e-06 0.000193005 1.96345e-05 0.744818 
0.0540149 0.0457917 5.3636e-06 0.000860493 0.0360589 0.0334329 0.0939762 0.000324455 0.0794364 0.19262 0.00384619 9.85505e-06 0.0605502 0.0114622 2.36513e-08 0.0127392 0.114114 0.000332176 0.00400935 0.0013813 0.255034 
0.00671671 0.134768 7.56527e-05 0.00206367 0.0074465 0.0325874 0.0573663 0.001833 0.06539 0.0384229 0.000171857 1.37298e-05 0.0927551 0.0129952 2.6353e-08 0.0239748 0.0913954 8.59792e-05 0.000157481 0.000161623 0.431619 
0.00343671 0.0113823 1.65662e-07 0.000587676 3.1609e-05 0.00697918 3.16622e-06 0.000893052 0.0677751 0.0404738 0.000266466 1.5944e-07 3.03291e-06 0.0211834 2.70265e-07 0.00881582 0.000232009 4.19801e-08 7.58706e-05 0.000366838 0.837493 
0.00422969 0.0215773 0.00299821 1.31225e-05 5.90945e-07 0.000544963 0.00341172 0.00486932 0.0244926 0.15229 1.84278e-07 4.52854e-07 0.0388079 0.179929 3.58305e-09 0.100174 0.0982929 3.81044e-06 9.37136e-05 2.70186e-06 0.368269 
0.0238363 0.0396112 1.70014e-08 0.000761952 0.0607245 0.00571519 0.209201 6.41909e-05 0.0113379 0.00653397 1.75632e-08 0.00232348 0.027767 0.106604 2.77366e-08 0.0284604 0.0150926 3.67568e-07 0.000112423 1.76566e-08 0.461853 
0.0784184 0.0298418 9.84245e-08 0.000826723 0.00486068 0.000857292 0.0235678 0.000273571 0.027725 0.0859381 8.04668e-05 1.44087e-05 0.00650509 0.197357 8.41839e-09 0.000993366 0.0667561 8.66992e-05 0.0310698 0.000195299 0.444633 
0.00854183 6.83073e-05 1.74364e-07 8.43909e-08 0.0697824 0.0248722 0.00412035 5.39744e-06 0.00242075 0.0494509 1.70502e-07 2.71979e-08 0.00688827 0.0190166 4.64887e-09 0.0017935 0.0171648 7.22107e-10 7.82377e-05 2.71212e-07 0.795796 
0.00503226 0.0127495 0.000543288 6.61891e-05 0.00406982 0.00376223 0.00499624 0.00413301 0.00495025 0.102859 0.00013545 1.16246e-06 0.000175109 0.00176336 1.22487e-05 0.00486431 0.00778729 0.019608 0.000112237 6.65733e-09 0.822379 
0.0315267 0.0103817 0.000752741 3.0674e-07 0.0118339 0.0129147 0.172321 0.000316399 0.116568 0.039295 0.00174015 2.15303e-06 0.0909768 0.106456 0.0518183 0.00561147 0.0370107 0.000197311 0.0055307 2.94852e-08 0.304746 
0.00292851 0.00913983 7.51035e-05 5.03658e-07 0.00196598 0.00488168 0.00199949 7.52016e-05 0.0186094 0.0257227 5.6046e-10 5.22157e-10 0.0152793 0.00300093 8.85101e-10 0.368495 0.0152574 0.0145039 0.000474868 0.000142131 0.517448 
0.0252925 0.00949953 0.000630328 0.000155996 0.00929825 0.0630189 0.173541 0.0236315 0.018346 0.123497 0.0027918 1.31103e-06 0.0726118 0.0303479 2.25319e-05 0.0107888 0.149609 2.87971e-05 0.0233568 1.26509e-09 0.263531 
0.0465999 0.0180467 0.00141739 0.00310007 0.00408897 0.0116303 0.0202527 0.0188485 0.0685198 0.132037 0.000666868 8.31264e-06 0.0891801 0.0918336 1.09549e-05 0.0132392 0.0798604 0.000113965 0.00303208 0.000103603 0.39741 
3.0613e-05 0.0134589 2.89459e-08 1.67568e-08 0.000363888 9.99551e-05 0.000184971 1.84678e-05 4.91453e-09 0.000110245 2.99024e-08 2.78588e-08 0.000106897 0.000103385 2.36588e-05 0.000220287 0.000327184 2.20127e-05 2.26799e-08 0.000462976 0.984466 
0.0290983 0.0689242 0.000617762 0.00321866 0.00621763 0.0114562 0.0795691 0.0067954 0.109667 0.0531315 5.02437e-05 0.000810891 0.0955641 0.00702339 7.87887e-08 0.0589187 0.15507 2.22157e-06 0.000174132 0.00134094 0.31235 
0.056841 0.0118887 5.06593e-05 0.00405718 0.0498916 0.00954717 0.00967356 0.000936241 0.0779396 0.0559482 2.79802e-05 1.20436e-06 0.111839 0.0678922 1.2972e-05 0.0243897 0.0203186 0.000231569 0.0376633 0.00300863 0.457841 
0.0119799 0.00173269 6.94656e-05 2.07223e-06 0.000288751 0.000135163 0.000265695 5.93743e-06 0.00769589 0.228018 1.07779e-05 5.83561e-07 0.00749828 0.0282612 1.51922e-10 0.00141854 0.0139313 4.22412e-08 4.63692e-05 1.07723e-07 0.69864 
0.0020459 0.0375104 3.03615e-07 0.000346549 0.000432265 0.00415388 0.000947896 0.0292321 0.00173099 0.00932371 2.14744e-06 1.62349e-07 0.000529417 0.0188967 5.66208e-07 0.000815095 0.0262388 8.22489e-06 0.00377779 0.0102986 0.853709 
0.00701135 0.0210566 2.69765e-10 0.000283887 0.00135565 0.000110559 0.0162242 0.0148336 0.031371 0.0106502 0.000777073 8.86534e-09 0.00374452 0.087613 4.40102e-10 0.0041706 0.0557588 8.01607e-06 0.000193005 1.96345e-05 0.744818 
0.0535323 0.0193122 0.000293234 0.000473902 0.00171557 0.0246993 0.00648008 0.000827348 0.0323937 0.251981 0.000153812 4.79303e-06 0.0453861 0.0274077 3.66038e-05 0.0042512 0.164129 7.19757e-05 0.000267058 3.41485e-05 0.366549 
0.0784184 0.0298418 9.84245e-08 0.000826723 0.00486068 0.000857292 0.0235678 0.000273571 0.027725 0.0859381 8.04668e-05 1.44087e-05 0.00650509 0.197357 8.41839e-09 0.000993366 0.0667561 8.66992e-05 0.0310698 0.000195299 0.444633 
0.00222154 0.0733598 0.126985 0.00936076 3.59071e-06 0.0632941 0.0281195 0.00196286 5.79245e-06 0.121879 0.00120813 1.46918e-07 0.000257367 0.00897126 1.13749e-08 0.0130632 0.0721888 0.000113937 0.0198202 0.000352118 0.456833 
0.00701135 0.0210566 2.69765e-10 0.000283887 0.00135565 0.000110559 0.0162242 0.0148336 0.031371 0.0106502 0.000777073 8.86534e-09 0.00374452 0.087613 4.40102e-10 0.0041706 0.0557588 8.01607e-06 0.000193005 1.96345e-05 0.744818 
0.00292583 0.00958171 1.36201e-05 0.000168875 0.00636294 0.094341 0.00995505 0.00741905 0.00697863 0.331603 0.00106988 2.32313e-05 0.00609524 0.0192023 6.31406e-07 0.00273757 0.0323742 0.0193028 0.0995749 7.42467e-07 0.350269 
0.00163951 0.000138469 1.15055e-05 0.000103288 1.27935e-07 0.0574725 0.000847366 1.77699e-10 0.00312888 0.221374 2.74676e-07 1.85918e-05 0.00145036 0.200405 1.818e-09 0.000353432 0.00456902 0.00013524 0.000523627 0.000329009 0.507499 
0.00108694 0.00761496 5.65903e-07 5.62788e-08 0.018351 6.93412e-05 0.014171 0.000410775 0.0142059 0.062777 9.42216e-05 7.07856e-08 0.00343213 0.321237 4.14277e-09 0.000215255 0.0174497 0.000474384 0.200591 0.0011492 0.336669 
0.0209183 0.004612 3.06753e-06 0.000436757 0.00722919 0.00259789 0.00746659 0.00731037 0.0257901 0.031048 1.19852e-06 2.06873e-09 0.128553 0.00101139 0.00175346 0.00266448 0.000494563 3.50689e-08 0.000678301 2.23229e-09 0.757431 
0.0563173 0.0059715 0.000937252 0.000227658 0.000169265 0.0182169 0.0297804 0.000118045 0.0209277 0.00902445 1.52303e-05 4.46765e-06 0.106812 0.0116198 3.27504e-08 0.000806582 0.0584843 5.58944e-05 5.34932e-07 0.0606704 0.619841 
0.0351837 0.0171561 0.00012779 3.13979e-05 0.0522365 0.0196167 0.00147861 0.000328982 0.288481 0.0575086 0.000514752 9.06545e-08 0.0598446 0.0238736 1.89045e-05 0.0451667 0.000401872 0.000506259 1.30293e-05 9.7822e-08 0.397511 
0.0338241 0.0284593 8.35139e-07 5.7119e-07 0.0195175 0.00581616 0.0012283 0.00125641 0.00161638 0.0785743 1.14185e-07 2.09699e-07 0.176243 0.0055135 8.0884e-05 0.00150981 0.00600557 4.99869e-05 0.00249121 0.000263109 0.637549 
0.0077332 0.0186258 0.000244963 0.00243325 0.00102627 0.0243259 0.00602069 0.00043064 0.0313335 0.110674 6.1797e-06 1.83277e-05 0.0725451 0.019445 4.38123e-08 0.00797785 0.0970021 0.0973797 9.6889e-05 1.21864e-07 0.50268 
0.0203374 0.00494814 3.14873e-05 0.000124099 0.0173602 0.00589528 0.00644834 0.0508426 0.00767541 0.0878936 7.41797e-05 2.08963e-05 0.0116273 0.216892 7.79702e-07 0.000563403 0.107317 9.44234e-05 0.000279334 9.64877e-05 0.461478 
0.00943075 0.121151 2.04964e-05 0.00186511 0.00100631 0.0639709 0.0027276 0.00057579 0.0842022 0.155061 0.000100739 1.04504e-07 0.0917293 0.0708819 9.16621e-10 0.00243344 0.13966 2.43141e-05 0.0301012 0.000324983 0.224733 
0.00522119 0.00276116 3.65603e-05 7.17005e-07 0.00146638 0.0046138 1.04774e-06 1.82128e-05 0.0007015 0.00156715 9.97149e-09 3.7655e-05 0.023826 0.000110142 1.57474e-08 0.00047628 0.0157145 2.44603e-09 1.41947e-05 3.60276e-08 0.943433 
0.04447 0.0290101 0.000150727 4.96448e-05 0.0365526 0.0167679 0.102254 0.08621 0.0456471 0.0565641 0.000109844 1.79204e-06 0.0596488 0.0454695 2.06071e-08 0.146364 0.121691 5.71481e-05 0.000515041 0.00177491 0.206692 
0.00600752 0.0402967 0.000253599 0.0002075 0.00564044 0.0490756 0.0155214 0.0096084 0.00669722 0.170008 0.000561907 1.95701e-05 0.0533368 0.00349683 0.00122204 0.110583 0.203315 3.73466e-05 0.000722298 0.00376643 0.319623 
0.0265375 0.0780994 0.000998559 9.91088e-05 0.00245397 0.0128214 0.00123697 0.0243842 0.00699921 0.0359489 7.34465e-06 6.28075e-07 0.035859 0.0153518 4.6798e-08 0.0198261 0.0180283 3.44923e-05 0.00311973 0.00184346 0.71635 
0.00303885 0.0135147 2.75962e-05 0.00052207 0.0240474 0.0434474 0.00319767 0.000215404 0.0186008 0.0525166 7.87076e-05 2.866e-05 0.0991233 0.0420376 2.38191e-05 0.0132551 0.17573 0.000153112 0.000949093 4.53375e-05 0.509447 
0.0309937 0.148053 2.21305e-06 0.0034401 0.0497793 0.116129 0.005099 0.0285114 0.0169273 0.194054 1.25932e-05 4.52594e-07 0.0971324 0.0242603 3.92428e-05 0.00091225 0.062779 0.000353157 0.0127766 0.00011904 0.208626 
0.026094 0.0378017 0.000647172 0.0026468 0.0017759 0.0810556 0.0492864 0.0379723 0.0289916 0.0884198 7.83589e-05 3.78741e-06 0.0243757 0.082917 1.13045e-08 0.0124685 0.226259 0.00909156 0.00350975 0.000566704 0.286039 
0.00166425 2.61405e-05 2.86479e-06 6.73548e-05 0.00287347 0.0458018 3.75033e-05 5.77451e-06 0.00993707 0.277013 0.000210992 2.04108e-08 0.121716 0.00616385 1.43737e-05 4.02481e-05 0.107875 2.24092e-05 1.66164e-08 2.20245e-08 0.426528 
0.00649042 0.145876 9.46769e-05 0.0318053 6.13918e-05 0.129669 0.00147177 0.0180239 0.0467237 0.0413564 0.000158072 0.000183449 0.0611704 0.0814587 3.66378e-07 0.00264853 0.0517565 4.05505e-06 3.06386e-05 0.00714632 0.37387 
0.0347076 0.00120264 1.89577e-06 0.000655358 0.0059806 0.0416477 0.00576926 0.000840646 0.0129586 0.124621 7.13064e-05 1.29362e-06 0.137491 0.00299762 4.99709e-07 0.0239029 0.0727541 5.70085e-05 1.90736e-05 0.000245758 0.534074 
0.0431888 0.0429905 9.9292e-05 3.11906e-06 0.0121735 0.0140426 0.0106032 1.96835e-05 0.0544942 0.0277518 0.00042473 2.57214e-05 0.369089 0.0151518 3.32004e-10 0.0191832 0.0152939 5.00724e-06 0.000205152 0.000657282 0.374598 
5.03028e-05 0.000872952 5.25464e-07 0.000137236 0.0053462 0.0022647 0.00272056 0.000547181 0.00135206 0.0503496 1.60103e-05 0.000170301 0.0438388 0.0228621 6.94499e-05 0.00162328 0.0540542 0.000124671 0.000140089 2.5794e-05 0.813434 
7.83424e-05 2.65113e-05 0.00179023 1.6395e-06 0.000106477 0.000479201 5.75959e-05 8.81733e-06 0.00197359 0.0112012 2.92568e-06 2.72573e-06 0.0629129 0.0278189 4.62035e-06 0.00258786 1.9797e-07 7.17675e-07 0.0112899 0.000126447 0.879529 
0.00349914 0.087116 6.9467e-07 4.02145e-07 0.0017849 0.000948778 0.00118582 0.00110345 0.0284169 0.00597871 0.00113113 6.68582e-07 0.00481565 0.310071 3.28219e-05 0.0012787 0.00283067 6.73645e-05 0.0223562 7.21442e-07 0.52738 
0.0348594 0.117919 0.000972379 0.000667447 0.000782404 0.00142222 0.00786997 0.0348994 0.00626842 0.250672 2.20243e-05 3.46265e-05 0.0510709 0.0234572 0.000672639 0.00136995 0.0757281 1.09044e-05 0.000194914 7.46906e-05 0.391031 
0.00901502 0.0358956 1.33508e-05 0.0003342 9.12041e-05 0.0187181 0.00542838 0.00021625 0.0946017 0.0115257 1.20939e-06 3.44176e-07 0.0135992 0.0321804 1.09653e-07 0.00295286 0.0973932 1.39593e-05 1.97e-07 0.005553 0.672466 
0.00697502 0.0081028 0.000157743 1.26902e-05 0.0283254 0.0385315 0.00483155 0.00126271 0.140715 0.202861 0.000533301 8.33322e-09 0.156209 0.0523895 5.93862e-10 0.00210813 0.108224 9.07685e-05 0.000687604 0.00798082 0.240001 
0.0189379 0.0289409 6.72644e-09 0.000331867 0.0135086 7.99123e-05 0.00148526 0.00010551 0.109188 0.0146325 6.94872e-09 6.47383e-09 0.00196874 0.0585701 0.049356 0.0517575 0.0565584 1.56958e-07 5.27034e-09 1.1778e-05 0.594567 
0.0701608 0.0149056 0.0052255 0.000322055 0.0226738 0.174568 0.0764505 0.00207152 0.0300923 0.138134 0.000228841 1.12653e-06 0.0434563 0.0159302 2.14621e-07 0.00124914 0.0283847 0.0705017 0.00398906 1.50982e-06 0.301653 
0.0579582 0.0476132 0.00590963 0.00237959 0.038922 0.0478236 0.0159508 0.00180388 0.0607539 0.104726 0.000542885 1.785e-06 0.114821 0.0133938 0.000425771 0.0450071 0.0990951 0.0861468 0.000345547 0.000173611 0.256206 
0.00166101 0.0346049 0.00312272 0.00939706 0.0138784 0.0839571 0.0575509 0.0223176 0.0852932 0.103447 0.000308516 0.0214443 0.0509322 0.0659324 2.16587e-07 0.146644 0.0633299 0.000270703 0.0146633 0.00301194 0.218233 
0.062588 0.0403964 6.39877e-05 0.001743 0.0074825 0.0164581 0.00197908 0.00943943 0.0406686 0.0314305 0.000395645 8.85513e-07 0.108951 0.00677438 0.0001722 0.00793197 0.17447 0.0230848 0.000233186 0.000236846 0.465499 
0.0309937 0.148053 2.21305e-06 0.0034401 0.0497793 0.116129 0.005099 0.0285114 0.0169273 0.194054 1.25932e-05 4.52594e-07 0.0971324 0.0242603 3.92428e-05 0.00091225 0.062779 0.000353157 0.0127766 0.00011904 0.208626 
0.0310751 0.00212253 0.000170538 0.000838445 0.0179803 0.0010405 0.00626122 0.000477104 0.00247137 0.190532 0.00450122 6.39759e-07 0.130118 0.000782575 0.0260597 0.00299041 0.0296474 3.69983e-06 6.00576e-05 1.60836e-05 0.552851 
0.0211715 0.0262183 0.000656789 0.000288967 0.00112259 0.0047034 0.00571007 0.00159875 0.00699155 0.103773 8.17079e-06 2.96641e-05 0.02084 0.316862 6.27495e-06 0.00522287 0.029364 4.72443e-05 0.0043912 0.00225731 0.448737 
0.0380673 0.00553879 8.51932e-08 3.79654e-05 0.000148192 0.00192353 5.37103e-05 3.03378e-05 0.0160957 0.230763 8.80085e-08 8.19938e-08 0.0733773 0.032172 8.02748e-06 0.0613772 0.000917701 1.16064e-05 1.83209e-05 6.09357e-05 0.539398 
0.017683 0.0126825 3.66543e-05 0.000938736 0.0388272 0.0692744 0.0259386 0.000133647 0.0810425 0.112486 0.00044993 4.43219e-06 0.00515963 0.0721187 0.00346267 0.0745697 0.0416608 0.00141941 0.0728467 0.000193523 0.369071 
0.00139108 0.021061 0.000339614 0.000468578 0.000791156 0.0229731 0.0151333 0.0192608 0.0605431 0.151792 0.000154645 2.5973e-08 0.0177045 0.0170984 1.46342e-06 0.116444 0.0899648 8.24859e-06 0.0206049 0.00263145 0.441634 
0.00623236 0.00457321 4.678e-05 1.84698e-05 0.000422089 0.0212426 0.00480695 3.56581e-05 0.000899554 0.049832 6.84478e-07 1.33207e-05 0.0348997 0.0084158 8.92306e-10 0.00294756 0.030084 3.73276e-05 0.000224012 0.00177493 0.833493 
0.0810514 0.0183858 1.6068e-07 0.000117413 0.00238976 0.0800911 0.0570634 0.000669305 0.0541561 0.0711137 0.0002743 0.000278811 0.0677436 0.0617765 1.55068e-09 0.00772047 0.173961 0.000234104 0.000198949 2.09363e-07 0.322774 
0.00592138 0.00511522 3.12685e-09 0.000109565 7.94469e-05 0.00408019 0.00604087 0.0185857 0.0057891 0.00101889 3.23019e-09 3.49709e-07 0.034071 0.00743885 5.10124e-09 0.236893 0.0794826 2.31852e-05 5.54877e-05 0.000958078 0.594337 
0.0020459 0.0375104 3.03615e-07 0.000346549 0.000432265 0.00415388 0.000947896 0.0292321 0.00173099 0.00932371 2.14744e-06 1.62349e-07 0.000529417 0.0188967 5.66208e-07 0.000815095 0.0262388 8.22489e-06 0.00377779 0.0102986 0.853709 
0.0171022 0.0223161 0.000135252 0.00339085 0.056082 0.0011797 0.000360083 6.87705e-06 0.0543159 0.221096 0.000378895 4.49537e-08 0.0305284 0.0045342 7.0962e-06 0.00393058 0.0293825 1.60371e-05 0.00168608 3.28706e-05 0.553518 
0.0177509 0.0448231 0.00105336 0.000542799 0.00183412 0.0334648 0.0578932 0.0292563 0.0144697 0.0852562 0.000458941 1.60678e-06 0.0379385 0.055625 0.000548319 0.00335489 0.1218 0.000141776 0.00142402 0.000314565 0.492048 
0.0292939 0.202215 0.00151668 0.00202929 0.00691131 0.0167683 0.0517244 0.000589262 0.0590205 0.0989354 0.000264519 1.14999e-06 0.00988776 0.0418352 1.20763e-09 0.0629157 0.0735964 9.95101e-06 7.28104e-05 0.000103531 0.342309 
0.00235819 0.00745464 6.82321e-05 0.00112772 0.000411789 0.00589343 0.0422299 2.06186e-05 0.0539966 0.0430363 3.61848e-06 3.34856e-07 0.0053454 0.048101 2.54973e-07 0.000962604 0.00481381 0.00152458 0.000448598 0.000227783 0.781975 
0.0192556 0.054299 0.00249888 0.0018332 0.00830539 0.0497966 0.0835667 0.0153091 0.0464984 0.134578 0.000504371 1.47714e-05 0.0899899 0.0402672 0.00192361 0.0653881 0.173977 0.00614923 0.00530343 0.00244096 0.198101 
0.00701135 0.0210566 2.69765e-10 0.000283887 0.00135565 0.000110559 0.0162242 0.0148336 0.031371 0.0106502 0.000777073 8.86534e-09 0.00374452 0.087613 4.40102e-10 0.0041706 0.0557588 8.01607e-06 0.000193005 1.96345e-05 0.744818 
0.00701135 0.0210566 2.69765e-10 0.000283887 0.00135565 0.000110559 0.0162242 0.0148336 0.031371 0.0106502 0.000777073 8.86534e-09 0.00374452 0.087613 4.40102e-10 0.0041706 0.0557588 8.01607e-06 0.000193005 1.96345e-05 0.744818 
0.0140114 0.0094487 0.00273569 7.55111e-06 0.0199893 0.0677523 9.42835e-07 0.000392602 0.0312178 0.0325296 3.28251e-07 6.60411e-08 0.094148 0.0541493 1.78494e-10 0.009824 0.303238 0.0417073 0.00693398 1.13626e-10 0.311913 
0.0472634 0.182589 0.00654432 0.000964574 0.00785234 0.00713616 0.00574509 0.023734 0.023154 0.0455428 0.000267138 9.45027e-06 0.0240014 0.0183 5.77614e-07 0.00485755 0.0177068 0.000855747 0.0442165 0.00200014 0.537259 
0.00611098 0.0166897 0.000266075 0.000110227 0.0045002 0.00682811 0.000356547 0.00493812 0.00472822 0.0746379 1.10888e-09 1.12917e-07 0.0308902 0.0737377 1.75119e-09 0.0103102 0.0523579 5.89228e-05 0.000979562 3.08502e-06 0.712496 
0.00950612 0.0753182 3.47836e-06 0.000112331 0.00396198 0.00513031 5.06533e-05 0.000557535 0.0795164 0.0447074 2.52292e-05 2.07622e-05 0.0180227 0.0120736 1.49118e-05 0.000606396 0.0171783 1.76653e-05 0.00169941 7.785e-05 0.731399 
0.0034676 0.00106421 6.85038e-06 2.32204e-05 6.41826e-05 0.0169194 0.00302927 0.0126369 0.0561725 0.011731 3.37706e-05 1.47154e-05 0.229307 0.0244076 4.0995e-08 3.91207e-05 0.227633 2.39825e-05 2.31024e-05 3.36453e-07 0.413403 
0.00192394 0.0317586 0.000287501 0.000153029 0.00144633 0.0123617 0.135815 0.00415285 0.13478 0.0292574 0.00012883 3.80141e-05 0.0204578 0.0983317 1.87551e-06 0.0332663 0.0540685 2.78529e-05 0.000219972 0.000298868 0.441224 
0.00436619 0.00781696 0.000102415 0.00182767 0.0900354 0.0104489 0.000438624 0.000169739 0.182847 0.121586 0.00309223 0.000174355 0.0810793 0.0964516 1.34012e-08 0.0012765 0.0399897 0.00051374 2.26546e-05 0.0402584 0.317503 
0.00222154 0.0733598 0.126985 0.00936076 3.59071e-06 0.0632941 0.0281195 0.00196286 5.79245e-06 0.121879 0.00120813 1.46918e-07 0.000257367 0.00897126 1.13749e-08 0.0130632 0.0721888 0.000113937 0.0198202 0.000352118 0.456833 
0.0252833 0.026751 0.000103038 0.0233394 0.0116163 0.000855268 0.0130894 0.00800611 0.0272344 0.275862 0.000420206 4.86834e-08 0.125587 0.0107605 3.50529e-09 0.0357219 0.0464128 2.91058e-05 0.00131198 0.000494666 0.367122 
0.028034 0.104927 2.73853e-05 5.61818e-08 0.0293197 0.0640856 0.0173708 0.00345887 0.00259035 0.111397 6.06095e-06 1.739e-08 0.125769 0.00247004 1.61787e-09 0.0319011 0.0118243 2.39247e-08 3.31359e-05 1.02991e-09 0.466786 
0.0303681 0.0219216 0.00273898 0.00123994 0.016406 0.0365737 0.0936652 0.0211801 0.0357222 0.136361 0.000314268 0.0089921 0.162513 0.0983152 0.00205751 0.0106459 0.10402 0.0113203 0.00188569 0.000428092 0.20333 
0.0127419 0.0380509 0.00219951 0.000936458 0.0036493 0.0615817 0.0085457 0.177557 0.0618237 0.0283667 0.00402459 1.45112e-05 0.07304 0.0567362 1.25883e-09 0.0267027 0.200605 0.000127317 0.00570674 0.000129373 0.237461 
0.014753 0.0633716 4.37657e-05 5.20744e-05 0.0458476 0.254278 0.0486857 0.0449664 0.0810138 0.0355287 1.87144e-06 1.40729e-06 0.0326957 0.0024555 1.659e-08 0.0211744 0.0728345 0.0127849 0.00146577 1.15249e-06 0.268044 
0.0127099 0.00131171 1.20675e-05 2.66042e-05 0.000199972 0.000472613 0.00306136 0.00466015 0.143597 0.0210761 4.16328e-06 3.9226e-05 0.129465 0.0020813 3.06136e-07 0.0195239 0.118251 1.94191e-05 2.35669e-06 1.08485e-05 0.543474 
0.00330639 0.0259804 0.000337684 8.4333e-05 0.00158983 0.00952785 0.021128 0.0172777 0.00850918 0.0179192 5.82401e-05 1.17924e-09 0.0571905 0.00293893 0.0150262 0.0714915 0.0428779 0.0646761 0.000160141 0.00137477 0.638545 
0.00336193 0.0251614 0.00304352 0.00112415 0.0110817 0.049251 0.0615775 0.00518799 0.095384 0.0442107 6.59549e-09 6.69401e-11 0.0100568 0.0347095 1.13469e-10 0.0107628 0.234828 0.00042065 0.00931115 0.0209508 0.379576 
0.0665823 0.178046 0.000752154 0.00102175 0.00559884 3.17757e-07 0.00017783 0.00116516 0.00238756 0.0327863 2.67127e-06 2.48871e-06 0.00014499 0.0193607 0.00025366 6.90463e-07 4.29323e-05 2.06529e-05 0.0904567 0.000359112 0.600837 
0.16932 1.16881e-09 1.23339e-08 7.14726e-06 6.3285e-09 1.51565e-09 2.53421e-09 1.9668e-09 1.48702e-05 1.09317e-05 2.29475e-05 1.18707e-08 2.24405e-05 1.65218e-05 2.01219e-08 3.2934e-09 0.141887 2.50355e-06 1.16064e-05 1.28093e-08 0.688683 
0.0010437 0.0066886 8.7412e-06 0.00121297 2.85438e-06 0.0224591 0.00813098 5.86623e-05 0.0136491 0.00845583 5.74687e-06 5.35412e-06 0.0141743 0.00261281 9.0757e-06 0.00184414 0.0683057 0.000127854 0.00015875 0.000191556 0.850854 
0.011337 0.0585317 0.000342616 0.00360063 0.00274455 0.0481105 0.0220911 0.00846054 0.0100996 0.255712 7.58174e-05 1.79155e-06 0.0612852 0.0224681 0.0010043 0.00612572 0.0913462 0.00256223 0.0040609 0.000243949 0.389796 
0.0295685 0.0578051 5.99418e-05 0.00182721 0.00130418 0.0197581 0.00195741 0.012885 0.16928 0.0181544 0.000221359 5.81632e-07 0.114638 0.000309755 1.88623e-07 0.0148043 0.2021 9.23593e-06 0.00772776 1.20074e-07 0.347589 
0.0119799 0.00173269 6.94656e-05 2.07223e-06 0.000288751 0.000135163 0.000265695 5.93743e-06 0.00769589 0.228018 1.07779e-05 5.83561e-07 0.00749828 0.0282612 1.51922e-10 0.00141854 0.0139313 4.22412e-08 4.63692e-05 1.07723e-07 0.69864 
0.00743001 0.0426089 0.0126494 0.00392428 0.00298045 0.0212262 0.273309 0.00297518 0.0282201 0.0275001 0.000283456 3.60424e-07 0.113992 0.00452532 0.000242767 0.00744496 0.0998237 1.75708e-05 0.000101094 2.83362e-05 0.350716 
0.0614877 0.0494195 0.00466256 0.0017622 0.0993325 0.114225 0.0344705 0.00784423 0.0602687 0.0900952 0.00279606 0.000939003 0.0994153 0.0441387 2.06729e-05 0.0119895 0.121726 0.0302196 0.00124381 0.00264074 0.161303 
0.0550253 0.0309233 0.00102778 0.00085628 0.0256581 0.0460147 0.00608045 0.0114004 0.0580591 0.0192615 0.0467741 1.22318e-05 0.155693 0.0487301 5.14261e-05 0.00685233 0.060171 4.51267e-05 0.00030182 4.56991e-05 0.427017 
0.000630645 0.00266438 9.01968e-06 0.000491406 0.0102325 0.0122151 0.00392635 0.00981964 0.00979591 0.197768 0.000582549 2.80428e-06 0.00838007 0.00376478 1.50289e-06 0.00306551 0.0447779 0.00269964 0.00052789 0.000369253 0.688275 
0.114928 0.0802188 8.35549e-05 0.000124079 0.00318752 0.0153829 0.000808319 0.0149151 0.0454018 0.0162544 0.000162775 1.27915e-05 0.0429306 0.215924 2.48289e-10 0.000793021 0.192507 1.14448e-05 6.23161e-06 1.43671e-06 0.256346 
0.0419033 0.0245731 0.00028229 0.00172622 0.0465019 0.005035 0.00232178 0.00107279 0.0572644 0.253573 0.00134637 1.11871e-06 0.0984234 0.00385718 0.00272139 0.00547605 0.0830481 2.21531e-05 0.000859556 1.63546e-05 0.369975 
0.0285279 0.0110822 2.84261e-05 0.000141432 0.00421628 0.00492223 0.0112957 0.00874865 0.0130178 0.0331216 0.00128437 9.56067e-06 0.0161082 0.0063602 2.05295e-08 0.00214439 0.118172 4.25484e-05 0.00082909 0.000839015 0.739108 
0.00729364 0.00563954 0.00019857 0.00203154 0.00432885 0.0212959 0.0191628 7.37911e-05 0.013546 0.0905178 0.00046369 9.3876e-06 0.0482584 0.00659766 0.000310012 0.00126098 0.0145263 0.000428103 3.00175e-05 0.000104919 0.763922 
0.00623236 0.00457321 4.678e-05 1.84698e-05 0.000422089 0.0212426 0.00480695 3.56581e-05 0.000899554 0.049832 6.84478e-07 1.33207e-05 0.0348997 0.0084158 8.92306e-10 0.00294756 0.030084 3.73276e-05 0.000224012 0.00177493 0.833493 
0.00115842 7.57491e-05 9.19155e-06 5.28449e-05 0.0257345 0.0217706 0.00960254 3.6786e-05 0.000547681 0.0697114 7.04892e-08 5.8264e-07 0.133967 0.000411721 1.11319e-07 0.0324722 0.177804 1.06982e-05 0.000515728 7.08641e-08 0.526118 
0.0422066 0.0158112 6.47465e-07 0.000180784 0.0316213 0.00161059 0.00858137 5.90654e-05 0.0672903 0.284305 5.06994e-06 1.83077e-06 0.0430154 0.027712 0.00199541 0.01004 0.146474 0.000106374 0.000146913 0.000524985 0.318311 
0.0168082 0.157156 0.00413084 0.00407358 0.00135732 0.104103 0.0391071 0.000135747 0.0871576 0.186166 0.000303038 2.91696e-08 0.0237568 0.0235971 4.9445e-08 0.00216931 0.0294337 0.000258513 0.00075515 0.0261068 0.293424 
0.0292939 0.202215 0.00151668 0.00202929 0.00691131 0.0167683 0.0517244 0.000589262 0.0590205 0.0989354 0.000264519 1.14999e-06 0.00988776 0.0418352 1.20763e-09 0.0629157 0.0735964 9.95101e-06 7.28104e-05 0.000103531 0.342309 
0.0308595 0.00985712 0.00171107 0.000113861 0.010377 0.0188728 0.0122796 0.00650538 0.0184806 0.293325 0.00222303 6.34558e-07 0.0988339 0.0135059 7.45178e-08 0.0265623 0.107321 0.00270978 0.000137665 1.92209e-05 0.346305 
0.0101504 0.0636498 0.000263696 0.000320923 0.0052967 0.020183 0.00906072 0.0133226 0.0969559 0.0742308 1.7717e-05 8.56991e-06 0.0347983 0.0444701 4.35954e-05 0.097373 0.212994 3.75999e-05 0.001952 0.000753413 0.314117 
0.0281438 0.0251595 0.000168373 4.6035e-05 0.00947034 0.0523291 0.00247354 0.0100059 0.149218 0.0256873 0.00911716 4.18783e-06 0.0444762 0.00382599 1.52146e-05 0.00757585 0.0301969 5.56397e-06 0.0101863 1.21622e-05 0.591882 
0.00212646 0.0073157 0.00588213 0.000179447 0.00322038 0.0187461 0.0152409 0.00962951 0.00538065 0.0287775 4.43642e-05 0.106452 0.00943094 0.0133417 6.67926e-06 0.00405116 0.272524 0.000927512 0.000607119 8.95097e-05 0.496026 
0.00273212 0.0284207 0.000569685 0.00012818 0.0874503 0.00832774 0.0091125 0.00364924 0.020769 0.274878 5.95124e-05 4.09932e-05 0.0381454 0.00200356 1.97016e-07 0.149362 0.0667911 0.0297273 0.000289735 5.56989e-05 0.277486 
0.00686732 0.0193681 3.19826e-05 7.7489e-05 0.0064839 0.00526021 0.00125919 0.00618386 0.00743879 0.108205 0.000707681 1.8392e-06 0.0653772 0.019626 4.12129e-08 0.000861949 0.276511 1.93642e-05 0.00225849 0.000126719 0.473334 
0.015441 0.00387021 0.000447738 0.000787479 0.00303059 0.0414348 0.019044 0.00178307 0.00509014 0.380565 0.000426517 1.66687e-07 0.0371904 0.0114952 1.29631e-06 0.0113823 0.0418984 0.0259948 0.00747377 0.000297762 0.392345 
0.00331443 0.0108828 4.45806e-06 0.000746755 0.00015105 0.00172082 0.00654986 0.00754857 0.00714124 0.11884 0.00203614 5.19434e-05 0.0868971 0.101361 0.00642072 0.103209 0.214924 0.000225688 0.000481363 9.40003e-05 0.3274 
0.0087948 0.0366902 0.000488193 0.000852584 0.0277966 0.044165 0.0436594 0.000158019 0.0326085 0.0811536 3.17182e-05 8.86081e-08 0.0332588 0.255685 7.56492e-08 0.039204 0.0298745 0.00395186 0.00195508 0.00117751 0.358494 
0.000630645 0.00266438 9.01968e-06 0.000491406 0.0102325 0.0122151 0.00392635 0.00981964 0.00979591 0.197768 0.000582549 2.80428e-06 0.00838007 0.00376478 1.50289e-06 0.00306551 0.0447779 0.00269964 0.00052789 0.000369253 0.688275 
0.000950154 0.0284195 0.000286725 1.28251e-06 0.000394815 0.000633604 0.000993302 0.00442234 0.00674193 0.257694 1.15337e-05 8.19759e-08 0.212867 0.00108763 2.91055e-09 0.0484994 0.108451 0.00613969 2.90362e-05 1.14828e-05 0.322366 
0.00854183 6.83073e-05 1.74364e-07 8.43909e-08 0.0697824 0.0248722 0.00412035 5.39744e-06 0.00242075 0.0494509 1.70502e-07 2.71979e-08 0.00688827 0.0190166 4.64887e-09 0.0017935 0.0171648 7.22107e-10 7.82377e-05 2.71212e-07 0.795796 
0.0784184 0.0298418 9.84245e-08 0.000826723 0.00486068 0.000857292 0.0235678 0.000273571 0.027725 0.0859381 8.04668e-05 1.44087e-05 0.00650509 0.197357 8.41839e-09 0.000993366 0.0667561 8.66992e-05 0.0310698 0.000195299 0.444633 
0.0883412 0.0537005 0.000270843 0.0003249 0.0647472 0.00996092 0.0054977 0.00584816 0.0678709 0.0965325 0.00123306 1.98053e-06 0.154949 0.00431034 1.13532e-05 0.0899719 0.0132266 2.11144e-05 0.0131471 0.00155339 0.328479 
0.0099694 0.00916371 0.00125398 0.000836831 0.00101788 0.000987689 0.000627976 0.00731102 0.0161871 0.23439 9.60221e-05 3.08446e-06 0.0273482 0.0286518 0.000984921 0.00189051 0.0541506 2.32987e-05 0.000854659 0.000431595 0.60382 
0.0027719 0.0242986 0.000318953 0.00134766 0.00192871 0.025383 0.0825495 0.00112341 0.0249263 0.029727 0.00157075 1.30558e-06 0.22845 0.0217749 8.94919e-09 0.0590045 0.0608505 0.000148037 0.0158908 0.00151683 0.416417 
5.63011e-10 1.83039e-05 2.44934e-09 1.41793e-09 0.0138547 0.100908 0.0155994 2.46897e-06 0.0501047 0.00140176 2.53029e-09 2.35736e-09 0.0567542 0.000962182 3.99593e-09 0.024479 0.0155633 6.20685e-10 1.91913e-09 8.2962e-08 0.720352 
0.0450453 0.0439094 0.00141942 0.000117407 0.00763765 0.0132674 0.0115604 0.00182079 0.200767 0.113436 5.10218e-05 3.28587e-07 0.108545 0.0135055 1.03314e-09 0.0873783 0.142936 4.92068e-05 0.00028583 0.00463106 0.203637 
