0.00330786 0.0202735 3.3828e-06 8.46767e-05 0.00273793 0.00296703 0.00446666 1.31152e-06 0.0268808 0.0849413 0.000180083 1.26644e-06 0.114845 0.169639 1.38052e-05 0.00210171 0.0355112 0.000733086 3.62029e-06 2.71729e-05 0.53128 
1.00037e-06 0.00123766 4.35204e-06 2.5194e-06 0.000672137 0.00272801 8.94201e-07 6.9399e-07 0.0082026 0.00564793 4.49586e-06 4.18861e-06 5.96773e-05 0.0771767 7.10005e-06 1.16208e-06 0.00216025 0.00165537 3.40994e-06 4.51977e-06 0.900425 
0.0304312 0.0551128 0.129292 0.0277306 0.00110204 0.0605436 0.00467732 0.00140978 0.0514121 0.0972376 6.21675e-05 0.000136773 0.156603 0.0238538 3.16617e-09 0.0244373 0.0594721 0.000533636 0.00174251 3.24871e-05 0.274177 
0.0161858 0.143727 0.000260534 0.0172721 0.00735505 0.0192824 0.0565544 0.0434335 0.00755565 0.193793 0.00107125 6.16957e-07 0.00443699 0.124375 1.14821e-06 0.0688805 0.00762487 0.00969189 0.00225309 0.00660195 0.269643 
0.0313413 0.00977384 0.000482087 1.62263e-05 0.00246028 1.13771e-07 0.00412624 0.0454532 0.0435641 0.175382 7.22585e-07 2.01711e-06 0.124993 0.0375211 1.05758e-05 0.0796403 0.0577928 0.00014017 0.0815738 0.00478651 0.30094 
0.00794093 0.0327894 2.92284e-05 0.000774785 0.0402754 0.0142826 0.00623424 0.00671805 0.00948084 0.0507009 0.00133447 7.13544e-07 0.0695173 0.0163695 0.00259 0.0167465 0.121838 0.000307242 0.000446118 0.00065205 0.600972 
0.00313592 0.00174428 7.81949e-06 9.36051e-05 0.00111113 0.00544165 0.00873052 2.64051e-07 0.000903583 0.0523523 2.07394e-06 1.04606e-05 0.00215053 0.0572816 5.07649e-08 0.00167671 0.0146895 7.95531e-05 0.00268118 0.00100811 0.846899 
0.00040987 2.337e-06 2.46614e-05 1.42765e-05 1.26537e-05 3.4272e-05 5.06709e-06 3.93257e-06 4.18709e-06 0.000308819 2.54763e-05 2.37352e-05 3.3482e-06 0.000978208 4.02333e-05 4.61848e-05 1.72389e-06 4.38309e-05 1.93228e-05 2.56118e-05 0.997972 
0.0043576 0.0219051 0.002638 0.000119144 0.0344797 0.039048 0.0108841 0.00231104 0.0895452 0.0244344 0.000161959 1.18001e-06 0.187539 0.00383365 1.37247e-05 0.0512598 0.173866 5.77683e-05 0.000403173 0.00229276 0.350848 
0.00651837 0.0167039 0.000122303 0.00216327 0.0036238 0.0406363 0.00309243 0.0465489 0.0471565 0.0236034 0.00932415 3.26692e-07 0.117747 0.0385585 5.33443e-06 0.0237649 0.241389 2.325e-05 0.000779607 0.000127083 0.378112 
0.000687887 0.0127756 3.20699e-06 2.68517e-07 0.0598816 0.109003 0.00345576 0.000652812 0.0993227 0.0440092 0.000164494 4.4642e-07 0.00588272 0.141947 2.07389e-05 0.0053101 0.0167733 0.0354842 0.00105629 0.000371771 0.463197 
0.00551559 0.00614382 0.000112631 0.00111086 0.00631638 0.0225521 0.0265557 0.000407326 0.017723 0.158457 0.00262747 1.31217e-06 0.274669 0.00876611 0.00021952 0.03292 0.0659069 0.00146261 0.000126788 0.000285871 0.36812 
0.00901353 0.0270721 1.96912e-10 0.000364789 0.00174238 0.000142007 0.0208583 0.0190695 0.040333 0.0136924 0.000997446 8.61295e-09 0.00481355 0.095753 3.21249e-10 0.00536174 0.0716887 1.02861e-05 0.000247908 1.2677e-07 0.688839 
0.000166934 0.00135736 5.67649e-05 1.61583e-05 0.000541697 4.15238e-05 0.000900736 0.0163792 0.000839596 0.0423383 2.51091e-05 4.61391e-06 0.0334082 0.0133271 2.83575e-05 0.0038237 0.188616 8.32823e-06 0.000120452 2.36397e-05 0.697976 
0.0232307 0.0225957 9.43154e-05 6.3168e-05 0.0023103 0.0483186 0.0101688 0.0311299 0.00480369 0.0426258 1.65086e-07 2.70146e-06 8.72263e-05 0.0193264 1.43256e-10 0.00657257 0.0181928 4.55394e-05 0.00187201 0.000416486 0.768143 
0.0408875 0.0472606 0.000305903 8.55364e-05 0.027403 0.0135102 0.0201893 0.0022965 0.0162329 0.0950543 0.00650898 0.000102408 0.149686 0.0369423 1.81605e-07 0.0140478 0.0358185 0.000573152 7.4323e-05 0.00831345 0.484707 
0.0313739 0.0106877 1.14449e-05 2.9611e-06 0.00334649 0.0117319 0.000815378 5.8377e-06 0.00336154 0.0565912 0.00156311 3.0909e-07 0.0209835 0.053899 2.103e-05 0.0212521 0.0367678 0.0194217 0.000739336 6.23302e-08 0.727424 
0.0281503 0.00809357 1.5976e-05 0.0106357 0.0379462 0.0111008 0.000675372 0.000199167 0.0417684 0.251482 0.0186368 2.94806e-07 0.114127 0.00871166 0.000187047 0.00865875 0.0220674 0.0625089 0.00184926 0.000309585 0.372876 
0.0221341 0.000663645 0.000173792 8.43855e-05 0.0191187 0.0330483 0.0195867 0.000239034 0.0456332 0.0112166 3.24552e-06 5.8529e-07 0.0089944 0.276434 9.92117e-07 0.0648845 0.00246226 0.000507054 4.76484e-07 0.00257717 0.492236 
0.0407642 0.0266372 2.6625e-06 0.000423738 0.0525431 0.0701229 0.0123054 0.000253161 0.00747985 0.195461 0.00215334 1.92139e-07 0.0344371 0.0165038 3.15712e-05 0.00644875 0.0328677 0.00487024 0.00241654 1.09459e-06 0.494277 
0.00455376 0.0175835 2.29064e-05 0.000102294 0.00164024 0.0238212 0.0522017 0.00078826 0.0309377 0.279958 6.45316e-06 4.13826e-06 0.0752152 0.010594 1.40005e-06 0.0156416 0.127044 0.00614983 2.72782e-05 6.64343e-06 0.3537 
0.0398214 0.0369032 0.00156561 0.000164848 0.0108106 0.00291824 0.00394213 0.0327733 0.0393535 0.236045 2.5579e-05 1.24046e-05 0.0822739 0.0532921 0.0217777 0.0174655 0.119578 0.000160656 0.00253385 0.0154689 0.283114 
0.000506185 0.000565829 1.00094e-05 1.7162e-05 0.0007756 0.106829 0.0102668 5.08323e-05 0.108074 0.0362419 4.63568e-05 1.54961e-08 0.0196319 0.0126801 2.66657e-06 1.85352e-05 0.019641 0.000218773 0.000198376 1.40517e-05 0.684211 
0.00446188 0.0736862 0.121931 0.0086998 0.000138453 0.0585677 0.0264083 0.00183625 8.06621e-05 0.113349 0.0066939 1.35599e-07 0.000409563 0.00835993 1.28655e-08 0.0136073 0.0655114 0.0197276 0.0205828 0.000755128 0.455194 
4.93379e-05 8.55811e-05 2.21219e-05 1.47228e-05 0.0438039 3.59253e-06 2.72535e-05 1.40045e-05 0.000172204 0.090819 2.03538e-05 2.17402e-06 0.0399775 0.0603497 4.1006e-06 3.88858e-05 0.158313 2.56811e-05 2.93049e-05 3.52723e-05 0.606193 
0.00236255 0.000499958 1.66465e-05 2.1459e-05 0.00308237 0.00270681 0.00208629 0.00158012 0.00835269 0.113169 8.28033e-05 1.32985e-09 0.104531 0.00659858 3.37309e-08 0.00419816 0.269395 2.9372e-08 1.60098e-05 9.38488e-05 0.481206 
0.0156528 0.013265 0.000633995 0.000535447 0.00112311 0.00260833 0.00725543 0.00450576 0.0048687 0.184967 3.58756e-06 2.78931e-05 0.012405 0.242012 5.52938e-06 0.00445619 0.0455407 0.00011339 0.00828091 0.00147574 0.450264 
0.0147621 0.00300546 3.5144e-06 9.30905e-05 0.00365012 0.023085 0.026037 0.00127781 0.00812802 0.0495836 1.17556e-06 6.59428e-05 0.340533 0.00107691 0.00469333 0.0493565 0.0261508 1.77815e-05 5.14112e-06 2.21386e-06 0.448472 
0.00378306 0.16958 2.32478e-07 3.74647e-07 1.78446e-06 0.0101321 0.00617888 0.00312968 0.238753 0.0107061 1.20631e-09 4.39797e-06 0.0315907 0.0473045 1.90506e-09 0.0457853 0.0309446 1.23668e-05 0.000122188 0.000661404 0.40131 
0.00763989 0.00838842 0.000207912 6.40858e-05 0.00422283 0.049217 0.00806163 0.000343365 0.0103849 0.0714638 1.65849e-05 9.35388e-05 0.0351367 0.0217846 1.37346e-05 0.00557683 0.0658364 4.80017e-05 0.0064231 0.00270434 0.702372 
0.0169532 0.0236454 4.64e-07 0.00585003 0.00431836 0.0137038 0.0303769 0.00148686 0.0457067 0.0634091 4.63979e-07 0.000557289 4.64514e-07 0.313595 4.63622e-07 0.0158842 0.069219 0.00594535 0.00561639 4.63977e-07 0.38373 
0.00212048 0.00143094 0.000139808 0.000303744 0.000488273 0.0302833 0.00323589 3.75669e-06 0.0119377 0.0587492 3.32106e-07 1.27568e-06 0.00156605 0.167848 7.23581e-09 0.000711338 0.0472125 8.53511e-06 0.00707596 0.00027736 0.666605 
0.00372053 0.000513505 5.2409e-06 0.000116457 0.015654 0.00957213 0.0320282 0.00374896 0.0215832 0.325354 0.000504387 9.62051e-06 0.0765649 0.00867319 0.000107838 0.00424548 0.0433987 0.0139538 0.00628271 0.0113604 0.422602 
0.00845692 0.00719256 8.82199e-06 0.000517629 0.00046221 0.00154351 0.00162558 4.3796e-05 0.0296736 0.0937783 3.4546e-07 5.59436e-07 0.0249473 0.200557 5.45564e-07 0.00286102 0.0100734 8.03664e-05 0.000294711 3.47297e-07 0.617881 
0.0103888 0.0870917 0.0117046 0.00188264 0.00813359 0.0189574 0.0122836 0.0107644 0.0442271 0.176352 0.000765177 0.000122237 0.0703412 0.0477212 0.000334967 0.0579297 0.11051 0.000212747 0.00389002 0.00184537 0.324541 
0.0269228 0.0251425 1.94519e-09 0.00102821 0.000599405 0.00289559 0.0553093 0.00588251 0.0629579 0.0309902 0.000183951 0.00011227 0.0157109 0.0654575 5.34589e-07 0.00367753 0.1276 0.00017763 9.15671e-07 4.45804e-08 0.575351 
0.00759579 0.00470005 0.000538916 0.00106138 0.00385957 0.0111966 0.0066186 0.00328862 0.0228707 0.361344 0.000441923 1.83138e-06 0.0697088 0.0460878 3.5765e-08 0.007766 0.04707 0.0228275 0.000493478 4.19318e-06 0.382525 
0.0145591 0.000974477 1.42867e-05 1.01921e-05 0.00972037 0.00197506 0.00436158 0.00527432 0.0260779 0.187884 0.00464982 0.000269318 0.147323 0.125854 0.000128149 0.0207102 0.0244569 0.000257779 0.156771 0.00148738 0.267241 
0.0277891 0.0172446 6.85953e-09 0.000137894 0.00336442 0.00376138 0.00268555 0.000793976 0.0101303 0.0267918 0.0029663 2.34292e-05 0.194427 0.0142026 0.00048781 0.227519 0.039473 0.000163059 0.00215787 3.17042e-05 0.425849 
0.017912 0.0155838 0.00010043 0.00126835 0.00542371 0.036031 0.00663184 0.00698416 0.0167931 0.0914729 0.000115055 3.86166e-07 0.03082 0.0731841 4.16785e-08 0.0168325 0.0366327 0.00429903 0.00247399 0.000244254 0.637196 
0.0142644 0.0308791 0.00286931 0.00164499 0.00599847 0.0593079 0.0222876 0.0107778 0.0349933 0.0329071 0.000118718 8.91559e-06 0.0359878 0.0273763 2.90342e-07 0.0762151 0.0726435 1.75232e-05 0.000850519 1.84827e-07 0.570851 
6.1513e-09 6.4573e-05 2.67608e-08 1.54919e-08 3.51628e-06 2.57659e-06 8.12209e-05 2.41619e-07 6.85396e-06 0.0287066 2.76452e-08 2.57558e-08 0.0478786 0.0012478 4.36584e-08 0.00738179 0.00135079 6.78142e-09 2.09678e-08 8.10959e-08 0.913275 
0.0315267 0.0365562 0.0184977 0.000319225 0.00135493 0.0215788 0.0138127 0.0930049 0.0285204 0.0462939 6.00295e-06 2.6623e-07 0.0101332 0.0416367 0.037229 0.00443962 0.0948031 0.0243386 4.86261e-06 0.00222398 0.493719 
0.0290669 0.0112293 3.77813e-05 0.00312537 0.00177135 0.00149084 0.0504225 0.0031904 0.0107761 0.321859 3.76898e-05 0.000111519 0.053562 0.0957485 0.0441445 0.00663086 0.0257123 0.0018608 0.0170249 3.35992e-09 0.322197 
0.0160962 0.019808 0.000284776 0.00445404 0.0125039 0.0735212 0.0412065 0.00334307 0.0200721 0.0988972 0.000528941 0.00892515 0.12366 0.0172416 1.95478e-06 0.0117321 0.225013 0.00978465 0.000676676 0.000185814 0.312062 
0.0100675 0.00372455 9.63291e-05 1.76034e-05 0.000316932 6.94864e-07 0.000100175 0.00648629 0.0112936 0.000186016 3.61387e-05 5.44226e-06 0.0440497 0.000726865 9.2251e-06 0.0382337 0.0250723 6.75121e-06 5.46971e-05 8.71876e-05 0.859428 
2.69682e-06 1.1118e-06 1.17324e-05 6.79188e-06 6.01983e-06 1.44172e-06 2.41061e-06 1.87088e-06 0.00017797 1.23777e-06 1.21201e-05 1.12918e-05 0.00126808 0.0013817 1.91405e-05 3.13276e-06 8.20121e-07 2.97308e-06 9.19261e-06 1.21845e-05 0.997066 
0.000595642 0.000573454 1.06666e-05 1.68331e-06 0.00162941 0.00350367 0.00547829 9.99843e-05 0.00883214 0.0706215 9.82323e-05 4.60657e-07 0.0510181 0.0266077 7.80854e-07 0.014027 0.150376 2.32335e-06 1.46547e-05 1.86429e-05 0.66649 
0.000790876 0.16282 9.15223e-06 3.23395e-08 9.25974e-06 0.00508149 0.000489068 3.40706e-05 0.0236931 0.0264444 2.26259e-05 7.87051e-06 0.00788191 0.064224 9.11375e-08 0.162574 0.227662 1.41563e-08 0.000178243 8.52466e-06 0.318069 
0.0102863 0.037932 0.000199506 0.000171217 0.00514308 0.0453646 0.015467 0.000852881 0.0109414 0.0824335 2.61003e-05 0.000270988 0.0171238 0.0139767 1.43133e-11 0.0149152 0.345579 7.00497e-05 0.00195964 0.0287685 0.368519 
0.000885165 0.0140089 8.10141e-05 8.69864e-05 0.00175356 0.0388774 0.00785063 6.27651e-05 0.0591675 0.104994 0.000292168 5.86033e-07 0.111941 0.115562 2.33798e-09 0.010862 0.152721 0.00434577 8.18385e-05 0.000272543 0.376153 
0.00281071 6.69632e-06 1.41691e-05 0.10075 5.89931e-06 1.30279e-05 0.0016064 8.12757e-05 0.000621004 0.390625 1.24135e-08 7.1277e-08 3.09085e-06 0.0385097 1.96039e-08 0.000348253 0.0406906 3.04506e-09 0.012107 1.24795e-08 0.411807 
0.0213731 0.0533346 0.00166787 0.00124082 0.027498 0.136824 0.105739 0.00202452 0.149856 0.0385052 9.61018e-05 2.83963e-07 0.0852586 0.0316744 0.00249717 0.0624714 0.0802522 0.00861905 0.00140595 0.000123935 0.189538 
0.0540149 0.0457917 5.3636e-06 0.000860493 0.0360589 0.0334329 0.0939762 0.000324455 0.0794364 0.19262 0.00384619 9.85505e-06 0.0605502 0.0114622 2.36513e-08 0.0127392 0.114114 0.000332176 0.00400935 0.0013813 0.255034 
0.00261822 0.0197311 2.59345e-08 7.98423e-06 0.000260012 0.002387 0.00192341 0.000324476 0.00291371 0.0574129 1.88124e-05 4.64337e-07 0.041954 0.0147953 5.6905e-10 0.00998863 0.0658118 1.05784e-05 0.000217441 0.00203316 0.777591 
0.00343671 0.0113823 1.65662e-07 0.000587676 3.1609e-05 0.00697918 3.16622e-06 0.000893052 0.0677751 0.0404738 0.000266466 1.5944e-07 3.03291e-06 0.0211834 2.70265e-07 0.00881582 0.000232009 4.19801e-08 7.58706e-05 0.000366838 0.837493 
0.0271323 0.0152161 5.23115e-05 0.000284658 0.00769093 0.0187209 0.00878411 0.00105863 0.0179013 0.185636 0.000319869 7.70794e-07 0.065974 0.0259012 1.2412e-06 0.00801456 0.103767 0.000558216 0.00219746 0.0017575 0.509031 
0.00422969 0.0215773 0.00299821 1.31225e-05 5.90945e-07 0.000544963 0.00341172 0.00486932 0.0244926 0.15229 1.84278e-07 4.52854e-07 0.0388079 0.179929 3.58305e-09 0.100174 0.0982929 3.81044e-06 9.37136e-05 2.70186e-06 0.368269 
0.0243243 0.0165185 4.51592e-05 0.000149022 0.00315609 0.00471557 0.00734437 0.00139655 0.00804427 0.140477 0.000219357 7.5495e-06 0.00892798 0.0136303 2.55605e-08 0.00980734 0.0135363 0.0127079 0.000594379 4.9668e-11 0.734398 
0.0238363 0.0396112 1.70014e-08 0.000761952 0.0607245 0.00571519 0.209201 6.41909e-05 0.0113379 0.00653397 1.75632e-08 0.00232348 0.027767 0.106604 2.77366e-08 0.0284604 0.0150926 3.67568e-07 0.000112423 1.76566e-08 0.461853 
0.0784184 0.0298418 9.84245e-08 0.000826723 0.00486068 0.000857292 0.0235678 0.000273571 0.027725 0.0859381 8.04668e-05 1.44087e-05 0.00650509 0.197357 8.41839e-09 0.000993366 0.0667561 8.66992e-05 0.0310698 0.000195299 0.444633 
0.00854183 6.83073e-05 1.74364e-07 8.43909e-08 0.0697824 0.0248722 0.00412035 5.39744e-06 0.00242075 0.0494509 1.70502e-07 2.71979e-08 0.00688827 0.0190166 4.64887e-09 0.0017935 0.0171648 7.22107e-10 7.82377e-05 2.71212e-07 0.795796 
0.0315267 0.0103817 0.000752741 3.0674e-07 0.0118339 0.0129147 0.172321 0.000316399 0.116568 0.039295 0.00174015 2.15303e-06 0.0909768 0.106456 0.0518183 0.00561147 0.0370107 0.000197311 0.0055307 2.94852e-08 0.304746 
0.00230167 0.000476759 0.000406764 0.00019682 0.00344807 0.000367259 0.00570862 9.76781e-07 0.0173864 0.00194147 0.00079817 5.89541e-06 0.188843 0.00862989 9.99323e-06 0.0018655 4.28184e-07 0.000825596 4.79945e-06 6.36152e-06 0.766776 
0.00292851 0.00913983 7.51035e-05 5.03658e-07 0.00196598 0.00488168 0.00199949 7.52016e-05 0.0186094 0.0257227 5.6046e-10 5.22157e-10 0.0152793 0.00300093 8.85101e-10 0.368495 0.0152574 0.0145039 0.000474868 0.000142131 0.517448 
0.0294643 0.164755 0.000601997 0.000317235 0.0126698 0.144506 0.100069 0.0436357 0.0115322 0.0437619 3.48329e-05 4.08608e-07 0.0270226 0.000263645 1.84721e-08 0.0364738 0.0777981 1.12657e-05 0.000117421 3.66411e-05 0.306928 
0.0465999 0.0180467 0.00141739 0.00310007 0.00408897 0.0116303 0.0202527 0.0188485 0.0685198 0.132037 0.000666868 8.31264e-06 0.0891801 0.0918336 1.09549e-05 0.0132392 0.0798604 0.000113965 0.00303208 0.000103603 0.39741 
0.0178586 0.0150179 2.66441e-06 5.92148e-05 0.00845114 0.0355876 0.0272782 9.40628e-06 0.0236879 0.166134 0.000445396 0.00250452 0.088614 0.104852 2.79167e-08 0.00437744 0.0141903 0.000279546 0.000245863 0.123936 0.366468 
0.0182731 0.0117309 9.98969e-08 6.04429e-05 0.00164755 0.00466003 0.0310896 0.000736664 0.0246123 0.178781 2.82224e-06 4.65902e-06 0.00931824 0.0617929 2.50413e-08 0.0707113 0.0464192 6.57458e-05 5.91099e-05 0.000711742 0.539323 
0.00551356 2.42862e-05 0.000117116 3.05333e-07 0.00871856 9.26667e-06 0.0218458 8.41065e-08 0.174323 0.0398497 5.44866e-07 3.62241e-06 0.0237904 0.0184727 3.65192e-05 0.0114746 0.00576759 1.93968e-05 4.27933e-05 5.47763e-07 0.68999 
3.0613e-05 0.0134589 2.89459e-08 1.67568e-08 0.000363888 9.99551e-05 0.000184971 1.84678e-05 4.91453e-09 0.000110245 2.99024e-08 2.78588e-08 0.000106897 0.000103385 2.36588e-05 0.000220287 0.000327184 2.20127e-05 2.26799e-08 0.000462976 0.984466 
0.0304312 0.0551128 0.129292 0.0277306 0.00110204 0.0605436 0.00467732 0.00140978 0.0514121 0.0972376 6.21675e-05 0.000136773 0.156603 0.0238538 3.16617e-09 0.0244373 0.0594721 0.000533636 0.00174251 3.24871e-05 0.274177 
0.0348594 0.117919 0.000972379 0.000667447 0.000782404 0.00142222 0.00786997 0.0348994 0.00626842 0.250672 2.20243e-05 3.46265e-05 0.0510709 0.0234572 0.000672639 0.00136995 0.0757281 1.09044e-05 0.000194914 7.46906e-05 0.391031 
0.0290983 0.0689242 0.000617762 0.00321866 0.00621763 0.0114562 0.0795691 0.0067954 0.109667 0.0531315 5.02437e-05 0.000810891 0.0955641 0.00702339 7.87887e-08 0.0589187 0.15507 2.22157e-06 0.000174132 0.00134094 0.31235 
0.056841 0.0118887 5.06593e-05 0.00405718 0.0498916 0.00954717 0.00967356 0.000936241 0.0779396 0.0559482 2.79802e-05 1.20436e-06 0.111839 0.0678922 1.2972e-05 0.0243897 0.0203186 0.000231569 0.0376633 0.00300863 0.457841 
0.0119799 0.00173269 6.94656e-05 2.07223e-06 0.000288751 0.000135163 0.000265695 5.93743e-06 0.00769589 0.228018 1.07779e-05 5.83561e-07 0.00749828 0.0282612 1.51922e-10 0.00141854 0.0139313 4.22412e-08 4.63692e-05 1.07723e-07 0.69864 
0.0020459 0.0375104 3.03615e-07 0.000346549 0.000432265 0.00415388 0.000947896 0.0292321 0.00173099 0.00932371 2.14744e-06 1.62349e-07 0.000529417 0.0188967 5.66208e-07 0.000815095 0.0262388 8.22489e-06 0.00377779 0.0102986 0.853709 
0.00701135 0.0210566 2.69765e-10 0.000283887 0.00135565 0.000110559 0.0162242 0.0148336 0.031371 0.0106502 0.000777073 8.86534e-09 0.00374452 0.087613 4.40102e-10 0.0041706 0.0557588 8.01607e-06 0.000193005 1.96345e-05 0.744818 
0.0175389 0.086217 3.4366e-06 0.000552673 0.0248807 0.0162334 0.00598714 0.000698994 0.0607345 0.159995 1.4607e-05 0.000142467 0.00396242 0.102097 3.18776e-08 0.0014949 0.0683139 0.000896464 0.012121 1.46173e-05 0.438102 
0.00830152 0.0152159 0.000421415 0.00745864 0.000285586 0.0396996 0.0260842 0.010991 0.0150153 0.0151484 4.41955e-06 3.18019e-06 0.0063801 0.0551413 3.86335e-07 0.104718 0.0334405 6.37612e-05 1.56363e-05 0.000123018 0.661488 
0.0429903 0.0441277 7.44182e-06 0.000385301 0.000227389 0.000774689 0.000104929 0.000650328 0.0132024 0.126509 0.000457393 5.97699e-06 0.0088303 0.126742 3.83524e-06 0.00222524 0.0214676 4.20231e-05 0.0890768 0.00023273 0.521936 
0.0535323 0.0193122 0.000293234 0.000473902 0.00171557 0.0246993 0.00648008 0.000827348 0.0323937 0.251981 0.000153812 4.79303e-06 0.0453861 0.0274077 3.66038e-05 0.0042512 0.164129 7.19757e-05 0.000267058 3.41485e-05 0.366549 
0.00701666 0.0120923 0.0150474 0.000179219 0.00629711 0.0446873 0.0102782 0.00159899 0.00678296 0.0362628 1.31972e-05 1.14703e-07 0.17661 0.0415574 7.48478e-05 0.0596813 0.0173192 0.000174061 0.000231065 0.00652376 0.557572 
0.00890405 0.0105274 0.00379633 0.00572857 0.00364503 0.0753462 0.0146468 0.0012312 0.0256511 0.0367603 3.35408e-05 1.07139e-05 0.127436 0.00325535 1.46504e-07 0.0125344 0.114851 1.5573e-05 0.0134317 5.33765e-05 0.542141 
0.00222154 0.0733598 0.126985 0.00936076 3.59071e-06 0.0632941 0.0281195 0.00196286 5.79245e-06 0.121879 0.00120813 1.46918e-07 0.000257367 0.00897126 1.13749e-08 0.0130632 0.0721888 0.000113937 0.0198202 0.000352118 0.456833 
0.00701135 0.0210566 2.69765e-10 0.000283887 0.00135565 0.000110559 0.0162242 0.0148336 0.031371 0.0106502 0.000777073 8.86534e-09 0.00374452 0.087613 4.40102e-10 0.0041706 0.0557588 8.01607e-06 0.000193005 1.96345e-05 0.744818 
0.00292583 0.00958171 1.36201e-05 0.000168875 0.00636294 0.094341 0.00995505 0.00741905 0.00697863 0.331603 0.00106988 2.32313e-05 0.00609524 0.0192023 6.31406e-07 0.00273757 0.0323742 0.0193028 0.0995749 7.42467e-07 0.350269 
0.00163951 0.000138469 1.15055e-05 0.000103288 1.27935e-07 0.0574725 0.000847366 1.77699e-10 0.00312888 0.221374 2.74676e-07 1.85918e-05 0.00145036 0.200405 1.818e-09 0.000353432 0.00456902 0.00013524 0.000523627 0.000329009 0.507499 
0.0209183 0.004612 3.06753e-06 0.000436757 0.00722919 0.00259789 0.00746659 0.00731037 0.0257901 0.031048 1.19852e-06 2.06873e-09 0.128553 0.00101139 0.00175346 0.00266448 0.000494563 3.50689e-08 0.000678301 2.23229e-09 0.757431 
0.0563173 0.0059715 0.000937252 0.000227658 0.000169265 0.0182169 0.0297804 0.000118045 0.0209277 0.00902445 1.52303e-05 4.46765e-06 0.106812 0.0116198 3.27504e-08 0.000806582 0.0584843 5.58944e-05 5.34932e-07 0.0606704 0.619841 
0.0351837 0.0171561 0.00012779 3.13979e-05 0.0522365 0.0196167 0.00147861 0.000328982 0.288481 0.0575086 0.000514752 9.06545e-08 0.0598446 0.0238736 1.89045e-05 0.0451667 0.000401872 0.000506259 1.30293e-05 9.7822e-08 0.397511 
0.00147276 0.00925727 1.37408e-06 9.55997e-07 0.00843899 0.000479104 0.00427855 6.19283e-05 0.00150296 0.0032756 3.02255e-07 3.00702e-09 0.00175734 0.0878855 1.06787e-06 0.0042573 0.00310582 8.12462e-06 0.000135133 0.000582244 0.873498 
0.0077332 0.0186258 0.000244963 0.00243325 0.00102627 0.0243259 0.00602069 0.00043064 0.0313335 0.110674 6.1797e-06 1.83277e-05 0.0725451 0.019445 4.38123e-08 0.00797785 0.0970021 0.0973797 9.6889e-05 1.21864e-07 0.50268 
0.00149425 0.00128033 3.02987e-05 7.02007e-06 6.06609e-09 2.85999e-07 0.00028549 1.88525e-09 0.000383731 0.0330629 1.22132e-08 1.06112e-05 0.00200152 0.359155 1.92876e-08 4.87836e-06 0.00180009 1.6115e-06 0.00116948 5.1886e-07 0.599312 
0.00522119 0.00276116 3.65603e-05 7.17005e-07 0.00146638 0.0046138 1.04774e-06 1.82128e-05 0.0007015 0.00156715 9.97149e-09 3.7655e-05 0.023826 0.000110142 1.57474e-08 0.00047628 0.0157145 2.44603e-09 1.41947e-05 3.60276e-08 0.943433 
0.00600752 0.0402967 0.000253599 0.0002075 0.00564044 0.0490756 0.0155214 0.0096084 0.00669722 0.170008 0.000561907 1.95701e-05 0.0533368 0.00349683 0.00122204 0.110583 0.203315 3.73466e-05 0.000722298 0.00376643 0.319623 
0.00303885 0.0135147 2.75962e-05 0.00052207 0.0240474 0.0434474 0.00319767 0.000215404 0.0186008 0.0525166 7.87076e-05 2.866e-05 0.0991233 0.0420376 2.38191e-05 0.0132551 0.17573 0.000153112 0.000949093 4.53375e-05 0.509447 
0.0309937 0.148053 2.21305e-06 0.0034401 0.0497793 0.116129 0.005099 0.0285114 0.0169273 0.194054 1.25932e-05 4.52594e-07 0.0971324 0.0242603 3.92428e-05 0.00091225 0.062779 0.000353157 0.0127766 0.00011904 0.208626 
0.026094 0.0378017 0.000647172 0.0026468 0.0017759 0.0810556 0.0492864 0.0379723 0.0289916 0.0884198 7.83589e-05 3.78741e-06 0.0243757 0.082917 1.13045e-08 0.0124685 0.226259 0.00909156 0.00350975 0.000566704 0.286039 
0.00166425 2.61405e-05 2.86479e-06 6.73548e-05 0.00287347 0.0458018 3.75033e-05 5.77451e-06 0.00993707 0.277013 0.000210992 2.04108e-08 0.121716 0.00616385 1.43737e-05 4.02481e-05 0.107875 2.24092e-05 1.66164e-08 2.20245e-08 0.426528 
0.0431888 0.0429905 9.9292e-05 3.11906e-06 0.0121735 0.0140426 0.0106032 1.96835e-05 0.0544942 0.0277518 0.00042473 2.57214e-05 0.369089 0.0151518 3.32004e-10 0.0191832 0.0152939 5.00724e-06 0.000205152 0.000657282 0.374598 
0.0344579 0.0490093 0.00368251 0.0149218 0.0309311 0.0708509 0.00562952 0.000345257 0.0297225 0.187866 0.0316998 6.07478e-06 0.173236 0.00299474 6.54072e-09 0.0309941 0.0980627 0.000481583 0.000319383 2.07077e-07 0.234788 
0.00289026 0.0156702 6.46472e-05 0.000736718 0.00497915 4.25895e-05 0.00126606 0.0516452 0.0511808 0.0441017 0.136552 5.46556e-05 0.0355113 0.188543 9.98799e-08 0.000944772 0.0351834 0.00107673 0.011581 0.000852009 0.417124 
5.03028e-05 0.000872952 5.25464e-07 0.000137236 0.0053462 0.0022647 0.00272056 0.000547181 0.00135206 0.0503496 1.60103e-05 0.000170301 0.0438388 0.0228621 6.94499e-05 0.00162328 0.0540542 0.000124671 0.000140089 2.5794e-05 0.813434 
7.83424e-05 2.65113e-05 0.00179023 1.6395e-06 0.000106477 0.000479201 5.75959e-05 8.81733e-06 0.00197359 0.0112012 2.92568e-06 2.72573e-06 0.0629129 0.0278189 4.62035e-06 0.00258786 1.9797e-07 7.17675e-07 0.0112899 0.000126447 0.879529 
0.00522119 0.00276116 3.65603e-05 7.17005e-07 0.00146638 0.0046138 1.04774e-06 1.82128e-05 0.0007015 0.00156715 9.97149e-09 3.7655e-05 0.023826 0.000110142 1.57474e-08 0.00047628 0.0157145 2.44603e-09 1.41947e-05 3.60276e-08 0.943433 
0.00349914 0.087116 6.9467e-07 4.02145e-07 0.0017849 0.000948778 0.00118582 0.00110345 0.0284169 0.00597871 0.00113113 6.68582e-07 0.00481565 0.310071 3.28219e-05 0.0012787 0.00283067 6.73645e-05 0.0223562 7.21442e-07 0.52738 
0.0117383 0.0251172 7.15764e-05 3.40067e-05 0.00128706 0.0066388 0.00826052 0.00160554 0.0149164 0.0289038 0.000238435 8.13707e-09 0.109561 0.00820857 1.3793e-08 0.0425712 0.0256368 0.000779534 0.00360811 0.00138799 0.709435 
0.0769205 0.15037 0.00123545 0.0043131 0.00484778 0.108788 0.00453127 0.0022133 0.123663 0.114182 2.70301e-05 4.25307e-07 0.0820556 0.0217252 3.04523e-05 0.00362586 0.0917966 6.57473e-05 0.000108857 3.19946e-08 0.209499 
0.00901502 0.0358956 1.33508e-05 0.0003342 9.12041e-05 0.0187181 0.00542838 0.00021625 0.0946017 0.0115257 1.20939e-06 3.44176e-07 0.0135992 0.0321804 1.09653e-07 0.00295286 0.0973932 1.39593e-05 1.97e-07 0.005553 0.672466 
0.0119799 0.00173269 6.94656e-05 2.07223e-06 0.000288751 0.000135163 0.000265695 5.93743e-06 0.00769589 0.228018 1.07779e-05 5.83561e-07 0.00749828 0.0282612 1.51922e-10 0.00141854 0.0139313 4.22412e-08 4.63692e-05 1.07723e-07 0.69864 
0.0189379 0.0289409 6.72644e-09 0.000331867 0.0135086 7.99123e-05 0.00148526 0.00010551 0.109188 0.0146325 6.94872e-09 6.47383e-09 0.00196874 0.0585701 0.049356 0.0517575 0.0565584 1.56958e-07 5.27034e-09 1.1778e-05 0.594567 
0.0579582 0.0476132 0.00590963 0.00237959 0.038922 0.0478236 0.0159508 0.00180388 0.0607539 0.104726 0.000542885 1.785e-06 0.114821 0.0133938 0.000425771 0.0450071 0.0990951 0.0861468 0.000345547 0.000173611 0.256206 
0.00166101 0.0346049 0.00312272 0.00939706 0.0138784 0.0839571 0.0575509 0.0223176 0.0852932 0.103447 0.000308516 0.0214443 0.0509322 0.0659324 2.16587e-07 0.146644 0.0633299 0.000270703 0.0146633 0.00301194 0.218233 
0.0491705 0.0056551 2.27919e-07 4.39207e-05 0.0202653 5.05028e-05 2.08324e-05 2.32498e-05 0.0614395 0.0301311 2.35451e-07 2.1936e-07 0.0102158 0.0186238 1.59969e-05 0.00435914 0.0091915 3.23388e-06 0.00124095 2.36703e-07 0.789549 
0.062588 0.0403964 6.39877e-05 0.001743 0.0074825 0.0164581 0.00197908 0.00943943 0.0406686 0.0314305 0.000395645 8.85513e-07 0.108951 0.00677438 0.0001722 0.00793197 0.17447 0.0230848 0.000233186 0.000236846 0.465499 
0.0309937 0.148053 2.21305e-06 0.0034401 0.0497793 0.116129 0.005099 0.0285114 0.0169273 0.194054 1.25932e-05 4.52594e-07 0.0971324 0.0242603 3.92428e-05 0.00091225 0.062779 0.000353157 0.0127766 0.00011904 0.208626 
0.0085877 0.0213327 7.16231e-06 5.44736e-05 0.00111298 0.00356215 0.00873684 0.000348987 0.000371781 0.0462325 2.23294e-06 1.17857e-05 0.00157246 0.0654684 8.32801e-08 0.000612031 0.014693 4.03042e-05 0.00268425 0.00101038 0.823558 
0.00701135 0.0210566 2.69765e-10 0.000283887 0.00135565 0.000110559 0.0162242 0.0148336 0.031371 0.0106502 0.000777073 8.86534e-09 0.00374452 0.087613 4.40102e-10 0.0041706 0.0557588 8.01607e-06 0.000193005 1.96345e-05 0.744818 
0.0310751 0.00212253 0.000170538 0.000838445 0.0179803 0.0010405 0.00626122 0.000477104 0.00247137 0.190532 0.00450122 6.39759e-07 0.130118 0.000782575 0.0260597 0.00299041 0.0296474 3.69983e-06 6.00576e-05 1.60836e-05 0.552851 
0.0211715 0.0262183 0.000656789 0.000288967 0.00112259 0.0047034 0.00571007 0.00159875 0.00699155 0.103773 8.17079e-06 2.96641e-05 0.02084 0.316862 6.27495e-06 0.00522287 0.029364 4.72443e-05 0.0043912 0.00225731 0.448737 
0.0380673 0.00553879 8.51932e-08 3.79654e-05 0.000148192 0.00192353 5.37103e-05 3.03378e-05 0.0160957 0.230763 8.80085e-08 8.19938e-08 0.0733773 0.032172 8.02748e-06 0.0613772 0.000917701 1.16064e-05 1.83209e-05 6.09357e-05 0.539398 
0.0389917 0.0150255 0.00152827 0.000840276 0.00594559 0.0904631 0.00349524 0.000486002 0.0344561 0.156139 0.00310905 1.95265e-07 0.08315 0.000524553 4.26844e-06 0.00241872 0.0538761 0.000285807 0.00336868 9.30395e-05 0.505799 
0.0520549 0.0226965 4.16713e-06 0.000182795 0.00549409 0.0066594 0.00110254 0.000151557 0.0472188 0.102629 0.00209656 7.50754e-07 0.0403525 0.0379524 7.04105e-09 0.0310073 0.015177 0.000231152 0.00151775 0.00045028 0.63302 
0.00623236 0.00457321 4.678e-05 1.84698e-05 0.000422089 0.0212426 0.00480695 3.56581e-05 0.000899554 0.049832 6.84478e-07 1.33207e-05 0.0348997 0.0084158 8.92306e-10 0.00294756 0.030084 3.73276e-05 0.000224012 0.00177493 0.833493 
0.0306976 0.0410769 2.45482e-05 1.34011e-08 0.00355633 0.000176091 0.00027835 0.0019773 1.33546e-05 0.0132925 0.00593336 1.60022e-06 0.0158879 0.089706 3.77663e-08 0.00216 0.0250455 3.06721e-07 0.0125181 2.40414e-08 0.757654 
0.0810514 0.0183858 1.6068e-07 0.000117413 0.00238976 0.0800911 0.0570634 0.000669305 0.0541561 0.0711137 0.0002743 0.000278811 0.0677436 0.0617765 1.55068e-09 0.00772047 0.173961 0.000234104 0.000198949 2.09363e-07 0.322774 
0.0166094 0.082593 0.00134719 0.000953114 0.000491999 0.0254747 0.0117372 0.0260987 0.0227919 0.146794 1.07891e-05 3.11101e-05 0.0297744 0.0309915 2.59303e-06 0.00820865 0.142684 0.0195964 0.00298682 0.00693729 0.423886 
0.030582 0.00985127 2.39923e-06 0.00017148 0.00607832 0.00428381 4.92961e-07 0.00185144 0.0024395 0.000156454 0.0157068 0.00027352 0.00173587 0.020261 3.91417e-06 0.00127812 0.00768074 0.000213117 0.000134972 3.1651e-05 0.897263 
0.0199736 0.00165274 2.33378e-06 3.43693e-09 0.0225043 5.34114e-07 0.00553311 0.000114593 0.0437268 0.00757137 1.19678e-05 5.71402e-09 0.0247916 0.0147277 7.6822e-06 0.00584348 0.302762 7.04616e-06 4.65178e-09 1.59464e-05 0.550753 
0.00592138 0.00511522 3.12685e-09 0.000109565 7.94469e-05 0.00408019 0.00604087 0.0185857 0.0057891 0.00101889 3.23019e-09 3.49709e-07 0.034071 0.00743885 5.10124e-09 0.236893 0.0794826 2.31852e-05 5.54877e-05 0.000958078 0.594337 
0.0171022 0.0223161 0.000135252 0.00339085 0.056082 0.0011797 0.000360083 6.87705e-06 0.0543159 0.221096 0.000378895 4.49537e-08 0.0305284 0.0045342 7.0962e-06 0.00393058 0.0293825 1.60371e-05 0.00168608 3.28706e-05 0.553518 
0.00236026 0.000438195 4.94189e-06 0.000794946 0.00374945 0.0222309 0.00810884 0.00706221 0.00581807 0.0712353 0.000624706 1.92342e-06 0.0131278 0.0704623 1.33555e-07 0.00590734 0.01233 0.141947 0.00520175 5.42631e-07 0.628593 
0.02015 0.0289163 8.5311e-06 0.000242002 8.00052e-05 0.0320171 0.0291461 0.00118083 0.0297656 0.0334593 1.71021e-05 1.81152e-07 0.0521778 0.0775089 3.07069e-07 0.000975634 0.100371 0.000223259 0.000572922 0.000885969 0.592301 
0.000264334 0.000280433 0.000187971 0.000193642 0.000166727 0.127482 0.000119125 7.87383e-05 0.000312606 0.000528631 3.29068e-08 3.9886e-05 0.0003382 0.0037906 4.6823e-05 0.000313867 3.00625e-05 4.76336e-05 0.0153796 0.000803921 0.849595 
0.0177509 0.0448231 0.00105336 0.000542799 0.00183412 0.0334648 0.0578932 0.0292563 0.0144697 0.0852562 0.000458941 1.60678e-06 0.0379385 0.055625 0.000548319 0.00335489 0.1218 0.000141776 0.00142402 0.000314565 0.492048 
0.162016 0.0113998 0.00157069 0.000181838 0.0251981 0.0429911 0.0079198 0.00182807 0.0826024 0.0676008 0.000110726 1.5392e-06 0.0795199 0.00935254 3.04695e-05 0.0134585 0.0671543 1.94021e-05 0.0033088 0.00198456 0.42175 
0.0759682 0.0249464 7.9516e-05 0.0034398 0.0171003 0.0204924 0.0023232 0.000731447 0.0872652 0.0393166 5.74265e-06 1.00613e-05 0.277188 0.0357345 3.07178e-07 0.0160346 0.0542932 0.00086057 0.0166334 0.00095782 0.326619 
0.098326 0.0222485 0.000246493 0.00014038 0.0140362 0.00664157 0.00381407 0.00199681 0.0323759 0.0203197 2.47233e-05 3.40536e-06 0.12948 0.0513137 0.0002046 0.00227204 0.190333 4.24521e-05 0.000446089 0.000452943 0.425281 
0.0192556 0.054299 0.00249888 0.0018332 0.00830539 0.0497966 0.0835667 0.0153091 0.0464984 0.134578 0.000504371 1.47714e-05 0.0899899 0.0402672 0.00192361 0.0653881 0.173977 0.00614923 0.00530343 0.00244096 0.198101 
0.00299228 0.00328592 3.42548e-05 0.000277639 0.0003963 0.000726768 0.0020675 0.000987928 0.00428301 0.262657 4.17773e-09 7.22747e-07 0.00480272 0.0847317 6.59764e-09 0.000540229 0.0626497 4.48582e-07 0.00913177 0.000763068 0.559671 
0.00701135 0.0210566 2.69765e-10 0.000283887 0.00135565 0.000110559 0.0162242 0.0148336 0.031371 0.0106502 0.000777073 8.86534e-09 0.00374452 0.087613 4.40102e-10 0.0041706 0.0557588 8.01607e-06 0.000193005 1.96345e-05 0.744818 
0.00109686 0.00294343 4.11826e-05 0.000326869 0.00589589 1.59232e-05 1.38713e-05 2.23473e-05 0.00150497 0.128493 7.89672e-05 8.03117e-07 0.039339 0.0687212 1.36135e-06 0.0147581 3.31837e-05 0.000624217 0.000206439 5.09465e-05 0.735832 
0.021024 0.0856614 2.03462e-05 0.00117852 0.0102156 0.00301839 0.0133096 0.0129209 0.0202359 0.142333 1.68464e-05 2.61053e-07 0.193868 0.163365 3.33875e-06 0.0126008 0.0284872 3.85119e-05 0.0520731 0.000599679 0.239029 
0.0140114 0.0094487 0.00273569 7.55111e-06 0.0199893 0.0677523 9.42835e-07 0.000392602 0.0312178 0.0325296 3.28251e-07 6.60411e-08 0.094148 0.0541493 1.78494e-10 0.009824 0.303238 0.0417073 0.00693398 1.13626e-10 0.311913 
0.000931984 0.00301913 0.012576 0.000652885 0.00106569 0.014047 0.00504562 0.00218821 0.00192257 0.288348 0.000252239 2.11765e-07 0.00315745 0.00980237 8.02907e-08 0.007199 0.0176978 0.0214651 0.00600848 0.000452829 0.604167 
0.00950612 0.0753182 3.47836e-06 0.000112331 0.00396198 0.00513031 5.06533e-05 0.000557535 0.0795164 0.0447074 2.52292e-05 2.07622e-05 0.0180227 0.0120736 1.49118e-05 0.000606396 0.0171783 1.76653e-05 0.00169941 7.785e-05 0.731399 
0.0034676 0.00106421 6.85038e-06 2.32204e-05 6.41826e-05 0.0169194 0.00302927 0.0126369 0.0561725 0.011731 3.37706e-05 1.47154e-05 0.229307 0.0244076 4.0995e-08 3.91207e-05 0.227633 2.39825e-05 2.31024e-05 3.36453e-07 0.413403 
0.00227984 0.00481263 1.1378e-06 3.43059e-08 0.000634838 1.76959e-06 0.0408329 0.00402148 0.0029654 0.0362977 0.0001245 4.45774e-07 0.116505 0.00278492 1.08928e-10 0.0649808 0.0860247 7.23929e-08 0.00332008 6.93419e-11 0.634412 
0.000303886 0.00136453 6.28316e-05 1.03462e-07 0.0150216 0.000172132 0.00191733 1.58204e-05 0.199739 0.0285939 0.00676533 1.7201e-07 0.23962 1.55751e-05 2.91572e-07 0.155318 0.000488083 4.52897e-08 1.40033e-07 1.8561e-07 0.350601 
0.0100756 0.00589837 4.75371e-07 1.36066e-05 9.91727e-05 0.0199067 0.0145534 1.30652e-05 0.0123115 0.00671575 4.91081e-07 4.57519e-07 0.00660898 0.0100361 7.75535e-07 0.000827045 0.000164337 3.64119e-06 8.19832e-07 0.000561687 0.912208 
0.00436619 0.00781696 0.000102415 0.00182767 0.0900354 0.0104489 0.000438624 0.000169739 0.182847 0.121586 0.00309223 0.000174355 0.0810793 0.0964516 1.34012e-08 0.0012765 0.0399897 0.00051374 2.26546e-05 0.0402584 0.317503 
0.00222154 0.0733598 0.126985 0.00936076 3.59071e-06 0.0632941 0.0281195 0.00196286 5.79245e-06 0.121879 0.00120813 1.46918e-07 0.000257367 0.00897126 1.13749e-08 0.0130632 0.0721888 0.000113937 0.0198202 0.000352118 0.456833 
0.00496413 0.000467537 1.80021e-05 4.48084e-05 0.00470852 0.0153876 0.0483165 0.00788645 0.0416787 0.101231 0.00126563 7.18751e-06 0.017878 0.0305051 8.75366e-06 0.00919749 0.0741563 0.000165162 0.0339137 1.20574e-06 0.608198 
0.0303681 0.0219216 0.00273898 0.00123994 0.016406 0.0365737 0.0936652 0.0211801 0.0357222 0.136361 0.000314268 0.0089921 0.162513 0.0983152 0.00205751 0.0106459 0.10402 0.0113203 0.00188569 0.000428092 0.20333 
0.014753 0.0633716 4.37657e-05 5.20744e-05 0.0458476 0.254278 0.0486857 0.0449664 0.0810138 0.0355287 1.87144e-06 1.40729e-06 0.0326957 0.0024555 1.659e-08 0.0211744 0.0728345 0.0127849 0.00146577 1.15249e-06 0.268044 
0.00330639 0.0259804 0.000337684 8.4333e-05 0.00158983 0.00952785 0.021128 0.0172777 0.00850918 0.0179192 5.82401e-05 1.17924e-09 0.0571905 0.00293893 0.0150262 0.0714915 0.0428779 0.0646761 0.000160141 0.00137477 0.638545 
0.0231829 0.0479297 0.000949894 2.98112e-05 0.00735277 0.0135119 0.0043892 0.0325466 0.0429367 0.323347 5.49998e-07 2.52657e-08 0.021113 0.000328893 4.97129e-08 0.00769492 0.0767449 0.0126594 0.000136326 1.13111e-11 0.385146 
0.021024 0.0856614 2.03462e-05 0.00117852 0.0102156 0.00301839 0.0133096 0.0129209 0.0202359 0.142333 1.68464e-05 2.61053e-07 0.193868 0.163365 3.33875e-06 0.0126008 0.0284872 3.85119e-05 0.0520731 0.000599679 0.239029 
0.0665823 0.178046 0.000752154 0.00102175 0.00559884 3.17757e-07 0.00017783 0.00116516 0.00238756 0.0327863 2.67127e-06 2.48871e-06 0.00014499 0.0193607 0.00025366 6.90463e-07 4.29323e-05 2.06529e-05 0.0904567 0.000359112 0.600837 
0.00707494 0.00728033 9.89146e-05 0.000191118 0.00114266 0.00414038 0.00613766 0.00194029 0.0014699 0.0329284 5.6223e-06 4.50914e-08 0.0508012 0.00647694 9.30976e-08 0.00923579 0.0287598 0.0221689 8.66881e-05 1.41977e-07 0.82006 
0.0167249 0.0549308 0.000103718 6.62782e-05 0.0135601 0.0607119 0.0215962 0.0193696 0.00372331 0.0588548 0.000180189 1.66473e-06 0.029676 0.0254084 9.9004e-11 0.0402508 0.0212303 8.25039e-05 0.00107368 0.00154874 0.630906 
0.0010437 0.0066886 8.7412e-06 0.00121297 2.85438e-06 0.0224591 0.00813098 5.86623e-05 0.0136491 0.00845583 5.74687e-06 5.35412e-06 0.0141743 0.00261281 9.0757e-06 0.00184414 0.0683057 0.000127854 0.00015875 0.000191556 0.850854 
0.00550122 0.0522739 2.55136e-06 0.000372617 0.0057718 0.00630485 0.0012819 0.000167276 0.0140673 0.021268 1.43207e-05 0.000180273 0.0156347 0.238112 2.20673e-05 0.00414129 0.0013187 0.0146979 0.0122238 0.0607995 0.545844 
0.011337 0.0585317 0.000342616 0.00360063 0.00274455 0.0481105 0.0220911 0.00846054 0.0100996 0.255712 7.58174e-05 1.79155e-06 0.0612852 0.0224681 0.0010043 0.00612572 0.0913462 0.00256223 0.0040609 0.000243949 0.389796 
0.0119799 0.00173269 6.94656e-05 2.07223e-06 0.000288751 0.000135163 0.000265695 5.93743e-06 0.00769589 0.228018 1.07779e-05 5.83561e-07 0.00749828 0.0282612 1.51922e-10 0.00141854 0.0139313 4.22412e-08 4.63692e-05 1.07723e-07 0.69864 
0.00743001 0.0426089 0.0126494 0.00392428 0.00298045 0.0212262 0.273309 0.00297518 0.0282201 0.0275001 0.000283456 3.60424e-07 0.113992 0.00452532 0.000242767 0.00744496 0.0998237 1.75708e-05 0.000101094 2.83362e-05 0.350716 
0.064641 0.0720984 0.000659591 0.00109403 0.0132728 0.00824729 0.00587229 0.000374604 0.0443105 0.050866 0.100313 3.91549e-08 0.0320207 0.0431824 3.3768e-05 0.00309293 0.0379917 0.000166757 0.000195203 0.000229763 0.521338 
0.0614877 0.0494195 0.00466256 0.0017622 0.0993325 0.114225 0.0344705 0.00784423 0.0602687 0.0900952 0.00279606 0.000939003 0.0994153 0.0441387 2.06729e-05 0.0119895 0.121726 0.0302196 0.00124381 0.00264074 0.161303 
0.00950063 0.00636313 4.21394e-07 4.34919e-06 0.0506243 0.0991916 0.103388 3.54391e-07 0.0218029 0.0134183 4.3532e-07 1.05558e-06 0.015085 0.11246 1.09618e-05 0.0144689 0.124921 0.000520806 0.000606 0.0468038 0.380828 
0.0550253 0.0309233 0.00102778 0.00085628 0.0256581 0.0460147 0.00608045 0.0114004 0.0580591 0.0192615 0.0467741 1.22318e-05 0.155693 0.0487301 5.14261e-05 0.00685233 0.060171 4.51267e-05 0.00030182 4.56991e-05 0.427017 
0.000630645 0.00266438 9.01968e-06 0.000491406 0.0102325 0.0122151 0.00392635 0.00981964 0.00979591 0.197768 0.000582549 2.80428e-06 0.00838007 0.00376478 1.50289e-06 0.00306551 0.0447779 0.00269964 0.00052789 0.000369253 0.688275 
0.00134075 0.000817017 2.62435e-05 5.09483e-06 0.00106917 0.0264346 0.0128644 0.00492763 0.00644573 0.143724 6.50754e-05 2.86873e-08 0.299372 0.0018179 0.000233996 0.0124372 0.0891726 4.33924e-06 3.05941e-06 6.4416e-07 0.399239 
0.114928 0.0802188 8.35549e-05 0.000124079 0.00318752 0.0153829 0.000808319 0.0149151 0.0454018 0.0162544 0.000162775 1.27915e-05 0.0429306 0.215924 2.48289e-10 0.000793021 0.192507 1.14448e-05 6.23161e-06 1.43671e-06 0.256346 
4.52335e-07 5.97677e-12 2.9959e-06 7.33914e-07 9.43002e-06 5.78564e-06 8.15631e-06 0.109445 1.72726e-06 6.4313e-05 0.179366 6.07017e-11 1.32502e-05 0.0158932 9.26154e-07 1.39831e-05 0.214278 0.000188521 0.0014582 6.5501e-11 0.47925 
0.0209036 0.00682438 0.000289576 3.65111e-06 0.000808179 0.000907637 0.0021422 8.31571e-06 0.000200892 0.330262 0.000806816 1.37249e-06 0.0448659 0.000435502 0.00016513 0.00545329 0.0757863 2.82942e-06 0.00051184 1.2413e-05 0.509608 
