0.00621408 0.0264272 6.7777e-10 3.92362e-10 0.00188656 1.92149e-06 0.0316756 0.0291339 0.0037118 0.0805194 4.59349e-06 1.85275e-07 0.0388344 0.73527 1.91761e-06 2.05626e-06 0.0103927 2.54663e-07 0.000326834 9.03591e-07 0.0355953 
0.00737472 0.0278322 0.000197366 5.59533e-05 0.115373 0.0122227 0.0249319 0.00516027 0.0239988 0.129153 0.208313 0.00584069 0.209798 0.000930555 0.0200826 0.118926 0.0480208 6.59577e-05 0.000523604 0.00146665 0.039733 
0.00611659 0.0177357 1.94809e-05 2.48169e-09 1.45821e-06 0.0998057 0.00869323 0.00425804 0.13958 0.249808 4.66603e-06 1.04114e-05 0.260908 0.0201524 6.99375e-09 0.0869783 0.100211 0.000113839 0.000454319 0.000306801 0.00484125 
0.0300002 0.000226033 5.5988e-10 3.24115e-10 0.927673 8.45129e-05 0.00157527 9.20234e-08 0.00167816 0.00115489 1.4823e-07 1.89685e-07 0.00145691 0.0319902 9.13404e-10 1.99418e-06 0.00126739 6.28507e-05 0.00124776 7.469e-05 0.00150531 
0.0300002 0.000226033 5.5988e-10 3.24115e-10 0.927673 8.45129e-05 0.00157527 9.20234e-08 0.00167816 0.00115489 1.4823e-07 1.89685e-07 0.00145691 0.0319902 9.13404e-10 1.99418e-06 0.00126739 6.28507e-05 0.00124776 7.469e-05 0.00150531 
0.00510251 0.0184293 8.3674e-05 7.08186e-07 0.0038221 0.00155667 0.00189751 0.000657031 0.0112829 0.1527 0.00120929 5.56338e-06 0.0312315 0.672956 5.3109e-06 0.019257 0.0480818 0.000333757 0.00206592 0.0018516 0.0274701 
1.1502e-05 6.5327e-05 8.19366e-06 7.61286e-07 2.12651e-05 0.00660962 0.027009 0.000181119 2.40998e-05 0.00917651 8.46443e-06 5.67919e-06 0.000120258 0.955872 2.14542e-06 0.000624744 8.03898e-06 3.4226e-06 0.000157941 2.0614e-05 6.89719e-05 
0.000997501 0.00446195 3.0127e-05 1.08449e-05 0.0070333 0.0190193 0.0886144 0.000170782 0.100347 0.0526801 0.00270718 5.57453e-05 0.0441424 0.0114112 0.000272086 0.0402021 0.626724 0.000167338 0.000400097 2.02876e-05 0.000532799 
0.0242254 0.0138045 0.000174325 1.21651e-08 0.0706306 0.0475721 0.0229115 6.32992e-05 0.102645 0.207278 7.20036e-06 4.73416e-05 0.000917381 0.120235 0.000776752 0.256583 0.0583737 0.000842715 1.64651e-08 0.0725947 0.000318635 
0.000687887 0.0127756 3.20699e-06 2.68517e-07 0.0598816 0.109003 0.00345576 0.000652812 0.0993227 0.0440092 0.000164494 4.4642e-07 0.00588272 0.141947 2.07389e-05 0.0053101 0.0167733 0.0354842 0.00105629 0.000371771 0.463197 
0.0300002 0.000226033 5.5988e-10 3.24115e-10 0.927673 8.45129e-05 0.00157527 9.20234e-08 0.00167816 0.00115489 1.4823e-07 1.89685e-07 0.00145691 0.0319902 9.13404e-10 1.99418e-06 0.00126739 6.28507e-05 0.00124776 7.469e-05 0.00150531 
0.00133759 0.000355023 4.07776e-08 2.36062e-08 0.00911268 0.0293422 0.00547667 9.06539e-06 0.00121895 0.00110034 0.000200263 3.8238e-05 0.930108 1.16209e-05 6.65257e-08 0.00481853 0.0131893 4.58749e-06 2.32994e-05 4.23491e-08 0.00365321 
0.0744163 0.00641233 0.00321502 1.19336e-07 0.000166053 0.0692588 0.465274 0.000924324 0.0686365 0.11696 0.000260605 0.00149963 0.0140716 0.0282966 1.11073e-06 0.0116722 0.10337 0.00238352 0.00423476 1.03638e-06 0.0289454 
0.000711498 0.00555461 0.000669673 1.32529e-09 0.00600237 0.00533466 0.011649 6.72265e-05 0.00536304 0.0105612 0.000106239 2.74504e-07 0.0951116 0.0188374 3.73487e-09 0.810471 0.025825 9.69663e-07 0.000103649 8.5477e-06 0.00362164 
0.0571389 0.0356472 0.000526385 1.01562e-06 6.1343e-05 0.0222085 2.13507e-05 0.000160438 0.0298464 0.00190708 1.1975e-05 7.32915e-05 0.0154159 0.781379 2.86217e-06 0.0123258 0.0365579 3.02436e-06 1.37462e-06 1.82201e-06 0.00670868 
0.0169918 0.0470193 7.98326e-05 6.61905e-06 0.0233715 0.0048659 0.0539994 0.000120246 0.0710195 0.012716 0.00233115 7.02888e-06 0.000129305 0.714031 9.11519e-05 6.36824e-05 0.0150204 5.40524e-05 0.000894474 7.34376e-05 0.0371141 
0.00872203 0.0510346 0.00197285 1.72391e-10 6.79345e-07 0.0271863 0.0473201 1.93962e-07 0.466415 0.0353038 6.08588e-07 1.67996e-07 0.0164801 0.166296 4.85822e-10 3.1145e-06 0.0387846 3.52055e-05 9.88171e-06 0.14043 5.55158e-06 
0.0208742 0.0556188 0.00265213 0.000471377 0.0194949 0.097406 0.0339757 0.00982231 0.0736987 0.112476 0.00237385 0.00316571 0.110505 0.0312497 0.00592798 0.116382 0.285464 0.0031719 0.00069715 0.00118851 0.0133839 
0.012669 0.00633072 5.64705e-07 3.26908e-07 0.00646166 0.00343503 0.00429315 0.000495363 0.00239704 0.00303847 5.83366e-07 5.43498e-07 0.00216979 0.0126332 9.21276e-07 0.0046293 0.000907949 0.000243415 0.93851 5.86469e-07 0.00178249 
0.0300002 0.000226033 5.5988e-10 3.24115e-10 0.927673 8.45129e-05 0.00157527 9.20234e-08 0.00167816 0.00115489 1.4823e-07 1.89685e-07 0.00145691 0.0319902 9.13404e-10 1.99418e-06 0.00126739 6.28507e-05 0.00124776 7.469e-05 0.00150531 
0.0300002 0.000226033 5.5988e-10 3.24115e-10 0.927673 8.45129e-05 0.00157527 9.20234e-08 0.00167816 0.00115489 1.4823e-07 1.89685e-07 0.00145691 0.0319902 9.13404e-10 1.99418e-06 0.00126739 6.28507e-05 0.00124776 7.469e-05 0.00150531 
0.363026 0.285245 1.02125e-09 5.91202e-10 0.00434949 0.0146823 0.00424658 0.0437505 0.0440843 1.28424e-06 8.81429e-07 6.98106e-08 0.00113984 0.109221 1.66609e-09 0.00606891 0.0213747 0.000160042 0.00132232 0.0485839 0.0527426 
0.0576454 0.231723 2.38605e-09 1.38129e-09 0.227686 0.0969417 0.00682724 0.000169636 0.207365 2.94865e-06 0.00289586 3.8408e-05 1.21559e-05 9.22649e-06 5.47778e-08 8.08759e-06 0.168637 3.74211e-05 1.86954e-09 2.47801e-09 4.66832e-07 
0.00795713 0.45979 4.1229e-07 1.00703e-11 5.89174e-08 0.00393801 0.058305 0.197895 0.0128953 0.092612 2.86737e-05 1.67422e-11 1.79966e-07 0.0317052 5.96252e-08 0.00022693 0.127645 0.000509245 1.63695e-08 1.80659e-11 0.00649163 
0.00044159 0.00053178 4.17055e-05 1.13401e-07 0.00465655 0.000426971 4.41883e-05 5.37093e-07 0.000813137 0.0199938 6.26612e-06 1.88534e-07 0.0140445 0.0330956 1.22437e-05 0.00137022 0.00264766 2.04247e-06 2.94856e-06 0.000153962 0.921714 
0.00312037 0.0231186 0.000182254 0.000119638 0.00164777 0.0251105 0.128631 0.0628611 0.440963 0.0365271 0.000191879 0.000125937 0.0639355 0.132077 0.00131322 0.00183608 0.0670353 0.000179947 0.00101038 0.000120164 0.0098933 
0.000221508 0.00524075 2.39642e-05 1.80139e-07 2.87777e-06 0.000182896 0.00797348 0.00123299 0.000613204 0.00939251 0.00123653 3.7612e-05 0.00217243 0.965984 5.07657e-07 3.70361e-06 0.00552564 3.22296e-06 4.83145e-06 8.62991e-05 6.08356e-05 
0.0642757 0.0491677 0.000834019 5.54982e-07 7.11887e-06 2.55096e-05 0.000220531 2.70462e-06 0.277856 0.205829 7.73786e-06 9.1279e-07 0.0406447 0.0122638 7.01922e-07 0.000186599 0.122007 0.160854 0.00662235 7.06379e-06 0.0591864 
2.52732e-05 0.0097549 0.00129796 1.36999e-08 0.0250668 0.00232257 0.00557209 5.49163e-05 0.0689159 0.452802 0.184795 9.10275e-05 0.0308885 0.000294953 4.36241e-06 0.0102241 0.119327 0.00854514 0.00188444 0.068375 0.00975821 
0.0263279 0.370506 1.6466e-05 6.1707e-09 0.00198403 0.0741759 8.53062e-06 0.000882608 0.400919 0.0160208 2.12112e-05 1.0259e-08 0.0352859 0.06154 1.73899e-08 0.000942537 0.0111164 2.0572e-06 0.000222244 2.73099e-05 7.09162e-07 
0.732027 0.0333874 0.000529476 1.18113e-07 0.00833897 0.114844 0.0120567 0.000230499 0.00868331 0.000141113 0.000186958 2.50513e-05 0.0361825 0.00295688 3.32861e-07 3.5518e-05 7.09981e-05 0.00272488 0.0474552 2.11894e-07 0.00012363 
0.0300002 0.000226033 5.5988e-10 3.24115e-10 0.927673 8.45129e-05 0.00157527 9.20234e-08 0.00167816 0.00115489 1.4823e-07 1.89685e-07 0.00145691 0.0319902 9.13404e-10 1.99418e-06 0.00126739 6.28507e-05 0.00124776 7.469e-05 0.00150531 
1.97176e-05 3.37641e-05 4.53868e-08 2.62745e-08 7.09013e-05 0.0126881 0.260159 1.49133e-06 0.547214 0.0333536 3.80224e-06 0.0168093 0.00391442 0.0793212 7.40454e-08 6.49558e-05 0.0462015 3.76383e-05 5.98498e-05 4.7136e-08 4.68883e-05 
0.00286723 0.0181472 2.76058e-05 3.10039e-08 0.0032626 0.00468319 0.0586506 5.83741e-05 0.0317025 0.00586537 0.000282229 0.0271304 0.00949194 0.694666 2.47095e-06 0.0369086 0.0284808 0.000474797 0.00134836 0.0752819 0.000667734 
0.0145591 0.000974477 1.42867e-05 1.01921e-05 0.00972037 0.00197506 0.00436158 0.00527432 0.0260779 0.187884 0.00464982 0.000269318 0.147323 0.125854 0.000128149 0.0207102 0.0244569 0.000257779 0.156771 0.00148738 0.267241 
0.00953452 0.0148876 8.7793e-07 5.08235e-07 0.000770414 6.51809e-05 0.0616961 4.74834e-05 0.00506272 0.0834033 0.000518714 5.73159e-05 5.39258e-05 0.799993 1.43228e-06 0.000867598 0.0223653 1.25635e-05 0.000302947 1.4927e-05 0.000343427 
0.0120931 0.0242731 2.74646e-05 3.34524e-07 0.000589776 0.00412976 0.132734 0.00247704 0.0705735 0.232716 0.00170524 3.55568e-05 0.031225 0.232986 1.20733e-06 0.0266424 0.216116 8.04379e-05 0.00743598 7.99707e-05 0.00407782 
0.0300002 0.000226033 5.5988e-10 3.24115e-10 0.927673 8.45129e-05 0.00157527 9.20234e-08 0.00167816 0.00115489 1.4823e-07 1.89685e-07 0.00145691 0.0319902 9.13404e-10 1.99418e-06 0.00126739 6.28507e-05 0.00124776 7.469e-05 0.00150531 
0.000907118 0.0542189 4.935e-05 5.33012e-07 2.95782e-05 0.00174298 0.00251679 0.000276183 0.0245084 0.0573731 6.79953e-05 4.48077e-06 0.00539981 0.837275 1.5021e-06 0.000511972 0.0137571 2.56847e-05 0.0011067 6.54276e-05 0.00016103 
0.0146371 0.00298438 5.41809e-09 3.13654e-09 0.000704414 0.000652571 0.0101816 1.26155e-05 0.0519081 0.00954682 0.000205189 1.09104e-06 6.42504e-07 0.878955 2.08685e-05 0.00233732 0.000785143 0.00017935 0.0245409 1.17378e-05 0.00233466 
0.00290445 0.00452637 0.958771 4.48092e-13 0.00201642 3.90361e-08 0.00255113 2.44887e-08 0.00049635 0.0124741 3.20647e-10 7.4497e-13 2.70605e-08 0.0051997 1.26279e-12 0.00105922 0.00694516 9.02478e-10 8.82758e-05 3.58534e-08 0.00296728 
0.000316962 0.024626 2.41201e-08 1.39632e-08 0.133954 0.00499185 0.0098648 2.12908e-05 0.314814 0.0277433 1.17059e-05 2.32143e-08 0.170058 0.00362329 0.00372292 0.0420465 0.00310208 0.000259707 0.0111 4.6029e-05 0.249698 
0.00615682 0.0214323 6.0566e-10 3.50618e-10 1.55965e-07 0.00560699 0.0178758 0.000470373 0.0807445 7.27755e-07 0.00138853 5.34392e-05 2.74299e-07 0.861713 9.88092e-10 2.97048e-05 0.00307446 0.00123711 0.000186348 8.7345e-07 2.87114e-05 
0.00638384 0.015226 2.1014e-06 5.58309e-08 5.51411e-05 0.03353 0.0642062 0.000181224 0.424124 0.0579582 9.96298e-08 8.86401e-06 0.0923623 0.000962103 9.92555e-05 0.00166983 0.0962427 0.00172326 5.02332e-06 1.0016e-07 0.20526 
0.0300002 0.000226033 5.5988e-10 3.24115e-10 0.927673 8.45129e-05 0.00157527 9.20234e-08 0.00167816 0.00115489 1.4823e-07 1.89685e-07 0.00145691 0.0319902 9.13404e-10 1.99418e-06 0.00126739 6.28507e-05 0.00124776 7.469e-05 0.00150531 
0.0361753 0.0273113 1.9943e-05 3.85049e-09 0.000553831 0.0131782 0.000377049 0.00253185 0.0351045 0.054374 0.283455 6.16508e-07 0.00283237 0.438502 1.08513e-08 0.00185324 0.0940951 0.000586771 5.29815e-05 6.90773e-09 0.00899609 
0.0267738 0.0771555 4.80034e-10 2.77892e-10 0.00164087 0.00228131 0.223745 0.0596793 0.0192018 0.0899209 4.95897e-10 7.02845e-05 0.0115853 0.413147 7.83141e-10 0.00576877 0.064702 3.37439e-07 0.000444617 3.25077e-07 0.00388274 
0.0099336 0.0846906 3.62114e-05 2.23315e-08 0.111182 0.13593 0.00318557 8.2989e-07 0.0978349 0.0746764 9.51963e-06 3.94571e-07 0.0973182 0.14325 6.29336e-08 0.00623392 0.00975211 0.000432251 0.192806 0.0214999 0.0112287 
0.0005001 0.0374014 1.20091e-11 6.95209e-12 0.88094 0.0132976 0.00342473 0.0027184 0.00947961 2.39864e-08 2.71565e-05 1.15581e-11 0.00743173 3.83107e-08 1.9592e-11 2.0885e-08 0.0447794 3.3821e-09 9.40946e-12 1.24719e-11 5.67151e-08 
0.459088 0.0858341 4.24441e-08 2.45709e-08 0.0023261 2.50909e-06 0.0223589 0.00149803 0.340126 0.0139215 4.38467e-08 4.08501e-08 9.0599e-07 0.0344055 0.000139584 1.63117e-06 0.00906433 1.30218e-07 0.0286162 4.40799e-08 0.00261556 
0.0248205 0.00603266 1.44802e-07 4.12522e-11 0.0346734 0.138283 0.0419198 0.000179317 0.0271232 0.11396 0.00738358 2.62459e-08 0.252391 0.000623175 1.16255e-10 0.0522691 0.226256 7.77231e-05 0.000340837 0.0227936 0.0508729 
0.0098096 0.123773 1.62375e-06 5.48436e-09 0.00150923 0.225015 0.00951929 0.000372116 0.0229905 0.00147846 1.21907e-05 9.11795e-09 0.000646738 0.597465 1.54557e-08 0.000567335 0.0037547 4.19597e-06 0.00019126 2.16011e-06 0.00288792 
5.9529e-06 0.122235 5.35625e-07 4.19635e-09 0.00198942 0.00572257 0.00785701 0.00427834 0.0441302 0.0703778 0.00793954 6.97659e-09 0.019446 0.672085 1.51821e-06 0.0415498 0.00236288 1.47469e-06 2.05689e-06 4.39746e-06 1.07968e-05 
0.0997197 0.00529894 2.13779e-08 1.23757e-08 0.00364045 0.00262983 0.0189703 4.98955e-06 0.364406 0.0226305 0.000730399 6.16319e-06 0.134453 0.0191619 2.86887e-06 0.0307584 0.0766147 0.0006351 1.99794e-05 0.183721 0.0365962 
0.00140664 0.34737 1.4932e-07 8.64416e-08 0.0162271 0.000128836 0.0165597 0.000211335 0.228234 0.000685382 0.0161256 1.43712e-07 0.125305 1.79733e-05 2.43605e-07 0.221499 0.0247996 7.95009e-06 1.16996e-07 0.00108995 0.000330773 
0.00345345 0.0157576 0.00229345 9.64192e-08 0.405201 0.0659074 9.53025e-06 0.000417067 0.0179039 0.276939 0.00568852 1.14893e-06 0.0721078 0.0566335 0.00183914 0.0352646 0.0238743 3.53025e-05 1.30501e-07 2.2116e-05 0.0166509 
0.0259051 0.00418787 1.77911e-06 2.25172e-08 0.00173801 0.00140294 0.000783244 0.000165832 0.0442538 0.343035 0.00151138 9.30762e-08 0.160001 0.243733 1.59959e-06 0.0102709 0.124674 3.04866e-05 0.018622 7.31459e-05 0.0196086 
0.0145345 0.0747893 0.000365775 5.5912e-11 1.32915e-07 0.00457976 0.00640071 0.0020683 0.557139 0.0356346 3.13472e-07 8.44097e-08 0.153214 0.00429204 6.50612e-08 0.0177743 0.117859 4.41309e-08 0.000338169 0.000419717 0.0105904 
0.0302436 0.0261773 9.95558e-05 3.64658e-06 0.190854 0.0372459 0.0597188 0.0431126 0.0593298 0.159442 0.0168599 5.82827e-06 0.118171 0.0135527 0.000328755 0.12722 0.0978893 7.96707e-05 0.00227523 0.0011008 0.0162895 
0.00599661 0.00836817 5.03373e-10 2.91403e-10 0.121579 0.106955 0.0272495 1.97079e-05 0.0424981 0.0269969 0.000250759 4.84469e-10 0.151646 0.00199821 1.22116e-06 0.506212 8.45657e-07 1.96284e-08 3.94406e-10 0.000227928 2.65277e-07 
0.00727419 0.000336918 8.13796e-12 4.71108e-12 0.00805862 0.0861068 0.00296835 5.14939e-05 0.00456616 0.00480611 4.0097e-07 7.65045e-08 0.79054 6.28802e-07 1.32765e-11 0.00174037 0.0886771 9.70039e-09 7.83377e-05 2.03927e-08 0.00479414 
0.00410087 0.00253764 4.67601e-05 9.53505e-08 3.79955e-05 0.00407161 0.060868 0.0050306 0.0378875 0.80085 0.00150959 1.58524e-07 8.87686e-05 0.0779398 2.68712e-07 0.000108466 0.00310284 0.000454377 0.000588277 1.71057e-07 0.000776042 
0.0268545 0.069362 2.35721e-09 1.36459e-09 0.0128967 0.076035 0.0141498 0.000287038 0.190017 0.356181 0.000183171 2.26869e-09 0.210927 0.00584025 0.000333676 0.0103442 0.00351736 1.39955e-07 7.29057e-06 1.31114e-06 0.0230633 
0.0709761 0.101939 0.0458513 1.7696e-05 0.0142922 0.0170837 0.00595245 0.00118527 0.581109 0.00447344 0.0022412 0.000117073 0.0127488 0.0922394 0.000423699 0.0113696 0.0350452 6.46849e-05 4.25358e-05 0.00229313 0.00053454 
0.000250654 0.00479738 7.49128e-05 4.19676e-05 0.0131837 0.15372 0.436348 0.00401067 0.0197771 0.10889 0.000620588 0.000460631 0.0406326 0.00911121 8.44121e-05 0.0234715 0.17285 9.48352e-05 0.00122846 0.000489629 0.00986158 
0.00326469 0.00549483 1.09051e-08 6.31297e-09 0.0153315 0.0141087 0.0219791 1.02236e-06 0.511472 0.235632 0.00624666 1.67668e-05 0.0433641 0.0399388 2.32089e-05 0.0159081 7.36297e-05 0.00061227 0.00105402 3.8854e-05 0.0854393 
0.0079292 0.0600676 0.000647348 0.000253689 0.0818948 0.0103935 0.0448911 0.0188043 0.09728 0.0622055 0.00432552 0.000878886 0.127946 0.221281 0.00206963 0.0159715 0.201147 0.000300264 0.0059472 0.0155279 0.0202378 
0.0268454 0.046941 0.00100376 0.000181063 0.0167805 0.0294804 0.0527961 0.0055362 0.0241575 0.28419 0.000209823 0.000282266 0.158938 0.0119525 0.00361654 0.057807 0.0997619 0.00937748 0.00194423 0.000834422 0.167363 
0.00812703 0.103327 9.35657e-05 1.49591e-06 0.0107991 0.000728955 0.000602258 0.00881475 0.00437481 0.204316 0.000811289 6.12457e-06 0.0334461 0.0133643 4.1661e-06 0.0184865 0.04222 1.92891e-06 0.000287133 3.71093e-06 0.550184 
0.0829281 0.821764 3.63761e-07 1.18736e-10 2.16094e-07 0.00592379 0.00241647 0.0297507 0.00254692 0.00448203 2.11884e-10 1.97403e-10 0.00706629 0.0249806 3.34616e-10 0.000454316 0.00850742 1.69483e-05 0.00142941 0.00505834 0.00267431 
0.0397968 1.96742e-05 8.55665e-10 4.95346e-10 0.0203123 0.000537567 8.01298e-05 0.00016653 0.00677104 0.031017 9.01709e-08 8.23531e-10 0.001787 2.78353e-05 1.39596e-09 0.863923 0.00799786 5.72882e-08 1.33823e-05 5.30612e-06 0.0275446 
9.69179e-05 0.0588136 1.09084e-05 5.22992e-08 0.000203203 0.00442242 2.03197e-05 1.18025e-05 0.0192521 0.0700194 0.000244839 0.000703778 0.118791 0.164232 1.47387e-07 0.562689 5.29664e-05 1.94188e-06 0.000193047 9.3824e-08 0.000239883 
2.6024e-07 0.0051054 4.27068e-08 1.97768e-12 8.71194e-08 1.15573e-07 0.0202583 6.10196e-07 0.00114467 0.018658 3.52916e-12 3.28797e-12 0.145278 7.22656e-07 5.5734e-12 0.00318527 0.796716 2.16515e-09 1.17589e-06 3.54793e-12 0.00965115 
0.0511445 0.371881 0.00525211 1.47843e-09 7.23089e-06 0.0214566 1.0524e-06 2.78456e-06 0.106302 0.00604249 7.75518e-06 4.37748e-06 0.161259 0.172651 4.16643e-09 1.7013e-05 0.0181611 4.8714e-07 0.0858017 2.65228e-09 7.76577e-06 
0.00282018 0.0960691 1.31301e-06 2.01922e-08 4.69467e-06 0.00221075 0.00182821 1.11674e-06 0.0701457 0.00042523 9.1572e-05 2.08379e-06 0.00385442 0.816349 2.66337e-06 6.03956e-07 0.00163753 6.42254e-05 0.00394643 0.000368155 0.00017718 
0.00349914 0.087116 6.9467e-07 4.02145e-07 0.0017849 0.000948778 0.00118582 0.00110345 0.0284169 0.00597871 0.00113113 6.68582e-07 0.00481565 0.310071 3.28219e-05 0.0012787 0.00283067 6.73645e-05 0.0223562 7.21442e-07 0.52738 
0.0259051 0.00418787 1.77911e-06 2.25172e-08 0.00173801 0.00140294 0.000783244 0.000165832 0.0442538 0.343035 0.00151138 9.30762e-08 0.160001 0.243733 1.59959e-06 0.0102709 0.124674 3.04866e-05 0.018622 7.31459e-05 0.0196086 
0.000904244 0.00502451 4.94427e-07 1.65125e-09 0.00919739 0.120758 0.00119623 5.51959e-07 0.26729 5.85037e-06 0.000306878 2.74527e-09 0.300248 2.7668e-06 4.65347e-09 0.265842 0.0162211 3.3662e-07 2.23493e-09 2.96232e-09 0.0130016 
0.0011594 0.0306627 1.63775e-05 5.04601e-07 1.02361e-06 2.38451e-05 2.11824e-05 0.00509337 0.154788 0.010139 9.00458e-07 8.38919e-07 7.60295e-05 0.766959 3.0744e-05 0.00478438 0.0172867 1.68782e-05 6.22274e-05 0.00730522 0.00157163 
1.49747e-06 2.46905e-06 1.24664e-09 7.21683e-10 0.00218414 0.0127945 0.0234838 7.69141e-07 0.0151684 0.134132 0.00396547 1.19983e-09 0.0101478 0.749117 3.64479e-07 0.048993 4.28396e-06 8.23876e-08 9.76778e-10 1.29469e-09 4.97902e-06 
0.0695716 0.0159922 0.0129935 2.44078e-07 0.604796 0.00640813 0.00255343 0.00994105 0.0108834 0.0285619 0.000385806 5.25795e-06 0.0399889 0.00694969 0.00356504 0.00197212 0.0544123 0.0754056 0.00613022 0.000233161 0.0492507 
0.00209282 0.0813045 1.22282e-08 7.07893e-09 0.00065894 8.2074e-06 0.0146106 0.000391308 0.0391477 0.0320908 4.66525e-07 1.1769e-08 0.00591656 0.738863 1.99495e-08 0.000423772 0.0621934 0.00014821 0.0047275 6.32468e-08 0.0174222 
0.051035 0.475406 0.000274317 8.40768e-05 0.00446701 0.011039 0.00577462 0.0409088 0.0204133 0.0647529 0.0424493 0.00192492 0.0264916 0.104723 0.00698349 0.0610992 0.054067 0.000588342 0.000324275 0.00742978 0.0197642 
0.00510251 0.0184293 8.3674e-05 7.08186e-07 0.0038221 0.00155667 0.00189751 0.000657031 0.0112829 0.1527 0.00120929 5.56338e-06 0.0312315 0.672956 5.3109e-06 0.019257 0.0480818 0.000333757 0.00206592 0.0018516 0.0274701 
0.128382 0.0907305 5.36833e-06 1.88737e-08 0.0152369 0.00435477 0.00233605 8.37646e-05 0.00851682 0.0162665 4.89938e-05 5.90501e-06 0.102655 0.420462 5.31889e-08 0.115438 0.091705 1.16154e-06 1.13962e-05 0.000818547 0.00294031 
0.071672 0.187047 6.18997e-05 6.59426e-08 0.0209557 0.00521791 0.0294875 0.00105238 0.234661 0.0251605 0.000212352 2.67596e-06 0.0386646 0.219173 0.000267517 0.000877159 0.124769 3.87347e-05 0.0395482 0.000583474 0.000546896 
0.0721001 0.0101297 0.00416225 5.58465e-06 0.408733 0.0405317 0.099553 0.00508669 0.0187097 0.0435631 0.00028046 9.78002e-05 0.0544585 0.00610709 1.03569e-05 0.00405546 0.131825 0.0466978 0.00594154 0.00117173 0.0467798 
0.0109409 0.0241554 5.72248e-05 2.01326e-08 0.00313941 0.00136214 1.21056e-05 5.12994e-06 0.0321047 0.0328207 1.2121e-05 3.34712e-08 3.44644e-05 0.70611 2.98773e-05 4.0032e-05 0.146924 3.37816e-06 1.62442e-05 3.61176e-08 0.0422316 
0.586221 0.113513 3.31881e-08 1.92126e-08 0.0295644 0.007906 0.000528785 0.000607318 0.137547 0.0297529 9.95306e-07 3.19417e-08 0.00385933 0.0471435 5.92558e-06 0.00443809 0.00508923 9.46443e-07 0.0252713 4.01607e-06 0.00854689 
0.0084537 0.127395 4.52373e-08 2.37856e-11 0.00487207 9.45179e-07 0.0325005 0.017729 0.158136 0.0416476 0.0229134 6.72651e-08 0.0349315 0.516982 6.70312e-11 4.12218e-05 0.0338295 0.000324461 0.000230049 1.17687e-05 6.66342e-07 
4.08797e-05 3.02495e-05 7.01406e-05 2.93754e-07 0.00188592 0.00174187 0.0163984 4.86546e-05 0.00379231 0.257098 5.24202e-07 4.88377e-07 0.00041434 0.11727 0.000328613 0.00146891 0.288139 0.000158576 0.251303 5.2699e-07 0.0598085 
0.0537973 0.0485629 6.25952e-07 4.30704e-09 0.187257 0.0128604 0.0208126 1.38172e-07 0.196191 0.135811 1.35334e-06 2.476e-07 0.101434 0.0692913 1.21379e-08 0.00873089 0.0658674 2.10964e-05 0.0130403 4.59963e-07 0.0863205 
0.0306976 0.0410769 2.45482e-05 1.34011e-08 0.00355633 0.000176091 0.00027835 0.0019773 1.33546e-05 0.0132925 0.00593336 1.60022e-06 0.0158879 0.089706 3.77663e-08 0.00216 0.0250455 3.06721e-07 0.0125181 2.40414e-08 0.757654 
1.89912e-05 7.75778e-05 2.52683e-05 1.89822e-06 0.00145829 0.00109975 0.00364579 0.00137729 0.00788143 0.803174 0.0066522 5.55236e-06 0.0452267 9.95012e-05 2.78278e-05 0.113911 0.00887897 0.00616009 5.2332e-06 6.29846e-06 0.000266565 
0.00545558 1.03686e-06 1.67463e-10 9.69448e-11 0.00906236 0.0259332 0.0511303 3.73397e-08 0.040589 0.161749 1.4397e-06 6.18229e-08 0.0349892 0.00298908 2.73205e-10 0.0664688 0.589146 8.1219e-08 1.99185e-07 1.1012e-05 0.0124739 
0.0126687 0.0662783 1.06798e-10 6.18254e-11 0.00133323 4.59346e-07 0.308598 5.16036e-07 0.0558043 0.0800226 0.0604279 1.74841e-07 0.0344114 0.281244 1.74233e-10 0.000513836 0.0960462 0.000506117 0.00214472 1.10914e-10 3.12006e-07 
0.00510251 0.0184293 8.3674e-05 7.08186e-07 0.0038221 0.00155667 0.00189751 0.000657031 0.0112829 0.1527 0.00120929 5.56338e-06 0.0312315 0.672956 5.3109e-06 0.019257 0.0480818 0.000333757 0.00206592 0.0018516 0.0274701 
0.0199736 0.00165274 2.33378e-06 3.43693e-09 0.0225043 5.34114e-07 0.00553311 0.000114593 0.0437268 0.00757137 1.19678e-05 5.71402e-09 0.0247916 0.0147277 7.6822e-06 0.00584348 0.302762 7.04616e-06 4.65178e-09 1.59464e-05 0.550753 
3.881e-05 0.641595 5.50548e-07 1.27434e-10 1.1453e-05 0.110321 0.0741698 5.50063e-06 1.00688e-05 0.012463 0.154676 5.93432e-07 2.07054e-05 3.32496e-06 3.59128e-10 0.00381 1.69421e-06 4.08896e-06 0.000211511 2.28615e-10 0.00265718 
0.00620328 0.0144374 1.89299e-08 1.09585e-08 0.00181066 0.000490894 0.0115945 4.73835e-05 0.0995575 0.07145 0.000165679 5.37193e-07 0.000237006 0.578966 3.08828e-08 0.000259674 0.153241 0.000143409 0.0266628 0.000191295 0.03454 
0.00659597 0.00721206 1.09278e-06 8.49164e-10 0.079995 0.0109213 0.0200494 3.10536e-06 0.0296277 0.0122731 0.00274729 0.00835344 0.0967345 0.00112969 2.39307e-09 0.719588 0.00476243 5.69151e-06 1.14932e-09 1.52339e-09 1.32871e-07 
0.0447888 0.0289891 2.05026e-07 1.1869e-07 0.416419 0.0300448 0.00249809 0.000163067 0.0372943 0.125004 0.000174243 1.97327e-07 0.177094 0.019165 0.062142 0.000113926 0.0512326 4.99292e-05 0.00133672 2.12928e-07 0.00349026 
0.0300002 0.000226033 5.5988e-10 3.24115e-10 0.927673 8.45129e-05 0.00157527 9.20234e-08 0.00167816 0.00115489 1.4823e-07 1.89685e-07 0.00145691 0.0319902 9.13404e-10 1.99418e-06 0.00126739 6.28507e-05 0.00124776 7.469e-05 0.00150531 
0.00696193 0.0155076 0.000424836 6.0216e-08 0.112442 0.0010129 0.0234581 1.26737e-05 0.0144489 0.00197744 1.07455e-07 1.00111e-07 0.0125721 0.810034 1.69698e-07 2.85561e-05 0.000517815 5.74544e-05 0.000491803 8.4673e-06 4.37063e-05 
0.00898803 0.0217399 2.57151e-05 4.58681e-06 5.8681e-05 0.0176307 0.0172848 0.00225132 0.0468703 0.0275705 0.000633068 0.000466074 0.00769884 0.826567 6.40664e-06 0.00437139 0.0128579 0.000484917 0.000254069 0.00386639 0.000369537 
0.0084537 0.127395 4.52373e-08 2.37856e-11 0.00487207 9.45179e-07 0.0325005 0.017729 0.158136 0.0416476 0.0229134 6.72651e-08 0.0349315 0.516982 6.70312e-11 4.12218e-05 0.0338295 0.000324461 0.000230049 1.17687e-05 6.66342e-07 
0.0405748 0.028054 0.000272654 5.82927e-11 0.0072167 0.00225469 0.139775 0.151135 0.0470407 0.278308 1.04023e-10 9.69138e-11 0.0391035 0.0607763 4.39293e-07 0.00206703 0.0306819 7.0686e-08 0.000178407 0.00014394 0.172416 
5.63376e-06 5.99201e-06 4.27584e-08 2.47529e-08 0.994337 2.02803e-06 2.39023e-05 1.93776e-05 2.69801e-06 1.29298e-06 1.35224e-06 4.11526e-08 1.13986e-06 3.1409e-06 1.26922e-06 0.00540933 0.000180263 4.63002e-06 3.35023e-08 1.71666e-07 2.74931e-07 
0.0300002 0.000226033 5.5988e-10 3.24115e-10 0.927673 8.45129e-05 0.00157527 9.20234e-08 0.00167816 0.00115489 1.4823e-07 1.89685e-07 0.00145691 0.0319902 9.13404e-10 1.99418e-06 0.00126739 6.28507e-05 0.00124776 7.469e-05 0.00150531 
0.779485 0.0236468 0.00106174 1.15956e-10 0.00809096 0.00718937 0.00028543 0.001047 0.00830647 0.0264954 1.63639e-05 1.42174e-07 0.0265726 0.0156544 0.000151086 0.00274417 0.0272891 1.23903e-06 0.000376822 1.9594e-06 0.0715835 
0.00100889 0.0106715 1.40352e-06 7.95824e-09 1.20208e-06 0.00317265 0.00495023 2.4357e-05 0.0508575 0.075107 0.000256815 9.8663e-05 0.108951 0.00428214 2.24275e-08 0.00300005 0.725362 8.97464e-06 2.73443e-06 2.15974e-05 0.0122214 
0.0300002 0.000226033 5.5988e-10 3.24115e-10 0.927673 8.45129e-05 0.00157527 9.20234e-08 0.00167816 0.00115489 1.4823e-07 1.89685e-07 0.00145691 0.0319902 9.13404e-10 1.99418e-06 0.00126739 6.28507e-05 0.00124776 7.469e-05 0.00150531 
0.0300002 0.000226033 5.5988e-10 3.24115e-10 0.927673 8.45129e-05 0.00157527 9.20234e-08 0.00167816 0.00115489 1.4823e-07 1.89685e-07 0.00145691 0.0319902 9.13404e-10 1.99418e-06 0.00126739 6.28507e-05 0.00124776 7.469e-05 0.00150531 
0.0308157 0.0289397 1.15872e-05 1.26502e-08 0.0132138 0.00305312 0.71345 0.000281621 0.0187772 0.0437537 0.00108958 2.10315e-08 0.139931 0.000239392 0.000125775 0.00433446 0.000102478 1.28242e-05 1.15584e-05 2.64747e-05 0.00183048 
0.0393828 0.00361322 0.0120052 3.83433e-07 0.0361608 0.205482 0.047774 0.000168511 0.0582468 0.00624345 0.014731 0.000398195 0.00356449 0.160902 4.2029e-07 0.00848772 0.400678 4.0775e-05 0.00125503 0.000270408 0.000595545 
7.91085e-07 0.00330377 3.13404e-09 1.8143e-09 2.44565e-06 4.65556e-07 0.0445124 3.325e-07 0.0941275 0.343769 8.57382e-06 2.15541e-07 0.202359 0.00441122 5.11297e-09 0.0892096 0.215768 6.72277e-07 2.45561e-09 1.77235e-06 0.00252383 
0.0745668 0.0360066 7.40253e-06 4.54171e-06 0.0132734 0.0380513 0.0329096 4.73135e-05 0.0413824 0.0521061 0.00416921 8.15485e-05 0.0468038 0.575664 0.00371575 0.0119013 0.0232715 8.21427e-05 0.00058808 0.00367559 0.0416914 
0.00983018 0.124415 0.0002613 5.65988e-05 0.000421706 0.00222568 0.0401305 0.0272043 0.315011 0.0236434 0.00746055 0.000220733 0.00365377 0.329382 0.000172325 0.00835429 0.0830877 0.000196553 0.00035386 0.0236438 0.000274797 
0.0118552 0.0374227 1.19249e-06 2.31877e-09 0.0072254 0.000151517 0.196544 9.17515e-05 0.275283 0.0753363 1.56019e-05 8.80387e-05 0.0719409 0.117337 0.000222552 0.0299082 0.163934 5.98377e-05 0.00199436 3.22377e-06 0.0105851 
0.0582577 0.0131966 0.00801228 7.75967e-08 0.593837 0.0062788 0.00297563 0.00865827 0.0123631 0.0280553 8.51041e-05 5.5476e-06 0.0446453 0.00822691 1.93557e-05 0.00219477 0.0632211 0.0874521 0.00540786 0.000255234 0.056852 
0.00458817 0.0317953 2.24007e-07 1.29678e-07 0.000552161 1.75521e-06 0.00104516 0.000116252 0.0490187 7.19277e-06 6.65856e-06 0.168226 0.00177378 0.741126 3.65451e-07 0.0012849 6.57604e-06 5.82298e-07 1.75515e-07 2.3264e-07 0.000449374 
0.0499781 0.106395 0.00224344 3.93901e-08 0.0748439 0.0668012 0.000239057 5.90996e-07 0.0229705 0.00815748 0.000214336 4.59585e-05 0.000163903 0.650866 1.11007e-07 0.00390347 0.00851259 0.000165461 0.00441566 9.47873e-06 7.31419e-05 
0.0224614 0.0207166 0.000174655 6.99685e-08 0.00331347 0.0244853 0.131671 0.00301891 0.0537098 0.129274 0.000745897 7.32811e-08 0.346638 0.0129198 6.9269e-06 0.178434 0.0632545 7.27969e-05 7.74483e-06 0.000664521 0.00842978 
0.00615649 0.021941 8.24275e-07 1.22158e-09 0.00766787 0.000686737 0.00855013 0.00219842 0.0584552 0.256552 0.00625579 1.96866e-07 0.0303484 0.117 7.41861e-05 0.292776 0.185642 0.000242015 0.00116091 8.12071e-07 0.00429175 
0.00802307 0.00660872 5.18676e-05 2.92517e-08 0.0451215 0.022261 0.00406711 2.14298e-06 0.00293542 0.0948019 8.74728e-05 1.38872e-06 0.0142736 0.681473 3.22011e-06 0.000237052 0.0615068 2.9441e-06 0.000437174 8.60149e-05 0.0580186 
0.00104447 0.0123821 5.00113e-11 2.89516e-11 3.46941e-08 6.94132e-07 9.07113e-08 0.00541233 2.49329e-07 2.0055e-07 5.1664e-11 4.81332e-11 0.000411988 0.980607 8.15899e-11 4.70302e-07 8.75984e-07 8.003e-09 3.91852e-11 5.0012e-08 0.000139586 
0.00681443 0.192552 6.78785e-05 3.82455e-07 2.33435e-06 0.000284215 0.00472229 0.000273912 0.00218537 0.00788385 0.000373482 2.31028e-06 0.0927239 0.680074 1.07782e-06 0.00067428 0.00182573 0.000266412 5.54189e-05 0.00674954 0.00246758 
0.0259051 0.00418787 1.77911e-06 2.25172e-08 0.00173801 0.00140294 0.000783244 0.000165832 0.0442538 0.343035 0.00151138 9.30762e-08 0.160001 0.243733 1.59959e-06 0.0102709 0.124674 3.04866e-05 0.018622 7.31459e-05 0.0196086 
0.00883517 0.00643731 7.05809e-07 4.65916e-09 4.70803e-06 1.11289e-05 0.0102978 6.75843e-05 0.0735931 0.0403922 8.31424e-09 7.74603e-09 0.163268 0.555527 1.31302e-08 0.0553406 0.0709926 3.03006e-06 6.30604e-09 0.00061395 0.0146156 
0.00128327 0.00317439 2.54504e-07 1.47333e-07 0.00105296 0.0963523 0.0131664 0.000202657 0.0635956 0.0387597 0.00294924 7.13306e-06 0.000441386 0.758863 4.15205e-07 0.00396016 1.99721e-05 7.0382e-05 0.000582023 7.75641e-05 0.0154415 
0.00539153 0.0923763 4.30247e-09 2.49071e-09 0.000738025 0.000204075 0.00197575 0.00363596 3.1755e-06 0.0360293 1.82559e-05 7.37819e-07 0.00825037 0.737031 7.01918e-09 1.31224e-08 0.096894 1.01242e-06 0.000324141 0.0170824 4.35558e-05 
0.00510251 0.0184293 8.3674e-05 7.08186e-07 0.0038221 0.00155667 0.00189751 0.000657031 0.0112829 0.1527 0.00120929 5.56338e-06 0.0312315 0.672956 5.3109e-06 0.019257 0.0480818 0.000333757 0.00206592 0.0018516 0.0274701 
0.00947701 0.580587 4.88146e-07 1.35981e-10 3.8217e-07 0.0829973 0.0103956 0.000416491 0.107438 0.0161352 0.000519336 3.13285e-07 0.118711 0.00614117 3.83214e-10 0.00042477 0.0598356 6.188e-08 0.000328694 1.36556e-06 0.00659074 
1.09662e-05 1.99111e-05 5.90215e-07 2.26479e-09 0.0487459 0.656834 6.1555e-06 0.00579052 0.126911 0.0331461 7.5475e-06 3.76529e-09 0.0459914 0.026046 6.3825e-09 5.29541e-06 0.0247877 4.73729e-07 0.00163456 0.000152671 0.0299092 
0.00240948 0.0247989 2.54702e-07 1.47447e-07 0.00213595 0.031869 0.00128705 6.24505e-05 0.147794 0.00191998 2.63119e-07 1.4333e-05 0.00115363 0.770645 8.06405e-05 0.00189364 0.0136058 5.79318e-05 8.8333e-05 9.14745e-05 9.2297e-05 
0.067952 0.0866851 0.000119197 4.11074e-10 0.000124036 0.0815927 0.0413441 0.000484418 0.117806 0.12458 2.40642e-07 7.75061e-06 0.0501756 0.110697 1.15847e-09 0.00655568 0.311486 4.39391e-07 3.73011e-05 1.3617e-06 0.000351477 
0.0300002 0.000226033 5.5988e-10 3.24115e-10 0.927673 8.45129e-05 0.00157527 9.20234e-08 0.00167816 0.00115489 1.4823e-07 1.89685e-07 0.00145691 0.0319902 9.13404e-10 1.99418e-06 0.00126739 6.28507e-05 0.00124776 7.469e-05 0.00150531 
0.00290445 0.00452637 0.958771 4.48092e-13 0.00201642 3.90361e-08 0.00255113 2.44887e-08 0.00049635 0.0124741 3.20647e-10 7.4497e-13 2.70605e-08 0.0051997 1.26279e-12 0.00105922 0.00694516 9.02478e-10 8.82758e-05 3.58534e-08 0.00296728 
0.0300002 0.000226033 5.5988e-10 3.24115e-10 0.927673 8.45129e-05 0.00157527 9.20234e-08 0.00167816 0.00115489 1.4823e-07 1.89685e-07 0.00145691 0.0319902 9.13404e-10 1.99418e-06 0.00126739 6.28507e-05 0.00124776 7.469e-05 0.00150531 
0.0150569 0.0821333 0.000842006 1.93654e-07 0.13181 0.00586124 0.0237269 9.08401e-05 0.103441 0.0031714 3.72817e-06 2.4229e-06 0.0291084 0.485804 5.45744e-07 7.32751e-05 0.037268 4.99649e-07 0.0117384 9.51008e-06 0.0698571 
0.00800345 0.153889 1.06986e-10 6.19343e-11 3.12826e-07 0.0168716 0.0172247 0.00172364 0.333177 0.0270614 7.10477e-05 1.02968e-10 0.0579887 0.09677 1.7454e-10 0.00821779 0.278999 8.33206e-09 8.38264e-11 1.36836e-06 3.61851e-07 
0.00451141 0.00202808 3.31449e-05 1.81535e-10 0.00102481 1.36214e-05 0.00488369 0.000350216 0.0270549 0.0388439 2.68407e-07 3.01808e-10 0.0024977 0.885706 4.19599e-07 0.00737118 0.0116395 7.45993e-06 8.7724e-05 1.31757e-06 0.0139452 
0.0107044 0.0200528 5.14734e-08 2.9798e-08 0.00224446 0.00131609 0.00353133 1.5426e-06 0.0395927 0.00128704 6.09476e-05 2.29459e-05 0.00109531 0.897867 8.39752e-08 4.90439e-05 0.00599621 5.48775e-05 0.0147757 0.000144089 0.00120298 
0.0144832 0.0157649 0.00152977 8.54805e-05 0.0291184 0.0226134 0.124968 0.000741903 0.18472 0.267997 0.000168427 0.000328557 0.00969947 0.0810752 0.000204222 0.0421234 0.0470634 0.00136366 0.000222474 0.000101155 0.155628 
0.00911761 0.0086105 0.0185522 4.29464e-05 0.00309508 0.00482332 0.102518 0.000264032 0.0441711 0.042618 0.000980252 0.000517675 0.411165 0.239316 5.95516e-05 0.0172734 0.0901523 0.000166035 0.000195482 0.00140637 0.00495571 
0.0769524 0.116 1.13105e-07 6.54764e-08 0.0031079 0.00341446 0.00218151 0.000973524 0.0871052 0.00806475 0.000148189 2.92422e-06 0.0490893 0.573994 1.84522e-07 0.0103413 0.0331629 5.51057e-06 0.0294575 1.17464e-07 0.005998 
0.0112983 0.00858693 2.89682e-07 1.67697e-07 0.12335 0.00322036 0.00209784 0.000400456 0.0147086 0.0329288 0.00818137 3.91687e-06 0.669773 0.000338505 0.0297211 0.0281549 0.00943043 1.72874e-06 1.37442e-06 1.68755e-06 0.0578003 
0.00247245 0.00123549 1.10206e-07 6.37987e-08 0.00126104 0.000670373 0.00083784 9.66738e-05 0.000467801 0.000592981 1.13848e-07 1.06068e-07 0.00042345 0.988652 1.79794e-07 0.000903444 0.000177193 4.75043e-05 0.00181343 1.14454e-07 0.000347867 
0.00957187 0.000142208 5.18296e-07 3.00042e-07 0.00014536 0.0136082 0.00359686 1.12043e-05 0.0130571 0.0264632 5.35424e-07 4.98832e-07 0.00365375 0.912366 8.45564e-07 0.0166565 0.000470033 5.59415e-06 0.000209057 5.38272e-07 4.01967e-05 
0.083626 0.00499779 0.00102481 1.91969e-07 0.0157113 0.00145253 0.000302599 1.00525e-05 0.0915899 0.0139925 0.000605674 2.46306e-06 0.0366455 0.66266 0.00034966 0.00401497 0.0685779 3.10553e-05 0.000879419 2.50955e-07 0.0135253 
0.048646 0.0419413 2.62663e-06 1.84863e-09 0.0237844 8.12264e-05 0.0366009 0.0246459 0.380843 0.00662333 1.2704e-05 8.57533e-09 0.0298339 0.00815583 1.45359e-08 0.0137659 0.015228 7.05842e-06 2.50207e-09 6.13172e-06 0.369822 
0.0424662 0.0331387 8.8402e-05 7.17303e-08 0.00322679 0.0122483 0.0617956 0.00117237 0.0156418 0.0104541 1.28002e-07 1.19254e-07 0.0259242 0.768584 2.02147e-07 0.000274152 0.000617493 8.938e-05 2.35251e-05 0.00439945 0.0198552 
0.00571798 0.0121312 1.86289e-05 3.41091e-11 0.00373917 0.0131176 0.00382874 0.00731943 0.0539293 0.125314 1.45983e-07 1.37509e-05 0.179696 0.0617548 2.02646e-07 0.00444101 0.279578 0.00198406 0.000642614 1.01962e-06 0.246773 
0.000365865 0.0201907 4.08835e-05 4.42441e-10 1.70803e-06 0.00610742 0.000791024 2.02144e-05 0.0403973 0.0111668 1.47348e-05 1.92563e-05 0.0370584 0.229118 1.24686e-09 0.00321462 0.0195561 7.36376e-05 0.618496 2.23603e-07 0.013367 
0.0259051 0.00418787 1.77911e-06 2.25172e-08 0.00173801 0.00140294 0.000783244 0.000165832 0.0442538 0.343035 0.00151138 9.30762e-08 0.160001 0.243733 1.59959e-06 0.0102709 0.124674 3.04866e-05 0.018622 7.31459e-05 0.0196086 
0.00845701 0.0383587 0.000644457 8.63281e-08 0.0486535 0.00371052 0.0348543 0.00123284 0.0523304 0.068032 0.00779793 5.33573e-07 0.169137 0.35398 2.43285e-07 0.00527399 0.0633867 1.13102e-07 0.00514013 1.38684e-06 0.139009 
0.0547806 0.0643898 0.000267646 9.82867e-08 0.0181299 0.0082939 0.00337387 0.0204568 0.0402576 0.0705324 2.15389e-05 8.28524e-05 0.0199224 0.0177696 2.61674e-07 0.0239344 0.0579283 1.01276e-06 0.00329804 0.000327122 0.596232 
0.0728023 0.004802 1.07583e-07 6.22797e-08 0.027213 0.00159658 0.0273891 3.51954e-06 0.0249649 1.17235e-05 0.00129607 1.03542e-07 0.0842848 0.502743 1.75513e-07 0.113497 0.0106761 1.97758e-06 0.00112245 3.11334e-05 0.127563 
0.0341649 0.0137073 2.80621e-06 1.35473e-07 0.0231721 0.00212601 0.0172803 8.90801e-06 0.00240053 0.000521068 1.61447e-05 3.29613e-06 0.0632209 0.820842 0.000202743 0.000402317 0.0107433 0.00103805 0.0019711 2.43036e-07 0.00817556 
0.0098096 0.123773 1.62375e-06 5.48436e-09 0.00150923 0.225015 0.00951929 0.000372116 0.0229905 0.00147846 1.21907e-05 9.11795e-09 0.000646738 0.597465 1.54557e-08 0.000567335 0.0037547 4.19597e-06 0.00019126 2.16011e-06 0.00288792 
0.00790032 0.0300837 2.73624e-07 1.16026e-10 0.000869956 0.0159521 0.0578018 0.00966332 0.120274 0.190383 1.28942e-06 3.59759e-07 0.119179 0.116661 3.26979e-10 0.230797 0.0819954 1.79324e-07 0.0184325 2.10528e-06 2.46192e-06 
0.01177 0.0648003 4.85348e-05 4.51504e-05 0.0184108 0.00966845 0.00130416 0.00324428 0.0865211 0.0711271 0.0245154 0.000107462 0.0871371 0.485766 0.00057219 0.0300374 0.0893396 0.0007738 0.000670398 0.000146158 0.0139944 
0.00269071 0.0941369 1.03448e-06 7.83188e-07 0.0841322 0.0051501 0.247084 0.000958643 0.0121377 0.0823196 0.0037794 5.81452e-06 0.0115252 0.158307 3.55888e-05 0.0421148 0.132525 2.00233e-05 0.000422253 1.29078e-05 0.122641 
0.00660339 0.0328977 0.00168099 0.00159929 0.00363326 0.0426289 0.205007 0.0106815 0.049133 0.149063 0.0370784 0.0118073 0.0181744 0.226964 0.00169158 0.0182524 0.0891149 0.0334151 0.00714858 0.0463872 0.00703801 
0.00290962 0.0461175 0.00103199 6.57422e-06 0.0317262 0.0121677 0.0164621 0.00802349 0.104816 0.414743 0.00374448 2.65082e-05 0.154012 0.00444306 6.26427e-05 0.0520287 0.0290711 0.0345794 0.000765347 0.00102802 0.0822345 
0.0300002 0.000226033 5.5988e-10 3.24115e-10 0.927673 8.45129e-05 0.00157527 9.20234e-08 0.00167816 0.00115489 1.4823e-07 1.89685e-07 0.00145691 0.0319902 9.13404e-10 1.99418e-06 0.00126739 6.28507e-05 0.00124776 7.469e-05 0.00150531 
0.101645 0.12245 3.98811e-07 2.30872e-07 0.0187311 0.000429071 3.15079e-05 7.46525e-05 0.551262 0.000393158 4.1199e-07 3.83834e-07 0.185807 0.010113 6.50632e-07 0.000361991 0.000201644 0.000113405 3.12479e-07 4.14181e-07 0.00838411 
0.00833283 0.121168 4.93748e-09 2.85831e-09 2.38235e-05 0.0055627 0.00317256 0.000567029 0.0702198 0.0283018 5.10065e-09 1.30289e-07 0.00541578 0.734307 8.05515e-09 0.00657223 0.0144802 0.00172783 6.51924e-05 8.2939e-05 2.79028e-07 
0.0480778 0.0081504 1.8957e-08 1.09742e-08 9.85986e-05 0.00767556 0.00145428 0.0020052 1.00652e-05 0.0116576 1.95834e-08 1.8245e-08 0.00138682 0.842755 3.09269e-08 0.00716233 0.0441258 0.00213163 7.95762e-06 1.05231e-05 0.0232905 
0.012356 0.00841596 0.0051805 1.40075e-07 1.2539e-05 0.00372859 0.00439567 0.00362713 0.119623 0.544906 2.49964e-07 0.000631652 0.0343015 0.0208709 2.11101e-06 0.0685336 0.0439781 1.59551e-05 1.89588e-07 0.000220117 0.1292 
0.021972 0.0027571 2.38858e-08 1.38275e-08 2.45717e-05 0.00676043 0.00509623 1.34353e-06 0.257287 0.0502997 2.46751e-08 7.73916e-05 0.029426 0.573861 3.08865e-06 5.11052e-06 0.0457535 1.14973e-05 6.17035e-06 0.000826119 0.00583189 
0.0292464 0.0158341 9.05682e-05 4.28499e-06 0.0175333 0.00461517 0.73576 0.00018176 0.00661308 0.0619967 0.0140655 5.85315e-06 0.0939476 0.00405958 0.000607053 0.0140233 0.0002156 2.13999e-05 4.03113e-05 5.29085e-05 0.00108593 
0.00510251 0.0184293 8.3674e-05 7.08186e-07 0.0038221 0.00155667 0.00189751 0.000657031 0.0112829 0.1527 0.00120929 5.56338e-06 0.0312315 0.672956 5.3109e-06 0.019257 0.0480818 0.000333757 0.00206592 0.0018516 0.0274701 
0.000855203 0.00102337 1.0862e-08 6.28805e-09 0.00310373 0.0842169 0.0216431 5.34251e-06 0.205018 0.040766 1.14769e-06 1.86921e-07 0.000265013 0.554978 1.77207e-08 0.0854791 0.00139977 0.00122375 1.52676e-05 6.67166e-07 5.06518e-06 
