0.0423132 0.0532483 7.71697e-06 0.000550552 0.383072 0.159219 0.00699331 0.0376467 0.0336834 0.00211044 0.000261649 2.10056e-06 0.0165049 0.0593993 5.02983e-07 0.0369135 0.0963867 0.00642841 0.0179639 1.09571e-05 0.0472836 
0.00168507 0.0108283 2.37047e-07 1.30449e-05 0.759948 0.01732 0.00131511 0.0112563 0.0153474 0.00122711 0.000348035 4.05791e-06 0.0201934 4.9522e-06 2.13173e-05 0.156012 0.00337517 0.000133377 0.000874584 5.68736e-08 9.30625e-05 
0.0289453 0.0269928 0.0112324 0.00198306 0.412332 0.0874769 0.00406246 0.038528 0.0426257 0.0293771 0.00154336 6.09733e-06 0.043484 0.0135351 7.64834e-08 0.00831993 0.199655 2.04024e-05 0.000282625 0.000514944 0.0490823 
0.0360901 0.148622 0.00021934 0.00134419 0.40573 0.072128 0.129426 0.00129248 0.0218811 0.018713 0.00316123 3.41066e-05 0.0272182 0.0452865 5.45735e-06 0.0210465 0.0546556 0.00012373 0.000344091 0.00036755 0.0123106 
0.0223397 0.0625752 5.41763e-06 1.13432e-06 0.717564 0.0615116 0.00317137 0.0101765 0.0484165 0.0211089 0.00102834 7.0703e-10 0.0054879 0.0236826 1.9651e-07 7.15013e-07 0.00411215 1.68786e-05 0.000591633 0.00247208 0.0157368 
0.0034818 0.0137241 0.0682519 0.00010477 0.57103 0.0160031 0.123589 0.00235719 0.0141309 0.0556845 0.00170541 1.64246e-05 0.0290369 0.000774365 4.88999e-06 0.0628 0.0280362 6.42179e-06 9.13682e-05 0.00111492 0.00805602 
0.0212286 0.109024 0.000671562 0.00013165 0.411986 0.11732 0.0367821 0.00200787 0.0313126 0.110736 0.000427986 1.53849e-05 0.0880378 0.00133065 1.30244e-07 0.00114526 0.0577747 7.24231e-06 0.000111778 1.40991e-05 0.00993385 
0.0300002 0.000226033 5.5988e-10 3.24115e-10 0.927673 8.45129e-05 0.00157527 9.20234e-08 0.00167816 0.00115489 1.4823e-07 1.89685e-07 0.00145691 0.0319902 9.13404e-10 1.99418e-06 0.00126739 6.28507e-05 0.00124776 7.469e-05 0.00150531 
0.00381888 0.00509828 2.37898e-10 7.33858e-07 0.50646 0.422833 0.00039585 0.000318287 0.0190577 2.12861e-07 1.03987e-05 2.28964e-10 0.0146123 0.00279739 3.88114e-10 5.0027e-07 0.0221434 9.19299e-05 1.864e-10 2.47067e-10 0.00236022 
0.0300002 0.000226033 5.5988e-10 3.24115e-10 0.927673 8.45129e-05 0.00157527 9.20234e-08 0.00167816 0.00115489 1.4823e-07 1.89685e-07 0.00145691 0.0319902 9.13404e-10 1.99418e-06 0.00126739 6.28507e-05 0.00124776 7.469e-05 0.00150531 
0.0369726 0.160696 0.000562463 0.000212018 0.559564 0.00739312 0.0116608 0.00141874 0.0283844 0.0776281 0.00333107 5.44723e-05 0.0163074 0.0226286 0.00253092 0.0323444 0.0301525 9.27024e-05 0.00157584 0.00182301 0.00466759 
0.041644 0.064886 0.002588 4.67729e-05 0.519013 0.0261474 0.0450912 0.00257001 0.062249 0.00247514 4.88914e-06 0.001296 0.13698 0.00117774 1.17419e-07 0.00969493 0.0532408 0.00699639 4.56023e-05 1.88028e-05 0.023834 
0.000458925 0.00200241 3.95431e-06 2.28916e-06 0.886584 0.000534803 8.1248e-07 6.30566e-07 1.27538e-05 0.000403333 4.08499e-06 3.80581e-06 0.0799307 0.00151297 6.45118e-06 1.05588e-06 0.0272927 1.00206e-06 3.09831e-06 4.10671e-06 0.00123585 
0.0204821 3.86638e-10 4.08002e-09 2.36193e-09 0.352171 0.0770944 8.38308e-10 4.34066e-07 0.18861 0.0195349 0.293424 3.9268e-09 0.00135553 0.0245891 6.65626e-09 8.02463e-06 0.0224345 1.95251e-06 0.000290032 2.98929e-06 1.36992e-09 
0.0300002 0.000226033 5.5988e-10 3.24115e-10 0.927673 8.45129e-05 0.00157527 9.20234e-08 0.00167816 0.00115489 1.4823e-07 1.89685e-07 0.00145691 0.0319902 9.13404e-10 1.99418e-06 0.00126739 6.28507e-05 0.00124776 7.469e-05 0.00150531 
0.0272432 0.189564 9.90264e-07 0.00593524 0.276542 0.108848 0.0474529 0.023026 0.010894 0.00960783 2.25442e-07 0.000139789 0.0511792 0.0386832 2.38208e-07 0.0116319 0.172486 1.83563e-05 8.84106e-05 3.22873e-05 0.0266261 
0.202499 0.0978394 9.26718e-10 1.88309e-07 0.36925 0.00734819 1.09959e-07 0.000592288 0.126522 0.00255179 3.55749e-07 8.91916e-10 0.0778678 1.6809e-08 1.51187e-09 1.24552e-06 0.0446341 2.34838e-10 3.33538e-07 9.62434e-10 0.0708932 
0.0459434 0.0944605 2.4571e-06 0.000124772 0.306864 0.0559328 0.0046532 0.000716044 0.0180477 2.39091e-05 1.75195e-07 3.68143e-07 0.20381 1.01238e-05 1.68153e-07 0.000576349 0.268795 1.30396e-07 9.11753e-06 1.00592e-06 2.87129e-05 
0.0658405 0.0452505 0.000229947 0.0148345 0.251772 0.0380773 0.114335 0.0898088 0.0326684 0.0206542 0.00108829 5.17408e-07 0.173611 0.015204 6.30057e-07 0.0100754 0.114868 7.02242e-07 6.36496e-07 0.00581731 0.00586195 
0.120808 0.0239212 3.44123e-07 2.8845e-05 0.23941 0.0319907 0.0482362 0.00883016 0.141009 0.0545103 1.01904e-05 3.99672e-07 0.0805446 0.0111005 0.000102856 0.220097 0.0094091 9.97081e-05 2.06146e-09 0.00629717 0.00359348 
0.0730981 0.0223154 2.08033e-05 2.36818e-05 0.204743 0.0500727 0.140939 0.0250668 0.0423211 0.029986 1.83481e-05 2.64954e-07 0.103732 0.165897 6.45983e-08 0.00651904 0.107702 0.00305626 0.003365 0.00474112 0.0163822 
0.0155321 0.0353399 1.48296e-05 0.000160374 0.452085 0.00657836 0.144122 0.00199446 0.0410574 0.0200633 0.000204285 0.000232803 0.0825386 0.00191418 4.77332e-06 0.00720888 0.187777 4.07586e-06 3.48725e-05 2.56541e-05 0.00310767 
0.034482 0.0670997 0.000292487 0.00547582 0.307686 0.0271439 0.00753528 0.000871045 0.0137742 0.19573 1.13227e-05 1.4514e-05 0.0644135 0.0295382 2.9324e-08 0.00254515 0.202404 1.39181e-05 0.000750095 2.34184e-06 0.0402171 
0.0432153 0.17746 6.10807e-05 0.00114211 0.369798 0.0453104 0.136939 0.000473756 0.0969254 0.0242838 0.00657047 0.00724183 0.0643848 0.0060559 6.82091e-09 0.00573008 0.00737081 4.95558e-05 0.000158169 0.00582959 0.000999282 
0.00139361 0.00282165 6.81269e-07 1.58776e-05 0.807374 0.0182363 0.000319539 0.0160606 0.0165709 0.00101012 0.000311045 9.34212e-06 0.0129938 1.20978e-05 0.000225302 0.119531 0.00276052 0.000174622 8.18652e-05 6.00906e-10 9.6821e-05 
0.0805088 0.0277839 8.75209e-06 0.000671883 0.226302 0.0275155 0.0194502 0.0137274 0.0278323 0.087175 8.05669e-06 1.67322e-07 0.000991834 0.106453 2.83625e-07 0.0247041 0.0752948 0.000348341 0.16398 0.00245616 0.114787 
0.000318151 0.00795982 0.00031756 0.000116625 0.475477 0.297498 0.00322008 0.0036073 0.0119286 0.0148357 0.000208402 1.60659e-06 0.125904 0.011241 2.95991e-08 0.0116696 0.0284682 0.00040132 0.00638745 2.79509e-07 0.000439154 
0.00137491 0.00478242 4.9136e-06 0.000209813 0.301913 0.112894 0.214055 0.000101688 0.0459434 0.0179502 0.000179924 1.07111e-05 0.0194057 0.0727022 5.76839e-11 0.0267365 0.176889 5.87553e-05 0.000253754 7.09938e-05 0.00446259 
0.0149124 0.0549347 3.67246e-06 8.53246e-09 0.662745 0.00118183 3.02839e-09 2.1019e-06 0.0668398 0.0639569 1.52261e-08 1.41855e-08 0.0155589 0.114386 2.40457e-08 1.40604e-05 2.1702e-06 3.735e-09 8.69508e-06 2.7163e-06 0.00545116 
6.95429e-06 1.19996e-05 3.97106e-06 1.37918e-09 0.427876 6.54837e-05 1.62322e-05 3.47514e-06 0.0420058 0.0656173 2.46114e-09 0.000537027 0.0421643 3.99351e-06 3.88673e-09 0.25772 0.162521 6.03723e-10 0.000189979 2.41324e-06 0.001254 
0.0944348 0.0221178 1.01502e-05 0.0288255 0.567078 0.00366985 0.00857265 0.0170127 0.0571044 0.0452202 0.0414735 6.63169e-06 0.0122539 0.0528013 0.000138609 0.0310366 0.0164793 1.21557e-06 0.000348193 0.000928046 0.000486065 
0.0300002 0.000226033 5.5988e-10 3.24115e-10 0.927673 8.45129e-05 0.00157527 9.20234e-08 0.00167816 0.00115489 1.4823e-07 1.89685e-07 0.00145691 0.0319902 9.13404e-10 1.99418e-06 0.00126739 6.28507e-05 0.00124776 7.469e-05 0.00150531 
0.0545252 0.190408 0.0023384 0.000704424 0.450285 0.0463694 0.0092017 0.0627239 0.0291933 0.00297529 4.90868e-06 2.77732e-06 0.0139219 0.00496148 6.90403e-08 0.0102146 0.112495 3.62249e-05 0.000399293 6.44185e-05 0.0091753 
0.0202182 0.0698867 0.000104112 0.00215264 0.179484 0.0282503 0.056577 0.00653301 0.0954861 0.0663347 0.00508375 0.00214155 0.0345401 0.134135 0.000136548 0.117463 0.167038 0.00234284 0.00257612 0.00297952 0.00653656 
0.0300002 0.000226033 5.5988e-10 3.24115e-10 0.927673 8.45129e-05 0.00157527 9.20234e-08 0.00167816 0.00115489 1.4823e-07 1.89685e-07 0.00145691 0.0319902 9.13404e-10 1.99418e-06 0.00126739 6.28507e-05 0.00124776 7.469e-05 0.00150531 
2.00825e-06 2.43437e-10 2.56888e-09 1.04247e-06 0.365457 0.139794 6.33911e-07 6.968e-07 0.208028 0.0377918 3.34402e-05 2.47241e-09 0.081623 0.151698 4.19095e-09 2.0585e-06 4.54333e-06 3.2614e-07 2.87849e-05 2.66789e-09 0.0155341 
0.0781075 0.0511204 0.0454082 0.00149237 0.295076 0.139266 0.0592667 0.000500869 0.0762131 0.0660392 0.00485684 4.43984e-06 0.060689 0.0685097 5.43906e-06 0.00642467 0.0419938 6.97327e-05 0.00207063 0.000179516 0.00270611 
0.00484823 0.031968 1.01673e-05 0.00577256 0.46125 0.00723686 0.0144922 0.0125154 0.101342 0.117959 0.00582042 0.000236308 0.0462845 0.0266574 0.00346962 0.112517 0.0139176 7.84108e-05 0.000499166 0.027566 0.00555976 
2.09931e-05 4.24985e-05 0.00171532 2.32776e-05 0.978528 0.000132456 0.00321959 3.11996e-05 0.00348943 0.00692374 0.000145718 1.09207e-05 0.00121798 0.000276875 7.47556e-05 0.00118778 0.00113036 7.60426e-07 0.000311061 7.64301e-05 0.00144125 
0.0300002 0.000226033 5.5988e-10 3.24115e-10 0.927673 8.45129e-05 0.00157527 9.20234e-08 0.00167816 0.00115489 1.4823e-07 1.89685e-07 0.00145691 0.0319902 9.13404e-10 1.99418e-06 0.00126739 6.28507e-05 0.00124776 7.469e-05 0.00150531 
1.78959e-05 0.0134228 1.22981e-07 6.94484e-05 0.631173 2.40878e-05 3.81334e-05 4.66935e-05 0.269947 0.0338294 7.57044e-05 1.74122e-06 0.0270266 0.000951984 2.95151e-06 5.13123e-05 2.44962e-05 3.11644e-08 4.57468e-06 1.27721e-07 0.0232919 
0.0311449 0.0383909 0.00159796 0.000290823 0.301977 0.078887 0.0590376 0.000324798 0.0159385 0.153459 6.71556e-05 9.64099e-07 0.0808803 0.0146027 0.00467366 0.0405435 0.114154 0.0435771 0.000443877 5.67362e-05 0.0199521 
0.0300002 0.000226033 5.5988e-10 3.24115e-10 0.927673 8.45129e-05 0.00157527 9.20234e-08 0.00167816 0.00115489 1.4823e-07 1.89685e-07 0.00145691 0.0319902 9.13404e-10 1.99418e-06 0.00126739 6.28507e-05 0.00124776 7.469e-05 0.00150531 
0.172377 0.119314 1.02345e-06 1.25604e-05 0.270485 0.0519997 0.0356212 0.0075636 0.026912 0.0208374 3.16722e-05 7.8177e-07 0.0621069 0.00361253 0.000410238 0.00177552 0.166497 9.62594e-05 0.051043 0.00372797 0.0055743 
0.00239619 0.0454691 4.96281e-09 4.84604e-06 0.402467 0.0404201 0.098978 0.000727676 0.0504882 0.00220639 8.35261e-05 9.88047e-10 0.0643225 2.7547e-05 5.52547e-12 0.00508746 0.286703 3.40961e-07 1.27282e-05 5.08702e-08 0.000605014 
0.0273016 0.0493695 0.000923148 0.00183845 0.286417 0.0305517 0.0137082 0.000201172 0.014996 0.0532395 0.000526674 1.72371e-07 0.232694 0.0320242 1.95518e-06 0.0133624 0.0693085 8.42709e-05 0.00318526 0.00173079 0.168535 
0.00543142 0.195873 3.28678e-08 0.000966068 0.429258 0.033695 0.0247063 0.016488 0.0427786 0.0131839 0.0225177 1.41335e-10 0.0354907 0.000837886 2.26027e-05 0.0541912 0.124357 8.22776e-07 0.00020122 1.52509e-10 1.36109e-07 
0.00957672 0.0220775 1.12679e-06 3.47777e-06 0.305686 0.00670572 0.00401014 0.00994869 0.0122013 0.0502304 0.0001683 7.27188e-09 0.161274 0.0137063 8.51039e-11 0.232355 0.122146 7.75509e-06 0.0091826 0.000181042 0.0405374 
0.00214546 0.013747 0.000133534 0.000216188 0.464799 0.0771899 0.0524148 0.00167773 0.0600487 0.0906698 0.00498313 0.000614713 0.0583455 0.023997 0.00164372 0.109063 0.0276463 0.000891731 0.00352401 0.00200044 0.00424803 
0.000988127 0.0242763 1.36004e-06 3.54647e-05 0.616337 0.00431755 0.0694109 0.00152232 0.00790872 0.0360454 5.88679e-05 3.87245e-07 0.037317 0.000396631 2.72021e-08 0.00892176 0.19123 3.0415e-06 4.40168e-05 3.08617e-05 0.00115471 
0.0299812 0.0591525 0.00447244 0.00064583 0.587744 0.0564327 0.00539708 0.0213034 0.0587192 0.0223911 1.95553e-06 8.71972e-07 0.0329967 0.0161266 1.36707e-06 0.00290235 0.0973007 3.28888e-05 4.02034e-05 1.29423e-05 0.0043439 
0.03608 0.0658642 1.83147e-05 0.000106651 0.263264 0.05315 0.0842287 0.0235041 0.0275834 0.0173826 1.0251e-05 0.000139171 0.059351 0.202145 2.11413e-06 0.0101458 0.0929207 0.000324959 0.0162215 1.43181e-09 0.0475579 
0.0170601 0.0700654 0.000455029 0.00369635 0.247394 0.10268 0.0244624 0.00603553 0.0247591 0.0455098 0.000612353 6.82755e-06 0.208277 0.00212794 3.59168e-06 0.0110891 0.222033 0.00354935 0.000213616 4.66163e-05 0.00992306 
2.00825e-06 2.43437e-10 2.56888e-09 1.04247e-06 0.365457 0.139794 6.33911e-07 6.968e-07 0.208028 0.0377918 3.34402e-05 2.47241e-09 0.081623 0.151698 4.19095e-09 2.0585e-06 4.54333e-06 3.2614e-07 2.87849e-05 2.66789e-09 0.0155341 
0.00397507 1.7435e-05 4.20554e-06 1.21192e-06 0.989031 1.16737e-06 1.96886e-09 1.39361e-06 0.00425392 1.83168e-06 2.94813e-06 9.22253e-09 0.00128057 0.00087755 0.000537908 9.11224e-06 1.2342e-06 2.42826e-09 7.50806e-09 9.95169e-09 3.7557e-06 
0.0300002 0.000226033 5.5988e-10 3.24115e-10 0.927673 8.45129e-05 0.00157527 9.20234e-08 0.00167816 0.00115489 1.4823e-07 1.89685e-07 0.00145691 0.0319902 9.13404e-10 1.99418e-06 0.00126739 6.28507e-05 0.00124776 7.469e-05 0.00150531 
0.00804423 0.00332339 5.27441e-05 0.000226878 0.271616 0.000663938 0.00146242 0.00365269 0.0244716 0.074678 7.30119e-08 2.63327e-08 0.238308 0.0445107 2.87846e-09 0.215259 0.0920644 0.000627581 0.00268351 1.07916e-05 0.0183444 
0.00471098 0.0166238 4.57871e-05 0.000573129 0.374118 0.0295102 0.0119567 0.000317498 0.00331395 0.185944 0.00116183 9.24044e-10 0.289131 0.000323272 0.00371283 0.0358967 0.0377586 0.00177751 8.62986e-05 8.17658e-06 0.00302978 
0.00174428 0.00741995 0.000102611 3.4168e-05 0.578237 0.000936776 0.00062347 0.000176176 0.00319786 0.00285635 0.000250311 1.38498e-10 0.0416202 0.000112267 2.30978e-06 0.327038 0.0303727 5.92307e-07 0.00400552 8.76222e-06 0.00126073 
0.0005001 0.0374014 1.20091e-11 6.95209e-12 0.88094 0.0132976 0.00342473 0.0027184 0.00947961 2.39864e-08 2.71565e-05 1.15581e-11 0.00743173 3.83107e-08 1.9592e-11 2.0885e-08 0.0447794 3.3821e-09 9.40946e-12 1.24719e-11 5.67151e-08 
0.213693 0.00813225 7.23474e-05 3.19528e-06 0.321991 0.011382 0.00302065 0.00167299 0.160617 0.022063 1.66669e-07 2.2988e-07 0.125397 0.0131875 5.83641e-07 0.101566 0.0146243 0.00234196 1.30854e-06 2.93308e-07 0.000233605 
0.00388954 0.00712466 0.000103565 0.000130094 0.421094 0.0691498 0.0497915 0.000367602 0.175373 0.00729651 0.000730135 2.69934e-07 0.152107 0.000216411 1.12785e-08 0.00890183 0.100619 0.00290112 3.82546e-05 1.57168e-05 0.000150384 
0.0107848 0.0811564 5.74639e-05 0.000208107 0.302968 0.213732 0.0820526 0.0063787 0.0928457 0.00137431 0.000741837 5.27803e-06 0.0750566 0.0110387 2.71532e-07 0.0136333 0.0708848 0.00334826 0.000331146 0.000710144 0.0326912 
0.0102169 0.0477082 7.49347e-06 0.0044451 0.763734 0.000995585 0.038088 3.18194e-05 0.020855 0.00256663 8.0603e-07 3.0044e-06 0.0237193 0.0446912 6.34702e-09 0.00772673 0.0185279 0.00416214 6.94653e-07 2.04355e-05 0.0124985 
0.000819928 0.000826541 5.40197e-07 2.32292e-05 0.894878 0.0195303 0.0044244 9.79549e-07 0.00118726 0.0289531 7.70334e-06 7.06129e-07 0.00239159 0.000359052 1.01041e-09 0.0060742 0.0405219 1.27914e-07 3.54932e-07 3.68564e-07 1.81378e-07 
3.47437e-06 6.48231e-05 2.13733e-06 1.24232e-08 0.831056 1.5049e-06 0.00195433 3.42208e-09 4.84628e-06 0.00885272 0.000109195 2.06541e-08 0.0309661 1.34952e-07 5.78314e-06 0.126951 1.30625e-06 4.76364e-07 1.85338e-05 2.22871e-08 7.65131e-06 
0.0204821 3.86638e-10 4.08002e-09 2.36193e-09 0.352171 0.0770944 8.38308e-10 4.34066e-07 0.18861 0.0195349 0.293424 3.9268e-09 0.00135553 0.0245891 6.65626e-09 8.02463e-06 0.0224345 1.95251e-06 0.000290032 2.98929e-06 1.36992e-09 
0.0399858 0.056022 0.000176863 0.000111675 0.388787 0.00107646 0.0242132 0.000238095 0.0267951 0.121795 0.00730574 2.2786e-05 0.0142678 0.00535047 1.2321e-06 0.101043 0.01407 0.105622 0.0011936 5.1363e-09 0.0919211 
0.0300803 0.10596 7.72612e-08 1.11538e-10 0.397924 0.133508 1.46514e-05 0.0140207 0.247658 6.38285e-07 1.0191e-05 3.71057e-07 0.0630904 4.77856e-11 3.1433e-10 0.00773223 1.34682e-11 4.88246e-11 1.50963e-10 2.00097e-10 4.14092e-07 
0.00345345 0.0157576 0.00229345 9.64192e-08 0.405201 0.0659074 9.53025e-06 0.000417067 0.0179039 0.276939 0.00568852 1.14893e-06 0.0721078 0.0566335 0.00183914 0.0352646 0.0238743 3.53025e-05 1.30501e-07 2.2116e-05 0.0166509 
0.0236389 0.0453814 5.40485e-05 0.0461637 0.371799 0.187415 0.00603927 0.000355318 0.0532055 0.0278056 0.00243495 2.35094e-05 0.065727 0.0166118 4.85396e-06 0.0023425 0.00983334 0.0870459 0.00184984 0.00160776 0.0506605 
0.00656246 0.00662699 0.00117811 0.00493721 0.953375 0.0024154 0.00257006 6.47586e-08 0.00183413 0.00328619 4.19525e-07 3.90854e-07 0.00628551 0.00793689 6.62531e-07 0.00020614 2.83877e-08 0.000442618 0.001114 4.21756e-07 0.00122733 
0.00895573 0.11251 0.000476635 0.000316275 0.566153 0.00472963 0.00990804 9.02082e-05 0.0294478 0.183226 3.36474e-07 0.00014194 0.0195483 0.0304341 5.31373e-07 0.00425818 0.0110309 0.0001777 0.000928707 0.00136527 0.0163008 
0.0229687 0.042506 8.75984e-05 2.01764e-06 0.339561 0.00432038 0.0364723 0.00567607 0.209601 0.0572265 5.92836e-05 1.46888e-06 0.0868657 0.00853019 1.25917e-06 0.0180565 0.144081 7.6983e-05 0.000206215 0.000390674 0.0233084 
0.0058636 0.0784073 8.98645e-05 5.84764e-05 0.440656 0.00383168 0.104071 0.00616846 0.0351456 0.00906127 0.000205505 1.64284e-08 0.0544729 0.000292881 0.00849863 0.00264271 0.247421 2.3292e-06 6.40764e-05 4.13397e-05 0.00300589 
0.0302436 0.0261773 9.95558e-05 3.64658e-06 0.190854 0.0372459 0.0597188 0.0431126 0.0593298 0.159442 0.0168599 5.82827e-06 0.118171 0.0135527 0.000328755 0.12722 0.0978893 7.96707e-05 0.00227523 0.0011008 0.0162895 
0.00371497 0.0174778 0.000438371 0.000181655 0.509588 0.000177844 0.0357744 6.47604e-05 0.0113726 0.0783219 0.0645309 0.000541039 0.14965 0.0324806 7.4903e-07 0.071829 0.0231138 3.43231e-05 1.19945e-06 6.93811e-09 0.000705582 
0.0271952 0.273108 2.53704e-06 6.3539e-06 0.488275 0.00364766 0.00405639 0.00206725 0.0467729 0.0316305 1.07457e-07 2.12505e-07 0.0630435 0.0454194 0.000172562 8.39904e-05 0.0114069 9.02131e-05 9.55633e-05 0.0018675 0.00105805 
0.000158661 0.00508805 3.05101e-11 1.76623e-11 0.985729 0.00184946 6.26881e-12 8.64162e-06 0.0047955 1.12691e-08 5.36127e-08 2.93643e-11 0.00237049 7.567e-12 2.987e-07 8.14678e-12 1.13056e-08 7.73152e-12 2.39055e-11 3.16859e-11 1.02441e-11 
0.0104066 0.0863423 0.000671504 0.000213746 0.266972 0.230455 0.096126 0.00392553 0.0249973 0.0720857 0.000121393 4.44953e-05 0.0236904 0.00482393 1.96663e-06 0.0125795 0.144677 0.0055601 0.000653417 0.00506035 0.0105916 
0.015976 0.123128 1.57802e-06 0.00014026 0.583453 0.0686664 0.00993275 0.00174568 0.0503933 0.00106336 0.000438727 6.35708e-11 0.0517182 0.0027282 2.20288e-05 0.000290716 0.076419 3.27766e-09 0.000552872 0.000526466 0.0128032 
0.000955985 0.00404578 5.77256e-08 1.53581e-10 0.866232 0.0434014 0.000263933 0.000663747 0.0664004 0.00162353 0.00224215 2.55335e-10 0.00156911 0.0022114 4.32814e-10 7.08396e-11 0.006971 1.77756e-08 0.00060354 0.000739678 0.00207662 
0.0152152 0.172775 1.41653e-05 6.17225e-05 0.229002 0.227034 6.50014e-07 0.0590919 0.210828 0.000792187 0.000526321 1.18997e-05 0.0477788 0.00108242 8.52084e-08 0.00301005 0.0287128 8.56854e-05 0.00183108 7.32479e-11 0.00214594 
0.0600271 0.317912 0.000115832 0.0017581 0.329183 0.0571699 0.0116321 0.0207389 0.0814013 0.00790722 0.000127954 1.56768e-06 0.0629986 0.00776902 0.000133735 0.0133886 0.0157784 6.92502e-06 0.000213172 0.000479545 0.0112572 
0.0237114 0.0373769 0.00315181 0.0110713 0.207992 0.0586106 0.0831658 0.0109134 0.0572013 0.09583 0.0109939 6.50808e-05 0.0775904 0.0513666 7.24209e-06 0.153774 0.0710589 0.00298846 0.00498307 0.0108917 0.0272563 
0.0306809 0.0936007 0.000497 0.0355133 0.30283 0.105481 0.00899223 0.00375102 0.0345226 0.0435703 0.00790482 4.54305e-05 0.0225661 0.059336 9.05345e-09 0.00287393 0.0591356 0.0163605 0.103375 0.00165494 0.0673088 
0.0103861 0.0145691 1.76623e-09 1.71072e-06 0.295531 0.0155401 0.177418 3.85829e-05 0.087167 0.011629 3.39493e-06 5.32996e-07 0.014339 0.197201 2.88148e-09 0.000465735 0.156742 2.46948e-06 5.19172e-06 1.8343e-09 0.0189604 
0.0107829 0.00110479 3.01723e-07 8.35762e-05 0.824545 1.75154e-05 6.19941e-08 4.81137e-08 0.0252845 0.0179375 3.11694e-07 2.90392e-07 0.088761 0.0144704 4.9224e-07 0.00394161 0.00331483 7.64593e-08 0.00536703 0.00267057 0.00171768 
0.00913454 0.0101159 0.000427018 5.14872e-05 0.279166 0.0427029 0.00982789 0.0685099 0.105753 0.0347923 5.48924e-09 6.88911e-07 0.141463 0.00254867 2.14273e-05 0.00576001 0.265918 0.0110369 1.55978e-08 1.90501e-09 0.0127704 
0.235826 0.148711 0.000244343 2.71535e-05 0.287693 0.0244724 0.0170813 0.00100607 0.201147 0.00600053 0.000325693 2.5391e-09 0.0618122 8.37751e-05 2.63574e-07 0.013021 0.00193884 5.91786e-06 2.17236e-08 5.442e-11 0.000603931 
0.0151791 0.0709461 9.26192e-08 5.94408e-05 0.360419 0.046747 0.128283 0.0135856 0.0851094 6.02654e-05 1.80712e-06 1.5046e-08 0.0543386 8.55528e-07 2.55043e-08 0.094724 0.126127 1.62631e-07 2.26524e-07 0.00284248 0.00157639 
0.0137697 0.102246 7.66808e-06 5.32492e-07 0.847817 0.00268172 0.0112279 0.000208602 0.00817403 0.000251059 4.74152e-06 2.14754e-11 0.00891541 5.53407e-12 3.64026e-11 0.000162531 0.00453144 5.65439e-12 1.74831e-11 1.95856e-06 7.49197e-12 
9.55526e-05 0.00018868 3.12008e-07 2.46906e-06 0.759002 0.000471667 6.15487e-07 6.48381e-08 0.000590977 0.0139462 3.63337e-06 1.85328e-09 0.0532985 9.42152e-07 3.14146e-09 0.169688 0.000134575 9.15599e-07 0.000649209 1.9998e-09 0.00192574 
0.0264956 0.195215 0.00469173 0.0366995 0.278339 0.0169565 0.0389315 0.0211677 0.239016 0.00540637 1.52369e-09 3.16097e-07 0.0190045 0.00242478 2.40627e-09 0.00322112 0.108651 8.49852e-05 0.000105814 1.95262e-07 0.00358877 
0.267592 0.00743144 0.000240126 0.00014081 0.284399 0.034922 0.000643995 0.00408178 0.0307334 0.011784 2.50531e-05 3.50948e-07 0.129948 0.153589 2.39646e-05 0.00447816 0.0474602 0.0137807 0.000736314 4.15292e-05 0.0079486 
0.0180352 0.0170159 0.000360341 9.18113e-05 0.581114 0.0125591 0.0139819 0.000214613 0.00427241 0.0357071 5.70434e-07 1.80945e-07 0.271232 0.000529228 6.93875e-07 0.0029931 0.0252444 1.60744e-07 3.21242e-05 2.80894e-07 0.0166149 
0.0467751 0.0124664 8.97448e-07 3.28973e-05 0.376253 0.340455 0.00380684 0.000682108 0.00401902 0.0351701 0.0183357 1.09325e-08 0.111213 0.00208657 1.85315e-08 0.0297165 0.0123035 4.69704e-05 0.000185518 0.0029917 0.00345946 
0.0109438 0.093424 1.80802e-05 7.48754e-07 0.518577 0.0206507 9.80697e-05 0.133982 0.039834 0.038292 0.000258208 1.24483e-06 0.134632 3.20785e-07 2.1101e-06 0.00125558 0.000642122 3.2776e-07 1.2507e-05 0.000130244 0.00724548 
0.0119395 0.0289657 0.000129346 0.00773466 0.697607 0.111156 0.0103762 0.00928531 0.00851587 0.00636438 0.0078368 8.29868e-06 0.0101164 0.00669874 2.56843e-06 0.00201046 0.0704005 0.00371239 3.27142e-05 9.37017e-05 0.00701349 
0.0517179 0.0489666 1.68438e-05 0.000509222 0.215607 0.0102563 0.00736698 0.0215365 0.0750623 0.123963 0.000234439 8.11167e-06 0.15631 0.0151915 0.000111091 0.0225075 0.192833 0.0117664 1.54855e-05 0.00105346 0.0449651 
0.0695716 0.0159922 0.0129935 2.44078e-07 0.604796 0.00640813 0.00255343 0.00994105 0.0108834 0.0285619 0.000385806 5.25795e-06 0.0399889 0.00694969 0.00356504 0.00197212 0.0544123 0.0754056 0.00613022 0.000233161 0.0492507 
0.104357 0.0807513 3.00375e-05 5.51982e-05 0.371593 0.0248662 0.0547168 0.0157441 0.0515856 0.013216 0.000393908 8.28535e-08 0.0649568 0.00173203 0.0600174 0.0381361 0.0648448 0.0214203 0.0143574 0.00274299 0.014483 
0.00593498 0.0658145 0.00015315 0.000456248 0.440048 0.0164298 0.0152623 0.00479356 0.0356287 0.189981 0.0670826 2.98333e-05 0.0712534 0.000667455 2.56919e-05 0.0356424 0.0470988 0.000124691 0.00030929 0.00116316 0.00209986 
0.0100908 0.0272338 0.000155822 0.000135981 0.548313 0.249633 0.00219783 0.0016867 0.0414278 0.00549867 5.57061e-07 5.16581e-07 0.0304861 0.00473653 3.4612e-07 0.00560615 0.0695794 0.00223004 0.000230208 1.70666e-07 0.000757082 
0.0173731 0.040589 0.000458018 0.000839593 0.48661 0.019154 0.0403413 0.00069035 0.0617808 0.095717 0.00235009 0.00595122 0.0931811 0.013627 0.00725017 0.0636342 0.0250231 9.4105e-05 0.00300414 0.00436548 0.0179661 
0.265493 0.0315677 0.000246239 6.34648e-05 0.284873 0.0416031 0.000490631 0.000273052 0.0205037 0.219795 1.07323e-05 1.52093e-07 0.00567727 0.087353 3.32844e-06 0.00140934 0.00190862 0.0103365 0.000276069 2.16197e-08 0.0281162 
0.0250485 5.07466e-05 3.11567e-06 1.48119e-06 0.56666 0.00108782 0.000689398 0.00135041 0.00136093 0.237788 1.96309e-06 1.71801e-07 0.133604 0.000254457 8.68557e-06 0.00231844 0.0230773 2.33975e-06 1.90646e-05 2.76069e-08 0.00667289 
0.00069901 0.019335 3.5074e-05 3.38576e-05 0.386037 0.0316261 0.0339866 0.00918274 0.0363669 0.144542 0.00236724 2.28205e-05 0.0462232 0.0130504 2.18575e-06 0.239558 0.0271238 1.46474e-05 8.81758e-05 0.00592096 0.00378525 
0.0145837 0.00790337 0.000113627 0.000271343 0.506616 0.0338449 0.0352731 0.00918453 0.00731997 0.0520955 0.000918111 3.81016e-05 0.0182512 0.0111344 0.000144204 0.278963 0.019058 7.35805e-05 0.00219466 1.00087e-06 0.00201755 
0.0721001 0.0101297 0.00416225 5.58465e-06 0.408733 0.0405317 0.099553 0.00508669 0.0187097 0.0435631 0.00028046 9.78002e-05 0.0544585 0.00610709 1.03569e-05 0.00405546 0.131825 0.0466978 0.00594154 0.00117173 0.0467798 
0.00974852 0.0804262 4.32667e-05 0.000586123 0.846982 0.00183509 0.00608454 0.000308044 0.0161967 0.0045694 0.000136491 3.46428e-08 0.0168902 0.000291208 8.10203e-08 0.000487729 0.0115376 6.66697e-12 1.77511e-05 0.0038075 5.18437e-05 
0.0204821 3.86638e-10 4.08002e-09 2.36193e-09 0.352171 0.0770944 8.38308e-10 4.34066e-07 0.18861 0.0195349 0.293424 3.9268e-09 0.00135553 0.0245891 6.65626e-09 8.02463e-06 0.0224345 1.95251e-06 0.000290032 2.98929e-06 1.36992e-09 
0.0139673 0.0536171 0.00830704 0.000838188 0.387456 0.0197539 0.0247621 0.0114512 0.173615 0.0707368 7.84199e-07 1.62941e-05 0.109949 0.0171414 6.28251e-07 0.0059143 0.00460304 0.000231671 0.000124008 0.00104667 0.0964676 
0.0297177 0.0256532 0.00234929 0.0139847 0.469001 0.034734 0.180223 0.000671603 0.0229094 0.0177828 3.40243e-05 0.0540449 0.0125298 0.0462296 2.33804e-05 0.000524676 0.0787165 0.000843899 0.00329618 0.0030112 0.00371936 
0.0055955 0.204923 6.13037e-06 0.000591088 0.526358 0.0505644 0.00453095 0.0128649 0.0606707 0.000536623 0.00312581 3.05465e-10 0.0313737 0.0109689 0.00093174 0.000567145 0.0856401 7.67667e-07 0.000748648 1.53016e-06 4.6041e-07 
0.0137697 0.102246 7.66808e-06 5.32492e-07 0.847817 0.00268172 0.0112279 0.000208602 0.00817403 0.000251059 4.74152e-06 2.14754e-11 0.00891541 5.53407e-12 3.64026e-11 0.000162531 0.00453144 5.65439e-12 1.74831e-11 1.95856e-06 7.49197e-12 
0.00098584 0.0349254 0.000620511 0.000105718 0.33504 0.0212258 0.0312664 0.00179286 0.0383752 0.0745005 0.000503433 1.83225e-08 0.243534 0.000431667 2.80168e-10 0.00674519 0.206882 1.181e-08 2.24266e-06 3.72316e-06 0.00305966 
0.0141253 0.0614333 8.35257e-08 3.69605e-08 0.455869 0.115258 0.0191823 0.000278047 0.0221862 0.103092 1.33478e-06 4.70014e-08 0.136309 0.00142362 0.000744882 0.00482427 0.0263016 1.50387e-07 6.32593e-11 8.38482e-11 0.0389711 
9.80663e-07 0.000562338 4.26631e-06 2.46977e-06 0.992752 0.000581287 8.76585e-07 6.80318e-07 7.24349e-07 0.00457985 4.4073e-06 4.10609e-06 5.79224e-07 0.000942301 6.96018e-06 1.13919e-06 2.98226e-07 0.00054546 3.34277e-06 4.43073e-06 1.43247e-06 
0.164618 0.00246117 5.50449e-06 8.671e-06 0.639428 0.013734 8.59812e-05 6.30233e-06 0.01723 0.0742273 3.02406e-05 3.98406e-07 0.0157938 5.6833e-05 2.89873e-05 0.0265782 0.00748623 1.41161e-05 1.74418e-05 0.0347303 0.00345875 
0.0285647 0.0274485 0.000559756 0.000634407 0.622241 0.00236919 0.0481482 0.00543158 0.0520008 0.0301956 0.0025589 0.0166455 0.0438195 0.0512068 0.0113177 0.0111973 0.0159386 8.05427e-05 1.63381e-05 0.000301009 0.029324 
0.0472896 4.09526e-05 0.141985 0.0190935 0.784971 0.00364557 7.20302e-07 7.13053e-06 7.51219e-05 5.81415e-05 3.62153e-06 3.37403e-06 0.000150354 0.000600238 0.000305011 0.0013292 6.72212e-05 8.88371e-07 0.000232441 3.4767e-05 0.000106421 
2.7994e-09 1.15409e-09 1.82159e-05 2.95802e-05 0.390748 2.98409e-06 2.5023e-09 1.94204e-09 0.00622623 0.0277514 1.33411e-05 2.25863e-06 0.0276986 0.00491246 0.390178 0.000198944 8.51315e-10 0.00594925 0.0874805 3.19487e-06 0.0587872 
0.00683822 0.00317446 1.58858e-07 2.88544e-05 0.475771 0.00253219 0.00491983 1.93754e-05 0.42947 0.00863901 3.05485e-05 8.40624e-07 0.0142692 0.00254386 9.00562e-06 0.000779385 0.00201037 4.2275e-06 0.000356674 1.6498e-07 0.0486035 
0.0769212 0.03685 0.000147795 2.63104e-05 0.478759 0.0128472 0.163265 0.000715567 0.0528824 0.0448832 5.29122e-05 0.0745188 0.0432032 0.000142821 5.13529e-06 0.013183 0.00117574 2.38296e-05 8.04681e-05 0.000192951 0.000123201 
0.0676028 0.159514 0.00012401 0.000369021 0.406397 0.0119184 0.000202625 0.000946199 0.0446488 0.135716 0.000514292 1.12024e-07 0.0459836 0.0857669 4.43084e-05 0.00881468 0.0234097 0.000163565 0.00113517 2.06188e-05 0.00670756 
0.0108617 0.0830686 0.00049679 0.000205357 0.388903 0.0228249 0.0251468 0.00683576 0.0866152 0.00361348 0.000414953 3.24633e-08 0.238748 0.00589342 0.0238266 0.00367403 0.0966378 8.62918e-06 1.2763e-09 2.15597e-06 0.00222286 
0.0490055 0.0364803 0.00721788 0.000333007 0.647276 6.63603e-07 1.37065e-07 0.000195376 0.0222091 0.00270833 2.1435e-12 9.58767e-09 0.126333 0.000540125 1.08357e-08 0.00885117 0.0896175 6.24248e-06 0.00107102 4.52744e-09 0.00815402 
0.0447888 0.0289891 2.05026e-07 1.1869e-07 0.416419 0.0300448 0.00249809 0.000163067 0.0372943 0.125004 0.000174243 1.97327e-07 0.177094 0.019165 0.062142 0.000113926 0.0512326 4.99292e-05 0.00133672 2.12928e-07 0.00349026 
0.0119339 0.199662 0.000744118 0.00106632 0.445028 0.0298843 0.0469774 0.00615533 0.0763288 0.0157345 0.0056325 0.00124273 0.0459343 0.010691 0.0570715 0.00590325 0.0286048 0.000611389 0.000760264 0.009299 0.000734421 
0.0300002 0.000226033 5.5988e-10 3.24115e-10 0.927673 8.45129e-05 0.00157527 9.20234e-08 0.00167816 0.00115489 1.4823e-07 1.89685e-07 0.00145691 0.0319902 9.13404e-10 1.99418e-06 0.00126739 6.28507e-05 0.00124776 7.469e-05 0.00150531 
0.0866004 0.0571251 0.000411447 8.51468e-05 0.363809 0.0527822 0.0322276 0.00069024 0.0212841 0.0812878 0.127877 8.09121e-06 0.0412581 0.0519615 4.36315e-05 0.0430971 0.0287745 0.000374253 0.00153014 0.00435389 0.00441945 
0.00683822 0.00317446 1.58858e-07 2.88544e-05 0.475771 0.00253219 0.00491983 1.93754e-05 0.42947 0.00863901 3.05485e-05 8.40624e-07 0.0142692 0.00254386 9.00562e-06 0.000779385 0.00201037 4.2275e-06 0.000356674 1.6498e-07 0.0486035 
0.00369472 0.0174419 1.02802e-05 5.38752e-06 0.712937 0.00329502 0.000794787 8.2479e-05 0.00270061 0.00560537 3.50145e-06 7.58541e-07 0.0398974 0.000914033 0.000752893 0.0614081 0.000835413 0.149267 6.3947e-05 2.4934e-06 0.000286806 
5.63376e-06 5.99201e-06 4.27584e-08 2.47529e-08 0.994337 2.02803e-06 2.39023e-05 1.93776e-05 2.69801e-06 1.29298e-06 1.35224e-06 4.11526e-08 1.13986e-06 3.1409e-06 1.26922e-06 0.00540933 0.000180263 4.63002e-06 3.35023e-08 1.71666e-07 2.74931e-07 
0.0300002 0.000226033 5.5988e-10 3.24115e-10 0.927673 8.45129e-05 0.00157527 9.20234e-08 0.00167816 0.00115489 1.4823e-07 1.89685e-07 0.00145691 0.0319902 9.13404e-10 1.99418e-06 0.00126739 6.28507e-05 0.00124776 7.469e-05 0.00150531 
0.0122255 0.12963 7.18729e-06 0.000126572 0.689737 0.00461964 0.00359997 0.00127014 0.0390081 0.00673697 0.000902545 2.43405e-05 0.0609959 0.0224642 0.000214661 0.0131 0.00936851 7.21346e-05 0.00267427 0.000228827 0.00299316 
0.0187853 0.0402443 0.00011669 2.97294e-05 0.607325 0.0257268 0.0323306 6.63145e-05 0.0182664 0.0441134 6.84506e-06 1.32811e-07 0.176649 0.00161051 1.95727e-05 0.00584758 0.0195174 1.07835e-07 1.09409e-05 1.97004e-07 0.00933303 
0.0289505 0.0138952 0.00126146 0.000742844 0.601747 0.0182817 0.0640081 0.000113624 0.0154958 0.11512 0.000667275 7.76123e-05 0.0577537 0.00693704 1.5021e-05 0.0328578 0.0257631 2.08412e-05 0.000474891 0.000311886 0.0155046 
0.0300002 0.000226033 5.5988e-10 3.24115e-10 0.927673 8.45129e-05 0.00157527 9.20234e-08 0.00167816 0.00115489 1.4823e-07 1.89685e-07 0.00145691 0.0319902 9.13404e-10 1.99418e-06 0.00126739 6.28507e-05 0.00124776 7.469e-05 0.00150531 
0.0300002 0.000226033 5.5988e-10 3.24115e-10 0.927673 8.45129e-05 0.00157527 9.20234e-08 0.00167816 0.00115489 1.4823e-07 1.89685e-07 0.00145691 0.0319902 9.13404e-10 1.99418e-06 0.00126739 6.28507e-05 0.00124776 7.469e-05 0.00150531 
0.01579 0.0270977 1.7859e-08 2.65287e-06 0.393202 0.0073201 0.0988405 0.00215759 0.0397695 0.0131134 5.24161e-06 1.54559e-08 0.149541 0.00312448 2.15115e-08 0.00917953 0.220385 2.25222e-05 4.99973e-05 3.23051e-05 0.0203672 
0.00786474 0.0529553 0.00011359 1.32505e-05 0.709651 0.0064161 0.0111385 0.0080296 0.0226758 0.0152493 0.00528429 5.03194e-06 0.049627 0.00325588 0.013905 0.0801138 0.00807497 1.0714e-05 0.000100159 0.00221017 0.00330548 
0.046035 0.104346 6.63542e-05 0.0001534 0.336399 0.0383654 0.0478988 0.0190368 0.133033 0.0426206 0.00134641 0.000199315 0.081263 0.0122132 0.000701068 0.00790052 0.098858 0.000123531 0.000794286 0.000708368 0.0279383 
0.0296117 0.00779265 0.00367152 0.00104146 0.631086 0.00707386 0.00452829 0.000170315 0.0108353 0.10217 1.4643e-05 4.30883e-06 0.0818508 0.0480924 0.000412739 0.000945286 0.0114054 0.0325334 0.000406287 0.000161322 0.0261929 
0.000523769 0.000412902 3.76506e-05 0.000194189 0.42766 0.00377152 0.00643531 2.33387e-05 0.101391 0.150287 2.9176e-07 2.71821e-07 0.175399 0.0460878 4.6076e-07 0.00460835 0.0388977 6.50662e-05 0.00428055 0.00207608 0.0378484 
0.000334726 0.00892636 7.23697e-06 3.41438e-06 0.552411 0.0184857 0.103171 0.000114062 0.00273068 0.0878639 0.0342748 2.73235e-05 0.0158086 0.0347369 1.04406e-05 0.0303942 1.64478e-05 0.00577399 0.097459 2.15541e-07 0.00745013 
0.0582577 0.0131966 0.00801228 7.75967e-08 0.593837 0.0062788 0.00297563 0.00865827 0.0123631 0.0280553 8.51041e-05 5.5476e-06 0.0446453 0.00822691 1.93557e-05 0.00219477 0.0632211 0.0874521 0.00540786 0.000255234 0.056852 
0.00121032 0.000299395 2.92508e-07 1.69333e-07 0.97388 0.000582341 6.01007e-08 4.66442e-08 0.00220013 0.00075301 3.02175e-07 2.81523e-07 0.000436882 0.005695 4.77207e-07 0.0126297 2.04471e-08 5.19611e-05 2.29188e-07 3.03782e-07 0.002259 
0.0391841 0.0160968 0.0034862 0.000311323 0.422797 0.0787445 0.0347631 0.00629057 0.0389251 0.061702 0.00106525 1.2486e-07 0.185356 0.00646875 4.80806e-05 0.00783506 0.0223238 0.000113678 1.84351e-05 0.00067294 0.0737964 
0.0135466 0.0655529 2.02935e-05 0.000153026 0.35079 0.0406842 0.00250156 0.046224 0.0512253 0.021817 0.000291875 4.09706e-05 0.0226178 0.216935 4.70552e-05 0.00994417 0.110708 4.22592e-05 0.00083506 0.0016855 0.0443375 
0.00383982 0.00720631 6.19096e-08 0.000435919 0.806637 0.000146044 0.00192127 9.87229e-09 0.0431252 0.102947 0.000287493 1.88417e-05 0.0177538 0.000885682 1.32769e-06 0.00959304 0.000177351 3.10486e-06 7.98627e-06 6.42956e-08 0.00501282 
0.00771881 0.0695492 0.00099552 0.000635567 0.2663 0.126796 0.0886087 0.0317506 0.0474004 0.0309317 0.000259005 1.17285e-05 0.0514803 0.00729473 0.000680554 0.0395721 0.220094 0.00221794 0.00147646 0.000944491 0.00528236 
0.0264956 0.195215 0.00469173 0.0366995 0.278339 0.0169565 0.0389315 0.0211677 0.239016 0.00540637 1.52369e-09 3.16097e-07 0.0190045 0.00242478 2.40627e-09 0.00322112 0.108651 8.49852e-05 0.000105814 1.95262e-07 0.00358877 
0.0094584 0.0251143 0.000925791 0.00337739 0.401367 0.0171398 0.0267704 0.0104085 0.0526362 0.12272 0.000172416 6.98745e-05 0.14053 0.00690181 7.69416e-06 0.0779755 0.0209146 0.0750823 0.00118307 2.62805e-05 0.00721812 
2.34759e-06 0.00156975 1.50677e-05 7.41547e-07 0.667874 0.212243 3.48596e-06 1.98176e-05 0.00768257 0.000645973 4.31716e-06 1.48732e-07 0.1043 2.32333e-06 2.35309e-08 0.00192798 0.00272448 4.90922e-07 1.80825e-06 1.49794e-08 0.000981624 
0.0639588 0.00354135 7.79391e-05 0.0135716 0.628438 0.0703951 0.00137306 0.000109482 0.00661517 0.0269785 2.7396e-05 1.31745e-05 0.00104914 0.0958699 1.49471e-06 0.000425253 0.00254236 0.000891549 0.000836722 0.000673742 0.0826107 
0.0197015 0.0334729 0.000496011 0.00661253 0.568699 0.0114299 0.0311235 0.00210061 0.0459255 0.0292556 0.00426677 0.00685055 0.0440379 0.0947265 0.0255747 0.0258413 0.0278465 0.00943622 0.00144583 0.000585395 0.0105714 
0.000105393 6.72495e-08 0.000107578 4.1082e-07 0.490664 4.43227e-05 1.49815e-05 1.13164e-07 1.20488e-07 0.000200994 7.33106e-07 0.309379 9.63476e-08 0.0953719 1.15775e-06 1.89491e-07 3.5891e-05 0.0398155 0.0636171 7.37004e-07 0.000639676 
0.0289101 0.0572278 0.00429175 0.000619739 0.603072 0.0541732 0.00529416 0.0204427 0.0563588 0.0214864 1.87658e-06 8.462e-07 0.0319561 0.0156205 1.31573e-06 0.00278512 0.0934762 3.1576e-05 3.85819e-05 1.24474e-05 0.00419865 
7.09629e-05 0.00173397 1.53238e-07 4.80958e-05 0.848283 0.00475961 0.00928263 1.74474e-06 0.000520963 0.0607685 8.47086e-06 2.00344e-07 0.00501945 0.000751401 1.16727e-10 0.012746 0.0560047 3.62837e-08 1.00671e-07 1.04514e-07 5.14516e-08 
0.0437585 0.154091 0.000204346 0.00157594 0.378143 0.0310493 0.0294427 7.47822e-08 0.0931769 0.00807716 2.37203e-05 1.34044e-10 0.171452 0.00357318 2.27216e-10 0.00344357 0.0819876 3.5119e-08 1.09125e-10 1.44642e-10 4.13761e-07 
0.0265292 0.0407683 1.30821e-05 0.000196797 0.360784 0.00918011 0.0231062 0.0197222 0.0403315 0.130281 0.00145631 7.02559e-07 0.0922184 0.0163075 0.000227672 0.14243 0.0717811 0.000656757 0.00652309 0.000949251 0.016537 
0.0287587 0.0552815 1.28201e-06 0.000409603 0.604479 0.0109749 0.0128845 1.24073e-06 0.0227064 0.0251702 0.000419902 3.87753e-06 0.00825551 0.0392785 1.48028e-08 5.18595e-05 0.00580711 4.24102e-06 0.000134602 5.52933e-06 0.185372 
0.00771029 0.0566161 0.000331879 0.0002566 0.445672 1.46215e-13 0.00261893 0.000885134 0.12797 0.111462 0.000269275 1.38818e-06 0.135219 0.0126329 3.28561e-06 0.00410738 0.0903939 3.0152e-13 0.000767969 0.000835404 0.0022473 
0.000244988 8.81401e-11 9.30104e-10 5.38438e-10 0.934144 1.44023e-06 1.91105e-10 1.48317e-10 2.21099e-06 1.59956e-06 9.6084e-10 9.04126e-08 2.05845e-06 0.0655867 1.5174e-09 1.05553e-05 7.41255e-07 2.35696e-10 7.28761e-10 5.80536e-07 5.12193e-06 
0.0406161 0.0100864 0.000137446 0.000115984 0.410208 0.0214822 8.87892e-06 2.34478e-05 0.111694 0.0211408 2.75036e-07 7.37774e-07 0.0529528 0.11325 5.94116e-05 0.0500821 7.72913e-05 0.000500394 0.00030146 2.77799e-05 0.167235 
0.0247096 0.0139552 1.59137e-05 0.104806 0.338406 0.0793147 5.54859e-05 0.0123826 0.0125075 0.00628842 6.5611e-08 6.1127e-08 0.0484177 0.332963 1.03616e-07 0.000185953 0.0151221 0.000394568 0.00533655 5.35438e-06 0.005133 
0.0642583 0.0211564 0.000208353 0.00253666 0.236747 0.0487187 0.143459 0.00535044 0.0875694 0.0416086 6.57111e-05 2.59404e-06 0.0533023 0.00776067 2.39071e-08 0.0210436 0.186582 0.00013241 0.00205067 0.0015003 0.0759465 
0.0394402 0.00522133 4.23898e-10 1.44812e-05 0.759489 0.0515964 0.037102 0.000135709 0.00587162 0.0126492 4.57593e-05 7.13378e-06 0.0226189 0.023899 6.91559e-10 0.00102151 0.0298858 0.000552928 0.00669072 4.36076e-05 0.00371511 
0.0300002 0.000226033 5.5988e-10 3.24115e-10 0.927673 8.45129e-05 0.00157527 9.20234e-08 0.00167816 0.00115489 1.4823e-07 1.89685e-07 0.00145691 0.0319902 9.13404e-10 1.99418e-06 0.00126739 6.28507e-05 0.00124776 7.469e-05 0.00150531 
0.0289101 0.0572278 0.00429175 0.000619739 0.603072 0.0541732 0.00529416 0.0204427 0.0563588 0.0214864 1.87658e-06 8.462e-07 0.0319561 0.0156205 1.31573e-06 0.00278512 0.0934762 3.1576e-05 3.85819e-05 1.24474e-05 0.00419865 
0.0300002 0.000226033 5.5988e-10 3.24115e-10 0.927673 8.45129e-05 0.00157527 9.20234e-08 0.00167816 0.00115489 1.4823e-07 1.89685e-07 0.00145691 0.0319902 9.13404e-10 1.99418e-06 0.00126739 6.28507e-05 0.00124776 7.469e-05 0.00150531 
3.90572e-06 1.46896e-09 1.55013e-08 8.97372e-09 0.999949 1.90487e-09 3.185e-09 2.47188e-09 3.2143e-06 3.02073e-06 1.60136e-08 1.49192e-08 9.02375e-06 8.30426e-06 2.52893e-08 1.50276e-05 2.03539e-06 3.92816e-09 1.21457e-08 1.60987e-08 6.19372e-06 
0.000857338 0.00356966 8.60595e-09 1.78386e-10 0.897372 0.0413686 0.000395844 0.000995497 0.0364554 0.00105599 0.00158781 2.96573e-10 0.00187731 0.00089203 5.02717e-10 8.22808e-11 0.0104564 2.40292e-08 8.45444e-07 1.07752e-06 0.00311468 
