0.0460933 0.0145795 0.00552411 0.000947568 0.0556801 0.416703 0.00111628 0.000762487 0.135447 0.0170318 6.23422e-06 9.49696e-07 0.185401 0.000166065 2.95265e-10 0.000642406 0.0540379 0.0201521 0.000237676 0.0432082 0.00226291 
0.0168333 0.0448073 0.000319712 0.0169549 0.000702134 0.370755 0.0705126 0.0114964 0.0439556 0.0595351 0.000174133 5.92069e-05 0.113164 0.0398365 0.000162334 0.0117164 0.163418 0.00464193 0.01494 0.00112253 0.0148924 
0.000284175 0.000127561 4.99643e-05 2.51712e-06 0.0105386 0.240519 0.212193 3.87588e-07 0.0124019 0.157359 0.00216713 0.000622282 0.172936 0.000124611 4.97062e-10 0.170982 0.0194908 4.05949e-06 0.000195804 1.49328e-08 1.67334e-06 
0.0660406 0.057618 0.000627929 0.00335611 0.00950865 0.275894 0.0399648 0.03423 0.0651824 0.0501255 0.00197708 3.63144e-05 0.0999509 0.00775423 1.67768e-05 0.0191833 0.246709 0.00428014 0.001395 0.00273586 0.0134136 
0.0178965 0.0119115 5.12037e-05 0.00522621 0.0161644 0.478858 0.136797 0.0188565 0.00688797 0.0255937 9.02914e-05 4.89728e-06 0.0460431 0.00316631 1.59462e-11 0.0209393 0.202847 3.11172e-05 0.00209825 2.20485e-05 0.00651533 
0.000139573 0.000678104 1.80998e-09 1.95526e-05 0.00168353 0.58843 0.051478 5.6058e-08 0.238705 0.000395614 0.00011215 4.17156e-10 0.0203724 0.000203422 2.3981e-11 0.000584902 0.0967304 2.47462e-06 2.11112e-08 1.75412e-08 0.000465127 
0.0488536 0.027059 2.15085e-06 0.000130505 0.0869162 0.435778 0.00795273 0.00417641 0.0400242 0.0285191 0.00137347 1.43512e-06 0.128321 0.00929516 0.00202871 0.0148258 0.151739 0.000113079 0.00142773 0.0021823 0.00928054 
0.0405654 0.156899 0.000907985 0.00133195 0.0208833 0.203604 0.0333354 0.0308564 0.153826 0.0656234 0.00790989 2.66813e-05 0.103523 0.0196002 0.000620515 0.052355 0.095899 0.00258036 0.00046464 0.00152022 0.00766621 
0.0110938 0.0992479 0.0829033 0.0693027 0.00236087 0.299291 0.114414 0.136656 0.0286679 0.0486632 0.000223492 6.61376e-05 0.0039583 0.00743426 3.64412e-11 0.00551188 0.0862428 0.000140721 0.00337031 1.07633e-05 0.000440482 
0.0484547 0.0418462 1.41785e-05 0.00179886 0.0121383 0.395663 0.0605231 0.0131145 0.0566885 0.0358373 0.000125572 2.44589e-06 0.0613835 0.0166194 1.12405e-08 0.116476 0.136169 7.97203e-05 0.000117586 5.55845e-05 0.00289303 
0.0108832 0.017503 0.000914805 0.000347233 0.0276915 0.526548 0.0270294 0.00452071 0.171289 0.00457842 0.00511011 4.08397e-06 0.0298947 0.00237963 1.97929e-11 0.000713911 0.16035 0.0078096 0.000270048 2.25478e-06 0.00215993 
0.00291962 0.0135338 1.93026e-05 0.000662616 0.00326159 0.248598 0.141014 0.0304111 0.00912315 0.0191377 0.00721539 0.000874702 0.0355749 0.0278002 2.18132e-08 0.0128873 0.200352 0.000929972 0.234202 6.46177e-05 0.011418 
0.0262696 0.0244366 0.000173368 0.00594403 0.00120354 0.333173 0.0720543 0.00992976 0.265764 0.0197976 1.86607e-05 8.57969e-06 0.0203856 0.00785125 2.17122e-06 0.00532464 0.197177 0.000723736 0.0011006 0.0038657 0.00479539 
0.000916953 0.0191405 0.00621152 0.00128987 0.00781563 0.711539 0.0434234 0.00289799 0.0106969 0.0727722 7.51242e-05 3.39442e-05 0.0437791 0.00252701 4.23018e-09 0.00271291 0.0294406 0.0414436 0.0022993 0.00011907 0.000865121 
0.00333346 0.015587 6.76976e-06 0.00134261 0.000444053 0.812696 0.0291459 0.00161035 0.0363521 0.00429532 0.000142888 9.68769e-06 0.0276274 0.000281348 1.41265e-11 0.00330093 0.0631167 1.89792e-05 0.00015735 9.13581e-07 0.000530067 
0.0214674 0.0365703 0.0380762 0.00253309 0.0820985 0.353083 0.051886 0.00115137 0.0255588 0.220703 0.000324749 9.19214e-05 0.0938764 9.64201e-05 1.12848e-09 0.00179495 0.0701341 1.88362e-06 0.000215293 2.09354e-05 0.00031498 
0.000472037 0.0135745 0.000135854 0.000305661 9.59279e-05 0.90829 0.00092437 0.00165541 0.00355444 0.0413838 0.000141342 4.4879e-07 0.0165312 0.000186606 7.03349e-13 0.00339373 0.00286639 0.001761 0.00435267 0.000241999 0.000132301 
0.0717343 0.145367 2.37094e-10 0.000488626 0.000432017 0.448423 0.0151783 0.000719412 0.0256561 0.00939286 2.44929e-10 1.30559e-07 0.0586886 0.0846126 3.86802e-10 0.0558653 0.0812097 0.000262781 0.000237859 6.79828e-05 0.00166382 
0.000600855 0.0620442 0.00295453 0.00250353 1.40687e-06 0.411596 0.00119132 0.00300866 0.0481919 2.66353e-07 0.291888 4.48661e-08 0.0630337 0.0175423 9.21836e-11 2.79054e-07 0.0937327 0.000640066 1.2578e-05 0.00105716 1.89722e-11 
0.00145944 0.000898311 5.41532e-09 0.000460491 0.00239386 0.413003 0.0612835 0.000210087 0.0934061 0.115981 0.0005133 9.22213e-11 0.179474 1.20414e-07 1.56323e-10 0.0136685 0.116304 6.32203e-06 0.000114596 0.000124555 0.000699075 
0.020118 0.0156112 0.000194703 0.00910439 0.00322078 0.383367 0.0545373 0.153175 0.0238189 0.0452873 0.000663273 3.55379e-07 0.185024 0.00192819 1.97034e-06 0.00807533 0.056327 0.00134414 0.000482003 0.000262676 0.0374558 
0.00208213 0.000140215 5.41545e-06 0.000322461 0.00286323 0.622501 0.0395303 0.00118547 0.0281269 0.0240939 3.98903e-06 8.54058e-05 0.00104508 0.0348167 8.57443e-05 0.0287559 0.0957924 0.000141741 0.000900769 5.10924e-06 0.117516 
0.000660962 0.015462 9.05571e-05 0.000304189 0.000143881 0.895868 0.0012855 0.00234612 0.00500822 0.0431673 0.000170953 6.72502e-07 0.0214701 0.000279899 4.12168e-13 0.00387974 0.00406596 0.00133209 0.00406253 0.000202411 0.000198445 
0.000214642 0.00790999 4.66611e-05 0.000350237 3.0116e-05 0.917887 0.00157561 7.78887e-05 0.000678133 0.0481511 3.44915e-05 6.12039e-08 0.0123644 1.26478e-08 1.05251e-11 0.000293203 0.0046159 0.00120844 0.00432594 8.44547e-05 0.00015188 
0.00805018 0.0118123 8.24181e-06 0.000116996 0.00148093 0.331673 0.0550381 0.00211118 0.174291 0.0854195 0.000253198 2.30685e-05 0.0797646 0.000650786 0.000125879 0.00558332 0.2377 0.000151686 0.000873363 0.00227276 0.0026012 
0.00156073 0.0232065 1.71466e-05 0.00244722 1.33576e-05 0.521919 0.000103221 0.0021433 0.120751 0.0118354 9.69177e-05 3.82146e-07 0.0599903 0.0453663 1.05051e-10 0.0172165 0.19237 3.35235e-05 8.31676e-06 6.68735e-11 0.000920829 
0.000164638 0.00518322 0.000117199 0.19142 0.000103898 0.467074 0.00533195 0.000190981 0.000194689 0.000329202 1.71745e-07 2.49785e-05 0.000210622 0.230081 0.00321916 0.00752292 0.00272975 2.96992e-05 0.000685626 0.000500765 0.0848857 
0.000568004 0.0111857 0.00207161 0.00900452 0.000128129 0.643989 0.00890011 0.00371835 0.00596333 0.201502 7.24158e-05 6.25909e-07 0.0338989 0.00204663 2.39171e-09 0.00322216 0.010226 0.0582049 0.00381293 9.50054e-05 0.00139053 
0.00454487 0.0191768 0.000159857 0.000102557 0.00388238 0.766288 0.0366531 0.00489547 0.00570056 0.0111488 0.000129645 1.83622e-05 0.0233352 0.00408495 3.24798e-09 0.00140375 0.101963 5.37686e-05 0.00529483 0.000324525 0.0108397 
0.000907201 0.0327032 0.000711171 0.000852559 0.0032146 0.338625 0.00934332 0.0097427 0.0173136 0.291159 0.00251945 6.19772e-05 0.0546131 0.0110185 9.10036e-10 0.00508106 0.198803 0.0012689 0.00423116 0.0170277 0.000801777 
0.155253 0.0979676 4.40879e-08 4.73226e-05 0.00902291 0.458055 0.0383912 0.000110212 0.0339503 0.0358791 0.000130628 1.76448e-08 0.0944268 0.00143034 1.36298e-06 0.0178466 0.052753 8.06575e-05 9.45249e-05 0.00308265 0.00147679 
0.00119389 0.0335669 1.7477e-06 0.00295372 0.000207622 0.836792 0.00047499 0.0369754 0.0270316 0.000248102 0.000410536 1.53951e-06 0.00912777 0.000116338 1.83772e-12 0.00176402 0.049039 2.33004e-05 6.03459e-05 1.16986e-12 1.14364e-05 
0.0126615 0.0286614 0.000408777 0.00305294 0.0232152 0.438324 0.0567277 0.00955354 0.0524266 0.0151591 6.95651e-05 1.46143e-06 0.140405 0.00419276 3.42792e-07 0.0445118 0.133704 6.71537e-05 0.000911944 0.00246778 0.0334774 
0.0151873 0.118196 0.00662277 0.00199203 0.0178321 0.588847 0.0142475 0.0105295 0.0304783 0.0414984 0.0400089 1.95633e-07 0.0175665 0.00403154 2.00663e-06 0.00303898 0.0790779 0.00113222 0.00731915 2.95379e-05 0.00236169 
0.000592704 0.0168479 0.000352314 0.0170667 0.000193165 0.780619 0.0414913 0.0411902 0.0171559 0.0197008 0.00012442 1.34176e-07 0.00998798 0.000530358 4.0773e-11 0.0034631 0.0461579 0.00215256 0.00224473 1.98815e-06 0.00012714 
0.00971754 0.0124891 1.1126e-05 0.000180631 0.0070885 0.428789 0.00506356 0.000339712 0.155694 0.0161967 0.000512813 4.27634e-08 0.276609 0.000439555 5.55009e-09 0.01815 0.0489835 1.3984e-05 2.76669e-05 6.46837e-07 0.0196932 
0.0168006 0.0555991 0.00126064 0.00380886 0.112851 0.505288 0.0730058 0.000830404 0.00897908 0.0433758 0.00012135 0.000151276 0.101313 0.0161855 1.28395e-07 0.00492203 0.0453282 4.25962e-05 0.0088052 8.98738e-06 0.00132306 
0.00116612 3.224e-05 2.71156e-08 2.53157e-05 0.00489375 0.670835 0.0095085 1.11724e-08 0.0137947 0.00924217 7.13617e-12 5.57658e-09 0.0351844 0.000916431 1.12697e-11 0.000772369 0.251687 1.22473e-06 0.000104133 3.85549e-05 0.00179788 
0.00511644 0.0428844 0.00336576 0.00386632 0.000932398 0.590205 0.0343238 0.00205894 0.025272 0.193753 0.00380199 0.000277481 0.0249329 0.0204225 9.39189e-09 0.00488949 0.0308027 0.00937179 0.00154993 2.05727e-05 0.00215345 
0.000671916 0.00355496 8.88607e-05 0.000523775 0.000152908 0.925389 0.000891119 0.000212681 0.00186357 0.0489149 9.33444e-06 7.92966e-08 0.00368415 0.00351268 2.03049e-09 0.000694221 0.0023547 0.00041035 0.00586229 4.35057e-08 0.0012081 
0.00693694 0.127181 0.00523789 0.0510184 1.93935e-05 0.493042 0.0386933 0.0643283 0.0624454 0.0545963 2.63923e-05 1.2956e-06 0.0261637 0.00459702 1.34388e-10 0.00529703 0.0429116 0.0136067 0.000867905 3.38179e-05 0.00299509 
0.000692653 0.00579771 7.76379e-09 9.44775e-05 0.00155193 0.863235 0.00249555 0.00704347 0.0220357 0.00137704 4.56318e-08 7.14421e-08 0.0137952 0.000326938 1.78753e-12 0.00316827 0.0781378 3.32229e-05 0.000100892 1.13791e-12 0.000114136 
0.0281566 0.0123757 8.95676e-05 0.000374398 0.0523894 0.200597 0.0366693 0.000356786 0.165348 0.167258 5.34652e-05 2.18529e-08 0.135904 0.0302825 5.83094e-07 0.00233042 0.0362596 0.00025116 0.00122327 4.86292e-08 0.130081 
0.00122195 0.0442817 0.00273745 0.0699033 0.000363349 0.514699 0.149294 0.00562371 0.0359415 0.0582798 0.000754597 5.60941e-06 0.0576864 0.000730826 6.80487e-12 0.0043431 0.0486595 0.00451087 0.000343665 0.000241821 0.000377321 
0.00600742 0.0317027 0.00185702 0.0123557 0.0190669 0.697232 0.0102528 0.0113463 0.0909787 0.0236366 6.56242e-05 5.43462e-07 0.0125982 0.00684993 6.65054e-10 0.00110901 0.0341014 0.0142602 0.000125827 1.06474e-05 0.026442 
0.00143826 0.00269022 0.0017203 0.000137487 0.082967 0.574511 0.000692579 0.000185811 0.0835658 0.00514086 2.98919e-08 4.65565e-09 0.0553591 6.06166e-05 1.68149e-11 0.000768214 0.0348223 0.0527217 9.17401e-05 0.102882 0.000244395 
0.000270384 0.00122208 1.15767e-05 2.22546e-05 0.00107029 0.377946 0.101592 4.88864e-06 0.0375069 0.039566 0.000102831 5.18719e-07 0.176003 6.37758e-12 4.19511e-11 0.00424813 0.257895 7.27457e-05 0.000430612 1.23502e-07 0.00203453 
0.00333346 0.015587 6.76976e-06 0.00134261 0.000444053 0.812696 0.0291459 0.00161035 0.0363521 0.00429532 0.000142888 9.68769e-06 0.0276274 0.000281348 1.41265e-11 0.00330093 0.0631167 1.89792e-05 0.00015735 9.13581e-07 0.000530067 
0.0108379 0.0698521 4.44692e-05 0.000317745 0.0013749 0.306644 0.0012241 0.0179323 0.146783 0.0098701 0.156923 0.000111545 0.00427905 0.128948 1.63311e-10 0.000292119 0.138925 0.00252352 0.00266351 0.000197414 0.000256593 
0.00178118 0.0610512 0.013181 0.0788475 1.17263e-12 0.602711 0.0177813 0.016926 0.00257637 0.133322 8.05798e-09 2.43302e-06 0.00488253 0.0102566 3.72845e-12 0.00106567 0.00518218 0.0446049 0.00546277 3.05373e-05 0.000335214 
0.00178118 0.0610512 0.013181 0.0788475 1.17263e-12 0.602711 0.0177813 0.016926 0.00257637 0.133322 8.05798e-09 2.43302e-06 0.00488253 0.0102566 3.72845e-12 0.00106567 0.00518218 0.0446049 0.00546277 3.05373e-05 0.000335214 
0.0232395 0.00606178 0.000299023 0.000222397 0.0169878 0.213742 0.0895326 0.00131377 0.0171532 0.141538 0.0207543 8.39378e-06 0.0472777 0.0928602 6.7983e-06 0.178812 0.119691 6.07319e-05 0.0018571 1.18539e-07 0.0285813 
0.00698722 0.0283239 0.00163445 0.00118493 0.00275971 0.446248 0.0220335 0.00420999 0.0283504 0.206009 0.01465 1.22824e-05 0.0533161 0.0276231 1.64146e-08 0.0172603 0.0822049 0.0350359 0.0140874 0.00127668 0.00679223 
0.0185209 0.145216 9.50195e-06 0.119396 0.00364551 0.441187 0.00634532 0.00146049 0.0134815 0.030394 3.32251e-07 3.5862e-05 0.0288634 0.000912859 7.05279e-12 0.00600854 0.0186141 0.00108715 0.116749 0.04673 0.00134285 
0.000341914 0.0229718 2.97289e-05 0.000306327 0.000390825 0.703442 0.00253888 0.000164852 0.00691551 0.0908138 0.000195639 8.45132e-09 0.156252 0.000168419 5.31892e-12 0.00492583 0.00797416 0.0011006 0.00124251 2.99628e-05 0.000194477 
1.36914e-05 1.56936e-09 1.65607e-08 8.17741e-06 0.0707151 0.650501 8.87083e-06 2.64082e-09 4.11892e-05 0.105922 1.7108e-08 1.59388e-08 2.2484e-09 0.00845202 2.70177e-08 0.16432 1.15764e-09 1.78812e-05 1.29758e-08 1.7199e-08 5.56047e-09 
0.00859852 0.0121205 0.000387842 0.00110833 0.0117203 0.226223 0.0876371 0.00278365 0.216408 0.0960887 0.000225161 1.46087e-05 0.129442 0.00212275 0.000121654 0.023198 0.170615 0.000499921 0.000439944 0.00187256 0.00837265 
0.000579544 0.00327121 6.25283e-06 0.000164828 0.00499287 0.578077 0.253246 0.00163605 0.0104815 0.00850321 0.000214231 3.97027e-05 0.0295668 0.00080789 1.60995e-12 0.00835517 0.0980089 7.43331e-05 0.0017175 2.82634e-06 0.000254224 
0.0330191 0.00457424 8.51618e-05 6.40926e-06 0.00158641 0.425321 0.0146294 8.82794e-05 0.0184295 0.0913673 2.56271e-05 6.28029e-11 0.351276 2.33418e-05 1.06456e-10 0.00291555 0.0432116 9.4256e-05 3.8747e-05 0.000848969 0.0124595 
0.00522577 0.0352579 0.00455289 0.00299053 0.00248285 0.429762 0.103101 0.0493207 0.0446624 0.0237684 0.000312319 5.51276e-05 0.0327597 0.0166257 1.15209e-09 0.00890435 0.229043 0.000116529 0.00704736 0.0011037 0.00290825 
0.0415242 0.111022 0.00484512 0.0239937 0.0127795 0.236825 0.0381512 0.014485 0.030855 0.0373738 5.94231e-07 5.6285e-07 0.130121 0.0284785 4.35589e-06 0.0385709 0.13341 0.00031007 0.0581674 9.65731e-06 0.0590723 
0.0175948 0.079043 0.00029442 0.00485338 0.00721992 0.22598 0.0912424 0.020396 0.188396 0.0301516 0.00257852 1.20757e-05 0.0945995 0.0142017 3.2559e-06 0.0557187 0.153609 0.000442711 0.000367972 0.00460855 0.00868721 
0.000883486 0.0773459 2.73701e-09 0.00591526 4.4015e-05 0.789615 0.000259418 0.00713847 0.028962 0.000228413 0.000321188 1.16046e-06 0.00713504 0.000387733 1.39459e-12 0.000248846 0.0814751 9.46101e-06 2.71406e-05 8.87772e-13 2.05489e-06 
0.0185209 0.145216 9.50195e-06 0.119396 0.00364551 0.441187 0.00634532 0.00146049 0.0134815 0.030394 3.32251e-07 3.5862e-05 0.0288634 0.000912859 7.05279e-12 0.00600854 0.0186141 0.00108715 0.116749 0.04673 0.00134285 
0.0120607 0.0254081 0.00457273 0.0100542 0.0011726 0.770708 0.00768906 0.00872468 0.0192384 0.0575612 0.000100188 4.55938e-06 0.0400563 0.000633646 1.49611e-11 0.00170588 0.0321464 0.00571349 0.00126483 8.7143e-05 0.00109744 
0.000810544 0.0212112 0.00272734 0.00554714 0.00286857 0.450388 0.157636 0.00116562 0.0257193 0.0913423 7.42677e-06 1.54588e-06 0.0287285 0.0716454 1.04216e-10 0.00263504 0.0930265 0.0124171 0.00219359 0.0275873 0.00234206 
6.56442e-05 0.000878254 2.31289e-05 4.44832e-05 0.000283191 0.663898 0.102917 9.76973e-06 0.0206517 0.0150442 0.000205586 9.00065e-07 0.0910265 1.65468e-12 1.08843e-11 0.00249437 0.101944 5.79795e-05 0.00041005 2.00405e-07 4.5362e-05 
0.00756732 0.0310763 0.00933874 0.00823984 0.0035108 0.585215 0.036216 0.00411714 0.0150412 0.163688 5.70262e-05 3.76354e-05 0.0334307 0.00652501 2.80134e-05 0.0201932 0.051138 0.00758836 0.00342504 0.00470346 0.00886258 
0.00020887 0.0274359 4.83601e-05 0.000246379 1.96787e-08 0.79741 0.000548308 0.00122845 0.00266753 0.140196 6.6529e-05 2.13395e-05 0.0202702 0.000477062 1.52882e-11 0.00169444 0.00048613 0.000628172 0.00636704 2.80573e-08 5.93544e-09 
6.55543e-05 0.00110731 0.000204293 0.000530363 0.000282959 0.705609 0.118101 0.000135198 0.0287023 0.0168802 0.000247766 3.08838e-07 0.0961191 5.53514e-13 3.64097e-12 0.00309163 0.02841 5.78971e-05 0.000409728 6.63102e-08 4.51991e-05 
0.00717558 0.0527611 0.000144574 0.000525483 0.0188451 0.292199 0.00651004 0.00817479 0.088956 0.0446773 0.00590571 8.8494e-08 0.121333 0.105104 3.08162e-08 0.0157699 0.207786 2.921e-05 0.000105762 0.000322663 0.023674 
0.000214642 0.00790999 4.66611e-05 0.000350237 3.0116e-05 0.917887 0.00157561 7.78887e-05 0.000678133 0.0481511 3.44915e-05 6.12039e-08 0.0123644 1.26478e-08 1.05251e-11 0.000293203 0.0046159 0.00120844 0.00432594 8.44547e-05 0.00015188 
0.0160995 0.0748289 0.00279377 0.00119513 0.00616476 0.255175 0.0229899 0.0130364 0.0354041 0.210293 0.000246699 5.58464e-06 0.0933116 0.00472182 1.77875e-06 0.015003 0.224018 0.013931 0.000753515 0.00633547 0.00369057 
0.00705527 0.0288015 0.00366085 0.0235932 0.002482 0.663963 0.0549581 0.00297165 0.0664171 0.0362938 0.00265829 5.15045e-05 0.0400551 0.000552153 2.49292e-07 0.00244241 0.0559377 0.00611814 0.000298677 6.47931e-05 0.00162482 
0.0232471 0.0334478 0.00137483 0.00413143 0.0222302 0.199026 0.092914 0.0186662 0.0255996 0.0729523 0.00391614 0.000349659 0.193761 0.00133362 0.000625532 0.187223 0.108546 0.00183984 0.000807947 0.00447322 0.0035341 
0.000809873 0.00257028 1.95144e-05 0.0119748 0.000136641 0.74078 0.121918 0.012786 0.00456485 0.00948737 3.18218e-09 4.97883e-06 0.00910722 0.00266479 6.61289e-09 0.00170778 0.079087 0.000568971 0.00141784 0.000124201 0.000270195 
0.00313247 0.0473911 0.000476767 0.0289521 0.000726195 0.747858 0.00725327 0.00462568 0.00798425 0.0494514 0.00060346 5.93277e-06 0.0230975 0.00121928 7.36223e-12 0.00504021 0.00799585 0.0135107 0.03985 0.0103447 0.000480694 
0.00806711 0.0357744 0.000790203 0.000547942 0.00806321 0.403748 0.0718831 0.0152576 0.017547 0.198759 0.00014966 1.05067e-05 0.0341177 0.00813687 9.02872e-12 0.0125361 0.15972 0.0100484 0.00281705 0.000819032 0.0112064 
0.00296284 0.0396366 0.011364 0.000807417 0.00385531 0.709432 0.0883499 0.000822532 0.00575137 0.0321299 0.00164293 3.62684e-06 0.0646792 0.000112762 4.80942e-06 0.00165018 0.0357845 1.30894e-05 0.000157921 0.000352075 0.000487489 
0.00197778 0.0168578 0.00115734 0.000772674 0.00109895 0.812948 0.0197181 0.00384344 0.00439468 0.0596735 0.000151287 2.99353e-06 0.0190224 0.0044513 3.38661e-10 0.00140698 0.036402 0.00534033 0.00627088 0.000210038 0.00429937 
0.00492302 0.023572 0.00035269 0.0149521 0.00902228 0.447464 0.0437514 0.0121593 0.0585781 0.0694105 8.86428e-05 2.64723e-08 0.067698 0.0067333 2.22701e-07 0.00457569 0.172708 0.0492274 0.000706719 1.37176e-06 0.0140751 
0.0127535 0.0204099 3.49376e-06 0.000670615 0.000151449 0.607717 0.0077493 0.00104923 0.0985356 0.00664512 0.0992695 0.000784529 0.0287085 0.000955185 2.70933e-07 0.000817147 0.112343 0.000633135 0.000470553 3.07469e-05 0.000302113 
0.0405672 0.0221484 0.00231648 0.0114914 0.01933 0.33036 0.0421346 0.0186883 0.0537866 0.083458 0.000149009 1.24742e-05 0.130645 0.004332 2.91681e-05 0.0112485 0.220389 0.000777675 0.00224695 0.00273153 0.00315866 
0.0568073 0.0210738 4.27416e-05 0.00210753 0.0282849 0.237187 0.211257 0.0200306 0.0333634 0.0334989 0.000242945 0.000878245 0.0532711 0.0150643 5.72011e-06 0.0193437 0.10299 0.000632519 0.128627 0.0030024 0.0322901 
0.00154618 0.0276385 5.49108e-06 0.0303462 0.0042503 0.410114 0.0563801 0.00693035 0.206983 0.00389598 0.0154469 0.000395208 0.0141218 0.10609 7.43199e-11 0.00604433 0.108246 0.000598397 0.000846523 4.73108e-11 0.000121773 
0.00294986 0.00570353 2.73134e-05 4.95406e-05 0.00189921 0.827505 0.00151535 0.00336817 0.0133302 0.00128893 6.82396e-08 3.0427e-08 0.01286 0.000383026 1.39491e-11 0.0019801 0.12655 1.45119e-05 0.000143505 2.45529e-08 0.000432161 
0.00140558 0.0154446 0.00807655 0.0241125 0.00290498 0.44391 0.0250801 0.00596455 0.0147099 0.213527 0.000101895 3.49507e-08 0.0729672 0.000815711 1.60065e-12 0.00671769 0.156064 0.00427131 0.000596005 0.000265994 0.00306447 
0.000603025 0.0394098 0.0161971 0.0249367 0.000165035 0.577135 0.101611 0.0043773 0.0218551 0.0339906 0.000148722 9.59102e-06 0.0668782 0.000182611 3.11624e-11 0.0034296 0.103197 0.00509626 0.000516505 3.41064e-05 0.000226319 
0.00619425 0.0211089 0.000472857 0.000186918 0.00643034 0.371897 0.204035 0.00738606 0.0214095 0.0196523 0.000342451 1.67033e-06 0.115333 0.00147279 3.6583e-08 0.134636 0.0845536 7.63554e-05 0.000702039 0.00104604 0.00306196 
0.00638171 0.0452057 0.000968535 0.00672019 0.00420963 0.470646 0.0721793 0.0400067 0.0602927 0.0475425 0.00158014 4.39091e-06 0.0638616 0.00455381 1.452e-10 0.135552 0.0358116 0.00231766 0.000807628 9.69652e-05 0.00126126 
0.000400739 0.00264386 3.97876e-05 0.00017513 0.00150533 0.44213 0.399038 0.00104934 0.0130409 0.00907266 3.65394e-06 7.58104e-05 0.00403053 0.00927104 3.78646e-11 0.000678112 0.0899048 0.000109636 0.0148236 5.99102e-05 0.0119465 
0.00625689 0.0267047 0.00018921 0.000123834 0.00529251 0.675061 0.0510625 0.006712 0.0078878 0.0154891 0.000125631 1.40482e-05 0.032501 0.00559048 2.32504e-12 0.00189784 0.142492 6.46611e-05 0.00721073 0.000370955 0.014953 
0.00315059 0.0399207 0.000912806 0.00564506 0.0737771 0.242186 0.0467077 0.00376484 0.0488333 0.226654 0.00625421 2.94435e-06 0.123442 0.0194122 5.09311e-07 0.0635253 0.0704656 0.00191784 0.00797553 0.0147046 0.000747749 
3.02213e-08 1.24591e-08 1.31476e-07 7.61114e-08 6.74597e-08 0.988991 2.70139e-08 2.09655e-08 4.68994e-05 0.00017756 1.3582e-07 1.26538e-07 0.000110688 0.0105423 2.14493e-07 3.51065e-08 4.22854e-05 3.33171e-08 1.03015e-07 1.36543e-07 8.83334e-05 
0.00467938 0.0600119 0.00135605 0.00155848 0.00475616 0.290413 0.0130966 0.0013215 0.136941 0.227893 0.00591078 1.80926e-06 0.135732 0.00127989 2.73901e-09 0.0267397 0.077398 0.000232562 0.0018993 0.00088835 0.00789061 
0.002514 0.0255738 0.000359942 0.018463 0.0150932 0.484024 0.116634 0.0177342 0.0119791 0.0461644 0.00212674 0.00122793 0.0192229 0.0178851 8.07989e-08 0.00292379 0.195088 0.00622057 0.0067102 0.00023956 0.0098151 
0.001459 0.00892622 3.47578e-05 0.000705949 0.00168842 0.498712 0.00605075 0.00583577 0.00421922 0.130134 1.07046e-06 2.67491e-07 0.0100146 0.00536562 5.59551e-08 0.0113123 0.091931 0.00201058 0.22006 0.000602487 0.000936317 
0.00797504 5.03019e-07 5.15535e-08 1.36393e-07 5.96852e-07 0.751767 9.95725e-07 1.16815e-07 0.20061 0.00159216 2.75717e-07 1.77142e-11 0.0242986 4.11292e-09 3.00271e-11 0.0113572 2.31366e-06 4.66409e-12 1.58776e-08 1.93059e-09 0.00239466 
0.000825225 0.0200751 8.10249e-06 0.00212411 0.000353906 0.84214 0.0351457 0.00194308 0.0136646 0.0053213 0.000164615 1.79604e-05 0.01942 0.000518543 5.48143e-12 0.00119903 0.0567266 3.54104e-05 0.000283462 2.15123e-08 3.34938e-05 
0.0303059 0.0578038 0.0123664 0.00419529 0.01832 0.346493 0.103888 0.00668779 0.0512378 0.111605 0.000367381 0.000127596 0.0566588 0.0115478 1.01975e-08 0.0118562 0.164421 0.00665201 0.0010923 0.00013795 0.00423546 
0.0145412 0.0478128 0.0154779 0.0294579 0.0193315 0.433232 0.038819 0.00613978 0.0436816 0.0815794 0.00297306 4.01894e-05 0.0638171 0.0118211 5.32595e-06 0.0207322 0.128665 0.0363782 0.00118747 0.00137179 0.00293608 
0.000732486 0.0118196 9.98936e-05 0.000312811 0.000990961 0.774945 0.0911619 0.00457506 0.0108104 0.0364767 7.64466e-05 7.36841e-05 0.0120404 0.00437718 1.30397e-11 0.00298358 0.0325633 0.0010018 0.0103978 0.000439284 0.00412158 
0.000214642 0.00790999 4.66611e-05 0.000350237 3.0116e-05 0.917887 0.00157561 7.78887e-05 0.000678133 0.0481511 3.44915e-05 6.12039e-08 0.0123644 1.26478e-08 1.05251e-11 0.000293203 0.0046159 0.00120844 0.00432594 8.44547e-05 0.00015188 
0.00333346 0.015587 6.76976e-06 0.00134261 0.000444053 0.812696 0.0291459 0.00161035 0.0363521 0.00429532 0.000142888 9.68769e-06 0.0276274 0.000281348 1.41265e-11 0.00330093 0.0631167 1.89792e-05 0.00015735 9.13581e-07 0.000530067 
0.0208378 0.0211613 0.000116948 0.000642698 0.0745967 0.554491 0.0177114 2.73437e-05 0.0619135 0.00780198 0.000976761 9.93769e-09 0.130539 0.000165556 4.99538e-11 0.00254634 0.0308347 0.0686671 0.000450799 0.000125333 0.00639343 
0.00426763 0.024838 4.2353e-05 0.00106424 0.00776221 0.862931 0.00155022 0.000142012 0.00563581 0.0523046 4.46466e-06 4.77225e-07 0.0065187 0.0153746 1.69827e-09 0.0010345 0.00910413 0.000681683 0.00345367 6.28365e-05 0.00322673 
0.00157633 0.00694152 0.00346644 0.00175845 0.00614453 0.499573 0.0381242 0.0153207 0.0257125 0.0968214 0.00114223 4.73625e-06 0.0622875 0.000784641 3.37227e-13 0.0129787 0.213754 0.011143 0.000749698 0.000303905 0.0014133 
0.0148005 0.0765979 7.70098e-08 0.00530121 0.00700459 0.349161 0.00647548 0.0258879 0.0953471 1.54967e-05 7.70062e-08 3.08824e-05 0.068206 0.00965098 7.6947e-08 7.70821e-08 0.338468 0.000524244 7.70306e-08 7.70059e-08 0.00252814 
1.33528e-07 5.50486e-08 5.80904e-07 3.36286e-07 5.99097e-05 0.999935 1.19356e-07 9.26326e-08 9.86279e-08 6.12857e-08 6.001e-07 5.59088e-07 7.88675e-08 1.44074e-07 9.47703e-07 1.55112e-07 4.06066e-08 1.47206e-07 4.55154e-07 6.03292e-07 1.95046e-07 
0.000825225 0.0200751 8.10249e-06 0.00212411 0.000353906 0.84214 0.0351457 0.00194308 0.0136646 0.0053213 0.000164615 1.79604e-05 0.01942 0.000518543 5.48143e-12 0.00119903 0.0567266 3.54104e-05 0.000283462 2.15123e-08 3.34938e-05 
0.00143826 0.00269022 0.0017203 0.000137487 0.082967 0.574511 0.000692579 0.000185811 0.0835658 0.00514086 2.98919e-08 4.65565e-09 0.0553591 6.06166e-05 1.68149e-11 0.000768214 0.0348223 0.0527217 9.17401e-05 0.102882 0.000244395 
0.00179114 0.0150171 0.00684542 0.116812 1.03165e-08 0.448357 0.0575763 0.0233484 0.0562768 0.0574355 1.11502e-08 2.24927e-06 0.0207201 0.00536695 2.98512e-12 0.00113328 0.142319 0.0456806 0.00105352 1.0937e-08 0.000264751 
0.0277695 0.00790286 0.00014947 0.000610715 0.0530094 0.488448 0.0288228 0.00231574 0.0108582 0.0929912 5.43515e-05 3.97122e-07 0.0301983 0.00498749 0.000289005 0.0165949 0.17771 0.000129424 8.31908e-05 5.36646e-05 0.0570215 
0.000677995 0.0145074 3.52463e-05 0.000261477 0.000331493 0.891286 0.00336694 0.00214792 0.00329289 0.0453399 0.000158873 3.47178e-07 0.0225004 6.80465e-09 1.87878e-12 0.00190946 0.0102021 0.000742079 0.00284412 4.8283e-05 0.000347284 
0.00995211 0.0218739 0.000958383 0.0211089 0.0134274 0.37684 0.139975 0.00667403 0.0341896 0.0889849 0.000437336 3.22714e-06 0.0193252 0.053444 1.15173e-11 0.000352622 0.207707 0.000229762 0.000253021 5.66511e-05 0.00420681 
0.000214642 0.00790999 4.66611e-05 0.000350237 3.0116e-05 0.917887 0.00157561 7.78887e-05 0.000678133 0.0481511 3.44915e-05 6.12039e-08 0.0123644 1.26478e-08 1.05251e-11 0.000293203 0.0046159 0.00120844 0.00432594 8.44547e-05 0.00015188 
0.0160889 0.0161129 0.000584927 0.000370069 0.0300163 0.637357 0.000722851 0.000236949 0.0046672 0.00918141 8.17548e-05 7.99821e-06 0.0332476 0.0010135 2.42921e-08 0.000476131 0.243461 2.57412e-05 0.00102023 7.61785e-06 0.0053201 
0.000458159 0.002524 1.39307e-05 0.000178261 0.00231742 0.656962 0.103033 0.0163022 0.0235658 0.018583 0.000496822 2.12268e-06 0.0742798 0.0131635 4.53456e-12 0.0135174 0.0676904 7.28293e-05 0.00584403 2.02461e-06 0.000993149 
0.0117302 0.030828 0.000302004 0.0142722 0.000796202 0.670046 0.00861944 0.118275 0.0188827 0.0641117 6.53362e-05 5.02425e-06 0.011776 0.000670582 2.60265e-09 0.0351574 0.00565213 0.000710731 0.00633404 8.02121e-06 0.00175761 
0.0801825 0.093517 0.00019445 0.00292567 0.00865916 0.297116 0.0920549 0.048461 0.0352594 0.0324094 0.00020323 3.50632e-06 0.0692131 0.00223639 5.57384e-06 0.0305353 0.2048 1.87469e-05 7.51096e-05 7.07214e-09 0.0021295 
0.0351288 0.0103501 0.000423597 0.000344133 0.0282959 0.298101 0.0164688 1.30064e-05 0.0287 0.198962 0.000966225 0.000187112 0.172218 0.000555848 0.000345972 0.186379 0.0118674 0.00178891 0.000540317 0.000125478 0.0082387 
0.00240164 0.00966593 1.70899e-06 1.23896e-05 0.0226898 0.339805 0.0363548 2.71672e-05 0.0281053 0.0324043 8.37567e-06 0.000373159 0.309558 0.000340289 5.82216e-10 0.00799485 0.116006 0.0866557 0.00638528 3.70629e-10 0.00121022 
0.017035 0.049467 0.0020794 0.00196299 0.0196187 0.195867 0.0510077 0.0139488 0.0973145 0.156651 0.00274101 3.23985e-05 0.142132 0.0108227 1.48629e-05 0.027397 0.187024 0.0062172 0.00493333 0.00297449 0.0107592 
0.0186437 0.0509238 0.0091774 0.0138192 0.0283297 0.272412 0.102794 0.0102994 0.0449793 0.113122 0.00297418 2.26977e-06 0.0687313 0.0441693 7.04122e-11 0.0077944 0.2033 0.00203429 0.00231695 0.000512252 0.0036655 
0.000277125 0.00362234 9.97403e-06 9.55689e-05 0.000620908 0.897513 0.00400159 0.00335465 0.0161458 0.00331859 7.14075e-08 3.05462e-08 0.00871328 0.000443445 1.32228e-11 0.00255059 0.0588561 5.98298e-05 0.000333025 8.41742e-12 8.43107e-05 
0.137842 0.0410831 0.00180523 0.000321417 0.0634286 0.377971 0.00279334 0.00466874 0.0116698 0.0356308 0.00253468 1.11043e-05 0.0680506 0.00522714 2.59555e-09 0.00362811 0.225675 0.00899954 0.000296711 4.60651e-06 0.00835815 
0.000472037 0.0135745 0.000135854 0.000305661 9.59279e-05 0.90829 0.00092437 0.00165541 0.00355444 0.0413838 0.000141342 4.4879e-07 0.0165312 0.000186606 7.03349e-13 0.00339373 0.00286639 0.001761 0.00435267 0.000241999 0.000132301 
0.0366148 0.0320482 9.22455e-05 0.00101682 0.00447483 0.736999 0.00157103 9.22123e-05 0.0096279 0.0900756 8.29535e-06 1.37813e-07 0.0188808 0.000178297 4.10543e-11 0.00233861 0.0626802 0.000602993 0.00150055 5.56132e-05 0.00114141 
0.00904704 0.0279881 4.16907e-05 0.00244105 0.00307428 0.584349 0.0177192 0.0170674 0.0752954 0.00803532 0.000867429 3.21811e-05 0.029607 0.00332319 5.32989e-08 0.00389955 0.215397 3.46308e-05 0.0006488 0.000554626 0.000577586 
0.0121489 0.0687074 0.000569198 0.0103914 0.0121154 0.630255 0.0152013 0.00299772 0.0405034 0.0372971 0.00028721 1.36858e-05 0.055447 0.00348457 8.82437e-10 0.000740162 0.0533287 0.0466784 0.000202576 5.9599e-05 0.00957098 
0.00847068 0.0240536 0.00221151 0.00227658 0.0170991 0.24474 0.0272475 0.00135368 0.0658145 0.24351 0.00156192 0.00014076 0.197498 0.0184844 1.21785e-06 0.0111945 0.108847 0.0156689 0.000621474 0.000178204 0.0090261 
0.000159373 0.0112336 9.20681e-05 6.71224e-05 0.000800232 0.535772 0.276575 0.000606128 0.0589943 0.0049628 0.00169081 0.000107275 0.0152018 0.0443588 1.51885e-09 0.0208829 0.0228079 0.00169136 0.00395317 4.55467e-07 4.36736e-05 
0.00538231 0.0361395 6.12399e-05 0.000371607 0.00492838 0.367714 0.066727 0.00571414 0.115839 0.0708094 0.00394154 1.37581e-05 0.0297753 0.030047 9.20621e-08 0.011701 0.231602 0.0146274 0.000347204 7.15433e-06 0.00425173 
0.00333346 0.015587 6.76976e-06 0.00134261 0.000444053 0.812696 0.0291459 0.00161035 0.0363521 0.00429532 0.000142888 9.68769e-06 0.0276274 0.000281348 1.41265e-11 0.00330093 0.0631167 1.89792e-05 0.00015735 9.13581e-07 0.000530067 
6.56442e-05 0.000878254 2.31289e-05 4.44832e-05 0.000283191 0.663898 0.102917 9.76973e-06 0.0206517 0.0150442 0.000205586 9.00065e-07 0.0910265 1.65468e-12 1.08843e-11 0.00249437 0.101944 5.79795e-05 0.00041005 2.00405e-07 4.5362e-05 
0.00136684 0.0336157 0.000207871 0.0147283 0.00237686 0.635219 0.0539116 0.103298 0.022291 0.0261144 6.6344e-05 3.48657e-07 0.0201053 0.0011027 2.13461e-09 0.0133165 0.0707606 0.00110614 0.000232025 4.39256e-07 0.000180663 
0.0049994 0.0105074 0.000141177 5.83233e-05 0.0131344 0.293211 0.00500524 0.000672413 0.184651 0.0590022 9.28897e-08 7.18617e-11 0.24269 0.00626006 1.21812e-10 0.00604089 0.104145 0.000859913 0.000740552 0.0598313 0.00805047 
0.00116612 3.224e-05 2.71156e-08 2.53157e-05 0.00489375 0.670835 0.0095085 1.11724e-08 0.0137947 0.00924217 7.13617e-12 5.57658e-09 0.0351844 0.000916431 1.12697e-11 0.000772369 0.251687 1.22473e-06 0.000104133 3.85549e-05 0.00179788 
0.000714953 0.00288596 9.9514e-06 0.000113295 0.00189901 0.790983 0.0049053 0.00287003 0.0145327 0.00213511 2.96898e-08 2.89838e-08 0.0130467 0.000130784 3.12187e-12 0.00197995 0.163363 2.07154e-05 0.000252027 7.55376e-09 0.00015702 
0.00341061 0.0575172 1.93099e-05 0.00275984 0.000717486 0.71958 0.00154659 0.0334658 0.123466 0.00102567 0.00176517 1.02777e-06 0.0118445 0.000302431 3.13759e-09 0.00302313 0.0394173 2.17079e-05 4.02392e-05 2.31454e-12 7.55037e-05 
0.0185631 0.119532 0.00186563 0.00443406 5.57125e-05 0.445141 0.0223604 0.00595882 0.0829279 0.13389 1.60966e-05 1.63611e-07 0.0484109 0.0764561 1.69243e-07 0.00578255 0.0245176 0.0066693 0.0027955 7.56098e-06 0.000615156 
0.000883486 0.0773459 2.73701e-09 0.00591526 4.4015e-05 0.789615 0.000259418 0.00713847 0.028962 0.000228413 0.000321188 1.16046e-06 0.00713504 0.000387733 1.39459e-12 0.000248846 0.0814751 9.46101e-06 2.71406e-05 8.87772e-13 2.05489e-06 
0.00208978 0.0389858 0.00195629 0.0499336 0.00195229 0.592625 0.106641 0.00401731 0.0616365 0.0513356 0.00288712 4.19593e-06 0.0412053 0.000522191 3.438e-11 0.00363425 0.0359294 0.00322335 0.000245639 0.000172901 0.00100232 
0.00955226 0.00511929 0.000379151 0.000287697 0.00105513 0.490065 0.00390503 0.000217494 0.0139974 0.167987 0.000134093 5.51366e-08 0.0766619 1.9422e-05 1.95071e-12 0.00345671 0.191412 0.000246872 0.00132176 0.0241886 0.00999329 
0.000810544 0.0212112 0.00272734 0.00554714 0.00286857 0.450388 0.157636 0.00116562 0.0257193 0.0913423 7.42677e-06 1.54588e-06 0.0287285 0.0716454 1.04216e-10 0.00263504 0.0930265 0.0124171 0.00219359 0.0275873 0.00234206 
0.0103044 0.0484476 3.24065e-05 0.002963 0.00315162 0.205335 0.0417601 0.0944943 0.100906 0.143819 0.0087416 9.20865e-06 0.0470177 0.044589 2.82999e-08 0.00380829 0.151875 0.0514318 0.00832921 0.00182981 0.0311545 
0.00732312 0.00377123 0.000252149 0.000192641 0.00374304 0.672735 0.0319984 0.00235637 0.00969826 0.106807 6.30764e-05 4.0081e-08 0.0380403 0.00110339 0.000486914 0.00500923 0.074023 0.000218821 0.000140472 1.99813e-06 0.042035 
0.000594272 0.0164929 0.00159383 0.00538515 0.000391525 0.741899 0.0121628 0.0136866 0.0704626 0.0150868 0.000106496 1.69783e-06 0.0153606 0.00793158 3.34949e-09 0.00238615 0.0910792 0.00243032 0.000164785 3.05244e-07 0.00278339 
0.010375 0.0871705 3.92819e-05 0.000132902 0.0156313 0.508853 0.0410095 0.0105304 0.224219 0.0110668 0.00123917 2.29823e-08 0.00869101 0.0109633 9.08304e-09 0.00785775 0.057806 1.46678e-05 0.0042528 1.09902e-10 0.000147487 
0.00143826 0.00269022 0.0017203 0.000137487 0.082967 0.574511 0.000692579 0.000185811 0.0835658 0.00514086 2.98919e-08 4.65565e-09 0.0553591 6.06166e-05 1.68149e-11 0.000768214 0.0348223 0.0527217 9.17401e-05 0.102882 0.000244395 
0.00412027 0.0311563 5.26109e-06 0.000769452 0.00117053 0.42389 0.0933198 0.0491299 0.050208 0.0890628 0.0123666 8.5765e-06 0.0524789 0.00183513 4.21514e-06 0.116172 0.0719486 1.87635e-05 0.00128064 5.91414e-10 0.00105403 
0.0627403 0.0544133 0.00105908 0.000331323 0.0610649 0.217028 0.0329554 0.00935353 0.164242 0.0481275 0.00167703 2.31648e-05 0.0903458 0.00710908 0.000221781 0.014343 0.214084 0.000163407 0.000284299 1.19387e-05 0.0204213 
0.00525039 0.0225542 8.21971e-05 0.00331458 0.00149138 0.445364 0.0445256 0.0124991 0.188119 0.0414832 0.000205154 1.3907e-05 0.0544184 0.00695371 0.00115192 0.00918449 0.158666 0.000185939 0.00038104 0.00100179 0.00315457 
0.0131439 0.0572385 0.00165475 0.0125858 0.00424928 0.495324 0.169265 0.0313347 0.0196929 0.0599038 5.72191e-05 0.000134214 0.029755 0.0063468 7.03632e-09 0.00695672 0.064074 0.00480338 0.010911 7.79286e-05 0.0124913 
0.00247337 0.00389522 6.47043e-06 0.000173652 0.0055952 0.544997 0.0247612 0.0135474 0.00664024 0.0219587 1.21097e-05 3.54917e-07 0.0222733 0.000819244 4.62594e-09 0.285689 0.0613223 7.24775e-06 0.000801495 1.47373e-07 0.00502706 
0.00119389 0.0335669 1.7477e-06 0.00295372 0.000207622 0.836792 0.00047499 0.0369754 0.0270316 0.000248102 0.000410536 1.53951e-06 0.00912777 0.000116338 1.83772e-12 0.00176402 0.049039 2.33004e-05 6.03459e-05 1.16986e-12 1.14364e-05 
0.00358485 0.00456179 8.40591e-05 0.000626376 0.00219582 0.723481 0.00517398 0.00237975 0.0171357 0.00357768 0.000437382 2.86764e-06 0.0107018 0.00121486 1.71844e-11 0.0153514 0.0886402 0.000397968 0.119938 9.60042e-05 0.00041803 
0.00305585 0.0217581 0.00113224 0.000616443 0.00230323 0.627318 0.0858166 0.00044908 0.0146676 0.0586212 0.000256734 1.09073e-06 0.0564477 0.00139993 6.03388e-12 0.0054308 0.107745 0.00954259 0.00211665 0.0003782 0.000942569 
0.00598939 0.0696678 8.36709e-07 0.00351012 0.00884363 0.796528 0.00105653 0.0180816 0.0268069 0.00219857 0.000195539 2.20889e-06 0.0111361 0.00337673 5.85179e-12 0.00241884 0.0491807 0.000178985 0.000106023 1.91651e-08 0.000721812 
0.0615204 0.0605203 5.72547e-05 0.00758498 0.0470627 0.227681 0.0052074 0.00377146 0.0742462 0.023384 0.000329281 2.93041e-06 0.164844 0.0904873 8.64274e-07 0.00957749 0.147813 0.010954 0.000145168 0.00600366 0.058807 
0.0134066 0.0259133 9.43874e-06 0.0170206 0.00473512 0.467301 0.0278799 0.00814705 0.11776 0.0173298 0.00491086 9.57716e-06 0.0979988 0.00514257 6.59747e-08 0.00969924 0.178899 0.000273366 0.000778098 0.000196874 0.00258859 
0.000391118 0.000834352 8.86215e-09 0.00035297 0.000413337 0.991344 0.000152956 0.000474551 0.00186095 1.87928e-07 9.15501e-09 3.42028e-06 0.00106446 0.000275187 1.4458e-08 2.36637e-09 0.00271949 1.52733e-05 6.94373e-09 9.2037e-09 9.76018e-05 
0.132048 0.0318823 0.00038838 0.000967852 0.0341119 0.335834 0.0117563 0.0129857 0.0182242 0.0928816 0.00399195 6.71672e-06 0.105617 0.0489985 6.56185e-10 0.00429298 0.112891 0.00301492 0.00861596 0.00320067 0.0382906 
0.00143826 0.00269022 0.0017203 0.000137487 0.082967 0.574511 0.000692579 0.000185811 0.0835658 0.00514086 2.98919e-08 4.65565e-09 0.0553591 6.06166e-05 1.68149e-11 0.000768214 0.0348223 0.0527217 9.17401e-05 0.102882 0.000244395 
0.000825225 0.0200751 8.10249e-06 0.00212411 0.000353906 0.84214 0.0351457 0.00194308 0.0136646 0.0053213 0.000164615 1.79604e-05 0.01942 0.000518543 5.48143e-12 0.00119903 0.0567266 3.54104e-05 0.000283462 2.15123e-08 3.34938e-05 
0.00204327 0.0133651 1.70683e-05 7.05383e-05 0.0048696 0.450738 0.343413 0.00515599 0.0161568 0.0234144 0.000255989 0.00117436 0.0147444 0.0103614 4.20255e-12 0.00314409 0.0913265 0.000185987 0.0052872 0.000155703 0.0141204 
0.000254978 0.188483 8.78263e-12 0.00114876 0.00814435 0.580464 0.00973793 0.0845174 0.0072751 0.000641736 0.00310919 7.82179e-08 0.000649704 0.0230168 4.92741e-08 0.00269325 0.0796384 0.000109545 1.08807e-05 1.00531e-06 0.0101043 
0.00230665 0.00282565 4.36969e-05 7.13222e-05 0.0199556 0.325391 0.0436701 0.000309284 0.114082 0.10692 0.00200912 2.74151e-08 0.205516 0.00238402 4.18729e-11 0.00707536 0.119794 2.57993e-05 0.00143551 2.66556e-11 0.0461844 
0.000129066 0.00553131 0.00223251 0.00224451 1.99414e-06 0.78843 0.00817175 0.00097604 0.00172603 0.112026 2.0423e-05 1.42398e-06 0.011714 0.00222804 7.72867e-12 0.00112133 0.00334984 0.0554923 0.00398708 7.42986e-05 0.000542696 
0.00747531 0.0301722 0.00135702 0.0278683 0.00629997 0.655858 0.0757842 0.0112849 0.0260268 0.0582762 0.000543302 3.102e-05 0.0470303 0.0028751 6.90851e-06 0.00503451 0.0354875 0.0072986 0.000593685 0.000152045 0.000544265 
0.000341914 0.0229718 2.97289e-05 0.000306327 0.000390825 0.703442 0.00253888 0.000164852 0.00691551 0.0908138 0.000195639 8.45132e-09 0.156252 0.000168419 5.31892e-12 0.00492583 0.00797416 0.0011006 0.00124251 2.99628e-05 0.000194477 
0.00797504 5.03019e-07 5.15535e-08 1.36393e-07 5.96852e-07 0.751767 9.95725e-07 1.16815e-07 0.20061 0.00159216 2.75717e-07 1.77142e-11 0.0242986 4.11292e-09 3.00271e-11 0.0113572 2.31366e-06 4.66409e-12 1.58776e-08 1.93059e-09 0.00239466 
0.00333346 0.015587 6.76976e-06 0.00134261 0.000444053 0.812696 0.0291459 0.00161035 0.0363521 0.00429532 0.000142888 9.68769e-06 0.0276274 0.000281348 1.41265e-11 0.00330093 0.0631167 1.89792e-05 0.00015735 9.13581e-07 0.000530067 
0.00263717 0.00743441 0.0197164 3.54815e-05 0.0277643 0.340836 0.132193 0.00701699 0.0631697 0.26523 0.000437925 1.08896e-05 0.0443785 0.000864294 5.64674e-10 0.0109745 0.0512935 0.0219627 4.39675e-05 0.00394834 5.12752e-05 
0.000164757 0.00036955 4.92805e-05 0.000193402 0.00368192 0.622717 0.000241936 0.000148753 0.0518561 0.00464097 5.05658e-08 4.14901e-12 0.0732968 2.81811e-05 7.03293e-12 0.000861807 0.0415636 0.00078151 2.21664e-05 0.199382 9.38539e-08 
