0.00210897 0.0217762 9.4567e-05 0.000238775 0.00297725 0.581192 0.0195279 0.000116704 0.0250018 0.0202242 1.32197e-05 1.24815e-05 0.0284223 0.0135759 3.3287e-06 0.00122554 0.28158 5.48227e-05 0.00111104 2.35097e-05 0.000719647 
5.40506e-05 0.00826911 2.40878e-08 5.35579e-05 0.00753883 0.568067 0.148026 0.00162018 0.157869 0.000271454 9.1735e-05 3.25274e-08 0.000225006 8.51449e-07 1.6391e-11 0.000832921 0.107049 2.56553e-05 5.24033e-06 1.04342e-11 3.84351e-08 
0.00578726 0.0172464 6.28183e-06 5.03953e-05 0.00115363 0.410984 0.152903 0.0153387 0.126209 0.0273735 0.000255405 0.000240876 0.0522382 0.0280191 1.42555e-11 0.0499688 0.109771 0.000318746 4.33662e-05 9.07484e-12 0.00209287 
0.00204327 0.0133651 1.70683e-05 7.05383e-05 0.0048696 0.450738 0.343413 0.00515599 0.0161568 0.0234144 0.000255989 0.00117436 0.0147444 0.0103614 4.20255e-12 0.00314409 0.0913265 0.000185987 0.0052872 0.000155703 0.0141204 
0.0010222 0.056634 9.59701e-09 0.000481886 0.00770577 0.657912 0.0166438 0.0250562 0.0178223 0.00393707 0.000889429 4.52218e-06 0.011184 0.0123347 3.67762e-08 0.00206394 0.177313 5.5718e-05 0.000119672 0.00103024 0.00778962 
0.00618595 0.0256174 1.63231e-05 0.000572905 0.0209656 0.417624 0.0544432 0.0186798 0.249884 0.00567033 0.00129601 1.8757e-06 0.0415792 0.00436898 5.83513e-08 0.00944192 0.136265 3.83089e-05 0.000250842 7.66859e-06 0.00709091 
0.00780465 0.0373444 0.0406003 0.0112002 0.0021284 0.559136 0.0184874 0.00853397 0.0317442 0.0521189 0.011582 4.52151e-05 0.0512202 0.005031 3.90639e-11 0.000565731 0.147251 0.0141704 0.000226562 2.96565e-05 0.000779704 
0.00126976 0.0620598 5.71786e-05 0.000134314 0.000915544 0.599152 0.00212984 0.000766986 0.00779175 0.137977 1.68721e-07 0.000167501 0.0262126 0.100152 2.66451e-07 0.00347841 0.0545122 9.90698e-05 0.000992291 1.69618e-07 0.00213125 
0.059043 0.0222873 2.04039e-05 0.000164879 0.00188845 0.382908 0.0182787 0.00499053 0.0192423 0.102781 4.91619e-07 8.40703e-07 0.135829 0.003319 2.9009e-09 0.0483823 0.17426 4.74198e-05 0.00104672 2.71186e-05 0.0254816 
0.0356745 0.0458741 0.000283263 0.0249694 0.0158143 0.393212 0.0135493 0.0189883 0.0232775 0.0517391 0.00494728 0.00981907 0.0517306 0.180377 4.42042e-05 0.012601 0.0741807 0.00270534 0.00854509 0.00156494 0.030103 
0.00141376 0.00258306 2.28601e-05 2.13896e-05 0.00184735 0.739155 0.00104863 1.21658e-05 0.00790523 0.00227811 2.03138e-05 6.30583e-06 0.171224 4.9386e-05 3.32802e-08 0.00109336 0.07069 1.63596e-05 0.00025258 1.76831e-05 0.00034271 
0.000117479 0.00321873 3.94984e-05 0.000246387 0.00039356 0.689851 0.0915205 0.0210627 0.000463462 0.0256991 3.83257e-06 5.23519e-06 0.013436 0.00174065 4.26236e-07 0.0020569 0.140377 4.96155e-05 0.00172913 0.00136627 0.00662252 
0.000825225 0.0200751 8.10249e-06 0.00212411 0.000353906 0.84214 0.0351457 0.00194308 0.0136646 0.0053213 0.000164615 1.79604e-05 0.01942 0.000518543 5.48143e-12 0.00119903 0.0567266 3.54104e-05 0.000283462 2.15123e-08 3.34938e-05 
0.0018336 0.0395137 8.19706e-05 0.00441319 0.000918956 0.388954 0.113543 0.0254743 0.0636895 0.028875 0.00139041 5.53005e-06 0.11411 0.0128304 1.61573e-08 0.0176094 0.0534867 9.93691e-05 0.000196438 0.000125964 0.132849 
0.00671807 0.0108062 7.26628e-05 0.00521667 5.97678e-05 0.548771 0.112171 0.0809372 0.0812544 0.0131039 0.000183419 3.09162e-07 0.0603939 0.00331983 2.32285e-11 0.0305167 0.0426087 0.000152215 0.000495241 3.50886e-08 0.00321886 
0.115618 0.0393019 5.70483e-06 0.138359 3.26696e-06 0.390691 3.7033e-06 0.0253429 0.0901694 6.45353e-06 2.82625e-07 5.257e-06 0.026791 3.38656e-06 4.46333e-07 7.29192e-06 0.173396 6.93286e-08 8.77302e-06 2.84128e-07 0.000286129 
0.000164757 0.00036955 4.92805e-05 0.000193402 0.00368192 0.622717 0.000241936 0.000148753 0.0518561 0.00464097 5.05658e-08 4.14901e-12 0.0732968 2.81811e-05 7.03293e-12 0.000861807 0.0415636 0.00078151 2.21664e-05 0.199382 9.38539e-08 
0.00641606 0.0277389 0.000109279 0.00125285 0.0166172 0.375619 0.00713575 0.0179764 0.350755 0.00869469 0.000361353 5.47499e-06 0.0377489 0.0070062 0.00650579 0.0035531 0.126409 0.00279876 0.000100592 2.48197e-06 0.00319315 
0.00522577 0.0352579 0.00455289 0.00299053 0.00248285 0.429762 0.103101 0.0493207 0.0446624 0.0237684 0.000312319 5.51276e-05 0.0327597 0.0166257 1.15209e-09 0.00890435 0.229043 0.000116529 0.00704736 0.0011037 0.00290825 
1.13786e-06 0.00478094 0.00284297 0.00170716 1.13744e-06 0.349938 0.0118352 1.13796e-06 0.0415361 0.0327766 1.13668e-06 1.13678e-06 0.236248 1.13783e-06 1.13581e-06 0.0177509 0.299774 0.000797612 1.13704e-06 1.13668e-06 1.1377e-06 
0.000214642 0.00790999 4.66611e-05 0.000350237 3.0116e-05 0.917887 0.00157561 7.78887e-05 0.000678133 0.0481511 3.44915e-05 6.12039e-08 0.0123644 1.26478e-08 1.05251e-11 0.000293203 0.0046159 0.00120844 0.00432594 8.44547e-05 0.00015188 
0.000371024 0.00162421 0.000272994 0.00173543 0.00982801 0.527193 0.287588 6.56826e-05 0.0102164 0.0129369 1.38073e-05 4.1935e-06 0.0116446 0.00305724 2.29396e-11 0.0008541 0.127394 7.9709e-05 0.00474849 2.42107e-05 0.000347386 
0.070055 0.0537998 0.000123404 0.00925708 0.00130256 0.39895 0.017143 0.0134021 0.16394 0.0319788 0.000288133 9.53742e-07 0.0166181 0.173779 1.56507e-07 0.00583226 0.0426197 0.00037564 7.11075e-05 0.000358674 0.000103826 
0.000981595 0.00396167 2.11582e-05 0.000128789 0.00242093 0.670074 0.0454046 0.00243135 0.0333133 0.00665271 0.000323305 1.1443e-05 0.112646 4.74924e-05 6.19537e-12 0.0159648 0.105118 3.02715e-05 0.0002954 5.04603e-05 0.000122291 
0.00435402 0.0233954 1.34382e-05 0.000118961 0.00328267 0.555488 0.00412293 0.00155617 0.0227535 0.00214699 2.00876e-05 1.31517e-07 0.0314567 0.00927053 3.14952e-11 0.00062032 0.339113 6.15376e-05 0.000477089 6.10066e-05 0.00168741 
0.000442412 0.00977659 5.66791e-05 0.000212733 0.000352435 0.907872 0.00221861 0.000932777 0.00293857 0.0464168 5.89835e-05 2.85403e-07 0.013237 0.000423404 9.15219e-12 0.00236752 0.00908587 0.00087382 0.00250665 0.000100933 0.000126125 
0.00360665 0.0811567 9.4732e-05 0.0206522 0.00572306 0.282894 0.272493 0.00191529 0.0471322 0.0163308 0.00149114 5.9055e-05 0.0713144 0.028553 5.08652e-08 0.0168639 0.144546 0.00033469 0.000826238 0.0015463 0.00246689 
0.00558432 0.102409 0.000668252 0.000560158 0.0415476 0.356463 0.00642119 0.00656019 0.258888 0.0840613 4.20241e-05 1.4679e-06 0.00670859 0.0451363 1.77703e-05 0.00558531 0.0198781 0.0235633 0.000755831 0.000105168 0.0350428 
0.000129066 0.00553131 0.00223251 0.00224451 1.99414e-06 0.78843 0.00817175 0.00097604 0.00172603 0.112026 2.0423e-05 1.42398e-06 0.011714 0.00222804 7.72867e-12 0.00112133 0.00334984 0.0554923 0.00398708 7.42986e-05 0.000542696 
0.00638542 0.0278952 0.00058742 0.000821339 0.00116905 0.483722 0.00879903 0.023246 0.0488573 0.161772 0.0211947 2.5644e-05 0.0838973 0.0242684 9.21209e-10 0.00477035 0.0959066 0.000866835 0.00365542 0.000127782 0.00203238 
0.0082372 0.0280768 3.20681e-05 0.0111585 0.00218724 0.329094 0.105165 0.0422712 0.0241992 0.097583 6.80895e-05 0.000124447 0.0527142 0.0742863 4.46201e-08 0.014925 0.128653 0.00464848 0.0638009 0.00489243 0.00788322 
0.00020887 0.0274359 4.83601e-05 0.000246379 1.96787e-08 0.79741 0.000548308 0.00122845 0.00266753 0.140196 6.6529e-05 2.13395e-05 0.0202702 0.000477062 1.52882e-11 0.00169444 0.00048613 0.000628172 0.00636704 2.80573e-08 5.93544e-09 
0.00143826 0.00269022 0.0017203 0.000137487 0.082967 0.574511 0.000692579 0.000185811 0.0835658 0.00514086 2.98919e-08 4.65565e-09 0.0553591 6.06166e-05 1.68149e-11 0.000768214 0.0348223 0.0527217 9.17401e-05 0.102882 0.000244395 
0.00143826 0.00269022 0.0017203 0.000137487 0.082967 0.574511 0.000692579 0.000185811 0.0835658 0.00514086 2.98919e-08 4.65565e-09 0.0553591 6.06166e-05 1.68149e-11 0.000768214 0.0348223 0.0527217 9.17401e-05 0.102882 0.000244395 
0.000430496 0.0134498 0.000694428 0.000707684 0.000152393 0.878168 0.00439279 0.0048016 0.00494687 0.051924 0.000160258 5.51839e-07 0.0141279 0.00100211 3.01203e-12 0.00366836 0.00418994 0.013198 0.00361533 0.000207215 0.00016218 
0.00247337 0.00389522 6.47043e-06 0.000173652 0.0055952 0.544997 0.0247612 0.0135474 0.00664024 0.0219587 1.21097e-05 3.54917e-07 0.0222733 0.000819244 4.62594e-09 0.285689 0.0613223 7.24775e-06 0.000801495 1.47373e-07 0.00502706 
0.000277125 0.00362234 9.97403e-06 9.55689e-05 0.000620908 0.897513 0.00400159 0.00335465 0.0161458 0.00331859 7.14075e-08 3.05462e-08 0.00871328 0.000443445 1.32228e-11 0.00255059 0.0588561 5.98298e-05 0.000333025 8.41742e-12 8.43107e-05 
0.00167074 0.0293213 0.000509041 0.00261683 1.30561e-05 0.263421 0.0632152 0.00708911 0.0341053 0.215887 9.82198e-06 1.06683e-06 0.121483 0.0153944 5.45503e-09 0.00942447 0.208377 0.0103028 0.0145122 0.000664384 0.00198258 
0.00320385 0.0425277 0.000992526 0.00420103 0.00377705 0.374209 0.032827 0.0171744 0.131845 0.151082 0.00118372 2.08671e-07 0.0299919 0.00205095 6.74877e-09 0.0104856 0.155653 0.00203168 0.00418992 0.0154532 0.0171199 
0.000370386 0.011025 0.000818599 0.000870185 0.000109778 0.872619 0.00643511 0.0034168 0.00494819 0.0553884 0.000145807 5.21867e-07 0.0114139 0.00131075 4.53751e-12 0.00311081 0.00414523 0.0203256 0.00321216 0.000192378 0.000141183 
0.00859852 0.0121205 0.000387842 0.00110833 0.0117203 0.226223 0.0876371 0.00278365 0.216408 0.0960887 0.000225161 1.46087e-05 0.129442 0.00212275 0.000121654 0.023198 0.170615 0.000499921 0.000439944 0.00187256 0.00837265 
0.000608312 0.00619042 0.00395153 0.0353563 0.000177592 0.719256 0.018618 0.0116887 0.00532396 0.108143 8.59434e-05 2.34128e-06 0.0152864 0.00289199 2.11863e-12 0.00254929 0.0131137 0.050911 0.00476485 2.61627e-05 0.00105446 
0.0023745 0.0334372 0.00148891 0.0425858 0.000297724 0.612565 0.0768795 0.0146323 0.0755852 0.0504347 0.000594747 3.13706e-06 0.0400263 0.000909021 8.37922e-09 0.00438003 0.0311808 0.0117406 0.000535616 1.21044e-05 0.000337109 
0.0614824 0.0997749 0.00874701 0.000549518 0.0268539 0.27574 0.0592477 0.0135104 0.0943227 0.0345283 5.79549e-05 1.92636e-05 0.111516 0.0042065 1.14188e-06 0.0584483 0.143552 6.76099e-05 9.78883e-05 7.54136e-05 0.00720122 
0.00102773 0.00591294 5.95125e-06 0.000449769 0.000410066 0.679413 0.0448825 0.0152966 0.0616119 0.00706795 0.000353579 2.62493e-06 0.0351404 0.00126538 7.70145e-12 0.00971428 0.136429 0.000238593 0.000370749 4.90261e-12 0.000406723 
0.0267262 0.0710949 0.000346254 0.00444107 0.00162493 0.605779 0.00324461 0.0175154 0.024971 0.00683321 0.000181114 2.31463e-06 0.055604 0.00199604 8.48452e-06 0.00330519 0.17563 1.88415e-05 5.19418e-05 2.51023e-05 0.000600679 
0.00423472 0.0305492 0.000131379 0.00328195 0.00702037 0.438744 0.105668 0.0220157 0.0762884 0.0630297 0.00216107 4.12203e-05 0.0371496 0.0070115 0.000634224 0.0286731 0.162922 0.000783965 0.00122453 0.00187321 0.00656212 
0.0146877 0.0283608 0.000254102 0.000174593 0.00175286 0.64887 0.00133568 0.000227189 0.0718928 0.0398612 4.45999e-06 1.33376e-06 0.0420914 0.0122651 5.55536e-09 0.00535582 0.124768 0.000280189 0.00239976 1.88355e-05 0.00539844 
0.00119389 0.0335669 1.7477e-06 0.00295372 0.000207622 0.836792 0.00047499 0.0369754 0.0270316 0.000248102 0.000410536 1.53951e-06 0.00912777 0.000116338 1.83772e-12 0.00176402 0.049039 2.33004e-05 6.03459e-05 1.16986e-12 1.14364e-05 
0.00247771 0.0294967 0.000173967 0.0251707 0.000542917 0.285275 0.0271032 0.0327296 0.0718091 0.0735937 3.10663e-05 9.54678e-08 0.0837778 0.154953 3.60962e-09 0.00422956 0.188587 0.00793576 0.0102326 4.97068e-05 0.00183047 
0.00178118 0.0610512 0.013181 0.0788475 1.17263e-12 0.602711 0.0177813 0.016926 0.00257637 0.133322 8.05798e-09 2.43302e-06 0.00488253 0.0102566 3.72845e-12 0.00106567 0.00518218 0.0446049 0.00546277 3.05373e-05 0.000335214 
0.0249724 0.090984 0.15981 0.00234704 0.00127969 0.304827 0.00870433 0.00431359 0.152459 0.0867782 0.0304486 2.14009e-05 0.0255437 0.000835649 2.19916e-09 0.00659481 0.0819054 7.4069e-05 3.94411e-06 3.11434e-07 0.0180966 
0.018539 0.0331949 0.000178746 7.62031e-05 0.00176841 0.367913 0.0424703 0.0709085 0.085418 0.0495122 0.000262588 1.97765e-11 0.131475 0.00991376 3.35229e-11 0.0370797 0.147935 0.00117394 0.000127583 0.000113598 0.00193985 
0.000223474 0.0024538 1.10811e-05 0.000136965 0.00175504 0.547113 0.354715 0.000949387 0.0204993 0.00434473 0.000286136 2.25248e-06 0.0167079 0.000830993 8.43661e-12 0.00769297 0.0402866 7.16488e-05 0.000659246 0.000117585 0.00114259 
0.00313247 0.0473911 0.000476767 0.0289521 0.000726195 0.747858 0.00725327 0.00462568 0.00798425 0.0494514 0.00060346 5.93277e-06 0.0230975 0.00121928 7.36223e-12 0.00504021 0.00799585 0.0135107 0.03985 0.0103447 0.000480694 
0.00806711 0.0357744 0.000790203 0.000547942 0.00806321 0.403748 0.0718831 0.0152576 0.017547 0.198759 0.00014966 1.05067e-05 0.0341177 0.00813687 9.02872e-12 0.0125361 0.15972 0.0100484 0.00281705 0.000819032 0.0112064 
0.00178583 0.00995908 1.17404e-05 7.22098e-05 0.0176236 0.301896 0.273663 0.00104164 0.0384572 0.00397501 7.16772e-05 4.63529e-05 0.04551 0.00163643 3.72951e-12 0.0036388 0.297559 4.07479e-05 0.00191733 5.15572e-05 0.00104299 
0.00140898 0.0214184 1.1193e-05 0.00209778 0.000401573 0.771169 0.000744347 0.0183368 0.0426636 0.00234341 0.000223227 2.24206e-06 0.0561008 0.00694074 5.33193e-09 0.00420625 0.0701772 5.2953e-05 0.00126967 3.39422e-09 0.000432386 
0.00842825 0.110065 4.91349e-06 0.0245584 0.00595023 0.468572 0.0201086 0.0765639 0.0648432 0.00642873 0.000320246 1.09118e-06 0.052542 0.00150351 2.08415e-10 0.0225612 0.137054 3.86294e-05 0.000132189 2.00827e-09 0.00032358 
0.000400739 0.00264386 3.97876e-05 0.00017513 0.00150533 0.44213 0.399038 0.00104934 0.0130409 0.00907266 3.65394e-06 7.58104e-05 0.00403053 0.00927104 3.78646e-11 0.000678112 0.0899048 0.000109636 0.0148236 5.99102e-05 0.0119465 
0.000214642 0.00790999 4.66611e-05 0.000350237 3.0116e-05 0.917887 0.00157561 7.78887e-05 0.000678133 0.0481511 3.44915e-05 6.12039e-08 0.0123644 1.26478e-08 1.05251e-11 0.000293203 0.0046159 0.00120844 0.00432594 8.44547e-05 0.00015188 
0.00510907 0.075448 0.00181956 0.0566859 0.00078156 0.639391 0.00618413 0.00112304 0.00593509 0.0644955 0.00026912 1.12196e-05 0.0274403 0.00218472 5.00363e-12 0.00422081 0.0106787 0.0137035 0.0671079 0.0165927 0.000818374 
0.000825225 0.0200751 8.10249e-06 0.00212411 0.000353906 0.84214 0.0351457 0.00194308 0.0136646 0.0053213 0.000164615 1.79604e-05 0.01942 0.000518543 5.48143e-12 0.00119903 0.0567266 3.54104e-05 0.000283462 2.15123e-08 3.34938e-05 
0.00119758 0.0584873 0.000170989 0.000409824 2.26047e-08 0.747264 0.0184502 0.0041603 0.00556258 0.128527 4.28684e-05 2.50598e-06 0.00768436 5.74208e-05 2.17401e-09 0.0170235 0.00678755 0.000860212 0.0032702 4.13301e-05 3.18951e-08 
0.00797504 5.03019e-07 5.15535e-08 1.36393e-07 5.96852e-07 0.751767 9.95725e-07 1.16815e-07 0.20061 0.00159216 2.75717e-07 1.77142e-11 0.0242986 4.11292e-09 3.00271e-11 0.0113572 2.31366e-06 4.66409e-12 1.58776e-08 1.93059e-09 0.00239466 
9.7926e-06 0.000346235 4.45382e-06 0.00018568 0.00013702 0.631799 0.320974 0.00110791 0.000817649 0.00462225 1.18233e-05 5.2144e-06 0.00309135 0.00190292 1.89455e-12 0.000774153 0.0308627 3.88199e-05 0.00318795 1.21088e-05 0.000109704 
0.000472037 0.0135745 0.000135854 0.000305661 9.59279e-05 0.90829 0.00092437 0.00165541 0.00355444 0.0413838 0.000141342 4.4879e-07 0.0165312 0.000186606 7.03349e-13 0.00339373 0.00286639 0.001761 0.00435267 0.000241999 0.000132301 
0.0050325 0.0180088 2.50358e-05 0.000258049 0.00302116 0.428486 0.123538 0.0405719 0.100095 0.00962734 0.000270368 7.01616e-06 0.0250951 0.00670333 9.96062e-10 0.0703339 0.167624 0.000162493 4.07917e-05 6.84765e-13 0.00109945 
0.00932718 0.0526848 2.66861e-05 0.00739012 0.00103836 0.58901 0.0338173 0.000521864 0.0139644 0.110865 0.000118281 7.03157e-06 0.0585005 0.0538097 1.72092e-07 0.00540925 0.025997 0.02062 0.0140817 0.00144046 0.00137036 
0.00157633 0.00694152 0.00346644 0.00175845 0.00614453 0.499573 0.0381242 0.0153207 0.0257125 0.0968214 0.00114223 4.73625e-06 0.0622875 0.000784641 3.37227e-13 0.0129787 0.213754 0.011143 0.000749698 0.000303905 0.0014133 
0.009925 0.00367935 0.000822896 0.0130417 5.48332e-05 0.665642 0.0154901 0.00070333 0.00295504 0.174143 0.000150913 2.09405e-07 0.045283 0.000876388 1.77417e-11 0.0146617 0.0247353 0.0163879 0.00452771 0.000958739 0.00596119 
0.00243839 0.00457266 1.781e-05 4.28987e-05 0.00133484 0.611523 0.114263 0.0173181 0.00464462 0.0561664 6.37332e-05 4.7419e-06 0.0671769 5.1941e-05 0.000138362 0.0915844 0.0276593 6.1499e-05 2.83164e-05 1.03353e-06 0.000907552 
2.55783e-06 0.0547781 7.98592e-07 0.00656075 0.0296918 0.337364 0.0782895 2.16203e-05 0.242174 1.29473e-06 0.0967051 1.47153e-07 0.10893 9.57914e-08 3.28163e-11 1.32441e-05 0.0292206 0.00228666 0.0049036 2.08903e-11 0.00905567 
0.00890481 0.0719687 0.000153132 0.00210776 0.00517139 0.462682 0.0425668 0.022128 0.103385 0.0531992 4.34894e-05 2.00592e-07 0.0362642 0.0056748 9.68132e-12 0.00555618 0.17153 0.00114814 0.00434731 0.000739497 0.00242888 
0.000370386 0.011025 0.000818599 0.000870185 0.000109778 0.872619 0.00643511 0.0034168 0.00494819 0.0553884 0.000145807 5.21867e-07 0.0114139 0.00131075 4.53751e-12 0.00311081 0.00414523 0.0203256 0.00321216 0.000192378 0.000141183 
0.00143826 0.00269022 0.0017203 0.000137487 0.082967 0.574511 0.000692579 0.000185811 0.0835658 0.00514086 2.98919e-08 4.65565e-09 0.0553591 6.06166e-05 1.68149e-11 0.000768214 0.0348223 0.0527217 9.17401e-05 0.102882 0.000244395 
0.000121672 0.00613092 7.02843e-07 5.56507e-06 0.00488748 0.557104 0.0519366 7.34118e-07 0.2553 0.00146002 0.000615355 5.03899e-09 0.0403404 3.02517e-05 7.30676e-11 0.0347043 0.0467006 1.21828e-05 2.486e-05 0.000183371 0.000441082 
0.000488454 0.00643161 1.66707e-05 0.000143796 0.00214163 0.572719 0.252361 0.014846 0.0157169 0.0290534 0.000847472 0.000416541 0.0190559 0.00416529 1.51215e-12 0.0222676 0.0514555 0.000124631 0.00762948 2.81494e-06 0.000116375 
0.000214642 0.00790999 4.66611e-05 0.000350237 3.0116e-05 0.917887 0.00157561 7.78887e-05 0.000678133 0.0481511 3.44915e-05 6.12039e-08 0.0123644 1.26478e-08 1.05251e-11 0.000293203 0.0046159 0.00120844 0.00432594 8.44547e-05 0.00015188 
0.00462761 0.0247202 0.00148079 0.00629875 0.00312739 0.360335 0.0326292 0.0115863 0.0242876 0.0647289 0.000456994 8.29633e-05 0.0523359 0.00703259 1.10834e-08 0.00815217 0.0953735 0.292799 0.00251337 0.00114372 0.00628752 
0.0344445 0.241543 0.00839052 0.0520038 0.00205622 0.369262 0.00255509 0.0304898 0.157917 0.00731635 0.000149748 0.000566295 0.0297418 0.0029823 3.78083e-06 0.00819671 0.0418042 8.72992e-06 0.000207339 1.01116e-09 0.0103609 
0.00962252 0.290061 0.000167973 0.0172904 0.00048876 0.579929 0.000370831 0.0128018 0.0170794 0.0248722 4.17268e-05 4.41451e-07 0.0137883 0.00126313 4.2964e-09 0.00105048 0.0303972 4.0127e-05 0.000394178 0.000337921 2.25174e-06 
0.00333346 0.015587 6.76976e-06 0.00134261 0.000444053 0.812696 0.0291459 0.00161035 0.0363521 0.00429532 0.000142888 9.68769e-06 0.0276274 0.000281348 1.41265e-11 0.00330093 0.0631167 1.89792e-05 0.00015735 9.13581e-07 0.000530067 
8.27769e-08 0.00118492 6.10147e-10 3.53215e-10 0.044773 0.879952 6.86029e-07 6.2617e-09 1.44498e-07 0.010303 6.3031e-10 5.87234e-10 0.0177872 1.51326e-10 9.95412e-10 0.016822 0.0291768 1.303e-07 4.78067e-10 1.33626e-07 2.04864e-10 
0.00441852 0.0192874 0.000101368 0.000166623 0.00348802 0.723486 0.0630672 0.0113075 0.00504494 0.0156406 9.78886e-05 8.24772e-06 0.0244245 0.00404747 2.04293e-12 0.00136401 0.108954 7.27757e-05 0.0058475 0.00019874 0.00897639 
0.0127497 0.0234861 2.07193e-05 0.00106204 0.000293002 0.621466 0.0182867 0.00105791 0.0260846 0.00384813 0.114285 0.000782626 0.0324066 0.000954332 3.26311e-08 0.00108286 0.140494 0.000668541 0.000547432 3.03993e-05 0.000392248 
0.0145997 0.0579237 7.11579e-07 0.000653063 3.53743e-05 0.464531 0.051048 0.0027319 0.0183257 0.277858 0.000830913 0.000257014 0.0174457 0.0554734 6.37744e-09 0.00811175 0.0241945 0.00197448 0.00013213 0.000266478 0.00360685 
0.000809873 0.00257028 1.95144e-05 0.0119748 0.000136641 0.74078 0.121918 0.012786 0.00456485 0.00948737 3.18218e-09 4.97883e-06 0.00910722 0.00266479 6.61289e-09 0.00170778 0.079087 0.000568971 0.00141784 0.000124201 0.000270195 
0.00223987 0.041213 0.0052177 0.00363661 0.0118522 0.319252 0.106609 0.00186724 0.0211768 0.186562 0.000997226 4.94499e-05 0.0805588 0.00519669 0.000214934 0.130949 0.0618538 0.0138359 0.00240895 0.000572849 0.0037354 
0.00136684 0.0336157 0.000207871 0.0147283 0.00237686 0.635219 0.0539116 0.103298 0.022291 0.0261144 6.6344e-05 3.48657e-07 0.0201053 0.0011027 2.13461e-09 0.0133165 0.0707606 0.00110614 0.000232025 4.39256e-07 0.000180663 
0.00116612 3.224e-05 2.71156e-08 2.53157e-05 0.00489375 0.670835 0.0095085 1.11724e-08 0.0137947 0.00924217 7.13617e-12 5.57658e-09 0.0351844 0.000916431 1.12697e-11 0.000772369 0.251687 1.22473e-06 0.000104133 3.85549e-05 0.00179788 
0.00208978 0.0389858 0.00195629 0.0499336 0.00195229 0.592625 0.106641 0.00401731 0.0616365 0.0513356 0.00288712 4.19593e-06 0.0412053 0.000522191 3.438e-11 0.00363425 0.0359294 0.00322335 0.000245639 0.000172901 0.00100232 
0.0186528 0.0689745 2.76559e-05 0.00162649 0.00460465 0.337058 0.0143326 0.0317845 0.0363472 0.011323 0.000232298 2.75832e-05 0.104073 0.00840861 0.00313395 0.0169158 0.336288 0.000142048 0.000571886 7.43729e-05 0.00540042 
0.0307807 0.0397994 0.0125024 0.0119538 0.00111539 0.418674 0.053825 0.00140071 0.0305329 0.158288 4.55565e-05 5.7533e-08 0.193958 0.000281298 2.1776e-09 7.40802e-08 0.0455083 4.62587e-05 3.07271e-07 4.45323e-06 0.00128369 
0.00298195 0.0100578 2.56799e-05 0.000314056 0.00400319 0.685917 0.00427329 0.00343671 0.0155002 0.00936291 1.29623e-10 3.52967e-06 0.0126705 0.000980436 2.04706e-10 0.00151493 0.240897 2.90407e-05 0.00117531 0.00674603 0.000110464 
0.00492131 0.0343337 0.000151975 0.00178086 0.0905819 0.544556 0.110857 0.00237709 0.0429893 0.0171371 0.00446645 3.51078e-06 0.0193895 0.0205718 4.70738e-09 0.0336264 0.0695816 0.000743473 0.000930183 2.99664e-09 0.00100083 
0.00234746 0.00766333 5.78889e-06 5.6021e-05 0.00243432 0.59533 0.0013386 0.000108798 0.0203728 0.00218133 5.51435e-06 2.25633e-07 0.211258 0.000155688 1.16823e-11 0.000960564 0.155199 1.09213e-05 0.000187411 5.41981e-08 0.000383575 
0.002384 0.0307121 2.81852e-05 0.0254544 0.00398422 0.314021 0.0869414 0.0312829 0.211809 0.134688 0.0012385 2.12253e-05 0.0107981 0.0184383 6.28976e-08 0.0279683 0.0971236 0.000230818 9.71627e-05 0.000546075 0.00223361 
0.0104844 0.0599932 6.31227e-05 0.000296752 0.0024944 0.42102 0.0295257 0.00385821 0.0383245 0.0477991 5.38413e-05 1.28179e-05 0.0321264 0.0146626 1.1059e-11 0.00563561 0.318032 0.000281804 0.00427552 0.00378441 0.00727543 
0.0110568 0.0361679 0.00349097 0.00526434 3.68231e-11 0.476828 0.0251569 0.0041199 0.0430956 0.222719 0.000153901 3.31919e-05 0.0152936 0.0901347 1.17082e-10 0.0153542 0.0274706 0.020219 0.001454 0.00173212 0.000254858 
0.0141274 0.00950173 0.000637402 0.000158547 0.00284169 0.538662 0.060516 0.0480561 0.0685037 0.0154626 0.000289037 3.72486e-07 0.0477516 0.00263229 2.85929e-09 0.0181736 0.128423 5.22888e-05 0.038576 5.1128e-06 0.00562888 
0.0330191 0.00457424 8.51618e-05 6.40926e-06 0.00158641 0.425321 0.0146294 8.82794e-05 0.0184295 0.0913673 2.56271e-05 6.28029e-11 0.351276 2.33418e-05 1.06456e-10 0.00291555 0.0432116 9.4256e-05 3.8747e-05 0.000848969 0.0124595 
0.00268128 0.00936155 0.000220653 0.000150048 0.0210592 0.820832 0.00744352 0.00374897 0.0295912 0.00196641 2.5296e-08 4.32304e-07 0.0185863 0.000282876 2.34118e-12 0.00254634 0.0718691 0.00895773 0.000408074 1.49036e-12 0.000294331 
0.0121065 0.0326329 0.0687592 0.000880589 0.181658 0.334567 4.82809e-05 0.311754 0.00419425 1.85841e-06 4.85406e-06 2.55039e-07 0.00862834 0.00153551 5.34277e-09 5.80262e-06 0.043025 0.000191455 5.83985e-06 3.40112e-09 1.05042e-06 
9.03645e-05 0.00127533 1.38561e-05 0.000180104 0.000629901 0.709457 0.22132 0.0171795 0.00323564 0.00404547 0.000150279 5.24406e-06 0.0062681 0.00114175 1.30514e-12 0.00377173 0.0284982 5.55369e-05 0.00250981 7.26567e-06 0.000164027 
0.00247337 0.00389522 6.47043e-06 0.000173652 0.0055952 0.544997 0.0247612 0.0135474 0.00664024 0.0219587 1.21097e-05 3.54917e-07 0.0222733 0.000819244 4.62594e-09 0.285689 0.0613223 7.24775e-06 0.000801495 1.47373e-07 0.00502706 
0.00123448 0.0172971 2.54083e-05 0.00303302 0.000521042 0.685848 0.0829693 0.00577074 0.0197167 0.00289528 7.56602e-05 3.8956e-05 0.0198744 0.000829663 9.95166e-13 0.00117881 0.157822 2.14442e-05 0.000813196 1.25227e-09 3.52093e-05 
0.00193803 0.140801 7.4831e-05 0.00403692 0.000712518 0.282852 0.0378118 0.00417367 0.0143702 0.0494366 0.00131218 3.47247e-05 0.0127266 0.176408 1.26619e-07 0.00221407 0.0868055 0.148675 0.00221188 0.0287154 0.00468857 
0.00912854 0.00589574 5.92347e-06 0.00129368 0.000886504 0.775667 0.00336762 0.0052214 0.0108683 0.0185885 8.45879e-05 1.7654e-08 0.0874285 0.000313498 5.32622e-12 0.0011879 0.0478246 0.000100126 0.000235569 0.0249712 0.00693056 
0.0224785 0.0949887 0.000224455 0.00326428 0.0301725 0.307078 0.0294353 0.0147885 0.0476388 0.0797475 0.000392654 3.76478e-05 0.100034 0.0150291 6.84643e-06 0.03033 0.0757408 0.00891678 0.117244 0.000746569 0.0217043 
0.00119389 0.0335669 1.7477e-06 0.00295372 0.000207622 0.836792 0.00047499 0.0369754 0.0270316 0.000248102 0.000410536 1.53951e-06 0.00912777 0.000116338 1.83772e-12 0.00176402 0.049039 2.33004e-05 6.03459e-05 1.16986e-12 1.14364e-05 
0.00020887 0.0274359 4.83601e-05 0.000246379 1.96787e-08 0.79741 0.000548308 0.00122845 0.00266753 0.140196 6.6529e-05 2.13395e-05 0.0202702 0.000477062 1.52882e-11 0.00169444 0.00048613 0.000628172 0.00636704 2.80573e-08 5.93544e-09 
0.00625689 0.0267047 0.00018921 0.000123834 0.00529251 0.675061 0.0510625 0.006712 0.0078878 0.0154891 0.000125631 1.40482e-05 0.032501 0.00559048 2.32504e-12 0.00189784 0.142492 6.46611e-05 0.00721073 0.000370955 0.014953 
0.000173574 0.00376185 0.00242518 0.0344253 1.14136e-08 0.78735 0.00454694 0.000596994 0.00195438 0.115512 3.95291e-05 2.52561e-07 0.0103164 0.000388998 5.64268e-12 0.000681041 0.00604554 0.0245728 0.00683665 7.81053e-05 0.000293652 
0.00238579 0.0143022 0.00410506 0.0553424 0.00160199 0.291162 0.108508 0.00418101 0.048146 0.250278 0.000313729 9.67068e-06 0.0964579 0.000129911 1.74112e-11 0.0482471 0.0690702 0.0024232 0.000479458 3.46069e-05 0.0028219 
0.000603025 0.0394098 0.0161971 0.0249367 0.000165035 0.577135 0.101611 0.0043773 0.0218551 0.0339906 0.000148722 9.59102e-06 0.0668782 0.000182611 3.11624e-11 0.0034296 0.103197 0.00509626 0.000516505 3.41064e-05 0.000226319 
0.00234952 0.0101995 0.000133985 0.0225958 0.0130964 0.621861 0.140145 0.00815228 0.0279966 0.00624823 0.000317509 4.84298e-06 0.0224996 0.0121673 3.83991e-08 0.00152999 0.0749849 0.0309837 0.00269642 7.29376e-05 0.00196479 
0.00121193 0.0123691 3.24347e-05 0.00634945 0.00517789 0.386383 0.104463 0.00417846 0.250218 0.00464811 0.0668735 0.000146894 0.0389496 0.000570523 1.42602e-11 0.0176447 0.100416 0.000169433 1.77149e-05 8.57537e-09 0.000179817 
0.000917732 0.0328696 7.24899e-06 0.00571277 1.32169e-05 0.572213 0.000639153 0.00507081 0.153917 0.00173445 9.63905e-05 3.50131e-07 0.0561861 0.00011635 5.05141e-12 0.00146005 0.169002 5.06917e-06 8.15162e-06 3.21564e-12 3.01535e-05 
0.00333346 0.015587 6.76976e-06 0.00134261 0.000444053 0.812696 0.0291459 0.00161035 0.0363521 0.00429532 0.000142888 9.68769e-06 0.0276274 0.000281348 1.41265e-11 0.00330093 0.0631167 1.89792e-05 0.00015735 9.13581e-07 0.000530067 
0.00573969 0.0322005 0.000101188 0.00114678 0.00282073 0.452815 0.0403301 0.00745135 0.269744 0.00273149 0.00140101 9.92253e-06 0.0089013 0.0567962 1.08392e-09 0.00197993 0.111246 0.000151839 0.000174007 5.67525e-08 0.00425933 
0.00625689 0.0267047 0.00018921 0.000123834 0.00529251 0.675061 0.0510625 0.006712 0.0078878 0.0154891 0.000125631 1.40482e-05 0.032501 0.00559048 2.32504e-12 0.00189784 0.142492 6.46611e-05 0.00721073 0.000370955 0.014953 
0.0292056 0.0404512 0.000469786 0.00369465 0.00463684 0.304734 0.0622899 0.0116535 0.0723549 0.020673 0.00455942 9.0635e-06 0.140289 0.00626725 5.0845e-06 0.0255143 0.262906 0.000719732 0.000564976 0.000130134 0.00887179 
0.00779092 0.0280776 0.000517433 0.00260703 0.0230809 0.365435 0.051408 0.00907758 0.141229 0.00765542 0.000267102 5.27163e-06 0.0838277 0.00706484 3.62721e-06 0.00631649 0.256188 0.00544414 9.82642e-05 1.54203e-06 0.00390371 
0.0134229 0.00679345 7.22872e-06 0.000396005 0.000436862 0.704894 0.00166376 0.000242285 0.017264 0.0181096 7.32164e-05 5.81363e-10 0.049844 2.91287e-05 2.24683e-12 0.000595516 0.147856 0.000370304 0.00101743 0.0350353 0.00194905 
0.00104885 0.00102321 4.96056e-08 5.67842e-06 0.0713618 0.599285 0.0800933 0.000308378 0.00554242 0.00126684 9.78822e-05 2.99341e-05 0.0327948 1.2303e-08 8.0928e-08 0.000495647 0.201475 2.7105e-06 3.88673e-08 5.15174e-08 0.00516856 
0.00240881 0.020363 0.0012687 0.00076253 0.00013559 0.354366 0.251445 0.000604874 0.00338579 0.0935165 0.000216494 0.0120702 0.00921727 0.0275955 4.32516e-09 0.00339848 0.024426 0.186245 0.00138295 0.00676622 0.000425607 
0.0148005 0.0765979 7.70098e-08 0.00530121 0.00700459 0.349161 0.00647548 0.0258879 0.0953471 1.54967e-05 7.70062e-08 3.08824e-05 0.068206 0.00965098 7.6947e-08 7.70821e-08 0.338468 0.000524244 7.70306e-08 7.70059e-08 0.00252814 
0.0105392 0.018762 1.33297e-05 0.00077898 0.00273348 0.48155 0.0489981 0.0167257 0.0217786 0.0148329 0.00120554 7.32854e-05 0.0202911 0.00133126 1.21956e-10 0.288637 0.0682299 4.50743e-05 0.000131381 0.00129337 0.00204958 
0.00186262 0.00351088 0.0004948 0.00150873 0.000194685 0.632635 0.0101636 0.000706506 0.0439541 0.182407 1.62463e-05 5.62252e-07 0.0152952 0.00535371 3.3429e-10 0.0123208 0.00280258 0.0215424 0.0637717 0.00140441 5.39461e-05 
0.00461565 0.0603968 0.000754497 0.0200366 0.00159918 0.487796 0.0474922 0.0246885 0.0564799 0.0626329 0.00264914 2.63824e-07 0.0800888 0.0014082 1.18515e-10 0.0469957 0.0942044 0.00702533 0.000310074 6.48505e-06 0.000819828 
0.00143826 0.00269022 0.0017203 0.000137487 0.082967 0.574511 0.000692579 0.000185811 0.0835658 0.00514086 2.98919e-08 4.65565e-09 0.0553591 6.06166e-05 1.68149e-11 0.000768214 0.0348223 0.0527217 9.17401e-05 0.102882 0.000244395 
0.00565516 0.0303267 3.14786e-06 0.00171745 0.00665918 0.312454 0.031645 0.003783 0.174313 0.00397706 0.000204172 1.64176e-06 0.10292 0.0113907 7.96605e-11 0.0102128 0.303605 9.78242e-05 0.000527622 3.87582e-08 0.000506548 
0.000472037 0.0135745 0.000135854 0.000305661 9.59279e-05 0.90829 0.00092437 0.00165541 0.00355444 0.0413838 0.000141342 4.4879e-07 0.0165312 0.000186606 7.03349e-13 0.00339373 0.00286639 0.001761 0.00435267 0.000241999 0.000132301 
0.00625689 0.0267047 0.00018921 0.000123834 0.00529251 0.675061 0.0510625 0.006712 0.0078878 0.0154891 0.000125631 1.40482e-05 0.032501 0.00559048 2.32504e-12 0.00189784 0.142492 6.46611e-05 0.00721073 0.000370955 0.014953 
0.0284764 0.0360475 0.000859668 0.000548526 0.0076182 0.333386 0.102477 0.00733181 0.0652401 0.0645479 0.00164263 2.62259e-05 0.0803177 0.0508761 0.00407261 0.0407195 0.11607 6.16441e-05 0.034205 0.000571708 0.0249043 
9.00054e-05 0.00556229 9.0554e-05 0.000264903 9.38661e-09 0.90438 0.000575772 5.98e-05 0.000779401 0.0641833 2.01261e-05 2.35831e-07 0.0181856 8.92661e-09 1.25186e-11 0.000694032 0.000982454 0.00144054 0.00258224 4.9275e-05 5.90347e-05 
0.000114066 0.00763964 0.000307565 4.09158e-05 0.00276615 0.311849 0.205297 0.00121769 0.139777 0.0178688 2.20019e-05 1.16522e-11 0.0935921 0.000317622 1.97514e-11 0.00438265 0.211194 1.77087e-05 0.00358126 1.30572e-08 1.46494e-05 
0.00188377 0.00342938 2.50242e-06 0.000334728 0.000333161 0.891559 0.00125082 7.86065e-05 0.00324394 0.00865009 1.1812e-05 1.16541e-06 0.0390677 3.79449e-05 1.45189e-07 7.62964e-05 0.0395625 7.69102e-05 0.00032736 0.00980991 0.000261927 
0.00336184 0.0672724 3.79434e-05 0.00360821 0.00210487 0.556061 0.0541612 0.0042476 0.0487518 0.00663789 0.00260959 1.34327e-05 0.107556 0.00201621 5.12216e-12 0.0134193 0.126829 3.8011e-05 0.00014845 0.000356716 0.000768793 
0.00258022 0.00551248 1.38769e-06 0.000145624 0.00224985 0.355826 0.282764 0.000128313 0.0568003 0.0172472 1.41222e-05 0.000136722 0.0499038 0.00362428 9.52485e-07 0.00514281 0.21634 0.000118304 0.00119194 1.26397e-05 0.000259275 
0.000937071 0.00712314 2.15651e-06 0.0010752 0.00236886 0.630644 0.0061832 0.00402116 0.0306748 0.134034 0.00101499 1.66484e-08 0.133761 0.000729666 1.09842e-07 0.0146828 0.0141521 0.000218489 0.000230354 2.02789e-10 0.0181468 
0.0573067 0.0181705 2.39764e-06 6.50812e-06 0.00204878 0.335228 0.00586956 0.0793337 0.300433 0.0326523 0.000133516 6.37825e-07 0.0463548 0.00975213 7.71581e-11 0.0132665 0.0737576 0.000509221 0.000537705 4.91176e-11 0.0246364 
0.0185209 0.145216 9.50195e-06 0.119396 0.00364551 0.441187 0.00634532 0.00146049 0.0134815 0.030394 3.32251e-07 3.5862e-05 0.0288634 0.000912859 7.05279e-12 0.00600854 0.0186141 0.00108715 0.116749 0.04673 0.00134285 
0.0216552 0.0979176 0.00260291 0.0199 0.00331775 0.276998 0.134408 0.0216209 0.0848071 0.0617876 3.64271e-05 3.80442e-05 0.0330814 0.0422363 2.68659e-09 0.00342198 0.17444 0.00049405 0.0177139 0.0013092 0.00221295 
0.0352632 0.0237049 5.57561e-06 0.00472422 0.00855953 0.327017 0.0296992 0.0114733 0.0848066 0.0217567 0.000378188 1.36781e-06 0.191216 0.00728381 2.69871e-07 0.03562 0.214124 2.48396e-05 4.30048e-05 3.75159e-06 0.00429562 
0.000809873 0.00257028 1.95144e-05 0.0119748 0.000136641 0.74078 0.121918 0.012786 0.00456485 0.00948737 3.18218e-09 4.97883e-06 0.00910722 0.00266479 6.61289e-09 0.00170778 0.079087 0.000568971 0.00141784 0.000124201 0.000270195 
0.000809873 0.00257028 1.95144e-05 0.0119748 0.000136641 0.74078 0.121918 0.012786 0.00456485 0.00948737 3.18218e-09 4.97883e-06 0.00910722 0.00266479 6.61289e-09 0.00170778 0.079087 0.000568971 0.00141784 0.000124201 0.000270195 
0.00715676 0.0194277 0.0184309 0.000499103 0.0498319 0.239933 0.00509831 0.000844801 0.0237281 0.0678617 8.53903e-05 4.4816e-06 0.0443624 0.053111 2.03725e-06 0.00503416 0.175652 0.0203111 0.0308098 0.00176526 0.236051 
0.000825225 0.0200751 8.10249e-06 0.00212411 0.000353906 0.84214 0.0351457 0.00194308 0.0136646 0.0053213 0.000164615 1.79604e-05 0.01942 0.000518543 5.48143e-12 0.00119903 0.0567266 3.54104e-05 0.000283462 2.15123e-08 3.34938e-05 
2.11609e-06 0.0139707 2.114e-06 0.0179808 2.11532e-06 0.227513 0.0370348 2.11627e-06 0.141367 0.182861 2.1139e-06 2.11409e-06 0.141797 0.0131215 0.00190316 0.028991 0.169958 2.11602e-06 0.00867188 2.1139e-06 0.0148127 
0.0011369 0.00444303 3.04209e-05 0.000248765 0.000983818 0.60462 0.0117374 0.0229699 0.0122204 0.142768 7.21216e-05 1.65011e-07 0.0276229 8.97241e-05 6.03461e-12 0.00511301 0.160172 0.000324376 0.00491673 7.20962e-06 0.000523239 
0.00366478 0.022358 0.000169189 0.00315818 0.00220774 0.746451 0.00724166 0.010338 0.0344075 0.0319554 0.000141001 3.90527e-05 0.0567432 0.00330278 7.41593e-05 0.000819251 0.0705697 3.25817e-05 0.000130441 0.0012515 0.0049449 
0.000488454 0.00643161 1.66707e-05 0.000143796 0.00214163 0.572719 0.252361 0.014846 0.0157169 0.0290534 0.000847472 0.000416541 0.0190559 0.00416529 1.51215e-12 0.0222676 0.0514555 0.000124631 0.00762948 2.81494e-06 0.000116375 
0.000214642 0.00790999 4.66611e-05 0.000350237 3.0116e-05 0.917887 0.00157561 7.78887e-05 0.000678133 0.0481511 3.44915e-05 6.12039e-08 0.0123644 1.26478e-08 1.05251e-11 0.000293203 0.0046159 0.00120844 0.00432594 8.44547e-05 0.00015188 
0.000692653 0.00579771 7.76379e-09 9.44775e-05 0.00155193 0.863235 0.00249555 0.00704347 0.0220357 0.00137704 4.56318e-08 7.14421e-08 0.0137952 0.000326938 1.78753e-12 0.00316827 0.0781378 3.32229e-05 0.000100892 1.13791e-12 0.000114136 
0.000246584 0.0102632 0.00155363 0.0014363 3.15454e-05 0.833564 0.00534229 0.00274834 0.00262078 0.0858212 6.05165e-05 1.06974e-06 0.0146439 0.00142286 4.33511e-12 0.00217458 0.0039824 0.0293526 0.00417168 0.000128284 0.000434374 
0.0208921 0.00965039 0.000609287 0.00048642 0.0498416 0.348662 0.0976833 0.00261797 0.00663914 0.0247586 2.86473e-05 5.40309e-07 0.0122771 0.00146271 1.77799e-08 0.23501 0.11806 0.00942812 0.00123139 5.42435e-06 0.0606557 
0.0144532 0.0549535 0.00195766 0.0499426 0.00351079 0.405671 0.106647 0.00401866 0.0256758 0.131198 0.000540232 4.92104e-06 0.149689 0.00797737 1.79877e-10 0.00310379 0.0347593 0.00322481 0.000246101 0.000173327 0.00225228 
0.00441548 0.0105418 0.000290965 0.00102348 0.00352103 0.676532 0.0111842 0.0246305 0.0824369 0.0397363 0.000106424 9.53663e-07 0.0281737 0.00323553 1.47754e-07 0.0109245 0.0142946 0.0151497 0.073305 6.82533e-05 0.000428399 
0.0427091 0.108346 0.000342724 0.00202859 0.0183365 0.364866 0.0457561 0.032748 0.112679 0.0248447 0.000754947 5.62803e-06 0.0787579 0.0164058 0.016235 0.0539114 0.0752794 0.000104313 0.000169084 1.81815e-05 0.005702 
0.000163959 0.00315085 0.00320473 0.0558178 5.54276e-09 0.750215 0.00618158 0.0014094 0.00201374 0.109092 3.2037e-05 1.6179e-06 0.00555136 0.00332024 5.75897e-12 0.000548801 0.00233745 0.0482352 0.00815276 0.000127285 0.000444018 
0.000501596 0.0138343 0.00168444 0.00075576 0.000190267 0.345541 0.0250605 0.0020954 0.0868544 0.188516 0.00017022 2.31717e-06 0.129598 0.00110217 1.15493e-11 0.0116588 0.177528 0.00598584 0.00096651 1.11444e-05 0.00794351 
0.0007005 0.0779408 9.53037e-06 0.017055 0.0124406 0.674344 0.018493 0.088698 0.0187121 0.00387632 9.30486e-08 8.02101e-07 0.00245973 0.00293949 5.63862e-08 0.0332549 0.0308198 1.29854e-05 6.77545e-05 1.15039e-06 0.0181733 
0.000179838 0.00863505 0.00121869 0.00143618 1.43694e-05 0.842747 0.00587889 0.000531364 0.00137983 0.0875368 2.74919e-05 7.30278e-07 0.0131684 0.000848228 9.90871e-12 0.000765362 0.00480027 0.0260992 0.00420613 8.63137e-05 0.000439849 
0.0170691 0.123149 0.00608622 0.000581357 0.00114571 0.345757 0.234371 0.00323959 0.126959 0.0242943 0.000717993 8.26914e-05 0.0376508 0.00705686 1.98369e-10 0.0260524 0.0208625 0.000184591 0.000467741 0.0241643 0.000108412 
0.00261022 0.016697 1.14991e-05 0.00100204 0.000677267 0.590239 0.0544758 0.0519116 0.0638359 0.0159964 0.000211991 5.95916e-07 0.0308099 0.000269426 5.70919e-09 0.0138341 0.153471 1.7543e-05 0.00011944 1.36929e-08 0.00380942 
0.000993545 0.00844687 0.00227778 0.00322777 0.000218126 0.501824 0.106326 0.00533914 0.00303101 0.20029 2.56908e-05 2.65777e-05 0.0649933 0.00330098 3.26069e-06 0.00970446 0.0570297 0.0304052 0.00102074 1.40756e-05 0.00150251 
0.00230868 0.036416 9.87144e-11 1.69687e-08 0.0109595 0.405255 0.268353 0.0833579 0.0425022 0.0119579 1.71948e-08 8.95555e-08 0.0733377 2.18849e-08 1.61046e-10 0.021673 0.0438791 8.1009e-09 1.36203e-07 1.02519e-10 3.31446e-11 
0.00119389 0.0335669 1.7477e-06 0.00295372 0.000207622 0.836792 0.00047499 0.0369754 0.0270316 0.000248102 0.000410536 1.53951e-06 0.00912777 0.000116338 1.83772e-12 0.00176402 0.049039 2.33004e-05 6.03459e-05 1.16986e-12 1.14364e-05 
0.0244022 0.0290544 0.000619835 0.00466472 0.000123648 0.482229 0.011552 0.00634378 0.016864 0.121903 0.000154902 1.26768e-06 0.0281808 0.00231722 1.8141e-10 0.00929523 0.247222 0.00867086 0.00243438 0.00265895 0.00130843 
0.0534955 0.0585009 0.000140317 0.000975606 0.0106379 0.279004 0.0184231 0.0115771 0.117095 0.0304573 0.000141914 5.03683e-05 0.193032 0.0577368 1.43803e-05 0.0103327 0.140301 0.000146605 0.00389024 6.13881e-05 0.0139845 
0.00612115 0.00802649 1.60276e-09 0.00197752 0.00251942 0.668585 0.00639692 0.00364052 0.281559 0.00014193 1.65572e-09 1.54257e-09 0.000466171 5.47382e-07 2.61479e-09 0.0200475 1.12037e-10 2.21163e-05 0.000446135 1.66453e-09 5.00875e-05 
1.13786e-06 0.00478094 0.00284297 0.00170716 1.13744e-06 0.349938 0.0118352 1.13796e-06 0.0415361 0.0327766 1.13668e-06 1.13678e-06 0.236248 1.13783e-06 1.13581e-06 0.0177509 0.299774 0.000797612 1.13704e-06 1.13668e-06 1.1377e-06 
0.000472037 0.0135745 0.000135854 0.000305661 9.59279e-05 0.90829 0.00092437 0.00165541 0.00355444 0.0413838 0.000141342 4.4879e-07 0.0165312 0.000186606 7.03349e-13 0.00339373 0.00286639 0.001761 0.00435267 0.000241999 0.000132301 
