0.00832105 0.0450191 9.45579e-05 0.00128079 5.65208e-08 5.29116e-12 8.847e-12 0.00676445 0.0380351 0.00383206 0.13242 3.89861e-07 1.49332e-07 0.738503 7.02462e-11 2.3786e-08 0.0217179 0.000130297 0.00377628 4.47175e-11 0.000104683 
0.00213505 0.00118989 0.000350373 1.62252e-08 1.43809e-08 3.44416e-09 0.000524627 0.00500615 3.47428e-05 0.00131732 2.89538e-08 2.69751e-08 0.00210506 0.00592879 4.57251e-08 0.000832219 0.00304754 7.10245e-09 0.974374 2.91078e-08 0.00315445 
0.106965 0.866306 2.40662e-10 1.3932e-10 1.23483e-10 2.95736e-11 4.9448e-11 4.79747e-07 0.0190053 8.07426e-07 2.48615e-10 2.31624e-10 0.00772024 1.79124e-07 3.92623e-10 2.31405e-07 3.85261e-07 6.09859e-11 1.86698e-06 2.49937e-10 8.08052e-11 
6.13613e-06 0.0187579 5.89277e-10 2.25182e-06 3.02356e-10 7.24129e-11 1.21077e-10 2.35014e-07 0.0252362 0.00197809 6.0875e-10 5.67147e-10 8.00043e-11 0.954016 9.61363e-10 1.57348e-10 2.8217e-06 1.49477e-07 4.61714e-10 6.11988e-10 5.73982e-07 
0.0313413 0.00977384 0.000482087 1.62263e-05 0.00246028 1.13771e-07 0.00412624 0.0454532 0.0435641 0.175382 7.22585e-07 2.01711e-06 0.124993 0.0375211 1.05758e-05 0.0796403 0.0577928 0.00014017 0.0815738 0.00478651 0.30094 
0.0126954 0.0896096 9.1518e-06 0.00125154 1.40862e-09 3.37358e-10 0.00799852 1.19561e-06 0.0518293 0.0473386 2.83605e-09 2.64223e-09 7.2889e-08 0.700237 4.47881e-09 0.00453575 0.000763967 7.84943e-05 2.76966e-06 2.85113e-09 0.0836483 
0.0230224 0.0264297 1.14263e-07 0.000110919 5.86278e-08 1.40411e-08 2.34772e-08 7.82961e-06 2.55657e-05 0.0208827 1.18039e-07 1.09972e-07 1.55131e-08 0.829892 0.0104836 0.0517083 0.0227008 2.89552e-08 0.0101855 1.18666e-07 0.00454989 
2.98607e-07 8.42912e-07 7.33895e-11 1.82729e-07 6.40524e-08 9.01842e-12 1.50791e-11 9.83162e-08 0.00565415 9.91135e-08 8.4162e-07 2.26098e-07 6.07895e-08 0.99327 1.20927e-08 1.95964e-11 0.000468788 0.000604262 1.09313e-07 7.6218e-11 2.48879e-09 
0.406834 0.0628474 0.165365 0.0443122 3.62759e-07 8.68793e-08 0.0130379 0.0372808 0.169147 0.00411827 8.93375e-05 1.19727e-05 0.0066149 0.0897621 1.15342e-06 2.21191e-05 0.000479692 1.7916e-07 3.02944e-06 7.34248e-07 7.15137e-05 
0.000419473 6.82913e-07 5.79986e-07 0.00299229 3.59531e-07 2.08197e-11 2.451e-07 4.58565e-06 0.0422588 0.452897 3.71373e-07 7.87605e-08 0.0751851 0.0771361 2.76404e-10 0.100519 0.182158 0.00487192 0.000230975 4.41195e-07 0.0613246 
0.000645005 0.00189417 0.995279 0.000582792 9.42027e-09 6.2972e-14 0.00016396 9.13269e-10 0.000229516 0.000970267 5.29384e-13 4.06856e-09 6.95737e-14 0.000102984 8.36025e-13 3.42679e-09 0.000106877 1.29859e-13 2.5185e-05 5.32199e-13 3.10294e-09 
3.07181e-05 1.28125e-05 1.85352e-06 8.24753e-10 7.31002e-10 1.75072e-10 0.353402 0.000211941 0.103327 0.133839 1.47177e-09 1.37118e-09 5.45479e-06 0.335845 2.32428e-09 0.0732929 2.43596e-05 2.02212e-06 1.11628e-09 1.47959e-09 4.97538e-06 
0.00105521 0.0162435 1.20762e-10 6.99095e-11 0.0020257 1.48398e-11 0.0270267 5.83511e-07 0.00923504 0.0241084 4.9154e-06 1.97703e-07 4.14823e-07 0.920291 1.97015e-10 6.8426e-06 4.80337e-07 2.72391e-07 3.97502e-07 1.25417e-10 1.41957e-07 
5.16275e-08 4.5115e-05 2.24602e-07 1.30022e-07 1.15243e-07 2.76001e-08 0.00968237 3.58157e-08 0.00012204 0.0433092 3.98224e-05 3.28989e-06 3.04935e-08 0.920743 3.66422e-07 7.61858e-05 4.04597e-05 2.1908e-05 3.3026e-05 2.33258e-07 0.0258821 
0.0737641 0.495801 4.92089e-06 7.88381e-07 1.30388e-08 3.12274e-09 0.00165011 8.27066e-05 0.135962 1.00134e-05 1.66198e-06 2.44577e-08 6.07521e-05 0.0760145 4.1458e-08 0.107665 0.108917 2.93572e-07 9.30474e-07 4.41656e-06 5.89432e-05 
1.1175e-05 0.130477 8.10136e-09 4.69458e-06 4.15678e-09 9.95531e-10 0.0796786 1.29187e-09 0.330476 2.34196e-05 4.19291e-06 7.79713e-09 2.70586e-05 0.45854 1.32168e-08 2.53118e-05 0.000681043 2.05296e-09 6.34764e-09 3.11387e-05 2.04037e-05 
8.42084e-11 1.78444e-06 3.66343e-10 4.05087e-06 1.82349e-06 4.50178e-11 0.00108448 0.00120689 0.347459 0.221492 3.78449e-10 3.52585e-10 1.86316e-05 0.00239962 5.97663e-10 0.0389041 0.294966 9.28345e-11 1.09104e-06 3.80462e-10 0.0924602 
0.0911684 0.0864028 8.29914e-07 0.000392169 0.0661715 1.46125e-10 0.06481 5.40663e-07 0.167349 0.0600787 0.000243374 5.36812e-08 0.0122837 0.394199 1.07186e-07 0.00869385 0.0308102 3.01336e-10 1.11684e-06 1.34119e-06 0.0173937 
0.000158716 0.0235504 2.93582e-08 1.24361e-06 1.50636e-08 3.60766e-09 6.03213e-09 0.000341192 0.0425987 0.00502201 3.03284e-08 6.43294e-07 0.00084261 0.886015 4.78958e-08 1.04317e-06 0.0039803 8.8794e-08 2.19272e-06 0.0322359 0.00524962 
0.00185402 3.84197e-05 1.4848e-06 1.84265e-05 7.61848e-07 1.82459e-07 0.000104221 1.78049e-05 0.824066 0.0028108 1.53387e-06 1.42904e-06 0.00540621 0.0683752 0.00210607 0.00162628 0.000491848 0.000130044 0.00404416 1.54203e-06 0.0889032 
0.163058 0.713495 1.81201e-08 1.04898e-08 1.39111e-05 2.22668e-09 3.72308e-09 0.0477441 0.0558502 5.85672e-06 1.87189e-08 1.74396e-08 0.00918333 0.00989816 2.95617e-08 5.2649e-05 0.000657445 4.59179e-09 1.41976e-08 1.88185e-08 4.08686e-05 
1.38869e-09 0.000677002 6.04139e-09 3.49737e-09 4.02371e-06 7.42393e-10 2.14585e-06 7.81934e-07 2.0889e-06 2.48736e-07 2.16857e-06 5.81452e-09 2.9853e-05 0.959024 9.85611e-09 0.02722 0.0124902 0.000547127 4.73359e-09 6.27423e-09 2.02847e-09 
1.01851e-08 1.23889e-05 4.43098e-08 2.5651e-08 2.27352e-08 5.44498e-09 9.10418e-09 7.06576e-09 0.841744 0.00222681 5.55637e-06 4.26457e-08 6.0158e-09 0.155986 7.22882e-08 1.18316e-08 7.08785e-06 1.12285e-08 3.47179e-08 4.3847e-06 1.35604e-05 
0.0070172 0.236995 6.40544e-07 0.000323736 5.46343e-05 7.87129e-08 1.31611e-07 7.50837e-07 0.181816 2.79713e-06 6.61712e-07 6.16489e-07 0.000143488 0.567963 1.045e-06 0.000591348 0.00484251 5.74665e-07 5.01883e-07 0.000109371 0.000136632 
0.0100675 0.00372455 9.63291e-05 1.76034e-05 0.000316932 6.94864e-07 0.000100175 0.00648629 0.0112936 0.000186016 3.61387e-05 5.44226e-06 0.0440497 0.000726865 9.2251e-06 0.0382337 0.0250723 6.75121e-06 5.46971e-05 8.71876e-05 0.859428 
4.94708e-05 3.95265e-05 2.21853e-08 1.28431e-08 1.13832e-08 2.72622e-09 4.55834e-09 3.53773e-09 0.000153308 0.0360446 2.98169e-05 2.13521e-08 3.01203e-09 0.907095 3.61937e-08 7.76089e-05 0.0564697 1.34983e-05 1.73828e-08 2.30403e-08 2.75686e-05 
0.0119566 1.30065e-06 8.68625e-10 5.02848e-10 4.45688e-10 1.0674e-10 8.26351e-06 8.59754e-05 0.230755 0.100458 7.44873e-06 1.25484e-06 0.430646 0.189885 1.4171e-09 0.0361142 4.75007e-05 2.42349e-07 5.24124e-06 1.35405e-06 2.54323e-05 
0.000322939 0.0818699 0.657066 0.0233175 1.47603e-07 4.24775e-12 0.00554492 0.000537955 0.00889241 0.158454 1.38593e-06 0.000497095 4.69306e-12 0.042207 5.65395e-09 5.36952e-08 0.0155337 9.7389e-08 0.00454908 3.58992e-11 0.00120509 
0.0766054 0.586528 8.43157e-07 0.0383293 1.43326e-05 6.66308e-10 2.73575e-06 3.36062e-05 0.0329889 4.63176e-06 0.105189 8.0597e-05 0.0691287 3.95113e-05 8.846e-09 0.0137904 0.0542943 0.000674495 0.0212776 5.63121e-09 0.00101807 
3.91596e-05 0.00189004 2.66227e-07 1.47363e-05 1.90264e-05 3.27151e-08 0.040078 4.24533e-08 0.00871575 0.0396435 1.72893e-05 1.14455e-05 0.0279862 0.849962 4.3433e-07 0.00565176 0.0113267 0.000149623 2.08596e-07 0.00617021 0.00832328 
0.000179958 0.000327623 7.20698e-05 2.02394e-07 5.2137e-06 4.29626e-08 0.0336648 2.34375e-05 0.0686779 0.00321725 3.61171e-07 4.63544e-05 0.000298035 0.871103 0.0134303 0.00809835 0.000761115 8.85962e-08 2.73935e-07 5.1312e-05 4.18577e-05 
2.67537e-06 5.01747e-06 2.90903e-09 1.68404e-09 3.49285e-05 3.57474e-10 5.97708e-10 4.63882e-10 4.93904e-10 0.999531 3.00516e-09 2.79978e-09 6.47757e-06 4.04104e-06 4.74587e-09 1.47663e-06 0.000160238 5.90476e-07 2.00602e-05 3.02114e-09 0.000233735 
7.8764e-10 3.51346e-05 1.23391e-05 2.10286e-05 1.75816e-09 4.21073e-10 1.71795e-05 1.18577e-05 1.54177e-05 0.349687 0.000138411 1.48438e-05 4.65216e-10 0.498349 5.64611e-07 9.14962e-10 0.151607 9.7261e-06 5.04773e-05 3.55864e-09 2.94544e-05 
0.000589088 0.00593172 9.517e-07 0.000155978 0.000134855 2.48319e-10 0.0336421 0.00591366 0.0529658 0.088428 1.30284e-05 0.000206708 0.00193851 0.643077 3.29671e-09 0.00179018 0.0796577 4.28759e-05 3.90561e-05 9.00539e-06 0.0854641 
0.00181573 0.0208484 5.93759e-07 5.89176e-07 5.48309e-07 2.08408e-11 0.0474378 8.11604e-08 0.0248103 0.0656001 0.00134653 1.63391e-07 8.52176e-08 0.692239 9.68674e-07 0.00453864 0.14136 6.88066e-08 2.12747e-07 1.76133e-10 7.6311e-07 
1.66975e-08 3.2283e-05 7.26416e-08 7.17424e-05 9.36577e-05 8.92652e-09 0.000944198 1.15836e-08 0.715076 0.0417191 0.000152831 0.000672725 1.95125e-05 0.240933 2.18037e-06 3.89961e-05 0.000136852 0.000106988 5.69166e-08 7.54412e-08 2.43903e-08 
0.000226334 0.000144163 4.66637e-08 0.000345802 2.3943e-08 5.73425e-09 0.000436257 1.93544e-05 0.000195699 0.000390403 4.82058e-08 4.49113e-08 7.91988e-05 0.996618 7.61286e-08 0.000130844 0.000633794 1.1825e-08 3.65623e-08 0.000281129 0.000498256 
2.69245e-06 1.24871e-06 3.65929e-09 2.11837e-09 0.000303604 4.49669e-10 2.40603e-05 0.00367963 4.47389e-06 0.111577 3.02795e-06 3.66309e-05 4.9681e-10 0.867729 5.96987e-09 9.771e-10 0.016617 3.71011e-06 2.86715e-09 3.80032e-09 1.85538e-05 
1.33638e-05 0.00574675 0.000509478 0.00250912 0.00286572 5.14021e-09 8.5946e-09 3.21085e-06 0.595525 0.00330997 3.52409e-05 4.02588e-08 1.58905e-05 0.216785 6.82421e-08 0.000141308 0.150173 1.06e-08 0.0222372 4.34417e-08 0.000128804 
0.000680572 6.12733e-06 1.85028e-05 2.60815e-07 2.29331e-06 5.30061e-11 0.00255687 2.78535e-05 0.0027205 0.0380168 0.000115657 4.15151e-10 0.208268 0.00062857 7.03716e-10 0.674589 0.0380678 9.68126e-08 0.000156532 1.47902e-06 0.0341427 
8.49108e-05 9.47094e-05 7.2417e-08 4.19223e-08 3.71569e-08 8.89892e-09 0.000369022 0.000114335 0.00034059 0.000100856 7.48101e-08 6.96975e-08 0.000141588 0.000977074 1.18143e-07 0.90532 0.0923633 1.83511e-08 9.0842e-05 7.5208e-08 2.45581e-06 
6.67998e-05 0.000672983 1.60928e-07 7.37953e-05 0.000245327 1.97756e-08 0.000275177 9.4482e-05 0.00252304 0.00258309 0.00594877 3.21404e-05 6.71712e-05 0.986976 2.62543e-07 5.6497e-07 7.77673e-05 4.41307e-05 0.000215166 0.000103005 5.40337e-08 
0.000616486 0.000257127 0.000432132 4.55898e-06 4.04075e-06 9.67742e-07 0.0368807 0.00424228 0.0111273 0.0139939 8.13547e-06 7.57947e-06 0.000110218 0.923446 1.28479e-05 0.00820888 0.000487996 4.2452e-05 6.17045e-06 8.17873e-06 0.000102194 
0.00451918 0.0358184 7.79399e-07 5.21325e-07 2.04272e-05 1.55767e-10 0.0500433 5.0768e-07 0.109462 0.07801 0.000345142 5.05494e-08 0.0139796 0.258212 1.00889e-07 0.00607277 0.41358 5.06549e-07 1.04878e-06 1.25947e-06 0.0299336 
0.0140604 0.00403362 4.63172e-05 2.1113e-05 7.41276e-06 3.14388e-08 0.0259206 2.76282e-05 0.017228 0.148027 2.41777e-05 2.46232e-07 0.127142 0.191107 0.0158216 0.0732898 0.0331152 7.4987e-05 0.345794 0.000647426 0.0036115 
6.38108e-09 0.00646874 8.36697e-05 0.0293216 1.42438e-08 3.41133e-09 0.0586439 0.000444249 0.0135602 0.236683 0.00926859 0.000123297 3.76896e-09 0.636461 5.18636e-07 7.41258e-09 0.00580864 0.000191255 0.00164296 2.88304e-08 0.00129826 
1.9702e-09 1.3004e-06 8.57123e-09 4.47066e-06 4.39787e-09 1.05327e-09 1.7611e-09 1.36679e-09 3.79836e-05 3.07542e-06 8.85447e-09 8.24934e-09 3.37588e-06 0.99994 1.39833e-08 2.74871e-06 2.33729e-06 4.56344e-06 6.71579e-09 8.90156e-09 2.87789e-09 
4.99438e-05 0.0824816 7.16104e-11 0.000263239 4.03308e-08 8.7998e-12 0.00110008 0.0662804 0.00115529 0.00294106 0.00957358 0.000341509 1.53091e-08 0.473795 1.16827e-10 1.91214e-11 0.000426253 0.00167366 0.00132044 0.358139 0.000459309 
0.0847514 0.169448 0.486272 1.16305e-06 9.41663e-08 1.01551e-12 0.0115218 0.0155904 0.000600383 0.0923257 8.53701e-12 6.36237e-08 6.10502e-07 0.0589289 1.3482e-11 0.00364109 0.0505402 2.09415e-12 0.01644 8.58241e-12 0.00993843 
2.04967e-05 0.609674 1.89316e-09 1.09595e-09 9.71373e-10 2.32639e-10 7.00202e-06 0.0192443 0.0469415 0.0173858 1.95572e-09 3.66234e-07 3.59865e-06 0.306696 3.08855e-09 5.05509e-10 1.17516e-05 2.88326e-07 9.79155e-06 1.96612e-09 4.51375e-06 
0.142449 0.0289471 1.6852e-08 5.02334e-06 0.00243992 2.07085e-09 0.227055 1.20273e-06 0.16863 3.65182e-06 3.60553e-06 1.62192e-08 0.00945609 0.206159 0.110124 0.0032844 0.00778612 4.27045e-09 0.0463314 1.75015e-08 0.0473248 
0.0424068 2.35069e-05 1.40383e-09 5.36449e-06 7.203e-10 1.72509e-10 2.27897e-06 5.59872e-07 0.15299 2.35502e-06 2.03177e-06 1.35111e-09 1.90594e-10 0.804484 2.29025e-09 3.74849e-10 6.72212e-06 7.15757e-05 1.21103e-06 1.60518e-06 1.36739e-06 
0.000370124 0.0191668 0.00172076 7.86414e-05 9.39535e-05 3.26504e-05 0.00642198 0.00529687 0.0478765 0.713916 0.0031188 0.000164656 0.00433531 0.0526173 0.098148 0.00582067 0.0366156 0.000117076 0.00042679 5.96254e-05 0.00360208 
0.04802 0.0565644 0.000112222 9.33703e-06 0.00437816 2.2997e-09 2.98167e-05 0.00663372 0.0386328 0.117805 1.93328e-08 1.80115e-08 0.0745229 0.571094 3.05311e-08 0.0356633 0.00786378 6.72992e-06 0.000625044 0.000984471 0.0370549 
0.0124698 0.0270707 2.50889e-06 7.74369e-07 3.00048e-06 5.78186e-10 1.28753e-05 8.1264e-08 0.132574 0.000391428 2.29591e-06 4.52842e-09 6.388e-10 0.809364 7.67607e-09 1.25636e-09 0.00465067 1.28085e-05 6.27468e-07 0.0134436 1.98232e-07 
2.97565e-06 0.0253159 3.66724e-06 0.000545191 6.3875e-07 2.12482e-10 5.10498e-06 0.000596195 0.0182306 0.0102641 0.00917631 4.41148e-06 6.05861e-07 0.918533 6.20331e-07 4.61708e-10 0.0169574 0.000339057 1.49997e-05 1.79576e-09 8.75252e-06 
0.00403138 0.0989275 4.95367e-11 2.86769e-11 0.0019806 6.08729e-12 0.0395326 0.509901 0.0172913 0.0232549 2.0163e-06 8.10976e-08 1.7016e-07 0.304939 8.08156e-11 0.000126249 1.97034e-07 1.12852e-05 1.63055e-07 2.26413e-07 1.04288e-06 
4.51548e-05 0.000154321 2.72777e-07 1.57911e-07 3.83885e-05 3.35201e-08 0.000276155 9.48279e-05 0.000138935 0.000178843 0.000798736 3.23591e-05 0.000285503 0.996969 4.45017e-07 5.96649e-07 7.80452e-05 0.000843496 6.47698e-05 2.8329e-07 9.15883e-08 
3.07525e-05 2.28158e-05 7.66452e-06 4.437e-06 3.93264e-06 9.41849e-07 0.00032118 9.14944e-05 1.30131e-06 0.000172308 7.9178e-06 7.37668e-06 1.15897e-05 0.998961 1.25041e-05 0.000103078 0.000220943 1.94226e-06 6.00535e-06 7.95991e-06 2.57346e-06 
0.00121693 0.00966905 0.000117482 0.000400624 1.36774e-07 2.75965e-08 1.95583e-07 2.32788e-06 0.00448065 0.00557603 0.0492028 0.00019768 1.98549e-07 0.916337 2.41641e-07 0.000109612 0.0102565 0.00186165 0.000570274 4.8297e-08 1.31733e-07 
7.4906e-07 0.000218958 3.25874e-06 0.00065977 1.67205e-06 4.00448e-07 0.000425215 5.19647e-07 0.876061 0.115729 3.36642e-06 0.000168858 4.42429e-07 0.00136738 5.31639e-06 8.70145e-07 0.000504414 1.82793e-05 8.35014e-05 3.38433e-06 0.00474369 
6.27339e-05 0.000296759 0.997607 3.87403e-09 1.57939e-08 6.32527e-14 7.18332e-05 8.20809e-14 0.000130251 0.00128157 5.31744e-13 4.95403e-13 6.98838e-14 0.000204406 8.39751e-13 5.74528e-09 0.000301176 1.30438e-13 4.47273e-05 5.34571e-13 5.20229e-09 
0.000322939 0.0818699 0.657066 0.0233175 1.47603e-07 4.24775e-12 0.00554492 0.000537955 0.00889241 0.158454 1.38593e-06 0.000497095 4.69306e-12 0.042207 5.65395e-09 5.36952e-08 0.0155337 9.7389e-08 0.00454908 3.58992e-11 0.00120509 
0.0603638 0.153417 2.07217e-06 3.35858e-06 4.37759e-06 2.99539e-11 0.094706 1.90503e-07 0.111554 2.52538e-06 7.49144e-05 2.25242e-06 2.08166e-06 0.435252 3.97672e-10 0.0364163 0.0548065 4.94779e-08 2.1028e-07 2.53151e-10 0.0533933 
0.24254 0.271641 2.76544e-07 0.00307423 4.45492e-06 3.61473e-11 0.00323972 0.0303931 0.0257955 0.0149512 6.89975e-05 2.8311e-10 5.1425e-06 0.387709 1.84785e-05 1.318e-07 0.00793499 0.000398664 0.00159011 0.0106347 1.08945e-06 
0.191788 0.0503643 2.26259e-07 1.2925e-07 6.28506e-11 1.50525e-11 0.0467469 0.164879 6.41506e-05 8.50296e-07 1.26541e-10 2.04268e-06 0.0272175 0.407606 1.99838e-10 0.0032161 0.0889276 4.52686e-08 6.22705e-06 1.27214e-10 0.0191807 
7.54844e-05 7.38284e-05 3.2192e-08 1.8636e-08 8.92112e-05 3.95589e-09 0.000442509 5.13343e-09 0.000317561 0.000204459 0.000136383 0.991988 4.37061e-09 0.00225393 5.25189e-08 7.13543e-05 6.90866e-05 0.000126453 8.32622e-05 0.00406878 1.08089e-08 
6.44883e-07 0.0128865 1.85784e-10 1.07551e-10 9.53251e-11 2.28299e-11 3.81724e-11 0.00222237 7.94919e-07 4.84147e-07 1.91923e-10 3.93554e-07 1.21097e-07 0.984886 3.03093e-10 4.96079e-11 2.01308e-07 4.70793e-11 1.23747e-06 2.89609e-07 6.86233e-07 
0.0464195 0.0487912 7.55893e-07 0.000231433 3.19088e-09 7.64201e-10 1.47438e-05 0.000827341 0.00873265 0.000705574 0.171986 0.000601068 2.56573e-06 0.714713 1.01456e-08 4.10022e-07 0.00595734 0.000735254 0.000225489 6.45854e-09 5.59183e-05 
5.06892e-08 0.000603953 2.2052e-07 0.000434168 1.13148e-07 2.70985e-08 0.00133667 4.57493e-05 0.000164776 0.000672381 0.993995 0.0010614 2.99393e-08 0.00103375 3.59763e-07 5.88831e-08 0.000650524 5.58817e-08 1.72783e-07 2.29019e-07 7.40423e-08 
0.000379527 0.00216687 8.22421e-05 1.42487e-06 1.26291e-06 3.0246e-07 5.05724e-07 0.00134383 0.000159813 0.000156075 2.54268e-06 3.54259e-05 3.34169e-07 0.994645 4.0155e-06 6.57225e-07 6.57975e-05 6.23725e-07 8.26636e-05 2.5562e-06 0.000868285 
3.03693e-05 3.34086e-05 5.09403e-06 9.37864e-05 0.000146384 6.25976e-07 0.00134057 2.04724e-05 8.4595e-05 9.23756e-05 5.26236e-06 8.40091e-05 6.916e-07 0.00043028 0.997315 1.4329e-05 0.000230698 6.09359e-05 3.99131e-06 5.29035e-06 1.71038e-06 
0.086958 0.122449 1.32421e-09 6.44007e-06 6.79446e-10 1.62724e-10 2.17936e-07 1.92179e-06 0.600546 0.0176521 1.36797e-09 1.14831e-06 1.79783e-10 0.166014 0.00201625 3.11193e-06 0.00428726 3.35566e-10 1.56681e-05 1.37524e-09 4.95307e-05 
0.0458561 0.0849974 1.05324e-06 0.000133823 0.00813561 1.29427e-07 9.24138e-05 1.67953e-07 0.000156457 0.0149535 1.00025e-05 1.01369e-06 0.00197635 0.70575 1.71829e-06 0.000401978 0.000106238 2.79655e-05 0.128379 0.000409004 0.00861075 
6.22259e-05 5.30065e-05 0.000102497 0.000636145 4.66668e-05 8.18135e-10 3.07679e-05 8.73919e-05 0.00267992 0.137064 0.00014919 6.40774e-09 0.764277 0.0214973 2.17508e-06 0.0610433 7.0204e-05 0.00023173 0.00151461 6.91435e-09 0.0104525 
1.87578e-07 0.845103 0.00293858 0.005008 4.1871e-07 1.00279e-07 0.00409133 0.00282393 0.00367175 0.032018 0.0329628 0.00353509 1.10792e-07 0.0395478 0.000134463 2.179e-07 0.00681108 0.00231629 0.0120213 8.47496e-07 0.00701461 
0.00482974 0.163997 0.000291335 0.000572665 2.10231e-05 3.03996e-11 0.00250325 0.0213232 0.0690602 0.431387 0.0168348 2.39002e-05 0.0289387 0.0483454 1.15775e-06 0.00982374 0.0828145 5.79758e-07 0.00634054 1.29514e-06 0.11289 
7.20876e-06 1.69111e-05 1.58896e-07 9.19852e-08 8.15291e-08 1.95259e-08 0.0476744 2.5338e-08 0.000186541 9.16418e-05 0.000202178 7.76503e-05 0.000357984 0.951189 2.59228e-07 4.24283e-08 9.36878e-05 4.02657e-08 1.24499e-07 0.000101709 5.33513e-08 
2.13956e-07 0.000163637 9.308e-07 0.00147437 7.51684e-05 1.14381e-07 1.91249e-07 2.02663e-05 0.203395 0.00733703 8.78478e-05 0.000766618 0.00947794 0.767285 1.51853e-06 4.68923e-05 1.56678e-05 1.91917e-05 2.861e-05 9.66673e-07 0.00980279 
1.4682e-05 2.35946e-05 5.69e-08 0.00035283 2.91952e-08 6.99212e-09 0.00596132 0.000118393 0.0652075 0.00502637 5.87803e-08 5.47631e-08 7.72513e-09 0.910248 9.28282e-08 6.87223e-05 0.0129235 3.71409e-07 5.31244e-05 5.90929e-08 1.39082e-06 
0.0167113 0.0958045 4.71848e-09 8.22189e-07 2.42104e-09 5.79827e-10 9.6949e-10 7.52422e-10 0.211006 0.00124725 4.8744e-09 4.0917e-06 6.40613e-10 0.674311 7.69786e-09 1.25992e-09 0.000859845 1.1957e-09 5.58293e-05 4.90033e-09 1.58429e-09 
0.00693365 0.617861 0.000116853 1.09448e-07 4.55888e-06 1.12814e-11 2.06195e-05 0.259286 0.00220922 0.000190416 7.47271e-08 7.83691e-09 1.58104e-05 0.110306 1.49773e-10 8.4086e-05 0.000278392 2.32642e-11 0.00142976 8.55682e-07 0.00126369 
0.00685152 0.0252763 0.00187276 0.00221656 0.0329823 4.92857e-08 0.0424961 0.00686103 0.0100303 0.221851 0.077298 1.15158e-07 0.198127 0.110959 4.58169e-06 0.104617 0.0652631 4.59161e-05 0.0131267 0.0014318 0.0786884 
4.89134e-07 0.000268919 2.12794e-06 0.00077373 1.09184e-06 2.61491e-07 0.000689076 4.48771e-05 0.000356014 0.21278 0.021211 2.04803e-06 2.88905e-07 0.728447 3.47159e-06 0.0313396 0.000263719 5.3924e-07 1.6673e-06 0.00381331 7.14483e-07 
1.03946e-07 7.71781e-05 4.52208e-07 2.61784e-07 2.32027e-07 5.55693e-08 5.58411e-05 7.21104e-08 7.67775e-08 0.000481901 4.67152e-07 4.35226e-07 6.13949e-08 0.00060575 7.37745e-07 0.870038 0.000271882 1.14593e-07 3.54317e-07 0.128117 0.000349372 
5.03401e-05 0.567171 0.33976 0.000514348 1.20956e-09 2.89683e-10 1.54516e-05 6.3157e-06 0.0718733 1.5196e-05 2.43527e-09 2.81358e-05 9.63356e-08 0.0205587 3.84587e-09 6.29462e-10 4.78044e-07 5.97377e-10 6.65126e-06 2.44822e-09 7.91514e-10 
0.0173208 0.000147739 6.14755e-09 8.54473e-06 3.15429e-09 7.55438e-10 3.03274e-06 8.82375e-06 4.66567e-05 6.81064e-06 6.35071e-09 2.3726e-06 1.75357e-06 0.982427 1.00293e-08 1.80731e-06 2.24754e-05 2.02676e-06 4.81677e-09 6.38448e-09 2.06412e-09 
8.28278e-06 0.000915826 1.01529e-07 1.38084e-06 4.29416e-05 1.24763e-08 0.00715765 8.07382e-06 0.00155823 6.11386e-05 0.00074904 0.00434621 1.37842e-08 0.982038 1.65637e-07 2.71101e-08 0.000138114 0.00286345 4.09465e-05 1.05442e-07 7.03428e-05 
6.4612e-07 0.00255744 2.81091e-06 1.62724e-06 1.44227e-06 3.45416e-07 0.880876 4.48235e-07 0.00959311 0.0174672 2.90379e-06 2.70534e-06 3.81628e-07 0.0280959 4.58579e-06 0.0257451 0.0279017 7.12308e-07 2.20242e-06 2.91924e-06 0.00774007 
1.58099e-05 0.048223 3.48815e-08 5.81836e-06 1.78976e-08 4.2864e-09 7.167e-09 2.72597e-05 2.95331e-05 0.000661957 3.60343e-08 9.37401e-05 4.73576e-09 0.940275 5.69068e-08 9.31404e-09 0.01066 6.55044e-06 2.73306e-08 3.62259e-08 1.48936e-06 
0.00353157 0.0039317 8.65176e-10 6.81152e-07 4.43919e-10 1.06317e-10 6.01569e-07 7.11574e-08 0.00441702 0.000106032 8.93767e-10 8.32685e-10 1.17462e-10 0.984105 1.41147e-09 2.31019e-10 0.00366637 1.93285e-05 6.77889e-10 8.9852e-10 0.000221522 
0.0224946 0.100221 2.85148e-09 2.19898e-06 1.46309e-09 3.50402e-10 1.33473e-05 5.04353e-05 0.315933 0.016479 2.94571e-09 1.04641e-05 0.0113393 0.484159 1.09821e-05 0.00202121 0.0470002 0.000258037 6.39583e-06 2.96138e-09 1.18482e-06 
0.0116994 0.0190468 4.89226e-07 9.68799e-07 9.78912e-07 4.74748e-10 0.00035553 0.0293705 0.0126116 0.0185219 0.0211019 0.0236089 0.0196623 0.680438 3.30008e-06 3.85682e-05 0.00189577 0.00192142 0.0103063 0.149414 1.10295e-06 
4.38113e-06 0.123445 1.70162e-09 9.85069e-10 1.39782e-06 2.09102e-10 3.49626e-10 2.71345e-10 0.749086 1.45431e-06 1.77543e-07 1.63771e-09 3.28076e-06 0.127308 2.77607e-09 4.54364e-10 1.20149e-06 0.000147429 1.33326e-09 1.7672e-09 2.05739e-06 
0.0665823 0.178046 0.000752154 0.00102175 0.00559884 3.17757e-07 0.00017783 0.00116516 0.00238756 0.0327863 2.67127e-06 2.48871e-06 0.00014499 0.0193607 0.00025366 6.90463e-07 4.29323e-05 2.06529e-05 0.0904567 0.000359112 0.600837 
4.99438e-05 0.0824816 7.16104e-11 0.000263239 4.03308e-08 8.7998e-12 0.00110008 0.0662804 0.00115529 0.00294106 0.00957358 0.000341509 1.53091e-08 0.473795 1.16827e-10 1.91214e-11 0.000426253 0.00167366 0.00132044 0.358139 0.000459309 
0.0964717 0.0566571 5.9892e-07 1.5684e-05 0.00140797 7.35979e-08 0.000579627 0.000778122 0.00805383 0.0254241 6.18712e-07 5.76428e-07 0.070725 0.57087 9.77095e-07 0.00696739 0.0370897 1.51772e-07 0.000311011 4.06408e-06 0.124642 
0.0444598 0.754123 2.31983e-06 0.0020443 3.96107e-07 4.8153e-12 8.05134e-12 0.190095 1.17627e-06 0.00572778 4.04805e-11 3.7714e-11 9.06021e-07 1.82129e-06 6.39285e-11 3.7355e-07 0.00353926 1.19259e-08 7.49185e-07 2.23018e-06 9.89423e-07 
0.000114471 5.807e-05 3.84483e-06 4.74329e-05 3.06753e-06 5.24384e-10 0.667827 2.06872e-05 0.319763 0.000224786 4.40831e-09 4.10704e-09 4.05557e-05 0.0109765 6.96179e-09 5.8227e-05 0.000315208 5.08352e-06 3.34354e-09 4.43176e-09 0.000542458 
0.0672735 8.36908e-07 1.18747e-06 7.62959e-10 0.00412161 1.61954e-10 2.73501e-08 2.10163e-10 0.11102 4.17145e-06 4.09811e-07 1.26845e-09 5.52922e-06 0.767471 2.15013e-09 1.19686e-06 0.0500858 4.01108e-07 1.03264e-09 1.36874e-09 1.49132e-05 
0.00142948 0.0383184 0.000244329 0.000973892 5.77097e-08 1.38212e-08 1.58042e-05 0.000640174 0.063885 0.0130398 1.1619e-07 1.08249e-07 2.62649e-05 0.859726 1.83492e-07 0.00646857 0.0124396 7.03264e-05 0.000548426 0.00025277 0.0019204 
0.0192768 0.0155484 3.31458e-06 1.91881e-06 1.7007e-06 4.0731e-07 0.00715155 5.28552e-07 0.0263378 0.837087 3.42411e-06 3.1901e-06 4.5001e-07 0.0792483 0.000546157 8.85056e-07 0.0072987 0.00243667 0.0041579 3.44232e-06 0.000891441 
8.3701e-10 6.93623e-06 3.64136e-09 2.10799e-09 1.86837e-09 4.47466e-10 0.00700759 5.80662e-10 0.0151441 0.00171315 3.76169e-09 8.06411e-06 4.94376e-10 0.975562 5.94062e-09 9.82036e-08 8.14784e-07 0.00055513 2.8531e-09 3.7817e-09 2.20195e-06 
0.000142314 0.18668 2.27465e-06 1.3168e-06 0.000507576 2.79519e-07 0.00034672 1.50735e-05 0.166318 0.165989 7.78746e-05 2.18923e-06 3.08822e-07 0.00054453 0.000190072 0.000250726 0.000152515 5.76416e-07 0.477982 2.36231e-06 0.000793943 
0.00301181 0.0791085 4.39874e-07 0.00126325 2.01239e-05 5.48316e-11 0.0051758 0.000746729 0.0161693 0.00640043 0.000274305 0.000135888 9.80532e-07 0.879182 7.17621e-07 0.00193872 0.00423838 2.10279e-05 0.00230156 1.12948e-06 8.71967e-06 
0.0105877 0.0117879 1.56404e-10 5.97669e-07 8.02501e-11 1.92195e-11 3.21357e-11 6.23765e-08 3.0432e-06 2.62377e-07 1.61572e-10 1.5053e-10 2.12344e-11 0.974399 2.55161e-10 4.17627e-11 0.00322113 3.96737e-08 1.22546e-10 1.62431e-10 1.52344e-07 
0.00771029 0.0566161 0.000331879 0.0002566 0.445672 1.46215e-13 0.00261893 0.000885134 0.12797 0.111462 0.000269275 1.38818e-06 0.135219 0.0126329 3.28561e-06 0.00410738 0.0903939 3.0152e-13 0.000767969 0.000835404 0.0022473 
2.98607e-07 8.42912e-07 7.33895e-11 1.82729e-07 6.40524e-08 9.01842e-12 1.50791e-11 9.83162e-08 0.00565415 9.91135e-08 8.4162e-07 2.26098e-07 6.07895e-08 0.99327 1.20927e-08 1.95964e-11 0.000468788 0.000604262 1.09313e-07 7.6218e-11 2.48879e-09 
0.0141644 1.67908e-06 1.9058e-07 1.10327e-07 9.77862e-08 2.34194e-08 1.05927e-05 0.000109834 0.00109034 0.198715 9.70893e-06 7.64743e-05 0.256735 0.477929 3.10918e-07 3.36858e-06 6.06791e-05 3.57531e-07 6.84235e-06 1.97925e-07 0.0510853 
0.333327 0.274982 1.80774e-05 1.04651e-05 9.27548e-06 2.22144e-06 3.71431e-06 2.88268e-06 0.0131743 0.010987 1.86748e-05 0.00742248 2.45432e-06 0.359583 2.94921e-05 4.82702e-06 0.000378331 4.58098e-06 1.41642e-05 1.87742e-05 6.06972e-06 
0.000627041 0.0283203 3.28624e-07 0.0012748 1.68616e-07 4.03827e-08 0.797614 0.0441184 0.00178549 0.00376173 0.00651844 3.16283e-07 4.46162e-08 0.0268313 5.36126e-07 8.77489e-08 0.000590394 0.0015407 0.00509847 0.0751862 0.00673082 
0.00401756 0.054768 1.35466e-10 7.84212e-11 0.00105704 1.66466e-11 1.90663e-06 6.54556e-07 0.0263767 1.23482e-06 5.51387e-06 2.21774e-07 4.6533e-07 0.890108 2.21003e-10 3.65336e-09 0.0118007 3.05555e-07 0.0118614 1.40686e-10 7.27793e-07 
0.0108513 0.0644171 0.713287 0.00580524 0.0172778 8.39362e-13 0.00311966 0.000194762 0.0512463 0.0826392 9.73749e-08 1.38221e-05 0.00358818 0.0157589 1.35177e-08 0.00126153 0.029131 5.36324e-09 0.000907778 1.71968e-07 0.000499649 
0.0126473 0.29633 7.62248e-06 0.000244684 3.8925e-07 9.32236e-08 7.65091e-06 0.633164 0.00189139 1.41159e-05 3.07713e-06 7.30139e-07 8.52774e-05 6.82579e-06 0.000119844 7.85876e-05 2.79527e-05 5.94825e-07 1.87109e-06 6.94323e-06 0.0553616 
0.0205567 0.0467846 0.0039768 0.00954917 0.00411207 1.39845e-10 0.124216 1.81472e-10 0.0403859 0.000926494 0.317204 8.20003e-05 0.000489622 0.271297 4.55475e-07 0.00216912 0.0338391 9.3558e-05 0.106025 4.82457e-07 0.0182926 
0.0491445 9.63583e-05 2.43076e-06 2.37688e-08 0.000359928 5.04545e-09 4.86457e-05 3.51866e-07 0.00045549 0.0584721 4.24154e-08 3.95166e-08 0.0055223 0.8493 6.69841e-08 0.00566783 0.00249425 1.04046e-08 2.49883e-05 2.04898e-05 0.02839 
7.43029e-09 2.20584e-05 3.2325e-08 1.8713e-08 1.65858e-08 3.97223e-09 0.951357 5.15463e-09 0.000159714 8.35558e-05 3.33932e-08 3.1111e-08 4.38866e-09 3.28782e-05 5.27359e-08 8.63139e-09 7.68489e-06 8.19143e-09 0.0481958 3.35708e-08 0.000141106 
0.0603638 0.153417 2.07217e-06 3.35858e-06 4.37759e-06 2.99539e-11 0.094706 1.90503e-07 0.111554 2.52538e-06 7.49144e-05 2.25242e-06 2.08166e-06 0.435252 3.97672e-10 0.0364163 0.0548065 4.94779e-08 2.1028e-07 2.53151e-10 0.0533933 
0.00460578 0.00199243 5.79897e-10 4.0984e-07 6.68144e-07 7.12603e-11 0.608157 0.000939613 0.00167848 4.68873e-08 0.0128892 0.000918938 6.96839e-07 0.368805 9.46061e-10 9.63234e-06 3.54417e-07 5.60326e-07 4.39239e-07 5.18192e-08 5.63186e-07 
0.00994255 0.01233 1.76542e-06 1.022e-06 9.05829e-07 2.16942e-07 0.0219458 0.000844838 0.025568 0.0226858 0.00583785 0.00170082 0.000887072 0.0436981 2.88015e-06 0.795157 0.0514486 4.47372e-07 1.38325e-06 1.83346e-06 0.00794358 
0.00092052 0.0592802 6.79488e-11 2.59654e-07 3.48643e-11 8.34984e-12 3.21121e-07 0.000523041 0.0366236 0.00314619 7.01942e-11 3.27049e-07 2.23259e-07 0.851583 1.10854e-10 3.57447e-07 0.0478944 2.75949e-05 5.32397e-11 7.05675e-11 6.61852e-08 
0.0861213 0.108018 1.04099e-09 0.000755907 5.34129e-10 1.27921e-10 0.0113108 0.00507398 0.183003 0.106635 1.07539e-09 1.0019e-09 2.4818e-06 0.0898041 0.00119965 0.000968899 0.293413 3.1127e-07 8.15644e-10 1.08111e-09 0.113693 
0.000453863 0.0220123 1.08797e-06 1.59017e-05 1.23021e-05 1.33695e-07 2.23543e-07 8.39134e-06 0.0238179 8.39962e-06 7.14736e-05 1.04712e-06 5.22863e-06 0.890414 2.77584e-06 2.9051e-07 1.12692e-05 9.29284e-06 8.52457e-07 0.0631213 3.15961e-05 
0.000100141 6.37367e-05 9.43803e-07 0.000153209 0.000161901 1.15979e-07 0.000192801 8.69237e-06 0.32384 0.000172464 0.100063 9.0836e-07 3.50923e-05 0.43656 1.53975e-06 5.80152e-05 0.0303831 0.0121032 7.39495e-07 0.0958798 0.000220295 
0.000247249 0.0015667 1.09782e-09 5.72609e-07 5.0752e-07 1.34904e-10 2.25565e-10 1.75061e-10 0.0303529 0.00300337 0.00221467 1.05659e-09 1.49047e-10 0.962608 1.79101e-09 3.8404e-06 6.98411e-07 6.67949e-07 3.44928e-07 7.99226e-07 3.68605e-10 
1.27785e-09 0.00135277 5.5592e-09 3.21823e-09 4.81447e-06 6.83139e-10 1.14223e-09 9.35504e-07 2.85721e-06 3.07102e-07 2.96386e-06 5.35043e-09 3.68819e-05 0.919246 9.06944e-09 0.0543878 0.0249625 1.81549e-06 4.35578e-09 5.77345e-09 1.86657e-09 
0.00468499 0.0847956 0.000163616 4.73192e-06 2.75956e-07 6.60901e-08 0.00313164 0.0898779 0.611935 0.0155026 9.9018e-06 5.17626e-07 0.0136164 0.000461959 0.00102731 0.0686886 0.0080115 1.77689e-06 2.07374e-05 2.5643e-05 0.0980392 
0.000578507 0.00163302 1.42181e-07 0.00035401 0.000124092 1.74719e-08 2.92135e-08 0.000190473 0.00206641 0.000192018 0.00163051 1.36842e-07 0.000117771 0.992621 2.34278e-05 3.79651e-08 0.000259413 0.00020901 1.11403e-07 1.47661e-07 4.77391e-08 
1.33638e-05 0.00574675 0.000509478 0.00250912 0.00286572 5.14021e-09 8.5946e-09 3.21085e-06 0.595525 0.00330997 3.52409e-05 4.02588e-08 1.58905e-05 0.216785 6.82421e-08 0.000141308 0.150173 1.06e-08 0.0222372 4.34417e-08 0.000128804 
0.000191094 0.000230497 1.68742e-06 9.76851e-07 6.19409e-05 2.07358e-07 5.78211e-05 3.5764e-05 0.000269076 0.000176366 1.40398e-05 1.62405e-06 0.000209348 0.994327 0.00383417 2.5242e-05 0.000240169 1.12866e-05 0.00029231 1.75245e-06 1.73525e-05 
0.00076694 0.0105045 8.64699e-08 5.00576e-08 0.000887971 1.06258e-08 0.0108298 0.00127437 0.0732771 0.456828 0.000100983 4.13899e-06 0.00210634 0.441706 1.4107e-07 1.8642e-05 0.000729854 5.61252e-06 0.000914201 8.98025e-08 4.53213e-05 
0.0772783 0.014395 4.97188e-06 1.12246e-05 0.0022422 2.68832e-07 0.00452794 0.00139572 0.0243965 0.0655133 0.0125965 0.000190623 0.00278715 0.726516 0.000350181 0.00377757 0.0184749 0.000936811 0.0145611 2.39484e-05 0.0300193 
0.000162274 0.000252285 6.36861e-07 0.000528363 0.0545765 7.82603e-08 0.0174337 9.55982e-05 0.0429077 0.015349 0.00390409 6.12944e-07 0.000121085 0.862431 1.03899e-06 1.70054e-07 0.000236851 0.00199755 4.98998e-07 6.61406e-07 2.13834e-07 
0.00314937 0.0452495 4.7465e-05 0.000563012 9.89167e-08 1.25075e-11 5.51587e-06 0.087426 0.0134632 0.0158566 0.0949774 4.62782e-07 0.00153664 0.475862 1.66051e-10 2.82456e-08 0.00564253 0.00371648 0.247486 8.18353e-06 0.00501003 
2.13956e-07 0.000163637 9.308e-07 0.00147437 7.51684e-05 1.14381e-07 1.91249e-07 2.02663e-05 0.203395 0.00733703 8.78478e-05 0.000766618 0.00947794 0.767285 1.51853e-06 4.68923e-05 1.56678e-05 1.91917e-05 2.861e-05 9.66673e-07 0.00980279 
0.00168869 0.59039 9.94295e-11 0.0014275 2.95948e-07 1.22183e-11 0.00257988 1.33486e-05 0.0168555 0.0033018 1.97224e-06 9.56955e-11 1.91703e-07 0.104732 1.62212e-10 2.65496e-11 0.00230452 0.00237787 1.54261e-06 0.252532 0.0217926 
1.29577e-09 1.45322e-05 5.63718e-09 3.26337e-09 2.89242e-09 6.92722e-10 6.33313e-06 8.98922e-10 0.142425 0.189025 5.82347e-09 5.42548e-09 0.404716 0.000251361 9.19667e-09 0.0248244 0.23369 1.42851e-09 4.41688e-09 5.85444e-09 0.00504733 
2.25918e-05 0.0722432 7.56552e-08 8.32701e-06 3.27318e-06 9.29684e-09 3.12891e-05 8.76337e-07 0.0102776 0.000178566 0.0017597 3.10627e-06 1.02715e-08 0.91502 1.23426e-07 2.02014e-08 0.00039469 3.7472e-05 1.70962e-05 7.85709e-08 2.13636e-06 
0.01662 0.0224174 1.41934e-05 1.02794e-05 1.55102e-05 4.12574e-08 6.89838e-08 0.000278518 4.83567e-05 0.0299047 3.46837e-07 5.08644e-06 0.0252431 0.718688 5.47739e-07 1.43092e-05 3.64738e-05 7.71036e-06 0.116473 0.000131724 0.0700902 
0.000322939 0.0818699 0.657066 0.0233175 1.47603e-07 4.24775e-12 0.00554492 0.000537955 0.00889241 0.158454 1.38593e-06 0.000497095 4.69306e-12 0.042207 5.65395e-09 5.36952e-08 0.0155337 9.7389e-08 0.00454908 3.58992e-11 0.00120509 
0.0672274 0.0133971 0.00136019 0.000422812 0.0051087 1.36121e-07 0.00034148 7.06556e-05 0.000472004 0.019465 1.14432e-06 1.06611e-06 0.153799 0.447013 0.000290228 0.00152566 0.199974 2.80704e-07 0.0162879 0.000121641 0.0731202 
0.0237905 0.0855288 0.0038978 0.000275726 0.0907884 4.97039e-13 0.00725124 0.00108376 0.119482 0.355942 0.00502808 4.28606e-09 0.0486342 0.0213578 8.58497e-09 0.00932068 0.166656 1.02498e-12 0.00313818 1.09221e-07 0.0578246 
6.86218e-10 0.00635398 2.98535e-09 1.1408e-05 1.22557e-05 3.66853e-10 0.0239363 1.42863e-06 0.114725 3.49632e-06 3.084e-09 4.02541e-06 0.0729679 0.781938 4.87038e-09 2.55166e-06 2.52528e-06 7.56513e-10 4.09366e-05 3.1004e-09 1.00237e-09 
0.00607821 0.210067 9.10333e-07 8.04029e-05 4.67089e-07 1.11866e-07 8.87886e-05 4.59245e-06 0.00594236 0.00511194 9.40416e-07 8.76146e-07 0.000400058 0.674605 0.00048309 9.73771e-05 0.0120017 0.000180364 3.93082e-05 0.000308184 0.0845087 
0.0617817 1.86012e-05 7.17536e-10 3.74006e-08 0.00598646 8.8174e-11 1.53601e-06 1.1442e-10 0.0884999 0.142206 7.41248e-10 6.9059e-10 0.153266 0.317217 2.08577e-06 0.00601321 8.543e-07 2.80078e-07 0.00322049 7.4519e-10 0.221785 
0.000539948 0.00184742 2.34877e-07 1.35971e-07 0.000458075 2.88628e-08 0.00330582 0.0011349 0.00166297 0.00214099 0.965586 0.000384523 0.000806812 0.0198878 3.83186e-07 6.33439e-06 0.000934233 0.000529788 0.000773123 2.4393e-07 7.88629e-08 
0.0270794 0.0621983 0.000180887 1.59442e-05 0.0745871 2.25322e-07 0.0109466 0.0456446 0.0469357 0.0361391 1.8942e-06 1.76475e-06 0.00574522 0.676989 2.99141e-06 2.93213e-05 0.00819222 0.00169748 0.000257686 0.000725448 0.00262903 
0.0598261 0.089737 3.22161e-07 2.37521e-11 0.00175486 5.04191e-12 0.435124 0.0491487 0.00256365 0.0546357 0.00781576 4.84162e-08 0.034196 0.0152757 6.6937e-11 0.249907 2.80203e-06 1.03973e-11 8.87003e-06 4.2611e-11 2.90032e-06 
3.97756e-07 2.53349e-07 8.20061e-11 0.00595613 4.20771e-11 1.00773e-11 0.278762 3.40132e-08 0.014892 0.0486443 9.91264e-07 4.36471e-06 1.39183e-07 0.479205 1.35125e-08 2.29943e-07 0.172532 6.94108e-07 6.4254e-11 4.94052e-07 8.75628e-07 
1.93685e-05 2.57089e-05 6.05003e-06 0.000128534 1.64384e-09 3.93693e-10 0.168092 0.000320543 0.15798 0.00812921 0.000183368 1.63805e-06 4.10574e-06 0.658959 5.22672e-09 0.00179506 0.00433707 5.82036e-07 1.2381e-05 3.32724e-09 5.7619e-06 
0.222669 0.16682 5.49782e-08 1.23089e-07 0.00864658 7.36183e-11 0.076622 0.000107471 0.0202901 9.61925e-07 1.97193e-06 1.04357e-06 8.1336e-11 0.504506 9.77365e-10 1.88877e-07 3.38193e-06 0.000329575 2.77351e-07 6.22174e-10 1.13312e-06 
4.04989e-06 5.17705e-06 1.61626e-09 7.3926e-06 1.74234e-06 1.98613e-10 0.000159701 3.45388e-06 4.48395e-05 9.96494e-05 6.01247e-06 1.91349e-05 0.0135598 0.98308 2.63681e-09 2.34779e-05 9.21357e-05 0.00284057 1.26638e-09 1.67855e-09 5.24232e-05 
0.673534 0.0699274 8.02102e-10 4.64338e-10 4.11556e-10 9.85658e-11 0.0233538 1.65011e-06 0.173884 0.0271385 8.28609e-10 4.63961e-07 5.22725e-06 0.0105076 1.30857e-09 1.73504e-06 1.13709e-05 2.0326e-10 8.17638e-07 8.33015e-10 0.0216331 
0.00358471 0.00398642 1.92886e-08 1.16632e-05 9.89693e-09 2.37027e-09 3.96317e-09 1.21885e-06 5.93412e-05 5.11773e-06 1.9926e-08 1.85643e-08 2.63787e-07 0.98356 3.1468e-08 5.15043e-09 0.00878723 7.77701e-07 1.51132e-08 2.0032e-08 2.97597e-06 
0.00496987 0.00799193 4.77276e-07 0.00182383 2.44889e-07 5.86498e-08 9.80644e-08 0.000190346 0.937941 0.000800662 4.93048e-07 4.59353e-07 6.47983e-08 0.0434073 7.78642e-07 1.27442e-07 0.0022854 0.000121067 3.73959e-07 4.95671e-07 0.000464889 
0.54095 0.175705 3.06951e-08 2.42286e-05 0.000679659 3.77195e-09 0.00162166 4.73847e-05 0.0810124 0.00925122 9.14614e-07 2.95424e-08 0.00507874 0.136929 0.00843798 0.00126638 0.0326863 7.87458e-07 0.00182691 3.18781e-08 0.0044813 
0.111185 0.577516 2.66568e-07 1.39539e-05 0.0156371 1.37605e-08 0.00416054 0.000218607 0.130194 0.0184109 0.00703093 4.79535e-05 0.0282654 0.00710387 1.82686e-07 0.00575703 0.0123305 1.0194e-06 8.77386e-08 5.12023e-05 0.0820749 
0.141091 0.0865529 7.06604e-08 7.30793e-06 3.4972e-05 8.68306e-09 0.0133358 3.09911e-05 0.172983 0.00252941 6.36822e-07 1.94839e-05 0.144441 0.438747 1.15277e-07 0.000153154 1.06112e-05 1.7906e-08 5.53643e-08 7.33837e-08 6.18843e-05 
0.00780417 0.0960996 0.00318885 1.87473e-08 1.66162e-08 3.97952e-09 0.00126814 1.0352e-05 0.170498 0.00382251 3.34544e-08 2.03949e-05 2.26022e-05 0.710895 0.00594296 2.20424e-05 2.57373e-05 8.20645e-09 2.53739e-08 3.36323e-08 0.000379015 
5.03401e-05 0.567171 0.33976 0.000514348 1.20956e-09 2.89683e-10 1.54516e-05 6.3157e-06 0.0718733 1.5196e-05 2.43527e-09 2.81358e-05 9.63356e-08 0.0205587 3.84587e-09 6.29462e-10 4.78044e-07 5.97377e-10 6.65126e-06 2.44822e-09 7.91514e-10 
1.68771e-06 2.71396e-06 1.62077e-10 6.19351e-07 8.31614e-11 1.99168e-11 1.3657e-07 6.46393e-08 0.0542451 0.00807555 1.67433e-10 2.5584e-06 2.20048e-11 0.931622 2.64418e-10 4.32778e-11 0.00597671 6.99331e-05 1.90615e-07 3.04683e-06 1.57871e-07 
0.025799 0.758918 2.1274e-10 1.23156e-10 1.74759e-07 2.61424e-11 7.86839e-07 8.00644e-07 0.0411357 5.13995e-07 2.21969e-08 4.11549e-08 4.04392e-07 0.172309 3.4707e-10 5.68057e-11 1.32056e-06 6.5124e-06 1.10031e-06 2.20939e-10 0.00182652 
9.04555e-06 0.0136808 0.0360445 2.87022e-05 5.79599e-07 1.38811e-07 0.053278 2.23054e-07 0.00713402 0.0022034 1.08436e-05 1.08719e-06 0.0675824 0.720046 1.84288e-06 0.0398746 0.0583891 6.22058e-06 2.15051e-06 1.04755e-05 0.00169578 
0.191788 0.0503643 2.26259e-07 1.2925e-07 6.28506e-11 1.50525e-11 0.0467469 0.164879 6.41506e-05 8.50296e-07 1.26541e-10 2.04268e-06 0.0272175 0.407606 1.99838e-10 0.0032161 0.0889276 4.52686e-08 6.22705e-06 1.27214e-10 0.0191807 
0.00461952 0.0150322 5.12336e-10 2.96592e-10 5.78593e-07 6.29581e-11 6.36883e-06 2.45178e-07 0.112792 0.0460915 1.69419e-06 4.93589e-07 2.57434e-07 0.19404 8.3584e-10 0.0630615 0.544987 1.2983e-10 4.01429e-10 5.32082e-10 0.0193667 
0.000245587 0.000495817 0.00013474 2.18656e-05 6.96876e-07 1.66899e-07 0.000145926 0.00225352 0.000268354 0.0173745 4.597e-05 1.30717e-06 0.972607 0.00257501 2.21577e-06 0.00152358 0.000542254 8.16733e-06 2.58733e-05 0.000121024 0.00160618 
0.88321 0.0140621 8.39785e-07 0.00320909 4.30891e-07 1.03196e-07 1.72548e-07 0.000334921 0.01634 0.00140879 8.67537e-07 8.08247e-07 1.14015e-07 0.0763768 1.37005e-06 2.24239e-07 0.00402124 0.000213022 6.57994e-07 8.7215e-07 0.000817988 
9.99402e-05 0.0026437 4.68812e-06 5.29221e-06 0.0167103 4.17362e-08 0.0153323 0.000725255 0.00101033 0.00474946 0.795965 2.03466e-05 0.0133588 6.96778e-05 5.54095e-07 0.141971 0.000468911 1.50211e-05 2.66115e-07 0.000171734 0.00667788 
