0.00688684 0.111488 6.41862e-12 0.0006137 0.000624625 9.03907e-07 1.31881e-12 0.0130451 0.0395066 0.000170776 0.146244 2.18692e-07 0.00175396 0.632542 1.05762e-09 5.79313e-08 0.0460884 0.00103414 1.11653e-07 6.66599e-12 1.82757e-07 
0.000362516 0.0118892 1.04947e-07 0.000675849 5.64134e-08 4.25859e-07 2.6351e-11 0.00456411 0.017105 0.0125633 0.154293 9.36311e-07 0.00086893 0.76994 2.0923e-10 0.00100815 0.00496007 0.000816191 0.020952 1.33192e-10 2.37955e-07 
6.41959e-05 0.637617 1.05908e-09 2.35437e-05 6.05904e-05 0.000149146 2.17605e-10 0.000256214 7.61513e-05 0.0281783 0.00217372 0.00725297 0.317868 0.000374487 1.72781e-09 9.55873e-06 0.000291354 2.94147e-05 0.00554526 1.0999e-09 3.01551e-05 
6.2119e-07 0.0138295 5.44835e-11 2.27841e-07 5.86314e-07 0.0135115 1.11945e-11 2.47921e-06 0.00319623 5.65205e-05 2.10336e-05 0.00135878 2.5297e-05 0.962065 8.88859e-11 9.2505e-08 0.00468443 0.00107865 0.00015567 5.65833e-11 1.36831e-05 
0.0015495 0.0510253 4.56746e-09 6.61013e-05 0.000100864 0.0120475 9.38462e-10 0.00133251 0.0595435 1.85386e-05 0.0148621 0.000161896 0.000181109 0.795278 1.56204e-07 1.00598e-06 0.00604655 0.000389633 0.000438256 7.9613e-05 0.0568773 
0.163594 0.0275307 1.60078e-09 0.000111953 0.00400589 0.000340909 3.28906e-10 6.71065e-05 0.0258282 0.295985 0.000270483 1.54066e-09 0.0218293 0.395372 3.22989e-05 0.00216333 0.0222307 0.000708977 0.00459817 4.55508e-07 0.03533 
2.16795e-05 0.0871875 3.57659e-10 7.95089e-06 2.04619e-05 5.03677e-05 7.34871e-11 8.65254e-05 2.57169e-05 7.43382e-07 0.000734082 1.2186e-05 1.60195e-05 0.91069 5.83496e-10 3.22806e-06 9.83926e-05 9.93358e-06 6.22152e-06 3.71443e-10 0.00102855 
0.00554265 0.0903448 1.18116e-11 0.00051146 0.000591488 0.00414791 2.4269e-12 0.0182128 0.0364595 0.000244681 0.203244 3.11418e-05 0.00158696 0.579266 1.25635e-07 7.87833e-06 0.0589053 0.00083167 9.99871e-06 1.22668e-11 6.21705e-05 
0.000674445 0.000662959 0.000378622 0.000100207 0.000194269 0.000141899 5.55632e-09 0.000848659 0.000223604 0.990199 0.000301738 7.5504e-05 0.000439111 0.00121732 0.00326035 0.000140814 0.000169754 5.07176e-05 5.29925e-05 2.80847e-08 0.000868041 
0.295088 0.00367193 0.00202647 0.000529256 0.13026 0.14106 2.98981e-11 3.14542e-08 0.0541338 0.0823219 0.00935014 7.19196e-08 0.138224 0.0112129 7.66742e-07 0.000455538 0.11774 1.25993e-05 0.00621987 1.51121e-10 0.0076922 
0.0149124 0.0549347 3.67246e-06 8.53246e-09 0.662745 0.00118183 3.02839e-09 2.1019e-06 0.0668398 0.0639569 1.52261e-08 1.41855e-08 0.0155589 0.114386 2.40457e-08 1.40604e-05 2.1702e-06 3.735e-09 8.69508e-06 2.7163e-06 0.00545116 
0.119854 0.245445 0.000133319 0.00229437 6.12663e-05 4.77023e-05 4.40823e-08 6.89767e-06 0.0490654 0.0765897 2.21637e-07 8.78578e-06 3.71746e-06 0.475586 3.50018e-07 1.75122e-05 0.0301239 0.000158505 6.20299e-05 0.000466188 7.47953e-05 
0.0378925 0.76826 1.2989e-06 0.000277451 0.0650151 0.000325316 1.89947e-10 0.0139756 0.016311 0.00251465 6.03665e-07 8.89749e-10 0.000127749 0.0948366 4.99057e-06 2.4685e-10 0.000387137 6.43222e-05 1.39583e-06 3.57685e-07 3.81353e-06 
0.13714 0.267523 8.56662e-08 0.0474988 0.00674154 0.00899225 2.02103e-09 4.08912e-06 0.255634 0.00285235 0.000298989 8.50593e-07 0.0533172 0.0674555 1.60472e-08 0.0369403 0.034328 6.04694e-05 5.98853e-05 8.26019e-06 0.0811443 
0.00115422 0.0214014 4.73542e-08 4.21274e-05 3.35192e-05 0.00632467 9.72971e-09 1.16957e-05 0.707975 6.52511e-05 4.8919e-08 4.55758e-08 0.168854 0.0940523 1.435e-05 1.26445e-08 1.10512e-05 1.2e-08 1.25999e-05 4.91792e-08 4.76983e-05 
0.000433293 0.00630225 1.45588e-07 3.4523e-05 3.87882e-05 7.57274e-07 2.99136e-08 3.80598e-06 6.03809e-05 0.0240883 0.000476061 1.86711e-05 9.79671e-06 0.941536 2.37517e-07 0.00215977 2.8562e-05 0.000775354 0.000164175 1.51199e-07 0.0238693 
0.000334448 0.0503514 1.09976e-07 0.000100009 0.000257273 0.00704894 2.25964e-08 0.0355114 0.0241962 0.000652402 0.00922798 0.000153287 0.000473665 0.867832 1.79418e-07 0.000904356 0.00123686 0.00033437 7.82911e-05 0.000832733 0.00047432 
0.0147855 0.136355 5.38455e-12 0.000790142 3.08053e-07 7.58284e-07 1.10635e-12 0.0032579 0.0443698 0.000177957 1.10516e-05 1.8346e-07 2.41173e-07 0.698186 8.78451e-12 4.85984e-08 0.101471 0.0001497 9.36648e-08 5.59207e-12 0.000444764 
2.48731e-10 1.81511e-06 1.08209e-09 1.25911e-07 1.1665e-06 0.001845 2.22333e-10 2.93513e-07 5.27298e-06 0.00960692 1.11785e-09 0.960158 8.82955e-06 0.0283496 1.76535e-09 8.81291e-06 2.82148e-06 2.74211e-10 1.09381e-05 1.12379e-09 3.63324e-10 
0.00644473 0.034392 1.76898e-06 0.000194634 1.76336e-05 0.00106766 3.63466e-07 1.62071e-05 0.574805 0.000651316 0.00133673 1.70254e-06 5.45623e-06 0.380091 0.000111275 3.44608e-05 0.000645942 2.67758e-05 1.65115e-05 1.83715e-06 0.000137263 
0.746486 0.00176315 1.23029e-08 0.000273498 0.000703857 0.00173257 2.52784e-09 0.00297634 0.000884622 2.55712e-05 0.0252513 0.00041918 0.000551045 0.00435028 2.00714e-08 0.00011104 0.00338455 0.0003417 0.000214011 1.27771e-08 0.210531 
0.0106517 0.0181132 3.50489e-06 2.82162e-05 7.63089e-07 0.000184098 1.95982e-07 0.000126837 2.09996e-05 5.81925e-07 2.96906e-07 4.40323e-07 5.46561e-05 0.00444498 4.68886e-07 0.000178785 2.27502e-06 3.82347e-06 0.966183 1.04888e-06 5.20282e-07 
0.00688684 0.111488 6.41862e-12 0.0006137 0.000624625 9.03907e-07 1.31881e-12 0.0130451 0.0395066 0.000170776 0.146244 2.18692e-07 0.00175396 0.632542 1.05762e-09 5.79313e-08 0.0460884 0.00103414 1.11653e-07 6.66599e-12 1.82757e-07 
3.01179e-06 0.0067267 9.20875e-10 0.000509817 4.72498e-10 1.39199e-06 1.89209e-10 1.15447e-07 0.0014422 0.00220046 9.51306e-10 1.63923e-06 9.01398e-09 0.989092 1.50234e-09 2.45891e-10 1.24348e-05 9.69157e-06 7.2153e-10 9.56365e-10 2.81926e-07 
3.93268e-06 0.0196889 1.65753e-06 1.20573e-06 1.83238e-06 1.62072e-06 7.634e-10 3.32334e-05 0.0283376 0.0966774 3.83822e-09 0.0012548 0.00817417 0.799853 6.06148e-09 1.698e-06 0.0165015 0.00112191 6.80144e-05 1.56826e-05 0.0282618 
0.00397507 1.7435e-05 4.20554e-06 1.21192e-06 0.989031 1.16737e-06 1.96886e-09 1.39361e-06 0.00425392 1.83168e-06 2.94813e-06 9.22253e-09 0.00128057 0.00087755 0.000537908 9.11224e-06 1.2342e-06 2.42826e-09 7.50806e-09 9.95169e-09 3.7557e-06 
0.000211599 0.000500283 3.49088e-09 7.76035e-05 0.000199715 0.000491606 7.1726e-10 0.000844519 0.000251006 7.25567e-06 0.0071649 0.00011894 0.000156356 0.988727 5.69512e-09 3.1507e-05 0.000960346 9.69553e-05 6.07242e-05 3.62542e-09 9.93958e-05 
0.0264743 0.0609228 1.03441e-05 0.00457417 0.00195646 0.0767937 2.97848e-09 0.0166071 0.234916 0.000176852 0.00138424 1.09231e-06 0.0324179 0.175516 2.36494e-08 0.0004871 0.367616 8.82732e-07 2.51322e-05 1.50548e-08 0.000119605 
0.0105582 0.0695017 8.57075e-07 8.21382e-09 7.28014e-09 0.00419354 2.91529e-09 0.000154255 0.0546306 0.123564 1.77511e-07 1.36558e-08 3.19412e-05 0.697772 3.20025e-06 4.28006e-06 0.0138844 1.44174e-06 6.41978e-06 0.0180806 0.0076126 
0.0170396 0.0423432 0.000466955 2.31931e-05 0.00778701 0.0022013 3.04119e-07 0.023361 0.0441631 0.0396652 0.128581 0.000277773 0.00914462 0.439276 1.34718e-06 0.00036661 0.184971 0.000105113 0.00550744 0.00655838 0.0481593 
0.00729712 0.239019 1.33746e-11 2.97323e-07 0.00183716 1.88349e-06 2.74804e-12 0.140429 0.0711653 0.0001557 2.74509e-05 4.55694e-07 5.99046e-07 0.462996 2.18198e-11 1.20713e-07 0.0504112 3.71465e-07 2.32653e-07 1.38901e-11 0.0266575 
0.00688684 0.111488 6.41862e-12 0.0006137 0.000624625 9.03907e-07 1.31881e-12 0.0130451 0.0395066 0.000170776 0.146244 2.18692e-07 0.00175396 0.632542 1.05762e-09 5.79313e-08 0.0460884 0.00103414 1.11653e-07 6.66599e-12 1.82757e-07 
1.42731e-09 0.0349107 4.18006e-06 3.12408e-06 0.0112399 1.05991e-05 1.27583e-09 6.08407e-06 0.0520616 1.71051e-05 6.41461e-09 5.97622e-09 1.27798e-05 0.427492 1.01302e-08 1.73844e-05 0.0942223 1.57352e-09 0.132893 6.80452e-05 0.247042 
0.000158661 0.00508805 3.05101e-11 1.76623e-11 0.985729 0.00184946 6.26881e-12 8.64162e-06 0.0047955 1.12691e-08 5.36127e-08 2.93643e-11 0.00237049 7.567e-12 2.987e-07 8.14678e-12 1.13056e-08 7.73152e-12 2.39055e-11 3.16859e-11 1.02441e-11 
1.25393e-05 0.296494 2.06868e-10 4.59874e-06 1.1835e-05 2.91323e-05 4.25044e-11 5.00457e-05 0.196358 4.29967e-07 0.000424588 7.0483e-06 9.26555e-06 0.153684 3.3749e-10 1.86709e-06 0.352896 5.74552e-06 3.59848e-06 9.24025e-07 5.89014e-06 
3.51738e-05 0.000204162 2.06758e-08 0.000152021 0.000120949 8.43546e-05 4.24819e-09 4.22052e-05 9.47846e-05 0.000235584 2.1359e-08 1.98993e-08 0.000551596 0.998222 3.37311e-08 5.52083e-09 3.98915e-05 5.23943e-09 4.53763e-05 2.14726e-08 0.000172172 
0.00684064 1.24146e-06 1.02507e-10 2.78964e-07 5.25961e-11 3.65425e-08 2.10618e-11 3.08958e-07 0.0317356 0.0849125 1.05895e-10 9.86576e-11 0.102437 0.0220097 1.67233e-10 1.17973e-06 0.658581 2.41605e-07 8.03171e-11 2.55605e-07 0.09348 
7.59729e-05 7.91761e-05 0.000256075 3.23141e-07 2.86409e-07 1.09469e-05 1.14691e-07 7.03507e-05 0.00494486 0.0423059 5.76643e-07 0.00176216 2.82107e-05 0.932348 9.10658e-07 0.000252108 0.0062798 0.000495016 0.000145467 5.7971e-07 0.0109429 
0.00115313 0.0185946 9.50207e-10 0.000104601 0.000108033 9.03142e-06 1.95236e-10 0.00218993 0.0154316 2.90904e-05 0.0245077 0.000260182 0.000295456 0.903825 6.1711e-08 5.79053e-07 0.0327616 0.000641788 7.9619e-05 9.86829e-10 8.53903e-06 
0.00027239 0.000643985 6.0629e-08 0.000316066 0.000257108 0.013705 1.24572e-08 0.0010871 0.000323112 9.34564e-06 0.00922293 0.00082498 0.000201273 0.962275 9.89119e-08 0.000162927 0.00977629 0.000716427 7.82101e-05 6.29657e-08 0.000127964 
6.18756e-06 0.0136323 6.94342e-10 2.26956e-06 0.00150764 0.00185903 1.42664e-10 0.00618932 0.00405024 2.12227e-07 0.0725479 3.47851e-06 4.57211e-06 0.836871 1.13277e-09 0.0239616 0.0390056 0.000354132 1.77611e-06 7.21102e-10 2.90665e-06 
0.0029061 0.0388636 1.38856e-07 0.000566184 0.000374749 0.000113684 2.85304e-08 0.00472805 0.0152331 0.000245036 0.699059 2.76336e-05 0.000735058 0.220674 2.27486e-05 7.32177e-06 0.0158361 0.000570009 1.41485e-05 1.44208e-07 2.30282e-05 
3.82076e-05 3.90708e-05 0.000129946 0.0004981 2.78919e-06 0.000566489 1.11692e-06 3.51044e-05 6.60067e-05 0.0427203 0.000723283 5.23185e-06 0.00499364 0.891694 8.86843e-06 0.00371178 0.0150968 2.39855e-05 7.49303e-05 5.6455e-06 0.0395651 
0.00483856 0.0237651 9.50287e-07 1.11121e-06 8.76572e-07 0.00588988 8.07795e-11 0.000305363 0.0298941 0.016547 4.06143e-10 0.0123271 0.00166262 0.829796 6.41398e-10 0.0506777 0.0218444 0.000182401 0.00147432 0.000188468 0.000604474 
0.00152656 0.175347 0.00262994 1.09666e-08 0.00148184 3.60838e-05 3.89231e-09 0.00131793 0.017811 4.31029e-06 1.95698e-08 1.23118e-05 4.65719e-07 0.717816 3.09054e-08 0.0018934 0.000472387 0.000106517 0.00105416 1.96739e-08 0.0784899 
0.00729712 0.239019 1.33746e-11 2.97323e-07 0.00183716 1.88349e-06 2.74804e-12 0.140429 0.0711653 0.0001557 2.74509e-05 4.55694e-07 5.99046e-07 0.462996 2.18198e-11 1.20713e-07 0.0504112 3.71465e-07 2.32653e-07 1.38901e-11 0.0266575 
0.255212 0.702595 0.00182353 0.000234265 0.000384305 0.00200425 5.35052e-12 0.000135293 0.0210663 0.0151005 2.69014e-11 2.59458e-08 0.000208374 0.000495873 4.24837e-11 0.000121441 2.11125e-07 0.000219584 0.000397793 1.40785e-06 1.7034e-08 
0.0790514 0.120074 7.90349e-11 1.75697e-06 4.52163e-06 1.11302e-05 1.62391e-11 0.0917964 0.0915001 0.000640822 0.000162216 2.69284e-06 0.041067 0.424814 1.2894e-10 0.00299671 0.147872 2.19511e-06 1.37482e-06 8.2081e-11 2.25036e-06 
0.00360071 0.0139543 8.19372e-07 5.96233e-07 0.000613955 2.79142e-07 9.87718e-11 0.0137693 0.0977441 0.109352 1.88511e-06 2.38128e-06 0.220002 0.176504 7.84259e-10 0.00256755 0.110327 0.000459906 0.231256 0.0093609 0.0104815 
0.00347324 0.0908398 8.38218e-11 0.000136176 0.00189633 0.00504913 1.72226e-11 0.0383093 0.0340414 0.000146423 0.0921432 1.89537e-05 0.00170771 0.681512 4.90372e-09 4.79815e-06 0.0362609 0.00025406 0.000570889 8.70523e-11 0.013636 
0.0023059 0.0371882 7.74587e-10 0.000208985 0.000216004 1.81037e-05 1.59152e-10 0.00437981 0.0261226 0.000966237 0.0490149 4.38064e-06 0.000590851 0.863229 1.07008e-07 1.16044e-06 0.0153988 0.000349175 2.23671e-06 8.04439e-10 3.66052e-06 
0.030582 0.00985127 2.39923e-06 0.00017148 0.00607832 0.00428381 4.92961e-07 0.00185144 0.0024395 0.000156454 0.0157068 0.00027352 0.00173587 0.020261 3.91417e-06 0.00127812 0.00768074 0.000213117 0.000134972 3.1651e-05 0.897263 
0.0213095 0.0616591 3.20503e-09 0.000355532 0.00011406 0.00256841 6.58528e-10 0.0130224 0.0266278 0.000154813 0.0365139 5.51923e-06 0.00107934 0.817058 1.46161e-07 0.000122254 0.0189504 0.000450949 2.81871e-06 2.31949e-07 4.6109e-06 
0.0472896 4.09526e-05 0.141985 0.0190935 0.784971 0.00364557 7.20302e-07 7.13053e-06 7.51219e-05 5.81415e-05 3.62153e-06 3.37403e-06 0.000150354 0.000600238 0.000305011 0.0013292 6.72212e-05 8.88371e-07 0.000232441 3.4767e-05 0.000106421 
0.000105833 0.000250219 1.74598e-09 3.88138e-05 9.98886e-05 0.000245879 3.58741e-10 0.000422391 0.000125542 3.62896e-06 0.00358356 0.00600832 7.82021e-05 0.988413 2.84845e-09 1.57584e-05 0.000480322 4.84927e-05 3.03716e-05 1.81327e-09 4.97133e-05 
0.0321106 0.039684 7.68402e-07 0.000403309 0.0123489 0.0193601 2.50476e-11 0.138215 0.0882571 0.00690104 0.0390153 0.000248698 0.104264 0.220236 1.98881e-10 4.14548e-08 0.290593 4.11549e-05 4.92263e-05 7.58989e-06 0.0082641 
0.0446975 0.0263998 2.08744e-07 1.72715e-05 4.42457e-05 0.000108675 4.28899e-08 0.00018668 0.00846699 1.62551e-06 0.00158373 2.6487e-05 3.45843e-05 0.907452 3.40551e-07 7.01888e-06 0.00021226 2.14808e-05 0.00031973 2.18328e-05 0.0103978 
0.406297 0.39362 2.37101e-08 1.9832e-06 0.0248323 0.000101633 1.47293e-11 0.0032655 0.050507 0.000894229 4.70002e-05 6.8995e-11 0.000436192 0.111863 0.00284865 2.32521e-07 0.0027168 0.000200975 0.00211843 7.93819e-07 0.000248812 
0.00928893 4.57441e-06 3.19194e-11 7.09579e-07 0.0109585 4.49508e-06 6.55838e-12 7.72199e-06 0.0360356 0.00680688 6.55134e-05 1.08754e-06 0.221885 0.286692 5.20742e-11 0.00377425 0.354764 8.86526e-07 5.55241e-07 3.31496e-11 0.069709 
0.24995 0.608401 3.39545e-05 6.81646e-06 0.000691724 8.00909e-07 2.00674e-11 0.0187224 0.0569658 4.84168e-08 1.00895e-10 9.39996e-11 0.00119884 0.0236796 1.59337e-10 1.26053e-05 0.0314033 2.47498e-11 1.01498e-06 1.01432e-10 0.00893204 
0.00428307 0.128732 6.23658e-08 0.000198117 0.00604608 0.028121 6.31204e-13 0.0224453 0.0456805 6.57732e-05 0.0920634 0.000575787 0.0245886 0.13459 5.01183e-12 2.77269e-08 0.512315 8.53228e-08 0.000293966 6.16078e-07 8.74705e-08 
0.000132931 0.0731381 7.26276e-10 0.0112423 4.34417e-05 0.000699521 1.49226e-10 0.0253464 0.00348557 0.0155795 0.000304357 6.99002e-10 0.000101457 0.00128225 1.18487e-09 9.56804e-05 0.014469 0.000161919 0.835869 0.000376877 0.017672 
0.647806 0.154989 6.54371e-06 0.000266214 0.00217804 2.45207e-06 3.92783e-10 0.0429752 0.013239 0.045259 5.21526e-06 1.30604e-06 0.0246437 2.10346e-05 5.63384e-05 0.00201046 0.0180104 8.76722e-07 9.16797e-07 1.98534e-09 0.0485282 
0.00283371 0.160811 1.93149e-09 0.000386814 0.00362867 0.000558508 3.96856e-10 0.00324733 0.250749 0.0031059 0.0531358 4.39577e-05 0.0327071 0.421198 4.63735e-08 0.000136436 0.0656125 0.000313061 0.00010505 2.00593e-09 0.00142667 
0.0532401 0.0864469 2.38165e-07 0.0245435 0.000163511 0.00478027 2.75077e-10 0.00523333 0.183706 1.81182e-05 7.545e-05 1.25373e-06 0.00150239 0.485325 2.18414e-09 2.17619e-06 0.154671 1.60136e-05 6.40465e-07 4.54436e-06 0.000269666 
0.000387732 0.0136245 1.14644e-09 7.60679e-07 0.165083 0.0117892 2.35555e-10 0.00617379 0.00809381 0.000125906 0.40158 0.000869021 1.53147e-06 0.351293 1.87033e-09 0.000444777 0.0389891 0.00154171 5.95594e-07 1.19062e-09 9.73839e-07 
0.00493109 0.100547 1.07392e-07 0.00026433 1.45954e-06 3.59258e-06 2.79159e-11 0.00109175 0.0810563 0.0034352 5.23599e-05 8.69296e-07 1.14263e-06 0.730152 2.21655e-10 2.30277e-07 0.0782626 5.05865e-05 4.43848e-07 1.41102e-10 0.000149038 
0.00119353 0.362562 0.00715371 0.000160771 0.00040924 1.45514e-06 3.25801e-10 0.00107564 0.293546 0.000772333 2.74897e-06 9.65747e-07 0.00725251 0.306331 2.5869e-09 0.00190182 0.015878 0.00172142 7.86215e-07 3.65311e-05 5.32406e-10 
0.910795 0.0186333 9.53901e-07 0.00274652 4.58542e-05 0.00144921 1.95995e-07 0.000386924 0.00984815 3.24244e-05 9.85424e-07 9.18078e-07 9.69493e-05 0.0523977 1.55622e-06 2.5471e-07 0.0034386 6.27382e-06 7.47407e-07 0.000117296 3.20284e-07 
0.000460806 0.00264037 1.26075e-07 0.000832101 6.46886e-08 0.00145787 2.59042e-08 0.000158844 0.00198217 0.000284654 1.30241e-07 1.2134e-07 0.000231094 0.990395 2.05682e-07 3.36644e-08 0.00155638 3.19485e-08 9.8783e-08 1.30934e-07 4.23312e-08 
0.014479 0.171593 1.27071e-08 0.144634 1.44284e-05 6.55587e-07 2.61089e-09 1.18839e-05 0.231727 0.0600816 9.19559e-06 1.63073e-06 0.0579605 0.312619 2.07308e-08 1.10883e-05 0.00664605 3.0761e-07 9.95638e-09 0.000187535 2.26703e-05 
0.647806 0.154989 6.54371e-06 0.000266214 0.00217804 2.45207e-06 3.92783e-10 0.0429752 0.013239 0.045259 5.21526e-06 1.30604e-06 0.0246437 2.10346e-05 5.63384e-05 0.00201046 0.0180104 8.76722e-07 9.16797e-07 1.98534e-09 0.0485282 
0.0300546 0.00987251 1.79066e-05 0.0104642 0.000374276 2.77689e-06 3.63961e-11 0.000534213 0.209475 1.89783e-05 1.82993e-10 1.70486e-10 0.0895602 0.0130293 2.88989e-10 0.000177319 0.615827 2.15402e-07 0.0184599 3.53221e-07 0.00213127 
0.0276229 0.0404718 6.68823e-06 0.00632698 0.0026993 0.257739 8.10633e-12 0.0232055 0.055743 0.000702029 0.00184595 6.54229e-08 0.0172129 0.0626976 6.43651e-11 1.18143e-06 0.503169 5.33104e-08 0.00039516 4.09738e-11 0.000160618 
0.00684064 1.24146e-06 1.02507e-10 2.78964e-07 5.25961e-11 3.65425e-08 2.10618e-11 3.08958e-07 0.0317356 0.0849125 1.05895e-10 9.86576e-11 0.102437 0.0220097 1.67233e-10 1.17973e-06 0.658581 2.41605e-07 8.03171e-11 2.55605e-07 0.09348 
0.001729 4.04738e-05 2.82419e-10 6.27827e-06 1.61573e-05 3.97718e-05 5.80277e-11 6.83231e-05 2.03069e-05 5.86997e-07 0.000579654 9.62244e-06 1.26495e-05 0.149894 4.60746e-10 0.003826 0.823633 7.84386e-06 4.9127e-06 2.93303e-10 0.0201113 
0.00684064 1.24146e-06 1.02507e-10 2.78964e-07 5.25961e-11 3.65425e-08 2.10618e-11 3.08958e-07 0.0317356 0.0849125 1.05895e-10 9.86576e-11 0.102437 0.0220097 1.67233e-10 1.17973e-06 0.658581 2.41605e-07 8.03171e-11 2.55605e-07 0.09348 
0.00428307 0.128732 6.23658e-08 0.000198117 0.00604608 0.028121 6.31204e-13 0.0224453 0.0456805 6.57732e-05 0.0920634 0.000575787 0.0245886 0.13459 5.01183e-12 2.77269e-08 0.512315 8.53228e-08 0.000293966 6.16078e-07 8.74705e-08 
6.26835e-05 0.000148202 1.03413e-09 2.2989e-05 5.91629e-05 0.000145632 2.12479e-10 0.000250177 7.43572e-05 2.1494e-06 0.00212251 3.52343e-05 4.63183e-05 0.914526 1.6871e-09 0.0821444 0.00028449 2.87217e-05 1.79887e-05 1.07398e-09 2.94447e-05 
3.8573e-05 1.81334e-05 3.51041e-05 0.0120061 0.000131935 2.19203e-06 2.93188e-10 1.82058e-06 1.21864e-05 1.25253e-05 1.47409e-09 3.02275e-06 9.89969e-05 0.711783 7.45174e-06 0.0591359 0.216642 9.7668e-07 2.00141e-05 3.11353e-06 4.72409e-05 
0.990416 0.00859465 4.27042e-12 6.65126e-05 3.27928e-09 0.000709887 8.7743e-13 1.19349e-09 2.68527e-06 5.494e-09 4.41154e-12 4.11005e-12 2.16602e-05 1.05913e-12 6.96689e-12 1.63875e-10 0.000182639 1.40332e-08 4.19614e-09 2.58524e-07 5.17568e-06 
0.0160485 0.0823427 2.89948e-07 0.000217132 0.000126189 2.31686e-07 3.92298e-12 0.0178853 0.0164747 0.00328817 0.268186 6.71801e-05 0.000184293 0.54239 3.11489e-11 2.95758e-06 0.0480003 0.000560292 0.00288818 1.98289e-11 0.00133705 
0.182401 0.0595031 5.26184e-08 5.71835e-06 0.033251 0.00837673 1.08113e-08 3.44918e-06 0.0228272 0.0117323 5.43572e-08 1.1224e-05 0.158494 0.0148258 6.56645e-06 0.00107305 0.0177169 0.141365 5.04716e-05 5.46463e-08 0.348356 
0.002296 0.0371636 3.13054e-11 0.000204732 0.000208499 9.63559e-07 6.43221e-12 0.00434953 0.0168461 5.69682e-05 0.048758 0.000513033 0.000584885 0.867522 4.39111e-09 6.17608e-08 0.0200483 0.00127769 0.000155581 3.25119e-11 1.35855e-05 
5.47511e-06 0.244669 9.03261e-11 2.00798e-06 5.1676e-06 0.417237 1.8559e-11 0.249133 0.0454698 0.020858 0.000185391 3.07755e-06 4.04568e-06 3.19391e-05 1.47361e-10 8.1524e-07 0.0223889 2.50871e-06 1.57123e-06 9.38073e-11 2.57185e-06 
7.15885e-05 0.000169232 5.54827e-08 0.000241254 6.75839e-05 0.0132356 1.13999e-08 0.000285677 8.4915e-05 2.46005e-06 0.243277 0.000708226 5.28965e-05 0.715952 9.05162e-08 0.0163098 0.00886441 0.000623164 2.05832e-05 5.76211e-08 3.364e-05 
0.00184888 0.000243396 3.10196e-08 1.79573e-08 0.000136894 1.41076e-05 6.3735e-09 5.44607e-06 0.73076 0.000146615 0.0109561 2.98547e-08 4.38032e-05 0.00120402 0.00229252 3.89375e-05 0.247401 0.000191808 0.00145344 0.00325697 6.25954e-06 
4.07169e-05 9.62667e-05 6.71731e-10 1.49328e-05 3.84301e-05 9.45971e-05 1.38018e-10 0.000162506 4.82997e-05 1.39617e-06 0.0013787 2.28869e-05 3.00867e-05 0.997831 1.09588e-09 6.06272e-06 0.000184794 1.86566e-05 1.16848e-05 6.9762e-10 1.91262e-05 
0.00729712 0.239019 1.33746e-11 2.97323e-07 0.00183716 1.88349e-06 2.74804e-12 0.140429 0.0711653 0.0001557 2.74509e-05 4.55694e-07 5.99046e-07 0.462996 2.18198e-11 1.20713e-07 0.0504112 3.71465e-07 2.32653e-07 1.38901e-11 0.0266575 
0.0760622 0.185529 0.0001334 0.00299106 0.000575878 0.00347077 2.55376e-09 0.000964948 0.105102 3.73789e-06 1.28398e-08 1.19623e-08 0.145662 0.366108 2.02771e-08 8.8595e-06 0.0649977 3.14964e-09 1.65906e-06 0.0482447 0.000143196 
0.312641 0.12944 8.21422e-11 4.75522e-11 0.00150103 0.0454223 1.68775e-11 0.000255435 0.12033 0.00283163 0.319984 0.000279454 0.040938 0.00162706 2.46999e-07 0.00400601 0.0192055 0.000434939 3.30062e-07 2.70447e-09 0.00110446 
0.000483439 0.0388348 5.24634e-09 0.00355826 0.00254435 0.00512698 1.07795e-09 0.000995569 0.00468958 0.283836 5.41971e-09 5.04932e-09 0.197738 0.326322 8.55904e-09 1.40087e-09 0.00201731 1.32947e-09 0.00024314 5.44854e-09 0.133611 
4.47698e-05 0.000105849 7.38594e-10 0.00494217 4.22554e-05 0.000104013 1.51757e-10 0.000178682 5.31074e-05 1.53514e-06 0.00151594 2.5165e-05 3.30814e-05 0.992689 1.20496e-09 6.66619e-06 0.000203188 2.05136e-05 1.28479e-05 7.6706e-10 2.103e-05 
2.16433e-06 0.123455 8.12652e-06 1.13739e-05 0.00488324 0.0299194 8.77175e-10 7.65086e-06 0.2854 0.137576 2.9345e-06 4.10886e-09 4.77122e-08 0.260953 6.96486e-09 8.0567e-06 0.022486 1.32067e-06 3.63993e-06 1.84817e-05 0.135263 
0.00335891 0.060795 2.23785e-10 0.000796435 1.41167e-06 0.046603 4.59804e-11 0.00627542 0.0126744 0.000586184 5.06409e-05 0.00599033 0.000917636 0.812326 3.65089e-10 0.00129061 0.0478843 8.40783e-05 5.27962e-05 2.3241e-10 0.000313161 
0.0026648 0.0380801 2.83909e-08 0.00036381 0.000485727 0.000632076 5.83339e-09 0.00546569 0.0138388 9.85306e-05 0.0582299 0.000152947 0.000805388 0.861787 3.9462e-06 4.05159e-05 0.0166406 0.000504451 7.80937e-05 2.94851e-08 0.000127804 
0.159069 0.00972066 6.69829e-08 0.14519 3.43687e-08 7.7455e-05 1.37628e-08 9.98643e-05 0.00803373 0.0630879 6.91964e-08 1.10353e-05 3.51382e-05 0.560261 3.90636e-06 5.26523e-06 0.0174567 0.00610497 0.0307411 1.77031e-06 9.9899e-05 
0.0201018 0.086607 0.833466 0.000250857 3.1751e-05 5.58233e-05 5.4365e-09 0.0524777 0.00533268 2.76001e-05 2.73336e-08 1.25028e-05 9.56623e-05 0.000773317 1.40361e-06 1.09435e-05 5.36262e-05 6.70501e-09 6.77637e-05 2.007e-06 0.000631106 
0.155187 0.152023 5.91248e-05 0.0453117 0.000771334 0.0029717 2.08222e-09 0.0020976 0.366869 0.051197 1.0469e-08 9.75353e-09 0.024954 0.0940198 1.65331e-08 1.62309e-05 0.102684 2.56807e-09 3.02012e-07 2.22281e-05 0.00181657 
0.00187418 0.157563 1.76213e-09 0.00707786 4.9475e-07 0.0165116 3.6206e-10 0.000852389 0.0239688 0.000206341 0.000943548 1.69596e-09 4.69127e-07 0.78979 9.52411e-08 1.71249e-06 0.00104965 0.000154115 1.38068e-09 1.29882e-07 5.15568e-06 
0.0148681 0.0481989 9.92356e-10 1.11165e-06 5.12105e-06 0.0220425 2.03896e-10 1.16088e-07 0.169712 0.0245467 1.02515e-09 5.63864e-06 6.39181e-06 0.717815 1.61896e-09 5.4843e-06 0.00236225 7.39429e-08 7.77537e-10 3.90643e-06 0.000426057 
0.647806 0.154989 6.54371e-06 0.000266214 0.00217804 2.45207e-06 3.92783e-10 0.0429752 0.013239 0.045259 5.21526e-06 1.30604e-06 0.0246437 2.10346e-05 5.63384e-05 0.00201046 0.0180104 8.76722e-07 9.16797e-07 1.98534e-09 0.0485282 
0.00700854 4.95267e-05 5.70153e-08 0.00108563 1.97982e-05 4.86694e-05 1.17148e-08 0.0758789 0.0339078 7.24193e-07 0.000709288 1.1828e-05 1.54848e-05 0.88114 9.30164e-08 3.1339e-06 9.50654e-05 9.61164e-06 6.05529e-06 5.92127e-08 9.85788e-06 
0.164799 0.171457 5.8235e-05 0.0449535 2.4046e-06 0.00211649 1.62495e-09 0.0304075 0.0701906 0.0221052 0.0384713 2.15945e-06 0.00280174 0.26783 1.29022e-08 0.000100747 0.0509621 0.00342242 0.00135962 0.128788 0.000171946 
1.70745e-06 7.44716e-05 1.9997e-06 0.00242804 2.42778e-06 7.01009e-05 4.10872e-07 1.09573e-06 0.0624505 0.000841923 2.06578e-06 1.9246e-06 0.0103847 0.665455 3.26237e-06 7.56958e-07 0.234818 1.36741e-05 2.65742e-06 2.07677e-06 0.0234428 
2.13871e-06 0.356993 2.05594e-07 7.84857e-07 1.05384e-10 4.29316e-08 4.22005e-11 8.19125e-08 0.275351 0.0127144 2.12176e-10 2.57176e-07 5.45711e-06 0.184948 3.35077e-10 3.45563e-07 0.160702 5.20993e-08 1.60927e-10 2.13304e-10 0.00928287 
0.0300546 0.00987251 1.79066e-05 0.0104642 0.000374276 2.77689e-06 3.63961e-11 0.000534213 0.209475 1.89783e-05 1.82993e-10 1.70486e-10 0.0895602 0.0130293 2.88989e-10 0.000177319 0.615827 2.15402e-07 0.0184599 3.53221e-07 0.00213127 
0.00349131 0.106393 0.000763132 0.000163036 0.00531894 0.023856 8.06519e-13 0.0246645 0.0446806 6.56288e-05 0.166575 0.00046878 0.0247998 0.109731 6.40385e-12 7.8582e-06 0.416928 7.82826e-05 0.000249803 0.0717025 6.2107e-05 
5.83532e-06 0.117283 9.62687e-11 2.14009e-06 5.50758e-06 1.35571e-05 1.978e-11 2.32895e-05 0.0450003 2.00091e-07 0.000197588 3.28002e-06 4.31185e-06 0.837426 1.57056e-10 8.68875e-07 2.64837e-05 2.67375e-06 1.6746e-06 9.99789e-11 2.74106e-06 
0.00341555 0.417858 1.14973e-11 0.000613669 6.57768e-07 1.61912e-06 2.36232e-12 0.0250358 0.0369541 0.00025094 2.35978e-05 3.91731e-07 0.00108194 0.349224 1.87571e-11 0.00011425 0.165425 3.19325e-07 1.99997e-07 1.19404e-11 3.27363e-07 
0.00688684 0.111488 6.41862e-12 0.0006137 0.000624625 9.03907e-07 1.31881e-12 0.0130451 0.0395066 0.000170776 0.146244 2.18692e-07 0.00175396 0.632542 1.05762e-09 5.79313e-08 0.0460884 0.00103414 1.11653e-07 6.66599e-12 1.82757e-07 
0.00471477 0.0468897 9.03779e-11 0.000639836 0.00602896 0.000922898 1.85697e-11 0.00539729 0.0320063 0.00105813 0.0884269 7.06688e-05 0.00752893 0.701855 7.39398e-09 0.000219533 0.101359 0.000517804 9.07609e-08 9.3861e-11 0.00236389 
0.00254603 0.107249 3.38177e-07 0.000113914 0.00050189 0.00275783 1.20411e-11 0.123744 0.248504 0.000396478 2.2333e-05 4.98746e-05 0.0149063 0.250849 9.56077e-11 0.000141215 0.240271 0.000245266 0.00371958 3.20554e-06 0.00397963 
0.190977 0.00605526 0.304091 0.00543008 8.62455e-06 0.0089706 2.55027e-08 0.000490075 9.73207e-06 0.0289691 1.33762e-06 0.00107237 0.0835359 0.0774669 8.58917e-07 0.00284064 0.0278391 3.14533e-08 0.00222219 0.0238517 0.236168 
0.00205847 0.0169733 1.68954e-10 3.75591e-06 9.66596e-06 2.37931e-05 3.47145e-11 4.08736e-05 1.21484e-05 0.000632448 0.000346772 5.75653e-06 7.56741e-06 0.979825 2.75637e-10 1.5249e-06 4.64795e-05 4.69251e-06 2.93898e-06 1.75466e-10 4.81063e-06 
0.000155743 0.000264094 0.987344 0.00217696 2.16017e-05 0.00687944 1.18526e-08 1.03883e-06 0.00259629 2.31393e-05 5.95927e-08 5.552e-08 9.70245e-05 4.21571e-05 4.43941e-07 7.17297e-06 4.72463e-05 1.46182e-08 5.10536e-05 7.18962e-07 0.000291622 
0.0212734 0.143869 4.44718e-10 2.31796e-05 0.000779735 0.00415517 9.13749e-11 0.0562564 0.159245 0.000726505 0.104907 3.28998e-05 0.00038222 0.344073 7.25526e-10 0.00237515 0.152048 7.97774e-05 0.000815979 4.61858e-10 0.00895848 
8.55151e-07 2.02183e-06 1.41079e-11 3.13624e-07 8.07122e-07 1.98676e-06 2.89871e-12 3.41301e-06 0.00537739 2.93228e-08 2.8956e-05 0.00153865 6.3189e-07 0.976755 2.30161e-11 1.27331e-07 0.0135878 0.00219465 0.000466522 1.46516e-11 4.05712e-05 
0.29753 0.316377 0.00566517 0.0852665 0.0767002 0.00465863 5.7951e-11 0.00579226 0.149763 0.00969125 2.91366e-10 2.71454e-10 0.0450186 1.38167e-05 3.79597e-05 0.000216039 0.00326384 7.14728e-11 3.49459e-06 4.73819e-07 1.60118e-06 
2.89414e-08 0.000131259 1.25908e-07 7.28882e-08 0.0175203 0.00071947 2.58699e-08 2.00977e-05 7.48413e-05 0.000293575 0.00251046 1.2118e-07 0.0010325 0.977284 2.0541e-07 0.000242096 0.000116186 5.42723e-05 9.86522e-08 1.3076e-07 4.22751e-08 
0.00311074 0.0505899 1.35072e-05 3.65625e-05 0.0250018 0.043709 5.26008e-10 0.00377048 0.240242 0.00182894 0.0155779 0.000103203 0.00411912 0.519373 4.17656e-09 9.90083e-07 0.0854441 0.00664986 0.000291729 0.000133414 3.12219e-06 
9.52485e-06 0.0788409 1.57137e-10 3.49321e-06 8.98989e-06 0.0398543 3.22864e-11 3.80148e-05 0.0644138 0.00267847 0.000322518 5.3539e-06 0.030271 0.783497 2.56358e-10 1.41824e-06 4.32286e-05 4.36431e-06 2.73342e-06 1.63193e-10 4.47416e-06 
2.57469e-06 0.0681839 4.24761e-11 9.44259e-07 2.43008e-06 5.98173e-06 8.72743e-12 1.02759e-05 0.0354315 8.82851e-08 8.71806e-05 0.000435615 1.90249e-06 0.820076 6.92968e-11 3.83369e-07 0.0747975 1.17973e-06 0.000961279 1.72086e-07 1.20942e-06 
0.0458795 0.00202368 1.30845e-07 7.57464e-08 0.0145797 3.54937e-05 2.68843e-08 0.000508315 0.803343 0.0101997 1.35169e-07 1.25931e-07 0.0657595 0.0120859 1.16783e-05 0.00232624 0.00133538 2.83306e-05 0.000114406 1.35888e-07 0.0417684 
0.139121 0.25791 2.25295e-06 0.0013042 0.00152413 0.0350919 5.75992e-07 0.0079358 0.183643 0.0130678 0.00334119 0.000285856 0.00786873 0.0940219 0.000264241 0.000464773 0.19739 0.000408641 0.0447015 0.0112607 0.000391063 
9.69922e-05 0.000229137 0.000712635 3.57714e-05 9.16644e-05 0.000225175 8.33334e-08 0.000386801 0.000115014 3.36527e-06 0.00328149 5.48558e-05 0.0321586 0.907876 6.61676e-07 0.053434 0.000439807 4.45019e-05 2.81244e-05 0.000740098 4.56527e-05 
0.002296 0.0371636 3.13054e-11 0.000204732 0.000208499 9.63559e-07 6.43221e-12 0.00434953 0.0168461 5.69682e-05 0.048758 0.000513033 0.000584885 0.867522 4.39111e-09 6.17608e-08 0.0200483 0.00127769 0.000155581 3.25119e-11 1.35855e-05 
0.000273951 0.0232307 8.52066e-06 9.98893e-06 0.00183837 3.12023e-05 5.57904e-08 1.823e-06 0.0235927 0.00156985 0.000324023 2.61333e-07 0.00796905 0.905961 2.46973e-05 0.000195937 0.0339149 3.28259e-06 0.000779629 1.41806e-06 0.000268219 
0.0071493 0.177641 1.01086e-09 3.08122e-06 5.18671e-10 0.0915717 2.07699e-10 6.15551e-07 0.466893 0.0305579 1.04427e-09 0.00187235 4.13778e-07 0.208381 2.28442e-06 0.0159253 1.81174e-06 1.13491e-07 3.50909e-07 1.04982e-09 3.3941e-10 
0.0192764 0.102384 0.00070697 0.00190801 0.160773 0.0335509 6.5513e-10 0.00131431 0.00587674 0.000195563 0.0147076 0.00059648 0.00495432 0.646971 6.97561e-08 7.37305e-05 0.00462011 0.00118302 0.000152403 3.31138e-09 0.000755714 
0.397339 0.306209 8.55475e-06 1.30086e-05 0.000167604 0.00214864 3.01833e-08 1.95333e-05 2.5228e-05 0.11701 1.51756e-07 3.07128e-06 0.00119741 0.00030075 2.39659e-07 6.00023e-06 0.140417 1.19026e-05 2.12414e-05 0.000159283 0.0349411 
0.00132675 0.117777 7.63612e-07 5.80998e-05 0.00025343 0.00318376 1.80209e-10 0.104097 0.062293 0.00915243 7.67296e-05 2.62305e-05 0.00307004 0.664947 1.43088e-09 0.00105964 0.0210199 0.000252789 0.00188476 0.00626628 0.00325417 
4.3299e-07 0.0408472 7.1433e-12 1.58798e-07 0.00449577 0.00553378 1.46771e-12 0.0184926 0.0121221 1.48471e-08 0.217003 2.43383e-07 3.19946e-07 0.58221 1.16538e-11 0.00131529 0.116927 0.0010517 1.24258e-07 7.4186e-12 2.03391e-07 
0.00704654 0.0534049 0.00105808 0.000422585 0.00255666 0.00297228 1.638e-05 0.00638338 0.0497078 0.00235277 0.033205 0.000122792 0.0139678 0.656908 0.00109171 4.26435e-05 0.162612 6.39673e-05 0.00441292 0.00157778 7.43082e-05 
0.000336798 0.00426024 2.71103e-06 4.15503e-05 4.60608e-05 0.000113379 3.88057e-10 0.0148329 0.000740386 4.26509e-05 0.955013 0.000127114 0.0003148 0.0164656 3.08122e-09 1.31381e-05 0.0072167 0.000258564 9.91013e-05 1.96145e-09 7.50254e-05 
0.297462 0.458001 9.20576e-07 7.94326e-05 0.00494037 0.00107283 5.41674e-09 0.0700113 0.0560365 0.0398163 7.33715e-07 1.83819e-07 0.0181382 0.0118113 7.92497e-06 0.000602363 0.0130883 1.3156e-05 0.014363 2.19707e-07 0.0145541 
0.138284 0.0625371 0.0278931 0.0238347 0.00802331 0.0703454 5.81669e-13 0.00336765 0.0712564 5.23867e-08 2.92451e-12 2.72465e-12 0.131273 1.19362e-07 1.94023e-08 0.000238374 0.450902 7.1739e-13 2.08285e-07 2.82276e-08 0.0120439 
0.0023059 0.0371882 7.74587e-10 0.000208985 0.000216004 1.81037e-05 1.59152e-10 0.00437981 0.0261226 0.000966237 0.0490149 4.38064e-06 0.000590851 0.863229 1.07008e-07 1.16044e-06 0.0153988 0.000349175 2.23671e-06 8.04439e-10 3.66052e-06 
0.0300546 0.00987251 1.79066e-05 0.0104642 0.000374276 2.77689e-06 3.63961e-11 0.000534213 0.209475 1.89783e-05 1.82993e-10 1.70486e-10 0.0895602 0.0130293 2.88989e-10 0.000177319 0.615827 2.15402e-07 0.0184599 3.53221e-07 0.00213127 
0.0339804 0.0530018 9.97076e-06 0.00948948 0.00404862 0.161122 4.86819e-12 0.0348076 0.0245596 0.000366394 0.00276627 5.46029e-08 0.0128621 0.0940446 3.8654e-11 1.75939e-06 0.568657 4.44985e-08 4.15832e-05 2.46065e-11 0.000240842 
0.00793569 0.123222 4.41906e-11 0.000693759 0.000208528 0.00508836 9.0797e-12 0.025954 0.0531754 0.0003048 0.0723486 2.43882e-07 0.000584909 0.671554 6.46293e-09 0.000235593 0.0378059 0.000887526 1.24524e-07 4.41306e-09 2.0379e-07 
1.28918e-06 0.161632 9.63434e-10 2.32804e-06 3.54195e-06 0.00106734 1.97954e-10 0.000226777 0.00620866 7.96343e-07 9.59443e-06 9.27253e-10 6.46535e-07 0.81856 1.57177e-09 3.4182e-06 0.0122818 8.42978e-07 4.45826e-07 1.00056e-09 3.21109e-08 
0.00151444 0.0432349 0.000158816 9.58247e-05 0.0564703 0.00954162 1.76126e-09 0.00770062 0.0155553 3.19817e-05 0.032343 0.00025886 0.00841953 0.651603 1.39846e-08 6.77106e-06 0.171309 2.08319e-05 0.000144731 0.00156885 2.13569e-05 
0.00332746 0.000328494 0.00147863 2.95065e-07 0.00902281 0.000244335 1.04726e-07 0.000341449 0.00638661 0.00445786 0.00252793 0.000491048 0.00191691 0.951302 0.00124814 0.00329373 0.000947773 1.29162e-07 0.00523205 0.00137682 0.00607554 
0.370557 0.251583 1.61004e-06 0.00162923 0.00916803 0.00909971 4.74189e-07 0.0148176 0.0465336 0.00245436 0.000265454 6.72231e-06 0.0031952 0.237863 4.97018e-06 0.000192674 0.0319739 0.000181022 0.000109265 0.019326 0.00103732 
0.000362516 0.0118892 1.04947e-07 0.000675849 5.64134e-08 4.25859e-07 2.6351e-11 0.00456411 0.017105 0.0125633 0.154293 9.36311e-07 0.00086893 0.76994 2.0923e-10 0.00100815 0.00496007 0.000816191 0.020952 1.33192e-10 2.37955e-07 
2.03349e-05 0.0512133 5.39395e-09 3.12256e-09 2.76762e-09 1.15339e-05 1.10828e-09 6.88967e-07 2.73834e-05 0.107233 5.57219e-09 5.19138e-09 3.66891e-07 0.841467 8.79984e-09 1.45469e-07 8.29548e-06 1.36687e-09 4.2263e-09 5.60183e-09 1.84749e-05 
0.000106351 0.000213244 7.10293e-07 4.1119e-07 3.64449e-07 2.97054e-05 1.45942e-07 1.43483e-05 0.999433 2.96339e-05 3.53157e-05 6.83619e-07 2.34268e-05 1.89952e-05 1.15879e-06 2.34301e-05 1.50258e-05 1.79995e-07 2.32884e-05 7.37668e-07 3.02114e-05 
0.00651458 0.0161618 0.000698095 0.0003168 0.00058078 0.000613716 1.04701e-05 0.00364556 0.00343672 0.0507638 8.19623e-05 4.94363e-05 0.00904573 0.814611 0.00164995 0.00141201 0.000642501 9.54805e-05 0.000111495 7.06559e-05 0.0894874 
0.00255041 0.0486855 1.06729e-06 0.000115418 0.0005052 7.69503e-06 4.24295e-11 0.123769 0.0257388 0.0647321 0.000112151 0.0075572 0.00545014 0.54746 3.36895e-10 0.000142358 0.132144 0.00149878 0.00375032 1.01166e-05 0.0357697 
0.0180155 0.191948 0.00136862 0.510336 0.0524807 0.00289551 2.48558e-06 0.00685058 0.0170209 0.000772249 0.00602854 5.12987e-05 0.0378011 0.00607478 3.47813e-05 0.00205023 0.0651596 4.25611e-06 0.000395531 0.0799766 0.000733303 
1.28918e-06 0.161632 9.63434e-10 2.32804e-06 3.54195e-06 0.00106734 1.97954e-10 0.000226777 0.00620866 7.96343e-07 9.59443e-06 9.27253e-10 6.46535e-07 0.81856 1.57177e-09 3.4182e-06 0.0122818 8.42978e-07 4.45826e-07 1.00056e-09 3.21109e-08 
2.39998e-06 0.00150515 1.25633e-09 7.27291e-10 0.802157 4.48259e-07 2.58134e-10 8.10748e-08 4.36182e-06 0.0312635 1.29785e-09 0.000215869 0.0100012 0.00496243 2.04961e-09 0.107526 1.91427e-06 3.18365e-10 0.000303957 1.30475e-09 0.0420558 
9.18024e-05 0.000363991 0.984703 0.000362282 1.07833e-05 0.0103118 1.49282e-08 6.27443e-07 0.00388238 1.00907e-05 7.5056e-08 6.99266e-08 3.59739e-05 6.37361e-05 3.96502e-07 3.58852e-06 2.03357e-05 1.84114e-08 2.33545e-05 4.79917e-07 0.000115509 
0.00729712 0.239019 1.33746e-11 2.97323e-07 0.00183716 1.88349e-06 2.74804e-12 0.140429 0.0711653 0.0001557 2.74509e-05 4.55694e-07 5.99046e-07 0.462996 2.18198e-11 1.20713e-07 0.0504112 3.71465e-07 2.32653e-07 1.38901e-11 0.0266575 
0.647806 0.154989 6.54371e-06 0.000266214 0.00217804 2.45207e-06 3.92783e-10 0.0429752 0.013239 0.045259 5.21526e-06 1.30604e-06 0.0246437 2.10346e-05 5.63384e-05 0.00201046 0.0180104 8.76722e-07 9.16797e-07 1.98534e-09 0.0485282 
0.00194003 0.0897496 2.21657e-06 0.00221413 0.00404868 0.0103942 3.065e-11 0.00028056 0.0450289 1.13417e-07 0.00557757 1.4357e-10 0.00431215 0.620809 1.39433e-08 4.61713e-07 0.215483 0.000152583 4.8759e-07 6.58263e-06 5.00865e-11 
0.0264443 0.522741 3.36984e-06 0.211898 3.23098e-05 9.3569e-05 1.3503e-07 0.000392773 0.0284507 0.000108287 6.78905e-07 6.32508e-07 0.0118695 0.150091 1.07216e-06 1.33441e-06 0.0475959 1.65147e-05 5.14924e-07 6.82516e-07 0.000257939 
0.00010764 0.000254292 4.48247e-07 3.96975e-05 0.000101727 0.000249895 9.20999e-08 0.000429265 0.00811579 3.73452e-06 0.0941685 6.08762e-05 7.95223e-05 0.861213 7.31283e-07 1.61314e-05 0.00048809 0.00131715 3.12106e-05 4.65523e-07 0.0333222 
2.28933e-06 0.0579208 3.77685e-11 8.39606e-07 2.16075e-06 5.31877e-06 7.76016e-12 0.0210243 0.0684381 0.00193903 7.75183e-05 0.00283231 1.69164e-06 0.68111 6.16165e-11 3.4088e-07 0.161058 1.04898e-06 0.00558506 3.92241e-11 1.07538e-06 
0.00204143 0.0373517 9.18374e-08 0.000107994 2.85512e-07 0.00715719 9.41455e-12 0.0303206 0.00906518 0.00198516 0.00299515 0.0271336 0.000648053 0.842917 7.47526e-11 2.58029e-05 0.0369699 0.000745377 0.000106626 4.75862e-11 0.000429086 
0.00529749 0.0834409 1.03729e-07 0.000106262 0.00201548 0.0124293 1.21863e-12 0.015651 0.056723 0.00149301 0.0306895 0.000191979 0.0153728 0.113967 9.67604e-12 0.000181704 0.586183 0.00201033 9.80207e-05 0.0741488 5.25496e-08 
0.0178309 0.0136253 7.88633e-10 1.10787e-06 0.00150547 0.0391856 1.62038e-10 0.00617693 0.107898 1.0362e-07 0.0724429 1.69804e-06 2.23137e-06 0.548188 1.2866e-09 0.000442884 0.190544 0.000583871 0.00156974 8.19027e-10 1.41868e-06 
6.01244e-05 5.20644e-05 0.99937 2.16204e-05 4.24887e-05 6.31673e-05 3.7815e-07 3.4646e-06 4.98352e-05 3.25985e-05 1.90126e-06 1.77133e-06 0.000107464 3.70539e-06 5.6979e-06 1.54796e-05 5.93816e-05 4.66385e-07 8.82928e-05 5.83323e-06 1.38785e-05 
0.000141464 0.007306 1.8218e-07 5.19706e-05 0.000133572 0.0145349 3.7432e-08 0.000564464 0.0120139 0.00126905 0.00478886 7.96667e-05 0.000104525 0.886381 2.97214e-07 0.000273501 0.0721841 6.48458e-05 4.07261e-05 1.89201e-07 6.64918e-05 
0.00352888 0.0463903 9.86102e-06 0.00140861 3.43346e-07 0.000755601 1.85894e-10 0.0510099 0.0122676 0.00620533 0.0418258 0.00117576 0.00134952 0.609532 1.956e-07 0.000225246 0.00575457 0.0110141 0.0112495 0.184858 0.0114385 
0.000362516 0.0118892 1.04947e-07 0.000675849 5.64134e-08 4.25859e-07 2.6351e-11 0.00456411 0.017105 0.0125633 0.154293 9.36311e-07 0.00086893 0.76994 2.0923e-10 0.00100815 0.00496007 0.000816191 0.020952 1.33192e-10 2.37955e-07 
0.138326 0.27063 2.48883e-06 0.000791092 0.00651398 9.32759e-07 3.65239e-11 0.128871 0.0396872 0.135714 1.98344e-06 4.96318e-07 0.0738961 8.00191e-06 2.14316e-05 0.0060175 0.0540089 3.33387e-07 3.48341e-07 1.84612e-10 0.145508 
0.647806 0.154989 6.54371e-06 0.000266214 0.00217804 2.45207e-06 3.92783e-10 0.0429752 0.013239 0.045259 5.21526e-06 1.30604e-06 0.0246437 2.10346e-05 5.63384e-05 0.00201046 0.0180104 8.76722e-07 9.16797e-07 1.98534e-09 0.0485282 
0.00119732 0.677203 8.83606e-09 5.1152e-09 4.53375e-09 0.00378852 1.81552e-09 7.32834e-06 0.299978 2.42467e-06 9.12805e-09 8.50423e-09 6.47927e-06 1.20554e-05 0.0177943 2.3594e-09 5.37428e-06 2.23913e-09 6.92329e-09 9.1766e-09 5.04656e-06 
