0.0681351 0.0539016 0.000334377 0.0210261 0.0106025 0.0600418 0.327255 0.122588 0.00669217 0.055075 0.000225606 0.00477525 0.0120062 0.0309378 4.12628e-05 0.0128411 0.116112 0.0602114 0.0133319 0.00125467 0.0226111 
0.0153603 0.010371 7.16426e-06 7.78393e-05 0.00244442 0.105651 0.448113 0.00420487 0.0123371 0.056841 3.97839e-05 2.91326e-06 0.0584833 0.0162615 0.00033984 0.153879 0.101408 0.000110044 0.000142856 2.37695e-10 0.013926 
0.00270662 0.030342 0.165409 0.0268506 0.0010344 0.00347063 0.362297 0.000168738 0.029028 0.0305425 0.00452796 0.321788 0.00370834 0.00899817 3.40804e-05 0.00333342 0.00537158 0.000308684 3.9636e-05 7.92632e-06 3.25344e-05 
0.00266273 0.0224887 5.71114e-06 0.000494471 0.00587334 0.151268 0.468732 0.000133753 0.0410224 0.0139167 2.50989e-06 5.01548e-07 0.0113929 0.058931 4.47268e-08 0.0732942 0.14896 0.000127377 7.75239e-05 1.19276e-05 0.000604675 
7.34227e-08 8.52205e-05 2.61703e-07 8.71737e-06 0.00471957 0.0923965 0.815502 1.16256e-06 0.0333453 4.74804e-07 1.07993e-05 1.30889e-06 0.0010433 0.0203009 2.60552e-09 0.000107497 0.0314798 0.000193985 0.000442362 8.84799e-08 0.000360957 
0.0153603 0.010371 7.16426e-06 7.78393e-05 0.00244442 0.105651 0.448113 0.00420487 0.0123371 0.056841 3.97839e-05 2.91326e-06 0.0584833 0.0162615 0.00033984 0.153879 0.101408 0.000110044 0.000142856 2.37695e-10 0.013926 
0.00270662 0.030342 0.165409 0.0268506 0.0010344 0.00347063 0.362297 0.000168738 0.029028 0.0305425 0.00452796 0.321788 0.00370834 0.00899817 3.40804e-05 0.00333342 0.00537158 0.000308684 3.9636e-05 7.92632e-06 3.25344e-05 
0.000638612 0.00113181 2.00805e-05 0.00034377 0.00441357 0.00735083 0.90318 1.93736e-05 0.00730536 0.000708243 3.50497e-06 5.55182e-07 0.0172323 0.0210858 1.07738e-10 0.00820781 0.0272737 0.00017763 7.36478e-05 2.22742e-05 0.000811357 
0.00683586 0.0373237 0.000848746 0.00305834 0.00873716 0.0249531 0.384996 0.0124506 0.025741 0.19757 0.00312929 0.000357455 0.0278325 0.022947 1.9482e-05 0.0483791 0.17893 0.00139747 0.00112461 0.00198067 0.0113884 
0.000216348 0.00100747 1.66379e-05 1.51108e-05 0.0035436 0.0355991 0.452578 0.00015593 0.0450471 0.0121153 0.0209148 0.00032505 0.000190608 0.336258 2.14151e-10 1.30195e-06 0.0908356 0.000489931 0.000690527 1.36325e-10 1.84314e-08 
0.000967266 0.0156566 0.00128567 0.00534282 0.0125026 0.155758 0.58127 0.0165723 0.0527902 0.0414247 2.93356e-05 4.47001e-06 0.00376144 0.0338912 3.25035e-07 0.0148728 0.0520376 0.00212528 0.00100959 0.000267143 0.00843085 
0.0244435 0.0293553 9.07752e-07 9.08244e-07 0.00318001 9.08771e-07 0.811267 0.00536241 0.007725 9.08793e-07 0.0111657 0.00163493 0.0125417 0.00518008 9.07012e-07 0.0881355 9.08834e-07 9.08619e-07 9.07998e-07 9.07707e-07 9.08524e-07 
0.000189456 0.000246241 3.2244e-06 6.0631e-05 0.00104524 0.1659 0.698091 2.61177e-05 0.00502219 0.0101871 1.012e-05 0.000147353 0.00313031 0.00304339 3.03067e-12 0.00162688 0.110098 5.17749e-05 0.00110083 2.81709e-06 1.71438e-05 
0.0153603 0.010371 7.16426e-06 7.78393e-05 0.00244442 0.105651 0.448113 0.00420487 0.0123371 0.056841 3.97839e-05 2.91326e-06 0.0584833 0.0162615 0.00033984 0.153879 0.101408 0.000110044 0.000142856 2.37695e-10 0.013926 
0.00784377 0.0602237 0.000860419 0.000253293 0.0274119 0.0413002 0.316029 0.00432546 0.0371558 0.252375 2.22764e-05 9.91896e-07 0.0120835 0.013232 1.16385e-05 0.0459817 0.133213 0.0219406 0.0002845 6.06885e-06 0.0254455 
0.00316427 0.0107266 6.2684e-08 0.000458834 0.00410755 0.0129945 0.453142 0.0430714 0.0490392 0.0116492 0.00263063 0.00051424 0.000563807 0.193479 1.36624e-06 0.000185553 0.212087 0.00166798 0.000455236 1.84232e-11 6.20242e-05 
0.00138903 0.00953849 0.00226552 0.000213051 0.00673528 0.0360318 0.265726 0.0211168 0.0213715 0.104449 0.000103906 0.0577114 0.160209 0.00165606 1.51636e-08 0.0547014 0.253665 0.000659724 3.76382e-05 2.15677e-07 0.00241933 
0.0082329 0.011686 0.0147258 0.000182572 0.000798899 0.0606866 0.37301 0.00448877 0.0278851 0.0264988 0.000228646 1.84935e-06 0.10028 0.222396 2.37401e-07 0.00156165 0.106136 0.00396151 0.000511282 0.0268887 0.00983865 
0.000148309 0.00023987 1.69415e-05 0.000107004 0.00192591 0.0192027 0.717385 0.000102819 0.0336043 0.00704885 0.000137335 8.31618e-05 0.00177633 0.0265846 3.35868e-12 0.0164016 0.172535 5.21097e-05 1.31165e-05 2.13808e-12 0.00263578 
0.00105067 0.015453 5.99868e-08 0.000307425 0.00402224 7.03161e-08 0.686657 0.000718717 0.0192685 0.0212532 2.80321e-08 1.24837e-08 0.0167525 0.00252255 1.39207e-12 0.0110441 0.218792 7.44138e-05 0.00017472 0.000630303 0.00127783 
0.0111255 0.0199198 0.000109191 4.66397e-05 0.001066 0.220782 0.265495 0.142173 0.072085 0.0395483 0.000160037 2.18993e-10 0.0788985 0.00594964 3.71212e-10 0.0272838 0.113338 0.000705639 7.81114e-05 7.06555e-05 0.00116537 
0.0045352 0.0110499 5.09963e-07 0.433284 0.000814778 0.0152698 0.484587 4.57932e-07 3.23199e-06 1.55733e-07 6.06664e-05 0.0148574 1.00307e-06 0.00199449 6.25493e-11 0.00407025 0.029471 6.08215e-07 3.00405e-11 3.98178e-11 9.7849e-08 
0.019835 0.0218794 6.27198e-05 0.000311351 0.0971022 0.101088 0.235325 0.00133298 0.0303558 0.133399 0.00364171 3.85382e-05 0.0473636 0.0180132 0.00574522 0.144517 0.126135 0.000716072 0.000796497 0.000105458 0.0122362 
0.00971613 0.0356663 0.000216912 0.000608267 0.0073792 0.0179506 0.39945 0.000390363 0.0359543 0.0616756 1.58312e-06 4.70736e-08 0.00664185 0.0117617 2.52411e-08 0.00128738 0.397723 1.09995e-05 0.000541862 1.11501e-07 0.0130238 
0.00404552 0.0170684 0.000784022 0.00821423 0.00364285 0.0527395 0.302033 0.0195359 0.0794319 0.0438087 0.00394663 1.4961e-05 0.0176573 0.292914 1.37723e-08 0.00238768 0.12147 0.00323013 0.000202389 1.73861e-06 0.0268711 
0.0153603 0.010371 7.16426e-06 7.78393e-05 0.00244442 0.105651 0.448113 0.00420487 0.0123371 0.056841 3.97839e-05 2.91326e-06 0.0584833 0.0162615 0.00033984 0.153879 0.101408 0.000110044 0.000142856 2.37695e-10 0.013926 
0.00451335 0.000500745 4.7011e-07 2.949e-06 0.0141059 0.0258115 0.384555 0.000355417 0.0332386 0.0203076 0.000104094 8.16383e-05 0.0116797 0.00895127 2.54719e-10 0.000916529 0.348585 7.36677e-05 3.39288e-05 0.000102632 0.14608 
0.00121766 0.00121935 3.35144e-05 0.000102536 0.00295366 0.172859 0.560054 0.00653694 0.0189298 0.00935171 0.000147794 5.40762e-05 0.0263189 0.00321544 7.57204e-10 0.0866211 0.108927 0.000147845 0.000259155 1.2321e-09 0.00105064 
0.00104732 0.00309775 0.000156179 2.99439e-05 0.00125104 0.0720441 0.583036 0.00025262 0.0248045 0.13522 0.00253052 8.40726e-06 0.0199141 0.0186864 7.00965e-06 0.0264962 0.110514 0.000276049 0.000253637 3.65633e-07 0.000372572 
0.00332308 0.00265542 0.000354548 0.00249634 0.00639454 0.0200063 0.581288 2.7928e-06 0.0112527 0.0164095 2.24359e-07 3.27056e-08 0.258602 0.0341615 2.5435e-10 0.0577094 1.18561e-06 0.000327342 0.000121559 2.73765e-07 0.00489363 
0.0157565 0.0209794 0.000102335 0.000368203 0.0912328 0.109404 0.215242 0.0280324 0.134155 0.0753333 0.00941228 9.33362e-07 0.0216454 0.0544684 9.82916e-05 0.104788 0.103683 0.00422877 0.00216446 0.00034597 0.00855898 
0.0134352 0.0288469 0.000180149 0.00837045 0.00194931 0.0200446 0.482889 0.00204206 0.00553929 0.177202 0.0014512 0.000150237 0.00577304 0.0466189 3.25813e-06 0.0403236 0.0889978 0.0133244 5.33546e-05 0.0628038 2.21059e-06 
0.00587908 0.0235111 2.66565e-05 0.00363025 0.00343325 0.04413 0.268613 0.00153766 0.114699 0.0861752 2.45771e-05 0.0331704 0.0211847 0.141804 1.28632e-10 0.0409168 0.198489 0.000421706 0.00180275 0.000539905 0.0100123 
0.0120531 0.0555254 0.0117132 0.00140316 0.0267097 0.056233 0.224079 0.0148693 0.0386468 0.0949882 0.00124293 0.00142419 0.0643942 0.0707418 0.00015737 0.12217 0.156273 0.000544491 0.0269651 0.00288469 0.0169809 
0.00844416 0.041884 0.000499895 7.60563e-05 0.00199959 0.268133 0.269404 0.0285304 0.0661329 0.0103869 0.000179246 4.57674e-06 0.0624739 0.00341832 4.28943e-09 0.0096791 0.227054 2.94974e-05 0.0015998 1.17794e-07 7.1094e-05 
0.00270662 0.030342 0.165409 0.0268506 0.0010344 0.00347063 0.362297 0.000168738 0.029028 0.0305425 0.00452796 0.321788 0.00370834 0.00899817 3.40804e-05 0.00333342 0.00537158 0.000308684 3.9636e-05 7.92632e-06 3.25344e-05 
0.0240965 0.023659 0.000448657 0.0241133 0.0171707 0.111417 0.350472 0.00624221 0.0173193 0.103658 0.000337437 0.00252074 0.0129458 0.0520349 5.06457e-05 0.0109296 0.156841 0.0629519 0.00817236 0.00239978 0.0122192 
0.0389613 0.160392 1.85184e-06 6.30562e-05 0.0417554 0.0923556 0.228037 0.0164278 0.222497 0.0470622 1.11084e-06 5.73411e-07 0.0460743 0.000258355 9.76438e-08 0.000460095 0.0676304 5.16255e-06 5.77492e-06 6.64723e-07 0.0380109 
0.00303434 0.0114182 0.0036945 0.000638481 0.000642456 0.0948231 0.38093 0.00671814 0.0467925 0.117633 9.3072e-06 2.50615e-05 0.0288296 0.0125996 8.60854e-07 0.0207014 0.166268 0.00286983 0.000266647 6.22259e-06 0.102099 
0.0165465 0.0767873 0.00069637 0.0222224 0.0153078 0.126189 0.378001 0.00957679 0.126685 0.0950902 0.000197627 2.98419e-05 0.033183 0.00494838 4.79754e-06 0.0375989 0.0553161 0.00041665 0.000131678 0.000120027 0.000950376 
0.0019543 0.0820934 9.87997e-05 0.000201033 0.00533288 0.0057097 0.770617 0.000100433 0.00960675 0.0239842 0.000217791 2.36588e-05 0.0444117 0.00233728 0.000180594 0.0051619 0.0472512 9.40435e-06 3.63687e-05 2.43556e-05 0.000646937 
0.0308261 0.0218512 0.000233933 0.000208017 0.00171562 0.186858 0.291184 0.0144967 0.00902773 0.0314309 2.03818e-11 1.25549e-06 0.0275256 0.0228197 3.21878e-11 0.0856704 0.176033 8.37228e-05 0.00303788 0.00366513 0.0933315 
0.0072983 0.00171392 2.44112e-06 0.000601246 0.00177662 0.0768297 0.408947 0.0034867 0.00150653 0.00861268 1.92112e-08 5.64657e-09 0.00916471 0.000766953 7.35111e-12 0.155512 0.190044 0.000260986 0.00449659 1.91394e-08 0.12898 
0.00161966 0.0156046 9.81446e-06 3.78147e-05 0.221594 0.0438683 0.325661 0.00192737 0.00945496 0.0191194 3.75238e-05 9.84148e-06 0.0567224 6.00394e-06 4.54942e-12 0.0126175 0.291551 4.10148e-06 3.97849e-05 2.89608e-12 0.000115052 
0.112711 0.0467691 1.2854e-05 0.00290653 0.029699 0.0862818 0.233169 0.0103015 0.0661845 0.0431548 0.000501603 7.49063e-06 0.0851493 0.080833 6.6636e-05 0.017168 0.156331 6.54565e-05 0.000872748 9.85951e-07 0.027814 
0.0135207 0.0399661 9.97926e-07 0.000690448 0.00135465 0.00895958 0.426395 0.000983946 0.0732564 0.0948544 0.000479629 8.73141e-05 0.0117289 0.0144578 6.32509e-11 0.0234699 0.267788 1.71995e-05 0.00308444 0.0132872 0.00561744 
0.0317431 0.0373647 0.00107058 0.000496831 0.00137473 0.12981 0.244804 4.04977e-10 0.237985 0.0428613 4.27001e-05 7.76992e-06 0.00128061 0.220056 4.14323e-09 0.00943675 0.0216106 0.000242795 2.42004e-07 1.65429e-05 0.0197949 
0.000801132 0.00418525 0.000496308 0.00010111 0.00218339 0.00541653 0.687636 0.000142088 0.0375383 0.00731402 0.00773677 0.000327181 0.148603 0.0160212 0.000162425 0.0084565 0.0718477 0.000570162 3.33399e-05 0.000112399 0.000315396 
0.00323141 0.00140834 2.84141e-05 0.000243954 0.0267105 0.0983287 0.431245 0.00081393 0.0130499 0.00133127 3.21358e-06 4.28195e-06 0.00625103 0.00404761 1.55272e-12 0.00100219 0.411411 5.56665e-05 0.000379374 3.17277e-06 0.000451001 
0.0398609 0.172976 0.105668 0.0235478 0.00101167 0.00372263 0.272938 0.0271888 0.0480048 0.0505578 0.00486631 0.200244 0.00230763 0.027655 2.40301e-05 0.00207433 0.00886909 0.00172925 0.000431905 0.00616363 0.00015865 
0.00562258 0.00812044 5.67724e-05 0.00588332 0.00203572 0.00996806 0.561939 3.01264e-05 0.129359 0.00918455 0.00407612 0.00125864 0.0230645 0.00914569 6.68215e-07 0.190189 0.0388058 8.40378e-05 6.69711e-06 9.08621e-07 0.00116811 
0.00044857 0.000564965 9.36657e-05 9.89513e-05 0.0221512 0.02439 0.52364 0.00054891 0.00463568 0.0194811 1.99078e-05 3.16701e-05 0.0266244 0.00094729 1.42166e-08 0.00170201 0.372848 5.85831e-05 0.00017174 1.72252e-05 0.00152565 
0.0176637 0.00792677 0.000839938 0.00579162 0.0150813 0.0894595 0.511162 0.00115332 0.00562401 0.0834405 0.000594586 0.00559687 0.00862728 0.0498153 5.61939e-06 0.000493152 0.0531291 0.117946 0.0100893 0.000602195 0.0149584 
3.12131e-06 0.0597387 6.5281e-10 0.064729 3.68783e-07 0.183292 0.28482 2.91582e-07 0.0921453 0.00844617 6.94683e-06 6.28294e-10 0.0360589 1.57066e-06 1.06501e-09 0.0320349 0.236277 1.65428e-10 5.63155e-07 0.00244516 2.19189e-10 
5.15066e-05 6.57126e-05 3.609e-05 3.40929e-05 0.00470713 0.0824985 0.606226 7.16614e-06 0.0561389 0.00103752 0.00170687 0.000185632 1.92152e-05 0.10151 4.79105e-11 2.60386e-05 0.145381 0.000195924 0.000173212 3.0499e-11 1.62579e-08 
0.00285909 0.000876543 3.59232e-06 5.13679e-05 0.00114893 0.0125026 0.721426 0.000296022 0.00676795 0.0135893 0.00515553 0.0650979 0.0040932 0.0361754 3.03547e-09 0.00914151 0.103912 0.00436697 0.000659293 0.00933551 0.00254136 
0.000621477 0.00401812 0.000340466 0.000239039 0.00266032 0.137726 0.470489 0.00116102 0.0221045 0.0759309 3.7807e-05 0.000470519 0.0102639 0.00277254 1.95642e-09 0.0234769 0.247 1.78241e-05 0.000147711 2.18237e-05 0.000500463 
0.0113108 0.0122143 3.38377e-05 0.000435842 0.00212558 0.15537 0.234712 0.016381 0.00894186 0.079921 0.00247748 8.79127e-06 0.0325666 0.0153268 0.000190034 0.189741 0.0583594 0.000742259 0.170191 3.19069e-09 0.00894991 
2.43262e-08 0.000471265 4.34104e-08 0.000173735 0.0176397 0.0917815 0.544285 0.000219931 0.00691034 0.00202673 0.000209216 3.45262e-12 0.0626384 0.00241474 5.85249e-12 0.181383 0.0877763 0.000214878 0.000710375 3.72559e-12 0.00114486 
0.0120346 0.035087 2.76757e-05 0.000149545 0.00502601 0.0464052 0.376642 0.0021587 0.0246955 0.0400692 0.0441242 0.000754434 0.0182461 0.0139301 5.32952e-07 0.00661274 0.369679 8.95127e-05 8.53507e-05 1.64404e-05 0.00416563 
0.00754088 0.0311655 0.00460363 0.274639 0.00592349 0.0372817 0.394979 0.0176019 0.0304888 0.0336172 0.000761225 0.00348551 0.0112062 0.0207746 0.0367425 0.0350097 0.0522491 5.06167e-05 0.000324999 0.000997277 0.000557105 
4.48405e-06 0.00032896 0.000224181 1.0218e-07 0.00876007 0.0823084 0.427818 1.52743e-08 0.00478846 0.0635798 0.000830237 0.00279668 0.0118908 1.21633e-05 7.27334e-10 0.391877 0.00478054 3.76414e-08 3.15091e-07 4.63008e-10 1.61555e-08 
0.000963666 0.0125246 8.16182e-06 0.000256651 0.00228466 0.0401718 0.428862 0.00566313 0.114974 0.029629 0.0114934 0.0200586 0.00359659 0.246846 1.44905e-05 0.000334247 0.0800786 0.0014348 0.000100097 0.000116949 0.000588746 
0.00918799 0.0909082 3.81872e-05 0.00203412 0.0467976 0.112081 0.265283 0.0159143 0.0341533 0.0945932 0.000277933 7.31185e-08 0.038666 0.223442 8.17946e-09 0.000997098 0.0209013 0.00405042 0.0149201 3.01045e-05 0.0257232 
0.0211743 0.0301997 0.000763713 0.00316283 0.0947916 0.0579206 0.501887 0.0251715 0.0252351 0.0486128 0.000249969 7.3126e-06 0.0203761 0.00978657 0.000400336 0.0329464 0.122827 0.00055631 0.00141288 0.000442141 0.00207616 
0.0236319 0.0781224 0.00153797 0.00385483 0.0176801 0.0353947 0.293557 0.00280929 0.0597167 0.0864995 0.00129529 3.21754e-05 0.0208099 0.0398499 2.8358e-07 0.0229095 0.281185 0.00397132 0.000264846 0.00263222 0.0242447 
0.0184345 0.180657 0.000286492 0.000876948 0.0110035 0.127613 0.217005 0.0243245 0.0387353 0.0504307 8.62378e-05 0.000392201 0.0524678 0.0775262 3.10055e-05 0.00849454 0.155061 0.000298384 0.00505993 3.44416e-05 0.0311814 
0.0012874 0.042136 1.01341e-07 0.00735052 0.00223907 0.0164783 0.46179 0.00560853 0.0138833 0.00141415 0.164901 1.20421e-06 0.0101628 0.000628136 8.42965e-11 0.0327661 0.234873 3.06036e-06 0.0044776 5.36617e-11 1.60594e-08 
0.00270662 0.030342 0.165409 0.0268506 0.0010344 0.00347063 0.362297 0.000168738 0.029028 0.0305425 0.00452796 0.321788 0.00370834 0.00899817 3.40804e-05 0.00333342 0.00537158 0.000308684 3.9636e-05 7.92632e-06 3.25344e-05 
0.0323895 0.244789 0.000288153 0.00161164 0.0226368 0.0702228 0.266747 0.00229286 0.0537934 0.0275009 0.000131064 1.38612e-05 0.00461738 0.0943566 2.45447e-10 0.000379281 0.17697 0.000206493 0.000147166 3.93908e-06 0.000901449 
0.00119624 0.0118527 0.00427905 0.000125977 0.0112616 0.047695 0.308461 3.6976e-05 0.01223 0.1102 0.000323593 5.88828e-06 0.0902425 0.00584793 0.000147801 0.137142 0.124189 0.0422121 0.000118209 5.22984e-07 0.092432 
0.000241481 0.000664862 3.45657e-05 0.000209554 0.00225156 0.26149 0.591802 0.000514198 0.0101451 0.0209804 4.22801e-05 3.23595e-05 0.00945662 0.00143781 1.36816e-09 0.0481668 0.0510943 4.57721e-05 0.000809859 2.11965e-09 0.000581026 
0.000250654 0.00479738 7.49128e-05 4.19676e-05 0.0131837 0.15372 0.436348 0.00401067 0.0197771 0.10889 0.000620588 0.000460631 0.0406326 0.00911121 8.44121e-05 0.0234715 0.17285 9.48352e-05 0.00122846 0.000489629 0.00986158 
0.0250102 0.185041 0.000263373 0.0014387 0.0156559 0.0674648 0.234697 0.00163223 0.0691588 0.0330277 0.00010768 2.64657e-05 0.0218822 0.140346 8.1342e-08 0.00127967 0.200252 0.000200008 0.000832211 1.63097e-05 0.00166808 
0.000765245 0.00451016 9.45492e-06 4.14496e-07 6.52475e-08 0.0366986 0.350775 0.000266874 0.0314262 0.0463353 1.32431e-09 0.000990635 0.0124636 0.100708 0.00125169 0.0543924 0.276507 0.0801945 6.34298e-05 0.000263562 0.00237837 
0.0153603 0.010371 7.16426e-06 7.78393e-05 0.00244442 0.105651 0.448113 0.00420487 0.0123371 0.056841 3.97839e-05 2.91326e-06 0.0584833 0.0162615 0.00033984 0.153879 0.101408 0.000110044 0.000142856 2.37695e-10 0.013926 
0.0244435 0.0293553 9.07752e-07 9.08244e-07 0.00318001 9.08771e-07 0.811267 0.00536241 0.007725 9.08793e-07 0.0111657 0.00163493 0.0125417 0.00518008 9.07012e-07 0.0881355 9.08834e-07 9.08619e-07 9.07998e-07 9.07707e-07 9.08524e-07 
0.00568676 0.0356878 4.95683e-06 0.0340087 0.034091 0.0046464 0.396043 0.00109351 0.0355577 0.02038 0.0152453 0.0027984 0.024495 0.00711182 1.29171e-09 0.245598 0.136968 2.52431e-05 5.28233e-05 1.972e-07 0.000505423 
0.00147322 0.000551646 1.21287e-06 0.0231577 0.0019729 0.000486115 0.774416 1.93407e-07 0.00205885 1.27958e-07 0.00794071 1.16732e-06 0.0365394 0.146153 1.97871e-06 3.23859e-07 0.000250446 0.000406838 0.000731749 0.00280332 0.00105265 
7.80159e-05 0.0598325 1.10396e-06 1.64031e-05 6.98942e-05 0.00116006 0.47908 3.12184e-05 0.000459936 0.00213698 1.41639e-05 1.37957e-05 0.000218315 0.422848 2.92169e-07 0.000559729 0.0332565 2.22659e-05 0.000194772 1.8599e-07 6.56074e-06 
0.000456438 2.40579e-05 5.11602e-05 0.000125058 0.0213583 0.0397639 0.821072 3.45366e-09 0.00365601 7.96425e-08 1.22344e-08 7.91208e-06 6.01533e-08 0.00391653 1.74048e-12 5.97941e-08 0.109569 2.08441e-08 1.15857e-07 1.21887e-08 2.86569e-08 
0.00522206 0.0599602 1.56389e-05 0.00222445 0.00229866 0.025963 0.619934 0.000258613 0.0754995 0.0152225 0.00126304 7.03403e-05 0.064613 0.0771349 1.22747e-06 0.017593 0.030259 0.000515837 0.000170066 0.000259215 0.00152136 
0.00201344 0.0441984 0.000450193 0.00063778 0.00921312 0.00291088 0.569187 0.0461419 0.015072 0.0423828 0.00197482 6.74028e-06 0.00142494 0.0687227 1.96501e-07 0.0622087 0.102005 0.000497481 8.34201e-05 0.0259443 0.00492387 
0.00126521 0.00861877 0.00130802 0.00109873 0.00550173 0.0502708 0.357182 0.00218284 0.0314368 0.189349 0.0161489 0.0304408 0.0705003 0.0130073 0.00390745 0.0202613 0.0786282 0.0211304 0.000904426 0.00012631 0.0967313 
0.004285 0.020523 0.000966252 0.000441395 0.0013527 0.14949 0.418077 0.0225554 0.0522299 0.0584603 0.000406329 0.0306791 0.0355275 0.0406408 2.14403e-08 0.00765097 0.146374 0.00544483 0.000607566 0.00017943 0.00410779 
0.00999018 0.0153489 0.00152272 0.00128576 0.00767124 0.259821 0.288684 0.0021823 0.048174 0.0647159 0.0145655 0.083462 0.0183153 0.0619877 0.000223393 0.0146571 0.0727726 0.0255545 0.000893408 0.00742925 0.000742943 
0.00250917 0.0413302 0.00233567 0.0015168 0.0719833 0.0205977 0.388161 0.000728975 0.0255208 0.105835 0.0183477 0.000909148 0.0387232 0.0979318 9.13837e-10 0.0196299 0.15477 1.0745e-05 0.000343844 0.000119451 0.00869554 
0.00104495 0.00065802 1.37189e-06 5.84017e-05 0.000631678 0.219469 0.3988 0.000586519 0.00165154 0.0158914 1.59205e-05 5.13683e-07 0.0214128 0.324686 5.95629e-08 0.000879087 0.0112895 1.44407e-05 4.80891e-05 1.66082e-06 0.00285859 
0.000673658 0.00433743 3.63393e-05 0.00302238 0.000538392 0.354476 0.420186 0.0318069 0.00287886 0.0223025 7.33934e-05 6.2116e-06 0.0196697 0.00156639 2.99885e-09 0.000839209 0.131564 0.000218508 0.000801761 0.00369819 0.00130405 
0.187479 0.148862 0.00282903 0.000223856 0.000357309 0.0501477 0.208224 0.0104959 0.103468 0.05154 0.0173167 9.33127e-05 0.00707599 0.0302725 5.65729e-07 0.0285727 0.128327 2.87919e-05 0.0226035 0.000136803 0.00194558 
0.00482587 0.0396387 0.000562257 0.000529421 0.00283541 0.0282734 0.46439 0.0445219 0.00786272 0.060454 1.01147e-07 6.20812e-06 0.102604 0.0419542 1.89158e-09 0.000961944 0.144545 0.000886116 0.0438805 0.000592876 0.0106754 
1.16531e-09 0.000170538 9.43114e-07 4.93857e-05 0.000518296 0.0202781 0.953858 6.33813e-06 0.00157846 7.92921e-09 6.04472e-05 6.41601e-06 0.000280332 0.00178082 8.43867e-13 0.000635674 0.0207313 4.34341e-06 4.10193e-05 1.45095e-09 2.62267e-09 
0.000928766 0.00515596 9.18219e-08 0.000115907 0.00294117 0.0103142 0.445559 1.10896e-05 0.18449 0.037414 8.03352e-05 0.196799 0.00970071 0.0445069 8.69421e-06 0.000587654 0.0602406 0.000319729 2.4212e-08 1.83108e-08 0.000826826 
0.000621477 0.00401812 0.000340466 0.000239039 0.00266032 0.137726 0.470489 0.00116102 0.0221045 0.0759309 3.7807e-05 0.000470519 0.0102639 0.00277254 1.95642e-09 0.0234769 0.247 1.78241e-05 0.000147711 2.18237e-05 0.000500463 
0.00179008 0.184069 3.23121e-07 0.00182501 0.00228911 0.0466942 0.398387 0.173145 0.00922037 0.019516 0.000339544 1.50552e-05 0.00324367 0.0608514 7.29476e-09 0.00743099 0.0738519 0.00149379 0.0130541 0.00141538 0.00136814 
0.00270662 0.030342 0.165409 0.0268506 0.0010344 0.00347063 0.362297 0.000168738 0.029028 0.0305425 0.00452796 0.321788 0.00370834 0.00899817 3.40804e-05 0.00333342 0.00537158 0.000308684 3.9636e-05 7.92632e-06 3.25344e-05 
0.0122917 0.0150683 0.000369165 0.00497685 0.0213288 0.04788 0.35857 0.0106734 0.0518168 0.0257733 0.000226556 1.0078e-06 0.179773 0.00294986 0.000136445 0.013135 0.220164 1.3499e-05 0.000424525 3.28839e-05 0.0343946 
0.0148234 0.0740127 9.39963e-06 0.00224608 0.00588673 0.0817249 0.225988 0.0148133 0.201749 0.0494658 0.0191648 3.75821e-05 0.131419 0.0309606 5.11121e-09 0.0705633 0.0544889 0.000177756 0.000170504 0.000827017 0.0214713 
0.0283592 0.0064859 0.000688118 0.00665859 0.0123407 0.0731957 0.544048 0.000943932 0.00460184 0.0682707 0.000487047 0.0100615 0.0070591 0.0425416 6.11044e-06 0.000403643 0.0434701 0.119759 0.00825606 0.000493136 0.0218709 
0.00331139 0.0045368 5.2714e-07 0.000265599 0.00192508 0.020544 0.349744 8.97482e-09 0.133112 0.00804052 4.72205e-06 0.00013912 0.0209098 0.29675 1.44602e-09 0.098162 0.062346 4.96444e-05 3.36976e-07 1.99048e-06 0.000156226 
0.00411835 0.0113622 0.0009627 0.00152971 0.00131418 0.0256712 0.476328 0.000566129 0.0890416 0.0325113 0.00217069 0.0993963 0.0205516 0.138982 2.05412e-05 0.0133479 0.0748573 0.00088892 0.00442644 0.000153458 0.00179922 
9.80549e-07 0.000383584 7.19364e-07 0.000349738 7.3419e-06 2.38555e-05 0.845792 2.45866e-07 9.7085e-05 5.63405e-06 8.7565e-07 2.63874e-07 4.25591e-06 0.153298 1.64321e-08 4.23182e-06 1.86385e-05 1.47681e-06 8.20222e-06 8.72471e-07 2.03022e-06 
0.000638612 0.00113181 2.00805e-05 0.00034377 0.00441357 0.00735083 0.90318 1.93736e-05 0.00730536 0.000708243 3.50497e-06 5.55182e-07 0.0172323 0.0210858 1.07738e-10 0.00820781 0.0272737 0.00017763 7.36478e-05 2.22742e-05 0.000811357 
0.000620718 0.00223541 0.000363299 0.00062301 0.00248227 0.0430913 0.478033 0.00348058 0.0444423 0.149991 0.00329494 0.000586098 0.015855 0.0189614 1.08909e-07 0.0448809 0.18808 0.000912122 0.0005841 0.000874325 0.000607681 
0.0123561 0.0247662 0.000245103 0.00468849 0.00236009 0.145667 0.313382 0.00722337 0.0487538 0.0965605 0.000430612 4.13017e-05 0.033932 0.0162132 0.00226963 0.0686289 0.204052 0.00143292 0.0102328 0.000317987 0.00644665 
0.00694199 0.0138669 2.57855e-06 0.000422207 0.000246805 0.0747493 0.390517 0.00757696 0.0355615 0.0561629 9.85648e-06 5.15629e-07 0.0243703 0.224138 2.82953e-06 0.0204968 0.107621 0.000105418 3.28978e-05 0.0038135 0.0333602 
0.000722121 0.110629 0.00130182 0.00101807 0.00128475 0.136214 0.342134 0.035901 0.0438614 0.00013516 0.000170039 9.34187e-06 0.0121657 0.0988303 1.49518e-10 0.00211753 0.213461 3.95258e-05 4.92473e-06 1.14091e-07 1.60954e-07 
0.00178328 0.00400449 0.027974 2.83245e-07 0.000168405 0.223741 0.571058 9.17117e-08 0.0831645 0.00199029 3.28083e-07 1.46179e-07 0.0488995 4.838e-07 2.50697e-10 0.0124631 0.0246336 0.000116861 1.04926e-07 5.80705e-07 2.28969e-07 
0.00730456 0.0214093 0.000123993 0.000644678 0.0100535 0.0228794 0.422701 0.00229753 0.160136 0.0820782 0.000196809 0.000246506 0.0119247 0.096828 1.33008e-05 0.027574 0.12119 0.00016025 0.000489689 0.00279413 0.00895547 
0.00168572 0.00230433 1.14689e-08 0.000528385 0.0122603 0.0294862 0.647366 4.05582e-05 0.00521845 5.77129e-08 1.48089e-08 6.70332e-09 2.11245e-07 0.00750486 6.68001e-12 0.0207602 0.271033 0.00011532 0.000814732 8.509e-09 0.000881183 
0.0494283 0.0689229 3.42806e-05 0.00123421 0.030602 0.0998422 0.14457 0.0115776 0.0947319 0.119128 0.0477013 9.09924e-11 0.134602 0.0143146 5.86509e-06 0.112952 0.0445267 2.90632e-06 0.000149594 7.16835e-07 0.025673 
0.000943474 0.0538698 1.21022e-06 0.000826906 0.00838686 0.147608 0.280075 0.010099 0.196958 0.00724589 0.001063 8.01167e-07 0.0854692 4.88184e-05 2.96711e-11 0.0637476 0.141435 9.27258e-06 0.00135211 5.7556e-05 0.000802012 
0.000609442 0.00168883 1.29328e-07 0.000576558 6.63577e-08 0.00287972 0.966447 0.000220687 0.00299725 0.00251327 4.02142e-05 1.24471e-07 0.00114307 0.00212664 2.10989e-07 0.00115689 0.0100746 0.000642381 1.01332e-07 0.00447272 0.00241004 
0.000501212 0.00830713 5.29248e-05 0.000103321 0.000311546 0.0121443 0.471479 0.0030095 0.0106154 0.0268854 0.00332996 0.361127 0.00297339 0.0627526 1.70061e-07 0.00614318 0.0285722 0.00159412 9.62866e-05 8.27756e-11 8.60017e-07 
0.000517475 0.00377873 1.91498e-07 6.50535e-06 0.00370823 0.0145996 0.931976 0.00464124 0.00641348 0.000829732 0.000258116 1.00139e-06 0.00488178 0.0121595 7.38172e-09 0.00502335 0.0107683 3.07726e-06 1.78732e-05 4.69908e-09 0.000415976 
0.00528289 0.040022 0.00166634 0.0109476 0.00126508 0.194011 0.224433 0.00636912 0.00976763 0.106875 2.40883e-05 2.19761e-05 0.168303 0.00656074 1.64111e-09 0.0465904 0.16364 0.0059189 0.00559999 8.04941e-05 0.0026213 
0.0523692 0.0305717 0.000131168 0.000396618 0.045193 0.00691029 0.288862 0.000810286 0.056293 0.0758999 0.000138947 0.000225698 0.102935 0.208488 7.18928e-07 0.000508646 0.108936 0.00043043 0.00424622 0.00453083 0.0121225 
0.00144249 0.012633 0.11164 0.000597786 0.000734743 0.093546 0.280238 0.0148587 0.0190966 0.167122 0.000395517 4.40365e-06 0.0642293 0.000326616 4.75616e-06 0.0214666 0.209585 1.69743e-05 0.000135025 1.04958e-08 0.00192536 
0.000728501 0.00390342 3.76796e-07 0.000414599 0.000500042 0.125685 0.511733 8.7558e-05 0.0174337 0.0414141 4.20979e-08 0.000132879 0.00704546 0.0477508 0.00675457 0.00169129 0.212522 0.000484785 0.020958 6.50832e-06 0.000754057 
5.2963e-05 0.000256175 2.13904e-05 4.72288e-06 0.00258989 0.0469069 0.729741 2.16829e-05 0.00841956 0.0200593 0.000723792 0.00315696 0.0375372 0.000192692 0.00112458 0.10705 0.0414078 0.000515568 4.92306e-05 4.56092e-06 0.000164451 
0.00525961 0.06191 0.00426234 0.000331525 4.2123e-06 0.115702 0.302316 0.00116614 0.0672213 0.188835 0.00659986 2.20976e-06 0.0653559 0.0095074 2.23841e-09 0.072893 0.0749477 0.00205729 0.00112403 0.0141644 0.0063401 
0.00581242 0.0111912 2.98907e-05 1.10904e-05 0.303572 0.0417588 0.431995 0.0533001 0.0120676 0.0204378 3.42674e-05 4.30936e-07 0.037679 0.00750491 4.0238e-10 0.0201956 0.0412348 1.60989e-05 0.00548913 4.92036e-05 0.00762103 
1.79843e-06 0.0268488 7.87386e-05 0.000124207 0.000427244 0.00322045 0.620694 1.61236e-06 0.00175536 0.110698 3.97442e-05 6.77192e-06 0.0921129 0.0138886 3.26124e-07 0.022685 0.0250059 1.24206e-06 3.46206e-06 3.63869e-06 0.082403 
0.0268583 0.0755565 0.00274112 9.82631e-05 0.0130308 0.0177769 0.313415 0.00776845 0.247276 0.0327584 1.89322e-05 1.44788e-07 0.0956484 0.0381623 2.45428e-07 0.0250206 0.0390361 3.81222e-08 0.000111808 5.77774e-05 0.064664 
0.0285536 2.49716e-09 1.94814e-07 2.50308e-06 0.020639 0.0129111 0.40105 4.44763e-07 0.0233168 0.0401447 5.32747e-06 0.0140323 1.09743e-05 0.337335 1.14532e-07 2.97002e-05 0.121858 3.71825e-06 8.12615e-07 6.49976e-05 3.98686e-05 
0.0120142 0.0678433 1.90022e-05 0.00146877 0.00139462 0.0759279 0.44727 0.00330403 0.143344 0.00020118 9.80124e-05 1.39796e-06 0.00457946 0.131171 4.31482e-08 0.0117188 0.0917786 1.87625e-05 0.00775574 2.74674e-08 9.09663e-05 
0.015359 0.109716 0.00045179 0.000297104 0.0369185 0.0186087 0.362091 0.00911941 0.0710746 0.0645473 0.00395081 4.48388e-05 0.0301891 0.0178835 4.05206e-11 0.00242102 0.252572 1.94513e-05 0.000513743 0.000250897 0.00397141 
0.000760095 0.00331585 1.71336e-05 0.00213171 0.00703252 0.0521082 0.231649 0.00371265 0.026397 0.0743208 0.0122813 5.5523e-07 0.227577 0.00142546 3.02886e-07 0.186813 0.0808077 0.0860378 0.000354969 4.86958e-10 0.00325816 
0.00940598 0.00562818 9.26511e-08 6.69992e-06 0.00857228 0.00303319 0.881595 5.46934e-05 0.017153 0.00357952 0.00127763 1.1148e-08 0.00960944 2.81653e-08 6.22326e-11 0.0315975 0.0283824 6.12089e-07 2.08654e-07 3.96163e-11 0.000103921 
8.22904e-06 8.23046e-06 0.0238489 8.22539e-06 8.22606e-06 8.23016e-06 0.533266 8.22977e-06 0.152257 0.0345758 0.0123391 8.22129e-06 8.23003e-06 0.202438 8.21423e-06 8.22865e-06 0.0321081 0.0090599 8.22316e-06 8.22052e-06 8.22793e-06 
0.0253114 0.120658 0.000690034 0.0023476 0.00967654 0.0233549 0.198135 0.0502692 0.0986455 0.0743702 0.00481349 0.00453419 0.0476932 0.057607 0.00815497 0.088818 0.0818857 0.00389703 0.00255023 0.0089493 0.0876378 
0.00793772 0.00991216 1.83729e-05 0.00367958 0.238584 0.136336 0.302044 0.00272159 0.0328698 0.0281129 0.000119774 5.4016e-06 0.0386992 0.00473249 0.000157556 0.00373954 0.159469 0.000337827 0.00112375 1.18993e-06 0.0293975 
0.00405243 0.0467206 0.00018156 0.00562884 0.00479588 0.200075 0.375312 0.00222696 0.0981313 0.031053 0.00269065 4.25136e-06 0.0374286 0.0532928 2.23595e-05 0.00783338 0.102361 7.38141e-05 0.00226426 0.000116986 0.025734 
0.00262551 0.0385486 8.59868e-06 0.00549679 0.00282275 0.179651 0.277435 0.00623091 0.0467064 0.0353202 0.00223258 9.67401e-05 0.0328501 0.0933112 4.67585e-08 0.122066 0.15002 0.000420326 0.000753631 1.59698e-08 0.00340287 
0.00168994 0.0185685 0.00681166 6.88904e-05 0.0082314 0.0419359 0.407808 0.0590248 0.0151199 0.163858 0.0007747 8.90307e-06 0.0237208 0.0055663 1.08233e-05 0.146069 0.0983245 2.33613e-05 4.59816e-05 0.00106298 0.0012762 
7.36362e-05 2.92811e-05 2.30325e-06 1.33335e-06 1.18179e-06 0.0334559 0.89798 1.10705e-05 0.00666265 0.00405671 2.37936e-06 2.21675e-06 0.0238478 0.000317523 3.75759e-06 0.0126525 0.0205447 5.83664e-07 1.96045e-05 2.39202e-06 0.000332554 
0.0134352 0.0288469 0.000180149 0.00837045 0.00194931 0.0200446 0.482889 0.00204206 0.00553929 0.177202 0.0014512 0.000150237 0.00577304 0.0466189 3.25813e-06 0.0403236 0.0889978 0.0133244 5.33546e-05 0.0628038 2.21059e-06 
0.00657176 0.00712867 2.69976e-05 0.000111946 0.0136461 0.0614946 0.384395 0.0210963 0.0391422 0.0194124 0.0158608 0.000103364 0.102224 0.011783 2.27488e-05 0.0237455 0.288116 0.000210381 0.000107843 2.48632e-08 0.00480001 
0.000114471 5.807e-05 3.84483e-06 4.74329e-05 3.06753e-06 5.24384e-10 0.667827 2.06872e-05 0.319763 0.000224786 4.40831e-09 4.10704e-09 4.05557e-05 0.0109765 6.96179e-09 5.8227e-05 0.000315208 5.08352e-06 3.34354e-09 4.43176e-09 0.000542458 
0.000479357 0.00362512 1.21339e-05 0.00010591 0.00094335 0.235707 0.591815 0.00193284 0.00427056 0.0232136 5.71804e-05 0.00287658 0.00937266 0.0111555 3.97363e-12 0.0022445 0.0793604 0.000180162 0.00753081 9.4944e-05 0.0250229 
0.00100646 0.0124387 1.77328e-05 0.00014019 0.000512085 0.00223903 0.561924 0.00583027 0.0281674 0.0392586 0.000118758 1.64439e-05 0.00171281 0.015158 9.30022e-12 0.00325016 0.326121 4.07632e-05 0.000428268 2.67463e-06 0.00161689 
0.000685667 0.012277 0.000132724 0.000221058 0.00441024 0.06618 0.313238 0.0106648 0.0179494 0.117151 0.127881 2.19022e-08 0.0822849 0.00084044 1.12296e-08 0.108515 0.11021 2.42651e-07 0.00172633 0.0256326 1.81181e-07 
4.29563e-07 0.000165318 3.15854e-07 1.07196e-06 0.000319256 0.00148441 0.988745 1.56497e-07 0.000769082 2.072e-08 0.000205656 5.66782e-07 6.42826e-05 0.00564891 3.20408e-07 6.90576e-06 0.00255813 4.48843e-06 2.53539e-05 2.03966e-07 6.59428e-08 
0.0108204 0.0145822 3.61366e-05 0.000113667 0.00610163 0.233987 0.3974 0.00823009 0.0102817 0.0405467 0.000148444 8.60834e-06 0.0505891 0.0131806 9.97585e-05 0.0739559 0.124206 9.59018e-05 0.00131766 3.84359e-05 0.01426 
0.00368959 0.000130812 7.94751e-05 0.00011783 0.344786 0.0568756 0.344788 6.91095e-05 0.0183197 0.0455907 5.10969e-05 7.15239e-06 0.026039 0.00380522 1.65671e-10 0.000414061 0.133706 8.53599e-05 0.00120101 3.74231e-08 0.020244 
0.0181123 0.0599016 8.71048e-06 0.00619609 0.0601538 0.103706 0.256691 0.00942551 0.159926 0.0187765 0.00116385 7.19263e-07 0.00265159 0.0219934 8.39671e-08 0.0841844 0.184324 1.61159e-05 0.000453713 5.67291e-05 0.0122573 
1.94494e-07 0.000480787 3.47077e-07 0.000224872 0.00721055 0.000351099 0.871271 1.36299e-07 0.0257999 2.16054e-07 2.45954e-07 1.3805e-07 1.54048e-06 0.0571667 4.67921e-11 7.2113e-06 0.0364598 0.00025522 0.000769041 2.9787e-11 7.62723e-07 
0.000479357 0.00362512 1.21339e-05 0.00010591 0.00094335 0.235707 0.591815 0.00193284 0.00427056 0.0232136 5.71804e-05 0.00287658 0.00937266 0.0111555 3.97363e-12 0.0022445 0.0793604 0.000180162 0.00753081 9.4944e-05 0.0250229 
0.00713642 0.058506 0.00116479 0.000860399 0.00117857 0.145948 0.219499 0.157613 0.0529385 0.119229 0.00583133 0.0279228 0.0235826 0.0479764 5.87513e-05 0.00647321 0.102327 0.00292983 0.00960423 0.0049739 0.00424467 
0.00241603 0.0333609 2.19581e-05 4.42999e-05 0.0200895 0.10256 0.47255 0.00753985 0.118988 0.0312897 0.00144688 7.50032e-08 0.0039461 0.048784 7.78655e-06 0.0242571 0.0216444 5.76807e-05 0.00196987 0.0123767 0.0966495 
1.32047e-07 0.00515513 3.79172e-05 0.00358439 0.000729411 0.0167553 0.557308 0.000227367 0.035196 0.0682 0.00274984 0.000106724 0.00312078 0.127804 5.96397e-08 0.000511392 0.174257 0.000173533 0.0028034 1.94189e-07 0.00128005 
0.00438328 0.0301809 0.000342699 0.000545262 0.00157289 0.00535611 0.66383 0.0492224 0.089714 0.0533525 0.00106684 0.0187087 0.0050937 0.0129007 0.000442829 0.0232381 0.0331765 2.68578e-05 0.000359329 0.00165149 0.0048347 
0.00412514 0.0177562 0.00082241 0.000458143 0.0056815 0.205796 0.341444 0.0018273 0.093247 0.0539238 0.000103759 1.06026e-05 0.0187021 0.0784518 4.10054e-08 0.0443765 0.0630268 0.00153036 0.00119267 0.000368389 0.0671549 
0.0789529 0.138961 3.16515e-10 5.81364e-05 0.0220639 0.0265011 0.210616 0.000464043 0.119378 0.0946019 2.7849e-05 5.71836e-08 0.0482737 0.0509119 1.77949e-05 0.00699941 0.175997 7.673e-05 0.000493892 4.15641e-09 0.0256046 
0.000757702 0.0141271 0.00377774 0.00068794 0.0113461 0.00412364 0.448279 0.0197139 0.0402257 0.051397 0.00029664 1.20408e-05 0.00237177 0.00195261 1.20671e-11 0.027275 0.367548 2.23218e-05 0.000147058 0.000274573 0.00566433 
0.0393893 0.131298 5.39312e-05 1.89014e-05 0.00956837 0.0599083 0.307211 0.0586773 0.0961144 0.0951359 7.58018e-05 9.45456e-07 0.0679449 0.00809092 0.00183846 0.012139 0.0852388 2.11821e-06 0.0110029 5.61675e-05 0.0162352 
0.0010006 0.017067 5.86842e-06 0.000146321 0.0063894 0.222378 0.477308 0.00471036 0.00620903 0.0181299 5.27768e-05 2.7499e-05 0.0886845 0.000432692 1.5782e-11 0.0124923 0.1406 1.83384e-05 0.00096242 4.3437e-07 0.00338351 
0.000961014 0.00831864 9.27157e-06 0.000406487 0.000118946 0.114013 0.512488 0.000183284 0.0370454 0.0212109 0.000100746 0.00237476 0.0233157 0.0766459 7.54391e-05 0.00815106 0.19337 0.000140132 0.000508695 1.38119e-05 0.000548753 
0.000159846 0.0042841 1.0962e-05 0.000191864 0.00365161 0.183355 0.702748 0.00580276 0.0057166 0.00559722 0.000106549 3.71749e-05 0.0101212 0.000187742 2.06858e-12 0.0161731 0.061124 3.84726e-05 0.000611114 8.95341e-07 8.18974e-05 
0.00193257 0.0105155 0.000192203 0.000159636 0.00702133 0.180059 0.427719 0.00063436 0.0335813 0.0917535 0.00178827 0.00325844 0.0773676 0.0191498 2.95147e-05 0.010401 0.100851 0.00421202 0.00124885 0.027565 0.000560147 
0.00460578 0.00199243 5.79897e-10 4.0984e-07 6.68144e-07 7.12603e-11 0.608157 0.000939613 0.00167848 4.68873e-08 0.0128892 0.000918938 6.96839e-07 0.368805 9.46061e-10 9.63234e-06 3.54417e-07 5.60326e-07 4.39239e-07 5.18192e-08 5.63186e-07 
0.0165949 0.111135 5.80582e-05 0.000425877 0.0131144 0.108528 0.295206 0.00845228 0.0414057 0.010231 0.00022706 3.07579e-05 0.00591601 0.213822 1.28662e-11 0.000969386 0.171616 0.000364792 0.00114021 0.000142123 0.000620806 
0.00741507 0.00949005 1.02619e-06 0.000447588 0.000701581 0.0105488 0.371265 0.000318563 0.050517 0.0677643 0.000195055 0.0491965 0.00149349 0.155333 1.33396e-07 0.0125821 0.248463 0.000372484 0.000532492 0.00611528 0.00724704 
2.47809e-10 1.02163e-10 1.13209e-05 3.05871e-06 5.53158e-10 0.163826 0.433536 1.71913e-10 0.000198818 1.59575e-05 2.00579e-06 1.8687e-06 0.338744 6.49764e-06 1.75881e-09 0.0315449 4.29327e-05 2.73194e-10 1.69785e-07 1.11963e-09 0.0320671 
0.00135726 0.0126634 0.00148465 0.000115007 0.0339184 0.0625527 0.563943 0.00118895 0.103974 0.0473961 0.0567376 7.88241e-06 0.013048 0.029124 0.00058901 0.038782 0.0249721 1.06879e-05 0.000362385 0.00306895 0.00470373 
0.0466163 0.0295388 0.000638192 0.00151284 0.00559694 0.048266 0.335409 0.0163624 0.0549847 0.0582641 0.00074329 0.000114435 0.0520565 0.0756784 4.41054e-06 0.0315816 0.194953 0.0095513 0.00196076 0.012274 0.0238927 
0.000386614 0.00370856 2.86248e-05 0.000514511 0.000848051 0.0628045 0.676599 0.00222546 0.0110736 0.00595821 9.95816e-05 1.52162e-05 0.0044131 0.00485862 1.60353e-12 0.00280423 0.222656 1.92407e-05 0.000325271 1.93769e-05 0.000641983 
0.00147753 0.0210225 2.99207e-08 3.96377e-08 0.00376173 0.20339 0.236251 0.00703065 0.176898 0.0667637 9.83372e-09 7.95703e-09 0.0483663 2.75823e-06 8.58718e-09 0.131236 0.102638 5.08757e-06 4.394e-08 7.02764e-12 0.00115634 
0.00918799 0.0909082 3.81872e-05 0.00203412 0.0467976 0.112081 0.265283 0.0159143 0.0341533 0.0945932 0.000277933 7.31185e-08 0.038666 0.223442 8.17946e-09 0.000997098 0.0209013 0.00405042 0.0149201 3.01045e-05 0.0257232 
5.50387e-05 0.00066386 0.00012616 7.38165e-05 0.000349641 0.266484 0.683407 0.000328567 0.0058745 0.0126993 9.13043e-06 2.29231e-05 0.0027552 2.99467e-05 1.61523e-08 0.0110995 0.0138453 6.31696e-06 0.00215627 4.62788e-11 1.39298e-05 
0.039466 0.0354141 0.000871125 0.00411189 0.0127925 0.0206313 0.397096 0.00560137 0.0744134 0.075156 0.00278416 0.0632414 0.0766387 0.0842186 3.63023e-07 0.00719838 0.0938415 0.000161316 0.000365839 0.00399815 0.00199777 
0.00537233 0.00685142 4.27746e-05 0.00616573 0.00102093 0.0847743 0.214241 0.000339425 0.0826402 0.144558 0.0452917 0.000871393 0.0738428 0.0626336 2.33146e-08 0.0203124 0.155005 0.0920951 0.000240163 1.00673e-05 0.00369156 
8.5961e-05 0.101127 0.000599661 0.000864859 1.50047e-05 0.0886 0.511361 0.00073426 0.0121906 0.0497706 0.0136755 9.39818e-05 0.000734492 0.175009 2.02361e-05 0.000304846 0.032465 0.0121846 0.000135089 2.37807e-06 2.55364e-05 
0.000675394 0.00525903 8.37176e-07 0.000144614 0.00175022 0.0645952 0.425701 0.00940336 0.0150944 0.0018202 0.0193994 2.98069e-05 0.00618602 0.105906 6.96117e-09 0.000716029 0.340292 0.0024494 0.000227267 3.29624e-07 0.000349515 
0.0153603 0.010371 7.16426e-06 7.78393e-05 0.00244442 0.105651 0.448113 0.00420487 0.0123371 0.056841 3.97839e-05 2.91326e-06 0.0584833 0.0162615 0.00033984 0.153879 0.101408 0.000110044 0.000142856 2.37695e-10 0.013926 
1.59992e-05 0.00540757 0.000794622 0.000329809 0.00290614 0.021129 0.471205 6.18358e-05 0.0407094 0.0540169 0.00110208 0.0499443 0.0436175 0.176113 1.56826e-07 0.0133795 0.117765 0.000139483 5.92376e-05 2.99724e-07 0.00130323 
