0.0681351 0.0539016 0.000334377 0.0210261 0.0106025 0.0600418 0.327255 0.122588 0.00669217 0.055075 0.000225606 0.00477525 0.0120062 0.0309378 4.12628e-05 0.0128411 0.116112 0.0602114 0.0133319 0.00125467 0.0226111 
0.00100646 0.0124387 1.77328e-05 0.00014019 0.000512085 0.00223903 0.561924 0.00583027 0.0281674 0.0392586 0.000118758 1.64439e-05 0.00171281 0.015158 9.30022e-12 0.00325016 0.326121 4.07632e-05 0.000428268 2.67463e-06 0.00161689 
0.00105049 0.000777642 9.11089e-09 4.94644e-05 0.000329678 0.0185452 0.766785 0.000489036 0.0042185 0.00975179 2.95674e-05 0.000146149 0.000316511 0.102521 3.50338e-07 0.000999306 0.0911628 5.77646e-05 0.00254874 5.5754e-06 0.000215552 
0.0054487 0.00685792 0.000191956 0.00272871 0.00466922 0.0249868 0.342951 0.00667931 0.0294519 0.104711 0.00189361 0.00091136 0.0717664 0.0446464 0.00025962 0.0223717 0.10107 8.01438e-05 0.000767342 0.000860645 0.226696 
0.0283592 0.0064859 0.000688118 0.00665859 0.0123407 0.0731957 0.544048 0.000943932 0.00460184 0.0682707 0.000487047 0.0100615 0.0070591 0.0425416 6.11044e-06 0.000403643 0.0434701 0.119759 0.00825606 0.000493136 0.0218709 
0.0185037 0.0667833 0.00592432 0.000920526 0.011167 0.190714 0.219053 0.0593279 0.0388681 0.0702341 0.000731256 1.91655e-06 0.0701938 0.0020064 9.12082e-12 0.0711102 0.141392 0.000192809 0.000478415 0.024901 0.00749585 
0.00477479 0.0164005 4.89109e-05 5.5079e-05 6.64699e-05 0.0346765 0.788626 4.79991e-05 0.00185545 0.00157709 1.21929e-05 1.16428e-05 0.00162317 0.0497208 2.18983e-06 0.00126286 0.0985865 4.98414e-05 0.000177204 0.000215224 0.000210038 
0.0035301 0.0228257 3.85416e-06 0.00013001 0.0024403 0.110315 0.496067 0.00023844 0.117134 0.00108561 1.66652e-05 3.03363e-05 0.0148772 0.0568125 2.92576e-09 0.0130517 0.157372 3.27943e-05 0.00117886 5.2356e-07 0.00285731 
0.00270662 0.030342 0.165409 0.0268506 0.0010344 0.00347063 0.362297 0.000168738 0.029028 0.0305425 0.00452796 0.321788 0.00370834 0.00899817 3.40804e-05 0.00333342 0.00537158 0.000308684 3.9636e-05 7.92632e-06 3.25344e-05 
0.00508431 0.00411992 0.00208349 0.00211906 0.0216387 0.0854257 0.447815 0.00513648 0.028715 0.0123075 0.00142915 1.72182e-07 0.0681878 0.0181993 1.72034e-07 0.162272 0.116529 0.00201654 0.00327238 1.72166e-07 0.013648 
0.000638612 0.00113181 2.00805e-05 0.00034377 0.00441357 0.00735083 0.90318 1.93736e-05 0.00730536 0.000708243 3.50497e-06 5.55182e-07 0.0172323 0.0210858 1.07738e-10 0.00820781 0.0272737 0.00017763 7.36478e-05 2.22742e-05 0.000811357 
0.00181345 0.0027415 0.000988269 0.000265155 0.00080318 0.0671436 0.711836 0.00242416 0.00860353 0.0541934 3.18106e-05 0.000154571 0.0221375 0.00625532 3.94218e-08 0.000675303 0.115582 0.00084493 0.000941758 3.28062e-05 0.00253215 
0.00125038 0.00888768 7.81931e-07 6.83e-05 0.000801458 0.0405898 0.692345 0.00669905 0.0191148 0.0122599 1.05571e-05 2.92759e-05 0.00571075 0.0371042 0.000410048 0.00218256 0.16473 0.000762065 0.000376521 4.59469e-07 0.00666649 
0.00102358 0.0198331 4.85946e-06 0.0199824 0.000256014 0.136119 0.6664 0.00247252 0.0132321 0.00914516 6.73968e-05 0.000301651 0.0208407 0.00913645 3.46911e-05 0.00171427 0.0985403 3.72189e-05 0.00069491 2.71651e-05 0.000136367 
3.07181e-05 1.28125e-05 1.85352e-06 8.24753e-10 7.31002e-10 1.75072e-10 0.353402 0.000211941 0.103327 0.133839 1.47177e-09 1.37118e-09 5.45479e-06 0.335845 2.32428e-09 0.0732929 2.43596e-05 2.02212e-06 1.11628e-09 1.47959e-09 4.97538e-06 
0.00578107 0.0201603 4.22882e-05 0.0056315 0.00167329 0.339851 0.389741 0.0963359 0.0235217 0.026211 5.29947e-05 8.14226e-07 0.0104164 0.00369373 4.00459e-05 0.0366545 0.0384536 0.000420382 0.000744599 1.95179e-12 0.000573495 
0.0452588 0.105581 1.84241e-05 0.000376809 0.00746875 0.066901 0.27261 0.0142508 0.119988 0.0363794 0.000395414 0.000907295 0.0380592 0.139958 0.0282238 0.00256631 0.11455 0.000743058 0.00107792 1.41552e-05 0.00467172 
0.000479357 0.00362512 1.21339e-05 0.00010591 0.00094335 0.235707 0.591815 0.00193284 0.00427056 0.0232136 5.71804e-05 0.00287658 0.00937266 0.0111555 3.97363e-12 0.0022445 0.0793604 0.000180162 0.00753081 9.4944e-05 0.0250229 
0.00155437 0.00341445 2.83156e-05 0.00117514 0.00420014 0.169419 0.612791 0.00183584 0.0375374 5.67337e-05 5.56928e-05 1.97881e-05 0.0164087 0.00709257 4.41286e-08 0.00125179 0.142524 7.6079e-05 2.55639e-05 2.80915e-08 0.00053312 
0.0111314 0.00778377 5.34628e-06 0.000605435 0.0688279 0.178822 0.317395 0.00111274 0.0538019 0.00746604 0.00150009 0.00101505 0.225495 0.0236947 5.84793e-08 0.00347305 0.0761996 8.85244e-05 0.000168036 1.3027e-06 0.0214127 
0.000967266 0.0156566 0.00128567 0.00534282 0.0125026 0.155758 0.58127 0.0165723 0.0527902 0.0414247 2.93356e-05 4.47001e-06 0.00376144 0.0338912 3.25035e-07 0.0148728 0.0520376 0.00212528 0.00100959 0.000267143 0.00843085 
0.00639158 0.0207122 0.000244053 0.000453966 0.00369765 0.0339441 0.344796 0.00129248 0.256973 0.0407626 0.00030425 0.0196079 0.0150612 0.158267 0.00113532 0.0139377 0.0714945 0.000484201 0.000198334 0.000107749 0.010134 
0.0175232 0.141796 0.000850785 0.0911518 0.00449597 0.154597 0.169795 0.0443304 0.0856227 0.0861263 0.000163891 0.000470048 0.0429898 0.0290737 3.29537e-08 0.0331574 0.0842857 3.30629e-05 0.00558309 0.00525509 0.0026981 
0.00424752 0.0135999 0.0032713 0.000429123 0.00684953 0.0352279 0.399539 0.00177378 0.043608 0.0794523 4.54971e-07 0.00167517 0.0466182 0.00740017 6.04955e-07 0.0024114 0.352287 6.8452e-05 0.000111383 2.75335e-05 0.00140182 
0.00316427 0.0107266 6.2684e-08 0.000458834 0.00410755 0.0129945 0.453142 0.0430714 0.0490392 0.0116492 0.00263063 0.00051424 0.000563807 0.193479 1.36624e-06 0.000185553 0.212087 0.00166798 0.000455236 1.84232e-11 6.20242e-05 
0.00138903 0.00953849 0.00226552 0.000213051 0.00673528 0.0360318 0.265726 0.0211168 0.0213715 0.104449 0.000103906 0.0577114 0.160209 0.00165606 1.51636e-08 0.0547014 0.253665 0.000659724 3.76382e-05 2.15677e-07 0.00241933 
0.00189231 0.0156108 0.00019313 0.000201393 0.00765071 0.241494 0.271252 0.0303131 0.0792182 0.0144698 0.000386041 0.000105368 0.0635799 0.000944932 1.81009e-09 0.0483292 0.222918 2.15922e-05 0.000425084 2.21868e-05 0.000972198 
0.00138903 0.00953849 0.00226552 0.000213051 0.00673528 0.0360318 0.265726 0.0211168 0.0213715 0.104449 0.000103906 0.0577114 0.160209 0.00165606 1.51636e-08 0.0547014 0.253665 0.000659724 3.76382e-05 2.15677e-07 0.00241933 
0.000216256 0.00487936 9.18242e-09 0.000554025 0.0144761 0.0162296 0.463226 6.67991e-05 0.00915587 0.0444942 0.000686472 0.0010294 0.01422 0.117743 3.47003e-07 0.01839 0.292805 0.000117131 0.000243855 1.19189e-07 0.00146649 
0.000148309 0.00023987 1.69415e-05 0.000107004 0.00192591 0.0192027 0.717385 0.000102819 0.0336043 0.00704885 0.000137335 8.31618e-05 0.00177633 0.0265846 3.35868e-12 0.0164016 0.172535 5.21097e-05 1.31165e-05 2.13808e-12 0.00263578 
0.00105067 0.015453 5.99868e-08 0.000307425 0.00402224 7.03161e-08 0.686657 0.000718717 0.0192685 0.0212532 2.80321e-08 1.24837e-08 0.0167525 0.00252255 1.39207e-12 0.0110441 0.218792 7.44138e-05 0.00017472 0.000630303 0.00127783 
0.00146003 0.0111816 4.94251e-05 0.000151717 0.00111088 0.0372901 0.556063 0.0177501 0.0469921 0.0469506 0.0010388 0.000706331 0.0286937 0.054117 1.6797e-10 0.0349811 0.160772 3.68632e-05 0.000530882 7.742e-06 0.000115535 
0.00559956 0.0083229 0.00246227 0.00111133 0.0176112 0.171321 0.282664 0.00662434 0.0211295 0.0523891 4.09837e-06 3.93708e-07 0.0584882 0.000210237 1.4132e-06 0.228672 0.136823 7.18359e-06 9.71663e-05 1.49522e-08 0.00646145 
0.0229137 0.0783455 0.00599357 0.00136211 0.000493474 0.148214 0.214338 0.00630633 0.0221051 0.0233237 1.41105e-05 9.54175e-06 0.0917941 0.110186 2.65119e-10 0.0145078 0.128825 0.000131812 0.00436922 0.0139183 0.112849 
0.0112401 0.00789306 0.000837551 0.00288331 0.0432734 0.0462113 0.346059 0.00192802 0.00892323 0.0119341 0.000169098 0.000142024 0.00624555 0.135725 5.46129e-10 0.210104 0.0626209 0.102611 0.000986396 1.06691e-07 0.000212629 
0.000637735 0.00849922 0.0583881 0.00218948 0.000755315 0.0448802 0.510006 0.000724921 0.0595491 0.154517 0.000191355 5.82529e-06 0.00864245 0.00331628 9.77655e-09 0.00426063 0.138353 0.00298126 0.000839828 0.000171506 0.00109098 
0.00825609 0.0241094 8.56072e-06 0.00182868 0.0207629 0.0205008 0.429648 0.000737475 0.0273822 0.00873989 0.000507745 0.000663538 0.000698093 0.364701 3.55491e-05 0.00322192 0.0866539 0.000937509 0.000603189 1.27603e-06 1.84841e-06 
0.0084364 0.0453095 3.60017e-07 0.00207169 0.00438938 0.0881827 0.374693 0.00869587 0.00705418 0.0345386 6.07495e-09 3.08493e-06 0.00996786 0.0106167 1.8491e-09 0.0482011 0.341574 0.000844829 0.0143788 0.000160155 0.000881351 
0.000520207 0.00556779 6.32105e-05 0.000193086 0.00126642 0.0324137 0.646762 1.57386e-05 0.0506184 0.0326249 7.91477e-06 0.0066402 0.0215391 0.123083 4.88186e-05 0.0102744 0.0649477 0.000978649 0.000133421 0.000201501 0.00209924 
0.00524244 0.00345463 0.000126552 0.000117527 0.00195074 0.00946816 0.450933 0.00563702 0.0433833 0.0792676 0.00131086 0.171397 0.0571352 0.0687816 4.08884e-05 0.0150427 0.0855304 0.000436571 2.10838e-05 7.97726e-06 0.000714513 
0.0157565 0.0209794 0.000102335 0.000368203 0.0912328 0.109404 0.215242 0.0280324 0.134155 0.0753333 0.00941228 9.33362e-07 0.0216454 0.0544684 9.82916e-05 0.104788 0.103683 0.00422877 0.00216446 0.00034597 0.00855898 
0.000428733 0.000483823 1.32455e-05 0.000159916 0.00467035 0.0644798 0.521707 0.000571776 0.00494708 0.00957966 4.46564e-05 6.1222e-07 0.148422 0.000574191 2.48202e-10 0.063305 0.17808 7.60848e-05 0.000623065 3.60272e-08 0.00183257 
0.0120531 0.0555254 0.0117132 0.00140316 0.0267097 0.056233 0.224079 0.0148693 0.0386468 0.0949882 0.00124293 0.00142419 0.0643942 0.0707418 0.00015737 0.12217 0.156273 0.000544491 0.0269651 0.00288469 0.0169809 
0.00825609 0.0241094 8.56072e-06 0.00182868 0.0207629 0.0205008 0.429648 0.000737475 0.0273822 0.00873989 0.000507745 0.000663538 0.000698093 0.364701 3.55491e-05 0.00322192 0.0866539 0.000937509 0.000603189 1.27603e-06 1.84841e-06 
6.68758e-05 0.00025033 8.30393e-05 1.27201e-05 0.00145676 0.00045429 0.540116 0.000162206 0.0034624 0.343523 0.00547618 0.0333358 0.00338461 0.00422719 0.011118 0.012976 0.039326 0.000247997 8.50489e-05 2.93829e-06 0.000232461 
0.00303434 0.0114182 0.0036945 0.000638481 0.000642456 0.0948231 0.38093 0.00671814 0.0467925 0.117633 9.3072e-06 2.50615e-05 0.0288296 0.0125996 8.60854e-07 0.0207014 0.166268 0.00286983 0.000266647 6.22259e-06 0.102099 
0.0120346 0.035087 2.76757e-05 0.000149545 0.00502601 0.0464052 0.376642 0.0021587 0.0246955 0.0400692 0.0441242 0.000754434 0.0182461 0.0139301 5.32952e-07 0.00661274 0.369679 8.95127e-05 8.53507e-05 1.64404e-05 0.00416563 
0.00697989 0.00202915 1.3629e-05 0.00600017 0.0117073 0.0075422 0.611533 0.000294505 0.057107 0.100568 0.000250585 4.06501e-05 0.0114687 0.0036557 3.81095e-11 0.0525459 0.126808 5.57822e-06 3.82082e-05 1.5956e-07 0.00141206 
0.000337058 0.0291861 3.5008e-05 4.97132e-05 0.00088153 0.137193 0.472781 0.0916491 0.17631 0.00395201 0.000125961 8.98186e-05 0.00841135 0.00674864 6.34555e-07 0.00202225 0.0315399 6.29581e-05 0.0313983 0.00137997 0.00584502 
0.000319223 0.000218202 4.5055e-12 4.82233e-05 0.000314954 0.00419384 0.646253 2.51533e-09 0.00400036 0.000630716 3.02583e-08 2.27873e-05 4.89971e-10 0.014719 7.3504e-12 4.84843e-08 0.329171 0.00010915 2.33028e-08 4.67914e-12 1.40703e-08 
0.0283592 0.0064859 0.000688118 0.00665859 0.0123407 0.0731957 0.544048 0.000943932 0.00460184 0.0682707 0.000487047 0.0100615 0.0070591 0.0425416 6.11044e-06 0.000403643 0.0434701 0.119759 0.00825606 0.000493136 0.0218709 
0.000127445 0.00840466 1.29469e-06 0.000268272 0.0027506 0.0524338 0.439856 0.00946809 0.09825 0.0205925 0.0138722 0.000752651 0.00235231 0.249694 2.31808e-10 0.000272608 0.0989387 0.00145835 0.00013065 1.21573e-07 0.000375371 
0.00157174 0.00691157 0.000143982 7.40778e-05 0.00052489 0.0134381 0.304755 1.68978e-05 0.251016 0.0751585 0.00129262 6.24394e-05 0.180085 0.0800206 0.00876132 0.0200655 0.0443727 0.000585222 0.00247243 0.000891919 0.00777933 
0.112711 0.0467691 1.2854e-05 0.00290653 0.029699 0.0862818 0.233169 0.0103015 0.0661845 0.0431548 0.000501603 7.49063e-06 0.0851493 0.080833 6.6636e-05 0.017168 0.156331 6.54565e-05 0.000872748 9.85951e-07 0.027814 
0.000702301 0.0339262 2.51013e-07 1.36012e-05 0.00456221 0.0903879 0.382052 0.00720608 0.346432 0.000247633 3.16122e-05 1.62845e-07 0.00244918 0.0165276 1.90879e-10 0.000805884 0.114203 0.000367911 8.34676e-05 1.2151e-10 1.35558e-07 
0.000241481 0.000664862 3.45657e-05 0.000209554 0.00225156 0.26149 0.591802 0.000514198 0.0101451 0.0209804 4.22801e-05 3.23595e-05 0.00945662 0.00143781 1.36816e-09 0.0481668 0.0510943 4.57721e-05 0.000809859 2.11965e-09 0.000581026 
0.00694008 0.0080983 1.05025e-06 0.000643182 0.000403119 0.0040873 0.550287 1.68656e-07 0.019039 0.0377973 0.0103581 6.54535e-05 0.248786 0.0518596 0.0458229 0.00102617 0.00838158 3.82278e-06 0.000187697 1.83508e-08 0.00621232 
0.00114277 0.0209036 0.00156709 0.000865481 0.00422826 0.223822 0.365614 0.00270627 0.00700175 0.173535 8.13881e-05 0.00128047 0.0206199 0.0198479 3.64697e-12 0.00658672 0.113575 0.0049041 0.00568245 8.31548e-05 0.0259533 
0.00426091 0.0288809 0.000280541 0.00113789 0.000961185 0.0209809 0.575265 0.00393771 0.0989995 0.0194351 0.00108562 0.0165157 0.00453367 0.0333076 1.97316e-08 0.00406565 0.16466 8.7347e-05 0.000428867 0.0208927 0.000282934 
0.0034311 0.0102072 7.36546e-05 0.000212878 0.0444164 0.0658928 0.404638 0.000957611 0.0906044 0.0754338 3.45944e-05 0.0185166 0.0895854 0.0266475 0.00647088 0.00794398 0.150434 0.000187964 0.000884323 0.000139027 0.00328752 
5.15066e-05 6.57126e-05 3.609e-05 3.40929e-05 0.00470713 0.0824985 0.606226 7.16614e-06 0.0561389 0.00103752 0.00170687 0.000185632 1.92152e-05 0.10151 4.79105e-11 2.60386e-05 0.145381 0.000195924 0.000173212 3.0499e-11 1.62579e-08 
0.00319501 0.00510459 4.06735e-05 0.00110536 0.00707609 0.0175331 0.347281 0.00227355 0.00598152 0.210462 9.7165e-05 2.74076e-05 0.00619785 0.0118833 9.15449e-10 0.0442611 0.24711 2.9633e-05 0.000476753 5.8276e-10 0.0898651 
0.00680469 0.0289677 1.17297e-05 0.00127707 0.0037534 0.032934 0.404299 0.00158582 0.0296977 0.00269578 5.16853e-05 3.1998e-07 0.0199697 0.0919049 0.000435233 0.0144549 0.0500783 0.000909489 0.00112603 0.307353 0.00168924 
0.0110261 0.0282944 3.81206e-05 0.000303504 0.00849268 0.332171 0.334561 0.00330537 0.01201 0.0560907 5.09111e-05 6.58079e-06 0.0495357 0.011527 1.14367e-05 0.0204007 0.120543 4.32351e-05 0.00160272 0.000407366 0.00957853 
0.00286273 0.0036745 1.69565e-05 0.000235469 0.00681533 0.0325589 0.459469 0.0109745 0.0637253 0.00219037 0.000496331 1.43882e-05 0.022081 0.173929 5.43081e-12 0.00768661 0.207584 0.00049625 0.000878273 3.45717e-12 0.00431059 
0.00754088 0.0311655 0.00460363 0.274639 0.00592349 0.0372817 0.394979 0.0176019 0.0304888 0.0336172 0.000761225 0.00348551 0.0112062 0.0207746 0.0367425 0.0350097 0.0522491 5.06167e-05 0.000324999 0.000997277 0.000557105 
0.000905419 0.000350344 5.0887e-05 0.000288863 0.0121546 0.275388 0.589474 0.000193591 0.0119453 0.0227785 3.09698e-06 6.05628e-06 0.00204177 0.0026086 3.55318e-09 0.00828437 0.0725692 3.12661e-05 0.000640875 4.6671e-09 0.000285145 
0.0177669 0.0447703 0.00050383 0.00632321 0.00431184 0.0602007 0.433209 0.00743347 0.0342832 0.00929814 0.000672505 0.000230133 0.0124338 0.248497 3.96143e-07 0.0105252 0.0679621 0.0032808 0.0296155 0.00155453 0.00712812 
0.000963666 0.0125246 8.16182e-06 0.000256651 0.00228466 0.0401718 0.428862 0.00566313 0.114974 0.029629 0.0114934 0.0200586 0.00359659 0.246846 1.44905e-05 0.000334247 0.0800786 0.0014348 0.000100097 0.000116949 0.000588746 
0.147074 0.0626992 0.00102486 0.0029925 0.0948734 0.0977479 0.210463 0.00198796 0.0537604 0.0452304 2.66272e-06 1.39397e-06 0.0330263 0.0805959 2.35869e-10 0.000274981 0.159663 0.00702098 0.000178821 2.59089e-06 0.00137995 
0.000343057 0.0267077 8.93494e-06 7.62246e-05 0.00067535 0.234217 0.555184 0.0208083 0.00613824 0.0282513 4.15593e-05 0.00206014 0.00669717 0.0349496 2.44529e-10 0.00160521 0.056691 0.0022107 0.00538529 6.90649e-05 0.0178796 
0.0283592 0.0064859 0.000688118 0.00665859 0.0123407 0.0731957 0.544048 0.000943932 0.00460184 0.0682707 0.000487047 0.0100615 0.0070591 0.0425416 6.11044e-06 0.000403643 0.0434701 0.119759 0.00825606 0.000493136 0.0218709 
0.0136706 0.162464 2.59124e-05 0.000332907 0.116255 0.158889 0.215671 0.00805893 0.0519141 0.0825943 3.13416e-06 7.1871e-06 0.0214367 0.00279934 1.79303e-05 0.00969067 0.155603 0.0001321 0.000425366 3.83175e-08 8.8835e-06 
0.0543661 0.0030601 2.96313e-05 8.02829e-05 0.0124864 0.118478 0.313195 6.45835e-05 0.0220729 0.0243386 0.000772409 0.000309002 0.0848153 0.00229288 2.01896e-10 0.000628941 0.312241 3.35677e-05 0.000148924 0.00126356 0.0493236 
0.00178685 0.0100922 5.76061e-05 0.000319589 0.00832266 0.0732771 0.547743 0.000285517 0.0294471 0.0193608 0.0011888 0.000241281 0.04075 0.00458735 2.30779e-05 0.108329 0.150496 6.86118e-05 0.000295035 0.000557941 0.00277018 
0.0184345 0.180657 0.000286492 0.000876948 0.0110035 0.127613 0.217005 0.0243245 0.0387353 0.0504307 8.62378e-05 0.000392201 0.0524678 0.0775262 3.10055e-05 0.00849454 0.155061 0.000298384 0.00505993 3.44416e-05 0.0311814 
0.00270662 0.030342 0.165409 0.0268506 0.0010344 0.00347063 0.362297 0.000168738 0.029028 0.0305425 0.00452796 0.321788 0.00370834 0.00899817 3.40804e-05 0.00333342 0.00537158 0.000308684 3.9636e-05 7.92632e-06 3.25344e-05 
0.0677558 0.0151247 3.98366e-06 1.768e-05 0.0241815 0.0123031 0.414461 0.0377735 0.00051517 0.289588 8.08583e-08 8.98336e-10 0.104339 0.00118829 8.49902e-05 0.000195568 0.0204771 3.21546e-05 7.31335e-10 4.41851e-06 0.0119543 
0.00591662 0.0776863 9.29948e-05 1.81969e-05 0.0167127 0.0959128 0.556004 0.0381934 0.0747412 0.022419 0.00060822 3.2517e-05 0.0687951 0.000580139 6.8549e-09 0.031981 0.00986381 3.84582e-05 7.26572e-05 3.75826e-09 0.000331104 
0.0153603 0.010371 7.16426e-06 7.78393e-05 0.00244442 0.105651 0.448113 0.00420487 0.0123371 0.056841 3.97839e-05 2.91326e-06 0.0584833 0.0162615 0.00033984 0.153879 0.101408 0.000110044 0.000142856 2.37695e-10 0.013926 
0.00157216 0.00726494 2.90586e-08 3.84974e-08 0.000856444 0.170357 0.230895 0.0039251 0.00636798 0.212944 6.88597e-06 7.72609e-09 0.170035 4.43656e-05 3.87634e-05 0.105825 0.0890179 3.94732e-06 3.57818e-05 3.94583e-10 0.000810937 
0.00985372 0.0588809 4.66543e-05 0.000467433 0.0154182 0.023062 0.348848 0.0331334 0.0426567 0.0715014 2.18647e-05 7.05986e-07 0.058426 0.0111813 2.93015e-07 0.0458271 0.271612 0.000172035 0.00384664 0.00130561 0.00373759 
1.61732e-05 6.29556e-05 8.68539e-07 8.57282e-07 0.00132137 1.93918e-05 0.895595 1.81142e-06 8.7742e-05 0.00165073 8.62468e-05 4.37265e-05 0.000256029 0.0794052 7.08579e-08 0.0161942 0.00524853 3.17407e-07 2.60374e-06 5.66908e-06 1.45262e-07 
0.000299408 0.00394934 6.45438e-05 2.91683e-05 2.074e-05 0.00203107 0.700364 0.0961039 0.00160686 0.00317155 0.000462195 0.000191295 0.0899244 0.0198571 1.84701e-06 0.00557354 0.0735347 0.000117315 8.58391e-05 6.17082e-05 0.00254977 
0.0210682 0.146511 9.31591e-08 0.183221 0.000397535 2.59934e-06 0.414411 0.020109 0.136647 0.0182082 0.00361038 0.0168948 1.34116e-05 0.0380156 1.51982e-07 3.34621e-06 0.000727312 0.000148363 4.92614e-06 9.67495e-08 6.42919e-06 
0.0331911 0.059708 0.00209314 0.028007 0.0108626 0.169021 0.34082 0.0348475 0.0463686 0.0638641 0.000586508 2.56441e-05 0.0865442 0.0214261 1.44616e-08 0.0273393 0.0678367 0.00108 0.00200133 8.81271e-05 0.00428897 
0.00465201 0.0249904 0.000508845 0.000681353 0.00120441 0.0443326 0.48248 0.046475 0.0111205 0.117105 1.87066e-06 4.27452e-05 0.0218576 0.00611408 6.52818e-07 0.0031879 0.231654 0.00294972 0.000223448 1.18927e-05 0.00040737 
0.000241481 0.000664862 3.45657e-05 0.000209554 0.00225156 0.26149 0.591802 0.000514198 0.0101451 0.0209804 4.22801e-05 3.23595e-05 0.00945662 0.00143781 1.36816e-09 0.0481668 0.0510943 4.57721e-05 0.000809859 2.11965e-09 0.000581026 
0.00288642 0.0105278 0.000948614 0.000245622 0.00160871 0.0573019 0.332734 0.0710409 0.0169962 0.126601 2.37623e-05 3.49244e-06 0.0279583 0.00946471 8.82472e-07 0.0151812 0.315597 0.00552578 0.000231716 5.82203e-05 0.00506336 
0.00270662 0.030342 0.165409 0.0268506 0.0010344 0.00347063 0.362297 0.000168738 0.029028 0.0305425 0.00452796 0.321788 0.00370834 0.00899817 3.40804e-05 0.00333342 0.00537158 0.000308684 3.9636e-05 7.92632e-06 3.25344e-05 
0.00122587 0.00797568 2.87631e-05 5.62353e-05 0.0114446 0.00549014 0.623509 0.000705431 0.0108646 0.0312344 0.000346201 7.23347e-07 0.0540271 0.00823073 3.51678e-11 0.0235815 0.221026 2.15582e-05 4.19622e-05 4.21482e-05 0.000147343 
0.0153603 0.010371 7.16426e-06 7.78393e-05 0.00244442 0.105651 0.448113 0.00420487 0.0123371 0.056841 3.97839e-05 2.91326e-06 0.0584833 0.0162615 0.00033984 0.153879 0.101408 0.000110044 0.000142856 2.37695e-10 0.013926 
0.00762964 0.0137762 0.0166232 0.00106685 0.00262931 0.0148303 0.216504 0.00271068 0.0570002 0.151508 0.000361458 0.121498 0.0154532 0.127395 1.52328e-07 0.0209163 0.124986 0.00975623 0.00155156 0.000863912 0.09294 
0.0244435 0.0293553 9.07752e-07 9.08244e-07 0.00318001 9.08771e-07 0.811267 0.00536241 0.007725 9.08793e-07 0.0111657 0.00163493 0.0125417 0.00518008 9.07012e-07 0.0881355 9.08834e-07 9.08619e-07 9.07998e-07 9.07707e-07 9.08524e-07 
0.000161385 0.0472771 0.00291452 0.0620015 0.00205281 0.0173479 0.340913 0.000193202 0.086444 0.101191 9.78467e-05 6.78404e-06 0.070057 1.17739e-05 6.68404e-09 0.00984096 0.254954 5.57891e-06 0.0001189 8.47414e-05 0.00432583 
0.00602977 0.00312141 3.84212e-05 5.17186e-05 0.0181781 0.271317 0.280323 0.00239423 0.00507754 0.053236 8.67731e-06 5.76565e-09 0.0376095 0.003035 6.22158e-09 0.225371 0.0681113 4.53462e-06 0.00097993 3.90353e-12 0.0251124 
0.0283592 0.0064859 0.000688118 0.00665859 0.0123407 0.0731957 0.544048 0.000943932 0.00460184 0.0682707 0.000487047 0.0100615 0.0070591 0.0425416 6.11044e-06 0.000403643 0.0434701 0.119759 0.00825606 0.000493136 0.0218709 
0.0234271 0.101045 0.000574591 0.00145732 0.100341 0.145259 0.226641 0.00206254 0.0620283 0.0451974 0.00128654 1.63366e-05 0.0462064 0.0108767 1.50478e-07 0.0184017 0.176739 0.0214257 7.45391e-05 0.000384312 0.0165547 
0.0156684 0.0181103 0.00233142 0.00114765 0.0120332 0.0343946 0.468666 0.000365749 0.0600674 0.0211663 0.00131924 0.202425 0.018276 0.0310982 1.4516e-05 0.00572526 0.0744397 0.000391603 0.000169523 0.031833 0.000356637 
0.000918695 0.00146646 9.60759e-05 0.0113786 3.05692e-06 0.263279 0.653879 0.0214324 0.000957679 0.00804602 2.97751e-09 1.09172e-06 0.0061225 0.00486039 4.70221e-09 0.000547215 0.0262368 0.000135062 0.000526842 4.88866e-06 0.000108618 
0.000918695 0.00146646 9.60759e-05 0.0113786 3.05692e-06 0.263279 0.653879 0.0214324 0.000957679 0.00804602 2.97751e-09 1.09172e-06 0.0061225 0.00486039 4.70221e-09 0.000547215 0.0262368 0.000135062 0.000526842 4.88866e-06 0.000108618 
5.50387e-05 0.00066386 0.00012616 7.38165e-05 0.000349641 0.266484 0.683407 0.000328567 0.0058745 0.0126993 9.13043e-06 2.29231e-05 0.0027552 2.99467e-05 1.61523e-08 0.0110995 0.0138453 6.31696e-06 0.00215627 4.62788e-11 1.39298e-05 
0.00128904 0.0654939 0.000243394 0.00174099 0.00202767 0.110757 0.23448 0.0987249 0.162112 0.0700358 0.000118081 4.88605e-06 0.0229619 0.0572372 2.70705e-11 0.0204925 0.134784 0.0150111 0.00133358 3.70196e-06 0.00114867 
0.000556391 1.13629e-05 3.93058e-09 8.95476e-05 0.000207646 9.75499e-08 0.667139 1.02297e-08 0.00785755 0.00789595 4.906e-08 0.251429 2.73748e-12 0.022758 3.28947e-11 0.000763217 0.0396866 0.000287286 8.17637e-05 0.000960752 0.00027585 
0.004285 0.020523 0.000966252 0.000441395 0.0013527 0.14949 0.418077 0.0225554 0.0522299 0.0584603 0.000406329 0.0306791 0.0355275 0.0406408 2.14403e-08 0.00765097 0.146374 0.00544483 0.000607566 0.00017943 0.00410779 
0.000285357 0.0010081 8.04988e-07 9.95334e-05 0.000329965 0.0156851 0.520179 0.000106488 0.00620337 0.0230839 2.86881e-05 2.05079e-09 0.00992686 0.00407259 3.39269e-12 0.0261487 0.380765 4.21083e-05 4.29524e-05 4.91948e-08 0.0119914 
0.000479357 0.00362512 1.21339e-05 0.00010591 0.00094335 0.235707 0.591815 0.00193284 0.00427056 0.0232136 5.71804e-05 0.00287658 0.00937266 0.0111555 3.97363e-12 0.0022445 0.0793604 0.000180162 0.00753081 9.4944e-05 0.0250229 
0.0032043 0.0272269 2.69322e-05 0.0105654 0.00257788 0.156119 0.461316 0.00836836 0.0879276 0.0353436 4.82868e-05 2.42453e-05 0.0220231 0.0126189 3.81181e-08 0.0448237 0.121151 0.000173661 0.00283536 9.69905e-05 0.00352828 
9.80549e-07 0.000383584 7.19364e-07 0.000349738 7.3419e-06 2.38555e-05 0.845792 2.45866e-07 9.7085e-05 5.63405e-06 8.7565e-07 2.63874e-07 4.25591e-06 0.153298 1.64321e-08 4.23182e-06 1.86385e-05 1.47681e-06 8.20222e-06 8.72471e-07 2.03022e-06 
0.00379642 0.00368065 1.4345e-05 0.00364252 0.00236528 0.0329921 0.430433 0.00536838 0.0259441 0.178472 2.23571e-05 5.5076e-06 0.0102764 0.0135887 3.11392e-06 0.0408015 0.210071 4.56612e-06 0.000377764 0.000185261 0.0379557 
0.0153603 0.010371 7.16426e-06 7.78393e-05 0.00244442 0.105651 0.448113 0.00420487 0.0123371 0.056841 3.97839e-05 2.91326e-06 0.0584833 0.0162615 0.00033984 0.153879 0.101408 0.000110044 0.000142856 2.37695e-10 0.013926 
0.0331464 0.00554343 3.83793e-05 0.0013099 0.00363747 0.0838068 0.603448 0.0053083 0.0787845 0.00103647 0.000123143 0.000280132 0.0142452 0.0295679 0.000244252 0.017465 0.121246 6.52541e-05 3.00889e-05 7.58766e-09 0.000673412 
0.0153603 0.010371 7.16426e-06 7.78393e-05 0.00244442 0.105651 0.448113 0.00420487 0.0123371 0.056841 3.97839e-05 2.91326e-06 0.0584833 0.0162615 0.00033984 0.153879 0.101408 0.000110044 0.000142856 2.37695e-10 0.013926 
2.85358e-05 0.00121036 0.000272756 0.000227496 0.00271341 0.24678 0.450098 0.000602058 0.0122833 0.0642026 1.36981e-05 1.94147e-06 0.00463702 0.0089813 1.62698e-11 0.0184468 0.175483 0.000151185 0.00227021 0.000598141 0.0109978 
0.000516199 0.00929583 1.00226e-06 7.16882e-06 0.0224408 0.0681999 0.4734 1.58421e-06 0.050058 0.134554 0.019001 2.17175e-07 0.00238 0.12961 3.75805e-06 0.0542259 0.0238167 0.000457964 3.95184e-05 8.29834e-05 0.0119066 
0.00284433 0.0128291 0.000687796 0.00171566 0.00880915 0.217576 0.350257 0.000937918 0.0196333 0.12076 0.00201674 1.69198e-06 0.0378291 0.00366245 1.42379e-09 0.0296817 0.179527 0.00777856 0.00127659 9.1566e-05 0.00208374 
0.000276306 0.00112027 0.00117459 9.67476e-06 0.000418922 0.00665319 0.445225 0.000396003 0.00170401 0.238143 9.62428e-06 5.92192e-07 0.016462 9.84038e-08 1.28449e-07 0.0768402 0.20668 2.67703e-06 0.000107774 6.70177e-07 0.00477528 
0.00168954 0.00554552 4.56211e-08 7.65193e-05 0.000274465 0.0220088 0.440033 0.00367881 0.0421285 0.00487966 0.000306171 0.0799621 0.00166125 0.270516 8.91626e-11 0.00227433 0.121986 0.00211279 0.00078218 1.52945e-07 8.3048e-05 
0.013988 0.00302224 3.91631e-08 0.000883554 4.05052e-07 0.111152 0.591342 0.00523121 2.50452e-07 0.0089568 4.77732e-08 1.40369e-08 2.34887e-07 0.00230076 6.79627e-12 0.0381984 0.138088 0.000512854 0.00764602 4.75946e-08 0.078677 
0.000621477 0.00401812 0.000340466 0.000239039 0.00266032 0.137726 0.470489 0.00116102 0.0221045 0.0759309 3.7807e-05 0.000470519 0.0102639 0.00277254 1.95642e-09 0.0234769 0.247 1.78241e-05 0.000147711 2.18237e-05 0.000500463 
0.214897 0.223942 0.00900492 6.43098e-06 0.0186577 0.0437625 0.308196 6.4344e-06 0.0823658 0.0366852 6.42719e-06 6.42777e-06 6.43461e-06 0.0431121 6.42226e-06 6.43353e-06 6.43515e-06 6.43363e-06 6.42924e-06 6.42717e-06 0.0193053 
0.00155923 0.000840905 0.000127613 0.000356389 0.0151586 0.0161944 0.57403 0.0004263 0.0462937 0.166978 0.000563113 3.3087e-05 0.016872 0.00357561 6.52743e-08 0.00425996 0.152453 3.83322e-05 0.000215666 9.75961e-06 1.40525e-05 
0.0232683 0.110389 0.000148807 9.79365e-06 0.0471592 0.114226 0.314121 0.0069378 0.017176 0.0659825 5.20395e-05 2.62279e-05 0.021442 0.140264 3.28699e-08 0.0124795 0.107884 2.92229e-05 0.000314018 8.4227e-05 0.0180053 
0.0030388 0.0424204 0.000291458 0.00732585 0.00496392 0.250244 0.458693 0.00188336 0.0346585 0.0195984 0.00237938 5.34244e-06 0.0116929 0.0115226 6.36979e-10 0.00176936 0.104837 0.000118552 0.00301341 0.000187755 0.0413561 
0.000538868 0.00719976 2.27542e-09 0.00142479 2.40528e-08 0.168411 0.310671 0.00395644 0.011507 0.0484673 2.59578e-08 8.31242e-08 0.00326248 0.100823 0.0405076 0.00025777 0.210224 0.000939749 0.0898686 3.47609e-08 0.00194098 
0.00046947 0.00612681 3.64054e-05 0.0074442 0.0198012 0.119062 0.409639 0.00984195 0.0311173 0.00756856 6.97714e-05 5.99634e-09 0.042542 0.0033538 9.20447e-12 0.218736 0.120562 7.16466e-05 0.000692842 5.85941e-12 0.00286459 
8.55861e-07 1.55309e-07 1.28039e-11 4.52216e-08 3.91554e-07 0.28507 0.369365 1.42024e-06 0.0735594 0.0295476 1.86514e-07 4.09136e-07 0.0594584 1.84186e-07 2.08886e-11 3.94812e-06 0.182562 0.000429254 1.00322e-11 1.32973e-11 4.50975e-07 
0.000439023 0.0458124 0.000317606 0.000178201 0.00690058 0.00504917 0.492334 0.00158422 0.010691 0.0237948 0.000645763 0.0502914 0.0627996 0.0865777 8.74608e-09 0.0164349 0.155431 0.000116468 4.80094e-05 0.0375978 0.00295661 
0.0153603 0.010371 7.16426e-06 7.78393e-05 0.00244442 0.105651 0.448113 0.00420487 0.0123371 0.056841 3.97839e-05 2.91326e-06 0.0584833 0.0162615 0.00033984 0.153879 0.101408 0.000110044 0.000142856 2.37695e-10 0.013926 
0.00162282 0.00778905 0.00264651 0.000392794 0.00266924 0.086131 0.395995 0.000310529 0.14052 0.197496 0.000177049 4.99284e-05 0.0291651 0.041608 4.38452e-06 0.0277348 0.0637889 0.000142015 0.000464337 0.000115684 0.00117691 
0.0148234 0.0740127 9.39963e-06 0.00224608 0.00588673 0.0817249 0.225988 0.0148133 0.201749 0.0494658 0.0191648 3.75821e-05 0.131419 0.0309606 5.11121e-09 0.0705633 0.0544889 0.000177756 0.000170504 0.000827017 0.0214713 
0.00852913 0.042346 1.2976e-05 0.000489186 0.00320635 0.0299194 0.293967 0.011417 0.128697 0.0418192 0.000152958 0.000858634 0.00400164 0.17275 0.0120837 0.00912591 0.170336 0.00251197 0.000328631 0.00031967 0.0671277 
0.000655326 0.0144777 0.0052431 0.0679437 0.00763936 0.12987 0.288134 0.00773602 0.0289709 0.230515 0.000105058 0.000396836 0.0200329 0.0163451 1.61417e-05 0.0185793 0.155359 0.00551198 0.000429625 0.00013005 0.00190899 
0.00160516 0.0137288 2.89891e-05 0.00775177 0.0043268 0.209936 0.463525 0.0159099 0.0139477 0.0153301 0.000189003 3.24632e-05 0.0157636 0.00193254 1.11021e-09 0.115735 0.118998 8.12116e-05 0.000550331 8.71388e-07 0.00062707 
0.00331139 0.0045368 5.2714e-07 0.000265599 0.00192508 0.020544 0.349744 8.97482e-09 0.133112 0.00804052 4.72205e-06 0.00013912 0.0209098 0.29675 1.44602e-09 0.098162 0.062346 4.96444e-05 3.36976e-07 1.99048e-06 0.000156226 
0.00105049 0.000777642 9.11089e-09 4.94644e-05 0.000329678 0.0185452 0.766785 0.000489036 0.0042185 0.00975179 2.95674e-05 0.000146149 0.000316511 0.102521 3.50338e-07 0.000999306 0.0911628 5.77646e-05 0.00254874 5.5754e-06 0.000215552 
0.000118843 0.00180194 0.017098 0.00224532 0.00965912 0.0047352 0.520186 0.000117455 0.021966 0.244625 0.000303668 2.57121e-07 0.0440073 9.08187e-08 2.4738e-10 0.0414132 0.091142 3.63609e-07 0.000172328 5.05064e-07 0.00040653 
0.0369491 0.0208077 0.000393637 0.000190344 0.180185 0.0364519 0.230071 0.00177756 0.227998 0.0407159 2.09526e-08 4.60011e-06 0.041585 0.0150999 1.79277e-10 0.00204592 0.146684 0.00308719 0.00335659 0.00622437 0.00637263 
0.00221039 0.0073218 6.88905e-06 0.000346023 0.00475462 0.177112 0.448199 0.00780664 0.0190472 0.00951221 0.00102258 7.55793e-05 0.0191655 0.00667284 1.32265e-08 0.214406 0.0788028 6.07401e-05 0.000454722 0.000510773 0.00251188 
0.00694199 0.0138669 2.57855e-06 0.000422207 0.000246805 0.0747493 0.390517 0.00757696 0.0355615 0.0561629 9.85648e-06 5.15629e-07 0.0243703 0.224138 2.82953e-06 0.0204968 0.107621 0.000105418 3.28978e-05 0.0038135 0.0333602 
0.0126687 0.0662783 1.06798e-10 6.18254e-11 0.00133323 4.59346e-07 0.308598 5.16036e-07 0.0558043 0.0800226 0.0604279 1.74841e-07 0.0344114 0.281244 1.74233e-10 0.000513836 0.0960462 0.000506117 0.00214472 1.10914e-10 3.12006e-07 
0.00178328 0.00400449 0.027974 2.83245e-07 0.000168405 0.223741 0.571058 9.17117e-08 0.0831645 0.00199029 3.28083e-07 1.46179e-07 0.0488995 4.838e-07 2.50697e-10 0.0124631 0.0246336 0.000116861 1.04926e-07 5.80705e-07 2.28969e-07 
0.00482587 0.0396387 0.000562257 0.000529421 0.00283541 0.0282734 0.46439 0.0445219 0.00786272 0.060454 1.01147e-07 6.20812e-06 0.102604 0.0419542 1.89158e-09 0.000961944 0.144545 0.000886116 0.0438805 0.000592876 0.0106754 
0.0175873 0.08785 0.0272959 0.0290402 0.00363275 0.052562 0.260917 0.000852431 0.0600045 0.126124 0.00155406 0.028233 0.0257534 0.0485486 1.93976e-10 0.0379185 0.172892 0.0136564 0.000939583 0.0035049 0.00113328 
0.0050029 0.00619798 2.42994e-06 0.00110596 0.00300469 0.163561 0.608678 0.00929974 0.00870311 0.0155252 2.36507e-06 9.93794e-07 0.0344023 2.36289e-05 6.3272e-07 0.0491359 0.0949932 7.41842e-05 0.000132185 2.36656e-08 0.000153778 
2.09082e-06 4.15017e-05 5.61413e-06 1.48066e-05 6.40869e-05 0.00183297 0.932644 3.0986e-06 0.00283417 0.0014365 2.18059e-05 0.000192061 0.000458419 0.0519218 5.69587e-06 7.1492e-05 0.00839999 3.75429e-06 3.59897e-05 5.41585e-06 4.40866e-06 
0.0025406 0.0120373 2.25761e-05 0.000433632 0.0111139 0.155951 0.633719 0.0018857 0.0275362 0.00517231 3.86885e-05 2.11126e-06 0.0512417 0.0155537 1.58381e-08 0.0225331 0.0570097 0.000297209 0.000653661 3.54114e-05 0.00222281 
0.00168572 0.00230433 1.14689e-08 0.000528385 0.0122603 0.0294862 0.647366 4.05582e-05 0.00521845 5.77129e-08 1.48089e-08 6.70332e-09 2.11245e-07 0.00750486 6.68001e-12 0.0207602 0.271033 0.00011532 0.000814732 8.509e-09 0.000881183 
0.0494283 0.0689229 3.42806e-05 0.00123421 0.030602 0.0998422 0.14457 0.0115776 0.0947319 0.119128 0.0477013 9.09924e-11 0.134602 0.0143146 5.86509e-06 0.112952 0.0445267 2.90632e-06 0.000149594 7.16835e-07 0.025673 
0.000609442 0.00168883 1.29328e-07 0.000576558 6.63577e-08 0.00287972 0.966447 0.000220687 0.00299725 0.00251327 4.02142e-05 1.24471e-07 0.00114307 0.00212664 2.10989e-07 0.00115689 0.0100746 0.000642381 1.01332e-07 0.00447272 0.00241004 
0.000894064 0.00283643 0.000172939 0.000331648 0.000450039 0.0591392 0.496289 0.00186586 0.017929 0.147058 3.52511e-05 0.000122675 0.0106717 0.0257383 1.65466e-06 0.00286346 0.224564 0.00566621 0.000823175 8.33151e-06 0.00253866 
0.00270662 0.030342 0.165409 0.0268506 0.0010344 0.00347063 0.362297 0.000168738 0.029028 0.0305425 0.00452796 0.321788 0.00370834 0.00899817 3.40804e-05 0.00333342 0.00537158 0.000308684 3.9636e-05 7.92632e-06 3.25344e-05 
0.0153603 0.010371 7.16426e-06 7.78393e-05 0.00244442 0.105651 0.448113 0.00420487 0.0123371 0.056841 3.97839e-05 2.91326e-06 0.0584833 0.0162615 0.00033984 0.153879 0.101408 0.000110044 0.000142856 2.37695e-10 0.013926 
5.50387e-05 0.00066386 0.00012616 7.38165e-05 0.000349641 0.266484 0.683407 0.000328567 0.0058745 0.0126993 9.13043e-06 2.29231e-05 0.0027552 2.99467e-05 1.61523e-08 0.0110995 0.0138453 6.31696e-06 0.00215627 4.62788e-11 1.39298e-05 
0.00377899 0.0561368 0.000655684 0.000698431 0.0991439 0.168201 0.273608 0.0137431 0.0440662 0.0369701 1.92005e-05 3.25798e-05 0.0378912 0.00425469 8.82289e-09 0.0100823 0.241709 0.00185261 0.00224319 0.000299682 0.00461341 
0.0153603 0.010371 7.16426e-06 7.78393e-05 0.00244442 0.105651 0.448113 0.00420487 0.0123371 0.056841 3.97839e-05 2.91326e-06 0.0584833 0.0162615 0.00033984 0.153879 0.101408 0.000110044 0.000142856 2.37695e-10 0.013926 
0.00228447 0.0698788 0.000200911 0.036763 0.059673 0.0244051 0.452314 0.0217487 0.0348444 0.041745 0.00280208 0.00578987 0.0104581 0.179277 2.84552e-05 0.00711678 0.040406 0.000249498 0.000579223 0.00935258 8.30723e-05 
0.000673658 0.00433743 3.63393e-05 0.00302238 0.000538392 0.354476 0.420186 0.0318069 0.00287886 0.0223025 7.33934e-05 6.2116e-06 0.0196697 0.00156639 2.99885e-09 0.000839209 0.131564 0.000218508 0.000801761 0.00369819 0.00130405 
0.00176228 0.00518334 1.06924e-06 5.84623e-05 0.00377144 0.0259161 0.469739 7.24851e-05 0.0428424 0.113277 3.68025e-05 0.0725024 0.00291717 0.0284243 1.52484e-11 0.0233235 0.203785 0.000437854 0.00188138 0.00038434 0.00368331 
0.015359 0.109716 0.00045179 0.000297104 0.0369185 0.0186087 0.362091 0.00911941 0.0710746 0.0645473 0.00395081 4.48388e-05 0.0301891 0.0178835 4.05206e-11 0.00242102 0.252572 1.94513e-05 0.000513743 0.000250897 0.00397141 
1.79813e-05 2.46893e-06 2.56006e-05 3.4241e-05 0.00353094 0.00585698 0.413987 1.55027e-05 0.00259441 0.0653388 5.58588e-05 3.46048e-09 0.15028 7.6328e-05 3.93182e-07 0.0677353 0.0905581 0.0172441 0.000222715 3.73408e-09 0.182423 
0.00470331 0.0320049 0.147946 0.0282816 0.00552825 0.0148245 0.282223 0.00362898 0.0315023 0.163886 0.00266313 0.12713 0.015629 0.0238379 1.3027e-05 0.0212916 0.0692609 0.00561223 0.014825 0.000200493 0.0050081 
0.0116444 0.0557207 0.0577868 4.68536e-05 0.00129482 0.143234 0.324941 0.000152115 0.110981 0.0713964 0.000108889 1.43836e-06 0.0589086 0.0486495 6.91543e-10 0.0196063 0.0663264 0.000151118 0.0231539 0.000100632 0.0057959 
0.00168994 0.0185685 0.00681166 6.88904e-05 0.0082314 0.0419359 0.407808 0.0590248 0.0151199 0.163858 0.0007747 8.90307e-06 0.0237208 0.0055663 1.08233e-05 0.146069 0.0983245 2.33613e-05 4.59816e-05 0.00106298 0.0012762 
0.00881167 0.0355126 1.12464e-06 7.58463e-05 0.00300015 0.0554101 0.407478 0.000463364 0.0259239 0.0410015 0.0551434 0.000682838 0.00486657 0.254651 2.3624e-07 0.00364271 0.0950261 0.00725645 2.19967e-05 0.000170997 0.000859276 
0.00758275 0.0349401 3.33224e-05 8.06899e-05 0.0037065 0.180757 0.217473 0.00122794 0.127998 0.0581341 0.0330681 2.1543e-05 0.0658364 0.00932774 1.04168e-05 0.0270266 0.175178 0.0566248 7.42101e-05 1.00019e-05 0.000888934 
0.00657176 0.00712867 2.69976e-05 0.000111946 0.0136461 0.0614946 0.384395 0.0210963 0.0391422 0.0194124 0.0158608 0.000103364 0.102224 0.011783 2.27488e-05 0.0237455 0.288116 0.000210381 0.000107843 2.48632e-08 0.00480001 
0.000114471 5.807e-05 3.84483e-06 4.74329e-05 3.06753e-06 5.24384e-10 0.667827 2.06872e-05 0.319763 0.000224786 4.40831e-09 4.10704e-09 4.05557e-05 0.0109765 6.96179e-09 5.8227e-05 0.000315208 5.08352e-06 3.34354e-09 4.43176e-09 0.000542458 
9.80549e-07 0.000383584 7.19364e-07 0.000349738 7.3419e-06 2.38555e-05 0.845792 2.45866e-07 9.7085e-05 5.63405e-06 8.7565e-07 2.63874e-07 4.25591e-06 0.153298 1.64321e-08 4.23182e-06 1.86385e-05 1.47681e-06 8.20222e-06 8.72471e-07 2.03022e-06 
4.29563e-07 0.000165318 3.15854e-07 1.07196e-06 0.000319256 0.00148441 0.988745 1.56497e-07 0.000769082 2.072e-08 0.000205656 5.66782e-07 6.42826e-05 0.00564891 3.20408e-07 6.90576e-06 0.00255813 4.48843e-06 2.53539e-05 2.03966e-07 6.59428e-08 
0.0108204 0.0145822 3.61366e-05 0.000113667 0.00610163 0.233987 0.3974 0.00823009 0.0102817 0.0405467 0.000148444 8.60834e-06 0.0505891 0.0131806 9.97585e-05 0.0739559 0.124206 9.59018e-05 0.00131766 3.84359e-05 0.01426 
0.0181123 0.0599016 8.71048e-06 0.00619609 0.0601538 0.103706 0.256691 0.00942551 0.159926 0.0187765 0.00116385 7.19263e-07 0.00265159 0.0219934 8.39671e-08 0.0841844 0.184324 1.61159e-05 0.000453713 5.67291e-05 0.0122573 
0.0160896 0.00881348 2.91441e-06 0.00679913 0.00609375 0.17417 0.17636 0.00940902 0.0960582 0.034751 0.00153847 0.119801 0.118793 0.0612131 1.23438e-08 0.0242873 0.139294 0.000940575 0.00103785 0.00340395 0.0011433 
0.0124666 0.0148475 0.110572 0.00163536 0.0037112 0.100797 0.475293 0.00124986 0.0132321 0.0919385 0.0055767 0.00392704 0.0225971 0.00457765 1.02453e-10 0.0106412 0.120458 4.77232e-06 0.000473379 1.24215e-05 0.00598824 
0.00506953 0.0119342 2.65601e-08 0.00252206 0.00657476 0.0398001 0.345519 0.000380002 0.147902 0.0150573 0.0111979 0.000259744 0.0173516 0.109531 3.9862e-10 0.0216831 0.261446 0.000337951 0.000307908 1.07832e-07 0.00312618 
0.00713642 0.058506 0.00116479 0.000860399 0.00117857 0.145948 0.219499 0.157613 0.0529385 0.119229 0.00583133 0.0279228 0.0235826 0.0479764 5.87513e-05 0.00647321 0.102327 0.00292983 0.00960423 0.0049739 0.00424467 
