0.206347 0.0074475 3.41353e-05 1.56219e-08 0.00136526 0.00052786 0.0300432 3.52319e-10 0.0440719 0.373675 2.07547e-06 2.12644e-09 0.0910869 0.00804317 3.20404e-06 0.00170222 0.0505324 5.59883e-10 0.00277507 6.45458e-05 0.182278 
1.00037e-06 0.00123766 4.35204e-06 2.5194e-06 0.000672137 0.00272801 8.94201e-07 6.9399e-07 0.0082026 0.00564793 4.49586e-06 4.18861e-06 5.96773e-05 0.0771767 7.10005e-06 1.16208e-06 0.00216025 0.00165537 3.40994e-06 4.51977e-06 0.900425 
2.7007e-12 7.16915e-05 4.23089e-08 6.80163e-12 6.02848e-12 0.000405478 0.00692151 1.87356e-12 9.31603e-08 0.2639 1.21375e-11 1.1308e-11 0.00134147 2.88515e-08 1.9168e-11 0.000180126 0.723335 5.36221e-09 4.51178e-08 1.2202e-11 0.00384451 
0.0483441 0.00120341 4.24747e-09 2.45887e-09 6.12738e-06 0.00647581 8.72715e-10 6.77315e-10 0.225733 0.00591412 4.38784e-09 6.7479e-06 0.0276175 0.626385 6.92945e-09 6.56115e-06 0.0118676 9.99805e-07 3.32801e-09 4.67606e-06 0.0464339 
0.00213058 0.00289963 0.000477426 3.20099e-07 0.0323512 2.03944e-05 5.52242e-06 8.81738e-08 0.0268166 0.00188221 4.03557e-05 0.000235336 0.0397287 0.892118 9.02086e-07 0.000158535 0.000456361 2.39673e-05 2.85084e-06 0.000108069 0.000543152 
1.07213e-05 3.00919e-05 1.11026e-08 6.42734e-09 8.55077e-06 6.41377e-06 5.49797e-05 1.77046e-09 0.000289168 0.407729 1.14695e-08 1.06857e-08 1.35679e-05 0.591592 1.81132e-08 2.57951e-05 1.23408e-05 9.56876e-06 0.000180953 2.53787e-05 1.08145e-05 
0.000458925 0.00200241 3.95431e-06 2.28916e-06 0.886584 0.000534803 8.1248e-07 6.30566e-07 1.27538e-05 0.000403333 4.08499e-06 3.80581e-06 0.0799307 0.00151297 6.45118e-06 1.05588e-06 0.0272927 1.00206e-06 3.09831e-06 4.10671e-06 0.00123585 
0.00117381 0.00305657 0.00028118 7.54111e-07 0.00163774 0.000780486 1.74323e-06 1.82393e-10 0.022746 0.517595 0.000205808 0.00159545 0.0509818 0.000747064 8.84097e-05 0.391454 0.00283964 2.89848e-10 0.00053806 1.18788e-09 0.0042765 
0.00150772 0.00100472 8.04526e-06 0.00390976 0.00457835 0.00296025 0.0688753 1.0515e-06 0.428224 0.0618934 0.00743234 1.68331e-06 0.0190904 0.230036 0.000945428 0.0104426 0.029905 0.00012012 0.00574633 0.0716366 0.0516815 
0.00743268 0.0250394 1.22907e-05 8.75901e-05 0.000265028 0.000822583 0.873451 3.90604e-06 0.000652698 3.31651e-05 0.00184754 1.09215e-05 5.24401e-06 0.0812475 8.10112e-06 0.00310208 0.00590177 1.9745e-05 3.23675e-05 5.15704e-06 1.88515e-05 
1.20367e-07 3.33894e-05 5.39224e-10 2.51718e-06 1.04253e-07 0.0438546 0.0270777 8.59862e-11 0.0639043 0.536961 1.0696e-05 5.18974e-10 0.290753 0.0121458 8.79705e-10 5.01879e-07 0.019293 7.6108e-07 0.00196422 0.00399778 1.81051e-10 
0.000295697 2.73009e-05 1.79312e-05 0.000109666 0.0621102 0.00168889 0.000222741 1.38188e-07 0.00516108 0.203431 0.000228246 7.00081e-06 0.0776941 0.00343927 0.586497 0.00753442 0.0038812 0.0220037 0.000733909 1.49717e-05 0.0249016 
1.46091e-05 0.056382 0.000868348 0.00667005 0.00406872 0.000278515 0.0494962 4.52656e-07 0.0408018 0.00403423 0.00898891 0.355839 0.00286204 0.447459 0.000364718 0.0202959 0.00143337 6.78426e-05 1.57199e-06 1.50735e-06 7.10787e-05 
0.00221989 0.00245399 7.68375e-05 0.000967098 0.0235373 0.0113203 0.0290231 7.26572e-05 0.0325083 0.152653 0.000758227 0.0191481 0.115694 0.0178718 0.351689 0.0250533 0.0284873 0.0200176 0.000136544 0.000118264 0.166194 
1.14206e-07 0.00161029 4.96846e-07 0.00181232 2.5493e-07 2.4483e-05 0.000592196 7.92285e-08 0.00441191 0.0109972 5.13265e-07 4.78187e-07 0.0032042 0.963319 8.10569e-07 0.00102167 0.00823123 1.25905e-07 0.00140184 5.15994e-07 0.00336997 
0.00159168 0.0288998 0.00862818 0.000513601 0.000469581 0.00123066 0.0465883 1.84337e-07 0.0181609 0.0295061 3.07337e-05 1.11257e-06 0.00598956 0.00628997 1.88591e-06 0.752693 0.0795526 0.000101969 5.55846e-05 0.0184224 0.00127214 
0.176783 7.56548e-06 2.2867e-09 0.000270626 5.4969e-06 2.67137e-06 0.00192 3.64644e-10 0.0602867 2.05805e-06 2.56477e-06 2.20083e-09 0.625772 2.12431e-06 3.73059e-09 0.116582 0.0061167 4.0118e-07 1.79169e-09 2.37483e-09 0.0122464 
0.255316 1.77931e-07 3.1588e-10 1.82863e-10 0.0193549 0.0771543 6.49028e-11 5.03711e-11 0.0672619 0.0938727 0.000909878 6.943e-06 0.349432 0.000991981 0.000178932 0.0140645 0.0837755 4.56336e-06 0.00106773 6.45324e-08 0.0366086 
0.00180817 0.000594885 5.67276e-05 8.48643e-05 0.0123915 0.0251476 0.472042 4.06895e-06 0.0116963 0.283266 0.001019 0.00056759 0.0325751 0.00817078 0.00125094 0.0154318 0.119473 0.00626709 0.0001079 4.7089e-05 0.00799673 
0.000762336 3.70981e-05 1.40041e-07 7.09232e-05 0.0088397 0.00400111 0.000176918 1.3603e-07 0.0177756 0.0237887 1.14702e-06 5.78648e-06 0.0694593 0.00149132 0.436009 0.00217462 0.0261748 0.000972034 7.15999e-05 0.000152701 0.408035 
0.0129725 0.00988726 3.19928e-06 8.61664e-06 2.31246e-06 1.54605e-06 0.00559845 4.12333e-10 0.0506468 0.100248 0.00189324 2.48866e-09 0.742029 0.0321929 3.18358e-06 0.000176904 0.0424512 1.66178e-06 5.54533e-07 6.44246e-06 0.00187571 
1.20367e-07 3.33894e-05 5.39224e-10 2.51718e-06 1.04253e-07 0.0438546 0.0270777 8.59862e-11 0.0639043 0.536961 1.0696e-05 5.18974e-10 0.290753 0.0121458 8.79705e-10 5.01879e-07 0.019293 7.6108e-07 0.00196422 0.00399778 1.81051e-10 
1.57012e-06 2.15594e-06 1.25979e-09 6.55114e-07 0.000616169 0.018293 5.0809e-06 2.0089e-10 0.00564827 0.098412 7.79801e-07 2.31308e-06 0.0345723 0.815821 2.05526e-09 7.54928e-07 5.87788e-05 3.19242e-10 0.00539637 9.77415e-08 0.0211687 
1.7086e-06 4.196e-06 2.12979e-10 1.23294e-10 0.255582 0.0396809 9.01462e-06 3.39622e-11 0.0557741 0.11206 7.26276e-07 2.0498e-10 0.415719 5.28222e-11 0.000194195 0.0155528 0.105415 1.40378e-07 1.66874e-10 2.21187e-10 6.12134e-06 
0.00888239 0.00109023 7.23809e-07 3.54237e-06 4.82041e-06 0.0112019 0.00669788 1.34051e-10 0.210988 0.0899068 0.00171049 8.09069e-10 0.163724 0.0603399 1.37144e-09 8.78127e-07 0.0964088 6.94528e-07 0.00144047 0.000538032 0.347061 
0.0020994 0.00624312 2.97794e-05 1.69568e-05 0.020655 0.00712644 0.00218547 1.57867e-07 0.398257 0.0727946 0.000339753 9.52811e-07 0.028173 0.0698134 1.6151e-06 0.00213438 0.091435 0.00014525 0.000608472 0.000316741 0.297624 
3.22659e-07 2.19283e-06 0.564337 0.000106274 2.7343e-06 0.0216624 0.000879984 4.853e-10 0.380306 8.4178e-06 2.33866e-05 2.92905e-09 0.000559121 4.42495e-07 4.96499e-09 0.000115469 0.031324 1.14703e-07 2.38454e-09 3.16063e-09 0.000672431 
1.88921e-08 0.000290287 0.0170005 1.27663e-11 2.83755e-08 0.00164764 0.00800983 3.51658e-12 0.00923807 0.0104403 2.27814e-11 2.12245e-11 0.00552316 4.53581e-08 3.59773e-11 1.5128e-05 0.947504 2.94373e-06 1.72788e-11 2.29025e-11 0.000328063 
0.00107559 7.52487e-06 2.68158e-07 1.43854e-05 8.02047e-06 0.00852888 0.000110538 4.27613e-08 0.632633 8.72297e-05 0.000388898 5.05318e-05 0.00166195 0.343211 4.37481e-07 0.000754301 0.010667 6.79536e-08 2.92447e-05 2.78493e-07 0.000770149 
0.00474277 0.000119164 2.05856e-09 8.80219e-05 0.000956615 4.73106e-05 0.000746852 3.28264e-10 0.00899178 0.000533872 2.12659e-09 1.98125e-09 0.0484339 0.0323729 3.3584e-09 0.00621146 0.00650368 0.834772 1.27099e-06 2.1379e-09 0.0554787 
0.00010378 0.00649467 0.000441629 4.43244e-06 0.00412827 8.9361e-05 0.0294785 8.8843e-08 0.0034195 0.806644 0.00387261 1.34473e-07 0.0733734 0.0362462 5.7034e-07 0.0185398 3.57837e-06 0.000234051 0.00689753 2.3689e-06 0.0100252 
0.0465017 0.12864 1.33971e-05 1.76266e-06 2.33047e-05 1.06877e-05 0.00476474 1.16591e-08 0.0120321 0.119884 0.00571969 7.33986e-06 3.94099e-05 0.659529 1.85455e-05 0.0152048 0.0065848 0.000705143 0.000286209 7.29376e-06 2.67121e-05 
4.03167e-06 0.00190151 0.000200244 0.000692293 1.54247e-06 0.000130742 0.0017814 4.79378e-07 0.00797838 6.27434e-05 2.85755e-05 0.000144495 4.60724e-05 0.984046 4.90441e-06 8.02715e-07 0.00293018 1.24055e-05 2.35544e-06 3.12207e-06 2.74994e-05 
0.0106452 0.000877711 1.88354e-10 1.09038e-10 9.66436e-11 0.0172815 4.89159e-05 3.00354e-11 0.0475164 0.0430254 1.94578e-10 5.6541e-07 0.048467 0.279768 3.07285e-10 0.0115179 0.0293635 0.00284245 0.502482 1.20597e-06 0.00616237 
0.0016847 0.000894068 4.04905e-07 2.344e-07 2.07756e-07 0.000696642 0.967153 6.45674e-08 0.00380862 0.00244349 0.00138076 3.897e-07 0.000780669 0.0130652 6.60574e-07 0.00195704 0.00523626 0.000379747 3.17254e-07 4.20511e-07 0.000516754 
0.92225 2.14075e-05 1.49853e-06 6.19201e-10 1.86652e-06 0.00173597 2.1977e-10 1.70564e-10 2.56079e-06 0.0158027 6.2994e-06 1.02945e-09 4.02269e-06 0.0267461 1.745e-09 2.85608e-10 0.0334272 3.79741e-07 1.68453e-07 1.11084e-09 3.59136e-10 
0.00387749 0.00140902 1.36134e-07 0.00108061 0.00234274 0.242909 0.0071087 5.20611e-12 0.0392438 9.77374e-07 1.09654e-07 6.95646e-08 0.0126025 0.349296 5.32626e-11 0.0195783 0.314141 0.000809058 0.00177616 0.00382206 1.87285e-06 
1.20367e-07 3.33894e-05 5.39224e-10 2.51718e-06 1.04253e-07 0.0438546 0.0270777 8.59862e-11 0.0639043 0.536961 1.0696e-05 5.18974e-10 0.290753 0.0121458 8.79705e-10 5.01879e-07 0.019293 7.6108e-07 0.00196422 0.00399778 1.81051e-10 
4.63487e-05 0.0150592 6.19203e-11 5.02197e-08 9.46808e-07 0.0420192 0.018595 9.874e-12 0.146403 0.324682 1.28573e-08 5.9595e-11 3.91082e-06 3.94697e-07 1.01019e-10 0.0265455 0.425004 0.000730384 0.000908644 6.43067e-11 1.50317e-06 
0.000135203 3.7292e-05 9.40037e-05 0.00299849 0.00727813 0.00572269 0.029307 3.91128e-06 0.0069071 0.701608 0.00129972 0.16529 0.0312011 0.00656439 0.000299264 0.00161273 0.0028292 0.0246598 0.00356096 0.00148479 0.0071062 
7.61149e-09 0.000111086 6.9571e-05 1.91693e-08 1.69903e-08 0.000108649 9.18564e-05 5.28034e-09 0.000413229 0.000179218 4.45041e-05 3.18697e-08 0.000362806 0.997941 5.4022e-08 0.000172426 0.000326838 8.3912e-09 2.59451e-08 3.43895e-08 0.000179014 
0.00117536 0.0268512 0.0133189 0.000967796 0.000199185 0.0777042 0.0242888 4.2614e-05 0.0635484 0.504552 0.00524794 0.000640898 0.0981579 0.0737629 0.0143335 0.0104141 0.0781431 0.000328344 0.00284264 0.000104513 0.00337521 
0.0827354 0.000511512 3.27853e-08 1.89795e-08 0.202568 0.0290345 3.22399e-05 5.22804e-09 0.0315543 0.00248011 1.60153e-05 3.15541e-08 0.284828 0.000985304 5.34869e-08 0.000187815 0.087273 8.30809e-09 3.31884e-05 4.04856e-05 0.277721 
1.20367e-07 3.33894e-05 5.39224e-10 2.51718e-06 1.04253e-07 0.0438546 0.0270777 8.59862e-11 0.0639043 0.536961 1.0696e-05 5.18974e-10 0.290753 0.0121458 8.79705e-10 5.01879e-07 0.019293 7.6108e-07 0.00196422 0.00399778 1.81051e-10 
0.000943058 0.000194053 1.9846e-06 1.14889e-06 1.01829e-06 9.54573e-05 0.0011576 3.1647e-07 0.000218723 0.000482596 2.05018e-06 1.91007e-06 0.000347039 0.963446 3.23773e-06 0.0224832 0.00515293 5.02914e-07 0.00344568 2.06108e-06 0.00201918 
0.00117381 0.00305657 0.00028118 7.54111e-07 0.00163774 0.000780486 1.74323e-06 1.82393e-10 0.022746 0.517595 0.000205808 0.00159545 0.0509818 0.000747064 8.84097e-05 0.391454 0.00283964 2.89848e-10 0.00053806 1.18788e-09 0.0042765 
0.00045259 0.00206493 2.48658e-06 1.43949e-06 1.27586e-06 0.000737312 0.00306386 3.96517e-07 0.00229013 0.0235951 0.793705 2.3932e-06 0.00149087 0.144302 4.05668e-06 0.00518908 0.000349545 7.791e-05 1.9483e-06 0.00355682 0.0191112 
7.75488e-10 1.21248e-05 0.0027874 2.78401e-05 0.000344333 0.0120586 0.0075491 4.99059e-11 0.932402 0.00175078 0.000173493 1.53188e-06 0.00252351 0.00046227 5.10576e-10 0.00270093 0.0363373 3.94776e-05 9.90239e-07 5.01246e-08 0.000828009 
1.20367e-07 3.33894e-05 5.39224e-10 2.51718e-06 1.04253e-07 0.0438546 0.0270777 8.59862e-11 0.0639043 0.536961 1.0696e-05 5.18974e-10 0.290753 0.0121458 8.79705e-10 5.01879e-07 0.019293 7.6108e-07 0.00196422 0.00399778 1.81051e-10 
0.110526 0.0184707 7.47966e-10 4.32998e-10 1.53895e-07 0.007909 0.189385 1.19273e-10 0.0202738 1.17815e-05 7.72683e-10 7.19876e-10 8.46929e-06 0.348481 1.22025e-09 0.0189464 3.83776e-06 1.89541e-10 8.79663e-07 1.94276e-06 0.285981 
0.00157174 0.00691157 0.000143982 7.40778e-05 0.00052489 0.0134381 0.304755 1.68978e-05 0.251016 0.0751585 0.00129262 6.24394e-05 0.180085 0.0800206 0.00876132 0.0200655 0.0443727 0.000585222 0.00247243 0.000891919 0.00777933 
0.0132044 0.0320801 9.0257e-09 1.48831e-05 0.00587016 0.0408109 0.0106678 1.43926e-09 0.0575982 0.0299528 0.000519164 8.68675e-09 0.519122 0.0074496 1.47248e-08 0.000160632 0.270993 0.000334201 2.83362e-06 5.9973e-06 0.0112126 
2.48861e-07 0.000678501 1.04583e-06 4.26332e-11 5.21496e-07 0.00261663 0.00163297 1.17437e-11 0.026289 0.540465 7.60787e-11 7.08794e-11 0.0680513 0.00175273 1.20147e-10 6.33222e-07 0.355104 1.86623e-11 5.77029e-11 4.57378e-06 0.00340316 
0.0317431 0.0373647 0.00107058 0.000496831 0.00137473 0.12981 0.244804 4.04977e-10 0.237985 0.0428613 4.27001e-05 7.76992e-06 0.00128061 0.220056 4.14323e-09 0.00943675 0.0216106 0.000242795 2.42004e-07 1.65429e-05 0.0197949 
2.76988e-05 8.97271e-06 2.71082e-06 8.57835e-06 4.71106e-05 7.49331e-06 0.294182 3.22996e-09 0.0185414 4.92509e-05 2.09246e-08 0.00173179 7.01312e-06 0.684907 3.3045e-08 0.000350599 7.6737e-05 5.13285e-09 1.58705e-08 1.24125e-05 3.97559e-05 
0.776585 0.0458221 0.0206468 4.23002e-07 0.0189209 0.00563901 2.1416e-10 1.66209e-10 0.02987 0.0127942 1.07675e-09 9.67653e-08 0.0122318 0.011924 1.70045e-09 1.9511e-07 0.0227223 3.88077e-07 0.000273096 0.0425676 1.97751e-06 
0.00387749 0.00140902 1.36134e-07 0.00108061 0.00234274 0.242909 0.0071087 5.20611e-12 0.0392438 9.77374e-07 1.09654e-07 6.95646e-08 0.0126025 0.349296 5.32626e-11 0.0195783 0.314141 0.000809058 0.00177616 0.00382206 1.87285e-06 
0.000195786 0.000766387 2.3252e-05 0.000203924 0.0010543 0.0225306 0.00221592 7.61157e-06 0.00236468 0.00297443 2.79646e-05 4.73989e-05 0.000622395 0.924967 3.0126e-05 0.000646916 0.0156314 4.44228e-05 0.0251563 2.78801e-05 0.000461439 
7.75488e-10 1.21248e-05 0.0027874 2.78401e-05 0.000344333 0.0120586 0.0075491 4.99059e-11 0.932402 0.00175078 0.000173493 1.53188e-06 0.00252351 0.00046227 5.10576e-10 0.00270093 0.0363373 3.94776e-05 9.90239e-07 5.01246e-08 0.000828009 
0.0551118 1.51207e-05 1.27343e-09 6.19312e-06 6.53392e-10 1.1112e-06 2.61647e-10 2.03065e-10 0.796056 8.43713e-06 2.98635e-05 1.22561e-09 1.17912e-05 0.141584 2.28734e-06 3.4003e-10 6.88994e-06 1.1943e-06 9.97766e-10 4.6301e-06 0.00716114 
7.82739e-06 8.28713e-06 4.18053e-06 8.96008e-10 3.17741e-06 0.0403841 1.52679e-06 2.46812e-10 0.475106 0.0170421 1.59892e-09 1.19321e-06 0.228357 0.195455 2.52508e-09 6.61667e-07 0.0435589 7.06387e-07 7.02178e-05 1.60742e-09 5.19684e-10 
0.000653922 0.000609802 0.000258948 7.84792e-08 0.00387139 0.0709442 0.0105656 2.54381e-11 0.00942276 0.388281 0.000168775 2.65441e-09 0.484663 0.00192072 0.000497673 0.0174855 0.0102528 4.04246e-11 6.3638e-05 6.02504e-09 0.000339858 
0.000731508 0.00185757 0.00102877 0.000321778 0.00224109 0.0114575 0.00515319 3.40657e-08 0.0177266 0.359828 0.00110074 9.36308e-08 0.0948259 0.0626927 7.87697e-06 0.371399 0.0105151 0.000284636 0.0524778 0.00478561 0.00156389 
4.53013e-05 0.163089 3.03275e-05 0.0496432 1.89024e-05 9.0506e-06 2.94037e-05 4.53084e-09 0.585338 2.31309e-05 0.000147836 2.73461e-08 1.68832e-05 0.0934831 3.71194e-05 3.29614e-06 0.0137178 7.57548e-06 0.0943402 2.95082e-08 1.95988e-05 
0.0106452 0.000877711 1.88354e-10 1.09038e-10 9.66436e-11 0.0172815 4.89159e-05 3.00354e-11 0.0475164 0.0430254 1.94578e-10 5.6541e-07 0.048467 0.279768 3.07285e-10 0.0115179 0.0293635 0.00284245 0.502482 1.20597e-06 0.00616237 
0.00107208 0.0375829 3.99839e-06 0.000459348 4.29464e-05 0.000942514 0.000125622 1.32979e-08 0.224583 0.000132438 2.03081e-05 1.10702e-05 0.00576956 0.713976 9.94323e-05 5.12639e-05 0.0139219 4.65092e-06 6.53398e-08 0.000522093 0.000678074 
0.0361447 1.77815e-05 8.71258e-09 5.27516e-05 0.017615 0.0188156 0.169952 1.38933e-09 0.3061 0.185172 9.23997e-07 3.63826e-05 0.0930235 0.100401 1.4214e-08 0.0561935 0.0160075 0.00018177 1.22296e-06 9.04836e-09 0.000284077 
4.29527e-05 0.0238037 1.57538e-07 9.1199e-08 0.00026037 0.00108759 0.000410916 2.51215e-08 0.955575 0.00804996 0.00220786 1.51622e-07 9.00489e-06 0.00329492 2.57012e-07 0.000751641 0.00290652 3.99215e-08 7.50105e-05 0.00152419 5.28953e-08 
0.00239084 0.0217429 6.59526e-09 0.000202596 0.00174287 0.00891844 7.39752e-06 1.0517e-09 0.0204603 0.0222608 0.000412962 3.37186e-06 0.00907442 0.904696 1.07597e-08 0.00023064 0.00246359 1.50788e-05 0.00113049 1.81516e-07 0.00424703 
3.47437e-06 6.48231e-05 2.13733e-06 1.24232e-08 0.831056 1.5049e-06 0.00195433 3.42208e-09 4.84628e-06 0.00885272 0.000109195 2.06541e-08 0.0309661 1.34952e-07 5.78314e-06 0.126951 1.30625e-06 4.76364e-07 1.85338e-05 2.22871e-08 7.65131e-06 
0.00783603 0.25698 5.26561e-05 0.00809427 0.00015089 0.000754824 0.00478606 3.9444e-08 0.152808 0.0165215 2.55529e-07 4.44434e-05 0.000747069 0.530468 4.03543e-07 0.0205292 3.07107e-05 4.23983e-05 1.93809e-07 1.28173e-05 0.000139721 
0.0651865 0.00357859 1.11141e-06 0.0215306 0.0627375 0.000408339 5.78458e-07 1.68952e-09 0.812293 0.00583535 1.09452e-08 1.01972e-08 0.00367215 0.0244905 1.72851e-08 2.82909e-09 0.000223714 3.24465e-05 8.30154e-09 6.48934e-06 2.88041e-06 
0.000258158 0.000150295 0.000635127 4.3638e-07 0.00107062 0.320711 1.54882e-07 1.20204e-07 0.00411782 0.00241459 7.78717e-07 7.25498e-07 0.00128538 0.0170529 1.22978e-06 0.310981 0.00143271 8.67518e-05 0.000294767 0.332837 0.00666875 
0.000623098 0.0964196 1.0202e-05 4.08471e-06 0.121953 0.00451212 0.281245 6.06467e-09 0.0776842 9.66749e-06 1.01327e-05 3.66036e-08 3.01829e-05 0.30049 4.40488e-06 6.80533e-05 0.0543234 4.3891e-07 0.00288899 1.23228e-05 0.0597107 
0.0189162 0.0015847 5.91315e-05 0.00058291 0.000339013 0.00185031 0.00290082 3.34118e-11 0.00721053 0.398386 0.000377816 0.000137999 0.366155 0.000398478 0.00215426 0.0106633 0.0520154 3.87243e-05 1.43742e-07 0.000165548 0.136064 
0.0221184 0.0560746 5.58517e-05 4.53086e-05 0.0038022 0.0135085 0.128661 8.82e-06 0.0177728 0.0261879 0.000418873 2.37284e-05 0.0381888 0.350711 0.000352432 0.00199586 0.026255 0.000118212 0.00713531 6.67135e-05 0.306498 
0.0106452 0.000877711 1.88354e-10 1.09038e-10 9.66436e-11 0.0172815 4.89159e-05 3.00354e-11 0.0475164 0.0430254 1.94578e-10 5.6541e-07 0.048467 0.279768 3.07285e-10 0.0115179 0.0293635 0.00284245 0.502482 1.20597e-06 0.00616237 
0.0111658 0.0530968 0.000221924 0.000371215 0.00495148 0.0565924 0.419422 9.27647e-05 0.0359931 0.102943 0.0158358 0.0968198 0.0218987 0.0975369 0.000877306 0.00940049 0.0661043 0.00190686 0.00218614 0.000110283 0.00247256 
0.0292412 0.0355109 4.08012e-09 0.00155425 0.0180682 0.00102601 0.00394891 6.50628e-10 0.0224437 0.0225813 1.65714e-06 3.9269e-09 0.333639 0.0926616 4.2914e-05 0.215274 0.147629 1.39764e-06 0.00367366 1.85058e-06 0.0726999 
0.607428 0.0275053 0.012404 1.13569e-06 0.0605237 0.00338784 8.43358e-10 6.54531e-10 0.0179374 0.0610961 4.24024e-09 4.08259e-05 0.00734659 0.105192 6.69635e-09 5.23838e-07 0.0268229 1.04156e-06 0.00744627 0.0255652 0.0373015 
8.0133e-05 0.00169983 4.30213e-08 6.26047e-07 0.00165547 0.0309871 0.0674219 6.8603e-09 0.570835 0.163433 4.8711e-05 4.12601e-05 0.0471924 0.000181772 7.01861e-08 0.00798356 0.106687 0.000314814 3.38933e-06 6.23575e-05 0.00137243 
0.0152511 0.00218482 0.000176614 5.41407e-12 0.00684388 0.000521778 0.0190727 1.49135e-12 0.000528594 0.278196 0.00100141 9.0011e-12 0.0459154 0.000152155 0.302221 0.0568373 0.244962 1.18388e-06 1.56366e-05 0.0100886 0.0160298 
0.00250111 0.00131554 7.50357e-07 4.34383e-07 3.85006e-07 0.00638084 0.0174834 1.19654e-07 0.896861 0.00679226 7.75153e-07 7.22178e-07 0.00659132 0.0147952 1.22415e-06 0.00542994 0.0329976 0.00125516 0.00382209 0.00218275 0.00158748 
0.0268565 4.67179e-06 7.54586e-06 7.74674e-10 6.86616e-10 2.41232e-06 0.0254451 2.1339e-10 0.0458151 0.502257 1.3824e-09 1.28793e-09 0.14767 0.104813 2.18315e-09 0.0455894 7.86862e-06 3.39107e-10 1.0485e-09 1.07619e-05 0.10152 
0.00551356 2.42862e-05 0.000117116 3.05333e-07 0.00871856 9.26667e-06 0.0218458 8.41065e-08 0.174323 0.0398497 5.44866e-07 3.62241e-06 0.0237904 0.0184727 3.65192e-05 0.0114746 0.00576759 1.93968e-05 4.27933e-05 5.47763e-07 0.68999 
0.000809503 0.00292084 4.12023e-06 0.000774537 8.38435e-05 0.00226195 0.0231614 3.20694e-08 0.0104109 0.00146538 0.100843 4.56372e-05 0.000184109 0.856509 3.28095e-07 5.36999e-08 3.16457e-06 0.000148563 1.57574e-07 2.0886e-07 0.000373118 
0.000448908 0.000553213 1.08638e-06 6.28904e-07 0.00126789 6.55089e-05 2.23214e-07 1.73237e-07 0.858101 0.0151802 1.12228e-06 1.04558e-06 0.0364012 0.0338016 1.08059e-05 0.00445334 0.000120094 6.71337e-06 1.50153e-05 1.12824e-06 0.0495693 
0.000417958 0.000122923 3.86533e-10 0.000112023 0.0405918 0.00188109 1.35659e-08 6.16377e-11 0.00676739 0.0239911 3.91641e-07 4.33188e-06 0.0166975 1.90112e-05 0.901419 0.00506869 0.000461484 0.000138114 4.58903e-07 9.08771e-06 0.00229797 
0.00235838 0.0538966 1.04398e-07 0.00119333 0.000101078 0.0426875 0.103802 1.66476e-08 0.287844 0.0152118 5.00618e-05 0.000995011 0.00398925 0.463557 2.86548e-05 8.23864e-05 0.0236288 0.000209445 2.7428e-05 1.08421e-07 0.000337371 
0.0222146 0.049219 0.00544533 7.47412e-05 0.00774191 0.00617608 0.000267077 5.20572e-08 0.117671 0.0322626 0.000169659 3.14194e-07 0.0106353 0.711061 5.32586e-07 0.00604891 0.01708 8.27262e-08 9.6199e-06 0.0108683 0.00305299 
0.0803283 0.0401829 2.53509e-05 0.000237966 0.00343017 0.00379184 0.115847 1.4021e-07 0.0231454 0.000145459 0.699051 8.46246e-07 0.000129735 0.0318668 0.00026459 0.000156662 7.29302e-05 6.95353e-06 1.63556e-05 9.13153e-07 0.00129876 
0.00387749 0.00140902 1.36134e-07 0.00108061 0.00234274 0.242909 0.0071087 5.20611e-12 0.0392438 9.77374e-07 1.09654e-07 6.95646e-08 0.0126025 0.349296 5.32626e-11 0.0195783 0.314141 0.000809058 0.00177616 0.00382206 1.87285e-06 
0.000168331 0.000405575 7.86586e-07 4.55356e-07 4.03595e-07 0.000588911 0.00523398 1.25431e-07 8.72658e-05 0.000118708 8.1258e-07 7.47039e-06 0.000195335 3.86114e-05 1.28326e-06 0.929289 0.0157083 1.99328e-07 8.13022e-06 3.90214e-05 0.0481077 
0.00694037 1.73309e-06 6.32977e-10 1.05685e-05 0.252599 7.878e-07 3.06016e-06 1.00936e-10 0.00964614 0.0718778 6.53895e-10 2.53191e-07 0.00973233 0.0209521 0.536404 0.00104273 0.013322 0.000446193 0.000337198 3.58381e-07 0.0766831 
5.74212e-05 0.0277944 4.42251e-05 3.8351e-06 0.0430898 5.05613e-05 0.0911856 1.83039e-09 6.0635e-05 0.201533 0.000454652 1.10474e-08 0.127271 0.276316 1.87263e-08 0.0422413 0.0979039 1.68814e-05 0.0221914 8.52198e-06 0.0697771 
0.000135203 3.7292e-05 9.40037e-05 0.00299849 0.00727813 0.00572269 0.029307 3.91128e-06 0.0069071 0.701608 0.00129972 0.16529 0.0312011 0.00656439 0.000299264 0.00161273 0.0028292 0.0246598 0.00356096 0.00148479 0.0071062 
0.00811075 0.0401241 1.44076e-06 3.95206e-07 0.0177045 0.00803087 0.0526391 6.55474e-11 0.175634 0.00813949 0.00085725 2.19279e-07 0.00679529 0.530654 2.13996e-07 0.00441734 0.127692 0.00029634 0.0139866 2.26759e-07 0.00491599 
0.00499145 9.54305e-05 1.4846e-05 0.00015896 0.00893564 0.00300497 0.00359876 9.67366e-06 0.0266205 0.123911 0.000231682 0.0197947 0.169314 0.00625292 0.325915 0.00492263 0.0113477 0.0280075 0.000289676 4.22732e-05 0.262541 
0.000792959 0.0277992 3.59989e-05 7.86947e-05 0.00880632 0.00203764 0.23511 6.56426e-06 0.0227102 0.00776633 3.13377e-05 8.35015e-06 0.0338111 0.620962 1.26819e-05 0.000145387 0.00690692 0.00131682 0.000894926 0.0306724 9.40726e-05 
4.79878e-05 0.133508 3.60308e-05 1.55039e-05 5.20213e-09 0.0940146 0.0537854 1.61674e-09 0.404169 0.0103353 1.04737e-08 9.75794e-09 0.0395928 0.264468 1.03891e-05 2.70722e-09 1.77847e-06 5.06623e-06 7.70517e-06 1.05294e-08 2.62936e-06 
0.00651151 0.0797479 0.000776941 0.00311041 0.00412413 0.0266898 0.0390591 3.7402e-08 0.162594 0.211625 0.00044535 4.48225e-08 0.0652254 0.208215 0.0757744 0.0476575 0.0627388 0.000719229 0.000235127 8.1237e-08 0.00475032 
0.103088 0.0189418 1.94407e-05 5.34578e-06 0.000270813 0.00413554 5.75595e-06 7.76122e-09 0.432289 0.0249261 5.02794e-08 2.99376e-06 0.00336696 0.407572 7.94033e-08 2.36062e-06 0.00364959 9.77786e-07 3.81351e-08 5.05468e-08 0.00172312 
1.88921e-08 0.000290287 0.0170005 1.27663e-11 2.83755e-08 0.00164764 0.00800983 3.51658e-12 0.00923807 0.0104403 2.27814e-11 2.12245e-11 0.00552316 4.53581e-08 3.59773e-11 1.5128e-05 0.947504 2.94373e-06 1.72788e-11 2.29025e-11 0.000328063 
0.00135542 0.00027877 4.40374e-08 2.54933e-08 2.25954e-08 0.000136917 0.00166398 7.02233e-09 0.000314034 0.000693649 4.54927e-08 4.23836e-08 0.00049864 0.991135 7.18439e-08 0.00074317 0.000225953 1.11595e-08 5.17912e-05 4.57346e-08 0.00290252 
0.0339066 0.00267962 0.000142047 2.0054e-06 0.0146602 0.000172813 0.000102369 5.52402e-07 0.0550109 0.881337 3.57862e-06 3.33405e-06 0.00764501 0.000405244 5.6515e-06 0.000189123 0.00185874 4.89553e-05 5.22435e-05 3.59765e-06 0.00177073 
0.110526 0.0184707 7.47966e-10 4.32998e-10 1.53895e-07 0.007909 0.189385 1.19273e-10 0.0202738 1.17815e-05 7.72683e-10 7.19876e-10 8.46929e-06 0.348481 1.22025e-09 0.0189464 3.83776e-06 1.89541e-10 8.79663e-07 1.94276e-06 0.285981 
0.00163951 0.000138469 1.15055e-05 0.000103288 1.27935e-07 0.0574725 0.000847366 1.77699e-10 0.00312888 0.221374 2.74676e-07 1.85918e-05 0.00145036 0.200405 1.818e-09 0.000353432 0.00456902 0.00013524 0.000523627 0.000329009 0.507499 
3.0049e-05 6.6263e-05 4.82292e-05 5.30923e-05 0.00487128 0.00536169 0.00795273 4.64831e-08 0.0108636 0.0080807 3.16081e-05 2.80551e-07 0.00932848 0.919154 2.3176e-05 0.000573417 0.0324381 1.7915e-05 0.00106399 3.02732e-07 4.14866e-05 
1.45029e-06 0.0133729 1.35492e-07 1.35127e-05 3.09502e-10 0.00126821 1.89357e-06 9.61888e-11 0.0360165 0.0268349 6.97356e-07 3.79231e-07 5.09829e-07 0.904958 9.84086e-10 2.23153e-06 0.0175004 2.50762e-05 4.80403e-07 7.7307e-07 1.77771e-06 
2.7606e-06 3.47032e-06 8.2889e-06 5.16499e-09 3.57614e-07 0.00123249 0.0438206 1.42274e-09 0.524665 0.032144 9.2169e-09 8.587e-09 8.16439e-06 0.376876 1.45557e-08 4.08523e-06 0.0211731 5.62021e-05 6.99067e-09 9.26592e-09 5.38241e-06 
8.29031e-07 0.0900725 3.52533e-09 2.04082e-09 0.13096 1.84398e-05 5.72827e-06 5.62159e-10 0.584843 0.00446903 3.64183e-09 3.39294e-09 0.0207265 0.163301 4.7818e-06 6.61538e-06 1.09351e-05 8.93349e-10 3.55655e-07 3.6612e-09 0.00557984 
0.00149425 0.00128033 3.02987e-05 7.02007e-06 6.06609e-09 2.85999e-07 0.00028549 1.88525e-09 0.000383731 0.0330629 1.22132e-08 1.06112e-05 0.00200152 0.359155 1.92876e-08 4.87836e-06 0.00180009 1.6115e-06 0.00116948 5.1886e-07 0.599312 
7.75488e-10 1.21248e-05 0.0027874 2.78401e-05 0.000344333 0.0120586 0.0075491 4.99059e-11 0.932402 0.00175078 0.000173493 1.53188e-06 0.00252351 0.00046227 5.10576e-10 0.00270093 0.0363373 3.94776e-05 9.90239e-07 5.01246e-08 0.000828009 
0.0107829 0.00110479 3.01723e-07 8.35762e-05 0.824545 1.75154e-05 6.19941e-08 4.81137e-08 0.0252845 0.0179375 3.11694e-07 2.90392e-07 0.088761 0.0144704 4.9224e-07 0.00394161 0.00331483 7.64593e-08 0.00536703 0.00267057 0.00171768 
0.00482632 0.0750603 6.68114e-07 2.44314e-10 5.30028e-06 0.0106972 0.00433641 6.72982e-11 0.156972 0.0271344 4.35977e-10 1.90812e-07 0.0565267 0.583282 6.88513e-10 2.0647e-06 0.0170192 1.12906e-07 0.0457337 8.22396e-08 0.0184031 
0.00387749 0.00140902 1.36134e-07 0.00108061 0.00234274 0.242909 0.0071087 5.20611e-12 0.0392438 9.77374e-07 1.09654e-07 6.95646e-08 0.0126025 0.349296 5.32626e-11 0.0195783 0.314141 0.000809058 0.00177616 0.00382206 1.87285e-06 
0.000105002 8.05036e-06 5.21366e-07 1.34175e-06 0.00484874 1.28675e-05 4.76222e-07 8.31386e-08 4.79732e-05 0.000449275 5.38596e-07 5.01787e-07 0.000246132 0.923206 8.50572e-07 1.39215e-07 0.00390069 1.32119e-07 4.08505e-07 6.85736e-05 0.0671016 
0.00350472 1.11781e-06 3.02734e-09 1.75253e-09 0.0177747 9.27888e-07 4.33102e-06 4.82748e-10 0.000176763 0.095623 3.12738e-09 2.91365e-09 0.0577119 0.00590606 0.812092 0.00634041 2.1358e-07 7.67153e-10 2.372e-09 1.13529e-06 0.000862511 
0.00840663 0.0223184 0.000923674 0.00161183 0.0136915 0.0120782 0.054161 0.00029392 0.0503481 0.103844 0.0681483 0.0489811 0.00532405 0.44464 0.0367236 0.00247682 0.09425 0.00340839 0.00128341 0.00274797 0.0243382 
0.0241775 0.0257293 0.0261097 9.34665e-07 0.00915127 0.00668928 0.00149111 2.64463e-07 0.0546023 0.223582 0.00344709 3.71831e-06 0.0151811 0.0416225 6.21717e-06 0.00958973 0.0146049 3.6327e-05 0.517543 4.14165e-06 0.0264283 
0.00149425 0.00128033 3.02987e-05 7.02007e-06 6.06609e-09 2.85999e-07 0.00028549 1.88525e-09 0.000383731 0.0330629 1.22132e-08 1.06112e-05 0.00200152 0.359155 1.92876e-08 4.87836e-06 0.00180009 1.6115e-06 0.00116948 5.1886e-07 0.599312 
0.00167425 0.0980518 0.0466788 3.85196e-05 0.000105283 0.0017838 0.000116852 7.92869e-08 0.040942 0.00682462 1.325e-07 1.23445e-07 0.0069768 0.783958 2.0925e-07 0.000883044 0.00715944 0.00048725 9.60724e-05 1.33205e-07 0.00422252 
0.000251022 0.00146816 2.8099e-07 4.22099e-08 0.00325543 0.000167824 0.000506443 1.03195e-10 0.0111786 0.00917845 0.000126241 7.53802e-05 6.75768e-07 0.891331 9.11831e-05 6.42079e-05 0.000655137 0.001149 0.000137073 6.72082e-10 0.0803644 
1.20367e-07 3.33894e-05 5.39224e-10 2.51718e-06 1.04253e-07 0.0438546 0.0270777 8.59862e-11 0.0639043 0.536961 1.0696e-05 5.18974e-10 0.290753 0.0121458 8.79705e-10 5.01879e-07 0.019293 7.6108e-07 0.00196422 0.00399778 1.81051e-10 
4.97743e-07 0.100415 2.05565e-07 0.000138173 5.44905e-07 1.58382e-06 0.000516953 7.34331e-08 0.297884 0.0809958 3.53118e-05 4.10949e-05 9.81987e-06 0.297559 4.32697e-05 1.4238e-06 0.00300538 0.036666 0.182637 4.63073e-05 2.1488e-06 
3.00714e-05 0.000193181 1.22517e-05 0.000109106 0.000234625 0.00147983 0.0421078 6.35505e-06 0.0339858 0.840024 9.82453e-05 6.67631e-06 0.000380418 0.00055867 9.80896e-06 0.043981 0.0102391 6.44906e-05 0.000815201 3.06384e-05 0.0256326 
0.00279644 0.000161497 3.18279e-05 0.000143629 0.00100731 0.0407954 0.0416552 9.49618e-09 0.671199 0.00214506 0.00291639 2.71775e-06 0.121191 0.00440687 9.71532e-08 0.000226316 0.107584 5.4315e-05 0.000116097 9.60445e-06 0.00355706 
2.32651e-07 0.00192546 9.19552e-05 1.9206e-05 5.47304e-11 0.170395 0.00644088 1.70094e-11 0.0241858 0.0135558 1.10192e-10 1.02661e-10 0.419024 8.64834e-07 1.74019e-10 0.022876 0.341483 1.84242e-06 8.35763e-11 1.10778e-10 3.58147e-11 
0.00741124 0.0122867 2.08734e-07 1.20837e-07 0.035938 0.000863882 4.2888e-08 3.32854e-08 0.00853762 0.0439161 2.15632e-07 2.46057e-05 0.0001379 0.810796 3.40535e-07 0.000300231 0.00861226 1.8095e-05 0.0139654 0.00268961 0.0545015 
0.00515134 0.0128641 8.87196e-05 0.0004063 0.0265268 0.0229535 0.223368 7.57861e-06 0.0728744 0.053959 0.0004344 0.052454 0.0389934 0.373175 9.98331e-06 0.0245002 0.0807566 0.00199221 0.000114065 0.0073726 0.00199783 
1.23948e-05 0.0208917 7.87067e-08 7.8292e-06 0.0392347 0.0273368 0.2123 1.25508e-08 0.0592376 0.0171079 0.00288562 7.5751e-08 0.0490414 0.551726 1.28404e-07 3.3089e-05 0.0170605 0.00176825 1.44675e-05 0.000382588 0.000959332 
0.000340043 0.00584941 5.54177e-06 0.000710252 0.000306451 0.0018925 0.0637956 3.06175e-06 0.423023 0.00595041 0.00124774 0.000222813 0.0620234 0.0269465 0.000171458 0.0246326 0.0133573 0.000241378 0.000260188 0.000379646 0.368641 
6.08431e-06 0.507293 2.32167e-09 1.20975e-05 0.0160927 1.0699e-05 0.118091 3.70221e-10 0.242838 2.81703e-06 2.3984e-09 2.23449e-09 3.43579e-05 0.00633765 3.78765e-09 6.19932e-10 0.109276 2.00092e-06 1.27519e-06 2.41115e-09 2.65118e-06 
0.00335676 0.000346781 0.00107513 4.37582e-05 0.0041604 0.0116427 0.0973581 7.83852e-07 0.0597441 0.100955 0.000682404 0.00407015 0.337826 0.00114275 0.00912555 0.314313 0.0135988 3.45552e-06 0.00036264 0.000525268 0.0396662 
0.00670658 0.0328245 0.000171014 0.000173957 0.00171817 0.0055806 0.00552997 7.02204e-11 0.0989861 0.155803 0.047959 3.55332e-07 0.0829866 0.367856 7.18409e-10 1.17583e-10 0.14707 0.00072868 0.00024342 8.73642e-07 0.045662 
0.0392026 0.0060151 3.6206e-05 3.34227e-07 0.0250294 7.11794e-05 0.00366793 9.20655e-08 0.074634 0.137156 0.00650067 5.55666e-07 0.00618767 0.0590597 0.614432 0.00251153 7.92923e-05 1.46305e-07 0.00970926 5.99599e-07 0.015705 
4.32922e-05 0.00541601 1.69314e-09 2.32654e-06 0.000194114 0.0419076 0.00102179 2.69994e-10 0.0114579 0.0531095 3.93514e-06 1.62956e-09 0.00651632 0.623146 6.01602e-05 0.0929326 0.0366716 2.17024e-07 0.0619797 1.7584e-09 0.0655365 
0.0351288 0.0103501 0.000423597 0.000344133 0.0282959 0.298101 0.0164688 1.30064e-05 0.0287 0.198962 0.000966225 0.000187112 0.172218 0.000555848 0.000345972 0.186379 0.0118674 0.00178891 0.000540317 0.000125478 0.0082387 
0.0350401 0.0985761 5.06286e-08 2.9309e-08 0.0496875 0.00138385 0.000108679 8.07339e-09 1.76065e-05 0.000451563 5.23017e-08 4.87273e-08 0.00131012 0.736749 8.2597e-08 0.00190838 0.0703619 0.00328903 0.000751933 5.25799e-08 0.00036433 
0.000985212 7.79456e-05 1.13093e-08 6.54696e-09 0.00627809 0.0501765 0.00568843 1.80341e-09 0.00938012 0.0169735 0.000327147 1.08846e-08 0.000215156 0.791019 0.00010064 0.0583462 6.49933e-05 2.86587e-09 6.8891e-05 1.17451e-08 0.0602979 
1.09083e-07 0.00014855 9.34389e-05 2.74723e-07 2.43495e-07 0.000145305 0.00012289 7.56746e-08 0.000552514 0.000239639 0.00171912 4.56738e-07 0.000485089 0.984503 7.7421e-07 0.000230629 0.0113753 0.000142053 3.7183e-07 4.92849e-07 0.000239466 
0.0305063 0.00870729 5.05703e-05 0.000100041 8.29209e-08 0.00325385 0.038336 2.57706e-08 0.11051 0.0216012 1.94926e-06 1.5554e-07 0.00160965 0.762147 2.63653e-07 0.0209791 0.00168632 5.14169e-06 1.59253e-05 1.67837e-07 0.000488632 
0.011318 0.020308 0.000309335 0.00573924 0.0105404 0.0414155 0.0479535 0.000230224 0.0387502 0.477081 0.000861351 0.00143957 0.0967037 0.01577 0.00156919 0.0373357 0.0885367 0.0029026 0.0493658 0.00032989 0.0515405 
1.28025e-07 0.00230136 7.14724e-11 4.13755e-11 0.000122413 0.0151893 0.000614338 1.13972e-11 0.0247439 0.0520621 5.59858e-07 1.04701e-07 0.504361 0.000670896 5.19408e-07 0.180347 0.1804 1.81117e-11 6.46432e-07 2.2439e-07 0.0391855 
1.20367e-07 3.33894e-05 5.39224e-10 2.51718e-06 1.04253e-07 0.0438546 0.0270777 8.59862e-11 0.0639043 0.536961 1.0696e-05 5.18974e-10 0.290753 0.0121458 8.79705e-10 5.01879e-07 0.019293 7.6108e-07 0.00196422 0.00399778 1.81051e-10 
5.57441e-10 0.000173003 2.42511e-09 2.94958e-06 1.25676e-07 3.96381e-06 4.98777e-07 3.86715e-10 1.3835e-05 5.42428e-06 4.76249e-06 1.63616e-06 1.2446e-05 0.996197 3.95639e-09 1.05557e-05 0.00357242 9.83883e-07 1.90014e-09 2.51857e-09 8.1426e-10 
1.20367e-07 3.33894e-05 5.39224e-10 2.51718e-06 1.04253e-07 0.0438546 0.0270777 8.59862e-11 0.0639043 0.536961 1.0696e-05 5.18974e-10 0.290753 0.0121458 8.79705e-10 5.01879e-07 0.019293 7.6108e-07 0.00196422 0.00399778 1.81051e-10 
0.0106452 0.000877711 1.88354e-10 1.09038e-10 9.66436e-11 0.0172815 4.89159e-05 3.00354e-11 0.0475164 0.0430254 1.94578e-10 5.6541e-07 0.048467 0.279768 3.07285e-10 0.0115179 0.0293635 0.00284245 0.502482 1.20597e-06 0.00616237 
6.67956e-05 0.0509641 7.68959e-11 6.23655e-08 7.89492e-08 0.112922 0.0240412 1.2262e-11 0.405076 0.0701874 1.59669e-08 7.40082e-11 9.46912e-07 0.0722497 1.2545e-10 0.0207706 0.240424 0.000852073 0.00244461 8.0658e-09 2.58187e-11 
7.21611e-06 5.78972e-06 2.38006e-10 3.05889e-06 8.79387e-07 0.00203465 0.0363078 3.79531e-11 0.0134346 7.0812e-07 2.45871e-10 1.14763e-07 1.65124e-06 0.947707 3.8829e-10 1.0741e-06 1.08144e-06 1.10981e-06 0.000488403 2.47179e-10 4.97869e-06 
0.99564 0.000793462 1.62612e-05 0.000427793 0.00012861 2.80012e-05 0.000174577 2.59306e-06 0.000308971 9.85696e-05 1.67986e-05 1.56505e-05 0.000228062 0.000851814 2.6529e-05 0.00015125 0.000149055 4.12073e-06 0.000234656 1.68879e-05 0.000686439 
0.00120613 0.00849817 4.80161e-06 3.64732e-07 0.000151466 0.00874275 0.00101374 1.00468e-07 0.14414 0.00861126 7.48409e-05 6.06381e-07 0.00688572 0.759995 1.02787e-06 0.0257198 0.00335969 1.59658e-07 4.04521e-05 0.000142365 0.0314113 
0.0812078 0.0147876 4.53238e-05 0.000933889 0.0481125 0.00414682 0.0988512 3.81108e-05 0.0156782 0.0373437 0.000196119 0.000159804 0.250801 0.0206412 0.0923448 0.0327692 0.0652236 5.05068e-05 0.00111056 5.3871e-05 0.235505 
0.0042394 0.0100703 9.01902e-06 9.45179e-06 0.00215768 0.0140181 0.063265 1.17142e-07 0.0854189 0.0660109 8.90954e-06 7.92633e-06 0.00418964 0.00161688 1.19845e-06 0.736198 0.012389 1.41319e-05 1.13554e-05 0.000349397 1.42871e-05 
6.75464e-05 0.00237866 0.00143225 0.00420428 1.50789e-07 0.0104119 0.056784 6.53972e-09 0.0153281 0.805489 2.44086e-07 0.0311304 1.75767e-07 0.0658483 7.03628e-06 0.00072286 1.46495e-07 0.00539567 0.000222445 1.47075e-08 0.000576499 
0.0048805 0.0615596 8.57046e-08 4.96145e-08 0.00152077 0.00636558 0.0159495 1.36667e-08 0.0496049 0.0469308 0.00375155 8.24861e-08 0.66509 0.00230384 1.39821e-07 0.11685 0.0219853 2.17183e-08 6.71519e-08 3.49664e-06 0.00320377 
6.38248e-07 0.00582831 2.77666e-06 1.60741e-06 0.000456437 0.00191561 0.00075067 4.42774e-07 0.00306816 0.000110223 2.86841e-06 2.67238e-06 0.00118192 0.943417 4.52992e-06 9.54581e-05 0.0426765 7.03629e-07 0.000403747 7.85755e-05 9.32296e-07 
0.021011 0.00412482 0.00426394 4.87635e-06 0.000298312 0.000301973 0.265338 3.26368e-09 0.0668111 0.0785244 5.43062e-06 1.87382e-06 0.118717 0.00778433 1.15189e-06 1.753e-05 0.164597 5.08533e-05 0.0583217 2.12555e-08 0.209825 
5.15468e-05 5.76424e-05 8.16192e-09 0.000210358 1.65423e-05 0.00124326 0.00115469 1.30152e-09 0.0162957 0.0148163 8.43164e-09 7.85541e-09 0.000176168 0.963826 6.38657e-05 3.29531e-05 0.00202017 2.19457e-06 6.39508e-09 5.99879e-06 2.69039e-05 
1.49851e-07 0.0420952 8.13877e-10 2.59181e-06 0.0180958 0.055941 1.97342e-06 1.29783e-10 0.192175 1.37392e-06 8.49182e-08 7.83312e-10 1.44763e-06 0.291336 1.32778e-09 0.00547871 0.00925332 2.06243e-10 0.226725 0.0037396 0.155153 
0.0048805 0.0615596 8.57046e-08 4.96145e-08 0.00152077 0.00636558 0.0159495 1.36667e-08 0.0496049 0.0469308 0.00375155 8.24861e-08 0.66509 0.00230384 1.39821e-07 0.11685 0.0219853 2.17183e-08 6.71519e-08 3.49664e-06 0.00320377 
0.00600904 0.00512642 7.83948e-08 0.000219323 0.000117341 0.000137446 0.000176394 1.25011e-08 0.000886291 0.00294586 9.96427e-05 7.54507e-08 0.0031499 0.961072 1.27895e-07 2.09329e-08 0.00993621 0.000246713 6.14244e-08 8.14161e-08 0.00987676 
0.0950294 0.0368318 8.59038e-05 0.000312592 0.0285999 0.0673059 0.0813411 7.52482e-05 0.155181 0.0415439 0.000952786 0.00131758 0.162266 0.159551 0.00839608 0.0142681 0.0293921 0.0525108 0.062227 0.000515353 0.00229665 
1.57891e-07 1.56323e-05 5.86489e-07 2.56128e-07 0.00191652 0.00654861 0.0014047 1.25061e-10 2.51582e-07 0.447588 0.000115223 7.49401e-05 0.265603 7.6387e-07 0.172603 0.102835 2.97763e-07 1.9874e-10 4.19252e-05 8.14491e-10 0.00125197 
4.27393e-05 8.22577e-05 1.18896e-07 6.88291e-08 0.000755854 0.00033844 0.000678748 1.89595e-08 0.0151885 0.0011472 0.00294413 1.54948e-05 0.00610989 0.963271 8.32167e-05 0.0081494 0.000164888 3.56474e-05 7.40397e-06 0.000202581 0.000782065 
4.34108e-05 0.00490628 0.000463456 0.000120306 0.000180575 0.0026716 0.0146149 2.1349e-06 0.0205492 0.0129183 0.00027059 0.00367528 0.00148705 0.92764 0.000132488 0.000243602 0.00834238 0.000970016 4.35272e-05 5.71468e-05 0.000667405 
0.00350472 1.11781e-06 3.02734e-09 1.75253e-09 0.0177747 9.27888e-07 4.33102e-06 4.82748e-10 0.000176763 0.095623 3.12738e-09 2.91365e-09 0.0577119 0.00590606 0.812092 0.00634041 2.1358e-07 7.67153e-10 2.372e-09 1.13529e-06 0.000862511 
0.00195241 0.00187499 0.00202168 0.00229321 0.00135798 0.00515015 0.00335335 4.79138e-05 0.0149789 0.838254 6.53025e-05 0.000222383 0.0102756 0.0108805 0.00319496 0.000185479 0.00469609 0.0915732 7.27731e-05 0.00229997 0.00524963 
0.00135542 0.00027877 4.40374e-08 2.54933e-08 2.25954e-08 0.000136917 0.00166398 7.02233e-09 0.000314034 0.000693649 4.54927e-08 4.23836e-08 0.00049864 0.991135 7.18439e-08 0.00074317 0.000225953 1.11595e-08 5.17912e-05 4.57346e-08 0.00290252 
0.000417958 0.000122923 3.86533e-10 0.000112023 0.0405918 0.00188109 1.35659e-08 6.16377e-11 0.00676739 0.0239911 3.91641e-07 4.33188e-06 0.0166975 1.90112e-05 0.901419 0.00506869 0.000461484 0.000138114 4.58903e-07 9.08771e-06 0.00229797 
0.00195048 0.0098577 3.02961e-07 4.06392e-05 0.000421111 2.42602e-06 0.000342224 4.8311e-08 0.00393723 0.00439953 3.12972e-07 2.91583e-07 0.0221525 0.042696 4.94259e-07 0.0132504 0.00283467 0.834593 1.85083e-06 3.14637e-07 0.0635188 
