0.00390083 0.0446765 4.56008e-12 0.0172835 2.33976e-12 0.00340445 3.42422e-07 0.9159 0.00171261 0.00444328 4.71078e-12 4.38883e-12 8.24839e-08 0.000668984 7.43945e-12 3.25573e-08 0.00689162 0.000174252 0.000743158 4.73583e-12 0.000200511 
0.00657031 0.0298283 1.49769e-05 0.0529468 0.000286578 0.00713045 0.00162874 0.846829 0.00358819 0.00109189 7.42076e-11 2.96375e-08 0.00361224 0.000598168 1.859e-10 0.00389352 0.0408439 6.10615e-05 0.000567312 5.68322e-05 0.000452123 
0.00390083 0.0446765 4.56008e-12 0.0172835 2.33976e-12 0.00340445 3.42422e-07 0.9159 0.00171261 0.00444328 4.71078e-12 4.38883e-12 8.24839e-08 0.000668984 7.43945e-12 3.25573e-08 0.00689162 0.000174252 0.000743158 4.73583e-12 0.000200511 
0.00403982 0.0128917 5.57067e-05 0.193505 8.959e-06 0.00137555 0.000421055 0.780227 0.00249703 0.000327679 1.53113e-10 7.07909e-10 0.00168109 0.000518782 2.26174e-12 2.82121e-06 0.00227936 1.60728e-08 3.69156e-05 1.43978e-12 0.000131119 
0.0173546 0.151201 0.000175164 0.300658 0.00102242 0.000602699 0.00151902 0.452048 0.013512 0.0175925 4.26964e-07 4.0782e-08 0.00409865 0.0283847 5.40481e-10 0.000157999 0.00913614 3.56641e-05 0.000249916 3.44061e-10 0.0022506 
0.00929072 0.0538556 3.46474e-08 0.000853345 0.000813292 0.00762037 0.00190503 0.739206 0.00273208 0.0013258 8.99962e-13 2.57549e-10 0.00489556 0.000255676 3.69677e-10 0.021273 0.153207 1.48372e-05 0.00127253 0.000374979 0.00110448 
0.0761483 0.186468 4.68091e-11 5.96422e-08 2.40176e-11 7.59336e-08 9.61771e-12 0.737383 7.78926e-08 7.90635e-09 4.83559e-11 4.50512e-11 6.35512e-12 8.82432e-08 7.63657e-11 1.24989e-11 3.27207e-12 1.19804e-09 8.80595e-08 4.86131e-11 1.57167e-11 
0.0305894 0.134143 0.00182005 0.00174659 0.00479182 0.00905382 0.00303973 0.67761 0.024616 0.0391678 0.000102971 0.0058789 0.00590975 0.0156622 5.35823e-07 0.00268288 0.0378973 0.000295193 0.000969443 0.00300775 0.00101503 
0.00929072 0.0538556 3.46474e-08 0.000853345 0.000813292 0.00762037 0.00190503 0.739206 0.00273208 0.0013258 8.99962e-13 2.57549e-10 0.00489556 0.000255676 3.69677e-10 0.021273 0.153207 1.48372e-05 0.00127253 0.000374979 0.00110448 
0.0233067 0.184672 0.000298108 0.244134 0.00139877 0.0110644 0.0117732 0.446159 0.0419954 0.00155257 3.07817e-07 6.287e-07 0.011365 0.00521381 4.95161e-08 0.00267283 0.0134731 3.17866e-05 9.59709e-05 2.22104e-05 0.00076959 
0.00929072 0.0538556 3.46474e-08 0.000853345 0.000813292 0.00762037 0.00190503 0.739206 0.00273208 0.0013258 8.99962e-13 2.57549e-10 0.00489556 0.000255676 3.69677e-10 0.021273 0.153207 1.48372e-05 0.00127253 0.000374979 0.00110448 
0.0271591 0.12906 1.79046e-08 0.00040649 0.00136179 0.00362889 0.00136166 0.427273 0.00736118 0.016812 7.56692e-12 5.18398e-10 0.0317632 0.000532237 1.11841e-09 0.0708708 0.171893 7.08793e-06 0.00215205 0.000178711 0.108179 
0.00753047 0.00772826 0.00336912 0.00186554 0.0124043 0.0913913 0.00433842 0.54012 0.021676 0.0759045 0.00225693 0.000278196 0.0927323 0.0003603 1.63408e-07 0.023965 0.0827524 0.000736802 0.00476051 1.63533e-07 0.0258289 
0.0124195 0.0839716 0.000295237 0.000365293 1.37512e-05 0.000228711 0.0264697 0.357566 0.309899 0.0109457 0.000533539 5.31794e-09 0.0333751 0.122846 9.01437e-09 1.8859e-05 0.0367084 0.000615942 0.00180653 0.00110545 0.000816841 
0.000853777 0.00280198 0.000123439 0.000101999 0.000275402 0.0129006 0.00505035 0.925052 0.00346014 0.00951127 0.000785176 5.84595e-07 0.00613988 7.26351e-06 7.61998e-08 0.0229345 0.00822048 7.37154e-07 5.23923e-05 3.55222e-07 0.00172802 
0.0791683 0.0980648 0.00177499 0.00696261 0.00312109 0.0331078 0.00386735 0.417078 0.0347472 0.0450412 0.0375925 6.82396e-06 0.0157618 0.0207196 6.07296e-05 0.0233773 0.0296318 0.0191876 0.00374245 0.124803 0.0021833 
0.00403982 0.0128917 5.57067e-05 0.193505 8.959e-06 0.00137555 0.000421055 0.780227 0.00249703 0.000327679 1.53113e-10 7.07909e-10 0.00168109 0.000518782 2.26174e-12 2.82121e-06 0.00227936 1.60728e-08 3.69156e-05 1.43978e-12 0.000131119 
0.0132914 0.0682596 3.1399e-06 0.00133254 2.7618e-05 0.0103578 0.000469694 0.830374 0.00501537 0.00674848 1.74446e-05 3.92451e-07 0.000612256 0.00323044 3.75772e-10 0.000319349 0.0554539 6.05636e-05 0.0031376 0.000828792 0.000459333 
0.00547642 0.152088 0.000382905 0.0126389 0.000694355 0.109688 0.0201899 0.539048 0.0693376 0.0135615 0.00100497 1.63455e-06 0.00644057 0.0156187 8.8111e-11 0.00645341 0.0421522 0.00170908 0.00135945 0.00012816 0.00202526 
0.0140974 0.14427 2.40414e-06 0.029456 0.000274319 0.00558598 0.000917894 0.708081 0.00369597 0.00624554 8.9998e-06 2.73214e-07 0.0018476 0.00430236 1.05972e-08 0.000386468 0.0656889 0.000531993 0.00968494 0.00297609 0.00194617 
0.0263797 0.223516 0.000133594 0.0739174 0.00689255 0.00458489 0.00857844 0.561619 0.0284081 0.00981888 0.00249117 3.20721e-06 0.0100833 0.00306308 8.36587e-05 0.00354832 0.0318211 4.07637e-05 0.000231352 8.69054e-05 0.00469825 
0.00841543 0.0772781 0.00161975 0.0194947 0.000380299 0.0306464 0.00468931 0.806913 0.0153099 0.00449177 3.27145e-05 8.0982e-06 0.00300841 0.00144748 2.46038e-06 0.00311752 0.0181159 6.96303e-05 0.000473953 3.87023e-05 0.00444668 
0.0137178 0.238492 1.00848e-05 0.000282637 0.0127467 0.0224163 0.000193981 0.530639 0.0156324 0.00137124 7.33407e-08 6.56629e-07 0.0296793 0.0197789 2.01625e-11 0.00192785 0.0983038 2.8806e-05 0.00448935 0.00410386 0.00618515 
3.40201e-05 1.68765e-05 7.05031e-06 7.21977e-06 4.4507e-05 1.86202e-05 6.57246e-06 0.998156 8.9835e-05 6.27138e-05 2.80019e-09 5.48113e-06 4.60386e-05 0.000147498 6.19546e-06 6.70233e-05 8.42994e-05 9.89195e-06 0.000999698 2.81508e-09 0.000190672 
0.00914277 0.0965063 1.78079e-05 0.00510073 0.00107759 0.0278497 0.00162666 0.789928 0.021839 0.0120005 0.000462939 3.47719e-07 0.00701433 0.00045649 5.78832e-09 0.00506693 0.0200296 4.61617e-05 0.000497228 7.99114e-05 0.00125726 
0.0392164 0.128901 2.94059e-08 0.00115039 0.00131456 0.00258835 0.00629143 0.28333 0.0354303 0.00499695 0.00712877 1.97887e-05 0.0467112 0.250569 1.16544e-11 0.00560036 0.151667 0.00047171 0.00133728 2.63717e-08 0.0332759 
0.0130341 0.123447 1.28095e-05 0.0256577 0.000635103 0.0158141 0.00346935 0.708069 0.0170179 0.00376074 0.000513919 1.87813e-06 0.00510064 0.0131056 1.69058e-09 0.00294897 0.0411295 4.17162e-05 0.00555966 0.0189303 0.00174962 
0.024328 0.205846 0.000412988 0.00168104 0.00125074 0.0313857 0.00493382 0.534641 0.0294237 0.0280177 0.00277575 4.24055e-06 0.026288 0.0167343 3.67213e-06 0.0162728 0.0713236 0.000187768 0.00109653 0.000572314 0.00281949 
0.0650953 0.246016 9.95671e-07 0.0101904 0.000480994 0.00772052 0.0157193 0.292613 0.0763939 0.0137098 2.68365e-05 6.93662e-07 0.00869916 0.00265607 1.15247e-11 0.00913454 0.20052 0.0226747 9.23037e-05 0.000465329 0.0277892 
0.220935 0.18976 0.00474948 0.000448886 0.00589772 0.0108715 0.00736909 0.410749 0.0164769 0.0285984 2.58217e-05 1.74042e-08 0.009228 0.0390481 7.70486e-10 0.000656378 0.0526549 1.2952e-05 8.09187e-05 0.00026473 0.00217192 
0.0172459 0.142456 1.28108e-05 8.94917e-05 0.0361803 0.00707343 0.0222973 0.463499 0.044146 0.0173642 0.000160016 6.45078e-08 0.0614568 1.82383e-07 1.27796e-05 0.130768 0.0505896 4.13391e-06 0.00559655 6.83356e-06 0.00104168 
0.0122358 0.0956031 0.000394939 4.96677e-05 4.84332e-05 0.000392107 7.6158e-05 0.858504 0.00385023 0.00189322 8.71818e-09 1.16913e-07 0.00190678 2.06544e-06 1.37681e-08 0.000325368 0.0228304 3.28085e-07 1.89313e-05 1.89964e-05 0.00184909 
0.0179478 0.0800409 1.00572e-06 0.0101093 0.000617872 0.00303285 0.00194672 0.834276 0.00378493 0.00383678 3.08931e-06 9.41592e-08 0.00349072 0.00249806 3.8126e-09 0.000253747 0.0311902 0.000182409 0.00367983 0.0010798 0.00202834 
0.027728 0.0903164 0.00110792 0.00434988 0.00298311 0.0802724 0.0106977 0.511872 0.0230388 0.0774705 0.000394806 2.5579e-06 0.0492669 0.0556362 5.05207e-07 0.00570989 0.0474563 0.00208507 0.000733749 0.00146806 0.00740934 
0.000249537 0.0142541 0.00041198 0.0881404 3.00341e-08 0.321267 0.0153733 0.367337 0.00186362 0.0648671 1.08067e-05 2.80987e-07 0.00191779 0.00442298 2.88713e-10 1.25631e-06 0.00122264 0.115368 0.00329225 2.12458e-07 4.22091e-07 
0.0191926 0.0151783 5.88417e-10 2.30879e-10 0.000755998 0.000253622 0.0020625 0.953291 0.00272981 0.000440777 2.48514e-12 2.3153e-12 0.00370415 0.000298597 3.92463e-12 2.36414e-05 0.00112451 6.0961e-13 9.15367e-06 6.05391e-09 0.000935265 
0.00929072 0.0538556 3.46474e-08 0.000853345 0.000813292 0.00762037 0.00190503 0.739206 0.00273208 0.0013258 8.99962e-13 2.57549e-10 0.00489556 0.000255676 3.69677e-10 0.021273 0.153207 1.48372e-05 0.00127253 0.000374979 0.00110448 
0.0118159 0.0652829 8.77967e-06 0.000649465 0.0032883 0.00140904 0.000498243 0.907168 0.00857338 0.000111171 1.87642e-05 4.32173e-10 0.000420591 0.000401497 4.46247e-12 4.16881e-05 0.000245528 5.50705e-07 5.16728e-05 2.37517e-09 1.44131e-05 
0.0132914 0.0682596 3.1399e-06 0.00133254 2.7618e-05 0.0103578 0.000469694 0.830374 0.00501537 0.00674848 1.74446e-05 3.92451e-07 0.000612256 0.00323044 3.75772e-10 0.000319349 0.0554539 6.05636e-05 0.0031376 0.000828792 0.000459333 
0.00219979 0.064831 2.25436e-06 0.047371 0.000168203 0.0450836 0.00247912 0.821904 0.0045603 0.000673541 3.19959e-05 2.00455e-08 0.00115594 0.000103879 2.69631e-12 0.000787568 0.00844709 5.46276e-05 0.000122521 1.74388e-09 2.34157e-05 
0.00693267 0.0731727 1.22037e-05 0.000712988 0.00208738 0.0236801 0.00210319 0.823321 0.00846956 0.00505486 3.08717e-05 1.51074e-06 0.00589036 0.002708 2.96758e-07 0.00449201 0.0353647 3.03706e-05 0.00360577 7.53653e-05 0.00225415 
0.00427528 0.120284 5.75863e-05 6.90566e-05 0.000251939 0.00176008 0.000296756 0.812168 0.00306302 0.00392787 1.93359e-05 4.84443e-07 0.00357411 0.0112193 4.97232e-11 9.37688e-05 0.0322594 3.3411e-05 0.00121597 0.00293264 0.00249792 
0.0132914 0.0682596 3.1399e-06 0.00133254 2.7618e-05 0.0103578 0.000469694 0.830374 0.00501537 0.00674848 1.74446e-05 3.92451e-07 0.000612256 0.00323044 3.75772e-10 0.000319349 0.0554539 6.05636e-05 0.0031376 0.000828792 0.000459333 
0.0124736 0.197836 0.00214516 0.0147382 0.00468243 0.0351637 0.0626632 0.298912 0.0432553 0.0698321 0.000511238 6.96636e-06 0.0742327 0.0232069 8.16763e-08 0.0370442 0.106176 0.000461451 0.000993674 0.00304071 0.0126244 
0.0170772 0.332404 0.000309722 0.00227733 0.00061461 0.0267892 0.00207301 0.413289 0.0195212 0.0148459 4.8517e-06 9.88344e-07 0.0206359 0.00560924 1.64248e-06 0.00128837 0.129957 5.018e-05 0.00368656 0.00393704 0.00562717 
0.0165377 0.0781582 0.00336969 0.0324731 0.00151361 0.0707837 0.0133572 0.618711 0.026045 0.0447397 0.00023697 1.72411e-06 0.018467 0.00890074 7.42406e-06 0.00549966 0.0531888 0.00179043 0.00104675 0.000717229 0.00445445 
0.0721502 0.0311302 3.19738e-06 0.0181605 0.000878714 0.0981352 0.00187431 0.259464 0.0676696 0.00460156 1.76045e-05 2.94968e-06 0.189701 0.0155719 7.54215e-07 0.0259672 0.199949 0.000447636 0.00787373 0.00173553 0.00466518 
0.016152 0.107147 0.00117749 0.0196548 0.00113756 0.0456852 0.0150841 0.621267 0.017102 0.0371857 0.0176124 5.51815e-05 0.00560724 0.0173763 7.35452e-08 0.00414186 0.0564996 0.00367947 0.00637536 0.000739906 0.00632 
0.00324755 0.324616 3.5929e-06 0.00276869 3.78547e-06 0.00405401 0.000530554 0.634007 0.00472942 0.000943249 0.000474757 1.45327e-07 0.00028092 0.00429231 8.23018e-11 0.000103953 0.0198914 5.67608e-06 3.13729e-05 4.20955e-07 1.4732e-05 
0.056224 0.0933559 0.0018657 0.000561952 0.009766 0.0546905 0.00614287 0.508527 0.163129 0.0245086 0.000779111 2.58889e-06 0.0205304 0.0142602 8.87994e-06 0.0135496 0.0273875 0.00039651 0.00016384 0.00250968 0.00164029 
0.0336143 0.184247 0.00522151 0.174991 0.00063037 0.0238015 0.0224482 0.431495 0.036439 0.00895358 8.4023e-05 2.28915e-07 0.0235817 0.00139124 1.51884e-09 4.36377e-05 0.0511376 4.65277e-05 0.000553619 1.78619e-08 0.00132065 
0.0129399 0.0576192 6.10235e-05 0.0124183 0.000684192 0.00491462 0.00187537 0.853043 0.00565794 0.00232684 7.36915e-05 2.00548e-07 0.00340352 0.0026501 5.63134e-09 0.00207811 0.0209519 6.59375e-05 0.00483301 0.0134441 0.000959459 
0.00390083 0.0446765 4.56008e-12 0.0172835 2.33976e-12 0.00340445 3.42422e-07 0.9159 0.00171261 0.00444328 4.71078e-12 4.38883e-12 8.24839e-08 0.000668984 7.43945e-12 3.25573e-08 0.00689162 0.000174252 0.000743158 4.73583e-12 0.000200511 
0.0191926 0.0151783 5.88417e-10 2.30879e-10 0.000755998 0.000253622 0.0020625 0.953291 0.00272981 0.000440777 2.48514e-12 2.3153e-12 0.00370415 0.000298597 3.92463e-12 2.36414e-05 0.00112451 6.0961e-13 9.15367e-06 6.05391e-09 0.000935265 
0.0140974 0.14427 2.40414e-06 0.029456 0.000274319 0.00558598 0.000917894 0.708081 0.00369597 0.00624554 8.9998e-06 2.73214e-07 0.0018476 0.00430236 1.05972e-08 0.000386468 0.0656889 0.000531993 0.00968494 0.00297609 0.00194617 
0.0044536 0.137966 9.17144e-07 1.30657e-05 0.000272991 0.00491711 0.000129156 0.842462 0.00718284 7.20812e-06 0.000237292 1.39077e-09 0.000196618 1.40525e-06 2.90267e-12 0.00190004 2.38725e-05 2.76385e-05 0.000193769 1.84779e-12 1.52287e-05 
0.0191926 0.0151783 5.88417e-10 2.30879e-10 0.000755998 0.000253622 0.0020625 0.953291 0.00272981 0.000440777 2.48514e-12 2.3153e-12 0.00370415 0.000298597 3.92463e-12 2.36414e-05 0.00112451 6.0961e-13 9.15367e-06 6.05391e-09 0.000935265 
0.00635388 0.0431382 2.32318e-08 0.000601686 0.000542204 0.00509014 0.00127003 0.818618 0.00190313 0.000883871 8.35072e-13 2.14063e-10 0.00326371 0.000170454 2.92383e-10 0.0141821 0.102138 9.89262e-06 0.000848376 0.000249992 0.000736326 
0.0205982 0.2904 4.03185e-06 0.00687614 0.000320036 0.00638479 0.000821518 0.639317 0.00382185 0.00252658 2.77233e-06 3.56094e-07 0.00188552 0.000512402 4.4524e-09 9.14936e-05 0.0233596 0.000496283 0.00181597 0.000351617 0.000413991 
0.00704813 0.0623129 0.00807265 0.00668233 0.019588 0.0396881 0.00666975 0.637528 0.0162014 0.0207456 0.00382762 0.00011263 0.0225844 0.0374405 1.01332e-06 0.00256302 0.0519074 0.000360392 0.00552858 9.57984e-05 0.0510412 
3.40201e-05 1.68765e-05 7.05031e-06 7.21977e-06 4.4507e-05 1.86202e-05 6.57246e-06 0.998156 8.9835e-05 6.27138e-05 2.80019e-09 5.48113e-06 4.60386e-05 0.000147498 6.19546e-06 6.70233e-05 8.42994e-05 9.89195e-06 0.000999698 2.81508e-09 0.000190672 
0.037357 0.028644 1.28833e-06 0.000199339 0.000907405 0.0010446 0.00436637 0.863882 0.0107019 0.00351193 3.19496e-12 4.18411e-10 0.00855806 0.00135684 5.04562e-12 0.0001156 0.0347586 2.55462e-06 6.08847e-05 8.77168e-07 0.00453046 
0.00402363 0.00635872 8.84037e-05 0.0130998 0.000445883 0.0031742 0.0033848 0.906872 0.00342862 0.0258379 0.000819082 7.04932e-07 0.0104495 0.000401092 1.18486e-07 0.00498837 0.0152856 3.8375e-05 4.60582e-05 3.62308e-05 0.00122091 
0.00028809 0.0147339 1.85536e-05 5.59534e-06 0.000308313 0.00177676 0.000475122 0.918554 0.00284909 0.00596409 4.76708e-08 8.39669e-12 1.64069e-07 2.54729e-05 1.02319e-09 2.08611e-05 0.050189 8.58274e-08 2.65054e-08 0.00171418 0.00307651 
0.022269 0.212241 4.90798e-11 2.08772e-07 0.00291026 0.00574552 0.00034164 0.674656 0.0770474 0.000280946 4.9728e-07 4.72366e-11 0.00436146 1.21726e-11 8.00702e-11 0.000130456 1.04663e-07 1.49182e-05 2.19731e-08 5.09713e-11 3.48756e-07 
0.0651809 0.158651 4.89054e-07 0.0194411 0.0928023 0.0769946 2.28459e-07 0.215401 0.0317669 3.13786e-05 0.0290142 4.32706e-05 0.00398344 0.0469161 7.21475e-11 0.000141472 0.050166 0.12515 0.0833117 4.59279e-11 0.00100398 
0.0144612 0.098411 9.37013e-05 0.117621 0.00303373 0.000960816 0.000369844 0.746679 0.0134421 0.000989321 1.36508e-06 7.98444e-10 0.000845004 0.000936144 3.25641e-09 6.9527e-05 0.00150092 7.71259e-05 2.58022e-05 0.000380228 0.000102293 
0.000585393 0.00304291 8.14408e-05 7.80051e-05 0.000332578 0.0058948 0.00172441 0.919852 0.00228675 0.0077065 8.68618e-05 5.0419e-07 0.0166102 3.038e-05 2.75623e-07 0.00917622 0.0174951 7.63665e-06 0.0114694 2.10463e-06 0.00353689 
0.0116795 0.0404003 9.40233e-05 0.00286843 0.000230121 0.00184797 0.00525091 0.785144 0.0244888 0.0277596 4.44399e-08 6.99391e-05 0.00716206 0.00872238 3.81537e-05 0.00648673 0.0234241 0.000160004 0.000611475 1.88713e-05 0.0535423 
0.00531102 0.0500963 1.41444e-06 0.00183232 1.8009e-05 0.00258762 0.00096265 0.810488 0.00356234 0.00865401 0.023437 8.04099e-06 0.00089521 0.0183459 9.36047e-12 0.000611719 0.0519157 0.000344987 0.0199737 0.000250304 0.000704034 
0.0391786 0.173543 1.39036e-05 0.00730261 0.000721636 0.0133497 0.00133141 0.334019 0.0229083 0.0042513 0.00132671 5.75288e-06 0.0101445 0.0328714 2.49497e-11 0.000602975 0.0750346 0.000283991 0.00110721 0.280356 0.00164749 
0.0703812 0.21854 7.6958e-06 0.00106875 0.00120335 0.0163771 0.0120522 0.445796 0.0429764 0.00597716 4.91776e-06 5.84638e-07 0.0265426 0.0119302 1.02045e-10 0.00145736 0.108327 6.76536e-06 0.0017605 0.0318792 0.00371122 
0.0044536 0.137966 9.17144e-07 1.30657e-05 0.000272991 0.00491711 0.000129156 0.842462 0.00718284 7.20812e-06 0.000237292 1.39077e-09 0.000196618 1.40525e-06 2.90267e-12 0.00190004 2.38725e-05 2.76385e-05 0.000193769 1.84779e-12 1.52287e-05 
0.0174205 0.112755 0.0148669 0.00938962 0.00943026 0.233629 0.0485945 0.294155 0.0166748 0.029495 0.000319036 7.35237e-08 0.0556576 0.00932479 4.09042e-11 0.0363414 0.0441121 0.00406679 0.00291826 0.000127688 0.0607219 
0.0140974 0.14427 2.40414e-06 0.029456 0.000274319 0.00558598 0.000917894 0.708081 0.00369597 0.00624554 8.9998e-06 2.73214e-07 0.0018476 0.00430236 1.05972e-08 0.000386468 0.0656889 0.000531993 0.00968494 0.00297609 0.00194617 
0.00168301 0.0229945 6.81689e-12 0.000414527 4.52545e-07 7.97016e-09 0.000120421 0.970022 0.00413805 0.000128544 8.42129e-09 3.69786e-10 7.06568e-05 0.000154904 1.18669e-09 0.00011414 4.39465e-05 4.6623e-07 4.60619e-06 2.17417e-05 8.83813e-05 
0.0158814 0.152091 1.36091e-07 0.000336093 0.00161063 0.0841865 0.00575119 0.599361 0.0997497 0.000637018 8.26238e-05 2.5953e-08 0.0282621 0.00456694 1.84235e-09 0.00411334 0.00143263 2.04787e-05 0.000355528 4.92212e-07 0.00156143 
0.00403982 0.0128917 5.57067e-05 0.193505 8.959e-06 0.00137555 0.000421055 0.780227 0.00249703 0.000327679 1.53113e-10 7.07909e-10 0.00168109 0.000518782 2.26174e-12 2.82121e-06 0.00227936 1.60728e-08 3.69156e-05 1.43978e-12 0.000131119 
0.0370765 0.0562612 1.91611e-05 0.000258678 0.00189769 0.104635 0.158917 0.363962 0.0308166 0.0246207 0.000330741 3.01498e-06 0.0335593 0.00819435 0.000166822 0.0747199 0.0633055 0.000262109 0.0303356 7.03194e-06 0.0106507 
0.0330811 0.307934 2.57026e-05 0.00876637 0.00196549 0.00814766 0.0109341 0.450464 0.0388917 0.0211714 2.98368e-05 0.00263078 0.014765 0.0140551 1.83481e-09 0.0135081 0.0624396 8.70025e-05 0.00146337 0.00821613 0.00142385 
0.0136026 0.0466481 0.0139845 0.00378373 0.000679885 0.0284153 0.0425059 0.574215 0.032973 0.0477843 1.30484e-05 5.07758e-06 0.0104657 0.00646368 4.85256e-10 0.00221648 0.155985 0.00428619 0.0131093 0.000140194 0.00272304 
0.0285506 0.0919407 5.75038e-07 0.0751988 5.75397e-07 5.75684e-07 0.00034595 0.681175 0.0287831 0.0181926 0.000115577 0.000575639 0.0102476 0.0365507 5.7457e-07 0.00138196 0.0157754 5.75588e-07 0.00534988 5.7501e-07 0.00581341 
0.0784994 0.0567086 2.08016e-07 2.08129e-07 0.0187957 0.0250942 0.106509 0.285226 0.0248012 0.0698904 2.08006e-07 2.08025e-07 0.126884 0.0306495 2.07846e-07 0.00281106 0.123667 2.08215e-07 0.00466104 0.00139384 0.0444078 
0.0756466 0.3558 9.44003e-07 3.5129e-05 0.00694706 0.0480476 0.00423942 0.465256 0.03636 0.00440995 0.000180167 8.93151e-09 0.00150249 8.79271e-05 1.18872e-05 0.00113337 0.000210228 0.000122124 9.96688e-06 3.56321e-09 6.48183e-08 
0.000547995 0.00236048 0.000211605 0.00010929 0.000776477 0.00436812 0.00441836 0.714531 0.0063939 0.144582 0.000570345 2.12661e-06 0.0295995 0.000624366 1.41216e-12 0.0109563 0.0760796 6.64777e-05 5.53584e-05 0.000434353 0.0033126 
0.0133297 0.0545802 5.84382e-05 0.155953 0.000853353 0.0090289 0.0556659 0.666199 0.0070934 0.00217887 7.67312e-06 9.59612e-07 0.00460702 0.00296402 9.66741e-09 0.00899146 0.0171308 5.19245e-05 0.000185811 8.70277e-05 0.00103192 
0.150444 0.164726 2.48445e-06 0.00978252 0.000611812 0.00850674 0.00144333 0.384419 0.0207214 0.0261656 0.00874601 1.42915e-05 0.00499781 0.0945669 0.000437056 0.00680949 0.098941 0.000263602 0.000686898 0.0110262 0.00668699 
0.0756466 0.3558 9.44003e-07 3.5129e-05 0.00694706 0.0480476 0.00423942 0.465256 0.03636 0.00440995 0.000180167 8.93151e-09 0.00150249 8.79271e-05 1.18872e-05 0.00113337 0.000210228 0.000122124 9.96688e-06 3.56321e-09 6.48183e-08 
0.0140974 0.14427 2.40414e-06 0.029456 0.000274319 0.00558598 0.000917894 0.708081 0.00369597 0.00624554 8.9998e-06 2.73214e-07 0.0018476 0.00430236 1.05972e-08 0.000386468 0.0656889 0.000531993 0.00968494 0.00297609 0.00194617 
0.00174888 0.149557 0.000255206 0.00187507 2.33169e-07 0.000917435 0.00025479 0.834087 0.000715228 9.17354e-08 4.79613e-08 1.03759e-10 3.74568e-05 0.000153687 1.7588e-10 0.00305745 0.00474289 2.30923e-06 0.00259254 4.30081e-07 2.34432e-06 
0.0333359 0.188825 0.0145367 0.0508695 0.00437388 0.0996974 0.00607807 0.228459 0.0226119 0.190875 0.00106413 1.66767e-05 0.0184655 0.0342131 0.00224102 0.00123322 0.0545999 0.0220998 0.0204617 9.70543e-05 0.00584498 
0.0371454 0.376105 1.30262e-07 0.00247861 0.000910795 0.0116518 0.0106073 0.490166 0.0392111 0.000296335 9.64737e-05 7.31267e-10 0.000738563 0.00113052 6.47599e-12 0.00372122 0.023859 2.01472e-05 1.94918e-05 0.00167473 0.000167476 
0.0105793 0.0916935 2.37547e-05 0.00142991 7.80243e-05 0.00547651 0.00108907 0.78633 0.0121888 0.00450284 3.10069e-05 1.06542e-07 0.00567673 0.00141888 2.62016e-10 0.00329891 0.0287222 2.43022e-05 0.00135199 0.0449257 0.00115829 
0.0138554 0.397442 2.59518e-08 0.0050644 3.56746e-08 0.0496258 0.0121388 0.455337 0.0104127 0.0151422 1.10932e-05 3.92925e-09 0.00389486 0.00253457 2.4576e-08 0.00051233 0.0318753 0.000582648 0.000533227 8.21006e-05 0.000955016 
0.00390083 0.0446765 4.56008e-12 0.0172835 2.33976e-12 0.00340445 3.42422e-07 0.9159 0.00171261 0.00444328 4.71078e-12 4.38883e-12 8.24839e-08 0.000668984 7.43945e-12 3.25573e-08 0.00689162 0.000174252 0.000743158 4.73583e-12 0.000200511 
0.0253082 0.231966 0.0651829 0.218936 0.000952006 0.0191552 0.0139958 0.341992 0.0562011 0.00103924 1.55082e-08 8.62965e-12 0.0122771 9.79275e-05 1.4628e-11 0.00211844 0.0105112 4.68005e-05 6.34107e-05 9.41875e-07 0.000155343 
0.00929072 0.0538556 3.46474e-08 0.000853345 0.000813292 0.00762037 0.00190503 0.739206 0.00273208 0.0013258 8.99962e-13 2.57549e-10 0.00489556 0.000255676 3.69677e-10 0.021273 0.153207 1.48372e-05 0.00127253 0.000374979 0.00110448 
0.00482525 0.0410646 3.22968e-06 0.00567599 9.46768e-05 0.027281 0.000794477 0.885697 0.0048181 0.00312708 8.16764e-05 1.73308e-07 0.00107723 0.00125537 1.90404e-10 0.000615737 0.0216916 9.24545e-05 0.00129348 0.00031915 0.000191835 
0.00220254 0.0362484 6.1773e-12 6.49689e-06 1.43938e-05 2.38517e-07 8.30116e-05 0.960502 0.000171564 7.15195e-05 9.70985e-09 5.94532e-12 7.34702e-09 2.92806e-05 1.00778e-11 0.000130072 4.0624e-08 1.06259e-07 1.42054e-08 0.00033332 0.000206773 
0.00635388 0.0431382 2.32318e-08 0.000601686 0.000542204 0.00509014 0.00127003 0.818618 0.00190313 0.000883871 8.35072e-13 2.14063e-10 0.00326371 0.000170454 2.92383e-10 0.0141821 0.102138 9.89262e-06 0.000848376 0.000249992 0.000736326 
0.0151549 0.144542 2.1885e-07 0.0377721 0.000352692 0.00718197 0.00118014 0.669593 0.00427187 0.00802998 1.15703e-05 2.9016e-07 0.00237548 0.00518806 1.35777e-08 0.000496883 0.0844572 0.000683988 0.012452 0.00382639 0.00242872 
0.0026152 0.0502656 3.9873e-05 4.93568e-05 0.000319132 0.0148927 0.00136198 0.904977 0.00545717 0.00244106 0.000494751 2.27903e-07 0.0030057 1.64018e-05 1.43961e-09 0.0105846 0.0028208 9.61806e-06 0.000146736 1.05069e-09 0.000502136 
0.00251301 0.0974441 4.86881e-06 0.0592122 0.000440472 0.112113 0.00649278 0.68433 0.0104171 0.000815865 8.37582e-05 5.14105e-08 0.00302738 0.000104351 1.85203e-12 0.00206257 0.0208782 5.59479e-06 1.88409e-05 1.79634e-09 3.59479e-05 
0.0372869 0.0102073 1.18123e-07 0.000763631 0.00403558 0.189379 0.0868376 0.293841 0.0325882 0.0432197 0.000509921 6.90964e-07 0.21345 0.00354003 4.52992e-06 0.0153267 0.0236809 1.86259e-05 0.000496328 1.07465e-06 0.0448122 
0.000547995 0.00236048 0.000211605 0.00010929 0.000776477 0.00436812 0.00441836 0.714531 0.0063939 0.144582 0.000570345 2.12661e-06 0.0295995 0.000624366 1.41216e-12 0.0109563 0.0760796 6.64777e-05 5.53584e-05 0.000434353 0.0033126 
0.00245507 0.0182551 4.86198e-05 0.000255115 0.000103101 0.00152278 0.00127355 0.895137 0.0041837 0.0221208 0.000312819 1.02443e-06 0.00719687 0.000715571 1.17478e-09 0.00291784 0.0399621 2.55522e-05 0.000407787 0.00017908 0.00292642 
0.042205 0.146486 5.06499e-11 0.0909776 0.000751835 0.00416049 0.00208796 0.65351 0.00175154 0.00535296 5.23236e-11 4.87478e-11 0.00874267 0.00777296 8.26317e-11 0.00147033 0.0331271 0.000403808 0.000982123 5.26019e-11 0.000217117 
0.0215011 0.33838 3.74579e-08 0.0171047 3.58323e-08 0.00211086 6.14703e-05 0.367595 0.000353285 0.00719218 1.37529e-11 5.2442e-09 0.000959452 0.000451334 2.17191e-11 9.40282e-05 0.24209 0.000173201 0.000609738 1.61084e-06 0.00132213 
0.0450255 0.0959913 3.53188e-05 0.0931769 0.00135998 0.0272775 0.0075876 0.219134 0.180371 0.0216993 5.38522e-10 3.37368e-07 0.0929799 0.00965917 8.50457e-10 0.0215219 0.0865582 1.0088e-06 0.000202959 2.52037e-07 0.0974183 
0.0151549 0.144542 2.1885e-07 0.0377721 0.000352692 0.00718197 0.00118014 0.669593 0.00427187 0.00802998 1.15703e-05 2.9016e-07 0.00237548 0.00518806 1.35777e-08 0.000496883 0.0844572 0.000683988 0.012452 0.00382639 0.00242872 
0.096483 0.141011 5.50744e-05 0.0388585 0.00941548 0.0601028 0.019518 0.351476 0.0626874 0.032939 0.00122451 1.55662e-05 0.0287914 0.0234309 5.50176e-07 0.00950986 0.0898755 0.000172048 0.000715042 0.000808078 0.0329101 
0.000860813 0.00271506 0.000126399 0.000104418 0.00024866 0.0107067 0.000720937 0.936447 0.00346307 0.00899563 0.000240399 4.99121e-07 0.00558246 7.37406e-06 1.94935e-09 0.0201514 0.00788987 6.69888e-07 4.72778e-05 1.46625e-09 0.00169134 
0.0191926 0.0151783 5.88417e-10 2.30879e-10 0.000755998 0.000253622 0.0020625 0.953291 0.00272981 0.000440777 2.48514e-12 2.3153e-12 0.00370415 0.000298597 3.92463e-12 2.36414e-05 0.00112451 6.0961e-13 9.15367e-06 6.05391e-09 0.000935265 
0.01287 0.220872 0.0078793 0.0124136 0.00144676 0.0606535 0.023863 0.534249 0.0198322 0.0142563 0.00110032 5.38934e-06 0.0110905 0.0130771 5.25563e-09 0.00370048 0.0559473 0.00203898 0.00120594 0.00157307 0.00192521 
0.021163 0.202763 3.37981e-08 0.000437863 0.0021408 0.063285 0.00766058 0.552262 0.0956198 0.000847601 0.000108621 6.27057e-09 0.0376667 0.00608294 9.10139e-11 0.00547746 0.00190829 2.68693e-05 0.000470894 4.20054e-07 0.00207798 
0.00658006 0.0364075 2.55594e-05 0.142241 0.000304002 0.01414 0.00392904 0.740029 0.00663302 0.00311841 2.53603e-07 2.02881e-07 0.00329451 0.00160042 5.19555e-10 0.0030909 0.0355432 0.000112815 0.00173384 5.10069e-05 0.00116521 
0.00512618 0.0627608 0.00283071 0.000959169 0.000475818 0.00191492 0.00113372 0.863894 0.00505766 0.00262 2.50503e-06 3.67708e-07 0.00198723 0.00192444 7.98735e-09 0.00650588 0.0394553 2.09549e-05 0.00164654 0.000695405 0.00098857 
0.00501405 0.0542993 0.0428492 0.000236491 0.000697215 0.000100873 0.00374092 0.879486 0.00633379 0.00223847 1.22345e-11 1.2559e-06 0.000100024 0.000465569 1.93212e-11 3.1559e-05 0.00401648 2.00804e-06 1.03153e-05 1.22995e-11 0.000376295 
0.00137084 0.0228159 1.17035e-06 0.000470862 0.000392435 0.0968619 0.00196314 0.847364 0.010031 0.00063352 0.000324774 7.25885e-08 0.00331085 0.000495517 4.44064e-12 0.00110269 0.0127659 1.85214e-06 2.60034e-05 5.32907e-08 6.7052e-05 
0.0132914 0.0682596 3.1399e-06 0.00133254 2.7618e-05 0.0103578 0.000469694 0.830374 0.00501537 0.00674848 1.74446e-05 3.92451e-07 0.000612256 0.00323044 3.75772e-10 0.000319349 0.0554539 6.05636e-05 0.0031376 0.000828792 0.000459333 
0.00386724 0.201122 2.04404e-07 0.0033338 0.012313 0.204184 0.106665 0.254409 0.0541226 0.0175582 0.00139009 2.04413e-07 0.0133421 2.04601e-07 2.04238e-07 0.03026 0.092317 0.00108458 0.000572693 2.04394e-07 0.00345758 
0.0188356 0.0923495 0.0023522 0.000642539 6.98396e-08 6.98743e-08 0.0125132 0.249454 0.0278783 0.045643 0.000760812 6.9799e-08 0.215223 0.00918009 6.97391e-08 0.100691 0.136936 0.000544999 0.000558591 0.00203103 0.0844061 
0.0220528 0.160456 0.0010544 0.142667 0.00067336 0.0315774 0.00690634 0.469882 0.0283077 0.0131769 0.000114302 2.40375e-07 0.0151293 0.0197467 4.92909e-08 0.0075974 0.062117 6.57335e-05 0.000501159 0.000221387 0.0177525 
0.0177373 0.268309 6.31937e-11 0.00328877 0.00263445 3.64988e-07 1.51397e-06 0.2977 0.160166 0.00282734 7.76923e-07 1.21702e-07 1.4757e-06 0.247326 1.03096e-10 1.68756e-07 3.26667e-06 5.65306e-07 1.18839e-06 6.56292e-11 1.53196e-06 
0.0330889 0.0948048 0.00126203 0.00274685 0.0324756 0.0266728 0.02205 0.591433 0.0634683 0.0186692 0.0372999 3.20549e-08 0.0167991 0.00400171 2.52892e-08 0.0328833 0.019804 1.02269e-05 0.00167859 1.60759e-05 0.000835567 
0.0158513 0.162421 0.000370835 0.0273163 0.00343147 0.014341 0.0019981 0.621511 0.0158452 0.0103533 0.000220508 3.71167e-06 0.0213204 0.0125492 8.30056e-08 0.00601033 0.0759391 0.000198547 0.0022643 0.000458149 0.00759705 
0.0687387 0.253877 0.000445689 0.000305581 0.0160484 0.0013067 0.00470826 0.284526 0.0608379 0.0935761 1.21555e-07 8.06269e-09 0.0260946 0.0297856 8.52059e-07 0.00241987 0.152373 1.8666e-05 0.00124524 0.000463322 0.00322815 
0.00403982 0.0128917 5.57067e-05 0.193505 8.959e-06 0.00137555 0.000421055 0.780227 0.00249703 0.000327679 1.53113e-10 7.07909e-10 0.00168109 0.000518782 2.26174e-12 2.82121e-06 0.00227936 1.60728e-08 3.69156e-05 1.43978e-12 0.000131119 
0.00635388 0.0431382 2.32318e-08 0.000601686 0.000542204 0.00509014 0.00127003 0.818618 0.00190313 0.000883871 8.35072e-13 2.14063e-10 0.00326371 0.000170454 2.92383e-10 0.0141821 0.102138 9.89262e-06 0.000848376 0.000249992 0.000736326 
0.00611405 0.0614388 2.85876e-05 0.00991862 0.00034854 0.0146744 0.00333926 0.835907 0.00560922 0.00624522 0.000826352 0.000530415 0.00365029 0.00717701 1.53331e-08 0.00281726 0.0302484 0.000193762 0.00959474 0.000335779 0.0010026 
0.0371454 0.376105 1.30262e-07 0.00247861 0.000910795 0.0116518 0.0106073 0.490166 0.0392111 0.000296335 9.64737e-05 7.31267e-10 0.000738563 0.00113052 6.47599e-12 0.00372122 0.023859 2.01472e-05 1.94918e-05 0.00167473 0.000167476 
0.0271591 0.12906 1.79046e-08 0.00040649 0.00136179 0.00362889 0.00136166 0.427273 0.00736118 0.016812 7.56692e-12 5.18398e-10 0.0317632 0.000532237 1.11841e-09 0.0708708 0.171893 7.08793e-06 0.00215205 0.000178711 0.108179 
0.00635388 0.0431382 2.32318e-08 0.000601686 0.000542204 0.00509014 0.00127003 0.818618 0.00190313 0.000883871 8.35072e-13 2.14063e-10 0.00326371 0.000170454 2.92383e-10 0.0141821 0.102138 9.89262e-06 0.000848376 0.000249992 0.000736326 
0.0153757 0.161143 0.000927688 0.0111686 0.0107411 0.0410671 0.011954 0.539049 0.0159894 0.0306865 0.000417045 1.96222e-06 0.0159871 0.00969519 4.31886e-08 0.0440553 0.0829896 1.89513e-05 0.00617958 0.00021432 0.00233843 
0.00126265 0.206949 4.75771e-10 1.49743e-05 0.000528952 0.0125512 0.00692791 0.751082 0.0162261 0.00187486 0.000266546 4.57903e-10 5.56742e-05 0.000166075 7.76186e-10 0.000712126 0.00136855 7.10668e-07 3.80419e-06 4.94107e-10 9.33215e-06 
0.000857164 0.0120167 9.5812e-10 0.00670851 1.14729e-12 5.92402e-05 4.59426e-13 0.980106 5.49794e-05 0.000153142 2.3099e-12 2.15204e-12 3.03576e-13 2.97365e-05 3.64789e-12 5.97057e-13 1.09207e-05 5.1631e-08 1.22987e-06 2.32219e-12 2.2244e-06 
0.0111171 0.106995 0.000246978 0.000728507 0.00244575 0.0104901 0.00162012 0.781894 0.018082 0.002068 0.000587585 3.82369e-07 0.0111082 0.00248962 2.17843e-08 0.00848795 0.0171486 2.33065e-05 0.00388232 0.0090601 0.0115246 
0.00403982 0.0128917 5.57067e-05 0.193505 8.959e-06 0.00137555 0.000421055 0.780227 0.00249703 0.000327679 1.53113e-10 7.07909e-10 0.00168109 0.000518782 2.26174e-12 2.82121e-06 0.00227936 1.60728e-08 3.69156e-05 1.43978e-12 0.000131119 
0.000432274 0.00179677 0.000176726 9.63117e-05 0.000632524 0.00334883 0.00342206 0.784403 0.00486806 0.108756 0.000484304 4.64562e-06 0.0223729 0.000492441 1.97349e-09 0.00830892 0.0573687 5.97153e-05 5.21265e-05 0.000366797 0.00255676 
0.021163 0.202763 3.37981e-08 0.000437863 0.0021408 0.063285 0.00766058 0.552262 0.0956198 0.000847601 0.000108621 6.27057e-09 0.0376667 0.00608294 9.10139e-11 0.00547746 0.00190829 2.68693e-05 0.000470894 4.20054e-07 0.00207798 
0.013228 0.279739 1.47654e-06 0.000313435 0.000290527 0.00273098 0.000680423 0.628691 0.00737738 0.000473534 4.1249e-12 1.07127e-08 0.00174848 0.000165594 4.58491e-10 0.00759819 0.055949 5.30691e-06 0.000454619 0.000133965 0.000419102 
0.0155153 0.0171354 6.73624e-06 0.0197727 0.000562191 0.0013559 0.00356568 0.927895 0.00352872 0.000897524 6.83882e-11 3.10196e-10 0.00510592 0.000643186 3.54927e-12 2.96829e-05 0.00297718 8.12467e-09 3.83017e-05 6.26905e-07 0.000969769 
0.00910354 0.087167 6.58817e-07 0.00727175 0.000228014 0.00312773 0.000597995 0.840271 0.00207946 0.00233424 3.28024e-06 6.31139e-08 0.000986368 0.00131218 4.30646e-09 0.00263684 0.0369983 0.000148524 0.00330571 0.00138965 0.0010376 
0.00168301 0.0229945 6.81689e-12 0.000414527 4.52545e-07 7.97016e-09 0.000120421 0.970022 0.00413805 0.000128544 8.42129e-09 3.69786e-10 7.06568e-05 0.000154904 1.18669e-09 0.00011414 4.39465e-05 4.6623e-07 4.60619e-06 2.17417e-05 8.83813e-05 
0.000105984 0.000374694 0.000162536 4.91471e-05 0.000992136 0.00117784 0.00207235 0.783394 0.00306812 0.126701 0.0038747 1.70139e-06 0.0251811 0.000136999 4.65156e-09 0.0078341 0.042482 3.69033e-05 2.78222e-05 0.000247982 0.00207894 
0.000249537 0.0142541 0.00041198 0.0881404 3.00341e-08 0.321267 0.0153733 0.367337 0.00186362 0.0648671 1.08067e-05 2.80987e-07 0.00191779 0.00442298 2.88713e-10 1.25631e-06 0.00122264 0.115368 0.00329225 2.12458e-07 4.22091e-07 
0.00251301 0.0974441 4.86881e-06 0.0592122 0.000440472 0.112113 0.00649278 0.68433 0.0104171 0.000815865 8.37582e-05 5.14105e-08 0.00302738 0.000104351 1.85203e-12 0.00206257 0.0208782 5.59479e-06 1.88409e-05 1.79634e-09 3.59479e-05 
0.00220254 0.0362484 6.1773e-12 6.49689e-06 1.43938e-05 2.38517e-07 8.30116e-05 0.960502 0.000171564 7.15195e-05 9.70985e-09 5.94532e-12 7.34702e-09 2.92806e-05 1.00778e-11 0.000130072 4.0624e-08 1.06259e-07 1.42054e-08 0.00033332 0.000206773 
0.00544704 0.0220072 1.27577e-09 8.33965e-05 6.97751e-09 5.40317e-05 5.72684e-13 0.856544 0.000312658 6.55996e-10 2.07971e-08 2.26438e-09 3.78414e-13 6.86472e-05 4.54718e-12 7.44245e-13 0.000255679 2.13535e-08 0.115194 4.05394e-07 3.23547e-05 
0.23203 0.303524 0.00780102 0.00656953 0.0030382 0.011827 0.00644538 0.346082 0.0392474 0.00795879 0.00439033 1.89492e-08 0.00592059 0.00408326 4.29514e-08 0.00339122 0.0108744 5.14363e-05 0.00078562 0.00553106 0.000448253 
0.0140974 0.14427 2.40414e-06 0.029456 0.000274319 0.00558598 0.000917894 0.708081 0.00369597 0.00624554 8.9998e-06 2.73214e-07 0.0018476 0.00430236 1.05972e-08 0.000386468 0.0656889 0.000531993 0.00968494 0.00297609 0.00194617 
0.00410805 0.0689498 2.41036e-06 0.00294219 0.000211718 0.0178185 0.00234706 0.855955 0.00585748 0.00288225 3.49246e-05 2.76382e-07 0.00149634 0.00149836 8.44577e-10 0.000914573 0.0302611 8.95616e-05 0.00340237 3.77977e-12 0.00122856 
0.0191725 0.161561 2.67131e-07 0.00601395 2.67298e-07 2.67431e-07 2.67403e-07 0.810574 2.67415e-07 2.67438e-07 2.67119e-07 2.67143e-07 0.0015246 2.67388e-07 2.66913e-07 2.67382e-07 2.67449e-07 2.67386e-07 0.00114924 2.67118e-07 2.67358e-07 
0.000857164 0.0120167 9.5812e-10 0.00670851 1.14729e-12 5.92402e-05 4.59426e-13 0.980106 5.49794e-05 0.000153142 2.3099e-12 2.15204e-12 3.03576e-13 2.97365e-05 3.64789e-12 5.97057e-13 1.09207e-05 5.1631e-08 1.22987e-06 2.32219e-12 2.2244e-06 
0.000547995 0.00236048 0.000211605 0.00010929 0.000776477 0.00436812 0.00441836 0.714531 0.0063939 0.144582 0.000570345 2.12661e-06 0.0295995 0.000624366 1.41216e-12 0.0109563 0.0760796 6.64777e-05 5.53584e-05 0.000434353 0.0033126 
0.0163428 0.0573293 0.000144553 0.117205 0.000394726 0.0249292 0.0100222 0.590672 0.049523 0.0134763 9.70281e-07 1.99455e-06 0.0198989 0.00940672 1.5617e-11 0.000563784 0.0890946 8.06061e-05 3.54928e-05 9.94152e-12 0.00087761 
0.00374309 0.0298439 7.59792e-06 0.000429416 0.000405914 0.027331 0.00335819 0.840805 0.00601093 0.00640592 2.55492e-06 1.2909e-06 0.00384292 0.00428203 2.26808e-09 0.000824786 0.061007 2.20917e-05 0.00754477 4.27986e-12 0.0041314 
0.0345777 0.296597 1.85794e-05 0.0394301 0.00168213 0.00353813 0.000876426 0.526075 0.0856754 0.00114319 0.000265338 6.20851e-09 0.00517649 0.000558325 1.52722e-08 0.00147858 0.00232588 7.38896e-07 5.33124e-05 3.20398e-11 0.000527672 
0.00917043 0.246219 0.0278213 0.240568 0.00112319 0.0650213 0.0187407 0.307399 0.0150614 0.00649272 6.37933e-05 3.87496e-06 0.0158665 0.00183766 9.55158e-09 0.00108145 0.0413924 5.54312e-05 0.0004958 1.53471e-05 0.0015714 
0.0166797 0.163213 0.000640124 0.000426628 0.0103284 0.0376703 0.0041721 0.399238 0.216361 0.0518869 1.22404e-05 7.76563e-08 0.0406203 0.00736508 2.24922e-06 0.00441556 0.0380909 3.48641e-05 0.000527274 0.000168223 0.00814747 
0.0913206 0.327872 0.00094217 0.0342438 0.00701974 0.0185658 0.00965676 0.383745 0.0273206 0.0115853 0.000763769 0.000569388 0.0194576 0.0162412 9.87608e-05 0.008711 0.0327078 0.00015746 0.000819653 0.00334308 0.00485877 
0.0227085 0.0789997 0.000379961 0.0264985 0.00113114 0.0282614 0.0238946 0.732897 0.00999266 0.0127279 0.00137597 1.25055e-05 0.00890703 0.00851798 2.19073e-06 0.00600422 0.030559 0.00128096 0.00089618 0.00119762 0.00375505 
0.0150541 0.0276689 0.00142148 0.0174276 0.00208898 0.0561047 0.0329573 0.341122 0.0397022 0.132882 0.00020387 3.25209e-05 0.0477695 0.00465665 5.85566e-06 0.0104558 0.232227 0.0250963 0.000903094 0.00154658 0.0106728 
0.00733429 0.056747 2.62894e-05 0.0061689 0.00170534 0.00849336 0.00307863 0.86928 0.00661123 0.00483368 0.000127193 2.60686e-07 0.00267124 0.00116708 2.69819e-08 0.00329474 0.0242638 0.000101472 0.00235972 0.000514012 0.00122142 
0.109642 0.110605 0.00478797 0.000108288 0.0103744 0.0032871 0.00148109 0.669791 0.041818 0.00595097 2.72762e-05 7.05378e-07 0.00851382 0.0198891 8.57707e-05 0.0034074 0.00782821 3.09914e-05 6.02096e-06 0.000104444 0.00226021 
0.000860813 0.00271506 0.000126399 0.000104418 0.00024866 0.0107067 0.000720937 0.936447 0.00346307 0.00899563 0.000240399 4.99121e-07 0.00558246 7.37406e-06 1.94935e-09 0.0201514 0.00788987 6.69888e-07 4.72778e-05 1.46625e-09 0.00169134 
0.00373958 0.00441278 3.16178e-05 0.000151516 0.00711617 0.0611194 0.000650674 0.687336 0.0130812 2.77918e-08 8.1012e-09 9.31181e-07 0.0402086 3.41204e-05 9.27015e-13 0.00256338 0.175472 5.37997e-06 1.29563e-08 5.90122e-13 0.00407644 
0.0469486 0.397048 1.41281e-06 0.000216628 0.00397486 0.0348033 0.00219162 0.481763 0.0271267 0.00177548 9.64552e-05 1.87196e-07 0.00120219 0.00113393 1.4544e-05 0.000460754 0.001035 0.000109973 6.26997e-06 8.96471e-05 2.09566e-06 
0.0120237 0.108701 0.00404965 0.00403982 0.00124298 0.00893776 0.0518665 0.710106 0.0079825 0.00816433 0.000524051 0.0065424 0.00767029 0.00736332 1.55658e-07 0.0073867 0.031759 0.000145938 0.00132176 0.000791859 0.0193803 
0.0513783 0.33992 0.00467216 0.0180415 0.00598764 0.0250685 0.00579737 0.339925 0.0653631 0.0110094 4.63958e-05 0.000409184 0.0254127 0.0137932 7.36121e-05 0.00797138 0.037119 0.000132413 0.00481093 0.0181728 0.0248954 
0.000923277 0.00324882 1.26128e-08 1.26336e-08 0.00019621 0.0255215 0.000423178 0.957256 0.00698801 0.000186248 6.49727e-05 2.32668e-09 0.00232551 9.0015e-13 6.13159e-10 0.00278582 2.27741e-05 2.73341e-07 5.75699e-05 4.4381e-10 1.70212e-08 
0.00403982 0.0128917 5.57067e-05 0.193505 8.959e-06 0.00137555 0.000421055 0.780227 0.00249703 0.000327679 1.53113e-10 7.07909e-10 0.00168109 0.000518782 2.26174e-12 2.82121e-06 0.00227936 1.60728e-08 3.69156e-05 1.43978e-12 0.000131119 
