0.00495769 0.0411573 7.70258e-05 0.00667579 0.000610946 0.00585765 0.00291485 0.756588 0.00581186 0.063502 0.000265448 1.34756e-06 0.0139621 0.0021732 1.85485e-09 0.00481733 0.0822895 0.000345879 0.00219701 0.00219614 0.00359841 
0.0305894 0.134143 0.00182005 0.00174659 0.00479182 0.00905382 0.00303973 0.67761 0.024616 0.0391678 0.000102971 0.0058789 0.00590975 0.0156622 5.35823e-07 0.00268288 0.0378973 0.000295193 0.000969443 0.00300775 0.00101503 
0.0456268 0.254447 2.75151e-08 0.0276413 0.025905 0.00254079 0.00481166 0.587385 0.0164122 0.00242588 3.74375e-05 3.97086e-09 0.0219527 0.000339774 9.72789e-08 0.00190473 0.00648611 1.46288e-06 6.31261e-05 0.000135878 0.00188377 
0.0271591 0.12906 1.79046e-08 0.00040649 0.00136179 0.00362889 0.00136166 0.427273 0.00736118 0.016812 7.56692e-12 5.18398e-10 0.0317632 0.000532237 1.11841e-09 0.0708708 0.171893 7.08793e-06 0.00215205 0.000178711 0.108179 
0.0296112 0.304397 0.0102091 0.0125332 0.00289053 0.0337874 0.0137961 0.399257 0.0296207 0.0282197 0.00350207 0.000471701 0.025601 0.0223737 0.000598693 0.00733236 0.058866 0.000934535 0.00364503 0.00472415 0.00762859 
0.00753047 0.00772826 0.00336912 0.00186554 0.0124043 0.0913913 0.00433842 0.54012 0.021676 0.0759045 0.00225693 0.000278196 0.0927323 0.0003603 1.63408e-07 0.023965 0.0827524 0.000736802 0.00476051 1.63533e-07 0.0258289 
0.000853777 0.00280198 0.000123439 0.000101999 0.000275402 0.0129006 0.00505035 0.925052 0.00346014 0.00951127 0.000785176 5.84595e-07 0.00613988 7.26351e-06 7.61998e-08 0.0229345 0.00822048 7.37154e-07 5.23923e-05 3.55222e-07 0.00172802 
0.0791683 0.0980648 0.00177499 0.00696261 0.00312109 0.0331078 0.00386735 0.417078 0.0347472 0.0450412 0.0375925 6.82396e-06 0.0157618 0.0207196 6.07296e-05 0.0233773 0.0296318 0.0191876 0.00374245 0.124803 0.0021833 
0.00547642 0.152088 0.000382905 0.0126389 0.000694355 0.109688 0.0201899 0.539048 0.0693376 0.0135615 0.00100497 1.63455e-06 0.00644057 0.0156187 8.8111e-11 0.00645341 0.0421522 0.00170908 0.00135945 0.00012816 0.00202526 
0.0263797 0.223516 0.000133594 0.0739174 0.00689255 0.00458489 0.00857844 0.561619 0.0284081 0.00981888 0.00249117 3.20721e-06 0.0100833 0.00306308 8.36587e-05 0.00354832 0.0318211 4.07637e-05 0.000231352 8.69054e-05 0.00469825 
0.016848 0.185944 0.00420612 0.0579039 0.0347151 0.142615 0.0436578 0.288946 0.0133029 0.0586497 0.00914753 3.29383e-06 0.0157785 0.000688802 0.000176136 0.032431 0.0922135 0.00072824 0.000367742 2.247e-06 0.00167398 
0.0137178 0.238492 1.00848e-05 0.000282637 0.0127467 0.0224163 0.000193981 0.530639 0.0156324 0.00137124 7.33407e-08 6.56629e-07 0.0296793 0.0197789 2.01625e-11 0.00192785 0.0983038 2.8806e-05 0.00448935 0.00410386 0.00618515 
0.021163 0.202763 3.37981e-08 0.000437863 0.0021408 0.063285 0.00766058 0.552262 0.0956198 0.000847601 0.000108621 6.27057e-09 0.0376667 0.00608294 9.10139e-11 0.00547746 0.00190829 2.68693e-05 0.000470894 4.20054e-07 0.00207798 
0.0130341 0.123447 1.28095e-05 0.0256577 0.000635103 0.0158141 0.00346935 0.708069 0.0170179 0.00376074 0.000513919 1.87813e-06 0.00510064 0.0131056 1.69058e-09 0.00294897 0.0411295 4.17162e-05 0.00555966 0.0189303 0.00174962 
0.0650953 0.246016 9.95671e-07 0.0101904 0.000480994 0.00772052 0.0157193 0.292613 0.0763939 0.0137098 2.68365e-05 6.93662e-07 0.00869916 0.00265607 1.15247e-11 0.00913454 0.20052 0.0226747 9.23037e-05 0.000465329 0.0277892 
0.00390083 0.0446765 4.56008e-12 0.0172835 2.33976e-12 0.00340445 3.42422e-07 0.9159 0.00171261 0.00444328 4.71078e-12 4.38883e-12 8.24839e-08 0.000668984 7.43945e-12 3.25573e-08 0.00689162 0.000174252 0.000743158 4.73583e-12 0.000200511 
0.0172459 0.142456 1.28108e-05 8.94917e-05 0.0361803 0.00707343 0.0222973 0.463499 0.044146 0.0173642 0.000160016 6.45078e-08 0.0614568 1.82383e-07 1.27796e-05 0.130768 0.0505896 4.13391e-06 0.00559655 6.83356e-06 0.00104168 
0.027728 0.0903164 0.00110792 0.00434988 0.00298311 0.0802724 0.0106977 0.511872 0.0230388 0.0774705 0.000394806 2.5579e-06 0.0492669 0.0556362 5.05207e-07 0.00570989 0.0474563 0.00208507 0.000733749 0.00146806 0.00740934 
0.0191926 0.0151783 5.88417e-10 2.30879e-10 0.000755998 0.000253622 0.0020625 0.953291 0.00272981 0.000440777 2.48514e-12 2.3153e-12 0.00370415 0.000298597 3.92463e-12 2.36414e-05 0.00112451 6.0961e-13 9.15367e-06 6.05391e-09 0.000935265 
0.0191926 0.0151783 5.88417e-10 2.30879e-10 0.000755998 0.000253622 0.0020625 0.953291 0.00272981 0.000440777 2.48514e-12 2.3153e-12 0.00370415 0.000298597 3.92463e-12 2.36414e-05 0.00112451 6.0961e-13 9.15367e-06 6.05391e-09 0.000935265 
0.000860813 0.00271506 0.000126399 0.000104418 0.00024866 0.0107067 0.000720937 0.936447 0.00346307 0.00899563 0.000240399 4.99121e-07 0.00558246 7.37406e-06 1.94935e-09 0.0201514 0.00788987 6.69888e-07 4.72778e-05 1.46625e-09 0.00169134 
0.0132914 0.0682596 3.1399e-06 0.00133254 2.7618e-05 0.0103578 0.000469694 0.830374 0.00501537 0.00674848 1.74446e-05 3.92451e-07 0.000612256 0.00323044 3.75772e-10 0.000319349 0.0554539 6.05636e-05 0.0031376 0.000828792 0.000459333 
0.00929072 0.0538556 3.46474e-08 0.000853345 0.000813292 0.00762037 0.00190503 0.739206 0.00273208 0.0013258 8.99962e-13 2.57549e-10 0.00489556 0.000255676 3.69677e-10 0.021273 0.153207 1.48372e-05 0.00127253 0.000374979 0.00110448 
0.00693267 0.0731727 1.22037e-05 0.000712988 0.00208738 0.0236801 0.00210319 0.823321 0.00846956 0.00505486 3.08717e-05 1.51074e-06 0.00589036 0.002708 2.96758e-07 0.00449201 0.0353647 3.03706e-05 0.00360577 7.53653e-05 0.00225415 
0.123293 0.175857 9.6603e-07 0.233423 0.00102609 0.0127779 0.00208437 0.297406 0.0158255 0.00585216 0.000739143 3.53325e-06 0.00498033 0.0222805 1.52217e-07 0.00366503 0.0801603 0.00145796 0.0124163 0.00455344 0.00219618 
0.0128494 0.31382 1.10472e-05 0.00998736 9.94407e-05 0.00425965 0.00197287 0.584989 0.00406728 0.0053383 1.18233e-05 0.00749602 0.00244384 0.0126998 5.21709e-09 0.000141083 0.0258358 0.000820223 0.00343778 0.00886571 0.00085398 
0.0132914 0.0682596 3.1399e-06 0.00133254 2.7618e-05 0.0103578 0.000469694 0.830374 0.00501537 0.00674848 1.74446e-05 3.92451e-07 0.000612256 0.00323044 3.75772e-10 0.000319349 0.0554539 6.05636e-05 0.0031376 0.000828792 0.000459333 
0.016152 0.107147 0.00117749 0.0196548 0.00113756 0.0456852 0.0150841 0.621267 0.017102 0.0371857 0.0176124 5.51815e-05 0.00560724 0.0173763 7.35452e-08 0.00414186 0.0564996 0.00367947 0.00637536 0.000739906 0.00632 
0.056224 0.0933559 0.0018657 0.000561952 0.009766 0.0546905 0.00614287 0.508527 0.163129 0.0245086 0.000779111 2.58889e-06 0.0205304 0.0142602 8.87994e-06 0.0135496 0.0273875 0.00039651 0.00016384 0.00250968 0.00164029 
0.0129399 0.0576192 6.10235e-05 0.0124183 0.000684192 0.00491462 0.00187537 0.853043 0.00565794 0.00232684 7.36915e-05 2.00548e-07 0.00340352 0.0026501 5.63134e-09 0.00207811 0.0209519 6.59375e-05 0.00483301 0.0134441 0.000959459 
0.0191926 0.0151783 5.88417e-10 2.30879e-10 0.000755998 0.000253622 0.0020625 0.953291 0.00272981 0.000440777 2.48514e-12 2.3153e-12 0.00370415 0.000298597 3.92463e-12 2.36414e-05 0.00112451 6.0961e-13 9.15367e-06 6.05391e-09 0.000935265 
0.00251598 0.0704748 1.32979e-07 0.00060928 0.00215133 0.00748296 0.000477501 0.324373 0.013718 0.0153521 0.297072 3.11738e-05 0.00328989 0.14988 1.16773e-10 0.00711421 0.102737 0.000651053 1.00151e-05 7.43357e-11 0.00205859 
0.00635388 0.0431382 2.32318e-08 0.000601686 0.000542204 0.00509014 0.00127003 0.818618 0.00190313 0.000883871 8.35072e-13 2.14063e-10 0.00326371 0.000170454 2.92383e-10 0.0141821 0.102138 9.89262e-06 0.000848376 0.000249992 0.000736326 
0.0205982 0.2904 4.03185e-06 0.00687614 0.000320036 0.00638479 0.000821518 0.639317 0.00382185 0.00252658 2.77233e-06 3.56094e-07 0.00188552 0.000512402 4.4524e-09 9.14936e-05 0.0233596 0.000496283 0.00181597 0.000351617 0.000413991 
0.00168301 0.0229945 6.81689e-12 0.000414527 4.52545e-07 7.97016e-09 0.000120421 0.970022 0.00413805 0.000128544 8.42129e-09 3.69786e-10 7.06568e-05 0.000154904 1.18669e-09 0.00011414 4.39465e-05 4.6623e-07 4.60619e-06 2.17417e-05 8.83813e-05 
3.40201e-05 1.68765e-05 7.05031e-06 7.21977e-06 4.4507e-05 1.86202e-05 6.57246e-06 0.998156 8.9835e-05 6.27138e-05 2.80019e-09 5.48113e-06 4.60386e-05 0.000147498 6.19546e-06 6.70233e-05 8.42994e-05 9.89195e-06 0.000999698 2.81508e-09 0.000190672 
0.0044536 0.137966 9.17144e-07 1.30657e-05 0.000272991 0.00491711 0.000129156 0.842462 0.00718284 7.20812e-06 0.000237292 1.39077e-09 0.000196618 1.40525e-06 2.90267e-12 0.00190004 2.38725e-05 2.76385e-05 0.000193769 1.84779e-12 1.52287e-05 
0.037357 0.028644 1.28833e-06 0.000199339 0.000907405 0.0010446 0.00436637 0.863882 0.0107019 0.00351193 3.19496e-12 4.18411e-10 0.00855806 0.00135684 5.04562e-12 0.0001156 0.0347586 2.55462e-06 6.08847e-05 8.77168e-07 0.00453046 
0.022269 0.212241 4.90798e-11 2.08772e-07 0.00291026 0.00574552 0.00034164 0.674656 0.0770474 0.000280946 4.9728e-07 4.72366e-11 0.00436146 1.21726e-11 8.00702e-11 0.000130456 1.04663e-07 1.49182e-05 2.19731e-08 5.09713e-11 3.48756e-07 
0.0144612 0.098411 9.37013e-05 0.117621 0.00303373 0.000960816 0.000369844 0.746679 0.0134421 0.000989321 1.36508e-06 7.98444e-10 0.000845004 0.000936144 3.25641e-09 6.9527e-05 0.00150092 7.71259e-05 2.58022e-05 0.000380228 0.000102293 
0.00581513 0.0180173 7.60297e-05 0.29006 1.34376e-05 0.00194016 0.000631577 0.672489 0.00361202 0.00046067 2.1749e-10 1.00597e-09 0.00252163 0.000772295 3.03436e-12 4.23151e-06 0.00333484 2.25799e-08 5.50781e-05 1.93162e-12 0.000196677 
0.00531102 0.0500963 1.41444e-06 0.00183232 1.8009e-05 0.00258762 0.00096265 0.810488 0.00356234 0.00865401 0.023437 8.04099e-06 0.00089521 0.0183459 9.36047e-12 0.000611719 0.0519157 0.000344987 0.0199737 0.000250304 0.000704034 
0.0391786 0.173543 1.39036e-05 0.00730261 0.000721636 0.0133497 0.00133141 0.334019 0.0229083 0.0042513 0.00132671 5.75288e-06 0.0101445 0.0328714 2.49497e-11 0.000602975 0.0750346 0.000283991 0.00110721 0.280356 0.00164749 
0.0703812 0.21854 7.6958e-06 0.00106875 0.00120335 0.0163771 0.0120522 0.445796 0.0429764 0.00597716 4.91776e-06 5.84638e-07 0.0265426 0.0119302 1.02045e-10 0.00145736 0.108327 6.76536e-06 0.0017605 0.0318792 0.00371122 
0.00520425 0.00562411 0.000117837 0.00030392 0.000347353 0.00113481 0.00118027 0.843629 0.00263464 0.0712429 0.00309844 1.05581e-06 0.0240729 0.000319066 8.55847e-09 0.011826 0.0256197 3.19821e-05 2.22916e-05 0.000289988 0.00329944 
0.00390083 0.0446765 4.56008e-12 0.0172835 2.33976e-12 0.00340445 3.42422e-07 0.9159 0.00171261 0.00444328 4.71078e-12 4.38883e-12 8.24839e-08 0.000668984 7.43945e-12 3.25573e-08 0.00689162 0.000174252 0.000743158 4.73583e-12 0.000200511 
0.0264456 0.0426461 0.00120165 0.000662306 0.000485109 0.0126288 0.0152166 0.313064 0.0696367 0.24212 0.000162187 4.84712e-07 0.0234688 0.0252022 0.00468586 0.0513597 0.135665 2.00046e-05 0.000574128 2.19408e-05 0.0347329 
0.00390083 0.0446765 4.56008e-12 0.0172835 2.33976e-12 0.00340445 3.42422e-07 0.9159 0.00171261 0.00444328 4.71078e-12 4.38883e-12 8.24839e-08 0.000668984 7.43945e-12 3.25573e-08 0.00689162 0.000174252 0.000743158 4.73583e-12 0.000200511 
0.00390083 0.0446765 4.56008e-12 0.0172835 2.33976e-12 0.00340445 3.42422e-07 0.9159 0.00171261 0.00444328 4.71078e-12 4.38883e-12 8.24839e-08 0.000668984 7.43945e-12 3.25573e-08 0.00689162 0.000174252 0.000743158 4.73583e-12 0.000200511 
0.023012 0.104743 0.000620226 0.000486851 0.00408428 0.0212077 0.00909194 0.658582 0.0221829 0.0186162 0.0076619 2.12546e-06 0.0144375 0.0222467 1.5869e-09 0.0116744 0.0640623 0.00011272 0.0129403 0.000850805 0.00338425 
0.00168301 0.0229945 6.81689e-12 0.000414527 4.52545e-07 7.97016e-09 0.000120421 0.970022 0.00413805 0.000128544 8.42129e-09 3.69786e-10 7.06568e-05 0.000154904 1.18669e-09 0.00011414 4.39465e-05 4.6623e-07 4.60619e-06 2.17417e-05 8.83813e-05 
0.0158814 0.152091 1.36091e-07 0.000336093 0.00161063 0.0841865 0.00575119 0.599361 0.0997497 0.000637018 8.26238e-05 2.5953e-08 0.0282621 0.00456694 1.84235e-09 0.00411334 0.00143263 2.04787e-05 0.000355528 4.92212e-07 0.00156143 
0.00403982 0.0128917 5.57067e-05 0.193505 8.959e-06 0.00137555 0.000421055 0.780227 0.00249703 0.000327679 1.53113e-10 7.07909e-10 0.00168109 0.000518782 2.26174e-12 2.82121e-06 0.00227936 1.60728e-08 3.69156e-05 1.43978e-12 0.000131119 
0.0370765 0.0562612 1.91611e-05 0.000258678 0.00189769 0.104635 0.158917 0.363962 0.0308166 0.0246207 0.000330741 3.01498e-06 0.0335593 0.00819435 0.000166822 0.0747199 0.0633055 0.000262109 0.0303356 7.03194e-06 0.0106507 
0.00929072 0.0538556 3.46474e-08 0.000853345 0.000813292 0.00762037 0.00190503 0.739206 0.00273208 0.0013258 8.99962e-13 2.57549e-10 0.00489556 0.000255676 3.69677e-10 0.021273 0.153207 1.48372e-05 0.00127253 0.000374979 0.00110448 
0.000732839 0.0137534 0.0019491 0.000659189 0.00026458 0.267344 0.102812 0.488633 0.00804805 0.0190125 1.71849e-05 2.78204e-09 0.0254983 0.000969957 1.28723e-11 0.0416512 0.0240974 0.00394411 0.000148067 9.54326e-05 0.000369195 
0.00581513 0.0180173 7.60297e-05 0.29006 1.34376e-05 0.00194016 0.000631577 0.672489 0.00361202 0.00046067 2.1749e-10 1.00597e-09 0.00252163 0.000772295 3.03436e-12 4.23151e-06 0.00333484 2.25799e-08 5.50781e-05 1.93162e-12 0.000196677 
0.0285506 0.0919407 5.75038e-07 0.0751988 5.75397e-07 5.75684e-07 0.00034595 0.681175 0.0287831 0.0181926 0.000115577 0.000575639 0.0102476 0.0365507 5.7457e-07 0.00138196 0.0157754 5.75588e-07 0.00534988 5.7501e-07 0.00581341 
0.0133297 0.0545802 5.84382e-05 0.155953 0.000853353 0.0090289 0.0556659 0.666199 0.0070934 0.00217887 7.67312e-06 9.59612e-07 0.00460702 0.00296402 9.66741e-09 0.00899146 0.0171308 5.19245e-05 0.000185811 8.70277e-05 0.00103192 
0.150444 0.164726 2.48445e-06 0.00978252 0.000611812 0.00850674 0.00144333 0.384419 0.0207214 0.0261656 0.00874601 1.42915e-05 0.00499781 0.0945669 0.000437056 0.00680949 0.098941 0.000263602 0.000686898 0.0110262 0.00668699 
0.0756466 0.3558 9.44003e-07 3.5129e-05 0.00694706 0.0480476 0.00423942 0.465256 0.03636 0.00440995 0.000180167 8.93151e-09 0.00150249 8.79271e-05 1.18872e-05 0.00113337 0.000210228 0.000122124 9.96688e-06 3.56321e-09 6.48183e-08 
0.0371454 0.376105 1.30262e-07 0.00247861 0.000910795 0.0116518 0.0106073 0.490166 0.0392111 0.000296335 9.64737e-05 7.31267e-10 0.000738563 0.00113052 6.47599e-12 0.00372122 0.023859 2.01472e-05 1.94918e-05 0.00167473 0.000167476 
0.00259249 0.0970388 5.34723e-06 0.063172 0.000499193 0.11675 0.00743774 0.672432 0.0104784 0.000813244 9.81045e-05 7.04064e-08 0.00317078 0.000140963 1.87746e-12 0.00258532 0.0227188 6.33731e-06 2.21372e-05 9.07983e-08 3.86448e-05 
0.0220933 0.144158 5.94633e-07 0.0659881 0.00137694 0.000492747 0.000181352 0.747933 0.0121648 0.000103475 9.81977e-07 7.49685e-09 0.00269464 0.000185151 4.3665e-11 0.000960916 0.00127966 4.86719e-09 9.94509e-05 2.77964e-11 0.000286875 
0.0253082 0.231966 0.0651829 0.218936 0.000952006 0.0191552 0.0139958 0.341992 0.0562011 0.00103924 1.55082e-08 8.62965e-12 0.0122771 9.79275e-05 1.4628e-11 0.00211844 0.0105112 4.68005e-05 6.34107e-05 9.41875e-07 0.000155343 
0.0133294 0.0865788 0.000159339 0.0203829 0.00289436 0.0365529 0.0170563 0.701419 0.0155968 0.0140363 0.00135743 0.000207844 0.0214834 0.00614034 1.25832e-07 0.00630093 0.0433966 0.00715007 0.00122242 0.00188736 0.00284797 
0.00929072 0.0538556 3.46474e-08 0.000853345 0.000813292 0.00762037 0.00190503 0.739206 0.00273208 0.0013258 8.99962e-13 2.57549e-10 0.00489556 0.000255676 3.69677e-10 0.021273 0.153207 1.48372e-05 0.00127253 0.000374979 0.00110448 
3.40201e-05 1.68765e-05 7.05031e-06 7.21977e-06 4.4507e-05 1.86202e-05 6.57246e-06 0.998156 8.9835e-05 6.27138e-05 2.80019e-09 5.48113e-06 4.60386e-05 0.000147498 6.19546e-06 6.70233e-05 8.42994e-05 9.89195e-06 0.000999698 2.81508e-09 0.000190672 
0.0113754 0.162055 9.57022e-06 0.0902697 0.00591785 0.0641395 0.00064516 0.176238 0.00780364 0.034949 6.65944e-07 5.70805e-05 0.00252889 0.0342935 1.86417e-05 0.00233196 0.16831 0.00798674 0.120187 0.00225899 0.108622 
0.00482525 0.0410646 3.22968e-06 0.00567599 9.46768e-05 0.027281 0.000794477 0.885697 0.0048181 0.00312708 8.16764e-05 1.73308e-07 0.00107723 0.00125537 1.90404e-10 0.000615737 0.0216916 9.24545e-05 0.00129348 0.00031915 0.000191835 
0.00403982 0.0128917 5.57067e-05 0.193505 8.959e-06 0.00137555 0.000421055 0.780227 0.00249703 0.000327679 1.53113e-10 7.07909e-10 0.00168109 0.000518782 2.26174e-12 2.82121e-06 0.00227936 1.60728e-08 3.69156e-05 1.43978e-12 0.000131119 
0.0401203 0.156588 0.0121426 0.273057 0.00014203 0.00884098 0.0028186 0.463952 0.0273888 0.00088392 5.24191e-07 8.27941e-07 0.00497415 0.000958234 1.18581e-11 0.000676629 0.00707764 7.46117e-06 0.000314456 9.06679e-07 5.46564e-05 
0.0345777 0.296597 1.85794e-05 0.0394301 0.00168213 0.00353813 0.000876426 0.526075 0.0856754 0.00114319 0.000265338 6.20851e-09 0.00517649 0.000558325 1.52722e-08 0.00147858 0.00232588 7.38896e-07 5.33124e-05 3.20398e-11 0.000527672 
0.0191926 0.0151783 5.88417e-10 2.30879e-10 0.000755998 0.000253622 0.0020625 0.953291 0.00272981 0.000440777 2.48514e-12 2.3153e-12 0.00370415 0.000298597 3.92463e-12 2.36414e-05 0.00112451 6.0961e-13 9.15367e-06 6.05391e-09 0.000935265 
0.00220254 0.0362484 6.1773e-12 6.49689e-06 1.43938e-05 2.38517e-07 8.30116e-05 0.960502 0.000171564 7.15195e-05 9.70985e-09 5.94532e-12 7.34702e-09 2.92806e-05 1.00778e-11 0.000130072 4.0624e-08 1.06259e-07 1.42054e-08 0.00033332 0.000206773 
0.0151549 0.144542 2.1885e-07 0.0377721 0.000352692 0.00718197 0.00118014 0.669593 0.00427187 0.00802998 1.15703e-05 2.9016e-07 0.00237548 0.00518806 1.35777e-08 0.000496883 0.0844572 0.000683988 0.012452 0.00382639 0.00242872 
0.00251301 0.0974441 4.86881e-06 0.0592122 0.000440472 0.112113 0.00649278 0.68433 0.0104171 0.000815865 8.37582e-05 5.14105e-08 0.00302738 0.000104351 1.85203e-12 0.00206257 0.0208782 5.59479e-06 1.88409e-05 1.79634e-09 3.59479e-05 
0.0116795 0.0404003 9.40233e-05 0.00286843 0.000230121 0.00184797 0.00525091 0.785144 0.0244888 0.0277596 4.44399e-08 6.99391e-05 0.00716206 0.00872238 3.81537e-05 0.00648673 0.0234241 0.000160004 0.000611475 1.88713e-05 0.0535423 
0.0137216 0.0184359 2.76808e-08 8.59194e-06 0.000544571 0.000182365 0.00147952 0.9564 0.00195398 0.000316964 2.82618e-10 2.63303e-10 0.00265155 0.00021565 4.46321e-10 1.75775e-05 0.00339064 6.93268e-11 7.50368e-06 3.47536e-07 0.000672862 
0.0372869 0.0102073 1.18123e-07 0.000763631 0.00403558 0.189379 0.0868376 0.293841 0.0325882 0.0432197 0.000509921 6.90964e-07 0.21345 0.00354003 4.52992e-06 0.0153267 0.0236809 1.86259e-05 0.000496328 1.07465e-06 0.0448122 
0.00245507 0.0182551 4.86198e-05 0.000255115 0.000103101 0.00152278 0.00127355 0.895137 0.0041837 0.0221208 0.000312819 1.02443e-06 0.00719687 0.000715571 1.17478e-09 0.00291784 0.0399621 2.55522e-05 0.000407787 0.00017908 0.00292642 
0.0325253 0.0593851 0.000209954 0.000209038 4.91625e-05 0.000953845 0.00188533 0.307727 0.122794 0.117172 5.38335e-12 5.43307e-06 0.0763905 0.0881081 8.2959e-06 0.00888638 0.101323 2.31974e-05 0.0278224 0.000356584 0.0541654 
0.0118471 0.127767 1.25457e-05 0.000545482 0.00231172 0.0053562 0.00076559 0.779382 0.00693825 0.00133034 0.00083905 1.05686e-06 0.00267494 0.00566691 4.16243e-10 0.00267585 0.0432092 3.46565e-05 0.00705565 0.000660788 0.000926348 
0.00403982 0.0128917 5.57067e-05 0.193505 8.959e-06 0.00137555 0.000421055 0.780227 0.00249703 0.000327679 1.53113e-10 7.07909e-10 0.00168109 0.000518782 2.26174e-12 2.82121e-06 0.00227936 1.60728e-08 3.69156e-05 1.43978e-12 0.000131119 
0.0319261 0.276387 4.70345e-05 0.0618508 0.000506044 0.00374939 5.31422e-06 0.607201 0.00633274 5.85136e-08 1.95339e-11 2.65265e-08 0.00425797 0.00138516 3.08488e-11 1.12761e-07 0.00615062 7.35997e-08 6.0172e-08 1.55452e-05 0.000184105 
0.0215011 0.33838 3.74579e-08 0.0171047 3.58323e-08 0.00211086 6.14703e-05 0.367595 0.000353285 0.00719218 1.37529e-11 5.2442e-09 0.000959452 0.000451334 2.17191e-11 9.40282e-05 0.24209 0.000173201 0.000609738 1.61084e-06 0.00132213 
0.104278 0.0902944 0.0608443 8.46678e-05 0.0725538 0.0398373 0.0898207 0.211238 0.0123375 0.00258899 2.63426e-06 9.05512e-08 0.0926979 0.00327961 1.40032e-08 0.177851 0.0373063 4.14478e-06 0.00483817 1.69054e-06 0.000141397 
0.0450255 0.0959913 3.53188e-05 0.0931769 0.00135998 0.0272775 0.0075876 0.219134 0.180371 0.0216993 5.38522e-10 3.37368e-07 0.0929799 0.00965917 8.50457e-10 0.0215219 0.0865582 1.0088e-06 0.000202959 2.52037e-07 0.0974183 
0.0151549 0.144542 2.1885e-07 0.0377721 0.000352692 0.00718197 0.00118014 0.669593 0.00427187 0.00802998 1.15703e-05 2.9016e-07 0.00237548 0.00518806 1.35777e-08 0.000496883 0.0844572 0.000683988 0.012452 0.00382639 0.00242872 
0.0258023 0.196936 0.00145914 0.0483503 0.0287936 0.208199 0.0279663 0.294019 0.0395448 0.0179606 0.000140287 4.03131e-07 0.0407938 0.000224796 6.98967e-06 0.0119966 0.0507333 0.00404856 6.29444e-05 6.58728e-07 0.00296067 
0.01287 0.220872 0.0078793 0.0124136 0.00144676 0.0606535 0.023863 0.534249 0.0198322 0.0142563 0.00110032 5.38934e-06 0.0110905 0.0130771 5.25563e-09 0.00370048 0.0559473 0.00203898 0.00120594 0.00157307 0.00192521 
0.00403138 0.0989275 4.95367e-11 2.86769e-11 0.0019806 6.08729e-12 0.0395326 0.509901 0.0172913 0.0232549 2.0163e-06 8.10976e-08 1.7016e-07 0.304939 8.08156e-11 0.000126249 1.97034e-07 1.12852e-05 1.63055e-07 2.26413e-07 1.04288e-06 
0.00658006 0.0364075 2.55594e-05 0.142241 0.000304002 0.01414 0.00392904 0.740029 0.00663302 0.00311841 2.53603e-07 2.02881e-07 0.00329451 0.00160042 5.19555e-10 0.0030909 0.0355432 0.000112815 0.00173384 5.10069e-05 0.00116521 
0.00512618 0.0627608 0.00283071 0.000959169 0.000475818 0.00191492 0.00113372 0.863894 0.00505766 0.00262 2.50503e-06 3.67708e-07 0.00198723 0.00192444 7.98735e-09 0.00650588 0.0394553 2.09549e-05 0.00164654 0.000695405 0.00098857 
0.00501405 0.0542993 0.0428492 0.000236491 0.000697215 0.000100873 0.00374092 0.879486 0.00633379 0.00223847 1.22345e-11 1.2559e-06 0.000100024 0.000465569 1.93212e-11 3.1559e-05 0.00401648 2.00804e-06 1.03153e-05 1.22995e-11 0.000376295 
0.0111797 0.124171 6.542e-06 0.0114764 8.86468e-05 0.0498127 0.0800193 0.41525 0.0135643 0.0130138 1.85807e-06 7.48425e-07 0.0068429 0.148972 5.3337e-08 0.019163 0.0935273 0.00192738 0.00822015 0.00171877 0.0010437 
0.00137084 0.0228159 1.17035e-06 0.000470862 0.000392435 0.0968619 0.00196314 0.847364 0.010031 0.00063352 0.000324774 7.25885e-08 0.00331085 0.000495517 4.44064e-12 0.00110269 0.0127659 1.85214e-06 2.60034e-05 5.32907e-08 6.7052e-05 
0.0132914 0.0682596 3.1399e-06 0.00133254 2.7618e-05 0.0103578 0.000469694 0.830374 0.00501537 0.00674848 1.74446e-05 3.92451e-07 0.000612256 0.00323044 3.75772e-10 0.000319349 0.0554539 6.05636e-05 0.0031376 0.000828792 0.000459333 
0.00386724 0.201122 2.04404e-07 0.0033338 0.012313 0.204184 0.106665 0.254409 0.0541226 0.0175582 0.00139009 2.04413e-07 0.0133421 2.04601e-07 2.04238e-07 0.03026 0.092317 0.00108458 0.000572693 2.04394e-07 0.00345758 
0.00635388 0.0431382 2.32318e-08 0.000601686 0.000542204 0.00509014 0.00127003 0.818618 0.00190313 0.000883871 8.35072e-13 2.14063e-10 0.00326371 0.000170454 2.92383e-10 0.0141821 0.102138 9.89262e-06 0.000848376 0.000249992 0.000736326 
0.00589116 0.275253 2.87842e-05 0.0196177 0.0487145 0.0646061 0.174784 0.292061 0.0100262 0.00471039 6.644e-05 3.08556e-06 0.00637014 0.00773018 2.6583e-08 0.0292606 0.0562387 7.61625e-05 0.000195055 0.0034313 0.000934972 
0.00403982 0.0128917 5.57067e-05 0.193505 8.959e-06 0.00137555 0.000421055 0.780227 0.00249703 0.000327679 1.53113e-10 7.07909e-10 0.00168109 0.000518782 2.26174e-12 2.82121e-06 0.00227936 1.60728e-08 3.69156e-05 1.43978e-12 0.000131119 
0.00929072 0.0538556 3.46474e-08 0.000853345 0.000813292 0.00762037 0.00190503 0.739206 0.00273208 0.0013258 8.99962e-13 2.57549e-10 0.00489556 0.000255676 3.69677e-10 0.021273 0.153207 1.48372e-05 0.00127253 0.000374979 0.00110448 
0.0371454 0.376105 1.30262e-07 0.00247861 0.000910795 0.0116518 0.0106073 0.490166 0.0392111 0.000296335 9.64737e-05 7.31267e-10 0.000738563 0.00113052 6.47599e-12 0.00372122 0.023859 2.01472e-05 1.94918e-05 0.00167473 0.000167476 
3.40201e-05 1.68765e-05 7.05031e-06 7.21977e-06 4.4507e-05 1.86202e-05 6.57246e-06 0.998156 8.9835e-05 6.27138e-05 2.80019e-09 5.48113e-06 4.60386e-05 0.000147498 6.19546e-06 6.70233e-05 8.42994e-05 9.89195e-06 0.000999698 2.81508e-09 0.000190672 
0.0118159 0.0652829 8.77967e-06 0.000649465 0.0032883 0.00140904 0.000498243 0.907168 0.00857338 0.000111171 1.87642e-05 4.32173e-10 0.000420591 0.000401497 4.46247e-12 4.16881e-05 0.000245528 5.50705e-07 5.16728e-05 2.37517e-09 1.44131e-05 
0.00572187 0.0742933 2.73841e-06 0.0147992 0.000151829 0.0109364 0.00155567 0.806072 0.00546977 0.00658149 0.00956915 3.90472e-06 0.00202638 0.010676 6.85313e-09 0.00176005 0.0468572 0.00020033 0.00190989 0.000571061 0.00084193 
0.0111171 0.106995 0.000246978 0.000728507 0.00244575 0.0104901 0.00162012 0.781894 0.018082 0.002068 0.000587585 3.82369e-07 0.0111082 0.00248962 2.17843e-08 0.00848795 0.0171486 2.33065e-05 0.00388232 0.0090601 0.0115246 
0.00403982 0.0128917 5.57067e-05 0.193505 8.959e-06 0.00137555 0.000421055 0.780227 0.00249703 0.000327679 1.53113e-10 7.07909e-10 0.00168109 0.000518782 2.26174e-12 2.82121e-06 0.00227936 1.60728e-08 3.69156e-05 1.43978e-12 0.000131119 
0.0250505 0.262006 0.00399128 0.203407 0.00156484 0.0289978 0.0102365 0.262321 0.0247979 0.0246607 5.26092e-05 1.33248e-07 0.0116918 0.0117686 3.90943e-09 0.0162054 0.109793 8.77585e-05 0.00254456 0.000305492 0.000516693 
0.0200196 0.239622 0.0012071 0.0108214 0.00190066 0.277727 0.0190569 0.311064 0.0204817 0.0293568 0.000709878 5.45234e-07 0.0112784 0.00315978 3.71748e-10 0.0126602 0.0266435 0.00570041 0.00756144 0.0002373 0.000791628 
0.0983895 0.0990696 0.00177984 0.0116208 0.00277357 0.129221 0.094849 0.156489 0.0649839 0.0511618 0.000351247 2.51059e-05 0.0341627 0.0355473 0.000570377 0.0291601 0.15334 0.00112892 0.003875 0.00576071 0.0257406 
0.00929072 0.0538556 3.46474e-08 0.000853345 0.000813292 0.00762037 0.00190503 0.739206 0.00273208 0.0013258 8.99962e-13 2.57549e-10 0.00489556 0.000255676 3.69677e-10 0.021273 0.153207 1.48372e-05 0.00127253 0.000374979 0.00110448 
0.00643745 0.0975781 0.00909175 0.0235947 0.00115836 0.0394134 0.00384012 0.747985 0.010738 0.00923929 0.000481252 8.39236e-06 0.0152402 0.00503502 9.16142e-06 0.00986056 0.0147558 4.60987e-05 0.000291563 1.01489e-05 0.00518533 
0.00220254 0.0362484 6.1773e-12 6.49689e-06 1.43938e-05 2.38517e-07 8.30116e-05 0.960502 0.000171564 7.15195e-05 9.70985e-09 5.94532e-12 7.34702e-09 2.92806e-05 1.00778e-11 0.000130072 4.0624e-08 1.06259e-07 1.42054e-08 0.00033332 0.000206773 
0.000857164 0.0120167 9.5812e-10 0.00670851 1.14729e-12 5.92402e-05 4.59426e-13 0.980106 5.49794e-05 0.000153142 2.3099e-12 2.15204e-12 3.03576e-13 2.97365e-05 3.64789e-12 5.97057e-13 1.09207e-05 5.1631e-08 1.22987e-06 2.32219e-12 2.2244e-06 
0.0118159 0.0652829 8.77967e-06 0.000649465 0.0032883 0.00140904 0.000498243 0.907168 0.00857338 0.000111171 1.87642e-05 4.32173e-10 0.000420591 0.000401497 4.46247e-12 4.16881e-05 0.000245528 5.50705e-07 5.16728e-05 2.37517e-09 1.44131e-05 
0.000814007 0.0119629 4.69722e-05 8.50936e-06 8.18057e-09 6.13351e-10 0.000957114 0.948102 0.0038575 0.00531263 6.14239e-09 7.89555e-07 0.00203718 0.000196534 5.07386e-12 0.000679235 0.0223823 2.40656e-06 1.01366e-05 1.64803e-08 0.00362979 
0.019881 0.215029 3.10316e-06 0.00363519 0.00498431 0.0057581 0.00695808 0.463721 0.0233596 5.62607e-08 1.40244e-07 2.47199e-09 0.00392053 0.00122273 3.24393e-11 0.109371 0.140741 1.01143e-05 6.53128e-06 2.06503e-11 0.00139842 
0.0345777 0.296597 1.85794e-05 0.0394301 0.00168213 0.00353813 0.000876426 0.526075 0.0856754 0.00114319 0.000265338 6.20851e-09 0.00517649 0.000558325 1.52722e-08 0.00147858 0.00232588 7.38896e-07 5.33124e-05 3.20398e-11 0.000527672 
0.00917043 0.246219 0.0278213 0.240568 0.00112319 0.0650213 0.0187407 0.307399 0.0150614 0.00649272 6.37933e-05 3.87496e-06 0.0158665 0.00183766 9.55158e-09 0.00108145 0.0413924 5.54312e-05 0.0004958 1.53471e-05 0.0015714 
0.0913206 0.327872 0.00094217 0.0342438 0.00701974 0.0185658 0.00965676 0.383745 0.0273206 0.0115853 0.000763769 0.000569388 0.0194576 0.0162412 9.87608e-05 0.008711 0.0327078 0.00015746 0.000819653 0.00334308 0.00485877 
0.0211351 0.160469 0.0286973 0.38051 8.95507e-05 0.00568778 0.00387788 0.384595 0.00648557 0.000353229 1.51414e-08 2.07377e-12 0.00335252 0.000182742 3.51522e-12 0.000224278 0.00417156 1.78737e-05 9.62983e-05 9.20004e-07 5.29985e-05 
0.0227085 0.0789997 0.000379961 0.0264985 0.00113114 0.0282614 0.0238946 0.732897 0.00999266 0.0127279 0.00137597 1.25055e-05 0.00890703 0.00851798 2.19073e-06 0.00600422 0.030559 0.00128096 0.00089618 0.00119762 0.00375505 
0.000860813 0.00271506 0.000126399 0.000104418 0.00024866 0.0107067 0.000720937 0.936447 0.00346307 0.00899563 0.000240399 4.99121e-07 0.00558246 7.37406e-06 1.94935e-09 0.0201514 0.00788987 6.69888e-07 4.72778e-05 1.46625e-09 0.00169134 
0.00389506 0.027436 7.69916e-05 0.00482741 0.000873256 0.0221386 0.0292497 0.469193 0.0225905 0.0684749 0.00681915 4.99731e-05 0.0265881 0.013758 4.6996e-07 0.0206745 0.247058 0.0242919 0.00181833 0.000668692 0.0095176 
0.027222 0.101315 0.00121961 0.098746 8.09001e-08 0.00159096 5.14413e-05 0.289685 0.0435697 0.14684 3.74532e-08 1.90403e-05 0.00982569 0.212349 1.38369e-10 0.00449282 0.0432838 0.00103057 0.0141442 2.04018e-05 0.00459461 
0.0120237 0.108701 0.00404965 0.00403982 0.00124298 0.00893776 0.0518665 0.710106 0.0079825 0.00816433 0.000524051 0.0065424 0.00767029 0.00736332 1.55658e-07 0.0073867 0.031759 0.000145938 0.00132176 0.000791859 0.0193803 
0.0202533 0.353041 1.01447e-05 0.00237706 0.000178498 0.0199914 0.000910135 0.521728 0.0134741 0.00353793 3.10148e-08 1.61099e-09 6.51961e-08 0.0185796 8.02932e-13 1.13546e-08 0.045568 0.000235028 4.74357e-09 4.42645e-08 0.000116078 
0.000923277 0.00324882 1.26128e-08 1.26336e-08 0.00019621 0.0255215 0.000423178 0.957256 0.00698801 0.000186248 6.49727e-05 2.32668e-09 0.00232551 9.0015e-13 6.13159e-10 0.00278582 2.27741e-05 2.73341e-07 5.75699e-05 4.4381e-10 1.70212e-08 
0.000860813 0.00271506 0.000126399 0.000104418 0.00024866 0.0107067 0.000720937 0.936447 0.00346307 0.00899563 0.000240399 4.99121e-07 0.00558246 7.37406e-06 1.94935e-09 0.0201514 0.00788987 6.69888e-07 4.72778e-05 1.46625e-09 0.00169134 
0.00403982 0.0128917 5.57067e-05 0.193505 8.959e-06 0.00137555 0.000421055 0.780227 0.00249703 0.000327679 1.53113e-10 7.07909e-10 0.00168109 0.000518782 2.26174e-12 2.82121e-06 0.00227936 1.60728e-08 3.69156e-05 1.43978e-12 0.000131119 
0.00220254 0.0362484 6.1773e-12 6.49689e-06 1.43938e-05 2.38517e-07 8.30116e-05 0.960502 0.000171564 7.15195e-05 9.70985e-09 5.94532e-12 7.34702e-09 2.92806e-05 1.00778e-11 0.000130072 4.0624e-08 1.06259e-07 1.42054e-08 0.00033332 0.000206773 
0.0140974 0.14427 2.40414e-06 0.029456 0.000274319 0.00558598 0.000917894 0.708081 0.00369597 0.00624554 8.9998e-06 2.73214e-07 0.0018476 0.00430236 1.05972e-08 0.000386468 0.0656889 0.000531993 0.00968494 0.00297609 0.00194617 
0.0572958 0.154866 0.000196231 0.000204831 0.00273095 0.143065 0.024181 0.285926 0.0207023 0.0252183 4.30479e-08 0.000374035 0.0409433 0.0279559 2.01639e-10 0.00287068 0.075993 0.000664726 0.00292057 0.0954513 0.0384399 
0.0140974 0.14427 2.40414e-06 0.029456 0.000274319 0.00558598 0.000917894 0.708081 0.00369597 0.00624554 8.9998e-06 2.73214e-07 0.0018476 0.00430236 1.05972e-08 0.000386468 0.0656889 0.000531993 0.00968494 0.00297609 0.00194617 
0.0254982 0.293725 0.00109869 0.000702835 0.00370363 0.0387406 0.0161175 0.550514 0.0278543 0.0133694 8.78505e-05 5.47489e-06 0.00553038 0.00582051 4.97495e-07 0.00602905 0.00729462 0.00318172 0.000414295 1.42539e-07 0.000310959 
0.0821493 0.385043 7.52581e-07 2.7359e-05 0.0054037 0.0373713 0.00329756 0.439963 0.0407789 0.00343017 0.000140277 1.02415e-08 0.00116879 6.85292e-05 9.32764e-06 0.000881859 0.00016358 9.50597e-05 7.80653e-06 3.86805e-09 7.41307e-08 
0.0252528 0.0593583 0.000361363 0.0313067 0.00454701 0.0418124 0.0108678 0.701604 0.04519 0.014108 0.00667 3.21253e-06 0.0188303 0.0065475 3.87545e-08 0.00617063 0.0177361 2.60177e-05 0.000376441 4.30919e-05 0.00918792 
0.00501405 0.0542993 0.0428492 0.000236491 0.000697215 0.000100873 0.00374092 0.879486 0.00633379 0.00223847 1.22345e-11 1.2559e-06 0.000100024 0.000465569 1.93212e-11 3.1559e-05 0.00401648 2.00804e-06 1.03153e-05 1.22995e-11 0.000376295 
0.0374535 0.31956 0.000151687 0.0167713 0.0172393 0.00710725 0.0122684 0.417209 0.0265343 0.0357701 0.00249183 1.70083e-05 0.0141159 0.0168645 6.40271e-05 0.00360731 0.043943 0.00962746 0.000502785 0.00440951 0.0142919 
0.00604458 0.126508 8.32545e-12 0.353671 0.000325944 0.0281832 2.56056e-07 0.406997 0.0326215 0.031858 1.8623e-07 8.38877e-08 0.00370074 0.00171949 1.35824e-11 0.00372594 0.000387457 1.58817e-05 0.00414338 3.80665e-05 5.98618e-05 
0.00635388 0.0431382 2.32318e-08 0.000601686 0.000542204 0.00509014 0.00127003 0.818618 0.00190313 0.000883871 8.35072e-13 2.14063e-10 0.00326371 0.000170454 2.92383e-10 0.0141821 0.102138 9.89262e-06 0.000848376 0.000249992 0.000736326 
0.00507949 0.0353053 2.0439e-05 0.0204028 0.000167742 0.00288203 0.000980214 0.86436 0.00326671 0.00524729 0.000475725 8.61912e-07 0.00190986 0.012946 1.72669e-10 5.3093e-05 0.0404917 0.000180445 0.000621633 0.000571511 0.00503729 
0.00150911 0.308528 6.54292e-06 1.44801e-06 0.000127953 0.0160361 0.000982296 0.659206 0.00330037 0.000572125 4.5254e-05 1.35926e-07 0.00369834 8.31129e-06 1.025e-07 0.00247236 0.00247891 1.34905e-06 0.000690077 4.86267e-08 0.000335781 
0.021163 0.202763 3.37981e-08 0.000437863 0.0021408 0.063285 0.00766058 0.552262 0.0956198 0.000847601 0.000108621 6.27057e-09 0.0376667 0.00608294 9.10139e-11 0.00547746 0.00190829 2.68693e-05 0.000470894 4.20054e-07 0.00207798 
0.00615854 0.0291674 1.47697e-05 0.000282051 0.0018738 0.00383594 0.000908779 0.907615 0.0191396 0.00313427 3.05047e-05 4.19236e-08 0.0128421 0.000133266 2.02006e-06 0.00403329 0.00700379 2.25592e-06 1.68108e-05 2.64378e-05 0.00377928 
0.0044536 0.137966 9.17144e-07 1.30657e-05 0.000272991 0.00491711 0.000129156 0.842462 0.00718284 7.20812e-06 0.000237292 1.39077e-09 0.000196618 1.40525e-06 2.90267e-12 0.00190004 2.38725e-05 2.76385e-05 0.000193769 1.84779e-12 1.52287e-05 
0.0138216 0.132161 7.46192e-06 0.012298 0.000253793 0.055628 0.00389745 0.708186 0.0126617 0.00328707 2.9922e-05 1.29292e-06 0.00819223 0.00166318 6.98891e-09 0.0048501 0.0300805 1.57212e-05 0.0117436 0.000328321 0.000892575 
0.000923277 0.00324882 1.26128e-08 1.26336e-08 0.00019621 0.0255215 0.000423178 0.957256 0.00698801 0.000186248 6.49727e-05 2.32668e-09 0.00232551 9.0015e-13 6.13159e-10 0.00278582 2.27741e-05 2.73341e-07 5.75699e-05 4.4381e-10 1.70212e-08 
0.0271591 0.12906 1.79046e-08 0.00040649 0.00136179 0.00362889 0.00136166 0.427273 0.00736118 0.016812 7.56692e-12 5.18398e-10 0.0317632 0.000532237 1.11841e-09 0.0708708 0.171893 7.08793e-06 0.00215205 0.000178711 0.108179 
0.0124928 0.210732 5.96359e-05 0.00139704 0.000138289 0.00591837 0.000492023 0.565294 0.00307654 0.0142442 6.12821e-06 5.0252e-07 0.00334428 0.00760515 3.23396e-10 0.000330531 0.146518 6.16032e-05 0.011979 0.00975351 0.00655614 
0.00846453 0.130329 5.68983e-05 0.000397996 0.00230367 0.00251202 0.00252028 0.735154 0.018901 0.0329284 0.000249438 3.73384e-07 0.0103217 0.0121424 1.34204e-06 0.00204221 0.040607 2.36957e-05 0.000201309 0.000103688 0.000739384 
0.0136222 0.0733546 2.42849e-05 0.0376631 0.000162619 0.0081947 0.00109079 0.781793 0.00570405 0.00631367 0.000342796 1.3068e-06 0.00294316 0.0121673 3.26855e-09 0.000246449 0.0488992 0.000257359 0.00439796 0.00106465 0.00175704 
0.0132914 0.0682596 3.1399e-06 0.00133254 2.7618e-05 0.0103578 0.000469694 0.830374 0.00501537 0.00674848 1.74446e-05 3.92451e-07 0.000612256 0.00323044 3.75772e-10 0.000319349 0.0554539 6.05636e-05 0.0031376 0.000828792 0.000459333 
0.0116795 0.0404003 9.40233e-05 0.00286843 0.000230121 0.00184797 0.00525091 0.785144 0.0244888 0.0277596 4.44399e-08 6.99391e-05 0.00716206 0.00872238 3.81537e-05 0.00648673 0.0234241 0.000160004 0.000611475 1.88713e-05 0.0535423 
0.0140974 0.14427 2.40414e-06 0.029456 0.000274319 0.00558598 0.000917894 0.708081 0.00369597 0.00624554 8.9998e-06 2.73214e-07 0.0018476 0.00430236 1.05972e-08 0.000386468 0.0656889 0.000531993 0.00968494 0.00297609 0.00194617 
0.0156345 0.293751 0.000135712 0.128208 0.000691988 0.0144503 0.00402882 0.470061 0.0245488 0.00618202 0.00615317 3.27681e-06 0.00777596 0.00663229 7.23166e-07 0.0056331 0.0113378 4.25827e-05 0.000337719 0.00260602 0.00178423 
0.00635388 0.0431382 2.32318e-08 0.000601686 0.000542204 0.00509014 0.00127003 0.818618 0.00190313 0.000883871 8.35072e-13 2.14063e-10 0.00326371 0.000170454 2.92383e-10 0.0141821 0.102138 9.89262e-06 0.000848376 0.000249992 0.000736326 
0.00168301 0.0229945 6.81689e-12 0.000414527 4.52545e-07 7.97016e-09 0.000120421 0.970022 0.00413805 0.000128544 8.42129e-09 3.69786e-10 7.06568e-05 0.000154904 1.18669e-09 0.00011414 4.39465e-05 4.6623e-07 4.60619e-06 2.17417e-05 8.83813e-05 
0.0130216 0.23567 3.35813e-05 0.0103698 0.000729954 0.0158241 0.00249741 0.535937 0.00736532 0.0312485 0.00372326 5.91218e-10 0.0117041 0.00587443 3.67588e-07 0.0178771 0.105689 0.000105254 0.000414176 0.000198899 0.00171596 
0.0144549 0.0529637 9.41167e-06 0.000116374 0.000770956 0.012293 0.000197059 0.831104 0.0414445 0.00273352 1.28029e-07 1.72701e-08 0.0314735 9.28071e-12 1.48858e-06 0.0101279 0.000920563 1.0101e-05 5.34875e-08 4.64468e-06 0.00137448 
0.0200508 0.0691578 2.58649e-05 0.00129919 0.00157153 0.012127 0.00235386 0.807463 0.0314308 0.00882821 4.23658e-05 1.20588e-05 0.00461616 0.00270389 1.79371e-05 0.00502493 0.0169913 5.86849e-05 0.000927523 0.0001815 0.0151152 
0.00324755 0.324616 3.5929e-06 0.00276869 3.78547e-06 0.00405401 0.000530554 0.634007 0.00472942 0.000943249 0.000474757 1.45327e-07 0.00028092 0.00429231 8.23018e-11 0.000103953 0.0198914 5.67608e-06 3.13729e-05 4.20955e-07 1.4732e-05 
0.00929072 0.0538556 3.46474e-08 0.000853345 0.000813292 0.00762037 0.00190503 0.739206 0.00273208 0.0013258 8.99962e-13 2.57549e-10 0.00489556 0.000255676 3.69677e-10 0.021273 0.153207 1.48372e-05 0.00127253 0.000374979 0.00110448 
0.038667 0.0697911 0.0706723 0.0674572 0.000622464 0.0328692 0.00351172 0.257174 0.0178299 0.178464 0.00968453 0.000235631 0.00518335 0.015181 4.36367e-06 0.000702924 0.0415544 0.0890982 0.0641216 0.0310307 0.00614436 
0.0281088 0.0981857 0.00186354 0.000898453 0.00224452 0.00638996 0.00467905 0.736847 0.0215975 0.0116166 3.57071e-05 9.15885e-10 0.015556 0.00176047 5.4631e-12 0.00457368 0.0168892 6.34135e-06 8.96083e-05 0.0458338 0.00282394 
0.00212649 0.0591026 3.74798e-06 0.0232765 0.000477086 0.11359 0.00500312 0.758728 0.0108421 0.000793513 0.00020678 8.2377e-08 0.00349984 0.000327364 3.10986e-12 0.00223259 0.01969 4.77871e-06 2.7228e-05 1.06497e-05 5.83277e-05 
0.0651809 0.158651 4.89054e-07 0.0194411 0.0928023 0.0769946 2.28459e-07 0.215401 0.0317669 3.13786e-05 0.0290142 4.32706e-05 0.00398344 0.0469161 7.21475e-11 0.000141472 0.050166 0.12515 0.0833117 4.59279e-11 0.00100398 
0.000141206 0.0950122 1.03181e-06 5.57741e-05 3.70815e-06 1.89439e-05 0.0790019 0.532972 0.00761939 0.0109433 2.78812e-05 8.16955e-07 1.43466e-05 0.244874 1.9392e-06 1.50241e-05 0.0195781 0.00012083 0.00142251 0.00799217 0.000182705 
0.00364829 0.0270382 1.26558e-05 0.0004392 0.000779022 0.0620543 0.00418307 0.812575 0.00863471 0.00596411 2.62157e-05 1.51385e-06 0.00575777 0.00333042 1.25983e-09 0.00306049 0.0524005 3.19884e-05 0.00675409 2.12663e-12 0.00330873 
0.014145 0.0969702 2.95864e-05 6.5446e-05 0.000193067 0.00110289 0.00106898 0.718737 0.00687805 0.0068217 0.00318453 5.8448e-06 0.00343979 0.0807671 6.7739e-12 0.000144237 0.0577878 0.000309442 0.00124847 0.000795995 0.00630447 
0.0073198 0.266499 3.49965e-05 0.0165207 0.000112056 0.0104287 0.0122315 0.598399 0.0156198 0.00398789 0.003092 9.66087e-06 0.0379307 4.19895e-05 6.95078e-09 0.0207467 0.0034458 1.69608e-06 0.000175085 0.00294135 0.00046178 
