0.0259566 0.244962 0.000292691 0.0200957 0.00208916 0.0357638 0.0264133 0.00208873 0.442008 0.00787726 0.000437874 1.53651e-06 0.0276899 0.0520367 6.90961e-09 0.0065999 0.103213 2.29357e-05 5.01968e-08 1.22311e-06 0.00245015 
0.180278 7.02939e-05 1.43817e-06 0.000116718 0.0368766 0.0029876 0.0164088 4.60764e-06 0.363294 0.171077 1.49126e-05 1.04773e-06 0.00271188 0.0065402 1.3287e-08 0.00162355 0.0893999 5.57234e-05 0.0329086 8.4583e-09 0.0956294 
0.0238503 0.140287 1.38416e-06 0.0365933 0.000167816 0.025284 0.0460538 0.000263814 0.484409 0.0132363 0.000164827 8.90072e-05 0.0107067 0.18028 7.99569e-09 0.0011997 0.0368236 0.000505327 1.58224e-07 1.2362e-06 8.31493e-05 
0.004075 0.00167475 4.59773e-08 7.22118e-05 0.00643754 0.029433 0.00238991 0.00117023 0.571744 0.0340913 8.15381e-09 7.96352e-06 0.0662637 0.0137843 0.0501043 0.00222834 0.201635 1.14738e-05 9.09268e-08 1.8969e-05 0.0148579 
0.00724005 0.0428739 7.60951e-05 0.000880761 0.00304146 0.192676 0.0213422 0.00675298 0.592576 0.0111252 1.43488e-05 2.88085e-05 0.0392803 0.00279979 2.06195e-05 0.00131726 0.0731869 2.64313e-05 0.00400127 5.21487e-05 0.000686906 
0.00663774 0.0103809 4.45295e-05 5.67489e-08 0.0018166 0.141584 8.52542e-05 0.0377859 0.650102 0.00868641 3.32909e-07 4.66109e-08 0.0858874 2.56188e-07 7.05321e-10 0.015177 0.040426 3.77095e-08 1.3906e-07 5.525e-08 0.00138571 
0.0439198 0.186632 0.0188831 0.0313251 0.00400325 0.00622387 0.0517683 1.93107e-05 0.518199 0.0248673 0.00200147 8.25505e-05 0.0155393 0.00313057 2.47199e-07 0.00269693 0.0557786 0.000338616 7.19694e-05 0.0325596 0.0019592 
0.00209133 0.0277643 0.000302565 0.00163911 0.00315293 0.010161 0.0153398 0.00849548 0.566423 0.0335949 0.00217589 2.06604e-05 0.0154456 0.0934509 3.2473e-07 0.00410235 0.0564031 0.125703 0.000634372 0.000906173 0.0321932 
0.0179923 0.0104952 0.0016309 0.00141907 0.0126838 0.0692736 0.0092219 0.00841612 0.320751 0.179117 0.000209075 6.97899e-06 0.0783328 0.0211295 0.00202789 0.00331297 0.246328 0.00010115 4.7198e-05 1.11202e-05 0.0174931 
0.149546 0.280354 0.0124001 0.012965 0.0514338 0.031056 9.32793e-05 0.0029753 0.289295 0.00485871 0.0080891 0.000679482 0.00688256 0.118609 2.19254e-05 0.0001313 0.0286696 0.000207025 8.03309e-05 2.62873e-05 0.00162594 
0.00630328 0.13174 0.000265657 3.52421e-05 0.000106084 0.00524928 0.00850126 0.0368645 0.565911 0.0261719 3.06955e-06 5.26325e-06 0.0204158 0.116419 2.51621e-06 0.000589202 0.0625529 1.4269e-05 0.000286221 0.0104542 0.00811062 
0.00389998 0.0495452 1.28783e-07 1.61825e-07 0.00197274 0.00761861 0.0286316 2.50695e-07 0.596988 0.00452169 1.01315e-07 8.36432e-08 0.0186326 0.0817961 5.91726e-10 0.000511656 0.205881 4.81988e-08 2.84188e-10 3.76683e-10 6.94866e-08 
0.0147023 0.030577 0.000407278 0.00138064 0.00774318 0.0440456 0.0244089 0.00100764 0.405042 0.105752 0.105008 0.000101674 0.0903993 0.0150748 2.59152e-05 0.077942 0.0623336 0.000237723 0.00549815 0.000981098 0.00733155 
0.0115033 0.022605 1.4932e-05 0.00118572 0.0160909 0.0144612 0.0113154 0.00285578 0.331544 0.0490067 7.67556e-07 3.29523e-07 0.0219757 0.118021 0.00023862 0.00287267 0.0738364 0.000210945 0.0202904 0.000806475 0.301164 
0.0100066 0.0521787 0.000101228 0.00028955 0.0494317 0.0272716 0.000499444 0.00146523 0.658081 0.000264409 3.75047e-05 6.98946e-07 0.000237154 0.000486965 7.22735e-11 0.000477758 0.00144299 0.0114324 0.101037 0.0852552 2.55572e-06 
0.0122403 0.101484 4.40856e-07 0.00121985 0.000145268 0.189841 0.139113 0.0793932 0.256351 0.00402397 0.014504 7.79378e-06 0.00162125 0.0740183 4.72403e-08 0.0144657 0.0469903 0.000306444 0.000933856 1.4308e-05 0.0633268 
0.023451 0.0316865 0.00425437 0.00015691 0.000854417 0.0658022 0.137883 0.0210211 0.214295 0.0548979 0.00242803 5.33322e-06 0.0367207 0.185389 0.000103019 0.0200225 0.133354 0.000610224 0.0384826 0.000261865 0.0283199 
0.0875056 0.0349808 0.0270384 0.00015186 0.00640333 0.0143421 0.0018819 0.0302048 0.600558 0.114768 0.0134061 5.75141e-06 0.032962 0.00585036 6.40161e-07 0.00671365 0.00647 2.04269e-05 9.97527e-05 0.00782688 0.00881011 
0.0130335 0.142737 6.58879e-06 0.00113641 0.00747343 0.0747032 0.0585142 0.00550288 0.291166 0.0622765 0.00153619 1.32081e-05 0.0146907 0.177716 4.17489e-07 0.0131957 0.130153 0.00041784 0.00401895 0.000643911 0.00106401 
0.00150359 0.0258098 4.83095e-05 3.12609e-05 0.00268859 0.0934878 0.170854 0.00389444 0.272112 0.0486262 0.00607793 4.18365e-06 0.0553204 0.249108 1.56449e-05 0.0155742 0.029561 0.00062455 0.000176056 0.00381867 0.0206642 
0.063805 0.0299081 0.059964 9.532e-05 9.9002e-05 0.00355437 0.00393906 5.92628e-05 0.424692 0.298826 1.73731e-05 6.00796e-07 0.0143549 0.011938 8.42637e-06 0.0313522 0.0266014 1.84786e-06 0.00313248 0.000125596 0.0275251 
0.00215221 0.0970679 3.05326e-06 0.0132229 0.164358 0.00568685 0.00875229 0.00206676 0.244512 0.0941476 0.000476566 3.1221e-07 0.214865 0.0206257 5.29222e-07 0.0478679 0.00633731 2.25854e-10 0.000571217 9.25613e-10 0.0772862 
0.00926917 0.167685 0.00849883 0.00966687 0.0828917 0.00339348 0.032535 0.000679795 0.462963 0.0303088 0.000112031 1.53409e-05 0.000885976 0.134695 2.37394e-07 0.00978649 0.0140663 0.031581 0.00063743 0.000109893 0.000218231 
0.00577474 0.0639128 0.00470537 0.000312206 0.0109484 0.104962 0.0840561 0.00223661 0.376743 0.195871 0.0283519 0.000648985 0.0407142 0.0236467 5.61166e-09 0.00166367 0.0440204 0.0061698 0.000520709 0.00354253 0.00119847 
0.0284368 0.121233 0.000133795 0.00871863 0.0256877 0.200094 0.021383 0.0304514 0.356264 0.0227088 0.000387678 5.97019e-05 0.0316742 0.0113168 3.20017e-06 0.00689483 0.118512 0.00109694 0.00690143 0.00445641 0.00358607 
0.0227111 0.0659012 0.00011974 0.011818 0.028742 0.060777 0.28337 0.00577284 0.29728 0.00933434 0.000408356 0.00011806 0.023479 0.00339721 8.02832e-10 0.0011617 0.183849 0.000253757 2.07961e-05 9.87358e-07 0.00148517 
0.0051178 0.050866 1.25365e-05 0.000745994 0.00105015 0.00720513 0.0157608 0.0104277 0.778781 0.0060754 0.00743301 2.89051e-05 0.00890819 0.0624714 5.9894e-05 0.00140987 0.039047 0.000124422 0.000311171 0.000270403 0.00389307 
0.159967 0.0990557 3.64631e-07 0.00789703 0.00357706 0.0784973 2.74478e-05 0.00265951 0.364275 0.0498342 1.91714e-05 4.60893e-06 0.0417967 0.0442047 1.65443e-07 0.0003263 0.0323772 0.000477489 6.81106e-05 0.025083 0.0898525 
8.26764e-06 0.213938 1.56088e-07 0.00297481 9.5477e-06 1.11356e-05 0.00549599 2.11884e-05 0.47428 1.10357e-07 5.96986e-11 5.56743e-08 0.0469355 0.0343714 9.42784e-11 0.00961767 0.211896 0.000437743 4.52791e-11 6.0016e-11 2.62722e-06 
0.05441 0.0950018 3.75653e-05 0.000775862 0.00304521 0.0209279 0.000656138 0.0014287 0.738887 0.00606199 0.000293904 7.56139e-06 0.0332895 0.00938844 1.67007e-07 0.0066193 0.0131539 0.000111821 0.00124878 0.0140304 0.000624405 
0.12778 0.120359 8.9279e-06 0.00111296 0.00146723 0.0885521 0.0188493 0.0546606 0.32415 0.126704 1.36113e-05 7.51958e-06 0.0508983 0.0176052 2.01069e-06 0.0157286 0.0202858 0.000190547 0.0038659 0.0236092 0.00415046 
0.0096221 0.0637092 3.61736e-07 0.000299156 2.84971e-05 0.00196906 0.00660759 0.00222545 0.898734 0.0016068 3.7369e-07 3.48152e-07 0.0087476 2.85377e-06 5.90147e-07 0.00131263 0.00331308 9.16672e-08 1.2174e-05 3.75678e-07 0.00180746 
0.0987726 0.0413001 0.00299368 0.000776221 0.0217942 0.0189866 0.00250909 0.032722 0.292236 0.0744881 0.00477819 2.63797e-06 0.219067 0.0918814 2.06856e-08 0.00573253 0.0707675 0.000496977 0.00623492 0.000825026 0.0136357 
0.00364214 0.0329444 7.27173e-09 6.35822e-06 3.393e-05 0.000999375 0.000516849 0.0138819 0.938282 0.00376338 1.6913e-11 7.90726e-10 0.000770155 0.00233375 3.13589e-08 6.32771e-05 0.000694365 1.88026e-06 0.000837869 8.27177e-05 0.00114548 
1.97176e-05 3.37641e-05 4.53868e-08 2.62745e-08 7.09013e-05 0.0126881 0.260159 1.49133e-06 0.547214 0.0333536 3.80224e-06 0.0168093 0.00391442 0.0793212 7.40454e-08 6.49558e-05 0.0462015 3.76383e-05 5.98498e-05 4.7136e-08 4.68883e-05 
0.00644473 0.034392 1.76898e-06 0.000194634 1.76336e-05 0.00106766 3.63466e-07 1.62071e-05 0.574805 0.000651316 0.00133673 1.70254e-06 5.45623e-06 0.380091 0.000111275 3.44608e-05 0.000645942 2.67758e-05 1.65115e-05 1.83715e-06 0.000137263 
0.0993296 0.186633 2.30979e-05 4.91638e-05 0.00068984 0.0189179 0.00144673 0.0555181 0.371427 0.00204849 0.00146441 1.08013e-05 0.00356945 0.0184934 1.73107e-07 0.00175861 0.236043 2.73197e-07 4.22785e-07 0.000114844 0.00246213 
0.0390064 0.027633 0.00194567 0.0320554 0.0269072 0.0510225 0.174508 0.001739 0.307746 0.0779025 0.0015426 9.16345e-05 0.0888678 0.0102855 8.21162e-08 0.0741426 0.0354222 3.55938e-05 2.12462e-05 0.0410451 0.00808046 
0.0111766 0.0243506 3.78303e-08 0.000107552 0.00414534 0.261689 0.00596639 0.000140182 0.572427 0.00988221 1.14765e-05 0.000354967 0.00883782 0.0014971 6.17174e-08 0.00498028 0.0937489 1.88489e-05 1.70736e-05 3.92882e-08 0.000647621 
0.00859319 0.00884895 1.75653e-07 0.00233356 0.000389256 0.0144978 0.0218213 7.63033e-05 0.373392 0.314264 0.0239473 1.88788e-10 0.0607213 0.128645 1.51159e-07 0.00252244 0.0205271 0.00749195 0.000817723 0.000503272 0.0106081 
0.0171784 0.0639175 0.00281383 0.00421718 0.0128647 0.266158 0.0146147 0.00214374 0.38016 0.0353819 0.000132198 2.0323e-05 0.0396082 0.0393462 1.47216e-05 0.00761414 0.108596 0.000236279 0.000290851 0.00198253 0.00270829 
0.0065226 0.00831812 1.42096e-08 2.29623e-05 0.0047211 0.20473 0.0554483 0.00373214 0.295253 0.00415241 3.84012e-05 1.19693e-08 0.092653 0.00375467 3.77294e-11 0.0354801 0.283636 0.0002831 1.81203e-11 2.40179e-11 0.00125448 
0.000316962 0.024626 2.41201e-08 1.39632e-08 0.133954 0.00499185 0.0098648 2.12908e-05 0.314814 0.0277433 1.17059e-05 2.32143e-08 0.170058 0.00362329 0.00372292 0.0420465 0.00310208 0.000259707 0.0111 4.6029e-05 0.249698 
0.0822417 0.080498 0.000789301 0.00266857 0.0952173 0.080245 0.0199737 0.000775571 0.161077 0.102878 0.027536 1.6451e-05 0.0727101 0.0871851 0.0783264 0.00781766 0.0581562 0.000463718 0.00583311 1.56013e-05 0.0355747 
0.029889 0.0996012 0.0150476 0.00283368 0.000660051 0.0155628 0.00298317 0.00011015 0.55414 0.0350558 0.00105836 7.74872e-05 0.000294255 0.212547 4.24353e-08 0.00355918 0.0172786 0.000484247 0.00019701 0.000588518 0.00803218 
0.334857 0.158317 2.52497e-07 1.56778e-06 3.55419e-06 5.3081e-06 2.7429e-06 2.14885e-06 0.455877 5.40086e-06 6.50477e-10 6.12083e-08 0.00462405 0.0134418 0.000119985 4.22031e-06 0.0253555 1.59564e-10 0.00738011 2.55101e-06 2.11419e-10 
0.0116752 1.05799e-05 7.47479e-08 0.00711094 0.0138669 0.0124259 0.0237398 2.62766e-05 0.390474 0.320815 3.26535e-10 1.93545e-07 0.13338 0.00853979 5.15678e-10 0.0299289 0.017862 8.00999e-11 1.33587e-06 1.52319e-06 0.0301416 
0.0595775 0.0268928 4.61327e-06 4.53243e-06 0.000218279 0.000331037 0.0371831 8.14405e-07 0.437427 0.0226491 5.78726e-06 1.51779e-07 0.0170884 0.318497 2.57278e-07 0.0272196 0.000259353 9.1793e-07 8.35082e-05 1.63779e-07 0.0525563 
0.0027407 0.17773 0.00127084 4.1203e-05 0.025754 0.0986138 0.074473 0.000183695 0.393244 0.159603 5.11432e-05 1.54667e-08 0.0241944 0.0108 1.65765e-10 0.00176497 0.0260886 0.00202534 0.000714903 5.30077e-05 0.000652989 
0.0499413 0.0397283 4.64345e-06 4.73865e-05 0.000729963 0.0381082 0.00118671 0.0267553 0.770139 0.0235655 2.05782e-05 1.43347e-05 0.0241692 0.000156807 8.66943e-08 0.000650244 0.0183966 1.57621e-05 0.00269539 0.0001305 0.00354452 
0.0651865 0.00357859 1.11141e-06 0.0215306 0.0627375 0.000408339 5.78458e-07 1.68952e-09 0.812293 0.00583535 1.09452e-08 1.01972e-08 0.00367215 0.0244905 1.72851e-08 2.82909e-09 0.000223714 3.24465e-05 8.30154e-09 6.48934e-06 2.88041e-06 
0.0277936 0.0607349 0.000524936 0.00123782 0.00547025 0.000659159 0.00625802 8.97054e-05 0.489373 0.00773569 0.0133897 0.0011479 0.19526 0.137324 9.9453e-09 0.0202807 0.019899 6.40519e-06 0.0014945 0.00173242 0.00958795 
0.0223449 0.035639 4.43055e-05 0.00743501 0.0016394 0.14118 0.0470063 0.000228001 0.345336 0.130195 3.23982e-06 7.82007e-05 0.0530503 0.0634543 5.24706e-08 0.0101418 0.12942 0.000126516 0.00733292 2.02602e-05 0.00532535 
0.0997197 0.00529894 2.13779e-08 1.23757e-08 0.00364045 0.00262983 0.0189703 4.98955e-06 0.364406 0.0226305 0.000730399 6.16319e-06 0.134453 0.0191619 2.86887e-06 0.0307584 0.0766147 0.0006351 1.99794e-05 0.183721 0.0365962 
0.0531243 0.0735738 0.0213551 0.000100711 0.00595258 0.0499882 0.174661 0.00832965 0.199633 0.0427388 0.0100692 0.0398468 0.0255041 0.0699149 1.88177e-08 0.0153512 0.19036 0.000153903 9.03758e-09 1.1979e-08 0.0193433 
0.0100066 0.0521787 0.000101228 0.00028955 0.0494317 0.0272716 0.000499444 0.00146523 0.658081 0.000264409 3.75047e-05 6.98946e-07 0.000237154 0.000486965 7.22735e-11 0.000477758 0.00144299 0.0114324 0.101037 0.0852552 2.55572e-06 
0.041034 0.0678165 0.00124674 0.0761176 0.0001603 0.0284797 0.00597629 0.0136339 0.486569 0.112407 2.83509e-05 1.98977e-05 0.0148057 0.107028 1.18054e-05 0.000237501 0.0130896 0.00058999 0.000465517 0.0260295 0.00425266 
0.0296143 0.13202 0.000139597 0.00999801 0.00334585 0.0197976 0.00898465 0.0355384 0.678192 0.0160347 0.000123099 9.17375e-05 0.0143011 0.0143601 2.0053e-05 0.00435487 0.0220905 1.3949e-05 0.00052713 0.0012942 0.00915818 
0.0417096 0.173342 3.55095e-08 0.00140421 0.00322291 0.0384048 0.00355109 0.0591904 0.514872 0.0117302 0.00307307 9.03127e-07 0.0128408 0.102134 8.77782e-10 0.00174289 0.0228255 0.000312452 0.00652105 1.09304e-06 0.00312078 
0.150768 0.195327 0.0018396 0.000141123 0.00371686 0.00109721 1.10172e-06 3.20717e-06 0.382236 0.000321166 0.00109226 3.62037e-06 0.0880127 0.0812564 1.971e-07 2.6468e-05 0.0336276 9.46598e-07 2.94735e-06 0.00830912 0.052217 
0.0128723 0.0341814 5.0725e-05 0.00488171 0.0340542 0.148831 0.0155234 0.000967662 0.264881 0.0862866 0.000715853 2.65502e-06 0.066564 0.144364 3.30891e-07 0.047907 0.0867305 0.000829509 0.0142566 0.014992 0.0211083 
0.0154904 0.165428 6.20322e-06 0.00404782 0.00142915 0.0175803 0.0308846 0.00665993 0.327775 0.0567051 2.71372e-05 6.16164e-05 0.0132854 0.236912 0.000850798 0.00947661 0.103914 0.000262056 0.000346366 4.33384e-06 0.00885442 
0.00879085 0.0281648 0.001471 0.000120449 0.00834174 0.0392268 0.0894736 0.038439 0.374554 0.0382657 0.0015699 0.0006183 0.0908203 0.0439309 0.000182624 0.126496 0.0954229 5.63971e-05 0.000634995 0.000871741 0.0125475 
0.097067 0.253152 0.00037136 0.00047562 0.0612888 0.0472443 0.0125955 0.0249351 0.262553 0.04987 0.00851046 2.15458e-08 0.0381542 0.100939 7.52891e-05 0.00175897 0.034493 0.000230869 0.000201888 0.000397852 0.00568467 
0.0519458 0.0528113 0.000103094 0.00355048 0.000600447 0.0121595 0.103166 0.00351218 0.548754 0.0185784 0.000826846 0.00146326 0.0031221 0.114957 2.10911e-05 0.00111878 0.0622063 0.000392118 0.000461366 3.30734e-05 0.0202173 
0.00769161 0.0856019 4.88935e-09 0.000385801 0.00187062 0.28118 0.0753283 0.00138428 0.385001 0.0275708 0.000182191 5.65659e-06 0.030872 0.00640319 3.21518e-10 0.00628066 0.0876067 0.000637486 4.54671e-05 4.60119e-08 0.00195279 
0.00752658 0.0194757 9.73148e-05 3.45782e-05 0.00152089 0.000292198 0.005787 0.000318717 0.831401 0.0134903 0.00177736 2.59859e-06 0.0599089 0.0532873 4.69718e-06 0.000949767 0.00229485 2.12204e-06 0.000341568 2.59738e-05 0.00146025 
0.00103935 0.0144566 1.23604e-06 0.00125105 0.00131684 0.165773 0.0330696 0.0031804 0.539694 0.110651 0.000169602 1.87021e-07 0.0236384 0.00254138 9.4898e-09 0.000156903 0.102239 2.99055e-05 0.000428407 6.04105e-09 0.000363601 
2.7606e-06 3.47032e-06 8.2889e-06 5.16499e-09 3.57614e-07 0.00123249 0.0438206 1.42274e-09 0.524665 0.032144 9.2169e-09 8.587e-09 8.16439e-06 0.376876 1.45557e-08 4.08523e-06 0.0211731 5.62021e-05 6.99067e-09 9.26592e-09 5.38241e-06 
0.0241408 0.0601244 0.00253397 0.000526259 0.0562005 0.0724685 0.0190502 0.000487878 0.179497 0.0851933 1.03379e-06 3.81719e-08 0.0228737 0.162805 7.98342e-11 0.00502408 0.0910893 0.0823388 0.103752 1.42042e-07 0.0318932 
0.0162572 0.160887 6.90551e-06 0.00839831 0.000505188 0.000849286 0.000656848 0.00224408 0.716428 0.0234024 1.2467e-06 1.1615e-06 0.00755383 0.0178049 0.00630305 0.00111553 0.00602045 0.00159899 0.0145351 0.0122268 0.00320326 
0.0027407 0.17773 0.00127084 4.1203e-05 0.025754 0.0986138 0.074473 0.000183695 0.393244 0.159603 5.11432e-05 1.54667e-08 0.0241944 0.0108 1.65765e-10 0.00176497 0.0260886 0.00202534 0.000714903 5.30077e-05 0.000652989 
0.00188028 0.00655738 0.00552462 0.00474423 0.00554363 0.0371701 0.00559512 0.000980819 0.381659 0.0010458 0.212053 0.000261464 0.00369311 0.0279315 1.96599e-08 0.000276498 0.256275 0.000628784 1.33738e-05 1.22405e-05 0.0481537 
0.00114113 0.0205739 1.14359e-05 0.00013509 0.000579118 0.0328895 0.239424 0.00309784 0.293158 0.175952 2.53656e-07 1.55256e-06 0.0087904 0.0113787 8.08443e-11 0.00330798 0.186133 2.84744e-05 0.000313314 5.14641e-11 0.0230846 
0.00417197 0.00354352 3.60134e-05 9.73437e-06 0.00211676 0.000885812 0.00928189 0.0175458 0.345872 0.106279 0.000584995 1.31319e-06 0.154074 0.086649 2.47513e-05 0.00891298 0.0618776 3.28616e-06 0.0811725 0.000134089 0.116823 
0.0510151 0.0489058 1.16608e-06 0.0105126 0.00443813 0.194684 0.184553 0.00433844 0.267847 0.0224299 7.16171e-05 8.17803e-07 0.0137082 0.0515745 1.94386e-10 0.00285516 0.138921 0.000115661 0.000537349 1.35252e-06 0.0034891 
0.0120803 0.0568277 0.000172361 0.000125805 0.00115419 0.140163 0.0548823 0.100879 0.193975 0.0460405 0.00013382 6.51198e-07 0.0566335 0.0222908 4.43468e-09 0.0473947 0.189832 0.000370313 0.0568662 0.00493154 0.0152468 
8.19532e-05 0.00445976 1.96199e-08 1.06208e-05 5.65882e-05 0.000332817 3.13834e-08 6.2168e-07 0.991902 5.82389e-07 2.7057e-11 1.88142e-09 0.00102866 0.000515743 8.46577e-08 4.92481e-08 1.50059e-07 2.2058e-08 0.000873843 4.43511e-07 0.000736271 
0.0241263 0.193985 7.60547e-07 4.47106e-07 3.02484e-11 0.0666101 1.41842e-06 0.00192933 0.214479 0.11576 6.09008e-11 9.64614e-07 0.00606978 0.213269 9.6177e-11 0.0554085 0.108323 3.29125e-05 5.08563e-08 3.10414e-06 2.79117e-07 
0.0716739 0.284858 0.000166519 0.00219633 0.000736288 0.0141221 0.0120308 0.204554 0.347942 0.0350631 2.42136e-05 1.17567e-05 0.00624682 0.00688173 3.2124e-08 0.000101523 0.00869936 8.89875e-06 0.000229273 0.000111596 0.00434212 
0.240482 0.200441 2.5023e-05 2.50366e-05 2.50386e-05 0.0150557 2.50485e-05 2.50499e-05 0.398314 0.00253022 2.50218e-05 2.50241e-05 2.50507e-05 0.0501192 2.50026e-05 2.50465e-05 0.0776888 2.50469e-05 0.015043 2.50217e-05 2.50443e-05 
0.00675112 0.0927458 3.27217e-07 9.20386e-05 0.00324607 0.0034881 0.00336541 0.00635833 0.357191 0.0638093 4.03955e-05 2.09964e-05 0.000383393 0.329646 0.000638143 0.00193459 0.108869 0.000182909 0.0198786 0.000932258 0.000426287 
0.0175815 0.0181656 8.5269e-05 8.97266e-07 5.98031e-05 0.000527236 0.000126 4.59717e-06 0.927206 0.00236949 7.70638e-07 2.35631e-05 0.00208656 0.0272575 1.62764e-07 0.000142982 0.00177719 1.9892e-05 0.00251409 3.62483e-06 4.68675e-05 
0.0458561 0.0277958 0.000249742 1.87036e-06 0.000440874 0.0125919 0.018298 0.000372846 0.677506 0.00695195 3.59559e-05 2.43705e-05 0.00227476 0.184458 4.90234e-08 0.00987743 0.0104594 0.000131841 0.00188987 4.928e-05 0.000734018 
0.0209197 0.120142 4.8392e-07 0.000123244 0.000327883 0.0142039 0.00053414 0.000599662 0.725946 0.0157341 1.48751e-06 2.0403e-06 0.00860693 0.00386468 6.92176e-08 0.0131796 0.0531204 0.000132251 0.000978848 0.0214055 0.00017672 
0.0577203 0.233903 0.00425825 2.8728e-05 0.000304316 0.000308538 1.26523e-06 5.23985e-05 0.478285 0.00137918 1.03691e-07 2.03993e-06 0.00154126 0.131904 1.63754e-07 1.36634e-05 0.00786244 7.27598e-05 0.000535925 0.0816489 0.000178753 
0.000323108 0.0172338 3.7763e-06 0.00151789 7.23563e-07 0.146847 0.230787 0.000737094 0.239849 0.0303475 8.53876e-05 6.7822e-09 0.181974 2.96811e-07 1.88677e-07 0.0139103 0.134641 0.00102304 2.83205e-07 4.87924e-08 0.000718741 
0.0771097 0.157277 2.29867e-09 4.80028e-05 0.00635712 0.0234689 0.00911561 0.000393329 0.451219 0.024477 2.37649e-05 2.21235e-09 0.127625 0.00649027 0.0012641 0.0403222 0.0425877 3.04834e-05 0.00110925 6.48189e-07 0.0310806 
0.147623 0.0941101 0.000125616 0.0051121 0.000378489 0.0124061 0.0138227 0.00209006 0.570702 0.0328152 4.08756e-07 3.8082e-07 0.060573 0.0139425 6.45524e-07 0.0148071 0.0213903 1.26236e-05 0.000133831 0.000116547 0.009838 
0.0154544 0.0775338 0.00150034 0.00799394 0.0223168 0.0577606 0.0186574 0.0681482 0.275811 0.122633 0.000914113 6.10055e-07 0.0715766 0.039351 5.28261e-06 0.0597731 0.146714 0.00351371 0.000508573 0.00585412 0.00397962 
0.131036 0.0297318 2.813e-05 0.000654807 0.00721303 0.170662 0.169015 0.00210188 0.188814 0.0126132 0.00452902 1.16195e-06 0.063394 0.00175533 2.80009e-07 0.0954005 0.122626 7.39122e-05 9.13241e-05 8.99688e-06 0.000250071 
0.0371994 0.117973 1.06149e-05 1.06207e-05 1.06216e-05 1.06268e-05 1.06257e-05 1.06263e-05 0.444186 0.00532419 1.06144e-05 0.00956448 1.06267e-05 0.221013 1.06063e-05 1.06249e-05 0.00426166 1.06251e-05 0.16034 1.06144e-05 1.0624e-05 
0.0126127 0.0331705 0.000387485 0.0079668 0.00340484 0.102018 0.0511364 0.0212051 0.253507 0.135627 0.00691177 0.00200894 0.152082 0.0056028 1.3057e-07 0.0857574 0.096273 0.00469879 0.000519832 5.04695e-05 0.0250587 
0.064899 0.0765578 4.35471e-05 0.00406901 0.000732767 0.0322836 0.000791728 0.182147 0.438834 0.022267 6.27561e-05 1.72227e-09 0.0144026 0.0151485 5.92491e-06 0.0048704 0.0420571 0.000760239 0.000655127 1.80891e-06 0.0994101 
0.0276312 0.252213 3.50249e-05 0.000183684 0.010588 0.0010219 0.0655186 0.00288368 0.483359 0.0157766 4.32271e-06 0.000241556 0.040009 0.0409769 0.00697812 0.0263235 0.00677422 3.064e-05 2.32886e-05 0.000160628 0.0192665 
0.223713 0.272472 0.000426051 2.32033e-06 0.000412896 0.000564792 0.00425813 7.98463e-07 0.489568 0.00110124 1.02462e-05 1.15958e-08 0.00237864 8.62053e-05 1.96559e-08 3.21712e-09 1.2964e-06 1.0781e-07 8.95541e-07 0.00249585 0.00250805 
0.00601662 0.0130828 0.000163906 0.000621605 0.00555176 0.00691764 0.00601773 5.26448e-05 0.491826 0.195169 0.00131525 9.43775e-06 0.0632985 0.00514021 1.62647e-07 0.0828949 0.0760406 0.00118024 0.000239115 4.12216e-07 0.0444618 
0.0530247 0.0447228 8.56473e-07 2.42541e-05 0.000210194 0.00182613 6.78992e-05 3.14227e-05 0.887359 0.000248171 4.29982e-07 2.5253e-10 0.00553493 0.000340145 4.28061e-10 0.00576308 0.000243457 6.64904e-11 0.000152497 0.000320807 0.000129489 
0.0659797 0.136145 0.00189648 0.0017782 0.000168487 0.0571546 0.0157072 0.0127223 0.490438 0.00683438 0.00706608 6.80258e-05 0.0166829 0.0407121 4.52168e-10 0.000830773 0.145008 3.07341e-05 0.000600549 3.86055e-06 0.000172384 
0.0209282 0.168554 2.20053e-09 1.50252e-06 0.00115868 0.0121533 0.0138977 0.0609093 0.215322 0.114197 0.00134177 2.6467e-08 0.058598 0.130804 3.59001e-09 0.0122296 0.159149 0.000309462 0.019173 0.0108417 0.000431488 
0.0072887 0.0614956 0.00116158 0.126588 0.00689798 0.0564348 0.0249347 0.00619004 0.30134 0.0943559 1.60379e-05 2.15059e-05 0.0176268 0.0278668 3.81471e-06 0.0048792 0.0205204 0.229777 0.00916162 0.000595325 0.00284328 
0.00684009 0.0839687 8.98903e-05 0.00170185 0.00303624 0.143021 0.00383213 0.00102326 0.71307 0.0058016 0.00782842 1.04748e-09 0.0098137 0.00747624 6.15901e-08 0.00171767 0.00974544 0.000233742 1.67625e-05 0.000450559 0.000332938 
0.0193278 0.161182 0.00680831 0.00137906 0.0220967 0.00647925 0.0117568 0.00194153 0.459759 0.0395985 0.0721642 8.76421e-06 0.020003 0.0281611 2.86864e-07 0.00322209 0.125638 7.21819e-06 0.000525436 0.000789168 0.0191518 
0.00760867 0.0604774 0.00198483 0.00147516 0.00109972 0.0526912 0.0584928 0.022503 0.558918 0.0263455 0.00102117 0.000725106 0.0372415 0.0281636 9.54323e-06 0.0115268 0.109186 0.000490615 0.00549557 0.00078294 0.0137606 
0.0398176 0.126552 0.000106956 1.62598e-05 0.00136822 0.000790442 0.00053355 0.0446634 0.464068 0.00199314 2.25968e-07 1.1624e-06 0.0217452 0.243775 1.4652e-05 0.000281159 0.0185327 5.36823e-06 0.0201403 0.000105665 0.0154883 
0.0504269 0.0274132 2.71478e-06 2.27734e-05 0.00347079 0.0606971 0.0168052 0.0361404 0.734986 0.00448726 5.23364e-05 2.35819e-06 0.0117352 0.00331705 9.75948e-07 0.0115466 0.0375814 0.000175029 4.68719e-07 6.21272e-07 0.00113544 
0.0105841 0.0469422 4.79245e-06 0.000288083 0.000133051 0.00990707 0.0426809 0.024946 0.254646 0.0931421 0.000163574 1.96509e-06 0.193134 0.153742 2.50061e-07 0.0449496 0.113455 0.000176289 0.00796417 5.07846e-06 0.00313344 
0.0110801 0.0380206 0.00011125 0.000590427 0.0139994 0.225262 0.00697976 0.0111564 0.579577 0.0258629 1.41977e-09 8.22245e-07 0.0241272 0.000295282 2.24215e-09 0.00945694 0.0520967 5.77939e-05 0.000898039 1.42732e-09 0.00042736 
0.086958 0.122449 1.32421e-09 6.44007e-06 6.79446e-10 1.62724e-10 2.17936e-07 1.92179e-06 0.600546 0.0176521 1.36797e-09 1.14831e-06 1.79783e-10 0.166014 0.00201625 3.11193e-06 0.00428726 3.35566e-10 1.56681e-05 1.37524e-09 4.95307e-05 
0.0212378 0.227535 0.00225659 0.00036466 1.35204e-07 0.000211884 0.00236016 0.00312072 0.537014 0.0304504 2.72215e-07 2.53611e-07 0.00022938 0.154622 4.29893e-07 5.97181e-05 3.59057e-05 6.67749e-08 0.0177284 2.73662e-07 0.00277182 
0.306819 0.00740103 3.39142e-06 0.000103948 0.0025548 0.00082252 0.00107883 0.00110987 0.343912 0.111993 0.000872752 2.38703e-08 0.153588 0.000528866 9.19613e-05 0.0264188 0.0224071 0.000231246 7.61369e-05 2.57576e-08 0.0199861 
4.46398e-07 4.46475e-07 0.00468301 0.00218682 4.46237e-07 0.0575043 0.0642391 4.46438e-07 0.484916 0.0626401 0.000803135 0.000803206 0.0411633 4.46387e-07 4.45595e-07 0.00589262 0.254365 4.46384e-07 4.46079e-07 4.45936e-07 0.0207998 
0.198829 0.208542 1.53609e-11 0.0139454 0.000596694 0.0317542 0.00311203 0.00301799 0.478645 0.0016389 1.58685e-11 7.26492e-06 0.0160771 0.00133238 2.50602e-11 0.0102136 0.0306683 3.89259e-12 0.0016198 1.59529e-11 5.15761e-12 
0.011406 0.0520516 4.44511e-05 0.00634292 0.016355 0.184524 0.013351 0.00766319 0.506454 0.0221338 0.000298742 0.00052701 0.0920901 0.0175623 3.81163e-09 0.022818 0.0321658 3.7266e-05 0.000486718 0.00021265 0.0134751 
0.00663774 0.0103809 4.45295e-05 5.67489e-08 0.0018166 0.141584 8.52542e-05 0.0377859 0.650102 0.00868641 3.32909e-07 4.66109e-08 0.0858874 2.56188e-07 7.05321e-10 0.015177 0.040426 3.77095e-08 1.3906e-07 5.525e-08 0.00138571 
0.04513 0.074805 7.6802e-07 0.000123395 0.0218701 0.0150067 0.143875 0.000539041 0.242405 0.187432 6.02855e-06 0.000893368 0.00376848 0.153917 1.45917e-09 6.07086e-06 0.0591507 1.8186e-07 0.000269186 5.24007e-07 0.0508024 
0.0357482 0.0213781 0.0180938 0.00607066 0.0332844 0.144204 0.0118254 0.000954229 0.266517 0.182313 0.000140022 5.31122e-06 0.016287 0.102952 6.4899e-10 0.00436927 0.0866677 0.0511565 0.000264642 0.0169217 0.000847458 
0.010272 0.0593284 0.000149089 0.00297902 0.0081412 0.24915 0.105218 0.00938061 0.299389 0.0160867 0.000345421 0.000323159 0.068659 0.00832513 0.000156484 0.0100057 0.139604 0.00281219 0.000186479 0.000807451 0.00868163 
0.025134 0.149464 1.38585e-06 2.21744e-07 0.0158079 0.239523 9.6085e-08 0.000225033 0.250957 1.29882e-10 1.21845e-10 2.25623e-09 0.0289358 0.00064442 1.92422e-10 2.4358e-08 0.21186 9.62073e-09 1.18705e-07 5.80619e-07 0.0774464 
0.0185339 0.0368694 0.0022473 0.000311071 0.0452932 0.090937 0.0603477 0.0369933 0.461067 0.103035 0.0020144 0.000233255 0.0257372 0.000913524 1.17048e-09 0.0103381 0.101645 4.63317e-05 0.00029332 6.80469e-05 0.00307541 
0.0579235 0.0185534 7.17655e-07 0.0110191 2.35608e-06 0.0156537 0.000673408 7.06979e-06 0.398933 0.0262406 1.60089e-07 1.00328e-05 4.62267e-06 0.23992 1.19713e-05 6.16593e-07 0.0259226 0.0120148 0.19213 4.49729e-07 0.000978042 
0.000597838 0.00223297 1.32342e-05 4.85474e-05 0.000490919 0.00682063 7.36198e-05 0.0010172 0.955417 0.0143185 3.25287e-10 3.03056e-10 0.00485884 4.19863e-07 1.58503e-07 4.51604e-05 0.00261518 0.000287128 0.0098967 8.28382e-07 0.00126504 
0.0163221 0.0891245 0.000198112 0.0225876 0.0145736 0.0345829 0.0164749 0.00852365 0.616786 0.0313518 4.31122e-07 7.29324e-07 0.0390885 0.0177413 1.48872e-08 0.00259683 0.0842363 8.07709e-05 4.8238e-05 5.40933e-05 0.00562785 
0.00126559 0.142281 2.98579e-05 5.68255e-05 0.00478765 0.0692268 0.00156712 0.000607799 0.632307 0.00419733 0.000171587 4.52722e-08 0.063116 0.000329145 4.25175e-08 0.0280472 0.0519625 2.84436e-06 2.69593e-11 2.41039e-07 4.2982e-05 
0.083493 0.0301426 6.9905e-08 0.00233141 0.00140941 0.0357281 0.00561205 0.00938358 0.38981 0.0620252 0.284607 0.00158287 0.0106597 0.0676194 1.14045e-07 0.00304986 0.00409762 0.00801382 3.64219e-05 3.21166e-05 0.000366019 
0.0754578 0.115117 4.14714e-05 0.00341678 0.00616468 0.0316283 0.000946192 0.0308034 0.52943 0.00966933 0.0110768 1.4453e-05 0.0540806 0.0468966 5.76816e-05 0.00168077 0.0527412 8.83655e-05 0.0138198 0.00960565 0.00726326 
0.0114629 0.0447607 1.97125e-06 0.00890609 0.0028801 0.291671 0.0113982 0.00801568 0.318821 0.000445748 5.29544e-05 1.15683e-06 0.0287044 0.017806 4.51551e-10 0.00379698 0.250519 1.23391e-05 2.77787e-07 7.38102e-07 0.000743344 
0.00252241 0.0128084 1.0604e-05 0.00566393 0.000359074 0.306883 0.00111449 0.00095444 0.312708 0.00345742 1.51102e-07 7.22024e-07 0.0465797 0.0330762 6.17893e-11 0.000731562 0.27182 4.07291e-05 0.000888066 3.9334e-11 0.000380818 
0.0302774 0.171519 2.33596e-08 0.000204994 0.00376525 0.0846533 0.00182065 0.00100648 0.64899 0.00236639 2.08661e-08 3.60921e-07 0.000932053 0.00340971 2.01126e-09 0.00273119 0.0126673 4.90294e-05 0.00285069 0.0323832 0.000373322 
4.38113e-06 0.123445 1.70162e-09 9.85069e-10 1.39782e-06 2.09102e-10 3.49626e-10 2.71345e-10 0.749086 1.45431e-06 1.77543e-07 1.63771e-09 3.28076e-06 0.127308 2.77607e-09 4.54364e-10 1.20149e-06 0.000147429 1.33326e-09 1.7672e-09 2.05739e-06 
0.00226157 0.0147461 0.00334701 0.0249708 0.00318998 0.0975424 0.011298 0.00997029 0.427122 0.0196367 0.034775 0.000110829 0.0137094 0.0273094 3.5122e-10 0.0130497 0.296126 0.000435064 1.33316e-05 2.92629e-06 0.000383511 
0.00410451 0.00212032 0.000138909 0.000195952 5.47537e-07 0.0161914 0.0120791 0.00032232 0.832392 0.0196971 4.72162e-05 4.23949e-10 0.0265175 0.0433088 2.35291e-05 0.000755336 0.0284755 0.00027487 1.59579e-06 2.07063e-05 0.0133331 
0.00283082 0.019136 1.10162e-05 0.00739438 0.000344062 0.291525 0.00118042 0.0101505 0.303674 0.00411632 4.37751e-06 1.37883e-06 0.057849 0.0390156 1.06025e-10 0.000818833 0.259721 4.07568e-05 0.00153202 6.7494e-11 0.000654876 
0.0228067 0.140365 0.00176549 0.0438412 0.00197873 0.10804 0.0179373 0.12206 0.28099 0.0474734 0.0102874 0.000737779 0.0336033 0.00944662 0.000804722 0.021155 0.0839397 0.000747054 0.0186729 7.21874e-05 0.0332744 
0.0261012 0.0465252 0.0016496 0.0157964 7.15479e-06 0.00499438 0.00539506 0.0274873 0.378226 0.281637 0.0026715 3.16125e-07 0.0115296 0.162478 2.84498e-09 0.00206937 0.0280853 0.000311733 0.00193004 0.00052637 0.00257905 
0.224146 0.0296277 8.91893e-08 6.80398e-06 0.00111891 0.0819867 3.98678e-06 0.0008657 0.588596 0.0405312 0.00465232 3.12091e-05 0.00431081 0.00332943 8.76794e-05 0.00263749 0.0176003 1.53665e-06 9.5909e-07 9.26267e-08 0.000465195 
0.00804994 0.0317624 0.000190394 0.00557825 0.00213517 0.238923 0.131158 0.00417195 0.249944 0.0175574 0.00170109 0.000260397 0.0275899 0.0432069 0.000370029 0.00690099 0.21578 0.000675196 0.00146056 4.24452e-05 0.0125417 
0.0150625 0.0832037 6.11958e-05 4.57371e-05 0.00911998 0.0366658 0.0825327 0.000869259 0.305946 0.0403142 0.00762768 1.13456e-06 0.0887571 0.0353831 2.97035e-05 0.119324 0.172365 3.04133e-05 3.24402e-06 6.0073e-09 0.0026583 
0.0127275 0.0240554 5.68326e-05 3.8753e-05 0.00584106 0.180121 0.160439 0.000961858 0.213063 0.028238 0.00124822 8.58907e-05 0.102453 0.0983812 1.9742e-09 0.020641 0.138629 0.000117747 0.000219727 2.72164e-10 0.0126819 
2.85718e-05 6.23992e-05 0.00239553 6.24572e-06 2.60763e-06 8.30973e-06 4.25671e-06 8.43329e-05 0.475114 0.331892 8.07586e-10 7.52394e-10 4.60951e-05 0.0366289 1.14796e-05 6.67996e-06 2.03559e-05 2.99155e-06 3.93248e-05 6.01612e-05 0.153586 
0.00229323 0.011792 0.000381454 0.000204359 0.0019034 0.0306622 0.0728935 0.00508058 0.384674 0.117529 0.00426369 0.00806227 0.043364 0.182016 1.37811e-07 0.0172719 0.0443362 0.000545445 0.00657203 3.65281e-05 0.0661189 
4.3988e-06 0.0148053 0.00128493 2.1767e-06 4.88834e-06 0.033046 0.264521 1.84211e-05 0.451523 1.45344e-05 5.51709e-07 4.48084e-07 0.00250895 0.087421 4.9136e-07 0.0985408 0.0214532 2.03027e-07 0.0248434 1.40354e-08 6.89223e-06 
0.0209249 0.0578098 3.54729e-06 0.00159218 0.000244854 0.132451 0.00226826 0.00191638 0.574653 0.00659569 0.000433047 6.80804e-07 0.0619386 0.0295558 3.46721e-07 0.00405456 0.104888 4.90473e-06 0.000138088 4.83665e-06 0.000521459 
0.136535 0.0209741 0.00078246 0.0269496 0.00226795 0.135991 0.0611565 0.000568367 0.306446 0.110974 0.00940462 1.76347e-06 0.0391031 0.0821032 5.76366e-10 0.00116216 0.0329964 0.0317727 0.000102968 8.48222e-08 0.000708889 
0.115131 0.0327487 7.90622e-10 3.40862e-06 0.00380448 0.0226239 0.00152404 0.000648924 0.480961 0.00164968 8.16749e-10 7.60931e-10 0.17839 7.48956e-05 1.28984e-09 0.000307646 0.0218362 6.6753e-07 4.13337e-05 0.110973 0.0292812 
0.0975116 0.131935 0.000249783 0.000521186 0.00158267 0.0175525 0.0367938 0.0125008 0.484834 0.00834801 2.26328e-05 1.13095e-05 0.00615315 0.125292 2.03606e-07 0.042746 0.0312156 0.000526499 0.000762675 0.00058568 0.000855043 
0.00070177 0.167166 0.00022728 0.0605422 4.23143e-06 0.0933002 0.0509095 0.0092886 0.287523 0.00646397 1.32118e-05 5.21687e-07 0.00202943 0.14459 1.95588e-07 0.16732 0.00911918 0.000700029 6.16148e-05 8.02034e-06 3.00148e-05 
0.0181127 0.0401184 6.44442e-11 0.000127623 0.00652996 0.213168 0.00962132 0.0001629 0.515178 0.0161383 4.83704e-08 8.30387e-06 0.0144402 0.00225503 1.05136e-10 0.007823 0.155384 1.98437e-05 1.54283e-07 6.69279e-11 0.000913086 
0.0521094 0.110344 3.16145e-05 0.000428135 0.00188097 0.0840199 0.0145018 0.00171001 0.35113 0.0567038 4.93774e-08 1.77339e-05 0.0631053 0.0489493 6.43343e-11 0.0150853 0.192055 6.30955e-05 0.00620035 4.09541e-11 0.00166415 
0.0211588 0.0377742 0.000103528 0.00241795 0.0214409 0.0817967 0.0162735 0.0100181 0.448894 0.0262072 0.00876869 1.06495e-05 0.0916573 0.0172266 1.22138e-06 0.0098902 0.187051 3.64312e-05 0.000624863 0.00115751 0.017491 
0.109028 0.136842 8.10364e-06 0.00143909 0.00105353 0.0393601 0.0197715 0.057559 0.504018 0.00928634 0.00212187 3.06802e-08 0.0125137 0.0123512 1.13551e-09 0.0890333 0.00391577 1.02889e-07 4.35523e-05 7.22845e-10 0.00165496 
0.000362715 0.000586496 6.96585e-05 0.0573567 0.000794918 0.00100667 0.00143725 0.043798 0.80607 0.000461434 1.23889e-06 3.09102e-05 0.00945388 0.0599249 1.95651e-06 0.00216855 0.00082118 3.03903e-07 0.000734787 0.00134636 0.0135725 
0.00389998 0.0495452 1.28783e-07 1.61825e-07 0.00197274 0.00761861 0.0286316 2.50695e-07 0.596988 0.00452169 1.01315e-07 8.36432e-08 0.0186326 0.0817961 5.91726e-10 0.000511656 0.205881 4.81988e-08 2.84188e-10 3.76683e-10 6.94866e-08 
0.213001 5.27376e-05 8.48336e-09 4.91103e-09 4.57084e-05 8.65358e-06 1.74305e-09 1.35278e-09 0.636409 1.54844e-05 8.76371e-09 8.16478e-09 2.76538e-06 6.85929e-05 1.384e-08 2.15218e-05 3.32145e-06 2.14976e-09 1.33006e-05 8.81031e-09 0.150357 
0.00389998 0.0495452 1.28783e-07 1.61825e-07 0.00197274 0.00761861 0.0286316 2.50695e-07 0.596988 0.00452169 1.01315e-07 8.36432e-08 0.0186326 0.0817961 5.91726e-10 0.000511656 0.205881 4.81988e-08 2.84188e-10 3.76683e-10 6.94866e-08 
0.0216092 0.0597107 0.00301354 0.0238966 0.00212294 0.132702 0.0548063 0.00575355 0.460652 0.0695082 0.00440314 3.51005e-05 0.0258997 0.0514292 0.00382991 0.00352653 0.0590995 0.0103223 0.000152124 0.00227176 0.00525659 
0.00743122 0.107506 1.06347e-07 0.00168887 0.00208549 0.0267712 0.0213251 0.012994 0.629923 0.0253211 1.62542e-06 4.48534e-07 0.0174219 0.0756344 4.32574e-07 0.0138479 0.0374694 0.000156559 7.32756e-05 0.0179283 0.00242005 
0.00189424 0.0437695 1.7318e-06 0.00143599 0.001269 0.0428085 0.17732 0.000442495 0.225362 0.0958465 0.000319783 0.167815 0.0431555 0.111866 6.30483e-05 0.0139471 0.0658263 0.00562795 0.000119168 0.000364554 0.000745146 
0.00231255 0.00181145 8.14426e-07 7.00401e-08 0.124235 0.211441 0.0185761 6.77856e-08 0.487104 0.00058472 2.34215e-07 2.66455e-08 0.0333065 0.00206401 6.4833e-11 0.000522592 0.0938427 0.0221162 1.66098e-07 4.12716e-11 0.00208196 
0.0123517 0.0531803 9.52623e-05 0.000788125 0.0108146 0.00702406 0.0345469 0.000320899 0.495049 0.0190495 0.00032497 4.09371e-05 0.00730282 0.256051 1.00343e-05 0.0281799 0.0564652 0.000472169 0.00585545 6.56079e-05 0.0120112 
0.0237603 0.0199987 0.0028488 0.000148546 0.0399016 0.0420092 0.15978 0.000687397 0.253223 0.138553 5.8537e-05 7.21737e-05 0.00975639 0.0579981 0.000329503 0.0747151 0.0178102 0.000510627 0.000113044 0.000179671 0.157546 
0.0424261 0.0518321 0.000822731 0.00503756 0.05275 0.12995 0.064969 0.00839621 0.236431 0.143239 0.00167001 1.64945e-05 0.101985 0.0116562 0.000361486 0.0124352 0.124756 0.000258226 0.00394046 0.000337904 0.00672987 
0.155917 0.0334025 6.38009e-09 3.69345e-09 0.00764892 0.0078387 1.00476e-05 0.00400809 0.654091 6.73104e-10 2.62522e-06 4.10509e-06 3.60982e-06 0.0442016 2.58196e-08 2.27686e-06 0.0301312 3.22794e-07 4.99897e-09 6.62598e-09 0.0627376 
0.00132919 0.00747961 0.00142436 0.00832871 0.00162566 0.0649953 0.0191274 0.00078664 0.723988 0.00120745 0.0261715 4.15328e-05 0.00567301 0.0076915 3.92271e-10 0.00263215 0.126312 0.000234466 2.30253e-05 2.55874e-08 0.0009285 
0.000339564 0.0941113 1.01801e-05 0.0237627 2.07147e-05 0.0305798 0.000754977 0.00437439 0.522514 0.00134401 0.000174404 1.92855e-05 0.00291978 0.30938 6.9015e-07 2.16093e-05 0.00942278 7.03831e-05 8.36489e-06 0.00016421 7.1459e-06 
0.00431209 0.0200083 0.000203364 0.00147374 0.00058373 0.0105034 0.00122615 0.00090824 0.895159 0.0091219 9.78047e-06 6.56477e-08 0.0157885 0.00823847 0.000375059 0.0118168 0.019248 8.81428e-07 3.83317e-05 2.70206e-08 0.000984226 
0.0253439 0.0457125 0.000579846 0.00608482 0.00207199 0.154646 0.0290893 0.00312874 0.226124 0.184215 0.000465181 3.93983e-06 0.0693977 0.0189101 3.03351e-07 0.00469611 0.192216 0.0252741 0.000187777 0.000450483 0.011402 
0.0273468 0.208087 0.000674849 0.000275716 0.0343433 0.154809 0.00814458 0.00143745 0.255031 0.0832104 0.0216321 4.61203e-08 0.0558061 0.0518967 8.90985e-09 0.0159355 0.075672 0.000660585 0.000830632 0.00398231 0.000223614 
0.00150614 0.0724439 7.70598e-06 3.11653e-05 0.000120366 0.0297376 0.0698013 0.00620947 0.452602 0.0192846 0.00182678 7.79691e-05 0.0316708 0.00226054 2.86836e-08 0.00604322 0.305229 1.2465e-05 0.000105456 1.82595e-08 0.00102933 
0.12835 0.101168 0.00479891 0.000530921 0.00315316 0.0575682 0.0112964 0.000253714 0.247041 0.0739569 0.00142432 6.50586e-05 0.0408794 0.139651 0.000445197 0.0236182 0.163487 7.51878e-06 8.67671e-05 5.74159e-07 0.00221877 
0.00119971 0.000954432 1.44742e-05 0.000832739 0.00242564 0.0495019 0.090228 0.000109368 0.33582 0.237333 0.0032033 0.00160475 0.0204416 0.107209 1.78455e-06 0.00195984 0.138602 0.00578466 0.000359369 0.00131612 0.00109909 
0.0259158 0.0858158 0.00473591 0.00231909 0.000378877 0.044589 0.0293481 0.00165923 0.231914 0.0946017 0.000169113 2.27078e-05 0.0634134 0.190537 0.00750683 0.00423056 0.183827 0.00129163 0.00193125 0.000207735 0.0255854 
3.85678e-05 3.69674e-05 6.33491e-06 1.53459e-05 0.00221039 6.88244e-05 2.00615e-05 2.78507e-06 0.862054 0.00251574 2.59174e-06 2.41462e-06 0.0504219 0.0500768 1.33339e-05 0.000299231 0.000128467 3.2925e-05 0.0148079 2.60552e-06 0.0172429 
0.154354 0.0504609 0.000219469 0.000339109 0.00357064 0.135751 0.00287277 0.00562867 0.357945 0.0451125 2.75563e-05 1.37286e-06 0.181921 0.00637511 3.22319e-09 0.000684431 0.0270634 2.81531e-05 0.000241248 5.22263e-06 0.0273985 
0.0372231 0.150222 7.02309e-05 0.000567599 0.00113046 0.070907 0.00413659 0.217417 0.484114 0.00163564 3.49485e-07 1.10295e-08 0.00839802 4.91148e-07 1.31989e-10 0.015151 0.00850895 7.67171e-06 9.04163e-05 4.87684e-05 0.000370266 
0.00184888 0.000243396 3.10196e-08 1.79573e-08 0.000136894 1.41076e-05 6.3735e-09 5.44607e-06 0.73076 0.000146615 0.0109561 2.98547e-08 4.38032e-05 0.00120402 0.00229252 3.89375e-05 0.247401 0.000191808 0.00145344 0.00325697 6.25954e-06 
