0.180278 7.02939e-05 1.43817e-06 0.000116718 0.0368766 0.0029876 0.0164088 4.60764e-06 0.363294 0.171077 1.49126e-05 1.04773e-06 0.00271188 0.0065402 1.3287e-08 0.00162355 0.0893999 5.57234e-05 0.0329086 8.4583e-09 0.0956294 
0.00965035 0.055865 0.000264018 0.0125302 0.0113085 0.0238245 0.0127328 0.0048801 0.672429 0.0380914 5.41694e-07 9.65007e-07 0.0143144 0.0236548 1.86646e-08 0.000945685 0.112315 7.05609e-05 2.19259e-05 7.21011e-05 0.00702874 
0.004075 0.00167475 4.59773e-08 7.22118e-05 0.00643754 0.029433 0.00238991 0.00117023 0.571744 0.0340913 8.15381e-09 7.96352e-06 0.0662637 0.0137843 0.0501043 0.00222834 0.201635 1.14738e-05 9.09268e-08 1.8969e-05 0.0148579 
0.00663774 0.0103809 4.45295e-05 5.67489e-08 0.0018166 0.141584 8.52542e-05 0.0377859 0.650102 0.00868641 3.32909e-07 4.66109e-08 0.0858874 2.56188e-07 7.05321e-10 0.015177 0.040426 3.77095e-08 1.3906e-07 5.525e-08 0.00138571 
0.00258488 0.000900464 1.18593e-06 6.86534e-07 0.00371405 0.0288795 5.02654e-05 5.57225e-06 0.859185 0.00159775 0.0474355 1.14139e-06 0.00274666 0.0239831 1.93475e-06 9.99712e-05 0.0245119 6.83634e-05 0.0042306 1.23163e-06 3.98189e-07 
0.0220516 0.0185782 3.30736e-07 2.59463e-05 0.0545643 0.0215215 3.29833e-05 0.00242664 0.460599 0.0446588 0.0297638 7.74235e-05 0.0851965 0.092403 5.39572e-07 0.0570384 0.00837425 0.00273324 0.000470509 3.43483e-07 0.099483 
0.00769161 0.0856019 4.88935e-09 0.000385801 0.00187062 0.28118 0.0753283 0.00138428 0.385001 0.0275708 0.000182191 5.65659e-06 0.030872 0.00640319 3.21518e-10 0.00628066 0.0876067 0.000637486 4.54671e-05 4.60119e-08 0.00195279 
0.0179923 0.0104952 0.0016309 0.00141907 0.0126838 0.0692736 0.0092219 0.00841612 0.320751 0.179117 0.000209075 6.97899e-06 0.0783328 0.0211295 0.00202789 0.00331297 0.246328 0.00010115 4.7198e-05 1.11202e-05 0.0174931 
0.0132555 0.0957268 1.7228e-05 0.00140012 0.0029926 0.0798537 0.000823951 0.024636 0.73306 0.00991754 2.94272e-05 2.079e-06 0.00369692 0.000932916 7.3663e-08 4.15692e-05 0.0275016 0.000185577 0.00480266 0.00013982 0.000983974 
0.149546 0.280354 0.0124001 0.012965 0.0514338 0.031056 9.32793e-05 0.0029753 0.289295 0.00485871 0.0080891 0.000679482 0.00688256 0.118609 2.19254e-05 0.0001313 0.0286696 0.000207025 8.03309e-05 2.62873e-05 0.00162594 
0.0190854 0.0950374 2.50034e-05 0.000579973 0.000124727 0.00208486 0.00102056 0.000466418 0.814177 0.00369193 3.58852e-08 2.96203e-08 0.0154814 0.00226654 1.2604e-10 0.000518916 0.0448797 7.47897e-06 1.80755e-05 0.000152726 0.000381819 
0.00630328 0.13174 0.000265657 3.52421e-05 0.000106084 0.00524928 0.00850126 0.0368645 0.565911 0.0261719 3.06955e-06 5.26325e-06 0.0204158 0.116419 2.51621e-06 0.000589202 0.0625529 1.4269e-05 0.000286221 0.0104542 0.00811062 
0.0930116 0.173326 0.000277225 0.00262206 0.07564 0.0317255 0.0156451 0.0670647 0.179356 0.0186812 3.6248e-06 3.10121e-10 0.0830249 0.0733813 0.0470191 0.0519268 0.0673055 0.000381053 0.000315502 0.00143607 0.0178569 
0.000366605 0.196859 0.000162277 0.0262839 0.00194156 0.141049 0.0252677 0.0123597 0.306013 0.126771 9.23091e-06 5.10171e-06 0.00200574 0.0668503 2.01413e-08 0.0193439 0.0596559 0.0104842 0.00013015 0.000332316 0.00410913 
0.0592268 0.189896 0.000264359 0.195491 8.7021e-06 0.00883614 0.0298007 0.00481785 0.281468 0.0370077 9.76193e-05 0.000191907 0.00469245 0.142398 1.48108e-08 8.34817e-05 0.0291599 7.92154e-05 6.29428e-06 0.000840032 0.0156345 
0.00412063 0.0457757 0.00255337 0.000200144 3.07249e-05 4.29571e-05 0.123365 7.65825e-06 0.553651 0.0596886 0.0204313 0.000302574 0.0034312 0.096861 1.39972e-06 0.0470731 0.0157486 0.000394918 0.000661532 8.9104e-07 0.025658 
0.0367459 0.0813786 0.000751523 0.000375518 0.00739888 0.0248014 0.024791 0.00326819 0.325005 0.312792 0.00025687 0.000286853 0.0478468 0.054165 7.07133e-06 0.00135746 0.0689739 4.25745e-05 0.000913113 0.003906 0.00493606 
0.0175307 0.109023 0.000245985 0.00311489 0.0193369 0.0756293 0.000927132 0.00125765 0.528042 0.012613 0.000612285 1.05784e-05 0.0128406 0.127303 2.88796e-08 0.000941277 0.0827568 0.000269188 0.00175669 0.00576793 2.08403e-05 
0.0101519 0.047923 4.35108e-08 0.00132904 0.000958249 0.0531104 0.0350317 0.066978 0.307444 0.038005 0.00964745 5.70945e-06 0.018657 0.103104 3.02003e-07 0.000871997 0.302756 0.000238034 0.000180994 4.29614e-06 0.00360189 
0.0186659 0.108051 0.0218782 0.00069368 0.00614455 0.0282852 0.0134236 0.0159953 0.257927 0.168137 0.000444661 8.00072e-07 0.1695 0.041778 3.91123e-08 0.0131616 0.0989218 0.0213159 0.00780636 0.00011515 0.00775335 
0.0100066 0.0521787 0.000101228 0.00028955 0.0494317 0.0272716 0.000499444 0.00146523 0.658081 0.000264409 3.75047e-05 6.98946e-07 0.000237154 0.000486965 7.22735e-11 0.000477758 0.00144299 0.0114324 0.101037 0.0852552 2.55572e-06 
0.0544714 0.0873858 5.94587e-06 1.314e-05 0.00399317 0.0245913 0.0623192 0.00103738 0.411265 0.0219256 6.72194e-08 7.27721e-05 0.0355196 0.252795 1.18661e-06 0.000611023 0.0346087 6.81199e-05 0.00335953 0.000498918 0.00545643 
0.0130335 0.142737 6.58879e-06 0.00113641 0.00747343 0.0747032 0.0585142 0.00550288 0.291166 0.0622765 0.00153619 1.32081e-05 0.0146907 0.177716 4.17489e-07 0.0131957 0.130153 0.00041784 0.00401895 0.000643911 0.00106401 
0.0938558 0.020534 0.000651884 0.000174578 0.00774771 0.0903321 0.00313231 0.00133948 0.522493 0.000775992 0.000817181 1.70013e-07 0.136904 7.32039e-06 2.88187e-07 0.00200184 0.105651 3.74232e-05 0.000243577 0.000144407 0.0131562 
0.0205052 0.0480023 0.00041593 1.4024e-08 0.031204 0.0243448 2.27554e-05 0.105741 0.742205 0.000240333 0.0210461 2.33154e-08 0.0061792 8.10114e-07 3.95216e-08 6.46857e-09 6.8341e-06 6.13886e-09 1.8981e-08 2.50028e-05 6.05246e-05 
0.0208147 0.03669 2.02791e-05 0.000204826 0.00482771 0.0684734 0.0759202 0.00344439 0.352812 0.0711794 0.000951531 0.000135393 0.0214423 0.198245 8.02624e-07 0.00140593 0.137239 0.000349338 0.000397962 0.000279801 0.00516567 
0.00206483 0.068098 1.69778e-05 0.000110957 0.00149873 0.0248249 0.0115981 0.00353467 0.656514 0.0110419 0.00511289 4.38527e-06 0.0140024 0.0732071 4.42256e-08 0.0110479 0.111116 0.000208016 5.39629e-05 0.00107471 0.00486919 
0.00865888 0.0157764 2.6554e-07 0.00482407 0.00191086 0.00532625 0.000772613 0.00208848 0.749849 0.00214257 0.000170903 2.37673e-07 0.0365666 0.0267407 8.97688e-09 0.00339006 0.13889 0.000417549 3.21409e-05 5.71453e-09 0.00244279 
0.0309765 0.0723966 1.4601e-06 8.45254e-07 0.000273677 0.00593098 0.0171855 5.29636e-05 0.737629 0.00969722 4.60655e-05 2.31312e-05 0.000254216 0.102568 2.38205e-06 0.000544634 0.0108436 2.5096e-06 0.0068406 0.00472924 4.90246e-07 
0.0051178 0.050866 1.25365e-05 0.000745994 0.00105015 0.00720513 0.0157608 0.0104277 0.778781 0.0060754 0.00743301 2.89051e-05 0.00890819 0.0624714 5.9894e-05 0.00140987 0.039047 0.000124422 0.000311171 0.000270403 0.00389307 
0.00115422 0.0214014 4.73542e-08 4.21274e-05 3.35192e-05 0.00632467 9.72971e-09 1.16957e-05 0.707975 6.52511e-05 4.8919e-08 4.55758e-08 0.168854 0.0940523 1.435e-05 1.26445e-08 1.10512e-05 1.2e-08 1.25999e-05 4.91792e-08 4.76983e-05 
0.0429243 0.0459192 0.000356606 0.00670532 0.0405537 0.0297392 0.0623163 0.00933553 0.500316 0.0193203 0.000527052 4.16581e-05 0.0687987 0.00582124 3.95623e-07 0.0293698 0.131378 0.000874875 0.000151603 0.00111407 0.00443651 
0.0253331 0.0132678 4.96265e-07 4.36105e-07 1.11352e-06 0.0164108 0.00694718 0.00108154 0.927383 0.00199553 3.74885e-06 5.75385e-11 1.14608e-06 0.00757181 1.2689e-07 8.01379e-07 4.32534e-07 3.18296e-08 4.68421e-11 6.20877e-11 4.45642e-07 
0.0230904 0.139812 0.000728939 0.0207918 0.0148002 0.0258021 0.00457687 0.0179501 0.51571 0.0153982 3.04904e-05 4.84359e-05 0.00921653 0.135757 0.000700439 0.00188534 0.0294217 5.64555e-05 0.000485465 0.00191354 0.0418248 
0.137719 0.0201677 0.0411092 0.00220595 0.0345812 0.104764 0.0146202 0.000648169 0.232563 0.166649 4.23293e-05 2.04127e-06 0.11045 0.0279413 4.5658e-07 0.00133708 0.0423986 0.000262838 0.00102843 1.4549e-05 0.061496 
0.0096221 0.0637092 3.61736e-07 0.000299156 2.84971e-05 0.00196906 0.00660759 0.00222545 0.898734 0.0016068 3.7369e-07 3.48152e-07 0.0087476 2.85377e-06 5.90147e-07 0.00131263 0.00331308 9.16672e-08 1.2174e-05 3.75678e-07 0.00180746 
0.047821 0.0998009 5.10303e-08 5.81293e-05 0.0020242 0.00253738 0.027243 0.0216872 0.604461 0.00865112 0.000129696 4.91139e-08 0.0244542 0.0533681 0.000118963 0.00601123 0.00347568 1.29315e-08 3.99836e-08 0.0962091 0.00194854 
0.00221257 0.0345454 4.72607e-05 8.33976e-07 3.51429e-07 0.00460556 0.000634352 0.00874744 0.453211 0.0712409 1.24285e-08 2.20585e-05 0.103224 0.248102 1.53962e-06 8.87761e-07 0.0579362 2.69223e-05 0.0051217 0.000776849 0.00954258 
0.0227528 0.160415 4.30747e-05 0.00291333 0.0137867 0.0242023 0.131728 0.00210174 0.389606 0.0401138 7.55068e-05 0.0030988 0.00178718 0.00705785 4.00723e-10 0.00123732 0.190314 5.4621e-05 1.00586e-06 1.42464e-06 0.00870961 
0.000573724 0.0108252 8.00664e-05 6.80208e-05 0.0374964 0.0137737 0.013822 4.88589e-05 0.83725 0.0200063 2.92578e-05 1.36956e-05 0.014095 0.0106264 7.65102e-06 0.00649563 0.0293573 2.02179e-05 0.000210255 0.000516161 0.00468448 
0.00440037 0.00343583 0.00171441 0.00566912 0.00015156 0.0298539 0.00120714 0.000120199 0.454024 0.0112118 2.50288e-09 4.06785e-07 0.0384512 0.0137645 3.95264e-09 0.0138545 0.393718 0.0147158 2.52626e-06 2.51619e-09 0.0137043 
0.0372231 0.150222 7.02309e-05 0.000567599 0.00113046 0.070907 0.00413659 0.217417 0.484114 0.00163564 3.49485e-07 1.10295e-08 0.00839802 4.91148e-07 1.31989e-10 0.015151 0.00850895 7.67171e-06 9.04163e-05 4.87684e-05 0.000370266 
0.0510706 0.0819794 0.00138005 0.00437576 0.0141617 0.041484 0.0604496 0.0253458 0.340932 0.0428202 0.00192943 0.00387859 0.104148 0.0794796 6.84113e-06 0.0336255 0.100635 0.000857198 0.00287886 0.00264454 0.00591779 
0.0178529 0.170313 2.23406e-10 0.00160717 0.000529054 0.00470658 0.00062661 5.1902e-05 0.410834 0.000467457 2.30789e-10 4.79428e-08 6.63511e-08 0.37892 3.64472e-10 7.80771e-05 0.0101557 2.19658e-05 3.91964e-07 0.00188201 0.00195319 
0.0105964 0.046366 5.98412e-06 0.000120416 0.0101846 0.0521593 0.0117091 0.0294357 0.707663 0.0373266 0.000163431 2.0983e-07 0.0252998 0.00441946 2.34232e-06 0.0359394 0.0239495 2.35332e-05 0.00316803 2.38671e-05 0.00144308 
0.0596766 0.168136 4.66155e-05 0.000910491 0.0373551 0.0226439 0.0201773 0.00146962 0.339692 0.0117656 0.00745315 4.51153e-05 0.0892852 0.0272663 0.00022813 0.0850159 0.005958 4.89307e-05 8.67438e-05 0.00609833 0.116641 
0.00917434 0.00117383 6.33141e-07 0.000582516 0.000235727 0.0438165 0.157397 1.25857e-05 0.508147 0.00116 7.46111e-07 0.00044203 0.00272033 0.125391 1.95389e-08 0.0092681 0.121569 6.25446e-06 0.015178 0.000861012 0.00286324 
0.00846465 0.0370848 1.17658e-06 0.0239371 0.00225147 0.153401 0.0233678 0.00509192 0.429779 0.000139809 0.104829 9.0685e-05 0.00625261 0.0173108 1.21871e-08 0.000693218 0.187003 0.000182096 7.79891e-05 7.75813e-09 4.16279e-05 
0.101108 0.159461 5.127e-06 0.00333151 0.00283431 0.0154296 0.0114168 0.014897 0.344792 0.0394568 0.000700842 8.64052e-06 0.0248645 0.136318 0.0148395 0.0208215 0.105341 0.000564215 0.000110917 0.00229634 0.00140189 
0.0151065 0.0231991 0.000122409 1.99236e-05 0.000207576 0.000903191 0.00156271 0.00459678 0.846516 0.0231126 9.90679e-05 9.98895e-07 0.0318349 0.0027305 8.72046e-07 0.00187589 0.0394704 1.16582e-05 0.00547974 6.89388e-06 0.00314262 
0.0065226 0.00831812 1.42096e-08 2.29623e-05 0.0047211 0.20473 0.0554483 0.00373214 0.295253 0.00415241 3.84012e-05 1.19693e-08 0.092653 0.00375467 3.77294e-11 0.0354801 0.283636 0.0002831 1.81203e-11 2.40179e-11 0.00125448 
0.000896015 0.0297654 0.000758153 2.54673e-05 0.000264739 0.0712736 0.00147257 0.00490484 0.487176 0.159548 1.12096e-06 1.51452e-07 0.10669 0.0124001 1.09958e-05 0.00333566 0.0999904 7.95427e-05 0.000353469 0.000586466 0.020467 
0.00628952 0.0238264 8.65287e-05 0.000476789 0.0020907 0.0801373 0.00493433 0.000566421 0.60221 0.0354501 2.96978e-07 4.55811e-12 0.164585 0.0292707 1.0052e-08 0.0083101 0.0361595 3.80771e-05 5.85191e-07 4.91849e-12 0.00556734 
0.0356129 0.190362 0.000814131 0.0131996 0.00034714 0.0258829 0.0961471 0.00273302 0.23877 0.0312432 2.70991e-05 2.36933e-06 0.00374348 0.142118 1.74125e-07 0.000411744 0.212358 6.14076e-05 0.000232955 1.10637e-06 0.00593235 
0.0645921 0.239897 0.000469282 0.0016564 0.0206675 0.0161547 0.0245575 0.00123501 0.251992 0.0606879 0.00124903 4.66032e-06 0.0509661 0.0601139 0.00932088 0.0738888 0.0546502 4.88819e-05 0.000254582 6.97723e-05 0.067523 
0.0822417 0.080498 0.000789301 0.00266857 0.0952173 0.080245 0.0199737 0.000775571 0.161077 0.102878 0.027536 1.6451e-05 0.0727101 0.0871851 0.0783264 0.00781766 0.0581562 0.000463718 0.00583311 1.56013e-05 0.0355747 
0.0327762 0.0733371 1.39046e-07 0.000459407 0.0259035 0.0308856 0.0050586 0.00041166 0.474587 0.114358 1.62699e-06 3.4276e-06 0.019364 0.105625 7.22483e-06 0.0705032 0.00938455 8.33318e-06 0.000105042 0.00348073 0.0337391 
6.98158e-06 0.162706 6.9747e-06 6.97848e-06 6.97905e-06 0.10684 6.9818e-06 6.9822e-06 0.249268 0.0663425 6.97437e-06 6.975e-06 6.98242e-06 0.191995 6.96901e-06 6.98125e-06 0.190643 0.00629021 0.0195414 6.97435e-06 0.00628955 
0.334857 0.158317 2.52497e-07 1.56778e-06 3.55419e-06 5.3081e-06 2.7429e-06 2.14885e-06 0.455877 5.40086e-06 6.50477e-10 6.12083e-08 0.00462405 0.0134418 0.000119985 4.22031e-06 0.0253555 1.59564e-10 0.00738011 2.55101e-06 2.11419e-10 
0.0467682 0.098589 8.64187e-05 0.00204128 0.00659332 0.0123795 0.0022479 0.0241883 0.375851 0.0397646 0.000485982 1.196e-06 0.00764802 0.0120874 1.96631e-05 0.0025176 0.0956553 0.00122106 0.263281 0.00218198 0.00639186 
0.031148 0.184989 8.30708e-07 5.49476e-06 0.000382092 0.0721748 0.127729 0.0327085 0.221018 0.0256103 3.6168e-06 6.28459e-08 0.0276855 0.0377522 1.06529e-07 0.00318824 0.186377 0.000214134 4.47577e-06 0.00181427 0.0471946 
0.0186674 0.0570444 0.00152576 0.00269205 0.0411649 0.109475 0.0796004 0.0188272 0.2588 0.0454235 0.00134807 2.49285e-05 0.0929398 0.0128652 0.000416539 0.0228438 0.216499 0.00180594 0.00250751 0.00174489 0.0137833 
0.00544604 0.0119766 3.26954e-05 0.00175256 0.0196576 0.00175275 0.00913906 8.06641e-07 0.629404 0.0612856 0.00707625 1.07915e-05 0.0313009 0.126506 1.76637e-07 0.00306739 0.0716439 8.62185e-07 0.0177488 2.0077e-06 0.00219472 
0.00959511 0.0924924 0.00419789 0.218531 0.00132625 0.0245598 0.00511211 0.0116559 0.450283 0.0985501 3.67663e-05 6.79113e-07 0.0112636 0.0160466 1.09771e-05 0.00269868 0.0154175 0.0104336 0.00969408 0.0100842 0.00800943 
0.00722765 0.00475271 1.32505e-07 0.00303767 0.00059156 0.00211189 0.000854902 0.000741673 0.973418 0.000444556 1.36884e-07 8.93978e-05 0.00157952 0.000614579 2.16172e-07 0.00176556 0.00156536 3.35779e-08 0.00120443 1.37612e-07 4.44901e-08 
0.0361447 1.77815e-05 8.71258e-09 5.27516e-05 0.017615 0.0188156 0.169952 1.38933e-09 0.3061 0.185172 9.23997e-07 3.63826e-05 0.0930235 0.100401 1.4214e-08 0.0561935 0.0160075 0.00018177 1.22296e-06 9.04836e-09 0.000284077 
0.0120774 0.0673027 1.71395e-07 0.00603652 0.0070986 0.121386 0.0430411 0.08791 0.364396 0.0355228 0.000890164 2.34402e-05 0.111014 0.00434012 4.32172e-07 0.089038 0.031024 2.2763e-05 7.88303e-07 0.0170968 0.00177854 
0.0193562 0.0588135 0.0156955 0.00361861 0.00166695 0.013794 0.0787826 0.00977694 0.297985 0.0761872 0.000389693 0.0176849 0.0761178 0.113362 1.07674e-05 0.0687263 0.140157 0.000490068 0.00264663 0.000974679 0.00376364 
0.0752266 0.0577999 0.000711904 0.000549126 0.00623581 0.0691854 0.042947 0.000668233 0.29467 0.00508057 3.42201e-05 2.47065e-06 0.0185843 0.269395 4.17225e-08 0.0263544 0.0895114 0.000132904 4.30974e-05 0.000284437 0.0425832 
0.0246906 0.0171174 1.88874e-05 0.000281442 0.000504026 0.0534547 0.073031 0.0155898 0.454184 0.0703538 0.000185886 0.000280724 0.0617779 0.0752985 2.57788e-07 0.0100132 0.102146 5.85187e-05 8.27814e-05 0.0007485 0.0401824 
0.0126936 0.178547 2.66082e-05 0.00404216 0.00406521 0.177828 0.025448 0.0200972 0.236561 0.0461492 0.00371027 1.36723e-05 0.0585781 0.070892 0.0110574 0.0428712 0.0619105 0.000738819 0.000831935 0.00514637 0.0387922 
1.66975e-08 3.2283e-05 7.26416e-08 7.17424e-05 9.36577e-05 8.92652e-09 0.000944198 1.15836e-08 0.715076 0.0417191 0.000152831 0.000672725 1.95125e-05 0.240933 2.18037e-06 3.89961e-05 0.000136852 0.000106988 5.69166e-08 7.54412e-08 2.43903e-08 
0.0716739 0.284858 0.000166519 0.00219633 0.000736288 0.0141221 0.0120308 0.204554 0.347942 0.0350631 2.42136e-05 1.17567e-05 0.00624682 0.00688173 3.2124e-08 0.000101523 0.00869936 8.89875e-06 0.000229273 0.000111596 0.00434212 
0.000226666 0.115385 5.47656e-07 0.00348432 0.000158737 0.000462736 0.0330381 0.00727201 0.748275 6.11492e-05 0.0192402 5.27089e-07 0.0141238 0.0522262 8.93461e-07 0.0057159 5.78554e-05 0.000269368 4.29103e-07 5.68762e-07 1.83882e-07 
0.00272142 0.290095 1.94651e-07 4.5726e-07 1.9091e-07 0.00164321 3.11641e-07 0.0284073 0.331296 0.107587 5.91248e-11 1.65803e-08 3.3747e-06 0.202969 8.40444e-07 0.0223991 1.49029e-06 2.19017e-07 2.87904e-06 0.00396846 0.0089027 
0.0100066 0.0521787 0.000101228 0.00028955 0.0494317 0.0272716 0.000499444 0.00146523 0.658081 0.000264409 3.75047e-05 6.98946e-07 0.000237154 0.000486965 7.22735e-11 0.000477758 0.00144299 0.0114324 0.101037 0.0852552 2.55572e-06 
0.000742721 0.00737085 6.24235e-08 1.44239e-07 0.00195143 0.0242908 0.00673029 1.9372e-06 0.893653 0.0170207 9.12481e-07 1.32292e-09 0.0217781 0.00150068 2.65881e-07 0.0195405 0.00476042 3.79381e-05 9.04289e-07 0.000198664 0.000420036 
0.0448249 0.0932912 0.000111054 0.00147627 0.000523197 0.0173722 0.0234146 0.132532 0.436305 0.0166468 5.9417e-06 3.28582e-08 0.0145328 0.0379364 9.15716e-08 0.0048353 0.155247 0.000694827 0.000272672 0.00358431 0.0163933 
0.0244384 0.0699505 0.000236112 0.000148888 0.00142719 0.00298309 0.0315573 0.00840629 0.354865 0.333563 0.000285358 2.48263e-08 0.0378406 0.0566003 3.12217e-07 0.0201454 0.0492434 0.00113674 4.59174e-05 0.00159532 0.00553097 
0.0224904 0.0908886 5.40686e-07 3.61683e-07 1.4179e-05 0.00451721 0.00078624 0.000783265 0.760931 0.0249246 4.95071e-07 3.47806e-08 0.0117836 0.0172312 6.95089e-08 0.0030935 0.0625517 5.16949e-07 7.2774e-07 8.73903e-07 8.1465e-07 
0.0432288 0.0465518 0.0024599 0.000823966 0.0128905 0.0433785 0.0394346 0.0304841 0.242266 0.0674355 0.000292745 5.69223e-06 0.171471 0.0251553 3.16123e-07 0.0148093 0.223913 0.00123806 0.0188559 8.59026e-05 0.015219 
0.0154904 0.165428 6.20322e-06 0.00404782 0.00142915 0.0175803 0.0308846 0.00665993 0.327775 0.0567051 2.71372e-05 6.16164e-05 0.0132854 0.236912 0.000850798 0.00947661 0.103914 0.000262056 0.000346366 4.33384e-06 0.00885442 
0.0147662 0.166015 2.48473e-05 0.00248779 0.00111227 0.102234 0.0225649 0.0655399 0.413814 0.0868996 0.000370204 2.14638e-06 0.0299803 0.00607892 1.42525e-09 0.0244894 0.0414344 0.000197098 0.00133991 0.000131866 0.0205171 
4.79878e-05 0.133508 3.60308e-05 1.55039e-05 5.20213e-09 0.0940146 0.0537854 1.61674e-09 0.404169 0.0103353 1.04737e-08 9.75794e-09 0.0395928 0.264468 1.03891e-05 2.70722e-09 1.77847e-06 5.06623e-06 7.70517e-06 1.05294e-08 2.62936e-06 
0.103088 0.0189418 1.94407e-05 5.34578e-06 0.000270813 0.00413554 5.75595e-06 7.76122e-09 0.432289 0.0249261 5.02794e-08 2.99376e-06 0.00336696 0.407572 7.94033e-08 2.36062e-06 0.00364959 9.77786e-07 3.81351e-08 5.05468e-08 0.00172312 
0.0122537 0.0954158 0.000534916 0.0263364 0.0367316 0.218104 0.0199206 0.0855449 0.224304 0.0928677 0.0101721 4.26841e-07 0.0173394 0.061777 7.75735e-06 0.00140585 0.091039 6.42043e-05 0.00379561 0.000473863 0.00191146 
0.0146201 0.0902376 0.000283853 0.00653823 0.0547413 0.217078 0.0308643 0.112869 0.278063 0.0187617 0.000314451 1.45491e-05 0.0784321 0.00476935 0.00125946 0.0289454 0.0579625 0.00203757 0.00040928 1.73523e-05 0.00177987 
0.0128812 0.0283044 0.000426513 0.0046512 0.00531982 0.137096 0.192904 0.0402714 0.193754 0.0617053 3.51602e-06 0.000268885 0.0117456 0.0231958 1.65074e-06 0.00933926 0.118614 0.00709151 0.150656 3.78039e-05 0.00173111 
0.00188883 0.0135631 1.18071e-08 4.28586e-08 0.00210719 0.0506168 0.0123478 0.0002715 0.45703 0.0177557 5.54171e-12 5.16298e-12 0.326508 1.36998e-06 8.7517e-12 0.0195943 0.095647 5.3394e-05 6.62847e-07 5.57118e-12 0.00261352 
0.000961833 0.0198483 1.66137e-10 0.00013388 0.000197093 0.0010656 0.000153126 0.0176102 0.955741 0.000294073 4.11228e-05 1.59897e-10 0.0013033 0.000599305 2.09308e-05 4.22112e-05 0.000761683 9.48162e-05 0.000438937 3.02431e-05 0.000662445 
0.0029357 0.0972659 0.011259 0.000364978 0.00612379 0.0604542 0.112202 0.0113545 0.265826 0.0704756 8.5026e-08 8.30225e-07 0.0105843 0.113879 1.10914e-07 0.00755373 0.186519 0.000265735 0.00475083 0.0305934 0.00759112 
0.0268916 0.0628936 8.4324e-08 4.79222e-05 0.0012639 0.0126549 0.0128523 0.00593084 0.634512 0.021913 2.88547e-05 1.39364e-06 0.00464273 0.0308328 1.09435e-09 0.11147 0.0690067 3.86951e-05 0.00327792 0.00171197 2.89344e-05 
0.0372231 0.150222 7.02309e-05 0.000567599 0.00113046 0.070907 0.00413659 0.217417 0.484114 0.00163564 3.49485e-07 1.10295e-08 0.00839802 4.91148e-07 1.31989e-10 0.015151 0.00850895 7.67171e-06 9.04163e-05 4.87684e-05 0.000370266 
0.0261294 0.0529119 0.0153534 0.00284389 0.0212537 0.0641382 0.172131 0.0218919 0.192823 0.0639867 0.00187324 0.000555945 0.109378 0.0558584 8.31411e-05 0.010457 0.180047 0.000207773 0.000554192 0.00271049 0.00481248 
0.00769161 0.0856019 4.88935e-09 0.000385801 0.00187062 0.28118 0.0753283 0.00138428 0.385001 0.0275708 0.000182191 5.65659e-06 0.030872 0.00640319 3.21518e-10 0.00628066 0.0876067 0.000637486 4.54671e-05 4.60119e-08 0.00195279 
0.00630807 0.0875419 8.02272e-07 0.00221154 0.00170676 0.145602 0.0506495 0.00335975 0.249106 0.230164 0.000482556 3.14773e-06 0.0250432 0.00990468 1.24759e-06 0.00264057 0.0566624 0.125626 0.00076639 0.000105195 0.00211402 
0.000320418 0.000320474 0.000320103 0.000320276 0.000320303 0.000320462 0.000320429 0.000320447 0.513029 0.00032047 0.000320088 0.000320117 0.000320457 0.000320411 0.000319842 0.000320403 0.000320484 0.000320409 0.00032019 0.000320087 0.480885 
0.0221896 0.0556986 0.00128747 0.00402306 0.0066415 0.0737538 0.0248117 0.0143758 0.48527 0.0482626 0.0018263 0.000240821 0.0549274 0.032443 8.00554e-05 0.0162097 0.130078 0.00111536 0.00361581 0.00364313 0.0195063 
0.0957427 0.0426938 1.70414e-05 0.000466484 0.0260237 0.000431446 0.000718499 0.00106754 0.690112 0.0257094 1.56151e-05 1.18298e-06 0.000125919 0.112114 0.000225268 3.08036e-05 8.56654e-05 7.96031e-06 2.28827e-05 0.000740446 0.00364703 
0.03181 0.0459579 2.05022e-07 0.000697657 0.0723975 0.0541458 0.0105491 0.143752 0.203558 0.0591143 2.05013e-07 2.05031e-07 0.0533035 0.115723 0.000635257 0.0174435 0.167826 0.00256543 2.05078e-07 0.000492234 0.0200274 
0.0027407 0.17773 0.00127084 4.1203e-05 0.025754 0.0986138 0.074473 0.000183695 0.393244 0.159603 5.11432e-05 1.54667e-08 0.0241944 0.0108 1.65765e-10 0.00176497 0.0260886 0.00202534 0.000714903 5.30077e-05 0.000652989 
0.0241239 0.0118672 0.00076256 8.15774e-09 6.87317e-07 0.0174479 0.0241418 8.01176e-08 0.497151 0.032695 1.16763e-06 1.34283e-10 0.257579 0.0176384 2.27621e-10 0.00526664 0.0506867 3.53562e-11 1.47593e-06 2.15915e-06 0.060634 
0.0674886 0.0397471 0.00495651 0.00150247 0.0415814 0.0411745 0.0438552 0.00202673 0.270801 0.0919466 0.00283503 1.61586e-05 0.193319 0.0980078 0.000143978 0.0240376 0.0612479 8.88999e-05 0.00033091 0.0047477 0.0101453 
0.064111 0.0366656 2.77682e-09 0.000274381 4.66777e-05 0.0190468 7.35033e-05 0.000205709 0.508206 0.00254089 0.00355447 2.14661e-08 0.0136271 0.00665192 5.94574e-07 0.000120962 0.0392304 3.04521e-05 7.05918e-05 0.303641 0.00190137 
0.0143356 0.0798812 0.000394169 0.0209968 0.0105077 0.0356586 0.0574088 0.037666 0.309688 0.162982 0.00207472 0.000889941 0.0809586 0.0413053 3.06517e-05 0.00717625 0.116654 0.00976069 0.00150793 0.00441677 0.00570673 
8.99179e-07 0.117248 1.87969e-06 3.22504e-06 0.0219161 0.0195253 0.14664 1.47298e-07 0.276779 0.0785612 9.44617e-10 1.08077e-06 0.00207299 0.0476298 0.179638 5.44862e-06 0.0907046 1.99899e-05 1.30403e-07 4.10213e-05 0.0192103 
0.00847555 0.0282354 5.26569e-06 3.91094e-06 0.005032 0.0288919 0.321111 0.00166578 0.436059 0.000197089 9.76953e-06 1.44656e-06 0.00168019 0.125261 1.6341e-07 0.00913255 0.02888 1.14632e-05 0.00444733 2.34963e-07 0.000898374 
0.0161546 0.0514027 0.00146513 0.0016641 0.0199311 0.135568 0.0283281 0.0137508 0.306352 0.0450318 0.00537074 4.16135e-05 0.115409 0.0109779 0.00136051 0.0281479 0.207996 0.00265293 0.000757454 0.000494128 0.00714373 
0.0221364 0.203399 1.29734e-06 0.037617 0.00163525 0.00581129 0.0163916 0.0616679 0.383238 0.0642524 3.94872e-06 1.44952e-05 0.00295668 0.153697 5.75671e-06 0.00119322 0.0451839 0.000194591 5.92737e-05 0.000531403 1.05358e-05 
0.00389998 0.0495452 1.28783e-07 1.61825e-07 0.00197274 0.00761861 0.0286316 2.50695e-07 0.596988 0.00452169 1.01315e-07 8.36432e-08 0.0186326 0.0817961 5.91726e-10 0.000511656 0.205881 4.81988e-08 2.84188e-10 3.76683e-10 6.94866e-08 
0.035921 0.0922598 6.85214e-06 2.20204e-06 0.00152031 0.00032308 8.26007e-07 0.0263965 0.826418 0.000100219 0.00161629 2.67948e-08 3.77979e-09 0.00155198 4.54195e-08 1.92709e-05 0.0138181 1.96435e-07 6.77111e-06 3.45828e-05 3.61002e-06 
0.00670045 0.11891 7.07549e-06 0.000364307 0.000547916 0.0502353 0.0109641 0.000919436 0.419698 0.00666369 2.87559e-05 1.2835e-08 0.0643415 8.68985e-06 1.54291e-11 0.00382169 0.316654 7.76909e-06 4.92459e-09 9.82192e-12 0.000127008 
0.000323108 0.0172338 3.7763e-06 0.00151789 7.23563e-07 0.146847 0.230787 0.000737094 0.239849 0.0303475 8.53876e-05 6.7822e-09 0.181974 2.96811e-07 1.88677e-07 0.0139103 0.134641 0.00102304 2.83205e-07 4.87924e-08 0.000718741 
8.99179e-07 0.117248 1.87969e-06 3.22504e-06 0.0219161 0.0195253 0.14664 1.47298e-07 0.276779 0.0785612 9.44617e-10 1.08077e-06 0.00207299 0.0476298 0.179638 5.44862e-06 0.0907046 1.99899e-05 1.30403e-07 4.10213e-05 0.0192103 
0.071672 0.187047 6.18997e-05 6.59426e-08 0.0209557 0.00521791 0.0294875 0.00105238 0.234661 0.0251605 0.000212352 2.67596e-06 0.0386646 0.219173 0.000267517 0.000877159 0.124769 3.87347e-05 0.0395482 0.000583474 0.000546896 
0.00109533 0.311176 1.80478e-06 1.16829e-05 0.0025022 0.00669885 0.0462245 0.0428761 0.321976 0.00726166 3.21516e-08 3.92702e-07 0.00871603 0.000251514 5.07752e-08 0.144476 0.102882 1.42835e-05 0.00037513 0.00339163 6.85321e-05 
0.13591 0.0918277 0.0190575 0.000481424 0.00375835 0.00892591 0.00452003 0.00155841 0.259751 0.123119 3.63543e-07 7.56958e-10 0.0430113 0.177542 2.93471e-06 0.0099949 0.0774828 0.00264156 0.000519774 3.0222e-05 0.0398659 
0.064899 0.0765578 4.35471e-05 0.00406901 0.000732767 0.0322836 0.000791728 0.182147 0.438834 0.022267 6.27561e-05 1.72227e-09 0.0144026 0.0151485 5.92491e-06 0.0048704 0.0420571 0.000760239 0.000655127 1.80891e-06 0.0994101 
0.0276312 0.252213 3.50249e-05 0.000183684 0.010588 0.0010219 0.0655186 0.00288368 0.483359 0.0157766 4.32271e-06 0.000241556 0.040009 0.0409769 0.00697812 0.0263235 0.00677422 3.064e-05 2.32886e-05 0.000160628 0.0192665 
0.00601662 0.0130828 0.000163906 0.000621605 0.00555176 0.00691764 0.00601773 5.26448e-05 0.491826 0.195169 0.00131525 9.43775e-06 0.0632985 0.00514021 1.62647e-07 0.0828949 0.0760406 0.00118024 0.000239115 4.12216e-07 0.0444618 
0.013076 0.0823256 5.89607e-05 0.000476704 0.00081671 0.0636153 0.0190525 0.00730206 0.442588 0.121141 0.000122774 1.28492e-07 0.0808204 0.00279219 2.17804e-07 0.0485291 0.0834258 0.00443004 0.00247001 6.15268e-06 0.0269497 
0.0242942 0.128351 0.000178865 0.0127614 0.000938134 0.12881 0.0345138 0.0629363 0.245524 0.0452065 8.60319e-05 3.09426e-05 0.0212319 0.0110683 6.12633e-08 0.0145127 0.117905 0.000829215 0.148101 2.8613e-05 0.00269341 
0.0274329 0.0222601 0.000718722 4.89143e-07 0.000110871 5.88577e-07 7.93006e-07 0.00790292 0.782067 0.025462 2.11928e-09 1.97444e-09 0.0257822 0.0547867 3.34685e-09 0.00164733 0.0177843 2.11513e-05 0.0018536 0.000729754 0.0314382 
0.00823107 0.00982006 0.00329492 0.0184518 0.00082769 0.0628341 0.10879 0.0209443 0.342575 0.152286 2.33534e-10 9.73196e-08 0.0751428 0.0440349 3.68806e-10 0.000624772 0.150457 2.78599e-05 3.25441e-05 3.24799e-07 0.00162549 
0.0446133 0.0171829 8.05505e-10 0.000153763 4.2718e-07 0.00125997 0.000104808 1.07967e-07 0.879591 0.00389658 3.63059e-07 7.75255e-10 0.0206757 0.0291387 3.62523e-05 0.000698482 5.6992e-05 6.07427e-05 3.48977e-07 5.69433e-07 0.00252876 
0.0118006 0.0296027 3.99621e-05 0.00386549 0.153168 0.00913212 0.00952726 0.0118336 0.374947 0.148926 0.000131582 2.47012e-05 0.0155029 0.0167804 2.59145e-06 0.0190723 0.165057 0.000246292 0.00351636 9.31201e-05 0.0267295 
0.000562159 0.0007092 9.47523e-05 0.000227721 0.00447524 0.23706 0.00281912 7.50392e-05 0.273518 0.120454 0.000139476 3.63333e-07 0.105422 0.00941929 0.00110591 0.00701533 0.0807175 0.0397297 6.11228e-05 0.0757007 0.0406942 
0.0537973 0.0485629 6.25952e-07 4.30704e-09 0.187257 0.0128604 0.0208126 1.38172e-07 0.196191 0.135811 1.35334e-06 2.476e-07 0.101434 0.0692913 1.21379e-08 0.00873089 0.0658674 2.10964e-05 0.0130403 4.59963e-07 0.0863205 
0.141415 0.0787884 0.000320846 0.0245812 0.022724 0.0604206 0.00683585 0.0197617 0.262897 0.0366012 0.00815027 4.70879e-06 0.115855 0.0379717 0.0301447 0.00103343 0.128989 3.22438e-05 0.0122389 0.00422809 0.007007 
0.00559128 0.0121552 4.30116e-06 5.44111e-05 0.0157709 0.00197876 0.00616996 0.00109026 0.928742 0.0024093 8.36583e-05 0.000218445 0.0111893 0.00330891 0.000149613 0.00284231 0.00190371 9.02634e-06 5.29525e-06 5.94455e-05 0.00626412 
0.000699708 0.0283554 3.77544e-08 0.0544172 0.000354475 0.00482596 0.127997 0.000450903 0.236271 0.152136 0.0119691 0.0107359 0.000361147 0.0800133 6.15936e-08 0.0895693 0.0945785 0.00263199 0.000677821 0.103629 0.000325455 
0.00402262 0.0446322 0.00102739 3.24003e-06 0.000151423 0.0171359 0.0211471 6.40398e-06 0.292775 0.11387 0.0976866 5.75915e-06 0.0277578 0.00767503 9.20758e-07 0.0523253 0.0209215 1.24858e-05 0.291847 0.000184119 0.00681172 
0.0244863 0.276927 5.72133e-05 0.000784716 0.0267355 0.00287351 0.0791571 0.00439654 0.413783 0.0417049 0.000199919 0.000278672 0.0377192 0.0409621 0.00454566 0.0282164 0.00573232 0.000148188 0.000129973 0.000259062 0.0109035 
0.00434528 0.0132252 3.80983e-05 0.000452019 5.41509e-05 0.0318519 0.0479109 7.27896e-05 0.767761 0.0251936 0.000810658 0.000299192 0.0045122 0.0444284 0.00146954 0.00186999 0.054514 9.19678e-05 0.000102436 1.14276e-05 0.000985422 
0.000896015 0.0297654 0.000758153 2.54673e-05 0.000264739 0.0712736 0.00147257 0.00490484 0.487176 0.159548 1.12096e-06 1.51452e-07 0.10669 0.0124001 1.09958e-05 0.00333566 0.0999904 7.95427e-05 0.000353469 0.000586466 0.020467 
0.0105841 0.0469422 4.79245e-06 0.000288083 0.000133051 0.00990707 0.0426809 0.024946 0.254646 0.0931421 0.000163574 1.96509e-06 0.193134 0.153742 2.50061e-07 0.0449496 0.113455 0.000176289 0.00796417 5.07846e-06 0.00313344 
0.0110801 0.0380206 0.00011125 0.000590427 0.0139994 0.225262 0.00697976 0.0111564 0.579577 0.0258629 1.41977e-09 8.22245e-07 0.0241272 0.000295282 2.24215e-09 0.00945694 0.0520967 5.77939e-05 0.000898039 1.42732e-09 0.00042736 
0.0500256 0.037795 0.00404754 0.000216609 0.0366045 0.0114948 0.00775995 0.000795024 0.355997 0.275982 3.41967e-08 2.46978e-07 0.0215226 0.0489149 1.36157e-08 0.00165988 0.0483243 1.00159e-05 0.00914467 6.21101e-05 0.0896433 
0.000896015 0.0297654 0.000758153 2.54673e-05 0.000264739 0.0712736 0.00147257 0.00490484 0.487176 0.159548 1.12096e-06 1.51452e-07 0.10669 0.0124001 1.09958e-05 0.00333566 0.0999904 7.95427e-05 0.000353469 0.000586466 0.020467 
0.0976902 0.0900406 0.00034704 0.000307772 0.00974062 0.250061 0.0189902 0.00077662 0.288598 0.0575822 0.000151409 1.40065e-06 0.0365343 0.0560959 4.68113e-07 0.00316269 0.073001 0.000271831 0.000352526 0.00855131 0.00774324 
0.0104416 0.0540768 3.06831e-06 0.00491513 0.00290928 0.0242053 0.0174998 0.000857354 0.444341 0.0196616 8.53894e-06 3.04759e-06 0.0275347 0.330249 1.33634e-07 0.0449714 0.00985247 0.000551934 0.000952065 0.00288025 0.00408566 
0.0853905 0.0595271 8.79735e-06 0.000129014 0.00252215 0.000525872 0.000274166 0.00149502 0.289481 0.113586 4.64256e-10 5.51128e-08 0.069009 0.0727376 1.05271e-05 0.030109 0.0527573 5.81536e-05 0.179907 0.00288531 0.0395863 
0.0109874 0.0377804 0.0665292 0.0040603 0.00198512 0.0257626 0.00724722 0.00499068 0.543339 0.0247033 0.00843447 8.93605e-08 0.0360079 0.0160612 4.92175e-06 0.00821317 0.173738 3.21666e-05 0.00421202 0.000449049 0.0254619 
0.00989182 0.00329457 0.00390052 4.35991e-05 0.00315798 0.113563 0.00881385 0.0531917 0.316163 0.0429179 0.000146782 3.70433e-06 0.223105 1.7532e-05 2.18721e-08 0.0101826 0.204289 4.07355e-06 0.001647 1.39234e-08 0.00566538 
0.00196146 0.0232119 2.39795e-08 1.246e-06 1.23038e-08 0.000432531 2.6288e-06 2.43399e-07 0.884203 0.0532445 5.27761e-05 1.71004e-06 3.25563e-09 0.0354397 3.91209e-08 4.21864e-06 0.00141894 1.48136e-06 1.87886e-08 2.49037e-08 2.32757e-05 
0.0822418 0.077267 8.66256e-10 0.000166263 0.00392409 0.172926 0.0057788 9.85089e-05 0.457924 0.00968954 2.94751e-07 1.073e-05 0.0450505 0.0199196 1.41324e-09 0.0311949 0.093245 1.21498e-05 8.67603e-07 8.99642e-10 0.000549886 
0.0141077 0.180294 4.34573e-06 2.53743e-05 0.00455652 0.0905429 0.00382577 0.0259071 0.553028 0.00950031 1.52757e-06 2.45453e-07 0.0287275 5.76616e-05 3.59563e-09 0.0125259 0.0713181 5.9596e-06 0.000532326 0.00315324 0.00188589 
0.00241706 0.0549469 9.79554e-06 4.8982e-05 0.0030411 0.17746 0.0268924 0.000801133 0.454926 0.0045964 0.000143955 4.05789e-06 0.0959883 0.00135 4.06182e-12 0.014366 0.162636 3.87968e-05 6.49228e-06 2.58569e-12 0.000327367 
0.018554 0.0485537 0.000182112 0.0103475 0.0043825 0.103074 0.000274701 0.0843124 0.242868 0.0235733 0.00494115 5.90231e-06 0.124169 0.0814758 3.75636e-08 0.00683749 0.239372 0.000132714 0.000773068 1.15773e-05 0.00615942 
0.0531015 0.0471822 0.0183589 5.68143e-05 0.00950232 0.120648 0.0103833 0.000881101 0.548905 0.0424375 8.864e-05 4.82367e-05 0.0770985 0.00211015 7.77514e-06 0.000963626 0.0297559 0.00357521 0.0308583 0.000172957 0.00386382 
0.0189332 0.11256 5.22757e-07 0.000306037 0.000358293 0.0710189 0.000132594 0.000411133 0.721927 2.17122e-07 5.40032e-07 3.45834e-06 0.000922095 0.00445909 8.52841e-07 1.39586e-07 0.0666281 1.33601e-05 0.000484724 5.42904e-07 0.00183894 
0.0122818 0.020073 3.37091e-05 7.79382e-06 0.0203864 0.000873706 2.28558e-05 1.43354e-06 0.569296 0.0146424 1.85577e-05 1.10802e-05 0.0477103 0.137766 2.15536e-06 0.00258977 0.00564894 0.000101751 0.000189385 1.13273e-05 0.168332 
8.99179e-07 0.117248 1.87969e-06 3.22504e-06 0.0219161 0.0195253 0.14664 1.47298e-07 0.276779 0.0785612 9.44617e-10 1.08077e-06 0.00207299 0.0476298 0.179638 5.44862e-06 0.0907046 1.99899e-05 1.30403e-07 4.10213e-05 0.0192103 
0.011406 0.0520516 4.44511e-05 0.00634292 0.016355 0.184524 0.013351 0.00766319 0.506454 0.0221338 0.000298742 0.00052701 0.0920901 0.0175623 3.81163e-09 0.022818 0.0321658 3.7266e-05 0.000486718 0.00021265 0.0134751 
0.00518043 0.111408 0.000731938 0.00533703 0.00320792 0.107275 0.0185738 0.0386099 0.472904 0.0432397 0.000143365 3.21689e-07 0.0150197 0.00698187 1.1108e-07 0.017607 0.119517 0.0143132 0.000769278 0.000680474 0.0185015 
0.0357482 0.0213781 0.0180938 0.00607066 0.0332844 0.144204 0.0118254 0.000954229 0.266517 0.182313 0.000140022 5.31122e-06 0.016287 0.102952 6.4899e-10 0.00436927 0.0866677 0.0511565 0.000264642 0.0169217 0.000847458 
0.00977022 0.0430213 4.72131e-07 0.00524112 0.00728103 0.0830047 0.0961441 0.0411987 0.424311 0.0273571 0.00340227 1.96779e-06 0.0547724 0.0499715 2.90166e-06 0.0197415 0.11396 0.000728352 0.00793372 0.00573482 0.00642024 
0.0970616 0.172518 0.0449789 9.74072e-07 0.0240625 0.0507797 9.74535e-07 9.74591e-07 0.198036 9.74662e-07 9.73499e-07 9.73587e-07 0.0366468 0.193923 9.72751e-07 0.00146266 0.100786 9.74475e-07 0.00214335 0.0718449 0.00574978 
0.03181 0.0459579 2.05022e-07 0.000697657 0.0723975 0.0541458 0.0105491 0.143752 0.203558 0.0591143 2.05013e-07 2.05031e-07 0.0533035 0.115723 0.000635257 0.0174435 0.167826 0.00256543 2.05078e-07 0.000492234 0.0200274 
1.28344e-05 0.360653 5.21452e-06 1.49981e-06 4.59522e-05 0.00766541 4.1794e-10 0.0114898 0.414164 1.02368e-05 3.65216e-06 1.95771e-09 0.0219903 0.183284 0.000668208 3.60611e-06 1.42189e-10 5.15459e-10 7.57306e-07 2.11249e-09 1.80309e-06 
0.040166 0.085371 7.85543e-05 0.000170931 0.000512467 0.105055 0.00618264 0.000955936 0.583069 0.0106036 0.000363161 7.05815e-07 0.0918911 0.036918 1.31127e-07 0.00486061 0.0211751 0.000284515 0.00414513 0.0036664 0.00452969 
0.0211217 0.118445 1.67545e-05 0.0083307 0.00155065 0.0827873 0.00102914 0.202443 0.313409 0.0176129 0.000426506 3.45276e-06 0.0627848 0.142589 2.16089e-06 0.00164062 0.0223192 0.00121882 7.95489e-05 1.35757e-09 0.00218999 
0.0594808 0.171641 0.00134883 0.00443077 0.0132154 0.00690425 0.0509898 0.000700979 0.499047 0.0637124 0.00114003 0.0117313 0.0364509 0.0154834 0.00723943 0.00175883 0.0431004 0.00017058 0.000323762 6.12388e-05 0.0110687 
0.00460774 0.00966027 8.86294e-08 2.52274e-05 0.00638819 0.00072892 0.000271601 0.00438629 0.866431 4.15292e-05 9.15583e-08 1.95186e-05 0.0518525 0.00211674 1.44593e-07 0.0120005 0.0407783 2.24595e-08 1.34763e-05 0.000121071 0.000556521 
0.0584694 0.198484 3.38495e-05 7.1958e-05 0.121713 0.0553745 0.020893 0.0494187 0.326068 0.00506105 0.00023458 0.00431121 0.0923023 0.00532105 0.000698209 0.033422 0.0278247 2.24121e-05 6.53786e-05 9.27755e-10 0.000210912 
0.0151984 0.00879079 3.22158e-05 0.00647655 0.00947629 0.0438913 0.0012208 4.03839e-05 0.746672 0.0046148 2.72575e-05 1.3532e-05 0.0640344 0.00807562 1.70945e-07 0.0120494 0.0467303 0.000132614 1.2312e-06 1.08821e-07 0.0325223 
0.0119479 0.0306782 0.00538632 0.0220867 0.00240774 0.0645639 0.0491744 0.0142717 0.282252 0.19056 0.00466398 0.00166642 0.0320178 0.0671067 2.1351e-05 0.0091911 0.145647 0.00289671 0.000782298 0.0562687 0.00640819 
0.018505 0.0159004 3.37199e-11 2.81114e-07 5.25984e-07 0.00372545 0.00754544 0.00129768 0.557729 0.0642331 0.00145864 3.24536e-11 0.0394928 0.197184 2.56359e-06 1.67563e-06 0.0928039 0.000114929 3.61987e-07 6.54898e-07 4.27289e-06 
0.0229805 0.0283602 3.5623e-05 0.0542098 0.000363914 0.002211 0.0138992 0.000445627 0.672911 0.0520294 0.0125163 0.0157187 0.00422836 0.100377 5.54521e-05 0.000161102 0.0066375 7.47823e-05 0.00239503 0.000199682 0.0101897 
3.49208e-06 0.00144868 0.00584238 0.00107498 8.65336e-06 0.0719447 0.109917 6.2068e-07 0.625274 0.0644959 6.96736e-08 1.13132e-05 0.0135596 0.000992571 1.10031e-07 0.0797382 0.0011696 2.59068e-06 0.0244413 6.13676e-05 1.25361e-05 
0.0163221 0.0891245 0.000198112 0.0225876 0.0145736 0.0345829 0.0164749 0.00852365 0.616786 0.0313518 4.31122e-07 7.29324e-07 0.0390885 0.0177413 1.48872e-08 0.00259683 0.0842363 8.07709e-05 4.8238e-05 5.40933e-05 0.00562785 
0.0754578 0.115117 4.14714e-05 0.00341678 0.00616468 0.0316283 0.000946192 0.0308034 0.52943 0.00966933 0.0110768 1.4453e-05 0.0540806 0.0468966 5.76816e-05 0.00168077 0.0527412 8.83655e-05 0.0138198 0.00960565 0.00726326 
0.0225343 0.103917 1.21158e-05 0.000595701 0.00264326 0.150034 0.105495 0.0106946 0.359201 0.0365873 0.00556466 5.20472e-05 0.0134954 0.122993 0.000173642 0.00736684 0.0252581 0.000266989 0.000280178 0.000132201 0.0327027 
0.00493185 0.0441887 0.0125819 0.0146141 0.00115393 0.0323513 0.0388282 0.0010722 0.513966 0.0970632 0.00120386 1.31978e-07 0.0628112 0.0126972 2.75276e-06 0.0183993 0.13879 0.000123941 0.000411037 1.95224e-05 0.00478955 
0.00703128 0.0565476 0.000124512 0.000687014 0.000677947 0.0593976 0.0486194 0.0484657 0.233441 0.11579 0.00447232 1.47665e-05 0.211589 0.0306349 1.49466e-08 0.0479964 0.123439 0.00116009 0.000661359 0.00018442 0.00906592 
4.38113e-06 0.123445 1.70162e-09 9.85069e-10 1.39782e-06 2.09102e-10 3.49626e-10 2.71345e-10 0.749086 1.45431e-06 1.77543e-07 1.63771e-09 3.28076e-06 0.127308 2.77607e-09 4.54364e-10 1.20149e-06 0.000147429 1.33326e-09 1.7672e-09 2.05739e-06 
