1.49346e-08 0.00097816 0.00172351 1.44699e-06 0.000536489 0.0654853 0.000702738 0.0240181 0.00131233 0.887307 0.000686151 1.42611e-06 0.0065111 0.00032412 3.91559e-10 0.000557013 0.00902714 6.15945e-05 5.96033e-06 0.000760151 8.05861e-11 
0.00695673 0.0106478 0.00180366 0.000586628 0.0247052 0.0613488 0.0342562 0.00624548 0.0255231 0.348573 6.63056e-05 7.32376e-07 0.0494121 0.00981519 5.1096e-06 0.0059512 0.311368 0.0436631 0.00212521 4.70474e-05 0.0568999 
4.12123e-06 4.12194e-06 4.11717e-06 0.00700709 4.11974e-06 0.0432829 4.12136e-06 4.12159e-06 0.093563 0.417138 0.0238826 4.11735e-06 0.105932 4.12113e-06 4.11381e-06 0.0527533 0.220948 0.0131917 4.11828e-06 4.11696e-06 0.0222557 
0.00331545 0.119335 0.00440095 0.00119554 0.00380503 0.126906 0.0132503 0.0163536 0.00992981 0.410146 2.57166e-05 6.53083e-07 0.0902177 0.0213238 5.51661e-06 0.00459391 0.0887233 0.074108 0.00384199 0.000115579 0.00840627 
0.00203815 0.0403382 0.000271773 0.000168162 0.00605823 0.00764096 0.00586272 0.000140336 0.0514207 0.388561 0.000804475 0.0006388 0.200943 0.00119175 4.07463e-05 0.284634 0.00609203 9.06082e-07 0.000589358 7.56241e-10 0.00256476 
0.000884292 0.00195504 0.0126325 0.000139158 0.00583278 0.0127168 0.0584912 3.29754e-05 0.00185278 0.671401 0.000837148 6.83431e-08 0.0183589 0.00173122 2.23017e-06 0.0554228 0.129889 1.1681e-06 0.000385889 0.000694954 0.0267387 
0.00384348 0.0536566 8.08828e-07 0.00949478 0.000768408 0.0196039 0.122525 0.0589997 0.101681 0.408993 0.000626349 1.04287e-07 0.00517668 0.126649 1.39843e-09 0.0167432 0.0524437 0.0040076 0.000877947 0.0125268 0.00138177 
0.000374925 0.000726518 3.94752e-05 4.43633e-05 0.00141168 0.0212824 0.0124322 0.00206039 0.00734778 0.498404 8.63738e-08 2.19048e-09 0.0236736 3.31659e-05 7.80979e-09 0.00549973 0.420351 0.00487256 0.000376042 1.14961e-08 0.00106971 
8.74095e-05 0.000677733 0.000121546 1.08768e-06 0.000719988 0.00191689 0.0393009 0.000116547 0.00131682 0.729373 7.71246e-05 8.40757e-07 0.0210057 0.00348445 6.28293e-11 0.0137724 0.151488 3.2502e-05 1.84108e-05 3.457e-06 0.0364852 
0.0143748 0.0244842 0.000100833 0.000263416 0.0124795 0.00522673 0.00491565 0.0369124 0.0364332 0.515274 0.00600447 9.69471e-05 0.052676 0.0997712 3.71206e-07 0.00493435 0.113149 0.000130179 0.024536 0.000588973 0.0476474 
0.000294702 0.00321957 0.0208958 0.00115959 0.000457484 0.040531 0.0252233 0.00328432 0.0218263 0.678764 0.000538692 0.000909674 0.0148642 0.032859 1.31167e-07 0.00136504 0.0915901 0.0469936 0.00104676 1.28684e-05 0.0141634 
0.0106162 0.00519751 0.00259652 0.000951373 0.0102672 0.00781844 0.0231654 0.000592341 0.0184648 0.565365 0.000317487 4.00232e-08 0.0759572 0.055884 0.011185 0.0209238 0.0486063 0.00814448 0.078949 0.00128741 0.0537109 
0.00467391 0.263612 8.86172e-10 0.000779925 0.00060798 0.0175376 0.0145916 2.04342e-05 0.00461722 0.552367 2.95301e-05 8.52892e-10 0.00744319 0.110039 1.44573e-09 0.00426468 1.48363e-05 2.02032e-05 0.000163232 0.019191 2.61904e-05 
0.00127792 0.00362858 0.000211327 0.000149715 0.00107338 0.0074014 0.0130662 0.00450938 0.00767384 0.513698 4.92513e-05 2.6817e-06 0.00838114 0.00612578 3.10893e-09 0.00216089 0.362421 4.61842e-05 0.000299982 6.03085e-06 0.0678177 
0.000858847 0.00709155 4.30876e-05 0.000501442 0.00167625 0.0171295 0.0233661 0.00109691 0.00561694 0.334723 0.131644 0.000159483 0.00799327 0.209716 1.14929e-06 0.0311498 0.0214855 0.165216 0.0330428 0.000364209 0.00712423 
3.98168e-05 0.000162136 4.54118e-06 3.9048e-06 0.000887936 0.0649166 0.00965898 4.23762e-06 0.000789547 0.772734 3.5912e-06 2.88425e-05 0.062927 6.19473e-05 1.69075e-08 0.000720383 0.0758364 4.36697e-06 0.000272855 1.0763e-08 0.0109434 
0.0631023 0.023103 8.33123e-05 0.00288035 0.0125941 0.0315959 0.00584044 0.0119041 0.0231096 0.585758 0.00014148 8.49366e-08 0.0493642 0.0793882 1.84248e-05 0.0026416 0.0561693 0.000553923 0.0252475 0.000893451 0.0256114 
0.00324856 0.0189534 0.00190731 0.0011192 0.0047247 0.0728966 0.0971866 0.0102402 0.0321286 0.361636 0.0264903 4.37276e-05 0.0788326 0.0103501 3.49821e-06 0.0456549 0.222148 0.00207442 0.000305101 0.000477769 0.00957913 
0.00627232 0.027964 0.00848927 0.00245538 0.00301933 0.0354174 0.0251373 0.00505024 0.0520209 0.472566 0.000888429 0.000651165 0.0483297 0.023288 2.33913e-05 0.0183516 0.232243 0.0112136 0.000536002 0.000599665 0.0254831 
0.0223655 0.020214 0.00151286 0.0450303 0.000543439 0.117938 0.0154665 0.0147663 0.0378725 0.373476 0.00523571 3.57006e-08 0.0555546 0.0140497 2.77932e-08 0.000394862 0.269841 0.000506761 3.47446e-05 9.94217e-06 0.00518758 
0.00856817 0.0170231 0.036109 0.0015502 0.00541812 0.0105785 0.0248409 0.00410909 0.0265071 0.522488 0.028436 2.06653e-06 0.0171122 0.115535 1.42304e-08 0.00904936 0.101161 0.0449405 0.00382023 0.00217502 0.0205755 
0.0302474 2.332e-05 4.00649e-05 8.34907e-06 0.0196384 0.000945676 0.00228259 2.04037e-06 0.0987551 0.527118 2.05407e-08 1.91369e-08 0.116708 1.6674e-05 3.24387e-08 0.124947 3.5676e-05 5.03868e-09 1.55793e-08 2.06499e-08 0.0792316 
0.00574719 0.040865 0.00138908 0.00108771 0.00233246 0.0898411 0.0532447 0.00932782 0.0327532 0.429636 0.00926228 0.00138664 0.171638 0.0189993 1.52e-05 0.0105548 0.0917947 0.0132002 0.00226469 0.00352074 0.0111397 
0.161515 0.0219484 0.000194363 3.00373e-07 0.000751023 0.00738741 0.00272097 0.00038605 0.0545389 0.356446 3.04888e-06 5.57769e-08 0.164939 0.0570298 0.000151388 0.00542322 0.0438616 3.93125e-05 7.5192e-05 5.4538e-06 0.122583 
0.000660471 0.000436111 0.000570801 6.35066e-06 0.00227685 0.0681872 0.00401221 0.0327917 0.00255813 0.380214 0.000137542 2.69418e-07 0.32366 5.93934e-08 0.00126075 0.10472 0.0716782 2.87251e-05 0.000239948 1.6662e-08 0.00656016 
0.000306189 0.00184559 0.00325258 0.000880851 0.000791578 0.0269677 0.0471088 0.000424473 0.00954169 0.65483 1.99228e-06 6.94807e-07 0.0134838 0.0278822 2.49703e-10 0.016109 0.149916 0.011807 0.000572111 1.55545e-05 0.0342621 
0.0014384 0.000137292 0.000485937 5.9927e-07 0.00386787 0.0240191 0.0220288 7.48929e-07 0.0199478 0.449385 0.000777481 1.53257e-09 0.276408 0.000177736 1.68681e-05 0.0108607 0.14263 3.2164e-06 2.95909e-05 4.54862e-06 0.047781 
0.000269018 0.00644909 0.0169702 0.000731991 0.000114419 0.0377986 0.00332729 0.000938601 0.00632846 0.815496 3.71407e-05 3.45931e-07 0.00903356 0.0396956 5.44911e-09 0.00329198 0.0458751 0.00584688 0.000924376 7.68378e-07 0.00687096 
2.52732e-05 0.0097549 0.00129796 1.36999e-08 0.0250668 0.00232257 0.00557209 5.49163e-05 0.0689159 0.452802 0.184795 9.10275e-05 0.0308885 0.000294953 4.36241e-06 0.0102241 0.119327 0.00854514 0.00188444 0.068375 0.00975821 
0.00866641 0.0174658 0.000539804 0.000684366 0.00199614 0.00338114 0.0111 0.0376091 0.0402934 0.474884 0.000547748 3.88834e-05 0.0202379 0.0848021 3.77751e-11 0.00365277 0.21723 0.000340709 0.0103504 0.00212196 0.064058 
0.0516349 0.0235504 0.000441408 0.0248889 0.00167119 0.171501 0.0318208 0.0199796 0.0491118 0.258522 0.000341316 3.09581e-08 0.0925958 0.123519 2.48739e-08 0.00310063 0.0806683 0.0371489 0.00289704 0.01787 0.00873689 
0.0135506 0.00709698 0.00444521 0.000666871 0.00660075 0.0463002 0.0400381 0.00471287 0.0301936 0.519977 0.000323415 0.000120533 0.057866 0.00769617 0.000235294 0.0117715 0.209603 0.00252611 0.00477196 0.00121047 0.0302935 
0.00662005 0.0121835 0.00011441 0.00435664 0.00610842 0.00059036 0.0337882 0.000626862 0.00995082 0.661233 0.000233033 0.000107712 0.0258559 0.00391769 1.06569e-10 0.0434751 0.18654 8.46701e-05 0.000419316 1.10065e-05 0.00378243 
0.00253788 0.00425161 0.000439253 0.00185851 0.0183874 0.00927215 0.00424608 0.00686156 0.0334173 0.384576 9.00444e-05 1.47099e-08 0.043648 0.150184 0.00117889 0.00304563 0.159389 0.106876 0.000304471 0.0671784 0.00225815 
0.0126395 0.0248727 0.00287895 0.00790774 5.30016e-05 0.0275518 0.00763188 0.00419407 0.118379 0.372387 0.00139714 5.39065e-06 0.0262203 0.0313828 5.75673e-08 0.0030598 0.00903171 0.34305 0.00191236 0.000350199 0.00509508 
0.00643384 0.0141815 0.00252544 0.000462698 0.00517842 0.00642443 0.0764244 0.0258564 0.0152765 0.431887 1.11029e-05 1.03498e-05 0.0127907 0.00156947 1.97298e-12 0.00446378 0.363276 4.4127e-05 0.00132002 9.49515e-06 0.0318538 
0.00152568 0.00981279 0.000598096 0.000245474 0.000850441 0.0361209 0.0431369 0.0642854 0.0303295 0.473936 0.00560196 9.03769e-06 0.127282 0.0151968 7.64642e-07 0.0471496 0.131806 0.00627443 0.00120708 0.000108704 0.00452148 
0.00155831 0.0511863 0.0153886 0.00248659 0.00625338 0.0519817 0.00938317 0.00212295 0.199102 0.437522 0.00597312 2.1789e-05 0.0269413 0.1203 1.3683e-09 0.00507063 0.0323841 0.00676688 0.0101774 7.66473e-06 0.0153719 
0.0110739 0.060144 0.000595325 0.0103114 0.0004133 0.045449 0.0546385 0.00291957 0.0675681 0.316642 0.000383971 4.51985e-06 0.0600622 0.0565133 1.89347e-06 0.00756659 0.249023 0.0270676 0.000223837 4.49194e-05 0.0293527 
0.000689731 0.00140811 1.57835e-05 6.22111e-05 0.00057255 4.37435e-05 0.00677633 1.4826e-05 0.00673163 0.675416 6.7041e-05 1.56667e-05 0.031387 0.00313364 1.05385e-07 0.00437761 0.222095 1.70732e-06 0.000107518 4.69385e-09 0.0470842 
0.000621095 0.0678619 2.44106e-08 0.000442569 4.80804e-08 0.186277 0.0460361 0.0289996 0.00240634 0.244812 8.09801e-06 6.64942e-06 0.168505 0.00367489 2.04147e-11 0.00571816 0.238198 4.70041e-05 0.000333014 3.98122e-08 0.00605281 
0.000141823 0.000683926 1.63642e-08 9.43846e-06 0.000196029 0.00218114 0.0115366 0.0019484 0.00165422 0.511643 3.95102e-09 3.35475e-09 0.000987889 1.09e-05 1.71266e-11 0.000658537 0.456096 6.24717e-06 0.000545584 1.20006e-08 0.0117008 
0.00316298 0.000207125 3.02875e-08 0.00224006 0.000607 0.070723 0.00304647 1.31561e-05 0.0281706 0.796129 7.23006e-05 1.98307e-08 0.026836 0.0102454 9.45771e-09 0.00264824 0.0239212 0.0146195 0.00512736 0.000672626 0.0115576 
0.169408 0.00282779 1.09852e-05 5.46645e-07 0.00493675 0.00416086 0.00836999 0.000102278 0.0287694 0.633876 0.00502774 1.12482e-06 0.0178337 0.0724601 6.91151e-07 0.00641883 0.00349761 0.0306195 2.68952e-05 1.56867e-09 0.0116512 
0.012136 0.0264846 0.0136005 0.0138788 0.00684393 0.0199291 0.00298373 0.000281725 0.023598 0.290459 0.288606 2.23794e-05 0.0151781 0.118138 3.98955e-08 0.000492221 0.0249369 0.118072 0.0223362 0.00149318 0.000529337 
0.0102176 0.0251465 0.000748246 0.00275954 0.0606615 0.0406285 0.0323411 0.00525187 0.0276744 0.40795 0.00463149 2.34572e-07 0.160597 0.000942541 2.26446e-06 0.0303607 0.162796 0.0115643 0.000254918 8.06936e-06 0.0154624 
0.000141823 0.000683926 1.63642e-08 9.43846e-06 0.000196029 0.00218114 0.0115366 0.0019484 0.00165422 0.511643 3.95102e-09 3.35475e-09 0.000987889 1.09e-05 1.71266e-11 0.000658537 0.456096 6.24717e-06 0.000545584 1.20006e-08 0.0117008 
0.009092 0.0340372 6.63494e-05 0.0345158 0.0088823 0.0188149 0.0557055 0.000460714 0.102723 0.241452 0.228947 0.000319464 0.0136332 0.160709 8.3741e-08 0.00592445 0.0503391 0.0302799 0.00131218 0.00260388 0.000182635 
0.00445441 0.0171592 0.00184775 0.0037953 0.0058013 0.0303128 0.0433409 0.00991347 0.0141532 0.381698 0.00526574 0.000423944 0.0359459 0.00772558 9.29464e-06 0.0319707 0.372474 0.00557439 0.00178034 0.00121588 0.0251375 
0.00252051 0.00223683 1.47819e-06 0.00512159 0.0493559 0.0575295 0.0051499 6.21427e-05 0.0608719 0.555868 4.15535e-07 1.75415e-09 0.123997 0.0566964 1.2382e-08 0.001794 0.057902 4.61861e-10 6.44407e-06 4.02729e-05 0.0208462 
0.000141823 0.000683926 1.63642e-08 9.43846e-06 0.000196029 0.00218114 0.0115366 0.0019484 0.00165422 0.511643 3.95102e-09 3.35475e-09 0.000987889 1.09e-05 1.71266e-11 0.000658537 0.456096 6.24717e-06 0.000545584 1.20006e-08 0.0117008 
3.87951e-06 0.008559 0.000830745 0.00579578 1.89075e-09 0.0126803 6.29714e-06 1.11959e-05 1.32962e-05 0.297361 3.80676e-09 3.5466e-09 2.19462e-06 0.245715 2.17967e-06 0.16745 0.260681 0.000336651 0.000551951 3.827e-09 1.23728e-09 
0.00328638 0.00967782 0.000169061 0.00427031 0.000270308 0.015626 0.00430566 0.000120661 0.0315468 0.415189 0.357263 1.28932e-05 0.0354911 0.014226 8.21779e-06 0.00158804 0.0263325 0.077482 0.00131546 5.40707e-05 0.00176452 
0.00528195 0.0226234 0.000304104 0.00246932 0.0164556 0.0188517 0.0696325 0.105176 0.043997 0.395033 0.00413607 7.51343e-05 0.0437972 0.0278725 9.67507e-07 0.0175068 0.186031 0.0301635 0.000561785 0.00356475 0.00646596 
0.00195718 0.210358 0.000397914 0.00828441 0.0156074 0.0120012 0.0376149 0.0659427 0.0214828 0.456347 0.0200677 0.000272807 0.000703639 0.0651312 3.91981e-10 0.00584394 0.0747226 0.000452631 0.000456713 0.00234721 8.69723e-06 
6.29998e-05 0.00235709 0.000220741 5.16957e-05 0.000113883 0.000721585 0.0022041 0.000273955 0.00107855 0.915811 4.03511e-06 5.96195e-07 0.0101519 0.0177096 7.89601e-07 0.00116157 0.00474531 5.91225e-07 0.0299072 1.99364e-06 0.0134212 
0.0665011 0.0212596 5.37781e-05 0.00286362 0.00475049 0.0398801 0.00818704 0.00108815 0.0258659 0.645248 0.00154041 7.67954e-07 0.0106538 0.059229 3.02427e-06 0.000701807 0.107648 0.000323103 5.77125e-05 0.00208585 0.00205923 
0.00199701 0.00153345 0.0303804 7.54894e-05 0.00318319 0.00478774 0.00428464 0.000922937 0.0017427 0.59188 3.54765e-05 1.41264e-07 0.0281623 0.00268299 8.43094e-11 0.000135641 0.252252 4.54018e-06 0.000282969 2.25315e-06 0.0756548 
0.00386433 0.0750905 0.00185623 0.134369 0.00223498 0.029683 0.0690152 0.0114759 0.0580782 0.248145 0.00293692 4.26407e-06 0.014644 0.197512 2.44401e-07 0.00528172 0.105184 0.0104019 0.00546642 0.0215463 0.00321015 
0.0123215 0.0415631 0.00485687 7.18148e-05 0.0106986 0.0349992 0.0173732 0.020113 0.0312381 0.274488 4.03517e-05 2.21863e-07 0.1395 0.010347 2.12661e-07 0.059408 0.190924 0.0153201 0.00853692 0.000393991 0.127805 
0.00928328 0.00574418 0.000658227 0.00129693 0.00471692 0.0134742 0.00808904 0.00401911 0.0279522 0.34799 0.000539965 2.22634e-06 0.0851988 0.056328 4.07237e-08 0.00719993 0.0575294 0.0278991 0.000603023 5.1071e-06 0.341471 
0.00302861 0.00639931 0.144328 0.12707 0.000766461 0.0276142 0.0082752 0.00270645 0.0153513 0.388034 0.0150411 0.000507849 0.0122134 0.0253919 1.01061e-05 0.00165492 0.031491 0.168034 0.000298529 0.0186287 0.00315428 
0.0200967 0.0116619 0.00329341 0.000913936 0.00215871 0.0498647 0.0186262 0.000700783 0.0133541 0.577709 0.0558598 0.000137014 0.0456498 0.109984 6.46624e-07 0.0039495 0.013777 0.0439503 0.000200218 0.00099762 0.0271144 
0.012541 0.0129165 0.10539 0.000128712 0.0134628 0.0380801 0.0410275 0.0101205 0.0162826 0.412853 5.70876e-08 3.09378e-06 0.00934933 0.0327334 1.14769e-08 0.0123354 0.199052 5.25131e-05 0.0311241 2.99566e-08 0.0525475 
0.00771057 0.00167037 0.000403417 0.0231704 0.00174287 0.22597 0.104227 0.0107618 0.175919 0.283413 0.0574285 6.2288e-05 0.0187438 0.00508857 4.54902e-08 0.0439518 0.0380172 0.00111801 2.32487e-07 7.60053e-11 0.000600909 
0.0020654 0.000185872 3.69647e-05 0.00681784 0.000238342 0.0374462 0.0271645 0.000109393 0.00517906 0.643801 0.00104557 3.90845e-05 0.0807839 0.000192034 5.56499e-05 0.00475321 0.187642 8.62476e-05 0.000213622 1.82769e-05 0.00212582 
0.00448135 0.0885822 0.000685748 0.000778654 0.00214497 0.342748 0.00366247 0.000850934 0.0264332 0.372177 0.0021551 6.76081e-06 0.0535256 0.0710397 5.73628e-05 0.004365 0.014245 0.00556878 0.00203186 7.69357e-05 0.00438275 
0.000135203 3.7292e-05 9.40037e-05 0.00299849 0.00727813 0.00572269 0.029307 3.91128e-06 0.0069071 0.701608 0.00129972 0.16529 0.0312011 0.00656439 0.000299264 0.00161273 0.0028292 0.0246598 0.00356096 0.00148479 0.0071062 
0.000600133 0.00080103 0.408662 3.00345e-09 0.00329513 1.84156e-08 0.0100506 4.28321e-09 0.000527257 0.538521 1.98844e-08 1.12037e-09 1.69754e-07 9.39136e-09 7.9097e-13 0.00691756 0.0241551 1.22861e-13 0.000426145 1.02219e-08 0.00604424 
0.000343866 0.0568102 4.11281e-05 0.00105669 4.8538e-06 0.00650802 0.00119115 0.0152824 0.021862 0.726413 0.000926419 8.49667e-06 0.00025732 0.0646074 3.70632e-09 0.000638282 0.00335113 0.00926621 0.00826223 0.0831505 1.902e-05 
0.00236526 0.00865965 0.00571725 0.00161011 0.00714931 0.0215743 0.0150124 0.00571107 0.00743439 0.681379 0.000361335 2.49487e-06 0.0167687 0.00557237 2.72351e-07 0.00391617 0.177704 0.0225606 0.00067224 5.543e-05 0.0157731 
0.000712274 0.00117419 0.00186121 3.07596e-05 0.000427172 1.63767e-05 0.00226472 2.17113e-05 0.000295299 0.901814 3.5233e-06 2.4566e-05 0.000242989 0.00674204 5.56414e-06 0.000532853 0.0690264 3.46451e-06 0.000105973 3.54203e-06 0.0146912 
0.0195727 0.0139961 1.92372e-05 0.000115729 0.00402816 0.039351 0.018585 0.00846556 0.0562866 0.673083 0.000170158 0.00246301 0.00319222 0.0242664 1.75001e-09 0.0205634 0.113292 0.000499786 0.00130125 0.000738676 9.79678e-06 
1.27213e-06 3.24904e-06 0.0221371 9.93841e-07 7.44034e-06 0.310116 0.00921998 3.26842e-07 0.000720558 0.562569 4.48679e-10 1.04295e-08 7.7237e-06 0.000755211 7.08572e-10 0.00200413 0.0911123 1.87272e-05 0.00083588 1.58417e-06 0.000488961 
0.0295984 0.0514026 0.00118098 0.000565383 0.00695929 0.048994 0.0469227 0.0319296 0.0053153 0.526672 0.00354789 1.604e-05 0.0763542 0.0639283 6.42804e-06 0.0202627 0.0627899 0.0215291 0.000532131 0.000158001 0.00133527 
0.00154442 0.0180014 0.00237691 0.00152037 0.00166144 0.036383 0.0401183 0.00730859 0.00910711 0.530572 0.000144401 0.000111489 0.0254136 0.0121048 6.88574e-05 0.0455793 0.178823 0.0631665 0.0054149 0.00239612 0.0181829 
0.00673428 0.00803399 7.75175e-06 0.0128956 0.0201288 0.0192163 0.0520162 0.00315693 0.0266514 0.388925 0.000468565 2.64164e-05 0.0351442 0.0186741 0.0353698 0.00940763 0.100644 0.000195479 0.000459296 0.000291069 0.261553 
0.00156149 0.0655049 0.0137879 0.000548959 0.0119233 0.145603 0.03022 0.00645248 0.0498757 0.368727 0.00338413 2.09773e-05 0.0122685 0.166204 1.70466e-10 0.00771608 0.0754108 0.00372382 0.00955428 0.0126817 0.0148306 
0.000537966 0.0133815 0.000133794 0.000361903 0.00211574 0.00607267 0.0189545 0.00571654 0.00561209 0.422603 0.282033 0.000573034 0.00110776 0.0775206 7.78308e-08 0.00369523 0.121018 0.0372816 0.00017055 0.00021565 0.000895089 
8.33451e-08 2.90883e-05 1.50455e-05 2.62302e-06 0.000156658 0.0335879 0.00117402 0.119143 0.00548908 0.717952 0.0138991 2.65216e-06 3.8844e-06 0.102699 3.25194e-07 0.00227362 0.00280932 0.000103563 1.04361e-05 0.000646455 1.47892e-06 
0.0012991 0.0139341 0.00116887 0.0333323 0.000225549 0.0104276 0.0144933 0.0444117 0.00400716 0.50114 9.59188e-06 8.48265e-09 0.00689845 0.00159058 1.28708e-07 0.00293311 0.175681 0.153963 0.0256149 0.000423112 0.00844684 
0.00253788 0.00425161 0.000439253 0.00185851 0.0183874 0.00927215 0.00424608 0.00686156 0.0334173 0.384576 9.00444e-05 1.47099e-08 0.043648 0.150184 0.00117889 0.00304563 0.159389 0.106876 0.000304471 0.0671784 0.00225815 
0.0105187 0.0033593 1.14816e-05 0.000388692 0.00138682 0.00118899 0.0508099 0.00816704 0.0963685 0.354235 0.0423143 2.35892e-05 0.0227176 0.00393617 4.64516e-11 0.00741294 0.191237 0.205732 0.000189325 1.09629e-06 9.92573e-07 
1.13311e-05 0.000186099 2.28944e-06 0.000310463 0.00169962 0.0160501 0.00539638 9.75053e-05 0.00108486 0.865138 0.000611087 2.07107e-05 4.49267e-08 0.00223148 2.02623e-10 0.000880096 0.100114 4.08184e-06 3.97495e-05 0.000484589 0.00563788 
0.0489754 0.0417225 0.00262563 0.00593512 0.00798175 0.0562666 0.0275872 0.00496236 0.0477535 0.347812 0.000455506 2.48543e-06 0.203536 0.0152172 0.000969306 0.0378833 0.0942965 8.73374e-05 0.00146524 0.002568 0.0518973 
0.0259051 0.00418787 1.77911e-06 2.25172e-08 0.00173801 0.00140294 0.000783244 0.000165832 0.0442538 0.343035 0.00151138 9.30762e-08 0.160001 0.243733 1.59959e-06 0.0102709 0.124674 3.04866e-05 0.018622 7.31459e-05 0.0196086 
0.135949 0.106696 9.71639e-05 0.101568 0.0277823 0.0391174 0.0170672 0.0131004 0.0525717 0.239439 0.0456218 0.000256009 0.032063 0.0399255 2.98409e-09 0.00167683 0.122935 0.00139043 0.00474649 0.00258648 0.0154105 
0.0430299 0.00931359 0.00120216 0.00299188 0.0446981 0.0155623 0.00595648 2.29318e-06 0.00901739 0.472285 3.33552e-07 3.71284e-08 0.222266 0.00176476 0.147142 0.000968905 3.16005e-06 1.17289e-07 4.79174e-07 2.03593e-07 0.0237947 
0.000708514 0.000118931 0.00165361 0.000709458 0.000290489 0.318885 0.00792234 0.000389456 0.0419709 0.490391 0.0047105 8.76251e-11 0.0887957 0.00106958 1.48532e-10 0.00333372 0.036003 0.00129665 0.000766627 0.000445345 0.000539681 
0.0045376 0.032208 0.000693964 0.00183253 0.00243887 0.0378644 0.00777912 0.00647622 0.014542 0.381887 0.000531693 3.25601e-05 0.101242 0.0147788 4.46707e-07 0.0397479 0.295452 0.000123868 0.0204783 7.56527e-05 0.0372776 
0.000276817 0.0196986 0.000557254 0.0128474 3.23394e-08 0.121795 0.00562813 0.00072307 0.0121689 0.540665 0.000172603 1.58006e-07 0.113598 0.0975233 2.22474e-08 0.00573232 0.00815477 0.0394395 0.0142827 7.71417e-05 0.00665897 
0.0186443 0.0303985 0.000955925 0.00496933 0.00688993 0.111498 0.0295509 0.0133103 0.0312542 0.331052 8.09944e-05 1.44518e-05 0.0367703 0.0220825 1.00619e-06 0.0100851 0.187281 0.0116509 0.00387849 0.00535201 0.14428 
0.00199297 0.0148289 0.000915817 0.0015748 0.00071494 0.279801 0.00686317 0.00424811 0.0168303 0.481142 0.000459409 4.12983e-06 0.0270602 0.00234809 1.23792e-08 0.0120632 0.105905 0.0367449 0.00157402 8.0084e-05 0.00484921 
0.00428308 0.123143 7.35413e-05 0.00626713 4.62301e-05 0.027692 0.0352128 0.00249018 0.0417566 0.314681 0.0014689 0.000162907 0.0527601 0.109516 5.92837e-07 0.0677939 0.129741 0.0808291 0.000250258 8.85905e-05 0.0017434 
0.119369 0.00913822 0.00065777 0.00037289 0.00687684 0.0463859 0.0296195 0.00853627 0.0079391 0.358206 4.98778e-05 2.79199e-06 0.0075874 0.00109983 1.27362e-06 0.0156682 0.168278 4.33818e-05 0.000395511 7.44246e-06 0.219765 
0.0100938 0.0251021 0.00138546 0.0031922 0.00785584 0.0375328 0.0573727 0.00563137 0.0387686 0.534541 0.0023596 0.0107477 0.0757462 0.0251707 0.00632714 0.0187102 0.0830927 0.00976867 0.0097545 0.00306252 0.0337847 
0.000947391 0.00663113 0.00016277 0.000370336 0.000580814 0.032092 0.00973103 0.000646541 0.0294031 0.367455 0.000386213 1.78768e-08 0.229728 0.00110867 3.41946e-07 0.0201733 0.156258 0.00695745 0.000346702 1.90807e-05 0.137002 
0.0059048 0.047095 0.00782725 0.00179393 0.000562103 0.083106 0.0327195 0.0017274 0.147949 0.39672 2.21081e-05 3.66094e-05 0.0200949 0.137158 0.00282302 0.0139402 0.0547134 0.00828614 0.00212426 0.000560203 0.0348364 
0.00909528 0.023136 0.000638041 0.000162446 0.0295599 0.0103086 0.00866432 0.000357102 0.00989707 0.561421 0.00174557 6.8562e-07 0.201569 0.00965189 1.31476e-07 0.0780846 0.0465418 0.000283247 0.00560533 0.000173459 0.00310411 
0.00253788 0.00425161 0.000439253 0.00185851 0.0183874 0.00927215 0.00424608 0.00686156 0.0334173 0.384576 9.00444e-05 1.47099e-08 0.043648 0.150184 0.00117889 0.00304563 0.159389 0.106876 0.000304471 0.0671784 0.00225815 
0.00266553 0.00102193 0.000160212 0.00119755 0.004093 0.0883206 0.073982 0.000786974 0.0885288 0.298305 0.00365179 0.0021933 0.0549977 0.0597449 1.11901e-05 0.0161607 0.0477266 0.244437 0.00146584 0.00045487 0.0100953 
0.00139447 0.00192593 0.000388273 0.00109464 0.00663989 0.00840048 0.00843154 0.00256528 0.0025674 0.802601 0.000533714 1.45544e-05 0.00202068 0.00320815 1.46894e-11 0.00111059 0.135415 1.79364e-05 0.000239539 0.000431411 0.0209998 
0.00173644 0.00980987 0.00224073 0.00237644 0.00553516 0.0351541 0.0191184 0.000111673 0.00374348 0.416163 2.59293e-06 8.30795e-08 0.361221 0.00369927 6.57628e-09 0.0409768 0.0827636 0.00513654 0.00597627 6.79214e-06 0.00422718 
0.00776021 0.0121781 0.000114311 0.000425569 0.0450536 0.00981846 0.0313983 0.000192713 0.0247906 0.738103 3.45539e-05 1.66219e-05 0.0700163 0.00422254 0.000591912 0.0111749 0.0309636 0.00017386 4.86943e-05 0.000108689 0.0128135 
0.036722 0.034222 0.1087 0.00204694 7.85116e-07 0.104841 0.0553557 0.00336233 0.0271524 0.237021 4.55549e-06 1.89742e-05 0.0726286 0.00244486 1.05658e-10 0.0295083 0.155765 0.119186 0.00527017 0.000116339 0.00563318 
0.000279319 8.1234e-05 3.84473e-05 2.85737e-06 0.00233836 0.000565144 0.00393566 1.29607e-05 0.000294762 0.668515 1.0319e-06 4.12568e-08 0.10404 2.40047e-05 6.44998e-08 0.0110626 0.169487 2.02975e-07 0.000193426 4.55773e-06 0.0391231 
0.0433686 0.000242892 1.47907e-05 6.72811e-05 0.000101129 0.00296949 0.00406636 0.00190479 0.0493967 0.758692 0.00228594 2.3864e-06 0.00464557 0.0819787 7.8507e-06 0.00029778 0.00753999 0.0153626 0.00493645 0.00176849 0.0203506 
0.000469106 0.002172 4.10877e-05 0.000144483 0.0153757 0.0281891 0.0477292 0.00604767 0.0100971 0.699253 0.00116157 2.33465e-05 0.00158461 0.0621647 2.54928e-06 0.00551657 0.116205 8.53834e-05 4.27385e-05 0.00070738 0.00298787 
0.0251742 0.0147171 6.47851e-05 8.28842e-05 0.00757568 0.0122459 0.0259235 0.000637675 0.11528 0.685723 0.000240792 2.36721e-06 0.0197432 0.0172248 0.0043243 0.00104176 0.0541947 0.000411569 0.00821323 3.02356e-05 0.007149 
0.000195354 0.00055225 0.00109644 0.000275748 0.00221143 0.000103141 0.00459589 5.06319e-05 0.00668091 0.865089 0.000557166 1.00275e-05 0.00058514 0.0324694 0.00635796 0.00164936 0.0295906 0.000106902 0.00138777 5.20933e-06 0.0464295 
0.0347765 0.0201624 0.000246943 0.00111638 0.0045993 0.0297069 0.00942877 0.0184647 0.0108743 0.560309 0.00228004 2.18371e-06 0.0409859 0.0274611 0.000998498 0.0040349 0.0926222 0.124521 0.00591017 0.00412088 0.00737783 
0.0050793 0.00213674 0.000928056 0.0262633 0.00454192 0.00528514 0.0273107 0.0181366 0.0358345 0.415022 0.00188795 1.2274e-05 0.00165127 0.241079 5.80327e-05 0.000527615 0.00344754 0.0722662 0.00292779 0.114125 0.0214787 
0.0010638 0.0187757 0.00174683 9.93867e-05 0.0278101 0.0701632 0.0242361 0.00217851 0.0307134 0.490819 0.000619154 7.37421e-08 0.165275 0.0500675 0.000249826 0.00124531 0.0308426 0.0117834 0.000843537 1.69733e-05 0.0714513 
0.00043036 0.00046679 2.79976e-05 4.65252e-06 0.000308839 0.00585333 0.0271495 0.0601351 0.0199379 0.722279 0.00228249 0.000324542 1.54754e-07 0.0244134 2.19082e-11 0.03334 0.0962128 0.00212832 0.00342559 0.00127929 4.22811e-08 
0.062325 0.00160222 1.16589e-06 0.000956772 0.00484251 0.0390288 0.0246603 0.00105893 0.0203122 0.473639 3.20514e-05 3.59646e-06 0.0133166 0.0423532 2.536e-08 0.00214232 0.260106 0.000125529 0.000153464 0.00023958 0.0531012 
0.00348187 0.0092009 0.0127065 8.02901e-05 0.00891945 0.0302146 0.0521491 0.00354465 0.0445529 0.602852 0.000305461 1.17312e-05 0.0329125 0.013466 1.66476e-06 0.0160984 0.154341 0.00470824 0.000763789 0.000522154 0.00916659 
0.00357673 0.00508964 6.53423e-05 0.0776805 0.00263231 0.0997316 0.0564881 0.00133687 0.0673896 0.476626 1.30819e-06 0.0420189 0.0242788 0.0659771 0.0012717 0.00192204 0.0322927 0.0050682 0.0350264 1.26469e-07 0.00152551 
0.0251892 0.0142936 0.00024494 4.8604e-05 0.00234936 0.00286284 0.00343952 0.000894059 0.03253 0.385974 9.38349e-05 1.3248e-05 0.0115257 0.0455371 1.47721e-09 0.00550431 0.111489 2.49416e-05 3.84613e-05 2.39023e-06 0.357945 
0.0191928 0.184055 0.000366037 0.000356569 0.0166334 0.188052 0.0304739 0.000387881 0.0769357 0.353795 0.000203052 2.03839e-07 0.0359243 0.00220358 9.34267e-06 0.00638563 0.0198367 0.0547521 0.000139931 1.62559e-06 0.0102947 
0.0293932 0.0604747 0.0973721 0.0295213 0.000998837 0.0155457 0.0131023 0.0114008 0.108183 0.422237 0.0024811 9.86813e-08 0.0173114 0.0533146 1.7653e-08 0.00226713 0.0600513 0.0713358 0.00151861 0.000163878 0.00332676 
2.7215e-06 1.42596e-05 1.04502e-05 0.000610495 0.113391 4.11088e-06 6.04453e-06 2.47884e-06 1.80692e-05 0.489239 0.00906435 0.000674198 1.24857e-05 1.58144e-05 5.96965e-09 9.77065e-10 0.386827 9.27262e-10 2.22053e-06 0.000103205 2.98472e-06 
0.00233712 0.0154157 0.00568201 0.00242491 0.00166053 0.0604168 0.0810983 0.0456506 0.0371928 0.432445 0.000463437 6.18856e-05 0.0294071 0.0177679 7.88334e-10 0.0126348 0.23796 0.000253654 0.009357 0.00155475 0.00621608 
0.000662709 0.00191908 3.90484e-05 0.000382025 0.000989543 0.00424944 0.0110373 0.0082496 0.00629991 0.458404 0.356823 0.000350948 0.00337954 0.0450611 4.59527e-09 0.00607032 0.0416238 0.0369729 0.00743444 0.000169025 0.00988229 
0.0371714 0.000431001 4.33845e-05 0.000227122 0.00526644 0.0389003 0.0245591 0.00999705 0.00642798 0.701581 0.0270972 4.21083e-06 0.013393 0.0408629 5.80572e-06 0.00229045 0.0723048 0.00580921 0.00134572 0.00118448 0.0110973 
0.0040186 0.00498307 0.00325453 0.00114968 0.00218268 0.216646 0.0151382 0.00936087 0.0408324 0.354699 0.00149739 4.22147e-07 0.142229 0.00786991 1.29123e-08 0.034524 0.119793 0.00723878 0.000402543 6.98496e-05 0.0341112 
0.0958574 0.133252 0.00277383 0.00604509 0.0174411 0.0207215 0.0871369 0.0357894 0.100623 0.160415 9.90255e-07 9.90344e-07 0.0720755 0.121628 9.89494e-07 0.0086247 0.127902 0.00178524 0.00307176 0.00485322 9.91143e-07 
0.00453175 0.0019667 9.37435e-05 2.47923e-05 0.083071 0.00616813 0.0657466 0.000914852 0.011887 0.318532 0.00178045 2.35558e-05 0.00849637 0.0174378 4.07944e-05 0.0331957 0.143103 0.00594331 0.00105968 0.00143306 0.294549 
1.39641e-06 0.000129808 3.18775e-06 0.000310629 0.000615912 0.00250322 0.0108177 0.000136365 0.00151868 0.873821 0.000834329 1.9949e-05 4.93284e-08 0.00312384 1.6148e-10 0.00123196 0.104208 5.69977e-06 2.62536e-05 0.000678116 1.40273e-05 
0.0442001 0.0133173 0.000507892 0.00248799 0.0132866 0.029018 0.159751 0.00127628 0.0142473 0.392226 0.0162564 0.00127495 0.0272993 0.041719 0.000209745 0.0828017 0.14581 0.00423127 0.000270616 0.000192585 0.00961582 
0.00820673 0.174088 0.00122316 0.00987076 0.0152602 0.164569 0.0703721 0.00265442 0.0137324 0.191634 0.00287025 0.000427826 0.16793 0.00692896 0.00251658 0.100225 0.0496555 0.00473124 0.00155652 0.000131422 0.0114162 
0.0229838 0.042863 0.00440216 0.0158845 0.00305363 0.292219 0.0609446 0.0146706 0.0356302 0.346187 0.000708484 1.77577e-06 0.0592943 0.00891498 4.323e-07 0.0121423 0.0287658 0.0171699 0.00118122 0.000133301 0.0328487 
7.72318e-05 6.62724e-07 6.0419e-05 0.00828552 0.000516465 0.00607771 0.00622649 2.95197e-07 0.000185033 0.669618 7.7391e-05 1.09724e-05 0.0197383 0.0173577 1.04141e-07 0.254629 1.03675e-06 0.0132438 1.44484e-07 3.33507e-06 0.00389063 
0.00689139 0.00283058 1.63591e-12 0.000247631 4.38163e-08 0.00555401 1.15863e-07 0.000118707 0.00537802 0.520985 6.93059e-09 1.57447e-12 0.0437856 0.000413755 2.66887e-12 0.00798181 0.302051 2.36337e-09 0.00025082 1.69896e-12 0.103512 
0.00401565 0.00800412 0.00125568 0.0158698 0.000695782 0.0522287 0.0661369 0.0113056 0.0388153 0.282942 0.0583136 0.0390813 0.0250371 0.0796989 0.000781756 0.00344782 0.0279769 0.122855 0.160749 0.000223797 0.000565115 
0.00693302 0.0132323 0.00724312 0.00234957 0.000758056 0.00928391 0.0152644 0.00637649 0.0196412 0.642971 0.000396753 6.1779e-08 0.040795 0.0131404 0.00170991 0.0232434 0.0962401 0.000122306 0.000776357 8.15929e-05 0.0994408 
0.000691918 0.0122624 0.000523772 0.0114747 0.0355493 0.0494962 0.0380809 0.000414044 0.00992726 0.56331 0.0559769 3.38849e-05 0.110087 0.00369254 0.000147482 0.0512017 0.0548619 0.00023408 8.31693e-05 3.29132e-06 0.00194773 
0.0108906 0.00593817 6.8936e-05 0.00020239 0.00215425 0.0500407 0.0369967 0.0289245 0.0190606 0.379408 0.00115962 3.09073e-06 0.0556781 0.022158 7.01353e-08 0.0953694 0.23523 0.00561573 0.000518719 2.08687e-05 0.0505617 
0.0192768 0.0155484 3.31458e-06 1.91881e-06 1.7007e-06 4.0731e-07 0.00715155 5.28552e-07 0.0263378 0.837087 3.42411e-06 3.1901e-06 4.5001e-07 0.0792483 0.000546157 8.85056e-07 0.0072987 0.00243667 0.0041579 3.44232e-06 0.000891441 
0.0146414 0.016809 0.000151555 0.000578187 0.00656106 0.0824868 0.165009 0.0127207 0.0229763 0.275795 0.000932668 0.151282 0.0230188 0.127732 8.62832e-09 0.00664732 0.0752686 0.0119606 0.00117849 0.00107478 0.00317492 
0.0130662 0.0266283 0.000622339 0.00450343 0.00500032 0.0377956 0.119813 0.0197026 0.0309478 0.3834 0.00116546 0.000507871 0.0527983 0.0528494 4.77289e-05 0.0148257 0.155155 0.0499813 0.0018463 0.00165681 0.0276874 
0.0157801 0.0166966 0.00157411 0.00171421 0.00809572 0.0466216 0.0883766 0.0220509 0.0182162 0.492783 0.0022648 2.21448e-05 0.0732204 0.0108391 1.71969e-09 0.0178099 0.161867 0.00719742 0.000762963 0.0036386 0.0104687 
0.0103753 0.00625792 0.0129231 0.000824139 0.014911 0.0369738 0.0307537 0.0015862 0.0354097 0.560165 0.0042848 1.2561e-06 0.129385 0.00552477 0.00300403 0.0115882 0.0952323 0.00974142 0.00041652 0.000532244 0.0301091 
1.20367e-07 3.33894e-05 5.39224e-10 2.51718e-06 1.04253e-07 0.0438546 0.0270777 8.59862e-11 0.0639043 0.536961 1.0696e-05 5.18974e-10 0.290753 0.0121458 8.79705e-10 5.01879e-07 0.019293 7.6108e-07 0.00196422 0.00399778 1.81051e-10 
0.00423981 0.00175404 7.56693e-05 9.21679e-05 0.00566671 0.0290641 0.0224472 0.000409409 0.00556439 0.434987 1.36281e-05 7.1887e-06 0.069955 0.0220977 7.89037e-08 0.0403222 0.328483 8.84555e-06 0.000131685 1.29232e-05 0.0346671 
0.016013 0.0196726 0.00601548 0.000706827 0.00913183 0.196726 0.032528 0.00104711 0.0254067 0.226761 0.0621846 5.24424e-06 0.12285 0.0266715 0.00238192 0.0249234 0.218454 0.00327124 0.00051464 0.000656053 0.00407855 
0.0102206 0.0555565 0.0134587 0.0151601 0.00402406 0.105347 0.111005 0.0152251 0.0467786 0.297996 0.0073755 0.00241185 0.0276335 0.0839614 2.4007e-06 0.025125 0.116633 0.0312546 0.0120099 0.00595777 0.0128638 
0.0471411 0.0965821 1.08941e-07 0.000155159 0.00748783 0.000460263 7.16677e-05 0.000623604 0.00319251 0.471879 1.21868e-09 9.29518e-08 0.0902344 0.000352308 1.92458e-09 0.00143212 0.0861842 3.14679e-07 0.000135086 1.22516e-09 0.194068 
0.000240963 6.02507e-05 0.000377602 3.24176e-05 0.00335842 0.00545166 0.00984318 0.000331945 0.00191633 0.67421 5.03338e-05 2.11723e-07 0.0446993 0.000151992 1.16835e-09 0.00502948 0.215869 0.00189896 7.81712e-05 9.67476e-10 0.0363995 
0.000331488 0.0669452 0.000525717 0.00106977 0.00346553 0.129991 0.0453228 0.000104824 0.0328751 0.583245 0.00146377 7.73282e-05 0.0472506 0.0410737 6.10297e-06 0.00663479 0.0312858 0.000115444 0.000448895 0.00229983 0.00546688 
0.000702776 0.0141228 0.125811 0.000904458 0.00460298 0.0324912 0.00875602 0.000272394 0.0627715 0.462472 0.00119065 3.8036e-07 0.183197 0.00242079 2.24741e-05 0.0115722 0.057867 0.0283205 7.95113e-05 9.01801e-06 0.00241327 
0.00495759 0.0278568 0.00750933 0.00696721 0.020414 0.0113372 0.0295635 0.00171895 0.182814 0.432497 0.000318408 4.91976e-06 0.011554 0.0209351 3.18386e-08 0.00789163 0.196283 5.09671e-05 0.000745262 0.000136789 0.0364436 
0.0123977 0.00844602 1.67282e-05 0.000517528 0.00570799 0.00895269 0.00140598 3.91954e-05 0.00983465 0.862623 7.39201e-05 1.08975e-10 0.0432825 0.00188719 3.60712e-06 0.00520609 0.00604528 0.00892457 0.000971967 4.5536e-08 0.0236633 
0.011085 0.0294873 0.000138378 0.00234822 0.00231006 0.0746226 0.0167355 0.0164665 0.072764 0.342238 0.0046161 1.79426e-05 0.0491991 0.0574666 3.14298e-06 0.00554087 0.208185 0.0643847 0.0125509 0.00887632 0.0209632 
0.0164162 0.0402432 0.000627482 0.000412868 0.000328302 0.00567489 0.00437161 0.0584239 0.00838603 0.240484 0.00442344 1.37021e-05 0.0449204 0.0892233 0.000487044 0.160746 0.170677 0.000840371 0.019699 0.00500636 0.128595 
0.00638331 0.0174061 0.00274953 0.00481705 0.000620358 0.0540021 0.0247142 0.0068902 0.0195511 0.501462 0.00235365 3.71739e-06 0.0148643 0.0329948 2.74577e-06 0.00264975 0.01661 0.25673 0.0291475 0.00238485 0.00366211 
0.0556766 0.238721 3.20298e-07 0.000213987 0.00749706 0.213176 0.00673409 0.00139507 0.00449562 0.267834 0.0153864 0.000384685 0.00328339 0.0523332 2.56478e-09 8.7547e-05 0.126075 0.000344675 2.32519e-05 1.38374e-06 0.0063369 
6.15443e-05 0.167019 3.16444e-05 0.000807987 0.00297722 0.0531615 0.0259606 0.00213704 0.0446294 0.61205 0.00144919 1.61376e-06 0.0121393 0.00994916 2.73546e-06 0.0306542 0.0353203 0.000292697 0.000465792 3.82513e-05 0.000850421 
6.57668e-05 0.000390929 0.00104345 3.48011e-05 0.000280517 0.00339761 0.00804183 0.00319724 0.0190033 0.655516 3.97958e-05 6.8099e-07 0.0404637 6.38462e-06 1.13206e-08 0.00891157 0.247759 0.000640092 6.61851e-05 2.46793e-07 0.0111409 
0.0036788 0.029741 7.8674e-07 0.000764199 0.00393749 0.0504549 0.0159797 0.0172835 0.075617 0.292294 0.0166357 4.37903e-05 0.0500047 0.234249 4.25369e-05 0.020934 0.178802 0.00160832 0.000623259 2.19295e-06 0.00730386 
0.000276817 0.0196986 0.000557254 0.0128474 3.23394e-08 0.121795 0.00562813 0.00072307 0.0121689 0.540665 0.000172603 1.58006e-07 0.113598 0.0975233 2.22474e-08 0.00573232 0.00815477 0.0394395 0.0142827 7.71417e-05 0.00665897 
0.00490894 0.0589932 0.000556581 0.00723242 0.0019289 0.0153538 0.021291 0.0599436 0.0170113 0.320978 0.000830275 7.67064e-09 0.00531664 0.156996 1.30024e-08 0.00272716 0.0905157 0.219878 0.00658122 0.00123644 0.00772005 
1.81074e-05 0.0126955 1.80896e-05 1.80994e-05 1.81009e-05 0.356783 0.103233 1.8109e-05 1.81088e-05 0.472697 1.80887e-05 1.80904e-05 1.81096e-05 1.8107e-05 1.80748e-05 1.81066e-05 1.81111e-05 1.81069e-05 0.0543016 1.80887e-05 1.8105e-05 
0.00103782 0.013204 4.67004e-06 0.00222185 0.00112968 0.101297 0.1919 0.00723264 0.032732 0.253648 0.00812273 0.00334009 0.014983 0.0674968 2.52665e-07 0.0329531 0.0289401 0.225243 0.0105293 0.000644589 0.00333891 
0.0119447 0.028499 0.011927 0.0380017 0.00707392 0.0919631 0.0287328 0.0148617 0.0305714 0.381625 0.000529533 1.2411e-05 0.047015 0.0298989 2.21595e-06 0.0396708 0.139438 0.0603903 0.0205354 0.0103702 0.0069378 
0.00024313 0.00155581 7.80741e-05 7.01875e-05 0.00126812 0.0200003 0.0178397 0.00585997 0.00464106 0.815806 0.00122849 3.36432e-05 0.00551757 0.00357319 8.16356e-12 0.0139926 0.106661 4.03061e-05 0.00111175 3.87251e-05 0.000440135 
0.00159797 0.00120674 0.000696077 0.000159937 0.00658142 0.0683114 0.0194469 0.00058629 0.0122489 0.494031 0.0245859 8.87907e-07 0.0191946 0.00160608 2.55768e-08 0.0512636 0.290869 0.00443839 0.000143359 6.43262e-05 0.00296739 
0.000858928 0.0041588 0.00761931 0.000690237 0.00424541 0.0677542 0.135354 0.00572705 0.0141011 0.471902 0.000285191 2.08734e-05 0.0186341 0.00513771 3.03112e-09 0.207921 0.0491893 0.000655382 0.000345872 3.4122e-06 0.00539605 
8.35667e-05 0.00290921 0.0085038 0.00217437 2.34986e-06 0.000591908 0.00376274 0.000590723 0.0454416 0.608853 3.84277e-10 8.36125e-07 0.00666976 0.271632 6.06865e-10 0.0357069 0.0105969 0.000721228 0.00175027 8.00135e-06 8.80426e-07 
0.00144485 6.76644e-05 2.08376e-05 0.000100675 0.0013375 0.013014 0.000525045 0.0483424 0.00476378 0.781132 0.0023477 5.81754e-06 0.00901743 0.0165382 8.63389e-06 0.000804458 0.0361656 0.000159346 0.0102533 0.00105143 0.0728994 
0.0665011 0.0212596 5.37781e-05 0.00286362 0.00475049 0.0398801 0.00818704 0.00108815 0.0258659 0.645248 0.00154041 7.67954e-07 0.0106538 0.059229 3.02427e-06 0.000701807 0.107648 0.000323103 5.77125e-05 0.00208585 0.00205923 
0.000276817 0.0196986 0.000557254 0.0128474 3.23394e-08 0.121795 0.00562813 0.00072307 0.0121689 0.540665 0.000172603 1.58006e-07 0.113598 0.0975233 2.22474e-08 0.00573232 0.00815477 0.0394395 0.0142827 7.71417e-05 0.00665897 
0.00330439 0.0587184 0.00146323 0.0281184 0.000389505 0.0196195 0.0190363 0.0233969 0.0470738 0.53504 7.88773e-05 6.05481e-05 0.011163 0.0189241 0.000111643 0.00309875 0.0942968 0.124981 0.00442923 0.000242326 0.00645374 
0.000750186 0.000848313 0.000283598 0.000140625 0.00226728 0.0303854 0.0171285 0.000579077 0.00625204 0.454381 6.20554e-06 1.89766e-07 0.0856663 0.0025776 0.302159 0.00049208 0.0279848 0.0636959 0.000674209 3.75259e-07 0.00372703 
0.00357299 0.0586747 2.50367e-06 0.00218411 0.000577813 0.0263744 0.00457984 0.00248005 0.0656186 0.486922 0.000261317 3.79023e-08 0.0110657 0.00908035 4.89401e-06 0.00012381 0.0191386 0.305604 0.00207525 0.000360663 0.00129856 
0.000548909 0.00063995 0.000680366 3.41621e-05 0.00631649 0.181008 0.147028 0.00183703 0.0503676 0.31096 0.000325808 7.2463e-05 0.115951 0.00919251 1.22455e-06 0.0790178 0.0705223 7.99972e-05 3.13797e-06 1.78322e-05 0.0253955 
0.0216243 0.0289203 6.73142e-05 0.000188441 0.0257036 0.0353954 0.00188124 0.000619844 0.0603877 0.550345 0.00338889 8.60299e-08 0.192799 0.0320611 0.000303346 0.0182014 0.00872775 0.0140535 5.88696e-05 7.64946e-10 0.00527286 
0.00538839 0.0245185 0.00157337 0.0105028 0.000152242 0.134277 0.0244125 7.19187e-05 0.0344179 0.32476 0.0312437 8.81265e-05 0.0200186 0.0239286 2.14703e-10 0.000606468 0.0859999 0.246886 0.00101016 0.0285452 0.001598 
