0.0073738 0.0100473 0.00669304 0.0444392 0.00126828 0.0389687 0.0240231 0.00139507 0.0144318 0.577328 0.000690801 8.44187e-07 0.014241 0.0210377 2.98716e-06 0.00509712 0.0453541 0.169875 0.00649234 0.0019427 0.00929687 
0.0368243 0.0506468 0.0103068 0.002807 0.0059234 0.0367995 0.0204259 0.0377632 0.115326 0.254129 0.000654307 6.83176e-06 0.168068 0.0192499 3.35359e-05 0.029058 0.147579 6.18642e-05 0.00542186 0.00033563 0.0585785 
0.0140308 0.00164573 0.00014653 2.6053e-05 0.00152291 0.0102575 0.000682533 0.000112442 0.030368 0.422543 0.0016802 3.4284e-07 0.130286 0.0906173 0.000402441 0.0765247 0.180027 0.00040683 0.027965 0.000456203 0.0102983 
0.146653 0.0871784 0.00097831 0.000621016 0.0489274 0.00473701 0.00490322 0.000870645 0.0367915 0.263329 0.000189771 4.42821e-08 0.148207 0.00715848 0.018765 0.0211875 0.0141307 3.07207e-05 0.000149413 5.12405e-06 0.195187 
0.00559822 0.0554216 6.16873e-08 5.7987e-05 3.16515e-08 0.276333 0.00441383 0.000424268 0.057111 0.333906 6.37258e-08 2.89778e-06 0.146083 0.00554726 1.00638e-07 1.35636e-05 0.114894 6.36836e-05 9.58297e-06 0.000115086 3.98085e-06 
0.000374925 0.000726518 3.94752e-05 4.43633e-05 0.00141168 0.0212824 0.0124322 0.00206039 0.00734778 0.498404 8.63738e-08 2.19048e-09 0.0236736 3.31659e-05 7.80979e-09 0.00549973 0.420351 0.00487256 0.000376042 1.14961e-08 0.00106971 
0.0183867 0.0286626 0.00427405 0.00081934 0.00559537 0.00698818 0.0039933 0.000249062 0.00961651 0.600504 0.000416322 1.15158e-06 0.110971 0.00111396 0.000980241 0.029557 0.0165876 0.0847837 6.81265e-05 6.38811e-06 0.0764259 
0.000130045 0.000262981 0.000213212 2.37071e-05 0.000630128 0.00335819 0.0106175 0.000523952 0.00160512 0.472818 6.52925e-06 1.53581e-07 0.0415872 2.69932e-05 2.26139e-13 0.00535607 0.440852 4.90685e-10 7.37492e-05 1.5544e-09 0.0219141 
0.00950044 0.00445075 0.00559907 0.000561951 0.00077454 0.00314456 0.0127827 0.00368074 0.00739786 0.477957 0.000225303 0.00233731 0.00128329 0.175568 2.51048e-07 0.00650795 0.234902 0.00204475 0.000716035 0.0144717 0.0360926 
0.00991516 0.0541932 0.00513998 0.000386848 0.00662522 0.0266731 0.0483612 0.0164813 0.0167566 0.581788 0.000583489 0.00393337 0.138553 0.0130406 0.0215956 0.00484939 0.0310298 0.00111207 0.000338622 0.00261734 0.0160254 
0.0150879 0.041154 1.05398e-06 1.05455e-06 0.0109693 0.206286 0.0734329 0.00664829 0.190658 0.216737 0.0165478 0.004955 0.0542357 0.0497969 1.05312e-06 0.0655148 1.05524e-06 0.00939048 0.0117035 0.0268763 1.05488e-06 
0.00357299 0.0586747 2.50367e-06 0.00218411 0.000577813 0.0263744 0.00457984 0.00248005 0.0656186 0.486922 0.000261317 3.79023e-08 0.0110657 0.00908035 4.89401e-06 0.00012381 0.0191386 0.305604 0.00207525 0.000360663 0.00129856 
0.00653829 0.00158299 0.00661764 0.0538378 0.0587614 0.000715721 0.003035 2.89704e-05 0.00423665 0.75049 8.17162e-05 1.08232e-06 0.0468924 0.0344738 0.00515139 0.000223753 0.00704907 1.63844e-06 0.000936664 3.22654e-06 0.0193405 
0.00117381 0.00305657 0.00028118 7.54111e-07 0.00163774 0.000780486 1.74323e-06 1.82393e-10 0.022746 0.517595 0.000205808 0.00159545 0.0509818 0.000747064 8.84097e-05 0.391454 0.00283964 2.89848e-10 0.00053806 1.18788e-09 0.0042765 
0.000858847 0.00709155 4.30876e-05 0.000501442 0.00167625 0.0171295 0.0233661 0.00109691 0.00561694 0.334723 0.131644 0.000159483 0.00799327 0.209716 1.14929e-06 0.0311498 0.0214855 0.165216 0.0330428 0.000364209 0.00712423 
0.00377601 0.037854 0.000110387 0.000211888 0.0128645 0.14008 0.00301395 0.0333467 0.0302272 0.251141 0.000203155 5.24665e-07 0.222408 0.00298672 4.71414e-06 0.0170202 0.0587943 0.0339401 0.135715 0.000142692 0.0161596 
0.00153808 0.000989811 0.000381241 0.000541494 0.00274948 0.00238094 0.0302695 0.000104377 0.0155628 0.654827 0.000103924 0.000677801 0.0203264 0.00302304 1.29104e-11 0.00323129 0.204142 2.41863e-05 0.000186648 0.000202174 0.0587378 
0.00363784 0.0201008 0.00109651 0.00124607 0.00388166 0.038061 0.0258587 0.0689666 0.00669673 0.554277 0.00462301 8.0399e-05 0.0118822 0.00961803 2.85798e-05 0.0229761 0.195936 0.00795324 0.00733133 0.00663499 0.00911284 
0.00261858 0.00411849 0.000448061 0.000211538 0.0258023 0.0931276 0.00853695 0.00530981 0.0056849 0.388726 0.00144052 0.00016326 0.0979666 0.00290189 1.03744e-08 0.0286478 0.204149 0.0147348 0.00050329 0.000228083 0.11468 
0.21707 0.00118915 3.7547e-08 2.82616e-06 0.00471706 5.00937e-05 0.000430157 8.37074e-05 0.00765259 0.31596 0.000159942 5.45974e-09 0.00418698 0.130728 0.0012833 0.00252567 0.0840335 0.000504435 0.0304468 5.08876e-08 0.198975 
0.0171053 0.0407414 1.64615e-05 0.000302889 0.0537602 0.0432766 0.0246853 0.000939315 0.0696883 0.430702 0.00102733 2.63242e-05 0.0455528 0.035046 0.000171924 0.134448 0.0752792 0.00141927 0.0098107 0.00104307 0.0149583 
0.00627232 0.027964 0.00848927 0.00245538 0.00301933 0.0354174 0.0251373 0.00505024 0.0520209 0.472566 0.000888429 0.000651165 0.0483297 0.023288 2.33913e-05 0.0183516 0.232243 0.0112136 0.000536002 0.000599665 0.0254831 
0.000283023 0.0075801 0.000191495 0.00657198 0.000327556 0.0119967 0.00914268 0.000818491 0.0482753 0.74928 0.02355 4.86362e-07 0.0163278 0.0108753 4.04921e-11 0.000787642 0.0669791 0.00117876 0.0441857 0.000158661 0.00148889 
0.0223655 0.020214 0.00151286 0.0450303 0.000543439 0.117938 0.0154665 0.0147663 0.0378725 0.373476 0.00523571 3.57006e-08 0.0555546 0.0140497 2.77932e-08 0.000394862 0.269841 0.000506761 3.47446e-05 9.94217e-06 0.00518758 
0.00219949 0.0166635 0.00105997 0.000188728 0.00227543 0.263365 0.0159735 0.0043371 0.0106842 0.431139 0.000815406 9.18913e-07 0.0469296 0.00135147 1.04623e-09 0.0217554 0.137033 0.000372608 0.00401963 0.000371162 0.0394646 
0.0738467 0.052203 0.00113469 0.000734207 0.035976 0.0757923 0.00641627 0.000312273 0.0160565 0.316392 1.05327e-06 4.00167e-08 6.92704e-07 0.139943 3.24033e-07 0.026155 0.102205 0.00027832 0.00333444 0.0012391 0.147978 
0.0514018 0.014937 0.000973229 0.00158561 0.00334873 0.00240208 0.00908513 0.000423629 0.0127867 0.483107 4.01267e-08 6.57031e-06 0.0723378 0.0771965 2.26657e-07 0.0214361 0.00499719 0.00122042 0.000840754 0.00117699 0.240737 
0.00541573 0.027122 0.00664725 0.0126136 0.00271671 0.0385302 0.133987 0.0171059 0.0195736 0.455634 0.0112092 3.68272e-05 0.0339129 0.0719696 0.000103238 0.0158434 0.134222 0.00311929 0.00112358 0.00198567 0.0071286 
0.000660471 0.000436111 0.000570801 6.35066e-06 0.00227685 0.0681872 0.00401221 0.0327917 0.00255813 0.380214 0.000137542 2.69418e-07 0.32366 5.93934e-08 0.00126075 0.10472 0.0716782 2.87251e-05 0.000239948 1.6662e-08 0.00656016 
0.0520453 0.057366 0.00296466 0.0398405 0.000748449 0.136607 0.0725749 0.031967 0.0762029 0.269825 0.00228259 9.0154e-06 0.029716 0.0834378 5.93989e-08 0.00032901 0.029066 0.050927 0.0482986 0.00322846 0.0125638 
0.00418589 0.0261025 0.000399606 0.00558728 0.0171274 0.0272025 0.0367639 0.0148373 0.0272097 0.310817 0.0147078 0.000173463 0.0146148 0.215209 4.80387e-08 0.0783243 0.139363 0.000800306 0.0264824 0.0301405 0.00995063 
0.00343364 0.0150624 0.00176143 0.000700783 0.0320069 0.0254852 0.0195457 0.00128829 0.072114 0.530892 0.00823762 1.74202e-05 0.0562124 0.0353946 0.00375547 0.0650674 0.0781749 0.00103766 0.00485969 0.000186313 0.044766 
0.0103135 0.0170206 0.00367659 5.8684e-05 0.0103131 0.000262434 0.00311407 0.00527667 0.00511119 0.28231 0.00520956 6.29054e-08 0.0298123 0.118161 2.29494e-08 0.156578 0.10199 0.00989367 0.0209594 1.29561e-07 0.219938 
0.000269018 0.00644909 0.0169702 0.000731991 0.000114419 0.0377986 0.00332729 0.000938601 0.00632846 0.815496 3.71407e-05 3.45931e-07 0.00903356 0.0396956 5.44911e-09 0.00329198 0.0458751 0.00584688 0.000924376 7.68378e-07 0.00687096 
0.0017637 0.0012843 1.35848e-05 3.92083e-05 0.00583138 0.0407723 0.0373401 0.00350192 0.00912674 0.520619 0.0028441 1.11703e-05 0.0264147 0.00117957 2.81402e-07 0.123218 0.140613 1.85006e-05 0.000504759 1.79136e-07 0.0849043 
0.00866641 0.0174658 0.000539804 0.000684366 0.00199614 0.00338114 0.0111 0.0376091 0.0402934 0.474884 0.000547748 3.88834e-05 0.0202379 0.0848021 3.77751e-11 0.00365277 0.21723 0.000340709 0.0103504 0.00212196 0.064058 
0.00109397 0.0427159 0.000267752 0.0244151 2.1573e-05 0.106254 0.0533221 0.0533089 0.021695 0.325039 0.000185793 5.26798e-05 0.0193123 0.120681 8.17377e-09 0.00106796 0.124382 0.078034 0.00747407 0.000188381 0.0204892 
0.0074197 0.0322414 0.000143832 0.0168379 0.00145552 0.0264555 0.0452181 0.00905743 0.0614149 0.389194 0.00196578 2.86193e-05 0.0309318 0.0119008 7.55255e-07 0.00644625 0.346024 4.77793e-05 0.000808179 0.00153448 0.0108734 
0.00235601 0.0388154 4.44999e-07 5.2911e-05 0.0382498 0.0545639 0.00953318 0.000320691 0.125805 0.280955 3.59362e-09 3.34802e-09 0.128268 0.169989 5.67519e-09 0.12212 0.0215332 0.000208805 6.14855e-07 0.0010161 0.00621177 
0.00380685 0.0176156 0.00860012 0.000888585 0.00163538 0.0219701 0.0156575 0.00154636 0.013911 0.609075 0.000301533 2.90864e-06 0.0247266 0.0133246 1.54131e-06 0.0117411 0.206327 0.00117603 0.000694972 1.42558e-05 0.0469826 
4.47844e-05 0.0151402 1.802e-05 4.05665e-05 0.000540871 0.0139705 0.00129444 1.93251e-05 0.0145326 0.532089 8.07236e-05 4.35931e-07 0.0540314 0.28316 1.59866e-05 9.37001e-05 0.00267902 0.0170214 0.00773518 3.58512e-06 0.0574885 
0.0754481 0.0624964 0.00154658 0.00165398 0.00222274 0.0142866 0.00199204 0.00446098 0.275317 0.289171 0.000227708 5.57808e-08 0.113901 0.0035558 9.06251e-09 0.00124751 0.150161 2.05915e-05 1.61276e-05 2.15808e-05 0.0022533 
1.20367e-07 3.33894e-05 5.39224e-10 2.51718e-06 1.04253e-07 0.0438546 0.0270777 8.59862e-11 0.0639043 0.536961 1.0696e-05 5.18974e-10 0.290753 0.0121458 8.79705e-10 5.01879e-07 0.019293 7.6108e-07 0.00196422 0.00399778 1.81051e-10 
0.000279877 0.00756437 0.000364593 1.29882e-05 0.00189263 0.0160838 0.019136 0.000946518 0.00763964 0.437372 0.00184213 6.0596e-09 0.0340095 0.000793669 4.63887e-07 0.00615933 0.394531 0.0186672 0.00023364 0.0416434 0.0108272 
0.0161499 0.0667774 1.09247e-05 0.039989 0.00433659 0.154733 0.0306982 0.0743373 0.135616 0.189068 0.00057876 2.63944e-06 0.038705 0.00998613 2.38643e-09 0.0472692 0.181081 0.00118598 0.0031674 0.000324847 0.00598232 
0.036124 0.0547811 2.57189e-07 4.33162e-07 0.00769346 0.0141988 0.126128 0.00308938 0.00292047 0.488147 0.0253192 2.93443e-10 0.0162419 0.00352329 4.9741e-10 0.0829483 0.0862423 0.000626665 0.00259999 3.16643e-10 0.0494154 
0.000141823 0.000683926 1.63642e-08 9.43846e-06 0.000196029 0.00218114 0.0115366 0.0019484 0.00165422 0.511643 3.95102e-09 3.35475e-09 0.000987889 1.09e-05 1.71266e-11 0.000658537 0.456096 6.24717e-06 0.000545584 1.20006e-08 0.0117008 
0.00316298 0.000207125 3.02875e-08 0.00224006 0.000607 0.070723 0.00304647 1.31561e-05 0.0281706 0.796129 7.23006e-05 1.98307e-08 0.026836 0.0102454 9.45771e-09 0.00264824 0.0239212 0.0146195 0.00512736 0.000672626 0.0115576 
0.0154426 0.066368 0.00264183 0.00353064 0.00117922 0.0800666 0.00655967 0.000875867 0.036788 0.544334 0.000670989 1.26393e-06 0.0349011 0.0153726 1.16935e-07 0.0143493 0.0299669 0.118819 0.000564226 6.18942e-05 0.027506 
0.000141823 0.000683926 1.63642e-08 9.43846e-06 0.000196029 0.00218114 0.0115366 0.0019484 0.00165422 0.511643 3.95102e-09 3.35475e-09 0.000987889 1.09e-05 1.71266e-11 0.000658537 0.456096 6.24717e-06 0.000545584 1.20006e-08 0.0117008 
0.187507 0.00650843 1.00836e-05 1.61516e-06 0.00066056 0.023836 0.000868149 3.09912e-05 0.0125635 0.373538 5.6429e-07 1.57415e-06 0.130697 0.00819234 4.02417e-05 0.000725238 0.109702 3.50636e-05 0.000747206 1.14985e-05 0.144323 
0.0160577 0.0599584 0.000747064 0.000726457 0.00994488 0.0371086 0.0253425 0.0198377 0.0565686 0.326224 0.00311217 0.00113179 0.173987 0.0267741 0.000123233 0.0227691 0.173729 0.0158718 0.000549945 0.000546244 0.0288901 
0.0285218 0.100665 0.00410123 0.00390072 0.00686929 0.00648859 0.0120086 0.126143 0.0512314 0.299242 0.000471942 0.00108045 0.00376959 0.152593 2.39928e-07 0.00825222 0.151283 0.00111094 0.00498936 0.00808142 0.0291969 
0.00101368 0.00713189 0.000672432 0.00168516 6.46763e-06 0.408755 0.00410264 0.000199596 0.00421742 0.492402 3.28933e-05 4.66936e-07 0.0189727 0.00357491 6.4631e-09 0.000408679 0.00925074 0.00791811 0.0346728 0.00291779 0.00206442 
2.48861e-07 0.000678501 1.04583e-06 4.26332e-11 5.21496e-07 0.00261663 0.00163297 1.17437e-11 0.026289 0.540465 7.60787e-11 7.08794e-11 0.0680513 0.00175273 1.20147e-10 6.33222e-07 0.355104 1.86623e-11 5.77029e-11 4.57378e-06 0.00340316 
0.00912913 0.133357 7.61537e-05 0.00498433 0.0173429 0.00284761 0.071013 0.000686387 0.135572 0.347661 0.000970257 5.06329e-06 0.0578761 0.0127511 3.30321e-08 0.0333103 0.15713 9.87063e-06 8.16028e-06 7.05172e-06 0.0152638 
7.55053e-05 1.04424e-07 1.10195e-06 0.00043191 5.65404e-07 1.35412e-07 2.26413e-07 6.89335e-05 0.0238993 0.333919 1.13836e-06 1.06056e-06 0.325162 0.311511 1.79775e-06 0.0019043 1.84964e-05 2.79243e-07 8.63403e-07 1.14441e-06 0.00300203 
0.00684064 0.0387558 0.00160306 0.0121422 0.00501658 0.226488 0.0501905 0.0149884 0.0498717 0.284528 0.000535419 1.1199e-05 0.133914 0.0076066 0.00291952 0.0117744 0.122109 0.0137723 0.00336065 0.000515958 0.0130564 
0.00365336 0.0180427 0.00022386 0.000702129 0.00164772 0.186682 0.019201 0.0141273 0.0177083 0.473143 0.000739624 1.28091e-05 0.0623858 0.0103955 4.676e-07 0.01962 0.112991 0.0101673 0.0456772 0.000185846 0.00269313 
0.0131388 0.111524 0.00670607 0.0599998 0.000640217 0.0853222 0.0210515 0.00158915 0.0329993 0.358291 0.104427 2.66492e-06 0.0906726 0.0381333 0.00251169 0.0214757 0.0268164 0.0167656 0.00322601 0.00153175 0.00317466 
0.00344608 0.0870883 0.0168252 0.00407595 0.00875199 0.0205805 0.0373032 0.0213932 0.0742579 0.318808 0.00803126 0.00168599 0.0361735 0.0231049 4.32182e-10 0.0178756 0.287323 0.00813472 0.00615947 0.00888327 0.0100976 
0.00854658 0.0137636 0.024208 0.00298024 0.00488271 0.0315822 0.0126441 0.0279231 0.0341711 0.450195 5.58667e-06 1.30116e-06 0.0340343 0.0261195 2.18747e-08 0.0120867 0.260429 3.57273e-05 0.000463715 0.00097131 0.0549555 
0.0310323 0.125273 0.0321665 6.43569e-05 4.95106e-05 0.022105 0.00328745 0.030422 0.029091 0.605256 4.07177e-05 1.6214e-06 0.064528 0.000370714 3.04377e-08 0.000445119 0.0524881 3.80294e-06 0.000597362 1.93761e-08 0.0027774 
2.67537e-06 5.01747e-06 2.90903e-09 1.68404e-09 3.49285e-05 3.57474e-10 5.97708e-10 4.63882e-10 4.93904e-10 0.999531 3.00516e-09 2.79978e-09 6.47757e-06 4.04104e-06 4.74587e-09 1.47663e-06 0.000160238 5.90476e-07 2.00602e-05 3.02114e-09 0.000233735 
0.0665011 0.0212596 5.37781e-05 0.00286362 0.00475049 0.0398801 0.00818704 0.00108815 0.0258659 0.645248 0.00154041 7.67954e-07 0.0106538 0.059229 3.02427e-06 0.000701807 0.107648 0.000323103 5.77125e-05 0.00208585 0.00205923 
0.00704402 0.0576594 0.0234805 0.0219785 0.0121921 0.16591 0.0511171 0.0104245 0.0864058 0.196982 0.000100462 4.92391e-05 0.113643 0.00797598 1.12042e-08 0.0372207 0.190222 0.00277115 0.000637319 0.0022919 0.0118949 
0.00252125 0.00639509 0.000839722 0.000181408 0.00161076 4.63952e-06 0.0477377 0.00691151 0.0289308 0.440215 0.000401718 1.46937e-05 0.00305114 0.00746278 5.50135e-12 0.00239888 0.32644 7.06313e-06 0.00050899 3.50207e-12 0.124366 
0.0125607 0.028691 0.00391082 0.00354508 0.023678 0.171927 0.042433 0.0144797 0.0400371 0.203955 0.00224152 1.60638e-05 0.127363 0.0119942 0.000354065 0.0811783 0.164253 0.0028146 0.0381572 0.00727966 0.0191306 
4.65375e-05 0.000192672 7.14472e-05 0.000112268 0.00709391 0.00403034 0.0145193 0.0304343 0.00543105 0.832207 0.00257226 2.24735e-06 0.0207497 0.000350121 7.29806e-09 0.00713074 0.0423274 0.0279414 3.10285e-05 0.00063934 0.00411699 
0.0018583 0.0177398 0.000399375 0.00143813 0.0039324 0.272455 0.0131478 0.013227 0.00905829 0.401671 0.000560548 3.45671e-05 0.047048 0.00745059 0.00168493 0.0373965 0.147146 0.00119454 0.00261203 0.0012555 0.0186895 
0.00945237 0.00453318 0.000223676 0.000813543 0.00287547 0.155256 0.0960219 0.0132923 0.0264249 0.381239 0.000330813 1.92753e-06 0.0325285 0.0156977 3.23693e-05 0.0018121 0.159406 0.00608379 0.0115867 0.000241463 0.0821468 
0.00302861 0.00639931 0.144328 0.12707 0.000766461 0.0276142 0.0082752 0.00270645 0.0153513 0.388034 0.0150411 0.000507849 0.0122134 0.0253919 1.01061e-05 0.00165492 0.031491 0.168034 0.000298529 0.0186287 0.00315428 
0.00495282 0.0150676 0.00620607 0.00372957 0.0023607 0.0297505 0.0244637 0.00228365 0.0179984 0.492183 0.240971 6.39011e-05 0.0512566 0.0300662 6.88085e-08 0.00349654 0.0276533 0.0458618 0.000449789 1.29327e-05 0.00117202 
0.00487773 0.0167021 0.0160609 0.00127194 0.00115456 0.0310585 0.0160889 0.00838703 0.00952085 0.561678 0.000271816 4.31821e-05 0.0515845 0.0167256 6.27094e-05 0.015042 0.0971266 0.00601064 0.023099 0.00166666 0.121567 
0.00215139 0.0219155 0.00240585 0.00288102 0.0013191 0.052115 0.00948062 0.000486168 0.0135488 0.459387 0.000346 2.33445e-05 0.0926245 0.11832 3.26598e-06 0.0293918 0.0293863 0.0493438 0.00328689 0.000567096 0.111016 
0.00315444 0.00357622 0.00012671 0.00243534 0.00600859 0.00284558 0.0136856 0.0101467 0.0243048 0.614982 0.00101056 4.76346e-06 0.155357 0.0343673 1.40412e-06 0.0506247 0.0718367 6.24021e-05 3.75668e-05 0.000173444 0.00525833 
0.00798772 0.111608 0.00250227 0.00056808 0.0479797 0.0595426 0.0436724 0.0185804 0.0783761 0.296169 0.0100538 7.22245e-07 0.0391842 0.0350684 4.13425e-10 0.00182731 0.228433 0.00180632 0.000385018 3.0159e-08 0.0162548 
0.0039193 0.00438828 7.53204e-05 0.00510669 0.00295106 0.0361756 0.00547135 0.00114084 0.0313518 0.316337 0.306242 8.0497e-06 0.0455775 0.0163794 1.64524e-08 0.00924997 0.0775121 0.00063149 0.134248 0.000730141 0.00250425 
0.012541 0.0129165 0.10539 0.000128712 0.0134628 0.0380801 0.0410275 0.0101205 0.0162826 0.412853 5.70876e-08 3.09378e-06 0.00934933 0.0327334 1.14769e-08 0.0123354 0.199052 5.25131e-05 0.0311241 2.99566e-08 0.0525475 
0.0108817 0.0192604 0.0150787 0.00130605 0.00250339 0.0131473 0.0751446 0.0155049 0.0323912 0.454187 4.56956e-05 1.07952e-05 0.0756744 0.0764447 1.31117e-06 0.0440832 0.118943 0.00385298 0.00360155 0.000196164 0.0377414 
0.00771057 0.00167037 0.000403417 0.0231704 0.00174287 0.22597 0.104227 0.0107618 0.175919 0.283413 0.0574285 6.2288e-05 0.0187438 0.00508857 4.54902e-08 0.0439518 0.0380172 0.00111801 2.32487e-07 7.60053e-11 0.000600909 
0.00271069 0.00628523 0.000542606 2.56803e-05 0.00183595 0.000817453 0.00188379 0.000622481 0.0421655 0.653978 0.00042365 2.22179e-06 0.0315382 0.00798395 8.10609e-06 0.00769567 0.0614559 1.62204e-06 0.0102075 0.000196833 0.16962 
0.0236986 0.0277311 0.00051384 0.00030864 0.000727161 0.00799974 0.00548371 0.00330004 0.0415569 0.467349 0.000187335 1.10126e-08 0.0179215 0.00561033 0.0103328 0.0254891 0.21129 5.21036e-05 0.00102508 0.000102181 0.149321 
0.00250226 0.0747967 0.00178239 0.00260128 0.00495486 0.0330126 0.117056 0.0115725 0.0222357 0.338438 2.31329e-06 0.00192425 0.00341755 0.0699264 1.36659e-11 0.0255882 0.234376 0.000237801 0.00982053 0.0108863 0.0348684 
0.0386907 2.25084e-05 6.99927e-06 7.83782e-05 0.0665889 0.0227869 0.0181465 0.000114997 0.000477223 0.446977 0.00123637 9.86202e-08 0.0107288 0.00515701 1.66542e-07 0.000621444 0.0108543 0.0111959 0.00492321 6.63624e-07 0.361392 
0.00912071 0.0246229 0.00357506 0.0131395 0.00411666 0.0851138 0.00976096 0.00712686 0.0109409 0.559968 0.00216465 1.49037e-05 0.0106146 0.041439 0.000923703 0.00107949 0.0975043 0.092946 0.0232349 3.64476e-05 0.00255639 
0.0533109 0.110913 0.000314106 0.0117403 0.00714151 0.0384784 0.0221131 0.0274895 0.121406 0.294021 0.00274672 8.25588e-05 0.0153286 0.0501748 0.000399015 0.00415984 0.108139 0.0554272 0.0274948 0.0115901 0.0375293 
0.0132863 0.0773451 1.52909e-05 0.012403 0.000488152 0.00197593 0.0113252 0.00106993 0.118853 0.562539 8.97358e-05 1.6822e-05 0.0129258 0.0357264 8.02941e-07 0.0695387 0.048405 2.03688e-05 0.00691857 0.00104766 0.0260091 
0.0245644 0.0823142 0.000628942 0.00195631 0.00577744 0.0618683 0.0317878 0.00773631 0.103313 0.33334 0.00356569 1.9107e-06 0.0836325 0.0063444 1.18701e-06 0.0406039 0.179744 0.00789223 0.00102001 0.00649427 0.0174124 
0.00737481 0.0033955 0.000912356 0.00436319 0.00415781 0.0830186 0.00324942 0.000272139 0.0486052 0.376899 0.00658601 6.7611e-07 0.188015 0.00398297 1.02249e-07 0.0635505 0.194623 2.40249e-05 4.5735e-05 0.000154967 0.0107694 
0.015427 0.00438593 0.00500439 0.00233265 0.00221755 0.118901 0.0183999 0.00363825 0.0090672 0.518487 6.58835e-05 1.83186e-07 0.141769 0.0298235 5.47228e-08 0.00886279 0.0528006 0.01498 0.00144522 2.00995e-05 0.0523719 
0.00620966 0.0405273 0.00429732 0.00296287 0.0168297 0.166005 0.0210188 0.0206055 0.0184075 0.228556 0.000676076 5.5529e-05 0.0946161 0.060655 0.0170001 0.0661165 0.168323 0.010661 0.0159982 0.00612078 0.0343582 
0.0160717 0.0178155 0.00985103 0.00184624 0.00827435 0.0413586 0.0850411 0.00443695 0.0566646 0.328639 0.00105086 2.81186e-05 0.177717 0.0223223 0.0022769 0.0374701 0.15565 0.0037878 0.00732301 0.000442044 0.0219317 
0.00248804 0.0071399 0.00131198 6.5672e-05 0.00522529 0.0788048 0.0744045 0.00208354 0.0148455 0.381455 0.00639643 1.0288e-06 0.0595942 0.010605 4.1041e-07 0.0111972 0.193981 0.0763428 0.00013992 0.045708 0.0282097 
3.13086e-07 0.00508167 3.00893e-05 8.80364e-05 5.69612e-07 0.000320883 0.000161564 5.95515e-05 0.0592209 0.629142 6.56419e-06 7.06614e-07 0.018464 0.206771 6.48177e-08 6.73392e-05 0.0354185 6.62802e-05 0.00474982 3.3876e-09 0.0403503 
0.00387568 0.0250658 0.000257441 0.000238433 0.00145035 0.0390864 0.024235 0.000891086 0.0206775 0.270398 0.00179514 3.07265e-05 0.171301 0.0364762 0.000979996 0.056913 0.249559 0.00229337 0.00150427 0.0176219 0.0753498 
0.00311227 0.00115336 6.04662e-06 5.68519e-05 0.00329182 0.0228979 0.0109693 0.000462381 0.046507 0.712545 0.000167238 1.76779e-06 0.0533457 0.00630222 1.81196e-05 0.0117223 0.0964901 0.0159951 0.000752672 0.00367975 0.0105229 
0.011759 0.0345226 0.0177804 1.59635e-06 0.0152163 0.156017 0.000549672 0.000270849 0.0373392 0.289972 0.00016577 0.000171999 0.0546012 0.182856 3.06234e-07 0.00111196 0.0283116 4.40648e-07 2.129e-05 1.70899e-07 0.169332 
0.000456283 0.0107095 0.00218232 0.000198795 0.000519265 0.0330551 0.146083 0.00465171 0.00282331 0.640877 3.3363e-05 1.26192e-05 0.0185785 0.00266218 6.1935e-06 0.0263696 0.100666 0.00179291 0.000101038 7.6453e-06 0.0082137 
0.0039193 0.00438828 7.53204e-05 0.00510669 0.00295106 0.0361756 0.00547135 0.00114084 0.0313518 0.316337 0.306242 8.0497e-06 0.0455775 0.0163794 1.64524e-08 0.00924997 0.0775121 0.00063149 0.134248 0.000730141 0.00250425 
0.00145727 0.00905924 0.000183643 0.00013963 0.000280732 0.0403558 0.0297804 0.0347179 0.140057 0.284603 0.00291787 0.000102604 0.0192881 0.266792 2.55237e-07 0.0959778 0.0391429 0.0203245 0.00379437 1.43882e-06 0.0110234 
0.000537966 0.0133815 0.000133794 0.000361903 0.00211574 0.00607267 0.0189545 0.00571654 0.00561209 0.422603 0.282033 0.000573034 0.00110776 0.0775206 7.78308e-08 0.00369523 0.121018 0.0372816 0.00017055 0.00021565 0.000895089 
0.00843487 0.00810497 0.00785538 0.000813883 0.00678421 0.115567 0.0741577 0.00383128 0.0339428 0.419618 2.54165e-05 3.23212e-08 0.0793793 0.000712497 6.76441e-08 0.0180776 0.136908 0.0412879 0.000138205 0.000388569 0.0439721 
0.000386055 0.00137784 3.09789e-05 0.00377365 0.00300256 0.0169083 0.0635074 0.000197205 0.0286805 0.638439 0.00647597 0.0334846 0.0551045 0.0104398 0.000544733 0.00564997 0.102165 0.0153914 0.00175846 0.000150322 0.0125317 
0.00284501 0.0107492 0.0199004 0.00320181 0.00396035 0.0299071 0.00951924 0.00109868 0.00455318 0.744722 1.09511e-05 2.18791e-06 0.0111657 0.00378667 9.16283e-13 0.00119144 0.116771 0.005791 0.000637543 4.77798e-06 0.0301819 
0.00643384 0.0141815 0.00252544 0.000462698 0.00517842 0.00642443 0.0764244 0.0258564 0.0152765 0.431887 1.11029e-05 1.03498e-05 0.0127907 0.00156947 1.97298e-12 0.00446378 0.363276 4.4127e-05 0.00132002 9.49515e-06 0.0318538 
0.0105187 0.0033593 1.14816e-05 0.000388692 0.00138682 0.00118899 0.0508099 0.00816704 0.0963685 0.354235 0.0423143 2.35892e-05 0.0227176 0.00393617 4.64516e-11 0.00741294 0.191237 0.205732 0.000189325 1.09629e-06 9.92573e-07 
0.0229373 0.0255196 0.00203898 0.00852677 0.0177257 0.141601 0.0671011 0.0222293 0.0247521 0.31026 0.00053987 4.67796e-06 0.106792 0.00400952 1.76319e-07 0.027774 0.143469 0.0334737 0.00525454 0.000294535 0.035696 
0.000662709 0.00191908 3.90484e-05 0.000382025 0.000989543 0.00424944 0.0110373 0.0082496 0.00629991 0.458404 0.356823 0.000350948 0.00337954 0.0450611 4.59527e-09 0.00607032 0.0416238 0.0369729 0.00743444 0.000169025 0.00988229 
1.13311e-05 0.000186099 2.28944e-06 0.000310463 0.00169962 0.0160501 0.00539638 9.75053e-05 0.00108486 0.865138 0.000611087 2.07107e-05 4.49267e-08 0.00223148 2.02623e-10 0.000880096 0.100114 4.08184e-06 3.97495e-05 0.000484589 0.00563788 
0.0489618 0.0908493 0.00073747 0.014808 0.000948372 0.0841607 0.00489874 0.0574416 0.0464598 0.41296 0.000247758 1.27439e-05 0.150454 0.00742588 0.00251465 0.00391003 0.064161 0.000610067 0.00282334 1.22428e-05 0.00560275 
0.0150296 0.0767451 2.34047e-05 0.00802522 0.00179491 0.028903 0.0181771 0.00350039 0.144749 0.252083 0.000446403 0.000969339 0.19723 0.00831672 5.88482e-05 0.00332705 0.177019 0.000765759 0.000122029 0.0126059 0.050107 
0.000418223 0.0167224 1.2812e-05 0.000162776 0.00690234 0.106766 0.0215589 0.000211052 0.00436166 0.472253 5.24967e-05 8.38309e-07 0.0428154 0.00174398 6.77574e-12 0.00718287 0.294968 0.00038004 0.00194033 5.71953e-06 0.0215413 
0.0143301 0.0600099 1.9897e-06 2.54975e-06 2.79128e-07 0.201999 6.55343e-06 0.000489639 0.0335954 0.538789 6.33933e-09 5.90608e-09 1.21851e-05 0.0172766 1.00113e-08 0.000172254 0.13329 2.41955e-07 1.58845e-05 4.00462e-07 7.28183e-06 
0.000640481 4.25582e-05 5.38733e-05 0.000301075 0.000548388 0.00289038 0.0157988 0.0984211 0.00503144 0.485917 0.309881 0.000995496 0.000499625 0.0528001 3.06142e-07 0.00271063 0.0204804 0.000611742 6.44682e-05 0.000683291 0.00162823 
0.00333814 0.0465569 0.00221051 0.043744 0.00397645 0.0614718 0.00952165 0.00899136 0.0231367 0.470833 0.00109798 3.51793e-06 0.00914361 0.15391 1.28704e-11 0.00370494 0.0922219 0.0479958 0.00540053 0.000273227 0.0124684 
0.00912071 0.0246229 0.00357506 0.0131395 0.00411666 0.0851138 0.00976096 0.00712686 0.0109409 0.559968 0.00216465 1.49037e-05 0.0106146 0.041439 0.000923703 0.00107949 0.0975043 0.092946 0.0232349 3.64476e-05 0.00255639 
0.0186443 0.0303985 0.000955925 0.00496933 0.00688993 0.111498 0.0295509 0.0133103 0.0312542 0.331052 8.09944e-05 1.44518e-05 0.0367703 0.0220825 1.00619e-06 0.0100851 0.187281 0.0116509 0.00387849 0.00535201 0.14428 
0.00435617 0.0120286 0.0135182 0.00711041 0.00126719 0.0175322 0.0158203 0.0113188 0.00972723 0.661925 0.000235423 6.217e-05 0.0065949 0.0370937 5.01328e-06 0.00934542 0.0944405 0.0138796 0.000755337 7.83789e-05 0.0829056 
0.00428308 0.123143 7.35413e-05 0.00626713 4.62301e-05 0.027692 0.0352128 0.00249018 0.0417566 0.314681 0.0014689 0.000162907 0.0527601 0.109516 5.92837e-07 0.0677939 0.129741 0.0808291 0.000250258 8.85905e-05 0.0017434 
0.00057181 0.00863826 0.0034811 0.000117376 0.00395048 0.0234299 0.0178599 0.00100484 0.00377506 0.592578 0.000928771 2.98672e-05 0.0118743 0.00291421 7.12438e-09 0.0166486 0.284633 0.0228033 0.000224168 6.8316e-05 0.00446797 
0.00409733 0.00972756 0.000215871 0.000544422 0.0315931 0.0166685 0.0494807 0.00108213 0.0168007 0.546787 0.00606943 3.42127e-05 0.0368537 0.0616661 1.38593e-05 0.0576467 0.143414 0.0112111 0.00142082 0.000605811 0.00406668 
0.00327078 0.0104331 6.54915e-05 0.0211565 0.00146424 0.037318 0.00525065 0.0015934 0.0380259 0.407958 0.192133 3.20453e-06 0.0235409 0.155226 1.79686e-07 0.00327197 0.0365885 0.00086389 0.0535451 0.0022642 0.0060272 
0.00495282 0.0150676 0.00620607 0.00372957 0.0023607 0.0297505 0.0244637 0.00228365 0.0179984 0.492183 0.240971 6.39011e-05 0.0512566 0.0300662 6.88085e-08 0.00349654 0.0276533 0.0458618 0.000449789 1.29327e-05 0.00117202 
0.00316298 0.000207125 3.02875e-08 0.00224006 0.000607 0.070723 0.00304647 1.31561e-05 0.0281706 0.796129 7.23006e-05 1.98307e-08 0.026836 0.0102454 9.45771e-09 0.00264824 0.0239212 0.0146195 0.00512736 0.000672626 0.0115576 
6.5477e-05 0.000310842 5.79576e-05 2.12616e-05 0.00765241 0.0350191 0.0764195 2.02478e-05 0.018421 0.527854 0.00502393 5.37835e-08 0.0617652 5.70653e-05 5.76605e-08 0.0366548 0.216643 0.00188292 4.62511e-05 1.69743e-07 0.0120849 
0.0154426 0.066368 0.00264183 0.00353064 0.00117922 0.0800666 0.00655967 0.000875867 0.036788 0.544334 0.000670989 1.26393e-06 0.0349011 0.0153726 1.16935e-07 0.0143493 0.0299669 0.118819 0.000564226 6.18942e-05 0.027506 
0.0072626 1.43776e-10 4.76594e-06 2.95563e-06 0.0266516 0.000235752 0.0350457 1.04946e-05 0.0123669 0.380194 0.00123819 1.52063e-08 0.0661149 0.0443706 2.47522e-09 0.0328808 0.0180752 1.82927e-07 0.00050064 1.57568e-09 0.375044 
0.020242 0.0179207 0.00198868 0.00050044 0.002122 0.0108878 0.00659197 0.0179956 0.0119841 0.521575 7.76396e-05 9.52954e-06 0.023014 0.00412406 2.88449e-11 0.0196165 0.283202 0.031052 0.000294939 2.03077e-05 0.0267808 
1.20367e-07 3.33894e-05 5.39224e-10 2.51718e-06 1.04253e-07 0.0438546 0.0270777 8.59862e-11 0.0639043 0.536961 1.0696e-05 5.18974e-10 0.290753 0.0121458 8.79705e-10 5.01879e-07 0.019293 7.6108e-07 0.00196422 0.00399778 1.81051e-10 
0.000141449 0.00269958 0.00037504 0.00299314 2.47659e-07 0.141373 0.0107072 0.000385916 0.00765782 0.55472 1.47376e-05 3.8467e-09 0.0228576 0.0248447 2.43619e-08 0.0145114 0.0544442 0.143877 0.00132772 2.76174e-08 0.0170694 
0.000915918 0.00823688 0.000238753 0.0131545 0.000104859 0.00876562 0.0132639 7.06569e-05 0.00524116 0.85155 0.0129186 7.59683e-07 0.00461465 0.00560984 4.04109e-06 0.00358967 0.0654083 0.00490263 9.7612e-05 2.8415e-06 0.00130899 
0.0489002 0.0336247 0.000260087 0.00125686 0.0126414 0.0264441 0.0215717 0.000305504 0.00486784 0.491343 0.00208686 3.44638e-07 0.130708 0.033915 3.31566e-05 0.0488039 0.00230516 2.0423e-05 0.00370508 0.000247267 0.136959 
0.0724035 0.0971437 0.000236028 0.00111023 0.000483681 0.00421156 0.00850339 0.110775 0.0411325 0.488769 0.00397771 2.06281e-05 0.000457449 0.0765677 8.44585e-08 0.00456271 0.0736159 0.0007588 0.0101445 0.00128093 0.00384569 
0.00203499 0.0511216 0.00177829 0.000965292 0.00059101 0.00991136 0.0163364 0.0294396 0.00600843 0.451385 5.0266e-05 5.31275e-10 0.00858057 0.00861538 1.27226e-07 0.013202 0.266146 0.09832 0.0232625 0.00153372 0.010717 
0.0132475 0.200603 0.000612351 0.00054303 0.0353996 0.141321 0.0685244 0.00620485 0.0242996 0.251484 0.00392937 0.00034358 0.0497195 0.0269608 4.21592e-05 0.0291982 0.115254 0.006692 0.0078152 0.00352053 0.014285 
0.0152936 0.0049048 0.000945209 0.000183096 0.00638015 0.00630321 0.0456027 0.000495399 0.0102916 0.33858 0.0123758 0.000117149 0.159207 0.117988 0.000105267 0.0190004 0.0872265 7.47577e-05 2.20092e-05 4.08381e-06 0.174899 
0.000949954 0.00938901 0.00101544 0.00105694 0.00083103 0.317703 0.00929057 0.00245505 0.0110178 0.538234 0.000504975 9.7311e-07 0.039731 0.0136316 3.74543e-09 0.00581513 0.0344443 0.00845992 0.00237916 7.35152e-05 0.00301696 
0.0420802 0.109635 0.000457345 0.0634164 0.0104812 0.00286321 0.143105 0.0204659 0.0100859 0.233432 1.13683e-05 3.342e-06 0.000281308 0.134041 4.09074e-09 0.00754062 0.205312 0.00653753 0.000834761 0.0016135 0.00780225 
0.0110748 0.131225 0.000718009 0.0101717 0.00071656 0.0706967 0.149801 0.0283605 0.0975788 0.290114 6.07878e-05 0.0207848 0.0156952 0.0291957 0.00011277 0.00951428 0.0913436 0.000182869 0.0403596 0.0016179 0.000675362 
1.89912e-05 7.75778e-05 2.52683e-05 1.89822e-06 0.00145829 0.00109975 0.00364579 0.00137729 0.00788143 0.803174 0.0066522 5.55236e-06 0.0452267 9.95012e-05 2.78278e-05 0.113911 0.00887897 0.00616009 5.2332e-06 6.29846e-06 0.000266565 
0.00801531 0.117004 0.00248755 0.0090055 6.44599e-05 0.0618003 0.0118344 0.0314335 0.0197166 0.345929 0.000837114 3.8035e-06 0.0570432 0.0463072 7.0523e-10 0.00366092 0.251131 0.00288775 0.00264979 0.00387205 0.0243169 
6.25354e-05 0.00124514 0.000481276 0.00695396 0.00351249 0.0168657 0.0172769 0.012 0.0044154 0.821285 0.00423503 4.35944e-06 0.0100303 0.0204092 3.98214e-07 0.0182503 0.0108808 0.0351104 0.003378 0.000178608 0.0134244 
0.0001152 0.00193532 0.000418875 0.00251853 0.000561436 0.00710765 0.0405384 0.000148843 0.00329343 0.59066 0.232399 0.0163048 0.00462941 0.0123153 0.00136541 0.00535664 0.031513 0.0467497 0.00113614 0.000214107 0.000718183 
0.00328638 0.00967782 0.000169061 0.00427031 0.000270308 0.015626 0.00430566 0.000120661 0.0315468 0.415189 0.357263 1.28932e-05 0.0354911 0.014226 8.21779e-06 0.00158804 0.0263325 0.077482 0.00131546 5.40707e-05 0.00176452 
0.0433686 0.000242892 1.47907e-05 6.72811e-05 0.000101129 0.00296949 0.00406636 0.00190479 0.0493967 0.758692 0.00228594 2.3864e-06 0.00464557 0.0819787 7.8507e-06 0.00029778 0.00753999 0.0153626 0.00493645 0.00176849 0.0203506 
0.000469106 0.002172 4.10877e-05 0.000144483 0.0153757 0.0281891 0.0477292 0.00604767 0.0100971 0.699253 0.00116157 2.33465e-05 0.00158461 0.0621647 2.54928e-06 0.00551657 0.116205 8.53834e-05 4.27385e-05 0.00070738 0.00298787 
0.00207913 0.0362678 0.000162213 0.00244599 0.000266736 0.166839 0.00864523 0.00622094 0.0403852 0.457205 0.000185479 1.6848e-07 0.00858682 0.00945381 3.80856e-06 0.000439194 0.0130461 0.241298 0.0042631 0.000346028 0.00186006 
0.000126299 9.81091e-05 3.47448e-09 1.67625e-09 0.00233995 3.45417e-09 0.000353995 7.53159e-06 5.36257e-05 0.70504 1.21054e-12 2.23814e-07 0.00141715 0.000563416 1.91174e-12 8.98622e-05 0.190015 1.15963e-06 0.000359492 1.21698e-12 0.0995345 
0.00367582 0.026502 0.00127812 5.93608e-05 0.0227494 0.00265409 0.0188119 0.000147685 0.0259789 0.446633 0.00607828 5.39845e-05 0.0245185 0.268143 4.06902e-07 0.048394 0.0444264 0.00109064 0.00464848 0.00845196 0.0457036 
0.0786683 0.0269138 0.00302831 0.0310667 0.00433963 0.0867642 0.0446368 0.000488146 0.067249 0.353558 0.00483861 7.12662e-05 0.0532579 0.0278952 0.00145136 0.00360001 0.169768 0.0374269 0.00116575 0.000104681 0.00370778 
0.0284548 0.0432583 8.7105e-08 0.0843603 0.000522261 0.0118679 0.148476 0.0421276 0.101207 0.219696 0.00624193 5.30391e-05 0.00247046 0.143801 1.8264e-09 0.0118049 0.00953585 0.00123776 0.00603089 0.138223 0.000630447 
0.000662709 0.00191908 3.90484e-05 0.000382025 0.000989543 0.00424944 0.0110373 0.0082496 0.00629991 0.458404 0.356823 0.000350948 0.00337954 0.0450611 4.59527e-09 0.00607032 0.0416238 0.0369729 0.00743444 0.000169025 0.00988229 
0.0161235 0.00296034 1.25001e-05 0.00119595 4.45068e-06 0.000462279 0.00949327 7.90035e-05 0.0441893 0.581644 5.37504e-05 1.22576e-06 0.0370364 0.00148695 4.69061e-09 0.0140177 0.230315 0.0456354 0.00957646 1.42956e-07 0.00571231 
0.0154949 0.0484234 0.000190804 0.00477706 0.006524 0.113789 0.0758386 0.012892 0.0512701 0.311329 0.00150299 0.000105694 0.0601621 0.020598 0.00102844 0.0105628 0.25303 0.00317469 0.0015416 0.000358088 0.00740746 
0.066186 0.00955088 6.20119e-05 0.0015217 0.0308555 0.0557624 0.0556481 0.0192538 0.0226558 0.488671 0.0317815 0.000537316 0.0211985 0.0260215 4.44905e-10 0.00237893 0.140087 0.000541986 0.0171786 0.00101066 0.00909697 
0.0385105 0.124793 0.0173077 0.210749 0.00025256 0.0756948 0.0315995 0.00236947 0.0462545 0.273864 0.000491773 8.19034e-06 0.0082725 0.0611112 2.571e-08 0.000833801 0.0316288 0.0683616 0.00707667 2.55159e-05 0.000794694 
0.00967108 0.00831393 0.00181653 0.0244794 0.00331315 0.0323473 0.0106956 0.00150389 0.0229487 0.423662 0.000509788 2.42935e-09 0.223653 0.0488519 0.000773381 0.00372431 0.148301 0.00222298 0.0134157 1.30218e-08 0.0197959 
0.062325 0.00160222 1.16589e-06 0.000956772 0.00484251 0.0390288 0.0246603 0.00105893 0.0203122 0.473639 3.20514e-05 3.59646e-06 0.0133166 0.0423532 2.536e-08 0.00214232 0.260106 0.000125529 0.000153464 0.00023958 0.0531012 
0.0251892 0.0142936 0.00024494 4.8604e-05 0.00234936 0.00286284 0.00343952 0.000894059 0.03253 0.385974 9.38349e-05 1.3248e-05 0.0115257 0.0455371 1.47721e-09 0.00550431 0.111489 2.49416e-05 3.84613e-05 2.39023e-06 0.357945 
0.00668367 0.0100074 0.000381015 0.010459 0.0224461 0.0770641 0.0483211 0.000528707 0.0456323 0.441454 0.0451652 0.000512009 0.0432119 0.0316461 9.54434e-07 0.0115602 0.0970868 0.0783423 0.00637154 0.00065747 0.0224683 
0.0293932 0.0604747 0.0973721 0.0295213 0.000998837 0.0155457 0.0131023 0.0114008 0.108183 0.422237 0.0024811 9.86813e-08 0.0173114 0.0533146 1.7653e-08 0.00226713 0.0600513 0.0713358 0.00151861 0.000163878 0.00332676 
0.00275487 6.68335e-08 2.71093e-06 3.41058e-08 0.00237831 2.09119e-07 7.56323e-07 4.86381e-08 0.000206679 0.871415 2.25798e-07 1.27224e-08 1.92765e-06 9.35355e-08 8.98188e-12 0.0137201 1.78925e-06 2.7917e-09 0.00439923 1.16075e-07 0.105118 
0.134206 0.124852 9.24944e-05 8.42082e-05 0.0120737 0.101381 0.0464989 0.00139967 0.0385637 0.160786 0.000314711 3.98188e-05 0.107252 0.00598495 1.83749e-06 0.0991161 0.156354 6.44587e-05 0.000926493 0.000468522 0.00953984 
0.0040186 0.00498307 0.00325453 0.00114968 0.00218268 0.216646 0.0151382 0.00936087 0.0408324 0.354699 0.00149739 4.22147e-07 0.142229 0.00786991 1.29123e-08 0.034524 0.119793 0.00723878 0.000402543 6.98496e-05 0.0341112 
0.00250018 0.0165334 2.12396e-05 0.000869764 0.00605296 0.00493614 0.0690177 0.00195042 0.01776 0.490394 0.174457 0.0186986 0.00262009 0.111492 3.88803e-06 0.0018025 0.0325814 0.0185182 0.00173617 0.000226421 0.027828 
1.39641e-06 0.000129808 3.18775e-06 0.000310629 0.000615912 0.00250322 0.0108177 0.000136365 0.00151868 0.873821 0.000834329 1.9949e-05 4.93284e-08 0.00312384 1.6148e-10 0.00123196 0.104208 5.69977e-06 2.62536e-05 0.000678116 1.40273e-05 
0.00239733 0.0346249 0.00126782 0.0051761 0.00151074 0.24323 0.0897476 0.0244477 0.0168003 0.301345 0.000971291 0.000116305 0.048958 0.00166156 3.99713e-10 0.0399062 0.179276 0.00454811 0.00275995 0.000173382 0.00108262 
0.00543673 0.110883 0.000593474 0.00632016 2.19127e-05 0.00812563 0.0166153 0.0529802 0.126436 0.553589 0.00187306 1.72472e-08 0.00158981 0.0260057 4.70872e-11 0.0100892 0.0757103 0.000587145 0.00152613 0.000645553 0.000971334 
0.00196156 0.0101522 0.00164207 0.0373342 0.000625514 0.173156 0.0169677 0.00470737 0.0205747 0.51074 6.25991e-05 2.20018e-09 0.0773787 0.00295106 1.29741e-08 0.0070492 0.0347986 0.0948814 0.00197468 5.86104e-06 0.00303691 
0.000965821 0.000847233 0.000187574 4.42844e-05 0.0125724 0.00480106 0.00301887 1.65821e-05 0.00214586 0.361798 0.000188758 6.70188e-05 0.301443 7.45145e-05 6.5065e-06 0.0629633 0.216409 0.000338937 0.000101431 1.25957e-06 0.0320094 
0.00238415 0.0225771 1.91619e-05 0.000193634 0.00131328 0.0115634 0.000494102 9.91728e-05 0.0111623 0.518418 0.00034404 3.76843e-07 0.025601 0.00317762 1.39253e-10 0.00641485 0.383565 0.000208365 0.00248827 2.56879e-07 0.00997622 
0.00961536 0.00609829 0.0372988 0.00399878 0.00668453 0.0470647 0.0342899 0.000224933 0.157062 0.394243 0.000536265 2.72635e-07 0.122592 0.00618203 4.0388e-08 0.00817307 0.0334928 0.117226 8.90496e-06 2.03739e-05 0.0151888 
0.0229838 0.042863 0.00440216 0.0158845 0.00305363 0.292219 0.0609446 0.0146706 0.0356302 0.346187 0.000708484 1.77577e-06 0.0592943 0.00891498 4.323e-07 0.0121423 0.0287658 0.0171699 0.00118122 0.000133301 0.0328487 
0.000120977 2.43186e-11 4.67364e-05 2.12285e-05 0.00300955 0.0025388 0.00455424 5.73033e-05 0.00118873 0.72482 0.00154775 7.5107e-07 0.00227674 0.0514498 4.025e-07 0.00173545 0.0910716 0.0295165 0.000546507 2.66514e-10 0.0854966 
0.119688 0.10497 0.0117129 0.0237131 0.0082428 0.0160674 0.0227602 0.0635435 0.141794 0.275064 3.18936e-07 4.21069e-11 0.0112295 0.034353 7.13748e-11 0.0190191 0.0548941 1.29349e-07 0.000626828 0.00041393 0.0919062 
0.00726413 0.0447322 0.0321076 0.00284928 0.0193528 0.0509049 0.0832774 0.0144693 0.0461652 0.277747 0.00253652 0.000330496 0.0621004 0.0283646 0.000338011 0.0325863 0.273424 0.0050924 0.000984762 0.00325897 0.0121133 
0.000277965 0.0159934 0.118056 0.000818486 0.00162127 0.0331033 0.00774528 0.0209031 0.123656 0.339217 0.0014456 6.52704e-09 0.203913 0.00273754 2.84075e-06 0.00941709 0.0817305 0.0347651 4.32478e-06 4.41448e-08 0.00459284 
