0.00124754 0.000913396 0.00252187 4.70803e-06 0.000693733 0.000349346 0.00216157 1.29686e-06 0.984301 8.58006e-07 8.40146e-06 7.82729e-06 0.000278857 0.00268742 1.32679e-05 2.39642e-05 0.000393838 2.0609e-06 0.000100162 0.00417864 0.000110516 
3.20661e-10 7.80094e-07 1.39502e-09 1.77747e-06 7.15778e-10 1.98871e-06 0.00887731 5.11866e-07 0.0435785 1.47175e-10 1.44112e-09 1.34263e-09 1.89397e-10 0.947539 2.27587e-09 3.72496e-10 4.77922e-07 3.53509e-10 1.09303e-09 1.44878e-09 4.68393e-10 
6.92995e-06 0.148023 6.15146e-09 2.137e-05 3.15629e-09 3.78716e-07 3.91942e-06 6.86749e-06 0.0166465 6.48983e-10 6.35474e-09 5.92045e-09 5.01934e-07 0.824378 1.00357e-08 0.0108993 1.72044e-06 1.55883e-09 4.81983e-09 6.38854e-09 1.11554e-05 
0.0317357 0.0210566 9.27053e-10 5.13887e-07 4.75668e-10 1.1392e-10 1.38188e-06 1.50898e-06 0.0026242 9.78047e-11 1.87127e-06 0.00646705 1.25863e-10 0.931849 1.51242e-09 2.47541e-10 0.00412146 0.00201066 7.47124e-05 5.62485e-07 5.51881e-05 
0.000150697 0.000277604 2.91537e-07 0.000128145 0.000984546 0.330226 7.14374e-05 3.58595e-06 0.00033383 3.07574e-08 3.01171e-07 9.90646e-05 0.000370922 0.000159718 4.75622e-07 0.000255168 0.333056 7.38781e-08 0.333267 0.000615267 9.78872e-08 
0.971625 0.0255696 1.83609e-11 1.06291e-11 1.04581e-07 4.97735e-07 3.77255e-12 3.80654e-08 0.00237256 1.93709e-12 1.89676e-11 1.76714e-11 2.58007e-07 4.5538e-12 2.99545e-11 4.90271e-12 6.80369e-09 4.65281e-12 1.33806e-07 1.90685e-11 0.000432156 
0.971625 0.0255696 1.83609e-11 1.06291e-11 1.04581e-07 4.97735e-07 3.77255e-12 3.80654e-08 0.00237256 1.93709e-12 1.89676e-11 1.76714e-11 2.58007e-07 4.5538e-12 2.99545e-11 4.90271e-12 6.80369e-09 4.65281e-12 1.33806e-07 1.90685e-11 0.000432156 
2.8047e-09 0.0835367 3.98929e-06 0.00636468 6.26064e-09 0.00871905 1.24485e-05 2.83145e-06 3.638e-06 1.28729e-09 9.49381e-06 2.20948e-05 0.234431 0.657257 1.99062e-08 2.84004e-05 0.00958953 5.27482e-06 9.56034e-09 1.33569e-05 4.09686e-09 
0.00172809 2.08174e-08 5.99664e-11 0.000803607 0.00190049 0.35506 3.65863e-07 9.56242e-12 0.0491887 6.3265e-12 6.19481e-11 1.20376e-07 0.00558756 0.277813 9.7831e-11 0.00203117 0.30412 3.67826e-05 0.00172926 1.67179e-07 2.01345e-11 
0.000517039 0.00118931 0.00168748 1.08422e-06 0.002019 2.30149e-07 3.88666e-05 2.98657e-07 0.00769559 1.97592e-07 1.93479e-06 1.80256e-06 2.54277e-07 0.985268 3.05549e-06 5.00099e-07 0.00157117 4.74608e-07 1.46746e-06 1.94508e-06 6.28847e-07 
0.01365 0.015473 1.63886e-05 6.62472e-10 4.49593e-06 0.00303384 3.03047e-07 1.82483e-10 1.22375e-05 1.20731e-10 1.18218e-09 1.10139e-09 1.81087e-06 0.96461 1.86694e-09 1.42375e-07 0.00285172 2.89991e-10 0.000318585 2.71873e-05 7.03055e-07 
0.000102388 0.0030393 9.66011e-05 4.88079e-07 0.000514574 0.007137 0.112663 1.43136e-05 0.0797645 8.89489e-08 0.0179565 0.000180873 0.000142309 0.767718 1.37548e-06 2.25127e-07 0.00780055 2.13652e-07 0.00235605 0.000387168 0.000124298 
0.00231291 0.00688323 1.16499e-05 6.78884e-05 0.0015285 0.00731494 0.00028896 0.0200983 0.00442041 6.96318e-07 6.81823e-06 8.11461e-06 0.002877 0.000120145 1.07676e-05 0.00013945 0.953666 5.87784e-06 5.17137e-06 6.85449e-06 0.000226316 
0.0191412 0.756047 6.16309e-10 2.39079e-06 5.37898e-07 7.57348e-11 5.69967e-07 0.00128922 0.206832 6.5021e-11 6.36676e-10 5.93164e-10 8.36744e-11 0.0166753 1.00546e-09 1.64566e-10 1.2451e-06 1.56178e-10 4.82895e-10 1.10737e-05 1.03674e-07 
0.0304903 0.0107826 7.27915e-09 4.21391e-09 0.165094 0.0019599 1.49562e-09 1.16075e-09 0.0168043 7.67955e-10 6.75554e-06 7.00579e-09 0.00364136 0.756783 7.22323e-07 0.0020505 0.010778 0.00160436 3.41778e-06 7.55969e-09 2.44406e-09 
0.0260774 0.465922 3.62502e-09 4.20469e-07 0.376992 0.0150129 0.0115734 5.99847e-07 0.0255331 3.82442e-10 3.74481e-09 3.0637e-07 0.00012129 0.000280283 5.91396e-09 0.0132921 0.0342505 9.18612e-10 0.0230541 3.76473e-09 0.00788957 
4.44192e-07 0.000373325 8.18792e-11 0.000375802 0.00193404 0.000419245 0.0504491 1.30567e-11 0.0379759 8.63831e-12 8.4585e-11 0.00145856 1.57865e-07 0.852142 1.3358e-10 3.06107e-07 0.0538896 0.000149504 0.000832023 8.50348e-11 2.74919e-11 
3.51204e-07 0.829684 1.59302e-07 0.0162011 0.000401802 1.86515e-05 1.10248e-07 0.121506 2.81633e-06 2.70357e-11 5.30564e-07 4.78667e-08 7.19181e-05 0.0179429 4.18072e-10 5.29148e-08 0.011202 4.39487e-08 0.00296795 2.3474e-08 8.60429e-11 
0.00157496 0.054089 1.26197e-07 0.588041 0.0161504 5.4242e-06 0.229971 0.000582381 0.018701 5.19399e-11 0.000636295 3.97992e-07 9.65545e-07 9.73618e-06 8.03182e-10 0.00642347 0.0837808 1.0934e-07 3.32413e-05 5.11292e-10 1.65302e-10 
3.27932e-06 8.33169e-06 1.02039e-06 8.17463e-06 4.08545e-05 4.39671e-05 0.000938518 1.06797e-06 0.342404 1.53569e-10 1.17306e-05 3.22359e-06 7.82616e-06 0.299971 2.37474e-09 0.0994357 0.257118 8.85648e-07 1.94002e-06 1.51172e-09 4.88741e-10 
0.00147322 0.000551646 1.21287e-06 0.0231577 0.0019729 0.000486115 0.774416 1.93407e-07 0.00205885 1.27958e-07 0.00794071 1.16732e-06 0.0365394 0.146153 1.97871e-06 3.23859e-07 0.000250446 0.000406838 0.000731749 0.00280332 0.00105265 
0.000342547 0.000252541 5.25966e-05 9.1521e-06 3.54817e-05 0.00131128 4.66304e-05 1.40041e-06 0.00375496 1.2986e-07 2.17504e-07 2.64645e-07 3.07012e-05 5.52112e-05 5.34857e-07 4.68102e-05 0.000254816 2.73189e-05 0.993378 6.88899e-07 0.000398491 
0.000194903 0.00278123 3.26215e-12 3.59505e-05 1.05963e-08 1.27477e-05 6.70264e-13 0.833744 2.21756e-05 3.44159e-13 3.36995e-12 3.43799e-09 4.42892e-13 1.35308e-08 5.32197e-12 8.71057e-13 0.000223304 3.24294e-08 0.162921 3.38788e-12 6.47015e-05 
0.00010514 0.000293777 1.4117e-08 0.00013812 0.000110106 1.49206e-05 0.000179548 3.87217e-05 0.000960411 1.48935e-09 1.45835e-08 1.35868e-08 9.20168e-06 0.00107453 2.30308e-08 0.996863 8.30904e-05 2.54029e-05 1.11717e-06 7.18537e-05 3.08144e-05 
0.00172809 2.08174e-08 5.99664e-11 0.000803607 0.00190049 0.35506 3.65863e-07 9.56242e-12 0.0491887 6.3265e-12 6.19481e-11 1.20376e-07 0.00558756 0.277813 9.7831e-11 0.00203117 0.30412 3.67826e-05 0.00172926 1.67179e-07 2.01345e-11 
0.019291 0.129639 4.91942e-09 0.00100955 0.00244187 6.06562e-06 0.00142401 8.51821e-07 0.235757 5.19003e-10 5.08199e-09 8.52574e-07 0.00140305 0.572837 8.02569e-09 0.0023321 0.033853 1.46046e-07 1.347e-06 5.10902e-09 2.75436e-06 
0.0121588 1.48516e-05 3.2045e-09 3.586e-07 7.35831e-05 0.000780455 4.15045e-07 1.03247e-07 0.00417855 3.38077e-10 3.3104e-09 3.08416e-09 1.72562e-06 0.980651 5.22792e-09 1.6659e-07 0.000536527 0.00160303 2.51081e-09 3.328e-09 1.07595e-09 
0.000342547 0.000252541 5.25966e-05 9.1521e-06 3.54817e-05 0.00131128 4.66304e-05 1.40041e-06 0.00375496 1.2986e-07 2.17504e-07 2.64645e-07 3.07012e-05 5.52112e-05 5.34857e-07 4.68102e-05 0.000254816 2.73189e-05 0.993378 6.88899e-07 0.000398491 
0.996196 0.00354753 5.08359e-12 2.09254e-06 3.58969e-09 0.000218195 1.04451e-12 2.21122e-06 1.59554e-08 5.36322e-13 5.25158e-12 4.89268e-12 2.16613e-05 1.26081e-12 8.29352e-12 1.35742e-12 1.20285e-05 1.28823e-12 4.59339e-09 5.27951e-12 3.08919e-09 
0.996196 0.00354753 5.08359e-12 2.09254e-06 3.58969e-09 0.000218195 1.04451e-12 2.21122e-06 1.59554e-08 5.36322e-13 5.25158e-12 4.89268e-12 2.16613e-05 1.26081e-12 8.29352e-12 1.35742e-12 1.20285e-05 1.28823e-12 4.59339e-09 5.27951e-12 3.08919e-09 
0.000111209 0.000133666 4.07608e-09 8.62925e-05 0.000311135 0.00194836 0.00106311 0.000777397 0.00010051 4.30029e-10 4.21077e-09 3.923e-09 0.00155028 2.20834e-05 6.64983e-09 0.986221 0.00728216 1.03291e-09 3.95821e-05 0.00020655 0.000146311 
0.00029918 8.63647e-05 3.34295e-05 1.93524e-05 1.71526e-05 4.10797e-06 6.86866e-06 5.33077e-06 5.67578e-06 3.52684e-06 3.45342e-05 3.21741e-05 4.53863e-06 0.999243 5.45379e-05 8.92633e-06 6.09795e-05 8.47133e-06 2.61929e-05 3.47179e-05 1.12244e-05 
1.51525e-07 0.0263016 1.97875e-07 1.30678e-06 1.69919e-08 5.40595e-07 1.82837e-07 2.62729e-11 0.0839198 1.73821e-11 1.02139e-06 5.55158e-07 2.23688e-11 0.889768 2.68792e-10 4.39937e-11 1.58947e-07 2.33849e-07 1.29093e-10 5.93763e-06 2.6559e-07 
0.000342547 0.000252541 5.25966e-05 9.1521e-06 3.54817e-05 0.00131128 4.66304e-05 1.40041e-06 0.00375496 1.2986e-07 2.17504e-07 2.64645e-07 3.07012e-05 5.52112e-05 5.34857e-07 4.68102e-05 0.000254816 2.73189e-05 0.993378 6.88899e-07 0.000398491 
8.56219e-05 4.07287e-05 4.77494e-08 2.76422e-08 2.45001e-08 3.40383e-05 9.81091e-09 7.61426e-09 8.67536e-05 5.03759e-09 4.93273e-08 4.14066e-05 6.48279e-09 0.999527 7.78997e-08 1.275e-08 4.37286e-05 8.10829e-05 3.74129e-08 5.95571e-05 1.60324e-08 
0.00813717 0.0498404 1.62114e-09 1.63309e-07 0.206882 0.10069 0.0105616 0.000197233 0.246452 1.71031e-10 3.00911e-07 1.56026e-09 0.284213 0.000148421 2.64477e-09 0.0650641 0.0275287 4.10811e-10 2.84523e-07 1.80107e-06 0.000282514 
0.027818 0.00742964 5.24595e-06 6.57319e-11 1.43908e-06 7.26967e-07 1.23672e-07 1.81064e-11 0.202532 1.19792e-11 4.57581e-07 1.09282e-10 5.79649e-07 0.709487 1.85242e-10 4.55085e-08 0.0150198 1.7267e-07 0.000274337 0.0374304 2.24972e-07 
9.59264e-05 0.000326771 5.79533e-08 0.000328815 1.19239e-05 7.12156e-09 0.000110751 9.2414e-09 9.83951e-09 6.11411e-09 0.000137758 5.57769e-08 7.86814e-09 0.000274545 9.45467e-08 1.54746e-08 0.000112219 3.67294e-05 0.998426 6.01868e-08 0.000138175 
0.000172869 0.000481718 2.40903e-06 0.000227756 0.000181684 2.47476e-05 0.000294764 6.38443e-05 0.00157449 2.54155e-07 2.48864e-06 2.31856e-06 3.27067e-07 0.995703 3.93017e-06 7.04558e-05 0.00013635 4.22391e-05 1.88754e-06 0.000120244 0.000892198 
3.27932e-06 8.33169e-06 1.02039e-06 8.17463e-06 4.08545e-05 4.39671e-05 0.000938518 1.06797e-06 0.342404 1.53569e-10 1.17306e-05 3.22359e-06 7.82616e-06 0.299971 2.37474e-09 0.0994357 0.257118 8.85648e-07 1.94002e-06 1.51172e-09 4.88741e-10 
0.00378412 0.166296 2.89226e-09 0.000839008 0.0012209 0.50638 4.62695e-08 0.0215157 0.0499359 1.12971e-13 9.18255e-09 8.26337e-07 0.0107025 0.000660266 1.74695e-12 0.000105621 0.238553 6.30929e-06 6.20954e-09 1.11208e-12 4.86817e-08 
5.47621e-10 5.02286e-07 5.93722e-07 1.37917e-09 2.7196e-06 7.38138e-07 6.54724e-07 5.28403e-07 0.00353432 2.51344e-10 0.000480238 1.053e-06 3.2345e-10 0.99475 3.8867e-09 0.000135465 0.000388957 0.000702182 3.93916e-07 2.1283e-06 7.99916e-10 
1.90689e-10 1.41584e-07 8.29579e-10 4.80245e-10 4.25654e-10 1.83598e-07 2.38802e-07 1.32287e-10 7.46641e-07 8.75211e-11 8.56994e-10 2.55576e-06 1.12629e-10 0.999129 1.3534e-09 2.21514e-10 2.03022e-07 1.17746e-06 0.000866188 8.61551e-10 2.81327e-08 
0.945414 0.0124533 1.73841e-07 0.0414399 8.9197e-08 1.97096e-05 3.57185e-08 1.23382e-05 2.95153e-08 1.83403e-08 1.79585e-07 1.67312e-07 2.36018e-08 3.84084e-06 2.83608e-07 2.16781e-07 2.73112e-05 4.40527e-08 0.00062781 1.8054e-07 5.83691e-08 
4.29563e-07 0.000165318 3.15854e-07 1.07196e-06 0.000319256 0.00148441 0.988745 1.56497e-07 0.000769082 2.072e-08 0.000205656 5.66782e-07 6.42826e-05 0.00564891 3.20408e-07 6.90576e-06 0.00255813 4.48843e-06 2.53539e-05 2.03966e-07 6.59428e-08 
0.0060358 0.00224251 5.05495e-10 2.10725e-06 3.06079e-06 1.2877e-05 0.0224474 8.06077e-11 0.0700455 5.33301e-11 5.222e-10 1.80058e-06 9.74608e-07 0.546194 8.24679e-10 0.0487587 0.304252 3.07561e-07 2.8521e-06 5.24977e-10 1.69726e-10 
0.000389739 4.42588e-05 7.18416e-08 0.000299484 0.000435004 0.0018301 0.000777922 1.14561e-08 0.00104778 7.57934e-09 7.42157e-08 0.000255901 0.000138513 0.992306 1.17204e-07 0.000268581 0.00175767 4.37109e-05 0.000405344 7.46104e-08 2.41217e-08 
0.00494199 0.194278 7.08974e-08 0.000554059 0.00387806 0.000565617 0.00763165 0.00015773 0.130833 7.47973e-09 7.32403e-08 6.82349e-08 9.62553e-09 0.653397 1.15664e-07 0.000121601 0.00148867 6.40598e-05 0.000139655 0.0018908 5.741e-05 
0.155917 0.0334025 6.38009e-09 3.69345e-09 0.00764892 0.0078387 1.00476e-05 0.00400809 0.654091 6.73104e-10 2.62522e-06 4.10509e-06 3.60982e-06 0.0442016 2.58196e-08 2.27686e-06 0.0301312 3.22794e-07 4.99897e-09 6.62598e-09 0.0627376 
3.02514e-07 0.000523928 1.31607e-06 7.61873e-07 6.7527e-07 1.61724e-07 2.70408e-07 0.000105142 0.00549701 1.38846e-07 1.35956e-06 1.26664e-06 1.78678e-07 0.993779 2.14707e-06 3.51415e-07 8.28889e-05 3.33503e-07 1.03117e-06 1.36679e-06 4.41886e-07 
0.567025 3.47116e-05 5.82366e-08 0.000851099 5.0428e-06 5.89387e-06 1.19657e-08 5.2302e-06 5.02575e-06 6.144e-09 6.01611e-08 5.60496e-08 1.69648e-05 8.5946e-05 9.50089e-08 1.23021e-05 2.59548e-07 7.0937e-07 0.000829013 0.431116 6.7732e-06 
1.86647e-07 0.00507002 1.41334e-10 8.18185e-11 0.899136 0.0458305 0.00131853 1.4542e-06 0.00899082 1.49108e-11 3.06568e-05 1.36026e-10 0.00476916 3.86723e-07 2.30576e-10 3.77389e-11 0.034852 3.41448e-08 1.10739e-10 1.46781e-10 5.72503e-07 
4.0925e-09 2.83435e-06 1.78041e-08 2.13258e-06 1.78748e-06 5.1215e-06 2.39566e-05 2.8391e-09 9.71259e-06 1.87835e-09 1.83925e-08 7.07388e-06 2.41721e-09 0.995657 2.90462e-08 1.33962e-06 0.00109346 0.00313831 1.395e-08 5.76104e-05 5.97796e-09 
0.634039 0.246605 1.12785e-10 1.19716e-07 9.39131e-07 3.71483e-05 6.11475e-08 0.00967205 0.109643 1.18989e-11 1.16512e-10 3.22071e-09 1.2354e-06 2.79725e-11 5.45937e-09 7.78845e-07 5.05425e-07 2.85807e-11 8.83699e-11 1.17132e-10 3.62667e-07 
0.567025 3.47116e-05 5.82366e-08 0.000851099 5.0428e-06 5.89387e-06 1.19657e-08 5.2302e-06 5.02575e-06 6.144e-09 6.01611e-08 5.60496e-08 1.69648e-05 8.5946e-05 9.50089e-08 1.23021e-05 2.59548e-07 7.0937e-07 0.000829013 0.431116 6.7732e-06 
0.699881 0.00329624 3.86444e-06 2.23713e-06 1.98283e-06 0.00275477 7.94013e-07 6.16234e-07 0.00702111 4.07701e-07 3.99214e-06 0.0033511 5.24663e-07 0.268748 6.30455e-06 1.03188e-06 0.00353903 0.00656217 3.02789e-06 0.00482005 1.29753e-06 
0.653324 0.000501156 9.71794e-07 5.62573e-07 0.00340788 0.000570076 0.000762588 0.000369962 6.26256e-05 1.02525e-07 6.58891e-05 2.25249e-05 0.013485 0.325766 1.58541e-06 2.59488e-07 4.89911e-05 0.00141066 7.61426e-07 1.00925e-06 0.000197659 
0.996196 0.00354753 5.08359e-12 2.09254e-06 3.58969e-09 0.000218195 1.04451e-12 2.21122e-06 1.59554e-08 5.36322e-13 5.25158e-12 4.89268e-12 2.16613e-05 1.26081e-12 8.29352e-12 1.35742e-12 1.20285e-05 1.28823e-12 4.59339e-09 5.27951e-12 3.08919e-09 
0.0315465 3.69237e-06 0.00667135 8.51192e-05 0.0402156 0.00687325 0.221064 4.80841e-11 0.0846072 3.18125e-11 3.11503e-10 2.90214e-10 0.210282 0.361407 4.91938e-10 3.54248e-05 1.59113e-06 0.000178515 0.000411036 0.034363 0.00225435 
0.00172809 2.08174e-08 5.99664e-11 0.000803607 0.00190049 0.35506 3.65863e-07 9.56242e-12 0.0491887 6.3265e-12 6.19481e-11 1.20376e-07 0.00558756 0.277813 9.7831e-11 0.00203117 0.30412 3.67826e-05 0.00172926 1.67179e-07 2.01345e-11 
1.73149e-05 0.14348 1.79309e-08 1.03802e-08 9.20028e-09 2.20343e-09 1.73194e-05 2.85931e-09 0.0449012 1.89172e-09 6.8555e-05 1.72575e-08 2.43442e-09 0.811442 2.92822e-05 1.58048e-05 6.51901e-06 4.54384e-09 1.40493e-08 1.86219e-08 2.22819e-05 
0.927179 0.0223587 1.30851e-05 0.0110219 7.64709e-05 0.00199878 4.72082e-06 0.000631621 0.00272476 8.65262e-10 8.47251e-09 7.89348e-09 0.00191726 0.0135882 1.33801e-08 4.4013e-05 0.0180142 1.82888e-07 1.5303e-05 8.51757e-09 0.000412012 
1.69789e-07 0.00931577 4.13712e-05 5.29495e-07 1.97546e-06 0.000923837 0.000580025 9.90541e-08 0.0153865 1.55557e-11 0.000491267 0.000667451 2.00184e-11 0.971713 2.40549e-10 3.93711e-11 0.000328427 0.000549396 1.13947e-07 4.67193e-07 4.9507e-11 
4.29563e-07 0.000165318 3.15854e-07 1.07196e-06 0.000319256 0.00148441 0.988745 1.56497e-07 0.000769082 2.072e-08 0.000205656 5.66782e-07 6.42826e-05 0.00564891 3.20408e-07 6.90576e-06 0.00255813 4.48843e-06 2.53539e-05 2.03966e-07 6.59428e-08 
8.46957e-05 1.87813e-05 5.58269e-09 2.52114e-05 2.86446e-09 4.45985e-06 4.46217e-05 8.90233e-10 5.51659e-05 5.88978e-10 1.09634e-05 5.37304e-09 0.321287 0.223234 9.10777e-09 9.54187e-06 0.455212 3.11376e-06 4.37419e-09 5.79785e-09 1.08737e-05 
2.77227e-05 0.0348519 8.30798e-07 4.8095e-07 4.2628e-07 1.02092e-07 1.70701e-07 1.32481e-07 0.0346531 8.76497e-08 8.58253e-07 3.2926e-05 1.12795e-07 0.930114 1.35539e-06 2.48638e-05 1.98228e-05 1.36451e-05 6.50953e-07 0.000256769 2.78951e-07 
3.21436e-07 8.16663e-07 1.00017e-07 8.01268e-07 4.00451e-06 0.0193975 9.19924e-05 1.04681e-07 0.0137716 1.50526e-11 1.14982e-06 3.15973e-07 7.67111e-07 0.949157 2.32769e-10 5.72992e-06 0.0175677 8.68101e-08 1.90158e-07 1.48177e-10 4.79059e-11 
0.346448 0.649316 7.92177e-09 3.39733e-06 4.06464e-09 5.19449e-07 1.62766e-09 0.00253807 1.97113e-06 8.35753e-10 8.18356e-09 7.62428e-09 1.69896e-06 0.0016829 1.29238e-08 1.93566e-07 1.00882e-07 2.74789e-07 7.50334e-06 8.22708e-09 2.65983e-09 
0.595601 0.161178 8.4366e-07 0.000228927 9.22998e-06 2.69014e-05 0.00010118 0.0155994 0.0622556 6.67998e-09 6.54094e-08 6.13638e-06 2.92463e-05 0.0355563 1.03297e-07 0.000271961 0.128734 1.60451e-08 0.000227567 0.00016396 9.46858e-06 
0.00265959 3.37596e-06 6.9137e-07 2.28013e-05 3.28942e-05 0.000136992 0.0049789 1.10248e-07 0.0329225 7.294e-08 7.14217e-07 1.98039e-05 1.04551e-05 0.958808 1.12792e-06 2.02755e-05 0.000131538 3.44381e-06 3.08608e-05 0.00021595 2.32136e-07 
8.1038e-07 2.33531e-05 3.5255e-06 2.04092e-06 1.80892e-06 0.000419021 2.83531e-05 5.62187e-07 0.000594976 3.71943e-07 3.64201e-06 3.39311e-06 4.78647e-07 0.998745 5.75161e-06 2.98975e-05 4.36062e-05 8.55322e-05 2.76233e-06 3.66138e-06 1.18373e-06 
0.0317357 0.0210566 9.27053e-10 5.13887e-07 4.75668e-10 1.1392e-10 1.38188e-06 1.50898e-06 0.0026242 9.78047e-11 1.87127e-06 0.00646705 1.25863e-10 0.931849 1.51242e-09 2.47541e-10 0.00412146 0.00201066 7.47124e-05 5.62485e-07 5.51881e-05 
0.0344186 0.139983 0.000521031 6.59946e-07 4.44566e-05 0.00159901 0.000767443 1.32725e-07 0.149583 2.36201e-11 5.159e-07 2.80464e-07 2.80147e-07 0.615494 3.65254e-10 9.43548e-05 0.00825492 1.18119e-07 9.47628e-08 0.0459111 0.00332676 
0.000152414 0.006371 6.07609e-07 7.00538e-06 3.11762e-07 7.46656e-08 0.00199285 3.63156e-05 0.00926931 6.41031e-08 2.96516e-05 0.000779146 8.24932e-08 0.981113 9.91271e-07 1.62243e-07 0.000232177 1.34224e-05 4.76078e-07 6.31026e-07 2.04012e-07 
1.86647e-07 0.00507002 1.41334e-10 8.18185e-11 0.899136 0.0458305 0.00131853 1.4542e-06 0.00899082 1.49108e-11 3.06568e-05 1.36026e-10 0.00476916 3.86723e-07 2.30576e-10 3.77389e-11 0.034852 3.41448e-08 1.10739e-10 1.46781e-10 5.72503e-07 
5.37661e-07 0.00248279 2.33906e-06 1.35408e-06 1.20016e-06 2.87434e-07 4.80599e-07 3.72993e-07 0.00460715 2.46772e-07 2.41636e-06 0.000677617 3.17567e-07 0.0316754 3.81601e-06 6.24574e-07 0.00104661 5.92738e-07 0.00238436 0.957111 7.85368e-07 
0.00172809 2.08174e-08 5.99664e-11 0.000803607 0.00190049 0.35506 3.65863e-07 9.56242e-12 0.0491887 6.3265e-12 6.19481e-11 1.20376e-07 0.00558756 0.277813 9.7831e-11 0.00203117 0.30412 3.67826e-05 0.00172926 1.67179e-07 2.01345e-11 
0.125308 0.0192273 1.10728e-07 6.93811e-05 0.175425 0.676984 2.2751e-08 1.76571e-08 0.000143047 1.16819e-08 1.14387e-07 1.0657e-07 0.000418745 2.74624e-08 1.80645e-07 4.02212e-05 0.00236609 2.80595e-08 8.67586e-08 1.14996e-07 1.7115e-05 
0.0280087 0.619345 2.23725e-08 0.00976422 8.93949e-06 0.00214316 4.59681e-09 0.29504 0.00509802 2.36032e-09 2.81765e-06 2.91606e-06 3.03745e-09 0.000840859 7.87779e-05 5.97389e-09 7.58896e-05 2.7333e-05 0.039489 2.47163e-05 5.0403e-05 
0.00172809 2.08174e-08 5.99664e-11 0.000803607 0.00190049 0.35506 3.65863e-07 9.56242e-12 0.0491887 6.3265e-12 6.19481e-11 1.20376e-07 0.00558756 0.277813 9.7831e-11 0.00203117 0.30412 3.67826e-05 0.00172926 1.67179e-07 2.01345e-11 
1.81344e-05 4.95038e-08 1.47647e-08 4.47087e-05 5.00169e-10 0.000287654 5.19037e-09 4.39574e-05 5.67791e-13 3.52816e-13 3.45472e-12 3.21862e-12 1.01608e-06 5.23606e-05 5.45583e-12 5.08098e-07 3.99693e-05 6.41258e-06 0.999502 3.47309e-12 2.78767e-06 
0.00316216 0.0195134 1.11082e-10 6.43056e-11 5.69959e-11 4.16345e-07 6.93863e-07 5.77477e-07 7.37443e-07 1.17192e-11 1.14753e-10 1.06911e-10 0.00202018 0.97452 1.81223e-10 2.96611e-11 2.17962e-06 5.06967e-08 8.70358e-11 0.000779391 4.10306e-07 
1.90705e-06 0.681674 0.00360392 0.0920575 1.81911e-10 2.28596e-05 3.71583e-07 0.136362 4.14142e-06 3.74037e-11 5.84541e-05 3.41221e-10 0.000991693 0.0297187 5.78399e-10 9.46677e-11 0.055497 1.59929e-06 6.66969e-07 5.37607e-06 1.1904e-10 
1.47569e-08 1.39987e-05 3.21637e-05 9.66657e-05 0.000125205 2.37461e-06 0.000600193 1.02374e-08 3.38006e-05 6.77303e-09 0.000112811 7.42075e-05 8.7161e-09 0.944625 1.04736e-07 1.71424e-08 3.36619e-05 0.0542492 5.03016e-08 6.66732e-08 2.15556e-08 
1.34793e-07 0.000305693 5.8641e-07 3.39473e-07 0.00120384 7.20606e-08 0.00136163 9.35106e-08 0.0028675 6.18666e-08 0.000545816 5.64388e-07 7.96151e-08 0.970983 0.000574969 0.000219371 0.00215211 0.000460813 0.0154845 0.000609618 0.00322927 
0.0401029 1.37961e-06 2.23941e-09 9.33537e-06 1.35597e-05 5.70469e-05 2.4249e-05 3.57103e-10 3.26608e-05 2.36259e-10 2.31341e-09 7.9768e-06 4.31764e-06 0.888443 3.65344e-09 8.37207e-06 0.0712811 1.36253e-06 1.26352e-05 2.32572e-09 7.51909e-10 
0.215205 0.558964 5.38467e-11 3.1172e-11 0.00653133 0.0013702 6.14798e-05 1.28247e-06 0.207328 5.68087e-12 0.000904534 1.16538e-09 0.00963246 1.33549e-11 1.97542e-09 2.78681e-07 1.80846e-07 1.36452e-11 4.21904e-11 5.5922e-11 1.2977e-07 
7.65971e-08 0.998624 3.3323e-07 1.92908e-07 1.70979e-07 4.09488e-08 0.000178085 5.31379e-08 0.000396096 3.5156e-08 3.44242e-07 3.20716e-07 2.2666e-05 0.00019017 5.43642e-07 8.89789e-08 0.000239948 8.44435e-08 2.61095e-07 0.000346419 1.11886e-07 
0.000205755 0.378908 5.7974e-09 9.73608e-06 2.97463e-09 7.1241e-10 1.19117e-09 9.70786e-06 0.0356337 6.11629e-10 1.97696e-05 8.93308e-06 7.87095e-10 0.54288 9.45804e-09 1.54802e-09 0.0423132 1.7644e-06 4.54242e-09 3.61852e-06 5.64693e-06 
0.00378412 0.166296 2.89226e-09 0.000839008 0.0012209 0.50638 4.62695e-08 0.0215157 0.0499359 1.12971e-13 9.18255e-09 8.26337e-07 0.0107025 0.000660266 1.74695e-12 0.000105621 0.238553 6.30929e-06 6.20954e-09 1.11208e-12 4.86817e-08 
9.46447e-10 7.02724e-07 2.06285e-06 2.3836e-09 4.24641e-07 5.05971e-10 8.46001e-10 6.56582e-10 3.70581e-06 4.34394e-10 4.25352e-09 1.2685e-05 5.59014e-10 0.999953 6.71734e-09 1.09944e-09 1.00766e-06 5.84409e-06 6.13289e-06 4.27614e-09 1.41028e-05 
0.993324 0.00618067 1.35885e-11 6.20095e-05 1.50835e-08 0.000363745 2.79199e-12 5.48976e-09 6.70593e-08 1.4336e-12 1.40376e-11 1.30782e-11 3.6135e-05 3.37017e-12 2.21687e-11 3.62839e-12 3.3007e-05 3.44345e-12 1.92999e-08 1.41122e-11 1.29813e-08 
0.00234176 0.0355465 0.937725 2.36201e-06 0.001239 0.00654424 8.42366e-08 3.40105e-05 0.0151981 4.32528e-08 4.23525e-07 0.000453292 6.19637e-06 1.01681e-07 6.68848e-07 5.24014e-06 0.000365929 0.000145185 0.000384821 5.58272e-06 1.87739e-06 
1.03455e-05 4.89164e-06 2.0303e-06 1.17534e-06 1.04174e-06 4.17656e-06 0.0322857 3.23757e-07 0.00435903 2.14198e-07 2.09739e-06 6.72674e-06 2.75648e-07 0.962774 0.000521025 5.42129e-07 5.18747e-06 9.86942e-06 1.59079e-06 8.97524e-06 6.81698e-07 
8.68073e-09 1.46764e-05 3.78027e-05 5.68635e-05 1.93771e-08 3.24897e-05 7.75944e-09 7.23255e-06 0.99924 3.98423e-09 3.90129e-08 0.000152692 5.12723e-09 0.000420557 6.16108e-08 7.06885e-06 2.64013e-05 3.83755e-06 2.95899e-08 3.92204e-08 1.268e-08 
9.90588e-06 0.00433499 1.21607e-06 0.000106687 0.000552271 0.0343268 1.84471e-10 4.83942e-05 0.441604 9.472e-11 9.27483e-10 8.64097e-10 0.195353 4.80031e-07 1.46472e-09 2.39734e-10 0.323655 2.27514e-10 6.2017e-06 9.32416e-10 1.68209e-06 
0.000220046 0.00011767 1.03213e-08 0.000343157 0.00180608 0.000248079 0.943119 1.64587e-09 0.00477017 1.08891e-09 1.06624e-08 3.60673e-05 5.24747e-06 0.0229953 1.68385e-08 0.0259244 0.000392842 1.28362e-06 8.08705e-09 5.59313e-06 1.51832e-05 
0.000112691 6.23983e-05 4.80594e-08 0.000114096 6.16722e-05 3.24875e-05 7.3082e-05 7.66369e-09 8.15969e-09 5.0703e-09 0.000173816 4.67171e-06 6.52488e-09 0.999334 7.84055e-08 1.28328e-08 1.54569e-05 1.58445e-05 3.76558e-08 4.99116e-08 1.61365e-08 
0.00043814 0.000468032 2.2561e-05 1.30606e-05 0.00025728 2.77239e-06 0.000358844 0.000120686 3.83048e-06 2.3802e-06 2.33065e-05 2.17137e-05 3.06303e-06 0.99791 3.68066e-05 6.02421e-06 6.4062e-05 5.71714e-06 1.76771e-05 2.34305e-05 0.000200517 
0.00163833 0.00171782 7.74639e-07 4.4844e-07 3.97465e-07 9.5191e-08 0.573829 1.23526e-07 0.00280153 8.17249e-08 8.00238e-07 7.45548e-07 8.42416e-05 1.92123e-07 1.26377e-06 0.000475947 0.419446 1.963e-07 6.0695e-07 8.04494e-07 2.60095e-07 
0.010199 0.0136947 6.71068e-05 4.72695e-08 1.8428e-05 0.000129832 0.139284 5.67211e-05 0.0174502 8.61453e-09 8.43521e-08 4.6231e-05 7.41697e-06 0.809165 1.33212e-07 3.85517e-05 0.00915883 1.80758e-06 2.56473e-06 0.000409273 0.000269855 
0.971625 0.0255696 1.83609e-11 1.06291e-11 1.04581e-07 4.97735e-07 3.77255e-12 3.80654e-08 0.00237256 1.93709e-12 1.89676e-11 1.76714e-11 2.58007e-07 4.5538e-12 2.99545e-11 4.90271e-12 6.80369e-09 4.65281e-12 1.33806e-07 1.90685e-11 0.000432156 
0.346448 0.649316 7.92177e-09 3.39733e-06 4.06464e-09 5.19449e-07 1.62766e-09 0.00253807 1.97113e-06 8.35753e-10 8.18356e-09 7.62428e-09 1.69896e-06 0.0016829 1.29238e-08 1.93566e-07 1.00882e-07 2.74789e-07 7.50334e-06 8.22708e-09 2.65983e-09 
1.46567e-07 1.73795e-07 2.83638e-09 1.35145e-05 1.45534e-09 4.81186e-08 0.000540404 4.52297e-10 0.000246958 2.9924e-10 7.52488e-05 0.000947468 3.85086e-10 0.993118 4.62735e-09 7.57367e-10 4.10456e-05 0.00315983 0.00185635 5.4124e-07 1.19113e-08 
0.00172809 2.08174e-08 5.99664e-11 0.000803607 0.00190049 0.35506 3.65863e-07 9.56242e-12 0.0491887 6.3265e-12 6.19481e-11 1.20376e-07 0.00558756 0.277813 9.7831e-11 0.00203117 0.30412 3.67826e-05 0.00172926 1.67179e-07 2.01345e-11 
3.91322e-08 3.22817e-05 1.70242e-07 9.85534e-08 8.73507e-08 2.09201e-08 3.49791e-08 5.45661e-06 2.89043e-08 1.79607e-08 1.75868e-07 1.63849e-07 2.31133e-08 0.999763 2.77738e-07 4.54579e-08 2.61927e-05 5.18122e-05 1.33389e-07 1.76803e-07 0.000120095 
6.13039e-05 0.128035 0.0157002 1.74889e-05 4.5664e-06 4.14463e-06 4.25174e-06 1.84809e-06 0.285548 3.12658e-10 3.0615e-09 2.85227e-09 9.55109e-06 0.550292 4.83485e-09 0.0168366 1.06016e-05 0.00344268 1.37819e-05 3.07778e-09 1.73684e-05 
4.18136e-08 2.48438e-05 9.99686e-06 1.05306e-07 9.3336e-08 7.6301e-06 3.07525e-05 7.01186e-06 0.0036811 1.91913e-08 2.35864e-05 5.46733e-05 2.4697e-08 0.996107 2.96769e-07 4.85727e-08 6.82083e-06 1.30561e-05 1.42529e-07 3.31209e-05 6.10775e-08 
3.51204e-07 0.829684 1.59302e-07 0.0162011 0.000401802 1.86515e-05 1.10248e-07 0.121506 2.81633e-06 2.70357e-11 5.30564e-07 4.78667e-08 7.19181e-05 0.0179429 4.18072e-10 5.29148e-08 0.011202 4.39487e-08 0.00296795 2.3474e-08 8.60429e-11 
0.0632993 0.155118 0.0130196 2.56401e-06 0.00352547 0.0049956 4.41708e-09 3.08041e-05 0.572375 2.26803e-09 2.22082e-08 2.06904e-08 2.15371e-06 0.151478 3.50721e-08 0.0159707 0.00953976 5.44772e-09 7.43107e-07 3.23144e-05 0.01061 
1.90689e-10 1.41584e-07 8.29579e-10 4.80245e-10 4.25654e-10 1.83598e-07 2.38802e-07 1.32287e-10 7.46641e-07 8.75211e-11 8.56994e-10 2.55576e-06 1.12629e-10 0.999129 1.3534e-09 2.21514e-10 2.03022e-07 1.17746e-06 0.000866188 8.61551e-10 2.81327e-08 
7.5049e-05 5.44211e-07 7.2271e-08 5.36715e-07 0.000918349 2.8697e-06 0.257043 7.05957e-08 0.0165541 6.10024e-10 0.00037257 0.000110701 0.00109331 0.684217 9.43322e-09 3.81606e-06 0.0395144 5.31222e-05 3.9974e-05 6.00503e-09 3.38796e-08 
1.03455e-05 4.89164e-06 2.0303e-06 1.17534e-06 1.04174e-06 4.17656e-06 0.0322857 3.23757e-07 0.00435903 2.14198e-07 2.09739e-06 6.72674e-06 2.75648e-07 0.962774 0.000521025 5.42129e-07 5.18747e-06 9.86942e-06 1.59079e-06 8.97524e-06 6.81698e-07 
0.0200526 0.129119 1.56899e-07 1.29428e-10 0.0107209 0.0517065 0.0516513 3.5652e-11 0.0450603 2.35874e-11 0.0332008 2.15179e-10 0.21258 0.00431395 3.64748e-10 0.0568559 0.380962 3.71565e-08 1.75177e-10 2.32192e-10 0.00377659 
0.00436309 0.00455929 2.51761e-06 1.45745e-06 1.29178e-06 7.04134e-05 5.17286e-07 4.08329e-05 4.27449e-07 2.6561e-07 2.60081e-06 9.116e-05 0.0114978 0.977173 4.10731e-06 0.000510581 0.000100073 2.04208e-05 1.97262e-06 2.61464e-06 0.00155514 
0.00172809 2.08174e-08 5.99664e-11 0.000803607 0.00190049 0.35506 3.65863e-07 9.56242e-12 0.0491887 6.3265e-12 6.19481e-11 1.20376e-07 0.00558756 0.277813 9.7831e-11 0.00203117 0.30412 3.67826e-05 0.00172926 1.67179e-07 2.01345e-11 
3.27932e-06 8.33169e-06 1.02039e-06 8.17463e-06 4.08545e-05 4.39671e-05 0.000938518 1.06797e-06 0.342404 1.53569e-10 1.17306e-05 3.22359e-06 7.82616e-06 0.299971 2.37474e-09 0.0994357 0.257118 8.85648e-07 1.94002e-06 1.51172e-09 4.88741e-10 
0.0319563 0.0101435 0.00463887 1.22811e-07 0.000695423 0.000722846 2.49336e-06 3.38292e-08 0.201896 2.23814e-08 9.2826e-06 2.04178e-07 0.000419584 0.725515 3.46099e-07 2.34915e-06 0.00491702 3.4742e-06 0.00187196 0.0171757 2.98722e-05 
0.00226301 0.0026025 4.27241e-05 0.000369951 0.00261339 0.00304803 0.000683487 0.00579966 0.00275035 1.6688e-09 1.63406e-08 1.52391e-05 0.00197618 0.000431544 2.58058e-08 0.000487417 0.976164 3.32737e-05 1.23937e-08 1.64275e-08 0.00071912 
0.00591342 3.90942e-06 2.53079e-09 1.47973e-07 1.36359e-05 4.66523e-06 1.11804e-05 9.2861e-07 0.0581557 2.67e-10 2.61705e-06 2.43575e-09 0.876543 0.0413232 4.1288e-09 2.23071e-06 3.04301e-06 6.41324e-10 1.98294e-09 2.62833e-09 0.0180225 
0.00077855 0.000570308 0.00157173 6.86933e-07 0.000431436 0.000217788 2.4381e-07 1.89221e-07 0.00117301 1.25189e-07 1.22583e-06 1.14205e-06 0.000173697 0.992084 1.93588e-06 1.39325e-05 0.000245792 3.00698e-07 5.9528e-05 0.00260671 6.77413e-05 
1.86647e-07 0.00507002 1.41334e-10 8.18185e-11 0.899136 0.0458305 0.00131853 1.4542e-06 0.00899082 1.49108e-11 3.06568e-05 1.36026e-10 0.00476916 3.86723e-07 2.30576e-10 3.77389e-11 0.034852 3.41448e-08 1.10739e-10 1.46781e-10 5.72503e-07 
0.816695 0.106388 1.01791e-11 0.00129091 5.22288e-12 0.00423711 2.09147e-12 0.0485812 0.00294801 1.07391e-12 5.09416e-05 9.79687e-12 0.0118761 2.52459e-12 1.66065e-11 0.000930348 0.00700224 2.57948e-12 7.97563e-12 1.05714e-11 3.41777e-12 
1.86647e-07 0.00507002 1.41334e-10 8.18185e-11 0.899136 0.0458305 0.00131853 1.4542e-06 0.00899082 1.49108e-11 3.06568e-05 1.36026e-10 0.00476916 3.86723e-07 2.30576e-10 3.77389e-11 0.034852 3.41448e-08 1.10739e-10 1.46781e-10 5.72503e-07 
3.94623e-09 0.00292796 2.68713e-05 0.002366 8.80875e-09 0.00339707 1.98155e-06 7.35529e-06 0.783815 1.81122e-09 0.00546034 1.65231e-08 2.54758e-06 0.195105 2.80081e-08 4.58414e-09 0.00688944 4.35048e-09 4.10453e-07 1.78295e-08 5.76431e-09 
0.993324 0.00618067 1.35885e-11 6.20095e-05 1.50835e-08 0.000363745 2.79199e-12 5.48976e-09 6.70593e-08 1.4336e-12 1.40376e-11 1.30782e-11 3.6135e-05 3.37017e-12 2.21687e-11 3.62839e-12 3.3007e-05 3.44345e-12 1.92999e-08 1.41122e-11 1.29813e-08 
4.29563e-07 0.000165318 3.15854e-07 1.07196e-06 0.000319256 0.00148441 0.988745 1.56497e-07 0.000769082 2.072e-08 0.000205656 5.66782e-07 6.42826e-05 0.00564891 3.20408e-07 6.90576e-06 0.00255813 4.48843e-06 2.53539e-05 2.03966e-07 6.59428e-08 
7.85377e-05 9.56507e-05 3.40287e-07 4.67289e-05 0.0277985 0.458376 0.000951624 0.000453987 7.1737e-05 1.19284e-10 1.16801e-09 1.08819e-09 0.00143558 4.79355e-06 1.84457e-09 0.322325 0.188198 2.86517e-10 1.73564e-05 4.48346e-05 0.000101902 
4.91156e-05 0.00010114 3.73522e-06 1.38839e-05 0.00122401 0.00022603 0.072364 1.98835e-05 0.000142126 5.62152e-10 5.5045e-09 5.12831e-09 0.356982 0.516894 8.69293e-09 0.000160634 0.000235214 1.35027e-09 2.4219e-05 5.53377e-09 0.0515604 
3.51204e-07 0.829684 1.59302e-07 0.0162011 0.000401802 1.86515e-05 1.10248e-07 0.121506 2.81633e-06 2.70357e-11 5.30564e-07 4.78667e-08 7.19181e-05 0.0179429 4.18072e-10 5.29148e-08 0.011202 4.39487e-08 0.00296795 2.3474e-08 8.60429e-11 
0.0014148 0.000845689 0.976427 7.38488e-07 6.54543e-07 1.5676e-07 2.62108e-07 2.03422e-07 0.000350225 1.34584e-07 1.31783e-06 1.22776e-06 1.73194e-07 0.0204986 2.08117e-06 3.81348e-05 5.38593e-05 3.23266e-07 9.99522e-07 1.32484e-06 0.000362011 
0.00859058 0.778097 0.000680119 0.0013483 0.00248626 0.000114712 0.0160508 0.0051892 4.329e-05 1.03937e-08 5.91898e-08 1.34492e-07 2.4764e-05 6.4142e-06 3.11135e-05 1.52992e-08 0.187157 3.69681e-07 4.48932e-08 5.95046e-08 0.000179231 
4.29563e-07 0.000165318 3.15854e-07 1.07196e-06 0.000319256 0.00148441 0.988745 1.56497e-07 0.000769082 2.072e-08 0.000205656 5.66782e-07 6.42826e-05 0.00564891 3.20408e-07 6.90576e-06 0.00255813 4.48843e-06 2.53539e-05 2.03966e-07 6.59428e-08 
1.67789e-05 0.00195689 3.34834e-07 1.93836e-07 1.71802e-07 5.14653e-06 6.87973e-08 5.33936e-08 0.000125709 3.53252e-08 3.45899e-07 1.98116e-05 4.54594e-08 0.997461 5.46258e-07 1.50384e-05 9.35113e-05 0.000303768 2.62351e-07 3.47738e-07 1.12425e-07 
0.000297794 0.979701 1.0676e-06 0.000120654 5.47784e-07 7.7753e-06 0.00169948 0.00275973 0.0127222 1.12633e-07 1.10288e-06 1.02751e-06 0.000691116 0.000920658 1.74172e-06 0.000877948 9.64269e-05 2.7054e-07 9.83165e-05 1.10875e-06 3.58461e-07 
8.33629e-06 0.00220421 3.62665e-05 0.00280255 1.86082e-05 4.45659e-06 7.45156e-06 5.78316e-06 6.15745e-06 3.82614e-06 3.7465e-05 3.49045e-05 0.000765998 0.98218 5.91662e-05 9.68385e-06 0.00137403 9.19025e-06 2.84158e-05 3.76642e-05 0.0103659 
1.80875e-05 2.68175e-05 1.26897e-08 7.34607e-09 2.01906e-05 8.11027e-06 1.95574e-05 2.02353e-09 0.273975 1.33877e-09 3.40966e-05 1.95532e-05 1.72284e-09 0.725266 2.07023e-08 3.38839e-09 8.33907e-06 0.000584935 1.89011e-05 1.31787e-08 4.26071e-09 
1.46567e-07 1.73795e-07 2.83638e-09 1.35145e-05 1.45534e-09 4.81186e-08 0.000540404 4.52297e-10 0.000246958 2.9924e-10 7.52488e-05 0.000947468 3.85086e-10 0.993118 4.62735e-09 7.57367e-10 4.10456e-05 0.00315983 0.00185635 5.4124e-07 1.19113e-08 
7.96389e-06 0.00907451 2.47606e-06 6.13512e-05 2.51256e-05 0.000825919 0.000244069 6.37856e-08 0.00780026 4.22005e-08 1.11366e-05 0.000433757 4.54478e-05 0.971298 6.52576e-07 0.000120593 0.00991594 0.00013213 3.13413e-07 4.15419e-07 1.34306e-07 
0.465264 0.0670205 2.05999e-06 1.03241e-05 0.110079 0.0883382 0.00855165 0.000153559 7.29091e-05 9.81455e-08 0.000943996 0.000120926 5.23993e-05 0.124689 1.51769e-06 1.31413e-05 0.134595 7.02518e-05 7.28902e-07 9.66137e-07 1.93341e-05 
0.993324 0.00618067 1.35885e-11 6.20095e-05 1.50835e-08 0.000363745 2.79199e-12 5.48976e-09 6.70593e-08 1.4336e-12 1.40376e-11 1.30782e-11 3.6135e-05 3.37017e-12 2.21687e-11 3.62839e-12 3.3007e-05 3.44345e-12 1.92999e-08 1.41122e-11 1.29813e-08 
9.90588e-06 0.00433499 1.21607e-06 0.000106687 0.000552271 0.0343268 1.84471e-10 4.83942e-05 0.441604 9.472e-11 9.27483e-10 8.64097e-10 0.195353 4.80031e-07 1.46472e-09 2.39734e-10 0.323655 2.27514e-10 6.2017e-06 9.32416e-10 1.68209e-06 
0.0364738 4.30662e-05 8.77317e-09 5.0788e-09 0.000213374 5.82273e-06 1.8026e-09 1.399e-09 1.65354e-05 9.25575e-10 9.06309e-09 8.4437e-09 5.00384e-06 0.958424 1.43128e-08 4.70862e-07 9.44491e-06 0.00480879 6.87401e-09 9.11129e-09 2.9457e-09 
7.23151e-07 0.000116222 3.14602e-06 3.10843e-05 1.61421e-06 7.55735e-05 6.46403e-07 5.01673e-07 0.784204 3.31907e-07 3.24998e-06 3.02787e-06 4.27125e-07 0.0704392 0.14495 8.40048e-07 7.1152e-05 7.84254e-06 2.46499e-06 8.72633e-05 1.05631e-06 
5.79676e-07 0.000573789 2.52184e-06 1.4599e-06 0.000907056 3.09895e-07 0.00481936 4.02141e-07 4.28167e-07 2.66056e-07 2.60518e-06 2.42714e-06 3.42383e-07 6.25458e-07 4.11421e-06 6.73381e-07 0.00155147 6.39057e-07 1.97593e-06 2.61904e-06 0.992126 
1.46567e-07 1.73795e-07 2.83638e-09 1.35145e-05 1.45534e-09 4.81186e-08 0.000540404 4.52297e-10 0.000246958 2.9924e-10 7.52488e-05 0.000947468 3.85086e-10 0.993118 4.62735e-09 7.57367e-10 4.10456e-05 0.00315983 0.00185635 5.4124e-07 1.19113e-08 
1.2688e-05 2.08382e-05 1.36888e-08 7.92444e-09 8.78684e-06 1.68213e-09 2.81258e-09 2.18285e-09 0.0110944 1.44417e-09 8.20842e-06 1.31747e-08 5.9089e-06 0.967912 1.2928e-05 3.65516e-09 0.0208065 5.02867e-06 8.91693e-05 1.42163e-08 2.29861e-05 
1.03865e-05 0.00770762 4.96857e-08 4.91475e-07 8.64424e-11 8.71287e-09 3.46154e-11 0.00315188 0.000382512 1.77739e-11 1.74039e-10 1.62145e-10 1.56627e-05 0.988661 2.7485e-10 1.47367e-07 3.95679e-08 4.26923e-11 1.32002e-10 6.66405e-08 6.99363e-05 
0.0117635 3.93422e-05 2.41276e-05 3.71098e-08 3.28915e-08 0.0401251 1.31712e-08 0.113969 4.55651e-05 6.763e-09 0.00217579 6.16965e-08 2.35314e-05 0.808559 1.04581e-07 1.7117e-08 0.0231314 1.62445e-08 1.23056e-05 7.60259e-05 5.57711e-05 
0.346448 0.649316 7.92177e-09 3.39733e-06 4.06464e-09 5.19449e-07 1.62766e-09 0.00253807 1.97113e-06 8.35753e-10 8.18356e-09 7.62428e-09 1.69896e-06 0.0016829 1.29238e-08 1.93566e-07 1.00882e-07 2.74789e-07 7.50334e-06 8.22708e-09 2.65983e-09 
1.31511e-08 6.34395e-05 5.72129e-08 9.93948e-05 2.93558e-08 7.03057e-09 1.17554e-08 6.66095e-05 5.34357e-05 6.036e-09 5.91036e-08 5.50643e-08 3.88459e-05 0.00202915 9.33388e-08 1.52769e-08 7.67912e-05 0.00011745 4.93555e-05 0.997405 1.92099e-08 
0.993324 0.00618067 1.35885e-11 6.20095e-05 1.50835e-08 0.000363745 2.79199e-12 5.48976e-09 6.70593e-08 1.4336e-12 1.40376e-11 1.30782e-11 3.6135e-05 3.37017e-12 2.21687e-11 3.62839e-12 3.3007e-05 3.44345e-12 1.92999e-08 1.41122e-11 1.29813e-08 
5.30095e-05 4.96317e-05 0.000256331 1.21529e-05 1.22122e-05 0.000604912 0.000225751 0.0517309 4.62845e-05 3.03132e-07 2.96822e-06 0.000407839 5.45116e-05 0.537219 4.68754e-06 2.11181e-05 0.00139919 1.89949e-05 4.2334e-05 0.00010139 0.407737 
6.99613e-09 0.000920172 3.04362e-08 1.76196e-08 1.56167e-08 0.00781353 2.91839e-05 3.86973e-07 5.16756e-09 3.21104e-09 3.1442e-08 1.38671e-05 4.13223e-09 0.991219 4.96545e-08 8.12705e-09 1.52617e-06 7.7128e-09 1.90141e-06 3.16092e-08 1.02193e-08 
1.46567e-07 1.73795e-07 2.83638e-09 1.35145e-05 1.45534e-09 4.81186e-08 0.000540404 4.52297e-10 0.000246958 2.9924e-10 7.52488e-05 0.000947468 3.85086e-10 0.993118 4.62735e-09 7.57367e-10 4.10456e-05 0.00315983 0.00185635 5.4124e-07 1.19113e-08 
0.000640686 0.122484 5.58623e-07 0.0021961 7.97224e-05 6.8646e-08 0.117928 1.38174e-05 9.48449e-08 5.89351e-08 0.00606293 0.000149682 7.58425e-08 0.682386 9.11353e-07 0.000119687 0.000749469 0.000245342 0.0660198 5.80152e-07 0.000922862 
3.27932e-06 8.33169e-06 1.02039e-06 8.17463e-06 4.08545e-05 4.39671e-05 0.000938518 1.06797e-06 0.342404 1.53569e-10 1.17306e-05 3.22359e-06 7.82616e-06 0.299971 2.37474e-09 0.0994357 0.257118 8.85648e-07 1.94002e-06 1.51172e-09 4.88741e-10 
1.74386e-08 3.95484e-05 7.58656e-08 4.39187e-08 0.000155744 9.3227e-09 0.000176158 1.20978e-08 0.000370977 8.00387e-09 7.06138e-05 7.30166e-08 1.03e-08 0.996246 7.43854e-05 2.83807e-05 0.000278424 5.96168e-05 0.00200328 7.88681e-05 0.00041778 
0.0260774 0.465922 3.62502e-09 4.20469e-07 0.376992 0.0150129 0.0115734 5.99847e-07 0.0255331 3.82442e-10 3.74481e-09 3.0637e-07 0.00012129 0.000280283 5.91396e-09 0.0132921 0.0342505 9.18612e-10 0.0230541 3.76473e-09 0.00788957 
0.996196 0.00354753 5.08359e-12 2.09254e-06 3.58969e-09 0.000218195 1.04451e-12 2.21122e-06 1.59554e-08 5.36322e-13 5.25158e-12 4.89268e-12 2.16613e-05 1.26081e-12 8.29352e-12 1.35742e-12 1.20285e-05 1.28823e-12 4.59339e-09 5.27951e-12 3.08919e-09 
3.08496e-05 6.42192e-06 1.02056e-05 7.67606e-07 6.80351e-07 2.51836e-05 2.72443e-07 2.11443e-07 2.25128e-07 1.39891e-07 1.36979e-06 1.27617e-06 2.49139e-05 0.998214 2.16323e-06 0.000182345 3.81698e-06 7.39666e-06 1.03893e-06 1.37707e-06 0.00148546 
0.00172809 2.08174e-08 5.99664e-11 0.000803607 0.00190049 0.35506 3.65863e-07 9.56242e-12 0.0491887 6.3265e-12 6.19481e-11 1.20376e-07 0.00558756 0.277813 9.7831e-11 0.00203117 0.30412 3.67826e-05 0.00172926 1.67179e-07 2.01345e-11 
0.000194903 0.00278123 3.26215e-12 3.59505e-05 1.05963e-08 1.27477e-05 6.70264e-13 0.833744 2.21756e-05 3.44159e-13 3.36995e-12 3.43799e-09 4.42892e-13 1.35308e-08 5.32197e-12 8.71057e-13 0.000223304 3.24294e-08 0.162921 3.38788e-12 6.47015e-05 
0.00022736 0.000187141 9.99559e-05 0.809045 9.21578e-05 1.9564e-05 7.50392e-05 0.00122821 9.37192e-05 1.43791e-06 1.40798e-05 1.31176e-05 5.22475e-05 0.188687 2.22354e-05 5.0014e-06 5.26569e-05 3.45381e-06 1.0679e-05 1.41547e-05 5.56955e-05 
0.000342547 0.000252541 5.25966e-05 9.1521e-06 3.54817e-05 0.00131128 4.66304e-05 1.40041e-06 0.00375496 1.2986e-07 2.17504e-07 2.64645e-07 3.07012e-05 5.52112e-05 5.34857e-07 4.68102e-05 0.000254816 2.73189e-05 0.993378 6.88899e-07 0.000398491 
