0.000153565 5.92869e-12 0.000211553 0.159971 0.00169914 0.139464 2.05379e-11 0.0496553 1.52518e-09 4.85098e-05 7.89181e-12 2.07676e-11 0.00105423 0.489901 9.45693e-08 1.7628e-07 0.0036175 0.0337591 4.95674e-11 0.0996591 0.0205165 3.68392e-11 0.000288312 3.01802e-08 
2.80558e-06 5.74113e-10 0.00434547 0.00639919 1.07927e-06 0.856494 1.53815e-06 0.0211648 0.0246801 1.71531e-06 7.64215e-10 0.00113587 0.0125322 2.2119e-05 1.54141e-05 0.000593001 5.2107e-07 0.0238965 4.79993e-09 0.0115275 0.0105721 3.56738e-09 0.0266122 1.4399e-06 
0.0396486 1.85343e-09 1.15892e-05 8.95336e-05 0.000163657 0.0322118 7.62292e-07 0.0338355 5.55037e-06 2.97877e-06 5.26513e-06 2.51457e-07 4.46187e-06 0.763734 0.0165883 4.55805e-07 0.00674215 0.00578189 1.54958e-08 0.0228714 0.00438676 1.15167e-08 0.0738509 6.37448e-05 
0.00615004 4.1984e-07 0.000978517 8.94041e-06 5.77571e-06 1.84186e-06 1.45439e-06 0.00294654 1.25112e-05 0.000552053 6.73666e-07 1.47066e-06 6.40972e-06 0.102546 0.886385 6.08937e-06 5.91874e-07 4.79499e-07 3.51012e-06 3.6329e-06 4.73844e-06 2.60877e-06 4.61551e-06 0.000376185 
0.00263171 1.81852e-09 0.00266354 0.0321693 0.00017043 0.292192 0.0276615 2.4829e-05 6.18956e-05 0.000276554 2.42068e-09 2.20202e-05 0.242497 4.75143e-09 1.04037e-08 1.11854e-05 0.242997 6.19005e-05 1.52039e-08 0.00772258 0.00449475 1.12998e-08 0.0466358 0.0977056 
0.000566091 5.35717e-12 4.00434e-07 3.64372e-06 0.00604495 0.00105425 0.000180842 1.97847e-06 0.000430978 3.06133e-06 0.000117728 1.48267e-07 0.0387382 4.82917e-07 1.37948e-07 1.78154e-07 1.21486e-07 0.864842 4.47891e-11 3.22839e-07 5.95679e-12 1.39843e-07 0.0654838 0.0225307 
3.0974e-05 2.3373e-09 0.00479879 0.0303551 0.0151778 0.0397346 0.000212648 0.0167987 0.00396836 1.68766e-06 1.70003e-07 7.78855e-07 0.0151664 0.0165448 0.498984 0.248457 0.000288389 0.0178682 1.95412e-08 1.41748e-05 0.000749782 1.50524e-05 0.0895232 0.0013091 
6.97447e-07 1.16143e-09 0.00769623 7.514e-06 1.36606e-05 0.0603138 4.02337e-09 0.00652446 4.1016e-09 0.000177403 1.546e-09 4.06836e-09 2.70254e-06 1.37143e-06 6.6445e-09 0.0199401 1.17221e-05 1.32647e-09 9.71023e-09 0.0209431 0.156331 7.21679e-09 0.694187 0.0338493 
1.44913e-07 5.96066e-11 9.0278e-05 0.169371 5.51043e-07 0.025412 2.06487e-10 0.131411 5.88737e-09 3.41337e-06 7.93437e-11 2.08795e-10 0.000148914 0.571689 3.41007e-10 1.51652e-06 2.99262e-06 0.00902991 4.98346e-10 0.0901571 0.00239086 3.70379e-10 0.000290291 2.59649e-07 
1.49945e-05 8.50184e-10 5.44655e-06 0.0116518 0.0727531 0.0102927 2.94517e-09 8.45504e-05 3.00244e-09 7.35939e-06 5.53314e-06 2.9781e-09 0.0463949 3.1428e-05 1.09138e-05 0.000171806 3.72371e-06 0.112328 7.10804e-09 0.0257376 2.34325e-05 9.23571e-06 0.061936 0.658537 
8.48066e-10 4.42497e-10 1.14444e-09 0.79274 1.47611e-06 3.46445e-06 1.53288e-09 1.56277e-06 0.000783692 5.84106e-05 5.89019e-10 1.55002e-09 0.0555521 9.94409e-06 2.53151e-09 1.09808e-09 1.40739e-06 5.05376e-10 3.69954e-09 0.148295 4.92025e-10 2.74956e-09 8.66821e-06 0.00254483 
0.00437867 5.17088e-09 0.00338068 3.77886e-05 3.07029e-05 0.102927 5.29636e-06 4.70718e-05 0.000143493 1.1638e-06 1.15967e-07 1.81131e-08 0.000724507 4.31899e-05 0.84086 0.000101235 0.035143 1.91342e-06 4.32317e-08 1.21844e-05 0.0115954 3.21304e-08 0.00051948 4.73672e-05 
0.000170456 2.11001e-09 7.20932e-05 2.12671e-05 0.0029193 0.00414503 1.4373e-05 0.0135244 7.45154e-09 0.0115066 2.77072e-06 7.39114e-09 5.00859e-05 1.42398e-06 2.35917e-07 0.00176874 1.87025e-06 0.455252 5.85318e-08 9.96875e-06 2.34618e-09 0.000338094 0.0260702 0.484131 
0.00579223 9.21186e-10 0.00254838 0.0413339 2.57697e-06 0.241313 0.00292415 0.00175579 1.51695e-06 1.924e-09 0.000863322 1.04949e-05 0.0048347 5.65363e-06 3.88948e-05 8.41146e-07 8.71825e-05 0.0416998 7.70166e-09 0.0290656 0.0533738 0.000286523 0.0223884 0.551674 
0.00030961 6.19554e-09 0.51318 0.0113425 0.00128002 0.366398 1.74011e-06 4.78158e-05 0.00276541 1.294e-08 8.24702e-09 2.17023e-08 0.0543334 1.61877e-08 1.3799e-06 1.42472e-06 0.0250992 8.3473e-05 5.17984e-08 0.000174452 7.64904e-05 3.84974e-08 9.97554e-05 0.0248047 
0.000170456 2.11001e-09 7.20932e-05 2.12671e-05 0.0029193 0.00414503 1.4373e-05 0.0135244 7.45154e-09 0.0115066 2.77072e-06 7.39114e-09 5.00859e-05 1.42398e-06 2.35917e-07 0.00176874 1.87025e-06 0.455252 5.85318e-08 9.96875e-06 2.34618e-09 0.000338094 0.0260702 0.484131 
0.00237611 1.29423e-08 0.000111925 5.14164e-05 2.83454e-05 2.64699e-05 4.48342e-08 0.00472829 3.81229e-05 4.40917e-07 4.44078e-08 9.00085e-05 5.04365e-05 3.08584e-05 0.980608 0.000299861 3.65467e-07 1.72999e-06 1.08205e-07 1.57569e-05 0.000422458 8.04199e-08 0.0111194 7.84708e-08 
3.26282e-06 1.35977e-07 1.92116e-05 7.52966e-06 0.00295549 0.000309924 4.71046e-07 0.000303701 4.80205e-07 0.993903 5.24291e-06 4.76313e-07 8.785e-06 0.00136585 7.7792e-07 1.57793e-05 9.39621e-06 0.000537308 4.83388e-05 1.60389e-06 8.19953e-06 1.09142e-05 0.000446193 3.7945e-05 
0.000212873 1.84927e-08 2.60267e-05 0.00208803 6.26661e-06 0.922828 2.25278e-06 0.000701803 0.00349948 1.12004e-07 2.4616e-08 6.47779e-08 6.51274e-06 0.0435068 4.0755e-06 4.58905e-08 2.53641e-06 0.0050714 1.35232e-05 1.78234e-05 0.0194667 1.14908e-07 5.88454e-06 0.00254 
1.44913e-07 5.96066e-11 9.0278e-05 0.169371 5.51043e-07 0.025412 2.06487e-10 0.131411 5.88737e-09 3.41337e-06 7.93437e-11 2.08795e-10 0.000148914 0.571689 3.41007e-10 1.51652e-06 2.99262e-06 0.00902991 4.98346e-10 0.0901571 0.00239086 3.70379e-10 0.000290291 2.59649e-07 
0.161813 3.87937e-11 0.0191439 0.00416436 0.000405571 0.462882 0.0130692 1.86899e-06 1.13686e-07 0.0107095 5.16392e-11 1.3589e-10 0.00414451 1.0136e-10 4.89969e-05 3.14442e-05 0.00276053 0.00111686 3.24339e-10 0.0253427 0.127168 0.00034216 0.140523 0.0263326 
0.00100489 6.97134e-10 0.000727654 8.08424e-05 0.000126045 0.0251977 1.02226e-07 0.000261487 7.0588e-05 3.48019e-07 1.33542e-08 2.44199e-09 0.000577555 4.03145e-05 0.921147 0.000594412 0.0415461 0.00491387 5.82845e-09 0.00018605 0.00263329 4.3318e-09 0.000153372 0.000738622 
0.0774233 6.02368e-13 0.0343799 0.0561803 0.0260878 0.0337802 1.5861e-08 0.0684269 0.00232946 8.5564e-09 1.92519e-09 2.11003e-12 0.0791242 1.38344e-07 0.0355854 0.000736173 0.00202368 6.87964e-13 5.03615e-12 0.366541 0.0754463 3.74295e-12 0.141935 5.09992e-08 
2.43342e-05 1.17368e-13 0.000253547 0.0679584 0.00166603 4.86422e-05 7.85673e-05 0.0190418 1.97395e-05 0.0183503 6.80753e-06 2.56649e-05 0.0945408 0.000365022 1.36032e-05 5.23058e-05 7.21322e-05 0.787949 9.81269e-13 0.00100932 1.30505e-13 7.29294e-13 0.0081242 0.000399813 
0.000170456 2.11001e-09 7.20932e-05 2.12671e-05 0.0029193 0.00414503 1.4373e-05 0.0135244 7.45154e-09 0.0115066 2.77072e-06 7.39114e-09 5.00859e-05 1.42398e-06 2.35917e-07 0.00176874 1.87025e-06 0.455252 5.85318e-08 9.96875e-06 2.34618e-09 0.000338094 0.0260702 0.484131 
0.000504656 1.81137e-08 0.000159624 1.35881e-05 1.12113e-05 1.26586e-05 6.27487e-08 0.00709309 1.87032e-05 3.52712e-07 4.92045e-08 0.000176847 2.33117e-05 1.54155e-05 0.974506 8.94584e-05 2.60236e-07 4.72505e-07 1.51441e-07 4.26352e-06 0.000631758 1.12553e-07 0.0167378 8.10843e-08 
1.44652e-05 1.75706e-08 1.06209e-05 2.22803e-05 1.80801e-05 0.0771825 6.08673e-08 0.000182052 3.07665e-05 6.5565e-07 8.52282e-08 6.15479e-08 3.64799e-05 2.51859e-05 0.90558 0.000171165 2.10586e-05 0.000355456 1.46901e-07 7.15565e-06 0.00043732 1.09179e-07 0.015872 3.23354e-05 
3.41594e-05 3.21701e-07 2.59232e-05 4.69288e-05 3.72358e-05 3.85375e-05 1.11442e-06 5.41296e-05 6.82802e-05 2.68251e-06 6.43812e-07 1.12688e-06 6.9908e-05 5.50971e-05 0.999472 1.02767e-05 1.672e-06 4.14563e-06 2.68961e-06 1.58781e-05 8.3791e-06 1.99896e-06 4.55928e-05 9.78927e-07 
0.000170456 2.11001e-09 7.20932e-05 2.12671e-05 0.0029193 0.00414503 1.4373e-05 0.0135244 7.45154e-09 0.0115066 2.77072e-06 7.39114e-09 5.00859e-05 1.42398e-06 2.35917e-07 0.00176874 1.87025e-06 0.455252 5.85318e-08 9.96875e-06 2.34618e-09 0.000338094 0.0260702 0.484131 
0.00144072 1.89798e-11 0.000547457 0.0216688 2.1102e-07 0.74084 6.57492e-11 0.00459964 4.44674e-09 2.51639e-09 2.52645e-11 6.64843e-11 0.000286392 0.14767 1.34095e-07 4.70994e-11 0.00999726 0.00839257 1.58683e-10 0.013743 0.0507478 1.17935e-10 6.54826e-05 3.35467e-11 
0.0118798 3.09455e-06 0.000665913 0.104858 0.000608057 0.325204 0.00453122 0.0107279 6.05905e-05 0.000516641 0.00242002 2.60058e-05 0.00239561 8.21592e-05 2.49078e-05 3.07485e-05 0.00188919 0.187053 0.00409296 0.00084761 0.0010309 0.00021496 0.249621 0.0912161 
0.00161055 1.48473e-07 0.000236436 0.00255305 0.00129795 0.000599643 0.000182921 0.0113003 1.7477e-05 0.000317779 8.21553e-05 7.09526e-05 0.00069173 1.39953e-05 0.797892 0.00198443 9.93408e-06 1.33428e-06 1.24132e-06 0.0130705 0.00227779 9.22571e-07 1.09095e-05 0.165776 
0.000290051 5.58431e-09 0.00044341 0.00133716 0.000844445 0.000251233 1.9345e-08 0.000728143 0.00171379 7.9323e-05 1.78476e-05 1.95613e-08 0.000944903 0.899047 0.0916134 0.000784365 3.73869e-05 6.37784e-09 4.66882e-08 0.000536981 0.000663787 3.46994e-08 0.000666713 9.87022e-09 
0.00144072 1.89798e-11 0.000547457 0.0216688 2.1102e-07 0.74084 6.57492e-11 0.00459964 4.44674e-09 2.51639e-09 2.52645e-11 6.64843e-11 0.000286392 0.14767 1.34095e-07 4.70994e-11 0.00999726 0.00839257 1.58683e-10 0.013743 0.0507478 1.17935e-10 6.54826e-05 3.35467e-11 
1.44913e-07 5.96066e-11 9.0278e-05 0.169371 5.51043e-07 0.025412 2.06487e-10 0.131411 5.88737e-09 3.41337e-06 7.93437e-11 2.08795e-10 0.000148914 0.571689 3.41007e-10 1.51652e-06 2.99262e-06 0.00902991 4.98346e-10 0.0901571 0.00239086 3.70379e-10 0.000290291 2.59649e-07 
1.44913e-07 5.96066e-11 9.0278e-05 0.169371 5.51043e-07 0.025412 2.06487e-10 0.131411 5.88737e-09 3.41337e-06 7.93437e-11 2.08795e-10 0.000148914 0.571689 3.41007e-10 1.51652e-06 2.99262e-06 0.00902991 4.98346e-10 0.0901571 0.00239086 3.70379e-10 0.000290291 2.59649e-07 
3.98834e-06 2.00078e-10 1.49553e-05 0.000136085 2.14994e-05 2.98264e-06 9.63482e-06 7.38914e-05 4.8761e-06 0.000114334 1.75804e-06 5.53742e-06 0.00015897 1.80358e-05 5.15203e-06 6.65366e-06 4.53724e-06 0.997791 1.67277e-09 1.20573e-05 2.22472e-10 1.24323e-09 4.63186e-05 0.00156802 
0.066376 9.04049e-10 0.505447 0.00137648 0.000183472 0.200864 4.23934e-05 0.00142596 1.97087e-05 1.16616e-05 4.40228e-06 1.7043e-05 4.6291e-05 7.5241e-06 5.34385e-05 2.88923e-07 0.0248925 6.61681e-05 7.55839e-09 0.0063631 0.188722 7.46894e-07 0.00407 1.03581e-05 
1.36309e-06 7.11222e-07 0.00717713 0.000130279 0.0435432 0.0136613 2.46379e-06 0.000377886 0.0039103 0.0490566 1.05821e-05 2.49134e-06 0.000118002 0.000436851 4.06888e-06 0.000452522 5.18927e-05 0.0516072 5.94624e-06 0.0601413 9.96748e-05 4.41934e-06 0.042823 0.726381 
0.0105834 1.22784e-07 0.477707 0.114677 2.62542e-05 7.84705e-06 4.25345e-07 0.0829354 0.0182802 2.71291e-06 7.15995e-07 4.30101e-07 0.0155344 0.0707164 0.166172 2.4598e-05 1.26056e-06 1.40232e-07 0.00155381 1.66834e-05 0.0368025 7.62948e-07 2.07447e-05 0.00493497 
0.00144072 1.89798e-11 0.000547457 0.0216688 2.1102e-07 0.74084 6.57492e-11 0.00459964 4.44674e-09 2.51639e-09 2.52645e-11 6.64843e-11 0.000286392 0.14767 1.34095e-07 4.70994e-11 0.00999726 0.00839257 1.58683e-10 0.013743 0.0507478 1.17935e-10 6.54826e-05 3.35467e-11 
2.80558e-06 5.74113e-10 0.00434547 0.00639919 1.07927e-06 0.856494 1.53815e-06 0.0211648 0.0246801 1.71531e-06 7.64215e-10 0.00113587 0.0125322 2.2119e-05 1.54141e-05 0.000593001 5.2107e-07 0.0238965 4.79993e-09 0.0115275 0.0105721 3.56738e-09 0.0266122 1.4399e-06 
0.0139944 7.13913e-09 4.9025e-06 0.333183 0.00878946 0.0745329 0.00337063 2.16054e-06 2.28902e-05 1.49108e-08 9.50305e-09 2.50076e-08 1.78971e-05 4.83016e-05 4.08427e-08 0.108534 0.00346587 2.29621e-05 5.96873e-08 0.296313 4.20035e-05 4.43605e-08 0.000138801 0.157517 
0.000170456 2.11001e-09 7.20932e-05 2.12671e-05 0.0029193 0.00414503 1.4373e-05 0.0135244 7.45154e-09 0.0115066 2.77072e-06 7.39114e-09 5.00859e-05 1.42398e-06 2.35917e-07 0.00176874 1.87025e-06 0.455252 5.85318e-08 9.96875e-06 2.34618e-09 0.000338094 0.0260702 0.484131 
4.23354e-05 1.38841e-08 2.36416e-05 0.0135387 5.99847e-05 5.61815e-05 4.80968e-08 0.00700419 0.00171896 0.000595417 6.38237e-08 2.83773e-05 0.0293607 6.47912e-05 0.94563 9.68934e-06 7.08628e-07 3.48894e-06 1.1608e-07 0.00114052 1.42033e-05 8.62721e-08 0.000707668 1.21697e-07 
5.90494e-06 7.07747e-07 8.78393e-06 2.15352e-05 1.38185e-05 4.31938e-06 2.45175e-06 1.20139e-05 2.93753e-05 2.72199e-06 1.22187e-06 2.47916e-06 1.53729e-05 2.1962e-05 0.99818 1.40568e-05 1.17846e-06 8.08317e-07 5.91718e-06 8.71996e-06 1.11966e-05 4.39774e-06 0.0016301 1.25094e-06 
0.00315247 1.74001e-10 0.0023975 0.000968241 3.33509e-06 0.66319 3.70908e-08 0.00247572 1.06872e-06 3.6342e-10 5.93569e-08 6.44246e-06 0.00033841 2.94358e-06 0.00278247 4.31792e-10 0.00357104 5.56718e-07 9.64118e-07 1.17377e-07 0.318075 1.08119e-09 0.00300892 2.45261e-05 
1.17301e-05 1.9562e-07 0.00290908 0.00546141 0.000832344 0.0905372 5.65862e-05 0.00183187 0.00271431 0.000115177 3.39538e-06 6.06938e-06 9.39504e-05 5.11117e-07 1.11914e-06 0.00502292 3.61763e-05 8.7997e-05 1.6355e-06 0.00370282 0.00119399 5.52342e-05 0.0829445 0.80238 
5.91359e-05 5.4567e-09 0.00152393 0.0209749 0.000514763 0.00682581 6.74629e-05 0.00186177 0.000182784 0.0038684 3.72686e-06 1.91143e-08 1.80572e-05 1.48075e-07 0.000586114 1.6598e-05 7.09054e-05 0.050076 4.56213e-08 0.000861204 0.00823575 0.000201021 0.0271958 0.876856 
0.000242429 6.17717e-10 0.000115061 2.51429e-06 6.67284e-08 0.61267 1.85331e-05 0.000171123 1.30782e-06 1.52107e-06 7.43128e-07 0.142639 9.04421e-07 4.59465e-07 3.53394e-09 0.000683384 0.00343323 1.04521e-06 5.16448e-09 0.000717877 0.188645 3.83832e-09 0.040428 0.010228 
1.97204e-05 2.26193e-07 0.000164962 0.00959072 2.15364e-05 2.26149e-05 0.000244828 3.16548e-05 3.92385e-05 0.00364679 4.15383e-07 7.92328e-07 4.09469e-05 0.0537075 0.929356 5.58625e-06 9.67338e-07 0.00306173 1.8911e-06 9.05334e-06 4.50401e-06 1.4055e-06 2.66221e-05 6.26356e-07 
7.46198e-07 6.10224e-10 0.00017151 0.0303557 1.22603e-06 0.00687496 3.55893e-07 0.121203 4.26013e-05 0.000634235 8.12283e-10 2.13755e-09 0.705332 9.53121e-05 5.06077e-07 0.000154768 2.6686e-07 5.53375e-05 5.10184e-09 0.111822 0.00344626 3.79176e-09 0.0198098 1.76501e-07 
0.0700992 2.54017e-12 0.424837 0.0015663 0.000176829 0.215468 3.42696e-05 0.00167136 1.58613e-05 1.36205e-06 2.1575e-06 5.04575e-06 3.52578e-05 3.96391e-06 1.20163e-05 2.66553e-09 0.0243056 4.87266e-05 2.12373e-11 0.00735378 0.250342 4.00142e-09 0.00401413 7.22714e-06 
0.000865297 9.40146e-11 0.000329262 0.0130066 4.12367e-07 0.83698 3.25682e-10 0.00276249 9.69788e-09 5.03577e-09 1.25145e-10 3.29323e-10 0.000400674 0.088622 2.6234e-07 2.33302e-10 0.00600427 0.00503952 7.86018e-10 0.0082492 0.0377003 5.84181e-10 3.94702e-05 1.6617e-10 
0.0774233 6.02368e-13 0.0343799 0.0561803 0.0260878 0.0337802 1.5861e-08 0.0684269 0.00232946 8.5564e-09 1.92519e-09 2.11003e-12 0.0791242 1.38344e-07 0.0355854 0.000736173 0.00202368 6.87964e-13 5.03615e-12 0.366541 0.0754463 3.74295e-12 0.141935 5.09992e-08 
2.32082e-07 1.87434e-10 2.2589e-06 0.00193316 0.0275778 0.00047345 3.03946e-07 2.19802e-07 6.61927e-10 0.0264582 0.00072221 6.56562e-10 0.0483311 4.89728e-10 1.07231e-09 4.65128e-10 2.4826e-09 0.257816 1.56706e-09 2.71004e-07 2.08413e-10 0.000190903 0.00812014 0.628374 
0.00215001 3.58299e-12 0.00109395 0.0433315 6.64871e-08 0.662193 1.2412e-11 0.00582375 1.09731e-09 7.87866e-10 4.7694e-12 1.25508e-11 0.000572104 0.175481 4.22375e-08 8.89136e-12 0.0199857 0.0163152 2.99559e-11 0.0274821 0.045441 2.22637e-11 0.000130703 6.33289e-12 
2.80558e-06 5.74113e-10 0.00434547 0.00639919 1.07927e-06 0.856494 1.53815e-06 0.0211648 0.0246801 1.71531e-06 7.64215e-10 0.00113587 0.0125322 2.2119e-05 1.54141e-05 0.000593001 5.2107e-07 0.0238965 4.79993e-09 0.0115275 0.0105721 3.56738e-09 0.0266122 1.4399e-06 
1.53895e-07 1.38421e-11 0.00207603 7.82336e-06 0.0047888 0.102246 2.66612e-06 0.128659 0.00202548 0.00684315 1.29163e-08 4.84873e-11 0.0501249 0.113717 7.91901e-11 1.29225e-05 1.39224e-06 0.0558266 1.15728e-10 0.523721 0.00919344 8.60108e-11 4.6395e-06 0.000749303 
0.00452429 2.34633e-08 0.0067023 1.9311e-05 1.48863e-05 0.0625194 1.30357e-05 0.000111703 1.14733e-05 7.66422e-06 3.98199e-05 8.21896e-08 0.0075619 0.000263633 1.34233e-07 1.73421e-05 0.185899 7.72534e-05 1.96168e-07 4.33005e-05 0.0029114 1.06023e-05 0.078605 0.650646 
0.00013422 2.25359e-09 0.712952 0.0305629 3.21656e-06 0.00179508 3.99771e-06 0.0513969 3.55232e-07 0.000609431 5.06911e-06 0.000380817 0.00242172 0.0140729 2.31647e-05 0.0026608 4.65185e-05 2.26255e-05 1.88414e-08 1.66204e-06 0.179684 1.40032e-08 0.0032208 2.07451e-06 
0.260504 1.05603e-10 0.00371747 3.49469e-07 0.0081294 0.137218 1.03069e-07 4.43875e-07 0.000528484 0.000814615 5.01179e-05 3.69915e-10 0.00578341 0.111835 6.04149e-10 2.62058e-10 4.4993e-06 0.00343982 8.82901e-10 0.00657143 0.000860148 6.56185e-10 0.235897 0.224645 
0.199077 2.64909e-09 0.00339733 1.34499e-06 0.00342934 0.00578867 9.18805e-07 0.0285605 9.3553e-09 5.5329e-09 3.52626e-09 9.50937e-07 0.0609915 6.92152e-09 7.76935e-07 4.92872e-07 0.618539 3.02552e-09 2.21479e-08 0.00767219 0.0132184 1.64607e-08 0.0593211 4.68223e-09 
5.27525e-06 1.01564e-10 0.0387174 2.43194e-05 1.53582e-05 0.0543788 3.51833e-10 1.3243e-05 3.11692e-05 1.44267e-06 3.24601e-07 3.55767e-10 1.71853e-05 2.33258e-05 0.0016662 1.42655e-05 0.485226 1.15996e-10 8.49133e-10 9.76624e-06 0.211282 6.31089e-10 0.208574 1.79513e-10 
1.75634e-05 1.08331e-08 0.0015447 0.614731 9.45815e-05 1.31257e-05 4.24171e-05 0.00952006 0.000159162 0.296881 7.74667e-06 2.43934e-05 0.0339479 0.0395947 2.27202e-05 2.92935e-05 1.99672e-05 0.00243708 9.05708e-08 5.3043e-05 9.64522e-06 6.73136e-08 0.000203758 0.000646253 
3.41594e-05 3.21701e-07 2.59232e-05 4.69288e-05 3.72358e-05 3.85375e-05 1.11442e-06 5.41296e-05 6.82802e-05 2.68251e-06 6.43812e-07 1.12688e-06 6.9908e-05 5.50971e-05 0.999472 1.02767e-05 1.672e-06 4.14563e-06 2.68961e-06 1.58781e-05 8.3791e-06 1.99896e-06 4.55928e-05 9.78927e-07 
0.000170456 2.11001e-09 7.20932e-05 2.12671e-05 0.0029193 0.00414503 1.4373e-05 0.0135244 7.45154e-09 0.0115066 2.77072e-06 7.39114e-09 5.00859e-05 1.42398e-06 2.35917e-07 0.00176874 1.87025e-06 0.455252 5.85318e-08 9.96875e-06 2.34618e-09 0.000338094 0.0260702 0.484131 
0.0049694 1.519e-11 0.000145598 0.000558389 3.40851e-05 0.311916 8.32492e-06 3.46046e-05 0.119527 5.55407e-08 0.000876005 5.32091e-11 3.16781e-05 0.00204319 0.497187 3.76949e-11 0.00187753 0.00071748 1.26998e-10 1.91249e-05 0.0581827 8.18877e-07 0.00178617 8.4793e-05 
3.98834e-06 2.00078e-10 1.49553e-05 0.000136085 2.14994e-05 2.98264e-06 9.63482e-06 7.38914e-05 4.8761e-06 0.000114334 1.75804e-06 5.53742e-06 0.00015897 1.80358e-05 5.15203e-06 6.65366e-06 4.53724e-06 0.997791 1.67277e-09 1.20573e-05 2.22472e-10 1.24323e-09 4.63186e-05 0.00156802 
4.40124e-05 2.88863e-08 2.50457e-05 0.000111108 6.13916e-05 5.71919e-05 1.00067e-07 7.66007e-05 8.31736e-05 1.03412e-06 1.0793e-07 1.01186e-07 0.0001089 6.72652e-05 0.999234 1.07878e-05 8.39558e-07 3.88831e-06 2.41507e-07 3.41376e-05 1.5118e-05 1.79492e-07 6.47881e-05 1.89724e-07 
