0.0251271 0.192054 0.0207245 0.133169 0.0371128 0.0857694 0.00265035 0.00155176 0.00165169 0.00424537 2.22918e-05 5.07652e-05 0.0472717 0.00940347 0.000126042 0.0129365 0.000247997 0.0167388 1.1258e-05 0.161606 0.0457561 7.01507e-06 0.180114 0.0216527 
0.00212064 0.314188 0.000223547 0.0821701 0.0525085 0.0647396 0.0156369 0.00429136 0.000855831 0.0114231 5.2978e-05 0.00137986 0.0742635 0.0489577 0.0025956 0.000176685 0.0373834 0.0152473 3.38263e-07 0.132137 0.0653829 1.15544e-06 0.0731873 0.00107609 
0.0125405 0.431274 4.63971e-06 0.0037526 0.00918507 0.036123 0.120073 0.000843405 3.50308e-06 0.0034625 8.15808e-07 7.19554e-07 2.66093e-06 2.00408e-06 0.00093302 0.00051283 0.000131574 0.0742001 9.92648e-09 0.0203676 0.00344124 6.74709e-06 0.23005 0.0530895 
0.00254412 0.583319 0.000100399 0.0147527 0.0230894 0.0170104 0.220901 0.00111574 3.61538e-05 0.0021766 0.00387339 0.0403213 0.0165976 2.31659e-05 0.00148643 0.00415856 0.0207235 0.0041341 1.49029e-09 0.0205812 0.000673778 1.4402e-06 0.0185083 0.00387215 
0.00310265 0.268634 0.00184802 0.00232017 0.00664769 0.198849 0.131752 0.00340161 0.0395348 0.00021451 0.00177876 0.0103028 0.00372188 0.000112264 0.00206888 0.000733065 0.0124476 0.00225761 2.28325e-08 0.0244766 0.0234238 0.000177373 0.107275 0.154921 
0.0025201 0.438488 0.055647 0.0197718 0.0848476 0.0211675 0.138941 0.02102 2.07684e-07 4.31979e-05 0.000451398 0.00331275 0.00913103 0.034369 0.000824406 0.0147463 0.000424369 0.00356351 1.82584e-05 0.0911752 0.000172745 4.77311e-06 0.051502 0.00785803 
0.000593504 0.52506 0.0135737 0.0136425 0.0629058 0.0423011 0.000946978 0.00774719 0.0177989 0.00225312 0.000100861 0.00010211 0.0490827 0.00528898 0.000201189 0.0286127 0.0302975 0.00893361 7.25685e-07 0.0936248 0.00970553 6.41826e-06 0.037315 0.0499055 
0.00067896 0.390506 0.193309 0.0315711 0.00953963 0.0689274 1.59413e-06 0.00679144 1.27227e-09 0.00085412 0.0080906 1.0501e-06 0.00867361 0.145156 7.40511e-05 0.018543 1.59098e-05 0.00188581 0.00137112 0.014041 0.00878364 2.23856e-09 0.0257656 0.0654198 
0.0708783 0.292027 0.000991637 0.00190374 0.0864176 0.0449063 0.165956 0.00378128 0.00101735 0.0107722 0.215494 0.00241801 0.00743723 0.00114426 0.00109766 7.79477e-05 0.0167656 0.0130931 3.11328e-10 0.00361936 0.00775431 1.32922e-05 0.0382296 0.0142039 
0.00129996 0.437291 0.108332 0.00115702 0.0127495 0.0547387 6.19503e-05 0.00184079 0.0140046 1.76139e-06 0.00102038 1.11424e-09 0.0583679 0.00327198 1.8198e-09 0.166483 1.71198e-06 3.63293e-10 5.89494e-05 0.0155689 0.00655297 9.47945e-08 0.0117019 0.105495 
0.000658032 0.405757 0.000281668 0.0719775 0.0353968 0.0182404 0.00120455 0.00658096 5.67946e-06 0.00110084 0.034613 0.00061269 0.106963 0.00265537 0.0930608 0.00119669 0.0199437 0.00301565 2.9832e-08 0.0678378 0.00131667 5.59248e-10 0.126264 0.00131656 
0.00156795 0.646454 0.00176206 0.0523023 0.0607206 0.0133106 0.0287818 0.00577817 0.0548071 0.00251143 0.0303428 0.00499466 0.0074242 0.00236148 0.00661626 0.000158192 0.0016872 0.0157409 7.20208e-08 0.0323311 0.00426502 0.000173255 0.0176915 0.00821752 
0.00400706 0.171296 0.00954893 0.0493709 0.0931706 0.0533357 0.002122 0.0984979 0.142709 0.006398 0.00362355 0.00911072 0.0299515 0.0115452 0.000788416 0.023586 0.00790191 0.0618891 2.86509e-05 0.10583 0.022644 6.62335e-06 0.0608356 0.0318032 
0.0104259 0.237373 0.0137397 0.0476337 0.0872851 0.0100872 0.00607515 0.0214321 7.93253e-05 0.00523484 0.057143 1.27715e-05 0.0903421 0.0457311 0.000181179 0.212574 0.000117842 0.0058615 0.000142354 0.0982173 0.025892 1.98556e-05 0.0230163 0.00138265 
0.000962581 0.287551 0.00176769 0.0851218 0.13479 0.0208266 0.0102248 0.0102671 0.00068228 0.00615554 0.0824853 0.00625365 0.0578668 0.00695563 0.00220345 0.00571347 0.00876594 0.103717 2.22076e-05 0.146872 0.00205746 0.00194346 0.0121184 0.00467573 
0.000420525 0.553838 0.00335181 0.027706 0.042678 0.00416681 0.192713 0.034638 0.000146431 0.00388415 0.0392687 6.0244e-07 0.0218915 0.0117537 5.32958e-05 0.0042926 6.25763e-05 0.00722896 2.39172e-07 0.0330953 0.00127854 2.28248e-07 0.0134527 0.00407934 
0.000163104 0.747716 0.00258466 0.00915126 0.0295087 0.000620179 0.0753297 0.0334936 0.000263636 0.000682006 0.00243691 2.32892e-07 0.0362373 0.00013537 3.49756e-08 0.00231925 1.04483e-05 0.00326338 7.92122e-11 0.0194084 0.000228618 1.08685e-08 0.035999 0.000448032 
0.0106539 0.235793 0.00203097 0.0285367 0.0642792 0.0504254 0.114819 0.0354193 0.00391736 0.001703 0.0926953 0.0337897 0.0712992 0.0033637 0.00330338 0.00165914 0.0219886 0.120489 1.85837e-07 0.0801624 0.00739011 3.30948e-06 0.0111263 0.00515135 
0.000116293 0.664294 0.00133924 0.028499 0.0109303 0.00852803 0.17603 0.00730851 0.00305298 0.00315069 2.34901e-08 0.00037329 0.00680788 0.00532093 4.56693e-05 2.52023e-06 0.00120901 0.00370685 3.99259e-10 0.0654327 0.000109232 5.3185e-06 0.0115932 0.00214379 
0.00228073 0.414938 0.00563497 0.00605874 0.100093 0.113739 0.0471648 0.0128313 0.00109168 0.000537523 0.00604834 0.0117106 0.0162136 0.0334586 0.00333973 0.000584253 0.0197189 0.0080502 2.95496e-06 0.077347 0.00340708 5.27133e-11 0.106839 0.00891029 
5.09592e-05 0.74615 0.010619 0.0144393 0.0438014 0.0357783 0.0064898 0.00213322 0.000447475 0.00142736 0.0151673 6.55429e-05 0.0328349 0.0156439 1.17364e-06 0.00274681 9.80759e-06 0.000784717 3.69692e-10 0.0250893 0.00180103 8.24032e-08 0.00318034 0.0413384 
0.0432365 0.401049 0.00379582 0.0125733 0.173957 0.00274326 0.0141402 0.00162022 2.44604e-08 0.00195954 0.0471341 0.00242516 0.0431114 0.000686225 3.70128e-05 6.31884e-05 0.00290551 0.00384676 4.04557e-06 0.0751582 0.00048557 2.17016e-08 0.0620869 0.106981 
0.00156795 0.646454 0.00176206 0.0523023 0.0607206 0.0133106 0.0287818 0.00577817 0.0548071 0.00251143 0.0303428 0.00499466 0.0074242 0.00236148 0.00661626 0.000158192 0.0016872 0.0157409 7.20208e-08 0.0323311 0.00426502 0.000173255 0.0176915 0.00821752 
0.010201 0.4074 0.0104784 0.0112298 0.0127599 0.0333645 0.186685 0.0126635 0.000486578 0.000343793 0.0176805 0.00922869 0.00526843 0.0044041 1.95075e-05 3.53586e-05 5.08837e-06 0.111474 7.47399e-10 0.0620747 0.00222887 1.94839e-05 0.046455 0.0554936 
0.000366063 0.448824 0.0232538 0.144119 0.0376031 0.0583765 0.00870525 0.00213098 0.00243468 0.00165388 4.56968e-07 0.000167192 0.0242146 0.000469571 0.13633 0.00138087 3.27706e-05 0.0378081 7.95382e-07 0.0100252 0.0178214 5.9114e-07 0.0441601 0.000120821 
0.00170946 0.454321 0.0510719 0.00529228 0.0485968 0.0395808 0.0125882 0.0524856 0.113825 0.00136434 0.0188608 0.00374085 0.023586 0.0040783 0.00165852 0.00938968 9.1895e-05 0.0401452 7.10123e-10 0.0377069 0.00678792 0.000272542 0.0301189 0.0427268 
0.00100945 0.324835 0.00607362 0.209827 0.00994447 0.0228496 1.87989e-05 0.126099 0.000781153 0.000639691 0.000230642 5.09395e-08 0.0224249 0.00975006 5.35742e-05 0.0314137 0.000250103 0.006222 5.96897e-07 0.0626489 0.01208 2.62472e-08 0.141081 0.0117676 
0.00122229 0.296476 0.00595709 0.0256888 0.1432 0.0303889 0.175924 0.020637 0.00277312 0.0169055 0.00557637 0.00775252 0.0280083 0.00187806 0.0265873 0.00176012 0.0124315 0.0369439 9.37795e-05 0.0260205 0.00831154 6.16686e-05 0.0957772 0.0296245 
5.64691e-06 0.408186 0.00191366 0.119481 0.11948 5.92528e-05 6.42813e-06 0.0051796 3.36153e-06 0.00360704 1.21186e-05 5.62089e-05 0.156062 0.000767621 0.000798984 0.00914958 8.96762e-07 0.000410745 5.2362e-08 0.105961 0.000571658 2.29833e-11 0.0682865 4.70123e-07 
0.00430283 0.384547 0.00363878 0.0153037 0.0371625 0.0832993 0.053092 0.0229461 0.00101626 0.000924874 0.000120967 0.0336396 0.112594 0.00721626 0.00024669 0.00101985 0.0457731 0.00615318 0.00141403 0.0795062 0.050395 1.33827e-05 0.0539768 0.00169797 
0.0272676 0.164459 0.000967683 0.0580878 0.135889 0.0257352 0.0787754 0.0253453 0.000197948 0.121086 0.0012814 0.0110087 0.0825479 0.000585927 0.00468446 0.000756391 0.005331 0.0249585 1.06061e-07 0.130714 0.00368405 1.67769e-06 0.0816968 0.0149387 
0.000273339 0.447633 0.000684765 0.037053 0.175921 0.00592984 0.0400753 0.0255706 0.00533147 0.00440449 0.000331657 0.00150731 0.0244531 0.0252353 3.64926e-05 0.000459262 5.06835e-05 0.0136362 0.0536254 0.073115 5.49585e-05 3.63569e-08 0.0600926 0.00452453 
0.0168484 0.643159 0.00231819 0.0404 0.0426047 0.0205263 5.98791e-05 0.0178819 0.000439411 0.00168765 2.99682e-05 0.0035264 0.0857034 0.0116026 1.24638e-05 0.00598891 0.00660952 0.00114417 3.61008e-10 0.059531 0.0116452 1.3834e-06 0.0114424 0.0168371 
0.000100543 0.945663 1.20628e-06 0.00330809 0.0192233 0.00457224 4.54674e-05 0.000650513 0.000360837 0.000323392 0.00334841 9.81589e-10 0.000709657 0.00205726 1.89936e-06 0.00894661 0.000257275 0.000819157 2.34282e-09 0.00257906 2.87336e-05 0.00325371 0.000591207 0.0031585 
0.000309467 0.283561 0.00095312 0.0191002 0.0472591 0.0250195 0.224974 0.0130063 0.000118465 0.00223073 0.208517 4.00102e-08 0.00343447 0.000210481 7.98475e-06 0.000273465 0.000271872 0.0342739 2.78676e-10 0.0140757 1.94313e-05 1.62266e-05 0.105524 0.0168438 
0.000264226 0.194486 0.0165771 0.0831367 0.00885591 0.0485406 0.000144231 0.0860389 0.00164153 0.00238028 2.04122e-08 5.93287e-06 0.182893 0.0162606 3.12645e-05 0.0501893 0.0200404 0.00144455 1.7298e-09 0.13914 0.0389517 9.5318e-08 0.108489 0.000488805 
0.00198743 0.217043 0.179618 0.1248 0.0239196 0.0234536 0.00112769 0.0844803 0.000623118 0.000409521 0.000184256 0.000735831 0.0241752 0.00758215 0.0019799 0.0262146 0.000536923 0.00509355 4.48095e-07 0.0446461 0.0560937 5.84277e-07 0.167597 0.00769775 
0.000740563 0.32299 0.00176387 0.0263644 0.169845 0.0367249 0.00543692 0.00219126 0.0537737 0.0269198 0.0167822 0.000519348 0.00540636 0.00270557 0.000149507 0.0052883 0.00586485 0.0424221 2.90766e-05 0.0469353 0.00376788 0.000515681 0.0460888 0.176775 
0.00513361 0.357575 0.0332683 0.00924865 0.011495 0.055443 0.000602713 0.0833757 0.000351714 0.00583581 0.00781464 0.00041658 0.0357383 0.0362266 0.000116907 0.0400829 0.018479 0.145029 1.25424e-06 0.0267159 0.0117952 3.10897e-06 0.0493562 0.0658952 
8.08064e-05 0.660548 8.80453e-05 0.0619901 0.048153 0.00265461 0.0201243 0.00627645 0.000398749 0.000812857 0.0093458 0.000143879 0.0264751 0.000741821 7.25534e-05 0.00552312 0.000221494 0.0519384 0.000452293 0.0786883 1.95859e-05 0.00906516 0.00863364 0.00755198 
0.00107199 0.363832 0.0619582 0.0882624 0.0933459 0.0169133 0.0454431 0.0108131 0.00107985 0.0158516 0.0060479 0.00402434 0.0230122 0.00140807 3.70485e-05 0.00102761 0.000238542 0.0116471 2.33053e-08 0.204373 0.00376033 9.99866e-05 0.0405035 0.00524931 
0.000532137 0.436905 0.000107113 0.00784966 0.0397586 0.020021 0.139289 0.0127603 6.77634e-05 0.00173736 0.0126342 0.195991 0.0497004 0.00409239 0.000293662 0.000756189 0.000486343 0.00866882 2.02536e-11 0.0188268 0.000336753 4.77673e-09 0.0242569 0.0249284 
0.00308147 0.23185 0.00258708 0.189558 0.0308223 0.0167328 0.0168794 0.167764 0.00150727 0.00313124 0.000243297 0.0942955 0.025744 0.0728063 0.00999699 0.000810409 0.00820114 0.018721 1.19032e-08 0.0550669 0.00203435 1.54221e-05 0.0468989 0.00125243 
3.36527e-05 0.702924 5.13941e-05 0.0543138 0.040949 3.02992e-06 0.0860428 0.000284938 6.92442e-07 0.0884305 2.24264e-05 1.64077e-06 0.0139986 0.00230192 2.24501e-05 0.000464297 2.80186e-08 0.0033367 3.5431e-09 0.00284711 1.41161e-08 7.5747e-06 0.00161786 0.00234514 
0.000423678 0.765322 2.3464e-05 0.0021291 0.00748516 0.0319346 0.0551609 0.00663787 1.75378e-05 4.75368e-05 0.0138548 0.00161745 0.024319 0.000281961 1.63388e-05 0.0304909 0.000151208 0.000351682 5.25925e-06 0.009096 1.61341e-05 4.88879e-07 0.0112618 0.0393556 
0.0110991 0.389915 0.0511365 0.0271938 0.00457209 0.0667632 0.000180035 0.0184534 1.59557e-05 0.00165397 1.58408e-05 1.12953e-06 0.000396496 0.00918913 9.23721e-06 0.00220412 0.00475448 0.00103763 4.65473e-09 0.222454 0.00715593 8.01563e-07 0.177601 0.00419625 
0.000809165 0.241462 0.000190355 0.0242306 0.204292 0.0222167 0.122183 0.0110511 0.0682294 0.00709903 0.109082 3.96807e-05 0.0312025 0.00360181 5.12963e-05 0.0125275 0.0265719 0.00884394 2.15908e-05 0.0659402 0.00214561 0.000425861 0.0172646 0.0205183 
0.264118 0.303134 0.00274066 0.0385631 0.0245206 0.0496926 0.023913 0.00360639 0.000517076 0.000129605 6.48359e-05 2.23757e-05 0.00586405 6.04464e-05 0.0106287 0.000256545 0.0115545 0.00156422 8.48228e-11 0.0291801 0.00666231 6.30416e-11 0.217399 0.00580791 
0.00316344 0.327686 0.00299426 0.102824 0.0260093 0.105485 0.0096971 0.0176323 0.000289101 0.00619047 0.00461658 0.0110944 0.0215693 0.0104747 0.00257793 0.00756901 0.0021376 0.0392151 2.08351e-05 0.12611 0.00390541 5.99733e-05 0.131412 0.0372655 
0.000687931 0.498241 0.00466987 0.125931 0.0511991 0.0256323 0.00476028 0.0404891 0.00460448 0.0129164 0.00499474 0.00193848 0.0452613 0.00847679 0.00527188 0.0258876 0.00415131 0.0123936 0.00640125 0.0503195 0.00807773 4.08366e-06 0.0536222 0.00406791 
0.00362654 0.172452 0.00853078 0.0660432 0.0783175 0.0782504 0.00410244 0.0787006 0.00124065 0.0266102 0.00757918 0.00965284 0.103399 0.0183523 0.000134732 0.0024897 0.0276073 0.0294518 3.61865e-07 0.163899 0.00839813 1.90828e-06 0.0620414 0.0491175 
0.00156795 0.585291 0.00412432 0.0408554 0.110163 0.0183387 0.00429466 0.00893869 0.000327195 0.000595634 0.00997993 0.00466679 0.0647953 0.0293544 0.00214495 0.00490929 0.00319122 0.00787753 0.000267993 0.0584497 0.00755868 1.29725e-06 0.0260428 0.006263 
2.92333e-10 0.490105 3.94495e-10 0.0433095 0.0626014 0.00381017 0.00143491 3.66405e-07 1.1955e-07 0.00415427 2.03038e-10 5.343e-10 0.0153845 0.366606 0.000220163 7.64976e-07 1.27633e-10 0.00138154 1.27525e-09 0.00119441 0.000125481 0.00128593 0.00838495 6.42707e-07 
0.00202205 0.356908 1.40015e-10 0.0394452 0.154227 0.0332939 0.000144969 0.0137487 0.000689081 0.134393 0.00042104 6.61797e-07 0.0460988 2.9094e-07 1.62614e-07 0.0231241 0.00150328 0.0641922 4.52613e-10 0.0578386 0.0685849 3.36389e-10 0.000812762 0.00255224 
0.264118 0.303134 0.00274066 0.0385631 0.0245206 0.0496926 0.023913 0.00360639 0.000517076 0.000129605 6.48359e-05 2.23757e-05 0.00586405 6.04464e-05 0.0106287 0.000256545 0.0115545 0.00156422 8.48228e-11 0.0291801 0.00666231 6.30416e-11 0.217399 0.00580791 
0.000110409 0.345821 0.00125682 0.17158 0.236243 0.0146134 0.00456301 0.00386091 0.000245395 0.0243565 0.00018896 0.00153855 0.00774359 0.0120299 2.68844e-05 4.1882e-06 5.69515e-05 0.0656797 2.37985e-07 0.0347097 0.000945198 2.82834e-05 0.0337647 0.0406337 
0.00286727 0.238829 4.91544e-05 0.00844404 0.132315 0.0939316 0.0284421 0.0058319 0.179713 0.000646525 0.000835845 0.000135139 0.0170495 0.00465339 0.000192236 0.000506388 0.00817116 0.0123451 3.39959e-08 0.0269794 0.0920441 5.08227e-05 0.0330325 0.112934 
0.00327713 0.399655 0.000825051 0.112124 0.0781772 0.015949 0.000695634 0.0433736 9.73392e-05 0.0161929 0.0112281 0.000419751 0.12044 0.00395333 0.000861232 0.00240465 0.00545422 0.0151838 3.12354e-07 0.103531 0.0129817 1.04389e-07 0.053059 0.000115314 
2.24367e-07 0.69216 3.02225e-07 0.16712 1.29226e-06 4.32385e-11 0.0401087 0.00306354 1.52969e-07 2.25918e-07 1.07337e-10 0.00786205 1.86813e-06 0.000306036 4.61317e-10 7.70067e-05 7.5633e-08 0.00206189 6.74167e-10 0.0432829 8.96616e-11 5.01051e-10 0.041626 0.00232758 
0.00549401 0.58606 3.45582e-05 0.0501574 0.171597 0.00503885 0.00254681 0.00813206 5.07717e-06 0.015048 0.0140195 6.33954e-05 0.00670761 0.00149354 0.000236448 0.00227556 9.13849e-05 0.0313289 0.0205407 0.0421363 0.00837672 0.00806705 0.00764793 0.0129003 
8.25697e-05 0.579711 0.0177559 0.0230118 0.0569871 0.0041925 0.00211878 0.00565988 2.28336e-05 0.005564 0.0603653 7.181e-10 0.124707 0.0185867 2.98119e-05 0.0421416 1.90347e-05 0.000544097 0.000106772 0.0434307 0.00297477 1.36863e-06 0.0112781 0.000708512 
0.0187586 0.37014 0.00203457 0.0500785 0.145274 0.022079 0.0829057 0.0356894 0.000446886 0.0080361 0.0123627 0.0018648 0.0510867 0.000951787 0.0065231 0.00222595 0.0391047 0.017777 4.35489e-06 0.0459897 0.0315471 2.27456e-09 0.0412637 0.0138561 
0.00845907 0.262299 0.00350337 0.0352467 0.0417734 0.0551201 0.157728 0.00894383 0.00146747 0.0961988 0.0084137 0.099275 0.0452872 0.00892059 0.00268042 0.000563943 0.00177563 0.0118116 0.00220866 0.0331656 0.0622602 1.92628e-06 0.0445205 0.00837516 
0.000170479 0.296963 0.014595 0.110822 0.100135 0.0104448 0.00549831 0.0740925 0.00981821 0.00928911 0.000154332 0.000662747 0.0192313 0.00545156 6.30806e-09 0.00783387 0.000224816 0.0370218 1.5018e-05 0.200381 0.0426971 1.2773e-07 0.0185035 0.0359942 
0.000517938 0.320361 0.000943014 0.040372 0.245599 0.0163122 0.0157628 0.000965301 0.00114845 0.000416595 0.000149372 7.25514e-05 0.0124994 0.00789871 0.000276751 0.0265696 2.69887e-05 0.0396119 1.53953e-09 0.19151 0.0151219 0.000128291 0.0304209 0.0333159 
0.000532137 0.436905 0.000107113 0.00784966 0.0397586 0.020021 0.139289 0.0127603 6.77634e-05 0.00173736 0.0126342 0.195991 0.0497004 0.00409239 0.000293662 0.000756189 0.000486343 0.00866882 2.02536e-11 0.0188268 0.000336753 4.77673e-09 0.0242569 0.0249284 
0.000436791 0.398214 0.00060006 0.025193 0.0696487 0.00305617 0.0648081 0.00497725 7.85e-05 0.00416006 0.077693 0.300311 0.00416919 0.000137537 0.00237365 0.00133131 0.00191496 0.00686365 7.11189e-07 0.0193111 9.74808e-05 5.1273e-07 0.0114017 0.00322187 
0.00058111 0.198518 0.000779471 0.130954 0.14306 0.0216679 0.000848083 0.0125891 0.000243935 0.00151648 0.0019373 0.019266 0.142318 0.00169492 0.00290223 0.00953399 0.000667717 0.0317219 3.7843e-10 0.102972 0.00238098 0.000214709 0.165958 0.00767542 
0.000930412 0.340659 0.000459107 0.0499716 0.212654 0.021017 0.000603538 0.0169511 0.0015754 0.012949 0.0156802 6.6367e-07 0.0148928 0.0179414 5.16299e-05 0.0107346 0.000622319 0.032438 1.09845e-06 0.0448013 0.000133002 0.000466359 0.159912 0.0445544 
0.00477191 0.647283 0.0524789 0.0193655 0.000971779 0.04061 0.000102674 0.0206629 6.74526e-06 0.00182721 7.57905e-06 8.18655e-05 0.0374779 0.0258875 0.000109876 0.0139713 0.000310541 0.000426431 0.000157312 0.0739169 0.00895999 1.58702e-05 0.0441648 0.00643175 
0.000925616 0.67412 0.00107044 0.0327621 0.0569473 0.0260208 0.00107738 0.00956717 2.43913e-05 0.00662165 0.000560803 0.00155718 0.0650263 0.00162211 0.00168087 0.0100073 0.00477435 0.00718055 1.00977e-05 0.0523922 0.0292201 5.88922e-06 0.0123313 0.00449376 
0.00258901 0.680637 8.74562e-06 0.0113391 0.0922314 0.0140759 0.0120373 0.00836847 0.000120567 0.00790455 2.69311e-06 0.000579833 0.00808749 0.000276993 0.0126392 0.000533873 2.41218e-05 0.0155514 6.32878e-07 0.0252243 5.66731e-05 0.00021047 0.0841301 0.0233698 
0.00397836 0.32754 0.00280576 0.10186 0.17931 0.0284738 0.0312919 0.0465201 1.63955e-05 0.0121584 0.000259191 0.000347438 0.0213938 0.00220874 0.00349592 0.000196379 0.0512017 0.0210986 4.75939e-06 0.10328 0.0158295 4.63402e-07 0.040556 0.00617162 
2.51381e-05 0.717667 0.00176082 0.0170834 0.0249735 0.00130928 0.000109024 0.000165015 5.88454e-05 0.000687168 4.3303e-08 0.000116798 0.0599377 0.00179786 1.09607e-05 0.00655208 1.45555e-07 0.000248285 0.158683 0.00542659 0.00068682 1.1702e-08 0.00209059 0.000610557 
0.00443124 0.236845 0.00878166 0.023668 0.133844 0.0672983 0.014451 0.0361453 0.0132655 0.00310888 0.00204145 0.0257375 0.114108 0.00776289 8.53903e-05 0.00986595 0.00179979 0.0177043 0.000535742 0.117775 0.0413974 0.000169007 0.0859476 0.0332311 
0.00200154 0.419172 0.00718598 0.0682785 0.00509231 0.00834283 0.000757283 0.0258992 0.000334367 4.87197e-05 7.75222e-05 0.0187291 0.12006 0.156804 3.07017e-10 0.0112246 1.62334e-05 0.000305137 4.03047e-08 0.118749 0.00306154 1.43616e-08 0.0335272 0.000333704 
2.03455e-06 0.407822 0.171227 0.125162 0.00340802 0.00516951 1.20181e-09 2.36722e-06 1.22518e-09 0.0134499 4.61802e-10 1.21525e-09 0.0236385 1.43174e-05 1.98476e-09 0.0500173 2.90297e-10 3.96224e-10 2.90051e-09 0.0311036 1.8306e-06 2.15571e-09 0.0632292 0.105753 
0.000570626 0.447197 0.0079467 0.0964525 0.0468216 0.0244179 0.21522 0.00260527 0.000851817 0.0165494 0.00643337 0.0135428 0.00172437 0.00732134 0.000297321 0.0153593 0.00019367 0.00433183 6.44517e-05 0.0260425 0.00540656 9.31077e-05 0.0330919 0.0274642 
0.000147797 0.36991 6.03947e-09 0.0180384 0.0239358 0.240444 0.00353954 6.63212e-06 0.00640095 0.0167937 2.28297e-06 4.83503e-05 0.162586 1.06149e-05 1.33594e-08 5.79481e-09 0.00500296 0.00156822 1.95233e-08 4.19203e-07 0.0198256 1.451e-08 0.129448 0.00229172 
0.000269935 0.55514 0.002114 0.0866755 0.0274612 0.0078676 0.000137493 0.0170371 0.000152848 0.00190552 0.00230512 0.0113125 0.120475 0.0976457 0.000335756 0.00132477 0.00049909 0.0144308 3.42501e-09 0.0278413 0.000749248 2.54552e-09 0.0225439 0.00177605 
4.2925e-08 0.853068 0.00176723 0.000197525 0.00781247 0.00237473 0.00277778 1.60129e-05 0.00021293 2.15611e-05 3.02022e-05 0.0145067 5.02679e-05 0.0096758 2.35803e-05 0.00158134 0.00351194 0.0650723 1.87253e-07 0.00225394 0.000909369 1.39169e-07 0.0213366 0.0127993 
0.000951876 0.824134 0.000140594 0.0484176 0.0563174 0.000489411 0.00835369 0.00512405 6.33822e-05 0.000364086 0.00887522 0.00772915 0.00526433 0.000221829 0.00173483 0.000180991 3.93388e-05 0.0116094 8.08167e-06 0.0108063 6.51742e-05 0.00689648 0.00119616 0.0010169 
0.00131013 0.400963 0.00954321 0.051591 0.184704 0.0497099 0.00538937 0.0413587 0.000745774 0.00375217 0.000260838 0.000278366 0.0379033 0.00116491 0.00243973 0.0196023 0.0138604 0.0120879 0.000477896 0.114365 0.0364261 1.37217e-05 0.00993209 0.00212071 
0.004455 0.436821 0.00288791 0.0145647 0.0487369 0.0943119 0.0246253 0.00068805 0.00413671 0.0509376 3.29203e-06 0.00252683 0.032334 0.00487472 0.000478544 0.00799924 0.00089079 0.0185155 1.63176e-08 0.0189028 0.0583263 6.28903e-06 0.164642 0.0083344 
0.00131329 0.314324 0.00913946 0.00559536 0.0576562 0.0395463 0.175196 0.00340417 0.0277655 0.000451762 0.000702272 0.000305336 0.0181945 0.0011955 0.000124795 0.0163662 0.0395818 0.00516245 8.84524e-09 0.0961766 0.00496122 7.20609e-07 0.148216 0.034621 
0.00365904 0.393282 0.000305111 3.16496e-05 0.0632625 0.0688855 0.372461 0.000378169 0.0068603 0.000489587 0.000903861 0.0153231 0.00137458 3.72243e-06 0.00191436 1.15274e-06 0.015764 0.00653429 2.26827e-09 0.0028287 0.000542989 6.36562e-06 0.0352107 0.00997737 
0.00220683 0.480184 0.00754011 0.0745762 0.0185801 0.0208388 0.0306001 0.0275747 0.0111716 0.112952 0.0106304 0.0177221 0.0517714 0.0305506 0.00403652 0.0098824 0.000172737 0.00904662 0.000987161 0.042405 0.000823161 7.17661e-05 0.0236583 0.0120171 
0.000193255 0.253972 1.6625e-05 0.0753526 0.0400574 0.0298759 0.000967653 0.0013087 5.5749e-05 0.0122836 1.82401e-05 0.00424603 0.248825 0.22443 4.6176e-05 0.00014403 4.84659e-05 0.0197789 9.55608e-10 0.0505504 0.000654962 0.00121825 0.035049 0.000906982 
1.07761e-06 0.736808 0.0107728 0.000886529 0.00227229 0.00242711 1.94779e-06 0.000332381 1.98566e-06 7.2524e-05 2.41346e-05 0.000314804 0.0071728 0.0184775 0.000595109 0.000448876 4.70488e-07 0.00028267 4.7009e-06 0.00395074 0.0114657 3.49378e-06 0.203473 0.000208713 
0.0046641 0.459547 0.001177 0.0122563 0.107368 0.0572789 0.124493 0.0122111 0.00227572 0.00538803 0.00822861 0.00171123 0.0130658 0.00027463 0.00611696 0.0299263 0.0284116 0.0199173 8.50055e-11 0.0630778 0.00057377 1.54559e-07 0.0195296 0.0225071 
0.00319987 0.35633 0.0015466 0.0383852 0.0186224 0.0527824 0.0349137 0.0985664 0.00155863 0.000584566 0.00310726 0.000176568 0.0168562 0.00577342 0.00290278 0.00343169 0.0240447 0.00194499 5.06941e-06 0.288127 0.0159178 3.18567e-07 0.0219452 0.00927673 
1.21732e-05 0.618878 0.00120499 0.00812516 0.0851707 0.0221345 0.00774661 0.0144572 0.0211475 0.00170793 0.0160402 4.05836e-06 0.00380138 0.00369585 6.13512e-06 0.115228 0.0171656 0.0105308 2.89365e-09 0.0330476 0.00044638 1.84898e-05 0.0181013 0.00132964 
0.0281082 0.319414 5.05007e-06 0.100628 0.0831644 0.0854156 5.58638e-06 4.64263e-06 7.76243e-08 0.0049231 4.89455e-05 0.000276032 0.00577603 0.034198 0.0155707 5.61902e-05 0.0276113 0.0552623 4.75203e-06 0.0195564 0.0452814 6.92533e-05 0.00323118 0.17139 
0.136618 0.188896 0.00224766 0.01394 0.120522 0.0844776 0.0408491 0.0271257 0.00268904 0.00542272 0.0870224 0.00739203 0.0234574 0.00866068 0.0017417 0.00071151 0.0120226 0.0139131 7.30499e-06 0.0729415 0.0101822 4.58464e-06 0.0557395 0.0834155 
0.00133041 0.315918 0.00375402 0.165498 0.0991849 0.0107697 0.000199129 0.0686306 0.000581512 0.00384351 0.00888087 0.00192363 0.0586446 0.00964409 0.000278497 0.0504102 0.00069673 0.0298588 9.19137e-06 0.0985067 0.00362097 8.78113e-07 0.0382425 0.0295717 
0.0015186 0.20905 0.00217388 0.0170612 0.128208 0.00593708 0.102651 0.0216667 0.00208019 0.0026174 0.195237 0.000825394 0.00592042 0.00123624 0.00790362 5.77163e-05 0.0499184 0.02655 1.34989e-07 0.116347 0.0100908 8.68797e-06 0.0609004 0.0320402 
0.0127445 0.199655 0.0453535 0.0320254 0.0382838 0.18987 0.0224332 0.0363458 0.0020904 0.000954107 0.00090963 0.00383858 0.0498575 0.0345456 0.00358266 0.0117324 0.00694878 0.0333801 0.00666381 0.0910541 0.0709404 0.00937058 0.0655118 0.0319084 
0.000809365 0.363255 0.00151864 0.00412332 0.327231 0.0328884 0.0055623 0.00161556 0.073031 0.00314617 0.0301417 0.000100484 0.0074953 0.000507728 0.000240044 0.000247116 0.00455732 0.0529642 2.05792e-07 0.0391659 0.00168346 0.00151524 0.013697 0.0345046 
8.08064e-05 0.660548 8.80453e-05 0.0619901 0.048153 0.00265461 0.0201243 0.00627645 0.000398749 0.000812857 0.0093458 0.000143879 0.0264751 0.000741821 7.25534e-05 0.00552312 0.000221494 0.0519384 0.000452293 0.0786883 1.95859e-05 0.00906516 0.00863364 0.00755198 
0.00398642 0.189774 0.0500181 0.00979823 0.025772 0.100903 0.000703084 0.00937866 0.00981977 0.000939536 6.96714e-05 0.00214535 0.056614 0.0993 0.00022946 0.0120223 0.00404985 0.0140795 1.83398e-05 0.0976464 0.0286504 4.12436e-06 0.182111 0.101967 
0.000779719 0.248201 0.0133225 0.0625217 0.0491777 0.122075 0.00282798 0.0173366 0.000421737 0.00267231 0.0106599 0.000257612 0.00811915 0.0144458 0.000407042 0.00246306 0.0396592 0.0905741 0.000431689 0.0444685 0.00585944 0.00162967 0.0838244 0.177864 
0.000150372 0.421445 0.00718799 0.120164 0.0785469 0.000639116 0.0349331 0.00591973 5.04986e-06 0.00335546 0.00618374 1.15023e-05 0.05265 0.0171027 0.00101426 0.0363837 0.00333014 0.00708332 1.54694e-10 0.110534 0.038192 1.14971e-10 0.051735 0.00343298 
0.000415217 0.499091 8.864e-05 0.00497623 0.237872 0.0043998 0.00348752 0.00249972 0.126046 0.00476781 0.0294107 4.49079e-06 0.00315779 0.000397838 0.000119253 0.00347782 0.00782228 0.0138851 3.22409e-10 0.0196684 0.000252784 0.000866683 0.0162775 0.0210151 
0.000300807 0.329591 0.000792903 0.107616 0.198676 0.0468181 0.00266901 0.0134274 5.9168e-05 0.00923862 5.11541e-05 0.0226688 0.0762786 0.0238483 0.000462759 8.6248e-05 0.000226709 0.0378665 1.04339e-07 0.113137 0.0023014 1.68337e-06 0.0135269 0.00035465 
0.000625379 0.289776 0.000785871 0.18435 0.0744699 0.00583881 0.00402005 0.0312057 0.00731768 0.00821071 0.0192932 0.00324185 0.0421049 0.00491165 0.00103227 0.010459 0.00190701 0.147392 0.00298422 0.0598942 0.00271994 0.0231037 0.0649359 0.00941994 
0.00138638 0.334239 0.000151132 0.108292 0.223619 0.000560909 0.00023392 0.00155937 0.00139472 0.000261195 0.000239154 5.98741e-05 0.00179935 0.00148838 9.75174e-07 0.0233836 8.00636e-05 0.0589577 0.0032695 0.230724 0.00010938 2.0608e-05 0.00461167 0.00355761 
0.000911029 0.730754 0.00451388 0.0824805 4.85004e-06 0.00137272 4.06456e-06 0.00249366 1.55252e-07 6.95108e-07 5.09607e-08 5.93346e-07 0.0101624 0.0902888 0.000390363 0.00905214 1.99569e-06 1.71644e-06 7.3698e-10 0.00698618 0.0501424 5.47735e-10 0.010257 0.000180474 
0.003027 0.602081 0.0191706 0.00324163 0.0262636 0.0463786 0.000276772 0.00758185 0.00440199 0.000257497 0.00012778 0.000145864 0.0265504 0.00317405 8.50117e-06 0.0132727 0.00485095 0.0240569 3.95614e-05 0.0557578 0.00331723 3.13942e-06 0.0292245 0.12679 
0.000453823 0.304171 0.000320158 0.0997281 0.0471281 0.0402567 0.0617528 0.0743062 0.00692485 0.000854848 0.000368735 5.75345e-05 0.0375408 0.000625038 0.00234016 0.0201884 0.00368096 0.015638 6.29828e-07 0.154725 0.00384948 6.58269e-05 0.0428276 0.0821955 
8.02545e-05 0.300047 0.00347347 0.0100244 0.0223538 0.0403254 0.00125042 0.00379784 0.000797518 0.00163248 0.000540598 8.70928e-05 0.0033072 5.34058e-05 0.0483162 0.0383761 6.9613e-11 0.000809852 6.9554e-10 0.117406 0.000300509 6.01977e-07 0.180203 0.226816 
0.00229342 0.367488 0.00253343 0.115147 0.0099212 0.0329827 1.2611e-05 0.0366337 0.000103491 0.00658118 0.000285641 0.00138265 0.00320277 0.192237 1.49277e-07 0.0691273 0.000125685 0.0090619 1.94217e-05 0.0543019 0.0764487 2.08661e-07 0.0186053 0.00150601 
0.00156795 0.646454 0.00176206 0.0523023 0.0607206 0.0133106 0.0287818 0.00577817 0.0548071 0.00251143 0.0303428 0.00499466 0.0074242 0.00236148 0.00661626 0.000158192 0.0016872 0.0157409 7.20208e-08 0.0323311 0.00426502 0.000173255 0.0176915 0.00821752 
0.00427754 0.246442 0.00690784 0.0498619 0.0526512 0.0251231 0.00309991 0.0554207 0.00011323 0.0321258 0.0297662 0.00389009 0.106031 0.0241889 0.00830278 0.0849214 0.00148026 0.00747638 0.000370077 0.0871347 0.0823751 1.46443e-05 0.0820986 0.00592636 
0.000215257 0.502093 0.00130634 0.0244511 0.037531 0.00481842 6.83194e-05 0.071374 0.000132406 0.00106276 5.64836e-07 0.00193762 0.201874 0.00427317 0.00104575 0.00250294 0.00130631 0.00417609 1.79108e-07 0.107798 0.0159155 4.40682e-07 0.0160944 2.25431e-05 
0.00666009 0.230043 0.01398 0.0421853 0.131639 0.0204336 0.097687 0.0406944 0.000427545 0.0153251 0.197163 0.000223933 0.00922534 0.0126538 0.0073231 0.000177735 0.00126845 0.00967954 2.15375e-07 0.041793 0.00885293 4.1433e-05 0.0973399 0.0151818 
3.76731e-05 0.508113 8.68045e-06 0.00404352 0.0876362 0.00682056 0.0578144 0.000749591 0.0416437 0.000211161 0.00035612 0.000719981 0.00117357 0.00102484 3.08786e-06 0.000700408 2.40099e-05 0.0320681 6.63038e-10 0.0305783 1.4716e-07 4.9278e-10 0.0616369 0.164636 
0.000415217 0.499091 8.864e-05 0.00497623 0.237872 0.0043998 0.00348752 0.00249972 0.126046 0.00476781 0.0294107 4.49079e-06 0.00315779 0.000397838 0.000119253 0.00347782 0.00782228 0.0138851 3.22409e-10 0.0196684 0.000252784 0.000866683 0.0162775 0.0210151 
0.00093353 0.191953 0.00281521 0.0717409 0.101823 0.116524 0.00667122 0.00278567 6.50544e-05 0.0830702 0.000115438 0.000141711 0.0323843 0.00263336 0.000255356 0.000705025 0.0161358 0.0565894 7.7273e-06 0.109923 0.00562567 4.76529e-06 0.173196 0.0239001 
0.00854055 0.336292 0.00803534 0.0237747 0.00270459 0.174367 0.00209547 0.0372386 0.0077666 3.39621e-05 3.68936e-05 0.0256846 0.0425724 0.11152 1.38923e-06 0.0517924 0.0226139 0.0143759 4.50059e-09 0.10749 0.0153841 3.7851e-07 0.00747385 0.000204882 
0.000726173 0.285377 0.000904404 0.0796237 0.261983 0.0856661 0.000556531 0.0066404 0.000159051 0.0165548 7.82735e-06 0.000287787 0.00725515 0.00119995 3.56465e-07 9.05415e-06 0.000158871 0.00894116 7.66443e-09 0.0683161 0.0132509 3.36641e-07 0.147834 0.0145482 
0.0088192 0.225399 0.100201 0.0138239 0.0801605 0.0280168 0.211782 0.0401211 0.000106311 0.000260548 0.0359207 0.000217046 0.0215487 0.00315676 0.00022692 0.00893719 0.000338492 0.00608235 1.77276e-09 0.0299763 0.102388 1.99827e-07 0.0579755 0.0245411 
1.80672e-06 0.697121 0.00722198 0.0456193 0.0277554 6.95425e-05 2.90327e-07 0.000292847 1.96761e-05 0.000349879 4.73361e-07 1.29869e-06 0.135616 0.0676601 0.000117037 0.00399922 1.98204e-05 1.20474e-05 5.0192e-05 0.0030775 2.42501e-05 2.07112e-05 0.000594807 0.0103549 
0.000100543 0.945663 1.20628e-06 0.00330809 0.0192233 0.00457224 4.54674e-05 0.000650513 0.000360837 0.000323392 0.00334841 9.81589e-10 0.000709657 0.00205726 1.89936e-06 0.00894661 0.000257275 0.000819157 2.34282e-09 0.00257906 2.87336e-05 0.00325371 0.000591207 0.0031585 
0.000828663 0.50634 0.000265027 0.00289882 0.206152 0.00772688 0.00339915 0.00260435 0.0929332 0.00284941 0.0165032 7.56638e-06 0.00653553 0.000401764 9.90296e-05 0.00413498 0.00883972 0.0264637 3.06937e-08 0.0308819 0.012171 0.000781394 0.0421134 0.0250696 
0.00238253 0.563431 0.00634515 0.167717 0.00429011 0.0131205 0.00696588 0.00180845 2.2302e-06 0.00200383 2.57315e-06 0.000263972 0.0325959 0.0269026 9.61085e-05 0.110693 0.000186606 0.000376114 3.06792e-07 0.0117683 0.0459643 1.36346e-06 0.00273193 0.000350721 
7.19312e-05 0.721218 0.00786847 0.112536 0.00893412 0.00848011 0.00520623 0.029085 3.38319e-06 0.0197827 0.00641004 1.29621e-06 0.0149438 0.00291741 1.20053e-05 0.0150447 0.000289576 0.0219738 4.34805e-07 0.0212895 2.33822e-05 4.85332e-07 0.00387103 3.64843e-05 
0.00375111 0.582178 0.00487075 0.0278106 0.104492 0.0233761 0.00568385 0.0117053 0.0010325 0.00451915 0.00199651 0.00180149 0.0451413 0.00822911 0.00353188 0.0121299 0.00523874 0.0144477 0.000717424 0.0894021 0.00712106 0.00289472 0.0203793 0.0175495 
0.000644209 0.254443 0.00027259 0.129782 0.0287817 0.087272 0.000286486 0.0634594 0.00065061 0.0107613 1.03376e-05 0.000232385 0.227651 0.0205468 0.000610748 0.00237759 0.00121132 0.00754077 2.66752e-06 0.113171 0.00315213 2.01531e-06 0.0445425 0.00259529 
0.0010374 0.439981 0.00155288 0.0291664 0.0865312 0.0172315 0.0393457 0.0112074 0.0265502 0.0455281 0.0234262 0.159758 0.0110543 0.00332682 0.00296322 0.000252421 0.00216295 0.0262764 1.79989e-06 0.0311117 0.00279169 0.000108 0.0267164 0.0119178 
0.0168676 0.399734 0.000275916 0.00705584 0.158776 0.0668406 0.0121865 0.0118396 0.000354206 0.00541884 0.0539587 0.00707755 0.0258845 0.00130901 0.000794909 0.00215624 0.0098167 0.0220204 1.75299e-07 0.0596344 0.000624316 0.000871077 0.0789338 0.0575698 
0.00155699 0.285847 0.00914642 0.0167534 0.269194 0.0413781 0.0088173 0.0141343 0.00350175 0.00282304 0.0152818 0.00139654 0.115893 0.00879271 0.00502154 0.0203885 0.00877794 0.0200603 0.00112815 0.0395615 0.0048738 5.45613e-07 0.0949271 0.0107442 
0.00149287 0.310392 0.00140123 0.00257792 0.0236827 0.0182353 0.11785 0.00536869 0.0873866 0.000176445 0.194748 9.09378e-05 0.00670705 0.000491257 3.33586e-05 0.000607153 0.00231193 0.018268 3.88878e-08 0.0282944 0.000678091 0.000187333 0.0412844 0.137735 
0.00202406 0.688069 0.00142555 0.0290625 0.0326266 0.00799456 0.0231676 0.00177806 0.0908948 0.00061185 0.0537756 0.000512364 0.00717718 0.000372296 0.00107427 9.25641e-05 9.18377e-05 0.00214541 1.2132e-06 0.025413 0.00435874 2.1484e-05 0.0246963 0.00261327 
0.00512798 0.432707 0.0103513 0.161419 0.0655931 0.067968 0.00119579 0.0112219 0.000501051 0.0071086 1.07648e-05 0.00234483 0.0803883 0.0110585 0.0026127 0.00158269 0.0124017 0.0133109 0.00283275 0.0288214 0.0546375 1.18576e-07 0.0170352 0.00976931 
5.97238e-06 0.655982 0.0110178 0.0156696 0.00686136 0.0363362 0.0281917 0.0265414 0.0031667 0.000916079 0.000326745 0.00057681 0.0240452 0.0011951 4.34346e-05 0.0652941 0.000178506 0.00495933 0.00110156 0.0559466 0.00849477 1.99121e-07 0.0201201 0.0330288 
2.66834e-05 0.810968 1.91014e-05 3.41932e-05 0.0687084 0.000104365 0.0412893 1.8906e-05 0.000177371 0.00324662 1.10054e-05 8.00914e-06 0.00208399 1.63185e-05 0.00114763 1.09062e-05 0.00277826 5.2566e-05 0.000123312 0.0334363 0.000111956 6.44543e-08 0.012811 0.022816 
0.00031911 0.223345 0.000436856 0.0610838 0.0260692 0.00775397 0.0386741 0.0809787 0.0253469 0.00121741 0.00663961 0.0123447 0.0417459 0.00133319 0.022861 5.83212e-05 0.000117132 0.0724434 1.7855e-10 0.101835 0.000945408 0.151367 0.104711 0.0183741 
0.00108154 0.243238 0.00113 0.00696315 0.0252463 0.191572 0.00748983 0.00481334 0.128632 0.00480664 0.00383964 5.313e-06 0.0230658 0.000290465 8.88461e-08 7.34617e-05 0.00173838 0.0459041 2.09588e-10 0.0677838 0.00430405 0.000393909 0.117863 0.119765 
1.94284e-10 0.457422 2.62181e-10 0.144441 0.00545336 5.95992e-08 3.52299e-06 2.08482e-07 6.80705e-08 0.000428609 1.34938e-10 3.55095e-10 0.00359737 0.38542 3.06153e-07 1.23705e-05 8.48248e-11 0.00321534 8.47529e-10 1.13403e-07 5.0592e-06 3.85382e-07 8.49089e-08 3.657e-07 
0.000221275 0.612589 0.0108251 0.0649083 0.0175014 0.00772286 0.00303401 0.00470157 0.000273489 0.00348989 0.00535107 0.000162919 0.0225467 0.116726 0.000187369 0.0145673 6.0182e-05 0.007232 2.6145e-08 0.0708784 0.00162306 5.37785e-06 0.0262643 0.00912805 
0.000318674 0.282541 0.00260569 0.0172513 0.0412885 0.0363159 0.274553 0.000185841 0.00204764 0.00885672 0.000211808 0.00243289 0.0971989 0.0176427 0.00146053 6.09609e-07 0.00027694 0.0023683 2.11565e-05 0.0165661 0.0184909 1.06174e-09 0.0916981 0.0856667 
0.00111289 0.50632 0.000306256 0.0345099 0.00262687 0.00578811 0.227874 0.0450644 0.000360527 0.00125584 0.000317777 3.51863e-06 0.00501294 0.00418095 1.2281e-06 0.000457278 0.0010628 0.0327836 5.43068e-06 0.0446068 0.00167861 0.0357232 0.0318601 0.0170875 
3.45254e-05 0.481838 0.00030023 0.000155864 0.00171091 0.00168941 0.000235751 3.2984e-05 3.23303e-05 0.0098858 0.000379905 6.02966e-07 0.0175958 0.0298448 1.08403e-05 0.432348 2.10458e-05 1.96594e-07 6.41942e-05 0.00233818 0.000756736 1.06959e-06 0.00169557 0.0190275 
0.000386773 0.252802 0.00822467 0.0142923 0.0145737 0.0987176 0.0195593 0.0220867 0.0184009 0.0390442 0.000208008 0.0908462 0.0318479 0.211348 0.000435406 0.0369449 0.0122285 0.00552388 3.68075e-07 0.0425637 0.00235455 2.2724e-06 0.00182524 0.0757831 
0.0101291 0.435075 0.00106887 0.0439677 0.231311 0.0114555 0.0255738 0.0144019 0.00371555 0.00369981 0.0382657 0.0178689 0.0564088 0.000676749 0.00301932 0.000222158 0.0083179 0.020402 4.52717e-05 0.0397167 0.00235154 2.18932e-07 0.0316748 0.000631677 
0.000163104 0.747716 0.00258466 0.00915126 0.0295087 0.000620179 0.0753297 0.0334936 0.000263636 0.000682006 0.00243691 2.32892e-07 0.0362373 0.00013537 3.49756e-08 0.00231925 1.04483e-05 0.00326338 7.92122e-11 0.0194084 0.000228618 1.08685e-08 0.035999 0.000448032 
0.000883028 0.404746 0.0108632 0.00903931 0.123586 0.00431906 0.00420287 0.00404774 0.000312121 0.00158398 0.0186125 0.00415299 0.00682981 0.000688685 0.000353754 0.370734 0.00161604 0.00470073 3.38507e-09 0.0254485 6.18575e-05 4.32585e-08 0.00226899 0.000949753 
0.00200216 0.367439 0.0157351 0.146318 0.0506796 0.018847 0.0151613 0.0330734 8.49902e-05 0.0147884 0.000252355 0.00168078 0.0793937 0.0117947 0.00260683 0.00397786 0.000333394 0.00278734 1.8087e-11 0.0755329 0.111726 1.3839e-06 0.0432521 0.00253159 
0.000415217 0.499091 8.864e-05 0.00497623 0.237872 0.0043998 0.00348752 0.00249972 0.126046 0.00476781 0.0294107 4.49079e-06 0.00315779 0.000397838 0.000119253 0.00347782 0.00782228 0.0138851 3.22409e-10 0.0196684 0.000252784 0.000866683 0.0162775 0.0210151 
0.00174016 0.400923 0.0145227 0.215799 0.0135782 0.0483932 0.00432563 0.0102337 4.28166e-07 0.000658712 0.0031695 0.00219327 0.0373928 0.00028699 9.85028e-05 0.0284747 0.000525935 0.00780368 2.79478e-08 0.109674 0.0795343 3.34568e-05 0.0193966 0.00124058 
0.000308979 0.46153 0.0072929 0.0609321 0.0815661 0.0209737 0.0042124 0.00691457 0.000939286 0.00739693 0.0143934 0.00601183 0.124373 0.0442974 0.000718785 0.0787713 0.000572835 0.00872599 0.000178302 0.0412917 0.0059754 1.33273e-05 0.0195758 0.003034 
0.00113071 0.440933 4.91458e-05 0.035798 0.166757 0.0102788 0.0126649 0.00284862 0.0718571 0.0071165 0.00315325 7.86044e-06 0.00687169 0.00188082 7.08919e-05 0.0313958 0.0114153 0.055448 0.00123274 0.0304527 0.000231854 0.0243264 0.0165664 0.0675127 
0.0444829 0.206284 0.079437 0.034813 0.0490221 0.0256702 0.00207108 0.0201854 0.00136816 0.00010517 0.000254886 0.00715667 0.0271094 0.046467 0.00142503 0.026484 0.0334898 0.0110151 3.32399e-06 0.159017 0.0507944 3.69607e-06 0.0994094 0.0739319 
0.000100543 0.945663 1.20628e-06 0.00330809 0.0192233 0.00457224 4.54674e-05 0.000650513 0.000360837 0.000323392 0.00334841 9.81589e-10 0.000709657 0.00205726 1.89936e-06 0.00894661 0.000257275 0.000819157 2.34282e-09 0.00257906 2.87336e-05 0.00325371 0.000591207 0.0031585 
0.00102493 0.594982 0.00522088 0.00399206 0.00957037 0.113738 8.95102e-05 0.033016 0.000335164 7.61272e-05 1.33103e-05 0.000322559 0.0801758 0.0238116 1.22577e-05 0.00424783 0.00487667 0.0122715 1.39564e-07 0.00995861 0.0408794 1.14264e-05 0.0603717 0.00100227 
