0.000112281 0.533672 0.000118624 0.00421852 0.126127 0.0130384 0.0143277 0.0257155 2.91105e-06 0.0198075 0.0507469 0.000810432 0.0144948 0.00165164 2.96826e-06 0.000676848 4.6431e-05 0.1385 4.69579e-10 0.0286333 0.00195115 2.166e-05 0.0137131 0.0116099 
0.0519882 0.142328 0.0640839 0.0635416 0.109181 0.109262 0.00238235 0.0139675 0.00118306 0.0172241 5.70456e-05 0.000211338 0.0159685 0.0770707 0.00154638 0.00127676 0.0890328 0.0230551 5.065e-08 0.111835 0.0885893 3.5252e-09 0.0136844 0.00253054 
0.000733584 0.341289 0.0028799 0.0894032 0.189693 0.0263546 0.00408722 0.0411393 0.00035115 0.0116925 0.00815571 0.00104399 0.0365122 0.00801207 0.00176747 0.0197858 0.0137086 0.046427 1.5793e-06 0.119803 0.0036125 3.08718e-05 0.026893 0.00662325 
0.00067896 0.390506 0.193309 0.0315711 0.00953963 0.0689274 1.59413e-06 0.00679144 1.27227e-09 0.00085412 0.0080906 1.0501e-06 0.00867361 0.145156 7.40511e-05 0.018543 1.59098e-05 0.00188581 0.00137112 0.014041 0.00878364 2.23856e-09 0.0257656 0.0654198 
0.0277419 0.667559 0.018351 0.00296958 0.04087 0.00258409 5.947e-05 0.00343729 0.000389186 0.000132078 9.01519e-07 9.04431e-06 0.0173344 0.112498 0.000275157 0.00782366 2.9095e-05 0.00390063 0.0393233 0.00958129 0.000123091 7.60221e-07 0.0158023 0.0292043 
0.00129996 0.437291 0.108332 0.00115702 0.0127495 0.0547387 6.19503e-05 0.00184079 0.0140046 1.76139e-06 0.00102038 1.11424e-09 0.0583679 0.00327198 1.8198e-09 0.166483 1.71198e-06 3.63293e-10 5.89494e-05 0.0155689 0.00655297 9.47945e-08 0.0117019 0.105495 
0.00254412 0.583319 0.000100399 0.0147527 0.0230894 0.0170104 0.220901 0.00111574 3.61538e-05 0.0021766 0.00387339 0.0403213 0.0165976 2.31659e-05 0.00148643 0.00415856 0.0207235 0.0041341 1.49029e-09 0.0205812 0.000673778 1.4402e-06 0.0185083 0.00387215 
0.00228073 0.414938 0.00563497 0.00605874 0.100093 0.113739 0.0471648 0.0128313 0.00109168 0.000537523 0.00604834 0.0117106 0.0162136 0.0334586 0.00333973 0.000584253 0.0197189 0.0080502 2.95496e-06 0.077347 0.00340708 5.27133e-11 0.106839 0.00891029 
0.00150705 0.217957 0.0111443 0.105507 0.169498 0.0552628 0.000837167 0.0136025 0.00808166 0.0244387 0.00163521 0.00602195 0.168452 0.0262588 0.000171093 0.00618477 0.000812832 0.0271064 1.83229e-05 0.0572767 0.00792582 2.27428e-06 0.0825667 0.0077307 
0.0145851 0.272745 0.00190616 0.122056 0.0261162 0.105513 0.0603639 0.0202008 0.0129972 0.00199834 3.57845e-05 0.00457132 0.0302154 0.000818594 0.000464554 0.000251219 0.0186225 0.0482007 0.00019794 0.111363 0.0229135 0.0120217 0.102532 0.00930948 
0.000415624 0.991169 0.000885191 3.3065e-09 0.000553434 0.000496643 0.000103237 0.000142997 4.67831e-05 8.64367e-09 3.96691e-05 1.44967e-08 0.000654203 0.00051471 5.44789e-05 0.000584368 0.000629569 0.000178669 0.00231825 4.42184e-05 0.000302336 8.23147e-05 0.000279733 0.000504724 
0.000469568 0.377824 0.0363207 0.026163 0.0750359 0.0719108 0.0042709 0.0514829 0.000331564 0.00147133 0.0120066 0.000119186 0.00962189 0.00441563 0.000358158 0.0508864 0.00809054 0.0060939 7.29059e-10 0.078432 0.0160826 4.97475e-07 0.109579 0.0590326 
0.000690787 0.522319 0.035041 0.00684383 0.00169481 0.0405274 0.000860797 0.00850031 4.48486e-05 0.00745985 1.48232e-06 8.28447e-05 0.00643429 0.0112464 0.0039457 0.00150055 0.00423935 0.00153272 7.59575e-07 0.0146866 0.0750425 1.25644e-06 0.254535 0.00276833 
0.00174553 0.178243 0.0176488 0.00452796 0.131117 0.0936484 0.0206615 0.0826731 0.00193608 0.00835296 0.000223977 0.00241126 0.0498671 0.0469277 0.000146035 0.130038 0.000633382 0.052741 6.21023e-05 0.0787316 0.0494347 6.34114e-08 0.0114881 0.0367412 
0.000739683 0.284951 0.00105484 0.00792071 0.154234 0.0335956 0.0117476 0.0060068 0.191594 0.00596143 0.017886 0.00220543 0.0168898 0.00248753 0.000220506 0.00481709 0.0228731 0.031016 1.55081e-06 0.0661395 0.00301133 0.000357622 0.054789 0.0795009 
0.000366063 0.448824 0.0232538 0.144119 0.0376031 0.0583765 0.00870525 0.00213098 0.00243468 0.00165388 4.56968e-07 0.000167192 0.0242146 0.000469571 0.13633 0.00138087 3.27706e-05 0.0378081 7.95382e-07 0.0100252 0.0178214 5.9114e-07 0.0441601 0.000120821 
0.00100945 0.324835 0.00607362 0.209827 0.00994447 0.0228496 1.87989e-05 0.126099 0.000781153 0.000639691 0.000230642 5.09395e-08 0.0224249 0.00975006 5.35742e-05 0.0314137 0.000250103 0.006222 5.96897e-07 0.0626489 0.01208 2.62472e-08 0.141081 0.0117676 
0.00122229 0.296476 0.00595709 0.0256888 0.1432 0.0303889 0.175924 0.020637 0.00277312 0.0169055 0.00557637 0.00775252 0.0280083 0.00187806 0.0265873 0.00176012 0.0124315 0.0369439 9.37795e-05 0.0260205 0.00831154 6.16686e-05 0.0957772 0.0296245 
0.0863558 0.232209 0.0682921 0.0405295 0.0329017 0.0408124 0.00192674 0.150592 0.0190272 0.00103326 0.0035859 0.000108831 0.0150723 1.99678e-06 1.47803e-06 0.0715024 1.96648e-07 0.0086417 0.0822462 0.0171798 0.0064796 2.0597e-07 0.0352638 0.0862362 
2.51381e-05 0.717667 0.00176082 0.0170834 0.0249735 0.00130928 0.000109024 0.000165015 5.88454e-05 0.000687168 4.3303e-08 0.000116798 0.0599377 0.00179786 1.09607e-05 0.00655208 1.45555e-07 0.000248285 0.158683 0.00542659 0.00068682 1.1702e-08 0.00209059 0.000610557 
0.00171132 0.895005 0.00265612 0.00645841 0.0076271 0.00129814 0.0125147 0.00269893 0.000664812 0.000787968 0.0251083 0.0148835 0.00129827 0.000433143 0.0156042 2.5214e-05 0.00146496 0.00512922 1.2869e-08 0.00217766 0.000331868 9.56444e-09 0.00173652 0.000384695 
0.0168484 0.643159 0.00231819 0.0404 0.0426047 0.0205263 5.98791e-05 0.0178819 0.000439411 0.00168765 2.99682e-05 0.0035264 0.0857034 0.0116026 1.24638e-05 0.00598891 0.00660952 0.00114417 3.61008e-10 0.059531 0.0116452 1.3834e-06 0.0114424 0.0168371 
0.000528583 0.320898 0.225427 0.0391531 0.0097894 0.0376757 9.66792e-05 0.0337636 0.000772798 0.000666713 4.38214e-08 4.27683e-10 0.108119 0.0168791 0.00130345 0.0305556 2.73444e-05 0.00761526 1.02078e-09 0.0736066 0.0068058 5.3892e-07 0.0676887 0.0186268 
0.0736998 0.227378 0.0428391 0.00634977 0.15626 0.213326 3.84309e-05 0.0311493 3.61297e-06 0.00294419 2.11771e-05 0.000556793 0.000723828 1.42542e-05 3.21188e-05 1.50523e-09 0.0713711 0.0375503 5.07127e-09 0.0328261 0.0375837 4.95052e-06 0.000103483 0.0652245 
0.00145588 0.311877 0.00435386 0.0109952 0.113954 0.0167216 0.00191652 0.00357429 8.19281e-05 0.0015949 0.000952787 0.000498514 0.306178 0.00313327 0.000754317 0.062457 0.00871892 0.0112705 3.05058e-08 0.0599338 0.014633 1.11496e-05 0.056871 0.00806369 
0.00126613 0.221476 0.0137441 0.192149 0.0554918 0.0981957 0.00110067 0.053536 0.000313195 0.00183293 3.62025e-07 0.00725682 0.0414624 0.107691 3.37824e-05 0.00675264 0.00031341 0.015729 5.92652e-10 0.111411 0.0163873 3.46253e-05 0.0482286 0.00559419 
0.0108037 0.364897 0.00599504 0.160863 0.0478186 0.00431929 0.00154441 0.120657 0.000810807 0.000620226 0.00033644 0.000971572 0.0205839 0.000728381 3.85755e-06 0.00362218 0.00341697 0.019594 0.000642191 0.0827276 0.00137948 0.00052445 0.145939 0.00120032 
0.0420201 0.268272 0.0234735 0.0111734 0.0216468 0.105656 0.0622736 0.0457977 0.000832748 0.0193152 0.00122688 0.000306444 0.0639184 0.0439799 5.9816e-06 0.0870724 0.0128054 0.0823391 8.61321e-06 0.0417411 0.0410966 1.24636e-05 0.0120289 0.0129962 
0.00198743 0.217043 0.179618 0.1248 0.0239196 0.0234536 0.00112769 0.0844803 0.000623118 0.000409521 0.000184256 0.000735831 0.0241752 0.00758215 0.0019799 0.0262146 0.000536923 0.00509355 4.48095e-07 0.0446461 0.0560937 5.84277e-07 0.167597 0.00769775 
0.000740563 0.32299 0.00176387 0.0263644 0.169845 0.0367249 0.00543692 0.00219126 0.0537737 0.0269198 0.0167822 0.000519348 0.00540636 0.00270557 0.000149507 0.0052883 0.00586485 0.0424221 2.90766e-05 0.0469353 0.00376788 0.000515681 0.0460888 0.176775 
1.2884e-09 0.473636 9.04275e-06 2.5298e-05 3.11745e-06 0.0528904 4.19413e-06 0.383425 2.8966e-05 7.72376e-06 8.06256e-07 2.35482e-09 3.7939e-06 0.0711358 3.84592e-09 0.018712 5.62517e-10 1.71221e-05 5.6204e-09 3.1231e-06 5.08369e-06 4.17717e-09 2.09762e-05 7.12929e-05 
9.44248e-05 0.596772 2.83702e-05 0.00232332 0.150338 0.000546551 0.00832772 1.28696e-05 0.00185921 0.0293171 8.11478e-06 7.28948e-05 0.0439456 0.0019269 0.00161112 0.00211297 0.000710592 2.04544e-05 0.000105783 0.00518103 7.65687e-05 6.19691e-06 0.101927 0.0526754 
0.00158645 0.214926 0.0158673 0.138473 0.0718251 0.0628724 0.00158157 0.0123627 0.000539171 0.0128415 0.000160482 1.42895e-05 0.0594139 0.0969374 0.00926754 0.00411477 0.010018 0.0104387 0.00980513 0.0475881 0.0391395 0.00197057 0.0572546 0.121001 
0.000313194 0.373432 0.00446878 0.00559927 0.164488 0.00421385 0.0344284 0.000349538 0.00174938 0.00241059 0.0301657 9.82396e-06 0.0246269 0.00224445 3.79605e-06 0.0468264 0.0022269 0.0027614 4.03088e-06 0.0877415 4.32816e-05 7.19655e-08 0.0325624 0.179331 
7.56028e-07 0.873633 1.09817e-05 0.0397704 0.0042054 0.00426447 0.000179308 1.46058e-06 0.00344273 0.00581712 7.08079e-05 0.000734783 0.0337337 0.0117134 1.19005e-06 0.00156723 9.97028e-08 0.00130508 1.23696e-07 9.38577e-05 0.000458657 9.19331e-08 0.00563648 0.0133591 
0.0205082 0.185089 0.0408526 0.0542441 0.0623111 0.0432043 0.1323 0.0791537 0.000890293 0.000582245 0.0195958 0.0191939 0.04365 0.00232559 0.000382149 0.0042157 0.0197463 0.0161386 1.94292e-09 0.0970951 0.00685315 4.98924e-06 0.131647 0.0200161 
0.000532137 0.436905 0.000107113 0.00784966 0.0397586 0.020021 0.139289 0.0127603 6.77634e-05 0.00173736 0.0126342 0.195991 0.0497004 0.00409239 0.000293662 0.000756189 0.000486343 0.00866882 2.02536e-11 0.0188268 0.000336753 4.77673e-09 0.0242569 0.0249284 
0.00316344 0.327686 0.00299426 0.102824 0.0260093 0.105485 0.0096971 0.0176323 0.000289101 0.00619047 0.00461658 0.0110944 0.0215693 0.0104747 0.00257793 0.00756901 0.0021376 0.0392151 2.08351e-05 0.12611 0.00390541 5.99733e-05 0.131412 0.0372655 
0.00452459 0.244448 7.57031e-07 0.00498164 0.0575932 0.125819 0.0702756 0.00402408 0.0714862 1.16498e-07 0.000779411 0.000220466 0.000114824 0.0080819 0.0016664 0.000436308 0.0199372 0.0690727 9.07688e-10 0.0525954 0.00012665 0.00162465 0.203388 0.0588033 
0.00977654 0.263965 0.0372945 0.129503 0.0217519 0.0697767 5.20599e-06 0.077899 0.000362367 0.00164004 3.9559e-06 2.4181e-07 0.0752238 0.0841798 0.00748574 0.00452394 0.00440859 8.10768e-05 4.04421e-06 0.105783 0.05527 2.62176e-06 0.0433947 0.00766433 
0.00100945 0.324835 0.00607362 0.209827 0.00994447 0.0228496 1.87989e-05 0.126099 0.000781153 0.000639691 0.000230642 5.09395e-08 0.0224249 0.00975006 5.35742e-05 0.0314137 0.000250103 0.006222 5.96897e-07 0.0626489 0.01208 2.62472e-08 0.141081 0.0117676 
0.00362654 0.172452 0.00853078 0.0660432 0.0783175 0.0782504 0.00410244 0.0787006 0.00124065 0.0266102 0.00757918 0.00965284 0.103399 0.0183523 0.000134732 0.0024897 0.0276073 0.0294518 3.61865e-07 0.163899 0.00839813 1.90828e-06 0.0620414 0.0491175 
5.75668e-05 0.583103 0.00457574 0.0289709 0.0074388 0.0549894 0.000272829 0.000919852 6.59083e-05 0.0179032 0.00663233 1.03071e-05 0.0975949 0.00438159 4.03339e-06 0.0150996 0.00837511 0.00478552 6.79581e-07 0.107645 0.00816623 2.78072e-06 0.00516196 0.0438428 
0.00536673 0.641155 0.0155057 0.00151588 0.0496285 0.0291033 0.00156487 0.000125043 0.00649222 0.00192433 0.000124586 8.23157e-06 0.0206517 0.0103245 0.000165243 0.0197961 0.0074885 0.00105171 9.62402e-06 0.0488736 0.00235866 7.6472e-07 0.00302477 0.13374 
0.00305929 0.286506 0.0451372 0.0122002 0.00447725 0.105229 0.0537421 0.00460285 0.0283482 0.00139515 0.00032187 0.000714059 0.00360936 0.00182673 0.0369411 0.0170912 0.00261403 0.00806578 3.58938e-08 0.0723253 0.00414062 2.73945e-05 0.0571634 0.250461 
0.0601264 0.160968 0.00456083 0.0228126 0.00763173 0.143872 0.0204848 0.015899 0.00186546 0.0358661 0.000471699 0.0634217 0.0979963 0.0106489 0.00237985 0.00842298 0.00265446 0.0404429 1.41421e-08 0.12896 0.00494828 1.36095e-06 0.134501 0.0310634 
0.0072073 0.265133 0.00915118 0.0069262 0.0250924 0.0917258 0.0736593 0.0653094 0.000960558 0.00273304 4.7937e-05 0.000602712 0.0462019 0.0857076 5.79613e-08 0.0239423 0.011646 0.036435 4.84137e-11 0.154363 0.0693873 2.31096e-08 2.34861e-07 0.0237676 
0.0187586 0.37014 0.00203457 0.0500785 0.145274 0.022079 0.0829057 0.0356894 0.000446886 0.0080361 0.0123627 0.0018648 0.0510867 0.000951787 0.0065231 0.00222595 0.0391047 0.017777 4.35489e-06 0.0459897 0.0315471 2.27456e-09 0.0412637 0.0138561 
0.000139976 0.554032 0.000118827 0.0225132 0.144256 0.0036604 0.141122 0.002529 0.000184288 0.000173122 0.0605796 0.00309123 0.00228433 0.0010039 0.000111449 0.000251958 0.00108278 0.0217436 2.82987e-08 0.022619 0.000174585 1.08428e-07 0.0150644 0.00326411 
0.00420375 0.506039 0.00656555 0.0258427 0.0899306 0.0787811 0.00471341 0.0133317 0.00019923 0.00166859 0.108089 0.0232048 0.0353902 0.00414718 0.00201313 0.0111857 0.00045886 0.00510246 1.36534e-09 0.0273483 0.00364286 3.13519e-08 0.0448744 0.00326745 
4.19285e-06 0.686239 3.27727e-07 0.0013174 0.290404 9.39883e-07 0.00327076 0.000215254 1.1435e-06 0.000294417 0.00929408 6.78754e-06 0.00270709 6.42323e-05 4.32877e-06 0.000397702 2.96603e-06 0.000878398 1.79969e-08 0.00486536 1.70579e-07 1.33756e-08 1.47937e-05 1.59566e-05 
1.06216e-06 0.338562 0.0394148 2.16767e-05 0.0645095 0.020582 0.00627515 0.00468038 0.279943 0.020685 0.000947204 0.00136329 0.0845744 0.00113225 7.78677e-05 0.0245605 0.00313349 0.00792351 9.00162e-08 0.0462591 0.00700973 7.75455e-06 0.0113296 0.0370069 
1.82361e-05 0.825073 8.07021e-05 0.00272783 0.0296742 0.00557949 0.0635309 7.14794e-05 0.0102131 0.00163353 0.000484221 0.00100024 0.00805413 0.000441099 0.00078063 0.00069238 0.000145128 0.00160507 3.34165e-07 0.00865263 0.000825688 0.000194624 0.0154596 0.0230621 
0.0037687 0.428612 0.00277224 0.00741016 0.0482255 0.0162434 0.0317161 0.0135136 0.00402217 0.00160079 0.0361805 0.00569365 0.0213605 0.000319307 1.93374e-05 0.00305698 4.84493e-05 0.018595 1.0135e-09 0.0200072 0.00096089 0.000135955 0.0592757 0.276462 
3.36527e-05 0.702924 5.13941e-05 0.0543138 0.040949 3.02992e-06 0.0860428 0.000284938 6.92442e-07 0.0884305 2.24264e-05 1.64077e-06 0.0139986 0.00230192 2.24501e-05 0.000464297 2.80186e-08 0.0033367 3.5431e-09 0.00284711 1.41161e-08 7.5747e-06 0.00161786 0.00234514 
0.000436791 0.398214 0.00060006 0.025193 0.0696487 0.00305617 0.0648081 0.00497725 7.85e-05 0.00416006 0.077693 0.300311 0.00416919 0.000137537 0.00237365 0.00133131 0.00191496 0.00686365 7.11189e-07 0.0193111 9.74808e-05 5.1273e-07 0.0114017 0.00322187 
0.00614088 0.326927 0.0275958 0.113233 0.0878376 0.080426 0.0451626 0.00518889 0.00010993 0.000659383 0.00403338 0.0302003 0.0256135 0.000155793 0.000419047 0.00159001 2.21601e-05 0.0557989 3.35185e-09 0.153289 0.000307602 2.49115e-09 0.0268535 0.00843488 
0.00561978 0.933527 0.00013364 0.00369353 7.49053e-08 0.00366174 1.8691e-05 0.000314521 3.25203e-07 1.92331e-07 1.22578e-07 3.22567e-07 7.21699e-08 2.40602e-07 4.14899e-05 3.56265e-05 0.000345145 1.05171e-07 7.69893e-07 3.88882e-08 0.00455049 5.72196e-07 2.08604e-05 0.0480343 
0.000136224 0.590954 8.54535e-05 0.151042 0.0481533 0.0107958 0.00330072 0.00481396 4.53474e-06 0.0568894 0.0019987 0.00212791 0.0800725 0.00299306 0.000115795 0.000316192 0.000113794 0.00190986 0.0155274 0.0211799 0.000420967 2.29878e-07 0.00700731 4.09036e-05 
0.00430283 0.384547 0.00363878 0.0153037 0.0371625 0.0832993 0.053092 0.0229461 0.00101626 0.000924874 0.000120967 0.0336396 0.112594 0.00721626 0.00024669 0.00101985 0.0457731 0.00615318 0.00141403 0.0795062 0.050395 1.33827e-05 0.0539768 0.00169797 
0.00477191 0.647283 0.0524789 0.0193655 0.000971779 0.04061 0.000102674 0.0206629 6.74526e-06 0.00182721 7.57905e-06 8.18655e-05 0.0374779 0.0258875 0.000109876 0.0139713 0.000310541 0.000426431 0.000157312 0.0739169 0.00895999 1.58702e-05 0.0441648 0.00643175 
0.00258901 0.680637 8.74562e-06 0.0113391 0.0922314 0.0140759 0.0120373 0.00836847 0.000120567 0.00790455 2.69311e-06 0.000579833 0.00808749 0.000276993 0.0126392 0.000533873 2.41218e-05 0.0155514 6.32878e-07 0.0252243 5.66731e-05 0.00021047 0.0841301 0.0233698 
0.0968393 0.475578 0.100934 0.00025325 5.93339e-08 0.216805 0.000100659 2.64251e-05 0.000476512 0.000120827 9.70961e-08 2.55512e-07 0.0152679 0.00809499 4.17305e-07 0.00294125 5.20383e-05 0.0104804 6.09847e-07 8.65386e-05 0.0330822 4.53248e-07 0.0369438 0.0019148 
0.000116293 0.664294 0.00133924 0.028499 0.0109303 0.00852803 0.17603 0.00730851 0.00305298 0.00315069 2.34901e-08 0.00037329 0.00680788 0.00532093 4.56693e-05 2.52023e-06 0.00120901 0.00370685 3.99259e-10 0.0654327 0.000109232 5.3185e-06 0.0115932 0.00214379 
0.00082351 0.444648 0.000913349 0.00094246 0.0211178 0.154413 0.000360771 0.0034914 0.000666333 2.34451e-08 0.000128195 0.00206533 0.0409564 0.00357859 0.000189035 0.00689676 8.66759e-05 0.00411621 0.000121792 0.0159233 0.00554646 0.000104433 0.0198599 0.27305 
0.000158501 0.786451 5.60265e-05 0.0322686 0.00567497 0.000845755 0.00717074 0.0191119 6.80402e-05 0.00184299 7.58775e-06 5.36177e-07 0.0473131 0.000611823 0.000116662 9.39798e-05 4.15452e-05 0.05469 1.27973e-06 0.0324778 0.00178333 1.3079e-05 0.00918712 1.37689e-05 
0.00901539 0.265318 0.0228548 0.0291101 0.00251683 0.261132 0.000414645 0.0249218 0.00523364 0.00111308 0.000341641 6.93161e-10 0.0206912 0.00476259 6.58594e-06 0.0185204 0.0113807 0.013936 8.39738e-06 0.191036 0.00794257 3.06715e-06 0.0523514 0.0573894 
8.69307e-06 0.745455 0.0518986 0.0601812 0.0308498 0.00148526 0.00126096 0.0192755 5.14131e-05 0.000389429 0.00637165 1.50905e-09 0.0013895 0.00167195 4.04125e-06 0.0523892 0.000126328 0.00960482 3.60174e-09 0.0159 0.000321751 1.73952e-07 0.00053268 0.000832021 
0.000116293 0.664294 0.00133924 0.028499 0.0109303 0.00852803 0.17603 0.00730851 0.00305298 0.00315069 2.34901e-08 0.00037329 0.00680788 0.00532093 4.56693e-05 2.52023e-06 0.00120901 0.00370685 3.99259e-10 0.0654327 0.000109232 5.3185e-06 0.0115932 0.00214379 
0.00131013 0.400963 0.00954321 0.051591 0.184704 0.0497099 0.00538937 0.0413587 0.000745774 0.00375217 0.000260838 0.000278366 0.0379033 0.00116491 0.00243973 0.0196023 0.0138604 0.0120879 0.000477896 0.114365 0.0364261 1.37217e-05 0.00993209 0.00212071 
0.0152575 0.393818 0.0168215 0.0516388 0.0667362 0.0165806 0.00764417 0.0670896 0.00541813 0.00252096 0.00897327 0.00718315 0.00812484 0.000376366 0.000272183 0.0358425 0.00193471 0.0426109 4.34673e-08 0.213426 0.0284185 3.23056e-08 0.00859195 0.000720769 
0.00047739 0.26069 0.000399523 0.0330216 0.197409 0.00966795 0.0172605 0.0207463 0.000360067 0.0225549 0.0440134 0.00990078 0.133814 0.0192965 0.000531728 0.00480428 0.0170957 0.0870283 1.56339e-07 0.0922581 0.00206478 3.19804e-07 0.022106 0.00449894 
0.000502909 0.328871 7.79797e-05 0.00433731 0.190236 0.0135714 0.116492 0.00429362 0.000293472 0.00129719 0.0781594 0.000155929 0.00388689 0.00281897 9.75521e-05 0.00205481 0.00961445 0.0181475 1.96478e-09 0.043145 0.000824672 1.68417e-05 0.165803 0.0153021 
0.00150308 0.299359 0.00279445 0.0935607 0.0668932 0.0175105 0.00881253 0.0223275 0.00181669 0.0130902 0.00191189 0.00478029 0.164329 0.0138415 0.00930136 0.00910363 0.00412792 0.0586832 0.00208311 0.127165 0.0147651 1.35872e-05 0.0564135 0.00581279 
0.00319987 0.35633 0.0015466 0.0383852 0.0186224 0.0527824 0.0349137 0.0985664 0.00155863 0.000584566 0.00310726 0.000176568 0.0168562 0.00577342 0.00290278 0.00343169 0.0240447 0.00194499 5.06941e-06 0.288127 0.0159178 3.18567e-07 0.0219452 0.00927673 
0.000250703 0.441348 4.58604e-05 0.0219475 0.176153 0.0210775 0.118447 0.00200243 0.000488546 0.00101785 0.00127788 0.0734054 0.0323203 4.9063e-05 8.91395e-05 2.81584e-05 4.93442e-05 0.0221794 4.60484e-10 0.0364219 0.002661 0.000512226 0.0396942 0.00853274 
0.000486115 0.818376 0.00310265 0.0330524 0.112105 2.02413e-05 0.00156472 0.00232202 9.08956e-07 0.00224047 0.00328731 2.02337e-07 0.00322114 0.000245171 4.30343e-05 0.0163596 6.6535e-06 0.000505094 4.82932e-07 0.00161981 0.00112299 3.58923e-07 0.000267046 5.07457e-05 
0.00215258 0.343678 0.00231656 0.0626075 0.106006 0.0146856 0.0903278 0.148059 0.00054067 0.00289533 0.00776202 0.00181591 0.04078 0.0427957 0.00321953 0.00127341 0.00119321 0.00395308 7.49021e-08 0.0530664 0.0223767 7.77355e-09 0.0450279 0.00346626 
0.0256162 0.145633 0.000732683 0.0588786 0.101696 0.0931235 0.0109162 0.0340418 0.00344678 0.0162691 0.00373957 0.00388151 0.0747574 0.00662497 0.000160994 0.00810329 0.0342744 0.115421 0.000783937 0.114499 0.0113926 0.00104064 0.129955 0.00501255 
0.00342192 0.256458 0.00809002 0.0463851 0.210698 0.0124967 0.0166973 0.0581565 0.00405126 0.00451593 0.0331444 0.0102553 0.0387595 0.00399989 0.000751115 0.0314381 0.00219929 0.0363109 3.99918e-07 0.155933 0.00633019 0.000134613 0.0418972 0.017876 
0.0432365 0.401049 0.00379582 0.0125733 0.173957 0.00274326 0.0141402 0.00162022 2.44604e-08 0.00195954 0.0471341 0.00242516 0.0431114 0.000686225 3.70128e-05 6.31884e-05 0.00290551 0.00384676 4.04557e-06 0.0751582 0.00048557 2.17016e-08 0.0620869 0.106981 
0.0208521 0.315264 0.00390254 0.0737355 0.0616442 0.0421243 0.0483691 0.0650521 0.00016487 0.0175569 0.00791016 0.16678 0.0516645 7.28668e-05 0.000893085 0.000575822 0.0019329 0.0354119 9.79596e-11 0.0368732 0.00127904 4.87862e-09 0.0435509 0.00439004 
4.62103e-05 0.503448 0.000999944 0.0360456 0.0111091 0.00797332 6.5379e-06 0.00595707 0.0359623 0.000909342 5.90269e-05 1.15055e-07 0.140238 0.034807 1.16238e-05 0.0193227 0.0191445 0.00449555 7.31203e-06 0.0484374 0.00187682 2.49235e-06 0.05763 0.0715093 
0.000300807 0.329591 0.000792903 0.107616 0.198676 0.0468181 0.00266901 0.0134274 5.9168e-05 0.00923862 5.11541e-05 0.0226688 0.0762786 0.0238483 0.000462759 8.6248e-05 0.000226709 0.0378665 1.04339e-07 0.113137 0.0023014 1.68337e-06 0.0135269 0.00035465 
2.24367e-07 0.69216 3.02225e-07 0.16712 1.29226e-06 4.32385e-11 0.0401087 0.00306354 1.52969e-07 2.25918e-07 1.07337e-10 0.00786205 1.86813e-06 0.000306036 4.61317e-10 7.70067e-05 7.5633e-08 0.00206189 6.74167e-10 0.0432829 8.96616e-11 5.01051e-10 0.041626 0.00232758 
0.00649328 0.55095 0.0522531 0.0308306 0.00933305 0.0611294 9.05049e-05 0.0126633 4.16522e-05 0.00591545 8.78015e-05 4.93949e-05 0.0939884 0.015203 0.00123762 0.0192864 0.00102921 0.00138715 0.015825 0.0203029 0.072759 2.84096e-09 0.0287067 0.000436909 
0.0116278 0.400433 0.0177933 0.0720159 0.0244808 0.0350388 0.00522185 0.0409518 9.73506e-05 0.0173711 7.78715e-06 0.00119955 0.137637 0.00667513 0.00622469 0.0320998 0.00410656 0.0102883 0.000720658 0.0863811 0.0260931 1.19591e-06 0.0610044 0.00252822 
0.00328172 0.335969 0.00234588 0.0481412 0.0150347 0.104517 0.0144872 0.0213185 3.63643e-05 0.0013589 0.000236696 0.000176979 0.065269 0.00288964 0.00504633 0.0265062 0.00300779 0.00650339 7.44013e-05 0.237903 0.00504769 1.05595e-07 0.0928248 0.00802399 
0.000154897 0.394682 8.09519e-06 0.0113753 0.224216 0.00439993 0.0128705 0.061855 1.01429e-07 0.00841013 0.139011 0.0221803 0.037016 6.09097e-05 0.000275898 0.00405412 1.40945e-05 0.0104057 4.45481e-11 0.035081 9.15086e-05 3.31088e-11 0.0313598 0.00247756 
0.000378145 0.57177 0.000208862 0.0097999 0.199345 0.00159747 0.0775819 0.0130415 0.000136253 0.000977006 0.00447434 0.00369301 0.0168283 0.0011478 0.00475923 1.97758e-05 0.000123923 0.0163887 3.89845e-11 0.0647611 4.06352e-05 6.24798e-08 0.0115793 0.00134725 
0.00028438 0.512607 0.00117771 0.00463885 0.124779 0.00543914 0.00399171 0.000390835 0.0062695 0.00497113 1.6364e-05 0.000367823 0.00591009 0.000121484 8.27568e-08 0.306488 0.00153423 9.21367e-05 1.07155e-09 0.0151057 0.00545681 7.96392e-10 0.000340452 1.81536e-05 
0.000453823 0.304171 0.000320158 0.0997281 0.0471281 0.0402567 0.0617528 0.0743062 0.00692485 0.000854848 0.000368735 5.75345e-05 0.0375408 0.000625038 0.00234016 0.0201884 0.00368096 0.015638 6.29828e-07 0.154725 0.00384948 6.58269e-05 0.0428276 0.0821955 
0.000532137 0.436905 0.000107113 0.00784966 0.0397586 0.020021 0.139289 0.0127603 6.77634e-05 0.00173736 0.0126342 0.195991 0.0497004 0.00409239 0.000293662 0.000756189 0.000486343 0.00866882 2.02536e-11 0.0188268 0.000336753 4.77673e-09 0.0242569 0.0249284 
0.0268603 0.381929 0.00743913 0.0571832 0.0422359 0.0489938 0.00122229 0.0793655 0.000391704 0.00343145 0.00336712 0.000286549 0.0153294 0.0118921 1.87627e-06 0.0621471 0.0161 0.0216314 0.000389678 0.0452344 0.0399909 5.80552e-06 0.0703312 0.0642405 
0.264118 0.303134 0.00274066 0.0385631 0.0245206 0.0496926 0.023913 0.00360639 0.000517076 0.000129605 6.48359e-05 2.23757e-05 0.00586405 6.04464e-05 0.0106287 0.000256545 0.0115545 0.00156422 8.48228e-11 0.0291801 0.00666231 6.30416e-11 0.217399 0.00580791 
0.000532137 0.436905 0.000107113 0.00784966 0.0397586 0.020021 0.139289 0.0127603 6.77634e-05 0.00173736 0.0126342 0.195991 0.0497004 0.00409239 0.000293662 0.000756189 0.000486343 0.00866882 2.02536e-11 0.0188268 0.000336753 4.77673e-09 0.0242569 0.0249284 
3.76731e-05 0.508113 8.68045e-06 0.00404352 0.0876362 0.00682056 0.0578144 0.000749591 0.0416437 0.000211161 0.00035612 0.000719981 0.00117357 0.00102484 3.08786e-06 0.000700408 2.40099e-05 0.0320681 6.63038e-10 0.0305783 1.4716e-07 4.9278e-10 0.0616369 0.164636 
3.76731e-05 0.508113 8.68045e-06 0.00404352 0.0876362 0.00682056 0.0578144 0.000749591 0.0416437 0.000211161 0.00035612 0.000719981 0.00117357 0.00102484 3.08786e-06 0.000700408 2.40099e-05 0.0320681 6.63038e-10 0.0305783 1.4716e-07 4.9278e-10 0.0616369 0.164636 
7.34763e-07 0.502454 3.57111e-07 0.00553688 1.53249e-06 0.139223 8.97127e-07 0.0780952 1.12577e-06 0.0012542 9.16611e-08 7.37519e-08 0.0116711 3.35861e-11 0.00253845 0.000241896 3.11075e-06 0.00655007 1.07471e-10 0.139392 5.96841e-07 7.9874e-11 0.102839 0.0101955 
0.000619777 0.305687 0.00867112 0.0561048 0.0696512 0.014813 0.00136916 0.0020037 0.00958593 0.00182739 0.000263454 1.10179e-05 0.0164198 0.00156993 2.70093e-07 0.0421358 0.00236893 0.00746728 3.01407e-06 0.15572 0.00192006 5.25625e-08 0.0139705 0.287816 
0.00420375 0.506039 0.00656555 0.0258427 0.0899306 0.0787811 0.00471341 0.0133317 0.00019923 0.00166859 0.108089 0.0232048 0.0353902 0.00414718 0.00201313 0.0111857 0.00045886 0.00510246 1.36534e-09 0.0273483 0.00364286 3.13519e-08 0.0448744 0.00326745 
5.92423e-10 0.265469 0.000460795 0.0532554 0.234844 0.000994979 2.15682e-06 0.00313875 0.00253952 0.000496356 0.000390621 1.08278e-09 0.195343 0.00575209 3.66253e-06 0.196216 5.04405e-06 0.00440534 2.58434e-09 0.00836207 0.000975923 1.92072e-09 0.00889408 0.0184516 
2.24367e-07 0.69216 3.02225e-07 0.16712 1.29226e-06 4.32385e-11 0.0401087 0.00306354 1.52969e-07 2.25918e-07 1.07337e-10 0.00786205 1.86813e-06 0.000306036 4.61317e-10 7.70067e-05 7.5633e-08 0.00206189 6.74167e-10 0.0432829 8.96616e-11 5.01051e-10 0.041626 0.00232758 
0.000276775 0.327619 0.00127763 0.103173 0.0290096 0.00306444 0.0481572 0.0600845 0.000616256 0.0049458 0.171113 0.000345965 0.0264883 0.00392341 0.000163738 0.004463 0.00073614 0.0716154 9.57671e-06 0.0772359 0.000156829 0.00605569 0.0355067 0.0239622 
0.0432365 0.401049 0.00379582 0.0125733 0.173957 0.00274326 0.0141402 0.00162022 2.44604e-08 0.00195954 0.0471341 0.00242516 0.0431114 0.000686225 3.70128e-05 6.31884e-05 0.00290551 0.00384676 4.04557e-06 0.0751582 0.00048557 2.17016e-08 0.0620869 0.106981 
0.00983418 0.625677 0.0317235 0.0174186 0.00534191 0.138125 0.0225113 0.000445776 0.00257636 0.00293485 2.32043e-05 0.0165151 0.00380515 0.00164855 0.00661794 3.3197e-05 0.000439187 0.00881945 3.14963e-05 0.00366413 0.0144955 3.27191e-07 0.0157931 0.0715253 
0.000961793 0.619998 0.0462656 0.0632196 0.033008 0.00945268 0.00165714 0.00852185 0.000282081 0.0111369 0.000925346 0.000211589 0.051845 0.00523389 0.00289525 0.0145378 0.000308592 0.00318987 0.000286098 0.0286248 0.0150864 8.06539e-08 0.07555 0.00680117 
2.24367e-07 0.69216 3.02225e-07 0.16712 1.29226e-06 4.32385e-11 0.0401087 0.00306354 1.52969e-07 2.25918e-07 1.07337e-10 0.00786205 1.86813e-06 0.000306036 4.61317e-10 7.70067e-05 7.5633e-08 0.00206189 6.74167e-10 0.0432829 8.96616e-11 5.01051e-10 0.041626 0.00232758 
0.00254412 0.583319 0.000100399 0.0147527 0.0230894 0.0170104 0.220901 0.00111574 3.61538e-05 0.0021766 0.00387339 0.0403213 0.0165976 2.31659e-05 0.00148643 0.00415856 0.0207235 0.0041341 1.49029e-09 0.0205812 0.000673778 1.4402e-06 0.0185083 0.00387215 
0.0269696 0.215301 0.00139594 0.044941 0.0882131 0.0592046 0.00628493 0.0342708 0.0033717 0.0350036 0.00171717 0.00214098 0.0640378 0.117689 0.00100584 0.00472564 0.00101774 0.120041 2.95366e-06 0.104722 0.00598977 1.9699e-05 0.0378343 0.0241002 
0.00244968 0.35708 0.000865214 0.0124253 0.291159 0.0116556 0.0101676 0.0136802 0.00591852 0.00165813 0.0124802 0.0103893 0.0143428 0.0046835 7.0443e-05 0.043984 0.00167497 0.0164625 0.00171806 0.140519 0.00493106 1.76789e-05 0.0286038 0.0130634 
6.90343e-05 0.349868 0.0926091 0.0139315 0.0460688 0.0484638 0.0174559 0.0128532 0.000243623 0.0120354 0.00319172 0.00418369 0.00350536 0.00127076 0.000380049 5.07542e-05 1.10118e-05 0.0391323 2.40399e-08 0.0314045 0.0131253 1.1894e-05 0.212527 0.0976069 
0.004239 0.360423 0.00282094 0.0126262 0.156991 0.111253 0.0325562 0.0119816 0.000350239 0.00146143 0.079206 0.00410908 0.0200433 0.000848926 0.00238526 0.000694738 0.0490077 0.0129399 8.65641e-12 0.0875117 0.0067046 6.43358e-12 0.0410161 0.000829743 
0.000729128 0.283458 0.000558047 0.0431339 0.0464168 0.112864 0.0322063 0.0179991 0.000207698 0.000984854 0.00835795 0.108248 0.0213231 0.0544216 0.0059942 1.49118e-05 0.000625083 0.0657947 5.05216e-08 0.103853 0.00265913 1.06036e-08 0.0867248 0.0034256 
0.00512798 0.432707 0.0103513 0.161419 0.0655931 0.067968 0.00119579 0.0112219 0.000501051 0.0071086 1.07648e-05 0.00234483 0.0803883 0.0110585 0.0026127 0.00158269 0.0124017 0.0133109 0.00283275 0.0288214 0.0546375 1.18576e-07 0.0170352 0.00976931 
5.27221e-05 0.547311 0.011893 0.0165599 0.159824 0.0311074 0.00238105 0.00891251 0.00138317 0.00223232 0.000214361 0.00153964 0.00538516 0.00876755 2.09646e-05 0.0012617 0.000805771 0.0215428 2.0014e-05 0.0663242 0.00521558 1.39562e-06 0.100653 0.00659039 
2.66834e-05 0.810968 1.91014e-05 3.41932e-05 0.0687084 0.000104365 0.0412893 1.8906e-05 0.000177371 0.00324662 1.10054e-05 8.00914e-06 0.00208399 1.63185e-05 0.00114763 1.09062e-05 0.00277826 5.2566e-05 0.000123312 0.0334363 0.000111956 6.44543e-08 0.012811 0.022816 
0.00031911 0.223345 0.000436856 0.0610838 0.0260692 0.00775397 0.0386741 0.0809787 0.0253469 0.00121741 0.00663961 0.0123447 0.0417459 0.00133319 0.022861 5.83212e-05 0.000117132 0.0724434 1.7855e-10 0.101835 0.000945408 0.151367 0.104711 0.0183741 
0.00236267 0.427021 0.0208109 0.0351155 0.123439 0.0297441 0.0733983 0.0170401 0.000923555 0.00161655 0.102152 0.0021287 0.0172247 0.00706359 0.00090667 0.00387932 0.0183228 0.010313 0.000944964 0.0876572 0.00560672 5.0931e-06 0.00918896 0.00313457 
0.0148548 0.323202 0.000822414 0.0421233 0.00810639 0.104548 0.0125208 0.0244333 0.0403254 0.000462115 0.0115131 0.00894717 0.0189659 0.0137393 0.00196772 1.269e-06 0.0101994 0.0130271 1.77889e-06 0.102849 0.00579669 9.97353e-05 0.187365 0.0541279 
0.000928045 0.267501 0.00377445 0.0463327 0.0617702 0.0221388 0.0554278 0.0110463 6.87415e-05 0.0118759 0.00581481 0.258307 0.00301094 0.00970747 0.0168002 8.06314e-05 0.00756976 0.0999873 4.1937e-06 0.0140009 0.019 1.40047e-06 0.0727338 0.012118 
0.213639 0.265677 2.00943e-06 0.0166541 5.93692e-06 0.0604215 0.000349021 1.83254e-06 3.24195e-06 2.16343e-06 4.26999e-10 1.12366e-09 0.0508848 1.47513e-05 1.09386e-05 0.0144869 2.68419e-10 0.145462 2.68192e-09 7.52789e-07 2.95637e-06 3.65223e-06 0.199531 0.0328469 
8.96335e-07 0.694631 0.00415564 0.00694278 4.00248e-07 0.000111702 3.23393e-05 0.000982346 3.38776e-09 6.00076e-06 5.71729e-07 6.55737e-07 7.51821e-10 0.291654 5.48808e-09 0.000295529 8.02706e-10 2.36302e-07 1.25503e-05 0.000162301 0.000283621 5.96078e-09 1.02046e-05 0.000716829 
0.00336445 0.462923 0.0073792 0.0244823 0.107029 0.0350842 0.0629099 0.0105105 0.00209518 0.0050401 0.0165208 0.00559911 0.0569259 0.00812618 0.00674662 0.0276201 0.00939851 0.0112494 0.000576884 0.0637076 0.0112029 0.00079276 0.0431207 0.0175953 
0.0708783 0.292027 0.000991637 0.00190374 0.0864176 0.0449063 0.165956 0.00378128 0.00101735 0.0107722 0.215494 0.00241801 0.00743723 0.00114426 0.00109766 7.79477e-05 0.0167656 0.0130931 3.11328e-10 0.00361936 0.00775431 1.32922e-05 0.0382296 0.0142039 
0.00322311 0.463544 0.0127212 0.0311523 0.0281571 0.148084 0.132618 0.0137831 0.0012638 0.00656654 0.00272499 0.0062786 0.0236707 0.0149116 0.00668969 0.000575048 0.00789753 0.0190772 0.00028478 0.0473598 0.00180102 5.72044e-07 0.00707906 0.0205359 
0.000163104 0.747716 0.00258466 0.00915126 0.0295087 0.000620179 0.0753297 0.0334936 0.000263636 0.000682006 0.00243691 2.32892e-07 0.0362373 0.00013537 3.49756e-08 0.00231925 1.04483e-05 0.00326338 7.92122e-11 0.0194084 0.000228618 1.08685e-08 0.035999 0.000448032 
0.000268404 0.724527 0.000150121 0.0636398 0.0193881 0.0474994 8.31658e-05 0.0095033 5.75315e-08 0.00182196 0.00608366 0.015663 0.0361185 0.0166175 0.000129997 0.00488873 0.000166444 0.00620219 1.36201e-07 0.0136922 0.00497317 1.01227e-07 0.0278522 0.000731078 
0.000996384 0.275352 0.000754623 0.0246905 0.0759143 0.0920073 0.0388678 0.0410302 0.0949564 0.00585513 0.0568437 0.00141769 0.0188489 0.00678563 0.000329816 2.09398e-05 0.000787809 0.102278 2.37286e-05 0.0156226 0.0164545 0.0412566 0.0182577 0.0706485 
0.00200216 0.367439 0.0157351 0.146318 0.0506796 0.018847 0.0151613 0.0330734 8.49902e-05 0.0147884 0.000252355 0.00168078 0.0793937 0.0117947 0.00260683 0.00397786 0.000333394 0.00278734 1.8087e-11 0.0755329 0.111726 1.3839e-06 0.0432521 0.00253159 
0.000670144 0.584046 0.00346402 0.205032 0.0216962 0.00117021 0.00030623 0.0137886 5.44704e-07 7.22026e-05 1.60428e-07 6.81356e-06 0.00660868 0.0664502 0.00417997 0.0172587 0.000304175 0.000165302 2.25598e-09 0.00505466 0.0327706 1.67668e-09 0.0365222 0.000433115 
0.000220379 0.601043 0.000498249 0.0270412 0.131781 0.0010609 0.0270828 0.00425734 0.000530953 0.000898725 0.0965234 1.1462e-06 0.000892755 0.000592279 0.000425657 0.030971 0.000735733 0.00794586 1.1803e-11 0.0617305 3.18134e-05 1.62416e-08 0.00516631 0.000568628 
0.00192586 0.425646 0.000139502 0.0213061 0.131711 0.00362656 0.0392309 0.0225142 0.0581685 0.00262202 0.155096 3.08876e-05 0.0302788 0.00144204 1.00363e-05 0.000914153 0.000231508 0.0224069 2.61609e-05 0.0524934 0.000929183 0.00165596 0.0200821 0.00751237 
0.000241482 0.335298 8.88024e-05 0.144571 0.210182 0.0016909 0.000880442 0.00750987 8.60678e-06 0.0140279 1.587e-06 0.000297017 0.149229 0.0241483 0.00297792 0.000534618 0.000591369 0.0189745 0.00102166 0.0662467 0.000527768 1.13857e-06 0.0198802 0.00106884 
0.00675429 0.177667 0.00809587 0.160015 0.0815753 0.0479292 0.0402975 0.0801058 0.000165574 0.00324841 0.0145465 0.139628 0.0726185 0.00111112 0.0046784 0.0136857 0.0143169 0.0289293 1.75225e-07 0.0460687 0.0242003 1.44743e-06 0.0320783 0.00228272 
9.03395e-05 0.724321 0.000834512 0.025203 0.0618899 0.00501959 0.00601765 0.0101447 7.67322e-05 0.000887198 0.00589825 3.33501e-06 0.0486634 0.0104348 0.000470119 0.00213482 0.002472 0.00747367 0.00102889 0.0620892 0.0133221 0.00491727 0.00596789 0.000639983 
0.000478574 0.290794 0.00341873 0.0682601 0.0181595 0.0344665 0.000128045 0.0338861 0.00650366 0.000420333 6.19958e-06 0.0025 0.130905 0.216439 0.000102974 0.0326728 0.00441743 0.00276457 7.9529e-08 0.0581264 0.00893982 2.33669e-05 0.0776899 0.00889743 
0.000133234 0.378191 0.00130934 0.0692449 0.0766646 0.00532745 0.000126004 0.12693 0.000401734 0.00491506 0.0106752 0.00197963 0.0124978 0.176171 0.000972984 0.00409655 6.07354e-06 0.0170378 6.68736e-09 0.0758297 0.00182226 1.13899e-05 0.0273191 0.0083367 
0.000145426 0.553346 0.00224314 0.0444975 0.0561566 0.0328322 0.0111008 0.00845432 2.48617e-05 0.00462179 0.000155206 0.000142934 0.0777718 0.0134082 5.62606e-06 0.045493 0.00380764 0.050284 0.0184201 0.0557743 0.0056857 1.12803e-06 0.00880739 0.00682078 
0.00600005 0.232287 0.0188719 0.0395931 0.0715955 0.11331 0.0243863 0.00673023 0.00289254 0.00529943 0.000478447 0.00180442 0.053576 0.00124426 0.00109485 0.0298841 0.0201007 0.064537 1.62131e-05 0.149124 0.00744485 8.19763e-05 0.106044 0.0436033 
0.000100543 0.945663 1.20628e-06 0.00330809 0.0192233 0.00457224 4.54674e-05 0.000650513 0.000360837 0.000323392 0.00334841 9.81589e-10 0.000709657 0.00205726 1.89936e-06 0.00894661 0.000257275 0.000819157 2.34282e-09 0.00257906 2.87336e-05 0.00325371 0.000591207 0.0031585 
0.000163104 0.747716 0.00258466 0.00915126 0.0295087 0.000620179 0.0753297 0.0334936 0.000263636 0.000682006 0.00243691 2.32892e-07 0.0362373 0.00013537 3.49756e-08 0.00231925 1.04483e-05 0.00326338 7.92122e-11 0.0194084 0.000228618 1.08685e-08 0.035999 0.000448032 
0.000198963 0.679179 4.27205e-10 0.0125763 0.0247851 0.00752187 0.111559 7.57003e-07 2.11316e-06 6.50428e-05 1.70438e-07 0.00075985 0.135247 0.00731428 6.0062e-08 4.09898e-10 0.000172036 1.84126e-06 1.38099e-09 0.00352008 1.71407e-07 1.02637e-09 0.00830665 0.00878954 
0.00893678 0.181835 0.0535486 0.117963 0.0107529 0.0719084 1.0677e-05 0.0580836 6.76839e-06 0.000585381 1.13084e-05 0.0814827 0.0221489 0.0989872 9.96875e-06 0.150394 6.34021e-05 0.00888331 1.48433e-08 0.0237465 0.0677258 1.10317e-08 0.0268134 0.0161027 
0.00439896 0.272427 0.00126391 0.0898932 0.0655287 0.0501396 0.000341523 0.023273 1.14404e-05 0.0103849 3.10203e-05 0.00229171 0.0565045 0.00397912 0.000534021 6.67214e-08 0.00133789 0.0050355 2.84518e-08 0.260331 0.00624015 2.05244e-06 0.146035 1.5184e-05 
0.00126867 0.401488 4.65189e-08 0.00390933 0.119809 0.00673091 0.233449 0.0083199 0.000907064 0.000517874 0.164626 1.84999e-05 0.00473978 0.00361977 0.000101211 0.000335913 0.00111357 0.011408 1.48039e-11 0.013475 0.000189978 8.62638e-08 0.0216515 0.00232157 
0.00209854 0.707552 0.00686471 0.00326947 0.0197239 0.101776 4.33915e-05 0.001413 3.21253e-05 0.000213854 1.99275e-06 2.12253e-05 0.0218137 0.00226905 2.92418e-06 0.00172086 0.00144252 0.00118388 2.78898e-07 0.0628199 0.0456992 8.70129e-09 0.017165 0.00287279 
0.0568592 0.249814 0.108069 0.0242371 0.0939621 0.0822989 0.0287628 0.0232363 0.0123177 0.00109834 0.00060245 0.0035016 0.0217859 2.01658e-07 0.00529722 0.00071523 0.0277624 0.00452021 5.54715e-08 0.0164355 0.0158939 9.6197e-08 0.0304279 0.192402 
0.0109049 0.741931 0.000998862 0.00977512 0.012686 0.038893 0.0372209 0.0109009 3.78367e-05 0.00499772 0.000157945 0.00463205 0.00288608 2.88229e-05 1.1353e-05 1.53089e-05 0.000128864 0.011484 1.26758e-09 0.0190687 0.00156019 6.07932e-08 0.0430546 0.0486254 
0.00178434 0.214477 0.00160029 0.014549 0.206762 0.0429743 0.00691765 0.0801795 0.00534607 0.006324 0.0762489 0.0119731 0.0528058 0.0151866 0.00261786 0.00249093 0.00681169 0.0114756 3.02791e-11 0.139051 0.00186905 1.27741e-07 0.068604 0.0299511 
0.00111289 0.50632 0.000306256 0.0345099 0.00262687 0.00578811 0.227874 0.0450644 0.000360527 0.00125584 0.000317777 3.51863e-06 0.00501294 0.00418095 1.2281e-06 0.000457278 0.0010628 0.0327836 5.43068e-06 0.0446068 0.00167861 0.0357232 0.0318601 0.0170875 
3.90704e-05 0.324562 3.61528e-05 0.152193 0.308635 0.00365768 0.00062776 0.0490512 0.000133571 0.0335828 0.00860463 0.00377712 0.0178191 0.00334575 0.00152334 0.000728162 0.000367994 0.0473109 2.07731e-05 0.0310904 0.00187593 0.000125042 0.0102803 0.000612008 
0.00238215 0.514639 0.000418852 0.0157463 0.023299 0.0643711 0.00151922 0.0039072 0.000661868 1.38214e-05 0.000574477 2.77387e-05 0.091521 0.00147633 1.18601e-07 0.0316362 3.11565e-06 0.00507955 1.73322e-07 0.0310506 6.46189e-05 2.92014e-05 0.0840464 0.127532 
1.22577e-07 0.424577 0.0141771 0.149989 0.0188669 0.00218765 0.00146023 0.0110308 1.51682e-10 0.00117881 1.48124e-08 1.28203e-07 0.158846 0.0706101 3.71437e-06 0.00233474 0.000287689 0.000255784 3.17118e-06 0.0859526 0.0520482 1.08951e-05 0.0061792 2.93126e-07 
0.000460988 0.642912 0.00264977 0.0167361 0.104948 0.0242736 0.0231535 0.00759591 0.00032624 0.00179639 0.00176515 0.00322275 0.0338914 0.000570403 0.000364064 0.00419272 0.00437678 0.0291443 1.13614e-05 0.0776399 0.000600193 5.88433e-06 0.00888636 0.0104765 
