0.00558939 0.00683896 0.0356267 0.0196883 0.069906 0.0153821 9.38709e-08 0.00153613 2.94377e-05 2.3993e-07 1.8116e-10 4.76729e-10 0.230481 6.31831e-07 7.38425e-08 0.00266574 0.000683077 1.6325e-06 1.13784e-09 0.536567 0.000987794 4.10736e-07 0.0739444 7.0615e-05 
0.000412317 0.0384128 0.00308192 0.0781886 0.0921375 0.0102276 0.00298821 0.0209615 0.0023045 0.00713435 4.7116e-05 0.000160081 0.36502 0.00899897 0.000445634 0.0568922 0.00630341 0.158866 0.000100756 0.0782562 0.00411161 0.00123904 0.0365311 0.0271789 
0.0041599 0.0159956 0.00575855 0.0100212 0.100186 0.0347878 0.0096379 0.0158656 0.00212791 0.00127443 0.000748527 0.0018778 0.0198283 0.000797519 0.00181326 0.00241859 0.0104697 0.257917 0.0016482 0.195691 0.00239497 0.0524364 0.069039 0.183104 
0.000455198 0.0934409 0.000935685 0.0507353 0.0281765 0.00375674 0.000454201 0.0147257 0.000350362 0.000215196 5.98923e-05 0.000988108 0.0697221 0.458847 0.00387737 0.00334347 0.000303752 0.0617209 7.08455e-05 0.0896626 0.00977585 0.000268338 0.0692408 0.0388735 
0.00454603 0.0476091 0.00495721 0.191177 0.041435 0.0455301 0.0148249 0.0664083 0.00403569 0.00655511 0.00079099 0.0116581 0.0388221 0.00397082 0.00317586 0.0036471 0.00624391 0.187154 0.00370228 0.116545 0.0175795 0.0869387 0.0678616 0.0248311 
0.00477941 0.12603 0.00247973 0.0190933 0.0193232 0.313805 0.00120322 0.0198693 0.00539569 0.014886 1.38715e-07 0.000423616 0.015025 0.00170505 1.17763e-05 0.117504 0.0676988 0.00228317 3.34912e-07 0.0822949 0.0236064 1.35598e-06 0.0447872 0.117793 
0.00553744 0.00674973 0.00607422 0.0211355 0.0813693 0.0238071 0.00060688 0.0112149 0.000477453 0.00777569 7.94534e-06 0.00112398 0.0312899 0.00208345 0.000367922 0.000492028 0.00058185 0.0166219 0.000135921 0.597533 0.0108521 1.08646e-05 0.149891 0.0242605 
0.0426879 0.0185932 0.016479 0.089409 0.015669 0.0628292 0.247707 0.00670142 2.74368e-05 0.00613166 8.39011e-07 5.62292e-06 0.039969 0.000179795 1.41535e-05 0.000611529 0.0161679 0.2919 0.0195348 0.0417012 0.00939184 3.87061e-05 0.0216417 0.0526074 
0.126232 0.0493915 0.452528 0.0566792 0.000878764 0.0934901 0.000299764 0.0112913 3.28568e-05 0.00205162 3.3536e-11 0.000176008 0.0157903 0.00632737 1.44133e-10 0.017943 0.00113831 0.00348182 2.10635e-10 0.0363678 0.0898423 4.81963e-07 0.0260016 0.0100556 
1.39426e-05 0.00813821 0.0384529 1.6053e-05 0.00884535 0.0698045 0.0180905 3.63567e-06 3.95437e-05 3.54097e-06 4.88331e-11 0.00400123 0.0490645 0.0465284 4.07222e-07 0.00089093 0.133291 0.13665 0.000190965 0.000635779 0.00183607 2.27954e-10 0.465698 0.0178041 
0.0093153 0.00753455 0.0255283 0.00015814 0.00790756 0.140268 0.000236206 0.00426331 0.000236754 0.000615584 7.81872e-09 0.000103744 0.0096583 1.5347e-08 0.000796781 0.000351198 0.0212178 0.000237306 4.91082e-08 0.0729658 0.0511621 3.6498e-08 0.0165382 0.630905 
0.0128749 0.0337056 0.00490641 0.0173941 0.0130349 0.260476 0.00101286 0.0116447 0.000294088 0.00069317 8.10975e-07 0.00120294 0.0143049 0.0344496 0.000167734 0.000467051 0.00282277 0.00712206 1.22819e-06 0.00184469 0.550132 9.66024e-05 0.0258047 0.00554664 
0.0141018 0.0198704 0.0373947 0.0608178 0.0485794 0.0690917 0.143765 0.0112443 4.99823e-06 0.0029152 1.82505e-06 1.22289e-05 0.0628056 0.000284045 0.000142302 0.00135117 0.00595245 0.285369 0.0534455 0.096871 0.00883086 4.02254e-05 0.0282701 0.048839 
0.00242685 0.18052 0.0717295 0.0859746 0.0277872 0.0978943 0.00147365 0.0317504 0.000149673 0.000521038 2.32195e-11 2.06832e-05 0.0346232 0.00570546 0.0337038 0.00173601 0.00385029 0.000537325 1.13112e-07 0.125412 0.0420249 1.5106e-08 0.233297 0.0188612 
4.43663e-07 0.00142709 0.201894 0.0324531 0.008917 0.220817 7.32541e-07 0.00571766 3.38178e-07 1.82025e-06 3.26453e-10 8.59071e-10 0.0749175 0.183379 1.40305e-09 0.019395 0.00041634 2.44755e-05 2.0504e-09 0.0341389 0.0377775 1.52389e-09 0.178722 4.3347e-10 
0.00282978 0.0496972 0.00350718 0.0991465 0.0446008 0.0328442 0.00844644 0.0184775 0.00089985 0.0619984 8.46747e-05 0.0107017 0.0593526 0.417522 0.00185206 0.00395445 0.000574045 0.021553 8.83832e-05 0.0576604 0.0153153 0.000176192 0.0722713 0.0164464 
0.0288559 0.0132027 0.114465 0.00021308 0.0735227 0.214151 0.00729471 0.00190017 7.52444e-07 8.10745e-05 3.73019e-08 4.36499e-07 0.0145856 0.0309345 0.000416768 0.0171997 0.00653827 0.000834698 1.52311e-05 0.0386715 0.0315828 8.70735e-07 0.325692 0.079841 
0.00558917 1.73554e-05 0.018017 0.251614 0.000342115 0.0603198 1.22606e-05 0.0856797 5.28911e-06 0.000160122 1.88052e-08 1.44408e-06 0.0037957 0.0234067 2.6293e-08 7.30378e-06 0.000448661 0.0036094 1.71629e-07 0.411272 0.130482 9.83785e-08 0.00521939 2.42274e-07 
0.00245191 0.0120442 0.00133489 6.32706e-05 0.00389443 0.190714 8.02185e-06 1.01338e-05 8.56415e-08 0.00404081 3.22806e-08 0.000441977 2.39037e-05 4.19724e-05 0.000132749 0.000165988 0.00285935 0.000930148 2.0275e-07 0.00726758 0.00245797 1.50687e-07 0.0290545 0.742061 
0.000453243 0.0279838 0.000174455 0.077265 0.00278653 0.0193814 6.62575e-05 0.00251273 4.79497e-05 0.0648256 7.15543e-07 1.48924e-06 0.388981 0.0128085 1.27807e-06 3.23304e-05 0.0111477 0.141849 1.68519e-06 0.00874009 0.181617 3.91228e-06 0.0580409 0.00127742 
0.0524604 0.00362174 0.0160606 0.0395962 0.0128896 0.0195885 0.00734191 0.216185 0.222929 0.00810602 5.35494e-05 0.00190207 0.0242089 0.000647198 0.0089751 0.00358928 0.0280142 0.0104837 0.000689951 0.292631 0.00956169 0.000186146 0.017474 0.00280438 
0.00091199 1.16344e-07 1.36354e-07 0.00199946 0.00099586 0.00473609 1.34884e-12 0.0206112 2.81902e-08 0.0215173 5.18298e-13 1.36392e-12 0.171351 6.5823e-08 2.22757e-12 0.000984826 0.626123 0.0754214 3.25536e-12 0.0427487 0.0273799 2.41943e-12 0.00521873 4.90699e-08 
0.343837 0.00268312 0.000350961 0.000219328 0.00390828 0.421908 0.000465347 0.00651465 0.00990674 8.65102e-08 7.86696e-11 2.07022e-10 0.000104913 0.0460572 3.13123e-06 0.000218407 0.0789982 0.00311819 4.94112e-10 0.00843655 0.0273158 3.67232e-10 0.0409043 0.00504915 
0.529723 0.000242823 2.5874e-07 0.000265319 0.00398483 0.22795 0.00113459 0.018665 0.0020333 1.47292e-07 8.2814e-11 2.17928e-10 0.000148372 0.165066 3.55922e-10 0.000523365 0.00551342 0.000542742 5.20143e-10 0.00791257 0.000527869 3.86578e-10 0.0347969 0.000969331 
0.00188352 0.00778784 0.00118629 0.00291252 0.0028835 0.710893 3.87853e-09 0.000168837 4.83498e-07 0.000106796 5.1066e-12 3.83983e-05 0.0396865 0.000184625 2.19474e-11 0.0194401 1.53692e-08 0.0012214 1.81432e-06 0.00256234 0.208959 1.69194e-06 3.9151e-05 4.22554e-05 
0.0359082 0.02587 0.0142118 0.0447389 0.00438285 0.430187 1.28615e-05 0.206224 8.73974e-10 4.12458e-05 3.29424e-10 8.6689e-10 9.73688e-08 0.0197367 8.83284e-06 0.000303056 0.00148185 0.118782 2.06907e-09 0.0285085 0.0619251 1.53776e-09 0.00738447 0.000292999 
2.09395e-07 0.00131261 0.00132795 0.0540446 2.0443e-07 5.18715e-07 1.02629e-07 0.668732 1.12487e-11 0.00135325 4.23994e-12 1.11575e-11 9.0967e-07 4.31939e-07 1.03888e-07 1.3201e-07 7.80962e-08 6.02068e-07 2.66305e-11 0.0812948 1.99404e-07 1.97922e-11 0.191931 5.62987e-12 
1.97434e-06 0.00584131 0.00494343 0.000190022 6.53891e-07 0.0259591 0.000522579 0.0592007 5.55336e-12 1.11672e-07 2.09321e-12 6.55546e-08 0.0335073 4.10866e-12 3.32954e-08 3.90227e-12 2.67115e-07 1.49965e-07 1.31472e-11 0.808828 0.00239403 9.77117e-12 0.0576425 0.000967565 
0.00109334 0.00198038 0.00303168 0.0742727 0.000613607 0.0199292 1.28439e-06 0.0818787 1.30936e-06 0.00600807 4.93533e-07 0.000264064 0.0361037 0.000901916 0.0611427 0.000390614 0.000301603 2.36636e-05 3.09981e-06 0.0267559 0.0126633 0.000257652 0.0520607 0.62032 
1.7536e-05 0.021214 0.0016882 0.0551332 0.00255194 0.0167259 0.00231741 0.292267 6.02403e-07 0.00518066 1.50675e-08 1.8229e-08 0.0052296 0.00154562 0.000204053 6.28081e-08 0.0120887 0.0103986 3.77119e-08 0.532334 1.16297e-07 1.5139e-08 0.032591 0.00851164 
0.00313253 0.00488629 0.00128433 0.0507384 0.203236 0.0191462 0.00013712 0.0247887 6.63316e-06 0.00212711 2.00346e-08 0.000308609 0.104275 1.4722e-05 3.80593e-06 0.00150861 0.00340611 0.0468441 3.07357e-08 0.502771 0.0106505 1.05708e-07 0.0202038 0.000530241 
0.000950563 0.0414934 0.0296368 0.00123685 0.0993413 0.0873907 0.00215524 0.00597387 1.22707e-05 0.000102564 1.03223e-05 0.000113363 0.0662254 0.00397116 0.0304057 0.00549365 0.000704838 0.121084 1.24986e-05 0.0672636 0.0811552 0.00123647 0.084648 0.269383 
0.0145851 0.272745 0.00190616 0.122056 0.0261162 0.105513 0.0603639 0.0202008 0.0129972 0.00199834 3.57845e-05 0.00457132 0.0302154 0.000818594 0.000464554 0.000251219 0.0186225 0.0482007 0.00019794 0.111363 0.0229135 0.0120217 0.102532 0.00930948 
9.94461e-07 9.67185e-05 1.342e-06 2.19672e-05 0.00462824 0.0195014 0.000107874 6.15276e-05 3.01547e-05 0.000218837 6.90696e-07 1.20331e-05 9.58695e-05 1.35573e-06 2.96851e-06 0.0137875 0.000106349 0.00323964 4.33816e-06 0.121645 0.0008437 1.22847e-05 0.0250025 0.810576 
0.0521999 0.0604814 0.0770028 0.00111102 0.00882707 0.253276 1.14099e-05 0.00228007 0.000180087 0.00312005 4.3508e-07 0.00124761 0.125312 0.00688755 0.00506352 0.0240637 0.029599 0.00610711 8.6804e-05 0.00154104 0.0703717 1.8181e-06 0.131937 0.13929 
0.0010077 0.00210516 0.00476527 0.142638 1.93102e-07 0.0240734 1.95475e-12 0.0103183 1.19586e-08 6.432e-05 7.51126e-13 1.28499e-08 0.0765268 0.000579677 1.92083e-07 0.000828831 1.14266e-07 4.47909e-08 4.71771e-12 0.646551 0.0086122 3.50628e-12 0.0819281 9.97359e-13 
0.0115774 0.000656953 0.000751093 0.0505225 0.00156225 0.78525 1.58424e-05 0.00104434 0.000293728 0.0384964 2.08144e-06 0.00107419 0.00334729 0.0141508 0.000983303 0.000745413 5.45867e-05 0.00704949 1.30732e-05 0.0115539 0.0603022 9.71621e-06 0.0105405 2.76377e-06 
0.000366063 0.448824 0.0232538 0.144119 0.0376031 0.0583765 0.00870525 0.00213098 0.00243468 0.00165388 4.56968e-07 0.000167192 0.0242146 0.000469571 0.13633 0.00138087 3.27706e-05 0.0378081 7.95382e-07 0.0100252 0.0178214 5.9114e-07 0.0441601 0.000120821 
0.0465328 0.212635 0.000310076 0.0296115 0.00625868 0.0472989 0.00345033 0.013469 7.65823e-05 0.0172809 1.80234e-10 4.74292e-10 0.0552219 0.458636 7.74619e-10 0.0217358 0.00144967 0.00259014 1.08836e-05 0.0233077 0.00471832 1.2672e-07 0.0542604 0.00114578 
0.0122073 0.00893517 0.0047639 0.00600281 0.0449544 0.0104821 2.79329e-05 0.00984202 0.000263116 6.36497e-05 4.78393e-07 0.000897635 0.0491196 0.00159241 1.32793e-05 0.00430794 0.00507174 0.00163339 2.52291e-05 0.773847 0.00582334 2.28178e-06 0.0591642 0.000959448 
0.0716332 0.00645936 0.0215941 0.0300084 3.83447e-06 2.46032e-06 2.66885e-05 0.487288 1.2996e-06 2.4863e-09 1.58458e-09 4.16988e-09 0.111339 1.77346e-05 6.81031e-09 1.91048e-05 3.69056e-07 0.0434861 9.95255e-09 0.0235815 1.34609e-05 7.39689e-09 0.204526 2.10404e-09 
0.00305495 0.0128189 6.07036e-05 0.0121834 0.780777 3.33345e-05 6.81543e-06 0.000211666 0.000736739 4.41818e-05 3.58297e-07 5.43364e-06 0.0412149 0.00665143 0.00811718 0.114647 9.26996e-07 7.52348e-05 2.16109e-06 0.0012266 1.3824e-05 1.60615e-06 0.000867933 0.0172476 
6.72948e-05 0.0029948 0.00310476 0.000194373 0.000942945 0.543468 3.45841e-06 0.000114785 3.52566e-06 0.0022197 1.32891e-06 3.49708e-06 0.005511 0.438319 5.71148e-06 2.47743e-06 0.000862732 0.000137297 3.74816e-05 0.000217702 0.00151044 6.20341e-06 0.000139764 0.00013111 
3.4425e-05 0.0135257 0.010145 0.0437906 5.2852e-05 0.13221 5.80184e-07 4.04164e-05 0.0142805 0.011159 2.22939e-07 5.86671e-07 0.000206989 0.00067684 9.58159e-07 4.15615e-07 4.16089e-05 2.98943e-05 0.000121563 0.00748748 0.00208459 4.72416e-05 0.0537453 0.710317 
0.133051 0.000602203 0.00948633 0.0128559 0.000281853 0.0753994 4.35467e-08 1.71781e-07 6.16527e-08 0.00608735 4.68487e-12 3.96705e-08 0.00219499 5.94129e-08 5.53954e-05 8.73379e-12 0.000522944 0.0031753 2.9425e-11 0.00970403 0.704265 1.15905e-08 0.0423174 1.71836e-08 
0.529723 0.000242823 2.5874e-07 0.000265319 0.00398483 0.22795 0.00113459 0.018665 0.0020333 1.47292e-07 8.2814e-11 2.17928e-10 0.000148372 0.165066 3.55922e-10 0.000523365 0.00551342 0.000542742 5.20143e-10 0.00791257 0.000527869 3.86578e-10 0.0347969 0.000969331 
0.0224439 0.00132064 9.27429e-05 0.0510783 6.70099e-06 0.011018 2.40875e-06 0.00243333 6.94608e-07 0.0470911 1.00598e-09 6.76981e-08 0.000191157 0.00118023 4.32355e-09 3.1885e-06 0.0545696 7.02419e-05 6.31841e-09 0.000690414 0.693474 4.69594e-09 0.114227 0.000106658 
0.0158888 0.000349624 0.0171499 0.0223916 0.00050089 0.740832 0.00255822 0.00401366 7.19014e-09 0.000712905 1.46611e-10 3.85812e-10 0.000799227 0.021279 0.000246453 0.000225491 0.0387322 0.0121308 9.20845e-10 0.0183634 0.101939 1.16364e-05 0.00163842 0.00023641 
0.00102231 0.0127588 0.00168306 0.130282 0.0909524 0.0289131 0.0015105 0.00881178 5.78204e-06 0.012172 1.69445e-06 0.000776643 0.0646764 0.0771151 1.95709e-06 0.026759 0.00116176 0.296111 0.0548954 0.0916873 0.0512003 3.39699e-05 0.0466989 0.000769308 
0.00031398 0.0334322 0.0228841 0.0291336 0.00550575 0.146705 0.00567869 0.00628614 0.00259235 0.000986146 3.16714e-06 2.30551e-05 0.0180329 0.00149256 0.00199912 0.0322926 0.00426602 0.0644998 0.00542263 0.0276991 0.0112366 2.05587e-05 0.0295353 0.549959 
3.86176e-08 0.0321274 8.70398e-05 1.03032e-06 0.471332 0.0368857 1.02452e-07 0.000411374 0.000720044 0.010676 4.3727e-11 2.21863e-07 0.0421657 1.0631e-07 1.87932e-10 0.00395094 4.24045e-08 0.0029994 2.74643e-10 0.369509 6.51082e-08 2.04119e-10 0.0288937 0.000240527 
0.00274112 0.0157558 0.00700609 0.0153734 0.013121 0.287397 0.000274039 0.0194432 0.000170584 0.00374886 2.22513e-06 0.199064 0.0737454 0.00365724 0.0187658 0.00706622 0.0185931 0.0401608 3.51538e-05 0.0269528 0.193071 8.78273e-05 0.0500695 0.003698 
0.183344 2.65155e-07 0.0715083 0.000170702 0.00548146 0.096886 0.000416169 0.00659029 3.5103e-08 9.42924e-08 2.79994e-12 5.53542e-08 0.00726283 8.19817e-09 1.03791e-06 1.70332e-08 0.0011119 0.00283375 1.7586e-11 0.369406 0.0530332 1.30702e-11 0.201825 0.000128386 
0.0386986 0.00949001 0.00066785 0.26558 0.00284444 0.0795582 3.6647e-05 0.21995 0.00072509 0.00120253 3.19063e-08 7.56578e-07 0.00201719 0.045249 0.000280002 2.55899e-05 0.017855 0.0184664 0.00347649 0.246641 0.01325 9.22926e-07 0.0334587 0.000526088 
0.0102175 0.05219 0.00413804 0.0239072 0.0781456 0.0766432 0.000990075 0.032634 0.00268843 0.0254269 1.47681e-05 0.000325826 0.011276 0.0817683 4.58443e-05 0.00627966 0.0103469 0.0243684 9.06249e-05 0.0323645 0.0128477 0.000144835 0.0237384 0.489407 
0.00207837 0.00503949 0.00247559 0.0268251 0.00144297 0.0283325 4.45952e-05 0.0346701 1.87198e-11 8.70432e-08 7.05597e-12 5.11062e-08 0.104306 3.57402e-07 6.48019e-06 0.0263618 0.000191124 1.16884e-07 3.50976e-09 0.71952 0.00330096 3.29375e-11 0.0453397 6.46737e-05 
0.000623927 0.0421865 3.75545e-05 0.0488901 0.175021 0.0780483 4.11513e-05 0.00717298 8.96082e-06 0.00110657 2.35645e-07 0.000226281 0.0583083 1.72607e-05 1.2494e-06 0.00152887 2.09412e-05 0.0426103 3.65781e-07 0.517879 0.0120992 1.24278e-06 0.0087854 0.0053847 
0.000179082 0.123487 0.000416365 0.0299613 0.0934733 0.00828903 0.000132801 0.0103099 1.04281e-05 0.0275173 4.74983e-07 3.42813e-05 0.0425927 0.00109362 0.00011271 0.0249984 0.00173022 0.060795 4.67564e-06 0.475618 0.000876027 1.09272e-05 0.0961163 0.00224072 
0.00175581 0.0760076 0.0664657 0.00166672 7.521e-06 0.140907 3.99256e-07 4.86778e-07 7.96579e-07 0.00793751 2.64895e-10 1.09343e-06 5.41968e-06 0.0797302 8.76505e-07 0.0989384 4.54738e-07 0.116019 8.17149e-07 0.0225329 0.0238689 1.23654e-09 0.181466 0.182687 
0.00366895 0.0896685 0.00213985 0.0687367 0.0893065 0.0519682 0.00111281 0.0107637 0.00104752 0.00350656 3.54549e-05 0.000478758 0.112812 0.00784545 0.000461899 0.0062483 0.00186235 0.011274 0.00196842 0.360005 0.00407285 0.000318149 0.147852 0.0228465 
4.15834e-05 5.80647e-05 0.000968072 0.00187752 0.00400038 0.0385403 0.000568424 0.000346587 1.48961e-06 0.0279528 5.61474e-07 2.44219e-05 0.62205 2.28e-05 2.41313e-06 3.52907e-06 0.00676742 6.52948e-05 3.52654e-06 2.63628e-05 0.215259 2.62098e-06 0.0329173 0.0485003 
0.000783513 0.00254065 0.00126239 0.101159 0.0231392 0.0568023 0.000269888 0.11659 0.000621224 0.00483557 1.25452e-09 3.53539e-06 0.0691138 0.0127451 0.0071364 0.000466024 0.000102244 6.53487e-08 1.23314e-08 0.583973 0.0105781 0.000165297 0.0063343 0.00137874 
0.0141705 0.00663628 0.000246658 0.215137 0.00894743 0.16069 0.000680094 0.0198907 0.00010377 0.0632591 4.51199e-11 7.55548e-09 0.0166507 0.144503 4.675e-06 2.56926e-07 0.0182001 0.0766652 1.82845e-05 0.111219 0.119893 2.10621e-10 0.0229171 0.000166234 
0.014034 0.00949158 0.00290936 0.0151238 0.00415768 0.15583 0.000118436 0.0165752 0.00130805 0.00457828 3.09504e-07 0.000591343 0.0403142 0.0284563 3.56909e-05 0.000191493 0.0154746 0.000797049 8.01217e-06 0.0472304 0.632636 3.19646e-06 0.00968748 0.00044759 
0.00316701 0.00354614 0.00356423 0.0167508 3.72103e-07 0.172497 2.51201e-07 0.345914 0.00106867 0.00033611 3.6773e-11 0.000136726 0.0230236 0.0930347 7.94652e-05 0.00795489 0.000104385 0.000540045 2.94931e-07 0.0489503 0.116117 8.48768e-06 0.158693 0.00451257 
0.00200586 0.0528732 0.0130696 0.00735002 0.0298391 0.0212908 0.000183981 0.00249471 3.7379e-05 0.00276258 2.1057e-05 0.000924216 0.182882 0.539088 0.000172895 0.0142249 0.000980463 0.00182585 0.0442763 0.0375825 0.0206036 4.9354e-05 0.0243767 0.00108495 
0.00012478 8.72624e-05 0.0222857 0.00772323 0.0050089 0.00568885 0.000510866 0.87842 0.000278252 0.00172792 1.08005e-06 2.84219e-06 0.00114019 0.000126371 4.6419e-06 0.00566328 3.04872e-05 0.00945308 6.78365e-06 0.00088432 8.2841e-05 5.04171e-06 0.00818553 0.0525573 
0.000515764 3.56717e-05 0.000313541 0.00174965 0.000136633 0.00685989 1.61858e-05 0.00832039 3.85849e-06 7.684e-05 2.58915e-06 2.01083e-05 0.00251706 2.85471e-06 1.03259e-05 2.71131e-06 0.0182866 0.000664069 9.13468e-06 0.949781 0.0024905 9.28815e-06 0.00812085 5.39913e-05 
0.0770272 0.00324139 0.079325 0.029406 0.00599996 0.287913 8.56458e-07 0.0171071 7.77717e-05 1.12654e-07 9.51586e-11 2.15159e-09 0.00692209 0.0402041 4.90432e-06 0.00229798 0.00247854 3.39704e-08 1.2961e-05 0.136736 0.226477 4.44203e-10 0.0812291 0.00353933 
0.00018817 0.00580196 8.58047e-09 0.131442 4.17422e-08 0.00377071 0.000349981 0.0511177 2.29686e-12 0.000849035 8.65746e-13 2.27824e-12 0.00913877 0.00225792 4.45678e-05 2.50182e-08 0.000900983 0.0596362 5.43763e-12 0.534186 4.07161e-08 4.04133e-12 0.200315 1.13817e-08 
6.09803e-05 0.00121462 0.015902 0.043034 0.0710797 0.0160775 0.0170715 0.0016461 0.00014728 0.000341078 3.3351e-08 5.20271e-05 0.0159765 0.0272276 0.00135188 0.0448856 0.000356131 0.00427768 2.09473e-07 0.00832708 0.00332958 1.66375e-05 0.712798 0.0148258 
0.034797 0.0456913 0.0095634 0.0502217 0.0173101 0.410517 0.00579199 0.0150501 0.00107105 0.00501155 4.10367e-05 0.00494142 0.0417292 0.0221949 0.00290326 0.00601788 0.00971032 0.0185892 0.000486871 0.038519 0.20482 7.78049e-05 0.0431523 0.0117918 
0.00373275 0.00105476 0.00532848 0.560235 0.0029439 0.0151543 9.70998e-05 0.0069437 1.56982e-05 0.045772 1.06245e-07 1.54283e-07 0.0155888 0.00793422 1.63773e-05 0.000759349 0.00160447 0.00195019 2.08693e-06 0.142426 0.0116063 1.21475e-06 0.176813 2.01201e-05 
0.00179664 0.00268279 0.00138233 0.00223512 0.0478011 0.0628625 4.35835e-05 0.000648756 9.19828e-05 0.000175698 1.36043e-05 0.00073265 0.0429121 0.0095051 5.08555e-05 0.00311219 4.91742e-05 0.00607272 0.004766 0.142305 0.0416285 1.64806e-05 0.150062 0.479053 
0.00530157 0.0116639 0.000372067 0.596932 0.00107274 0.0704511 2.92996e-05 0.000374069 4.35682e-05 0.00199607 4.01085e-06 0.000217747 0.0112526 0.000280772 4.37468e-05 0.000200256 5.56224e-05 0.246056 8.31232e-05 0.0384763 0.00778206 1.65448e-05 0.00645306 0.0008413 
0.00718799 0.115182 0.0180036 0.000288593 0.0206897 0.295118 0.0087552 5.65415e-07 0.000386167 0.000197635 1.52777e-10 2.65958e-06 1.20215e-06 1.65773e-06 3.18639e-06 0.00376952 0.061014 0.0278411 9.5957e-10 0.0544481 0.0128332 7.13167e-10 0.304907 0.0693684 
0.0467504 4.9283e-05 0.608083 0.00281397 0.00140521 0.181854 2.56052e-06 6.35681e-05 4.14127e-06 1.67531e-07 1.06772e-07 2.80974e-07 0.00307987 8.18899e-05 6.89996e-05 2.0709e-06 0.00130896 0.000749585 6.70619e-07 0.00714543 0.0383002 4.11622e-05 0.10573 0.00246406 
0.00247176 0.0265858 0.00538728 0.30052 0.0165614 0.0408332 0.000301277 0.167633 0.00134978 0.00250413 2.95644e-06 0.127168 0.0508025 0.105291 3.25696e-05 0.00129356 0.000884634 0.0132108 0.00942414 0.0753559 0.0162184 1.0396e-05 0.0129814 0.0231752 
0.148004 0.00924991 0.340795 0.0306354 0.00257142 0.177686 7.11061e-07 5.27682e-07 2.04385e-10 0.000871628 7.7038e-11 2.02728e-10 0.0138272 1.29043e-06 3.31098e-10 0.0064589 0.00155912 0.0720011 4.83865e-10 0.00181482 0.0163509 0.000238316 0.176151 0.00178199 
0.0556142 0.00146547 4.05726e-07 0.00474181 0.0021643 0.164351 2.59775e-07 0.00428219 6.37447e-08 0.0113835 5.08183e-10 1.18536e-06 0.0586772 3.26672e-05 0.0408083 0.000101952 0.0621502 0.000326066 3.19182e-09 0.00159038 0.588245 6.38837e-07 0.0040343 2.92777e-05 
0.0983307 0.00226192 0.0105095 0.00722088 0.0539275 0.396852 0.000607977 0.0341783 0.00634207 0.00957699 5.71829e-11 0.00126654 0.00036747 1.06043e-06 2.45764e-10 0.0953015 0.00260627 0.0533447 3.59158e-10 0.182515 0.00116209 2.66932e-10 0.029087 0.0145406 
0.0372493 0.0549618 0.11118 0.00241717 0.03285 0.166349 0.00101187 0.0356799 2.26614e-08 0.000857467 4.59204e-13 1.43812e-08 0.144833 9.0135e-13 7.30428e-09 8.86047e-08 2.93582e-05 3.28991e-08 2.8842e-12 0.297828 0.0432758 2.14358e-12 0.0706562 0.000820547 
0.529723 0.000242823 2.5874e-07 0.000265319 0.00398483 0.22795 0.00113459 0.018665 0.0020333 1.47292e-07 8.2814e-11 2.17928e-10 0.000148372 0.165066 3.55922e-10 0.000523365 0.00551342 0.000542742 5.20143e-10 0.00791257 0.000527869 3.86578e-10 0.0347969 0.000969331 
0.000385137 0.233646 0.00191305 0.00258939 0.0452292 0.0275183 0.0160246 0.004962 0.0553483 0.00443172 1.26091e-05 0.0149697 0.0302693 0.0106337 0.00133477 0.00817396 0.0450376 0.00292125 0.000448606 0.0290373 0.00447519 0.000120911 0.0864106 0.374107 
9.22521e-05 0.00561858 0.488101 2.4126e-06 0.00452363 0.295559 1.59196e-06 0.00143468 0.0246653 3.61438e-06 4.44135e-08 0.000195173 1.99682e-05 0.00838233 1.52032e-05 0.00151851 0.00164097 0.0265634 0.000221273 0.00734684 0.0239371 2.07324e-07 0.0969188 0.013238 
0.0940869 0.00163534 0.0043057 0.00305713 0.00830365 0.285454 2.73415e-05 0.0123881 0.000722901 0.00474833 2.60785e-07 0.00987746 0.0153958 0.0103307 0.000143229 0.000446144 0.0312399 0.000810869 0.00023372 0.0478082 0.451551 9.53057e-07 0.0155143 0.00191799 
0.00680482 0.0848296 0.00473649 0.184202 0.177917 0.0554826 0.000694217 0.00246451 0.0159259 0.0804534 8.63679e-07 0.000157373 0.154673 0.00383743 0.000288262 0.00745677 0.0671309 0.0756764 0.0347206 0.0162947 6.21485e-05 3.03049e-06 0.00755526 0.018633 
2.09395e-07 0.00131261 0.00132795 0.0540446 2.0443e-07 5.18715e-07 1.02629e-07 0.668732 1.12487e-11 0.00135325 4.23994e-12 1.11575e-11 9.0967e-07 4.31939e-07 1.03888e-07 1.3201e-07 7.80962e-08 6.02068e-07 2.66305e-11 0.0812948 1.99404e-07 1.97922e-11 0.191931 5.62987e-12 
0.00397873 0.126588 0.00477699 0.113122 0.00583865 0.223283 3.3109e-06 0.00714465 2.7941e-05 6.95305e-06 9.74858e-07 1.97935e-05 0.0176383 0.147835 2.24183e-06 1.74328e-05 0.00126953 0.0884177 0.000302329 0.00274667 0.00635182 0.00273047 0.126291 0.121607 
7.73847e-05 0.137428 0.000212085 0.00946511 0.297631 0.00227674 0.00115098 4.14903e-05 0.518956 0.000145476 7.11873e-08 1.25995e-05 0.0127424 4.99166e-05 0.000378673 0.00712368 0.000100926 0.00090473 2.06635e-05 0.00411821 0.000829438 1.93484e-07 0.00232991 0.00400469 
0.00490121 0.000731118 0.00723905 0.00361468 0.000281196 0.00573931 0.000572328 0.00225789 0.000810313 0.00159091 4.07184e-08 1.07152e-07 0.000894241 7.99242e-08 0.000297678 7.59094e-08 0.000721841 0.000541547 2.55746e-07 0.00170649 0.00704758 0.00015225 0.9609 5.40667e-08 
0.107716 0.00206481 0.131544 0.00516659 0.00456062 0.448844 7.2138e-08 0.00171132 2.77212e-07 8.69558e-05 6.59733e-08 0.00572337 0.00430847 0.000312859 1.0484e-06 5.24691e-07 1.86776e-05 0.0162942 0.000121864 0.000639025 0.152912 4.2071e-07 0.111653 0.00632092 
1.6464e-11 0.0113483 2.24474e-06 0.0936489 0.0229118 3.31269e-08 4.16994e-05 0.0239369 6.22673e-08 0.0398541 1.1435e-11 1.5257e-06 0.3432 0.0108915 3.37048e-08 2.99555e-07 0.00248622 0.0765284 5.62825e-08 0.375062 8.60765e-05 1.83306e-08 5.2015e-07 1.51836e-11 
0.0390638 0.001731 0.000915407 0.0182564 0.143686 0.0163306 9.49574e-05 0.0205163 0.000333518 0.0475908 4.85954e-09 0.000298271 0.124028 0.000599678 2.01558e-05 7.36644e-05 0.15985 0.295232 5.03012e-07 0.0426379 0.00438086 1.61797e-08 0.0828361 0.00152374 
2.3189e-05 0.00370923 0.00321532 0.0713209 0.00017773 0.0260216 0.124123 0.000146567 2.14814e-07 0.0002091 8.0969e-08 0.00100046 0.0234364 8.43865e-05 6.46998e-06 0.00627737 6.59869e-06 0.00317588 5.2548e-05 0.0126319 0.0336732 0.000190619 0.255501 0.435016 
3.52323e-05 0.323417 0.000589777 0.0789394 0.0696151 0.0115219 0.000210842 0.000506461 0.000136757 0.00344232 7.39568e-08 0.00150619 0.104231 0.0156307 0.000573218 0.00202181 0.0413049 0.00240452 1.84456e-05 0.321228 0.00567979 2.41434e-06 0.0164622 0.000522672 
0.0814958 0.00087329 6.3347e-05 0.00835014 0.00107076 0.240028 1.90334e-08 0.000384986 4.23898e-08 0.000115461 6.40361e-11 5.59882e-08 0.00438328 8.04481e-08 0.286347 9.75982e-08 0.0925861 0.00045534 4.02202e-10 3.33778e-08 0.277657 1.65746e-07 0.00608716 0.00010171 
3.67255e-06 1.2204e-06 8.50488e-07 3.43269e-07 1.15272e-06 0.927939 8.06912e-07 3.61194e-07 0.00118477 2.04404e-11 1.30272e-11 3.42815e-11 7.04881e-07 2.55705e-11 5.59947e-07 4.88151e-09 0.00429743 3.11858e-07 8.1822e-11 0.00146494 0.0650988 6.08114e-11 4.23724e-06 1.25757e-06 
0.00647209 0.00961973 0.000416037 7.45467e-08 0.413856 0.00314399 0.000446847 0.00408325 2.85933e-05 0.00435616 6.54023e-13 0.00245524 0.239869 0.00144328 1.3214e-08 0.00480673 0.0120615 0.112461 4.11193e-09 0.139018 0.00341599 3.053e-12 0.0420479 4.16931e-09 
9.35219e-05 0.110995 0.000580058 0.0196349 0.0619803 0.000788431 1.09774e-06 0.00902212 2.9391e-05 0.000585757 3.66917e-08 8.82133e-05 0.311459 0.00465578 0.00174471 0.00047285 0.000110195 0.159797 1.26789e-07 0.219869 0.0893092 9.42314e-08 0.00873314 5.00067e-05 
0.000840574 0.025408 0.00258884 0.0990249 0.02093 0.0204722 5.11382e-06 0.018991 2.93434e-05 0.000250647 4.61348e-08 0.00387486 0.21694 0.00782636 0.000105664 0.0216632 0.0194576 0.00151488 1.22667e-06 0.485444 0.0100995 8.29024e-07 0.0443179 0.000212498 
0.00018817 0.00580196 8.58047e-09 0.131442 4.17422e-08 0.00377071 0.000349981 0.0511177 2.29686e-12 0.000849035 8.65746e-13 2.27824e-12 0.00913877 0.00225792 4.45678e-05 2.50182e-08 0.000900983 0.0596362 5.43763e-12 0.534186 4.07161e-08 4.04133e-12 0.200315 1.13817e-08 
0.205592 0.0421521 0.0568292 0.00691798 0.000695285 0.285708 8.26908e-07 0.00127463 8.56148e-05 0.000102116 2.50339e-08 6.58775e-08 0.024695 0.0319605 8.82605e-06 0.0037183 1.21648e-05 2.86609e-05 1.57234e-07 0.0377852 0.00475198 3.77276e-05 0.116682 0.180962 
0.000496588 0.0185112 0.0033858 0.337664 0.0215249 0.0459801 0.000315708 0.0183941 0.00126723 0.0393053 3.70679e-05 0.00260287 0.0539644 0.00560356 0.000795934 0.0112778 0.0374537 0.064923 0.000747 0.0762766 0.00638548 0.000123453 0.212124 0.0408396 
0.00873719 0.0494335 0.370873 0.0387701 0.000589092 0.251193 0.000122081 0.022086 9.82777e-05 0.00341222 1.07539e-07 0.00212539 0.0238243 0.0193465 5.61323e-06 0.0322475 0.000670929 0.0089889 0.00231387 0.0439395 0.0528937 1.96434e-07 0.0515406 0.0167879 
6.7264e-08 0.0232361 0.000455324 0.0568448 0.0319155 0.00144069 2.37963e-06 0.00328201 0.0117191 0.0059405 6.34157e-12 1.6688e-11 0.353229 0.014516 0.000106065 0.033014 0.0036205 0.000422685 0.000473758 0.39829 5.45024e-07 1.74888e-07 0.0605489 0.000942063 
0.0732696 0.00186657 0.0151932 0.00571405 0.00116883 0.081103 0.0119727 0.00531575 0.000147603 1.04476e-05 2.20654e-09 4.60951e-05 0.00160707 0.000192167 0.0010249 0.00108023 0.00122454 0.000590068 5.23749e-08 0.00602031 0.790491 5.7005e-07 0.00167447 0.000287113 
1.84087e-06 0.0294724 3.64836e-07 0.0455415 0.0186291 0.00675018 2.01631e-07 0.0218126 0.000134155 0.00111322 1.88201e-10 4.95256e-10 0.0616791 1.85033e-07 2.26487e-07 3.50854e-10 6.8642e-07 0.00740788 1.18206e-09 0.788067 1.49458e-07 1.249e-07 0.0189404 0.000448719 
0.00129269 0.089365 0.00877266 0.070036 0.00872427 0.00926806 2.06413e-09 0.00424689 0.00075213 0.000846259 7.93155e-10 2.08721e-09 0.0901951 0.0508925 2.81121e-06 0.62104 0.0070006 6.69702e-07 4.98169e-09 0.00185196 0.0195236 3.70247e-09 0.0161871 1.12037e-06 
0.00923886 0.000424775 9.05325e-05 0.0187758 2.38067e-05 0.0348989 0.0023803 0.0409503 1.55647e-06 9.80541e-06 5.86677e-07 0.000590141 0.00998819 1.15156e-06 1.70878e-05 0.00123538 0.000179431 0.0271132 3.68483e-06 0.0666197 0.722422 2.73862e-06 0.059978 0.00505395 
0.00140705 0.00994863 2.96461e-06 0.016051 0.0116395 0.110599 2.41128e-06 0.0102186 0.00328071 0.00132377 1.54537e-09 6.75703e-07 0.0392431 0.0208195 6.64177e-09 0.00334864 1.22725e-05 0.052713 9.70624e-09 0.0158182 0.002496 1.61102e-06 0.01478 0.686294 
0.00895515 0.0322054 0.192447 0.00137626 0.000595363 0.133628 0.000114898 0.00128044 6.31849e-05 0.000134241 7.0234e-08 0.000261907 0.000561858 0.0030999 6.95926e-05 0.00233767 0.00386512 0.000652493 0.000147384 0.00118176 0.00336093 3.27854e-07 0.196282 0.41738 
0.0127445 0.199655 0.0453535 0.0320254 0.0382838 0.18987 0.0224332 0.0363458 0.0020904 0.000954107 0.00090963 0.00383858 0.0498575 0.0345456 0.00358266 0.0117324 0.00694878 0.0333801 0.00666381 0.0910541 0.0709404 0.00937058 0.0655118 0.0319084 
0.0435684 0.00276611 0.00040303 0.0613833 0.0109445 0.00957165 0.000460737 0.0617415 8.50965e-05 0.00295919 8.44246e-06 7.40305e-05 0.0603206 0.00228082 1.49638e-05 0.000757406 0.0246453 0.00158252 2.27442e-05 0.613663 0.0243197 1.53992e-05 0.0482276 0.0301839 
0.0737898 0.00108197 0.000179487 0.013521 0.0300538 0.373946 0.000112511 0.00412156 9.61964e-05 0.00315972 1.9466e-10 0.00192205 0.045541 0.012566 7.23644e-05 0.00100898 0.194682 0.0146023 6.63444e-07 0.00439367 0.172041 4.65801e-07 0.026204 0.0269043 
0.0478485 0.0206458 0.0682163 0.123939 0.0158181 0.0350658 0.00205397 0.0544076 0.000636108 1.5289e-07 3.33874e-12 8.786e-12 0.157247 6.55345e-12 1.06772e-08 0.000226052 2.14055e-05 2.65042e-07 2.09701e-11 0.339954 0.0126762 1.55853e-11 0.120353 0.000890676 
2.09395e-07 0.00131261 0.00132795 0.0540446 2.0443e-07 5.18715e-07 1.02629e-07 0.668732 1.12487e-11 0.00135325 4.23994e-12 1.11575e-11 9.0967e-07 4.31939e-07 1.03888e-07 1.3201e-07 7.80962e-08 6.02068e-07 2.66305e-11 0.0812948 1.99404e-07 1.97922e-11 0.191931 5.62987e-12 
0.166124 1.31999e-06 2.65924e-06 9.08077e-08 8.87682e-07 0.70743 1.89399e-06 4.5417e-06 1.64189e-06 1.02198e-10 6.51335e-11 4.06352e-06 4.42883e-07 2.23974e-07 2.79934e-10 1.21425e-10 1.81921e-05 1.10124e-06 4.09094e-10 7.58814e-07 0.125306 3.06825e-07 0.00110152 2.43162e-07 
0.00129276 0.00505395 0.00224448 2.41609e-09 0.1177 0.00764804 0.000143526 0.00144509 6.86772e-10 0.000193787 9.58395e-14 0.000135069 0.0804608 5.4368e-09 1.52446e-09 5.21717e-08 0.000440297 0.0034359 6.01954e-13 0.766401 0.003505 4.47381e-13 0.0098297 7.08725e-05 
0.00238465 0.0308965 0.0125634 0.00687693 0.00880579 0.0567938 0.000875922 0.00400955 0.000763466 0.00449932 2.0515e-05 0.000227668 0.0145344 0.00862548 0.000532549 0.0116333 0.0101615 0.0312107 0.00223519 0.0384975 0.00364718 0.000155811 0.0269328 0.723116 
0.00593227 0.0274337 0.00144701 0.161756 0.0217255 0.0323565 0.000156134 0.0238049 7.88116e-05 0.019158 1.90108e-05 0.000485212 0.241104 0.0107819 0.00178083 0.00602074 0.00485167 0.104631 3.04167e-05 0.268877 0.0230545 0.000688995 0.0380941 0.00573116 
0.000565215 0.065092 0.00534291 0.240633 0.00824588 0.024046 1.08038e-10 0.0328108 1.93855e-06 2.54103e-07 4.15141e-11 1.09246e-10 1.38101e-06 0.0236825 0.00143031 0.041113 1.40948e-07 0.0033104 2.60744e-10 0.0750766 0.0031217 1.93789e-10 0.466508 0.00901736 
0.00550631 0.0415974 0.00523551 0.0358436 0.0141902 0.0515293 0.000261722 0.0151347 4.97103e-05 0.0172792 3.46144e-05 0.00038848 0.0259405 0.120047 0.000899916 0.0081648 0.00213255 0.0467333 0.00159837 0.0163928 0.0337027 5.08134e-05 0.0485659 0.50872 
0.0011102 1.37983e-07 0.00135837 0.123482 0.000281042 0.16083 2.918e-08 0.0230571 1.12516e-09 0.000140181 1.10976e-11 2.92036e-11 0.000103935 0.514023 0.00410732 2.06887e-11 5.72989e-08 0.0104719 6.97022e-11 0.0111883 0.149837 5.18037e-11 9.1844e-06 1.47355e-11 
0.00130663 0.0167709 0.000279788 0.0799398 0.00701197 0.0656492 4.30159e-05 0.0504024 8.19246e-05 0.00165768 3.92904e-10 0.000974769 0.00750958 0.000106668 0.000264979 0.0144758 0.0116209 0.0436772 6.52502e-08 0.680901 0.00640408 1.07865e-09 0.0107985 0.00012354 
3.3382e-06 0.0137456 0.0624802 0.00338047 0.00055808 0.0650107 3.27766e-05 2.81115e-06 0.0400469 0.00596731 9.22868e-09 1.90871e-06 7.84628e-05 0.0283793 3.96635e-08 0.118046 1.65636e-06 0.0130419 0.104947 0.0152021 0.0620929 4.30798e-08 0.344599 0.122382 
0.000876348 0.0849974 7.56899e-06 0.0523036 6.91194e-06 0.0175941 6.61343e-07 0.000737673 6.74203e-07 7.10403e-05 2.54125e-07 6.68738e-07 0.00946855 0.708666 3.22116e-05 3.25328e-05 0.00283947 1.71464e-05 1.59612e-06 0.022669 0.0718808 2.42251e-06 0.0277928 3.37432e-07 
0.0185386 0.0235549 0.00248584 0.00154946 1.4576e-05 0.0861943 0.000236202 0.000898226 0.00217888 0.0138704 7.6087e-08 2.00225e-07 0.0323595 5.6965e-05 4.15376e-05 0.000206995 0.00451256 0.00510625 4.77892e-07 0.00138072 0.0321645 3.55176e-07 0.757067 0.0175817 
0.0213011 0.000335829 0.00273187 0.0037579 3.06355e-08 0.222837 1.00361e-05 0.00245498 0.00865093 0.00453602 5.67763e-11 2.95845e-07 0.00591353 5.90559e-05 2.73207e-07 3.3718e-08 0.0197084 0.000969613 3.56604e-10 0.000747287 0.664979 2.65034e-10 0.0404152 0.000591885 
0.000962605 0.0431105 0.000366564 0.14075 0.0292446 0.00796857 1.27413e-05 0.00923108 4.39765e-05 0.215124 1.99485e-06 0.00024177 0.370226 0.0115375 1.81837e-05 0.00223349 0.00567003 0.0171222 6.41705e-05 0.0959703 0.00836344 4.68868e-06 0.0404293 0.00130208 
2.09395e-07 0.00131261 0.00132795 0.0540446 2.0443e-07 5.18715e-07 1.02629e-07 0.668732 1.12487e-11 0.00135325 4.23994e-12 1.11575e-11 9.0967e-07 4.31939e-07 1.03888e-07 1.3201e-07 7.80962e-08 6.02068e-07 2.66305e-11 0.0812948 1.99404e-07 1.97922e-11 0.191931 5.62987e-12 
0.00085743 0.0280232 0.00274605 0.0626795 0.0319587 0.0227861 0.00230248 0.0277574 0.00206956 0.00259064 2.54549e-05 0.000164039 0.0124799 0.00817449 0.000910524 0.00137129 0.000165544 0.435341 5.63738e-05 0.0751326 0.0149411 0.000474492 0.0651699 0.201822 
0.000642334 0.000281643 3.87923e-05 0.00536773 0.012113 0.00257234 6.14433e-05 0.00722397 2.73922e-05 0.00376848 8.50681e-10 0.000469072 0.0333783 1.02294e-09 0.000571432 0.000332907 0.923085 0.000665781 1.30168e-09 0.000892173 0.00250668 1.26171e-06 0.00599832 2.10293e-06 
7.85052e-05 0.0320031 0.290373 0.00264526 0.0144966 0.0113257 0.000455744 7.13488e-05 3.14264e-05 0.000391204 6.72895e-08 2.24109e-05 0.0586771 2.81593e-05 2.892e-07 0.515357 5.54222e-06 0.00218381 0.000149105 0.00516651 0.0120225 3.14109e-07 0.0536771 0.000837428 
0.696222 4.96533e-07 5.11366e-07 3.19917e-07 1.57891e-06 0.199827 0.000100503 0.00047004 0.000668543 3.55747e-07 3.31467e-12 2.29414e-07 1.13777e-06 0.0254939 1.83787e-07 1.2483e-07 0.00178471 3.56353e-07 2.0819e-11 9.54108e-07 0.0754262 1.5473e-11 1.22003e-06 3.21738e-07 
0.00524348 0.0155125 0.00177302 0.0486544 0.0565204 0.0373252 0.00261956 0.114999 0.000687802 0.0137872 0.000163943 0.00827949 0.184718 0.00647673 0.00020135 0.00471726 0.0193905 0.0510597 0.000541116 0.354915 0.00894217 0.00216276 0.0497373 0.0115724 
0.000236249 0.0406306 0.0301163 0.0152642 0.0068681 0.154937 0.00298577 0.044312 0.00682358 0.00485038 1.72046e-06 1.22442e-05 0.0117083 0.00340474 0.00445327 0.0274591 0.00289765 0.0633495 0.00285037 0.0280568 0.0378894 3.71081e-05 0.0399046 0.470951 
0.0372472 0.0114596 0.00743812 0.0183336 0.00627713 0.164676 0.00114854 0.0897692 2.52207e-05 0.00155859 4.39025e-07 0.00536396 0.0449323 0.0110838 5.19423e-06 0.117076 0.0175935 0.0269973 2.0996e-06 0.0255924 0.0738833 3.84202e-05 0.309274 0.0302239 
0.0178465 0.00107077 0.0048112 0.0081175 2.65547e-06 0.852742 7.80454e-05 0.0101169 4.52555e-09 0.000208509 1.7058e-09 6.72731e-07 0.000482051 0.00078297 3.12036e-08 0.00042696 0.000315308 0.00144304 1.34756e-07 0.000430675 0.0633937 7.96273e-09 0.0373514 0.000379365 
4.87201e-05 0.210402 0.00124434 0.416965 0.0569382 0.0190204 4.85097e-06 3.63847e-05 0.000221837 0.0173235 8.57086e-07 0.00156452 0.210227 0.00126202 0.00272828 2.84716e-05 0.00042523 0.000900065 1.09102e-05 0.00576556 0.0079939 0.00117776 0.0455505 0.000159522 
0.000755461 0.138059 0.00592624 0.157976 0.112323 0.00229751 0.000359588 0.0234648 0.00418272 0.0282291 3.66396e-08 5.07123e-05 0.256293 0.0685966 0.00162092 0.00503415 0.00064275 0.0166413 8.47733e-08 0.13575 0.0121273 0.000311746 0.0226884 0.0066703 
0.000747147 0.0170411 0.0522117 0.0170461 0.00558538 0.267164 9.00589e-05 0.000526698 0.0201262 0.00179049 1.28274e-07 6.32775e-05 0.0553246 0.0103411 0.356177 0.00899765 0.00406622 0.00218462 8.05669e-07 0.0255322 0.0551312 5.98786e-07 0.00535789 0.0944939 
5.8725e-06 0.17636 2.85086e-06 8.13855e-06 0.0149502 0.108622 4.76133e-07 4.94541e-06 0.000746074 0.0026073 2.56902e-07 1.21884e-06 0.074844 1.92736e-05 2.92734e-06 0.00587834 8.0003e-07 3.30585e-06 0.0145604 3.21025e-06 0.466274 4.907e-07 0.135101 3.13168e-06 
0.0148108 0.0159748 0.00894793 0.0259068 0.0151303 0.140677 0.0057044 0.0225569 0.00016931 0.013426 8.78797e-06 0.00530696 0.00929818 0.00327923 0.000146355 0.000261945 0.0742485 0.0231599 4.21882e-05 0.0253116 0.515832 9.31951e-06 0.0532128 0.0265781 
0.0163379 0.255124 0.000575015 0.107503 0.0217104 0.116403 0.0654386 0.0128385 0.018202 0.00213243 4.50489e-05 0.00612975 0.025167 0.000375045 0.000681277 0.000179347 0.0235515 0.0616289 9.05302e-05 0.0753544 0.0316962 0.017631 0.129232 0.0119731 
0.000341927 0.530422 0.00696927 0.023097 0.00268997 0.00444939 8.27303e-06 0.00143495 0.0616984 1.07808e-09 6.87088e-10 0.00178383 0.00192383 0.313499 2.953e-09 0.00190199 3.81402e-07 0.00104818 4.3155e-09 0.000467415 0.00471092 3.20735e-09 1.09651e-06 0.0435518 
0.0053545 0.0897352 0.000487557 0.0245667 0.021192 0.17 0.00531454 0.00376362 0.000445307 0.00378589 0.000231961 0.000354303 0.00722286 0.0227845 0.00101126 0.023963 0.0102931 0.0308085 0.0090598 0.110593 0.00198094 0.0401105 0.070932 0.346009 
0.043424 0.0376309 0.0303215 0.0502516 0.0265935 0.347812 0.0110405 0.0530925 0.00195169 0.000196175 4.10328e-06 3.45408e-05 0.0186354 0.00373719 0.000943534 0.00275856 0.0138941 0.00262657 0.000223458 0.209726 0.0766561 8.39631e-06 0.0521772 0.0162609 
0.00304078 0.0409096 0.352622 0.00348328 0.0144748 0.073254 0.251815 0.0199026 0.00255598 0.0047766 0.000199717 0.00510306 0.0243929 0.00654113 0.00113453 0.0183314 0.00228707 0.050969 0.000695077 0.00999544 0.0128613 0.000609615 0.0316727 0.0683725 
0.00138898 0.0340039 0.0790314 0.00237683 0.014887 0.0811785 0.00656588 0.0925398 0.00316818 0.000292404 4.50187e-05 0.00037529 0.00935827 0.00209886 0.000742612 0.0124502 0.103308 0.00218961 0.000210858 0.0295816 0.00357904 5.33115e-05 0.0766732 0.443901 
0.000840574 0.025408 0.00258884 0.0990249 0.02093 0.0204722 5.11382e-06 0.018991 2.93434e-05 0.000250647 4.61348e-08 0.00387486 0.21694 0.00782636 0.000105664 0.0216632 0.0194576 0.00151488 1.22667e-06 0.485444 0.0100995 8.29024e-07 0.0443179 0.000212498 
2.61248e-05 0.184009 0.00237402 1.32152e-05 0.0124367 0.00306845 0.0970222 1.7854e-05 0.00856885 6.92628e-06 1.35082e-08 3.47779e-05 1.43653e-05 0.502275 5.80563e-08 0.000347708 3.43885e-06 1.89416e-05 8.48432e-08 0.000574952 0.0127518 6.30567e-08 0.0616523 0.114783 
0.00280919 8.94757e-06 0.000789412 0.0725146 2.57004e-05 0.00868571 7.25587e-07 0.00313532 5.98982e-08 0.845344 1.07958e-10 2.84094e-10 0.0219582 0.00828354 0.00557422 1.66569e-05 0.000287762 0.00382352 6.78067e-10 0.000412818 0.0244178 2.59954e-07 0.00190666 4.45502e-06 
