0.000412317 0.0384128 0.00308192 0.0781886 0.0921375 0.0102276 0.00298821 0.0209615 0.0023045 0.00713435 4.7116e-05 0.000160081 0.36502 0.00899897 0.000445634 0.0568922 0.00630341 0.158866 0.000100756 0.0782562 0.00411161 0.00123904 0.0365311 0.0271789 
0.0041599 0.0159956 0.00575855 0.0100212 0.100186 0.0347878 0.0096379 0.0158656 0.00212791 0.00127443 0.000748527 0.0018778 0.0198283 0.000797519 0.00181326 0.00241859 0.0104697 0.257917 0.0016482 0.195691 0.00239497 0.0524364 0.069039 0.183104 
1.00667e-05 0.0782648 0.0381384 0.118621 0.492557 0.00149634 0.000193709 0.0026597 2.18852e-05 0.000129339 7.16959e-07 7.24933e-06 0.145207 0.054923 0.000301667 0.0407685 2.14346e-06 0.0140811 1.91996e-06 0.00470233 8.50542e-06 1.42695e-06 7.94081e-05 0.00782303 
0.0189994 0.0206908 0.0241956 0.0597838 0.00412451 0.304547 0.0004761 0.0191873 7.41644e-05 0.0199448 7.35795e-06 0.00542482 0.0470015 0.0224778 0.000811129 0.00617448 0.0399658 0.0192762 0.0118974 0.0315034 0.306926 1.46428e-05 0.0334693 0.00302616 
9.55793e-08 0.00182577 1.91812e-08 0.0668907 0.00560819 2.36769e-07 4.68454e-08 0.0456849 5.13452e-12 1.50621e-07 1.93534e-12 5.0929e-12 0.2084 1.9716e-07 4.74199e-08 7.93789e-08 3.21182e-05 0.00228125 1.21556e-11 0.544888 9.10188e-08 9.0342e-12 0.124388 2.56978e-12 
0.00454603 0.0476091 0.00495721 0.191177 0.041435 0.0455301 0.0148249 0.0664083 0.00403569 0.00655511 0.00079099 0.0116581 0.0388221 0.00397082 0.00317586 0.0036471 0.00624391 0.187154 0.00370228 0.116545 0.0175795 0.0869387 0.0678616 0.0248311 
0.00477941 0.12603 0.00247973 0.0190933 0.0193232 0.313805 0.00120322 0.0198693 0.00539569 0.014886 1.38715e-07 0.000423616 0.015025 0.00170505 1.17763e-05 0.117504 0.0676988 0.00228317 3.34912e-07 0.0822949 0.0236064 1.35598e-06 0.0447872 0.117793 
7.85219e-06 0.140921 1.40237e-06 5.72163e-07 0.0457274 5.19192e-06 1.77187e-10 5.66311e-06 1.6275e-07 1.06829e-10 6.80851e-11 1.79168e-10 0.0655676 1.33641e-10 2.16568e-06 0.000120887 2.3972e-07 2.27883e-07 4.27633e-10 0.493482 7.05289e-07 2.22794e-07 0.254135 2.19775e-05 
0.00553744 0.00674973 0.00607422 0.0211355 0.0813693 0.0238071 0.00060688 0.0112149 0.000477453 0.00777569 7.94534e-06 0.00112398 0.0312899 0.00208345 0.000367922 0.000492028 0.00058185 0.0166219 0.000135921 0.597533 0.0108521 1.08646e-05 0.149891 0.0242605 
0.0426879 0.0185932 0.016479 0.089409 0.015669 0.0628292 0.247707 0.00670142 2.74368e-05 0.00613166 8.39011e-07 5.62292e-06 0.039969 0.000179795 1.41535e-05 0.000611529 0.0161679 0.2919 0.0195348 0.0417012 0.00939184 3.87061e-05 0.0216417 0.0526074 
0.00814078 0.00295791 0.000361389 0.111591 0.00601834 0.0439411 0.000174057 0.165802 0.00133365 0.00170075 1.55514e-06 3.47145e-06 0.0063301 0.354422 0.00078507 0.00334569 0.00805259 0.00420064 0.000522146 0.031996 0.0124805 9.74263e-05 0.233134 0.0026083 
0.62544 0.00434299 0.0045929 0.000573574 0.0016169 0.0119619 7.97789e-06 0.00547026 4.3575e-09 2.57711e-09 1.64246e-09 8.29159e-06 1.28089e-05 5.42796e-06 2.33407e-05 3.09559e-05 0.0730078 0.205424 1.0316e-08 0.000300314 0.00333991 7.66703e-09 0.046694 0.0171465 
0.0093153 0.00753455 0.0255283 0.00015814 0.00790756 0.140268 0.000236206 0.00426331 0.000236754 0.000615584 7.81872e-09 0.000103744 0.0096583 1.5347e-08 0.000796781 0.000351198 0.0212178 0.000237306 4.91082e-08 0.0729658 0.0511621 3.6498e-08 0.0165382 0.630905 
3.56095e-05 0.0175168 0.0164158 8.96075e-06 0.000201555 0.0124378 0.00243876 0.00614943 5.58294e-05 0.0264223 3.18682e-07 0.00211782 0.000321316 7.95204e-05 1.36965e-06 0.000513659 7.21605e-06 0.00412542 2.0016e-06 1.04071e-05 0.0229842 1.48762e-06 0.84648 0.0416728 
0.0141018 0.0198704 0.0373947 0.0608178 0.0485794 0.0690917 0.143765 0.0112443 4.99823e-06 0.0029152 1.82505e-06 1.22289e-05 0.0628056 0.000284045 0.000142302 0.00135117 0.00595245 0.285369 0.0534455 0.096871 0.00883086 4.02254e-05 0.0282701 0.048839 
0.00282978 0.0496972 0.00350718 0.0991465 0.0446008 0.0328442 0.00844644 0.0184775 0.00089985 0.0619984 8.46747e-05 0.0107017 0.0593526 0.417522 0.00185206 0.00395445 0.000574045 0.021553 8.83832e-05 0.0576604 0.0153153 0.000176192 0.0722713 0.0164464 
0.00558917 1.73554e-05 0.018017 0.251614 0.000342115 0.0603198 1.22606e-05 0.0856797 5.28911e-06 0.000160122 1.88052e-08 1.44408e-06 0.0037957 0.0234067 2.6293e-08 7.30378e-06 0.000448661 0.0036094 1.71629e-07 0.411272 0.130482 9.83785e-08 0.00521939 2.42274e-07 
0.00245191 0.0120442 0.00133489 6.32706e-05 0.00389443 0.190714 8.02185e-06 1.01338e-05 8.56415e-08 0.00404081 3.22806e-08 0.000441977 2.39037e-05 4.19724e-05 0.000132749 0.000165988 0.00285935 0.000930148 2.0275e-07 0.00726758 0.00245797 1.50687e-07 0.0290545 0.742061 
0.343837 0.00268312 0.000350961 0.000219328 0.00390828 0.421908 0.000465347 0.00651465 0.00990674 8.65102e-08 7.86696e-11 2.07022e-10 0.000104913 0.0460572 3.13123e-06 0.000218407 0.0789982 0.00311819 4.94112e-10 0.00843655 0.0273158 3.67232e-10 0.0409043 0.00504915 
0.529723 0.000242823 2.5874e-07 0.000265319 0.00398483 0.22795 0.00113459 0.018665 0.0020333 1.47292e-07 8.2814e-11 2.17928e-10 0.000148372 0.165066 3.55922e-10 0.000523365 0.00551342 0.000542742 5.20143e-10 0.00791257 0.000527869 3.86578e-10 0.0347969 0.000969331 
1.97434e-06 0.00584131 0.00494343 0.000190022 6.53891e-07 0.0259591 0.000522579 0.0592007 5.55336e-12 1.11672e-07 2.09321e-12 6.55546e-08 0.0335073 4.10866e-12 3.32954e-08 3.90227e-12 2.67115e-07 1.49965e-07 1.31472e-11 0.808828 0.00239403 9.77117e-12 0.0576425 0.000967565 
0.00313253 0.00488629 0.00128433 0.0507384 0.203236 0.0191462 0.00013712 0.0247887 6.63316e-06 0.00212711 2.00346e-08 0.000308609 0.104275 1.4722e-05 3.80593e-06 0.00150861 0.00340611 0.0468441 3.07357e-08 0.502771 0.0106505 1.05708e-07 0.0202038 0.000530241 
0.00113324 0.0796469 0.0203201 0.0452336 0.0096302 0.433213 0.0260336 0.000407105 7.69023e-05 0.0097675 6.10758e-10 0.000599762 0.00264734 0.0113523 0.000105527 1.21866e-06 0.00574751 0.000468527 1.91751e-06 0.0153422 0.0137011 7.51618e-06 0.321465 0.00309728 
0.529723 0.000242823 2.5874e-07 0.000265319 0.00398483 0.22795 0.00113459 0.018665 0.0020333 1.47292e-07 8.2814e-11 2.17928e-10 0.000148372 0.165066 3.55922e-10 0.000523365 0.00551342 0.000542742 5.20143e-10 0.00791257 0.000527869 3.86578e-10 0.0347969 0.000969331 
0.0118636 0.0186664 0.0605374 0.149056 0.0247052 0.427827 4.45123e-05 0.024014 2.77234e-06 1.18061e-05 3.93565e-09 0.000125169 0.0208097 0.00585442 1.29525e-06 0.000882005 0.0043244 0.00394153 0.000716201 0.0729592 0.00885361 1.83717e-08 0.164089 0.000714576 
0.0521999 0.0604814 0.0770028 0.00111102 0.00882707 0.253276 1.14099e-05 0.00228007 0.000180087 0.00312005 4.3508e-07 0.00124761 0.125312 0.00688755 0.00506352 0.0240637 0.029599 0.00610711 8.6804e-05 0.00154104 0.0703717 1.8181e-06 0.131937 0.13929 
0.0010077 0.00210516 0.00476527 0.142638 1.93102e-07 0.0240734 1.95475e-12 0.0103183 1.19586e-08 6.432e-05 7.51126e-13 1.28499e-08 0.0765268 0.000579677 1.92083e-07 0.000828831 1.14266e-07 4.47909e-08 4.71771e-12 0.646551 0.0086122 3.50628e-12 0.0819281 9.97359e-13 
0.0032032 0.00631936 0.266425 0.13025 0.000140175 0.0213572 1.4111e-05 0.0592725 0.00168962 2.03229e-06 2.37225e-09 6.24266e-09 0.043213 0.036228 4.8003e-06 0.00543375 0.000100538 0.00404857 1.48998e-08 0.0582713 0.149137 1.21781e-06 0.214486 0.000402085 
0.0465328 0.212635 0.000310076 0.0296115 0.00625868 0.0472989 0.00345033 0.013469 7.65823e-05 0.0172809 1.80234e-10 4.74292e-10 0.0552219 0.458636 7.74619e-10 0.0217358 0.00144967 0.00259014 1.08836e-05 0.0233077 0.00471832 1.2672e-07 0.0542604 0.00114578 
0.0573595 0.0529948 0.0011724 0.100586 0.0166603 0.202086 1.67394e-05 0.0217526 0.0019579 0.0371839 1.38861e-05 0.000851648 0.00127226 0.0127402 1.44826e-05 5.10561e-05 0.00237408 0.216985 0.00692051 0.0200037 0.114791 0.00010563 0.103447 0.0286596 
0.0122073 0.00893517 0.0047639 0.00600281 0.0449544 0.0104821 2.79329e-05 0.00984202 0.000263116 6.36497e-05 4.78393e-07 0.000897635 0.0491196 0.00159241 1.32793e-05 0.00430794 0.00507174 0.00163339 2.52291e-05 0.773847 0.00582334 2.28178e-06 0.0591642 0.000959448 
0.0716332 0.00645936 0.0215941 0.0300084 3.83447e-06 2.46032e-06 2.66885e-05 0.487288 1.2996e-06 2.4863e-09 1.58458e-09 4.16988e-09 0.111339 1.77346e-05 6.81031e-09 1.91048e-05 3.69056e-07 0.0434861 9.95255e-09 0.0235815 1.34609e-05 7.39689e-09 0.204526 2.10404e-09 
0.00305495 0.0128189 6.07036e-05 0.0121834 0.780777 3.33345e-05 6.81543e-06 0.000211666 0.000736739 4.41818e-05 3.58297e-07 5.43364e-06 0.0412149 0.00665143 0.00811718 0.114647 9.26996e-07 7.52348e-05 2.16109e-06 0.0012266 1.3824e-05 1.60615e-06 0.000867933 0.0172476 
0.168408 0.00104819 0.322176 2.38889e-06 2.07783e-06 0.253997 3.78009e-09 0.00203453 3.03391e-07 1.61105e-07 1.45252e-09 1.26397e-06 4.35115e-06 0.0143326 8.59598e-07 0.048428 0.000640256 1.23384e-06 3.30303e-05 3.29125e-06 0.188679 2.69648e-06 1.19023e-05 0.000192288 
6.72948e-05 0.0029948 0.00310476 0.000194373 0.000942945 0.543468 3.45841e-06 0.000114785 3.52566e-06 0.0022197 1.32891e-06 3.49708e-06 0.005511 0.438319 5.71148e-06 2.47743e-06 0.000862732 0.000137297 3.74816e-05 0.000217702 0.00151044 6.20341e-06 0.000139764 0.00013111 
0.133051 0.000602203 0.00948633 0.0128559 0.000281853 0.0753994 4.35467e-08 1.71781e-07 6.16527e-08 0.00608735 4.68487e-12 3.96705e-08 0.00219499 5.94129e-08 5.53954e-05 8.73379e-12 0.000522944 0.0031753 2.9425e-11 0.00970403 0.704265 1.15905e-08 0.0423174 1.71836e-08 
0.529723 0.000242823 2.5874e-07 0.000265319 0.00398483 0.22795 0.00113459 0.018665 0.0020333 1.47292e-07 8.2814e-11 2.17928e-10 0.000148372 0.165066 3.55922e-10 0.000523365 0.00551342 0.000542742 5.20143e-10 0.00791257 0.000527869 3.86578e-10 0.0347969 0.000969331 
0.0013371 0.00297169 0.0151027 0.0319253 0.00233378 0.626479 0.000143046 0.0580732 0.000139705 0.0051804 7.57639e-07 6.41012e-06 0.00642951 0.0237085 4.03308e-05 0.0071601 0.0501143 0.0443532 5.38536e-06 0.0845148 0.0198555 2.83797e-06 0.0122231 0.00789946 
0.00102231 0.0127588 0.00168306 0.130282 0.0909524 0.0289131 0.0015105 0.00881178 5.78204e-06 0.012172 1.69445e-06 0.000776643 0.0646764 0.0771151 1.95709e-06 0.026759 0.00116176 0.296111 0.0548954 0.0916873 0.0512003 3.39699e-05 0.0466989 0.000769308 
0.00031398 0.0334322 0.0228841 0.0291336 0.00550575 0.146705 0.00567869 0.00628614 0.00259235 0.000986146 3.16714e-06 2.30551e-05 0.0180329 0.00149256 0.00199912 0.0322926 0.00426602 0.0644998 0.00542263 0.0276991 0.0112366 2.05587e-05 0.0295353 0.549959 
0.62544 0.00434299 0.0045929 0.000573574 0.0016169 0.0119619 7.97789e-06 0.00547026 4.3575e-09 2.57711e-09 1.64246e-09 8.29159e-06 1.28089e-05 5.42796e-06 2.33407e-05 3.09559e-05 0.0730078 0.205424 1.0316e-08 0.000300314 0.00333991 7.66703e-09 0.046694 0.0171465 
0.00236879 0.00772828 0.00116745 0.019243 0.0127078 0.0748249 0.0188258 0.0168201 9.80069e-06 0.00293794 7.80732e-06 0.00244739 0.0239347 0.00616655 0.000120707 0.00180231 0.00131208 0.0584774 6.71559e-05 0.0553132 0.00896553 0.000195493 0.65323 0.0313254 
3.86176e-08 0.0321274 8.70398e-05 1.03032e-06 0.471332 0.0368857 1.02452e-07 0.000411374 0.000720044 0.010676 4.3727e-11 2.21863e-07 0.0421657 1.0631e-07 1.87932e-10 0.00395094 4.24045e-08 0.0029994 2.74643e-10 0.369509 6.51082e-08 2.04119e-10 0.0288937 0.000240527 
0.0213001 0.0207251 0.00094218 0.00464156 0.0488151 0.215816 0.000613903 0.00127112 0.000603849 0.000287543 2.55113e-08 4.66935e-05 0.500445 9.62678e-06 0.000160559 0.0007806 0.0159906 0.0125722 1.60233e-07 0.0622623 0.0262009 6.1249e-05 0.0430509 0.0234028 
0.00259655 0.0241574 0.023595 0.00410509 0.0124749 0.0614359 0.0014438 0.00515529 0.00160135 0.00550888 1.36831e-05 0.000315954 0.0138246 0.0144774 0.000778152 0.0208164 0.0217454 0.00956071 0.00174353 0.0416473 0.00249891 5.62517e-05 0.0166335 0.713814 
0.0102175 0.05219 0.00413804 0.0239072 0.0781456 0.0766432 0.000990075 0.032634 0.00268843 0.0254269 1.47681e-05 0.000325826 0.011276 0.0817683 4.58443e-05 0.00627966 0.0103469 0.0243684 9.06249e-05 0.0323645 0.0128477 0.000144835 0.0237384 0.489407 
0.00207837 0.00503949 0.00247559 0.0268251 0.00144297 0.0283325 4.45952e-05 0.0346701 1.87198e-11 8.70432e-08 7.05597e-12 5.11062e-08 0.104306 3.57402e-07 6.48019e-06 0.0263618 0.000191124 1.16884e-07 3.50976e-09 0.71952 0.00330096 3.29375e-11 0.0453397 6.46737e-05 
0.00229703 0.0410409 2.20483e-07 0.0162087 5.78532e-05 0.00231384 0.0291356 0.00102278 0.00034156 0.563773 1.08584e-09 2.85744e-09 0.0755416 0.185666 8.45789e-06 0.0320177 0.00131919 0.000583089 6.82004e-09 0.0181874 0.0107057 5.06876e-09 0.0193419 0.00043701 
0.000179082 0.123487 0.000416365 0.0299613 0.0934733 0.00828903 0.000132801 0.0103099 1.04281e-05 0.0275173 4.74983e-07 3.42813e-05 0.0425927 0.00109362 0.00011271 0.0249984 0.00173022 0.060795 4.67564e-06 0.475618 0.000876027 1.09272e-05 0.0961163 0.00224072 
5.56028e-05 0.0215904 0.00953109 0.019444 0.00490966 0.0083335 2.74854e-05 0.0330268 0.000197799 0.00181295 2.51047e-09 3.97111e-05 0.707076 0.0190156 2.14467e-05 0.0387865 0.0113945 9.51557e-08 4.12589e-07 0.0938614 0.0167704 4.5061e-09 0.0140649 3.92583e-05 
4.15834e-05 5.80647e-05 0.000968072 0.00187752 0.00400038 0.0385403 0.000568424 0.000346587 1.48961e-06 0.0279528 5.61474e-07 2.44219e-05 0.62205 2.28e-05 2.41313e-06 3.52907e-06 0.00676742 6.52948e-05 3.52654e-06 2.63628e-05 0.215259 2.62098e-06 0.0329173 0.0485003 
0.000783513 0.00254065 0.00126239 0.101159 0.0231392 0.0568023 0.000269888 0.11659 0.000621224 0.00483557 1.25452e-09 3.53539e-06 0.0691138 0.0127451 0.0071364 0.000466024 0.000102244 6.53487e-08 1.23314e-08 0.583973 0.0105781 0.000165297 0.0063343 0.00137874 
5.51192e-07 0.00738165 3.76691e-06 0.000289113 0.024463 0.00052624 9.9628e-07 0.00204383 0.000256919 0.000546824 3.82826e-07 1.00742e-06 0.00422149 0.000586549 6.66964e-05 0.807114 4.79366e-05 0.00527214 2.40448e-06 0.0129051 0.0068691 1.78705e-06 0.00187351 0.125525 
0.0141705 0.00663628 0.000246658 0.215137 0.00894743 0.16069 0.000680094 0.0198907 0.00010377 0.0632591 4.51199e-11 7.55548e-09 0.0166507 0.144503 4.675e-06 2.56926e-07 0.0182001 0.0766652 1.82845e-05 0.111219 0.119893 2.10621e-10 0.0229171 0.000166234 
0.014034 0.00949158 0.00290936 0.0151238 0.00415768 0.15583 0.000118436 0.0165752 0.00130805 0.00457828 3.09504e-07 0.000591343 0.0403142 0.0284563 3.56909e-05 0.000191493 0.0154746 0.000797049 8.01217e-06 0.0472304 0.632636 3.19646e-06 0.00968748 0.00044759 
0.000926539 0.0397192 0.0645052 0.0264902 0.315114 0.00414736 8.45453e-05 0.017462 1.81256e-05 0.00303997 2.57021e-06 0.000127652 0.352134 0.0129071 0.000106401 0.00393461 0.0025925 0.00465382 9.11492e-05 0.122572 0.00235385 2.84612e-06 0.0249063 0.00210833 
0.00316701 0.00354614 0.00356423 0.0167508 3.72103e-07 0.172497 2.51201e-07 0.345914 0.00106867 0.00033611 3.6773e-11 0.000136726 0.0230236 0.0930347 7.94652e-05 0.00795489 0.000104385 0.000540045 2.94931e-07 0.0489503 0.116117 8.48768e-06 0.158693 0.00451257 
0.00200586 0.0528732 0.0130696 0.00735002 0.0298391 0.0212908 0.000183981 0.00249471 3.7379e-05 0.00276258 2.1057e-05 0.000924216 0.182882 0.539088 0.000172895 0.0142249 0.000980463 0.00182585 0.0442763 0.0375825 0.0206036 4.9354e-05 0.0243767 0.00108495 
0.0770272 0.00324139 0.079325 0.029406 0.00599996 0.287913 8.56458e-07 0.0171071 7.77717e-05 1.12654e-07 9.51586e-11 2.15159e-09 0.00692209 0.0402041 4.90432e-06 0.00229798 0.00247854 3.39704e-08 1.2961e-05 0.136736 0.226477 4.44203e-10 0.0812291 0.00353933 
1.33408e-06 0.0313354 0.0118677 1.26864e-06 1.08339e-06 0.674262 0.00114676 1.00807e-06 5.70173e-07 0.0246204 7.15297e-11 2.74614e-07 0.0194213 0.00726499 0.00297514 0.00812642 9.9356e-06 3.46573e-06 4.49268e-10 0.0119804 0.0633418 3.33903e-10 4.08428e-06 0.143635 
0.529723 0.000242823 2.5874e-07 0.000265319 0.00398483 0.22795 0.00113459 0.018665 0.0020333 1.47292e-07 8.2814e-11 2.17928e-10 0.000148372 0.165066 3.55922e-10 0.000523365 0.00551342 0.000542742 5.20143e-10 0.00791257 0.000527869 3.86578e-10 0.0347969 0.000969331 
6.09803e-05 0.00121462 0.015902 0.043034 0.0710797 0.0160775 0.0170715 0.0016461 0.00014728 0.000341078 3.3351e-08 5.20271e-05 0.0159765 0.0272276 0.00135188 0.0448856 0.000356131 0.00427768 2.09473e-07 0.00832708 0.00332958 1.66375e-05 0.712798 0.0148258 
0.034797 0.0456913 0.0095634 0.0502217 0.0173101 0.410517 0.00579199 0.0150501 0.00107105 0.00501155 4.10367e-05 0.00494142 0.0417292 0.0221949 0.00290326 0.00601788 0.00971032 0.0185892 0.000486871 0.038519 0.20482 7.78049e-05 0.0431523 0.0117918 
0.00165487 0.129206 0.0119937 0.00582977 0.00714075 0.186137 0.000490257 0.198778 3.54667e-05 0.094086 1.38419e-06 0.00427754 0.0638698 0.0584744 4.66332e-05 0.028689 0.000293703 0.00578078 8.90408e-06 0.00657671 0.0125574 7.96262e-06 0.133883 0.0501822 
0.00373275 0.00105476 0.00532848 0.560235 0.0029439 0.0151543 9.70998e-05 0.0069437 1.56982e-05 0.045772 1.06245e-07 1.54283e-07 0.0155888 0.00793422 1.63773e-05 0.000759349 0.00160447 0.00195019 2.08693e-06 0.142426 0.0116063 1.21475e-06 0.176813 2.01201e-05 
0.00530157 0.0116639 0.000372067 0.596932 0.00107274 0.0704511 2.92996e-05 0.000374069 4.35682e-05 0.00199607 4.01085e-06 0.000217747 0.0112526 0.000280772 4.37468e-05 0.000200256 5.56224e-05 0.246056 8.31232e-05 0.0384763 0.00778206 1.65448e-05 0.00645306 0.0008413 
0.00536445 0.0620038 0.00141739 0.19202 0.0374224 0.0590539 0.000468016 0.0497375 6.18485e-05 0.00880332 8.23108e-06 0.000569759 0.051246 0.0424755 7.09544e-05 0.00404557 0.00254282 0.0344977 0.00141746 0.381147 0.00914888 1.04217e-05 0.0555297 0.000936708 
0.0329032 0.00546949 1.09243e-05 9.87604e-05 0.0440399 0.597113 0.0892902 0.00416894 0.000315642 0.00441577 2.50693e-09 0.0035903 0.00751198 0.0378633 1.18534e-06 9.73835e-07 0.0883804 0.0119552 8.08576e-05 0.00428996 0.0450009 1.06102e-05 0.00826685 0.0152222 
0.0413936 0.058732 0.00284388 0.109662 0.210768 0.0380285 8.35766e-06 1.00467e-06 7.16852e-07 1.49089e-06 8.44741e-11 1.60088e-06 0.140986 0.0023945 2.06917e-07 0.00690358 2.64198e-05 0.00572132 5.3057e-10 0.00881657 1.30327e-05 3.05452e-07 0.371021 0.00267572 
0.00247176 0.0265858 0.00538728 0.30052 0.0165614 0.0408332 0.000301277 0.167633 0.00134978 0.00250413 2.95644e-06 0.127168 0.0508025 0.105291 3.25696e-05 0.00129356 0.000884634 0.0132108 0.00942414 0.0753559 0.0162184 1.0396e-05 0.0129814 0.0231752 
0.0383833 2.34346e-06 0.00258738 0.141514 0.00139646 0.0832097 2.75097e-05 0.0245388 9.32622e-05 4.5063e-11 2.87198e-11 7.55771e-11 0.00231291 5.63727e-11 9.64176e-06 2.48737e-07 0.0453303 5.98845e-07 1.80385e-10 0.404113 0.0984352 1.34065e-10 0.157788 0.000256927 
0.0983307 0.00226192 0.0105095 0.00722088 0.0539275 0.396852 0.000607977 0.0341783 0.00634207 0.00957699 5.71829e-11 0.00126654 0.00036747 1.06043e-06 2.45764e-10 0.0953015 0.00260627 0.0533447 3.59158e-10 0.182515 0.00116209 2.66932e-10 0.029087 0.0145406 
0.0372493 0.0549618 0.11118 0.00241717 0.03285 0.166349 0.00101187 0.0356799 2.26614e-08 0.000857467 4.59204e-13 1.43812e-08 0.144833 9.0135e-13 7.30428e-09 8.86047e-08 2.93582e-05 3.28991e-08 2.8842e-12 0.297828 0.0432758 2.14358e-12 0.0706562 0.000820547 
0.529723 0.000242823 2.5874e-07 0.000265319 0.00398483 0.22795 0.00113459 0.018665 0.0020333 1.47292e-07 8.2814e-11 2.17928e-10 0.000148372 0.165066 3.55922e-10 0.000523365 0.00551342 0.000542742 5.20143e-10 0.00791257 0.000527869 3.86578e-10 0.0347969 0.000969331 
2.91926e-06 0.0493448 0.00011979 0.206102 2.93902e-06 0.0092215 0.000977943 0.00137532 1.94894e-06 0.000182169 1.32525e-10 3.48744e-10 0.403448 0.0292815 5.41481e-06 0.00746357 2.1429e-08 0.0142892 1.71453e-07 0.18834 0.00665491 1.80767e-06 0.0669492 0.0162348 
0.000600822 0.0508176 0.000701362 0.203404 0.0312188 0.0137071 0.00143097 0.0581308 0.00212326 0.000721545 0.000150625 0.000350629 0.084769 0.0382959 0.000327014 0.000238235 0.000737484 0.318609 0.00427633 0.0755623 0.00524482 0.0240481 0.0760304 0.00850446 
0.0940869 0.00163534 0.0043057 0.00305713 0.00830365 0.285454 2.73415e-05 0.0123881 0.000722901 0.00474833 2.60785e-07 0.00987746 0.0153958 0.0103307 0.000143229 0.000446144 0.0312399 0.000810869 0.00023372 0.0478082 0.451551 9.53057e-07 0.0155143 0.00191799 
0.00465149 0.00137335 0.00019656 0.00220119 2.70163e-08 0.615954 1.85993e-08 1.36167e-07 8.70621e-10 3.77185e-06 3.2816e-10 2.91427e-09 0.000171753 0.00115835 8.94619e-09 1.28557e-06 0.00848155 0.00134412 0.000369678 0.00166894 0.358167 4.25004e-08 0.00415441 0.000102232 
0.107716 0.00206481 0.131544 0.00516659 0.00456062 0.448844 7.2138e-08 0.00171132 2.77212e-07 8.69558e-05 6.59733e-08 0.00572337 0.00430847 0.000312859 1.0484e-06 5.24691e-07 1.86776e-05 0.0162942 0.000121864 0.000639025 0.152912 4.2071e-07 0.111653 0.00632092 
1.6464e-11 0.0113483 2.24474e-06 0.0936489 0.0229118 3.31269e-08 4.16994e-05 0.0239369 6.22673e-08 0.0398541 1.1435e-11 1.5257e-06 0.3432 0.0108915 3.37048e-08 2.99555e-07 0.00248622 0.0765284 5.62825e-08 0.375062 8.60765e-05 1.83306e-08 5.2015e-07 1.51836e-11 
0.022943 0.0126354 0.00618586 0.102394 0.0170487 0.0416998 0.274589 0.0143802 5.54266e-05 0.00635796 2.43887e-07 5.32791e-07 0.0247366 0.000213082 9.66459e-05 4.33482e-05 0.0178873 0.334097 0.0230844 0.0250719 0.00320931 7.83207e-06 0.0146928 0.0585698 
0.0572614 0.0247698 0.0148074 0.0182474 0.0179834 0.458337 0.00894137 0.0324025 0.0046061 0.00411758 0.000359221 0.00652568 0.0156635 0.0043518 0.00323872 0.00351246 0.0799048 0.00987096 0.00335789 0.0592549 0.0973157 0.00205008 0.058405 0.0147149 
0.0390638 0.001731 0.000915407 0.0182564 0.143686 0.0163306 9.49574e-05 0.0205163 0.000333518 0.0475908 4.85954e-09 0.000298271 0.124028 0.000599678 2.01558e-05 7.36644e-05 0.15985 0.295232 5.03012e-07 0.0426379 0.00438086 1.61797e-08 0.0828361 0.00152374 
0.000163462 0.00350292 0.00411263 0.0595215 0.0498367 0.0330513 4.59541e-07 0.00253303 0.0010845 0.0022769 2.61162e-11 4.76092e-05 0.0603813 0.00654866 0.00291175 0.000754773 0.000570797 0.000623554 8.88778e-08 0.0941822 0.0631484 6.4289e-08 0.614747 4.99379e-07 
0.0814958 0.00087329 6.3347e-05 0.00835014 0.00107076 0.240028 1.90334e-08 0.000384986 4.23898e-08 0.000115461 6.40361e-11 5.59882e-08 0.00438328 8.04481e-08 0.286347 9.75982e-08 0.0925861 0.00045534 4.02202e-10 3.33778e-08 0.277657 1.65746e-07 0.00608716 0.00010171 
0.00416548 0.0141917 0.00213698 0.0139785 0.0313459 0.154869 0.00331772 0.0128455 0.000123252 0.000299898 1.134e-05 0.00258513 0.00330399 0.000608018 0.000136491 0.00445861 0.0249527 0.0187506 0.000178362 0.0802669 0.0632003 4.82555e-05 0.0661707 0.498055 
0.00279327 1.90955e-05 0.0001975 0.000269922 4.27218e-08 0.601297 3.19752e-08 2.29797e-07 2.08718e-09 1.2344e-09 7.86713e-10 5.52882e-09 3.82889e-05 0.00116019 1.60905e-08 1.46663e-09 0.00128061 1.20148e-05 7.09795e-08 4.28068e-05 0.392439 6.82074e-08 0.000449869 1.25959e-07 
0.000102614 0.455309 0.00204822 0.0852571 0.012277 0.0424064 0.000124963 0.0248265 1.98903e-06 0.00919004 3.17929e-07 0.000620861 0.0952375 0.0904331 7.55279e-05 0.0569438 0.000652168 0.00402191 1.7771e-06 0.0361566 0.0476549 9.39803e-07 0.0216003 0.0150565 
0.00647209 0.00961973 0.000416037 7.45467e-08 0.413856 0.00314399 0.000446847 0.00408325 2.85933e-05 0.00435616 6.54023e-13 0.00245524 0.239869 0.00144328 1.3214e-08 0.00480673 0.0120615 0.112461 4.11193e-09 0.139018 0.00341599 3.053e-12 0.0420479 4.16931e-09 
9.35219e-05 0.110995 0.000580058 0.0196349 0.0619803 0.000788431 1.09774e-06 0.00902212 2.9391e-05 0.000585757 3.66917e-08 8.82133e-05 0.311459 0.00465578 0.00174471 0.00047285 0.000110195 0.159797 1.26789e-07 0.219869 0.0893092 9.42314e-08 0.00873314 5.00067e-05 
0.0222961 0.000336774 0.00543806 0.00890868 0.000551177 0.0533593 1.00075e-05 0.00572 0.00864842 0.00770581 3.60091e-11 8.24304e-05 0.0336663 0.000378542 0.000695258 2.24114e-05 0.018313 0.000784699 2.26168e-10 0.00591724 0.737104 1.68092e-10 0.0900465 1.52883e-05 
0.000840574 0.025408 0.00258884 0.0990249 0.02093 0.0204722 5.11382e-06 0.018991 2.93434e-05 0.000250647 4.61348e-08 0.00387486 0.21694 0.00782636 0.000105664 0.0216632 0.0194576 0.00151488 1.22667e-06 0.485444 0.0100995 8.29024e-07 0.0443179 0.000212498 
0.00018817 0.00580196 8.58047e-09 0.131442 4.17422e-08 0.00377071 0.000349981 0.0511177 2.29686e-12 0.000849035 8.65746e-13 2.27824e-12 0.00913877 0.00225792 4.45678e-05 2.50182e-08 0.000900983 0.0596362 5.43763e-12 0.534186 4.07161e-08 4.04133e-12 0.200315 1.13817e-08 
0.000639759 0.00370701 0.00180453 0.0389354 0.0142099 0.0880839 0.000695775 0.00532957 0.00114301 0.0544613 1.84113e-08 0.00020754 0.0246159 0.0433371 4.0275e-06 0.000319335 0.000210282 0.000887201 0.000101977 0.000255582 0.00339682 1.858e-05 0.333222 0.384414 
0.205592 0.0421521 0.0568292 0.00691798 0.000695285 0.285708 8.26908e-07 0.00127463 8.56148e-05 0.000102116 2.50339e-08 6.58775e-08 0.024695 0.0319605 8.82605e-06 0.0037183 1.21648e-05 2.86609e-05 1.57234e-07 0.0377852 0.00475198 3.77276e-05 0.116682 0.180962 
0.0405316 0.0182742 0.0174834 0.0973905 0.0140505 0.0538259 0.281519 0.00791984 3.24226e-05 0.00665058 1.98669e-08 4.50619e-08 0.0288009 7.80683e-05 1.66849e-05 0.0007227 0.0183258 0.270533 0.0230855 0.0252321 0.00991857 7.24605e-06 0.0234292 0.0621723 
0.00873719 0.0494335 0.370873 0.0387701 0.000589092 0.251193 0.000122081 0.022086 9.82777e-05 0.00341222 1.07539e-07 0.00212539 0.0238243 0.0193465 5.61323e-06 0.0322475 0.000670929 0.0089889 0.00231387 0.0439395 0.0528937 1.96434e-07 0.0515406 0.0167879 
0.00115035 0.0214221 0.00925297 0.0512448 0.0115664 0.0198008 0.000517808 0.00501717 0.000486912 0.0174301 2.95188e-05 0.000141012 0.0750096 0.00936931 0.000138474 0.184111 0.00192134 0.0904057 0.00106933 0.0899907 0.00114082 4.39479e-05 0.337715 0.0710252 
0.0732696 0.00186657 0.0151932 0.00571405 0.00116883 0.081103 0.0119727 0.00531575 0.000147603 1.04476e-05 2.20654e-09 4.60951e-05 0.00160707 0.000192167 0.0010249 0.00108023 0.00122454 0.000590068 5.23749e-08 0.00602031 0.790491 5.7005e-07 0.00167447 0.000287113 
0.00876334 0.0392595 0.0198658 0.146719 0.0344222 0.0700425 0.00656099 0.0325432 0.000483887 0.00338675 8.17337e-05 0.00118677 0.0486655 0.0161949 0.00807134 0.00395383 0.0192034 0.141687 0.000232321 0.146811 0.0116121 8.2649e-05 0.21573 0.0244405 
1.84087e-06 0.0294724 3.64836e-07 0.0455415 0.0186291 0.00675018 2.01631e-07 0.0218126 0.000134155 0.00111322 1.88201e-10 4.95256e-10 0.0616791 1.85033e-07 2.26487e-07 3.50854e-10 6.8642e-07 0.00740788 1.18206e-09 0.788067 1.49458e-07 1.249e-07 0.0189404 0.000448719 
2.09395e-07 0.00131261 0.00132795 0.0540446 2.0443e-07 5.18715e-07 1.02629e-07 0.668732 1.12487e-11 0.00135325 4.23994e-12 1.11575e-11 9.0967e-07 4.31939e-07 1.03888e-07 1.3201e-07 7.80962e-08 6.02068e-07 2.66305e-11 0.0812948 1.99404e-07 1.97922e-11 0.191931 5.62987e-12 
0.0058047 0.00176269 4.09464e-05 0.00405881 0.00607266 0.0565337 0.00556709 0.0342676 4.19574e-06 0.00431251 2.11452e-06 0.000147083 0.0347849 0.000672581 0.00217298 0.0478346 0.0611054 0.00379787 0.000370415 0.00547369 0.0182051 3.97335e-05 0.697654 0.00931429 
0.00140705 0.00994863 2.96461e-06 0.016051 0.0116395 0.110599 2.41128e-06 0.0102186 0.00328071 0.00132377 1.54537e-09 6.75703e-07 0.0392431 0.0208195 6.64177e-09 0.00334864 1.22725e-05 0.052713 9.70624e-09 0.0158182 0.002496 1.61102e-06 0.01478 0.686294 
0.0127445 0.199655 0.0453535 0.0320254 0.0382838 0.18987 0.0224332 0.0363458 0.0020904 0.000954107 0.00090963 0.00383858 0.0498575 0.0345456 0.00358266 0.0117324 0.00694878 0.0333801 0.00666381 0.0910541 0.0709404 0.00937058 0.0655118 0.0319084 
2.09395e-07 0.00131261 0.00132795 0.0540446 2.0443e-07 5.18715e-07 1.02629e-07 0.668732 1.12487e-11 0.00135325 4.23994e-12 1.11575e-11 9.0967e-07 4.31939e-07 1.03888e-07 1.3201e-07 7.80962e-08 6.02068e-07 2.66305e-11 0.0812948 1.99404e-07 1.97922e-11 0.191931 5.62987e-12 
0.166124 1.31999e-06 2.65924e-06 9.08077e-08 8.87682e-07 0.70743 1.89399e-06 4.5417e-06 1.64189e-06 1.02198e-10 6.51335e-11 4.06352e-06 4.42883e-07 2.23974e-07 2.79934e-10 1.21425e-10 1.81921e-05 1.10124e-06 4.09094e-10 7.58814e-07 0.125306 3.06825e-07 0.00110152 2.43162e-07 
0.000252386 0.00104215 0.00036244 0.192957 0.196871 0.00112317 2.24956e-07 0.207979 0.000111412 0.021769 1.46232e-08 4.01433e-07 0.0399955 0.000169501 7.75725e-08 0.00168132 1.30302e-06 0.323043 2.25114e-08 0.00312208 0.00156141 1.93125e-05 0.00738713 0.000550375 
0.000336544 0.274945 0.00152896 0.130709 0.0342066 0.028154 0.000315294 0.0109859 2.94462e-06 0.217056 7.82855e-07 3.35147e-05 0.0415849 0.0550562 0.000204529 0.0834121 0.00385109 0.0151858 0.005956 0.0225317 0.0193574 0.000274238 0.0456373 0.00867414 
0.00129276 0.00505395 0.00224448 2.41609e-09 0.1177 0.00764804 0.000143526 0.00144509 6.86772e-10 0.000193787 9.58395e-14 0.000135069 0.0804608 5.4368e-09 1.52446e-09 5.21717e-08 0.000440297 0.0034359 6.01954e-13 0.766401 0.003505 4.47381e-13 0.0098297 7.08725e-05 
0.00238465 0.0308965 0.0125634 0.00687693 0.00880579 0.0567938 0.000875922 0.00400955 0.000763466 0.00449932 2.0515e-05 0.000227668 0.0145344 0.00862548 0.000532549 0.0116333 0.0101615 0.0312107 0.00223519 0.0384975 0.00364718 0.000155811 0.0269328 0.723116 
0.000565215 0.065092 0.00534291 0.240633 0.00824588 0.024046 1.08038e-10 0.0328108 1.93855e-06 2.54103e-07 4.15141e-11 1.09246e-10 1.38101e-06 0.0236825 0.00143031 0.041113 1.40948e-07 0.0033104 2.60744e-10 0.0750766 0.0031217 1.93789e-10 0.466508 0.00901736 
0.00550631 0.0415974 0.00523551 0.0358436 0.0141902 0.0515293 0.000261722 0.0151347 4.97103e-05 0.0172792 3.46144e-05 0.00038848 0.0259405 0.120047 0.000899916 0.0081648 0.00213255 0.0467333 0.00159837 0.0163928 0.0337027 5.08134e-05 0.0485659 0.50872 
2.32516e-06 1.58201e-07 1.28162e-07 0.113641 2.76487e-07 0.000144838 1.27545e-10 0.0100042 4.53203e-07 6.15984e-08 4.90098e-11 1.28971e-10 0.355173 0.0053566 2.10637e-10 0.00668564 1.07472e-08 1.00295e-07 8.59662e-08 0.497467 0.00203469 3.91827e-07 0.00948898 7.16732e-08 
3.3382e-06 0.0137456 0.0624802 0.00338047 0.00055808 0.0650107 3.27766e-05 2.81115e-06 0.0400469 0.00596731 9.22868e-09 1.90871e-06 7.84628e-05 0.0283793 3.96635e-08 0.118046 1.65636e-06 0.0130419 0.104947 0.0152021 0.0620929 4.30798e-08 0.344599 0.122382 
0.000876348 0.0849974 7.56899e-06 0.0523036 6.91194e-06 0.0175941 6.61343e-07 0.000737673 6.74203e-07 7.10403e-05 2.54125e-07 6.68738e-07 0.00946855 0.708666 3.22116e-05 3.25328e-05 0.00283947 1.71464e-05 1.59612e-06 0.022669 0.0718808 2.42251e-06 0.0277928 3.37432e-07 
0.0185386 0.0235549 0.00248584 0.00154946 1.4576e-05 0.0861943 0.000236202 0.000898226 0.00217888 0.0138704 7.6087e-08 2.00225e-07 0.0323595 5.6965e-05 4.15376e-05 0.000206995 0.00451256 0.00510625 4.77892e-07 0.00138072 0.0321645 3.55176e-07 0.757067 0.0175817 
0.0290804 0.00571747 0.0175735 2.35227e-05 0.00735518 0.438149 4.3433e-05 0.00667319 0.000250644 4.03079e-05 2.84495e-12 0.000246495 0.0109492 5.58422e-12 1.32235e-06 7.50638e-05 0.00283011 0.00255202 1.78687e-11 0.38894 0.0543816 1.32803e-11 0.0276775 0.00744038 
2.37484e-05 0.0745824 1.07477e-05 0.00350767 0.50394 1.32244e-05 1.31316e-05 0.000316108 9.19656e-07 0.00401149 2.58729e-08 1.10644e-05 0.053338 0.000251941 0.000342018 0.000647551 0.00132527 0.00353865 1.04421e-07 0.314702 1.06422e-05 3.41904e-08 0.0394137 1.32988e-07 
0.000962605 0.0431105 0.000366564 0.14075 0.0292446 0.00796857 1.27413e-05 0.00923108 4.39765e-05 0.215124 1.99485e-06 0.00024177 0.370226 0.0115375 1.81837e-05 0.00223349 0.00567003 0.0171222 6.41705e-05 0.0959703 0.00836344 4.68868e-06 0.0404293 0.00130208 
2.09395e-07 0.00131261 0.00132795 0.0540446 2.0443e-07 5.18715e-07 1.02629e-07 0.668732 1.12487e-11 0.00135325 4.23994e-12 1.11575e-11 9.0967e-07 4.31939e-07 1.03888e-07 1.3201e-07 7.80962e-08 6.02068e-07 2.66305e-11 0.0812948 1.99404e-07 1.97922e-11 0.191931 5.62987e-12 
0.0201436 0.0128666 0.000438809 0.0374915 0.0258629 0.644707 0.034303 0.00603053 0.000922726 0.000395085 4.79142e-06 9.77072e-06 0.0643443 0.000948284 0.00263446 0.0003452 0.00527885 0.0301899 1.80979e-05 0.00598929 0.0169777 2.30289e-05 0.0184769 0.0715979 
1.54666e-05 0.0146078 0.330034 0.00142652 3.5705e-05 0.174425 1.25073e-08 0.00517212 0.000720801 0.00264596 4.80599e-09 0.00390627 0.057763 0.019473 2.06554e-08 0.175095 0.000165176 5.27177e-06 3.01857e-08 0.0251107 0.0361162 2.24345e-08 0.0159999 0.137282 
0.00085743 0.0280232 0.00274605 0.0626795 0.0319587 0.0227861 0.00230248 0.0277574 0.00206956 0.00259064 2.54549e-05 0.000164039 0.0124799 0.00817449 0.000910524 0.00137129 0.000165544 0.435341 5.63738e-05 0.0751326 0.0149411 0.000474492 0.0651699 0.201822 
0.000642334 0.000281643 3.87923e-05 0.00536773 0.012113 0.00257234 6.14433e-05 0.00722397 2.73922e-05 0.00376848 8.50681e-10 0.000469072 0.0333783 1.02294e-09 0.000571432 0.000332907 0.923085 0.000665781 1.30168e-09 0.000892173 0.00250668 1.26171e-06 0.00599832 2.10293e-06 
4.41867e-05 0.208662 0.0340394 5.07081e-06 0.00281077 0.101822 1.80299e-05 1.91504e-05 0.000307947 0.0130027 6.90017e-09 1.8158e-08 0.0600738 0.0064327 0.000107923 0.0148938 0.000436284 8.26411e-05 4.3339e-08 0.0112733 0.000217923 3.22102e-08 0.0294471 0.516303 
0.000463474 7.90533e-08 0.000907496 0.0494173 0.0100899 0.00478203 2.45713e-08 0.106123 8.8541e-09 0.00151888 3.10247e-12 1.67982e-08 0.324358 0.000772206 0.000924701 0.000152658 1.49327e-07 5.06196e-05 1.94861e-11 0.42751 0.00148629 1.44824e-11 0.0714429 4.11951e-12 
0.000872785 0.0139808 4.30636e-05 0.02462 0.0705362 0.00130181 0.000978794 0.0128753 8.5369e-05 0.00567879 7.9273e-08 0.000611443 0.024485 1.65368e-05 0.00107717 4.33041e-06 3.52995e-05 0.711471 1.67825e-07 0.0298374 0.00093183 1.63884e-05 0.00379127 0.0967494 
0.0566222 0.0989411 0.00717038 0.0303318 0.0373555 0.0527689 7.94625e-05 0.0189813 0.00186224 0.00540854 1.67495e-06 3.36198e-05 0.241007 0.0128047 0.000230038 0.008012 0.0355242 0.0535131 2.86592e-05 0.0652014 0.0158922 1.93228e-06 0.0916198 0.166609 
0.00188323 0.0603895 0.0361444 0.0026099 0.000182296 0.131343 0.00781325 0.00435087 0.000180567 0.000491574 8.24029e-05 0.000390911 0.00125655 0.00618074 0.00236792 0.00616183 0.00138065 0.00403921 0.00179529 0.00500743 0.0403278 0.000157447 0.0301573 0.655306 
8.22041e-05 0.337065 0.000867361 0.038683 0.00866297 0.00951502 0.000139482 0.0151728 0.0029895 4.07492e-05 4.43869e-10 5.53001e-05 0.36112 0.00789207 6.31699e-06 0.0187829 0.00650456 0.000665591 2.78788e-09 0.100042 0.0225979 1.04698e-07 0.0609303 0.00818437 
7.66701e-06 0.00578814 0.165053 0.00339314 1.5037e-06 0.524804 8.83128e-07 0.000161423 1.46706e-08 2.1387e-05 5.52974e-09 1.45517e-08 2.32596e-06 0.00190013 0.000670148 0.00504205 5.85622e-07 2.34983e-06 3.47315e-08 1.84312e-06 0.0486364 2.5813e-08 0.244436 7.79485e-05 
0.000236249 0.0406306 0.0301163 0.0152642 0.0068681 0.154937 0.00298577 0.044312 0.00682358 0.00485038 1.72046e-06 1.22442e-05 0.0117083 0.00340474 0.00445327 0.0274591 0.00289765 0.0633495 0.00285037 0.0280568 0.0378894 3.71081e-05 0.0399046 0.470951 
3.09808e-08 0.39535 0.021981 0.00477761 0.00756668 0.00684065 6.72455e-05 0.00215009 5.70867e-08 0.0213444 2.15175e-08 0.00894117 0.0949721 0.0712787 9.2479e-08 0.326174 2.67508e-05 1.25496e-06 3.48051e-06 0.00938523 0.0110015 1.00444e-07 0.00574679 0.0123912 
0.0372472 0.0114596 0.00743812 0.0183336 0.00627713 0.164676 0.00114854 0.0897692 2.52207e-05 0.00155859 4.39025e-07 0.00536396 0.0449323 0.0110838 5.19423e-06 0.117076 0.0175935 0.0269973 2.0996e-06 0.0255924 0.0738833 3.84202e-05 0.309274 0.0302239 
0.00283956 0.000941717 0.00153048 0.0686081 0.00370322 0.109142 6.16562e-06 0.0177989 5.24445e-06 0.000240125 1.34173e-11 9.22008e-06 0.00181378 0.660829 0.00373336 3.85958e-06 5.45148e-05 0.0066556 8.42723e-11 0.0175395 0.10298 6.26325e-11 0.00152974 3.58154e-05 
0.0178465 0.00107077 0.0048112 0.0081175 2.65547e-06 0.852742 7.80454e-05 0.0101169 4.52555e-09 0.000208509 1.7058e-09 6.72731e-07 0.000482051 0.00078297 3.12036e-08 0.00042696 0.000315308 0.00144304 1.34756e-07 0.000430675 0.0633937 7.96273e-09 0.0373514 0.000379365 
4.87201e-05 0.210402 0.00124434 0.416965 0.0569382 0.0190204 4.85097e-06 3.63847e-05 0.000221837 0.0173235 8.57086e-07 0.00156452 0.210227 0.00126202 0.00272828 2.84716e-05 0.00042523 0.000900065 1.09102e-05 0.00576556 0.0079939 0.00117776 0.0455505 0.000159522 
0.000258192 0.0834356 0.00159074 0.00461553 0.229529 0.0305532 3.13694e-06 0.00286811 0.00102635 0.00152773 9.94355e-09 4.77388e-05 0.32456 0.00807255 0.00103614 0.000622446 0.0014113 0.000278713 3.59224e-08 0.263209 0.0242813 2.66981e-08 0.0201039 0.000969079 
0.0011102 1.37983e-07 0.00135837 0.123482 0.000281042 0.16083 2.918e-08 0.0230571 1.12516e-09 0.000140181 1.10976e-11 2.92036e-11 0.000103935 0.514023 0.00410732 2.06887e-11 5.72989e-08 0.0104719 6.97022e-11 0.0111883 0.149837 5.18037e-11 9.1844e-06 1.47355e-11 
0.0046507 0.0397874 0.00991264 0.00481595 0.0511775 0.00807581 0.000341233 0.0103329 0.00377825 0.000351555 8.97308e-05 0.00562294 0.0387999 0.0113564 0.000920405 0.082526 0.00212102 0.0165834 0.000401983 0.0624439 0.0102103 0.000274845 0.167444 0.467981 
0.0148108 0.0159748 0.00894793 0.0259068 0.0151303 0.140677 0.0057044 0.0225569 0.00016931 0.013426 8.78797e-06 0.00530696 0.00929818 0.00327923 0.000146355 0.000261945 0.0742485 0.0231599 4.21882e-05 0.0253116 0.515832 9.31951e-06 0.0532128 0.0265781 
5.0556e-05 0.136997 0.000933575 0.226723 0.00190445 0.131339 3.78521e-05 0.0817707 0.000182755 0.00660836 5.26068e-08 3.40472e-07 0.0191911 0.00417104 8.14038e-06 0.0572213 5.70673e-05 0.0296713 0.000174251 0.289856 0.00329564 3.74565e-06 0.00359134 0.00621147 
0.374329 0.000182911 0.00513436 0.00438483 0.000577668 0.0561187 0.000850277 0.0152722 8.85971e-05 8.6069e-05 9.53872e-11 1.18734e-05 0.000849221 0.000282301 0.000221535 7.15526e-05 0.0204901 7.99354e-05 5.99113e-10 0.00178109 0.506699 3.35669e-08 0.0122429 0.000246591 
0.00289726 0.000329572 0.00193996 0.00313166 0.0263068 0.172063 3.46857e-05 0.00317735 0.000426077 0.00650461 9.69941e-09 5.65108e-06 0.00468674 2.00668e-05 4.95047e-05 9.82743e-05 0.220807 0.0137378 6.09206e-08 0.0566448 0.0205753 3.37785e-05 0.46627 0.00026065 
2.09395e-07 0.00131261 0.00132795 0.0540446 2.0443e-07 5.18715e-07 1.02629e-07 0.668732 1.12487e-11 0.00135325 4.23994e-12 1.11575e-11 9.0967e-07 4.31939e-07 1.03888e-07 1.3201e-07 7.80962e-08 6.02068e-07 2.66305e-11 0.0812948 1.99404e-07 1.97922e-11 0.191931 5.62987e-12 
0.0053545 0.0897352 0.000487557 0.0245667 0.021192 0.17 0.00531454 0.00376362 0.000445307 0.00378589 0.000231961 0.000354303 0.00722286 0.0227845 0.00101126 0.023963 0.0102931 0.0308085 0.0090598 0.110593 0.00198094 0.0401105 0.070932 0.346009 
2.07984e-09 0.00917292 0.03315 0.0187181 0.0124667 0.00549775 3.75932e-09 0.0140661 5.5367e-06 0.00936887 1.44454e-09 3.80136e-09 0.00245564 2.83542e-09 6.20843e-09 0.430691 5.93348e-05 4.70608e-05 5.84056e-06 0.394259 0.000933278 1.39921e-07 0.0501366 0.0189661 
0.00327953 0.00537088 0.00266792 0.00396254 0.00032745 0.738241 0.000401093 1.25655e-05 4.2257e-05 0.00570178 1.28477e-07 0.000579902 0.00349452 0.00145426 0.000851399 7.42986e-05 0.000657385 0.141743 1.13486e-05 0.0493715 0.0015968 5.99732e-07 0.0294381 0.01072 
0.0294145 0.0264245 0.0253789 0.114468 0.075935 0.21501 0.000563644 0.0581837 0.0022502 0.000156566 1.04168e-06 4.46677e-06 0.0237233 0.0173491 0.0113799 0.00428996 0.00109772 0.0284044 0.00936336 0.0277766 0.0731001 5.97369e-06 0.253192 0.0025262 
0.000679187 0.0693282 0.0133032 0.0657506 0.0372724 0.0113207 0.000141661 1.97793e-05 0.000271619 0.0123968 3.17224e-11 5.97861e-05 0.603936 0.000441161 1.36338e-10 0.037262 6.60165e-05 1.04138e-06 9.68895e-05 0.0638008 0.00286678 1.48081e-10 0.0794894 0.001496 
0.00138898 0.0340039 0.0790314 0.00237683 0.014887 0.0811785 0.00656588 0.0925398 0.00316818 0.000292404 4.50187e-05 0.00037529 0.00935827 0.00209886 0.000742612 0.0124502 0.103308 0.00218961 0.000210858 0.0295816 0.00357904 5.33115e-05 0.0766732 0.443901 
