0.000143682 0.320534 0.0066154 0.00943191 0.00435774 0.00366578 8.70387e-05 0.00142916 0.0246662 0.00185529 2.407e-06 3.43791e-09 7.28409e-06 0.0271099 6.40072e-07 0.0255041 2.49606e-06 0.00410348 8.20549e-09 0.123756 0.118938 8.99383e-07 0.325942 0.00184669 
0.0196497 0.0127134 0.00354917 0.0116757 0.0142988 0.135442 0.000218701 0.0108377 2.97186e-05 0.011363 7.49297e-06 9.49113e-11 0.148347 0.0399769 0.0155092 0.00252711 0.0226374 0.0384764 0.0380026 0.0181034 0.185965 5.18719e-07 0.250946 0.0197222 
0.00040071 0.000262332 5.62928e-07 0.0010233 0.00273387 0.000480726 6.12045e-06 0.00525433 0.000626287 3.76169e-08 5.76601e-06 2.89067e-08 0.000573501 0.000856845 1.26451e-06 0.00023248 3.44912e-05 0.0607178 3.08237e-07 0.804378 0.00145691 7.37541e-08 0.1163 0.00465439 
0.00043725 0.003605 1.10408e-05 1.69344e-05 0.00303844 0.0248443 0.000289308 0.000383397 0.00244855 0.000439262 0.00103608 1.38904e-06 0.000615791 0.000498333 1.20543e-05 0.00817941 1.59701e-05 0.0117761 3.31445e-06 0.000858643 0.000449222 7.57365e-05 0.000683804 0.940281 
4.22974e-05 0.0245654 0.00272736 0.0050457 0.0127979 0.00836109 0.000130944 0.0417966 0.000138725 0.000314379 7.41761e-06 1.39241e-08 0.0705953 0.0351769 0.000117825 0.00175804 0.000997357 0.00282219 0.000860635 0.0763943 0.000599814 4.88857e-06 0.711211 0.00353371 
0.0213115 0.0137868 0.00617006 0.00062851 0.0107759 0.113641 0.000480865 0.0309404 2.2506e-05 0.00355764 0.00888673 6.02969e-08 0.00930845 0.000967016 0.00040457 5.3779e-05 0.000961822 0.0314015 3.49417e-05 0.0238418 0.0133827 8.46835e-05 0.708217 0.0011403 
0.00049725 0.0174073 9.63156e-08 0.00483284 0.0167499 0.0429754 0.00365532 0.00837659 0.00593842 0.000615882 4.43454e-05 5.38169e-08 8.23347e-05 0.000287909 0.000249674 8.22108e-06 3.9002e-05 0.0495465 0.000170425 0.0198836 0.0069133 0.000196282 0.109831 0.711699 
0.00219991 0.0261157 0.00280987 0.000121492 0.00758181 0.0209919 1.63065e-08 0.000438071 0.000125507 0.0108117 7.78824e-06 1.64618e-10 0.00641674 0.00425342 9.73964e-09 0.733914 0.0138654 0.0170495 5.35636e-07 0.0583017 0.0110079 9.66054e-09 0.0392558 0.0447313 
0.00253798 0.00801012 0.0234439 0.106902 0.00637419 0.0220099 5.47477e-05 0.556803 0.00036641 0.000297014 8.49159e-06 1.30295e-08 0.0113007 0.0101966 3.74249e-05 0.000571297 2.15745e-05 3.68867e-05 0.000498302 0.0297898 0.00117472 2.60675e-06 0.177726 0.0418363 
0.00751418 0.0224997 0.00157625 0.0132874 0.064902 0.0741152 6.49025e-05 0.0227189 0.0156873 0.0248741 2.46891e-05 2.37277e-09 0.0116048 0.00385682 4.86058e-06 0.053636 0.0583588 0.00261938 1.8103e-07 0.157208 0.00417256 3.63147e-05 0.309546 0.151692 
5.6386e-07 0.0023666 0.00118031 0.00404137 0.00268963 0.0944118 1.11584e-07 0.0072488 2.27134e-10 0.000233509 5.94832e-05 2.25293e-10 0.0146818 0.000217085 6.87074e-06 3.04131e-08 1.60553e-07 0.0321187 5.37723e-10 0.0985586 0.00236738 1.16921e-07 0.694378 0.0454391 
0.000211422 0.0074557 0.00235342 0.00106021 0.333723 0.00216568 0.0192185 7.74901e-08 0.000695587 0.00197184 0.00305183 8.63593e-11 0.500087 0.000677959 1.41043e-10 0.00175126 3.13008e-06 0.000589475 2.0612e-10 0.0469486 3.71294e-07 1.90102e-07 0.0310109 0.0470247 
0.00180111 0.0936518 0.0098485 0.00990039 0.0421451 0.0385005 0.00172033 0.0318242 0.000565628 0.000603385 0.000274304 1.06815e-08 0.0182358 0.0248991 1.95434e-06 0.0207466 0.000400378 0.125524 0.00129258 0.0586 0.0158153 0.000204298 0.0947131 0.408732 
2.0415e-06 0.0528059 0.00469473 0.00189876 0.0405674 0.0402748 0.00198522 0.0108439 6.37512e-06 0.0022134 0.0160041 4.59726e-08 0.0843756 0.0181523 2.01533e-05 0.653542 5.91476e-06 0.00128327 1.09726e-07 0.0357919 0.0102682 4.55226e-07 0.00586323 0.0194004 
0.000778936 0.00340974 0.000669524 0.0150757 0.00128843 0.134919 0.000219404 0.00100036 5.37152e-08 1.43143e-05 1.36624e-05 6.78033e-11 0.0109697 0.00345917 0.000222448 8.04014e-05 0.000188624 0.00138884 1.61831e-10 0.0128139 0.0430859 4.82337e-08 0.768008 0.00239371 
0.00123085 0.111969 0.000815818 0.117273 0.0160038 0.0185065 5.15378e-07 0.0110694 0.000158762 0.197859 3.31061e-05 4.28951e-10 0.128337 0.00645306 7.00568e-10 0.0122661 0.000106573 0.0679625 1.6201e-07 0.107542 0.00466913 0.000309262 0.171656 0.0257798 
1.12461e-08 0.0242749 0.000381219 0.00857574 0.156008 0.00175327 8.3809e-09 0.00147825 6.05903e-13 0.000560509 2.53346e-06 6.00992e-13 0.338459 6.03384e-08 4.06881e-05 0.00147256 0.0161264 0.00695192 9.1818e-09 0.399451 0.000274947 9.94404e-05 0.0440893 3.39668e-09 
0.00223004 0.00741613 0.256251 0.00231069 0.137629 0.0247317 0.000730127 0.00966076 0.000512539 3.84471e-07 0.00121463 7.02713e-11 0.0279048 0.00207457 0.000213121 0.00181894 0.0064794 0.031697 6.45105e-07 0.131563 0.000294293 6.33499e-05 0.241855 0.113348 
0.000148819 0.00447513 4.26258e-05 0.00224123 0.000634209 0.00014198 1.49653e-05 0.00100575 1.87507e-07 0.0137892 1.05048e-06 1.85987e-07 0.0286601 0.00012931 2.22603e-05 0.000244823 5.87646e-06 0.905659 5.11386e-07 0.00318819 3.39684e-06 1.85346e-05 0.0372063 0.00236637 
0.00510194 0.019064 0.00214724 0.0209501 0.0367439 0.0102225 0.000373887 0.0267202 6.10394e-05 0.00302784 7.63062e-05 3.94354e-08 0.156092 0.449371 0.000149855 0.0313213 0.00247856 0.0216267 5.8665e-08 0.110487 0.033041 8.34032e-06 0.0654166 0.0055181 
0.0124146 0.00173684 0.000520571 0.0672715 0.0025902 0.0162536 0.000141539 0.337861 8.58266e-06 0.000121854 4.1586e-06 1.51639e-11 0.0158049 0.000134076 9.0935e-07 2.06415e-05 0.00315412 0.00425283 3.61928e-11 0.339529 0.0284859 7.55046e-07 0.169618 7.46819e-05 
0.00036633 0.110572 0.00139318 0.000306272 0.0101077 0.0880948 0.000705857 0.00270807 0.0145571 0.00190009 0.000181848 8.73568e-06 0.116494 0.0110434 0.000179889 0.00983304 0.0196164 0.0132688 0.00162979 0.0362393 0.00244127 0.000415042 0.0587658 0.499172 
0.00219991 0.0261157 0.00280987 0.000121492 0.00758181 0.0209919 1.63065e-08 0.000438071 0.000125507 0.0108117 7.78824e-06 1.64618e-10 0.00641674 0.00425342 9.73964e-09 0.733914 0.0138654 0.0170495 5.35636e-07 0.0583017 0.0110079 9.66054e-09 0.0392558 0.0447313 
0.00958659 0.0184536 0.0915146 0.146087 0.00881219 0.108072 0.00115243 0.0412643 0.00014949 0.0079077 2.56253e-05 7.77442e-06 0.0318424 0.00336608 5.64389e-05 0.00809355 0.00805045 0.0596609 1.11009e-05 0.427806 0.00115849 9.28967e-06 0.0164998 0.0104126 
0.000104856 0.0425221 7.38699e-05 0.000495487 0.00198951 0.00384328 0.902555 0.000835492 0.00482148 5.47288e-05 0.0161266 7.72899e-09 0.000406267 0.000170184 1.56069e-08 7.4914e-05 0.00205413 0.00220989 0.0041298 0.0136387 0.000459124 8.17651e-07 0.00147312 0.00196053 
0.0337803 0.0863688 0.176774 0.215972 0.0103437 0.0534385 0.0010598 0.0130652 0.000860189 0.175494 1.60042e-05 5.82264e-07 0.00196133 0.107203 1.54576e-05 3.32345e-05 0.00239385 0.000560345 5.48371e-05 0.0230052 0.0386314 1.04124e-05 0.0510238 0.00793483 
0.00487747 0.00539744 1.85154e-07 0.00400333 0.0735254 0.0747934 2.52062e-07 0.00116477 0.0100496 0.0400116 6.28686e-09 1.07165e-10 0.149343 0.031035 0.108116 0.000796876 4.40561e-05 0.209003 2.55779e-10 0.214006 0.000466786 7.21829e-07 0.0147739 0.058591 
0.163165 0.00216477 0.000553135 0.00111995 0.000199159 0.0896554 0.000381501 0.0047507 0.000502397 2.14384e-07 2.05697e-05 1.42664e-10 0.000849558 4.29327e-08 6.1155e-08 0.000443688 0.00103545 0.0107719 3.40505e-10 0.00694353 0.684643 2.53069e-10 0.0324661 0.000333878 
6.7967e-06 0.0204336 0.000300052 1.33369e-05 0.0800104 0.0205543 2.21739e-05 0.00114981 0.000325992 0.000471227 2.37247e-06 7.75473e-08 0.0161895 0.000515082 1.81312e-05 0.0113267 0.000275897 0.0347913 5.0341e-05 0.00878198 3.38873e-05 5.84039e-05 0.0368017 0.767867 
0.00194664 0.102645 0.000493898 0.0329434 0.0311123 0.0508188 0.00875404 0.0176487 0.0333742 0.00129483 0.00161599 1.57373e-10 0.0389386 0.00193884 0.000605058 0.0012157 0.013988 0.208829 3.75614e-10 0.0736833 7.73452e-07 0.000151448 0.082554 0.295447 
9.4322e-06 0.051151 1.57953e-09 0.000748974 0.865015 1.91829e-10 0.000331139 0.00107838 3.08068e-13 6.65387e-08 0.00420205 3.05571e-13 0.0212924 7.7107e-08 2.11608e-08 0.000901363 1.67165e-09 0.000807971 7.29328e-13 0.0540067 8.2458e-10 5.42048e-13 0.000455731 3.13012e-09 
0.000836693 0.00122444 0.00314915 0.00147972 0.0304367 0.0769834 6.60058e-05 7.03755e-07 0.000811632 4.14056e-05 1.12543e-05 4.80257e-07 0.00830241 0.0211404 0.000423017 0.000338755 0.00299538 0.0161722 4.88764e-05 0.0180591 0.0445549 5.34921e-06 0.638789 0.134129 
0.0413739 0.0322102 0.00044532 0.0194128 0.00528535 0.062223 0.494247 0.0659487 0.000765934 0.000918458 0.000206247 6.8058e-05 0.00903091 0.000433097 0.000456 0.00189396 0.0204992 0.0288293 0.000543447 0.0383508 0.00132875 0.0316712 0.00254572 0.141312 
0.00189563 0.053965 0.00531592 0.0237356 0.0715718 0.0168568 5.29105e-05 0.00179846 0.000299843 0.003629 0.00012336 1.44908e-07 0.0260109 0.000357717 2.32885e-06 0.660132 5.87926e-06 0.00087069 3.45862e-07 0.00824153 0.00166997 2.5705e-07 0.0216852 0.101779 
0.00909061 0.14391 0.00193415 0.115247 0.0184884 0.0391457 0.00206331 0.00574314 0.00019931 0.32645 4.30017e-05 7.86647e-07 0.0538187 0.16113 0.000689381 0.00172034 0.0125851 0.00799667 0.00127569 0.0192423 0.0253004 8.0823e-05 0.028031 0.0258147 
0.0479592 0.0156287 0.0205447 0.0203014 0.0812334 0.226592 0.00114505 0.0253009 1.06414e-07 0.000600137 1.3087e-05 4.55687e-09 0.0812751 0.0119222 3.54037e-05 1.54291e-05 0.01156 0.124931 2.39499e-06 0.169117 0.0275421 5.81433e-05 0.11689 0.0173326 
0.00334667 0.006908 0.00143375 0.0219754 0.00560227 0.0340711 0.000172338 0.378696 7.18697e-05 0.00135871 0.00215499 5.47335e-06 0.0275333 0.0158671 0.000207971 0.000334504 0.0147632 0.00700259 0.000231677 0.0492669 0.00529331 8.71173e-06 0.421796 0.00189856 
0.000779706 0.00612051 0.00100345 0.00702538 0.000849981 0.0126908 0.000315451 0.00910697 0.000417943 0.00264888 0.000114075 4.97898e-08 0.0398417 0.89423 7.02876e-05 0.00309682 1.3849e-06 0.00174186 7.82707e-08 0.00475273 0.0138753 2.10838e-06 0.000143089 0.00117142 
0.000192911 1.74055e-07 1.2826e-06 5.48511e-06 1.18085e-07 0.000160176 0.999279 3.66061e-08 1.4441e-09 2.56029e-09 1.21226e-05 1.59829e-12 1.75466e-05 4.01831e-07 3.10678e-05 1.03395e-09 0.000119238 6.31063e-07 3.81476e-12 2.04997e-08 0.000179745 2.83519e-12 1.00216e-08 3.5326e-08 
7.55079e-05 0.061398 3.8641e-06 0.001648 0.00278604 0.00723879 1.67697e-05 0.263337 8.33527e-07 6.16164e-07 2.25896e-06 2.70244e-10 0.131816 1.65531e-07 2.81936e-05 1.84862e-06 0.00388659 0.00193845 6.45009e-10 0.0389909 0.00181843 4.74268e-06 0.484999 7.02719e-06 
0.000948042 0.100145 0.00486486 0.00471806 0.0139692 0.0423466 0.0100982 0.222671 0.111299 0.00745974 7.79925e-06 4.1611e-07 0.00527705 0.00669923 0.0387145 0.00462979 0.0215461 0.00035709 4.14894e-06 0.0101467 0.0100573 1.92902e-05 0.00328436 0.380736 
1.07987e-06 0.0448948 1.90634e-05 0.0406835 0.0403406 0.00587598 4.81727e-05 6.06497e-05 9.695e-05 0.0301049 0.00025802 6.43209e-09 0.00816259 0.234507 1.39333e-05 4.7492e-06 0.000204567 0.0112752 0.0172944 0.0904498 1.87173e-05 2.44362e-06 0.136438 0.339245 
0.00734132 0.00572845 0.00102837 0.0600473 0.0118172 0.0341722 4.27834e-05 0.209363 9.93645e-06 6.64941e-05 6.83357e-06 2.19408e-10 0.015615 0.0324332 2.98825e-05 7.05956e-05 0.00212092 0.0372637 4.13763e-08 0.508998 0.00599354 0.000202392 0.0642331 0.00341551 
0.000599205 0.010308 0.00622096 0.0185361 0.0173924 0.00890489 0.00119445 0.0183828 6.48671e-05 0.00484937 0.0169245 1.3672e-07 0.0650556 0.0134194 0.000254795 0.0034091 5.75816e-05 0.00323603 9.12636e-07 0.0455689 0.00546048 2.21511e-06 0.743365 0.0167921 
0.000596672 0.00320557 5.15231e-05 0.00922534 0.012426 0.00551752 0.000774069 0.0187343 0.000150134 0.060825 5.8949e-07 2.60976e-08 0.68529 7.69686e-05 0.000175505 0.000802635 0.00150634 0.0143369 5.68229e-08 0.143108 0.0038362 1.13163e-07 0.0387679 0.000592759 
0.00185241 0.0724669 0.000526958 0.015785 2.34661e-05 0.405226 0.000102963 0.012304 0.000775868 1.97846e-05 3.85957e-06 9.01433e-07 0.011644 0.00781756 3.79709e-05 0.0196594 0.000113347 0.00161245 0.000115491 0.0577254 0.000246441 1.59904e-06 0.0365731 0.355365 
0.0231905 0.168903 0.0132912 0.0385373 0.00123586 0.198178 0.0129005 0.017517 0.000407568 0.000137483 0.00169409 6.10292e-07 0.0114441 0.118786 4.44782e-05 0.197258 0.019278 0.00816856 2.20072e-06 0.0783564 0.012771 2.521e-06 0.0714679 0.006428 
0.000581605 0.0279491 0.00374109 0.00289314 0.00314155 0.0129005 0.00362159 0.0140317 2.93382e-06 0.000843593 1.10583e-06 3.51297e-09 0.0123331 0.529594 5.73742e-09 0.00201979 3.29688e-07 0.314834 5.09592e-07 0.012399 0.00384992 0.000102293 0.0169481 0.0382108 
0.000104856 0.0425221 7.38699e-05 0.000495487 0.00198951 0.00384328 0.902555 0.000835492 0.00482148 5.47288e-05 0.0161266 7.72899e-09 0.000406267 0.000170184 1.56069e-08 7.4914e-05 0.00205413 0.00220989 0.0041298 0.0136387 0.000459124 8.17651e-07 0.00147312 0.00196053 
0.000104856 0.0425221 7.38699e-05 0.000495487 0.00198951 0.00384328 0.902555 0.000835492 0.00482148 5.47288e-05 0.0161266 7.72899e-09 0.000406267 0.000170184 1.56069e-08 7.4914e-05 0.00205413 0.00220989 0.0041298 0.0136387 0.000459124 8.17651e-07 0.00147312 0.00196053 
0.00023477 0.11988 0.0115785 0.0322677 0.0139133 0.050644 0.000274015 0.00439857 8.87671e-05 0.0268972 2.87924e-08 1.08726e-08 0.0236947 0.206645 1.04528e-06 0.0533898 0.00237808 0.177054 2.59503e-08 0.0422573 0.0358106 7.80245e-08 0.018062 0.180531 
0.00629664 0.0129851 0.00580922 0.0303405 0.166215 0.0399186 0.0010517 0.195265 0.000193884 0.0500056 0.0190442 3.06152e-07 0.0318744 0.0118077 0.0002761 0.0103399 0.00046464 0.0523572 2.03352e-06 0.00607989 0.0432767 3.03741e-05 0.247018 0.069348 
0.0139185 0.0172749 0.00559412 0.0568399 0.247071 0.00849227 5.43375e-05 0.00739474 3.73309e-09 0.0233268 4.63246e-05 2.1222e-11 0.0488376 0.00119936 3.6475e-06 3.52115e-08 3.8648e-06 0.426892 5.0652e-11 0.0380547 0.0010178 6.10808e-05 0.103381 0.000534991 
0.000192911 1.74055e-07 1.2826e-06 5.48511e-06 1.18085e-07 0.000160176 0.999279 3.66061e-08 1.4441e-09 2.56029e-09 1.21226e-05 1.59829e-12 1.75466e-05 4.01831e-07 3.10678e-05 1.03395e-09 0.000119238 6.31063e-07 3.81476e-12 2.04997e-08 0.000179745 2.83519e-12 1.00216e-08 3.5326e-08 
0.00208369 0.00214946 3.46902e-07 8.21412e-08 0.0593322 0.0815362 4.72263e-07 3.32688e-07 6.13447e-07 0.0490914 1.17434e-08 1.00616e-10 0.0471136 0.003841 0.216209 9.65672e-07 8.80698e-05 0.323078 2.40146e-10 0.145785 1.64349e-05 1.35252e-06 0.00451548 0.0651559 
0.000192911 1.74055e-07 1.2826e-06 5.48511e-06 1.18085e-07 0.000160176 0.999279 3.66061e-08 1.4441e-09 2.56029e-09 1.21226e-05 1.59829e-12 1.75466e-05 4.01831e-07 3.10678e-05 1.03395e-09 0.000119238 6.31063e-07 3.81476e-12 2.04997e-08 0.000179745 2.83519e-12 1.00216e-08 3.5326e-08 
0.00790468 0.00390151 0.00316477 0.00206234 0.00825747 0.0307205 2.60609e-06 0.00117147 3.47555e-06 0.00909352 2.27368e-06 5.7991e-09 0.0297543 2.02013e-06 9.47116e-09 0.000117573 0.000449044 0.0291341 1.38411e-08 0.0126269 0.00844698 1.02869e-08 0.255623 0.597562 
0.000278375 0.0186412 0.000870556 0.54347 0.00121776 0.0137438 8.89119e-05 0.0843941 2.92682e-06 0.00596503 0.00115698 4.59492e-09 0.0209013 0.086777 0.000222338 0.000117695 0.000216556 0.0383267 4.54137e-06 0.104669 0.00295203 2.16667e-05 0.0759143 4.70709e-05 
0.00681459 0.00202031 0.00335818 0.000703995 0.000486478 0.814363 0.0061803 0.00932434 2.52749e-05 9.44625e-07 5.56331e-05 6.85567e-09 0.00024407 1.21791e-05 2.47789e-05 6.38099e-06 0.100916 0.000160006 1.63629e-08 0.00650119 0.0188868 1.58433e-07 0.0295899 0.000325196 
0.000581605 0.0279491 0.00374109 0.00289314 0.00314155 0.0129005 0.00362159 0.0140317 2.93382e-06 0.000843593 1.10583e-06 3.51297e-09 0.0123331 0.529594 5.73742e-09 0.00201979 3.29688e-07 0.314834 5.09592e-07 0.012399 0.00384992 0.000102293 0.0169481 0.0382108 
0.00374198 0.00895413 0.00491892 0.00251309 0.0144929 0.0237643 0.00197004 0.0216628 0.00163507 0.0400231 6.21106e-05 7.3689e-08 0.519672 0.00078896 9.39587e-06 0.0724834 0.0310807 0.172745 1.76626e-07 0.051796 0.00251116 1.58299e-06 0.0162415 0.00893148 
0.00424499 0.0490292 0.000225541 0.00361439 0.0623562 0.10876 0.00400594 0.00217966 0.000178041 0.00153335 2.071e-05 4.95128e-10 0.0211807 5.03791e-07 8.0865e-10 0.0335611 0.00451988 0.068425 1.18176e-09 0.0324203 0.00131489 0.111231 0.0279952 0.463203 
0.00250925 0.00807454 0.00689858 0.00998753 0.0152057 0.0967274 0.000158717 0.0233244 0.00106205 0.190897 5.18004e-05 1.88573e-10 0.0385293 6.81779e-06 2.33506e-07 0.04454 0.000235943 0.122107 4.50079e-10 0.000963439 0.00599622 0.000511734 0.0628515 0.369361 
0.00510194 0.019064 0.00214724 0.0209501 0.0367439 0.0102225 0.000373887 0.0267202 6.10394e-05 0.00302784 7.63062e-05 3.94354e-08 0.156092 0.449371 0.000149855 0.0313213 0.00247856 0.0216267 5.8665e-08 0.110487 0.033041 8.34032e-06 0.0654166 0.0055181 
0.167776 0.00165577 0.00679361 0.000378011 0.000630959 0.486192 0.114786 0.00922488 6.66297e-05 6.21409e-06 0.000150319 7.946e-12 0.000831047 1.41699e-09 5.1558e-06 4.70286e-07 0.0930199 7.81088e-05 1.99979e-08 0.0149587 0.0994609 2.06169e-09 0.00260819 0.00137743 
0.00255612 0.65801 0.00225448 0.0379236 0.114715 0.0098396 0.0119523 0.00155011 0.000277096 0.00491159 0.0278405 9.93221e-07 0.0162296 0.00292574 0.000110263 0.0107774 2.06143e-05 0.00997165 6.68074e-05 0.035218 0.00519217 0.00098028 0.0179173 0.0287579 
0.000996837 0.35357 0.239485 0.00131337 0.0661172 0.030465 9.68917e-05 0.00152705 0.0129726 0.000374393 0.000803295 1.00493e-10 0.0880035 0.0031634 1.64127e-10 0.0846817 3.44772e-05 0.000359416 0.00420924 0.0326066 0.0181078 1.76232e-08 0.00864587 0.0524656 
0.000183534 0.915805 0.0001741 0.0221877 0.00731248 0.00120945 0.00238416 0.0370103 3.33255e-05 0.000163739 6.53122e-06 6.65867e-07 0.00507237 7.80557e-05 1.0875e-06 0.00147469 5.64232e-06 1.59187e-05 1.58927e-06 0.00337482 0.00128114 9.55413e-05 0.00209665 3.11654e-05 
0.00340313 0.013884 0.000543912 0.0396023 0.0123572 0.0950852 0.000172829 0.0774312 1.92113e-05 0.00323947 1.34597e-05 1.33058e-11 0.010215 0.000132857 0.00178239 0.00018726 0.0111934 0.005019 2.28243e-06 0.645883 0.00292707 4.98045e-06 0.0760905 0.000810563 
0.00306998 0.00344269 0.252179 0.0089711 2.59607e-07 0.0694363 1.54922e-07 0.000925372 6.47694e-05 2.20625e-07 3.37081e-06 1.87401e-10 0.00137134 0.0103051 2.67743e-07 1.25097e-06 0.00572125 9.93603e-05 4.47283e-10 0.00374576 0.63711 3.32428e-10 0.00230099 0.00125183 
0.000195694 0.00143077 0.000159333 0.0691604 0.0141023 0.0153353 5.10366e-05 0.171852 0.183865 0.0028857 0.000264163 1.91654e-10 0.110596 0.00876827 2.15016e-07 1.28946e-06 0.00139672 0.215281 2.88076e-07 0.118247 7.90815e-06 2.94651e-06 0.0265825 0.0598147 
0.00141361 0.101697 0.000649492 0.000445914 0.0965561 0.0165389 0.000225997 0.00383481 5.90261e-06 0.00356434 0.0188769 4.7725e-09 0.0147173 0.000243355 0.000440229 0.713177 0.00506726 0.00197609 1.13908e-08 0.00429913 0.00982841 1.0956e-06 0.00365382 0.00278727 
0.00101988 0.121191 0.00123184 0.0463614 0.59504 0.00352438 0.000717194 0.0164022 0.000750876 5.89003e-05 7.23641e-05 4.51343e-05 0.0475638 0.00175685 0.00762723 0.00766641 0.00456764 0.0184465 0.000590125 0.102429 0.00978804 0.00512539 0.00706791 0.000956057 
0.000100543 0.945663 1.20628e-06 0.00330809 0.0192233 0.00457224 4.54674e-05 0.000650513 0.000360837 0.000323392 0.00334841 9.81589e-10 0.000709657 0.00205726 1.89936e-06 0.00894661 0.000257275 0.000819157 2.34282e-09 0.00257906 2.87336e-05 0.00325371 0.000591207 0.0031585 
0.000851321 0.0420361 2.47107e-05 0.0243532 0.0957141 0.010449 0.000338887 0.0671921 1.25324e-07 0.00119658 9.76863e-05 1.42306e-10 0.0846151 6.04539e-05 2.12884e-07 3.68877e-07 4.1192e-06 0.270604 3.39652e-10 0.254961 0.000211939 0.000670864 0.140508 0.00611016 
0.0942043 0.00930509 0.000473946 0.0635653 0.0120978 0.0571856 4.09741e-05 0.312151 0.00110412 0.000375368 9.67434e-05 3.03367e-06 0.0116563 0.0138316 0.000438391 0.00205255 0.0121506 0.0369836 3.93589e-06 0.287112 0.0242174 4.46739e-06 0.0461404 0.0148056 
5.95624e-05 0.000709404 2.45261e-05 0.168239 0.000464866 0.00115187 2.81413e-05 0.200606 6.93352e-06 0.000215583 1.49527e-06 7.29677e-12 0.000551779 1.40653e-08 2.58374e-09 3.02347e-08 5.31794e-08 0.00141227 1.74157e-11 0.0344039 0.000309216 2.04985e-07 0.591816 9.11707e-09 
0.00507544 0.0643429 0.00103443 0.078027 0.0389553 0.221526 5.30179e-05 0.127612 0.000893553 0.0856754 0.000493163 6.21898e-08 0.0218387 0.00762116 6.1408e-06 0.015869 0.000246587 0.00935452 1.83121e-06 0.0780663 0.00220857 0.000339244 0.0384615 0.202298 
0.0248934 0.0963326 0.264458 0.000841856 0.0310332 0.0289946 0.000869495 0.00155127 0.00200417 2.62488e-05 0.504603 2.49456e-08 0.000784311 0.00246129 1.4742e-07 0.000960033 4.07815e-05 0.00029232 0.00323184 0.0120176 0.000577889 1.2778e-06 0.0151057 0.00891873 
0.00252705 0.0623579 0.000555917 0.203483 0.183909 0.0278931 3.19011e-05 0.122866 0.0071086 0.000116153 8.17564e-09 5.97711e-09 0.0515473 0.0280313 0.00194968 0.00023491 0.00213164 0.0399446 7.83676e-09 0.210788 0.0060275 6.12008e-07 0.048396 0.000100192 
0.00191998 0.132494 0.00494956 0.106922 0.0645286 0.169135 0.000521729 0.0620195 0.000602746 0.00750201 0.0196362 0.000300125 0.0101895 0.0119802 0.000969991 0.0262196 0.000628467 0.0733745 0.0123088 0.078773 0.0261643 0.0342156 0.0876363 0.0670087 
0.0357514 0.0123581 7.41169e-05 8.12306e-05 0.00134486 0.289754 0.000291362 0.00214339 0.0245156 0.00891411 0.00122935 5.8348e-09 0.184252 1.50678e-05 4.98284e-07 0.0384952 0.0533256 0.0538036 1.96312e-05 0.137839 0.10282 1.13352e-05 0.0382285 0.0147324 
0.000935504 0.0746683 0.0168077 0.00690145 0.00370762 0.110693 0.000759592 0.0255759 0.000101793 0.00144762 8.25891e-05 5.75336e-08 0.0010426 9.33143e-05 8.16053e-06 6.39001e-06 0.000115243 0.0010545 1.37319e-07 0.0105738 0.0075594 2.82981e-06 0.132573 0.605289 
0.0125399 0.00781058 0.00127525 0.0592652 0.0156341 0.0566481 6.37713e-05 0.167833 1.55013e-05 0.000930648 1.79416e-05 8.34474e-09 0.0206669 0.0286974 3.52768e-05 0.000118002 0.00851033 0.0426613 2.16615e-08 0.457499 0.0124406 0.000190953 0.101746 0.00539986 
0.00524054 0.0265743 0.0181412 0.079273 0.0649053 0.102753 0.00580434 0.00899367 3.52671e-05 0.00921704 1.84157e-06 1.31457e-08 0.101024 0.0142023 3.89291e-05 0.195563 0.00480083 0.143064 4.29367e-08 0.120092 0.014565 0.000597831 0.0821951 0.00291665 
0.000192911 1.74055e-07 1.2826e-06 5.48511e-06 1.18085e-07 0.000160176 0.999279 3.66061e-08 1.4441e-09 2.56029e-09 1.21226e-05 1.59829e-12 1.75466e-05 4.01831e-07 3.10678e-05 1.03395e-09 0.000119238 6.31063e-07 3.81476e-12 2.04997e-08 0.000179745 2.83519e-12 1.00216e-08 3.5326e-08 
0.000104856 0.0425221 7.38699e-05 0.000495487 0.00198951 0.00384328 0.902555 0.000835492 0.00482148 5.47288e-05 0.0161266 7.72899e-09 0.000406267 0.000170184 1.56069e-08 7.4914e-05 0.00205413 0.00220989 0.0041298 0.0136387 0.000459124 8.17651e-07 0.00147312 0.00196053 
0.0109691 0.00479952 0.00314509 0.00949233 0.0184519 0.113041 0.000762205 0.0386159 0.0121053 0.00275216 0.000501418 0.000225939 0.00969907 0.00110238 0.000298053 0.00186442 0.00910078 0.0991038 0.00121963 0.0841348 0.00786097 0.00175787 0.148214 0.420783 
0.0430757 0.0572741 4.80025e-05 0.0699965 0.111759 0.0103046 0.000140973 0.0738798 1.84394e-06 0.0766573 6.62201e-06 1.71279e-06 0.00384878 0.00716167 0.0646924 0.0926334 5.71153e-05 0.168807 0.00178666 0.0259159 0.0247938 0.0220208 0.0422884 0.102848 
0.000192911 1.74055e-07 1.2826e-06 5.48511e-06 1.18085e-07 0.000160176 0.999279 3.66061e-08 1.4441e-09 2.56029e-09 1.21226e-05 1.59829e-12 1.75466e-05 4.01831e-07 3.10678e-05 1.03395e-09 0.000119238 6.31063e-07 3.81476e-12 2.04997e-08 0.000179745 2.83519e-12 1.00216e-08 3.5326e-08 
0.000857402 0.0956398 0.00739391 0.000523021 0.0725051 0.0712427 8.86484e-05 0.00234701 0.0604479 0.000392192 5.38789e-05 1.02701e-08 0.0387561 0.000179009 3.51673e-07 0.506078 0.000418542 0.00117082 2.45125e-08 0.0106818 0.0234672 8.17685e-06 0.0398261 0.067922 
0.000100543 0.945663 1.20628e-06 0.00330809 0.0192233 0.00457224 4.54674e-05 0.000650513 0.000360837 0.000323392 0.00334841 9.81589e-10 0.000709657 0.00205726 1.89936e-06 0.00894661 0.000257275 0.000819157 2.34282e-09 0.00257906 2.87336e-05 0.00325371 0.000591207 0.0031585 
0.000418482 0.00108746 0.00157984 0.0772555 0.0335911 0.0531024 0.000448647 0.00831206 0.00104881 0.00860959 1.29801e-05 5.09997e-09 0.0239753 0.0234053 0.000333542 1.59309e-06 0.00172709 0.0937569 1.21725e-08 0.532772 0.00468058 6.3731e-07 0.109887 0.0239931 
0.00164462 0.0538326 0.00972521 3.40306e-06 0.0471051 0.0136141 0.00109389 0.0438974 0.000317206 0.000854858 3.69529e-05 1.66969e-09 0.00423208 0.000730539 3.76139e-07 0.00807503 4.31748e-06 0.0786041 1.59006e-05 0.0136752 0.000556772 1.4894e-05 0.0872209 0.634744 
0.00210828 0.0150993 0.00221982 0.00332138 0.0407922 0.107172 0.000206113 0.0173062 0.00237518 0.20771 7.78906e-08 1.65507e-10 0.10045 7.14127e-08 1.56366e-07 0.00463006 2.32415e-08 0.101465 3.95027e-10 0.0400675 0.038536 1.32239e-07 0.111343 0.205198 
7.51472e-05 0.00145534 0.000279611 0.001928 0.474563 0.000505601 0.000148803 0.00241021 4.09609e-06 1.47725e-05 1.08553e-05 5.25342e-09 0.029259 0.000701215 2.16608e-05 5.95604e-05 0.0139014 0.20705 4.25439e-06 0.244656 6.00267e-05 4.45503e-05 0.0226336 0.000213601 
0.00215543 0.012581 0.0102673 0.0155445 0.00596604 0.523381 0.0269048 0.000773391 9.56148e-07 3.75753e-06 2.52727e-05 9.48397e-07 0.0293775 0.0254789 6.97052e-05 0.0314711 0.00042957 0.0470071 0.000144071 0.023155 0.0130861 0.000109041 0.0378464 0.194221 
0.000486115 0.818376 0.00310265 0.0330524 0.112105 2.02413e-05 0.00156472 0.00232202 9.08956e-07 0.00224047 0.00328731 2.02337e-07 0.00322114 0.000245171 4.30343e-05 0.0163596 6.6535e-06 0.000505094 4.82932e-07 0.00161981 0.00112299 3.58923e-07 0.000267046 5.07457e-05 
0.00144844 0.0259344 0.0123545 0.0202665 0.0532367 0.0812645 0.000102669 0.044608 3.76259e-05 0.0128287 6.41955e-06 2.78307e-06 0.0835617 0.0167703 0.000268055 0.00669821 0.00115826 0.22028 0.0635728 0.184447 0.0190864 3.29854e-05 0.139192 0.0128405 
0.000150322 0.0267255 0.0249707 0.0412836 0.0322616 0.0629911 0.000285879 0.0100394 0.00180511 0.0624814 5.93432e-05 2.41414e-07 0.179758 0.0259365 0.000240675 0.177362 0.0772817 0.096283 1.43221e-06 0.0962463 0.0103512 5.79029e-06 0.0538116 0.019668 
0.00778341 0.0434951 0.00987247 0.014057 0.00822818 0.172627 0.00109232 0.0135953 0.00183873 0.000802993 8.41856e-09 8.04553e-11 0.00695915 0.0125046 0.000371634 0.00440179 0.000349341 0.00158105 1.92028e-10 0.000890735 0.225617 1.42718e-10 0.473684 0.000248038 
0.000235175 0.0100625 0.00653676 0.00531647 0.00504615 0.0654271 0.0178309 0.0103235 5.11785e-05 0.000535233 7.80737e-06 6.20165e-09 0.0895541 4.18302e-06 3.43037e-05 0.0743558 4.57067e-07 0.0365798 1.48019e-08 0.0029661 0.00924228 1.74849e-07 0.646861 0.0190287 
0.000192911 1.74055e-07 1.2826e-06 5.48511e-06 1.18085e-07 0.000160176 0.999279 3.66061e-08 1.4441e-09 2.56029e-09 1.21226e-05 1.59829e-12 1.75466e-05 4.01831e-07 3.10678e-05 1.03395e-09 0.000119238 6.31063e-07 3.81476e-12 2.04997e-08 0.000179745 2.83519e-12 1.00216e-08 3.5326e-08 
0.00164462 0.0538326 0.00972521 3.40306e-06 0.0471051 0.0136141 0.00109389 0.0438974 0.000317206 0.000854858 3.69529e-05 1.66969e-09 0.00423208 0.000730539 3.76139e-07 0.00807503 4.31748e-06 0.0786041 1.59006e-05 0.0136752 0.000556772 1.4894e-05 0.0872209 0.634744 
0.000104856 0.0425221 7.38699e-05 0.000495487 0.00198951 0.00384328 0.902555 0.000835492 0.00482148 5.47288e-05 0.0161266 7.72899e-09 0.000406267 0.000170184 1.56069e-08 7.4914e-05 0.00205413 0.00220989 0.0041298 0.0136387 0.000459124 8.17651e-07 0.00147312 0.00196053 
4.62103e-05 0.503448 0.000999944 0.0360456 0.0111091 0.00797332 6.5379e-06 0.00595707 0.0359623 0.000909342 5.90269e-05 1.15055e-07 0.140238 0.034807 1.16238e-05 0.0193227 0.0191445 0.00449555 7.31203e-06 0.0484374 0.00187682 2.49235e-06 0.05763 0.0715093 
0.000192911 1.74055e-07 1.2826e-06 5.48511e-06 1.18085e-07 0.000160176 0.999279 3.66061e-08 1.4441e-09 2.56029e-09 1.21226e-05 1.59829e-12 1.75466e-05 4.01831e-07 3.10678e-05 1.03395e-09 0.000119238 6.31063e-07 3.81476e-12 2.04997e-08 0.000179745 2.83519e-12 1.00216e-08 3.5326e-08 
0.00111849 0.0375129 0.0198476 0.0129234 0.0278673 0.0986213 1.42095e-08 0.00240763 0.000465624 0.000842507 6.91075e-05 4.87077e-12 0.0692118 0.00102621 7.95501e-12 0.238373 0.00776251 0.0441725 1.16254e-11 0.240011 0.018785 8.2519e-09 0.136102 0.0428795 
3.74828e-07 0.023751 2.69073e-05 2.50276e-07 0.0026732 0.014536 0.000165043 5.6207e-06 0.00122235 0.0359671 0.000149637 1.00936e-10 0.0103338 0.00507665 0.00154564 0.00345328 0.000318666 2.7016e-07 2.40911e-10 0.0212771 0.000254184 1.79048e-10 0.0632998 0.815943 
0.000192911 1.74055e-07 1.2826e-06 5.48511e-06 1.18085e-07 0.000160176 0.999279 3.66061e-08 1.4441e-09 2.56029e-09 1.21226e-05 1.59829e-12 1.75466e-05 4.01831e-07 3.10678e-05 1.03395e-09 0.000119238 6.31063e-07 3.81476e-12 2.04997e-08 0.000179745 2.83519e-12 1.00216e-08 3.5326e-08 
5.03801e-05 0.00893085 0.000623594 0.00863836 0.184832 0.00173375 1.61162e-05 0.0323036 1.25601e-08 0.00267994 2.26046e-08 3.25878e-11 0.637815 0.00280317 2.18619e-05 0.00111585 0.00664301 0.00105119 1.54197e-08 0.0780384 0.0043586 9.39886e-07 0.0267579 0.00158561 
0.00237289 0.00993643 0.00888061 0.00399189 0.0503736 0.0261223 0.000103274 0.0227593 1.79309e-05 0.000348377 6.58012e-05 2.95295e-07 0.0755023 0.00185237 9.95439e-06 0.0304185 0.000355426 0.0476046 7.01596e-07 0.531461 0.0135295 4.04306e-06 0.125774 0.0485147 
5.18391e-05 0.00881734 0.00066232 0.00857845 0.184683 0.00178033 1.68936e-05 0.0330523 6.18453e-08 0.00275463 4.54342e-07 3.35639e-11 0.629934 0.00284739 2.39573e-05 0.00133059 0.00871907 0.0011217 2.07462e-07 0.0785665 0.00499548 1.25414e-06 0.0303554 0.00170689 
0.00418209 0.0268646 0.00209283 0.00591353 0.0869471 0.00426396 0.000987846 0.0247807 0.000135035 0.00030814 3.23168e-05 5.61044e-09 0.103022 0.00163342 0.000324385 0.00616186 0.00201124 0.0085591 1.37837e-07 0.64116 0.00017002 2.29738e-06 0.0766257 0.0038216 
0.00105975 0.0819812 0.0112036 0.00114377 0.00230814 0.640442 3.3926e-06 0.000742303 0.000679218 7.47691e-05 1.30362e-06 9.34428e-07 0.0407193 0.0218162 0.0243694 0.00598493 0.00568709 0.00554091 7.60488e-05 0.00532122 0.128564 2.71174e-06 0.0190828 0.00319552 
0.000697458 0.0023672 0.000859061 0.31028 0.00486364 0.00915808 0.000287629 0.347181 2.00517e-08 0.000769904 0.0161032 7.11514e-11 0.0252759 0.00415438 0.0157455 2.89136e-05 2.02994e-05 0.11868 3.11457e-08 0.0189422 0.00808764 3.36595e-05 0.116066 0.00039968 
0.0492385 0.0802805 0.0026128 0.0109594 0.0126077 0.403673 0.000135813 0.0104103 0.000318898 0.0232578 0.000315764 2.64822e-06 0.115261 0.00961219 0.000527946 0.00589752 0.0375522 0.0115736 0.00285881 0.0287258 0.0948917 0.00235079 0.00689231 0.0900425 
0.032817 0.0274867 0.000660998 0.0340425 0.00881567 0.0435986 3.34949e-05 0.523172 0.000460621 0.000228903 0.000362937 6.70595e-08 0.00688922 0.000825157 0.00070257 0.00357839 0.0205378 0.0316697 3.96475e-07 0.165416 0.0129367 3.17126e-07 0.0448403 0.040924 
0.00317874 0.0426031 0.0107394 0.017005 0.0015363 0.649484 2.00732e-06 0.00306646 0.000872195 0.0011245 7.8757e-05 4.14266e-07 0.00570097 0.00320296 2.89816e-05 0.00080183 0.101005 0.0197664 0.000782761 0.0117965 0.0177107 9.04577e-07 0.0558619 0.0536506 
0.00233032 2.02493e-05 3.76279e-06 0.0168988 7.26884e-05 0.00716981 1.22278e-05 0.444666 3.01051e-06 0.168509 4.10826e-07 9.53258e-10 0.18879 2.14212e-06 1.55687e-09 6.96728e-05 0.106792 0.0476352 2.27521e-09 0.00960515 0.000805506 1.69097e-09 0.00661214 1.89628e-06 
0.00012937 0.104727 0.000506314 0.0316078 0.667537 0.00332797 0.000125133 0.00368854 0.00043751 0.000129086 6.11049e-05 9.14973e-08 0.0372507 0.0156525 1.36241e-05 0.015376 0.00804901 0.00920643 2.18383e-07 0.078419 0.00506954 3.17114e-06 0.0181945 0.000488447 
0.00374198 0.00895413 0.00491892 0.00251309 0.0144929 0.0237643 0.00197004 0.0216628 0.00163507 0.0400231 6.21106e-05 7.3689e-08 0.519672 0.00078896 9.39587e-06 0.0724834 0.0310807 0.172745 1.76626e-07 0.051796 0.00251116 1.58299e-06 0.0162415 0.00893148 
0.000919177 0.00397479 0.00056928 0.00189196 0.00818917 0.0389257 0.00156933 4.60848e-08 0.059402 0.000205841 0.0027626 4.10352e-11 3.14999e-07 4.69807e-08 8.03847e-05 0.000109352 3.03588e-06 1.16993e-07 3.00567e-07 0.00747639 1.74517e-07 0.000174741 0.0144763 0.859269 
0.0290985 0.0544158 0.000963553 0.00585582 0.0139562 0.0766901 0.00155531 0.0248157 0.0469398 0.00404073 2.46507e-05 2.77844e-06 0.00733113 0.00128766 6.75986e-06 0.122848 0.0405224 0.00815998 3.55335e-06 0.139603 0.0177128 3.6255e-06 0.071364 0.332798 
0.0011405 0.00929668 0.0157992 0.0135203 0.012799 0.303552 0.000488653 0.00040328 0.000173139 0.0173932 1.73478e-05 3.86209e-08 0.0222095 0.0708588 0.000168414 0.00597876 0.0239675 0.00440573 1.18569e-05 0.0346442 0.0300416 1.12294e-06 0.338829 0.0943004 
0.00111341 0.00895114 0.00627882 0.071221 0.0215073 0.0941236 0.000516743 0.0176097 0.000659973 0.000885555 6.21343e-06 8.56032e-10 0.0107702 0.00573791 0.00150238 0.0388349 0.00445769 0.00161307 5.49421e-09 0.269777 0.0355669 5.03966e-07 0.381394 0.0274726 
0.00219991 0.0261157 0.00280987 0.000121492 0.00758181 0.0209919 1.63065e-08 0.000438071 0.000125507 0.0108117 7.78824e-06 1.64618e-10 0.00641674 0.00425342 9.73964e-09 0.733914 0.0138654 0.0170495 5.35636e-07 0.0583017 0.0110079 9.66054e-09 0.0392558 0.0447313 
0.111095 0.000784758 6.80819e-08 0.0492365 0.00246402 0.129481 0.000115833 0.539996 2.50222e-06 0.000369688 5.97404e-05 2.00742e-08 0.00351571 3.83526e-05 8.93995e-08 0.00114775 0.0718591 0.0140491 3.38636e-08 0.0499888 0.000384885 9.51081e-08 0.00604813 0.0193632 
0.167776 0.00165577 0.00679361 0.000378011 0.000630959 0.486192 0.114786 0.00922488 6.66297e-05 6.21409e-06 0.000150319 7.946e-12 0.000831047 1.41699e-09 5.1558e-06 4.70286e-07 0.0930199 7.81088e-05 1.99979e-08 0.0149587 0.0994609 2.06169e-09 0.00260819 0.00137743 
0.000192911 1.74055e-07 1.2826e-06 5.48511e-06 1.18085e-07 0.000160176 0.999279 3.66061e-08 1.4441e-09 2.56029e-09 1.21226e-05 1.59829e-12 1.75466e-05 4.01831e-07 3.10678e-05 1.03395e-09 0.000119238 6.31063e-07 3.81476e-12 2.04997e-08 0.000179745 2.83519e-12 1.00216e-08 3.5326e-08 
0.000100543 0.945663 1.20628e-06 0.00330809 0.0192233 0.00457224 4.54674e-05 0.000650513 0.000360837 0.000323392 0.00334841 9.81589e-10 0.000709657 0.00205726 1.89936e-06 0.00894661 0.000257275 0.000819157 2.34282e-09 0.00257906 2.87336e-05 0.00325371 0.000591207 0.0031585 
0.000192911 1.74055e-07 1.2826e-06 5.48511e-06 1.18085e-07 0.000160176 0.999279 3.66061e-08 1.4441e-09 2.56029e-09 1.21226e-05 1.59829e-12 1.75466e-05 4.01831e-07 3.10678e-05 1.03395e-09 0.000119238 6.31063e-07 3.81476e-12 2.04997e-08 0.000179745 2.83519e-12 1.00216e-08 3.5326e-08 
0.000192911 1.74055e-07 1.2826e-06 5.48511e-06 1.18085e-07 0.000160176 0.999279 3.66061e-08 1.4441e-09 2.56029e-09 1.21226e-05 1.59829e-12 1.75466e-05 4.01831e-07 3.10678e-05 1.03395e-09 0.000119238 6.31063e-07 3.81476e-12 2.04997e-08 0.000179745 2.83519e-12 1.00216e-08 3.5326e-08 
0.00629066 0.00134328 0.000283109 0.120924 0.00149461 0.058889 4.58092e-06 0.0378014 1.77791e-05 1.50637e-06 1.31133e-05 1.03474e-07 0.00643994 2.54577e-05 9.89208e-07 0.0017693 0.0121263 0.00962239 2.46969e-07 0.066494 0.00331557 1.04141e-05 0.0610349 0.612097 
0.00615627 0.00559547 0.000981823 0.0685617 0.0133305 0.0358805 4.98254e-05 0.199237 6.77737e-06 0.000743336 1.37888e-05 1.04941e-08 0.0174004 0.0244284 2.78315e-05 9.84377e-05 0.00218478 0.035684 2.85998e-08 0.482589 0.00812749 0.000157453 0.0949408 0.0038035 
0.071005 0.0689546 0.0270313 0.00310691 0.00473076 0.080012 0.014457 0.0753766 0.00394684 1.46276e-05 1.36238e-05 2.30358e-07 0.0328021 0.0694052 0.000244141 0.00224675 0.00740905 0.00947483 0.0127952 0.152611 0.114771 2.2359e-06 0.239955 0.00963382 
0.000426307 0.0706859 0.0019128 0.172676 0.00671011 0.0641538 0.000244888 0.0069776 0.0227461 0.0141498 0.000369386 1.17269e-10 0.0259116 0.00106174 1.91525e-10 0.00251554 0.00269241 0.0546532 2.79894e-10 0.292409 0.00925594 9.08828e-05 0.237661 0.0126968 
0.000192911 1.74055e-07 1.2826e-06 5.48511e-06 1.18085e-07 0.000160176 0.999279 3.66061e-08 1.4441e-09 2.56029e-09 1.21226e-05 1.59829e-12 1.75466e-05 4.01831e-07 3.10678e-05 1.03395e-09 0.000119238 6.31063e-07 3.81476e-12 2.04997e-08 0.000179745 2.83519e-12 1.00216e-08 3.5326e-08 
9.71898e-07 0.00695983 6.26448e-05 7.3407e-06 0.000247796 0.0939671 0.755898 0.000262372 0.00193125 1.19623e-05 3.76662e-06 3.26419e-10 0.00354646 8.89118e-06 0.000217006 0.026411 0.0146291 7.48215e-06 7.79086e-10 0.0654935 0.0081888 5.79028e-10 0.0177782 0.00436651 
0.129727 0.00866708 0.0182911 0.00366627 0.00255444 0.0699925 0.000113567 0.000666539 0.00503854 1.39404e-05 0.00019573 3.02609e-06 0.00786234 0.00284723 9.67013e-06 0.00219112 0.00228266 0.00181805 0.000221449 0.0239513 0.0079023 0.0711213 0.0508695 0.589994 
0.000192911 1.74055e-07 1.2826e-06 5.48511e-06 1.18085e-07 0.000160176 0.999279 3.66061e-08 1.4441e-09 2.56029e-09 1.21226e-05 1.59829e-12 1.75466e-05 4.01831e-07 3.10678e-05 1.03395e-09 0.000119238 6.31063e-07 3.81476e-12 2.04997e-08 0.000179745 2.83519e-12 1.00216e-08 3.5326e-08 
0.000970113 0.113716 0.00449655 0.0163869 0.499893 0.0213045 0.00137707 0.0127748 0.000311516 0.0297232 7.23172e-05 3.07095e-06 0.0529605 0.0023557 0.000178999 0.00172551 0.0411273 0.0113164 1.91074e-05 0.10517 0.00351021 6.4654e-05 0.0453336 0.0352095 
0.135946 0.0963748 0.00483044 0.000489697 0.0198362 0.121688 0.000326837 0.0104522 0.0317255 0.00134501 7.00717e-05 1.49956e-06 0.0245387 0.00445449 1.09498e-05 0.0301993 0.00102612 0.00763409 2.17128e-05 0.0132386 0.0100495 2.88659e-05 0.101578 0.384133 
0.000192911 1.74055e-07 1.2826e-06 5.48511e-06 1.18085e-07 0.000160176 0.999279 3.66061e-08 1.4441e-09 2.56029e-09 1.21226e-05 1.59829e-12 1.75466e-05 4.01831e-07 3.10678e-05 1.03395e-09 0.000119238 6.31063e-07 3.81476e-12 2.04997e-08 0.000179745 2.83519e-12 1.00216e-08 3.5326e-08 
0.000192911 1.74055e-07 1.2826e-06 5.48511e-06 1.18085e-07 0.000160176 0.999279 3.66061e-08 1.4441e-09 2.56029e-09 1.21226e-05 1.59829e-12 1.75466e-05 4.01831e-07 3.10678e-05 1.03395e-09 0.000119238 6.31063e-07 3.81476e-12 2.04997e-08 0.000179745 2.83519e-12 1.00216e-08 3.5326e-08 
0.000157645 0.472873 3.1752e-05 0.00925676 0.0974466 0.012127 0.000235982 0.0684323 0.0295418 0.0168028 0.0233756 2.58389e-08 0.00899559 0.000507913 0.000292228 0.000136835 0.00584774 0.0164656 1.62466e-07 0.141316 0.00114503 0.000690894 0.0694749 0.0248457 
5.03801e-05 0.00893085 0.000623594 0.00863836 0.184832 0.00173375 1.61162e-05 0.0323036 1.25601e-08 0.00267994 2.26046e-08 3.25878e-11 0.637815 0.00280317 2.18619e-05 0.00111585 0.00664301 0.00105119 1.54197e-08 0.0780384 0.0043586 9.39886e-07 0.0267579 0.00158561 
0.423633 0.00129598 1.07804e-05 0.00699776 0.00166836 0.357278 0.00387997 0.133032 0.000174356 0.000135611 2.60986e-06 1.8505e-11 0.00167328 4.40424e-08 0.000150954 6.61265e-06 0.0503183 0.00115896 2.65696e-08 0.0031321 0.0113721 8.09432e-08 0.00255646 0.00152284 
0.0367116 0.0305048 0.0175901 0.0149349 0.0314588 0.134427 0.0038927 0.0371474 0.000181968 0.0307446 0.000447394 3.75184e-10 0.120872 0.00193712 0.000631849 0.017417 0.00122498 0.00168267 8.95478e-10 0.0618808 0.0252083 2.65358e-06 0.0864025 0.344699 
7.34759e-07 0.0009875 5.54321e-07 0.456479 0.000913026 0.00607058 0.000660935 0.112551 1.01674e-10 0.00142555 3.92636e-05 1.0085e-10 0.0245034 1.3653e-06 0.0188923 1.618e-07 1.44337e-07 0.259545 2.40705e-10 0.0240043 0.00156203 2.99037e-07 0.0923625 5.1313e-07 
0.0315591 0.000334413 0.00625067 0.0172119 0.000267471 0.699015 3.4802e-06 0.00241137 1.5256e-06 0.0144575 5.91376e-06 8.00566e-09 0.0140377 0.00628961 0.00486882 1.34173e-05 0.00460162 0.000845034 9.91235e-06 0.0254874 0.0649946 6.24322e-06 0.105292 0.00203618 
