0.0196497 0.0127134 0.00354917 0.0116757 0.0142988 0.135442 0.000218701 0.0108377 2.97186e-05 0.011363 7.49297e-06 9.49113e-11 0.148347 0.0399769 0.0155092 0.00252711 0.0226374 0.0384764 0.0380026 0.0181034 0.185965 5.18719e-07 0.250946 0.0197222 
0.000411851 0.00184269 0.00152615 0.111159 0.00201572 0.0076953 8.32914e-05 0.0570739 0.00164125 0.0012601 3.85487e-06 6.49338e-08 0.0315258 0.0029897 1.97326e-05 0.00676024 4.2902e-05 0.0094049 7.84542e-08 0.759157 0.000559902 0.000195855 0.00438707 0.000244134 
0.000748014 0.08367 8.05424e-06 0.0281778 0.328798 0.00735289 0.00118448 0.00174089 3.2325e-06 0.000571546 0.00034657 1.35921e-08 0.00453273 4.56212e-05 0.00033755 2.82965e-07 6.61554e-05 0.0883436 0.0343525 0.0383199 0.015493 0.224567 0.0489892 0.0923503 
0.0138744 0.00474588 0.00546654 0.09276 0.00693795 0.374288 4.33842e-05 0.0272964 0.000918454 0.000650834 6.04917e-07 2.93077e-08 0.00938979 0.0087732 0.00219232 0.0200558 0.0754339 0.00147853 1.06807e-07 0.321883 0.0225761 1.57718e-05 0.0105193 0.000699484 
7.65365e-05 0.0059997 0.0243017 0.00499553 0.000217962 0.018219 1.96195e-06 0.0628827 0.00171555 0.0298795 6.28685e-07 2.69548e-08 0.0151035 3.48704e-05 3.98454e-07 0.0180504 0.0613193 0.00643261 6.43348e-08 0.0980596 2.39813e-05 0.0006597 0.0504299 0.601595 
0.00010139 0.0831767 0.0022265 0.000448996 0.0863508 0.0426183 0.000963799 0.00219275 0.00283465 0.0014959 0.000501257 9.38738e-07 0.155251 0.00557972 0.00486922 0.0223543 0.000430217 0.00467417 4.30485e-05 0.0173381 0.00316936 4.30865e-06 0.0137262 0.549648 
0.000192911 1.74055e-07 1.2826e-06 5.48511e-06 1.18085e-07 0.000160176 0.999279 3.66061e-08 1.4441e-09 2.56029e-09 1.21226e-05 1.59829e-12 1.75466e-05 4.01831e-07 3.10678e-05 1.03395e-09 0.000119238 6.31063e-07 3.81476e-12 2.04997e-08 0.000179745 2.83519e-12 1.00216e-08 3.5326e-08 
0.000470381 0.0020501 0.000408469 0.00905168 0.000775547 0.0809673 0.000133311 0.0078588 2.51767e-07 9.01509e-06 8.49838e-06 9.99363e-10 0.00658798 0.0020819 0.00338685 4.9337e-05 0.000114215 0.00083627 2.38525e-09 0.00769484 0.0258637 2.2203e-07 0.85021 0.00144119 
0.00751418 0.0224997 0.00157625 0.0132874 0.064902 0.0741152 6.49025e-05 0.0227189 0.0156873 0.0248741 2.46891e-05 2.37277e-09 0.0116048 0.00385682 4.86058e-06 0.053636 0.0583588 0.00261938 1.8103e-07 0.157208 0.00417256 3.63147e-05 0.309546 0.151692 
3.05994e-05 0.889074 3.0627e-08 0.0403574 0.0129671 2.89223e-05 7.51223e-07 5.34504e-07 0.000408423 0.00136883 2.61249e-05 2.42407e-10 0.025553 0.0293399 4.08353e-07 1.60907e-06 3.22848e-08 2.67263e-07 5.78569e-10 1.10395e-06 1.59725e-08 4.30001e-10 0.000480404 0.000360161 
1.19506e-05 0.768145 4.43636e-06 0.00574564 0.0761851 0.000262705 0.000105049 0.0227539 0.00139171 0.0153248 0.00883424 6.9803e-09 0.00265948 0.000134433 9.20847e-05 2.43182e-05 6.37015e-05 0.0116397 2.87356e-05 0.0411136 0.000216201 0.000322961 0.0395988 0.00534109 
0.000131036 0.404127 0.000135883 0.0434378 0.0146788 0.0106173 9.45011e-05 0.005366 8.38958e-08 0.0761604 0.000147643 8.32158e-08 0.422776 6.2226e-05 0.000145343 8.96538e-05 0.0007621 0.000116152 0.000164896 0.0165396 0.00251986 4.54121e-05 0.00140117 0.000480798 
0.000192911 1.74055e-07 1.2826e-06 5.48511e-06 1.18085e-07 0.000160176 0.999279 3.66061e-08 1.4441e-09 2.56029e-09 1.21226e-05 1.59829e-12 1.75466e-05 4.01831e-07 3.10678e-05 1.03395e-09 0.000119238 6.31063e-07 3.81476e-12 2.04997e-08 0.000179745 2.83519e-12 1.00216e-08 3.5326e-08 
0.00257408 0.0777433 0.00488011 0.0556489 0.233397 0.0827893 0.00744869 0.0624967 0.000646418 0.0128497 0.11103 2.44605e-07 0.0331783 0.0196183 0.00526548 0.00544058 0.134037 0.00550661 8.48937e-06 0.0785667 0.0135286 1.97317e-05 0.0477765 0.0055497 
5.03801e-05 0.00893085 0.000623594 0.00863836 0.184832 0.00173375 1.61162e-05 0.0323036 1.25601e-08 0.00267994 2.26046e-08 3.25878e-11 0.637815 0.00280317 2.18619e-05 0.00111585 0.00664301 0.00105119 1.54197e-08 0.0780384 0.0043586 9.39886e-07 0.0267579 0.00158561 
0.00123085 0.111969 0.000815818 0.117273 0.0160038 0.0185065 5.15378e-07 0.0110694 0.000158762 0.197859 3.31061e-05 4.28951e-10 0.128337 0.00645306 7.00568e-10 0.0122661 0.000106573 0.0679625 1.6201e-07 0.107542 0.00466913 0.000309262 0.171656 0.0257798 
0.0236156 0.250301 0.000108635 0.0346837 0.339662 0.0697516 0.000986818 0.0132014 0.00801546 0.0398753 0.000950107 5.43255e-08 0.0043179 0.000173173 0.044177 1.22464e-06 0.0503946 0.0179572 2.483e-07 0.0153355 0.00268583 0.00115108 0.0185113 0.0641436 
0.00615627 0.00559547 0.000981823 0.0685617 0.0133305 0.0358805 4.98254e-05 0.199237 6.77737e-06 0.000743336 1.37888e-05 1.04941e-08 0.0174004 0.0244284 2.78315e-05 9.84377e-05 0.00218478 0.035684 2.85998e-08 0.482589 0.00812749 0.000157453 0.0949408 0.0038035 
0.000104856 0.0425221 7.38699e-05 0.000495487 0.00198951 0.00384328 0.902555 0.000835492 0.00482148 5.47288e-05 0.0161266 7.72899e-09 0.000406267 0.000170184 1.56069e-08 7.4914e-05 0.00205413 0.00220989 0.0041298 0.0136387 0.000459124 8.17651e-07 0.00147312 0.00196053 
1.12461e-08 0.0242749 0.000381219 0.00857574 0.156008 0.00175327 8.3809e-09 0.00147825 6.05903e-13 0.000560509 2.53346e-06 6.00992e-13 0.338459 6.03384e-08 4.06881e-05 0.00147256 0.0161264 0.00695192 9.1818e-09 0.399451 0.000274947 9.94404e-05 0.0440893 3.39668e-09 
0.00178431 0.0228253 0.0283124 0.000903732 0.0356171 0.065462 7.04722e-06 0.00923479 0.00157623 4.51953e-05 7.85e-05 1.53661e-07 0.000770403 0.0380892 1.04398e-05 0.0196672 0.00014484 0.0489077 3.66753e-07 0.00372488 0.0194877 7.1786e-06 0.108 0.595343 
0.00684803 0.00894256 0.00144835 0.0333736 0.00164571 0.441376 0.004105 2.76806e-07 0.00776195 2.41914e-06 1.62446e-07 1.78502e-10 0.00300877 0.0147119 2.91532e-10 8.32244e-08 0.00263444 0.206495 8.26149e-07 0.0871906 0.00751133 2.38116e-07 0.0121858 0.160756 
0.00036633 0.110572 0.00139318 0.000306272 0.0101077 0.0880948 0.000705857 0.00270807 0.0145571 0.00190009 0.000181848 8.73568e-06 0.116494 0.0110434 0.000179889 0.00983304 0.0196164 0.0132688 0.00162979 0.0362393 0.00244127 0.000415042 0.0587658 0.499172 
0.00417907 0.00294114 0.0221745 0.0149277 0.00814288 0.0777258 0.00150752 0.00612052 0.00140089 7.25254e-05 0.000175634 1.39908e-07 0.00797371 0.0103589 0.000209099 0.0502817 0.000202431 0.00170777 5.13425e-05 0.169475 0.0180386 0.000110013 0.0632442 0.538979 
0.000854348 0.204499 0.000151923 0.00344622 0.026317 0.0448516 6.1122e-05 0.00318444 0.00619409 0.0143284 2.05094e-05 7.05238e-06 0.00909651 0.0055832 5.65051e-05 0.00200891 0.000208224 0.142917 8.37283e-05 0.108036 0.00254177 1.91295e-05 0.0894416 0.336091 
0.00714733 0.0830195 0.00934194 0.0349722 0.134403 0.0848348 0.00958256 0.0711871 0.00102378 0.00843762 0.0051666 2.44084e-05 0.0442077 0.00358878 0.00118765 0.0147915 0.00513166 0.0104993 0.000627033 0.101084 0.0202694 6.94561e-05 0.10228 0.247123 
0.00219991 0.0261157 0.00280987 0.000121492 0.00758181 0.0209919 1.63065e-08 0.000438071 0.000125507 0.0108117 7.78824e-06 1.64618e-10 0.00641674 0.00425342 9.73964e-09 0.733914 0.0138654 0.0170495 5.35636e-07 0.0583017 0.0110079 9.66054e-09 0.0392558 0.0447313 
0.000192911 1.74055e-07 1.2826e-06 5.48511e-06 1.18085e-07 0.000160176 0.999279 3.66061e-08 1.4441e-09 2.56029e-09 1.21226e-05 1.59829e-12 1.75466e-05 4.01831e-07 3.10678e-05 1.03395e-09 0.000119238 6.31063e-07 3.81476e-12 2.04997e-08 0.000179745 2.83519e-12 1.00216e-08 3.5326e-08 
0.053939 0.0064109 0.00171479 0.00465633 7.23245e-05 0.804005 0.000243612 0.00317971 1.76846e-05 2.83477e-08 4.69539e-05 4.30423e-10 0.00292279 0.000285493 0.00110183 2.31838e-07 0.054492 0.000778862 1.02732e-09 0.00254254 0.0435406 6.94647e-05 0.0131926 0.00678762 
0.110721 0.0147777 0.000744092 0.0680996 0.0154611 0.0894224 4.26479e-05 0.235394 0.000892118 0.00055837 0.000152865 6.56285e-07 0.0153423 0.0232718 0.000789379 0.00362101 0.0195203 0.0464048 7.03671e-06 0.232108 0.0404276 5.88164e-06 0.0576591 0.0245763 
0.0149741 0.439465 0.00584639 0.200106 0.0469571 0.0331911 0.00102574 0.0145291 0.000140794 0.00680266 0.00453383 6.18693e-06 0.0226263 0.000504406 0.000135604 0.00290953 0.00338523 0.0419317 0.00284803 0.0554043 0.00701652 0.00915731 0.0352346 0.0512688 
6.7967e-06 0.0204336 0.000300052 1.33369e-05 0.0800104 0.0205543 2.21739e-05 0.00114981 0.000325992 0.000471227 2.37247e-06 7.75473e-08 0.0161895 0.000515082 1.81312e-05 0.0113267 0.000275897 0.0347913 5.0341e-05 0.00878198 3.38873e-05 5.84039e-05 0.0368017 0.767867 
0.111095 0.000784758 6.80819e-08 0.0492365 0.00246402 0.129481 0.000115833 0.539996 2.50222e-06 0.000369688 5.97404e-05 2.00742e-08 0.00351571 3.83526e-05 8.93995e-08 0.00114775 0.0718591 0.0140491 3.38636e-08 0.0499888 0.000384885 9.51081e-08 0.00604813 0.0193632 
0.00235157 0.0283092 0.00557775 0.0524387 0.0192366 0.0611102 0.000856037 0.0579302 9.93435e-05 0.00167206 5.83498e-05 7.99855e-09 0.0570652 0.00191178 0.000120734 0.0310086 0.013173 0.0173414 6.80266e-08 0.278703 0.0084287 1.4162e-05 0.29059 0.0720032 
0.0495516 0.0142621 0.0311828 0.0375679 0.00207417 0.381879 0.000230965 0.0352894 0.000370211 0.00122475 0.000164693 2.97217e-05 0.00773746 0.00658379 0.00840233 0.000174263 0.00987524 0.024994 0.00153204 0.0388489 0.294979 7.73071e-05 0.042072 0.0108967 
0.00397552 0.00256491 0.0887805 0.00365728 0.0149581 0.307271 0.000112021 0.0116121 6.13887e-05 0.000772907 2.38778e-05 2.09722e-08 0.0543352 3.89488e-05 2.47906e-05 0.00152792 0.0559553 0.00429433 2.24382e-08 0.0189507 0.315235 1.09012e-05 0.110482 0.00535471 
3.59841e-05 0.00854562 0.000482138 0.0268441 0.090317 0.00504709 8.79612e-05 0.0169337 4.18141e-06 0.00522243 1.03743e-06 7.72126e-10 0.639328 0.00434462 6.91497e-06 0.00485237 0.00616694 0.0500422 2.49309e-05 0.096703 0.00364002 7.90203e-07 0.0401336 0.00123568 
0.00298635 0.0300979 0.0125797 0.0471095 0.00325387 0.602225 8.67877e-06 0.0428583 0.0019042 0.00230961 0.00152535 3.31739e-09 0.0613337 0.0396777 0.0138447 0.00831384 9.12775e-05 0.000971618 3.26109e-07 0.033972 0.061007 8.11996e-05 0.0302331 0.00361525 
0.000779706 0.00612051 0.00100345 0.00702538 0.000849981 0.0126908 0.000315451 0.00910697 0.000417943 0.00264888 0.000114075 4.97898e-08 0.0398417 0.89423 7.02876e-05 0.00309682 1.3849e-06 0.00174186 7.82707e-08 0.00475273 0.0138753 2.10838e-06 0.000143089 0.00117142 
0.000192911 1.74055e-07 1.2826e-06 5.48511e-06 1.18085e-07 0.000160176 0.999279 3.66061e-08 1.4441e-09 2.56029e-09 1.21226e-05 1.59829e-12 1.75466e-05 4.01831e-07 3.10678e-05 1.03395e-09 0.000119238 6.31063e-07 3.81476e-12 2.04997e-08 0.000179745 2.83519e-12 1.00216e-08 3.5326e-08 
0.000948042 0.100145 0.00486486 0.00471806 0.0139692 0.0423466 0.0100982 0.222671 0.111299 0.00745974 7.79925e-06 4.1611e-07 0.00527705 0.00669923 0.0387145 0.00462979 0.0215461 0.00035709 4.14894e-06 0.0101467 0.0100573 1.92902e-05 0.00328436 0.380736 
1.07987e-06 0.0448948 1.90634e-05 0.0406835 0.0403406 0.00587598 4.81727e-05 6.06497e-05 9.695e-05 0.0301049 0.00025802 6.43209e-09 0.00816259 0.234507 1.39333e-05 4.7492e-06 0.000204567 0.0112752 0.0172944 0.0904498 1.87173e-05 2.44362e-06 0.136438 0.339245 
0.00734132 0.00572845 0.00102837 0.0600473 0.0118172 0.0341722 4.27834e-05 0.209363 9.93645e-06 6.64941e-05 6.83357e-06 2.19408e-10 0.015615 0.0324332 2.98825e-05 7.05956e-05 0.00212092 0.0372637 4.13763e-08 0.508998 0.00599354 0.000202392 0.0642331 0.00341551 
0.000599205 0.010308 0.00622096 0.0185361 0.0173924 0.00890489 0.00119445 0.0183828 6.48671e-05 0.00484937 0.0169245 1.3672e-07 0.0650556 0.0134194 0.000254795 0.0034091 5.75816e-05 0.00323603 9.12636e-07 0.0455689 0.00546048 2.21511e-06 0.743365 0.0167921 
0.000585092 0.0064078 0.00195905 0.119886 0.00268161 0.0360257 0.000238385 0.136998 0.000326543 0.0015055 4.86959e-06 6.21969e-11 0.00137154 1.99953e-05 2.71296e-06 0.000146136 0.0111397 0.017344 1.4845e-10 0.102426 0.000490244 1.0576e-06 0.55973 0.000711051 
0.000192911 1.74055e-07 1.2826e-06 5.48511e-06 1.18085e-07 0.000160176 0.999279 3.66061e-08 1.4441e-09 2.56029e-09 1.21226e-05 1.59829e-12 1.75466e-05 4.01831e-07 3.10678e-05 1.03395e-09 0.000119238 6.31063e-07 3.81476e-12 2.04997e-08 0.000179745 2.83519e-12 1.00216e-08 3.5326e-08 
0.00185241 0.0724669 0.000526958 0.015785 2.34661e-05 0.405226 0.000102963 0.012304 0.000775868 1.97846e-05 3.85957e-06 9.01433e-07 0.011644 0.00781756 3.79709e-05 0.0196594 0.000113347 0.00161245 0.000115491 0.0577254 0.000246441 1.59904e-06 0.0365731 0.355365 
0.0123207 0.100494 4.46311e-06 0.0131609 0.00105777 0.035748 0.00120987 0.00852904 1.43113e-07 3.3584e-05 2.77075e-05 1.41953e-07 0.53778 0.0111187 2.11991e-05 0.000613898 0.00070154 0.0135388 2.51153e-06 0.0569834 4.81657e-05 0.000169094 0.202243 0.00419332 
0.00790468 0.00390151 0.00316477 0.00206234 0.00825747 0.0307205 2.60609e-06 0.00117147 3.47555e-06 0.00909352 2.27368e-06 5.7991e-09 0.0297543 2.02013e-06 9.47116e-09 0.000117573 0.000449044 0.0291341 1.38411e-08 0.0126269 0.00844698 1.02869e-08 0.255623 0.597562 
0.00843871 0.00160027 0.0003328 0.00263791 0.0331838 0.273497 0.000401114 0.0848484 0.00191792 0.000633514 0.000123061 5.30486e-09 0.00149891 3.55312e-06 3.85023e-05 0.000257021 0.015865 0.00713751 1.26615e-08 0.027509 0.260705 1.80772e-05 0.175631 0.103722 
0.00604548 0.0108745 0.000151535 0.000243757 0.00229349 0.0825723 0.0192537 0.00414718 0.00273037 1.67662e-05 0.000228914 3.36347e-08 0.00102261 9.9705e-06 2.13615e-06 7.89783e-06 0.0146515 0.00265397 8.02782e-08 0.00959033 0.0106739 0.00536677 0.0102712 0.817192 
0.000192911 1.74055e-07 1.2826e-06 5.48511e-06 1.18085e-07 0.000160176 0.999279 3.66061e-08 1.4441e-09 2.56029e-09 1.21226e-05 1.59829e-12 1.75466e-05 4.01831e-07 3.10678e-05 1.03395e-09 0.000119238 6.31063e-07 3.81476e-12 2.04997e-08 0.000179745 2.83519e-12 1.00216e-08 3.5326e-08 
0.00208369 0.00214946 3.46902e-07 8.21412e-08 0.0593322 0.0815362 4.72263e-07 3.32688e-07 6.13447e-07 0.0490914 1.17434e-08 1.00616e-10 0.0471136 0.003841 0.216209 9.65672e-07 8.80698e-05 0.323078 2.40146e-10 0.145785 1.64349e-05 1.35252e-06 0.00451548 0.0651559 
0.000192911 1.74055e-07 1.2826e-06 5.48511e-06 1.18085e-07 0.000160176 0.999279 3.66061e-08 1.4441e-09 2.56029e-09 1.21226e-05 1.59829e-12 1.75466e-05 4.01831e-07 3.10678e-05 1.03395e-09 0.000119238 6.31063e-07 3.81476e-12 2.04997e-08 0.000179745 2.83519e-12 1.00216e-08 3.5326e-08 
0.00236831 0.0337564 0.00267607 0.0284609 0.0199937 0.308692 0.000540845 0.0174959 0.00137364 0.00100943 2.08779e-05 7.13205e-08 0.00332278 0.000887672 4.01147e-05 0.00031482 0.000694595 0.0725198 0.000129166 0.151392 0.00494311 2.55593e-05 0.159902 0.189441 
0.0130972 0.0159024 0.00154991 0.0189685 0.026277 0.0221452 0.00480216 0.017961 0.00157106 0.00224987 0.219803 0.000222342 0.00503483 0.00122339 0.000744241 0.00317782 0.00500451 0.125607 0.00109776 0.0310713 0.00100396 0.00309313 0.0168184 0.461573 
0.0432527 0.000336794 0.000404053 0.0120733 0.0046543 0.00376266 0.000169701 0.0628102 0.00819807 0.193123 5.97383e-05 4.41069e-10 0.0977329 0.000428781 5.7447e-07 8.0966e-05 0.00416756 0.417358 1.05273e-09 0.0538359 0.00154231 0.000122718 0.0937477 0.00213764 
0.000174028 0.000914096 0.000920394 0.110878 0.000683498 0.012292 5.52293e-06 0.00124965 0.00389377 0.620098 3.99167e-07 1.29152e-10 0.0734074 0.124366 0.00236535 0.000662955 0.000120956 0.00015342 5.41207e-07 0.0445743 0.00201007 2.291e-10 0.00117545 5.50194e-05 
0.00790468 0.00390151 0.00316477 0.00206234 0.00825747 0.0307205 2.60609e-06 0.00117147 3.47555e-06 0.00909352 2.27368e-06 5.7991e-09 0.0297543 2.02013e-06 9.47116e-09 0.000117573 0.000449044 0.0291341 1.38411e-08 0.0126269 0.00844698 1.02869e-08 0.255623 0.597562 
0.0158764 0.0113538 0.00948501 3.80543e-06 0.0662563 0.41677 0.00122527 1.90481e-06 0.000699334 0.000182318 0.000173228 1.08721e-09 0.0133096 0.00125342 1.87291e-05 9.03894e-05 0.0207089 0.0264353 2.59491e-09 0.0249367 0.00210444 6.18027e-05 0.20579 0.183264 
0.00127527 0.0385925 0.000827887 3.74042e-05 0.0233467 0.113271 0.00198898 2.24749e-06 9.41553e-05 6.95718e-06 6.42241e-05 1.93365e-07 0.0571943 0.000108753 0.00015238 0.0298896 0.00162426 0.00528812 4.61518e-07 0.0160985 0.000628284 1.94831e-05 0.125792 0.583697 
0.00944261 0.00151479 0.00617169 0.000895872 0.00497317 0.0298568 3.56233e-06 0.00208149 4.06134e-05 2.27136e-05 4.16473e-06 2.22193e-12 0.0095644 0.000424175 1.37264e-06 0.00158501 0.851486 0.00466686 5.30324e-12 0.0291009 0.0329875 8.3668e-10 0.0147463 0.000430494 
9.26171e-05 0.0992455 8.97605e-07 0.0269765 0.00868276 0.011603 0.370026 0.00203028 3.54688e-08 0.144858 3.74218e-07 2.24212e-10 0.0383017 0.196297 3.66185e-10 0.00265719 0.000559527 0.00212506 5.35141e-10 0.0282492 9.17517e-06 3.97725e-10 0.0682839 2.88557e-07 
0.000183534 0.915805 0.0001741 0.0221877 0.00731248 0.00120945 0.00238416 0.0370103 3.33255e-05 0.000163739 6.53122e-06 6.65867e-07 0.00507237 7.80557e-05 1.0875e-06 0.00147469 5.64232e-06 1.59187e-05 1.58927e-06 0.00337482 0.00128114 9.55413e-05 0.00209665 3.11654e-05 
0.000271494 2.39665e-05 1.48071e-07 0.00319258 0.0152422 0.0222433 1.97219e-05 0.000854861 6.06679e-12 7.57974e-05 6.16612e-09 6.01761e-12 0.000213642 3.7574e-08 0.000355551 4.09023e-05 0.910795 0.000406556 1.43627e-11 0.0435282 0.00110142 1.06745e-11 0.00159509 3.9378e-05 
5.24576e-07 0.0321879 0.00301217 0.00498216 0.00221549 0.522515 0.000100481 0.00144247 0.000236701 5.75765e-07 1.57996e-08 2.01133e-10 1.60001e-06 0.0027879 0.00189463 0.00955543 9.58271e-05 1.38866e-06 1.65259e-05 0.00678182 0.39576 1.57749e-07 0.0161639 0.000247148 
0.000178503 0.0171206 3.43241e-09 0.00928484 2.44454e-07 0.000933367 0.00148153 0.0141502 1.12467e-08 0.00074991 3.97824e-10 1.16192e-12 0.00849922 0.000166429 0.000422225 1.27594e-08 0.000415596 0.110302 2.77323e-12 0.762992 1.81836e-08 1.93764e-08 0.0730613 0.000242645 
0.000402906 0.00667564 0.000320829 0.066417 0.0141339 0.0154339 0.000103465 0.182582 0.0191594 0.000160574 0.000202423 1.14395e-05 0.0256546 0.0028178 2.55917e-05 0.000383208 0.00514178 0.00336782 0.00149803 0.623992 0.00204838 2.96887e-05 0.0221808 0.00725638 
0.000192911 1.74055e-07 1.2826e-06 5.48511e-06 1.18085e-07 0.000160176 0.999279 3.66061e-08 1.4441e-09 2.56029e-09 1.21226e-05 1.59829e-12 1.75466e-05 4.01831e-07 3.10678e-05 1.03395e-09 0.000119238 6.31063e-07 3.81476e-12 2.04997e-08 0.000179745 2.83519e-12 1.00216e-08 3.5326e-08 
0.196576 0.0521487 0.00688063 0.000929075 0.00962422 0.171555 4.02928e-05 0.0350519 0.00383503 0.00038628 2.06424e-05 5.28542e-06 0.255785 0.0396276 0.000108382 0.00146752 0.0346246 0.00558303 0.01703 0.00990998 0.0901455 3.2129e-05 0.0582204 0.0104126 
0.0407462 0.00280322 0.00224696 1.71324e-07 0.001564 0.369357 0.313137 0.0489582 0.000196152 0.000377625 0.000678209 1.01299e-11 0.0205694 1.10747e-06 5.0972e-09 0.000944482 0.0626151 0.059879 2.41777e-11 0.0302102 0.0216765 2.60945e-05 0.00845676 0.015557 
0.0190872 0.0106862 0.00564408 0.00757854 0.0162883 0.270639 0.00263889 0.0110779 2.95124e-05 0.00111175 9.43317e-05 2.38386e-08 0.0195446 0.0341049 0.00142292 0.000646557 0.00746768 0.0307292 0.0596855 0.014937 0.0797609 2.48011e-05 0.340541 0.0662588 
0.0357514 0.0123581 7.41169e-05 8.12306e-05 0.00134486 0.289754 0.000291362 0.00214339 0.0245156 0.00891411 0.00122935 5.8348e-09 0.184252 1.50678e-05 4.98284e-07 0.0384952 0.0533256 0.0538036 1.96312e-05 0.137839 0.10282 1.13352e-05 0.0382285 0.0147324 
0.000158501 0.786451 5.60265e-05 0.0322686 0.00567497 0.000845755 0.00717074 0.0191119 6.80402e-05 0.00184299 7.58775e-06 5.36177e-07 0.0473131 0.000611823 0.000116662 9.39798e-05 4.15452e-05 0.05469 1.27973e-06 0.0324778 0.00178333 1.3079e-05 0.00918712 1.37689e-05 
0.0109691 0.00479952 0.00314509 0.00949233 0.0184519 0.113041 0.000762205 0.0386159 0.0121053 0.00275216 0.000501418 0.000225939 0.00969907 0.00110238 0.000298053 0.00186442 0.00910078 0.0991038 0.00121963 0.0841348 0.00786097 0.00175787 0.148214 0.420783 
0.000104856 0.0425221 7.38699e-05 0.000495487 0.00198951 0.00384328 0.902555 0.000835492 0.00482148 5.47288e-05 0.0161266 7.72899e-09 0.000406267 0.000170184 1.56069e-08 7.4914e-05 0.00205413 0.00220989 0.0041298 0.0136387 0.000459124 8.17651e-07 0.00147312 0.00196053 
0.00219991 0.0261157 0.00280987 0.000121492 0.00758181 0.0209919 1.63065e-08 0.000438071 0.000125507 0.0108117 7.78824e-06 1.64618e-10 0.00641674 0.00425342 9.73964e-09 0.733914 0.0138654 0.0170495 5.35636e-07 0.0583017 0.0110079 9.66054e-09 0.0392558 0.0447313 
0.000666752 0.158954 0.00765849 0.353856 0.0310452 0.022557 0.000683612 0.0127021 0.00118824 0.0161996 0.00173244 0.00026778 0.0413368 0.00445733 0.00424255 0.000706742 0.00429325 0.0853242 0.00200061 0.0391539 0.0766008 0.0199082 0.0907005 0.023764 
0.00053882 0.0163035 2.59752e-05 0.0230432 0.0045532 0.241858 0.00488833 0.0580496 0.00335441 5.5522e-06 0.00146942 1.22328e-08 0.00842707 0.0225906 0.0003109 1.54442e-08 0.0166443 0.084578 0.000122107 0.0496781 0.00620607 3.19483e-05 0.430091 0.0272298 
0.0189399 0.000720626 1.77325e-07 0.0064103 0.00322504 0.023143 3.97076e-06 0.00193387 8.55038e-09 3.24484e-05 1.7786e-08 8.28406e-11 0.00107714 0.707527 1.85814e-05 7.46872e-08 0.0196433 0.000998976 1.97721e-10 0.00626373 0.204474 1.2778e-06 0.00556819 1.8408e-05 
1.69609e-05 0.126844 0.000812842 0.0182271 0.0114899 0.000132039 0.000152298 0.00185638 0.000113503 0.00112334 0.00528722 3.31163e-08 0.0304904 0.658076 8.4529e-06 0.0957081 1.31209e-06 0.00101083 5.85279e-08 0.0137603 0.00179576 0.0012496 0.0304505 0.00139383 
0.000192911 1.74055e-07 1.2826e-06 5.48511e-06 1.18085e-07 0.000160176 0.999279 3.66061e-08 1.4441e-09 2.56029e-09 1.21226e-05 1.59829e-12 1.75466e-05 4.01831e-07 3.10678e-05 1.03395e-09 0.000119238 6.31063e-07 3.81476e-12 2.04997e-08 0.000179745 2.83519e-12 1.00216e-08 3.5326e-08 
0.000857402 0.0956398 0.00739391 0.000523021 0.0725051 0.0712427 8.86484e-05 0.00234701 0.0604479 0.000392192 5.38789e-05 1.02701e-08 0.0387561 0.000179009 3.51673e-07 0.506078 0.000418542 0.00117082 2.45125e-08 0.0106818 0.0234672 8.17685e-06 0.0398261 0.067922 
0.000192911 1.74055e-07 1.2826e-06 5.48511e-06 1.18085e-07 0.000160176 0.999279 3.66061e-08 1.4441e-09 2.56029e-09 1.21226e-05 1.59829e-12 1.75466e-05 4.01831e-07 3.10678e-05 1.03395e-09 0.000119238 6.31063e-07 3.81476e-12 2.04997e-08 0.000179745 2.83519e-12 1.00216e-08 3.5326e-08 
0.000471205 0.0811389 0.00909591 0.0169655 0.00485916 0.0112826 0.000186672 0.063122 1.67013e-05 0.00022126 0.000145239 3.17837e-07 0.0415082 0.671977 6.45953e-05 0.00941334 0.0246155 0.000341349 9.90199e-06 0.0240245 0.00905321 5.63806e-07 0.0203026 0.0111838 
0.00164462 0.0538326 0.00972521 3.40306e-06 0.0471051 0.0136141 0.00109389 0.0438974 0.000317206 0.000854858 3.69529e-05 1.66969e-09 0.00423208 0.000730539 3.76139e-07 0.00807503 4.31748e-06 0.0786041 1.59006e-05 0.0136752 0.000556772 1.4894e-05 0.0872209 0.634744 
0.00210828 0.0150993 0.00221982 0.00332138 0.0407922 0.107172 0.000206113 0.0173062 0.00237518 0.20771 7.78906e-08 1.65507e-10 0.10045 7.14127e-08 1.56366e-07 0.00463006 2.32415e-08 0.101465 3.95027e-10 0.0400675 0.038536 1.32239e-07 0.111343 0.205198 
0.000603259 0.00432722 0.00020956 0.000392513 4.73143e-05 0.00157236 9.16064e-07 2.30876e-07 1.29984e-05 0.0572484 3.21486e-07 2.51001e-08 0.000194861 0.00138937 4.09937e-08 1.69491e-07 3.23994e-06 0.933154 5.9908e-08 7.01351e-06 0.000609396 7.64688e-05 2.59115e-06 0.000147781 
0.000104856 0.0425221 7.38699e-05 0.000495487 0.00198951 0.00384328 0.902555 0.000835492 0.00482148 5.47288e-05 0.0161266 7.72899e-09 0.000406267 0.000170184 1.56069e-08 7.4914e-05 0.00205413 0.00220989 0.0041298 0.0136387 0.000459124 8.17651e-07 0.00147312 0.00196053 
0.0199747 0.00235098 7.38288e-05 0.00521357 0.00331215 0.000142479 8.70436e-05 0.000218103 7.27256e-05 5.47772e-05 2.32411e-05 7.16272e-08 4.66909e-05 0.00298167 1.16983e-07 4.78036e-06 0.000112692 0.4514 1.70958e-07 0.0181419 7.50407e-05 2.69345e-05 0.0180595 0.477627 
0.00215543 0.012581 0.0102673 0.0155445 0.00596604 0.523381 0.0269048 0.000773391 9.56148e-07 3.75753e-06 2.52727e-05 9.48397e-07 0.0293775 0.0254789 6.97052e-05 0.0314711 0.00042957 0.0470071 0.000144071 0.023155 0.0130861 0.000109041 0.0378464 0.194221 
0.000486115 0.818376 0.00310265 0.0330524 0.112105 2.02413e-05 0.00156472 0.00232202 9.08956e-07 0.00224047 0.00328731 2.02337e-07 0.00322114 0.000245171 4.30343e-05 0.0163596 6.6535e-06 0.000505094 4.82932e-07 0.00161981 0.00112299 3.58923e-07 0.000267046 5.07457e-05 
0.00219991 0.0261157 0.00280987 0.000121492 0.00758181 0.0209919 1.63065e-08 0.000438071 0.000125507 0.0108117 7.78824e-06 1.64618e-10 0.00641674 0.00425342 9.73964e-09 0.733914 0.0138654 0.0170495 5.35636e-07 0.0583017 0.0110079 9.66054e-09 0.0392558 0.0447313 
0.000150322 0.0267255 0.0249707 0.0412836 0.0322616 0.0629911 0.000285879 0.0100394 0.00180511 0.0624814 5.93432e-05 2.41414e-07 0.179758 0.0259365 0.000240675 0.177362 0.0772817 0.096283 1.43221e-06 0.0962463 0.0103512 5.79029e-06 0.0538116 0.019668 
1.11485e-05 0.0693076 0.0359525 0.00433439 0.00655133 0.20678 0.00130099 0.00162069 1.50614e-05 0.0525964 3.55718e-07 1.82886e-08 0.117631 0.00245579 4.09515e-05 7.21238e-05 0.00231702 3.95239e-05 4.36506e-08 0.108737 0.141029 4.51166e-06 0.242126 0.00707592 
0.00880605 0.0350826 0.00793368 0.0607869 0.00100003 0.152742 0.4236 0.000629326 4.77845e-07 0.00129059 3.91556e-05 9.91077e-08 0.0415395 0.0111186 0.00385229 0.00222326 0.0587877 0.00823135 2.36547e-07 0.00211636 0.0685267 5.1651e-05 0.0588566 0.0527849 
0.000192911 1.74055e-07 1.2826e-06 5.48511e-06 1.18085e-07 0.000160176 0.999279 3.66061e-08 1.4441e-09 2.56029e-09 1.21226e-05 1.59829e-12 1.75466e-05 4.01831e-07 3.10678e-05 1.03395e-09 0.000119238 6.31063e-07 3.81476e-12 2.04997e-08 0.000179745 2.83519e-12 1.00216e-08 3.5326e-08 
0.00164462 0.0538326 0.00972521 3.40306e-06 0.0471051 0.0136141 0.00109389 0.0438974 0.000317206 0.000854858 3.69529e-05 1.66969e-09 0.00423208 0.000730539 3.76139e-07 0.00807503 4.31748e-06 0.0786041 1.59006e-05 0.0136752 0.000556772 1.4894e-05 0.0872209 0.634744 
4.26113e-08 0.0269881 0.00939337 0.0672995 0.0358177 0.0346764 7.18184e-05 0.177405 4.23175e-05 0.000636223 0.0167516 8.59221e-13 0.142432 0.041972 0.00217797 0.0028787 0.0615623 0.0120353 5.47113e-05 0.177234 0.00715742 2.5445e-05 0.181642 0.00174561 
0.000104856 0.0425221 7.38699e-05 0.000495487 0.00198951 0.00384328 0.902555 0.000835492 0.00482148 5.47288e-05 0.0161266 7.72899e-09 0.000406267 0.000170184 1.56069e-08 7.4914e-05 0.00205413 0.00220989 0.0041298 0.0136387 0.000459124 8.17651e-07 0.00147312 0.00196053 
0.00141813 0.00781215 0.00529738 0.000862836 5.80823e-05 0.121415 0.000579505 0.000427681 0.113315 0.000197912 0.00266807 4.73431e-08 2.29774e-05 0.00689724 1.13613e-06 0.000407886 0.00143211 7.71793e-06 1.12997e-07 0.00876571 0.0985712 4.41451e-05 0.013479 0.616318 
0.00365355 0.0192662 0.00104041 0.0392174 0.0346743 0.0298879 0.000141602 0.0752979 0.000373949 0.174251 0.00389727 3.29391e-05 0.0692599 0.298459 0.0726961 0.00200116 0.0138353 0.0146775 0.000248091 0.0467454 0.0423055 3.78999e-05 0.0564823 0.00151795 
2.472e-05 0.0464925 0.00817605 0.0204036 0.171038 0.00350678 1.19386e-05 0.00871086 2.84897e-06 0.0003974 7.51091e-06 1.88729e-08 0.0282437 6.95829e-05 4.16292e-05 0.0311187 2.78644e-05 0.000143338 3.68933e-05 0.0975749 0.000540315 7.66321e-06 0.466214 0.117209 
5.03801e-05 0.00893085 0.000623594 0.00863836 0.184832 0.00173375 1.61162e-05 0.0323036 1.25601e-08 0.00267994 2.26046e-08 3.25878e-11 0.637815 0.00280317 2.18619e-05 0.00111585 0.00664301 0.00105119 1.54197e-08 0.0780384 0.0043586 9.39886e-07 0.0267579 0.00158561 
0.000104856 0.0425221 7.38699e-05 0.000495487 0.00198951 0.00384328 0.902555 0.000835492 0.00482148 5.47288e-05 0.0161266 7.72899e-09 0.000406267 0.000170184 1.56069e-08 7.4914e-05 0.00205413 0.00220989 0.0041298 0.0136387 0.000459124 8.17651e-07 0.00147312 0.00196053 
3.35196e-05 0.136899 1.87646e-05 0.000863141 0.745898 0.0025994 0.00392985 0.000583823 3.77644e-05 0.000572584 0.0001222 2.00285e-06 0.00865759 0.0118877 6.45097e-06 0.00481646 1.79067e-05 0.0481581 4.78034e-06 0.00220938 8.30858e-06 3.55282e-06 0.0325014 0.000168709 
0.00273937 0.000622789 0.00153915 0.000260048 0.000167783 0.0124661 1.48732e-07 0.000522119 9.33014e-07 1.29462e-05 5.26182e-09 1.87608e-10 0.00102407 0.000246381 2.30249e-08 0.000291426 0.942563 0.0012903 4.47777e-10 0.0012036 0.0310852 3.32795e-10 0.0038806 8.43322e-05 
0.000678673 0.00190083 0.000410011 0.0264784 0.0907211 0.00129682 0.000444128 0.0146816 6.12488e-08 0.000504153 5.45985e-05 9.29193e-12 0.0122574 0.000107774 1.49812e-05 0.001664 3.14069e-05 0.560235 3.07043e-08 0.0667429 4.77713e-05 0.000513276 0.210309 0.0109064 
0.000441903 0.0104228 0.00122605 0.0191248 0.0346699 0.0310243 0.00788101 0.17825 0.0076084 0.00097913 0.00168572 5.33733e-05 0.016329 0.00760871 0.00138692 0.00670251 0.000432494 0.348226 7.14151e-05 0.0307165 0.00500141 5.74044e-05 0.284556 0.00554419 
5.03801e-05 0.00893085 0.000623594 0.00863836 0.184832 0.00173375 1.61162e-05 0.0323036 1.25601e-08 0.00267994 2.26046e-08 3.25878e-11 0.637815 0.00280317 2.18619e-05 0.00111585 0.00664301 0.00105119 1.54197e-08 0.0780384 0.0043586 9.39886e-07 0.0267579 0.00158561 
5.18391e-05 0.00881734 0.00066232 0.00857845 0.184683 0.00178033 1.68936e-05 0.0330523 6.18453e-08 0.00275463 4.54342e-07 3.35639e-11 0.629934 0.00284739 2.39573e-05 0.00133059 0.00871907 0.0011217 2.07462e-07 0.0785665 0.00499548 1.25414e-06 0.0303554 0.00170689 
3.75151e-05 0.0961264 0.00361702 0.0361783 0.152801 0.00472127 0.00290933 0.00698239 5.93662e-07 7.87456e-07 0.112529 9.4415e-12 0.529449 0.00583584 3.57047e-05 0.00160303 0.000304985 0.00111151 5.74145e-09 0.0162719 0.0110057 1.67481e-11 0.0173063 0.00117221 
0.000402764 0.00424521 0.000161957 0.0903741 0.0152233 0.0215404 6.84709e-05 0.0224976 8.38381e-13 0.000250379 2.38006e-09 8.31585e-13 0.168161 0.00129541 3.12355e-05 3.58723e-08 0.0039557 0.00883446 6.7337e-09 0.441407 0.00115796 3.88376e-06 0.220388 9.26318e-09 
4.22974e-05 0.0245654 0.00272736 0.0050457 0.0127979 0.00836109 0.000130944 0.0417966 0.000138725 0.000314379 7.41761e-06 1.39241e-08 0.0705953 0.0351769 0.000117825 0.00175804 0.000997357 0.00282219 0.000860635 0.0763943 0.000599814 4.88857e-06 0.711211 0.00353371 
0.000104856 0.0425221 7.38699e-05 0.000495487 0.00198951 0.00384328 0.902555 0.000835492 0.00482148 5.47288e-05 0.0161266 7.72899e-09 0.000406267 0.000170184 1.56069e-08 7.4914e-05 0.00205413 0.00220989 0.0041298 0.0136387 0.000459124 8.17651e-07 0.00147312 0.00196053 
0.00105975 0.0819812 0.0112036 0.00114377 0.00230814 0.640442 3.3926e-06 0.000742303 0.000679218 7.47691e-05 1.30362e-06 9.34428e-07 0.0407193 0.0218162 0.0243694 0.00598493 0.00568709 0.00554091 7.60488e-05 0.00532122 0.128564 2.71174e-06 0.0190828 0.00319552 
0.000108269 0.0595217 0.00839177 0.0556752 0.0528003 0.0205021 0.000416258 0.0147288 1.10106e-06 0.0745264 5.58617e-05 2.39743e-07 0.0333553 0.00657346 6.69519e-07 4.42792e-06 1.50517e-06 0.410119 1.37641e-06 0.0645253 0.000109124 0.00283082 0.0747158 0.121035 
0.000696385 0.0304277 0.000470632 0.0163442 0.0392557 0.00486577 0.00280302 0.0596835 0.00134821 0.000912727 9.99404e-05 4.84905e-11 0.292367 0.00483749 7.65981e-05 0.0318406 2.10922e-05 0.019873 1.24414e-06 0.382889 0.00185244 1.77507e-06 0.101672 0.0076591 
4.81987e-05 0.0462498 0.000373747 4.36396e-06 0.0121344 0.18373 0.0114518 6.46949e-06 0.00394635 0.000194604 5.82499e-05 1.22519e-08 0.00129138 0.000747263 2.001e-08 0.00552933 0.000355605 0.0105757 2.92425e-08 0.0694678 0.0028978 2.17335e-08 0.127014 0.523923 
0.0860771 0.00123693 0.00396893 0.000551392 0.00158536 0.351909 0.000874209 0.000539423 9.56553e-07 0.000192539 0.000162665 1.69255e-09 0.00937074 0.000378039 0.0019629 0.000604114 0.000293415 0.125189 4.03973e-09 0.00233501 0.117925 3.02032e-06 0.263935 0.0309047 
0.0815664 0.00472431 0.0870917 4.81506e-05 5.65991e-05 0.597701 4.19205e-05 0.000406986 0.000404929 3.45287e-06 5.34227e-05 4.27429e-08 0.000459762 0.00301558 1.67692e-05 2.32244e-05 7.41947e-06 5.63647e-06 1.02017e-07 0.00387594 0.00259857 4.60767e-06 0.135254 0.0826396 
0.000192911 1.74055e-07 1.2826e-06 5.48511e-06 1.18085e-07 0.000160176 0.999279 3.66061e-08 1.4441e-09 2.56029e-09 1.21226e-05 1.59829e-12 1.75466e-05 4.01831e-07 3.10678e-05 1.03395e-09 0.000119238 6.31063e-07 3.81476e-12 2.04997e-08 0.000179745 2.83519e-12 1.00216e-08 3.5326e-08 
0.0215581 0.0388078 0.014336 0.0023081 0.0268145 0.0707173 0.000125154 0.075869 0.0545613 0.00407411 0.000437904 1.63532e-05 0.00728312 2.87818e-05 7.27039e-05 0.00201561 0.00277945 0.00151924 0.000147379 0.0206389 0.00194266 7.73479e-05 0.000191116 0.653678 
0.0011405 0.00929668 0.0157992 0.0135203 0.012799 0.303552 0.000488653 0.00040328 0.000173139 0.0173932 1.73478e-05 3.86209e-08 0.0222095 0.0708588 0.000168414 0.00597876 0.0239675 0.00440573 1.18569e-05 0.0346442 0.0300416 1.12294e-06 0.338829 0.0943004 
5.05918e-06 0.552026 0.00686815 0.0168212 0.0206679 0.00588798 8.88344e-05 0.00148761 9.11047e-05 0.0228381 0.0916869 9.7027e-09 0.0867569 0.0030249 1.85694e-07 0.0786128 5.37885e-07 0.000812663 1.23941e-05 0.0124085 0.00168913 0.000170236 0.0795224 0.0185211 
0.000378442 0.0760892 0.00623696 0.0164489 0.116998 0.0378911 0.00116154 0.020552 0.000843334 0.00580185 4.03728e-05 5.00913e-06 0.0331364 0.00584548 0.000791807 0.0674581 0.000216425 0.0950849 0.00698582 0.0481017 0.00301038 7.16968e-05 0.0276311 0.429219 
0.00051117 0.190698 0.000547139 0.0732578 0.392192 0.0197311 0.0151888 0.0163177 0.0006488 0.0309276 0.00677795 2.21393e-09 0.0532823 0.0128292 0.000536474 0.00158942 0.000856845 0.0450192 1.59044e-07 0.0765163 0.00202017 1.72408e-05 0.0244177 0.0361178 
0.00456559 0.00156135 0.000164393 1.89654e-06 0.00162808 0.00568284 0.975859 6.36535e-05 0.00432468 3.97651e-05 1.17719e-05 1.41579e-10 0.00126673 1.21581e-05 1.07353e-05 3.73156e-06 0.000139641 0.000233042 3.37916e-10 8.83228e-05 0.00135534 4.06778e-07 0.00122864 0.00175778 
0.000104856 0.0425221 7.38699e-05 0.000495487 0.00198951 0.00384328 0.902555 0.000835492 0.00482148 5.47288e-05 0.0161266 7.72899e-09 0.000406267 0.000170184 1.56069e-08 7.4914e-05 0.00205413 0.00220989 0.0041298 0.0136387 0.000459124 8.17651e-07 0.00147312 0.00196053 
0.0125399 0.00781058 0.00127525 0.0592652 0.0156341 0.0566481 6.37713e-05 0.167833 1.55013e-05 0.000930648 1.79416e-05 8.34474e-09 0.0206669 0.0286974 3.52768e-05 0.000118002 0.00851033 0.0426613 2.16615e-08 0.457499 0.0124406 0.000190953 0.101746 0.00539986 
8.10574e-06 0.00771775 0.000108473 0.00881933 0.00593848 0.011032 0.000115623 0.00618964 6.2595e-05 0.0131574 0.000215803 9.4348e-08 0.0024432 0.00356398 1.23802e-06 0.00142396 3.83625e-06 0.0160221 2.16388e-06 0.00029902 0.000115139 8.30539e-05 0.0515245 0.871152 
0.0795756 0.00653829 0.00565445 0.0117087 0.000105712 0.440198 2.46059e-06 0.0185198 0.000157678 0.000144246 0.00870366 1.04858e-10 0.0010018 0.0488414 0.000225624 0.000100881 0.00274403 0.00620937 6.73587e-05 0.0033233 0.340313 1.39771e-07 0.0205462 0.0053187 
0.00954356 0.00385302 1.26398e-06 0.0258489 2.58368e-06 0.00119862 2.39501e-06 0.0135483 0.183069 0.000447719 0.0101536 2.33707e-10 0.00232066 0.00340736 4.97706e-07 1.59239e-06 0.000567175 0.542387 5.57804e-10 0.0973219 2.00758e-06 5.52973e-06 0.102443 0.00387543 
0.000104856 0.0425221 7.38699e-05 0.000495487 0.00198951 0.00384328 0.902555 0.000835492 0.00482148 5.47288e-05 0.0161266 7.72899e-09 0.000406267 0.000170184 1.56069e-08 7.4914e-05 0.00205413 0.00220989 0.0041298 0.0136387 0.000459124 8.17651e-07 0.00147312 0.00196053 
0.000192911 1.74055e-07 1.2826e-06 5.48511e-06 1.18085e-07 0.000160176 0.999279 3.66061e-08 1.4441e-09 2.56029e-09 1.21226e-05 1.59829e-12 1.75466e-05 4.01831e-07 3.10678e-05 1.03395e-09 0.000119238 6.31063e-07 3.81476e-12 2.04997e-08 0.000179745 2.83519e-12 1.00216e-08 3.5326e-08 
0.0028385 0.00208955 0.00277569 0.078324 0.00108465 0.160231 0.000348901 0.00585646 7.01773e-06 0.00710708 2.87352e-05 1.61794e-10 0.00124517 0.0121005 0.004832 0.000528345 0.0158908 0.00276862 3.86165e-10 0.00378857 0.270225 2.87004e-10 0.419255 0.00867417 
7.34759e-07 0.0009875 5.54321e-07 0.456479 0.000913026 0.00607058 0.000660935 0.112551 1.01674e-10 0.00142555 3.92636e-05 1.0085e-10 0.0245034 1.3653e-06 0.0188923 1.618e-07 1.44337e-07 0.259545 2.40705e-10 0.0240043 0.00156203 2.99037e-07 0.0923625 5.1313e-07 
0.000486115 0.818376 0.00310265 0.0330524 0.112105 2.02413e-05 0.00156472 0.00232202 9.08956e-07 0.00224047 0.00328731 2.02337e-07 0.00322114 0.000245171 4.30343e-05 0.0163596 6.6535e-06 0.000505094 4.82932e-07 0.00161981 0.00112299 3.58923e-07 0.000267046 5.07457e-05 
0.00201367 0.0175099 0.00701028 0.0569352 0.014747 0.0345389 0.000213387 0.000416521 0.0294222 0.00694845 3.55064e-06 4.91503e-10 0.0512825 0.00835769 1.53072e-07 0.000739448 0.0002479 0.192969 0.0027941 0.041119 0.00294624 8.43358e-05 0.0302499 0.499451 
9.54816e-05 0.0329253 7.203e-05 0.00010969 0.000131923 0.964628 4.75351e-05 0.000169862 1.30615e-09 6.70523e-05 3.15135e-06 1.29556e-09 0.000199107 0.000177423 6.34799e-05 2.10189e-05 1.87549e-05 0.000852214 3.0922e-09 0.000177479 1.07341e-05 3.88414e-05 0.000124338 6.66795e-05 
0.000112744 0.337772 2.27525e-05 0.0316471 0.115398 0.0148853 0.00016881 0.174809 0.0211036 0.0192643 0.0167023 3.33838e-08 0.0064261 0.00213481 0.000209016 0.000772024 0.00417742 0.011763 0.000144044 0.100941 0.00184343 0.000494145 0.12146 0.0177482 
0.00010139 0.0831767 0.0022265 0.000448996 0.0863508 0.0426183 0.000963799 0.00219275 0.00283465 0.0014959 0.000501257 9.38738e-07 0.155251 0.00557972 0.00486922 0.0223543 0.000430217 0.00467417 4.30485e-05 0.0173381 0.00316936 4.30865e-06 0.0137262 0.549648 
7.34759e-07 0.0009875 5.54321e-07 0.456479 0.000913026 0.00607058 0.000660935 0.112551 1.01674e-10 0.00142555 3.92636e-05 1.0085e-10 0.0245034 1.3653e-06 0.0188923 1.618e-07 1.44337e-07 0.259545 2.40705e-10 0.0240043 0.00156203 2.99037e-07 0.0923625 5.1313e-07 
0.000157645 0.472873 3.1752e-05 0.00925676 0.0974466 0.012127 0.000235982 0.0684323 0.0295418 0.0168028 0.0233756 2.58389e-08 0.00899559 0.000507913 0.000292228 0.000136835 0.00584774 0.0164656 1.62466e-07 0.141316 0.00114503 0.000690894 0.0694749 0.0248457 
0.000299651 0.0237158 0.0471529 0.0223346 0.0223897 0.00380994 0.000106422 0.000861315 0.000271209 0.00568006 0.000116535 6.03648e-07 0.187148 0.0166348 3.04152e-06 0.0183202 0.000217143 0.000406616 0.000138722 0.0294327 0.147905 2.68468e-05 0.47283 0.000197815 
4.10828e-05 0.00926813 0.00432908 0.0005688 0.00552667 0.0114067 3.57392e-06 0.0126579 1.14509e-06 7.44557e-05 3.42461e-07 5.07336e-08 0.000355017 0.947527 8.28588e-08 0.000481781 9.10435e-06 0.00116017 0.00271802 0.00125397 0.000762325 2.64216e-07 0.000436593 0.00141802 
0.00289074 0.00237661 0.0444141 0.208006 0.00479484 0.0726988 7.45258e-05 0.284513 0.00039962 0.00327271 1.11406e-05 2.46988e-12 0.0731511 0.132981 0.00709933 0.00507953 1.78777e-08 2.49238e-07 5.67615e-05 0.097746 0.0377339 1.06031e-07 0.0224498 0.000250507 
0.000988835 0.0905106 0.0059953 0.00635208 0.497083 0.012057 0.00670296 6.59821e-05 0.0223167 0.0024026 0.00754071 4.08367e-09 0.136012 0.00347724 7.3749e-06 0.000149876 2.59739e-05 0.00747884 6.18106e-08 0.121361 0.00121859 3.20728e-06 0.0782226 2.69687e-05 
2.07757e-05 0.0389912 0.0259434 0.412463 8.18873e-05 0.0490282 4.94533e-05 0.0142626 7.39664e-05 0.000351709 2.59322e-06 9.90862e-08 0.000106614 0.00610522 1.61829e-07 0.00635515 1.36365e-05 2.66906e-05 0.252078 0.146606 0.0139749 1.75767e-07 0.0331003 0.000365281 
0.0315591 0.000334413 0.00625067 0.0172119 0.000267471 0.699015 3.4802e-06 0.00241137 1.5256e-06 0.0144575 5.91376e-06 8.00566e-09 0.0140377 0.00628961 0.00486882 1.34173e-05 0.00460162 0.000845034 9.91235e-06 0.0254874 0.0649946 6.24322e-06 0.105292 0.00203618 
0.00219991 0.0261157 0.00280987 0.000121492 0.00758181 0.0209919 1.63065e-08 0.000438071 0.000125507 0.0108117 7.78824e-06 1.64618e-10 0.00641674 0.00425342 9.73964e-09 0.733914 0.0138654 0.0170495 5.35636e-07 0.0583017 0.0110079 9.66054e-09 0.0392558 0.0447313 
