0.00249603 0.120785 0.0103205 0.0910053 0.0162953 0.132214 0.0053472 0.0214377 0.00468951 0.00668229 0.000360218 0.000930638 0.178118 0.0255819 5.81926e-06 0.0171351 0.0245558 0.0317539 0.000298114 0.147 0.0320024 3.75676e-05 0.0805685 0.0503791 
3.97282e-10 2.58193e-07 2.93113e-06 6.87234e-07 1.68616e-10 1.09052e-06 0.00157652 0.000741457 7.32052e-10 0.000134405 0.00344032 7.26118e-10 0.960649 8.86074e-07 5.61407e-08 7.58326e-08 4.65784e-07 0.000177248 1.73307e-09 8.75396e-11 1.76077e-06 5.28293e-08 0.00326793 0.030005 
0.019527 0.0257061 0.0102232 0.0308938 0.0869855 0.107451 0.000323059 0.10104 0.0011821 0.00616864 6.15117e-05 0.00271873 0.173388 0.00805727 0.000616234 0.00833906 0.0397504 0.0714443 5.02166e-07 0.157515 0.0400014 3.98528e-06 0.100896 0.00770687 
0.0025141 0.0827086 0.0115245 0.132212 0.0393153 0.0635292 0.000444762 0.0456406 0.0231772 0.0155218 0.00349917 0.00194711 0.210782 0.0232111 0.00154223 0.00136494 0.0016337 0.047027 4.11242e-10 0.163731 0.0427544 1.73985e-05 0.0669085 0.0189926 
0.000249269 0.0937476 0.000227846 0.00783386 0.158436 0.00515268 0.194605 0.000106968 0.000450534 0.0529434 0.00271606 2.16721e-06 0.214627 0.0199611 3.24839e-05 3.20144e-06 1.75618e-07 4.61393e-07 5.27479e-07 0.0180069 0.000395536 2.32649e-07 0.164998 0.0655021 
0.0044669 0.0505261 0.00442758 0.015926 0.0241427 0.0627435 0.00120786 0.0043098 0.00127609 0.00790716 3.41229e-05 1.52676e-05 0.451779 0.0157302 6.17315e-05 0.00440021 0.00179482 0.0324888 3.84232e-05 0.286207 0.0089622 2.18641e-06 0.0143966 0.00715614 
2.83465e-07 0.000654163 6.34235e-09 0.142741 0.00154021 0.00611964 4.02595e-07 0.189918 3.2904e-07 0.0233606 0.000118591 1.13919e-10 0.52788 3.45119e-05 1.86055e-10 1.14455e-07 6.35014e-08 0.0209953 2.71899e-10 0.0611423 0.00239558 2.0208e-10 0.0230994 5.74815e-11 
2.61781e-05 0.015978 0.00252439 0.00942995 0.046868 0.00263135 0.000422077 0.00663512 0.000152549 0.00414945 5.82967e-05 4.63426e-05 0.672538 0.0394241 0.00059764 0.0341995 0.0345605 0.00200586 6.97757e-06 0.0319572 0.0027033 4.80067e-08 0.0887956 0.00428948 
2.96749e-05 0.00144862 0.0140326 0.0108926 0.000127614 0.0263992 2.40312e-09 0.362371 2.44985e-09 2.44277e-05 3.10311e-08 3.31519e-06 0.452311 0.00162118 2.95563e-07 0.0165401 5.80474e-10 1.50499e-06 5.79982e-09 0.0242132 0.0845109 4.31052e-09 0.00522775 0.000245436 
0.0298476 0.0752918 0.00606031 0.0391407 0.028707 0.120422 0.000341364 0.141393 0.0003927 0.00683758 9.37765e-06 0.000875672 0.211101 0.00683364 0.000998536 0.00606527 0.014186 0.0122017 1.23243e-05 0.204808 0.0131544 3.73885e-06 0.0779481 0.0033678 
0.000318505 0.0251924 0.0104686 0.0247997 0.0399866 0.0170151 0.00168567 0.0589745 0.000736773 0.016656 0.002003 0.00406212 0.528893 0.00895215 0.000491102 0.0669375 0.0212125 0.0203114 2.91782e-07 0.123439 0.00833626 1.5376e-07 0.0166453 0.00288253 
8.24836e-07 0.0661931 3.54849e-07 0.0900196 0.0608919 0.0541377 7.07495e-07 0.0259579 3.76159e-05 0.00160525 4.26402e-05 1.02063e-07 0.368812 0.00860483 8.72122e-08 2.62297e-06 4.05361e-05 0.0257597 2.91512e-09 0.102351 3.87701e-10 1.98463e-05 0.194789 0.000732051 
0.00199086 0.0232058 0.0037062 0.0517999 0.0243673 0.0406603 0.0379938 0.0132797 0.0102942 2.4627e-05 0.0153843 0.0013534 0.605447 0.00241961 0.000390149 0.00400148 0.0147094 0.0399936 1.04375e-08 0.0806328 0.006606 6.34303e-06 0.00997716 0.0117559 
1.47504e-05 0.206084 0.0031423 0.00218139 2.504e-06 0.0060653 2.26501e-09 0.000283857 7.55568e-05 0.000487246 1.50591e-06 2.29034e-09 0.373443 1.94204e-06 0.0002554 0.000188405 5.47114e-10 6.42593e-07 1.53013e-06 0.276282 0.0207111 4.06279e-09 0.102858 0.00792047 
0.00398714 0.00305021 0.000758563 0.0426142 0.0179764 0.0265028 0.000293915 0.184845 0.000552177 0.0207395 0.0227088 0.000125452 0.211233 0.00203768 1.80134e-07 0.0272485 0.0655272 0.115385 1.5504e-08 0.151038 0.0661513 3.76709e-08 0.0369996 0.000225178 
0.0138386 0.006735 0.00124434 0.0142609 0.0192048 0.102696 0.028972 0.0239575 0.000376412 0.00423796 0.000503393 2.12342e-05 0.268194 0.0134614 4.51016e-06 0.0360872 0.0471243 0.00549385 7.51039e-05 0.249558 0.00723228 9.44865e-08 0.151536 0.00518512 
0.00942862 0.00558756 0.0113574 0.0330957 0.0117742 0.0155703 1.63856e-05 0.00813269 2.16021e-05 0.00036287 0.00215844 2.49345e-05 0.603907 0.00234147 5.47988e-06 0.0159506 0.0177364 5.69832e-05 1.25463e-07 0.123955 0.0105161 1.94388e-06 0.127731 0.000267558 
0.0331752 0.0144485 0.00053792 0.0772726 0.00787595 0.0849059 0.00154933 0.148234 0.0104905 0.0250984 0.000166339 0.0010019 0.21854 0.00527118 6.59589e-06 0.000341676 0.0224339 0.0672561 3.55874e-06 0.16527 0.00688704 3.80785e-05 0.107736 0.00145894 
0.00353979 0.0395941 0.00259757 0.00782715 0.118886 0.102964 0.00234331 0.00803221 0.00307619 0.0093891 0.000167742 0.00470869 0.290361 0.0341276 0.0180767 0.227649 0.00845242 0.0182094 0.000583468 0.0333318 0.0102101 3.62006e-05 0.0399949 0.0158419 
0.00606423 0.00463555 0.00101449 0.00376101 0.0158089 0.0167562 0.000323509 0.117946 0.00157503 0.000367221 0.000688651 0.00215025 0.499594 0.000117578 7.08195e-05 0.0654138 0.000919544 0.00295917 2.12832e-07 0.184992 0.0257401 3.92282e-05 0.0469386 0.0021241 
0.000793058 0.0173608 0.000162356 0.0953745 0.0885583 0.0146653 0.00101369 0.0293648 9.45945e-05 0.0322917 1.36671e-05 0.000121224 0.454718 0.0401635 3.30361e-05 0.00163116 0.0167248 0.128509 2.40838e-07 0.0731871 0.00126153 4.80808e-06 0.00394757 4.74822e-06 
0.0011989 0.0382878 0.00128304 0.0343129 0.103941 0.0234498 0.00800448 0.0374763 0.0015049 0.00319869 0.00670496 0.130445 0.276167 0.00363405 0.0018267 0.0200466 0.0257098 0.0379488 3.37155e-06 0.196636 0.00604004 3.22346e-06 0.0313348 0.0108412 
0.000524014 0.000138045 2.70904e-05 0.0289566 0.0124686 0.013594 4.61618e-06 0.0025034 7.59699e-08 0.00142775 6.34486e-06 5.67019e-09 0.764997 0.0091008 7.36058e-06 1.05338e-07 0.00106095 0.0091544 1.97659e-11 0.117089 0.00131637 1.1895e-08 0.0376069 1.65874e-05 
0.000604187 0.150243 4.52758e-05 0.0561026 0.0187157 0.0109084 0.00119069 0.0578161 2.90797e-05 0.00306105 5.93642e-08 0.0612966 0.5028 0.000179129 9.50437e-05 6.55084e-09 2.86324e-05 0.00196516 4.16243e-06 0.118863 0.0091455 3.257e-06 0.00690241 8.75533e-09 
0.00850643 0.0170503 0.00150447 0.110415 0.0267709 0.015726 0.000169306 0.0229994 0.00460671 0.0319335 9.94423e-06 0.00805231 0.545411 0.00155967 5.86629e-05 0.00047002 0.0770917 0.0554621 1.80409e-07 0.0233683 0.00520763 1.43718e-06 0.0427258 0.000899702 
0.00381582 0.0532675 0.00640514 0.134465 0.14232 0.019312 0.00156731 0.0533971 0.00476471 0.0241563 0.00480388 0.00864119 0.310689 0.0114729 0.000534962 0.0079055 0.00537878 0.0322961 6.30857e-05 0.124873 0.0131503 6.95541e-06 0.0334438 0.00326952 
0.00146069 0.00304689 0.00206755 0.038041 0.0312692 0.0140349 0.000217317 0.0101294 0.000118863 0.00232086 2.87526e-06 0.000235944 0.700556 0.0125532 0.000376234 0.000745907 0.00843585 0.0106323 6.93345e-09 0.116002 0.0190309 8.41469e-08 0.0286601 6.13197e-05 
0.00127905 0.00936179 0.000489587 0.17109 0.0373623 0.0299346 0.00141724 0.181504 0.000838183 0.0217035 0.00373797 0.000661941 0.185284 0.0248064 0.000232591 0.0038867 0.0143902 0.0740722 8.26928e-08 0.167589 0.00290491 7.35558e-05 0.0656676 0.0017128 
0.00218754 0.11673 0.00822664 0.0319489 0.105424 0.0305532 0.00384476 0.0160983 0.0151526 0.0143377 0.00106796 0.00344045 0.450558 0.00769713 0.00114257 0.00560709 0.0102699 0.0119935 0.000279832 0.09194 0.0101144 0.000881673 0.0448441 0.0156595 
0.031702 0.0173469 0.00510757 0.0121134 0.0360203 0.0309454 0.00136362 0.0847936 0.000335226 0.00629112 0.000213328 0.00145546 0.262681 0.00165539 3.59741e-07 0.00718057 0.0338475 0.0713145 1.17401e-08 0.225778 0.040555 7.47863e-05 0.120766 0.00845786 
0.00710225 0.174686 0.000963408 0.0437093 0.0392065 0.0460551 0.00274159 0.00160808 0.000470072 0.00970661 5.2385e-06 2.73178e-05 0.18726 0.0065012 3.69996e-06 0.0067153 0.000166256 0.0562258 2.3672e-07 0.11132 0.145327 1.75934e-07 0.152144 0.00805472 
0.000139172 0.0646234 0.00501929 0.037256 0.00577739 0.0431981 0.000243816 0.0917685 9.03977e-08 0.00164135 1.6604e-08 0.000284033 0.386345 0.00757177 5.222e-07 0.000104824 0.000189199 0.0400799 1.10719e-05 0.238366 0.00229141 9.7987e-09 0.0662283 0.00886004 
2.91926e-06 0.0493448 0.00011979 0.206102 2.93902e-06 0.0092215 0.000977943 0.00137532 1.94894e-06 0.000182169 1.32525e-10 3.48744e-10 0.403448 0.0292815 5.41481e-06 0.00746357 2.1429e-08 0.0142892 1.71453e-07 0.18834 0.00665491 1.80767e-06 0.0669492 0.0162348 
0.00237795 0.0479953 0.0066003 0.0759984 0.192206 0.0257224 0.00245159 0.0171113 0.00246092 0.0427228 0.00223959 0.00508198 0.295489 0.0086551 0.000949251 0.0611026 0.00607422 0.0336698 0.00030653 0.112858 0.00665786 4.14532e-05 0.0416794 0.00954826 
0.000355759 0.0665126 0.0392143 0.035587 0.0543435 0.015557 0.000297928 0.0288574 0.000264882 0.00874165 6.79945e-05 0.00798352 0.600832 0.0124806 0.00109002 0.0200872 0.0108509 0.00929058 5.19475e-08 0.0554793 0.010595 9.03475e-06 0.0205051 0.000996477 
0.000656888 0.230603 0.00115837 0.0674685 0.0775792 0.00625165 0.00616161 7.14007e-07 0.0780675 0.130071 0.000267524 0.00227055 0.335024 0.000604804 0.000119672 6.11994e-05 9.43974e-06 0.00975437 0.00313945 1.82224e-06 0.00033353 1.2289e-07 0.0106701 0.0397253 
0.000732346 0.0819635 0.00103213 0.0872395 0.086545 0.0113923 0.00941848 0.10622 0.0250424 0.0158302 0.0200569 0.00586292 0.215417 7.5068e-05 6.45197e-07 0.000525656 0.00354798 0.189114 1.19155e-11 0.119528 0.00183853 4.22723e-09 0.0174019 0.00121573 
0.00376615 0.0689064 0.0137882 0.160172 0.0786885 0.0739701 0.000464027 0.0469836 0.000637259 0.00663167 0.000193621 0.0241603 0.257364 0.00137278 7.65251e-05 0.0236431 0.000644657 0.00416058 0.00821543 0.139878 0.0134085 2.87512e-06 0.0659028 0.00696781 
0.0016746 0.000461344 0.00111429 0.0525446 0.0040611 0.145336 0.000342832 0.158544 1.53755e-07 0.00235794 9.3153e-09 0.00125821 0.306807 4.59095e-05 2.57699e-10 0.00036358 0.000256973 0.0607849 3.766e-10 0.0937925 0.0121818 1.81172e-06 0.157775 0.000295457 
5.1819e-07 0.0320322 0.00124395 0.0205267 0.199094 0.00222952 5.17983e-07 0.0132698 5.17972e-07 0.0024359 5.18268e-07 5.17979e-07 0.370044 0.0051297 5.17679e-07 0.0220722 0.00129636 5.18293e-07 5.17324e-07 0.226329 5.18297e-07 5.17613e-07 0.104291 5.18209e-07 
0.00101242 0.0325053 0.00657215 0.0002527 0.00272615 0.000372925 0.000258608 0.0237766 9.35834e-05 0.363931 5.33456e-07 5.59397e-05 0.413035 2.43317e-06 5.46447e-08 0.0033757 2.29446e-05 0.0921786 5.52329e-09 0.0441036 4.43312e-05 1.09062e-06 0.0103376 0.00534124 
0.000377534 0.0393676 0.000207036 0.0297156 0.0341206 0.0212346 0.00172386 0.00624149 0.000428991 0.000957548 3.61831e-05 0.000161262 0.358129 0.00227587 0.00149035 0.0101281 0.00675142 0.0112659 1.86984e-07 0.19645 0.0019559 2.55878e-06 0.274232 0.00274689 
0.00625391 0.118915 0.00574256 0.158821 0.0694493 0.0242721 0.000298216 0.0483521 0.000504923 0.0186746 0.000290841 0.0215783 0.163018 0.0154663 0.000121617 0.000839453 0.00644998 0.0525667 7.87455e-08 0.0766171 0.00231931 1.88e-05 0.12511 0.08432 
0.00188464 0.0344391 0.00255909 0.016592 0.134496 0.0184051 0.00142801 0.00195931 0.000140936 0.00266384 0.216877 0.000890375 0.31826 0.00175836 0.00144498 0.00939827 0.060239 0.00583902 1.71373e-09 0.15433 0.00415622 1.49714e-05 0.0118225 0.000402434 
2.80512e-06 0.0709022 0.000106983 1.09449e-05 0.368049 0.00668485 4.01938e-08 6.63157e-11 0.000238513 0.000599125 7.35402e-10 7.7051e-05 0.541304 0.000208776 2.39643e-06 0.00843848 4.3206e-05 6.85042e-05 6.59511e-10 0.00248356 2.228e-07 4.90158e-10 0.000540895 0.000237924 
4.66205e-08 0.0591907 0.00011291 0.179311 0.0991533 0.0038469 0.000854754 0.0685406 2.14743e-05 0.00681261 6.85769e-06 0.00869067 0.276114 0.00393409 2.05683e-08 8.34794e-08 0.00325484 0.228861 5.93372e-09 0.040315 0.00547597 2.04525e-08 0.0155035 1.77355e-12 
0.000122197 0.00251966 0.000658765 0.153843 0.0213328 0.0144051 0.000113867 0.065904 0.000100222 0.00391674 2.78417e-05 0.00212913 0.621231 0.00350048 0.000329809 0.00155353 0.00140222 0.0317253 1.92008e-08 0.0129874 0.00397526 4.39512e-07 0.0576291 0.0005924 
0.0121438 0.087113 0.00277713 0.0289555 0.0511418 0.0347904 0.000463792 0.0378456 0.00950854 0.0125189 8.20321e-05 0.00366075 0.319082 0.00503392 2.07503e-05 0.0450075 0.00504675 0.0312182 8.51352e-06 0.172718 0.00466884 6.74406e-06 0.103765 0.0324224 
0.000191735 0.00529454 0.00241645 0.0046317 0.111031 0.0217777 0.000544843 0.000934442 0.000376542 0.00986558 2.55344e-05 8.80836e-05 0.617798 0.00071585 0.000685257 0.0159512 0.000672885 0.0195671 1.84143e-08 0.148148 0.00112014 2.2485e-06 0.0349199 0.00324066 
6.99158e-07 0.0214961 0.000779455 0.183345 2.81544e-05 0.000704574 2.3351e-09 0.0465028 3.4117e-07 0.000570942 5.14939e-07 2.36121e-09 0.674373 0.0434819 3.85636e-09 0.00158357 1.25605e-05 0.000144379 5.63566e-09 0.0214837 0.00435151 1.20031e-06 0.00113916 1.19142e-09 
0.0264551 0.00510232 0.00621476 0.00627739 0.00405752 0.00989497 7.11802e-05 0.00130126 0.00306127 0.00258737 1.26674e-05 3.7488e-08 0.815022 0.0213027 2.36664e-06 0.00125209 0.0110789 0.00324824 6.11609e-08 0.041083 0.0101753 1.34648e-05 0.0317589 2.67648e-05 
0.000352011 0.000688925 0.000382081 0.00697523 0.0281118 0.00857623 0.00341577 0.00315179 0.235449 0.019695 1.57373e-06 0.000320281 0.38589 0.00560694 6.34667e-07 0.0114448 0.00192432 0.0138033 2.93178e-08 0.178796 0.000675466 4.52684e-06 0.0647957 0.0299398 
3.28436e-05 0.0773559 0.00167096 0.049226 0.0582917 0.00187519 3.10607e-06 0.0976502 5.50553e-05 0.0173997 4.76895e-07 0.000394805 0.462974 0.0194305 1.26504e-06 0.0411307 4.12303e-06 0.0027292 4.85246e-09 0.139589 0.00875228 1.3245e-07 0.019434 0.0019987 
0.00186948 0.0378472 0.211859 0.013411 0.0323098 0.0914969 0.000794307 0.0090924 4.36788e-05 0.000755661 0.0019077 4.28185e-05 0.471206 0.00308385 2.18836e-06 0.0137783 3.96571e-05 0.000318354 8.47075e-08 0.0336384 0.0501969 0.000691329 0.024472 0.00114244 
4.67613e-08 0.0593372 2.44142e-07 0.0321824 0.0141754 0.0057347 5.19955e-05 1.89677e-07 8.71139e-07 0.00339832 3.43459e-08 0.00400537 0.637501 0.00705367 7.643e-11 9.81896e-05 6.47032e-09 0.021573 1.11694e-10 0.168326 4.76122e-08 1.00622e-07 0.044543 0.00201795 
0.00108024 0.00260092 0.000153559 0.0803931 0.0158389 0.00769984 1.07023e-06 0.0120271 4.42844e-06 0.00135591 3.68132e-06 1.64712e-05 0.459475 0.106237 6.79084e-06 2.04147e-07 3.0727e-06 0.0358564 9.51294e-10 0.235899 0.000853924 6.37279e-08 0.0404772 1.59066e-05 
0.00469336 0.0208701 0.0084256 0.0372565 0.0382483 0.020017 0.00262157 0.0458658 0.074342 0.0228388 0.000599963 0.179923 0.328544 0.014276 0.0103316 0.0119735 0.0199531 0.0292536 6.68651e-08 0.0660236 0.00884102 1.64921e-07 0.047634 0.00746748 
0.000210103 0.00352821 0.000533998 0.000921607 0.00742091 0.0107962 0.0135267 0.00231414 0.000659534 0.0902717 0.000138571 3.29548e-06 0.383131 0.0558617 0.000117795 0.00885562 0.000173309 0.142339 7.17442e-08 0.0338081 0.00379791 2.75483e-07 0.195445 0.046146 
3.0549e-05 0.0103759 0.00534957 0.019308 0.00627192 0.0173953 5.04819e-05 0.043022 0.000719212 0.00349988 0.000168643 0.00154607 0.429892 0.418039 0.000879466 0.00261296 0.0091498 0.000802085 6.93145e-06 0.0125598 0.0031315 6.37975e-08 0.0149411 0.000247563 
0.000264681 0.0165863 0.0035124 0.0490086 0.0243019 0.0117251 0.0013105 0.011374 0.000380875 0.24663 0.00234331 0.00105374 0.475723 0.0960542 0.000114502 0.00259134 0.00275505 0.0144081 3.79755e-07 0.0184882 0.00916261 2.415e-07 0.0114942 0.000716369 
7.68314e-06 0.0260426 0.018478 0.0553435 0.00929337 0.0695006 1.11641e-05 0.0151357 0.00017484 0.0052372 1.50161e-06 0.000145947 0.343546 0.0882048 0.00162531 0.240737 1.57862e-07 0.000891976 5.46356e-08 0.0336736 0.0316545 3.16731e-07 0.0496258 0.0106681 
0.00138223 0.0229883 0.00165115 0.0704279 0.0111471 0.00497007 5.47367e-06 0.00829888 4.86995e-07 0.0263327 8.51484e-07 3.30053e-06 0.587247 0.033418 0.00904462 4.61165e-05 0.00178553 0.00347299 0.162131 0.0247812 0.0185906 4.01989e-09 0.0122734 1.0504e-06 
0.00293452 0.00165459 3.5012e-08 0.0111953 0.0213374 0.00954943 0.000462601 0.0357175 0.000830095 0.035999 3.48148e-05 0.000250878 0.299464 4.0427e-08 6.8358e-12 0.0377321 0.126409 0.172924 9.9898e-12 0.21504 0.016979 7.42457e-12 0.0113045 0.000182179 
0.000730306 0.0519108 0.000503935 0.0636616 0.0502927 0.00986521 0.00349641 0.0261916 9.6837e-06 0.00261489 0.00205145 0.000338141 0.602745 0.0246396 0.00236427 0.000178581 0.009475 0.00675181 2.29314e-08 0.0296577 0.00275904 1.36358e-08 0.107331 0.00243108 
0.00304199 0.036603 0.00147953 0.0716565 0.115241 0.0115438 0.000831034 0.101688 0.000356682 0.10577 0.00278706 0.00213427 0.206571 0.00334564 0.000507551 0.00820285 0.0220255 0.0838541 2.04258e-07 0.14848 0.0050971 2.07274e-05 0.0581342 0.0106289 
3.77144e-11 0.00542134 5.08945e-11 0.00995103 0.00714184 0.00282017 2.24699e-05 0.209137 6.94944e-11 5.94941e-07 2.61943e-11 3.61313e-08 0.499609 0.00136607 0.000242854 4.26286e-08 1.64662e-11 6.83945e-07 1.64522e-10 0.214618 2.18809e-11 1.22276e-10 0.0496677 4.33718e-07 
0.000189131 0.0823315 0.000113677 0.0364281 0.169878 0.00606555 0.000708859 0.0019177 0.000256923 0.00504928 0.000642637 0.00587717 0.419659 0.0164369 0.000122801 0.00220996 0.000103935 0.0297812 6.72582e-11 0.199818 0.000695648 6.80586e-06 0.021005 0.000702373 
0.000786855 0.114332 0.00154296 0.0609951 0.152826 0.0188431 0.000194002 0.0402747 0.000204475 0.00769444 3.82319e-05 0.000118482 0.276657 0.0855754 0.000551839 0.0333058 0.00103545 0.0103619 1.21787e-06 0.0172634 0.0682066 0.000112445 0.0841628 0.0249157 
5.16015e-06 0.0266613 0.00330137 0.0080663 0.0330875 0.00138795 3.29559e-05 0.000609852 4.11898e-07 0.0126611 1.16034e-05 1.83887e-06 0.810177 0.00184158 6.44252e-05 0.0367783 0.0097981 0.00115549 3.32808e-06 0.0136088 0.00126697 1.48981e-06 0.0102483 0.0292292 
0.0171973 0.0335952 0.004994 0.0487143 0.0927785 0.067496 0.138907 0.0418778 0.00268976 0.0133318 0.0030186 0.00824646 0.169767 0.00717507 0.00033522 0.00755815 0.0136879 0.050978 0.000185083 0.0947248 0.0385924 0.000104882 0.13838 0.00566451 
0.00138223 0.0229883 0.00165115 0.0704279 0.0111471 0.00497007 5.47367e-06 0.00829888 4.86995e-07 0.0263327 8.51484e-07 3.30053e-06 0.587247 0.033418 0.00904462 4.61165e-05 0.00178553 0.00347299 0.162131 0.0247812 0.0185906 4.01989e-09 0.0122734 1.0504e-06 
9.50128e-06 0.0416059 7.03722e-05 0.182473 0.138898 0.00022411 0.000962119 0.0589406 0.00108025 0.000104876 2.51237e-05 0.00875659 0.251469 0.00196924 7.76587e-06 0.0701157 4.85375e-05 0.00406064 6.35963e-09 0.212079 0.00202286 4.72658e-09 0.0246535 0.000422997 
0.00688964 0.0201885 0.0083219 0.0805137 0.0147565 0.0227009 0.000704492 0.0749736 0.00196027 0.0356631 4.40087e-05 0.00098397 0.391018 0.00869256 0.000971217 0.00596375 0.0208296 0.0174671 7.72513e-05 0.167429 0.0218093 3.97383e-06 0.0946122 0.0034254 
0.00679364 0.0634691 0.0191291 0.0878896 0.104554 0.0472818 0.00401239 0.185007 0.000362742 0.00221999 0.0210621 0.0252218 0.195092 0.00401348 0.00254179 0.0267678 0.0271215 0.0165483 7.58851e-05 0.11327 0.00892254 1.11467e-06 0.0296235 0.00901825 
0.000249269 0.0937476 0.000227846 0.00783386 0.158436 0.00515268 0.194605 0.000106968 0.000450534 0.0529434 0.00271606 2.16721e-06 0.214627 0.0199611 3.24839e-05 3.20144e-06 1.75618e-07 4.61393e-07 5.27479e-07 0.0180069 0.000395536 2.32649e-07 0.164998 0.0655021 
0.00106386 0.0097214 0.00526385 0.0333788 0.0850087 0.0175371 0.00082421 0.0469772 0.000704291 0.000990454 3.74144e-06 9.7935e-05 0.475247 0.0030318 6.8327e-05 0.0160239 0.000856245 0.00383907 1.78656e-08 0.265681 0.0182152 1.84759e-07 0.0151902 0.000275195 
0.0260599 0.00351426 0.000832455 0.0735901 0.0198064 0.068347 0.000208572 0.13863 0.00368664 0.00339644 1.6255e-05 0.000487786 0.260594 0.0013519 4.91049e-07 0.000559809 0.0019104 0.111313 2.88118e-08 0.127232 0.00669415 0.000117201 0.151545 0.000105676 
0.0566222 0.0989411 0.00717038 0.0303318 0.0373555 0.0527689 7.94625e-05 0.0189813 0.00186224 0.00540854 1.67495e-06 3.36198e-05 0.241007 0.0128047 0.000230038 0.008012 0.0355242 0.0535131 2.86592e-05 0.0652014 0.0158922 1.93228e-06 0.0916198 0.166609 
2.7225e-05 2.72314e-05 2.72202e-05 2.72328e-05 0.0953418 2.72347e-05 2.72141e-05 2.72325e-05 2.72136e-05 0.119812 2.72291e-05 2.72139e-05 0.269634 2.72202e-05 2.71981e-05 0.0953008 2.72325e-05 0.117118 2.71795e-05 0.196123 2.72306e-05 2.71947e-05 2.7233e-05 0.106209 
0.000853189 0.067359 0.00575064 0.0626345 0.20788 0.0338338 0.000630137 0.00642122 0.00038172 0.0291133 0.00186842 0.000158515 0.2514 0.218022 2.76724e-05 0.0135107 0.00014634 0.00531108 2.35851e-07 0.0790802 0.00372237 3.82144e-06 0.00998299 0.00190757 
0.00194351 0.0704914 0.00639917 0.0566914 0.150823 0.0295965 0.00298439 0.0362477 0.00290742 0.0103298 0.0010682 0.00770491 0.213943 0.0110671 0.00191857 0.0852065 0.0141696 0.030049 0.000234461 0.182127 0.0128996 2.96195e-05 0.0633777 0.00778974 
0.00676931 0.00533744 0.0164512 0.0100224 0.0346929 0.036943 6.16928e-05 0.0148618 8.93294e-05 0.000720069 0.0186369 0.000357205 0.54565 0.0160893 0.000152722 0.0375498 0.00735631 0.00362592 4.89762e-05 0.11235 0.041737 2.8367e-06 0.0888324 0.00166144 
0.00686854 0.0109701 0.0021081 0.105372 0.0343283 0.0367351 0.000144033 0.137031 0.00018629 0.0133786 0.000718075 0.00685182 0.256197 0.00926501 0.00132756 0.00379146 0.0078611 0.0311337 0.000299744 0.248497 0.0100256 1.10921e-06 0.0754261 0.00148429 
0.00141677 0.074339 0.00666847 0.0312629 0.0302477 0.0216216 0.0400947 0.00746719 0.015826 0.000471044 4.77955e-05 4.74494e-06 0.55711 0.00021336 0.000630216 0.00250716 0.00369907 0.00524075 0.000692267 0.151434 0.00533039 3.68103e-06 0.0300499 0.0136221 
0.00144981 0.046288 0.000673111 0.0420751 0.160905 0.0176044 0.000914383 0.0499674 0.00667597 0.0339623 0.0035762 0.0949045 0.231205 0.00561511 0.00027158 0.00503759 0.00832885 0.0358643 1.45989e-06 0.210701 0.00586163 1.59625e-06 0.0295887 0.00852762 
0.000142603 0.00158332 0.00112632 0.0143484 0.00647973 0.00418241 0.000944544 0.0268871 1.07511e-11 0.000675357 1.65126e-09 9.48939e-05 0.823911 0.000422996 3.7363e-05 0.0256771 2.54739e-12 5.205e-09 2.54523e-11 0.0851707 0.00439731 1.89166e-11 0.00390645 1.2666e-05 
0.000931525 0.324393 0.00747531 0.00131695 0.013267 0.0216796 0.00072051 0.0422444 8.09021e-05 0.00160932 0.0022634 0.00748862 0.504578 0.0380879 0.000514384 0.00196089 0.000485351 0.00143221 2.30962e-09 3.84854e-05 0.0131423 1.71655e-09 0.0109195 0.00537005 
0.00643354 0.0191862 0.00458861 0.00715507 0.0333574 0.0627574 0.000460917 6.98723e-08 6.98237e-08 0.0422033 0.000510074 0.00101951 0.342694 0.0180957 0.00247044 0.0267778 0.23932 0.0142529 6.97362e-08 0.0711238 0.0560827 6.97752e-08 0.0493937 0.00211669 
0.00291246 0.224517 0.000949939 0.0886452 0.0964363 0.00280256 0.000490718 0.0167512 0.00192138 0.000387096 0.00434393 0.000950453 0.479942 0.00480426 0.00212475 0.000196228 9.11943e-05 0.0045192 3.60201e-09 0.0490401 0.00773645 2.67707e-09 0.00923068 0.00120627 
2.57857e-08 0.0193619 0.000205322 0.0614812 0.110126 0.000800185 0.000227237 0.0279265 1.15807e-09 0.000202691 3.40749e-09 3.8996e-05 0.417355 0.00124042 1.09839e-08 6.275e-09 9.45697e-08 0.0305383 1.30492e-12 0.311527 0.00037955 1.94065e-09 0.0185905 7.55911e-09 
0.000249269 0.0937476 0.000227846 0.00783386 0.158436 0.00515268 0.194605 0.000106968 0.000450534 0.0529434 0.00271606 2.16721e-06 0.214627 0.0199611 3.24839e-05 3.20144e-06 1.75618e-07 4.61393e-07 5.27479e-07 0.0180069 0.000395536 2.32649e-07 0.164998 0.0655021 
0.00105931 0.0143932 0.040268 0.00312064 0.124666 0.0277957 0.0939619 0.0154684 0.000551128 0.000400482 0.00719662 0.00246805 0.308738 0.000135385 0.00201073 0.00089248 0.00574078 0.0661638 1.8783e-10 0.203792 0.000896375 1.81485e-05 0.0793135 0.000948983 
3.97282e-10 2.58193e-07 2.93113e-06 6.87234e-07 1.68616e-10 1.09052e-06 0.00157652 0.000741457 7.32052e-10 0.000134405 0.00344032 7.26118e-10 0.960649 8.86074e-07 5.61407e-08 7.58326e-08 4.65784e-07 0.000177248 1.73307e-09 8.75396e-11 1.76077e-06 5.28293e-08 0.00326793 0.030005 
0.000965333 0.148316 3.87885e-05 0.0335079 0.0325176 0.00705696 1.15702e-10 0.0581719 1.17063e-07 0.00239368 4.25642e-08 1.16996e-10 0.448455 2.89886e-07 1.91079e-10 1.18446e-06 2.34649e-08 0.0776237 2.79242e-10 0.147276 2.49894e-07 2.07537e-10 0.043675 3.72685e-07 
0.000122341 0.00644984 0.00047313 0.0140191 0.0010215 0.000276231 1.05588e-05 0.19262 0.000818219 7.0211e-05 2.57491e-08 6.77595e-08 0.582673 0.00780015 0.00331617 0.000117828 1.61863e-08 0.00749737 1.54818e-05 0.104854 0.0715785 3.17346e-05 0.00617021 6.41291e-05 
0.00193935 0.0304865 0.00496965 0.136129 0.0605165 0.025127 0.000875031 0.0385305 0.000748633 0.0307558 0.00244844 0.00305836 0.334609 0.0895728 0.000590382 0.0108545 0.0133495 0.0304215 0.000114804 0.134832 0.0112872 3.47064e-05 0.0365129 0.00223599 
0.00319427 0.0372337 0.00174494 0.00112751 0.0503494 0.00757421 0.000885326 0.0672387 0.0142794 0.000302622 0.000235348 0.00975158 0.638168 0.0155836 9.88406e-05 0.00881845 4.5239e-05 0.00057659 6.38935e-05 0.0633181 7.14777e-05 5.4743e-05 0.0779468 0.00133766 
0.000239129 0.0491786 0.00349154 0.0070571 0.0273881 0.0439791 0.000385161 0.0366521 0.000918271 0.000618233 0.052812 0.0117553 0.229748 0.200814 0.000123816 0.0349523 0.00154108 0.022437 1.77457e-08 0.173373 0.0186142 9.33188e-05 0.0374323 0.0463966 
4.30425e-07 0.0302125 0.00202726 0.000829416 0.0187726 0.00682301 1.64245e-05 1.48981e-05 0.0033428 7.08157e-06 1.97983e-06 1.64162e-05 0.272241 0.0926688 9.13678e-07 0.0760823 3.34907e-09 0.235602 1.22677e-06 0.0974509 0.0502323 0.000229636 0.0778079 0.0356189 
5.03801e-05 0.00893085 0.000623594 0.00863836 0.184832 0.00173375 1.61162e-05 0.0323036 1.25601e-08 0.00267994 2.26046e-08 3.25878e-11 0.637815 0.00280317 2.18619e-05 0.00111585 0.00664301 0.00105119 1.54197e-08 0.0780384 0.0043586 9.39886e-07 0.0267579 0.00158561 
0.000249269 0.0937476 0.000227846 0.00783386 0.158436 0.00515268 0.194605 0.000106968 0.000450534 0.0529434 0.00271606 2.16721e-06 0.214627 0.0199611 3.24839e-05 3.20144e-06 1.75618e-07 4.61393e-07 5.27479e-07 0.0180069 0.000395536 2.32649e-07 0.164998 0.0655021 
0.00437798 0.0469673 0.0100579 0.064965 0.0954874 0.012817 5.42941e-05 0.0044454 9.55762e-05 0.00908749 2.33868e-06 0.00126178 0.552579 0.0469682 0.00068304 0.0180795 0.0454173 0.000901791 2.60613e-08 0.0576691 0.015723 1.56417e-05 0.0112162 0.0011276 
1.51804e-07 0.000105414 0.000186393 0.0496836 0.00531842 0.00304978 4.29384e-05 0.00256482 1.0379e-08 0.00458344 6.40357e-08 1.62199e-11 0.38748 0.00896326 5.98198e-08 0.000318384 1.46887e-05 0.23346 3.87133e-11 0.293305 0.000322457 2.87723e-11 0.0105946 6.05252e-06 
0.00328555 0.0114747 0.00843477 0.0666021 0.0267622 0.142965 0.000108502 0.0612527 4.08732e-05 0.0022914 0.00653316 0.000152179 0.209631 0.0069154 0.000376214 0.0016791 0.000580971 0.179391 7.24339e-06 0.0856667 0.0343514 1.20888e-06 0.146523 0.00497402 
9.95993e-05 0.0505045 0.00451076 0.0623627 0.021125 0.0172755 0.000114866 0.00396429 0.000875933 0.00582239 0.021831 0.0046248 0.587476 0.0571619 1.56161e-05 0.000890649 0.00496174 0.0120069 1.12829e-08 0.026126 0.00263737 0.000109251 0.114076 0.00142776 
0.00167482 0.00790375 0.0566331 0.0692998 0.0903366 0.00549504 0.000223551 0.0226606 0.00115222 0.0628335 6.00278e-06 1.3279e-05 0.362285 0.0267635 6.68282e-05 0.0399395 0.000137331 0.0273156 4.5994e-06 0.0153683 0.0410338 4.54405e-08 0.126088 0.0427656 
9.4022e-05 0.0172987 0.00128742 0.0677061 0.00318792 0.0139575 4.0552e-06 0.0291713 3.08036e-05 0.0121165 4.63176e-07 0.000175526 0.658805 0.00522808 0.000133533 0.00587014 0.00412182 0.0036948 0.00148099 0.13585 0.00865742 8.15906e-07 0.0298065 0.0013211 
0.00442997 0.0699512 0.00502282 0.0620456 0.0391009 0.0617418 0.00151606 0.113722 3.96218e-06 0.149901 1.25621e-06 0.000406352 0.159591 0.0467973 0.000409342 0.0224557 0.00823306 0.11205 5.71041e-06 0.0111545 0.0280955 2.39313e-08 0.101957 0.00140792 
0.00190469 0.0536952 0.00127788 0.0403664 0.0721109 0.0294799 0.000228926 0.0155736 0.00150323 0.0337624 0.00244578 0.00026606 0.559675 0.00267994 0.000689561 0.00425597 0.0206035 0.0172468 1.23347e-07 0.107654 0.0182301 2.05123e-06 0.0119753 0.00437271 
8.83515e-05 0.000901333 0.000254486 0.192778 0.0212111 0.00224741 0.00031049 0.0788522 0.000327152 0.00830456 2.11313e-05 0.00498756 0.499315 0.00648873 8.14666e-06 0.000673741 0.000960784 0.112821 1.09887e-08 0.0299935 0.000657927 3.41149e-07 0.0386591 0.000137843 
0.00213813 0.0161897 0.0052941 0.124599 0.011283 0.136103 0.000205492 0.157285 3.15512e-05 0.00279461 2.00868e-05 0.000116529 0.238868 0.0608211 0.00200746 0.0152525 0.000621733 0.0115337 1.15474e-07 0.0816156 0.0852323 9.56811e-06 0.0478321 0.000146236 
0.00315276 0.0406846 0.00498784 0.0978133 0.0596325 0.0279598 0.00226473 0.0269733 0.00198938 0.110069 0.00162062 0.00229887 0.342033 0.0138625 0.00104657 0.0185309 0.00788007 0.027648 0.000233972 0.144153 0.0136511 7.12939e-05 0.0438179 0.00762583 
4.82851e-06 0.0275307 0.00183888 0.000166215 0.0115731 0.0024581 0.00289928 0.00441205 0.0107822 1.71246e-05 3.36957e-06 0.000157311 0.601061 9.44311e-10 2.77021e-08 3.36556e-07 0.000301979 0.00186865 5.24214e-10 0.255504 6.97185e-11 1.89512e-08 0.0642504 0.0151706 
0.00194981 0.00724022 0.00254465 0.0384936 0.00585112 0.012503 0.000107525 9.08363e-07 0.00200143 0.00753126 1.69929e-06 0.0351576 0.778296 0.000758083 1.3962e-05 0.00138293 0.0643723 0.000351944 0.000438464 0.0310709 0.0034753 7.52594e-07 0.00385116 0.00260549 
0.000499485 0.100905 1.03783e-05 0.0604912 2.42428e-06 0.017545 0.0307866 0.181252 4.79262e-07 0.00345475 0.000189243 1.28232e-09 0.407804 2.05925e-05 8.61531e-06 1.14522e-06 3.0398e-07 0.00534394 7.44077e-07 0.0228515 1.25192e-05 1.80333e-06 0.16473 0.00408846 
0.000931525 0.324393 0.00747531 0.00131695 0.013267 0.0216796 0.00072051 0.0422444 8.09021e-05 0.00160932 0.0022634 0.00748862 0.504578 0.0380879 0.000514384 0.00196089 0.000485351 0.00143221 2.30962e-09 3.84854e-05 0.0131423 1.71655e-09 0.0109195 0.00537005 
0.0353421 0.011447 0.00370545 0.0611481 0.0276286 0.0742262 0.0487398 0.132849 0.000109968 0.0182074 7.08893e-05 0.000316487 0.269376 9.88163e-06 0.000134598 0.000105991 0.0185115 0.061376 5.83017e-07 0.122112 0.0028436 1.46577e-07 0.110556 0.00118261 
0.000249475 0.0544449 0.00678393 0.0356415 0.0571776 0.0111252 0.000367714 0.0241846 0.00626965 0.0013082 0.000106293 0.00915575 0.449288 0.136413 1.70715e-05 0.052952 0.0314168 0.00631423 8.42471e-07 0.0931282 0.00218737 6.62333e-06 0.0185868 0.00287465 
0.00234103 0.034464 0.00941662 0.0563934 0.0386114 0.0249316 0.00139077 0.0406148 0.000922073 0.00333654 0.000877866 0.00735772 0.299906 0.0132682 0.000685981 0.142633 0.00386556 0.0113037 1.13645e-05 0.229837 0.0136392 1.09976e-06 0.0563725 0.00781931 
0.000983888 0.0959637 0.189095 0.0191111 0.00572502 0.0228171 0.000995748 0.0433134 6.46206e-05 0.000705086 2.48397e-06 2.65742e-05 0.221769 0.00168945 2.55784e-05 0.0501693 0.00257955 0.00746289 6.31144e-09 0.114167 0.0990384 2.561e-06 0.118782 0.0055108 
0.00202773 0.00671928 0.00539676 0.0384246 0.0493349 0.0117329 0.000564812 0.0140444 0.000126086 0.00268032 9.28704e-07 0.000739196 0.671074 0.0131897 0.000554973 0.00115173 0.00932129 0.00865398 1.65297e-08 0.108796 0.0391169 4.57813e-09 0.0162549 9.48907e-05 
4.82851e-06 0.0275307 0.00183888 0.000166215 0.0115731 0.0024581 0.00289928 0.00441205 0.0107822 1.71246e-05 3.36957e-06 0.000157311 0.601061 9.44311e-10 2.77021e-08 3.36556e-07 0.000301979 0.00186865 5.24214e-10 0.255504 6.97185e-11 1.89512e-08 0.0642504 0.0151706 
1.09908e-05 0.11409 0.0014449 0.00142267 0.0520225 0.00519515 0.0407089 0.0013833 0.0118206 0.00055607 2.87088e-05 4.90403e-08 0.68448 0.000102458 5.39599e-05 0.00060903 0.000113014 0.00879985 0.000108157 0.0653691 0.00139305 4.5288e-09 0.00743044 0.00285699 
3.97282e-10 2.58193e-07 2.93113e-06 6.87234e-07 1.68616e-10 1.09052e-06 0.00157652 0.000741457 7.32052e-10 0.000134405 0.00344032 7.26118e-10 0.960649 8.86074e-07 5.61407e-08 7.58326e-08 4.65784e-07 0.000177248 1.73307e-09 8.75396e-11 1.76077e-06 5.28293e-08 0.00326793 0.030005 
0.00256445 0.16111 0.0105532 0.146296 0.0624759 0.0175937 0.00121845 0.0555183 0.00027552 0.111652 0.000931297 0.026002 0.20192 0.0128828 0.000286741 0.0347165 0.00554199 0.0109013 0.000315639 0.0861839 0.00762139 1.45244e-06 0.0402287 0.00320829 
0.00144715 0.0714531 0.00261446 0.0410465 0.164549 0.0233218 0.00169227 0.0150505 0.00133451 0.0187443 0.0068995 0.0072355 0.333452 0.014108 0.00369351 0.0469993 0.00907904 0.0118457 2.07402e-05 0.184724 0.0071543 2.29543e-05 0.0266828 0.0068288 
0.00657685 0.026672 0.00112227 0.023258 0.111758 0.0439301 0.000370615 0.00788767 7.41775e-05 0.00395543 1.0195e-05 3.05695e-05 0.432489 0.019478 0.000130611 0.00170329 0.0087257 0.0347512 1.21578e-08 0.186208 0.00712668 4.94403e-06 0.0812375 0.00249862 
0.000741898 0.164104 0.00232469 0.0930308 0.0655849 0.0151945 0.000557489 0.019529 0.0021838 0.028014 0.00011324 0.00267247 0.398211 0.0282929 0.000628804 0.00325013 0.0205961 0.022124 8.28441e-05 0.0606926 0.0300021 3.75473e-05 0.0411478 0.000882557 
5.03801e-05 0.00893085 0.000623594 0.00863836 0.184832 0.00173375 1.61162e-05 0.0323036 1.25601e-08 0.00267994 2.26046e-08 3.25878e-11 0.637815 0.00280317 2.18619e-05 0.00111585 0.00664301 0.00105119 1.54197e-08 0.0780384 0.0043586 9.39886e-07 0.0267579 0.00158561 
0.00966071 0.0171813 0.00500578 0.054588 0.0984762 0.0289495 0.00104487 0.0366711 0.000138159 0.0691381 0.0016 6.56427e-05 0.434975 0.00202441 4.39345e-05 0.00217131 0.0173134 0.0795367 3.09654e-07 0.0710609 0.0150772 0.000888436 0.0458531 0.00853553 
0.00456941 0.0493539 0.000733834 0.106027 0.0115282 0.140979 0.000688779 0.0801657 1.75876e-05 0.00200474 8.83081e-05 0.0301195 0.343165 0.0174113 8.30999e-05 5.738e-08 0.016791 0.0418774 3.27869e-07 0.104361 0.0359552 1.45437e-06 0.0121135 0.00196587 
0.00955817 0.0517747 0.0131731 0.00793404 0.0975395 0.0318417 0.00162573 0.002435 0.00104506 0.00179552 1.03001e-05 0.00335481 0.2432 0.0136313 1.78404e-05 0.00602689 0.0355289 0.00323807 0.00962795 0.214301 0.0148325 1.86584e-06 0.226332 0.0111741 
5.46749e-05 0.0151268 0.00177986 0.00959201 0.0147624 0.00394373 0.00238414 0.0362273 2.56536e-11 9.05838e-06 1.04559e-05 0.000124468 0.682516 0.000514243 1.46798e-08 0.112607 1.26049e-07 0.000187215 6.0733e-11 0.106297 0.00619871 1.2822e-06 0.00752292 0.000140239 
0.163066 0.00534836 0.00272897 0.00218986 0.00987517 0.118227 0.00295357 0.00250287 0.0271205 0.000579403 4.72527e-05 0.0243549 0.187453 0.00305441 1.56789e-06 0.000204525 0.00144385 0.0694776 9.30441e-10 0.0758777 0.168937 6.91518e-10 0.111258 0.0232977 
0.00680679 0.0168654 0.0756252 0.1186 0.0535242 0.0108432 0.000476655 0.00884609 0.000710565 0.0572157 9.0449e-06 0.000115764 0.483208 0.000279854 2.72371e-05 0.00136816 0.00112337 0.0688556 3.15996e-06 0.0644293 0.000567933 3.96252e-06 0.0299287 0.000566558 
0.000399667 0.0993681 0.00163528 0.0351612 0.0903994 0.000855067 0.00849712 0.020153 0.000151538 0.0506193 0.0474096 0.0125159 0.281831 0.000246553 0.00274534 0.0275721 0.000113416 0.0681378 3.0978e-07 0.140572 0.00608314 0.000143254 0.105248 0.000142573 
0.00152759 0.00556534 0.00109552 0.125506 0.0286085 0.0310843 0.00298636 0.166293 2.25904e-05 0.0149627 5.50008e-05 0.0126266 0.308018 0.00417421 0.000193257 9.02425e-05 0.000851494 0.0978459 1.63075e-10 0.117724 0.00323206 1.38359e-05 0.07419 0.00333265 
0.00243239 0.00163692 0.000103476 0.0243304 0.0138312 0.0264022 0.00171329 0.0382089 0.000600023 0.0193884 4.6177e-06 5.28221e-06 0.625112 5.63771e-05 9.18443e-05 0.000194065 0.028968 0.0566304 4.39242e-08 0.101283 0.0329791 1.82136e-06 0.024464 0.00156161 
0.00199086 0.0232058 0.0037062 0.0517999 0.0243673 0.0406603 0.0379938 0.0132797 0.0102942 2.4627e-05 0.0153843 0.0013534 0.605447 0.00241961 0.000390149 0.00400148 0.0147094 0.0399936 1.04375e-08 0.0806328 0.006606 6.34303e-06 0.00997716 0.0117559 
0.000235717 0.0119174 0.000417983 0.0895939 0.0209029 0.0269604 0.000114512 0.0631175 0.00559391 0.00232344 5.17861e-05 0.00738417 0.555135 0.00592737 4.56381e-06 0.00141605 8.56526e-06 0.000367781 1.3535e-06 0.140458 0.0110651 3.92727e-06 0.0553593 0.00163923 
0.00201539 0.134449 0.00145027 0.00672379 0.085804 0.0878212 0.00256543 0.0103426 0.143318 0.000407174 0.000786539 0.000191926 0.169398 0.0211838 7.25501e-05 0.00180393 0.0303057 0.024932 1.1614e-08 0.129121 0.00602403 0.000461845 0.131953 0.00886881 
0.00058952 0.0738558 0.00641305 0.041045 0.165166 0.0505147 0.0041673 0.00169116 0.000480331 0.00537737 0.000197622 0.00410744 0.199261 0.0224887 0.000258076 0.189694 0.0169989 0.00253482 0.000256184 0.13321 0.01582 4.30604e-07 0.048615 0.0172575 
0.00686441 0.0416582 0.00143387 0.0392613 0.113784 0.0433574 0.00451449 0.0217054 0.00315479 0.104203 0.000412804 0.0003947 0.323813 0.00829468 8.38549e-05 0.00237256 0.0133756 0.0560395 8.45188e-05 0.124568 0.00649137 0.011436 0.0470743 0.0256213 
0.000575115 0.0195601 0.0119493 0.0187403 0.0157833 0.015119 5.45902e-05 0.058744 0.000298349 0.0084451 0.00739504 0.00117708 0.694729 0.00084667 2.49553e-05 0.0116117 0.0045944 0.00276672 1.43729e-07 0.0571336 0.0266771 2.72607e-06 0.0391633 0.00460843 
5.62318e-07 8.82421e-05 1.62771e-06 1.22668e-09 0.129424 1.04418e-06 5.266e-11 3.19616e-08 5.36839e-11 2.69904e-07 1.07265e-07 5.32488e-11 0.557772 3.18141e-08 2.5229e-07 0.0057522 1.45021e-07 1.73615e-11 1.27092e-10 0.1879 0.0018034 9.44571e-11 0.106927 0.0103294 
0.00154329 0.0384719 0.00102014 0.0411336 0.127255 0.0100901 0.0192722 0.0970432 0.00221587 0.0142833 0.130014 0.00504981 0.264786 0.0133559 3.69165e-05 0.000336789 0.00794958 0.12205 7.15153e-09 0.0666093 0.00585602 1.46648e-05 0.0262693 0.00534361 
0.000779601 0.0344624 0.000455516 0.0753746 0.0193617 0.00495111 0.00283318 0.0129483 3.25101e-05 0.0480252 1.48849e-06 0.000550424 0.613831 0.00613558 0.00345624 0.0248264 0.0240059 0.0266642 7.82006e-07 0.0403546 0.00251704 4.26726e-05 0.0550642 0.00332522 
0.000256455 0.00424368 2.76368e-08 0.0757942 0.178991 0.00840161 4.91085e-05 0.156225 0.000202569 0.0122691 9.20211e-05 0.00119064 0.195649 0.00164953 5.21971e-05 8.85709e-05 0.00151693 0.104645 8.37808e-12 0.124619 0.000459905 6.23955e-06 0.130373 0.00322407 
0.00085491 0.0354612 0.00117859 0.144002 0.0782513 0.03062 0.000622068 0.0488577 0.000584135 0.0285815 0.00290095 0.0126009 0.19229 0.0135221 0.000251009 0.035725 0.00198854 0.0685007 1.00216e-05 0.183071 0.00748386 0.000100672 0.110593 0.00194962 
0.0006287 0.00113674 0.000119506 0.000160754 0.0416258 0.00213232 4.277e-06 0.0572324 3.89975e-06 0.00170593 1.13095e-07 5.7493e-05 0.370247 6.35293e-05 4.31239e-05 0.0301014 0.0694886 0.00175347 2.17494e-05 0.23305 0.0247998 5.54442e-07 0.165037 0.000584639 
4.38289e-06 0.0111258 0.00297664 1.21968e-05 1.06461e-05 0.00762105 3.98745e-05 0.0187431 0.000956644 0.0659716 2.22423e-06 1.21162e-08 0.636534 0.00266036 0.0672942 0.107369 2.89432e-09 0.0351381 2.89187e-08 0.00947605 0.0122986 1.51501e-06 0.020369 0.0013951 
0.00088786 0.0605277 0.000945488 0.149368 0.0271018 0.0419436 0.00122395 0.0297118 0.0113644 0.166099 0.00773605 0.00338122 0.291707 0.0451362 0.00325248 0.00238521 0.0121058 0.0636667 5.5445e-08 0.0583351 0.00473723 5.97567e-06 0.0107766 0.00760141 
0.0016746 0.000461344 0.00111429 0.0525446 0.0040611 0.145336 0.000342832 0.158544 1.53755e-07 0.00235794 9.3153e-09 0.00125821 0.306807 4.59095e-05 2.57699e-10 0.00036358 0.000256973 0.0607849 3.766e-10 0.0937925 0.0121818 1.81172e-06 0.157775 0.000295457 
3.79694e-07 0.0124789 0.00784676 0.00192515 0.00108032 0.00845725 6.35427e-10 0.0166483 1.10291e-06 2.07422e-05 2.20617e-08 6.42532e-10 0.808467 0.0027581 5.06782e-07 0.00653075 1.65955e-05 7.75915e-06 1.53358e-09 0.110456 0.0221501 1.13978e-09 0.00109181 6.2011e-05 
1.09908e-05 0.11409 0.0014449 0.00142267 0.0520225 0.00519515 0.0407089 0.0013833 0.0118206 0.00055607 2.87088e-05 4.90403e-08 0.68448 0.000102458 5.39599e-05 0.00060903 0.000113014 0.00879985 0.000108157 0.0653691 0.00139305 4.5288e-09 0.00743044 0.00285699 
