7.80691e-05 0.14026 0.0153457 0.0177331 0.141795 0.00874259 2.64955e-05 0.0212907 0.00398751 0.00292425 1.13657e-05 0.00710154 0.272698 0.0122577 8.69496e-05 0.147956 0.000588492 0.00562656 5.87387e-08 0.128579 0.0154593 3.37886e-06 0.0473003 0.0101478 
0.00376452 0.0485776 0.00234086 0.124443 0.0411315 0.0435618 0.00343292 0.0313465 2.5664e-05 0.00109467 0.00524656 0.026225 0.401384 0.00371748 7.40449e-05 0.000174029 0.000661079 0.0188765 2.0356e-06 0.214795 0.00702642 7.19721e-06 0.0220423 4.92603e-05 
0.000245234 0.068145 8.70966e-05 0.0696099 0.077385 0.00806501 5.55024e-05 0.000899647 4.4254e-07 0.00192109 0.019381 5.89998e-08 0.470362 2.23874e-08 6.51219e-06 0.000205207 0.000545192 0.00130878 4.34851e-09 0.257935 0.00238544 2.54815e-07 0.0211989 0.000257616 
9.35734e-05 0.0266379 8.05022e-12 0.125223 0.0405499 0.00660484 0.000749172 0.0324711 0.0298471 0.0816482 5.54461e-08 0.000515793 0.457395 0.000564433 5.99774e-08 6.67857e-05 0.000611219 0.149165 2.60233e-11 0.0350717 0.00061331 1.93409e-11 0.0121713 1.35233e-08 
3.3119e-05 0.103552 1.77318e-05 6.84497e-06 1.84025e-05 0.155185 8.82068e-06 0.000115263 0.326514 2.72458e-06 1.31682e-05 5.22743e-06 0.333721 9.21575e-06 2.32832e-05 3.70328e-06 0.000124672 1.63515e-05 8.72436e-10 0.000146671 0.0567572 0.0173637 0.00618786 0.000173355 
3.97282e-10 2.58193e-07 2.93113e-06 6.87234e-07 1.68616e-10 1.09052e-06 0.00157652 0.000741457 7.32052e-10 0.000134405 0.00344032 7.26118e-10 0.960649 8.86074e-07 5.61407e-08 7.58326e-08 4.65784e-07 0.000177248 1.73307e-09 8.75396e-11 1.76077e-06 5.28293e-08 0.00326793 0.030005 
4.80581e-07 0.00665173 0.111133 0.00907369 0.00673959 0.0489741 0.0122989 0.0215767 7.58884e-05 0.00315812 0.000113554 7.92933e-08 0.395733 1.71561e-06 1.96317e-06 2.5527e-11 0.000103992 0.0342269 8.60029e-11 0.263372 0.00227108 4.11067e-05 0.0796377 0.00481448 
0.019527 0.0257061 0.0102232 0.0308938 0.0869855 0.107451 0.000323059 0.10104 0.0011821 0.00616864 6.15117e-05 0.00271873 0.173388 0.00805727 0.000616234 0.00833906 0.0397504 0.0714443 5.02166e-07 0.157515 0.0400014 3.98528e-06 0.100896 0.00770687 
0.0025141 0.0827086 0.0115245 0.132212 0.0393153 0.0635292 0.000444762 0.0456406 0.0231772 0.0155218 0.00349917 0.00194711 0.210782 0.0232111 0.00154223 0.00136494 0.0016337 0.047027 4.11242e-10 0.163731 0.0427544 1.73985e-05 0.0669085 0.0189926 
0.00546796 0.0583658 0.00431556 0.0575911 0.0654922 0.0259153 0.00245766 0.0341629 0.000821363 0.0288099 0.00240906 0.0032423 0.322027 0.015645 0.000979236 0.0533421 0.0137612 0.0369541 0.000272602 0.19185 0.013766 2.29057e-05 0.0566099 0.00571834 
0.00124719 0.0698782 0.00168117 0.0458723 0.156263 0.0203752 0.000926377 0.0289746 0.140856 0.00341793 7.22231e-06 0.00311237 0.193184 0.0248835 0.00199123 0.00728482 0.00086097 0.00406924 1.15996e-08 0.0935207 0.131904 4.86995e-09 0.0695483 0.000141696 
0.043514 0.0119673 0.0027019 0.0887297 0.0485859 0.0416915 0.000274536 0.0914639 0.00616145 0.0335783 0.000101199 0.00179831 0.230262 0.0481832 0.000771777 0.00638904 0.0286532 0.143416 1.7577e-05 0.0167397 0.00741615 6.4069e-05 0.130673 0.0168451 
0.00148203 0.135994 0.00391619 0.0198769 0.0890829 0.0152474 0.000993963 0.024759 0.12648 0.0265365 0.000286286 0.000591755 0.189951 0.00136723 0.000483838 0.0022818 0.0128077 0.0515041 0.000524684 0.0721241 0.00381901 2.1008e-05 0.165879 0.0539891 
0.0233571 0.168247 0.00794637 0.0241946 0.100313 0.0483595 0.000351992 0.0177047 0.00537857 0.0250366 2.64269e-05 0.00984028 0.407399 0.0145343 0.00103931 0.00574815 0.00536896 0.0384702 4.65109e-06 0.0487396 0.0136378 1.02482e-05 0.0140659 0.0202267 
2.83465e-07 0.000654163 6.34235e-09 0.142741 0.00154021 0.00611964 4.02595e-07 0.189918 3.2904e-07 0.0233606 0.000118591 1.13919e-10 0.52788 3.45119e-05 1.86055e-10 1.14455e-07 6.35014e-08 0.0209953 2.71899e-10 0.0611423 0.00239558 2.0208e-10 0.0230994 5.74815e-11 
0.000118007 0.0160254 0.0205064 0.0128492 0.0457785 0.00353629 0.000552796 0.00404451 0.00066854 0.0217747 0.00564162 3.1838e-06 0.803856 0.00160065 1.97651e-06 0.0041379 0.0046674 0.00329071 8.75434e-07 0.0219553 0.000698374 1.39273e-05 0.0253758 0.00290185 
3.42294e-07 0.0746459 0.00474911 0.00905078 0.162452 0.0232264 0.000136914 0.0971087 3.32701e-08 0.000380711 5.66291e-08 0.000308854 0.365371 0.0209781 0.000440598 0.00552729 2.0382e-08 2.928e-07 3.37703e-11 0.148794 0.0320323 1.00251e-05 0.0466654 0.00812084 
0.00325276 0.0264435 0.00266485 0.085539 0.0746934 0.0263608 0.00102229 0.0346659 0.00105073 0.0344395 0.00153607 0.00547201 0.287236 0.0721565 0.000557577 0.0195709 0.0106342 0.0812104 0.000348675 0.19139 0.00992947 1.2443e-05 0.0274674 0.00234581 
1.35928e-09 0.00548853 4.56087e-06 0.206696 5.76912e-10 0.00947927 0.00338773 0.00329761 2.50468e-09 0.0175874 7.58689e-07 2.48437e-09 0.418037 0.0695642 2.36429e-06 0.0117929 5.93466e-10 8.10016e-10 5.92963e-09 0.00922464 0.131918 4.40699e-09 0.113514 5.03198e-06 
0.000524014 0.000138045 2.70904e-05 0.0289566 0.0124686 0.013594 4.61618e-06 0.0025034 7.59699e-08 0.00142775 6.34486e-06 5.67019e-09 0.764997 0.0091008 7.36058e-06 1.05338e-07 0.00106095 0.0091544 1.97659e-11 0.117089 0.00131637 1.1895e-08 0.0376069 1.65874e-05 
0.000677586 0.0176356 0.00248782 0.235407 0.0257586 0.00349673 0.00184456 0.0733448 0.000189811 0.147 2.55332e-05 0.00614785 0.301151 0.00350175 0.000210389 0.00941159 1.25217e-05 0.0804511 1.57829e-06 0.0468929 0.0042579 5.46969e-05 0.0302354 0.0098033 
0.00312043 0.0289517 0.00370197 0.0333378 0.0244285 0.015021 7.44933e-05 0.0068844 0.0017177 0.0074077 0.00740336 0.00124002 0.503805 0.132604 0.00012721 0.119947 0.00209734 0.00222039 0.000802605 0.0829205 0.00554052 2.8543e-06 0.0133876 0.00325552 
0.00199086 0.0232058 0.0037062 0.0517999 0.0243673 0.0406603 0.0379938 0.0132797 0.0102942 2.4627e-05 0.0153843 0.0013534 0.605447 0.00241961 0.000390149 0.00400148 0.0147094 0.0399936 1.04375e-08 0.0806328 0.006606 6.34303e-06 0.00997716 0.0117559 
0.00100688 0.0510459 7.5427e-05 0.0858194 0.0223286 0.0181803 0.00198428 0.0963593 1.9174e-05 0.00510148 5.38354e-08 0.102158 0.500681 0.000298463 2.55331e-08 2.50702e-12 4.76901e-05 0.00327514 3.859e-06 0.0910432 0.0152422 5.41231e-06 0.00532391 7.93866e-09 
3.59841e-05 0.00854562 0.000482138 0.0268441 0.090317 0.00504709 8.79612e-05 0.0169337 4.18141e-06 0.00522243 1.03743e-06 7.72126e-10 0.639328 0.00434462 6.91497e-06 0.00485237 0.00616694 0.0500422 2.49309e-05 0.096703 0.00364002 7.90203e-07 0.0401336 0.00123568 
0.00281311 0.0222072 0.0022011 0.0230599 0.0609514 0.0572248 8.25654e-05 0.032802 7.88098e-05 0.00643933 3.54062e-06 0.000170709 0.422114 0.00591075 0.0126383 0.000528725 0.0437469 0.00130545 2.47188e-07 0.259143 0.0272279 0.000131282 0.0167999 0.00241838 
0.00353979 0.0395941 0.00259757 0.00782715 0.118886 0.102964 0.00234331 0.00803221 0.00307619 0.0093891 0.000167742 0.00470869 0.290361 0.0341276 0.0180767 0.227649 0.00845242 0.0182094 0.000583468 0.0333318 0.0102101 3.62006e-05 0.0399949 0.0158419 
0.000793058 0.0173608 0.000162356 0.0953745 0.0885583 0.0146653 0.00101369 0.0293648 9.45945e-05 0.0322917 1.36671e-05 0.000121224 0.454718 0.0401635 3.30361e-05 0.00163116 0.0167248 0.128509 2.40838e-07 0.0731871 0.00126153 4.80808e-06 0.00394757 4.74822e-06 
0.00103316 0.00264671 4.55658e-05 0.00243071 0.0260827 0.00221709 2.35046e-05 0.0119842 0.000149582 0.0983496 5.75945e-07 5.15398e-09 0.64377 0.000186852 0.000174476 0.00227655 0.0184994 0.0178305 1.54717e-11 0.148454 0.00397821 2.19238e-08 0.0192741 0.000592249 
0.00522735 0.0353649 0.00261326 0.103465 0.0820709 0.0294552 0.00011349 0.0235853 0.000431484 0.0322975 0.000167845 5.62406e-05 0.421012 0.0134779 1.49979e-05 0.0192496 0.000798034 0.0118939 1.1361e-06 0.0928732 0.0153032 1.02536e-05 0.0955327 0.0149854 
4.15834e-05 5.80647e-05 0.000968072 0.00187752 0.00400038 0.0385403 0.000568424 0.000346587 1.48961e-06 0.0279528 5.61474e-07 2.44219e-05 0.62205 2.28e-05 2.41313e-06 3.52907e-06 0.00676742 6.52948e-05 3.52654e-06 2.63628e-05 0.215259 2.62098e-06 0.0329173 0.0485003 
3.97282e-10 2.58193e-07 2.93113e-06 6.87234e-07 1.68616e-10 1.09052e-06 0.00157652 0.000741457 7.32052e-10 0.000134405 0.00344032 7.26118e-10 0.960649 8.86074e-07 5.61407e-08 7.58326e-08 4.65784e-07 0.000177248 1.73307e-09 8.75396e-11 1.76077e-06 5.28293e-08 0.00326793 0.030005 
0.000145316 0.208635 0.000790639 0.0258215 0.209062 0.0144979 0.00070001 0.0327069 0.000526036 0.0338336 0.00519214 0.000735839 0.219918 0.00110597 0.000129202 0.00134438 0.0579092 0.047744 4.78823e-08 0.0567276 0.00265753 3.07645e-06 0.07335 0.00646461 
0.00114563 0.143504 0.000381392 0.076701 0.115744 0.0285408 0.0139387 0.0926529 5.15761e-05 0.0303406 0.00024131 0.02049 0.174141 0.159791 7.56471e-05 0.00977592 0.00827494 0.020403 1.80633e-05 0.0509378 0.00860219 5.58412e-05 0.040664 0.00352784 
0.000114925 0.034978 0.000230862 0.0202608 0.150159 0.000993137 0.00073571 0.00222407 1.25534e-06 0.00806721 3.38454e-06 1.83679e-07 0.70784 0.00136327 2.83002e-05 0.00166564 0.000910809 0.000753244 1.82848e-08 0.0278568 0.00066897 1.15509e-07 0.0410255 0.00011886 
0.00188664 0.0394341 0.0360553 0.023476 0.058851 0.0142644 0.000129842 0.0125941 1.50675e-05 0.00181655 1.22511e-05 0.000405399 0.479334 0.0210614 5.72225e-05 0.0673809 0.00885607 0.0328925 2.47942e-07 0.158259 0.00324407 1.55064e-05 0.0275175 0.0124411 
0.000186688 0.156912 0.000389965 0.148533 0.070306 0.013988 0.047427 0.0944622 7.38382e-05 0.00195251 4.25053e-06 0.000566766 0.198571 0.0191957 0.000167197 0.000309377 0.000281272 0.0917165 1.39939e-07 0.0252977 0.000544361 1.89054e-05 0.107808 0.0212882 
0.0016834 0.0698883 0.000101498 0.0410788 0.0999514 0.0528713 0.00628608 0.0683197 1.78244e-05 0.000227124 5.74487e-05 0.0401241 0.330481 0.000617612 2.35425e-05 2.38848e-07 0.0357917 0.0396583 1.38454e-09 0.204767 0.00342072 6.91408e-06 0.00439282 0.000232959 
0.000118634 0.0335723 0.0047076 0.093595 0.0386245 0.00229393 5.80203e-05 0.0516687 8.13774e-05 4.84517e-05 1.35839e-06 1.53983e-05 0.390334 0.000380597 8.26197e-08 0.00369278 0.000845418 0.00084376 1.37794e-07 0.285713 0.00457006 4.69541e-07 0.0882927 0.000541688 
0.00240888 0.0189607 0.000750921 0.0953837 0.154268 0.0171712 0.024965 0.0382845 0.000564637 0.00723902 0.000221125 0.000950338 0.20756 0.00422459 0.000111378 0.0195332 0.0128256 0.154029 0.000788403 0.198221 0.00559765 5.25044e-06 0.0343761 0.00155931 
0.00146069 0.00304689 0.00206755 0.038041 0.0312692 0.0140349 0.000217317 0.0101294 0.000118863 0.00232086 2.87526e-06 0.000235944 0.700556 0.0125532 0.000376234 0.000745907 0.00843585 0.0106323 6.93345e-09 0.116002 0.0190309 8.41469e-08 0.0286601 6.13197e-05 
0.00127905 0.00936179 0.000489587 0.17109 0.0373623 0.0299346 0.00141724 0.181504 0.000838183 0.0217035 0.00373797 0.000661941 0.185284 0.0248064 0.000232591 0.0038867 0.0143902 0.0740722 8.26928e-08 0.167589 0.00290491 7.35558e-05 0.0656676 0.0017128 
5.98787e-06 0.0715036 0.216422 4.22641e-10 0.0188387 0.00863199 3.61215e-05 8.51074e-07 5.32417e-06 2.32401e-06 0.000513193 0.00372379 0.603665 1.38214e-09 4.93415e-06 1.31271e-09 1.12395e-06 0.00757648 1.37898e-06 2.07156e-06 3.04743e-06 3.28698e-09 0.0139579 0.0551043 
0.00510884 0.0100006 0.0479926 0.0372278 0.0314601 0.0117033 4.54162e-07 0.0793419 0.00171393 0.000218721 6.13229e-07 1.21626e-06 0.519478 0.00262437 1.53779e-07 0.0186874 0.000190903 0.00809072 5.69566e-08 0.121862 0.00791241 2.97712e-08 0.0963786 4.71202e-06 
0.00182253 0.0520407 0.00106782 0.154123 0.0456717 0.00786076 0.000718622 0.0519491 0.000149212 0.00330474 0.0744315 0.0179212 0.498867 0.0015188 0.00890338 0.00935985 0.0158066 0.0035671 1.15683e-08 0.030547 0.00604285 1.51686e-06 0.0143137 1.06231e-05 
0.00121226 0.161688 0.000606951 0.101106 0.178751 0.00439906 0.0181497 0.0301647 1.08474e-05 0.0614101 1.26874e-06 0.000991538 0.191999 0.000380052 0.00120751 0.00267819 0.000286102 0.00628648 8.78626e-08 0.107533 0.0055992 4.73511e-08 0.124174 0.00136514 
8.84824e-06 0.0291556 0.00253931 0.123196 0.0208343 0.0227433 0.00011892 0.025402 3.21402e-06 0.00155424 0.0247379 2.62455e-05 0.410455 0.132731 1.94815e-07 0.0137456 3.83521e-06 0.000173866 2.84702e-07 0.066219 0.122531 4.54573e-05 0.00181618 0.00195742 
0.000706658 0.00236567 0.000445684 0.0127521 0.00534942 0.00295914 0.000263635 0.0089514 0.000722743 0.0407252 4.01838e-05 9.57307e-05 0.666469 0.000469041 4.18801e-05 0.0245293 0.0256966 0.128307 3.40837e-11 0.0576664 0.0099088 1.42583e-08 0.0112606 0.000273501 
4.80581e-07 0.00665173 0.111133 0.00907369 0.00673959 0.0489741 0.0122989 0.0215767 7.58884e-05 0.00315812 0.000113554 7.92933e-08 0.395733 1.71561e-06 1.96317e-06 2.5527e-11 0.000103992 0.0342269 8.60029e-11 0.263372 0.00227108 4.11067e-05 0.0796377 0.00481448 
0.00710225 0.174686 0.000963408 0.0437093 0.0392065 0.0460551 0.00274159 0.00160808 0.000470072 0.00970661 5.2385e-06 2.73178e-05 0.18726 0.0065012 3.69996e-06 0.0067153 0.000166256 0.0562258 2.3672e-07 0.11132 0.145327 1.75934e-07 0.152144 0.00805472 
0.00874825 0.0836411 0.0112203 0.0709411 0.0629515 0.0288568 0.00547666 0.0508541 0.0048565 0.0258841 0.00142027 0.00327664 0.359579 0.0110327 0.000791078 0.00827026 0.0154684 0.031947 0.000626834 0.125728 0.0132354 0.000371958 0.0616662 0.0131556 
0.000889632 0.0982574 0.0288892 0.052921 0.0187575 0.0324295 0.000248643 0.0477599 3.40532e-05 0.010848 4.14051e-06 0.000601394 0.410147 0.0255406 9.17484e-05 0.031444 0.0123253 0.00662972 7.94101e-09 0.108163 0.00558938 6.1816e-07 0.107043 0.00138513 
0.00352014 0.0494416 0.00280726 0.120643 0.0990807 0.0216808 0.00328702 0.0676604 9.00594e-05 0.0274016 0.0016796 0.0128051 0.268653 0.00163105 0.000722954 0.0105274 0.00830576 0.0470911 2.05095e-05 0.207121 0.00701197 5.75452e-06 0.0366115 0.00220069 
0.00569021 0.0211569 0.0317614 0.115849 0.0521285 0.0136465 0.00245695 0.05719 0.000132312 0.00548521 0.00745248 0.000874019 0.378587 0.000313371 0.000562239 0.00307501 0.00305219 0.0401335 1.75799e-05 0.187891 0.0126522 8.32992e-06 0.0591772 0.000705797 
0.00038335 0.0391715 0.00275967 0.162684 0.016576 0.0236825 0.00433151 0.052857 0.0001147 0.0673486 0.000212051 0.00219676 0.273926 0.0987484 2.7346e-06 0.0047329 0.00577345 0.0621939 2.12652e-09 0.144482 0.014312 4.2807e-08 0.0228948 0.0006161 
0.00213694 0.0207463 0.00551085 0.0198018 0.111703 0.0320273 0.0469155 0.0146577 4.22807e-05 0.00185119 0.000104147 0.000451905 0.37016 0.00264993 7.79125e-05 0.0025947 0.00125276 0.129061 2.7089e-09 0.219775 0.00591445 0.000103275 0.0057816 0.00667969 
0.000249692 0.0504006 0.0237517 4.43124e-07 0.185371 0.0147623 0.000275926 2.61572e-07 0.00946911 0.00495378 2.0333e-07 0.000931849 0.229359 0.176581 0.00029918 0.089715 0.00486729 0.0132346 4.71865e-09 0.0641349 0.00714332 5.09225e-07 0.0525814 0.0719173 
0.00376615 0.0689064 0.0137882 0.160172 0.0786885 0.0739701 0.000464027 0.0469836 0.000637259 0.00663167 0.000193621 0.0241603 0.257364 0.00137278 7.65251e-05 0.0236431 0.000644657 0.00416058 0.00821543 0.139878 0.0134085 2.87512e-06 0.0659028 0.00696781 
0.000733552 0.000193241 3.79091e-05 0.0375254 0.011545 0.0190314 6.45296e-06 0.00350466 6.8942e-08 0.00118054 6.50861e-06 5.93489e-09 0.705328 0.0127409 1.02914e-05 1.10301e-07 0.00148521 0.0128159 1.45396e-11 0.13934 0.00184284 1.07219e-08 0.0526492 2.32059e-05 
6.93239e-05 0.054282 0.0137643 0.018159 0.146997 0.00178579 6.24889e-06 0.0120701 0.000101277 0.000143717 1.20897e-06 2.37596e-05 0.534885 0.00423634 7.55098e-05 0.0463978 5.81527e-05 0.000216188 1.94448e-11 0.137376 0.0139818 3.60289e-09 0.0153561 1.3231e-05 
0.000912684 0.140453 0.012883 0.02522 0.017748 0.0130192 0.00728736 0.029444 0.00144634 0.00032355 3.70442e-05 1.56819e-07 0.586362 0.0416366 1.85236e-08 0.00569062 5.42673e-07 0.00624381 3.09281e-08 0.0585725 0.0226088 1.00841e-08 0.0251838 0.00492728 
0.00364888 0.0535658 0.0064074 0.07357 0.187325 0.0303251 0.00336764 0.0199205 0.00282315 0.0243773 0.00323403 0.00543824 0.271781 0.00527665 0.00040981 0.0105397 0.00998396 0.0545462 0.000214864 0.14245 0.0076682 7.46589e-05 0.0684913 0.0145612 
5.1819e-07 0.0320322 0.00124395 0.0205267 0.199094 0.00222952 5.17983e-07 0.0132698 5.17972e-07 0.0024359 5.18268e-07 5.17979e-07 0.370044 0.0051297 5.17679e-07 0.0220722 0.00129636 5.18293e-07 5.17324e-07 0.226329 5.18297e-07 5.17613e-07 0.104291 5.18209e-07 
0.00101242 0.0325053 0.00657215 0.0002527 0.00272615 0.000372925 0.000258608 0.0237766 9.35834e-05 0.363931 5.33456e-07 5.59397e-05 0.413035 2.43317e-06 5.46447e-08 0.0033757 2.29446e-05 0.0921786 5.52329e-09 0.0441036 4.43312e-05 1.09062e-06 0.0103376 0.00534124 
9.35219e-05 0.110995 0.000580058 0.0196349 0.0619803 0.000788431 1.09774e-06 0.00902212 2.9391e-05 0.000585757 3.66917e-08 8.82133e-05 0.311459 0.00465578 0.00174471 0.00047285 0.000110195 0.159797 1.26789e-07 0.219869 0.0893092 9.42314e-08 0.00873314 5.00067e-05 
0.00550476 0.10251 0.0556902 0.00451966 0.0413948 0.017287 0.0011074 0.031059 0.000500898 1.12594e-07 5.954e-06 0.00575593 0.240388 0.00601738 0.00142585 0.0252991 0.0785925 0.000243065 1.25657e-08 0.120132 0.0692533 1.45168e-08 0.160183 0.0331301 
1.27522e-08 0.0046459 0.00307565 0.0339529 0.000889226 3.65257e-05 2.97319e-08 0.253002 1.08907e-08 5.2606e-07 7.77946e-05 3.31198e-09 0.587272 0.00126876 3.94859e-12 0.00132803 0.000563536 2.04349e-07 5.77044e-12 0.0764767 0.0253849 4.28868e-12 0.0120247 6.37197e-09 
4.66205e-08 0.0591907 0.00011291 0.179311 0.0991533 0.0038469 0.000854754 0.0685406 2.14743e-05 0.00681261 6.85769e-06 0.00869067 0.276114 0.00393409 2.05683e-08 8.34794e-08 0.00325484 0.228861 5.93372e-09 0.040315 0.00547597 2.04525e-08 0.0155035 1.77355e-12 
3.97282e-10 2.58193e-07 2.93113e-06 6.87234e-07 1.68616e-10 1.09052e-06 0.00157652 0.000741457 7.32052e-10 0.000134405 0.00344032 7.26118e-10 0.960649 8.86074e-07 5.61407e-08 7.58326e-08 4.65784e-07 0.000177248 1.73307e-09 8.75396e-11 1.76077e-06 5.28293e-08 0.00326793 0.030005 
8.64733e-07 0.00235244 7.28947e-05 0.0211865 0.0199151 2.35875e-06 1.12329e-07 8.41007e-11 9.18971e-06 0.031078 2.10678e-06 3.32559e-06 0.906738 0.00193503 1.73937e-05 0.0041459 1.40375e-05 0.000773983 8.36382e-10 0.00686086 0.00131083 6.21612e-10 0.00354296 3.82016e-05 
0.000186341 0.0257 0.000323102 0.056781 0.116297 0.00457682 0.000499176 0.0638238 2.57468e-05 0.0298692 0.0420104 2.02625e-05 0.340081 0.00202575 0.00609637 0.0138543 1.57497e-05 0.208551 0.00247143 0.0379514 0.00533421 3.33801e-05 0.0404866 0.00298459 
6.99158e-07 0.0214961 0.000779455 0.183345 2.81544e-05 0.000704574 2.3351e-09 0.0465028 3.4117e-07 0.000570942 5.14939e-07 2.36121e-09 0.674373 0.0434819 3.85636e-09 0.00158357 1.25605e-05 0.000144379 5.63566e-09 0.0214837 0.00435151 1.20031e-06 0.00113916 1.19142e-09 
0.0154027 0.032436 0.0350117 0.0698836 0.00165488 0.0314003 5.94503e-06 0.0883684 0.000575657 0.00899165 1.5761e-05 1.80181e-08 0.312922 0.000254988 1.65165e-08 0.000901803 0.00301736 0.00805023 8.05224e-10 0.190077 0.0655598 5.98455e-10 0.132962 0.00250785 
2.7225e-05 2.72314e-05 2.72202e-05 2.72328e-05 0.0953418 2.72347e-05 2.72141e-05 2.72325e-05 2.72136e-05 0.119812 2.72291e-05 2.72139e-05 0.269634 2.72202e-05 2.71981e-05 0.0953008 2.72325e-05 0.117118 2.71795e-05 0.196123 2.72306e-05 2.71947e-05 2.7233e-05 0.106209 
0.000352011 0.000688925 0.000382081 0.00697523 0.0281118 0.00857623 0.00341577 0.00315179 0.235449 0.019695 1.57373e-06 0.000320281 0.38589 0.00560694 6.34667e-07 0.0114448 0.00192432 0.0138033 2.93178e-08 0.178796 0.000675466 4.52684e-06 0.0647957 0.0299398 
8.22986e-05 0.0250282 5.30297e-06 0.0302483 0.162217 0.000115419 0.000158095 0.00983728 4.67928e-05 0.00445759 4.55953e-08 3.16311e-05 0.485134 0.000870962 0.000125033 0.000980475 0.000243291 0.0189179 2.78755e-12 0.2463 1.3029e-05 9.99877e-10 0.015185 2.14253e-06 
0.0175509 0.0437419 0.00798419 0.0964838 0.013233 0.0169103 0.000391779 0.0447084 9.00358e-05 0.0132821 0.000285922 0.202618 0.20446 0.01282 3.89112e-05 0.021344 0.0298726 0.00482304 2.14528e-08 0.181508 0.00959843 9.01619e-06 0.0686337 0.00961195 
0.00030409 0.0804291 0.00108076 0.0263169 0.0784925 0.0231271 0.00105618 0.0207053 0.000742975 0.00480403 0.00267444 0.00946543 0.494798 0.00053031 9.62591e-05 0.0408756 0.00113384 0.0206506 2.34558e-05 0.112251 0.00470031 2.7742e-05 0.0366332 0.0390813 
4.67613e-08 0.0593372 2.44142e-07 0.0321824 0.0141754 0.0057347 5.19955e-05 1.89677e-07 8.71139e-07 0.00339832 3.43459e-08 0.00400537 0.637501 0.00705367 7.643e-11 9.81896e-05 6.47032e-09 0.021573 1.11694e-10 0.168326 4.76122e-08 1.00622e-07 0.044543 0.00201795 
3.97282e-10 2.58193e-07 2.93113e-06 6.87234e-07 1.68616e-10 1.09052e-06 0.00157652 0.000741457 7.32052e-10 0.000134405 0.00344032 7.26118e-10 0.960649 8.86074e-07 5.61407e-08 7.58326e-08 4.65784e-07 0.000177248 1.73307e-09 8.75396e-11 1.76077e-06 5.28293e-08 0.00326793 0.030005 
0.00108024 0.00260092 0.000153559 0.0803931 0.0158389 0.00769984 1.07023e-06 0.0120271 4.42844e-06 0.00135591 3.68132e-06 1.64712e-05 0.459475 0.106237 6.79084e-06 2.04147e-07 3.0727e-06 0.0358564 9.51294e-10 0.235899 0.000853924 6.37279e-08 0.0404772 1.59066e-05 
0.000210103 0.00352821 0.000533998 0.000921607 0.00742091 0.0107962 0.0135267 0.00231414 0.000659534 0.0902717 0.000138571 3.29548e-06 0.383131 0.0558617 0.000117795 0.00885562 0.000173309 0.142339 7.17442e-08 0.0338081 0.00379791 2.75483e-07 0.195445 0.046146 
0.000150322 0.0267255 0.0249707 0.0412836 0.0322616 0.0629911 0.000285879 0.0100394 0.00180511 0.0624814 5.93432e-05 2.41414e-07 0.179758 0.0259365 0.000240675 0.177362 0.0772817 0.096283 1.43221e-06 0.0962463 0.0103512 5.79029e-06 0.0538116 0.019668 
0.00571562 0.0747701 0.0139266 0.0415579 0.0395507 0.0390291 0.00233936 0.0410172 0.00074473 0.000750423 2.82416e-05 0.000166352 0.542125 0.00306833 3.80778e-05 0.00622033 0.00181777 0.0102543 1.39969e-08 0.0913757 0.0407621 1.99647e-07 0.0443437 0.000398538 
0.00103529 0.0380581 0.0021203 0.198516 0.032969 0.0269939 0.00227521 0.0801247 0.000591173 0.0637662 5.37813e-05 0.0201042 0.262267 0.0149234 0.000242368 0.00161508 0.00807258 0.0664089 8.66292e-07 0.125105 0.0111369 4.34918e-06 0.0410447 0.00257192 
0.000491476 0.0729153 0.000550545 0.0745952 0.0200788 0.013969 0.000381433 0.0577394 5.15802e-06 0.0419209 1.25055e-05 1.93121e-06 0.321075 0.307694 0.000335385 0.000600737 1.11637e-05 0.00429694 0.000212744 0.0176915 0.0160603 2.14616e-07 0.0491578 0.00020264 
0.0180371 0.0652585 0.00165053 0.00130431 0.00551546 0.250093 5.84251e-05 0.0953557 2.47327e-05 0.0013848 4.96716e-06 0.000232924 0.280319 0.000844155 0.000739364 0.0537384 0.0189349 0.00242607 2.76411e-06 0.0472417 0.00829129 1.05004e-05 0.0429659 0.105566 
0.000264681 0.0165863 0.0035124 0.0490086 0.0243019 0.0117251 0.0013105 0.011374 0.000380875 0.24663 0.00234331 0.00105374 0.475723 0.0960542 0.000114502 0.00259134 0.00275505 0.0144081 3.79755e-07 0.0184882 0.00916261 2.415e-07 0.0114942 0.000716369 
0.000978955 0.104416 0.0297868 0.0374549 0.0359383 0.00170135 0.000237052 0.0178081 5.36333e-06 0.00273935 1.12735e-05 6.59982e-05 0.620147 0.00750928 4.26444e-06 0.0516874 0.000655236 0.00358399 8.15007e-07 0.0467002 0.00994658 6.38007e-06 0.0282621 0.000353362 
5.03801e-05 0.00893085 0.000623594 0.00863836 0.184832 0.00173375 1.61162e-05 0.0323036 1.25601e-08 0.00267994 2.26046e-08 3.25878e-11 0.637815 0.00280317 2.18619e-05 0.00111585 0.00664301 0.00105119 1.54197e-08 0.0780384 0.0043586 9.39886e-07 0.0267579 0.00158561 
5.03801e-05 0.00893085 0.000623594 0.00863836 0.184832 0.00173375 1.61162e-05 0.0323036 1.25601e-08 0.00267994 2.26046e-08 3.25878e-11 0.637815 0.00280317 2.18619e-05 0.00111585 0.00664301 0.00105119 1.54197e-08 0.0780384 0.0043586 9.39886e-07 0.0267579 0.00158561 
3.77144e-11 0.00542134 5.08945e-11 0.00995103 0.00714184 0.00282017 2.24699e-05 0.209137 6.94944e-11 5.94941e-07 2.61943e-11 3.61313e-08 0.499609 0.00136607 0.000242854 4.26286e-08 1.64662e-11 6.83945e-07 1.64522e-10 0.214618 2.18809e-11 1.22276e-10 0.0496677 4.33718e-07 
2.04635e-05 0.162551 0.00958615 0.00764733 0.184254 0.0119584 1.31269e-06 0.000712858 0.0136193 0.00217162 3.92156e-05 0.0594254 0.227208 0.0702086 2.1475e-06 0.00819417 0.000115508 0.00433676 4.38939e-10 0.0546754 0.0109792 3.26226e-10 0.131568 0.0407256 
0.000249269 0.0937476 0.000227846 0.00783386 0.158436 0.00515268 0.194605 0.000106968 0.000450534 0.0529434 0.00271606 2.16721e-06 0.214627 0.0199611 3.24839e-05 3.20144e-06 1.75618e-07 4.61393e-07 5.27479e-07 0.0180069 0.000395536 2.32649e-07 0.164998 0.0655021 
0.000640636 0.00449184 0.070785 6.06041e-12 0.0624119 0.0275037 0.116133 0.00160074 0.000151436 0.000316493 0.000125899 0.000154269 0.457286 2.83169e-07 5.88693e-05 6.04703e-07 6.27405e-05 0.00366562 6.3418e-11 0.225025 0.000538818 5.31915e-06 0.0285526 0.000488963 
0.144621 0.036569 0.140916 0.000511521 0.0994422 0.0531078 3.3109e-05 9.90726e-05 0.0198347 2.38835e-05 4.61849e-06 1.16242e-05 0.252296 0.00669217 0.00290077 1.35669e-06 2.51524e-05 0.225948 9.55395e-08 0.00082725 0.0134207 3.14555e-05 0.00236046 0.000322001 
9.50128e-06 0.0416059 7.03722e-05 0.182473 0.138898 0.00022411 0.000962119 0.0589406 0.00108025 0.000104876 2.51237e-05 0.00875659 0.251469 0.00196924 7.76587e-06 0.0701157 4.85375e-05 0.00406064 6.35963e-09 0.212079 0.00202286 4.72658e-09 0.0246535 0.000422997 
0.000254221 0.00421514 5.9223e-08 0.0556941 0.00504928 0.00749601 0.000319331 0.182132 0.000151612 0.0209119 7.68582e-05 7.40658e-05 0.458826 4.68565e-06 6.62088e-12 6.67445e-05 0.000642044 0.184641 9.67571e-12 0.063743 0.000593892 5.45846e-09 0.015108 1.98499e-08 
0.000726037 0.0346207 8.98284e-05 0.0362267 0.043958 0.0586095 0.00153149 0.039737 8.29004e-07 0.172366 1.42946e-05 1.0847e-05 0.323392 0.00042071 3.52415e-05 0.00114618 7.66832e-05 0.183386 8.80006e-07 0.0342873 0.000460225 9.74292e-07 0.0578663 0.0110361 
0.00679364 0.0634691 0.0191291 0.0878896 0.104554 0.0472818 0.00401239 0.185007 0.000362742 0.00221999 0.0210621 0.0252218 0.195092 0.00401348 0.00254179 0.0267678 0.0271215 0.0165483 7.58851e-05 0.11327 0.00892254 1.11467e-06 0.0296235 0.00901825 
0.00106386 0.0097214 0.00526385 0.0333788 0.0850087 0.0175371 0.00082421 0.0469772 0.000704291 0.000990454 3.74144e-06 9.7935e-05 0.475247 0.0030318 6.8327e-05 0.0160239 0.000856245 0.00383907 1.78656e-08 0.265681 0.0182152 1.84759e-07 0.0151902 0.000275195 
0.00199086 0.0232058 0.0037062 0.0517999 0.0243673 0.0406603 0.0379938 0.0132797 0.0102942 2.4627e-05 0.0153843 0.0013534 0.605447 0.00241961 0.000390149 0.00400148 0.0147094 0.0399936 1.04375e-08 0.0806328 0.006606 6.34303e-06 0.00997716 0.0117559 
3.97282e-10 2.58193e-07 2.93113e-06 6.87234e-07 1.68616e-10 1.09052e-06 0.00157652 0.000741457 7.32052e-10 0.000134405 0.00344032 7.26118e-10 0.960649 8.86074e-07 5.61407e-08 7.58326e-08 4.65784e-07 0.000177248 1.73307e-09 8.75396e-11 1.76077e-06 5.28293e-08 0.00326793 0.030005 
1.48387e-06 3.32985e-05 0.00405668 0.0149079 0.0481434 2.09124e-07 8.56058e-05 0.00316356 2.64354e-05 3.46885e-08 1.69484e-09 2.61391e-09 0.661627 7.18941e-11 4.89985e-06 0.000143474 0.000392757 3.12337e-05 3.63905e-12 0.233694 3.66577e-07 1.68544e-09 0.0336876 2.64896e-08 
0.00973012 0.114182 0.00158005 0.077606 0.021519 0.0452479 0.00736618 0.0138723 0.00105669 0.0169947 4.27054e-05 5.83134e-05 0.249743 0.0174031 1.55675e-05 0.0366957 0.0162886 0.0611829 9.30594e-07 0.0361253 0.00102169 0.00339849 0.122285 0.146583 
3.07297e-08 0.096112 0.00235095 0.00449458 0.00980344 7.21544e-05 2.30338e-06 0.0624947 1.74139e-06 0.000724017 3.60025e-07 5.6165e-08 0.800933 0.000678129 6.94918e-07 0.000451302 1.77276e-05 0.000376456 1.14148e-06 0.0114743 0.00801202 4.27201e-07 0.00198606 1.2664e-05 
0.000650435 0.0777599 0.0127581 0.0329144 0.00723395 0.0023303 0.00019873 0.0364177 9.75103e-05 0.0260347 7.42687e-07 3.09549e-06 0.493649 0.0156274 0.0042624 2.46044e-05 0.00090655 0.0276654 0.0761529 0.0291533 0.0181791 7.4909e-08 0.137875 0.000105173 
0.00686854 0.0109701 0.0021081 0.105372 0.0343283 0.0367351 0.000144033 0.137031 0.00018629 0.0133786 0.000718075 0.00685182 0.256197 0.00926501 0.00132756 0.00379146 0.0078611 0.0311337 0.000299744 0.248497 0.0100256 1.10921e-06 0.0754261 0.00148429 
0.00141677 0.074339 0.00666847 0.0312629 0.0302477 0.0216216 0.0400947 0.00746719 0.015826 0.000471044 4.77955e-05 4.74494e-06 0.55711 0.00021336 0.000630216 0.00250716 0.00369907 0.00524075 0.000692267 0.151434 0.00533039 3.68103e-06 0.0300499 0.0136221 
0.000427617 0.00299513 0.0817821 3.49673e-11 0.0643832 0.0258443 0.143039 0.00106754 0.000101211 0.000211227 8.40686e-05 0.000103044 0.435368 2.48457e-07 3.96116e-05 9.70227e-07 5.0721e-05 0.00244454 3.65909e-10 0.20974 0.000651136 3.61022e-06 0.0313359 0.00032632 
3.97282e-10 2.58193e-07 2.93113e-06 6.87234e-07 1.68616e-10 1.09052e-06 0.00157652 0.000741457 7.32052e-10 0.000134405 0.00344032 7.26118e-10 0.960649 8.86074e-07 5.61407e-08 7.58326e-08 4.65784e-07 0.000177248 1.73307e-09 8.75396e-11 1.76077e-06 5.28293e-08 0.00326793 0.030005 
0.00406042 0.198398 0.000606608 0.0505998 0.00733185 0.00390636 0.00461346 0.0580877 0.0189143 0.047955 0.00253516 0.00295621 0.332504 0.000309018 0.0004134 0.00515768 0.00294739 0.167647 9.55263e-08 0.00993197 0.00640164 7.4814e-07 0.0235045 0.0512178 
2.79634e-11 0.0023705 8.42177e-05 0.186668 0.0188979 0.000967793 5.0544e-11 0.00841477 4.62997e-07 0.0186528 1.94218e-11 2.31957e-08 0.569123 3.55911e-07 2.74525e-07 0.0105134 1.22089e-11 5.80117e-07 7.44962e-07 0.115245 0.00136943 1.22274e-07 0.0674415 0.000248037 
0.00643354 0.0191862 0.00458861 0.00715507 0.0333574 0.0627574 0.000460917 6.98723e-08 6.98237e-08 0.0422033 0.000510074 0.00101951 0.342694 0.0180957 0.00247044 0.0267778 0.23932 0.0142529 6.97362e-08 0.0711238 0.0560827 6.97752e-08 0.0493937 0.00211669 
0.00510375 0.107962 0.00511782 0.104252 0.084965 0.0299286 0.00411945 0.0727133 0.000732544 0.0248083 0.00340633 0.00107633 0.152463 0.00991062 0.0011128 0.0189623 0.00880907 0.115912 1.2241e-05 0.141259 0.0128982 3.21782e-05 0.0882582 0.00618415 
4.80581e-07 0.00665173 0.111133 0.00907369 0.00673959 0.0489741 0.0122989 0.0215767 7.58884e-05 0.00315812 0.000113554 7.92933e-08 0.395733 1.71561e-06 1.96317e-06 2.5527e-11 0.000103992 0.0342269 8.60029e-11 0.263372 0.00227108 4.11067e-05 0.0796377 0.00481448 
0.000258192 0.0834356 0.00159074 0.00461553 0.229529 0.0305532 3.13694e-06 0.00286811 0.00102635 0.00152773 9.94355e-09 4.77388e-05 0.32456 0.00807255 0.00103614 0.000622446 0.0014113 0.000278713 3.59224e-08 0.263209 0.0242813 2.66981e-08 0.0201039 0.000969079 
0.000113736 0.00231377 0.000147118 0.0114461 0.0414486 0.000292193 0.000222706 0.000476943 2.17674e-07 0.00327807 1.38843e-07 3.58698e-06 0.590537 0.000418529 2.79273e-06 0.000506966 0.00554521 0.281189 1.7516e-09 0.0595534 3.71427e-05 1.70931e-06 0.00243676 2.86561e-05 
0.000151387 0.205057 0.00219425 0.158646 0.134945 0.000630809 2.42487e-05 0.00247978 9.40903e-05 0.00491017 0.00517871 0.000244584 0.451725 0.00179713 0.000365576 0.00382363 3.32039e-06 0.000106769 5.99501e-09 0.0132573 0.00739219 8.25452e-07 0.00694237 2.98449e-05 
2.101e-11 0.0027802 0.00719712 0.0151221 0.00536578 0.0116276 0.00144595 0.00694878 3.01932e-08 1.93981e-06 3.37542e-05 3.84003e-11 0.453272 2.7973e-06 1.96025e-08 2.72039e-11 0.000173279 0.0570444 9.16527e-11 0.331251 0.000533361 1.23089e-05 0.102288 0.00489936 
0.000249269 0.0937476 0.000227846 0.00783386 0.158436 0.00515268 0.194605 0.000106968 0.000450534 0.0529434 0.00271606 2.16721e-06 0.214627 0.0199611 3.24839e-05 3.20144e-06 1.75618e-07 4.61393e-07 5.27479e-07 0.0180069 0.000395536 2.32649e-07 0.164998 0.0655021 
0.000393556 0.0311213 0.0148326 3.03197e-05 1.71317e-05 0.00586203 2.14497e-06 0.00175677 0.000591316 1.84217e-06 5.71373e-06 3.58315e-05 0.584099 0.0979036 1.06726e-08 0.0222769 6.45979e-07 0.000358524 1.55969e-08 0.172147 0.00142655 2.58455e-07 0.0581181 0.00901875 
0.00257535 0.208715 0.0031248 0.0190439 0.118167 0.0167276 0.000538312 0.0998596 0.0491309 0.00436969 0.000376187 0.00485274 0.259168 0.000543326 0.000919671 0.013352 0.000105162 0.00761179 1.96083e-09 0.080266 0.0215448 1.16458e-05 0.0566071 0.0323897 
0.00875382 0.0270699 0.00183737 0.0248701 0.225525 0.0266185 0.00217803 0.0748361 0.00405538 0.00176284 0.00421929 0.000629842 0.263307 0.0277173 0.000236979 0.0102139 0.0168196 0.0113243 1.92997e-07 0.208767 0.0162459 3.39104e-05 0.0299017 0.0130767 
0.00152759 0.00556534 0.00109552 0.125506 0.0286085 0.0310843 0.00298636 0.166293 2.25904e-05 0.0149627 5.50008e-05 0.0126266 0.308018 0.00417421 0.000193257 9.02425e-05 0.000851494 0.0978459 1.63075e-10 0.117724 0.00323206 1.38359e-05 0.07419 0.00333265 
0.00206123 0.0454467 0.0082104 0.155742 0.0740728 0.0395834 0.0013014 0.108921 8.32961e-05 0.0120348 0.000102222 0.00823852 0.218921 0.00145372 2.43807e-06 0.00396741 0.00186677 0.0783891 3.91784e-09 0.201593 0.0116811 8.34398e-07 0.0227904 0.00353679 
0.000965333 0.148316 3.87885e-05 0.0335079 0.0325176 0.00705696 1.15702e-10 0.0581719 1.17063e-07 0.00239368 4.25642e-08 1.16996e-10 0.448455 2.89886e-07 1.91079e-10 1.18446e-06 2.34649e-08 0.0776237 2.79242e-10 0.147276 2.49894e-07 2.07537e-10 0.043675 3.72685e-07 
0.000146698 0.00871869 0.00171223 0.0061901 0.0288394 0.0189944 9.55395e-05 0.0134729 0.280624 0.0017359 0.0358713 0.0100831 0.325946 0.00628474 0.000109783 0.0741949 0.0171327 0.00272313 1.28361e-07 0.00352217 0.156774 1.0176e-05 0.00678068 3.78405e-05 
0.000239841 0.0022465 0.000125354 0.260598 0.019007 0.00598764 0.000122785 0.0690848 0.000820366 0.0111624 2.47131e-05 0.015299 0.287196 0.00490648 2.48484e-05 0.000306636 0.00718759 0.136235 4.11893e-10 0.138987 0.0016652 3.08772e-06 0.0385712 0.000198832 
0.00193935 0.0304865 0.00496965 0.136129 0.0605165 0.025127 0.000875031 0.0385305 0.000748633 0.0307558 0.00244844 0.00305836 0.334609 0.0895728 0.000590382 0.0108545 0.0133495 0.0304215 0.000114804 0.134832 0.0112872 3.47064e-05 0.0365129 0.00223599 
0.00100688 0.0510459 7.5427e-05 0.0858194 0.0223286 0.0181803 0.00198428 0.0963593 1.9174e-05 0.00510148 5.38354e-08 0.102158 0.500681 0.000298463 2.55331e-08 2.50702e-12 4.76901e-05 0.00327514 3.859e-06 0.0910432 0.0152422 5.41231e-06 0.00532391 7.93866e-09 
4.30425e-07 0.0302125 0.00202726 0.000829416 0.0187726 0.00682301 1.64245e-05 1.48981e-05 0.0033428 7.08157e-06 1.97983e-06 1.64162e-05 0.272241 0.0926688 9.13678e-07 0.0760823 3.34907e-09 0.235602 1.22677e-06 0.0974509 0.0502323 0.000229636 0.0778079 0.0356189 
0.00061557 0.00431549 0.000357219 0.118914 0.0103432 0.00360537 0.000329214 0.0786744 4.27109e-05 0.00517357 9.52055e-06 0.00397707 0.547734 0.136966 4.20485e-05 0.000274538 0.00226892 0.00863259 1.3371e-07 0.0483188 0.00783846 2.59919e-07 0.0212991 0.000267204 
5.03801e-05 0.00893085 0.000623594 0.00863836 0.184832 0.00173375 1.61162e-05 0.0323036 1.25601e-08 0.00267994 2.26046e-08 3.25878e-11 0.637815 0.00280317 2.18619e-05 0.00111585 0.00664301 0.00105119 1.54197e-08 0.0780384 0.0043586 9.39886e-07 0.0267579 0.00158561 
0.000919106 0.00853095 0.000617418 7.24653e-08 0.026079 0.0338453 0.00800566 0.00524519 0.000500284 0.00536252 2.70922e-05 8.26716e-07 0.788713 1.1066e-07 1.91686e-06 5.363e-08 2.11695e-06 0.0573643 3.33951e-09 0.0209287 0.00755922 0.000274981 0.021766 0.0142559 
0.042846 0.0065279 9.15438e-05 0.00111971 0.00522602 0.0870231 0.000753399 0.006399 2.46173e-05 0.0541354 5.60497e-06 5.65535e-05 0.411869 1.18107e-07 2.58606e-07 8.04301e-05 0.184938 0.00310251 3.77926e-07 0.0773461 0.0812277 2.8088e-07 0.0360045 0.00122203 
0.000273584 0.0653524 0.014211 0.153372 0.0219339 0.0482903 6.67409e-05 0.0936696 0.000738255 0.0235178 0.00229935 0.00066054 0.1558 0.018365 0.000217908 0.09168 0.0116127 0.0690363 4.21958e-05 0.139754 0.0163229 2.73226e-06 0.0643914 0.00838967 
0.00370209 0.0494855 0.00250367 0.139656 0.14703 0.0218914 0.00230046 0.0402115 0.0028757 0.0626296 0.00451446 0.00710149 0.204138 0.036814 0.001192 0.0352149 0.0116433 0.0896093 1.07691e-05 0.0944274 0.0128125 1.98548e-05 0.0283295 0.00188697 
0.00328555 0.0114747 0.00843477 0.0666021 0.0267622 0.142965 0.000108502 0.0612527 4.08732e-05 0.0022914 0.00653316 0.000152179 0.209631 0.0069154 0.000376214 0.0016791 0.000580971 0.179391 7.24339e-06 0.0856667 0.0343514 1.20888e-06 0.146523 0.00497402 
0.00605129 0.113968 0.000321708 0.0146556 0.00745682 0.0345719 2.33787e-05 0.00161861 0.00111158 0.00569444 0.0260717 0.00148596 0.579522 0.0246475 0.000215637 0.0495481 0.017234 0.00274211 3.65723e-07 0.0479732 0.00783292 4.95048e-05 0.0492449 0.00795852 
0.00442997 0.0699512 0.00502282 0.0620456 0.0391009 0.0617418 0.00151606 0.113722 3.96218e-06 0.149901 1.25621e-06 0.000406352 0.159591 0.0467973 0.000409342 0.0224557 0.00823306 0.11205 5.71041e-06 0.0111545 0.0280955 2.39313e-08 0.101957 0.00140792 
0.00190469 0.0536952 0.00127788 0.0403664 0.0721109 0.0294799 0.000228926 0.0155736 0.00150323 0.0337624 0.00244578 0.00026606 0.559675 0.00267994 0.000689561 0.00425597 0.0206035 0.0172468 1.23347e-07 0.107654 0.0182301 2.05123e-06 0.0119753 0.00437271 
0.0466824 0.0125068 0.000222726 0.16723 0.0160128 0.0522821 0.00149235 0.104591 0.000416796 0.0831712 0.000212673 0.000411558 0.322863 0.0327899 5.6167e-08 0.00131518 0.0240331 0.0391106 4.30955e-06 0.0482516 0.00554722 1.37749e-07 0.0402306 0.000621898 
0.000102093 0.020194 0.00328764 0.0173093 0.0246641 0.00286674 0.00185696 0.0193391 9.62188e-11 0.00133088 2.41878e-06 6.8213e-05 0.812927 0.000302655 2.70013e-05 0.0236594 2.27984e-11 1.95778e-08 2.2779e-10 0.056449 0.00308413 1.69297e-10 0.0125286 5.03438e-07 
0.00391293 0.0421398 0.00725723 0.104905 0.152535 0.0162173 0.00109164 0.028045 0.003918 0.0717343 0.00100276 0.00340138 0.263451 0.00345923 0.000350413 0.00388167 0.0152233 0.0523147 1.47044e-07 0.118276 0.029014 3.06041e-05 0.0708306 0.0070063 
0.000309497 0.19479 0.00506883 0.0812888 0.06323 0.0111195 4.20504e-05 0.00357861 0.0041991 0.000234338 9.47357e-06 0.00487329 0.312505 0.121937 0.0617665 0.0406128 0.000105534 0.00084621 1.17332e-06 0.042561 0.0039322 2.85422e-07 0.0433839 0.00360512 
0.000938592 0.00671072 0.00137973 0.0519062 0.0551938 0.0165822 0.0312807 0.172099 0.00401466 0.0206666 0.000626577 0.000707637 0.255589 0.0211526 2.13044e-05 5.92199e-05 0.00110676 0.220624 2.01412e-11 0.0831809 0.00569235 3.05854e-06 0.0411661 0.00929878 
0.000590984 0.0403887 0.0126081 0.059734 0.0504042 0.0412905 6.06501e-05 0.014503 6.80649e-05 0.000607922 5.20527e-06 2.61118e-06 0.350054 0.000793736 1.58545e-06 0.00916038 0.000988394 0.0035643 1.88714e-08 0.326495 0.00763652 6.46125e-07 0.0808432 0.000198854 
0.00943408 0.0542684 0.00606691 0.115736 0.132164 0.0561974 0.001162 0.0549459 0.000542152 0.0110697 0.00950329 0.0029682 0.20511 0.0295052 0.000149315 0.0193379 0.00382369 0.0661001 0.000193358 0.103724 0.0597768 0.000271449 0.049357 0.00859316 
0.00849188 0.0344753 0.00378765 0.0487007 0.0749144 0.0397683 0.00292471 0.0648527 0.000694516 0.0176742 0.00013117 0.000684524 0.416673 0.0047307 0.000404197 0.0166192 0.0181515 0.0706655 0.000440557 0.0918725 0.00824725 9.82324e-06 0.0707056 0.00438008 
0.0546695 0.0135358 0.013578 0.0409394 0.157725 0.0288803 0.000925871 0.0833229 0.001526 0.00621465 0.0012984 0.000223965 0.24033 0.00101274 0.00925944 0.00244714 0.0316031 0.0954295 9.96531e-08 0.105316 0.0341677 1.03585e-05 0.0731875 0.00439686 
0.000730306 0.0519108 0.000503935 0.0636616 0.0502927 0.00986521 0.00349641 0.0261916 9.6837e-06 0.00261489 0.00205145 0.000338141 0.602745 0.0246396 0.00236427 0.000178581 0.009475 0.00675181 2.29314e-08 0.0296577 0.00275904 1.36358e-08 0.107331 0.00243108 
4.82851e-06 0.0275307 0.00183888 0.000166215 0.0115731 0.0024581 0.00289928 0.00441205 0.0107822 1.71246e-05 3.36957e-06 0.000157311 0.601061 9.44311e-10 2.77021e-08 3.36556e-07 0.000301979 0.00186865 5.24214e-10 0.255504 6.97185e-11 1.89512e-08 0.0642504 0.0151706 
7.42139e-07 0.0476936 0.013877 0.0390238 0.00603507 4.40772e-06 1.46934e-09 0.00850852 0.00268579 3.37504e-07 0.00314352 0.0116145 0.329921 1.51707e-06 2.42658e-09 0.00581376 1.96632e-06 0.306037 3.54619e-09 0.101224 0.00114381 8.58704e-07 0.0725952 0.0506744 
