0.0017952 0.0142904 0.0103763 0.0652619 0.00739269 0.153171 1.84313e-05 0.126278 8.87133e-05 0.000554639 1.35334e-05 0.000171119 0.000800327 0.519565 8.35928e-05 0.0268237 0.0125265 0.00780863 3.88363e-05 0.0239926 0.0094356 1.43025e-09 0.00959996 0.0099138 
0.00147419 0.0643542 0.00102796 0.0457123 0.0363206 0.0128687 0.0799607 0.0837329 0.00129666 0.0618037 0.119071 0.0122159 0.050296 0.229019 0.00237891 0.00164165 0.00116634 0.0122133 1.22227e-05 0.132942 0.015886 2.87624e-05 0.0297158 0.00486098 
0.000578719 0.00249931 0.0153207 0.0173762 0.00206302 0.0519048 0.00439975 0.02166 0.00027263 0.000829921 4.33638e-06 0.00471919 0.0142725 0.571126 5.01522e-05 0.00132884 0.000644615 2.40053e-06 1.79614e-09 0.0123109 0.00202235 9.56033e-06 0.275681 0.000922922 
6.28561e-06 3.27966e-06 8.48226e-06 0.0117941 2.66777e-06 1.75861e-06 1.13613e-05 0.0140642 1.15822e-05 0.00548678 4.36563e-06 1.14883e-05 2.57035e-06 0.952883 1.87628e-05 8.13864e-06 2.74432e-06 0.0112409 2.74199e-05 1.38501e-06 0.00437974 2.03789e-05 2.53928e-06 5.79677e-06 
0.00871429 0.113652 1.07149e-05 0.029541 0.00265203 0.0268168 0.000116542 0.000924575 0.000401456 0.112002 1.11467e-05 8.13994e-06 0.137499 0.480587 7.91804e-07 0.0269245 0.000243717 0.00449737 4.88327e-08 0.00306269 0.00905732 1.68253e-05 0.041678 0.00158206 
0.00570308 0.0107921 3.68354e-05 0.0289202 0.00454416 0.00875147 1.0551e-05 0.00506968 7.41363e-06 0.000299584 1.81761e-06 5.93949e-05 0.0127157 0.840508 2.52521e-05 0.000100167 0.000131046 0.000434285 6.79456e-07 0.0102938 0.0712094 3.6372e-06 0.000326536 5.50002e-05 
4.06837e-06 0.000343243 0.000587945 0.00013929 1.72672e-06 9.22996e-05 7.35359e-06 1.78457e-06 7.37733e-05 0.000165834 2.82566e-06 0.000517881 0.000157398 0.995641 1.21443e-05 0.000199773 1.77626e-06 2.42441e-06 8.23554e-05 0.000259173 2.36036e-06 1.31903e-05 0.000976042 0.000713996 
5.1405e-06 0.162082 4.71123e-05 0.00704381 0.0370005 3.20988e-05 0.000155089 0.0014584 7.06487e-05 0.00329552 0.0073961 3.69669e-07 0.00937325 0.758616 2.05533e-05 0.00963558 7.20276e-06 5.6896e-05 3.33031e-07 0.00169467 0.000151075 1.39275e-10 0.00179126 6.6269e-05 
0.00135839 0.000809187 0.000904407 0.00266434 0.0243868 0.00831666 7.76225e-07 0.000373144 0.0238517 0.000330159 3.49711e-06 0.00626886 0.00740013 0.73105 2.28331e-05 0.00488659 0.000594964 0.00890712 1.87338e-06 0.0448304 0.000822446 2.60305e-06 0.00428756 0.127926 
0.00490602 0.000774997 0.00225756 0.0521693 0.0220684 0.209604 0.000127809 0.0624242 4.10062e-05 0.0303891 6.91643e-05 0.00013282 0.0383519 0.314862 0.00821468 4.74911e-06 2.19756e-05 0.10575 5.22585e-09 0.00877953 0.0953466 1.45959e-05 0.000602642 0.0430866 
0.000208066 0.133144 0.00097269 0.0188749 0.0240694 0.00307406 0.00165368 0.00833745 0.00015642 0.00342771 0.00896615 8.00309e-05 0.0170083 0.619799 4.17479e-05 0.0721212 8.65907e-06 0.0081756 1.05511e-07 0.0286506 0.000884152 0.00284142 0.0413854 0.00611951 
0.000531327 0.0265265 0.151839 0.0207673 0.0334039 0.124427 0.000920341 0.0529779 0.109327 0.0106903 0.000117891 0.000311622 0.0503112 0.22791 1.40011e-05 0.0088156 0.00116696 0.00500299 0.00461121 0.0976769 0.0448115 1.88853e-06 0.0119501 0.0158867 
0.00510194 0.019064 0.00214724 0.0209501 0.0367439 0.0102225 0.000373887 0.0267202 6.10394e-05 0.00302784 7.63062e-05 3.94354e-08 0.156092 0.449371 0.000149855 0.0313213 0.00247856 0.0216267 5.8665e-08 0.110487 0.033041 8.34032e-06 0.0654166 0.0055181 
0.000303783 0.0530705 0.000407501 0.0048166 0.00192535 0.0338255 0.0305073 0.000540568 0.00203827 0.00686266 1.42126e-06 0.000144698 0.0858053 0.521401 5.57852e-07 0.0387811 6.74529e-07 0.12934 5.97992e-05 0.0154171 0.00401658 6.059e-07 0.0263505 0.0443824 
0.00079409 0.192934 0.0281072 0.0109863 2.54036e-05 0.0827991 9.34663e-09 0.0212892 1.36581e-05 1.48582e-05 2.37251e-07 9.45113e-09 1.11486e-05 0.636177 3.02814e-06 5.8702e-05 1.13003e-06 3.08149e-09 3.08361e-06 8.60473e-07 0.00520187 1.67652e-08 7.09802e-05 0.0215081 
0.0465328 0.212635 0.000310076 0.0296115 0.00625868 0.0472989 0.00345033 0.013469 7.65823e-05 0.0172809 1.80234e-10 4.74292e-10 0.0552219 0.458636 7.74619e-10 0.0217358 0.00144967 0.00259014 1.08836e-05 0.0233077 0.00471832 1.2672e-07 0.0542604 0.00114578 
0.00104079 0.101131 0.00501893 0.0546429 0.0316192 0.0232586 0.000495328 0.0268765 0.000132993 0.00301522 0.00248557 0.00643945 0.0787363 0.564387 0.000274234 0.00653213 0.0164392 0.00627287 0.00100945 0.0413092 0.0125656 6.91238e-08 0.0156396 0.000677961 
0.00594708 0.00791491 0.000428161 0.0523718 0.00894602 0.00519949 0.000144842 0.150268 0.00022633 0.000234094 0.000318131 0.00895745 0.224934 0.344041 0.000149273 0.000107258 1.25819e-05 0.00165723 1.18165e-07 0.149448 0.00135579 4.06978e-08 0.035684 0.00165495 
0.00115343 0.00589866 6.8174e-05 0.00849231 0.00173188 0.0125035 0.0173107 0.0275971 0.000634397 6.5688e-05 0.405984 0.00071874 0.00256624 0.47411 1.21285e-05 0.000183157 0.000197624 0.00176749 3.85306e-08 0.00212698 0.0309446 3.52976e-06 0.00566419 0.000265443 
0.0214028 0.052421 6.57078e-10 0.00719271 0.0194079 0.0415379 6.3912e-05 0.000633124 3.43669e-06 0.0124022 1.78563e-05 0.0269526 0.0731124 0.567699 0.113295 1.45045e-06 0.000553329 0.00295859 2.12408e-09 0.0336168 0.0175456 1.07651e-05 0.00899012 0.000182029 
0.000218304 0.0438859 2.8857e-05 0.016065 0.27947 0.000336783 0.00120155 0.00217903 5.96464e-05 0.00890477 0.029608 1.4681e-08 0.00954247 0.591723 0.000646947 0.00152427 8.25022e-05 0.0023188 3.50402e-08 0.0104279 0.000169207 0.000211485 0.000307295 0.00108807 
0.000784871 0.00958701 0.000305632 0.157391 0.00140776 0.0154559 0.000342049 0.0161006 1.3289e-07 0.00974542 1.23949e-05 1.1013e-06 0.104087 0.407512 2.73938e-10 0.00568546 0.0300207 0.0158798 4.00331e-10 0.15508 0.0115376 1.41874e-08 0.0571864 0.00187721 
0.00115343 0.00589866 6.8174e-05 0.00849231 0.00173188 0.0125035 0.0173107 0.0275971 0.000634397 6.5688e-05 0.405984 0.00071874 0.00256624 0.47411 1.21285e-05 0.000183157 0.000197624 0.00176749 3.85306e-08 0.00212698 0.0309446 3.52976e-06 0.00566419 0.000265443 
0.0103722 0.0326806 0.0130081 0.0263557 0.127762 0.125411 0.00158893 0.00799852 0.00311211 0.0112074 1.6388e-07 0.00430781 0.0955557 0.207011 0.00211182 0.00330956 0.00750684 0.0205354 1.63582e-07 0.148724 0.0357445 1.63673e-07 0.103719 0.0119784 
2.77499e-06 2.47393e-07 8.46346e-08 0.000146255 6.04561e-06 0.0070853 0.00191182 0.0240248 4.71207e-10 0.000129257 6.09983e-08 0.024975 0.000211482 0.907072 2.05782e-07 3.31111e-10 0.00124507 0.0213949 1.11555e-09 5.63475e-11 0.00204825 1.16784e-07 0.00972255 2.40346e-05 
0.00120447 0.000246629 6.9984e-05 0.0184667 0.000702281 0.0472051 1.40626e-07 0.000123154 1.80721e-05 0.000295265 6.82368e-07 6.6625e-05 0.00259406 0.611227 2.32239e-07 0.000718892 0.00627262 0.001103 3.39393e-07 0.00292372 0.0702177 2.52242e-07 0.236543 7.17502e-08 
0.00509203 0.0477442 0.000209692 0.0169914 0.00461076 0.00639322 0.0431436 0.0242261 0.000558352 0.00184235 0.32724 0.000614841 0.0164533 0.471471 3.86983e-06 0.0114416 0.000134137 0.00359109 9.86344e-06 0.00571214 0.0072643 3.14215e-07 0.00179754 0.00345452 
0.00147456 0.00920341 0.0133782 0.0913737 0.0456665 0.0738437 5.60127e-06 0.110727 0.00545262 0.00489422 5.87256e-05 1.16118e-06 0.00683592 0.352859 0.106771 0.001492 0.000231213 0.0212443 4.16188e-09 0.0314157 0.0181868 1.66536e-06 0.0735367 0.0313461 
2.77499e-06 2.47393e-07 8.46346e-08 0.000146255 6.04561e-06 0.0070853 0.00191182 0.0240248 4.71207e-10 0.000129257 6.09983e-08 0.024975 0.000211482 0.907072 2.05782e-07 3.31111e-10 0.00124507 0.0213949 1.11555e-09 5.63475e-11 0.00204825 1.16784e-07 0.00972255 2.40346e-05 
0.000705153 0.0261334 0.00375219 0.0436798 0.0299505 0.03526 0.000215909 0.019315 0.00562248 0.0777376 2.41372e-05 0.000945685 0.144389 0.382704 0.000392038 0.0454823 0.025912 0.0622119 0.00123456 0.0240087 0.0212815 9.25155e-06 0.0378253 0.0112073 
0.000779706 0.00612051 0.00100345 0.00702538 0.000849981 0.0126908 0.000315451 0.00910697 0.000417943 0.00264888 0.000114075 4.97898e-08 0.0398417 0.89423 7.02876e-05 0.00309682 1.3849e-06 0.00174186 7.82707e-08 0.00475273 0.0138753 2.10838e-06 0.000143089 0.00117142 
9.87806e-05 0.0274131 2.3533e-06 0.000996288 0.00445505 0.0125534 3.82916e-08 6.21643e-05 3.90362e-08 2.32339e-05 1.47138e-08 3.87198e-08 9.46107e-06 0.950059 6.32377e-08 6.24832e-06 2.18809e-05 5.57481e-06 4.58357e-06 0.00213892 0.0021368 4.7488e-07 3.33639e-06 9.25935e-06 
0.00115343 0.00589866 6.8174e-05 0.00849231 0.00173188 0.0125035 0.0173107 0.0275971 0.000634397 6.5688e-05 0.405984 0.00071874 0.00256624 0.47411 1.21285e-05 0.000183157 0.000197624 0.00176749 3.85306e-08 0.00212698 0.0309446 3.52976e-06 0.00566419 0.000265443 
0.0045945 0.00111528 0.000131368 0.00491623 0.0267673 0.0164154 1.80976e-05 0.0155176 8.10791e-05 0.00675039 3.00492e-05 0.000657783 0.0389773 0.567652 6.42137e-05 1.37563e-05 1.99075e-05 0.0257673 3.03459e-06 0.0192653 0.000723656 8.98662e-06 0.0842968 0.186212 
0.000491772 0.269944 0.0013916 0.12101 0.0323916 0.00758872 0.00166011 0.0127568 1.45631e-05 0.0231599 0.0214994 0.00216548 0.0905298 0.272184 0.00300663 0.00987281 0.000151919 0.0182472 0.00456687 0.056888 0.0377927 4.93742e-11 0.0125871 9.98812e-05 
0.000368274 0.0257474 0.0197982 0.00188976 0.0107157 0.0799028 0.0969592 0.0262032 0.000633615 0.0630952 9.60054e-05 0.0343785 0.00439798 0.434116 0.000371272 0.000125 0.00223809 0.00194303 1.48642e-08 0.0122975 0.00495262 2.46322e-05 0.16415 0.0155964 
9.5383e-07 0.0706964 0.0429158 0.0354936 9.541e-07 0.0122143 0.00572166 0.0805266 0.0319409 9.53787e-07 0.0567624 0.0153513 9.5411e-07 0.397581 0.00123971 0.0556965 9.54094e-07 0.0177457 0.00999943 0.0458977 0.0305299 9.52767e-07 0.0611593 0.0285215 
0.0172088 0.0171554 0.0570162 0.00231999 0.0296713 0.132542 3.94172e-05 0.00553866 0.0164791 5.58676e-05 0.000680386 0.00315435 0.0229586 0.209577 1.46387e-05 0.00236738 0.0114316 0.0181786 1.67406e-05 0.0714719 0.0793184 2.68209e-06 0.0958342 0.206966 
0.00183079 0.00600732 0.00256591 0.0683052 0.0683903 0.0106278 5.92409e-06 0.125632 8.4528e-06 0.00853764 0.0204046 0.0177053 0.140027 0.343661 0.000551532 0.00349253 0.0204512 0.00319944 1.85198e-06 0.0732563 0.0481941 2.04186e-06 0.0371269 1.42856e-05 
0.000581605 0.0279491 0.00374109 0.00289314 0.00314155 0.0129005 0.00362159 0.0140317 2.93382e-06 0.000843593 1.10583e-06 3.51297e-09 0.0123331 0.529594 5.73742e-09 0.00201979 3.29688e-07 0.314834 5.09592e-07 0.012399 0.00384992 0.000102293 0.0169481 0.0382108 
0.00556171 0.00117541 0.0161374 0.0244356 0.00203868 0.0194877 1.98136e-05 0.0204465 3.41305e-05 0.000384137 9.80896e-06 0.00028113 0.121706 0.581564 3.12839e-05 0.000550931 0.00165846 0.000681905 4.2542e-09 0.042372 0.0247916 3.16178e-09 0.136164 0.000468514 
0.000495854 0.000761403 0.000226049 0.130041 0.0927779 0.0425555 0.000214649 0.0107533 6.07603e-07 0.00149241 9.92979e-07 1.01075e-07 0.0516841 0.332408 1.6295e-05 0.000358092 0.00109811 0.180043 2.15602e-08 0.144957 0.00729548 2.6925e-07 0.00243331 0.000387036 
0.00200586 0.0528732 0.0130696 0.00735002 0.0298391 0.0212908 0.000183981 0.00249471 3.7379e-05 0.00276258 2.1057e-05 0.000924216 0.182882 0.539088 0.000172895 0.0142249 0.000980463 0.00182585 0.0442763 0.0375825 0.0206036 4.9354e-05 0.0243767 0.00108495 
0.000139513 0.0152064 0.0193042 0.00722807 0.0209639 0.0596093 0.00344014 0.134453 0.0203471 0.00720874 0.000136728 0.000634044 0.0272829 0.27905 5.55284e-09 0.00709223 0.0254362 0.0846879 2.0954e-06 0.0764991 0.0574727 7.85411e-07 0.0189522 0.134853 
8.63279e-06 0.0012018 0.00283657 0.00228415 1.62195e-09 2.28726e-05 6.90742e-09 3.40573e-06 7.04173e-09 3.67079e-05 2.65422e-09 6.98465e-09 0.000432232 0.985401 5.62203e-06 4.94813e-09 1.17666e-06 2.27731e-09 0.00072926 2.73209e-06 2.31832e-05 1.239e-08 0.00700521 5.12378e-06 
0.000120638 0.127115 0.000424811 0.121556 0.0412065 0.0248392 0.00015715 0.00637318 0.00202407 8.95986e-05 8.76055e-05 4.21775e-06 0.0696795 0.360526 1.09281e-07 0.0306941 0.00739938 9.57328e-05 0.00636394 0.0509482 0.0715638 2.33192e-06 0.0414541 0.0372743 
0.000273106 0.000423368 0.00816411 0.000126516 0.000598261 0.00847944 3.78069e-05 6.35772e-07 2.67073e-06 0.0143192 3.87039e-05 8.13572e-05 0.106387 0.808386 0.000316012 0.00832078 0.0127517 0.000410233 6.32276e-06 0.0141804 0.00137447 4.69917e-06 0.0152335 8.37582e-05 
9.14823e-06 0.0998649 0.00112532 0.0312498 0.0227024 0.100241 1.11716e-05 1.34377e-06 0.0877089 0.0754021 2.92557e-05 9.23681e-07 0.100668 0.325186 0.000722388 0.00457296 3.87188e-05 0.0101014 0.000187656 0.0403389 0.00266728 1.11777e-08 0.0429351 0.0542346 
0.000563927 0.0364742 0.016404 0.0516785 0.0457182 0.00748345 6.54969e-05 9.10967e-05 0.000147718 0.162351 9.10095e-05 1.56457e-06 0.109728 0.414073 7.53659e-10 0.00692416 0.00410463 0.00162905 1.10139e-09 0.095572 0.000787758 4.40396e-08 0.0131445 0.032967 
0.0015423 0.00837503 0.00159717 0.00844755 0.00450526 0.0315681 0.0149354 0.0893675 0.000394868 0.000126624 0.282814 0.000807808 0.0111577 0.471379 0.000758698 0.00144122 0.000515361 0.00539477 5.66144e-08 0.00492199 0.0360969 2.22297e-06 0.0222547 0.00159548 
0.000936756 0.115696 0.000500245 0.120843 0.0626032 0.0201494 3.94116e-05 0.0360753 3.4212e-05 0.00512189 1.25214e-05 4.01713e-10 0.0489859 0.524495 0.00187078 0.000617221 9.07909e-05 0.0208927 5.09404e-08 0.0236984 0.016613 7.12592e-10 0.000661585 6.20272e-05 
0.00200361 0.0279326 0.00369163 0.032414 0.0293726 0.0233456 0.000379087 0.0096768 0.000141468 0.0178559 7.48517e-05 0.00193145 0.218561 0.549126 0.000148036 0.0129538 0.0112688 0.00709124 6.02329e-05 0.0221932 0.00808447 1.26067e-06 0.0204102 0.00128141 
0.000891035 0.146506 0.00732117 0.04479 0.0332731 0.00179868 0.00022518 0.00668655 0.000132312 0.00348035 0.00724514 0.000726537 0.0908447 0.546888 0.0531326 0.00408819 0.000869712 0.0010797 2.36997e-05 0.0299622 0.00772755 6.25828e-06 0.00900386 0.00329764 
0.00117058 0.00049145 0.000467479 0.0559678 0.0254717 0.00338625 9.5087e-07 0.0584491 2.66416e-06 0.0260231 0.0216543 0.0258763 0.0218907 0.706083 0.00019158 5.35884e-05 0.0301307 0.000853235 4.74631e-07 0.00527019 0.0146149 7.09237e-07 0.00194862 5.6577e-08 
0.0329003 0.0595689 0.00326214 0.134966 0.00519529 0.0361462 3.16645e-05 0.0988761 0.00399375 0.00650127 6.29793e-05 0.000836243 0.0291592 0.303794 6.70204e-05 0.0229141 0.00712787 0.0204394 7.73904e-08 0.101465 0.0337459 3.96227e-05 0.0540306 0.0448764 
0.000153565 5.92869e-12 0.000211553 0.159971 0.00169914 0.139464 2.05379e-11 0.0496553 1.52518e-09 4.85098e-05 7.89181e-12 2.07676e-11 0.00105423 0.489901 9.45693e-08 1.7628e-07 0.0036175 0.0337591 4.95674e-11 0.0996591 0.0205165 3.68392e-11 0.000288312 3.01802e-08 
6.0486e-05 0.114059 0.123293 0.13119 0.000468148 0.106151 3.79754e-06 0.0760174 1.0835e-05 0.0150649 0.0034845 1.28377e-07 0.00263305 0.247182 0.000952165 0.000466683 0.0034692 0.00444781 4.39203e-06 0.0296909 0.0301432 1.50583e-06 0.110845 0.000361873 
0.000581605 0.0279491 0.00374109 0.00289314 0.00314155 0.0129005 0.00362159 0.0140317 2.93382e-06 0.000843593 1.10583e-06 3.51297e-09 0.0123331 0.529594 5.73742e-09 0.00201979 3.29688e-07 0.314834 5.09592e-07 0.012399 0.00384992 0.000102293 0.0169481 0.0382108 
0.000737671 0.00430786 1.92033e-05 0.0548338 0.0863426 0.000122327 1.76625e-05 0.0533266 5.50561e-05 0.0297011 4.71892e-05 0.0145547 0.0562776 0.65743 0.000883924 0.000194852 0.0200014 0.000244762 3.05054e-07 0.0192587 0.00046348 1.64282e-06 0.00117533 2.68087e-06 
0.00510194 0.019064 0.00214724 0.0209501 0.0367439 0.0102225 0.000373887 0.0267202 6.10394e-05 0.00302784 7.63062e-05 3.94354e-08 0.156092 0.449371 0.000149855 0.0313213 0.00247856 0.0216267 5.8665e-08 0.110487 0.033041 8.34032e-06 0.0654166 0.0055181 
0.00925661 0.0792538 0.00881152 0.0579807 0.0109715 0.156824 0.000503885 0.0425027 0.0190923 0.0135197 0.00053886 0.00695756 0.0523983 0.272058 0.00554428 0.00636174 0.00149651 0.00690178 3.42607e-06 0.0496779 0.149787 0.000163694 0.0432467 0.00614836 
1.88666e-06 0.177956 1.88633e-06 1.88721e-06 1.8872e-06 1.88733e-06 0.0990122 0.000190606 1.88587e-06 0.00981208 1.88695e-06 0.0367768 0.199292 0.31898 1.8848e-06 1.88638e-06 0.00283267 1.88704e-06 1.88351e-06 0.0562462 1.88705e-06 1.88456e-06 0.0349154 0.0639621 
5.26989e-05 0.248706 0.00220244 0.025708 0.0171785 0.0144528 0.0012475 0.000347281 0.00313047 0.027954 0.0234187 0.000409566 0.155533 0.39462 8.25341e-05 0.0125868 0.016006 0.00459935 0.00100614 0.00544953 0.00551476 0.00425361 0.0102566 0.0252838 
0.000249939 7.23811e-06 0.00067121 0.133384 0.0916371 0.00239355 1.3898e-06 0.0901491 4.35541e-07 0.000304353 4.5385e-07 1.09273e-09 0.00469645 0.63867 9.47985e-07 7.74121e-10 2.01895e-07 0.0128657 2.60809e-09 0.0221831 0.00199285 8.93516e-07 9.01653e-06 0.000781395 
0.00115343 0.00589866 6.8174e-05 0.00849231 0.00173188 0.0125035 0.0173107 0.0275971 0.000634397 6.5688e-05 0.405984 0.00071874 0.00256624 0.47411 1.21285e-05 0.000183157 0.000197624 0.00176749 3.85306e-08 0.00212698 0.0309446 3.52976e-06 0.00566419 0.000265443 
8.41272e-05 0.00465251 4.2795e-05 0.0113196 0.00282471 0.00893265 1.64807e-06 0.000702554 0.000935717 0.0254852 9.38739e-09 3.29684e-05 0.00953008 0.76114 6.62575e-10 0.000366164 2.11824e-07 1.32272e-10 9.68284e-10 0.000843168 0.00158214 2.35904e-07 0.171228 0.000294899 
0.0108515 0.0281251 0.000848004 0.0903036 0.0180617 0.0315558 0.00413974 0.0228663 1.66934e-06 0.0668826 7.69333e-05 0.00135888 0.0485661 0.436377 5.33543e-05 1.25137e-05 0.00325268 0.0654169 2.10121e-09 0.041845 0.0204159 4.05664e-06 0.0882234 0.0207613 
0.00204109 0.0352805 0.00888408 0.0691343 0.0376133 0.0108603 0.0387746 0.0380422 9.10749e-05 0.13388 0.17887 0.000506085 0.027344 0.239992 2.00414e-06 0.013021 0.0005741 0.00629596 0.00023102 0.0344996 0.00309057 2.25314e-06 0.118421 0.00254842 
0.0015423 0.00837503 0.00159717 0.00844755 0.00450526 0.0315681 0.0149354 0.0893675 0.000394868 0.000126624 0.282814 0.000807808 0.0111577 0.471379 0.000758698 0.00144122 0.000515361 0.00539477 5.66144e-08 0.00492199 0.0360969 2.22297e-06 0.0222547 0.00159548 
1.6963e-06 2.5986e-05 2.45098e-05 1.92813e-05 7.48878e-05 8.46905e-06 7.24018e-05 0.000205217 2.53076e-06 1.49674e-06 6.51787e-05 4.08673e-05 0.0164681 0.978163 7.88155e-05 0.000196233 6.70127e-07 0.00161308 5.99137e-06 0.000126728 0.000744134 4.45288e-06 0.00023864 0.00181777 
0.000432371 0.029947 0.00130056 0.0277406 0.00851521 0.0123874 0.00315878 0.0215633 0.0216743 0.0015389 0.00633584 0.00375651 0.0458616 0.501524 0.00393901 0.124936 0.0439658 0.00509398 2.46244e-06 0.00881259 0.00110704 1.83012e-06 0.0213435 0.105061 
2.77499e-06 2.47393e-07 8.46346e-08 0.000146255 6.04561e-06 0.0070853 0.00191182 0.0240248 4.71207e-10 0.000129257 6.09983e-08 0.024975 0.000211482 0.907072 2.05782e-07 3.31111e-10 0.00124507 0.0213949 1.11555e-09 5.63475e-11 0.00204825 1.16784e-07 0.00972255 2.40346e-05 
0.0471655 0.00646401 0.0110332 0.0120426 0.00206503 0.0748166 0.000514672 0.0248995 0.0105366 0.0169699 0.000299229 0.0170646 0.0270046 0.559233 4.55224e-05 0.0518105 6.30301e-05 0.00980023 3.51675e-07 0.045699 0.00283891 3.37856e-06 0.0743786 0.00525181 
0.0396486 1.85343e-09 1.15892e-05 8.95336e-05 0.000163657 0.0322118 7.62292e-07 0.0338355 5.55037e-06 2.97877e-06 5.26513e-06 2.51457e-07 4.46187e-06 0.763734 0.0165883 4.55805e-07 0.00674215 0.00578189 1.54958e-08 0.0228714 0.00438676 1.15167e-08 0.0738509 6.37448e-05 
0.080726 0.000414931 0.00129162 0.0049678 0.00130975 0.0669379 2.40857e-05 0.0632009 0.0191853 9.54142e-05 0.00887903 0.000249257 0.000557852 0.633311 2.01761e-07 1.74989e-05 0.00167995 0.000669328 1.74213e-08 0.00038401 0.0202575 2.01708e-06 0.0953616 0.000477207 
2.75048e-07 0.00973687 0.0595478 0.0649952 0.016883 0.00011512 1.76506e-05 1.79947e-06 1.42461e-05 0.0110937 1.76427e-06 5.02709e-07 0.0372684 0.631424 0.0348154 0.0830315 1.20087e-07 0.000657003 0.0055178 0.00547516 0.00121601 8.91746e-07 0.0252636 0.0129221 
0.000994446 0.0319193 0.00352678 0.0250154 0.0172088 0.0257474 0.0193765 0.0202754 0.0134769 0.000762188 0.00252136 0.000393129 0.0429268 0.440947 0.000158479 0.0149313 0.00831523 0.000475083 1.73471e-08 0.0911995 0.00463155 1.11531e-08 0.229428 0.00576921 
0.00214497 0.00501505 0.00415328 0.103204 0.0035183 0.0550345 0.000304797 0.00616845 0.00284052 0.00310657 0.00280333 0.00191046 0.0463545 0.64667 5.22755e-06 0.00277507 0.000293772 0.00286114 6.0249e-08 0.0665548 0.00867164 1.34194e-11 0.0347486 0.000861162 
0.00899837 0.000664402 0.000907677 0.00311441 0.00211425 0.073189 6.33847e-05 0.0112882 0.00301255 0.00155708 2.68906e-05 9.16883e-06 0.0169735 0.549921 2.23296e-06 2.91784e-06 0.000156833 0.014427 8.33358e-07 0.00593218 0.0225472 1.22085e-05 0.275643 0.00943561 
6.88732e-08 0.0360484 6.98347e-05 0.00211816 8.62767e-05 0.000131297 2.04757e-08 0.00126358 5.2954e-08 0.00102477 1.89513e-05 4.90344e-09 0.00041482 0.958312 4.09099e-10 0.000193722 2.88767e-08 3.93241e-08 5.97855e-10 2.17135e-05 2.09621e-05 4.44335e-10 0.000275176 1.26391e-10 
0.000128465 0.0474583 0.000838833 0.0363 0.00839471 0.00965031 0.000149768 0.000103206 3.96998e-09 0.0381096 1.7515e-05 1.66958e-05 0.055889 0.653925 0.000253251 7.14282e-06 1.55341e-05 0.0755654 9.39861e-09 0.0327845 0.00762521 5.28377e-05 0.0166323 0.0160829 
0.000544878 0.0175193 0.00182832 0.229436 3.74574e-08 0.025495 2.75861e-10 0.0120362 2.62983e-07 0.0920053 4.96153e-08 2.20862e-06 0.0821789 0.509504 4.55577e-10 5.25146e-07 8.87199e-06 0.0223782 3.00565e-07 0.000435403 0.00111524 4.94817e-10 0.0055094 1.33156e-06 
7.00622e-05 0.173326 0.0973996 0.0254965 0.00033027 0.00345593 0.00346252 0.120361 0.000677068 0.0021275 0.000187056 0.000765396 0.131457 0.331131 8.80864e-06 0.0186091 7.73954e-07 0.00597507 1.56893e-06 0.0204801 0.00557047 2.239e-07 0.00377328 0.0553324 
0.000965202 0.0199005 0.00727978 0.0272653 0.0223278 0.2665 0.000131127 0.00381126 0.00264823 8.81419e-07 5.02627e-05 2.05522e-06 0.0186598 0.493108 0.000216948 0.00652286 0.00132364 0.00240826 0.00193924 0.00860085 0.101645 3.90878e-09 0.00445991 0.0102324 
1.69609e-05 0.126844 0.000812842 0.0182271 0.0114899 0.000132039 0.000152298 0.00185638 0.000113503 0.00112334 0.00528722 3.31163e-08 0.0304904 0.658076 8.4529e-06 0.0957081 1.31209e-06 0.00101083 5.85279e-08 0.0137603 0.00179576 0.0012496 0.0304505 0.00139383 
0.0438585 0.00673607 0.000455253 0.0101788 0.0102904 0.00692992 0.0100055 0.0648963 0.000189778 9.20162e-05 0.00465607 0.0064398 0.0341326 0.638029 1.12854e-05 0.004833 0.00404682 0.0126126 1.46896e-07 0.0100125 0.0214743 5.07948e-10 0.0981825 0.0119368 
0.000608844 0.0278825 0.00731352 0.0665966 0.0163339 0.0355997 0.000255281 0.0536638 0.00547631 0.0507377 6.93263e-05 0.00446158 0.158838 0.31451 0.000653249 0.0184946 0.00348292 0.0105101 4.69698e-07 0.160211 0.0160241 1.32309e-05 0.0425051 0.00575827 
1.10118e-06 0.276455 0.00528686 0.00503804 0.00523182 0.00550234 0.000691129 0.00795367 3.02816e-06 0.00906131 0.000113573 0.00500635 0.00667468 0.634786 6.38943e-09 0.0171297 1.90641e-07 0.00133074 0.00754384 0.00519663 0.000289142 3.32021e-05 0.00410388 0.00256747 
0.00339716 0.0624871 0.0220009 0.0742144 0.0209252 0.0183033 0.000779116 0.117421 0.000274024 0.00298954 0.00133303 0.0102338 0.112893 0.294971 0.000171737 0.00332127 0.0114251 0.00963158 0.00052434 0.167449 0.0316465 8.27625e-07 0.0328798 0.000727553 
0.00267352 0.0433929 7.16962e-05 0.084255 0.0145827 0.0271328 3.18643e-05 0.00751147 0.000111209 0.0305929 0.000186573 0.0182665 0.113591 0.612125 0.00012694 0.0129052 0.00160251 0.00328858 5.4717e-08 0.0079211 0.00255711 1.61329e-06 0.0170705 1.08199e-06 
0.00321991 0.00410397 0.00498218 0.0124141 0.00397278 0.0306071 0.000341459 9.72141e-05 0.000178409 0.014259 2.23286e-06 0.000660443 0.0253819 0.724106 6.36073e-05 0.000684948 0.000147039 0.00425512 9.73258e-07 0.000968248 0.00552209 7.2334e-07 0.108993 0.0550374 
0.156093 0.00760897 0.000284322 0.000102994 0.0073254 0.00429414 0.0634516 0.143975 2.8889e-06 1.67827e-06 0.012414 0.00204249 0.00222819 0.549533 4.14301e-06 6.45448e-07 5.09843e-06 0.0028811 1.27654e-07 0.00650251 0.000394139 2.15536e-10 0.0407546 0.000100318 
0.0277554 0.10299 0.0223979 0.0783258 0.00693502 0.115416 0.000254717 0.0247027 0.00194663 0.0606125 5.42036e-06 0.000227978 0.0446546 0.341528 6.89043e-05 5.41834e-07 0.00123999 0.124479 3.12927e-08 0.0190128 0.00638843 1.00735e-06 0.0197134 0.00134273 
0.000471205 0.0811389 0.00909591 0.0169655 0.00485916 0.0112826 0.000186672 0.063122 1.67013e-05 0.00022126 0.000145239 3.17837e-07 0.0415082 0.671977 6.45953e-05 0.00941334 0.0246155 0.000341349 9.90199e-06 0.0240245 0.00905321 5.63806e-07 0.0203026 0.0111838 
8.78662e-05 0.0262821 0.00035675 0.000208065 3.86721e-05 0.00119909 0.000267466 0.00989326 0.000390618 9.97633e-07 0.000371109 0.00023944 0.00625354 0.85748 1.28413e-06 0.0271281 1.67257e-10 0.00218047 2.59599e-07 0.00140481 5.42624e-06 4.88093e-07 0.0632795 0.0029303 
0.00115343 0.00589866 6.8174e-05 0.00849231 0.00173188 0.0125035 0.0173107 0.0275971 0.000634397 6.5688e-05 0.405984 0.00071874 0.00256624 0.47411 1.21285e-05 0.000183157 0.000197624 0.00176749 3.85306e-08 0.00212698 0.0309446 3.52976e-06 0.00566419 0.000265443 
0.000208303 0.0270032 0.00338486 0.0646433 0.0818092 0.0609096 0.00404552 0.00234911 0.000153749 0.0157896 0.000145195 0.000444354 0.064596 0.357401 0.00500415 0.00483722 0.00618702 0.0356308 0.00328654 0.0866931 0.00893927 5.76905e-05 0.14715 0.019331 
0.0011102 1.37983e-07 0.00135837 0.123482 0.000281042 0.16083 2.918e-08 0.0230571 1.12516e-09 0.000140181 1.10976e-11 2.92036e-11 0.000103935 0.514023 0.00410732 2.06887e-11 5.72989e-08 0.0104719 6.97022e-11 0.0111883 0.149837 5.18037e-11 9.1844e-06 1.47355e-11 
5.25128e-06 0.0945505 0.0320324 0.0236428 5.25276e-06 5.25314e-06 5.24918e-06 5.25273e-06 5.24907e-06 5.25104e-06 5.25207e-06 5.24914e-06 0.18543 0.519264 5.2461e-06 5.2505e-06 5.25273e-06 5.25232e-06 5.2425e-06 0.063045 0.039398 5.24543e-06 0.0425531 5.25147e-06 
4.91734e-05 9.94403e-07 0.0002792 3.50469e-07 0.00061085 0.0689002 1.39545e-06 0.00136808 0.000401163 1.30082e-09 5.38989e-08 4.60711e-06 2.43353e-06 0.684127 1.54986e-06 1.11312e-06 3.01182e-06 5.02628e-08 5.20712e-09 9.67567e-05 0.00588728 3.87001e-09 0.238211 5.37066e-05 
0.00010534 2.3643e-07 2.64807e-07 4.93603e-12 8.53677e-07 0.0201329 0.000232985 0.000467846 0.000725747 1.29035e-11 1.26337e-08 1.2084e-05 0.000343012 0.624936 3.67904e-07 0.000299639 7.16404e-07 1.17955e-08 5.16521e-11 6.95094e-08 0.000169493 3.83886e-11 0.352269 0.000303782 
6.91541e-05 0.0334125 0.00203524 0.0832251 0.0195663 0.0145991 0.00025495 0.0122561 1.11895e-06 0.00171754 5.094e-06 2.76563e-05 0.103601 0.652945 0.000568332 0.00536938 0.000170998 0.00402702 7.00506e-09 0.0335555 0.0310867 1.2003e-07 0.00103863 0.00046757 
0.00517478 0.0466698 0.000179449 0.233065 0.0618691 0.0662064 0.00090882 0.0356262 0.000957357 0.0298292 3.71683e-05 0.000315374 0.0870403 0.267805 0.0181727 0.0013279 0.000216592 0.00665271 1.08929e-09 0.0299625 0.00482977 2.27593e-06 0.0955011 0.00765077 
0.000876348 0.0849974 7.56899e-06 0.0523036 6.91194e-06 0.0175941 6.61343e-07 0.000737673 6.74203e-07 7.10403e-05 2.54125e-07 6.68738e-07 0.00946855 0.708666 3.22116e-05 3.25328e-05 0.00283947 1.71464e-05 1.59612e-06 0.022669 0.0718808 2.42251e-06 0.0277928 3.37432e-07 
0.0044332 0.106536 6.94748e-06 0.00291931 0.0623698 0.0356277 5.8592e-07 1.76061e-06 0.000678717 0.0607856 2.47972e-07 5.38748e-07 0.0242916 0.433837 8.85709e-06 1.73047e-06 0.000523421 0.201363 3.61906e-09 0.0281968 0.0147421 2.68974e-09 0.000541744 0.0231332 
0.0902172 7.90274e-08 0.00177071 2.8472e-08 0.00903151 0.211127 0.000108087 0.00483802 0.000638499 3.2941e-08 2.37141e-05 1.15725e-05 0.00491796 0.435121 1.22969e-07 0.000167708 0.042321 3.07444e-05 8.45362e-12 0.000342783 0.00611706 6.28286e-12 0.192249 0.000966733 
1.23922e-05 0.0158066 2.26302e-06 0.132486 0.000752016 0.000887884 1.7893e-05 0.000108004 1.25041e-06 0.00321039 1.73761e-07 6.97315e-05 0.0154938 0.786929 9.7123e-07 2.05331e-06 1.76353e-05 0.0269599 0.00778792 0.00250319 0.00211642 0.00128059 0.00159078 0.00196268 
0.000401155 0.025576 0.0225826 0.00572335 0.01831 0.0226176 2.43071e-05 0.0044226 0.00246009 0.00471388 0.0586732 0.000504901 0.0027074 0.66992 0.00113503 0.02059 0.0073091 0.00279242 1.07355e-07 0.0814016 0.0379484 3.33464e-06 0.00928105 0.000901807 
2.16154e-05 0.00957841 0.00267288 0.00320711 0.000690217 0.00938132 0.00220369 0.00154267 0.00112964 6.25504e-05 0.00106093 0.00473476 0.0317532 0.883632 5.74042e-07 2.79186e-05 1.11079e-05 0.000166416 9.61506e-11 0.0151713 0.00392978 7.14606e-11 0.0189346 0.0100869 
0.00463494 0.00469269 0.000156284 0.00994569 0.00400195 0.0122657 7.15737e-05 0.00964243 0.00116686 0.149331 4.94351e-05 0.00108287 0.0598806 0.668718 0.000254536 9.25289e-05 0.000179493 0.0145086 1.52294e-05 0.0127991 0.00381573 9.25464e-06 0.0326274 0.0100583 
0.100906 0.000518612 0.00161435 0.00361698 0.00163708 0.0648465 3.00577e-05 0.0681477 0.0239785 0.000119226 0.0110973 0.00031117 0.000697241 0.601717 1.86454e-07 2.1857e-05 0.00209966 0.000836564 1.60859e-08 0.000479977 0.0172749 2.5018e-06 0.0994505 0.000596435 
0.00131052 0.0113034 0.00156943 0.0375528 0.0199994 0.0331409 2.12053e-06 0.00441907 0.00561442 0.000349118 1.78524e-05 0.000349057 0.00981025 0.39031 4.31923e-07 0.0653638 6.51889e-05 0.00724477 0.000174337 0.0147246 0.00054066 1.54793e-06 0.0394791 0.356657 
0.0029532 0.159114 0.00139041 0.190251 0.0233918 0.0762802 0.000300131 0.0121567 0.00905575 0.0292368 4.14134e-05 8.14955e-05 0.0272308 0.310221 0.00326305 0.0362097 0.000411864 0.0137368 0.0095319 0.0306149 0.0269776 0.000329859 0.0347113 0.00250796 
0.000615042 0.0652186 0.0282068 0.00509963 0.0886065 0.0361981 0.000414638 0.194277 0.00157744 0.000832359 1.12077e-05 0.000709034 0.00459923 0.232629 0.000164393 0.0173738 0.000987075 0.00810353 9.089e-06 0.096805 0.0583179 0.00190272 0.0888521 0.0684899 
1.54119e-05 2.21617e-07 0.0170483 5.08121e-08 8.00011e-07 0.0501654 0.00922283 0.00479266 0.000201773 5.55956e-08 6.03644e-07 4.46545e-08 0.000128526 0.793378 3.45118e-07 5.0223e-05 0.000447954 1.21433e-07 5.802e-10 0.00050876 0.00225482 8.97001e-08 0.120025 0.00175784 
1.055e-05 0.0237661 0.000509131 0.0515418 0.00913262 0.00810265 0.00132177 0.0198929 0.00121288 0.198514 3.5759e-05 0.00057316 0.0619342 0.524275 1.15205e-05 0.00117736 0.00952823 0.0352937 9.08833e-06 0.0191298 0.0255691 2.98937e-07 0.00210588 0.00635237 
5.82823e-05 0.0553109 0.00183171 0.0257422 0.152161 0.0259998 0.000961922 0.00657616 0.000301212 0.0386161 0.000715018 0.000107693 0.0980302 0.319211 0.00016276 0.0155621 7.20888e-05 0.00229913 5.28726e-09 0.0460702 0.00625994 2.3942e-05 0.201321 0.00260522 
0.00115343 0.00589866 6.8174e-05 0.00849231 0.00173188 0.0125035 0.0173107 0.0275971 0.000634397 6.5688e-05 0.405984 0.00071874 0.00256624 0.47411 1.21285e-05 0.000183157 0.000197624 0.00176749 3.85306e-08 0.00212698 0.0309446 3.52976e-06 0.00566419 0.000265443 
0.000127556 0.00438081 0.0161593 0.0208037 0.00415052 0.00415975 2.22243e-05 0.00120551 0.0152367 0.010258 0.00124165 0.00424175 0.00114428 0.76196 4.56949e-05 0.101214 0.000334395 0.0057237 2.82968e-05 0.00793081 0.000265799 3.04386e-05 0.0155282 0.0238064 
0.00111398 0.0770477 0.0056382 0.0357698 0.0973673 0.0138427 4.34989e-05 0.0170958 0.000503633 0.0746516 1.3539e-05 6.55131e-05 0.124967 0.472225 0.000830805 0.00630025 0.000165529 0.00795017 0.00492374 0.0242311 0.0167728 7.47544e-07 0.017011 0.00146796 
0.000695837 0.191379 0.000179989 0.0538649 0.239378 0.00679848 0.000620585 0.00687532 0.0101563 0.041039 0.000168452 0.00261411 0.0603438 0.316909 0.00130641 0.000528645 0.000334508 0.00475111 3.70531e-08 0.0281334 0.0208691 1.79806e-07 0.0121543 0.000899775 
0.00115343 0.00589866 6.8174e-05 0.00849231 0.00173188 0.0125035 0.0173107 0.0275971 0.000634397 6.5688e-05 0.405984 0.00071874 0.00256624 0.47411 1.21285e-05 0.000183157 0.000197624 0.00176749 3.85306e-08 0.00212698 0.0309446 3.52976e-06 0.00566419 0.000265443 
3.55691e-05 0.000195133 0.00103982 7.43536e-05 0.000188281 0.0638205 5.70954e-05 0.00185597 0.000884174 1.66743e-05 5.42978e-09 2.03318e-08 0.000853458 0.513354 0.000145489 7.82151e-05 3.05573e-07 2.08514e-05 2.82544e-10 1.59356e-05 0.00204969 2.09991e-10 0.414304 0.0010103 
0.0122977 0.000865597 0.00112832 0.129871 0.000468054 0.168456 2.76612e-05 0.0567468 0.000426404 0.0016857 2.08411e-08 4.8685e-09 0.00184598 0.381879 3.79169e-05 5.086e-07 0.0160775 0.0202779 0.000854747 0.0822815 0.0996707 3.02851e-10 0.0228524 0.00224757 
1.64358e-05 0.00578551 0.000596878 0.00415029 0.00104021 0.00387602 1.22909e-05 0.000176508 0.00318063 0.000369979 5.0308e-06 0.00820353 0.107964 0.82793 7.91312e-11 0.0013611 4.98623e-06 7.3926e-05 0.000460603 0.023241 0.000914132 1.11023e-08 0.0101437 0.000493445 
0.000525872 0.109661 0.0859773 0.126298 0.040502 0.136125 1.5662e-06 0.00170259 0.00399566 0.00448832 2.61617e-05 0.000331073 0.0593824 0.166102 7.81833e-07 0.03188 1.22709e-09 0.00841683 1.22605e-08 0.0377473 0.000535025 2.14559e-05 0.13935 0.0469303 
9.5383e-07 0.0706964 0.0429158 0.0354936 9.541e-07 0.0122143 0.00572166 0.0805266 0.0319409 9.53787e-07 0.0567624 0.0153513 9.5411e-07 0.397581 0.00123971 0.0556965 9.54094e-07 0.0177457 0.00999943 0.0458977 0.0305299 9.52767e-07 0.0611593 0.0285215 
2.34147e-07 0.0150335 0.000557758 0.132672 0.00978039 0.00709048 8.56427e-08 0.0077619 0.00105211 0.271431 2.13518e-06 0.000682292 0.0121651 0.51605 0.0255397 4.69068e-06 4.26485e-08 3.64638e-05 1.32482e-08 1.15316e-06 0.000134909 3.47277e-07 3.49391e-06 7.15199e-07 
8.13534e-10 0.00132935 1.00581e-07 5.96775e-07 0.000357703 2.27613e-10 3.4723e-06 5.93903e-06 0.000504686 6.07447e-07 7.19592e-05 1.48691e-09 0.000119196 0.991555 3.06864e-06 0.00600507 3.55191e-10 5.71588e-07 3.5489e-09 1.91994e-05 1.7186e-05 2.6376e-09 1.25951e-06 4.56915e-06 
9.07389e-08 0.0271875 5.46325e-05 0.000425726 0.00156582 0.0104389 0.000404843 0.0050601 2.22401e-05 0.000103988 0.000588562 5.27772e-06 0.00379637 0.900457 1.81171e-09 0.00791451 7.26593e-08 0.000662553 2.64762e-09 0.000333862 1.53871e-05 1.96775e-09 0.0249161 0.0160467 
5.28525e-06 0.0184052 8.74108e-05 6.00589e-08 0.000133097 3.0747e-05 0.00490397 0.00172079 1.26926e-05 0.0949674 2.13183e-05 0.00228086 0.0916662 0.763961 3.92472e-09 7.56445e-05 4.57802e-05 1.02609e-05 5.73557e-09 0.00895678 1.24526e-05 4.26276e-09 0.00592951 0.00677389 
0.0231422 0.0786897 0.000476048 0.04974 0.0122836 0.00377366 0.000735319 0.206885 3.2539e-05 0.0602017 2.68117e-05 0.000136524 0.174962 0.246347 0.000348713 0.0277941 4.31248e-05 0.0327607 0.000303206 0.0161829 0.00718829 2.23827e-06 0.0529968 0.00494866 
2.02488e-05 0.0952912 3.3288e-06 0.00576119 0.00805955 0.0346917 0.000477083 0.00183216 2.30884e-05 0.00012673 1.00051e-05 0.0052708 0.0079815 0.718547 0.000343792 0.0175094 9.89074e-06 4.47894e-05 0.0040554 0.00892581 0.0254043 7.24908e-07 0.0608324 0.00477791 
4.10828e-05 0.00926813 0.00432908 0.0005688 0.00552667 0.0114067 3.57392e-06 0.0126579 1.14509e-06 7.44557e-05 3.42461e-07 5.07336e-08 0.000355017 0.947527 8.28588e-08 0.000481781 9.10435e-06 0.00116017 0.00271802 0.00125397 0.000762325 2.64216e-07 0.000436593 0.00141802 
0.00191026 0.00348299 0.00914659 0.0620877 0.0269667 0.0918394 4.66154e-05 0.0199343 3.52598e-05 0.016659 5.15387e-05 5.24174e-06 0.0331573 0.408285 0.00244355 2.28989e-05 1.96047e-07 0.234907 7.52004e-07 0.00884436 0.0549442 7.64671e-05 0.000668929 0.0244839 
0.0038991 0.153742 0.0337301 0.00612952 0.018798 0.152739 4.87758e-05 0.0227337 0.00131228 0.0218331 0.000167357 0.00208646 0.0512352 0.315449 7.06923e-05 0.00207337 0.00104902 0.0010047 0.000148073 0.0176767 0.0934995 1.18703e-05 0.0574594 0.0431019 
0.00141417 0.013959 0.000772236 0.175882 4.26228e-05 0.048896 4.75414e-05 0.00997514 1.31426e-09 0.00195669 4.95378e-10 1.24027e-08 0.0236599 0.364131 0.000244702 0.00119284 0.0066697 0.0162811 0.00296291 0.179286 0.0779465 2.31244e-09 0.0733789 0.0013009 
0.00472611 0.0192481 0.00368031 0.0150044 0.0180557 0.0153411 0.00105117 0.00820794 0.0015596 0.214881 0.00682531 0.00199362 0.0552738 0.575439 0.00179232 0.00065654 0.00457101 0.0107389 6.09108e-06 0.0161828 0.014396 7.90581e-07 0.0088656 0.00150228 
0.000207298 0.0685759 0.0279926 0.0153716 0.00438485 0.0615916 0.0252882 0.0884627 0.0119832 0.00346401 0.0265612 0.00160214 0.0241527 0.212486 0.00124351 0.00106041 2.60106e-05 0.0684883 0.00210339 0.0341597 0.0324332 0.000117449 0.119192 0.169051 
2.39552e-06 0.0293971 5.43428e-08 1.67875e-08 1.70914e-08 8.86114e-05 0.00664441 5.53831e-05 6.02521e-06 4.3885e-08 4.93542e-06 7.36014e-08 9.3343e-05 0.874273 1.20207e-07 0.00648635 1.88182e-05 5.26287e-05 1.75669e-07 8.87327e-09 9.93305e-05 5.22686e-06 0.00829705 0.0744752 
0.00145421 0.00379776 0.000207444 0.00181149 5.35743e-05 0.000218609 7.88904e-07 5.58883e-06 0.000625169 0.00508944 3.46861e-05 0.000132687 0.00102669 0.895408 8.72011e-08 0.00178607 1.27543e-08 0.00139013 0.00554569 0.00189129 2.12654e-06 1.13213e-06 0.0150686 0.0644489 
1.11912e-11 5.25589e-08 1.55567e-07 0.0079473 0.0139925 3.1311e-12 2.02281e-11 1.46292e-07 2.06214e-11 0.0102006 1.71249e-05 0.0109875 0.0143051 0.942549 3.34061e-11 9.13041e-08 2.44793e-09 1.06771e-08 4.93078e-09 1.57081e-07 4.80533e-08 3.62834e-11 4.52104e-12 1.03208e-11 
0.0116308 0.0363056 0.0429406 0.0327216 0.17761 0.0265153 0.00122279 0.00208495 0.000131314 0.00139333 1.76436e-05 0.000189102 0.04705 0.416 1.57348e-05 0.0120998 0.000949096 0.0294959 2.87893e-07 0.0577836 0.0588352 0.000182074 0.0311071 0.0137177 
1.7884e-06 0.00219879 0.00136924 0.00172418 0.0288978 0.0154851 0.0031985 0.210212 3.03078e-06 0.000383708 0.000138193 0.0557268 0.00867126 0.353972 1.04029e-06 0.0328795 3.17631e-05 0.0529647 2.52977e-06 0.0122357 0.000646703 2.45244e-05 0.0986083 0.120623 
0.00103327 0.00122215 0.000619102 0.00209866 0.00130415 0.00202389 0.0015042 0.00122185 0.000508874 0.00100641 3.22019e-05 0.000234743 0.001843 0.793218 5.93893e-07 0.004672 0.00507891 0.0010712 0.00156631 0.00645788 0.000338782 5.38625e-05 0.00976908 0.163121 
4.10828e-05 0.00926813 0.00432908 0.0005688 0.00552667 0.0114067 3.57392e-06 0.0126579 1.14509e-06 7.44557e-05 3.42461e-07 5.07336e-08 0.000355017 0.947527 8.28588e-08 0.000481781 9.10435e-06 0.00116017 0.00271802 0.00125397 0.000762325 2.64216e-07 0.000436593 0.00141802 
0.0374354 0.0508908 7.70585e-05 0.0349328 0.00784193 0.0197846 0.0315603 0.0694116 0.00115765 0.000122235 0.00645267 0.00158088 0.0788015 0.600093 0.000176973 2.47402e-08 0.00939775 0.0151167 8.64321e-11 0.00981438 0.0132588 6.42377e-11 0.0119828 0.000110258 
0.000650868 0.0366552 0.0105437 0.0303928 0.0277529 0.0618525 0.000231334 0.113485 0.0192505 0.000265208 0.00277802 0.00382437 0.03826 0.403672 0.0188339 0.00196632 0.000515102 0.00726196 2.35324e-06 0.0254 0.0435218 4.13002e-06 0.147761 0.00511872 
0.00061274 0.0111352 0.000458691 0.0256263 0.000174558 0.0144187 3.88483e-05 0.00234453 5.62425e-07 0.0364272 0.214672 2.10824e-06 0.0252694 0.65897 1.87388e-05 0.000104843 2.72879e-05 0.000456483 0.00271375 0.000641831 0.00539097 9.92836e-05 0.000293255 0.000102426 
0.000837497 0.136911 0.0056222 0.042506 0.0628762 0.0130361 0.00122353 0.0583389 0.000992674 0.00711704 0.00914549 0.00267128 0.0553717 0.316824 0.000437714 0.0569488 0.000525111 0.0609505 0.00107909 0.12565 0.00730911 0.000907203 0.0274794 0.00523851 
0.00133427 0.0158413 0.00365726 0.0435947 0.096976 0.0238845 0.00192714 0.0194992 0.000546505 5.58193e-05 8.89905e-05 0.130264 0.00364979 0.369293 0.00739637 0.035334 0.000195952 0.00475751 5.70343e-06 0.0525849 0.0508204 1.75019e-05 0.0757924 0.0624823 
0.00068882 0.0459179 0.000914167 0.268667 0.0165955 0.00401754 0.000708159 0.00371911 0.00021204 0.0551976 2.82815e-05 0.000142498 0.0281168 0.283658 2.18798e-05 0.0108148 0.00442219 0.068087 0.122362 0.0198049 0.0113583 0.0295883 0.0188713 0.00608616 
