2.77499e-06 2.47393e-07 8.46346e-08 0.000146255 6.04561e-06 0.0070853 0.00191182 0.0240248 4.71207e-10 0.000129257 6.09983e-08 0.024975 0.000211482 0.907072 2.05782e-07 3.31111e-10 0.00124507 0.0213949 1.11555e-09 5.63475e-11 0.00204825 1.16784e-07 0.00972255 2.40346e-05 
0.00115343 0.00589866 6.8174e-05 0.00849231 0.00173188 0.0125035 0.0173107 0.0275971 0.000634397 6.5688e-05 0.405984 0.00071874 0.00256624 0.47411 1.21285e-05 0.000183157 0.000197624 0.00176749 3.85306e-08 0.00212698 0.0309446 3.52976e-06 0.00566419 0.000265443 
1.74963e-06 0.000115128 7.82772e-05 0.0257929 0.000126417 0.301393 0.000104058 0.000490019 0.000149562 7.71149e-05 3.79856e-06 1.66168e-07 0.00119645 0.405168 0.00273364 1.17719e-07 0.0454047 0.000163957 3.96606e-07 0.000338585 0.000909712 0.000329641 0.215418 3.83858e-06 
0.00115343 0.00589866 6.8174e-05 0.00849231 0.00173188 0.0125035 0.0173107 0.0275971 0.000634397 6.5688e-05 0.405984 0.00071874 0.00256624 0.47411 1.21285e-05 0.000183157 0.000197624 0.00176749 3.85306e-08 0.00212698 0.0309446 3.52976e-06 0.00566419 0.000265443 
0.00147419 0.0643542 0.00102796 0.0457123 0.0363206 0.0128687 0.0799607 0.0837329 0.00129666 0.0618037 0.119071 0.0122159 0.050296 0.229019 0.00237891 0.00164165 0.00116634 0.0122133 1.22227e-05 0.132942 0.015886 2.87624e-05 0.0297158 0.00486098 
0.00160647 0.0611614 0.00561903 0.0266184 0.0305403 0.259822 5.36146e-05 0.00484695 0.000524271 0.0359157 0.000128871 0.00142329 0.0161093 0.456222 0.0005162 0.00634682 0.00107593 0.0136247 0.000242672 0.0240858 0.0273438 7.86338e-06 0.0179357 0.00822848 
0.00282978 0.0496972 0.00350718 0.0991465 0.0446008 0.0328442 0.00844644 0.0184775 0.00089985 0.0619984 8.46747e-05 0.0107017 0.0593526 0.417522 0.00185206 0.00395445 0.000574045 0.021553 8.83832e-05 0.0576604 0.0153153 0.000176192 0.0722713 0.0164464 
0.00871429 0.113652 1.07149e-05 0.029541 0.00265203 0.0268168 0.000116542 0.000924575 0.000401456 0.112002 1.11467e-05 8.13994e-06 0.137499 0.480587 7.91804e-07 0.0269245 0.000243717 0.00449737 4.88327e-08 0.00306269 0.00905732 1.68253e-05 0.041678 0.00158206 
0.000309661 0.0700361 0.00184141 0.032549 0.00240708 0.0045489 0.0168214 0.000636206 0.00350045 0.0162432 7.35884e-06 3.29484e-06 0.0105473 0.338907 3.56702e-06 0.0948546 1.04619e-06 0.0576007 0.00167711 0.0340331 0.000449753 2.20695e-06 0.29996 0.0130597 
6.06503e-06 0.00531841 0.000902524 0.00507538 0.00991311 0.000264415 0.000417957 0.00165301 1.11757e-05 0.000403401 4.21243e-06 1.10851e-05 0.0203887 0.922173 0.000285053 0.00238368 0.00784231 0.00313262 0.000472308 0.0149298 0.000113773 0.000164634 0.0041281 5.59334e-06 
0.000232939 6.38441e-07 0.0141816 1.80685e-05 0.0399006 0.0633185 0.00089047 0.00326485 0.00043764 6.14688e-09 6.26245e-06 1.28186e-07 0.0083582 0.693112 2.27893e-05 0.000422238 0.00242513 0.00809495 5.17819e-10 0.0102357 0.00375724 5.26374e-06 0.150868 0.00044683 
4.06837e-06 0.000343243 0.000587945 0.00013929 1.72672e-06 9.22996e-05 7.35359e-06 1.78457e-06 7.37733e-05 0.000165834 2.82566e-06 0.000517881 0.000157398 0.995641 1.21443e-05 0.000199773 1.77626e-06 2.42441e-06 8.23554e-05 0.000259173 2.36036e-06 1.31903e-05 0.000976042 0.000713996 
0.000893659 0.0159165 0.000790334 0.00932916 0.00746551 0.110486 3.92275e-06 0.000853564 0.000315826 0.00442889 1.39054e-05 0.0037507 0.0944084 0.711756 7.31375e-05 0.000209353 0.00149985 0.00259005 4.08797e-07 0.0182791 0.00891243 2.8699e-06 0.00389089 0.00412966 
0.00104079 0.101131 0.00501893 0.0546429 0.0316192 0.0232586 0.000495328 0.0268765 0.000132993 0.00301522 0.00248557 0.00643945 0.0787363 0.564387 0.000274234 0.00653213 0.0164392 0.00627287 0.00100945 0.0413092 0.0125656 6.91238e-08 0.0156396 0.000677961 
0.00022251 0.0288829 0.0153556 0.139861 0.0559981 0.148575 0.000717919 0.00326589 0.000860086 0.00815549 4.00732e-07 1.5332e-05 0.00320119 0.238874 2.17868e-08 0.0231756 0.00196556 0.0153728 1.93573e-08 0.144638 0.0136639 7.93232e-08 0.0925973 0.0646015 
0.080726 0.000414931 0.00129162 0.0049678 0.00130975 0.0669379 2.40857e-05 0.0632009 0.0191853 9.54142e-05 0.00887903 0.000249257 0.000557852 0.633311 2.01761e-07 1.74989e-05 0.00167995 0.000669328 1.74213e-08 0.00038401 0.0202575 2.01708e-06 0.0953616 0.000477207 
0.00510194 0.019064 0.00214724 0.0209501 0.0367439 0.0102225 0.000373887 0.0267202 6.10394e-05 0.00302784 7.63062e-05 3.94354e-08 0.156092 0.449371 0.000149855 0.0313213 0.00247856 0.0216267 5.8665e-08 0.110487 0.033041 8.34032e-06 0.0654166 0.0055181 
0.0465328 0.212635 0.000310076 0.0296115 0.00625868 0.0472989 0.00345033 0.013469 7.65823e-05 0.0172809 1.80234e-10 4.74292e-10 0.0552219 0.458636 7.74619e-10 0.0217358 0.00144967 0.00259014 1.08836e-05 0.0233077 0.00471832 1.2672e-07 0.0542604 0.00114578 
5.74365e-07 0.00387048 0.00998123 0.00291529 0.00908949 0.0122528 0.000252137 0.00164229 1.3651e-05 0.0276859 5.48277e-06 4.84446e-05 0.001329 0.815195 5.66212e-05 0.0291882 2.16889e-07 0.00284353 0.00509526 0.012874 0.020721 4.98162e-05 0.0306604 0.0142294 
0.00594708 0.00791491 0.000428161 0.0523718 0.00894602 0.00519949 0.000144842 0.150268 0.00022633 0.000234094 0.000318131 0.00895745 0.224934 0.344041 0.000149273 0.000107258 1.25819e-05 0.00165723 1.18165e-07 0.149448 0.00135579 4.06978e-08 0.035684 0.00165495 
0.0214028 0.052421 6.57078e-10 0.00719271 0.0194079 0.0415379 6.3912e-05 0.000633124 3.43669e-06 0.0124022 1.78563e-05 0.0269526 0.0731124 0.567699 0.113295 1.45045e-06 0.000553329 0.00295859 2.12408e-09 0.0336168 0.0175456 1.07651e-05 0.00899012 0.000182029 
0.00143994 0.0360916 0.00984614 0.0563511 0.102913 0.0529604 6.36254e-05 0.00574087 0.000661547 0.0439277 2.22532e-05 3.32418e-06 0.267981 0.354064 2.10993e-05 0.0169976 0.00021199 0.00444611 3.94056e-07 0.0320947 0.00537237 6.61586e-06 0.0055561 0.0032266 
0.000218304 0.0438859 2.8857e-05 0.016065 0.27947 0.000336783 0.00120155 0.00217903 5.96464e-05 0.00890477 0.029608 1.4681e-08 0.00954247 0.591723 0.000646947 0.00152427 8.25022e-05 0.0023188 3.50402e-08 0.0104279 0.000169207 0.000211485 0.000307295 0.00108807 
0.080726 0.000414931 0.00129162 0.0049678 0.00130975 0.0669379 2.40857e-05 0.0632009 0.0191853 9.54142e-05 0.00887903 0.000249257 0.000557852 0.633311 2.01761e-07 1.74989e-05 0.00167995 0.000669328 1.74213e-08 0.00038401 0.0202575 2.01708e-06 0.0953616 0.000477207 
0.00115343 0.00589866 6.8174e-05 0.00849231 0.00173188 0.0125035 0.0173107 0.0275971 0.000634397 6.5688e-05 0.405984 0.00071874 0.00256624 0.47411 1.21285e-05 0.000183157 0.000197624 0.00176749 3.85306e-08 0.00212698 0.0309446 3.52976e-06 0.00566419 0.000265443 
0.0103722 0.0326806 0.0130081 0.0263557 0.127762 0.125411 0.00158893 0.00799852 0.00311211 0.0112074 1.6388e-07 0.00430781 0.0955557 0.207011 0.00211182 0.00330956 0.00750684 0.0205354 1.63582e-07 0.148724 0.0357445 1.63673e-07 0.103719 0.0119784 
9.51599e-10 7.44826e-06 1.07882e-05 0.0132704 5.57397e-06 0.228652 1.72002e-09 0.0402148 1.75346e-09 3.31953e-06 7.93773e-07 1.73925e-09 3.89133e-10 0.637809 2.84056e-09 0.0121696 4.15471e-10 1.64508e-06 4.15118e-09 2.09681e-10 0.0243883 3.08522e-09 1.36477e-05 0.0434532 
0.00120447 0.000246629 6.9984e-05 0.0184667 0.000702281 0.0472051 1.40626e-07 0.000123154 1.80721e-05 0.000295265 6.82368e-07 6.6625e-05 0.00259406 0.611227 2.32239e-07 0.000718892 0.00627262 0.001103 3.39393e-07 0.00292372 0.0702177 2.52242e-07 0.236543 7.17502e-08 
0.000705153 0.0261334 0.00375219 0.0436798 0.0299505 0.03526 0.000215909 0.019315 0.00562248 0.0777376 2.41372e-05 0.000945685 0.144389 0.382704 0.000392038 0.0454823 0.025912 0.0622119 0.00123456 0.0240087 0.0212815 9.25155e-06 0.0378253 0.0112073 
0.00115343 0.00589866 6.8174e-05 0.00849231 0.00173188 0.0125035 0.0173107 0.0275971 0.000634397 6.5688e-05 0.405984 0.00071874 0.00256624 0.47411 1.21285e-05 0.000183157 0.000197624 0.00176749 3.85306e-08 0.00212698 0.0309446 3.52976e-06 0.00566419 0.000265443 
0.000656777 0.104731 0.00977962 0.0960233 0.0825152 0.0554026 0.00111428 0.0260702 0.000157163 0.00318394 0.0325541 0.00250488 0.0469779 0.334205 0.00110984 0.00644618 0.000186154 0.0755125 9.11276e-07 0.093946 0.0115247 5.44712e-09 0.012707 0.00269036 
0.000368274 0.0257474 0.0197982 0.00188976 0.0107157 0.0799028 0.0969592 0.0262032 0.000633615 0.0630952 9.60054e-05 0.0343785 0.00439798 0.434116 0.000371272 0.000125 0.00223809 0.00194303 1.48642e-08 0.0122975 0.00495262 2.46322e-05 0.16415 0.0155964 
0.001289 0.00113494 9.89201e-09 0.121742 0.0082968 1.83221e-05 1.82319e-06 0.00162856 3.06269e-05 0.0013986 1.54724e-06 0.0851657 0.0143648 0.71324 0.000314963 9.49128e-09 1.68826e-05 0.051261 3.19771e-08 1.6152e-09 7.31036e-05 2.37658e-08 1.89278e-05 2.29536e-06 
9.5383e-07 0.0706964 0.0429158 0.0354936 9.541e-07 0.0122143 0.00572166 0.0805266 0.0319409 9.53787e-07 0.0567624 0.0153513 9.5411e-07 0.397581 0.00123971 0.0556965 9.54094e-07 0.0177457 0.00999943 0.0458977 0.0305299 9.52767e-07 0.0611593 0.0285215 
0.0172088 0.0171554 0.0570162 0.00231999 0.0296713 0.132542 3.94172e-05 0.00553866 0.0164791 5.58676e-05 0.000680386 0.00315435 0.0229586 0.209577 1.46387e-05 0.00236738 0.0114316 0.0181786 1.67406e-05 0.0714719 0.0793184 2.68209e-06 0.0958342 0.206966 
0.00183079 0.00600732 0.00256591 0.0683052 0.0683903 0.0106278 5.92409e-06 0.125632 8.4528e-06 0.00853764 0.0204046 0.0177053 0.140027 0.343661 0.000551532 0.00349253 0.0204512 0.00319944 1.85198e-06 0.0732563 0.0481941 2.04186e-06 0.0371269 1.42856e-05 
0.0189031 9.49022e-05 2.44456e-05 0.000106777 9.60117e-06 0.00346213 0.000286109 0.00448153 0.000192521 2.09784e-06 0.00328495 6.64311e-07 0.241573 0.677623 1.78482e-06 0.00267726 1.66438e-07 2.16595e-07 1.58556e-06 0.000717779 0.000680264 0.000118698 1.46834e-07 0.045758 
5.11855e-06 0.0152579 0.00168694 0.033745 0.00856403 0.0058286 2.93687e-08 0.00191366 1.58679e-08 0.433709 1.28825e-06 7.96085e-05 0.0286382 0.451439 2.37052e-05 0.0110453 6.05084e-07 0.000495632 3.7566e-08 0.00188647 0.000127497 2.79196e-08 0.00277988 0.00277211 
0.00023477 0.11988 0.0115785 0.0322677 0.0139133 0.050644 0.000274015 0.00439857 8.87671e-05 0.0268972 2.87924e-08 1.08726e-08 0.0236947 0.206645 1.04528e-06 0.0533898 0.00237808 0.177054 2.59503e-08 0.0422573 0.0358106 7.80245e-08 0.018062 0.180531 
8.63279e-06 0.0012018 0.00283657 0.00228415 1.62195e-09 2.28726e-05 6.90742e-09 3.40573e-06 7.04173e-09 3.67079e-05 2.65422e-09 6.98465e-09 0.000432232 0.985401 5.62203e-06 4.94813e-09 1.17666e-06 2.27731e-09 0.00072926 2.73209e-06 2.31832e-05 1.239e-08 0.00700521 5.12378e-06 
1.55538e-05 5.91523e-05 3.71214e-08 1.14675e-08 1.73847e-05 2.80462e-05 2.7095e-05 1.20663e-08 5.06877e-08 2.99777e-08 1.91056e-08 5.02769e-08 1.12488e-08 0.333697 8.21129e-08 3.56176e-08 1.20101e-08 1.63925e-08 0.332892 6.0613e-09 1.59595e-08 8.91853e-08 0.255424 0.0778397 
0.000563927 0.0364742 0.016404 0.0516785 0.0457182 0.00748345 6.54969e-05 9.10967e-05 0.000147718 0.162351 9.10095e-05 1.56457e-06 0.109728 0.414073 7.53659e-10 0.00692416 0.00410463 0.00162905 1.10139e-09 0.095572 0.000787758 4.40396e-08 0.0131445 0.032967 
0.000153565 5.92869e-12 0.000211553 0.159971 0.00169914 0.139464 2.05379e-11 0.0496553 1.52518e-09 4.85098e-05 7.89181e-12 2.07676e-11 0.00105423 0.489901 9.45693e-08 1.7628e-07 0.0036175 0.0337591 4.95674e-11 0.0996591 0.0205165 3.68392e-11 0.000288312 3.01802e-08 
0.0466589 0.0179666 0.00480881 0.0167081 0.00461858 0.0626772 0.00249203 0.00534018 3.13813e-07 0.107122 5.14233e-07 2.12036e-07 0.101984 0.495583 5.58549e-05 0.0394443 5.06509e-08 0.0195014 0.00866596 0.00308401 0.000588485 6.9101e-07 0.0598727 0.00282631 
0.000581605 0.0279491 0.00374109 0.00289314 0.00314155 0.0129005 0.00362159 0.0140317 2.93382e-06 0.000843593 1.10583e-06 3.51297e-09 0.0123331 0.529594 5.73742e-09 0.00201979 3.29688e-07 0.314834 5.09592e-07 0.012399 0.00384992 0.000102293 0.0169481 0.0382108 
0.00510194 0.019064 0.00214724 0.0209501 0.0367439 0.0102225 0.000373887 0.0267202 6.10394e-05 0.00302784 7.63062e-05 3.94354e-08 0.156092 0.449371 0.000149855 0.0313213 0.00247856 0.0216267 5.8665e-08 0.110487 0.033041 8.34032e-06 0.0654166 0.0055181 
0.00925661 0.0792538 0.00881152 0.0579807 0.0109715 0.156824 0.000503885 0.0425027 0.0190923 0.0135197 0.00053886 0.00695756 0.0523983 0.272058 0.00554428 0.00636174 0.00149651 0.00690178 3.42607e-06 0.0496779 0.149787 0.000163694 0.0432467 0.00614836 
5.26989e-05 0.248706 0.00220244 0.025708 0.0171785 0.0144528 0.0012475 0.000347281 0.00313047 0.027954 0.0234187 0.000409566 0.155533 0.39462 8.25341e-05 0.0125868 0.016006 0.00459935 0.00100614 0.00544953 0.00551476 0.00425361 0.0102566 0.0252838 
1.35975e-06 0.296881 1.07509e-08 0.11255 0.0701964 0.00164632 0.00139417 0.0133584 1.8177e-07 0.0202042 0.00344759 3.3029e-10 0.0424787 0.41749 4.14502e-05 0.00038669 1.11999e-08 0.000434218 9.18753e-06 0.0109168 0.000418578 5.85896e-10 0.0081074 3.64489e-05 
1.50109e-08 0.0066734 1.50943e-06 0.0263325 0.000976953 2.6033e-06 2.71322e-08 6.58445e-09 2.76598e-08 0.0170131 1.31658e-06 2.74356e-08 0.109376 0.839257 6.07014e-06 5.57002e-06 1.89014e-07 7.88392e-05 5.40847e-06 1.58796e-05 2.04848e-05 3.0887e-07 0.000232513 1.38435e-08 
0.00209876 0.000903708 0.0133191 0.000624365 0.0202497 0.0721241 0.00103897 0.0355942 0.00226087 8.9628e-05 3.08486e-06 0.000807714 0.0296506 0.422002 6.25818e-05 0.000668846 0.0262104 0.00719314 9.92084e-10 0.0097457 0.0292028 1.23259e-05 0.326015 0.00012251 
0.0108515 0.0281251 0.000848004 0.0903036 0.0180617 0.0315558 0.00413974 0.0228663 1.66934e-06 0.0668826 7.69333e-05 0.00135888 0.0485661 0.436377 5.33543e-05 1.25137e-05 0.00325268 0.0654169 2.10121e-09 0.041845 0.0204159 4.05664e-06 0.0882234 0.0207613 
0.00124341 0.00101667 3.6962e-11 0.0282207 0.000807826 0.0204034 0.000188756 0.00440755 0.00157708 0.00624399 0.00133207 1.05862e-05 0.0291842 0.868086 8.15819e-06 0.000285348 0.000108945 0.00039597 1.43181e-08 0.00409424 0.0307744 2.55514e-07 0.00158442 2.59426e-05 
7.99122e-06 0.0831743 0.00103964 0.0623018 0.0384741 0.0246815 2.34011e-06 0.0242837 7.19765e-08 0.0542412 2.60069e-05 0.000144191 0.0112929 0.651158 0.0014098 0.00400135 0.000326846 1.18061e-06 0.00038176 0.0207007 0.00138627 1.26643e-07 0.00210949 0.0188551 
0.0471655 0.00646401 0.0110332 0.0120426 0.00206503 0.0748166 0.000514672 0.0248995 0.0105366 0.0169699 0.000299229 0.0170646 0.0270046 0.559233 4.55224e-05 0.0518105 6.30301e-05 0.00980023 3.51675e-07 0.045699 0.00283891 3.37856e-06 0.0743786 0.00525181 
0.00899837 0.000664402 0.000907677 0.00311441 0.00211425 0.073189 6.33847e-05 0.0112882 0.00301255 0.00155708 2.68906e-05 9.16883e-06 0.0169735 0.549921 2.23296e-06 2.91784e-06 0.000156833 0.014427 8.33358e-07 0.00593218 0.0225472 1.22085e-05 0.275643 0.00943561 
6.88732e-08 0.0360484 6.98347e-05 0.00211816 8.62767e-05 0.000131297 2.04757e-08 0.00126358 5.2954e-08 0.00102477 1.89513e-05 4.90344e-09 0.00041482 0.958312 4.09099e-10 0.000193722 2.88767e-08 3.93241e-08 5.97855e-10 2.17135e-05 2.09621e-05 4.44335e-10 0.000275176 1.26391e-10 
1.17191e-05 0.0129379 1.07227e-05 0.0183205 2.53486e-06 0.254575 1.35503e-06 2.13637e-06 2.56827e-08 1.43318e-05 2.26276e-07 7.78383e-06 0.166406 0.285657 0.00282345 2.64857e-06 0.00387594 2.11748e-06 5.56065e-06 0.0591147 0.0528517 4.18207e-07 0.141864 0.00151278 
7.00622e-05 0.173326 0.0973996 0.0254965 0.00033027 0.00345593 0.00346252 0.120361 0.000677068 0.0021275 0.000187056 0.000765396 0.131457 0.331131 8.80864e-06 0.0186091 7.73954e-07 0.00597507 1.56893e-06 0.0204801 0.00557047 2.239e-07 0.00377328 0.0553324 
0.0189399 0.000720626 1.77325e-07 0.0064103 0.00322504 0.023143 3.97076e-06 0.00193387 8.55038e-09 3.24484e-05 1.7786e-08 8.28406e-11 0.00107714 0.707527 1.85814e-05 7.46872e-08 0.0196433 0.000998976 1.97721e-10 0.00626373 0.204474 1.2778e-06 0.00556819 1.8408e-05 
0.000965202 0.0199005 0.00727978 0.0272653 0.0223278 0.2665 0.000131127 0.00381126 0.00264823 8.81419e-07 5.02627e-05 2.05522e-06 0.0186598 0.493108 0.000216948 0.00652286 0.00132364 0.00240826 0.00193924 0.00860085 0.101645 3.90878e-09 0.00445991 0.0102324 
1.69609e-05 0.126844 0.000812842 0.0182271 0.0114899 0.000132039 0.000152298 0.00185638 0.000113503 0.00112334 0.00528722 3.31163e-08 0.0304904 0.658076 8.4529e-06 0.0957081 1.31209e-06 0.00101083 5.85279e-08 0.0137603 0.00179576 0.0012496 0.0304505 0.00139383 
0.000187969 0.0155515 0.000648486 0.0448549 0.013478 0.0494579 7.12162e-05 0.0216984 0.000164678 0.128781 1.05815e-05 0.00289708 0.157176 0.457346 0.0042485 0.000600227 0.00910452 0.00719031 8.82249e-05 0.010762 0.00403365 6.33639e-08 0.0709044 0.000744013 
2.19465e-11 1.14511e-11 9.77631e-08 0.0282003 9.78131e-08 0.00771683 3.96684e-11 0.0165276 4.04397e-11 2.39168e-11 1.52428e-11 4.01119e-11 3.85991e-08 0.91906 6.55113e-11 2.84164e-11 9.58191e-12 1.30783e-11 9.1918e-07 7.59272e-08 0.0284944 7.11538e-11 8.86603e-12 2.02397e-11 
0.00339716 0.0624871 0.0220009 0.0742144 0.0209252 0.0183033 0.000779116 0.117421 0.000274024 0.00298954 0.00133303 0.0102338 0.112893 0.294971 0.000171737 0.00332127 0.0114251 0.00963158 0.00052434 0.167449 0.0316465 8.27625e-07 0.0328798 0.000727553 
0.00267352 0.0433929 7.16962e-05 0.084255 0.0145827 0.0271328 3.18643e-05 0.00751147 0.000111209 0.0305929 0.000186573 0.0182665 0.113591 0.612125 0.00012694 0.0129052 0.00160251 0.00328858 5.4717e-08 0.0079211 0.00255711 1.61329e-06 0.0170705 1.08199e-06 
0.00321991 0.00410397 0.00498218 0.0124141 0.00397278 0.0306071 0.000341459 9.72141e-05 0.000178409 0.014259 2.23286e-06 0.000660443 0.0253819 0.724106 6.36073e-05 0.000684948 0.000147039 0.00425512 9.73258e-07 0.000968248 0.00552209 7.2334e-07 0.108993 0.0550374 
0.0277554 0.10299 0.0223979 0.0783258 0.00693502 0.115416 0.000254717 0.0247027 0.00194663 0.0606125 5.42036e-06 0.000227978 0.0446546 0.341528 6.89043e-05 5.41834e-07 0.00123999 0.124479 3.12927e-08 0.0190128 0.00638843 1.00735e-06 0.0197134 0.00134273 
0.000471205 0.0811389 0.00909591 0.0169655 0.00485916 0.0112826 0.000186672 0.063122 1.67013e-05 0.00022126 0.000145239 3.17837e-07 0.0415082 0.671977 6.45953e-05 0.00941334 0.0246155 0.000341349 9.90199e-06 0.0240245 0.00905321 5.63806e-07 0.0203026 0.0111838 
0.016477 0.00432983 0.00278064 0.0439087 0.00410177 0.0533821 0.000292534 0.183963 0.000665806 0.00110564 0.00107501 0.000270354 0.0759052 0.393775 1.92391e-05 0.00742657 0.0052885 0.000172902 5.44907e-07 0.0610946 0.0348128 7.96803e-08 0.108652 0.000499491 
0.00213501 0.100011 1.52633e-06 0.191007 0.0143616 0.053628 7.2955e-06 9.42742e-05 0.00471376 0.0178328 6.13426e-08 1.05928e-06 0.0201102 0.427999 0.00876933 7.56262e-09 0.00146907 0.0617509 2.54792e-08 0.073857 0.0052561 1.89366e-08 0.00815628 0.00883779 
0.000516931 0.113275 8.81543e-06 0.0538907 0.0125971 1.12223e-06 7.20097e-10 0.0933739 1.53774e-06 0.0390179 1.82471e-06 7.28149e-10 0.0534294 0.482401 0.0732976 2.19511e-06 1.7394e-10 0.0456544 1.73792e-09 0.00279875 0.0226621 1.29165e-09 3.61921e-07 0.00706888 
1.15484e-07 0.0203416 0.00837957 0.00370605 0.000268099 0.0161216 2.08738e-07 5.1543e-05 0.00235101 1.25852e-07 8.02087e-08 2.11072e-07 0.0784101 0.803827 0.00114812 0.000926127 5.04207e-08 6.88187e-08 5.03779e-07 0.0294711 0.00592279 3.74417e-07 0.018648 0.0104258 
8.78662e-05 0.0262821 0.00035675 0.000208065 3.86721e-05 0.00119909 0.000267466 0.00989326 0.000390618 9.97633e-07 0.000371109 0.00023944 0.00625354 0.85748 1.28413e-06 0.0271281 1.67257e-10 0.00218047 2.59599e-07 0.00140481 5.42624e-06 4.88093e-07 0.0632795 0.0029303 
0.00746754 0.0346999 0.0071527 0.028497 0.149551 0.0803941 0.000305999 0.0735794 0.000102961 0.132274 0.00036362 0.0037158 0.0542063 0.204263 1.20677e-08 0.00861806 6.22574e-05 0.00543193 8.32035e-07 0.0763557 0.0040675 4.49402e-09 0.121575 0.00731616 
0.0011102 1.37983e-07 0.00135837 0.123482 0.000281042 0.16083 2.918e-08 0.0230571 1.12516e-09 0.000140181 1.10976e-11 2.92036e-11 0.000103935 0.514023 0.00410732 2.06887e-11 5.72989e-08 0.0104719 6.97022e-11 0.0111883 0.149837 5.18037e-11 9.1844e-06 1.47355e-11 
5.25128e-06 0.0945505 0.0320324 0.0236428 5.25276e-06 5.25314e-06 5.24918e-06 5.25273e-06 5.24907e-06 5.25104e-06 5.25207e-06 5.24914e-06 0.18543 0.519264 5.2461e-06 5.2505e-06 5.25273e-06 5.25232e-06 5.2425e-06 0.063045 0.039398 5.24543e-06 0.0425531 5.25147e-06 
0.00365355 0.0192662 0.00104041 0.0392174 0.0346743 0.0298879 0.000141602 0.0752979 0.000373949 0.174251 0.00389727 3.29391e-05 0.0692599 0.298459 0.0726961 0.00200116 0.0138353 0.0146775 0.000248091 0.0467454 0.0423055 3.78999e-05 0.0564823 0.00151795 
0.00010534 2.3643e-07 2.64807e-07 4.93603e-12 8.53677e-07 0.0201329 0.000232985 0.000467846 0.000725747 1.29035e-11 1.26337e-08 1.2084e-05 0.000343012 0.624936 3.67904e-07 0.000299639 7.16404e-07 1.17955e-08 5.16521e-11 6.95094e-08 0.000169493 3.83886e-11 0.352269 0.000303782 
0.000876348 0.0849974 7.56899e-06 0.0523036 6.91194e-06 0.0175941 6.61343e-07 0.000737673 6.74203e-07 7.10403e-05 2.54125e-07 6.68738e-07 0.00946855 0.708666 3.22116e-05 3.25328e-05 0.00283947 1.71464e-05 1.59612e-06 0.022669 0.0718808 2.42251e-06 0.0277928 3.37432e-07 
0.0044332 0.106536 6.94748e-06 0.00291931 0.0623698 0.0356277 5.8592e-07 1.76061e-06 0.000678717 0.0607856 2.47972e-07 5.38748e-07 0.0242916 0.433837 8.85709e-06 1.73047e-06 0.000523421 0.201363 3.61906e-09 0.0281968 0.0147421 2.68974e-09 0.000541744 0.0231332 
1.23922e-05 0.0158066 2.26302e-06 0.132486 0.000752016 0.000887884 1.7893e-05 0.000108004 1.25041e-06 0.00321039 1.73761e-07 6.97315e-05 0.0154938 0.786929 9.7123e-07 2.05331e-06 1.76353e-05 0.0269599 0.00778792 0.00250319 0.00211642 0.00128059 0.00159078 0.00196268 
0.000401155 0.025576 0.0225826 0.00572335 0.01831 0.0226176 2.43071e-05 0.0044226 0.00246009 0.00471388 0.0586732 0.000504901 0.0027074 0.66992 0.00113503 0.02059 0.0073091 0.00279242 1.07355e-07 0.0814016 0.0379484 3.33464e-06 0.00928105 0.000901807 
2.16154e-05 0.00957841 0.00267288 0.00320711 0.000690217 0.00938132 0.00220369 0.00154267 0.00112964 6.25504e-05 0.00106093 0.00473476 0.0317532 0.883632 5.74042e-07 2.79186e-05 1.11079e-05 0.000166416 9.61506e-11 0.0151713 0.00392978 7.14606e-11 0.0189346 0.0100869 
0.00298794 0.0782591 4.12327e-05 0.300646 0.00797252 0.0101514 0.000558287 0.000350615 0.00017893 0.00458868 0.000337949 2.33613e-07 0.031118 0.348948 1.5977e-05 0.0670505 1.0572e-06 0.0214848 0.0240851 0.0214429 0.00136993 0.00170199 0.0507772 0.0259324 
3.85099e-06 0.117239 6.81362e-05 0.00778505 0.0165607 1.36051e-07 0.00138917 0.00260886 2.18267e-05 0.00212012 0.00642148 1.79676e-09 0.0079149 0.824098 1.50221e-07 0.0105481 3.5502e-06 4.81408e-05 2.44089e-08 0.000953121 2.99653e-05 1.00273e-10 0.00213633 4.93803e-05 
0.00157205 0.00824679 0.00144188 0.0895022 0.0397984 0.20294 4.37378e-05 0.00267333 0.002593 0.123751 1.31823e-05 0.00555008 0.0235134 0.272255 0.0496541 0.000169921 0.0372197 0.01958 3.297e-08 0.0517049 0.0359088 8.07608e-07 0.0318598 8.08115e-06 
0.000107589 0.250784 0.000659911 0.0557677 0.0767401 0.00387688 0.00274691 0.00300337 2.39154e-05 0.00791992 0.0102836 7.21653e-06 0.0211282 0.461815 3.01227e-05 0.0285731 2.95751e-05 0.0165953 2.8707e-09 0.0374002 0.00287138 0.00016945 0.0130919 0.00637448 
0.00131052 0.0113034 0.00156943 0.0375528 0.0199994 0.0331409 2.12053e-06 0.00441907 0.00561442 0.000349118 1.78524e-05 0.000349057 0.00981025 0.39031 4.31923e-07 0.0653638 6.51889e-05 0.00724477 0.000174337 0.0147246 0.00054066 1.54793e-06 0.0394791 0.356657 
0.0029532 0.159114 0.00139041 0.190251 0.0233918 0.0762802 0.000300131 0.0121567 0.00905575 0.0292368 4.14134e-05 8.14955e-05 0.0272308 0.310221 0.00326305 0.0362097 0.000411864 0.0137368 0.0095319 0.0306149 0.0269776 0.000329859 0.0347113 0.00250796 
0.000615042 0.0652186 0.0282068 0.00509963 0.0886065 0.0361981 0.000414638 0.194277 0.00157744 0.000832359 1.12077e-05 0.000709034 0.00459923 0.232629 0.000164393 0.0173738 0.000987075 0.00810353 9.089e-06 0.096805 0.0583179 0.00190272 0.0888521 0.0684899 
8.78662e-05 0.0262821 0.00035675 0.000208065 3.86721e-05 0.00119909 0.000267466 0.00989326 0.000390618 9.97633e-07 0.000371109 0.00023944 0.00625354 0.85748 1.28413e-06 0.0271281 1.67257e-10 0.00218047 2.59599e-07 0.00140481 5.42624e-06 4.88093e-07 0.0632795 0.0029303 
0.00122787 0.134829 0.000713598 0.0896708 0.0632054 0.0322083 0.0567505 0.0216049 0.00212161 0.00819301 0.079431 0.0131165 0.0327909 0.289722 0.000429429 0.000412318 0.00621743 0.00641311 4.71166e-06 0.0897886 0.0151171 1.00435e-05 0.0505083 0.00551391 
5.82823e-05 0.0553109 0.00183171 0.0257422 0.152161 0.0259998 0.000961922 0.00657616 0.000301212 0.0386161 0.000715018 0.000107693 0.0980302 0.319211 0.00016276 0.0155621 7.20888e-05 0.00229913 5.28726e-09 0.0460702 0.00625994 2.3942e-05 0.201321 0.00260522 
0.00115343 0.00589866 6.8174e-05 0.00849231 0.00173188 0.0125035 0.0173107 0.0275971 0.000634397 6.5688e-05 0.405984 0.00071874 0.00256624 0.47411 1.21285e-05 0.000183157 0.000197624 0.00176749 3.85306e-08 0.00212698 0.0309446 3.52976e-06 0.00566419 0.000265443 
0.00111398 0.0770477 0.0056382 0.0357698 0.0973673 0.0138427 4.34989e-05 0.0170958 0.000503633 0.0746516 1.3539e-05 6.55131e-05 0.124967 0.472225 0.000830805 0.00630025 0.000165529 0.00795017 0.00492374 0.0242311 0.0167728 7.47544e-07 0.017011 0.00146796 
0.00800941 0.0808674 0.00613912 0.126533 0.0290649 0.0100224 0.0113036 0.11471 5.50958e-05 0.000957572 0.00891013 0.00224865 0.0817278 0.163505 0.000102948 0.00515841 0.000154837 0.0608701 1.54245e-07 0.0287135 0.114124 7.98046e-07 0.0656969 0.0811238 
0.000695837 0.191379 0.000179989 0.0538649 0.239378 0.00679848 0.000620585 0.00687532 0.0101563 0.041039 0.000168452 0.00261411 0.0603438 0.316909 0.00130641 0.000528645 0.000334508 0.00475111 3.70531e-08 0.0281334 0.0208691 1.79806e-07 0.0121543 0.000899775 
0.00115343 0.00589866 6.8174e-05 0.00849231 0.00173188 0.0125035 0.0173107 0.0275971 0.000634397 6.5688e-05 0.405984 0.00071874 0.00256624 0.47411 1.21285e-05 0.000183157 0.000197624 0.00176749 3.85306e-08 0.00212698 0.0309446 3.52976e-06 0.00566419 0.000265443 
0.000695282 0.000599533 0.00159724 0.00185536 4.91214e-06 0.0108531 2.51984e-05 0.00256185 0.000288136 0.00216765 2.30124e-08 7.33802e-05 0.000117766 0.532389 2.99019e-07 0.000129617 0.000169853 1.46072e-07 2.89878e-10 0.000200664 0.00888515 2.15442e-10 0.435955 0.00143012 
1.56773e-05 0.177715 6.245e-06 0.069822 0.0369395 0.00786352 4.97958e-05 2.89291e-05 2.14754e-05 0.00193218 0.0014173 3.0576e-05 0.0814786 0.531505 0.00044547 0.00401208 6.97345e-06 3.16476e-05 2.56393e-07 0.0818322 0.000180169 1.90555e-07 0.00449244 0.000172247 
3.55691e-05 0.000195133 0.00103982 7.43536e-05 0.000188281 0.0638205 5.70954e-05 0.00185597 0.000884174 1.66743e-05 5.42978e-09 2.03318e-08 0.000853458 0.513354 0.000145489 7.82151e-05 3.05573e-07 2.08514e-05 2.82544e-10 1.59356e-05 0.00204969 2.09991e-10 0.414304 0.0010103 
0.0122977 0.000865597 0.00112832 0.129871 0.000468054 0.168456 2.76612e-05 0.0567468 0.000426404 0.0016857 2.08411e-08 4.8685e-09 0.00184598 0.381879 3.79169e-05 5.086e-07 0.0160775 0.0202779 0.000854747 0.0822815 0.0996707 3.02851e-10 0.0228524 0.00224757 
1.64358e-05 0.00578551 0.000596878 0.00415029 0.00104021 0.00387602 1.22909e-05 0.000176508 0.00318063 0.000369979 5.0308e-06 0.00820353 0.107964 0.82793 7.91312e-11 0.0013611 4.98623e-06 7.3926e-05 0.000460603 0.023241 0.000914132 1.11023e-08 0.0101437 0.000493445 
0.000525872 0.109661 0.0859773 0.126298 0.040502 0.136125 1.5662e-06 0.00170259 0.00399566 0.00448832 2.61617e-05 0.000331073 0.0593824 0.166102 7.81833e-07 0.03188 1.22709e-09 0.00841683 1.22605e-08 0.0377473 0.000535025 2.14559e-05 0.13935 0.0469303 
0.000567119 0.0745456 0.000546533 0.195346 0.063374 0.0189261 1.50131e-05 0.0280641 2.96236e-06 0.0536693 4.1529e-05 0.00128753 0.209626 0.29435 0.000139705 0.00431588 3.65387e-05 0.0131219 0.00319826 0.0143683 0.00604785 3.11166e-08 0.0158921 0.00251871 
2.58632e-06 0.0759496 7.48241e-05 0.082016 0.103428 0.000151375 9.13705e-07 0.000126363 4.12723e-06 0.0382967 3.14379e-06 0.00254428 0.0805556 0.608625 0.000278595 0.000254355 2.38544e-06 0.00109503 5.55168e-08 0.00620322 1.05537e-05 7.31006e-09 0.000376708 4.17015e-07 
8.13534e-10 0.00132935 1.00581e-07 5.96775e-07 0.000357703 2.27613e-10 3.4723e-06 5.93903e-06 0.000504686 6.07447e-07 7.19592e-05 1.48691e-09 0.000119196 0.991555 3.06864e-06 0.00600507 3.55191e-10 5.71588e-07 3.5489e-09 1.91994e-05 1.7186e-05 2.6376e-09 1.25951e-06 4.56915e-06 
5.28525e-06 0.0184052 8.74108e-05 6.00589e-08 0.000133097 3.0747e-05 0.00490397 0.00172079 1.26926e-05 0.0949674 2.13183e-05 0.00228086 0.0916662 0.763961 3.92472e-09 7.56445e-05 4.57802e-05 1.02609e-05 5.73557e-09 0.00895678 1.24526e-05 4.26276e-09 0.00592951 0.00677389 
2.02488e-05 0.0952912 3.3288e-06 0.00576119 0.00805955 0.0346917 0.000477083 0.00183216 2.30884e-05 0.00012673 1.00051e-05 0.0052708 0.0079815 0.718547 0.000343792 0.0175094 9.89074e-06 4.47894e-05 0.0040554 0.00892581 0.0254043 7.24908e-07 0.0608324 0.00477791 
0.000392905 0.215309 0.00147978 0.00987752 0.066304 0.0430682 0.00243937 0.00122676 0.00168806 0.00518156 0.0105028 0.000134699 0.0735457 0.304588 1.59089e-05 0.178556 0.0224512 0.00947728 3.65336e-08 0.0305911 0.00407941 0.00319157 0.00730728 0.00859143 
0.00141417 0.013959 0.000772236 0.175882 4.26228e-05 0.048896 4.75414e-05 0.00997514 1.31426e-09 0.00195669 4.95378e-10 1.24027e-08 0.0236599 0.364131 0.000244702 0.00119284 0.0066697 0.0162811 0.00296291 0.179286 0.0779465 2.31244e-09 0.0733789 0.0013009 
2.39552e-06 0.0293971 5.43428e-08 1.67875e-08 1.70914e-08 8.86114e-05 0.00664441 5.53831e-05 6.02521e-06 4.3885e-08 4.93542e-06 7.36014e-08 9.3343e-05 0.874273 1.20207e-07 0.00648635 1.88182e-05 5.26287e-05 1.75669e-07 8.87327e-09 9.93305e-05 5.22686e-06 0.00829705 0.0744752 
0.00145421 0.00379776 0.000207444 0.00181149 5.35743e-05 0.000218609 7.88904e-07 5.58883e-06 0.000625169 0.00508944 3.46861e-05 0.000132687 0.00102669 0.895408 8.72011e-08 0.00178607 1.27543e-08 0.00139013 0.00554569 0.00189129 2.12654e-06 1.13213e-06 0.0150686 0.0644489 
0.0116308 0.0363056 0.0429406 0.0327216 0.17761 0.0265153 0.00122279 0.00208495 0.000131314 0.00139333 1.76436e-05 0.000189102 0.04705 0.416 1.57348e-05 0.0120998 0.000949096 0.0294959 2.87893e-07 0.0577836 0.0588352 0.000182074 0.0311071 0.0137177 
4.10828e-05 0.00926813 0.00432908 0.0005688 0.00552667 0.0114067 3.57392e-06 0.0126579 1.14509e-06 7.44557e-05 3.42461e-07 5.07336e-08 0.000355017 0.947527 8.28588e-08 0.000481781 9.10435e-06 0.00116017 0.00271802 0.00125397 0.000762325 2.64216e-07 0.000436593 0.00141802 
0.0374354 0.0508908 7.70585e-05 0.0349328 0.00784193 0.0197846 0.0315603 0.0694116 0.00115765 0.000122235 0.00645267 0.00158088 0.0788015 0.600093 0.000176973 2.47402e-08 0.00939775 0.0151167 8.64321e-11 0.00981438 0.0132588 6.42377e-11 0.0119828 0.000110258 
0.000650868 0.0366552 0.0105437 0.0303928 0.0277529 0.0618525 0.000231334 0.113485 0.0192505 0.000265208 0.00277802 0.00382437 0.03826 0.403672 0.0188339 0.00196632 0.000515102 0.00726196 2.35324e-06 0.0254 0.0435218 4.13002e-06 0.147761 0.00511872 
0.00159199 0.00336315 0.00460099 0.209681 0.0264013 0.0882456 0.00710297 0.120909 0.00351944 0.00579285 6.57315e-06 0.00088772 0.0297389 0.235593 0.000252064 0.00787906 0.00480066 0.00607958 7.53818e-09 0.0294678 0.0139835 0.000463141 0.19582 0.00382053 
0.000885928 0.0274102 0.0362675 0.00126463 2.94544e-05 0.00594788 6.50992e-06 0.000384204 0.000581038 0.000832325 9.29362e-05 0.000355364 0.0234324 0.817503 8.19247e-07 0.00163628 0.000100054 1.35051e-05 1.19724e-06 0.0229516 0.00596878 8.8981e-07 0.028572 0.0257619 
0.00133427 0.0158413 0.00365726 0.0435947 0.096976 0.0238845 0.00192714 0.0194992 0.000546505 5.58193e-05 8.89905e-05 0.130264 0.00364979 0.369293 0.00739637 0.035334 0.000195952 0.00475751 5.70343e-06 0.0525849 0.0508204 1.75019e-05 0.0757924 0.0624823 
0.00197255 0.0147964 0.00234991 0.0536014 0.00257301 0.125218 7.10306e-05 0.00749264 0.00225319 0.0111009 5.0708e-05 7.57396e-07 0.0245093 0.628748 4.52174e-06 0.00839434 0.00117749 0.00254031 7.4515e-05 0.0152223 0.0748897 5.45343e-05 0.0166635 0.00624006 
3.05854e-05 0.051225 0.000793616 0.00524755 0.00124518 2.35986e-05 8.42916e-07 0.00387706 0.000157345 0.00050578 0.000180413 7.18967e-09 0.0109431 0.66242 3.54762e-07 0.199396 9.88574e-08 0.000177914 4.46096e-09 0.0323453 5.18264e-05 5.47319e-10 0.0313771 1.73006e-06 
0.00189454 0.0737548 0.0609993 0.029331 0.0117786 0.0553825 0.00489773 0.00726053 1.07838e-06 3.70201e-07 2.39241e-07 0.000721898 0.000865711 0.645009 6.24166e-09 0.0271693 0.000295158 0.000120852 4.88313e-06 0.0317341 0.0355338 4.71148e-07 0.00436349 0.00888051 
0.00100468 0.0455064 0.00825644 0.139696 0.014195 0.11377 0.000201745 0.0803891 0.000442013 0.00186257 4.86395e-05 0.000269059 0.0343175 0.239594 0.000191907 0.0178625 0.0169147 0.0347047 4.88007e-05 0.0955084 0.0914321 7.70518e-07 0.0563956 0.00738733 
0.00148117 0.103577 0.0255578 0.00866566 0.0151527 0.0115737 0.000495944 0.0046995 0.00124978 0.00140574 0.0144927 0.000580706 0.024483 0.69511 0.000684804 0.019394 0.000186848 0.00427261 0.000124055 0.0291218 0.00575429 1.12384e-06 0.0192325 0.0127021 
2.36981e-07 0.194561 5.4775e-07 0.210782 0.0157861 0.00159723 6.85061e-05 0.00187692 0.000174004 0.0328545 1.79087e-05 1.85326e-05 0.0549514 0.340525 0.00170555 0.112315 4.28334e-07 0.0300409 4.20169e-05 0.00118572 2.16135e-05 4.28395e-08 0.00147495 3.56127e-07 
0.00115343 0.00589866 6.8174e-05 0.00849231 0.00173188 0.0125035 0.0173107 0.0275971 0.000634397 6.5688e-05 0.405984 0.00071874 0.00256624 0.47411 1.21285e-05 0.000183157 0.000197624 0.00176749 3.85306e-08 0.00212698 0.0309446 3.52976e-06 0.00566419 0.000265443 
0.0111181 0.089609 0.00808617 0.000972584 0.00443859 0.0519053 0.0374016 0.00965536 0.00219457 6.90299e-05 1.37777e-05 0.000394795 0.00722345 0.515431 0.000211884 0.0178202 0.000572822 0.0191101 0.000129815 0.00365777 0.0213265 0.00511865 0.115923 0.0776164 
4.21272e-06 0.140237 0.000397752 0.0157556 0.0479356 0.00354132 5.88816e-06 0.00885539 0.000976101 0.000276832 2.86432e-05 0.00166631 0.151412 0.496613 0.00391323 0.0111985 6.01316e-07 0.00703526 2.7915e-07 0.0221818 4.26233e-06 1.20318e-05 0.0819877 0.00596004 
8.67351e-05 0.0105765 1.43221e-07 0.00817234 0.00274184 0.0173419 7.68765e-06 0.0563833 2.52262e-06 0.00275667 7.61194e-07 1.93977e-07 5.27048e-06 0.849941 3.16805e-07 0.0013029 1.92316e-05 7.73643e-06 0.0183034 0.0100704 0.000575076 9.71582e-06 0.0204322 0.00126222 
7.59072e-08 0.000526802 0.00079909 0.000436718 0.000373748 2.12375e-08 1.37202e-07 0.000579389 1.3987e-07 0.00718036 5.27208e-08 1.38736e-07 0.00296438 0.979379 0.000317448 0.000294954 3.34727e-06 4.52342e-08 3.31132e-07 3.51409e-05 0.00114947 2.46102e-07 0.00105185 0.00490733 
2.22324e-06 0.00561599 2.90404e-05 0.000604892 0.0261873 0.00445162 0.000300054 0.00112182 2.69008e-08 0.00150379 1.23975e-06 0.134313 0.0118305 0.598029 1.92123e-05 0.00363225 7.18576e-06 0.0207983 3.18287e-06 0.0158235 6.48686e-05 1.69584e-06 0.14571 0.0299495 
0.00198695 0.0989387 0.0619492 2.16879e-05 0.000916775 0.0972197 0.0105338 0.00632504 1.72463e-06 0.000155342 8.01454e-06 5.79312e-08 0.0292464 0.475109 1.26379e-05 0.000828954 3.71976e-06 0.0247048 0.00120499 0.00123115 0.0371053 7.7774e-06 0.0495297 0.102958 
0.0785721 0.00654687 6.52462e-05 0.000617662 0.00505076 0.012589 0.0275381 0.0693879 0.000302882 7.14397e-05 0.363172 0.000239196 0.00259642 0.399511 1.1811e-06 0.0017954 3.3973e-06 0.000893681 1.39278e-07 0.00581272 0.020755 7.02368e-06 0.00221603 0.0022545 
0.0699141 1.45347e-07 0.000776093 0.0103713 0.0104538 0.157807 2.96075e-05 0.0982102 0.00096608 0.000372712 3.55041e-05 8.34376e-05 0.0033068 0.397278 2.00621e-11 1.96726e-05 0.000469857 0.00144314 2.93186e-11 0.00257293 0.0734552 7.68081e-09 0.170219 0.0022152 
0.000183562 0.000206038 0.0390555 4.95623e-05 0.0116015 0.00108869 5.80996e-07 4.47205e-05 1.15358e-05 0.031805 2.23251e-07 5.87492e-07 4.78701e-05 0.821426 1.86878e-05 0.0013551 1.63856e-05 7.48859e-05 1.40221e-06 0.000172972 0.00171418 1.04214e-06 0.0505533 0.0405702 
2.77499e-06 2.47393e-07 8.46346e-08 0.000146255 6.04561e-06 0.0070853 0.00191182 0.0240248 4.71207e-10 0.000129257 6.09983e-08 0.024975 0.000211482 0.907072 2.05782e-07 3.31111e-10 0.00124507 0.0213949 1.11555e-09 5.63475e-11 0.00204825 1.16784e-07 0.00972255 2.40346e-05 
0.000882703 0.0727743 0.0253341 0.0893885 0.0202776 0.0485576 0.00492841 0.0737002 0.031188 0.00105977 0.000377769 7.22108e-06 0.0156882 0.176125 2.18187e-06 0.00279846 0.000103841 0.107448 0.000620467 0.0230233 0.0770678 1.06532e-05 0.0920054 0.13663 
0.00115343 0.00589866 6.8174e-05 0.00849231 0.00173188 0.0125035 0.0173107 0.0275971 0.000634397 6.5688e-05 0.405984 0.00071874 0.00256624 0.47411 1.21285e-05 0.000183157 0.000197624 0.00176749 3.85306e-08 0.00212698 0.0309446 3.52976e-06 0.00566419 0.000265443 
5.08735e-05 0.0894928 0.00135544 0.0073147 0.00246387 0.000135027 2.24765e-05 0.00442567 8.08344e-05 0.000238793 0.000182907 7.75784e-07 0.0146314 0.623401 2.62253e-06 0.193434 1.32062e-06 0.000189601 3.877e-09 0.0244286 6.43688e-05 4.81882e-10 0.0379016 0.000181389 
1.67998e-06 0.0153493 0.00479829 0.0219902 0.0129499 0.030003 3.10484e-08 0.00330181 1.63566e-05 1.38352e-06 1.19305e-08 3.13956e-08 2.70807e-05 0.765996 3.43249e-07 2.73632e-05 0.000731201 0.00047722 1.48901e-05 0.0625432 0.0806255 2.33641e-05 0.00106232 5.9862e-05 
0.00189454 0.0737548 0.0609993 0.029331 0.0117786 0.0553825 0.00489773 0.00726053 1.07838e-06 3.70201e-07 2.39241e-07 0.000721898 0.000865711 0.645009 6.24166e-09 0.0271693 0.000295158 0.000120852 4.88313e-06 0.0317341 0.0355338 4.71148e-07 0.00436349 0.00888051 
0.0106146 0.0386185 0.00789114 0.0516358 0.00851369 0.041493 0.00377816 0.0108593 0.00143847 0.0230673 0.0136767 0.000579697 0.016795 0.591997 0.000708419 0.00981973 0.00175106 0.0177595 0.0270714 0.037073 0.012173 0.00750041 0.0252845 0.0399006 
0.000452013 0.331407 1.27087e-07 0.0796374 0.0434189 0.0277124 0.000746058 0.00203797 4.57799e-06 0.0105648 5.0966e-07 2.28883e-06 0.042467 0.430182 0.000138159 3.52825e-07 0.000131335 0.00617341 7.39318e-10 0.00627051 0.0016904 0.000514683 0.0163443 0.000103617 
0.000522203 1.06899e-06 5.85829e-06 0.161777 0.192328 0.00502109 2.05199e-07 0.0181641 4.14372e-07 0.000612369 6.70054e-08 9.6511e-11 0.00985003 0.561503 1.39904e-07 6.83712e-11 2.98028e-08 0.017938 2.30349e-10 0.0302901 0.00033766 1.3185e-07 1.74885e-05 0.00163154 
0.000871121 0.0166489 0.00814261 0.00706724 0.0127682 0.0298285 0.00192198 0.007166 0.0195576 0.00777638 0.000460469 0.00029918 0.055713 0.436135 8.18896e-05 0.00798217 0.0165025 0.00756948 0.000396527 0.0180939 0.0518256 1.53155e-06 0.10188 0.191311 
3.05854e-05 0.051225 0.000793616 0.00524755 0.00124518 2.35986e-05 8.42916e-07 0.00387706 0.000157345 0.00050578 0.000180413 7.18967e-09 0.0109431 0.66242 3.54762e-07 0.199396 9.88574e-08 0.000177914 4.46096e-09 0.0323453 5.18264e-05 5.47319e-10 0.0313771 1.73006e-06 
0.0988777 0.0208266 0.000992641 0.0178911 0.0108142 0.017762 0.00805079 0.108757 0.00125666 0.000180066 0.23956 0.000185707 0.00200381 0.345816 0.00571618 0.0416935 0.000517568 0.0076145 3.63325e-08 0.010781 0.00423972 1.78154e-07 0.0541309 0.00233199 
7.12681e-05 0.0428416 0.00316552 9.13535e-05 0.159359 0.119729 0.000640094 0.023195 0.0436134 7.30381e-05 2.9385e-05 2.13427e-05 0.00051769 0.337833 0.00249824 0.000645617 0.000886734 0.0188876 0.156367 0.0774189 0.000299138 6.87659e-08 9.89679e-05 0.0117169 
2.19219e-05 0.239987 4.17223e-05 0.00908308 0.058887 0.00161357 6.97661e-05 8.49354e-05 6.52375e-08 0.000450485 0.0132465 2.14002e-07 0.032629 0.470126 1.27115e-07 0.164088 1.00519e-08 0.00118411 5.42071e-08 0.00637333 0.00108716 0.000103032 0.000785809 0.000136431 
0.00895406 8.07848e-05 0.000249442 0.00609414 0.00277658 0.105193 5.21571e-05 0.00674614 0.000169725 0.000224674 1.66017e-06 2.64924e-07 0.00179309 0.527632 2.03628e-06 6.61666e-05 0.00253053 3.30305e-05 7.81375e-09 0.000487659 0.00566849 5.8073e-09 0.318325 0.0129199 
