0.0483574 0.0237243 0.478603 0.00739042 0.00251503 0.0509478 1.48196e-06 0.00490583 0.000310201 0.00392859 1.15731e-07 4.25555e-05 0.005071 0.00618295 5.88774e-09 0.0526835 0.000836391 0.0050106 8.60432e-09 0.18248 0.124514 1.49225e-07 0.00230223 0.000193237 
0.00154134 0.12804 0.00258456 0.110209 0.00975423 0.140226 0.00088785 0.0589013 1.3268e-05 0.00180871 0.000112442 0.00306227 0.202435 0.00545097 4.62917e-06 0.0436642 0.0124425 0.0208563 6.73918e-06 0.191619 0.0333878 1.082e-05 0.00878953 0.0241916 
0.000572155 0.0164704 0.000138836 0.0456876 0.0239892 0.00609657 0.00110868 0.00658435 5.98847e-05 8.85308e-05 0.000155064 9.8441e-05 0.00997813 0.00419077 9.45369e-07 0.00108385 1.37553e-05 0.20219 4.23058e-05 0.0568202 0.000452078 0.0122591 0.0264628 0.585457 
0.000596286 0.013752 0.0175833 0.00313649 0.00871284 0.00532331 0.000122799 0.087199 3.56513e-05 0.00054039 7.58141e-05 4.82364e-06 0.00217408 0.0173252 5.68745e-08 0.0336116 4.27391e-07 0.00205935 4.2059e-05 0.0049658 0.0197457 5.10483e-06 0.0129574 0.770031 
6.591e-05 0.00530653 0.00181406 6.58467e-06 0.0283553 0.00544747 0.000444474 0.0466967 0.000315104 0.00036263 1.37833e-05 4.10454e-06 0.0274511 0.000176518 1.3315e-09 0.00250528 1.99868e-05 0.070437 1.94585e-09 0.167471 0.000681914 4.16736e-05 0.443823 0.198561 
0.000877161 0.0407533 0.00528116 0.00598557 0.105411 0.0656762 0.00023518 0.0597385 0.255938 0.0104244 0.0940988 0.00583073 0.0726157 0.0041306 1.4451e-06 0.00459968 0.00508966 0.0482144 6.54337e-06 0.0670276 0.00659724 1.24758e-05 0.0649519 0.0765028 
0.00371371 0.121522 0.157957 0.0170804 0.015117 0.112652 0.000657166 0.0292544 0.0128366 0.00110946 3.0476e-06 0.0107813 0.0458419 0.00799644 1.56641e-08 0.0380796 1.11388e-05 0.0109241 2.28915e-08 0.0281532 0.141007 6.7389e-07 0.140824 0.104478 
8.06649e-05 0.0354312 0.00245758 0.0222608 0.024874 0.00766634 0.00147138 0.0185407 0.000477351 9.69849e-05 0.0116883 7.29305e-05 0.0136958 0.00466187 3.32711e-05 0.000396871 0.00606025 0.036328 0.000789998 0.0401202 0.0130266 0.575503 0.145296 0.03897 
0.000837511 0.06491 0.00328163 0.0411105 0.230072 0.140902 0.00814478 0.0365845 0.000501044 0.0167515 0.000375975 0.000142052 0.0159058 0.00011168 1.06974e-07 0.00323827 0.004839 0.110225 3.18642e-05 0.164422 0.0761779 7.18352e-05 0.0193033 0.0620601 
0.000338704 0.00289456 0.000125302 0.0802166 0.00448078 0.0186454 0.00187331 0.140936 3.7614e-05 0.000848684 1.25118e-05 1.23941e-05 0.0445101 0.00113041 6.57747e-09 0.000994164 0.00215791 0.00599889 5.76593e-08 0.639641 0.000659465 3.82802e-07 0.0527412 0.00174529 
4.06876e-05 0.0127873 8.75203e-05 0.00907203 0.0357596 0.00728839 0.0448031 0.0964929 0.00212729 0.00145697 8.25344e-05 0.000377491 0.0132298 0.00188962 1.39122e-06 0.000432713 5.28031e-05 0.609816 0.00333642 0.126618 0.000516211 2.87208e-05 0.024163 0.00953948 
0.9312 0.000289591 0.000747887 0.000770457 0.000516963 0.0216134 0.0002444 0.00726176 3.49506e-05 6.38432e-05 3.33009e-06 6.59678e-05 0.00381316 0.000157542 1.71413e-12 4.69597e-10 0.00274773 0.000544948 2.50502e-12 0.0114612 0.00687332 5.57924e-10 0.0112959 0.000293935 
0.000139329 0.00761108 0.00472703 0.0432734 0.0765529 0.0835069 3.74678e-05 0.00516107 0.000618574 0.114219 1.21385e-05 1.96953e-05 0.0862723 0.140237 3.73833e-07 0.172434 0.00448167 0.012221 5.46317e-07 0.184488 0.0252423 4.06031e-07 0.0380121 0.00073177 
0.0626653 0.000535708 0.000934946 0.0146259 0.0344055 0.206122 0.00209629 0.0200385 3.88463e-05 0.000275977 1.98342e-06 0.00106378 0.00533094 5.80237e-06 3.33649e-07 0.000204758 0.0209792 0.00956332 6.92782e-05 0.00577004 0.590819 5.76187e-06 0.0243951 5.107e-05 
0.9312 0.000289591 0.000747887 0.000770457 0.000516963 0.0216134 0.0002444 0.00726176 3.49506e-05 6.38432e-05 3.33009e-06 6.59678e-05 0.00381316 0.000157542 1.71413e-12 4.69597e-10 0.00274773 0.000544948 2.50502e-12 0.0114612 0.00687332 5.57924e-10 0.0112959 0.000293935 
0.00851696 0.00169395 0.000256193 0.135749 0.0147843 0.0213844 0.00230255 0.0551823 0.00230134 0.000223543 4.67965e-05 0.00186121 0.00960427 0.000894717 2.2596e-06 2.09829e-05 0.00191261 0.612454 1.04242e-05 0.0804165 0.00115925 1.86067e-05 0.0485504 0.000653584 
0.00013941 0.000872703 2.27878e-05 0.000144977 0.049414 6.0307e-05 2.60167e-06 0.000589362 1.1124e-05 2.28066e-05 3.36161e-05 5.39899e-05 0.000539204 0.00307973 5.07105e-07 0.000145746 1.79688e-06 0.169011 2.71175e-05 0.00961591 2.47223e-05 5.65283e-05 0.711681 0.0544498 
0.943 0.000270737 0.000723316 0.00148613 0.000516363 0.0148429 0.00016001 0.00678211 2.28899e-05 4.18021e-05 2.18215e-06 4.31958e-05 0.00322752 0.000448001 5.26939e-12 4.68407e-06 0.00193232 0.000527339 7.70066e-12 0.00984658 0.00449901 8.33636e-10 0.0114304 0.00019243 
0.00777791 0.0910333 0.0532365 0.00256646 0.00943784 0.265048 0.0389893 0.0641561 0.000227003 0.00244276 0.000381269 0.00087774 0.024943 0.00688876 7.05752e-06 0.0856524 0.0989209 0.00851883 0.000281782 0.0279402 0.0235771 0.00123535 0.116743 0.0691167 
0.00106204 0.026877 0.000374259 0.062587 0.0640525 0.0106106 0.00045416 0.0269052 0.000439884 0.0181768 0.017104 0.0321222 0.537379 0.0253026 3.55302e-05 0.0646674 0.00203821 0.00323228 8.19348e-05 0.0760102 0.0102829 0.000161712 0.0197683 0.000274357 
0.000303783 0.0530705 0.000407501 0.0048166 0.00192535 0.0338255 0.0305073 0.000540568 0.00203827 0.00686266 1.42126e-06 0.000144698 0.0858053 0.521401 5.57852e-07 0.0387811 6.74529e-07 0.12934 5.97992e-05 0.0154171 0.00401658 6.059e-07 0.0263505 0.0443824 
0.943 0.000270737 0.000723316 0.00148613 0.000516363 0.0148429 0.00016001 0.00678211 2.28899e-05 4.18021e-05 2.18215e-06 4.31958e-05 0.00322752 0.000448001 5.26939e-12 4.68407e-06 0.00193232 0.000527339 7.70066e-12 0.00984658 0.00449901 8.33636e-10 0.0114304 0.00019243 
0.00263557 9.08718e-07 0.0122635 0.00863417 9.08761e-07 0.0319007 9.08141e-07 9.08755e-07 9.08122e-07 0.0992048 9.08641e-07 9.08134e-07 0.0186307 0.0077218 9.07608e-07 9.0837e-07 0.00536258 0.791193 0.000817193 9.08856e-07 0.0121774 0.00272338 0.00354512 0.00318079 
0.00049074 0.0596632 0.000507425 0.000708032 0.123768 0.00559944 0.559189 0.00179732 0.00240805 0.000132738 0.013288 0.00047208 0.0179982 0.00519609 7.25245e-06 0.00240184 0.0103966 0.0162413 0.00243811 0.147538 0.000623123 1.86135e-05 0.0260149 0.00310136 
0.0108389 0.00996849 0.00116859 0.00630569 0.0106207 0.25648 0.000510034 0.000470777 5.31862e-05 0.0025801 6.79374e-06 0.00134007 0.0642665 0.0376305 1.54192e-08 0.00314517 0.0325399 0.0288388 3.67077e-05 0.0672346 0.0167402 1.7594e-06 0.0585544 0.390668 
0.00264878 0.0097656 0.312504 0.0295859 0.00294354 0.0458797 0.000403107 0.367836 0.00098634 0.000607581 3.7319e-05 0.00286028 0.00702324 0.00900753 2.51837e-11 0.000831591 0.000162917 0.0130321 3.68033e-11 0.0872617 0.0997143 1.47714e-06 0.0029582 0.00394862 
0.00383964 0.000672796 0.000125278 0.0200803 0.00543493 0.0306838 0.000256088 0.138464 5.55253e-09 5.81695e-09 7.71391e-06 3.30038e-08 0.00729292 7.71697e-09 6.4245e-13 9.39155e-09 0.0249602 0.00573571 9.38873e-13 0.63103 0.00240205 5.58925e-10 0.128823 0.000191082 
0.00331873 0.0520641 0.0243326 0.0372172 0.00948987 0.0241356 0.000110298 0.16534 0.00123968 0.00340548 1.47939e-05 0.000137003 0.111688 0.00322916 1.38667e-06 0.0078574 0.000169702 0.0291986 4.35798e-06 0.473854 0.00289207 2.96144e-06 0.0482714 0.00202518 
0.9312 0.000289591 0.000747887 0.000770457 0.000516963 0.0216134 0.0002444 0.00726176 3.49506e-05 6.38432e-05 3.33009e-06 6.59678e-05 0.00381316 0.000157542 1.71413e-12 4.69597e-10 0.00274773 0.000544948 2.50502e-12 0.0114612 0.00687332 5.57924e-10 0.0112959 0.000293935 
0.00129079 0.0230106 0.000547015 0.408439 0.00635887 0.0182782 0.00278751 0.0408565 3.05648e-05 0.00570403 0.000919754 0.0140769 0.187849 0.00154537 1.89664e-06 0.00287041 0.000791042 0.155484 0.00021119 0.0733347 0.000696738 3.37972e-05 0.0418394 0.013043 
0.00665766 0.0604253 0.000418704 0.0165806 0.00054355 0.0165882 5.96682e-05 0.292485 2.95298e-05 4.95356e-05 9.74172e-07 1.94315e-06 0.0623895 0.00272867 1.10867e-09 0.00843974 0.00556777 0.000561492 1.6202e-09 0.40861 0.00299792 3.43649e-05 0.114002 0.000827495 
0.0547226 0.00478649 5.4865e-05 0.00707455 0.0558282 0.314693 0.000185157 0.00431491 0.000460497 3.43545e-05 0.000634041 0.000781376 0.0246529 6.63003e-06 2.49724e-09 0.000205574 0.0011135 0.0235762 3.64945e-09 0.0283504 0.0722926 1.9798e-05 0.187923 0.21829 
0.000714668 0.00231843 0.00446509 0.00218425 0.0017338 0.024503 0.00023742 0.121635 0.0341948 0.000821721 5.39725e-05 0.00254065 0.0104175 0.00159239 8.86624e-06 0.0148644 0.00280328 0.00439276 5.65939e-05 0.0265264 0.00438954 6.30192e-05 0.00331801 0.736164 
0.00464012 0.105772 0.0103997 0.0337236 0.0401186 0.0360783 0.0122367 0.018282 0.0515183 0.243139 0.00179449 0.00962703 0.134407 0.0265328 0.000367406 0.0128287 0.0223973 0.111727 0.00195363 0.0410296 0.00735953 0.00961666 0.0179042 0.0465459 
6.46474e-05 0.0247527 0.000162667 0.0763987 0.0536608 0.033257 0.001493 0.0032107 0.000478675 0.000306145 1.50071e-05 1.84994e-07 0.0153695 0.000773078 2.06691e-08 0.00155943 0.00011988 0.40619 2.76915e-08 0.313954 0.0137364 4.45451e-05 0.0496894 0.00476283 
6.11725e-05 0.219697 0.0467807 0.00155707 0.198591 0.0419773 0.00453383 0.000873213 0.0461624 0.0152363 0.00114786 0.00454145 0.0123475 0.00609792 6.98658e-10 0.0368632 3.32216e-05 0.00856566 1.02101e-09 0.0483436 0.00847158 7.58834e-10 0.0667942 0.231324 
0.0075986 0.00653772 0.00579465 0.0156746 0.00289002 0.0294741 1.96073e-05 0.0249465 6.40263e-06 0.000907587 3.18962e-05 0.000127586 0.0164147 0.0205604 1.14429e-06 0.00846854 0.0175627 0.00508488 4.4505e-05 0.710006 0.00695928 1.155e-05 0.106076 0.0148007 
0.0500217 0.00758137 0.000379907 0.0432015 0.0231361 0.0131682 0.569252 0.00515757 0.0444782 0.00444111 0.00537086 3.45665e-08 0.00320818 0.00371265 1.2626e-09 0.000229034 6.10097e-05 0.022557 1.84515e-09 0.00514685 0.000167349 2.28287e-05 0.178762 0.0199446 
0.000100247 0.0371277 0.000916298 0.0800128 0.0248697 0.00640181 0.00054991 0.0713142 3.71119e-05 0.0381209 6.54957e-05 0.000885619 0.147951 0.00144888 1.07865e-06 0.00745084 0.00391007 0.468755 8.83321e-05 0.0375068 0.021137 6.82262e-06 0.0501054 0.00123742 
0.00931604 0.102508 0.00332902 0.0540676 0.118329 0.134938 0.00186853 0.00745079 0.0142354 0.0285925 0.000191425 0.000657894 0.0273043 0.00580574 6.45033e-06 0.0207263 0.00424554 0.0542875 1.05134e-05 0.0558539 0.0153161 2.95648e-05 0.234586 0.106344 
0.0637024 0.010753 0.00370321 0.00550717 0.016137 0.711941 2.88103e-05 0.0658951 7.54719e-06 0.000191741 6.96217e-05 5.64843e-06 0.0056245 9.84343e-05 2.2071e-07 8.11024e-05 0.0219534 0.00331615 5.75387e-07 0.0629166 0.0197329 1.47379e-05 0.00541491 0.00290414 
0.9312 0.000289591 0.000747887 0.000770457 0.000516963 0.0216134 0.0002444 0.00726176 3.49506e-05 6.38432e-05 3.33009e-06 6.59678e-05 0.00381316 0.000157542 1.71413e-12 4.69597e-10 0.00274773 0.000544948 2.50502e-12 0.0114612 0.00687332 5.57924e-10 0.0112959 0.000293935 
9.1447e-05 0.000120393 0.000121816 1.61416e-05 0.000288345 0.00130754 0.000144151 0.0028367 0.972346 1.51499e-05 5.76101e-05 0.000696598 0.000328111 0.00867965 9.97314e-12 0.000631056 0.000219802 0.00023229 1.45747e-11 0.000114922 0.00058868 7.75507e-08 0.00947251 0.00169052 
0.00510382 0.0723315 0.00800747 2.35156e-05 5.97234e-05 0.109314 0.000558724 0.0017629 2.43464e-05 3.66744e-05 1.22932e-05 0.000267319 0.0391968 0.166181 3.75643e-07 0.00113709 0.0527401 5.67452e-05 5.48962e-07 0.010956 0.22027 4.85299e-06 0.0377324 0.274222 
4.08764e-06 0.427634 0.00830887 0.0181871 0.0592154 0.00568808 1.54039e-05 0.00208903 0.133318 0.0126252 0.00022959 0.00104563 0.0424686 0.0701524 3.97452e-06 0.0804875 0.00469468 0.00267573 0.000249263 0.0414602 0.00063225 0.000162649 0.0293012 0.0593512 
0.886315 0.000233629 0.000543147 0.000995438 0.000406461 0.0454381 0.000176798 0.00499513 3.41356e-05 9.79792e-05 2.18551e-06 4.32139e-05 0.00311647 0.00012811 8.13721e-12 1.45165e-09 0.0035067 0.000567107 1.18917e-11 0.00833094 0.0359332 1.4018e-09 0.00891739 0.000218772 
0.000921225 0.0111904 0.00121472 4.96864e-05 0.0401367 0.147452 0.00110049 0.0251899 0.00063301 0.0213311 2.58523e-05 5.07595e-05 0.0222034 0.13402 7.56693e-08 0.00395822 0.00263597 0.0377438 7.22136e-05 0.111953 0.0304396 5.70142e-06 0.311827 0.0958452 
0.00289079 0.0273115 0.00409904 0.0104517 0.0065712 0.0308839 0.000187152 0.0314618 0.000491037 0.235888 9.18075e-06 1.69746e-06 0.155788 8.20464e-05 6.35267e-09 0.25478 0.0462926 0.0552151 7.39737e-08 0.0616994 0.0292286 3.4631e-08 0.0457318 0.000935886 
0.00515334 0.0333974 0.000688731 0.0193272 0.004093 0.0186137 0.00130414 0.00333374 0.00259894 0.0108673 0.000113161 0.0681151 0.0128764 0.00119983 4.05954e-06 0.0155536 5.57031e-05 0.014427 3.43709e-05 0.0178444 0.000263775 0.000270679 0.0392386 0.730626 
0.925616 0.000284404 0.000745931 0.00103076 0.000627037 0.0205382 0.00032773 0.00830743 3.47475e-05 6.5974e-05 3.24361e-06 6.9822e-05 0.00383421 0.000439441 2.29766e-12 1.24904e-06 0.00292006 0.000557043 3.35778e-12 0.0142155 0.00779941 2.00351e-08 0.0122592 0.00032282 
2.28718e-06 2.28772e-06 0.00937808 0.0313457 0.0574268 0.0311191 0.0107477 0.0102975 2.28622e-06 2.28708e-06 0.0137274 2.28625e-06 2.28785e-06 2.28678e-06 2.28492e-06 2.28684e-06 2.28781e-06 0.432824 0.123989 0.16337 2.28765e-06 0.0054854 0.0558258 0.0544391 
5.34677e-06 0.000274439 3.93832e-05 9.71806e-06 0.000419231 7.95405e-05 6.31165e-05 0.00046714 0.99455 4.21246e-05 5.12596e-05 0.000570676 0.000175242 2.08474e-05 2.63579e-12 0.000257151 0.00012902 0.000224717 3.85193e-12 0.000313581 0.000552969 1.02703e-07 0.000294935 0.00145923 
0.000338704 0.00289456 0.000125302 0.0802166 0.00448078 0.0186454 0.00187331 0.140936 3.7614e-05 0.000848684 1.25118e-05 1.23941e-05 0.0445101 0.00113041 6.57747e-09 0.000994164 0.00215791 0.00599889 5.76593e-08 0.639641 0.000659465 3.82802e-07 0.0527412 0.00174529 
0.000694539 0.342254 0.000859994 0.0407553 0.0360952 0.0457213 0.217348 0.0157154 0.000252336 0.000434164 0.000458034 0.0021633 0.0123043 0.000348601 2.12745e-11 0.00105468 0.0127982 0.0122458 7.56132e-09 0.182609 0.00165034 7.21346e-09 0.058531 0.0157063 
0.0321914 0.150915 2.0468e-05 0.0815652 0.0113591 0.231037 0.00522608 0.0122323 9.94202e-08 0.00955866 7.0244e-07 0.000862832 0.0191816 8.38014e-05 6.99943e-08 1.02469e-07 0.00164304 0.0620185 5.88985e-05 0.00115228 0.0273034 0.135923 0.0147579 0.202908 
0.0309635 0.00668867 0.00309919 0.0378214 0.0195425 0.0599394 0.000137079 0.208441 0.00010956 3.69075e-05 6.09828e-05 0.0008354 0.0723765 0.00043349 6.09089e-10 0.00137563 0.00280068 0.0126213 8.92946e-08 0.225887 0.0181804 4.10037e-06 0.282578 0.0160669 
0.9312 0.000289591 0.000747887 0.000770457 0.000516963 0.0216134 0.0002444 0.00726176 3.49506e-05 6.38432e-05 3.33009e-06 6.59678e-05 0.00381316 0.000157542 1.71413e-12 4.69597e-10 0.00274773 0.000544948 2.50502e-12 0.0114612 0.00687332 5.57924e-10 0.0112959 0.000293935 
4.28821e-05 0.0010319 4.06451e-05 0.000460351 0.0174394 0.00027473 0.00157252 4.53653e-05 3.08082e-06 0.925195 1.48572e-06 0.000141485 0.0363144 0.00219642 5.24231e-07 0.000112727 1.48647e-05 0.00791154 7.66108e-07 0.00052186 1.43416e-05 0.000158128 0.00614774 0.000358249 
0.000214057 0.0055238 0.000917862 0.171589 0.00479343 0.0172727 0.00413259 0.0246597 1.19615e-06 0.00167904 0.00186366 0.000289157 0.30587 0.00259049 1.21004e-09 6.09222e-06 0.0116357 0.0128497 2.57835e-06 0.39398 4.48397e-07 0.00124053 0.0232233 0.0156652 
5.48768e-05 0.0184511 0.00756438 4.39986e-07 0.0264751 0.0067734 7.26326e-06 0.00343313 0.000392622 0.000164856 1.25051e-05 1.71588e-08 0.000849127 0.000135126 3.6304e-09 0.00588935 0.000122576 0.00622162 5.94679e-07 0.000810628 2.10437e-05 3.94309e-09 0.00642821 0.916192 
0.113639 0.0111501 8.68163e-06 0.0110775 0.00187706 0.487274 0.000137021 0.0557122 3.64964e-06 0.000247971 1.75751e-06 0.00117843 0.0211346 0.000512164 1.30548e-07 2.74778e-05 0.000993225 0.00227551 0.00786367 0.045548 0.233708 6.41266e-06 0.00529002 0.000333761 
2.18396e-05 0.00216156 4.55434e-05 0.000261207 0.00597304 0.000157931 0.000783254 8.91421e-06 5.69327e-09 1.16608e-05 0.000770723 5.05394e-05 9.06009e-05 6.66158e-06 3.10958e-09 8.84447e-07 6.38516e-07 0.0288111 0.000297901 0.000375147 1.51618e-07 0.924435 0.0021376 0.0335986 
0.0778768 0.0267974 0.0106619 0.000109946 0.00311634 0.499974 2.32435e-05 0.0149748 0.000508197 0.00116169 3.70589e-05 2.07841e-07 0.00743251 0.00730403 1.39909e-09 4.33684e-05 0.00119425 0.00229723 0.0210148 0.0771722 0.0072828 2.89889e-07 0.1949 0.0461169 
5.2209e-05 0.0137961 0.000295657 0.0382171 0.00317917 0.00322929 0.000283835 0.00172364 2.57423e-05 0.836734 1.05085e-06 8.64585e-06 0.00745675 0.00241455 5.8491e-07 0.0159112 0.000124659 0.0390532 2.92038e-06 0.0178818 0.000571417 9.52843e-06 0.0111156 0.00791163 
0.00817941 0.000323779 0.00240933 0.156766 0.0242382 0.00926177 0.000193029 0.00489592 1.40934e-05 0.13933 4.58321e-05 1.84168e-05 0.0366086 0.000167737 1.68339e-06 4.77573e-05 2.00427e-05 0.37979 7.50228e-06 0.0155565 0.0026696 0.000209161 0.211826 0.00742067 
0.00576567 0.0193384 0.00799789 0.00816105 0.185796 0.0327751 0.00101789 0.0187301 0.000378985 0.00379783 6.037e-06 0.000161161 0.148313 0.00366289 2.20665e-07 0.0201785 0.00170659 0.0101737 0.00109619 0.435695 0.0272293 3.36791e-06 0.056356 0.011659 
0.00148899 0.00317714 0.000168568 0.201981 0.110873 0.127772 0.000115996 0.000172192 1.73337e-06 0.00182898 1.30685e-06 1.38763e-06 0.0214177 0.0022201 4.09163e-10 0.0102012 4.80394e-07 0.0175173 5.97949e-10 0.369376 0.0961926 6.651e-06 0.0334999 0.00198738 
0.131865 0.0660126 0.00893437 0.0415494 0.0228426 0.0725866 0.00609943 0.0416897 0.00108598 0.00216022 0.000161806 0.0141511 0.0236244 0.0020249 3.10343e-06 0.00398938 0.000573075 0.112053 0.00128816 0.0824779 0.0285635 0.0811169 0.0604343 0.194713 
0.000100247 0.0371277 0.000916298 0.0800128 0.0248697 0.00640181 0.00054991 0.0713142 3.71119e-05 0.0381209 6.54957e-05 0.000885619 0.147951 0.00144888 1.07865e-06 0.00745084 0.00391007 0.468755 8.83321e-05 0.0375068 0.021137 6.82262e-06 0.0501054 0.00123742 
6.46586e-05 0.0139517 0.0169849 4.9193e-07 0.00783362 0.0161106 5.38233e-05 0.00822335 0.000273294 0.000316968 0.000542379 2.34231e-07 3.38752e-07 2.39962e-06 3.6066e-08 7.52931e-06 5.07661e-05 0.000103349 2.46517e-05 0.00337616 2.63477e-05 1.88174e-05 0.0139612 0.918072 
0.0863858 0.149538 0.000102494 0.0643756 0.047313 0.0210414 0.0183139 0.382853 0.00013164 0.00617624 0.000194399 0.0273666 0.086468 0.00590336 8.28592e-11 0.000520658 0.000798701 0.0362596 1.2109e-10 0.0477765 0.015042 1.84963e-06 0.00338791 5.0122e-05 
0.00278066 0.0293245 0.0119903 0.0057786 0.0371919 0.152746 0.000776802 0.00131684 0.0124295 0.00889305 0.000173504 0.00144088 0.0688433 0.00189796 1.97858e-08 0.0593878 0.000359682 0.00510463 3.92931e-07 0.03383 0.00899518 0.000281964 0.197588 0.358868 
0.00791103 0.00407732 8.55286e-05 0.0116779 0.00451928 0.00506537 0.000194416 0.296044 0.000367719 0.000247239 2.91191e-05 4.77136e-05 0.247579 8.62646e-06 6.34479e-09 1.09959e-05 5.40204e-05 0.0194606 9.27223e-09 0.272622 1.06626e-05 6.23911e-06 0.0141915 0.11579 
0.00063293 0.091964 0.00146597 0.0472364 0.00909123 0.00463113 2.58897e-08 0.183172 1.55971e-07 0.0123298 4.03692e-05 3.96738e-07 0.510663 0.00359923 4.67428e-11 0.00645459 4.19753e-05 0.0201121 6.83096e-11 0.0766449 0.0207092 5.07688e-11 0.0110463 0.000164879 
0.000966214 0.00307372 0.0020687 0.00853667 4.72089e-05 0.174516 0.000211205 0.176436 0.000119581 0.00147633 4.83917e-06 0.00181149 0.00168655 0.00318501 9.19624e-09 0.00121292 0.000114999 0.0054637 1.34393e-08 0.00512052 0.0178042 9.98832e-09 0.0153569 0.580787 
0.000584843 0.0951028 0.00166756 0.00475429 0.0239117 0.0349106 0.0433228 0.00313477 0.0094216 0.00232584 0.00081264 9.41166e-07 0.027688 0.0891175 2.39657e-09 0.226294 8.8553e-06 0.00735969 0.0139748 0.0085928 0.000627617 4.62725e-07 0.108218 0.298168 
0.00212514 0.0387702 0.0471749 0.00490883 0.0742613 0.0248605 0.000191063 0.00411035 0.0108691 0.000450779 3.30896e-05 0.000348565 0.0325464 0.00765667 1.79138e-07 0.515429 1.96414e-05 0.0343791 1.41433e-06 0.0361193 0.0421906 0.000125349 0.0312823 0.0921464 
6.47183e-06 0.000213917 3.16434e-06 0.000468772 0.00119831 0.000337906 7.85287e-06 0.00281862 0.986607 4.36802e-05 5.1273e-05 0.000919046 0.00174299 0.00215466 7.75526e-12 0.00120231 4.20524e-05 0.000113065 1.13335e-11 0.00131373 6.53687e-05 1.75055e-08 1.14212e-07 0.000690076 
2.73974e-05 0.0394062 0.00146067 0.0263325 0.00613908 0.11484 0.000848478 0.00718978 0.00630053 0.00332129 0.000141388 1.2333e-05 0.0636583 0.0440961 1.36535e-07 0.313097 3.43551e-06 0.03943 6.59302e-05 0.0173018 0.00358513 5.25471e-05 0.017628 0.295062 
6.47183e-06 0.000213917 3.16434e-06 0.000468772 0.00119831 0.000337906 7.85287e-06 0.00281862 0.986607 4.36802e-05 5.1273e-05 0.000919046 0.00174299 0.00215466 7.75526e-12 0.00120231 4.20524e-05 0.000113065 1.13335e-11 0.00131373 6.53687e-05 1.75055e-08 1.14212e-07 0.000690076 
0.00200154 0.419172 0.00718598 0.0682785 0.00509231 0.00834283 0.000757283 0.0258992 0.000334367 4.87197e-05 7.75222e-05 0.0187291 0.12006 0.156804 3.07017e-10 0.0112246 1.62334e-05 0.000305137 4.03047e-08 0.118749 0.00306154 1.43616e-08 0.0335272 0.000333704 
0.00108134 0.096721 0.00176602 0.039863 0.0213205 0.0302449 0.00993248 0.00442667 0.00112154 0.00144789 0.00204231 0.000111348 0.00233809 0.0168057 2.85143e-06 0.0837281 0.0524437 0.0710741 0.0721411 0.106155 0.00746645 0.0379482 0.0122849 0.327533 
0.000248457 0.137382 0.00505752 0.0043399 0.102078 0.0387077 0.121693 0.0377842 0.0033298 0.00149824 0.363451 0.00070808 0.0127761 0.00723024 1.85527e-07 0.0102936 0.000668676 0.0171448 2.7261e-07 0.0610839 0.0196015 0.000783564 0.0268282 0.0273125 
0.00554198 0.00503796 0.000669143 0.0208956 0.0474482 0.0902969 0.00870208 4.41141e-05 6.54263e-05 0.0224494 0.00060074 0.00934026 0.0206159 0.0046362 1.58088e-05 0.00017715 0.00179661 0.0644283 0.000116195 0.00950667 0.00514964 0.000140022 0.102594 0.579732 
3.5382e-05 6.61958e-06 0.000510026 1.14777e-05 0.000166277 2.27287e-05 6.10788e-06 0.00478211 0.99123 1.24305e-09 5.80858e-05 0.0018224 6.01199e-05 0.000191958 9.12616e-12 4.92213e-05 6.12873e-05 0.000396172 1.33369e-11 9.13434e-06 0.000375972 1.36407e-08 0.000177904 2.70086e-05 
0.0205039 0.0120172 0.000380362 0.00207272 0.0314128 0.0973894 0.000665564 0.00031865 0.00440614 0.000286888 3.10266e-05 0.000103933 0.0176656 0.000459631 2.2421e-07 0.025115 0.160986 0.00133474 3.27659e-07 0.0400298 0.0612859 0.00179318 0.0241039 0.497637 
0.000108158 0.02978 7.46384e-05 9.38881e-07 0.00234148 0.0435298 0.00311898 0.237861 0.00636626 0.00273961 1.86731e-05 0.000125263 0.0439521 0.0159765 1.138e-08 0.00485854 0.0017564 0.20689 8.96254e-08 0.0132109 0.00228732 0.000236486 2.17601e-06 0.384765 
0.000256131 0.0100245 3.54842e-05 0.014165 0.00158907 0.0300542 3.16984e-05 0.00828636 0.0041843 3.30753e-05 1.52893e-05 0.00037906 0.0253922 2.59313e-05 2.71062e-07 3.66482e-06 5.82614e-05 0.0167732 3.96129e-07 0.276835 1.33747e-05 0.000375079 0.112453 0.499016 
1.27522e-08 0.0046459 0.00307565 0.0339529 0.000889226 3.65257e-05 2.97319e-08 0.253002 1.08907e-08 5.2606e-07 7.77946e-05 3.31198e-09 0.587272 0.00126876 3.94859e-12 0.00132803 0.000563536 2.04349e-07 5.77044e-12 0.0764767 0.0253849 4.28868e-12 0.0120247 6.37197e-09 
0.000337318 0.157565 0.387566 0.0116 0.0685005 0.0171439 0.000371376 0.0326955 0.00015138 5.38622e-05 1.88481e-05 0.00118866 0.121244 0.00108283 7.52048e-07 0.0444669 0.00125335 0.00443443 5.99355e-06 0.0830113 0.0456834 2.13955e-06 0.0196017 0.00202206 
0.0016542 0.022687 0.00373129 0.0241502 0.00526426 0.128775 0.0011523 0.0326484 0.0057357 0.00024787 4.7383e-05 4.61851e-05 0.0190897 0.000167057 1.38097e-05 0.00214331 0.00266593 0.0116302 5.81392e-05 0.271963 0.0220405 7.41638e-05 0.393623 0.0503919 
0.000289347 0.0307329 0.000472578 0.00404246 0.0424206 0.03342 0.0136097 0.00641291 1.4304e-05 0.000503972 6.98061e-05 0.749375 0.031213 0.00103298 1.08659e-06 0.000134052 0.00013836 0.00227143 8.73512e-06 0.0239959 0.0032703 2.05287e-05 0.0418345 0.0147157 
1.10118e-06 0.276455 0.00528686 0.00503804 0.00523182 0.00550234 0.000691129 0.00795367 3.02816e-06 0.00906131 0.000113573 0.00500635 0.00667468 0.634786 6.38943e-09 0.0171297 1.90641e-07 0.00133074 0.00754384 0.00519663 0.000289142 3.32021e-05 0.00410388 0.00256747 
3.5382e-05 6.61958e-06 0.000510026 1.14777e-05 0.000166277 2.27287e-05 6.10788e-06 0.00478211 0.99123 1.24305e-09 5.80858e-05 0.0018224 6.01199e-05 0.000191958 9.12616e-12 4.92213e-05 6.12873e-05 0.000396172 1.33369e-11 9.13434e-06 0.000375972 1.36407e-08 0.000177904 2.70086e-05 
4.67613e-08 0.0593372 2.44142e-07 0.0321824 0.0141754 0.0057347 5.19955e-05 1.89677e-07 8.71139e-07 0.00339832 3.43459e-08 0.00400537 0.637501 0.00705367 7.643e-11 9.81896e-05 6.47032e-09 0.021573 1.11694e-10 0.168326 4.76122e-08 1.00622e-07 0.044543 0.00201795 
1.14667e-05 0.0234736 0.00134852 0.00336053 0.0283423 0.00058294 0.00029336 0.00338458 0.000156378 0.00203721 1.78396e-06 1.26585e-05 0.0939732 0.0192602 1.24229e-07 0.00111041 4.19745e-06 0.00224076 5.19043e-07 0.244537 0.000657354 2.77222e-06 0.571806 0.00340256 
0.000876274 0.0154117 0.000446813 0.368496 0.0143056 0.0267335 0.000148927 0.0210797 0.00110954 0.00722619 2.08707e-05 0.000125593 0.0610605 0.0755624 2.06963e-08 0.00133093 0.000528849 0.0857924 3.70482e-05 0.185611 0.0225735 1.19422e-07 0.0786192 0.0329032 
0.00799676 0.0201112 0.0029181 0.015242 0.0521389 0.0428912 0.0205996 0.0384454 0.00517715 0.00238747 0.00301955 0.000404219 0.0374881 0.00170893 3.06587e-05 0.00851741 0.023709 0.117381 0.00371413 0.218199 0.00898072 0.266189 0.0453297 0.0574205 
0.00249352 0.0170853 2.4966e-07 0.0232338 0.0163307 0.0675058 3.40089e-05 0.269471 0.00119481 0.00124886 0.00115999 3.84255e-05 0.0541509 0.000877491 1.08476e-08 7.04687e-07 8.86179e-05 0.00852963 1.35449e-05 0.341326 0.00187737 3.65413e-08 0.189923 0.00341616 
0.0256162 0.145633 0.000732683 0.0588786 0.101696 0.0931235 0.0109162 0.0340418 0.00344678 0.0162691 0.00373957 0.00388151 0.0747574 0.00662497 0.000160994 0.00810329 0.0342744 0.115421 0.000783937 0.114499 0.0113926 0.00104064 0.129955 0.00501255 
0.000175617 0.642673 0.000304538 0.0417749 0.00945035 0.0328978 0.0185432 0.0209015 3.22764e-05 0.000423816 5.90253e-05 0.000747283 0.0567273 0.0222781 3.41947e-11 0.000671415 9.16056e-05 0.00659801 0.0629423 0.0474947 0.00540376 1.27428e-08 0.0294774 0.0003316 
0.00100669 0.214608 0.000384717 2.15642e-06 0.0117531 0.0237328 0.0479957 0.00879728 1.89363e-07 2.34673e-07 4.45912e-05 0.000886284 0.00123126 3.86638e-08 4.67966e-11 0.00182603 0.000272424 0.00774261 1.46667e-07 0.0266018 2.04367e-07 3.06839e-08 0.0103216 0.642792 
0.00528373 0.0304553 0.112981 0.155343 0.0211605 0.0602737 0.0138924 0.00792086 2.39263e-07 0.125442 1.56804e-07 5.4042e-06 0.0424983 7.50795e-07 5.96331e-08 0.000677869 0.000404236 0.163822 8.95477e-06 6.88667e-07 0.00208691 0.000165967 0.0711507 0.186426 
0.011928 0.00401614 0.00799375 0.0052448 0.00429381 0.079299 4.36068e-05 0.0865006 4.28655e-05 4.75914e-06 0.000229534 2.48435e-05 0.00508605 0.000573153 4.27752e-07 2.03345e-05 0.000125792 0.0089534 6.25115e-07 0.696756 0.00163592 9.75966e-06 0.0844503 0.00276671 
0.000687705 0.127034 0.0056544 0.003906 0.0929429 0.0547396 0.0132964 0.0033306 0.00140499 0.00363689 0.00252757 2.1914e-05 0.0127429 0.00253118 1.22581e-08 0.0195321 0.000564657 0.00862847 1.32693e-06 0.112784 0.00282556 4.90096e-05 0.0789382 0.452219 
0.00293452 0.00165459 3.5012e-08 0.0111953 0.0213374 0.00954943 0.000462601 0.0357175 0.000830095 0.035999 3.48148e-05 0.000250878 0.299464 4.0427e-08 6.8358e-12 0.0377321 0.126409 0.172924 9.9898e-12 0.21504 0.016979 7.42457e-12 0.0113045 0.000182179 
0.000338704 0.00289456 0.000125302 0.0802166 0.00448078 0.0186454 0.00187331 0.140936 3.7614e-05 0.000848684 1.25118e-05 1.23941e-05 0.0445101 0.00113041 6.57747e-09 0.000994164 0.00215791 0.00599889 5.76593e-08 0.639641 0.000659465 3.82802e-07 0.0527412 0.00174529 
0.000380579 0.0274808 0.0153348 2.63485e-06 2.26231e-06 0.0236258 0.00026897 0.00326015 6.21268e-06 0.000135923 0.000123939 2.73614e-05 0.0859306 0.147974 2.41896e-09 1.99395e-06 1.62686e-06 1.02912e-06 3.53505e-09 0.0232585 0.0209301 1.83204e-06 0.384147 0.267105 
0.00500326 0.0219252 0.0192355 0.0173851 0.0191296 0.0648572 0.0028914 0.0508569 0.0074721 0.0458409 0.000107292 0.000262798 0.02575 0.00248424 2.5233e-06 0.0167193 0.0535806 0.183863 5.00921e-06 0.151735 0.0132695 0.00213944 0.165505 0.12998 
0.0178664 0.0543103 0.0274032 0.0445004 0.134817 0.23999 0.00242104 0.0182937 0.00306224 0.00669173 0.000172859 6.35395e-05 0.00927699 0.00722854 1.21497e-06 0.00312431 0.00476275 0.0328313 2.31701e-05 0.0464213 0.0486708 1.38044e-05 0.273386 0.0246687 
0.0899743 0.0190997 0.0161382 0.0155713 0.0103193 0.0407582 0.00498501 0.00176509 0.00337137 0.00256927 0.000425983 0.00124173 0.00323169 8.22873e-05 5.27441e-06 0.00134157 0.00745134 0.0843796 0.00460949 0.00713674 0.0028806 0.0272772 0.0460143 0.60937 
0.000254221 0.00421514 5.9223e-08 0.0556941 0.00504928 0.00749601 0.000319331 0.182132 0.000151612 0.0209119 7.68582e-05 7.40658e-05 0.458826 4.68565e-06 6.62088e-12 6.67445e-05 0.000642044 0.184641 9.67571e-12 0.063743 0.000593892 5.45846e-09 0.015108 1.98499e-08 
0.000103067 0.00695636 0.000349869 0.0417423 0.00621524 0.00079336 4.15036e-08 0.713619 5.07072e-05 6.12403e-05 5.91607e-09 3.84214e-08 0.0178357 2.85115e-08 7.35762e-12 0.000130683 7.62507e-09 0.00547648 1.07524e-11 0.187336 2.00146e-08 6.99746e-09 0.0189869 0.000343432 
0.000100247 0.0371277 0.000916298 0.0800128 0.0248697 0.00640181 0.00054991 0.0713142 3.71119e-05 0.0381209 6.54957e-05 0.000885619 0.147951 0.00144888 1.07865e-06 0.00745084 0.00391007 0.468755 8.83321e-05 0.0375068 0.021137 6.82262e-06 0.0501054 0.00123742 
0.000323645 0.0376304 0.0010404 0.322112 0.0275292 0.0041775 0.00104385 0.0983223 6.71126e-05 0.00117685 0.00551252 0.213029 0.0165036 0.00024006 2.08255e-06 0.00284344 0.000544975 0.0990343 3.46043e-05 0.00923268 0.000573976 0.0800295 0.0299283 0.0490674 
0.00153272 0.00706386 0.0132277 0.00861324 0.00847902 0.79718 0.00270622 0.0148976 0.000299771 0.00738925 0.000175802 0.00213138 0.0018751 0.00319972 2.37853e-07 0.00307141 0.00985616 0.0142168 7.52895e-07 0.00488448 0.0505745 4.74245e-07 0.0199097 0.0287144 
0.00265232 0.042348 0.00346511 7.37476e-05 0.0666225 0.023305 0.000189643 0.0546544 0.0882382 7.37502e-05 0.00179088 0.000198642 0.0227202 0.000393253 3.9809e-05 0.0151424 0.0128166 0.0556826 0.000397611 0.045394 0.00966489 5.37527e-05 0.122121 0.431962 
0.00110529 0.00228455 0.000156472 0.000203703 0.000899856 0.0656296 0.00694951 0.00129409 0.00352762 0.00015033 0.00230554 0.000110975 0.000239562 0.000196949 1.95666e-08 0.00177924 0.0117772 0.000198331 2.49499e-05 0.000226595 0.00162196 8.21067e-07 0.00241994 0.896897 
0.00762676 0.0103071 0.00155099 0.039037 0.00944404 0.0653444 0.00402286 0.0895986 0.00108843 0.000433745 6.31019e-05 0.000274787 0.0388195 0.0017794 3.69851e-07 0.00614199 0.0148662 0.0191162 6.67251e-06 0.6361 0.00346001 3.9113e-06 0.0239486 0.0269655 
0.943 0.000270737 0.000723316 0.00148613 0.000516363 0.0148429 0.00016001 0.00678211 2.28899e-05 4.18021e-05 2.18215e-06 4.31958e-05 0.00322752 0.000448001 5.26939e-12 4.68407e-06 0.00193232 0.000527339 7.70066e-12 0.00984658 0.00449901 8.33636e-10 0.0114304 0.00019243 
0.0027714 0.0566954 0.0499262 0.140314 0.00689593 0.0107062 9.25095e-07 0.0227335 0.000529933 0.000286309 7.34553e-08 0.000509859 0.00383635 0.053326 1.45986e-09 0.0130738 0.00220905 0.130081 3.16978e-06 0.246441 0.25237 7.21828e-08 0.00659188 0.000697512 
0.943 0.000270737 0.000723316 0.00148613 0.000516363 0.0148429 0.00016001 0.00678211 2.28899e-05 4.18021e-05 2.18215e-06 4.31958e-05 0.00322752 0.000448001 5.26939e-12 4.68407e-06 0.00193232 0.000527339 7.70066e-12 0.00984658 0.00449901 8.33636e-10 0.0114304 0.00019243 
0.000541542 0.0659044 0.00637631 0.000933704 0.0352969 0.0242609 0.0266121 0.0521868 0.00202145 0.00195744 5.94858e-05 1.69711e-05 0.0348154 0.00384059 2.07848e-06 0.034187 0.000682886 0.137369 0.00267397 0.438046 0.0004496 1.01956e-05 0.101119 0.0306363 
0.000499097 0.0126775 0.000497074 7.85468e-07 0.0324304 0.00616412 0.00300712 0.0066222 0.753454 6.16775e-07 0.00174856 0.000180562 0.00829226 2.72104e-06 1.79749e-10 1.91902e-05 3.85831e-05 0.00913115 2.62684e-10 4.35749e-07 0.00389038 6.02188e-06 1.77796e-06 0.161336 
0.000635084 0.0432817 0.00174798 7.38942e-06 0.00533284 0.0214622 0.00769774 0.000541824 0.000141922 0.00899387 6.62714e-05 3.50224e-07 0.036236 0.00341321 1.49712e-08 0.00734699 0.000104093 0.00566101 2.18788e-08 0.0352889 0.000776411 1.62606e-08 0.133012 0.688252 
0.00863673 0.00947118 0.00329869 0.0247979 0.00820314 0.163912 0.00875654 0.208657 0.000534462 0.00069152 0.000188662 0.000131879 0.0082187 0.00183046 4.79264e-09 0.00379019 0.0488187 0.00946169 2.29808e-07 0.33543 0.00785371 6.0476e-07 0.102554 0.0447609 
6.47183e-06 0.000213917 3.16434e-06 0.000468772 0.00119831 0.000337906 7.85287e-06 0.00281862 0.986607 4.36802e-05 5.1273e-05 0.000919046 0.00174299 0.00215466 7.75526e-12 0.00120231 4.20524e-05 0.000113065 1.13335e-11 0.00131373 6.53687e-05 1.75055e-08 1.14212e-07 0.000690076 
0.000100247 0.0371277 0.000916298 0.0800128 0.0248697 0.00640181 0.00054991 0.0713142 3.71119e-05 0.0381209 6.54957e-05 0.000885619 0.147951 0.00144888 1.07865e-06 0.00745084 0.00391007 0.468755 8.83321e-05 0.0375068 0.021137 6.82262e-06 0.0501054 0.00123742 
0.00110529 0.00228455 0.000156472 0.000203703 0.000899856 0.0656296 0.00694951 0.00129409 0.00352762 0.00015033 0.00230554 0.000110975 0.000239562 0.000196949 1.95666e-08 0.00177924 0.0117772 0.000198331 2.49499e-05 0.000226595 0.00162196 8.21067e-07 0.00241994 0.896897 
0.00576567 0.0193384 0.00799789 0.00816105 0.185796 0.0327751 0.00101789 0.0187301 0.000378985 0.00379783 6.037e-06 0.000161161 0.148313 0.00366289 2.20665e-07 0.0201785 0.00170659 0.0101737 0.00109619 0.435695 0.0272293 3.36791e-06 0.056356 0.011659 
0.000380579 0.0274808 0.0153348 2.63485e-06 2.26231e-06 0.0236258 0.00026897 0.00326015 6.21268e-06 0.000135923 0.000123939 2.73614e-05 0.0859306 0.147974 2.41896e-09 1.99395e-06 1.62686e-06 1.02912e-06 3.53505e-09 0.0232585 0.0209301 1.83204e-06 0.384147 0.267105 
0.011888 0.0281982 0.000168068 0.105552 0.0331133 0.084016 0.00187813 0.0196682 0.00212159 0.00632256 0.00162058 0.00655992 0.011076 0.00349921 0.000150594 0.000435571 0.00101189 0.295872 0.00158039 0.0388186 0.00600005 0.264936 0.06479 0.0107242 
3.5382e-05 6.61958e-06 0.000510026 1.14777e-05 0.000166277 2.27287e-05 6.10788e-06 0.00478211 0.99123 1.24305e-09 5.80858e-05 0.0018224 6.01199e-05 0.000191958 9.12616e-12 4.92213e-05 6.12873e-05 0.000396172 1.33369e-11 9.13434e-06 0.000375972 1.36407e-08 0.000177904 2.70086e-05 
0.0140458 0.0265734 0.00449165 0.0632878 0.0473109 0.0273466 0.00229218 0.221379 0.00164434 0.00396069 0.000277489 0.0260022 0.0937778 0.00501497 7.32488e-05 0.00170176 0.0125064 0.183184 0.00109394 0.173549 0.00559153 0.0108817 0.0591852 0.0148287 
0.000526278 0.114307 0.000472483 0.0117178 0.0194776 0.0287413 0.0324762 0.0086139 1.4293e-05 0.000503894 6.97997e-05 0.661016 0.0312127 0.00122983 1.08321e-06 0.000134 0.00022297 0.00155941 6.90839e-06 0.0253174 0.00327017 2.04307e-05 0.0412134 0.0178759 
1.64358e-05 0.00578551 0.000596878 0.00415029 0.00104021 0.00387602 1.22909e-05 0.000176508 0.00318063 0.000369979 5.0308e-06 0.00820353 0.107964 0.82793 7.91312e-11 0.0013611 4.98623e-06 7.3926e-05 0.000460603 0.023241 0.000914132 1.11023e-08 0.0101437 0.000493445 
0.000103146 0.00648056 0.00208845 0.225521 0.045342 0.00296216 0.000954245 0.22479 5.09119e-05 0.00359144 2.01868e-08 1.31108e-07 0.0291718 0.00263105 1.73891e-11 0.00116277 0.000461696 0.0183988 2.54123e-11 0.415734 0.00115138 2.38704e-08 0.0194034 2.32716e-07 
0.0136458 0.00669135 0.000970027 0.0185102 0.000661728 0.0880003 5.72389e-05 0.0231369 0.000724485 0.00539996 4.97039e-07 0.000643729 0.0345283 0.00607998 1.90143e-07 0.000175564 0.00279193 0.000453929 1.24215e-05 0.0278591 0.767606 5.13432e-06 0.00197776 6.72348e-05 
0.0363242 0.0545889 0.063461 0.0510481 0.00803973 0.268957 0.000856235 0.156964 0.000309156 0.00277074 4.54126e-06 0.0016795 0.0199852 0.00235037 2.76473e-09 0.000990497 0.0240475 0.0238118 4.63425e-07 0.147686 0.0812692 3.46712e-08 0.0509418 0.00391357 
0.00462411 0.0100305 0.00415666 0.0093082 0.0180434 0.188728 0.0143833 0.0104911 0.00389335 0.000464534 0.00121276 7.37584e-05 0.0153161 5.26084e-06 2.43518e-10 1.55222e-07 8.85128e-06 0.147394 3.55876e-10 0.001645 8.27215e-05 0.000110465 0.21209 0.357938 
0.0006393 0.499717 0.000349381 0.0145115 0.0454514 0.0704115 0.0876396 0.0128662 0.00123795 0.00530874 0.0258698 0.0176878 0.00684131 0.000823804 0.00011089 0.000246053 0.000440844 0.0511923 0.000223625 0.0610812 0.00174601 0.000204833 0.0564531 0.0389461 
9.7431e-05 0.00446472 0.00350079 0.00223292 0.000419239 0.00445376 3.76188e-07 0.00881516 2.43951e-07 0.172047 7.18977e-06 6.49527e-08 0.0978989 0.000157182 2.50408e-09 0.606312 0.0141154 0.00888965 3.65945e-09 0.0572399 0.00239478 1.23535e-05 0.0154403 0.0014999 
0.000132577 0.0693928 0.000226362 0.00158311 0.00296286 0.0015981 0.788808 0.00196688 0.00146135 2.58177e-05 0.111293 1.00182e-05 0.000889067 0.000366225 1.91114e-07 4.05098e-05 0.00018107 0.00490272 0.00510327 0.00582918 4.8566e-05 1.12742e-06 0.00174538 0.00143212 
0.00115495 0.0230453 7.94518e-05 0.186449 0.0639778 0.00662665 0.00165678 0.0393542 0.000487675 0.0222211 0.000212611 0.000407168 0.0230572 0.000642734 1.02892e-05 0.00265428 0.0128181 0.410942 0.00373086 0.0318362 0.00133718 0.0517945 0.0722241 0.04328 
0.00263932 0.0581689 0.000996214 0.00491886 0.00569624 0.146499 0.0135564 0.0201226 0.00602862 4.39283e-05 0.000270724 7.52091e-05 0.0041312 0.000222939 8.52191e-07 5.43093e-05 0.00474981 0.00029379 9.36332e-07 0.097371 0.00180756 9.06613e-07 0.124013 0.508338 
0.206423 0.0148793 0.00891003 0.030326 0.00849289 0.204634 0.0088775 0.0799836 0.00250232 0.00306493 0.00101606 0.00151944 0.00796833 0.0533442 0.000221078 0.00385095 0.108734 0.0284442 0.00558874 0.0360269 0.129713 0.000334455 0.0322481 0.022896 
0.00869861 0.0218342 0.00610172 0.0269246 0.111363 0.0189883 0.0001319 0.0492061 7.90595e-05 0.0104967 0.000228313 0.00754917 0.0229456 0.000230215 4.39393e-09 0.0323882 0.000388472 0.0623942 3.54067e-07 0.0593373 0.00501314 1.74412e-07 0.141098 0.414603 
0.9312 0.000289591 0.000747887 0.000770457 0.000516963 0.0216134 0.0002444 0.00726176 3.49506e-05 6.38432e-05 3.33009e-06 6.59678e-05 0.00381316 0.000157542 1.71413e-12 4.69597e-10 0.00274773 0.000544948 2.50502e-12 0.0114612 0.00687332 5.57924e-10 0.0112959 0.000293935 
0.000885928 0.0274102 0.0362675 0.00126463 2.94544e-05 0.00594788 6.50992e-06 0.000384204 0.000581038 0.000832325 9.29362e-05 0.000355364 0.0234324 0.817503 8.19247e-07 0.00163628 0.000100054 1.35051e-05 1.19724e-06 0.0229516 0.00596878 8.8981e-07 0.028572 0.0257619 
0.0466824 0.0125068 0.000222726 0.16723 0.0160128 0.0522821 0.00149235 0.104591 0.000416796 0.0831712 0.000212673 0.000411558 0.322863 0.0327899 5.6167e-08 0.00131518 0.0240331 0.0391106 4.30955e-06 0.0482516 0.00554722 1.37749e-07 0.0402306 0.000621898 
3.5382e-05 6.61958e-06 0.000510026 1.14777e-05 0.000166277 2.27287e-05 6.10788e-06 0.00478211 0.99123 1.24305e-09 5.80858e-05 0.0018224 6.01199e-05 0.000191958 9.12616e-12 4.92213e-05 6.12873e-05 0.000396172 1.33369e-11 9.13434e-06 0.000375972 1.36407e-08 0.000177904 2.70086e-05 
0.0290294 0.00424219 0.00170355 0.0783707 0.00763614 0.0157725 0.000585146 0.394344 0.000418749 0.000177477 7.29498e-05 0.00651445 0.0408894 0.00123002 4.50773e-06 7.17337e-05 0.00775076 0.0736628 0.000153969 0.197562 0.00975093 6.52521e-06 0.12908 0.000969761 
