0.000907753 0.00225808 0.00272113 0.000119096 0.00181915 0.0920799 8.58014e-05 0.00029258 0.000255836 1.19662e-05 3.87627e-05 1.44509e-06 0.00351091 1.82207e-05 2.97026e-08 5.24892e-06 3.17194e-05 0.00103464 4.34073e-08 0.00468911 0.000273881 5.4418e-07 0.0326105 0.857234 
0.00249603 0.120785 0.0103205 0.0910053 0.0162953 0.132214 0.0053472 0.0214377 0.00468951 0.00668229 0.000360218 0.000930638 0.178118 0.0255819 5.81926e-06 0.0171351 0.0245558 0.0317539 0.000298114 0.147 0.0320024 3.75676e-05 0.0805685 0.0503791 
0.000121525 0.110329 0.0250912 0.208483 0.0306395 0.00102546 0.000172998 8.85056e-06 0.000636085 0.00137458 9.21224e-05 0.00249165 0.191858 0.00188704 5.45312e-07 0.00339187 4.26085e-05 0.0973483 5.29461e-05 0.0343682 0.000298213 0.0131545 0.0635212 0.21361 
0.000100247 0.0371277 0.000916298 0.0800128 0.0248697 0.00640181 0.00054991 0.0713142 3.71119e-05 0.0381209 6.54957e-05 0.000885619 0.147951 0.00144888 1.07865e-06 0.00745084 0.00391007 0.468755 8.83321e-05 0.0375068 0.021137 6.82262e-06 0.0501054 0.00123742 
0.000836397 0.0080892 4.20115e-05 0.026463 0.00633641 0.01878 0.00116006 0.183375 1.34867e-05 0.000246793 9.87342e-05 0.00821892 0.00266328 0.000198146 1.14957e-08 5.29094e-05 2.54959e-05 0.0155488 9.27869e-06 0.00969599 0.000265329 0.07728 0.0110712 0.629529 
0.001071 0.00477878 0.000174615 0.00507699 0.0378184 0.0286176 0.000797688 0.0446542 2.43837e-05 0.000434378 5.67854e-06 0.000118212 0.0785095 0.000890878 3.57373e-12 0.000980873 0.00332728 0.0889156 5.22263e-12 0.499413 0.00726895 7.81823e-08 0.196207 0.000914389 
1.18513e-05 0.000220503 2.396e-05 0.000178178 0.0256841 0.0607113 0.000511543 0.00173181 0.000280327 3.45767e-05 0.000124312 0.00189703 3.69695e-05 7.75069e-05 5.94939e-08 1.58289e-05 0.0692348 0.00315238 8.6944e-08 0.00257512 0.000234107 9.35831e-07 0.00176677 0.831496 
6.591e-05 0.00530653 0.00181406 6.58467e-06 0.0283553 0.00544747 0.000444474 0.0466967 0.000315104 0.00036263 1.37833e-05 4.10454e-06 0.0274511 0.000176518 1.3315e-09 0.00250528 1.99868e-05 0.070437 1.94585e-09 0.167471 0.000681914 4.16736e-05 0.443823 0.198561 
0.00708667 0.00946634 0.0302885 0.0337017 0.0096903 0.0729251 0.0104951 0.0587532 0.000796359 0.00181936 8.99219e-05 0.000151079 0.165885 0.00084576 1.5334e-06 0.00220517 0.006315 0.027575 2.44086e-06 0.493158 0.00359242 1.66825e-05 0.0458821 0.0192572 
5.34677e-06 0.000274439 3.93832e-05 9.71806e-06 0.000419231 7.95405e-05 6.31165e-05 0.00046714 0.99455 4.21246e-05 5.12596e-05 0.000570676 0.000175242 2.08474e-05 2.63579e-12 0.000257151 0.00012902 0.000224717 3.85193e-12 0.000313581 0.000552969 1.02703e-07 0.000294935 0.00145923 
0.0408096 0.0164378 0.0169905 0.00751572 0.00824323 0.426521 0.00058029 0.00790065 0.00847894 0.000262094 8.3132e-06 0.00065694 0.0113559 0.00330045 2.37505e-06 0.000198065 0.00245426 0.0033975 2.48303e-05 0.146017 0.0611735 4.73506e-06 0.12056 0.117106 
0.000427592 0.0135978 0.000154453 0.0034706 0.00261675 0.0104323 0.00258129 0.000370532 0.00188587 0.000176025 0.000360125 5.7393e-06 0.000251419 0.00535075 2.36621e-07 5.81166e-07 0.00019091 0.230081 9.6387e-05 0.00154652 0.00527987 0.246172 0.0746955 0.400256 
7.32719e-07 0.359763 0.0242419 7.76709e-07 2.43039e-05 0.00562493 0.0643596 0.0205866 4.29001e-06 0.0456095 1.33763e-07 0.000112288 0.0748063 0.00256834 4.38651e-09 1.33005e-05 9.14904e-07 0.0634686 6.41042e-09 0.0150556 0.000689035 3.54999e-07 0.060869 0.2622 
0.000139329 0.00761108 0.00472703 0.0432734 0.0765529 0.0835069 3.74678e-05 0.00516107 0.000618574 0.114219 1.21385e-05 1.96953e-05 0.0862723 0.140237 3.73833e-07 0.172434 0.00448167 0.012221 5.46317e-07 0.184488 0.0252423 4.06031e-07 0.0380121 0.00073177 
0.0128853 0.0106227 0.000306323 0.00123933 0.00216686 0.271663 0.121483 0.0210337 1.79124e-06 0.000211699 0.00141995 3.97867e-07 0.000399072 0.0216479 6.13398e-09 1.92667e-05 0.000577535 0.000579491 8.96416e-09 0.00464023 0.00145119 9.9905e-07 0.0201076 0.507543 
0.0263201 0.000593545 9.53009e-05 0.0648366 0.00660886 0.00761944 0.000158825 0.82283 2.28848e-05 0.0134859 3.82614e-05 7.59527e-05 0.0111352 1.96943e-05 1.46536e-05 0.00391327 0.00838166 0.020046 3.73532e-05 0.00888426 0.00150501 1.47375e-05 0.00326549 9.71771e-05 
0.00142121 0.0296098 0.000500632 0.0862264 0.0117984 0.0200082 0.00304488 0.0374838 0.0146797 0.00852301 0.00026811 0.000180278 0.0315187 0.000739692 3.17384e-06 0.0156736 0.00111267 0.0992892 7.16581e-06 0.429235 0.000263563 0.000404982 0.194573 0.0134353 
0.000548041 0.0542844 0.000629204 0.0536493 0.205106 0.0138292 0.000891113 0.0885608 0.000343847 0.0394657 4.55809e-05 0.00127112 0.0944818 0.00252849 1.84303e-06 0.00772994 0.00660189 0.0314657 1.71607e-05 0.291043 0.0103257 4.55754e-06 0.0673765 0.029799 
0.00013941 0.000872703 2.27878e-05 0.000144977 0.049414 6.0307e-05 2.60167e-06 0.000589362 1.1124e-05 2.28066e-05 3.36161e-05 5.39899e-05 0.000539204 0.00307973 5.07105e-07 0.000145746 1.79688e-06 0.169011 2.71175e-05 0.00961591 2.47223e-05 5.65283e-05 0.711681 0.0544498 
0.00110529 0.00228455 0.000156472 0.000203703 0.000899856 0.0656296 0.00694951 0.00129409 0.00352762 0.00015033 0.00230554 0.000110975 0.000239562 0.000196949 1.95666e-08 0.00177924 0.0117772 0.000198331 2.49499e-05 0.000226595 0.00162196 8.21067e-07 0.00241994 0.896897 
0.0134834 0.0320647 0.000146617 0.0134306 0.00278644 0.195954 0.00219511 0.151185 0.00588886 0.00298085 0.000116177 5.67804e-06 0.0184659 6.61351e-06 1.75257e-06 0.0417842 0.0511153 0.125252 2.90912e-06 0.0350147 0.010709 9.26872e-06 0.252219 0.0451815 
0.943 0.000270737 0.000723316 0.00148613 0.000516363 0.0148429 0.00016001 0.00678211 2.28899e-05 4.18021e-05 2.18215e-06 4.31958e-05 0.00322752 0.000448001 5.26939e-12 4.68407e-06 0.00193232 0.000527339 7.70066e-12 0.00984658 0.00449901 8.33636e-10 0.0114304 0.00019243 
0.0016746 0.000461344 0.00111429 0.0525446 0.0040611 0.145336 0.000342832 0.158544 1.53755e-07 0.00235794 9.3153e-09 0.00125821 0.306807 4.59095e-05 2.57699e-10 0.00036358 0.000256973 0.0607849 3.766e-10 0.0937925 0.0121818 1.81172e-06 0.157775 0.000295457 
0.00106204 0.026877 0.000374259 0.062587 0.0640525 0.0106106 0.00045416 0.0269052 0.000439884 0.0181768 0.017104 0.0321222 0.537379 0.0253026 3.55302e-05 0.0646674 0.00203821 0.00323228 8.19348e-05 0.0760102 0.0102829 0.000161712 0.0197683 0.000274357 
0.000303783 0.0530705 0.000407501 0.0048166 0.00192535 0.0338255 0.0305073 0.000540568 0.00203827 0.00686266 1.42126e-06 0.000144698 0.0858053 0.521401 5.57852e-07 0.0387811 6.74529e-07 0.12934 5.97992e-05 0.0154171 0.00401658 6.059e-07 0.0263505 0.0443824 
0.943 0.000270737 0.000723316 0.00148613 0.000516363 0.0148429 0.00016001 0.00678211 2.28899e-05 4.18021e-05 2.18215e-06 4.31958e-05 0.00322752 0.000448001 5.26939e-12 4.68407e-06 0.00193232 0.000527339 7.70066e-12 0.00984658 0.00449901 8.33636e-10 0.0114304 0.00019243 
0.00304808 0.0257125 5.98715e-05 0.0602971 0.119391 0.0240406 0.00577347 0.0166024 4.44345e-05 0.0115013 0.00121455 0.000290932 0.00599772 0.0682465 2.7484e-05 0.000297542 7.29738e-05 0.0821043 0.00312584 0.0412423 0.00340811 0.433814 0.0319403 0.0617465 
0.0042485 0.124315 0.0160811 0.0015711 0.0298565 0.0753737 0.000285946 0.00327592 0.000326118 0.00196296 9.77025e-05 0.00616474 0.0124035 0.00292842 1.06931e-09 0.0285848 4.0276e-07 0.0143588 6.48551e-08 0.0659931 0.00472054 1.16141e-09 0.15082 0.456631 
0.0243549 0.0851129 0.00301947 0.00938836 0.0491455 0.0871599 0.000841416 0.116931 3.43369e-05 0.000590969 2.78602e-05 0.000268773 0.00927488 0.0225108 1.0974e-08 0.0156466 0.00571665 0.0402592 3.46107e-06 0.0313044 0.00410613 5.51179e-05 0.105475 0.388773 
0.00331873 0.0520641 0.0243326 0.0372172 0.00948987 0.0241356 0.000110298 0.16534 0.00123968 0.00340548 1.47939e-05 0.000137003 0.111688 0.00322916 1.38667e-06 0.0078574 0.000169702 0.0291986 4.35798e-06 0.473854 0.00289207 2.96144e-06 0.0482714 0.00202518 
0.9312 0.000289591 0.000747887 0.000770457 0.000516963 0.0216134 0.0002444 0.00726176 3.49506e-05 6.38432e-05 3.33009e-06 6.59678e-05 0.00381316 0.000157542 1.71413e-12 4.69597e-10 0.00274773 0.000544948 2.50502e-12 0.0114612 0.00687332 5.57924e-10 0.0112959 0.000293935 
0.00863673 0.00947118 0.00329869 0.0247979 0.00820314 0.163912 0.00875654 0.208657 0.000534462 0.00069152 0.000188662 0.000131879 0.0082187 0.00183046 4.79264e-09 0.00379019 0.0488187 0.00946169 2.29808e-07 0.33543 0.00785371 6.0476e-07 0.102554 0.0447609 
0.00129079 0.0230106 0.000547015 0.408439 0.00635887 0.0182782 0.00278751 0.0408565 3.05648e-05 0.00570403 0.000919754 0.0140769 0.187849 0.00154537 1.89664e-06 0.00287041 0.000791042 0.155484 0.00021119 0.0733347 0.000696738 3.37972e-05 0.0418394 0.013043 
0.00273244 0.250236 0.0186387 1.4827e-07 3.47892e-06 0.0667155 0.0077314 0.0471399 0.00159631 3.73342e-07 4.37415e-05 1.75684e-05 0.216607 0.03776 3.55068e-11 0.00380923 1.30878e-07 0.00918873 5.18895e-11 0.0701487 0.0284122 5.01731e-08 0.19545 0.0437678 
0.000532605 0.0631395 0.0259444 0.157374 0.00179994 0.19794 0.00471749 0.0394999 6.92531e-07 3.31403e-07 8.03865e-08 1.65678e-06 0.0277047 0.0298795 1.4077e-10 0.0470799 3.59329e-05 0.00106863 2.05721e-10 0.147949 0.231808 3.36243e-08 0.0152287 0.00829545 
0.00781654 0.107711 0.0411537 0.0569254 0.00552133 0.196499 0.0114868 0.041785 0.000808733 2.44582e-05 2.43428e-05 2.79772e-05 0.0341935 0.0049315 1.33182e-05 0.0098532 8.78276e-05 0.00258023 0.000505988 0.0147945 0.0817455 2.45921e-05 0.012951 0.368534 
0.017658 0.0116441 0.00655483 0.0213121 0.0032731 0.607476 0.00156169 0.00357788 0.000519944 0.00385141 1.08984e-05 2.4356e-05 0.000977544 0.00740914 1.62624e-07 0.00979985 0.00620585 0.00887591 6.70978e-05 0.0238704 0.0831934 1.3936e-06 0.0515174 0.130618 
6.46474e-05 0.0247527 0.000162667 0.0763987 0.0536608 0.033257 0.001493 0.0032107 0.000478675 0.000306145 1.50071e-05 1.84994e-07 0.0153695 0.000773078 2.06691e-08 0.00155943 0.00011988 0.40619 2.76915e-08 0.313954 0.0137364 4.45451e-05 0.0496894 0.00476283 
0.000660095 0.018904 0.000571192 0.0598245 0.00596655 0.0439041 0.546697 0.00169542 3.58972e-06 0.00340323 0.000473463 0.00111457 0.0156531 0.0106301 7.99554e-08 4.23539e-05 0.000522189 0.0174349 0.0350355 0.00676179 0.0283561 0.145143 0.0129073 0.0442958 
0.00558078 0.0126017 0.00187176 0.100754 0.00397384 0.0342108 9.43899e-05 0.134053 9.56819e-06 0.00579313 1.93791e-05 9.55692e-05 0.103946 0.001033 3.32178e-08 0.000125609 0.0342158 0.0194538 1.6978e-06 0.44122 0.0164251 1.20343e-06 0.0843766 0.000143775 
0.000100247 0.0371277 0.000916298 0.0800128 0.0248697 0.00640181 0.00054991 0.0713142 3.71119e-05 0.0381209 6.54957e-05 0.000885619 0.147951 0.00144888 1.07865e-06 0.00745084 0.00391007 0.468755 8.83321e-05 0.0375068 0.021137 6.82262e-06 0.0501054 0.00123742 
0.00931604 0.102508 0.00332902 0.0540676 0.118329 0.134938 0.00186853 0.00745079 0.0142354 0.0285925 0.000191425 0.000657894 0.0273043 0.00580574 6.45033e-06 0.0207263 0.00424554 0.0542875 1.05134e-05 0.0558539 0.0153161 2.95648e-05 0.234586 0.106344 
0.0637024 0.010753 0.00370321 0.00550717 0.016137 0.711941 2.88103e-05 0.0658951 7.54719e-06 0.000191741 6.96217e-05 5.64843e-06 0.0056245 9.84343e-05 2.2071e-07 8.11024e-05 0.0219534 0.00331615 5.75387e-07 0.0629166 0.0197329 1.47379e-05 0.00541491 0.00290414 
0.000758224 0.13804 9.95466e-05 0.0367685 0.0341894 0.00720105 9.26938e-05 0.000226635 0.000110806 0.038388 3.43209e-05 0.0167865 0.0916053 0.146274 2.33988e-05 0.144824 0.00150095 0.000219653 2.80035e-05 0.284939 0.0206825 8.70694e-05 0.0262956 0.0108248 
0.00103925 0.048093 0.000262083 0.0703335 0.00552187 0.0113994 0.000277216 0.0155453 0.000130658 0.000777833 0.000916164 0.000101187 0.0378989 0.000896696 1.27922e-06 0.000360337 1.78811e-06 0.587974 1.14302e-05 0.0282449 0.000127047 0.014726 0.110408 0.0649524 
0.0114624 0.0147213 0.0958639 0.00454553 0.0220738 0.182815 0.0012743 0.00338446 0.00476219 0.00569098 3.0604e-06 3.64276e-06 0.103138 0.139663 2.02731e-09 0.000987276 0.129803 0.000291696 2.96269e-09 0.000249551 0.0448812 2.20192e-09 0.108871 0.125515 
0.000951233 0.132403 0.00750716 0.00463705 0.00471412 0.267505 0.000127424 0.00297489 0.0222452 4.63248e-06 0.000166977 0.00012336 4.4056e-05 0.0207129 8.74424e-09 8.98893e-06 1.85516e-05 0.00824724 5.68925e-06 0.0281374 0.00552089 0.000178757 0.0221776 0.471588 
0.000115198 0.0245063 0.00270441 0.00252481 0.00540768 0.0112824 0.00466538 0.00614725 0.82388 0.0011807 0.0020404 0.00422282 0.0132263 0.00979038 1.04333e-07 0.012087 0.0174839 0.00646093 5.04473e-07 0.0171836 0.00708535 2.51847e-06 0.00298696 0.0250151 
4.08764e-06 0.427634 0.00830887 0.0181871 0.0592154 0.00568808 1.54039e-05 0.00208903 0.133318 0.0126252 0.00022959 0.00104563 0.0424686 0.0701524 3.97452e-06 0.0804875 0.00469468 0.00267573 0.000249263 0.0414602 0.00063225 0.000162649 0.0293012 0.0593512 
0.0624955 0.0978504 0.0694288 0.00520217 0.0361267 0.115996 0.0386438 0.0397885 0.0188441 0.00498231 0.000600629 0.000679223 0.0213982 0.00265708 1.81039e-08 0.0133468 0.0120666 0.045874 2.64569e-08 0.101147 0.029944 3.19985e-06 0.0558635 0.227061 
0.00515334 0.0333974 0.000688731 0.0193272 0.004093 0.0186137 0.00130414 0.00333374 0.00259894 0.0108673 0.000113161 0.0681151 0.0128764 0.00119983 4.05954e-06 0.0155536 5.57031e-05 0.014427 3.43709e-05 0.0178444 0.000263775 0.000270679 0.0392386 0.730626 
0.925616 0.000284404 0.000745931 0.00103076 0.000627037 0.0205382 0.00032773 0.00830743 3.47475e-05 6.5974e-05 3.24361e-06 6.9822e-05 0.00383421 0.000439441 2.29766e-12 1.24904e-06 0.00292006 0.000557043 3.35778e-12 0.0142155 0.00779941 2.00351e-08 0.0122592 0.00032282 
0.00242537 0.0425941 0.00804589 0.000302629 0.0164889 0.031459 0.0239742 0.0169482 3.0132e-05 0.00206481 0.000425214 0.00400962 0.00925751 0.000664653 3.19123e-06 0.000829965 0.00500541 0.00773131 2.28625e-05 0.438684 0.0711406 8.57704e-06 0.242307 0.0755763 
2.83024e-09 6.26569e-07 9.37221e-05 0.159718 0.00483463 0.0403317 0.000233406 0.0432327 7.23556e-06 7.88536e-05 1.183e-05 3.38511e-07 0.0144694 0.0146993 1.80619e-11 0.0014168 0.00271843 0.230764 2.63955e-11 0.338535 0.000346954 1.55336e-09 0.148092 0.000414003 
0.000587733 0.0373561 0.000183154 0.000499902 0.0129263 0.00645328 0.0299612 0.0026824 0.00102982 4.54624e-07 0.441044 1.30909e-05 6.35979e-07 0.000291086 9.45598e-08 0.0701763 0.00755276 0.0259658 1.69085e-07 0.0178081 0.000817253 0.000572989 0.0171371 0.32694 
0.000694539 0.342254 0.000859994 0.0407553 0.0360952 0.0457213 0.217348 0.0157154 0.000252336 0.000434164 0.000458034 0.0021633 0.0123043 0.000348601 2.12745e-11 0.00105468 0.0127982 0.0122458 7.56132e-09 0.182609 0.00165034 7.21346e-09 0.058531 0.0157063 
6.04466e-05 0.00564384 0.000313646 0.00210041 0.0139433 0.00480219 0.0109584 0.00101582 0.00480937 3.91699e-05 0.0109794 1.05722e-05 0.00110666 2.04176e-05 1.76097e-08 9.60523e-06 4.55131e-06 0.0504307 1.77993e-05 0.00474857 9.75285e-05 0.0171599 0.0188766 0.852851 
0.9312 0.000289591 0.000747887 0.000770457 0.000516963 0.0216134 0.0002444 0.00726176 3.49506e-05 6.38432e-05 3.33009e-06 6.59678e-05 0.00381316 0.000157542 1.71413e-12 4.69597e-10 0.00274773 0.000544948 2.50502e-12 0.0114612 0.00687332 5.57924e-10 0.0112959 0.000293935 
0.000372574 0.0026001 0.0158745 0.00711103 0.00712059 0.0993121 0.00116448 0.0218268 0.00113767 0.00117881 0.00125361 2.65718e-05 6.30368e-07 0.0280327 2.32636e-09 1.18213e-06 1.49853e-08 0.0482503 3.39972e-09 0.00922766 0.0198565 1.54779e-07 0.18256 0.553092 
5.34677e-06 0.000274439 3.93832e-05 9.71806e-06 0.000419231 7.95405e-05 6.31165e-05 0.00046714 0.99455 4.21246e-05 5.12596e-05 0.000570676 0.000175242 2.08474e-05 2.63579e-12 0.000257151 0.00012902 0.000224717 3.85193e-12 0.000313581 0.000552969 1.02703e-07 0.000294935 0.00145923 
0.000563927 0.0364742 0.016404 0.0516785 0.0457182 0.00748345 6.54969e-05 9.10967e-05 0.000147718 0.162351 9.10095e-05 1.56457e-06 0.109728 0.414073 7.53659e-10 0.00692416 0.00410463 0.00162905 1.10139e-09 0.095572 0.000787758 4.40396e-08 0.0131445 0.032967 
0.0140511 0.00331675 0.000157841 0.00605485 0.00732274 0.00577583 0.000132725 0.398049 0.000383659 4.21241e-05 5.78757e-06 8.53083e-05 0.00872345 1.56429e-08 3.61278e-12 8.04198e-09 4.94918e-05 0.00804035 5.27969e-12 0.529929 6.39601e-09 3.26084e-06 0.0109801 0.00689661 
0.000361217 0.197158 0.0268143 0.208919 0.0196645 0.00507014 0.0268528 0.0303039 0.0016293 0.0047734 0.0594622 0.00553824 0.103184 0.0902546 9.41877e-07 0.000687785 8.73004e-05 0.0194655 0.000104195 0.143311 0.00147343 2.52603e-05 0.050305 0.00455376 
0.00533257 0.0264701 0.00267331 0.0658351 0.0308204 0.016215 0.000356446 0.196432 7.89584e-05 0.00206742 1.61058e-05 0.000247354 0.0797028 0.000845254 8.91795e-07 0.00159291 0.022102 0.00669956 0.000393827 0.382647 0.0245326 2.5434e-06 0.123585 0.0113504 
0.113639 0.0111501 8.68163e-06 0.0110775 0.00187706 0.487274 0.000137021 0.0557122 3.64964e-06 0.000247971 1.75751e-06 0.00117843 0.0211346 0.000512164 1.30548e-07 2.74778e-05 0.000993225 0.00227551 0.00786367 0.045548 0.233708 6.41266e-06 0.00529002 0.000333761 
0.000100247 0.0371277 0.000916298 0.0800128 0.0248697 0.00640181 0.00054991 0.0713142 3.71119e-05 0.0381209 6.54957e-05 0.000885619 0.147951 0.00144888 1.07865e-06 0.00745084 0.00391007 0.468755 8.83321e-05 0.0375068 0.021137 6.82262e-06 0.0501054 0.00123742 
0.0830827 0.016186 0.00748361 0.000827717 0.0216384 0.0858152 0.00447368 0.0148225 0.00137636 0.00058391 8.70397e-05 0.000326728 0.0287693 0.000475433 6.09316e-08 0.0233157 0.0244707 0.0229293 8.0601e-06 0.461491 0.000923336 4.41268e-06 0.118336 0.0825735 
0.000836397 0.0080892 4.20115e-05 0.026463 0.00633641 0.01878 0.00116006 0.183375 1.34867e-05 0.000246793 9.87342e-05 0.00821892 0.00266328 0.000198146 1.14957e-08 5.29094e-05 2.54959e-05 0.0155488 9.27869e-06 0.00969599 0.000265329 0.07728 0.0110712 0.629529 
0.000372898 0.00645981 7.02552e-06 0.00072655 0.00774581 0.233564 0.0119877 0.0298444 9.93233e-06 0.000302036 0.000303047 1.13688e-05 0.0014421 0.00113175 3.01021e-08 3.21893e-05 8.92054e-07 0.505656 4.39911e-08 0.035756 0.00233344 4.33389e-06 0.0207314 0.141577 
0.0137638 0.0905726 0.000253423 0.0266091 0.0311227 0.0738108 0.000178303 0.0010388 0.000944184 0.00499155 0.000370714 0.000153038 0.00718876 0.00099508 2.0857e-07 0.000489864 0.0390836 0.163657 1.48087e-05 0.022893 0.00341765 0.288949 0.0437905 0.185712 
0.00293452 0.00165459 3.5012e-08 0.0111953 0.0213374 0.00954943 0.000462601 0.0357175 0.000830095 0.035999 3.48148e-05 0.000250878 0.299464 4.0427e-08 6.8358e-12 0.0377321 0.126409 0.172924 9.9898e-12 0.21504 0.016979 7.42457e-12 0.0113045 0.000182179 
0.0179464 0.0367153 0.00329332 0.100986 0.0131675 0.308114 0.0026624 0.115186 0.0107181 0.00190027 0.00397262 0.000556169 0.02379 0.00765708 0.000228336 0.00716857 0.00745277 0.0651913 0.00165113 0.113676 0.0208066 0.00501561 0.125497 0.00664789 
0.000108158 0.02978 7.46384e-05 9.38881e-07 0.00234148 0.0435298 0.00311898 0.237861 0.00636626 0.00273961 1.86731e-05 0.000125263 0.0439521 0.0159765 1.138e-08 0.00485854 0.0017564 0.20689 8.96254e-08 0.0132109 0.00228732 0.000236486 2.17601e-06 0.384765 
0.00188062 0.00531651 0.000209585 0.00663687 0.0564403 0.00565073 8.18158e-05 0.0921216 0.000207088 3.1625e-05 1.7517e-06 2.11061e-06 0.0567307 0.000332698 7.73017e-09 0.000350931 0.00261676 0.00116039 1.29085e-08 0.679554 0.0100289 4.03026e-07 0.0802008 0.000443688 
0.00261413 0.0850663 0.00123046 0.00748285 0.0917981 0.139435 0.0469089 0.0609643 0.00509455 0.0114622 0.000227525 0.000366243 0.0450004 0.010543 1.64568e-05 0.0257081 0.00143666 0.0797114 0.0180347 0.0106798 0.0212141 4.66798e-05 0.0473672 0.287591 
0.000769413 0.802993 0.0479927 0.018665 0.00135852 7.71418e-05 0.00103528 0.0237808 1.15022e-05 0.000438671 9.69916e-06 4.43431e-05 0.00221805 0.0539881 3.26513e-06 2.77302e-05 8.87726e-06 0.000414833 0.0191715 4.86334e-05 0.00014393 1.18923e-05 0.0245092 0.00227759 
0.000584843 0.0951028 0.00166756 0.00475429 0.0239117 0.0349106 0.0433228 0.00313477 0.0094216 0.00232584 0.00081264 9.41166e-07 0.027688 0.0891175 2.39657e-09 0.226294 8.8553e-06 0.00735969 0.0139748 0.0085928 0.000627617 4.62725e-07 0.108218 0.298168 
2.97301e-05 0.0148381 0.00610132 2.11771e-05 0.00502792 0.0469957 2.48369e-05 0.00103102 6.61198e-05 0.0074916 0.000695056 0.000134784 0.0241378 0.00310659 2.5073e-07 0.00328163 4.92103e-06 0.0374825 3.66416e-07 0.00670486 4.81866e-05 2.98342e-06 0.0631529 0.77962 
0.00185399 0.0398957 0.00294915 0.00358303 0.031098 0.0635178 0.000390601 0.00192777 0.0101968 0.000861013 0.000125506 8.91073e-06 0.0278264 0.0112593 4.77857e-07 0.0373673 0.00840256 0.0226771 7.70086e-06 0.02013 0.00776106 7.58839e-07 0.0537529 0.654406 
2.28321e-05 0.00010869 7.40449e-10 8.59634e-06 0.000542171 5.74985e-05 1.0463e-05 0.00163822 0.989627 7.57962e-10 7.04797e-05 0.00329207 5.40937e-05 0.000529577 1.66925e-12 4.50121e-05 4.28942e-05 0.000263436 2.43944e-12 9.72933e-07 0.00365958 3.02861e-08 3.94095e-09 2.68566e-05 
2.73974e-05 0.0394062 0.00146067 0.0263325 0.00613908 0.11484 0.000848478 0.00718978 0.00630053 0.00332129 0.000141388 1.2333e-05 0.0636583 0.0440961 1.36535e-07 0.313097 3.43551e-06 0.03943 6.59302e-05 0.0173018 0.00358513 5.25471e-05 0.017628 0.295062 
0.943 0.000270737 0.000723316 0.00148613 0.000516363 0.0148429 0.00016001 0.00678211 2.28899e-05 4.18021e-05 2.18215e-06 4.31958e-05 0.00322752 0.000448001 5.26939e-12 4.68407e-06 0.00193232 0.000527339 7.70066e-12 0.00984658 0.00449901 8.33636e-10 0.0114304 0.00019243 
6.47183e-06 0.000213917 3.16434e-06 0.000468772 0.00119831 0.000337906 7.85287e-06 0.00281862 0.986607 4.36802e-05 5.1273e-05 0.000919046 0.00174299 0.00215466 7.75526e-12 0.00120231 4.20524e-05 0.000113065 1.13335e-11 0.00131373 6.53687e-05 1.75055e-08 1.14212e-07 0.000690076 
0.191102 0.00569608 0.00902862 0.0202184 0.00349139 0.426127 0.00107104 0.00105706 0.000906403 0.00280979 6.07292e-07 0.00470435 0.0356022 0.0020656 9.69133e-11 2.54775e-07 0.00385444 0.00503564 1.16049e-08 0.0107572 0.0756482 9.2323e-07 0.178081 0.0227409 
0.000170277 0.298262 0.00314217 0.0564412 0.00451761 0.0196933 0.00298857 0.0269939 0.000331162 0.00178057 0.000250424 6.77983e-05 0.0238498 0.00746997 2.28083e-08 0.387089 8.61017e-05 0.00822193 3.33319e-08 0.0221222 0.00596057 4.9686e-05 0.0430425 0.08747 
3.35347e-05 0.0307433 0.279417 0.0446288 0.00882497 0.0847579 0.00199282 0.0900089 0.134411 0.000712245 1.25306e-05 0.00349547 0.00612154 0.0156152 1.54476e-08 0.0201061 0.000738085 0.0340398 9.85331e-07 0.0752154 0.124723 9.84063e-08 0.0439603 0.000441437 
0.000108158 0.02978 7.46384e-05 9.38881e-07 0.00234148 0.0435298 0.00311898 0.237861 0.00636626 0.00273961 1.86731e-05 0.000125263 0.0439521 0.0159765 1.138e-08 0.00485854 0.0017564 0.20689 8.96254e-08 0.0132109 0.00228732 0.000236486 2.17601e-06 0.384765 
0.028714 0.017365 0.00232557 0.00118979 0.0848409 0.0832205 0.000914605 0.0689882 0.000882346 0.00130765 0.000638579 0.02078 0.0713482 4.91322e-08 1.70693e-11 5.7926e-08 9.25297e-05 0.0199248 2.4945e-11 0.318265 0.0133649 1.74754e-08 0.2627 0.00313752 
0.00065671 0.00903828 1.69518e-06 0.0201408 0.0151692 0.00893292 0.000356094 0.0854956 0.00450137 0.00412735 0.00209476 8.94199e-06 0.00561281 0.208634 6.81609e-09 0.0017871 1.77474e-06 0.034715 9.96099e-09 4.62515e-05 0.000116335 1.03489e-05 0.0903238 0.508229 
0.9312 0.000289591 0.000747887 0.000770457 0.000516963 0.0216134 0.0002444 0.00726176 3.49506e-05 6.38432e-05 3.33009e-06 6.59678e-05 0.00381316 0.000157542 1.71413e-12 4.69597e-10 0.00274773 0.000544948 2.50502e-12 0.0114612 0.00687332 5.57924e-10 0.0112959 0.000293935 
1.27522e-08 0.0046459 0.00307565 0.0339529 0.000889226 3.65257e-05 2.97319e-08 0.253002 1.08907e-08 5.2606e-07 7.77946e-05 3.31198e-09 0.587272 0.00126876 3.94859e-12 0.00132803 0.000563536 2.04349e-07 5.77044e-12 0.0764767 0.0253849 4.28868e-12 0.0120247 6.37197e-09 
0.00510599 0.21759 0.00120471 0.0104551 0.133748 0.0532096 9.37711e-05 0.0230068 0.00418772 0.10691 6.08789e-05 0.00569115 0.0381045 0.0161436 1.31107e-05 0.0171225 0.0134056 0.0100796 8.1176e-05 0.0245718 0.0143272 3.15273e-05 0.259815 0.0450403 
0.000246337 0.00493965 0.00296348 0.195158 0.034373 0.0200404 0.000429923 0.1049 2.29968e-05 0.00624643 9.79802e-05 0.0129198 0.0221867 0.000466962 2.80138e-06 0.000278752 0.0107927 0.0869165 2.85619e-06 0.435905 0.0121211 3.59191e-06 0.0481418 0.000843558 
0.0016746 0.000461344 0.00111429 0.0525446 0.0040611 0.145336 0.000342832 0.158544 1.53755e-07 0.00235794 9.3153e-09 0.00125821 0.306807 4.59095e-05 2.57699e-10 0.00036358 0.000256973 0.0607849 3.766e-10 0.0937925 0.0121818 1.81172e-06 0.157775 0.000295457 
0.0127281 0.039907 0.000191888 0.00301816 0.0151046 0.0280937 0.255014 0.0672576 0.0645393 0.000558468 0.0948977 1.59767e-05 0.00498121 0.00306195 4.63092e-06 0.00252359 0.0471576 0.0962597 0.00947083 0.216974 0.00239475 0.000117609 0.0256327 0.0100958 
0.000758466 0.0426904 0.000235624 0.0897683 0.0567914 0.00520866 0.000436461 0.00877494 0.000266498 0.000510484 0.0042332 0.00209333 0.0131036 0.00334647 9.30499e-06 9.53346e-06 0.000275417 0.451947 4.65301e-05 0.0153133 0.000274011 0.157275 0.0288981 0.117735 
0.000191023 0.0985492 4.62388e-07 0.000454398 0.645621 0.0163498 0.000150056 0.00110105 0.00134547 4.1319e-07 1.94545e-05 0.0373364 0.0109208 0.0378882 1.7666e-07 0.0221625 0.000488146 0.00325366 4.26791e-07 0.00903431 0.000475127 3.31873e-05 0.0521026 0.0625223 
4.67613e-08 0.0593372 2.44142e-07 0.0321824 0.0141754 0.0057347 5.19955e-05 1.89677e-07 8.71139e-07 0.00339832 3.43459e-08 0.00400537 0.637501 0.00705367 7.643e-11 9.81896e-05 6.47032e-09 0.021573 1.11694e-10 0.168326 4.76122e-08 1.00622e-07 0.044543 0.00201795 
0.00263557 9.08718e-07 0.0122635 0.00863417 9.08761e-07 0.0319007 9.08141e-07 9.08755e-07 9.08122e-07 0.0992048 9.08641e-07 9.08134e-07 0.0186307 0.0077218 9.07608e-07 9.0837e-07 0.00536258 0.791193 0.000817193 9.08856e-07 0.0121774 0.00272338 0.00354512 0.00318079 
0.0895178 0.0164031 0.00922527 0.0717119 0.011525 0.345754 0.000447527 0.0114217 4.81448e-05 0.00245211 5.46071e-05 0.000166059 0.00216734 0.007817 8.69853e-11 0.00459427 0.0964156 0.0770787 1.2712e-10 0.0743948 0.0309657 2.14047e-07 0.113382 0.0344575 
0.9312 0.000289591 0.000747887 0.000770457 0.000516963 0.0216134 0.0002444 0.00726176 3.49506e-05 6.38432e-05 3.33009e-06 6.59678e-05 0.00381316 0.000157542 1.71413e-12 4.69597e-10 0.00274773 0.000544948 2.50502e-12 0.0114612 0.00687332 5.57924e-10 0.0112959 0.000293935 
0.0336827 0.00574352 0.00069357 0.00599767 0.0101128 0.120901 0.000153107 0.00113535 4.08068e-08 4.58621e-06 0.000655908 4.74479e-05 0.00326456 0.0609855 9.47595e-09 1.73975e-06 0.00113048 0.033273 7.26533e-07 0.00204533 0.00246822 0.558038 0.0194817 0.140183 
0.00385507 0.00782653 3.84227e-05 0.285038 0.0290409 0.0260529 0.000187587 0.151878 0.000148175 0.00594022 0.000354797 0.00389263 0.0693441 0.0270645 6.73515e-08 0.00123528 0.00240999 0.126564 6.88162e-07 0.17835 0.00664495 4.48712e-06 0.073362 0.000766998 
0.00100669 0.214608 0.000384717 2.15642e-06 0.0117531 0.0237328 0.0479957 0.00879728 1.89363e-07 2.34673e-07 4.45912e-05 0.000886284 0.00123126 3.86638e-08 4.67966e-11 0.00182603 0.000272424 0.00774261 1.46667e-07 0.0266018 2.04367e-07 3.06839e-08 0.0103216 0.642792 
0.011928 0.00401614 0.00799375 0.0052448 0.00429381 0.079299 4.36068e-05 0.0865006 4.28655e-05 4.75914e-06 0.000229534 2.48435e-05 0.00508605 0.000573153 4.27752e-07 2.03345e-05 0.000125792 0.0089534 6.25115e-07 0.696756 0.00163592 9.75966e-06 0.0844503 0.00276671 
0.00028226 0.000777101 0.000134365 7.73224e-06 7.43869e-05 0.0971511 5.24325e-05 5.49712e-05 0.00374507 4.63295e-07 0.000102946 0.00330229 0.00457656 3.99164e-06 4.59728e-08 2.52623e-06 8.33017e-07 0.00339411 0.0001213 0.000426553 0.029685 1.63925e-05 0.109029 0.747059 
0.0169608 0.000815387 0.00208506 0.00207007 0.00565754 0.035259 0.000162166 0.160895 0.000307343 5.61583e-06 5.06404e-06 0.000192653 0.0335745 1.50407e-08 4.30493e-13 5.22871e-09 7.03018e-05 0.00277383 6.2912e-13 0.704858 5.48713e-08 1.91751e-09 0.0337387 0.000569781 
0.00110529 0.00228455 0.000156472 0.000203703 0.000899856 0.0656296 0.00694951 0.00129409 0.00352762 0.00015033 0.00230554 0.000110975 0.000239562 0.000196949 1.95666e-08 0.00177924 0.0117772 0.000198331 2.49499e-05 0.000226595 0.00162196 8.21067e-07 0.00241994 0.896897 
0.00138638 0.334239 0.000151132 0.108292 0.223619 0.000560909 0.00023392 0.00155937 0.00139472 0.000261195 0.000239154 5.98741e-05 0.00179935 0.00148838 9.75174e-07 0.0233836 8.00636e-05 0.0589577 0.0032695 0.230724 0.00010938 2.0608e-05 0.00461167 0.00355761 
0.000338704 0.00289456 0.000125302 0.0802166 0.00448078 0.0186454 0.00187331 0.140936 3.7614e-05 0.000848684 1.25118e-05 1.23941e-05 0.0445101 0.00113041 6.57747e-09 0.000994164 0.00215791 0.00599889 5.76593e-08 0.639641 0.000659465 3.82802e-07 0.0527412 0.00174529 
0.000100247 0.0371277 0.000916298 0.0800128 0.0248697 0.00640181 0.00054991 0.0713142 3.71119e-05 0.0381209 6.54957e-05 0.000885619 0.147951 0.00144888 1.07865e-06 0.00745084 0.00391007 0.468755 8.83321e-05 0.0375068 0.021137 6.82262e-06 0.0501054 0.00123742 
0.000380579 0.0274808 0.0153348 2.63485e-06 2.26231e-06 0.0236258 0.00026897 0.00326015 6.21268e-06 0.000135923 0.000123939 2.73614e-05 0.0859306 0.147974 2.41896e-09 1.99395e-06 1.62686e-06 1.02912e-06 3.53505e-09 0.0232585 0.0209301 1.83204e-06 0.384147 0.267105 
0.000107266 0.00961964 0.0129321 0.000467577 0.000982415 0.0107798 8.91658e-05 0.00470111 0.913134 0.000237888 0.000129116 0.0007164 0.00476784 0.000662227 5.98556e-10 0.00107248 0.000942938 0.00101614 8.74726e-10 0.00040844 0.00122834 4.92975e-09 0.00274345 0.0332613 
0.000967802 0.0370706 0.00231572 3.43507e-06 0.00479297 0.0396648 0.00277182 0.0342516 0.000994722 7.6647e-05 0.000212664 1.74956e-05 0.00938544 0.00256453 8.80826e-09 0.0115564 5.61481e-06 0.0109608 1.28723e-08 0.0187605 0.00780581 0.000189582 0.0447053 0.770926 
0.935875 0.000277594 0.000736566 0.00165379 0.000542753 0.0154162 0.000243979 0.00793355 2.32056e-05 4.80561e-05 2.46949e-06 4.63803e-05 0.00340302 0.000631741 5.46857e-12 4.90909e-05 0.00225947 0.000557522 7.99174e-12 0.0125063 0.00602952 1.44128e-08 0.0115384 0.000224998 
0.00293452 0.00165459 3.5012e-08 0.0111953 0.0213374 0.00954943 0.000462601 0.0357175 0.000830095 0.035999 3.48148e-05 0.000250878 0.299464 4.0427e-08 6.8358e-12 0.0377321 0.126409 0.172924 9.9898e-12 0.21504 0.016979 7.42457e-12 0.0113045 0.000182179 
0.9312 0.000289591 0.000747887 0.000770457 0.000516963 0.0216134 0.0002444 0.00726176 3.49506e-05 6.38432e-05 3.33009e-06 6.59678e-05 0.00381316 0.000157542 1.71413e-12 4.69597e-10 0.00274773 0.000544948 2.50502e-12 0.0114612 0.00687332 5.57924e-10 0.0112959 0.000293935 
0.000587733 0.0373561 0.000183154 0.000499902 0.0129263 0.00645328 0.0299612 0.0026824 0.00102982 4.54624e-07 0.441044 1.30909e-05 6.35979e-07 0.000291086 9.45598e-08 0.0701763 0.00755276 0.0259658 1.69085e-07 0.0178081 0.000817253 0.000572989 0.0171371 0.32694 
0.0178664 0.0543103 0.0274032 0.0445004 0.134817 0.23999 0.00242104 0.0182937 0.00306224 0.00669173 0.000172859 6.35395e-05 0.00927699 0.00722854 1.21497e-06 0.00312431 0.00476275 0.0328313 2.31701e-05 0.0464213 0.0486708 1.38044e-05 0.273386 0.0246687 
1.02489e-08 0.0876266 0.00103791 0.57378 0.0177102 2.04905e-06 1.10631e-05 0.0392963 0.000123471 0.000691834 9.55701e-07 0.0336035 0.206581 0.000234071 6.02284e-11 1.66956e-05 6.9485e-10 0.00385325 8.80174e-11 0.0239151 4.89522e-06 6.54159e-11 0.0115108 5.96451e-08 
0.0383056 0.00297622 0.00215062 0.00242767 0.00998201 0.149407 0.000213165 0.0163667 0.000706494 0.00580496 0.000216339 0.00206501 0.0258713 0.249651 1.5011e-08 4.55788e-05 0.000347156 0.00214003 2.1937e-08 0.0301684 0.0368108 5.12539e-07 0.423366 0.000977836 
0.000414346 0.000110339 0.000174454 4.78219e-05 0.00429776 0.00230607 0.00028734 0.00135098 0.935581 6.89337e-08 0.000175423 0.000313128 0.000600813 0.0196086 1.1303e-10 0.00233717 0.000118022 0.000177866 1.65182e-10 0.000159085 2.62523e-06 3.61898e-07 0.013891 0.0180453 
1.33059e-05 0.081859 7.65865e-05 0.0326809 0.0109016 0.0021983 0.00186023 0.0100594 0.00126735 5.4826e-06 0.000256315 7.75655e-07 0.00132262 0.000315627 4.36519e-08 0.000284308 8.1932e-05 0.197807 4.45781e-06 0.0371174 1.35818e-05 3.10544e-05 0.518823 0.10302 
0.00112401 0.0919611 0.00643074 0.0522959 0.0763239 0.0399109 0.00428053 0.0106426 0.000866132 0.0149496 0.000382798 0.00315439 0.0272923 0.014267 3.85841e-06 0.0124224 0.00918044 0.254713 0.000613746 0.200854 0.0183018 0.000105372 0.0696963 0.0902261 
0.000120975 0.0181495 0.000443306 5.22565e-05 0.00379673 0.0149513 0.0231798 0.000624286 0.00492382 0.000900354 0.000117732 1.51618e-05 6.42348e-05 2.59296e-05 2.16744e-06 0.0246085 7.8933e-05 0.0438124 2.40927e-06 0.00990133 0.00335462 5.00751e-06 0.0802827 0.770587 
0.000727085 0.0248116 0.0221054 0.00161021 0.0316971 0.0449095 0.0143591 0.00485647 1.59964e-06 0.00738127 0.000138077 1.43891e-05 0.00948261 0.00398337 8.67235e-08 0.0126175 0.00156417 0.0268918 2.75153e-05 0.0738698 0.013626 9.41931e-08 0.0903143 0.615011 
0.00110529 0.00228455 0.000156472 0.000203703 0.000899856 0.0656296 0.00694951 0.00129409 0.00352762 0.00015033 0.00230554 0.000110975 0.000239562 0.000196949 1.95666e-08 0.00177924 0.0117772 0.000198331 2.49499e-05 0.000226595 0.00162196 8.21067e-07 0.00241994 0.896897 
0.000145139 0.00365828 1.43039e-09 0.0187018 0.00636738 0.00130687 0.00071566 0.831214 0.000751913 6.23181e-05 7.83325e-05 0.00666464 0.0059037 0.00121336 9.27317e-13 2.88169e-09 3.72687e-05 0.0930091 1.35518e-12 0.0292639 0.000362477 3.53121e-06 0.000377133 0.000163486 
6.6907e-05 0.0123639 0.0209243 0.261805 0.00031696 0.00184011 0.000218867 0.0303088 0.000144522 0.0295334 8.76128e-06 1.39319e-05 0.176066 0.0899347 1.32494e-08 0.0998877 0.000233044 0.00030236 1.39067e-05 0.123275 0.0273839 7.06693e-08 0.125242 0.000115783 
0.000107679 0.0394328 7.41351e-05 0.00101947 0.0115308 0.0140228 0.151796 0.122961 0.0102009 7.27202e-05 7.65631e-05 0.000124321 0.00832583 0.000827258 2.87731e-09 0.00127361 0.00414679 0.425676 0.0200045 0.147828 0.000364155 7.22801e-06 0.0121395 0.0279885 
0.000306655 0.00307118 0.00730035 0.000442803 0.00483303 0.155495 0.00577723 6.76332e-05 2.10309e-07 8.1149e-07 0.000299729 8.12992e-06 0.0026154 0.000779695 1.0522e-09 0.00128918 0.0194398 0.00135008 1.53768e-09 0.000559858 0.000977378 0.104986 0.666152 0.0242485 
0.00863673 0.00947118 0.00329869 0.0247979 0.00820314 0.163912 0.00875654 0.208657 0.000534462 0.00069152 0.000188662 0.000131879 0.0082187 0.00183046 4.79264e-09 0.00379019 0.0488187 0.00946169 2.29808e-07 0.33543 0.00785371 6.0476e-07 0.102554 0.0447609 
0.00586726 0.0361844 0.000537271 0.0247579 0.0414415 0.14564 5.20374e-06 2.59913e-07 0.0157793 0.00581136 0.00047064 0.0522632 0.0429651 0.00541346 1.87562e-09 0.000518639 0.0435896 0.0338875 2.74101e-09 0.0935454 0.0717648 2.03716e-09 0.356592 0.0229652 
0.000100247 0.0371277 0.000916298 0.0800128 0.0248697 0.00640181 0.00054991 0.0713142 3.71119e-05 0.0381209 6.54957e-05 0.000885619 0.147951 0.00144888 1.07865e-06 0.00745084 0.00391007 0.468755 8.83321e-05 0.0375068 0.021137 6.82262e-06 0.0501054 0.00123742 
0.000654642 0.00446082 0.00049155 1.04837e-06 0.00395886 0.00678256 0.00106852 0.010033 0.00102478 5.1221e-05 0.00255024 1.9596e-05 0.00420848 8.92117e-05 1.37513e-09 0.00392424 1.31492e-06 0.0538983 2.0096e-09 0.0253012 0.000375956 0.000139455 0.115343 0.765622 
0.923151 0.000293214 0.000754594 0.000859359 0.000602587 0.0213196 0.000345947 0.00877499 3.53322e-05 6.7287e-05 3.554e-06 7.23709e-05 0.0039943 0.000349117 1.73691e-12 4.33628e-08 0.0030627 0.00056522 2.5383e-12 0.0149063 0.00849446 1.93367e-08 0.0120111 0.000336978 
0.000920603 0.00435164 6.9281e-05 0.193448 0.0208592 0.00660217 0.00023405 0.243507 0.000159071 0.00523526 0.000137879 0.000835677 0.0156377 0.00279661 1.89497e-06 0.00278641 0.0184705 0.17868 7.62002e-06 0.274057 0.000788347 9.05929e-06 0.0281824 0.00222201 
0.943 0.000270737 0.000723316 0.00148613 0.000516363 0.0148429 0.00016001 0.00678211 2.28899e-05 4.18021e-05 2.18215e-06 4.31958e-05 0.00322752 0.000448001 5.26939e-12 4.68407e-06 0.00193232 0.000527339 7.70066e-12 0.00984658 0.00449901 8.33636e-10 0.0114304 0.00019243 
0.0198116 0.0760742 0.000311183 0.0799582 0.00318688 0.168845 0.000995522 0.057503 1.33418e-05 0.000130817 4.21807e-05 4.17111e-06 0.00808373 0.0237977 3.47928e-07 0.000188975 0.0989409 0.00138399 1.87513e-05 0.124623 0.210934 4.0622e-06 0.12386 0.00128855 
3.5382e-05 6.61958e-06 0.000510026 1.14777e-05 0.000166277 2.27287e-05 6.10788e-06 0.00478211 0.99123 1.24305e-09 5.80858e-05 0.0018224 6.01199e-05 0.000191958 9.12616e-12 4.92213e-05 6.12873e-05 0.000396172 1.33369e-11 9.13434e-06 0.000375972 1.36407e-08 0.000177904 2.70086e-05 
0.00574604 0.0174421 0.531287 0.0187525 0.00254617 0.062848 2.58783e-05 0.0133857 3.63652e-05 0.0134798 6.98686e-07 6.78658e-05 0.0134382 0.000155886 2.88863e-08 0.00260744 0.0001151 1.17964e-06 9.21141e-07 0.0714835 0.0817187 7.23617e-06 0.156203 0.00865037 
0.0363242 0.0545889 0.063461 0.0510481 0.00803973 0.268957 0.000856235 0.156964 0.000309156 0.00277074 4.54126e-06 0.0016795 0.0199852 0.00235037 2.76473e-09 0.000990497 0.0240475 0.0238118 4.63425e-07 0.147686 0.0812692 3.46712e-08 0.0509418 0.00391357 
4.03119e-05 0.000140287 0.00114701 4.46981e-05 0.000419217 0.000351037 8.02909e-06 0.00108881 0.99183 7.96715e-06 2.84962e-05 0.000729818 0.000703375 0.000162215 5.79758e-10 0.000105486 1.44452e-06 0.000223379 8.28489e-07 1.30882e-08 0.000107095 3.47973e-07 0.0028596 1.62477e-07 
0.00462411 0.0100305 0.00415666 0.0093082 0.0180434 0.188728 0.0143833 0.0104911 0.00389335 0.000464534 0.00121276 7.37584e-05 0.0153161 5.26084e-06 2.43518e-10 1.55222e-07 8.85128e-06 0.147394 3.55876e-10 0.001645 8.27215e-05 0.000110465 0.21209 0.357938 
9.07389e-08 0.0271875 5.46325e-05 0.000425726 0.00156582 0.0104389 0.000404843 0.0050601 2.22401e-05 0.000103988 0.000588562 5.27772e-06 0.00379637 0.900457 1.81171e-09 0.00791451 7.26593e-08 0.000662553 2.64762e-09 0.000333862 1.53871e-05 1.96775e-09 0.0249161 0.0160467 
0.000132577 0.0693928 0.000226362 0.00158311 0.00296286 0.0015981 0.788808 0.00196688 0.00146135 2.58177e-05 0.111293 1.00182e-05 0.000889067 0.000366225 1.91114e-07 4.05098e-05 0.00018107 0.00490272 0.00510327 0.00582918 4.8566e-05 1.12742e-06 0.00174538 0.00143212 
0.0204885 0.00911111 0.0010177 0.0776294 0.0278169 0.0401425 0.0021459 0.0623184 0.00119532 0.00675704 0.000128489 0.00254002 0.0348376 0.0103566 8.20679e-05 0.00225863 0.0242929 0.102765 0.000555291 0.446375 0.0190556 0.000306672 0.103523 0.00430057 
0.00939161 0.0265699 0.000880814 0.0642991 0.0214879 0.0206839 0.0368001 0.263879 0.0219967 0.00455615 0.00021332 0.00334086 0.13447 0.00164608 5.61164e-05 0.000841702 0.00566825 0.0488426 0.000336741 0.29832 0.00661019 0.000217182 0.0255356 0.00335625 
6.78517e-05 0.00651076 9.35294e-08 0.0059042 0.000251941 0.00681248 0.000414378 0.0020921 0.000577328 0.000168447 0.000236965 6.51843e-06 0.00370714 0.00117605 2.46105e-08 6.40521e-06 5.90256e-05 0.000404829 0.000188689 0.00155732 0.000399224 0.8639 0.00418329 0.101375 
0.00139726 0.00719185 0.000270129 0.424097 0.00121556 0.0221852 3.53039e-05 0.126716 2.3827e-05 0.050545 2.37266e-05 5.15088e-06 0.0163225 0.0036949 1.36477e-06 0.000157387 0.00802652 0.00821231 4.1535e-06 0.108618 0.0118326 3.21662e-05 0.208383 0.00101043 
0.00837894 0.0055368 0.00429776 0.165263 0.00290231 0.0932115 0.000933817 0.0346943 0.0975557 0.0786867 5.60276e-05 5.75707e-06 0.0322206 0.0168605 3.02872e-09 0.000981994 0.0258753 0.0631975 1.0336e-07 0.0576816 0.013752 2.83806e-07 0.177721 0.120187 
3.5382e-05 6.61958e-06 0.000510026 1.14777e-05 0.000166277 2.27287e-05 6.10788e-06 0.00478211 0.99123 1.24305e-09 5.80858e-05 0.0018224 6.01199e-05 0.000191958 9.12616e-12 4.92213e-05 6.12873e-05 0.000396172 1.33369e-11 9.13434e-06 0.000375972 1.36407e-08 0.000177904 2.70086e-05 
