1.11312e-05 0.0791119 1.11896e-06 0.0947186 0.132574 0.0176247 0.0122441 0.0117241 0.000167753 0.207672 9.89106e-05 0.000406996 0.00430403 0.00112246 0.259999 6.8501e-09 6.70999e-06 0.0611401 2.30787e-08 0.00174128 0.0259014 1.23184e-05 0.00643898 0.0829789 
3.32503e-05 0.141521 0.00100389 0.0358047 0.00659246 0.0134266 0.00212761 0.00169097 0.00101955 0.00124286 0.0178949 0.00277455 0.027251 0.00350508 0.26994 0.000541443 1.90534e-06 0.082076 5.04086e-08 0.0154403 0.00290023 0.203165 0.0802106 0.0898353 
0.107624 0.00248391 0.0193611 0.0226496 0.0416819 0.0534966 0.0317818 0.100777 0.00123576 0.00106333 0.00124635 0.000162581 0.0135689 0.0161409 0.284536 4.00068e-05 0.014081 0.0497178 3.4539e-09 0.0287157 0.0113754 3.70614e-06 0.089861 0.108395 
0.00792826 0.133617 0.00336416 0.113007 0.0508423 0.0245598 0.00099305 0.0384158 0.00166188 0.000202227 2.10776e-07 3.10831e-08 0.0711284 0.0157044 0.427968 0.000780032 0.00038701 0.00376209 8.90951e-11 0.0111093 0.0501815 6.62168e-11 0.0442461 0.000141196 
0.00116299 0.0435768 0.000889334 0.0147947 0.10505 0.00170068 9.95473e-05 2.25364e-05 0.000191881 0.000696733 3.3252e-08 5.54437e-06 0.049042 0.00938586 0.707395 0.00530655 3.95411e-06 0.039914 8.42472e-10 0.00512382 0.00128356 3.88582e-05 0.00553543 0.00877962 
0.000362361 0.0283882 1.82416e-05 0.00665082 0.0470675 0.0108648 1.1182e-06 3.27315e-05 0.000230557 0.000111917 6.70387e-08 8.92311e-06 0.0141129 0.000740951 0.884579 0.00036155 0.000323979 0.000631131 1.79185e-08 0.00339693 0.000437869 1.33173e-08 0.00151575 0.000162543 
4.93469e-05 0.0324613 0.0314936 0.055664 0.0301781 0.000487369 7.25631e-07 1.29689e-05 9.32565e-05 0.0011131 4.99363e-08 9.26402e-05 0.0704398 0.00579305 0.471873 0.255817 2.19135e-06 0.000133859 3.88412e-05 0.0326184 0.00234097 3.3899e-08 0.00885096 0.000445286 
0.000968257 0.0141161 0.0107278 0.0976295 0.0125921 0.142815 0.00110191 0.0857239 8.85592e-05 0.000417341 2.54494e-05 4.24014e-05 0.0158159 0.132506 0.205243 0.00110333 0.0183024 0.0157781 1.37743e-06 0.125592 0.0433662 7.64799e-07 0.0596847 0.016358 
0.00391747 0.0389758 0.00144026 0.149049 0.0516967 0.0538641 0.000546595 0.0266443 0.000148257 0.0118669 0.00177065 0.0119217 0.0258639 0.0134138 0.272851 0.00815256 0.0136316 0.0078403 0.000656546 0.020974 0.105915 1.70915e-05 0.105902 0.0729405 
0.0052036 0.030687 0.0070031 0.074566 0.0698369 0.090653 0.00387656 0.0111683 4.39286e-05 0.000311669 3.40119e-06 6.30291e-05 0.0329012 0.0239636 0.268123 0.000710388 0.00465219 0.0162425 1.29968e-08 0.109792 0.0560441 1.53798e-06 0.190242 0.00391034 
0.0325587 0.0044803 0.0201691 0.0104304 0.00301801 0.168526 4.79279e-06 0.0119359 0.001017 6.24468e-05 5.05168e-05 3.46306e-11 0.0122241 0.0369511 0.502028 0.00102033 0.0154274 0.000723379 0.0992393 0.00451631 0.0405411 6.14306e-11 0.0311652 0.00391126 
5.04595e-07 0.00228182 0.00622723 0.0120035 0.00039562 0.114823 0.0103169 0.00271251 5.206e-07 0.00949928 0.00104218 7.72384e-06 0.0112869 0.0923277 0.641232 0.00356494 4.80846e-07 0.0397811 6.37752e-09 0.0155008 0.00022991 3.30017e-06 0.0158031 0.0209596 
0.0814958 0.00087329 6.3347e-05 0.00835014 0.00107076 0.240028 1.90334e-08 0.000384986 4.23898e-08 0.000115461 6.40361e-11 5.59882e-08 0.00438328 8.04481e-08 0.286347 9.75982e-08 0.0925861 0.00045534 4.02202e-10 3.33778e-08 0.277657 1.65746e-07 0.00608716 0.00010171 
1.34441e-05 0.0617513 3.18193e-06 0.0749701 0.103414 0.0137175 0.00966905 0.00944541 0.000132649 0.268865 8.87926e-05 0.000320599 0.00343699 0.000946495 0.313918 4.62473e-08 6.59887e-06 0.0477552 1.55812e-07 0.0014223 0.0202179 3.56514e-05 0.00515934 0.0647099 
0.000203809 0.0156657 0.000103086 0.0317069 0.102605 0.00142349 1.79446e-05 0.0983747 0.000181201 0.000180148 5.0921e-05 2.72916e-05 0.0329564 0.00101008 0.299906 0.000388801 0.00250551 0.169878 1.54677e-09 0.128358 0.000319649 1.14958e-09 0.114125 1.2515e-05 
2.23667e-05 2.23719e-05 2.23627e-05 2.23731e-05 2.2373e-05 0.45199 2.23577e-05 2.23728e-05 2.23573e-05 2.23656e-05 2.237e-05 2.23576e-05 2.23732e-05 2.23627e-05 0.496073 2.23634e-05 2.23729e-05 2.23711e-05 2.23293e-05 2.23753e-05 2.23713e-05 2.23417e-05 2.23732e-05 0.0514676 
0.000203809 0.0156657 0.000103086 0.0317069 0.102605 0.00142349 1.79446e-05 0.0983747 0.000181201 0.000180148 5.0921e-05 2.72916e-05 0.0329564 0.00101008 0.299906 0.000388801 0.00250551 0.169878 1.54677e-09 0.128358 0.000319649 1.14958e-09 0.114125 1.2515e-05 
0.00466156 0.00548053 0.00010525 0.00189272 0.00372295 0.0534124 9.00734e-05 0.0826427 0.100712 0.000218111 0.000158412 0.000185429 0.0553876 0.000255088 0.477898 6.7789e-05 0.121469 0.000301882 5.65903e-09 0.0630762 0.00480064 1.38538e-05 0.0170915 0.00635543 
0.000747147 0.0170411 0.0522117 0.0170461 0.00558538 0.267164 9.00589e-05 0.000526698 0.0201262 0.00179049 1.28274e-07 6.32775e-05 0.0553246 0.0103411 0.356177 0.00899765 0.00406622 0.00218462 8.05669e-07 0.0255322 0.0551312 5.98786e-07 0.00535789 0.0944939 
0.000328127 0.0136328 0.00490005 0.00209754 0.0256137 0.345298 0.000784847 0.00192671 0.000674839 0.000381932 2.74171e-05 3.80705e-05 0.0121486 0.00542969 0.371123 0.000865334 0.0336063 0.000448982 3.59344e-09 0.0065715 0.117686 1.10643e-08 0.0520345 0.0043816 
6.37015e-06 0.00544489 0.0891501 0.00347932 0.190515 0.0498132 4.01177e-05 0.00194004 0.000165387 0.00027029 1.31176e-07 5.22453e-05 0.0747695 0.0231095 0.479384 0.000576335 2.01236e-06 0.0127143 4.11229e-06 0.0290729 1.27334e-05 1.93143e-07 0.0369647 0.002513 
0.00615004 4.1984e-07 0.000978517 8.94041e-06 5.77571e-06 1.84186e-06 1.45439e-06 0.00294654 1.25112e-05 0.000552053 6.73666e-07 1.47066e-06 6.40972e-06 0.102546 0.886385 6.08937e-06 5.91874e-07 4.79499e-07 3.51012e-06 3.6329e-06 4.73844e-06 2.60877e-06 4.61551e-06 0.000376185 
0.156482 3.63457e-06 0.000855677 0.00743167 0.0108179 0.00281091 0.00499462 0.125827 0.00210381 4.59672e-05 8.17183e-05 0.00883603 0.00899074 0.00195102 0.347067 3.35555e-06 0.00276219 2.18158e-05 1.52205e-08 0.00817254 0.017138 1.13121e-08 0.293602 4.97923e-07 
0.00400933 0.0333101 0.00137626 0.00861424 0.0655134 0.197111 0.0127949 0.00512718 0.00875297 0.00371146 0.000269396 0.000410249 0.013002 0.00628053 0.51689 0.00190995 0.0303252 0.0115157 7.27641e-05 0.0194406 0.016697 2.06888e-05 0.0283029 0.0145427 
0.00895119 2.15253e-06 6.53751e-07 0.0283728 4.25985e-06 0.0939087 2.03911e-05 7.33472e-06 3.78454e-08 0.0738017 1.42649e-08 3.75386e-08 1.40466e-05 0.021481 0.765759 2.65934e-08 0.00191998 1.22393e-08 8.95959e-08 3.82829e-07 0.00505514 6.65891e-08 0.000701196 1.89412e-08 
3.34067e-05 0.188322 1.96928e-06 0.0292511 0.00067859 0.0369146 7.00462e-05 3.33852e-05 1.97983e-06 0.0440955 2.01012e-05 1.03316e-06 0.0335894 0.00484884 0.622831 0.00631214 2.46801e-07 0.0170428 0.00616065 0.00130025 0.00172647 1.83271e-06 0.000391354 0.00637106 
0.002091 0.0146638 0.0016902 0.0112643 0.0152831 0.00822928 0.00149528 0.00643392 0.00061472 0.000666045 0.00545713 0.00265423 0.00490657 0.00110277 0.899385 0.000361364 0.00701718 0.00252392 5.14257e-06 0.00555402 0.00279275 2.06681e-05 0.00535593 0.000431465 
1.58768e-05 0.000223977 0.000135812 0.00972657 1.86428e-05 2.04121e-05 1.95378e-07 2.85156e-05 3.23116e-05 8.40756e-07 1.42873e-07 1.97563e-07 0.043221 2.64066e-05 0.86834 3.12072e-06 5.78704e-07 0.00160448 4.71537e-07 0.000431518 2.58526e-06 3.50454e-07 0.00031515 0.0758512 
0.0373431 0.031158 0.00087581 0.0245223 0.140779 0.242187 9.97008e-05 0.0145038 3.58382e-05 0.131428 3.59012e-06 0.000354567 0.0132868 0.00103774 0.263722 2.95371e-05 0.0101136 0.0109398 1.17485e-07 3.16365e-05 0.00774836 7.706e-06 0.0465148 0.0232773 
0.0121056 0.0329529 0.0589147 0.00384442 0.0621535 0.0768148 0.0257867 0.0340312 0.0100937 0.000806888 2.02467e-08 1.73922e-05 0.00666752 0.00032082 0.611302 0.0160809 0.00114002 0.0288812 2.41491e-10 0.000873232 0.0167328 1.7948e-10 0.000229242 0.00025034 
0.000929135 0.0135481 0.0105924 0.0938619 0.0120835 0.138704 0.00105818 0.0824533 8.50288e-05 0.000400573 2.44415e-05 4.18808e-05 0.0152461 0.131611 0.229958 0.00108188 0.0175634 0.0155076 1.34124e-06 0.120662 0.0416141 7.42816e-07 0.0572739 0.0156978 
3.0974e-05 2.3373e-09 0.00479879 0.0303551 0.0151778 0.0397346 0.000212648 0.0167987 0.00396836 1.68766e-06 1.70003e-07 7.78855e-07 0.0151664 0.0165448 0.498984 0.248457 0.000288389 0.0178682 1.95412e-08 1.41748e-05 0.000749782 1.50524e-05 0.0895232 0.0013091 
0.000929135 0.0135481 0.0105924 0.0938619 0.0120835 0.138704 0.00105818 0.0824533 8.50288e-05 0.000400573 2.44415e-05 4.18808e-05 0.0152461 0.131611 0.229958 0.00108188 0.0175634 0.0155076 1.34124e-06 0.120662 0.0416141 7.42816e-07 0.0572739 0.0156978 
0.000601386 0.00794105 0.0032009 0.00872882 0.0106956 0.00151567 0.000760162 0.0145178 0.000144343 3.80934e-05 9.35351e-07 1.76288e-05 0.00416788 0.000506729 0.922426 0.000495389 0.00081093 0.00158589 3.14879e-09 0.00614864 0.0128832 9.87744e-09 0.00281072 2.39327e-06 
0.000402799 0.0312085 0.000202642 0.0633656 0.205012 0.00283641 2.65494e-07 0.0175935 0.000354873 0.000345813 9.78395e-05 4.03786e-07 0.0658488 0.00200962 0.269245 0.000770802 0.000223162 0.0348213 1.70999e-11 0.256598 0.000635136 1.27089e-11 0.048406 2.19708e-05 
1.58768e-05 0.000223977 0.000135812 0.00972657 1.86428e-05 2.04121e-05 1.95378e-07 2.85156e-05 3.23116e-05 8.40756e-07 1.42873e-07 1.97563e-07 0.043221 2.64066e-05 0.86834 3.12072e-06 5.78704e-07 0.00160448 4.71537e-07 0.000431518 2.58526e-06 3.50454e-07 0.00031515 0.0758512 
0.000203809 0.0156657 0.000103086 0.0317069 0.102605 0.00142349 1.79446e-05 0.0983747 0.000181201 0.000180148 5.0921e-05 2.72916e-05 0.0329564 0.00101008 0.299906 0.000388801 0.00250551 0.169878 1.54677e-09 0.128358 0.000319649 1.14958e-09 0.114125 1.2515e-05 
1.11312e-05 0.0791119 1.11896e-06 0.0947186 0.132574 0.0176247 0.0122441 0.0117241 0.000167753 0.207672 9.89106e-05 0.000406996 0.00430403 0.00112246 0.259999 6.8501e-09 6.70999e-06 0.0611401 2.30787e-08 0.00174128 0.0259014 1.23184e-05 0.00643898 0.0829789 
0.00444087 0.0294324 0.00278673 0.0791169 0.00537259 0.0262775 0.000639444 0.0122037 7.24523e-05 0.000181584 1.05581e-05 5.73499e-06 0.00787267 0.00600324 0.704222 0.00368098 0.00168221 0.0066214 4.3859e-06 0.0507802 0.00636473 5.78805e-07 0.0476563 0.00457059 
8.29019e-06 4.32559e-06 1.11874e-05 3.45599e-06 3.51856e-06 2.31945e-06 1.49845e-05 3.63645e-06 1.52759e-05 9.03446e-06 5.75789e-06 1.51521e-05 3.39007e-06 1.13019e-05 0.999788 1.07342e-05 3.61952e-06 4.94025e-06 3.61645e-05 1.82671e-06 4.80974e-06 2.6878e-05 3.3491e-06 7.64544e-06 
0.00437867 5.17088e-09 0.00338068 3.77886e-05 3.07029e-05 0.102927 5.29636e-06 4.70718e-05 0.000143493 1.1638e-06 1.15967e-07 1.81131e-08 0.000724507 4.31899e-05 0.84086 0.000101235 0.035143 1.91342e-06 4.32317e-08 1.21844e-05 0.0115954 3.21304e-08 0.00051948 4.73672e-05 
0.00254826 0.176966 0.0260953 0.0710692 0.0446299 0.0893321 0.000731659 0.0196645 0.000139734 0.00542157 0.000152453 0.00707589 0.0436859 0.0286971 0.194684 0.003096 0.00190192 0.167747 0.000572717 0.0477493 0.0174293 1.81298e-05 0.0437427 0.00684935 
0.0086272 0.0645668 0.00221486 0.0307534 0.0587335 0.0157652 0.00726188 0.0479856 8.50847e-05 0.177814 0.0122051 0.00303374 0.0158958 0.00185918 0.328035 0.000548827 0.0130889 0.143845 0.00856968 0.0256929 0.0205721 7.78349e-06 0.0105749 0.00226384 
0.0242055 0.00447956 6.05014e-07 0.00611408 6.05292e-07 0.0262116 6.04879e-07 0.00157436 0.00846874 6.05093e-07 6.05212e-07 6.04875e-07 6.05298e-07 6.05013e-07 0.909145 6.05031e-07 0.00381392 6.0524e-07 6.04109e-07 6.05355e-07 0.0128924 6.04446e-07 6.05299e-07 0.00308683 
8.81146e-05 7.88894e-09 6.82346e-05 2.64977e-05 6.41709e-09 0.267681 2.73286e-08 6.6321e-09 2.786e-08 1.64769e-08 1.05012e-08 2.76341e-08 7.44212e-05 2.06122e-08 0.40748 1.95768e-08 6.60122e-09 9.00995e-09 6.59563e-08 3.33153e-09 0.324582 4.90197e-08 6.10803e-09 1.39436e-08 
7.76779e-06 0.125639 0.0502758 2.9034e-05 0.0352615 0.162808 0.0694317 0.000485386 3.13946e-06 3.62937e-06 0.00920749 0.0674759 0.000967335 2.05908e-06 0.367844 2.21686e-07 0.000322617 2.30807e-05 3.65512e-07 9.7964e-06 0.006322 2.71654e-07 0.0384337 0.0654472 
9.37419e-06 0.0468368 0.000221178 0.0728866 0.00879845 0.0298312 6.39239e-08 0.0162188 0.000310372 0.0442221 6.57203e-08 6.46386e-08 0.0254772 0.253028 0.418348 0.03284 3.78138e-07 0.00268945 1.54277e-07 0.000245992 0.000781767 1.14661e-07 0.0472172 3.6778e-05 
0.00235792 0.000649263 0.00202946 2.58705e-05 0.0296716 0.0101569 0.00165384 0.0215296 0.000914414 0.00110157 0.000140147 8.16373e-08 0.344575 0.0152229 0.349823 0.117135 0.000160221 0.0523351 1.94849e-07 0.0121057 3.81118e-06 0.0136938 0.0247139 2.69144e-07 
0.00237611 1.29423e-08 0.000111925 5.14164e-05 2.83454e-05 2.64699e-05 4.48342e-08 0.00472829 3.81229e-05 4.40917e-07 4.44078e-08 9.00085e-05 5.04365e-05 3.08584e-05 0.980608 0.000299861 3.65467e-07 1.72999e-06 1.08205e-07 1.57569e-05 0.000422458 8.04199e-08 0.0111194 7.84708e-08 
0.00420099 0.00343059 5.02598e-05 9.13177e-05 0.00258031 0.0627939 7.79548e-06 0.0645422 0.121878 6.98309e-05 0.000168057 4.32204e-08 0.0521375 0.000112055 0.485689 2.45773e-05 0.143139 6.75625e-05 5.42247e-11 0.037648 0.0053813 2.04739e-07 0.0107457 0.00524138 
0.00480775 0.0156693 0.00156423 0.00841463 0.0383044 0.227685 0.0150115 0.00447722 0.0102679 0.00669997 0.000190803 0.000349777 0.0112729 0.0068922 0.528762 0.00222841 0.0284 0.00798224 0.000240118 0.0189722 0.0264179 5.02759e-05 0.0243658 0.0109741 
0.00981442 0.0792665 0.00222391 0.0264842 0.0580754 0.0172415 0.00753982 0.0250815 3.80941e-05 0.212014 0.0132224 0.00175557 0.0158095 0.00206386 0.45179 0.00012716 0.00576981 0.0227077 0.00819069 0.00943348 0.0252772 1.68333e-07 0.00580505 0.000267793 
3.70861e-08 1.93505e-08 5.00467e-08 1.54604e-08 5.51067e-05 0.000321669 0.155061 1.62676e-08 6.83367e-08 4.04156e-08 2.57579e-08 6.77828e-08 1.51655e-08 5.0559e-08 0.7731 0.000115295 1.61919e-08 0.0681547 1.61782e-07 2.04376e-05 2.15164e-08 1.20239e-07 7.19292e-05 0.00309872 
0.00747082 5.3732e-06 0.000480643 0.00125492 0.00707594 0.000773849 3.46753e-06 0.00177476 0.040687 8.33825e-07 1.93834e-07 0.0611503 0.00667389 0.0405061 0.796677 0.0191183 3.97545e-05 0.00384398 9.30895e-09 0.00872384 0.000842424 6.91855e-09 0.000578109 0.00231907 
0.000293557 0.250696 3.1503e-08 0.136925 7.57863e-06 0.164857 0.000472662 0.0104354 0.0358916 0.00680746 0.0248283 3.16497e-10 0.010827 0.0102279 0.321425 1.65252e-06 0.0106323 0.000153016 7.55404e-10 0.00317763 0.00624263 5.61428e-10 0.0060493 4.93574e-05 
1.44491e-05 0.000422952 0.00185121 0.0635669 1.70347e-05 1.95114e-05 8.05997e-08 2.69262e-05 0.00175624 5.84564e-07 6.91055e-08 8.1501e-08 0.0459005 0.0118007 0.789703 0.0448587 4.41209e-07 0.00184081 1.94524e-07 0.00637284 0.0302972 1.44573e-07 0.00067131 0.000878128 
7.76779e-06 0.125639 0.0502758 2.9034e-05 0.0352615 0.162808 0.0694317 0.000485386 3.13946e-06 3.62937e-06 0.00920749 0.0674759 0.000967335 2.05908e-06 0.367844 2.21686e-07 0.000322617 2.30807e-05 3.65512e-07 9.7964e-06 0.006322 2.71654e-07 0.0384337 0.0654472 
2.91221e-06 0.0180289 0.000418028 0.0304551 0.11133 0.240354 0.000617825 0.0119873 0.00117329 0.0105046 2.69201e-06 0.000400806 0.0141983 0.00554807 0.430782 0.000698458 0.000275229 0.0121026 6.23639e-09 0.000211656 0.000153563 5.80235e-06 0.102653 0.00809618 
0.00100489 6.97134e-10 0.000727654 8.08424e-05 0.000126045 0.0251977 1.02226e-07 0.000261487 7.0588e-05 3.48019e-07 1.33542e-08 2.44199e-09 0.000577555 4.03145e-05 0.921147 0.000594412 0.0415461 0.00491387 5.82845e-09 0.00018605 0.00263329 4.3318e-09 0.000153372 0.000738622 
0.000402799 0.0312085 0.000202642 0.0633656 0.205012 0.00283641 2.65494e-07 0.0175935 0.000354873 0.000345813 9.78395e-05 4.03786e-07 0.0658488 0.00200962 0.269245 0.000770802 0.000223162 0.0348213 1.70999e-11 0.256598 0.000635136 1.27089e-11 0.048406 2.19708e-05 
0.00410797 0.0445072 0.00218388 0.198929 0.00825078 0.0194772 0.00218429 0.043544 0.000282503 0.000399722 0.0203262 0.00415376 0.0110584 0.0184389 0.495304 0.000402701 0.000755694 0.0393526 0.000277193 0.0137092 0.00890691 1.23161e-05 0.0610337 0.00240096 
1.22513e-05 7.37467e-08 1.43089e-07 0.00699026 8.99129e-07 0.0176477 1.91467e-06 0.0041298 0.000292324 3.6553e-06 0.00016157 5.29158e-06 4.33596e-08 1.44553e-07 0.955486 1.37292e-07 2.47252e-05 0.000390559 4.6255e-07 2.33639e-08 0.0116786 1.54534e-05 0.00315796 9.77865e-08 
9.19593e-05 5.08069e-10 1.38692e-06 0.000379378 2.51777e-05 9.21371e-05 1.76003e-09 0.000968181 1.79426e-09 0.0227945 1.29022e-06 1.77971e-09 3.62301e-05 0.000302431 0.962787 0.000250387 4.25136e-10 0.000353371 4.24776e-09 6.04658e-05 1.81693e-05 4.07889e-06 0.00424171 0.00759215 
6.7203e-06 1.95577e-05 0.00838676 0.0114447 0.0402505 0.00891395 1.26102e-05 0.0282113 4.81082e-07 2.13197e-10 1.57884e-07 1.84033e-06 0.0201778 3.15937e-06 0.805501 0.00210335 6.19173e-06 0.0124082 0.0519225 8.98866e-06 2.62582e-05 2.53041e-06 0.0105221 6.92832e-05 
0.000705025 0.0102373 0.000393284 0.0363118 0.000481403 0.188613 0.000211988 0.0689895 0.0265169 0.00255208 0.000222572 0.000552642 0.00169244 0.000833035 0.395859 0.000711619 0.0413585 0.0207083 9.77621e-08 0.144021 0.0337605 2.78388e-05 0.0250265 0.000213486 
7.07276e-05 0.0229622 0.000872471 0.0275468 0.000309515 0.0321081 3.44567e-05 0.0176871 6.47047e-08 0.00180535 1.1982e-05 0.000544288 0.0107127 0.0216971 0.665105 0.00845116 8.06274e-06 0.00677559 0.0588277 0.0199884 0.0205492 1.13848e-07 0.0339991 0.0499325 
0.00205744 0.00484052 0.000119572 1.53534e-07 0.000511196 0.117399 0.000511239 0.000119047 0.000376075 9.75899e-05 3.08165e-05 2.52523e-05 0.000583863 5.02091e-07 0.800715 0.000263759 0.00710594 0.0137639 1.60662e-06 0.00229206 0.00123 1.19407e-06 0.0444224 0.00353201 
0.000504656 1.81137e-08 0.000159624 1.35881e-05 1.12113e-05 1.26586e-05 6.27487e-08 0.00709309 1.87032e-05 3.52712e-07 4.92045e-08 0.000176847 2.33117e-05 1.54155e-05 0.974506 8.94584e-05 2.60236e-07 4.72505e-07 1.51441e-07 4.26352e-06 0.000631758 1.12553e-07 0.0167378 8.10843e-08 
0.01015 0.00423478 0.00121721 0.0421499 0.0125147 0.308399 8.4538e-06 0.0851286 0.00116947 5.1798e-05 0.0285526 0.000757918 0.0167378 0.00470453 0.336969 0.000168479 4.84229e-05 0.000414824 7.98094e-07 0.0398826 0.0726372 2.2651e-06 0.0339474 0.000152164 
1.44652e-05 1.75706e-08 1.06209e-05 2.22803e-05 1.80801e-05 0.0771825 6.08673e-08 0.000182052 3.07665e-05 6.5565e-07 8.52282e-08 6.15479e-08 3.64799e-05 2.51859e-05 0.90558 0.000171165 2.10586e-05 0.000355456 1.46901e-07 7.15565e-06 0.00043732 1.09179e-07 0.015872 3.23354e-05 
3.41594e-05 3.21701e-07 2.59232e-05 4.69288e-05 3.72358e-05 3.85375e-05 1.11442e-06 5.41296e-05 6.82802e-05 2.68251e-06 6.43812e-07 1.12688e-06 6.9908e-05 5.50971e-05 0.999472 1.02767e-05 1.672e-06 4.14563e-06 2.68961e-06 1.58781e-05 8.3791e-06 1.99896e-06 4.55928e-05 9.78927e-07 
0.00338184 1.14604e-05 0.00491236 0.0265965 3.11702e-05 0.0282835 7.56849e-05 0.0144874 0.000162733 3.36887e-07 2.7312e-06 3.20778e-06 0.000141424 0.0221851 0.596993 1.6177e-05 0.0768367 0.142862 1.32309e-08 0.0157518 0.0395574 5.69026e-06 0.0273193 0.000381823 
0.000146789 0.109669 4.49001e-07 0.0452303 0.211785 0.0355157 0.000403689 0.0702958 0.00830562 0.00889733 0.00765919 0.000201504 0.00463047 0.00500792 0.453102 7.27219e-06 0.00525885 0.00111924 2.29154e-09 0.01557 0.010403 7.83466e-08 0.00592912 0.000861355 
0.0489807 2.73751e-08 0.0332948 0.062389 0.0138842 0.0428339 5.02334e-06 0.180719 0.00110362 5.23027e-05 0.00340697 1.12726e-12 0.0446398 0.01357 0.197118 0.000756946 0.00109005 4.27785e-08 7.49002e-09 0.171691 0.0695712 1.82001e-08 0.114809 8.43566e-05 
0.000131216 0.000131247 0.000131193 0.000131254 0.000131253 0.000131263 0.000131164 0.000131252 0.000131161 0.00013121 0.000131236 0.000131163 0.105135 0.000131193 0.511372 0.000131197 0.000131253 0.000131242 0.000130997 0.000131267 0.380738 0.00013107 0.000131255 0.000131221 
0.0171634 0.119258 0.000647455 0.00178564 0.0615398 0.257068 0.092223 0.00307025 0.000952955 0.0309803 0.000114206 6.50116e-08 0.00283292 1.80242e-06 0.312706 0.00119909 4.79743e-05 0.0105848 1.55168e-07 0.000717767 0.0389362 1.15323e-07 0.00661232 0.0415578 
0.00161055 1.48473e-07 0.000236436 0.00255305 0.00129795 0.000599643 0.000182921 0.0113003 1.7477e-05 0.000317779 8.21553e-05 7.09526e-05 0.00069173 1.39953e-05 0.797892 0.00198443 9.93408e-06 1.33428e-06 1.24132e-06 0.0130705 0.00227779 9.22571e-07 1.09095e-05 0.165776 
0.000249824 0.0242565 0.000810064 0.0740633 0.0421652 0.0358052 9.50231e-05 0.00330792 0.000644502 0.0530684 4.17674e-06 0.000129241 0.0546113 0.00345441 0.63804 0.00143576 0.000195504 0.00283429 4.109e-09 0.0202086 0.0234284 3.05388e-09 0.0161323 0.00506032 
1.11312e-05 0.0791119 1.11896e-06 0.0947186 0.132574 0.0176247 0.0122441 0.0117241 0.000167753 0.207672 9.89106e-05 0.000406996 0.00430403 0.00112246 0.259999 6.8501e-09 6.70999e-06 0.0611401 2.30787e-08 0.00174128 0.0259014 1.23184e-05 0.00643898 0.0829789 
0.00621678 0.0116517 0.00121007 0.00389234 0.020923 0.193676 0.0326222 0.00428562 0.00524676 0.00384821 0.000117103 4.98404e-05 0.0135268 0.00867226 0.564874 0.00320274 0.0167924 0.0154818 8.19783e-05 0.0246261 0.0187452 4.5754e-05 0.0241402 0.026071 
3.28126e-05 1.71207e-05 4.42797e-05 1.36788e-05 1.39265e-05 9.18042e-06 5.93089e-05 1.43931e-05 6.04621e-05 3.57585e-05 2.27898e-05 5.99721e-05 1.34179e-05 4.4733e-05 0.999162 4.24859e-05 1.43261e-05 1.95536e-05 0.000143139 7.23014e-06 1.9037e-05 0.000106383 1.32558e-05 3.02607e-05 
9.92685e-07 0.00546573 0.00536765 0.0306217 0.000380304 0.14675 0.0183923 0.0107541 2.8682e-05 0.0175958 0.000749134 7.26889e-06 0.0259555 0.114853 0.477097 0.00481583 0.000334011 0.033564 3.02152e-07 0.0422882 0.000747822 1.45338e-07 0.04383 0.0204004 
0.00283464 0.120521 0.00491419 0.13274 0.0651768 0.0200897 6.85577e-05 0.0164018 7.46269e-05 0.000291158 2.85015e-05 2.62589e-06 0.0360643 0.00400775 0.340883 0.000337225 9.32541e-06 0.0879102 1.79525e-08 0.0326972 0.00283459 0.000941903 0.120351 0.0108202 
0.00420099 0.00343059 5.02598e-05 9.13177e-05 0.00258031 0.0627939 7.79548e-06 0.0645422 0.121878 6.98309e-05 0.000168057 4.32204e-08 0.0521375 0.000112055 0.485689 2.45773e-05 0.143139 6.75625e-05 5.42247e-11 0.037648 0.0053813 2.04739e-07 0.0107457 0.00524138 
6.37015e-06 0.00544489 0.0891501 0.00347932 0.190515 0.0498132 4.01177e-05 0.00194004 0.000165387 0.00027029 1.31176e-07 5.22453e-05 0.0747695 0.0231095 0.479384 0.000576335 2.01236e-06 0.0127143 4.11229e-06 0.0290729 1.27334e-05 1.93143e-07 0.0369647 0.002513 
0.000156209 0.000634571 4.04987e-05 0.00475723 0.111335 0.00189265 4.38655e-06 2.8645e-05 0.00023926 0.000129888 2.2408e-07 2.13103e-05 0.0107265 0.0116291 0.849754 0.00263904 1.14255e-05 0.00119584 4.48209e-07 0.0023003 2.68925e-06 6.6805e-05 0.000529305 0.00190434 
4.97857e-07 0.0501963 4.9777e-07 4.98e-07 0.0908852 0.135366 0.00209066 0.0133467 0.00442958 0.00338577 0.00348602 0.000946038 0.0467629 0.0127931 0.387499 4.97784e-07 4.97995e-07 0.0266411 4.97025e-07 0.139703 4.9796e-07 0.00109456 0.0618026 0.019567 
0.107108 0.00533429 0.00872867 0.00304509 0.00246778 0.0518276 0.000299417 0.0212805 0.0129793 0.0150445 4.68146e-07 0.00434038 0.00103143 0.000128732 0.394195 0.000863586 0.00154105 0.0199284 7.02925e-10 0.00146192 0.338299 4.41895e-06 0.00828495 0.0018054 
0.0180934 0.00292979 0.00591399 0.0556474 0.0420847 0.0116345 0.000652587 0.237674 0.00076103 0.00274117 0.000106856 0.00184505 0.0507525 0.00673334 0.257574 0.000236313 0.00163695 0.191341 1.13886e-07 0.0326012 0.00945453 2.56194e-06 0.0675972 0.00198694 
0.000203809 0.0156657 0.000103086 0.0317069 0.102605 0.00142349 1.79446e-05 0.0983747 0.000181201 0.000180148 5.0921e-05 2.72916e-05 0.0329564 0.00101008 0.299906 0.000388801 0.00250551 0.169878 1.54677e-09 0.128358 0.000319649 1.14958e-09 0.114125 1.2515e-05 
0.00532528 0.000381381 0.0399328 0.0131188 0.16987 0.00950924 3.55982e-10 4.47654e-05 0.0107555 0.000356272 6.21065e-08 3.71527e-07 0.179195 3.92585e-05 0.410689 0.002217 6.97708e-07 1.61744e-06 9.54882e-06 0.127017 0.00182318 6.3853e-10 0.0286935 0.00101933 
0.00238558 0.245031 0.0815963 0.106878 0.0049759 0.0369674 1.57821e-07 0.00149696 7.29051e-05 0.000214297 3.7203e-08 7.05613e-07 0.00843743 0.00562162 0.44111 0.011969 0.000145452 1.36492e-05 5.28333e-08 0.00474262 0.0198062 3.92665e-08 0.028534 3.47619e-07 
0.00589041 2.17402e-07 0.0066717 0.0651588 0.0404172 0.0182424 2.17264e-07 0.0337206 0.0188801 0.00147813 0.000521938 2.17262e-07 0.0469399 0.0191018 0.62266 0.0123005 0.0017395 2.17394e-07 2.16987e-07 0.0495101 0.0232398 2.17108e-07 0.0335255 2.17358e-07 
0.00311338 0.0453529 0.00867817 0.0158883 0.0491479 0.0077571 0.000800267 0.0114487 0.000140714 0.0130791 1.59009e-06 2.23214e-05 0.121812 0.0017609 0.696021 0.000985879 0.000533008 0.00184435 2.69403e-06 0.0128686 0.00314609 1.77352e-07 0.00535996 0.000234403 
0.0695843 0.0505076 0.0235208 0.0373992 4.69049e-06 0.111914 0.002009 0.00447058 0.0934096 4.85307e-07 0.0146809 0.106246 0.000999505 3.23324e-05 0.377795 0.00882628 0.0195123 0.0539686 1.37634e-06 0.0183084 0.00378169 2.25334e-09 1.06813e-06 0.0030265 
0.0323736 0.00835782 0.0564098 0.0104035 0.286073 0.0252795 0.0117517 0.00451201 0.000238498 0.000865279 0.00102128 0.00152192 0.0290253 0.00975549 0.323935 0.000130914 0.000211541 0.0469549 2.71445e-06 0.124641 0.000732202 1.96267e-06 0.0243414 0.00145973 
9.84598e-05 0.184685 0.000454359 0.00647778 0.2253 0.00463239 8.12403e-07 0.0728539 0.000862228 0.000640121 8.07062e-07 0.000720162 0.00465832 0.00149588 0.379395 0.0618779 7.32972e-07 0.000113673 2.98772e-06 0.0453859 0.00375421 9.29691e-08 0.000816594 0.00577267 
0.00294566 0.0214214 0.0392059 0.00556529 0.00768461 0.052971 0.000750079 0.00147994 0.00411323 2.11805e-05 1.57243e-06 0.00994761 0.0139683 0.00612975 0.555237 0.0536721 0.059422 0.000227618 3.92276e-07 0.00809813 0.0484044 2.62192e-06 0.108142 0.000587816 
1.11312e-05 0.0791119 1.11896e-06 0.0947186 0.132574 0.0176247 0.0122441 0.0117241 0.000167753 0.207672 9.89106e-05 0.000406996 0.00430403 0.00112246 0.259999 6.8501e-09 6.70999e-06 0.0611401 2.30787e-08 0.00174128 0.0259014 1.23184e-05 0.00643898 0.0829789 
0.0868771 0.00298765 0.00661054 0.0747952 0.0349237 0.066472 0.000455148 0.181444 0.00158944 0.00363277 0.000146511 0.00206455 0.0523251 0.00577652 0.214409 0.000401691 0.00561939 0.107465 8.05051e-08 0.0690704 0.031054 1.641e-06 0.0496712 0.00220702 
0.0131907 0.0900203 0.0449326 0.107478 0.0553817 0.0499321 0.0010055 0.0802842 0.00228186 1.66343e-07 4.28243e-05 1.37581e-05 0.00134417 0.000358731 0.272558 0.000444998 0.000807151 0.0137741 8.12719e-11 0.0903811 0.0857609 7.17919e-07 0.0862074 0.00379863 
0.000401539 0.0336626 0.00141513 0.0140156 0.0827001 0.000992455 8.29524e-05 0.168344 0.00025055 0.00072595 0.000949954 7.97393e-06 0.0495555 0.0235656 0.30009 0.000290436 0.000965853 0.286754 7.99679e-07 0.0233696 0.00489744 5.23106e-06 0.0019791 0.00497746 
0.000397923 0.116339 0.000242342 0.0244592 0.100601 0.00234443 0.0006569 0.000198044 4.00244e-05 0.0019966 6.161e-06 8.77401e-05 0.0304789 0.00226661 0.70125 0.000531493 0.000127175 0.00564835 0.0055916 0.00535706 0.000221887 6.84321e-07 0.00108886 6.82342e-05 
6.37015e-06 0.00544489 0.0891501 0.00347932 0.190515 0.0498132 4.01177e-05 0.00194004 0.000165387 0.00027029 1.31176e-07 5.22453e-05 0.0747695 0.0231095 0.479384 0.000576335 2.01236e-06 0.0127143 4.11229e-06 0.0290729 1.27334e-05 1.93143e-07 0.0369647 0.002513 
0.000681362 0.0647202 0.000273685 0.0950524 0.0445067 0.012637 0.000158511 0.0266936 0.000530014 0.0653238 7.15141e-05 0.00170934 0.027378 0.00857205 0.351658 0.00461535 0.0200125 0.0221738 2.36637e-08 0.0165986 0.031205 3.28453e-06 0.203783 0.00164186 
0.00476799 0.0624186 0.00600147 0.0907966 0.0835699 0.0538684 0.00169745 0.0683602 0.000611171 0.0106179 0.00370237 0.00361765 0.0402403 0.0101442 0.302118 0.00316898 0.00497798 0.0429498 4.15668e-05 0.0739896 0.0154651 4.6437e-05 0.114416 0.00241267 
0.000561313 0.0210095 0.020494 0.00436982 0.00297602 0.000272985 2.68463e-05 0.0794751 2.67183e-05 1.62861e-07 5.78689e-07 0.00016903 0.0558574 0.0571664 0.476708 0.092571 3.97615e-05 1.13358e-05 3.6599e-08 0.172514 0.0151214 2.7201e-08 0.000628223 5.52803e-07 
7.98944e-06 0.105663 1.40425e-06 0.0190436 0.124719 0.21143 0.000356844 1.23765e-06 0.0211036 0.00475451 3.09754e-07 1.06821e-06 0.0310768 0.00386246 0.357689 7.96403e-06 0.000487326 0.00634528 3.24521e-09 0.0191776 0.0619468 8.36199e-11 0.0277769 0.0045475 
0.0549689 0.001321 0.0108183 0.0232872 0.0997218 0.0157794 2.92624e-05 0.0116903 0.000429745 2.65106e-05 1.55657e-08 4.33037e-06 0.0260408 0.000651725 0.474063 0.000273046 0.000838706 0.00441644 3.66858e-09 0.226995 0.0079026 2.72654e-09 0.0404543 0.000287951 
4.23354e-05 1.38841e-08 2.36416e-05 0.0135387 5.99847e-05 5.61815e-05 4.80968e-08 0.00700419 0.00171896 0.000595417 6.38237e-08 2.83773e-05 0.0293607 6.47912e-05 0.94563 9.68934e-06 7.08628e-07 3.48894e-06 1.1608e-07 0.00114052 1.42033e-05 8.62721e-08 0.000707668 1.21697e-07 
0.000929135 0.0135481 0.0105924 0.0938619 0.0120835 0.138704 0.00105818 0.0824533 8.50288e-05 0.000400573 2.44415e-05 4.18808e-05 0.0152461 0.131611 0.229958 0.00108188 0.0175634 0.0155076 1.34124e-06 0.120662 0.0416141 7.42816e-07 0.0572739 0.0156978 
0.00369205 0.00644852 4.70515e-05 0.000736356 0.0029653 0.0472973 0.000155312 0.0690202 0.0947924 0.000121812 0.000145354 1.24593e-05 0.0416509 0.000181859 0.554044 2.16646e-05 0.11161 6.93484e-05 4.11009e-11 0.0452647 0.00426363 9.87061e-06 0.0121955 0.00525468 
6.37015e-06 0.00544489 0.0891501 0.00347932 0.190515 0.0498132 4.01177e-05 0.00194004 0.000165387 0.00027029 1.31176e-07 5.22453e-05 0.0747695 0.0231095 0.479384 0.000576335 2.01236e-06 0.0127143 4.11229e-06 0.0290729 1.27334e-05 1.93143e-07 0.0369647 0.002513 
5.90494e-06 7.07747e-07 8.78393e-06 2.15352e-05 1.38185e-05 4.31938e-06 2.45175e-06 1.20139e-05 2.93753e-05 2.72199e-06 1.22187e-06 2.47916e-06 1.53729e-05 2.1962e-05 0.99818 1.40568e-05 1.17846e-06 8.08317e-07 5.91718e-06 8.71996e-06 1.11966e-05 4.39774e-06 0.0016301 1.25094e-06 
0.0168577 0.0106443 7.58013e-10 0.0142929 0.0186273 0.163882 0.000630103 1.09095e-06 0.0773367 1.18425e-06 1.22759e-05 1.02664e-09 0.0203722 7.65771e-10 0.606041 0.000473362 0.00540644 0.00857552 2.45036e-09 1.23771e-10 0.0107094 1.82115e-09 0.0370343 0.00910169 
0.000673483 5.68044e-07 0.00095122 7.22228e-05 4.62063e-07 0.00477794 1.96779e-06 4.77545e-07 5.5875e-05 0.000185261 1.95567e-05 1.9898e-06 4.4519e-07 0.000949085 0.977149 1.40963e-06 0.00907606 0.00019938 4.74918e-06 4.41389e-05 0.00343997 3.52967e-06 0.000149162 0.00224221 
0.00102219 0.00280378 0.00066394 0.00438529 0.00761349 0.136124 0.00304781 0.000450596 0.0022728 0.0114172 4.43587e-06 1.84257e-05 0.234853 0.0015081 0.334321 0.00199294 0.0831862 0.00554594 3.47925e-08 0.00424032 0.14233 3.85978e-06 0.0113972 0.0107979 
0.00115845 7.2303e-05 0.000893505 0.00104884 0.00606855 0.00667107 4.422e-06 0.000961704 0.000158592 0.00124699 2.21143e-06 1.57756e-06 0.275802 0.00370684 0.621599 0.00211855 0.00969897 0.00154627 0.000137848 0.00678148 0.0334142 2.02619e-07 0.00771518 0.0191912 
0.00146988 0.0317952 0.00938846 0.00372264 0.0276225 0.0512206 0.000467723 0.00985569 0.0571969 0.00843506 0.000130193 3.1122e-05 0.171512 0.0222126 0.264158 0.0039595 0.000215487 0.000131267 5.13083e-10 0.160068 0.00768382 1.82474e-06 0.153741 0.0149801 
6.37015e-06 0.00544489 0.0891501 0.00347932 0.190515 0.0498132 4.01177e-05 0.00194004 0.000165387 0.00027029 1.31176e-07 5.22453e-05 0.0747695 0.0231095 0.479384 0.000576335 2.01236e-06 0.0127143 4.11229e-06 0.0290729 1.27334e-05 1.93143e-07 0.0369647 0.002513 
0.000479558 0.0114437 0.000186212 0.00930144 0.00119843 0.0162621 0.0147357 0.212912 5.76295e-05 1.53089e-06 0.000151907 1.59207e-08 0.0156483 0.049389 0.281657 0.0485742 0.000311425 0.00665836 3.79989e-08 0.00196511 0.00179166 2.82414e-08 0.128413 0.198861 
0.00216386 0.2871 0.0418316 0.0134663 0.0307182 0.109341 0.000518199 0.0108193 1.42779e-05 0.00440757 0.000223174 0.0110563 0.0159259 0.0326755 0.289843 0.000826445 0.000288834 0.0404256 0.00127416 0.0411643 0.0326123 1.46386e-06 0.0273376 0.00596488 
1.5511e-05 0.0273399 0.00153014 0.0340633 0.00405279 0.0821195 2.16604e-06 0.00121886 1.35442e-06 0.0026218 7.42657e-08 1.95433e-07 0.0411957 1.35493e-05 0.453968 0.0123301 6.77456e-05 0.0218424 4.66452e-07 0.0160761 0.0104942 3.46675e-07 0.0901944 0.200851 
7.29736e-05 0.213232 0.0018579 0.00673948 0.12622 0.00917988 0.000456128 0.00182349 0.0142188 0.0170845 0.00629236 3.61708e-05 0.027801 0.115836 0.215337 0.0115803 0.00367004 0.00126775 8.01836e-07 0.145038 0.00330662 1.12725e-05 0.0725938 0.006344 
0.000121692 0.0111092 0.0001897 0.003025 0.00262974 0.000412286 0.000888869 0.00459907 9.94362e-06 1.68718e-07 1.59267e-06 3.61145e-05 0.000485558 9.54192e-05 0.969136 4.76794e-05 5.83598e-05 5.02268e-05 6.75371e-07 0.00374742 0.00161312 5.01946e-07 0.00173824 3.38411e-06 
0.00130021 0.00396492 0.0154669 0.0407629 0.00376049 0.248174 0.000175966 0.00139706 3.16611e-05 3.59636e-05 9.50395e-07 3.07871e-09 0.00130566 0.00135083 0.519402 0.00193466 0.000569826 0.0130501 7.34816e-09 0.0191921 0.0028315 5.46127e-09 0.116596 0.00869694 
0.004621 0.199371 0.0379561 0.170853 0.0121464 0.0477194 0.0306709 0.0288072 0.000129789 0.000330781 0.00024329 1.0653e-05 0.0409798 0.0226133 0.202241 0.0244451 0.00181828 0.000153273 1.94667e-09 0.0637247 0.00871188 1.4468e-09 0.101017 0.00143605 
1.97204e-05 2.26193e-07 0.000164962 0.00959072 2.15364e-05 2.26149e-05 0.000244828 3.16548e-05 3.92385e-05 0.00364679 4.15383e-07 7.92328e-07 4.09469e-05 0.0537075 0.929356 5.58625e-06 9.67338e-07 0.00306173 1.8911e-06 9.05334e-06 4.50401e-06 1.4055e-06 2.66221e-05 6.26356e-07 
0.0219795 0.0360665 3.43316e-06 3.43475e-06 3.43474e-06 0.181714 0.00686822 0.0168335 3.43232e-06 3.43361e-06 3.43428e-06 3.43237e-06 3.43477e-06 3.43316e-06 0.484374 3.43326e-06 3.43472e-06 0.0154584 3.42802e-06 0.0937814 3.43448e-06 3.42994e-06 0.0769423 0.0659342 
0.156482 3.63457e-06 0.000855677 0.00743167 0.0108179 0.00281091 0.00499462 0.125827 0.00210381 4.59672e-05 8.17183e-05 0.00883603 0.00899074 0.00195102 0.347067 3.35555e-06 0.00276219 2.18158e-05 1.52205e-08 0.00817254 0.017138 1.13121e-08 0.293602 4.97923e-07 
3.00338e-06 0.0333465 0.00715268 0.016011 0.00452793 0.00520364 7.23155e-07 6.71098e-06 1.61193e-05 0.00107627 4.38003e-07 7.31241e-07 0.172153 0.0442925 0.525197 7.55807e-06 5.10207e-07 2.38417e-07 1.7453e-06 0.0104859 0.176475 1.29714e-06 6.14575e-06 0.0040332 
0.000929135 0.0135481 0.0105924 0.0938619 0.0120835 0.138704 0.00105818 0.0824533 8.50288e-05 0.000400573 2.44415e-05 4.18808e-05 0.0152461 0.131611 0.229958 0.00108188 0.0175634 0.0155076 1.34124e-06 0.120662 0.0416141 7.42816e-07 0.0572739 0.0156978 
3.52655e-05 0.030448 0.00450563 0.0350062 0.0463907 0.00198651 1.58692e-05 0.0186005 0.00117811 0.112578 2.13535e-05 0.000712797 0.162932 0.000526724 0.429989 0.0343756 6.4795e-06 0.000209951 5.86462e-07 0.0813221 0.0291881 4.35868e-07 0.00973338 0.000237495 
0.0180934 0.00292979 0.00591399 0.0556474 0.0420847 0.0116345 0.000652587 0.237674 0.00076103 0.00274117 0.000106856 0.00184505 0.0507525 0.00673334 0.257574 0.000236313 0.00163695 0.191341 1.13886e-07 0.0326012 0.00945453 2.56194e-06 0.0675972 0.00198694 
0.000783231 0.137183 0.00186361 0.0686602 0.0829526 0.00985545 0.000341767 0.0198256 0.000240684 8.95511e-05 3.49586e-07 3.60497e-05 0.0234212 0.00106886 0.627072 0.000616974 0.000431703 0.0034195 6.48807e-11 0.009159 0.0107419 4.82204e-11 0.00223531 2.19125e-06 
0.00081112 0.00981232 0.00182482 0.00840012 0.0106023 0.00157235 0.00271095 0.00641442 0.000124811 1.89639e-05 0.000505995 0.000607758 0.00192955 0.000213247 0.86109 9.09172e-05 0.000697194 0.00173214 5.75098e-07 0.00779441 0.0561807 4.27422e-07 0.0267171 0.000148106 
5.89887e-05 0.119745 1.73451e-06 0.00062602 0.0231161 0.00508243 2.37733e-06 9.77717e-08 7.37294e-06 2.59676e-05 1.85989e-07 1.03353e-05 0.00385166 2.53551e-05 0.843316 0.000292365 1.6555e-06 0.000749475 9.72341e-07 4.05671e-05 1.36029e-06 7.22659e-07 0.00251039 0.000532918 
0.000127134 0.00192748 0.000210534 0.00150996 0.0895193 0.000994009 0.00201944 0.00220759 2.26713e-05 0.000405032 6.05331e-05 0.00452337 0.00701059 0.0457462 0.426088 0.00347259 5.84567e-05 0.00607358 7.57979e-05 0.0238431 0.000190388 0.000142672 0.0758467 0.307925 
0.000284477 0.00165392 0.00326221 0.0255873 0.00233354 0.00176624 2.4909e-07 0.0255928 0.000104379 0.000717837 0.190296 2.50944e-09 0.126953 0.0174863 0.588837 0.000584517 5.32326e-06 0.00146624 1.63424e-05 0.00529067 0.00286719 8.73882e-05 0.00473636 7.19504e-05 
0.00739688 0.0268194 0.000666117 0.0111488 0.120417 0.00412324 5.86592e-05 0.0271358 0.000180322 0.000641516 5.73278e-07 8.23698e-05 0.0141825 0.000797413 0.753998 0.00144682 0.000392169 0.00401804 8.89062e-09 0.00576457 0.0166664 6.60764e-09 0.00133886 0.00272415 
0.110578 0.000527752 0.0448965 0.0235564 0.00669426 0.235657 0.000105925 0.000994115 7.71109e-06 7.66242e-05 1.21544e-07 8.35895e-05 0.00323851 0.00677068 0.446913 0.00304249 0.0506611 8.37304e-05 2.66584e-07 0.0041634 0.0495135 1.98129e-07 0.00648345 0.00595211 
8.29019e-06 4.32559e-06 1.11874e-05 3.45599e-06 3.51856e-06 2.31945e-06 1.49845e-05 3.63645e-06 1.52759e-05 9.03446e-06 5.75789e-06 1.51521e-05 3.39007e-06 1.13019e-05 0.999788 1.07342e-05 3.61952e-06 4.94025e-06 3.61645e-05 1.82671e-06 4.80974e-06 2.6878e-05 3.3491e-06 7.64544e-06 
0.00329389 0.0662398 0.000712286 0.00402627 0.0835341 0.00683285 7.0154e-05 0.0597755 0.00107509 0.00103644 5.0668e-06 1.84958e-05 0.0606423 0.00339928 0.658256 0.0102365 0.000139017 0.0035078 4.43804e-09 0.0112694 0.00809243 3.29842e-09 0.00268693 0.0151498 
0.00731751 2.06731e-06 0.00316029 0.00588292 3.38723e-05 0.0410946 1.05349e-09 0.00543297 6.00449e-05 4.17345e-06 1.63284e-07 1.06527e-09 0.00101003 0.0309862 0.715385 7.1618e-06 0.000160264 2.85825e-06 0.163917 1.39815e-05 0.0155331 1.88967e-09 0.00999566 3.10913e-07 
0.000402799 0.0312085 0.000202642 0.0633656 0.205012 0.00283641 2.65494e-07 0.0175935 0.000354873 0.000345813 9.78395e-05 4.03786e-07 0.0658488 0.00200962 0.269245 0.000770802 0.000223162 0.0348213 1.70999e-11 0.256598 0.000635136 1.27089e-11 0.048406 2.19708e-05 
0.00059625 0.00142434 0.000623114 0.180382 0.00587968 0.0018565 0.00107593 0.00420262 0.000812299 0.000433521 0.000129366 0.000279825 0.00138581 0.0100132 0.595355 0.000152328 0.000116331 0.0979092 1.01453e-06 0.00935211 0.00098131 0.000145166 0.0586224 0.028271 
0.00025 0.0596845 0.000132791 0.00916629 0.0595339 0.156894 0.000116881 1.28014e-05 1.05024e-05 0.021002 1.38026e-05 6.46317e-05 0.00522823 0.00098609 0.396717 0.240507 0.00149302 0.0207208 0.00257687 0.0185124 0.00267246 5.55096e-07 0.00356209 0.000141325 
0.0695843 0.0505076 0.0235208 0.0373992 4.69049e-06 0.111914 0.002009 0.00447058 0.0934096 4.85307e-07 0.0146809 0.106246 0.000999505 3.23324e-05 0.377795 0.00882628 0.0195123 0.0539686 1.37634e-06 0.0183084 0.00378169 2.25334e-09 1.06813e-06 0.0030265 
0.0016276 0.00355352 6.44067e-06 0.000975963 0.0358816 0.0361554 0.00929068 0.00809263 3.91244e-06 0.000257967 6.40612e-06 0.000305754 0.000912552 0.333639 0.382049 1.08675e-05 7.91641e-05 0.000699149 0.000465032 0.00205291 0.0505967 1.30601e-05 1.01042e-05 0.133314 
0.00420099 0.00343059 5.02598e-05 9.13177e-05 0.00258031 0.0627939 7.79548e-06 0.0645422 0.121878 6.98309e-05 0.000168057 4.32204e-08 0.0521375 0.000112055 0.485689 2.45773e-05 0.143139 6.75625e-05 5.42247e-11 0.037648 0.0053813 2.04739e-07 0.0107457 0.00524138 
0.0203332 0.000700468 0.00902039 0.0100342 0.0439873 0.0553199 0.00174642 0.0267853 0.000349033 0.000154407 2.14337e-05 3.87895e-05 0.0699428 0.0312143 0.267884 0.00389702 0.00155463 0.0210501 4.34048e-11 0.214309 0.0207465 3.22591e-11 0.200063 0.000847534 
0.0489807 2.73751e-08 0.0332948 0.062389 0.0138842 0.0428339 5.02334e-06 0.180719 0.00110362 5.23027e-05 0.00340697 1.12726e-12 0.0446398 0.01357 0.197118 0.000756946 0.00109005 4.27785e-08 7.49002e-09 0.171691 0.0695712 1.82001e-08 0.114809 8.43566e-05 
