0.0123435 0.036237 0.00293237 0.0771471 0.00439582 0.00155032 0.0255438 0.000717373 8.68004e-06 0.000115346 3.7641e-06 3.70144e-07 0.00127625 0.0122276 7.3603e-05 0.492158 2.1656e-05 0.116717 0.0395198 0.0351204 0.000792 4.5321e-05 0.0623982 0.0786549 
0.000184954 0.0757813 0.0300617 0.00799689 0.0246501 0.0259554 0.000229339 0.00531886 7.69735e-06 3.74719e-05 2.80624e-06 0.00084412 0.0109578 0.000119589 0.00281026 0.760523 0.00021748 0.00205158 4.53735e-09 0.0116895 0.0246579 3.37223e-09 0.0107823 0.00511982 
0.000813985 0.018117 0.00379209 0.0203268 0.0655294 0.0380657 0.0013866 0.0413183 0.00156388 0.00602977 3.11168e-05 0.000172859 0.114647 0.0148498 5.19887e-05 0.533758 0.00673641 0.00453186 0.00187533 0.10261 0.00568948 1.80411e-06 0.0129166 0.00518443 
0.00024514 0.00592316 0.00408102 0.00207244 0.0929891 0.0027458 1.81687e-05 0.00669756 0.000514785 0.000719834 0.000117577 7.45974e-06 0.0248085 6.87188e-05 0.000144739 0.810489 1.68547e-07 0.00171418 8.11108e-06 0.0088839 0.000816793 1.32327e-05 0.00320173 0.0337192 
6.40258e-06 0.000589673 0.00060243 2.66909e-06 0.000246934 1.79133e-06 1.15727e-05 2.80846e-06 1.17977e-05 3.64863e-05 2.56045e-05 1.17021e-05 0.000117499 8.72854e-06 1.9112e-05 0.997372 2.79538e-06 3.8154e-06 2.79301e-05 1.41078e-06 0.00015885 2.07581e-05 2.58654e-06 0.000714486 
0.00219991 0.0261157 0.00280987 0.000121492 0.00758181 0.0209919 1.63065e-08 0.000438071 0.000125507 0.0108117 7.78824e-06 1.64618e-10 0.00641674 0.00425342 9.73964e-09 0.733914 0.0138654 0.0170495 5.35636e-07 0.0583017 0.0110079 9.66054e-09 0.0392558 0.0447313 
6.62847e-05 0.0211969 0.00182063 0.0033039 0.0109959 0.0350213 0.000926642 0.00180545 0.000418113 0.000749907 7.4001e-06 3.15863e-05 0.00754317 0.00111844 1.48163e-06 0.511599 0.00748958 0.0038746 0.00530013 0.0142172 0.00447404 1.10022e-06 0.0131006 0.354936 
0.00131297 0.00190033 0.00145967 0.0177189 0.249058 0.0292046 5.45939e-05 0.0202334 3.30663e-08 0.000540855 5.47225e-06 6.95718e-05 0.021532 9.8901e-05 4.52329e-05 0.263149 0.00852263 0.0026066 7.82819e-08 0.142804 0.13888 1.22917e-05 0.0997161 0.00107513 
0.000680174 0.0291737 0.00104494 0.0150352 0.0448222 0.0290618 5.34323e-05 0.0115051 0.000434051 0.00021418 0.0778731 0.00158467 0.00222084 0.14638 3.84221e-07 0.416834 0.000949263 0.00897619 5.61499e-07 0.0751038 0.00091596 4.17314e-07 0.0737187 0.0634172 
0.000795668 0.0420567 0.00468345 0.225129 0.0859892 0.00717897 0.000500284 0.00439728 2.01862e-05 0.0200884 0.00120798 0.0018672 0.142459 0.0075689 0.000153139 0.334479 0.000258912 0.00990419 0.000159854 0.062254 0.00212585 8.77533e-06 0.0428462 0.00386817 
0.00103562 0.173485 0.00486848 0.00906269 0.0421131 0.0263606 0.00680707 0.00550596 0.215967 0.0784064 0.00106021 4.77682e-05 0.0295995 0.00173529 2.41441e-05 0.296716 0.00037066 0.00676553 1.95664e-06 0.0265478 0.00487542 2.06934e-05 0.00555222 0.0630713 
2.0415e-06 0.0528059 0.00469473 0.00189876 0.0405674 0.0402748 0.00198522 0.0108439 6.37512e-06 0.0022134 0.0160041 4.59726e-08 0.0843756 0.0181523 2.01533e-05 0.653542 5.91476e-06 0.00128327 1.09726e-07 0.0357919 0.0102682 4.55226e-07 0.00586323 0.0194004 
2.0415e-06 0.0528059 0.00469473 0.00189876 0.0405674 0.0402748 0.00198522 0.0108439 6.37512e-06 0.0022134 0.0160041 4.59726e-08 0.0843756 0.0181523 2.01533e-05 0.653542 5.91476e-06 0.00128327 1.09726e-07 0.0357919 0.0102682 4.55226e-07 0.00586323 0.0194004 
0.00219991 0.0261157 0.00280987 0.000121492 0.00758181 0.0209919 1.63065e-08 0.000438071 0.000125507 0.0108117 7.78824e-06 1.64618e-10 0.00641674 0.00425342 9.73964e-09 0.733914 0.0138654 0.0170495 5.35636e-07 0.0583017 0.0110079 9.66054e-09 0.0392558 0.0447313 
0.00106617 0.183846 0.00145248 0.00680854 0.00231364 0.0132481 4.52675e-08 0.000925619 7.39841e-07 1.49784e-07 0.00015596 6.16794e-05 0.0150576 0.00147801 3.10944e-08 0.734583 0.000387693 0.00199547 1.02559e-10 0.0156285 0.00755183 3.56808e-05 0.0115207 0.00188181 
2.3952e-05 0.0149688 0.0195737 0.094589 0.00241698 0.0059841 0.00011032 0.00706877 8.70197e-07 0.00218913 0.000129445 0.00626351 0.0115299 0.00138847 3.93931e-07 0.396147 0.0048599 0.0122718 5.75688e-07 0.00219049 1.62654e-05 4.2786e-07 0.08078 0.337497 
0.00042337 0.0197497 0.00282436 0.00114945 0.028521 0.00670196 5.57479e-05 0.0265078 1.36305e-05 0.0237872 4.85482e-05 4.57412e-06 0.0431362 0.000796522 3.94321e-08 0.738641 0.000223367 0.00131422 3.86465e-09 0.0160089 0.032575 7.42063e-07 0.026506 0.0310106 
2.48361e-05 0.0444117 0.00341339 0.0574503 0.00633236 0.0167595 4.83702e-05 0.00238697 0.00039866 0.00652534 3.09357e-05 0.0294224 0.153399 0.0502287 1.81135e-05 0.545065 0.000198095 0.000280538 0.0154937 0.0276128 0.00600976 1.12325e-06 0.029978 0.00450991 
6.78775e-05 0.0231394 0.0156926 0.0287946 0.0275683 0.0521831 0.00559073 0.000759797 0.0226437 0.0114526 0.132181 0.104555 0.0291985 0.000186622 0.00177226 0.429165 0.00122587 0.0078515 1.34477e-08 0.0993055 0.00115077 9.99452e-09 0.00510952 0.000406473 
1.93349e-08 0.0702194 0.00433448 0.00674983 0.119123 0.00121804 0.000134668 0.00392708 0.0001167 0.000663036 2.86563e-08 2.88118e-12 0.155124 0.00482987 2.25158e-05 0.317496 0.00125864 0.0018459 2.98467e-07 0.276447 0.000448747 9.1623e-09 0.0342004 0.00184041 
0.0010185 0.0843411 0.00874847 0.00173031 0.157141 0.0214839 0.000564335 0.00488816 0.00826004 0.0010853 0.000135086 0.000230274 0.0366746 0.00548322 0.000154189 0.486437 0.00420998 0.0145022 3.12462e-06 0.0302883 0.009651 6.56058e-05 0.00805914 0.114845 
0.000209217 0.11649 0.0102903 0.140288 0.0320801 0.028419 0.000131678 0.0118627 1.45078e-05 0.00259882 0.0036662 8.0014e-06 0.0806488 0.0153762 2.74333e-05 0.310904 0.00418771 0.0422145 0.00490755 0.114648 0.00875537 2.22076e-07 0.0248761 0.0473952 
0.00219991 0.0261157 0.00280987 0.000121492 0.00758181 0.0209919 1.63065e-08 0.000438071 0.000125507 0.0108117 7.78824e-06 1.64618e-10 0.00641674 0.00425342 9.73964e-09 0.733914 0.0138654 0.0170495 5.35636e-07 0.0583017 0.0110079 9.66054e-09 0.0392558 0.0447313 
0.00036729 0.0622493 0.0112453 0.0145201 0.0532257 0.0138951 4.56462e-05 0.0563574 0.00371811 0.00379598 2.91191e-05 0.00040695 0.0323074 0.0138986 0.000388896 0.630658 0.0002371 0.00593911 6.26526e-08 0.0705056 0.000767713 8.88978e-07 0.0132211 0.0122198 
0.00868491 0.0813378 0.0101228 4.64543e-07 0.0524008 0.0307553 0.00157883 0.00998799 0.00487473 0.0124925 0.00654966 4.64221e-07 0.0286164 4.64327e-07 4.63951e-07 0.32713 4.64538e-07 0.035442 4.63633e-07 0.0436719 0.0163511 0.000510745 0.0971835 0.232307 
0.000345622 0.0221201 0.00249956 0.00198176 0.0772159 0.00512889 2.12591e-06 0.0239836 0.00395051 0.000459622 1.0436e-07 0.000117136 0.00797194 0.000545997 0.000238782 0.689828 2.30914e-06 0.00601533 6.82272e-09 0.0439933 4.13285e-05 1.93676e-05 0.0181489 0.0953894 
1.56995e-05 0.333139 0.000765314 0.116365 8.45154e-05 0.00228523 0.000244178 0.0125744 1.53579e-08 1.09252e-05 1.81986e-05 1.64183e-05 0.0204521 1.13625e-08 2.48794e-08 0.352458 3.89753e-05 6.8713e-06 6.8561e-06 0.150553 9.51153e-06 2.70223e-08 0.00896023 0.00199607 
0.00189563 0.053965 0.00531592 0.0237356 0.0715718 0.0168568 5.29105e-05 0.00179846 0.000299843 0.003629 0.00012336 1.44908e-07 0.0260109 0.000357717 2.32885e-06 0.660132 5.87926e-06 0.00087069 3.45862e-07 0.00824153 0.00166997 2.5705e-07 0.0216852 0.101779 
1.1997e-05 0.00306685 0.000253633 0.205079 0.0980493 0.0199275 2.70776e-09 0.0183191 0.000422394 0.0119513 5.65252e-07 2.73804e-09 4.42034e-05 0.0666225 1.73373e-05 0.260526 9.35701e-07 0.000638906 1.66073e-07 0.0157369 0.000502717 3.79912e-06 0.100226 0.198598 
1.24782e-05 0.032207 0.00448877 0.149555 0.00194418 0.00145667 2.19738e-05 0.0829936 0.000423309 0.000219625 1.83819e-07 0.0415181 0.201099 0.0227433 9.32927e-05 0.295066 3.89235e-08 8.13361e-05 5.39024e-10 0.109911 0.00523095 1.94851e-08 0.050879 5.43445e-05 
0.00124733 0.0274398 0.00681651 0.00205755 0.0667606 0.0621812 0.000178254 0.00427229 9.7297e-08 0.001556 0.00010528 1.333e-06 0.0737104 0.00193053 9.11981e-11 0.455851 0.00367079 0.0496248 0.000243639 0.0908534 0.0079149 0.000120036 0.0969588 0.0465059 
0.00289079 0.0273115 0.00409904 0.0104517 0.0065712 0.0308839 0.000187152 0.0314618 0.000491037 0.235888 9.18075e-06 1.69746e-06 0.155788 8.20464e-05 6.35267e-09 0.25478 0.0462926 0.0552151 7.39737e-08 0.0616994 0.0292286 3.4631e-08 0.0457318 0.000935886 
0.000715639 0.0134579 0.00680689 0.043312 0.00689459 0.0345211 0.000177228 0.00346162 0.0418161 0.00138628 4.26473e-05 0.0002797 0.0655543 0.0112879 0.000101743 0.550124 0.0049587 0.0147275 0.000141026 0.0767673 0.0237199 3.729e-05 0.0694492 0.0302597 
0.00223881 0.0919065 0.00538512 0.00888367 0.0520868 0.019521 0.00167538 0.0470041 0.000931867 0.00489112 0.00403041 0.00523226 0.0566774 0.00647464 6.58784e-05 0.579161 0.0113958 0.00531709 6.78257e-06 0.0368956 0.0101901 2.52306e-06 0.0255389 0.0244873 
0.00232225 0.0382015 0.00718309 0.0607947 0.0221964 0.0422344 6.47368e-05 0.0491846 0.00013259 0.0700075 6.22052e-05 0.00222802 0.0732921 0.00366486 0.00318187 0.470406 0.00793165 0.0106785 2.69063e-07 0.0820646 0.0158922 2.12496e-05 0.0241149 0.0141399 
1.08664e-08 0.00271284 1.04947e-06 0.0208863 0.0126975 1.26169e-06 1.96411e-08 1.41749e-06 2.0023e-08 0.00357074 7.5472e-09 9.77244e-06 0.105752 0.000884189 3.24368e-08 0.84849 4.74431e-09 6.47547e-09 4.74029e-08 0.00239219 6.30441e-09 3.52306e-08 0.00259591 4.3474e-06 
5.51192e-07 0.00738165 3.76691e-06 0.000289113 0.024463 0.00052624 9.9628e-07 0.00204383 0.000256919 0.000546824 3.82826e-07 1.00742e-06 0.00422149 0.000586549 6.66964e-05 0.807114 4.79366e-05 0.00527214 2.40448e-06 0.0129051 0.0068691 1.78705e-06 0.00187351 0.125525 
7.36707e-06 0.0230398 0.0149604 0.0304421 0.0283597 0.0472329 0.00437949 0.000478065 0.00950329 0.00879552 0.130498 0.110665 0.0250283 0.000194316 6.71571e-05 0.440414 0.00128457 0.0079694 1.25429e-08 0.109648 0.000968758 9.32206e-09 0.00563504 0.000428909 
0.004961 0.0386 0.020268 0.0719378 0.00815597 0.0614368 0.000577184 0.0246424 0.00184991 0.0574695 3.64518e-05 0.0027922 0.175307 0.126544 3.59887e-05 0.277069 7.76944e-05 0.0161563 1.31733e-06 0.0630875 0.0182653 5.84686e-08 0.0160233 0.0147053 
0.000424155 0.0163188 0.0139904 0.0589574 0.01157 0.0203743 0.00022335 0.0433374 0.000604523 0.000795698 1.90278e-05 0.000181002 0.01471 0.00884234 1.60804e-05 0.495893 0.000489678 0.0123583 1.03144e-07 0.259422 0.000981356 3.26104e-05 0.0123253 0.0281331 
0.000177099 0.0486805 0.0130163 0.0235748 0.00817515 0.0572584 0.00106337 0.00753429 2.1386e-05 0.000667228 0.0247393 0.00260041 0.0305781 9.65184e-05 0.000609366 0.505776 0.0573501 0.00530837 0.0218545 0.0992237 0.0373866 1.58175e-05 0.0354755 0.018817 
4.71173e-06 2.45845e-06 6.35835e-06 1.96421e-06 1.99977e-06 1.31826e-06 8.51646e-06 2.06678e-06 8.68206e-06 5.13473e-06 3.2725e-06 8.61168e-06 0.00217146 6.42343e-06 1.40647e-05 0.996764 2.05715e-06 2.80779e-06 2.05541e-05 1.03821e-06 2.73362e-06 1.52761e-05 1.90346e-06 0.000942827 
0.00116131 0.0323229 0.00553463 0.00285024 0.095331 0.0548259 0.000606978 0.0446663 0.000907858 0.00838672 3.19748e-05 0.00016153 0.0822136 0.000555407 0.00402173 0.323242 0.000721872 0.0242739 1.97553e-06 0.283483 0.00488169 7.17185e-06 0.0193588 0.0104511 
0.00153726 0.0361687 0.193802 0.00628208 0.0852677 0.144375 2.46754e-05 0.031273 9.18719e-06 0.00424915 1.20813e-06 0.000146732 0.0316793 0.000128037 0.000697181 0.211965 0.000267478 0.119416 4.48391e-08 0.00347946 0.0516511 3.33251e-08 0.0680339 0.0095453 
4.84235e-05 0.00511917 0.00180916 0.020214 0.00478716 0.00284928 1.80235e-05 0.00419067 0.000203459 0.00654486 1.1375e-05 0.000126965 0.0539303 0.000265422 6.88027e-05 0.844116 0.000531767 0.00117747 1.58236e-06 0.041012 0.0084709 6.54353e-08 0.00239416 0.00210891 
8.32918e-06 0.0471433 1.31704e-06 2.13368e-06 0.326395 0.000547485 0.000855324 1.68774e-06 0.000866716 1.56897e-07 4.94491e-08 5.07887e-05 0.0073308 8.80038e-07 2.22988e-05 0.591869 6.37173e-08 3.74784e-09 2.74356e-08 0.0141786 0.00271212 2.03905e-08 0.00476216 0.00325168 
0.00219991 0.0261157 0.00280987 0.000121492 0.00758181 0.0209919 1.63065e-08 0.000438071 0.000125507 0.0108117 7.78824e-06 1.64618e-10 0.00641674 0.00425342 9.73964e-09 0.733914 0.0138654 0.0170495 5.35636e-07 0.0583017 0.0110079 9.66054e-09 0.0392558 0.0447313 
0.00013297 0.00783766 0.00121582 0.00055182 0.0794857 0.0247902 5.2667e-06 0.00129137 0.000193103 0.0031216 6.46201e-06 0.000186579 0.127943 0.00907979 9.33637e-08 0.68365 7.22032e-05 0.00106865 1.62535e-09 0.0473249 0.000989038 3.76945e-07 0.00419919 0.00685381 
0.0009538 0.0196324 0.00942379 0.0615715 0.0222912 0.0199941 0.0779915 0.025389 0.0844739 0.00242994 0.000129503 0.00073209 0.00299637 0.000595797 1.27844e-05 0.466411 0.0297181 0.0381346 0.000108081 0.0500702 0.0072481 2.80283e-07 0.0375014 0.0421908 
0.000614339 0.0820584 0.0184501 0.0417262 0.05469 0.0731049 0.000225398 0.0240404 0.000325148 0.0113159 2.32535e-05 0.00161378 0.0980569 0.0017085 0.00360271 0.262989 0.000570697 0.074761 1.11981e-06 0.0875747 0.0114183 2.82579e-06 0.146534 0.00459259 
0.000106151 0.000514591 0.0414172 1.26937e-07 0.00957604 0.14781 0.0229771 6.79396e-05 8.8357e-05 0.000118121 0.000268787 7.48985e-06 0.000296724 0.132793 5.98015e-05 0.441633 0.000364098 0.00618598 0.0674278 0.0211518 0.000339513 9.87217e-07 0.0262565 0.0805382 
1.99831e-06 0.00277234 0.00241336 8.33048e-07 0.00620005 0.000141128 3.61195e-06 6.75647e-05 3.68218e-06 0.000706142 1.38791e-06 3.65233e-06 8.17159e-07 0.00103014 5.96504e-06 0.891985 8.72466e-07 0.000140199 8.71727e-06 0.0308761 0.000971414 6.47881e-06 0.0606377 0.00202071 
0.00327115 0.0160185 6.22593e-09 0.240515 0.00156687 0.0024442 8.33909e-09 0.00213758 0.000168201 0.00458371 1.14585e-05 8.43234e-09 0.0300118 0.0507234 1.37718e-08 0.438017 1.59299e-05 0.00294713 2.0126e-08 0.00611106 0.109728 0.00393618 0.0357731 0.0520196 
1.60431e-06 0.0354531 0.00164008 0.00444678 0.109725 0.000250351 1.39254e-07 0.0394636 7.44449e-05 8.3382e-05 4.21847e-08 1.74052e-09 0.0256046 0.0299292 2.24566e-07 0.719669 5.65754e-08 0.00673222 4.15422e-09 0.00888902 0.00419375 3.08748e-09 0.00730697 0.00653694 
0.00141361 0.101697 0.000649492 0.000445914 0.0965561 0.0165389 0.000225997 0.00383481 5.90261e-06 0.00356434 0.0188769 4.7725e-09 0.0147173 0.000243355 0.000440229 0.713177 0.00506726 0.00197609 1.13908e-08 0.00429913 0.00982841 1.0956e-06 0.00365382 0.00278727 
6.59403e-05 0.0274279 0.00128231 0.00606971 0.0255358 0.0126306 9.30012e-05 0.00377038 0.000485455 0.289315 0.0396023 1.07294e-05 0.0559959 0.00773542 1.19014e-06 0.487533 5.66114e-05 0.00215095 1.00265e-07 0.0149545 0.00391863 5.09734e-07 0.0206963 0.000667573 
2.73974e-05 0.0394062 0.00146067 0.0263325 0.00613908 0.11484 0.000848478 0.00718978 0.00630053 0.00332129 0.000141388 1.2333e-05 0.0636583 0.0440961 1.36535e-07 0.313097 3.43551e-06 0.03943 6.59302e-05 0.0173018 0.00358513 5.25471e-05 0.017628 0.295062 
0.00163385 0.0272211 0.00413343 0.153181 0.0411823 0.165712 0.000830577 0.120627 7.20688e-05 0.0234787 8.15018e-06 0.00240541 0.0148907 0.000805057 0.000467065 0.213709 0.0387704 0.0633702 1.40807e-08 0.0751425 0.0467691 4.83448e-08 0.00557532 1.6157e-05 
0.00834642 0.118232 0.0225082 0.014654 0.0576954 0.0190449 0.000371999 0.00965438 0.00314255 0.0127978 9.49867e-05 0.000495002 0.0529201 0.018543 0.00358397 0.359002 0.0174313 0.0230813 1.38084e-06 0.0776792 0.0249924 5.55013e-06 0.11025 0.0454724 
0.000170277 0.298262 0.00314217 0.0564412 0.00451761 0.0196933 0.00298857 0.0269939 0.000331162 0.00178057 0.000250424 6.77983e-05 0.0238498 0.00746997 2.28083e-08 0.387089 8.61017e-05 0.00822193 3.33319e-08 0.0221222 0.00596057 4.9686e-05 0.0430425 0.08747 
0.00042709 0.0568426 0.00893637 0.00495069 0.116146 0.0176425 0.00159498 0.00685486 3.78323e-08 0.0332098 7.6278e-05 0.000104022 0.102908 0.000959658 3.69001e-07 0.505245 0.000424602 0.0310023 2.0325e-10 0.00667928 0.00488202 1.61743e-05 0.0566592 0.0444388 
3.73164e-07 0.00969327 0.00705773 0.295769 0.00683946 0.00232913 1.8389e-06 0.0036446 1.38852e-09 0.0164301 5.94904e-07 4.21756e-06 0.140914 0.00690475 0.0012676 0.353658 5.15461e-07 0.00720743 3.2872e-09 0.116678 0.00796087 7.98412e-08 0.0234875 0.000151808 
1.38862e-05 1.38895e-05 1.38838e-05 1.38902e-05 1.38902e-05 1.38912e-05 1.38807e-05 1.38901e-05 1.38804e-05 1.38856e-05 1.38883e-05 1.38806e-05 1.38903e-05 1.38838e-05 1.38725e-05 0.980239 1.38901e-05 1.3889e-05 1.3863e-05 1.38916e-05 1.38891e-05 1.38708e-05 1.38903e-05 0.0194553 
1.14416e-08 0.000253726 1.54401e-08 8.29979e-05 7.47885e-05 0.0584648 2.06806e-08 0.000176667 2.10828e-08 0.0002444 2.22586e-05 2.09119e-08 0.000180136 1.55981e-08 3.41536e-08 0.939715 4.99542e-09 0.000243417 5.0411e-06 0.000335813 6.63809e-09 3.70952e-08 0.000124342 7.59829e-05 
0.00524054 0.0265743 0.0181412 0.079273 0.0649053 0.102753 0.00580434 0.00899367 3.52671e-05 0.00921704 1.84157e-06 1.31457e-08 0.101024 0.0142023 3.89291e-05 0.195563 0.00480083 0.143064 4.29367e-08 0.120092 0.014565 0.000597831 0.0821951 0.00291665 
0.00045708 0.0470528 0.0103376 0.0592677 0.0304703 0.0178284 0.00353794 0.0286118 0.0294602 0.0103464 0.000243532 7.75375e-05 0.155125 0.0170785 0.00308411 0.385392 0.000766709 0.00482416 0.000335327 0.0156753 0.0457773 1.11556e-06 0.076145 0.0581045 
2.04154e-06 0.0196769 0.0220544 0.00128737 0.401561 0.00425802 3.94532e-05 5.70158e-05 0.000131115 0.00041326 6.26667e-07 1.17211e-05 0.0257362 0.000784919 0.000132636 0.49797 7.21058e-07 1.974e-05 1.62225e-10 0.00408526 0.000482022 5.8053e-08 0.0105357 0.0107601 
0.00395413 0.00431809 0.000602637 2.09955e-06 0.299612 0.00558685 8.58383e-10 0.0016362 8.75074e-10 0.00264644 3.61048e-07 0.000204236 0.00222445 0.00258099 7.16947e-07 0.56931 2.07343e-10 2.83e-10 2.07167e-09 0.0763821 2.73533e-06 1.31066e-07 0.0288861 0.00204935 
0.000882613 0.00428899 0.000934649 0.00102128 0.00773869 0.0555076 0.0029429 0.00308049 0.00127843 0.000475388 2.25157e-06 1.79046e-05 0.00193752 0.000300376 1.14407e-07 0.85139 0.028331 0.00191686 8.99449e-05 0.0251357 0.00248957 6.84333e-08 0.000478799 0.0097589 
0.00219991 0.0261157 0.00280987 0.000121492 0.00758181 0.0209919 1.63065e-08 0.000438071 0.000125507 0.0108117 7.78824e-06 1.64618e-10 0.00641674 0.00425342 9.73964e-09 0.733914 0.0138654 0.0170495 5.35636e-07 0.0583017 0.0110079 9.66054e-09 0.0392558 0.0447313 
0.054121 0.0266881 0.00651771 0.113213 0.0292958 0.0290898 0.000819082 0.00932885 0.000119303 0.0687715 0.000240908 4.07462e-05 0.0659212 0.00456939 0.00290761 0.477108 0.0141763 0.032106 3.72919e-06 0.0308351 0.00617145 5.07501e-07 0.0191189 0.00883557 
0.000857402 0.0956398 0.00739391 0.000523021 0.0725051 0.0712427 8.86484e-05 0.00234701 0.0604479 0.000392192 5.38789e-05 1.02701e-08 0.0387561 0.000179009 3.51673e-07 0.506078 0.000418542 0.00117082 2.45125e-08 0.0106818 0.0234672 8.17685e-06 0.0398261 0.067922 
0.00212514 0.0387702 0.0471749 0.00490883 0.0742613 0.0248605 0.000191063 0.00411035 0.0108691 0.000450779 3.30896e-05 0.000348565 0.0325464 0.00765667 1.79138e-07 0.515429 1.96414e-05 0.0343791 1.41433e-06 0.0361193 0.0421906 0.000125349 0.0312823 0.0921464 
0.000785363 0.0972429 0.00445445 0.0888788 0.0110053 0.015129 0.000237184 0.015811 0.000703494 0.0301755 0.000139373 8.89818e-05 0.118667 0.0975969 0.00186861 0.432247 0.00292881 0.0043185 1.95266e-07 0.0179692 0.00713872 1.45125e-07 0.0108555 0.0417574 
0.00566926 0.0328125 0.00549366 0.0586676 0.028756 0.00845185 0.000377401 0.0699745 0.0105761 0.00432245 1.3611e-05 0.000336515 0.0765639 0.00299494 0.00168303 0.479163 0.00129201 0.0100167 3.01469e-07 0.157543 0.0121691 1.65954e-06 0.0317925 0.00132885 
7.36707e-06 0.0230398 0.0149604 0.0304421 0.0283597 0.0472329 0.00437949 0.000478065 0.00950329 0.00879552 0.130498 0.110665 0.0250283 0.000194316 6.71571e-05 0.440414 0.00128457 0.0079694 1.25429e-08 0.109648 0.000968758 9.32206e-09 0.00563504 0.000428909 
0.00219991 0.0261157 0.00280987 0.000121492 0.00758181 0.0209919 1.63065e-08 0.000438071 0.000125507 0.0108117 7.78824e-06 1.64618e-10 0.00641674 0.00425342 9.73964e-09 0.733914 0.0138654 0.0170495 5.35636e-07 0.0583017 0.0110079 9.66054e-09 0.0392558 0.0447313 
6.37802e-09 0.000301175 0.000234978 8.72127e-05 0.00029344 9.6898e-05 1.15283e-08 2.79768e-09 1.17524e-08 0.000153615 4.42981e-09 2.3326e-05 0.000335669 8.69505e-09 1.90387e-08 0.99679 2.78466e-09 0.00071569 2.7823e-08 1.40537e-09 0.000501402 2.06785e-08 0.000344495 0.000121763 
1.89858e-08 0.0363373 0.00049942 0.00654271 0.0284776 0.0179014 0.00010424 0.000521612 0.0599488 1.94647e-07 0.000331316 1.30796e-07 0.00100345 0.0101506 2.33758e-07 0.694477 6.16301e-05 0.0212966 1.10484e-07 0.0192311 3.81698e-05 1.79961e-07 0.00609314 0.0969828 
0.00129269 0.089365 0.00877266 0.070036 0.00872427 0.00926806 2.06413e-09 0.00424689 0.00075213 0.000846259 7.93155e-10 2.08721e-09 0.0901951 0.0508925 2.81121e-06 0.62104 0.0070006 6.69702e-07 4.98169e-09 0.00185196 0.0195236 3.70247e-09 0.0161871 1.12037e-06 
0.000320087 0.000320163 0.000320031 0.000320179 0.000320178 0.000320201 0.000319959 0.000320175 0.000319953 0.000320072 0.000320135 0.000319957 0.000320181 0.00032003 0.000319771 0.480382 0.000320176 0.00032015 0.000319552 0.000320211 0.000320153 0.00031973 0.384538 0.128359 
5.42802e-05 0.00672556 0.055298 0.175124 0.00257021 0.0224938 0.000770218 0.000183103 4.67622e-07 0.000669179 3.81562e-05 0.000213392 0.0293196 0.00168804 0.0262801 0.386693 2.79159e-06 0.00759098 3.71068e-08 0.192608 0.0123486 2.74077e-06 0.0715762 0.00774956 
0.000180351 0.0626059 0.0352003 0.0341346 0.055076 0.0403404 9.26733e-07 0.0121324 0.00134629 0.000207977 2.51499e-05 2.66684e-05 0.0581618 0.099952 1.08117e-06 0.561913 0.0015027 1.77272e-08 5.87099e-06 0.0205785 0.0139882 9.6447e-08 0.00166292 0.000956496 
0.00465084 0.105804 0.00508365 0.0180119 0.0737336 0.0165148 0.000189557 0.0194862 2.43277e-05 0.00240222 0.104586 3.84153e-05 0.110946 0.000598618 1.00897e-06 0.356241 0.000306266 0.00285374 4.74971e-11 0.101789 0.0096686 1.76947e-05 0.0536543 0.0133987 
0.000218304 0.0468449 0.00243399 0.0137597 0.193654 0.116938 4.51149e-05 0.00407333 0.00025858 0.00617392 5.00604e-06 2.56858e-05 0.0960966 0.0121858 6.30342e-05 0.460163 0.00830286 0.000221606 2.31408e-07 0.0152459 0.0114958 1.38956e-05 0.00204857 0.00973163 
5.25466e-06 0.0184455 0.00248981 1.50825e-08 0.0251596 0.00221485 5.34042e-09 6.42554e-07 0.00367009 6.21313e-07 1.18797e-06 5.40013e-09 0.00107331 0.000378659 8.81956e-09 0.814443 1.40237e-08 0.00161154 1.28889e-08 0.00164894 0.000313426 0.000175054 0.000262414 0.128106 
0.00219991 0.0261157 0.00280987 0.000121492 0.00758181 0.0209919 1.63065e-08 0.000438071 0.000125507 0.0108117 7.78824e-06 1.64618e-10 0.00641674 0.00425342 9.73964e-09 0.733914 0.0138654 0.0170495 5.35636e-07 0.0583017 0.0110079 9.66054e-09 0.0392558 0.0447313 
1.20359e-05 0.00127233 0.00121757 0.00868298 0.00188556 0.00233401 5.09203e-07 0.000310068 9.1941e-07 4.87098e-05 4.53285e-08 1.72725e-07 0.014868 0.000121007 5.43813e-07 0.902218 1.48687e-05 2.29065e-09 3.48604e-08 0.0574545 0.00348693 0.000263786 0.0057496 5.8007e-05 
3.10259e-05 0.00685716 0.0009303 0.0270625 0.0478625 0.0239443 0.00879068 0.0494007 0.000441745 0.00460625 9.36842e-05 0.015594 0.107399 0.0266532 1.4304e-05 0.43795 0.000132989 0.00171842 9.01966e-06 0.175797 0.00203553 6.73531e-07 0.0288981 0.0337764 
5.25466e-06 0.0184455 0.00248981 1.50825e-08 0.0251596 0.00221485 5.34042e-09 6.42554e-07 0.00367009 6.21313e-07 1.18797e-06 5.40013e-09 0.00107331 0.000378659 8.81956e-09 0.814443 1.40237e-08 0.00161154 1.28889e-08 0.00164894 0.000313426 0.000175054 0.000262414 0.128106 
0.00103562 0.173485 0.00486848 0.00906269 0.0421131 0.0263606 0.00680707 0.00550596 0.215967 0.0784064 0.00106021 4.77682e-05 0.0295995 0.00173529 2.41441e-05 0.296716 0.00037066 0.00676553 1.95664e-06 0.0265478 0.00487542 2.06934e-05 0.00555222 0.0630713 
0.00816792 0.0830648 0.00397726 0.0135092 0.046767 0.0308759 0.00138579 0.0564906 0.00168404 0.00561572 0.00928829 0.00215225 0.0565651 0.00206445 0.000454269 0.252462 0.0357596 0.0569144 2.549e-10 0.184959 0.0301844 8.10706e-06 0.0775402 0.0401099 
1.56995e-05 0.333139 0.000765314 0.116365 8.45154e-05 0.00228523 0.000244178 0.0125744 1.53579e-08 1.09252e-05 1.81986e-05 1.64183e-05 0.0204521 1.13625e-08 2.48794e-08 0.352458 3.89753e-05 6.8713e-06 6.8561e-06 0.150553 9.51153e-06 2.70223e-08 0.00896023 0.00199607 
0.000120318 0.116957 0.00176838 0.0193295 0.0984221 0.0106153 3.45335e-06 0.00383817 0.000145533 0.00296799 0.000101041 4.52172e-06 0.218942 0.00816069 9.71937e-05 0.375822 0.000678464 0.000551751 2.72283e-06 0.0463054 0.00378602 3.55778e-06 0.084409 0.00696844 
7.56565e-06 0.175955 0.000922422 0.00648492 7.89272e-05 0.000510678 0.000256991 0.093136 0.0142084 0.000274261 3.41029e-05 0.000248584 0.012755 0.000259533 1.00722e-06 0.613825 2.92964e-05 0.0013451 1.47195e-06 0.0648863 0.00362791 1.09398e-06 0.00582915 0.0053212 
3.80122e-06 0.0323334 0.000503618 0.00612283 0.0233602 0.00236379 0.00204521 0.00782701 9.7328e-05 0.000964419 7.41384e-05 2.36734e-05 0.0898634 5.51241e-05 4.54015e-07 0.768456 0.000486125 0.00502985 6.89393e-05 0.0434792 8.55014e-05 4.93119e-07 0.000417121 0.0163382 
8.15331e-06 0.0250375 0.000117959 7.03907e-05 3.08668e-07 4.77409e-05 1.85829e-05 0.000734613 0.00216665 0.000829206 5.05116e-07 0.000440769 0.0408155 0.000588301 1.92819e-05 0.882167 3.17525e-07 5.33803e-05 3.17256e-06 1.41015e-05 3.81634e-05 2.3579e-06 6.84536e-05 0.0467574 
1.20359e-05 0.00127233 0.00121757 0.00868298 0.00188556 0.00233401 5.09203e-07 0.000310068 9.1941e-07 4.87098e-05 4.53285e-08 1.72725e-07 0.014868 0.000121007 5.43813e-07 0.902218 1.48687e-05 2.29065e-09 3.48604e-08 0.0574545 0.00348693 0.000263786 0.0057496 5.8007e-05 
0.00196671 0.0144585 0.00915718 0.00582836 0.0196765 0.025558 4.14257e-05 0.00619633 0.000719901 0.0142907 0.000517365 0.000136708 0.256649 0.0360286 2.93893e-05 0.549603 0.00160158 0.00402918 1.53996e-08 0.0241155 0.00829226 1.14452e-08 0.0165607 0.00454253 
1.15147e-06 0.0183138 0.00518184 0.0656536 0.164823 0.0304107 1.15101e-06 0.0217699 1.15098e-06 0.0147393 1.15164e-06 1.151e-06 0.019697 0.00829026 1.15033e-06 0.53121 1.15179e-06 1.15169e-06 1.14954e-06 1.15191e-06 1.1517e-06 1.15018e-06 0.0881142 0.0317827 
0.00315225 0.00140312 0.00386287 0.00289471 0.168767 0.0401046 0.000167198 0.0289481 4.6136e-08 0.000452725 1.57688e-06 7.44394e-07 0.0192708 0.00136806 5.6471e-06 0.544384 0.000103381 0.0116358 1.09223e-07 0.030037 0.0136257 6.89905e-07 0.119914 0.00989967 
2.04154e-06 0.0196769 0.0220544 0.00128737 0.401561 0.00425802 3.94532e-05 5.70158e-05 0.000131115 0.00041326 6.26667e-07 1.17211e-05 0.0257362 0.000784919 0.000132636 0.49797 7.21058e-07 1.974e-05 1.62225e-10 0.00408526 0.000482022 5.8053e-08 0.0105357 0.0107601 
2.04154e-06 0.0196769 0.0220544 0.00128737 0.401561 0.00425802 3.94532e-05 5.70158e-05 0.000131115 0.00041326 6.26667e-07 1.17211e-05 0.0257362 0.000784919 0.000132636 0.49797 7.21058e-07 1.974e-05 1.62225e-10 0.00408526 0.000482022 5.8053e-08 0.0105357 0.0107601 
0.000397382 0.0450511 0.0189806 0.00834497 0.0023753 0.0456346 0.00013546 0.0110984 5.78495e-09 0.0479087 8.10979e-08 3.56037e-06 0.0158074 0.00289112 9.37147e-09 0.467485 1.52934e-06 0.000497483 0.0449887 0.063169 0.00718721 1.01786e-08 0.183571 0.0344716 
3.24738e-05 0.120079 0.00385755 0.194616 0.0124212 4.16044e-09 8.25754e-07 0.0271698 5.01988e-07 0.00960806 2.87041e-05 5.61675e-07 0.202052 0.0108226 2.49375e-05 0.240139 5.51632e-07 2.93769e-07 1.52771e-09 0.0867809 9.53672e-05 1.13542e-09 0.0914737 0.000796583 
0.00103562 0.173485 0.00486848 0.00906269 0.0421131 0.0263606 0.00680707 0.00550596 0.215967 0.0784064 0.00106021 4.77682e-05 0.0295995 0.00173529 2.41441e-05 0.296716 0.00037066 0.00676553 1.95664e-06 0.0265478 0.00487542 2.06934e-05 0.00555222 0.0630713 
1.82277e-06 0.0853293 9.26017e-05 0.00345373 0.0195898 0.000165898 3.29466e-06 0.0105637 3.35872e-06 1.98641e-06 0.000268032 3.3315e-06 7.45377e-07 2.48496e-06 5.44105e-06 0.831366 0.000135002 1.08622e-06 7.95152e-06 0.0433316 0.000453761 5.90969e-06 0.00219329 0.00302022 
7.85052e-05 0.0320031 0.290373 0.00264526 0.0144966 0.0113257 0.000455744 7.13488e-05 3.14264e-05 0.000391204 6.72895e-08 2.24109e-05 0.0586771 2.81593e-05 2.892e-07 0.515357 5.54222e-06 0.00218381 0.000149105 0.00516651 0.0120225 3.14109e-07 0.0536771 0.000837428 
0.000245688 0.00433521 0.00604047 0.00207458 0.0853532 0.0217459 5.93776e-06 0.0052991 0.000515993 0.000213908 6.52288e-05 9.38063e-06 0.0143812 0.00311503 0.000145533 0.802127 0.000212328 0.00171891 8.58529e-06 0.00758619 0.00790805 1.66401e-05 0.00174289 0.0351334 
0.00219991 0.0261157 0.00280987 0.000121492 0.00758181 0.0209919 1.63065e-08 0.000438071 0.000125507 0.0108117 7.78824e-06 1.64618e-10 0.00641674 0.00425342 9.73964e-09 0.733914 0.0138654 0.0170495 5.35636e-07 0.0583017 0.0110079 9.66054e-09 0.0392558 0.0447313 
1.27228e-05 0.0333274 0.00342626 0.0026185 0.0301154 0.0196058 3.59938e-06 1.43724e-06 3.30697e-05 0.0036843 0.0107738 7.78485e-06 0.0468096 0.0110048 6.6443e-05 0.710096 0.000410665 0.0058281 2.98979e-08 0.0774326 0.00160136 2.22206e-08 0.025039 0.0181013 
0.000726975 0.0840003 0.00721195 0.00588366 0.0598253 0.0562789 5.97021e-05 0.00518541 0.00592082 0.00135758 5.22058e-05 1.50091e-05 0.0199601 0.00666382 0.000108894 0.564478 0.0011907 0.00995204 1.6306e-07 0.0243274 0.0137757 5.62049e-05 0.00893959 0.12403 
0.00103562 0.173485 0.00486848 0.00906269 0.0421131 0.0263606 0.00680707 0.00550596 0.215967 0.0784064 0.00106021 4.77682e-05 0.0295995 0.00173529 2.41441e-05 0.296716 0.00037066 0.00676553 1.95664e-06 0.0265478 0.00487542 2.06934e-05 0.00555222 0.0630713 
0.00107809 0.145355 0.0133405 0.0196713 0.0239669 0.0383421 0.000229576 0.00253424 0.000493122 0.052973 0.000164886 3.51006e-05 0.0274483 0.0145988 0.000151718 0.558197 0.000123675 0.000630043 1.3545e-08 0.0214946 0.0213577 1.86442e-06 0.0494315 0.00838084 
0.00697131 0.0391336 0.0205522 0.0806262 0.0068493 0.0348135 0.000176899 0.0981238 0.00186022 0.054885 2.81049e-05 8.82659e-05 0.0187406 0.00756179 0.000516918 0.478616 0.0131898 0.0125064 3.52099e-07 0.0572428 0.003899 7.25436e-06 0.0128732 0.0507378 
0.00277379 0.0339759 0.0159273 0.00832298 0.0189935 0.0522549 0.00473728 0.00951192 0.00448345 0.00386611 0.00048974 0.00239127 0.018102 0.0193897 0.000339956 0.528951 0.00373886 0.0146349 0.000557626 0.0338553 0.0109925 1.38842e-05 0.0545134 0.157183 
3.77386e-05 0.0134763 0.00218906 0.00321815 0.0434626 0.00412475 3.8253e-05 0.0254343 4.02175e-05 0.000911535 5.0775e-05 0.000556478 0.0791619 0.000844065 0.000184195 0.787618 5.34471e-07 0.00156267 1.84248e-07 0.0253895 0.00259584 1.04023e-07 0.00100488 0.00809819 
0.00372727 0.0065476 0.0690531 0.00144727 0.12827 0.133236 4.21502e-05 0.00840088 0.000846624 0.0358446 6.84297e-05 0.00928032 0.0580929 0.00313955 0.00119904 0.237752 0.0196913 0.0234296 3.58075e-08 0.00404494 0.0331529 0.000100717 0.115979 0.106654 
0.000181118 0.0200002 0.0270298 1.1552e-05 0.109917 0.0157676 1.61549e-05 0.0486121 9.50497e-05 0.000316764 0.000100697 0.00648549 0.150976 0.00569599 2.41765e-07 0.221471 0.000456875 0.057515 1.24669e-06 0.105329 0.0426257 5.31012e-05 0.147778 0.0395645 
0.00100142 0.0652925 0.00630707 0.0173119 0.104335 0.111227 0.00778499 0.00592397 0.00135724 0.00227023 0.0166781 0.00818451 0.0662596 0.00153242 0.00823761 0.327963 0.0254338 0.0151478 3.57747e-05 0.154957 0.00981469 3.97399e-08 0.0313945 0.0115493 
9.7431e-05 0.00446472 0.00350079 0.00223292 0.000419239 0.00445376 3.76188e-07 0.00881516 2.43951e-07 0.172047 7.18977e-06 6.49527e-08 0.0978989 0.000157182 2.50408e-09 0.606312 0.0141154 0.00888965 3.65945e-09 0.0572399 0.00239478 1.23535e-05 0.0154403 0.0014999 
0.000882613 0.00428899 0.000934649 0.00102128 0.00773869 0.0555076 0.0029429 0.00308049 0.00127843 0.000475388 2.25157e-06 1.79046e-05 0.00193752 0.000300376 1.14407e-07 0.85139 0.028331 0.00191686 8.99449e-05 0.0251357 0.00248957 6.84333e-08 0.000478799 0.0097589 
0.00074942 0.143277 0.011664 0.0119543 0.217301 0.052153 0.0019057 0.00844271 0.000202303 0.00518214 3.323e-05 3.43254e-07 0.139415 0.0188003 7.13526e-08 0.309649 6.98393e-07 0.00164081 9.12276e-10 0.0375866 0.00444809 6.51247e-08 0.0124437 0.02315 
0.000882613 0.00428899 0.000934649 0.00102128 0.00773869 0.0555076 0.0029429 0.00308049 0.00127843 0.000475388 2.25157e-06 1.79046e-05 0.00193752 0.000300376 1.14407e-07 0.85139 0.028331 0.00191686 8.99449e-05 0.0251357 0.00248957 6.84333e-08 0.000478799 0.0097589 
0.000327396 0.0778501 0.0135192 0.0265998 0.0616485 0.0833667 0.00186807 0.0298889 0.00063916 0.00149111 0.00011907 0.00298763 0.0307198 0.00904809 6.42296e-05 0.414551 0.0279214 0.0466145 4.29839e-05 0.117475 0.00862602 1.71325e-05 0.0182027 0.0264114 
0.000130048 0.0787689 0.155071 0.0683538 0.0292872 0.0222684 0.00110957 0.0598991 0.00129284 0.00761028 2.88191e-06 0.00053894 0.0614971 0.0314364 0.00113171 0.341704 0.00205346 0.0121483 4.09051e-05 0.0898908 0.0232243 6.99681e-06 0.0112761 0.00125711 
0.000957125 0.0477289 0.0533363 0.0851082 0.00921874 0.0323722 0.00459056 0.0198757 0.00600224 0.00367678 0.000923497 0.00339768 0.18762 0.0127333 0.000580552 0.309372 0.000539977 0.000618345 6.14093e-07 0.0640949 0.0307707 1.51587e-05 0.112931 0.0135354 
0.019996 0.0137634 0.0101903 0.0477692 0.146357 0.198001 0.00131476 0.0132778 1.97677e-05 0.0327842 1.03914e-05 5.74552e-06 0.0320063 0.006047 0.00173335 0.305605 0.000263792 0.0305276 1.12973e-09 0.0425195 0.0319775 1.89669e-06 0.0560026 0.00982581 
0.00627133 0.00633116 0.00591742 0.000276802 0.017631 0.0692598 9.27788e-05 0.00843331 0.00483884 0.0003654 2.58381e-06 0.000109266 0.0414588 0.000121511 1.22819e-05 0.409928 0.0379912 0.00239542 6.87698e-08 0.285513 0.00183509 1.22783e-05 0.010357 0.0908454 
0.00165897 0.0877135 0.00369432 0.0818813 0.0720164 0.0143936 0.000931962 0.0520062 0.0112038 0.00109002 0.00106151 0.0535484 0.0441331 0.00389532 0.000834734 0.363988 0.00954408 0.0173323 0.000609439 0.0874722 0.0113678 1.35496e-05 0.0553905 0.0242189 
6.37802e-09 0.000301175 0.000234978 8.72127e-05 0.00029344 9.6898e-05 1.15283e-08 2.79768e-09 1.17524e-08 0.000153615 4.42981e-09 2.3326e-05 0.000335669 8.69505e-09 1.90387e-08 0.99679 2.78466e-09 0.00071569 2.7823e-08 1.40537e-09 0.000501402 2.06785e-08 0.000344495 0.000121763 
0.000212796 0.0574221 0.00377739 0.00178547 0.292397 0.00853342 0.000239347 0.00191261 0.00624067 0.00024334 4.52681e-06 0.00083395 0.0133207 0.000506719 0.000127801 0.50226 0.00131998 0.00101073 5.30676e-09 0.0501333 0.000697523 5.25851e-06 0.00797529 0.04904 
0.00219991 0.0261157 0.00280987 0.000121492 0.00758181 0.0209919 1.63065e-08 0.000438071 0.000125507 0.0108117 7.78824e-06 1.64618e-10 0.00641674 0.00425342 9.73964e-09 0.733914 0.0138654 0.0170495 5.35636e-07 0.0583017 0.0110079 9.66054e-09 0.0392558 0.0447313 
0.000260878 0.0210049 0.00182892 0.00153727 0.0928711 0.011683 9.72994e-05 0.00853661 0.00122397 0.00100393 5.01213e-05 0.000527538 0.12161 0.00035331 0.000268925 0.636134 0.00479613 0.00029389 8.04043e-08 0.0250591 0.0142838 2.45769e-05 0.0195397 0.0370106 
0.000455871 0.0227762 0.000539853 0.000479277 0.0219933 0.0469123 0.000114051 0.0162498 0.00153203 0.000111395 1.65953e-05 0.0478491 0.0194637 0.167381 2.35712e-05 0.41702 0.00034922 6.72273e-05 0.000450045 0.0121218 0.069084 9.06388e-06 0.144793 0.010208 
2.9641e-05 0.00907836 0.00545748 0.0771019 0.0131349 0.00411027 1.64437e-05 0.0129444 0.00341358 1.15083e-05 6.00076e-07 1.92747e-08 0.149775 5.53839e-05 1.09758e-05 0.343308 0.0121163 0.000192369 4.60043e-08 0.241491 2.04644e-06 3.35608e-05 0.124467 0.0032486 
3.90993e-05 0.0741269 0.00270281 0.0293005 0.24802 0.00603181 0.000102204 0.0592764 0.000578327 0.0176309 0.00318726 0.000207301 0.0667859 0.00145421 0.000794854 0.347566 0.00057872 0.0459704 9.42238e-06 0.0722596 0.000461403 2.49738e-06 0.0166537 0.00625951 
6.37356e-08 0.000246124 8.60094e-08 2.65699e-08 2.70509e-08 5.17311e-05 1.15202e-07 2.79573e-08 1.17442e-07 9.73102e-05 4.42671e-08 1.1649e-07 0.423603 8.68898e-08 1.90254e-07 0.564928 2.78271e-08 3.7981e-08 2.78035e-07 1.40439e-08 3.69777e-08 2.0664e-07 0.0109249 0.000147006 
7.36707e-06 0.0230398 0.0149604 0.0304421 0.0283597 0.0472329 0.00437949 0.000478065 0.00950329 0.00879552 0.130498 0.110665 0.0250283 0.000194316 6.71571e-05 0.440414 0.00128457 0.0079694 1.25429e-08 0.109648 0.000968758 9.32206e-09 0.00563504 0.000428909 
0.00281684 0.0158233 0.00514553 0.0453752 0.14543 0.0600433 7.04053e-08 0.132456 4.83192e-07 0.00681846 2.13182e-08 9.63271e-07 0.211782 0.0194603 1.89316e-05 0.242713 0.000772194 0.00073983 1.81229e-09 0.0166518 0.090283 2.57501e-07 0.00332589 0.000341793 
0.00410486 0.100788 0.00859784 0.059372 0.0118427 0.0288014 6.46203e-06 0.250453 0.00140334 0.000558667 0.000302591 0.00140086 0.0446003 0.0388409 0.000888173 0.303715 0.0164443 0.0018743 1.81943e-07 0.0526861 0.018891 2.10109e-06 0.0349325 0.0194934 
0.00838282 0.114125 0.0503667 0.00236357 0.127337 0.0355108 0.017981 0.00455317 0.00135497 0.0466937 0.000193162 0.0356351 0.0531845 0.00159779 0.0111409 0.284774 0.00962779 0.00767081 1.71335e-08 0.0612369 0.00265049 2.40981e-06 0.0105586 0.113059 
0.00218428 0.108471 0.00615623 0.0984762 0.0887729 0.0301164 0.00165129 0.0418912 0.00342046 0.00383976 0.00849401 0.000886094 0.0775686 0.0134621 0.00222112 0.219186 0.019577 0.0570894 0.00255162 0.107347 0.0203669 0.0102309 0.0438848 0.0321545 
0.000858352 0.0277927 1.07073e-10 0.00537961 0.134002 0.00603219 1.27356e-06 0.0716738 0.00869493 0.0442393 4.15842e-07 2.46281e-06 0.0418221 0.0484147 8.67876e-07 0.267411 1.84927e-07 0.0480916 3.46125e-10 0.207704 5.77424e-07 8.17809e-07 0.00511119 0.082766 
0.00102795 0.0142953 0.00454096 0.121864 0.034937 0.0715203 0.000258623 0.229485 0.000372513 0.00650676 0.0148227 0.000353413 0.0373024 0.00393801 1.95296e-05 0.238074 0.0375669 0.0304586 3.73366e-07 0.059605 0.0266115 1.62841e-05 0.0660377 0.000385602 
0.000176709 0.0325478 0.0627226 0.000561712 0.00611751 0.0790302 0.00175327 0.026143 0.0139046 0.00563749 2.5813e-05 3.21038e-05 0.00786814 0.00014748 0.00117349 0.461262 2.94024e-06 0.010871 1.69366e-06 0.0960055 0.080349 0.000280175 0.0332572 0.0801288 
0.000968197 0.041553 0.00698576 0.0191605 0.0212183 0.0513759 0.000197553 0.0162947 0.0044305 0.00558103 0.000466863 0.00161408 0.014475 0.00227075 6.44675e-08 0.401276 0.0036802 0.104229 1.59737e-07 0.195477 0.000591559 8.6596e-11 0.0984554 0.00969832 
0.00219991 0.0261157 0.00280987 0.000121492 0.00758181 0.0209919 1.63065e-08 0.000438071 0.000125507 0.0108117 7.78824e-06 1.64618e-10 0.00641674 0.00425342 9.73964e-09 0.733914 0.0138654 0.0170495 5.35636e-07 0.0583017 0.0110079 9.66054e-09 0.0392558 0.0447313 
0.0037492 0.0233511 0.0523887 9.08055e-05 0.000107429 0.0560848 8.91362e-07 4.52335e-05 0.0244843 5.37419e-07 3.42511e-07 9.01329e-07 2.0166e-07 0.00436641 1.47206e-06 0.624865 0.00137172 0.000797738 0.000204729 8.56517e-05 0.206399 1.59885e-06 3.77196e-05 0.0015645 
0.00222383 0.0713921 0.00143677 0.0137142 0.0259433 0.00568354 7.12257e-05 0.00406634 1.98224e-05 0.0036371 0.0126107 6.20943e-05 0.0457787 0.0144536 1.55898e-05 0.732467 0.00204663 0.00216588 3.71846e-09 0.0510222 0.00505 4.04953e-06 0.00216238 0.00397311 
0.000738859 0.023621 0.00221363 0.0215511 0.0527766 0.0538975 0.000141955 0.0701596 0.000442944 0.0266992 6.25161e-05 0.000476755 0.0780616 0.00871784 4.46583e-05 0.56821 0.0171595 0.0119167 1.09968e-10 0.0241922 0.0273256 1.45965e-06 0.00270182 0.00888743 
0.00097932 0.107521 0.0172014 0.00800758 0.0512966 0.175676 0.00727421 0.000382467 0.0291382 0.0196053 0.021841 0.0188141 0.0617828 0.0314099 5.76166e-05 0.213808 0.000219143 0.00729375 2.87771e-07 0.0261062 0.0107859 2.13876e-07 0.0779896 0.11281 
0.000897834 0.0501647 0.00467914 0.000318876 0.00122416 0.0785998 0.00771994 0.00206764 0.0125183 0.00336528 0.000399191 0.000109074 0.019318 0.0400287 2.29361e-06 0.525265 4.87059e-05 0.00292365 4.29298e-06 0.00179267 0.00606496 1.58363e-05 0.00478385 0.237688 
