0.00945957 0.00126282 0.000137779 1.09269e-07 0.000761051 0.050311 0.0109046 0.00150617 9.53408e-05 2.75551e-08 4.35906e-05 9.06366e-05 0.000741877 2.41589e-12 5.28982e-12 8.79054e-05 0.914733 0.00106518 7.73051e-12 7.98508e-07 0.0076997 5.74543e-12 0.00105704 4.20973e-05 
0.208281 0.000154222 0.000352341 0.000382373 0.000364172 0.00249216 2.75739e-05 0.00187213 1.76824e-05 1.59973e-06 5.14215e-06 0.000118243 0.000927486 2.90587e-07 1.71154e-05 1.68893e-05 0.764298 0.000244536 2.33814e-12 0.00156868 0.0122753 1.10114e-09 0.00631124 0.000272518 
0.393978 0.0133752 0.00406228 0.00192462 0.000850896 0.0935686 3.07491e-06 0.00233848 0.000136034 0.000219316 2.41821e-05 5.41457e-05 0.00303767 0.000397147 0.000320291 0.000697946 0.428043 0.00246401 4.75376e-10 0.00932198 0.0219078 5.94503e-08 0.00821451 0.0150603 
0.00374308 0.00849088 0.000219511 0.00355876 0.0635721 0.0457871 0.0120895 0.00589802 0.00065974 0.00238044 0.000137055 6.02845e-05 0.0274532 0.000295377 0.000935316 0.00139471 0.744553 0.0032749 4.45242e-09 0.0537466 0.0121145 1.78298e-06 0.00888519 0.000748981 
0.00140301 9.51091e-12 1.32856e-07 7.59887e-12 7.73644e-12 0.0940251 6.26328e-08 7.67663e-08 3.35879e-11 1.98645e-11 1.26602e-11 4.33436e-08 7.45393e-12 2.48501e-11 5.44116e-11 2.36018e-11 0.673917 1.08624e-11 7.95168e-11 8.03698e-09 0.230654 5.90981e-11 2.65172e-08 4.87671e-08 
0.00879754 0.0566026 0.00427641 0.00594365 0.00889226 0.132015 0.0031404 0.0124049 0.000329423 0.0017533 9.4837e-05 1.23782e-05 0.0035325 0.000232377 0.00190513 0.000245174 0.648149 0.00330477 5.2482e-07 0.0309367 0.0436774 0.00291969 0.0244572 0.00637616 
0.00515117 0.000732542 0.0001775 0.00363443 0.0019761 0.0307215 0.000573456 0.00868286 0.000214093 0.0134861 1.23254e-05 2.81514e-05 0.0179143 2.24e-06 1.33392e-06 0.000229677 0.742419 0.00583499 5.99581e-10 0.125547 0.0376723 4.13474e-10 0.00490288 8.61311e-05 
0.32642 0.000474215 0.00159011 0.0192351 0.00123859 0.0974455 0.0116101 0.00445794 4.3736e-05 0.000622746 1.13628e-05 0.000718931 0.00691099 0.000623928 2.07854e-05 0.000134561 0.411016 0.00488006 2.27469e-06 0.0117486 0.0677172 9.3409e-08 0.0304281 0.00264941 
0.00515117 0.000732542 0.0001775 0.00363443 0.0019761 0.0307215 0.000573456 0.00868286 0.000214093 0.0134861 1.23254e-05 2.81514e-05 0.0179143 2.24e-06 1.33392e-06 0.000229677 0.742419 0.00583499 5.99581e-10 0.125547 0.0376723 4.13474e-10 0.00490288 8.61311e-05 
0.00563059 0.00931545 1.63646e-07 0.0396045 0.0682556 0.00609105 0.00193076 0.0659304 0.00376312 0.00644866 1.637e-07 0.0167209 0.142946 0.00173481 0.00367922 0.0111121 0.520515 0.00229207 1.63401e-07 0.0348437 0.0157162 0.00029445 0.0423391 0.000834937 
0.000617901 0.000293865 3.96668e-05 0.0075018 0.0134882 0.00260332 6.55181e-05 0.00855334 3.078e-05 0.00500186 9.60175e-08 0.000512416 0.0346058 4.68036e-07 0.000760521 0.000348433 0.911351 0.00472924 3.66656e-08 0.000940839 0.00255733 1.74721e-06 0.00599396 2.25983e-06 
0.0793529 0.00161544 0.00040991 0.00208772 0.000264648 0.27289 0.0062807 0.0953869 0.000270149 3.82406e-06 9.99063e-07 0.000130688 0.0119307 0.00256506 0.000717181 2.46743e-09 0.310957 0.00288827 8.31303e-09 0.0269231 0.170875 1.01545e-07 0.00787548 0.00657404 
0.196344 0.036803 0.048881 0.0120463 0.0109611 0.0779454 0.0028624 0.026729 0.00064225 0.0599512 0.0118595 0.00176496 0.0134664 0.0096828 0.000279438 0.00019192 0.388882 0.00398561 0.000353507 0.0258755 0.02811 4.84032e-05 0.0278091 0.0145252 
0.208281 0.000154222 0.000352341 0.000382373 0.000364172 0.00249216 2.75739e-05 0.00187213 1.76824e-05 1.59973e-06 5.14215e-06 0.000118243 0.000927486 2.90587e-07 1.71154e-05 1.68893e-05 0.764298 0.000244536 2.33814e-12 0.00156868 0.0122753 1.10114e-09 0.00631124 0.000272518 
0.0427516 0.000172157 0.000935095 0.0186959 0.000391961 0.135153 2.72162e-05 0.051161 0.000225873 0.00206203 2.31358e-05 6.92282e-07 0.00563525 0.0148812 1.54678e-05 5.43659e-05 0.560981 0.0154882 1.0633e-10 0.00195815 0.0858445 5.19231e-09 0.0602996 0.00324254 
0.0230913 0.00120482 0.00116375 0.0050298 0.0005864 0.0768096 1.86072e-05 0.180184 3.13324e-05 2.9804e-05 1.53125e-05 1.23914e-05 0.00605036 7.4546e-08 6.01643e-07 2.22334e-06 0.380976 0.00200589 2.60756e-10 0.260103 0.0128154 1.35078e-06 0.0451663 0.00470252 
0.00587666 0.00732635 0.00183266 0.000425642 0.00309713 0.0803146 0.00129531 0.00942547 0.00105259 0.000199184 2.24316e-05 2.96398e-06 0.000664361 2.7713e-06 3.35238e-05 0.000272154 0.818678 0.00156469 6.01247e-10 0.0505039 0.00991744 8.58099e-08 0.00652161 0.000970808 
0.0928421 0.00570425 0.00116053 0.0339898 0.0120665 0.0956295 0.00295845 0.082937 0.00310217 0.00198301 0.00110762 0.00448037 0.00592342 0.0141188 0.000264821 0.000288788 0.536971 0.0173874 1.36081e-09 0.0284401 0.0101427 1.73846e-06 0.0443465 0.00415347 
0.0337652 0.00189344 0.000475179 0.00929755 0.0030598 0.0659219 0.00229734 0.0228176 0.000231244 0.00121358 3.09884e-05 0.00052475 0.00461181 0.00139723 0.00248141 0.00232053 0.797004 0.00443644 8.87038e-07 0.0137584 0.0192491 5.13745e-07 0.0126145 0.000596461 
0.00324371 0.00241706 0.000462796 0.0252472 0.000521054 0.283423 0.00050811 0.0223563 0.00407331 6.39215e-05 1.75478e-05 0.000196427 0.00837927 0.00707795 0.00208336 0.00107272 0.479086 0.000226676 1.67029e-11 0.115641 0.017602 5.41816e-07 0.00889253 0.0174079 
0.0427516 0.000172157 0.000935095 0.0186959 0.000391961 0.135153 2.72162e-05 0.051161 0.000225873 0.00206203 2.31358e-05 6.92282e-07 0.00563525 0.0148812 1.54678e-05 5.43659e-05 0.560981 0.0154882 1.0633e-10 0.00195815 0.0858445 5.19231e-09 0.0602996 0.00324254 
0.0166277 0.00261859 0.000557298 0.0113836 0.0116367 0.0851737 0.000623936 0.0215608 0.000218606 0.00360576 2.20835e-05 0.000301201 0.00545584 0.000289572 0.000157732 0.000489388 0.774849 0.00134107 1.39323e-08 0.0155106 0.0322335 3.20677e-07 0.0151988 0.000143977 
0.0147812 0.0072477 0.0108686 0.00032554 0.00678886 0.155052 1.84855e-05 0.00390085 0.0174053 0.00158741 0.000432576 0.000428108 0.0882562 0.000657929 6.21158e-05 0.0135222 0.281546 0.00983973 1.25418e-11 0.109696 0.0368364 2.59539e-05 0.0914714 0.149249 
0.044 0.00242303 0.00193132 0.0059394 0.00232731 0.127371 0.0104443 0.0127435 0.00688141 0.00135678 1.2443e-05 0.000302645 0.0110013 0.000621495 0.000255193 0.000611677 0.688329 0.00353815 2.47714e-09 0.0355415 0.0227592 1.51248e-06 0.012108 0.00950016 
0.00070008 0.00774673 8.37352e-05 0.00307775 0.171685 0.0027808 0.000215158 0.00446227 3.33783e-05 0.00510464 5.09699e-05 9.28899e-05 0.0726533 0.000415083 0.000671568 0.000346669 0.686659 0.00410986 1.41141e-12 0.0226205 0.00111885 1.97342e-06 0.0152276 0.000141566 
0.0230913 0.00120482 0.00116375 0.0050298 0.0005864 0.0768096 1.86072e-05 0.180184 3.13324e-05 2.9804e-05 1.53125e-05 1.23914e-05 0.00605036 7.4546e-08 6.01643e-07 2.22334e-06 0.380976 0.00200589 2.60756e-10 0.260103 0.0128154 1.35078e-06 0.0451663 0.00470252 
0.018815 0.00979508 0.00448657 0.00837602 0.0235971 0.138053 0.000885293 0.0305908 0.00249598 0.00694225 0.000127204 0.00358892 0.0279583 0.00191722 0.00186554 0.000536413 0.518623 0.00725314 9.18191e-07 0.0487219 0.0900031 3.6244e-06 0.0502437 0.00511955 
0.04703 0.0040388 0.00823844 0.0127041 0.022856 0.247478 6.00439e-06 0.0039038 0.000136984 0.00262951 0.0241204 8.39152e-09 0.0237455 0.000127713 0.000104498 0.0169461 0.272116 0.0129222 3.11465e-09 0.151973 0.0609828 2.26341e-06 0.0872925 0.000644881 
0.00225126 0.00818035 9.80769e-05 0.289748 0.0108947 0.133899 8.4339e-06 0.00090127 0.00404146 0.0229385 1.71965e-06 7.84719e-07 0.0126273 0.0207624 0.00065041 2.26731e-05 0.372976 0.00640154 1.03692e-08 0.0516013 0.0493774 1.16474e-07 0.0126177 1.81789e-07 
0.00343966 0.000393887 0.000776219 0.00111893 0.00231777 0.0871464 4.98787e-06 0.000265187 3.23551e-06 1.62609e-05 9.67525e-07 3.88332e-05 0.00252076 0.000108724 0.000468495 0.000819175 0.849585 5.00151e-05 1.42102e-08 0.0186399 0.0317207 1.05612e-08 0.000564627 3.54059e-07 
0.00480562 0.00329681 0.00107567 0.00195692 0.00157113 0.0876239 0.0154731 0.00314958 0.000884956 0.000124076 3.40622e-05 3.92799e-06 0.00161272 0.000235378 7.99327e-05 0.0016976 0.806726 0.00200565 9.15432e-09 0.0338128 0.030283 1.89925e-07 0.00267551 0.000871698 
0.00205362 0.0159428 0.00347864 0.00540169 0.0407049 0.0821004 0.0014173 0.0116171 0.0515416 0.00220376 0.0021841 0.00482755 0.0244366 0.000549874 0.00117143 0.00339343 0.640108 0.00985078 6.59998e-08 0.0354996 0.0118816 6.24567e-05 0.0278351 0.0217371 
0.00738303 0.0102569 0.00256383 0.00059062 0.00429655 0.109119 0.00178984 0.0131957 0.00147363 0.000278855 3.14037e-05 4.14923e-06 0.000899723 3.87958e-06 4.27799e-05 0.000381013 0.751182 0.00211998 8.08986e-10 0.0707054 0.0133488 1.2006e-07 0.00898084 0.00135183 
0.00569905 0.030152 0.00135967 0.0109939 0.0868916 0.0420048 0.050889 0.0256876 0.000643521 0.000195279 0.0138546 0.00657012 0.0906467 0.000237498 0.00230125 0.00085408 0.30797 0.151326 8.0693e-11 0.093595 0.00625331 5.85294e-06 0.0713678 0.000501065 
0.00961312 0.0043164 0.000367832 0.00273762 0.00226619 0.158157 0.0449272 0.00384037 0.0021987 0.000198179 9.82522e-05 1.14471e-05 0.000816711 5.31018e-05 0.000226631 0.00202704 0.664328 0.00109476 2.58663e-08 0.068325 0.0307266 5.51628e-07 0.00222352 0.0014453 
0.00815997 0.000426948 0.000256069 0.00108219 9.19093e-06 0.0501946 2.70844e-06 0.00978732 2.80102e-05 2.21638e-05 8.33087e-07 9.31695e-07 9.05794e-05 2.48146e-05 4.42189e-06 9.86949e-06 0.893021 0.000345016 4.64863e-12 0.000382115 0.0283745 5.7583e-10 0.00758859 0.00018846 
0.00587666 0.00732635 0.00183266 0.000425642 0.00309713 0.0803146 0.00129531 0.00942547 0.00105259 0.000199184 2.24316e-05 2.96398e-06 0.000664361 2.7713e-06 3.35238e-05 0.000272154 0.818678 0.00156469 6.01247e-10 0.0505039 0.00991744 8.58099e-08 0.00652161 0.000970808 
0.00387129 0.000488367 0.000118337 0.00242296 0.00131741 0.0269919 0.000382317 0.00578859 0.000142738 0.00899082 8.21761e-06 1.87688e-05 0.0119429 1.49367e-06 8.90181e-07 0.000153122 0.820787 0.00389001 4.73015e-10 0.0836979 0.0256594 3.42116e-10 0.0032686 5.74237e-05 
0.000313423 0.00011893 0.00155791 0.000573919 0.00361007 0.0103737 6.49466e-06 9.63609e-08 0.00021792 0.000378469 1.68272e-06 9.23592e-05 0.13478 0.000959337 0.00283447 0.00417341 0.820029 2.48491e-05 9.5077e-12 0.00118711 0.00605342 3.19057e-09 0.0124904 0.000223097 
0.00515117 0.000732542 0.0001775 0.00363443 0.0019761 0.0307215 0.000573456 0.00868286 0.000214093 0.0134861 1.23254e-05 2.81514e-05 0.0179143 2.24e-06 1.33392e-06 0.000229677 0.742419 0.00583499 5.99581e-10 0.125547 0.0376723 4.13474e-10 0.00490288 8.61311e-05 
0.0600658 0.00232542 0.000783714 0.00469762 0.0023033 0.129133 0.0159272 0.00175965 0.00111459 0.000923654 3.98662e-05 1.22198e-05 0.0101162 0.00145414 0.000164501 0.00141294 0.700655 0.00136144 9.27003e-09 0.0319363 0.0262412 1.90205e-07 0.00679186 0.000780584 
0.00583179 0.00427401 8.47358e-05 0.00178721 0.000931384 0.124325 5.8267e-05 0.00251337 0.00160692 6.90023e-06 2.17926e-05 5.2629e-05 0.00150507 0.000120568 0.000820607 0.000766866 0.793023 0.000406549 5.19345e-11 0.0378307 0.0106642 4.0793e-07 0.00296598 0.0104025 
0.0106682 0.00493278 0.000267283 0.00420467 0.00134428 0.345325 0.0360006 0.0025073 0.000919538 6.00738e-05 0.00019138 3.49744e-06 0.000638974 1.61672e-05 0.000376482 0.000645331 0.520184 0.000781678 1.09219e-08 0.0273954 0.0265416 0.0104382 0.00264211 0.0039152 
0.00587666 0.00732635 0.00183266 0.000425642 0.00309713 0.0803146 0.00129531 0.00942547 0.00105259 0.000199184 2.24316e-05 2.96398e-06 0.000664361 2.7713e-06 3.35238e-05 0.000272154 0.818678 0.00156469 6.01247e-10 0.0505039 0.00991744 8.58099e-08 0.00652161 0.000970808 
0.0768653 0.00899676 0.00167688 0.0530269 0.0335444 0.00862012 8.02223e-05 0.0126337 9.08502e-10 0.0846379 6.74768e-06 9.43924e-07 0.158998 0.000362277 0.00159588 0.000129302 0.186023 0.0559746 2.15081e-09 0.154314 0.00690509 2.41163e-06 0.155518 8.75024e-05 
0.000224747 0.0587202 0.00167646 0.0264405 0.0192492 0.0977771 4.7047e-05 0.0143306 0.00805148 0.00428919 0.000113634 5.91297e-07 0.00933505 0.00908062 7.31273e-05 0.062537 0.500878 0.00623569 1.62625e-08 0.0325556 0.00345328 0.000443766 0.0967246 0.0477623 
0.00587666 0.00732635 0.00183266 0.000425642 0.00309713 0.0803146 0.00129531 0.00942547 0.00105259 0.000199184 2.24316e-05 2.96398e-06 0.000664361 2.7713e-06 3.35238e-05 0.000272154 0.818678 0.00156469 6.01247e-10 0.0505039 0.00991744 8.58099e-08 0.00652161 0.000970808 
0.173835 0.00615005 0.00122432 0.0432869 0.000409061 0.246985 0.00034874 0.0517038 8.4682e-05 0.00692598 1.33393e-05 0.000664267 0.0276709 0.00319122 6.00874e-06 0.00131235 0.250303 0.0133818 6.77495e-07 0.0774168 0.0367184 6.6089e-07 0.0577122 0.000655093 
0.173835 0.00615005 0.00122432 0.0432869 0.000409061 0.246985 0.00034874 0.0517038 8.4682e-05 0.00692598 1.33393e-05 0.000664267 0.0276709 0.00319122 6.00874e-06 0.00131235 0.250303 0.0133818 6.77495e-07 0.0774168 0.0367184 6.6089e-07 0.0577122 0.000655093 
0.0503233 0.0143846 0.0102698 0.00452449 0.00370149 0.200437 0.0185329 0.137974 0.00221495 0.00128023 0.0301978 1.40131e-05 0.000968759 0.00452129 8.71027e-05 0.000333304 0.337688 0.00174712 1.33375e-06 0.040892 0.104971 1.86555e-06 0.00910453 0.0258291 
0.0161198 0.0151464 0.00333312 0.0100213 0.0244751 0.123698 0.0184721 0.0202461 0.0106705 0.0219399 0.00201885 0.00654786 0.00825455 0.000503964 0.00125258 0.00451048 0.596057 0.018807 1.37966e-06 0.0450739 0.0247934 0.000110888 0.0212551 0.00669083 
0.0386315 0.00286659 8.81023e-05 0.000183807 0.000405736 0.334435 0.000289016 0.00118546 4.41799e-05 0.000171242 4.14508e-06 2.59491e-08 0.000314866 2.97235e-09 5.69778e-06 5.07508e-08 0.592054 0.0011354 8.56173e-11 0.0137358 0.00572989 4.338e-09 0.00729008 0.00142942 
0.00436589 0.0324998 0.00721328 0.0368068 0.00754847 0.0969107 0.00162244 0.0371655 0.000118101 0.00776072 3.86617e-05 0.00105713 0.0116433 0.00243576 0.0071935 0.000796207 0.502036 0.00619064 6.2112e-06 0.0175555 0.0801696 3.41498e-08 0.133546 0.00531894 
0.351953 0.00520616 0.00347478 0.0263849 0.00580546 0.0543305 0.00249295 0.0135344 0.000394949 6.376e-05 1.213e-05 0.000150241 0.00173561 4.54582e-05 0.00164671 0.000177334 0.353203 0.00673925 6.67353e-11 0.0382809 0.0961084 1.69152e-08 0.0375596 0.000700438 
0.0448519 0.00195571 0.00132637 0.00154715 0.00155359 0.0481408 0.00249368 0.00583252 0.00361354 0.00118861 2.23531e-05 0.000106943 0.00399746 0.000174619 9.88309e-05 0.00043446 0.833167 0.00226931 1.7153e-09 0.0178546 0.0215468 2.30751e-07 0.00673841 0.00108476 
0.00945957 0.00126282 0.000137779 1.09269e-07 0.000761051 0.050311 0.0109046 0.00150617 9.53408e-05 2.75551e-08 4.35906e-05 9.06366e-05 0.000741877 2.41589e-12 5.28982e-12 8.79054e-05 0.914733 0.00106518 7.73051e-12 7.98508e-07 0.0076997 5.74543e-12 0.00105704 4.20973e-05 
0.000440495 0.000866823 0.00214427 0.000361481 0.000232333 0.0174422 1.11198e-07 0.000727412 3.09644e-07 1.72581e-05 1.00332e-10 1.73597e-12 0.0014278 0.000340668 4.99434e-10 0.00040184 0.947567 0.0017981 4.14336e-12 0.00168042 0.0223115 3.07941e-12 0.00212414 0.000115737 
0.00961312 0.0043164 0.000367832 0.00273762 0.00226619 0.158157 0.0449272 0.00384037 0.0021987 0.000198179 9.82522e-05 1.14471e-05 0.000816711 5.31018e-05 0.000226631 0.00202704 0.664328 0.00109476 2.58663e-08 0.068325 0.0307266 5.51628e-07 0.00222352 0.0014453 
0.00380724 0.0025573 0.000639277 0.00773614 0.0377156 0.244221 0.00397042 0.0145899 0.0799562 0.000884316 0.000713937 9.33594e-05 0.00924288 2.17854e-05 6.34376e-05 0.000421215 0.284077 0.000961446 1.34492e-10 0.0788953 0.000264365 6.61139e-05 0.0491571 0.179944 
0.000440495 0.000866823 0.00214427 0.000361481 0.000232333 0.0174422 1.11198e-07 0.000727412 3.09644e-07 1.72581e-05 1.00332e-10 1.73597e-12 0.0014278 0.000340668 4.99434e-10 0.00040184 0.947567 0.0017981 4.14336e-12 0.00168042 0.0223115 3.07941e-12 0.00212414 0.000115737 
0.00693303 0.00174252 0.000608637 0.00122257 0.000808961 0.214502 0.0121604 0.00569239 0.000102194 4.54157e-05 0.000109429 3.05265e-06 0.000375221 0.000411679 6.05639e-05 0.000151234 0.629517 0.0013954 6.59495e-09 0.0230972 0.0976383 2.58289e-07 0.00331465 0.000107328 
0.000598583 0.000192077 0.000157693 7.7087e-05 1.10789e-09 0.0229745 0.000430291 1.53864e-09 2.84083e-06 3.55539e-05 1.90367e-08 1.92615e-06 7.3683e-05 4.3315e-09 4.46464e-08 3.831e-05 0.966837 4.68533e-05 1.12476e-11 0.000168155 0.00603566 1.38438e-09 0.00226885 6.10548e-05 
0.0276641 0.0381379 0.0117738 0.0318915 0.0115662 0.0640701 0.00152838 0.0300637 0.00407234 0.00263388 0.000134063 0.000591194 0.0079707 0.00487306 0.000243901 0.0415092 0.6149 0.00417344 8.87336e-07 0.0487124 0.00985539 0.000120219 0.0273909 0.0161226 
0.00353521 0.0223535 0.00776764 0.0138937 0.0120927 0.0704859 0.000301357 0.00973173 9.43199e-05 0.000333515 3.8811e-06 2.31937e-08 0.00220682 8.97213e-05 0.00422537 0.00037168 0.718856 0.00511892 3.82592e-12 0.0242639 0.0780061 2.84348e-12 0.0251161 0.00115183 
0.00944261 0.00151479 0.00617169 0.000895872 0.00497317 0.0298568 3.56233e-06 0.00208149 4.06134e-05 2.27136e-05 4.16473e-06 2.22193e-12 0.0095644 0.000424175 1.37264e-06 0.00158501 0.851486 0.00466686 5.30324e-12 0.0291009 0.0329875 8.3668e-10 0.0147463 0.000430494 
0.000271494 2.39665e-05 1.48071e-07 0.00319258 0.0152422 0.0222433 1.97219e-05 0.000854861 6.06679e-12 7.57974e-05 6.16612e-09 6.01761e-12 0.000213642 3.7574e-08 0.000355551 4.09023e-05 0.910795 0.000406556 1.43627e-11 0.0435282 0.00110142 1.06745e-11 0.00159509 3.9378e-05 
0.218352 0.00138155 0.00183288 0.0257549 0.0194191 0.0587096 0.0089345 0.0666496 9.84225e-05 0.00641891 4.75824e-05 3.33849e-06 0.0232875 0.000128615 0.000244396 0.00362942 0.315174 0.0114835 2.38968e-09 0.0751955 0.0815686 8.19447e-09 0.0810759 0.000609771 
0.000372573 0.000823734 6.87334e-05 0.00324694 0.012155 0.00259586 6.74627e-05 0.00455604 0.00869076 0.00184715 4.64834e-06 0.000781573 0.045701 0.000133089 0.000217194 0.000467227 0.90559 0.00239382 1.20153e-07 0.00388168 0.00213127 1.1571e-06 0.00427071 2.32455e-06 
0.00374157 0.0355731 0.00786678 0.0263035 0.0332159 0.0737656 0.00217552 0.00342912 0.00169841 0.0055964 0.00282831 0.000533209 0.0348159 0.00291064 0.00154345 0.0032491 0.287374 0.0490407 3.54751e-08 0.248558 0.00426012 6.9569e-06 0.105092 0.0664224 
0.00242002 0.0110869 0.00221262 0.000215199 0.0165623 0.0448296 0.0050715 0.00189344 0.000373312 0.00209845 5.27945e-05 0.000322018 0.026075 0.0118001 0.000248186 0.0320712 0.777836 0.00942256 2.09716e-07 0.0188306 0.0209344 1.33704e-08 0.0113615 0.00428189 
0.000288477 0.00903209 6.72446e-05 0.00369263 0.153368 0.00197245 0.000122691 0.00155324 3.33786e-05 0.00507973 3.5437e-05 8.09346e-05 0.0799179 0.000287506 0.000621423 0.00072167 0.714371 0.00216591 2.78052e-09 0.0161947 0.000675992 2.56767e-06 0.00961597 9.90398e-05 
0.0713895 0.0028632 0.00961913 0.00738033 0.00990221 0.187705 6.4768e-05 0.014556 0.00124186 0.00037679 9.41439e-06 0.000703823 0.0186232 0.00345893 3.32968e-07 0.00118664 0.409176 0.0167923 1.06499e-10 0.0985701 0.104486 3.54003e-07 0.0409504 0.000942688 
0.00102594 0.00416735 2.48381e-05 0.00180917 0.0792249 0.00317026 0.000139311 0.00156793 2.58596e-05 0.00387151 2.62374e-05 0.000121855 0.0623823 0.000115824 0.00114783 0.000424099 0.815555 0.000861324 5.92782e-09 0.00658287 0.0117629 1.16419e-06 0.00574859 0.000242486 
0.00317993 0.0329522 0.00845185 0.0171966 0.255846 0.0708983 0.00108328 0.00618739 0.000300778 0.016862 9.23357e-06 0.00191285 0.115279 0.00117986 0.00186144 0.00490993 0.268857 0.0162336 0.000254901 0.0473547 0.0200645 1.85596e-06 0.0921348 0.0169877 
0.0181834 0.0288862 0.0108653 0.126291 0.0189076 0.0924353 0.00299246 0.162066 0.00099437 0.0166982 0.00331336 0.00889534 0.0205601 0.00960659 0.0010926 0.0429978 0.290042 0.034904 6.44831e-08 0.0530703 0.0346592 4.51649e-07 0.0197412 0.00279761 
0.00961312 0.0043164 0.000367832 0.00273762 0.00226619 0.158157 0.0449272 0.00384037 0.0021987 0.000198179 9.82522e-05 1.14471e-05 0.000816711 5.31018e-05 0.000226631 0.00202704 0.664328 0.00109476 2.58663e-08 0.068325 0.0307266 5.51628e-07 0.00222352 0.0014453 
0.00945957 0.00126282 0.000137779 1.09269e-07 0.000761051 0.050311 0.0109046 0.00150617 9.53408e-05 2.75551e-08 4.35906e-05 9.06366e-05 0.000741877 2.41589e-12 5.28982e-12 8.79054e-05 0.914733 0.00106518 7.73051e-12 7.98508e-07 0.0076997 5.74543e-12 0.00105704 4.20973e-05 
0.00409512 0.0118828 0.00386433 0.0200621 0.0102092 0.127532 0.000728531 0.0164333 0.017548 0.0160445 6.77419e-05 0.000533865 0.00573328 0.0027261 0.00094401 0.00142117 0.638693 0.00650647 1.12599e-09 0.0584127 0.0211384 1.84111e-06 0.0254222 0.00999952 
0.000598583 0.000192077 0.000157693 7.7087e-05 1.10789e-09 0.0229745 0.000430291 1.53864e-09 2.84083e-06 3.55539e-05 1.90367e-08 1.92615e-06 7.3683e-05 4.3315e-09 4.46464e-08 3.831e-05 0.966837 4.68533e-05 1.12476e-11 0.000168155 0.00603566 1.38438e-09 0.00226885 6.10548e-05 
0.0320767 0.000130565 0.00070411 0.0140271 0.000294944 0.101379 2.08166e-05 0.0720629 0.000171097 0.00154949 1.7583e-05 2.73696e-06 0.00422933 0.0381728 1.20774e-05 4.25485e-05 0.609943 0.0116221 2.28342e-09 0.00147024 0.064396 2.19068e-08 0.0452365 0.00243773 
0.0115802 0.00554965 0.000343341 0.0035198 0.00291366 0.151112 0.0577493 0.00493761 0.00282105 0.000254799 0.000126323 1.47168e-05 0.00102014 6.8271e-05 0.00020701 0.00259122 0.625885 0.00140755 3.31798e-08 0.0878464 0.0354034 7.09025e-07 0.00282097 0.00182687 
0.00347649 0.0159745 0.000985596 0.077806 0.0192173 0.0421004 0.000798305 0.0655892 0.016869 0.0221877 0.000146035 0.0031089 0.0766737 0.00135311 0.000393987 0.00424523 0.325117 0.188433 2.85312e-05 0.0177794 0.0741744 4.3203e-06 0.0428036 0.000734097 
0.060585 0.00927703 0.00146376 0.0111633 0.0190936 0.276322 0.00158812 0.00648506 0.00112414 0.00849613 4.11241e-05 9.50823e-05 0.017676 0.00171418 0.000206189 0.000805392 0.429423 0.00680152 2.12377e-09 0.049524 0.0505261 0.00293893 0.0385549 0.00609557 
0.0106853 0.0135033 0.00670815 0.00714619 0.0458704 0.0547048 0.00378086 0.0178234 0.00977031 0.000256316 0.00370841 0.00113268 0.0300677 0.000121641 0.014586 0.000848701 0.573007 0.0605394 4.02678e-10 0.0863644 0.00755926 1.85559e-05 0.0498997 0.00189806 
0.00117299 0.015341 0.000540693 0.210824 0.00993896 0.0143511 0.00329382 0.113086 4.52594e-05 0.00636277 0.00402334 0.00210785 0.00705276 0.000207051 0.000690297 0.000156317 0.501909 0.0728824 1.32654e-11 0.0232255 0.00076456 7.56866e-07 0.0119066 0.000117674 
0.123791 0.00805947 0.00667519 5.75665e-07 0.0145073 0.0487052 5.7527e-07 5.75659e-07 0.00523542 0.00109398 5.75587e-07 0.00195647 0.0161192 5.81149e-05 5.74932e-07 0.00397095 0.646064 5.75614e-07 5.74538e-07 0.00310948 0.0458198 0.000690405 0.0488172 0.0253235 
0.00270663 0.0622209 0.0281837 0.01237 0.0394419 0.064186 2.08103e-07 0.0452931 0.00426623 0.00272732 2.08217e-07 2.08101e-07 0.090879 0.0134674 2.07981e-07 0.0316607 0.271259 0.0929113 2.07838e-07 0.130375 0.0612196 2.07954e-07 0.0319869 0.0148444 
0.0367123 0.00314178 4.60062e-05 0.0073511 0.00452772 0.325272 0.0148103 0.0447495 0.00019866 0.000168313 1.35614e-05 0.0020061 0.0145796 0.00167985 0.000305156 8.70204e-07 0.33294 0.0166771 2.75782e-10 0.0501708 0.124343 2.05327e-07 0.0195569 0.000749454 
0.0941093 0.0032959 0.00057393 0.0125144 0.00231913 0.320326 0.00750176 0.0198512 0.000509336 0.000845748 0.000103003 0.000133374 0.00472057 0.00218508 0.00461848 0.000968054 0.383196 0.00194437 7.78371e-08 0.0406916 0.0796833 6.1666e-07 0.0151801 0.00472887 
0.157922 0.000675183 0.00124493 0.00594986 0.00195956 0.0353285 0.00501815 0.00921925 7.15488e-05 0.00234608 3.026e-05 0.000146613 0.018134 4.74527e-05 7.98222e-05 0.000194666 0.649469 0.0629222 8.91086e-09 0.00699157 0.0292793 1.4135e-06 0.0117499 0.00121836 
0.0189176 1.88238e-07 2.04507e-07 0.000260793 2.90699e-08 0.121404 8.54153e-11 0.0034897 0.00385868 0.00248189 3.01045e-06 3.73579e-05 0.00503027 6.44234e-11 0.00244467 3.58309e-08 0.82158 0.000503424 2.06146e-10 0.00197931 0.0174425 1.53211e-10 0.000565591 9.28636e-09 
0.102082 0.111469 0.0206862 0.0207668 0.0214689 0.14239 0.103779 0.0451207 0.00541815 0.000394901 0.0134502 0.0276303 0.0139562 0.00199615 0.00286839 0.0035198 0.209908 0.00921333 0.00212226 0.0676137 0.0407801 1.03932e-06 0.0254574 0.0079074 
0.00258382 0.00257158 6.95248e-05 0.00540364 0.0415363 0.0376473 7.91814e-05 0.00524165 0.000113563 0.00512168 4.47502e-05 0.000277639 0.0364612 0.000248072 0.000525876 0.000231894 0.84084 0.00115342 3.12227e-09 0.00638372 0.00587115 8.7516e-07 0.00751547 7.72821e-05 
0.0623356 0.00331291 0.00221953 0.00238881 0.00272529 0.0841173 0.000461765 0.00332652 0.000552557 0.00097982 9.35816e-06 6.78654e-06 0.0107625 0.00110324 4.12641e-05 0.000473106 0.77749 0.00157447 4.34169e-10 0.0208991 0.0138741 2.37278e-08 0.0108781 0.000468032 
0.0166659 0.00865636 0.000847956 0.00555018 0.00327436 0.365399 0.00517514 0.0079161 3.98663e-05 0.000126535 0.000195184 0.0316531 0.00612706 5.28086e-05 3.06806e-05 0.000274899 0.452978 0.0165129 3.5425e-11 0.0305705 0.0385424 3.47675e-09 0.00914177 0.000269896 
0.112901 0.000355978 1.93337e-05 0.0318841 0.000946653 0.0681555 4.43973e-05 0.0864542 1.40139e-05 0.000760517 1.03834e-05 0.000678477 0.00180564 6.94441e-05 6.41255e-06 2.16365e-07 0.653736 0.0045753 2.54863e-08 0.0149676 0.00832681 5.753e-08 0.0142549 3.31136e-05 
0.00945957 0.00126282 0.000137779 1.09269e-07 0.000761051 0.050311 0.0109046 0.00150617 9.53408e-05 2.75551e-08 4.35906e-05 9.06366e-05 0.000741877 2.41589e-12 5.28982e-12 8.79054e-05 0.914733 0.00106518 7.73051e-12 7.98508e-07 0.0076997 5.74543e-12 0.00105704 4.20973e-05 
0.0384812 0.0082376 0.00124387 0.0162822 0.00945927 0.0700548 0.00649477 0.0294679 0.00211519 0.00244841 0.00636814 0.00119058 0.016648 0.00253254 0.000254333 0.000721182 0.68208 0.0205348 1.94194e-07 0.0356969 0.0305756 0.000122876 0.016916 0.002074 
0.00652949 0.00107356 0.000771005 0.00105318 0.00455403 0.0879877 0.00641831 0.000720714 0.000322017 5.53764e-05 2.44698e-05 1.51512e-06 0.000493736 4.01421e-05 0.0244918 0.000610814 0.828093 0.00213768 3.79449e-09 0.0193292 0.0112044 3.31742e-06 0.00369339 0.000391314 
0.142098 0.00047715 0.00182291 0.00309574 0.000813833 0.164589 3.79444e-07 0.00428742 5.0683e-05 0.002764 2.07916e-06 1.80607e-06 0.00231957 0.00235373 1.02819e-05 2.36939e-05 0.448725 0.000355765 5.24034e-11 0.00087437 0.1442 9.15931e-09 0.0809139 0.000220705 
0.000440495 0.000866823 0.00214427 0.000361481 0.000232333 0.0174422 1.11198e-07 0.000727412 3.09644e-07 1.72581e-05 1.00332e-10 1.73597e-12 0.0014278 0.000340668 4.99434e-10 0.00040184 0.947567 0.0017981 4.14336e-12 0.00168042 0.0223115 3.07941e-12 0.00212414 0.000115737 
0.114955 0.00600805 0.00128 0.00546309 0.0075546 0.0714416 0.0057442 0.00999552 0.00104786 0.00149613 0.000188471 0.000898661 0.00687493 0.00165489 0.00131596 0.00167052 0.701361 0.00431366 4.75356e-06 0.023177 0.0210633 1.0092e-06 0.0111754 0.0013144 
0.0400803 0.0027263 0.000613654 0.00879215 0.00219347 0.0704952 0.000501549 0.0364612 0.000333855 0.000492431 1.85812e-05 0.000129235 0.00119144 2.2019e-05 2.29646e-05 6.60338e-05 0.783585 0.00300099 3.13009e-08 0.0300364 0.00889522 8.44868e-08 0.0100233 0.000319167 
0.00387129 0.000488367 0.000118337 0.00242296 0.00131741 0.0269919 0.000382317 0.00578859 0.000142738 0.00899082 8.21761e-06 1.87688e-05 0.0119429 1.49367e-06 8.90181e-07 0.000153122 0.820787 0.00389001 4.73015e-10 0.0836979 0.0256594 3.42116e-10 0.0032686 5.74237e-05 
0.10938 0.000346291 1.55921e-05 0.0306976 0.000942866 0.0680829 4.25666e-05 0.0831822 1.25939e-05 0.000380392 9.7512e-06 0.00036253 0.00172021 4.04831e-05 5.565e-06 1.66272e-09 0.66515 0.00390706 1.17735e-09 0.0133083 0.00834648 4.54575e-08 0.0140487 1.8732e-05 
0.0001077 2.0723e-08 1.28756e-08 5.4348e-13 0.000247202 0.00263844 3.76756e-08 8.01003e-08 0.150076 1.42074e-12 3.38507e-08 2.2402e-07 0.00013348 1.52693e-08 3.89158e-12 2.7027e-09 0.846017 3.77566e-08 5.68714e-12 2.87264e-13 0.000779807 3.02998e-09 2.48656e-09 1.2023e-12 
0.00273937 0.000622789 0.00153915 0.000260048 0.000167783 0.0124661 1.48732e-07 0.000522119 9.33014e-07 1.29462e-05 5.26182e-09 1.87608e-10 0.00102407 0.000246381 2.30249e-08 0.000291426 0.942563 0.0012903 4.47777e-10 0.0012036 0.0310852 3.32795e-10 0.0038806 8.43322e-05 
0.00070008 0.00774673 8.37352e-05 0.00307775 0.171685 0.0027808 0.000215158 0.00446227 3.33783e-05 0.00510464 5.09699e-05 9.28899e-05 0.0726533 0.000415083 0.000671568 0.000346669 0.686659 0.00410986 1.41141e-12 0.0226205 0.00111885 1.97342e-06 0.0152276 0.000141566 
0.0115802 0.00554965 0.000343341 0.0035198 0.00291366 0.151112 0.0577493 0.00493761 0.00282105 0.000254799 0.000126323 1.47168e-05 0.00102014 6.8271e-05 0.00020701 0.00259122 0.625885 0.00140755 3.31798e-08 0.0878464 0.0354034 7.09025e-07 0.00282097 0.00182687 
0.00961312 0.0043164 0.000367832 0.00273762 0.00226619 0.158157 0.0449272 0.00384037 0.0021987 0.000198179 9.82522e-05 1.14471e-05 0.000816711 5.31018e-05 0.000226631 0.00202704 0.664328 0.00109476 2.58663e-08 0.068325 0.0307266 5.51628e-07 0.00222352 0.0014453 
0.000598583 0.000192077 0.000157693 7.7087e-05 1.10789e-09 0.0229745 0.000430291 1.53864e-09 2.84083e-06 3.55539e-05 1.90367e-08 1.92615e-06 7.3683e-05 4.3315e-09 4.46464e-08 3.831e-05 0.966837 4.68533e-05 1.12476e-11 0.000168155 0.00603566 1.38438e-09 0.00226885 6.10548e-05 
0.208281 0.000154222 0.000352341 0.000382373 0.000364172 0.00249216 2.75739e-05 0.00187213 1.76824e-05 1.59973e-06 5.14215e-06 0.000118243 0.000927486 2.90587e-07 1.71154e-05 1.68893e-05 0.764298 0.000244536 2.33814e-12 0.00156868 0.0122753 1.10114e-09 0.00631124 0.000272518 
0.0498243 0.00549283 0.00406364 0.00125661 0.00240463 0.121651 0.0257037 0.00185248 9.38883e-05 0.00115765 5.38231e-05 0.000194982 0.00481142 0.0017406 5.67128e-11 0.000571557 0.666929 0.00343789 8.28798e-11 0.0343537 0.0703926 6.15975e-11 0.00253827 0.00147514 
0.341123 0.000681201 0.00326299 0.000407107 0.000129242 0.161421 8.24885e-07 0.000671582 3.04964e-08 1.19206e-07 9.26051e-09 1.05819e-05 0.000482742 2.01026e-08 6.43378e-05 6.18895e-05 0.477411 7.80133e-08 2.38495e-11 0.000647237 0.0106975 4.66701e-08 0.00275585 0.000171482 
0.00896956 0.00169951 0.000210719 1.43974e-07 0.00132491 0.309249 0.0196149 0.00028059 0.000111554 6.2669e-08 8.35891e-08 2.1708e-08 0.000407966 0.000151131 8.83788e-08 1.17458e-06 0.352125 0.00153143 2.19798e-11 0.251402 0.0527036 2.24829e-09 0.000179389 3.69167e-05 
0.0115802 0.00554965 0.000343341 0.0035198 0.00291366 0.151112 0.0577493 0.00493761 0.00282105 0.000254799 0.000126323 1.47168e-05 0.00102014 6.8271e-05 0.00020701 0.00259122 0.625885 0.00140755 3.31798e-08 0.0878464 0.0354034 7.09025e-07 0.00282097 0.00182687 
0.000598583 0.000192077 0.000157693 7.7087e-05 1.10789e-09 0.0229745 0.000430291 1.53864e-09 2.84083e-06 3.55539e-05 1.90367e-08 1.92615e-06 7.3683e-05 4.3315e-09 4.46464e-08 3.831e-05 0.966837 4.68533e-05 1.12476e-11 0.000168155 0.00603566 1.38438e-09 0.00226885 6.10548e-05 
0.000642334 0.000281643 3.87923e-05 0.00536773 0.012113 0.00257234 6.14433e-05 0.00722397 2.73922e-05 0.00376848 8.50681e-10 0.000469072 0.0333783 1.02294e-09 0.000571432 0.000332907 0.923085 0.000665781 1.30168e-09 0.000892173 0.00250668 1.26171e-06 0.00599832 2.10293e-06 
0.000440495 0.000866823 0.00214427 0.000361481 0.000232333 0.0174422 1.11198e-07 0.000727412 3.09644e-07 1.72581e-05 1.00332e-10 1.73597e-12 0.0014278 0.000340668 4.99434e-10 0.00040184 0.947567 0.0017981 4.14336e-12 0.00168042 0.0223115 3.07941e-12 0.00212414 0.000115737 
0.204777 0.00534244 0.00904935 0.00692486 0.0086528 0.214287 0.000525768 0.0379609 0.000575305 0.000544078 0.000206683 0.00332004 0.0178622 0.00155321 0.015151 0.0119238 0.227562 0.0107288 2.36262e-07 0.0773947 0.0525302 0.0343411 0.0491342 0.00965226 
8.587e-07 0.0719558 0.00315512 8.25447e-08 0.00196127 0.210003 6.15235e-07 9.75789e-12 7.13279e-07 2.00005e-06 7.8813e-08 4.06584e-11 0.00122659 0.00122318 6.64039e-11 0.00129944 0.360168 0.0710482 9.70422e-11 0.0125722 6.36291e-07 1.15469e-07 0.0102243 0.255158 
0.00215455 0.00136843 0.000132229 0.00733578 0.000952714 0.0198454 0.000618001 0.0203307 0.0015271 0.00132723 8.98964e-06 0.000407132 0.00143751 0.000420419 1.92892e-05 0.000471504 0.911901 0.00226609 6.02003e-10 0.0129433 0.0084086 2.89511e-07 0.00578373 0.000340305 
0.143302 0.00149883 0.000413242 0.00213191 0.00281961 0.0198681 0.010197 0.0115449 0.00105999 0.00134924 4.43607e-05 0.000273944 0.00459256 0.000144115 2.42883e-05 0.000409664 0.734985 0.00607321 1.10634e-08 0.0301664 0.0180876 1.29331e-07 0.0104782 0.000536175 
0.00515117 0.000732542 0.0001775 0.00363443 0.0019761 0.0307215 0.000573456 0.00868286 0.000214093 0.0134861 1.23254e-05 2.81514e-05 0.0179143 2.24e-06 1.33392e-06 0.000229677 0.742419 0.00583499 5.99581e-10 0.125547 0.0376723 4.13474e-10 0.00490288 8.61311e-05 
0.00350326 0.0013697 0.000324423 0.00152718 0.00190106 0.0595329 0.00177747 0.00185096 0.000727747 0.00438667 1.02559e-05 1.68178e-05 0.00428215 3.2434e-05 0.00586405 0.000426267 0.85341 0.00203934 3.02681e-09 0.0358741 0.0141173 8.83272e-07 0.00571687 0.00130837 
0.0768653 0.00899676 0.00167688 0.0530269 0.0335444 0.00862012 8.02223e-05 0.0126337 9.08502e-10 0.0846379 6.74768e-06 9.43924e-07 0.158998 0.000362277 0.00159588 0.000129302 0.186023 0.0559746 2.15081e-09 0.154314 0.00690509 2.41163e-06 0.155518 8.75024e-05 
0.00587666 0.00732635 0.00183266 0.000425642 0.00309713 0.0803146 0.00129531 0.00942547 0.00105259 0.000199184 2.24316e-05 2.96398e-06 0.000664361 2.7713e-06 3.35238e-05 0.000272154 0.818678 0.00156469 6.01247e-10 0.0505039 0.00991744 8.58099e-08 0.00652161 0.000970808 
0.0564631 0.016619 0.00356084 0.0256991 0.00766588 0.226163 0.00948111 0.0128234 0.000553713 0.00305951 9.61973e-05 0.0056164 0.00882438 0.00298983 0.000412481 0.000661626 0.316882 0.00560491 0.00134934 0.0410115 0.20248 1.40933e-06 0.0475249 0.00445629 
0.000288578 0.000175718 5.95913e-05 2.28521e-06 0.00519784 0.00742414 6.94362e-06 3.75613e-13 5.99197e-09 9.51664e-08 2.38646e-06 3.8583e-09 0.0124942 0.000191781 3.97205e-05 0.000107095 0.959001 0.00104953 3.73547e-12 0.00505249 0.00457271 2.12929e-09 0.00429454 3.95259e-05 
0.1722 0.00352621 0.00522563 0.00438209 0.0134429 0.125245 0.00395132 0.0295928 0.000281739 0.00384943 3.78499e-05 0.000618691 0.0296628 0.000139694 6.93006e-05 0.00832122 0.445769 0.00908284 3.44956e-08 0.0388811 0.0509328 3.0845e-06 0.0525247 0.00225933 
0.0388264 0.00137286 0.00065579 1.49359e-07 0.000560349 0.367519 2.41858e-08 0.0165347 1.05535e-08 4.44783e-05 3.88748e-09 4.75794e-13 0.00102237 2.09422e-09 1.59527e-05 4.02461e-08 0.467709 0.000181275 1.13561e-12 4.98368e-07 0.098954 3.03926e-09 0.00638044 0.000222581 
0.0481463 0.00459163 0.00266795 0.0082186 0.0077166 0.159571 0.00688264 0.011499 0.0036923 0.00326671 7.91981e-05 0.00160313 0.0145625 0.00229009 0.000377394 0.0034136 0.59741 0.00218433 2.09363e-08 0.0732174 0.0264985 4.24977e-06 0.0181496 0.00395715 
0.208281 0.000154222 0.000352341 0.000382373 0.000364172 0.00249216 2.75739e-05 0.00187213 1.76824e-05 1.59973e-06 5.14215e-06 0.000118243 0.000927486 2.90587e-07 1.71154e-05 1.68893e-05 0.764298 0.000244536 2.33814e-12 0.00156868 0.0122753 1.10114e-09 0.00631124 0.000272518 
0.00563059 0.00931545 1.63646e-07 0.0396045 0.0682556 0.00609105 0.00193076 0.0659304 0.00376312 0.00644866 1.637e-07 0.0167209 0.142946 0.00173481 0.00367922 0.0111121 0.520515 0.00229207 1.63401e-07 0.0348437 0.0157162 0.00029445 0.0423391 0.000834937 
0.00387129 0.000488367 0.000118337 0.00242296 0.00131741 0.0269919 0.000382317 0.00578859 0.000142738 0.00899082 8.21761e-06 1.87688e-05 0.0119429 1.49367e-06 8.90181e-07 0.000153122 0.820787 0.00389001 4.73015e-10 0.0836979 0.0256594 3.42116e-10 0.0032686 5.74237e-05 
0.00184356 0.00152451 0.00223231 0.000286152 0.0010135 0.00372605 9.98707e-05 0.000676008 0.00150228 2.86596e-08 0.000588167 0.000427838 0.0018949 3.58525e-08 7.85026e-08 0.00156982 0.960338 0.00205929 1.14723e-07 0.00326653 0.00129082 0.00015356 0.00502951 0.0104775 
0.208281 0.000154222 0.000352341 0.000382373 0.000364172 0.00249216 2.75739e-05 0.00187213 1.76824e-05 1.59973e-06 5.14215e-06 0.000118243 0.000927486 2.90587e-07 1.71154e-05 1.68893e-05 0.764298 0.000244536 2.33814e-12 0.00156868 0.0122753 1.10114e-09 0.00631124 0.000272518 
0.000549078 0.00591807 7.58694e-05 0.00237236 0.129246 0.00211372 0.00019246 0.00343645 3.244e-05 0.00390674 4.85527e-05 8.05311e-05 0.0547501 0.000364824 0.000543493 0.000283846 0.763096 0.00321854 2.01663e-09 0.0172372 0.000869695 5.07172e-06 0.0115375 0.000120709 
0.0427516 0.000172157 0.000935095 0.0186959 0.000391961 0.135153 2.72162e-05 0.051161 0.000225873 0.00206203 2.31358e-05 6.92282e-07 0.00563525 0.0148812 1.54678e-05 5.43659e-05 0.560981 0.0154882 1.0633e-10 0.00195815 0.0858445 5.19231e-09 0.0602996 0.00324254 
0.00362058 0.00712204 0.000492314 0.0632185 0.0094639 0.0159292 0.00469835 0.0732402 0.000355048 0.0260662 0.00240164 0.00372905 0.0165838 0.000162493 0.000456044 0.00012394 0.654659 0.0307545 2.96082e-10 0.0616521 0.0143787 3.57614e-07 0.0107188 0.000173064 
0.00549395 0.00155204 0.000259742 0.00135069 0.00110015 0.0818638 0.0115967 0.00283276 0.000762002 0.00176196 3.37732e-05 9.76077e-06 0.00167704 2.08964e-05 0.000109112 0.000968048 0.823731 0.000982331 1.02886e-08 0.0361665 0.0257651 1.21823e-07 0.00149452 0.000468317 
0.0208059 0.000488868 0.000481211 0.00377458 0.00131804 0.159149 0.000383576 0.00579035 0.000143645 0.00900705 8.28962e-06 1.89089e-05 0.0119472 1.53201e-06 9.7451e-07 0.000153676 0.536048 0.00389212 7.6327e-09 0.0957652 0.147469 4.67889e-09 0.00326978 8.34751e-05 
0.114483 0.0427451 0.000523357 0.0264682 0.0723564 0.229995 0.00194905 0.0638695 1.13195e-06 0.000802496 0.000133986 0.000183287 0.00509027 0.000602312 0.000113326 0.000390655 0.295524 0.00257853 1.75111e-06 0.0582439 0.0516048 5.1573e-07 0.0314876 0.000851802 
0.02471 0.0110919 0.00105088 0.0729593 0.0144057 0.228636 0.003045 0.108038 0.00382276 0.00652062 0.0046337 0.0744035 0.0107211 0.000584342 0.00256991 0.000345322 0.310681 0.0184585 7.39284e-10 0.029386 0.0506446 1.12465e-06 0.021657 0.00163345 
0.000598583 0.000192077 0.000157693 7.7087e-05 1.10789e-09 0.0229745 0.000430291 1.53864e-09 2.84083e-06 3.55539e-05 1.90367e-08 1.92615e-06 7.3683e-05 4.3315e-09 4.46464e-08 3.831e-05 0.966837 4.68533e-05 1.12476e-11 0.000168155 0.00603566 1.38438e-09 0.00226885 6.10548e-05 
0.00515117 0.000732542 0.0001775 0.00363443 0.0019761 0.0307215 0.000573456 0.00868286 0.000214093 0.0134861 1.23254e-05 2.81514e-05 0.0179143 2.24e-06 1.33392e-06 0.000229677 0.742419 0.00583499 5.99581e-10 0.125547 0.0376723 4.13474e-10 0.00490288 8.61311e-05 
0.0795911 0.00363036 0.00949417 0.0135532 0.00796535 0.0660862 0.000300977 0.0291284 0.000225206 0.00435447 2.67493e-05 0.0013529 0.0202534 0.000977242 0.00060919 0.00281065 0.716803 0.00507064 5.55039e-06 0.00804273 0.0143922 1.23957e-05 0.0140795 0.0012342 
0.10938 0.000346291 1.55921e-05 0.0306976 0.000942866 0.0680829 4.25666e-05 0.0831822 1.25939e-05 0.000380392 9.7512e-06 0.00036253 0.00172021 4.04831e-05 5.565e-06 1.66272e-09 0.66515 0.00390706 1.17735e-09 0.0133083 0.00834648 4.54575e-08 0.0140487 1.8732e-05 
0.00011463 0.00301038 0.00121063 0.10027 0.0687251 0.0390944 0.000395186 0.133846 3.01782e-05 0.0153541 0.000114851 0.0815953 0.016381 0.00582093 2.96838e-08 0.011356 0.212372 0.127567 8.66862e-09 0.0518097 0.00222218 1.44815e-06 0.118213 0.0104958 
0.00105318 5.74795e-05 8.25011e-05 3.8028e-05 1.13274e-05 0.030694 1.39235e-08 4.1686e-09 1.7231e-06 8.36761e-05 4.54599e-07 9.05243e-09 1.54866e-05 1.82336e-06 5.19597e-08 0.000175913 0.958908 7.08494e-05 1.02761e-11 0.000203087 0.00858416 7.63736e-12 1.15988e-05 6.92417e-06 
0.0431505 2.67413e-07 2.67303e-07 2.67427e-07 2.67425e-07 0.0847535 2.67243e-07 0.00345003 2.67237e-07 2.67337e-07 0.000160702 0.000775264 2.67428e-07 2.67302e-07 2.67086e-07 2.6731e-07 0.789864 2.67403e-07 2.66903e-07 2.67453e-07 0.0778419 2.67052e-07 2.67428e-07 2.67359e-07 
