0.00945957 0.00126282 0.000137779 1.09269e-07 0.000761051 0.050311 0.0109046 0.00150617 9.53408e-05 2.75551e-08 4.35906e-05 9.06366e-05 0.000741877 2.41589e-12 5.28982e-12 8.79054e-05 0.914733 0.00106518 7.73051e-12 7.98508e-07 0.0076997 5.74543e-12 0.00105704 4.20973e-05 
0.163409 0.00729111 0.23957 0.00658146 0.0297597 0.0702909 0.020398 0.00352097 0.000379423 0.000312016 2.79882e-05 0.00102264 0.0169908 0.00216801 0.000120336 0.000928678 0.261998 0.0186762 1.29392e-08 0.00131666 0.133096 8.78683e-05 0.017768 0.00428549 
0.208281 0.000154222 0.000352341 0.000382373 0.000364172 0.00249216 2.75739e-05 0.00187213 1.76824e-05 1.59973e-06 5.14215e-06 0.000118243 0.000927486 2.90587e-07 1.71154e-05 1.68893e-05 0.764298 0.000244536 2.33814e-12 0.00156868 0.0122753 1.10114e-09 0.00631124 0.000272518 
0.00515117 0.000732542 0.0001775 0.00363443 0.0019761 0.0307215 0.000573456 0.00868286 0.000214093 0.0134861 1.23254e-05 2.81514e-05 0.0179143 2.24e-06 1.33392e-06 0.000229677 0.742419 0.00583499 5.99581e-10 0.125547 0.0376723 4.13474e-10 0.00490288 8.61311e-05 
0.00140301 9.51091e-12 1.32856e-07 7.59887e-12 7.73644e-12 0.0940251 6.26328e-08 7.67663e-08 3.35879e-11 1.98645e-11 1.26602e-11 4.33436e-08 7.45393e-12 2.48501e-11 5.44116e-11 2.36018e-11 0.673917 1.08624e-11 7.95168e-11 8.03698e-09 0.230654 5.90981e-11 2.65172e-08 4.87671e-08 
0.00879754 0.0566026 0.00427641 0.00594365 0.00889226 0.132015 0.0031404 0.0124049 0.000329423 0.0017533 9.4837e-05 1.23782e-05 0.0035325 0.000232377 0.00190513 0.000245174 0.648149 0.00330477 5.2482e-07 0.0309367 0.0436774 0.00291969 0.0244572 0.00637616 
0.00515117 0.000732542 0.0001775 0.00363443 0.0019761 0.0307215 0.000573456 0.00868286 0.000214093 0.0134861 1.23254e-05 2.81514e-05 0.0179143 2.24e-06 1.33392e-06 0.000229677 0.742419 0.00583499 5.99581e-10 0.125547 0.0376723 4.13474e-10 0.00490288 8.61311e-05 
0.32642 0.000474215 0.00159011 0.0192351 0.00123859 0.0974455 0.0116101 0.00445794 4.3736e-05 0.000622746 1.13628e-05 0.000718931 0.00691099 0.000623928 2.07854e-05 0.000134561 0.411016 0.00488006 2.27469e-06 0.0117486 0.0677172 9.3409e-08 0.0304281 0.00264941 
0.097258 0.0169799 0.00351767 0.0217105 0.0160353 0.216328 0.00478168 0.0221339 0.00366175 0.00273854 0.000650929 0.00152317 0.0222873 0.00654655 0.0175595 0.00269228 0.388583 0.014238 0.000281594 0.0468263 0.0568463 0.0002656 0.0245337 0.01202 
0.00563059 0.00931545 1.63646e-07 0.0396045 0.0682556 0.00609105 0.00193076 0.0659304 0.00376312 0.00644866 1.637e-07 0.0167209 0.142946 0.00173481 0.00367922 0.0111121 0.520515 0.00229207 1.63401e-07 0.0348437 0.0157162 0.00029445 0.0423391 0.000834937 
0.000617901 0.000293865 3.96668e-05 0.0075018 0.0134882 0.00260332 6.55181e-05 0.00855334 3.078e-05 0.00500186 9.60175e-08 0.000512416 0.0346058 4.68036e-07 0.000760521 0.000348433 0.911351 0.00472924 3.66656e-08 0.000940839 0.00255733 1.74721e-06 0.00599396 2.25983e-06 
0.0793529 0.00161544 0.00040991 0.00208772 0.000264648 0.27289 0.0062807 0.0953869 0.000270149 3.82406e-06 9.99063e-07 0.000130688 0.0119307 0.00256506 0.000717181 2.46743e-09 0.310957 0.00288827 8.31303e-09 0.0269231 0.170875 1.01545e-07 0.00787548 0.00657404 
0.208281 0.000154222 0.000352341 0.000382373 0.000364172 0.00249216 2.75739e-05 0.00187213 1.76824e-05 1.59973e-06 5.14215e-06 0.000118243 0.000927486 2.90587e-07 1.71154e-05 1.68893e-05 0.764298 0.000244536 2.33814e-12 0.00156868 0.0122753 1.10114e-09 0.00631124 0.000272518 
0.0427516 0.000172157 0.000935095 0.0186959 0.000391961 0.135153 2.72162e-05 0.051161 0.000225873 0.00206203 2.31358e-05 6.92282e-07 0.00563525 0.0148812 1.54678e-05 5.43659e-05 0.560981 0.0154882 1.0633e-10 0.00195815 0.0858445 5.19231e-09 0.0602996 0.00324254 
0.00587666 0.00732635 0.00183266 0.000425642 0.00309713 0.0803146 0.00129531 0.00942547 0.00105259 0.000199184 2.24316e-05 2.96398e-06 0.000664361 2.7713e-06 3.35238e-05 0.000272154 0.818678 0.00156469 6.01247e-10 0.0505039 0.00991744 8.58099e-08 0.00652161 0.000970808 
0.0337652 0.00189344 0.000475179 0.00929755 0.0030598 0.0659219 0.00229734 0.0228176 0.000231244 0.00121358 3.09884e-05 0.00052475 0.00461181 0.00139723 0.00248141 0.00232053 0.797004 0.00443644 8.87038e-07 0.0137584 0.0192491 5.13745e-07 0.0126145 0.000596461 
0.0147812 0.0072477 0.0108686 0.00032554 0.00678886 0.155052 1.84855e-05 0.00390085 0.0174053 0.00158741 0.000432576 0.000428108 0.0882562 0.000657929 6.21158e-05 0.0135222 0.281546 0.00983973 1.25418e-11 0.109696 0.0368364 2.59539e-05 0.0914714 0.149249 
0.30595 0.0133709 0.00512386 0.00229384 0.00103151 0.0522811 5.61207e-07 0.00374506 0.000135416 0.000217849 2.39392e-05 8.45856e-05 0.00489174 0.000395545 0.000386497 0.000800869 0.537435 0.00147472 3.04169e-11 0.0151264 0.0261959 8.10304e-09 0.0139807 0.0150535 
0.044 0.00242303 0.00193132 0.0059394 0.00232731 0.127371 0.0104443 0.0127435 0.00688141 0.00135678 1.2443e-05 0.000302645 0.0110013 0.000621495 0.000255193 0.000611677 0.688329 0.00353815 2.47714e-09 0.0355415 0.0227592 1.51248e-06 0.012108 0.00950016 
0.00070008 0.00774673 8.37352e-05 0.00307775 0.171685 0.0027808 0.000215158 0.00446227 3.33783e-05 0.00510464 5.09699e-05 9.28899e-05 0.0726533 0.000415083 0.000671568 0.000346669 0.686659 0.00410986 1.41141e-12 0.0226205 0.00111885 1.97342e-06 0.0152276 0.000141566 
0.018815 0.00979508 0.00448657 0.00837602 0.0235971 0.138053 0.000885293 0.0305908 0.00249598 0.00694225 0.000127204 0.00358892 0.0279583 0.00191722 0.00186554 0.000536413 0.518623 0.00725314 9.18191e-07 0.0487219 0.0900031 3.6244e-06 0.0502437 0.00511955 
0.000440495 0.000866823 0.00214427 0.000361481 0.000232333 0.0174422 1.11198e-07 0.000727412 3.09644e-07 1.72581e-05 1.00332e-10 1.73597e-12 0.0014278 0.000340668 4.99434e-10 0.00040184 0.947567 0.0017981 4.14336e-12 0.00168042 0.0223115 3.07941e-12 0.00212414 0.000115737 
0.000440495 0.000866823 0.00214427 0.000361481 0.000232333 0.0174422 1.11198e-07 0.000727412 3.09644e-07 1.72581e-05 1.00332e-10 1.73597e-12 0.0014278 0.000340668 4.99434e-10 0.00040184 0.947567 0.0017981 4.14336e-12 0.00168042 0.0223115 3.07941e-12 0.00212414 0.000115737 
0.00961312 0.0043164 0.000367832 0.00273762 0.00226619 0.158157 0.0449272 0.00384037 0.0021987 0.000198179 9.82522e-05 1.14471e-05 0.000816711 5.31018e-05 0.000226631 0.00202704 0.664328 0.00109476 2.58663e-08 0.068325 0.0307266 5.51628e-07 0.00222352 0.0014453 
0.000642334 0.000281643 3.87923e-05 0.00536773 0.012113 0.00257234 6.14433e-05 0.00722397 2.73922e-05 0.00376848 8.50681e-10 0.000469072 0.0333783 1.02294e-09 0.000571432 0.000332907 0.923085 0.000665781 1.30168e-09 0.000892173 0.00250668 1.26171e-06 0.00599832 2.10293e-06 
0.00587666 0.00732635 0.00183266 0.000425642 0.00309713 0.0803146 0.00129531 0.00942547 0.00105259 0.000199184 2.24316e-05 2.96398e-06 0.000664361 2.7713e-06 3.35238e-05 0.000272154 0.818678 0.00156469 6.01247e-10 0.0505039 0.00991744 8.58099e-08 0.00652161 0.000970808 
0.000313423 0.00011893 0.00155791 0.000573919 0.00361007 0.0103737 6.49466e-06 9.63609e-08 0.00021792 0.000378469 1.68272e-06 9.23592e-05 0.13478 0.000959337 0.00283447 0.00417341 0.820029 2.48491e-05 9.5077e-12 0.00118711 0.00605342 3.19057e-09 0.0124904 0.000223097 
0.00515117 0.000732542 0.0001775 0.00363443 0.0019761 0.0307215 0.000573456 0.00868286 0.000214093 0.0134861 1.23254e-05 2.81514e-05 0.0179143 2.24e-06 1.33392e-06 0.000229677 0.742419 0.00583499 5.99581e-10 0.125547 0.0376723 4.13474e-10 0.00490288 8.61311e-05 
0.0600658 0.00232542 0.000783714 0.00469762 0.0023033 0.129133 0.0159272 0.00175965 0.00111459 0.000923654 3.98662e-05 1.22198e-05 0.0101162 0.00145414 0.000164501 0.00141294 0.700655 0.00136144 9.27003e-09 0.0319363 0.0262412 1.90205e-07 0.00679186 0.000780584 
0.0715744 0.0124563 0.000656852 0.0134852 0.00481216 0.232696 0.000321767 0.0203181 0.00171782 0.000263999 3.09693e-05 0.000336249 0.00682917 0.00297191 0.00128669 0.00715138 0.4139 0.00252232 2.19433e-06 0.138196 0.0447294 1.50609e-06 0.0215121 0.00222707 
0.173835 0.00615005 0.00122432 0.0432869 0.000409061 0.246985 0.00034874 0.0517038 8.4682e-05 0.00692598 1.33393e-05 0.000664267 0.0276709 0.00319122 6.00874e-06 0.00131235 0.250303 0.0133818 6.77495e-07 0.0774168 0.0367184 6.6089e-07 0.0577122 0.000655093 
0.0503233 0.0143846 0.0102698 0.00452449 0.00370149 0.200437 0.0185329 0.137974 0.00221495 0.00128023 0.0301978 1.40131e-05 0.000968759 0.00452129 8.71027e-05 0.000333304 0.337688 0.00174712 1.33375e-06 0.040892 0.104971 1.86555e-06 0.00910453 0.0258291 
0.0161198 0.0151464 0.00333312 0.0100213 0.0244751 0.123698 0.0184721 0.0202461 0.0106705 0.0219399 0.00201885 0.00654786 0.00825455 0.000503964 0.00125258 0.00451048 0.596057 0.018807 1.37966e-06 0.0450739 0.0247934 0.000110888 0.0212551 0.00669083 
0.0386315 0.00286659 8.81023e-05 0.000183807 0.000405736 0.334435 0.000289016 0.00118546 4.41799e-05 0.000171242 4.14508e-06 2.59491e-08 0.000314866 2.97235e-09 5.69778e-06 5.07508e-08 0.592054 0.0011354 8.56173e-11 0.0137358 0.00572989 4.338e-09 0.00729008 0.00142942 
0.351953 0.00520616 0.00347478 0.0263849 0.00580546 0.0543305 0.00249295 0.0135344 0.000394949 6.376e-05 1.213e-05 0.000150241 0.00173561 4.54582e-05 0.00164671 0.000177334 0.353203 0.00673925 6.67353e-11 0.0382809 0.0961084 1.69152e-08 0.0375596 0.000700438 
0.341964 0.011117 0.00211237 0.000128779 0.000103233 0.114517 4.62274e-08 0.0030264 8.30323e-08 4.19087e-06 1.62001e-05 6.38017e-06 4.99551e-08 1.05641e-05 6.2614e-08 0.00216513 0.392849 0.000512637 6.42265e-06 8.87711e-06 0.00292765 5.87432e-09 0.120908 0.00761579 
0.00945957 0.00126282 0.000137779 1.09269e-07 0.000761051 0.050311 0.0109046 0.00150617 9.53408e-05 2.75551e-08 4.35906e-05 9.06366e-05 0.000741877 2.41589e-12 5.28982e-12 8.79054e-05 0.914733 0.00106518 7.73051e-12 7.98508e-07 0.0076997 5.74543e-12 0.00105704 4.20973e-05 
0.00961312 0.0043164 0.000367832 0.00273762 0.00226619 0.158157 0.0449272 0.00384037 0.0021987 0.000198179 9.82522e-05 1.14471e-05 0.000816711 5.31018e-05 0.000226631 0.00202704 0.664328 0.00109476 2.58663e-08 0.068325 0.0307266 5.51628e-07 0.00222352 0.0014453 
0.00760829 2.73025e-06 2.63424e-05 0.0021362 4.16336e-06 0.138726 1.67544e-05 0.00339421 0.000121797 0.00190439 1.59972e-05 1.56012e-07 0.000180067 8.57858e-06 1.21946e-06 8.99292e-08 0.829307 7.67906e-05 3.02207e-12 2.54874e-08 0.0136858 1.15463e-09 0.00278299 7.61856e-07 
0.000440495 0.000866823 0.00214427 0.000361481 0.000232333 0.0174422 1.11198e-07 0.000727412 3.09644e-07 1.72581e-05 1.00332e-10 1.73597e-12 0.0014278 0.000340668 4.99434e-10 0.00040184 0.947567 0.0017981 4.14336e-12 0.00168042 0.0223115 3.07941e-12 0.00212414 0.000115737 
0.00387129 0.000488367 0.000118337 0.00242296 0.00131741 0.0269919 0.000382317 0.00578859 0.000142738 0.00899082 8.21761e-06 1.87688e-05 0.0119429 1.49367e-06 8.90181e-07 0.000153122 0.820787 0.00389001 4.73015e-10 0.0836979 0.0256594 3.42116e-10 0.0032686 5.74237e-05 
0.00693303 0.00174252 0.000608637 0.00122257 0.000808961 0.214502 0.0121604 0.00569239 0.000102194 4.54157e-05 0.000109429 3.05265e-06 0.000375221 0.000411679 6.05639e-05 0.000151234 0.629517 0.0013954 6.59495e-09 0.0230972 0.0976383 2.58289e-07 0.00331465 0.000107328 
0.0583198 0.00151213 0.0285099 0.00834918 0.00533512 0.257522 0.000107283 0.010269 0.00127128 0.000136501 2.19511e-05 2.42789e-08 0.00767393 0.000585367 0.0276 0.00167457 0.360201 0.00252278 2.13205e-10 0.0259336 0.124694 1.76408e-05 0.076033 0.00171045 
0.00353521 0.0223535 0.00776764 0.0138937 0.0120927 0.0704859 0.000301357 0.00973173 9.43199e-05 0.000333515 3.8811e-06 2.31937e-08 0.00220682 8.97213e-05 0.00422537 0.00037168 0.718856 0.00511892 3.82592e-12 0.0242639 0.0780061 2.84348e-12 0.0251161 0.00115183 
0.000271494 2.39665e-05 1.48071e-07 0.00319258 0.0152422 0.0222433 1.97219e-05 0.000854861 6.06679e-12 7.57974e-05 6.16612e-09 6.01761e-12 0.000213642 3.7574e-08 0.000355551 4.09023e-05 0.910795 0.000406556 1.43627e-11 0.0435282 0.00110142 1.06745e-11 0.00159509 3.9378e-05 
0.000372573 0.000823734 6.87334e-05 0.00324694 0.012155 0.00259586 6.74627e-05 0.00455604 0.00869076 0.00184715 4.64834e-06 0.000781573 0.045701 0.000133089 0.000217194 0.000467227 0.90559 0.00239382 1.20153e-07 0.00388168 0.00213127 1.1571e-06 0.00427071 2.32455e-06 
0.00374157 0.0355731 0.00786678 0.0263035 0.0332159 0.0737656 0.00217552 0.00342912 0.00169841 0.0055964 0.00282831 0.000533209 0.0348159 0.00291064 0.00154345 0.0032491 0.287374 0.0490407 3.54751e-08 0.248558 0.00426012 6.9569e-06 0.105092 0.0664224 
0.017662 0.00033357 0.00334524 0.000662979 0.00899866 0.0625029 1.70595e-05 0.000277841 2.1947e-05 3.85946e-05 1.5985e-05 3.82618e-09 0.0038271 3.93087e-05 0.01338 0.000819261 0.830039 0.00240172 1.54319e-11 0.028835 0.0135383 1.38585e-06 0.0129489 0.000293705 
0.00242002 0.0110869 0.00221262 0.000215199 0.0165623 0.0448296 0.0050715 0.00189344 0.000373312 0.00209845 5.27945e-05 0.000322018 0.026075 0.0118001 0.000248186 0.0320712 0.777836 0.00942256 2.09716e-07 0.0188306 0.0209344 1.33704e-08 0.0113615 0.00428189 
0.00194628 0.00010578 9.20042e-05 0.00552682 3.70797e-05 0.0624463 1.96129e-06 0.0002876 1.69856e-09 0.00485318 2.50347e-06 1.15512e-06 0.0101834 0.0058077 5.13176e-06 0.00023814 0.84007 0.000491215 2.39145e-06 0.00206082 0.0627273 2.98863e-09 0.00302044 9.30607e-05 
0.000288477 0.00903209 6.72446e-05 0.00369263 0.153368 0.00197245 0.000122691 0.00155324 3.33786e-05 0.00507973 3.5437e-05 8.09346e-05 0.0799179 0.000287506 0.000621423 0.00072167 0.714371 0.00216591 2.78052e-09 0.0161947 0.000675992 2.56767e-06 0.00961597 9.90398e-05 
0.00760829 2.73025e-06 2.63424e-05 0.0021362 4.16336e-06 0.138726 1.67544e-05 0.00339421 0.000121797 0.00190439 1.59972e-05 1.56012e-07 0.000180067 8.57858e-06 1.21946e-06 8.99292e-08 0.829307 7.67906e-05 3.02207e-12 2.54874e-08 0.0136858 1.15463e-09 0.00278299 7.61856e-07 
0.0181834 0.0288862 0.0108653 0.126291 0.0189076 0.0924353 0.00299246 0.162066 0.00099437 0.0166982 0.00331336 0.00889534 0.0205601 0.00960659 0.0010926 0.0429978 0.290042 0.034904 6.44831e-08 0.0530703 0.0346592 4.51649e-07 0.0197412 0.00279761 
0.0320767 0.000130565 0.00070411 0.0140271 0.000294944 0.101379 2.08166e-05 0.0720629 0.000171097 0.00154949 1.7583e-05 2.73696e-06 0.00422933 0.0381728 1.20774e-05 4.25485e-05 0.609943 0.0116221 2.28342e-09 0.00147024 0.064396 2.19068e-08 0.0452365 0.00243773 
0.060585 0.00927703 0.00146376 0.0111633 0.0190936 0.276322 0.00158812 0.00648506 0.00112414 0.00849613 4.11241e-05 9.50823e-05 0.017676 0.00171418 0.000206189 0.000805392 0.429423 0.00680152 2.12377e-09 0.049524 0.0505261 0.00293893 0.0385549 0.00609557 
0.00117299 0.015341 0.000540693 0.210824 0.00993896 0.0143511 0.00329382 0.113086 4.52594e-05 0.00636277 0.00402334 0.00210785 0.00705276 0.000207051 0.000690297 0.000156317 0.501909 0.0728824 1.32654e-11 0.0232255 0.00076456 7.56866e-07 0.0119066 0.000117674 
0.307614 0.000231331 0.000527566 0.000568207 0.00052886 0.003084 2.14516e-07 0.00280818 2.65227e-05 2.39934e-06 7.71217e-06 0.000177361 0.00134359 4.3517e-07 2.26843e-05 2.53333e-05 0.653074 0.000263853 3.13854e-12 0.00235302 0.0176445 1.56391e-09 0.00929163 0.000403859 
0.123791 0.00805947 0.00667519 5.75665e-07 0.0145073 0.0487052 5.7527e-07 5.75659e-07 0.00523542 0.00109398 5.75587e-07 0.00195647 0.0161192 5.81149e-05 5.74932e-07 0.00397095 0.646064 5.75614e-07 5.74538e-07 0.00310948 0.0458198 0.000690405 0.0488172 0.0253235 
0.00270663 0.0622209 0.0281837 0.01237 0.0394419 0.064186 2.08103e-07 0.0452931 0.00426623 0.00272732 2.08217e-07 2.08101e-07 0.090879 0.0134674 2.07981e-07 0.0316607 0.271259 0.0929113 2.07838e-07 0.130375 0.0612196 2.07954e-07 0.0319869 0.0148444 
0.027198 0.00046971 0.000121327 0.00744312 0.000926477 0.0525025 0.000200687 0.0165928 8.83238e-05 0.00232144 9.55042e-06 0.00012162 0.00259055 2.04582e-05 1.50367e-05 0.000132368 0.839439 0.00240774 2.10688e-08 0.0266269 0.0161933 9.21143e-09 0.00449858 8.03056e-05 
0.00070008 0.00774673 8.37352e-05 0.00307775 0.171685 0.0027808 0.000215158 0.00446227 3.33783e-05 0.00510464 5.09699e-05 9.28899e-05 0.0726533 0.000415083 0.000671568 0.000346669 0.686659 0.00410986 1.41141e-12 0.0226205 0.00111885 1.97342e-06 0.0152276 0.000141566 
0.0558607 0.0128939 0.0691996 0.0013909 0.029975 0.182038 0.00297765 0.00785536 0.0165062 0.00445901 8.11964e-05 0.00944528 0.0164325 0.000930889 5.25733e-05 0.00385867 0.366415 0.00466973 2.68282e-05 0.0705987 0.0750861 2.2269e-05 0.0416803 0.027543 
0.00961312 0.0043164 0.000367832 0.00273762 0.00226619 0.158157 0.0449272 0.00384037 0.0021987 0.000198179 9.82522e-05 1.14471e-05 0.000816711 5.31018e-05 0.000226631 0.00202704 0.664328 0.00109476 2.58663e-08 0.068325 0.0307266 5.51628e-07 0.00222352 0.0014453 
0.00258382 0.00257158 6.95248e-05 0.00540364 0.0415363 0.0376473 7.91814e-05 0.00524165 0.000113563 0.00512168 4.47502e-05 0.000277639 0.0364612 0.000248072 0.000525876 0.000231894 0.84084 0.00115342 3.12227e-09 0.00638372 0.00587115 8.7516e-07 0.00751547 7.72821e-05 
0.0287824 0.000706808 0.00146896 0.0164282 0.00011881 0.370661 1.39161e-05 0.00199555 5.12114e-05 0.00135146 2.02149e-05 7.6609e-09 2.093e-05 0.00022244 3.23891e-05 1.70489e-07 0.469913 0.00617821 3.70873e-09 0.0226879 0.0567896 9.78797e-10 0.0222784 0.000278609 
0.0623356 0.00331291 0.00221953 0.00238881 0.00272529 0.0841173 0.000461765 0.00332652 0.000552557 0.00097982 9.35816e-06 6.78654e-06 0.0107625 0.00110324 4.12641e-05 0.000473106 0.77749 0.00157447 4.34169e-10 0.0208991 0.0138741 2.37278e-08 0.0108781 0.000468032 
0.112901 0.000355978 1.93337e-05 0.0318841 0.000946653 0.0681555 4.43973e-05 0.0864542 1.40139e-05 0.000760517 1.03834e-05 0.000678477 0.00180564 6.94441e-05 6.41255e-06 2.16365e-07 0.653736 0.0045753 2.54863e-08 0.0149676 0.00832681 5.753e-08 0.0142549 3.31136e-05 
0.179838 8.15642e-05 0.00112589 0.000390602 0.000106785 0.0574149 7.03951e-07 0.000879044 9.4545e-05 0.0011171 2.33782e-07 3.3533e-06 0.00108825 0.000357372 1.18005e-08 4.41788e-05 0.670479 8.13787e-08 4.39047e-11 0.00163207 0.0720119 1.06616e-08 0.0132143 0.000120176 
0.0384812 0.0082376 0.00124387 0.0162822 0.00945927 0.0700548 0.00649477 0.0294679 0.00211519 0.00244841 0.00636814 0.00119058 0.016648 0.00253254 0.000254333 0.000721182 0.68208 0.0205348 1.94194e-07 0.0356969 0.0305756 0.000122876 0.016916 0.002074 
0.148141 0.000484803 2.18265e-05 0.0429765 0.00132001 0.0801947 5.95896e-05 0.116455 1.76294e-05 0.000532537 1.36508e-05 0.000507527 0.00240828 5.66726e-05 7.78987e-06 2.07554e-09 0.551819 0.00546987 1.33204e-09 0.0186315 0.0111877 6.3492e-08 0.0196681 2.62226e-05 
0.000440495 0.000866823 0.00214427 0.000361481 0.000232333 0.0174422 1.11198e-07 0.000727412 3.09644e-07 1.72581e-05 1.00332e-10 1.73597e-12 0.0014278 0.000340668 4.99434e-10 0.00040184 0.947567 0.0017981 4.14336e-12 0.00168042 0.0223115 3.07941e-12 0.00212414 0.000115737 
0.0400803 0.0027263 0.000613654 0.00879215 0.00219347 0.0704952 0.000501549 0.0364612 0.000333855 0.000492431 1.85812e-05 0.000129235 0.00119144 2.2019e-05 2.29646e-05 6.60338e-05 0.783585 0.00300099 3.13009e-08 0.0300364 0.00889522 8.44868e-08 0.0100233 0.000319167 
0.00105318 5.74795e-05 8.25011e-05 3.8028e-05 1.13274e-05 0.030694 1.39235e-08 4.1686e-09 1.7231e-06 8.36761e-05 4.54599e-07 9.05243e-09 1.54866e-05 1.82336e-06 5.19597e-08 0.000175913 0.958908 7.08494e-05 1.02761e-11 0.000203087 0.00858416 7.63736e-12 1.15988e-05 6.92417e-06 
0.0115802 0.00554965 0.000343341 0.0035198 0.00291366 0.151112 0.0577493 0.00493761 0.00282105 0.000254799 0.000126323 1.47168e-05 0.00102014 6.8271e-05 0.00020701 0.00259122 0.625885 0.00140755 3.31798e-08 0.0878464 0.0354034 7.09025e-07 0.00282097 0.00182687 
0.000223122 0.000116419 0.000301097 9.30144e-05 9.46984e-05 6.24258e-05 0.000403294 9.78713e-05 0.000411135 0.000243153 0.000154968 0.000407803 9.12403e-05 0.000304179 0.000666029 0.000288899 0.993736 0.000132962 0.000973331 4.91641e-05 0.000129449 0.000723395 9.01376e-05 0.000205769 
0.00242002 0.0110869 0.00221262 0.000215199 0.0165623 0.0448296 0.0050715 0.00189344 0.000373312 0.00209845 5.27945e-05 0.000322018 0.026075 0.0118001 0.000248186 0.0320712 0.777836 0.00942256 2.09716e-07 0.0188306 0.0209344 1.33704e-08 0.0113615 0.00428189 
0.00070008 0.00774673 8.37352e-05 0.00307775 0.171685 0.0027808 0.000215158 0.00446227 3.33783e-05 0.00510464 5.09699e-05 9.28899e-05 0.0726533 0.000415083 0.000671568 0.000346669 0.686659 0.00410986 1.41141e-12 0.0226205 0.00111885 1.97342e-06 0.0152276 0.000141566 
0.00147989 0.0027052 0.000389952 0.000646433 0.0263092 0.0192865 0.000281989 0.00172304 0.000141715 0.000934533 1.75644e-05 1.11732e-05 0.0199552 0.000139188 0.000244796 0.000511957 0.888351 0.00213556 9.70471e-10 0.0217368 0.00547793 4.91407e-07 0.0072913 0.000228204 
0.0368656 0.0183434 0.0166448 0.00658226 0.0146988 0.360473 0.00213755 0.0114175 0.00211955 0.00237635 0.00751829 0.000536761 0.00925167 0.00211338 5.71664e-05 0.00979558 0.379535 0.00316792 1.05488e-08 0.0251918 0.0320378 0.000153796 0.0455687 0.0134126 
0.00572943 0.00171151 0.000286646 0.00231235 0.00065023 0.108693 0.000221211 0.00995859 0.0108897 0.00151989 2.26083e-05 4.14472e-05 0.00345809 5.13676e-05 0.000158057 0.000395981 0.765679 0.00136461 6.49021e-10 0.0399113 0.0363296 9.41649e-07 0.0068107 0.00380438 
0.000598583 0.000192077 0.000157693 7.7087e-05 1.10789e-09 0.0229745 0.000430291 1.53864e-09 2.84083e-06 3.55539e-05 1.90367e-08 1.92615e-06 7.3683e-05 4.3315e-09 4.46464e-08 3.831e-05 0.966837 4.68533e-05 1.12476e-11 0.000168155 0.00603566 1.38438e-09 0.00226885 6.10548e-05 
0.341123 0.000681201 0.00326299 0.000407107 0.000129242 0.161421 8.24885e-07 0.000671582 3.04964e-08 1.19206e-07 9.26051e-09 1.05819e-05 0.000482742 2.01026e-08 6.43378e-05 6.18895e-05 0.477411 7.80133e-08 2.38495e-11 0.000647237 0.0106975 4.66701e-08 0.00275585 0.000171482 
6.70691e-07 2.70809e-06 0.0118019 0.217707 0.124536 0.0522859 8.5661e-07 3.74089e-06 7.97739e-06 0.000144193 8.87783e-08 0.000232928 0.0663758 2.04143e-06 0.204642 0.000135004 0.266952 0.0171038 1.18823e-09 1.23396e-05 0.000948182 5.13146e-08 0.036795 0.000310012 
0.093405 0.0130368 0.0022949 0.138221 0.00747163 0.120212 0.00029919 0.186969 1.76666e-05 0.00191892 0.00415911 0.000374886 0.0177372 0.00137505 0.00171337 0.000390132 0.274841 0.00747057 0.000997395 0.0330611 0.0528888 8.41671e-07 0.0410964 4.77946e-05 
0.0341368 0.00651328 0.00229714 0.0304798 0.0111027 0.196481 0.00824441 0.0308322 0.00212157 0.00133306 0.00148861 0.00938115 0.00639982 0.000606152 0.00691993 0.000931704 0.51709 0.0209662 1.71559e-09 0.0481545 0.0350858 5.27991e-06 0.0239076 0.005521 
0.204777 0.00534244 0.00904935 0.00692486 0.0086528 0.214287 0.000525768 0.0379609 0.000575305 0.000544078 0.000206683 0.00332004 0.0178622 0.00155321 0.015151 0.0119238 0.227562 0.0107288 2.36262e-07 0.0773947 0.0525302 0.0343411 0.0491342 0.00965226 
8.587e-07 0.0719558 0.00315512 8.25447e-08 0.00196127 0.210003 6.15235e-07 9.75789e-12 7.13279e-07 2.00005e-06 7.8813e-08 4.06584e-11 0.00122659 0.00122318 6.64039e-11 0.00129944 0.360168 0.0710482 9.70422e-11 0.0125722 6.36291e-07 1.15469e-07 0.0102243 0.255158 
0.00515117 0.000732542 0.0001775 0.00363443 0.0019761 0.0307215 0.000573456 0.00868286 0.000214093 0.0134861 1.23254e-05 2.81514e-05 0.0179143 2.24e-06 1.33392e-06 0.000229677 0.742419 0.00583499 5.99581e-10 0.125547 0.0376723 4.13474e-10 0.00490288 8.61311e-05 
0.0111127 0.0136228 0.00216156 0.0206395 0.00660954 0.184946 0.0217669 0.0375158 0.00236474 0.015729 0.000401063 0.000770621 0.00119599 1.59932e-05 1.54567e-05 0.000871194 0.377525 0.0561956 5.48159e-08 0.0915701 0.00537475 9.24369e-07 0.030635 0.118959 
0.00587666 0.00732635 0.00183266 0.000425642 0.00309713 0.0803146 0.00129531 0.00942547 0.00105259 0.000199184 2.24316e-05 2.96398e-06 0.000664361 2.7713e-06 3.35238e-05 0.000272154 0.818678 0.00156469 6.01247e-10 0.0505039 0.00991744 8.58099e-08 0.00652161 0.000970808 
0.0564631 0.016619 0.00356084 0.0256991 0.00766588 0.226163 0.00948111 0.0128234 0.000553713 0.00305951 9.61973e-05 0.0056164 0.00882438 0.00298983 0.000412481 0.000661626 0.316882 0.00560491 0.00134934 0.0410115 0.20248 1.40933e-06 0.0475249 0.00445629 
0.000288578 0.000175718 5.95913e-05 2.28521e-06 0.00519784 0.00742414 6.94362e-06 3.75613e-13 5.99197e-09 9.51664e-08 2.38646e-06 3.8583e-09 0.0124942 0.000191781 3.97205e-05 0.000107095 0.959001 0.00104953 3.73547e-12 0.00505249 0.00457271 2.12929e-09 0.00429454 3.95259e-05 
0.0103967 0.00575193 0.00828126 0.0198701 0.00994646 0.123226 0.000134485 0.0339072 0.000896234 0.049406 1.49731e-05 0.000289077 0.0148409 0.0214935 0.000137833 0.000378263 0.568455 0.0295467 5.84646e-10 0.0110995 0.0279585 3.06961e-09 0.0616172 0.00235237 
0.0481463 0.00459163 0.00266795 0.0082186 0.0077166 0.159571 0.00688264 0.011499 0.0036923 0.00326671 7.91981e-05 0.00160313 0.0145625 0.00229009 0.000377394 0.0034136 0.59741 0.00218433 2.09363e-08 0.0732174 0.0264985 4.24977e-06 0.0181496 0.00395715 
0.208281 0.000154222 0.000352341 0.000382373 0.000364172 0.00249216 2.75739e-05 0.00187213 1.76824e-05 1.59973e-06 5.14215e-06 0.000118243 0.000927486 2.90587e-07 1.71154e-05 1.68893e-05 0.764298 0.000244536 2.33814e-12 0.00156868 0.0122753 1.10114e-09 0.00631124 0.000272518 
0.00563059 0.00931545 1.63646e-07 0.0396045 0.0682556 0.00609105 0.00193076 0.0659304 0.00376312 0.00644866 1.637e-07 0.0167209 0.142946 0.00173481 0.00367922 0.0111121 0.520515 0.00229207 1.63401e-07 0.0348437 0.0157162 0.00029445 0.0423391 0.000834937 
0.0330455 0.0115827 0.000567654 0.0403164 0.0225004 0.148981 0.0012505 0.0274123 0.00332678 0.020671 7.99655e-06 0.000361747 0.0305715 0.000794098 0.00994792 0.00158074 0.520357 0.00898579 3.82911e-07 0.0625405 0.0276167 3.3545e-07 0.0229367 0.00464439 
0.0124826 0.00367452 0.000264568 0.00342545 0.00488972 0.0817896 0.0118475 0.00940422 0.0175817 0.000781252 6.70004e-05 3.35772e-05 0.00317062 3.78003e-05 0.00010145 0.000469717 0.787921 0.00205622 1.11541e-08 0.0365205 0.0117504 6.06777e-06 0.00888071 0.00284345 
0.0081772 0.000248596 7.43964e-05 0.0535577 0.00887831 0.00541626 7.58184e-05 0.0957746 7.58807e-05 0.287864 2.28806e-06 0.00165194 0.0980635 0.000306737 1.84919e-05 0.000790605 0.330565 0.0672912 3.16397e-07 0.00847345 0.0106727 5.53116e-07 0.0220203 9.19442e-09 
0.00184356 0.00152451 0.00223231 0.000286152 0.0010135 0.00372605 9.98707e-05 0.000676008 0.00150228 2.86596e-08 0.000588167 0.000427838 0.0018949 3.58525e-08 7.85026e-08 0.00156982 0.960338 0.00205929 1.14723e-07 0.00326653 0.00129082 0.00015356 0.00502951 0.0104775 
0.00961312 0.0043164 0.000367832 0.00273762 0.00226619 0.158157 0.0449272 0.00384037 0.0021987 0.000198179 9.82522e-05 1.14471e-05 0.000816711 5.31018e-05 0.000226631 0.00202704 0.664328 0.00109476 2.58663e-08 0.068325 0.0307266 5.51628e-07 0.00222352 0.0014453 
0.00401755 0.000167685 1.52988e-05 1.11427e-10 1.67498e-06 0.0116486 0.000124371 1.05689e-08 1.77466e-08 9.36324e-13 1.4751e-08 1.57541e-09 8.88622e-06 1.17132e-12 7.97871e-10 3.59355e-09 0.980589 3.10584e-06 3.74806e-12 1.89319e-13 0.00341989 2.78561e-12 3.70243e-06 3.34372e-07 
0.0194383 0.00165848 0.00231173 0.0101886 0.00142378 0.0989394 0.000133696 0.00912298 0.00398717 0.00447262 1.59162e-05 0.000246712 0.00944334 0.00364964 8.93103e-05 0.0101769 0.762381 0.00150256 1.32259e-07 0.0162455 0.0313303 3.08595e-07 0.0120485 0.00119362 
0.000549078 0.00591807 7.58694e-05 0.00237236 0.129246 0.00211372 0.00019246 0.00343645 3.244e-05 0.00390674 4.85527e-05 8.05311e-05 0.0547501 0.000364824 0.000543493 0.000283846 0.763096 0.00321854 2.01663e-09 0.0172372 0.000869695 5.07172e-06 0.0115375 0.000120709 
0.0427516 0.000172157 0.000935095 0.0186959 0.000391961 0.135153 2.72162e-05 0.051161 0.000225873 0.00206203 2.31358e-05 6.92282e-07 0.00563525 0.0148812 1.54678e-05 5.43659e-05 0.560981 0.0154882 1.0633e-10 0.00195815 0.0858445 5.19231e-09 0.0602996 0.00324254 
0.00212548 0.000261657 0.000529172 0.00129808 0.000705797 0.261109 0.000206899 0.00310116 7.89269e-05 0.00481773 4.40682e-06 1.00636e-05 0.00651764 8.02551e-07 8.23674e-06 8.4966e-05 0.626372 0.00208409 7.1091e-10 0.0448384 0.0390382 5.33807e-10 0.00676934 3.71919e-05 
0.00362058 0.00712204 0.000492314 0.0632185 0.0094639 0.0159292 0.00469835 0.0732402 0.000355048 0.0260662 0.00240164 0.00372905 0.0165838 0.000162493 0.000456044 0.00012394 0.654659 0.0307545 2.96082e-10 0.0616521 0.0143787 3.57614e-07 0.0107188 0.000173064 
0.00201831 0.000368809 0.000108393 0.0010096 0.00148979 0.0169104 0.000334276 0.00712236 0.0350908 0.00374645 3.11135e-05 0.00022003 0.00714437 4.4146e-06 3.73982e-07 8.05647e-05 0.870725 0.00277403 4.36897e-10 0.0348743 0.0143814 1.07421e-07 0.00154133 2.3937e-05 
0.00549395 0.00155204 0.000259742 0.00135069 0.00110015 0.0818638 0.0115967 0.00283276 0.000762002 0.00176196 3.37732e-05 9.76077e-06 0.00167704 2.08964e-05 0.000109112 0.000968048 0.823731 0.000982331 1.02886e-08 0.0361665 0.0257651 1.21823e-07 0.00149452 0.000468317 
0.00449732 0.000542118 9.29487e-05 0.000810737 0.000509336 0.0259716 0.00566937 0.00239135 0.000137744 0.00299714 1.84563e-05 8.48228e-06 0.00433731 4.98972e-07 6.35321e-07 7.37206e-05 0.905552 0.0014263 3.93898e-10 0.0278994 0.0157391 3.32186e-10 0.00129488 2.96836e-05 
0.0208059 0.000488868 0.000481211 0.00377458 0.00131804 0.159149 0.000383576 0.00579035 0.000143645 0.00900705 8.28962e-06 1.89089e-05 0.0119472 1.53201e-06 9.7451e-07 0.000153676 0.536048 0.00389212 7.6327e-09 0.0957652 0.147469 4.67889e-09 0.00326978 8.34751e-05 
0.00387129 0.000488367 0.000118337 0.00242296 0.00131741 0.0269919 0.000382317 0.00578859 0.000142738 0.00899082 8.21761e-06 1.87688e-05 0.0119429 1.49367e-06 8.90181e-07 0.000153122 0.820787 0.00389001 4.73015e-10 0.0836979 0.0256594 3.42116e-10 0.0032686 5.74237e-05 
0.000598583 0.000192077 0.000157693 7.7087e-05 1.10789e-09 0.0229745 0.000430291 1.53864e-09 2.84083e-06 3.55539e-05 1.90367e-08 1.92615e-06 7.3683e-05 4.3315e-09 4.46464e-08 3.831e-05 0.966837 4.68533e-05 1.12476e-11 0.000168155 0.00603566 1.38438e-09 0.00226885 6.10548e-05 
0.000233143 0.00767391 3.2362e-05 0.00379264 0.143002 0.000811832 0.000122897 0.00195269 3.33802e-05 0.00228767 2.58418e-05 5.61003e-05 0.0607736 2.76299e-05 0.00171671 0.000259967 0.75681 0.00127142 3.20846e-09 0.0111509 0.000273328 2.56838e-06 0.00761838 7.14432e-05 
0.10938 0.000346291 1.55921e-05 0.0306976 0.000942866 0.0680829 4.25666e-05 0.0831822 1.25939e-05 0.000380392 9.7512e-06 0.00036253 0.00172021 4.04831e-05 5.565e-06 1.66272e-09 0.66515 0.00390706 1.17735e-09 0.0133083 0.00834648 4.54575e-08 0.0140487 1.8732e-05 
0.00105318 5.74795e-05 8.25011e-05 3.8028e-05 1.13274e-05 0.030694 1.39235e-08 4.1686e-09 1.7231e-06 8.36761e-05 4.54599e-07 9.05243e-09 1.54866e-05 1.82336e-06 5.19597e-08 0.000175913 0.958908 7.08494e-05 1.02761e-11 0.000203087 0.00858416 7.63736e-12 1.15988e-05 6.92417e-06 
0.317533 0.000781064 0.000353172 0.00173046 0.00388871 0.0200715 0.02877 0.00733795 8.24579e-05 0.000128848 3.31521e-05 0.000416266 0.00399749 2.00372e-05 2.42585e-05 7.18575e-05 0.559204 0.00736674 9.63477e-10 0.0133346 0.0194581 3.62316e-12 0.0153039 9.20092e-05 
0.000422884 1.37216e-08 0.000114895 1.50687e-10 0.000147566 0.0218886 9.75779e-05 5.30374e-08 0.107057 1.22822e-12 2.2414e-08 1.48333e-07 8.70653e-05 1.01107e-08 3.27069e-05 2.07232e-09 0.852998 4.09436e-05 4.9165e-12 2.25393e-09 0.0171091 2.00712e-09 3.20774e-06 3.96872e-07 
0.0391415 0.00664869 0.107213 0.0174774 0.00306712 0.293863 0.00211302 0.00810035 0.000635295 0.00156431 2.37594e-05 0.0001422 0.00255947 0.00122834 0.0116519 0.000486144 0.338746 0.00805953 6.62569e-09 0.00954672 0.122453 2.08783e-07 0.0231484 0.00213109 
0.0074151 0.00173593 0.000154399 0.00297254 0.00160473 0.0769178 0.00204304 0.0124042 0.00245727 0.000656177 2.73791e-05 0.000211205 0.00152137 0.000212566 5.81606e-06 0.000511275 0.843426 0.00361506 5.60738e-10 0.0299416 0.00697229 1.75896e-07 0.00481019 0.000383971 
0.000299281 0.000263575 8.90277e-05 2.61852e-06 0.00770892 0.0101275 7.73867e-06 5.21648e-13 8.66821e-09 1.37915e-07 3.57944e-06 5.59136e-09 0.0184711 0.000287669 5.50615e-05 0.000160639 0.940679 0.001463 5.18779e-12 0.00757873 0.00645826 3.08019e-09 0.00628705 5.74721e-05 
0.173835 0.00615005 0.00122432 0.0432869 0.000409061 0.246985 0.00034874 0.0517038 8.4682e-05 0.00692598 1.33393e-05 0.000664267 0.0276709 0.00319122 6.00874e-06 0.00131235 0.250303 0.0133818 6.77495e-07 0.0774168 0.0367184 6.6089e-07 0.0577122 0.000655093 
0.0023179 0.000476683 0.000952971 0.000679922 0.00354197 0.0278246 0.00183177 0.00109766 0.000211065 0.000200501 2.3075e-05 0.000275888 0.04453 0.000213231 0.000642536 0.00147375 0.886794 0.00081187 1.08843e-11 0.00860197 0.00776819 1.03236e-09 0.00949997 0.000230693 
0.0393522 0.000589971 1.60082e-07 0.00156898 5.90864e-05 0.11037 1.57386e-08 0.0102358 1.5045e-11 0.0726637 8.36068e-06 3.49435e-06 0.0496951 1.11311e-11 8.06642e-06 2.33423e-08 0.443939 0.0256983 3.56179e-11 0.108267 0.109028 3.552e-09 0.0277348 0.000778027 
0.148535 0.00322464 0.00137595 0.00782427 0.0173382 0.0166925 0.000903193 0.0149208 7.38848e-06 0.000182727 4.93733e-05 5.7531e-05 0.0144266 0.000105345 0.00013215 2.66761e-05 0.567017 0.00993093 1.40462e-11 0.054241 0.0391946 3.37846e-06 0.100396 0.00341513 
0.00367104 0.00532027 0.000267733 0.00363251 0.00320361 0.0372075 0.000233595 0.0220116 0.00788375 0.000368741 1.64634e-05 6.98724e-08 0.00252996 0.00099319 2.01444e-05 0.00199851 0.829873 0.00602928 1.49357e-09 0.0653472 0.00312961 7.47139e-07 0.00491167 0.00134949 
0.142098 0.00047715 0.00182291 0.00309574 0.000813833 0.164589 3.79444e-07 0.00428742 5.0683e-05 0.002764 2.07916e-06 1.80607e-06 0.00231957 0.00235373 1.02819e-05 2.36939e-05 0.448725 0.000355765 5.24034e-11 0.00087437 0.1442 9.15931e-09 0.0809139 0.000220705 
0.0821342 0.00690456 0.0319178 0.0242687 0.00757561 0.294013 0.00158757 0.01288 0.000843212 0.00384166 0.000173855 0.00121152 0.017783 0.00307778 0.00158777 0.00225619 0.355703 0.00654276 1.51777e-05 0.0274214 0.0868632 8.5343e-07 0.0195892 0.0118084 
0.00309051 0.00414884 0.0753605 0.00668511 0.00288366 0.159366 0.000165491 0.00351716 1.362e-06 0.00216223 1.90353e-05 0.000356046 0.00674992 0.00345647 0.0052963 0.000872016 0.662317 0.000962217 2.37819e-05 0.00662633 0.0280243 4.19572e-07 0.0237243 0.00419083 
0.018428 0.0227799 0.00551133 0.0434321 0.0618934 0.13497 0.000848055 0.0364846 3.20105e-06 0.00522302 0.000333581 5.64652e-06 0.00992139 0.0380516 9.74175e-05 8.19474e-05 0.216382 0.0130721 7.44229e-08 0.00916044 0.00729146 0.141152 0.151885 0.0829917 
0.000642334 0.000281643 3.87923e-05 0.00536773 0.012113 0.00257234 6.14433e-05 0.00722397 2.73922e-05 0.00376848 8.50681e-10 0.000469072 0.0333783 1.02294e-09 0.000571432 0.000332907 0.923085 0.000665781 1.30168e-09 0.000892173 0.00250668 1.26171e-06 0.00599832 2.10293e-06 
0.058146 0.0249371 0.00103253 0.00922976 0.0338366 0.164298 0.0445724 0.0152071 0.000200283 0.00240979 0.000495608 0.00017294 0.0131693 0.0029138 0.000674246 0.000163893 0.443255 0.0772544 0.00229639 0.0291915 0.0236013 2.39162e-06 0.0423513 0.0105881 
0.00512326 0.00387035 0.00410921 0.000201873 0.0102817 0.136656 0.000553595 0.00153593 0.0173342 5.77686e-06 0.000145138 0.0014961 0.00859709 0.000326869 8.93902e-05 0.00149781 0.713601 0.00234987 7.31908e-12 0.04067 0.014196 8.07592e-06 0.0155603 0.0217902 
0.193942 0.000584443 0.00635045 0.0023058 0.00167952 0.0733522 0.0979104 0.0050236 9.42961e-05 0.000339809 1.18157e-06 7.49004e-11 0.000953412 0.000433947 0.000132451 7.76542e-08 0.303956 0.000132482 1.7877e-10 9.02988e-12 0.0464732 1.14825e-07 0.266298 3.64779e-05 
0.0131123 0.032273 0.00507314 0.0367972 0.0328064 0.0679194 0.0286156 0.0342307 0.000338428 0.000784756 0.0118704 0.00444502 0.0262851 0.00106254 0.00870528 0.0017457 0.41016 0.0102373 0.000240328 0.223222 0.00823874 9.60001e-07 0.037716 0.00412069 
0.00530363 0.00391067 0.00259937 0.0132461 0.00623185 0.092289 0.00463949 0.00639649 0.00108685 0.00423904 5.65842e-05 0.00302397 0.00939336 0.00121151 0.00502826 0.0174174 0.701494 0.0402354 1.30465e-06 0.028643 0.0374992 0.00811644 0.00557829 0.00235893 
0.0678333 0.0114902 0.0115084 0.0162836 0.00572931 0.204425 0.00427613 0.0223836 0.00255724 0.00237218 4.57713e-05 0.000548529 0.0157878 0.0113547 0.00644444 0.0153825 0.312064 0.00588807 1.43774e-05 0.0314339 0.205677 0.000525191 0.0412158 0.00475929 
0.000596909 1.40396e-05 1.36302e-09 0.0171086 0.000173077 0.000461593 1.01369e-08 0.0118548 1.33017e-05 0.00174789 8.64825e-09 2.4768e-07 0.000153077 4.32628e-05 1.67408e-08 5.25623e-09 0.9517 0.000134588 6.13416e-12 0.000186377 0.0118953 1.83405e-09 0.00391679 1.29681e-12 
0.114259 0.000489971 0.259782 0.0195679 0.000836762 0.186902 0.00129976 0.000120756 0.00280926 0.00240487 1.88208e-05 7.74794e-06 8.69613e-05 0.000160482 0.0109918 0.0112954 0.352725 0.013111 7.71002e-06 0.0115043 0.0104422 6.17961e-06 0.00113592 3.40038e-05 
0.00961312 0.0043164 0.000367832 0.00273762 0.00226619 0.158157 0.0449272 0.00384037 0.0021987 0.000198179 9.82522e-05 1.14471e-05 0.000816711 5.31018e-05 0.000226631 0.00202704 0.664328 0.00109476 2.58663e-08 0.068325 0.0307266 5.51628e-07 0.00222352 0.0014453 
0.00961312 0.0043164 0.000367832 0.00273762 0.00226619 0.158157 0.0449272 0.00384037 0.0021987 0.000198179 9.82522e-05 1.14471e-05 0.000816711 5.31018e-05 0.000226631 0.00202704 0.664328 0.00109476 2.58663e-08 0.068325 0.0307266 5.51628e-07 0.00222352 0.0014453 
0.0230913 0.00120482 0.00116375 0.0050298 0.0005864 0.0768096 1.86072e-05 0.180184 3.13324e-05 2.9804e-05 1.53125e-05 1.23914e-05 0.00605036 7.4546e-08 6.01643e-07 2.22334e-06 0.380976 0.00200589 2.60756e-10 0.260103 0.0128154 1.35078e-06 0.0451663 0.00470252 
0.0107325 0.00485061 0.00471368 0.0282487 0.00904928 0.254457 0.00114671 0.0177062 0.000257732 0.00336707 0.00229492 0.0029258 0.00140949 0.00335404 0.0015178 9.9642e-05 0.547224 0.0106809 2.80225e-07 0.0051306 0.0659285 5.28242e-06 0.0235001 0.00139965 
0.00146478 0.0225046 0.00402118 0.000664456 0.0536553 0.0659138 0.000810932 0.00289947 0.204465 0.00104079 7.08861e-06 0.00848114 0.0231008 0.00298252 0.000124087 0.175839 0.216802 0.0130059 4.39178e-06 0.061636 0.0336819 4.44301e-05 0.00683609 0.100015 
0.0041279 0.000205068 0.00127932 0.000464647 0.00272859 0.0642364 3.54685e-08 1.25617e-08 1.46221e-08 3.50355e-06 3.86668e-06 8.25348e-12 1.13084e-07 3.08742e-05 0.0638683 0.000117211 0.846558 0.00367766 1.96991e-11 0.00312789 0.00369145 4.66656e-06 0.00576182 0.000113059 
0.00611358 0.00654393 0.00191895 0.00837021 0.00733579 0.0578945 0.00196825 0.0132749 0.00424931 0.00301809 0.000200797 0.00261998 0.00583755 0.000514364 0.000259651 0.0023496 0.802324 0.00432972 5.24831e-08 0.029148 0.0294476 9.35994e-08 0.0113806 0.000900525 
0.0059566 0.00445523 0.000502518 0.0733762 0.0114851 0.0117238 0.000659949 0.205741 0.000382902 0.18006 4.02534e-06 0.000949964 0.0640452 0.000828912 6.947e-05 0.000592058 0.231257 0.0575624 1.71072e-06 0.110385 0.00562489 1.20783e-06 0.0321179 0.00221699 
0.04703 0.0040388 0.00823844 0.0127041 0.022856 0.247478 6.00439e-06 0.0039038 0.000136984 0.00262951 0.0241204 8.39152e-09 0.0237455 0.000127713 0.000104498 0.0169461 0.272116 0.0129222 3.11465e-09 0.151973 0.0609828 2.26341e-06 0.0872925 0.000644881 
0.0583085 0.0114361 0.00826767 0.0153243 0.0273622 0.308121 0.00293288 0.00842182 0.000226587 0.0050156 0.00792926 0.000196266 0.0155043 0.00869872 0.000201043 0.00903719 0.391648 0.00900365 4.77798e-05 0.0348907 0.0470526 6.17452e-06 0.0184709 0.0118965 
0.00425676 0.112221 0.010961 0.0253473 0.0921594 0.0797132 0.0153211 0.00427353 0.00266207 0.00259033 2.59555e-05 0.000131323 0.17119 0.0393213 0.00112319 0.0207511 0.210153 0.0275638 1.16158e-06 0.0375491 0.0645872 3.30191e-06 0.0559982 0.0220958 
0.000709693 0.0269389 0.000390113 0.0315303 0.0383435 0.0194442 0.0036176 0.00122548 2.94401e-05 0.0568848 7.28832e-06 0.00478825 0.045833 0.000341211 0.00193812 6.97839e-05 0.672402 0.000553065 1.25646e-07 0.0064017 0.0115837 5.0715e-06 0.0763169 0.000646138 
