0.000108299 0.0522366 0.108634 0.0683473 0.300576 0.013055 2.74678e-09 2.0327e-06 0.00237432 0.000977232 1.05546e-09 2.77749e-09 0.0813664 0.0594039 0.00091312 0.128075 6.63485e-10 0.0111533 4.56329e-06 0.0695815 0.047456 4.92694e-09 0.0537006 0.00203502 
0.000438854 0.000926154 0.00083443 0.00384513 0.0133583 0.00775665 2.03412e-07 0.000925129 2.07367e-07 0.0031134 7.81621e-08 0.00106636 0.00675656 0.0411097 0.000119396 0.00100759 4.91341e-08 0.00249873 4.90925e-07 0.87546 0.0391573 3.64863e-07 0.000447184 0.00117728 
3.11704e-05 0.000575418 6.67208e-05 6.47667e-06 0.00151686 2.15961e-05 0.000128664 0.000141021 7.44803e-08 2.36438e-05 0.000139795 7.38766e-08 6.9754e-05 0.000111688 1.20656e-07 3.86071e-05 1.76476e-08 0.0131336 1.76326e-07 4.68314e-05 2.34507e-08 0.000412947 0.000141633 0.983393 
0.00252751 0.216801 0.000417893 0.00651428 0.00880365 0.0109584 0.00363632 0.00215943 2.02985e-06 0.000126901 0.000401744 0.000215698 0.0620349 0.00493557 1.00003e-07 0.552337 2.75398e-08 0.00371148 0.000554201 0.0341574 0.00714802 1.6868e-07 0.0425831 0.0399731 
1.72093e-08 2.14887e-07 4.94012e-12 0.000209534 0.651344 1.2599e-08 5.62499e-08 0.000449821 1.48469e-08 2.71321e-08 9.46928e-06 2.00792e-08 0.00381658 4.99068e-12 1.09276e-11 5.11966e-08 1.5983e-12 0.00628304 1.59695e-11 0.327154 2.12388e-12 1.18688e-11 0.0107334 1.18196e-08 
0.000330767 0.643724 0.0190018 0.0146686 0.0556952 0.0228062 0.0140256 0.0418928 2.78988e-05 0.00153042 0.0156413 0.00269937 0.0220302 0.0027461 0.0046781 0.00145211 2.43916e-05 0.00822813 4.44519e-05 0.0399447 0.00925078 0.0191401 0.0514263 0.00899096 
0.00024514 0.00592316 0.00408102 0.00207244 0.0929891 0.0027458 1.81687e-05 0.00669756 0.000514785 0.000719834 0.000117577 7.45974e-06 0.0248085 6.87188e-05 0.000144739 0.810489 1.68547e-07 0.00171418 8.11108e-06 0.0088839 0.000816793 1.32327e-05 0.00320173 0.0337192 
4.14055e-05 8.12059e-05 0.000338822 1.8896e-05 0.0501817 0.109308 0.000637787 3.61281e-05 0.050745 0.000316288 4.34036e-08 1.14218e-07 0.0424978 3.37448e-05 1.86542e-07 0.0138334 2.72843e-08 3.72402e-08 0.0123915 0.00400256 0.000193524 2.02609e-07 1.66492e-05 0.715325 
5.66375e-09 0.40578 7.64307e-09 6.16265e-05 0.206098 0.000105854 1.02372e-08 2.48437e-09 0.000217086 6.17222e-09 1.18051e-05 1.03517e-08 2.87213e-05 7.7213e-09 1.69065e-08 2.20077e-05 2.47281e-09 5.23177e-05 2.47071e-08 2.12282e-06 3.28595e-09 3.6909e-06 0.000337033 0.387279 
0.00016077 0.211984 0.00377129 0.491229 0.0274654 0.00190832 1.85494e-05 0.000759704 0.000573574 1.11838e-05 7.12773e-06 1.87568e-05 0.156431 0.00165546 3.06339e-05 0.00478779 4.48062e-06 6.11556e-06 4.47682e-05 0.0935747 0.000187566 3.32724e-05 5.22002e-05 0.00528396 
0.241037 0.0150883 2.22617e-06 5.23992e-06 0.000578843 0.0338631 5.32161e-06 0.070433 3.8473e-10 0.0377474 4.36495e-08 3.85427e-08 0.0096055 9.96532e-07 6.23253e-10 1.62477e-07 9.11591e-11 0.369867 9.10818e-10 0.125637 2.56819e-06 6.76934e-10 0.0961247 7.12641e-07 
0.000249269 0.0937476 0.000227846 0.00783386 0.158436 0.00515268 0.194605 0.000106968 0.000450534 0.0529434 0.00271606 2.16721e-06 0.214627 0.0199611 3.24839e-05 3.20144e-06 1.75618e-07 4.61393e-07 5.27479e-07 0.0180069 0.000395536 2.32649e-07 0.164998 0.0655021 
2.92333e-10 0.490105 3.94495e-10 0.0433095 0.0626014 0.00381017 0.00143491 3.66405e-07 1.1955e-07 0.00415427 2.03038e-10 5.343e-10 0.0153845 0.366606 0.000220163 7.64976e-07 1.27633e-10 0.00138154 1.27525e-09 0.00119441 0.000125481 0.00128593 0.00838495 6.42707e-07 
0.000309661 0.0700361 0.00184141 0.032549 0.00240708 0.0045489 0.0168214 0.000636206 0.00350045 0.0162432 7.35884e-06 3.29484e-06 0.0105473 0.338907 3.56702e-06 0.0948546 1.04619e-06 0.0576007 0.00167711 0.0340331 0.000449753 2.20695e-06 0.29996 0.0130597 
4.23068e-05 8.10658e-06 4.51609e-05 7.0258e-05 0.000228096 0.0360849 9.46929e-05 0.000906236 0.000878691 0.000771484 6.12448e-06 2.62135e-06 0.000210775 1.13598e-05 5.01449e-06 1.85704e-06 6.26187e-07 0.931262 6.39051e-06 0.00135023 1.14067e-05 1.19752e-05 0.000610212 0.0273791 
0.0186691 0.294591 0.000295131 0.100487 0.017011 0.0441512 0.00491981 0.00255415 0.000241181 0.0135661 1.72261e-07 0.00116921 0.012369 0.0132616 0.00151979 0.001108 9.99746e-08 0.0386508 1.39995e-05 0.0131508 0.0045229 3.72058e-07 0.375789 0.0419584 
1.40249e-05 0.0311121 0.0324058 1.41305e-05 1.38427e-05 2.68337e-06 3.565e-07 7.20362e-11 3.02608e-10 4.53149e-05 2.07477e-05 3.00155e-10 0.0752015 0.00128169 4.90217e-10 8.52682e-08 7.17008e-11 4.307e-07 6.30504e-06 4.70456e-07 0.598843 5.3244e-10 0.261037 4.54508e-07 
0.00113537 0.0402627 5.3683e-07 1.08135e-07 0.012054 0.103686 7.69495e-07 5.05111e-07 2.14327e-11 2.8268e-07 8.64485e-08 1.30957e-06 5.21305e-07 1.5857e-11 3.47204e-11 9.20211e-07 5.07832e-12 5.19166e-07 5.07402e-11 0.012099 0.000470334 3.77109e-11 0.208932 0.621355 
0.0104351 0.00457026 0.00290461 0.00783239 0.0189991 0.0272494 1.13195e-05 0.00073989 1.19899e-06 0.00113741 0.00014213 1.18927e-06 0.798411 6.36762e-05 1.94234e-06 8.42515e-07 2.84093e-07 0.0675656 2.83852e-06 0.02213 3.12504e-06 2.10963e-06 0.00552013 0.0322741 
8.61184e-06 0.0675805 0.000495658 4.13179e-07 3.42085e-07 0.00358945 1.98904e-10 0.0704594 0.00115514 0.000127971 9.8406e-08 2.01128e-10 0.422245 0.0769395 3.28485e-10 0.0137429 4.80453e-11 0.0084942 4.80046e-10 0.037849 0.227559 3.56778e-10 0.0694254 0.000327504 
2.96749e-05 0.00144862 0.0140326 0.0108926 0.000127614 0.0263992 2.40312e-09 0.362371 2.44985e-09 2.44277e-05 3.10311e-08 3.31519e-06 0.452311 0.00162118 2.95563e-07 0.0165401 5.80474e-10 1.50499e-06 5.79982e-09 0.0242132 0.0845109 4.31052e-09 0.00522775 0.000245436 
0.000292639 0.00136385 6.48666e-06 0.863223 0.00123155 0.0269428 8.68833e-06 2.10848e-06 0.000590558 0.0218497 3.33854e-06 0.000687589 0.038846 6.55306e-06 1.43485e-05 0.00249481 2.09867e-06 0.0028247 2.09689e-05 0.0237204 0.0148732 1.55844e-05 0.000358281 0.000620954 
0.000282569 0.307773 0.00990097 0.0131495 0.00292026 0.00264614 1.25025e-06 0.196405 0.00480433 0.000560586 1.87199e-08 5.62717e-07 0.0184325 0.0316298 0.00218471 0.000556235 2.23176e-11 0.00153112 4.26287e-08 0.122242 0.222921 5.90223e-08 0.0612658 0.000793199 
1.71148e-07 0.00157803 0.000442638 0.0158327 0.00513753 0.00469346 0.000559171 0.0288329 0.0185886 0.00074638 6.69351e-05 1.42259e-07 0.00332584 9.48e-05 0.0010267 0.00258723 2.99026e-11 0.353773 2.98773e-10 0.0321715 3.8354e-07 0.000826939 0.13441 0.395305 
9.29553e-09 0.243371 0.0347954 0.475795 0.0868051 0.0267561 0.00230164 1.85598e-05 1.71284e-08 0.00593877 6.45615e-09 1.69896e-08 0.0195507 7.1188e-05 1.62616e-06 0.0308876 4.05845e-09 5.53935e-09 4.05501e-08 0.0679085 0.00299103 3.01375e-08 0.00274741 6.0339e-05 
0.219817 0.00230903 0.0101688 6.12497e-07 0.00270711 0.00889939 2.69988e-07 0.00103701 0.00013461 1.27622e-06 4.26852e-07 2.82961e-09 0.000815667 4.88307e-06 9.33958e-07 0.0352859 6.75934e-10 1.97776e-06 1.32132e-06 0.00322657 0.0014675 1.60075e-07 0.0374662 0.676653 
0.00520405 0.016529 8.23698e-06 1.56005e-06 0.0645578 0.00511123 2.52913e-05 9.27719e-06 7.77765e-09 4.59985e-09 3.81199e-06 1.33858e-05 0.200251 5.7543e-09 1.25996e-08 4.94989e-05 1.84286e-09 0.135268 2.05245e-06 0.0654627 0.000415482 4.40695e-05 0.050079 0.456965 
0.000149222 0.00159265 7.2475e-05 0.0167436 0.00876879 0.000305063 0.000213284 0.002144 6.00622e-06 0.00758477 6.61414e-06 6.46232e-06 0.0797 0.00127771 7.75127e-06 6.54498e-06 3.85897e-06 0.870967 5.9059e-06 0.00658802 0.000353374 4.38936e-06 0.00313579 0.00035681 
5.47059e-06 0.139119 5.02203e-09 0.425296 0.0326752 0.00540019 0.251867 6.9826e-05 6.85737e-09 0.0279867 1.19519e-05 0.000181035 0.0266289 5.84621e-05 1.78416e-05 0.00012721 1.62481e-09 7.17693e-05 1.62343e-08 0.0223118 0.000587132 6.23692e-06 0.0672669 0.000311551 
5.74365e-07 0.00387048 0.00998123 0.00291529 0.00908949 0.0122528 0.000252137 0.00164229 1.3651e-05 0.0276859 5.48277e-06 4.84446e-05 0.001329 0.815195 5.66212e-05 0.0291882 2.16889e-07 0.00284353 0.00509526 0.012874 0.020721 4.98162e-05 0.0306604 0.0142294 
2.11455e-06 0.0248479 0.0012302 0.000238776 0.000753972 0.000731117 1.08492e-06 0.000160328 9.76654e-08 1.5802e-05 5.5026e-07 3.07223e-05 0.0239677 0.00139672 5.22276e-05 0.923971 2.31411e-08 0.000100392 1.10418e-05 0.00240575 0.000249001 1.71843e-07 0.00381736 0.0160164 
8.93697e-07 0.0994535 1.91332e-06 6.36067e-06 0.102338 0.00120199 1.61536e-06 0.011904 0.00660309 6.77757e-07 5.05321e-10 1.22492e-05 0.00187498 0.00964403 2.17179e-09 0.0491569 3.17654e-10 6.53643e-06 3.17385e-09 0.00599319 6.28352e-06 2.77162e-06 4.06259e-06 0.711787 
9.84042e-06 0.556624 1.75214e-05 0.195382 0.00767353 0.000516995 0.000617023 0.00243987 4.09804e-05 0.00239831 7.66617e-05 8.16546e-06 0.0288627 0.197779 3.66568e-06 8.05316e-05 2.0617e-08 0.00125139 2.86626e-07 0.00372797 4.2672e-05 6.75629e-07 0.00203645 0.000409311 
2.63274e-07 0.124114 0.00446655 0.0435768 0.0341596 0.00301222 3.1669e-06 0.00156256 2.43762e-06 2.71779e-10 3.87313e-07 4.55812e-10 1.28535e-06 0.332995 3.58995e-06 0.173533 1.08884e-10 0.00146038 1.89921e-05 0.224534 0.000352296 8.08558e-10 0.0298566 0.0263466 
0.000969348 1.46876e-07 0.000120828 1.84682e-08 0.000664708 4.97686e-06 0.000155912 0.662175 0.000629279 0.00110165 6.41209e-06 3.22589e-11 0.0113929 0.000211687 1.50408e-07 2.14909e-07 7.70598e-12 0.00196393 7.69945e-11 0.111741 9.11174e-08 1.3006e-07 0.0913779 0.117483 
8.70612e-05 0.012508 0.00168489 0.00385726 0.0356713 0.00717555 5.03413e-05 0.00834833 0.000232496 0.00131024 5.10629e-05 2.86071e-06 0.00475698 0.00257131 3.95456e-05 0.0979838 1.53214e-06 5.07736e-05 6.82784e-06 0.617204 0.000876292 5.07456e-06 0.0586362 0.146888 
0.000712572 0.0350655 0.00517072 0.00101386 0.620872 0.00465112 0.000571241 0.000580571 0.00116584 0.00253813 0.000170089 0.000700959 0.000346177 0.00124209 1.10627e-05 0.0010729 1.61807e-06 0.0290813 1.6167e-05 0.00310824 0.00225006 1.20156e-05 0.00106823 0.288578 
0.00269038 0.090907 0.00600338 0.00199214 0.013756 0.0588997 0.000995526 0.0109076 0.000226811 8.6092e-05 0.000203518 0.00752635 0.00944867 0.0230731 0.000476955 0.00151175 3.5175e-05 0.0759632 4.99276e-05 0.0137636 0.0355655 0.000131569 0.529509 0.116277 
7.03108e-05 4.7507e-05 1.80801e-07 0.0811351 1.14371e-05 2.81094e-06 1.78249e-05 0.00770954 2.46798e-06 0.000113516 9.27023e-10 2.78659e-06 0.00734836 4.46389e-06 0.23593 2.79927e-06 5.82744e-10 7.95383e-10 5.8225e-09 0.00484309 4.92127e-06 4.32737e-09 0.662752 3.80915e-07 
1.63579e-10 8.53511e-11 2.20746e-10 0.00463684 6.66569e-07 6.08743e-07 2.9567e-10 1.81543e-06 3.0145e-06 3.33374e-06 1.13613e-10 2.98976e-10 3.03026e-06 2.45528e-07 4.88291e-10 2.11803e-10 7.14191e-11 9.74793e-11 7.13586e-10 9.22762e-07 5.5054e-07 7.96053e-07 3.10598e-06 0.995345 
8.0831e-05 0.00308419 0.00477997 0.00194069 0.944927 0.000131132 2.31053e-05 3.204e-05 1.30009e-09 1.7071e-06 8.95417e-07 1.28955e-09 0.0142818 0.00660477 2.10611e-09 0.0013898 3.08047e-10 4.46648e-05 3.07786e-09 0.000429541 0.00215946 3.16555e-06 0.00782197 0.0122636 
4.93597e-05 0.00142528 0.000684696 0.000367624 0.0555781 0.00667708 0.000646108 0.000618232 3.82619e-05 0.000612363 0.00231621 1.8772e-10 0.00362061 0.00145354 2.37109e-08 1.32986e-10 4.48425e-11 0.527486 4.72342e-09 0.0306208 4.54606e-07 0.000643753 0.00214082 0.36502 
0.000375394 0.144358 8.29681e-05 9.51235e-06 0.00886006 0.153001 0.00535035 2.10292e-05 0.00121734 0.0014447 1.35839e-06 8.69015e-08 0.0132458 0.0239314 1.41929e-07 2.07017e-05 2.0759e-08 0.0115887 0.000204489 0.00514396 0.0738096 6.37958e-05 0.00153432 0.555735 
0.000124295 0.000233331 1.08682e-06 8.22665e-05 8.98052e-05 0.00178403 0.00070005 8.16264e-05 1.48401e-06 8.7767e-07 1.05638e-05 1.92952e-05 3.80593e-05 1.09794e-06 7.85363e-05 6.30252e-05 3.51625e-07 0.00460498 3.51327e-06 0.000910228 0.000150178 0.000109365 0.0143397 0.976572 
2.45166e-07 0.0792654 0.00616256 1.79744e-06 2.13733e-06 0.00955091 0.00219645 0.000781009 0.509081 1.988e-06 0.00294269 0.0244505 0.0108621 8.61767e-07 4.45019e-07 0.0037284 3.96982e-11 0.00254795 3.96645e-10 0.0329675 3.84895e-07 6.81316e-07 0.153235 0.162221 
1.25669e-05 0.00226036 0.0630844 1.05592e-06 1.53918e-06 0.0396923 8.40128e-10 4.42679e-06 1.16747e-06 5.06529e-10 3.22824e-10 1.38921e-06 1.21623e-06 8.42257e-06 1.60493e-06 6.01826e-10 2.02933e-10 5.0324e-07 2.02761e-09 0.00375976 0.00154143 1.50695e-09 0.00994003 0.879688 
0.000118434 0.00594134 0.0105247 0.0136283 0.0167042 0.0474334 0.00215908 0.00549547 0.000681227 0.000569781 0.000555029 0.00118153 9.09773e-05 0.000884366 0.000160582 0.000434454 2.35085e-05 0.558332 3.03019e-05 0.0462291 0.00160316 0.000878896 0.0819012 0.204438 
5.53907e-05 0.00717578 0.000174824 1.66746e-06 9.92094e-05 0.00318684 0.00721067 0.0201246 7.51119e-08 0.000137313 9.03796e-05 6.92855e-07 0.234632 0.201428 0.000177033 3.28468e-07 2.57839e-11 0.500356 2.57621e-10 0.00283247 0.000471124 2.72618e-08 0.0154374 0.00640766 
0.000276779 0.0018675 0.00013563 0.000176435 0.00389277 0.0157785 0.000743957 0.00214395 0.000374449 0.0131053 0.000266588 3.6924e-06 0.0135268 0.00211729 0.000671807 0.00305116 6.85769e-09 0.0731662 1.35867e-06 0.0243752 0.00196907 2.88079e-06 0.0171566 0.825196 
1.3857e-05 9.47292e-06 0.554361 6.83975e-07 0.00749203 3.12202e-05 1.02227e-09 1.73683e-06 1.04214e-09 6.16343e-10 2.75361e-07 1.0337e-09 8.90432e-06 7.7103e-10 1.68825e-09 7.323e-10 2.46929e-10 3.37031e-10 2.46719e-09 0.0175512 0.42052 1.83366e-09 4.59267e-06 5.00771e-06 
0.00307259 0.00864359 0.00071352 3.50818e-07 0.0277085 0.0064965 0.000909801 0.437968 0.000629167 0.0119376 0.000375265 2.05918e-11 0.0196212 0.0012406 0.000294495 0.015659 4.91895e-12 0.00808897 4.91478e-11 0.178454 0.000757989 8.02597e-08 0.0564863 0.220942 
0.00345124 0.0773663 0.133646 0.00570948 0.227511 0.0525862 0.028413 1.35676e-06 0.000987112 0.0832945 2.68882e-05 0.00189056 0.0133102 0.000128015 2.69956e-07 0.0124116 1.63283e-08 0.0310194 5.30204e-07 0.00845944 0.00466973 0.0013631 0.0651611 0.248593 
0.000690362 0.00154828 0.0401554 0.00287927 0.0164596 0.0470909 0.00566457 0.00882213 0.0843587 0.00710254 0.000252484 0.00182404 0.0422259 0.000851711 4.07073e-06 0.00216799 3.04401e-06 0.0711889 1.46563e-05 0.0598397 0.00445107 3.45299e-05 0.0518886 0.550482 
0.00202122 0.0972482 1.08244e-07 1.87005e-06 0.200335 0.0244061 2.30243e-07 0.0151626 0.000864391 0.00290383 0.000589989 1.29323e-06 0.205261 1.95814e-06 7.04017e-11 3.05377e-11 1.02972e-11 0.0509521 1.02885e-10 0.158086 1.79265e-07 7.64655e-11 0.242164 2.17506e-11 
1.08664e-08 0.00271284 1.04947e-06 0.0208863 0.0126975 1.26169e-06 1.96411e-08 1.41749e-06 2.0023e-08 0.00357074 7.5472e-09 9.77244e-06 0.105752 0.000884189 3.24368e-08 0.84849 4.74431e-09 6.47547e-09 4.74029e-08 0.00239219 6.30441e-09 3.52306e-08 0.00259591 4.3474e-06 
1.63128e-08 0.000436652 2.20137e-08 8.16733e-06 0.000150248 0.0002241 2.94855e-08 0.000216104 3.00588e-08 0.000197346 1.133e-08 5.99283e-06 0.000337546 0.000177935 0.000121785 0.000316851 7.12223e-09 0.000111802 7.11619e-08 0.000460096 9.46427e-09 4.76527e-05 0.000802024 0.996386 
3.28138e-06 0.0187424 3.96794e-07 0.0115896 0.0821978 0.0251955 1.98287e-06 0.0399155 1.93178e-07 0.00721031 0.000292939 3.92975e-10 0.0143261 0.0227567 2.30637e-06 0.0512307 9.38737e-11 0.038443 9.37941e-10 0.383885 0.0138933 3.07056e-08 0.156632 0.133681 
0.000118434 0.00594134 0.0105247 0.0136283 0.0167042 0.0474334 0.00215908 0.00549547 0.000681227 0.000569781 0.000555029 0.00118153 9.09773e-05 0.000884366 0.000160582 0.000434454 2.35085e-05 0.558332 3.03019e-05 0.0462291 0.00160316 0.000878896 0.0819012 0.204438 
6.02876e-05 0.00640452 0.00130661 0.00439881 0.028564 0.0017405 0.00551134 0.00155944 0.00573353 0.000537762 0.00043 0.000474753 1.46658e-06 4.52105e-05 3.87171e-08 0.00183379 2.45954e-08 0.318288 2.10509e-07 0.0298672 4.68388e-05 0.00148054 0.0833565 0.508359 
7.13632e-07 0.159038 0.002694 0.000999829 0.00336345 0.00111075 1.28989e-06 3.13031e-07 1.31497e-06 0.00176131 4.95648e-07 0.000268514 0.00384743 9.72884e-07 2.13022e-06 0.0284906 3.11574e-07 0.00820304 3.1131e-06 0.000170144 0.00574704 2.3137e-06 0.054746 0.729547 
2.92333e-10 0.490105 3.94495e-10 0.0433095 0.0626014 0.00381017 0.00143491 3.66405e-07 1.1955e-07 0.00415427 2.03038e-10 5.343e-10 0.0153845 0.366606 0.000220163 7.64976e-07 1.27633e-10 0.00138154 1.27525e-09 0.00119441 0.000125481 0.00128593 0.00838495 6.42707e-07 
2.78803e-05 0.00795472 3.55232e-07 0.201942 0.0101707 0.0513987 0.000118022 0.0436179 0.000179245 4.10895e-05 0.000129897 0.00331083 0.0564751 0.00318871 8.24772e-06 1.27776e-06 5.02835e-10 0.0449205 6.62246e-06 0.388879 0.0351933 7.65896e-07 0.132397 0.0200378 
0.0173698 0.0529118 0.00235325 0.104574 0.046686 0.0120847 9.2864e-05 0.019308 0.00183626 0.0082786 2.57994e-08 6.78919e-08 0.00646996 0.0892624 0.0089563 0.077928 1.6218e-08 0.043783 1.62042e-07 0.0029365 0.00352718 0.000234774 0.0457316 0.455675 
8.21958e-05 0.132645 0.00127866 0.0330799 0.0119012 0.0232096 0.011174 0.00788737 0.000428884 0.024721 0.000169099 0.0100706 0.0978934 0.0630779 0.00101106 0.00724179 3.56781e-06 0.173559 0.00741277 0.0374302 1.00597e-05 0.0178928 0.327115 0.0107043 
0.000610318 0.0550732 0.00162225 0.118308 0.0274364 0.0974027 8.67765e-09 0.0263013 4.62029e-06 7.40228e-07 1.50293e-07 3.05708e-06 0.0133235 0.0746456 3.05111e-06 0.00567382 2.09609e-09 0.00602812 2.09431e-08 0.491554 0.0127284 1.55652e-08 0.0679575 0.00132268 
2.8893e-11 0.115273 0.00573099 0.00543034 0.492327 0.00352368 5.22242e-11 3.6882e-07 5.32397e-11 1.03938e-07 2.00675e-11 1.32073e-07 0.0548426 0.00173101 0.0126508 3.74108e-11 1.26148e-11 7.50713e-07 1.26041e-10 0.250094 1.69306e-09 4.69315e-08 0.0570139 0.00138173 
0.00310413 0.00796022 0.0280031 6.05959e-06 0.0793913 0.074846 5.5795e-07 0.0795225 3.34476e-07 0.00792922 0.000207852 0.0103689 0.00275225 0.00841579 3.48662e-05 5.01676e-05 1.10874e-07 0.194815 1.13683e-06 0.00989977 0.00304695 2.17554e-05 0.417082 0.0725406 
3.28814e-08 0.013185 0.0387998 0.00419596 3.76932e-05 0.0137525 1.43953e-05 3.67193e-06 4.11195e-05 1.01956e-05 2.28375e-08 1.20131e-05 1.77576e-05 5.73569e-06 9.81523e-08 0.0421758 1.43561e-08 2.02868e-05 1.43439e-07 0.0110593 0.0143365 1.06606e-07 0.024507 0.837825 
0.00506572 2.72935e-09 0.000968425 0.0080681 0.266767 9.91705e-06 1.42251e-05 2.29451e-09 9.63874e-09 5.37687e-05 3.6331e-09 9.56061e-09 0.000183028 1.52522e-05 1.56145e-08 6.75049e-07 2.28383e-09 0.0399559 2.2819e-08 1.30773e-05 3.03484e-09 1.69594e-08 0.00265788 0.676227 
0.000474325 0.000532645 0.858554 0.00913467 0.00269194 0.0930164 2.61256e-06 0.0146394 2.91329e-07 1.3833e-07 6.57912e-08 0.000102664 0.00243495 0.000825295 5.54237e-05 1.44649e-06 7.80273e-11 1.06499e-10 7.79611e-10 0.00271117 0.00698772 8.14239e-08 0.00491335 0.00292155 
0.00137901 0.00934582 2.50262e-07 6.30717e-07 5.11547e-07 0.00427838 0.00526166 9.95117e-11 6.59239e-07 2.47229e-10 0.000537414 0.00384491 0.0208579 1.11959e-06 2.97143e-07 0.000826952 9.90484e-11 0.00244748 9.89645e-10 0.0138372 3.57382e-07 7.35519e-10 0.0349996 0.90238 
0.241037 0.0150883 2.22617e-06 5.23992e-06 0.000578843 0.0338631 5.32161e-06 0.070433 3.8473e-10 0.0377474 4.36495e-08 3.85427e-08 0.0096055 9.96532e-07 6.23253e-10 1.62477e-07 9.11591e-11 0.369867 9.10818e-10 0.125637 2.56819e-06 6.76934e-10 0.0961247 7.12641e-07 
4.37416e-05 0.00491457 3.82958e-05 0.000788528 0.00045357 0.00150539 0.000908318 0.0274031 0.747761 0.000132168 6.92223e-05 0.0005051 0.00424103 0.000677031 1.3715e-05 0.000228654 8.8031e-06 0.025613 2.72342e-05 0.00077611 0.000627616 0.000149626 0.000382631 0.182731 
0.00105978 0.0189753 0.00294485 0.00428829 0.0343604 0.110028 0.00233272 0.0591856 0.00243828 0.0269951 9.18615e-05 5.56346e-06 0.0220345 0.0645724 1.06718e-06 0.00021748 1.57157e-09 0.435153 7.73502e-06 0.0361009 0.0054163 3.6986e-05 0.17037 0.00338439 
8.20721e-10 0.129058 1.09657e-05 1.06751e-05 3.83202e-06 2.31923e-05 1.18825e-06 9.3605e-06 8.7261e-05 9.84741e-07 5.70596e-07 6.30166e-06 0.0291406 0.0175311 1.27419e-05 1.06267e-09 3.58329e-10 3.76641e-06 3.58025e-09 0.00121837 4.28592e-06 2.6609e-09 0.737513 0.0853634 
6.93359e-08 0.417243 0.000158242 0.499157 3.8597e-06 0.000662296 1.82032e-07 0.0180417 9.7598e-06 0.000767321 8.05449e-09 3.82204e-06 0.0227918 0.012368 3.18835e-07 0.000111156 2.13908e-11 0.00251937 2.57409e-07 0.0174137 0.000435088 1.58845e-10 0.0078209 0.000492284 
0.0105523 2.46997e-05 0.0714784 8.25402e-06 5.27582e-06 0.193161 0.132074 1.09016e-05 0.04887 8.9695e-09 2.34546e-06 1.50431e-08 3.63236e-06 3.35945e-05 2.45686e-08 2.18202e-05 3.59349e-09 1.20499e-05 3.87493e-05 2.97098e-06 1.12429e-05 2.66848e-08 0.494043 0.049645 
5.41643e-06 3.9266e-05 8.49822e-10 2.62552e-06 0.999751 1.00447e-06 1.13826e-09 1.58837e-05 1.1604e-09 6.86281e-10 1.79372e-06 1.15099e-09 3.46107e-05 8.58521e-10 1.87981e-09 7.88501e-05 2.74948e-10 3.75274e-10 2.74715e-09 5.30903e-05 1.05227e-05 2.04172e-09 2.62064e-06 3.77557e-06 
2.45166e-07 0.0792654 0.00616256 1.79744e-06 2.13733e-06 0.00955091 0.00219645 0.000781009 0.509081 1.988e-06 0.00294269 0.0244505 0.0108621 8.61767e-07 4.45019e-07 0.0037284 3.96982e-11 0.00254795 3.96645e-10 0.0329675 3.84895e-07 6.81316e-07 0.153235 0.162221 
8.22133e-07 0.00146506 1.10945e-06 0.0897116 0.0262288 0.00555995 0.010749 0.680121 0.00191837 0.0186233 5.71007e-07 0.00196762 0.000526976 0.0013842 0.000567334 0.000696063 3.58946e-07 0.000457833 3.58641e-06 0.00043569 0.016359 0.00211061 0.133899 0.00721234 
0.00160079 0.00312044 0.000202942 0.00139234 8.3062e-05 0.0625513 0.000208157 3.72831e-06 6.71623e-05 3.04947e-05 1.83794e-05 0.000605771 0.000473278 0.0204694 0.00118963 0.00052952 1.25675e-08 5.9876e-05 1.25568e-07 0.0113703 0.000164824 5.53237e-05 0.610348 0.285455 
0.241037 0.0150883 2.22617e-06 5.23992e-06 0.000578843 0.0338631 5.32161e-06 0.070433 3.8473e-10 0.0377474 4.36495e-08 3.85427e-08 0.0096055 9.96532e-07 6.23253e-10 1.62477e-07 9.11591e-11 0.369867 9.10818e-10 0.125637 2.56819e-06 6.76934e-10 0.0961247 7.12641e-07 
0.00112742 0.0453503 2.47287e-06 0.00097779 0.0204962 0.00763747 2.08893e-06 0.00404212 0.00841508 8.77027e-07 3.49289e-05 2.21158e-05 0.00037828 0.00585215 7.96249e-09 0.0138555 1.16462e-09 0.00808538 1.16363e-08 0.00328347 0.0244191 3.58441e-06 0.0167242 0.839289 
1.76535e-10 0.0729026 0.00814199 1.50927e-06 0.0409145 0.0819288 0.00953341 1.53683e-06 0.000366374 0.0393577 0.000104428 2.46587e-06 0.0688986 6.95893e-07 4.99351e-07 6.49345e-07 7.70755e-11 0.104297 7.70101e-10 0.0732709 1.97953e-06 6.77808e-07 0.437748 0.0625263 
1.11819e-06 1.03334e-05 0.000386356 0.121059 1.46533e-05 0.097177 3.36556e-06 0.0982283 0.00109283 0.00414498 4.17253e-07 2.14638e-05 0.0994312 0.0507311 2.37251e-06 8.00434e-05 8.14199e-09 0.199568 0.000406662 1.6016e-05 0.0438972 3.73021e-06 0.00306159 0.280662 
0.0174735 0.025299 0.037693 0.0242552 0.0121701 0.0519552 0.00897303 0.476627 0.000541756 0.00118102 0.0900333 0.00141022 0.0107186 0.0869299 5.53272e-05 0.0883 5.50438e-05 0.00160766 7.34918e-05 0.013345 0.0158566 6.47333e-05 0.0293363 0.0060446 
0.00377548 0.0103393 7.79702e-07 6.14466e-07 0.111469 0.0620116 1.76726e-06 1.98212e-07 0.000158764 0.00567479 5.14416e-11 1.3537e-10 9.08646e-07 2.02045e-07 7.07705e-07 9.59002e-11 3.23372e-11 0.0424206 1.29272e-06 0.13445 4.77018e-07 2.40371e-07 3.56663e-06 0.62969 
2.45166e-07 0.0792654 0.00616256 1.79744e-06 2.13733e-06 0.00955091 0.00219645 0.000781009 0.509081 1.988e-06 0.00294269 0.0244505 0.0108621 8.61767e-07 4.45019e-07 0.0037284 3.96982e-11 0.00254795 3.96645e-10 0.0329675 3.84895e-07 6.81316e-07 0.153235 0.162221 
0.0057861 0.0436341 0.0189779 0.00027083 0.146352 0.0594316 3.08072e-08 0.00101523 0.00914363 0.000455854 1.18378e-08 3.11516e-08 0.000390384 0.0995324 5.08772e-08 0.000378521 7.44148e-09 0.000125238 7.43517e-08 0.0101689 0.00116732 5.52593e-08 0.0148727 0.588297 
0.00403437 0.0331611 0.00634502 0.000539609 0.00145318 0.0294426 1.81541e-09 0.00219234 0.00888232 0.00770527 1.27167e-06 7.17916e-05 0.636274 0.0407038 1.98709e-07 0.0395538 4.38513e-10 0.0145255 2.63021e-07 0.073017 0.0358416 3.25634e-09 0.0372252 0.0290299 
0.00028687 0.0199455 0.771792 0.00548641 0.0306565 0.0558269 7.70643e-06 0.00878991 0.00157724 4.08541e-07 1.94396e-07 6.33648e-05 0.00146419 0.00899745 4.45487e-05 0.0206697 4.51073e-10 6.15666e-10 4.50691e-09 0.0203862 0.00420812 5.81231e-05 0.00296026 0.0467784 
1.12699e-08 0.0886044 1.72847e-06 0.0212453 0.0106297 0.109106 3.87753e-06 0.103424 2.07665e-08 0.00281657 0.000301481 2.05982e-08 0.141443 2.62998e-06 3.36413e-08 7.20509e-06 4.92048e-09 0.408778 4.91631e-08 0.0635587 9.35125e-05 4.70866e-05 0.000160822 0.049776 
0.000410682 0.0449345 0.019545 0.0326527 0.243268 0.00393045 4.06013e-05 1.56415e-12 8.23262e-09 0.0153904 3.70033e-07 1.70687e-05 0.181338 0.00261078 0.00157607 0.001088 1.55687e-12 0.00901176 0.292362 0.148618 0.000224761 1.15611e-11 0.0029372 4.25386e-05 
0.000228017 0.00381967 0.0126313 0.0518956 0.000539742 0.00680534 7.91381e-06 0.0806071 0.000152537 0.00195 3.62653e-08 8.74983e-05 0.77654 0.00140873 0.000278619 0.0043568 6.53933e-10 8.92547e-10 6.53378e-09 0.0275955 0.028117 7.96714e-08 0.00297518 3.1663e-06 
3.31036e-06 0.0540321 1.85194e-06 0.0428041 0.487848 0.00491813 5.45804e-06 8.14497e-07 0.00143581 0.0091769 1.09279e-08 2.87572e-08 0.00191311 1.81196e-05 0.00145412 0.00558901 6.86951e-09 0.0016985 6.86369e-08 0.0193675 0.0155585 4.24972e-05 0.148252 0.20588 
1.14416e-08 0.000253726 1.54401e-08 8.29979e-05 7.47885e-05 0.0584648 2.06806e-08 0.000176667 2.10828e-08 0.0002444 2.22586e-05 2.09119e-08 0.000180136 1.55981e-08 3.41536e-08 0.939715 4.99542e-09 0.000243417 5.0411e-06 0.000335813 6.63809e-09 3.70952e-08 0.000124342 7.59829e-05 
0.000531325 0.00126854 0.0140895 0.000318046 0.00102456 0.0567432 0.000120548 0.00229452 0.00131361 0.0199179 8.69989e-06 0.000127079 7.80673e-05 0.773352 2.89253e-05 7.97452e-05 1.44686e-07 0.0846644 8.6176e-05 0.000293023 0.0370976 2.68194e-05 0.00515181 0.001384 
0.00307259 0.00864359 0.00071352 3.50818e-07 0.0277085 0.0064965 0.000909801 0.437968 0.000629167 0.0119376 0.000375265 2.05918e-11 0.0196212 0.0012406 0.000294495 0.015659 4.91895e-12 0.00808897 4.91478e-11 0.178454 0.000757989 8.02597e-08 0.0564863 0.220942 
8.05508e-07 0.013587 0.00610847 1.35461e-06 0.0172458 0.000275472 2.35108e-10 2.3987e-05 7.16194e-05 1.41751e-10 0.000154779 2.37737e-10 5.33131e-08 0.917736 3.88275e-10 0.0191718 5.67905e-11 0.00265759 6.6689e-07 0.0146772 0.0020271 3.41057e-08 0.004103 0.00215729 
0.0013101 0.165767 0.0152091 0.0523532 0.0610119 0.0139256 0.0472289 0.0178814 1.02222e-05 0.000531667 0.0494832 0.0210009 0.0337356 0.002272 0.000110505 0.00268167 5.84845e-06 0.00604977 1.45188e-05 0.0649955 0.00508338 0.000290321 0.34056 0.0984886 
1.00556e-05 0.000795923 0.00606949 2.33143e-06 0.279604 0.0513186 0.00263071 0.0478958 0.0117199 0.0617123 7.70284e-06 4.0536e-05 0.396984 0.0356566 7.36492e-09 7.24137e-06 1.07722e-09 0.0263577 1.0763e-08 0.00113262 3.59219e-06 7.99926e-09 0.00490688 0.0731439 
0.00285143 0.00923036 0.093725 0.00209654 0.0117876 0.0326962 0.000144919 0.00550695 0.00909008 9.62013e-06 0.000549324 0.000149927 0.0188244 0.00901514 6.86027e-07 0.000789222 7.56165e-11 0.0931587 7.55524e-10 0.0840993 0.00450052 5.02344e-05 0.264035 0.357689 
0.00327232 0.0492388 0.00487631 0.0103385 0.0375819 0.00556496 0.0687025 0.00788335 0.000319976 0.0017574 0.58944 0.000257549 0.0183484 0.000290023 0.0038864 0.0306661 9.04161e-06 0.0090528 1.22877e-05 0.0478457 0.00660772 5.49404e-05 0.0658557 0.0381373 
1.40249e-05 0.0311121 0.0324058 1.41305e-05 1.38427e-05 2.68337e-06 3.565e-07 7.20362e-11 3.02608e-10 4.53149e-05 2.07477e-05 3.00155e-10 0.0752015 0.00128169 4.90217e-10 8.52682e-08 7.17008e-11 4.307e-07 6.30504e-06 4.70456e-07 0.598843 5.3244e-10 0.261037 4.54508e-07 
2.79512e-06 0.00219492 0.0973945 0.00055931 0.00784324 0.0105443 5.75309e-06 0.00891711 2.96038e-08 1.75082e-08 1.11584e-08 1.56496e-06 0.000755083 0.000151795 6.60728e-06 0.000185604 7.0144e-09 1.02927e-05 7.00846e-08 0.00138077 0.0968039 0.000158035 0.300969 0.472115 
0.000116265 0.000523968 1.94934e-05 1.85016e-05 0.000870533 0.037713 0.000588962 0.0776704 0.000218112 0.0130199 4.99233e-05 6.13688e-06 7.90652e-05 1.44713e-05 0.000151813 6.28359e-07 5.73224e-07 0.000456043 2.73021e-05 0.028002 0.000551501 2.43896e-06 0.051859 0.78804 
0.00033509 0.0584655 0.00284084 0.000236042 0.226155 0.00110197 0.00265615 0.0103834 7.38866e-05 0.000324544 9.33326e-07 0.0489181 0.00764196 0.000335027 8.82098e-06 0.485413 1.98863e-10 0.00179544 1.98695e-09 0.00579473 5.98486e-05 6.81068e-05 0.0104022 0.13699 
8.87409e-06 1.85286e-05 1.07056e-07 0.000766188 0.00128989 0.000165726 0.000293764 0.00148875 3.14023e-05 0.000147234 1.72237e-05 1.44995e-07 0.0459072 0.00146515 1.87681e-05 1.02719e-07 3.46364e-08 0.0592113 2.5171e-05 0.0142591 9.24626e-05 3.53496e-05 0.00442154 0.870336 
3.70204e-05 0.00225693 4.94632e-07 0.000840556 6.23826e-05 1.03577e-05 6.62517e-07 0.724232 6.75399e-07 3.99444e-07 2.54576e-07 0.014739 0.000569718 4.99695e-07 1.09413e-06 0.00109204 1.60031e-07 2.18425e-07 1.59895e-06 0.254959 0.000127806 1.18837e-06 0.00106629 3.38031e-07 
5.58219e-06 0.111472 0.000599963 0.0252281 0.0669996 0.0523965 0.00358324 0.00453766 0.00411768 0.0915384 8.44049e-06 0.00541319 0.0430847 0.00405052 7.49121e-05 0.00564535 4.25572e-08 0.0832439 4.25211e-07 0.0373741 0.00197734 2.69923e-06 0.233503 0.225142 
7.09245e-05 0.0126226 0.0234534 0.00514347 0.00274129 0.0109714 0.000265733 0.00949122 0.000104084 0.313149 1.88341e-06 2.73221e-05 0.319488 0.000140164 6.27727e-06 0.000669463 9.5032e-07 0.0828447 1.09487e-06 0.0154138 0.00452021 5.83102e-06 0.184342 0.014525 
1.635e-09 8.33029e-06 3.18809e-06 3.71336e-05 7.2238e-07 0.26206 3.77797e-06 1.7127e-05 3.01273e-09 4.89501e-07 9.19813e-08 2.98831e-09 1.21372e-05 0.169399 4.88055e-09 0.00488718 7.13846e-10 9.15954e-06 7.13241e-09 1.52179e-05 1.38575e-06 5.30092e-09 0.499542 0.0640026 
0.000516931 0.113275 8.81543e-06 0.0538907 0.0125971 1.12223e-06 7.20097e-10 0.0933739 1.53774e-06 0.0390179 1.82471e-06 7.28149e-10 0.0534294 0.482401 0.0732976 2.19511e-06 1.7394e-10 0.0456544 1.73792e-09 0.00279875 0.0226621 1.29165e-09 3.61921e-07 0.00706888 
0.00742117 0.00878877 0.0030664 0.0031947 0.000394716 0.590712 0.0145011 0.0025373 0.00182093 0.0114739 0.00242431 0.011654 0.0344405 0.0641285 0.000224285 0.000363871 5.32095e-05 0.0410534 9.35541e-05 0.00303076 0.0103662 0.000182 0.102797 0.0852768 
1.15484e-07 0.0203416 0.00837957 0.00370605 0.000268099 0.0161216 2.08738e-07 5.1543e-05 0.00235101 1.25852e-07 8.02087e-08 2.11072e-07 0.0784101 0.803827 0.00114812 0.000926127 5.04207e-08 6.88187e-08 5.03779e-07 0.0294711 0.00592279 3.74417e-07 0.018648 0.0104258 
1.452e-06 0.0165096 1.27556e-06 4.96184e-06 0.0554351 0.1463 1.38408e-07 0.0145367 0.231293 2.35978e-06 6.64438e-08 7.33145e-07 0.0573702 0.00425947 1.48233e-06 0.00358589 9.09713e-11 0.00255578 9.08942e-10 0.000303515 0.00347133 6.7554e-10 0.295595 0.168772 
8.78662e-05 0.0262821 0.00035675 0.000208065 3.86721e-05 0.00119909 0.000267466 0.00989326 0.000390618 9.97633e-07 0.000371109 0.00023944 0.00625354 0.85748 1.28413e-06 0.0271281 1.67257e-10 0.00218047 2.59599e-07 0.00140481 5.42624e-06 4.88093e-07 0.0632795 0.0029303 
0.00307259 0.00864359 0.00071352 3.50818e-07 0.0277085 0.0064965 0.000909801 0.437968 0.000629167 0.0119376 0.000375265 2.05918e-11 0.0196212 0.0012406 0.000294495 0.015659 4.91895e-12 0.00808897 4.91478e-11 0.178454 0.000757989 8.02597e-08 0.0564863 0.220942 
0.000314185 0.0882205 0.00153281 0.0523707 0.00509075 0.0342407 1.84898e-06 0.0030195 0.000103618 0.000950481 2.07063e-08 1.3856e-10 0.0496383 0.0033589 0.00158793 0.00739299 3.30991e-11 0.00174201 3.3071e-10 0.327321 0.111609 2.45789e-10 0.307809 0.00369576 
0.0163419 0.0363858 0.407666 0.0359469 0.018079 0.0190952 0.00634301 0.246078 6.68973e-05 0.00146989 0.000252028 0.00024748 0.0453532 1.99575e-06 8.98594e-08 0.000421838 2.16364e-08 0.00905763 2.94933e-08 0.0997373 0.000924921 1.2325e-05 0.0287808 0.027738 
0.007357 0.0907203 0.0212162 0.00949939 0.0699335 0.038306 0.000485402 0.00624908 0.0661181 0.000414458 0.00159268 0.00044866 0.00727438 0.00531376 0.00801105 0.0195672 0.000134491 0.0745808 0.038715 0.0606717 0.00356544 0.0636096 0.0687324 0.337483 
0.00214605 0.0150256 0.00468509 0.290788 0.0110897 0.00257762 2.74015e-07 0.00148839 2.79343e-07 0.00287394 1.05292e-07 2.77079e-07 0.000467721 0.00082529 4.52529e-07 1.96291e-07 6.61884e-08 0.000234285 6.61323e-07 0.00896016 0.0133437 4.91505e-07 0.00647626 0.639016 
6.69892e-08 0.0139972 0.00303066 0.000314483 0.00370344 0.329298 0.00743941 1.39211e-05 3.26696e-05 1.27915e-05 0.00127585 5.4516e-05 0.0541896 0.00139543 2.71993e-05 0.000242395 2.92477e-08 2.57727e-05 2.92229e-07 0.000225379 8.73364e-06 2.17189e-07 0.0538074 0.530904 
6.62277e-06 0.0165977 0.00698778 0.0059354 0.00594366 0.0017935 6.21818e-05 4.05336e-07 6.88639e-05 1.14229e-06 0.00106368 9.06637e-05 6.56654e-05 6.93199e-05 7.61271e-10 0.0867886 1.11346e-10 4.15233e-05 1.23341e-06 7.14523e-06 4.69675e-07 3.44304e-05 0.0192337 0.855206 
0.000168813 0.00872553 0.00559529 1.28171e-08 0.393791 0.0041307 0.00132018 0.0162634 1.72507e-07 0.00167576 7.16161e-05 5.80674e-07 0.0279005 1.48169e-08 4.77915e-11 0.000699047 6.99014e-12 0.0779743 6.98422e-11 0.221844 2.03417e-07 1.58387e-07 0.145089 0.0947494 
1.26435e-07 0.00238014 0.00376541 0.000971795 0.00248383 0.0128817 0.000126334 0.00209269 2.75689e-07 0.00255314 0.00022668 1.94779e-07 2.06232e-06 2.73171e-05 1.86412e-09 0.030981 2.72652e-10 3.57475e-07 2.72421e-09 2.49413e-08 3.6231e-10 2.02468e-09 0.0933941 0.848113 
0.000142129 0.00136803 0.0016034 0.0310094 0.00031697 0.00233812 1.71041e-05 0.0154387 6.35362e-05 8.3469e-05 5.68802e-05 3.63504e-08 0.0438487 0.000122551 1.90351e-05 0.000433696 8.68336e-09 0.00821159 8.676e-08 0.0589576 0.00104224 3.18018e-05 0.834683 0.000212316 
3.77144e-11 0.00542134 5.08945e-11 0.00995103 0.00714184 0.00282017 2.24699e-05 0.209137 6.94944e-11 5.94941e-07 2.61943e-11 3.61313e-08 0.499609 0.00136607 0.000242854 4.26286e-08 1.64662e-11 6.83945e-07 1.64522e-10 0.214618 2.18809e-11 1.22276e-10 0.0496677 4.33718e-07 
0.00114346 0.138002 0.0149646 3.8337e-05 0.000126256 0.0287283 1.47155e-07 0.00121451 0.0112323 0.000212031 5.65451e-08 0.000599107 0.000361981 0.0344995 2.43023e-07 0.0268224 3.55453e-08 4.85155e-08 3.55152e-07 0.0287436 4.72339e-08 4.69185e-05 0.000146253 0.713118 
0.000249269 0.0937476 0.000227846 0.00783386 0.158436 0.00515268 0.194605 0.000106968 0.000450534 0.0529434 0.00271606 2.16721e-06 0.214627 0.0199611 3.24839e-05 3.20144e-06 1.75618e-07 4.61393e-07 5.27479e-07 0.0180069 0.000395536 2.32649e-07 0.164998 0.0655021 
0.00131588 0.126521 0.000398657 0.171218 4.79039e-05 0.0238052 1.06215e-05 0.0336463 1.00903e-05 7.62715e-05 0.00175034 8.08538e-07 2.54415e-05 0.0601062 3.44906e-05 0.000193243 1.45319e-08 0.0249938 2.28088e-05 0.0193502 1.98267e-05 1.07912e-07 0.0333717 0.503081 
0.00576383 0.000546072 5.23801e-05 5.29806e-06 0.0025542 0.0105254 3.75604e-05 0.00117435 1.31236e-06 0.0124375 0.000783925 5.85637e-07 0.000795638 0.130383 1.13278e-09 0.213614 1.65684e-10 0.000661325 0.000425333 0.0126448 1.38471e-06 2.43007e-07 0.00354713 0.604045 
0.00137901 0.00934582 2.50262e-07 6.30717e-07 5.11547e-07 0.00427838 0.00526166 9.95117e-11 6.59239e-07 2.47229e-10 0.000537414 0.00384491 0.0208579 1.11959e-06 2.97143e-07 0.000826952 9.90484e-11 0.00244748 9.89645e-10 0.0138372 3.57382e-07 7.35519e-10 0.0349996 0.90238 
0.0186691 0.294591 0.000295131 0.100487 0.017011 0.0441512 0.00491981 0.00255415 0.000241181 0.0135661 1.72261e-07 0.00116921 0.012369 0.0132616 0.00151979 0.001108 9.99746e-08 0.0386508 1.39995e-05 0.0131508 0.0045229 3.72058e-07 0.375789 0.0419584 
9.92797e-05 0.0836886 0.00472045 0.448572 0.0051505 0.000279605 8.96846e-05 0.00243962 0.000268231 0.0651347 3.19065e-06 8.79262e-05 0.254093 0.0515647 0.000497002 0.0151085 2.28756e-08 0.010507 0.000194804 0.0180134 0.000815623 0.00332058 0.0345295 0.000821685 
0.00272379 0.112463 4.29854e-07 3.96553e-06 0.0159402 0.0011575 4.49064e-05 0.00449361 0.0463361 0.0332427 4.73432e-10 1.24585e-09 3.27849e-06 0.0168914 2.03474e-09 0.0406838 2.97608e-10 0.0883809 2.97356e-09 0.0775445 0.0214818 2.21e-09 0.00902948 0.529578 
0.00137901 0.00934582 2.50262e-07 6.30717e-07 5.11547e-07 0.00427838 0.00526166 9.95117e-11 6.59239e-07 2.47229e-10 0.000537414 0.00384491 0.0208579 1.11959e-06 2.97143e-07 0.000826952 9.90484e-11 0.00244748 9.89645e-10 0.0138372 3.57382e-07 7.35519e-10 0.0349996 0.90238 
0.00019069 0.142967 9.84085e-05 0.112142 0.0224745 0.0141356 0.00533077 0.00963405 0.000181152 0.000870116 5.42398e-05 0.00595518 0.00926553 0.00157516 1.08692e-05 0.000129393 4.99312e-07 0.584838 9.82612e-06 0.0548912 0.000614221 0.00074513 0.0214583 0.0124284 
7.02821e-05 0.000140365 0.000405606 9.65112e-05 0.000196145 0.269944 2.58267e-08 0.000643048 0.000240715 2.4422e-05 0.000858852 2.61155e-08 7.49265e-05 0.0596815 4.26521e-08 9.4351e-05 6.23845e-09 3.13496e-05 6.23316e-08 0.00500213 0.111378 4.63258e-08 0.0277852 0.523332 
8.78662e-05 0.0262821 0.00035675 0.000208065 3.86721e-05 0.00119909 0.000267466 0.00989326 0.000390618 9.97633e-07 0.000371109 0.00023944 0.00625354 0.85748 1.28413e-06 0.0271281 1.67257e-10 0.00218047 2.59599e-07 0.00140481 5.42624e-06 4.88093e-07 0.0632795 0.0029303 
2.11768e-06 0.0176691 0.00016226 0.0092084 0.0116312 0.00750997 5.33688e-06 0.0159204 1.17982e-05 0.000120424 1.54188e-05 4.18971e-07 0.00125335 5.42217e-05 4.52641e-07 0.000108268 8.4065e-08 0.687224 1.43516e-07 0.0210904 1.46507e-06 8.66696e-05 0.0411084 0.186816 
1.4104e-07 0.000437645 1.9033e-07 3.91222e-05 0.000538131 0.000224611 2.54931e-07 0.000216618 6.93025e-05 0.00254805 9.55193e-05 2.57781e-07 0.000338314 0.000178483 0.000122416 0.000317686 6.15785e-08 0.000112114 6.15263e-07 0.000461101 8.18278e-08 4.81582e-05 0.0321463 0.962105 
0.000578069 0.242266 3.70194e-08 0.0562871 0.0185465 0.000520466 0.00149869 0.00478307 1.30455e-07 0.000139055 2.1621e-07 0.000149743 1.26048e-06 0.00064986 1.36932e-05 0.00701438 9.88002e-09 0.0676944 1.81266e-05 0.00078143 1.96452e-07 3.92055e-05 0.000924543 0.598094 
0.000142603 0.00158332 0.00112632 0.0143484 0.00647973 0.00418241 0.000944544 0.0268871 1.07511e-11 0.000675357 1.65126e-09 9.48939e-05 0.823911 0.000422996 3.7363e-05 0.0256771 2.54739e-12 5.205e-09 2.54523e-11 0.0851707 0.00439731 1.89166e-11 0.00390645 1.2666e-05 
0.00113876 0.497808 0.0057867 0.134339 0.0437216 0.0294073 0.0031807 0.0195147 0.0348665 0.0157281 0.0022339 0.00423407 0.0307381 0.00696579 0.000246421 0.0200942 0.000192826 0.0145254 0.00181544 0.0834038 0.00434115 0.0012669 0.0400369 0.00441425 
0.00137901 0.00934582 2.50262e-07 6.30717e-07 5.11547e-07 0.00427838 0.00526166 9.95117e-11 6.59239e-07 2.47229e-10 0.000537414 0.00384491 0.0208579 1.11959e-06 2.97143e-07 0.000826952 9.90484e-11 0.00244748 9.89645e-10 0.0138372 3.57382e-07 7.35519e-10 0.0349996 0.90238 
2.79634e-11 0.0023705 8.42177e-05 0.186668 0.0188979 0.000967793 5.0544e-11 0.00841477 4.62997e-07 0.0186528 1.94218e-11 2.31957e-08 0.569123 3.55911e-07 2.74525e-07 0.0105134 1.22089e-11 5.80117e-07 7.44962e-07 0.115245 0.00136943 1.22274e-07 0.0674415 0.000248037 
8.99896e-10 9.34436e-06 1.21439e-09 1.12919e-07 2.82673e-06 0.00302414 3.25476e-06 4.14511e-06 1.65819e-09 1.12789e-05 6.25017e-10 1.64475e-09 9.78891e-06 1.71766e-05 2.68623e-09 1.16519e-09 3.92897e-10 1.07306e-06 3.92564e-09 0.00353534 5.22096e-10 2.62876e-06 1.93772e-05 0.99336 
2.45166e-07 0.0792654 0.00616256 1.79744e-06 2.13733e-06 0.00955091 0.00219645 0.000781009 0.509081 1.988e-06 0.00294269 0.0244505 0.0108621 8.61767e-07 4.45019e-07 0.0037284 3.96982e-11 0.00254795 3.96645e-10 0.0329675 3.84895e-07 6.81316e-07 0.153235 0.162221 
0.000969348 1.46876e-07 0.000120828 1.84682e-08 0.000664708 4.97686e-06 0.000155912 0.662175 0.000629279 0.00110165 6.41209e-06 3.22589e-11 0.0113929 0.000211687 1.50408e-07 2.14909e-07 7.70598e-12 0.00196393 7.69945e-11 0.111741 9.11174e-08 1.3006e-07 0.0913779 0.117483 
