0.000606794 0.000132572 6.45672e-07 0.0984723 0.00448833 0.000938059 5.82202e-05 0.0300826 0.000551274 0.00178764 0.00173393 0.000571659 0.0177575 0.00125939 8.93323e-06 1.74693e-07 1.45047e-05 0.432796 8.95536e-08 0.0212378 0.000573415 2.91657e-05 0.145925 0.240975 
0.000135533 0.0114511 1.05371e-07 0.104645 0.0249036 0.0218738 0.00270913 0.0771211 0.0131375 0.00417729 4.95743e-06 1.57802e-08 0.028839 0.000622932 2.36794e-05 9.07516e-08 0.0250824 0.345963 2.96668e-11 0.285512 0.000334048 6.21242e-07 0.0533078 0.000154715 
3.48671e-05 0.00821817 0.000133222 0.000580202 0.0113496 0.00253763 0.000292625 0.0127592 0.00147594 0.000723008 4.44288e-05 1.71072e-05 0.00153514 0.000808348 4.03384e-07 4.08747e-06 0.000393864 0.850898 3.76484e-08 0.044594 2.96092e-05 0.000163242 0.0138482 0.0495593 
0.000356199 0.00264728 1.06604e-05 0.0022448 0.0540458 0.00579594 0.00226302 0.00226215 3.66026e-09 0.00525797 6.03783e-07 9.39667e-09 0.0724393 0.000657326 6.5402e-08 3.44395e-13 0.000141801 0.466694 1.1603e-12 0.366567 0.00121861 6.30608e-09 0.0173186 7.88252e-05 
0.00021311 0.0911171 0.000710926 0.161679 0.0327502 0.0273025 0.0105825 0.0717668 0.00413248 0.0053443 0.00135388 0.00506155 0.0207663 0.00365412 0.0010939 0.0193621 0.0316633 0.252679 5.82724e-07 0.216205 0.00126669 6.71007e-06 0.029131 0.0121576 
4.95299e-10 0.0019702 0.0561654 2.06479e-10 0.000289218 0.000215905 0.00375359 1.32565e-06 7.05178e-06 5.39765e-10 2.52325e-05 9.85814e-08 0.0100751 6.75233e-10 1.47849e-09 0.000848542 1.27464e-07 0.799081 2.16065e-09 1.09137e-10 0.0953319 1.60583e-09 0.0198892 0.0123457 
3.01923e-05 0.000885584 7.03362e-05 0.00326607 0.00355595 0.0543358 0.000104311 0.0219334 6.57969e-05 0.000645823 3.67979e-05 1.80641e-05 0.00114604 0.00223085 9.15768e-05 5.1873e-05 2.72055e-05 0.823281 2.87762e-06 0.0692088 6.29462e-06 1.26218e-05 0.00356709 0.015426 
0.0103528 2.14415e-07 2.58218e-07 0.125454 2.33469e-07 4.73071e-06 0.000501756 0.043742 1.24233e-07 0.00257553 1.51005e-11 4.96756e-07 0.00232079 0.0337061 0.228675 2.84355e-07 1.69924e-07 0.317228 9.4844e-11 0.0577532 0.172326 4.23642e-08 0.00535804 2.00507e-11 
0.000100247 0.0371277 0.000916298 0.0800128 0.0248697 0.00640181 0.00054991 0.0713142 3.71119e-05 0.0381209 6.54957e-05 0.000885619 0.147951 0.00144888 1.07865e-06 0.00745084 0.00391007 0.468755 8.83321e-05 0.0375068 0.021137 6.82262e-06 0.0501054 0.00123742 
4.95299e-10 0.0019702 0.0561654 2.06479e-10 0.000289218 0.000215905 0.00375359 1.32565e-06 7.05178e-06 5.39765e-10 2.52325e-05 9.85814e-08 0.0100751 6.75233e-10 1.47849e-09 0.000848542 1.27464e-07 0.799081 2.16065e-09 1.09137e-10 0.0953319 1.60583e-09 0.0198892 0.0123457 
0.000534852 0.0262689 0.000957404 0.0194892 0.201597 0.00335255 0.0117829 0.0228858 0.000225073 0.000316417 0.0339695 0.00773394 0.163122 0.000144808 0.00722005 3.23621e-05 0.0109896 0.250145 3.39225e-12 0.107918 0.000288934 1.54263e-05 0.130665 0.000344928 
0.000298356 2.66502e-09 1.9499e-09 0.0404898 0.00230771 0.000133552 4.08292e-09 0.012659 1.54483e-08 0.00046279 1.45582e-09 8.59146e-09 4.18553e-09 9.5775e-05 5.84328e-07 2.63472e-13 6.57516e-10 0.929127 8.9654e-11 0.00991253 1.18056e-13 1.96416e-05 0.00400681 0.000486075 
0.000114529 0.00542703 0.000344412 0.113912 0.0216224 0.01003 0.000795009 0.28495 0.000464292 0.000484292 0.000130359 0.0036617 0.0368832 0.00366465 1.79943e-07 2.74419e-05 6.44732e-05 0.293275 9.33153e-07 0.149796 0.00136816 2.48945e-05 0.0724847 0.000474169 
0.241037 0.0150883 2.22617e-06 5.23992e-06 0.000578843 0.0338631 5.32161e-06 0.070433 3.8473e-10 0.0377474 4.36495e-08 3.85427e-08 0.0096055 9.96532e-07 6.23253e-10 1.62477e-07 9.11591e-11 0.369867 9.10818e-10 0.125637 2.56819e-06 6.76934e-10 0.0961247 7.12641e-07 
0.00902723 0.0648051 0.00390665 0.181232 0.019383 0.159243 0.00303635 0.0305081 0.000113034 0.00934038 0.00113196 0.00037637 0.0105566 0.00426872 0.00103892 0.00205588 0.00655004 0.195438 1.19639e-05 0.140851 0.0189289 2.00259e-07 0.120058 0.0181393 
0.00336008 0.145268 0.000675873 0.0284117 0.0230196 0.0292992 0.000272266 0.0248675 0.000337918 0.00625778 4.16277e-05 0.000115335 0.117311 0.00225514 2.06264e-07 0.0899962 5.14369e-05 0.20485 2.97492e-07 0.192403 0.0341652 2.74752e-06 0.0952004 0.00183766 
6.26334e-08 0.0633189 0.0167595 0.0879288 0.107553 0.0106146 0.000229416 0.0309658 1.62939e-07 0.000597377 0.00308379 3.13846e-05 0.217149 0.00213394 1.56465e-06 0.000660515 0.000342477 0.301246 4.87078e-07 0.0216661 0.0281341 3.07376e-05 0.0857791 0.0217721 
0.00776459 0.0538556 0.00341261 0.0151571 0.0186679 0.0548205 5.54298e-05 2.72302e-05 0.0003328 0.0593915 0.000264802 4.71562e-07 0.00113827 0.0267603 6.37603e-06 0.0154175 4.96813e-06 0.389934 0.000112174 0.011078 0.0175706 0.000154172 0.0775571 0.246516 
0.000179349 0.00494213 0.00142271 0.0888829 0.0212441 0.0447568 0.000110732 0.00772764 1.09681e-06 0.00175947 9.20759e-07 5.92385e-06 0.0474714 0.0811077 1.0361e-05 0.00256957 0.0012582 0.43046 7.6391e-07 0.183782 0.0595898 6.49269e-06 0.0221985 0.000511326 
0.0134661 0.0430512 0.00274036 0.0324018 0.0601503 0.0537356 0.000227682 0.0231298 0.0077973 0.00607197 5.47714e-05 0.0411252 0.0705401 0.000757102 4.32849e-05 0.000452292 9.78399e-05 0.357934 1.5007e-06 0.134802 0.0462448 0.00193927 0.102524 0.000711711 
0.000205903 0.0899605 0.000786243 0.072821 0.0581363 0.0149998 0.00186962 0.0731716 6.09177e-05 0.0105164 0.000109605 5.66465e-08 0.0473096 0.00324544 6.75644e-05 0.122384 0.000310122 0.298933 1.60535e-07 0.178462 0.00186757 4.75572e-06 0.0225047 0.00227258 
0.0267952 0.0184562 0.0306928 0.0909665 0.0862391 0.0541828 0.0017876 0.0873234 0.0004562 0.0484637 5.30426e-05 0.00141119 0.0636941 0.00948783 0.00636978 0.0039923 0.00689276 0.222815 2.01609e-06 0.0875427 0.0159116 8.26746e-06 0.124668 0.0117877 
0.000273639 0.0211001 0.173444 0.128459 0.0447636 0.060484 0.000223013 0.073285 0.000411525 0.00144718 5.20565e-06 0.000323606 0.0425281 0.0023416 2.52591e-05 0.000769517 2.59266e-05 0.30399 1.47837e-07 0.0993357 0.00435457 1.41636e-06 0.0232497 0.019158 
0.0271835 0.0667428 0.0105773 0.034907 0.0731182 0.0143586 0.00319768 0.0227551 0.000992706 0.00951291 0.00461746 0.00202242 0.0798915 0.0015661 0.00206352 0.00120312 0.00738394 0.239308 0.00961272 0.23449 0.00384015 1.62218e-05 0.115533 0.0351051 
0.00838734 0.0867938 0.000147787 0.00376476 0.171221 0.0646488 0.0169529 0.00295223 0.00165975 0.00118428 0.00148703 0.00144031 0.00321954 0.00485619 0.0083317 6.39216e-06 0.0077214 0.35672 1.67461e-09 0.0669896 0.000276629 3.07252e-08 0.0197092 0.171529 
0.00293131 0.0241584 0.00121173 0.0415977 0.0785856 0.0175546 0.000298849 0.0273517 5.24567e-06 0.000793744 3.58424e-05 3.70836e-06 0.0277381 0.0142039 4.48614e-05 0.000192219 0.00126431 0.430605 5.27257e-07 0.2629 0.00328041 0.000239271 0.0530687 0.0119334 
0.00240034 0.0037512 0.000172488 0.0760459 0.0288271 0.00504179 0.00822017 0.290834 0.000317998 0.000123987 0.000124218 0.0100133 0.0125142 0.000399042 8.00236e-06 0.000281604 0.0310288 0.403232 2.98545e-10 0.119296 0.000440603 5.53639e-07 0.00620012 0.000726703 
0.000164595 0.00196351 5.20498e-05 0.0154801 0.0788962 0.00103579 0.000113666 0.0277316 2.08368e-05 0.00123621 4.73156e-06 0.000192886 0.0276739 0.00031748 9.94852e-08 1.17208e-07 1.1812e-05 0.504038 1.68373e-10 0.253289 5.91629e-06 3.28789e-06 0.0876225 0.000144861 
0.000156615 0.0253935 3.30437e-09 0.0112479 0.0241969 0.000561079 0.000980422 0.19309 0.00181234 0.000101053 0.00036478 0.000959131 0.00338361 0.00026892 8.39936e-06 2.39231e-09 2.80353e-05 0.634612 2.52101e-12 0.0771787 6.77335e-05 0.000197552 0.0200769 0.0053152 
6.46474e-05 0.0247527 0.000162667 0.0763987 0.0536608 0.033257 0.001493 0.0032107 0.000478675 0.000306145 1.50071e-05 1.84994e-07 0.0153695 0.000773078 2.06691e-08 0.00155943 0.00011988 0.40619 2.76915e-08 0.313954 0.0137364 4.45451e-05 0.0496894 0.00476283 
0.000648795 0.016474 0.00856243 0.0395787 0.0120771 0.0166621 0.0151976 0.0679759 0.00112754 0.119876 0.0789279 0.000968204 0.0530658 0.00217089 0.000538533 6.48518e-07 0.0019296 0.437143 3.21342e-07 0.0153628 0.00100578 0.000374679 0.0233465 0.0869849 
0.000100247 0.0371277 0.000916298 0.0800128 0.0248697 0.00640181 0.00054991 0.0713142 3.71119e-05 0.0381209 6.54957e-05 0.000885619 0.147951 0.00144888 1.07865e-06 0.00745084 0.00391007 0.468755 8.83321e-05 0.0375068 0.021137 6.82262e-06 0.0501054 0.00123742 
0.00525581 0.0253724 0.0262892 0.0323687 0.0706069 0.00500467 0.000733929 0.0264253 0.00120807 0.0405105 1.78715e-05 3.70643e-05 0.138807 0.00267072 3.03534e-05 0.00017758 0.00230889 0.429184 2.99562e-07 0.0930815 0.00239725 0.00617444 0.0827816 0.00855627 
0.00319488 0.0189663 0.0202758 0.0602203 0.0222099 0.134806 0.000387634 0.040209 0.000206981 0.00681908 0.000188823 0.0118441 0.0300019 0.00232512 1.17956e-05 0.000591768 0.00226792 0.239069 4.06827e-05 0.0541766 0.0289853 6.8535e-06 0.174641 0.148553 
0.00118661 0.00507137 0.000551081 0.00653924 0.0360788 0.0478178 0.0243586 0.0765636 0.00295033 0.0098978 0.000237637 0.00443806 0.0679722 0.00169905 3.55629e-08 2.40328e-08 0.00595594 0.481603 3.26313e-09 0.200172 0.0160547 4.21239e-06 0.00698977 0.00385808 
0.000327423 0.0747696 0.000973223 0.103332 0.0332292 0.00671863 0.000141967 0.00304717 1.30193e-05 0.00409495 0.000311933 1.49345e-07 0.0178267 0.00812006 1.45566e-05 8.45968e-05 0.00321128 0.338492 0.00018118 0.067092 0.00409501 0.210956 0.0722285 0.0507384 
6.76852e-08 0.00294226 0.000420816 0.014948 0.00941342 0.00939941 0.0003192 0.0436845 6.44403e-09 0.00100095 2.93417e-05 9.2657e-08 0.0353789 0.00252138 4.50009e-08 1.49004e-08 0.00116781 0.432901 4.30851e-12 0.1712 6.37538e-05 1.80607e-06 0.273197 0.00141043 
0.0831885 0.0288065 0.000918497 0.0455853 0.182458 0.0127744 0.0120753 0.00816114 0.000400961 0.0199281 0.0121045 0.00193018 0.0223912 0.00111029 5.46475e-05 2.97443e-09 0.00046512 0.491699 3.22374e-06 0.0314707 0.0038226 4.15826e-05 0.0148337 0.0257763 
0.052828 0.0115572 0.00172575 0.1248 0.00986388 0.0598826 0.00533325 0.201408 0.000645489 0.00602762 0.000201132 0.00461648 0.0714856 0.0011354 3.64019e-05 0.000491129 0.00193524 0.244381 4.11651e-09 0.0862598 0.00524831 5.1002e-05 0.100836 0.00925042 
0.00375919 0.0455827 0.0886834 0.00405569 0.117974 0.144605 0.00737624 0.00114335 2.50724e-06 0.040026 0.000207896 0.022731 0.0441591 0.00528614 5.53392e-05 0.00216259 0.0176249 0.221047 1.07494e-10 0.0473629 0.00355369 0.000586016 0.146649 0.0353664 
0.000118434 0.00594134 0.0105247 0.0136283 0.0167042 0.0474334 0.00215908 0.00549547 0.000681227 0.000569781 0.000555029 0.00118153 9.09773e-05 0.000884366 0.000160582 0.000434454 2.35085e-05 0.558332 3.03019e-05 0.0462291 0.00160316 0.000878896 0.0819012 0.204438 
0.0629332 0.00115881 8.06829e-05 0.0263793 0.0170683 0.173956 5.67816e-08 0.00211115 4.82995e-06 0.000672716 2.13451e-05 0.000825953 5.82015e-08 1.95264e-05 1.13571e-07 3.32313e-08 0.00379337 0.676002 4.15041e-07 0.0226188 0.00350957 0.000112706 0.00380164 0.00492948 
0.0139185 0.0172749 0.00559412 0.0568399 0.247071 0.00849227 5.43375e-05 0.00739474 3.73309e-09 0.0233268 4.63246e-05 2.1222e-11 0.0488376 0.00119936 3.6475e-06 3.52115e-08 3.8648e-06 0.426892 5.0652e-11 0.0380547 0.0010178 6.10808e-05 0.103381 0.000534991 
0.000427046 3.52781e-06 0.170257 0.00245799 0.0271303 0.0104523 2.99745e-06 0.000553507 1.74583e-08 3.08733e-05 1.86973e-07 3.38232e-06 0.0274088 0.000251918 2.82821e-08 1.60152e-06 1.72834e-07 0.351845 4.13312e-08 0.207629 0.0207248 3.0718e-08 0.167832 0.0129865 
0.0041316 0.0948556 0.0246837 0.0538568 0.0170621 0.00992026 0.00512433 0.0544207 0.00502294 6.39237e-05 0.113569 0.00561772 0.0029398 0.000959488 0.000390739 0.020413 0.00103839 0.481897 0.00174196 0.0331201 0.00252306 0.0403642 0.00909143 0.0171915 
0.0013548 0.0906594 0.0944253 0.00457045 0.0199062 0.0736376 3.03835e-05 0.0312322 4.55835e-07 7.28447e-07 7.35007e-05 8.27676e-07 0.0307454 0.00255986 2.78522e-07 0.0544662 2.64446e-05 0.297303 3.75522e-09 0.0411129 0.00195542 0.0585428 0.0376496 0.159746 
6.34811e-05 0.00171352 0.000239481 0.000972418 0.0294951 0.000626808 8.71711e-05 0.00683213 4.93414e-08 0.000187872 9.90462e-06 4.33516e-10 0.0996546 0.000289299 4.2154e-05 7.38934e-07 1.68303e-05 0.792178 1.0347e-09 0.0552052 8.5248e-06 7.63546e-05 0.011782 0.000518357 
0.00024273 0.00124829 0.000136522 0.110556 0.0364753 0.0307252 4.89193e-05 0.0338631 7.1431e-06 0.00276141 1.12621e-06 5.77267e-06 0.0749678 0.0349663 3.70777e-05 2.96777e-09 0.00111427 0.499625 4.03129e-12 0.16343 0.00597883 7.94297e-08 0.00380779 1.80591e-06 
0.00430131 0.0246693 0.00415283 0.136721 0.0161041 0.0144607 0.00303281 0.17245 0.00144289 0.00221146 0.00422082 0.00279916 0.043766 0.0140836 0.00160384 0.00237169 0.0145603 0.365117 5.99998e-07 0.0824587 0.0201091 3.15203e-05 0.0554673 0.0138637 
0.00787464 0.0044901 0.00067544 0.0279411 0.166824 0.0565425 0.000603994 0.00580008 0.00376627 0.00876974 2.94913e-06 1.48433e-06 0.0536816 0.000405751 0.00224786 0.000377772 0.000382221 0.453625 5.09344e-08 0.102698 0.0106792 8.39421e-07 0.0857268 0.00688229 
0.241037 0.0150883 2.22617e-06 5.23992e-06 0.000578843 0.0338631 5.32161e-06 0.070433 3.8473e-10 0.0377474 4.36495e-08 3.85427e-08 0.0096055 9.96532e-07 6.23253e-10 1.62477e-07 9.11591e-11 0.369867 9.10818e-10 0.125637 2.56819e-06 6.76934e-10 0.0961247 7.12641e-07 
0.000834163 0.0703074 0.000789892 0.054537 0.142864 0.0148816 0.00401044 0.15389 0.0031848 0.00135015 0.00466086 0.0120953 0.0459468 0.00212046 0.00301276 0.0103522 0.00288658 0.375775 2.32998e-09 0.0682946 0.00306551 7.22641e-06 0.0113395 0.0137937 
1.02085e-05 0.0118122 3.36942e-05 0.0231551 0.00728282 0.0491785 4.21787e-05 0.00577939 0.0630009 0.000722416 8.9212e-06 0.000539931 0.00249368 8.6425e-05 9.53851e-05 0.00294549 0.000341082 0.325783 6.97744e-08 0.005581 2.21852e-05 7.67199e-05 0.196869 0.304139 
0.000600822 0.0508176 0.000701362 0.203404 0.0312188 0.0137071 0.00143097 0.0581308 0.00212326 0.000721545 0.000150625 0.000350629 0.084769 0.0382959 0.000327014 0.000238235 0.000737484 0.318609 0.00427633 0.0755623 0.00524482 0.0240481 0.0760304 0.00850446 
0.0975422 0.0821629 0.000157086 0.0869232 0.0212877 0.0214024 0.0132461 0.120449 0.000856724 0.0004182 0.0093305 0.144758 0.0161576 0.000334077 0.00149429 8.06755e-05 0.000364386 0.190115 1.0708e-10 0.0956363 0.00216142 4.31512e-06 0.0613842 0.0337337 
0.000206115 0.0503919 0.00476782 0.0445696 0.182047 0.0181596 0.00310284 0.139151 0.00958295 0.0245228 0.00223643 0.00544592 0.0596242 0.00658211 0.000853706 0.0285025 0.0332697 0.249053 0.000119713 0.0982668 0.00275533 7.16249e-06 0.0223381 0.0144436 
0.000155383 0.00189231 0.00116516 0.00144051 0.0597528 0.00659911 0.000708317 0.000947664 5.40294e-06 0.0155558 5.25795e-06 9.02334e-05 0.011851 0.000966505 0.000152621 9.88577e-10 8.87004e-05 0.848833 6.0826e-09 0.0408589 0.000750421 4.23443e-06 0.00758862 0.000587676 
0.00352287 0.115933 0.0108916 0.0634466 0.0208526 0.0121242 0.00626166 0.0665123 0.00613826 7.80258e-05 0.111488 0.00686485 0.00359269 0.00117229 0.000476511 0.0129714 0.00126881 0.446215 0.00212671 0.0404791 0.00207259 0.0355736 0.0109788 0.018959 
0.241037 0.0150883 2.22617e-06 5.23992e-06 0.000578843 0.0338631 5.32161e-06 0.070433 3.8473e-10 0.0377474 4.36495e-08 3.85427e-08 0.0096055 9.96532e-07 6.23253e-10 1.62477e-07 9.11591e-11 0.369867 9.10818e-10 0.125637 2.56819e-06 6.76934e-10 0.0961247 7.12641e-07 
3.07061e-05 0.00449677 0.00205086 0.0144069 0.0212589 0.00268303 6.42804e-05 0.00722787 0.0013957 0.00501827 0.00358986 2.13826e-05 0.00248906 0.00108341 0.000280437 0.00143342 0.000316171 0.653278 1.66788e-06 0.0684927 5.93404e-05 0.0005244 0.00858966 0.201207 
0.000485154 0.046116 0.000777685 0.0483997 0.0719153 0.00559305 0.00137549 0.123778 0.126452 0.102916 0.000486187 0.00888877 0.105466 0.0018122 7.48446e-06 0.00309655 0.0141163 0.270777 6.33701e-05 0.0155172 0.0271039 1.27676e-05 0.0234144 0.0014297 
0.0975422 0.0821629 0.000157086 0.0869232 0.0212877 0.0214024 0.0132461 0.120449 0.000856724 0.0004182 0.0093305 0.144758 0.0161576 0.000334077 0.00149429 8.06755e-05 0.000364386 0.190115 1.0708e-10 0.0956363 0.00216142 4.31512e-06 0.0613842 0.0337337 
0.000100247 0.0371277 0.000916298 0.0800128 0.0248697 0.00640181 0.00054991 0.0713142 3.71119e-05 0.0381209 6.54957e-05 0.000885619 0.147951 0.00144888 1.07865e-06 0.00745084 0.00391007 0.468755 8.83321e-05 0.0375068 0.021137 6.82262e-06 0.0501054 0.00123742 
1.67626e-06 0.000449112 0.00111476 0.0319305 0.0211881 0.011381 0.000209899 0.0778063 0.000336158 0.000953919 5.3024e-06 0.0017867 0.0449922 0.0120932 7.2587e-08 0.00112178 0.00470671 0.517292 1.24618e-11 0.240182 0.000118274 1.39242e-06 0.0305027 0.0018267 
0.00138249 0.0331741 0.000985507 0.117988 0.0256108 0.0256242 0.000800731 0.250955 0.000305881 0.0099707 5.49355e-05 0.0022154 0.0299932 0.00141718 1.01786e-05 0.00763073 0.00217089 0.333441 8.37601e-06 0.120733 0.0170294 1.09428e-05 0.0142306 0.00425672 
0.0005217 0.0154443 0.000254195 0.0430993 0.146766 0.00153038 0.00750923 0.0442717 0.00024829 0.00101783 0.00894515 0.00854049 0.0140777 0.000257266 0.000380094 2.9305e-05 0.000314006 0.516746 1.37743e-12 0.0848099 0.000393674 8.04834e-05 0.0979527 0.00681071 
0.000607937 0.00209231 4.62967e-05 0.170595 0.0096157 0.0274299 0.000332396 0.103659 6.59461e-06 0.196269 2.04027e-05 1.39952e-06 0.1531 0.00798683 9.03866e-08 1.20269e-07 0.016762 0.233986 1.25879e-10 0.0496781 0.000195231 1.82021e-06 0.0272622 0.000350867 
0.00539861 0.0674528 0.106151 0.049024 0.00602407 0.075623 0.00281482 0.0855622 6.32539e-05 7.08974e-05 0.0044026 0.00360952 0.0125814 0.0274856 0.000826592 5.50028e-05 0.00112483 0.219078 3.0663e-10 0.151295 0.0677911 1.54074e-06 0.105355 0.00821008 
0.000166533 0.00671715 1.11603e-06 0.0191278 0.0114635 1.16857e-07 1.48213e-06 0.133246 1.16656e-06 6.54756e-07 3.42744e-07 2.50564e-06 0.0824826 0.00277398 1.87341e-05 1.14155e-07 4.30805e-08 0.608535 1.50438e-09 0.0444211 0.00111008 1.08193e-07 0.0814226 0.00850677 
0.0041316 0.0948556 0.0246837 0.0538568 0.0170621 0.00992026 0.00512433 0.0544207 0.00502294 6.39237e-05 0.113569 0.00561772 0.0029398 0.000959488 0.000390739 0.020413 0.00103839 0.481897 0.00174196 0.0331201 0.00252306 0.0403642 0.00909143 0.0171915 
9.4074e-08 0.00154623 0.000698354 3.92173e-08 0.00385303 0.000847541 0.00130947 0.00189824 0.000884235 0.00146613 0.000503172 1.7194e-07 0.00478946 0.000859399 2.80815e-07 1.21807e-07 4.1073e-08 0.963127 4.10381e-07 0.0104453 5.45792e-08 3.05002e-07 0.00354584 0.00422518 
0.000228745 0.0059724 0.000849291 0.0249004 0.016537 0.0140289 0.000567294 0.088662 0.000165455 0.0663335 3.88782e-05 1.67893e-05 0.0626941 0.00521185 0.000437968 0.000686307 0.000266254 0.583666 2.92928e-05 0.084887 0.0025975 5.68285e-06 0.0380587 0.00315828 
0.000401144 0.0362627 0.00113432 0.0194947 0.170548 0.00874196 0.0116012 0.0390218 0.000698443 0.000350119 0.0269401 0.0100011 0.148987 0.000559371 0.00542223 0.000768193 0.0279054 0.263339 3.32764e-12 0.118387 0.00035652 1.34033e-05 0.108325 0.0007404 
0.00544167 0.0163074 0.00183311 0.0312011 0.0532829 0.172915 0.000520685 0.111227 0.00323985 0.00147639 0.000285387 0.0123454 0.0416505 0.0367648 0.00017723 0.0134394 0.0192222 0.265783 1.34006e-05 0.109348 0.0243885 1.68831e-05 0.0312857 0.0478344 
0.00180554 0.0327974 0.0086042 0.0538192 0.0115379 0.0321763 0.0002687 0.00198607 0.00524289 0.0429603 0.000275555 0.000461248 0.0153407 0.0287626 2.2646e-05 0.0276756 0.000140667 0.250198 1.11217e-05 0.0355708 0.0105777 0.135275 0.0906998 0.21379 
0.0131351 0.000555784 0.00141176 0.0165038 0.0113011 0.0228322 0.000232136 0.000330412 1.68023e-08 0.00877496 2.51055e-06 0.000144579 0.198755 0.00110286 1.31931e-08 7.35713e-12 0.00115035 0.607699 2.47869e-11 0.108007 0.00408945 7.16586e-06 0.00394992 1.50193e-05 
0.000161245 4.52558e-05 1.72405e-05 0.0023858 0.00236408 0.000960205 0.00128406 0.00987778 4.9191e-06 0.000809076 6.88644e-05 8.22052e-06 0.0270299 0.0189223 3.56845e-06 0.000182134 1.14871e-05 0.90307 1.00554e-10 0.00627102 0.000933671 1.00868e-06 0.0192065 0.00638163 
9.2198e-06 1.46661e-10 2.69349e-06 6.37677e-05 1.45426e-05 5.09609e-06 5.08057e-10 1.88027e-05 5.17936e-10 0.0433742 1.95224e-10 5.13738e-10 5.05859e-07 4.25386e-06 6.72075e-07 3.63947e-10 1.22721e-10 0.638854 1.23844e-07 2.98902e-05 1.63077e-10 2.9171e-06 0.211577 0.106042 
0.00423644 0.0445865 0.00781054 0.0116064 0.00691834 0.222769 0.00174812 0.0373858 0.000152109 5.03195e-05 0.00012869 0.00234948 0.00456253 0.000948563 6.88952e-05 6.58477e-05 0.00148192 0.278943 2.49792e-10 0.129648 0.0622872 1.67196e-05 0.150762 0.0314737 
0.000192244 0.000396282 0.00177794 9.1071e-08 0.124123 0.0452406 0.00130056 0.0446637 3.34109e-08 0.00115238 2.84452e-05 1.89393e-05 0.170223 0.00148935 0.0204739 0.00475313 2.88461e-05 0.417102 1.77831e-07 0.09095 0.00244903 1.20827e-08 0.0713544 0.00228184 
0.0203046 0.0756868 0.00529018 0.0258904 0.209576 0.0277192 0.00493649 0.0223045 0.00662375 0.00221316 0.0187265 0.00107109 0.0221144 0.0105442 0.00443612 0.00100591 0.0133496 0.26424 4.33549e-09 0.175559 0.0114999 0.000241781 0.0601517 0.0165157 
0.000562793 6.2465e-07 7.38162e-05 6.3982e-07 0.00306414 0.000229948 8.56942e-05 0.000306613 0.000126575 3.33039e-06 0.00205157 2.80607e-10 5.08415e-05 0.00915114 4.58292e-10 2.87964e-07 1.3753e-07 0.584335 1.00229e-06 0.139009 8.90735e-11 6.78802e-06 0.0643667 0.196573 
0.000153276 0.0395621 0.000157488 0.0936437 0.0457267 0.0111935 0.000148291 0.0941624 0.0007077 0.00620762 6.27777e-05 0.001758 0.0602819 0.00390464 0.00351774 0.00271922 0.00434308 0.509519 0.000143043 0.0973981 0.000269462 6.65769e-06 0.018335 0.00607832 
0.000106962 0.00745627 0.000105534 0.0109986 0.00638807 0.00344567 0.000501325 0.315574 0.00729108 0.000191905 7.79436e-05 0.00623769 0.00748747 0.00164586 8.52886e-05 0.000229698 0.000964014 0.545144 3.65371e-08 0.0614291 7.42385e-05 9.66724e-07 0.0151226 0.00944179 
0.000106962 0.00745627 0.000105534 0.0109986 0.00638807 0.00344567 0.000501325 0.315574 0.00729108 0.000191905 7.79436e-05 0.00623769 0.00748747 0.00164586 8.52886e-05 0.000229698 0.000964014 0.545144 3.65371e-08 0.0614291 7.42385e-05 9.66724e-07 0.0151226 0.00944179 
0.000371287 4.99779e-05 7.26169e-05 0.174762 0.068884 0.000578608 0.000106282 0.0815455 1.65494e-05 0.000271295 1.76426e-05 0.00106853 0.055437 0.000199334 8.51453e-06 0.00131922 0.000333863 0.272426 7.53507e-07 0.269753 0.000298091 1.70954e-05 0.0700017 0.00246086 
0.000135287 0.0325335 0.00216878 0.0498013 0.0288069 0.005386 0.00283819 0.0167335 0.016865 0.0289407 0.0493485 0.00020021 0.0338168 0.00846904 0.00134298 0.0246641 4.98361e-05 0.344412 1.39038e-06 0.160199 0.00155697 0.0316444 0.106686 0.0534 
0.0566658 0.0249929 0.0213683 0.0422986 0.0205601 0.0342769 0.00100323 0.249541 0.00568903 0.00421751 2.37687e-05 0.001097 0.0243867 0.00180062 0.000522983 0.00525497 0.198551 0.250239 0.000118547 0.0191596 0.0109271 5.26302e-06 0.024287 0.00301302 
4.29999e-05 0.025729 0.000135815 0.0158199 0.076891 0.00744579 0.000210678 0.0201763 4.98209e-05 0.0374294 0.0806388 0.000162738 0.0253562 0.000179845 0.000125511 0.000470309 0.000197108 0.3809 7.93796e-05 0.162906 0.000905307 0.00210497 0.067272 0.0947713 
0.00122928 0.0657582 0.00190966 0.0238691 0.0649271 0.0252525 0.00246185 0.0188142 6.58724e-05 0.000913558 0.00317361 0.00589497 0.0156483 0.00246409 0.000637784 6.42063e-06 0.0177766 0.537866 5.02261e-09 0.180632 0.00405774 5.91586e-05 0.0254562 0.00112546 
0.0928102 0.125108 0.00185041 0.0182886 0.093911 0.0418993 0.00891233 0.0437716 0.000808385 0.0109444 4.48127e-05 0.000208696 0.140842 0.00153989 2.20518e-05 0.0336774 0.00490134 0.217264 1.01119e-10 0.0534884 0.00515862 8.5506e-05 0.0717979 0.0326645 
0.00201206 0.0245574 0.000965502 0.0118816 0.0118887 0.0334929 0.000263378 0.0284998 4.93496e-06 0.0120833 2.39946e-06 5.1515e-07 0.0594799 0.000373332 8.63389e-05 0.0127737 0.000238637 0.602653 2.32083e-10 0.137018 0.00275011 2.47212e-05 0.0565288 0.0024218 
7.3491e-05 0.0611187 0.00246868 0.00150705 0.0288457 0.0668489 0.00274279 0.0996375 0.00963596 0.000475159 0.000197718 0.00267377 0.0281546 0.00608035 2.50595e-05 0.0620952 0.0120936 0.30561 4.07398e-09 0.167498 0.000736672 2.50547e-05 0.0215499 0.119906 
0.0322634 0.0354853 0.00649753 0.028935 0.0666235 0.0372037 0.00489746 0.141572 0.00026213 0.00782326 4.96376e-06 0.000514066 0.0207703 0.000148394 0.150673 0.00277279 0.00496423 0.168579 5.86534e-09 0.0585938 0.10211 3.34493e-06 0.076154 0.0531485 
7.31274e-05 0.00148845 1.87245e-06 0.00693162 0.0108153 0.0449835 0.00449 0.00227804 0.0172472 0.000109532 6.26876e-05 1.60638e-05 7.82486e-06 0.000620056 1.93276e-06 3.11138e-09 0.000482574 0.43509 9.55874e-08 0.00171122 1.39414e-09 1.6773e-05 0.258536 0.215036 
0.000236148 0.00331277 0.000232707 0.0122666 0.0502905 0.00515849 3.78886e-07 0.00202883 9.10911e-07 0.00130411 0.20287 0.0242702 0.0111436 1.42485e-06 6.51033e-06 5.21599e-05 0.000308745 0.551059 1.08061e-08 0.0150554 0.000245638 0.0535188 0.00963474 0.0570023 
0.0041316 0.0948556 0.0246837 0.0538568 0.0170621 0.00992026 0.00512433 0.0544207 0.00502294 6.39237e-05 0.113569 0.00561772 0.0029398 0.000959488 0.000390739 0.020413 0.00103839 0.481897 0.00174196 0.0331201 0.00252306 0.0403642 0.00909143 0.0171915 
0.000252386 0.00104215 0.00036244 0.192957 0.196871 0.00112317 2.24956e-07 0.207979 0.000111412 0.021769 1.46232e-08 4.01433e-07 0.0399955 0.000169501 7.75725e-08 0.00168132 1.30302e-06 0.323043 2.25114e-08 0.00312208 0.00156141 1.93125e-05 0.00738713 0.000550375 
0.000990538 0.00122068 0.0377879 0.00357974 0.0246993 0.0866382 0.0580181 0.263497 0.0105688 0.00380506 0.000505197 0.00384855 0.117825 0.000907907 2.3179e-06 0.000249698 0.00783624 0.287523 1.69303e-09 0.00842166 0.070615 4.15444e-08 0.0063262 0.00513493 
0.00321893 0.00236997 0.000250734 0.0057417 0.00870921 0.00150908 0.00404184 0.221481 0.000160849 3.53074e-05 7.32307e-05 0.000439513 0.00605326 0.000923439 8.66222e-06 2.36558e-06 0.0198428 0.704816 3.89028e-09 0.0151355 4.88331e-05 1.13059e-06 0.00370013 0.00143678 
1.04004e-08 0.000882272 6.55319e-09 0.0412613 1.08705e-07 5.6371e-09 0.000150274 0.0303944 5.62894e-08 3.15926e-08 1.65357e-08 0.000459684 1.26192e-07 0.000979985 1.57581e-05 5.49012e-09 2.07273e-09 0.857978 1.58078e-12 0.0582712 0.000427153 1.96533e-05 0.00814301 0.00101727 
0.00569191 0.0828504 0.00232279 0.0266842 0.0257577 0.0296423 0.100851 0.0393385 0.0246541 0.000582106 0.00215098 0.00243456 0.0460007 0.00337323 0.000101057 0.0014397 0.00586816 0.249541 3.60845e-08 0.00885812 0.0326307 6.91422e-06 0.16056 0.14866 
3.44402e-05 0.0160249 0.00013949 0.0004095 0.0304696 0.00242649 9.46681e-05 0.00401145 0.00167589 0.000163519 1.49312e-05 2.50136e-06 0.00361898 9.01941e-05 3.35414e-06 0.00130445 9.81412e-06 0.785717 1.45873e-07 0.0717621 1.35441e-05 0.0004916 0.0384063 0.0431151 
0.000401144 0.0362627 0.00113432 0.0194947 0.170548 0.00874196 0.0116012 0.0390218 0.000698443 0.000350119 0.0269401 0.0100011 0.148987 0.000559371 0.00542223 0.000768193 0.0279054 0.263339 3.32764e-12 0.118387 0.00035652 1.34033e-05 0.108325 0.0007404 
0.0155843 0.000648662 0.00045969 0.0115903 0.0122984 0.0333029 1.48692e-05 0.00882306 0.131561 0.00233472 0.000347296 2.13221e-05 0.001264 0.00400401 0.00538843 5.90877e-05 0.000128758 0.495823 6.58493e-09 0.0308889 4.39913e-05 0.00191263 0.188076 0.0554238 
3.68199e-05 0.002675 6.04042e-08 0.0315981 0.0130839 0.000921727 0.000373003 0.238145 0.000531858 0.00282322 8.52307e-07 1.75225e-05 0.00926739 5.07305e-08 1.38755e-06 1.54327e-07 1.16901e-05 0.688285 5.08184e-07 0.00307311 0.00018866 5.80578e-07 0.00896385 1.43502e-07 
0.0184715 0.0828649 0.0111336 0.0146586 0.181502 0.0941469 0.00705747 0.0126871 0.00141805 0.00145763 0.00761054 0.00378648 0.0190929 0.000498135 0.00883079 0.00107148 0.0126167 0.199563 0.00074179 0.0758252 0.00595165 7.05704e-08 0.110228 0.128785 
0.000100247 0.0371277 0.000916298 0.0800128 0.0248697 0.00640181 0.00054991 0.0713142 3.71119e-05 0.0381209 6.54957e-05 0.000885619 0.147951 0.00144888 1.07865e-06 0.00745084 0.00391007 0.468755 8.83321e-05 0.0375068 0.021137 6.82262e-06 0.0501054 0.00123742 
0.00198381 0.00821583 2.87983e-05 0.0736942 0.015628 0.142388 0.0660663 0.012029 9.82211e-05 0.0296281 2.3124e-05 0.00706879 0.0444968 0.000693952 7.60067e-05 3.39477e-07 0.074768 0.210553 7.88426e-05 0.0959359 0.019118 1.18121e-05 0.192076 0.00533954 
0.000473743 0.00045125 0.00229086 0.0163084 0.00176418 0.0430183 1.01021e-05 0.0131479 0.00245304 0.00143703 5.64115e-06 2.77617e-06 0.00412192 0.00174163 1.40685e-06 1.01228e-05 0.00149976 0.60525 7.97404e-06 0.00478064 0.000847068 2.09356e-06 0.226675 0.0736993 
0.000113012 0.00018958 0.00020996 0.00706149 0.125902 0.00124881 0.000205798 0.0101455 3.22231e-06 0.00409206 1.03855e-05 0.000279403 0.0801243 0.000809349 7.66026e-05 0.000474823 6.80886e-05 0.601776 1.4541e-10 0.145266 6.61072e-05 3.38481e-09 0.0213008 0.000576405 
5.85993e-07 2.96175e-06 4.38815e-09 1.05922e-05 6.09242e-06 0.000384605 0.00274126 1.56546e-05 3.16e-06 1.77374e-06 9.28786e-07 6.78239e-06 7.07222e-06 1.36356e-06 1.79415e-07 3.1181e-07 1.17552e-07 0.959162 1.41852e-08 1.04256e-05 7.4286e-07 3.00196e-07 0.00249943 0.0351436 
1.99332e-06 0.0495392 8.75406e-08 0.0717656 0.0343675 0.0118565 6.61986e-05 0.0435511 1.25074e-07 0.00881181 5.47424e-05 4.52821e-08 0.11523 0.00154981 2.98072e-08 0.0197487 8.54685e-08 0.422538 1.73538e-05 0.178379 0.00156714 1.31941e-08 0.0409541 2.77134e-08 
8.36216e-05 1.03107e-07 0.000543782 1.99512e-07 0.123915 0.000303916 0.000296651 0.00374838 1.9309e-05 0.00635309 2.57744e-09 0.000365334 0.363044 0.000764203 7.55335e-09 0.00284844 0.000239479 0.406447 2.45243e-12 0.0743003 1.35688e-08 1.82269e-12 0.016617 0.000109276 
0.00166686 0.000356464 0.00119432 0.0399461 0.00210178 0.00197022 0.000386576 0.0605859 3.30951e-05 0.00130575 3.1393e-05 1.13228e-05 0.0253144 0.00115457 9.13422e-06 2.25637e-05 0.00195591 0.564223 0.000423433 0.0607692 0.0363763 0.00116431 0.192146 0.0068512 
0.0688349 0.0942061 0.0136224 0.0495324 0.00553728 0.00357269 0.000581219 0.0182288 1.82532e-06 0.00013919 3.35463e-06 1.6489e-05 0.0273858 0.00215001 0.000319359 0.000103034 0.000227037 0.555701 2.71589e-09 0.0299679 0.0673764 0.0389208 0.0210862 0.00248533 
0.0943184 0.00207096 0.366239 0.00226745 0.00811847 0.0113597 4.22272e-07 0.00232589 4.52716e-08 0.000123488 2.80204e-08 1.90155e-07 0.000897128 1.57588e-06 0.000267218 1.86741e-07 8.47856e-05 0.423707 2.22722e-10 2.31461e-05 0.00216321 0.0848818 0.000433909 0.000716019 
0.000100247 0.0371277 0.000916298 0.0800128 0.0248697 0.00640181 0.00054991 0.0713142 3.71119e-05 0.0381209 6.54957e-05 0.000885619 0.147951 0.00144888 1.07865e-06 0.00745084 0.00391007 0.468755 8.83321e-05 0.0375068 0.021137 6.82262e-06 0.0501054 0.00123742 
0.00199746 0.0144448 8.24351e-07 0.0487891 0.0679684 0.00415483 1.33496e-07 0.155482 0.00128184 0.00482931 7.71877e-05 0.017787 0.0464228 0.00398405 8.42641e-05 0.0039502 0.000692096 0.357264 2.9504e-12 0.228594 0.000508472 9.65042e-09 0.0356507 0.00603704 
7.41813e-05 0.0124816 0.00133418 0.0234642 0.0107551 0.0546596 0.00093136 0.0104343 0.00018338 0.00471179 1.73224e-05 0.000137255 0.0066499 0.0179375 0.000199754 0.0025057 0.00120962 0.341561 3.59225e-09 0.0730129 0.00130687 1.73236e-05 0.154592 0.281823 
0.0350892 0.108723 7.35045e-05 0.0390839 0.0133222 0.135755 0.0161455 0.0172592 0.118389 0.0106871 0.0008496 2.11324e-08 9.31493e-07 0.013993 0.0563179 1.49708e-08 0.000479038 0.153657 7.7063e-06 0.0912722 0.00605596 5.17671e-05 0.127618 0.0551696 
0.000152928 0.00828002 0.00119161 0.10235 0.0999457 0.00492963 0.000708517 0.014281 5.04561e-05 0.00866199 5.12421e-05 0.000121555 0.00463066 0.00169448 2.98252e-05 6.64993e-08 0.000245317 0.520882 2.6584e-07 0.121684 0.000467986 5.07541e-05 0.103703 0.00588713 
0.0380351 0.0251786 0.00128184 0.171589 0.0136971 0.0258346 0.000411231 0.155072 0.00166184 0.00205541 7.51321e-05 0.000421798 0.000400353 0.00109537 0.000131778 0.0204777 0.0016258 0.375083 3.5134e-10 0.108903 0.00434576 1.20319e-05 0.0483917 0.0042197 
7.23331e-05 0.00392728 0.00017748 0.0473565 0.022758 0.000743162 0.000305178 0.0117157 3.61378e-05 0.000144004 2.29814e-05 0.000516218 0.0454466 0.00179165 4.51672e-05 3.04264e-05 0.000293958 0.439623 8.39239e-09 0.413769 0.000352571 5.31093e-05 0.0106543 0.000164946 
0.0409728 0.104804 0.000401892 0.0444335 0.132097 0.00592509 0.0800247 0.0537618 0.0257871 0.0028879 0.00679536 0.00353943 0.0487707 0.00584103 0.0035503 0.000507992 0.00733564 0.306271 0.0311931 0.0706125 0.000648668 5.88025e-06 0.0206611 0.00317074 
0.00954356 0.00385302 1.26398e-06 0.0258489 2.58368e-06 0.00119862 2.39501e-06 0.0135483 0.183069 0.000447719 0.0101536 2.33707e-10 0.00232066 0.00340736 4.97706e-07 1.59239e-06 0.000567175 0.542387 5.57804e-10 0.0973219 2.00758e-06 5.52973e-06 0.102443 0.00387543 
0.011888 0.0281982 0.000168068 0.105552 0.0331133 0.084016 0.00187813 0.0196682 0.00212159 0.00632256 0.00162058 0.00655992 0.011076 0.00349921 0.000150594 0.000435571 0.00101189 0.295872 0.00158039 0.0388186 0.00600005 0.264936 0.06479 0.0107242 
0.0033513 0.0157568 0.00437797 0.0595372 0.296931 0.000244018 1.32067e-05 0.000831104 4.32933e-05 0.00904998 2.77894e-09 0.000578641 0.127935 0.00115322 0.00035781 0.000325532 7.80235e-05 0.434324 2.99869e-10 0.0352916 1.81895e-05 2.22867e-10 0.00926603 0.000536033 
0.000712129 0.00149948 0.00055441 0.0686797 0.0148086 0.00746339 0.000512317 0.132495 0.000125376 0.120641 4.34228e-05 0.00182377 0.0560229 0.000701551 3.13073e-06 0.000964846 0.00762573 0.505988 4.31834e-07 0.0286342 0.0025462 9.74789e-06 0.0466638 0.00148094 
0.00257471 0.0299934 0.00280374 0.0595095 0.0813199 0.0307184 0.0228879 0.0956658 0.00151452 0.0167871 0.000570495 0.00588224 0.109828 0.00354116 0.000274791 0.00202284 0.0065826 0.323222 0.0012675 0.11057 0.0108285 1.07352e-05 0.0778247 0.00379979 
2.37703e-07 0.0625576 0.0174986 2.72476e-07 0.0269224 0.117565 0.00153479 7.59302e-07 0.00343046 6.44049e-06 0.000365012 3.91014e-07 0.0130051 0.00567795 1.18239e-10 7.18544e-08 3.07852e-07 0.424961 1.72794e-10 0.0963919 2.87285e-07 0.000226371 0.0688425 0.161013 
0.0975422 0.0821629 0.000157086 0.0869232 0.0212877 0.0214024 0.0132461 0.120449 0.000856724 0.0004182 0.0093305 0.144758 0.0161576 0.000334077 0.00149429 8.06755e-05 0.000364386 0.190115 1.0708e-10 0.0956363 0.00216142 4.31512e-06 0.0613842 0.0337337 
4.91852e-06 0.000537511 3.72126e-05 0.00281534 0.0350468 0.000343959 4.23011e-05 0.0950799 1.06043e-06 0.000226249 1.01278e-05 1.82563e-07 0.00407756 6.00343e-05 4.79925e-06 2.00406e-10 1.08294e-06 0.737417 6.75187e-10 0.0403446 3.52228e-06 2.86672e-05 0.0837767 0.000140291 
9.68789e-05 0.00208786 0.000205102 0.0687743 0.00962421 0.00516918 0.000206855 0.0455601 2.0938e-05 0.00117225 3.33478e-05 0.000133415 0.0282115 0.000415936 6.74572e-06 2.07071e-06 2.70688e-05 0.619231 9.88768e-07 0.174718 0.00136166 1.66589e-05 0.0417488 0.00117603 
0.000322189 0.00742349 0.000357651 0.000404021 0.0108054 0.0259416 0.00410934 0.00813913 0.000975987 0.00114651 0.000471106 8.2923e-05 0.00367966 0.000288843 1.30394e-05 0.000149078 7.86554e-05 0.474705 7.4343e-11 0.157173 7.31645e-05 0.000207916 0.134454 0.168998 
0.0236299 0.0278418 0.00249011 0.0671635 0.0784815 0.0602719 0.00528391 0.188066 0.0238769 0.0159827 0.00398553 0.0125217 0.0569741 0.00389509 0.00202796 0.00157466 0.020008 0.192544 2.79965e-08 0.132678 0.0208355 7.48709e-05 0.0421804 0.0176113 
0.00466636 0.0248269 9.32922e-07 9.33355e-07 0.0909093 0.00569478 0.0587619 9.33344e-07 9.32694e-07 9.33044e-07 0.0230517 9.32707e-07 9.3336e-07 9.32921e-07 9.32166e-07 9.32948e-07 9.33345e-07 0.35147 0.00195714 0.0643155 0.000840885 0.0570421 0.115178 0.201275 
0.000493649 0.00606408 0.0715027 0.110033 0.188529 0.0191861 0.000112497 0.00384287 4.70395e-05 0.0101311 3.0919e-06 0.00160189 0.127399 0.000308582 0.000283563 0.00149366 0.00580321 0.404962 1.09058e-06 0.00389578 0.00111956 2.40699e-05 0.0299394 0.0132237 
0.00268945 0.0433405 0.00594379 0.0456607 0.137085 0.0201426 0.000446537 0.0549149 0.000111911 0.00581433 0.000217651 0.00439553 0.132229 0.000560876 1.11273e-05 0.00244844 0.00179857 0.277764 0.000263724 0.149252 0.0287461 9.46717e-06 0.0859183 0.000235401 
0.000180951 0.0158122 0.000241534 0.0739888 0.0219603 0.00205022 0.00135048 0.0516146 0.000924643 0.00302894 0.0077307 0.00065503 0.00314401 0.000408671 0.000602776 0.0142772 0.000283829 0.562575 5.05627e-07 0.0333482 6.70624e-05 3.20902e-05 0.110296 0.0954255 
0.0755485 0.0860028 0.00342763 0.0329553 0.0315186 0.035363 0.00143102 0.0394467 0.00026678 0.00563939 0.000261145 0.000548495 0.033111 0.000459398 0.000914198 0.00622619 0.0631845 0.263548 4.37683e-10 0.0231111 0.0182216 2.46744e-05 0.0420985 0.236691 
4.95299e-10 0.0019702 0.0561654 2.06479e-10 0.000289218 0.000215905 0.00375359 1.32565e-06 7.05178e-06 5.39765e-10 2.52325e-05 9.85814e-08 0.0100751 6.75233e-10 1.47849e-09 0.000848542 1.27464e-07 0.799081 2.16065e-09 1.09137e-10 0.0953319 1.60583e-09 0.0198892 0.0123457 
4.95299e-10 0.0019702 0.0561654 2.06479e-10 0.000289218 0.000215905 0.00375359 1.32565e-06 7.05178e-06 5.39765e-10 2.52325e-05 9.85814e-08 0.0100751 6.75233e-10 1.47849e-09 0.000848542 1.27464e-07 0.799081 2.16065e-09 1.09137e-10 0.0953319 1.60583e-09 0.0198892 0.0123457 
0.000852249 0.0137712 0.00118243 0.0765563 0.0214856 0.026712 0.00137703 0.334804 0.000941088 0.00094167 0.000112918 0.0127484 0.0178686 0.00268599 0.00277288 0.00467838 0.016646 0.366424 1.89421e-09 0.0608705 0.0052972 5.50784e-06 0.0261616 0.00510413 
0.00136836 0.0322985 0.00146483 0.0167356 0.0194422 0.0620227 0.00757633 0.0374011 0.00246106 0.00278715 0.00266285 0.000721574 0.0127322 0.00215941 6.93923e-05 0.0340436 0.0395613 0.255554 7.62411e-06 0.148967 0.000594833 0.147636 0.0124391 0.159294 
0.010305 0.0221701 0.00427347 0.061868 0.0806802 0.064169 0.00214282 0.0801973 0.00122161 0.0117788 0.00754278 0.00992834 0.0408789 0.0062331 0.000295251 0.00190948 0.00640446 0.160452 0.00190774 0.131026 0.0168597 0.00520198 0.146086 0.126468 
0.000177992 0.0100675 0.000377452 0.0365014 0.022305 0.020198 0.000435737 0.349499 0.00300857 0.00149714 0.000144203 0.00552303 0.0190177 0.0032471 9.59981e-06 0.00681195 0.00440695 0.431922 2.9444e-09 0.0619916 0.00158828 1.49173e-06 0.0142547 0.00701408 
2.20696e-05 0.0122285 0.040803 1.42333e-06 0.00676123 0.00260878 1.80652e-05 0.0217533 1.06626e-08 1.77508e-05 2.72402e-06 1.05762e-08 1.47763e-06 5.20838e-07 1.16375e-07 7.4925e-09 5.56746e-08 0.42972 1.47772e-06 0.070515 3.00673e-06 0.000794334 0.230513 0.184235 
0.000401144 0.0362627 0.00113432 0.0194947 0.170548 0.00874196 0.0116012 0.0390218 0.000698443 0.000350119 0.0269401 0.0100011 0.148987 0.000559371 0.00542223 0.000768193 0.0279054 0.263339 3.32764e-12 0.118387 0.00035652 1.34033e-05 0.108325 0.0007404 
0.00202868 0.0303292 0.00965054 0.0036753 0.0699635 0.0215842 0.0444725 0.0411197 0.000616797 0.0036327 0.164449 0.00102996 0.0174884 0.00443993 0.000468987 0.000318621 0.000693726 0.282593 6.9767e-07 0.0399703 0.00438205 8.99234e-06 0.0488057 0.208278 
0.000317052 0.0156132 0.0155939 0.043745 0.0374286 0.00098846 0.000753581 0.0495048 0.000493384 0.00508453 0.000172597 0.00226696 0.000639104 0.00121303 4.36669e-05 0.000256562 0.000130687 0.319471 0.000225847 0.128065 0.070914 0.0171829 0.107283 0.182613 
9.2198e-06 1.46661e-10 2.69349e-06 6.37677e-05 1.45426e-05 5.09609e-06 5.08057e-10 1.88027e-05 5.17936e-10 0.0433742 1.95224e-10 5.13738e-10 5.05859e-07 4.25386e-06 6.72075e-07 3.63947e-10 1.22721e-10 0.638854 1.23844e-07 2.98902e-05 1.63077e-10 2.9171e-06 0.211577 0.106042 
2.04848e-06 0.00156278 0.00649094 0.0846064 0.00496019 0.0168235 0.000130873 0.00165265 1.47896e-07 0.00692264 1.09285e-11 1.97114e-07 0.030978 0.000294525 1.16075e-07 2.03735e-11 2.47806e-05 0.826336 6.86405e-11 0.0112647 0.00310124 5.10147e-11 0.00484844 2.44599e-08 
