0.000830433 0.00694691 0.00140349 0.000443594 0.00745784 0.0525249 0.0131314 6.47138e-07 0.355279 5.59952e-08 7.50567e-07 4.65675e-07 0.00492699 0.00016309 4.85442e-08 9.10157e-08 3.35391e-06 3.17799e-11 2.32641e-10 0.00170212 1.92815e-07 1.12129e-06 0.0110025 0.544181 
1.49081e-09 0.00773383 0.0849228 8.94311e-06 3.93089e-06 0.00736273 2.69465e-09 0.00965829 4.62362e-07 1.76849e-06 3.69376e-05 2.72478e-09 0.0375622 2.80742e-06 4.45015e-09 0.00519806 5.51022e-08 8.88399e-10 1.25197e-05 0.00382168 3.1484e-06 5.16028e-06 0.334921 0.508743 
0.00129996 0.437291 0.108332 0.00115702 0.0127495 0.0547387 6.19503e-05 0.00184079 0.0140046 1.76139e-06 0.00102038 1.11424e-09 0.0583679 0.00327198 1.8198e-09 0.166483 1.71198e-06 3.63293e-10 5.89494e-05 0.0155689 0.00655297 9.47945e-08 0.0117019 0.105495 
0.00079409 0.192934 0.0281072 0.0109863 2.54036e-05 0.0827991 9.34663e-09 0.0212892 1.36581e-05 1.48582e-05 2.37251e-07 9.45113e-09 1.11486e-05 0.636177 3.02814e-06 5.8702e-05 1.13003e-06 3.08149e-09 3.08361e-06 8.60473e-07 0.00520187 1.67652e-08 7.09802e-05 0.0215081 
0.159014 0.00280335 0.0388009 0.0155355 0.00021641 0.257003 0.000846876 0.0136265 0.000170966 0.019218 2.14889e-05 2.79543e-06 0.086723 0.000448368 2.2035e-08 0.052421 1.67511e-06 4.39893e-09 3.22019e-08 0.0209063 0.0740772 3.33481e-06 0.221688 0.0364703 
0.000659502 0.0383571 0.00348528 0.0175615 0.0128475 0.00378455 0.00017953 0.00491854 0.0130973 9.90618e-05 0.000234266 0.000551043 0.824082 0.00871464 0.00174862 0.005424 0.00754886 2.71623e-06 1.98838e-05 0.0418574 0.00805271 0.000185471 0.00116142 0.00542667 
0.00619329 6.92083e-06 2.67325e-05 0.0184869 0.000364662 0.00380091 8.32374e-08 0.116178 5.82164e-06 2.47138e-05 3.19845e-08 0.000680148 0.00466663 6.27807e-08 6.80428e-06 4.87864e-06 0.00774198 2.74425e-08 2.0089e-07 0.133356 0.661179 1.49304e-07 0.0472758 4.24696e-08 
3.68453e-06 3.29108e-06 3.30688e-07 0.0192096 0.412648 0.00332842 1.84477e-10 1.14612e-06 1.88064e-10 5.22866e-07 7.08862e-11 1.86539e-10 0.172841 1.37762e-06 3.04658e-10 5.62973e-06 0.000379027 6.08201e-11 4.45226e-10 9.81862e-06 8.76418e-07 3.30899e-10 0.391568 1.69518e-07 
2.98205e-06 0.245389 2.42037e-06 0.0021536 0.011675 0.0441549 7.81869e-07 1.72007e-06 5.95725e-05 4.29623e-07 0.00172078 0.00142321 4.26868e-06 9.31804e-06 7.90018e-06 2.46605e-05 3.43479e-05 7.54259e-10 5.52146e-09 0.0151301 7.74675e-06 0.00159678 0.0469779 0.629622 
7.2442e-08 0.045564 0.0036596 0.00328539 0.085444 0.00138606 3.16664e-06 0.0234343 0.000989534 6.47639e-06 8.41601e-06 3.16543e-09 0.190875 0.00410531 5.42318e-07 0.177681 6.7857e-06 1.03207e-09 7.55514e-09 0.425472 0.00984921 5.6151e-09 0.0277359 0.000492977 
0.0497141 0.0881767 0.0568155 0.00205906 0.000184492 0.680168 0.000441948 0.00933762 0.000111221 5.42314e-06 7.57431e-06 1.05405e-06 0.00200904 0.000276243 3.13469e-05 2.22561e-06 0.00458734 5.41973e-07 7.192e-07 0.0129243 0.0875104 2.51015e-06 0.00421274 0.00142032 
8.32918e-06 0.0471433 1.31704e-06 2.13368e-06 0.326395 0.000547485 0.000855324 1.68774e-06 0.000866716 1.56897e-07 4.94491e-08 5.07887e-05 0.0073308 8.80038e-07 2.22988e-05 0.591869 6.37173e-08 3.74784e-09 2.74356e-08 0.0141786 0.00271212 2.03905e-08 0.00476216 0.00325168 
0.0462581 4.29725e-06 0.00510432 0.00125764 3.75201e-06 0.584882 1.42962e-06 5.67085e-06 0.202213 0.00481413 0.000176808 3.57484e-09 0.0663472 0.00852748 3.06495e-07 5.6766e-07 2.08414e-05 1.16556e-09 4.67702e-07 0.0312042 0.0303386 6.97279e-06 0.0188124 1.93612e-05 
0.00341622 0.11373 0.00260897 0.00225781 0.0109832 0.0788981 1.42698e-06 1.91658e-07 0.000245711 0.0101804 0.00437436 1.67643e-06 0.0329543 4.6222e-05 3.01618e-07 0.000451462 2.08459e-05 1.76961e-10 1.29542e-09 0.0263151 1.1984e-06 6.96916e-06 0.0594243 0.654081 
8.41272e-05 0.00465251 4.2795e-05 0.0113196 0.00282471 0.00893265 1.64807e-06 0.000702554 0.000935717 0.0254852 9.38739e-09 3.29684e-05 0.00953008 0.76114 6.62575e-10 0.000366164 2.11824e-07 1.32272e-10 9.68284e-10 0.000843168 0.00158214 2.35904e-07 0.171228 0.000294899 
0.00019298 0.0801245 0.00296204 0.102887 0.0377641 0.0171378 0.000397238 0.167433 0.000640693 0.00232416 0.0202193 0.0114882 0.227196 0.0104188 0.00256344 0.0094173 9.49818e-05 2.41001e-07 3.85544e-06 0.284313 0.0112195 3.01987e-05 0.0102707 0.000900265 
1.68191e-07 0.027421 0.000145659 0.00123074 0.000747455 0.00582553 3.04005e-07 0.000107914 3.09916e-07 0.714992 4.00058e-06 0.000309858 0.013272 0.0194537 5.02056e-07 0.000154897 1.07268e-05 1.00227e-07 7.33702e-07 5.13387e-05 0.000293612 5.45299e-07 0.113635 0.102343 
0.000234687 0.0073691 0.100359 0.00201809 0.000162651 0.578395 0.0010191 0.00157712 0.00017271 2.36107e-05 1.9214e-08 5.05622e-08 0.00340931 0.000746032 7.10931e-05 0.0354058 3.65867e-05 1.64855e-08 1.2068e-07 0.0970002 0.000696011 2.45858e-06 0.094383 0.0769189 
0.00124701 0.00122061 0.365297 0.0333523 7.2298e-05 0.0110969 2.13267e-05 0.189447 5.65933e-05 4.24956e-11 5.71143e-08 0.000119684 0.0349657 0.000639779 1.16401e-10 0.000450241 3.93129e-05 2.32376e-11 1.70108e-10 0.229628 0.0704943 7.54109e-07 0.0616056 0.000246005 
5.62318e-07 8.82421e-05 1.62771e-06 1.22668e-09 0.129424 1.04418e-06 5.266e-11 3.19616e-08 5.36839e-11 2.69904e-07 1.07265e-07 5.32488e-11 0.557772 3.18141e-08 2.5229e-07 0.0057522 1.45021e-07 1.73615e-11 1.27092e-10 0.1879 0.0018034 9.44571e-11 0.106927 0.0103294 
0.00775868 0.00220265 1.96304e-07 0.543823 1.87261e-07 0.036503 7.11501e-11 0.0561613 4.7642e-08 0.00155433 2.73398e-11 7.19456e-11 0.0739076 0.00702372 7.46355e-07 0.000810251 0.0323485 2.34575e-11 1.71718e-10 0.211932 0.00737639 1.89766e-08 0.018597 7.81208e-08 
0.000180351 0.0626059 0.0352003 0.0341346 0.055076 0.0403404 9.26733e-07 0.0121324 0.00134629 0.000207977 2.51499e-05 2.66684e-05 0.0581618 0.099952 1.08117e-06 0.561913 0.0015027 1.77272e-08 5.87099e-06 0.0205785 0.0139882 9.6447e-08 0.00166292 0.000956496 
1.20359e-05 0.00127233 0.00121757 0.00868298 0.00188556 0.00233401 5.09203e-07 0.000310068 9.1941e-07 4.87098e-05 4.53285e-08 1.72725e-07 0.014868 0.000121007 5.43813e-07 0.902218 1.48687e-05 2.29065e-09 3.48604e-08 0.0574545 0.00348693 0.000263786 0.0057496 5.8007e-05 
0.000440005 0.0190561 0.0120206 0.0347568 0.00701704 0.0285532 8.07881e-06 0.015147 8.8233e-08 0.00456291 3.41638e-07 1.35173e-09 0.618151 0.0125322 7.57829e-06 0.00726318 7.62477e-06 4.40724e-10 1.99425e-07 0.230606 0.00317865 2.39781e-09 0.006641 5.05733e-05 
0.00021274 0.0329293 0.00670082 0.0212791 0.0104208 0.00538289 8.75992e-05 0.0204459 7.53409e-06 8.38393e-06 1.44334e-07 1.07173e-06 0.817144 0.00414175 3.24304e-07 0.0145149 4.8271e-08 3.97252e-10 2.90804e-09 0.0486468 0.013157 3.41263e-07 0.00487921 3.93924e-05 
1.20359e-05 0.00127233 0.00121757 0.00868298 0.00188556 0.00233401 5.09203e-07 0.000310068 9.1941e-07 4.87098e-05 4.53285e-08 1.72725e-07 0.014868 0.000121007 5.43813e-07 0.902218 1.48687e-05 2.29065e-09 3.48604e-08 0.0574545 0.00348693 0.000263786 0.0057496 5.8007e-05 
0.000206135 0.097016 0.00136306 0.037789 0.242631 0.0545507 0.000237371 0.00536024 0.00582427 1.04324e-05 0.00015776 6.13704e-05 0.104803 0.0300208 0.00204432 0.125642 0.0115635 4.43935e-12 3.24977e-11 0.145687 0.013366 3.46954e-06 0.0161211 0.105542 
0.00703359 0.00594579 2.48154e-08 0.00545411 0.026821 0.0894168 9.72073e-06 0.000611546 3.38845e-08 0.000599332 1.30185e-05 0.000382636 0.282386 2.50694e-08 5.4892e-08 0.00150098 0.000151375 1.09583e-08 8.02188e-08 0.52703 0.052576 5.10114e-06 1.17953e-05 5.04083e-05 
0.0229496 0.00919045 0.0327883 1.29939e-07 0.000388453 0.811716 0.0017802 0.00202003 0.000107181 7.46783e-08 2.15062e-05 6.26332e-08 0.00240781 0.000334304 0.00012487 1.40998e-11 0.000179757 6.48925e-12 4.75037e-11 9.60446e-05 0.114583 1.66666e-06 0.00115614 0.000154873 
2.17575e-06 0.11356 0.000705361 0.00701406 0.0251999 0.0339209 5.69327e-07 0.000535234 0.231984 0.000341982 0.000944497 0.00375242 0.220145 0.0143703 5.76385e-06 0.00698404 0.00535422 1.12197e-10 8.21321e-10 0.0578793 0.00472143 5.67611e-07 0.250665 0.0219139 
0.00683217 0.000470722 0.582126 0.00330728 0.00971387 0.0950502 2.90232e-06 0.0001521 6.34668e-08 4.96012e-08 2.84572e-06 2.47131e-05 0.0499756 1.01307e-05 1.69495e-10 0.0433916 9.12834e-05 3.38369e-11 2.47699e-10 0.148961 0.0503059 1.84093e-10 0.00954251 3.88417e-05 
1.87731e-05 0.00934744 0.00280725 0.000747585 0.000146412 0.00627444 4.16667e-05 0.00796859 0.0204608 2.06684e-06 0.000289884 5.45554e-05 0.00213189 0.175261 6.42359e-05 0.000574916 1.22769e-05 7.06911e-09 0.769339 0.000858444 5.03423e-06 3.84603e-08 0.000670282 0.00292301 
9.16692e-05 0.000367767 5.85005e-06 0.000402333 8.2854e-05 0.251145 3.52208e-05 0.000408222 3.42934e-05 2.94824e-06 3.74288e-05 3.31094e-06 0.147374 9.82813e-07 1.6249e-07 7.04822e-08 3.27755e-06 3.24385e-08 0.000203135 0.138101 6.74855e-05 3.7888e-05 0.0236954 0.4379 
0.0242088 0.0492998 0.0962471 0.0373452 4.16709e-06 0.025563 0.127797 0.00531429 0.00692628 3.42616e-05 9.79522e-06 0.0062559 0.000135505 0.019407 1.80151e-07 0.00699283 0.00168716 3.59642e-08 2.37292e-05 0.0177977 0.0378301 2.09158e-06 0.0274623 0.509656 
0.0114891 0.00435509 0.410297 9.74e-05 1.93115e-08 0.492747 8.88026e-08 0.000902197 0.00114621 1.94003e-11 0.000102681 7.35955e-06 0.000224695 0.00590506 1.47647e-08 0.000531799 0.0035336 1.06085e-11 0.00291744 0.00274198 0.0438766 1.08435e-08 0.00720335 0.0119211 
0.000329891 0.000722161 0.00123373 0.317468 0.00108722 0.00496034 8.17222e-06 0.0251705 0.00777742 0.00576848 2.43122e-07 0.00142302 0.00993492 0.0179828 8.56192e-06 0.112916 0.000374383 9.85318e-08 9.40654e-06 0.48529 0.0021661 1.06005e-06 0.000683832 0.00468334 
3.45254e-05 0.481838 0.00030023 0.000155864 0.00171091 0.00168941 0.000235751 3.2984e-05 3.23303e-05 0.0098858 0.000379905 6.02966e-07 0.0175958 0.0298448 1.08403e-05 0.432348 2.10458e-05 1.96594e-07 6.41942e-05 0.00233818 0.000756736 1.06959e-06 0.00169557 0.0190275 
0.00895119 2.15253e-06 6.53751e-07 0.0283728 4.25985e-06 0.0939087 2.03911e-05 7.33472e-06 3.78454e-08 0.0738017 1.42649e-08 3.75386e-08 1.40466e-05 0.021481 0.765759 2.65934e-08 0.00191998 1.22393e-08 8.95959e-08 3.82829e-07 0.00505514 6.65891e-08 0.000701196 1.89412e-08 
0.0887604 0.00103727 0.0018699 0.00197083 0.000286773 0.357219 3.24884e-08 0.00194154 0.000430399 3.75137e-08 2.56747e-11 6.75639e-11 0.00220111 5.03957e-11 0.00024624 0.000610263 0.00890142 2.20288e-11 1.61259e-10 0.0110036 0.46805 1.1985e-10 0.0525639 0.00290639 
0.00127641 6.33251e-05 9.16742e-05 0.07886 6.05035e-05 0.0237197 5.76839e-05 0.00206423 1.25833e-07 0.000198857 4.743e-08 1.24813e-07 0.0305603 0.137085 2.03847e-07 0.0599243 4.69554e-05 4.06947e-08 2.97901e-07 0.0303032 0.000153614 0.000103469 0.635368 6.25553e-05 
0.000329891 0.000722161 0.00123373 0.317468 0.00108722 0.00496034 8.17222e-06 0.0251705 0.00777742 0.00576848 2.43122e-07 0.00142302 0.00993492 0.0179828 8.56192e-06 0.112916 0.000374383 9.85318e-08 9.40654e-06 0.48529 0.0021661 1.06005e-06 0.000683832 0.00468334 
6.00986e-09 0.00138476 0.000399838 0.00065115 0.988632 4.70825e-05 4.56348e-05 0.000514851 1.1074e-08 4.58524e-05 1.37787e-05 1.09843e-08 0.00200023 0.000266285 7.35705e-05 0.00370872 1.86325e-05 3.58137e-09 2.62169e-08 0.00144065 0.00017748 1.94848e-08 0.000432408 0.000146881 
0.0140775 0.00280941 3.05983e-06 7.30584e-08 8.95091e-07 0.60044 1.763e-07 2.76058e-07 5.55978e-07 4.83251e-07 1.05834e-11 2.78506e-11 5.86984e-07 2.07737e-11 1.55567e-06 8.24744e-07 0.151604 9.08054e-12 6.6473e-11 0.00514641 0.225911 4.94037e-11 1.42263e-06 1.25915e-06 
0.000329891 0.000722161 0.00123373 0.317468 0.00108722 0.00496034 8.17222e-06 0.0251705 0.00777742 0.00576848 2.43122e-07 0.00142302 0.00993492 0.0179828 8.56192e-06 0.112916 0.000374383 9.85318e-08 9.40654e-06 0.48529 0.0021661 1.06005e-06 0.000683832 0.00468334 
0.0166379 5.92385e-06 0.0062587 0.0028947 0.0175036 0.00875427 6.11188e-05 2.89132e-06 0.0103394 5.2975e-11 2.06261e-07 8.88467e-11 0.341862 6.62705e-11 6.94734e-06 4.90495e-05 0.000257634 2.8968e-11 7.21722e-08 0.230048 0.0218681 1.57604e-10 0.341749 0.0017009 
5.62318e-07 8.82421e-05 1.62771e-06 1.22668e-09 0.129424 1.04418e-06 5.266e-11 3.19616e-08 5.36839e-11 2.69904e-07 1.07265e-07 5.32488e-11 0.557772 3.18141e-08 2.5229e-07 0.0057522 1.45021e-07 1.73615e-11 1.27092e-10 0.1879 0.0018034 9.44571e-11 0.106927 0.0103294 
5.62318e-07 8.82421e-05 1.62771e-06 1.22668e-09 0.129424 1.04418e-06 5.266e-11 3.19616e-08 5.36839e-11 2.69904e-07 1.07265e-07 5.32488e-11 0.557772 3.18141e-08 2.5229e-07 0.0057522 1.45021e-07 1.73615e-11 1.27092e-10 0.1879 0.0018034 9.44571e-11 0.106927 0.0103294 
0.00581976 0.48077 0.171473 0.0131658 0.000922882 0.0334562 5.35542e-05 0.0111882 0.00027536 3.65727e-05 2.33156e-09 6.13558e-09 0.00667161 9.25489e-05 1.00207e-08 0.00273658 9.05019e-05 2.00047e-09 1.46442e-08 0.0363232 0.0203583 2.17864e-05 0.0110034 0.205541 
1.00479e-09 0.0247254 6.13549e-06 0.0926659 0.00429136 0.00483199 4.30009e-06 0.00340941 0.000196177 0.152804 1.24523e-05 1.83648e-09 0.0958684 0.549127 2.99936e-09 0.000396399 6.26595e-05 5.98772e-10 4.38324e-09 0.00481306 0.000321661 2.2548e-06 0.0624497 0.00401154 
0.0151075 1.61734e-07 2.56329e-05 0.309275 4.88163e-05 0.106036 1.11831e-09 4.2093e-05 9.90717e-05 4.58556e-06 1.03175e-06 1.13081e-09 5.46236e-05 0.140943 0.00529605 4.53431e-05 2.16129e-06 3.68695e-10 2.69898e-09 3.10422e-05 0.237949 2.00593e-09 0.185039 5.70585e-10 
0.00110443 0.0242841 0.230023 0.0303587 7.45878e-05 0.0646402 0.000125068 0.00851151 3.06539e-07 1.25731e-05 5.11745e-06 4.4985e-10 0.3405 0.0111136 7.34701e-10 0.0260874 0.000109091 1.46671e-10 8.13469e-08 0.0376402 0.0367153 7.97981e-10 0.181117 0.00757777 
1.36691e-09 0.0376791 0.0115374 4.47915e-06 0.0774946 0.612081 6.78731e-07 6.99713e-06 2.51873e-09 0.027909 9.49375e-10 2.50701e-06 0.151874 1.82346e-05 7.73948e-05 1.76987e-09 5.50008e-06 8.1456e-10 1.51548e-05 2.40227e-05 6.54222e-07 8.92978e-07 0.071225 0.0100436 
0.000329891 0.000722161 0.00123373 0.317468 0.00108722 0.00496034 8.17222e-06 0.0251705 0.00777742 0.00576848 2.43122e-07 0.00142302 0.00993492 0.0179828 8.56192e-06 0.112916 0.000374383 9.85318e-08 9.40654e-06 0.48529 0.0021661 1.06005e-06 0.000683832 0.00468334 
0.00124701 0.00122061 0.365297 0.0333523 7.2298e-05 0.0110969 2.13267e-05 0.189447 5.65933e-05 4.24956e-11 5.71143e-08 0.000119684 0.0349657 0.000639779 1.16401e-10 0.000450241 3.93129e-05 2.32376e-11 1.70108e-10 0.229628 0.0704943 7.54109e-07 0.0616056 0.000246005 
2.09097e-05 0.00351669 0.0675154 0.00288069 2.6305e-05 0.0148723 7.89697e-06 9.45583e-06 2.09366e-07 1.23823e-07 1.37787e-05 2.07669e-07 0.0254216 0.537698 3.39168e-07 0.00152971 0.00031088 6.77095e-08 4.95659e-07 0.0053641 0.170909 3.68381e-07 0.169334 0.000568301 
0.00124701 0.00122061 0.365297 0.0333523 7.2298e-05 0.0110969 2.13267e-05 0.189447 5.65933e-05 4.24956e-11 5.71143e-08 0.000119684 0.0349657 0.000639779 1.16401e-10 0.000450241 3.93129e-05 2.32376e-11 1.70108e-10 0.229628 0.0704943 7.54109e-07 0.0616056 0.000246005 
0.161433 0.000351039 0.0528112 0.0523999 0.00032733 0.212362 2.99641e-05 0.00409228 1.48797e-05 6.30186e-09 4.01634e-09 1.05691e-08 0.000892732 2.56081e-05 9.38607e-06 3.38204e-07 6.43456e-06 3.446e-09 2.5226e-08 0.145063 0.00686964 1.87484e-08 0.0765692 0.286742 
3.03711e-06 0.00289704 0.11048 0.0230247 0.000736744 0.0771418 1.68723e-08 0.0774485 2.85079e-08 7.63305e-12 1.44762e-08 1.28017e-11 0.210869 4.69097e-07 0.000185603 0.0197779 2.68891e-07 4.17393e-12 3.05547e-11 0.11477 0.250129 2.27088e-11 0.112468 6.93512e-05 
0.00138887 0.016884 5.33987e-11 0.0176876 0.00487419 0.0217807 3.26774e-08 0.00277583 7.29137e-11 0.000238481 2.74831e-11 3.25167e-05 0.136099 0.720367 0.00012026 0.00104241 0.0143176 2.35804e-11 1.72617e-10 0.0547023 0.00744354 1.06829e-06 0.000211432 3.36505e-05 
0.000208041 0.010211 0.00177934 0.00622412 0.000394153 0.0336065 4.50334e-05 0.0230669 6.95888e-05 0.106907 2.55615e-06 0.000564609 0.666343 0.0182279 0.000264527 0.00430783 5.01533e-05 2.96656e-07 9.98196e-06 0.00298048 0.01172 1.61399e-06 0.038649 0.0743658 
2.82221e-05 0.000169322 0.00853023 2.04343e-05 0.0064573 0.0756545 7.54009e-06 1.62662e-05 0.0752914 4.15192e-06 9.99347e-06 0.00692557 0.0341655 8.80257e-05 7.47978e-05 0.0725638 0.000324061 6.12938e-08 4.48694e-07 6.08266e-05 7.31317e-05 7.66198e-06 4.98268e-05 0.719477 
0.0269809 1.21203e-05 0.736104 0.00097413 9.36502e-06 0.0249783 2.00294e-06 0.00198872 3.83926e-05 2.97369e-05 8.20111e-08 4.63149e-09 2.44556e-05 4.31339e-06 8.35388e-07 2.79661e-05 0.000576381 1.51007e-09 1.10543e-08 0.0245265 0.170396 8.21572e-09 0.00617597 0.0071492 
7.2065e-07 0.000117504 6.67244e-05 4.8502e-08 3.97194e-07 0.965775 2.42149e-10 1.48087e-07 1.11672e-06 1.45996e-10 9.30472e-11 3.36677e-07 7.96688e-07 1.82638e-10 2.32944e-08 6.2402e-08 9.47704e-08 7.98342e-11 5.84416e-10 0.00141627 0.0279943 4.34347e-10 0.00462368 2.93685e-06 
0.00747431 0.0574005 0.00893704 0.0932915 0.527562 0.0804946 0.000110345 0.0128796 3.41096e-06 0.00122268 1.90203e-08 1.1513e-09 0.0546721 0.00132542 0.000148532 0.0303278 4.33026e-05 3.75375e-10 2.74789e-09 0.0937026 0.00155892 2.04227e-09 0.0279184 0.000927385 
3.22846e-06 0.0474401 0.0135906 0.0134791 0.00191667 0.135596 6.9438e-08 2.81051e-06 0.000163606 1.61406e-06 5.78233e-05 7.10527e-10 4.66946e-06 0.0052239 1.16044e-09 1.54903e-06 4.98988e-08 2.31663e-10 1.14297e-05 0.00489295 0.000576518 4.70961e-06 0.202041 0.574992 
1.25005e-05 0.000740434 0.00127387 0.155601 1.04956e-05 0.000526305 5.50153e-05 0.00287971 1.7428e-05 7.8722e-06 0.000125637 4.97235e-07 3.81324e-05 0.123945 8.1209e-07 0.0448775 1.51721e-05 1.62121e-07 0.484951 0.0221638 0.00381477 8.82036e-07 0.119054 0.0398881 
2.55542e-10 0.477936 0.0651644 0.0346175 0.00131957 0.00146879 8.32134e-08 8.7981e-08 2.97885e-06 0.00107707 2.52769e-07 4.67057e-10 0.0246485 0.158738 6.90939e-08 0.0626227 1.90004e-07 1.52281e-10 1.11476e-09 2.147e-06 0.0060124 8.28504e-10 0.0235178 0.142872 
0.377139 0.0264978 0.0235528 0.000322603 0.0124721 0.273463 0.0183954 0.000606437 0.0251468 7.88464e-05 0.000934103 6.16171e-07 0.00365733 2.12123e-09 0.000285525 4.66242e-06 0.0164487 9.27228e-10 6.78766e-09 0.0207712 0.0026403 1.14539e-05 0.0872725 0.110299 
0.0166379 5.92385e-06 0.0062587 0.0028947 0.0175036 0.00875427 6.11188e-05 2.89132e-06 0.0103394 5.2975e-11 2.06261e-07 8.88467e-11 0.341862 6.62705e-11 6.94734e-06 4.90495e-05 0.000257634 2.8968e-11 7.21722e-08 0.230048 0.0218681 1.57604e-10 0.341749 0.0017009 
0.00387215 0.010512 0.285661 0.0215493 0.000177361 0.0621107 0.00132283 0.00267603 4.17406e-05 0.00321557 1.38639e-05 4.65965e-07 0.10941 0.00217721 1.7685e-08 0.0416788 0.000425951 3.53052e-09 2.58448e-08 0.432803 0.00735875 1.87929e-07 0.0148605 0.000133461 
0.00124701 0.00122061 0.365297 0.0333523 7.2298e-05 0.0110969 2.13267e-05 0.189447 5.65933e-05 4.24956e-11 5.71143e-08 0.000119684 0.0349657 0.000639779 1.16401e-10 0.000450241 3.93129e-05 2.32376e-11 1.70108e-10 0.229628 0.0704943 7.54109e-07 0.0616056 0.000246005 
0.00656332 0.000708844 0.159367 0.0246075 0.00831731 0.0196938 6.04223e-08 0.00670467 0.00352139 5.66546e-07 1.3706e-07 0.000543073 0.0389454 0.0290276 0.189133 0.449495 0.000172623 1.99206e-08 1.45826e-07 0.0410862 0.00620205 1.0838e-07 0.00124136 0.0146686 
0.00551474 0.000343497 0.0127121 0.0442963 0.0071612 0.0380071 2.31118e-05 0.000602882 0.000612544 2.87403e-05 1.94324e-05 7.14041e-07 0.000337494 0.00919263 0.0711658 0.030349 0.000256486 2.32809e-07 0.000167754 0.019335 0.0170144 1.26662e-06 0.714879 0.0279786 
0.259768 1.4976e-06 0.0285185 0.0618451 1.06647e-06 0.267419 1.41954e-06 0.00443065 0.0014043 1.00342e-07 2.26465e-08 5.46574e-09 1.19333e-06 0.031 0.0688524 0.00262192 0.00206396 1.00542e-10 9.92115e-08 0.00228851 0.210807 5.47009e-10 0.0589758 1.55597e-10 
0.00161257 0.00489566 3.98512e-11 0.785896 0.0298963 1.97575e-06 0.000479366 0.00016129 0.000132863 0.000145693 2.05105e-11 1.90832e-06 0.00622988 3.13476e-07 8.81511e-11 0.102323 0.000192801 1.75979e-11 7.09257e-08 0.06803 1.33082e-07 9.57436e-11 8.3594e-07 2.02081e-07 
0.000450319 0.0839446 0.0118721 0.097972 1.79007e-06 0.00221523 0.00838408 0.246528 0.00025158 1.17714e-07 1.22626e-10 1.00575e-06 0.314079 0.0266469 5.27027e-10 0.00967001 2.05481e-08 1.05212e-10 1.644e-07 0.159004 1.68259e-06 5.7242e-10 0.0343481 0.00462796 
0.0252779 0.0269352 0.703727 0.00151905 0.0209633 0.00350091 1.44191e-05 0.0160716 0.000662873 0.00914508 2.25239e-06 5.84191e-06 0.0728288 0.00370194 1.75739e-08 0.0537749 4.87271e-06 3.50835e-09 2.56825e-08 0.00845443 0.0406724 6.97461e-06 0.0103243 0.00240614 
0.00124701 0.00122061 0.365297 0.0333523 7.2298e-05 0.0110969 2.13267e-05 0.189447 5.65933e-05 4.24956e-11 5.71143e-08 0.000119684 0.0349657 0.000639779 1.16401e-10 0.000450241 3.93129e-05 2.32376e-11 1.70108e-10 0.229628 0.0704943 7.54109e-07 0.0616056 0.000246005 
0.0166379 5.92385e-06 0.0062587 0.0028947 0.0175036 0.00875427 6.11188e-05 2.89132e-06 0.0103394 5.2975e-11 2.06261e-07 8.88467e-11 0.341862 6.62705e-11 6.94734e-06 4.90495e-05 0.000257634 2.8968e-11 7.21722e-08 0.230048 0.0218681 1.57604e-10 0.341749 0.0017009 
8.05246e-06 0.045907 0.493009 7.80916e-06 4.52516e-07 0.136858 1.13354e-10 7.73828e-06 1.31748e-06 6.83434e-11 4.3557e-11 1.14622e-10 1.39255e-06 2.41961e-06 1.87202e-10 3.0695e-06 2.1412e-06 3.73717e-11 2.73575e-10 1.33722e-05 0.180208 5.69514e-07 0.135568 0.0084021 
0.000830433 0.00694691 0.00140349 0.000443594 0.00745784 0.0525249 0.0131314 6.47138e-07 0.355279 5.59952e-08 7.50567e-07 4.65675e-07 0.00492699 0.00016309 4.85442e-08 9.10157e-08 3.35391e-06 3.17799e-11 2.32641e-10 0.00170212 1.92815e-07 1.12129e-06 0.0110025 0.544181 
7.88038e-05 0.000103859 8.341e-05 0.00132768 9.96783e-07 2.72079e-06 4.71333e-08 0.166889 3.37744e-06 2.882e-10 1.83677e-10 9.67307e-07 0.0536682 0.000892263 7.82928e-07 4.99637e-07 4.13734e-05 1.57594e-10 1.15365e-09 0.169076 1.437e-05 8.57411e-10 0.607816 2.4389e-10 
0.00124701 0.00122061 0.365297 0.0333523 7.2298e-05 0.0110969 2.13267e-05 0.189447 5.65933e-05 4.24956e-11 5.71143e-08 0.000119684 0.0349657 0.000639779 1.16401e-10 0.000450241 3.93129e-05 2.32376e-11 1.70108e-10 0.229628 0.0704943 7.54109e-07 0.0616056 0.000246005 
0.00124701 0.00122061 0.365297 0.0333523 7.2298e-05 0.0110969 2.13267e-05 0.189447 5.65933e-05 4.24956e-11 5.71143e-08 0.000119684 0.0349657 0.000639779 1.16401e-10 0.000450241 3.93129e-05 2.32376e-11 1.70108e-10 0.229628 0.0704943 7.54109e-07 0.0616056 0.000246005 
0.00124701 0.00122061 0.365297 0.0333523 7.2298e-05 0.0110969 2.13267e-05 0.189447 5.65933e-05 4.24956e-11 5.71143e-08 0.000119684 0.0349657 0.000639779 1.16401e-10 0.000450241 3.93129e-05 2.32376e-11 1.70108e-10 0.229628 0.0704943 7.54109e-07 0.0616056 0.000246005 
0.00354934 0.0354464 0.326294 0.0131762 0.0151961 0.0956038 4.37629e-10 0.00883034 4.46138e-10 0.000324703 1.68161e-10 4.20413e-07 0.282496 0.0105761 7.22733e-10 0.0965388 2.86265e-07 1.44282e-10 1.0562e-09 0.0155133 0.0826844 7.84983e-10 0.0131999 0.000569726 
0.00019298 0.0801245 0.00296204 0.102887 0.0377641 0.0171378 0.000397238 0.167433 0.000640693 0.00232416 0.0202193 0.0114882 0.227196 0.0104188 0.00256344 0.0094173 9.49818e-05 2.41001e-07 3.85544e-06 0.284313 0.0112195 3.01987e-05 0.0102707 0.000900265 
7.17484e-07 0.00594299 6.62177e-07 0.054567 8.64172e-05 0.000581706 8.26973e-10 3.63266e-05 5.98323e-07 0.0299812 3.17769e-10 8.3622e-10 0.0108721 0.888649 1.36573e-09 0.00849921 5.2727e-08 2.72645e-10 1.99586e-09 1.99031e-06 5.82037e-07 8.73247e-07 7.08353e-07 0.000778022 
0.00187636 0.0023719 0.0102624 0.0022389 0.000907853 0.0355689 0.000912476 0.000111847 0.00791068 0.000679944 1.38814e-05 0.0448671 2.44119e-06 0.0137067 4.09112e-06 6.87173e-05 7.55124e-05 1.18332e-09 8.66238e-09 0.00036134 0.00219994 1.67784e-06 0.81721 0.0586474 
0.0361439 0.000118712 0.0168784 0.00225071 0.00123155 0.654037 2.06907e-05 0.000570069 3.48358e-05 1.20682e-07 7.6914e-08 0.000424699 0.00047356 1.50971e-07 1.63597e-05 6.57357e-05 0.000326844 6.5992e-08 4.83086e-07 0.0667514 0.0591381 3.59037e-07 0.0515597 0.109956 
0.000900821 0.0903762 0.0010694 0.00680484 0.0213785 0.0363127 5.25531e-05 0.000909607 2.07531e-05 0.00151472 1.7602e-07 0.000282028 0.0797355 9.71491e-05 4.8402e-05 0.68913 0.000155315 1.51025e-07 1.10556e-06 0.0639038 0.00562064 1.85634e-06 0.00166953 1.43422e-05 
3.76481e-08 0.876143 0.00250475 0.00407906 0.0613187 0.000294944 0.000285875 0.00322523 6.93723e-08 0.000287238 8.63154e-05 6.881e-08 0.0125302 0.00166811 0.000460875 0.0232329 0.000116721 2.24351e-08 1.64233e-07 0.00902482 0.0011118 1.22061e-07 0.00270877 0.000920118 
0.00100287 0.000665475 0.000338371 0.514465 0.00151703 0.0003509 9.20171e-06 0.0133551 9.79564e-07 0.0122037 4.84599e-10 1.27524e-09 0.0782109 0.000332159 4.03922e-05 0.00152415 0.0140227 4.15784e-10 4.79625e-07 0.258984 0.0468986 2.26212e-09 0.0560783 6.4346e-10 
0.00747431 0.0574005 0.00893704 0.0932915 0.527562 0.0804946 0.000110345 0.0128796 3.41096e-06 0.00122268 1.90203e-08 1.1513e-09 0.0546721 0.00132542 0.000148532 0.0303278 4.33026e-05 3.75375e-10 2.74789e-09 0.0937026 0.00155892 2.04227e-09 0.0279184 0.000927385 
0.0112999 0.00908982 0.925662 0.00384897 0.00114553 0.021676 1.20996e-05 0.00899646 9.64707e-06 0.000306897 3.01909e-06 5.42715e-07 2.97735e-06 4.81636e-09 9.66925e-08 7.07335e-06 6.09147e-06 2.10531e-09 1.54117e-08 0.0029901 0.0128866 3.8572e-07 0.00198967 6.57577e-05 
2.03148e-07 0.0432253 0.00804719 0.00208126 1.41975e-05 0.00283492 2.42077e-09 0.44509 2.46784e-09 0.000163287 9.30195e-10 2.44784e-09 0.022274 0.254211 4.01085e-06 4.48806e-05 2.26123e-08 7.98104e-10 5.84242e-09 0.0180575 0.197966 4.34218e-09 0.0059834 3.17339e-06 
0.000776873 0.00586139 1.93512e-05 5.38083e-05 0.00206767 0.0657446 6.04442e-06 0.00250215 0.109199 2.68418e-05 0.00387995 0.000163976 0.00156213 0.00188948 8.71356e-06 0.0110396 0.0147309 5.91028e-11 1.17855e-07 0.00182097 0.00315072 1.69644e-05 0.0142157 0.761263 
0.000830433 0.00694691 0.00140349 0.000443594 0.00745784 0.0525249 0.0131314 6.47138e-07 0.355279 5.59952e-08 7.50567e-07 4.65675e-07 0.00492699 0.00016309 4.85442e-08 9.10157e-08 3.35391e-06 3.17799e-11 2.32641e-10 0.00170212 1.92815e-07 1.12129e-06 0.0110025 0.544181 
0.00304495 0.202866 0.688469 0.00206726 0.00041432 0.0493456 0.000238105 0.00387498 0.00014612 0.000162605 8.442e-06 1.88866e-08 0.00720457 1.40874e-08 3.08458e-08 0.000571285 6.75193e-05 6.15785e-09 7.99175e-06 0.00326377 0.0230159 3.35025e-08 0.0149225 0.000308483 
1.09951e-05 0.00807257 0.00565011 0.00292858 0.0652977 0.000306092 7.14278e-06 0.0229856 4.38447e-06 4.87767e-06 2.86291e-07 3.30096e-09 0.715747 0.000687251 5.39117e-09 0.00639013 2.86939e-08 1.07626e-09 7.87863e-09 0.112402 0.00541277 5.85552e-09 0.0540682 2.40759e-05 
0.000354561 0.000630502 6.73808e-08 0.0032118 0.000750217 0.0019558 9.02507e-08 0.00390078 0.000524525 5.44139e-08 3.46794e-08 9.12598e-08 0.00197037 6.80704e-08 1.49047e-07 6.52977e-06 0.000394604 2.97548e-08 2.17816e-07 0.00773669 0.970214 1.61884e-07 0.00834893 4.60479e-08 
0.00015287 8.44278e-05 1.20632e-08 0.000159873 0.000117998 0.00103093 0.000127662 0.000272916 0.000102142 9.74177e-09 6.20868e-09 1.63383e-08 3.32685e-05 0.727776 0.00373579 1.15746e-08 0.170558 5.32703e-09 3.89958e-08 0.00138571 0.0926451 0.000124653 0.000501974 0.00119045 
0.00714195 0.0182841 0.050984 0.000491297 0.000650018 0.853002 0.000583757 0.00601081 0.000375176 0.000288752 3.47253e-05 1.0147e-07 0.00505961 0.0271812 3.65289e-05 1.91958e-06 6.72062e-06 7.81705e-08 3.16399e-07 0.000276082 0.0231774 5.38365e-07 0.00425436 0.00215846 
2.50777e-06 0.427087 0.0276071 0.0313882 0.399582 0.0364918 0.00119681 0.014618 2.4751e-09 0.00158953 9.2951e-08 2.45504e-09 1.33627e-05 0.0109347 4.95363e-07 2.47771e-05 0.00036837 8.00452e-10 0.000120278 0.0106569 0.00866141 4.35495e-09 2.88914e-06 0.0296543 
2.13361e-07 0.0371181 0.000138114 0.0155206 0.000217908 0.000885622 3.8565e-07 0.00178232 3.93148e-07 0.000725679 1.48188e-07 3.89962e-07 0.176994 0.0324309 6.36891e-07 0.0189865 0.00351391 1.27145e-07 6.6821e-05 0.0105949 0.000121327 5.71703e-05 0.00405102 0.696793 
0.00124701 0.00122061 0.365297 0.0333523 7.2298e-05 0.0110969 2.13267e-05 0.189447 5.65933e-05 4.24956e-11 5.71143e-08 0.000119684 0.0349657 0.000639779 1.16401e-10 0.000450241 3.93129e-05 2.32376e-11 1.70108e-10 0.229628 0.0704943 7.54109e-07 0.0616056 0.000246005 
0.00747431 0.0574005 0.00893704 0.0932915 0.527562 0.0804946 0.000110345 0.0128796 3.41096e-06 0.00122268 1.90203e-08 1.1513e-09 0.0546721 0.00132542 0.000148532 0.0303278 4.33026e-05 3.75375e-10 2.74789e-09 0.0937026 0.00155892 2.04227e-09 0.0279184 0.000927385 
0.000190665 0.0946071 3.04281e-07 0.107795 8.95187e-06 0.0025578 0.0072294 0.0104067 6.39228e-10 4.36414e-06 0.00551031 9.3052e-07 3.21857e-06 2.63562e-07 2.16493e-06 4.49177e-10 9.42294e-07 2.06727e-10 1.51332e-09 0.291687 6.0102e-07 4.49822e-05 0.15552 0.324429 
0.156926 0.00207435 4.04519e-06 0.00294729 0.000573474 0.467764 5.73802e-08 0.00388283 0.000860572 6.5366e-08 3.59459e-11 9.45928e-11 1.32386e-06 7.05565e-11 0.000112131 0.00121942 0.0178024 3.08415e-11 2.25771e-10 0.0220064 0.212887 1.67797e-10 0.105127 0.00581179 
0.00832605 0.0333938 0.0262075 0.0208161 0.00876097 0.120532 3.17294e-05 0.00988241 0.000231125 4.02232e-06 1.92502e-05 6.57363e-10 0.182485 6.32493e-07 3.7631e-06 2.53517e-05 0.000129434 2.1433e-10 8.69206e-08 0.491009 0.0640519 1.16609e-09 0.0248849 0.00920462 
1.1098e-06 0.84445 4.46506e-06 1.12327e-06 1.25424e-06 1.13911e-06 7.20767e-07 1.00928e-06 0.000663902 4.92223e-07 8.96277e-12 6.37051e-08 0.0151347 1.75926e-11 1.15947e-08 0.139736 2.82272e-09 7.69002e-12 5.62939e-11 9.6934e-07 8.02602e-07 4.18385e-11 1.91378e-06 1.38063e-07 
3.77559e-07 0.119667 0.218822 0.00896698 0.00383348 0.00967318 5.57016e-09 3.03078e-05 0.000215294 3.16308e-05 2.14037e-09 5.63244e-09 0.0384744 0.0889956 9.19897e-09 0.0139607 1.2011e-06 1.83643e-09 1.34433e-08 0.0293545 0.000375855 9.99129e-09 0.189897 0.277701 
0.440022 0.0560292 0.00539576 0.113722 0.00218208 0.0152749 0.000135554 0.00231701 0.000324037 0.00685949 6.45172e-07 2.58413e-06 0.0167798 0.227091 0.000320716 0.00186893 0.00452684 5.47542e-07 1.20091e-06 0.00704564 0.0191941 8.92536e-07 0.0795066 0.00139884 
9.82314e-07 0.0941478 0.179431 9.9423e-07 0.020317 0.0134108 0.000829995 0.0136689 3.91496e-07 0.00705844 3.80871e-08 2.08764e-11 0.263771 1.403e-08 3.40955e-11 0.296657 2.49845e-09 6.80662e-12 4.9827e-11 0.013557 0.00575497 3.70322e-11 0.0762284 0.0151655 
0.00124701 0.00122061 0.365297 0.0333523 7.2298e-05 0.0110969 2.13267e-05 0.189447 5.65933e-05 4.24956e-11 5.71143e-08 0.000119684 0.0349657 0.000639779 1.16401e-10 0.000450241 3.93129e-05 2.32376e-11 1.70108e-10 0.229628 0.0704943 7.54109e-07 0.0616056 0.000246005 
1.44173e-08 0.00347815 0.0206038 0.000585691 0.00800553 0.00682396 0.00157571 0.00117767 0.000499437 0.00843157 0.00909525 7.21897e-05 0.0151654 0.0134785 4.30361e-08 0.892206 2.93163e-05 8.59146e-09 6.28927e-08 0.00545604 0.00350094 2.75863e-05 0.0038707 0.00591666 
7.88038e-05 0.000103859 8.341e-05 0.00132768 9.96783e-07 2.72079e-06 4.71333e-08 0.166889 3.37744e-06 2.882e-10 1.83677e-10 9.67307e-07 0.0536682 0.000892263 7.82928e-07 4.99637e-07 4.13734e-05 1.57594e-10 1.15365e-09 0.169076 1.437e-05 8.57411e-10 0.607816 2.4389e-10 
0.00124701 0.00122061 0.365297 0.0333523 7.2298e-05 0.0110969 2.13267e-05 0.189447 5.65933e-05 4.24956e-11 5.71143e-08 0.000119684 0.0349657 0.000639779 1.16401e-10 0.000450241 3.93129e-05 2.32376e-11 1.70108e-10 0.229628 0.0704943 7.54109e-07 0.0616056 0.000246005 
0.00035502 0.00583282 0.0169951 0.00279493 9.2089e-05 0.103709 0.000233623 0.00550723 0.000953434 0.000123058 7.96044e-08 4.91156e-09 0.00546219 4.10218e-06 3.36911e-05 8.0711e-06 0.000131756 1.60139e-09 1.17228e-08 0.0216542 0.000448183 0.000107292 0.7081 0.127455 
0.0112999 0.00908982 0.925662 0.00384897 0.00114553 0.021676 1.20996e-05 0.00899646 9.64707e-06 0.000306897 3.01909e-06 5.42715e-07 2.97735e-06 4.81636e-09 9.66925e-08 7.07335e-06 6.09147e-06 2.10531e-09 1.54117e-08 0.0029901 0.0128866 3.8572e-07 0.00198967 6.57577e-05 
1.91724e-06 0.215009 0.000637509 0.00198227 0.0186173 0.0237521 9.76212e-05 1.10597e-06 0.0116851 2.75597e-07 0.00140388 1.58886e-06 0.00246289 0.00811034 0.00348344 0.0233624 0.0213154 9.47941e-11 6.93929e-10 0.0290552 4.98192e-06 0.00158502 0.0335575 0.603873 
0.0166379 5.92385e-06 0.0062587 0.0028947 0.0175036 0.00875427 6.11188e-05 2.89132e-06 0.0103394 5.2975e-11 2.06261e-07 8.88467e-11 0.341862 6.62705e-11 6.94734e-06 4.90495e-05 0.000257634 2.8968e-11 7.21722e-08 0.230048 0.0218681 1.57604e-10 0.341749 0.0017009 
0.00124701 0.00122061 0.365297 0.0333523 7.2298e-05 0.0110969 2.13267e-05 0.189447 5.65933e-05 4.24956e-11 5.71143e-08 0.000119684 0.0349657 0.000639779 1.16401e-10 0.000450241 3.93129e-05 2.32376e-11 1.70108e-10 0.229628 0.0704943 7.54109e-07 0.0616056 0.000246005 
0.000329891 0.000722161 0.00123373 0.317468 0.00108722 0.00496034 8.17222e-06 0.0251705 0.00777742 0.00576848 2.43122e-07 0.00142302 0.00993492 0.0179828 8.56192e-06 0.112916 0.000374383 9.85318e-08 9.40654e-06 0.48529 0.0021661 1.06005e-06 0.000683832 0.00468334 
6.42307e-09 0.0123792 0.00497696 0.00603809 0.118703 5.67186e-06 5.50622e-06 6.20074e-05 1.18355e-08 5.52833e-06 1.66336e-06 1.17395e-08 0.0638144 0.0866576 8.8773e-06 0.211996 2.24645e-06 3.82761e-09 2.80195e-08 0.0285824 0.00207525 2.08245e-08 0.464667 1.76945e-05 
2.79649e-07 4.36561e-05 0.000596076 0.00246774 0.000141689 0.0593077 0.000103 0.00262215 0.000267879 3.04755e-07 1.94228e-07 5.11118e-07 0.000143568 3.81241e-07 8.34764e-07 0.0354037 5.53282e-05 1.66647e-07 0.828644 0.000146929 0.0252644 9.06663e-07 0.00825521 0.0365329 
0.171821 2.90593e-06 6.3844e-06 0.234169 3.53792e-06 0.538384 0.00085105 1.4166e-05 5.38804e-09 2.53668e-05 2.0309e-09 5.34437e-09 1.18693e-05 7.5469e-06 0.000303525 0.0177201 0.00817653 1.7425e-09 8.58963e-08 5.68982e-05 0.0284354 9.48028e-09 9.20613e-06 6.98505e-07 
0.0013359 0.0263472 0.292628 0.104704 0.00461932 0.0607176 1.10853e-07 0.014225 0.00222615 1.74113e-06 2.40192e-08 6.46159e-09 0.212198 0.0106224 0.000980169 0.00603824 2.21218e-07 5.10346e-11 3.73593e-10 0.189753 0.0190916 5.90866e-08 0.0438601 0.0106513 
0.0166379 5.92385e-06 0.0062587 0.0028947 0.0175036 0.00875427 6.11188e-05 2.89132e-06 0.0103394 5.2975e-11 2.06261e-07 8.88467e-11 0.341862 6.62705e-11 6.94734e-06 4.90495e-05 0.000257634 2.8968e-11 7.21722e-08 0.230048 0.0218681 1.57604e-10 0.341749 0.0017009 
0.00598317 0.000210667 0.100169 0.0137912 0.00119359 0.807176 8.9139e-07 0.0271462 9.08723e-07 5.37436e-07 0.0014005 9.01357e-07 0.000110365 6.72319e-07 1.47211e-06 6.38547e-07 0.000162398 2.93882e-07 2.40494e-05 8.97024e-05 0.00215058 1.5989e-06 0.0394181 0.000966999 
0.00257802 0.0319867 0.000129621 0.0723382 0.647189 0.00669261 1.1352e-06 0.0108642 0.000131058 0.0070172 1.78846e-06 1.14789e-06 0.0396557 9.80687e-05 0.103388 0.0774041 3.10772e-06 3.74263e-07 2.73975e-06 4.08405e-05 5.06779e-05 2.03622e-06 5.07892e-05 0.000373426 
0.000572378 0.028807 0.0490456 0.0044123 0.000491909 0.0100539 0.000103771 1.26763e-05 1.62788e-05 5.47695e-05 2.91991e-07 7.68384e-07 0.0544591 0.0150725 1.25494e-06 0.827146 2.42446e-05 2.50527e-07 0.00015367 0.00435048 0.000481051 1.36302e-06 0.00460842 0.000130001 
0.020552 0.000324763 0.566044 0.000388684 0.000324945 0.095787 0.00195757 0.148453 4.48795e-05 6.55104e-05 0.000185073 0.000674198 0.00350717 5.22303e-07 4.82304e-07 3.9822e-05 0.0295216 8.54525e-12 2.43044e-07 0.0380813 0.0664147 2.12437e-08 0.0270229 0.000609747 
9.28926e-08 0.00316535 0.00155177 0.0287111 0.0360853 0.00120257 5.95479e-08 0.00777511 1.72383e-07 0.00182922 4.57541e-12 1.20403e-11 0.476558 0.00975457 2.75322e-07 0.027399 7.19337e-09 3.92568e-12 3.73875e-08 0.386904 1.95689e-07 2.13581e-11 0.0190627 3.82806e-08 
0.0174089 0.0214374 0.399433 0.0418686 0.000101691 0.135848 0.00361295 0.071454 0.00756763 0.000771564 4.9539e-05 0.00118153 0.0152374 8.58482e-07 6.50865e-07 1.02732e-06 3.49251e-07 2.96606e-10 1.08738e-07 0.047908 0.0555342 2.10877e-07 0.169551 0.0110313 
3.87283e-10 1.07575e-06 1.13382e-06 8.76845e-07 0.000869706 0.00877345 6.40498e-07 2.16325e-07 2.47448e-05 4.22053e-10 2.68985e-10 7.07843e-10 5.86974e-06 1.31721e-05 1.15606e-09 0.514018 0.000371826 2.30788e-10 1.68946e-09 0.000238037 1.89681e-06 1.25563e-09 1.35223e-08 0.475679 
1.91724e-06 0.215009 0.000637509 0.00198227 0.0186173 0.0237521 9.76212e-05 1.10597e-06 0.0116851 2.75597e-07 0.00140388 1.58886e-06 0.00246289 0.00811034 0.00348344 0.0233624 0.0213154 9.47941e-11 6.93929e-10 0.0290552 4.98192e-06 0.00158502 0.0335575 0.603873 
0.000291818 0.000518157 0.00269873 0.00263813 0.931861 0.00160649 1.18473e-06 0.00320401 0.0327991 7.14294e-07 4.55238e-07 1.19797e-06 0.00161853 0.00132017 1.95655e-06 6.15853e-06 0.000324359 3.90593e-07 2.85929e-06 0.00635433 0.00788989 2.12507e-06 0.00685729 6.04474e-07 
6.47634e-05 0.0479486 0.495529 0.150211 0.00776477 0.0107197 3.06658e-05 0.0100944 6.41917e-05 0.000126875 5.61416e-06 5.77836e-07 0.0164919 0.000539383 3.28406e-05 0.192319 1.80611e-05 1.884e-07 2.46321e-06 0.0522147 0.00754655 1.02501e-06 0.00733333 0.000939885 
0.00354934 0.0354464 0.326294 0.0131762 0.0151961 0.0956038 4.37629e-10 0.00883034 4.46138e-10 0.000324703 1.68161e-10 4.20413e-07 0.282496 0.0105761 7.22733e-10 0.0965388 2.86265e-07 1.44282e-10 1.0562e-09 0.0155133 0.0826844 7.84983e-10 0.0131999 0.000569726 
0.00237279 0.158671 0.124115 5.46276e-06 0.0232183 0.0128178 2.62617e-09 3.69057e-07 3.83188e-06 0.000275949 0.00054288 3.22637e-06 0.0559812 0.00467182 4.33705e-09 0.389882 9.6843e-08 8.65821e-10 6.33813e-09 0.00935806 0.0056403 4.7106e-09 0.0296016 0.182839 
7.88038e-05 0.000103859 8.341e-05 0.00132768 9.96783e-07 2.72079e-06 4.71333e-08 0.166889 3.37744e-06 2.882e-10 1.83677e-10 9.67307e-07 0.0536682 0.000892263 7.82928e-07 4.99637e-07 4.13734e-05 1.57594e-10 1.15365e-09 0.169076 1.437e-05 8.57411e-10 0.607816 2.4389e-10 
0.0102066 0.0103366 0.668688 0.0040781 2.92277e-08 0.148863 1.043e-10 0.00349651 0.000151388 1.22667e-06 1.01973e-09 1.05466e-10 0.00112153 0.000975027 1.72249e-10 0.00565447 0.000834457 3.43867e-11 2.51724e-10 0.0273489 0.103152 3.69298e-08 0.00529601 0.00979522 
0.000776341 0.0239915 0.00317834 0.0697765 0.0559096 0.0410238 4.46766e-06 0.023274 0.000457685 0.101167 0.000139161 6.14999e-05 0.0691639 0.00357045 3.6327e-06 0.000955339 0.000436915 5.22592e-08 6.92457e-06 0.0415186 0.0484733 2.84322e-07 0.509714 0.00639734 
0.00683217 0.000470722 0.582126 0.00330728 0.00971387 0.0950502 2.90232e-06 0.0001521 6.34668e-08 4.96012e-08 2.84572e-06 2.47131e-05 0.0499756 1.01307e-05 1.69495e-10 0.0433916 9.12834e-05 3.38369e-11 2.47699e-10 0.148961 0.0503059 1.84093e-10 0.00954251 3.88417e-05 
0.000329891 0.000722161 0.00123373 0.317468 0.00108722 0.00496034 8.17222e-06 0.0251705 0.00777742 0.00576848 2.43122e-07 0.00142302 0.00993492 0.0179828 8.56192e-06 0.112916 0.000374383 9.85318e-08 9.40654e-06 0.48529 0.0021661 1.06005e-06 0.000683832 0.00468334 
1.75199e-07 0.0889183 2.02615e-10 0.23714 0.0311046 0.00578851 1.83309e-07 0.160653 2.76662e-10 0.00675679 1.04281e-10 2.7442e-10 0.113413 0.275422 0.000540713 1.94407e-10 3.19879e-05 8.94731e-11 6.54977e-10 0.0701535 9.4875e-08 4.86789e-10 0.0100768 2.46778e-07 
0.00124701 0.00122061 0.365297 0.0333523 7.2298e-05 0.0110969 2.13267e-05 0.189447 5.65933e-05 4.24956e-11 5.71143e-08 0.000119684 0.0349657 0.000639779 1.16401e-10 0.000450241 3.93129e-05 2.32376e-11 1.70108e-10 0.229628 0.0704943 7.54109e-07 0.0616056 0.000246005 
0.000672584 0.0289124 0.000660749 0.00802578 0.000135944 0.124144 0.000608282 0.00381775 0.0638826 4.84126e-05 0.000299878 0.00161275 0.0876725 0.0054126 3.42901e-06 0.00614469 1.49132e-05 1.00938e-10 7.38908e-10 0.0722141 0.0217878 3.3785e-07 0.201806 0.372122 
0.000427785 0.0249991 0.762102 0.0233998 6.25654e-05 0.0283476 0.000197048 0.00401641 2.15298e-07 0.00290916 8.11515e-08 4.63839e-06 0.0257023 0.019132 6.42733e-06 0.00341773 3.28705e-06 6.96277e-08 5.09701e-07 0.0173518 0.0100669 2.42396e-06 0.0778161 3.44057e-05 
