0.000606794 0.000132572 6.45672e-07 0.0984723 0.00448833 0.000938059 5.82202e-05 0.0300826 0.000551274 0.00178764 0.00173393 0.000571659 0.0177575 0.00125939 8.93323e-06 1.74693e-07 1.45047e-05 0.432796 8.95536e-08 0.0212378 0.000573415 2.91657e-05 0.145925 0.240975 
0.00128989 0.000883206 9.98623e-05 0.00404935 0.121643 0.0139305 0.000465088 0.0012662 9.17174e-05 0.00128417 1.7754e-05 3.39894e-05 0.0119549 0.000543927 1.12479e-05 9.96249e-09 0.00359729 0.640929 2.69617e-10 0.144952 0.00143112 3.31062e-05 0.0461387 0.00535375 
0.0009499 0.0105425 0.000757931 0.0076899 0.140197 0.0167421 1.51496e-05 0.0438147 0.00418319 0.00509913 8.62982e-05 0.00138544 0.0101357 0.00253962 1.91605e-05 0.000547679 7.72536e-05 0.415791 3.86786e-09 0.0263667 0.000774909 2.39776e-05 0.0513278 0.260932 
4.95299e-10 0.0019702 0.0561654 2.06479e-10 0.000289218 0.000215905 0.00375359 1.32565e-06 7.05178e-06 5.39765e-10 2.52325e-05 9.85814e-08 0.0100751 6.75233e-10 1.47849e-09 0.000848542 1.27464e-07 0.799081 2.16065e-09 1.09137e-10 0.0953319 1.60583e-09 0.0198892 0.0123457 
0.0063743 0.0286596 0.00746135 0.0269211 0.083367 0.048171 0.00184872 0.0718686 0.00352968 0.00392768 0.000268845 0.000482332 0.0143214 0.00174809 0.00105991 0.00863836 0.00359391 0.283655 0.000259007 0.142146 0.0066809 4.83768e-05 0.174396 0.0805725 
0.000534852 0.0262689 0.000957404 0.0194892 0.201597 0.00335255 0.0117829 0.0228858 0.000225073 0.000316417 0.0339695 0.00773394 0.163122 0.000144808 0.00722005 3.23621e-05 0.0109896 0.250145 3.39225e-12 0.107918 0.000288934 1.54263e-05 0.130665 0.000344928 
0.0252087 0.0638925 0.00465547 0.105406 0.0427181 0.0248508 0.00425587 0.112323 0.00159684 0.0174958 7.83993e-05 0.00552799 0.0626578 0.0112351 0.000624029 0.00473026 0.0114877 0.274503 9.45683e-09 0.11004 0.00618823 3.66589e-05 0.102309 0.00817924 
0.0141018 0.0198704 0.0373947 0.0608178 0.0485794 0.0690917 0.143765 0.0112443 4.99823e-06 0.0029152 1.82505e-06 1.22289e-05 0.0628056 0.000284045 0.000142302 0.00135117 0.00595245 0.285369 0.0534455 0.096871 0.00883086 4.02254e-05 0.0282701 0.048839 
0.00244274 0.0142037 0.000168178 0.0347189 0.00897695 0.0907282 0.00743531 0.0653044 0.0687199 0.00327134 0.00239656 0.0123417 0.0542511 0.0151233 0.000197384 0.00473491 0.0367159 0.235042 3.83655e-08 0.0660753 0.0106967 8.79483e-05 0.0824453 0.183922 
0.00902723 0.0648051 0.00390665 0.181232 0.019383 0.159243 0.00303635 0.0305081 0.000113034 0.00934038 0.00113196 0.00037637 0.0105566 0.00426872 0.00103892 0.00205588 0.00655004 0.195438 1.19639e-05 0.140851 0.0189289 2.00259e-07 0.120058 0.0181393 
0.000100247 0.0371277 0.000916298 0.0800128 0.0248697 0.00640181 0.00054991 0.0713142 3.71119e-05 0.0381209 6.54957e-05 0.000885619 0.147951 0.00144888 1.07865e-06 0.00745084 0.00391007 0.468755 8.83321e-05 0.0375068 0.021137 6.82262e-06 0.0501054 0.00123742 
6.025e-06 0.0925383 1.18402e-05 0.00794319 0.127374 1.94901e-05 1.0572e-09 2.82473e-07 1.07775e-09 4.71048e-05 2.43781e-06 1.06902e-09 1.19828e-07 5.42294e-06 1.74593e-09 7.57322e-10 0.000229523 0.496787 2.55149e-09 2.69229e-05 3.35271e-05 1.89631e-09 3.79952e-05 0.274937 
0.00202758 5.33424e-06 0.000179189 0.258671 7.39546e-06 0.0503827 2.21801e-06 0.0108965 0.00338561 0.266821 4.82069e-07 3.64101e-05 0.0169868 8.11859e-06 1.29254e-06 4.29666e-09 5.4728e-06 0.336932 5.82996e-07 2.65895e-06 1.44719e-06 0.00109689 0.00617766 0.0463723 
0.00193505 0.00710907 0.0310908 0.132024 0.271882 0.0665089 0.0171896 0.0139242 0.000320968 0.00183839 0.00267448 6.50596e-07 0.0226602 0.0145946 0.0076231 0.000215364 0.0050659 0.281647 4.57588e-12 0.0938955 0.00943993 3.50598e-09 0.0170324 0.00132848 
0.00776459 0.0538556 0.00341261 0.0151571 0.0186679 0.0548205 5.54298e-05 2.72302e-05 0.0003328 0.0593915 0.000264802 4.71562e-07 0.00113827 0.0267603 6.37603e-06 0.0154175 4.96813e-06 0.389934 0.000112174 0.011078 0.0175706 0.000154172 0.0775571 0.246516 
0.00727658 0.00952676 0.000401947 0.0865179 0.0238538 0.0149502 0.00519476 0.210619 0.000192581 0.0187525 0.000320839 0.00478419 0.0098302 0.000550731 1.25521e-05 9.70247e-05 0.09558 0.441717 2.90567e-05 0.0197625 0.0139759 6.25359e-06 0.0350055 0.0010431 
0.000179349 0.00494213 0.00142271 0.0888829 0.0212441 0.0447568 0.000110732 0.00772764 1.09681e-06 0.00175947 9.20759e-07 5.92385e-06 0.0474714 0.0811077 1.0361e-05 0.00256957 0.0012582 0.43046 7.6391e-07 0.183782 0.0595898 6.49269e-06 0.0221985 0.000511326 
0.000983346 0.00921181 0.00350465 0.0277382 0.0314348 0.0067227 0.00992117 0.0231595 0.000188101 0.00921952 0.0468743 0.00484746 0.0283629 0.000367526 4.96243e-05 3.33513e-07 2.90353e-05 0.595791 1.1075e-11 0.0287396 0.000260284 0.0815019 0.0182938 0.072798 
7.52756e-05 0.00861887 0.000140168 0.0272161 0.0210007 0.0061868 0.000522602 0.153063 0.00510489 0.000509837 0.000120767 0.00400256 0.018521 0.00134517 3.08365e-05 0.0132162 0.00164488 0.67819 4.75797e-09 0.0491043 0.00010793 6.03972e-06 0.00450319 0.00676962 
0.00377137 0.0342851 0.00225061 0.0183976 0.15644 0.0366718 0.000646526 0.0724815 0.000383112 0.00978694 0.00569315 4.14781e-05 0.0235912 0.00264355 0.0198577 0.000437315 0.00141061 0.243237 1.6028e-10 0.218007 0.00102469 7.70198e-06 0.144756 0.0041775 
0.000172946 0.0401059 0.00152075 0.0651591 0.103368 0.0146043 0.000421205 0.14446 8.75113e-05 0.00851181 0.000352164 0.0179969 0.135845 0.000821964 1.56653e-06 0.00262771 0.000622229 0.318096 0.000229451 0.0867419 0.0150012 8.62911e-06 0.0430562 0.000187281 
0.00299945 0.0315084 0.0105627 0.0265038 0.0235095 0.0220827 0.00593317 0.118924 0.000335103 0.00714575 0.00205708 0.00283473 0.01205 0.0004884 0.000402038 0.00713129 0.0150997 0.624742 2.48816e-07 0.0301721 0.000820885 5.55435e-06 0.0440987 0.0105932 
0.0271835 0.0667428 0.0105773 0.034907 0.0731182 0.0143586 0.00319768 0.0227551 0.000992706 0.00951291 0.00461746 0.00202242 0.0798915 0.0015661 0.00206352 0.00120312 0.00738394 0.239308 0.00961272 0.23449 0.00384015 1.62218e-05 0.115533 0.0351051 
0.00556708 0.0566452 0.00384111 0.0528916 0.064398 0.0283081 0.00314251 0.0408817 0.00567357 0.00598706 0.0028693 0.0022564 0.0616678 0.00106057 0.00407543 0.00231893 0.0187783 0.431541 3.27249e-06 0.118726 0.0121752 0.0131071 0.0384151 0.0256699 
0.00838734 0.0867938 0.000147787 0.00376476 0.171221 0.0646488 0.0169529 0.00295223 0.00165975 0.00118428 0.00148703 0.00144031 0.00321954 0.00485619 0.0083317 6.39216e-06 0.0077214 0.35672 1.67461e-09 0.0669896 0.000276629 3.07252e-08 0.0197092 0.171529 
0.000100247 0.0371277 0.000916298 0.0800128 0.0248697 0.00640181 0.00054991 0.0713142 3.71119e-05 0.0381209 6.54957e-05 0.000885619 0.147951 0.00144888 1.07865e-06 0.00745084 0.00391007 0.468755 8.83321e-05 0.0375068 0.021137 6.82262e-06 0.0501054 0.00123742 
1.24575e-06 4.16188e-05 5.95208e-08 0.0409999 0.0244362 0.000179424 7.44187e-05 0.00354315 8.95759e-08 0.0136975 1.64171e-08 3.24127e-08 0.420969 0.000564102 2.13087e-08 3.14554e-11 1.29538e-07 0.423693 1.05976e-10 0.0713306 5.06873e-06 9.40299e-09 0.000464537 2.48618e-08 
0.00216168 0.0662224 0.000668856 0.0428958 0.0229291 0.00694857 0.000291342 0.0271011 1.10817e-05 0.0167051 0.000467789 0.000160522 0.240697 0.00137144 0.000225158 0.000164229 0.0202989 0.281709 1.12466e-08 0.174616 0.0012864 0.0653348 0.026407 0.00132634 
0.000156615 0.0253935 3.30437e-09 0.0112479 0.0241969 0.000561079 0.000980422 0.19309 0.00181234 0.000101053 0.00036478 0.000959131 0.00338361 0.00026892 8.39936e-06 2.39231e-09 2.80353e-05 0.634612 2.52101e-12 0.0771787 6.77335e-05 0.000197552 0.0200769 0.0053152 
9.39754e-05 0.00533115 3.1557e-05 0.087789 0.0202128 0.000718617 0.00105231 0.224323 0.000190112 0.0108316 1.40148e-05 0.0004221 0.0373976 8.7675e-05 6.74529e-06 5.59865e-05 0.000401889 0.579396 1.021e-09 0.0134469 0.000375497 2.18259e-06 0.0175214 0.000298092 
0.00187651 0.000104428 0.000165834 0.12883 0.000384873 0.00703835 3.36818e-08 0.155332 1.27365e-07 7.74178e-05 6.93543e-06 0.000166547 3.45067e-08 0.00207057 1.08054e-07 0.0020213 6.88438e-05 0.634335 9.51415e-10 0.0265237 2.35764e-07 3.34375e-06 0.0386633 0.00233021 
0.0118027 0.0165833 0.00535202 0.0731605 0.0877418 0.0292318 0.0078232 0.0293867 0.000669268 0.00172601 0.00271332 0.00110947 0.010118 0.0139237 0.000635102 0.0204786 0.0142453 0.257569 1.17236e-08 0.0739326 0.00257372 3.82472e-06 0.109545 0.229674 
0.000648795 0.016474 0.00856243 0.0395787 0.0120771 0.0166621 0.0151976 0.0679759 0.00112754 0.119876 0.0789279 0.000968204 0.0530658 0.00217089 0.000538533 6.48518e-07 0.0019296 0.437143 3.21342e-07 0.0153628 0.00100578 0.000374679 0.0233465 0.0869849 
0.000865522 0.0791502 3.13255e-05 0.206829 0.0700528 0.00469433 0.00113893 0.0340911 0.000701924 0.00336433 0.00185883 0.00168651 0.010211 0.000745197 0.00198483 9.26414e-07 5.8562e-05 0.485137 0.0018645 0.0326306 0.000352215 0.0440203 0.0126495 0.00588029 
0.0218134 0.00200897 8.21094e-05 0.00914777 0.0473295 0.0255167 0.00634076 0.0345449 0.00155883 0.000937099 0.000398476 3.71149e-06 0.020249 0.000537657 1.88163e-05 1.12048e-05 3.04281e-05 0.563683 9.12043e-11 0.0103639 0.00249712 2.85956e-05 0.0412458 0.211652 
0.0015806 0.0314745 0.0004389 0.0442629 0.0345515 0.0077413 0.00345846 0.0524896 0.00013903 0.00038459 3.32016e-05 0.000139188 0.00574164 0.00113202 0.00173176 0.000205813 0.00185309 0.59595 6.90522e-11 0.163184 0.00882664 9.02544e-05 0.0429499 0.00164145 
0.0831885 0.0288065 0.000918497 0.0455853 0.182458 0.0127744 0.0120753 0.00816114 0.000400961 0.0199281 0.0121045 0.00193018 0.0223912 0.00111029 5.46475e-05 2.97443e-09 0.00046512 0.491699 3.22374e-06 0.0314707 0.0038226 4.15826e-05 0.0148337 0.0257763 
0.000933234 0.0285606 0.0128462 0.0497604 0.0423898 0.0181151 0.00603593 0.113976 0.00425241 0.0886193 0.00894381 0.00623797 0.0636861 0.00634502 0.00244326 0.00425501 0.00252665 0.23536 3.96719e-08 0.0405621 0.0202091 3.82828e-07 0.135811 0.108131 
0.00402713 0.0156561 0.00244365 0.0292927 0.0848127 0.0355857 0.000992893 0.0274765 0.000968012 0.01596 0.000397577 0.00174355 0.0489792 0.000651624 0.000321602 0.00109394 0.00164088 0.275658 6.07607e-10 0.0948688 0.00558362 0.0003613 0.156485 0.194999 
0.00388937 0.00865552 0.000275641 0.0243772 0.0238057 0.00794531 0.00490567 0.197805 0.00417108 0.000467039 0.000371914 0.0056709 0.0192405 0.00141178 0.000139066 0.00944016 0.0231967 0.602893 3.95691e-09 0.0462488 0.000974618 4.31552e-06 0.00891301 0.00519719 
0.000177992 0.0100675 0.000377452 0.0365014 0.022305 0.020198 0.000435737 0.349499 0.00300857 0.00149714 0.000144203 0.00552303 0.0190177 0.0032471 9.59981e-06 0.00681195 0.00440695 0.431922 2.9444e-09 0.0619916 0.00158828 1.49173e-06 0.0142547 0.00701408 
0.000110991 0.00888145 0.000100124 0.0324221 0.0232756 0.00831288 0.000732302 0.257468 0.00415012 0.000393195 0.000164257 0.0131426 0.0202312 0.00192131 2.20315e-05 0.00944015 0.00136191 0.552185 3.76615e-09 0.0567076 0.000493528 6.64591e-06 0.00364129 0.00483547 
0.000401144 0.0362627 0.00113432 0.0194947 0.170548 0.00874196 0.0116012 0.0390218 0.000698443 0.000350119 0.0269401 0.0100011 0.148987 0.000559371 0.00542223 0.000768193 0.0279054 0.263339 3.32764e-12 0.118387 0.00035652 1.34033e-05 0.108325 0.0007404 
0.00162158 0.0950366 0.00567714 0.206894 0.0711565 0.0197512 0.000675563 0.091344 2.36036e-05 0.0124227 0.0464859 0.00156989 0.0569632 0.0709415 0.00204101 0.0205372 0.000387145 0.220005 2.41212e-05 0.00684922 0.0317956 7.22568e-05 0.03534 0.00238498 
7.52756e-05 0.00861887 0.000140168 0.0272161 0.0210007 0.0061868 0.000522602 0.153063 0.00510489 0.000509837 0.000120767 0.00400256 0.018521 0.00134517 3.08365e-05 0.0132162 0.00164488 0.67819 4.75797e-09 0.0491043 0.00010793 6.03972e-06 0.00450319 0.00676962 
0.00575914 0.0235995 0.0010388 0.0421797 0.0295471 0.0250261 5.86746e-05 0.143063 0.00128718 0.0272663 8.28317e-05 0.000685845 0.14084 0.00108289 2.17729e-08 0.0636978 0.00718483 0.323282 3.3263e-11 0.105306 0.0371769 5.01807e-07 0.00653734 0.0152977 
8.39588e-09 1.40024e-08 0.000214922 1.43427e-08 0.0091662 0.000684071 0.000248765 0.000907093 1.01684e-09 4.94914e-08 5.36538e-05 2.5152e-12 0.000149083 0.000104343 4.10786e-12 4.27822e-09 2.04342e-09 0.794226 6.00321e-12 0.175481 7.98404e-13 1.74197e-05 0.0161804 0.00256723 
6.34811e-05 0.00171352 0.000239481 0.000972418 0.0294951 0.000626808 8.71711e-05 0.00683213 4.93414e-08 0.000187872 9.90462e-06 4.33516e-10 0.0996546 0.000289299 4.2154e-05 7.38934e-07 1.68303e-05 0.792178 1.0347e-09 0.0552052 8.5248e-06 7.63546e-05 0.011782 0.000518357 
0.00293131 0.0241584 0.00121173 0.0415977 0.0785856 0.0175546 0.000298849 0.0273517 5.24567e-06 0.000793744 3.58424e-05 3.70836e-06 0.0277381 0.0142039 4.48614e-05 0.000192219 0.00126431 0.430605 5.27257e-07 0.2629 0.00328041 0.000239271 0.0530687 0.0119334 
0.00787464 0.0044901 0.00067544 0.0279411 0.166824 0.0565425 0.000603994 0.00580008 0.00376627 0.00876974 2.94913e-06 1.48433e-06 0.0536816 0.000405751 0.00224786 0.000377772 0.000382221 0.453625 5.09344e-08 0.102698 0.0106792 8.39421e-07 0.0857268 0.00688229 
0.000908809 0.0289457 0.000689927 0.0416964 0.112424 0.011844 0.00393844 0.0169351 0.000873891 0.000673136 0.00261058 0.00466987 0.0470257 0.00101408 0.00132667 0.00025873 0.0080722 0.384854 4.22297e-09 0.305208 0.000965474 2.29058e-05 0.0239552 0.00108641 
0.241037 0.0150883 2.22617e-06 5.23992e-06 0.000578843 0.0338631 5.32161e-06 0.070433 3.8473e-10 0.0377474 4.36495e-08 3.85427e-08 0.0096055 9.96532e-07 6.23253e-10 1.62477e-07 9.11591e-11 0.369867 9.10818e-10 0.125637 2.56819e-06 6.76934e-10 0.0961247 7.12641e-07 
0.000290736 0.000277729 0.000281145 0.261906 0.024267 0.00633318 0.000246766 0.220885 0.000117164 0.0286282 4.33144e-05 0.00704649 0.0702625 0.00098445 2.66407e-05 0.000130672 0.0119261 0.296662 1.13844e-09 0.0127567 0.00208247 2.15648e-06 0.0544577 0.000385131 
0.000372898 0.00645981 7.02552e-06 0.00072655 0.00774581 0.233564 0.0119877 0.0298444 9.93233e-06 0.000302036 0.000303047 1.13688e-05 0.0014421 0.00113175 3.01021e-08 3.21893e-05 8.92054e-07 0.505656 4.39911e-08 0.035756 0.00233344 4.33389e-06 0.0207314 0.141577 
0.00193505 0.00710907 0.0310908 0.132024 0.271882 0.0665089 0.0171896 0.0139242 0.000320968 0.00183839 0.00267448 6.50596e-07 0.0226602 0.0145946 0.0076231 0.000215364 0.0050659 0.281647 4.57588e-12 0.0938955 0.00943993 3.50598e-09 0.0170324 0.00132848 
0.00352287 0.115933 0.0108916 0.0634466 0.0208526 0.0121242 0.00626166 0.0665123 0.00613826 7.80258e-05 0.111488 0.00686485 0.00359269 0.00117229 0.000476511 0.0129714 0.00126881 0.446215 0.00212671 0.0404791 0.00207259 0.0355736 0.0109788 0.018959 
0.00398316 0.0349096 0.00106508 0.00914642 0.243242 0.0019142 9.60584e-05 0.0292884 0.000228262 0.0086804 2.17209e-05 0.000753746 0.161263 0.00042912 3.06445e-05 0.037083 0.000885259 0.343199 3.21439e-08 0.0924512 0.00328145 1.31654e-05 0.0239339 0.00410082 
0.000100247 0.0371277 0.000916298 0.0800128 0.0248697 0.00640181 0.00054991 0.0713142 3.71119e-05 0.0381209 6.54957e-05 0.000885619 0.147951 0.00144888 1.07865e-06 0.00745084 0.00391007 0.468755 8.83321e-05 0.0375068 0.021137 6.82262e-06 0.0501054 0.00123742 
0.00138249 0.0331741 0.000985507 0.117988 0.0256108 0.0256242 0.000800731 0.250955 0.000305881 0.0099707 5.49355e-05 0.0022154 0.0299932 0.00141718 1.01786e-05 0.00763073 0.00217089 0.333441 8.37601e-06 0.120733 0.0170294 1.09428e-05 0.0142306 0.00425672 
0.000864579 0.000636451 0.00204753 0.0218541 0.00810899 0.00328755 0.000142662 0.0320911 0.000591173 0.000543754 0.000333017 0.000171741 0.0619758 0.000153094 3.10482e-06 0.000667663 0.00942446 0.486934 5.44626e-12 0.0701296 0.00152137 2.70714e-05 0.240161 0.0583303 
0.00360799 0.134454 0.00225488 0.0600647 0.0411166 0.0199175 0.196586 0.0200453 0.00090789 0.0162286 0.00684333 0.00677716 0.0204935 0.000707402 0.00340716 0.00427053 0.012763 0.309868 1.22626e-07 0.070959 0.00300569 0.00125979 0.023611 0.0408507 
0.00194737 0.175448 0.00019918 0.0700702 0.0889411 0.0561644 0.00384286 0.082901 0.00170367 0.00143102 0.0106223 0.00185622 0.0237618 0.00196975 0.000180867 0.00906115 0.0482448 0.29538 5.16104e-09 0.094312 0.00299519 2.57098e-06 0.0206322 0.00833161 
5.40063e-05 0.233407 0.000193344 0.0469431 0.122272 0.00217656 0.000614613 0.00273503 0.000175257 0.0453075 0.000211407 0.000373336 0.0202204 0.00349442 0.00193297 0.000153729 0.00103336 0.478638 0.00237587 0.0265977 0.00201163 8.04225e-05 0.00742892 0.00156953 
0.00555889 0.000436243 8.96809e-05 9.80778e-05 0.0250969 0.0249035 6.15312e-05 0.0089827 4.38792e-05 0.000845502 6.39168e-05 9.21459e-05 0.00177988 0.00532957 5.97135e-07 4.69433e-05 0.000393786 0.783932 8.03012e-07 0.0117193 0.00529602 0.000134411 0.108927 0.0161664 
0.000372251 0.0128323 0.000177389 0.0393763 0.0157973 0.0401376 0.00114306 0.332321 0.00152517 0.000487397 0.000172797 0.0130131 0.0148196 0.00309737 6.35235e-06 0.00769205 0.0353072 0.387909 2.73539e-09 0.0695855 0.00109481 2.79525e-06 0.0144786 0.00865055 
0.00472285 0.0457415 0.00797824 0.012166 0.0102951 0.198522 0.00256972 0.0375511 0.000141054 9.85287e-05 0.000126865 0.00238774 0.00660176 0.00133559 9.78654e-05 0.000341549 0.00206366 0.306625 2.49485e-10 0.13169 0.0544125 2.46428e-05 0.143383 0.0311243 
0.0233477 0.00113566 0.00136005 0.0314457 0.0342704 0.00915007 3.80714e-06 0.0170598 0.0111341 0.120827 0.000589887 1.29539e-06 0.0300139 0.0605982 0.000996998 3.11549e-08 1.58661e-05 0.291819 1.04964e-07 0.008495 0.0686654 0.000871727 0.0950519 0.193145 
0.000309766 0.0217237 0.000154961 0.0400896 0.00290682 0.00186433 9.1947e-05 0.196946 3.61218e-06 6.25904e-07 6.28571e-06 9.65895e-10 0.0100936 0.000270915 1.57751e-09 6.84268e-10 0.0311528 0.537443 2.30537e-09 0.0814556 1.59828e-06 2.02063e-07 0.0692194 0.00626461 
0.000161245 4.52558e-05 1.72405e-05 0.0023858 0.00236408 0.000960205 0.00128406 0.00987778 4.9191e-06 0.000809076 6.88644e-05 8.22052e-06 0.0270299 0.0189223 3.56845e-06 0.000182134 1.14871e-05 0.90307 1.00554e-10 0.00627102 0.000933671 1.00868e-06 0.0192065 0.00638163 
0.000460197 0.00692446 0.000891771 0.0308056 0.00970097 0.0133103 0.000579832 0.0940482 0.000511223 0.00782385 0.000127913 0.000427317 0.0765999 0.00174706 6.86747e-06 0.00235754 0.0393125 0.616347 3.04803e-08 0.0491577 0.00446798 5.79508e-06 0.033491 0.0108952 
0.0100791 0.00617307 0.00399726 0.0386852 0.00427367 0.208552 0.000102562 0.12748 0.000354722 0.033723 0.000137892 7.53445e-06 0.00680795 0.00296366 0.00147386 0.00190767 0.0863209 0.237383 1.95128e-07 0.117863 0.0182963 5.80158e-06 0.0909143 0.00249718 
0.000562793 6.2465e-07 7.38162e-05 6.3982e-07 0.00306414 0.000229948 8.56942e-05 0.000306613 0.000126575 3.33039e-06 0.00205157 2.80607e-10 5.08415e-05 0.00915114 4.58292e-10 2.87964e-07 1.3753e-07 0.584335 1.00229e-06 0.139009 8.90735e-11 6.78802e-06 0.0643667 0.196573 
0.00446303 0.0486411 0.00805308 0.013333 0.0133853 0.163376 0.00229648 0.0378267 0.00121373 0.000250763 0.000129469 0.00865395 0.0215688 0.0100977 7.84395e-05 0.000650824 0.0014444 0.273726 1.51169e-10 0.152498 0.0361325 3.33888e-05 0.165176 0.0369718 
0.00029975 0.00701697 0.000451192 0.151985 0.118258 0.0339842 3.87045e-05 0.0304779 0.00676428 0.000726907 7.74316e-05 0.000514107 0.0385267 0.00395717 9.43467e-05 0.0554451 2.87311e-05 0.23439 0.000347735 0.0585057 0.0041574 5.80358e-06 0.168343 0.0856045 
0.000135287 0.0325335 0.00216878 0.0498013 0.0288069 0.005386 0.00283819 0.0167335 0.016865 0.0289407 0.0493485 0.00020021 0.0338168 0.00846904 0.00134298 0.0246641 4.98361e-05 0.344412 1.39038e-06 0.160199 0.00155697 0.0316444 0.106686 0.0534 
0.000533884 0.0856478 0.053984 0.0112189 0.0947841 0.0273705 0.00226417 0.00781481 0.000694063 0.00668684 0.0095764 0.00350864 0.0490345 0.00504687 0.000331313 0.033625 0.00197177 0.275406 2.26487e-06 0.0662354 0.000843031 0.13279 0.0620003 0.0686297 
0.00263557 9.08718e-07 0.0122635 0.00863417 9.08761e-07 0.0319007 9.08141e-07 9.08755e-07 9.08122e-07 0.0992048 9.08641e-07 9.08134e-07 0.0186307 0.0077218 9.07608e-07 9.0837e-07 0.00536258 0.791193 0.000817193 9.08856e-07 0.0121774 0.00272338 0.00354512 0.00318079 
0.0028607 0.036934 0.0120851 0.166315 0.012839 0.0606772 0.000390921 0.102564 0.00144817 0.00251104 0.000757011 0.0012338 0.0630787 0.024464 0.00771273 0.0100345 0.00456139 0.20197 0.000645561 0.157506 0.0302244 0.00202482 0.0762912 0.0208706 
0.000236148 0.00331277 0.000232707 0.0122666 0.0502905 0.00515849 3.78886e-07 0.00202883 9.10911e-07 0.00130411 0.20287 0.0242702 0.0111436 1.42485e-06 6.51033e-06 5.21599e-05 0.000308745 0.551059 1.08061e-08 0.0150554 0.000245638 0.0535188 0.00963474 0.0570023 
0.00144844 0.0259344 0.0123545 0.0202665 0.0532367 0.0812645 0.000102669 0.044608 3.76259e-05 0.0128287 6.41955e-06 2.78307e-06 0.0835617 0.0167703 0.000268055 0.00669821 0.00115826 0.22028 0.0635728 0.184447 0.0190864 3.29854e-05 0.139192 0.0128405 
0.000252386 0.00104215 0.00036244 0.192957 0.196871 0.00112317 2.24956e-07 0.207979 0.000111412 0.021769 1.46232e-08 4.01433e-07 0.0399955 0.000169501 7.75725e-08 0.00168132 1.30302e-06 0.323043 2.25114e-08 0.00312208 0.00156141 1.93125e-05 0.00738713 0.000550375 
3.66999e-06 1.99264e-05 0.000243524 0.0913653 0.148321 0.000973227 4.1954e-05 0.00698644 1.48035e-05 0.00297445 2.08426e-05 2.64516e-05 0.0693369 0.00269127 7.11073e-07 9.83698e-07 2.10565e-06 0.40739 4.28037e-09 0.0325587 3.56399e-05 0.000808524 0.213381 0.0228021 
3.44402e-05 0.0160249 0.00013949 0.0004095 0.0304696 0.00242649 9.46681e-05 0.00401145 0.00167589 0.000163519 1.49312e-05 2.50136e-06 0.00361898 9.01941e-05 3.35414e-06 0.00130445 9.81412e-06 0.785717 1.45873e-07 0.0717621 1.35441e-05 0.0004916 0.0384063 0.0431151 
0.000165206 4.66507e-05 2.49815e-05 0.00295754 0.00264367 0.00120424 0.00133993 0.00965201 5.82489e-06 0.00100488 6.92189e-05 1.11214e-05 0.0281086 0.0240413 4.76147e-06 0.000225282 1.71962e-05 0.892726 1.03354e-10 0.00740892 0.00108587 1.68682e-06 0.0209144 0.00634081 
3.68199e-05 0.002675 6.04042e-08 0.0315981 0.0130839 0.000921727 0.000373003 0.238145 0.000531858 0.00282322 8.52307e-07 1.75225e-05 0.00926739 5.07305e-08 1.38755e-06 1.54327e-07 1.16901e-05 0.688285 5.08184e-07 0.00307311 0.00018866 5.80578e-07 0.00896385 1.43502e-07 
0.000100247 0.0371277 0.000916298 0.0800128 0.0248697 0.00640181 0.00054991 0.0713142 3.71119e-05 0.0381209 6.54957e-05 0.000885619 0.147951 0.00144888 1.07865e-06 0.00745084 0.00391007 0.468755 8.83321e-05 0.0375068 0.021137 6.82262e-06 0.0501054 0.00123742 
9.32255e-08 0.028374 0.0171761 0.0563288 0.0121716 0.0296628 2.66092e-05 0.0533534 1.14054e-07 0.160775 1.03612e-05 1.29489e-07 0.029741 0.0310265 1.20638e-07 0.0108667 1.05968e-07 0.317917 5.84416e-10 0.0446627 3.65572e-07 3.67259e-05 0.200603 0.00726724 
0.00500326 0.0219252 0.0192355 0.0173851 0.0191296 0.0648572 0.0028914 0.0508569 0.0074721 0.0458409 0.000107292 0.000262798 0.02575 0.00248424 2.5233e-06 0.0167193 0.0535806 0.183863 5.00921e-06 0.151735 0.0132695 0.00213944 0.165505 0.12998 
0.000534852 0.0262689 0.000957404 0.0194892 0.201597 0.00335255 0.0117829 0.0228858 0.000225073 0.000316417 0.0339695 0.00773394 0.163122 0.000144808 0.00722005 3.23621e-05 0.0109896 0.250145 3.39225e-12 0.107918 0.000288934 1.54263e-05 0.130665 0.000344928 
7.52756e-05 0.00861887 0.000140168 0.0272161 0.0210007 0.0061868 0.000522602 0.153063 0.00510489 0.000509837 0.000120767 0.00400256 0.018521 0.00134517 3.08365e-05 0.0132162 0.00164488 0.67819 4.75797e-09 0.0491043 0.00010793 6.03972e-06 0.00450319 0.00676962 
0.000100247 0.0371277 0.000916298 0.0800128 0.0248697 0.00640181 0.00054991 0.0713142 3.71119e-05 0.0381209 6.54957e-05 0.000885619 0.147951 0.00144888 1.07865e-06 0.00745084 0.00391007 0.468755 8.83321e-05 0.0375068 0.021137 6.82262e-06 0.0501054 0.00123742 
0.0107916 0.0152465 3.81796e-06 0.229292 0.039606 0.0237464 0.00914121 0.0196392 1.15019e-06 0.200389 0.000108808 0.00196901 0.0221964 0.0998512 0.000166709 0.000296389 0.00558697 0.238827 8.08739e-10 0.0249048 0.00586872 5.07163e-07 0.0428139 0.00955251 
0.000210438 0.00212876 0.00153439 0.0298807 0.00705154 0.00289331 9.00868e-07 0.00411251 0.00090906 0.0312423 1.83304e-05 0.000154316 0.00996637 0.00913013 3.84316e-05 0.0135077 4.79972e-05 0.790648 5.35826e-08 0.080239 0.00323292 0.000184458 0.00610115 0.00676778 
0.0140946 0.00348309 0.000252366 0.0284391 0.0628407 0.0105032 0.00148779 0.0506087 0.0232242 0.000742464 0.0125027 0.00473472 0.0327597 0.000329344 4.33359e-06 0.00344898 0.000816939 0.383622 2.32818e-08 0.0215393 0.00866269 0.000607641 0.0114436 0.323852 
0.00110328 0.0473081 0.00162642 0.0265977 0.092299 0.0303007 0.00144638 0.097495 0.00189045 0.00757595 0.000182455 0.00283585 0.0495293 0.00101298 0.00101309 0.0196184 0.0364344 0.271823 4.89108e-08 0.213377 0.00165134 4.6097e-05 0.067059 0.0277746 
0.000212775 0.00207746 4.45637e-10 0.0705728 0.0103829 0.0118714 0.0250813 0.338823 0.00112313 0.0182041 0.000758459 0.0322886 0.00573112 0.00076933 0.000745175 5.17685e-08 0.000369223 0.385191 1.44057e-09 0.0113859 0.00947718 3.00407e-06 0.0609231 0.0140088 
0.0010669 0.00735804 0.0025601 0.0546553 0.0182866 0.0330529 0.000699915 0.0685785 9.47015e-05 0.000548285 0.00954883 0.00024097 0.0496897 0.00951895 0.000666335 0.000571965 0.00553717 0.322044 3.6744e-06 0.282478 0.00509863 8.62321e-05 0.113725 0.0138887 
0.000259284 0.00534073 0.000741517 0.0162798 0.013104 0.0117052 0.000561253 0.0144664 3.03937e-07 0.0725412 4.33824e-06 0.000210337 0.0403898 0.0392438 8.09693e-06 0.000225313 1.43036e-10 0.367727 1.42915e-09 0.0264843 0.000458828 0.000230977 0.155923 0.234095 
0.00516036 0.0401232 0.00292341 0.0491799 0.164401 0.00584454 0.00263222 0.0455681 0.00120753 0.0114991 0.00244017 0.0108947 0.22008 0.000647077 0.000271462 0.000900891 0.00914481 0.265639 2.6312e-08 0.0923102 0.000448796 1.82795e-06 0.0606564 0.00802583 
0.00156557 0.000407095 1.09451e-06 0.0112377 0.00107748 0.0932166 0.000146883 0.106631 3.01448e-05 0.00241251 2.94452e-05 5.0446e-06 0.00841838 6.39707e-05 0.000573375 5.28611e-11 0.0207401 0.372321 1.78094e-10 0.104456 0.0549493 0.00335762 0.186581 0.0317781 
0.00016774 0.0155594 0.000199519 0.0415453 0.119976 0.0112398 0.00162929 0.0456522 0.000364682 0.0249244 3.28484e-05 0.000328309 0.0857591 0.000362949 2.44e-05 1.84323e-05 1.37072e-05 0.412396 1.16114e-10 0.211136 0.00234574 1.55194e-05 0.0250856 0.00122382 
4.91852e-06 0.000537511 3.72126e-05 0.00281534 0.0350468 0.000343959 4.23011e-05 0.0950799 1.06043e-06 0.000226249 1.01278e-05 1.82563e-07 0.00407756 6.00343e-05 4.79925e-06 2.00406e-10 1.08294e-06 0.737417 6.75187e-10 0.0403446 3.52228e-06 2.86672e-05 0.0837767 0.000140291 
0.00258908 0.00214879 0.00186665 0.203733 0.0195002 0.00580689 0.00023767 0.168528 3.41746e-05 0.00992838 3.79232e-05 0.0359982 0.0518364 0.000264394 4.87176e-06 7.49836e-06 0.00802588 0.395949 5.27946e-07 0.0655643 0.00368281 2.91257e-06 0.0242477 4.36388e-06 
0.000111218 0.00789458 0.000208957 0.00962617 0.0262296 0.00910268 0.000843927 0.0763551 0.000726311 0.00161922 0.000113462 0.000174541 0.00843203 0.000863177 2.86738e-05 0.000829508 0.00740187 0.410316 8.67758e-12 0.40279 0.000300085 1.17615e-05 0.0254625 0.0105586 
0.000353762 0.00673545 7.76498e-05 0.00769567 0.00828046 0.00107247 0.000636929 0.000844787 6.36277e-07 0.000237511 6.40656e-05 2.61537e-05 0.0133265 0.0063522 1.89573e-05 4.3954e-06 5.15754e-05 0.913671 0.00132597 0.0251771 7.95956e-05 0.00898956 0.0036435 0.00133384 
0.000401144 0.0362627 0.00113432 0.0194947 0.170548 0.00874196 0.0116012 0.0390218 0.000698443 0.000350119 0.0269401 0.0100011 0.148987 0.000559371 0.00542223 0.000768193 0.0279054 0.263339 3.32764e-12 0.118387 0.00035652 1.34033e-05 0.108325 0.0007404 
9.68789e-05 0.00208786 0.000205102 0.0687743 0.00962421 0.00516918 0.000206855 0.0455601 2.0938e-05 0.00117225 3.33478e-05 0.000133415 0.0282115 0.000415936 6.74572e-06 2.07071e-06 2.70688e-05 0.619231 9.88768e-07 0.174718 0.00136166 1.66589e-05 0.0417488 0.00117603 
0.00224915 0.00490279 1.87481e-06 0.00646389 0.0112577 0.0067665 0.00522313 0.238893 0.000308079 8.15933e-05 0.00160758 0.0192808 0.00822505 0.000331309 4.93762e-06 1.01519e-07 0.00262781 0.633388 5.70229e-09 0.00999836 0.000782621 7.40227e-07 0.0309791 0.0166259 
4.95299e-10 0.0019702 0.0561654 2.06479e-10 0.000289218 0.000215905 0.00375359 1.32565e-06 7.05178e-06 5.39765e-10 2.52325e-05 9.85814e-08 0.0100751 6.75233e-10 1.47849e-09 0.000848542 1.27464e-07 0.799081 2.16065e-09 1.09137e-10 0.0953319 1.60583e-09 0.0198892 0.0123457 
0.00282672 0.0225711 2.40603e-05 0.00206341 0.011587 0.00518254 0.286642 0.177855 0.00299936 3.37857e-05 0.000156509 0.000610041 0.00462366 0.000443294 7.15269e-08 0.000388623 0.0438616 0.330559 0.0200043 0.0785437 0.00123666 7.7379e-09 0.00491019 0.00287822 
0.000890179 0.0220098 0.00224081 0.00293554 0.0499339 0.0194154 0.00126287 0.0464174 0.00109112 0.00308124 0.00029385 0.00198555 0.0890323 0.000850084 6.73077e-06 0.0206366 0.000378765 0.313994 2.26474e-11 0.103462 0.00234728 5.85736e-05 0.192907 0.124768 
0.0167746 0.138824 0.00690448 0.0171299 0.109814 0.103374 0.00261679 0.0214757 0.0001886 0.029287 0.00437323 0.00275679 0.0318277 0.015481 0.00131371 0.000846405 0.0434168 0.169981 1.55387e-06 0.0591077 0.0123545 0.00063149 0.150754 0.0607648 
0.0118274 0.0508329 0.018267 0.0588023 0.0899436 0.028368 0.00390946 0.11558 0.000102417 0.00110478 9.6751e-05 0.00424887 0.0514388 0.00179878 0.000415726 0.000149117 0.000811733 0.243185 3.36143e-12 0.147051 0.0678756 6.70369e-09 0.0999549 0.00423467 
0.00100663 0.0290083 0.00289052 0.00807819 0.0566358 0.145212 0.000197513 0.00239514 0.00149096 0.0133713 0.00100214 0.0734029 0.00885164 0.000955533 0.000112013 2.14122e-06 0.000849974 0.322139 1.67854e-09 0.0353051 0.0230466 0.00040049 0.171209 0.102437 
0.0355942 0.0158379 0.0147937 0.109908 0.0185156 0.0490565 0.24768 0.0146459 4.69032e-05 0.00656424 2.06643e-07 4.52099e-07 0.0351973 0.000180306 8.17932e-05 0.000611519 0.0155557 0.303094 0.019534 0.0262345 0.00885427 6.63039e-06 0.025395 0.0526116 
4.95299e-10 0.0019702 0.0561654 2.06479e-10 0.000289218 0.000215905 0.00375359 1.32565e-06 7.05178e-06 5.39765e-10 2.52325e-05 9.85814e-08 0.0100751 6.75233e-10 1.47849e-09 0.000848542 1.27464e-07 0.799081 2.16065e-09 1.09137e-10 0.0953319 1.60583e-09 0.0198892 0.0123457 
4.06876e-05 0.0127873 8.75203e-05 0.00907203 0.0357596 0.00728839 0.0448031 0.0964929 0.00212729 0.00145697 8.25344e-05 0.000377491 0.0132298 0.00188962 1.39122e-06 0.000432713 5.28031e-05 0.609816 0.00333642 0.126618 0.000516211 2.87208e-05 0.024163 0.00953948 
0.00452997 0.0258859 0.00660945 0.0199626 0.0336532 0.0234028 0.00120629 0.291602 0.000205035 0.00732456 2.66254e-05 0.00373544 0.0162478 0.00838764 0.000162603 0.00854478 0.0168641 0.367048 1.09923e-07 0.0785019 0.00200683 6.86333e-06 0.0325965 0.0514884 
0.00073108 0.0349138 0.116354 0.0360624 0.18984 0.00907901 0.00344121 0.0743909 0.00066598 0.00293211 0.0105134 0.0043406 0.00916327 0.000196547 0.00286709 1.90085e-06 0.00196981 0.477089 9.77024e-08 0.0105876 0.00250066 8.30988e-06 0.0120049 0.00034545 
0.000401144 0.0362627 0.00113432 0.0194947 0.170548 0.00874196 0.0116012 0.0390218 0.000698443 0.000350119 0.0269401 0.0100011 0.148987 0.000559371 0.00542223 0.000768193 0.0279054 0.263339 3.32764e-12 0.118387 0.00035652 1.34033e-05 0.108325 0.0007404 
0.000317052 0.0156132 0.0155939 0.043745 0.0374286 0.00098846 0.000753581 0.0495048 0.000493384 0.00508453 0.000172597 0.00226696 0.000639104 0.00121303 4.36669e-05 0.000256562 0.000130687 0.319471 0.000225847 0.128065 0.070914 0.0171829 0.107283 0.182613 
0.00144808 0.0176769 0.00294199 0.227334 0.0792762 0.0552075 0.00444139 0.101052 0.0122898 0.00483613 3.78129e-05 2.94889e-10 0.0628085 0.00543921 0.00985781 0.00146547 3.90402e-05 0.229172 7.03831e-10 0.0378343 0.0415681 2.78401e-06 0.0727891 0.0324821 
0.000939372 0.0355206 0.135414 0.0340156 0.179866 0.0216885 0.00291555 0.146912 0.00157597 0.00353473 0.012751 0.0119538 0.0198839 0.00709089 0.00288263 6.93921e-05 0.0013601 0.293538 4.34947e-08 0.0682807 0.00618034 9.95532e-06 0.0106818 0.00293518 
0.00112691 0.0308948 0.004732 0.0377126 0.160803 0.0327966 0.00261454 0.0312261 0.00205475 0.00171615 0.00413159 0.00314488 0.0237558 0.00131373 0.000872735 0.00699532 0.0041731 0.311411 3.29275e-07 0.300797 0.00441767 3.42856e-05 0.0238647 0.00941142 
0.000416697 0.00819048 0.000108523 0.0164849 0.0175003 0.00445233 0.00264692 0.0619592 0.000151585 0.000674569 0.000315737 0.00208139 0.00489333 0.00291323 6.23193e-06 0.000326246 0.027121 0.604997 4.1501e-06 0.194133 0.00168165 3.3041e-07 0.0446491 0.00429172 
0.000177992 0.0100675 0.000377452 0.0365014 0.022305 0.020198 0.000435737 0.349499 0.00300857 0.00149714 0.000144203 0.00552303 0.0190177 0.0032471 9.59981e-06 0.00681195 0.00440695 0.431922 2.9444e-09 0.0619916 0.00158828 1.49173e-06 0.0142547 0.00701408 
5.85993e-07 2.96175e-06 4.38815e-09 1.05922e-05 6.09242e-06 0.000384605 0.00274126 1.56546e-05 3.16e-06 1.77374e-06 9.28786e-07 6.78239e-06 7.07222e-06 1.36356e-06 1.79415e-07 3.1181e-07 1.17552e-07 0.959162 1.41852e-08 1.04256e-05 7.4286e-07 3.00196e-07 0.00249943 0.0351436 
0.00122311 0.0161012 0.000361199 0.0103234 0.139135 0.0129097 0.127615 0.0290632 0.000336582 0.00221332 0.0268156 0.000392204 0.0516257 0.00568033 8.00125e-06 0.000944381 0.000797642 0.25882 2.75811e-08 0.233143 0.0165379 2.06756e-05 0.057954 0.00797926 
1.38838e-06 0.013571 0.000949564 0.0148437 0.00737419 0.0913411 0.000340008 0.0123443 0.000100508 0.00744781 0.000531534 0.190472 0.000887047 0.001529 1.66185e-07 2.79638e-06 0.0014752 0.329274 1.64385e-10 0.17132 0.0161037 8.50581e-09 0.121246 0.0188453 
0.000552848 0.0255369 0.00466959 0.0139889 0.0773433 0.0259016 0.0065586 0.0360985 0.00317755 0.000577899 0.0418631 2.24907e-07 0.0189011 0.00300215 0.000185757 0.000207508 0.0140468 0.422853 5.02231e-06 0.170751 0.00758878 0.000738866 0.06643 0.0590213 
0.000652775 0.00931854 0.000557619 0.0437513 0.0406866 0.0187632 0.00283893 0.0868507 0.000918008 0.0233605 0.000120528 6.19506e-07 0.209733 0.000416076 1.87586e-05 2.47953e-05 0.00933634 0.235215 5.20625e-12 0.222567 0.00236755 6.13179e-06 0.091396 0.00109931 
0.0015849 0.0179921 0.00317996 0.0845531 0.0472656 0.0126137 0.000410673 0.110253 8.95633e-05 0.00364518 0.0134167 7.35086e-05 0.0347671 0.000286648 0.00102421 0.000568429 0.0010929 0.352202 7.16054e-08 0.135977 0.00733214 0.000230422 0.169077 0.00236398 
0.000553718 0.00466476 1.04371e-05 0.193677 0.0252548 0.013752 0.000485313 0.208482 0.00194468 0.000366342 1.95616e-05 0.000293885 0.0472464 0.0110467 0.000172908 1.26177e-08 0.000413713 0.209713 2.18259e-11 0.145584 0.000225603 8.42953e-10 0.135972 0.000121238 
0.00306439 0.0520274 4.79181e-07 6.77975e-08 0.103864 0.0717278 2.1944e-06 3.27508e-07 0.00393634 7.28198e-07 0.000721467 0.00257815 0.0314262 0.00296025 9.91671e-08 5.07536e-11 0.00684425 0.354699 1.70994e-10 0.0312345 0.00437112 0.000145842 0.0947824 0.235612 
0.00152581 0.000727028 0.000214447 0.0966113 0.050004 0.00213891 0.000276974 0.0123983 0.000142969 0.116745 0.000360814 1.32336e-06 0.172633 0.00106751 8.77947e-05 1.88465e-05 0.00584459 0.440858 1.09289e-08 0.0891792 0.000280682 4.05798e-06 0.00871534 0.000163999 
0.000351495 0.0533442 0.00114067 0.0363692 0.00969318 0.0278975 5.58071e-05 0.00981685 0.000581079 0.0144996 2.2621e-06 0.00470114 0.309016 0.0258647 9.11381e-09 0.000216082 5.08005e-06 0.360985 2.20603e-10 0.108129 0.0165498 6.02049e-07 0.0126053 0.0081758 
2.62783e-05 0.0493371 0.000824024 0.0271191 0.0439471 0.00254328 0.00563625 0.0415345 0.000111642 0.00527026 1.78571e-05 0.000391344 0.0645193 0.00769524 4.52321e-05 0.00569538 1.69341e-05 0.277803 1.10068e-05 0.0820301 0.0119151 0.000191948 0.103007 0.270312 
6.40381e-05 0.0568568 0.0022342 0.0678268 0.0549422 0.0429953 0.0154454 0.00399257 0.000522825 0.00616 0.000131117 1.95706e-05 0.0653901 0.02107 0.000193762 0.0145201 0.000382644 0.411879 0.000173865 0.11675 0.00415633 0.00320104 0.077262 0.0338304 
0.000667753 0.013263 0.00094757 3.96978e-05 0.0225188 0.0281119 0.00134204 0.00204309 0.00118726 0.00205342 0.000150723 3.10219e-05 0.00187874 0.000233068 0.000119345 0.000105187 0.0389048 0.740881 9.77306e-07 0.0913501 0.00157308 2.31621e-05 0.0401343 0.0124396 
0.051175 0.00778345 0.000248307 0.109337 0.0724447 0.00212195 4.20987e-05 0.0767705 0.027859 0.00187879 0.00010532 8.12461e-07 0.16144 0.00729258 4.2997e-06 0.000112148 0.00688483 0.198868 1.17948e-06 0.188002 0.000238535 0.000113855 0.0872748 4.49232e-11 
0.0175887 0.0281973 0.00121638 0.171091 0.0168888 0.0167105 0.000605246 0.159906 0.00234564 0.00205361 0.000119408 0.0140351 0.0139597 0.00738421 8.38718e-05 0.0129002 0.00112538 0.291955 1.80697e-10 0.160761 0.00227701 5.49695e-06 0.0754145 0.00337549 
0.00197533 0.19906 0.00936713 0.0544009 0.032676 0.062529 0.0626386 0.0282403 0.000470143 0.00597362 0.0045334 0.00411809 0.0950865 0.0106466 0.00187452 0.00162503 0.000441235 0.237261 9.04775e-11 0.0582715 0.0282364 9.21192e-07 0.08003 0.0205437 
0.0107894 0.0426844 0.00222014 0.110816 0.0643926 0.0186233 0.00246846 0.146795 0.0030375 0.00324058 0.0091498 0.0125119 0.0599547 0.00847589 0.0016432 0.003068 0.00170524 0.197917 5.27439e-07 0.163119 0.017951 2.59256e-05 0.109283 0.0101274 
0.000194987 0.0104918 5.84742e-05 0.0784291 0.0260897 0.00889188 0.000454368 0.203545 0.00364337 0.021055 6.84641e-05 0.00920386 0.0630286 0.00561677 1.2948e-05 0.0137699 0.00168132 0.426527 8.79112e-09 0.115624 0.00188255 4.5978e-06 0.00659161 0.00313482 
0.000271262 0.114475 0.0427407 0.000839207 0.117716 0.00122906 2.78662e-07 0.0329801 1.34011e-09 0.000169743 7.38073e-09 1.53552e-07 0.208503 0.00353292 8.19776e-07 0.0659506 3.51885e-07 0.220404 3.1726e-09 0.0978291 0.0529311 7.96722e-07 0.0274364 0.0129894 
0.00146795 0.0436804 0.000622913 0.198544 0.0553651 0.0049948 0.00257128 0.0813543 0.000402304 0.0184188 0.00665832 0.00253054 0.091408 0.00191177 0.000327723 0.000761307 0.0111696 0.305486 3.15342e-06 0.0734117 0.00291398 6.49594e-06 0.0954074 0.000582557 
0.000715276 0.000734077 7.49735e-09 0.157471 0.0123167 0.00555441 0.000221052 0.129189 0.000193621 0.00264449 2.07288e-05 0.000228322 0.0251628 0.000377838 3.25248e-06 1.35253e-09 0.00483102 0.629772 2.18695e-12 0.0225709 0.000192693 2.17284e-06 0.00775958 3.8651e-05 
0.0210004 2.00248e-06 0.0271515 1.33916e-06 0.017059 0.135023 1.40983e-06 3.38716e-11 1.42287e-10 0.00192644 5.36317e-11 1.41134e-10 3.15454e-06 0.0781993 4.42585e-06 0.054507 1.1129e-07 0.379105 3.36853e-10 0.00557416 0.0238059 1.47734e-06 0.0739038 0.18273 
0.000787552 0.00147178 0.000471358 0.0122256 0.00563992 0.001928 5.20016e-05 0.0625472 0.012306 0.0211132 0.000134476 9.03359e-05 0.0425616 0.00245953 1.04067e-05 0.00191702 1.49035e-05 0.4501 5.47101e-08 0.00727457 0.0012332 1.23136e-05 0.112602 0.263047 
0.000301706 0.016746 0.000499117 0.00915343 0.0137174 0.00224533 5.32391e-05 0.053973 0.0073721 0.00010027 9.46443e-05 0.000385451 0.0163332 0.000313078 9.04888e-06 0.000396925 0.0206736 0.478096 4.6506e-08 0.0945393 0.000261998 9.87989e-05 0.15688 0.127757 
0.000136415 0.149954 0.000586197 0.110871 0.0503164 0.0120413 0.0288677 0.0751254 0.000277193 0.0371627 1.08725e-05 0.000210386 0.131066 0.00174991 4.64969e-09 4.21552e-05 1.11678e-06 0.232667 7.73085e-08 0.100713 0.000886094 5.08872e-07 0.0649825 0.00233177 
0.00132124 0.00651315 0.00201484 4.576e-07 0.0702156 0.206038 0.00149511 3.81897e-07 0.00119315 0.00120529 0.000246416 0.135145 0.0298798 0.000400158 1.54797e-05 0.00129885 0.0184086 0.287228 4.17398e-11 0.0855933 0.0134964 0.000374581 0.123343 0.0145728 
0.019629 0.0629603 0.0133499 0.0582184 0.0911964 0.0996992 0.00508772 0.0337918 0.00825776 0.00461565 0.0043258 0.00727797 0.0565016 0.0119639 0.00430954 0.00130056 0.0549165 0.237189 1.67344e-05 0.135679 0.0301053 8.81347e-06 0.0494436 0.0101563 
0.0023159 0.0289261 0.00429551 0.0430196 0.113823 0.0273504 0.00459591 0.0708725 0.00509663 0.0115655 0.00575363 0.0330175 0.0522723 0.00461185 0.00921633 0.00803688 0.0105078 0.327059 6.95091e-06 0.170439 0.00871244 3.55322e-05 0.0473046 0.0111655 
