0.00778429 0.0502528 0.0238193 5.89845e-07 0.118264 0.0612307 0.000884751 5.89839e-07 0.000472131 5.89649e-07 5.89765e-07 0.00265305 0.0595752 5.89571e-07 5.89094e-07 0.0260015 0.00312673 5.89792e-07 0.546423 0.0211191 0.0274851 5.89019e-07 0.0431185 0.00778457 
6.94195e-08 0.0152326 9.36797e-08 1.23702e-05 2.94633e-08 0.000651982 0.000295555 1.60332e-05 0.000295326 1.74849e-05 2.34571e-05 1.26879e-07 0.0315049 0.156852 2.0722e-07 0.0321404 3.03087e-08 0.000111959 0.676542 0.0131471 3.77797e-05 2.25068e-07 0.0128231 0.0602945 
6.57461e-06 0.0089002 1.35532e-06 0.0398691 0.0334905 0.15273 0.000260703 0.010941 4.61354e-10 2.72853e-10 2.55307e-07 4.57614e-10 0.0591625 3.41333e-10 2.35012e-05 1.30042e-06 1.53887e-07 0.0479609 0.48156 0.00507976 2.52796e-06 8.11754e-10 0.10598 0.0540296 
0.000410682 0.0449345 0.019545 0.0326527 0.243268 0.00393045 4.06013e-05 1.56415e-12 8.23262e-09 0.0153904 3.70033e-07 1.70687e-05 0.181338 0.00261078 0.00157607 0.001088 1.55687e-12 0.00901176 0.292362 0.148618 0.000224761 1.15611e-11 0.0029372 4.25386e-05 
7.1538e-08 0.0541072 0.000137136 0.04067 3.03625e-08 0.000267457 3.56167e-05 3.50456e-06 1.11488e-05 0.000252203 4.93832e-06 1.30751e-07 0.0204415 0.239495 2.13544e-07 0.00204301 3.12337e-08 4.26306e-08 0.628322 0.00303014 0.000940264 2.31937e-07 0.00824946 0.00198833 
5.66896e-06 0.0141086 2.0374e-05 0.000980819 0.000366484 0.028406 0.000134753 6.26142e-05 0.00559299 0.0398626 0.000203625 0.0192279 0.0115011 0.106914 1.57988e-06 0.00459332 1.4075e-06 0.00337314 0.678608 0.00168085 2.80633e-05 0.00102494 0.0343374 0.0489644 
4.4149e-07 0.00698201 1.92998e-06 0.0419719 0.0455072 0.207661 3.86189e-06 0.0182341 5.53702e-10 3.2747e-10 3.40275e-07 5.49214e-10 0.0818 4.09657e-10 3.34669e-05 1.8518e-06 2.00564e-07 0.0488652 0.322239 0.00846576 3.29492e-06 9.74241e-10 0.156323 0.0619057 
4.4149e-07 0.00698201 1.92998e-06 0.0419719 0.0455072 0.207661 3.86189e-06 0.0182341 5.53702e-10 3.2747e-10 3.40275e-07 5.49214e-10 0.0818 4.09657e-10 3.34669e-05 1.8518e-06 2.00564e-07 0.0488652 0.322239 0.00846576 3.29492e-06 9.74241e-10 0.156323 0.0619057 
0.000145874 1.50771e-07 0.00245474 8.09728e-06 0.00233717 0.00438375 1.23876e-05 0.0134929 0.000209181 3.14901e-07 6.02108e-06 5.28133e-07 1.18163e-07 3.93933e-07 8.62554e-07 3.74145e-07 1.2616e-07 0.000157646 0.91242 2.20374e-05 0.00013625 1.18047e-05 0.0103363 0.0538627 
1.87731e-05 0.00934744 0.00280725 0.000747585 0.000146412 0.00627444 4.16667e-05 0.00796859 0.0204608 2.06684e-06 0.000289884 5.45554e-05 0.00213189 0.175261 6.42359e-05 0.000574916 1.22769e-05 7.06911e-09 0.769339 0.000858444 5.03423e-06 3.84603e-08 0.000670282 0.00292301 
1.90501e-06 9.93983e-07 7.97031e-05 8.04132e-05 0.000149321 5.35786e-05 0.000121874 2.83535e-05 3.51027e-06 2.07604e-06 5.94182e-05 3.48182e-06 7.79009e-07 2.59708e-06 5.68655e-06 2.46662e-06 8.31734e-07 0.00157293 0.997049 0.000219746 1.10524e-06 0.000114652 0.000138187 0.000307744 
1.12772e-07 0.00833128 3.58967e-05 0.0687875 5.05535e-05 0.0120921 2.03836e-07 5.57797e-06 0.00222463 0.0020218 7.8325e-08 0.00577047 0.0154523 0.0856686 9.24188e-05 0.0141852 4.92365e-08 2.23004e-05 0.668371 0.00524694 0.00676144 3.65623e-07 0.00835145 0.0965277 
0.00100931 0.0994117 0.00144415 0.0115583 0.0501491 0.013791 0.00105219 0.00314388 0.00019627 0.000323527 0.00129609 1.14837e-05 0.0283748 5.80706e-05 0.00115571 0.00252425 1.78116e-06 0.0170578 0.644202 0.00809632 0.00141173 7.11816e-08 0.0933054 0.020425 
0.000457561 0.0213492 0.00982208 0.0286768 0.0335473 0.00496293 0.000665895 0.013796 3.98325e-06 1.4574e-05 7.45662e-05 3.6722e-06 0.0160774 0.0230919 0.206488 0.0218626 0.000169926 0.0368595 0.322387 0.0075053 0.00531233 0.129192 0.0320003 0.0856791 
4.4149e-07 0.00698201 1.92998e-06 0.0419719 0.0455072 0.207661 3.86189e-06 0.0182341 5.53702e-10 3.2747e-10 3.40275e-07 5.49214e-10 0.0818 4.09657e-10 3.34669e-05 1.8518e-06 2.00564e-07 0.0488652 0.322239 0.00846576 3.29492e-06 9.74241e-10 0.156323 0.0619057 
0.0184922 0.00388404 0.0190871 0.00543194 7.77895e-08 0.155191 1.92866e-08 0.00931964 5.00385e-08 5.02786e-06 3.50253e-08 5.90797e-12 0.00162388 0.0783761 0.00174518 6.7389e-08 0.000306787 6.72283e-08 0.569493 9.6796e-08 0.0961433 1.048e-11 0.0409002 3.90817e-07 
0.000186158 0.00340431 0.040452 0.000740717 0.000646769 0.00175163 0.000111662 0.0004577 0.0178549 0.000576033 0.000108773 2.51702e-05 0.0019902 0.00241821 9.37099e-05 0.0126993 0.0462026 0.000131184 0.823403 0.00410321 0.0347644 3.31236e-05 0.00496568 0.00287935 
0.0043539 0.0637943 0.128411 0.00104019 4.05558e-07 0.0464868 1.00569e-07 0.00380802 0.0028095 1.30423e-07 0.000869478 5.02796e-11 0.0174811 0.00928368 6.89256e-07 0.00108671 8.46259e-08 3.505e-07 0.640291 0.00987787 0.00488868 4.75969e-09 0.0268116 0.0387039 
0.000603136 0.00826264 0.000906229 0.00326797 0.0806938 0.00440006 0.000177149 0.000181142 0.000297565 0.00245633 8.29324e-07 0.000407256 0.0162404 0.16768 0.000589322 0.000247484 0.00016923 0.0485197 0.658793 0.00168954 0.00106962 1.87063e-06 0.00265548 0.000689467 
0.0753747 0.000532109 0.00037978 0.0351266 0.00118212 0.000679969 0.0716602 0.00462847 0.000310645 0.000134711 0.00065435 0.00183403 0.000846031 0.000450552 0.000351903 1.24007e-06 0.132234 0.00319275 0.66609 0.000729206 0.00196887 3.10509e-06 0.0015609 7.32774e-05 
1.54887e-05 0.00321144 0.000909267 0.00559889 0.000103544 0.000260053 9.63878e-05 0.000108647 0.0606433 7.11711e-05 1.94729e-05 0.035714 0.00284555 0.260862 7.45891e-07 0.0312765 2.21519e-06 4.71877e-05 0.5332 0.0290531 3.82915e-05 8.10135e-07 0.00648762 0.029434 
0.000291992 0.0180847 0.00709061 0.0244128 0.0259312 0.00326097 0.000397578 0.00783942 3.27581e-06 1.81134e-05 6.15704e-05 4.50773e-07 0.0100792 0.0264376 0.122571 0.0202121 2.13577e-05 0.0269804 0.372244 0.0057364 0.00261763 0.170604 0.0320758 0.123028 
0.000577407 0.0136448 0.00724996 3.92943e-11 0.11591 0.0625779 0.178089 2.47336e-06 0.000150564 1.02721e-10 1.34834e-07 0.00014547 0.0395942 2.9612e-05 3.92701e-06 0.0245349 0.0142813 0.000731145 0.293009 0.00168616 0.00808419 3.05601e-10 0.229271 0.010427 
1.78949e-06 0.0099202 0.088046 6.83563e-07 0.022536 0.0569124 1.13103e-07 0.0117337 0.000499148 1.46692e-07 2.05401e-07 3.46464e-11 0.0089424 0.0714834 7.7527e-07 0.00347809 9.51857e-08 0.0227092 0.562404 0.0395655 2.00931e-06 6.14586e-11 2.10211e-06 0.101762 
4.4149e-07 0.00698201 1.92998e-06 0.0419719 0.0455072 0.207661 3.86189e-06 0.0182341 5.53702e-10 3.2747e-10 3.40275e-07 5.49214e-10 0.0818 4.09657e-10 3.34669e-05 1.8518e-06 2.00564e-07 0.0488652 0.322239 0.00846576 3.29492e-06 9.74241e-10 0.156323 0.0619057 
1.25005e-05 0.000740434 0.00127387 0.155601 1.04956e-05 0.000526305 5.50153e-05 0.00287971 1.7428e-05 7.8722e-06 0.000125637 4.97235e-07 3.81324e-05 0.123945 8.1209e-07 0.0448775 1.51721e-05 1.62121e-07 0.484951 0.0221638 0.00381477 8.82036e-07 0.119054 0.0398881 
0.0284811 0.0114075 0.0608621 0.00406675 0.00281734 0.0228311 0.000255171 0.0478322 9.45955e-05 4.24085e-05 0.000386513 0.000154806 0.00547708 0.00655245 0.000117421 0.00495055 0.000580383 0.00184427 0.579532 0.0620788 0.0207685 5.28108e-05 0.127767 0.011047 
4.4149e-07 0.00698201 1.92998e-06 0.0419719 0.0455072 0.207661 3.86189e-06 0.0182341 5.53702e-10 3.2747e-10 3.40275e-07 5.49214e-10 0.0818 4.09657e-10 3.34669e-05 1.8518e-06 2.00564e-07 0.0488652 0.322239 0.00846576 3.29492e-06 9.74241e-10 0.156323 0.0619057 
0.134406 0.0617661 0.00185974 0.109857 0.00631257 0.118333 0.00195035 0.0754386 8.73936e-06 0.0053232 1.37232e-05 4.79037e-07 0.0034893 1.37981e-07 2.51803e-10 2.97703e-07 0.00210761 0.0652512 0.3232 0.00363868 0.0236995 9.46607e-08 0.0426594 0.020685 
0.00182005 0.00650131 0.0390178 6.88665e-06 0.0166597 0.0671443 0.00543834 1.06644e-05 1.12935e-10 0.0186252 1.97863e-07 1.1202e-10 0.0751419 0.0918144 0.00107813 0.000411734 0.000284308 0.0535033 0.287885 0.00379857 0.00221388 0.0022197 0.174141 0.152283 
4.4149e-07 0.00698201 1.92998e-06 0.0419719 0.0455072 0.207661 3.86189e-06 0.0182341 5.53702e-10 3.2747e-10 3.40275e-07 5.49214e-10 0.0818 4.09657e-10 3.34669e-05 1.8518e-06 2.00564e-07 0.0488652 0.322239 0.00846576 3.29492e-06 9.74241e-10 0.156323 0.0619057 
0.000460002 0.0330226 0.000186744 0.00768037 0.00471099 0.0747719 1.1673e-05 0.0119899 0.122454 0.0192354 0.000161251 1.89437e-06 0.00380545 0.00347323 3.09391e-06 0.166623 5.80516e-05 0.00577663 0.497308 0.00690569 0.00189856 5.17066e-05 0.000690179 0.0387195 
4.4149e-07 0.00698201 1.92998e-06 0.0419719 0.0455072 0.207661 3.86189e-06 0.0182341 5.53702e-10 3.2747e-10 3.40275e-07 5.49214e-10 0.0818 4.09657e-10 3.34669e-05 1.8518e-06 2.00564e-07 0.0488652 0.322239 0.00846576 3.29492e-06 9.74241e-10 0.156323 0.0619057 
0.00778429 0.0502528 0.0238193 5.89845e-07 0.118264 0.0612307 0.000884751 5.89839e-07 0.000472131 5.89649e-07 5.89765e-07 0.00265305 0.0595752 5.89571e-07 5.89094e-07 0.0260015 0.00312673 5.89792e-07 0.546423 0.0211191 0.0274851 5.89019e-07 0.0431185 0.00778457 
5.90178e-05 0.0692103 0.152717 0.0372915 0.000515477 0.00866941 0.0017708 0.00431329 7.75653e-05 0.000216584 1.08159e-05 0.00159646 0.00319409 0.242111 0.00118585 0.00954275 0.0017641 0.0076201 0.375984 0.0100154 0.0316576 3.08225e-08 0.0122627 0.0282144 
4.4149e-07 0.00698201 1.92998e-06 0.0419719 0.0455072 0.207661 3.86189e-06 0.0182341 5.53702e-10 3.2747e-10 3.40275e-07 5.49214e-10 0.0818 4.09657e-10 3.34669e-05 1.8518e-06 2.00564e-07 0.0488652 0.322239 0.00846576 3.29492e-06 9.74241e-10 0.156323 0.0619057 
8.15223e-07 0.0105952 4.98824e-05 0.00136048 0.00468441 0.00175471 0.000163217 0.00141952 0.000287734 0.00064048 2.65128e-05 0.0185906 0.00148129 0.158087 0.000643909 0.0198971 5.83934e-08 0.000947052 0.727574 0.00135621 0.00211476 4.67465e-06 0.0273847 0.0209349 
4.4149e-07 0.00698201 1.92998e-06 0.0419719 0.0455072 0.207661 3.86189e-06 0.0182341 5.53702e-10 3.2747e-10 3.40275e-07 5.49214e-10 0.0818 4.09657e-10 3.34669e-05 1.8518e-06 2.00564e-07 0.0488652 0.322239 0.00846576 3.29492e-06 9.74241e-10 0.156323 0.0619057 
0.000159078 0.0910782 0.00548072 0.0376853 0.0140334 0.14173 0.00194739 0.0156104 0.000322494 0.00919727 1.56027e-05 0.0138698 0.0246162 0.018335 4.91717e-05 0.000531979 0.000265425 0.00356016 0.286626 0.0401335 0.0262706 8.20374e-06 0.0949197 0.173554 
2.24596e-05 1.17188e-05 3.03086e-05 9.36289e-06 9.5324e-06 6.28382e-06 4.05958e-05 9.85179e-06 4.13852e-05 2.4476e-05 1.55992e-05 4.10497e-05 9.18431e-06 3.06189e-05 6.70429e-05 2.90808e-05 9.80593e-06 1.3384e-05 0.999458 4.94889e-06 1.30305e-05 7.28174e-05 9.07331e-06 2.07129e-05 
0.0117846 0.0190972 0.016013 0.000931109 0.00121607 0.0210537 0.0609779 0.000338923 0.00043125 0.0046331 0.000292758 8.87389e-05 0.0116251 0.0188358 2.40688e-07 0.00134431 1.91536e-05 0.00119257 0.501742 0.0792639 0.0117644 3.77371e-05 0.123145 0.114171 
3.64062e-05 0.0384897 0.000132369 0.000696146 0.00545351 0.00187922 0.000553617 0.000159553 2.77069e-05 0.000150207 1.75301e-05 0.00868127 0.0292999 0.29873 2.12717e-05 0.0404658 1.37264e-05 6.88995e-05 0.501274 0.0130695 0.000144639 2.73417e-05 0.0188042 0.0418032 
2.14216e-08 0.205228 0.0163117 0.0539958 0.00433566 1.34124e-07 3.86809e-11 9.38709e-12 3.94331e-11 0.00240386 1.48634e-11 0.00293418 0.229328 0.0041155 7.03325e-08 0.107349 9.34339e-12 2.52516e-07 0.300895 0.0612293 0.00276847 6.93826e-11 0.00910577 1.28303e-07 
4.85393e-07 2.53264e-07 0.00208168 2.02349e-07 9.37069e-05 0.00124442 8.77348e-07 6.09846e-05 8.94408e-07 5.2897e-07 3.37126e-07 8.87158e-07 0.0332646 6.61729e-07 0.00160974 6.28489e-07 2.11924e-07 2.89253e-07 0.917746 1.06954e-07 0.000894969 1.57371e-06 0.000150379 0.0428458 
0.000294051 0.00926326 0.00113667 0.00207541 2.30476e-07 0.0157562 0.000153835 8.46045e-05 0.000141264 6.67914e-05 9.44757e-05 0.00020437 1.17294e-05 0.143065 9.38827e-06 0.0471431 0.0041152 0.0026857 0.740288 0.00874534 0.000861304 5.73785e-07 0.0117455 0.012058 
0.00723646 0.167714 0.000808277 0.00440033 0.00371398 0.0871715 8.04484e-06 0.000210623 0.0215482 8.40405e-05 1.90673e-07 0.0357101 0.0603607 0.0804902 3.10957e-05 0.0643459 0.0270133 0.021488 0.203548 0.184364 0.00254064 3.18957e-06 0.00489231 0.0223169 
0.00512374 0.00999683 0.0182419 0.020458 0.215916 0.0228353 5.2386e-05 0.06536 0.0014967 0.000569864 0.000149885 0.149449 0.00946891 0.031761 0.000112858 0.000295514 0.000281682 0.0193846 0.359958 0.0199239 0.00774768 6.53681e-07 0.0219001 0.0195153 
0.257607 0.00454621 0.0113476 0.000795051 0.00154283 0.0357378 0.000164144 0.00174522 0.000180089 0.00059289 2.42036e-06 1.41695e-05 0.00549025 3.81327e-05 2.17449e-06 0.0050557 0.0138687 0.000148262 0.379277 0.0505018 0.00843916 4.09085e-07 0.200818 0.0220843 
0.00723646 0.167714 0.000808277 0.00440033 0.00371398 0.0871715 8.04484e-06 0.000210623 0.0215482 8.40405e-05 1.90673e-07 0.0357101 0.0603607 0.0804902 3.10957e-05 0.0643459 0.0270133 0.021488 0.203548 0.184364 0.00254064 3.18957e-06 0.00489231 0.0223169 
4.4149e-07 0.00698201 1.92998e-06 0.0419719 0.0455072 0.207661 3.86189e-06 0.0182341 5.53702e-10 3.2747e-10 3.40275e-07 5.49214e-10 0.0818 4.09657e-10 3.34669e-05 1.8518e-06 2.00564e-07 0.0488652 0.322239 0.00846576 3.29492e-06 9.74241e-10 0.156323 0.0619057 
0.00778429 0.0502528 0.0238193 5.89845e-07 0.118264 0.0612307 0.000884751 5.89839e-07 0.000472131 5.89649e-07 5.89765e-07 0.00265305 0.0595752 5.89571e-07 5.89094e-07 0.0260015 0.00312673 5.89792e-07 0.546423 0.0211191 0.0274851 5.89019e-07 0.0431185 0.00778457 
2.79649e-07 4.36561e-05 0.000596076 0.00246774 0.000141689 0.0593077 0.000103 0.00262215 0.000267879 3.04755e-07 1.94228e-07 5.11118e-07 0.000143568 3.81241e-07 8.34764e-07 0.0354037 5.53282e-05 1.66647e-07 0.828644 0.000146929 0.0252644 9.06663e-07 0.00825521 0.0365329 
2.67339e-07 0.0247852 3.60766e-07 0.0513005 0.000143015 0.000136059 3.99808e-05 0.00130918 0.00477553 5.77929e-06 3.80821e-06 4.88618e-07 0.0204802 0.0409232 7.98018e-07 0.109885 1.16721e-07 1.59311e-07 0.613138 0.00303562 7.51145e-06 8.66752e-07 0.0929433 0.0370855 
0.00195738 0.00445131 0.00121361 0.000877362 0.00585934 6.75565e-05 2.84103e-05 2.8167e-06 8.99695e-06 4.06329e-06 5.20961e-05 2.52466e-07 0.00861499 0.225344 4.1233e-07 0.00762835 6.03088e-08 8.2315e-08 0.737779 0.000530984 5.325e-06 4.47845e-07 0.00423518 0.00133795 
1.96226e-09 0.04222 2.64802e-09 0.000344012 8.32833e-10 0.0004267 2.5091e-06 2.46082e-07 5.26543e-05 9.24415e-06 5.19787e-06 2.04966e-06 0.000310703 0.227647 5.85744e-09 0.00331408 8.5673e-10 7.14085e-08 0.719006 3.52737e-05 9.11487e-05 6.36195e-09 0.00617033 0.000363339 
0.000135846 0.0346607 5.42122e-05 0.0164964 0.012307 0.000778489 3.79388e-06 0.00158151 2.69859e-07 0.0397111 1.01717e-07 2.67672e-07 0.00269955 1.77853e-05 4.37165e-07 5.83511e-05 6.78354e-05 0.00187105 0.837883 0.000979874 0.000510408 4.74819e-07 0.0499742 0.000207263 
5.67322e-06 2.96013e-06 7.65585e-06 2.36503e-06 2.40785e-06 1.58727e-06 1.02544e-05 2.48853e-06 1.04537e-05 6.18255e-06 3.9403e-06 1.0369e-05 2.31992e-06 7.73422e-06 1.69348e-05 7.34571e-06 2.47694e-06 3.38076e-06 0.999863 1.25007e-06 3.29145e-06 1.83934e-05 2.29189e-06 5.232e-06 
0.00282918 0.00301101 0.00918851 0.0762175 0.000136849 0.0535073 5.08393e-06 0.00767219 1.12019e-05 0.0819418 9.76184e-08 2.56886e-07 0.0145617 0.00871374 0.00014561 0.000345556 0.00209189 0.00417671 0.671101 0.000137132 0.0029954 4.55685e-07 4.27435e-06 0.061206 
0.000175099 0.00761177 0.000292813 0.00338408 0.00140291 0.00280031 0.000734086 0.000283478 3.72143e-05 0.000767888 1.17811e-05 4.01975e-05 0.00316429 0.00129665 1.17064e-05 0.000324578 8.09032e-05 0.00167665 0.969145 0.0017868 0.000904758 0.000730123 0.00206165 0.00127508 
0.00330158 0.0367027 9.19633e-05 0.00331384 0.000720786 0.0456787 7.78539e-05 0.00307109 0.000461194 0.00115578 3.97939e-05 0.000112427 0.000559078 0.0652875 0.000475131 0.000465077 0.000990797 0.118283 0.481762 0.203258 0.00222135 0.000112414 0.0196284 0.0122299 
4.4149e-07 0.00698201 1.92998e-06 0.0419719 0.0455072 0.207661 3.86189e-06 0.0182341 5.53702e-10 3.2747e-10 3.40275e-07 5.49214e-10 0.0818 4.09657e-10 3.34669e-05 1.8518e-06 2.00564e-07 0.0488652 0.322239 0.00846576 3.29492e-06 9.74241e-10 0.156323 0.0619057 
0.0013178 0.00225571 0.0107831 0.214042 0.0013635 0.00310229 2.75004e-06 0.0983555 1.56284e-05 2.95625e-06 1.04611e-05 7.45282e-06 0.175883 0.110163 0.000148292 1.91418e-05 1.26777e-09 0.0139698 0.288877 0.00056437 0.0737392 9.41429e-09 0.00517709 0.000200466 
1.09268e-06 0.161435 2.01965e-10 6.23907e-11 3.08079e-06 1.11131e-05 2.70515e-10 6.56485e-11 2.75775e-10 2.9374e-07 1.03947e-10 2.73539e-10 2.22776e-06 0.00707244 2.90432e-06 0.00116432 3.79054e-07 0.00645057 0.810739 2.70448e-07 0.0130732 1.16503e-06 3.23286e-05 1.12352e-05 
5.79908e-09 0.00754215 2.9467e-07 0.000364288 0.00194861 0.00111868 5.95393e-05 0.000805734 9.53781e-05 0.000175345 1.44949e-05 0.00229095 0.000257052 0.117964 0.000235274 0.015621 8.96673e-11 0.000307627 0.814164 9.0843e-05 0.00183917 1.46245e-07 0.0165958 0.0185098 
3.60448e-05 0.0021736 0.000111157 0.00177894 0.000775536 0.0328226 9.39279e-05 0.00177455 0.000156814 0.000392999 2.06354e-05 4.42805e-05 0.000605189 7.78483e-05 1.31399e-06 6.46073e-05 2.7392e-05 0.017185 0.759875 0.172741 0.00561323 2.9193e-05 0.00253338 0.0010659 
0.000263016 0.0812583 0.00114325 0.00307994 7.43106e-07 0.0215095 0.000102786 0.000204133 3.47969e-05 0.00085714 0.000131953 1.58461e-07 0.00149263 0.199074 2.588e-07 0.000422135 3.7853e-08 1.49338e-06 0.57612 0.00935298 2.33494e-05 7.79828e-07 0.0905421 0.0143836 
3.1118e-07 0.0653963 1.61773e-06 0.00123315 2.09971e-06 0.00104133 7.43984e-05 1.64293e-05 0.000375771 6.26146e-05 1.2904e-05 0.00433124 0.00186693 0.245291 5.86694e-09 0.0101647 4.35933e-08 0.000107272 0.649496 0.00235031 0.000276146 6.37226e-09 0.0161991 0.00170007 
2.24596e-05 1.17188e-05 3.03086e-05 9.36289e-06 9.5324e-06 6.28382e-06 4.05958e-05 9.85179e-06 4.13852e-05 2.4476e-05 1.55992e-05 4.10497e-05 9.18431e-06 3.06189e-05 6.70429e-05 2.90808e-05 9.80593e-06 1.3384e-05 0.999458 4.94889e-06 1.30305e-05 7.28174e-05 9.07331e-06 2.07129e-05 
1.28425e-06 0.000232174 0.00034131 0.00131149 0.0240912 0.00153468 0.000382805 0.000649525 6.345e-07 2.04757e-06 1.27846e-05 0.0145726 0.00410616 0.00362962 3.95418e-07 0.0503655 3.04763e-05 0.000881734 0.852041 0.0162042 1.00066e-05 5.28808e-07 0.00244797 0.0271501 
0.00248907 0.0198941 0.00863394 0.0164584 0.0594846 0.0354903 0.0010522 0.0236761 0.149952 0.00196348 0.00139088 0.00177708 0.00697048 0.00324531 0.000585712 0.0273607 0.00378371 0.022683 0.556583 0.0119161 0.00578959 4.02744e-06 0.00734759 0.0314691 
0.00625323 0.0297006 0.000722528 0.0873183 0.0137321 0.123953 0.00723129 3.67389e-06 5.48603e-08 0.00345869 3.92897e-07 1.33871e-05 0.0327252 0.269612 0.00318099 0.00323112 0.000134047 0.0550558 0.321727 0.00441464 0.00680095 2.55802e-05 0.0195375 0.011168 
0.000134651 0.00914363 3.78356e-09 2.65212e-07 0.00177671 0.000533202 2.48907e-08 2.15724e-13 9.06206e-13 1.66996e-05 2.21343e-08 5.66369e-09 7.32051e-09 0.000275492 1.43251e-05 4.77648e-09 5.85549e-06 0.00535041 0.959907 7.11053e-06 2.25982e-08 0.00963821 0.00639533 0.00680057 
0.000960904 0.016293 0.125703 0.0524125 0.151365 0.0154633 0.00100169 0.0408756 0.00132992 0.00168108 0.0022264 0.0222316 0.050903 0.00391239 0.00126483 0.00227044 0.00635353 0.198313 0.225221 0.0645511 0.0012062 4.20155e-06 0.00996613 0.00448977 
0.000465587 0.0800811 0.00665242 0.0309503 0.0148089 0.0473953 0.000749636 0.00445544 1.32886e-07 0.00293528 2.08641e-05 0.0703689 0.0833253 0.011337 2.5339e-08 0.00727337 0.000379548 0.00270706 0.287078 0.138094 0.0249333 1.59275e-11 0.162933 0.0230559 
4.4149e-07 0.00698201 1.92998e-06 0.0419719 0.0455072 0.207661 3.86189e-06 0.0182341 5.53702e-10 3.2747e-10 3.40275e-07 5.49214e-10 0.0818 4.09657e-10 3.34669e-05 1.8518e-06 2.00564e-07 0.0488652 0.322239 0.00846576 3.29492e-06 9.74241e-10 0.156323 0.0619057 
4.4149e-07 0.00698201 1.92998e-06 0.0419719 0.0455072 0.207661 3.86189e-06 0.0182341 5.53702e-10 3.2747e-10 3.40275e-07 5.49214e-10 0.0818 4.09657e-10 3.34669e-05 1.8518e-06 2.00564e-07 0.0488652 0.322239 0.00846576 3.29492e-06 9.74241e-10 0.156323 0.0619057 
0.00778429 0.0502528 0.0238193 5.89845e-07 0.118264 0.0612307 0.000884751 5.89839e-07 0.000472131 5.89649e-07 5.89765e-07 0.00265305 0.0595752 5.89571e-07 5.89094e-07 0.0260015 0.00312673 5.89792e-07 0.546423 0.0211191 0.0274851 5.89019e-07 0.0431185 0.00778457 
8.6966e-07 4.53764e-07 1.17358e-06 3.62541e-07 8.56491e-05 2.43316e-07 1.57191e-06 0.000106146 1.60248e-06 0.0693716 0.000154115 1.58949e-06 3.55626e-07 0.00035729 2.59597e-06 0.000469427 1.36972e-05 5.18244e-07 0.929413 1.34739e-05 5.04553e-07 2.81957e-06 3.51328e-07 8.02024e-07 
8.61749e-05 0.000266914 0.103596 1.92526e-05 0.000172978 0.000451646 0.000426417 0.00864929 4.19665e-07 2.48198e-07 3.31522e-06 0.000301141 9.31332e-08 0.000108743 0.00608464 0.0100148 3.69888e-05 0.0136437 0.8091 5.01841e-08 3.2085e-06 7.38403e-07 0.00011327 0.0469201 
0.00130742 0.0526466 0.00286912 0.000722433 0.197951 0.00563062 3.49302e-05 0.000356829 0.0127449 0.000832473 1.66833e-05 2.80878e-05 0.0192582 0.000250442 0.000347563 0.0653182 0.00217763 0.00373768 0.55585 0.00478467 0.000394012 8.02658e-05 0.00736793 0.0652922 
0.0150031 0.00363733 0.0249274 2.31757e-06 0.0190124 0.2442 3.66582e-05 5.33152e-06 3.1788e-08 5.46141e-07 1.45948e-08 0.000780256 0.0468296 3.88834e-11 5.27037e-08 1.22933e-06 0.0724036 1.6237e-06 0.277188 0.0876451 0.132749 3.27499e-08 0.0746866 0.000890659 
3.7094e-08 0.0109771 0.000276736 1.54636e-08 0.036517 0.00639113 0.00440907 1.62711e-08 0.000477724 4.04242e-08 2.57634e-08 6.77971e-08 1.51687e-08 0.252908 1.10727e-07 0.000104219 2.78103e-06 0.00258087 0.460062 0.194361 0.000105533 1.20264e-07 0.0197267 0.0111007 
0.0150031 0.00363733 0.0249274 2.31757e-06 0.0190124 0.2442 3.66582e-05 5.33152e-06 3.1788e-08 5.46141e-07 1.45948e-08 0.000780256 0.0468296 3.88834e-11 5.27037e-08 1.22933e-06 0.0724036 1.6237e-06 0.277188 0.0876451 0.132749 3.27499e-08 0.0746866 0.000890659 
0.00738696 0.214655 0.00391843 0.0299393 0.0662858 0.0788585 0.000382744 0.0176564 0.000151133 0.0046443 0.000262921 1.52997e-08 0.0185106 0.095707 0.00159155 8.45584e-05 0.000370007 0.00485169 0.38366 0.0155295 0.0286701 0.000176454 0.015749 0.0109579 
0.0150031 0.00363733 0.0249274 2.31757e-06 0.0190124 0.2442 3.66582e-05 5.33152e-06 3.1788e-08 5.46141e-07 1.45948e-08 0.000780256 0.0468296 3.88834e-11 5.27037e-08 1.22933e-06 0.0724036 1.6237e-06 0.277188 0.0876451 0.132749 3.27499e-08 0.0746866 0.000890659 
0.000282653 0.0979946 0.000279972 0.000493276 0.0150984 0.0753477 4.67784e-05 0.000102004 0.00708358 0.0105039 6.25348e-05 0.00246496 0.00413611 0.000552324 0.000763152 0.0761113 0.0116198 3.28046e-05 0.626794 0.0404516 0.00107282 4.7092e-05 0.0170683 0.0115899 
0.00344989 0.0197787 0.0149525 0.00810788 0.0214732 0.0442371 0.000168637 0.014278 0.00325992 7.02254e-05 0.0836203 2.55069e-06 0.00793428 0.0049202 0.255396 0.00506179 7.39405e-05 0.00325849 0.393694 0.00361116 0.0170329 3.61404e-05 0.0798689 0.0157135 
4.4149e-07 0.00698201 1.92998e-06 0.0419719 0.0455072 0.207661 3.86189e-06 0.0182341 5.53702e-10 3.2747e-10 3.40275e-07 5.49214e-10 0.0818 4.09657e-10 3.34669e-05 1.8518e-06 2.00564e-07 0.0488652 0.322239 0.00846576 3.29492e-06 9.74241e-10 0.156323 0.0619057 
4.4149e-07 0.00698201 1.92998e-06 0.0419719 0.0455072 0.207661 3.86189e-06 0.0182341 5.53702e-10 3.2747e-10 3.40275e-07 5.49214e-10 0.0818 4.09657e-10 3.34669e-05 1.8518e-06 2.00564e-07 0.0488652 0.322239 0.00846576 3.29492e-06 9.74241e-10 0.156323 0.0619057 
4.4149e-07 0.00698201 1.92998e-06 0.0419719 0.0455072 0.207661 3.86189e-06 0.0182341 5.53702e-10 3.2747e-10 3.40275e-07 5.49214e-10 0.0818 4.09657e-10 3.34669e-05 1.8518e-06 2.00564e-07 0.0488652 0.322239 0.00846576 3.29492e-06 9.74241e-10 0.156323 0.0619057 
0.000787117 0.128518 0.139615 0.0364782 0.00437792 0.0547812 0.061129 0.0432005 0.00630921 0.00273407 6.1519e-05 0.00337562 0.0762941 0.00642276 4.6067e-06 0.0171209 0.00120835 0.00268674 0.252251 0.028089 0.0346016 2.30519e-05 0.0727752 0.0271562 
0.000974136 0.00603098 0.00137761 4.66302e-06 5.1825e-07 0.00206423 0.000261719 0.0541594 0.00160001 2.86632e-06 2.53871e-07 3.33553e-06 0.000323529 8.41353e-07 1.0911e-06 0.000409359 4.21155e-05 4.11216e-05 0.907187 1.8677e-05 0.000143576 1.18508e-06 0.0207237 0.00462797 
