0.00928954 0.0122706 0.00289884 0.124423 0.0186094 0.134858 0.00162073 0.0620956 0.0013884 0.00280573 0.000130218 0.00622912 0.0382674 0.046887 0.000153623 0.00413706 0.0186154 0.0602139 2.86742e-06 0.161949 0.0145258 7.95211e-06 0.268538 0.0100826 
0.000572708 0.0444737 0.00294372 0.160184 0.560909 0.00308927 0.00281567 0.0174935 0.000701367 0.00427 0.000362179 0.000444298 0.0382403 0.00941341 0.000255218 0.000138794 0.00157863 0.0134103 4.80658e-10 0.122707 0.00191761 2.02812e-05 0.0131658 0.00089279 
3.17046e-05 0.00397019 7.4166e-05 0.00152451 0.00362159 0.0002351 0.00321208 0.00116984 1.78002e-06 3.18057e-05 0.983145 6.50391e-05 0.000650014 0.000133303 0.000147302 2.93206e-05 2.12878e-05 0.000323517 6.16524e-11 0.00123377 5.3614e-05 4.43687e-06 0.000316553 4.20774e-06 
0.000387411 0.0581698 2.65073e-08 0.01843 0.119157 0.0202469 0.00560049 0.244791 5.15353e-08 0.000448228 0.000392626 0.0674317 0.0937159 0.0019544 1.67361e-08 0.000500748 0.000397303 0.0682145 5.79799e-12 0.219195 0.00289379 1.02321e-06 0.0759987 0.0020741 
0.000111135 0.0203358 0.000882328 0.0113862 0.515651 0.00158707 0.00018789 0.0137628 6.29106e-05 2.81131e-05 1.71058e-05 9.6954e-05 0.0104607 0.000174281 0.00026481 0.00328821 0.000236679 0.0101669 1.61823e-11 0.383985 0.00168222 2.53562e-09 0.0161162 0.00951556 
0.00133901 0.0413997 0.385802 0.0334059 0.0185458 0.050083 0.00155847 0.0628955 0.000111865 4.84305e-07 2.2466e-05 0.000611818 0.000982193 0.00786919 0.000666469 0.00112687 0.000918041 0.00452653 1.57523e-11 0.0532096 0.274316 1.93238e-08 0.0571457 0.00346385 
0.000903078 0.0752022 0.0212077 0.113836 0.031324 0.0187181 0.0018036 0.119071 0.000579048 0.00484151 6.98226e-06 0.00764373 0.0304792 0.00273228 5.62112e-05 0.0065418 0.00102317 0.136381 4.26141e-11 0.254532 0.000608186 6.9911e-06 0.164009 0.00849304 
3.17046e-05 0.00397019 7.4166e-05 0.00152451 0.00362159 0.0002351 0.00321208 0.00116984 1.78002e-06 3.18057e-05 0.983145 6.50391e-05 0.000650014 0.000133303 0.000147302 2.93206e-05 2.12878e-05 0.000323517 6.16524e-11 0.00123377 5.3614e-05 4.43687e-06 0.000316553 4.20774e-06 
0.186507 0.00309574 0.0078923 0.00273104 0.00111387 0.556551 0.00935624 0.0114436 3.28937e-05 0.000104348 2.31203e-05 1.93646e-05 0.000454591 6.80496e-05 0.000159486 0.00070941 0.00827412 0.00151425 1.09939e-10 0.00651272 0.161761 3.35951e-06 0.0406203 0.00105125 
3.17046e-05 0.00397019 7.4166e-05 0.00152451 0.00362159 0.0002351 0.00321208 0.00116984 1.78002e-06 3.18057e-05 0.983145 6.50391e-05 0.000650014 0.000133303 0.000147302 2.93206e-05 2.12878e-05 0.000323517 6.16524e-11 0.00123377 5.3614e-05 4.43687e-06 0.000316553 4.20774e-06 
0.00147687 0.361875 0.00694599 0.0420994 0.0299232 0.0601763 0.0356205 0.108414 0.0772614 0.000774739 0.00016436 0.00702927 0.01387 0.0041172 0.0147924 0.0100149 0.00265292 0.065288 2.60732e-07 0.079765 0.0347641 5.44974e-05 0.0219696 0.0209508 
0.0166869 0.060427 0.00247554 0.108221 0.103011 0.0956848 0.00723151 0.0551874 0.0316241 0.0264597 0.00408417 0.117691 0.0323541 0.00388994 0.00253778 3.21467e-07 0.0740979 0.0812953 3.20977e-07 0.0713398 0.0147287 0.00279438 0.0597874 0.028391 
0.0252087 0.0638925 0.00465547 0.105406 0.0427181 0.0248508 0.00425587 0.112323 0.00159684 0.0174958 7.83993e-05 0.00552799 0.0626578 0.0112351 0.000624029 0.00473026 0.0114877 0.274503 9.45683e-09 0.11004 0.00618823 3.66589e-05 0.102309 0.00817924 
0.0408504 0.0444104 0.00285293 0.0215871 0.00854659 0.382152 0.00087161 0.0512747 0.000537944 0.00394203 3.77797e-05 0.00268698 0.0369034 0.016071 3.62442e-05 0.00753836 0.0801695 0.0470402 3.1449e-09 0.0363584 0.0815962 2.73954e-07 0.127451 0.00708449 
0.00179221 1.72353e-07 0.00497911 0.146732 0.0227691 0.00479215 0.00239436 0.0757178 0.00118863 0.0471426 0.00113761 0.00136088 0.174741 0.00594388 0.000774813 0.00230882 0.00467114 0.417853 1.72024e-07 0.0245986 1.72348e-07 1.7212e-07 0.0515368 0.00756495 
3.17046e-05 0.00397019 7.4166e-05 0.00152451 0.00362159 0.0002351 0.00321208 0.00116984 1.78002e-06 3.18057e-05 0.983145 6.50391e-05 0.000650014 0.000133303 0.000147302 2.93206e-05 2.12878e-05 0.000323517 6.16524e-11 0.00123377 5.3614e-05 4.43687e-06 0.000316553 4.20774e-06 
0.000226421 0.000884432 0.000358356 0.0229668 0.0649972 0.0200488 0.000136184 0.0129277 0.0012578 0.017589 0.000984164 1.00517e-05 0.0596267 0.00918043 1.51146e-05 0.00327859 0.0211653 0.331172 1.55535e-08 0.0496726 0.00300594 5.24832e-05 0.0818165 0.298627 
0.000161482 0.341072 0.000229815 0.0433532 0.01912 0.00030446 0.0045484 0.023789 0.018004 4.76537e-07 0.019826 0.309563 0.00150067 2.62049e-07 0.00389577 1.45144e-06 0.00201504 0.00572787 5.67171e-10 0.0234267 0.171222 1.78684e-07 0.0121901 4.80545e-05 
0.000219835 0.0845636 0.00192772 0.0146715 0.667613 0.00225218 0.00269839 0.00490374 2.96964e-05 0.00140896 2.26334e-05 1.60745e-08 0.100096 4.2547e-05 3.3944e-07 0.00982119 4.52167e-05 0.0182641 1.96238e-11 0.0590984 0.000430647 3.40437e-05 0.0226473 0.0092089 
1.63036e-05 0.00285118 0.00220234 0.119647 0.00487948 0.00957583 8.11316e-05 0.462547 0.000810389 0.000607954 6.00352e-05 0.00275189 0.0246637 0.000419992 3.4268e-05 0.0028736 3.29597e-05 0.032837 6.71234e-11 0.295722 0.00102441 4.70784e-09 0.0363599 6.41276e-07 
0.0134458 0.00558873 0.0012661 0.0157067 0.0246323 0.132905 0.000318032 0.025828 6.5207e-07 0.00122056 4.73722e-07 4.92238e-06 0.00343006 0.000827178 0.000221592 0.000595001 0.000140347 0.111462 1.84166e-07 0.188399 0.00220876 1.55915e-05 0.453077 0.0187061 
0.0367421 0.0243771 0.00414564 0.0254397 0.106881 0.0505447 0.00218009 0.0307672 0.000472297 0.000789504 0.0235646 0.00174239 0.0639267 0.000143585 0.000708638 0.000580154 0.0268607 0.0400808 4.57584e-12 0.408851 0.012497 1.0427e-05 0.137663 0.00103159 
0.0482461 0.00738229 0.192974 0.00393184 0.000801476 0.595897 0.00576837 0.0135056 0.000112084 0.000129878 9.58163e-05 0.0050613 0.00185152 1.44761e-05 1.25019e-06 0.00540418 0.0350823 0.00014394 2.61724e-08 0.0186972 0.0160236 2.79163e-06 0.0278031 0.0210705 
0.000147005 0.0547909 0.000180302 0.0610112 0.109452 0.00582084 0.000905102 0.504793 3.79325e-05 0.00314656 0.0590829 7.4367e-05 0.00972434 0.00433935 1.29926e-05 1.78829e-06 0.000398179 0.0310348 7.61003e-10 0.152509 0.000244483 2.71168e-07 0.00221932 7.30321e-05 
0.512955 0.00196238 0.0243029 0.011485 0.0265361 0.0488613 0.0031864 0.014614 0.000265594 0.000387994 2.18648e-05 0.00023205 0.0201198 0.000669375 0.0308071 0.000791463 0.110996 0.00926372 2.51494e-11 0.0205928 0.108385 1.37943e-05 0.051869 0.0016807 
0.0037267 0.0380599 0.00869304 0.00316139 0.00202269 0.0850138 0.000630371 0.0108328 0.00783679 0.000321499 0.00104173 0.000177264 0.0183341 0.0128094 1.86557e-05 0.00124045 0.00483836 0.0202754 1.11319e-09 0.0608392 0.00282175 0.0273158 0.0638909 0.626098 
0.000141642 0.0149731 0.000210593 0.0195379 0.194081 0.0116792 3.27669e-05 0.0608395 3.2119e-05 0.263606 1.4671e-07 1.64541e-07 0.204562 0.00134726 1.78038e-07 0.0725526 0.00206717 0.0415921 4.28126e-10 0.0921822 0.00910497 3.8332e-07 0.0113487 0.000108776 
0.0135443 0.0170744 0.00100217 0.00339169 0.0385801 0.011318 0.00406511 0.00196024 0.00191539 6.37842e-05 2.64572e-06 2.73603e-05 0.0113776 2.77234e-06 2.71922e-07 0.00186048 0.00224843 0.00771779 3.25791e-09 0.166061 0.00371421 5.56173e-05 0.439931 0.274086 
0.00199086 0.0232058 0.0037062 0.0517999 0.0243673 0.0406603 0.0379938 0.0132797 0.0102942 2.4627e-05 0.0153843 0.0013534 0.605447 0.00241961 0.000390149 0.00400148 0.0147094 0.0399936 1.04375e-08 0.0806328 0.006606 6.34303e-06 0.00997716 0.0117559 
0.0349192 0.00351707 0.0287729 0.0500333 0.07413 0.163422 3.93453e-05 0.0880507 0.000208921 0.00562974 0.00348002 0.000901643 0.015522 0.00300639 0.00145078 0.002369 0.0619394 0.0283207 1.29442e-08 0.0551769 0.307409 3.41164e-06 0.067838 0.00385901 
0.00037571 0.190029 0.00316694 0.0775737 0.235586 0.0208074 0.00490536 0.0191254 0.0061961 0.00314926 0.0210392 0.00204437 0.0658569 0.00657901 0.00241967 0.0128135 0.0635566 0.0379064 1.54722e-07 0.181516 0.00749159 1.26036e-06 0.0293393 0.00852095 
0.00240034 0.0037512 0.000172488 0.0760459 0.0288271 0.00504179 0.00822017 0.290834 0.000317998 0.000123987 0.000124218 0.0100133 0.0125142 0.000399042 8.00236e-06 0.000281604 0.0310288 0.403232 2.98545e-10 0.119296 0.000440603 5.53639e-07 0.00620012 0.000726703 
0.000264226 0.194486 0.0165771 0.0831367 0.00885591 0.0485406 0.000144231 0.0860389 0.00164153 0.00238028 2.04122e-08 5.93287e-06 0.182893 0.0162606 3.12645e-05 0.0501893 0.0200404 0.00144455 1.7298e-09 0.13914 0.0389517 9.5318e-08 0.108489 0.000488805 
3.54299e-05 0.0992627 0.155899 3.54401e-05 3.54399e-05 3.54424e-05 0.0567006 3.54396e-05 3.5415e-05 3.54282e-05 3.54352e-05 3.54155e-05 3.54402e-05 3.54236e-05 3.53949e-05 3.54246e-05 3.54397e-05 0.173676 3.53706e-05 3.54436e-05 3.54372e-05 3.53904e-05 3.54403e-05 0.513788 
9.39754e-05 0.00533115 3.1557e-05 0.087789 0.0202128 0.000718617 0.00105231 0.224323 0.000190112 0.0108316 1.40148e-05 0.0004221 0.0373976 8.7675e-05 6.74529e-06 5.59865e-05 0.000401889 0.579396 1.021e-09 0.0134469 0.000375497 2.18259e-06 0.0175214 0.000298092 
3.17046e-05 0.00397019 7.4166e-05 0.00152451 0.00362159 0.0002351 0.00321208 0.00116984 1.78002e-06 3.18057e-05 0.983145 6.50391e-05 0.000650014 0.000133303 0.000147302 2.93206e-05 2.12878e-05 0.000323517 6.16524e-11 0.00123377 5.3614e-05 4.43687e-06 0.000316553 4.20774e-06 
0.000276752 0.190053 6.14691e-05 0.0508226 0.00454371 0.000811813 0.0250572 0.00245797 0.624092 0.00179375 0.00152347 0.00014437 0.00409606 0.0824565 5.11013e-05 0.00268268 0.00123127 0.00157684 1.52319e-06 0.00156035 4.93082e-05 1.11162e-05 0.000398746 0.00424606 
7.64196e-07 0.101854 0.0626792 0.0494272 0.0534635 0.0275426 0.00249885 0.033831 0.000190777 0.0266584 0.00258932 6.6458e-06 0.159148 0.0023901 0.00060743 0.0135688 0.00360074 0.031333 3.26796e-10 0.284968 0.0127558 2.82207e-07 0.127831 0.00305451 
0.000363195 0.221148 0.00034645 0.00544782 0.131212 0.00433736 0.0087887 0.00669966 0.0479457 0.00237326 0.512023 3.2399e-05 0.00458193 0.000910526 0.000414067 0.00267976 0.00411437 0.00766239 8.02865e-09 0.0175865 0.000696933 0.000600971 0.0118864 0.00814915 
0.00107039 0.000242285 0.0142805 0.252435 0.00179918 0.0151842 1.91251e-05 0.0492544 2.33079e-06 0.000779639 2.15047e-09 3.56905e-08 0.0140614 0.0113123 3.06949e-08 0.00754834 9.71775e-06 0.0034574 1.19455e-09 0.602375 0.0165474 1.08219e-08 0.00960217 1.92356e-05 
3.17046e-05 0.00397019 7.4166e-05 0.00152451 0.00362159 0.0002351 0.00321208 0.00116984 1.78002e-06 3.18057e-05 0.983145 6.50391e-05 0.000650014 0.000133303 0.000147302 2.93206e-05 2.12878e-05 0.000323517 6.16524e-11 0.00123377 5.3614e-05 4.43687e-06 0.000316553 4.20774e-06 
8.00771e-05 0.000275592 2.00611e-05 0.000191493 0.000517674 0.000486506 3.48778e-05 0.000769581 0.986286 0.00341015 2.33397e-05 0.000236307 0.000171172 3.51067e-05 4.14253e-06 0.000238258 0.000198504 0.000146074 9.12317e-12 0.000927998 0.00371153 5.47133e-08 0.000669097 0.00156675 
0.000212525 0.0380049 0.000274589 0.0132549 0.643721 0.00148951 0.00412829 0.0220027 6.25234e-05 0.00233069 0.00143675 0.00255231 0.0077529 0.000343712 0.000891392 0.00321459 0.00170023 0.0925556 5.29538e-10 0.129634 0.000477101 3.51387e-05 0.0274333 0.00649102 
0.000118655 0.0282368 0.000128845 0.00296045 0.0224465 0.000148285 5.00404e-07 0.410895 0.000124602 9.64122e-05 0.000123214 4.63263e-07 0.000742531 0.00140251 1.43006e-06 5.48722e-05 9.19487e-08 0.0610181 7.28432e-10 0.43476 0.00308971 8.47706e-08 0.0157822 0.0178693 
0.000163104 0.747716 0.00258466 0.00915126 0.0295087 0.000620179 0.0753297 0.0334936 0.000263636 0.000682006 0.00243691 2.32892e-07 0.0362373 0.00013537 3.49756e-08 0.00231925 1.04483e-05 0.00326338 7.92122e-11 0.0194084 0.000228618 1.08685e-08 0.035999 0.000448032 
4.68811e-05 4.68922e-05 4.68729e-05 4.68946e-05 0.314239 4.68978e-05 4.68624e-05 4.68941e-05 4.68615e-05 4.6879e-05 4.68882e-05 4.68621e-05 4.68949e-05 4.68728e-05 4.68349e-05 4.68742e-05 4.68941e-05 0.173542 4.68028e-05 0.36586 4.68909e-05 4.68289e-05 0.145421 4.68828e-05 
0.00341033 0.00804603 0.00715604 0.0750925 0.148783 0.0191702 1.09384e-05 0.011308 2.03455e-05 0.416367 7.60515e-05 0.00164801 0.0458915 0.224473 0.00125856 2.94821e-06 9.89673e-05 0.0161095 6.18345e-10 0.00422202 0.00471649 4.87143e-06 0.0113953 0.000738993 
0.0056693 0.0164025 0.000710761 0.00313122 0.0243015 0.342649 0.00390262 0.00633805 0.00033429 0.000308871 4.45249e-05 0.0011014 0.0109987 0.0003358 3.38054e-06 6.49372e-05 0.0389785 0.102385 1.51704e-08 0.135145 0.00727169 8.78236e-07 0.039584 0.260338 
3.17046e-05 0.00397019 7.4166e-05 0.00152451 0.00362159 0.0002351 0.00321208 0.00116984 1.78002e-06 3.18057e-05 0.983145 6.50391e-05 0.000650014 0.000133303 0.000147302 2.93206e-05 2.12878e-05 0.000323517 6.16524e-11 0.00123377 5.3614e-05 4.43687e-06 0.000316553 4.20774e-06 
3.17046e-05 0.00397019 7.4166e-05 0.00152451 0.00362159 0.0002351 0.00321208 0.00116984 1.78002e-06 3.18057e-05 0.983145 6.50391e-05 0.000650014 0.000133303 0.000147302 2.93206e-05 2.12878e-05 0.000323517 6.16524e-11 0.00123377 5.3614e-05 4.43687e-06 0.000316553 4.20774e-06 
0.886411 0.000431138 0.00187504 0.00158178 0.000944439 0.0296518 0.000128548 0.01008 0.000306538 1.97309e-05 1.07888e-05 3.9945e-05 0.00431777 0.000136864 4.2905e-08 9.21168e-06 0.0194733 0.000486535 2.97593e-10 0.0200734 0.0140188 7.28046e-07 0.00958321 0.00041994 
3.17046e-05 0.00397019 7.4166e-05 0.00152451 0.00362159 0.0002351 0.00321208 0.00116984 1.78002e-06 3.18057e-05 0.983145 6.50391e-05 0.000650014 0.000133303 0.000147302 2.93206e-05 2.12878e-05 0.000323517 6.16524e-11 0.00123377 5.3614e-05 4.43687e-06 0.000316553 4.20774e-06 
0.00575035 0.0328335 0.00121609 0.0560567 0.056973 0.0252165 0.00703395 0.284763 0.00156451 0.00362174 0.0148133 0.00618946 0.0463435 0.00843526 0.0015549 0.00267524 0.0232938 0.162282 5.70096e-06 0.213149 0.00587915 4.90194e-05 0.0370656 0.00323477 
0.00608791 0.0259891 0.0428278 2.34128e-06 2.34127e-06 0.580678 2.33967e-06 2.34125e-06 2.33962e-06 2.3405e-06 2.34096e-06 2.33965e-06 0.00608969 0.046104 2.33829e-06 2.34026e-06 0.0227125 0.01241 2.33669e-06 0.0440226 0.156621 2.338e-06 0.0524472 0.00398152 
3.17046e-05 0.00397019 7.4166e-05 0.00152451 0.00362159 0.0002351 0.00321208 0.00116984 1.78002e-06 3.18057e-05 0.983145 6.50391e-05 0.000650014 0.000133303 0.000147302 2.93206e-05 2.12878e-05 0.000323517 6.16524e-11 0.00123377 5.3614e-05 4.43687e-06 0.000316553 4.20774e-06 
0.000275195 0.0231238 0.00369797 0.000961084 0.129042 0.0188142 0.00230218 0.030859 0.0115163 0.00276936 8.06109e-05 0.0050989 0.0181427 0.00554123 0.00121909 0.0260673 0.00230552 0.037525 7.66242e-05 0.0457899 0.000321236 0.000611537 0.010491 0.623368 
0.0239213 0.0463212 0.000279651 0.0314569 0.0199427 0.0465826 0.000209521 0.101901 0.0182945 0.000331685 0.000369659 0.00125682 0.0148669 0.0032769 2.83033e-05 0.0150898 0.0748621 0.0411269 7.37907e-09 0.0535156 0.0374806 6.52833e-05 0.0908366 0.377983 
0.00103161 0.0206583 0.034846 0.00403238 0.0865208 0.101908 0.00724318 0.00469621 0.00876378 0.00196923 0.00273439 3.39565e-06 0.0732948 0.00108524 0.00036328 0.00366001 0.0756291 0.0120853 9.02424e-09 0.312583 0.0256903 4.80807e-06 0.183201 0.0379955 
3.17046e-05 0.00397019 7.4166e-05 0.00152451 0.00362159 0.0002351 0.00321208 0.00116984 1.78002e-06 3.18057e-05 0.983145 6.50391e-05 0.000650014 0.000133303 0.000147302 2.93206e-05 2.12878e-05 0.000323517 6.16524e-11 0.00123377 5.3614e-05 4.43687e-06 0.000316553 4.20774e-06 
0.00506299 0.128605 0.0225465 0.0125108 0.0302808 0.0703116 0.336446 0.0109955 0.00106243 0.00028897 0.0459678 0.0620899 0.00714245 0.0322432 7.38325e-05 0.000271922 0.000644363 0.0630537 4.58855e-06 0.0256927 0.0124339 0.00135902 0.0805081 0.0504044 
0.00294774 0.0272359 0.00238354 0.0701651 0.107922 0.0229714 0.00262171 0.0700816 0.000136367 0.00704984 0.000555026 0.012786 0.109233 0.0747826 8.35063e-05 0.00180732 0.0081799 0.149142 6.42393e-08 0.265441 0.0118639 0.00013831 0.0373304 0.0151418 
0.00635052 0.00318912 1.75153e-05 0.000243291 0.000357051 0.00468157 2.21609e-05 0.00186275 0.968037 2.22347e-05 0.0010908 1.90627e-06 0.000441936 3.93265e-05 6.10769e-05 5.57202e-07 0.00232205 0.000484089 1.22938e-12 0.00374274 0.000209541 0.00077861 0.00417205 0.0018717 
3.17046e-05 0.00397019 7.4166e-05 0.00152451 0.00362159 0.0002351 0.00321208 0.00116984 1.78002e-06 3.18057e-05 0.983145 6.50391e-05 0.000650014 0.000133303 0.000147302 2.93206e-05 2.12878e-05 0.000323517 6.16524e-11 0.00123377 5.3614e-05 4.43687e-06 0.000316553 4.20774e-06 
0.0751266 0.0549634 0.0016279 0.0307878 0.0381313 0.293745 0.000882622 0.00807854 0.00226976 0.00345648 0.000677391 0.00045683 0.0109222 0.00663665 5.32609e-08 0.0132167 0.109888 0.0267164 6.57391e-10 0.150299 0.0213696 8.37701e-06 0.0854825 0.0652568 
0.000718715 0.0289988 0.00126774 0.0252993 0.768031 0.00763916 0.000845517 0.00518691 2.01733e-05 7.35767e-05 0.000323166 0.00131053 0.0201448 0.000271645 0.000663231 0.00417991 0.0309977 0.00829582 3.72456e-08 0.0917498 0.000717462 6.55064e-05 0.00248512 0.000714284 
0.00156236 0.041327 0.0014189 0.00285467 0.017535 0.0930239 0.00309029 0.00232514 0.000866091 0.163329 0.00972181 0.00516513 0.000189653 0.000523327 0.00138559 0.0184586 0.000403428 0.0425045 2.33667e-07 0.0168067 2.61148e-05 1.95353e-06 0.0807208 0.49676 
0.000290736 0.000277729 0.000281145 0.261906 0.024267 0.00633318 0.000246766 0.220885 0.000117164 0.0286282 4.33144e-05 0.00704649 0.0702625 0.00098445 2.66407e-05 0.000130672 0.0119261 0.296662 1.13844e-09 0.0127567 0.00208247 2.15648e-06 0.0544577 0.000385131 
0.100967 0.00578553 0.000391343 0.134713 0.0169742 0.0117979 0.00230431 0.239683 0.00771808 0.00227815 0.0111398 0.0129703 0.0043322 0.00167041 0.000552133 5.2583e-07 0.0250326 0.0804629 2.98459e-09 0.0433158 0.00411021 6.5763e-05 0.293326 0.000408908 
0.000409031 0.0161178 0.000759971 0.0303545 0.0178474 0.00106116 0.00670649 0.022861 0.000332417 0.000164057 0.0313172 0.850737 0.00397474 0.000116099 0.0015977 0.000139361 0.000589978 0.00427781 2.99734e-12 0.00662146 0.000103714 2.01522e-07 0.00374961 0.000160712 
0.626982 0.016437 0.00178762 0.00644266 0.0417879 0.0452782 0.00555231 0.0146069 1.89815e-06 0.000236506 8.18221e-06 3.88181e-05 0.00407366 2.92591e-09 5.75796e-05 0.000636963 0.164677 0.0011567 2.8484e-10 0.0274736 0.0214671 4.32833e-09 0.0192499 0.00204732 
0.000145761 0.00532527 1.65211e-05 0.0150221 0.00954267 0.00436236 0.0015236 0.0943284 0.000301681 3.30814e-05 0.000689448 0.839876 0.0073447 0.00018109 2.09758e-05 9.89852e-09 6.26557e-05 0.00349022 4.55901e-12 0.0160342 0.000631413 1.39042e-07 0.001068 1.09045e-09 
0.000145313 0.101148 0.000172008 0.11808 0.164506 0.0222291 0.00111543 0.0182497 2.69275e-05 0.18007 0.000446181 0.0611784 0.18615 0.00380434 0.000326986 0.00106138 0.0183163 0.00888555 7.27891e-10 0.049108 0.00081805 2.16396e-05 0.0638259 0.000314553 
0.000924324 0.00719429 0.000325205 0.00919043 0.00862085 0.00689733 0.934247 0.00052423 0.000105726 0.000552273 0.000847284 0.0157966 0.00194049 4.24848e-05 0.000228129 1.63098e-05 0.00622005 0.000598131 7.31323e-12 0.00110241 0.00261481 1.04925e-05 0.00186786 0.000133719 
0.0227412 0.0112373 0.000440349 0.273403 0.0170237 0.0538138 0.00135272 0.027961 5.78468e-07 0.0298139 5.76718e-05 0.00308959 0.0387865 0.00359008 5.1938e-05 0.0090959 0.0813959 0.0271241 1.38894e-10 0.030132 0.0598694 9.00839e-08 0.307463 0.00155567 
0.024547 0.0377958 0.00355178 0.0308785 0.0432186 0.126829 0.00263323 0.0460641 0.000372651 0.00717166 0.00922283 0.00654946 0.0416195 0.000645531 6.32489e-05 0.00247811 0.0562134 0.0286477 1.04785e-08 0.158298 0.0400904 2.58667e-05 0.325492 0.00759185 
0.0200155 0.00896484 0.0709564 0.0371234 0.0428525 0.103879 8.4188e-05 0.0178312 8.94858e-09 0.000256647 1.73875e-08 2.47083e-06 0.0639709 0.00307252 7.05623e-05 0.000257793 0.00274341 0.0013844 7.3666e-11 0.402165 0.0440213 2.07301e-08 0.175428 0.00491965 
3.17046e-05 0.00397019 7.4166e-05 0.00152451 0.00362159 0.0002351 0.00321208 0.00116984 1.78002e-06 3.18057e-05 0.983145 6.50391e-05 0.000650014 0.000133303 0.000147302 2.93206e-05 2.12878e-05 0.000323517 6.16524e-11 0.00123377 5.3614e-05 4.43687e-06 0.000316553 4.20774e-06 
0.00300991 0.03635 0.000492592 0.0377323 0.239076 0.0206457 0.00122005 0.323293 8.3486e-05 0.000487578 2.67167e-05 0.000963599 0.03371 0.00286635 0.00104169 3.3348e-08 0.000476436 0.00671337 2.70201e-12 0.19117 0.0721035 1.69883e-08 0.0270365 0.00150149 
0.0228987 0.0253553 0.00130368 0.118464 0.0048541 0.0174389 0.0069472 0.260235 0.0129613 0.00783048 0.000904995 0.00355379 0.0187685 0.000674736 1.35543e-05 4.32559e-05 0.0147657 0.0107595 1.35254e-08 0.0839192 0.00893476 5.92711e-05 0.37389 0.0054237 
0.000530531 0.696327 0.0122247 0.0341135 0.0440185 0.0169039 0.0052227 0.0199427 0.0105306 0.000493753 0.0312735 0.00149645 0.0272806 0.000106159 0.00373585 0.00196238 0.000637521 0.0142454 9.5963e-08 0.0148631 0.00411895 9.15078e-05 0.0124834 0.047397 
8.41489e-05 0.012374 0.0228325 0.145396 0.0231587 0.00441777 0.000572967 0.108849 2.87766e-07 0.00128868 2.29313e-05 3.87914e-05 0.017606 0.000124084 4.47226e-07 0.0267541 6.34547e-05 0.256013 2.1106e-10 0.309426 0.0174162 3.49191e-05 0.0489423 0.00458325 
0.00635052 0.00318912 1.75153e-05 0.000243291 0.000357051 0.00468157 2.21609e-05 0.00186275 0.968037 2.22347e-05 0.0010908 1.90627e-06 0.000441936 3.93265e-05 6.10769e-05 5.57202e-07 0.00232205 0.000484089 1.22938e-12 0.00374274 0.000209541 0.00077861 0.00417205 0.0018717 
0.00687686 0.00607272 0.0075816 0.00937337 0.0155193 0.180545 0.00932293 0.0183774 0.000519159 0.00184448 5.7257e-06 0.000279704 0.0161466 0.11347 0.00269445 0.00353531 0.0353664 0.00622947 2.12983e-06 0.0112435 0.0469473 7.60134e-05 0.499149 0.00882176 
0.00137501 0.000470726 6.59713e-05 0.045509 0.00647895 0.00227963 8.26288e-05 0.119635 0.0028914 0.599561 2.44306e-05 0.00113791 0.0680302 5.66023e-05 3.43766e-05 0.000568447 0.0606096 0.0444748 1.30004e-09 0.0152632 0.0162638 3.95402e-07 0.0151836 3.42971e-06 
3.17046e-05 0.00397019 7.4166e-05 0.00152451 0.00362159 0.0002351 0.00321208 0.00116984 1.78002e-06 3.18057e-05 0.983145 6.50391e-05 0.000650014 0.000133303 0.000147302 2.93206e-05 2.12878e-05 0.000323517 6.16524e-11 0.00123377 5.3614e-05 4.43687e-06 0.000316553 4.20774e-06 
0.00476801 0.0054375 0.0016356 0.0218514 0.0518525 0.00674836 2.39974e-05 0.011346 6.60026e-06 0.000610493 1.9071e-06 5.92766e-10 0.144966 0.00262393 1.6539e-06 2.27977e-06 0.00213443 0.0911221 1.99394e-12 0.596126 0.002651 6.78913e-10 0.0560528 3.72284e-05 
0.00911021 0.0570422 0.00540469 0.0192127 0.0381469 0.0375763 0.0138428 0.0145012 0.00054539 0.00140251 0.0253603 0.651908 0.0315045 5.87192e-05 0.00300609 9.90501e-06 0.000894219 0.0186988 8.86848e-11 0.0146265 0.00430123 3.8246e-05 0.0378784 0.0149302 
3.17046e-05 0.00397019 7.4166e-05 0.00152451 0.00362159 0.0002351 0.00321208 0.00116984 1.78002e-06 3.18057e-05 0.983145 6.50391e-05 0.000650014 0.000133303 0.000147302 2.93206e-05 2.12878e-05 0.000323517 6.16524e-11 0.00123377 5.3614e-05 4.43687e-06 0.000316553 4.20774e-06 
0.00469181 0.00107281 0.970272 0.000231355 0.0107906 0.00311532 0.00010089 0.000754304 3.57035e-05 0.00018668 3.44959e-06 0.000524945 0.000617595 0.000294384 7.0111e-05 0.00259424 0.000220074 0.00169469 2.39769e-12 0.00128734 0.000117423 3.99598e-06 0.000995152 0.000325233 
0.00331438 0.18398 0.00589316 0.0480931 0.10756 0.0708327 0.0120421 0.0789086 0.0174766 0.0224642 0.00944136 0.045416 0.0994146 0.00526259 0.0188604 0.0235856 0.000860919 0.0952018 4.21252e-07 0.0954496 0.0193609 4.68409e-05 0.0321248 0.00440961 
0.00635052 0.00318912 1.75153e-05 0.000243291 0.000357051 0.00468157 2.21609e-05 0.00186275 0.968037 2.22347e-05 0.0010908 1.90627e-06 0.000441936 3.93265e-05 6.10769e-05 5.57202e-07 0.00232205 0.000484089 1.22938e-12 0.00374274 0.000209541 0.00077861 0.00417205 0.0018717 
3.17046e-05 0.00397019 7.4166e-05 0.00152451 0.00362159 0.0002351 0.00321208 0.00116984 1.78002e-06 3.18057e-05 0.983145 6.50391e-05 0.000650014 0.000133303 0.000147302 2.93206e-05 2.12878e-05 0.000323517 6.16524e-11 0.00123377 5.3614e-05 4.43687e-06 0.000316553 4.20774e-06 
0.00050703 0.0188123 0.00137821 0.00272566 0.0220821 0.0113236 0.00980292 0.0034172 0.805858 0.000370286 0.000786562 0.0139748 0.0320365 0.00546324 2.93681e-05 0.00154769 0.0193203 0.00210096 2.59761e-08 0.0250849 0.00903382 6.58344e-07 0.00588419 0.00845969 
0.25226 0.0266506 0.0190221 0.057529 0.0350023 0.235251 0.0112893 0.0112979 0.000191908 0.01211 0.00126401 0.000698157 0.0286627 0.000585037 0.00075135 0.000275711 0.0884008 0.00996599 7.18499e-06 0.0273439 0.104178 1.6155e-05 0.0761808 0.0010666 
0.00046747 0.00693852 0.000891368 0.0113185 0.0363343 0.0101946 0.000516131 0.00752979 2.02488e-08 0.00584373 7.12849e-07 2.48514e-05 0.137627 0.00186671 1.43149e-05 1.87865e-08 0.000592356 0.675144 3.36245e-11 0.0900903 0.00121545 2.87518e-06 0.0104332 0.00295357 
0.00100429 0.0329422 0.00187612 0.0785944 0.0746376 0.0209728 0.00061117 0.0702842 0.000237744 0.00364971 0.00295411 0.00486451 0.249433 0.00549464 0.000155047 0.00704245 0.0238172 0.0165985 2.63531e-07 0.331632 0.00567616 1.07561e-06 0.0653037 0.00221649 
0.0384812 0.0082376 0.00124387 0.0162822 0.00945927 0.0700548 0.00649477 0.0294679 0.00211519 0.00244841 0.00636814 0.00119058 0.016648 0.00253254 0.000254333 0.000721182 0.68208 0.0205348 1.94194e-07 0.0356969 0.0305756 0.000122876 0.016916 0.002074 
0.00901961 0.0295488 0.00860915 0.0598201 0.0315147 0.066963 0.00370334 0.046565 0.00363309 0.00823072 0.0010487 0.00330373 0.0300318 0.123831 0.000997894 0.012214 0.0132467 0.0192484 6.38203e-05 0.108595 0.0238811 0.000199795 0.377406 0.0183253 
0.00469336 0.0208701 0.0084256 0.0372565 0.0382483 0.020017 0.00262157 0.0458658 0.074342 0.0228388 0.000599963 0.179923 0.328544 0.014276 0.0103316 0.0119735 0.0199531 0.0292536 6.68651e-08 0.0660236 0.00884102 1.64921e-07 0.047634 0.00746748 
0.00104484 0.0107225 0.00098027 0.00103103 0.0317767 0.0135639 0.00381668 0.564377 0.000555704 0.000882893 0.000658053 0.310145 0.00818907 0.00498472 1.71044e-05 0.000972934 0.000119236 0.0042478 4.09262e-08 0.013151 0.0151896 1.96518e-06 0.00446642 0.00910512 
0.797861 0.00154212 0.00299298 0.00932492 0.00161027 0.0724571 3.07258e-05 0.0223206 0.000644453 9.70677e-05 0.000270408 0.000869828 0.0116255 0.00923854 5.8957e-07 2.52271e-06 0.00919898 0.000800124 1.11092e-09 0.0162834 0.026456 1.0508e-06 0.01632 5.22569e-05 
0.000898932 0.0236509 0.00020103 4.98708e-06 1.9963e-05 0.0910868 0.0101183 0.000112275 0.000208872 1.97166e-06 0.000275512 4.55946e-05 8.83035e-06 1.24865e-05 2.26406e-06 0.0134056 0.000372903 0.00686035 3.11779e-08 0.0074906 0.00081984 2.39578e-05 0.0264615 0.817916 
0.00175154 0.0162145 0.00709056 0.125948 0.0423657 0.104588 0.000377445 0.029914 0.000670277 0.0153528 0.00109626 0.000112835 0.0492743 0.00877042 0.000104563 0.00417521 0.00603939 0.0430774 2.27143e-07 0.394244 0.0159395 1.05911e-05 0.123311 0.00957082 
0.036854 0.0749343 0.00271708 0.0236605 0.0315429 0.0591957 0.00881234 0.194046 0.000855734 0.00717249 0.0128559 0.00104153 0.0151107 0.00372036 0.000493261 0.00167087 0.00141948 0.219819 5.01696e-07 0.0709798 0.113699 2.07796e-05 0.0312874 0.0880908 
0.00540968 0.00913229 0.0067179 0.0159218 0.0180082 0.0230325 0.000562624 0.0260725 0.653271 0.000774181 8.41914e-05 0.000342513 0.0349065 0.000660567 4.95785e-07 0.0843508 0.0156654 0.00738474 6.43953e-08 0.0462023 0.00919106 9.28769e-06 0.0416337 0.000665793 
0.00221276 0.0384203 8.51306e-07 0.0191813 0.0783124 0.0787541 0.00253219 0.0247792 0.000726382 3.17067e-07 7.78578e-08 0.000944247 0.0321215 0.00398041 0.000271029 0.000520544 7.74726e-07 0.0413186 4.25592e-10 0.0299913 0.00451782 0.000206125 0.163958 0.477249 
0.0651942 0.137565 0.000598375 0.0199101 0.0922272 0.052991 0.132199 0.0139749 0.000547045 0.162976 0.00483018 0.0221074 0.0109425 0.000303409 0.00357981 7.79149e-07 0.0136789 0.0535072 2.50077e-09 0.133238 0.00103952 5.34564e-08 0.0406603 0.0379295 
0.0529945 0.023617 0.156965 0.00507642 0.0124028 0.0164085 0.476946 0.117977 0.000242016 0.000356445 0.0837431 0.000824781 0.00655464 0.00129423 6.6191e-05 0.00363239 0.000148822 0.000543909 1.71153e-09 0.017186 0.00963531 1.03932e-05 0.0120854 0.00128957 
0.0106312 0.018119 5.27428e-05 0.00654873 0.0033461 0.0540361 1.03585e-06 0.0285091 1.742e-06 3.22093e-07 0.000752831 5.35894e-08 9.9816e-06 2.46909e-06 3.45882e-07 1.97538e-07 2.97426e-06 0.175883 6.83409e-10 0.246988 0.0143186 2.3531e-05 0.438073 0.00269938 
0.0579577 0.0212122 0.00493572 0.0559325 0.0714653 0.387317 0.000343888 0.0515119 0.00165494 0.0141497 0.0127213 0.00643625 0.0627592 0.00477824 0.000177148 0.00541693 0.0342217 0.0147406 8.17231e-08 0.0814552 0.0480159 4.9388e-05 0.0592523 0.003495 
0.000909124 0.128437 0.00226099 0.0674197 0.22923 0.0551189 0.00763763 0.0380718 0.000196144 0.0122584 0.00368957 0.0156152 0.0795892 0.0282779 0.000412752 0.00130534 0.0134878 0.189872 3.72967e-06 0.0802251 0.0120286 6.92324e-06 0.0302345 0.00371237 
0.00630183 0.00534116 7.11403e-05 0.046113 0.00248999 0.0166048 0.000462343 0.808915 7.15378e-05 0.000229982 2.23729e-05 0.000278338 0.0114264 6.12296e-05 3.07194e-06 1.35487e-08 0.0011362 0.0302642 4.84727e-12 0.0454464 0.000747674 3.69657e-07 0.0239064 0.00010626 
0.00239044 0.279557 0.00250066 0.00248314 0.0292233 0.0106687 0.565651 0.0143153 0.0101638 0.000535378 0.0081689 1.06637e-07 0.0232937 0.00013429 4.91748e-07 0.000819064 1.28808e-05 0.00435618 9.71465e-10 0.0162742 0.00161876 2.05775e-06 0.0258139 0.00201664 
0.000186688 0.156912 0.000389965 0.148533 0.070306 0.013988 0.047427 0.0944622 7.38382e-05 0.00195251 4.25053e-06 0.000566766 0.198571 0.0191957 0.000167197 0.000309377 0.000281272 0.0917165 1.39939e-07 0.0252977 0.000544361 1.89054e-05 0.107808 0.0212882 
0.00725377 0.11637 0.00216878 0.0119952 0.0308381 0.0602539 0.000182796 0.062542 0.000163576 0.0162045 5.59872e-05 4.64461e-07 0.0451565 0.0217555 4.02965e-05 0.00153527 0.000529284 0.415763 1.27839e-09 0.104314 0.000699765 7.01483e-05 0.03988 0.0622276 
0.00156795 0.646454 0.00176206 0.0523023 0.0607206 0.0133106 0.0287818 0.00577817 0.0548071 0.00251143 0.0303428 0.00499466 0.0074242 0.00236148 0.00661626 0.000158192 0.0016872 0.0157409 7.20208e-08 0.0323311 0.00426502 0.000173255 0.0176915 0.00821752 
0.0563932 0.0129654 0.000638446 0.00345044 0.0683988 0.307372 0.00516179 0.0170129 3.79827e-06 2.72495e-05 0.000299557 0.000303376 0.00915449 3.15139e-05 7.96126e-08 5.81947e-05 0.0298832 0.178235 2.03618e-11 0.228991 0.0149117 7.99809e-08 0.0428199 0.0238887 
0.000453823 0.304171 0.000320158 0.0997281 0.0471281 0.0402567 0.0617528 0.0743062 0.00692485 0.000854848 0.000368735 5.75345e-05 0.0375408 0.000625038 0.00234016 0.0201884 0.00368096 0.015638 6.29828e-07 0.154725 0.00384948 6.58269e-05 0.0428276 0.0821955 
9.32357e-05 9.32578e-05 9.32194e-05 9.32626e-05 9.32621e-05 9.32689e-05 9.31985e-05 9.32615e-05 9.31966e-05 9.32315e-05 9.32498e-05 9.31978e-05 9.32631e-05 9.32192e-05 9.31438e-05 0.11196 9.32616e-05 9.32542e-05 9.30799e-05 0.354526 9.32551e-05 9.31319e-05 9.32632e-05 0.531556 
0.00197194 0.363974 0.00249051 0.0156468 0.077744 0.0502395 0.222859 0.0272563 0.000162314 0.00144393 0.0146583 0.0111437 0.00767454 0.000950237 0.000586278 0.00537045 0.0101099 0.0110592 1.08696e-11 0.104296 0.00553732 9.38663e-07 0.0289809 0.0358443 
0.00975993 0.000456062 0.732563 0.00104314 0.146807 0.0174413 5.09137e-05 0.000387495 9.21402e-05 0.00219046 1.62442e-06 6.56301e-05 0.00107742 0.000246877 0.000198494 0.000282259 0.000125287 0.0377619 3.86786e-12 0.047981 0.00114462 1.77165e-05 1.07804e-05 0.000295463 
0.0338554 0.0226076 0.0186139 0.00304232 0.0261413 0.585341 0.00165109 0.0170897 0.0321423 0.00884591 0.000193203 0.00357895 0.00729642 0.00144653 0.000948647 0.00678835 0.0243765 0.0334397 6.4486e-06 0.0242802 0.0457979 0.000166759 0.0223721 0.0799783 
0.00120579 0.0432219 0.00118969 0.0145941 0.679751 0.0128304 0.0018781 0.00904581 0.000382969 0.00799183 0.000414567 0.00167518 0.0456164 0.00288068 0.000919029 0.0261651 0.00968085 0.0357445 2.55561e-06 0.0606511 0.00407313 9.72589e-05 0.0309931 0.00899466 
0.0239143 0.0554951 0.000177448 0.0974809 0.131039 0.0159702 0.0169326 0.141526 0.00145429 0.00614144 0.0323305 0.16129 0.0807254 0.000299184 0.00149008 0.00046189 0.00223746 0.101146 1.56787e-05 0.0914585 0.00965559 5.63821e-05 0.0247713 0.0039305 
0.0303276 0.00452473 0.000878867 0.00368512 0.00448051 0.572128 0.0300281 0.0431974 0.0062178 6.10521e-05 0.000453125 0.000852617 0.00572784 4.24551e-05 1.00486e-06 0.000977669 0.0381305 0.00557824 9.06025e-11 0.0690796 0.0362525 1.81461e-05 0.0994059 0.0479512 
3.17046e-05 0.00397019 7.4166e-05 0.00152451 0.00362159 0.0002351 0.00321208 0.00116984 1.78002e-06 3.18057e-05 0.983145 6.50391e-05 0.000650014 0.000133303 0.000147302 2.93206e-05 2.12878e-05 0.000323517 6.16524e-11 0.00123377 5.3614e-05 4.43687e-06 0.000316553 4.20774e-06 
3.17046e-05 0.00397019 7.4166e-05 0.00152451 0.00362159 0.0002351 0.00321208 0.00116984 1.78002e-06 3.18057e-05 0.983145 6.50391e-05 0.000650014 0.000133303 0.000147302 2.93206e-05 2.12878e-05 0.000323517 6.16524e-11 0.00123377 5.3614e-05 4.43687e-06 0.000316553 4.20774e-06 
0.0118301 0.00773753 0.00107809 0.0330822 0.00503414 0.0319903 0.00756766 0.123423 0.000825095 0.00252001 0.143155 0.0026467 0.00965608 0.229205 1.74792e-05 9.65037e-05 0.0345667 0.00607008 2.61244e-07 0.0106464 0.236452 2.73875e-06 0.101193 0.00120451 
7.54861e-07 0.024766 0.0092839 0.035867 7.55075e-07 0.276151 7.5456e-07 7.5507e-07 7.54544e-07 7.54827e-07 7.54975e-07 7.54554e-07 7.55082e-07 7.54727e-07 0.00580745 0.00286881 7.5507e-07 0.0320887 7.53599e-07 0.00755228 0.56347 7.5402e-07 0.0421343 7.54888e-07 
0.0611595 0.0627636 0.0560946 0.0750676 0.0631978 0.0368138 0.00270216 0.118605 0.00141814 0.00610334 0.0170518 0.122871 0.106379 0.058148 0.00614581 0.00443304 0.00118519 0.0243576 2.17167e-08 0.114005 0.0217925 6.77651e-06 0.0311185 0.00858066 
0.00137155 0.00396292 9.24806e-05 0.00045137 0.00195138 0.0377026 0.00250137 0.0252463 0.0232412 4.32614e-05 0.000420321 0.000183465 0.00959881 7.26007e-05 1.59702e-07 2.54055e-08 8.55066e-07 0.0163792 2.82673e-11 0.179957 5.60218e-05 0.000413301 0.450915 0.245439 
0.0080246 0.0770019 0.00812177 0.041444 0.0772447 0.0333038 0.00312596 0.0573136 0.00025709 0.00414106 5.03626e-05 0.0011239 0.0249081 0.000542143 0.000550334 0.0031355 0.016488 0.0588332 3.48119e-06 0.501631 0.0150929 3.90637e-06 0.0549617 0.012697 
3.17046e-05 0.00397019 7.4166e-05 0.00152451 0.00362159 0.0002351 0.00321208 0.00116984 1.78002e-06 3.18057e-05 0.983145 6.50391e-05 0.000650014 0.000133303 0.000147302 2.93206e-05 2.12878e-05 0.000323517 6.16524e-11 0.00123377 5.3614e-05 4.43687e-06 0.000316553 4.20774e-06 
3.17046e-05 0.00397019 7.4166e-05 0.00152451 0.00362159 0.0002351 0.00321208 0.00116984 1.78002e-06 3.18057e-05 0.983145 6.50391e-05 0.000650014 0.000133303 0.000147302 2.93206e-05 2.12878e-05 0.000323517 6.16524e-11 0.00123377 5.3614e-05 4.43687e-06 0.000316553 4.20774e-06 
0.00635052 0.00318912 1.75153e-05 0.000243291 0.000357051 0.00468157 2.21609e-05 0.00186275 0.968037 2.22347e-05 0.0010908 1.90627e-06 0.000441936 3.93265e-05 6.10769e-05 5.57202e-07 0.00232205 0.000484089 1.22938e-12 0.00374274 0.000209541 0.00077861 0.00417205 0.0018717 
0.000663451 0.00353569 5.50854e-05 0.0367548 0.00721139 0.00751787 0.00138177 0.150177 0.000509901 0.00197219 0.000973911 0.747842 0.0137872 0.00010409 0.000127924 6.56315e-06 0.00350732 0.00215978 4.19971e-13 0.00975172 0.00211642 5.19099e-07 0.00983553 7.5053e-06 
3.17046e-05 0.00397019 7.4166e-05 0.00152451 0.00362159 0.0002351 0.00321208 0.00116984 1.78002e-06 3.18057e-05 0.983145 6.50391e-05 0.000650014 0.000133303 0.000147302 2.93206e-05 2.12878e-05 0.000323517 6.16524e-11 0.00123377 5.3614e-05 4.43687e-06 0.000316553 4.20774e-06 
3.17046e-05 0.00397019 7.4166e-05 0.00152451 0.00362159 0.0002351 0.00321208 0.00116984 1.78002e-06 3.18057e-05 0.983145 6.50391e-05 0.000650014 0.000133303 0.000147302 2.93206e-05 2.12878e-05 0.000323517 6.16524e-11 0.00123377 5.3614e-05 4.43687e-06 0.000316553 4.20774e-06 
0.0214749 0.041481 0.00260322 1.74633e-07 0.000508493 0.0153952 2.82867e-08 0.0662321 0.00270258 0.00166394 1.32306e-06 2.98634e-05 0.00841185 0.00802557 5.19371e-09 0.000422973 0.00347102 0.00167248 2.1811e-11 0.0872278 0.732094 3.56874e-09 0.00545722 0.00112445 
0.00635052 0.00318912 1.75153e-05 0.000243291 0.000357051 0.00468157 2.21609e-05 0.00186275 0.968037 2.22347e-05 0.0010908 1.90627e-06 0.000441936 3.93265e-05 6.10769e-05 5.57202e-07 0.00232205 0.000484089 1.22938e-12 0.00374274 0.000209541 0.00077861 0.00417205 0.0018717 
0.00126047 0.0594835 0.00121752 0.122185 0.183513 0.0232774 0.00164696 0.129481 0.000857303 0.0302313 0.00910611 0.0483049 0.0630607 0.0151407 0.00257362 0.00285001 0.00944511 0.109646 1.59453e-07 0.132247 0.0058683 1.48757e-05 0.0457808 0.00280902 
3.17046e-05 0.00397019 7.4166e-05 0.00152451 0.00362159 0.0002351 0.00321208 0.00116984 1.78002e-06 3.18057e-05 0.983145 6.50391e-05 0.000650014 0.000133303 0.000147302 2.93206e-05 2.12878e-05 0.000323517 6.16524e-11 0.00123377 5.3614e-05 4.43687e-06 0.000316553 4.20774e-06 
0.00995006 0.00254453 0.00266044 0.0262743 0.0156258 0.182436 0.0028599 0.149784 0.000261227 0.00647272 2.73676e-05 0.00949086 0.00587282 0.000463137 2.62276e-05 3.96891e-05 0.0775979 0.00998975 1.18679e-10 0.018169 0.0441152 1.40692e-06 0.365152 0.0701856 
0.00106045 0.00328867 0.00057215 0.00387548 0.215994 0.0586661 0.000354882 0.00288959 9.17357e-06 0.000141631 6.2817e-05 8.48342e-05 0.0507379 0.00442255 0.000874089 0.0125787 0.00408979 0.0253197 8.24179e-07 0.503206 0.00132816 6.08615e-05 0.0676389 0.042743 
0.00202406 0.688069 0.00142555 0.0290625 0.0326266 0.00799456 0.0231676 0.00177806 0.0908948 0.00061185 0.0537756 0.000512364 0.00717718 0.000372296 0.00107427 9.25641e-05 9.18377e-05 0.00214541 1.2132e-06 0.025413 0.00435874 2.1484e-05 0.0246963 0.00261327 
3.17046e-05 0.00397019 7.4166e-05 0.00152451 0.00362159 0.0002351 0.00321208 0.00116984 1.78002e-06 3.18057e-05 0.983145 6.50391e-05 0.000650014 0.000133303 0.000147302 2.93206e-05 2.12878e-05 0.000323517 6.16524e-11 0.00123377 5.3614e-05 4.43687e-06 0.000316553 4.20774e-06 
3.17046e-05 0.00397019 7.4166e-05 0.00152451 0.00362159 0.0002351 0.00321208 0.00116984 1.78002e-06 3.18057e-05 0.983145 6.50391e-05 0.000650014 0.000133303 0.000147302 2.93206e-05 2.12878e-05 0.000323517 6.16524e-11 0.00123377 5.3614e-05 4.43687e-06 0.000316553 4.20774e-06 
0.00112431 0.0177254 0.001675 0.00652589 0.0181385 0.172189 0.000189854 0.00700895 5.25823e-05 0.00975773 0.000157677 4.59882e-06 0.0629411 0.00288 1.71994e-07 4.98186e-05 0.00820893 0.176283 3.38839e-10 0.26364 0.0425551 1.14183e-06 0.202307 0.00658437 
0.00199073 0.000591227 1.01255e-05 0.19081 0.000214964 0.0247868 0.000936687 0.49678 8.49796e-08 0.000175819 2.03751e-06 1.28407e-06 0.0800581 7.32112e-07 3.82125e-08 2.33453e-06 0.00332377 0.000211529 5.01931e-09 0.130634 0.0123473 6.31492e-08 0.0570328 8.9103e-05 
0.0418155 0.0521918 0.000283512 0.113981 0.02257 0.0443126 0.00288163 0.00198286 0.000193064 0.000653126 0.000460816 0.0313035 0.0351834 0.000571976 0.000286536 7.43931e-05 0.000491676 0.0173843 2.57682e-07 0.516055 0.00837201 1.80113e-05 0.1023 0.00663345 
0.00343235 0.0300602 0.000536686 0.0801837 0.00522352 0.0230887 0.000119343 0.111074 3.69904e-05 2.22981e-05 1.11048e-06 1.97556e-05 0.0494547 3.9613e-05 3.41769e-07 5.55778e-05 0.0537986 0.0797995 1.56313e-08 0.531821 0.00242399 2.11933e-07 0.026836 0.00197175 
0.000340023 0.041836 0.000384474 0.226882 0.00161221 0.0065052 0.0026167 0.259606 1.93373e-07 0.000336101 3.40568e-05 0.000361431 0.0558712 0.0127159 0.00297053 0.000128371 0.000253578 0.185295 2.87145e-08 0.114356 0.000624765 8.15795e-08 0.0868273 0.000442573 
