0.00878187 0.00205321 0.0007018 0.00226264 0.00478716 0.0904002 0.0130821 0.00333478 0.000987011 0.00156136 4.55837e-05 7.93813e-06 0.00292316 4.72433e-05 0.0103887 0.0010913 0.773129 0.00325824 1.64124e-08 0.0523834 0.0229761 1.65081e-06 0.00519271 0.000602789 
0.00378727 0.0176942 0.000272428 0.0505634 0.0178551 0.0142095 0.00675542 0.134436 0.000679807 0.00167141 0.0144187 0.685467 0.00904156 0.00017174 0.00302264 6.08222e-06 0.00599527 0.00717044 1.2796e-12 0.0131599 0.00316252 9.49936e-07 0.0101433 0.000315948 
0.0172456 0.013323 0.000530003 0.0646033 0.0319433 0.0623693 0.000410062 0.268381 0.00011152 0.000453332 3.28797e-05 0.0021898 0.0206603 0.000108129 9.49416e-07 1.01524e-05 0.00466135 0.109244 3.25096e-09 0.314505 0.00773933 1.52229e-05 0.0791183 0.0023443 
0.000663451 0.00353569 5.50854e-05 0.0367548 0.00721139 0.00751787 0.00138177 0.150177 0.000509901 0.00197219 0.000973911 0.747842 0.0137872 0.00010409 0.000127924 6.56315e-06 0.00350732 0.00215978 4.19971e-13 0.00975172 0.00211642 5.19099e-07 0.00983553 7.5053e-06 
0.0226952 0.0143335 0.05276 0.0650925 0.0673046 0.0544859 0.000534221 0.22766 0.258812 0.0284223 0.000360085 0.0129426 0.0257797 0.00350997 0.000167434 0.00155938 0.022259 0.0248225 3.71095e-10 0.0632041 0.0336142 6.02755e-05 0.0187142 0.000906488 
0.00128989 0.000883206 9.98623e-05 0.00404935 0.121643 0.0139305 0.000465088 0.0012662 9.17174e-05 0.00128417 1.7754e-05 3.39894e-05 0.0119549 0.000543927 1.12479e-05 9.96249e-09 0.00359729 0.640929 2.69617e-10 0.144952 0.00143112 3.31062e-05 0.0461387 0.00535375 
0.00864268 0.0541369 0.000199304 0.0187977 0.0457303 0.259619 0.000272108 0.0172158 0.0530659 0.000633163 0.000660959 0.000915181 0.014431 0.000811236 0.000326686 0.00131598 0.0475323 0.0332123 1.27147e-05 0.118672 0.0186782 0.0686446 0.0529697 0.183504 
0.00593841 0.00874408 0.000413161 0.00607819 0.00977308 0.0136011 0.000629688 0.862059 4.81082e-05 0.00247791 0.00203227 0.00116394 0.0242671 0.0146427 1.66161e-06 9.25842e-08 0.00109499 0.010887 7.7841e-11 0.0180007 0.0128787 6.9121e-07 0.00390401 0.00136324 
0.00201326 0.0561999 0.000826638 0.389408 0.223326 0.00748841 0.000693662 0.066604 9.53355e-05 0.0025347 0.0004845 0.0188059 0.0760069 0.00271782 0.000146199 0.0138266 0.0020335 0.00940426 1.15544e-06 0.094228 0.00651476 3.09304e-06 0.0249196 0.00171827 
0.000259406 0.0162036 0.000934813 0.0198822 0.00901638 0.0313118 0.000865459 0.662341 0.00389188 0.00168482 4.55786e-05 0.00719942 0.0151604 0.00500111 7.55383e-06 0.0069018 0.00379415 0.0798882 1.94389e-12 0.126164 0.00587715 7.6007e-06 0.00274356 0.000817988 
0.000758211 0.0697957 0.000587636 0.0113228 0.0197076 0.0145524 0.00285031 0.00283926 0.722971 0.000454778 0.00100557 0.000326957 0.000417409 0.00176436 5.0141e-05 0.0233332 0.0249397 0.00183198 3.70066e-09 0.0834377 0.00288817 1.6098e-05 0.00684438 0.0073048 
3.17046e-05 0.00397019 7.4166e-05 0.00152451 0.00362159 0.0002351 0.00321208 0.00116984 1.78002e-06 3.18057e-05 0.983145 6.50391e-05 0.000650014 0.000133303 0.000147302 2.93206e-05 2.12878e-05 0.000323517 6.16524e-11 0.00123377 5.3614e-05 4.43687e-06 0.000316553 4.20774e-06 
1.13768e-06 0.0151358 1.13748e-06 0.080003 0.016616 0.00443969 0.0018207 0.357558 1.1372e-06 1.13763e-06 1.13785e-06 1.13722e-06 0.190391 0.0163808 0.00466101 1.13751e-06 1.138e-06 1.13791e-06 1.13578e-06 0.245835 1.13792e-06 1.13641e-06 0.0671439 1.13772e-06 
0.00923943 0.00362959 1.611e-05 0.0137492 0.0115248 0.00102201 0.00690928 0.681357 0.000318192 0.000598996 0.00035316 0.0027526 0.00446006 0.000977541 0.000353314 2.26239e-05 0.0153233 0.175306 5.39731e-12 0.0594442 0.00249247 4.77507e-06 0.00926983 0.000874869 
8.00771e-05 0.000275592 2.00611e-05 0.000191493 0.000517674 0.000486506 3.48778e-05 0.000769581 0.986286 0.00341015 2.33397e-05 0.000236307 0.000171172 3.51067e-05 4.14253e-06 0.000238258 0.000198504 0.000146074 9.12317e-12 0.000927998 0.00371153 5.47133e-08 0.000669097 0.00156675 
0.0214749 0.041481 0.00260322 1.74633e-07 0.000508493 0.0153952 2.82867e-08 0.0662321 0.00270258 0.00166394 1.32306e-06 2.98634e-05 0.00841185 0.00802557 5.19371e-09 0.000422973 0.00347102 0.00167248 2.1811e-11 0.0872278 0.732094 3.56874e-09 0.00545722 0.00112445 
0.00117416 0.0562642 0.00828335 0.00161582 0.0263107 0.0258775 0.00207612 0.0143359 0.00410754 0.000700866 0.00524329 0.00562496 0.0425172 0.00831971 6.41074e-05 0.0058947 0.0037026 0.0219784 3.84747e-07 0.0306133 0.00707648 6.28572e-06 0.0583699 0.669843 
0.674697 0.00225894 0.0381755 0.00610821 0.00340878 0.0423812 0.00297644 0.00755883 6.48499e-06 0.000551161 1.35387e-08 0.000298971 0.00799416 7.49943e-06 1.99614e-05 7.46583e-05 0.132742 0.00946956 7.47642e-12 0.00453026 0.0422382 2.12648e-08 0.0241355 0.000366054 
0.00118952 0.0405425 0.000538727 0.0517913 0.236749 0.0285508 0.00877281 0.194788 0.129566 0.00365646 0.0397106 0.0501333 0.0439025 0.0280345 0.00138668 0.00265297 0.013873 0.0338493 2.22939e-08 0.0624948 0.0103033 3.57211e-05 0.0103314 0.00714761 
0.000583351 0.0814398 6.59079e-05 1.08535e-05 0.0150687 0.00320579 0.250192 0.00130441 0.000155699 0.000146027 0.478824 0.00211384 0.00117635 2.23357e-05 4.65107e-05 0.00562523 4.87865e-06 0.00354766 5.52611e-10 0.00640873 6.50816e-09 0.000570407 0.0132968 0.13619 
0.0255255 0.0182964 0.00968164 0.0728937 0.00291293 0.056518 0.00129974 0.0263851 1.96241e-05 0.00105501 0.000250848 0.00132042 0.0114184 0.00246988 9.80354e-06 3.32809e-05 0.00497201 0.255763 4.74614e-08 0.157142 0.0150638 0.000115175 0.335701 0.00115152 
0.000690472 0.086087 0.00131313 0.00511428 0.0405999 0.0741456 0.000870669 0.0786953 6.6858e-05 0.000167766 1.51482e-05 0.0076346 0.00305475 0.000567099 1.06068e-07 0.00176416 0.015605 0.180278 5.19373e-09 0.068974 0.0235562 1.55854e-05 0.3233 0.0874846 
0.00162113 0.00123144 0.0021426 0.065183 0.00537047 0.0247809 4.70019e-05 0.354696 0.00792931 0.000263242 8.46109e-05 0.00430287 0.0753157 0.000506911 2.83298e-05 0.000339816 0.0231215 0.0011493 4.62112e-11 0.30742 0.027009 3.18259e-06 0.0956899 0.00176338 
3.17046e-05 0.00397019 7.4166e-05 0.00152451 0.00362159 0.0002351 0.00321208 0.00116984 1.78002e-06 3.18057e-05 0.983145 6.50391e-05 0.000650014 0.000133303 0.000147302 2.93206e-05 2.12878e-05 0.000323517 6.16524e-11 0.00123377 5.3614e-05 4.43687e-06 0.000316553 4.20774e-06 
0.00587666 0.00732635 0.00183266 0.000425642 0.00309713 0.0803146 0.00129531 0.00942547 0.00105259 0.000199184 2.24316e-05 2.96398e-06 0.000664361 2.7713e-06 3.35238e-05 0.000272154 0.818678 0.00156469 6.01247e-10 0.0505039 0.00991744 8.58099e-08 0.00652161 0.000970808 
0.000677586 0.0176356 0.00248782 0.235407 0.0257586 0.00349673 0.00184456 0.0733448 0.000189811 0.147 2.55332e-05 0.00614785 0.301151 0.00350175 0.000210389 0.00941159 1.25217e-05 0.0804511 1.57829e-06 0.0468929 0.0042579 5.46969e-05 0.0302354 0.0098033 
0.000477355 0.00774723 0.00473212 0.000272363 0.0190587 0.0357812 0.000480701 0.00184452 4.68614e-05 4.02502e-05 6.60708e-05 0.00028276 5.69245e-05 5.98338e-06 3.27804e-06 0.000390812 0.000407873 0.354566 1.52232e-09 0.0837051 0.000525575 0.000156399 0.286402 0.20295 
0.00816586 0.00665168 0.000589769 0.00466061 0.114266 0.0350591 0.000331954 0.033369 1.03941e-05 0.000304997 4.16352e-05 1.70881e-05 0.0605258 0.000343113 1.00439e-06 3.42434e-06 0.0236487 0.0444352 5.14577e-12 0.630807 0.00288686 9.28136e-06 0.0327539 0.00111734 
0.00135292 0.00509365 0.00131451 0.102714 0.0363386 0.0132748 0.00109058 0.164412 0.00132195 0.00364137 3.37283e-05 0.0010972 0.0608062 0.00182395 2.91222e-05 0.00339709 0.00284498 0.209816 1.38513e-06 0.339376 0.0136161 1.52094e-05 0.0328203 0.0037689 
0.00635052 0.00318912 1.75153e-05 0.000243291 0.000357051 0.00468157 2.21609e-05 0.00186275 0.968037 2.22347e-05 0.0010908 1.90627e-06 0.000441936 3.93265e-05 6.10769e-05 5.57202e-07 0.00232205 0.000484089 1.22938e-12 0.00374274 0.000209541 0.00077861 0.00417205 0.0018717 
0.00140574 0.0273274 0.000254264 0.0165818 0.473731 0.066487 0.00797773 0.0128183 0.0220846 0.0316791 0.00298815 0.000257226 0.00346015 0.00249129 0.000204521 0.0136656 0.0325454 0.0385436 5.77606e-09 0.0370163 0.00386077 0.000137319 0.0282495 0.176233 
0.000264226 0.194486 0.0165771 0.0831367 0.00885591 0.0485406 0.000144231 0.0860389 0.00164153 0.00238028 2.04122e-08 5.93287e-06 0.182893 0.0162606 3.12645e-05 0.0501893 0.0200404 0.00144455 1.7298e-09 0.13914 0.0389517 9.5318e-08 0.108489 0.000488805 
0.0336001 0.0884412 0.0119676 0.0209349 0.304834 0.0879457 0.00517574 0.00693949 0.0223133 0.00296322 0.0383187 0.0027511 0.0108709 0.000600795 0.0026304 0.000919035 0.0710785 0.0693219 1.5575e-09 0.16396 0.0191458 3.66565e-05 0.0195915 0.0156597 
0.000244933 0.325278 3.30175e-06 0.00124846 0.171757 0.0011657 0.0984805 0.0112146 0.00031027 7.93182e-05 0.32177 0.00493587 0.00578622 0.00251123 1.36327e-05 0.00309935 3.4572e-05 0.00383992 2.36232e-08 0.0379711 0.00075372 4.7185e-05 0.0052955 0.00415976 
0.000235 0.0501149 5.08257e-05 0.0845816 0.0496717 0.0313726 0.00570965 0.0299694 2.91722e-05 3.16633e-05 5.77867e-05 0.000898884 0.104407 0.00156098 1.47509e-05 0.00233267 0.00115458 0.235128 1.04733e-08 0.357804 0.00502451 7.04459e-06 0.0396251 0.00021858 
0.674697 0.00225894 0.0381755 0.00610821 0.00340878 0.0423812 0.00297644 0.00755883 6.48499e-06 0.000551161 1.35387e-08 0.000298971 0.00799416 7.49943e-06 1.99614e-05 7.46583e-05 0.132742 0.00946956 7.47642e-12 0.00453026 0.0422382 2.12648e-08 0.0241355 0.000366054 
0.000145761 0.00532527 1.65211e-05 0.0150221 0.00954267 0.00436236 0.0015236 0.0943284 0.000301681 3.30814e-05 0.000689448 0.839876 0.0073447 0.00018109 2.09758e-05 9.89852e-09 6.26557e-05 0.00349022 4.55901e-12 0.0160342 0.000631413 1.39042e-07 0.001068 1.09045e-09 
0.01011 0.000494164 1.07807e-05 0.0257729 0.000294604 0.0232465 0.000207298 0.821504 2.19415e-05 0.000648063 2.06736e-05 9.49677e-08 0.0043038 9.6054e-05 1.36212e-06 2.01518e-09 0.0363314 0.000277709 1.60791e-12 0.0317743 0.00305847 1.81739e-06 0.041824 2.01551e-08 
0.0210789 0.00362588 0.0898223 0.00139546 0.00393855 0.377883 0.0687653 0.222498 0.0276404 2.21282e-05 0.000178335 4.41404e-05 0.00848081 2.16229e-05 5.98013e-05 0.00338359 0.0745095 5.89241e-05 6.98621e-08 0.0386067 0.02737 1.98568e-07 0.0298441 0.000771875 
0.00161969 0.010979 0.00456094 0.0288932 0.0340228 0.0569037 0.00337005 0.0416764 0.000295265 0.000525918 0.000433661 0.0251782 0.017639 0.0420253 0.000158952 0.004995 0.00458153 0.0273384 1.44983e-06 0.0477504 0.0122933 0.000402483 0.60589 0.0284648 
3.17046e-05 0.00397019 7.4166e-05 0.00152451 0.00362159 0.0002351 0.00321208 0.00116984 1.78002e-06 3.18057e-05 0.983145 6.50391e-05 0.000650014 0.000133303 0.000147302 2.93206e-05 2.12878e-05 0.000323517 6.16524e-11 0.00123377 5.3614e-05 4.43687e-06 0.000316553 4.20774e-06 
0.00164949 0.102266 0.00198903 0.0118598 0.0110751 0.0115587 0.00325177 0.200918 0.0111872 0.00289397 0.000151836 7.15831e-05 0.0451696 0.0681165 2.17791e-05 0.0111451 0.0042761 0.00617764 7.67645e-06 0.173629 0.0140102 6.12497e-05 0.305817 0.0126951 
0.00635052 0.00318912 1.75153e-05 0.000243291 0.000357051 0.00468157 2.21609e-05 0.00186275 0.968037 2.22347e-05 0.0010908 1.90627e-06 0.000441936 3.93265e-05 6.10769e-05 5.57202e-07 0.00232205 0.000484089 1.22938e-12 0.00374274 0.000209541 0.00077861 0.00417205 0.0018717 
3.17046e-05 0.00397019 7.4166e-05 0.00152451 0.00362159 0.0002351 0.00321208 0.00116984 1.78002e-06 3.18057e-05 0.983145 6.50391e-05 0.000650014 0.000133303 0.000147302 2.93206e-05 2.12878e-05 0.000323517 6.16524e-11 0.00123377 5.3614e-05 4.43687e-06 0.000316553 4.20774e-06 
0.0044755 0.01339 0.0240473 0.0435768 0.0257808 0.273655 0.000610112 0.0778159 6.32723e-05 0.000282993 7.8114e-05 7.85779e-05 0.00154413 0.0576514 1.40154e-06 0.0101384 0.00251715 0.0101044 8.59596e-08 0.0172102 0.268808 1.98948e-07 0.136568 0.0316034 
0.92606 0.000173539 0.000376833 0.00237232 0.000256607 0.013324 1.73726e-05 0.0114151 0.000675224 4.35702e-06 1.76788e-05 1.79495e-05 0.00054399 9.6141e-05 4.37211e-08 2.93681e-10 0.0104714 0.000351364 2.61012e-10 0.0196117 0.00587286 1.50032e-06 0.00826354 7.65945e-05 
0.0214749 0.041481 0.00260322 1.74633e-07 0.000508493 0.0153952 2.82867e-08 0.0662321 0.00270258 0.00166394 1.32306e-06 2.98634e-05 0.00841185 0.00802557 5.19371e-09 0.000422973 0.00347102 0.00167248 2.1811e-11 0.0872278 0.732094 3.56874e-09 0.00545722 0.00112445 
0.00568877 0.0071875 3.31085e-05 0.00736321 0.015524 0.0648448 0.0141706 0.0847395 0.0134668 0.000362458 0.000744131 0.00544067 0.0354222 0.000638645 4.84337e-05 9.0869e-06 0.0383881 0.028826 6.92616e-11 0.208386 0.0210385 0.00014291 0.310247 0.137287 
0.00452459 0.244448 7.57031e-07 0.00498164 0.0575932 0.125819 0.0702756 0.00402408 0.0714862 1.16498e-07 0.000779411 0.000220466 0.000114824 0.0080819 0.0016664 0.000436308 0.0199372 0.0690727 9.07688e-10 0.0525954 0.00012665 0.00162465 0.203388 0.0588033 
8.594e-05 0.0201984 0.00015715 0.000665937 0.837105 0.00163999 2.67709e-05 0.000627616 1.15406e-05 0.000755003 1.09254e-06 5.12704e-06 0.0515506 0.00855302 1.31851e-05 0.00395237 4.25398e-06 0.00272438 1.41793e-11 0.058716 0.000423063 1.08663e-05 0.0115783 0.00119483 
0.000351488 0.0397932 0.0122499 0.00386129 0.0150981 0.0701078 0.000391248 0.00470777 0.00169746 0.000255018 6.05045e-05 9.84305e-05 0.0127248 0.00180164 0.000202718 0.00893593 0.00105919 0.00279904 7.63877e-08 0.0165272 0.00948944 3.32187e-06 0.494012 0.303772 
3.17046e-05 0.00397019 7.4166e-05 0.00152451 0.00362159 0.0002351 0.00321208 0.00116984 1.78002e-06 3.18057e-05 0.983145 6.50391e-05 0.000650014 0.000133303 0.000147302 2.93206e-05 2.12878e-05 0.000323517 6.16524e-11 0.00123377 5.3614e-05 4.43687e-06 0.000316553 4.20774e-06 
0.247799 0.000669852 0.00274266 0.000152628 0.0012415 0.138918 3.66237e-05 8.65649e-05 8.71354e-05 5.29973e-07 2.58134e-07 0.00015671 0.0105177 0.00178129 0.000107725 0.000695642 0.100913 0.000477302 4.75363e-09 0.00217715 0.489755 8.6232e-07 0.00147131 0.000211116 
0.000185159 0.0115974 0.00174234 0.423894 0.0218573 0.120598 2.27371e-05 0.0317533 3.05594e-06 0.000148423 2.09858e-06 4.53878e-05 0.00934618 0.00135753 9.42306e-07 0.0127734 0.00857303 0.103414 7.85527e-08 0.123739 0.101363 8.4334e-07 0.0274995 8.25788e-05 
0.000195694 0.11333 0.000105197 0.180368 0.0494214 0.0190383 0.000858684 0.249442 0.000157662 0.0026773 0.00864049 0.00154873 0.0450218 0.00258943 0.0217494 0.00246047 9.52758e-05 0.0153862 6.42264e-11 0.265528 0.000727595 3.56509e-05 0.0196533 0.000969551 
0.00816586 0.00665168 0.000589769 0.00466061 0.114266 0.0350591 0.000331954 0.033369 1.03941e-05 0.000304997 4.16352e-05 1.70881e-05 0.0605258 0.000343113 1.00439e-06 3.42434e-06 0.0236487 0.0444352 5.14577e-12 0.630807 0.00288686 9.28136e-06 0.0327539 0.00111734 
0.00575914 0.0235995 0.0010388 0.0421797 0.0295471 0.0250261 5.86746e-05 0.143063 0.00128718 0.0272663 8.28317e-05 0.000685845 0.14084 0.00108289 2.17729e-08 0.0636978 0.00718483 0.323282 3.3263e-11 0.105306 0.0371769 5.01807e-07 0.00653734 0.0152977 
0.102837 0.00217994 0.00999488 0.0259024 0.00760751 0.321298 0.0251574 0.00550368 6.24246e-10 0.0105133 6.27261e-09 0.000346029 0.0668092 7.97656e-07 0.000301644 0.00104128 0.00157676 0.00101876 5.24938e-12 0.150924 0.241155 1.49448e-05 0.0253476 0.000469656 
0.00127883 0.0599404 0.00686746 0.114415 0.0241933 0.0472277 0.00658003 0.0393904 0.00109756 0.0748347 0.000161685 0.0199152 0.0295658 0.147118 0.00327405 0.00317275 0.0125624 0.0321828 2.95001e-06 0.0909547 0.00317711 9.36916e-06 0.231029 0.051049 
3.17046e-05 0.00397019 7.4166e-05 0.00152451 0.00362159 0.0002351 0.00321208 0.00116984 1.78002e-06 3.18057e-05 0.983145 6.50391e-05 0.000650014 0.000133303 0.000147302 2.93206e-05 2.12878e-05 0.000323517 6.16524e-11 0.00123377 5.3614e-05 4.43687e-06 0.000316553 4.20774e-06 
0.0329003 0.0595689 0.00326214 0.134966 0.00519529 0.0361462 3.16645e-05 0.0988761 0.00399375 0.00650127 6.29793e-05 0.000836243 0.0291592 0.303794 6.70204e-05 0.0229141 0.00712787 0.0204394 7.73904e-08 0.101465 0.0337459 3.96227e-05 0.0540306 0.0448764 
0.00735861 0.0137472 0.00101916 0.0115515 0.032467 0.0272048 0.0020436 0.0115441 0.000296701 0.00302152 3.21378e-05 0.000197188 0.0434792 0.0045549 0.000709278 0.0177734 0.00674269 0.0846546 1.95403e-06 0.669022 0.00545059 1.04301e-05 0.0447326 0.0123845 
0.0230528 0.0456302 0.006028 0.0367853 0.0339157 0.179474 0.000850532 0.0419157 0.000429327 0.00123033 6.63388e-05 0.000100716 0.021022 0.00712286 0.00273363 0.00313204 0.00856448 0.102142 1.04334e-07 0.0760661 0.0375236 9.05574e-06 0.0501245 0.322081 
0.360527 0.00508954 0.0786009 0.0105291 0.00371671 0.111159 0.000848612 0.0263654 0.00249124 0.00332243 3.29242e-05 0.000710552 0.00742298 0.00187357 0.000277387 0.0104406 0.00924871 0.0116912 8.86952e-06 0.0464337 0.275235 1.09245e-05 0.0292504 0.00471396 
0.00429265 0.00266954 1.35908e-05 0.0346333 0.0171419 0.00138732 0.00439381 0.449222 0.000468279 0.0175497 0.000143301 0.000892916 0.0123379 0.000509656 3.83908e-06 1.59352e-05 0.01234 0.398412 4.66605e-12 0.0347063 0.000776767 3.93433e-06 0.00779106 0.00029356 
0.000731857 0.126993 0.00150592 0.0413177 0.343775 0.0236873 0.032067 0.112847 0.00889841 0.00849235 0.00871136 0.050592 0.0605322 0.00336047 0.000183723 0.000709434 0.0135013 0.0197391 7.09398e-09 0.108446 0.00354635 1.35104e-05 0.0267021 0.00364621 
3.17046e-05 0.00397019 7.4166e-05 0.00152451 0.00362159 0.0002351 0.00321208 0.00116984 1.78002e-06 3.18057e-05 0.983145 6.50391e-05 0.000650014 0.000133303 0.000147302 2.93206e-05 2.12878e-05 0.000323517 6.16524e-11 0.00123377 5.3614e-05 4.43687e-06 0.000316553 4.20774e-06 
0.00425492 0.0396494 0.538676 0.131668 0.00440109 0.0696684 0.0109624 0.0271242 0.000166968 0.00185548 0.000103518 0.00283301 0.0386791 0.00339409 9.35293e-06 9.477e-06 2.04203e-06 0.000145537 1.82111e-08 0.0512113 0.00605135 2.26474e-07 0.0682476 0.00088655 
0.0760125 0.00310921 0.0284893 0.00153149 0.00885773 0.237282 0.000288953 0.0353227 0.0506078 2.71314e-05 0.000128624 2.40609e-05 0.0045076 8.06502e-07 5.67283e-06 3.62191e-05 0.0195531 0.00306523 1.48918e-07 0.0911566 0.000746086 0.000101986 0.212246 0.226899 
0.00160162 0.0243982 0.0029071 0.0239591 0.129985 0.0115177 0.00335791 0.0299279 0.374271 0.00506247 2.57197e-05 0.0106422 0.152921 0.00122483 2.34363e-07 0.00727073 0.090934 0.0220836 5.6946e-11 0.0279188 0.00516208 2.11872e-05 0.0273233 0.0474847 
0.00410974 0.0169949 0.00370084 0.0541896 0.0511381 0.0616969 0.00143556 0.0518188 0.00398704 0.00718071 0.00300169 0.00311018 0.159161 0.00514573 4.42147e-05 0.0131025 0.0182479 0.0228267 9.25246e-07 0.341365 0.0142245 3.64549e-05 0.149953 0.0135284 
1.06216e-06 0.338562 0.0394148 2.16767e-05 0.0645095 0.020582 0.00627515 0.00468038 0.279943 0.020685 0.000947204 0.00136329 0.0845744 0.00113225 7.78677e-05 0.0245605 0.00313349 0.00792351 9.00162e-08 0.0462591 0.00700973 7.75455e-06 0.0113296 0.0370069 
3.17046e-05 0.00397019 7.4166e-05 0.00152451 0.00362159 0.0002351 0.00321208 0.00116984 1.78002e-06 3.18057e-05 0.983145 6.50391e-05 0.000650014 0.000133303 0.000147302 2.93206e-05 2.12878e-05 0.000323517 6.16524e-11 0.00123377 5.3614e-05 4.43687e-06 0.000316553 4.20774e-06 
0.465076 0.000948025 0.00605634 0.00745628 0.000576624 0.155668 4.18256e-05 0.0190744 1.39495e-05 8.83104e-05 2.85645e-05 6.59363e-07 0.00196452 7.51033e-06 6.24761e-06 2.57771e-05 0.213725 0.00822081 2.79453e-08 0.026258 0.0548295 1.45527e-05 0.0397367 0.000182986 
0.000548204 0.0137478 0.000224414 0.0222203 0.0201576 0.00672088 0.0174945 0.059966 0.000178926 0.00155627 0.696671 0.108203 0.0172273 0.000899044 0.00036441 0.000167489 0.00246656 0.00295327 4.1996e-10 0.0180157 0.00186197 1.95189e-05 0.00826669 6.86561e-05 
0.0162364 0.00808284 0.000255409 2.13913e-05 0.479237 0.0100958 0.000286681 0.00182524 1.62023e-07 0.00378704 6.88452e-07 2.96732e-06 0.028374 0.055146 3.53217e-08 0.027471 7.5426e-05 0.0472929 5.48342e-10 0.026497 0.00276816 1.81565e-05 0.191122 0.101404 
0.0162364 0.00808284 0.000255409 2.13913e-05 0.479237 0.0100958 0.000286681 0.00182524 1.62023e-07 0.00378704 6.88452e-07 2.96732e-06 0.028374 0.055146 3.53217e-08 0.027471 7.5426e-05 0.0472929 5.48342e-10 0.026497 0.00276816 1.81565e-05 0.191122 0.101404 
3.17046e-05 0.00397019 7.4166e-05 0.00152451 0.00362159 0.0002351 0.00321208 0.00116984 1.78002e-06 3.18057e-05 0.983145 6.50391e-05 0.000650014 0.000133303 0.000147302 2.93206e-05 2.12878e-05 0.000323517 6.16524e-11 0.00123377 5.3614e-05 4.43687e-06 0.000316553 4.20774e-06 
3.17046e-05 0.00397019 7.4166e-05 0.00152451 0.00362159 0.0002351 0.00321208 0.00116984 1.78002e-06 3.18057e-05 0.983145 6.50391e-05 0.000650014 0.000133303 0.000147302 2.93206e-05 2.12878e-05 0.000323517 6.16524e-11 0.00123377 5.3614e-05 4.43687e-06 0.000316553 4.20774e-06 
0.0471655 0.00646401 0.0110332 0.0120426 0.00206503 0.0748166 0.000514672 0.0248995 0.0105366 0.0169699 0.000299229 0.0170646 0.0270046 0.559233 4.55224e-05 0.0518105 6.30301e-05 0.00980023 3.51675e-07 0.045699 0.00283891 3.37856e-06 0.0743786 0.00525181 
0.0970945 0.00562743 0.000124267 0.0654828 0.00476599 0.421755 0.00167188 0.00222777 8.29101e-07 0.0493434 5.01485e-06 0.000187819 0.0050367 0.000448911 0.0541989 9.58651e-05 0.226725 0.000101891 9.99763e-10 1.50605e-05 0.0359449 3.12805e-07 0.0291134 3.2908e-05 
0.0162364 0.00808284 0.000255409 2.13913e-05 0.479237 0.0100958 0.000286681 0.00182524 1.62023e-07 0.00378704 6.88452e-07 2.96732e-06 0.028374 0.055146 3.53217e-08 0.027471 7.5426e-05 0.0472929 5.48342e-10 0.026497 0.00276816 1.81565e-05 0.191122 0.101404 
3.17046e-05 0.00397019 7.4166e-05 0.00152451 0.00362159 0.0002351 0.00321208 0.00116984 1.78002e-06 3.18057e-05 0.983145 6.50391e-05 0.000650014 0.000133303 0.000147302 2.93206e-05 2.12878e-05 0.000323517 6.16524e-11 0.00123377 5.3614e-05 4.43687e-06 0.000316553 4.20774e-06 
3.17046e-05 0.00397019 7.4166e-05 0.00152451 0.00362159 0.0002351 0.00321208 0.00116984 1.78002e-06 3.18057e-05 0.983145 6.50391e-05 0.000650014 0.000133303 0.000147302 2.93206e-05 2.12878e-05 0.000323517 6.16524e-11 0.00123377 5.3614e-05 4.43687e-06 0.000316553 4.20774e-06 
0.000812811 0.0290792 0.00256776 0.0461129 0.0354235 0.0219603 0.000286186 0.020739 2.62539e-07 0.00687482 0.000158316 1.15646e-06 0.0430782 0.00478013 1.30101e-08 8.42381e-08 0.000180503 0.01407 4.42058e-12 0.126228 0.0042464 1.28165e-08 0.624948 0.0184528 
3.17046e-05 0.00397019 7.4166e-05 0.00152451 0.00362159 0.0002351 0.00321208 0.00116984 1.78002e-06 3.18057e-05 0.983145 6.50391e-05 0.000650014 0.000133303 0.000147302 2.93206e-05 2.12878e-05 0.000323517 6.16524e-11 0.00123377 5.3614e-05 4.43687e-06 0.000316553 4.20774e-06 
0.000655565 0.00734014 0.000308268 0.0435008 0.011751 0.00704731 0.00340343 0.0781392 0.000432904 0.00113116 0.0124472 0.789662 0.00875768 0.000170541 0.000629973 7.37474e-05 0.00535384 0.00623986 1.93779e-12 0.00919555 0.00109612 6.18317e-07 0.0123914 0.000271605 
0.000236194 0.0417522 0.00183637 0.0141886 0.658013 0.00181298 0.000229021 0.0174659 3.17547e-05 1.45703e-05 6.24616e-06 3.78405e-05 0.0701487 0.000883359 0.000539088 0.0119684 0.00627379 0.00213621 3.21706e-09 0.159611 0.0048834 3.54707e-07 0.00784488 8.63432e-05 
0.0168917 0.0117617 0.000182505 0.000678401 0.00469734 0.119718 0.000588268 0.0176275 0.0136046 1.28258e-05 0.000360743 0.00982168 0.00199507 3.17437e-05 0.00131424 1.1541e-05 0.00801399 0.00710523 6.83567e-08 0.0529892 0.00291315 0.00122743 0.00781869 0.720634 
0.00352476 0.412659 0.131949 0.0315803 6.08742e-05 0.015312 0.000190573 0.102477 8.49024e-06 0.000843065 3.21075e-06 0.00640867 0.136919 0.000563846 7.82263e-06 0.000894867 4.38679e-05 0.0116034 3.97403e-07 0.0134637 0.0988162 0.000530665 0.0316701 0.000469727 
2.70873e-07 0.0183969 0.00127315 0.0161218 0.0259302 0.0247127 0.00213931 0.0535667 2.70759e-07 0.00387358 0.000704648 2.70763e-07 0.0942643 0.00192313 2.70606e-07 2.70833e-07 2.70948e-07 0.0570302 2.7042e-07 0.300108 0.0006505 2.70571e-07 0.399303 2.70883e-07 
0.304912 0.000256377 0.010607 0.00631883 0.0186458 0.124807 7.20616e-06 4.06488e-05 0.013281 0.000815418 4.10609e-06 0.0103993 0.100053 0.00833328 7.23031e-06 0.00102195 0.229648 0.0118559 2.15928e-08 0.092355 0.0513081 6.70136e-07 0.0137017 0.00162008 
0.00070008 0.00774673 8.37352e-05 0.00307775 0.171685 0.0027808 0.000215158 0.00446227 3.33783e-05 0.00510464 5.09699e-05 9.28899e-05 0.0726533 0.000415083 0.000671568 0.000346669 0.686659 0.00410986 1.41141e-12 0.0226205 0.00111885 1.97342e-06 0.0152276 0.000141566 
0.00045163 0.0335261 0.00046103 0.288076 0.0234219 0.0336383 0.00467849 0.0775659 0.00595462 0.000880938 0.0033914 0.0196501 0.0588337 0.00172514 0.000333408 0.00798127 0.017421 0.10352 1.95149e-06 0.247323 0.0229306 1.4244e-05 0.0241694 0.0240499 
0.000884666 0.00685349 0.00374192 0.0884787 0.0136935 0.00596241 0.000124649 0.27298 0.000109934 0.157395 0.00425955 0.00516372 0.151011 0.128184 9.03871e-05 0.00319574 0.0255114 0.0623508 9.57773e-08 0.0288946 0.0228099 1.45446e-06 0.0169727 0.00133133 
3.17046e-05 0.00397019 7.4166e-05 0.00152451 0.00362159 0.0002351 0.00321208 0.00116984 1.78002e-06 3.18057e-05 0.983145 6.50391e-05 0.000650014 0.000133303 0.000147302 2.93206e-05 2.12878e-05 0.000323517 6.16524e-11 0.00123377 5.3614e-05 4.43687e-06 0.000316553 4.20774e-06 
0.0031481 0.0765833 0.00580891 0.290912 0.00103016 0.074012 0.0017253 0.178038 5.12017e-05 0.00940366 0.000151718 0.0169485 0.142693 0.0225766 2.08459e-05 0.0109305 0.00215518 0.00870613 4.24378e-07 0.0938834 0.022048 2.33667e-05 0.0387822 0.000367217 
0.00389544 0.0162121 0.00159987 0.0757033 0.0489065 0.0364003 0.00128514 0.207584 0.00240577 0.0151141 0.00144685 0.0105833 0.118766 0.00151537 0.000747552 0.00438673 0.0122821 0.122405 3.19294e-08 0.206871 0.0159232 1.45449e-05 0.0932961 0.00265554 
0.00621193 0.00797754 0.00014061 0.0048515 0.0104391 0.0218694 7.30515e-05 0.105942 0.0199667 9.68487e-05 1.07439e-05 0.00325625 0.0279009 2.57277e-05 1.78453e-06 0.0023817 0.00196726 0.00457157 1.99027e-08 0.239203 0.0434958 7.40513e-06 0.485875 0.0137338 
0.000790007 0.110777 0.000437206 0.0306134 0.574056 0.00835419 0.00167666 0.0199492 3.892e-05 0.00741567 0.0024055 0.0103654 0.0680036 0.00124272 0.00225343 0.000316167 0.0045573 0.110226 2.98914e-08 0.0391474 0.00130847 1.8238e-05 0.00562346 0.000424966 
0.089317 0.0219667 0.00176902 0.0570993 0.0275242 0.0728903 0.000780261 0.0373804 0.00860872 0.0273539 1.34574e-06 3.12168e-05 0.0133448 0.00122674 0.000211309 0.0132065 0.000920313 0.0600105 2.86548e-08 0.10632 0.0155784 2.66066e-05 0.0828638 0.361569 
3.17046e-05 0.00397019 7.4166e-05 0.00152451 0.00362159 0.0002351 0.00321208 0.00116984 1.78002e-06 3.18057e-05 0.983145 6.50391e-05 0.000650014 0.000133303 0.000147302 2.93206e-05 2.12878e-05 0.000323517 6.16524e-11 0.00123377 5.3614e-05 4.43687e-06 0.000316553 4.20774e-06 
0.0157734 0.00479935 0.00126253 0.0416386 0.00561393 0.0623519 0.00016382 0.105994 0.00100372 0.00621412 3.34383e-05 0.00497745 0.0115132 0.0946294 1.80864e-05 0.00355224 0.0173199 0.00284235 1.74695e-06 0.0412026 0.0210667 7.56204e-06 0.548443 0.00957695 
0.000102915 0.054585 5.2424e-05 0.00760415 0.526884 0.000226814 8.50633e-05 0.000414402 3.13253e-06 0.000332982 8.80132e-08 8.60134e-05 0.146818 0.0011353 0.000249674 0.00111645 0.000485982 0.0095941 2.18866e-13 0.244374 7.182e-05 2.44712e-10 0.00577005 8.02359e-06 
0.0143547 0.000415981 0.0207563 0.0043925 0.00490283 0.816482 0.000486488 0.00482833 0.000934238 9.02091e-05 8.68787e-06 0.000270111 0.00372283 0.000585658 2.0289e-07 0.00280955 0.025258 0.00145482 3.97807e-10 0.0054188 0.089749 1.18329e-06 0.00249159 0.000586283 
0.00464146 0.242305 0.0055826 0.0309099 0.187322 0.00442674 0.378704 0.0216375 0.00628163 8.5875e-05 0.00632755 0.0010024 0.00836645 0.00175501 0.0297352 0.00128206 0.00174599 0.00505005 1.15114e-10 0.0395466 0.00206942 4.62395e-08 0.0208426 0.000380005 
0.000990538 0.00122068 0.0377879 0.00357974 0.0246993 0.0866382 0.0580181 0.263497 0.0105688 0.00380506 0.000505197 0.00384855 0.117825 0.000907907 2.3179e-06 0.000249698 0.00783624 0.287523 1.69303e-09 0.00842166 0.070615 4.15444e-08 0.0063262 0.00513493 
0.000663451 0.00353569 5.50854e-05 0.0367548 0.00721139 0.00751787 0.00138177 0.150177 0.000509901 0.00197219 0.000973911 0.747842 0.0137872 0.00010409 0.000127924 6.56315e-06 0.00350732 0.00215978 4.19971e-13 0.00975172 0.00211642 5.19099e-07 0.00983553 7.5053e-06 
3.17046e-05 0.00397019 7.4166e-05 0.00152451 0.00362159 0.0002351 0.00321208 0.00116984 1.78002e-06 3.18057e-05 0.983145 6.50391e-05 0.000650014 0.000133303 0.000147302 2.93206e-05 2.12878e-05 0.000323517 6.16524e-11 0.00123377 5.3614e-05 4.43687e-06 0.000316553 4.20774e-06 
0.000120318 0.116957 0.00176838 0.0193295 0.0984221 0.0106153 3.45335e-06 0.00383817 0.000145533 0.00296799 0.000101041 4.52172e-06 0.218942 0.00816069 9.71937e-05 0.375822 0.000678464 0.000551751 2.72283e-06 0.0463054 0.00378602 3.55778e-06 0.084409 0.00696844 
0.00083509 0.00029284 5.02385e-06 0.0337905 0.0102042 0.00344859 9.40993e-06 0.762562 3.07327e-05 0.000984976 2.25623e-05 0.00103134 0.0048159 0.000352537 8.94211e-09 2.80755e-09 0.00424183 0.00297809 2.48811e-12 0.133339 0.00166532 1.80747e-07 0.0393525 3.75978e-05 
0.00105587 0.0132099 0.0208667 0.000294503 0.141549 0.0754922 0.00114215 0.000454228 0.020022 0.00257263 5.0858e-06 0.0456742 0.093319 0.125661 0.00101548 0.00700008 0.27453 0.00379538 8.27373e-12 0.0619555 0.0282672 1.0986e-05 0.0759413 0.00616554 
0.00498485 0.138436 0.00598952 0.0204445 0.0306835 0.127328 0.0763592 0.0220387 0.000593339 0.215016 0.00391479 0.0673654 0.00672234 0.00194023 0.00248813 0.0263898 0.0441759 0.0325823 2.89214e-08 0.118165 0.00431061 2.72558e-06 0.0220808 0.0279884 
3.17046e-05 0.00397019 7.4166e-05 0.00152451 0.00362159 0.0002351 0.00321208 0.00116984 1.78002e-06 3.18057e-05 0.983145 6.50391e-05 0.000650014 0.000133303 0.000147302 2.93206e-05 2.12878e-05 0.000323517 6.16524e-11 0.00123377 5.3614e-05 4.43687e-06 0.000316553 4.20774e-06 
3.17046e-05 0.00397019 7.4166e-05 0.00152451 0.00362159 0.0002351 0.00321208 0.00116984 1.78002e-06 3.18057e-05 0.983145 6.50391e-05 0.000650014 0.000133303 0.000147302 2.93206e-05 2.12878e-05 0.000323517 6.16524e-11 0.00123377 5.3614e-05 4.43687e-06 0.000316553 4.20774e-06 
3.17046e-05 0.00397019 7.4166e-05 0.00152451 0.00362159 0.0002351 0.00321208 0.00116984 1.78002e-06 3.18057e-05 0.983145 6.50391e-05 0.000650014 0.000133303 0.000147302 2.93206e-05 2.12878e-05 0.000323517 6.16524e-11 0.00123377 5.3614e-05 4.43687e-06 0.000316553 4.20774e-06 
3.17046e-05 0.00397019 7.4166e-05 0.00152451 0.00362159 0.0002351 0.00321208 0.00116984 1.78002e-06 3.18057e-05 0.983145 6.50391e-05 0.000650014 0.000133303 0.000147302 2.93206e-05 2.12878e-05 0.000323517 6.16524e-11 0.00123377 5.3614e-05 4.43687e-06 0.000316553 4.20774e-06 
0.0103932 0.0851405 0.00184491 0.414182 0.0292777 0.0290586 0.00345717 0.09051 0.00270428 0.0124601 0.00425591 0.0021677 0.0624203 0.0209537 0.000198576 0.00368445 0.00555435 0.0747898 8.73691e-06 0.0892739 0.0155053 1.09944e-05 0.0367377 0.0054104 
0.00900725 0.0558067 0.0165398 0.197863 0.0308906 0.109062 0.00097996 0.137556 0.00135006 0.00410049 0.00133902 0.00230088 0.1345 0.0423946 0.00129655 0.0133723 0.00965847 0.00931174 1.4586e-05 0.144054 0.0215096 1.49884e-05 0.0493675 0.00770954 
3.17046e-05 0.00397019 7.4166e-05 0.00152451 0.00362159 0.0002351 0.00321208 0.00116984 1.78002e-06 3.18057e-05 0.983145 6.50391e-05 0.000650014 0.000133303 0.000147302 2.93206e-05 2.12878e-05 0.000323517 6.16524e-11 0.00123377 5.3614e-05 4.43687e-06 0.000316553 4.20774e-06 
5.7623e-05 0.0600248 0.00310015 0.0176096 0.0850949 0.00989723 0.000105809 0.00562158 0.357337 0.00512217 0.0734193 0.00981602 0.279098 0.00811344 0.00264032 0.0114223 0.00990739 0.00281198 3.90328e-10 0.00533507 0.0387109 5.19681e-06 0.0142326 0.000516539 
5.18046e-06 0.0174198 0.0227461 1.07068e-06 2.87851e-06 0.456062 0.00165705 1.80294e-05 0.000101942 8.56615e-05 2.05977e-06 8.17671e-07 0.0681709 1.44152e-06 3.64194e-06 5.79264e-07 0.0877747 2.55769e-06 1.36466e-10 2.29421e-05 3.28689e-06 3.87448e-06 0.169632 0.176281 
0.000747813 0.0377595 0.00031637 0.012148 0.00735043 0.0695581 0.00098324 0.731737 0.00456132 2.00665e-05 0.00876039 0.000749527 0.000938552 0.0276681 0.00112057 0.000829102 0.00451163 0.0188529 1.06983e-08 0.054468 0.00301103 2.07518e-06 0.00267389 0.0112325 
3.17046e-05 0.00397019 7.4166e-05 0.00152451 0.00362159 0.0002351 0.00321208 0.00116984 1.78002e-06 3.18057e-05 0.983145 6.50391e-05 0.000650014 0.000133303 0.000147302 2.93206e-05 2.12878e-05 0.000323517 6.16524e-11 0.00123377 5.3614e-05 4.43687e-06 0.000316553 4.20774e-06 
3.17046e-05 0.00397019 7.4166e-05 0.00152451 0.00362159 0.0002351 0.00321208 0.00116984 1.78002e-06 3.18057e-05 0.983145 6.50391e-05 0.000650014 0.000133303 0.000147302 2.93206e-05 2.12878e-05 0.000323517 6.16524e-11 0.00123377 5.3614e-05 4.43687e-06 0.000316553 4.20774e-06 
0.0803571 0.000489158 0.000170248 0.0697769 0.00306595 0.386499 4.27691e-05 0.104671 0.00164314 0.00779235 7.43087e-06 0.000373643 0.0119859 0.00494701 0.000196431 0.000196489 0.0974345 0.00231304 1.18585e-09 0.0293888 0.166521 3.32486e-07 0.0310335 0.00109532 
0.00608221 0.0271584 0.00349845 5.73496e-05 0.0408562 0.747421 0.000478144 0.000401424 0.00184064 0.00015898 5.58297e-06 0.000141072 0.00134804 0.000146 0.00013289 0.000703599 0.0430669 0.00590409 5.61647e-11 0.0524299 0.0544262 6.00147e-06 0.0132219 0.000515304 
0.00439896 0.272427 0.00126391 0.0898932 0.0655287 0.0501396 0.000341523 0.023273 1.14404e-05 0.0103849 3.10203e-05 0.00229171 0.0565045 0.00397912 0.000534021 6.67214e-08 0.00133789 0.0050355 2.84518e-08 0.260331 0.00624015 2.05244e-06 0.146035 1.5184e-05 
0.00767177 7.4742e-05 1.35644e-07 0.0384856 0.00112636 0.0246489 0.00140366 0.751541 2.08844e-06 0.00171496 5.72235e-07 5.15027e-07 0.0276991 5.84291e-09 1.2363e-08 1.32852e-05 0.00101112 0.000562417 1.3017e-10 0.0918125 0.00501428 1.46649e-07 0.0454426 0.00177421 
0.00188563 0.099035 0.00534219 0.167194 0.00567676 0.0736734 0.0020032 0.0571117 0.00796735 0.00191831 0.0107418 0.000819022 0.0171805 0.0120858 0.00249044 0.00079856 0.0427469 0.199755 4.02715e-11 0.225061 0.0452611 1.2151e-05 0.0188651 0.002375 
0.00278699 0.0819001 0.00442612 0.0154479 0.391509 0.0183527 0.00427098 0.00997482 0.000286414 0.00343836 0.000834622 0.00198799 0.0457021 0.00265877 0.0014923 0.0200523 0.0114994 0.0681693 5.17971e-06 0.246757 0.0138586 0.00193375 0.0413135 0.0113419 
0.0103438 0.00616548 0.0013287 0.0377564 0.0129295 0.0124532 0.00237605 0.570652 0.000130318 0.0196092 0.00800832 0.00153348 0.0375063 0.0292346 0.00626397 0.00978516 0.0108951 0.0922525 8.44565e-09 0.0375978 0.019143 5.85625e-06 0.0587617 0.0152674 
0.130313 0.0313079 0.00105654 0.034834 0.0716114 0.0573985 0.00164763 0.0791476 0.0270486 0.00365371 0.000518419 1.59709e-08 0.030265 0.00752567 0.00080462 0.00526956 0.0146422 0.180213 1.13447e-11 0.154538 0.00925031 0.000316985 0.131296 0.0273419 
0.00387402 0.056154 0.0198037 0.40964 0.0226698 0.0195499 0.000726141 0.0361894 0.000632536 0.0142326 0.000679326 0.0109537 0.039344 0.0113021 0.000928158 0.00390458 0.00172291 0.0186939 5.27083e-06 0.191214 0.0095853 6.48248e-05 0.1216 0.00653036 
0.000112137 0.596259 8.55728e-05 0.0608939 0.199061 0.00289819 0.0526157 0.00296274 0.000354132 0.00738254 0.0308553 0.000604588 0.00438802 0.000297002 0.00116012 0.00366458 0.00788501 0.0119294 2.80672e-08 0.00729028 1.51397e-05 5.54478e-06 0.00528695 0.00399296 
0.00930885 0.00783001 0.00149633 0.00986689 0.000669361 0.467079 2.67885e-05 0.0578378 4.6825e-05 0.000347441 2.7694e-05 0.000208523 0.00665005 0.00505653 0.000383959 0.00111252 0.231826 0.0152366 1.83899e-09 0.0348093 0.145391 4.13306e-07 0.00412965 0.000657842 
0.00051143 0.0143309 2.52647e-08 0.0452142 0.0205595 0.000733839 0.0584483 0.287639 0.000358656 0.00131626 0.326245 0.00494818 0.0292752 0.00229766 1.68791e-06 1.67625e-05 2.47581e-05 0.128619 6.70131e-12 0.0624971 2.06128e-05 1.91247e-05 0.0166406 0.00028264 
0.0061528 0.00393523 9.87099e-05 0.0242548 0.00566459 0.0139664 0.000304954 0.630572 0.00147618 0.00329017 7.55781e-05 0.00156489 0.0369913 0.00255222 8.34601e-06 0.000103583 0.00445371 0.0308436 3.57345e-09 0.173631 0.00340549 1.85225e-06 0.0507462 0.00590661 
0.00339081 0.0171852 0.0178484 0.087638 0.079566 0.0207158 0.000360933 0.0395302 0.000236139 0.00265714 5.25043e-07 0.000118824 0.0474068 0.00303706 0.0010275 0.00961373 0.00132211 0.0122752 5.1107e-09 0.607352 0.0335062 1.26441e-06 0.0150226 0.000187291 
0.00724505 0.0171007 0.00266735 3.03215e-07 0.109521 0.12272 0.00236375 0.0600362 3.03001e-07 0.00303146 3.03174e-07 0.000363907 0.0664351 0.0178816 3.02829e-07 0.0303088 0.0064284 0.094413 3.02621e-07 0.249784 0.05509 3.0279e-07 0.145453 0.0091551 
0.0187925 0.0119534 0.00550156 0.000694013 0.122645 0.0383058 0.00202877 0.000461068 3.55819e-05 3.59709e-05 0.0102765 1.64774e-07 0.0927928 0.000217525 1.5214e-05 0.00052208 0.00565182 0.0114107 1.22781e-07 0.626936 0.00910011 5.85653e-05 0.0390002 0.00356467 
0.0604974 0.274224 0.00017667 0.00743293 0.0646215 0.00992186 0.00895763 0.0142012 0.0895318 0.000764622 0.300058 0.000160003 0.00367526 0.0966842 6.40356e-05 0.0208898 5.35564e-06 0.00263271 1.22843e-06 0.0282726 0.000896253 0.000114393 0.0152504 0.000966394 
0.000244933 0.325278 3.30175e-06 0.00124846 0.171757 0.0011657 0.0984805 0.0112146 0.00031027 7.93182e-05 0.32177 0.00493587 0.00578622 0.00251123 1.36327e-05 0.00309935 3.4572e-05 0.00383992 2.36232e-08 0.0379711 0.00075372 4.7185e-05 0.0052955 0.00415976 
0.00302927 0.033407 0.0162098 0.00661842 0.000499558 0.142117 5.84069e-05 0.019217 0.0133543 2.58121e-08 1.24542e-07 4.95114e-08 0.0105304 0.0250734 0.00272543 0.000882758 0.112163 1.54636e-07 2.09713e-10 0.383569 0.000208954 8.92853e-05 0.0873495 0.142897 
0.655368 0.00225892 0.0304285 0.00529135 0.00318142 0.0363758 0.0165132 0.00804889 1.02483e-05 0.000196858 1.10399e-08 0.000298959 0.00430246 7.49722e-06 4.76196e-05 7.46531e-05 0.162905 0.00363625 5.64313e-12 0.00298639 0.0444156 1.91721e-08 0.0233454 0.000306116 
0.00153061 0.0386681 0.0198838 0.135063 0.0711463 0.0435973 0.00403692 0.0545891 0.000647897 0.0134258 0.00316765 0.0183951 0.0471698 0.0173153 0.0231139 0.00454439 0.00082625 0.0931961 5.35038e-07 0.267387 0.0113712 2.59562e-05 0.12206 0.00883694 
3.17046e-05 0.00397019 7.4166e-05 0.00152451 0.00362159 0.0002351 0.00321208 0.00116984 1.78002e-06 3.18057e-05 0.983145 6.50391e-05 0.000650014 0.000133303 0.000147302 2.93206e-05 2.12878e-05 0.000323517 6.16524e-11 0.00123377 5.3614e-05 4.43687e-06 0.000316553 4.20774e-06 
3.17046e-05 0.00397019 7.4166e-05 0.00152451 0.00362159 0.0002351 0.00321208 0.00116984 1.78002e-06 3.18057e-05 0.983145 6.50391e-05 0.000650014 0.000133303 0.000147302 2.93206e-05 2.12878e-05 0.000323517 6.16524e-11 0.00123377 5.3614e-05 4.43687e-06 0.000316553 4.20774e-06 
0.000645737 0.0215359 3.79882e-05 0.105071 0.00097511 0.00340251 3.22359e-05 0.506059 0.0012843 0.0889728 8.80123e-06 0.0042162 0.035231 0.00256658 2.40742e-08 5.28176e-05 0.00550823 0.00509774 2.78855e-11 0.105204 0.0247139 5.77445e-08 0.0893495 3.38365e-05 
0.00137501 0.000470726 6.59713e-05 0.045509 0.00647895 0.00227963 8.26288e-05 0.119635 0.0028914 0.599561 2.44306e-05 0.00113791 0.0680302 5.66023e-05 3.43766e-05 0.000568447 0.0606096 0.0444748 1.30004e-09 0.0152632 0.0162638 3.95402e-07 0.0151836 3.42971e-06 
0.000386218 0.0384255 0.00227847 0.0438267 0.127782 0.0269368 0.00268837 0.0332238 0.00011455 0.00224841 0.000437415 0.00377395 0.023518 0.00199508 4.13816e-05 0.00492618 0.00205642 0.14922 1.29468e-07 0.134443 0.00146853 0.000892764 0.264705 0.134611 
0.00770174 0.00120443 2.55359e-05 0.00407701 0.00247822 0.00888795 0.871688 0.00359889 5.96742e-05 7.7099e-05 0.0010407 0.0765552 0.00568349 2.40941e-05 0.000888533 1.07334e-08 0.00459048 0.000678876 9.16085e-11 0.000608605 0.00549392 6.50825e-07 0.00220022 0.00243639 
