1.11526e-06 0.0234271 0.0312229 1.11558e-06 0.137329 0.117591 1.11481e-06 1.11557e-06 0.0033455 0.0242012 1.11543e-06 1.11481e-06 0.0554458 1.11506e-06 1.11416e-06 1.11509e-06 0.014392 0.0880127 1.1134e-06 0.217115 0.0148372 1.11402e-06 0.160422 0.112646 
0.0449804 0.118453 0.00430144 0.0634451 0.00402264 0.100857 0.000200736 0.042122 2.69436e-05 0.0203501 1.46988e-05 0.00024082 0.059594 0.111149 8.95589e-05 0.00213632 0.00282855 0.00265813 8.14565e-07 0.310121 0.0183396 9.57995e-05 0.0896779 0.00429531 
0.000166277 0.14552 0.00045347 0.00757672 0.0666316 0.0154282 0.0752963 0.00669172 0.0413962 5.78137e-05 0.216167 1.09843e-05 0.00294198 0.00269943 4.90986e-06 0.011539 0.00708287 0.0260016 6.21448e-10 0.227456 0.000369954 7.03779e-05 0.0561895 0.0902478 
1.7912e-05 0.111314 3.6116e-09 0.0313223 0.351659 0.0202655 0.000735188 0.00560028 1.59196e-08 0.00119083 0.021988 3.37249e-09 0.0378828 0.00500863 0.0383923 2.87016e-05 0.000290432 0.0103909 4.48331e-12 0.355049 1.58829e-05 6.92648e-09 0.00800007 0.000848438 
0.0325386 0.0595148 0.000284622 0.0143275 0.0678271 0.0421863 0.0667599 0.0214052 0.068823 0.00224072 0.172072 0.00049799 0.0195462 0.000699457 6.1274e-06 0.000101045 0.00179803 0.0160959 3.35243e-09 0.178246 0.00546171 0.000406195 0.117369 0.111793 
0.00349395 0.0121891 0.00104376 0.0368762 0.109685 0.00835141 0.00269869 0.0210386 0.000837027 0.00294671 0.00232504 0.000668663 0.0191159 0.00106257 0.000300226 0.000148903 0.00376623 0.051578 1.4905e-11 0.613016 0.00651781 8.0251e-06 0.0986472 0.00368489 
0.061065 0.0277878 0.00060836 0.00172357 0.0107079 0.196921 0.0525726 0.00322791 0.00101895 0.00123623 0.000206666 8.91406e-05 0.0626429 0.0389013 0.000192528 0.0186261 0.0186257 0.0182909 0.00244063 0.233204 0.0116675 3.05788e-05 0.110372 0.127841 
0.000820546 0.00412535 0.00320821 0.00979135 0.0181968 0.0146391 1.97785e-05 0.159715 4.80474e-06 4.31755e-05 3.34606e-09 0.00078497 0.171112 0.000524832 9.06421e-06 0.00599386 0.00020984 0.0464116 4.16733e-10 0.29625 0.000783385 3.85841e-08 0.267356 5.55139e-07 
0.000312104 0.00469308 3.59257e-05 2.45022e-08 0.245826 0.00419703 0.00138797 0.000414426 5.93179e-10 0.00046044 5.58297e-06 0.000241823 0.12876 0.00193833 3.10871e-09 0.000152561 0.00199471 0.157882 7.80489e-13 0.431543 0.0018207 5.49503e-10 0.0183114 2.30672e-05 
0.00107941 0.0141615 0.031543 0.00510686 0.0399711 0.051502 0.0370471 0.223315 0.00268892 0.00157277 0.000113158 0.00104228 0.216316 0.00165119 0.000130717 0.00513323 0.0023495 0.0522235 4.66755e-11 0.287147 0.0037416 1.42213e-05 0.0205385 0.00161141 
0.00828044 0.0442746 0.000990764 0.051167 0.0573069 0.0251434 0.00845758 0.0090128 6.13467e-05 0.0105593 0.0169908 0.000768368 0.0337169 0.000133734 1.52612e-05 0.00629416 0.00917534 0.0537383 1.18593e-07 0.578866 0.00336138 9.85006e-09 0.0806879 0.00099781 
0.0044256 0.179837 0.0293096 0.0770027 0.111849 0.0350213 0.00990535 0.04275 0.00456319 0.00222542 0.00253673 0.0113099 0.0396723 0.000775418 0.000972262 0.0549106 0.0694087 0.0142913 1.40716e-06 0.270348 0.0153794 1.18837e-06 0.0187152 0.00478821 
0.00713471 0.0066505 0.00181932 0.0531647 0.0205747 0.0571809 0.00334637 0.057732 0.0119033 0.00510519 0.000884433 0.00600708 0.0879608 0.00238054 3.8136e-05 0.00226078 0.0152415 0.0551317 2.13171e-07 0.284297 0.00807094 3.53639e-05 0.265907 0.0471727 
0.00703683 0.0688156 0.00297785 0.148582 0.0538683 0.044141 0.000224565 0.0423028 0.000102488 0.0849535 1.02037e-05 0.00215322 0.131328 0.00116843 8.34789e-06 0.000642472 0.00195063 0.0606964 1.91891e-07 0.253346 0.00478196 1.31549e-05 0.0891046 0.00179099 
0.00243509 0.0155133 0.0112281 0.000108106 0.0324645 0.0109591 0.000515483 0.036355 0.00208374 0.000194409 5.8016e-05 0.000325056 0.039766 0.000366352 4.11717e-06 0.00339843 4.74748e-05 0.00391947 5.37269e-08 0.299452 0.00749517 1.38408e-05 0.251613 0.281685 
0.00433347 0.0652334 0.000283312 0.0197173 0.130019 0.0358573 0.000606887 0.0298669 0.000313307 0.000878628 7.50852e-06 0.000631144 0.0660949 0.00176837 5.8837e-05 0.00788315 0.0596024 0.0248102 3.09561e-12 0.532744 0.00156917 3.29717e-07 0.0158468 0.00187297 
0.000695532 0.0145092 0.000436779 0.00461943 0.0370996 0.0323311 0.0090933 0.088851 0.0039528 0.00333441 0.000202216 0.00314071 0.086598 0.00226247 1.59677e-06 0.000159008 0.00692131 0.132341 3.55063e-08 0.478194 0.0214075 4.35554e-06 0.0689193 0.00492543 
0.0448591 0.013678 0.0332739 0.00287692 0.0350153 0.195249 0.00187558 0.047262 6.84479e-08 0.00232817 6.8487e-08 0.000814606 0.0627019 6.84645e-08 0.000253183 6.84666e-08 0.0139047 0.00571901 6.83622e-08 0.410806 0.0720798 6.84004e-08 0.0493588 0.00794365 
0.00380471 0.0411448 0.00568998 0.0781841 0.0166695 0.0793171 0.00196431 0.00566347 0.00216698 0.0008589 2.83593e-05 0.000119068 0.0237719 0.00132472 0.000100747 0.0132988 0.0217538 0.0139122 2.45933e-09 0.517562 0.00548153 4.19156e-06 0.144193 0.0229862 
0.00487604 0.266886 0.00823743 0.0323598 0.0490634 0.0239094 0.0967358 0.0490047 0.000105282 5.81857e-05 1.35776e-05 0.00310373 0.0112381 2.97279e-05 0.000918687 0.000839015 0.0152443 0.00522925 1.41861e-08 0.36351 0.00717299 5.68916e-09 0.0589087 0.00255625 
0.0353972 0.00365108 0.00380123 0.00581235 0.02513 0.266372 8.04701e-05 0.0602745 0.000853554 0.000984636 3.74659e-06 2.1345e-06 0.00622479 1.62005e-05 5.02598e-08 0.000227546 0.0021318 0.00174404 1.34196e-09 0.317988 0.148701 9.97369e-10 0.109697 0.0109066 
0.00406835 0.0234075 0.00873216 0.0611643 0.0106648 0.0201682 0.00358541 0.257919 0.00255488 0.000810537 1.2798e-05 0.000999236 0.0691293 0.00229511 2.84216e-05 0.00378278 0.0154603 0.0612415 2.7206e-09 0.358112 0.00419564 4.78652e-08 0.0902273 0.00143974 
0.00816586 0.00665168 0.000589769 0.00466061 0.114266 0.0350591 0.000331954 0.033369 1.03941e-05 0.000304997 4.16352e-05 1.70881e-05 0.0605258 0.000343113 1.00439e-06 3.42434e-06 0.0236487 0.0444352 5.14577e-12 0.630807 0.00288686 9.28136e-06 0.0327539 0.00111734 
0.0174523 0.061717 0.0256797 0.106261 0.0347686 0.0719051 0.000450779 0.0894019 0.0211294 0.00111838 7.81236e-05 0.000861729 0.0379348 0.00869494 0.000623743 0.00657986 0.0192294 0.00854149 6.66633e-08 0.243451 0.021022 3.67836e-06 0.130954 0.0921404 
0.000939425 0.113716 0.0015322 0.0401903 0.235384 0.0151275 0.0011463 0.0158865 5.18482e-06 0.00463759 0.00334827 0.000159918 0.119309 0.00893151 0.00121322 0.0326804 0.0145726 0.00848154 2.48388e-10 0.259757 0.00261396 3.31943e-05 0.0948201 0.0255144 
0.0196347 0.00318094 0.000878996 0.0656427 0.0886438 0.0236827 0.000359701 0.0624229 7.6465e-05 0.0049052 1.05481e-05 0.000474384 0.135159 0.000282799 7.68618e-06 0.000919963 0.0212276 0.077718 6.78166e-07 0.408681 0.00653997 2.84941e-06 0.0794177 0.000129099 
0.00222452 0.0237113 0.00227912 0.00565497 0.259885 0.0712865 1.8017e-08 0.00095681 3.59753e-08 0.00525431 7.91659e-06 4.9393e-08 0.197513 1.77003e-06 0.000292854 0.000808994 0.00205266 0.00827848 4.48233e-12 0.266943 0.0157452 1.10937e-07 0.136328 0.000775894 
0.0169458 0.000921749 0.000518403 0.01045 0.00226501 0.0733018 0.000123631 0.0752846 1.44895e-05 0.000101482 3.84775e-06 7.40277e-05 0.00879426 2.86968e-10 3.6323e-07 2.85453e-09 0.165334 0.00684647 3.29599e-13 0.575484 0.0120266 1.42631e-07 0.050921 0.000587669 
0.000627436 0.0511665 0.00126806 0.0208923 0.0357668 0.0709174 0.00522697 0.0282835 0.00199068 0.0120568 0.0788883 0.0573889 0.0483678 0.00112697 0.000132009 0.0207894 0.00811894 0.106318 6.77687e-09 0.431474 0.00276032 1.0872e-06 0.0137919 0.00264566 
3.01342e-07 0.00608505 0.00585621 0.00126892 0.00542298 0.00381091 5.44677e-07 0.00038346 0.00138873 0.0026275 0.000481589 5.50767e-07 0.00290827 0.00147934 8.9952e-07 0.00417531 1.31567e-07 0.0249252 1.31455e-06 0.906033 1.74831e-07 9.76997e-07 0.00947127 0.0236779 
0.00145062 0.120694 0.0123243 0.0612286 0.0669786 0.0335358 0.0223496 0.0655662 0.0284052 0.00200619 0.099978 0.00703772 0.00961622 0.00027384 0.000405745 0.011717 0.0794902 0.0428895 1.7164e-09 0.230001 0.0918488 1.13567e-11 0.0110419 0.00116129 
0.00357337 0.0164034 0.0135136 0.136618 0.0196071 0.111739 0.0107591 0.0302587 5.87383e-05 0.0117013 2.25803e-05 0.00335516 0.0124694 0.00117988 0.000439793 0.0124303 0.0115466 0.0558834 6.87315e-06 0.354019 0.00407067 7.02276e-08 0.185445 0.00489868 
0.00332978 0.00390198 0.000533684 0.0733809 0.197015 0.00575324 0.000318595 0.00235558 0.000123323 0.0108156 1.32448e-05 0.000262298 0.0224875 3.44689e-06 5.61518e-05 0.00133272 0.00432696 0.325395 5.50737e-09 0.327876 0.00508213 1.89726e-08 0.0156241 1.36609e-05 
0.00171093 0.0219258 0.00634613 0.171898 0.015508 0.0423545 0.00124638 0.0876468 0.00669723 0.00470269 6.09536e-05 0.00232633 0.0569056 0.0154961 0.00319043 0.0136493 0.00679335 0.0134064 4.47718e-06 0.456182 0.0197885 1.00702e-05 0.0449817 0.00716832 
0.00181584 0.00182203 0.000396377 0.134804 0.0127347 0.0593765 2.23711e-05 0.167448 1.86361e-09 0.000199844 1.18553e-06 1.32381e-08 0.0272478 0.0434353 1.97641e-05 9.91137e-05 0.00430011 0.0245417 3.7759e-08 0.45511 0.0131377 1.33537e-06 0.0534296 5.65773e-05 
0.0101633 0.00517812 0.049626 0.00387742 0.11615 0.113423 0.00040428 0.0521359 0.00172737 0.00010931 6.72408e-05 4.81368e-05 0.013346 0.0426068 2.09235e-08 0.00798197 0.00188686 0.0423298 7.88007e-08 0.388944 0.104104 3.79524e-06 0.0316981 0.0141874 
0.000729633 0.0129895 0.00363128 0.0537848 0.0376186 0.0316863 0.000283284 0.136872 0.00103167 0.00838648 1.43059e-05 0.000411307 0.0910831 0.0152051 0.000166216 0.00156438 0.000176713 0.00848996 1.8918e-11 0.451053 0.0227484 2.36538e-05 0.115852 0.00619828 
0.00621943 0.0347795 0.0468013 0.176703 0.0133295 0.0909124 0.00267024 0.0650558 0.00268901 0.0115048 0.000775233 0.00343199 0.0504604 0.038796 0.00141434 0.0248847 0.0100377 0.0157883 0.000898129 0.220423 0.0341454 1.4755e-05 0.139338 0.00892727 
0.0128939 0.00100371 0.00570594 0.00452263 0.0205499 0.082037 0.000116075 0.0315236 2.40728e-05 0.00039423 2.24091e-06 0.000263926 0.008338 6.65663e-06 8.74644e-07 0.00196102 0.0251568 0.00312599 7.92916e-13 0.744943 0.0358321 2.06772e-08 0.0209495 0.000648859 
9.25502e-07 0.139084 0.00733145 0.113608 0.0450154 0.0288765 1.73664e-06 3.22794e-06 0.00128472 0.000173548 1.99907e-06 2.53427e-07 0.20069 4.35089e-07 0.00422369 0.00414192 0.0662432 0.0178186 1.30891e-08 0.272102 3.61625e-06 1.17007e-07 0.082336 0.0170587 
0.00294764 0.0658477 0.00187894 0.0443471 0.0671675 0.017661 0.00303673 0.0401362 0.000364809 0.000313204 0.00370704 0.0196193 0.0225239 0.022231 0.00138815 0.000440058 0.00304798 0.255556 3.23313e-07 0.27191 0.00230898 0.000410695 0.149271 0.00388424 
0.00940664 0.00503842 0.00164222 0.00722713 0.0134168 0.10862 1.9977e-05 0.204726 0.000629445 0.000150851 1.98695e-05 0.00195233 0.0438275 0.00443091 0.00580503 0.0162998 0.0327699 0.00483424 5.92574e-10 0.272722 0.0847236 8.44758e-07 0.155066 0.0266706 
0.01678 0.0248779 0.0306024 0.00972236 0.0300945 0.0944049 0.00393847 0.0353592 0.000633033 3.82535e-05 0.000101191 0.000193399 0.00413416 0.000423102 8.09672e-05 0.000228757 0.011807 0.00786179 1.06814e-06 0.614579 0.0232577 9.28718e-08 0.0467335 0.0441468 
0.00816586 0.00665168 0.000589769 0.00466061 0.114266 0.0350591 0.000331954 0.033369 1.03941e-05 0.000304997 4.16352e-05 1.70881e-05 0.0605258 0.000343113 1.00439e-06 3.42434e-06 0.0236487 0.0444352 5.14577e-12 0.630807 0.00288686 9.28136e-06 0.0327539 0.00111734 
0.0011612 0.00932756 0.00723225 0.0161245 0.0362014 0.0131032 3.64632e-08 0.0370026 3.28414e-07 0.00172796 0.000178079 4.64516e-08 0.109327 0.000663936 1.06302e-05 0.0032551 1.98586e-06 4.05618e-07 1.92045e-10 0.66388 0.000592777 8.30047e-09 0.0959442 0.00426557 
0.00139652 0.0782538 0.0106712 0.0723513 0.118479 0.0249693 0.00298336 0.0421459 0.00116879 0.0111979 0.00355434 0.00887479 0.065625 0.00248893 0.00244317 0.0203138 0.00228335 0.0724569 7.20567e-09 0.356347 0.00438115 0.000198903 0.0955506 0.00186484 
0.0118054 0.0316924 0.00418823 0.070924 0.0260023 0.0574763 0.00137526 0.0661593 0.00135115 0.00282101 3.77057e-05 0.00509234 0.089809 0.00468335 7.30369e-05 0.0666869 0.0154223 0.03639 0.000270668 0.341791 0.0385928 3.43668e-05 0.122693 0.00462865 
0.0140511 0.00331675 0.000157841 0.00605485 0.00732274 0.00577583 0.000132725 0.398049 0.000383659 4.21241e-05 5.78757e-06 8.53083e-05 0.00872345 1.56429e-08 3.61278e-12 8.04198e-09 4.94918e-05 0.00804035 5.27969e-12 0.529929 6.39601e-09 3.26084e-06 0.0109801 0.00689661 
0.00230616 0.00876581 0.000822885 0.00312543 0.0393722 0.0394952 0.00106969 0.0224428 0.00164253 0.00246944 3.02691e-05 4.22521e-05 0.060465 0.00451118 0.000110404 6.09553e-05 0.0101849 0.0496845 5.74323e-11 0.691722 0.00410055 1.40742e-05 0.0515143 0.00604707 
0.00697225 0.073566 0.00159065 0.0828006 0.0556565 0.0698438 0.00056896 0.0636463 0.00080651 0.00396618 3.03387e-05 0.000166951 0.0563812 0.00460743 0.000412327 0.0143592 0.0045702 0.0270033 0.000275294 0.447316 0.00644154 7.52655e-06 0.0764045 0.00260679 
0.0123806 0.0184213 0.0114377 0.133525 0.0403968 0.0740905 0.00149608 0.0179009 0.00145471 0.010989 3.77165e-05 0.000368263 0.0695481 0.00130944 2.48376e-05 0.0657915 0.000988346 0.00439916 1.0849e-07 0.407748 0.031417 1.26579e-05 0.0235153 0.0727465 
0.00812027 0.0565487 0.0241175 0.0284532 0.243862 0.0715087 0.0013214 0.0149817 0.00174788 0.0140411 6.34224e-05 2.30821e-05 0.0338701 0.00302098 0.0002917 0.0115658 0.028686 0.0264615 2.37188e-06 0.364846 0.0110285 5.53293e-05 0.0417198 0.0136626 
0.0324836 0.163486 0.0079701 0.00866815 0.0200141 0.0612344 0.00137684 0.0170453 0.0145551 0.000302137 6.50732e-08 0.000428815 0.162254 0.00596698 2.93572e-09 0.00940977 0.000332193 0.0104327 8.19138e-07 0.207071 0.0287745 3.18857e-09 0.126379 0.121815 
0.0178682 0.0172783 0.00509564 0.0378119 0.0373285 0.160977 0.000211488 0.0818986 0.00213556 0.0310901 6.60308e-05 0.000798198 0.0489565 0.00474274 4.80951e-05 0.00405682 0.0662007 0.0181273 7.07425e-09 0.295996 0.0333543 9.1263e-06 0.0984423 0.037507 
0.000828123 0.025039 0.00242482 0.026577 0.159089 0.0210869 0.000853479 0.0619116 0.000255349 0.00265059 1.56426e-05 0.000668173 0.0527162 0.00195276 0.000651377 0.00789407 0.00528987 0.0181269 6.08298e-08 0.577869 0.00725725 2.67048e-05 0.0229393 0.00387747 
0.00332978 0.00390198 0.000533684 0.0733809 0.197015 0.00575324 0.000318595 0.00235558 0.000123323 0.0108156 1.32448e-05 0.000262298 0.0224875 3.44689e-06 5.61518e-05 0.00133272 0.00432696 0.325395 5.50737e-09 0.327876 0.00508213 1.89726e-08 0.0156241 1.36609e-05 
0.000355293 0.00862543 0.00017946 0.135077 0.0313919 0.00967069 0.000269838 0.103772 0.000572597 0.0102302 6.55082e-06 2.14525e-06 0.224782 0.0877422 4.57481e-05 0.00493685 7.04395e-05 5.46862e-05 1.03794e-07 0.35876 0.0122145 7.4615e-06 0.0110469 0.000185714 
0.00321154 0.0689217 0.00590855 0.0328083 0.0983443 0.107761 0.0157014 0.0913849 0.00101736 0.00027149 0.000202913 0.0555857 0.0397677 0.000415363 0.0038487 0.000532151 0.036668 0.0140253 2.62303e-09 0.286856 0.114876 1.48496e-07 0.0215418 0.000349119 
0.0180917 0.127983 0.0372827 0.106217 0.0423339 0.0338174 0.0029173 0.100891 0.000303399 0.00301428 0.000850804 0.0285221 0.0885227 0.000683641 0.000987292 0.00939477 0.00945519 0.00516457 1.61425e-07 0.166825 0.053811 1.03601e-06 0.129187 0.0337439 
0.0151694 0.0290238 0.00444521 0.0763897 0.0753215 0.0374782 0.000634307 0.0299723 7.05935e-05 0.00898905 0.00018414 0.000581314 0.143436 0.00216444 0.000116171 0.00524885 0.010958 0.00838476 8.20496e-11 0.408729 0.0348781 0.0853207 0.0192647 0.00324015 
0.000437203 0.0053654 0.000129823 0.182582 0.0138791 0.0119718 0.000281042 0.21807 0.000367374 0.0123376 0.000118108 0.000257975 0.0405383 0.00186726 3.52204e-06 0.00108254 0.0116281 0.127199 2.01781e-06 0.251021 0.0023315 7.1401e-06 0.117357 0.00116495 
0.00762676 0.0103071 0.00155099 0.039037 0.00944404 0.0653444 0.00402286 0.0895986 0.00108843 0.000433745 6.31019e-05 0.000274787 0.0388195 0.0017794 3.69851e-07 0.00614199 0.0148662 0.0191162 6.67251e-06 0.6361 0.00346001 3.9113e-06 0.0239486 0.0269655 
0.00567873 0.00415686 0.00110718 0.0107491 0.00720854 0.0514792 0.00212507 0.100148 0.00599779 0.000634567 0.000135896 9.81388e-05 0.0379334 0.000422658 2.23889e-08 0.00450091 0.0544463 0.00717989 4.70783e-08 0.664139 0.00320251 2.9805e-05 0.0198281 0.0187977 
0.00085308 0.0022383 0.000238512 0.0364701 0.0198 0.00891411 6.2666e-05 0.217503 0.00386406 0.000488899 2.58133e-05 3.66064e-05 0.0222891 0.000200377 8.52501e-06 1.64472e-05 0.00201372 0.0112767 1.21227e-07 0.625059 0.0017563 0.000789652 0.00613135 0.0399641 
0.00619287 0.0347064 0.00332147 0.0108877 0.34034 0.0232571 0.0019754 0.0349738 0.000222385 0.00162458 2.37633e-05 1.55537e-05 0.0270325 0.000217863 0.000436884 0.00734421 0.0214432 0.00821823 6.03326e-12 0.445557 0.00562223 5.40446e-07 0.0257077 0.000879307 
0.00538786 0.00844419 0.0359643 0.0138601 0.104836 0.0657201 0.00635874 0.0255555 0.00529903 0.00166574 0.000142665 4.72296e-05 0.101095 0.000353091 3.41597e-05 0.000673447 0.00397906 0.0295605 9.75297e-09 0.391318 0.00276809 5.2089e-05 0.115826 0.0810578 
0.00646575 0.0714293 0.00185813 0.0408045 0.057768 0.133834 0.00433414 0.0467467 0.000377971 0.00336939 0.00125217 0.0342345 0.114703 0.0563836 0.00107549 0.0046791 0.00363181 0.0387012 4.2339e-10 0.216009 0.0174791 0.0206918 0.101682 0.0224891 
0.000911696 0.103184 0.0110266 0.0184108 0.188249 0.0373382 0.000593463 0.0523943 0.00103684 0.00959169 5.81543e-05 0.00451593 0.101141 0.0286268 0.0230466 0.110292 0.00620741 0.0166959 6.04528e-08 0.203903 0.0359799 7.95874e-06 0.0400074 0.00678189 
0.00163983 0.000904421 0.0226233 0.0231743 0.0195291 0.0280071 2.25459e-08 0.0202935 3.70629e-05 4.44031e-11 2.82993e-11 1.57869e-07 0.021435 8.69387e-08 1.77011e-08 8.20049e-05 0.000200185 6.777e-07 1.77744e-10 0.726336 0.0014428 2.48299e-08 0.134294 7.23023e-08 
0.0449804 0.118453 0.00430144 0.0634451 0.00402264 0.100857 0.000200736 0.042122 2.69436e-05 0.0203501 1.46988e-05 0.00024082 0.059594 0.111149 8.95589e-05 0.00213632 0.00282855 0.00265813 8.14565e-07 0.310121 0.0183396 9.57995e-05 0.0896779 0.00429531 
0.0105945 0.0152997 0.0056794 0.0283611 0.0472624 0.0075949 0.000742536 0.134824 0.00595665 0.00271573 0.000119826 0.00284716 0.0301831 0.00110805 2.49698e-05 0.000338479 0.00170853 0.165918 1.90599e-11 0.407694 0.000498733 0.000139386 0.123171 0.00721853 
0.0121799 0.188186 0.00214168 0.00701253 0.0844626 0.0802201 0.0458017 0.0164721 0.000649407 0.000332536 0.00514283 0.00404847 0.0189747 2.98116e-05 0.000768918 0.000118842 0.0404873 0.0256534 7.53866e-10 0.365023 0.00583438 5.60285e-10 0.0950448 0.00141526 
0.000549431 0.0491142 0.000452343 0.0255813 0.0635926 0.0123745 0.00580896 0.0186575 0.000770622 0.0144679 9.15206e-05 0.00118608 0.158743 0.000780679 4.12956e-05 0.0189491 0.00605542 0.16364 2.41025e-07 0.413557 0.0033876 6.00813e-07 0.0367808 0.0054172 
0.000431722 0.0751703 0.00105833 0.00963392 0.247319 0.0671214 0.00124163 0.0026179 0.000643439 0.00441876 0.0123344 0.000480427 0.0794302 0.0047132 0.0196639 0.0174283 0.000880178 0.059363 1.12388e-08 0.36336 0.000338388 0.000108699 0.0236194 0.00862339 
0.0223264 0.0647537 0.00238783 0.0141989 0.0307603 0.145489 6.57424e-05 0.115211 0.00108141 0.000164345 3.73772e-06 1.18448e-05 0.0922071 0.0137665 1.21296e-05 0.0132062 0.065799 0.0266335 5.28933e-11 0.316288 0.0291725 2.42969e-06 0.0433629 0.00309514 
0.00121366 0.0155622 0.00400857 0.00199851 0.045297 0.0800299 0.00613328 0.00482645 0.000277967 0.00066397 3.33558e-05 4.88592e-05 0.0660433 0.00355958 6.77746e-05 2.13577e-05 0.0352385 0.0072152 1.42575e-07 0.662968 0.0148059 3.30763e-08 0.0493887 0.000597274 
0.00134745 0.0848301 0.0171993 0.0492935 0.0148268 0.0616907 0.00505609 0.0890697 0.000731341 0.00255516 0.000169906 0.00647249 0.0494693 0.00205729 6.79174e-05 0.0367061 0.00737079 0.0154431 0.00179996 0.447996 0.021167 1.76055e-05 0.0677892 0.0168729 
0.00111849 0.0375129 0.0198476 0.0129234 0.0278673 0.0986213 1.42095e-08 0.00240763 0.000465624 0.000842507 6.91075e-05 4.87077e-12 0.0692118 0.00102621 7.95501e-12 0.238373 0.00776251 0.0441725 1.16254e-11 0.240011 0.018785 8.2519e-09 0.136102 0.0428795 
0.00336859 0.0474155 0.000182093 0.03504 0.0346735 0.0470239 0.00504984 0.156362 0.000393174 0.00943683 0.0105678 0.0311814 0.0710631 0.00535382 9.85373e-06 0.000329369 0.00745718 0.0248919 8.32894e-09 0.491329 0.00482334 8.52993e-05 0.0127501 0.00121164 
0.0121595 0.00502583 0.00341677 0.0752782 0.0109934 0.0494106 0.00260078 0.0676744 0.00310855 0.000975745 5.16538e-05 7.00557e-05 0.0381117 0.00437709 0.000510353 0.00325837 0.049093 0.00607055 8.19438e-08 0.568015 0.0142586 1.11227e-05 0.0601884 0.0253398 
0.00369871 0.0393557 0.00335225 0.0792626 0.010963 0.0246066 0.0148047 0.120415 0.0146514 0.00309086 0.000301995 0.00514822 0.0799849 0.156022 0.000133449 0.0177488 0.00653968 0.0906403 0.00105019 0.185079 0.00832302 1.11673e-05 0.124935 0.00988103 
0.016221 0.0272613 0.00594875 0.103896 0.0328914 0.0392453 0.000335522 0.168583 0.000178198 0.0158458 0.000709026 0.00710569 0.106225 0.0512279 0.00444846 0.00789492 0.00319271 0.0276508 1.48179e-08 0.248219 0.00858991 0.0183779 0.0860689 0.0198835 
0.000646392 0.017179 0.000889227 0.191267 0.0798297 0.0232455 0.00020016 0.161076 0.00248362 0.00800954 0.00205999 0.0104954 0.100968 0.0599912 0.000107592 0.002072 0.00421145 0.0448652 1.52784e-08 0.210804 0.0142463 8.01422e-07 0.062345 0.00300626 
1.8246e-06 0.0024416 2.72433e-07 2.64523e-08 0.0140868 0.0102105 0.00333365 0.00738142 0.000466511 7.28851e-09 0.000107786 7.85307e-08 0.0989253 1.93954e-12 4.2468e-12 1.84211e-12 5.02518e-08 0.00405968 6.20625e-12 0.677288 3.385e-09 2.31091e-09 0.152273 0.0294231 
0.000881856 0.31896 0.000237137 0.0120915 0.184858 0.011173 0.00241376 0.0127603 0.000327328 0.000187528 2.43465e-06 6.07275e-05 0.038397 0.00148707 0.00688183 0.0030361 5.28742e-05 0.0154067 4.62199e-08 0.37406 0.000384996 3.04791e-05 0.0106631 0.00564599 
1.21786e-08 0.0258245 2.62872e-05 2.5652e-05 0.00656024 0.0511976 2.72671e-05 0.0992444 0.00100321 9.7842e-05 2.40399e-06 2.2259e-08 0.00979299 1.66029e-08 3.63537e-08 0.000444683 2.52744e-06 1.65653e-05 1.2149e-05 0.398817 0.00124736 3.94849e-08 0.362849 0.0428077 
0.00541456 0.0694143 0.00319026 0.0476168 0.0756085 0.0270884 0.0158035 0.0871513 0.00463408 0.0452556 0.00453754 0.0416788 0.163273 0.00513713 0.00218789 0.00448272 0.0171704 0.125265 4.18132e-05 0.17652 0.0106497 1.55275e-05 0.063534 0.00432913 
0.00618956 0.160859 0.0765617 0.0979837 0.0450873 0.0794111 0.00142856 0.0207204 0.000448307 0.00360083 1.32722e-05 3.02235e-05 0.0388914 0.0140708 0.00911546 0.00475059 0.00127587 0.0280736 1.07253e-09 0.244929 0.0879412 7.97119e-10 0.0782573 0.000360188 
0.000541542 0.0659044 0.00637631 0.000933704 0.0352969 0.0242609 0.0266121 0.0521868 0.00202145 0.00195744 5.94858e-05 1.69711e-05 0.0348154 0.00384059 2.07848e-06 0.034187 0.000682886 0.137369 0.00267397 0.438046 0.0004496 1.01956e-05 0.101119 0.0306363 
0.0179216 0.00942161 0.00318312 0.000499567 0.228761 0.0253421 0.000582686 0.024205 0.00017859 2.82853e-05 1.89887e-05 0.000881771 0.0338982 5.42339e-05 7.2135e-06 0.00134087 0.0119979 0.00655473 4.23469e-11 0.500742 0.0639345 2.03881e-06 0.0692216 0.00122223 
0.0448591 0.013678 0.0332739 0.00287692 0.0350153 0.195249 0.00187558 0.047262 6.84479e-08 0.00232817 6.8487e-08 0.000814606 0.0627019 6.84645e-08 0.000253183 6.84666e-08 0.0139047 0.00571901 6.83622e-08 0.410806 0.0720798 6.84004e-08 0.0493588 0.00794365 
0.000504881 0.019663 0.00518717 0.00974386 0.127329 0.0255999 9.85542e-05 0.063314 0.000235831 7.20459e-05 0.00616523 6.05064e-05 0.00870247 0.00325186 0.000909768 0.00264744 0.00157623 0.0389486 3.7535e-07 0.606915 0.0135877 0.000166601 0.050868 0.0144522 
0.015636 0.187393 0.00474861 0.0439491 0.00287164 0.0568603 0.000151682 0.0429724 0.00188712 0.00379887 7.44571e-05 6.31464e-05 0.0421735 0.160719 2.1678e-05 0.00569042 0.0153761 0.000839169 4.90155e-06 0.281664 0.0079766 0.000343313 0.0901686 0.034616 
0.00255087 0.0216927 0.00046859 0.0794226 0.0187062 0.0147557 0.0022975 0.206837 0.000521155 0.0138006 1.33842e-05 7.9575e-05 0.0253311 0.00316122 0.000351762 0.00199796 0.00319959 0.0174831 8.70469e-11 0.521617 0.000967993 6.63025e-07 0.063535 0.00120877 
4.86711e-05 0.00246487 0.00019922 0.135032 0.00773938 0.00964217 0.000182356 0.098686 7.78016e-06 0.00642176 3.1661e-06 0.00341443 0.259693 0.00998312 4.31052e-08 0.000209858 0.000357557 0.118342 4.26766e-11 0.317385 0.00166365 2.50402e-08 0.0284595 6.46783e-05 
7.8582e-06 0.0135975 3.53596e-05 0.247947 0.144773 0.0068052 0.000506038 0.0536178 1.62099e-09 0.0108292 1.85472e-05 1.97492e-05 0.0711795 0.162673 2.89834e-07 0.00435397 0.000415434 0.0121891 3.03663e-10 0.263102 0.000571843 2.25687e-10 0.00733761 1.93008e-05 
0.000789377 0.0219654 0.00146424 0.0146146 0.043915 0.0158377 0.000435214 0.234864 0.000203833 0.000401186 2.67567e-06 0.000169469 0.0929529 0.00246287 0.000149564 0.00107097 0.00115834 0.0175682 1.42893e-08 0.39016 0.00688455 4.95663e-05 0.137676 0.0152052 
0.00780434 0.0151369 0.00261358 0.0912736 0.00658963 0.0611927 0.000863637 0.292482 0.000387125 0.00326709 8.44412e-05 0.00130241 0.0726784 0.00167012 3.04512e-05 0.00155468 0.029697 0.0132661 0.00309986 0.309229 0.0205577 1.05291e-06 0.0608438 0.00437455 
0.0204885 0.00911111 0.0010177 0.0776294 0.0278169 0.0401425 0.0021459 0.0623184 0.00119532 0.00675704 0.000128489 0.00254002 0.0348376 0.0103566 8.20679e-05 0.00225863 0.0242929 0.102765 0.000555291 0.446375 0.0190556 0.000306672 0.103523 0.00430057 
0.00724505 0.0171007 0.00266735 3.03215e-07 0.109521 0.12272 0.00236375 0.0600362 3.03001e-07 0.00303146 3.03174e-07 0.000363907 0.0664351 0.0178816 3.02829e-07 0.0303088 0.0064284 0.094413 3.02621e-07 0.249784 0.05509 3.0279e-07 0.145453 0.0091551 
0.012767 0.0517051 0.00275857 0.103639 0.0592644 0.0371137 0.00464177 0.11098 0.000134501 0.0030737 0.0091898 0.00779289 0.121618 0.00222847 0.00447344 0.0014528 0.0247774 0.0264425 1.85683e-09 0.263431 0.110413 2.43321e-06 0.0412244 0.000875406 
0.0321292 0.0150002 0.00359341 0.130487 0.0105098 0.043444 5.15612e-05 0.178603 0.000642313 0.00302175 3.27883e-05 0.000249738 0.0723419 0.00323403 2.86885e-05 0.00298814 0.0185438 0.0390945 5.13828e-09 0.187829 0.0810423 2.76574e-06 0.176688 0.000442175 
0.000754088 0.0210598 0.0028787 0.094412 0.0466927 0.0381745 0.000897433 0.0233668 0.000140788 0.0210699 1.18817e-05 0.00058805 0.0539534 0.00155705 0.000113503 0.00708552 0.00358776 0.0345074 7.7716e-09 0.610262 0.00368416 1.4902e-05 0.0317862 0.00340096 
0.00534371 0.0391017 0.00025513 0.0729052 0.00524934 0.0499332 2.66006e-05 0.132567 9.44612e-06 0.0306318 9.94025e-05 0.000884802 0.0295194 7.98395e-05 0.00464326 0.032001 0.0214809 0.0444945 2.46956e-05 0.482444 0.00852448 6.49123e-07 0.0376444 0.00213538 
0.0112115 0.00356488 0.000900349 0.0889423 0.0732379 0.0359784 0.000261808 0.0244229 8.64452e-06 0.000339787 5.3959e-06 0.000131743 0.0227886 0.00531524 4.24453e-06 0.0226969 0.00284588 0.0282786 7.1942e-09 0.645032 0.00484067 1.61696e-11 0.0289604 0.000231747 
0.028714 0.017365 0.00232557 0.00118979 0.0848409 0.0832205 0.000914605 0.0689882 0.000882346 0.00130765 0.000638579 0.02078 0.0713482 4.91322e-08 1.70693e-11 5.7926e-08 9.25297e-05 0.0199248 2.4945e-11 0.318265 0.0133649 1.74754e-08 0.2627 0.00313752 
1.7912e-05 0.111314 3.6116e-09 0.0313223 0.351659 0.0202655 0.000735188 0.00560028 1.59196e-08 0.00119083 0.021988 3.37249e-09 0.0378828 0.00500863 0.0383923 2.87016e-05 0.000290432 0.0103909 4.48331e-12 0.355049 1.58829e-05 6.92648e-09 0.00800007 0.000848438 
4.45412e-05 3.04342e-12 6.72382e-08 0.27293 0.00346513 0.000490023 3.07995e-08 0.017212 1.07479e-11 0.00139884 4.05116e-12 1.06608e-11 0.190386 0.00423251 0.000186506 4.43562e-08 2.54663e-12 0.000100737 2.54448e-11 0.458445 0.000265384 1.89109e-11 0.0508442 5.37921e-12 
0.000103165 0.00771176 0.000310416 0.0200719 0.0209639 0.0120595 0.00114335 0.0424491 0.000260322 0.00150686 0.0140759 0.00223684 0.0199268 0.00060488 1.4171e-05 0.000697272 0.0094289 0.101157 1.17769e-11 0.715846 0.00121266 1.35667e-06 0.0274313 0.000786526 
0.00932726 0.0645967 0.0150316 0.0562783 0.035743 0.0459615 0.00294991 0.0710194 0.00213009 0.00315337 0.000243206 0.000689534 0.111123 0.0205609 0.000134073 0.0424203 0.00922528 0.0472643 6.62645e-05 0.34748 0.0310723 3.18261e-05 0.078603 0.00489521 
0.00031364 0.0391475 0.00258467 3.47907e-08 0.0760975 0.0465444 0.000218038 0.0045081 0.000254788 0.00726832 0.0104924 1.46982e-10 0.130638 0.000150983 4.25197e-05 0.0422357 0.00058886 0.023625 1.17267e-11 0.392788 0.00822567 1.81666e-05 0.209817 0.00444107 
0.012282 0.000772851 0.00028193 0.129732 0.0268046 0.0401997 7.03761e-05 0.0366116 0.00210694 7.91261e-05 9.50301e-06 3.30563e-05 0.0256308 0.000214596 4.46895e-06 0.0102916 0.00253664 0.0788388 2.49525e-10 0.554873 0.000939812 1.53777e-08 0.0764935 0.00119363 
0.00376233 0.0877036 0.00914979 0.0262378 0.167567 0.0205784 0.00204591 0.0256638 0.000679773 0.0017404 0.00159226 0.000265635 0.0441323 0.0221176 0.00128458 0.0449058 0.00670746 0.00877984 2.22626e-07 0.437823 0.0280861 1.71877e-05 0.0505079 0.00865046 
0.00395087 0.0654027 0.0043321 0.0404072 0.112189 0.0270698 0.00142722 0.0596232 0.00186594 0.000931085 0.00252616 0.000965018 0.0180963 0.00197965 0.000313047 0.00718511 0.0113312 0.0359775 6.85745e-06 0.539157 0.00601867 3.89492e-05 0.0352486 0.0239573 
0.00376221 0.0210648 0.00884608 0.306745 0.0680987 0.030566 0.000583709 0.00402773 0.00327581 0.0110181 6.7512e-06 7.78217e-05 0.0315463 0.00181673 0.000273823 0.0514922 0.00430228 0.0036485 5.51042e-06 0.396133 0.0276179 6.5217e-07 0.0244797 0.000611161 
0.00556675 0.0258084 0.00438449 0.0531711 0.0709542 0.0581541 0.00732813 0.0903392 0.00316826 0.00410752 0.000195508 0.00182671 0.00429051 0.000165781 8.54272e-05 0.00738905 0.0315706 0.233759 4.74757e-08 0.245117 0.00180048 1.78831e-05 0.144902 0.00589866 
0.00986573 0.0632101 0.00146675 0.0188181 0.0225304 0.0269512 0.000586473 0.168472 8.65176e-05 0.00862843 1.07901e-05 0.000987471 0.153021 0.00531077 1.15698e-05 0.0018057 0.000538885 0.0185548 6.18921e-11 0.4066 0.00950236 9.23268e-06 0.0823873 0.000644176 
0.00275778 0.0408198 0.00446653 0.00686466 0.164133 0.046301 0.00167171 0.0077601 0.00225986 0.000102456 8.83093e-05 0.00113378 0.0228061 0.00393791 2.98937e-05 0.00439387 0.00432601 0.0294229 2.75509e-05 0.507993 0.0093469 0.00019088 0.0799969 0.0591684 
9.11175e-06 0.0287761 0.0752839 0.00130386 0.0740388 0.0430563 0.0275743 0.00492256 0.000666525 0.00147226 0.00221351 3.12256e-06 0.0135553 0.00365514 0.000100074 0.000168606 0.0353625 0.105358 4.78329e-07 0.308764 0.00255416 2.08988e-07 0.0720124 0.199148 
0.00529953 0.0358418 0.0127191 0.0287832 0.0158799 0.0511817 0.000179248 0.0250274 0.00486804 0.0178386 8.97671e-05 0.00325827 0.0785268 0.00474475 1.18371e-05 0.184966 0.1692 0.0152686 1.12455e-09 0.205667 0.00844883 1.01844e-05 0.107709 0.0244811 
0.00625745 0.0566288 0.00271387 0.200672 0.0280569 0.0237593 0.00133186 0.129042 0.00345969 0.000613277 0.000228956 0.00237848 0.0337565 0.00223487 0.000819617 0.00888544 0.00628739 0.103812 1.71529e-05 0.203295 0.00120771 5.46348e-05 0.134302 0.0501851 
0.00579658 0.0140091 0.00655301 0.016456 0.0013329 0.0945661 3.61534e-05 0.311807 0.00988412 2.42775e-05 4.85745e-08 1.02152e-05 0.0220326 0.00111601 8.58967e-08 0.000681396 0.00615363 0.00321453 2.94048e-11 0.392279 0.0873845 0.000183116 0.0205735 0.00590589 
0.00904791 0.143685 0.0968922 0.0516053 0.036321 0.121925 0.000807351 0.0111601 0.00365524 0.0156741 7.9859e-05 3.85151e-05 0.025537 0.000390994 4.76089e-06 0.0566378 0.0045678 0.00486764 8.24199e-10 0.2784 0.0473436 5.15274e-07 0.087865 0.00349333 
0.0089154 0.0320264 0.019405 0.054569 0.0338266 0.0341201 0.00445315 0.100973 0.00362373 0.00472356 0.00024338 0.0064044 0.153858 0.0405467 0.011105 0.0156824 0.0131367 0.0414029 7.89041e-05 0.198612 0.0107862 2.66124e-05 0.171348 0.0401321 
0.00587251 0.00177406 0.000106652 0.0455939 0.0203499 0.00450048 2.26943e-05 0.214995 7.14317e-05 1.40226e-05 8.80424e-06 0.000438987 0.0567118 0.00504178 5.63899e-06 0.00796476 0.00019153 0.00434497 4.29084e-07 0.57262 0.000876937 7.69991e-08 0.0583906 0.000102826 
0.0579408 9.56313e-05 0.00222236 0.0149674 0.00307721 0.0446942 2.91394e-05 0.0709704 2.70296e-06 1.19415e-05 1.32063e-06 1.37075e-09 0.0322677 1.44466e-05 7.5271e-07 8.19393e-10 0.0466104 0.00432816 7.00151e-13 0.639507 0.0148209 7.18011e-08 0.0682351 0.000202164 
0.00213095 0.0163608 0.0031533 0.0109357 0.163824 0.101849 0.000827699 0.00511068 0.000440567 0.000155143 1.44261e-05 6.01585e-12 0.0481366 0.000434795 0.000470031 0.00532714 0.00791993 0.00540312 2.94966e-10 0.544021 0.0106713 1.26815e-08 0.0704352 0.00237782 
0.00155088 0.0150524 0.000635126 0.231058 0.074855 0.027064 0.00132693 0.151565 0.00354895 0.0101539 4.68897e-05 0.00318446 0.0487498 0.00128813 0.0213333 0.00288056 0.0111685 0.055608 3.76794e-08 0.262731 0.00394158 2.4111e-05 0.0714201 0.000814107 
0.00177324 0.0194134 0.00917362 0.0295404 0.0679708 0.0397894 0.000221724 0.0443408 0.00685391 0.00131592 0.000160499 0.000355635 0.0134163 0.00263803 0.00132865 0.02172 0.00994811 0.0331015 1.57112e-06 0.62527 0.00266603 0.000225506 0.0526869 0.0160876 
0.0204661 0.0566063 0.00564278 0.0462011 0.00662736 0.0484445 3.85775e-05 0.218189 9.5028e-06 7.84045e-05 2.30944e-07 4.74852e-10 0.0463423 0.0039386 7.17212e-07 0.000584982 0.0125723 0.00754305 1.42479e-07 0.35154 0.0731791 6.92557e-07 0.0985051 0.00348909 
1.31324e-06 0.0113424 0.0044714 0.00142158 0.0271842 0.0860079 9.92846e-08 0.0215396 1.14546e-08 0.00107712 1.39231e-12 4.36039e-08 0.0652103 2.73289e-12 2.21466e-08 2.59561e-12 1.77673e-07 0.0013168 8.74489e-12 0.718917 1.22398e-06 6.49933e-12 0.0615089 2.14455e-07 
0.000152502 0.000661156 4.86841e-05 0.0272602 0.0119391 0.0225403 0.000574999 0.00831569 1.56971e-08 0.000921425 4.18369e-06 0.000696437 0.0251209 0.000208934 1.65116e-07 0.000169211 0.153778 0.0986534 3.66983e-11 0.479711 0.000631866 2.72747e-11 0.168505 0.000106586 
0.0145242 0.0140118 0.00155321 0.0849351 0.0370624 0.048881 0.00672623 0.13611 0.000896689 0.000383798 0.00168269 0.00443658 0.0145469 0.00145474 0.000538934 0.0179201 0.0344735 0.141487 5.35174e-07 0.40545 0.00305734 3.08306e-06 0.0232228 0.00664092 
0.0128939 0.00100371 0.00570594 0.00452263 0.0205499 0.082037 0.000116075 0.0315236 2.40728e-05 0.00039423 2.24091e-06 0.000263926 0.008338 6.65663e-06 8.74644e-07 0.00196102 0.0251568 0.00312599 7.92916e-13 0.744943 0.0358321 2.06772e-08 0.0209495 0.000648859 
9.98544e-07 0.00408438 1.49097e-07 0.0848848 0.0609505 0.032469 9.72808e-05 0.087253 5.23011e-05 0.000159723 7.19451e-09 1.02813e-05 0.136707 0.0060552 1.0001e-11 4.33808e-12 7.31738e-05 0.0240198 1.46154e-11 0.547967 0.00826365 6.53916e-08 0.00695115 2.06439e-07 
0.0150361 0.0409908 0.0118104 0.0269889 0.158944 0.0580265 0.00301151 0.0273159 0.00309574 0.00483711 0.0010768 0.00213692 0.114545 0.00831511 0.000720032 0.0145844 0.0181771 0.0731898 0.00111261 0.315002 0.0301971 6.66609e-06 0.0577653 0.0131143 
0.00912152 0.035861 0.0433404 0.014228 0.128544 0.209227 4.51358e-07 4.51663e-07 4.51349e-07 4.51518e-07 4.51606e-07 0.00352102 0.0140473 0.00501164 4.51093e-07 0.020407 0.0138213 0.0415954 4.50783e-07 0.326904 0.07592 0.000180865 0.0568658 0.00140027 
0.00681761 0.00556993 0.0363474 0.00907331 0.106164 0.0336768 0.000459698 0.0251222 1.2999e-07 0.00823166 6.57787e-06 1.45668e-07 0.0276415 7.44135e-05 0.000887239 5.30945e-05 0.000537703 0.324709 3.17737e-10 0.388965 0.00470482 2.05214e-05 0.0201412 0.000794966 
0.00669614 0.0311986 0.0156322 0.0469175 0.0434102 0.156072 0.00649275 0.0388485 0.00264145 0.0100447 0.00414269 0.0169853 0.030042 0.0106309 0.000451707 0.0155161 0.0102192 0.163599 8.3035e-07 0.256523 0.0161609 0.000435297 0.0836024 0.0337367 
0.00701772 0.0546874 0.00418047 0.110711 0.115122 0.0315731 0.0021313 0.0609645 0.000845553 0.00676318 0.00450372 0.00704751 0.0772076 0.00625995 0.000406132 0.00405503 0.0117717 0.0913113 0.00126645 0.337935 0.0104445 1.66595e-05 0.0502975 0.00348059 
0.00283965 0.0129353 0.00101378 0.0622498 0.0438651 0.0104589 0.000132253 0.217514 0.0080934 0.0009193 3.02429e-05 3.16197e-05 0.0354676 0.00132607 7.44664e-07 0.000985432 0.0029715 0.0275771 1.45942e-11 0.494544 0.00269625 1.56178e-05 0.0740616 0.000271119 
0.0156846 0.0778188 0.000883869 0.0403214 0.0350531 0.0377276 0.00770839 0.12306 0.017163 0.00383239 0.10112 0.00191152 0.125103 0.0018503 0.000113675 0.00142086 0.0283892 0.116552 3.73801e-09 0.225699 0.0193775 0.000137793 0.0152597 0.0038123 
0.00387488 0.0174407 0.00274835 0.0513492 0.0343483 0.0367185 0.00035137 0.120238 4.63137e-05 0.000572968 1.58597e-05 5.60657e-05 0.100952 0.00366464 2.45256e-05 0.000775577 0.000259612 0.0513653 9.85934e-11 0.311459 0.00792823 9.67066e-07 0.249011 0.00679745 
0.0452745 0.0258663 0.0106136 0.0149038 0.0873911 0.19797 0.00356152 0.02959 0.00110803 0.00336128 0.000787764 0.00267813 0.029501 0.0053812 0.00294535 0.0170537 0.0797089 0.0208204 3.71031e-08 0.241508 0.0711512 6.77037e-07 0.0907891 0.0180346 
0.0040636 0.0108711 0.0269545 0.0460997 0.105064 0.0614531 2.59246e-05 0.0284456 0.000152556 6.4496e-05 3.41262e-09 3.99729e-05 0.0570291 0.00354785 1.28056e-06 0.0209457 0.000436519 0.000311668 2.86884e-10 0.572825 0.0395042 3.33079e-06 0.0170274 0.00513351 
3.15918e-05 0.138499 0.0185898 0.0182674 0.0677067 0.0289033 0.000457908 2.76079e-05 5.93045e-06 0.000209839 5.86333e-08 2.23906e-05 0.00426115 0.0413529 4.71166e-06 0.0243729 0.00480411 0.00935516 0.0246548 0.572331 0.00816076 5.07516e-06 0.0372727 0.000703709 
0.000338704 0.00289456 0.000125302 0.0802166 0.00448078 0.0186454 0.00187331 0.140936 3.7614e-05 0.000848684 1.25118e-05 1.23941e-05 0.0445101 0.00113041 6.57747e-09 0.000994164 0.00215791 0.00599889 5.76593e-08 0.639641 0.000659465 3.82802e-07 0.0527412 0.00174529 
0.0262914 0.0302648 0.00347855 0.0825602 0.0419695 0.093677 0.00822925 0.0933884 0.00255851 0.0263542 0.0249586 0.0058607 0.107822 0.0459925 0.0007973 0.0151072 0.0241336 0.0161769 2.43414e-06 0.194948 0.035573 2.43111e-05 0.113651 0.00618134 
0.00246702 0.0883576 5.83184e-05 0.0557841 0.0552728 0.00340838 3.27373e-05 0.193244 2.26636e-11 0.00211366 2.06104e-05 6.56884e-09 0.242005 0.000415396 4.24584e-08 7.35549e-05 0.00179789 0.0367628 5.36543e-11 0.244333 0.000239456 9.94167e-08 0.0731872 0.000426397 
0.000599456 0.00786857 0.0026725 0.138998 0.00908011 0.014714 0.00050104 0.0209212 6.00015e-05 0.00249817 1.67991e-08 0.000235764 0.0480795 0.000703296 2.00016e-06 0.00457045 4.6749e-05 0.000785984 1.70219e-10 0.692186 0.00557826 0.000120617 0.0356542 0.014124 
0.00180411 0.0213462 0.00228368 0.0425516 0.0121156 0.0352858 0.00144807 0.192277 0.000367579 0.0172109 0.0129843 0.00257197 0.0417401 0.00440352 0.000100762 0.00409862 0.0183643 0.0192683 8.50469e-06 0.335691 0.00661647 1.26614e-05 0.213936 0.0135119 
2.48185e-05 0.00486641 1.03716e-07 0.0911198 0.0065821 0.200965 3.87285e-05 0.0961029 1.08188e-12 0.000997041 1.01988e-09 7.40315e-05 0.0313304 8.00431e-13 3.68226e-09 7.60224e-13 5.56065e-07 0.014367 2.56127e-12 0.462581 0.00410958 2.28619e-09 0.0856248 0.00121544 
0.0243703 0.0178248 0.0111639 0.0671182 0.0365365 0.0514023 0.00125294 0.28384 0.00198284 0.000243938 9.53175e-06 0.00160331 0.0375077 0.00133327 0.00518771 0.00321308 0.0116904 0.00519549 1.81597e-09 0.334983 0.0251228 4.25317e-06 0.0716911 0.00672259 
0.00308456 0.0645359 0.00206372 0.0773843 0.0495212 0.0365631 0.000764858 0.135626 0.00317546 0.0166938 0.00143833 0.000666732 0.0435829 0.0421991 3.76427e-05 0.00732942 0.0139276 0.076165 8.0667e-06 0.212502 0.00835072 0.00604138 0.172038 0.0262995 
0.00416688 0.02103 0.00482066 0.0550156 0.00254588 0.089684 8.98554e-08 0.0995745 9.69628e-05 3.92752e-08 2.27088e-05 1.51092e-06 0.131779 5.60271e-07 3.8403e-11 2.07385e-05 0.00086449 1.52877e-07 5.61219e-11 0.266524 0.115428 4.17107e-11 0.203219 0.00520585 
