0.00224268 0.0112671 0.00923902 0.0228114 0.0308167 0.0918496 0.00439852 0.0254307 0.00133404 0.0018886 2.4227e-05 0.000175136 0.0047401 0.00386212 0.000263524 0.014078 0.0207302 0.0150974 7.20057e-06 0.671426 0.034409 9.55436e-06 0.0243734 0.00952597 
0.00462301 0.0294363 0.0042038 0.040279 0.0054371 0.0284094 1.97281e-05 0.00122747 0.00062981 0.000142483 0.00674365 0.00014277 0.221453 0.000347792 0.000107276 0.24299 0.0279109 0.000175931 3.87088e-06 0.330956 0.00817016 1.20147e-05 0.0449303 0.00164898 
0.0507401 0.0268449 0.00283221 0.0139294 0.190611 0.0064203 0.000125594 0.0160552 8.55189e-05 0.000102706 2.37271e-06 8.24254e-05 0.142562 0.000412969 0.000258451 7.87597e-05 0.00295771 0.00189864 3.88819e-13 0.4854 0.000911038 2.17768e-10 0.0573168 0.000372065 
0.00715739 0.00276849 4.1087e-05 0.0742501 0.00847374 0.0124329 0.000168852 0.306459 7.66737e-05 0.000744257 2.54695e-06 2.82804e-05 0.0105255 0.0005232 3.41746e-05 1.88031e-08 0.0012799 0.170354 2.29879e-10 0.366888 0.000313526 1.85665e-05 0.0360059 0.00145476 
0.0325386 0.0595148 0.000284622 0.0143275 0.0678271 0.0421863 0.0667599 0.0214052 0.068823 0.00224072 0.172072 0.00049799 0.0195462 0.000699457 6.1274e-06 0.000101045 0.00179803 0.0160959 3.35243e-09 0.178246 0.00546171 0.000406195 0.117369 0.111793 
0.00553744 0.00674973 0.00607422 0.0211355 0.0813693 0.0238071 0.00060688 0.0112149 0.000477453 0.00777569 7.94534e-06 0.00112398 0.0312899 0.00208345 0.000367922 0.000492028 0.00058185 0.0166219 0.000135921 0.597533 0.0108521 1.08646e-05 0.149891 0.0242605 
0.00709784 0.00273154 0.000248171 0.120885 0.00403005 0.00652187 4.9609e-05 0.307067 4.57551e-05 3.15605e-05 6.64943e-06 3.7367e-09 0.0153801 0.00663952 1.56039e-06 1.38121e-08 0.0160924 0.0356068 1.72709e-11 0.440412 0.00456723 1.37556e-05 0.0319078 0.00066357 
0.0140511 0.00331675 0.000157841 0.00605485 0.00732274 0.00577583 0.000132725 0.398049 0.000383659 4.21241e-05 5.78757e-06 8.53083e-05 0.00872345 1.56429e-08 3.61278e-12 8.04198e-09 4.94918e-05 0.00804035 5.27969e-12 0.529929 6.39601e-09 3.26084e-06 0.0109801 0.00689661 
0.00509239 0.0206301 0.0031406 0.120528 0.0252701 0.0607772 0.00409257 0.0387368 0.00117807 0.0124223 0.00600655 0.000945167 0.101002 0.0151097 0.000153245 0.0117425 0.0108679 0.0348269 4.81235e-07 0.35714 0.0199278 1.4767e-05 0.143353 0.00704175 
2.10291e-05 0.00807749 0.00171828 0.26427 0.00499017 0.00634656 9.85329e-05 0.0502554 0.00251829 0.00196543 9.32288e-05 0.000545738 0.0410576 0.00735429 5.90661e-05 0.0227393 0.00786344 5.68939e-05 3.43536e-07 0.53655 6.78995e-05 7.92554e-07 0.0423733 0.000976793 
0.000820546 0.00412535 0.00320821 0.00979135 0.0181968 0.0146391 1.97785e-05 0.159715 4.80474e-06 4.31755e-05 3.34606e-09 0.00078497 0.171112 0.000524832 9.06421e-06 0.00599386 0.00020984 0.0464116 4.16733e-10 0.29625 0.000783385 3.85841e-08 0.267356 5.55139e-07 
0.0212352 0.0182161 0.0147603 0.00347202 0.118557 0.0374244 0.000397236 0.00606662 0.000264863 0.00106589 4.86401e-06 0.0030081 0.0550182 0.00951987 1.50942e-05 0.00732343 0.00266997 0.00440356 1.23222e-09 0.472226 0.0073566 9.15808e-10 0.211418 0.0055769 
0.0402709 0.0574657 0.0734427 0.00639916 0.00535818 0.211509 0.00929531 0.0686755 0.000359779 1.70566e-05 6.35025e-05 0.000216757 0.00681979 0.0010151 0.000193142 0.000548755 0.028038 0.00386271 7.1351e-07 0.365889 0.0525868 2.1767e-07 0.050763 0.0172088 
0.0031172 0.0223233 0.00746712 0.00153941 0.0920662 0.0833705 0.00115071 0.00480111 0.00031849 0.00132605 3.64422e-05 0.00165809 0.0116227 6.44808e-05 6.88111e-05 0.00525854 0.0268608 0.047152 2.23082e-12 0.640644 0.00741951 4.76811e-09 0.038211 0.00352309 
0.00105166 0.161333 0.00133622 0.0530591 0.0638864 0.0295301 0.0158231 0.118532 0.000919664 0.0097721 0.00970878 0.0195796 0.0621715 0.00230368 0.000185344 0.00107485 0.00511347 0.122971 1.87588e-07 0.203252 0.00695535 2.34477e-05 0.106154 0.005263 
0.00311595 0.00598873 0.0219186 0.161855 0.00602027 0.0185279 0.000161085 0.0436434 0.00081754 0.00314486 2.80957e-06 3.07812e-06 0.0471477 0.00876887 1.68234e-05 0.0161956 0.00754185 0.000356791 7.53294e-10 0.624167 0.00749514 1.94536e-06 0.0198004 0.00330863 
0.00631188 0.0222356 0.00509038 0.0848407 0.0187642 0.0485193 0.0063895 0.244879 0.00897219 0.000649395 7.87149e-05 0.000964697 0.052078 0.00529154 0.00516473 0.00438631 0.0361286 0.00387178 2.85196e-08 0.286441 0.0891777 2.23369e-05 0.0615614 0.00818158 
0.000360941 0.00118338 0.00214052 0.0227375 0.02854 0.0277032 1.97825e-05 0.00466188 2.46833e-12 2.45117e-05 4.65755e-07 5.12102e-09 0.171924 0.000592868 8.17292e-07 0.000217618 0.00176674 0.00584979 6.46734e-09 0.699677 0.00147814 2.10534e-09 0.0311076 1.31681e-05 
0.00591414 0.0167663 0.261749 0.0272196 0.00128823 0.0565699 0.000997633 0.161107 0.00595236 0.0010284 2.84808e-05 0.000167737 0.0285202 0.000629266 0.000128495 0.00595537 0.00688569 0.00171144 6.0492e-07 0.338261 0.0453074 6.83759e-05 0.0225194 0.0112239 
0.0023722 0.00423668 0.00127191 0.0426364 0.0156833 0.0473454 0.000202656 0.228624 9.12731e-05 0.0078576 0.000120831 6.1888e-05 0.0491316 0.00167227 2.80951e-06 0.000216461 0.0998589 0.0387934 1.93847e-12 0.33747 0.0232133 4.63421e-07 0.0990585 7.77936e-05 
0.00762676 0.0103071 0.00155099 0.039037 0.00944404 0.0653444 0.00402286 0.0895986 0.00108843 0.000433745 6.31019e-05 0.000274787 0.0388195 0.0017794 3.69851e-07 0.00614199 0.0148662 0.0191162 6.67251e-06 0.6361 0.00346001 3.9113e-06 0.0239486 0.0269655 
0.00123127 0.0241983 0.00539108 0.017169 0.00887949 0.341431 0.00174363 0.0851533 0.000139689 0.00133106 4.50856e-05 0.0253629 0.020347 0.00185006 1.81736e-05 0.00387798 0.0123135 0.00694245 2.07688e-07 0.382969 0.00704439 5.16546e-07 0.0441129 0.00844812 
0.0121799 0.188186 0.00214168 0.00701253 0.0844626 0.0802201 0.0458017 0.0164721 0.000649407 0.000332536 0.00514283 0.00404847 0.0189747 2.98116e-05 0.000768918 0.000118842 0.0404873 0.0256534 7.53866e-10 0.365023 0.00583438 5.60285e-10 0.0950448 0.00141526 
0.00433946 0.0356319 0.00906956 0.0367274 0.2301 0.0343929 0.000471399 0.030862 0.0014069 0.000916199 4.94365e-05 0.000183217 0.0444499 0.00214558 5.49945e-05 0.00781618 0.00360699 0.0159032 3.17459e-06 0.42976 0.00641405 7.26423e-06 0.0901258 0.0155626 
0.000659173 0.0370611 0.000166611 0.0359611 0.0382735 0.0288498 0.000175821 0.0444461 0.0100299 0.000199803 5.78564e-05 0.00124867 0.0235871 0.00106796 2.08393e-06 0.0813075 0.0019002 0.113972 1.88759e-09 0.470641 0.00536559 1.17854e-05 0.098476 0.00654003 
0.00110024 0.265006 0.00100474 0.0416507 0.00733438 0.0624399 0.00678846 0.0240353 0.00161882 0.0197941 0.000187325 0.0030962 0.0207572 0.000788378 0.00586846 0.00380456 0.0152315 0.0109336 0.00028799 0.484891 0.00147963 1.36158e-06 0.0204173 0.00148237 
0.00710347 0.0117364 0.00758617 0.0204512 0.106271 0.018388 9.36698e-05 0.0499256 0.0001003 0.000397097 7.3289e-06 0.0014105 0.0560995 0.00013831 9.62184e-07 0.00300498 0.00363907 0.00681131 1.02398e-07 0.608934 0.0566121 4.24223e-06 0.0402293 0.00105549 
0.0106405 0.0100822 0.00270744 0.0306776 0.0597081 0.0662515 0.00445966 0.0443272 0.00166943 0.00295829 0.000918765 0.0100042 0.0483968 1.19265e-07 1.19169e-07 0.00401949 0.102042 0.0815844 1.19087e-07 0.42418 0.0111796 1.19154e-07 0.0796354 0.00455703 
0.0131458 0.0251598 0.0245187 0.0788164 0.00131799 0.0187142 2.91935e-05 0.217393 0.000280475 0.000897745 1.0632e-05 0.000316824 0.0541085 0.00406296 1.59288e-06 0.0339669 0.00208066 0.0027146 3.46438e-10 0.265933 0.163706 1.19952e-07 0.0874294 0.0053953 
0.000235 0.0501149 5.08257e-05 0.0845816 0.0496717 0.0313726 0.00570965 0.0299694 2.91722e-05 3.16633e-05 5.77867e-05 0.000898884 0.104407 0.00156098 1.47509e-05 0.00233267 0.00115458 0.235128 1.04733e-08 0.357804 0.00502451 7.04459e-06 0.0396251 0.00021858 
0.00410769 0.0989998 0.0204496 0.0310203 0.121977 0.0311919 0.00770404 0.0554745 0.00462802 0.0046862 0.00876706 1.41095e-07 0.0559978 0.0237378 0.00196023 0.120879 0.00374172 0.0137512 1.42326e-05 0.254047 0.0110124 1.40996e-07 0.0948402 0.0310125 
0.0162937 0.0356433 0.00371116 0.0180219 0.111154 0.0809661 0.000830239 0.042146 0.000693015 0.00181871 0.00509304 0.00120922 0.035917 0.00961998 0.00316475 0.01163 0.0193228 0.0322881 5.19082e-09 0.404114 0.0277795 0.000266511 0.117462 0.0208564 
8.69699e-12 2.07787e-08 1.17363e-11 0.00711296 0.0710538 0.00016852 5.315e-09 0.000511964 2.99832e-08 5.479e-08 1.20699e-05 1.32599e-05 0.000333087 1.18565e-11 2.59609e-11 1.12609e-11 4.67041e-09 0.0108086 3.79391e-11 0.885297 4.26379e-08 2.81969e-11 0.018267 0.00642173 
0.00932237 0.0322453 0.0179433 0.0738906 0.027278 0.129632 3.71007e-06 0.00586554 0.00225418 0.0118793 4.70488e-05 0.000655827 0.00208849 0.000571405 0.000250475 0.00437143 0.0735098 0.0307253 2.2919e-08 0.489357 0.00418263 5.29409e-11 0.0794644 0.00446165 
6.18143e-05 0.0259836 0.000241354 0.0575616 0.0333573 0.00649957 0.00190389 0.0887234 0.000942017 0.00280579 0.0358827 0.0078681 0.0502302 0.00156736 4.9271e-05 0.00238366 0.0070019 0.0291549 5.32003e-12 0.618725 0.000818632 1.38243e-07 0.027868 0.000369705 
0.000576903 0.00912786 0.0601194 0.197018 0.0106088 0.0914993 0.000253136 0.0410208 0.0389436 0.000501014 5.52941e-05 0.00107279 0.00487572 0.12425 3.40092e-06 0.0112097 0.00515059 0.0310612 0.000350599 0.202989 0.148724 4.30406e-07 0.0201821 0.000405914 
0.00340511 0.217937 0.00294245 0.0126101 0.0426504 0.0667804 0.0174344 0.0399535 0.00113679 0.00715719 0.0461252 0.00124991 0.0357939 0.0334953 1.33739e-05 0.00793218 0.0202862 0.0370857 1.36605e-06 0.274585 0.0251061 7.97107e-07 0.0454516 0.0608654 
0.00857322 0.00536634 0.00606234 0.0347016 0.0109734 0.0332645 0.000131811 0.103656 0.000518207 0.00557375 9.16073e-06 0.000473247 0.0852323 0.00564114 2.36946e-05 0.00127151 0.000436031 0.002746 1.08577e-08 0.596647 0.0232454 1.06855e-05 0.0750265 0.000415603 
0.0282351 0.000840845 0.0352484 0.0192254 0.00372564 0.0525002 0.00942975 0.00110785 0.00460563 0.011896 8.4089e-05 0.0149466 0.057408 0.000732187 0.000167948 0.00204446 0.106415 0.00152613 9.00068e-07 0.558451 0.0161069 3.03488e-07 0.0682146 0.00708607 
2.83024e-09 6.26569e-07 9.37221e-05 0.159718 0.00483463 0.0403317 0.000233406 0.0432327 7.23556e-06 7.88536e-05 1.183e-05 3.38511e-07 0.0144694 0.0146993 1.80619e-11 0.0014168 0.00271843 0.230764 2.63955e-11 0.338535 0.000346954 1.55336e-09 0.148092 0.000414003 
0.00182735 0.0417559 0.00102058 0.0714835 0.22139 0.0206212 0.00616411 0.0420343 0.00111375 0.00573795 0.000480292 0.0109881 0.0481021 0.0058839 0.000514499 0.0115008 0.0201703 0.0617679 2.02726e-05 0.345471 0.00860889 2.12412e-05 0.0688365 0.00448517 
0.0181554 0.0205233 0.000641155 0.115594 0.0517587 0.00835552 0.00136093 0.0131562 0.000330208 0.0772216 3.37265e-05 1.25976e-07 0.128958 0.00882489 6.64458e-06 5.24098e-06 0.00189311 0.00991836 8.64408e-07 0.464652 0.00125899 3.01798e-08 0.0769501 0.000400857 
0.00566376 0.0267372 0.00506604 0.121198 0.125795 0.0301481 0.00466164 0.0744856 0.0118279 0.0217338 0.00437615 0.011784 0.132859 0.0149572 0.000295177 0.00422466 0.0165071 0.0827658 2.06407e-06 0.236416 0.0106718 1.30712e-05 0.0537671 0.00404481 
0.000417515 0.0287426 0.00132457 0.00778872 0.0328294 0.0305066 0.000414441 0.186363 0.00169174 0.00525821 0.000399298 0.000322015 0.0766666 0.00655628 7.67452e-05 0.00259346 0.00252293 0.00973904 0.0026859 0.23676 0.00635999 9.99947e-05 0.209556 0.150324 
2.78803e-05 0.00795472 3.55232e-07 0.201942 0.0101707 0.0513987 0.000118022 0.0436179 0.000179245 4.10895e-05 0.000129897 0.00331083 0.0564751 0.00318871 8.24772e-06 1.27776e-06 5.02835e-10 0.0449205 6.62246e-06 0.388879 0.0351933 7.65896e-07 0.132397 0.0200378 
0.00887263 0.0161366 0.00523636 0.01871 0.065145 0.0245393 0.000493613 0.0598327 0.00176942 0.0327778 2.20521e-05 0.000798719 0.186559 0.00167948 4.67443e-05 0.0492587 0.0443598 0.00936654 3.75938e-08 0.269882 0.0113863 2.13982e-05 0.181573 0.0115323 
0.000766881 0.0071231 0.00324547 0.0624955 0.018481 0.055584 0.000345814 0.0487355 0.000501173 0.00392604 0.000173225 0.000898348 0.121044 0.0464451 0.000518848 0.0509336 0.0227721 0.0137821 2.95682e-08 0.403984 0.0155638 5.85774e-07 0.121769 0.000910161 
0.000482754 0.126729 0.00113474 0.0637017 0.0236319 0.0112715 0.000585884 0.0434848 0.00119792 0.129194 2.37398e-05 0.00350241 0.139609 0.132159 6.06342e-05 0.0124834 0.001119 0.0893012 4.94309e-08 0.17239 0.0133305 3.68457e-06 0.0258008 0.00880293 
0.0129073 0.0103573 0.00232738 0.0620412 0.0253604 0.0428269 0.00168601 0.0627291 0.00117197 0.0950633 0.00140511 0.00161519 0.175592 0.0287377 4.87093e-05 0.00586694 0.0115326 0.117113 0.00330266 0.276782 0.0125229 0.000107401 0.0421327 0.00677045 
1.09229e-05 0.00381901 0.000100745 0.0283564 0.103794 0.000653106 6.07186e-06 0.00180928 1.83234e-06 0.00168568 1.22772e-06 2.01619e-05 0.0837936 0.000498078 7.73098e-06 0.00362475 8.06288e-05 0.000810309 3.11991e-06 0.731083 0.000744617 2.31877e-06 0.0198649 0.0192287 
1.51655e-06 3.6859e-07 1.54084e-07 0.00188913 0.000855053 1.70746e-06 1.80389e-07 0.152328 3.35666e-07 7.88405e-08 5.63007e-08 3.03387e-06 0.29948 5.94106e-12 1.30085e-11 5.64263e-12 9.57065e-08 3.06961e-07 1.90106e-11 0.326473 0.139837 1.4129e-11 0.0791289 6.46256e-07 
0.00018071 0.0913265 0.000511014 0.0363051 0.259233 0.00553738 0.000909288 0.0107159 2.5141e-08 0.00166128 0.00211699 2.77584e-05 0.15925 0.00805837 0.000897296 0.00725976 0.0215185 0.00585841 5.54494e-09 0.372561 9.08445e-05 2.84813e-06 0.0147476 0.00123056 
0.00958676 0.0400914 0.00260658 0.0943734 0.0441271 0.00853261 0.0162902 0.116471 0.00226599 0.000138468 0.00518552 0.00343553 0.0772644 0.0013855 0.000879748 0.00584099 0.0769963 0.0282633 1.00113e-08 0.33705 0.00392469 3.46625e-05 0.124261 0.000994802 
0.0123806 0.0184213 0.0114377 0.133525 0.0403968 0.0740905 0.00149608 0.0179009 0.00145471 0.010989 3.77165e-05 0.000368263 0.0695481 0.00130944 2.48376e-05 0.0657915 0.000988346 0.00439916 1.0849e-07 0.407748 0.031417 1.26579e-05 0.0235153 0.0727465 
0.000610318 0.0550732 0.00162225 0.118308 0.0274364 0.0974027 8.67765e-09 0.0263013 4.62029e-06 7.40228e-07 1.50293e-07 3.05708e-06 0.0133235 0.0746456 3.05111e-06 0.00567382 2.09609e-09 0.00602812 2.09431e-08 0.491554 0.0127284 1.55652e-08 0.0679575 0.00132268 
3.08153e-05 0.0959439 0.00529178 0.0724389 0.00202722 0.0575538 0.0032602 0.0180086 8.51068e-05 0.0558006 2.6894e-05 0.064265 0.102452 0.0150992 6.62679e-05 0.00268088 0.000474771 0.0387872 0.000719111 0.327743 0.000273641 1.61257e-05 0.0719599 0.0649959 
0.0420466 0.002289 0.00293183 0.0417905 0.0709199 0.0248843 0.00166966 0.0303356 0.000210204 0.0114028 1.25162e-06 2.02941e-07 0.0121936 3.32023e-09 7.13793e-05 1.58956e-07 0.00298013 0.265097 9.21557e-07 0.269718 0.00846503 2.95463e-06 0.210254 0.00273563 
0.00546595 0.0214605 0.00419672 0.0304745 0.0496426 0.0286356 0.00155149 0.0630775 0.00124147 0.00503451 0.00287685 0.00246547 0.176818 0.00395208 0.0014696 0.0429855 0.0096741 0.043439 9.5437e-05 0.446255 0.00972821 6.72427e-05 0.0405774 0.00881572 
0.0449804 0.118453 0.00430144 0.0634451 0.00402264 0.100857 0.000200736 0.042122 2.69436e-05 0.0203501 1.46988e-05 0.00024082 0.059594 0.111149 8.95589e-05 0.00213632 0.00282855 0.00265813 8.14565e-07 0.310121 0.0183396 9.57995e-05 0.0896779 0.00429531 
0.00171118 0.0105199 0.0062895 0.12338 0.0345241 0.0400553 0.00507086 0.153355 0.000691147 0.0768665 0.000831579 0.00112785 0.101384 0.00210218 0.00215602 0.000775292 0.0197329 0.1523 1.10361e-06 0.204458 0.0180015 5.217e-07 0.0421801 0.00248509 
0.0054873 0.0125663 0.000864744 0.0254711 0.00726496 0.0838135 0.00146464 0.0143502 0.00205131 0.0112299 1.35231e-05 0.000497571 0.011584 0.0059012 0.000220049 7.80947e-05 0.0197553 0.149385 1.06319e-09 0.620644 0.0117703 1.45854e-09 0.0141626 0.00142376 
0.00254828 0.00549886 0.00125314 0.0525292 0.0534327 0.060695 0.000298404 0.0658395 1.4726e-05 0.00233766 5.17671e-06 6.12561e-05 0.0991154 0.00242225 0.00014999 0.00255573 0.02811 0.150834 7.02857e-09 0.425112 0.0116226 1.72196e-05 0.0350486 0.00049872 
0.0014184 0.00454623 0.000789995 0.0422146 0.109315 0.019489 0.00293069 0.0590869 0.01694 0.0328175 4.36237e-06 0.00158573 0.0486971 0.00193618 8.20741e-05 0.0053373 0.00601871 0.0279241 5.41206e-07 0.315436 0.00245511 2.48942e-06 0.258683 0.042289 
0.0416706 0.0416804 0.0416633 0.0416826 0.0416824 0.0416854 0.0416539 0.0416821 0.0416531 0.0416687 0.0416769 0.0416536 0.0416828 0.0416632 0.0416295 0.0416644 0.0416821 0.0416788 0.0416009 0.0416868 0.0416792 0.0416242 0.0416829 0.0416721 
0.000178503 0.0171206 3.43241e-09 0.00928484 2.44454e-07 0.000933367 0.00148153 0.0141502 1.12467e-08 0.00074991 3.97824e-10 1.16192e-12 0.00849922 0.000166429 0.000422225 1.27594e-08 0.000415596 0.110302 2.77323e-12 0.762992 1.81836e-08 1.93764e-08 0.0730613 0.000242645 
0.00122245 0.0041186 0.00024334 0.0502689 0.0121226 0.00852697 0.000300692 0.316243 2.86028e-08 3.18977e-05 6.79817e-06 5.29349e-06 0.027785 0.00121291 8.69905e-06 0.00125724 0.00246431 0.0269789 1.90203e-10 0.510259 0.000798574 8.81416e-07 0.0358992 0.000244169 
0.00773308 0.0910274 0.0642348 0.00566538 0.0519681 0.0598554 0.00055903 0.0228778 0.00116116 0.000283374 2.58415e-06 0.00250791 0.139339 0.00616408 0.00253992 0.0190257 0.0655471 0.000164275 1.96088e-08 0.221505 0.0522349 1.67298e-08 0.143028 0.0425756 
0.00387405 0.0013942 0.00272827 0.0023693 0.0408419 0.0181374 0.000432852 0.00747135 4.30338e-05 0.000669575 2.34884e-06 0.00013142 0.0117262 1.29903e-05 1.4017e-05 0.00361451 0.00587094 0.0154083 1.21063e-12 0.864427 0.000578548 2.42356e-09 0.0197029 0.000548786 
0.00865781 0.0671027 0.00701348 0.0735249 0.0281693 0.236052 0.00225935 0.0262514 2.38293e-07 5.84975e-06 2.05288e-06 0.000902752 0.0236538 5.43675e-05 7.9696e-05 0.000473559 0.000676913 0.0523779 1.48842e-08 0.25874 0.0266128 5.02002e-06 0.175195 0.0121895 
0.00619287 0.0347064 0.00332147 0.0108877 0.34034 0.0232571 0.0019754 0.0349738 0.000222385 0.00162458 2.37633e-05 1.55537e-05 0.0270325 0.000217863 0.000436884 0.00734421 0.0214432 0.00821823 6.03326e-12 0.445557 0.00562223 5.40446e-07 0.0257077 0.000879307 
0.0140511 0.00331675 0.000157841 0.00605485 0.00732274 0.00577583 0.000132725 0.398049 0.000383659 4.21241e-05 5.78757e-06 8.53083e-05 0.00872345 1.56429e-08 3.61278e-12 8.04198e-09 4.94918e-05 0.00804035 5.27969e-12 0.529929 6.39601e-09 3.26084e-06 0.0109801 0.00689661 
0.00698221 0.041421 0.000437781 0.0149754 0.0991784 0.0161369 0.00844527 0.0589046 0.00105027 0.00940034 9.86178e-05 1.09393e-07 0.0727424 0.000820745 0.0115781 1.09421e-07 0.002901 0.0656974 1.09254e-07 0.495449 0.00539648 0.00102767 0.0827809 0.00457475 
0.0906855 0.0546855 0.00796687 0.0432806 0.042003 0.100502 1.81153e-05 0.0359419 0.0125104 0.000391285 1.21662e-05 6.53848e-07 0.0867041 0.0391643 4.86304e-06 0.000155361 0.0202433 0.134813 9.16481e-10 0.157572 0.0413783 0.00130275 0.0973946 0.0332691 
0.000771075 0.00986751 0.000455751 0.0650183 0.0499323 0.026395 0.00028724 0.0576039 0.00772094 0.0039883 6.64621e-05 8.76726e-05 0.127281 0.0736258 0.000145353 0.00193105 0.00400189 0.00136459 8.5837e-08 0.530272 0.00782524 3.70913e-05 0.0283627 0.00295874 
0.00629549 0.024587 0.01887 0.101482 0.0366575 0.126458 0.00305484 0.0457467 0.00560234 0.0520258 1.3899e-05 0.000676224 0.0155579 0.0628948 0.00097082 0.058191 0.00718525 0.0381999 9.72452e-09 0.202753 0.0173473 1.75984e-06 0.146205 0.0292242 
0.00386261 0.0852533 0.0123606 0.0231746 0.0994771 0.02591 0.000630891 0.0326416 0.00418639 0.0112162 0.000104446 0.00293674 0.144113 0.0331109 0.00303677 0.149758 0.0083165 0.0113438 1.37085e-05 0.199414 0.0224311 6.0679e-06 0.12284 0.00386179 
0.00866984 0.0698667 0.00360606 0.091359 0.0383888 0.0619923 0.00042819 0.00435843 0.0104026 0.00779967 0.000187015 3.71282e-05 0.0400485 0.0534634 0.000905014 0.0092538 0.0169514 0.0371073 0.00250813 0.26763 0.00783435 0.00151874 0.108408 0.157276 
1.84087e-06 0.0294724 3.64836e-07 0.0455415 0.0186291 0.00675018 2.01631e-07 0.0218126 0.000134155 0.00111322 1.88201e-10 4.95256e-10 0.0616791 1.85033e-07 2.26487e-07 3.50854e-10 6.8642e-07 0.00740788 1.18206e-09 0.788067 1.49458e-07 1.249e-07 0.0189404 0.000448719 
0.0224309 0.00169566 0.000152892 0.0022188 0.00755423 0.0104933 4.01817e-08 0.183587 0.000121148 7.20316e-06 4.72134e-09 2.82088e-08 0.00404835 1.68745e-12 3.69483e-12 1.60268e-12 5.94242e-06 0.000485296 5.3996e-12 0.740448 1.04001e-08 4.4629e-09 0.0193575 0.00739338 
0.00148792 0.0686502 0.000450306 0.164684 0.0635138 0.0304146 0.00045337 0.206351 1.66574e-05 0.00706963 0.00514542 0.000869944 0.0899681 0.00505732 0.000526192 0.000733297 0.000568643 0.0251431 3.8291e-11 0.26513 0.00515052 1.51543e-07 0.0582497 0.000366222 
0.00645773 0.0133848 0.00142985 0.0415426 0.00752077 0.00908879 5.58055e-05 0.305874 9.03419e-06 0.000966509 2.02214e-05 1.51905e-08 0.0112916 0.000332756 6.50864e-06 0.000119627 0.000502425 0.012196 5.0103e-10 0.413049 0.00190941 0.000220734 0.167861 0.00616157 
0.0478485 0.0206458 0.0682163 0.123939 0.0158181 0.0350658 0.00205397 0.0544076 0.000636108 1.5289e-07 3.33874e-12 8.786e-12 0.157247 6.55345e-12 1.06772e-08 0.000226052 2.14055e-05 2.65042e-07 2.09701e-11 0.339954 0.0126762 1.55853e-11 0.120353 0.000890676 
0.00301949 0.0124541 0.00138971 0.0849179 0.0700563 0.0429746 0.00091913 0.048814 0.00259461 0.00372235 0.000602387 0.000414537 0.0560432 0.00263412 0.0161115 0.0109811 0.0137099 0.246026 7.13057e-09 0.263322 0.0107402 5.2932e-06 0.105332 0.00321546 
0.00175154 0.0162145 0.00709056 0.125948 0.0423657 0.104588 0.000377445 0.029914 0.000670277 0.0153528 0.00109626 0.000112835 0.0492743 0.00877042 0.000104563 0.00417521 0.00603939 0.0430774 2.27143e-07 0.394244 0.0159395 1.05911e-05 0.123311 0.00957082 
0.0128939 0.00100371 0.00570594 0.00452263 0.0205499 0.082037 0.000116075 0.0315236 2.40728e-05 0.00039423 2.24091e-06 0.000263926 0.008338 6.65663e-06 8.74644e-07 0.00196102 0.0251568 0.00312599 7.92916e-13 0.744943 0.0358321 2.06772e-08 0.0209495 0.000648859 
0.000439271 0.0287017 0.00213162 0.0232046 0.00807305 0.0675281 0.00040627 0.0644186 0.000369594 0.00262523 0.0125083 0.00121079 0.276198 0.0321681 0.000878734 0.0237191 0.0301962 0.000270735 1.8169e-07 0.335896 0.0729301 1.2018e-05 0.0160952 1.91498e-05 
0.00661861 0.030535 0.00678932 0.00812122 0.019676 0.0409547 0.144539 0.0484059 0.00975986 0.00103186 0.000106499 0.000676364 0.0128562 0.00459729 7.76896e-05 0.0132847 0.123081 0.205837 0.0118395 0.288821 0.00500574 1.58902e-07 0.0128098 0.00457571 
0.104807 0.00977619 0.0115942 0.00364587 0.0482781 0.0607812 0.00355352 0.0732421 0.00227097 0.000384151 0.00108713 0.00246704 0.0879736 8.17062e-08 8.16401e-08 8.17087e-08 0.00661312 0.0114106 8.15841e-08 0.40179 8.17377e-08 8.16297e-08 0.14683 0.0234956 
0.011928 0.00401614 0.00799375 0.0052448 0.00429381 0.079299 4.36068e-05 0.0865006 4.28655e-05 4.75914e-06 0.000229534 2.48435e-05 0.00508605 0.000573153 4.27752e-07 2.03345e-05 0.000125792 0.0089534 6.25115e-07 0.696756 0.00163592 9.75966e-06 0.0844503 0.00276671 
7.22586e-05 1.05478e-05 5.37475e-07 0.00716448 0.101178 0.0105037 9.64067e-09 1.28706e-07 1.09417e-06 5.56728e-05 6.32971e-06 1.31995e-06 0.234251 0.0126517 2.36759e-08 1.34371e-07 6.53304e-07 0.0385425 5.96445e-12 0.573649 8.78257e-05 1.33429e-09 0.0218233 9.35623e-08 
0.00344486 0.00581364 0.00813842 0.0189875 0.086317 0.0744448 0.000280284 0.128802 0.00148048 0.00345103 2.14787e-05 0.0124972 0.0722622 0.0108537 4.97574e-05 0.00403271 0.00910954 0.0141948 4.61713e-12 0.343648 0.0971998 1.15506e-06 0.0929414 0.0120281 
0.000798876 0.00797969 0.000275197 0.0238772 0.0171976 0.0168231 0.0002162 0.139154 0.000219451 0.0525267 1.80136e-05 0.000153226 0.290141 0.00267739 0.00177817 0.00125478 0.0172489 0.0247406 4.81748e-09 0.345955 0.00555467 5.3074e-07 0.0427981 0.00861195 
0.000878204 0.237963 0.00187945 0.0153083 0.249959 0.0115033 0.0083329 0.0141023 0.00716776 0.00486209 0.0109354 0.00769898 0.0487136 0.00669851 0.000177403 0.0344063 0.00536832 0.0344134 0.00116175 0.25174 0.00459869 1.20833e-05 0.0276545 0.0144646 
0.00854859 0.0987715 0.00215151 0.141814 0.0364219 0.0566057 0.00769732 0.0730591 0.000422435 0.00143953 5.58972e-05 8.38722e-06 0.0291073 0.00381114 0.000240331 0.000830479 0.0162898 0.154988 6.24837e-09 0.183355 0.0264424 0.000135889 0.0988204 0.058983 
6.18143e-05 0.0259836 0.000241354 0.0575616 0.0333573 0.00649957 0.00190389 0.0887234 0.000942017 0.00280579 0.0358827 0.0078681 0.0502302 0.00156736 4.9271e-05 0.00238366 0.0070019 0.0291549 5.32003e-12 0.618725 0.000818632 1.38243e-07 0.027868 0.000369705 
0.00723251 0.0173336 0.000754138 0.0599175 0.0113453 0.0422986 0.000235555 0.0988362 0.00502794 0.00112596 0.000148464 0.00487595 0.0745372 0.0140962 0.000276987 0.00028747 0.00852068 0.00465319 1.05737e-07 0.553664 0.00408264 4.69167e-06 0.0896986 0.00104635 
0.00703359 0.00594579 2.48154e-08 0.00545411 0.026821 0.0894168 9.72073e-06 0.000611546 3.38845e-08 0.000599332 1.30185e-05 0.000382636 0.282386 2.50694e-08 5.4892e-08 0.00150098 0.000151375 1.09583e-08 8.02188e-08 0.52703 0.052576 5.10114e-06 1.17953e-05 5.04083e-05 
0.00328859 0.000592556 0.00149361 0.0116716 0.0325636 0.0280574 5.25089e-05 0.0886648 2.58789e-05 0.000597167 5.21489e-06 9.87308e-05 0.00391194 0.000107075 1.46484e-06 0.00155105 0.0168749 0.0069905 2.18169e-09 0.788826 0.00378 1.08506e-06 0.0104198 0.000424167 
0.00427053 0.0309823 0.00365426 0.0325609 0.157028 0.0997973 7.48819e-07 0.075446 0.000186218 0.0174034 6.50674e-05 0.0149742 0.14198 0.000762476 0.000631708 0.0137495 0.00936491 0.00899494 3.54023e-08 0.160099 0.0468175 8.06186e-06 0.122767 0.0584547 
0.00685413 0.0726893 0.00371831 0.0455492 0.0876298 0.0420763 0.00821712 0.0461124 0.00152595 0.00491416 0.00603979 0.0207902 0.0689936 0.00115643 0.000767941 0.0047389 0.0229279 0.0390996 3.41233e-06 0.435711 0.0154658 9.92539e-06 0.0595969 0.00541223 
0.00116618 0.00105936 0.00343536 0.030301 0.00276383 0.0574634 4.36179e-08 1.59504e-06 4.3665e-11 0.0125622 4.37687e-09 5.558e-08 0.191202 0.00381495 1.58127e-08 0.0683579 0.0291632 4.85774e-07 1.03373e-10 0.28686 0.0952114 9.847e-09 0.215781 0.000856464 
0.0129395 0.0203708 0.00173168 0.037218 0.114473 0.0428072 0.000726222 0.290822 0.00132641 0.00525245 7.66547e-05 0.0131708 0.0341636 0.00211866 0.000842759 0.00521708 0.00745839 0.0309232 1.37117e-10 0.304708 0.00897004 0.000118663 0.0535484 0.0110164 
0.00531298 0.0146794 0.013061 0.0706651 0.0816134 0.057843 0.000262745 0.0161848 0.000283789 0.00185412 7.44544e-06 0.000208281 0.075251 0.0212339 2.52875e-07 0.00611979 0.00234605 0.0371028 4.52246e-10 0.509164 0.0213005 2.809e-06 0.0420986 0.0234041 
0.0155328 0.0157348 0.000349768 0.0146528 0.0616661 0.0365689 0.0137932 0.149271 0.00983183 0.000858732 0.0368656 0.00523598 0.0188673 0.00152665 0.000584561 0.0061139 0.0415227 0.0241741 1.253e-08 0.511262 0.0162843 1.09981e-06 0.0189777 0.000324829 
0.000575186 8.23499e-05 0.000932122 0.0289033 0.0027315 0.0241408 7.40915e-06 0.140192 1.79276e-08 0.000102588 1.9769e-07 1.59752e-05 0.0101115 0.00105553 8.71226e-07 8.47926e-09 0.000389945 0.00133383 1.62505e-12 0.762304 0.0138929 4.79489e-07 0.0132061 2.14033e-05 
0.000246647 0.0168011 0.000832753 0.0383838 0.0583655 0.0152323 0.000591185 0.0603838 7.08947e-05 0.0011632 4.10608e-05 0.00245136 0.0547716 0.0119398 0.000149258 0.000532762 0.00657962 0.28923 7.10257e-09 0.325049 0.00239378 5.59552e-06 0.114584 0.000200745 
0.00681761 0.00556993 0.0363474 0.00907331 0.106164 0.0336768 0.000459698 0.0251222 1.2999e-07 0.00823166 6.57787e-06 1.45668e-07 0.0276415 7.44135e-05 0.000887239 5.30945e-05 0.000537703 0.324709 3.17737e-10 0.388965 0.00470482 2.05214e-05 0.0201412 0.000794966 
0.000633139 0.0366444 0.00096075 0.0607153 0.227246 0.00771996 0.000591323 0.114216 0.000197873 0.0162988 6.11588e-05 0.00194045 0.110819 0.00184273 2.76121e-06 0.0050548 0.010085 0.0281582 2.58457e-05 0.292647 0.0157734 2.67394e-06 0.0573013 0.0110618 
0.0015425 0.031444 0.000442933 0.0132379 0.189244 0.129247 0.0011047 0.0144456 1.72673e-10 0.00111586 8.24418e-07 9.90947e-05 0.0421014 0.000202664 3.42954e-05 1.05818e-05 0.00513321 0.076575 4.08789e-10 0.304536 0.0123494 1.63395e-06 0.161914 0.0152164 
0.00589093 0.042097 0.00365309 0.0490839 0.171653 0.0231491 0.0014076 0.0427405 0.00527075 0.019359 0.000691852 0.00168535 0.0568579 0.00314136 0.0013673 0.00659349 0.0105942 0.0656072 0.000104022 0.407643 0.0129856 7.55338e-06 0.0631514 0.00526468 
0.000237449 0.0156894 0.0123332 0.0796317 0.0138776 0.0490115 0.00271757 0.0602416 3.52634e-05 0.000506319 4.59749e-05 3.95328e-05 0.158999 0.0125768 2.19144e-05 0.00257583 0.00139989 0.0220093 9.49115e-08 0.497214 0.00440971 1.95489e-06 0.0661692 0.000254714 
0.00201936 0.0635874 0.000278219 0.0911967 0.0883026 0.0226942 0.00382025 0.102927 0.000197942 0.00500918 0.0110703 0.111583 0.1136 0.000337625 0.000313313 0.000188844 0.00272735 0.0795047 1.73572e-07 0.247784 0.00163398 7.67324e-06 0.0481282 0.00308732 
0.00494595 0.031824 0.00174371 0.115548 0.118455 0.0272812 0.00549849 0.040752 0.000360349 0.00745182 0.0115821 0.00375421 0.198996 0.00620687 0.000574498 0.00246112 0.00851285 0.100895 0.000149149 0.265135 0.00957237 2.41322e-05 0.0373366 0.000940214 
0.0005228 0.0225653 0.00137562 0.183637 0.032065 0.0103479 0.000175413 0.0374246 0.000542031 0.00147655 1.34449e-05 0.0297126 0.133055 0.00223638 2.23757e-06 0.000580188 0.00106885 0.019427 1.58707e-08 0.348573 0.00149628 5.18342e-09 0.170301 0.00340087 
0.000583786 0.0377243 0.00333445 0.0356937 0.108178 0.0127972 0.000454834 0.028794 0.000603691 0.00402399 0.00446382 0.000805568 0.128735 0.0104769 0.000876464 0.00278919 0.00809408 0.194928 1.29324e-05 0.361682 0.00884881 3.13566e-05 0.044675 0.00139348 
0.0440427 0.0081296 0.00751143 0.0975517 0.056279 0.0871146 0.00428588 0.0480939 0.000140702 0.0202592 0.000165407 0.000288331 0.0452554 0.000132604 1.35659e-05 0.00646161 0.0220409 0.173024 1.00903e-07 0.277503 0.0633285 1.07469e-06 0.0376207 0.000756245 
0.00266553 0.0691608 0.00528754 0.0301397 0.104621 0.0700343 0.00394775 0.03749 0.000416324 0.00594781 0.00641662 0.0110926 0.0737061 0.0129161 0.00101799 0.00340643 0.00843284 0.136355 0.000521514 0.32245 0.0169569 1.94976e-05 0.0733891 0.00360874 
0.000655847 0.0531052 0.000169469 0.0093618 0.113785 0.0313722 0.0108329 0.0558201 0.0363203 0.00257159 0.0619827 0.00141361 0.0222353 0.00243496 6.69355e-06 0.00515222 0.00691383 0.149979 1.95922e-09 0.380299 0.00854176 1.00788e-06 0.025483 0.0215626 
0.00623781 0.0270467 0.00698455 0.125168 0.0396927 0.022272 0.00227538 0.170775 0.00552819 0.0241442 0.000836924 0.00867749 0.0512394 0.010241 0.000866774 0.0111778 0.0194964 0.139027 1.36287e-07 0.231479 0.00897797 1.24016e-05 0.0844343 0.00341013 
0.00108385 0.0209051 0.000398172 0.0507489 0.0170405 0.0265659 0.00499418 0.027153 0.0017853 0.0120539 0.0119028 0.00398408 0.0245359 0.00325818 0.000165257 0.000944065 0.0275533 0.100056 5.10764e-07 0.637605 0.00264289 7.40329e-08 0.0214624 0.00316029 
0.001477 0.0553994 0.00131862 0.0316856 0.211561 0.0125404 0.00641806 0.0569718 0.000164672 0.035679 0.00143194 0.00305086 0.151548 0.0010328 0.000796507 0.0071048 0.0390526 0.0297915 6.3405e-08 0.254601 0.00394343 1.84564e-06 0.090376 0.00405318 
4.66832e-05 0.000116082 0.000222925 0.0302826 0.00416428 0.00442692 4.74299e-06 0.1997 0.000109176 1.99424e-05 5.05967e-10 7.40542e-06 0.0137028 0.00165878 1.58981e-09 7.06051e-05 5.01815e-06 0.000588926 3.12785e-12 0.736474 0.00390593 2.54815e-09 0.00449312 2.63235e-09 
0.00803128 0.0201145 0.00286147 0.0834423 0.0229041 0.0473031 0.00128387 0.247934 5.24887e-05 0.00294704 5.16235e-05 0.00219653 0.0210176 0.0406471 0.0257588 0.00765596 0.00578341 0.0509237 3.22642e-06 0.250421 0.0291749 8.00096e-06 0.128901 0.000582063 
0.0414231 0.00960109 0.0249891 0.0863017 0.0093125 0.0643972 0.000225795 0.0375438 3.78993e-05 1.09969e-09 8.83198e-08 9.33268e-05 0.00307076 0.00704563 0.0206567 0.00832652 0.029904 0.00323866 5.16945e-06 0.354204 0.177396 0.000970546 0.0374347 0.0838216 
0.00391448 0.0453272 0.00807222 0.094417 0.0549065 0.0557387 0.0128256 0.134874 0.0047034 0.0221366 0.00106646 0.00525198 0.0834135 0.018201 0.000485358 0.0222531 0.0378391 0.0481009 3.24325e-07 0.170704 0.0239571 0.000107981 0.130074 0.0216289 
0.00415568 0.0164583 0.0574602 0.043796 0.0101524 0.0477226 0.00265594 0.118384 0.00810159 0.024199 2.40581e-05 0.000444101 0.0154148 0.0155149 4.03857e-05 0.0252844 0.0236524 0.00237946 6.24323e-09 0.523369 0.0237635 8.61382e-07 0.0352481 0.00177871 
0.00615627 0.00559547 0.000981823 0.0685617 0.0133305 0.0358805 4.98254e-05 0.199237 6.77737e-06 0.000743336 1.37888e-05 1.04941e-08 0.0174004 0.0244284 2.78315e-05 9.84377e-05 0.00218478 0.035684 2.85998e-08 0.482589 0.00812749 0.000157453 0.0949408 0.0038035 
0.000987878 0.0239208 0.123439 0.0473395 0.0340171 0.0748656 0.00309529 0.0459687 0.00287249 0.00271187 4.8296e-05 0.0017635 0.104216 0.0289741 0.000395403 0.0270539 0.00986569 0.0341991 0.00146066 0.239037 0.0373312 1.99725e-06 0.142637 0.0137981 
1.7912e-05 0.111314 3.6116e-09 0.0313223 0.351659 0.0202655 0.000735188 0.00560028 1.59196e-08 0.00119083 0.021988 3.37249e-09 0.0378828 0.00500863 0.0383923 2.87016e-05 0.000290432 0.0103909 4.48331e-12 0.355049 1.58829e-05 6.92648e-09 0.00800007 0.000848438 
0.00387405 0.0013942 0.00272827 0.0023693 0.0408419 0.0181374 0.000432852 0.00747135 4.30338e-05 0.000669575 2.34884e-06 0.00013142 0.0117262 1.29903e-05 1.4017e-05 0.00361451 0.00587094 0.0154083 1.21063e-12 0.864427 0.000578548 2.42356e-09 0.0197029 0.000548786 
0.00305373 0.0339892 0.00104422 0.100918 0.0902271 0.0320087 0.00362397 0.0503771 0.000206239 0.00174931 0.00361521 0.00852053 0.0472259 0.00108378 0.0025196 0.00291856 0.00294941 0.0437703 1.81296e-07 0.392485 0.00190257 1.36357e-06 0.17457 0.00123939 
6.99436e-05 0.0341002 0.00658001 0.0516679 0.0197973 0.01414 0.00176866 0.0250921 0.000342905 0.00466533 3.15926e-05 3.1117e-05 0.190645 0.00244816 3.43808e-05 0.000209694 0.000198196 0.0228349 1.61633e-05 0.514252 0.00924073 3.81679e-10 0.0891249 0.0127097 
0.104807 0.00977619 0.0115942 0.00364587 0.0482781 0.0607812 0.00355352 0.0732421 0.00227097 0.000384151 0.00108713 0.00246704 0.0879736 8.17062e-08 8.16401e-08 8.17087e-08 0.00661312 0.0114106 8.15841e-08 0.40179 8.17377e-08 8.16297e-08 0.14683 0.0234956 
0.0416706 0.0416804 0.0416633 0.0416826 0.0416824 0.0416854 0.0416539 0.0416821 0.0416531 0.0416687 0.0416769 0.0416536 0.0416828 0.0416632 0.0416295 0.0416644 0.0416821 0.0416788 0.0416009 0.0416868 0.0416792 0.0416242 0.0416829 0.0416721 
0.00148662 0.00681506 0.00829945 0.329936 0.00524429 0.00798591 0.00411926 0.154213 0.000248921 0.00089143 0.000387686 0.0367905 0.0238962 0.00134261 2.07542e-06 0.00205059 0.000652046 0.00267861 2.53616e-07 0.374154 0.00215011 1.40028e-08 0.0356285 0.00102717 
0.00196418 0.0217004 0.00412928 0.134988 0.00886701 0.087859 0.0036123 0.0447 6.28059e-05 0.0241989 4.95105e-05 0.000205896 0.00659147 0.00074191 0.00020603 0.023166 0.0238514 0.07524 1.41932e-05 0.495364 0.00169577 6.8029e-08 0.0346833 0.00610877 
0.00543672 0.0155263 0.00269648 0.083002 0.0172618 0.154953 0.00138183 0.0578516 0.000510741 0.000382548 1.36897e-06 9.77112e-06 0.0393508 0.0093108 0.00118162 0.0293693 0.0270249 0.0148267 8.61981e-10 0.307131 0.0516259 7.98801e-08 0.180053 0.00111221 
0.0085813 0.0236272 0.00173604 0.0609751 0.0266258 0.0477101 0.00132446 0.201935 0.000242682 0.00262259 0.00197967 0.0371296 0.0826056 0.00122973 0.000159115 0.00285677 0.0103537 0.0213704 0.00133148 0.276693 0.0166064 4.8072e-05 0.160887 0.0113691 
0.00181969 0.0292541 0.00201218 0.0155758 0.0912445 0.059697 0.00528223 0.0846031 0.0152926 0.00659582 0.00292693 0.0111278 0.0367992 0.00466265 0.000547846 0.00263861 0.0374493 0.20737 6.8246e-06 0.231623 0.0247063 6.4003e-05 0.0919283 0.0367723 
0.00302927 0.033407 0.0162098 0.00661842 0.000499558 0.142117 5.84069e-05 0.019217 0.0133543 2.58121e-08 1.24542e-07 4.95114e-08 0.0105304 0.0250734 0.00272543 0.000882758 0.112163 1.54636e-07 2.09713e-10 0.383569 0.000208954 8.92853e-05 0.0873495 0.142897 
0.012767 0.0517051 0.00275857 0.103639 0.0592644 0.0371137 0.00464177 0.11098 0.000134501 0.0030737 0.0091898 0.00779289 0.121618 0.00222847 0.00447344 0.0014528 0.0247774 0.0264425 1.85683e-09 0.263431 0.110413 2.43321e-06 0.0412244 0.000875406 
0.0321292 0.0150002 0.00359341 0.130487 0.0105098 0.043444 5.15612e-05 0.178603 0.000642313 0.00302175 3.27883e-05 0.000249738 0.0723419 0.00323403 2.86885e-05 0.00298814 0.0185438 0.0390945 5.13828e-09 0.187829 0.0810423 2.76574e-06 0.176688 0.000442175 
0.00184298 0.0401876 0.00175262 0.0752838 0.0512301 0.206801 0.00333667 0.0263654 0.0156794 0.00715595 0.0205816 0.00255166 0.0349645 0.00423028 6.80357e-06 0.0114578 0.0488118 0.0888803 5.24684e-09 0.254918 0.0310884 0.00339074 0.0409759 0.0285075 
0.0029834 0.0193372 0.00418059 0.0675396 0.0244505 0.0300323 0.000548793 0.071795 4.17173e-05 0.00035608 1.10473e-05 0.00126832 0.0779584 0.00122435 0.000389882 0.00715946 0.0297798 0.0145322 3.91101e-09 0.595158 0.00868354 5.01074e-06 0.0410198 0.00154537 
0.0329037 0.00729704 0.00804879 0.00597844 0.00176675 0.0447069 3.81163e-05 0.0429703 7.94007e-05 6.47491e-09 2.36249e-05 6.8477e-08 0.00380775 0.000498982 1.44723e-05 5.9522e-06 0.000575004 0.00205917 5.71908e-10 0.595389 0.00577368 2.20056e-05 0.240794 0.00724718 
0.0899829 0.01399 0.00341159 0.0337224 0.00366554 0.17868 0.00125857 0.152265 0.000538693 0.000673611 0.000526749 2.44852e-08 0.0110996 0.00014452 0.00013951 2.44915e-08 0.170345 0.00311153 2.44542e-08 0.212903 0.0485988 8.8109e-05 0.0657744 0.00908072 
0.000416936 0.0231327 0.00481266 0.0117385 0.00412572 0.0222594 0.00302248 0.22377 0.0157013 0.00451663 0.000116652 3.77217e-05 0.0312793 0.00116051 0.000504333 0.0199146 0.0208037 0.00237581 2.86827e-07 0.539409 0.00523642 0.000296491 0.0173861 0.0479825 
0.00242166 0.0103391 0.00192426 0.110158 0.0183532 0.029222 8.90547e-05 0.0309619 0.0111611 0.00226807 6.38426e-05 0.00485343 0.0331054 0.0028569 1.05933e-05 0.00138969 0.00934551 0.0277582 1.50927e-11 0.526588 0.0052501 1.35899e-05 0.155021 0.0168448 
0.000103165 0.00771176 0.000310416 0.0200719 0.0209639 0.0120595 0.00114335 0.0424491 0.000260322 0.00150686 0.0140759 0.00223684 0.0199268 0.00060488 1.4171e-05 0.000697272 0.0094289 0.101157 1.17769e-11 0.715846 0.00121266 1.35667e-06 0.0274313 0.000786526 
0.0064072 0.00220822 0.0279935 0.0191147 0.00219023 0.0285454 1.64523e-06 0.130742 0.000772603 0.00230984 1.03618e-06 0.0158692 0.0857349 0.00611144 8.06448e-06 0.157999 2.19537e-07 0.00258481 4.94546e-09 0.268639 0.0942713 3.67554e-09 0.148486 1.02507e-05 
0.000579508 0.004527 3.71733e-05 0.00846728 0.0199388 0.00841774 0.00169689 0.0797729 1.09732e-08 1.21507e-08 5.58351e-05 2.01347e-09 0.0692089 0.000232055 1.30391e-08 7.44884e-09 0.00330002 0.00991101 4.20504e-12 0.644568 0.000867145 2.01164e-06 0.146659 0.00175882 
0.0314808 0.0178481 0.00221809 0.0330425 0.0412134 0.078799 0.00150267 0.0365956 0.000478534 0.0188622 0.000234886 0.00359025 0.0668103 0.0102378 0.000324757 0.00287167 0.1441 0.112382 6.58626e-07 0.222525 0.0669091 1.49139e-05 0.0876244 0.0203335 
0.00678237 0.0342053 0.0299089 0.0718204 0.0424101 0.0438444 0.0018429 0.0937889 0.00474935 0.0119935 0.0029565 0.00334533 0.0858435 0.0159554 0.00121972 0.0635825 0.0104959 0.0264361 0.000141477 0.302985 0.0401597 4.08084e-05 0.0961507 0.00934082 
0.00137003 0.0379943 0.00126207 0.112253 0.0166928 0.0134675 0.00118547 0.0023417 0.000831933 0.0041875 5.68366e-05 4.77633e-08 0.0263384 0.0124053 1.50673e-05 0.0168115 0.000539689 1.16622e-07 1.93176e-06 0.606013 0.00378006 4.17517e-10 0.140206 0.00224554 
0.00731131 0.0449909 0.0176862 0.19641 0.0233226 0.0517662 0.00119518 0.0921424 0.00128986 0.00617427 0.00135667 0.00416093 0.0492118 0.0122001 0.00138578 0.0146912 0.012844 0.0831062 0.000213953 0.201754 0.0267844 0.00155262 0.136695 0.0117549 
