0.00307582 0.0124055 0.2581 0.0177042 0.0864709 0.169339 0.000380086 0.0525367 0.000197531 0.00184365 0.000265488 0.00740435 0.0428364 0.00118127 0.000917551 6.4114e-07 0.000510065 0.035814 3.13844e-10 0.105752 0.109879 4.70098e-06 0.0918466 0.00153425 
0.0174663 0.0311231 0.348104 0.0246737 0.00801156 0.0355097 0.00179096 0.125058 0.00296592 0.000454938 6.18037e-05 0.000593796 0.0194062 0.00163572 3.72616e-05 0.00966884 0.00950878 0.0751124 1.49529e-06 0.186382 0.0582076 7.0887e-05 0.038886 0.00526896 
0.0483574 0.0237243 0.478603 0.00739042 0.00251503 0.0509478 1.48196e-06 0.00490583 0.000310201 0.00392859 1.15731e-07 4.25555e-05 0.005071 0.00618295 5.88774e-09 0.0526835 0.000836391 0.0050106 8.60432e-09 0.18248 0.124514 1.49225e-07 0.00230223 0.000193237 
0.0265398 0.0183982 0.273158 0.00710502 0.0929194 0.0344801 0.000128913 0.046788 0.000348933 0.00539532 0.000564921 0.00391098 0.146428 0.0734961 0.000116668 0.1042 0.000841403 0.00522966 5.70375e-09 0.126594 0.00525544 0.000114818 0.0221434 0.00584306 
0.00335784 0.00132299 0.928883 0.00400587 7.03386e-09 0.00669338 7.60358e-07 0.000825648 2.03831e-05 5.82941e-05 1.15105e-08 5.10231e-06 7.93816e-06 0.00115544 4.94702e-08 0.00416156 0.000411741 7.33599e-06 7.22955e-08 0.00575763 0.0427909 5.37452e-07 0.000522498 1.09469e-05 
0.00114347 0.07096 0.400893 1.37786e-07 0.000644311 0.0261584 4.73907e-05 0.00188384 0.000445391 0.00421905 3.53202e-05 0.000988145 0.00267778 0.0137889 1.63692e-06 0.0208679 0.000136782 0.0154485 1.44184e-06 0.0037886 0.00121649 1.49625e-05 0.0775384 0.3571 
0.00133901 0.0413997 0.385802 0.0334059 0.0185458 0.050083 0.00155847 0.0628955 0.000111865 4.84305e-07 2.2466e-05 0.000611818 0.000982193 0.00786919 0.000666469 0.00112687 0.000918041 0.00452653 1.57523e-11 0.0532096 0.274316 1.93238e-08 0.0571457 0.00346385 
0.000582269 0.00347343 0.898516 2.69405e-07 2.74283e-07 0.000126747 1.16809e-06 2.83473e-07 0.0577553 7.04265e-07 4.48846e-07 0.00614315 2.64267e-07 0.0186784 1.92907e-06 0.00569084 2.82153e-07 0.00184891 2.81914e-06 0.00133868 3.74935e-07 2.09523e-06 0.00130562 0.0045301 
0.00333461 0.00130957 0.929172 0.00398533 3.93677e-09 0.00667673 4.46647e-07 0.000817858 1.19957e-05 3.43087e-05 6.44228e-09 3.00926e-06 4.68301e-06 0.00112808 2.7688e-08 0.00411677 0.000406943 4.32766e-06 4.0463e-08 0.00574104 0.0427346 3.1545e-07 0.00051067 6.44238e-06 
0.00585321 0.0348146 0.587213 0.0186761 0.0150372 0.120268 0.00116101 0.00397139 1.37476e-09 0.00128207 9.43593e-05 2.06745e-07 0.00301147 0.00520671 0.00115733 0.0203053 0.00116713 8.31251e-07 1.17921e-06 0.00654517 0.0421043 2.41889e-09 0.102613 0.029516 
2.92123e-07 0.139719 0.37342 8.19617e-06 0.0128836 0.0451844 0.000264511 0.119119 5.8524e-07 0.091632 4.84294e-05 4.76886e-07 3.29377e-05 0.00648281 4.31773e-07 3.83878e-06 0.0143511 5.05557e-06 7.21036e-07 0.165878 0.000492332 2.34736e-07 0.0262975 0.00417545 
0.000892704 0.0275999 0.557521 0.0222707 0.0123721 0.0395356 0.00103903 0.0457169 7.45854e-05 4.03803e-07 1.98773e-05 0.000407905 0.000654817 0.00551193 0.000444481 0.00197755 0.000761732 0.00301773 1.50197e-11 0.0377995 0.201975 1.61132e-08 0.0380973 0.00230928 
0.00164527 0.0514175 0.608102 0.0239574 0.00736531 0.0249045 0.000334468 0.0391956 0.000805243 2.34306e-07 1.56919e-05 0.00963777 0.0246493 0.00844488 0.000477765 0.00565556 0.00719058 0.0118725 3.43545e-09 0.0435451 0.119927 5.37982e-05 0.0101093 0.000693341 
0.000877596 0.225965 0.378478 0.00511494 0.356186 0.000836619 0.000190956 0.00195421 0.000187883 0.000611812 1.7196e-05 8.55534e-05 0.00726452 0.0120212 0.00148596 8.62861e-05 2.04062e-05 0.0023759 4.68801e-09 0.00271884 0.000102708 3.4842e-09 0.00332074 9.66683e-05 
0.00123532 0.000168649 0.991813 4.48457e-09 0.00518248 0.000769381 2.6524e-09 1.48695e-05 2.66697e-05 2.81169e-06 3.95531e-10 3.82115e-05 3.86372e-09 9.45114e-06 2.48461e-05 4.13272e-13 8.30612e-07 0.000574841 1.39235e-12 7.03294e-14 0.00012038 9.98751e-09 2.88585e-09 1.85294e-05 
0.00129217 0.0931485 0.567675 0.00936941 0.12956 0.00266002 1.16978e-05 2.52278e-06 0.000162161 0.00025464 0.106984 0.0437131 0.00165443 0.000329455 0.00320657 2.3572e-08 0.000124985 0.0348458 2.46557e-11 2.03552e-06 0.000264267 1.83245e-11 0.00458007 0.000159753 
6.78847e-06 3.54203e-06 0.994967 2.82996e-06 2.88119e-06 1.8993e-06 0.00282904 0.000597389 1.25088e-05 7.39792e-06 4.71488e-06 1.24074e-05 2.77598e-06 9.25462e-06 2.02639e-05 8.78974e-06 2.96386e-06 4.04535e-06 2.96135e-05 1.49581e-06 3.93849e-06 2.20092e-05 2.74243e-06 0.00144344 
0.0427616 0.0528265 0.166191 0.00278216 0.0976716 0.146792 0.00134938 0.00148905 0.0158777 0.000291562 0.000156295 0.00200251 0.0298111 0.00220451 6.75131e-05 0.00209557 0.145563 0.00890025 0.000550586 0.0731756 0.013665 2.37329e-05 0.0318876 0.161865 
0.00223004 0.00741613 0.256251 0.00231069 0.137629 0.0247317 0.000730127 0.00966076 0.000512539 3.84471e-07 0.00121463 7.02713e-11 0.0279048 0.00207457 0.000213121 0.00181894 0.0064794 0.031697 6.45105e-07 0.131563 0.000294293 6.33499e-05 0.241855 0.113348 
2.74722e-07 3.89506e-12 0.8093 2.7635e-07 3.16835e-12 0.0661735 1.34931e-11 6.61127e-07 1.54075e-07 8.13525e-12 3.11607e-09 1.3644e-11 3.05265e-12 1.0177e-11 2.22835e-11 2.22411e-08 5.70405e-08 4.44854e-12 3.2565e-11 0.000395195 0.123606 2.42028e-11 0.000523803 6.88449e-12 
0.0239741 0.0199439 0.783747 0.00468214 0.109966 0.0120092 0.00299591 0.00278756 0.000363887 0.000176697 0.000964903 0.00844618 0.000826677 0.00020491 0.00550592 1.90619e-09 0.000294864 0.0200157 1.66897e-12 1.64614e-07 0.000855637 8.33166e-09 0.00202351 0.000215233 
0.0139666 0.0146982 0.593394 0.00198093 0.00027303 0.240864 2.40031e-05 0.000380232 0.000850578 0.00665102 6.7697e-05 3.22659e-05 0.000238587 0.000246381 1.88251e-06 0.00103728 0.069246 0.00116269 1.55947e-07 0.00788535 0.0177288 1.55542e-07 0.0105256 0.0187448 
0.00222811 0.0275287 0.757081 2.9296e-05 0.00192046 0.0950125 0.000280478 0.0132353 0.000204903 4.39841e-05 3.26792e-09 0.000167303 0.0105472 1.71385e-05 7.07005e-07 0.0164457 0.000121816 0.000721565 1.76491e-09 0.00695453 0.0213142 1.31171e-09 0.00952306 0.0366217 
0.0137801 0.039495 0.265451 0.00960621 0.00315194 0.0430065 0.000150008 0.178611 0.000149964 7.97284e-05 4.30092e-06 0.000205114 0.061711 0.000609642 9.72125e-05 0.00125098 0.00180443 0.00125025 1.41014e-10 0.184917 0.166003 2.71104e-08 0.028563 0.000102621 
0.00553037 0.0113287 0.680346 0.00968608 0.00190263 0.0931467 0.00289446 0.00535123 0.000200315 0.00188906 6.60045e-05 1.0177e-05 0.0154283 0.0106329 0.000909937 0.00386818 0.0111426 0.0143407 0.000468827 0.0406831 0.0431727 2.15178e-09 0.0293937 0.0176071 
0.00485682 0.000805683 0.964983 0.000223166 0.0128295 0.00344132 0.000205818 0.000473429 3.25309e-05 0.000274275 3.60953e-06 0.000372644 0.000468121 0.000190749 5.20377e-05 0.00212136 0.000178367 0.00201663 2.65209e-12 0.00528608 0.000120982 6.33013e-06 0.000780441 0.000276743 
0.0116703 0.01553 0.289756 0.0983111 0.0158881 0.0463868 0.00058655 0.141185 0.000344872 0.00692366 0.00375515 0.00812193 0.073638 0.000541888 0.000244274 0.0283888 0.0258652 0.0163586 1.63239e-07 0.0884912 0.029348 1.69252e-05 0.0941569 0.00448971 
0.0695435 0.0654067 0.326201 0.0016016 0.0147104 0.228882 3.12003e-05 0.0113344 0.00112271 0.00224928 1.48434e-05 0.000107234 0.00541169 0.000216646 8.02474e-06 0.0116531 0.00901142 0.00158841 6.71048e-08 0.0397847 0.0362889 2.69469e-06 0.117545 0.0572848 
0.168408 0.00104819 0.322176 2.38889e-06 2.07783e-06 0.253997 3.78009e-09 0.00203453 3.03391e-07 1.61105e-07 1.45252e-09 1.26397e-06 4.35115e-06 0.0143326 8.59598e-07 0.048428 0.000640256 1.23384e-06 3.30303e-05 3.29125e-06 0.188679 2.69648e-06 1.19023e-05 0.000192288 
0.00425189 0.0282176 0.355086 0.00245116 0.331871 0.0251482 0.00666417 0.00409549 0.000806584 0.00163834 0.000597451 0.000847038 0.0146568 0.00139145 0.000391783 0.0132965 0.00280729 0.0189968 2.54363e-06 0.0672238 0.00059257 4.6602e-05 0.0159368 0.102983 
0.0624067 0.149026 0.189697 0.0613767 0.000920395 0.180881 0.0251531 0.0606155 6.42447e-05 0.000870521 1.04768e-06 5.08291e-06 0.00418367 0.000394272 6.18439e-07 0.0540775 0.000430723 0.00169179 3.88325e-07 0.042557 0.0117888 2.06676e-05 0.147185 0.00665259 
0.00224999 0.0419177 0.24916 0.0870719 0.00286702 0.0648565 2.74176e-05 0.0586191 2.08939e-06 0.000461911 2.42782e-06 6.34312e-05 0.0584282 0.00571781 1.35579e-07 0.00543078 6.12161e-05 0.0281063 7.76157e-07 0.143379 0.0510418 4.01135e-07 0.175257 0.0252778 
0.00129217 0.0931485 0.567675 0.00936941 0.12956 0.00266002 1.16978e-05 2.52278e-06 0.000162161 0.00025464 0.106984 0.0437131 0.00165443 0.000329455 0.00320657 2.3572e-08 0.000124985 0.0348458 2.46557e-11 2.03552e-06 0.000264267 1.83245e-11 0.00458007 0.000159753 
0.127405 0.00126104 0.310807 0.0149861 0.000334186 0.16171 9.65521e-06 0.0335155 5.23323e-05 0.000997392 8.92699e-07 1.42726e-05 0.00509719 0.000283782 4.18681e-06 7.49536e-05 0.0147266 0.000198679 6.16751e-06 0.108092 0.208239 4.5648e-07 0.0115012 0.000681022 
3.20271e-05 3.20347e-05 0.307438 3.20363e-05 0.00643928 3.20385e-05 3.20143e-05 0.195452 0.121684 3.20257e-05 3.2032e-05 0.0480531 0.144196 0.0352555 3.19955e-05 3.20224e-05 3.2036e-05 0.0833191 3.19736e-05 3.20395e-05 3.20338e-05 3.19914e-05 3.20365e-05 0.0576831 
0.000966666 0.0482484 0.763195 0.00587177 0.0662366 0.00157242 0.00229619 0.0004952 0.000206543 0.0002745 0.0581168 0.0246326 0.00106921 0.000252748 0.0044642 4.6384e-06 0.000330912 0.0183973 4.34062e-08 0.000399555 0.000196768 3.22601e-08 0.00261861 0.000153513 
0.000212946 0.0550436 0.172672 0.0913879 0.0183171 0.112063 0.00188861 0.0879502 0.126501 0.000711233 1.2511e-05 0.0049279 0.00721055 0.0213887 0.000752366 0.0201033 0.000737756 0.00235225 1.03737e-06 0.131971 0.122942 9.39621e-08 0.0203546 0.000499172 
0.0406128 0.0230539 0.389641 0.0144216 0.00687179 0.204814 3.78362e-08 0.00543597 0.0014433 0.00075584 0.0785329 4.93463e-06 0.00884027 0.00405091 7.44635e-05 0.00225939 0.0132133 0.0117987 0.000243456 0.0234456 0.0076027 7.59452e-05 0.0820642 0.0807435 
0.00252008 0.000280744 0.468543 0.288599 5.13375e-06 0.007819 2.90991e-08 0.00464095 2.96649e-08 6.90772e-06 4.8895e-07 2.94244e-08 0.000776074 2.19476e-08 4.80564e-08 2.08451e-08 3.34073e-06 0.0285123 5.20348e-07 0.000878002 0.186385 5.21955e-08 0.0110257 3.69432e-06 
0.00114309 0.0535889 0.757876 0.00439822 1.63663e-06 0.0241096 0.00114193 0.0394953 2.23973e-07 3.84184e-06 2.55726e-06 7.52666e-07 0.00135835 0.0265046 1.6637e-07 0.000390975 4.90263e-05 0.00292268 1.98326e-10 0.0133528 0.0632682 1.53344e-07 0.00892652 0.00146418 
0.0381823 0.033162 0.490062 0.00621065 0.0759173 0.077196 0.016657 0.011354 0.0140331 0.000159609 0.0209186 0.00882116 0.00259319 0.00184173 0.00391652 0.000125424 0.00396471 0.0252581 3.49082e-10 0.0249754 0.00265441 0.000589362 0.0440091 0.0973987 
0.00616581 0.0114432 0.326732 0.0477806 0.130863 0.0239366 0.000962506 0.194574 0.000274393 0.00241588 0.000334407 0.000241549 0.0221676 0.046797 0.00136901 0.00135126 0.00291742 0.010273 2.83076e-08 0.0737952 0.0510547 6.3394e-05 0.0376018 0.0068859 
0.00110412 0.000651239 0.946412 0.000228197 0.000613501 0.00344672 0.000294063 0.00384263 0.0217271 9.08316e-05 0.000439001 0.000174271 0.000830203 0.000307233 0.000776211 0.000123459 0.00415631 0.000545124 2.90851e-08 0.00488968 0.00070054 0.000825773 0.00204248 0.00577928 
0.0176112 0.00890597 0.192776 0.00724069 0.0015214 0.156383 0.00869521 0.078947 0.0377781 0.00715688 0.000301285 5.62659e-05 0.00337536 0.0016385 7.98275e-06 0.00251224 0.00343141 0.0031549 1.65987e-10 0.113401 0.0312971 8.11636e-05 0.175641 0.148086 
0.00106301 0.196692 0.297855 0.0198915 0.0134215 0.0477256 0.240308 0.0117888 2.03897e-05 0.00118716 0.0845954 0.00069216 0.00450486 0.00328241 4.77347e-05 0.0109284 0.00129931 0.00620824 8.80173e-07 0.0278934 0.00793307 3.31439e-07 0.00868169 0.0139789 
1.95539e-07 0.00637164 0.270887 0.231141 0.000980216 0.000640027 1.57518e-08 0.0292202 1.7399e-05 5.21734e-05 6.05272e-09 1.59279e-08 0.165202 0.0233801 2.60137e-08 0.0793521 2.41968e-08 0.000445271 3.80163e-08 0.110598 0.00262513 2.82543e-08 0.0790767 1.00797e-05 
0.000183889 0.00319704 0.940199 0.00132742 0.0383528 0.00359364 7.33946e-13 5.31139e-08 8.6735e-05 0.000456687 2.11672e-06 0.00126327 0.00162988 0.00144687 0.000144509 2.02683e-07 0.000104696 0.00751629 1.77135e-12 5.88998e-08 0.000150941 1.31649e-12 3.41696e-08 0.000343393 
0.0012164 0.00378132 0.189638 0.00500753 0.0269872 0.087049 4.85937e-05 0.000564247 4.90119e-05 5.17087e-05 8.7053e-08 0.000465381 0.0191065 0.0133405 4.51908e-06 0.049258 0.0117216 0.109029 2.75871e-09 0.115298 0.035196 1.56155e-06 0.163058 0.169128 
0.00129217 0.0931485 0.567675 0.00936941 0.12956 0.00266002 1.16978e-05 2.52278e-06 0.000162161 0.00025464 0.106984 0.0437131 0.00165443 0.000329455 0.00320657 2.3572e-08 0.000124985 0.0348458 2.46557e-11 2.03552e-06 0.000264267 1.83245e-11 0.00458007 0.000159753 
0.0145326 0.0487635 0.415284 0.129461 0.0517694 0.0407311 0.00148892 0.00361074 0.00015299 0.000635484 0.0120468 0.0103563 0.00660897 0.00095679 0.00665461 0.0214394 0.00194495 0.19128 1.5581e-09 0.00996612 0.0233613 1.84653e-08 0.00796455 0.00099045 
0.0239741 0.0199439 0.783747 0.00468214 0.109966 0.0120092 0.00299591 0.00278756 0.000363887 0.000176697 0.000964903 0.00844618 0.000826677 0.00020491 0.00550592 1.90619e-09 0.000294864 0.0200157 1.66897e-12 1.64614e-07 0.000855637 8.33166e-09 0.00202351 0.000215233 
0.00178431 0.0298151 0.409527 0.00936443 0.396851 0.0161719 2.12469e-06 0.00147944 0.000161625 0.000899976 0.00193027 0.0082227 0.00368836 0.00032906 0.00821472 4.28244e-09 0.000997846 0.0872626 7.96595e-12 0.0135352 0.0021946 6.24937e-09 0.00721232 0.000355153 
0.0158863 0.018733 0.538669 0.0109444 0.0591799 0.118409 0.00126365 0.00438756 0.000645688 0.000293147 1.68316e-06 6.97817e-06 0.0487996 0.00227521 5.26203e-06 0.0364749 0.00313808 0.000851275 5.095e-07 0.0607378 0.0133347 2.77397e-06 0.0417422 0.0242175 
0.0233693 0.0203004 0.774326 0.00612596 0.0985488 0.0106755 0.00439068 0.00274184 0.000320928 0.000164712 0.0199076 0.00979582 0.000802342 0.000187089 0.00643673 1.19552e-08 0.000356264 0.0182237 1.58697e-12 0.000452546 0.000778989 6.4177e-06 0.00189834 0.000190271 
0.0117498 0.116284 0.299085 0.0386105 0.0041584 0.0314014 0.000138001 0.13122 1.56392e-05 0.000191343 1.17739e-06 6.91498e-05 0.0274053 9.73581e-05 0.00904956 0.00898075 0.00152178 0.000140326 1.12301e-09 0.222428 0.0586599 8.34639e-10 0.0365467 0.00224637 
0.0467504 4.9283e-05 0.608083 0.00281397 0.00140521 0.181854 2.56052e-06 6.35681e-05 4.14127e-06 1.67531e-07 1.06772e-07 2.80974e-07 0.00307987 8.18899e-05 6.89996e-05 2.0709e-06 0.00130896 0.000749585 6.70619e-07 0.00714543 0.0383002 4.11622e-05 0.10573 0.00246406 
0.00960359 0.0196312 0.42803 0.00584069 0.0651833 0.0501845 0.000388895 0.0626111 3.73609e-05 0.00660303 1.68421e-05 0.000881585 0.0345531 0.00190495 0.000727684 4.21988e-06 0.000751877 0.044702 2.53625e-09 0.11052 0.0373682 1.16644e-06 0.118239 0.00221669 
0.00128692 0.00285608 0.319381 0.00124085 0.00870207 0.273387 1.20001e-07 0.0707889 1.65872e-07 3.29072e-10 1.21937e-08 5.519e-10 0.0481813 0.00985792 9.01371e-10 0.0566716 0.00837642 3.49036e-05 1.31726e-09 0.0113518 0.0469263 9.79007e-10 0.13988 0.00107587 
0.00313538 0.0597235 0.388845 0.0168354 0.00523257 0.0527979 0.000191411 0.103185 2.93492e-06 0.00089124 0.00252263 6.13185e-08 0.00062039 0.00965188 5.08975e-05 0.00329071 0.0195643 0.00212724 1.89199e-06 0.010856 0.0118248 4.35157e-06 0.04385 0.264795 
0.148004 0.00924991 0.340795 0.0306354 0.00257142 0.177686 7.11061e-07 5.27682e-07 2.04385e-10 0.000871628 7.7038e-11 2.02728e-10 0.0138272 1.29043e-06 3.31098e-10 0.0064589 0.00155912 0.0720011 4.83865e-10 0.00181482 0.0163509 0.000238316 0.176151 0.00178199 
4.88994e-05 8.96091e-07 0.938732 3.69026e-11 3.27996e-06 7.65546e-06 1.60003e-10 0.00095742 0.000757586 2.50916e-07 6.1482e-11 0.0041814 3.61987e-11 1.2068e-10 1.34789e-06 3.21046e-07 2.4739e-07 0.03251 3.8616e-10 1.95054e-11 0.0100213 4.24788e-06 8.11814e-07 0.0127721 
0.0239741 0.0199439 0.783747 0.00468214 0.109966 0.0120092 0.00299591 0.00278756 0.000363887 0.000176697 0.000964903 0.00844618 0.000826677 0.00020491 0.00550592 1.90619e-09 0.000294864 0.0200157 1.66897e-12 1.64614e-07 0.000855637 8.33166e-09 0.00202351 0.000215233 
0.000474325 0.000532645 0.858554 0.00913467 0.00269194 0.0930164 2.61256e-06 0.0146394 2.91329e-07 1.3833e-07 6.57912e-08 0.000102664 0.00243495 0.000825295 5.54237e-05 1.44649e-06 7.80273e-11 1.06499e-10 7.79611e-10 0.00271117 0.00698772 8.14239e-08 0.00491335 0.00292155 
0.0499003 0.0627081 0.495943 4.77457e-08 0.280399 0.0658299 0.00106312 7.56518e-06 0.00475244 1.4468e-06 4.82954e-05 1.92969e-05 4.11365e-08 4.84032e-06 1.26736e-05 3.58114e-07 0.000393803 0.0142061 8.74898e-11 2.74006e-07 0.00183773 0.000909552 0.00843488 0.0135271 
9.22521e-05 0.00561858 0.488101 2.4126e-06 0.00452363 0.295559 1.59196e-06 0.00143468 0.0246653 3.61438e-06 4.44135e-08 0.000195173 1.99682e-05 0.00838233 1.52032e-05 0.00151851 0.00164097 0.0265634 0.000221273 0.00734684 0.0239371 2.07324e-07 0.0969188 0.013238 
0.0136597 0.0234391 0.280513 0.0447258 0.0667101 0.0394011 0.00317836 0.0366188 0.000927847 0.0391574 9.08352e-05 0.00489638 0.0377144 0.00281234 0.000131943 0.000641458 0.000253115 0.263888 5.98033e-08 0.0415795 0.00858431 0.000148612 0.0513616 0.0395661 
0.00975993 0.000456062 0.732563 0.00104314 0.146807 0.0174413 5.09137e-05 0.000387495 9.21402e-05 0.00219046 1.62442e-06 6.56301e-05 0.00107742 0.000246877 0.000198494 0.000282259 0.000125287 0.0377619 3.86786e-12 0.047981 0.00114462 1.77165e-05 1.07804e-05 0.000295463 
0.000681718 0.0453042 0.383207 0.00391244 0.091665 0.0306912 0.000533264 0.00239224 0.000495563 5.00875e-06 0.000173945 0.00666682 0.0592815 0.00279353 7.33144e-05 0.0667114 5.41782e-05 0.00222832 1.03803e-05 0.171884 0.00152155 8.64253e-06 0.0867848 0.0429205 
0.00511164 0.0543099 0.431534 0.0293972 0.0459924 0.0530944 0.0267691 0.113375 0.00612102 0.00337435 0.00438906 0.0235499 0.0293861 0.000701735 0.000165978 0.00142154 0.00128279 0.07185 7.60549e-09 0.0629881 0.00726624 8.85666e-06 0.00860713 0.0193034 
1.62756e-05 0.0113875 0.659711 1.7751e-08 0.000839311 0.0934514 0.0269556 7.46891e-05 2.68812e-06 1.10777e-05 7.36086e-06 3.86784e-05 0.00738981 0.00942665 0.00016655 0.000373535 0.000460507 0.000294186 1.85752e-07 0.00425807 0.0129204 1.07433e-05 0.163386 0.00881859 
0.00630546 0.00692226 0.573864 0.0697093 0.000408231 0.12753 0.00139588 0.0133305 7.8711e-05 0.00493098 8.59419e-06 1.8237e-05 0.0107493 0.00682567 8.95503e-06 0.00681461 0.0142013 0.000565911 1.7114e-08 0.0826526 0.0127263 4.88399e-07 0.0590817 0.00187154 
0.00129217 0.0931485 0.567675 0.00936941 0.12956 0.00266002 1.16978e-05 2.52278e-06 0.000162161 0.00025464 0.106984 0.0437131 0.00165443 0.000329455 0.00320657 2.3572e-08 0.000124985 0.0348458 2.46557e-11 2.03552e-06 0.000264267 1.83245e-11 0.00458007 0.000159753 
2.19286e-06 0.0158859 0.506137 1.34774e-09 7.41082e-07 0.0276798 0.040524 0.0012971 5.95719e-09 3.5232e-09 2.24542e-09 6.885e-07 4.28201e-06 1.9567e-05 0.205661 4.18604e-09 1.41152e-09 9.19386e-07 1.41032e-08 2.56693e-05 8.05867e-05 1.04817e-08 0.195792 0.0068881 
0.00895242 0.000452847 0.743857 0.00108854 0.147187 0.0182525 5.06475e-05 0.000317674 9.36363e-05 0.00228136 1.48788e-06 6.5147e-05 0.0010584 0.000229017 0.000182847 0.000199958 0.0001291 0.0376528 4.04216e-12 0.0364822 0.00114505 1.55525e-05 7.63884e-06 0.000297478 
0.00169676 0.0234439 0.473342 0.0752993 0.00992206 0.118406 0.00241893 0.0312018 1.40979e-07 0.0267109 5.78774e-06 9.90691e-06 0.0150207 0.0108623 4.8145e-10 1.78044e-07 5.49636e-05 0.0140245 7.03588e-10 0.0161013 0.0224934 5.22917e-10 0.13626 0.0227253 
0.00028687 0.0199455 0.771792 0.00548641 0.0306565 0.0558269 7.70643e-06 0.00878991 0.00157724 4.08541e-07 1.94396e-07 6.33648e-05 0.00146419 0.00899745 4.45487e-05 0.0206697 4.51073e-10 6.15666e-10 4.50691e-09 0.0203862 0.00420812 5.81231e-05 0.00296026 0.0467784 
0.0265398 0.0183982 0.273158 0.00710502 0.0929194 0.0344801 0.000128913 0.046788 0.000348933 0.00539532 0.000564921 0.00391098 0.146428 0.0734961 0.000116668 0.1042 0.000841403 0.00522966 5.70375e-09 0.126594 0.00525544 0.000114818 0.0221434 0.00584306 
3.35347e-05 0.0307433 0.279417 0.0446288 0.00882497 0.0847579 0.00199282 0.0900089 0.134411 0.000712245 1.25306e-05 0.00349547 0.00612154 0.0156152 1.54476e-08 0.0201061 0.000738085 0.0340398 9.85331e-07 0.0752154 0.124723 9.84063e-08 0.0439603 0.000441437 
0.0338546 0.0137147 0.429415 0.0354441 0.0454813 0.154164 4.11482e-05 0.00570112 5.43828e-05 2.59374e-06 0.00133445 0.00206706 0.0619963 4.02388e-05 5.13088e-05 0.00939088 0.0054701 0.0899793 4.43025e-06 0.0468715 0.0452885 9.68078e-09 0.0123232 0.00730918 
0.00975993 0.000456062 0.732563 0.00104314 0.146807 0.0174413 5.09137e-05 0.000387495 9.21402e-05 0.00219046 1.62442e-06 6.56301e-05 0.00107742 0.000246877 0.000198494 0.000282259 0.000125287 0.0377619 3.86786e-12 0.047981 0.00114462 1.77165e-05 1.07804e-05 0.000295463 
0.00329847 0.0146214 0.726144 0.00206936 0.0027504 0.0306015 0.000470857 0.0206541 0.000373301 0.00121929 8.28464e-06 0.000587529 0.00702414 0.000151368 0.00200594 0.00579285 0.000671902 0.0389378 4.80357e-08 0.0183485 0.00622261 2.37949e-06 0.083716 0.0343275 
0.00307582 0.0124055 0.2581 0.0177042 0.0864709 0.169339 0.000380086 0.0525367 0.000197531 0.00184365 0.000265488 0.00740435 0.0428364 0.00118127 0.000917551 6.4114e-07 0.000510065 0.035814 3.13844e-10 0.105752 0.109879 4.70098e-06 0.0918466 0.00153425 
0.05665 0.0314524 0.323741 0.0295067 0.0360529 0.0764177 0.00913477 0.217832 0.0129175 0.00159784 0.00319848 0.00295763 0.0351447 0.00743251 0.000367048 0.00173995 0.0081905 0.00375204 1.20524e-07 0.0445526 0.0364851 2.03405e-07 0.0474912 0.0133846 
0.000337318 0.157565 0.387566 0.0116 0.0685005 0.0171439 0.000371376 0.0326955 0.00015138 5.38622e-05 1.88481e-05 0.00118866 0.121244 0.00108283 7.52048e-07 0.0444669 0.00125335 0.00443443 5.99355e-06 0.0830113 0.0456834 2.13955e-06 0.0196017 0.00202206 
0.00222811 0.0275287 0.757081 2.9296e-05 0.00192046 0.0950125 0.000280478 0.0132353 0.000204903 4.39841e-05 3.26792e-09 0.000167303 0.0105472 1.71385e-05 7.07005e-07 0.0164457 0.000121816 0.000721565 1.76491e-09 0.00695453 0.0213142 1.31171e-09 0.00952306 0.0366217 
0.00124701 0.00122061 0.365297 0.0333523 7.2298e-05 0.0110969 2.13267e-05 0.189447 5.65933e-05 4.24956e-11 5.71143e-08 0.000119684 0.0349657 0.000639779 1.16401e-10 0.000450241 3.93129e-05 2.32376e-11 1.70108e-10 0.229628 0.0704943 7.54109e-07 0.0616056 0.000246005 
0.00469181 0.00107281 0.970272 0.000231355 0.0107906 0.00311532 0.00010089 0.000754304 3.57035e-05 0.00018668 3.44959e-06 0.000524945 0.000617595 0.000294384 7.0111e-05 0.00259424 0.000220074 0.00169469 2.39769e-12 0.00128734 0.000117423 3.99598e-06 0.000995152 0.000325233 
0.00147852 0.000139661 0.948349 1.08772e-08 0.000201197 0.0252047 3.12038e-07 0.000243711 5.86094e-06 6.3248e-09 8.27028e-07 4.31025e-06 3.65087e-05 3.05419e-06 1.10074e-08 1.66149e-05 2.91137e-06 7.5995e-05 1.46065e-09 0.000360014 0.0237792 2.3009e-11 8.8882e-05 9.14622e-06 
0.00963397 0.000257444 0.422697 0.00145137 0.000351023 0.119739 2.59191e-06 0.0831337 2.13085e-08 1.10937e-11 7.70798e-06 1.86057e-11 0.000665905 0.00010351 9.88427e-09 4.06955e-05 0.00349524 1.21192e-07 4.44075e-11 0.123922 0.176824 8.09816e-09 0.0575227 0.000153032 
0.0369487 0.00807008 0.335149 0.0212476 0.00445185 0.0909322 0.00570548 0.182872 0.00670066 0.000332447 3.26495e-05 0.000186004 0.0266519 0.00851508 5.3871e-06 0.0025398 0.0104613 0.00552465 1.94929e-07 0.153946 0.0710982 9.64068e-06 0.0257063 0.00291212 
0.007554 0.119419 0.386577 0.288124 0.0225504 0.00921135 0.00669617 0.00855372 2.60337e-05 0.000186967 0.0011448 2.29918e-05 0.0294289 0.00046866 2.12798e-05 0.00123973 0.000247243 0.00188755 9.99564e-06 0.0401575 5.03061e-05 3.51686e-06 0.0681095 0.00830956 
0.00032245 0.0098758 0.504937 0.0242749 0.000690447 0.0287026 5.46167e-06 0.0011007 3.58163e-05 0.0912486 0.00162974 0.000391964 0.0629399 0.000459083 0.000364709 0.00100143 0.0369614 0.00774364 3.29976e-07 0.0119868 0.213605 3.24371e-06 0.00157209 0.000147529 
0.00510686 0.0788685 0.154992 0.057077 0.0295363 0.0586665 0.00509926 0.0441434 0.000718967 0.0260178 6.75482e-05 0.000122838 0.0944313 0.117815 0.0108692 0.00698922 0.00217885 0.0601046 6.95819e-05 0.0601794 0.0377275 1.48917e-05 0.141435 0.0077694 
0.00183644 0.146055 0.587424 0.0228331 0.0116206 0.0410065 0.00705329 0.0107891 0.00140078 0.000603265 0.000190922 0.000237674 0.0505212 0.0120608 0.000247261 0.00702764 0.000755404 0.00126626 5.01024e-06 0.0497708 0.0128227 5.09006e-06 0.0306461 0.00382092 
0.0239741 0.0199439 0.783747 0.00468214 0.109966 0.0120092 0.00299591 0.00278756 0.000363887 0.000176697 0.000964903 0.00844618 0.000826677 0.00020491 0.00550592 1.90619e-09 0.000294864 0.0200157 1.66897e-12 1.64614e-07 0.000855637 8.33166e-09 0.00202351 0.000215233 
0.00318679 0.000980703 0.978502 0.000132758 0.0102963 0.0026614 3.41886e-05 0.000254609 3.3218e-05 9.77134e-05 2.44711e-06 0.000406632 0.000437899 0.000165072 6.60608e-05 1.30063e-07 3.55145e-05 0.0015196 2.38778e-12 3.77964e-08 9.92502e-05 8.0834e-09 0.000796973 0.000290265 
0.00129217 0.0931485 0.567675 0.00936941 0.12956 0.00266002 1.16978e-05 2.52278e-06 0.000162161 0.00025464 0.106984 0.0437131 0.00165443 0.000329455 0.00320657 2.3572e-08 0.000124985 0.0348458 2.46557e-11 2.03552e-06 0.000264267 1.83245e-11 0.00458007 0.000159753 
0.00307582 0.0124055 0.2581 0.0177042 0.0864709 0.169339 0.000380086 0.0525367 0.000197531 0.00184365 0.000265488 0.00740435 0.0428364 0.00118127 0.000917551 6.4114e-07 0.000510065 0.035814 3.13844e-10 0.105752 0.109879 4.70098e-06 0.0918466 0.00153425 
0.00273534 0.0324765 0.450732 0.00022474 0.0013085 0.270394 0.0392022 0.00264871 0.000409836 0.000281993 4.66144e-05 4.40907e-07 0.00262887 0.000533896 5.05001e-06 0.0143843 0.00426091 0.000615095 6.27969e-06 0.00916107 0.0741168 5.5623e-09 0.0471464 0.046681 
0.000488975 0.0944005 0.384809 0.0174268 0.00520065 0.0427576 0.00842879 0.0199818 5.83981e-05 0.00120032 6.40956e-05 0.00740496 0.293895 0.000955873 1.5455e-06 0.000810575 0.000212304 0.00419799 9.76502e-10 0.0346518 0.0579509 1.67496e-05 0.0247271 0.000357932 
0.0165791 0.0103272 0.532586 0.0297206 0.0108621 0.0374309 0.00153229 0.0448122 0.000788296 0.00547331 1.47097e-05 0.0009923 0.0174822 0.00507864 6.00567e-05 0.00161646 0.000596963 0.00405511 6.67677e-09 0.105727 0.0763644 1.86835e-06 0.0951998 0.00269859 
0.000276192 0.0786983 0.249134 0.0669418 0.00516668 0.0327461 0.00212766 0.0678045 0.000152402 0.00487885 8.13173e-05 0.00234042 0.140858 0.00348816 0.00024685 0.0215431 0.00972657 0.0143444 3.28548e-09 0.123809 0.00858609 2.44182e-09 0.161097 0.00595309 
0.00307582 0.0124055 0.2581 0.0177042 0.0864709 0.169339 0.000380086 0.0525367 0.000197531 0.00184365 0.000265488 0.00740435 0.0428364 0.00118127 0.000917551 6.4114e-07 0.000510065 0.035814 3.13844e-10 0.105752 0.109879 4.70098e-06 0.0918466 0.00153425 
0.00895242 0.000452847 0.743857 0.00108854 0.147187 0.0182525 5.06475e-05 0.000317674 9.36363e-05 0.00228136 1.48788e-06 6.5147e-05 0.0010584 0.000229017 0.000182847 0.000199958 0.0001291 0.0376528 4.04216e-12 0.0364822 0.00114505 1.55525e-05 7.63884e-06 0.000297478 
0.011664 0.0158441 0.320339 0.0818371 0.0165718 0.0550298 0.00272117 0.278772 6.16576e-05 5.10071e-05 0.00190127 0.00612299 0.00737711 0.00119275 0.00339607 0.00145144 0.00168221 0.00561575 1.1248e-07 0.0701345 0.0776957 5.65078e-08 0.0403814 0.000157033 
0.284189 0.00546974 0.313052 0.00147224 0.121536 0.00982386 0.000323398 0.0216822 0.0184402 0.00160673 4.13261e-06 3.94284e-11 0.0747102 1.81606e-05 0.000116911 2.11901e-07 0.0269836 0.0633735 1.31917e-08 0.0271377 0.0188713 1.63366e-08 0.0108615 0.000326814 
0.00975993 0.000456062 0.732563 0.00104314 0.146807 0.0174413 5.09137e-05 0.000387495 9.21402e-05 0.00219046 1.62442e-06 6.56301e-05 0.00107742 0.000246877 0.000198494 0.000282259 0.000125287 0.0377619 3.86786e-12 0.047981 0.00114462 1.77165e-05 1.07804e-05 0.000295463 
0.00943703 0.0797129 0.263207 0.0171508 0.0234738 0.13319 0.000790624 0.0415271 0.000563295 0.00256241 0.000124962 4.79111e-05 0.0351129 0.00908722 0.000124735 0.0860574 0.00303938 0.01672 7.48949e-05 0.0172488 0.0375813 9.40167e-07 0.110975 0.11219 
0.0303305 1.4537e-12 0.741528 0.000524525 4.6171e-05 0.0790154 1.92963e-07 0.00107628 4.91538e-09 3.03621e-12 6.84951e-08 4.87829e-09 1.1393e-12 3.58014e-09 8.31658e-12 3.60744e-12 3.5416e-05 4.49201e-08 1.21538e-11 0.000312829 0.14633 6.81322e-09 0.000800639 8.5508e-09 
0.0118912 0.0200401 0.58947 0.00709 0.0134363 0.0830744 0.00408183 0.0208008 0.00316101 0.00416717 3.52269e-05 0.000393123 0.0199762 0.00791748 4.54154e-05 0.00798658 0.0131501 0.0130082 0.000552206 0.0639578 0.0630024 2.22127e-06 0.0416947 0.0110651 
0.000269918 0.255745 0.265918 0.0341989 0.0101276 0.0133025 0.00514519 0.0103733 0.000635516 0.00013951 5.86447e-06 0.000276469 0.15955 0.160758 1.30297e-05 0.01699 1.60086e-06 0.00606693 1.40239e-09 0.0242728 0.00272492 1.60051e-05 0.0311071 0.00236196 
2.12623e-05 0.000213091 0.990416 7.87514e-09 0.00844482 0.000122459 3.67401e-09 2.48454e-09 5.01673e-05 4.57513e-09 6.94423e-10 1.31535e-08 6.78488e-09 2.83428e-05 2.62663e-05 4.31384e-13 9.65135e-08 0.000655954 1.45337e-12 7.34116e-14 6.01162e-09 1.08017e-12 3.99755e-09 2.19075e-05 
0.00966765 0.0011022 0.949081 0.000314768 0.00889025 0.0123571 2.28199e-05 0.00194177 6.42809e-05 6.51674e-05 1.63413e-06 0.000271138 0.000701752 0.00123924 0.000106564 2.04065e-07 2.36954e-05 0.00101312 6.65124e-12 0.00226455 0.000522475 1.29198e-08 0.00739955 0.00294863 
0.00966765 0.0011022 0.949081 0.000314768 0.00889025 0.0123571 2.28199e-05 0.00194177 6.42809e-05 6.51674e-05 1.63413e-06 0.000271138 0.000701752 0.00123924 0.000106564 2.04065e-07 2.36954e-05 0.00101312 6.65124e-12 0.00226455 0.000522475 1.29198e-08 0.00739955 0.00294863 
0.0252644 0.0332968 0.372798 0.0477449 0.00904615 0.134238 0.000151547 0.0243959 0.00665913 0.00479939 0.000177969 0.000350975 0.011653 0.0145418 5.48574e-06 0.0086875 0.00836025 0.0516622 0.00041044 0.00877029 0.0690098 0.0563198 0.0165293 0.0951269 
0.0499003 0.0627081 0.495943 4.77457e-08 0.280399 0.0658299 0.00106312 7.56518e-06 0.00475244 1.4468e-06 4.82954e-05 1.92969e-05 4.11365e-08 4.84032e-06 1.26736e-05 3.58114e-07 0.000393803 0.0142061 8.74898e-11 2.74006e-07 0.00183773 0.000909552 0.00843488 0.0135271 
0.00104955 0.0300593 0.516832 0.0198336 0.0146243 0.0230736 0.000532324 0.0349968 1.28718e-05 4.60621e-05 5.26752e-06 0.0012743 0.0121201 0.000391888 0.00378003 0.00543005 0.000710855 0.000328698 2.69645e-08 0.081363 0.193938 1.44685e-09 0.0560412 0.00355614 
3.4255e-07 0.000167555 0.409147 0.00105584 0.0158019 0.0685273 1.27256e-07 5.47342e-08 5.71051e-06 0.00104428 1.83626e-08 0.152201 0.0160503 0.00301762 1.23651e-07 7.01313e-07 0.127507 0.0589341 1.58018e-10 0.0719067 0.0672792 7.05792e-09 3.58623e-07 0.0073529 
0.000165179 0.0573413 0.507171 0.116137 0.00547739 0.0131269 2.96672e-06 0.0620156 1.87045e-06 0.00295653 5.24135e-05 0.026111 0.11531 0.00116566 2.04238e-06 0.000765036 0.000263924 0.000750653 3.62631e-09 0.03642 0.00763801 2.69513e-09 0.0471251 3.40145e-07 
4.88994e-05 8.96091e-07 0.938732 3.69026e-11 3.27996e-06 7.65546e-06 1.60003e-10 0.00095742 0.000757586 2.50916e-07 6.1482e-11 0.0041814 3.61987e-11 1.2068e-10 1.34789e-06 3.21046e-07 2.4739e-07 0.03251 3.8616e-10 1.95054e-11 0.0100213 4.24788e-06 8.11814e-07 0.0127721 
0.00252379 0.107937 0.322978 0.132635 0.00164709 0.112078 0.00494825 0.0565556 0.00213966 0.000950747 5.73239e-06 1.86318e-06 0.0377017 0.012443 1.03732e-07 0.0304776 0.000274036 0.0172789 1.80906e-09 0.109979 0.0218973 1.27872e-05 0.0240365 0.00149906 
0.000925037 0.0157907 0.665761 0.0337528 0.00120779 0.0274926 0.00253351 0.103883 0.0125266 0.00102573 5.8809e-05 0.000372998 0.0130637 0.00221004 2.98591e-05 0.0027397 0.00565514 0.000146775 7.37776e-08 0.0799687 0.0105016 5.89633e-06 0.0165277 0.00382023 
0.0129573 0.0362097 0.393587 0.017772 0.00256931 0.2723 0.000118688 0.0131175 0.00504488 0.0022927 4.2787e-05 1.13233e-05 0.014557 0.0033745 3.1292e-06 0.00118211 0.0148052 0.00351896 4.30442e-10 0.10599 0.00770057 2.98154e-06 0.0553962 0.0374459 
0.00064174 0.00715743 0.924602 5.9087e-05 0.00125146 0.0407509 3.6081e-07 0.00344311 1.72196e-05 1.02411e-05 3.73975e-06 1.29654e-05 0.000975617 2.62199e-08 7.86988e-07 2.61107e-08 7.63773e-06 6.7435e-08 3.01809e-11 0.00146276 0.0157756 1.11885e-08 0.00362622 0.000201359 
0.00683217 0.000470722 0.582126 0.00330728 0.00971387 0.0950502 2.90232e-06 0.0001521 6.34668e-08 4.96012e-08 2.84572e-06 2.47131e-05 0.0499756 1.01307e-05 1.69495e-10 0.0433916 9.12834e-05 3.38369e-11 2.47699e-10 0.148961 0.0503059 1.84093e-10 0.00954251 3.88417e-05 
0.00574604 0.0174421 0.531287 0.0187525 0.00254617 0.062848 2.58783e-05 0.0133857 3.63652e-05 0.0134798 6.98686e-07 6.78658e-05 0.0134382 0.000155886 2.88863e-08 0.00260744 0.0001151 1.17964e-06 9.21141e-07 0.0714835 0.0817187 7.23617e-06 0.156203 0.00865037 
0.0010444 0.109177 0.496389 2.60953e-06 0.000959676 0.0612721 0.000877462 0.0232091 0.00695651 0.000111391 8.14625e-05 0.0101054 0.150897 0.0432714 3.30948e-08 0.00343617 0.000109645 0.00221378 7.6827e-09 0.0215479 0.00331295 2.13521e-06 0.0517466 0.013276 
0.000206992 1.46147e-12 0.615543 7.81743e-05 1.18881e-12 0.00346071 5.06278e-12 0.000184695 7.9378e-09 3.05245e-12 1.62125e-10 5.11939e-12 1.14539e-12 3.81854e-12 8.36105e-12 3.62672e-12 2.93807e-09 1.66915e-12 1.22188e-11 8.58735e-05 0.38044 9.0812e-12 1.34796e-08 2.58314e-12 
0.0131804 9.68241e-07 0.710823 0.012099 4.99489e-07 0.0387167 5.35098e-06 0.0371258 2.36237e-05 2.60797e-10 1.18258e-09 5.4595e-07 0.0104043 7.7175e-07 4.4863e-08 1.25301e-05 6.97972e-05 3.20295e-07 1.04396e-09 0.08375 0.0771865 7.75885e-10 0.0165995 1.81705e-07 
0.00304078 0.0409096 0.352622 0.00348328 0.0144748 0.073254 0.251815 0.0199026 0.00255598 0.0047766 0.000199717 0.00510306 0.0243929 0.00654113 0.00113453 0.0183314 0.00228707 0.050969 0.000695077 0.00999544 0.0128613 0.000609615 0.0316727 0.0683725 
0.000439722 0.120487 0.306985 0.053703 0.0322936 0.045413 0.00550654 0.0308693 0.000100933 0.000683114 0.0176582 0.0216085 0.247851 0.00361451 9.01657e-06 0.0164392 0.000154743 0.00490523 1.84153e-09 0.0472559 0.0140163 0.000137829 0.0288481 0.00102015 
0.0958422 0.00123717 0.430399 0.00781708 0.000801324 0.141877 0.000491036 0.0102512 5.38808e-05 0.000774538 8.59518e-07 4.1092e-05 0.00565959 0.000354133 3.30465e-06 9.62799e-05 0.000680485 2.94722e-05 7.88581e-06 0.0596478 0.239006 1.49226e-07 0.00439334 0.000534746 
0.00482216 0.000621109 0.395827 0.0149783 0.000164923 0.0536654 3.14859e-05 0.176436 1.75957e-08 2.65854e-08 1.23345e-06 5.73927e-06 0.00183709 0.000131267 8.18246e-09 3.01302e-05 0.00134105 2.21435e-05 7.84989e-11 0.121028 0.149885 4.64781e-09 0.0790876 8.49845e-05 
0.00485972 0.00100156 0.895664 0.000358423 0.0412685 0.00895542 2.28064e-05 0.000169749 0.00227626 0.000484573 6.2812e-06 0.00950592 0.00561526 0.00163019 9.51957e-05 0.0025258 0.00610067 0.00347099 3.92171e-12 0.0111796 0.00178065 1.25847e-06 0.00202391 0.00100376 
0.325125 0.00951302 0.374824 0.00671054 0.0936253 0.0663345 0.00339391 0.00428822 0.000159264 0.000547719 0.00084422 0.000111924 0.00582217 0.000242749 3.72596e-06 1.39778e-09 0.00434841 0.00690011 4.70927e-09 0.0328309 0.000296893 7.41414e-07 0.0441067 0.01997 
0.00590274 0.0126005 0.463279 0.00943944 0.00516599 0.184513 0.000101626 0.00335024 0.000535633 5.98056e-08 6.00603e-06 0.000257429 0.000533921 0.00660651 0.000123643 0.00477246 0.00206095 0.0176486 0.0198404 0.0117643 0.23666 2.92344e-07 0.00597021 0.00886706 
0.0101022 0.030111 0.331976 0.0180647 4.80341e-05 0.0972126 0.000325877 5.80189e-05 0.00174752 0.000849987 4.61233e-05 0.00361185 0.0298005 0.00916163 0.00208864 0.0184164 2.39069e-07 7.62273e-05 2.38867e-06 0.00463825 0.087083 1.77529e-06 0.316046 0.0385306 
0.00154602 0.0439729 0.309824 0.0215905 0.0240385 0.279458 0.00705299 0.0087933 0.000100395 0.000200554 0.00531201 0.000250379 0.00864144 0.00499615 0.0430749 0.00713649 0.0414767 0.00415406 5.12308e-09 0.0594968 0.109309 5.23726e-08 0.0133691 0.00620512 
0.0154864 0.0187229 0.335174 0.00588888 0.00985434 0.0390187 0.00105944 0.0548431 0.00010285 0.00244385 1.01225e-06 0.0231482 0.0930261 0.00880934 4.06824e-05 0.0082715 0.0029413 0.00859452 3.06104e-07 0.139457 0.0586572 0.000209074 0.0724927 0.101756 
0.000265013 0.0650635 0.381835 0.00446652 0.0184771 0.0858008 0.000218998 0.100119 0.00236852 0.00153273 0.000273112 0.000108261 0.0017171 0.00103042 7.43373e-06 0.0489973 0.000210615 0.00634842 5.28188e-09 0.00757564 0.238602 2.68467e-07 0.0161404 0.0188416 
0.061195 0.000364457 0.443451 0.00135527 4.72348e-05 0.264098 0.000902284 0.0103215 8.82727e-05 4.71636e-09 4.64782e-06 0.000548606 2.91033e-08 2.20585e-05 3.04461e-07 2.15475e-08 0.0192954 0.00193055 3.39551e-11 0.00878865 0.166195 1.13133e-07 0.0203602 0.00103044 
0.000276669 0.00301172 0.835779 0.0272457 0.0273131 0.000288444 0.000274695 4.04714e-08 1.70011e-07 0.000295921 6.40818e-08 0.000242328 0.000405725 0.00132801 2.75414e-07 0.00778186 4.0283e-08 5.4982e-08 4.02489e-07 0.0210413 0.058215 2.99136e-07 0.00041539 0.016084 
0.00660523 0.00534677 0.88851 0.000256527 0.0403003 0.0178633 0.00011476 0.00107663 0.000261763 0.00121085 6.07085e-06 0.000538874 0.00281863 0.0006075 0.000199919 0.00750271 0.00556758 0.00203338 5.1493e-12 0.00500765 0.00188551 4.57801e-06 0.00537427 0.00690768 
1.98931e-05 0.0168681 0.806772 0.00389526 0.003319 0.0231631 9.89466e-11 0.00879919 0.000179097 0.00755757 9.88966e-07 0.000573268 0.0281195 0.00215064 1.9805e-06 0.0299518 0.000236075 2.1012e-05 8.24303e-05 0.024935 0.0396063 2.01523e-07 0.00285594 0.000891418 
0.0262353 0.0180587 0.432804 0.0017973 0.00106216 0.221691 0.00734527 0.00734638 0.00312363 0.00407389 1.38575e-05 9.99882e-05 0.0131255 0.00901638 7.39672e-05 0.000165952 0.00113699 0.000240083 3.00285e-06 0.0198355 0.218367 7.66551e-06 0.00685486 0.00752272 
0.000451743 0.120861 0.174387 0.118296 0.0599809 0.059386 0.00480388 0.125377 0.00666504 6.04639e-05 0.0020692 0.0470918 0.115341 0.0199378 0.00151169 0.00435914 0.00191953 0.000300118 2.27335e-09 0.0304298 0.039138 1.68959e-09 0.067578 5.60892e-05 
0.00508442 0.0282668 0.365547 3.1892e-10 1.07998e-05 0.207513 2.01562e-06 0.00201539 9.14033e-07 8.33703e-10 7.74513e-07 1.39824e-09 0.0883903 0.00493019 1.0649e-06 0.0176988 0.0396139 3.48685e-06 4.52402e-05 0.00539089 0.218909 1.60824e-06 0.0165647 9.84957e-06 
0.00651755 0.00265292 0.830393 0.00281049 0.000130806 0.0570255 0.000163618 0.00100748 7.75272e-08 0.000259462 3.88657e-09 7.85324e-06 0.00710539 0.000647807 1.70204e-07 5.16361e-06 0.0365217 2.30819e-07 6.35344e-10 0.0344036 0.00603307 4.72197e-10 0.0140219 0.00029171 
0.000782707 0.0111813 0.912386 9.24932e-08 0.00533212 0.010805 2.54296e-06 0.00344395 0.000344245 0.000256769 1.08969e-06 1.31911e-05 0.0158396 0.00150911 8.80701e-07 2.20958e-06 5.67056e-09 0.0029504 3.46317e-10 0.0017638 0.0327935 7.89532e-08 2.26791e-07 0.000591205 
0.0180737 0.0126016 0.401006 0.000776269 0.00814953 0.131205 0.000132745 0.0153818 0.000608164 0.000328757 0.000595006 0.000267303 0.0201105 0.00986374 1.99372e-05 0.000796141 1.24654e-05 0.00702077 6.65334e-05 0.0384397 0.0405236 1.20545e-05 0.197481 0.0965277 
0.00327915 0.0377482 0.542841 0.021499 2.8585e-07 0.171268 2.979e-05 0.0169474 0.000177124 1.80345e-09 1.14938e-09 3.02464e-09 8.7821e-07 1.52698e-06 0.000725354 1.93641e-06 0.0152425 8.38191e-06 7.21911e-09 0.00104718 0.130769 3.64131e-07 0.0519627 0.00644961 
0.00711623 0.000451031 0.780106 0.00113858 0.142713 0.0196474 4.53727e-05 0.000151192 9.49943e-05 0.00231313 1.18027e-06 6.53062e-05 0.000966101 0.000189509 0.00014786 8.15975e-08 0.000130236 0.0354989 4.3831e-12 0.00776429 0.00115733 1.05113e-05 8.90561e-09 0.000292119 
