0.00154721 0.0473585 0.399319 0.00344312 0.0556912 0.0398733 0.000203377 0.029847 1.07308e-05 0.000725202 3.72361e-05 0.000223583 0.0627254 0.00695359 0.0112334 0.191808 0.00033968 0.00812555 4.39666e-09 0.0754279 0.0419298 3.26767e-09 0.02238 0.000797296 
0.0174663 0.0311231 0.348104 0.0246737 0.00801156 0.0355097 0.00179096 0.125058 0.00296592 0.000454938 6.18037e-05 0.000593796 0.0194062 0.00163572 3.72616e-05 0.00966884 0.00950878 0.0751124 1.49529e-06 0.186382 0.0582076 7.0887e-05 0.038886 0.00526896 
0.00335784 0.00132299 0.928883 0.00400587 7.03386e-09 0.00669338 7.60358e-07 0.000825648 2.03831e-05 5.82941e-05 1.15105e-08 5.10231e-06 7.93816e-06 0.00115544 4.94702e-08 0.00416156 0.000411741 7.33599e-06 7.22955e-08 0.00575763 0.0427909 5.37452e-07 0.000522498 1.09469e-05 
0.00114347 0.07096 0.400893 1.37786e-07 0.000644311 0.0261584 4.73907e-05 0.00188384 0.000445391 0.00421905 3.53202e-05 0.000988145 0.00267778 0.0137889 1.63692e-06 0.0208679 0.000136782 0.0154485 1.44184e-06 0.0037886 0.00121649 1.49625e-05 0.0775384 0.3571 
0.00133901 0.0413997 0.385802 0.0334059 0.0185458 0.050083 0.00155847 0.0628955 0.000111865 4.84305e-07 2.2466e-05 0.000611818 0.000982193 0.00786919 0.000666469 0.00112687 0.000918041 0.00452653 1.57523e-11 0.0532096 0.274316 1.93238e-08 0.0571457 0.00346385 
0.126232 0.0493915 0.452528 0.0566792 0.000878764 0.0934901 0.000299764 0.0112913 3.28568e-05 0.00205162 3.3536e-11 0.000176008 0.0157903 0.00632737 1.44133e-10 0.017943 0.00113831 0.00348182 2.10635e-10 0.0363678 0.0898423 4.81963e-07 0.0260016 0.0100556 
2.92123e-07 0.139719 0.37342 8.19617e-06 0.0128836 0.0451844 0.000264511 0.119119 5.8524e-07 0.091632 4.84294e-05 4.76886e-07 3.29377e-05 0.00648281 4.31773e-07 3.83878e-06 0.0143511 5.05557e-06 7.21036e-07 0.165878 0.000492332 2.34736e-07 0.0262975 0.00417545 
0.014609 0.00171594 0.604611 0.00194878 1.66503e-05 0.0983684 5.85929e-07 0.0158 9.48704e-05 0.000392321 4.17201e-07 8.5799e-05 0.0388506 0.00106516 3.0887e-08 0.000389666 0.000416065 0.102404 1.00151e-05 0.0107519 0.00794927 3.35473e-08 0.0441773 0.0563423 
2.74722e-07 3.89506e-12 0.8093 2.7635e-07 3.16835e-12 0.0661735 1.34931e-11 6.61127e-07 1.54075e-07 8.13525e-12 3.11607e-09 1.3644e-11 3.05265e-12 1.0177e-11 2.22835e-11 2.22411e-08 5.70405e-08 4.44854e-12 3.2565e-11 0.000395195 0.123606 2.42028e-11 0.000523803 6.88449e-12 
0.00223004 0.00741613 0.256251 0.00231069 0.137629 0.0247317 0.000730127 0.00966076 0.000512539 3.84471e-07 0.00121463 7.02713e-11 0.0279048 0.00207457 0.000213121 0.00181894 0.0064794 0.031697 6.45105e-07 0.131563 0.000294293 6.33499e-05 0.241855 0.113348 
2.74722e-07 3.89506e-12 0.8093 2.7635e-07 3.16835e-12 0.0661735 1.34931e-11 6.61127e-07 1.54075e-07 8.13525e-12 3.11607e-09 1.3644e-11 3.05265e-12 1.0177e-11 2.22835e-11 2.22411e-08 5.70405e-08 4.44854e-12 3.2565e-11 0.000395195 0.123606 2.42028e-11 0.000523803 6.88449e-12 
0.0239741 0.0199439 0.783747 0.00468214 0.109966 0.0120092 0.00299591 0.00278756 0.000363887 0.000176697 0.000964903 0.00844618 0.000826677 0.00020491 0.00550592 1.90619e-09 0.000294864 0.0200157 1.66897e-12 1.64614e-07 0.000855637 8.33166e-09 0.00202351 0.000215233 
0.0139666 0.0146982 0.593394 0.00198093 0.00027303 0.240864 2.40031e-05 0.000380232 0.000850578 0.00665102 6.7697e-05 3.22659e-05 0.000238587 0.000246381 1.88251e-06 0.00103728 0.069246 0.00116269 1.55947e-07 0.00788535 0.0177288 1.55542e-07 0.0105256 0.0187448 
0.00553037 0.0113287 0.680346 0.00968608 0.00190263 0.0931467 0.00289446 0.00535123 0.000200315 0.00188906 6.60045e-05 1.0177e-05 0.0154283 0.0106329 0.000909937 0.00386818 0.0111426 0.0143407 0.000468827 0.0406831 0.0431727 2.15178e-09 0.0293937 0.0176071 
0.00485682 0.000805683 0.964983 0.000223166 0.0128295 0.00344132 0.000205818 0.000473429 3.25309e-05 0.000274275 3.60953e-06 0.000372644 0.000468121 0.000190749 5.20377e-05 0.00212136 0.000178367 0.00201663 2.65209e-12 0.00528608 0.000120982 6.33013e-06 0.000780441 0.000276743 
0.0032032 0.00631936 0.266425 0.13025 0.000140175 0.0213572 1.4111e-05 0.0592725 0.00168962 2.03229e-06 2.37225e-09 6.24266e-09 0.043213 0.036228 4.8003e-06 0.00543375 0.000100538 0.00404857 1.48998e-08 0.0582713 0.149137 1.21781e-06 0.214486 0.000402085 
0.0116703 0.01553 0.289756 0.0983111 0.0158881 0.0463868 0.00058655 0.141185 0.000344872 0.00692366 0.00375515 0.00812193 0.073638 0.000541888 0.000244274 0.0283888 0.0258652 0.0163586 1.63239e-07 0.0884912 0.029348 1.69252e-05 0.0941569 0.00448971 
0.0695435 0.0654067 0.326201 0.0016016 0.0147104 0.228882 3.12003e-05 0.0113344 0.00112271 0.00224928 1.48434e-05 0.000107234 0.00541169 0.000216646 8.02474e-06 0.0116531 0.00901142 0.00158841 6.71048e-08 0.0397847 0.0362889 2.69469e-06 0.117545 0.0572848 
0.0107913 0.00115219 0.937643 0.000375881 0.00922507 0.014287 6.88136e-05 0.00233316 6.60882e-05 0.000127304 2.35447e-06 0.000357963 0.000810483 0.00146942 0.000108654 0.0017689 0.000150068 0.00115552 6.98155e-12 0.00310282 0.00061251 2.73138e-06 0.0100505 0.00433809 
0.000940333 0.00202565 0.510168 0.091685 0.000301936 0.0695204 0.000218359 0.0730576 0.000269874 0.00693217 6.29443e-05 0.000686463 0.00806845 0.00332175 0.00016819 0.00800593 0.000573954 0.00108417 5.84281e-06 0.186587 0.00522777 9.64064e-08 0.0310333 5.43779e-05 
0.0569153 0.000216727 0.429759 0.00246183 5.70149e-08 0.223444 8.34472e-08 0.0166541 0.000123723 2.69272e-08 1.37536e-06 2.44062e-07 1.66325e-07 7.24672e-09 7.66739e-07 2.38453e-11 0.00616658 4.01334e-05 8.03374e-11 0.0122039 0.249092 1.0539e-08 0.00243576 0.000484462 
0.168408 0.00104819 0.322176 2.38889e-06 2.07783e-06 0.253997 3.78009e-09 0.00203453 3.03391e-07 1.61105e-07 1.45252e-09 1.26397e-06 4.35115e-06 0.0143326 8.59598e-07 0.048428 0.000640256 1.23384e-06 3.30303e-05 3.29125e-06 0.188679 2.69648e-06 1.19023e-05 0.000192288 
0.00425189 0.0282176 0.355086 0.00245116 0.331871 0.0251482 0.00666417 0.00409549 0.000806584 0.00163834 0.000597451 0.000847038 0.0146568 0.00139145 0.000391783 0.0132965 0.00280729 0.0189968 2.54363e-06 0.0672238 0.00059257 4.6602e-05 0.0159368 0.102983 
0.00945194 0.00385279 0.726997 0.00660736 0.0104018 0.0678149 0.000266672 7.80852e-05 0.000344259 0.00020223 9.40365e-06 6.47915e-05 0.0133712 0.00726941 0.00828284 7.72032e-05 2.29806e-05 0.000560423 0.000243378 0.0677883 0.0266049 1.20592e-06 0.0466105 0.00307645 
0.0045322 0.057044 0.489977 0.0237779 0.0173435 0.095476 0.000348 0.0122287 0.000275731 0.0016346 9.25185e-06 0.000562015 0.0205786 0.00781462 0.00028688 0.0124811 0.0141004 0.00920378 5.39746e-06 0.0754562 0.103115 8.1769e-06 0.0480962 0.00564491 
0.127405 0.00126104 0.310807 0.0149861 0.000334186 0.16171 9.65521e-06 0.0335155 5.23323e-05 0.000997392 8.92699e-07 1.42726e-05 0.00509719 0.000283782 4.18681e-06 7.49536e-05 0.0147266 0.000198679 6.16751e-06 0.108092 0.208239 4.5648e-07 0.0115012 0.000681022 
0.000212946 0.0550436 0.172672 0.0913879 0.0183171 0.112063 0.00188861 0.0879502 0.126501 0.000711233 1.2511e-05 0.0049279 0.00721055 0.0213887 0.000752366 0.0201033 0.000737756 0.00235225 1.03737e-06 0.131971 0.122942 9.39621e-08 0.0203546 0.000499172 
0.0406128 0.0230539 0.389641 0.0144216 0.00687179 0.204814 3.78362e-08 0.00543597 0.0014433 0.00075584 0.0785329 4.93463e-06 0.00884027 0.00405091 7.44635e-05 0.00225939 0.0132133 0.0117987 0.000243456 0.0234456 0.0076027 7.59452e-05 0.0820642 0.0807435 
0.00252008 0.000280744 0.468543 0.288599 5.13375e-06 0.007819 2.90991e-08 0.00464095 2.96649e-08 6.90772e-06 4.8895e-07 2.94244e-08 0.000776074 2.19476e-08 4.80564e-08 2.08451e-08 3.34073e-06 0.0285123 5.20348e-07 0.000878002 0.186385 5.21955e-08 0.0110257 3.69432e-06 
0.00114309 0.0535889 0.757876 0.00439822 1.63663e-06 0.0241096 0.00114193 0.0394953 2.23973e-07 3.84184e-06 2.55726e-06 7.52666e-07 0.00135835 0.0265046 1.6637e-07 0.000390975 4.90263e-05 0.00292268 1.98326e-10 0.0133528 0.0632682 1.53344e-07 0.00892652 0.00146418 
0.00183808 0.0606662 0.21613 0.0136413 0.0273232 0.181396 2.79461e-05 0.0183815 0.000369638 0.00548573 1.21047e-05 0.00561734 0.0316626 0.00327073 0.000789919 0.0139772 0.00137699 0.00500261 1.998e-07 0.054657 0.0546086 1.49083e-05 0.0952375 0.208514 
0.0381823 0.033162 0.490062 0.00621065 0.0759173 0.077196 0.016657 0.011354 0.0140331 0.000159609 0.0209186 0.00882116 0.00259319 0.00184173 0.00391652 0.000125424 0.00396471 0.0252581 3.49082e-10 0.0249754 0.00265441 0.000589362 0.0440091 0.0973987 
0.00616581 0.0114432 0.326732 0.0477806 0.130863 0.0239366 0.000962506 0.194574 0.000274393 0.00241588 0.000334407 0.000241549 0.0221676 0.046797 0.00136901 0.00135126 0.00291742 0.010273 2.83076e-08 0.0737952 0.0510547 6.3394e-05 0.0376018 0.0068859 
1.3857e-05 9.47292e-06 0.554361 6.83975e-07 0.00749203 3.12202e-05 1.02227e-09 1.73683e-06 1.04214e-09 6.16343e-10 2.75361e-07 1.0337e-09 8.90432e-06 7.7103e-10 1.68825e-09 7.323e-10 2.46929e-10 3.37031e-10 2.46719e-09 0.0175512 0.42052 1.83366e-09 4.59267e-06 5.00771e-06 
0.00129217 0.0931485 0.567675 0.00936941 0.12956 0.00266002 1.16978e-05 2.52278e-06 0.000162161 0.00025464 0.106984 0.0437131 0.00165443 0.000329455 0.00320657 2.3572e-08 0.000124985 0.0348458 2.46557e-11 2.03552e-06 0.000264267 1.83245e-11 0.00458007 0.000159753 
0.00106301 0.196692 0.297855 0.0198915 0.0134215 0.0477256 0.240308 0.0117888 2.03897e-05 0.00118716 0.0845954 0.00069216 0.00450486 0.00328241 4.77347e-05 0.0109284 0.00129931 0.00620824 8.80173e-07 0.0278934 0.00793307 3.31439e-07 0.00868169 0.0139789 
0.0480458 0.000869372 0.421283 0.00597339 0.00123577 0.220211 0.000110817 0.0225047 8.46191e-05 0.0014245 7.97342e-07 4.69618e-05 0.00109261 0.00727668 3.90275e-09 0.0122876 0.00402984 0.00289969 5.70346e-09 0.142962 0.0951859 8.56143e-08 0.00665705 0.00581785 
0.000183889 0.00319704 0.940199 0.00132742 0.0383528 0.00359364 7.33946e-13 5.31139e-08 8.6735e-05 0.000456687 2.11672e-06 0.00126327 0.00162988 0.00144687 0.000144509 2.02683e-07 0.000104696 0.00751629 1.77135e-12 5.88998e-08 0.000150941 1.31649e-12 3.41696e-08 0.000343393 
0.00129217 0.0931485 0.567675 0.00936941 0.12956 0.00266002 1.16978e-05 2.52278e-06 0.000162161 0.00025464 0.106984 0.0437131 0.00165443 0.000329455 0.00320657 2.3572e-08 0.000124985 0.0348458 2.46557e-11 2.03552e-06 0.000264267 1.83245e-11 0.00458007 0.000159753 
0.0145326 0.0487635 0.415284 0.129461 0.0517694 0.0407311 0.00148892 0.00361074 0.00015299 0.000635484 0.0120468 0.0103563 0.00660897 0.00095679 0.00665461 0.0214394 0.00194495 0.19128 1.5581e-09 0.00996612 0.0233613 1.84653e-08 0.00796455 0.00099045 
0.00178431 0.0298151 0.409527 0.00936443 0.396851 0.0161719 2.12469e-06 0.00147944 0.000161625 0.000899976 0.00193027 0.0082227 0.00368836 0.00032906 0.00821472 4.28244e-09 0.000997846 0.0872626 7.96595e-12 0.0135352 0.0021946 6.24937e-09 0.00721232 0.000355153 
0.0598584 0.03426 0.216792 0.00757291 0.0294811 0.216186 0.00100348 0.00769548 0.00331867 0.035381 4.96764e-05 0.000881428 0.0167615 0.000123642 0.000515354 0.000866476 0.00701236 0.0845067 6.72866e-07 0.0128761 0.147541 3.49988e-06 0.0697124 0.047601 
0.0457703 0.00433518 0.588752 0.00456144 0.00253447 0.19152 0.000137124 0.00668522 0.000206204 1.97887e-08 1.26118e-08 0.000442163 0.00425176 2.47552e-08 1.86101e-05 1.8449e-07 0.0437262 0.000173883 7.92131e-08 9.69128e-05 0.0456384 6.60721e-06 0.0501179 0.0110246 
0.00128692 0.00285608 0.319381 0.00124085 0.00870207 0.273387 1.20001e-07 0.0707889 1.65872e-07 3.29072e-10 1.21937e-08 5.519e-10 0.0481813 0.00985792 9.01371e-10 0.0566716 0.00837642 3.49036e-05 1.31726e-09 0.0113518 0.0469263 9.79007e-10 0.13988 0.00107587 
0.0958422 0.00123717 0.430399 0.00781708 0.000801324 0.141877 0.000491036 0.0102512 5.38808e-05 0.000774538 8.59518e-07 4.1092e-05 0.00565959 0.000354133 3.30465e-06 9.62799e-05 0.000680485 2.94722e-05 7.88581e-06 0.0596478 0.239006 1.49226e-07 0.00439334 0.000534746 
0.0499003 0.0627081 0.495943 4.77457e-08 0.280399 0.0658299 0.00106312 7.56518e-06 0.00475244 1.4468e-06 4.82954e-05 1.92969e-05 4.11365e-08 4.84032e-06 1.26736e-05 3.58114e-07 0.000393803 0.0142061 8.74898e-11 2.74006e-07 0.00183773 0.000909552 0.00843488 0.0135271 
9.22521e-05 0.00561858 0.488101 2.4126e-06 0.00452363 0.295559 1.59196e-06 0.00143468 0.0246653 3.61438e-06 4.44135e-08 0.000195173 1.99682e-05 0.00838233 1.52032e-05 0.00151851 0.00164097 0.0265634 0.000221273 0.00734684 0.0239371 2.07324e-07 0.0969188 0.013238 
0.00975993 0.000456062 0.732563 0.00104314 0.146807 0.0174413 5.09137e-05 0.000387495 9.21402e-05 0.00219046 1.62442e-06 6.56301e-05 0.00107742 0.000246877 0.000198494 0.000282259 0.000125287 0.0377619 3.86786e-12 0.047981 0.00114462 1.77165e-05 1.07804e-05 0.000295463 
0.00460804 0.0565034 0.501737 0.0318914 0.205514 0.0165322 6.29431e-07 0.0199003 0.000390981 0.00200182 0.00348006 0.0376412 0.00852363 0.00175372 0.00898975 0.000240407 0.00663885 0.0479678 1.2377e-12 0.0354461 0.000483274 9.19879e-13 0.00894393 0.000812214 
0.00425492 0.0396494 0.538676 0.131668 0.00440109 0.0696684 0.0109624 0.0271242 0.000166968 0.00185548 0.000103518 0.00283301 0.0386791 0.00339409 9.35293e-06 9.477e-06 2.04203e-06 0.000145537 1.82111e-08 0.0512113 0.00605135 2.26474e-07 0.0682476 0.00088655 
0.00512181 0.00109913 0.96792 0.000259526 0.0109318 0.00324501 0.000119947 0.000897074 3.64137e-05 0.000212099 3.73601e-06 0.000558748 0.000668937 0.00033133 7.12682e-05 0.00333541 0.000272805 0.00174472 2.40052e-12 0.00165514 0.000122616 5.13537e-06 0.00105177 0.000335224 
0.00511164 0.0543099 0.431534 0.0293972 0.0459924 0.0530944 0.0267691 0.113375 0.00612102 0.00337435 0.00438906 0.0235499 0.0293861 0.000701735 0.000165978 0.00142154 0.00128279 0.07185 7.60549e-09 0.0629881 0.00726624 8.85666e-06 0.00860713 0.0193034 
1.62756e-05 0.0113875 0.659711 1.7751e-08 0.000839311 0.0934514 0.0269556 7.46891e-05 2.68812e-06 1.10777e-05 7.36086e-06 3.86784e-05 0.00738981 0.00942665 0.00016655 0.000373535 0.000460507 0.000294186 1.85752e-07 0.00425807 0.0129204 1.07433e-05 0.163386 0.00881859 
0.00630546 0.00692226 0.573864 0.0697093 0.000408231 0.12753 0.00139588 0.0133305 7.8711e-05 0.00493098 8.59419e-06 1.8237e-05 0.0107493 0.00682567 8.95503e-06 0.00681461 0.0142013 0.000565911 1.7114e-08 0.0826526 0.0127263 4.88399e-07 0.0590817 0.00187154 
0.00129217 0.0931485 0.567675 0.00936941 0.12956 0.00266002 1.16978e-05 2.52278e-06 0.000162161 0.00025464 0.106984 0.0437131 0.00165443 0.000329455 0.00320657 2.3572e-08 0.000124985 0.0348458 2.46557e-11 2.03552e-06 0.000264267 1.83245e-11 0.00458007 0.000159753 
0.00169676 0.0234439 0.473342 0.0752993 0.00992206 0.118406 0.00241893 0.0312018 1.40979e-07 0.0267109 5.78774e-06 9.90691e-06 0.0150207 0.0108623 4.8145e-10 1.78044e-07 5.49636e-05 0.0140245 7.03588e-10 0.0161013 0.0224934 5.22917e-10 0.13626 0.0227253 
0.00028687 0.0199455 0.771792 0.00548641 0.0306565 0.0558269 7.70643e-06 0.00878991 0.00157724 4.08541e-07 1.94396e-07 6.33648e-05 0.00146419 0.00899745 4.45487e-05 0.0206697 4.51073e-10 6.15666e-10 4.50691e-09 0.0203862 0.00420812 5.81231e-05 0.00296026 0.0467784 
0.00549347 0.00264374 0.933463 0.000239417 0.0240581 0.00930819 0.000168204 0.000730755 0.000125246 0.000655948 4.54351e-06 0.000445536 0.00142347 0.000363168 0.000112097 0.00432471 0.00235479 0.00205521 3.67436e-12 0.00559741 0.000832015 5.39257e-06 0.00264261 0.00295295 
0.00975993 0.000456062 0.732563 0.00104314 0.146807 0.0174413 5.09137e-05 0.000387495 9.21402e-05 0.00219046 1.62442e-06 6.56301e-05 0.00107742 0.000246877 0.000198494 0.000282259 0.000125287 0.0377619 3.86786e-12 0.047981 0.00114462 1.77165e-05 1.07804e-05 0.000295463 
0.0265398 0.0183982 0.273158 0.00710502 0.0929194 0.0344801 0.000128913 0.046788 0.000348933 0.00539532 0.000564921 0.00391098 0.146428 0.0734961 0.000116668 0.1042 0.000841403 0.00522966 5.70375e-09 0.126594 0.00525544 0.000114818 0.0221434 0.00584306 
3.35347e-05 0.0307433 0.279417 0.0446288 0.00882497 0.0847579 0.00199282 0.0900089 0.134411 0.000712245 1.25306e-05 0.00349547 0.00612154 0.0156152 1.54476e-08 0.0201061 0.000738085 0.0340398 9.85331e-07 0.0752154 0.124723 9.84063e-08 0.0439603 0.000441437 
0.0338546 0.0137147 0.429415 0.0354441 0.0454813 0.154164 4.11482e-05 0.00570112 5.43828e-05 2.59374e-06 0.00133445 0.00206706 0.0619963 4.02388e-05 5.13088e-05 0.00939088 0.0054701 0.0899793 4.43025e-06 0.0468715 0.0452885 9.68078e-09 0.0123232 0.00730918 
0.00212621 0.0340736 0.336454 1.78577e-06 0.0116464 0.0497999 1.09045e-09 0.00142782 0.0202023 6.21088e-05 0.000959255 1.10265e-09 0.00597833 0.0148393 8.725e-08 0.0739663 5.67105e-05 4.06621e-06 1.93124e-06 0.00465802 0.143402 1.95597e-09 0.0516133 0.248727 
0.00307582 0.0124055 0.2581 0.0177042 0.0864709 0.169339 0.000380086 0.0525367 0.000197531 0.00184365 0.000265488 0.00740435 0.0428364 0.00118127 0.000917551 6.4114e-07 0.000510065 0.035814 3.13844e-10 0.105752 0.109879 4.70098e-06 0.0918466 0.00153425 
0.05665 0.0314524 0.323741 0.0295067 0.0360529 0.0764177 0.00913477 0.217832 0.0129175 0.00159784 0.00319848 0.00295763 0.0351447 0.00743251 0.000367048 0.00173995 0.0081905 0.00375204 1.20524e-07 0.0445526 0.0364851 2.03405e-07 0.0474912 0.0133846 
0.000337318 0.157565 0.387566 0.0116 0.0685005 0.0171439 0.000371376 0.0326955 0.00015138 5.38622e-05 1.88481e-05 0.00118866 0.121244 0.00108283 7.52048e-07 0.0444669 0.00125335 0.00443443 5.99355e-06 0.0830113 0.0456834 2.13955e-06 0.0196017 0.00202206 
0.00873719 0.0494335 0.370873 0.0387701 0.000589092 0.251193 0.000122081 0.022086 9.82777e-05 0.00341222 1.07539e-07 0.00212539 0.0238243 0.0193465 5.61323e-06 0.0322475 0.000670929 0.0089889 0.00231387 0.0439395 0.0528937 1.96434e-07 0.0515406 0.0167879 
0.00124701 0.00122061 0.365297 0.0333523 7.2298e-05 0.0110969 2.13267e-05 0.189447 5.65933e-05 4.24956e-11 5.71143e-08 0.000119684 0.0349657 0.000639779 1.16401e-10 0.000450241 3.93129e-05 2.32376e-11 1.70108e-10 0.229628 0.0704943 7.54109e-07 0.0616056 0.000246005 
0.00469181 0.00107281 0.970272 0.000231355 0.0107906 0.00311532 0.00010089 0.000754304 3.57035e-05 0.00018668 3.44959e-06 0.000524945 0.000617595 0.000294384 7.0111e-05 0.00259424 0.000220074 0.00169469 2.39769e-12 0.00128734 0.000117423 3.99598e-06 0.000995152 0.000325233 
0.00147852 0.000139661 0.948349 1.08772e-08 0.000201197 0.0252047 3.12038e-07 0.000243711 5.86094e-06 6.3248e-09 8.27028e-07 4.31025e-06 3.65087e-05 3.05419e-06 1.10074e-08 1.66149e-05 2.91137e-06 7.5995e-05 1.46065e-09 0.000360014 0.0237792 2.3009e-11 8.8882e-05 9.14622e-06 
0.0137525 0.00319122 0.853776 4.34848e-06 0.0082422 0.0686986 0.00692967 0.00011297 2.22541e-05 0.000225522 3.5653e-06 3.28933e-08 0.00163165 3.89299e-05 2.56257e-06 0.00446925 0.000368213 0.00731486 4.11844e-05 2.38319e-07 0.00145083 5.83489e-08 0.00756189 0.0221614 
0.00963397 0.000257444 0.422697 0.00145137 0.000351023 0.119739 2.59191e-06 0.0831337 2.13085e-08 1.10937e-11 7.70798e-06 1.86057e-11 0.000665905 0.00010351 9.88427e-09 4.06955e-05 0.00349524 1.21192e-07 4.44075e-11 0.123922 0.176824 8.09816e-09 0.0575227 0.000153032 
0.0163419 0.0363858 0.407666 0.0359469 0.018079 0.0190952 0.00634301 0.246078 6.68973e-05 0.00146989 0.000252028 0.00024748 0.0453532 1.99575e-06 8.98594e-08 0.000421838 2.16364e-08 0.00905763 2.94933e-08 0.0997373 0.000924921 1.2325e-05 0.0287808 0.027738 
0.0958422 0.00123717 0.430399 0.00781708 0.000801324 0.141877 0.000491036 0.0102512 5.38808e-05 0.000774538 8.59518e-07 4.1092e-05 0.00565959 0.000354133 3.30465e-06 9.62799e-05 0.000680485 2.94722e-05 7.88581e-06 0.0596478 0.239006 1.49226e-07 0.00439334 0.000534746 
0.00032245 0.0098758 0.504937 0.0242749 0.000690447 0.0287026 5.46167e-06 0.0011007 3.58163e-05 0.0912486 0.00162974 0.000391964 0.0629399 0.000459083 0.000364709 0.00100143 0.0369614 0.00774364 3.29976e-07 0.0119868 0.213605 3.24371e-06 0.00157209 0.000147529 
0.00510686 0.0788685 0.154992 0.057077 0.0295363 0.0586665 0.00509926 0.0441434 0.000718967 0.0260178 6.75482e-05 0.000122838 0.0944313 0.117815 0.0108692 0.00698922 0.00217885 0.0601046 6.95819e-05 0.0601794 0.0377275 1.48917e-05 0.141435 0.0077694 
0.00183644 0.146055 0.587424 0.0228331 0.0116206 0.0410065 0.00705329 0.0107891 0.00140078 0.000603265 0.000190922 0.000237674 0.0505212 0.0120608 0.000247261 0.00702764 0.000755404 0.00126626 5.01024e-06 0.0497708 0.0128227 5.09006e-06 0.0306461 0.00382092 
0.0112717 0.16235 0.25087 0.025314 0.012019 0.1539 0.000633027 0.0612479 0.00467553 0.000388493 7.09753e-05 1.70385e-05 0.00766716 0.00378844 3.80493e-06 0.0113609 0.030528 0.0143899 1.14365e-07 0.138291 0.00782569 4.23525e-06 0.0228103 0.0805719 
0.000488975 0.0944005 0.384809 0.0174268 0.00520065 0.0427576 0.00842879 0.0199818 5.83981e-05 0.00120032 6.40956e-05 0.00740496 0.293895 0.000955873 1.5455e-06 0.000810575 0.000212304 0.00419799 9.76502e-10 0.0346518 0.0579509 1.67496e-05 0.0247271 0.000357932 
0.00178431 0.0298151 0.409527 0.00936443 0.396851 0.0161719 2.12469e-06 0.00147944 0.000161625 0.000899976 0.00193027 0.0082227 0.00368836 0.00032906 0.00821472 4.28244e-09 0.000997846 0.0872626 7.96595e-12 0.0135352 0.0021946 6.24937e-09 0.00721232 0.000355153 
0.0165791 0.0103272 0.532586 0.0297206 0.0108621 0.0374309 0.00153229 0.0448122 0.000788296 0.00547331 1.47097e-05 0.0009923 0.0174822 0.00507864 6.00567e-05 0.00161646 0.000596963 0.00405511 6.67677e-09 0.105727 0.0763644 1.86835e-06 0.0951998 0.00269859 
0.0158753 0.0106379 0.361689 0.00884536 0.0382341 0.0655209 0.00201616 0.00373314 0.000213561 0.00831283 0.000151445 0.00161986 0.0310653 0.000146357 3.73068e-08 0.000694938 0.000263902 0.012401 6.51142e-11 0.221019 0.00830816 4.83939e-11 0.19916 0.0100928 
0.001732 0.012222 0.681885 0.0463991 0.161225 0.00247584 9.48845e-06 0.00200551 3.04361e-05 0.000126217 8.90475e-05 0.000277545 0.00520465 0.00360084 4.24029e-05 0.0116798 3.36024e-05 0.045942 6.85085e-08 0.0115033 0.000236813 0.00118914 0.00561901 0.0064709 
0.00307582 0.0124055 0.2581 0.0177042 0.0864709 0.169339 0.000380086 0.0525367 0.000197531 0.00184365 0.000265488 0.00740435 0.0428364 0.00118127 0.000917551 6.4114e-07 0.000510065 0.035814 3.13844e-10 0.105752 0.109879 4.70098e-06 0.0918466 0.00153425 
0.00895242 0.000452847 0.743857 0.00108854 0.147187 0.0182525 5.06475e-05 0.000317674 9.36363e-05 0.00228136 1.48788e-06 6.5147e-05 0.0010584 0.000229017 0.000182847 0.000199958 0.0001291 0.0376528 4.04216e-12 0.0364822 0.00114505 1.55525e-05 7.63884e-06 0.000297478 
1.54666e-05 0.0146078 0.330034 0.00142652 3.5705e-05 0.174425 1.25073e-08 0.00517212 0.000720801 0.00264596 4.80599e-09 0.00390627 0.057763 0.019473 2.06554e-08 0.175095 0.000165176 5.27177e-06 3.01857e-08 0.0251107 0.0361162 2.24345e-08 0.0159999 0.137282 
0.0118912 0.0200401 0.58947 0.00709 0.0134363 0.0830744 0.00408183 0.0208008 0.00316101 0.00416717 3.52269e-05 0.000393123 0.0199762 0.00791748 4.54154e-05 0.00798658 0.0131501 0.0130082 0.000552206 0.0639578 0.0630024 2.22127e-06 0.0416947 0.0110651 
0.00823697 0.00776904 0.441911 0.0131903 0.00972476 0.100494 0.000618153 0.0309834 0.0013912 0.00446823 6.98899e-05 0.0341362 0.0137418 0.00211649 0.000700657 0.0132193 0.00648435 0.132526 3.10734e-07 0.0472514 0.0839575 2.18321e-05 0.0249476 0.0220393 
2.98712e-05 0.000448495 0.65548 0.00309278 0.00496241 0.100833 9.2582e-06 0.000316435 0.000497888 0.000364945 1.60479e-06 0.0464372 0.0111318 0.00103997 0.000524525 0.00169412 0.0386241 0.0178637 3.77724e-08 0.0217739 0.0841511 6.33188e-07 0.0084273 0.00229515 
0.00740141 0.00321026 0.244201 0.11963 0.00907531 0.210732 0.00093697 0.000375351 0.00552361 0.169234 9.47126e-06 5.52156e-05 0.00667499 0.000204479 0.0010284 3.95837e-05 0.177962 0.0138673 9.36792e-07 0.00867667 0.00835361 1.54637e-06 0.012757 4.8758e-05 
0.00104955 0.0300593 0.516832 0.0198336 0.0146243 0.0230736 0.000532324 0.0349968 1.28718e-05 4.60621e-05 5.26752e-06 0.0012743 0.0121201 0.000391888 0.00378003 0.00543005 0.000710855 0.000328698 2.69645e-08 0.081363 0.193938 1.44685e-09 0.0560412 0.00355614 
0.00784628 0.0406184 0.28731 0.0239458 0.0365312 0.036753 0.000251651 0.0996746 1.9154e-05 0.000358704 4.57819e-07 0.000406909 0.113396 0.00283879 0.00100731 0.0694607 0.0515441 0.00212593 4.60322e-11 0.114355 0.0638966 1.93641e-08 0.0475009 0.000158408 
0.000165179 0.0573413 0.507171 0.116137 0.00547739 0.0131269 2.96672e-06 0.0620156 1.87045e-06 0.00295653 5.24135e-05 0.026111 0.11531 0.00116566 2.04238e-06 0.000765036 0.000263924 0.000750653 3.62631e-09 0.03642 0.00763801 2.69513e-09 0.0471251 3.40145e-07 
0.00064174 0.00715743 0.924602 5.9087e-05 0.00125146 0.0407509 3.6081e-07 0.00344311 1.72196e-05 1.02411e-05 3.73975e-06 1.29654e-05 0.000975617 2.62199e-08 7.86988e-07 2.61107e-08 7.63773e-06 6.7435e-08 3.01809e-11 0.00146276 0.0157756 1.11885e-08 0.00362622 0.000201359 
0.00683217 0.000470722 0.582126 0.00330728 0.00971387 0.0950502 2.90232e-06 0.0001521 6.34668e-08 4.96012e-08 2.84572e-06 2.47131e-05 0.0499756 1.01307e-05 1.69495e-10 0.0433916 9.12834e-05 3.38369e-11 2.47699e-10 0.148961 0.0503059 1.84093e-10 0.00954251 3.88417e-05 
0.00574604 0.0174421 0.531287 0.0187525 0.00254617 0.062848 2.58783e-05 0.0133857 3.63652e-05 0.0134798 6.98686e-07 6.78658e-05 0.0134382 0.000155886 2.88863e-08 0.00260744 0.0001151 1.17964e-06 9.21141e-07 0.0714835 0.0817187 7.23617e-06 0.156203 0.00865037 
0.00106044 0.000144803 0.991535 1.16002e-06 0.000146748 0.00101211 5.02961e-06 1.22059e-06 0.000253288 0.000224162 1.93266e-06 0.000261081 0.000530567 0.000153123 8.30628e-06 0.00111963 1.2149e-06 0.000232794 1.21387e-05 0.000218627 0.00147785 9.0217e-06 0.000527781 0.00106242 
0.0288859 0.01944 0.536221 0.00469927 0.00119348 0.174045 0.00174304 0.0269931 6.58706e-06 0.000652406 3.44677e-06 2.58491e-05 0.000432849 1.78798e-05 0.00348364 7.271e-05 0.00757753 0.00489262 4.70707e-06 0.0668059 0.112811 7.43335e-07 0.00979183 0.000199385 
0.0131804 9.68241e-07 0.710823 0.012099 4.99489e-07 0.0387167 5.35098e-06 0.0371258 2.36237e-05 2.60797e-10 1.18258e-09 5.4595e-07 0.0104043 7.7175e-07 4.4863e-08 1.25301e-05 6.97972e-05 3.20295e-07 1.04396e-09 0.08375 0.0771865 7.75885e-10 0.0165995 1.81705e-07 
0.0213272 0.0840959 0.379391 0.00288886 0.326126 0.0522637 0.00893243 0.00390101 0.00104544 0.00210577 0.000290856 0.000170808 0.00576343 0.00226934 0.00384199 0.000341343 0.016698 0.0112841 4.06828e-11 0.0229801 0.00145535 6.95115e-05 0.0417976 0.0109608 
0.000439722 0.120487 0.306985 0.053703 0.0322936 0.045413 0.00550654 0.0308693 0.000100933 0.000683114 0.0176582 0.0216085 0.247851 0.00361451 9.01657e-06 0.0164392 0.000154743 0.00490523 1.84153e-09 0.0472559 0.0140163 0.000137829 0.0288481 0.00102015 
0.00482216 0.000621109 0.395827 0.0149783 0.000164923 0.0536654 3.14859e-05 0.176436 1.75957e-08 2.65854e-08 1.23345e-06 5.73927e-06 0.00183709 0.000131267 8.18246e-09 3.01302e-05 0.00134105 2.21435e-05 7.84989e-11 0.121028 0.149885 4.64781e-09 0.0790876 8.49845e-05 
0.00485972 0.00100156 0.895664 0.000358423 0.0412685 0.00895542 2.28064e-05 0.000169749 0.00227626 0.000484573 6.2812e-06 0.00950592 0.00561526 0.00163019 9.51957e-05 0.0025258 0.00610067 0.00347099 3.92171e-12 0.0111796 0.00178065 1.25847e-06 0.00202391 0.00100376 
0.00362051 0.0104397 0.689948 0.0214713 0.00303899 0.0326357 0.00101259 0.0596736 0.000152665 0.0019283 9.05917e-06 0.00231288 0.0158215 0.00469948 0.00149449 0.00583534 0.00150662 0.000969874 1.00069e-06 0.0483401 0.0432649 1.21357e-07 0.0507879 0.00103564 
0.00590274 0.0126005 0.463279 0.00943944 0.00516599 0.184513 0.000101626 0.00335024 0.000535633 5.98056e-08 6.00603e-06 0.000257429 0.000533921 0.00660651 0.000123643 0.00477246 0.00206095 0.0176486 0.0198404 0.0117643 0.23666 2.92344e-07 0.00597021 0.00886706 
0.0101022 0.030111 0.331976 0.0180647 4.80341e-05 0.0972126 0.000325877 5.80189e-05 0.00174752 0.000849987 4.61233e-05 0.00361185 0.0298005 0.00916163 0.00208864 0.0184164 2.39069e-07 7.62273e-05 2.38867e-06 0.00463825 0.087083 1.77529e-06 0.316046 0.0385306 
0.00154602 0.0439729 0.309824 0.0215905 0.0240385 0.279458 0.00705299 0.0087933 0.000100395 0.000200554 0.00531201 0.000250379 0.00864144 0.00499615 0.0430749 0.00713649 0.0414767 0.00415406 5.12308e-09 0.0594968 0.109309 5.23726e-08 0.0133691 0.00620512 
0.00325368 0.0176875 0.573842 0.000348095 0.00167395 0.281049 1.24385e-05 0.00457544 7.33409e-10 0.00159314 3.97138e-08 1.94312e-07 0.00582431 1.4262e-05 1.1881e-09 0.00359779 0.0134611 0.00744903 5.56835e-07 0.0123716 0.0171006 1.29044e-09 0.0230738 0.0330718 
0.0154864 0.0187229 0.335174 0.00588888 0.00985434 0.0390187 0.00105944 0.0548431 0.00010285 0.00244385 1.01225e-06 0.0231482 0.0930261 0.00880934 4.06824e-05 0.0082715 0.0029413 0.00859452 3.06104e-07 0.139457 0.0586572 0.000209074 0.0724927 0.101756 
0.0239741 0.0199439 0.783747 0.00468214 0.109966 0.0120092 0.00299591 0.00278756 0.000363887 0.000176697 0.000964903 0.00844618 0.000826677 0.00020491 0.00550592 1.90619e-09 0.000294864 0.0200157 1.66897e-12 1.64614e-07 0.000855637 8.33166e-09 0.00202351 0.000215233 
0.000265013 0.0650635 0.381835 0.00446652 0.0184771 0.0858008 0.000218998 0.100119 0.00236852 0.00153273 0.000273112 0.000108261 0.0017171 0.00103042 7.43373e-06 0.0489973 0.000210615 0.00634842 5.28188e-09 0.00757564 0.238602 2.68467e-07 0.0161404 0.0188416 
0.061195 0.000364457 0.443451 0.00135527 4.72348e-05 0.264098 0.000902284 0.0103215 8.82727e-05 4.71636e-09 4.64782e-06 0.000548606 2.91033e-08 2.20585e-05 3.04461e-07 2.15475e-08 0.0192954 0.00193055 3.39551e-11 0.00878865 0.166195 1.13133e-07 0.0203602 0.00103044 
0.000276669 0.00301172 0.835779 0.0272457 0.0273131 0.000288444 0.000274695 4.04714e-08 1.70011e-07 0.000295921 6.40818e-08 0.000242328 0.000405725 0.00132801 2.75414e-07 0.00778186 4.0283e-08 5.4982e-08 4.02489e-07 0.0210413 0.058215 2.99136e-07 0.00041539 0.016084 
0.0262353 0.0180587 0.432804 0.0017973 0.00106216 0.221691 0.00734527 0.00734638 0.00312363 0.00407389 1.38575e-05 9.99882e-05 0.0131255 0.00901638 7.39672e-05 0.000165952 0.00113699 0.000240083 3.00285e-06 0.0198355 0.218367 7.66551e-06 0.00685486 0.00752272 
0.00975993 0.000456062 0.732563 0.00104314 0.146807 0.0174413 5.09137e-05 0.000387495 9.21402e-05 0.00219046 1.62442e-06 6.56301e-05 0.00107742 0.000246877 0.000198494 0.000282259 0.000125287 0.0377619 3.86786e-12 0.047981 0.00114462 1.77165e-05 1.07804e-05 0.000295463 
0.0470608 0.00709232 0.513194 0.0105218 0.00533383 0.0651742 0.00235038 0.00603007 0.000103393 0.000664327 6.76112e-07 8.02534e-05 0.00340711 0.00790592 8.72424e-08 0.023998 0.00066264 0.000332888 0.00138542 0.0137196 0.289011 3.81431e-07 0.00165786 0.000313014 
0.00508442 0.0282668 0.365547 3.1892e-10 1.07998e-05 0.207513 2.01562e-06 0.00201539 9.14033e-07 8.33703e-10 7.74513e-07 1.39824e-09 0.0883903 0.00493019 1.0649e-06 0.0176988 0.0396139 3.48685e-06 4.52402e-05 0.00539089 0.218909 1.60824e-06 0.0165647 9.84957e-06 
0.00129217 0.0931485 0.567675 0.00936941 0.12956 0.00266002 1.16978e-05 2.52278e-06 0.000162161 0.00025464 0.106984 0.0437131 0.00165443 0.000329455 0.00320657 2.3572e-08 0.000124985 0.0348458 2.46557e-11 2.03552e-06 0.000264267 1.83245e-11 0.00458007 0.000159753 
0.00711623 0.000451031 0.780106 0.00113858 0.142713 0.0196474 4.53727e-05 0.000151192 9.49943e-05 0.00231313 1.18027e-06 6.53062e-05 0.000966101 0.000189509 0.00014786 8.15975e-08 0.000130236 0.0354989 4.3831e-12 0.00776429 0.00115733 1.05113e-05 8.90561e-09 0.000292119 
0.00651755 0.00265292 0.830393 0.00281049 0.000130806 0.0570255 0.000163618 0.00100748 7.75272e-08 0.000259462 3.88657e-09 7.85324e-06 0.00710539 0.000647807 1.70204e-07 5.16361e-06 0.0365217 2.30819e-07 6.35344e-10 0.0344036 0.00603307 4.72197e-10 0.0140219 0.00029171 
1.33369e-06 0.0317386 0.280843 0.00118472 0.0276131 0.130274 0.0251384 0.00561705 0.000660886 0.102554 1.07913e-07 5.06423e-05 0.0136893 0.00653067 2.87672e-10 0.0568281 3.54653e-07 0.00170077 4.20403e-10 0.133309 0.0119163 4.33848e-05 0.150613 0.0196935 
0.00166351 0.0337959 0.321881 0.159732 0.000105534 0.0536031 0.000133042 0.187039 2.04029e-06 0.00109086 8.83332e-08 3.63508e-06 0.025702 0.0139093 2.00074e-07 0.0116301 8.86519e-06 0.00096799 2.56658e-07 0.103435 0.0632127 1.09691e-07 0.0220841 2.30362e-07 
0.0683348 0.0439187 0.300684 0.006474 0.203663 0.0512824 0.00450309 0.0107956 0.00052558 0.0032727 3.11696e-05 0.000492421 0.0263667 0.00413976 7.98775e-05 0.0363576 0.0475158 0.00729313 1.03755e-09 0.0145586 0.0256545 3.30931e-11 0.13867 0.00538588 
0.00222811 0.0275287 0.757081 2.9296e-05 0.00192046 0.0950125 0.000280478 0.0132353 0.000204903 4.39841e-05 3.26792e-09 0.000167303 0.0105472 1.71385e-05 7.07005e-07 0.0164457 0.000121816 0.000721565 1.76491e-09 0.00695453 0.0213142 1.31171e-09 0.00952306 0.0366217 
0.00586565 0.0313377 0.678294 0.0115875 0.0150461 0.0680281 0.00116478 0.00231506 4.76632e-09 0.00128687 9.54777e-05 3.7879e-07 0.00178209 0.00521548 2.6526e-06 0.0159063 0.00117205 1.88189e-06 3.14554e-06 0.00655635 0.0178337 8.38635e-09 0.106977 0.029528 
0.000413886 0.0202173 0.47435 0.0163597 0.0118235 0.0309359 0.00295141 0.0578182 6.57449e-05 0.000203171 4.04605e-06 5.2995e-05 0.0348094 0.0107149 0.000587985 0.0401139 0.0119402 0.000307728 1.08962e-07 0.0408572 0.20678 2.78322e-10 0.0382999 0.000393098 
0.000379981 0.00523468 0.280146 0.0171919 0.0608487 0.0171712 0.000848876 0.228656 0.102547 0.0513444 7.8938e-06 0.00010032 0.0125652 0.00320573 2.68209e-06 0.000117411 1.63502e-05 0.123805 1.43693e-07 0.0535173 0.00238137 7.13016e-05 0.0356023 0.00423818 
0.0778846 0.00037391 0.461558 0.000434055 0.155363 0.192297 0.0183761 0.00114897 3.28984e-07 0.000474227 1.73958e-06 3.26317e-07 7.3009e-08 2.43399e-07 5.32946e-07 5.14326e-05 7.79505e-08 0.000680708 7.78844e-07 0.000265025 0.052631 1.56619e-05 0.00183625 0.0366061 
0.00975993 0.000456062 0.732563 0.00104314 0.146807 0.0174413 5.09137e-05 0.000387495 9.21402e-05 0.00219046 1.62442e-06 6.56301e-05 0.00107742 0.000246877 0.000198494 0.000282259 0.000125287 0.0377619 3.86786e-12 0.047981 0.00114462 1.77165e-05 1.07804e-05 0.000295463 
0.0123914 1.41273e-05 0.926271 4.35095e-06 6.15574e-05 0.0125219 3.10736e-07 0.00166006 3.16778e-07 1.87348e-07 3.13892e-06 3.1421e-07 1.10719e-05 2.34368e-07 5.13172e-07 2.90222e-06 0.000205931 9.72181e-06 1.02325e-05 0.00243149 0.00615244 9.9509e-06 0.0217841 0.0164533 
4.04602e-10 6.29129e-06 0.449724 1.68669e-10 1.71723e-10 0.0500409 4.16923e-06 6.5684e-07 7.45539e-10 2.95464e-06 2.81013e-10 3.47636e-06 1.82162e-07 1.65531e-06 1.20775e-09 1.53502e-05 1.7665e-10 2.41108e-10 1.765e-09 6.47253e-06 2.34739e-10 1.31178e-09 0.203819 0.296375 
0.00288338 0.0244518 0.282515 0.0743337 0.0107721 0.0803924 3.14929e-05 0.128781 0.000693374 0.016757 5.181e-06 0.000472957 0.0499947 0.0142783 1.33984e-06 0.0544597 0.000555371 0.0676084 2.49721e-08 0.0703413 0.0919851 6.06547e-07 0.0209637 0.00772177 
0.0147726 0.0440666 0.362845 0.0274285 0.111278 0.0233722 0.00782182 0.0172732 0.000200062 0.0023046 0.0220924 0.0103601 0.0343821 0.0030589 0.00631258 1.03922e-05 0.000868755 0.180577 1.44116e-11 0.0546718 0.00396997 9.8142e-06 0.068043 0.00428079 
0.00261112 0.0246677 0.71929 0.0173258 0.000971483 0.0679777 0.000682258 0.0183806 0.000248209 0.000953189 4.72629e-05 0.000147994 0.0222692 0.0161972 0.00127183 0.00444459 0.00572928 0.0035818 4.41933e-05 0.00422682 0.024963 3.87835e-08 0.0153947 0.0485742 
0.0149438 0.0541695 0.39712 0.00578887 0.000115107 0.287459 0.00100211 0.0168552 0.000293785 4.45563e-06 1.14175e-06 1.21272e-05 0.000944821 0.0288869 2.42939e-06 0.00627177 0.0204408 0.00365858 8.00072e-07 0.0269734 0.00805701 2.34365e-08 0.108945 0.0180537 
0.000164727 0.0573323 0.535641 0.116121 0.00547399 0.0131241 2.14697e-06 0.0620024 1.35354e-06 0.00295402 5.15763e-05 0.0260587 0.0869643 0.0011615 1.64118e-06 0.000763229 0.00026343 0.000749464 2.14489e-09 0.0364144 0.00763511 1.59412e-09 0.0471187 1.84712e-07 
0.0221914 0.0108637 0.29428 0.0173908 0.0134804 0.177 0.00128155 0.0186517 0.00158148 0.0021013 0.000271643 0.00259823 0.0187417 0.00476148 0.00252289 0.00537318 0.247562 0.00799783 6.39538e-06 0.0518 0.0571689 0.000663126 0.0360436 0.00566596 
0.0360386 0.00216685 0.523522 0.000767198 0.000498917 0.0658366 5.41812e-05 0.0190018 0.025572 8.76213e-08 2.37213e-05 1.67987e-07 0.000778859 6.69692e-05 2.79815e-06 0.00156497 0.00360145 1.71719e-05 2.10155e-09 0.286155 0.0264571 8.30901e-06 0.00628108 0.00158436 
0.000394827 0.0114436 0.832274 0.0874248 7.99132e-08 0.0172456 2.34937e-09 0.000376237 1.77853e-07 1.41648e-09 1.44717e-08 3.62712e-07 7.91264e-05 0.000475098 3.87992e-09 0.00152776 0.000242638 0.0237898 5.67009e-09 0.00813457 0.014115 3.60891e-07 0.00207798 0.000398114 
0.0398367 0.0122248 0.7156 0.00293929 0.00054735 0.0477787 0.0337235 0.00310152 0.0267215 5.25887e-05 0.000162454 1.77488e-05 0.00818282 0.00489204 1.1294e-06 6.20679e-05 5.32254e-06 0.000533035 8.44988e-11 0.00342173 0.0895426 3.60838e-07 0.00589499 0.00475754 
0.00169045 0.0353327 0.556247 0.0131962 0.0168787 0.0350045 0.0055632 0.0198136 0.000416191 0.00200002 2.99048e-05 1.59519e-05 0.00725209 0.00270404 0.00150096 0.0374746 0.00665921 0.000988166 5.95554e-08 0.136206 0.106437 1.10143e-06 0.00817983 0.00640897 
0.00176541 0.159672 0.485385 0.0311721 0.0227924 0.0174021 0.000955986 0.03338 0.00141541 0.00283549 3.5116e-05 0.0100121 0.0974965 0.0319382 9.04238e-05 0.00350622 0.000152627 0.00847767 4.07989e-08 0.0296956 0.0286552 3.75365e-07 0.0269498 0.00621363 
0.000547711 0.017659 0.46193 0.00986126 0.0630205 0.0405173 0.003732 0.0365165 0.00110426 0.00490756 1.06286e-05 3.67882e-05 0.0180696 0.00886527 8.68814e-05 0.0200369 0.00483827 0.00734225 1.00472e-07 0.134966 0.00877357 1.87837e-05 0.152075 0.00508396 
0.000379457 0.0516855 0.546679 0.0168751 0.0107441 0.033146 0.000530498 0.0406687 0.00412783 0.00754793 1.57044e-05 0.00519884 0.0186732 0.00341408 0.00317597 0.0224445 0.0167598 0.00230479 3.35914e-07 0.0494775 0.142099 9.05886e-08 0.018622 0.00543014 
0.005683 0.0619127 0.357355 0.0312673 0.0339465 0.0989496 0.00601087 0.0698919 9.29503e-05 1.14359e-05 3.72806e-07 0.000435109 0.0761551 0.00152867 0.0061917 0.0222843 0.00250648 0.00275247 1.02553e-10 0.0396353 0.101749 7.62193e-11 0.0804149 0.00122547 
0.00704761 0.00110525 0.241242 0.0416733 0.144736 0.0383142 1.265e-07 9.684e-07 1.43673e-09 4.23135e-05 3.38194e-05 0.000160516 1.97665e-05 1.2738e-05 2.32747e-09 0.152229 0.000770139 0.00227922 3.40135e-09 0.0908506 2.84297e-05 2.52794e-09 0.149912 0.129541 
0.0140568 0.0143003 0.445864 0.00796428 0.00338591 0.241129 0.000577856 0.0199519 0.000189974 0.00574367 1.04547e-05 0.000674641 0.0100934 0.00200146 1.22047e-05 0.00212798 0.0148896 0.00362222 1.75662e-05 0.0249437 0.177126 4.03666e-08 0.0108621 0.000454332 
0.00684069 0.006021 0.875905 0.000256051 0.0449619 0.0201837 0.000113936 0.00110513 0.000297532 0.00136938 6.44146e-06 0.00053572 0.00315985 0.000651337 0.000220339 0.00816419 0.00640802 0.0020792 5.58562e-12 0.00553979 0.00216534 4.48954e-06 0.00606038 0.00795093 
0.00966765 0.0011022 0.949081 0.000314768 0.00889025 0.0123571 2.28199e-05 0.00194177 6.42809e-05 6.51674e-05 1.63413e-06 0.000271138 0.000701752 0.00123924 0.000106564 2.04065e-07 2.36954e-05 0.00101312 6.65124e-12 0.00226455 0.000522475 1.29198e-08 0.00739955 0.00294863 
0.0537546 0.000377252 0.651671 0.00060585 0.000157897 0.244339 8.13744e-05 0.00118577 0.000310357 0.000237261 2.25645e-06 0.000587744 9.75283e-05 7.71704e-06 6.32975e-08 0.00114038 0.0140548 5.42331e-05 3.4795e-09 0.00376015 0.00868445 4.55408e-07 0.0062913 0.0125981 
0.0326696 0.00524997 0.727781 0.00882508 0.000377161 0.048556 0.00651977 0.0164399 0.00645055 1.04135e-05 2.05987e-05 6.81779e-05 0.0105375 0.00129038 7.17169e-07 0.000118317 5.97911e-05 0.000407464 4.79504e-10 0.0316417 0.0889743 1.9184e-08 0.0130664 0.000935009 
0.0034736 0.0290445 0.49744 8.11963e-06 0.00320236 0.0975194 0.0337114 0.0546037 0.000181962 0.000113087 0.000111259 0.00055988 0.00613414 0.00757461 0.0732676 0.000115405 0.000864607 0.000253162 2.98167e-06 0.0194169 0.0134325 8.21989e-08 0.151839 0.00712967 
