0.00437712 0.0569184 0.0118457 0.0153991 0.0942466 0.00739891 0.000279978 0.00350282 0.00108099 0.00477608 2.37096e-05 6.10267e-06 0.101183 0.000119826 5.92898e-05 0.00352635 0.00981589 0.000335997 0.00144331 0.436115 0.0026357 5.61097e-07 0.241043 0.0038656 
0.00124916 0.00948878 0.00203847 0.0203007 0.0425184 0.0636249 0.00718599 0.0617082 0.0241516 0.000590307 0.000211402 0.00169724 0.0323466 0.00519081 5.44569e-06 0.00776544 0.00712171 0.0143006 2.87669e-05 0.538868 0.0437398 4.23059e-06 0.0579352 0.0579287 
0.00291767 0.333456 0.000585541 0.0603549 0.109796 0.00682395 0.028356 0.0564129 0.00108275 0.000810786 0.00542678 0.00497548 0.0167386 0.00089616 0.000210667 0.00773855 0.00321859 0.120652 0.000736241 0.192542 0.000426091 6.90643e-05 0.0409138 0.00485882 
0.000692219 0.216886 0.00348655 0.0141979 0.0493477 0.023836 0.398314 0.0303371 0.00214654 0.000506583 0.0504862 0.0300009 0.00806469 0.000983897 0.00327123 0.000653241 0.00728055 0.0137936 0.000399009 0.12587 0.00483084 2.9761e-07 0.00947749 0.00513727 
0.016418 0.00716773 0.000901466 0.243747 0.0196984 0.0272908 0.00267214 0.0910652 3.14435e-05 0.00912065 0.00458051 0.031635 0.104924 6.24659e-06 0.000665538 6.7238e-06 0.00492774 0.327877 1.45509e-06 0.0392576 0.00596243 1.23372e-06 0.0597201 0.00232207 
0.00310223 0.0368217 0.0410271 0.0140906 0.00423584 0.352313 0.0179157 0.00765352 0.00332395 0.00873664 0.000361344 0.0002333 0.0470206 0.12436 2.56162e-05 0.0189181 0.000104158 0.00960324 0.00407094 0.0197481 0.0611859 1.61664e-06 0.07928 0.145867 
0.00754703 0.0304641 0.00755326 0.0365255 0.00136799 0.137939 4.52063e-05 0.102801 9.49775e-06 0.00140634 7.35368e-06 4.99073e-05 0.0236583 0.208573 3.9868e-05 0.00826876 0.00537672 0.000329221 0.0288685 0.00585691 0.0149612 3.8927e-06 0.37805 0.000297596 
0.000297554 0.17913 0.0135278 0.00630032 0.699857 0.00536235 0.000394458 0.0021534 0.000141705 0.00243541 0.000520282 4.1669e-06 0.0425302 0.00105645 6.07357e-06 0.0195563 8.49411e-06 0.000105385 1.26687e-07 0.0170579 0.00102612 9.41555e-08 0.00796753 0.000561351 
0.000472445 0.1315 0.00662905 0.0306012 0.0617449 0.0192967 0.00719829 0.0776113 0.000126105 0.000439932 2.00429e-05 3.62752e-05 0.0680861 0.00472728 0.0045071 0.00324287 0.00754274 0.00724814 0.00162199 0.1545 0.00862758 3.25425e-06 0.397554 0.00666289 
0.000305976 0.0528587 0.000720508 0.0978481 0.00402444 0.00383458 0.000763751 0.468455 1.59812e-05 0.00136407 8.36352e-06 2.32262e-05 0.0572285 0.00411584 2.44586e-05 2.22511e-05 0.00415841 0.115446 4.79613e-05 0.144192 0.00115701 2.59252e-06 0.0427504 0.000631362 
2.80318e-05 0.301646 0.146905 0.0100175 0.243137 0.00429384 0.00989432 0.00151346 5.8372e-08 0.00200113 0.089684 0.0987859 0.0206224 0.000202098 0.000863205 7.29935e-06 4.09492e-06 0.036343 1.78398e-10 0.00789879 0.000247743 1.32588e-10 0.0249185 0.000986755 
0.00515117 0.000732542 0.0001775 0.00363443 0.0019761 0.0307215 0.000573456 0.00868286 0.000214093 0.0134861 1.23254e-05 2.81514e-05 0.0179143 2.24e-06 1.33392e-06 0.000229677 0.742419 0.00583499 5.99581e-10 0.125547 0.0376723 4.13474e-10 0.00490288 8.61311e-05 
0.0940858 0.00366247 8.45769e-05 0.110753 0.0136376 0.333852 0.00141262 0.00860078 0.0231055 0.00404455 3.66531e-05 0.000102166 0.0113593 0.00166083 0.00132127 8.16486e-07 0.104732 0.0143979 1.21681e-06 0.224422 0.0419934 6.04728e-12 0.00660016 0.00013353 
0.000338237 0.0529479 0.0106762 0.0541398 0.383568 0.00872519 0.000287352 0.0218712 0.00189671 0.00214327 2.09078e-06 9.31928e-05 0.0824277 0.00683443 0.0118849 0.0492403 0.00446047 0.00465667 1.44252e-07 0.271933 0.0148467 1.21456e-08 0.0170243 2.5674e-06 
5.1405e-06 0.162082 4.71123e-05 0.00704381 0.0370005 3.20988e-05 0.000155089 0.0014584 7.06487e-05 0.00329552 0.0073961 3.69669e-07 0.00937325 0.758616 2.05533e-05 0.00963558 7.20276e-06 5.6896e-05 3.33031e-07 0.00169467 0.000151075 1.39275e-10 0.00179126 6.6269e-05 
0.00203295 0.00914068 0.000365255 0.0288513 0.0431414 0.597042 0.00497342 0.0391032 0.00107963 0.0199312 0.000187912 0.0426713 0.0307207 0.00122731 1.71151e-07 0.00195801 0.00174096 0.0108071 1.36438e-06 0.148955 0.00347691 3.01251e-08 0.00526937 0.0073227 
0.00179085 0.0732419 0.00323197 0.055859 0.392454 0.0379338 0.014241 0.0155152 0.000196409 0.0151565 0.00950956 0.00467385 0.0335786 0.0039831 0.00701873 0.0125446 0.00493172 0.0232046 6.35933e-05 0.222899 0.00414925 5.0843e-06 0.046539 0.0172778 
0.00797363 0.0509101 0.0126946 0.009818 0.0645642 0.0747914 0.000404473 0.0166414 0.00060165 0.00288216 7.43011e-05 0.000482015 0.106758 0.092532 0.00019155 0.00466045 0.00537791 0.0159466 0.00395366 0.283075 0.0165649 9.37656e-10 0.207584 0.0215183 
0.0353972 0.00365108 0.00380123 0.00581235 0.02513 0.266372 8.04701e-05 0.0602745 0.000853554 0.000984636 3.74659e-06 2.1345e-06 0.00622479 1.62005e-05 5.02598e-08 0.000227546 0.0021318 0.00174404 1.34196e-09 0.317988 0.148701 9.97369e-10 0.109697 0.0109066 
0.0271835 0.0667428 0.0105773 0.034907 0.0731182 0.0143586 0.00319768 0.0227551 0.000992706 0.00951291 0.00461746 0.00202242 0.0798915 0.0015661 0.00206352 0.00120312 0.00738394 0.239308 0.00961272 0.23449 0.00384015 1.62218e-05 0.115533 0.0351051 
0.00171236 0.34935 0.00262233 0.141055 0.0862096 0.0294131 0.026973 0.0139371 0.0238713 0.00548942 0.0359475 0.0141913 0.0221154 0.0089529 0.000865548 0.0273106 0.021278 0.0283457 2.54339e-07 0.106181 0.0196158 2.49844e-08 0.0157665 0.0187962 
0.0118802 0.0084963 0.0153446 0.00282526 0.000237009 0.295014 7.70484e-05 0.161216 1.69524e-08 0.00220225 3.9535e-09 0.00051323 0.0426253 6.48746e-08 3.65593e-09 1.85108e-08 0.00154279 0.00568757 1.44359e-12 0.327303 0.107897 1.0729e-12 0.0171381 3.54019e-08 
0.000209217 0.11649 0.0102903 0.140288 0.0320801 0.028419 0.000131678 0.0118627 1.45078e-05 0.00259882 0.0036662 8.0014e-06 0.0806488 0.0153762 2.74333e-05 0.310904 0.00418771 0.0422145 0.00490755 0.114648 0.00875537 2.22076e-07 0.0248761 0.0473952 
0.00367708 0.196114 0.00677624 0.223324 0.0113405 0.0726916 0.0048763 0.0414256 0.000467337 0.00196064 0.000496492 0.000961777 0.111437 0.0113238 0.00118757 0.00405863 0.0150192 0.00715077 5.72724e-05 0.221386 0.0182719 1.50388e-05 0.0408968 0.00508484 
0.147226 0.0331755 0.00169271 0.0583342 0.0190363 0.0716672 0.0022091 0.113331 0.000105878 0.0421161 0.000986837 0.0040907 0.0153308 0.000165032 0.00506851 0.000248001 0.240643 0.121682 0.000200795 0.0680383 0.0362695 5.91727e-06 0.0182501 0.000126174 
0.00100945 0.324835 0.00607362 0.209827 0.00994447 0.0228496 1.87989e-05 0.126099 0.000781153 0.000639691 0.000230642 5.09395e-08 0.0224249 0.00975006 5.35742e-05 0.0314137 0.000250103 0.006222 5.96897e-07 0.0626489 0.01208 2.62472e-08 0.141081 0.0117676 
0.00658264 0.164137 0.0456465 0.0416958 0.363651 0.043863 0.0178667 0.0111529 0.000277087 0.00138048 0.0309223 0.0118388 0.0204015 0.00165115 0.00174912 0.022272 0.00400664 0.0144652 2.13996e-05 0.172159 0.013481 5.24054e-07 0.00927951 0.00149873 
5.64691e-06 0.408186 0.00191366 0.119481 0.11948 5.92528e-05 6.42813e-06 0.0051796 3.36153e-06 0.00360704 1.21186e-05 5.62089e-05 0.156062 0.000767621 0.000798984 0.00914958 8.96762e-07 0.000410745 5.2362e-08 0.105961 0.000571658 2.29833e-11 0.0682865 4.70123e-07 
0.00532691 0.0870932 0.00321597 0.002775 0.0692606 0.0419627 0.000887916 0.0951944 0.000266305 0.00838281 0.0185059 5.72724e-06 0.153715 0.0049281 0.000819372 0.00471725 0.00354116 0.367004 3.72106e-05 0.078026 0.00640364 2.47084e-06 0.0465333 0.00139488 
0.00119447 0.32009 0.0490448 0.078073 0.0632694 0.0903632 0.00991958 0.0205961 0.00783474 0.0102888 0.00235987 0.0119335 0.0469163 0.0152855 0.000682658 0.0244001 0.0126028 0.0497856 0.00263939 0.0434193 0.0234462 1.3195e-05 0.056508 0.0593333 
0.00161485 0.0219644 0.0063391 0.0194057 0.00361207 0.797728 0.000790099 0.00383695 0.000810671 0.000221277 6.36053e-06 9.31386e-06 0.0067656 0.0508663 0.0040125 0.000751122 0.00653313 0.000835916 8.39546e-07 0.0153768 0.0236678 7.39879e-08 0.0326269 0.00222388 
0.00322901 0.0565093 0.00878376 0.0900097 0.0741932 0.0610653 0.00244189 0.0590024 0.000390181 0.0364075 0.00344843 0.00398302 0.257268 0.0116607 0.00302655 0.00552332 0.00884884 0.0273334 0.00589075 0.135652 0.0169646 6.63066e-06 0.102635 0.025726 
0.00316589 0.00282161 0.0159986 0.00959512 0.0384166 0.311978 0.000258704 0.00494534 3.60614e-07 7.42831e-05 0.000160864 1.83189e-06 0.0281399 0.0936247 0.00153992 0.00168532 0.00990692 0.0475344 3.85634e-06 0.0944734 0.145716 1.293e-07 0.182509 0.00744892 
0.00194855 0.036815 0.000190968 0.00366599 0.127389 0.0166346 0.525412 0.0251335 0.000301851 2.51986e-05 0.0704304 0.000843013 0.0059493 0.0107292 1.94504e-05 0.000374045 0.00270715 0.00445309 4.96484e-08 0.0287155 0.0757642 4.92101e-08 0.0581794 0.00431849 
0.0318954 0.116582 3.40926e-05 0.10351 0.0347846 0.000184101 0.000278136 0.350813 6.72228e-05 0.000634842 0.000247233 0.00377391 0.195147 0.0034028 0.000415152 0.000252912 0.000163763 0.000310356 7.39555e-12 0.0832471 8.13931e-09 5.49649e-12 0.074227 2.98137e-05 
0.00233755 0.0186889 0.00400873 0.00643749 0.00143375 0.557534 0.000476588 0.017322 0.000431588 0.00234932 1.95478e-05 0.00786389 0.0189841 0.0389411 3.11678e-05 0.233472 0.000485179 0.020412 4.23112e-06 0.0245596 0.0261821 2.10798e-07 0.0168985 0.00112731 
0.00107645 0.0978941 0.00020639 0.00289246 0.281524 0.0197376 0.0690124 0.0626923 0.0269371 8.25454e-05 7.24167e-05 4.75452e-05 0.0169105 0.000687711 1.93591e-05 0.00329512 0.000162287 0.122207 0.0080031 0.219781 0.00527909 6.24911e-06 0.0290966 0.0323766 
0.000362577 0.00857342 0.00975418 0.0109823 0.188901 0.0174129 0.0028571 0.0116376 0.000487531 0.0024426 2.43847e-05 0.000345892 0.086198 0.00379322 8.34916e-06 0.11932 0.00166642 0.00680075 0.0017369 0.441036 0.0017556 5.04711e-07 0.0443965 0.039505 
0.0143583 0.0134285 0.0278055 0.000404127 0.0416095 0.294916 0.000722938 0.00236539 9.02584e-05 2.58596e-05 5.76708e-05 3.19483e-05 0.00837142 0.000101003 7.87243e-06 0.00996447 0.0624186 0.0270161 2.67966e-09 0.0891279 0.0304376 1.99156e-09 0.205718 0.171021 
0.249389 0.0289776 0.010136 0.0243518 0.00356747 0.236981 0.00604902 0.00899075 0.0201659 0.00199036 6.14988e-05 0.000242267 0.0138343 0.0203533 0.00421401 0.00175963 0.0298822 0.00798024 1.28519e-05 0.0674844 0.206678 7.68013e-06 0.0497961 0.00709428 
0.0345933 0.077697 0.000709864 0.0235737 0.00805824 0.0813864 0.000872726 0.581764 0.00337488 0.00442831 0.000129742 0.00110835 0.0101462 0.00105765 0.00835755 0.000384739 0.0100414 0.0152035 1.0157e-06 0.0625281 0.029587 1.87841e-07 0.0442241 0.000772422 
0.000855114 0.0302449 0.0015593 0.0787064 0.0449687 0.019995 0.000441011 0.0176967 0.000992152 0.464724 0.00867919 0.000900791 0.120575 0.00735618 0.000149817 0.0420656 0.00811318 0.0351434 1.27099e-05 0.0611756 0.00919218 4.98993e-06 0.0451647 0.00128394 
0.0011989 0.0382878 0.00128304 0.0343129 0.103941 0.0234498 0.00800448 0.0374763 0.0015049 0.00319869 0.00670496 0.130445 0.276167 0.00363405 0.0018267 0.0200466 0.0257098 0.0379488 3.37155e-06 0.196636 0.00604004 3.22346e-06 0.0313348 0.0108412 
0.0047553 0.020249 0.00902854 0.620644 0.00182593 0.0150397 1.44508e-05 0.0359665 0.0157914 0.102201 2.77916e-05 0.00375487 0.0637031 0.00709928 9.39932e-05 0.00277018 0.00650603 0.00246463 2.81835e-05 0.0472655 0.0242654 4.14203e-06 0.0131744 0.00332617 
0.00164049 0.014603 0.00259525 0.162139 0.0241608 0.0506826 0.000275155 0.0313521 0.000975738 0.0107567 2.00327e-05 3.47624e-05 0.124118 0.0475064 0.00114525 0.0238557 0.00237683 0.0404871 2.95054e-07 0.199361 0.0312534 1.65468e-07 0.229436 0.00122382 
0.00529262 0.0809821 0.00131005 0.00687822 0.0228371 0.0180037 0.788001 0.0103667 6.66351e-05 0.00025218 0.00444725 0.000672397 0.00191935 0.000300209 0.00707717 0.00120268 0.0119696 0.00358309 1.09889e-11 0.00829555 0.0128481 8.16713e-12 0.0135564 0.000137775 
0.00621943 0.0347795 0.0468013 0.176703 0.0133295 0.0909124 0.00267024 0.0650558 0.00268901 0.0115048 0.000775233 0.00343199 0.0504604 0.038796 0.00141434 0.0248847 0.0100377 0.0157883 0.000898129 0.220423 0.0341454 1.4755e-05 0.139338 0.00892727 
0.0420844 0.00595767 8.2328e-08 0.053327 1.00704e-07 0.000108799 0.000362477 0.701625 4.56673e-08 4.98217e-05 0.000488503 1.78485e-06 0.0427929 0.00114112 2.68156e-08 4.48386e-08 8.18979e-05 0.000129816 9.51163e-12 0.0433336 1.53822e-08 7.06919e-12 0.108515 2.33664e-08 
0.0243625 0.0344003 0.022721 0.0080041 0.0318891 0.204857 0.00072356 0.00965212 0.000167389 0.000418173 6.5288e-05 6.25984e-05 0.019715 0.0233625 0.175249 0.000684243 0.0315568 0.000859901 7.4271e-10 0.287997 0.0211525 5.51993e-10 0.0440322 0.0580679 
0.000177099 0.0486805 0.0130163 0.0235748 0.00817515 0.0572584 0.00106337 0.00753429 2.1386e-05 0.000667228 0.0247393 0.00260041 0.0305781 9.65184e-05 0.000609366 0.505776 0.0573501 0.00530837 0.0218545 0.0992237 0.0373866 1.58175e-05 0.0354755 0.018817 
0.00102435 0.0135967 0.00271638 0.0322493 0.0135962 0.0397674 2.75148e-08 0.0247076 3.68549e-07 0.0045939 4.50411e-05 1.62343e-06 0.0466738 0.171265 4.2043e-08 1.18252e-07 0.000130659 0.00466933 6.20556e-12 3.44074e-07 0.00366321 4.61207e-12 0.6399 0.0013976 
0.0501751 0.00517084 0.00355786 0.05386 0.0159173 0.119605 0.000224398 0.0578388 1.36306e-08 0.000803827 9.17924e-06 1.94795e-05 0.0210575 7.24581e-05 1.68403e-05 0.0045255 0.00530043 0.0134779 9.42581e-08 0.391124 0.0361716 7.00909e-09 0.218583 0.0024889 
0.264118 0.303134 0.00274066 0.0385631 0.0245206 0.0496926 0.023913 0.00360639 0.000517076 0.000129605 6.48359e-05 2.23757e-05 0.00586405 6.04464e-05 0.0106287 0.000256545 0.0115545 0.00156422 8.48228e-11 0.0291801 0.00666231 6.30416e-11 0.217399 0.00580791 
0.00245694 0.0376718 0.0125299 4.01045e-07 0.00187833 0.02755 0.878713 0.00179961 0.000361052 1.04294e-05 0.0158548 9.24217e-07 0.000295854 1.4188e-05 0.00102907 0.000547121 0.0124199 0.0014289 1.43674e-11 0.000343436 0.00138551 1.06781e-11 0.00276557 0.00094336 
0.00181085 0.042476 0.00690404 0.0200098 0.0217773 0.0430961 0.000312424 0.0166039 0.0128931 0.00130179 8.94616e-05 0.0146269 0.0135021 0.0232854 0.00011219 0.00345798 3.50666e-05 0.0632896 4.97816e-06 0.045496 0.0242353 2.21863e-06 0.581548 0.0631301 
0.103104 0.15905 0.0037126 0.144291 0.0239284 0.0443586 0.00137926 0.108354 0.000317455 0.0190928 2.1487e-05 0.000216284 0.120371 0.000590583 2.16917e-06 0.000238217 0.0119352 0.158601 9.25497e-11 0.0444584 0.0153967 6.87844e-11 0.0364881 0.00409181 
0.000350921 0.145605 0.00113314 0.0510851 0.0232777 0.00229811 0.000447312 0.606687 2.23707e-05 0.00231044 0.000196129 0.00344191 0.0257953 0.00130358 0.000131811 0.0116311 0.0021452 0.030763 0.00021879 0.0653893 0.00637488 2.7958e-08 0.0193102 8.16422e-05 
0.0116048 0.00928514 0.0129296 1.85816e-06 0.244839 0.147865 0.000236561 0.000733844 0.0255271 0.0119183 1.93487e-05 1.40658e-06 0.142498 0.00978416 6.56881e-07 0.0369173 0.107475 0.00108386 2.54445e-07 0.0310948 0.0139049 2.31055e-07 0.0839629 0.108316 
0.0934848 0.0488158 0.0222517 0.0191322 0.00408417 0.103573 0.315854 0.0159011 0.00796655 0.000359858 0.0121823 1.30696e-05 0.00277765 0.00280259 0.0187103 0.00402818 0.192272 0.0119956 0.00116304 0.0438397 0.0200458 2.35464e-06 0.0498701 0.00887381 
0.250698 0.0354912 0.00434912 0.0173304 0.251184 0.0640342 3.50876e-05 0.0139791 0.00487793 0.0111325 0.0040718 0.0271737 0.00347801 0.00104415 0.000220844 6.43905e-05 0.0195851 0.14307 0.0241839 6.10358e-06 0.000942423 6.73958e-08 0.00159961 0.121449 
0.000123196 0.0157556 0.00794116 1.75713e-07 0.63655 0.00455901 0.0018839 0.00821429 0.000252632 0.00136834 8.84954e-06 0.000105132 0.038929 0.00386131 7.96164e-08 0.0697237 0.00039067 0.00824365 8.56897e-10 0.1749 0.00116286 1.48515e-11 0.0217674 0.00425821 
0.0197266 0.0209969 0.00120419 0.0453255 0.028154 0.0804443 0.0148533 0.297132 0.0100548 0.00389405 2.05579e-05 0.000203165 0.0290704 0.000161466 3.24868e-05 0.00664601 0.0151569 0.0838668 0.00232552 0.312177 0.00169473 3.06553e-06 0.0211627 0.00569421 
0.000602254 0.0237309 0.000201312 0.00398348 0.00545912 0.00650448 0.92177 0.000784675 0.001417 0.000361522 0.0120384 0.00437309 0.00113895 0.000144629 0.000106444 4.63159e-05 0.00352634 0.00168749 0.000915586 0.00605584 0.00193452 5.34194e-06 0.00242965 0.000782879 
9.69366e-07 0.0547599 0.00497988 0.131619 0.0398681 0.116196 4.22393e-05 0.000327803 0.0496929 0.0426407 1.7083e-05 8.09799e-05 0.127219 0.0437128 1.47271e-05 0.00990851 0.000391901 0.0230046 6.59047e-06 0.0466857 0.0665062 8.1863e-08 0.223588 0.0187365 
0.0145481 0.013741 0.096853 0.0334171 0.00719749 0.407082 0.00183878 0.0370227 0.00118628 0.00469353 0.000185741 0.00175479 0.0166358 0.0396826 7.36084e-05 0.00334261 0.0365832 0.010258 0.000214621 0.0178411 0.184094 8.21691e-06 0.062428 0.00931747 
4.42197e-06 0.120527 0.00710525 0.368488 0.00672615 0.00460423 0.000158365 0.313287 7.19128e-08 0.000734302 8.86097e-05 0.00156524 0.0199674 0.000502237 3.93326e-05 0.00429469 2.09248e-05 0.00111011 9.37042e-11 0.0988921 0.021226 6.96424e-11 0.0305952 6.33348e-05 
0.0381511 0.0229627 0.0010071 0.131213 0.0275307 0.0244799 0.012775 0.325367 0.000128094 0.00134918 0.0114239 0.119152 0.0220271 0.00161593 0.0012046 7.82449e-07 0.0138052 0.0815484 6.74658e-09 0.0248076 0.0072891 2.36127e-09 0.132129 3.1584e-05 
0.0505626 0.00941742 0.0289992 0.00806292 0.0150609 0.371851 0.000161908 0.00923055 0.000286244 7.05977e-08 1.00335e-05 0.000276812 0.033514 0.000608286 0.000273556 1.06018e-05 0.000666736 0.000188279 1.60558e-08 0.0962208 0.0520801 1.19329e-08 0.253845 0.0686725 
0.00383451 0.0195737 0.00753623 0.229771 0.0264937 0.0362852 0.00190227 0.117498 0.00020519 0.0173129 2.89455e-05 0.00235642 0.0784923 0.00127648 4.37978e-05 0.0198419 0.00554569 0.134272 0.000170735 0.211128 0.0151922 8.32899e-06 0.0664006 0.00483033 
0.00126718 0.00408574 0.00421611 0.04961 0.011393 0.0394106 0.00110564 0.0562669 4.2772e-05 0.00240194 3.14368e-06 0.000113482 0.0781596 0.00131973 7.83801e-06 0.00546125 0.000732724 0.00285295 3.8943e-08 0.709006 0.00734616 1.9096e-09 0.0145411 0.0106559 
0.379287 0.00463693 0.00118384 0.0224281 0.00244139 0.0182408 0.00154136 0.0279783 0.000358487 0.000535107 0.000203046 0.000146179 0.0260976 0.00425238 4.31432e-05 0.00266868 0.000139592 0.369912 0.00111356 0.0218501 0.00409546 3.95992e-07 0.0372746 0.0735718 
0.00773308 0.0910274 0.0642348 0.00566538 0.0519681 0.0598554 0.00055903 0.0228778 0.00116116 0.000283374 2.58415e-06 0.00250791 0.139339 0.00616408 0.00253992 0.0190257 0.0655471 0.000164275 1.96088e-08 0.221505 0.0522349 1.67298e-08 0.143028 0.0425756 
0.0116676 0.0210392 0.000603303 0.133764 0.0537449 0.0242576 0.000832201 0.336747 0.00138859 0.0120393 0.000714631 0.00556708 0.0253779 0.00345954 0.00044234 0.00334361 0.0234357 0.0989553 0.000607578 0.110173 0.00754639 5.62768e-05 0.121279 0.00295758 
3.76731e-05 0.508113 8.68045e-06 0.00404352 0.0876362 0.00682056 0.0578144 0.000749591 0.0416437 0.000211161 0.00035612 0.000719981 0.00117357 0.00102484 3.08786e-06 0.000700408 2.40099e-05 0.0320681 6.63038e-10 0.0305783 1.4716e-07 4.9278e-10 0.0616369 0.164636 
0.0226127 0.0513806 0.00575517 0.0593206 0.00882199 0.0199543 0.140598 0.122779 0.00206079 0.000610652 0.00127174 0.0140045 0.0841025 0.0115616 0.00238605 0.00015653 0.000437246 0.00231732 8.12136e-06 0.050783 0.0230604 1.59843e-10 0.324684 0.0513328 
0.00420691 0.188268 0.0177537 0.0366014 0.276622 0.0262944 0.00060249 0.00562178 0.00143793 0.0171203 0.0038129 0.00188849 0.14813 0.00168544 0.00102152 0.0139209 0.0142784 0.0670809 3.91103e-05 0.0616139 0.00518406 1.55188e-05 0.0801707 0.0266293 
0.000994446 0.0319193 0.00352678 0.0250154 0.0172088 0.0257474 0.0193765 0.0202754 0.0134769 0.000762188 0.00252136 0.000393129 0.0429268 0.440947 0.000158479 0.0149313 0.00831523 0.000475083 1.73471e-08 0.0911995 0.00463155 1.11531e-08 0.229428 0.00576921 
0.000990983 0.00167464 0.00203818 0.0671312 0.0146542 0.124275 0.000380271 0.0082555 7.14307e-08 0.000434586 9.60107e-08 2.18971e-08 0.0619512 0.168913 8.17151e-05 0.000996032 0.00464204 0.271424 0.00754675 0.209835 0.0320567 4.10017e-09 0.0227092 9.45319e-06 
0.0471098 0.01007 0.117745 0.0227623 0.00494299 0.126567 0.00589424 0.299652 0.00646019 0.00645278 0.00012321 0.00860121 0.0300945 0.0121652 2.89583e-05 0.00146418 0.0423425 0.0318815 3.96412e-05 0.109616 0.0708068 1.13718e-05 0.0333538 0.0118147 
0.000475989 0.000205552 0.000110509 0.0141116 8.51605e-06 0.753033 6.00276e-06 0.0140057 2.42764e-06 0.00139846 3.20116e-06 6.89117e-07 0.000104243 0.16519 0.000316364 5.94126e-06 7.49357e-05 0.00096592 0.00356095 0.000941834 0.0444146 2.93117e-08 0.000699889 0.000364029 
0.0212325 0.0174125 0.00246678 0.0150612 0.0131733 0.594109 0.000885707 0.0110307 0.000549182 0.00030473 0.00153724 0.00586483 0.0178335 0.00127667 0.00655355 0.00878276 0.0348702 0.00476594 7.73691e-07 0.0133083 0.213574 7.11599e-07 0.013342 0.00206469 
0.900149 0.000905457 7.30123e-05 0.00762487 0.00219421 0.0284416 0.000189126 0.000199504 0.000138128 0.0256642 4.93956e-05 9.99401e-08 0.000768779 0.00131612 0.000174209 1.00133e-05 0.00109548 0.00527888 3.21917e-10 0.00817547 0.0004909 2.39254e-10 0.0011382 0.015923 
0.00209905 0.0592594 0.00153727 0.0260793 0.173839 0.116994 0.0213854 0.00427978 0.00777555 0.00129878 0.000558293 0.051492 0.101907 2.93347e-05 4.3231e-05 0.000902904 0.013845 0.0118291 8.98285e-06 0.312287 0.0191764 2.39156e-06 0.0466144 0.0267561 
0.00222811 0.0275287 0.757081 2.9296e-05 0.00192046 0.0950125 0.000280478 0.0132353 0.000204903 4.39841e-05 3.26792e-09 0.000167303 0.0105472 1.71385e-05 7.07005e-07 0.0164457 0.000121816 0.000721565 1.76491e-09 0.00695453 0.0213142 1.31171e-09 0.00952306 0.0366217 
0.0209326 0.0851821 0.00152843 0.239595 0.123477 0.0123838 0.00371621 0.230799 0.000201732 0.00042263 0.00523695 0.0449014 0.0522112 0.0013016 0.00822798 0.000463763 0.00671159 0.00731556 1.65092e-06 0.124366 0.000642416 1.27915e-12 0.0301789 0.000202235 
0.0287575 0.0326839 0.0192559 0.0833971 0.0954248 0.190365 0.0335094 0.0648919 0.000179296 0.00703793 0.0166434 3.17575e-05 0.0479076 0.0290898 0.0035888 0.00545158 0.000728397 0.100571 0.00067393 0.0395004 0.164821 2.08459e-05 0.0301025 0.00536713 
0.0438585 0.00673607 0.000455253 0.0101788 0.0102904 0.00692992 0.0100055 0.0648963 0.000189778 9.20162e-05 0.00465607 0.0064398 0.0341326 0.638029 1.12854e-05 0.004833 0.00404682 0.0126126 1.46896e-07 0.0100125 0.0214743 5.07948e-10 0.0981825 0.0119368 
0.0558607 0.0128939 0.0691996 0.0013909 0.029975 0.182038 0.00297765 0.00785536 0.0165062 0.00445901 8.11964e-05 0.00944528 0.0164325 0.000930889 5.25733e-05 0.00385867 0.366415 0.00466973 2.68282e-05 0.0705987 0.0750861 2.2269e-05 0.0416803 0.027543 
0.0287733 0.00910718 0.00446555 0.0496096 0.0132685 0.10216 0.00272089 0.0305845 0.00139057 0.00504266 0.000247714 0.00358243 0.0290437 0.0104445 0.00271076 0.00176346 0.0451786 0.023293 0.0010884 0.0523755 0.0358645 2.12124e-05 0.540322 0.00694105 
0.0200509 0.0209501 0.00212043 0.0509534 0.00682478 0.00162742 0.000407817 0.614981 0.000296211 7.68287e-05 2.02667e-05 0.00130174 0.0204812 0.00131493 0.000945797 0.000674313 0.000463179 0.000947087 4.68274e-09 0.188609 0.0205807 6.9172e-12 0.0461867 0.00018602 
0.0173326 0.0010357 0.000309478 0.0576793 0.00193417 0.00190989 6.0546e-05 0.64468 0.00012062 3.90214e-05 2.26143e-05 0.00122091 0.0107212 0.000445768 1.12366e-05 9.30425e-05 6.27628e-05 0.000491537 4.26947e-09 0.229785 0.000855511 2.47567e-09 0.0311236 6.5523e-05 
0.0121799 0.188186 0.00214168 0.00701253 0.0844626 0.0802201 0.0458017 0.0164721 0.000649407 0.000332536 0.00514283 0.00404847 0.0189747 2.98116e-05 0.000768918 0.000118842 0.0404873 0.0256534 7.53866e-10 0.365023 0.00583438 5.60285e-10 0.0950448 0.00141526 
0.00302637 0.0492219 0.00198971 0.0126217 0.0614111 0.00713292 0.000337078 0.00699885 0.0469588 0.018534 4.02612e-05 0.000589446 0.368816 0.00959202 0.000607898 0.000678263 0.0018895 0.00701987 0.26396 0.0219274 0.00186069 7.27723e-06 0.0197706 0.0950087 
2.05187e-07 0.0454803 0.0173766 0.0208533 0.0273184 0.107352 0.00166156 0.071918 0.00252295 0.00880235 0.00252439 2.05104e-07 0.0469608 0.0314087 0.00608826 0.0124943 0.129181 0.0152487 0.000594256 0.124412 0.0143868 2.04959e-07 0.239709 0.0737062 
0.00383028 0.00207073 0.00163773 0.0397332 0.007665 0.0174618 0.00314679 0.0400053 9.0673e-05 0.00440584 3.47691e-05 0.000103898 0.114443 0.000555423 6.53244e-09 0.00272983 0.000872833 0.001862 4.13465e-08 0.727279 0.000194915 1.30029e-12 0.0248304 0.00704566 
0.00138846 0.013543 0.0112737 0.00808904 0.0239935 0.0967062 0.00380711 0.00798882 0.00260774 0.000427658 3.0715e-05 0.00130734 0.102854 0.0157496 1.32388e-05 0.638166 0.024154 0.00128599 1.88752e-06 0.0223939 0.0116199 9.62725e-07 0.0053725 0.0072245 
0.00746754 0.0346999 0.0071527 0.028497 0.149551 0.0803941 0.000305999 0.0735794 0.000102961 0.132274 0.00036362 0.0037158 0.0542063 0.204263 1.20677e-08 0.00861806 6.22574e-05 0.00543193 8.32035e-07 0.0763557 0.0040675 4.49402e-09 0.121575 0.00731616 
0.00163412 0.311337 0.00388492 0.0182693 0.0811547 0.202906 0.00204865 0.0144658 0.0936161 0.00280011 0.000348897 0.0435687 0.0297681 0.00647172 0.00177881 0.0048922 0.0186307 0.0725509 0.00108548 0.0710052 0.00425166 3.05655e-05 0.0127273 0.000772588 
0.00311935 0.0881448 0.000669536 0.0179113 0.480919 0.0109655 0.00603838 0.00716632 9.00122e-05 0.000239342 0.00226345 0.00449257 0.0172206 0.000292758 0.00161428 0.00912431 0.00718624 0.0109197 1.31239e-11 0.314476 8.79746e-05 9.75387e-12 0.0143557 0.00270307 
0.0183974 0.0756505 0.0310448 0.11814 0.0768742 0.175841 0.0103617 0.0993292 3.83114e-05 0.000216005 0.00117646 0.00328871 0.0150729 1.19917e-05 4.20997e-06 4.87673e-05 0.00482437 0.0199897 2.91701e-08 0.0583347 0.000848564 1.21291e-10 0.288564 0.00194266 
0.00169702 0.0392871 0.00745203 0.0115161 0.0384578 0.190022 0.00434871 0.0043832 0.0109218 0.00431422 0.000323577 7.94634e-05 0.00930474 0.00189456 0.051021 0.193614 0.0112237 0.0142265 5.86822e-06 0.0367242 0.00224289 1.07686e-06 0.0310791 0.335859 
0.0198643 0.0279341 0.00166446 0.204569 0.0565099 0.065374 0.0834689 0.0273996 0.00487058 0.0476055 0.00549929 0.0108495 0.0380648 0.00347695 0.0517172 0.00608609 0.0413345 0.0185217 2.29968e-07 0.113107 0.0870966 1.5003e-08 0.0836852 0.00129986 
0.000936923 0.770119 0.00201307 0.0326955 0.0403002 0.00213575 0.00989167 0.0264239 1.31243e-05 0.00026302 2.64305e-05 0.000225342 0.0152178 0.000592493 0.00159944 0.00326826 0.000632879 0.0249812 8.4743e-05 0.054072 0.00386364 1.11845e-08 0.0102069 0.000436459 
0.00130224 0.00885396 0.000193707 0.0758975 0.0639611 0.00576715 2.73691e-05 0.017503 4.67234e-05 0.271681 2.42158e-07 0.000910315 0.359256 0.0476315 0.00110758 5.62114e-05 0.0176202 0.0992385 5.24032e-08 0.0144267 0.00431695 3.12594e-08 0.0102013 4.17214e-07 
0.00369487 0.0199218 0.0110021 0.120723 0.0283806 0.0113201 0.00036891 0.147514 0.0070321 0.10643 9.34746e-05 0.00581834 0.257583 0.0637703 3.19005e-05 0.00923221 0.00433088 0.00824178 4.05657e-05 0.11421 0.0197401 1.98598e-06 0.0544612 0.00605589 
0.000259096 0.061972 0.0121451 0.00745247 0.0126945 0.0504332 0.353858 9.62238e-05 0.00503109 0.000525984 0.000473455 0.00071486 0.0399605 0.0145754 0.00642206 5.24654e-07 0.000245754 0.00309256 1.99416e-05 0.00964968 0.0713983 2.3505e-10 0.187849 0.16113 
0.000443501 0.23244 0.000304092 0.199913 0.0457271 0.0181929 0.00928775 0.213473 3.41128e-05 0.00312739 0.000125177 0.0165931 0.011932 0.00846837 0.000198966 0.00442038 0.00245893 0.0122497 5.26906e-05 0.151862 0.00644253 2.32738e-08 0.0601443 0.00210907 
2.44395e-05 0.125146 0.0325962 0.0116498 0.0336922 0.0912307 0.00286494 0.0678891 0.00194104 0.000106831 1.55418e-05 0.00545785 0.109241 0.0076003 1.08319e-05 0.0422968 0.0303215 0.0135323 2.01719e-07 0.0084232 0.00201165 1.49921e-07 0.411322 0.00262516 
2.04635e-05 0.162551 0.00958615 0.00764733 0.184254 0.0119584 1.31269e-06 0.000712858 0.0136193 0.00217162 3.92156e-05 0.0594254 0.227208 0.0702086 2.1475e-06 0.00819417 0.000115508 0.00433676 4.38939e-10 0.0546754 0.0109792 3.26226e-10 0.131568 0.0407256 
0.00278908 0.16202 0.00108101 0.0682388 0.163222 0.0134286 0.00189366 0.0482257 0.000492854 0.0017772 0.102563 0.00315599 0.0334776 0.00703917 0.0292207 0.0599133 0.000738853 0.122501 5.53049e-07 0.155725 0.00788957 1.54916e-08 0.0129291 0.00167717 
0.113741 0.00286288 9.94584e-05 0.00289971 0.00319768 0.690546 1.72464e-05 0.00449739 0.0307081 2.53569e-05 3.36872e-06 9.03583e-05 0.00100176 0.00013641 1.97277e-07 0.000143269 0.0385427 0.000325057 4.37091e-06 0.00443172 0.104853 5.8723e-08 0.00146362 0.000409511 
0.000350921 0.145605 0.00113314 0.0510851 0.0232777 0.00229811 0.000447312 0.606687 2.23707e-05 0.00231044 0.000196129 0.00344191 0.0257953 0.00130358 0.000131811 0.0116311 0.0021452 0.030763 0.00021879 0.0653893 0.00637488 2.7958e-08 0.0193102 8.16422e-05 
0.000387787 0.0087772 0.00229315 0.356257 0.000501897 0.00768705 2.74095e-05 0.099551 8.18784e-05 0.0607533 2.05039e-05 5.91114e-06 0.0909653 0.00227819 1.67594e-06 0.00307684 0.00177484 0.0166509 9.09937e-05 0.0196177 0.0016689 3.54381e-07 0.327407 0.00012341 
0.00379897 0.0246837 0.018409 1.21878e-05 0.00643739 0.101321 0.0203093 4.51626e-05 0.005336 1.77083e-05 5.82788e-06 0.000443793 0.00317106 0.00129797 4.57135e-06 0.0215014 6.77468e-06 0.0710078 2.89119e-07 0.011251 0.0184131 2.14878e-07 0.0388283 0.653698 
0.264118 0.303134 0.00274066 0.0385631 0.0245206 0.0496926 0.023913 0.00360639 0.000517076 0.000129605 6.48359e-05 2.23757e-05 0.00586405 6.04464e-05 0.0106287 0.000256545 0.0115545 0.00156422 8.48228e-11 0.0291801 0.00666231 6.30416e-11 0.217399 0.00580791 
0.00288848 0.439625 0.000150358 0.0936954 0.0740824 0.0161361 0.0117564 0.00762996 0.000519831 0.011517 0.00821773 0.000986812 0.119597 0.0537956 0.000430743 0.000716242 0.00380447 0.00789477 0.021722 0.0739176 0.0235622 0.000141508 0.0255042 0.00170784 
0.0952825 0.0195683 0.0438649 0.0347442 0.0120359 0.271783 0.000706439 0.0365428 0.00426239 0.00320263 4.11718e-05 0.000466506 0.0180175 0.0101095 0.0164867 0.0146153 0.149992 0.0117432 1.1656e-05 0.0921432 0.080919 1.71311e-06 0.0594539 0.0240059 
0.00280763 0.0259593 0.0194356 0.0507319 0.00525129 0.134813 0.0016816 0.00973883 0.00027797 0.0219251 8.25194e-06 0.0154388 0.134648 0.206499 5.46339e-07 0.0111065 0.000328543 0.0102259 0.0103486 0.0237554 0.110921 3.86692e-09 0.190195 0.0139018 
0.000117949 0.290576 0.000292795 0.0752073 0.00871636 0.00807447 0.145035 0.0447661 0.000176924 0.00886286 0.252824 0.00735805 0.00897625 0.0116814 6.03159e-05 5.13073e-05 4.98708e-06 0.0131532 1.31877e-07 0.0467832 9.90593e-05 8.15368e-08 0.0560401 0.0211413 
0.00541456 0.0694143 0.00319026 0.0476168 0.0756085 0.0270884 0.0158035 0.0871513 0.00463408 0.0452556 0.00453754 0.0416788 0.163273 0.00513713 0.00218789 0.00448272 0.0171704 0.125265 4.18132e-05 0.17652 0.0106497 1.55275e-05 0.063534 0.00432913 
0.00384909 0.0123551 0.00209717 0.0428813 0.0127675 0.139456 0.00107758 0.144661 0.00439553 0.00215279 0.00144222 0.261885 0.0109139 0.00670811 0.00257764 0.00399272 0.00607809 0.0568034 1.47211e-05 0.0550324 0.206605 1.33771e-05 0.0173223 0.00491763 
0.00515117 0.000732542 0.0001775 0.00363443 0.0019761 0.0307215 0.000573456 0.00868286 0.000214093 0.0134861 1.23254e-05 2.81514e-05 0.0179143 2.24e-06 1.33392e-06 0.000229677 0.742419 0.00583499 5.99581e-10 0.125547 0.0376723 4.13474e-10 0.00490288 8.61311e-05 
0.00511847 0.0181877 7.11804e-05 0.000333938 0.0492208 0.00689049 0.000572674 0.00510488 0.00129344 0.0698051 0.000130418 3.19057e-05 0.0523524 0.00131505 0.00132107 0.00462332 0.00797591 0.62754 0.000301415 0.0545437 0.00115291 2.52366e-05 0.00456244 0.0875254 
0.00184386 0.0631911 0.00384022 0.0186504 0.0879491 0.0219331 0.00700295 0.011775 0.00166124 0.0131589 2.75489e-05 8.50487e-06 0.550018 0.00590189 3.56558e-05 0.0100813 0.00329679 0.0346716 0.000125745 0.124537 0.00224096 2.7346e-06 0.0326465 0.00539989 
0.000619777 0.305687 0.00867112 0.0561048 0.0696512 0.014813 0.00136916 0.0020037 0.00958593 0.00182739 0.000263454 1.10179e-05 0.0164198 0.00156993 2.70093e-07 0.0421358 0.00236893 0.00746728 3.01407e-06 0.15572 0.00192006 5.25625e-08 0.0139705 0.287816 
0.00247465 0.139251 0.101964 0.00720448 0.0515737 0.0167353 0.576744 0.00544241 2.86062e-05 0.000159565 0.0105689 0.00807013 0.00193188 6.66548e-05 0.0109608 0.00110148 0.00709872 0.00553983 6.06365e-11 0.0166462 0.00982935 4.5066e-11 0.0214058 0.00520244 
0.0140584 0.037732 0.00754941 0.0914457 0.00762442 0.0590657 0.000109287 0.107139 0.000525467 0.000919387 0.000331714 0.000616201 0.0233275 0.00466591 0.000774539 0.00301425 0.00840599 0.00807993 0.00255827 0.139541 0.0270543 4.90821e-06 0.405413 0.050044 
0.00197101 0.0299173 0.000268677 0.161781 0.0452676 0.0167298 0.00142179 0.0758972 0.000460337 0.243738 6.02949e-05 0.0671215 0.160449 0.0570201 0.000427549 0.000241581 0.00704845 0.0169712 2.07201e-06 0.0936089 0.0127762 3.86847e-07 0.00623138 0.000588762 
0.00428344 0.00977033 0.00774199 0.0477454 0.0138534 0.00802958 0.0015689 0.507793 0.000361643 5.89246e-05 0.000319476 0.106392 0.0367091 0.000162718 8.44727e-06 0.000333563 0.000175958 0.00295696 3.17782e-12 0.18631 0.0049411 2.36181e-12 0.0604045 7.89999e-05 
0.00156446 0.190761 0.000228973 0.016607 0.0421229 0.0329769 0.0479536 0.0480419 0.036845 0.000770981 0.059999 0.116411 0.0105324 4.03133e-05 0.000292339 0.00287067 0.025133 0.0900607 2.06041e-06 0.249369 0.00165839 8.74186e-09 0.011768 0.0139911 
0.00444403 0.0417961 0.00131384 0.0370378 0.0617269 0.0521638 0.0340385 0.0814529 0.00229571 0.000744885 0.0186277 0.0128215 0.0619223 0.00265229 5.06948e-05 0.0070372 0.0307542 0.0281632 0.000274343 0.374219 0.00429843 1.8707e-06 0.092809 0.0493539 
0.00603066 0.0338682 0.00329924 0.080939 0.125485 0.0272663 0.00229402 0.0510737 0.00508126 0.0218753 0.00320566 0.00624642 0.229666 0.0222586 0.00204755 0.0115901 0.0182216 0.0556971 0.000193758 0.234647 0.0124059 5.73114e-05 0.0421758 0.00437448 
0.00752115 0.0172528 0.00367504 0.225473 0.0255092 0.0125882 0.000677551 0.34038 0.000144483 0.00602574 4.22796e-05 0.00812995 0.0808844 0.00176672 0.000307696 0.00177587 0.0158604 0.00452486 3.84531e-07 0.20563 0.012838 1.25131e-07 0.0262799 0.002712 
0.000123196 0.0157556 0.00794116 1.75713e-07 0.63655 0.00455901 0.0018839 0.00821429 0.000252632 0.00136834 8.84954e-06 0.000105132 0.038929 0.00386131 7.96164e-08 0.0697237 0.00039067 0.00824365 8.56897e-10 0.1749 0.00116286 1.48515e-11 0.0217674 0.00425821 
0.0443808 0.0252886 0.0118368 0.0345454 0.0393034 0.346267 0.00349162 0.027318 0.00172447 0.0208183 0.000378472 0.0130642 0.0370876 0.0114778 0.00225109 0.0170338 0.0278757 0.0193779 1.51749e-05 0.115018 0.064672 5.41689e-06 0.118291 0.0184767 
0.0290511 0.199099 0.00121528 0.237905 0.133247 0.00801879 0.000397998 0.0752423 0.00194389 0.0443133 0.0102101 0.000416786 0.0553188 0.104359 0.00749432 0.000357077 0.000749532 0.0230161 0.00245825 0.0184152 0.00867973 0.000131221 0.0376853 0.000273778 
0.0455256 0.064738 0.00486644 9.36467e-05 0.087602 0.129859 0.00264277 0.00926809 0.000929862 0.00265787 0.000256782 0.0014596 0.197632 0.0012723 2.48378e-05 0.00931532 0.0373222 0.019503 0.00232255 0.143015 0.0214941 1.40364e-07 0.0963838 0.121815 
0.00400492 0.0240155 0.000962226 0.0327226 0.0328524 0.0280676 0.0028046 0.0614949 0.00745168 0.0111961 3.04313e-05 0.00104146 0.335818 0.00432494 3.07981e-05 0.0570131 0.0164095 0.0165496 0.00349635 0.235703 0.00616752 1.05953e-05 0.109373 0.00845952 
0.00276805 0.175999 0.0024966 0.0135759 0.0206229 0.0217559 0.00569904 0.0537236 0.00252678 0.00445619 0.000141476 0.000104587 0.0456768 0.0097627 5.18424e-05 0.00533556 0.0103165 0.00837107 6.37897e-05 0.128328 0.0192875 2.39286e-05 0.461628 0.00728432 
0.0421376 0.0259979 0.0594417 0.0302372 0.00526748 0.0857526 0.000452871 0.215515 0.000259235 1.46805e-08 1.99017e-05 0.000204231 0.0102806 0.0152669 3.65189e-06 0.0456986 0.00419047 0.000644888 4.33457e-10 0.142686 0.252955 3.22152e-10 0.0621184 0.000870445 
0.0287824 0.000706808 0.00146896 0.0164282 0.00011881 0.370661 1.39161e-05 0.00199555 5.12114e-05 0.00135146 2.02149e-05 7.6609e-09 2.093e-05 0.00022244 3.23891e-05 1.70489e-07 0.469913 0.00617821 3.70873e-09 0.0226879 0.0567896 9.78797e-10 0.0222784 0.000278609 
0.00512798 0.432707 0.0103513 0.161419 0.0655931 0.067968 0.00119579 0.0112219 0.000501051 0.0071086 1.07648e-05 0.00234483 0.0803883 0.0110585 0.0026127 0.00158269 0.0124017 0.0133109 0.00283275 0.0288214 0.0546375 1.18576e-07 0.0170352 0.00976931 
0.00247554 0.0215207 0.00492019 0.0305613 0.0692689 0.0525137 0.00230463 0.0305036 0.00170666 0.0028852 0.00454167 0.00128881 0.0442027 0.00929632 0.000236141 0.0267164 0.0110084 0.0332029 1.77704e-05 0.537763 0.00556072 2.45984e-06 0.0935086 0.0139932 
0.0330455 0.0115827 0.000567654 0.0403164 0.0225004 0.148981 0.0012505 0.0274123 0.00332678 0.020671 7.99655e-06 0.000361747 0.0305715 0.000794098 0.00994792 0.00158074 0.520357 0.00898579 3.82911e-07 0.0625405 0.0276167 3.3545e-07 0.0229367 0.00464439 
0.00907055 0.601246 0.00467362 0.0156647 0.0726611 0.0267982 3.30458e-06 0.00274677 0.000730484 0.00134593 2.4178e-07 2.13405e-07 0.0386109 0.0561627 0.000128483 0.0683386 2.17073e-07 0.00038381 1.12459e-08 0.0386369 0.0115872 8.35813e-09 0.0490765 0.00213372 
0.00149241 0.0304294 0.00335434 0.0788685 0.0222299 0.0477525 6.88646e-05 0.00830868 0.000885148 0.000296868 0.000155614 7.04512e-05 0.0363512 0.00064475 0.000460677 0.0337099 0.000481969 0.000115104 1.31276e-05 0.228891 0.0117521 3.96497e-07 0.106317 0.38735 
0.0427337 0.017993 0.0318936 0.0154839 0.0110447 0.495412 0.0032868 0.0196559 0.00209045 0.0033657 0.00117899 0.00584057 0.0160248 0.00459022 0.00150472 0.00571437 0.0654134 0.0095492 0.00204739 0.0416613 0.171453 1.10786e-05 0.0234582 0.00859286 
0.0021797 0.0378644 0.0168808 0.0250939 0.0441039 0.0154964 0.0216596 0.0278908 0.000284858 0.00294919 0.000120056 0.00224687 0.40331 0.00101677 0.0108389 0.000326904 0.000187591 0.00993304 1.55949e-05 0.293178 0.00689561 4.37875e-06 0.0720739 0.00544912 
0.00529262 0.0809821 0.00131005 0.00687822 0.0228371 0.0180037 0.788001 0.0103667 6.66351e-05 0.00025218 0.00444725 0.000672397 0.00191935 0.000300209 0.00707717 0.00120268 0.0119696 0.00358309 1.09889e-11 0.00829555 0.0128481 8.16713e-12 0.0135564 0.000137775 
0.00951783 0.0746771 0.0419127 0.0114421 0.0178871 0.104873 0.025897 0.0119624 0.00902442 0.00603055 0.00309696 0.00226375 0.036985 0.023023 0.000540082 0.0300414 0.00625961 0.0162433 0.000679712 0.0392795 0.021566 0.000150554 0.0778855 0.428762 
6.97936e-06 0.00615036 0.0010819 0.00168312 0.00952185 0.0176648 0.000688288 0.00254296 0.0274673 0.323363 0.000242239 2.08929e-06 0.000715959 2.8076e-05 0.000204403 7.2639e-05 8.68453e-05 0.00671448 3.92765e-07 0.0303197 0.0219431 4.99559e-09 0.0194629 0.530036 
0.00491623 0.161553 0.00705729 0.209031 0.02433 0.103234 0.00261519 0.0471045 9.89991e-05 0.0187193 0.00655711 0.00640711 0.0481246 0.00146911 0.000274197 0.0173087 0.012042 0.0111146 4.69485e-05 0.174007 0.0537527 5.14124e-06 0.0479056 0.042326 
0.000327396 0.0778501 0.0135192 0.0265998 0.0616485 0.0833667 0.00186807 0.0298889 0.00063916 0.00149111 0.00011907 0.00298763 0.0307198 0.00904809 6.42296e-05 0.414551 0.0279214 0.0466145 4.29839e-05 0.117475 0.00862602 1.71325e-05 0.0182027 0.0264114 
0.00364586 0.0200998 0.00271722 0.015364 0.609567 0.0567194 0.00171346 0.0188866 0.000518596 0.0312585 6.07848e-05 0.00809764 0.0259834 0.0232042 0.000482509 0.0134481 0.00113477 0.0421794 1.03309e-05 0.0864603 0.00963801 5.75958e-06 0.0203416 0.00846289 
0.106962 0.0126588 0.0186206 0.0278147 0.0102391 0.267194 0.00687047 0.0239285 0.0013145 0.00476367 9.90674e-05 0.00139312 0.0241939 0.0056688 0.0235366 0.0039128 0.103494 0.0189914 1.55295e-05 0.055182 0.217334 4.03057e-06 0.0599849 0.00582369 
0.000422451 0.0636808 0.024055 0.0416186 0.00820514 0.0168901 0.000394401 0.135233 6.67703e-05 0.00871046 0.00025064 0.00621609 0.200842 0.106428 0.133813 0.179505 8.04045e-07 0.000198091 4.48998e-09 0.0305274 0.00213988 3.33702e-09 0.0350117 0.00579174 
