0.00154721 0.0473585 0.399319 0.00344312 0.0556912 0.0398733 0.000203377 0.029847 1.07308e-05 0.000725202 3.72361e-05 0.000223583 0.0627254 0.00695359 0.0112334 0.191808 0.00033968 0.00812555 4.39666e-09 0.0754279 0.0419298 3.26767e-09 0.02238 0.000797296 
0.00185632 0.476054 0.00500072 0.0956225 0.0812551 0.0219552 0.00578405 0.0122203 0.00104752 0.0220348 0.00439759 0.0108084 0.0861693 0.0286184 0.0013522 0.0132971 0.00321217 0.019065 0.00110563 0.0646548 0.0103658 9.85785e-05 0.0290709 0.00495409 
6.86856e-05 0.0458527 0.00790412 2.19397e-05 0.234682 0.0110476 0.00206993 0.00124297 0.00366877 0.00798427 4.48518e-08 0.00145326 0.131285 0.0145463 0.00171435 0.453499 3.92801e-05 0.000317818 0.000513799 0.0228111 0.0019122 3.18209e-08 0.0447886 0.0125767 
0.0017952 0.0142904 0.0103763 0.0652619 0.00739269 0.153171 1.84313e-05 0.126278 8.87133e-05 0.000554639 1.35334e-05 0.000171119 0.000800327 0.519565 8.35928e-05 0.0268237 0.0125265 0.00780863 3.88363e-05 0.0239926 0.0094356 1.43025e-09 0.00959996 0.0099138 
0.00687793 0.0189608 0.000820601 0.0470391 0.0359717 0.0384367 0.000981941 0.18384 0.00191361 0.0023949 7.82701e-05 0.00797461 0.203964 0.00287677 0.00019949 0.000236392 0.00717396 0.0390756 1.57529e-06 0.326679 0.00771552 1.38114e-06 0.0656042 0.00118235 
0.0013838 0.289383 0.0234712 0.0123017 0.0137761 0.0967337 0.136593 0.00934261 0.00105202 7.6493e-05 0.0125668 0.00385226 0.00473364 0.000135095 0.00120873 0.000388972 0.0442283 0.011757 2.53219e-07 0.0187818 0.00338757 5.43662e-09 0.139836 0.17501 
0.443285 0.0248078 0.000583507 0.0713794 0.0528283 0.160884 0.00246997 0.0195462 0.00232044 0.00071109 0.00576028 0.0164574 0.00763041 0.00736546 0.00366205 4.15773e-06 0.0167536 0.00822748 3.48284e-07 0.0178047 0.128566 9.03828e-09 0.00850691 0.00044652 
0.00109389 0.00532019 0.00137427 0.132629 0.0974092 0.105969 2.51494e-05 0.120783 0.00391499 9.46906e-05 2.1615e-06 0.0443077 0.00784607 0.0358314 0.00154113 0.000118701 0.00503583 0.0528487 3.65535e-06 0.0408603 0.289471 4.83731e-08 0.0535016 1.85382e-05 
6.24088e-05 0.0185579 0.000939679 0.274689 4.84977e-08 0.00128644 3.48913e-08 0.29559 8.35892e-05 0.00104902 2.64046e-05 0.186785 0.0796665 0.000629215 1.29115e-08 0.000146853 4.65117e-09 0.000333688 6.9882e-13 0.104222 0.000370379 5.19374e-13 0.0355623 2.23095e-09 
0.00449044 0.0468341 0.00302457 0.426782 0.0388709 0.0369902 9.19686e-05 0.0933474 0.000724004 0.0220673 1.83735e-07 4.76227e-05 0.12473 0.00408354 3.76369e-05 0.00875743 0.000397689 0.0175128 0.00238109 0.113895 0.00666498 1.05451e-07 0.0465757 0.00169348 
0.037884 0.00462948 0.00392225 0.0133676 0.00216367 0.312005 0.000119785 0.0374817 5.53546e-05 0.000305458 8.35157e-07 4.32318e-05 0.0127393 0.025962 7.48618e-05 0.00126543 0.107432 0.00675048 2.73568e-08 0.101889 0.284106 4.24607e-09 0.0472212 0.000581298 
0.0277549 0.379061 0.0016429 0.043781 0.103958 0.00825449 0.0290201 0.0453812 0.000685179 0.00255489 0.0896686 0.108714 0.0552704 0.000540247 0.000659374 0.00105328 0.00565185 0.0169711 1.10388e-10 0.0442673 0.00376436 8.20421e-11 0.0312413 0.000104095 
0.000412116 0.00171345 0.00399464 0.0753908 0.00398382 0.0133319 0.000554323 0.0596028 4.86182e-07 0.00121025 8.1617e-06 0.000438108 0.576372 0.00339823 1.58336e-05 0.0186917 0.00651555 0.000453289 2.01558e-06 0.130637 0.0027262 5.81025e-08 0.100242 0.000304811 
0.0519882 0.142328 0.0640839 0.0635416 0.109181 0.109262 0.00238235 0.0139675 0.00118306 0.0172241 5.70456e-05 0.000211338 0.0159685 0.0770707 0.00154638 0.00127676 0.0890328 0.0230551 5.065e-08 0.111835 0.0885893 3.5252e-09 0.0136844 0.00253054 
0.0047553 0.020249 0.00902854 0.620644 0.00182593 0.0150397 1.44508e-05 0.0359665 0.0157914 0.102201 2.77916e-05 0.00375487 0.0637031 0.00709928 9.39932e-05 0.00277018 0.00650603 0.00246463 2.81835e-05 0.0472655 0.0242654 4.14203e-06 0.0131744 0.00332617 
0.0186465 0.060209 0.0835919 0.0148825 0.0792689 0.247922 0.00573064 0.0128643 0.00144173 0.00116952 0.0494788 0.0101808 0.00794224 0.00583989 0.00239281 0.0101187 0.0255959 0.00610562 0.00713076 0.109098 0.170366 5.73912e-05 0.0649672 0.00499872 
0.0672432 0.0193287 0.00632835 0.0371762 0.00876497 0.474184 0.00104939 0.0310921 0.00101855 0.00494227 0.0035406 0.00425809 0.0246811 0.0105047 0.000508577 0.00392755 0.0402042 0.0132498 4.90712e-05 0.057178 0.123606 1.01818e-05 0.056362 0.0107919 
4.16914e-05 0.470337 5.3009e-05 0.00225262 0.0796992 0.0083038 0.0194905 0.0118205 0.0417951 0.000863958 8.03519e-05 0.00358962 0.000696724 0.00249243 0.000338191 0.0283085 5.22617e-07 0.00801758 2.26056e-08 0.152954 0.00988312 1.68008e-08 0.113417 0.0455639 
0.000658032 0.405757 0.000281668 0.0719775 0.0353968 0.0182404 0.00120455 0.00658096 5.67946e-06 0.00110084 0.034613 0.00061269 0.106963 0.00265537 0.0930608 0.00119669 0.0199437 0.00301565 2.9832e-08 0.0678378 0.00131667 5.59248e-10 0.126264 0.00131656 
2.27835e-05 0.055719 0.00703951 0.222422 0.00336617 0.0501465 2.06411e-05 0.00386788 5.09826e-07 0.0733082 3.4145e-05 5.36952e-05 0.0183989 0.214543 0.0118317 0.00301068 0.00352508 0.0150365 0.000141718 0.0163001 0.116458 3.17029e-09 0.177909 0.00684413 
0.168712 0.0143841 0.011639 0.0944173 0.0172821 0.204807 0.00649348 0.0742368 0.000354009 0.00265303 0.0025054 0.00660536 0.0323296 0.00656061 0.0169086 0.00115407 0.101993 0.0101525 0.000187079 0.0337627 0.174245 3.31655e-05 0.0182581 0.000326633 
0.000531327 0.0265265 0.151839 0.0207673 0.0334039 0.124427 0.000920341 0.0529779 0.109327 0.0106903 0.000117891 0.000311622 0.0503112 0.22791 1.40011e-05 0.0088156 0.00116696 0.00500299 0.00461121 0.0976769 0.0448115 1.88853e-06 0.0119501 0.0158867 
0.00316444 0.259402 0.0193456 0.0155738 0.0754745 0.0482757 0.305895 0.00477288 0.00140246 0.000913912 0.00900845 0.00139369 0.131695 0.000303228 0.000136073 0.0527561 0.000106218 0.00929383 2.15439e-06 0.0190513 0.0051118 5.37416e-10 0.0211667 0.0157549 
0.000128558 0.161107 0.000317184 0.204917 0.119555 0.00118365 0.00148249 0.115311 0.000228306 0.0028532 0.0023835 0.0348638 0.184347 0.012719 0.00145022 0.00670401 1.89239e-05 0.0185347 1.35976e-06 0.108964 0.00129394 7.21075e-07 0.0213802 0.000255049 
0.0214961 0.00225448 0.000121557 0.00343505 0.00257375 0.775052 5.07133e-06 0.00459441 0.0365027 3.09891e-05 4.11664e-06 3.47978e-06 0.000913915 0.000166715 2.40884e-07 0.000175098 0.0436718 0.000167521 5.3376e-06 0.00451136 0.102409 1.36087e-09 0.00145403 0.000450347 
0.0353972 0.00365108 0.00380123 0.00581235 0.02513 0.266372 8.04701e-05 0.0602745 0.000853554 0.000984636 3.74659e-06 2.1345e-06 0.00622479 1.62005e-05 5.02598e-08 0.000227546 0.0021318 0.00174404 1.34196e-09 0.317988 0.148701 9.97369e-10 0.109697 0.0109066 
0.00963942 0.0132998 0.0146667 0.145017 0.0208223 0.0415422 0.00578048 0.0727457 0.000535981 0.00300726 0.00027155 1.56371e-06 0.242051 0.0111919 0.000155942 0.0379932 0.00136008 0.0137201 6.24705e-07 0.283129 0.0286474 3.0653e-09 0.0487888 0.0056323 
0.000635558 0.00810115 0.0026774 0.0107093 0.00482309 0.0531605 0.000127095 0.000327819 0.0136439 0.000347341 8.05071e-05 0.00108867 0.00416569 0.000542891 7.68635e-05 0.0464409 0.010994 0.0182973 0.00019264 0.0046451 0.00693701 2.88753e-05 0.0453097 0.766647 
0.000535273 0.0863016 0.0556184 0.0267274 0.0412051 0.0903706 0.0056703 0.00864525 0.00296234 0.000267282 1.66908e-05 1.74879e-05 0.0579029 0.0023565 0.0118709 0.018888 0.0536811 0.0195942 2.86319e-06 0.168003 0.0666244 2.90683e-07 0.180505 0.102233 
0.0337652 0.00189344 0.000475179 0.00929755 0.0030598 0.0659219 0.00229734 0.0228176 0.000231244 0.00121358 3.09884e-05 0.00052475 0.00461181 0.00139723 0.00248141 0.00232053 0.797004 0.00443644 8.87038e-07 0.0137584 0.0192491 5.13745e-07 0.0126145 0.000596461 
0.0121799 0.188186 0.00214168 0.00701253 0.0844626 0.0802201 0.0458017 0.0164721 0.000649407 0.000332536 0.00514283 0.00404847 0.0189747 2.98116e-05 0.000768918 0.000118842 0.0404873 0.0256534 7.53866e-10 0.365023 0.00583438 5.60285e-10 0.0950448 0.00141526 
0.000940333 0.00202565 0.510168 0.091685 0.000301936 0.0695204 0.000218359 0.0730576 0.000269874 0.00693217 6.29443e-05 0.000686463 0.00806845 0.00332175 0.00016819 0.00800593 0.000573954 0.00108417 5.84281e-06 0.186587 0.00522777 9.64064e-08 0.0310333 5.43779e-05 
0.00430283 0.384547 0.00363878 0.0153037 0.0371625 0.0832993 0.053092 0.0229461 0.00101626 0.000924874 0.000120967 0.0336396 0.112594 0.00721626 0.00024669 0.00101985 0.0457731 0.00615318 0.00141403 0.0795062 0.050395 1.33827e-05 0.0539768 0.00169797 
0.000736702 0.196614 0.00579469 0.0250992 0.0570444 0.0162028 0.474106 0.00701385 0.000168762 0.0030723 0.0157424 0.013247 0.00734541 0.000301156 0.00841565 0.00300871 0.00182744 0.0859543 4.27496e-08 0.0595066 0.00246692 2.17263e-08 0.0134207 0.00291091 
0.00104079 0.101131 0.00501893 0.0546429 0.0316192 0.0232586 0.000495328 0.0268765 0.000132993 0.00301522 0.00248557 0.00643945 0.0787363 0.564387 0.000274234 0.00653213 0.0164392 0.00627287 0.00100945 0.0413092 0.0125656 6.91238e-08 0.0156396 0.000677961 
0.00211698 0.0464919 0.0026643 0.112158 0.109509 0.0339027 0.0735547 0.0547802 0.000422186 0.013532 0.00468798 0.00492657 0.0831907 0.0130119 0.000950936 0.00394988 0.0114746 0.0588378 1.58176e-05 0.13546 0.00864693 1.07162e-05 0.220522 0.00518284 
0.00461456 0.138701 0.00379685 0.0535592 0.142204 0.0489681 0.167722 0.0117587 0.00647039 0.0019981 0.040185 0.00656609 0.00326767 0.000139985 0.00851158 2.14276e-05 0.112606 0.0457462 4.40309e-10 0.178815 0.0064758 1.6354e-13 0.0160992 0.00177339 
0.00529262 0.0809821 0.00131005 0.00687822 0.0228371 0.0180037 0.788001 0.0103667 6.66351e-05 0.00025218 0.00444725 0.000672397 0.00191935 0.000300209 0.00707717 0.00120268 0.0119696 0.00358309 1.09889e-11 0.00829555 0.0128481 8.16713e-12 0.0135564 0.000137775 
0.005349 0.0236403 0.00370884 0.0809053 0.0353897 0.0318854 0.000315392 0.0225196 0.00460752 0.442947 0.000103341 0.0353482 0.0945756 0.00878726 5.43386e-05 0.00633081 0.00446836 0.0763139 4.80554e-05 0.07045 0.00399006 3.39066e-06 0.0296267 0.0186324 
0.0345933 0.077697 0.000709864 0.0235737 0.00805824 0.0813864 0.000872726 0.581764 0.00337488 0.00442831 0.000129742 0.00110835 0.0101462 0.00105765 0.00835755 0.000384739 0.0100414 0.0152035 1.0157e-06 0.0625281 0.029587 1.87841e-07 0.0442241 0.000772422 
0.900149 0.000905457 7.30123e-05 0.00762487 0.00219421 0.0284416 0.000189126 0.000199504 0.000138128 0.0256642 4.93956e-05 9.99401e-08 0.000768779 0.00131612 0.000174209 1.00133e-05 0.00109548 0.00527888 3.21917e-10 0.00817547 0.0004909 2.39254e-10 0.0011382 0.015923 
0.136061 0.066957 0.00806483 0.0361511 0.0101601 0.206609 0.00117277 0.015213 7.98138e-06 0.00459995 7.81808e-06 0.00040541 0.024322 0.0167644 0.00322984 0.000973858 0.00425937 0.000785572 0.0118074 0.0183596 0.298849 1.91151e-08 0.128682 0.00655764 
0.147409 0.0147546 0.00356665 0.0128856 0.0149673 0.186012 0.00317774 0.0350649 0.00191953 0.029672 9.4297e-05 0.00118289 0.00912661 0.00129136 0.00512624 0.000171659 0.0944928 0.0140213 6.23812e-07 0.0341166 0.335438 5.6428e-07 0.0475247 0.00798235 
0.000388651 0.118071 0.00285938 0.163723 0.07478 0.0110078 0.0120638 0.0752792 0.000425662 0.00609183 0.00253289 0.0224126 0.297535 0.0250761 5.54857e-05 0.00588445 0.00925851 0.0189674 0.000121949 0.120299 0.0169692 1.17952e-06 0.0160038 0.000191778 
0.000245327 0.0629939 0.00428562 0.0617244 0.00802372 0.0247056 0.000122281 0.0396484 0.000237104 0.0681674 2.52814e-05 0.00346893 0.481473 0.0131932 0.00165796 0.0550908 0.00265714 0.00291936 0.000184701 0.0934089 0.00711711 1.03772e-06 0.0634047 0.00524369 
0.00233412 0.0651053 0.001984 0.0691752 0.0202946 0.0703608 0.00158022 0.38081 0.000945207 0.00109321 0.000178283 0.000381348 0.0496798 0.00841267 2.1003e-05 0.00767584 0.0438012 0.0207374 1.11669e-05 0.161628 0.0211357 1.70829e-06 0.0709008 0.00175227 
0.00220949 0.143816 0.00123797 0.0346017 0.17498 0.0171756 0.0309755 0.0283896 0.000575902 0.00373344 0.014434 0.00222411 0.040682 0.00260209 0.000709147 0.00732035 0.00737048 0.123963 0.000202643 0.288445 0.00798089 5.57036e-05 0.0587217 0.00759438 
4.87854e-07 0.0309398 0.172197 0.023976 0.00877449 0.0354984 0.0162963 0.00130994 0.000100889 0.00213587 4.13316e-06 0.00222742 0.00446722 0.0640206 0.000349408 0.00104304 0.000390409 0.000933867 1.20849e-05 0.0287529 0.000649918 4.83942e-07 0.596289 0.00962976 
0.025498 0.0266225 0.0222421 0.0769032 0.0176435 0.0125129 0.00146873 0.336395 0.00715323 0.00537176 0.00165308 0.0141721 0.0130053 0.00463813 0.000681532 0.00298942 0.000428143 0.0222738 0.000209077 0.108757 0.0551102 3.71386e-05 0.242727 0.00150652 
0.000387919 0.0564809 0.133044 4.68449e-06 0.00383152 0.0244712 9.00855e-05 0.000899464 0.0716807 0.000724051 0.000357166 5.50947e-06 0.0156561 0.0092216 1.74184e-07 0.0363515 2.53298e-07 0.000787675 4.66084e-08 0.000328296 0.000976212 3.46401e-08 0.0122162 0.632485 
0.651269 0.00037099 0.000400222 0.00156097 0.00242153 0.0057986 0.018229 0.00784978 3.83157e-05 0.000148793 7.55813e-09 0.000259376 0.0033941 5.24518e-05 6.34977e-05 3.0841e-05 0.262961 0.00415831 9.7546e-10 0.00213053 0.0233267 1.52136e-12 0.0155048 3.02676e-05 
0.00141714 0.0506245 0.00350512 0.029885 0.291711 0.00510197 0.00399117 0.0127387 0.000245067 0.00961175 0.00258315 0.000759669 0.139841 0.000744144 2.77848e-06 0.0138537 0.000753768 0.0817589 9.87172e-07 0.272708 0.00049944 5.16702e-09 0.0692867 0.00837706 
0.0247372 0.00438664 0.0118653 0.00683085 0.000736964 0.732938 5.49929e-05 0.0292946 9.22754e-05 0.000705224 3.93984e-06 4.61747e-05 0.00210491 0.000583612 6.47498e-05 0.00188403 0.0371483 0.00319876 1.28944e-08 0.0165533 0.100462 1.21119e-08 0.0255118 0.000796745 
0.000692219 0.216886 0.00348655 0.0141979 0.0493477 0.023836 0.398314 0.0303371 0.00214654 0.000506583 0.0504862 0.0300009 0.00806469 0.000983897 0.00327123 0.000653241 0.00728055 0.0137936 0.000399009 0.12587 0.00483084 2.9761e-07 0.00947749 0.00513727 
0.00529262 0.0809821 0.00131005 0.00687822 0.0228371 0.0180037 0.788001 0.0103667 6.66351e-05 0.00025218 0.00444725 0.000672397 0.00191935 0.000300209 0.00707717 0.00120268 0.0119696 0.00358309 1.09889e-11 0.00829555 0.0128481 8.16713e-12 0.0135564 0.000137775 
0.225029 0.00964857 0.00160986 0.020264 0.00323618 0.340875 0.00824091 0.0310633 0.00452232 0.000530629 0.00354626 0.0032872 0.00494212 0.00149628 0.00187739 0.00077593 0.186402 0.00469259 8.60402e-05 0.0292312 0.101113 3.38894e-06 0.0164328 0.00109422 
0.000713061 0.0935062 0.0442485 0.026407 0.373643 0.0254765 0.00459776 0.0466074 0.00584867 0.0217847 0.00158725 0.101978 0.0536527 0.00184621 0.00313027 0.00289313 0.00139931 0.0617313 4.07979e-05 0.0687269 0.0145735 8.69372e-06 0.0327981 0.0128015 
0.000891035 0.146506 0.00732117 0.04479 0.0332731 0.00179868 0.00022518 0.00668655 0.000132312 0.00348035 0.00724514 0.000726537 0.0908447 0.546888 0.0531326 0.00408819 0.000869712 0.0010797 2.36997e-05 0.0299622 0.00772755 6.25828e-06 0.00900386 0.00329764 
0.000953089 0.404608 0.0426296 0.032071 0.0104827 0.0800483 0.0015909 0.0226517 0.0377354 0.0108006 0.0143437 0.0576944 0.0116697 0.038382 0.000316213 0.00260053 0.0011264 0.0131312 4.12949e-05 0.0183752 0.101739 6.25548e-07 0.0951947 0.00181423 
0.00245694 0.0376718 0.0125299 4.01045e-07 0.00187833 0.02755 0.878713 0.00179961 0.000361052 1.04294e-05 0.0158548 9.24217e-07 0.000295854 1.4188e-05 0.00102907 0.000547121 0.0124199 0.0014289 1.43674e-11 0.000343436 0.00138551 1.06781e-11 0.00276557 0.00094336 
0.0958422 0.00123717 0.430399 0.00781708 0.000801324 0.141877 0.000491036 0.0102512 5.38808e-05 0.000774538 8.59518e-07 4.1092e-05 0.00565959 0.000354133 3.30465e-06 9.62799e-05 0.000680485 2.94722e-05 7.88581e-06 0.0596478 0.239006 1.49226e-07 0.00439334 0.000534746 
0.000123196 0.0157556 0.00794116 1.75713e-07 0.63655 0.00455901 0.0018839 0.00821429 0.000252632 0.00136834 8.84954e-06 0.000105132 0.038929 0.00386131 7.96164e-08 0.0697237 0.00039067 0.00824365 8.56897e-10 0.1749 0.00116286 1.48515e-11 0.0217674 0.00425821 
0.00385306 0.46159 0.000498204 0.000849121 0.0981223 0.0362698 0.275551 0.000457921 0.0361661 0.000156773 0.00161239 0.00888922 0.00360231 6.88092e-08 0.000938374 0.00632085 0.0219517 0.0120952 1.52723e-06 0.0177714 2.95433e-06 1.04237e-09 0.00783287 0.00546649 
0.00384872 0.0233892 0.00580935 0.0089718 0.0340186 0.222918 0.00881362 0.00466961 0.000230228 0.0110565 0.000373146 0.000150865 0.0195602 0.00429718 0.000215593 0.00210108 0.0452128 0.0124047 0.000131894 0.0232542 0.00454119 2.00789e-05 0.159834 0.404178 
0.000409835 0.628464 0.0233698 0.00654682 0.0869064 0.0266455 0.0206602 0.0302563 6.43384e-06 0.000301298 4.89779e-05 0.000751842 0.00370722 3.29195e-05 2.45342e-06 0.000168368 0.000916684 0.00657371 7.15133e-07 0.0896878 0.019551 2.05251e-10 0.0279344 0.0270571 
0.000480897 0.0216902 0.00399253 0.123402 0.00973014 0.0157141 0.00114667 0.467262 0.00148474 0.00235362 0.00379451 0.0233261 0.0569774 0.00298994 3.39215e-05 0.025448 0.0140436 0.00513732 1.414e-05 0.089145 0.046076 9.69014e-07 0.0839034 0.00185233 
0.000582123 0.133613 0.000446087 0.0331824 0.136133 0.0115706 0.051981 0.0784357 0.000597822 0.0361499 0.075443 0.000414338 0.0738913 0.00311181 0.000180038 0.0033448 0.0204211 0.216324 2.79031e-05 0.0403479 0.00905716 2.20901e-05 0.0698439 0.00488012 
3.81735e-05 0.0348346 0.0332236 0.267174 0.00579514 0.084777 0.000312974 0.321209 1.88792e-05 0.00428464 7.1588e-05 0.00620121 0.013985 0.00011532 4.71697e-08 0.000959967 3.70888e-05 0.0138776 1.29467e-06 0.0600789 0.0930027 2.90534e-08 0.0595959 0.000405091 
0.000443058 0.0475422 0.00247401 0.0279399 0.0395053 0.0326813 0.00267655 0.00826886 0.0390417 0.0143923 0.000233707 5.27961e-05 0.0785739 0.00110332 4.03176e-05 0.108548 0.00248558 0.0140554 1.88702e-08 0.390212 0.033565 3.2507e-09 0.120033 0.0361316 
0.104884 0.000187555 0.000976887 0.0144508 0.00632889 0.033676 0.100707 0.0799865 0.000119991 0.00307658 1.05879e-06 0.000117318 0.308724 5.44581e-07 9.16449e-06 3.37638e-05 0.0311249 0.010876 5.0848e-07 0.175548 0.0208332 4.17971e-09 0.108046 0.000290808 
0.0249622 0.035885 0.0136788 0.0371539 0.000481922 0.105361 0.00248877 0.00338801 0.000611609 6.31215e-05 0.00011211 0.0187645 0.0028863 0.0794824 2.81934e-05 0.000895084 0.0337914 0.00527953 7.33879e-08 0.00498441 0.622176 5.4543e-08 0.00636563 0.00116072 
0.00529262 0.0809821 0.00131005 0.00687822 0.0228371 0.0180037 0.788001 0.0103667 6.66351e-05 0.00025218 0.00444725 0.000672397 0.00191935 0.000300209 0.00707717 0.00120268 0.0119696 0.00358309 1.09889e-11 0.00829555 0.0128481 8.16713e-12 0.0135564 0.000137775 
0.0110172 0.0287918 0.00201742 0.120854 0.0331464 0.0410761 0.0751292 0.108758 0.00394477 0.00561641 0.00593835 0.0330072 0.0395568 0.0332019 0.000349032 0.0067827 0.0132884 0.074191 5.56936e-05 0.230853 0.0150581 1.28018e-05 0.10869 0.00866227 
0.000990983 0.00167464 0.00203818 0.0671312 0.0146542 0.124275 0.000380271 0.0082555 7.14307e-08 0.000434586 9.60107e-08 2.18971e-08 0.0619512 0.168913 8.17151e-05 0.000996032 0.00464204 0.271424 0.00754675 0.209835 0.0320567 4.10017e-09 0.0227092 9.45319e-06 
0.414189 0.00619827 0.00281035 0.00602025 0.00332284 0.0739561 0.000102541 0.0117467 0.00219869 0.000818659 0.000110604 0.000294985 0.0147709 0.012683 0.00164308 0.000170645 0.00034053 0.00184352 0.0753591 0.0176373 0.327087 2.0239e-05 0.0242768 0.00239902 
0.0338546 0.0137147 0.429415 0.0354441 0.0454813 0.154164 4.11482e-05 0.00570112 5.43828e-05 2.59374e-06 0.00133445 0.00206706 0.0619963 4.02388e-05 5.13088e-05 0.00939088 0.0054701 0.0899793 4.43025e-06 0.0468715 0.0452885 9.68078e-09 0.0123232 0.00730918 
0.00357232 0.215598 0.000995926 0.0433247 0.0387966 0.0149 0.00297143 0.448048 0.0065299 0.00270353 0.0020679 0.000438631 0.020879 0.000857473 0.00065677 0.000967656 0.0116284 0.00734989 0.000112455 0.0780562 0.0034413 9.09606e-05 0.0895412 0.00647195 
0.000283507 0.000910258 0.00162457 0.559064 0.0130011 0.0201537 7.66675e-05 0.143314 5.98698e-05 0.0268903 8.69856e-05 0.0109651 0.0530503 0.000496378 1.14029e-05 0.000154123 0.0307879 0.0569445 7.49172e-05 0.00967512 0.00633695 2.80528e-06 0.0656475 0.000387504 
0.0138932 0.0769024 0.00216818 0.0636796 0.0311767 0.0199406 0.00377086 0.420837 0.000306545 0.00100947 0.0474484 0.00305056 0.0385066 0.0058193 0.000280115 0.00265151 0.0133616 0.0346383 8.7646e-05 0.136914 0.00315122 2.60682e-06 0.0784642 0.00193969 
0.000965202 0.0199005 0.00727978 0.0272653 0.0223278 0.2665 0.000131127 0.00381126 0.00264823 8.81419e-07 5.02627e-05 2.05522e-06 0.0186598 0.493108 0.000216948 0.00652286 0.00132364 0.00240826 0.00193924 0.00860085 0.101645 3.90878e-09 0.00445991 0.0102324 
0.0035291 0.0172601 0.00270626 0.0101765 0.00170938 0.0630656 0.00118888 0.00549276 0.000519718 0.0134283 9.97886e-05 0.00256974 0.0134808 0.00984687 6.6058e-05 0.0393354 0.000364295 0.0254958 1.28607e-05 0.0405328 0.00391636 1.27294e-05 0.0438296 0.70136 
0.0277755 0.0168989 0.0344264 0.0144863 0.00299493 0.41932 0.00329032 0.0137806 0.000516795 0.000185297 0.000190502 2.52124e-05 0.00515025 0.0425744 0.00216026 0.0121359 0.0830743 0.00274783 0.00077346 0.0577612 0.11416 3.03229e-07 0.12851 0.0170607 
0.000459272 0.170093 0.00615539 0.00918146 0.0308009 0.0117343 0.559147 0.00261074 0.00559349 0.00359031 0.018328 0.00034672 0.0064544 0.000893248 0.009128 0.00358808 0.0132068 0.0127088 0.0017768 0.0388446 0.0139183 9.31077e-06 0.0341189 0.0473125 
0.00029975 0.00701697 0.000451192 0.151985 0.118258 0.0339842 3.87045e-05 0.0304779 0.00676428 0.000726907 7.74316e-05 0.000514107 0.0385267 0.00395717 9.43467e-05 0.0554451 2.87311e-05 0.23439 0.000347735 0.0585057 0.0041574 5.80358e-06 0.168343 0.0856045 
3.75428e-05 6.94018e-05 8.80146e-06 0.0673248 0.000202931 0.0148683 0.00149795 0.0387328 8.11233e-06 0.000746908 0.00265789 0.000219877 0.0160488 0.0170679 0.000216807 0.0120961 0.00154205 0.0310943 0.00119564 0.00314182 6.58937e-05 3.34306e-06 0.127642 0.66351 
0.00147852 0.000139661 0.948349 1.08772e-08 0.000201197 0.0252047 3.12038e-07 0.000243711 5.86094e-06 6.3248e-09 8.27028e-07 4.31025e-06 3.65087e-05 3.05419e-06 1.10074e-08 1.66149e-05 2.91137e-06 7.5995e-05 1.46065e-09 0.000360014 0.0237792 2.3009e-11 8.8882e-05 9.14622e-06 
0.021049 0.0412057 0.00967098 0.0520617 0.0562484 0.121446 0.00247223 0.0582232 0.00238452 0.00232376 0.000156434 0.00122401 0.0181643 0.00159543 0.000608699 0.0227687 0.0102348 0.113046 1.60663e-06 0.13406 0.00390974 7.0152e-07 0.286934 0.0402102 
0.258711 0.00866194 0.015128 0.0267398 0.0102561 0.501866 0.0020039 0.00664321 0.00604612 0.000221101 1.50018e-05 0.000492664 0.0198088 0.0235936 1.09994e-05 1.6737e-07 0.0178519 0.0272172 7.83847e-05 0.0184802 0.0301059 6.07454e-09 0.0239451 0.00212365 
0.00208277 0.0844666 0.000976034 0.0992422 0.0331614 0.022707 8.60488e-05 0.018514 1.79144e-05 0.00158426 3.44056e-05 5.7636e-05 0.131486 0.0090077 3.44789e-07 0.00277116 0.00372635 0.0154641 1.01381e-06 0.532878 0.00274014 3.3271e-08 0.0347696 0.00422481 
0.000573615 0.0363279 0.00075078 0.00341047 0.00449393 0.0145727 0.0140613 0.00412577 2.39591e-05 0.811574 5.92654e-05 0.00479345 0.00205148 0.00997812 0.000709245 0.00840084 0.000499555 0.00547836 7.46498e-09 0.0123679 0.000966154 4.28268e-10 0.0502994 0.0144822 
0.000325382 0.00820777 0.0101915 0.00285871 0.0021997 0.0471895 0.0411209 0.00460175 0.00764477 0.00130866 3.47817e-05 0.000306975 0.00548002 0.00103497 0.000147778 0.0270537 0.00758357 0.00754201 0.000638393 0.0158559 0.00196443 4.36652e-06 0.00436987 0.802335 
0.634991 0.000124925 0.00186732 0.00181661 0.000265586 0.0301638 0.000141937 0.00284183 2.83166e-05 5.5775e-05 1.65612e-05 7.30739e-05 0.000963431 1.26713e-05 0.0122011 3.53895e-06 0.276895 0.00171201 2.64812e-12 0.00194719 0.0285328 1.96813e-12 0.00530525 3.99834e-05 
0.110705 0.258761 0.00424852 0.14906 0.102245 0.0253802 0.0362585 0.00444988 5.17845e-07 0.0421564 9.03956e-05 0.000505128 0.0363424 0.00576385 3.36619e-05 0.000921415 0.0046156 0.0245882 2.5092e-08 0.07799 0.0279408 9.34579e-11 0.0637588 0.0241848 
0.00330251 0.0217942 0.0130969 0.432034 0.0140545 0.0341727 0.00429003 0.011879 0.0119629 0.0100075 8.60774e-06 0.000103752 0.15271 0.0109493 0.000262895 0.0120332 0.000278074 0.0069012 0.000178867 0.0699987 0.0476934 6.09234e-06 0.134889 0.0073927 
0.000285164 0.808128 0.000802872 0.0255818 0.0260601 0.000785995 0.00044483 0.00142227 2.75306e-05 0.000299859 1.65964e-06 5.49515e-05 0.0456867 0.00174796 0.000131363 0.00272043 0.000287689 0.00307835 0.055245 0.0184573 0.00301706 1.22369e-06 0.00546323 0.000268347 
0.00746754 0.0346999 0.0071527 0.028497 0.149551 0.0803941 0.000305999 0.0735794 0.000102961 0.132274 0.00036362 0.0037158 0.0542063 0.204263 1.20677e-08 0.00861806 6.22574e-05 0.00543193 8.32035e-07 0.0763557 0.0040675 4.49402e-09 0.121575 0.00731616 
0.00529262 0.0809821 0.00131005 0.00687822 0.0228371 0.0180037 0.788001 0.0103667 6.66351e-05 0.00025218 0.00444725 0.000672397 0.00191935 0.000300209 0.00707717 0.00120268 0.0119696 0.00358309 1.09889e-11 0.00829555 0.0128481 8.16713e-12 0.0135564 0.000137775 
0.00111217 4.80189e-05 0.00135003 0.706241 0.000305368 0.0911055 2.36554e-06 0.00345293 1.6385e-07 0.0222545 1.10394e-07 1.378e-07 0.0164693 0.00511211 2.80111e-05 0.00116047 0.0108515 0.0170079 4.39216e-07 0.0860269 0.0217459 2.06271e-09 0.0157248 3.01519e-07 
0.000911029 0.730754 0.00451388 0.0824805 4.85004e-06 0.00137272 4.06456e-06 0.00249366 1.55252e-07 6.95108e-07 5.09607e-08 5.93346e-07 0.0101624 0.0902888 0.000390363 0.00905214 1.99569e-06 1.71644e-06 7.3698e-10 0.00698618 0.0501424 5.47735e-10 0.010257 0.000180474 
0.0198643 0.0279341 0.00166446 0.204569 0.0565099 0.065374 0.0834689 0.0273996 0.00487058 0.0476055 0.00549929 0.0108495 0.0380648 0.00347695 0.0517172 0.00608609 0.0413345 0.0185217 2.29968e-07 0.113107 0.0870966 1.5003e-08 0.0836852 0.00129986 
0.00211338 0.122177 0.00844047 0.265069 0.155231 0.0276632 0.0080097 0.0347737 0.00150037 0.0202215 0.0124256 0.0420407 0.0726435 0.0266796 0.00228919 0.0133669 0.0123695 0.0200531 0.000662395 0.0946961 0.0108168 2.4595e-05 0.0373724 0.00935987 
0.000878204 0.237963 0.00187945 0.0153083 0.249959 0.0115033 0.0083329 0.0141023 0.00716776 0.00486209 0.0109354 0.00769898 0.0487136 0.00669851 0.000177403 0.0344063 0.00536832 0.0344134 0.00116175 0.25174 0.00459869 1.20833e-05 0.0276545 0.0144646 
0.000730306 0.0519108 0.000503935 0.0636616 0.0502927 0.00986521 0.00349641 0.0261916 9.6837e-06 0.00261489 0.00205145 0.000338141 0.602745 0.0246396 0.00236427 0.000178581 0.009475 0.00675181 2.29314e-08 0.0296577 0.00275904 1.36358e-08 0.107331 0.00243108 
0.0322729 0.0229368 0.016029 0.0195355 0.0145305 0.40868 0.00292253 0.0148319 0.0151572 0.00487712 0.000213243 0.00363818 0.0302358 0.0281247 0.000523449 0.00472414 0.0831481 0.00975548 0.000125308 0.054185 0.0934864 1.48812e-05 0.118156 0.0218961 
0.00278908 0.16202 0.00108101 0.0682388 0.163222 0.0134286 0.00189366 0.0482257 0.000492854 0.0017772 0.102563 0.00315599 0.0334776 0.00703917 0.0292207 0.0599133 0.000738853 0.122501 5.53049e-07 0.155725 0.00788957 1.54916e-08 0.0129291 0.00167717 
0.000242058 0.0730774 0.000516523 0.245401 0.00782211 0.00606116 0.00425911 0.0972352 0.000235579 0.00387873 1.25709e-05 0.00128243 0.113263 0.036373 1.18584e-05 0.00387707 3.90153e-06 0.00114674 0.00208555 0.079644 0.116302 1.71703e-06 0.201643 0.00562446 
9.77366e-05 0.242483 0.010914 0.0129927 0.380968 0.0110084 0.00750033 0.00558802 0.0243002 0.00343376 0.000173289 0.000164798 0.0353585 0.00317375 0.000122119 0.0284219 0.0882409 0.00472212 0.000102854 0.0582252 0.00226625 2.11723e-05 0.0747679 0.00495364 
0.00438928 0.529603 0.0254259 0.0657857 0.0596937 0.0100696 0.168718 0.00160264 0.0044947 0.00308318 0.00151739 0.0339224 0.0109389 0.00384838 5.55655e-06 2.71967e-05 0.00167508 0.018705 4.74538e-09 0.0197442 0.000108962 3.52684e-09 0.0343533 0.00228828 
0.0171973 0.0335952 0.004994 0.0487143 0.0927785 0.067496 0.138907 0.0418778 0.00268976 0.0133318 0.0030186 0.00824646 0.169767 0.00717507 0.00033522 0.00755815 0.0136879 0.050978 0.000185083 0.0947248 0.0385924 0.000104882 0.13838 0.00566451 
0.264118 0.303134 0.00274066 0.0385631 0.0245206 0.0496926 0.023913 0.00360639 0.000517076 0.000129605 6.48359e-05 2.23757e-05 0.00586405 6.04464e-05 0.0106287 0.000256545 0.0115545 0.00156422 8.48228e-11 0.0291801 0.00666231 6.30416e-11 0.217399 0.00580791 
0.00793238 0.00488465 0.00209654 0.00478317 0.00950968 0.214084 0.000114423 0.00699185 0.0124726 0.0020036 0.000119699 9.70959e-07 0.00554178 0.100485 0.00874898 0.100362 0.0949637 0.00230703 4.38242e-08 0.00433931 0.0179349 3.97619e-08 0.257316 0.143007 
0.00261815 0.0315819 0.00367076 0.21973 0.00601245 0.0221404 0.000247068 0.463447 0.000199744 2.15788e-05 0.000223564 0.000265547 0.0921804 0.00989994 0.000504053 0.00029299 0.000154621 0.00515835 0.000378162 0.0442244 0.0333319 2.88686e-08 0.0596246 0.00409168 
0.00529262 0.0809821 0.00131005 0.00687822 0.0228371 0.0180037 0.788001 0.0103667 6.66351e-05 0.00025218 0.00444725 0.000672397 0.00191935 0.000300209 0.00707717 0.00120268 0.0119696 0.00358309 1.09889e-11 0.00829555 0.0128481 8.16713e-12 0.0135564 0.000137775 
0.00212148 0.0316375 0.0023261 0.0416804 0.0539773 0.0687482 0.00190967 0.0106499 0.000296646 0.0132663 0.000285222 0.000442334 0.161194 0.00198284 4.40019e-05 0.195618 0.0440041 0.0198404 0.00019436 0.328768 0.00268688 2.19353e-09 0.0130781 0.00524816 
0.000117949 0.290576 0.000292795 0.0752073 0.00871636 0.00807447 0.145035 0.0447661 0.000176924 0.00886286 0.252824 0.00735805 0.00897625 0.0116814 6.03159e-05 5.13073e-05 4.98708e-06 0.0131532 1.31877e-07 0.0467832 9.90593e-05 8.15368e-08 0.0560401 0.0211413 
0.00712247 0.574698 0.013143 0.0413249 0.00880976 0.0409211 0.0395542 0.0188202 0.00828473 0.000322687 0.000642799 0.000416209 0.00179913 0.00761941 0.00102115 0.00173978 0.00302211 0.0121838 2.83069e-08 0.0446389 0.00348573 2.10381e-08 0.0889594 0.0814708 
0.00245694 0.0376718 0.0125299 4.01045e-07 0.00187833 0.02755 0.878713 0.00179961 0.000361052 1.04294e-05 0.0158548 9.24217e-07 0.000295854 1.4188e-05 0.00102907 0.000547121 0.0124199 0.0014289 1.43674e-11 0.000343436 0.00138551 1.06781e-11 0.00276557 0.00094336 
0.00597428 0.028923 0.0105564 0.000618768 0.0126691 0.0604477 0.00210425 0.0675036 0.00249678 0.00517868 0.000628876 0.000328252 0.0268608 0.00205024 2.73292e-06 0.0965767 0.00114678 0.035995 9.58328e-06 0.0688478 0.000716071 9.20555e-08 0.0736915 0.496673 
0.00511847 0.0181877 7.11804e-05 0.000333938 0.0492208 0.00689049 0.000572674 0.00510488 0.00129344 0.0698051 0.000130418 3.19057e-05 0.0523524 0.00131505 0.00132107 0.00462332 0.00797591 0.62754 0.000301415 0.0545437 0.00115291 2.52366e-05 0.00456244 0.0875254 
0.00100598 0.0350236 0.0346638 0.00020404 0.0328394 0.018973 0.000104154 0.00775239 0.00147234 0.00308544 2.01722e-05 0.000175465 0.0266118 0.0349722 0.0506362 0.0923571 0.0469567 0.00641232 8.09903e-05 3.64359e-05 0.0246303 1.64337e-08 0.0964319 0.485554 
5.47162e-06 0.093045 5.47066e-06 5.4732e-06 0.14395 0.0678777 5.46944e-06 5.47313e-06 0.0207889 0.00930679 5.47245e-06 5.4694e-06 0.104544 5.47065e-06 5.46622e-06 0.0328305 5.47314e-06 5.47271e-06 0.0142079 5.47375e-06 0.322351 5.46553e-06 0.191021 5.47182e-06 
0.00218235 0.254665 0.0244232 0.0217622 0.0141599 0.021947 4.61493e-06 0.0269709 0.0280794 0.0048766 0.00401448 0.000379952 0.0207557 0.121853 1.82417e-05 0.139535 0.000144966 0.00948194 1.51448e-05 0.0177439 0.0191396 2.60731e-06 0.00514473 0.2627 
0.0583753 0.00060493 0.0770414 0.00892304 0.000379302 0.0128794 0.000348747 0.413557 3.59637e-06 3.72542e-06 2.70748e-06 5.90426e-05 0.00710825 0.000154463 2.45333e-08 4.26754e-05 0.000186166 0.000139871 2.11346e-07 0.138817 0.0125313 2.3131e-10 0.268716 0.000125667 
0.00428344 0.00977033 0.00774199 0.0477454 0.0138534 0.00802958 0.0015689 0.507793 0.000361643 5.89246e-05 0.000319476 0.106392 0.0367091 0.000162718 8.44727e-06 0.000333563 0.000175958 0.00295696 3.17782e-12 0.18631 0.0049411 2.36181e-12 0.0604045 7.89999e-05 
0.0146448 0.00434222 0.121721 1.21744e-08 0.00488357 0.618853 0.000155928 0.000963691 0.000229388 6.18876e-05 3.11494e-08 5.50713e-06 0.0023867 5.71752e-09 0.0005576 1.29969e-06 0.152838 0.000495944 3.99237e-11 0.0234083 0.0469314 2.96719e-11 0.00519885 0.0023203 
0.000454054 0.0804673 0.010181 0.00432155 0.0119419 0.0332704 0.0236256 0.0125023 0.0106154 0.00895293 0.000187803 0.00228987 0.127075 0.000638989 2.88534e-05 0.0792842 0.00759144 0.0192986 2.94026e-05 0.0421355 0.0109362 1.58949e-08 0.00365021 0.510522 
0.000695282 0.000599533 0.00159724 0.00185536 4.91214e-06 0.0108531 2.51984e-05 0.00256185 0.000288136 0.00216765 2.30124e-08 7.33802e-05 0.000117766 0.532389 2.99019e-07 0.000129617 0.000169853 1.46072e-07 2.89878e-10 0.000200664 0.00888515 2.15442e-10 0.435955 0.00143012 
0.000154897 0.394682 8.09519e-06 0.0113753 0.224216 0.00439993 0.0128705 0.061855 1.01429e-07 0.00841013 0.139011 0.0221803 0.037016 6.09097e-05 0.000275898 0.00405412 1.40945e-05 0.0104057 4.45481e-11 0.035081 9.15086e-05 3.31088e-11 0.0313598 0.00247756 
0.00816358 0.0384302 0.000860904 0.0448947 0.0631471 0.00812917 0.000884805 0.0594613 0.00270601 0.0096614 0.00526754 0.00185996 0.0243358 0.00837115 0.000790699 0.00385682 0.00788667 0.143346 0.000774488 0.429414 0.00459973 1.96663e-05 0.1289 0.0042388 
0.000644209 0.254443 0.00027259 0.129782 0.0287817 0.087272 0.000286486 0.0634594 0.00065061 0.0107613 1.03376e-05 0.000232385 0.227651 0.0205468 0.000610748 0.00237759 0.00121132 0.00754077 2.66752e-06 0.113171 0.00315213 2.01531e-06 0.0445425 0.00259529 
0.264118 0.303134 0.00274066 0.0385631 0.0245206 0.0496926 0.023913 0.00360639 0.000517076 0.000129605 6.48359e-05 2.23757e-05 0.00586405 6.04464e-05 0.0106287 0.000256545 0.0115545 0.00156422 8.48228e-11 0.0291801 0.00666231 6.30416e-11 0.217399 0.00580791 
9.09561e-05 0.0312041 0.00143821 0.000907773 0.00488566 0.032682 0.000804981 0.00225063 0.00194992 1.01745e-06 1.18527e-06 9.23628e-05 0.0115069 0.302203 4.09174e-07 0.0019517 0.00828233 0.00168484 1.70709e-06 0.0184898 0.000393266 9.06012e-09 0.575416 0.00376158 
0.00599435 0.0136366 0.000471914 0.0322167 0.0552875 0.0141257 0.000964284 0.103817 0.000529961 0.0347249 0.000171566 0.00113794 0.300129 0.0305654 3.36962e-05 0.000644768 0.0270659 0.105032 0.000115448 0.191501 0.00563467 3.23083e-06 0.0715425 0.00465489 
0.0483598 0.0107182 0.00335697 0.00229181 0.000369988 0.539705 0.000356944 0.0346229 0.00356424 0.00344165 3.84202e-05 0.000362789 0.00961132 0.00321188 9.04933e-06 0.00746982 0.167397 0.00660213 5.8775e-08 0.0553435 0.0393662 4.36825e-08 0.0236926 0.0401072 
0.0031858 0.106769 0.0171201 0.0214114 0.0625809 0.0284887 0.000224626 0.0111834 0.000146947 0.000224274 2.88409e-05 0.00048341 0.142149 0.0151237 0.00424395 0.0868005 0.00111463 0.0216334 0.000468547 0.32786 0.00798765 2.81197e-05 0.0898329 0.0509107 
0.00512798 0.432707 0.0103513 0.161419 0.0655931 0.067968 0.00119579 0.0112219 0.000501051 0.0071086 1.07648e-05 0.00234483 0.0803883 0.0110585 0.0026127 0.00158269 0.0124017 0.0133109 0.00283275 0.0288214 0.0546375 1.18576e-07 0.0170352 0.00976931 
1.48936e-05 0.0557044 0.0334512 0.0468957 0.00846771 0.103773 0.0305294 0.000254907 0.000525019 0.0118729 4.16375e-06 0.000306408 0.0120887 0.203947 2.08895e-05 0.0186974 0.000173336 0.0265889 0.0143698 0.0592597 0.00109345 9.30528e-07 0.314689 0.0572717 
0.000150692 0.0426574 0.00544328 0.419481 0.00413286 0.00513593 0.00185826 0.00079438 0.000565646 0.0226939 3.5436e-05 8.41736e-05 0.0877815 0.0329938 0.000177909 0.0691343 0.000153142 0.0296146 0.0357836 0.133167 0.0784346 2.54387e-06 0.0218309 0.00789382 
0.000259096 0.061972 0.0121451 0.00745247 0.0126945 0.0504332 0.353858 9.62238e-05 0.00503109 0.000525984 0.000473455 0.00071486 0.0399605 0.0145754 0.00642206 5.24654e-07 0.000245754 0.00309256 1.99416e-05 0.00964968 0.0713983 2.3505e-10 0.187849 0.16113 
0.0283719 0.0161515 0.0737789 0.0311106 0.0195459 0.286153 0.00279214 0.0469073 4.41492e-05 0.00590731 0.00173313 0.00413192 0.0121645 0.00712725 0.00427381 0.000708804 0.00815165 0.0412916 0.00152057 0.0298637 0.356271 9.08783e-07 0.0186308 0.00336809 
0.000341807 0.815045 1.43474e-05 0.00712693 0.103018 0.00272068 0.000910169 0.000793723 0.00160391 0.00124267 3.10492e-05 4.63682e-05 0.00212842 0.000504145 0.00137589 0.00724351 3.61642e-05 0.00183117 0.000465224 0.0266729 3.51049e-05 1.31774e-05 0.000425442 0.0263745 
0.00951783 0.0746771 0.0419127 0.0114421 0.0178871 0.104873 0.025897 0.0119624 0.00902442 0.00603055 0.00309696 0.00226375 0.036985 0.023023 0.000540082 0.0300414 0.00625961 0.0162433 0.000679712 0.0392795 0.021566 0.000150554 0.0778855 0.428762 
0.000289051 0.119499 0.00043985 0.142357 0.341792 0.0163374 0.0230254 0.00624593 0.0237844 0.0395508 9.26646e-05 0.0195197 0.0965481 0.049979 0.001329 3.70926e-05 2.87312e-05 0.0514843 0.000486097 0.0245795 0.00351354 2.4314e-06 0.0275615 0.0115167 
0.000427521 0.0828178 0.00521702 0.00558093 0.538726 0.0328111 0.00292628 0.00414945 0.000523884 0.00355571 2.69071e-05 0.000560971 0.0961692 0.00375735 0.000355717 0.142699 0.00226282 0.00855275 0.00482886 0.033593 0.00197952 5.22027e-07 0.0268089 0.0016683 
0.00211641 0.0703416 0.0051643 0.00528849 0.46211 0.0199344 0.00690916 0.0496651 0.000537241 0.000753833 4.75222e-05 0.0016939 0.0534819 0.00404921 0.0022665 0.0389106 0.000665389 0.00503187 1.84093e-06 0.167799 0.0590271 6.30734e-07 0.0394506 0.00475375 
0.00190126 0.16228 0.00440753 0.0957977 0.0096572 0.0716495 0.00141542 0.360358 0.000101357 0.000538702 0.0050219 0.00397782 0.0237523 0.014367 0.00104863 0.0010165 0.000227501 0.0118397 0.000163326 0.0484096 0.0741002 1.30394e-06 0.104644 0.00332353 
0.0285114 0.0118868 0.0286522 0.0154936 0.0192188 0.436451 0.000569292 0.0204626 0.00330225 0.00356311 8.58343e-05 0.00363493 0.0224626 0.00683241 0.00206309 0.00435446 0.0851035 0.00549236 4.59747e-05 0.0614086 0.153171 1.67459e-05 0.0627485 0.0244689 
0.00891205 0.241492 0.000236533 0.0720963 0.0450681 0.0256901 0.00241497 0.286473 0.000282421 0.00289176 0.0317465 0.0212043 0.0893483 0.0108744 0.00124714 0.000376101 0.000125318 0.00388724 6.46926e-05 0.0301258 0.00298601 1.00058e-06 0.12236 9.56193e-05 
0.00376221 0.0210648 0.00884608 0.306745 0.0680987 0.030566 0.000583709 0.00402773 0.00327581 0.0110181 6.7512e-06 7.78217e-05 0.0315463 0.00181673 0.000273823 0.0514922 0.00430228 0.0036485 5.51042e-06 0.396133 0.0276179 6.5217e-07 0.0244797 0.000611161 
0.0032922 0.0857705 0.0223583 0.0653447 0.306114 0.0224406 0.00558818 0.0192706 0.00011658 0.115402 0.00316887 0.000561942 0.0194702 0.00896494 0.000278931 0.0189639 0.00107841 0.140757 0.000181385 0.11712 0.012034 9.64477e-06 0.0132336 0.0184805 
0.000735088 0.101641 0.00640295 0.017247 0.184069 0.0371658 0.00533596 0.0463342 0.00568316 0.0045011 0.00945358 0.00299645 0.041887 0.00265393 0.000497323 0.132257 0.0219967 0.118389 0.000632503 0.154892 0.00732593 2.70056e-05 0.0755096 0.0223674 
0.0019657 0.0799768 0.0179977 0.0198434 0.0114486 0.0353629 0.030555 0.026274 0.00214127 0.00157483 0.000141425 0.00456887 0.119469 0.00181581 2.66746e-05 0.0159441 0.00231067 0.0487234 0.000693576 0.216002 0.00735946 1.86159e-06 0.111646 0.244157 
0.0259561 0.0298652 0.00696033 0.0894149 0.0330101 0.146808 0.0136065 0.0220745 0.143802 0.000150309 0.00032737 0.00369779 0.100674 0.00243484 1.97878e-05 0.00876579 0.138511 0.0244219 7.14303e-08 0.0919954 0.0620837 6.1162e-08 0.0499337 0.00548616 
0.0140097 0.0461843 0.00291229 0.0431732 0.0101608 0.0287416 0.00854311 0.289149 0.00123349 2.57176e-05 8.57637e-05 0.00566978 0.117022 0.00364836 1.41061e-05 0.000856304 0.000819409 0.00397654 5.57876e-05 0.311699 0.00091248 1.6609e-07 0.0871305 0.0239773 
0.018887 0.00057925 0.00305345 0.00226778 0.00159645 0.0199038 5.42095e-06 0.236182 1.66594e-05 6.43854e-05 1.24408e-08 6.7012e-07 0.0852003 2.08099e-08 8.84204e-09 9.25297e-09 0.000188313 8.49169e-05 3.77054e-11 0.361855 0.0883307 2.80233e-11 0.181034 0.000750648 
