0.0774467 0.0220518 0.00305125 0.012085 0.00197635 0.198674 0.0029293 0.0370811 0.00043165 0.00936478 1.45447e-05 1.16355e-07 0.0227793 0.00206726 0.00433998 0.000930441 0.00136611 0.0307954 8.14658e-09 0.0521982 0.0203462 1.46011e-06 0.490542 0.00952726 
0.000300965 0.000189261 5.29185e-12 0.0922612 0.00164849 0.00792027 0.000127893 0.302249 2.4213e-08 0.000182762 1.8513e-05 1.78323e-08 0.000280337 0.000136038 8.03249e-09 5.07748e-12 0.00139597 0.145323 1.71065e-11 0.0161328 0.000629377 4.55067e-08 0.431204 2.9865e-07 
2.12866e-05 0.00119339 0.00508984 0.000753989 0.0329525 0.0388332 0.00308028 5.55096e-06 8.50094e-05 0.00331743 0.000867786 0.00997109 0.0708885 0.02668 6.26115e-07 0.00253014 1.5758e-05 0.0417447 5.63437e-06 0.0046103 0.00187529 5.16986e-09 0.738332 0.0171463 
0.0264888 0.00603742 0.00723092 0.0718247 0.00515614 0.0372929 0.000771805 0.233319 0.00475303 0.00405739 0.000120174 0.00765871 0.00965012 0.00308524 4.51979e-05 6.71055e-05 0.0464113 0.0559358 7.88189e-09 0.0388372 0.00433244 2.95972e-05 0.434899 0.00199528 
0.0194308 0.0210215 0.0496375 0.0106119 0.0139687 0.236542 0.0263349 0.0261921 0.0153487 0.000884688 0.00681983 0.00382519 0.00600628 0.0101401 0.00135078 0.000649612 0.0492675 0.0381874 4.66787e-06 0.0427371 0.0094925 0.000972609 0.294196 0.116378 
4.22974e-05 0.0245654 0.00272736 0.0050457 0.0127979 0.00836109 0.000130944 0.0417966 0.000138725 0.000314379 7.41761e-06 1.39241e-08 0.0705953 0.0351769 0.000117825 0.00175804 0.000997357 0.00282219 0.000860635 0.0763943 0.000599814 4.88857e-06 0.711211 0.00353371 
5.1003e-05 0.0129075 7.61533e-06 7.3942e-07 0.0807558 8.27263e-06 3.12693e-06 1.56301e-05 0.00570632 2.03736e-07 0.00047797 0.00483156 0.225787 5.96915e-08 1.18711e-10 5.14925e-11 1.40469e-06 3.30836e-06 1.73483e-10 0.025883 2.30726e-11 1.28935e-10 0.643549 1.05443e-05 
5.01047e-07 0.0497075 7.73221e-05 0.00179204 0.00139257 0.00308474 9.05644e-07 0.0466846 0.0089756 7.10687e-05 4.59624e-06 9.15771e-07 0.00102059 0.00251845 1.49565e-06 6.48758e-07 1.89306e-06 9.14228e-05 2.18573e-06 0.00472725 0.000697885 1.62447e-06 0.867864 0.0112803 
1.8034e-07 0.0277791 2.97502e-05 0.0143472 0.0432204 0.00313146 1.37539e-05 0.00592434 3.32303e-07 0.00048724 1.17401e-05 3.2961e-07 0.0389616 9.69265e-05 3.33006e-05 0.00153734 0.000258732 0.161157 1.54966e-05 0.10264 0.00512436 0.000228136 0.594917 8.46967e-05 
0.000295468 0.00845835 0.00425006 0.00532177 0.0127996 0.154049 0.000219405 0.000147541 0.00206723 0.0183097 4.92257e-06 0.0109154 0.0101578 0.00663041 0.000351639 0.0746265 0.00160879 0.0198531 8.14038e-08 0.0134289 0.00948337 0.000326661 0.335364 0.31133 
0.00731635 0.0199753 0.00040109 0.126227 0.00442722 0.0453656 0.00264867 0.112939 6.5138e-05 0.00262106 0.000345909 3.27156e-06 0.00680222 0.000254608 3.52557e-08 0.000280837 0.000664932 0.0137439 3.01933e-10 0.0531824 0.0368384 3.79566e-05 0.564703 0.00115649 
5.37014e-05 0.0318334 0.000300701 0.0611019 0.0523851 0.00891118 0.000137212 0.00937519 0.000404135 0.0259494 0.00014087 1.25475e-08 0.031003 0.000754883 3.58758e-05 8.88902e-09 7.25492e-05 0.220859 0.000239567 0.211598 0.000272744 7.17948e-05 0.337309 0.00719012 
0.00252055 0.0064834 0.00453352 0.0220858 0.00611067 0.15142 0.00262473 0.00906725 0.000104545 0.000744501 0.000170253 0.000106772 0.0237068 0.0133191 4.03894e-05 0.000406181 0.0509144 0.0986354 3.4382e-05 0.0452958 0.00947641 1.57168e-07 0.548919 0.00327996 
0.000470381 0.0020501 0.000408469 0.00905168 0.000775547 0.0809673 0.000133311 0.0078588 2.51767e-07 9.01509e-06 8.49838e-06 9.99363e-10 0.00658798 0.0020819 0.00338685 4.9337e-05 0.000114215 0.00083627 2.38525e-09 0.00769484 0.0258637 2.2203e-07 0.85021 0.00144119 
2.7638e-09 0.0880442 0.0293057 1.15216e-09 5.51422e-06 7.73264e-10 2.30728e-05 0.103485 0.000565249 1.93061e-05 1.91958e-09 5.05143e-09 0.00821634 3.76784e-09 8.25006e-09 3.57858e-09 4.59488e-07 5.51396e-05 1.20566e-08 1.4485e-05 0.000996534 8.96064e-09 0.769258 1.07718e-05 
5.6386e-07 0.0023666 0.00118031 0.00404137 0.00268963 0.0944118 1.11584e-07 0.0072488 2.27134e-10 0.000233509 5.94832e-05 2.25293e-10 0.0146818 0.000217085 6.87074e-06 3.04131e-08 1.60553e-07 0.0321187 5.37723e-10 0.0985586 0.00236738 1.16921e-07 0.694378 0.0454391 
0.00493693 0.0314004 0.00273435 0.0398855 0.0328004 0.0819576 0.00732806 0.041598 0.00450923 0.0130944 0.00191555 0.00322559 0.0289348 0.0849388 0.0033142 0.00499177 0.0164253 0.0178356 0.00131789 0.0938788 0.0520829 7.8127e-05 0.421449 0.00936709 
0.00129828 0.0859599 0.0319581 0.0575297 0.0139761 0.0748698 0.0078517 0.0245287 0.000516308 0.0232387 0.00599186 0.00213034 0.0362915 0.0290511 0.000210175 0.0328825 0.0460266 0.0213605 0.00140225 0.153664 0.122023 4.72448e-07 0.220716 0.00652236 
0.00152445 0.0617118 0.000533493 0.00106627 0.00600449 0.0460471 0.039836 0.0625711 0.000503895 0.000614112 0.00020209 0.00336825 0.00582216 0.0373762 5.73538e-05 0.318222 0.000338996 0.00741997 1.08277e-06 0.00715273 0.00804188 0.000364516 0.359099 0.0321208 
0.00207797 0.00178319 0.000651524 0.172433 0.00313327 0.0313337 0.000184003 0.220173 9.36717e-05 0.00494344 4.54524e-05 0.00803992 0.0145152 0.0120675 2.7305e-05 0.00589084 0.0175727 0.0360492 2.72541e-11 0.0959646 0.0103131 8.34446e-07 0.361307 0.00139961 
0.00258123 0.109692 0.0330515 0.0277636 0.213009 0.155601 0.00462623 0.0232337 6.13964e-05 0.00062921 5.80786e-05 0.00290665 0.0290021 0.00572256 0.00030189 0.000860504 0.00258031 0.00790206 4.33844e-06 0.044023 0.0147835 3.4313e-05 0.295021 0.0265498 
0.0236832 0.00946518 0.0117703 0.0112343 0.0232752 0.0255483 0.00405373 0.115729 0.0411328 0.00108152 0.000987485 0.00437418 0.0139369 0.00363192 1.60688e-05 0.000379507 0.00239397 0.0496196 4.94883e-07 0.0256685 0.0176153 0.00013332 0.537984 0.0762856 
0.00449766 0.00401934 0.00287386 0.0226489 0.00157843 0.161473 0.00171182 2.25239e-05 0.000558167 4.97127e-06 0.00046386 0.000106623 0.0489179 4.92779e-08 0.00155618 7.07678e-07 0.3074 0.0388363 9.24631e-09 0.00198506 0.0021431 6.872e-09 0.321415 0.0777868 
0.0032376 0.0241624 0.0423972 0.0785085 0.0396173 0.161536 0.000964574 0.00299247 7.06672e-05 0.0516706 5.48665e-06 4.43375e-07 0.0775036 0.0508936 4.91457e-05 0.0242192 2.76525e-05 0.024885 9.64076e-09 0.0380578 0.0522959 1.22161e-06 0.24829 0.0786137 
0.0184869 0.00137238 0.00270325 0.00976003 0.0050029 0.106185 0.000325673 0.0191915 6.85058e-07 0.00088572 3.61791e-05 1.28017e-06 0.00110388 0.00840823 6.66349e-06 6.68952e-05 0.00253066 0.114711 2.39288e-05 0.0792425 0.0581763 2.26229e-05 0.54299 0.0287658 
0.00100856 0.00474766 0.00158701 0.0213148 0.0426642 0.0573526 0.000857518 0.0427272 0.000411063 0.00162213 4.19146e-05 0.00234752 0.0171524 0.108688 0.000300417 0.0147643 0.0397074 0.0105075 1.15921e-07 0.0733379 0.0283658 2.12844e-06 0.51034 0.0201515 
0.00278689 0.0397018 0.00465633 0.00201297 0.0346535 0.197314 0.00271947 0.00788112 0.0974111 0.0153604 0.000729802 0.00105306 0.0393402 0.0676744 0.000255082 0.000220365 0.00986728 0.00809612 3.13953e-06 0.0716208 0.0120031 0.0011034 0.211233 0.172303 
5.16129e-07 0.014675 0.0178471 0.00707884 1.15967e-05 0.0331169 0.00378151 0.0164535 6.84156e-11 7.12178e-07 0.000487638 4.40283e-05 0.362782 0.0627497 2.99356e-07 0.00538281 0.00214017 0.00694464 7.29021e-07 4.83839e-06 0.00890095 3.85327e-07 0.441492 0.016104 
0.00129657 0.121015 0.00227151 0.0416589 0.0280409 0.109397 0.0369096 0.0363142 0.0180415 0.000431421 0.0016318 0.0179871 0.0301504 0.0425619 0.000506275 1.34749e-05 0.0020602 0.0869388 6.90143e-09 0.0406176 0.00312042 0.00034502 0.357427 0.0212638 
0.0604148 0.000142654 0.372418 0.000593441 0.00438003 0.00836712 3.14461e-07 0.0161159 0.00166133 1.28337e-08 2.64771e-06 0.000181215 0.00292983 1.84013e-05 2.64496e-07 0.0138977 0.000191874 0.0246899 7.88011e-06 0.0296489 0.00316884 1.44131e-05 0.437342 0.0238127 
0.00321385 0.048647 0.175697 0.0994528 0.0169724 0.138834 0.000597302 0.0127181 0.00103037 0.00678669 1.42457e-06 0.000760013 0.0333169 0.0832282 0.000489134 0.000634823 0.0017528 0.0348121 3.7028e-06 0.00954356 0.0491373 2.6984e-05 0.24057 0.0417728 
0.00523221 0.0326543 0.000137212 0.0490598 0.02602 0.0359377 0.00259487 0.0945751 5.3902e-05 0.00378614 7.82642e-05 0.00619405 0.0920207 0.0082982 7.28294e-05 0.0087369 0.0246043 0.132746 1.12373e-08 0.0264449 0.0124333 2.9614e-07 0.437105 0.00121372 
0.0169514 0.00354667 0.0196284 0.00987053 0.00213152 0.0961757 0.00142547 0.0186074 0.000263971 0.00131662 3.60033e-05 0.00318447 0.0167536 0.364359 4.59676e-06 0.00469541 0.00117215 0.000217853 1.25918e-09 0.00821171 0.0487153 7.9855e-07 0.38011 0.00262114 
1.3911e-06 0.00229022 0.00981827 2.30956e-06 1.15461e-06 0.0971321 4.854e-11 3.62698e-06 4.94838e-11 2.20666e-06 5.78391e-08 4.90827e-11 8.84029e-07 0.0179957 8.01629e-05 3.47716e-11 5.60459e-07 0.0122438 1.17149e-10 5.91734e-12 2.83408e-06 8.7067e-11 0.85817 0.00225469 
6.12197e-05 0.00204124 9.39964e-09 0.00221538 0.00364683 2.98365e-06 0.000445229 0.00468044 6.23669e-07 0.000269057 4.77527e-07 4.6255e-07 0.00107595 1.31734e-06 2.23197e-07 9.01886e-09 1.17073e-07 0.0226633 3.03854e-08 0.00645261 7.92515e-05 1.17062e-06 0.954848 0.00151368 
0.0347961 0.00333108 0.00056548 0.031545 0.0160152 0.0338515 0.00195738 0.18155 0.0042341 0.00124881 0.000129622 0.00755846 0.0139874 0.00288049 0.00143786 0.000103149 0.0138157 0.0271084 6.32489e-10 0.1193 0.0237756 2.30431e-05 0.473611 0.00717508 
0.00269038 0.090907 0.00600338 0.00199214 0.013756 0.0588997 0.000995526 0.0109076 0.000226811 8.6092e-05 0.000203518 0.00752635 0.00944867 0.0230731 0.000476955 0.00151175 3.5175e-05 0.0759632 4.99276e-05 0.0137636 0.0355655 0.000131569 0.529509 0.116277 
0.000424834 0.0369121 0.0151391 0.0227636 0.0768936 0.0580117 0.00159094 0.0260974 0.000187141 0.0470103 0.000148427 4.26872e-05 0.0773465 0.0381974 0.000143226 0.00264458 0.0955755 0.0022639 2.94684e-05 0.0208479 0.0494401 1.43015e-06 0.422232 0.00605648 
0.00767778 0.00197317 0.000381438 0.00153082 0.0055929 0.00551591 0.00067771 0.0659932 4.21327e-05 2.89418e-05 1.06851e-05 1.88036e-08 0.0322481 5.83124e-09 7.54878e-09 1.05282e-12 1.20321e-08 0.0109143 3.54706e-12 0.383044 9.54584e-06 2.6609e-09 0.483605 0.000754576 
0.00676106 0.0377465 0.000276883 0.260698 0.00868397 0.0341185 0.00123225 0.0269629 0.000111392 0.00289267 0.00200548 0.00137025 0.0155872 0.000172476 0.000720477 0.000219116 0.00190702 0.102949 1.85401e-06 0.129039 0.0129761 2.74275e-06 0.353523 4.28132e-05 
0.00931604 0.102508 0.00332902 0.0540676 0.118329 0.134938 0.00186853 0.00745079 0.0142354 0.0285925 0.000191425 0.000657894 0.0273043 0.00580574 6.45033e-06 0.0207263 0.00424554 0.0542875 1.05134e-05 0.0558539 0.0153161 2.95648e-05 0.234586 0.106344 
0.0160293 0.161555 0.00793607 9.66649e-08 0.0050122 0.242981 0.0240537 0.0163805 0.0153417 1.98216e-05 5.09339e-05 0.000993549 0.0453583 0.00635886 6.84216e-07 0.000854088 0.00121509 0.00035472 4.93174e-10 0.0328801 0.00397777 3.66534e-10 0.315888 0.102758 
5.1003e-05 0.0129075 7.61533e-06 7.3942e-07 0.0807558 8.27263e-06 3.12693e-06 1.56301e-05 0.00570632 2.03736e-07 0.00047797 0.00483156 0.225787 5.96915e-08 1.18711e-10 5.14925e-11 1.40469e-06 3.30836e-06 1.73483e-10 0.025883 2.30726e-11 1.28935e-10 0.643549 1.05443e-05 
0.000447101 0.0616715 0.000613663 0.212561 0.162903 0.105606 3.67181e-05 0.0784935 3.33462e-09 0.0345966 0.000557066 0.00457155 0.0248395 0.00135656 0.00015578 0.00184157 1.75401e-06 0.00144509 7.89445e-09 0.0104367 0.00103264 5.86728e-09 0.244633 0.0521997 
0.00705822 0.0140327 0.000190652 0.00725076 0.00273448 0.0382729 0.0104178 0.126198 0.000194021 0.000200284 0.000154116 6.38107e-08 0.0150665 0.00325495 1.5603e-05 1.17635e-07 8.44133e-05 0.0552895 4.83758e-11 0.156146 0.000441992 0.000108071 0.496879 0.0660104 
0.00164949 0.102266 0.00198903 0.0118598 0.0110751 0.0115587 0.00325177 0.200918 0.0111872 0.00289397 0.000151836 7.15831e-05 0.0451696 0.0681165 2.17791e-05 0.0111451 0.0042761 0.00617764 7.67645e-06 0.173629 0.0140102 6.12497e-05 0.305817 0.0126951 
0.010644 0.0414445 0.018325 0.117329 0.0136276 0.100388 0.0012886 0.0216686 0.00203058 0.0150699 0.000584194 0.000865876 0.0848522 0.00602523 0.000816298 0.00139097 0.0186272 0.0394122 3.68257e-05 0.0741127 0.0467375 0.00295983 0.31951 0.0622538 
0.00296357 0.0957098 0.0440848 0.00871144 0.0786723 0.0323485 0.00755763 0.0396253 0.000348775 0.00446901 0.000477823 0.0776604 0.0218217 2.75001e-05 0.00022298 4.17511e-09 0.00292963 0.11505 4.05895e-06 0.106004 0.00241005 6.8853e-06 0.190486 0.168408 
0.00114916 0.00127803 0.0001581 0.170411 0.000229471 0.0660824 1.05888e-05 0.0410868 1.42841e-07 3.98139e-05 9.55487e-06 8.83479e-07 0.00836276 0.000308193 3.85884e-05 7.09968e-07 0.000102392 0.00129967 0.000410937 0.06387 0.0510863 6.56048e-06 0.592381 0.00167622 
0.00555385 0.0191585 0.0758276 0.015308 0.0805776 0.139435 0.00130288 0.215633 0.000732659 0.000433414 0.00107734 0.000241908 0.0462859 0.023571 1.16571e-05 0.013619 0.028857 0.0112935 1.0967e-09 0.0610923 0.0106296 5.41407e-08 0.246347 0.00301045 
0.015235 0.0124068 0.00161364 0.233248 0.0301561 0.026767 0.000633231 0.180479 0.000118477 0.00246679 0.00158047 0.00215865 0.0141455 0.00048669 0.00013847 0.00114004 0.0242797 0.0502519 5.48397e-08 0.137406 0.0134421 5.78578e-05 0.248805 0.00298371 
0.000157482 0.00618216 0.000462209 0.00502849 0.00755445 0.0548459 0.000254387 0.000411944 0.00248395 0.000106664 2.11293e-06 0.000156707 0.0414249 0.0827519 0.000139092 0.000969425 0.000582767 0.00258929 1.08598e-06 0.0227826 0.0126164 9.44585e-07 0.756844 0.00165097 
4.87854e-07 0.0309398 0.172197 0.023976 0.00877449 0.0354984 0.0162963 0.00130994 0.000100889 0.00213587 4.13316e-06 0.00222742 0.00446722 0.0640206 0.000349408 0.00104304 0.000390409 0.000933867 1.20849e-05 0.0287529 0.000649918 4.83942e-07 0.596289 0.00962976 
0.00260648 0.011707 0.00222346 0.00478853 0.136233 0.0722031 0.00248079 0.0314749 0.00212911 0.00706308 4.96962e-05 0.000502062 0.13897 0.00423852 0.00034656 0.00160008 0.00357338 0.0976717 5.5584e-12 0.195201 0.0254675 1.6357e-08 0.25706 0.00240962 
6.09803e-05 0.00121462 0.015902 0.043034 0.0710797 0.0160775 0.0170715 0.0016461 0.00014728 0.000341078 3.3351e-08 5.20271e-05 0.0159765 0.0272276 0.00135188 0.0448856 0.000356131 0.00427768 2.09473e-07 0.00832708 0.00332958 1.66375e-05 0.712798 0.0148258 
0.00322238 0.0187319 0.000637519 0.126863 0.017878 0.00858561 0.0200494 0.0491803 0.000132572 0.0144199 0.00147627 0.063896 0.00743449 0.0042286 0.00356357 0.000685825 0.00505437 0.0259515 2.70322e-07 0.0118928 0.0113125 2.27033e-05 0.604449 0.000331614 
0.00210288 0.0207988 0.000697543 0.0404209 0.0113217 0.0182924 0.000262897 0.279953 8.93267e-05 0.000769986 0.00673167 0.048343 0.00528741 0.00256321 0.000323664 0.000179742 0.00631276 0.0779312 1.29986e-06 0.0743028 0.001905 2.85699e-05 0.399102 0.00227837 
0.00142155 0.012036 0.0013528 0.0136143 0.073083 0.0258923 9.04203e-05 0.0566079 0.143621 0.000752196 0.000129296 0.00286245 0.0371798 0.000817172 1.44339e-11 1.43386e-07 0.00486697 0.0478 2.10936e-11 0.187593 0.0215401 3.61635e-06 0.285935 0.0828006 
0.000195746 0.0602149 0.00346865 0.00965106 0.0674543 0.0581241 0.00037887 0.0155312 0.000437947 0.00026329 7.66724e-05 1.75664e-05 0.10213 0.00157939 0.00318659 0.00828185 9.88413e-06 0.0418708 7.43352e-11 0.180875 0.00232745 6.13692e-05 0.405904 0.0379593 
0.00934885 0.0127444 0.0162764 0.180998 0.0185007 0.0650669 9.04492e-05 0.0284825 7.24895e-05 0.0373626 1.08013e-05 0.000316818 0.0801848 0.0132621 3.30999e-06 0.00161872 0.0147095 0.00522535 1.27349e-06 0.0930606 0.0286551 2.0077e-05 0.378139 0.0158495 
0.00477777 0.00205126 0.00133235 0.0358294 0.000901684 0.0278901 4.71915e-05 0.387478 1.46251e-06 0.000806747 0.000149242 7.05875e-10 0.00317412 0.00102341 1.26927e-05 5.86877e-06 0.00425313 0.000954038 1.68476e-09 0.0691462 0.00417736 3.70274e-07 0.455931 5.65829e-05 
0.0355062 0.0215541 0.113324 0.00652076 0.033825 0.061433 9.91146e-05 0.185128 0.00714934 0.00151609 0.000335475 0.00550225 0.000918665 0.000984531 1.50756e-06 0.0158867 0.0205163 0.0484879 3.06045e-09 0.0288368 0.00514599 1.29659e-05 0.217442 0.189873 
0.0309635 0.00668867 0.00309919 0.0378214 0.0195425 0.0599394 0.000137079 0.208441 0.00010956 3.69075e-05 6.09828e-05 0.0008354 0.0723765 0.00043349 6.09089e-10 0.00137563 0.00280068 0.0126213 8.92946e-08 0.225887 0.0181804 4.10037e-06 0.282578 0.0160669 
0.00214157 0.00159136 0.000152985 7.80143e-05 0.0535299 0.0856131 7.92367e-05 0.0643102 0.00244303 3.48851e-05 3.80608e-06 0.000110669 0.00753386 4.33963e-06 1.09368e-05 0.000742719 0.000412354 0.000363656 9.34362e-07 0.196648 0.0165487 3.28023e-05 0.542554 0.0250592 
0.0467653 0.0072382 0.014286 0.000830082 0.0117136 0.138222 0.0065075 0.000491756 0.000618827 2.82844e-05 4.11557e-05 1.7033e-07 0.00315713 0.00247816 0.00438491 1.18808e-05 0.00272637 0.0123671 4.06538e-07 0.00178736 0.00377616 8.39218e-05 0.51414 0.228343 
0.000466867 0.00855286 0.00131196 0.134601 0.0331071 0.0120187 0.00018414 0.215848 1.92369e-05 0.0221803 0.000260624 0.0160153 0.039327 0.00140541 1.34999e-05 0.000739141 0.0160621 0.120685 1.83797e-09 0.0435803 0.0120909 0.000281388 0.312036 0.00921371 
0.00310413 0.00796022 0.0280031 6.05959e-06 0.0793913 0.074846 5.5795e-07 0.0795225 3.34476e-07 0.00792922 0.000207852 0.0103689 0.00275225 0.00841579 3.48662e-05 5.01676e-05 1.10874e-07 0.194815 1.13683e-06 0.00989977 0.00304695 2.17554e-05 0.417082 0.0725406 
0.000823599 0.0110471 0.000709061 0.0908151 0.0236304 0.0878145 0.000328404 0.0687988 5.39171e-05 0.00837436 2.70756e-06 0.00189143 0.170912 0.00235608 1.76691e-05 0.000519431 0.0492796 0.0162219 0.0424217 0.0877903 0.0204387 1.26802e-06 0.313418 0.00233409 
9.69366e-07 0.0547599 0.00497988 0.131619 0.0398681 0.116196 4.22393e-05 0.000327803 0.0496929 0.0426407 1.7083e-05 8.09799e-05 0.127219 0.0437128 1.47271e-05 0.00990851 0.000391901 0.0230046 6.59047e-06 0.0466857 0.0665062 8.1863e-08 0.223588 0.0187365 
0.012316 0.0297388 0.0371137 0.052264 0.0677493 0.10031 1.75847e-06 0.0424096 0.000177601 0.0698376 1.75944e-06 0.00949741 0.12142 0.0110825 1.75744e-06 0.0348283 0.0443453 0.0269224 1.75623e-06 0.0487496 0.01443 1.75721e-06 0.262371 0.0144275 
8.20721e-10 0.129058 1.09657e-05 1.06751e-05 3.83202e-06 2.31923e-05 1.18825e-06 9.3605e-06 8.7261e-05 9.84741e-07 5.70596e-07 6.30166e-06 0.0291406 0.0175311 1.27419e-05 1.06267e-09 3.58329e-10 3.76641e-06 3.58025e-09 0.00121837 4.28592e-06 2.6609e-09 0.737513 0.0853634 
0.000230202 0.000636556 1.63512e-05 0.193635 0.00079886 0.00213331 4.62348e-05 0.278376 3.36991e-05 0.00254245 9.5635e-06 2.71639e-07 0.00200772 4.18681e-05 1.77083e-06 1.78291e-05 0.00265632 0.00334003 1.21849e-11 0.0305926 0.00122165 5.36133e-07 0.481662 6.14662e-09 
0.00575871 0.0304734 0.00606867 0.110192 0.0238926 0.065185 0.00347689 0.0731488 0.000964817 0.0102942 0.00128271 0.00385912 0.0708684 0.0893749 0.0012833 0.00573068 0.0170666 0.0783598 0.000546934 0.18466 0.0244371 2.53907e-05 0.186319 0.0067309 
0.0105523 2.46997e-05 0.0714784 8.25402e-06 5.27582e-06 0.193161 0.132074 1.09016e-05 0.04887 8.9695e-09 2.34546e-06 1.50431e-08 3.63236e-06 3.35945e-05 2.45686e-08 2.18202e-05 3.59349e-09 1.20499e-05 3.87493e-05 2.97098e-06 1.12429e-05 2.66848e-08 0.494043 0.049645 
0.0248269 0.00529926 0.032452 0.00781284 0.000732354 0.00541254 0.000258393 0.243673 1.24454e-05 1.6494e-05 7.96626e-06 4.9752e-05 0.0143189 0.00276144 9.64247e-07 6.34676e-05 0.000108576 0.0111574 8.8859e-06 0.104317 0.00664974 1.59142e-06 0.539259 0.000798629 
2.22868e-05 0.0305911 0.00134331 9.92166e-07 0.0284125 0.0143332 1.65957e-05 0.228011 0.00413986 2.63422e-07 0.00257762 3.61073e-06 0.0110001 8.8531e-07 6.87877e-07 2.0864e-11 0.0163275 0.278048 7.0293e-11 0.047408 3.87879e-06 5.22428e-11 0.336117 0.00164091 
0.00146448 0.0706248 0.0125848 0.0284521 0.00963415 0.100216 0.000963651 0.00478694 0.000243633 0.0012149 0.0206792 2.95314e-05 0.04195 0.0624761 0.000298938 0.0248394 0.00161177 0.000688599 1.36184e-06 0.0134982 0.0757401 4.9743e-07 0.507966 0.020035 
0.0227412 0.0112373 0.000440349 0.273403 0.0170237 0.0538138 0.00135272 0.027961 5.78468e-07 0.0298139 5.76718e-05 0.00308959 0.0387865 0.00359008 5.1938e-05 0.0090959 0.0813959 0.0271241 1.38894e-10 0.030132 0.0598694 9.00839e-08 0.307463 0.00155567 
0.000252584 0.04637 0.00693798 0.0114306 0.00291899 0.0372482 0.00403976 0.0229297 0.00107166 0.0148559 0.000114401 0.00128492 0.0231836 0.0128343 0.000163049 0.000624938 1.61504e-07 0.136348 4.84175e-06 0.044726 0.0019793 0.000103942 0.430636 0.199941 
0.000163462 0.00350292 0.00411263 0.0595215 0.0498367 0.0330513 4.59541e-07 0.00253303 0.0010845 0.0022769 2.61162e-11 4.76092e-05 0.0603813 0.00654866 0.00291175 0.000754773 0.000570797 0.000623554 8.88778e-08 0.0941822 0.0631484 6.4289e-08 0.614747 4.99379e-07 
0.00554995 0.0197891 0.00447969 0.0837999 0.0382209 0.0401323 0.0128983 0.190188 0.000230923 0.00222323 7.72244e-05 0.0158137 0.0267933 0.0003643 1.18036e-05 0.00138491 2.83535e-05 0.0680012 1.19242e-10 0.208571 0.0388685 0.000128342 0.233274 0.00917123 
0.000419571 0.000367927 0.00343929 0.0151069 0.00272808 0.0149893 0.00580015 0.0516638 0.000125683 6.61042e-05 4.75792e-06 0.042194 0.00415808 0.000493745 2.24546e-06 0.000310315 7.42021e-05 0.00017974 8.65542e-09 0.0524387 0.0329794 6.43284e-09 0.772279 0.000179223 
0.0160966 0.0133653 0.0081713 0.0641242 0.0314871 0.175475 3.10615e-07 0.0957032 3.10608e-07 0.023429 0.000963746 3.10613e-07 0.0250221 0.0436203 0.0030736 3.10693e-07 0.0148578 0.0237766 3.1022e-07 3.1086e-07 0.0565353 3.10393e-07 0.401748 0.00254846 
0.0013101 0.165767 0.0152091 0.0523532 0.0610119 0.0139256 0.0472289 0.0178814 1.02222e-05 0.000531667 0.0494832 0.0210009 0.0337356 0.002272 0.000110505 0.00268167 5.84845e-06 0.00604977 1.45188e-05 0.0649955 0.00508338 0.000290321 0.34056 0.0984886 
0.0093301 0.0192534 0.00371567 0.00378456 0.0156441 0.11741 0.00173452 0.0113524 0.00244371 0.00093218 0.00226733 0.0017268 0.0562174 0.00421721 1.86905e-05 0.012096 0.0453267 0.0180446 8.55238e-07 0.221306 0.0043276 1.08837e-05 0.358698 0.0901424 
0.000506335 0.0331441 0.00110856 0.0748033 0.0739084 0.215952 0.000294261 0.00622779 0.00497839 0.0248024 7.15847e-07 0.0201577 0.0503286 1.33929e-06 1.92383e-06 3.09085e-06 0.00023161 0.0237091 3.88097e-08 0.0978513 0.00109284 2.29821e-06 0.251006 0.119888 
0.0287733 0.00910718 0.00446555 0.0496096 0.0132685 0.10216 0.00272089 0.0305845 0.00139057 0.00504266 0.000247714 0.00358243 0.0290437 0.0104445 0.00271076 0.00176346 0.0451786 0.023293 0.0010884 0.0523755 0.0358645 2.12124e-05 0.540322 0.00694105 
0.00308063 0.0572266 0.00640503 0.000389709 0.00736072 0.0320762 0.00292803 1.51342e-06 0.000217138 0.00189508 2.90232e-05 1.20492e-05 0.0280325 0.104845 8.1666e-09 0.0412331 3.23732e-07 5.53101e-07 7.46215e-06 0.0374435 4.73969e-07 2.64121e-05 0.460684 0.216104 
5.1003e-05 0.0129075 7.61533e-06 7.3942e-07 0.0807558 8.27263e-06 3.12693e-06 1.56301e-05 0.00570632 2.03736e-07 0.00047797 0.00483156 0.225787 5.96915e-08 1.18711e-10 5.14925e-11 1.40469e-06 3.30836e-06 1.73483e-10 0.025883 2.30726e-11 1.28935e-10 0.643549 1.05443e-05 
0.00339519 0.00156378 0.00202211 0.00795496 0.014172 0.0740156 0.000133839 0.00844268 0.0010904 0.0142227 1.11864e-05 0.000942177 0.0100217 0.216787 0.00133456 0.00128719 0.000818438 0.00234446 0.00014813 0.0187664 0.0198574 9.58062e-09 0.574654 0.0260136 
0.000325531 0.0283197 1.58122e-05 0.202636 6.90994e-05 0.0431755 2.59097e-07 0.0409161 3.81949e-06 0.00504123 2.67183e-06 0.00367223 0.00175766 0.00155693 1.15514e-05 1.93568e-05 0.206677 0.000514098 3.72737e-09 0.00103317 0.187814 4.92646e-08 0.276435 2.84617e-06 
0.00730585 0.0637393 0.000388379 0.11035 0.137842 0.0457034 0.00182493 0.12846 0.000198787 0.0179452 0.000180951 0.0644245 0.119215 0.0317802 0.00392089 0.000326148 0.000878658 0.00684822 4.56114e-12 0.0662358 0.0218218 3.21803e-06 0.17011 0.000496567 
5.58219e-06 0.111472 0.000599963 0.0252281 0.0669996 0.0523965 0.00358324 0.00453766 0.00411768 0.0915384 8.44049e-06 0.00541319 0.0430847 0.00405052 7.49121e-05 0.00564535 4.25572e-08 0.0832439 4.25211e-07 0.0373741 0.00197734 2.69923e-06 0.233503 0.225142 
0.00704373 0.00285323 0.00248799 0.000352541 9.18272e-06 0.0206658 6.07612e-05 0.001038 0.000681259 5.99225e-08 0.000111241 1.72879e-10 0.00456211 0.0999751 2.82348e-10 0.000592845 0.0180071 0.000144024 0.0011499 0.000109154 0.0551275 3.06667e-10 0.782625 0.00240384 
0.000901383 0.0122855 0.00475954 0.0568532 0.0255748 0.0602728 0.000157671 0.0446416 0.000126923 0.00356904 2.82546e-05 1.85746e-06 0.0813743 0.00658497 1.16544e-05 0.000214693 0.00024899 0.0049383 8.38249e-12 0.321897 0.0353561 6.64925e-07 0.332136 0.00806531 
0.00621193 0.00797754 0.00014061 0.0048515 0.0104391 0.0218694 7.30515e-05 0.105942 0.0199667 9.68487e-05 1.07439e-05 0.00325625 0.0279009 2.57277e-05 1.78453e-06 0.0023817 0.00196726 0.00457157 1.99027e-08 0.239203 0.0434958 7.40513e-06 0.485875 0.0137338 
0.00778341 0.0434951 0.00987247 0.014057 0.00822818 0.172627 0.00109232 0.0135953 0.00183873 0.000802993 8.41856e-09 8.04553e-11 0.00695915 0.0125046 0.000371634 0.00440179 0.000349341 0.00158105 1.92028e-10 0.000890735 0.225617 1.42718e-10 0.473684 0.000248038 
0.00084109 0.0843529 0.00629287 0.0142201 0.0887351 0.00395948 8.26508e-07 6.91711e-07 3.51713e-07 0.0051089 8.86185e-08 0.0822823 0.0506556 0.00199814 6.70581e-08 0.0060957 1.03388e-07 0.00547709 4.45244e-11 0.200211 1.35131e-06 4.30517e-08 0.403468 0.0462986 
0.00411543 0.0327147 0.000207536 0.0939812 0.0663728 0.0711603 0.00217574 0.138325 0.000176871 0.00806147 0.000247771 7.34283e-05 0.0379036 0.00116828 1.94324e-05 0.000224973 0.031379 0.025742 8.316e-11 0.14408 0.095053 3.63126e-07 0.24317 0.00364632 
0.0018984 0.0442241 0.00550539 0.0152443 0.105934 0.0814301 0.00316415 0.0557401 0.00293747 0.00492861 0.000394944 0.00413567 0.0390695 0.00974096 0.000316318 0.0126929 0.00511947 0.121891 0.000218558 0.169662 0.00538517 0.000194576 0.21414 0.0960319 
0.000381781 0.00741167 0.00540546 0.0146721 0.00587209 0.00961016 0.000143499 0.0143867 0.00254714 0.000135549 0.000137045 0.000136644 0.0116172 0.000846998 3.60297e-05 0.00437104 8.55694e-05 0.0202378 3.78924e-07 0.176668 0.00120218 4.29624e-05 0.716903 0.00714938 
0.00162543 0.0569118 0.00199649 0.130208 0.0817638 0.0254085 7.05358e-05 0.049259 0.00154433 0.00261728 7.26004e-05 0.00238879 0.0825868 0.00470321 0.000332804 0.00927775 0.0303817 0.0944565 2.45463e-08 0.194864 0.00203121 0.000260818 0.212184 0.015055 
0.00877037 0.0831354 0.0177792 0.0243616 0.0528482 0.160208 0.0108241 0.0119474 0.0112545 0.00245252 0.0111512 0.00544309 0.060728 0.00514201 0.00824099 0.00104049 0.0221571 0.0683178 0.0372383 0.0846559 0.00897839 6.17668e-05 0.218694 0.0845695 
6.9597e-06 0.0544563 2.09716e-06 4.56263e-07 9.28861e-11 0.0504511 3.95575e-10 1.89126e-06 0.0207581 1.57434e-06 2.88956e-07 3.99998e-10 2.97129e-06 0.0561471 2.02583e-06 0.0920323 9.55513e-11 0.0152047 9.54703e-10 0.0169975 0.0665475 7.0955e-10 0.585233 0.0421537 
0.00397393 0.058687 9.30657e-07 0.124249 0.066016 0.214941 0.0626748 0.042803 0.00112089 1.74766e-05 0.00183657 0.0462826 0.0104616 1.05571e-06 7.4347e-05 2.37779e-06 0.0238935 0.0479864 1.69663e-07 1.92045e-06 0.0796756 4.68014e-05 0.215246 7.2827e-06 
0.0100777 0.00573335 0.00226937 0.00180307 0.00231352 0.148577 0.000867646 0.00068252 8.24811e-05 0.000284411 3.5427e-05 4.1085e-07 0.00107238 0.000319934 4.07341e-07 0.000291108 0.000239428 0.000209601 5.58377e-08 0.0148775 0.000307623 4.14994e-08 0.576822 0.233133 
0.000380579 0.0274808 0.0153348 2.63485e-06 2.26231e-06 0.0236258 0.00026897 0.00326015 6.21268e-06 0.000135923 0.000123939 2.73614e-05 0.0859306 0.147974 2.41896e-09 1.99395e-06 1.62686e-06 1.02912e-06 3.53505e-09 0.0232585 0.0209301 1.83204e-06 0.384147 0.267105 
0.003583 0.0291204 0.00482033 0.130861 0.022406 0.0604924 0.00181637 0.0751743 0.00178373 0.0180383 0.00208737 0.00655811 0.0545087 0.00789664 0.000262261 0.00378276 0.0122288 0.0218457 0.000583689 0.178353 0.0207084 8.00685e-06 0.336766 0.00631523 
0.00164859 0.134908 0.00217522 0.0101098 0.0442414 0.0533782 0.0328017 0.0439215 0.00193908 0.06068 0.0020012 0.00656598 0.0364291 0.0429844 0.00253074 0.00784766 0.0249885 0.0490514 1.58498e-07 0.157178 0.0203927 2.84404e-06 0.221417 0.0428066 
0.0162796 9.86698e-06 4.12476e-06 0.000895927 3.80853e-05 4.5708e-05 4.82893e-06 7.19169e-05 8.9856e-06 2.11052e-06 1.50714e-06 8.12151e-05 0.0479319 1.59039e-10 3.48232e-10 1.5105e-10 2.56202e-06 0.032877 5.08904e-10 0.42106 0.000184394 3.78225e-10 0.480483 1.73e-05 
0.0511082 0.00644688 0.0298115 0.0192631 0.00699569 0.22622 0.00284414 0.0175438 0.00283243 0.00166229 6.45274e-05 0.000406792 0.0323017 0.000190545 1.14161e-07 0.000193204 0.000945576 0.0318222 7.0638e-06 0.0315312 0.0396523 1.72245e-05 0.340909 0.157231 
0.014204 0.0169006 0.00339015 0.00260482 0.0350559 0.285964 0.0344627 0.00453943 8.50761e-05 0.000803553 1.56946e-05 0.000113566 0.0010149 0.00464305 8.03622e-05 3.83906e-05 0.0529585 0.017594 1.04024e-07 0.0206392 0.0396259 1.31947e-05 0.377131 0.0881226 
0.0996323 0.00972478 0.010377 0.036092 0.0216006 0.0583963 1.21055e-05 0.00545764 2.26929e-05 0.0155671 9.3972e-07 5.53742e-05 0.121518 0.000470855 1.22566e-05 0.0435118 0.214874 0.00525943 7.48639e-10 0.0607087 0.062146 5.564e-10 0.228187 0.00637335 
0.00416778 0.0633998 0.00140176 0.0437894 0.1581 0.0318904 0.00505742 0.0196117 0.00243517 0.00673583 0.000637754 0.000564998 0.0215044 0.000345612 0.000194533 0.000526304 0.0124927 0.138437 1.0255e-09 0.101155 0.00617497 0.000102383 0.246093 0.135181 
0.00719115 0.00650589 0.000148439 0.00251077 0.00127654 0.00772159 8.52405e-05 0.132648 0.000710711 3.55786e-05 9.52929e-06 3.91512e-05 0.0112889 3.11493e-05 1.24218e-06 1.88888e-05 1.23549e-06 0.00135303 5.13038e-09 0.197911 0.091301 4.40145e-07 0.53875 0.000460026 
0.00173262 0.0469497 0.0344798 0.0740995 0.0576802 0.145135 2.53742e-07 0.0199074 3.39876e-06 0.000562426 1.33947e-07 1.49713e-05 0.164153 0.124879 1.13959e-06 1.09053e-06 2.52074e-08 5.62876e-07 5.72278e-11 0.145012 0.00494029 4.25326e-11 0.172589 0.00785957 
5.95624e-05 0.000709404 2.45261e-05 0.168239 0.000464866 0.00115187 2.81413e-05 0.200606 6.93352e-06 0.000215583 1.49527e-06 7.29677e-12 0.000551779 1.40653e-08 2.58374e-09 3.02347e-08 5.31794e-08 0.00141227 1.74157e-11 0.0344039 0.000309216 2.04985e-07 0.591816 9.11707e-09 
0.000565349 0.000440234 5.54684e-08 0.301532 0.00169133 0.00364486 2.31732e-05 0.180405 5.83481e-05 0.00809135 1.26883e-05 6.0361e-07 0.0109764 0.0011444 1.79624e-06 1.78811e-05 8.49428e-07 0.0029646 5.50104e-11 0.010323 0.00609907 3.75637e-07 0.472007 1.16296e-11 
0.00793238 0.00488465 0.00209654 0.00478317 0.00950968 0.214084 0.000114423 0.00699185 0.0124726 0.0020036 0.000119699 9.70959e-07 0.00554178 0.100485 0.00874898 0.100362 0.0949637 0.00230703 4.38242e-08 0.00433931 0.0179349 3.97619e-08 0.257316 0.143007 
0.0015699 0.0184573 0.00291186 0.0845947 0.0154772 0.137834 0.00148836 0.0427212 3.45735e-05 0.0298852 0.000150081 0.00848224 0.0720705 0.0231831 0.00125736 0.000423041 0.00950405 0.109654 6.20675e-09 0.110888 0.034189 2.10005e-07 0.292837 0.00238687 
6.12197e-05 0.00204124 9.39964e-09 0.00221538 0.00364683 2.98365e-06 0.000445229 0.00468044 6.23669e-07 0.000269057 4.77527e-07 4.6255e-07 0.00107595 1.31734e-06 2.23197e-07 9.01886e-09 1.17073e-07 0.0226633 3.03854e-08 0.00645261 7.92515e-05 1.17062e-06 0.954848 0.00151368 
0.0089349 0.00611455 0.000419689 0.251297 0.00864101 0.0120256 0.0015638 0.220393 0.000154358 0.00286238 0.00297693 0.0197704 0.00834178 0.000282785 0.000347278 0.000157812 0.0133282 0.0192329 9.44407e-09 0.0380304 0.00224359 7.07597e-07 0.382775 0.000105212 
0.00898813 0.0643367 0.0108779 2.36535e-06 2.36534e-06 0.109289 0.0309672 0.0227095 0.0427851 2.36457e-06 0.0113545 0.0260032 0.140978 0.023172 2.36234e-06 0.00993255 2.36533e-06 2.36514e-06 2.36072e-06 0.0818517 2.36516e-06 2.36204e-06 0.223766 0.192967 
0.0140584 0.037732 0.00754941 0.0914457 0.00762442 0.0590657 0.000109287 0.107139 0.000525467 0.000919387 0.000331714 0.000616201 0.0233275 0.00466591 0.000774539 0.00301425 0.00840599 0.00807993 0.00255827 0.139541 0.0270543 4.90821e-06 0.405413 0.050044 
0.00310473 0.0131101 0.0194796 4.0781e-07 0.00584761 0.129491 0.0682366 0.00925696 6.09893e-05 2.14936e-06 0.00154666 3.92281e-07 0.0611065 0.00344868 4.91964e-06 0.00298553 0.0749105 0.00895178 1.22624e-09 0.0648073 0.00920777 0.00011348 0.375198 0.149129 
2.7638e-09 0.0880442 0.0293057 1.15216e-09 5.51422e-06 7.73264e-10 2.30728e-05 0.103485 0.000565249 1.93061e-05 1.91958e-09 5.05143e-09 0.00821634 3.76784e-09 8.25006e-09 3.57858e-09 4.59488e-07 5.51396e-05 1.20566e-08 1.4485e-05 0.000996534 8.96064e-09 0.769258 1.07718e-05 
0.012069 0.00408697 0.00108245 0.00786202 0.00162879 0.155938 0.00119467 0.135459 2.40134e-05 0.017027 0.000294996 0.00575945 0.00465468 0.00364773 0.000767191 3.3578e-05 0.000408674 0.00562582 2.44056e-09 0.00948691 0.0108183 1.81386e-09 0.6161 0.00603201 
0.0255909 0.0374772 0.00908607 0.0471321 0.0358557 0.01341 0.0320949 0.0790972 0.00366046 0.000112592 0.00531449 0.00745166 0.0337451 0.000414385 0.000372037 0.000371776 0.0231971 0.0417773 2.5983e-08 0.240751 0.0175156 1.15658e-05 0.330665 0.0148951 
0.0131595 0.0911362 0.0103938 0.0214367 0.0592324 0.0636467 0.0604761 0.0409537 0.00171225 0.000707477 0.00364347 0.0319676 0.113489 0.00126683 0.00021592 0.00760329 0.000311591 0.0198758 0.000380717 0.0962439 0.0102698 0.00172534 0.332098 0.0180541 
0.00123472 0.00690904 0.00474524 0.00152826 0.00434997 0.00461521 0.0181873 1.64072e-07 6.89229e-07 0.00281301 0.00296185 6.83642e-07 1.52955e-07 0.0042329 1.11653e-06 4.84312e-07 1.63308e-07 0.0146669 1.63169e-06 8.24188e-08 2.17009e-07 0.00291169 0.685266 0.245572 
0.00300206 0.0168516 0.00848785 0.0958319 0.0395621 0.0645517 0.00658836 0.122381 0.000812071 0.00349421 0.000462701 0.0214647 0.0477162 0.00722488 1.4318e-05 0.0102746 0.0318143 0.00909323 3.85822e-07 0.106961 0.0181938 1.26025e-07 0.359339 0.0258777 
0.0502495 0.00679835 0.00372701 0.0175385 0.00348983 0.0569055 0.000989174 0.00748076 6.34653e-05 0.0104117 0.000715153 0.000411013 0.0267225 6.54328e-06 4.23343e-07 0.00171298 0.051421 0.00917399 6.56479e-10 0.180877 0.00469952 0.066095 0.2978 0.202711 
0.00491671 0.0541644 0.0141711 0.0172951 0.0915108 0.0601281 0.000746245 0.00720957 0.000962986 0.00375003 9.3932e-05 0.000145449 0.0726435 0.021144 0.000534411 0.0666369 0.000177038 0.0606318 7.85422e-05 0.0988471 0.0477728 2.94968e-05 0.367465 0.00894538 
0.00739027 0.0237097 0.00121125 0.00159425 0.0135163 0.355223 1.9464e-07 0.000681231 0.0077312 1.63576e-11 0.000133358 2.7434e-11 0.0053294 1.38467e-07 1.35086e-07 0.00189118 5.15674e-06 0.00649172 6.54785e-11 0.0203697 0.0340249 1.0265e-05 0.471987 0.0486987 
0.00700472 0.0130675 0.00333305 0.0292909 0.0208362 0.104997 0.000652654 0.038083 0.0061724 0.00356341 0.000346345 0.00383863 0.0454579 0.0841999 0.00149213 0.00348585 0.0201143 0.0567853 2.21208e-06 0.0724203 0.00898385 0.000122476 0.455301 0.0204487 
0.000340581 0.00660702 0.0327439 0.0178 0.00267326 0.0143089 0.000298243 0.0377264 3.7118e-07 0.00534863 6.42089e-05 2.39348e-06 0.00603471 0.000784215 2.01802e-05 0.000133652 0.0345093 0.0124062 8.7874e-07 0.0164874 0.00980797 2.8872e-06 0.800429 0.00146945 
0.000897868 0.00138897 5.80728e-05 0.00882497 0.00153795 0.00580022 0.000332881 0.184861 4.53264e-09 1.69456e-05 5.80472e-06 1.38078e-12 0.00984782 3.18194e-05 6.96632e-09 9.78184e-13 3.8377e-08 0.0083856 3.2956e-12 0.276666 0.00031828 4.95152e-07 0.500975 4.96054e-05 
0.00377138 0.0275868 0.00218826 0.204661 0.00922768 0.13762 0.000106583 0.196323 0.000538387 0.0011726 0.00978141 0.0050221 0.0184063 0.00861651 0.000140084 0.0100593 0.0107614 0.00945659 5.56133e-08 0.0725024 0.00545506 1.50876e-05 0.261804 0.00478336 
0.0218593 0.0145589 0.00345969 0.0463112 0.0954629 0.0337771 0.00141309 0.0641984 0.0024135 0.000603337 0.000260898 0.0896506 0.100231 0.0175454 9.21755e-06 0.000941985 0.0155264 0.0271952 4.00477e-08 0.121685 0.00728055 4.59507e-06 0.330852 0.00475831 
1.7555e-06 0.000248892 2.369e-06 0.00050741 1.50081e-05 0.00498428 0.000801797 7.70042e-07 3.21708e-05 4.86113e-05 1.21927e-06 3.20855e-06 0.00303329 0.000310416 8.99031e-06 0.000538614 7.66457e-07 0.000226573 7.65807e-06 0.0312424 1.35913e-05 5.69159e-06 0.939684 0.0182804 
0.00162848 0.00123773 0.0573121 0.00920611 2.76936e-09 0.144306 1.026e-06 0.00935375 1.11824e-06 0.00134639 4.13153e-09 2.34694e-08 0.00104499 0.295795 1.37516e-06 1.26607e-07 0.00011044 4.48019e-09 9.11922e-10 0.000431932 0.0677685 6.77755e-10 0.410171 0.000283829 
0.0158095 0.016233 0.00353401 0.0238677 0.00773241 0.215426 5.96798e-08 0.0936366 0.00130765 0.000298988 5.28469e-08 1.34544e-06 0.0666181 0.00857085 2.70558e-06 0.000744382 0.0117462 0.00580155 8.80539e-10 0.0687892 0.174097 6.5443e-10 0.285775 7.70765e-06 
0.00912493 0.00702179 0.00204675 0.0101929 0.039945 0.0909999 0.00114274 0.0328823 1.32338e-09 0.000807454 1.22545e-05 2.60106e-05 0.0115239 6.46429e-05 8.02149e-06 4.12618e-06 0.00210724 0.0164006 3.133e-09 0.13368 0.0047159 7.40371e-06 0.509177 0.128109 
0.0315101 0.010063 0.00184463 0.0470274 0.0372992 0.0872372 0.00268895 0.0720565 0.000511191 0.00312905 0.000433931 0.0771218 0.0278164 0.00827286 0.000687302 0.00022687 0.00278143 0.0292418 3.19452e-08 0.0994961 0.0163424 5.06853e-05 0.432289 0.0118725 
0.0017678 0.136062 0.00599032 0.000334239 0.00716062 0.0401879 0.000415817 0.153285 0.000208295 0.000358842 0.000204969 4.65177e-07 0.00895484 0.00147173 6.27279e-07 0.00224628 7.83732e-05 0.00777743 1.41119e-10 0.0597295 0.20966 7.52958e-08 0.327352 0.0367521 
0.00018329 0.00268721 0.000654346 0.000310364 0.000654635 0.0012743 6.90057e-08 0.435656 0.000218148 0.000153979 0.000161773 0.000348955 0.00246666 0.000702682 0.00213119 0.0162435 0.000216705 0.000514185 1.66542e-07 0.000198537 0.000748676 0.000185789 0.520132 0.0141573 
7.17208e-05 0.0879996 0.00944278 0.00713219 0.0416818 0.102093 0.00282035 0.00112922 0.138856 0.00410598 2.55313e-06 0.000110065 0.120227 0.121353 0.00180551 0.0189173 0.00177417 0.00132434 6.27949e-06 0.0585123 0.0742418 5.88354e-10 0.185519 0.0208748 
0.000894141 0.038438 0.00578423 0.0575966 0.0628051 0.0461909 0.00291631 0.145328 0.00474598 3.47331e-06 6.89637e-05 4.98894e-06 0.00978256 0.0012469 0.00031793 0.000462375 0.000950418 0.0167263 0.0810941 0.0358835 0.0104583 4.14636e-06 0.460203 0.0180938 
0.000319015 0.0430805 0.00323516 1.16427e-07 1.18535e-07 0.0257446 5.04806e-07 0.000131141 5.40752e-05 3.04357e-07 0.000790858 5.1045e-07 0.000158325 0.00213156 8.33674e-07 0.146377 1.21936e-07 0.00349911 1.21833e-06 0.0132849 0.000312436 4.96503e-05 0.665874 0.0949532 
0.000333869 0.0979646 0.00190683 0.194602 0.0101476 0.0049327 5.0377e-05 4.08395e-07 3.81887e-07 0.0106831 1.71887e-09 8.22198e-05 0.252889 0.000747974 0.000574746 0.00408706 0.000135552 0.000225284 5.49834e-11 0.133762 2.50377e-08 3.24001e-08 0.286874 4.99672e-08 
0.011969 0.0172974 0.00176302 0.000999798 0.0512836 0.0632379 0.0223303 0.0637974 0.000685395 1.96655e-05 0.000218897 0.0388656 0.0231866 0.00196263 2.72319e-06 1.0706e-05 0.00100382 0.0142606 1.76889e-06 0.0851919 0.00101619 2.60678e-05 0.426639 0.17423 
0.0406214 0.0205264 0.00728345 0.0378486 0.113506 0.136741 0.00240559 0.0100278 0.000375209 0.0410409 1.13174e-05 0.000644036 0.0353244 0.00852174 0.00203396 0.00687023 0.0115781 0.00775427 9.02424e-08 0.0620595 0.0469139 1.5912e-06 0.396383 0.0115273 
0.0110615 0.0341042 0.00584175 0.0239472 0.00953798 0.214553 0.0152792 0.00828946 0.00026426 0.00370028 2.72013e-05 1.49646e-06 0.0111916 0.000283847 4.40148e-05 0.00217404 0.0228548 0.0455766 2.54431e-05 0.0606152 0.0142014 0.000195036 0.394959 0.121271 
0.0020921 0.1186 0.119728 0.082055 0.0588816 0.0271511 0.00148191 0.0396222 0.000850201 0.0384032 7.58922e-05 0.00296918 0.0415641 0.00768065 0.000975373 0.0136124 0.00313082 0.0338521 2.00687e-06 0.0946856 0.0353768 8.51444e-06 0.251163 0.0260388 
