0.00325542 0.00951022 1.39941e-06 1.94718e-10 0.01649 0.0260402 0.00197712 0.00136242 5.91441e-05 0.00017269 1.91165e-06 3.40875e-06 0.000244527 6.36773e-10 1.39427e-09 2.1473e-07 5.04777e-07 0.00398465 2.03759e-09 0.00170341 0.0544227 6.45922e-08 0.631592 0.249178 
0.0774467 0.0220518 0.00305125 0.012085 0.00197635 0.198674 0.0029293 0.0370811 0.00043165 0.00936478 1.45447e-05 1.16355e-07 0.0227793 0.00206726 0.00433998 0.000930441 0.00136611 0.0307954 8.14658e-09 0.0521982 0.0203462 1.46011e-06 0.490542 0.00952726 
0.00666355 0.0265888 0.00302905 0.012621 0.0114588 0.0753037 0.0108949 0.0202747 2.07229e-08 0.00131076 8.87614e-06 4.04313e-08 0.00637754 0.000282409 0.000280523 0.00135046 0.00259003 0.0235646 7.36468e-07 0.0808068 0.0118706 7.35981e-09 0.691151 0.013571 
0.0194308 0.0210215 0.0496375 0.0106119 0.0139687 0.236542 0.0263349 0.0261921 0.0153487 0.000884688 0.00681983 0.00382519 0.00600628 0.0101401 0.00135078 0.000649612 0.0492675 0.0381874 4.66787e-06 0.0427371 0.0094925 0.000972609 0.294196 0.116378 
0.0213115 0.0137868 0.00617006 0.00062851 0.0107759 0.113641 0.000480865 0.0309404 2.2506e-05 0.00355764 0.00888673 6.02969e-08 0.00930845 0.000967016 0.00040457 5.3779e-05 0.000961822 0.0314015 3.49417e-05 0.0238418 0.0133827 8.46835e-05 0.708217 0.0011403 
0.000849309 0.0240986 0.0075019 0.034963 0.0602203 0.0186752 0.00119552 0.0104447 0.000257274 0.00140346 0.0535615 0.00612009 0.218504 0.0542002 0.000982531 0.00474327 0.0109879 0.0462737 5.57496e-08 0.117815 0.00418937 1.84243e-05 0.319203 0.00379158 
1.39426e-05 0.00813821 0.0384529 1.6053e-05 0.00884535 0.0698045 0.0180905 3.63567e-06 3.95437e-05 3.54097e-06 4.88331e-11 0.00400123 0.0490645 0.0465284 4.07222e-07 0.00089093 0.133291 0.13665 0.000190965 0.000635779 0.00183607 2.27954e-10 0.465698 0.0178041 
0.0016421 0.024484 0.00251001 0.0018365 0.0185371 0.0644445 0.0278839 0.0117002 0.00807675 0.00251795 0.115815 0.000126285 0.0105154 0.0130557 9.51965e-05 0.0194521 0.00518145 0.0291115 3.71135e-07 0.0368909 0.000351185 6.17628e-05 0.583271 0.0224398 
0.00252055 0.0064834 0.00453352 0.0220858 0.00611067 0.15142 0.00262473 0.00906725 0.000104545 0.000744501 0.000170253 0.000106772 0.0237068 0.0133191 4.03894e-05 0.000406181 0.0509144 0.0986354 3.4382e-05 0.0452958 0.00947641 1.57168e-07 0.548919 0.00327996 
0.0204964 0.00379424 0.00338296 0.0133018 0.0282726 0.214283 1.70757e-05 0.0455918 0.000141781 0.00119718 8.16494e-06 0.00336724 0.0415239 0.0358132 3.87171e-05 7.94593e-05 0.00477626 0.00849009 2.54513e-08 0.188896 0.0679468 2.92166e-05 0.314396 0.0041558 
0.0288559 0.0132027 0.114465 0.00021308 0.0735227 0.214151 0.00729471 0.00190017 7.52444e-07 8.10745e-05 3.73019e-08 4.36499e-07 0.0145856 0.0309345 0.000416768 0.0171997 0.00653827 0.000834698 1.52311e-05 0.0386715 0.0315828 8.70735e-07 0.325692 0.079841 
0.00277001 0.0563403 0.0326946 0.0973139 0.00222291 0.0239589 0.000318112 0.0165073 0.000514267 0.0489945 1.00375e-05 0.00831104 0.224892 0.0347173 5.45923e-05 0.00110893 1.09686e-05 0.0280946 7.72022e-05 0.0362988 0.0128716 7.75674e-06 0.360202 0.0117084 
0.00148552 0.0608367 0.0238612 0.00323915 0.012894 0.0397452 0.0374876 0.0251036 0.00139831 0.00316588 0.00140158 0.000569732 0.00588346 0.0044055 0.00184576 0.000612672 0.00100715 0.0854448 1.15193e-07 0.0456525 0.00992457 7.30584e-06 0.480566 0.153462 
0.00207797 0.00178319 0.000651524 0.172433 0.00313327 0.0313337 0.000184003 0.220173 9.36717e-05 0.00494344 4.54524e-05 0.00803992 0.0145152 0.0120675 2.7305e-05 0.00589084 0.0175727 0.0360492 2.72541e-11 0.0959646 0.0103131 8.34446e-07 0.361307 0.00139961 
0.0161141 0.00533923 0.00156491 0.00590557 0.0240841 0.0891833 0.00585036 0.0240779 0.0365537 0.00544289 0.00035898 0.0116837 0.0295553 0.000278184 8.67457e-05 0.00368529 0.0287446 0.037278 3.30519e-08 0.280582 0.017124 0.000146426 0.33744 0.0389205 
0.000690472 0.086087 0.00131313 0.00511428 0.0405999 0.0741456 0.000870669 0.0786953 6.6858e-05 0.000167766 1.51482e-05 0.0076346 0.00305475 0.000567099 1.06068e-07 0.00176416 0.015605 0.180278 5.19373e-09 0.068974 0.0235562 1.55854e-05 0.3233 0.0874846 
0.000400005 0.0447736 0.0168453 0.0371987 0.01232 0.0729151 0.00159831 0.0245453 0.0449778 0.00329868 0.000241591 0.00998409 0.0767594 0.00748728 0.000195251 0.017991 0.0159898 0.11817 4.55892e-05 0.0999694 0.00397601 1.21291e-07 0.331714 0.058603 
0.018599 0.0269358 0.00830515 0.0649464 0.0163308 0.0739008 0.216775 0.0300139 0.00266054 0.00535154 0.00202447 0.00580379 0.0376877 0.0140044 5.71039e-05 0.000526143 0.00253599 0.0275477 0.0106486 0.0643391 0.0383633 0.0456929 0.246208 0.0407417 
0.0493227 0.00557422 4.57542e-05 0.0364124 0.0103271 0.0149656 0.00100915 0.265743 0.0195552 0.00311811 0.000298803 0.000408821 0.00404402 0.00451781 5.71534e-06 2.37346e-08 0.00415482 0.0544147 7.47802e-11 0.0453789 0.00429539 0.000345581 0.438802 0.0372599 
0.00626646 0.0318163 0.00266589 0.0280618 0.0323929 0.218643 0.019231 0.0342198 0.00389495 0.00622707 4.68896e-05 0.00410683 0.0394478 0.00195598 2.08879e-06 0.000108052 0.00403075 0.0733179 9.65829e-07 0.0727691 0.0147403 3.10284e-05 0.314404 0.0916185 
9.82291e-05 0.0349425 0.000528962 0.0900157 0.00540472 0.00622985 0.000711277 0.0444584 0.00058804 0.000143745 0.000523325 0.30137 0.00424919 4.09143e-06 1.16709e-05 3.0224e-06 0.00086245 0.00669303 5.36126e-08 0.00439357 1.82313e-05 9.85463e-05 0.493626 0.00502508 
9.56934e-11 0.00916021 0.0177325 8.53415e-07 0.0302176 0.161174 3.93165e-05 0.0158341 6.56691e-06 1.04285e-10 1.34919e-05 0.00120196 0.0979108 0.00032041 0.161342 1.11771e-06 1.20915e-07 0.0521581 1.66646e-06 3.73646e-05 0.00263282 1.90185e-07 0.346229 0.103985 
0.00248254 0.0450608 0.00655578 0.0552774 0.0311788 0.0427597 0.00372635 0.0513024 0.00812409 0.00995078 0.00154411 0.00226977 0.110988 0.0192561 0.00122958 0.0496052 0.0131885 0.0206712 0.000183463 0.246739 0.00979116 1.27688e-05 0.255353 0.0127496 
0.00357332 0.00941932 0.000812105 0.0244182 0.00498745 0.0239414 0.000302655 0.347075 8.90432e-05 0.00132795 1.77775e-05 4.28113e-05 0.0356012 0.00962687 5.31972e-05 0.000361391 0.0202722 0.00200665 0.00015683 0.0855394 0.00201101 4.75967e-06 0.427271 0.00108886 
0.0319754 0.00506858 0.0456004 0.0576001 0.0135586 0.104855 0.000237358 0.0791421 0.000216897 0.00191979 8.6986e-05 0.000103497 0.0672561 0.010503 0.00019233 0.00199947 0.00128498 0.164605 2.3985e-06 0.107866 0.0514976 3.72957e-05 0.247782 0.00660865 
0.00689984 0.0101714 0.00125692 0.111721 0.0112993 0.0226035 0.000605896 0.305835 6.4089e-05 0.00820196 0.00013242 0.000283978 0.00781052 0.000705975 0.000514481 6.43682e-05 0.0410572 0.0372741 2.66662e-11 0.0616966 0.0261721 4.52513e-06 0.344191 0.00143458 
0.00482366 0.189295 0.00488726 0.0112578 0.0605664 0.141137 0.00057801 0.00463442 0.000140881 0.00428867 0.00427945 0.000573628 0.137396 0.00913039 0.00464186 0.0588139 0.0360826 0.0131395 1.41228e-07 0.0524602 0.019766 0.000172365 0.225963 0.0159723 
0.0244106 0.0509242 0.00756353 0.0168279 0.0257381 0.128853 0.00716261 0.0700321 0.00112808 0.0021861 0.00521977 0.0025847 0.0122812 0.00258883 0.000594295 0.000472573 0.0331096 0.0429524 4.33709e-06 0.0837624 0.0508639 2.52625e-05 0.271236 0.159479 
0.0255255 0.0182964 0.00968164 0.0728937 0.00291293 0.056518 0.00129974 0.0263851 1.96241e-05 0.00105501 0.000250848 0.00132042 0.0114184 0.00246988 9.80354e-06 3.32809e-05 0.00497201 0.255763 4.74614e-08 0.157142 0.0150638 0.000115175 0.335701 0.00115152 
0.00591824 0.0783752 0.000697995 0.243547 0.0580961 0.0180161 0.00287274 0.0375787 0.000281299 0.000132654 0.00469115 0.0561817 0.0143264 1.18886e-06 4.28267e-05 6.92764e-08 0.000734496 0.0839427 2.88955e-10 0.0706314 0.00904002 2.14756e-10 0.305564 0.00932863 
0.00125289 0.0604194 0.0072228 0.0305661 0.0539923 0.118842 0.00895052 0.00395169 0.00590403 0.0413412 0.00104309 0.000467615 0.0243283 0.051256 0.00034226 0.0185245 0.0250103 0.0148943 0.0102984 0.0403699 0.00858 1.46709e-05 0.379484 0.0929434 
0.000144871 0.0164584 6.40837e-08 0.114891 0.0200035 0.0169839 0.000114351 0.0704707 4.29835e-08 0.0173455 5.50909e-06 1.30791e-05 0.193005 0.000323778 0.00078221 0.00230566 0.00578207 0.0328258 1.09704e-10 0.159539 0.005148 8.07804e-08 0.340645 0.0032127 
0.00761365 0.0121885 0.00398171 0.00719248 0.0135132 0.21873 0.00234674 0.0362435 0.0021671 0.0112743 0.000282462 0.00151945 0.038017 0.000220225 1.06393e-05 1.16728e-08 0.007367 0.161001 9.75424e-11 0.196605 0.00426726 0.000285245 0.230695 0.0444794 
0.025015 0.0404438 0.0198775 0.0165385 0.0134646 0.311885 0.000992682 0.00320503 1.63884e-05 0.00663219 0.00012319 0.00123414 0.0513943 0.0356531 0.000252129 0.000542519 0.00998345 0.00999673 0.00588683 0.0502166 0.0223502 2.42411e-05 0.34237 0.0319016 
0.00476309 0.0149585 0.000899622 0.00279465 0.203039 0.00659005 0.000276469 0.00939342 2.37267e-05 0.00657806 2.99725e-05 0.00111383 0.0502133 0.000642815 2.55736e-05 0.0246435 0.00182997 0.0248954 1.76726e-08 0.0355056 0.00238611 1.77489e-08 0.586687 0.02271 
0.0451739 0.104678 0.000818564 0.0742408 0.0865973 0.0411558 0.031575 0.112045 9.7035e-05 0.0212111 0.000485812 4.42842e-06 0.0407913 5.08136e-05 7.49905e-06 0.000655118 0.0669398 0.03286 1.9568e-09 0.142553 0.0316588 7.16834e-06 0.164921 0.00147239 
7.52013e-06 0.0169812 0.00127167 0.052975 0.0539916 0.0134507 4.59315e-08 0.021582 3.03086e-06 0.000267502 0.00168844 1.13622e-05 0.0883125 2.19395e-05 4.91659e-06 0.0914062 0.000211287 0.00228456 3.1299e-05 0.0686354 0.00797151 2.37419e-05 0.578615 0.000251338 
0.00210288 0.0207988 0.000697543 0.0404209 0.0113217 0.0182924 0.000262897 0.279953 8.93267e-05 0.000769986 0.00673167 0.048343 0.00528741 0.00256321 0.000323664 0.000179742 0.00631276 0.0779312 1.29986e-06 0.0743028 0.001905 2.85699e-05 0.399102 0.00227837 
0.00477777 0.00205126 0.00133235 0.0358294 0.000901684 0.0278901 4.71915e-05 0.387478 1.46251e-06 0.000806747 0.000149242 7.05875e-10 0.00317412 0.00102341 1.26927e-05 5.86877e-06 0.00425313 0.000954038 1.68476e-09 0.0691462 0.00417736 3.70274e-07 0.455931 5.65829e-05 
0.0355062 0.0215541 0.113324 0.00652076 0.033825 0.061433 9.91146e-05 0.185128 0.00714934 0.00151609 0.000335475 0.00550225 0.000918665 0.000984531 1.50756e-06 0.0158867 0.0205163 0.0484879 3.06045e-09 0.0288368 0.00514599 1.29659e-05 0.217442 0.189873 
0.136176 0.0205904 0.0119777 0.0422634 0.0488236 0.16619 0.000169782 0.0752086 0.000141164 0.00100214 0.00372848 0.000379694 0.0605723 0.0595502 0.000642625 0.00616772 0.00244018 0.00167797 3.36859e-08 0.130728 0.034879 6.53571e-06 0.194856 0.00182767 
0.000126915 0.0143311 0.00296148 0.233918 0.0172706 0.0424105 0.00698502 0.0100799 0.00353466 0.00384215 0.000684323 0.0091417 0.0240782 0.00314536 0.000400313 0.0408652 0.0242937 0.10274 5.21793e-07 0.0643526 0.00469262 1.49206e-05 0.378526 0.011604 
0.0123895 0.0115259 0.00875847 0.0826685 0.0382678 0.00906464 7.6717e-05 0.0869866 0.000114231 0.000990775 2.84738e-06 7.75281e-05 0.0154608 0.010392 0.00052129 0.00202453 2.22634e-05 0.0588069 2.80876e-10 0.21827 0.00199467 2.8107e-05 0.414987 0.0265693 
0.0126588 0.0627207 0.0564042 0.0160049 6.56309e-07 0.0237351 0.0165349 0.305749 2.97939e-07 0.000177953 0.00104835 0.0647739 0.0128438 0.00287711 1.75311e-07 0.00130663 0.000231496 0.00379874 8.93798e-10 0.0130045 0.00228285 6.64285e-10 0.393246 0.0106004 
0.00036135 0.00122097 7.54343e-06 0.0351027 0.00543625 0.0186444 0.00293279 0.00577255 0.0413251 0.00635009 1.14631e-05 0.0327915 0.00647573 0.000294455 0.000630089 0.000579811 0.000291456 0.189139 4.12484e-06 0.0215895 0.0076137 1.55579e-05 0.533411 0.0899991 
8.21958e-05 0.132645 0.00127866 0.0330799 0.0119012 0.0232096 0.011174 0.00788737 0.000428884 0.024721 0.000169099 0.0100706 0.0978934 0.0630779 0.00101106 0.00724179 3.56781e-06 0.173559 0.00741277 0.0374302 1.00597e-05 0.0178928 0.327115 0.0107043 
0.000508741 0.00160303 0.000978383 0.0164776 5.88513e-05 0.10168 2.9606e-06 0.101223 0.000116926 0.000548632 0.017315 0.00151223 0.0170665 0.0133502 0.281125 1.04922e-07 0.000206817 1.28076e-05 6.81368e-08 0.00438369 0.0297865 0.000101351 0.411886 5.62659e-05 
0.000577221 0.00794566 0.000841854 0.0196343 0.113779 0.0055297 0.000144019 0.0625443 0.000100025 0.0020799 0.000445013 3.40595e-10 0.210296 0.00303008 6.65266e-05 0.125869 0.00227096 0.0442138 3.84125e-06 0.0510605 0.00601709 0.00066262 0.33384 0.00904892 
0.000880843 0.0306302 0.00635709 0.0361529 0.0324069 0.0603622 0.000886708 0.151114 0.000579721 0.0197252 0.00723058 0.00620158 0.154888 0.0335794 0.00249469 0.0872176 0.00165217 0.09673 0.00257446 0.0428277 0.0205836 3.81226e-06 0.195235 0.0096846 
0.00289392 0.111673 0.00394479 0.0232379 0.0696594 0.0266504 0.000250795 0.0723642 0.00514696 0.0149196 0.00837557 0.00200837 0.0302116 0.00889884 0.00727277 0.00105355 0.0265432 0.0248286 9.62659e-06 0.055615 0.0127459 0.00012188 0.462524 0.0290508 
0.0364958 0.00779782 0.0133288 0.00390177 0.033483 0.162436 0.102898 0.0131287 6.03041e-05 0.000775737 1.56685e-05 0.000951407 0.02845 1.91758e-07 1.65245e-06 0.000484346 0.00399629 0.00169615 3.52747e-08 0.083808 0.00734804 4.42121e-05 0.352254 0.146644 
0.00575871 0.0304734 0.00606867 0.110192 0.0238926 0.065185 0.00347689 0.0731488 0.000964817 0.0102942 0.00128271 0.00385912 0.0708684 0.0893749 0.0012833 0.00573068 0.0170666 0.0783598 0.000546934 0.18466 0.0244371 2.53907e-05 0.186319 0.0067309 
0.00211794 0.0866192 0.102272 0.0638129 0.0168678 0.0793496 0.000389076 0.038355 1.40629e-05 0.000606724 3.75972e-05 0.0027665 0.0184314 0.0109349 1.2777e-05 0.0302029 0.000120108 0.00445933 2.97906e-09 0.118077 0.124363 2.21408e-09 0.199457 0.100733 
6.18604e-08 0.153499 0.0571258 0.1581 0.0558884 0.00358581 0.000433581 0.0052908 6.84948e-09 0.0358306 8.2677e-05 6.79397e-09 0.0263184 0.000557891 1.1096e-08 0.00013492 1.62294e-09 0.0936941 1.62156e-08 0.00748267 0.000561964 5.09004e-05 0.315866 0.0854966 
2.05187e-07 0.0454803 0.0173766 0.0208533 0.0273184 0.107352 0.00166156 0.071918 0.00252295 0.00880235 0.00252439 2.05104e-07 0.0469608 0.0314087 0.00608826 0.0124943 0.129181 0.0152487 0.000594256 0.124412 0.0143868 2.04959e-07 0.239709 0.0737062 
0.00229206 0.00120765 7.0174e-08 0.215382 0.00120829 0.0127822 0.00107257 0.128863 0.000517109 0.00578041 0.000135704 0.00371017 0.00784091 0.000817892 1.32639e-06 1.28213e-05 1.46239e-06 0.00756355 1.5882e-10 0.00737389 0.00435707 2.66197e-05 0.599047 6.22121e-06 
0.0179636 0.023085 0.0022706 0.0581491 0.0788924 0.0312027 0.00250162 0.145595 0.000603783 0.00670245 0.00291496 0.00561834 0.0392167 0.0877211 0.00215951 0.00473196 0.00234616 0.0984909 6.85386e-08 0.0731936 0.0263816 1.13661e-05 0.28363 0.00661767 
3.69524e-05 0.000118382 4.25246e-07 1.08686e-08 5.53475e-05 0.0286234 9.37505e-05 0.00509933 0.000311559 1.4887e-10 2.03623e-08 7.63294e-08 0.00323459 0.446861 5.90938e-07 0.00012037 1.15008e-06 1.90052e-08 5.95921e-10 1.11608e-07 6.81526e-05 4.42898e-10 0.515253 0.000121943 
0.00726226 0.0054678 0.00146496 0.0176573 0.00207956 0.159787 5.24626e-08 0.118217 0.000263283 0.000192944 1.68734e-05 1.03207e-12 0.00947708 9.08577e-05 9.60954e-09 7.31145e-13 1.71402e-06 0.00523518 2.4633e-12 0.32431 6.49849e-07 6.5926e-09 0.331352 0.0171234 
0.000267067 0.0456271 0.00342011 0.00368916 0.0281538 0.146638 0.0573313 0.0401721 0.0132463 0.0112867 0.00466696 7.57223e-06 0.0377955 0.0112292 1.7566e-05 0.0021239 0.000833488 0.180282 2.02788e-06 0.0351363 0.0853665 1.3067e-06 0.260457 0.0322499 
9.45207e-05 0.0215985 0.000653841 0.0236741 0.0434939 0.193752 0.00582798 0.0727887 0.0127264 0.00166768 0.000391145 0.0315444 0.00881651 0.00188371 4.3735e-05 0.0127349 0.011097 0.0203594 6.27663e-06 0.0900653 0.0974373 0.000143761 0.272678 0.0765209 
6.88651e-05 0.0138703 0.00796004 0.10043 0.0607819 0.0769159 9.85146e-05 0.00439055 1.918e-05 0.0197166 5.581e-05 2.70533e-05 0.0618859 0.148381 0.000646412 0.0117211 0.00533546 0.109038 7.98912e-07 0.150621 0.0632373 0.000106134 0.16167 0.00302245 
0.00158405 0.215167 0.00134944 0.0301921 0.0781027 0.0642078 5.34402e-06 0.00306838 4.48652e-06 0.0250908 0.0012036 2.41778e-08 0.0250647 0.00119669 0.000992954 0.00182336 0.00512965 0.00765565 5.77069e-08 0.0275095 0.0397044 4.28887e-08 0.460003 0.0109448 
5.95624e-05 0.000709404 2.45261e-05 0.168239 0.000464866 0.00115187 2.81413e-05 0.200606 6.93352e-06 0.000215583 1.49527e-06 7.29677e-12 0.000551779 1.40653e-08 2.58374e-09 3.02347e-08 5.31794e-08 0.00141227 1.74157e-11 0.0344039 0.000309216 2.04985e-07 0.591816 9.11707e-09 
0.00723958 0.00533667 0.00817079 0.0358503 0.0386553 0.0370286 1.3167e-07 0.0134089 1.08915e-05 0.0423043 2.01247e-11 0.00078829 0.0499206 0.0495124 2.89157e-07 0.00157235 0.233294 0.00346756 1.264e-10 0.0316712 0.1546 9.39426e-11 0.285491 0.00167821 
0.0093301 0.0192534 0.00371567 0.00378456 0.0156441 0.11741 0.00173452 0.0113524 0.00244371 0.00093218 0.00226733 0.0017268 0.0562174 0.00421721 1.86905e-05 0.012096 0.0453267 0.0180446 8.55238e-07 0.221306 0.0043276 1.08837e-05 0.358698 0.0901424 
0.0287733 0.00910718 0.00446555 0.0496096 0.0132685 0.10216 0.00272089 0.0305845 0.00139057 0.00504266 0.000247714 0.00358243 0.0290437 0.0104445 0.00271076 0.00176346 0.0451786 0.023293 0.0010884 0.0523755 0.0358645 2.12124e-05 0.540322 0.00694105 
0.0233655 0.00592358 0.000687289 0.000556771 0.0346577 0.182679 0.00216548 0.00652348 0.000298608 0.00221932 2.33581e-06 0.00078597 0.0264842 3.73866e-08 4.28797e-05 0.00045683 0.0784873 0.0657989 2.92544e-11 0.252291 0.00363244 2.17424e-11 0.286264 0.0266775 
0.000325531 0.0283197 1.58122e-05 0.202636 6.90994e-05 0.0431755 2.59097e-07 0.0409161 3.81949e-06 0.00504123 2.67183e-06 0.00367223 0.00175766 0.00155693 1.15514e-05 1.93568e-05 0.206677 0.000514098 3.72737e-09 0.00103317 0.187814 4.92646e-08 0.276435 2.84617e-06 
0.0114896 0.0555436 0.015093 0.00464853 0.0340107 0.0656335 0.0474318 0.00717731 0.00138992 0.000299589 8.74258e-05 8.58492e-05 0.0152968 2.17353e-05 7.5076e-06 0.0254692 0.00378772 0.0225268 1.62703e-08 0.128517 0.00123962 0.000689765 0.418192 0.141361 
0.0192843 0.00920751 0.00963634 0.0388628 0.0171295 0.0789531 0.00570295 0.0923509 0.000196306 0.000178999 2.49367e-05 0.000572312 0.0173105 0.000480195 3.34295e-05 0.000553889 0.0321759 0.114045 3.68378e-09 0.189968 0.0122906 0.000106992 0.358826 0.00211022 
0.00380646 0.174011 0.00317672 0.0200455 0.01089 0.0498669 0.00976989 0.016428 0.147925 0.00235382 0.00337366 0.000656021 0.0222725 0.0120656 9.14103e-05 0.00227217 0.000977149 0.101423 2.19519e-06 0.0266343 0.00828552 0.00852152 0.349681 0.0254708 
0.00128769 0.00402019 1.20312e-07 0.0502897 0.0266374 1.20376e-07 0.00350042 0.109738 0.00158785 0.00257514 0.00326165 0.0011789 0.00205842 0.00459602 0.0003247 1.20315e-07 0.00125193 0.2657 1.20132e-07 0.153123 0.0113499 0.00169493 0.316665 0.0391579 
0.00317522 0.0146716 0.000690621 0.00155789 0.0723167 0.11738 0.00486855 0.017554 0.14308 0.000160238 0.00343291 0.0881039 0.0162482 0.0001244 0.000176259 0.000413556 0.0972472 0.012053 9.65498e-07 0.135239 0.00934056 9.39697e-05 0.153214 0.108857 
1.11485e-05 0.0693076 0.0359525 0.00433439 0.00655133 0.20678 0.00130099 0.00162069 1.50614e-05 0.0525964 3.55718e-07 1.82886e-08 0.117631 0.00245579 4.09515e-05 7.21238e-05 0.00231702 3.95239e-05 4.36506e-08 0.108737 0.141029 4.51166e-06 0.242126 0.00707592 
0.000380579 0.0274808 0.0153348 2.63485e-06 2.26231e-06 0.0236258 0.00026897 0.00326015 6.21268e-06 0.000135923 0.000123939 2.73614e-05 0.0859306 0.147974 2.41896e-09 1.99395e-06 1.62686e-06 1.02912e-06 3.53505e-09 0.0232585 0.0209301 1.83204e-06 0.384147 0.267105 
0.00084109 0.0843529 0.00629287 0.0142201 0.0887351 0.00395948 8.26508e-07 6.91711e-07 3.51713e-07 0.0051089 8.86185e-08 0.0822823 0.0506556 0.00199814 6.70581e-08 0.0060957 1.03388e-07 0.00547709 4.45244e-11 0.200211 1.35131e-06 4.30517e-08 0.403468 0.0462986 
0.00141527 0.0426215 0.0408895 6.00252e-05 0.032311 0.0980945 0.000740095 0.000438553 0.000350147 0.000107542 4.08983e-05 3.12772e-08 0.00348863 6.45889e-05 2.0894e-05 2.21577e-08 4.02539e-05 0.0509477 0.000249568 0.0357045 6.6193e-06 8.02017e-05 0.544867 0.147461 
0.00176336 0.00502637 0.00159219 0.108093 0.0458109 0.0757385 0.000655326 0.0680285 0.0418107 0.0135457 0.000254538 0.0115912 0.0709876 0.00171502 0.00512274 0.00311473 0.100837 0.0436963 9.86516e-09 0.116229 0.0244755 3.65305e-07 0.251334 0.00857739 
5.95624e-05 0.000709404 2.45261e-05 0.168239 0.000464866 0.00115187 2.81413e-05 0.200606 6.93352e-06 0.000215583 1.49527e-06 7.29677e-12 0.000551779 1.40653e-08 2.58374e-09 3.02347e-08 5.31794e-08 0.00141227 1.74157e-11 0.0344039 0.000309216 2.04985e-07 0.591816 9.11707e-09 
1.20499e-06 0.0286867 1.20478e-06 0.137651 0.117401 1.20542e-06 0.00481925 0.0561693 1.20449e-06 1.20494e-06 0.00229103 1.2045e-06 1.20534e-06 0.00747081 0.000121584 1.20481e-06 1.20533e-06 0.229115 1.20298e-06 0.092339 1.20524e-06 0.0467029 0.229137 0.0480821 
0.000256076 0.000362698 3.02614e-05 0.0521697 0.0124873 0.00138318 7.11736e-05 0.117639 6.07127e-05 0.000385876 7.38957e-05 0.171775 0.00271959 1.36411e-06 8.63838e-06 1.43892e-06 0.00024744 0.0365331 1.06237e-07 0.00425767 0.000481974 1.81668e-05 0.598664 0.000371978 
0.0185386 0.0235549 0.00248584 0.00154946 1.4576e-05 0.0861943 0.000236202 0.000898226 0.00217888 0.0138704 7.6087e-08 2.00225e-07 0.0323595 5.6965e-05 4.15376e-05 0.000206995 0.00451256 0.00510625 4.77892e-07 0.00138072 0.0321645 3.55176e-07 0.757067 0.0175817 
0.0106312 0.018119 5.27428e-05 0.00654873 0.0033461 0.0540361 1.03585e-06 0.0285091 1.742e-06 3.22093e-07 0.000752831 5.35894e-08 9.9816e-06 2.46909e-06 3.45882e-07 1.97538e-07 2.97426e-06 0.175883 6.83409e-10 0.246988 0.0143186 2.3531e-05 0.438073 0.00269938 
0.0207837 0.0205667 0.00495079 0.023247 0.00419898 0.166045 0.00932056 0.0234264 0.00569554 0.000416356 0.00321018 0.0240978 0.00623692 0.00447755 0.00153717 3.99981e-05 0.00375724 0.0284288 5.86003e-05 0.0105669 0.00314449 0.000148253 0.625765 0.0098802 
0.00677951 0.0087961 0.000575967 0.01511 0.00165833 0.0195964 0.000301691 0.204931 0.000543505 7.91487e-05 1.89223e-05 6.07525e-06 0.0247974 0.00019665 2.91662e-06 4.42535e-07 0.000509697 0.00211379 4.80982e-11 0.230072 0.00198688 6.63241e-07 0.479518 0.00240535 
0.0156462 0.0107531 0.0394128 0.00902458 0.0300662 0.208703 0.000285162 0.00514498 0.00176369 0.00271586 0.00208152 0.00138281 0.0434529 0.0151635 0.000493752 0.100945 0.0165476 0.00520534 4.81832e-08 0.0363255 0.0652526 0.000110795 0.312924 0.076599 
0.0511082 0.00644688 0.0298115 0.0192631 0.00699569 0.22622 0.00284414 0.0175438 0.00283243 0.00166229 6.45274e-05 0.000406792 0.0323017 0.000190545 1.14161e-07 0.000193204 0.000945576 0.0318222 7.0638e-06 0.0315312 0.0396523 1.72245e-05 0.340909 0.157231 
0.00356685 0.0175595 0.00896375 0.0133952 0.0982183 0.10372 0.00831051 0.0088856 0.000644004 0.000802552 9.19847e-05 0.000116581 0.019793 0.0063042 0.000156772 0.00135101 0.00775074 0.128191 3.12424e-10 0.106061 0.00729372 3.00925e-05 0.45086 0.00793314 
0.0718576 0.00346981 0.00336115 0.0386054 0.00642675 0.024279 0.000628924 0.282144 0.0163167 0.001941 0.000186111 0.0125689 0.0025632 0.00281246 6.08247e-05 2.64817e-08 0.00258615 0.0534501 1.19498e-09 0.0282372 0.0241476 0.000216058 0.400951 0.02319 
0.00793238 0.00488465 0.00209654 0.00478317 0.00950968 0.214084 0.000114423 0.00699185 0.0124726 0.0020036 0.000119699 9.70959e-07 0.00554178 0.100485 0.00874898 0.100362 0.0949637 0.00230703 4.38242e-08 0.00433931 0.0179349 3.97619e-08 0.257316 0.143007 
0.00834793 0.0650259 0.0512398 0.000245375 0.00213393 0.191638 0.000160892 0.0118448 2.36679e-05 0.0108994 3.93146e-06 5.83228e-05 0.00551918 2.47332e-05 6.59171e-05 0.00195757 0.000264887 0.00793555 6.21016e-07 0.0120662 0.030501 4.61549e-07 0.595411 0.00463043 
0.0223213 0.0262154 0.00325858 0.0339638 0.0355392 0.0213765 0.00180981 0.150373 0.01521 0.00585051 0.00124934 0.0181234 0.0253775 0.00168618 0.0123671 0.00197567 0.0042849 0.0593453 1.1743e-05 0.0599405 0.0192971 6.27531e-05 0.383248 0.0971126 
0.00211279 0.0274631 0.00713939 0.00793076 0.0249236 0.101349 0.00459728 0.0138136 0.0213704 0.00202584 0.00223725 0.0129954 0.0772884 0.000564861 0.00192066 0.00896814 0.0138464 0.0360293 3.24062e-07 0.0958262 0.00415246 1.20832e-05 0.361618 0.171814 
0.00420365 0.0753432 0.00080022 0.172738 5.22006e-05 0.14737 0.000103874 0.0378544 2.45251e-06 0.00012675 2.88725e-05 3.38422e-08 0.0966157 0.000737913 0.000222673 2.39748e-08 0.000435723 0.00232587 5.69403e-05 0.0877397 0.00907414 1.54839e-07 0.364055 0.000112324 
0.00867479 0.0184863 0.00182093 0.0350338 0.0582814 0.103783 0.000214472 0.000517721 2.63956e-05 0.000922709 0.00209365 0.0581686 0.128137 0.00133176 1.4007e-07 0.017101 0.00687573 0.0145628 2.04698e-07 0.0793784 0.0205437 1.52134e-07 0.440717 0.0033279 
0.00120646 0.0398449 0.000763917 0.153515 0.035947 0.0866651 0.014777 0.00679268 6.88094e-06 0.0264947 2.78898e-07 1.49301e-06 0.0053923 3.7624e-08 1.55365e-09 4.62244e-07 0.0292803 0.0307378 2.2705e-09 0.00983598 0.0107223 4.38283e-07 0.28264 0.265375 
0.00270901 0.00817215 0.0153551 0.0594748 0.175903 0.142985 0.000815377 0.012429 3.81808e-05 0.00573561 0.000446094 0.00128184 0.0332257 0.00687126 0.000169229 0.00219882 0.0168379 0.0179031 2.35939e-06 0.139168 0.0250555 4.63591e-06 0.331862 0.00135729 
1.39935e-06 0.0123334 0.0164727 8.9236e-05 0.0169558 0.0646872 1.36761e-09 0.000109125 0.00133107 0.000168014 1.24999e-05 1.3829e-09 0.0219359 0.000324065 0.000382797 0.0271623 0.00470867 5.99081e-07 3.30066e-09 0.00690939 0.00718314 4.44778e-08 0.806545 0.0126878 
0.00204443 0.0371449 0.01155 0.00705182 1.77018e-10 0.0124601 0.00169007 0.000104007 3.24903e-05 4.04927e-05 6.98995e-05 5.00523e-07 0.00369569 0.11552 1.245e-09 0.00116542 3.18292e-07 7.41736e-07 0.00197431 0.000351757 0.0251023 1.26636e-07 0.761836 0.0181647 
0.00170582 0.0132328 0.000283 0.217379 0.0132097 0.0195186 0.000266283 0.271384 0.000515606 0.000868709 0.000233845 0.000773301 0.0431064 0.0137089 1.10179e-05 0.000433875 0.000144634 0.00417242 7.17552e-06 0.0195675 0.00368052 4.08047e-06 0.368784 0.00700926 
0.00276805 0.175999 0.0024966 0.0135759 0.0206229 0.0217559 0.00569904 0.0537236 0.00252678 0.00445619 0.000141476 0.000104587 0.0456768 0.0097627 5.18424e-05 0.00533556 0.0103165 0.00837107 6.37897e-05 0.128328 0.0192875 2.39286e-05 0.461628 0.00728432 
0.00995006 0.00254453 0.00266044 0.0262743 0.0156258 0.182436 0.0028599 0.149784 0.000261227 0.00647272 2.73676e-05 0.00949086 0.00587282 0.000463137 2.62276e-05 3.96891e-05 0.0775979 0.00998975 1.18679e-10 0.018169 0.0441152 1.40692e-06 0.365152 0.0701856 
0.000901383 0.0122855 0.00475954 0.0568532 0.0255748 0.0602728 0.000157671 0.0446416 0.000126923 0.00356904 2.82546e-05 1.85746e-06 0.0813743 0.00658497 1.16544e-05 0.000214693 0.00024899 0.0049383 8.38249e-12 0.321897 0.0353561 6.64925e-07 0.332136 0.00806531 
0.00491671 0.0541644 0.0141711 0.0172951 0.0915108 0.0601281 0.000746245 0.00720957 0.000962986 0.00375003 9.3932e-05 0.000145449 0.0726435 0.021144 0.000534411 0.0666369 0.000177038 0.0606318 7.85422e-05 0.0988471 0.0477728 2.94968e-05 0.367465 0.00894538 
0.00129587 0.0295147 0.00117683 0.0304644 0.0620589 0.0685644 0.0382177 0.0508411 0.0110147 0.0113165 0.0105469 0.186574 0.0385225 0.00159981 0.000405191 0.0302037 0.00584039 0.032273 2.57845e-08 0.12421 0.00644685 0.000109636 0.221015 0.0377879 
2.03342e-06 0.0792365 0.00272423 0.0107357 0.0371854 0.026867 0.000489285 0.000552309 0.286797 0.0964007 5.72039e-07 0.000516322 0.0362793 0.0127502 0.0468791 0.00128608 7.53652e-07 0.00640336 1.67622e-06 0.00560373 0.00665941 6.41109e-06 0.338365 0.00425786 
0.0218593 0.0145589 0.00345969 0.0463112 0.0954629 0.0337771 0.00141309 0.0641984 0.0024135 0.000603337 0.000260898 0.0896506 0.100231 0.0175454 9.21755e-06 0.000941985 0.0155264 0.0271952 4.00477e-08 0.121685 0.00728055 4.59507e-06 0.330852 0.00475831 
1.7555e-06 0.000248892 2.369e-06 0.00050741 1.50081e-05 0.00498428 0.000801797 7.70042e-07 3.21708e-05 4.86113e-05 1.21927e-06 3.20855e-06 0.00303329 0.000310416 8.99031e-06 0.000538614 7.66457e-07 0.000226573 7.65807e-06 0.0312424 1.35913e-05 5.69159e-06 0.939684 0.0182804 
0.00162848 0.00123773 0.0573121 0.00920611 2.76936e-09 0.144306 1.026e-06 0.00935375 1.11824e-06 0.00134639 4.13153e-09 2.34694e-08 0.00104499 0.295795 1.37516e-06 1.26607e-07 0.00011044 4.48019e-09 9.11922e-10 0.000431932 0.0677685 6.77755e-10 0.410171 0.000283829 
0.000217982 0.000472032 6.28507e-12 0.275302 0.000644353 0.00548033 0.000101147 0.213797 1.15481e-05 0.000929586 5.69938e-06 8.51243e-12 1.49064e-07 3.2388e-08 3.53644e-09 6.03046e-12 1.21992e-06 0.0278867 2.03172e-11 0.0066963 0.00011447 7.24186e-09 0.468339 4.29521e-12 
4.46319e-07 0.00763429 4.4624e-07 0.00808113 0.0766998 0.0100015 0.000446586 0.0535288 4.46131e-07 4.46298e-07 0.000357555 4.46137e-07 0.132596 4.46239e-07 0.00405795 0.00499849 0.00357198 0.0720954 4.45572e-07 0.0576871 0.00441991 0.000892089 0.562928 4.46335e-07 
1.41484e-06 0.00161773 2.26561e-08 3.78462e-07 0.000529575 0.000813125 2.57697e-09 0.00193839 0.292947 0.000106599 5.70569e-06 1.2381e-06 0.0492915 0.00164938 4.2558e-09 0.0730016 1.23334e-06 1.26426e-06 6.21941e-09 0.0250646 1.97028e-06 4.62236e-09 0.312446 0.240581 
0.0304518 0.0346418 0.0171572 0.110587 0.0195582 0.0278343 0.000546438 0.0453562 0.038475 0.00810994 0.00109404 0.00161426 0.0365055 0.00371822 3.02606e-06 0.000100944 0.00290955 0.0206909 1.89273e-06 0.0801898 0.0110136 0.000173122 0.499567 0.00969987 
0.0141768 0.0147467 0.00329874 0.00547725 0.0280513 0.0309484 0.000202937 0.137704 0.00394709 0.00434322 3.98445e-05 0.0212601 0.0711346 0.0559828 0.00018268 0.0017037 0.0774977 0.0011162 6.58566e-07 0.192414 0.0402573 1.71368e-05 0.264203 0.0312936 
0.00832824 0.053109 0.00110677 0.0427008 0.17424 0.0406217 0.00792022 0.0674745 0.00301681 0.0025607 0.00706655 0.00262921 0.0429734 0.0037341 0.000678372 0.00224869 0.0225638 0.0470916 1.15866e-06 0.162749 0.0236261 0.00013445 0.276264 0.00716087 
0.00166309 0.0336532 0.0013265 0.224632 0.0120214 0.0939578 0.0105564 0.0272636 0.00478034 0.0207892 0.00047231 0.00017443 0.0117227 0.0226739 0.000296717 0.00375411 0.038354 0.0151465 6.21146e-05 0.0980999 0.00878549 1.18418e-05 0.337554 0.0322477 
2.05187e-07 0.0454803 0.0173766 0.0208533 0.0273184 0.107352 0.00166156 0.071918 0.00252295 0.00880235 0.00252439 2.05104e-07 0.0469608 0.0314087 0.00608826 0.0124943 0.129181 0.0152487 0.000594256 0.124412 0.0143868 2.04959e-07 0.239709 0.0737062 
0.0130269 0.00277667 0.00118277 0.00767837 0.00480049 0.0998229 0.00232573 0.00736975 0.00013991 2.26248e-05 4.5449e-05 5.57144e-06 0.0331174 0.000344545 0.00013293 4.14177e-10 0.00035844 0.0105835 1.3954e-09 0.33239 0.000958445 8.76292e-05 0.334541 0.14829 
0.0680783 0.00108995 0.0098308 0.0044863 0.0019165 0.281417 0.00409053 0.0225627 0.00103232 3.51662e-08 7.23223e-06 2.07807e-06 0.00161444 0.00053294 1.83543e-07 1.51356e-08 0.00768755 0.000387167 3.58911e-08 0.0779505 0.132119 4.64496e-09 0.291116 0.0940779 
0.00888755 0.00324846 0.00413156 0.0385194 0.0383616 0.105327 0.00242143 0.113121 2.56407e-06 0.000247248 1.22916e-05 0.000663547 0.0794044 2.65701e-05 5.39992e-06 7.13708e-05 0.0325864 0.012256 2.89197e-08 0.178708 0.053483 1.33742e-05 0.327992 0.000509692 
0.0394909 0.000471019 0.00248983 0.0221284 0.00210921 0.00987807 3.88894e-06 0.226285 8.2506e-08 2.09647e-06 1.38656e-08 0.000109757 0.139226 0.00243578 2.85216e-05 0.00390225 0.000619129 0.00107391 4.2431e-08 0.111918 0.158406 2.30446e-10 0.277168 0.00225426 
0.000886151 0.000263155 0.00108499 0.0063657 0.00251744 0.0655638 0.0179656 0.0399156 0.0126709 0.0114682 0.000156897 0.00280918 0.174622 0.000133303 1.10529e-07 4.94704e-07 0.000382621 0.0892046 1.28949e-08 0.122669 8.27503e-05 7.93512e-08 0.355011 0.0962262 
0.000308633 0.0161378 0.000543135 0.209055 0.00260231 0.00328553 9.04525e-05 0.113688 9.98008e-06 0.00919701 0.00578695 9.03709e-08 0.00543683 0.00224193 0.163924 0.000334108 2.55337e-08 0.00280157 6.24648e-08 0.0368434 0.00319933 1.51468e-07 0.42429 0.000222924 
5.1003e-05 0.0129075 7.61533e-06 7.3942e-07 0.0807558 8.27263e-06 3.12693e-06 1.56301e-05 0.00570632 2.03736e-07 0.00047797 0.00483156 0.225787 5.96915e-08 1.18711e-10 5.14925e-11 1.40469e-06 3.30836e-06 1.73483e-10 0.025883 2.30726e-11 1.28935e-10 0.643549 1.05443e-05 
1.13016e-05 0.0258703 1.31144e-05 0.0708958 5.28547e-06 0.0158288 2.62685e-09 6.37484e-10 0.0149526 1.58378e-09 0.00219912 2.65622e-09 5.94293e-10 1.47205e-05 4.33817e-09 0.0104989 0.00148302 1.85584e-06 6.33978e-09 1.23707e-05 8.43167e-10 4.71182e-09 0.5011 0.357113 
0.00767728 0.0027286 0.00211195 0.156806 0.00360659 0.018915 5.46154e-05 0.0703147 2.45766e-05 0.00440709 9.06849e-05 0.00965076 0.00781735 0.000115715 2.02965e-05 0.000289437 0.00472359 0.00819754 5.82467e-10 0.0935442 0.0152191 5.87902e-05 0.589879 0.00374733 
0.00188155 0.0165071 0.0122602 0.0259128 0.0511255 0.0783709 0.00358782 0.0211882 0.000594178 0.00388487 0.00780564 0.00586887 0.0222117 0.00345074 6.41578e-05 0.00278589 0.0140701 0.0448436 9.9837e-05 0.269836 0.0120784 0.0059547 0.363215 0.0324026 
0.00126044 0.0185694 0.00636647 0.00723934 0.0104701 0.111353 0.00130795 0.00190966 3.55958e-05 0.0354223 0.000314545 0.000774017 0.00427352 0.00672725 0.000457582 0.00747142 0.0455644 0.0586146 5.21904e-07 0.0258334 0.00712774 0.000390097 0.454284 0.194233 
0.024167 0.019942 0.00227189 0.0316442 0.0090022 0.0872512 0.00921523 0.028671 1.77545e-08 0.00151851 2.94463e-05 3.1865e-08 0.010863 0.0144063 0.000639589 0.00101294 0.00830655 0.0317608 6.98297e-07 0.0606053 0.0368616 5.84859e-09 0.610031 0.0117991 
0.00160555 0.19307 0.121527 0.0174641 0.00274532 0.0758314 0.00549415 0.00198486 0.133777 0.000597953 0.00466068 9.71224e-05 0.00441193 2.77356e-05 7.27212e-08 1.41643e-05 0.0056377 0.00328653 1.06274e-07 0.00152354 0.0115749 0.00164704 0.384239 0.0287821 
0.0195731 0.027205 0.176912 0.0557799 0.022975 0.161848 0.0206393 0.0260858 0.00148629 0.0129398 0.00412934 0.00151085 0.0143373 0.00760204 0.000287347 0.0020965 0.00212253 0.0217135 6.25984e-07 0.0708948 0.0417532 4.83377e-05 0.197501 0.110558 
0.00259809 0.0277623 0.00664921 0.0342358 0.0367594 0.16707 0.000622964 0.0586696 9.69271e-05 0.0203292 0.00035933 0.0336389 0.00631445 0.0188699 0.000101918 0.024215 0.00757682 0.0621657 4.70536e-07 0.0236998 0.0226707 7.28902e-05 0.376997 0.0685236 
0.0467297 0.00553438 0.0351079 0.140324 0.00302247 0.105498 0.000167957 0.1326 0.00368931 0.00655973 5.84035e-05 0.000235238 0.0381175 0.094282 3.9e-05 9.44759e-05 0.00816686 0.00632656 6.65351e-05 0.0285087 0.120685 5.63571e-08 0.216048 0.00813792 
0.00816465 0.0649548 0.0373183 0.172295 0.0108233 0.0596739 0.00181391 0.0900478 0.00402872 0.00961825 0.0176346 0.00171732 0.0225937 0.00801699 0.000177018 0.008449 0.00256407 0.0216107 3.79195e-07 0.161094 0.042957 1.87426e-05 0.24318 0.0112479 
0.0022223 0.0416601 0.00323291 0.166611 0.0208134 0.0335906 0.000652935 0.241328 0.000107084 0.0140765 0.00798294 0.0408357 0.0182869 0.000952941 0.000413042 0.000811337 0.00241842 0.0288599 2.58689e-06 0.0841929 0.0328457 1.1259e-05 0.255273 0.00281921 
0.00219381 0.0267768 0.0256032 0.0181363 0.176567 0.00242402 0.000790707 0.0178209 4.28855e-05 0.0067415 0.00890105 0.00317805 0.210716 0.0092274 1.09363e-05 0.00373068 0.00347659 0.00706588 8.06734e-05 0.0835864 0.0996602 1.51882e-05 0.293191 6.31744e-05 
0.00778834 0.0014275 0.000381044 0.00573045 0.0051595 0.0204139 0.000433105 0.0401311 2.10705e-05 3.33794e-05 1.64997e-05 1.22354e-08 0.0439886 4.97314e-06 8.3356e-06 1.02624e-12 6.49109e-05 0.00917856 3.4575e-12 0.351132 0.000285678 2.93926e-06 0.512933 0.000864357 
8.30847e-05 0.0294707 0.00506123 0.164775 0.0167552 0.0102445 0.00029481 0.220016 4.73676e-05 0.00425432 2.88858e-05 0.0037469 0.060746 0.00678195 7.11613e-05 0.00321903 0.00545513 0.0108293 0.00170148 0.0668342 0.0198697 1.09485e-06 0.368764 0.000949298 
0.0014981 0.00166509 0.00270225 0.201905 0.000633022 0.0193907 0.0129545 0.0564173 7.46734e-05 0.000216518 5.70177e-05 0.0107087 0.00559203 0.00028204 5.44801e-07 9.07828e-07 1.9569e-07 0.000488684 3.89463e-09 5.93096e-06 0.00212485 0.000507047 0.677513 0.00526216 
0.00767778 0.00197317 0.000381438 0.00153082 0.0055929 0.00551591 0.00067771 0.0659932 4.21327e-05 2.89418e-05 1.06851e-05 1.88036e-08 0.0322481 5.83124e-09 7.54878e-09 1.05282e-12 1.20321e-08 0.0109143 3.54706e-12 0.383044 9.54584e-06 2.6609e-09 0.483605 0.000754576 
0.00639149 0.00573264 0.00536257 0.0729556 0.00534091 0.239187 0.000116827 0.0467105 0.000121897 0.00310737 5.74916e-06 6.55716e-06 0.0117879 0.196037 1.1131e-05 0.000400353 0.0222261 0.00447684 8.63291e-09 0.0640497 0.0188781 3.10914e-07 0.29701 8.2782e-05 
0.00843006 0.0374544 0.00384058 0.0631947 0.123885 0.0455035 0.00801892 0.109277 0.00137942 0.00348242 0.00374593 0.0165632 0.0221861 0.00362779 0.000762387 0.00161555 0.00481496 0.155467 6.27842e-06 0.12634 0.0156242 4.63797e-05 0.188101 0.0566326 
0.00156044 0.0414565 0.0117556 0.0150249 0.173129 0.0288307 0.00290667 0.0184098 1.04289e-05 0.000421002 7.97134e-06 0.000529099 0.0972494 0.005034 0.000912213 0.0109942 5.62291e-05 0.0300099 3.65462e-10 0.113084 0.0532426 9.13081e-06 0.35434 0.0410266 
0.00537977 0.00345218 0.000181954 0.110303 0.00437015 0.0199099 0.000125239 0.288109 6.14768e-05 0.0109359 0.000160523 0.000124054 0.00634429 0.000504645 9.01835e-06 3.67714e-06 0.0421535 0.0382165 3.36808e-11 0.0549133 0.0121053 6.03285e-06 0.400814 0.00181604 
0.00169722 0.0527111 0.0202524 0.0469928 0.0797261 0.0231328 0.0502751 0.0522871 0.0124462 0.000144718 0.0165556 0.0481603 0.0159003 0.00642653 0.0153213 0.000344575 0.0146331 0.0511999 9.09575e-11 0.0543507 0.0199838 9.9382e-06 0.412225 0.00522343 
5.95624e-05 0.000709404 2.45261e-05 0.168239 0.000464866 0.00115187 2.81413e-05 0.200606 6.93352e-06 0.000215583 1.49527e-06 7.29677e-12 0.000551779 1.40653e-08 2.58374e-09 3.02347e-08 5.31794e-08 0.00141227 1.74157e-11 0.0344039 0.000309216 2.04985e-07 0.591816 9.11707e-09 
0.00128333 0.0126979 0.0123467 0.059193 0.0459428 0.0919404 0.000548637 0.0328122 0.00378521 0.00514495 3.6206e-05 0.00249014 0.0384472 0.00186958 7.90058e-05 5.44641e-07 0.000960143 0.00573675 8.40281e-11 0.0969098 0.0841041 2.6491e-08 0.478762 0.0249096 
4.83106e-06 2.54477e-05 0.347609 1.62052e-05 2.06999e-05 0.127213 4.3639e-09 6.56704e-06 1.11263e-05 1.21056e-05 1.67685e-09 4.41269e-09 9.08393e-06 1.5802e-05 7.20686e-09 0.0622299 1.0541e-09 1.43873e-09 1.05321e-08 5.31987e-10 1.61098e-05 7.90587e-07 0.46277 3.91896e-05 
0.00657704 0.0118403 0.00303969 0.0203355 0.023289 0.0499478 0.000121081 0.00698212 2.40183e-05 0.00142806 1.05057e-05 0.073369 0.0467938 0.0219266 0.000599018 0.00332408 0.000909778 0.0170645 1.99608e-05 0.0949478 0.017721 0.00103707 0.598572 0.000119972 
0.000259834 0.114424 0.000201548 0.236541 0.0511152 0.00756657 0.00112099 0.0532356 4.03421e-05 0.00720763 1.43016e-08 0.000186681 0.0290132 0.00147734 0.00965406 3.07723e-07 0.00119441 0.0232394 4.2323e-06 0.129535 0.00181736 7.5456e-08 0.332155 9.59343e-06 
0.000140503 0.0194622 0.00580668 2.276e-06 0.107521 0.0882857 9.37554e-05 3.98038e-06 4.74343e-05 0.000828847 5.76703e-09 2.78792e-05 0.00548018 0.00628248 5.90864e-06 0.000124371 0.00295851 0.0787233 3.62219e-08 0.0230056 0.00168504 0.000169229 0.56466 0.0946849 
0.0750973 0.062036 3.73535e-06 3.73708e-06 3.73706e-06 0.142396 0.0634904 0.0512011 3.73443e-06 3.73583e-06 0.0112134 3.73448e-06 0.00897274 0.0239099 3.73232e-06 3.73545e-06 3.73704e-06 0.0489551 3.72976e-06 3.73745e-06 3.73678e-06 0.00373558 0.30794 0.201008 
0.0721757 0.0140475 0.00925513 0.0135904 0.00755697 0.217247 0.00832264 0.0304953 0.000141709 0.00303424 6.84036e-06 0.000169363 0.025449 0.00395792 2.17728e-05 0.00439947 0.0804143 0.0221483 5.00389e-07 0.0384462 0.188364 1.48779e-06 0.250773 0.00998106 
0.0121933 0.00765877 0.00166755 0.0247301 0.00742849 0.126278 7.85199e-05 0.0370416 0.00206135 0.0098887 4.67598e-05 0.00134857 0.0106088 0.171359 0.000176255 0.00165115 0.0260295 0.00525802 3.34915e-06 0.0178609 0.0166723 1.79443e-07 0.512636 0.00732188 
