0.000347853 0.0010066 0.00264122 4.73152e-11 0.9098 0.0170355 3.67223e-05 5.03452e-05 0.00132441 9.10927e-08 1.69109e-05 0.000173932 0.0150898 0.00182295 1.69071e-07 0.00104781 0.000113063 0.00265373 1.0916e-07 0.0156907 0.000547555 9.35536e-08 0.0119729 0.0186277 
0.0283774 0.00265726 4.89376e-07 4.86086e-12 0.0698308 0.321843 0.0807228 0.0407278 0.00320151 1.53248e-06 8.99014e-08 2.13114e-11 0.0655848 4.92939e-08 3.48061e-11 1.50976e-11 5.09086e-12 0.347365 5.08655e-11 7.42265e-07 0.00715533 6.11294e-06 4.9979e-07 0.0325241 
0.00470759 0.0274968 0.0127672 6.3715e-08 0.0203168 0.0272863 0.0196973 0.0300416 0.0305852 0.00379774 0.00286624 0.00407871 0.0237999 0.0130854 0.000274195 0.00752028 0.00336325 0.0889843 6.66733e-07 0.0445418 0.489901 0.00584771 0.0532422 0.0857978 
0.00114347 0.07096 0.400893 1.37786e-07 0.000644311 0.0261584 4.73907e-05 0.00188384 0.000445391 0.00421905 3.53202e-05 0.000988145 0.00267778 0.0137889 1.63692e-06 0.0208679 0.000136782 0.0154485 1.44184e-06 0.0037886 0.00121649 1.49625e-05 0.0775384 0.3571 
2.3969e-06 1.07447e-06 5.66889e-06 1.10911e-10 8.24744e-05 0.0474154 1.64985e-06 1.16702e-10 0.000442664 2.89937e-10 0.00179714 4.86266e-10 6.02829e-05 3.62705e-10 7.94176e-10 4.34122e-07 3.26406e-07 0.000528194 1.1606e-09 2.15837e-07 2.50136e-05 0.00420275 0.000650693 0.944784 
0.000347853 0.0010066 0.00264122 4.73152e-11 0.9098 0.0170355 3.67223e-05 5.03452e-05 0.00132441 9.10927e-08 1.69109e-05 0.000173932 0.0150898 0.00182295 1.69071e-07 0.00104781 0.000113063 0.00265373 1.0916e-07 0.0156907 0.000547555 9.35536e-08 0.0119729 0.0186277 
0.000362468 0.000635036 0.0679619 1.276e-11 0.72522 0.0472249 0.00347709 0.000746687 0.000309651 1.02036e-06 5.38809e-09 2.15431e-07 0.00862664 7.55878e-07 9.13676e-11 0.00564558 0.00162297 0.012931 1.33524e-10 0.0827954 0.011968 9.92371e-11 0.0275896 0.00288066 
0.000484684 0.00127338 0.00687556 5.13734e-11 0.885237 0.0220335 6.12782e-05 0.000123944 0.00177723 3.02796e-06 2.48382e-05 0.000294239 0.0163959 0.00213608 4.66046e-06 0.00130184 0.000123736 0.00341275 1.37765e-06 0.0223123 0.000741147 1.35015e-06 0.013953 0.0214271 
0.000502245 0.0591599 0.00166698 3.21177e-07 0.0218242 0.0743343 0.000161126 0.000386835 0.00167574 0.000558767 0.000808733 0.00097779 0.00175422 0.000430138 0.000173377 0.0426119 5.10201e-06 0.000941106 1.25588e-06 0.0158366 0.0264765 3.64063e-05 0.288954 0.460723 
0.000347853 0.0010066 0.00264122 4.73152e-11 0.9098 0.0170355 3.67223e-05 5.03452e-05 0.00132441 9.10927e-08 1.69109e-05 0.000173932 0.0150898 0.00182295 1.69071e-07 0.00104781 0.000113063 0.00265373 1.0916e-07 0.0156907 0.000547555 9.35536e-08 0.0119729 0.0186277 
0.00042726 0.0109709 4.48974e-07 1.98339e-11 0.00588785 0.126864 1.0192e-06 0.0832299 0.00104883 2.04603e-07 6.95936e-08 8.22623e-07 0.0415113 0.00424856 6.36479e-07 0.00189456 6.96601e-08 0.0108588 2.07548e-10 0.0621444 0.448366 1.54253e-10 0.200717 0.00182834 
0.000502245 0.0591599 0.00166698 3.21177e-07 0.0218242 0.0743343 0.000161126 0.000386835 0.00167574 0.000558767 0.000808733 0.00097779 0.00175422 0.000430138 0.000173377 0.0426119 5.10201e-06 0.000941106 1.25588e-06 0.0158366 0.0264765 3.64063e-05 0.288954 0.460723 
0.00042726 0.0109709 4.48974e-07 1.98339e-11 0.00588785 0.126864 1.0192e-06 0.0832299 0.00104883 2.04603e-07 6.95936e-08 8.22623e-07 0.0415113 0.00424856 6.36479e-07 0.00189456 6.96601e-08 0.0108588 2.07548e-10 0.0621444 0.448366 1.54253e-10 0.200717 0.00182834 
0.000347853 0.0010066 0.00264122 4.73152e-11 0.9098 0.0170355 3.67223e-05 5.03452e-05 0.00132441 9.10927e-08 1.69109e-05 0.000173932 0.0150898 0.00182295 1.69071e-07 0.00104781 0.000113063 0.00265373 1.0916e-07 0.0156907 0.000547555 9.35536e-08 0.0119729 0.0186277 
0.000347853 0.0010066 0.00264122 4.73152e-11 0.9098 0.0170355 3.67223e-05 5.03452e-05 0.00132441 9.10927e-08 1.69109e-05 0.000173932 0.0150898 0.00182295 1.69071e-07 0.00104781 0.000113063 0.00265373 1.0916e-07 0.0156907 0.000547555 9.35536e-08 0.0119729 0.0186277 
0.000347853 0.0010066 0.00264122 4.73152e-11 0.9098 0.0170355 3.67223e-05 5.03452e-05 0.00132441 9.10927e-08 1.69109e-05 0.000173932 0.0150898 0.00182295 1.69071e-07 0.00104781 0.000113063 0.00265373 1.0916e-07 0.0156907 0.000547555 9.35536e-08 0.0119729 0.0186277 
0.000588822 1.22255e-06 1.26154e-08 4.75e-11 0.0157675 0.0984534 1.07743e-08 3.24551e-08 4.74261e-07 1.51307e-07 0.000848075 2.08254e-10 0.0113169 0.00232238 1.49574e-06 7.48588e-07 1.95216e-07 0.012194 0.000173888 1.01644e-05 3.54146e-06 0.000656767 1.66482e-05 0.857644 
3.36524e-05 0.0140538 2.64608e-06 4.02755e-08 0.0544884 7.93063e-05 1.74627e-07 4.23786e-08 6.65959e-05 1.05286e-07 3.63209e-05 1.7658e-07 0.000131467 0.000160009 2.71872e-05 7.20526e-05 4.21813e-08 0.000316667 4.21455e-07 2.38482e-05 1.84427e-05 2.44894e-05 0.0411646 0.889299 
0.0233373 0.0626055 2.47957e-06 7.65984e-07 0.135383 0.0153716 0.019266 8.05981e-07 0.410695 0.00761109 1.27618e-06 0.0218323 0.0146525 0.0355726 5.48482e-06 2.37912e-06 8.02228e-07 0.0153305 8.01548e-06 0.0901651 1.06603e-06 5.95723e-06 0.0602006 0.0879478 
0.00196003 0.00854198 0.000576988 1.63058e-10 0.0089742 0.0186556 0.921205 0.000236012 0.0240832 0.000114179 9.42331e-06 7.14895e-10 0.00467394 1.02658e-06 1.16758e-09 6.19821e-07 1.00925e-07 0.00104955 1.70629e-09 0.000482676 0.00227143 2.29688e-06 0.00426625 0.00289508 
9.01186e-05 0.000166098 2.10423e-06 8.50819e-08 0.004388 0.0124439 3.689e-07 4.84515e-06 0.000502594 2.22417e-07 0.0037892 0.000992258 0.00564846 5.75516e-05 6.09228e-07 2.64261e-07 8.91078e-08 0.00395838 8.90323e-07 3.43584e-07 1.1841e-07 6.61702e-07 1.87334e-05 0.967934 
8.54347e-11 7.93159e-07 5.82569e-07 3.56158e-11 5.25707e-07 0.00934824 1.00643e-06 3.74755e-11 2.12305e-05 0.000128309 7.50463e-06 6.87531e-08 1.06988e-08 4.60614e-07 2.55026e-10 0.027496 0.00011726 1.06615e-06 3.72694e-10 5.54107e-07 4.95669e-11 2.76992e-10 1.48593e-06 0.962875 
0.000415624 0.991169 0.000885191 3.3065e-09 0.000553434 0.000496643 0.000103237 0.000142997 4.67831e-05 8.64367e-09 3.96691e-05 1.44967e-08 0.000654203 0.00051471 5.44789e-05 0.000584368 0.000629569 0.000178669 0.00231825 4.42184e-05 0.000302336 8.23147e-05 0.000279733 0.000504724 
0.00268486 2.92161e-06 2.09539e-09 6.47305e-10 2.3324e-06 6.85249e-06 2.8066e-09 5.93381e-07 2.86117e-09 1.69215e-09 7.41564e-05 1.31776e-06 3.69146e-06 2.2312e-06 4.63502e-09 0.0407979 4.72022e-06 1.57127e-05 6.77359e-09 4.62891e-07 5.01249e-06 6.31574e-06 0.00389333 0.952498 
0.0344123 0.00147971 0.0202921 1.05039e-07 0.0178009 0.675057 0.0716241 0.000187542 1.69596e-05 8.10475e-06 3.89734e-06 7.02668e-06 0.0154891 0.00170023 1.383e-05 0.000964327 3.50955e-06 0.00131385 1.09915e-06 0.00472179 0.00686373 7.16108e-06 0.117045 0.0309871 
0.00305093 0.0229525 0.0916286 5.60238e-11 0.0340484 0.0582 0.0124478 0.00728915 0.0464024 1.20799e-07 0.00130192 0.00841549 0.0177021 0.00202032 2.8383e-05 0.00498385 0.000138067 0.0373458 2.15381e-07 0.00478373 0.051596 1.84633e-07 0.391488 0.204176 
0.000347853 0.0010066 0.00264122 4.73152e-11 0.9098 0.0170355 3.67223e-05 5.03452e-05 0.00132441 9.10927e-08 1.69109e-05 0.000173932 0.0150898 0.00182295 1.69071e-07 0.00104781 0.000113063 0.00265373 1.0916e-07 0.0156907 0.000547555 9.35536e-08 0.0119729 0.0186277 
0.00056096 0.000432995 0.000212697 1.72753e-07 0.0311639 0.00647506 0.000527905 1.81774e-07 0.000268363 2.20254e-05 0.000173778 7.57401e-07 0.00569039 0.00286897 0.000702028 0.000189352 0.00748538 0.0407002 1.80774e-06 0.032248 0.00048566 7.84644e-05 0.0544282 0.815283 
4.98394e-05 0.0259644 0.00575416 4.01896e-08 0.00165327 0.0158174 0.00327562 0.0537568 0.00325363 0.0395419 0.000138798 1.20934e-06 0.00189917 0.000278322 2.87777e-07 0.0538485 6.22345e-05 0.00777236 4.20556e-07 0.0108708 0.0308708 2.41371e-05 0.0714214 0.673744 
5.50158e-05 1.26887e-07 1.42119e-07 4.3346e-12 8.14107e-05 0.00972359 0.000139764 0.00162006 0.000465778 1.13313e-11 6.78294e-09 2.54537e-08 0.00020577 0.670244 1.97455e-07 0.000179759 3.84473e-07 6.33271e-09 4.53586e-11 3.73044e-08 0.000101678 3.37112e-11 0.317 0.00018225 
8.48455e-07 0.00135912 4.21607e-07 1.47986e-11 0.128438 0.0401987 0.000751316 3.08314e-06 6.54117e-11 3.86897e-07 2.46554e-11 7.79224e-08 0.0585251 2.85534e-06 2.75616e-07 4.59646e-06 3.28591e-07 0.397231 1.54857e-10 0.0824768 3.7422e-06 1.15092e-10 0.291002 9.88719e-07 
7.94091e-05 0.000129451 0.00300964 7.04837e-09 7.17598e-09 0.0234239 9.70531e-06 3.28325e-05 6.1053e-07 1.84255e-08 1.1743e-08 3.09021e-08 6.22378e-05 0.221588 5.04698e-08 2.1892e-08 9.82281e-06 1.00755e-08 7.37562e-08 0.00737745 0.00040975 5.48168e-08 0.741724 0.0021425 
0.000347853 0.0010066 0.00264122 4.73152e-11 0.9098 0.0170355 3.67223e-05 5.03452e-05 0.00132441 9.10927e-08 1.69109e-05 0.000173932 0.0150898 0.00182295 1.69071e-07 0.00104781 0.000113063 0.00265373 1.0916e-07 0.0156907 0.000547555 9.35536e-08 0.0119729 0.0186277 
0.00068134 0.0161564 0.00495954 2.41715e-11 0.0140952 0.109362 0.137645 1.1685e-06 5.59937e-07 3.40617e-07 3.13899e-05 1.22625e-05 0.0241262 5.34087e-07 1.7308e-10 1.73659e-06 1.19408e-07 2.41934e-05 2.52938e-10 0.0627883 0.000755035 5.18971e-05 0.393522 0.235785 
0.00137774 0.0386269 0.000996577 4.50543e-07 0.0461041 0.0866155 0.000352173 0.00198263 0.00710654 0.00033016 0.000436274 7.32395e-07 0.035195 0.00911458 3.11756e-05 0.0119904 0.0110425 0.00121314 1.58155e-05 0.0159738 0.0106062 0.00019099 0.16094 0.559756 
0.000150063 0.0138133 2.68089e-05 3.71529e-09 0.297271 0.406128 1.61088e-08 0.000108225 1.64221e-08 6.31268e-05 6.18991e-09 1.62889e-08 0.00345086 1.21499e-08 2.66033e-08 5.83438e-05 4.58415e-06 0.00116048 3.88779e-08 0.0376606 1.34822e-05 4.28043e-06 0.0476496 0.192437 
0.000176203 0.0531616 0.0224508 6.94268e-07 0.00387096 0.082399 0.192765 0.000634994 3.06875e-06 8.13999e-05 1.15669e-06 0.000684244 0.000978902 0.000589664 0.162376 0.377051 6.83221e-05 0.0440541 7.26502e-06 0.00132583 0.000770811 5.39948e-06 0.0319282 0.0246158 
8.56385e-10 0.152487 0.0220181 3.57007e-10 2.25388e-06 1.48578e-06 6.96718e-06 4.17008e-06 2.52641e-06 1.55865e-05 5.94796e-10 1.56523e-09 0.0031405 1.1675e-09 1.28073e-06 1.10885e-09 3.739e-10 2.29701e-06 1.49807e-06 1.8872e-06 4.96851e-10 2.77653e-09 0.801455 0.0208586 
0.000427617 0.00299513 0.0817821 3.49673e-11 0.0643832 0.0258443 0.143039 0.00106754 0.000101211 0.000211227 8.40686e-05 0.000103044 0.435368 2.48457e-07 3.96116e-05 9.70227e-07 5.0721e-05 0.00244454 3.65909e-10 0.20974 0.000651136 3.61022e-06 0.0313359 0.00032632 
0.000292682 0.00698787 2.3992e-05 8.85604e-08 6.82119e-05 0.00291186 2.03917e-05 0.00605705 6.43404e-06 0.00062446 1.47547e-07 3.88275e-07 2.48842e-05 0.154552 6.34136e-07 0.0011277 9.27509e-08 8.11467e-05 9.26723e-07 0.0115025 1.23251e-07 3.50165e-05 0.20846 0.607222 
0.000347853 0.0010066 0.00264122 4.73152e-11 0.9098 0.0170355 3.67223e-05 5.03452e-05 0.00132441 9.10927e-08 1.69109e-05 0.000173932 0.0150898 0.00182295 1.69071e-07 0.00104781 0.000113063 0.00265373 1.0916e-07 0.0156907 0.000547555 9.35536e-08 0.0119729 0.0186277 
0.0344766 0.00138828 0.0102457 3.43801e-11 0.00100586 0.260314 0.000308103 0.00352654 2.7706e-07 6.45415e-05 1.73492e-05 1.50733e-10 0.00122196 5.33436e-06 2.46179e-10 0.00319207 1.25092e-05 0.00123761 3.59764e-10 0.00136556 0.00518066 9.49383e-07 0.388547 0.287889 
9.84468e-05 1.80423e-06 2.52475e-05 4.74603e-09 0.00687371 0.147516 2.18487e-06 2.13336e-06 1.91216e-06 1.24068e-08 7.90719e-09 2.0808e-08 0.000638983 1.81167e-05 0.000198636 0.0117652 2.62734e-07 0.000253274 4.96639e-08 0.00285774 5.60266e-06 3.6911e-08 0.0288246 0.800916 
0.000667252 0.00775282 1.44257e-05 6.85547e-08 0.00128202 0.228944 0.0114743 2.12667e-05 0.00179243 0.0021412 3.44682e-05 1.33065e-05 0.000743141 0.00148344 0.000566325 0.000399879 4.86449e-06 0.0418798 2.95377e-06 0.00202276 7.59384e-05 9.25932e-06 0.017335 0.681339 
0.000460728 0.0189936 0.000125269 6.54902e-07 0.0461557 0.102438 0.000466493 0.00474905 0.00388284 1.28741e-05 1.10143e-05 0.000385653 0.0072716 0.000385234 3.99083e-05 2.05208e-05 0.00026175 0.00327885 1.43716e-06 0.00790512 0.00166927 9.73603e-06 0.0267315 0.774743 
0.00163764 0.185682 4.94257e-06 5.81932e-10 0.175227 0.00851206 4.08196e-06 0.0239332 0.0122969 4.95866e-06 2.50904e-06 2.55136e-09 3.19853e-05 1.90305e-09 4.16692e-09 5.41784e-06 0.00486692 0.202384 6.08951e-09 0.0242106 0.000779829 3.61443e-06 0.0423404 0.318073 
0.00859689 0.0622514 0.00159878 6.33961e-11 0.0419389 0.0138983 0.000850843 0.021983 2.80219e-10 0.00319307 9.03029e-08 1.40068e-06 0.00576896 0.00443558 4.53947e-10 0.00359184 6.23763e-07 0.0601804 6.63396e-10 0.00482599 3.61743e-07 0.00139645 0.152079 0.613408 
1.9229e-07 0.0373625 0.00834877 8.01611e-08 4.14898e-05 0.206691 0.00189102 0.047461 1.08662e-05 0.0341462 0.00118596 3.5145e-07 0.005005 2.29127e-05 5.73993e-07 0.00503976 6.96139e-05 0.0353374 1.85459e-06 0.00419035 0.209938 6.23431e-07 0.0224919 0.380763 
5.98787e-06 0.0715036 0.216422 4.22641e-10 0.0188387 0.00863199 3.61215e-05 8.51074e-07 5.32417e-06 2.32401e-06 0.000513193 0.00372379 0.603665 1.38214e-09 4.93415e-06 1.31271e-09 1.12395e-06 0.00757648 1.37898e-06 2.07156e-06 3.04743e-06 3.28698e-09 0.0139579 0.0551043 
0.00268486 2.92161e-06 2.09539e-09 6.47305e-10 2.3324e-06 6.85249e-06 2.8066e-09 5.93381e-07 2.86117e-09 1.69215e-09 7.41564e-05 1.31776e-06 3.69146e-06 2.2312e-06 4.63502e-09 0.0407979 4.72022e-06 1.57127e-05 6.77359e-09 4.62891e-07 5.01249e-06 6.31574e-06 0.00389333 0.952498 
2.83785e-08 0.000116991 9.96079e-05 1.18303e-08 0.191131 0.000179448 1.03101e-05 1.24481e-08 5.75732e-05 0.000426814 5.52081e-05 5.18678e-08 0.0164207 3.48579e-05 8.47111e-08 2.20836e-05 1.23901e-08 1.69112e-08 1.23796e-07 1.31377e-05 0.000242044 9.20073e-08 0.000528522 0.790661 
0.00226482 2.90606e-05 0.0520553 2.22609e-10 2.2664e-10 0.0129731 9.65194e-10 9.60589e-07 8.0695e-06 1.16445e-06 1.1501e-06 9.75986e-10 9.1933e-06 7.27985e-10 4.79792e-07 6.91417e-10 2.33143e-10 3.18215e-10 0.00186846 0.0332547 4.54182e-05 1.73128e-09 0.840461 0.0570268 
0.000347853 0.0010066 0.00264122 4.73152e-11 0.9098 0.0170355 3.67223e-05 5.03452e-05 0.00132441 9.10927e-08 1.69109e-05 0.000173932 0.0150898 0.00182295 1.69071e-07 0.00104781 0.000113063 0.00265373 1.0916e-07 0.0156907 0.000547555 9.35536e-08 0.0119729 0.0186277 
0.0107715 0.00561661 9.64126e-07 1.48431e-11 0.00121066 0.343483 8.77142e-08 0.000472727 1.52585e-07 9.80853e-08 1.75213e-08 6.50768e-11 1.08417e-07 4.85406e-11 0.00107742 0.00017519 0.000481378 4.06416e-07 1.55323e-10 0.00116698 0.00532127 1.5763e-07 0.060339 0.569882 
0.041372 0.0383227 0.00290958 7.44044e-09 0.000693426 0.128259 0.000217741 1.83404e-06 0.00267 0.00209398 7.32196e-06 0.000246871 0.00191016 0.000563274 2.5589e-05 0.0107619 0.0199563 0.00509809 7.7859e-08 0.000123325 0.00908876 2.567e-05 0.077915 0.657737 
0.000347853 0.0010066 0.00264122 4.73152e-11 0.9098 0.0170355 3.67223e-05 5.03452e-05 0.00132441 9.10927e-08 1.69109e-05 0.000173932 0.0150898 0.00182295 1.69071e-07 0.00104781 0.000113063 0.00265373 1.0916e-07 0.0156907 0.000547555 9.35536e-08 0.0119729 0.0186277 
4.32344e-08 0.00490538 2.33202e-05 1.80234e-08 0.0212583 0.25539 0.0137387 1.89645e-08 7.96658e-08 1.609e-05 2.60802e-06 0.000632919 0.00215363 0.000107326 1.29057e-07 0.151291 1.88763e-08 0.00202031 1.88603e-07 0.0170331 2.50834e-08 5.64731e-06 0.413245 0.118176 
1.62756e-05 0.0113875 0.659711 1.7751e-08 0.000839311 0.0934514 0.0269556 7.46891e-05 2.68812e-06 1.10777e-05 7.36086e-06 3.86784e-05 0.00738981 0.00942665 0.00016655 0.000373535 0.000460507 0.000294186 1.85752e-07 0.00425807 0.0129204 1.07433e-05 0.163386 0.00881859 
0.000347853 0.0010066 0.00264122 4.73152e-11 0.9098 0.0170355 3.67223e-05 5.03452e-05 0.00132441 9.10927e-08 1.69109e-05 0.000173932 0.0150898 0.00182295 1.69071e-07 0.00104781 0.000113063 0.00265373 1.0916e-07 0.0156907 0.000547555 9.35536e-08 0.0119729 0.0186277 
3.26409e-05 0.0111678 5.47279e-05 2.76386e-07 0.000256331 0.00467332 8.07216e-06 1.7439e-05 0.000145482 0.00587568 1.54655e-05 1.21176e-06 0.00305166 9.03847e-07 1.97906e-06 0.0257479 2.89464e-07 0.00469874 2.89219e-06 9.58669e-05 4.83358e-05 5.82138e-06 0.0091854 0.934912 
0.000640636 0.00449184 0.070785 6.06041e-12 0.0624119 0.0275037 0.116133 0.00160074 0.000151436 0.000316493 0.000125899 0.000154269 0.457286 2.83169e-07 5.88693e-05 6.04703e-07 6.27405e-05 0.00366562 6.3418e-11 0.225025 0.000538818 5.31915e-06 0.0285526 0.000488963 
2.19286e-06 0.0158859 0.506137 1.34774e-09 7.41082e-07 0.0276798 0.040524 0.0012971 5.95719e-09 3.5232e-09 2.24542e-09 6.885e-07 4.28201e-06 1.9567e-05 0.205661 4.18604e-09 1.41152e-09 9.19386e-07 1.41032e-08 2.56693e-05 8.05867e-05 1.04817e-08 0.195792 0.0068881 
0.000106151 0.000514591 0.0414172 1.26937e-07 0.00957604 0.14781 0.0229771 6.79396e-05 8.8357e-05 0.000118121 0.000268787 7.48985e-06 0.000296724 0.132793 5.98015e-05 0.441633 0.000364098 0.00618598 0.0674278 0.0211518 0.000339513 9.87217e-07 0.0262565 0.0805382 
1.31824e-08 0.120781 0.00944429 5.49545e-09 0.045986 0.200161 0.00164437 9.19236e-06 6.95841e-05 1.43659e-08 3.52345e-06 1.09606e-05 0.0206792 1.79714e-08 8.21186e-05 0.00875348 3.38656e-06 5.87083e-06 0.000802837 0.00247216 0.0155779 4.27394e-08 0.0674027 0.50611 
4.04806e-05 0.0428432 0.0314573 3.85288e-09 0.0162681 0.0351919 0.0466491 0.000856446 0.00285211 0.00151528 0.000981638 9.38737e-06 0.0371673 0.00101205 0.00017907 0.000215931 0.000137189 0.0111426 0.000488762 0.0447506 0.019625 6.26072e-06 0.0277556 0.678855 
7.87823e-08 0.0434172 2.17517e-07 2.16054e-12 0.0918118 0.107177 0.125864 0.00813342 0.000178872 0.00306587 0.00125476 1.22006e-06 0.0551889 2.19101e-08 1.51627e-07 6.71057e-12 2.26278e-12 0.344418 2.26086e-11 0.142756 0.00109589 2.69017e-08 0.0462509 0.0293856 
2.7844e-05 0.00180308 0.0002479 6.62268e-08 6.74258e-08 5.45523e-05 2.87147e-07 0.00168808 0.000442415 0.949111 1.10338e-07 2.90358e-07 0.00103574 0.000611089 4.74216e-07 0.000370625 6.93605e-08 0.000122914 2.16088e-05 0.000876899 0.00241894 5.15061e-07 0.00069805 0.0404676 
9.4074e-08 0.00154623 0.000698354 3.92173e-08 0.00385303 0.000847541 0.00130947 0.00189824 0.000884235 0.00146613 0.000503172 1.7194e-07 0.00478946 0.000859399 2.80815e-07 1.21807e-07 4.1073e-08 0.963127 4.10381e-07 0.0104453 5.45792e-08 3.05002e-07 0.00354584 0.00422518 
2.21782e-08 0.000431646 0.000550721 9.24558e-09 0.000591144 0.000343149 0.0013149 9.72836e-09 4.08666e-08 0.000234466 1.54037e-08 4.05354e-08 0.000160534 3.02352e-08 6.62029e-08 0.000723685 5.22983e-05 0.000522058 9.67486e-08 0.329613 1.28672e-08 7.1905e-08 0.000289404 0.665173 
0.00571942 0.0227458 0.0015322 1.91541e-09 0.159448 0.0573628 0.000280293 0.129256 0.00115097 0.000193443 0.000253777 3.24725e-06 0.0224351 0.000992071 0.00140809 5.97796e-06 0.0022507 0.0466596 2.00435e-08 0.0700044 0.00362488 4.65841e-06 0.0657421 0.408927 
4.60321e-07 0.0353057 1.89188e-06 7.9622e-12 0.0140343 0.543799 2.36829e-06 1.65549e-06 1.94626e-06 7.97211e-07 9.02188e-08 3.38648e-07 0.0231634 0.0317325 2.62837e-06 0.0149284 0.0168961 8.42366e-08 8.33189e-11 0.000497107 0.00018478 6.19239e-11 0.235067 0.0843796 
0.00196949 1.81156e-11 5.38852e-07 1.44737e-11 0.0060505 0.00333419 0.000351976 4.32823e-06 0.00145737 2.95161e-07 4.22768e-05 6.34568e-11 0.00365684 3.7913e-08 1.03639e-10 6.69872e-07 1.51585e-11 0.0930019 1.51457e-10 1.67771e-06 2.01432e-11 0.00170287 0.112496 0.775929 
0.153173 0.0181227 0.00309123 9.00202e-12 0.0151791 0.402427 1.19849e-07 1.83868e-07 0.00115393 5.71534e-07 0.000410612 0.00748919 0.00528056 2.94387e-11 1.57982e-07 0.106218 0.00262574 0.0150797 9.41999e-11 0.00430091 0.176726 0.000152248 0.0563286 0.0322396 
1.62337e-05 8.47029e-06 8.77769e-06 7.68512e-09 0.00654347 0.0261977 0.000148053 4.90103e-06 0.0778314 9.16357e-05 1.28039e-08 3.36939e-08 4.77356e-05 7.79147e-05 8.8939e-06 0.000120149 8.04877e-09 1.09857e-08 8.04194e-08 0.168529 1.06955e-08 5.9769e-08 0.580234 0.140131 
0.00237896 0.066465 0.00365817 3.85877e-08 0.0010826 0.020848 0.000207306 4.06026e-08 0.00110827 1.00874e-07 3.80287e-06 0.00101167 0.000181421 0.038618 2.76307e-07 6.10115e-06 1.20922e-05 0.0827917 4.03793e-07 4.57348e-06 8.67033e-06 0.000414355 0.047596 0.733603 
0.000347853 0.0010066 0.00264122 4.73152e-11 0.9098 0.0170355 3.67223e-05 5.03452e-05 0.00132441 9.10927e-08 1.69109e-05 0.000173932 0.0150898 0.00182295 1.69071e-07 0.00104781 0.000113063 0.00265373 1.0916e-07 0.0156907 0.000547555 9.35536e-08 0.0119729 0.0186277 
9.56157e-09 0.00290081 0.00388721 3.986e-09 0.0353225 0.0554465 0.00518243 2.34697e-07 1.76186e-08 5.17609e-06 1.00415e-05 5.17097e-05 1.49495e-06 3.71901e-05 2.85417e-08 1.80578e-05 2.6857e-06 3.75991e-06 4.17107e-08 0.000651719 0.00398878 6.62053e-05 0.890551 0.00187199 
0.000858044 0.00144189 1.9505e-07 6.02544e-08 0.00507193 0.011751 0.000330553 0.00513521 1.85171e-05 5.03213e-06 0.000918988 1.80749e-05 0.024501 0.058548 2.61153e-05 6.70318e-05 6.31055e-08 0.207095 6.90251e-06 9.74668e-05 0.00235452 4.68613e-07 0.0319871 0.649767 
0.00011262 0.0118829 6.79797e-05 2.09904e-08 9.05723e-05 0.00487962 0.000196108 2.20864e-08 0.0022346 5.48719e-08 2.51419e-05 9.20281e-08 1.77012e-05 4.64508e-05 1.50301e-07 1.29138e-05 5.51066e-05 0.000358213 2.1965e-07 9.96545e-05 2.92126e-08 3.69318e-05 0.00270116 0.977182 
9.56157e-09 0.00290081 0.00388721 3.986e-09 0.0353225 0.0554465 0.00518243 2.34697e-07 1.76186e-08 5.17609e-06 1.00415e-05 5.17097e-05 1.49495e-06 3.71901e-05 2.85417e-08 1.80578e-05 2.6857e-06 3.75991e-06 4.17107e-08 0.000651719 0.00398878 6.62053e-05 0.890551 0.00187199 
2.94716e-07 1.33357e-06 6.31098e-07 2.6703e-11 0.00471656 0.000960522 5.32701e-07 1.33465e-06 5.19453e-07 2.23447e-07 2.40284e-07 1.17074e-10 6.60108e-07 1.05672e-06 1.91206e-10 3.65013e-07 2.79665e-11 0.00970737 2.79428e-10 4.43201e-07 3.71629e-11 0.00228586 0.00951858 0.972803 
0.0072099 0.0461571 0.000199664 2.62743e-10 0.0436629 0.072688 0.000467785 0.0055962 0.000473947 1.37189e-06 5.16733e-06 0.00013994 0.0649779 0.076851 0.000193189 0.222298 0.0200812 0.0584843 1.48789e-07 0.000558104 0.00338457 5.8957e-07 0.361567 0.0150016 
0.000222682 0.00271801 6.02106e-07 1.09759e-11 9.58116e-07 0.0112632 0.00288897 0.0073178 1.44238e-06 1.79116e-07 0.000187455 1.9238e-07 1.12237e-06 6.1711e-07 1.29876e-08 0.000156176 1.58614e-07 0.0557317 1.14855e-10 0.00667413 2.28753e-07 0.00018677 0.0494669 0.863181 
3.54084e-07 0.00736897 3.5314e-06 1.06108e-10 0.0443914 0.0455153 0.000936731 0.0010015 0.000535323 1.97255e-06 1.5377e-07 5.48362e-07 4.43283e-07 4.74603e-05 7.59787e-10 0.00223454 1.11129e-10 0.00114162 1.11035e-09 1.32933e-06 3.99368e-07 4.62879e-07 0.0660845 0.830733 
0.000251709 0.0099768 0.000617529 3.88076e-09 0.00874949 0.000587894 9.8413e-05 0.0012674 4.55547e-05 0.000274645 4.03581e-06 1.70144e-08 0.00175652 3.80297e-05 2.77882e-08 0.0510946 4.06439e-09 0.00706687 4.06095e-08 0.00605392 8.40802e-06 7.69528e-05 0.0119616 0.90007 
0.000230664 0.865343 2.28119e-05 1.90409e-09 1.93856e-09 6.91363e-05 8.25578e-09 9.53693e-05 1.69168e-06 4.97757e-09 3.17233e-09 8.3481e-09 0.000180802 0.000317573 1.36342e-08 5.91403e-09 2.85189e-05 2.72185e-09 1.9925e-08 6.60231e-05 1.51073e-05 1.48085e-08 9.44759e-05 0.133535 
0.000567804 0.00051657 3.22274e-08 1.85585e-10 0.00185984 0.0171008 1.40097e-06 1.73653e-05 0.00143316 4.85147e-10 0.000302121 3.93592e-07 1.15022e-06 0.000312481 1.32888e-09 1.42306e-07 1.94367e-10 0.0173896 1.94202e-09 4.76095e-06 1.80698e-08 5.47421e-07 0.0168124 0.943679 
3.54392e-09 0.00720483 0.000235801 1.47738e-09 0.0361197 0.00986561 6.40564e-09 1.21759e-05 4.83615e-07 5.79746e-05 0.000132789 1.05901e-05 7.42198e-06 4.56211e-05 1.05788e-08 1.10124e-05 1.54728e-09 0.0608036 1.76356e-07 0.00398476 1.86373e-06 1.14899e-08 0.61405 0.267455 
0.000304946 0.0120302 0.00223712 6.51328e-13 0.169739 0.0554695 0.00180793 1.34333e-08 0.000649928 2.6715e-07 7.03415e-05 2.85562e-12 0.0686214 0.000930163 0.000688287 0.0132135 0.032342 0.125307 6.81569e-12 0.460509 0.00206808 1.16558e-08 0.0511276 0.00288335 
1.67116e-07 0.00771356 0.000191437 6.96666e-08 0.000509914 0.00122458 4.45301e-05 0.00227193 3.07935e-07 2.73843e-05 1.16069e-07 3.05439e-07 0.000662726 1.0036e-06 4.98847e-07 0.0581095 7.29631e-08 9.95867e-08 7.29013e-07 0.000195447 9.6956e-08 5.41813e-07 0.0110126 0.918032 
0.000580159 0.00466263 0.000716925 7.16317e-11 0.00861813 0.0482561 0.00362565 0.000385499 0.119002 0.00019826 0.000234709 0.0041708 0.00158431 0.00521753 5.12918e-10 6.99588e-07 4.22275e-07 2.02888e-06 7.49576e-10 0.0072399 1.48502e-05 1.61247e-07 0.188062 0.607427 
9.84629e-06 0.0133058 1.00523e-05 1.78457e-10 9.17542e-06 2.1918e-05 1.78746e-05 2.59149e-06 0.510435 1.95982e-06 3.15189e-06 2.44901e-05 1.71569e-06 5.83596e-10 1.27784e-09 5.54281e-10 3.62607e-06 1.74236e-05 1.86743e-09 7.07454e-06 0.000127534 1.3879e-09 0.117386 0.358615 
0.000347853 0.0010066 0.00264122 4.73152e-11 0.9098 0.0170355 3.67223e-05 5.03452e-05 0.00132441 9.10927e-08 1.69109e-05 0.000173932 0.0150898 0.00182295 1.69071e-07 0.00104781 0.000113063 0.00265373 1.0916e-07 0.0156907 0.000547555 9.35536e-08 0.0119729 0.0186277 
0.000347853 0.0010066 0.00264122 4.73152e-11 0.9098 0.0170355 3.67223e-05 5.03452e-05 0.00132441 9.10927e-08 1.69109e-05 0.000173932 0.0150898 0.00182295 1.69071e-07 0.00104781 0.000113063 0.00265373 1.0916e-07 0.0156907 0.000547555 9.35536e-08 0.0119729 0.0186277 
0.00010534 2.3643e-07 2.64807e-07 4.93603e-12 8.53677e-07 0.0201329 0.000232985 0.000467846 0.000725747 1.29035e-11 1.26337e-08 1.2084e-05 0.000343012 0.624936 3.67904e-07 0.000299639 7.16404e-07 1.17955e-08 5.16521e-11 6.95094e-08 0.000169493 3.83886e-11 0.352269 0.000303782 
0.00170245 0.00454857 6.33858e-05 3.12148e-10 0.0667659 0.0149949 0.000110606 0.00117685 8.77433e-05 0.000119645 0.000535763 0.000246803 0.0290104 0.00112186 4.05948e-07 0.0258946 0.000564849 0.0930411 2.6326e-07 0.0275655 0.000580388 0.000352416 0.0551369 0.676379 
0.00196003 0.00854198 0.000576988 1.63058e-10 0.0089742 0.0186556 0.921205 0.000236012 0.0240832 0.000114179 9.42331e-06 7.14895e-10 0.00467394 1.02658e-06 1.16758e-09 6.19821e-07 1.00925e-07 0.00104955 1.70629e-09 0.000482676 0.00227143 2.29688e-06 0.00426625 0.00289508 
0.317393 0.00802081 0.000157137 2.91359e-10 0.0108213 0.329514 2.09179e-06 0.0154808 0.0592609 9.29863e-05 7.64463e-05 0.00125841 0.00745186 0.000813355 0.00446513 8.54016e-05 0.0134125 0.00114631 3.04887e-09 0.00229193 0.184581 2.26597e-09 0.0270393 0.0166348 
8.07386e-05 1.5284e-05 2.72418e-05 1.10472e-09 0.0105062 0.048112 1.71258e-06 3.00609e-07 4.883e-09 0.075374 4.16712e-07 4.84342e-09 0.0214419 3.60993e-06 7.91033e-09 3.43122e-09 3.46836e-07 0.123523 1.15601e-08 0.0106522 1.53745e-09 0.0138277 0.063414 0.63302 
0.000640636 0.00449184 0.070785 6.06041e-12 0.0624119 0.0275037 0.116133 0.00160074 0.000151436 0.000316493 0.000125899 0.000154269 0.457286 2.83169e-07 5.88693e-05 6.04703e-07 6.27405e-05 0.00366562 6.3418e-11 0.225025 0.000538818 5.31915e-06 0.0285526 0.000488963 
0.000238836 0.00531212 4.3133e-06 1.40641e-09 1.11176e-05 0.0187521 1.73379e-07 0.00309503 6.21649e-09 0.000854286 2.34316e-09 6.1661e-09 2.00215e-05 3.4721e-05 1.00705e-08 1.5223e-05 1.47295e-09 2.20348e-05 1.4717e-08 0.114239 2.39495e-05 1.09379e-08 0.855263 0.00211352 
0.0175009 0.000607094 0.0312876 9.57593e-10 0.000821128 0.0762737 4.15195e-09 2.36416e-06 1.81956e-06 2.50329e-09 8.25798e-07 1.6789e-07 6.55898e-07 3.13155e-09 9.42558e-07 2.97425e-09 1.0029e-09 1.84266e-06 1.00205e-08 6.59487e-07 9.37445e-05 7.44742e-09 0.178558 0.694848 
0.00577532 0.00375232 0.0169996 8.14626e-07 0.00277565 0.830252 0.0006882 0.00593447 0.000354918 7.31801e-05 1.25403e-05 0.00129119 0.000407801 0.00320191 4.66528e-06 0.0134839 0.0282173 0.0132637 0.000103052 0.00524164 0.0496379 1.43193e-06 0.00386816 0.0146579 
1.78383e-06 8.07173e-06 3.81985e-06 1.61625e-10 1.09757e-05 1.2367e-06 3.22428e-06 8.07826e-06 1.43595e-07 1.35246e-06 2.69278e-10 7.08613e-10 3.99544e-06 6.39599e-06 1.15732e-09 0.0101651 1.69273e-10 1.30539e-05 1.69129e-09 0.0179759 2.24936e-10 5.53204e-06 8.1134e-06 0.971783 
7.54434e-06 0.850795 0.00124176 2.10071e-07 0.00822484 0.0102139 9.1083e-07 0.00172415 0.00538687 0.00115406 3.49992e-07 9.21015e-07 0.00696523 0.0365981 1.50421e-06 0.00190061 2.20011e-07 0.000553914 0.000125564 2.46882e-05 0.00998725 1.63377e-06 0.0364298 0.028661 
1.51955e-05 0.000416206 6.82822e-05 3.44424e-08 9.09312e-05 0.00026498 0.000196914 3.62409e-08 0.000228275 9.00375e-08 0.000576685 1.51006e-07 1.77818e-05 4.66716e-05 2.46625e-07 1.30046e-05 5.53307e-05 0.000359598 3.60416e-07 0.000100042 4.79339e-08 3.71766e-05 0.00331235 0.9942 
0.000347853 0.0010066 0.00264122 4.73152e-11 0.9098 0.0170355 3.67223e-05 5.03452e-05 0.00132441 9.10927e-08 1.69109e-05 0.000173932 0.0150898 0.00182295 1.69071e-07 0.00104781 0.000113063 0.00265373 1.0916e-07 0.0156907 0.000547555 9.35536e-08 0.0119729 0.0186277 
0.218964 0.00312775 0.00893966 1.35131e-08 0.543647 0.0295016 3.0805e-05 0.0056536 1.89015e-05 1.77738e-05 1.7111e-05 5.92455e-08 0.00114118 4.4191e-08 9.67604e-08 2.82086e-06 9.72103e-05 8.26149e-05 1.41405e-07 9.786e-05 0.00762521 5.43571e-06 0.119406 0.0616233 
0.317393 0.00802081 0.000157137 2.91359e-10 0.0108213 0.329514 2.09179e-06 0.0154808 0.0592609 9.29863e-05 7.64463e-05 0.00125841 0.00745186 0.000813355 0.00446513 8.54016e-05 0.0134125 0.00114631 3.04887e-09 0.00229193 0.184581 2.26597e-09 0.0270393 0.0166348 
4.10066e-06 0.0387315 0.000746967 2.95066e-07 0.000708841 0.00314406 0.00626832 5.0494e-06 1.30423e-06 0.000330155 7.11917e-05 0.00159424 0.000356991 4.06711e-05 2.11282e-06 1.07431e-05 3.09028e-07 0.00912371 3.08766e-06 0.000544239 0.000252088 2.29479e-06 0.00235767 0.9357 
0.000205685 0.614562 6.82149e-07 2.10728e-07 2.58273e-05 0.0822725 0.000415407 2.21732e-07 9.31446e-07 5.50875e-07 3.51087e-07 9.23896e-07 0.000327398 6.89131e-07 1.50892e-06 0.000218762 2.207e-07 0.000618842 2.20512e-06 0.000213533 2.93273e-07 0.000275554 0.000502414 0.300353 
0.000347853 0.0010066 0.00264122 4.73152e-11 0.9098 0.0170355 3.67223e-05 5.03452e-05 0.00132441 9.10927e-08 1.69109e-05 0.000173932 0.0150898 0.00182295 1.69071e-07 0.00104781 0.000113063 0.00265373 1.0916e-07 0.0156907 0.000547555 9.35536e-08 0.0119729 0.0186277 
0.000427617 0.00299513 0.0817821 3.49673e-11 0.0643832 0.0258443 0.143039 0.00106754 0.000101211 0.000211227 8.40686e-05 0.000103044 0.435368 2.48457e-07 3.96116e-05 9.70227e-07 5.0721e-05 0.00244454 3.65909e-10 0.20974 0.000651136 3.61022e-06 0.0313359 0.00032632 
0.000316931 0.00123572 3.52919e-06 6.38023e-11 0.0557963 0.101067 0.438367 6.71339e-11 2.82014e-10 0.0017399 3.22054e-05 0.00126129 0.00533339 1.74624e-06 1.61213e-06 8.50236e-06 5.20813e-07 0.176722 6.67647e-10 0.016479 2.24492e-06 6.55635e-05 0.140184 0.0613811 
0.0125517 0.0202918 0.230906 4.29807e-11 0.00255707 0.347823 0.00848901 9.84548e-08 0.00200809 3.00683e-07 0.000103987 0.000947858 3.08413e-08 1.40557e-10 3.07763e-10 8.13502e-07 0.014468 0.00088045 1.73144e-05 0.00552814 0.0358715 3.34271e-10 0.0263581 0.291197 
0.000347853 0.0010066 0.00264122 4.73152e-11 0.9098 0.0170355 3.67223e-05 5.03452e-05 0.00132441 9.10927e-08 1.69109e-05 0.000173932 0.0150898 0.00182295 1.69071e-07 0.00104781 0.000113063 0.00265373 1.0916e-07 0.0156907 0.000547555 9.35536e-08 0.0119729 0.0186277 
2.13515e-06 5.78252e-06 1.15328e-08 3.56271e-09 0.000143823 0.0047097 6.28881e-05 3.74874e-09 7.63115e-05 9.31343e-09 1.30332e-06 1.562e-08 1.56014e-05 0.000190822 2.55107e-08 1.10656e-08 3.17409e-07 0.0114042 3.72812e-08 0.000606436 6.46175e-06 0.000325089 0.0124231 0.970026 
0.000347853 0.0010066 0.00264122 4.73152e-11 0.9098 0.0170355 3.67223e-05 5.03452e-05 0.00132441 9.10927e-08 1.69109e-05 0.000173932 0.0150898 0.00182295 1.69071e-07 0.00104781 0.000113063 0.00265373 1.0916e-07 0.0156907 0.000547555 9.35536e-08 0.0119729 0.0186277 
0.0640733 0.0144653 2.18681e-06 9.14075e-09 0.703749 0.101202 0.00192366 8.66246e-06 2.2496e-06 0.00130848 1.33003e-06 4.00758e-08 1.71039e-05 5.11969e-06 0.000787471 1.94844e-06 7.61261e-05 0.0363841 9.56516e-08 0.0180066 0.00865606 8.55327e-07 0.0472909 0.00203783 
0.000347853 0.0010066 0.00264122 4.73152e-11 0.9098 0.0170355 3.67223e-05 5.03452e-05 0.00132441 9.10927e-08 1.69109e-05 0.000173932 0.0150898 0.00182295 1.69071e-07 0.00104781 0.000113063 0.00265373 1.0916e-07 0.0156907 0.000547555 9.35536e-08 0.0119729 0.0186277 
0.000347853 0.0010066 0.00264122 4.73152e-11 0.9098 0.0170355 3.67223e-05 5.03452e-05 0.00132441 9.10927e-08 1.69109e-05 0.000173932 0.0150898 0.00182295 1.69071e-07 0.00104781 0.000113063 0.00265373 1.0916e-07 0.0156907 0.000547555 9.35536e-08 0.0119729 0.0186277 
0.00126888 0.00637529 0.000162688 7.49323e-09 0.0095587 0.10649 0.00493335 7.8845e-09 1.27879e-05 0.00436114 0.000208993 0.00192758 4.56646e-05 0.00084211 5.95692e-05 2.98106e-05 3.34445e-05 0.00756545 0.00692065 0.00118295 0.00205712 0.00184066 0.196286 0.647837 
9.21728e-06 1.24934e-06 8.51061e-06 6.52361e-11 1.26864e-06 0.0387883 1.51046e-05 6.86425e-11 2.16293e-06 1.92724e-06 9.4569e-07 0.0314621 4.61387e-06 1.30157e-06 4.67123e-10 9.72603e-06 6.83229e-11 0.0779581 6.8265e-10 1.89996e-06 1.2865e-05 5.07356e-10 0.0573759 0.794345 
1.32517e-06 1.02312e-06 5.01534e-07 1.01923e-11 0.621449 0.0131227 0.00598329 1.07245e-11 5.13629e-07 2.66442e-11 0.000214279 1.07291e-07 0.011529 1.18329e-06 0.0122617 0.00276811 1.76953e-05 0.0711035 1.06655e-10 0.050812 1.14756e-06 1.82395e-07 0.210731 7.77918e-07 
0.181872 0.165531 2.47997e-06 3.70973e-08 5.92199e-05 0.132127 1.60847e-07 0.00109937 3.83076e-06 0.000257768 6.18064e-08 1.62646e-07 0.00374993 0.0974829 2.65635e-07 0.000698763 0.00016957 0.00577623 3.88197e-07 0.00133811 0.00811668 9.99796e-06 0.330676 0.0710292 
0.000347853 0.0010066 0.00264122 4.73152e-11 0.9098 0.0170355 3.67223e-05 5.03452e-05 0.00132441 9.10927e-08 1.69109e-05 0.000173932 0.0150898 0.00182295 1.69071e-07 0.00104781 0.000113063 0.00265373 1.0916e-07 0.0156907 0.000547555 9.35536e-08 0.0119729 0.0186277 
0.000347853 0.0010066 0.00264122 4.73152e-11 0.9098 0.0170355 3.67223e-05 5.03452e-05 0.00132441 9.10927e-08 1.69109e-05 0.000173932 0.0150898 0.00182295 1.69071e-07 0.00104781 0.000113063 0.00265373 1.0916e-07 0.0156907 0.000547555 9.35536e-08 0.0119729 0.0186277 
6.14091e-06 0.0661969 0.0913285 1.93925e-10 3.95862e-05 0.259403 1.26208e-06 2.04051e-10 0.0103683 5.06949e-10 3.23092e-10 3.82686e-06 1.9213e-05 1.71292e-06 1.3886e-09 2.65632e-05 1.07664e-06 2.77212e-10 0.00188359 3.66967e-06 1.25771e-05 1.50971e-06 0.495942 0.0747611 
0.0039519 0.0102261 0.00364593 6.49327e-09 0.00254572 0.0568362 0.00171778 0.000137389 0.00704859 0.000452319 4.03948e-05 0.0039878 0.00224402 0.069132 0.00021816 0.0562784 0.000424767 0.000876711 6.79475e-08 0.00734834 0.00181196 1.05268e-05 0.0995472 0.671518 
0.000705705 0.117675 0.000393807 2.36826e-11 0.092838 0.0236454 0.000288606 3.79489e-07 9.49957e-07 3.95784e-07 2.40056e-07 1.03832e-10 6.56579e-07 9.40208e-08 1.69579e-10 5.18373e-07 0.000801954 0.0136809 2.47822e-10 0.0103888 0.000426243 3.45643e-07 0.0128968 0.726255 
0.000347853 0.0010066 0.00264122 4.73152e-11 0.9098 0.0170355 3.67223e-05 5.03452e-05 0.00132441 9.10927e-08 1.69109e-05 0.000173932 0.0150898 0.00182295 1.69071e-07 0.00104781 0.000113063 0.00265373 1.0916e-07 0.0156907 0.000547555 9.35536e-08 0.0119729 0.0186277 
0.00268486 2.92161e-06 2.09539e-09 6.47305e-10 2.3324e-06 6.85249e-06 2.8066e-09 5.93381e-07 2.86117e-09 1.69215e-09 7.41564e-05 1.31776e-06 3.69146e-06 2.2312e-06 4.63502e-09 0.0407979 4.72022e-06 1.57127e-05 6.77359e-09 4.62891e-07 5.01249e-06 6.31574e-06 0.00389333 0.952498 
0.000347853 0.0010066 0.00264122 4.73152e-11 0.9098 0.0170355 3.67223e-05 5.03452e-05 0.00132441 9.10927e-08 1.69109e-05 0.000173932 0.0150898 0.00182295 1.69071e-07 0.00104781 0.000113063 0.00265373 1.0916e-07 0.0156907 0.000547555 9.35536e-08 0.0119729 0.0186277 
0.000319015 0.0430805 0.00323516 1.16427e-07 1.18535e-07 0.0257446 5.04806e-07 0.000131141 5.40752e-05 3.04357e-07 0.000790858 5.1045e-07 0.000158325 0.00213156 8.33674e-07 0.146377 1.21936e-07 0.00349911 1.21833e-06 0.0132849 0.000312436 4.96503e-05 0.665874 0.0949532 
0.000347853 0.0010066 0.00264122 4.73152e-11 0.9098 0.0170355 3.67223e-05 5.03452e-05 0.00132441 9.10927e-08 1.69109e-05 0.000173932 0.0150898 0.00182295 1.69071e-07 0.00104781 0.000113063 0.00265373 1.0916e-07 0.0156907 0.000547555 9.35536e-08 0.0119729 0.0186277 
9.56157e-09 0.00290081 0.00388721 3.986e-09 0.0353225 0.0554465 0.00518243 2.34697e-07 1.76186e-08 5.17609e-06 1.00415e-05 5.17097e-05 1.49495e-06 3.71901e-05 2.85417e-08 1.80578e-05 2.6857e-06 3.75991e-06 4.17107e-08 0.000651719 0.00398878 6.62053e-05 0.890551 0.00187199 
2.46729e-05 1.22477e-05 3.96557e-05 3.2924e-08 6.54381e-06 5.61488e-05 0.000128095 3.46431e-08 0.000145079 0.00015396 5.48534e-08 1.44348e-07 8.68749e-05 0.000631056 2.35752e-07 1.02261e-07 3.44819e-08 9.84779e-05 3.44526e-07 0.0207192 3.37686e-06 2.56057e-07 0.169437 0.808457 
0.0146321 0.000307316 0.01424 9.90847e-08 1.03305e-05 0.114143 0.00404448 3.64525e-06 0.000428173 2.59022e-07 0.000203641 0.000170769 0.0544267 0.000566266 1.51649e-05 0.00229145 0.0234676 0.00115731 0.000363225 4.01646e-06 0.0799387 7.70605e-07 0.00277035 0.686814 
2.8249e-06 0.00654732 6.60442e-05 1.28344e-09 0.0196276 0.10049 0.000157686 3.48618e-06 3.68542e-06 0.000828071 4.24267e-07 5.62697e-09 0.00576203 4.19714e-09 7.39577e-06 0.000924802 0.000177956 0.0135348 1.34303e-08 0.0238162 9.49724e-06 3.81024e-06 0.0203737 0.807663 
0.000828757 0.00113777 0.00185397 9.08944e-08 0.0398479 0.00918712 0.00673953 0.0145662 4.01764e-07 0.00325552 0.0016508 0.764775 0.0115107 0.0110281 0.0153607 2.82315e-07 0.000656943 0.0571309 9.51146e-07 0.0334478 0.00335235 7.06906e-07 0.0212546 0.00241315 
0.00147945 0.000288139 0.0256841 2.51023e-07 0.0104827 0.231187 5.25853e-07 9.71343e-07 7.75813e-07 0.00655055 3.17854e-05 9.87172e-05 0.0334734 0.00789741 1.92212e-06 0.0149189 0.00438008 0.00171614 4.78573e-06 0.0214345 0.00909057 2.74156e-05 0.619977 0.0112733 
0.000427617 0.00299513 0.0817821 3.49673e-11 0.0643832 0.0258443 0.143039 0.00106754 0.000101211 0.000211227 8.40686e-05 0.000103044 0.435368 2.48457e-07 3.96116e-05 9.70227e-07 5.0721e-05 0.00244454 3.65909e-10 0.20974 0.000651136 3.61022e-06 0.0313359 0.00032632 
7.61491e-11 0.778559 0.00382919 3.17448e-11 0.00576197 0.00274847 0.164157 1.48492e-07 1.40316e-10 8.29855e-11 0.0018023 3.96422e-07 9.06022e-07 1.03813e-10 2.27308e-10 0.000351018 1.58883e-07 1.9781e-07 3.32187e-10 0.0042351 1.94571e-07 2.46887e-10 0.0364471 0.00210688 
0.00508442 0.0282668 0.365547 3.1892e-10 1.07998e-05 0.207513 2.01562e-06 0.00201539 9.14033e-07 8.33703e-10 7.74513e-07 1.39824e-09 0.0883903 0.00493019 1.0649e-06 0.0176988 0.0396139 3.48685e-06 4.52402e-05 0.00539089 0.218909 1.60824e-06 0.0165647 9.84957e-06 
3.45576e-05 1.36822e-05 2.34333e-09 7.23897e-10 7.37003e-10 0.682739 1.16163e-05 4.11393e-06 3.19971e-09 1.91129e-07 1.68969e-06 3.17378e-09 9.23825e-07 2.36731e-09 5.18346e-09 2.2484e-09 7.5815e-10 3.93325e-06 7.57507e-09 1.73334e-05 7.75843e-06 5.62991e-09 2.45535e-05 0.31714 
0.000347853 0.0010066 0.00264122 4.73152e-11 0.9098 0.0170355 3.67223e-05 5.03452e-05 0.00132441 9.10927e-08 1.69109e-05 0.000173932 0.0150898 0.00182295 1.69071e-07 0.00104781 0.000113063 0.00265373 1.0916e-07 0.0156907 0.000547555 9.35536e-08 0.0119729 0.0186277 
1.60483e-07 0.106388 0.00936511 1.2052e-07 0.0210241 0.0526069 0.00035366 4.66404e-07 3.72458e-07 1.36967e-06 3.91841e-05 1.81372e-07 0.0690781 0.00644178 4.05917e-07 2.63453e-06 0.000517408 0.00494986 2.29785e-06 0.0457046 0.0038029 1.31616e-05 0.585103 0.0946046 
0.000146033 0.00952293 0.0135113 4.63194e-10 0.00563237 0.0406865 0.41108 0.00859192 0.000143387 1.21086e-09 0.000677283 0.000841082 0.00578233 0.000771304 5.11061e-07 0.000373429 4.81498e-05 0.00133772 6.88635e-06 0.0110558 0.0280482 2.83742e-05 0.411895 0.0498196 
