1.29464e-05 0.0233879 0.00672277 0.451628 0.00529337 0.0478335 0.000924152 0.0278342 0.000308858 0.0387758 6.92123e-06 0.000951229 0.0598588 0.150714 1.38617e-05 0.0110403 6.84204e-05 0.0427993 4.00674e-05 0.0259415 0.0218303 6.31169e-06 0.0823761 0.00163172 
0.00195513 0.130213 0.00313004 0.216066 0.186163 0.0094848 0.00181955 0.023368 0.000208347 0.0173165 0.00806803 0.01869 0.0519136 0.00383203 0.00343734 0.0270349 0.00623088 0.130656 1.27919e-06 0.0758054 0.0113754 5.20803e-05 0.0569333 0.0162455 
0.00979161 0.0238342 0.00175226 0.414537 0.0400166 0.0192299 0.00211134 0.0596355 0.000342429 0.0252993 0.000847558 0.00297361 0.0729677 0.0397759 5.88643e-05 0.00557387 0.006956 0.0197138 6.67988e-06 0.143132 0.00522723 4.62988e-06 0.101623 0.00458875 
0.004624 0.0185476 0.010303 0.171525 0.00949682 0.153367 0.000420976 0.145737 0.000208966 0.0127023 5.30602e-05 0.00164128 0.0181154 0.152649 0.000320872 0.0126839 0.00080964 0.103663 1.08666e-05 0.0346154 0.109021 4.12737e-05 0.0182934 0.0211485 
0.0662956 0.00783887 0.000267828 0.456274 0.00280484 0.0276606 0.000263933 0.0934539 0.00113716 0.000686483 3.04252e-05 5.65775e-05 0.0389392 0.0258702 0.000220638 0.000646033 0.000316729 0.0211301 7.8909e-06 0.120704 0.00537689 2.72508e-05 0.129434 0.000556021 
0.000290248 0.0438846 0.079112 0.443296 0.0273155 0.0160693 0.000422912 0.0115781 4.59697e-05 0.10705 4.5639e-06 0.000355708 0.0229664 0.147247 0.000685242 0.00406114 0.00232467 0.0664017 7.10278e-07 0.0148831 0.00326246 5.51483e-06 0.00836193 0.000375693 
2.11745e-05 0.0500869 0.000598485 0.554355 0.00366877 0.000587371 1.56699e-05 0.062059 0.000138791 0.00141102 1.5711e-05 0.0087197 0.194645 0.00346613 1.64308e-06 0.0243424 2.06462e-05 2.50722e-05 7.26036e-08 0.081739 0.000980466 2.58533e-09 0.0131014 7.35395e-10 
0.0318793 0.0089016 0.00590033 0.37989 0.0190973 0.0960598 0.000115755 0.0449187 0.01217 0.00603383 5.71106e-05 0.00811021 0.0137812 0.00045789 2.02751e-05 0.000822768 0.00249153 0.217769 1.2873e-08 0.0172581 0.0209819 1.28054e-06 0.112111 0.00117182 
0.000695665 0.00175621 0.0228115 0.384864 0.0205176 0.0739655 8.78819e-05 0.0281622 2.83337e-06 0.00222582 0.00774867 1.78044e-06 0.0309606 0.141558 0.00287533 0.0212968 0.00165357 0.0370182 1.0631e-06 0.0765969 0.108172 5.95362e-07 0.0367018 0.000325395 
0.00449044 0.0468341 0.00302457 0.426782 0.0388709 0.0369902 9.19686e-05 0.0933474 0.000724004 0.0220673 1.83735e-07 4.76227e-05 0.12473 0.00408354 3.76369e-05 0.00875743 0.000397689 0.0175128 0.00238109 0.113895 0.00666498 1.05451e-07 0.0465757 0.00169348 
0.00016077 0.211984 0.00377129 0.491229 0.0274654 0.00190832 1.85494e-05 0.000759704 0.000573574 1.11838e-05 7.12773e-06 1.87568e-05 0.156431 0.00165546 3.06339e-05 0.00478779 4.48062e-06 6.11556e-06 4.47682e-05 0.0935747 0.000187566 3.32724e-05 5.22002e-05 0.00528396 
0.00994726 0.016047 0.00769866 0.189226 0.00355266 0.158442 0.000782268 0.157737 5.75255e-06 0.00167188 3.84103e-07 0.00176457 0.0277793 0.0482701 6.56457e-07 0.0169806 0.0152281 0.0615973 1.41824e-07 0.125584 0.117534 2.87782e-06 0.018283 0.0218647 
0.0105421 0.0137048 0.000917823 0.337789 0.0279372 0.00639592 0.00563515 0.170541 0.000122758 0.00126569 0.00235006 0.0205206 0.104291 0.00188974 0.000809683 4.64627e-05 0.00222976 0.118726 3.52215e-09 0.121149 0.00268155 1.08308e-09 0.050413 4.19728e-05 
0.00267454 0.0888123 0.0127995 0.47053 0.0436467 0.00715945 0.00258513 0.0573203 1.43217e-05 5.01037e-06 4.12825e-07 0.000474033 0.0398788 0.00174436 3.35037e-05 2.88288e-06 0.00147778 0.074652 8.08731e-10 0.104843 0.0588566 1.06588e-06 0.031746 0.000742365 
0.0106059 0.0067923 0.00430211 0.307054 0.0040015 0.0443289 8.56536e-05 0.292896 0.00014056 0.00120784 3.23565e-05 0.0273384 0.052159 0.00195572 5.90893e-05 3.37962e-05 0.00447067 0.0148287 9.62397e-12 0.180269 0.033034 4.9894e-07 0.0144037 3.49889e-08 
0.0115167 0.0295087 0.00731939 0.440852 0.017914 0.0153292 0.00114905 0.124425 0.000400099 0.00272454 0.00155298 0.0226229 0.0269592 0.0116852 0.00027358 0.026531 0.13998 0.0168955 1.76674e-08 0.0666381 0.0111008 1.21123e-07 0.0245564 6.51095e-05 
6.82234e-06 0.0113003 0.00090905 0.510478 0.0307114 0.00138138 8.00335e-05 0.0625105 4.43612e-05 0.0439304 5.86454e-05 1.37469e-05 0.0224096 9.47441e-05 2.01667e-05 3.49091e-05 7.45108e-08 0.05487 1.29751e-09 0.0304653 6.76214e-06 1.65511e-06 0.219401 0.0112714 
0.00217141 0.116963 0.0063443 0.216824 0.0438423 0.0251895 0.00348093 0.0592002 0.00100018 0.0133152 0.00267791 0.0383481 0.102374 0.011147 0.00149944 0.0134825 0.00300713 0.0534432 0.000949507 0.171488 0.0160582 0.000299217 0.0523435 0.0445512 
9.29553e-09 0.243371 0.0347954 0.475795 0.0868051 0.0267561 0.00230164 1.85598e-05 1.71284e-08 0.00593877 6.45615e-09 1.69896e-08 0.0195507 7.1188e-05 1.62616e-06 0.0308876 4.05845e-09 5.53935e-09 4.05501e-08 0.0679085 0.00299103 3.01375e-08 0.00274741 6.0339e-05 
9.83291e-05 0.00339516 0.000119642 0.767248 0.00617173 0.0100357 0.00125147 0.090565 0.00706912 0.00147288 0.000394332 0.00954999 0.0226463 0.0282539 0.000954675 6.27515e-06 0.00354334 0.00178048 1.38575e-07 0.0245222 0.00202603 7.74643e-08 0.0134919 0.00540294 
0.0110107 0.0169706 0.00517168 0.19407 0.116753 0.0723423 0.0010575 0.0837214 0.000124829 0.0329142 5.20817e-05 0.000169847 0.0693627 0.0179839 0.00780292 0.00048357 0.0144878 0.174682 2.37838e-06 0.053515 0.0545892 7.97413e-05 0.0543667 0.0182856 
0.0037686 0.0151866 0.000171731 0.340953 0.206593 0.0410547 9.04367e-05 0.00180043 2.63062e-05 0.00428939 2.53819e-05 0.000312841 0.0452481 0.00786834 0.00154265 1.13541e-06 0.000313438 0.0709493 0.00135958 0.172367 0.00377818 0.00795756 0.0644412 0.00990099 
0.0337803 0.0863688 0.176774 0.215972 0.0103437 0.0534385 0.0010598 0.0130652 0.000860189 0.175494 1.60042e-05 5.82264e-07 0.00196133 0.107203 1.54576e-05 3.32345e-05 0.00239385 0.000560345 5.48371e-05 0.0230052 0.0386314 1.04124e-05 0.0510238 0.00793483 
0.00200355 0.00310457 0.000250256 0.307905 0.0194701 0.0130408 0.000357942 0.13817 0.000256564 0.015559 1.36093e-05 2.20662e-05 0.0571867 0.000899035 2.38236e-05 0.000147007 0.026734 0.181235 3.44625e-09 0.143807 0.00492355 1.70922e-05 0.0825686 0.0023051 
0.112734 0.0441458 0.0657172 0.159807 0.0220403 0.0572706 0.000598185 0.055598 0.00103408 0.000187803 0.0848337 0.0374567 0.0269112 0.0171378 0.00213301 0.00340741 0.0430838 0.0419171 2.08992e-05 0.081699 0.0475349 3.72627e-06 0.039372 0.0553557 
0.00922601 0.06483 0.0157985 0.19199 0.0558149 0.0261335 0.00341778 0.171752 0.00392243 0.0347066 0.00349592 0.00536147 0.132959 0.00888052 0.000995448 0.00493059 0.0148969 0.0359424 0.000789548 0.123114 0.0148669 0.000204959 0.0715963 0.00437461 
0.0209422 0.00877055 0.000350338 0.421286 0.0504066 0.0164845 0.00822286 0.177497 0.000310999 0.00270397 0.00107396 0.0132178 0.0159453 3.79264e-05 0.000224397 4.97814e-06 0.13408 0.0441021 3.42381e-07 0.0307511 0.00735372 1.773e-08 0.0462241 9.53846e-06 
0.0035241 0.00352407 0.000775941 0.333098 0.0295547 0.0218636 0.00068634 0.0589785 0.000533728 0.0588101 3.33576e-05 4.43922e-06 0.106411 0.000970739 3.00317e-06 0.000271559 0.00809944 0.133003 2.53977e-09 0.0530694 0.00682558 1.64217e-05 0.173568 0.00637455 
0.000138155 0.0152827 0.000481511 0.456186 0.0653187 0.00123832 6.28672e-05 0.00571866 8.61805e-07 0.000211755 3.50652e-08 1.75302e-08 0.0476251 0.00601255 0.00195887 0.00162066 9.72121e-07 0.273193 1.87019e-07 0.109528 0.000402554 9.55867e-06 0.0137274 0.00128143 
0.0303038 0.0115903 0.00457847 0.265234 0.0143366 0.0346848 0.00752687 0.198702 0.000782264 0.00554477 0.00696911 0.0228394 0.0135474 0.000413927 0.000829694 5.45364e-06 0.0236422 0.0298326 1.75623e-08 0.0570041 0.00686 1.74962e-06 0.264478 0.000292154 
0.00796145 0.0187998 0.0147631 0.26269 0.0203889 0.0231341 0.000278859 0.0859134 0.00641087 0.0165478 0.00029628 0.0113755 0.212693 0.073157 0.000253537 0.000143889 0.00745974 0.115591 5.02218e-09 0.0389409 0.0591139 2.1496e-06 0.0238153 0.00027048 
0.0107885 0.025181 0.000676092 0.710969 0.00188382 0.132364 0.000483422 0.00683448 0.000890928 0.00382854 0.000542488 0.000742593 0.0141539 0.0108932 0.00663978 1.86092e-05 0.00644965 0.00487509 3.83784e-07 0.037805 0.00367823 6.52387e-08 0.0201476 0.000152902 
0.00144776 0.109012 0.0023156 0.442867 0.0274223 0.0456198 0.00167199 0.0597502 0.000213002 0.0290635 0.00142705 0.00824504 0.0621204 0.00930667 0.000348664 0.004334 0.00816257 0.0191764 0.000651162 0.127901 0.0148586 0.00192205 0.0189138 0.0032493 
0.000659835 0.00603398 0.0042771 0.615807 0.00334703 0.00923744 1.10968e-05 0.142257 9.11479e-06 0.00804888 1.70583e-05 0.00469647 0.0369321 0.0190154 2.42634e-05 0.0108673 0.000335305 0.00108531 2.88965e-09 0.0650969 0.0109952 4.52949e-08 0.0611888 5.83864e-05 
0.0193003 0.0743652 0.0275376 0.200016 0.0237416 0.122856 2.80256e-05 0.0715119 0.00100968 0.00294691 0.000116759 0.033248 0.192913 0.0013978 2.37857e-10 0.00360851 0.00496441 0.0171531 6.45029e-08 0.0583986 0.0436261 2.08681e-08 0.0889982 0.0122613 
0.00047561 0.00617503 0.00230684 0.354266 0.00892928 0.0252529 2.64376e-05 0.0633425 0.000188418 0.00347113 6.31957e-06 0.00145599 0.0631159 0.00441422 1.03228e-06 0.00123768 0.00500653 0.00920831 2.49087e-10 0.179691 0.0345587 1.18144e-08 0.236805 6.58312e-05 
0.00395478 0.000457887 0.000443543 0.508531 0.00901749 0.0164251 0.00010829 0.158905 8.66964e-05 0.000811041 1.22375e-05 8.84154e-05 0.0728168 0.000214193 4.15969e-07 9.83897e-05 0.00085273 0.130165 2.78546e-08 0.0776794 0.000570357 1.56922e-07 0.0186171 0.000143375 
0.0104522 0.0858262 0.0128812 0.463777 0.0279522 0.0309907 0.00111151 0.0475234 1.71083e-05 0.0386117 1.54481e-05 0.000167081 0.0419612 0.0197512 0.0212528 0.00286981 0.00101603 0.0279198 5.45163e-08 0.0146977 0.0240338 4.833e-06 0.118691 0.0084757 
0.000936203 0.0310135 2.69365e-08 0.489453 0.0193593 0.00497116 1.28239e-05 0.0557004 2.31659e-05 0.0195303 2.46215e-05 3.5499e-06 0.0776791 0.0295064 1.57029e-05 0.00442601 0.000379179 0.130689 8.70754e-08 0.0689718 0.0394158 2.11948e-06 0.0236657 0.00422081 
0.000164978 0.0119329 0.00368325 0.496292 0.0334533 0.00647298 0.000123229 0.193931 6.02064e-05 0.0103457 9.1336e-05 0.0355829 0.0379896 0.000667183 6.5425e-06 0.00061447 0.00122733 0.0101137 7.51724e-06 0.107532 0.0140708 1.34682e-06 0.035318 0.000317762 
5.74639e-07 0.100439 0.00303319 0.175228 0.100456 0.0381827 0.00258218 4.1253e-07 9.902e-08 0.0155456 0.00021723 1.76536e-07 3.47955e-07 0.00232337 5.196e-05 0.0947838 3.14674e-08 0.0751475 5.78237e-05 2.70225e-08 7.63033e-07 0.117932 0.148625 0.125393 
0.00126089 0.023155 0.000227909 0.33702 0.0062916 0.0128241 0.000310627 0.169973 5.66468e-05 0.0349184 0.000109245 0.00342069 0.0307614 0.00169231 5.01009e-06 0.000113138 0.012116 0.0639454 0.000215335 0.0783941 0.00493704 9.94434e-05 0.217425 0.000726638 
0.00349114 0.0113411 0.00307237 0.271936 0.0618296 0.0761561 0.00351768 0.088098 0.000638911 0.00412381 0.000780075 0.000215069 0.0376753 0.105616 0.000517264 0.0039776 0.00553367 0.0268589 1.73895e-07 0.248108 0.0291542 1.12799e-05 0.0165132 0.000834194 
0.00522668 0.0579796 0.00314835 0.208267 0.0981243 0.0208573 0.00165386 0.20454 0.00172312 0.0176823 0.0103912 0.0197946 0.0458526 0.0898056 0.0028378 0.00252355 0.0123214 0.0482857 1.50075e-05 0.0857314 0.0115199 6.46753e-05 0.0502995 0.00135533 
0.00530157 0.0116639 0.000372067 0.596932 0.00107274 0.0704511 2.92996e-05 0.000374069 4.35682e-05 0.00199607 4.01085e-06 0.000217747 0.0112526 0.000280772 4.37468e-05 0.000200256 5.56224e-05 0.246056 8.31232e-05 0.0384763 0.00778206 1.65448e-05 0.00645306 0.0008413 
0.00183271 0.00211948 0.000336884 0.492092 0.00131182 0.0419198 1.53047e-06 0.03287 3.76932e-08 0.00464277 2.57458e-07 0.000259166 0.0622849 0.00509479 3.68463e-06 0.0203172 7.92043e-05 0.00016024 2.99025e-08 0.155754 0.0403642 7.35932e-06 0.138517 3.0681e-05 
0.00337162 0.0478631 0.0176593 0.274241 0.0399571 0.0707548 0.00262956 0.0814607 0.0196876 0.0125103 0.000322081 0.00421878 0.0318102 0.0268044 0.00734502 0.0328452 0.0227732 0.101034 1.40702e-07 0.0946435 0.0140203 1.94457e-05 0.085781 0.00824733 
0.0050665 0.0918499 0.0028985 0.277594 0.0578232 0.0344781 0.00173131 0.11107 0.00107339 0.0335356 0.00707034 0.00497321 0.155943 0.0184559 0.00226637 0.00478417 0.0109906 0.0115734 0.000646915 0.101165 0.0244805 1.39908e-05 0.0388359 0.0016794 
0.000361217 0.197158 0.0268143 0.208919 0.0196645 0.00507014 0.0268528 0.0303039 0.0016293 0.0047734 0.0594622 0.00553824 0.103184 0.0902546 9.41877e-07 0.000687785 8.73004e-05 0.0194655 0.000104195 0.143311 0.00147343 2.52603e-05 0.050305 0.00455376 
0.000677464 0.000520855 6.95606e-10 0.309417 0.0029755 8.38225e-06 0.000212824 0.0642137 3.04474e-06 0.00164034 3.36499e-05 0.0225512 0.00670149 0.0058196 0.0106415 0.21567 8.27e-05 0.0247999 2.24863e-09 0.0819007 0.00868801 3.39757e-05 0.060386 0.183023 
0.00748089 0.0261612 0.00725973 0.223263 0.0161558 0.0573517 0.0058042 0.0601393 0.00130905 0.0224996 0.000228594 0.00152069 0.0869747 0.0209393 0.000848083 0.00481815 0.0099315 0.0582552 0.000366502 0.214924 0.0558753 1.64616e-05 0.11072 0.00715816 
0.000278375 0.0186412 0.000870556 0.54347 0.00121776 0.0137438 8.89119e-05 0.0843941 2.92682e-06 0.00596503 0.00115698 4.59492e-09 0.0209013 0.086777 0.000222338 0.000117695 0.000216556 0.0383267 4.54137e-06 0.104669 0.00295203 2.16667e-05 0.0759143 4.70709e-05 
0.0026844 0.0113644 0.0282011 0.365924 0.00796553 0.0128018 0.000159517 0.0847586 0.00230846 0.000233786 9.21715e-06 0.00050247 0.0415792 0.000709592 2.24862e-06 0.000185847 0.000437134 0.00316225 4.44373e-08 0.363741 0.00689717 6.46548e-06 0.0652493 0.00111654 
0.000397615 0.0172683 0.00409561 0.659161 0.00892743 0.00441416 2.12269e-05 0.0460932 2.01866e-07 0.00138034 9.30481e-07 9.54223e-06 0.105341 0.000380062 1.84809e-09 0.000113538 7.25624e-05 0.00289715 2.97345e-07 0.0629768 0.045809 2.00726e-09 0.0406385 2.33178e-06 
0.0167656 0.121724 0.00156999 0.387255 0.0393157 0.0479903 0.00394033 0.18492 7.0431e-05 3.59715e-05 0.000745327 0.00202317 0.00373048 0.00046269 0.0089469 0.00128638 0.00697554 0.00567097 7.97939e-08 0.132333 0.0205843 1.419e-09 0.0117742 0.00188095 
0.00326291 0.0688171 0.0053336 0.264098 0.127958 0.0308049 0.000560896 0.113677 0.00211459 0.0101921 2.67404e-05 0.0124357 0.189263 0.00621847 0.00609775 0.00826006 0.00629675 0.00157715 1.26208e-08 0.0919571 0.00689899 2.95898e-06 0.0407014 0.00344535 
0.0148581 0.266182 0.0331578 0.355008 0.0544907 0.0476663 0.0249533 0.0147976 5.52449e-08 0.00349113 0.00171061 3.86904e-05 0.0391535 0.000497347 0.00588082 0.00233511 0.000218296 0.0115691 4.43139e-05 0.0272253 0.0636343 1.21696e-09 0.0330634 2.42049e-05 
0.00096248 0.0519667 0.000302201 0.28607 0.00542407 0.0555452 0.000186623 0.210174 0.000109269 0.00597368 2.49328e-05 0.00305447 0.0248254 0.000773097 4.80089e-05 0.00514505 0.000321702 0.0878771 3.25691e-06 0.208506 0.00913382 1.23399e-07 0.0431807 0.000391593 
0.00383451 0.0195737 0.00753623 0.229771 0.0264937 0.0362852 0.00190227 0.117498 0.00020519 0.0173129 2.89455e-05 0.00235642 0.0784923 0.00127648 4.37978e-05 0.0198419 0.00554569 0.134272 0.000170735 0.211128 0.0151922 8.32899e-06 0.0664006 0.00483033 
0.000182252 0.00292523 0.000760339 0.182581 0.0198421 0.0152778 2.89547e-05 0.125538 0.000212543 0.0241273 4.1793e-05 0.023365 0.165885 0.0092505 6.01727e-06 0.000589822 0.00729876 0.178715 8.40724e-12 0.143879 0.00562943 4.93754e-07 0.0936076 0.000255734 
3.51588e-07 2.82437e-07 4.1422e-07 0.698844 3.59996e-07 0.0344189 1.00856e-10 0.0558845 1.02818e-10 1.29765e-05 3.87547e-11 1.01984e-10 9.3098e-07 2.38866e-06 1.66562e-10 7.22485e-11 0.00447424 6.26129e-06 2.43412e-10 5.21322e-07 0.151205 1.80908e-10 0.0551302 1.87158e-05 
1.55278e-11 0.0321962 4.6212e-07 0.776213 0.000987871 0.00332163 4.14443e-08 0.05171 2.86123e-11 0.0050125 8.94918e-10 0.0010793 0.0119633 0.00999858 4.63512e-11 2.01055e-11 2.42505e-05 0.0441729 6.77374e-11 0.0159951 0.00203207 5.03435e-11 0.0452889 3.88187e-06 
0.003925 0.0229128 0.00301132 0.30239 0.0542091 0.0866798 0.000789649 0.0450279 0.00393355 0.0299498 0.00308841 0.0102017 0.103435 0.0152406 0.00131569 0.00168081 0.0322455 0.0768157 7.22772e-07 0.108959 0.0293944 9.72239e-06 0.0566645 0.00811952 
3.31172e-05 0.0648936 0.0010426 0.350446 0.00207762 0.0191501 4.24006e-06 0.207789 6.22661e-05 0.00319979 4.4532e-05 0.00548002 0.0277854 0.0181657 7.51635e-09 0.00136815 0.000743269 0.0665968 3.40107e-11 0.0513237 0.0035437 1.0021e-07 0.174039 0.00221006 
0.00559317 0.0343134 0.00654723 0.302542 0.0377225 0.0424562 0.00170556 0.0987032 0.000392424 0.0190904 0.00221283 0.00413928 0.0811509 0.0107818 0.000788383 0.00323351 0.0131997 0.0831115 1.40015e-05 0.119852 0.0210843 0.00105728 0.0990947 0.0112143 
9.35641e-05 0.0766644 0.000377239 0.332287 0.0699816 0.000835004 0.000185386 0.0344022 9.52687e-06 0.00500432 0.0698812 0.0112603 0.276548 0.00657918 3.85413e-05 0.00039438 6.17387e-05 0.00192213 1.17258e-07 0.0976434 0.000110492 0.000108584 0.0156099 2.38557e-06 
0.000266515 0.229642 0.0212107 0.531721 2.17144e-05 0.0182704 3.13917e-06 0.00074727 6.47487e-10 0.000400172 7.52676e-05 0.0785848 0.0304696 0.00582137 5.02905e-05 0.0344648 0.0369164 2.15597e-05 1.53288e-09 0.0113 6.49837e-06 1.13926e-09 3.08162e-06 2.60035e-06 
0.00465004 0.0290886 0.00136821 0.818687 0.0077197 0.0108356 0.000532309 0.038762 5.20802e-05 0.000132222 3.93847e-06 4.18519e-05 0.00257317 7.56541e-05 0.0130343 0.000112291 0.000789607 0.01551 2.84148e-06 0.0348371 0.0129277 2.11183e-06 0.00822646 3.55543e-05 
0.0393316 0.0206906 0.000188309 0.404344 0.0548005 0.0112124 0.000279532 0.0793761 0.00105419 0.15225 0.00186826 0.00018678 0.0733371 0.0233628 0.00015021 0.00113027 0.0107776 0.0711363 1.83066e-06 0.0313658 0.00476987 0.00054365 0.0155621 0.00228088 
0.00164567 0.185995 0.000982703 0.521358 0.054228 0.0660024 0.000264477 0.000263018 0.000788296 0.00047363 0.000260664 0.00108216 0.011638 0.0108478 0.00276266 0.0196126 0.000261794 0.00270984 1.67963e-06 0.00492353 0.0339092 0.000225417 0.0556996 0.0240634 
0.000496588 0.0185112 0.0033858 0.337664 0.0215249 0.0459801 0.000315708 0.0183941 0.00126723 0.0393053 3.70679e-05 0.00260287 0.0539644 0.00560356 0.000795934 0.0112778 0.0374537 0.064923 0.000747 0.0762766 0.00638548 0.000123453 0.212124 0.0408396 
0.000715429 0.106991 0.0160308 0.530032 0.0101598 0.0125173 0.00478703 0.0017494 1.67739e-07 0.0114922 0.00245952 3.74932e-06 0.0417716 0.0128451 3.93102e-06 0.000894687 0.000331211 0.0144778 1.03017e-07 0.103207 0.0027813 4.92003e-10 0.125298 0.00145084 
0.00212762 0.0282964 0.000510395 0.391648 0.0519237 0.0401572 0.00868172 0.0724155 0.00100376 0.00564597 0.0138573 0.152687 0.030265 0.00167164 0.0011079 0.000453987 0.00987855 0.0689702 2.64692e-09 0.0402812 0.00175066 1.50201e-05 0.068354 0.00829806 
0.00045163 0.0335261 0.00046103 0.288076 0.0234219 0.0336383 0.00467849 0.0775659 0.00595462 0.000880938 0.0033914 0.0196501 0.0588337 0.00172514 0.000333408 0.00798127 0.017421 0.10352 1.95149e-06 0.247323 0.0229306 1.4244e-05 0.0241694 0.0240499 
0.000811145 0.0171146 0.00330809 0.303973 0.00532752 0.00369117 0.000405781 0.202749 0.00192413 0.0016876 8.63007e-05 0.0785863 0.0719613 0.00569296 1.94568e-05 0.00249839 2.61564e-05 5.56939e-05 2.23841e-09 0.257151 0.000515079 2.51204e-11 0.0423961 1.87082e-05 
0.0047553 0.020249 0.00902854 0.620644 0.00182593 0.0150397 1.44508e-05 0.0359665 0.0157914 0.102201 2.77916e-05 0.00375487 0.0637031 0.00709928 9.39932e-05 0.00277018 0.00650603 0.00246463 2.81835e-05 0.0472655 0.0242654 4.14203e-06 0.0131744 0.00332617 
0.02314 0.00478993 0.00236151 0.286693 0.0186723 0.0869082 0.00018836 0.110376 0.000272544 0.00899768 0.00265985 0.00467843 0.0312586 0.012995 0.000394714 0.000349643 0.0952957 0.0227816 0.00227872 0.0406264 0.049481 1.24813e-05 0.192899 0.00188902 
0.0115241 0.025061 0.00655221 0.36391 0.0229492 0.089638 0.000664149 0.0211084 7.28345e-05 0.0205542 3.72758e-05 0.00984296 0.15083 0.0169482 0.00109904 0.000603622 0.05227 0.0134025 0.00107145 0.0349625 0.0757917 3.95421e-07 0.0665846 0.0145214 
0.0167837 0.0460752 0.00892002 0.251943 0.0587336 0.039005 0.00668693 0.0435509 0.0039239 0.119172 0.00250241 0.00167189 0.0433709 0.108975 0.00896588 0.0116123 0.0117259 0.0564978 1.56403e-05 0.0582247 0.0200686 1.7765e-05 0.0435877 0.0379688 
0.0031481 0.0765833 0.00580891 0.290912 0.00103016 0.074012 0.0017253 0.178038 5.12017e-05 0.00940366 0.000151718 0.0169485 0.142693 0.0225766 2.08459e-05 0.0109305 0.00215518 0.00870613 4.24378e-07 0.0938834 0.022048 2.33667e-05 0.0387822 0.000367217 
0.00029892 0.0694771 7.09766e-05 0.296116 0.0554274 0.0136017 0.00223789 0.0321868 0.00141 0.0331032 0.00011111 0.00387861 0.0725509 0.00069613 0.000567294 0.00124338 0.0794042 0.00856983 5.48423e-07 0.286728 0.027179 7.89343e-06 0.014844 0.000289931 
0.000876274 0.0154117 0.000446813 0.368496 0.0143056 0.0267335 0.000148927 0.0210797 0.00110954 0.00722619 2.08707e-05 0.000125593 0.0610605 0.0755624 2.06963e-08 0.00133093 0.000528849 0.0857924 3.70482e-05 0.185611 0.0225735 1.19422e-07 0.0786192 0.0329032 
2.53641e-06 6.07638e-05 0.0484635 0.859326 0.000433194 0.00505182 9.21349e-07 0.00956444 2.50733e-05 9.05262e-08 1.01332e-05 0.0278328 0.0297005 0.00335262 2.47963e-07 0.000489749 3.62679e-08 4.95018e-08 3.62372e-07 0.0149131 4.81941e-08 2.6932e-07 0.000575666 0.00019625 
0.00330251 0.0217942 0.0130969 0.432034 0.0140545 0.0341727 0.00429003 0.011879 0.0119629 0.0100075 8.60774e-06 0.000103752 0.15271 0.0109493 0.000262895 0.0120332 0.000278074 0.0069012 0.000178867 0.0699987 0.0476934 6.09234e-06 0.134889 0.0073927 
0.00156334 0.000393109 2.0832e-05 0.623497 0.0154589 0.0148457 7.78359e-08 0.050689 0.000241454 0.0181023 4.80053e-06 1.38912e-07 0.0921334 0.00146869 2.68165e-08 1.08807e-07 0.000141317 0.0860138 7.74654e-09 0.0187718 2.58666e-05 6.56909e-05 0.0765627 5.02187e-12 
0.0011355 0.0244113 0.00341118 0.22415 0.153319 0.0289089 0.0101133 0.10712 0.000133184 0.00939521 1.32794e-05 0.0185529 0.19097 0.00398163 0.000553821 0.000202958 0.0171857 0.0371782 1.28444e-09 0.122009 0.0040055 3.31463e-06 0.0409985 0.00224734 
0.000143243 0.0033124 3.03029e-08 0.368038 0.0836221 0.024141 5.53902e-08 0.0947273 3.23399e-08 0.0438228 6.99813e-06 9.88563e-08 0.0421639 2.99543e-12 1.90794e-08 7.74322e-08 0.00548259 0.115872 5.50564e-09 0.0309783 0.00824524 1.89721e-08 0.179444 2.02633e-12 
0.0109595 0.0375539 0.0100167 0.241949 0.0430475 0.0884669 0.00121742 0.0694463 0.00135278 0.0146104 0.00188327 0.00641599 0.0427894 0.00621035 0.00102564 0.0235082 0.0145779 0.0317504 0.00479904 0.190273 0.0336743 1.40052e-05 0.115843 0.00861557 
0.0198643 0.0279341 0.00166446 0.204569 0.0565099 0.065374 0.0834689 0.0273996 0.00487058 0.0476055 0.00549929 0.0108495 0.0380648 0.00347695 0.0517172 0.00608609 0.0413345 0.0185217 2.29968e-07 0.113107 0.0870966 1.5003e-08 0.0836852 0.00129986 
3.03835e-08 0.171264 1.83915e-07 0.228622 0.0307188 0.0384255 0.000374094 0.0120103 6.20371e-08 0.0672732 0.000105454 1.50047e-11 0.0781981 0.00965266 1.02949e-07 5.63484e-08 2.08252e-07 0.0083879 0.157952 0.0856613 0.00151579 0.000208093 0.109058 0.000571969 
0.0303663 0.0405466 0.00247384 0.242968 0.0501808 0.0399047 0.000529802 0.123858 0.000206556 0.0407328 0.00393579 0.00828577 0.105625 0.0306373 0.00686432 0.00126023 0.0266763 0.0777556 2.20409e-07 0.110024 0.00945711 1.99773e-05 0.0446872 0.00300381 
0.00194261 0.0995313 0.0194619 0.641024 6.39436e-05 0.0189825 0.00010494 0.00636219 0.000216545 6.62503e-06 0.00806739 0.0138389 0.0885894 0.0052452 0.00013086 0.000194179 1.22883e-05 0.00166442 7.89983e-08 0.00947232 0.0376627 5.87127e-08 0.0469467 0.000478701 
0.00332837 0.0294393 0.0014561 0.276812 0.0135807 0.0191438 0.00026204 0.167603 4.41361e-05 0.00264623 1.64678e-05 0.000845044 0.0424797 0.000235792 7.10312e-05 7.88227e-06 0.000360407 0.117935 2.0651e-07 0.155917 0.00043078 1.51317e-06 0.164096 0.00328756 
0.000661072 0.00873296 8.20017e-05 0.317391 0.0196644 0.0136827 0.000884051 0.0766497 0.000181442 0.00204471 2.19226e-05 4.29802e-05 0.0215579 0.00110663 2.05714e-05 0.000346917 0.018307 0.0238272 2.43059e-07 0.224359 0.00478321 1.28036e-05 0.263999 0.00164012 
0.00111427 0.0474205 3.06075e-05 0.266266 0.0123591 0.0343665 0.000194891 0.0698521 1.39038e-05 0.0445385 7.28322e-06 0.00184926 0.0927763 0.0138645 8.92924e-05 0.00126922 0.00127024 0.0363639 1.77458e-05 0.212578 0.0140008 1.78241e-06 0.149705 5.02913e-05 
0.000387787 0.0087772 0.00229315 0.356257 0.000501897 0.00768705 2.74095e-05 0.099551 8.18784e-05 0.0607533 2.05039e-05 5.91114e-06 0.0909653 0.00227819 1.67594e-06 0.00307684 0.00177484 0.0166509 9.09937e-05 0.0196177 0.0016689 3.54381e-07 0.327407 0.00012341 
0.00836668 0.0210702 0.00672343 0.181304 0.0271462 0.0238011 0.00353831 0.0637632 0.000253463 0.0117009 0.052606 0.00409764 0.138198 0.0697288 0.00128985 0.0034533 0.0121021 0.0197711 1.75419e-05 0.179236 0.0156437 0.00137881 0.110736 0.0440743 
0.00078587 0.00788759 0.0393399 0.234334 0.020529 0.0529284 0.000263122 0.179777 0.00534288 0.029313 1.65329e-05 0.00448103 0.169504 0.0736037 0.000240258 0.00839757 0.00120944 0.00748527 1.58213e-06 0.0370535 0.0137913 4.06156e-06 0.0813038 0.0324073 
0.0269 0.0633642 0.0500773 0.170758 0.00679867 0.113377 0.00683536 0.0869727 0.000964754 0.0014032 1.8939e-05 1.13544e-05 0.140355 0.00234344 0.00815787 0.0160994 0.021484 0.0540597 1.57284e-09 0.0552309 0.136084 6.51539e-08 0.0369574 0.00174708 
0.001188 0.0143313 0.000177769 0.688896 0.0103105 0.0208755 0.00562539 0.0162324 1.02039e-07 0.00167108 0.00217439 2.28412e-06 0.0314323 6.64824e-08 2.39473e-06 9.67024e-06 0.00037957 0.0221195 7.7883e-06 0.0869303 0.00048715 2.46953e-11 0.097146 5.90441e-08 
0.00338456 0.117687 0.000611733 0.178355 0.0718689 0.047701 0.0126281 0.0174026 0.0284223 0.0149814 0.00045125 0.000612236 0.023258 0.0120071 3.60823e-05 0.0186951 0.0297022 0.125358 0.00232313 0.143758 0.000791453 0.016114 0.0673614 0.0664905 
0.00347264 0.0168618 0.00143936 0.448323 0.0163559 0.0397131 0.000351315 0.0456134 0.000561319 0.0260673 0.00051014 0.0140728 0.0160588 0.00242036 0.00104192 0.00904363 0.00324332 0.0487069 6.64861e-08 0.126977 0.00235397 3.29333e-05 0.140227 0.0365519 
0.00229601 0.0234389 0.00138807 0.153709 0.00754489 0.0590335 0.00664606 0.1292 0.000904498 0.0447581 0.0473842 0.0111569 0.0388636 0.0668846 1.65925e-05 0.0285406 0.00248048 0.137031 7.98498e-07 0.0812622 0.0112722 1.39366e-05 0.129566 0.0166074 
0.00785046 0.00835637 0.00354794 0.568189 0.0148485 0.0200983 0.000945991 0.040344 0.000607422 0.169388 0.00315962 0.00580495 0.018554 0.00203421 0.000922452 0.00189107 0.0168051 0.0126478 8.11108e-06 0.0773537 0.00295115 5.52557e-05 0.0230499 0.000587106 
1.06542e-05 0.0706666 2.14892e-09 0.49317 0.181629 2.55367e-06 1.23052e-06 1.49126e-05 7.62137e-05 1.73538e-09 1.106e-09 2.91047e-09 0.0252134 0.00060173 0.0235119 1.05232e-05 1.20246e-06 0.193012 6.94662e-09 0.00505086 9.23875e-10 5.16284e-09 0.00702809 1.46857e-09 
0.00133905 0.0156913 0.00816312 0.300763 0.0225432 0.0709686 0.00195356 0.0578278 0.000994051 0.0113161 0.000339817 0.00167756 0.0364443 0.00429944 0.000122176 0.00641183 0.0128222 0.030513 8.12775e-07 0.269951 0.00460494 0.000426644 0.136692 0.00413394 
0.00110678 0.0759185 0.017284 0.463764 0.013639 0.0145514 8.22677e-08 0.0253913 1.78913e-05 0.00613428 4.96149e-07 0.0125947 0.0947149 0.22729 5.51123e-05 0.0207177 0.000220348 0.00031729 1.01899e-09 0.00305241 0.0232285 7.5733e-10 7.94305e-07 2.15422e-10 
0.00453277 0.0740294 0.00128241 0.326302 0.0972416 0.0400728 0.0117106 0.0967535 0.000144468 0.0180965 0.0134336 0.0733138 0.0894136 0.00376713 0.00130438 0.00031495 0.00158593 0.0649554 7.72305e-06 0.0440324 0.0051599 4.15208e-06 0.0259561 0.00658502 
0.000227329 0.0120349 0.000293725 0.492775 0.00134422 0.00816759 5.1279e-05 0.103891 2.0708e-05 0.0859319 5.49115e-05 1.48003e-05 0.0133879 0.00280217 3.99081e-06 0.000288376 0.00489675 0.00668417 1.02898e-05 0.0346972 0.00234749 1.29928e-06 0.228909 0.00116308 
0.000176535 0.205482 4.69183e-05 0.37528 0.0316227 0.000103757 0.00929652 0.0835576 0.000143916 0.00287193 0.00828844 0.0750596 0.0366622 0.00303271 9.68755e-05 0.0048105 0.00122676 0.0450716 2.79007e-10 0.0795877 0.000151142 3.30729e-06 0.0364537 0.000973974 
0.0316538 0.131135 6.82536e-08 0.291668 0.15927 0.00464481 0.000124854 0.0309797 0.00409038 0.123769 0.000203567 0.00699506 0.0745043 0.0335899 0.000970584 8.92993e-06 0.00468209 0.0300585 0.00329239 0.0167444 0.00179058 0.000154565 0.0493739 0.000295392 
0.00270575 0.0348435 0.00455322 0.355673 0.0265731 0.0328919 0.000975293 0.0800475 0.000597849 0.02413 0.000582752 0.00667303 0.0527424 0.00792672 0.000206117 0.00714388 0.00661052 0.0304553 8.81755e-06 0.246183 0.00910642 2.35046e-05 0.067188 0.00215811 
0.00122734 0.0354271 0.0143787 0.536691 0.00458259 0.04281 0.000433834 0.000693586 2.9365e-05 0.00716342 3.42523e-05 5.24028e-05 0.0210227 0.123369 0.00123451 0.00144458 0.00230365 0.0126474 0.00434213 0.0352035 0.0111207 0.0119348 0.0406785 0.0911746 
0.0272792 0.0270114 0.00104067 0.279545 0.0225923 0.0199418 0.00416998 0.17743 6.71382e-05 0.0837468 0.012072 0.00513788 0.0434875 0.00115467 0.00110371 0.00406279 0.150369 0.0197718 0.00808122 0.0810423 0.0105337 7.52623e-07 0.0197385 0.000620105 
0.00118384 0.00234289 1.09789e-05 0.288433 0.0130908 0.00690646 8.61647e-05 0.211502 5.04039e-05 0.000533933 1.58316e-06 1.51864e-05 0.0206274 0.000493637 1.28956e-05 5.7601e-08 0.0178232 0.186624 4.6022e-10 0.221571 0.00252847 1.2745e-05 0.0260264 0.00012371 
8.77803e-05 0.175509 0.000135558 0.514134 1.91234e-05 0.0764611 3.67439e-08 0.000486276 3.74584e-08 0.0508097 1.41191e-08 0.00638532 0.0422461 0.00110373 1.20121e-05 0.00113728 8.8755e-09 0.00183444 8.86798e-08 0.0904739 0.0126351 6.59082e-08 0.0240736 0.00245508 
4.42197e-06 0.120527 0.00710525 0.368488 0.00672615 0.00460423 0.000158365 0.313287 7.19128e-08 0.000734302 8.86097e-05 0.00156524 0.0199674 0.000502237 3.93326e-05 0.00429469 2.09248e-05 0.00111011 9.37042e-11 0.0988921 0.021226 6.96424e-11 0.0305952 6.33348e-05 
0.00390197 0.0285545 0.000267069 0.23547 0.0456228 0.0329349 0.000613078 0.22866 0.000897546 0.0386862 4.35654e-05 0.03032 0.0492107 0.00996791 2.29482e-05 0.00027276 0.0508487 0.122101 2.50399e-09 0.0510268 0.0115121 1.67067e-05 0.0586878 0.000360623 
2.7586e-07 0.144695 4.40939e-08 0.302034 0.145721 0.0514794 0.000105253 0.0127402 1.67636e-08 0.168126 0.0023378 7.95375e-07 0.0849269 0.0341947 0.000101414 4.36117e-12 0.00417819 0.0110001 2.82125e-07 0.00793415 0.00884302 7.75447e-08 0.0215801 7.33107e-08 
8.77803e-05 0.175509 0.000135558 0.514134 1.91234e-05 0.0764611 3.67439e-08 0.000486276 3.74584e-08 0.0508097 1.41191e-08 0.00638532 0.0422461 0.00110373 1.20121e-05 0.00113728 8.8755e-09 0.00183444 8.86798e-08 0.0904739 0.0126351 6.59082e-08 0.0240736 0.00245508 
9.43907e-05 0.00225249 0.000619727 0.230425 0.0139229 0.0313825 0.000365226 0.118091 0.000365629 0.0104009 2.32192e-05 3.95664e-06 0.0370296 0.0405542 8.23396e-05 0.00561937 0.00225215 0.156366 1.87996e-11 0.20749 0.00613042 1.12336e-05 0.136447 7.08806e-05 
2.62044e-08 0.00978487 0.000347936 0.501874 0.0671327 0.00151921 0.0016107 0.0377932 9.01232e-05 0.00364579 5.18481e-07 0.0798921 0.0325262 0.000286037 4.14504e-09 0.00200519 0.000200901 0.0074976 1.70773e-10 0.159894 0.000529253 1.26921e-10 0.093246 0.000123436 
0.00611056 0.0131309 0.0456148 0.253412 0.0126154 0.0510638 0.00141615 0.0860314 0.00106273 0.00805967 7.56217e-05 0.00635702 0.148123 0.00465189 0.000500599 0.000922022 0.000281918 0.0939832 9.26942e-07 0.164357 0.0454959 2.45404e-05 0.047904 0.00880499 
0.00756848 0.0552336 0.00834006 0.167493 0.0347304 0.141443 0.00140418 0.0225996 0.00192142 0.0796591 0.00230684 0.00367084 0.0503223 0.00947594 0.0001382 0.0215604 0.0277234 0.129769 1.11062e-06 0.079503 0.0553219 1.73278e-05 0.0832932 0.0165038 
0.00981831 0.0190487 0.0166907 0.262051 0.0124509 0.074837 0.000398625 0.178093 0.000113011 0.00742221 1.86229e-05 0.00155908 0.0333475 0.000456444 0.000266277 0.000471411 0.0483847 0.0411135 4.87068e-05 0.180716 0.0609712 3.08634e-06 0.0509498 0.000770258 
0.0667924 0.0852494 0.00175388 0.365749 0.000215414 0.0395916 0.00021857 0.0304032 1.17685e-05 3.36009e-05 3.48791e-06 9.97312e-05 0.0575153 0.0038951 3.29013e-06 0.000269995 0.0366073 0.000556214 3.27177e-05 0.0455996 0.210354 1.06685e-06 0.0549154 0.000128505 
0.00354738 0.0506708 0.000125061 0.752816 0.00783888 0.00236918 0.000105999 0.0200203 1.12848e-05 0.027553 0.00790221 5.15668e-06 0.00930979 0.00067007 4.18799e-06 0.00323872 5.31833e-05 0.0021048 3.04712e-08 0.00863984 0.00277399 2.84876e-07 0.100235 5.22156e-06 
0.00125599 0.0759227 0.00501595 0.283108 0.0286508 0.0282852 0.000427791 0.0718128 0.000296991 0.00238193 0.000102972 0.0229755 0.0375643 0.0941382 4.24365e-05 0.0599284 0.00140084 0.00505164 0.000341484 0.142297 0.0258095 7.74868e-06 0.103969 0.00921316 
0.0241075 0.0502215 0.00547682 0.219904 0.0223364 0.0445699 0.00282203 0.132361 0.00132751 0.0145781 0.00517047 0.00233572 0.0690508 0.00835283 0.000402961 0.00821413 0.0307436 0.0697861 1.87564e-05 0.17356 0.0532015 1.2959e-05 0.0557243 0.00572168 
2.08091e-10 8.42962e-08 4.58376e-07 0.599888 1.14223e-07 0.13207 2.08002e-07 0.0213393 1.93092e-07 0.00384468 1.44528e-10 1.03787e-07 0.0196061 0.0223237 2.08354e-06 8.64394e-08 8.62473e-05 2.25914e-07 9.07759e-10 0.0296419 0.00807351 6.74661e-10 0.163123 1.94671e-07 
0.000824902 0.00397429 0.00699058 0.272693 0.000492015 0.013188 2.39226e-05 0.204549 1.31706e-07 0.000306629 1.30546e-07 5.07914e-06 0.114423 0.0048784 3.5225e-06 0.0324651 0.00282283 0.00212771 4.28137e-09 0.0925107 0.0186469 1.39346e-07 0.22888 0.000193586 
0.00192017 0.0154863 0.0018484 0.179289 0.154893 0.115422 0.000493029 0.0122169 9.30639e-05 0.0159827 6.92151e-05 0.00171905 0.0315351 0.0430151 0.0029522 0.00211593 0.0188138 0.0484378 1.75944e-07 0.165969 0.0353758 5.99247e-06 0.146594 0.0057535 
0.000303509 0.0521542 0.0010425 0.883645 0.000594499 0.0168148 1.33053e-08 0.000150168 2.54908e-06 0.00183511 3.49059e-06 3.32862e-06 0.00391908 0.00439137 1.25167e-05 0.000793001 9.13704e-05 0.00051567 3.21116e-08 0.00621111 0.0206905 9.43416e-07 0.00679875 2.66499e-05 
0.0349325 0.0534959 0.00128296 0.294531 0.174976 0.0136146 0.00364556 0.164135 0.00014612 0.012894 0.00329257 0.0213774 0.0800586 0.000415462 0.00431543 7.4484e-05 0.00340482 0.0384344 2.96881e-09 0.0409561 0.00186847 1.21912e-09 0.0521387 9.62957e-06 
0.0084886 0.0838494 0.00148143 0.302807 0.223743 0.0309495 0.0101837 0.081089 0.00151839 0.00835098 0.00250826 0.00811097 0.0202305 0.00015059 0.00075162 4.65281e-05 0.0198287 0.0429426 7.45023e-09 0.123972 0.00271669 0.000185071 0.0251961 0.000899675 
5.76353e-05 0.00571042 5.58707e-05 0.702391 0.0151762 0.000379971 0.000283359 0.0152899 7.51209e-06 0.0412229 0.00108702 1.54195e-05 0.0335954 0.0024207 3.25781e-06 1.97443e-08 1.77176e-05 0.128472 9.76161e-05 0.0319211 4.17472e-06 0.0052348 0.0164411 0.000115345 
0.00828325 0.0885574 0.0101599 0.242133 0.0382791 0.0382858 0.00797308 0.104157 0.00141508 0.00556225 0.0033576 0.0126143 0.080988 0.0166594 0.0182482 0.00602949 0.00464893 0.0116257 7.54747e-06 0.15621 0.0307366 7.85158e-06 0.113164 0.000895807 
0.00190819 0.0132051 2.02343e-07 0.226142 0.0418152 0.0514273 0.00272691 0.127526 0.00111935 0.127972 8.30514e-05 0.008727 0.0736354 0.000503022 0.00022749 0.000361185 4.17018e-05 0.17671 4.6584e-11 0.0399708 0.0698191 7.28006e-06 0.0348315 0.0012406 
0.00156116 0.168982 0.00267991 0.275798 0.0499458 0.031129 0.00651581 0.0377374 0.000143868 0.0186901 0.000315744 0.0285572 0.159869 0.0161956 0.000195604 0.00880851 0.00718679 0.00716665 0.00141516 0.106426 0.00794025 2.76682e-06 0.0602971 0.00244103 
8.25672e-05 0.0564389 0.0011601 0.576684 0.0138782 0.000818331 3.87953e-05 0.0246751 0.000303847 0.0011466 1.25492e-05 0.0966685 0.175132 0.000153093 1.37773e-10 0.000103225 0.000491833 0.00222842 2.01341e-10 0.0316833 0.000328905 0.000119071 0.0177833 6.8794e-05 
0.00188735 0.126503 0.0133516 0.190019 0.033326 0.0271893 0.00134761 0.0399476 0.00503515 0.0180122 0.000903093 0.0354777 0.163093 0.0338423 0.00192926 0.0331297 0.00384984 0.0214304 3.53405e-07 0.133224 0.0116301 6.08433e-06 0.0998195 0.00504615 
0.00182324 0.048517 0.110947 0.21809 0.14304 0.0834241 0.000124243 0.0355842 2.33596e-05 0.0236324 0.0116945 0.000222608 0.0172224 0.00276896 3.0907e-05 0.00354312 0.0467367 0.0932219 0.00701847 0.0995822 0.0343066 8.74247e-07 0.0151754 0.00326935 
0.000688802 0.000447576 4.09959e-05 0.421833 0.00367226 0.0145609 0.000448788 0.0767033 8.51361e-08 0.000799638 1.84584e-07 0.00118088 0.0103461 1.8643e-05 9.539e-06 0.00209849 0.00372644 0.0279305 3.94432e-10 0.31933 0.000343378 2.93148e-10 0.115813 7.56165e-06 
0.0146762 0.0180213 0.0111621 0.241348 0.00357423 0.106457 2.1921e-05 0.22709 0.000106027 0.0171699 2.53696e-05 0.000879309 0.026819 0.000644578 1.3676e-06 0.000282448 0.0507823 0.0156569 0.000136012 0.127146 0.0760776 8.60708e-06 0.0603653 0.00154858 
0.0095806 0.0131887 0.000147362 0.457164 0.114802 0.012493 0.00250165 0.0151607 0.00123002 0.20209 7.26026e-05 8.31126e-05 0.00842079 0.000386193 0.000329598 1.16832e-07 0.00930483 0.0644694 1.59646e-08 0.0741024 1.20166e-06 1.34803e-08 0.0124114 0.0020594 
0.00416968 0.0349476 0.00291391 0.340816 0.0534006 0.0180525 0.00161451 0.0548814 0.00156837 0.0636006 0.00309795 0.00438276 0.177041 0.0173423 0.000524853 0.00249129 0.00901819 0.0361826 0.000821279 0.114115 0.00700811 0.00189053 0.0481172 0.00200173 
0.00161535 0.0823052 0.0173037 0.286134 0.0127066 0.0769392 0.00523727 0.0585184 6.74435e-05 0.00927833 0.00300346 0.0154553 0.108383 0.00916064 0.000336692 0.0504273 0.00450733 0.0296347 3.82295e-05 0.134164 0.0240836 0.0200449 0.0450201 0.00563493 
0.0109818 0.096119 0.0340525 0.179664 0.00366016 0.123512 0.000133948 0.0602001 7.88075e-05 0.00535298 9.48695e-05 0.00435648 0.0648846 0.0211455 0.000130058 0.00279644 0.00139746 0.0205456 5.83796e-08 0.0319698 0.154076 2.75135e-06 0.0647018 0.120144 
0.00264915 0.148713 0.00932173 0.3489 0.0664548 0.0670529 0.00251257 0.00695077 0.000788388 0.0436289 0.000347609 4.91466e-05 0.0518314 0.0679269 1.53009e-05 0.0345795 0.011917 0.013319 0.00223622 0.0724532 0.0117962 5.45433e-06 0.0288099 0.00774045 
0.0106106 0.0083022 0.00620566 0.318772 0.0249658 0.00966239 0.00151703 0.0489265 0.00177522 0.00620856 0.000939555 0.00541268 0.0282501 0.000962748 8.27042e-06 0.000265917 0.0107183 0.0514338 7.89453e-09 0.132738 0.00519881 0.131004 0.141657 0.0544642 
0.0103494 0.061671 0.00224372 0.236746 0.0155378 0.0253298 0.00117933 0.223886 0.000325517 0.00240731 4.18093e-05 0.0070835 0.0281526 0.0403861 0.00306442 0.00121132 0.00313821 0.0732373 0.000886147 0.0978535 0.0235872 4.39459e-06 0.140098 0.00157955 
0.0337851 0.0168051 0.000645318 0.282345 0.0494053 0.0470047 0.00223154 0.196424 8.89728e-05 0.0121547 0.00778892 0.0511423 0.0692262 0.00605083 0.000514214 2.92465e-05 0.0259003 0.0426891 1.8871e-08 0.053569 0.0152607 4.85327e-08 0.0867147 0.00022491 
0.00023925 0.0281341 0.00259941 0.185716 0.100954 0.0154021 0.0197678 0.0116817 0.000161372 0.174555 0.000111295 0.00165444 0.131192 0.166922 0.000311475 0.00133561 0.000418999 0.00386308 1.42687e-06 0.0828337 0.00712398 7.22437e-07 0.0566565 0.00836396 
0.00891194 0.00482187 7.29816e-05 0.309358 0.00649263 0.0437984 1.6592e-07 0.103696 1.17488e-10 0.0146144 4.55525e-08 0.000489449 0.155014 0.0046407 0.000522371 0.000968386 0.00660158 0.00127152 2.78143e-10 0.160077 0.00256941 4.8685e-08 0.17608 5.88014e-11 
0.00912985 0.0427189 0.00170693 0.237676 0.0374272 0.0314347 0.000565007 0.141375 0.0226946 0.0128292 4.68983e-05 0.00139284 0.0704687 0.00113708 7.30174e-05 0.0134519 0.00283937 0.0792147 0.0057787 0.0887061 0.0307532 2.72167e-05 0.144135 0.0244179 
0.00139612 0.0534915 0.0024455 0.284307 0.0666028 0.0173896 0.00121059 0.0276117 0.00108987 0.030317 0.00442226 0.000155152 0.204583 0.0132053 0.00198787 0.0131009 0.0246425 0.00339179 3.3406e-06 0.153086 0.00688564 2.50522e-05 0.0619376 0.0267122 
