1.29464e-05 0.0233879 0.00672277 0.451628 0.00529337 0.0478335 0.000924152 0.0278342 0.000308858 0.0387758 6.92123e-06 0.000951229 0.0598588 0.150714 1.38617e-05 0.0110403 6.84204e-05 0.0427993 4.00674e-05 0.0259415 0.0218303 6.31169e-06 0.0823761 0.00163172 
0.00165135 0.0130819 0.000462841 0.264458 0.110183 0.00692952 0.000373996 0.176785 0.000251499 0.00761542 0.0271993 0.00347007 0.177718 0.0261412 0.000815339 0.00103914 0.0233168 0.0503974 2.56911e-08 0.0773425 0.0111706 1.90505e-05 0.0191102 0.000467477 
0.00260937 0.0209777 0.00015559 0.308494 0.2344 0.0047182 5.39986e-05 0.0215757 2.48629e-05 0.0278757 1.92909e-05 2.31467e-05 0.142313 0.164577 0.00152519 0.000162213 0.000953345 0.040115 1.17407e-10 0.0130894 0.0134366 4.13687e-08 0.00195725 0.000942688 
0.00195513 0.130213 0.00313004 0.216066 0.186163 0.0094848 0.00181955 0.023368 0.000208347 0.0173165 0.00806803 0.01869 0.0519136 0.00383203 0.00343734 0.0270349 0.00623088 0.130656 1.27919e-06 0.0758054 0.0113754 5.20803e-05 0.0569333 0.0162455 
0.004624 0.0185476 0.010303 0.171525 0.00949682 0.153367 0.000420976 0.145737 0.000208966 0.0127023 5.30602e-05 0.00164128 0.0181154 0.152649 0.000320872 0.0126839 0.00080964 0.103663 1.08666e-05 0.0346154 0.109021 4.12737e-05 0.0182934 0.0211485 
0.000150414 0.193911 2.7709e-05 0.389741 0.00822873 0.00739856 2.09365e-05 0.120624 0.000888427 0.00419205 7.36742e-08 0.000509426 0.0112474 0.00271317 8.82031e-06 0.0109479 0.00024737 0.00973073 2.60269e-11 0.130588 0.00187434 2.73746e-08 0.105709 0.00124126 
0.0318793 0.0089016 0.00590033 0.37989 0.0190973 0.0960598 0.000115755 0.0449187 0.01217 0.00603383 5.71106e-05 0.00811021 0.0137812 0.00045789 2.02751e-05 0.000822768 0.00249153 0.217769 1.2873e-08 0.0172581 0.0209819 1.28054e-06 0.112111 0.00117182 
0.00136038 0.109077 0.00138369 0.394453 0.0682989 0.0716617 0.00318534 0.0211267 0.0421209 0.0369855 0.000332655 0.00187263 0.0686709 0.000688724 3.65218e-05 0.00333777 0.00771036 0.0397995 0.0133333 0.0428832 0.00510869 0.000380976 0.0493224 0.0168691 
0.000695665 0.00175621 0.0228115 0.384864 0.0205176 0.0739655 8.78819e-05 0.0281622 2.83337e-06 0.00222582 0.00774867 1.78044e-06 0.0309606 0.141558 0.00287533 0.0212968 0.00165357 0.0370182 1.0631e-06 0.0765969 0.108172 5.95362e-07 0.0367018 0.000325395 
2.1395e-07 0.000742587 7.72002e-05 0.31512 0.0384165 0.00727589 1.92677e-05 0.163261 5.77345e-05 0.0278332 5.51275e-08 1.57837e-06 0.197405 0.0125526 1.2702e-05 8.12567e-05 0.071606 0.0116427 6.14447e-08 0.123351 0.000143052 5.19856e-06 0.0295216 0.000872919 
0.00201326 0.0561999 0.000826638 0.389408 0.223326 0.00748841 0.000693662 0.066604 9.53355e-05 0.0025347 0.0004845 0.0188059 0.0760069 0.00271782 0.000146199 0.0138266 0.0020335 0.00940426 1.15544e-06 0.094228 0.00651476 3.09304e-06 0.0249196 0.00171827 
0.010483 0.0142937 0.00266431 0.414489 0.00133149 0.0748888 0.000158786 0.0117094 0.000440935 0.00445937 1.6396e-05 0.00015848 0.0256158 0.00539198 0.000172514 0.0731341 0.00104105 0.0173266 0.00433298 0.210337 0.0150564 7.12124e-06 0.105215 0.00727517 
0.00159351 0.0475561 0.00365103 0.491791 0.0103694 0.0937582 0.00888935 0.0385446 0.00589153 0.0695235 0.000201104 0.00419062 0.0487488 0.0190818 0.000845223 0.00638834 0.0212944 0.00995226 5.30164e-06 0.015047 0.0194816 3.85217e-05 0.0557256 0.0274311 
3.58096e-07 0.000252265 1.58336e-07 0.771666 0.00189956 0.0115753 6.02755e-08 0.0557117 2.5864e-08 4.3936e-08 2.31612e-08 3.69762e-11 0.0124338 6.22217e-05 6.039e-11 2.6195e-11 0.0583798 0.0343651 8.82536e-11 0.0287319 0.0105899 3.89641e-08 0.0143319 1.86575e-11 
0.00994726 0.016047 0.00769866 0.189226 0.00355266 0.158442 0.000782268 0.157737 5.75255e-06 0.00167188 3.84103e-07 0.00176457 0.0277793 0.0482701 6.56457e-07 0.0169806 0.0152281 0.0615973 1.41824e-07 0.125584 0.117534 2.87782e-06 0.018283 0.0218647 
0.000527674 0.0567866 0.00104935 0.384732 0.055547 0.0167759 4.12638e-05 0.00780674 0.000565021 0.384 0.0028434 0.000100269 0.0144083 0.00812224 2.62658e-05 0.00144878 0.000364963 0.0269628 3.60444e-06 0.0107579 0.00657992 4.44631e-06 0.0198849 0.000660602 
0.0413388 0.0162997 0.0105115 0.248851 0.00963938 0.0394489 8.45176e-05 0.0570563 2.43057e-08 0.00314242 2.56815e-07 1.29333e-05 0.0753862 0.107831 0.00641802 0.00254028 0.0491477 0.0804885 1.81736e-08 0.128901 0.0986378 3.52922e-07 0.0161715 0.00809226 
0.00492884 0.00755829 0.00142895 0.532084 0.015971 0.0409821 0.00078868 0.0367807 0.00548512 0.015362 1.91936e-05 0.00611092 0.0464828 0.00841061 0.0177376 0.00076861 0.0103421 0.0195252 6.31702e-09 0.1737 0.00760403 3.52531e-06 0.0470209 0.000904567 
2.27835e-05 0.055719 0.00703951 0.222422 0.00336617 0.0501465 2.06411e-05 0.00386788 5.09826e-07 0.0733082 3.4145e-05 5.36952e-05 0.0183989 0.214543 0.0118317 0.00301068 0.00352508 0.0150365 0.000141718 0.0163001 0.116458 3.17029e-09 0.177909 0.00684413 
0.00757106 0.0181974 0.0199755 0.363198 0.0196506 0.0753522 0.00166992 0.106946 0.000286345 0.00509318 3.10279e-05 0.000276322 0.00750334 0.00192501 5.52862e-05 0.00109624 0.00673629 0.00552578 3.0513e-10 0.173842 0.020595 0.00053933 0.158195 0.00573863 
0.0106059 0.0067923 0.00430211 0.307054 0.0040015 0.0443289 8.56536e-05 0.292896 0.00014056 0.00120784 3.23565e-05 0.0273384 0.052159 0.00195572 5.90893e-05 3.37962e-05 0.00447067 0.0148287 9.62397e-12 0.180269 0.033034 4.9894e-07 0.0144037 3.49889e-08 
0.00305943 0.0356014 0.00244221 0.552661 0.0304546 0.0110552 0.00776466 0.0437663 0.000188586 0.0156301 0.000384946 0.000691376 0.124382 0.00187222 0.00192991 0.014034 0.00422618 0.00571218 1.07619e-05 0.10569 0.00827914 3.02119e-06 0.0287345 0.00142696 
6.82234e-06 0.0113003 0.00090905 0.510478 0.0307114 0.00138138 8.00335e-05 0.0625105 4.43612e-05 0.0439304 5.86454e-05 1.37469e-05 0.0224096 9.47441e-05 2.01667e-05 3.49091e-05 7.45108e-08 0.05487 1.29751e-09 0.0304653 6.76214e-06 1.65511e-06 0.219401 0.0112714 
0.00279537 0.0848336 0.000323342 0.247624 0.0178266 0.0604312 0.00239292 0.20736 0.00102196 0.0226548 4.76753e-05 0.00495948 0.0453211 0.00620548 0.000102693 0.00288737 0.013746 0.102138 0.0017191 0.0559946 0.0237009 8.03331e-06 0.090105 0.00580083 
8.27391e-05 0.133146 0.000756738 0.382257 0.00236789 0.0143496 1.00653e-08 0.238055 4.3971e-08 0.000815278 2.88342e-08 0.00239421 0.0354927 0.00411136 1.08743e-08 0.00151937 5.29535e-05 0.00523686 2.38182e-11 0.0371729 0.00517253 8.68916e-09 0.135446 0.00156971 
0.0110107 0.0169706 0.00517168 0.19407 0.116753 0.0723423 0.0010575 0.0837214 0.000124829 0.0329142 5.20817e-05 0.000169847 0.0693627 0.0179839 0.00780292 0.00048357 0.0144878 0.174682 2.37838e-06 0.053515 0.0545892 7.97413e-05 0.0543667 0.0182856 
0.0106992 0.0396401 0.00135159 0.161573 0.0742554 0.021508 0.0114544 0.149815 0.000904564 0.0177577 0.0120398 0.130915 0.0883585 0.0596766 0.0064079 0.0013823 0.0187111 0.0164066 6.15303e-06 0.126107 0.0125871 3.87268e-07 0.0374575 0.000984227 
0.000204522 0.000652692 0.00116435 0.683473 0.0101405 0.0144014 5.62027e-05 0.102395 4.40392e-05 0.019228 6.30517e-05 0.00785027 0.0379073 0.00035796 8.89155e-06 0.000111819 0.0220067 0.0406924 6.24886e-05 0.00745721 0.00453348 2.37851e-06 0.0469066 0.000278969 
0.000489161 0.185505 9.35968e-07 0.36361 0.128167 0.020188 0.000898695 0.0216644 2.3433e-07 0.00382561 0.0167546 5.24445e-06 0.115168 0.00133193 0.00445966 8.93801e-09 0.00240833 0.0167399 1.85064e-10 0.034138 0.00175551 1.50233e-07 0.082733 0.000155973 
0.0037686 0.0151866 0.000171731 0.340953 0.206593 0.0410547 9.04367e-05 0.00180043 2.63062e-05 0.00428939 2.53819e-05 0.000312841 0.0452481 0.00786834 0.00154265 1.13541e-06 0.000313438 0.0709493 0.00135958 0.172367 0.00377818 0.00795756 0.0644412 0.00990099 
0.0337803 0.0863688 0.176774 0.215972 0.0103437 0.0534385 0.0010598 0.0130652 0.000860189 0.175494 1.60042e-05 5.82264e-07 0.00196133 0.107203 1.54576e-05 3.32345e-05 0.00239385 0.000560345 5.48371e-05 0.0230052 0.0386314 1.04124e-05 0.0510238 0.00793483 
0.114296 0.034026 0.000992208 0.189634 0.0875553 0.0307712 0.000893503 0.0205076 0.00359069 0.135993 7.90938e-05 0.0967149 0.0656224 0.00206832 0.000663624 0.00167856 0.00617067 0.0336489 9.43896e-05 0.116921 0.000985198 7.27908e-07 0.0559824 0.00111112 
9.967e-07 0.096932 0.00105604 0.586264 0.00494954 0.0135506 0.000396695 0.136248 7.15463e-08 1.52329e-10 2.34904e-08 2.73114e-07 0.0561871 0.00372581 0.00177298 7.48049e-07 9.18253e-07 0.0058536 2.78248e-07 0.0309366 0.0322709 4.53187e-10 0.0298359 1.69678e-05 
0.112734 0.0441458 0.0657172 0.159807 0.0220403 0.0572706 0.000598185 0.055598 0.00103408 0.000187803 0.0848337 0.0374567 0.0269112 0.0171378 0.00213301 0.00340741 0.0430838 0.0419171 2.08992e-05 0.081699 0.0475349 3.72627e-06 0.039372 0.0553557 
0.00129079 0.0230106 0.000547015 0.408439 0.00635887 0.0182782 0.00278751 0.0408565 3.05648e-05 0.00570403 0.000919754 0.0140769 0.187849 0.00154537 1.89664e-06 0.00287041 0.000791042 0.155484 0.00021119 0.0733347 0.000696738 3.37972e-05 0.0418394 0.013043 
0.0035241 0.00352407 0.000775941 0.333098 0.0295547 0.0218636 0.00068634 0.0589785 0.000533728 0.0588101 3.33576e-05 4.43922e-06 0.106411 0.000970739 3.00317e-06 0.000271559 0.00809944 0.133003 2.53977e-09 0.0530694 0.00682558 1.64217e-05 0.173568 0.00637455 
2.12734e-07 0.0601643 7.14905e-07 0.810794 5.31432e-07 0.00188645 7.25366e-11 0.00257404 7.3947e-11 0.00300234 4.18369e-08 7.33476e-11 5.15947e-06 0.0124232 1.19792e-10 1.70439e-06 1.75212e-11 5.38101e-07 9.71958e-05 0.0801077 1.78349e-06 1.3011e-10 0.0289401 3.70098e-11 
0.0386986 0.00949001 0.00066785 0.26558 0.00284444 0.0795582 3.6647e-05 0.21995 0.00072509 0.00120253 3.19063e-08 7.56578e-07 0.00201719 0.045249 0.000280002 2.55899e-05 0.017855 0.0184664 0.00347649 0.246641 0.01325 9.22926e-07 0.0334587 0.000526088 
0.00513264 0.0773379 0.000115737 0.551505 0.0388375 0.0297812 0.000554375 0.0353287 0.000541086 0.0213939 0.00616279 0.0785324 0.0653485 0.00437953 0.000470357 0.000115848 0.010388 0.00345235 1.56415e-08 0.0368228 0.00127086 5.53649e-08 0.0325266 2.07776e-06 
0.000745901 0.0053182 0.000178044 0.406416 0.00629875 0.0139803 0.00030093 0.138057 1.24046e-05 0.00165182 7.74945e-05 0.0164034 0.142347 0.000777883 0.000141927 0.000555461 0.000466265 0.0209227 7.15494e-11 0.154678 0.000491745 5.31766e-11 0.0901781 1.51261e-11 
3.08376e-05 0.00190137 1.45441e-05 0.966154 0.00240063 1.27872e-05 1.98251e-05 1.75965e-06 5.17305e-05 0.000168198 2.98477e-06 7.05572e-05 0.000957867 0.0109493 0.00076666 0.014513 1.16747e-05 0.00161116 1.74997e-05 0.000258921 2.3274e-06 1.30061e-05 5.97529e-05 9.49998e-06 
0.00144776 0.109012 0.0023156 0.442867 0.0274223 0.0456198 0.00167199 0.0597502 0.000213002 0.0290635 0.00142705 0.00824504 0.0621204 0.00930667 0.000348664 0.004334 0.00816257 0.0191764 0.000651162 0.127901 0.0148586 0.00192205 0.0189138 0.0032493 
2.88132e-05 0.0339516 0.00238759 0.521625 0.00425854 0.0272607 0.00137932 0.108027 2.56501e-05 0.00414398 0.00541087 0.027569 0.00263103 8.84007e-06 4.65051e-08 0.00309832 0.0264652 0.111751 6.73419e-06 0.0441627 0.0101964 0.00010472 0.0233228 0.0421851 
0.00096248 0.0519667 0.000302201 0.28607 0.00542407 0.0555452 0.000186623 0.210174 0.000109269 0.00597368 2.49328e-05 0.00305447 0.0248254 0.000773097 4.80089e-05 0.00514505 0.000321702 0.0878771 3.25691e-06 0.208506 0.00913382 1.23399e-07 0.0431807 0.000391593 
0.000659835 0.00603398 0.0042771 0.615807 0.00334703 0.00923744 1.10968e-05 0.142257 9.11479e-06 0.00804888 1.70583e-05 0.00469647 0.0369321 0.0190154 2.42634e-05 0.0108673 0.000335305 0.00108531 2.88965e-09 0.0650969 0.0109952 4.52949e-08 0.0611888 5.83864e-05 
0.0193003 0.0743652 0.0275376 0.200016 0.0237416 0.122856 2.80256e-05 0.0715119 0.00100968 0.00294691 0.000116759 0.033248 0.192913 0.0013978 2.37857e-10 0.00360851 0.00496441 0.0171531 6.45029e-08 0.0583986 0.0436261 2.08681e-08 0.0889982 0.0122613 
7.82927e-07 0.00110534 1.14036e-11 0.606108 0.000762839 0.010887 0.000336767 0.0549384 1.50668e-09 0.0972618 1.50403e-08 5.19889e-07 0.119706 1.91212e-06 2.18028e-07 1.76824e-07 9.80463e-08 0.0147458 3.68633e-11 0.0571617 0.00303998 2.75752e-08 0.0339425 2.76202e-08 
0.0104522 0.0858262 0.0128812 0.463777 0.0279522 0.0309907 0.00111151 0.0475234 1.71083e-05 0.0386117 1.54481e-05 0.000167081 0.0419612 0.0197512 0.0212528 0.00286981 0.00101603 0.0279198 5.45163e-08 0.0146977 0.0240338 4.833e-06 0.118691 0.0084757 
0.00156334 0.000393109 2.0832e-05 0.623497 0.0154589 0.0148457 7.78359e-08 0.050689 0.000241454 0.0181023 4.80053e-06 1.38912e-07 0.0921334 0.00146869 2.68165e-08 1.08807e-07 0.000141317 0.0860138 7.74654e-09 0.0187718 2.58666e-05 6.56909e-05 0.0765627 5.02187e-12 
0.000352913 0.0694421 1.02628e-06 0.337873 0.197349 0.00091421 0.000744483 0.100181 0.000379273 1.45395e-06 5.96851e-05 0.121812 0.0596104 0.00174683 0.00434701 0.000208925 3.38896e-05 0.0347202 2.44825e-09 0.0569052 2.31005e-07 7.30833e-07 0.0133155 1.34676e-06 
0.00258778 0.139428 0.00272047 0.352196 0.0172357 0.0132865 0.00244009 0.13356 0.000147578 0.00141118 0.0140367 0.015323 0.0280476 0.00525499 0.00135655 2.76212e-05 0.00347935 0.0997377 4.57615e-06 0.0618009 0.00112456 0.0192651 0.0702566 0.0152705 
0.000164978 0.0119329 0.00368325 0.496292 0.0334533 0.00647298 0.000123229 0.193931 6.02064e-05 0.0103457 9.1336e-05 0.0355829 0.0379896 0.000667183 6.5425e-06 0.00061447 0.00122733 0.0101137 7.51724e-06 0.107532 0.0140708 1.34682e-06 0.035318 0.000317762 
0.00349114 0.0113411 0.00307237 0.271936 0.0618296 0.0761561 0.00351768 0.088098 0.000638911 0.00412381 0.000780075 0.000215069 0.0376753 0.105616 0.000517264 0.0039776 0.00553367 0.0268589 1.73895e-07 0.248108 0.0291542 1.12799e-05 0.0165132 0.000834194 
0.00373275 0.00105476 0.00532848 0.560235 0.0029439 0.0151543 9.70998e-05 0.0069437 1.56982e-05 0.045772 1.06245e-07 1.54283e-07 0.0155888 0.00793422 1.63773e-05 0.000759349 0.00160447 0.00195019 2.08693e-06 0.142426 0.0116063 1.21475e-06 0.176813 2.01201e-05 
0.00329574 0.00295216 0.000368418 0.491219 0.0310135 0.0225562 0.000253689 0.205373 8.91114e-05 0.00366576 1.88726e-05 2.19936e-07 0.012269 0.00678576 2.241e-05 0.106599 0.0016113 0.0125068 6.01633e-08 0.0798387 0.00353537 4.22562e-08 0.0160255 8.53275e-07 
0.0209326 0.0851821 0.00152843 0.239595 0.123477 0.0123838 0.00371621 0.230799 0.000201732 0.00042263 0.00523695 0.0449014 0.0522112 0.0013016 0.00822798 0.000463763 0.00671159 0.00731556 1.65092e-06 0.124366 0.000642416 1.27915e-12 0.0301789 0.000202235 
0.00112056 0.0708422 0.000885688 0.237816 0.0502581 0.0178805 0.00100187 0.129573 0.000325828 0.0350293 0.00256964 0.0210463 0.181721 0.00965108 0.00917892 0.00153646 0.0054466 0.0420679 1.08944e-06 0.149265 0.00457893 1.25403e-05 0.0274869 0.000704431 
0.00183271 0.00211948 0.000336884 0.492092 0.00131182 0.0419198 1.53047e-06 0.03287 3.76932e-08 0.00464277 2.57458e-07 0.000259166 0.0622849 0.00509479 3.68463e-06 0.0203172 7.92043e-05 0.00016024 2.99025e-08 0.155754 0.0403642 7.35932e-06 0.138517 3.0681e-05 
0.000677464 0.000520855 6.95606e-10 0.309417 0.0029755 8.38225e-06 0.000212824 0.0642137 3.04474e-06 0.00164034 3.36499e-05 0.0225512 0.00670149 0.0058196 0.0106415 0.21567 8.27e-05 0.0247999 2.24863e-09 0.0819007 0.00868801 3.39757e-05 0.060386 0.183023 
0.000278375 0.0186412 0.000870556 0.54347 0.00121776 0.0137438 8.89119e-05 0.0843941 2.92682e-06 0.00596503 0.00115698 4.59492e-09 0.0209013 0.086777 0.000222338 0.000117695 0.000216556 0.0383267 4.54137e-06 0.104669 0.00295203 2.16667e-05 0.0759143 4.70709e-05 
0.011672 0.0121913 0.000120705 0.313355 0.137443 0.00889702 0.0021702 0.0483159 0.000792292 0.133955 3.98377e-05 4.45324e-05 0.0170633 0.000279939 0.000779446 6.36658e-08 0.00533843 0.0612003 8.71796e-09 0.225495 0.000353558 1.46842e-06 0.019106 0.00138674 
0.0148973 0.181026 0.00181482 0.182221 0.0830293 0.142704 0.00619789 0.165559 0.000627168 0.010687 0.0139703 0.0163788 0.0435418 0.00876843 0.000687629 0.00140725 0.0136395 0.0128392 8.93338e-07 0.0354317 0.0291779 2.80696e-05 0.0325269 0.00283724 
0.0026844 0.0113644 0.0282011 0.365924 0.00796553 0.0128018 0.000159517 0.0847586 0.00230846 0.000233786 9.21715e-06 0.00050247 0.0415792 0.000709592 2.24862e-06 0.000185847 0.000437134 0.00316225 4.44373e-08 0.363741 0.00689717 6.46548e-06 0.0652493 0.00111654 
6.93359e-08 0.417243 0.000158242 0.499157 3.8597e-06 0.000662296 1.82032e-07 0.0180417 9.7598e-06 0.000767321 8.05449e-09 3.82204e-06 0.0227918 0.012368 3.18835e-07 0.000111156 2.13908e-11 0.00251937 2.57409e-07 0.0174137 0.000435088 1.58845e-10 0.0078209 0.000492284 
0.000397615 0.0172683 0.00409561 0.659161 0.00892743 0.00441416 2.12269e-05 0.0460932 2.01866e-07 0.00138034 9.30481e-07 9.54223e-06 0.105341 0.000380062 1.84809e-09 0.000113538 7.25624e-05 0.00289715 2.97345e-07 0.0629768 0.045809 2.00726e-09 0.0406385 2.33178e-06 
0.000916293 0.00516537 7.50201e-05 0.511584 0.00121233 0.00316521 0.000112891 0.0218758 1.34783e-05 0.00872406 1.3818e-06 3.92705e-05 0.32999 0.0278313 2.77426e-05 0.000995022 0.0005237 0.00018615 7.42521e-08 0.0357455 0.0243513 3.45031e-07 0.0274611 3.06696e-06 
0.000414471 0.010873 0.00034068 0.308484 0.0321468 0.0120004 0.00938466 0.197196 4.07668e-05 0.00357827 2.2358e-06 0.0142933 0.0275066 0.000685387 1.01195e-06 4.83427e-07 0.000118808 0.00722553 9.13176e-11 0.206687 0.00102564 2.51469e-09 0.167631 0.000363886 
2.85064e-05 0.0510979 0.00063601 0.438999 0.0465494 0.00263716 0.000850437 0.00854054 6.87231e-08 0.147296 0.000873291 3.11929e-07 0.0328685 0.00892818 5.61637e-08 0.00157637 0.000180604 0.0894742 8.20773e-08 0.00472509 0.00131299 0.152648 0.00676769 0.00401001 
0.00319657 0.00126427 1.26675e-10 0.592718 0.000698025 0.0119913 7.14241e-08 0.00799567 8.34863e-05 0.0188272 1.13993e-05 0.00169107 0.143683 0.0596059 1.17955e-07 5.23978e-05 0.00140077 0.0111724 4.09492e-10 0.0244363 0.0220571 1.31674e-08 0.096648 0.0024667 
3.51588e-07 2.82437e-07 4.1422e-07 0.698844 3.59996e-07 0.0344189 1.00856e-10 0.0558845 1.02818e-10 1.29765e-05 3.87547e-11 1.01984e-10 9.3098e-07 2.38866e-06 1.66562e-10 7.22485e-11 0.00447424 6.26129e-06 2.43412e-10 5.21322e-07 0.151205 1.80908e-10 0.0551302 1.87158e-05 
0.00784632 0.0541534 0.00256995 0.378538 0.0182917 0.0177516 0.000751133 0.0316884 0.00640185 0.0162423 0.0143397 3.11895e-05 0.162955 0.0405969 1.5452e-05 0.000811568 0.00109335 0.0542076 8.16265e-05 0.052048 0.0930294 3.65922e-07 0.0312046 0.0153507 
0.000913884 0.0672242 0.00468821 0.262588 0.0452964 0.0518354 2.69953e-05 0.02881 0.00144939 0.107719 0.000149916 4.21836e-05 0.116637 0.132609 0.00144966 0.00104878 0.0425834 0.0549797 1.07327e-05 0.0315412 0.0268776 3.92917e-05 0.0170882 0.00439221 
0.000130766 0.00685898 0.000122913 0.76583 0.0068656 0.00363061 0.000195575 0.0332062 0.000117828 0.000494604 7.59727e-05 0.0271765 0.00669692 0.024324 4.72046e-05 0.0178215 0.000614394 0.0100105 9.12789e-07 0.0462565 0.00190094 2.93927e-05 0.0474648 0.000127291 
0.00379519 0.0825185 0.00176717 0.289419 0.0359582 0.0488739 0.000425888 0.0222839 1.27036e-05 0.056964 0.00188555 0.00399367 0.111434 0.0161339 0.0493154 0.00701805 0.0153482 0.0850224 2.15613e-05 0.124577 0.00743707 2.92389e-07 0.0349367 0.000858396 
0.0496722 0.00799088 0.000790853 0.461644 0.00696646 0.0272059 0.00101211 0.018096 0.00561869 0.00163096 3.10064e-05 1.19605e-07 0.0375011 0.000552048 5.02161e-05 0.000211762 0.000126539 0.0519089 1.454e-08 0.215233 0.00647586 5.55567e-05 0.105183 0.00204242 
0.000666752 0.158954 0.00765849 0.353856 0.0310452 0.022557 0.000683612 0.0127021 0.00118824 0.0161996 0.00173244 0.00026778 0.0413368 0.00445733 0.00424255 0.000706742 0.00429325 0.0853242 0.00200061 0.0391539 0.0766008 0.0199082 0.0907005 0.023764 
0.000709189 0.000558179 1.8248e-05 0.386628 0.0143985 0.00364738 4.52116e-05 0.0389413 0.000133088 0.00900075 1.57618e-05 9.31363e-05 0.0783416 0.00346519 1.55228e-05 6.53023e-06 0.00991531 0.359326 1.23681e-07 0.0722342 0.00068641 1.30353e-06 0.0218141 4.48313e-06 
0.000207762 0.0561646 0.00179177 0.336012 0.00798373 0.031558 0.000111559 0.162326 0.011327 0.00770207 0.000398877 0.0101464 0.0258104 0.00391156 3.13937e-08 0.00604036 0.00550711 0.000275645 5.05951e-11 0.275305 0.00622878 2.30014e-07 0.0498431 0.00134812 
0.000496588 0.0185112 0.0033858 0.337664 0.0215249 0.0459801 0.000315708 0.0183941 0.00126723 0.0393053 3.70679e-05 0.00260287 0.0539644 0.00560356 0.000795934 0.0112778 0.0374537 0.064923 0.000747 0.0762766 0.00638548 0.000123453 0.212124 0.0408396 
0.00212762 0.0282964 0.000510395 0.391648 0.0519237 0.0401572 0.00868172 0.0724155 0.00100376 0.00564597 0.0138573 0.152687 0.030265 0.00167164 0.0011079 0.000453987 0.00987855 0.0689702 2.64692e-09 0.0402812 0.00175066 1.50201e-05 0.068354 0.00829806 
0.000262547 0.107393 0.000786991 0.315722 0.119521 0.0161297 0.00415681 0.0169845 0.000212643 0.118408 0.000565081 3.95344e-05 0.0564114 0.0261746 0.000751063 0.00130837 0.000393458 0.0627417 1.3036e-06 0.0464737 0.00478936 2.68174e-05 0.0841616 0.0165861 
0.0047553 0.020249 0.00902854 0.620644 0.00182593 0.0150397 1.44508e-05 0.0359665 0.0157914 0.102201 2.77916e-05 0.00375487 0.0637031 0.00709928 9.39932e-05 0.00277018 0.00650603 0.00246463 2.81835e-05 0.0472655 0.0242654 4.14203e-06 0.0131744 0.00332617 
0.000746637 1.05128e-07 2.82483e-10 0.446076 0.00366574 0.00386845 0.000164441 0.225718 2.44176e-07 0.00819878 1.23101e-07 3.52211e-06 0.0773553 0.18474 2.38603e-07 3.17995e-07 4.95619e-06 0.000968879 9.1316e-10 0.00170778 0.00634473 2.66923e-08 0.0404354 1.93049e-10 
0.02314 0.00478993 0.00236151 0.286693 0.0186723 0.0869082 0.00018836 0.110376 0.000272544 0.00899768 0.00265985 0.00467843 0.0312586 0.012995 0.000394714 0.000349643 0.0952957 0.0227816 0.00227872 0.0406264 0.049481 1.24813e-05 0.192899 0.00188902 
0.000375883 0.0635945 0.00693257 0.197439 0.0171002 0.0212672 0.00162618 0.0482104 0.000760771 0.151682 0.000114246 0.000707396 0.135861 0.00321074 1.50254e-05 0.00534266 0.00846436 0.12854 3.28794e-08 0.156904 0.00862571 1.3497e-07 0.0420914 0.00113431 
0.00775868 0.00220265 1.96304e-07 0.543823 1.87261e-07 0.036503 7.11501e-11 0.0561613 4.7642e-08 0.00155433 2.73398e-11 7.19456e-11 0.0739076 0.00702372 7.46355e-07 0.000810251 0.0323485 2.34575e-11 1.71718e-10 0.211932 0.00737639 1.89766e-08 0.018597 7.81208e-08 
0.0167837 0.0460752 0.00892002 0.251943 0.0587336 0.039005 0.00668693 0.0435509 0.0039239 0.119172 0.00250241 0.00167189 0.0433709 0.108975 0.00896588 0.0116123 0.0117259 0.0564978 1.56403e-05 0.0582247 0.0200686 1.7765e-05 0.0435877 0.0379688 
0.00029892 0.0694771 7.09766e-05 0.296116 0.0554274 0.0136017 0.00223789 0.0321868 0.00141 0.0331032 0.00011111 0.00387861 0.0725509 0.00069613 0.000567294 0.00124338 0.0794042 0.00856983 5.48423e-07 0.286728 0.027179 7.89343e-06 0.014844 0.000289931 
0.0073916 0.00135523 6.59441e-05 0.290203 0.0139505 0.124724 4.28899e-05 0.134289 4.14814e-05 0.0153068 1.94115e-05 0.00162652 0.0218095 0.000314304 0.0390566 3.9942e-05 0.140582 0.0273314 2.02619e-08 0.0142321 0.0440254 0.000530783 0.122858 0.000203111 
0.000876274 0.0154117 0.000446813 0.368496 0.0143056 0.0267335 0.000148927 0.0210797 0.00110954 0.00722619 2.08707e-05 0.000125593 0.0610605 0.0755624 2.06963e-08 0.00133093 0.000528849 0.0857924 3.70482e-05 0.185611 0.0225735 1.19422e-07 0.0786192 0.0329032 
0.00406074 0.062859 0.00118751 0.225943 0.115235 0.0756914 0.0118982 0.0860466 7.47025e-05 0.00918663 0.00550435 0.0543772 0.0418148 0.000324276 0.000647334 8.52388e-07 0.00033396 0.142428 1.36881e-09 0.0795213 0.00219791 2.16994e-05 0.0768784 0.00376746 
0.0178425 0.07137 0.00265726 0.324588 0.0111103 0.0593221 0.000404496 0.00768724 0.00190517 0.00129324 2.38439e-05 2.29217e-07 0.0520359 0.0271384 0.000750952 0.0247661 0.00259735 0.00392353 1.78934e-07 0.109095 0.0225777 2.38636e-10 0.257361 0.00155035 
0.0022544 0.0340897 0.00484582 0.258712 0.037924 0.0455033 0.00196485 0.0536355 0.00384748 0.0159448 0.00412559 0.00316177 0.103726 0.0155907 0.000537363 0.00497848 0.0163673 0.0296749 0.000305257 0.244359 0.0175056 1.53196e-05 0.0955848 0.00534631 
0.00148029 0.0208695 0.00191752 0.215275 0.0628305 0.128052 0.00286402 0.108487 0.00130598 0.0070904 0.00177559 0.00633859 0.0235 0.00144901 0.000943506 0.00061743 0.0290246 0.163033 1.24091e-06 0.0266666 0.00895944 0.000122726 0.149166 0.0382298 
0.000451206 0.00283351 0.000298225 0.582493 0.0077109 0.0131498 0.00204211 0.099382 4.88575e-05 0.00924913 0.00278064 0.0277815 0.0425353 0.000398993 0.000270586 6.4648e-05 0.00331376 0.00827392 1.43442e-06 0.0352978 0.00468266 1.4837e-06 0.156687 0.00025144 
0.000520831 0.327354 0.00713014 0.380585 0.0133043 0.0023081 0.00197723 0.045567 9.86448e-06 0.00197656 0.0012028 0.0196518 0.0121892 0.0146015 0.00535838 8.82404e-05 0.000525964 0.0119611 5.13609e-06 0.0170276 0.0040884 1.18614e-07 0.132532 3.49936e-05 
0.00676275 0.0423866 0.00443235 0.21215 0.0281795 0.036353 0.000816018 0.0759065 0.000523134 0.0251098 0.00122255 0.00853648 0.139567 0.0218324 0.00149272 0.0888967 0.0166293 0.0361971 4.05754e-05 0.134595 0.0422061 2.3895e-05 0.0694293 0.00671141 
0.00019139 0.000341318 0.000372099 0.519725 0.00199918 0.0186712 3.47403e-05 0.207061 0.00011662 0.00466713 8.38216e-05 0.0158084 0.0369023 0.0020703 7.20082e-06 1.56153e-05 0.00706796 0.0483295 1.5821e-11 0.0592784 0.00558681 4.58475e-06 0.0716651 2.01297e-07 
0.00252937 0.033017 0.00679407 0.4205 0.0110074 0.0183226 4.04065e-05 0.0327408 0.000480675 0.00651522 1.98347e-05 0.00883789 0.0271811 0.0248993 1.60191e-07 0.0255894 0.270269 0.0179239 1.11946e-09 0.0598448 0.014305 3.63457e-07 0.0190744 0.000106975 
0.00401526 0.0642599 0.0039867 0.463948 0.0525889 0.0245482 0.0159583 0.0215184 6.81487e-06 0.0199963 0.000191638 5.09192e-05 0.113161 0.00323251 5.39526e-05 0.0487184 7.6038e-06 0.00115905 3.07292e-08 0.132148 0.0103425 3.2106e-06 0.0196677 0.000437247 
0.00048025 0.116727 2.20954e-05 0.419294 0.0395008 0.00882833 0.0158096 0.0656624 2.88996e-05 0.00889522 3.23614e-10 0.00090035 0.291404 0.000689169 0.00153056 0.000269412 1.02355e-06 0.000633882 3.51628e-08 0.0204389 0.00142047 0.000258234 0.00710601 9.96691e-05 
0.00266749 0.00452295 0.000500619 0.209254 0.0684507 0.0459627 0.000238806 0.11379 0.000122563 0.0129699 1.97311e-05 0.000937012 0.0348961 0.00283667 1.73294e-05 8.45669e-05 0.040348 0.100402 2.62145e-09 0.162503 0.00702107 0.000259245 0.181056 0.0111387 
1.96991e-05 0.0846017 0.000567839 0.603188 0.0574112 0.000882801 0.000727671 0.00164682 0.00247678 0.00255867 3.63583e-05 6.33185e-05 0.0876612 0.0235232 0.000101941 0.00292526 0.000270798 0.00630517 7.47347e-06 0.0503464 0.00739694 1.27924e-05 0.0666779 0.000589708 
0.000661072 0.00873296 8.20017e-05 0.317391 0.0196644 0.0136827 0.000884051 0.0766497 0.000181442 0.00204471 2.19226e-05 4.29802e-05 0.0215579 0.00110663 2.05714e-05 0.000346917 0.018307 0.0238272 2.43059e-07 0.224359 0.00478321 1.28036e-05 0.263999 0.00164012 
0.0269238 0.165537 0.00414643 0.187229 0.018074 0.0354723 0.0100081 0.0570148 3.05512e-06 0.0025669 3.22571e-06 0.00454503 0.0393901 0.000644561 7.46394e-06 0.0010952 0.0397328 0.146478 0.138823 0.0261482 0.0126385 5.2999e-06 0.0730595 0.0104537 
0.00111427 0.0474205 3.06075e-05 0.266266 0.0123591 0.0343665 0.000194891 0.0698521 1.39038e-05 0.0445385 7.28322e-06 0.00184926 0.0927763 0.0138645 8.92924e-05 0.00126922 0.00127024 0.0363639 1.77458e-05 0.212578 0.0140008 1.78241e-06 0.149705 5.02913e-05 
0.000387787 0.0087772 0.00229315 0.356257 0.000501897 0.00768705 2.74095e-05 0.099551 8.18784e-05 0.0607533 2.05039e-05 5.91114e-06 0.0909653 0.00227819 1.67594e-06 0.00307684 0.00177484 0.0166509 9.09937e-05 0.0196177 0.0016689 3.54381e-07 0.327407 0.00012341 
0.00224823 0.00823837 0.0407633 0.242696 0.00885817 0.102086 0.000149834 0.0217739 0.0106594 0.0271749 0.0247489 0.00348667 0.0112896 0.154706 3.25967e-05 0.020053 0.0171915 0.0258336 0.0738124 0.0800949 0.0950788 4.69258e-06 0.0289189 0.000100444 
0.0269 0.0633642 0.0500773 0.170758 0.00679867 0.113377 0.00683536 0.0869727 0.000964754 0.0014032 1.8939e-05 1.13544e-05 0.140355 0.00234344 0.00815787 0.0160994 0.021484 0.0540597 1.57284e-09 0.0552309 0.136084 6.51539e-08 0.0369574 0.00174708 
0.00347264 0.0168618 0.00143936 0.448323 0.0163559 0.0397131 0.000351315 0.0456134 0.000561319 0.0260673 0.00051014 0.0140728 0.0160588 0.00242036 0.00104192 0.00904363 0.00324332 0.0487069 6.64861e-08 0.126977 0.00235397 3.29333e-05 0.140227 0.0365519 
0.000171087 0.0134366 0.000556267 0.425337 0.00578391 0.00401495 1.34174e-05 0.0679932 0.00300591 0.000259026 0.0910342 0.0725113 0.0800763 0.000677386 2.59541e-06 0.000250666 1.19829e-06 0.00432634 7.9591e-08 0.164584 0.0116919 0.00147885 0.0527772 1.72917e-05 
9.967e-07 0.096932 0.00105604 0.586264 0.00494954 0.0135506 0.000396695 0.136248 7.15463e-08 1.52329e-10 2.34904e-08 2.73114e-07 0.0561871 0.00372581 0.00177298 7.48049e-07 9.18253e-07 0.0058536 2.78248e-07 0.0309366 0.0322709 4.53187e-10 0.0298359 1.69678e-05 
0.00229601 0.0234389 0.00138807 0.153709 0.00754489 0.0590335 0.00664606 0.1292 0.000904498 0.0447581 0.0473842 0.0111569 0.0388636 0.0668846 1.65925e-05 0.0285406 0.00248048 0.137031 7.98498e-07 0.0812622 0.0112722 1.39366e-05 0.129566 0.0166074 
0.00853701 0.0771302 0.00614915 0.180754 0.0826366 0.0452477 0.00347188 0.113944 0.00354361 0.0136087 0.00601478 0.0157692 0.0581021 0.0163361 0.00333153 0.00389452 0.0127924 0.0367934 1.31491e-05 0.169512 0.0187807 2.74389e-05 0.117123 0.00648688 
6.6907e-05 0.0123639 0.0209243 0.261805 0.00031696 0.00184011 0.000218867 0.0303088 0.000144522 0.0295334 8.76128e-06 1.39319e-05 0.176066 0.0899347 1.32494e-08 0.0998877 0.000233044 0.00030236 1.39067e-05 0.123275 0.0273839 7.06693e-08 0.125242 0.000115783 
0.00749326 0.0112557 0.0040695 0.339747 0.0292837 0.0201703 0.000285052 0.0320161 0.000214527 0.0174816 1.82939e-05 0.000411803 0.0847845 0.00966849 0.00013318 0.00826304 0.016033 0.175404 7.82744e-07 0.147886 0.00701856 3.58147e-06 0.0874523 0.000905889 
0.000957659 0.0945641 0.000164446 0.376654 0.0470259 0.0165894 0.0214399 0.0376203 0.0130719 0.00502592 3.6859e-05 0.000684153 0.0295488 0.000325721 0.0016295 0.000190032 0.000224117 0.154441 2.41718e-05 0.018302 0.000234103 6.98185e-05 0.171366 0.0098105 
0.00789293 0.0237389 0.000604407 0.364179 0.0127955 0.0236481 0.000301669 0.329972 0.000783459 0.00573191 0.000735921 0.0028578 0.0385425 0.00837196 4.36502e-05 0.00161662 0.0231344 0.0192753 1.10879e-06 0.0860102 0.0079136 1.49765e-05 0.041093 0.000741276 
4.87201e-05 0.210402 0.00124434 0.416965 0.0569382 0.0190204 4.85097e-06 3.63847e-05 0.000221837 0.0173235 8.57086e-07 0.00156452 0.210227 0.00126202 0.00272828 2.84716e-05 0.00042523 0.000900065 1.09102e-05 0.00576556 0.0079939 0.00117776 0.0455505 0.000159522 
0.00188589 0.151869 0.00292704 0.233166 0.0557915 0.0210383 0.00487759 0.10921 0.00017914 0.00286088 0.013749 0.0293435 0.0954982 0.00823718 0.000252859 0.00210908 0.0011273 0.0144571 5.67619e-07 0.146625 0.010338 2.47466e-05 0.0789806 0.0154508 
0.0290511 0.199099 0.00121528 0.237905 0.133247 0.00801879 0.000397998 0.0752423 0.00194389 0.0443133 0.0102101 0.000416786 0.0553188 0.104359 0.00749432 0.000357077 0.000749532 0.0230161 0.00245825 0.0184152 0.00867973 0.000131221 0.0376853 0.000273778 
7.34759e-07 0.0009875 5.54321e-07 0.456479 0.000913026 0.00607058 0.000660935 0.112551 1.01674e-10 0.00142555 3.92636e-05 1.0085e-10 0.0245034 1.3653e-06 0.0188923 1.618e-07 1.44337e-07 0.259545 2.40705e-10 0.0240043 0.00156203 2.99037e-07 0.0923625 5.1313e-07 
0.000176535 0.205482 4.69183e-05 0.37528 0.0316227 0.000103757 0.00929652 0.0835576 0.000143916 0.00287193 0.00828844 0.0750596 0.0366622 0.00303271 9.68755e-05 0.0048105 0.00122676 0.0450716 2.79007e-10 0.0795877 0.000151142 3.30729e-06 0.0364537 0.000973974 
0.0123081 0.0102174 0.00463393 0.492075 0.0292949 0.0317689 0.000221068 0.125237 6.84045e-06 0.00167217 9.49144e-05 0.00188124 0.0144514 0.00271852 7.46456e-05 0.00976397 0.0019597 0.00148449 5.31029e-10 0.15597 0.0484569 1.46653e-06 0.0546418 0.00106551 
1.21586e-07 0.0108291 0.000453892 0.510147 0.00320266 1.6899e-07 1.94689e-05 0.0234645 0.000530787 0.0141754 2.87483e-05 4.79165e-05 0.127867 0.0026273 2.84138e-05 0.0133815 6.52383e-08 0.00204887 6.09599e-10 0.259527 0.000190125 2.5363e-07 0.0314291 1.13781e-06 
0.00387402 0.056154 0.0198037 0.40964 0.0226698 0.0195499 0.000726141 0.0361894 0.000632536 0.0142326 0.000679326 0.0109537 0.039344 0.0113021 0.000928158 0.00390458 0.00172291 0.0186939 5.27083e-06 0.191214 0.0095853 6.48248e-05 0.1216 0.00653036 
0.000841465 0.015476 0.0366962 0.263625 0.0134446 0.00995838 1.99166e-05 0.0417353 0.00182371 0.0303874 0.00166221 0.0181793 0.0652614 0.00739673 0.164094 0.00106477 0.000682496 0.00141623 4.9566e-07 0.0601982 0.0101555 2.32063e-06 0.25565 0.000227225 
0.00122734 0.0354271 0.0143787 0.536691 0.00458259 0.04281 0.000433834 0.000693586 2.9365e-05 0.00716342 3.42523e-05 5.24028e-05 0.0210227 0.123369 0.00123451 0.00144458 0.00230365 0.0126474 0.00434213 0.0352035 0.0111207 0.0119348 0.0406785 0.0911746 
7.34759e-07 0.0009875 5.54321e-07 0.456479 0.000913026 0.00607058 0.000660935 0.112551 1.01674e-10 0.00142555 3.92636e-05 1.0085e-10 0.0245034 1.3653e-06 0.0188923 1.618e-07 1.44337e-07 0.259545 2.40705e-10 0.0240043 0.00156203 2.99037e-07 0.0923625 5.1313e-07 
0.000540676 0.0082375 0.0013089 0.263139 0.0762401 0.0911828 0.0428614 0.00171675 0.00198814 0.00158449 6.29561e-05 0.00016632 0.0332058 0.0127158 7.86365e-07 0.000636409 0.0239644 0.0388331 7.59347e-08 0.0794622 0.0074631 2.23841e-06 0.120702 0.193984 
0.0272792 0.0270114 0.00104067 0.279545 0.0225923 0.0199418 0.00416998 0.17743 6.71382e-05 0.0837468 0.012072 0.00513788 0.0434875 0.00115467 0.00110371 0.00406279 0.150369 0.0197718 0.00808122 0.0810423 0.0105337 7.52623e-07 0.0197385 0.000620105 
0.00118384 0.00234289 1.09789e-05 0.288433 0.0130908 0.00690646 8.61647e-05 0.211502 5.04039e-05 0.000533933 1.58316e-06 1.51864e-05 0.0206274 0.000493637 1.28956e-05 5.7601e-08 0.0178232 0.186624 4.6022e-10 0.221571 0.00252847 1.2745e-05 0.0260264 0.00012371 
0.00390197 0.0285545 0.000267069 0.23547 0.0456228 0.0329349 0.000613078 0.22866 0.000897546 0.0386862 4.35654e-05 0.03032 0.0492107 0.00996791 2.29482e-05 0.00027276 0.0508487 0.122101 2.50399e-09 0.0510268 0.0115121 1.67067e-05 0.0586878 0.000360623 
8.77803e-05 0.175509 0.000135558 0.514134 1.91234e-05 0.0764611 3.67439e-08 0.000486276 3.74584e-08 0.0508097 1.41191e-08 0.00638532 0.0422461 0.00110373 1.20121e-05 0.00113728 8.8755e-09 0.00183444 8.86798e-08 0.0904739 0.0126351 6.59082e-08 0.0240736 0.00245508 
0.00139726 0.00719185 0.000270129 0.424097 0.00121556 0.0221852 3.53039e-05 0.126716 2.3827e-05 0.050545 2.37266e-05 5.15088e-06 0.0163225 0.0036949 1.36477e-06 0.000157387 0.00802652 0.00821231 4.1535e-06 0.108618 0.0118326 3.21662e-05 0.208383 0.00101043 
0.000102717 0.0197686 0.00016708 0.315814 0.009344 0.0263994 1.81085e-05 0.05251 3.84835e-05 0.0196765 6.5995e-06 0.000170586 0.0495807 0.0183782 0.000628419 0.000879506 0.00202408 0.073588 4.77092e-09 0.273743 0.0355565 3.41337e-05 0.100685 0.000886128 
0.00232393 0.0967904 0.00265883 0.297633 0.00213219 0.0333195 0.00242249 0.0275707 0.00101284 0.226322 0.000182752 6.18611e-05 0.0727913 0.0795733 4.77717e-07 0.00229597 0.000230679 0.00243413 0.00491107 0.0998543 0.00771636 4.93561e-07 0.00894958 0.0288118 
0.0190901 0.110953 0.037843 0.288727 0.0157177 0.0881618 0.00312014 0.112821 3.79749e-05 0.00166629 2.86336e-06 0.000530258 0.0700068 0.00898798 7.12906e-05 0.00380223 0.00977562 0.00230537 3.15312e-07 0.114714 0.0185866 8.58406e-06 0.0904361 0.00263352 
2.62044e-08 0.00978487 0.000347936 0.501874 0.0671327 0.00151921 0.0016107 0.0377932 9.01232e-05 0.00364579 5.18481e-07 0.0798921 0.0325262 0.000286037 4.14504e-09 0.00200519 0.000200901 0.0074976 1.70773e-10 0.159894 0.000529253 1.26921e-10 0.093246 0.000123436 
0.00841563 0.0203122 0.00603943 0.284806 0.0289522 0.0453246 0.00119537 0.061678 0.000908154 0.0455272 2.00288e-05 1.55443e-05 0.151437 0.00557205 0.000440021 0.018562 0.00534024 0.0389265 5.5544e-08 0.161142 0.0168948 6.36966e-07 0.0730716 0.0254189 
1.81108e-05 0.160424 2.97513e-05 0.354802 0.216389 0.0134011 0.000889678 0.0331187 4.11391e-11 0.00196348 8.86713e-06 0.000560628 0.035386 0.00515665 1.38533e-07 0.00314625 0.00328777 0.049502 9.73937e-11 0.0968606 0.000582898 9.28313e-07 0.0200141 0.00445831 
0.000803593 0.0113076 0.00144418 0.247254 0.0297641 0.0444444 0.00104656 0.0799461 0.000586995 0.0115011 0.00137102 0.0113875 0.0606228 0.0149309 0.000215429 0.0151042 0.00495569 0.0459056 0.00285625 0.216805 0.0564775 2.45946e-05 0.138753 0.00249232 
0.00182433 0.0280369 0.0010032 0.272517 0.0502188 0.0194513 0.00140854 0.0587316 0.00227776 0.0416531 0.000455713 0.00637866 0.110673 0.0110161 0.000870275 0.00124609 0.0112832 0.0884793 0.000938401 0.204172 0.0114542 0.000473893 0.0733308 0.00210564 
3.58096e-07 0.000252265 1.58336e-07 0.771666 0.00189956 0.0115753 6.02755e-08 0.0557117 2.5864e-08 4.3936e-08 2.31612e-08 3.69762e-11 0.0124338 6.22217e-05 6.039e-11 2.6195e-11 0.0583798 0.0343651 8.82536e-11 0.0287319 0.0105899 3.89641e-08 0.0143319 1.86575e-11 
0.00805449 0.0184286 0.00881765 0.321309 0.0216328 0.0401107 0.00239408 0.0785658 0.00150384 0.040251 0.00295289 0.00511145 0.106029 0.0145888 0.000726627 0.00457748 0.0157749 0.0702565 1.86672e-05 0.119939 0.0522142 6.9802e-05 0.0614725 0.00520064 
0.00224554 0.10096 0.00563744 0.282015 0.00715279 0.153925 0.000522497 0.0154628 1.70403e-05 0.0105897 2.65131e-07 0.000161725 0.0597416 0.106036 0.0149243 0.0158858 0.00053399 0.0559341 6.61942e-06 0.101423 0.0314405 0.000210091 0.0217328 0.0134415 
0.000824902 0.00397429 0.00699058 0.272693 0.000492015 0.013188 2.39226e-05 0.204549 1.31706e-07 0.000306629 1.30546e-07 5.07914e-06 0.114423 0.0048784 3.5225e-06 0.0324651 0.00282283 0.00212771 4.28137e-09 0.0925107 0.0186469 1.39346e-07 0.22888 0.000193586 
0.01038 0.130999 0.000744431 0.483279 0.0150894 0.0454373 0.0019048 0.0392142 5.23778e-05 0.00758936 0.00473256 0.0448795 0.0511076 0.00742293 0.00324683 0.000142215 0.00128403 0.0707251 2.17534e-10 0.0218368 0.00806865 0.000441653 0.0505195 0.000903107 
0.0150942 0.008315 0.00110587 0.410769 0.0237051 0.00817253 0.00277891 0.342648 0.000106358 0.00013329 0.00523455 0.0412049 0.0227507 0.000655073 0.00110512 0.00132387 0.00761745 0.0152199 2.39644e-08 0.0545346 0.00573113 3.71378e-11 0.0317801 1.43776e-05 
0.0014914 0.0325233 0.000849709 0.25076 0.0126579 0.00636728 0.00451953 0.0558801 0.000125258 0.179705 8.8459e-06 0.00243309 0.188348 0.00533417 9.79059e-06 0.00108523 0.00249233 0.0569671 3.8283e-06 0.116797 0.00103662 2.66039e-05 0.0802341 0.000344169 
7.03551e-06 0.0912105 2.24027e-06 0.504222 1.63827e-06 5.97147e-06 1.00466e-09 0.0958191 1.02419e-09 0.000896943 3.86044e-10 1.01589e-09 0.05911 0.039345 3.7532e-05 0.00523137 0.000256918 0.00615771 2.42469e-09 0.141998 0.0100532 1.80207e-09 0.0371231 0.00852146 
5.76353e-05 0.00571042 5.58707e-05 0.702391 0.0151762 0.000379971 0.000283359 0.0152899 7.51209e-06 0.0412229 0.00108702 1.54195e-05 0.0335954 0.0024207 3.25781e-06 1.97443e-08 1.77176e-05 0.128472 9.76161e-05 0.0319211 4.17472e-06 0.0052348 0.0164411 0.000115345 
0.0116896 0.0736046 0.00264023 0.206431 0.167435 0.038994 0.000133289 0.0191913 0.000770375 0.130345 0.00298647 0.0488332 0.142739 0.0486872 0.00509732 0.00899584 0.00095668 0.0143676 8.50809e-07 0.0314184 0.0246357 2.21204e-05 0.0186864 0.00133978 
0.000462333 0.00750492 0.000129307 0.414557 0.0178616 0.0740964 0.00116866 0.0899069 0.00314556 0.0658636 3.70987e-05 0.00010031 0.0448436 0.0064376 5.37924e-05 0.00371149 0.00753877 0.074503 7.4134e-06 0.150559 0.00608412 2.85204e-07 0.0302523 0.00117487 
0.137805 0.10123 0.00032061 0.338956 0.0383237 0.0714467 0.00387689 0.0435497 0.000708171 0.0201384 0.00452453 0.00175839 0.0443244 0.0605728 0.00049128 0.00410176 0.00209381 0.0415731 0.000147303 0.0466221 0.0156428 0.000269148 0.0194678 0.00205533 
