0.0201563 0.00158954 0.0239195 0.00799644 2.82056e-12 0.443915 0.00282125 0.0315433 0.000518527 4.28491e-06 1.75118e-05 0.00010608 0.000566137 4.19969e-06 0.000227023 0.000384932 0.000749759 0.000158508 2.89904e-11 0.00186357 0.454028 2.15461e-11 0.00926143 0.000168744 
0.00133356 0.0036024 0.0116598 0.18424 3.64669e-11 0.0270787 1.26274e-07 0.0733449 1.58322e-10 0.000198694 5.96758e-11 8.99583e-08 0.108775 0.00418131 2.56478e-10 0.0205357 0.000125483 0.00016334 3.74815e-10 0.170745 0.0156832 1.64176e-07 0.377973 0.000359113 
0.00335784 0.00132299 0.928883 0.00400587 7.03386e-09 0.00669338 7.60358e-07 0.000825648 2.03831e-05 5.82941e-05 1.15105e-08 5.10231e-06 7.93816e-06 0.00115544 4.94702e-08 0.00416156 0.000411741 7.33599e-06 7.22955e-08 0.00575763 0.0427909 5.37452e-07 0.000522498 1.09469e-05 
0.00333461 0.00130957 0.929172 0.00398533 3.93677e-09 0.00667673 4.46647e-07 0.000817858 1.19957e-05 3.43087e-05 6.44228e-09 3.00926e-06 4.68301e-06 0.00112808 2.7688e-08 0.00411677 0.000406943 4.32766e-06 4.0463e-08 0.00574104 0.0427346 3.1545e-07 0.00051067 6.44238e-06 
0.00090482 8.4241e-07 2.17875e-06 0.00381443 6.8524e-07 0.000735585 0.00027501 0.00975831 0.0536812 1.75946e-06 1.12135e-06 2.95087e-06 0.000560273 0.00105842 4.8194e-06 0.000365338 7.04902e-07 9.62115e-07 7.04305e-06 0.922956 9.36699e-07 0.00049329 0.000655781 0.00471722 
4.06837e-06 0.000343243 0.000587945 0.00013929 1.72672e-06 9.22996e-05 7.35359e-06 1.78457e-06 7.37733e-05 0.000165834 2.82566e-06 0.000517881 0.000157398 0.995641 1.21443e-05 0.000199773 1.77626e-06 2.42441e-06 8.23554e-05 0.000259173 2.36036e-06 1.31903e-05 0.000976042 0.000713996 
1.35928e-09 0.00548853 4.56087e-06 0.206696 5.76912e-10 0.00947927 0.00338773 0.00329761 2.50468e-09 0.0175874 7.58689e-07 2.48437e-09 0.418037 0.0695642 2.36429e-06 0.0117929 5.93466e-10 8.10016e-10 5.92963e-09 0.00922464 0.131918 4.40699e-09 0.113514 5.03198e-06 
0.0657603 3.08817e-09 7.987e-09 3.07305e-05 2.512e-09 0.35465 2.19558e-06 1.49824e-05 1.56025e-05 6.44996e-09 1.36468e-05 1.08175e-08 0.0141916 1.244e-06 1.76673e-08 7.66344e-09 3.30108e-06 5.43887e-05 2.58189e-08 0.277203 3.43382e-09 4.50882e-05 3.18659e-05 0.287982 
0.0171179 0.0131386 0.0265887 0.00628793 2.0624e-11 0.795218 4.92341e-07 0.0101083 9.34067e-09 9.8139e-08 9.65071e-05 8.88137e-11 5.65832e-05 1.07462e-05 4.94703e-07 0.000163718 0.0408891 8.49776e-09 5.22629e-08 0.00807168 0.0687487 2.71861e-06 0.000198696 0.0133008 
0.0356036 0.0133543 0.0119296 0.000106243 1.4473e-10 0.774566 6.67421e-08 0.000891363 1.1628e-06 1.31872e-05 6.39556e-05 6.23254e-10 3.96342e-08 0.0427455 1.43639e-06 2.3363e-09 0.00642788 4.42413e-07 4.77202e-06 0.00124266 0.0667049 1.10558e-09 0.00128675 0.0450563 
0.0843212 0.0224823 0.02423 0.0600081 1.01622e-08 0.177194 9.2734e-05 9.33447e-05 4.41196e-08 9.69831e-05 1.66298e-08 4.3762e-08 0.00931738 0.16832 7.14726e-08 0.00089526 0.000705999 0.015209 2.39691e-05 0.00662224 0.000102414 7.76286e-08 0.0452298 0.385055 
6.94195e-08 0.0152326 9.36797e-08 1.23702e-05 2.94633e-08 0.000651982 0.000295555 1.60332e-05 0.000295326 1.74849e-05 2.34571e-05 1.26879e-07 0.0315049 0.156852 2.0722e-07 0.0321404 3.03087e-08 0.000111959 0.676542 0.0131471 3.77797e-05 2.25068e-07 0.0128231 0.0602945 
0.0201563 0.00158954 0.0239195 0.00799644 2.82056e-12 0.443915 0.00282125 0.0315433 0.000518527 4.28491e-06 1.75118e-05 0.00010608 0.000566137 4.19969e-06 0.000227023 0.000384932 0.000749759 0.000158508 2.89904e-11 0.00186357 0.454028 2.15461e-11 0.00926143 0.000168744 
4.43614e-06 0.0149911 0.0402724 9.7831e-06 2.61306e-09 0.524048 1.11283e-08 2.70061e-09 1.13447e-08 8.39587e-06 9.42415e-08 2.55024e-06 0.0197738 2.12613e-05 1.83781e-08 2.31913e-05 0.000117884 3.66889e-09 2.68576e-08 0.00173256 0.359581 1.9961e-08 0.0368667 0.00254631 
1.98955e-09 1.03809e-09 2.68484e-09 2.71879e-07 8.44413e-10 0.00271234 1.99467e-07 2.05664e-06 2.17247e-06 8.54725e-06 0.000719608 3.63632e-09 0.0843194 4.15881e-06 5.93889e-09 2.57608e-09 4.76235e-07 0.012111 8.67906e-09 4.94539e-06 1.15428e-09 6.45041e-09 2.37825e-06 0.900112 
8.63279e-06 0.0012018 0.00283657 0.00228415 1.62195e-09 2.28726e-05 6.90742e-09 3.40573e-06 7.04173e-09 3.67079e-05 2.65422e-09 6.98465e-09 0.000432232 0.985401 5.62203e-06 4.94813e-09 1.17666e-06 2.27731e-09 0.00072926 2.73209e-06 2.31832e-05 1.239e-08 0.00700521 5.12378e-06 
3.11535e-09 3.62278e-07 0.0119571 5.05557e-07 1.32223e-09 0.0481513 5.63101e-09 0.0020726 5.7405e-09 0.0219493 0.00169994 5.69397e-09 6.57292e-06 0.106679 9.29946e-09 4.03377e-09 1.36017e-09 1.85649e-09 1.35902e-08 0.0216395 0.0387388 1.01004e-08 0.0790319 0.668073 
1.01601e-06 0.0416292 6.73898e-06 0.778088 4.31221e-07 0.0268342 1.83645e-06 0.000267342 0.000354833 0.00185644 7.05665e-07 1.85698e-06 0.0439783 0.00127635 0.00292924 1.31554e-06 3.28954e-05 0.0262561 4.43218e-06 0.000121412 5.89464e-07 7.63571e-05 0.0577055 0.0185751 
0.0968393 0.475578 0.100934 0.00025325 5.93339e-08 0.216805 0.000100659 2.64251e-05 0.000476512 0.000120827 9.70961e-08 2.55512e-07 0.0152679 0.00809499 4.17305e-07 0.00294125 5.20383e-05 0.0104804 6.09847e-07 8.65386e-05 0.0330822 4.53248e-07 0.0369438 0.0019148 
0.00527355 0.0100889 0.00793446 0.00251848 8.57524e-08 0.916363 0.00650085 0.00326151 0.000968343 2.20183e-07 0.000322895 0.00295458 0.00447813 0.0177664 6.0311e-07 0.000523477 8.82129e-08 0.00317871 8.81382e-07 0.000739069 0.00669342 6.55056e-07 0.00292216 0.0075093 
0.0199379 0.00234356 5.44628e-07 0.00730007 1.71292e-07 0.0416095 7.29482e-07 1.77031e-07 0.000220639 0.155267 0.000429291 7.37639e-07 0.00154629 0.0441584 1.20472e-06 0.000165009 0.023753 0.0767464 1.76057e-06 0.00363871 0.199906 1.30849e-06 0.387379 0.0355919 
7.1538e-08 0.0541072 0.000137136 0.04067 3.03625e-08 0.000267457 3.56167e-05 3.50456e-06 1.11488e-05 0.000252203 4.93832e-06 1.30751e-07 0.0204415 0.239495 2.13544e-07 0.00204301 3.12337e-08 4.26306e-08 0.628322 0.00303014 0.000940264 2.31937e-07 0.00824946 0.00198833 
0.160872 3.03132e-07 1.41006e-10 9.9586e-07 4.4348e-11 0.651055 0.000183453 0.0559954 0.0045593 1.13871e-10 6.00204e-08 0.00152161 0.00115779 1.42449e-10 0.000441686 1.35294e-10 0.115034 1.1289e-07 4.55819e-10 0.00424684 0.00492781 8.35339e-08 3.25038e-06 1.27475e-06 
0.000546937 0.788853 0.000425868 0.00951763 4.07089e-07 0.00418128 0.000511588 1.28465e-05 0.0111507 1.04526e-06 2.20669e-05 0.000652152 5.02578e-06 0.00546712 2.86312e-06 0.000207092 0.0026193 0.0990467 4.18415e-06 2.07523e-05 6.34818e-05 3.10972e-06 0.0697897 0.00689494 
8.15331e-06 0.0250375 0.000117959 7.03907e-05 3.08668e-07 4.77409e-05 1.85829e-05 0.000734613 0.00216665 0.000829206 5.05116e-07 0.000440769 0.0408155 0.000588301 1.92819e-05 0.882167 3.17525e-07 5.33803e-05 3.17256e-06 1.41015e-05 3.81634e-05 2.3579e-06 6.84536e-05 0.0467574 
6.9597e-06 0.0544563 2.09716e-06 4.56263e-07 9.28861e-11 0.0504511 3.95575e-10 1.89126e-06 0.0207581 1.57434e-06 2.88956e-07 3.99998e-10 2.97129e-06 0.0561471 2.02583e-06 0.0920323 9.55513e-11 0.0152047 9.54703e-10 0.0169975 0.0665475 7.0955e-10 0.585233 0.0421537 
4.7151e-06 2.73349e-06 8.65244e-07 0.311055 4.60445e-10 0.00158116 7.10245e-06 3.21206e-05 1.99903e-09 0.0147046 7.53489e-10 1.98283e-09 0.402288 0.00323408 9.58582e-07 0.00132039 5.43895e-07 4.92882e-06 4.73256e-09 0.00574745 0.00288587 3.51731e-09 0.257127 2.41622e-06 
5.9326e-10 3.74582e-06 8.00589e-10 1.92167e-05 2.51794e-10 0.751782 1.42629e-05 5.85543e-06 1.20358e-06 6.46522e-10 9.48116e-07 1.08431e-09 0.015592 2.50803e-06 0.00287366 7.68156e-10 2.59019e-10 0.0867835 2.588e-09 0.0651815 2.68506e-06 1.92344e-09 0.0777334 3.93982e-06 
0.00204443 0.0371449 0.01155 0.00705182 1.77018e-10 0.0124601 0.00169007 0.000104007 3.24903e-05 4.04927e-05 6.98995e-05 5.00523e-07 0.00369569 0.11552 1.245e-09 0.00116542 3.18292e-07 7.41736e-07 0.00197431 0.000351757 0.0251023 1.26636e-07 0.761836 0.0181647 
0.00249299 0.104068 0.000613508 0.0855585 1.6922e-11 0.125353 0.00316369 0.374382 6.89822e-05 7.73158e-08 2.76917e-11 9.9944e-09 0.0148365 0.126519 3.65781e-08 5.16244e-11 3.98468e-06 0.0516821 5.30848e-05 0.0361176 0.0397484 1.29266e-10 0.0335975 0.00174048 
0.000120786 4.86936e-06 0.00218156 0.0514799 3.32608e-09 0.314045 1.41648e-08 0.199659 1.44402e-08 0.000176288 5.44291e-09 3.49962e-05 0.0203318 0.0559064 1.96693e-06 0.000268258 0.00274944 6.95045e-06 3.41861e-08 0.00312311 0.120318 2.54077e-08 0.229576 1.44181e-05 
0.363826 0.0965337 1.14511e-05 0.0108687 3.23951e-10 0.00119144 3.76646e-05 0.000910213 0.000967713 5.26836e-07 1.41682e-07 1.39504e-09 0.000289479 3.63746e-06 7.50959e-06 0.000949216 1.78907e-05 1.09255e-05 3.32964e-09 0.0120711 6.64754e-06 2.47464e-09 6.30584e-05 0.512233 
0.0984345 0.0010026 4.97207e-06 0.150846 7.89744e-11 0.0271818 5.72097e-07 4.71114e-05 3.97764e-06 0.000411135 1.29237e-10 3.4009e-10 0.000107721 2.53672e-10 5.5544e-10 3.63325e-05 8.12405e-11 4.30455e-05 8.11717e-10 0.375582 1.99728e-06 6.0328e-10 0.34454 0.00175641 
2.06019e-11 0.00162627 0.00095282 1.42971e-07 8.74396e-12 0.0471222 3.01406e-07 7.74586e-07 3.79621e-11 5.45124e-07 1.43089e-11 3.76544e-11 6.24165e-05 1.11096e-07 6.14976e-11 0.000531254 0.00240966 2.8115e-07 8.98723e-11 0.00284273 5.88341e-08 6.67945e-11 2.87039e-07 0.94445 
1.02657e-05 3.43091e-06 0.0822416 0.00203536 5.07317e-10 0.550361 0.000637122 1.64663e-05 2.20253e-09 1.30262e-09 8.30191e-10 1.24359e-06 0.00817448 0.236522 3.56804e-09 3.04506e-06 5.21874e-10 0.0291824 5.21431e-09 0.00396577 0.0648118 3.87536e-09 0.0220348 1.10234e-09 
1.22681e-06 5.85443e-06 2.31743e-06 1.38786e-05 2.60214e-10 6.87852e-08 1.10818e-09 0.00879004 1.12972e-09 6.6814e-10 4.25823e-10 1.12057e-09 1.19842e-05 0.00547589 1.83012e-09 0.0171572 2.6768e-10 1.90021e-06 2.67453e-09 2.43304e-07 3.55703e-10 1.98775e-09 1.83309e-06 0.968538 
2.24915e-09 0.978587 3.03517e-09 4.98823e-05 9.54595e-10 3.11498e-05 4.06535e-09 0.0212206 4.1444e-09 2.45107e-09 1.56213e-09 4.1108e-09 7.63471e-06 3.9864e-05 6.71382e-09 2.62129e-05 9.81986e-10 1.3403e-09 9.81153e-09 8.67335e-06 2.25761e-05 7.29208e-09 6.63383e-06 2.07423e-09 
0.0161841 0.00521543 0.00520085 0.000491253 4.88215e-08 0.0442598 2.07917e-07 0.0317971 9.84462e-05 0.000104046 1.37643e-05 0.000293895 0.00560705 0.0427018 3.43369e-07 9.25103e-05 9.55357e-05 0.00639976 1.33943e-05 0.0235113 0.00126606 3.72944e-07 0.0655338 0.751119 
0.721287 8.24297e-07 0.0908339 0.0292717 5.98614e-11 1.04533e-05 2.54932e-10 0.113238 2.5989e-10 1.41423e-06 9.79593e-11 2.57783e-10 5.82578e-07 8.26993e-07 4.21014e-10 1.82621e-10 3.5722e-07 4.21084e-08 6.15268e-10 0.00804307 0.0373101 3.20551e-07 7.5217e-07 4.16361e-07 
0.892945 1.11951e-08 0.0980271 1.53781e-05 9.10645e-09 3.89803e-05 3.87818e-08 1.09707e-05 0.000952993 2.33823e-08 1.01771e-06 4.15593e-06 6.56155e-06 2.92506e-08 6.40471e-08 2.77813e-08 3.48909e-06 1.2786e-08 9.3598e-08 2.33792e-07 0.00790123 6.95635e-08 2.31849e-06 8.96867e-05 
9.01879e-06 0.0383594 0.0302939 0.0103553 1.21688e-08 0.019384 1.0441e-05 0.00275841 0.00380344 0.229954 1.99134e-08 2.66468e-06 0.057702 0.366074 4.70161e-05 0.0430779 1.36379e-06 0.0632755 1.25073e-07 0.00500838 0.0402504 9.29563e-08 0.0517524 0.0378806 
1.72621e-05 1.05804e-05 1.46766e-05 2.46318e-06 9.84589e-08 0.0424233 2.15819e-05 3.52558e-06 1.31758e-05 2.52809e-07 6.07518e-06 4.23997e-07 2.58376e-06 0.00159251 0.000672919 2.49278e-05 8.07882e-06 1.38242e-07 1.01198e-06 8.80695e-06 0.00139863 7.52121e-07 0.0140665 0.93971 
1.53335e-07 1.67263e-11 0.00829696 1.65671e-06 1.36057e-11 0.0930622 5.79426e-11 0.000227378 5.90693e-11 4.45199e-08 2.22648e-11 5.85905e-11 0.000749509 3.01787e-07 9.56907e-11 9.9877e-08 0.0040463 1.91031e-11 1.39842e-10 2.9283e-07 0.89361 1.03933e-10 5.54783e-06 2.95636e-11 
0.892945 1.11951e-08 0.0980271 1.53781e-05 9.10645e-09 3.89803e-05 3.87818e-08 1.09707e-05 0.000952993 2.33823e-08 1.01771e-06 4.15593e-06 6.56155e-06 2.92506e-08 6.40471e-08 2.77813e-08 3.48909e-06 1.2786e-08 9.3598e-08 2.33792e-07 0.00790123 6.95635e-08 2.31849e-06 8.96867e-05 
1.12883e-06 5.44991e-05 1.52332e-06 0.0230383 4.79102e-07 0.0279279 1.30977e-05 4.95155e-07 2.08003e-06 0.00402487 1.63379e-06 2.06317e-06 0.00403887 0.855931 3.3696e-06 1.46161e-06 0.000241676 6.62919e-05 4.92432e-06 0.00114701 3.1533e-05 3.65983e-06 8.59649e-05 0.0833756 
2.82221e-07 1.47255e-07 0.000499733 0.000291942 1.19781e-07 0.641944 5.10115e-07 0.000102478 5.20034e-07 3.07558e-07 0.000238794 5.15819e-07 0.00273271 0.00471861 8.42442e-07 0.00335423 6.80415e-05 2.33435e-05 1.23114e-06 0.000532444 0.000568447 0.0002832 0.00991725 0.33472 
1.35203e-10 1.78725e-06 0.42324 0.059657 5.73836e-11 7.73439e-05 5.01546e-07 0.0509406 2.85361e-06 1.47342e-10 1.91032e-06 1.36044e-06 6.49131e-07 0.328475 6.20509e-06 0.00794696 5.90302e-11 5.12429e-07 2.11786e-06 0.0237363 0.011316 4.38349e-10 0.0935695 0.00102375 
3.69285e-09 1.7097e-05 0.0988759 6.89703e-06 1.56733e-09 0.0293819 6.67483e-09 1.61985e-09 0.0025966 8.09254e-06 2.56484e-09 2.55875e-05 7.80608e-06 8.25432e-05 1.10233e-08 0.0144043 2.75672e-06 1.03881e-05 0.00021477 0.0881959 0.0226491 1.19727e-08 0.0875188 0.656001 
0.0042448 1.55699e-05 6.16323e-06 0.203043 6.92041e-10 0.00118926 2.9472e-09 0.110793 3.00451e-09 1.24562e-06 1.13248e-09 2.98016e-09 0.411183 2.42317e-05 4.86723e-09 2.28034e-05 7.11898e-10 5.05363e-06 7.11295e-09 9.73692e-06 1.23935e-05 5.28645e-09 0.0492435 0.220207 
5.25979e-07 0.274282 3.68381e-07 7.87176e-07 2.22049e-10 0.00365844 0.450272 6.95962e-07 0.00156822 0.167766 2.55479e-05 9.56217e-10 0.0161331 0.00256849 7.01836e-06 6.77412e-10 3.31606e-07 0.000967134 2.28227e-09 9.82119e-07 5.59686e-08 1.69622e-09 0.0376308 0.0451172 
2.35603e-06 0.0126104 0.00266277 0.000266598 9.99956e-07 0.00329119 4.16587e-05 9.6372e-05 0.374978 2.56755e-06 1.63636e-06 4.30614e-06 0.4436 0.00607141 7.03285e-06 0.000172676 1.02865e-06 0.0014485 1.02778e-05 0.000857977 0.000972111 7.63859e-06 0.00188122 0.151011 
0.00495814 0.00193903 0.894303 0.00593926 8.38838e-11 0.00998371 7.83201e-08 0.0012121 2.17279e-06 6.22057e-06 1.3727e-10 5.65393e-07 8.8365e-07 0.00164052 5.89968e-10 0.00609065 0.000601379 8.16258e-07 8.62176e-10 0.00858025 0.063996 5.45281e-08 0.000743696 1.16701e-06 
7.51303e-05 1.04223e-05 0.202051 2.49771e-05 2.01804e-09 6.59846e-05 1.63377e-05 0.121605 1.22747e-05 5.18164e-09 1.02407e-05 8.69036e-09 8.98306e-05 6.48211e-09 1.41932e-08 6.16268e-06 2.07595e-09 0.322896 2.07419e-08 4.63091e-05 9.10363e-05 2.15974e-05 0.352952 2.54373e-05 
2.24915e-09 0.978587 3.03517e-09 4.98823e-05 9.54595e-10 3.11498e-05 4.06535e-09 0.0212206 4.1444e-09 2.45107e-09 1.56213e-09 4.1108e-09 7.63471e-06 3.9864e-05 6.71382e-09 2.62129e-05 9.81986e-10 1.3403e-09 9.81153e-09 8.67335e-06 2.25761e-05 7.29208e-09 6.63383e-06 2.07423e-09 
2.52068e-07 1.15577e-05 0.00253227 0.00444265 1.06984e-07 0.178774 0.0150127 1.36717e-05 4.64473e-07 0.000162416 0.00023848 4.60708e-07 3.93711e-05 7.01516e-05 7.52435e-07 7.01116e-06 5.17181e-06 0.00190316 1.0996e-06 9.65615e-07 3.7406e-06 8.17243e-07 0.000182761 0.796596 
3.79657e-05 0.0666812 0.000206225 0.0201402 2.03244e-07 0.000779291 0.00043869 1.38546e-05 8.82387e-07 0.000550194 3.32595e-07 8.75235e-07 0.00067431 0.000312262 3.8103e-06 0.890432 3.35515e-05 2.85365e-07 0.000120211 2.89279e-05 0.000644414 1.55256e-06 5.05128e-05 0.0188481 
5.70778e-07 0.0149829 6.55229e-05 5.3514e-06 2.66766e-09 0.0277209 0.000373483 0.000622602 3.73337e-06 6.84965e-09 4.36546e-09 8.80312e-07 1.44374e-07 7.58085e-06 1.87621e-08 0.000377335 2.74421e-09 1.60602e-06 2.74188e-08 0.0494061 9.86187e-06 2.03781e-08 0.00926793 0.897154 
8.59795e-06 0.00344503 0.0378993 6.24227e-05 1.20714e-08 0.0762451 5.14085e-08 1.32412e-05 5.24081e-08 0.000156967 1.9754e-08 5.19833e-08 0.0986381 3.87742e-08 8.48998e-08 7.63599e-05 3.88697e-05 0.0253348 6.34395e-06 7.68803e-06 0.0569375 9.22123e-08 0.316147 0.384982 
0.00135253 0.0504177 0.0600031 0.0327288 1.40924e-08 0.0570361 0.000630888 6.25673e-06 6.61623e-05 0.000117063 1.10393e-05 6.06867e-08 0.000425496 0.0204203 9.91143e-08 1.33826e-05 1.44968e-08 0.0600162 0.000152754 0.00167013 0.00105489 1.8522e-05 0.105999 0.60786 
0.00204863 0.0038257 0.00676087 0.102589 1.41581e-08 0.0331666 0.000594193 0.044158 0.000216845 1.97104e-05 7.03253e-05 0.000130739 0.0768257 0.00157231 9.95765e-08 0.00357896 3.93507e-05 1.34624e-06 1.45521e-07 0.0883613 0.0165704 1.08153e-07 0.61898 0.00048917 
0.000188763 0.00195583 0.830103 0.00030274 4.18094e-10 0.0972209 0.0479497 0.000104483 7.16594e-07 0.000325863 2.61186e-07 5.59915e-10 0.000670985 3.74301e-08 2.51099e-07 0.00567646 0.000383388 0.00109426 1.33506e-06 0.000308869 0.00152922 9.93223e-10 0.00175994 0.0104227 
0.000406731 0.536209 0.0587573 3.33653e-05 2.83789e-08 0.127594 0.113647 0.00694486 0.000290899 7.28675e-08 0.00189213 1.22209e-07 9.89344e-06 0.0179654 1.23342e-05 5.87666e-05 0.000784949 0.00502679 0.0117807 0.00466695 0.0275899 1.27385e-06 0.0260382 0.0602889 
3.12681e-05 4.69193e-05 0.000117861 0.00126503 1.09668e-09 8.76929e-05 4.67043e-09 0.000226799 2.85724e-05 2.47828e-05 1.79464e-09 4.72265e-09 0.000208368 2.95935e-05 7.7131e-09 4.58391e-05 1.12814e-09 1.53979e-09 1.12719e-08 0.000891497 6.29644e-05 8.37743e-09 0.996933 2.38296e-09 
2.58749e-06 1.95545e-05 1.3956e-09 8.59878e-07 4.38932e-10 0.00195069 3.99743e-07 0.858037 1.90564e-09 1.12703e-09 7.18284e-10 0.00265445 1.23811e-06 1.40989e-09 3.08708e-09 1.33906e-09 4.61916e-07 6.16285e-10 4.51144e-09 1.47958e-06 6.00005e-10 3.35297e-09 0.137328 4.06104e-06 
3.19366e-07 0.00548251 0.0188341 0.00545872 1.35547e-07 0.00633525 0.0077358 1.40088e-07 5.8848e-07 0.00623023 2.21814e-07 5.8371e-07 0.898272 4.35387e-07 9.53322e-07 0.024522 1.39436e-07 0.00348297 1.39318e-06 0.00161157 1.85288e-07 1.03543e-06 0.00376747 0.0182611 
0.0780252 0.00744245 0.00770709 8.78653e-07 4.33616e-10 0.410979 0.000391558 0.000235567 0.0339778 0.000269945 2.14841e-05 0.00764473 0.000637331 8.2257e-08 3.04969e-09 0.00919319 0.00136796 0.0015594 4.4568e-09 0.00695508 0.036185 3.31236e-09 0.259116 0.13829 
6.58611e-05 1.6524e-05 0.23489 0.00221756 3.9555e-08 9.78869e-05 6.15954e-06 0.554365 8.45463e-05 1.01564e-07 6.47292e-08 1.70337e-07 0.000224733 1.27054e-07 2.78196e-07 1.18664e-05 4.069e-08 5.55374e-08 4.06555e-07 0.180087 0.0208066 3.02158e-07 0.00712425 8.59486e-08 
0.000112753 0.000135588 0.000639161 1.68745e-05 3.44308e-08 0.248694 6.99242e-05 0.000156784 3.35551e-05 5.40605e-07 0.000255008 1.4827e-07 6.08893e-06 0.000130265 0.000285187 2.4836e-06 2.63086e-05 4.83427e-08 3.53887e-07 0.000695678 0.53476 2.3375e-06 0.193354 0.0206227 
0.000340962 3.08482e-05 1.19917e-08 5.2655e-06 3.77153e-09 0.0783087 1.60619e-08 0.133946 0.0383003 0.0644475 6.17187e-09 8.22967e-05 4.97254e-05 0.0373589 2.65258e-08 2.5888e-05 8.84573e-05 5.29544e-09 3.87646e-08 0.338874 0.000226075 2.88105e-08 0.30784 7.50883e-05 
0.00249299 0.104068 0.000613508 0.0855585 1.6922e-11 0.125353 0.00316369 0.374382 6.89822e-05 7.73158e-08 2.76917e-11 9.9944e-09 0.0148365 0.126519 3.65781e-08 5.16244e-11 3.98468e-06 0.0516821 5.30848e-05 0.0361176 0.0397484 1.29266e-10 0.0335975 0.00174048 
0.000244194 2.7322e-09 1.55981e-07 0.024227 3.90648e-12 0.12889 1.66366e-11 0.000504661 1.69601e-11 0.000120573 5.84882e-10 1.37176e-08 2.32838e-07 1.17945e-07 2.74749e-11 3.90312e-08 1.01017e-06 2.33676e-08 4.01516e-11 1.14448e-07 0.792771 2.98413e-11 0.0532406 8.48835e-12 
1.20951e-08 3.01895e-07 0.240007 0.0647442 9.87014e-13 0.00285124 1.95883e-07 0.567015 4.28515e-12 4.61271e-08 1.1954e-08 0.000119309 0.00282967 5.1046e-08 6.94183e-12 4.7847e-07 1.44188e-08 5.97305e-08 1.01447e-11 0.0624049 0.0104586 7.53973e-12 0.0495689 1.094e-08 
0.00056638 0.000224243 3.84058e-08 6.52652e-05 1.20791e-08 0.0022375 0.000190384 6.7425e-05 5.24415e-08 0.000158207 1.97666e-08 5.20165e-08 1.5141e-05 3.87989e-08 8.4954e-08 3.685e-08 1.24257e-08 1.69597e-08 1.24151e-07 0.994578 0.000127156 9.22711e-08 0.000402418 0.00136747 
0.000115194 0.00535152 0.247616 0.00590583 1.03745e-07 0.00156765 1.16727e-05 6.06741e-05 4.50411e-07 0.024559 1.69772e-07 0.000214933 0.397088 4.92751e-05 7.29654e-07 0.00856685 3.12096e-06 0.00178927 1.06631e-06 0.29986 0.000125712 7.92499e-07 0.000667989 0.00644379 
0.00011059 0.00181579 0.897569 0.000177419 5.78532e-10 0.051381 0.0140832 6.11342e-05 9.6386e-07 0.00277512 1.65722e-07 1.31328e-09 0.000392735 2.31229e-05 3.38461e-07 0.0117804 0.00393676 0.0023868 2.35378e-08 0.000379025 0.00110553 2.32961e-09 0.00102744 0.0109934 
0.000189283 0.00466032 0.245822 0.00703576 1.80281e-08 0.0133399 1.18976e-05 0.00981967 9.8677e-06 0.000898733 7.791e-06 5.31733e-06 0.017332 0.0204342 4.31196e-05 0.0768937 1.85454e-08 0.000612439 1.85297e-07 0.0126355 0.00780224 9.04696e-06 0.0200383 0.562399 
4.25649e-07 4.90813e-05 2.36049e-06 2.7714e-05 1.80656e-07 0.135431 7.69362e-07 4.76993e-07 7.84322e-07 4.63863e-07 1.66125e-05 7.77964e-07 5.72169e-06 0.659236 0.000494208 0.0237342 0.000150563 1.05071e-05 0.00131486 0.00391165 0.13909 1.38002e-06 0.0365199 3.92545e-07 
0.0276762 0.0116342 0.0529109 0.0210297 1.1352e-09 0.623319 4.83448e-09 1.07301e-06 3.64362e-05 0.000486168 8.89865e-06 2.30714e-05 0.00176242 3.64634e-09 1.95524e-05 3.46318e-09 0.0478314 1.12617e-05 1.26697e-07 0.00240391 0.204004 8.67169e-09 0.00668161 0.000160806 
7.58437e-09 9.6745e-06 5.87704e-06 0.0001462 3.21899e-09 0.26703 1.37088e-08 3.47308e-05 1.39753e-08 6.07595e-06 5.26767e-09 1.3862e-08 9.93096e-05 1.03397e-08 2.26397e-08 4.93883e-05 3.31135e-09 4.13583e-07 3.30855e-08 5.73105e-05 0.164654 2.45896e-08 0.567907 6.99451e-09 
0.00111393 6.02889e-06 0.0210612 0.0421414 7.25449e-09 0.0228432 0.000406188 0.000699744 5.40199e-05 9.12643e-07 1.18715e-08 1.53805e-06 0.0794436 1.91433e-05 5.1022e-08 0.00478155 0.00760999 1.01857e-08 7.45632e-08 0.0429996 0.0860934 5.54166e-08 0.690695 2.94841e-05 
1.72621e-05 1.05804e-05 1.46766e-05 2.46318e-06 9.84589e-08 0.0424233 2.15819e-05 3.52558e-06 1.31758e-05 2.52809e-07 6.07518e-06 4.23997e-07 2.58376e-06 0.00159251 0.000672919 2.49278e-05 8.07882e-06 1.38242e-07 1.01198e-06 8.80695e-06 0.00139863 7.52121e-07 0.0140665 0.93971 
0.00011059 0.00181579 0.897569 0.000177419 5.78532e-10 0.051381 0.0140832 6.11342e-05 9.6386e-07 0.00277512 1.65722e-07 1.31328e-09 0.000392735 2.31229e-05 3.38461e-07 0.0117804 0.00393676 0.0023868 2.35378e-08 0.000379025 0.00110553 2.32961e-09 0.00102744 0.0109934 
4.22762e-07 0.00291943 0.0248514 1.79951e-07 7.70155e-11 0.0433128 0.000591688 0.0127819 5.07374e-07 1.9775e-10 1.26031e-10 3.31654e-10 0.00255003 2.4738e-10 5.41662e-10 9.57245e-07 5.11369e-07 0.00164484 7.91582e-10 3.49582e-07 0.000258311 3.85589e-06 0.911081 1.57589e-06 
0.00499078 0.0158311 1.75619e-07 0.00424624 1.5711e-11 0.108996 2.58743e-07 0.0103906 0.000420043 8.31038e-08 0.000115873 6.56249e-08 4.67679e-08 2.00095e-05 1.10498e-10 4.79301e-11 0.000382181 2.20592e-11 1.61481e-10 0.138312 1.35888e-07 1.16577e-07 0.0220912 0.694203 
2.29318e-05 1.92097e-06 8.19165e-07 0.939318 8.42459e-10 0.00502363 3.58779e-09 3.20075e-05 3.65755e-09 0.00054396 1.37863e-09 3.62791e-09 0.00033401 2.06059e-07 5.92515e-09 2.57011e-09 2.45869e-05 0.00012428 8.65897e-09 0.0426376 0.00115678 6.43548e-09 0.0107792 4.02293e-07 
0.00495814 0.00193903 0.894303 0.00593926 8.38838e-11 0.00998371 7.83201e-08 0.0012121 2.17279e-06 6.22057e-06 1.3727e-10 5.65393e-07 8.8365e-07 0.00164052 5.89968e-10 0.00609065 0.000601379 8.16258e-07 8.62176e-10 0.00858025 0.063996 5.45281e-08 0.000743696 1.16701e-06 
0.160872 3.03132e-07 1.41006e-10 9.9586e-07 4.4348e-11 0.651055 0.000183453 0.0559954 0.0045593 1.13871e-10 6.00204e-08 0.00152161 0.00115779 1.42449e-10 0.000441686 1.35294e-10 0.115034 1.1289e-07 4.55819e-10 0.00424684 0.00492781 8.35339e-08 3.25038e-06 1.27475e-06 
0.498265 0.0269019 0.223993 7.81396e-07 3.55138e-11 0.223701 1.50186e-05 3.30704e-06 5.55217e-07 2.17035e-06 1.68594e-07 8.41288e-07 1.72457e-06 4.22184e-07 2.49774e-10 1.51692e-06 0.00104178 4.98633e-11 3.65018e-10 4.35143e-07 9.80684e-07 2.71287e-10 0.0260684 6.09701e-07 
0.000188763 0.00195583 0.830103 0.00030274 4.18094e-10 0.0972209 0.0479497 0.000104483 7.16594e-07 0.000325863 2.61186e-07 5.59915e-10 0.000670985 3.74301e-08 2.51099e-07 0.00567646 0.000383388 0.00109426 1.33506e-06 0.000308869 0.00152922 9.93223e-10 0.00175994 0.0104227 
2.51391e-09 1.02325e-05 5.59787e-05 0.00010501 1.06696e-09 6.8232e-06 1.77257e-05 1.95191e-05 4.63225e-09 2.7396e-09 1.74602e-09 6.43716e-06 0.257855 9.56215e-05 7.57918e-07 0.0708622 3.29385e-06 1.49808e-09 1.09665e-08 1.88341e-05 9.91927e-06 2.45328e-06 0.566275 0.104655 
7.08944e-07 0.000116104 9.39903e-05 0.00135179 3.00893e-07 0.000572486 1.28142e-06 3.10975e-07 3.25393e-06 0.000694909 4.92392e-07 1.29575e-06 0.0294354 0.966168 2.11623e-06 0.00105657 3.09527e-07 4.22471e-07 3.09264e-06 9.41066e-05 8.56235e-05 2.2985e-06 2.41979e-05 0.000291245 
0.00282814 1.37994e-12 3.56896e-12 0.000588364 1.12248e-12 0.0132669 0.000276185 0.00345853 4.97122e-08 2.88215e-12 1.83687e-12 8.53079e-05 0.0197688 3.60549e-12 7.89458e-12 3.42438e-12 0.0246474 1.57602e-12 1.15371e-11 0.00230568 0.931132 8.57454e-12 0.00158374 5.85851e-05 
6.22391e-10 3.24746e-10 1.66308e-05 0.647985 2.64158e-10 5.72382e-05 7.53847e-06 7.51595e-05 6.99694e-06 8.41116e-06 4.32277e-10 3.75505e-06 0.0436802 0.000108523 0.0530075 8.05874e-10 2.55461e-06 0.0262389 2.71507e-09 0.0442271 1.95027e-06 2.01788e-09 0.00522573 0.179347 
1.83036e-07 0.0377987 0.0715231 8.41569e-06 7.76847e-08 0.320801 0.000798692 0.00650823 1.38589e-05 0.0685749 9.39305e-05 3.08681e-05 9.96458e-05 0.00501873 0.00725286 5.74088e-06 1.10242e-06 0.0435875 7.98461e-07 7.33369e-06 0.00130099 5.93428e-07 0.0336717 0.402901 
0.160872 3.03132e-07 1.41006e-10 9.9586e-07 4.4348e-11 0.651055 0.000183453 0.0559954 0.0045593 1.13871e-10 6.00204e-08 0.00152161 0.00115779 1.42449e-10 0.000441686 1.35294e-10 0.115034 1.1289e-07 4.55819e-10 0.00424684 0.00492781 8.35339e-08 3.25038e-06 1.27475e-06 
2.06019e-11 0.00162627 0.00095282 1.42971e-07 8.74396e-12 0.0471222 3.01406e-07 7.74586e-07 3.79621e-11 5.45124e-07 1.43089e-11 3.76544e-11 6.24165e-05 1.11096e-07 6.14976e-11 0.000531254 0.00240966 2.8115e-07 8.98723e-11 0.00284273 5.88341e-08 6.67945e-11 2.87039e-07 0.94445 
0.00441503 0.00213946 0.898413 0.00646416 2.09384e-09 0.00863903 4.42404e-07 0.00110694 0.000151463 0.0020249 3.42643e-09 1.01072e-05 9.44741e-05 0.00272733 1.47263e-08 0.00836007 0.000542691 5.62116e-05 2.15209e-08 0.00865263 0.0544609 2.20933e-07 0.00165345 8.7037e-05 
2.99253e-07 0.0058121 0.00336898 0.00020344 1.2701e-07 0.0739845 0.0014502 2.91334e-05 8.82912e-05 3.26119e-07 2.07844e-07 0.00263373 4.72935e-05 0.00357338 8.93282e-07 1.10133e-05 0.000188542 0.000157505 0.000154723 4.65274e-06 0.000403597 3.28966e-05 0.90654 0.00131409 
2.43971e-05 0.0753821 2.05973e-05 3.40133e-06 1.70127e-08 0.000121114 3.034e-05 4.91445e-06 1.83069e-05 4.36828e-08 0.00148447 7.32623e-08 1.65216e-06 3.53356e-05 1.19653e-07 5.19012e-08 1.14273e-05 2.38868e-08 1.7486e-07 1.25317e-05 1.5921e-05 1.29959e-07 8.02721e-05 0.922753 
0.000294051 0.00926326 0.00113667 0.00207541 2.30476e-07 0.0157562 0.000153835 8.46045e-05 0.000141264 6.67914e-05 9.44757e-05 0.00020437 1.17294e-05 0.143065 9.38827e-06 0.0471431 0.0041152 0.0026857 0.740288 0.00874534 0.000861304 5.73785e-07 0.0117455 0.012058 
7.05905e-07 0.00014427 0.000101233 0.000105047 2.99603e-07 0.0282541 1.27592e-06 0.000164299 0.00107418 7.69279e-07 4.90281e-07 1.29019e-06 0.000293755 0.00745644 2.10716e-06 0.912789 3.082e-07 0.000259267 3.07939e-06 4.89404e-05 0.0277555 2.28865e-06 0.0215407 6.51005e-07 
1.72621e-05 1.05804e-05 1.46766e-05 2.46318e-06 9.84589e-08 0.0424233 2.15819e-05 3.52558e-06 1.31758e-05 2.52809e-07 6.07518e-06 4.23997e-07 2.58376e-06 0.00159251 0.000672919 2.49278e-05 8.07882e-06 1.38242e-07 1.01198e-06 8.80695e-06 0.00139863 7.52121e-07 0.0140665 0.93971 
4.7151e-06 2.73349e-06 8.65244e-07 0.311055 4.60445e-10 0.00158116 7.10245e-06 3.21206e-05 1.99903e-09 0.0147046 7.53489e-10 1.98283e-09 0.402288 0.00323408 9.58582e-07 0.00132039 5.43895e-07 4.92882e-06 4.73256e-09 0.00574745 0.00288587 3.51731e-09 0.257127 2.41622e-06 
1.56999e-06 0.195335 1.77643e-05 4.00056e-06 1.51407e-10 0.124947 6.44799e-10 1.96697e-05 6.57337e-10 2.87723e-06 2.47768e-10 6.52009e-10 2.72806e-06 4.86331e-10 1.06487e-09 4.61902e-10 1.55751e-10 0.135518 1.55619e-09 0.224295 2.54591e-06 1.15659e-09 0.204336 0.115518 
8.36071e-09 3.29361e-05 5.28312e-05 7.53862e-06 3.54849e-09 0.0561328 1.94708e-05 5.58364e-06 0.0475519 9.11131e-09 5.80687e-09 7.18181e-07 1.40085e-05 3.25174e-05 1.26528e-05 1.08255e-08 3.65031e-09 2.01726e-05 3.64721e-08 3.77511e-06 2.16477e-05 2.71067e-08 0.0573692 0.838722 
8.63279e-06 0.0012018 0.00283657 0.00228415 1.62195e-09 2.28726e-05 6.90742e-09 3.40573e-06 7.04173e-09 3.67079e-05 2.65422e-09 6.98465e-09 0.000432232 0.985401 5.62203e-06 4.94813e-09 1.17666e-06 2.27731e-09 0.00072926 2.73209e-06 2.31832e-05 1.239e-08 0.00700521 5.12378e-06 
0.000124691 0.0193991 0.459842 0.0840679 3.96481e-09 0.322637 4.12094e-06 1.44671e-06 0.0233595 1.01803e-08 1.7082e-07 2.09203e-06 8.07943e-05 1.27353e-08 2.78852e-08 2.19109e-06 1.15073e-06 4.68608e-05 1.58362e-05 6.35496e-07 0.0136676 1.76981e-05 0.0708889 0.00584045 
0.0411579 0.0127892 3.24343e-09 0.0175366 1.0201e-09 0.0104293 0.00640248 0.000182825 4.42877e-09 2.61926e-09 0.000310128 4.39287e-09 0.0659632 1.45801e-05 7.1745e-09 3.61205e-07 6.41714e-06 0.00783776 1.04848e-08 0.0775422 1.39443e-09 0.000399493 0.178959 0.580468 
0.00089005 0.00178573 2.91674e-05 0.0495152 4.30716e-09 0.13645 1.83429e-08 0.00397155 6.8583e-06 1.43883e-05 7.04838e-09 1.8548e-08 7.77346e-06 0.0376827 2.5145e-05 0.0124533 0.0485614 0.556584 3.58302e-06 5.56386e-06 0.0342474 0.0772942 8.60131e-06 0.0404634 
3.12666e-08 0.0183022 4.21934e-08 7.66585e-05 1.32703e-08 0.00166759 0.000111784 0.000850482 0.000142026 0.000244552 7.87853e-06 5.71463e-08 0.000227735 0.884407 1.012e-06 0.00559162 1.36511e-08 2.01711e-05 0.0156141 0.00142305 1.27615e-05 1.01371e-07 0.0101798 0.0611195 
0.00419755 0.0361019 7.74047e-07 0.841791 5.68573e-10 0.00137028 6.55949e-07 0.00156171 0.00304707 0.00538649 6.87366e-07 2.44846e-09 0.000574746 1.95709e-07 3.99886e-09 0.00800307 9.7866e-07 0.00540985 5.84391e-09 0.0421377 0.000310793 4.34329e-09 0.0436991 0.00640546 
0.0843212 0.0224823 0.02423 0.0600081 1.01622e-08 0.177194 9.2734e-05 9.33447e-05 4.41196e-08 9.69831e-05 1.66298e-08 4.3762e-08 0.00931738 0.16832 7.14726e-08 0.00089526 0.000705999 0.015209 2.39691e-05 0.00662224 0.000102414 7.76286e-08 0.0452298 0.385055 
0.0196186 0.00134036 0.0218453 0.00720491 2.77946e-12 0.438382 0.00257208 0.0241882 0.000415865 4.35664e-08 1.71967e-05 0.0001023 0.000539028 4.8213e-08 2.09399e-07 4.51865e-07 0.000740029 0.00015281 2.85679e-11 0.00101511 0.473006 2.12321e-11 0.00869988 0.000159149 
0.000143663 1.14235e-08 0.000403585 1.52232e-05 9.2922e-09 8.33281e-05 3.76081e-05 0.0476498 2.97029e-05 2.38592e-08 1.52061e-08 4.00153e-08 4.91266e-05 2.98473e-08 2.59398e-05 4.4922e-05 0.0897651 1.30468e-08 3.25064e-05 0.0316203 1.27021e-08 7.09824e-08 6.97935e-05 0.830029 
3.16277e-07 0.00564833 0.540753 1.90211e-09 1.91738e-11 0.376694 3.26705e-07 6.54135e-08 1.6657e-07 4.92318e-11 3.13767e-11 3.27806e-06 9.25526e-09 1.77379e-06 1.34852e-10 0.00412627 0.0340243 3.55092e-06 1.97072e-10 0.000383183 3.17166e-07 1.46467e-10 6.5957e-06 0.038355 
0.0272504 0.532376 0.0206014 0.000369912 1.20447e-07 0.287414 5.12948e-07 0.0242335 6.497e-06 6.82764e-05 9.08194e-07 0.0615618 0.000194517 0.00712198 8.47121e-07 0.00328808 9.95885e-05 1.80658e-05 1.23798e-06 0.0260763 2.49144e-05 9.20084e-07 0.000987391 0.00830338 
0.0042448 1.55699e-05 6.16323e-06 0.203043 6.92041e-10 0.00118926 2.9472e-09 0.110793 3.00451e-09 1.24562e-06 1.13248e-09 2.98016e-09 0.411183 2.42317e-05 4.86723e-09 2.28034e-05 7.11898e-10 5.05363e-06 7.11295e-09 9.73692e-06 1.23935e-05 5.28645e-09 0.0492435 0.220207 
3.2555e-07 0.017359 0.325132 0.00157118 1.39395e-10 0.599391 5.93646e-10 0.000436118 3.37825e-08 1.28265e-07 2.43865e-08 6.00283e-10 0.000947315 2.29405e-06 9.8039e-10 2.29095e-06 9.39419e-05 1.95719e-10 2.4193e-08 0.00132938 0.0289889 1.06483e-09 0.0240442 0.000701219 
0.000340962 3.08482e-05 1.19917e-08 5.2655e-06 3.77153e-09 0.0783087 1.60619e-08 0.133946 0.0383003 0.0644475 6.17187e-09 8.22967e-05 4.97254e-05 0.0373589 2.65258e-08 2.5888e-05 8.84573e-05 5.29544e-09 3.87646e-08 0.338874 0.000226075 2.88105e-08 0.30784 7.50883e-05 
0.00209009 0.0231539 3.86523e-09 0.000246543 1.21566e-09 0.0788206 0.000841014 7.46761e-05 0.000227278 3.1214e-09 4.03714e-05 8.57831e-07 0.000648126 3.81892e-07 8.54993e-09 3.70865e-09 0.0010775 0.00148244 1.24948e-08 2.74317e-05 0.000129656 0.00233517 0.401384 0.48742 
4.22762e-07 0.00291943 0.0248514 1.79951e-07 7.70155e-11 0.0433128 0.000591688 0.0127819 5.07374e-07 1.9775e-10 1.26031e-10 3.31654e-10 0.00255003 2.4738e-10 5.41662e-10 9.57245e-07 5.11369e-07 0.00164484 7.91582e-10 3.49582e-07 0.000258311 3.85589e-06 0.911081 1.57589e-06 
1.96226e-09 0.04222 2.64802e-09 0.000344012 8.32833e-10 0.0004267 2.5091e-06 2.46082e-07 5.26543e-05 9.24415e-06 5.19787e-06 2.04966e-06 0.000310703 0.227647 5.85744e-09 0.00331408 8.5673e-10 7.14085e-08 0.719006 3.52737e-05 9.11487e-05 6.36195e-09 0.00617033 0.000363339 
5.25979e-07 0.274282 3.68381e-07 7.87176e-07 2.22049e-10 0.00365844 0.450272 6.95962e-07 0.00156822 0.167766 2.55479e-05 9.56217e-10 0.0161331 0.00256849 7.01836e-06 6.77412e-10 3.31606e-07 0.000967134 2.28227e-09 9.82119e-07 5.59686e-08 1.69622e-09 0.0376308 0.0451172 
0.000712039 1.13612e-08 2.93837e-08 0.000209691 9.2415e-09 0.000815733 0.000299153 0.000521502 4.05234e-06 2.3729e-08 1.51231e-08 0.000167187 0.00120383 2.96845e-08 6.4997e-08 2.81933e-08 0.00138894 1.29756e-08 9.49862e-08 0.000301791 0.993939 7.05952e-08 0.00033867 9.8416e-05 
2.46178e-06 1.51383e-06 3.95441e-10 1.02626e-06 1.24371e-10 0.0293428 1.37764e-06 1.28538e-10 1.7824e-06 3.38534e-06 7.1254e-07 2.67844e-06 4.79434e-07 4.39836e-07 8.74718e-10 0.000182845 1.27939e-10 1.60671e-06 1.27831e-09 6.39165e-05 1.7001e-10 9.50059e-10 0.213147 0.757246 
0.00302985 0.00073518 0.00149343 1.7329e-08 5.51163e-12 0.184528 0.001751 0.000596677 9.33466e-08 1.07569e-07 0.000264187 2.37349e-11 1.36482e-07 0.000198836 3.87641e-11 1.93384e-07 0.000601624 6.3922e-07 5.66497e-11 6.4099e-08 0.00306799 4.21029e-11 0.161847 0.641884 
0.00495814 0.00193903 0.894303 0.00593926 8.38838e-11 0.00998371 7.83201e-08 0.0012121 2.17279e-06 6.22057e-06 1.3727e-10 5.65393e-07 8.8365e-07 0.00164052 5.89968e-10 0.00609065 0.000601379 8.16258e-07 8.62176e-10 0.00858025 0.063996 5.45281e-08 0.000743696 1.16701e-06 
1.03408e-06 7.81626e-06 2.96845e-10 3.39385e-07 9.3361e-11 0.0058442 1.59437e-07 0.574301 4.05329e-10 2.39719e-10 1.52779e-10 0.00793988 4.94823e-07 2.99883e-10 6.56623e-10 2.84819e-10 9.60399e-11 1.31084e-10 9.59585e-10 5.9138e-07 1.27621e-10 7.13179e-10 0.411903 1.62311e-06 
0.0139609 2.02197e-11 0.000393137 0.0036518 1.64473e-11 0.640709 6.87178e-06 0.00329107 0.00483787 4.22311e-11 0.000108073 7.08276e-11 2.83299e-05 5.28301e-11 1.65859e-06 4.36078e-07 0.0122175 2.30929e-11 1.69049e-10 8.08059e-08 0.294831 1.2564e-10 0.0259624 8.46014e-08 
2.6353e-06 0.0500053 0.000264269 0.0817019 2.91025e-11 0.00283101 3.88289e-08 0.056052 6.07561e-06 3.23202e-05 4.76244e-11 1.25325e-10 0.36186 0.0174898 2.04683e-10 0.0357295 5.96646e-05 4.08616e-11 8.32231e-08 0.34687 0.00588374 2.35202e-07 0.0407615 0.000450522 
0.000149806 6.68774e-07 0.00408079 1.1263e-06 3.86464e-11 0.875109 2.57563e-07 1.48571e-07 4.78649e-08 0.00024276 1.67098e-08 2.15177e-07 0.000129017 1.24135e-10 1.11065e-06 1.179e-10 0.00622058 0.000294101 3.97216e-10 8.58146e-05 0.110457 2.95217e-10 0.00320752 1.98769e-05 
0.000188763 0.00195583 0.830103 0.00030274 4.18094e-10 0.0972209 0.0479497 0.000104483 7.16594e-07 0.000325863 2.61186e-07 5.59915e-10 0.000670985 3.74301e-08 2.51099e-07 0.00567646 0.000383388 0.00109426 1.33506e-06 0.000308869 0.00152922 9.93223e-10 0.00175994 0.0104227 
1.64253e-06 9.0209e-07 0.0467248 1.7318e-06 6.56467e-10 0.138628 2.79571e-09 0.00377265 0.00275543 1.68558e-09 1.6207e-06 3.18537e-07 5.1206e-07 2.10863e-09 2.8106e-05 2.62819e-05 4.92101e-05 0.00508426 6.74732e-09 9.1382e-07 8.97368e-10 5.29282e-05 0.311214 0.491656 
0.00571167 5.5255e-05 0.00603854 0.0496515 5.34688e-09 0.792443 2.42362e-07 2.38127e-05 7.09873e-05 3.93617e-05 1.77508e-07 1.14354e-06 1.32448e-05 3.5146e-05 5.65384e-05 1.63119e-08 0.00139983 0.00668519 3.44083e-07 0.00044901 0.137323 4.08445e-08 1.37932e-06 1.16182e-08 
0.0477454 0.00375594 0.0271524 3.4205e-05 1.19934e-10 0.0609646 0.000891722 0.00888189 0.000185061 3.07949e-10 1.96264e-10 5.16474e-10 0.00102043 3.85237e-10 8.43513e-10 7.43678e-07 0.000101195 0.00142093 1.2327e-09 3.67982e-07 0.00164465 3.2597e-06 0.794854 0.0513437 
2.03411e-06 5.78437e-05 9.49099e-05 5.63793e-05 8.63328e-07 0.0116442 3.67667e-06 4.80504e-06 3.74816e-06 0.00162032 2.16513e-05 2.11082e-05 1.32339e-05 4.39451e-06 6.07192e-06 2.63378e-06 0.000143023 0.000241338 8.87347e-06 7.04211e-05 1.18014e-06 0.000261238 0.00869118 0.977025 
1.77821e-06 0.00840537 2.39965e-06 0.000232276 7.54715e-07 0.0059338 0.000102952 0.000273335 3.27662e-06 0.000818853 1.23504e-06 0.000117451 0.000124509 0.000505361 5.30803e-06 0.000627056 7.76371e-07 1.05966e-06 7.75713e-06 0.000218806 0.00170078 7.22139e-05 0.0121714 0.968672 
0.000174691 0.069853 0.000138478 3.60815e-05 6.38901e-08 0.137105 0.00173832 0.000451947 2.7738e-07 6.88899e-07 0.000167582 0.000685352 0.522131 0.000680694 0.000547299 0.00633548 7.04086e-05 0.000500643 6.56676e-07 0.00541819 0.00503542 4.88052e-07 0.134165 0.114762 
1.21007e-06 2.53929e-09 0.913844 0.0145903 2.06553e-09 7.63173e-07 8.74244e-06 0.00268121 8.04056e-07 7.67481e-06 1.06721e-07 3.60894e-08 0.000990851 0.00103486 1.45272e-08 6.30138e-09 2.1248e-09 2.90012e-09 2.123e-08 3.80416e-06 0.0668336 1.57784e-08 2.02162e-06 4.48817e-09 
0.0010418 0.0160922 0.467667 0.0386971 3.81218e-12 0.0240702 0.000227727 0.102158 1.35733e-07 0.00707305 4.61703e-08 3.07005e-07 4.69041e-07 0.000907117 2.68117e-11 0.0205148 0.000440008 2.30699e-07 3.91824e-11 0.105481 0.147553 2.9121e-11 0.0677042 0.000371877 
3.85479e-10 1.8022e-06 5.33042e-05 0.161911 1.63607e-10 0.159726 4.15413e-07 1.33967e-06 7.10302e-10 0.0028783 3.21392e-08 7.04545e-10 0.00884675 0.199681 1.15067e-09 0.00113501 9.04596e-06 0.0136707 1.68158e-09 7.12933e-07 0.0045768 1.24978e-09 0.433873 0.0136344 
0.000340962 3.08482e-05 1.19917e-08 5.2655e-06 3.77153e-09 0.0783087 1.60619e-08 0.133946 0.0383003 0.0644475 6.17187e-09 8.22967e-05 4.97254e-05 0.0373589 2.65258e-08 2.5888e-05 8.84573e-05 5.29544e-09 3.87646e-08 0.338874 0.000226075 2.88105e-08 0.30784 7.50883e-05 
5.23193e-08 1.61521e-12 1.36189e-07 0.115392 1.31386e-12 0.0274362 5.59536e-12 7.04753e-08 5.70415e-12 0.000413029 2.15005e-12 5.65792e-12 0.0377533 0.00306882 9.24059e-12 6.47748e-05 0.0102324 1.84473e-12 1.35041e-11 0.00617574 0.0302344 1.00365e-11 0.769229 2.85487e-12 
1.17647e-07 1.84678e-09 2.12404e-06 0.169387 1.50222e-09 0.726013 1.38838e-05 1.30616e-05 6.52193e-09 0.0874623 1.0124e-06 6.46906e-09 3.97252e-06 0.000116632 1.05654e-08 8.26908e-05 1.02073e-06 0.000617917 1.54401e-08 0.00550646 0.00933132 1.14754e-08 0.000865796 0.000581201 
0.000188763 0.00195583 0.830103 0.00030274 4.18094e-10 0.0972209 0.0479497 0.000104483 7.16594e-07 0.000325863 2.61186e-07 5.59915e-10 0.000670985 3.74301e-08 2.51099e-07 0.00567646 0.000383388 0.00109426 1.33506e-06 0.000308869 0.00152922 9.93223e-10 0.00175994 0.0104227 
1.31711e-07 0.00927977 0.0191429 0.235911 5.59013e-08 0.00152378 2.38068e-07 0.00420428 2.42697e-07 0.0607861 9.14788e-08 2.40729e-07 2.62272e-05 0.642355 6.47054e-06 0.00528812 5.75053e-08 4.78368e-07 5.74565e-07 0.000145013 0.0202973 5.86604e-06 0.00102623 1.21467e-07 
0.000157468 0.00118439 0.828032 0.00769558 1.34882e-07 0.00282963 5.74423e-07 0.00447569 5.85593e-07 1.96718e-05 2.20725e-07 5.80846e-07 0.000256444 0.0885349 9.48645e-07 0.0594071 1.38752e-07 2.13595e-05 1.38635e-06 0.000331906 5.16731e-05 1.03035e-06 0.00167219 0.00532478 
