0.0019131 0.108782 0.00182632 0.0366989 0.381707 0.0282476 0.00112548 0.0149975 0.00157146 0.0251725 0.00129031 0.000996328 0.0390802 0.00255035 0.00129024 0.0105262 0.0135777 0.0358583 1.98313e-05 0.247171 0.00363133 1.13805e-05 0.031653 0.0103014 
4.9112e-06 0.111169 1.49448e-10 0.0299324 0.75349 0.00109237 4.50945e-05 0.0671374 9.83013e-06 0.000658825 5.45383e-05 0.00199724 0.0035439 5.58082e-07 0.00831059 2.86933e-08 0.016574 0.000354386 4.83108e-10 0.00265561 1.92369e-05 9.94308e-07 0.00268851 0.000260533 
4.12056e-06 0.240289 4.11984e-06 0.0770808 0.251842 0.000828528 0.0115371 0.01443 4.11883e-06 0.0478005 0.013604 4.11889e-06 0.0939804 4.11983e-06 0.00864877 4.11995e-06 4.1217e-06 4.12138e-06 4.11367e-06 0.158707 0.0123684 4.11597e-06 0.0688377 4.12071e-06 
0.000111135 0.0203358 0.000882328 0.0113862 0.515651 0.00158707 0.00018789 0.0137628 6.29106e-05 2.81131e-05 1.71058e-05 9.6954e-05 0.0104607 0.000174281 0.00026481 0.00328821 0.000236679 0.0101669 1.61823e-11 0.383985 0.00168222 2.53562e-09 0.0161162 0.00951556 
0.000520738 0.168141 0.00294453 0.0211301 0.260509 0.0156018 0.0142564 0.00848441 0.004309 0.00461967 0.0390366 0.00166889 0.0620522 0.0104174 0.00231928 0.0508157 0.0101549 0.0223183 0.00069543 0.24394 0.00344601 2.89941e-06 0.0291718 0.0234452 
0.000123196 0.0157556 0.00794116 1.75713e-07 0.63655 0.00455901 0.0018839 0.00821429 0.000252632 0.00136834 8.84954e-06 0.000105132 0.038929 0.00386131 7.96164e-08 0.0697237 0.00039067 0.00824365 8.56897e-10 0.1749 0.00116286 1.48515e-11 0.0217674 0.00425821 
0.000294605 0.00599495 0.00264647 2.662e-08 0.756535 0.00860744 0.000262445 0.000345969 7.83376e-05 0.00188816 5.84643e-06 2.01136e-08 0.0501863 0.00119418 1.41514e-05 0.0136554 0.00338504 0.0368462 4.12079e-12 0.0751779 0.000971472 1.31248e-05 0.0391055 0.00279172 
0.000222647 0.0364017 0.0020282 0.0149251 0.228703 0.0196899 0.00356275 0.0490985 0.00204185 0.0501144 0.000204316 0.000527254 0.172466 0.00124321 0.000396077 0.0483846 0.00865797 0.150884 1.77839e-05 0.160913 0.00113664 2.00241e-05 0.0412839 0.00707705 
7.31967e-07 0.00230743 0.0105785 4.78619e-06 0.582854 0.0126269 0.000521686 0.0145256 2.35976e-10 5.75853e-05 3.3563e-07 2.34064e-10 0.0167225 0.000697659 5.41016e-07 0.0780488 5.31133e-06 0.114844 5.58655e-10 0.0266842 3.55188e-05 2.70042e-06 0.00450823 0.134973 
0.000297554 0.17913 0.0135278 0.00630032 0.699857 0.00536235 0.000394458 0.0021534 0.000141705 0.00243541 0.000520282 4.1669e-06 0.0425302 0.00105645 6.07357e-06 0.0195563 8.49411e-06 0.000105385 1.26687e-07 0.0170579 0.00102612 9.41555e-08 0.00796753 0.000561351 
0.0207318 0.132256 0.00230778 0.0724904 0.602928 0.0115032 0.00941897 0.0234046 0.0192416 0.00162148 0.00174268 0.0184925 0.0246958 9.72932e-05 0.00144246 0.00504714 0.00148491 0.00344817 8.0486e-06 0.0239578 0.00379481 0.000127783 0.0109524 0.00880435 
0.000386058 0.0320436 0.000478017 0.166038 0.605995 0.0222481 0.00113825 0.00262535 0.000615752 0.0026824 0.000263302 0.000152471 0.00240385 3.27402e-05 0.000110785 4.17231e-05 0.00740901 0.00638179 1.16039e-09 0.0676754 0.022097 0.00138988 0.0352442 0.0225477 
0.00118952 0.0405425 0.000538727 0.0517913 0.236749 0.0285508 0.00877281 0.194788 0.129566 0.00365646 0.0397106 0.0501333 0.0439025 0.0280345 0.00138668 0.00265297 0.013873 0.0338493 2.22939e-08 0.0624948 0.0103033 3.57211e-05 0.0103314 0.00714761 
0.000128749 0.0718163 0.000128384 0.0233926 0.42931 0.00468338 0.00601345 0.00745532 0.000210578 0.00474443 0.00131503 0.00371185 0.0783822 0.00055787 0.0011411 0.000530377 0.00293183 0.0261436 1.85443e-11 0.322521 0.000207896 6.41971e-07 0.0143142 0.000358443 
0.000219835 0.0845636 0.00192772 0.0146715 0.667613 0.00225218 0.00269839 0.00490374 2.96964e-05 0.00140896 2.26334e-05 1.60745e-08 0.100096 4.2547e-05 3.3944e-07 0.00982119 4.52167e-05 0.0182641 1.96238e-11 0.0590984 0.000430647 3.40437e-05 0.0226473 0.0092089 
0.00718683 0.223563 0.000223108 0.018189 0.254444 0.0527229 0.0651654 0.0564961 4.1017e-05 0.000550028 0.00365712 0.0208415 0.0116406 0.00470921 0.000124897 0.00381503 0.00022036 0.0416798 7.71579e-09 0.0807967 0.00973892 1.50354e-06 0.067836 0.0763568 
0.00238636 0.110172 4.78113e-05 0.1198 0.282009 0.00861587 0.000891592 0.0322019 0.000104422 0.00823426 0.00801143 0.000789122 0.106891 0.00324745 0.000191204 0.000729488 0.0107 0.0642603 2.90818e-07 0.203089 0.00146872 2.01266e-05 0.0360955 4.35021e-05 
0.000520696 0.103177 0.00475032 0.0332611 0.352682 0.0161593 0.00914167 0.0141018 0.00213172 0.00316789 0.0472905 0.0607808 0.0245057 0.000567586 0.00141189 0.00750167 0.00369239 0.100893 6.93059e-08 0.204312 0.000594799 1.58886e-05 0.00575322 0.00358607 
0.000347853 0.0010066 0.00264122 4.73152e-11 0.9098 0.0170355 3.67223e-05 5.03452e-05 0.00132441 9.10927e-08 1.69109e-05 0.000173932 0.0150898 0.00182295 1.69071e-07 0.00104781 0.000113063 0.00265373 1.0916e-07 0.0156907 0.000547555 9.35536e-08 0.0119729 0.0186277 
0.000197884 0.270463 6.4283e-05 0.00560049 0.647958 0.0103918 0.00463834 0.000418915 0.000360295 0.00201746 0.000735783 4.11933e-07 0.00894645 1.02931e-05 0.000151019 0.00184645 0.0102078 0.00458226 3.83194e-09 0.0147085 6.10393e-05 7.11023e-06 0.00981498 0.00681732 
0.00534678 0.0118813 0.014289 0.00128241 0.299616 0.0100669 0.000965009 0.00819487 0.00292971 0.00039257 1.88638e-05 3.05924e-05 0.151818 0.00110509 9.53042e-06 0.0220707 0.00108016 0.00235856 2.32143e-08 0.264187 0.00774076 6.72997e-10 0.190325 0.00429111 
0.000897008 0.0164926 1.71871e-05 0.0503709 0.666688 0.0151175 1.91462e-05 0.0180448 0.0027682 0.00644665 2.76299e-05 0.00103405 0.0590305 0.00295121 0.0303732 0.0591931 0.0291708 0.000513467 2.30858e-08 0.027605 0.00621103 1.07379e-07 0.00602086 0.00100682 
0.00179085 0.0732419 0.00323197 0.055859 0.392454 0.0379338 0.014241 0.0155152 0.000196409 0.0151565 0.00950956 0.00467385 0.0335786 0.0039831 0.00701873 0.0125446 0.00493172 0.0232046 6.35933e-05 0.222899 0.00414925 5.0843e-06 0.046539 0.0172778 
0.0023932 0.0455671 0.000289652 0.126451 0.243491 0.0296335 0.00308674 0.0252892 0.00101188 0.0664275 0.00891869 0.00530566 0.218878 0.0177452 0.00334103 0.0196785 0.00169076 0.00948383 1.32352e-09 0.140093 0.00379506 1.25521e-05 0.025865 0.00155085 
0.00188952 0.0850311 0.00201256 0.0321442 0.295598 0.0197695 0.000748993 0.0467502 0.00349501 0.119642 0.000464518 0.0040549 0.108599 0.00531956 0.000204815 0.137026 0.015956 0.0148903 0.00705399 0.0605921 0.00869397 1.80974e-06 0.0268948 0.00316689 
0.00124216 0.0658468 0.0108001 0.0436669 0.438651 0.0355174 0.0305371 0.0208922 0.0138861 0.00698054 0.00287391 0.0141774 0.02957 0.00178323 0.00179099 0.00530905 0.0161465 0.077549 0.000293453 0.0828399 0.00582666 8.47533e-05 0.0594523 0.0342828 
0.00149708 0.105046 0.00151176 0.0399346 0.349318 0.0342862 0.000874884 0.0548654 0.00233452 0.00899521 0.000265978 0.0913736 0.0901052 0.0104729 6.2712e-05 0.0278188 0.00877549 0.0111883 0.000307531 0.0660701 0.00224515 3.23669e-06 0.032069 0.0605778 
0.000297482 0.0381092 3.52409e-05 0.128455 0.30549 0.00612953 0.000904015 0.0932971 0.000132348 0.00726331 2.59982e-05 0.0230551 0.118577 0.00222269 0.000717407 0.000447208 0.00309993 0.0177351 5.88171e-12 0.181732 0.00302528 3.53646e-07 0.0692054 4.39791e-05 
0.00658264 0.164137 0.0456465 0.0416958 0.363651 0.043863 0.0178667 0.0111529 0.000277087 0.00138048 0.0309223 0.0118388 0.0204015 0.00165115 0.00174912 0.022272 0.00400664 0.0144652 2.13996e-05 0.172159 0.013481 5.24054e-07 0.00927951 0.00149873 
0.00305495 0.0128189 6.07036e-05 0.0121834 0.780777 3.33345e-05 6.81543e-06 0.000211666 0.000736739 4.41818e-05 3.58297e-07 5.43364e-06 0.0412149 0.00665143 0.00811718 0.114647 9.26996e-07 7.52348e-05 2.16109e-06 0.0012266 1.3824e-05 1.60615e-06 0.000867933 0.0172476 
0.00317886 0.00891141 0.0888498 0.0061783 0.238676 0.129431 1.71396e-08 0.0097526 3.23571e-08 0.000912122 0.16482 5.32855e-08 0.014919 0.00306772 0.0011164 0.00140825 0.00120881 0.0448 5.01749e-08 0.158858 0.0625729 0.000349399 0.060785 0.000205796 
0.000882117 0.103729 0.00157337 0.0726515 0.454732 0.0132007 0.000325257 0.0617939 0.000192585 0.0541417 0.000302482 0.103873 0.0630929 0.000653789 0.00015466 0.00592361 0.00203898 0.00880108 2.44647e-07 0.0286285 0.0086403 1.15589e-06 0.0146571 9.65541e-06 
0.00103185 0.0493092 7.1475e-05 0.0354613 0.287604 0.040912 0.0062408 0.0127176 0.01835 0.0170496 0.0165835 0.00462344 0.00151988 0.00170729 0.00289604 0.00213276 0.0514749 0.14934 7.06128e-09 0.101377 0.00397123 0.000270812 0.0829244 0.112431 
0.00209053 0.055991 0.00184106 0.0112746 0.613031 0.00581477 9.81254e-05 0.00654702 0.000213255 4.28524e-05 0.000165219 3.52024e-05 0.00808428 0.00137404 0.000191662 0.00415799 0.000981807 0.051069 1.82279e-07 0.147754 0.00557399 0.00016831 0.0576866 0.0258131 
0.0037741 0.0232916 0.0010185 0.00307882 0.435143 0.0142291 3.09819e-05 0.00980558 0.000146681 0.000194781 4.92424e-06 0.00077472 0.05974 8.18636e-05 6.45967e-05 0.00141788 0.00011807 0.000287674 1.15076e-11 0.416998 0.0171062 3.9172e-09 0.0119054 0.000787778 
6.06696e-05 0.0885752 2.26162e-05 0.0124463 0.404977 0.0258546 4.66989e-06 0.00100292 0.0580035 0.00200697 0.00334961 0.000110099 0.0831256 0.0450789 0.179899 0.000210451 1.22504e-05 0.0142791 1.95991e-05 0.0196456 3.80469e-05 4.51131e-05 0.0586727 0.00255918 
1.31623e-05 0.093847 2.51162e-07 0.00592823 0.784591 1.64557e-05 0.000979892 0.000865954 3.42025e-09 0.000233841 0.00110678 6.49059e-05 0.0314501 0.000210953 0.00012511 0.00157845 2.60181e-06 0.000912121 1.74443e-12 0.0770535 6.12044e-06 1.29649e-12 0.00101015 3.70168e-06 
0.000212525 0.0380049 0.000274589 0.0132549 0.643721 0.00148951 0.00412829 0.0220027 6.25234e-05 0.00233069 0.00143675 0.00255231 0.0077529 0.000343712 0.000891392 0.00321459 0.00170023 0.0925556 5.29538e-10 0.129634 0.000477101 3.51387e-05 0.0274333 0.00649102 
0.00215477 0.0490892 1.68637e-05 0.0400913 0.419997 0.00595427 0.00019527 0.0309344 0.000185646 0.00142608 0.00560594 0.000302333 0.0434341 0.00119267 0.000140887 0.000123108 0.000190119 0.00300902 3.60673e-11 0.350246 0.0125336 4.1064e-07 0.0326704 0.000506378 
0.00222801 0.0309985 0.00104062 0.0238186 0.697005 0.0179069 0.00200905 0.000181443 0.000150821 0.01112 1.19239e-05 0.000498955 0.120893 0.00159644 0.000110034 0.00022677 0.000387961 0.0146103 8.55507e-11 0.0539481 0.00369531 5.33033e-05 0.0147334 0.00277552 
0.000644197 0.0571471 0.00285062 0.16578 0.426772 0.0404329 0.00110995 0.043597 6.19343e-05 0.0332474 0.00564297 0.00492221 0.0412939 0.00681462 0.000597799 0.00394846 0.00121118 0.0334158 6.12e-10 0.11868 0.000215572 5.30571e-06 0.0088426 0.00276714 
0.00262743 0.101577 0.00142798 0.024778 0.320416 0.0143795 0.0080682 0.0317669 0.00143035 0.00452584 0.016716 0.0100494 0.0267555 0.00335724 0.000400401 0.00594002 0.0185291 0.0748541 1.81014e-06 0.303181 0.00679065 8.75807e-05 0.0172637 0.00507589 
0.000671981 0.0731825 0.000455123 0.31387 0.316912 0.00393625 9.32478e-05 0.0197973 1.06042e-05 0.093898 0.000196899 0.000591346 0.0847071 0.0178996 0.000512011 0.00487344 1.14217e-05 0.0139831 9.19713e-08 0.0496767 0.00143374 0.000151068 0.00307493 6.08418e-05 
0.00111513 0.105202 0.0110749 4.45684e-07 0.282561 0.0716665 0.0190547 0.00767011 0.00260499 0.00505726 0.0158866 0.0171093 0.0526521 0.00197799 0.00687108 0.0382215 0.00274553 0.109622 1.41999e-08 0.177987 0.00100866 1.21765e-08 0.0499962 0.0199164 
0.00080412 0.159395 0.00133683 0.104736 0.480834 0.00840589 0.00149087 0.00423827 0.00101835 0.00384057 0.00514787 9.65796e-06 0.0974354 0.0023934 0.000895696 0.00043172 0.000457553 0.00934294 0.000139452 0.0925586 0.00825881 4.50691e-05 0.0163294 0.000453592 
0.000268011 0.147763 0.000176399 0.013505 0.613986 0.00961044 0.000469287 0.00342253 0.00536673 0.00142117 0.00804522 0.000650993 0.036609 0.00554794 0.000347603 0.0288353 0.00335837 0.00123373 3.73078e-12 0.100284 0.00145037 1.39443e-05 0.00752964 0.0101047 
0.000216117 0.0549552 0.00026756 0.0209494 0.497392 0.0208906 0.000371624 0.0050357 0.000202504 0.00339386 0.000365288 0.000440009 0.124576 0.000659496 0.000219848 0.00215667 0.127787 0.013644 5.98673e-11 0.0227495 0.00800055 7.34009e-05 0.0948465 0.000807103 
0.000377864 0.0468303 0.000796872 0.00051867 0.812583 0.00704214 7.80495e-05 0.00233553 0.000384982 0.000203255 8.88942e-05 2.17462e-05 0.0455414 0.00155301 4.04303e-05 0.0147923 0.0109465 0.0018679 2.42744e-07 0.0457367 0.00111558 1.57955e-05 0.00354249 0.00358659 
1.60992e-06 0.0424094 7.21633e-06 0.0119353 0.473194 0.00066836 0.0120807 0.0028898 5.29206e-08 0.0164738 0.000710569 1.36549e-11 0.176117 0.0183296 1.30679e-05 0.0315234 0.00020502 0.00134816 3.97355e-08 0.182996 1.0827e-06 1.29339e-08 0.0289963 0.000100066 
2.65941e-09 0.0679467 2.09398e-09 0.0353244 0.55996 2.87994e-06 0.00251226 0.000900691 1.7016e-12 0.00241919 1.7956e-06 9.34399e-05 0.236668 1.02175e-07 2.80422e-08 0.00211711 2.80006e-06 0.00117443 4.0284e-12 0.090025 7.48984e-07 2.99397e-12 0.000849585 4.14837e-09 
0.0024245 0.0395677 0.0164649 0.0226783 0.227529 0.060919 0.0521743 0.0323813 0.000951352 0.00274307 0.00129234 0.000444751 0.104008 0.00262274 0.00580291 0.162242 0.00114743 0.00338228 6.86034e-06 0.21077 0.0136292 2.57655e-06 0.0326483 0.0041672 
3.63891e-05 0.0165659 3.93522e-05 0.00259183 0.702174 0.00185089 0.000152574 0.00144161 1.27287e-05 9.02811e-05 1.65568e-05 2.1051e-08 0.013268 2.99117e-05 1.98901e-06 0.000838871 0.000795872 0.014605 1.3356e-11 0.241815 0.000190478 6.84085e-09 0.00347721 5.22835e-06 
0.000732936 0.104171 0.0004491 0.0368013 0.41496 0.00951354 0.00118349 0.00190333 0.00139898 0.0397282 0.000961047 0.000371912 0.169661 0.00151074 0.00368994 0.000241705 0.0190733 0.0794861 2.97593e-06 0.0995114 0.00272962 3.9037e-09 0.0113941 0.000524075 
0.000425231 0.122938 3.45505e-05 0.0162315 0.579375 0.00205528 0.0245637 0.0160059 0.000126612 0.00837664 0.135174 5.62742e-06 0.00223718 0.00184088 0.000291947 7.22291e-06 0.0206886 0.0222535 2.59045e-10 0.00838411 0.00035021 5.14473e-05 0.035501 0.00308246 
0.0116048 0.00928514 0.0129296 1.85816e-06 0.244839 0.147865 0.000236561 0.000733844 0.0255271 0.0119183 1.93487e-05 1.40658e-06 0.142498 0.00978416 6.56881e-07 0.0369173 0.107475 0.00108386 2.54445e-07 0.0310948 0.0139049 2.31055e-07 0.0839629 0.108316 
0.00176725 0.15648 0.00839935 0.0122953 0.381976 0.0134997 0.0102275 0.0365048 0.0953454 0.00367541 0.0123353 0.0352418 0.0316303 0.0047618 0.00507837 0.00468281 0.0120941 0.0117624 8.33676e-06 0.0908662 0.0379599 1.4136e-06 0.0290755 0.00433057 
0.00128488 0.119305 1.59536e-07 0.00066692 0.616721 0.0116034 0.000863433 0.00281167 0.000204618 0.00219226 0.000672792 1.67069e-06 0.0151448 9.27648e-08 0.000873894 0.000339569 0.199563 0.0074228 4.17812e-07 0.00206192 0.000431443 6.37766e-05 0.012079 0.00569265 
0.000718715 0.0289988 0.00126774 0.0252993 0.768031 0.00763916 0.000845517 0.00518691 2.01733e-05 7.35767e-05 0.000323166 0.00131053 0.0201448 0.000271645 0.000663231 0.00417991 0.0309977 0.00829582 3.72456e-08 0.0917498 0.000717462 6.55064e-05 0.00248512 0.000714284 
0.0127687 0.0223377 0.00137267 0.0945097 0.635329 0.010751 0.00090872 0.00969203 0.00160439 0.0149872 0.00334877 0.00169031 0.0662553 0.00965344 0.00469267 0.0133904 0.0186785 0.0159346 2.14144e-08 0.03656 0.0082892 0.000101442 0.00864806 0.00849648 
0.000386058 0.0320436 0.000478017 0.166038 0.605995 0.0222481 0.00113825 0.00262535 0.000615752 0.0026824 0.000263302 0.000152471 0.00240385 3.27402e-05 0.000110785 4.17231e-05 0.00740901 0.00638179 1.16039e-09 0.0676754 0.022097 0.00138988 0.0352442 0.0225477 
0.000347853 0.0010066 0.00264122 4.73152e-11 0.9098 0.0170355 3.67223e-05 5.03452e-05 0.00132441 9.10927e-08 1.69109e-05 0.000173932 0.0150898 0.00182295 1.69071e-07 0.00104781 0.000113063 0.00265373 1.0916e-07 0.0156907 0.000547555 9.35536e-08 0.0119729 0.0186277 
0.00483726 0.0713438 0.00315546 0.0147045 0.359129 0.0332011 0.00356656 0.00370022 0.000104924 0.00547863 0.012837 1.13836e-05 0.00832159 0.0213683 0.00279197 0.00602517 0.0506815 0.0167795 1.47345e-09 0.0213889 0.00100688 6.61179e-07 0.0883478 0.271218 
2.92482e-06 0.0413415 4.07703e-11 0.000346166 0.8995 0.000493268 0.00570209 0.000662435 7.11387e-07 0.00115651 6.99095e-06 0.00115692 0.00043332 2.26667e-05 9.12163e-06 5.73008e-08 5.28492e-05 0.0102837 1.31795e-10 0.0340207 5.92037e-05 8.93797e-07 0.00387727 0.000871086 
9.57758e-08 0.0243055 1.24477e-07 1.63703e-07 0.676165 4.71651e-07 0.000135304 0.00112825 6.24848e-10 3.69547e-10 2.35522e-10 9.61905e-07 0.00118401 4.62294e-10 5.37682e-08 6.50489e-07 1.18979e-07 0.0119793 1.47928e-09 0.284643 1.14652e-05 1.09942e-09 0.000441585 4.18935e-06 
0.00805056 0.0765103 0.0271243 0.0128485 0.492708 0.0157751 0.000262468 0.0246259 0.000445236 0.00146929 4.47334e-05 0.00258267 0.073635 0.00691698 0.00390986 0.0217279 0.0253966 0.0184717 1.47929e-07 0.135213 0.0034122 5.91293e-07 0.0426139 0.00625489 
0.000392152 0.0182214 0.00161279 0.0419484 0.778416 0.00516325 0.000345339 0.0128095 6.11045e-05 0.0129355 0.00334089 8.3449e-08 0.0261914 0.00092544 0.000244779 0.00110913 0.00117923 0.0740631 4.6445e-09 0.0187323 0.00173813 3.07223e-06 0.000467549 9.99425e-05 
0.00186571 0.0346886 0.0219522 0.0356331 0.380772 0.0162481 0.0125926 0.00581475 0.00330918 0.0534623 0.000683475 0.000147309 0.0149734 0.00208085 0.000428664 0.00461748 0.0607383 0.1073 3.62464e-07 0.0971668 0.005499 7.32633e-05 0.0452886 0.0946649 
0.00286722 0.114926 0.00721099 0.0267753 0.33423 0.0300712 0.00302297 0.015768 0.00143863 0.003687 0.00542201 0.000684803 0.158128 0.011836 0.01079 0.0800084 0.00269645 0.0179942 0.000809298 0.111908 0.00550968 2.15977e-06 0.0439772 0.0102368 
1.49862e-05 0.322544 2.91803e-06 0.0575582 0.489833 0.00165056 0.00288823 0.00659085 1.60659e-05 0.00367807 0.025274 8.45879e-07 0.0213752 2.59089e-05 0.000411787 0.00116505 0.0217928 0.00827302 1.04342e-11 0.0271301 1.14031e-06 1.55128e-06 0.0096478 0.000124276 
0.0158234 0.084019 0.228036 0.103879 0.262386 0.0405358 0.00499555 0.0524799 0.000608442 7.32495e-05 0.00257841 0.0128734 0.0278401 0.000333103 0.004887 0.0200034 0.002005 0.00304969 4.08134e-08 0.0573979 0.0473159 2.30027e-06 0.0169238 0.0119533 
0.0212407 0.100033 0.0239257 0.0027554 0.228683 0.105966 0.000694428 0.00130272 8.24593e-05 3.61218e-07 5.82376e-06 0.000747841 0.16779 0.0101406 0.000277172 0.225957 0.0318232 0.00447413 2.50031e-05 0.0351949 0.0264984 0.00020841 0.00863459 0.00354013 
0.000967497 0.0179697 0.00711268 0.273152 0.30092 0.0446747 0.0434717 0.0637155 0.000409669 0.0110735 9.6904e-05 0.0247715 0.0435478 0.00326442 0.000147072 0.000262622 0.000118473 0.0303415 1.08542e-05 0.00538971 0.00385877 0.000382683 0.0863788 0.0379612 
0.000347853 0.0010066 0.00264122 4.73152e-11 0.9098 0.0170355 3.67223e-05 5.03452e-05 0.00132441 9.10927e-08 1.69109e-05 0.000173932 0.0150898 0.00182295 1.69071e-07 0.00104781 0.000113063 0.00265373 1.0916e-07 0.0156907 0.000547555 9.35536e-08 0.0119729 0.0186277 
4.9112e-06 0.111169 1.49448e-10 0.0299324 0.75349 0.00109237 4.50945e-05 0.0671374 9.83013e-06 0.000658825 5.45383e-05 0.00199724 0.0035439 5.58082e-07 0.00831059 2.86933e-08 0.016574 0.000354386 4.83108e-10 0.00265561 1.92369e-05 9.94308e-07 0.00268851 0.000260533 
0.000123196 0.0157556 0.00794116 1.75713e-07 0.63655 0.00455901 0.0018839 0.00821429 0.000252632 0.00136834 8.84954e-06 0.000105132 0.038929 0.00386131 7.96164e-08 0.0697237 0.00039067 0.00824365 8.56897e-10 0.1749 0.00116286 1.48515e-11 0.0217674 0.00425821 
0.000236194 0.0417522 0.00183637 0.0141886 0.658013 0.00181298 0.000229021 0.0174659 3.17547e-05 1.45703e-05 6.24616e-06 3.78405e-05 0.0701487 0.000883359 0.000539088 0.0119684 0.00627379 0.00213621 3.21706e-09 0.159611 0.0048834 3.54707e-07 0.00784488 8.63432e-05 
0.00447002 0.157443 0.00468673 0.115752 0.224889 0.0259163 0.00816908 0.0425358 0.00312507 0.0183487 0.00687818 0.00463144 0.0356766 0.0142084 0.00696634 0.00425785 0.0195981 0.0449539 2.41796e-05 0.188231 0.0149462 8.89717e-05 0.0457755 0.00842782 
7.58635e-05 0.0380632 0.0400508 0.00260334 0.498708 0.0167529 0.00900561 0.00256924 0.000831948 0.00207019 0.00121401 0.000303293 0.0211462 0.000860551 0.000146987 0.0173296 0.00434495 0.0216039 7.31325e-06 0.123277 5.37245e-05 5.17858e-06 0.00674565 0.192231 
0.0152496 0.0036295 0.00280766 0.0316501 0.295185 0.279051 1.06853e-05 0.0377294 0.00295576 0.00237177 3.62914e-05 0.000284123 0.0293444 0.0426079 2.58582e-06 0.00946716 0.000394758 0.043617 1.10036e-06 0.141373 0.0398573 9.45055e-07 0.0141808 0.00819277 
0.0529109 0.106256 0.000155268 0.0318143 0.252022 0.0269483 0.0744647 0.0317776 0.0368492 0.00293819 0.0874585 0.0684178 0.0291215 0.00855608 0.0011459 0.002056 0.0249651 0.016171 9.9718e-10 0.109003 0.029475 3.00559e-06 0.00659612 0.000894285 
5.17659e-05 0.0553724 0.000656191 0.0031345 0.739078 0.00504792 0.000309123 0.0134907 0.00244309 0.00085544 1.15814e-05 0.000897681 0.0436703 0.00178693 0.000531758 0.0218786 0.00032132 0.00980486 3.82259e-09 0.0892968 0.000109213 1.63554e-05 0.00633174 0.00490391 
0.000763509 0.2175 0.00130799 0.0345491 0.282833 0.0218205 0.00196388 0.0245917 0.000147627 0.0194254 0.0264563 0.0228526 0.0852155 0.00508929 0.00146319 1.7683e-05 0.0319755 0.0327953 4.60093e-06 0.0463505 0.0701925 1.26548e-05 0.0118471 0.060825 
0.0106171 0.0416704 0.000969962 0.0392116 0.424102 0.00466811 0.00453126 0.122302 0.000313922 0.000421195 0.000115688 0.00741604 0.0756016 0.00249072 0.000555484 0.00413915 0.0126927 0.0305615 4.10723e-11 0.18055 0.0291377 5.75213e-09 0.00763349 0.00029832 
0.00303724 0.0332095 0.0212289 0.0374308 0.521417 0.011213 0.000313486 0.0325289 0.00031204 0.00190537 0.0011147 0.00356387 0.0791736 0.00876247 0.000540994 0.00983577 0.00126017 0.0180963 0.000151246 0.165413 0.00885252 4.07751e-06 0.0400743 0.000560112 
7.51472e-05 0.00145534 0.000279611 0.001928 0.474563 0.000505601 0.000148803 0.00241021 4.09609e-06 1.47725e-05 1.08553e-05 5.25342e-09 0.029259 0.000701215 2.16608e-05 5.95604e-05 0.0139014 0.20705 4.25439e-06 0.244656 6.00267e-05 4.45503e-05 0.0226336 0.000213601 
0.000388749 0.167447 0.00181678 0.253101 0.274783 0.00769213 0.00275322 0.0265358 3.85767e-06 0.00225384 0.0374294 0.00363515 0.0389659 0.00217945 0.00903182 0.00450392 0.00308691 0.016608 1.60791e-10 0.0992224 0.00891306 1.19502e-10 0.0394642 0.000183749 
8.4922e-06 0.0625477 4.69816e-06 0.0272235 0.722484 0.000125808 7.64128e-05 0.00260751 0.0418118 0.00110195 9.1763e-05 0.000197965 0.000147219 1.54627e-09 0.000195763 0.000175982 0.0729805 0.000592667 4.94787e-09 1.43509e-06 1.43256e-05 1.89979e-06 0.00797154 0.0596367 
0.00175788 0.152989 0.000228691 0.0225254 0.349651 0.0126627 0.0872676 0.00163428 0.013699 0.000866083 0.134709 0.00384927 0.0149992 0.000259869 0.00131691 0.00364654 0.0406365 0.00922927 1.76739e-09 0.140576 0.0030697 2.72289e-11 0.00391096 0.000515043 
0.00228028 0.031249 7.86646e-05 0.00315876 0.305293 0.0260703 0.000469792 0.0262641 0.0252508 0.000185953 0.000185505 1.90314e-05 0.0633484 0.00028332 0.139622 0.000640538 0.06301 0.0068318 8.63604e-10 0.283006 0.00244292 2.23902e-06 0.0187976 0.00151007 
0.00607585 0.137487 0.00685044 0.169735 0.191319 0.0235263 0.0112417 0.0889291 0.00179852 0.0117592 0.0297202 0.00223112 0.0368418 0.0184823 0.00192124 0.0128349 0.0197995 0.0268233 2.51096e-06 0.166755 0.0123165 6.14435e-07 0.02209 0.00145861 
0.00151229 0.190576 0.00127131 0.185615 0.243019 0.00251943 0.00765804 0.0486401 6.86421e-05 0.0178842 0.00595132 0.00607658 0.133954 0.00203833 0.00225212 0.00621588 0.00200336 0.0416607 1.6263e-06 0.0767619 0.00292182 2.40683e-06 0.0174576 0.00393845 
0.00745137 0.0294617 0.00711652 0.0105011 0.237061 0.148523 0.000805613 0.0512814 0.0135279 0.00363596 0.000272324 0.000787929 0.0357207 0.0188324 0.185235 0.00246809 0.0277841 0.0048558 3.74466e-06 0.0869141 0.0285406 0.000150342 0.0806656 0.0184047 
0.000108489 0.00768081 3.69275e-05 0.001647 0.979847 4.71739e-05 5.08545e-05 8.4524e-10 0.000179312 0.00066253 8.04343e-07 0.000255691 0.00386706 0.000645184 0.00305201 0.000483037 4.01312e-05 9.37017e-05 8.40592e-09 0.00104352 1.11796e-09 6.24741e-09 0.000235093 2.34591e-05 
2.37484e-05 0.0745824 1.07477e-05 0.00350767 0.50394 1.32244e-05 1.31316e-05 0.000316108 9.19656e-07 0.00401149 2.58729e-08 1.10644e-05 0.053338 0.000251941 0.000342018 0.000647551 0.00132527 0.00353865 1.04421e-07 0.314702 1.06422e-05 3.41904e-08 0.0394137 1.32988e-07 
0.000301443 0.027971 0.00254886 0.0100946 0.353821 0.0107866 0.0119909 0.00193712 0.265307 0.00781011 0.0253198 6.33214e-06 0.00253423 0.00144109 3.80485e-05 0.0214506 0.000293796 0.00945244 5.50161e-10 0.0632385 0.0190062 3.10521e-05 0.0116401 0.152979 
0.00430539 0.0148607 0.000850828 0.0672519 0.256892 0.0285129 0.0109018 0.0884519 0.00200024 0.0181378 0.000193981 0.0731854 0.042729 0.0115723 0.00030829 0.0277547 0.0469375 0.107352 2.80871e-09 0.0858842 0.0258977 7.53557e-05 0.0809754 0.00496922 
0.00738385 0.139525 0.000200053 0.0766559 0.444638 0.0385307 0.0206455 0.00205352 0.00137843 0.11323 0.005203 0.00153122 0.00142542 0.00261946 0.00158395 1.5789e-05 0.0184706 0.0560194 1.78013e-07 0.00868173 2.45046e-05 2.34306e-06 0.0436665 0.0165149 
2.85237e-05 0.0401456 0.00195882 0.0568607 0.610739 0.00300882 0.0014775 0.0279114 0.000495581 0.00308932 1.04423e-05 0.000174541 0.156327 0.0284459 4.32623e-05 0.0193876 0.0239535 0.0108204 5.78056e-05 0.00493294 0.00367117 3.71684e-06 0.0064545 1.33907e-06 
0.0137535 0.0367384 0.00515357 0.116979 0.157632 0.0385201 0.0445601 0.0956204 0.000551903 0.00347715 0.0104691 0.0739612 0.068433 3.28549e-05 0.000376486 2.22129e-07 0.113986 0.0574892 2.65671e-07 0.120938 0.00310651 1.14816e-05 0.0222604 0.0159492 
0.00120579 0.0432219 0.00118969 0.0145941 0.679751 0.0128304 0.0018781 0.00904581 0.000382969 0.00799183 0.000414567 0.00167518 0.0456164 0.00288068 0.000919029 0.0261651 0.00968085 0.0357445 2.55561e-06 0.0606511 0.00407313 9.72589e-05 0.0309931 0.00899466 
0.00012937 0.104727 0.000506314 0.0316078 0.667537 0.00332797 0.000125133 0.00368854 0.00043751 0.000129086 6.11049e-05 9.14973e-08 0.0372507 0.0156525 1.36241e-05 0.015376 0.00804901 0.00920643 2.18383e-07 0.078419 0.00506954 3.17114e-06 0.0181945 0.000488447 
7.58635e-05 0.0380632 0.0400508 0.00260334 0.498708 0.0167529 0.00900561 0.00256924 0.000831948 0.00207019 0.00121401 0.000303293 0.0211462 0.000860551 0.000146987 0.0173296 0.00434495 0.0216039 7.31325e-06 0.123277 5.37245e-05 5.17858e-06 0.00674565 0.192231 
0.0162364 0.00808284 0.000255409 2.13913e-05 0.479237 0.0100958 0.000286681 0.00182524 1.62023e-07 0.00378704 6.88452e-07 2.96732e-06 0.028374 0.055146 3.53217e-08 0.027471 7.5426e-05 0.0472929 5.48342e-10 0.026497 0.00276816 1.81565e-05 0.191122 0.101404 
0.0040467 0.111411 0.000958493 0.042139 0.334555 0.0178468 0.00173058 0.16485 0.00036689 0.00225868 0.0406446 0.0877079 0.0699753 0.000769107 0.000604181 0.000503801 0.00470672 0.00492409 7.55931e-09 0.0706844 0.00239449 5.34075e-06 0.0357288 0.00118828 
0.00127599 0.0121403 0.00107748 0.0243362 0.597107 0.00202586 0.000177313 0.0588293 3.73826e-05 0.0132424 0.000151123 0.000476211 0.106375 0.00449644 1.79512e-05 0.00555048 0.0181591 0.0510991 7.4936e-06 0.06593 0.00271869 1.5209e-05 0.0347161 3.78259e-05 
0.218964 0.00312775 0.00893966 1.35131e-08 0.543647 0.0295016 3.0805e-05 0.0056536 1.89015e-05 1.77738e-05 1.7111e-05 5.92455e-08 0.00114118 4.4191e-08 9.67604e-08 2.82086e-06 9.72103e-05 8.26149e-05 1.41405e-07 9.786e-05 0.00762521 5.43571e-06 0.119406 0.0616233 
0.000708417 0.0736523 9.73023e-05 0.0425956 0.620407 0.00906704 0.00138424 0.0133352 7.5684e-05 0.00633146 0.0228176 0.00227998 0.0223386 0.000413677 0.00416722 0.000455408 0.00102999 0.00866212 3.34319e-11 0.163602 0.000782252 1.57553e-05 0.00412259 0.00165872 
0.00040085 0.0624089 0.000233367 0.0554169 0.585662 0.00253835 0.0704505 0.0317113 0.000716691 0.00571006 0.0131321 0.0133758 0.0716395 0.00391329 0.000734169 4.63269e-06 0.00156065 0.0163847 1.56075e-08 0.0578567 0.000401548 5.63003e-06 0.00546893 0.000273604 
0.00051117 0.190698 0.000547139 0.0732578 0.392192 0.0197311 0.0151888 0.0163177 0.0006488 0.0309276 0.00677795 2.21393e-09 0.0532823 0.0128292 0.000536474 0.00158942 0.000856845 0.0450192 1.59044e-07 0.0765163 0.00202017 1.72408e-05 0.0244177 0.0361178 
0.000939971 0.0521444 0.00260846 0.0100158 0.578784 0.0227171 0.00252802 0.0129378 0.000621885 0.00431241 0.0256026 0.000356848 0.0869883 0.000339698 0.0030698 0.00340322 0.0163073 0.00729187 2.57597e-11 0.12017 0.0151976 1.42978e-05 0.0325482 0.0011 
0.0116218 0.125774 0.000348018 0.0331998 0.270357 0.0050116 0.0132393 0.0160784 0.000268382 0.00194451 0.0279331 0.111381 0.00565624 0.000687612 0.00204833 0.000130173 0.00308571 0.167299 3.48198e-06 0.0472252 0.000774983 0.126381 0.0195118 0.0100395 
0.0022054 0.144028 0.0122672 0.00635985 0.371286 0.121928 0.0047874 0.00804975 0.00517169 0.00204991 0.000635438 5.46154e-06 0.00202007 8.9528e-06 0.000419624 0.00137997 0.104534 0.0108379 9.60014e-09 0.0340262 0.0734628 1.63916e-05 0.0514128 0.0431066 
0.00272958 0.0327478 0.00908269 0.0116946 0.320354 0.0240446 0.00571949 0.0296532 0.000607811 0.00187209 0.00494111 0.022768 0.0837419 0.000765466 0.00236766 0.00609585 0.0102483 0.0641806 4.0883e-08 0.277802 0.0174099 1.93529e-05 0.064626 0.0065282 
0.000297554 0.17913 0.0135278 0.00630032 0.699857 0.00536235 0.000394458 0.0021534 0.000141705 0.00243541 0.000520282 4.1669e-06 0.0425302 0.00105645 6.07357e-06 0.0195563 8.49411e-06 0.000105385 1.26687e-07 0.0170579 0.00102612 9.41555e-08 0.00796753 0.000561351 
1.36683e-05 0.324082 2.20519e-05 0.000244815 0.396611 0.000547395 0.00030533 0.00230466 0.024955 0.000828313 1.61762e-05 2.20506e-05 0.00172128 0.000133779 0.000163616 0.000398387 2.16571e-05 0.0293784 0.00016427 0.0536013 3.65767e-05 9.85958e-07 0.00273772 0.161689 
0.000808623 0.0976342 0.024741 0.00319154 0.544279 0.0285468 0.0186739 0.00220785 0.00132539 0.00260163 0.00149633 0.000145821 0.0166524 0.000714579 0.00180768 0.00737447 0.0177886 0.0211111 2.91695e-06 0.0936185 0.000173662 7.48153e-06 0.0168855 0.0982113 
0.000309822 0.0457679 3.19099e-06 0.00560601 0.796117 3.96426e-05 4.81557e-05 0.00141895 6.16628e-09 0.00125607 6.43758e-06 1.59149e-06 0.0594848 0.00104119 0.000372874 0.000415654 5.80519e-05 0.00512687 4.5034e-12 0.0797191 9.75101e-05 1.65757e-09 0.00307824 3.05784e-05 
7.92058e-06 0.00745232 0.000276692 0.00622961 0.738555 0.00117037 3.18298e-05 0.00167519 2.11029e-06 9.00132e-06 2.04126e-05 3.07168e-05 0.0199512 0.00052315 2.36575e-06 0.0470976 2.49804e-06 0.00441043 0.000546016 0.0478957 2.49346e-05 1.4041e-05 0.0431138 0.0809568 
0.0044781 0.114868 0.00942285 0.0888422 0.364552 0.0280616 0.00721416 0.0201735 0.00796891 0.0116187 0.0118723 0.0182909 0.0519159 0.0108171 0.0050457 0.0172877 0.0154642 0.0310322 0.000122596 0.054358 0.0117619 3.84191e-05 0.0389416 0.0758512 
0.00193766 0.0342597 2.10161e-06 0.00135384 0.780894 0.00185963 0.000292864 0.00314709 0.00476261 1.72984e-05 5.57602e-05 7.19684e-05 0.016061 0.000320738 2.16335e-06 0.0426166 1.446e-05 0.000661943 2.16103e-09 0.1026 0.000214784 1.17552e-08 0.00828594 0.000567185 
0.000875161 0.0249027 0.00481388 0.0721436 0.360963 0.0294377 0.00265008 0.0632962 0.00054524 0.00499772 0.0071927 0.00712524 0.0164289 0.00240008 0.00118386 0.0058851 0.0106801 0.0860733 2.08949e-11 0.218677 0.00315236 4.22088e-05 0.067374 0.00915919 
0.000856848 0.0599087 0.00074293 0.106906 0.221074 0.0135726 0.0201436 0.201681 0.00531992 0.00714328 0.00344021 0.013213 0.0459743 0.00182401 0.00113608 0.00322894 0.0178839 0.119799 3.47649e-09 0.10325 0.00121883 0.0124914 0.0320797 0.00711154 
0.000123196 0.0157556 0.00794116 1.75713e-07 0.63655 0.00455901 0.0018839 0.00821429 0.000252632 0.00136834 8.84954e-06 0.000105132 0.038929 0.00386131 7.96164e-08 0.0697237 0.00039067 0.00824365 8.56897e-10 0.1749 0.00116286 1.48515e-11 0.0217674 0.00425821 
0.0494324 0.103382 0.00103842 0.0286608 0.465941 0.0649555 0.015932 0.032618 0.00238833 0.00748046 0.0535824 0.0027668 0.0143206 0.000451747 0.00355475 0.000625584 0.0344332 0.00999343 2.11156e-07 0.0798314 0.0125374 8.92081e-05 0.00798944 0.0079954 
0.0102761 0.0756785 0.000674782 0.0644317 0.158956 0.0941877 0.00940273 0.0842086 2.4698e-05 0.00461997 0.0118082 0.019301 0.0543158 0.0663729 0.000690412 0.000165124 0.000263743 0.0807925 3.44152e-07 0.117911 0.0109435 3.86632e-06 0.130811 0.00416053 
3.63891e-05 0.0165659 3.93522e-05 0.00259183 0.702174 0.00185089 0.000152574 0.00144161 1.27287e-05 9.02811e-05 1.65568e-05 2.1051e-08 0.013268 2.99117e-05 1.98901e-06 0.000838871 0.000795872 0.014605 1.3356e-11 0.241815 0.000190478 6.84085e-09 0.00347721 5.22835e-06 
0.000403222 0.166732 0.000340622 0.0192162 0.336414 0.0319837 0.0013712 0.0507729 0.00017806 0.00534832 0.000804447 0.0778943 0.028316 0.0043907 0.023664 0.00103388 0.028206 0.0113908 3.42603e-11 0.106345 0.004846 1.41477e-05 0.0687171 0.0316185 
0.00105268 0.0227179 0.00671109 0.00266145 0.196738 0.0365912 0.010305 0.00704275 0.0409154 0.0394524 0.000112822 2.26848e-05 0.12252 0.0706603 0.188839 0.0126308 0.000559089 9.41173e-05 6.68488e-09 0.114342 0.0054916 1.5859e-06 0.109826 0.0107122 
0.00144832 0.0513238 0.000509942 0.0109896 0.581763 0.0125938 0.00445023 0.00451494 0.00721099 0.00483416 0.017164 0.00862052 0.0320278 0.0109674 0.000451092 0.0234018 0.0035093 0.0169362 7.91865e-06 0.192144 0.00478898 7.37431e-06 0.00767174 0.00266263 
0.000301784 0.112017 0.000604069 0.011375 0.800173 0.00064305 1.14178e-05 4.76448e-09 0.000130831 0.00201516 1.73984e-07 3.08165e-05 0.0557675 0.00141278 0.00623196 0.000155204 3.05007e-05 0.00273332 4.34751e-13 0.00620431 4.21983e-09 3.44344e-10 0.000117825 4.42015e-05 
0.0242162 0.110339 0.0011754 0.112853 0.117943 0.0259533 0.0815439 0.0435851 0.0819429 0.000420431 0.103896 0.0260465 0.0758509 0.0224902 0.00282386 0.0025684 0.00933603 0.0191969 2.89854e-08 0.0334733 0.0823804 3.65729e-06 0.0213588 0.000602785 
0.00312342 0.090488 0.0778082 0.00686537 0.469754 0.0296215 0.0169899 0.0046912 0.00111266 0.00299286 0.00617935 0.00105423 0.0234168 0.00134664 0.00337647 0.00478788 0.0133503 0.0490473 1.80678e-06 0.0911008 0.000636805 1.94273e-05 0.0290094 0.0732253 
0.0100947 0.108619 0.000551326 0.0275074 0.466669 0.0261493 0.000862443 0.00905982 0.00753835 0.00104559 0.000156375 5.35716e-05 0.0205107 0.00245533 0.000385815 0.0046088 0.000728467 0.207356 3.1657e-09 0.0680276 0.000733503 0.000215701 0.0341635 0.00250696 
0.00253829 0.0911098 0.00115564 0.104401 0.303241 0.0138267 0.00326001 0.050279 0.00275542 0.00527376 0.0190936 0.0479369 0.130746 0.00345108 0.0111299 0.00580083 0.0103051 0.0127007 1.96238e-08 0.153792 0.00348738 0.000278156 0.0197324 0.00370542 
0.000678707 0.0456956 0.00124443 0.00839641 0.525756 0.0135306 0.00256091 0.00885393 0.000446056 0.0011084 1.50764e-05 0.000106617 0.0548309 0.00135392 0.00399438 0.00281091 0.0257813 0.0799385 1.84657e-12 0.189364 0.0090949 8.69567e-06 0.0239255 0.000504534 
0.00196758 0.185042 0.0026538 1.38591e-06 0.287732 0.082514 0.000399369 0.017891 1.77771e-07 0.00510141 0.00159317 6.38854e-10 0.0818587 0.00141194 0.000708864 0.162135 0.0311117 0.00243584 2.18141e-11 0.0467964 0.0489969 1.45377e-08 0.0386512 0.000997288 
9.57758e-08 0.0243055 1.24477e-07 1.63703e-07 0.676165 4.71651e-07 0.000135304 0.00112825 6.24848e-10 3.69547e-10 2.35522e-10 9.61905e-07 0.00118401 4.62294e-10 5.37682e-08 6.50489e-07 1.18979e-07 0.0119793 1.47928e-09 0.284643 1.14652e-05 1.09942e-09 0.000441585 4.18935e-06 
0.0103366 0.0969158 0.0171971 0.0854237 0.182245 0.116573 0.00602135 0.0603027 0.00530968 0.0220589 0.0278741 0.00199718 0.0699147 0.00189009 0.0195892 0.00265878 0.0399974 0.0240802 0.000908021 0.0711326 0.0561126 1.36903e-06 0.0753866 0.00607234 
0.000301443 0.027971 0.00254886 0.0100946 0.353821 0.0107866 0.0119909 0.00193712 0.265307 0.00781011 0.0253198 6.33214e-06 0.00253423 0.00144109 3.80485e-05 0.0214506 0.000293796 0.00945244 5.50161e-10 0.0632385 0.0190062 3.10521e-05 0.0116401 0.152979 
0.00151368 0.0688359 0.000420534 0.0689902 0.402121 0.0209117 0.00109105 0.00841544 0.00696165 0.0866544 0.000784006 0.00218415 0.148621 0.00254753 0.000426562 0.0108944 0.0270814 0.0155017 0.0176973 0.0582141 0.000264074 2.61572e-06 0.027729 0.0221366 
0.000354517 0.0592763 0.00195205 0.0320544 0.548052 0.00340751 0.000653803 0.0237417 9.85305e-05 0.000238384 9.98704e-06 0.000132444 0.0412303 0.000318195 0.00118071 0.00790576 0.00799324 0.00751968 1.1212e-11 0.191822 0.00510507 2.04026e-07 0.0668289 0.000124043 
0.00366376 0.0338212 0.000648696 0.0127505 0.437458 0.0152338 3.2992e-05 0.00693256 0.000611259 0.0120342 0.0235338 6.47863e-05 0.288766 0.000514542 0.000462815 0.00942543 0.0155276 0.00797398 3.98276e-07 0.0910867 0.00383252 4.21931e-05 0.0323804 0.00320123 
0.000578571 0.223149 0.000225717 0.0116905 0.577739 0.00682331 0.0119079 0.0029702 0.000252326 0.00502712 0.0157746 0.000318986 0.0322752 0.00069705 0.00167072 0.00160922 0.00186844 0.00484461 4.84937e-11 0.0654828 0.000512081 1.95477e-09 0.0319121 0.00267052 
0.00121484 0.236878 0.00114345 0.150592 0.342836 0.00702668 0.0185941 0.0546206 8.99808e-05 0.00348071 0.00359041 0.0248881 0.0270906 0.000253048 0.000383042 0.000561657 0.00217729 0.0194533 3.27985e-07 0.081708 0.000695578 1.51291e-06 0.0152338 0.00748727 
0.0561687 0.00354032 0.00160171 0.00130384 0.639358 0.00626281 0.0294811 0.040606 0.000139577 0.00150301 0.00136778 0.000651573 0.0113006 0.00831382 4.85216e-07 0.0104078 0.00882915 0.0656279 1.34782e-09 0.0566369 0.00342133 1.00172e-09 0.0479297 0.00554758 
0.0118109 0.088384 0.0193392 0.0741331 0.217942 0.0646302 0.0269594 0.058284 0.0180489 0.0127118 0.0260391 0.0127334 0.0337649 0.00210518 0.0029753 0.00785309 0.014181 0.100746 4.22532e-07 0.075495 0.00800986 0.00235429 0.0724604 0.0490388 
0.095469 0.0189942 0.00261524 0.0739972 0.221456 0.168787 0.00568788 0.0242014 0.00489638 1.1006e-05 9.89254e-05 0.00595896 0.0179391 1.19848e-08 0.00524907 0.168208 1.11346e-06 0.00940552 3.20318e-05 0.0140187 0.0367492 8.50382e-06 0.126203 1.12568e-05 
0.0021656 0.0798905 0.00573632 0.055539 0.337088 0.0220042 0.0080713 0.0130758 0.000374339 0.0133153 0.00892173 0.008179 0.144827 0.0245258 0.000540386 0.00708135 0.00767587 0.0571302 2.27565e-06 0.147922 0.00291236 1.5926e-05 0.0494953 0.00351039 
0.000239406 0.0306768 0.000268582 0.00486674 0.462916 0.00159395 0.000130172 0.00327249 0.000101116 0.000182898 3.55259e-05 3.88154e-06 0.0510533 0.000908438 0.00024188 0.0198712 0.00069451 0.0112624 4.50243e-10 0.351838 0.000301946 1.59568e-07 0.0581045 0.00143676 
1.93461e-05 0.130616 1.63172e-05 0.0659256 0.547431 0.00268706 0.000325451 0.00141425 0.00740114 0.0459808 0.00206166 0.00124175 0.0920004 0.00202574 7.96424e-05 0.00447857 0.00106075 0.03714 2.7169e-07 0.0411468 0.000199203 1.06337e-05 0.013023 0.00371384 
0.00138022 0.0011424 2.08806e-08 0.0065349 0.936029 0.000995704 0.000103509 0.0265753 0.000487577 0.00102018 0.000222469 0.00242083 0.0030384 0.00198288 4.6188e-08 2.00347e-08 7.76963e-05 0.0054107 6.74988e-08 0.00509882 0.00111048 6.02496e-05 0.0041806 0.00212763 
0.0254069 0.0673178 0.00096889 0.0157702 0.37599 0.0145604 0.000700471 0.0211915 0.000448048 0.000268461 3.69364e-05 0.0031581 0.0664176 0.0222128 0.000213173 0.0328176 0.015798 0.0215726 1.67219e-06 0.259009 0.00634047 1.8726e-05 0.0482842 0.00149717 
0.000460217 0.0612133 0.00110994 0.058953 0.268594 0.0265642 0.000736166 0.0383891 5.25923e-05 0.157467 0.026866 0.000397429 0.0527838 0.0136474 0.000803321 0.210349 0.003373 0.00283997 6.33816e-08 0.0424298 0.00599555 3.07168e-05 0.0264316 0.000512338 
0.000981878 0.112537 0.00046959 0.014883 0.615782 0.00145695 0.000177617 0.00348557 2.64199e-07 0.00585343 0.00202573 0.00011417 0.0836778 0.00151734 0.000151048 0.000736979 0.000160298 0.0125528 4.88302e-12 0.124971 0.000807778 4.87391e-10 0.0174886 0.000169482 
